demand,Demand_Retailer_0,Demand_Retailer_1,Demand_Retailer_2,Demand_Retailer_3,Demand_Retailer_4,Demand_Retailer_5
995.0,232.0,243.0,233.0,96.0,97.0,94.0
1023.0,241.0,249.0,241.0,99.0,98.0,95.0
1058.0,254.0,251.0,253.0,93.0,102.0,105.0
1031.0,254.0,234.0,233.0,103.0,103.0,104.0
1063.0,253.0,259.0,246.0,106.0,95.0,104.0
1071.0,263.0,254.0,239.0,105.0,103.0,107.0
1091.0,266.0,268.0,234.0,108.0,108.0,107.0
1049.0,259.0,238.0,249.0,99.0,101.0,103.0
1053.0,236.0,233.0,265.0,106.0,103.0,110.0
1084.0,234.0,249.0,269.0,111.0,112.0,109.0
1033.0,234.0,223.0,260.0,102.0,104.0,110.0
1026.0,237.0,228.0,234.0,107.0,112.0,108.0
1007.0,217.0,247.0,220.0,107.0,102.0,114.0
1039.0,237.0,236.0,250.0,102.0,109.0,105.0
999.0,230.0,230.0,226.0,102.0,99.0,112.0
1017.0,230.0,245.0,243.0,100.0,100.0,99.0
997.0,232.0,234.0,227.0,96.0,100.0,108.0
1000.0,233.0,235.0,230.0,101.0,100.0,101.0
999.0,235.0,228.0,232.0,98.0,100.0,106.0
1016.0,236.0,245.0,234.0,102.0,99.0,100.0
985.0,225.0,222.0,240.0,97.0,99.0,102.0
1020.0,236.0,249.0,221.0,107.0,100.0,107.0
980.0,213.0,242.0,243.0,90.0,98.0,94.0
1014.0,228.0,238.0,240.0,105.0,103.0,100.0
1057.0,241.0,259.0,251.0,102.0,104.0,100.0
1030.0,236.0,240.0,244.0,106.0,101.0,103.0
1044.0,239.0,243.0,244.0,105.0,108.0,105.0
1067.0,246.0,235.0,258.0,107.0,114.0,107.0
1083.0,256.0,240.0,256.0,110.0,111.0,110.0
1097.0,268.0,254.0,258.0,109.0,105.0,103.0
1106.0,261.0,259.0,258.0,111.0,107.0,110.0
1096.0,265.0,257.0,246.0,112.0,110.0,106.0
1129.0,268.0,266.0,259.0,115.0,113.0,108.0
1138.0,270.0,278.0,248.0,115.0,116.0,111.0
1130.0,262.0,265.0,265.0,113.0,114.0,111.0
1095.0,259.0,273.0,242.0,107.0,105.0,109.0
1061.0,246.0,254.0,249.0,104.0,104.0,104.0
1069.0,250.0,274.0,225.0,108.0,110.0,102.0
1078.0,258.0,261.0,241.0,106.0,105.0,107.0
1098.0,264.0,273.0,249.0,107.0,103.0,102.0
1047.0,237.0,257.0,242.0,105.0,100.0,106.0
1064.0,267.0,255.0,246.0,94.0,102.0,100.0
1061.0,263.0,226.0,262.0,107.0,98.0,105.0
1039.0,257.0,226.0,249.0,105.0,100.0,102.0
1026.0,245.0,231.0,238.0,106.0,107.0,99.0
1019.0,239.0,227.0,243.0,102.0,106.0,102.0
1032.0,248.0,224.0,251.0,110.0,97.0,102.0
1021.0,247.0,223.0,239.0,99.0,103.0,110.0
1047.0,252.0,228.0,245.0,110.0,105.0,107.0
1075.0,250.0,248.0,256.0,109.0,110.0,102.0
1057.0,245.0,248.0,250.0,106.0,105.0,103.0
1094.0,241.0,268.0,246.0,111.0,117.0,111.0
1114.0,257.0,249.0,260.0,118.0,115.0,115.0
1174.0,274.0,287.0,261.0,119.0,114.0,119.0
1145.0,262.0,268.0,260.0,114.0,118.0,123.0
1200.0,285.0,282.0,272.0,118.0,122.0,121.0
1215.0,284.0,298.0,276.0,122.0,115.0,120.0
1234.0,290.0,295.0,276.0,124.0,125.0,124.0
1180.0,271.0,272.0,276.0,111.0,121.0,129.0
1187.0,271.0,292.0,270.0,114.0,120.0,120.0
1184.0,269.0,294.0,266.0,110.0,116.0,129.0
1173.0,257.0,279.0,287.0,115.0,124.0,111.0
1161.0,278.0,273.0,267.0,119.0,115.0,109.0
1143.0,261.0,258.0,272.0,113.0,115.0,124.0
1146.0,267.0,259.0,279.0,110.0,115.0,116.0
1137.0,264.0,252.0,280.0,112.0,112.0,117.0
1122.0,280.0,240.0,272.0,108.0,113.0,109.0
1112.0,277.0,243.0,273.0,105.0,102.0,112.0
1094.0,268.0,243.0,268.0,103.0,106.0,106.0
1058.0,240.0,241.0,260.0,103.0,105.0,109.0
1076.0,256.0,243.0,260.0,111.0,107.0,99.0
1077.0,257.0,246.0,266.0,100.0,101.0,107.0
1085.0,252.0,263.0,256.0,108.0,101.0,105.0
1098.0,241.0,273.0,261.0,116.0,100.0,107.0
1116.0,264.0,286.0,244.0,111.0,106.0,105.0
1083.0,237.0,259.0,256.0,110.0,110.0,111.0
1115.0,246.0,270.0,260.0,117.0,112.0,110.0
1109.0,266.0,268.0,241.0,112.0,113.0,109.0
1170.0,271.0,268.0,269.0,125.0,123.0,114.0
1173.0,297.0,267.0,266.0,117.0,117.0,109.0
1233.0,292.0,288.0,277.0,128.0,127.0,121.0
1204.0,285.0,284.0,268.0,126.0,123.0,118.0
1216.0,292.0,297.0,262.0,125.0,123.0,117.0
1205.0,283.0,268.0,273.0,125.0,132.0,124.0
1245.0,282.0,295.0,291.0,123.0,131.0,123.0
1224.0,293.0,277.0,276.0,124.0,131.0,123.0
1214.0,287.0,273.0,294.0,115.0,124.0,121.0
1239.0,292.0,294.0,287.0,120.0,123.0,123.0
1216.0,272.0,288.0,287.0,124.0,124.0,121.0
1269.0,296.0,305.0,297.0,121.0,123.0,127.0
1201.0,274.0,270.0,298.0,120.0,121.0,118.0
1230.0,287.0,291.0,282.0,121.0,121.0,128.0
1197.0,273.0,273.0,289.0,114.0,127.0,121.0
1157.0,269.0,271.0,264.0,112.0,123.0,118.0
1183.0,280.0,258.0,291.0,115.0,121.0,118.0
1156.0,279.0,272.0,269.0,113.0,112.0,111.0
1155.0,272.0,264.0,280.0,112.0,113.0,114.0
1125.0,255.0,269.0,267.0,103.0,111.0,120.0
1097.0,245.0,259.0,257.0,108.0,115.0,113.0
1092.0,245.0,249.0,275.0,113.0,103.0,107.0
1097.0,260.0,247.0,253.0,112.0,112.0,113.0
1147.0,271.0,252.0,269.0,119.0,115.0,121.0
1161.0,267.0,255.0,287.0,117.0,116.0,119.0
1155.0,264.0,275.0,256.0,123.0,114.0,123.0
1191.0,292.0,268.0,276.0,125.0,113.0,117.0
1210.0,278.0,276.0,293.0,127.0,119.0,117.0
1272.0,293.0,291.0,304.0,131.0,127.0,126.0
1267.0,311.0,296.0,278.0,136.0,119.0,127.0
1284.0,290.0,307.0,296.0,133.0,125.0,133.0
1292.0,307.0,311.0,298.0,130.0,121.0,125.0
1329.0,303.0,319.0,303.0,138.0,135.0,131.0
1288.0,303.0,303.0,299.0,131.0,126.0,126.0
1332.0,300.0,315.0,321.0,137.0,133.0,126.0
1298.0,295.0,295.0,323.0,134.0,122.0,129.0
1280.0,295.0,298.0,302.0,131.0,128.0,126.0
1275.0,280.0,299.0,310.0,128.0,134.0,124.0
1283.0,300.0,286.0,309.0,132.0,132.0,124.0
1245.0,294.0,286.0,306.0,119.0,121.0,119.0
1233.0,294.0,287.0,285.0,119.0,131.0,117.0
1218.0,297.0,283.0,278.0,123.0,122.0,115.0
1166.0,293.0,248.0,276.0,112.0,121.0,116.0
1200.0,293.0,262.0,292.0,112.0,124.0,117.0
1152.0,280.0,265.0,270.0,111.0,113.0,113.0
1168.0,266.0,282.0,265.0,116.0,122.0,117.0
1150.0,269.0,268.0,256.0,111.0,121.0,125.0
1180.0,261.0,291.0,271.0,112.0,123.0,122.0
1179.0,255.0,286.0,271.0,120.0,118.0,129.0
1180.0,277.0,283.0,267.0,114.0,122.0,117.0
1205.0,273.0,286.0,282.0,124.0,118.0,122.0
1232.0,277.0,293.0,278.0,128.0,125.0,131.0
1237.0,283.0,286.0,283.0,127.0,129.0,129.0
1272.0,301.0,299.0,289.0,127.0,131.0,125.0
1315.0,313.0,319.0,287.0,132.0,131.0,133.0
1343.0,326.0,310.0,300.0,140.0,131.0,136.0
1346.0,318.0,319.0,301.0,144.0,132.0,132.0
1361.0,330.0,304.0,322.0,133.0,133.0,139.0
1380.0,331.0,301.0,334.0,137.0,135.0,142.0
1359.0,322.0,301.0,337.0,133.0,127.0,139.0
1316.0,283.0,294.0,330.0,136.0,138.0,135.0
1367.0,314.0,320.0,332.0,136.0,126.0,139.0
1324.0,302.0,299.0,315.0,137.0,137.0,134.0
1330.0,303.0,311.0,322.0,135.0,132.0,127.0
1314.0,302.0,304.0,320.0,132.0,132.0,124.0
1270.0,303.0,296.0,285.0,132.0,127.0,127.0
1290.0,303.0,309.0,292.0,131.0,128.0,127.0
1268.0,297.0,305.0,292.0,123.0,123.0,128.0
1258.0,281.0,301.0,310.0,122.0,121.0,123.0
1237.0,296.0,297.0,286.0,114.0,120.0,124.0
1224.0,287.0,299.0,261.0,126.0,130.0,121.0
1231.0,298.0,298.0,271.0,117.0,128.0,119.0
1246.0,282.0,307.0,289.0,120.0,124.0,124.0
1220.0,282.0,286.0,285.0,121.0,125.0,121.0
1203.0,272.0,283.0,286.0,118.0,130.0,114.0
1239.0,282.0,281.0,295.0,124.0,128.0,129.0
1254.0,288.0,288.0,301.0,126.0,128.0,123.0
1259.0,284.0,297.0,289.0,127.0,133.0,129.0
1320.0,309.0,314.0,304.0,124.0,141.0,128.0
1309.0,314.0,292.0,301.0,134.0,138.0,130.0
1335.0,313.0,290.0,320.0,137.0,144.0,131.0
1333.0,307.0,309.0,305.0,143.0,138.0,131.0
1414.0,336.0,318.0,338.0,137.0,144.0,141.0
1390.0,326.0,317.0,335.0,138.0,141.0,133.0
1464.0,329.0,355.0,351.0,147.0,144.0,138.0
1423.0,324.0,308.0,363.0,149.0,139.0,140.0
1439.0,337.0,325.0,337.0,152.0,148.0,140.0
1379.0,315.0,328.0,321.0,147.0,132.0,136.0
1400.0,315.0,336.0,330.0,144.0,137.0,138.0
1357.0,296.0,331.0,329.0,136.0,128.0,137.0
1382.0,327.0,322.0,322.0,140.0,131.0,140.0
1347.0,317.0,317.0,308.0,135.0,133.0,137.0
1308.0,323.0,305.0,284.0,134.0,127.0,135.0
1306.0,314.0,287.0,307.0,131.0,128.0,139.0
1290.0,320.0,296.0,287.0,132.0,120.0,135.0
1259.0,312.0,282.0,277.0,125.0,128.0,135.0
1273.0,314.0,273.0,296.0,130.0,128.0,132.0
1259.0,297.0,279.0,297.0,124.0,129.0,133.0
1236.0,285.0,289.0,287.0,121.0,123.0,131.0
1269.0,300.0,291.0,286.0,128.0,129.0,135.0
1261.0,278.0,301.0,290.0,124.0,130.0,138.0
1291.0,292.0,304.0,308.0,131.0,127.0,129.0
1323.0,301.0,328.0,299.0,131.0,132.0,132.0
1341.0,300.0,322.0,307.0,130.0,141.0,141.0
1403.0,328.0,332.0,320.0,142.0,143.0,138.0
1415.0,326.0,345.0,334.0,132.0,139.0,139.0
1435.0,330.0,346.0,348.0,138.0,136.0,137.0
1412.0,341.0,328.0,330.0,131.0,144.0,138.0
1439.0,335.0,340.0,331.0,139.0,149.0,145.0
1450.0,353.0,331.0,339.0,144.0,143.0,140.0
1464.0,343.0,338.0,347.0,139.0,157.0,140.0
1486.0,332.0,349.0,351.0,151.0,160.0,143.0
1427.0,314.0,333.0,342.0,154.0,151.0,133.0
1413.0,320.0,329.0,327.0,150.0,145.0,142.0
1411.0,337.0,315.0,322.0,147.0,146.0,144.0
1398.0,323.0,325.0,319.0,154.0,138.0,139.0
1374.0,319.0,317.0,319.0,142.0,141.0,136.0
1410.0,338.0,324.0,320.0,148.0,139.0,141.0
1369.0,314.0,325.0,325.0,139.0,134.0,132.0
1349.0,320.0,324.0,306.0,145.0,128.0,126.0
1355.0,320.0,328.0,310.0,135.0,132.0,130.0
1358.0,326.0,316.0,314.0,139.0,130.0,133.0
1332.0,309.0,329.0,292.0,135.0,134.0,133.0
1295.0,305.0,302.0,299.0,128.0,128.0,133.0
1315.0,290.0,326.0,310.0,126.0,131.0,132.0
1307.0,309.0,306.0,309.0,129.0,122.0,132.0
1297.0,311.0,303.0,289.0,135.0,131.0,128.0
1343.0,306.0,321.0,311.0,130.0,136.0,139.0
1365.0,316.0,320.0,326.0,134.0,134.0,135.0
1384.0,310.0,332.0,333.0,132.0,136.0,141.0
1387.0,325.0,317.0,329.0,135.0,135.0,146.0
1450.0,352.0,317.0,353.0,140.0,142.0,146.0
1474.0,351.0,335.0,348.0,147.0,145.0,148.0
1511.0,377.0,342.0,367.0,140.0,142.0,143.0
1474.0,348.0,331.0,348.0,145.0,146.0,156.0
1491.0,359.0,342.0,338.0,149.0,148.0,155.0
1466.0,348.0,333.0,345.0,140.0,149.0,151.0
1515.0,354.0,350.0,353.0,154.0,150.0,154.0
1488.0,345.0,352.0,336.0,152.0,151.0,152.0
1481.0,336.0,332.0,370.0,144.0,151.0,148.0
1459.0,329.0,357.0,321.0,152.0,149.0,151.0
1490.0,363.0,350.0,337.0,145.0,151.0,144.0
1465.0,335.0,340.0,349.0,149.0,142.0,150.0
1461.0,319.0,363.0,333.0,153.0,144.0,149.0
1416.0,331.0,343.0,318.0,145.0,147.0,132.0
1404.0,343.0,329.0,303.0,145.0,142.0,142.0
1393.0,333.0,324.0,322.0,144.0,139.0,131.0
1420.0,345.0,324.0,334.0,138.0,143.0,136.0
1386.0,338.0,326.0,311.0,135.0,143.0,133.0
1366.0,320.0,314.0,327.0,132.0,140.0,133.0
1379.0,315.0,318.0,339.0,139.0,136.0,132.0
1368.0,311.0,308.0,340.0,138.0,133.0,138.0
1392.0,314.0,318.0,345.0,137.0,141.0,137.0
1388.0,305.0,329.0,336.0,134.0,143.0,141.0
1438.0,337.0,329.0,347.0,141.0,143.0,141.0
1451.0,348.0,341.0,338.0,139.0,144.0,141.0
1460.0,331.0,341.0,354.0,143.0,151.0,140.0
1485.0,340.0,362.0,351.0,142.0,143.0,147.0
1477.0,341.0,351.0,341.0,151.0,146.0,147.0
1501.0,353.0,353.0,356.0,146.0,147.0,146.0
1470.0,338.0,354.0,336.0,145.0,149.0,148.0
1528.0,357.0,372.0,356.0,151.0,145.0,147.0
1536.0,374.0,366.0,348.0,147.0,143.0,158.0
1556.0,357.0,375.0,354.0,153.0,158.0,159.0
1530.0,364.0,360.0,347.0,149.0,151.0,159.0
1509.0,348.0,346.0,360.0,154.0,147.0,154.0
1504.0,360.0,350.0,345.0,151.0,148.0,150.0
1501.0,352.0,343.0,349.0,151.0,155.0,151.0
1475.0,345.0,338.0,341.0,152.0,150.0,149.0
1522.0,371.0,348.0,347.0,158.0,147.0,151.0
1473.0,345.0,339.0,349.0,144.0,149.0,147.0
1443.0,337.0,329.0,339.0,146.0,137.0,155.0
1466.0,351.0,334.0,334.0,144.0,147.0,156.0
1443.0,344.0,322.0,335.0,151.0,141.0,150.0
1441.0,349.0,321.0,342.0,143.0,144.0,142.0
1434.0,329.0,344.0,327.0,144.0,142.0,148.0
1474.0,338.0,350.0,341.0,150.0,146.0,149.0
1460.0,338.0,347.0,344.0,143.0,143.0,145.0
1455.0,323.0,337.0,345.0,151.0,153.0,146.0
1498.0,335.0,350.0,363.0,146.0,147.0,157.0
1498.0,333.0,355.0,354.0,150.0,158.0,148.0
1527.0,367.0,354.0,350.0,152.0,155.0,149.0
1497.0,347.0,344.0,354.0,151.0,147.0,154.0
1524.0,357.0,360.0,355.0,151.0,152.0,149.0
1525.0,359.0,355.0,344.0,142.0,164.0,161.0
1574.0,373.0,350.0,381.0,154.0,159.0,157.0
1559.0,378.0,345.0,371.0,154.0,156.0,155.0
1590.0,388.0,355.0,367.0,160.0,162.0,158.0
1563.0,372.0,359.0,360.0,160.0,157.0,155.0
1546.0,369.0,367.0,353.0,148.0,152.0,157.0
1573.0,356.0,376.0,366.0,154.0,158.0,163.0
1548.0,356.0,355.0,357.0,158.0,166.0,156.0
1602.0,389.0,379.0,362.0,165.0,154.0,153.0
1584.0,370.0,378.0,374.0,153.0,152.0,157.0
1526.0,353.0,363.0,359.0,156.0,146.0,149.0
1519.0,349.0,361.0,360.0,150.0,149.0,150.0
1575.0,355.0,385.0,372.0,156.0,152.0,155.0
1521.0,361.0,360.0,353.0,153.0,147.0,147.0
1525.0,360.0,364.0,358.0,153.0,145.0,145.0
1512.0,351.0,352.0,354.0,151.0,150.0,154.0
1508.0,341.0,347.0,371.0,154.0,144.0,151.0
1483.0,361.0,332.0,340.0,149.0,151.0,150.0
1492.0,347.0,340.0,353.0,157.0,146.0,149.0
1481.0,339.0,332.0,355.0,157.0,147.0,151.0
1477.0,340.0,334.0,341.0,158.0,149.0,155.0
1508.0,340.0,349.0,360.0,155.0,151.0,153.0
1491.0,323.0,343.0,371.0,152.0,151.0,151.0
1564.0,359.0,373.0,371.0,150.0,150.0,161.0
1550.0,355.0,356.0,371.0,155.0,152.0,161.0
1587.0,366.0,374.0,366.0,152.0,170.0,159.0
1592.0,376.0,377.0,354.0,154.0,164.0,167.0
1655.0,398.0,372.0,378.0,170.0,171.0,166.0
1600.0,380.0,367.0,361.0,160.0,165.0,167.0
1632.0,380.0,379.0,377.0,160.0,168.0,168.0
1689.0,397.0,396.0,389.0,161.0,178.0,168.0
1664.0,391.0,405.0,374.0,158.0,170.0,166.0
1656.0,374.0,391.0,377.0,166.0,173.0,175.0
1633.0,380.0,391.0,368.0,162.0,167.0,165.0
1625.0,369.0,386.0,372.0,156.0,169.0,173.0
1640.0,374.0,403.0,370.0,162.0,168.0,163.0
1608.0,361.0,370.0,385.0,164.0,164.0,164.0
1608.0,382.0,365.0,388.0,162.0,154.0,157.0
1564.0,384.0,360.0,349.0,156.0,161.0,154.0
1589.0,381.0,360.0,379.0,159.0,153.0,157.0
1522.0,376.0,332.0,356.0,159.0,149.0,150.0
1515.0,332.0,349.0,377.0,158.0,152.0,147.0
1545.0,366.0,345.0,367.0,155.0,158.0,154.0
1539.0,361.0,354.0,371.0,160.0,147.0,146.0
1515.0,355.0,348.0,367.0,154.0,141.0,150.0
1566.0,352.0,372.0,369.0,162.0,155.0,156.0
1537.0,352.0,374.0,360.0,155.0,150.0,146.0
1573.0,360.0,377.0,371.0,162.0,150.0,153.0
1582.0,359.0,385.0,370.0,170.0,147.0,151.0
1601.0,368.0,377.0,375.0,162.0,157.0,162.0
1648.0,389.0,379.0,386.0,170.0,166.0,158.0
1613.0,378.0,385.0,364.0,159.0,168.0,159.0
1698.0,407.0,401.0,384.0,169.0,173.0,164.0
1669.0,399.0,399.0,374.0,166.0,165.0,166.0
1685.0,397.0,402.0,380.0,169.0,166.0,171.0
1706.0,400.0,394.0,391.0,171.0,176.0,174.0
1715.0,393.0,395.0,405.0,175.0,172.0,175.0
1702.0,404.0,399.0,388.0,168.0,170.0,173.0
1700.0,395.0,382.0,395.0,168.0,182.0,178.0
1677.0,385.0,386.0,391.0,170.0,174.0,171.0
1654.0,377.0,392.0,386.0,161.0,168.0,170.0
1687.0,386.0,400.0,398.0,163.0,176.0,164.0
1696.0,394.0,393.0,402.0,162.0,169.0,176.0
1681.0,386.0,388.0,413.0,158.0,172.0,164.0
1649.0,390.0,382.0,383.0,163.0,167.0,164.0
1637.0,382.0,385.0,380.0,154.0,165.0,171.0
1610.0,386.0,360.0,376.0,163.0,163.0,162.0
1652.0,378.0,388.0,389.0,161.0,167.0,169.0
1611.0,380.0,384.0,365.0,160.0,162.0,160.0
1562.0,357.0,367.0,363.0,157.0,158.0,160.0
1606.0,374.0,378.0,367.0,162.0,166.0,159.0
1612.0,366.0,376.0,373.0,165.0,166.0,166.0
1579.0,366.0,361.0,370.0,165.0,154.0,163.0
1595.0,366.0,386.0,369.0,162.0,155.0,157.0
1621.0,378.0,378.0,369.0,169.0,163.0,164.0
1623.0,371.0,367.0,383.0,175.0,160.0,167.0
1693.0,400.0,400.0,384.0,177.0,161.0,171.0
1653.0,384.0,386.0,380.0,172.0,162.0,169.0
1714.0,398.0,386.0,408.0,175.0,174.0,173.0
1759.0,417.0,407.0,415.0,175.0,176.0,169.0
1756.0,428.0,412.0,403.0,174.0,171.0,168.0
1728.0,415.0,410.0,398.0,170.0,170.0,165.0
1771.0,415.0,393.0,430.0,179.0,176.0,178.0
1754.0,393.0,414.0,425.0,182.0,172.0,168.0
1759.0,402.0,417.0,417.0,178.0,174.0,171.0
1741.0,401.0,417.0,411.0,172.0,168.0,172.0
1783.0,414.0,422.0,429.0,173.0,170.0,175.0
1742.0,404.0,416.0,407.0,169.0,172.0,174.0
1720.0,385.0,406.0,423.0,156.0,173.0,177.0
1716.0,416.0,387.0,402.0,164.0,176.0,171.0
1684.0,392.0,397.0,395.0,168.0,169.0,163.0
1667.0,388.0,383.0,395.0,169.0,168.0,164.0
1682.0,411.0,384.0,394.0,158.0,174.0,161.0
1638.0,392.0,386.0,360.0,165.0,169.0,166.0
1644.0,385.0,381.0,383.0,163.0,168.0,164.0
1621.0,386.0,375.0,374.0,163.0,164.0,159.0
1624.0,388.0,366.0,367.0,160.0,173.0,170.0
1604.0,384.0,368.0,370.0,157.0,163.0,162.0
1604.0,368.0,374.0,363.0,161.0,169.0,169.0
1672.0,399.0,385.0,379.0,169.0,169.0,171.0
1690.0,395.0,412.0,377.0,170.0,164.0,172.0
1722.0,391.0,403.0,401.0,178.0,173.0,176.0
1741.0,399.0,413.0,397.0,181.0,173.0,178.0
1780.0,405.0,419.0,416.0,178.0,178.0,184.0
1784.0,419.0,424.0,405.0,182.0,175.0,179.0
1809.0,420.0,435.0,408.0,183.0,180.0,183.0
1836.0,420.0,422.0,443.0,188.0,180.0,183.0
1813.0,432.0,429.0,417.0,179.0,175.0,181.0
1855.0,433.0,456.0,420.0,181.0,182.0,183.0
1783.0,418.0,398.0,417.0,188.0,175.0,187.0
1821.0,426.0,417.0,432.0,183.0,180.0,183.0
1819.0,428.0,415.0,440.0,176.0,180.0,180.0
1744.0,398.0,408.0,411.0,169.0,178.0,180.0
1763.0,400.0,406.0,434.0,173.0,177.0,173.0
1771.0,417.0,399.0,433.0,175.0,178.0,169.0
1803.0,414.0,430.0,446.0,172.0,170.0,171.0
1735.0,409.0,396.0,419.0,173.0,174.0,164.0
1721.0,418.0,402.0,406.0,164.0,166.0,165.0
1701.0,398.0,399.0,399.0,165.0,166.0,174.0
1718.0,392.0,407.0,410.0,168.0,171.0,170.0
1677.0,393.0,407.0,384.0,164.0,168.0,161.0
1682.0,396.0,404.0,386.0,163.0,171.0,162.0
1702.0,386.0,417.0,394.0,171.0,174.0,160.0
1674.0,389.0,406.0,370.0,167.0,173.0,169.0
1672.0,379.0,411.0,381.0,162.0,166.0,173.0
1682.0,387.0,392.0,394.0,176.0,169.0,164.0
1725.0,391.0,417.0,397.0,176.0,172.0,172.0
1769.0,409.0,412.0,414.0,177.0,180.0,177.0
1814.0,424.0,417.0,433.0,177.0,185.0,178.0
1812.0,420.0,414.0,429.0,181.0,190.0,178.0
1831.0,433.0,416.0,432.0,185.0,185.0,180.0
1840.0,434.0,400.0,442.0,193.0,185.0,186.0
1868.0,445.0,419.0,432.0,193.0,192.0,187.0
1869.0,439.0,423.0,444.0,195.0,192.0,176.0
1863.0,453.0,425.0,429.0,190.0,185.0,181.0
1894.0,426.0,441.0,456.0,190.0,191.0,190.0
1863.0,432.0,433.0,433.0,189.0,188.0,188.0
1866.0,428.0,442.0,444.0,183.0,181.0,188.0
1856.0,419.0,433.0,436.0,189.0,187.0,192.0
1855.0,426.0,441.0,443.0,177.0,183.0,185.0
1795.0,407.0,434.0,413.0,175.0,177.0,189.0
1815.0,439.0,426.0,414.0,175.0,178.0,183.0
1770.0,408.0,413.0,419.0,168.0,173.0,189.0
1814.0,432.0,433.0,416.0,171.0,183.0,179.0
1769.0,415.0,414.0,399.0,181.0,174.0,186.0
1740.0,429.0,397.0,407.0,165.0,162.0,180.0
1759.0,410.0,415.0,410.0,172.0,176.0,176.0
1727.0,414.0,396.0,396.0,178.0,169.0,174.0
1746.0,407.0,392.0,411.0,172.0,172.0,192.0
1708.0,408.0,396.0,387.0,171.0,171.0,175.0
1727.0,401.0,391.0,405.0,176.0,174.0,180.0
1747.0,377.0,400.0,432.0,177.0,182.0,179.0
1761.0,404.0,398.0,420.0,177.0,177.0,185.0
1774.0,418.0,402.0,414.0,184.0,175.0,181.0
1846.0,423.0,428.0,441.0,185.0,183.0,186.0
1861.0,440.0,431.0,441.0,184.0,183.0,182.0
1928.0,454.0,455.0,455.0,187.0,192.0,185.0
1928.0,449.0,466.0,447.0,194.0,190.0,182.0
1904.0,438.0,454.0,451.0,187.0,189.0,185.0
1945.0,464.0,458.0,445.0,197.0,194.0,187.0
1934.0,459.0,443.0,457.0,197.0,185.0,193.0
1927.0,441.0,447.0,450.0,197.0,205.0,187.0
1931.0,459.0,449.0,454.0,186.0,195.0,188.0
1919.0,437.0,456.0,439.0,198.0,193.0,196.0
1892.0,424.0,445.0,450.0,199.0,193.0,181.0
1882.0,432.0,433.0,440.0,193.0,195.0,189.0
1853.0,442.0,427.0,427.0,190.0,188.0,179.0
1832.0,425.0,417.0,432.0,184.0,193.0,181.0
1842.0,453.0,410.0,420.0,185.0,188.0,186.0
1815.0,426.0,411.0,425.0,175.0,189.0,189.0
1802.0,440.0,416.0,408.0,180.0,181.0,177.0
1815.0,434.0,420.0,409.0,184.0,189.0,179.0
1780.0,423.0,417.0,409.0,176.0,178.0,177.0
1792.0,433.0,427.0,410.0,176.0,175.0,171.0
1796.0,402.0,440.0,420.0,170.0,177.0,187.0
1826.0,429.0,432.0,429.0,176.0,176.0,184.0
1794.0,414.0,429.0,418.0,168.0,177.0,188.0
1849.0,414.0,436.0,455.0,177.0,182.0,185.0
1830.0,427.0,417.0,434.0,184.0,182.0,186.0
1861.0,441.0,446.0,428.0,180.0,178.0,188.0
1894.0,448.0,445.0,438.0,187.0,183.0,193.0
1931.0,466.0,445.0,442.0,197.0,190.0,191.0
1920.0,464.0,435.0,457.0,193.0,184.0,187.0
1955.0,473.0,439.0,453.0,204.0,190.0,196.0
1941.0,460.0,436.0,458.0,197.0,195.0,195.0
1963.0,464.0,448.0,466.0,195.0,196.0,194.0
2012.0,469.0,478.0,468.0,198.0,201.0,198.0
1946.0,454.0,452.0,449.0,198.0,197.0,196.0
1986.0,458.0,473.0,450.0,203.0,196.0,206.0
1945.0,452.0,446.0,462.0,199.0,192.0,194.0
1948.0,454.0,457.0,445.0,199.0,194.0,199.0
1944.0,448.0,468.0,431.0,199.0,202.0,196.0
1946.0,442.0,465.0,453.0,199.0,193.0,194.0
1889.0,437.0,436.0,434.0,195.0,194.0,193.0
1908.0,440.0,449.0,437.0,199.0,197.0,186.0
1887.0,452.0,452.0,420.0,187.0,190.0,186.0
1894.0,442.0,456.0,425.0,191.0,191.0,189.0
1860.0,448.0,432.0,431.0,178.0,189.0,182.0
1853.0,429.0,430.0,432.0,186.0,189.0,187.0
1814.0,412.0,415.0,441.0,182.0,183.0,181.0
1832.0,418.0,426.0,444.0,181.0,183.0,180.0
1840.0,439.0,422.0,425.0,180.0,189.0,185.0
1847.0,434.0,441.0,432.0,183.0,185.0,172.0
1884.0,436.0,445.0,449.0,187.0,184.0,183.0
1876.0,428.0,436.0,449.0,184.0,195.0,184.0
1935.0,444.0,453.0,468.0,195.0,191.0,184.0
1947.0,449.0,452.0,476.0,189.0,194.0,187.0
1928.0,456.0,451.0,451.0,192.0,188.0,190.0
1958.0,445.0,467.0,464.0,192.0,196.0,194.0
1988.0,465.0,473.0,454.0,199.0,200.0,197.0
2025.0,478.0,477.0,469.0,205.0,194.0,202.0
2029.0,488.0,470.0,474.0,204.0,193.0,200.0
2029.0,473.0,476.0,481.0,204.0,196.0,199.0
2044.0,479.0,480.0,469.0,205.0,203.0,208.0
2028.0,461.0,491.0,464.0,204.0,200.0,208.0
1984.0,458.0,469.0,456.0,203.0,194.0,204.0
1951.0,424.0,470.0,459.0,204.0,193.0,201.0
1980.0,459.0,474.0,454.0,200.0,194.0,199.0
1967.0,461.0,453.0,458.0,199.0,192.0,204.0
2011.0,477.0,464.0,467.0,201.0,193.0,209.0
1930.0,455.0,438.0,446.0,197.0,191.0,203.0
1913.0,460.0,440.0,433.0,191.0,192.0,197.0
1927.0,452.0,438.0,455.0,196.0,190.0,196.0
1939.0,445.0,452.0,458.0,194.0,193.0,197.0
1886.0,442.0,436.0,440.0,189.0,190.0,189.0
1892.0,442.0,427.0,448.0,192.0,191.0,192.0
1922.0,454.0,431.0,461.0,188.0,197.0,191.0
1929.0,439.0,465.0,450.0,186.0,194.0,195.0
1927.0,431.0,457.0,460.0,190.0,197.0,192.0
1963.0,446.0,456.0,471.0,196.0,196.0,198.0
1969.0,447.0,469.0,468.0,195.0,194.0,196.0
1946.0,447.0,460.0,458.0,197.0,190.0,194.0
2032.0,475.0,476.0,486.0,192.0,201.0,202.0
2001.0,457.0,470.0,470.0,199.0,204.0,201.0
2038.0,479.0,479.0,476.0,194.0,208.0,202.0
2019.0,491.0,466.0,468.0,194.0,207.0,193.0
2060.0,475.0,481.0,486.0,209.0,205.0,204.0
2099.0,494.0,490.0,495.0,203.0,207.0,210.0
2084.0,499.0,477.0,480.0,210.0,211.0,207.0
2089.0,488.0,483.0,496.0,207.0,211.0,204.0
2014.0,463.0,468.0,473.0,206.0,200.0,204.0
2031.0,470.0,474.0,475.0,207.0,197.0,208.0
2043.0,484.0,476.0,462.0,214.0,204.0,203.0
2033.0,469.0,477.0,483.0,201.0,205.0,198.0
2028.0,471.0,474.0,467.0,207.0,206.0,203.0
2022.0,474.0,467.0,489.0,201.0,197.0,194.0
1994.0,476.0,459.0,465.0,198.0,197.0,199.0
1997.0,461.0,466.0,479.0,210.0,186.0,195.0
1995.0,466.0,457.0,475.0,199.0,204.0,194.0
1990.0,468.0,475.0,457.0,200.0,193.0,197.0
1952.0,457.0,448.0,462.0,194.0,191.0,200.0
1956.0,453.0,461.0,468.0,191.0,192.0,191.0
1989.0,465.0,458.0,474.0,199.0,199.0,194.0
1957.0,442.0,456.0,473.0,193.0,194.0,199.0
1977.0,466.0,456.0,461.0,195.0,192.0,207.0
2002.0,473.0,466.0,458.0,201.0,202.0,202.0
1979.0,446.0,465.0,472.0,196.0,195.0,205.0
1992.0,464.0,449.0,461.0,198.0,209.0,211.0
2006.0,477.0,474.0,453.0,198.0,200.0,204.0
2038.0,480.0,465.0,470.0,204.0,215.0,204.0
2077.0,486.0,476.0,483.0,203.0,217.0,212.0
2104.0,497.0,491.0,480.0,207.0,217.0,212.0
2086.0,505.0,487.0,473.0,201.0,212.0,208.0
2100.0,497.0,488.0,485.0,207.0,215.0,208.0
2133.0,516.0,494.0,489.0,207.0,212.0,215.0
2139.0,496.0,498.0,501.0,210.0,216.0,218.0
2122.0,488.0,516.0,485.0,206.0,218.0,209.0
2125.0,497.0,489.0,499.0,213.0,213.0,214.0
2130.0,488.0,509.0,496.0,209.0,214.0,214.0
2102.0,486.0,486.0,487.0,223.0,213.0,207.0
2077.0,480.0,488.0,483.0,211.0,208.0,207.0
2083.0,497.0,488.0,486.0,209.0,194.0,209.0
2072.0,490.0,471.0,485.0,212.0,211.0,203.0
2056.0,484.0,474.0,485.0,210.0,204.0,199.0
2003.0,467.0,463.0,468.0,207.0,198.0,200.0
2022.0,485.0,456.0,474.0,206.0,201.0,200.0
2017.0,464.0,474.0,468.0,211.0,200.0,200.0
1984.0,455.0,458.0,475.0,201.0,200.0,195.0
1997.0,461.0,472.0,468.0,198.0,200.0,198.0
1976.0,465.0,444.0,468.0,203.0,203.0,193.0
2051.0,477.0,481.0,479.0,207.0,200.0,207.0
2020.0,470.0,476.0,476.0,202.0,198.0,198.0
2021.0,480.0,482.0,463.0,205.0,198.0,193.0
2054.0,470.0,501.0,480.0,204.0,196.0,203.0
2093.0,490.0,506.0,486.0,202.0,206.0,203.0
2122.0,496.0,510.0,492.0,208.0,207.0,209.0
2131.0,510.0,511.0,484.0,212.0,206.0,208.0
2146.0,510.0,505.0,493.0,212.0,216.0,210.0
2180.0,522.0,508.0,507.0,208.0,220.0,215.0
2162.0,509.0,506.0,493.0,214.0,220.0,220.0
2159.0,514.0,498.0,496.0,214.0,220.0,217.0
2167.0,509.0,513.0,496.0,213.0,221.0,215.0
2157.0,489.0,508.0,511.0,210.0,219.0,220.0
2175.0,500.0,502.0,518.0,218.0,222.0,215.0
2143.0,493.0,492.0,515.0,212.0,217.0,214.0
2120.0,477.0,485.0,509.0,217.0,219.0,213.0
2124.0,502.0,486.0,492.0,207.0,218.0,219.0
2143.0,494.0,489.0,516.0,217.0,213.0,214.0
2122.0,486.0,490.0,509.0,215.0,212.0,210.0
2105.0,490.0,491.0,492.0,209.0,208.0,215.0
2086.0,494.0,472.0,485.0,211.0,211.0,213.0
2098.0,504.0,487.0,485.0,206.0,208.0,208.0
2091.0,487.0,491.0,479.0,213.0,208.0,213.0
2088.0,487.0,491.0,482.0,211.0,206.0,211.0
2079.0,489.0,478.0,478.0,212.0,212.0,210.0
2081.0,480.0,491.0,479.0,215.0,210.0,206.0
2073.0,484.0,486.0,479.0,206.0,205.0,213.0
2075.0,474.0,496.0,472.0,214.0,208.0,211.0
2088.0,491.0,495.0,473.0,208.0,213.0,208.0
2104.0,490.0,498.0,484.0,205.0,215.0,212.0
2138.0,509.0,507.0,492.0,210.0,208.0,212.0
2137.0,501.0,503.0,493.0,211.0,210.0,219.0
2128.0,507.0,503.0,478.0,217.0,208.0,215.0
2217.0,534.0,513.0,507.0,225.0,221.0,217.0
2196.0,524.0,501.0,515.0,219.0,220.0,217.0
2218.0,521.0,507.0,528.0,223.0,215.0,224.0
2222.0,522.0,515.0,526.0,222.0,219.0,218.0
2215.0,513.0,517.0,530.0,221.0,214.0,220.0
2245.0,525.0,535.0,524.0,221.0,225.0,215.0
2210.0,498.0,522.0,526.0,225.0,221.0,218.0
2193.0,508.0,514.0,521.0,214.0,217.0,219.0
2216.0,512.0,510.0,532.0,219.0,223.0,220.0
2215.0,505.0,543.0,527.0,213.0,209.0,218.0
2181.0,497.0,512.0,540.0,211.0,216.0,205.0
2164.0,499.0,518.0,503.0,218.0,216.0,210.0
2180.0,510.0,509.0,532.0,211.0,209.0,209.0
2132.0,492.0,510.0,489.0,216.0,215.0,210.0
2136.0,509.0,492.0,495.0,214.0,215.0,211.0
2081.0,487.0,468.0,487.0,217.0,210.0,212.0
2100.0,491.0,475.0,495.0,220.0,215.0,204.0
2110.0,489.0,480.0,491.0,220.0,218.0,212.0
2084.0,477.0,480.0,483.0,218.0,214.0,212.0
2125.0,496.0,496.0,481.0,220.0,218.0,214.0
2123.0,492.0,490.0,486.0,222.0,214.0,219.0
2161.0,488.0,517.0,502.0,222.0,217.0,215.0
2117.0,491.0,502.0,476.0,217.0,213.0,218.0
2162.0,497.0,516.0,492.0,221.0,221.0,215.0
2240.0,523.0,509.0,516.0,231.0,228.0,233.0
2250.0,517.0,536.0,531.0,219.0,223.0,224.0
2255.0,522.0,520.0,531.0,225.0,227.0,230.0
2284.0,535.0,538.0,531.0,224.0,228.0,228.0
2309.0,557.0,537.0,540.0,222.0,227.0,226.0
2291.0,539.0,530.0,542.0,225.0,222.0,233.0
2285.0,536.0,528.0,542.0,223.0,229.0,227.0
2272.0,530.0,540.0,532.0,220.0,224.0,226.0
2270.0,532.0,526.0,533.0,226.0,226.0,227.0
2237.0,507.0,529.0,528.0,224.0,224.0,225.0
2235.0,513.0,514.0,534.0,226.0,227.0,221.0
2220.0,520.0,516.0,521.0,222.0,216.0,225.0
2192.0,518.0,503.0,523.0,216.0,214.0,218.0
2181.0,515.0,511.0,507.0,216.0,212.0,220.0
2158.0,515.0,502.0,504.0,209.0,212.0,216.0
2158.0,516.0,493.0,508.0,213.0,208.0,220.0
2167.0,508.0,507.0,493.0,215.0,220.0,224.0
2143.0,488.0,513.0,499.0,216.0,216.0,211.0
2136.0,496.0,502.0,498.0,211.0,214.0,215.0
2171.0,508.0,511.0,503.0,224.0,216.0,209.0
2175.0,511.0,507.0,498.0,224.0,219.0,216.0
2200.0,516.0,525.0,495.0,230.0,227.0,207.0
2188.0,504.0,515.0,513.0,225.0,218.0,213.0
2207.0,517.0,516.0,511.0,226.0,221.0,216.0
2250.0,523.0,518.0,531.0,230.0,226.0,222.0
2262.0,519.0,535.0,523.0,233.0,227.0,225.0
2242.0,516.0,525.0,527.0,224.0,226.0,224.0
2297.0,542.0,539.0,535.0,228.0,233.0,220.0
2305.0,531.0,530.0,558.0,228.0,231.0,227.0
2316.0,548.0,534.0,539.0,233.0,237.0,225.0
2323.0,552.0,523.0,551.0,236.0,235.0,226.0
2365.0,537.0,537.0,578.0,235.0,241.0,237.0
2347.0,544.0,525.0,571.0,239.0,239.0,229.0
2338.0,548.0,538.0,551.0,228.0,243.0,230.0
2326.0,540.0,533.0,553.0,227.0,239.0,234.0
2324.0,536.0,540.0,555.0,226.0,230.0,237.0
2327.0,540.0,543.0,547.0,227.0,233.0,237.0
2324.0,547.0,546.0,546.0,219.0,231.0,235.0
2273.0,531.0,536.0,525.0,223.0,228.0,230.0
2266.0,538.0,528.0,528.0,223.0,221.0,228.0
2288.0,533.0,555.0,513.0,227.0,220.0,240.0
2250.0,527.0,542.0,501.0,220.0,225.0,235.0
2244.0,532.0,530.0,513.0,221.0,214.0,234.0
2179.0,514.0,508.0,508.0,215.0,213.0,221.0
2210.0,515.0,522.0,507.0,219.0,219.0,228.0
2196.0,508.0,505.0,518.0,220.0,210.0,235.0
2208.0,494.0,523.0,527.0,219.0,218.0,227.0
2197.0,511.0,509.0,514.0,219.0,218.0,226.0
2220.0,503.0,513.0,523.0,232.0,222.0,227.0
2263.0,520.0,535.0,519.0,238.0,224.0,227.0
2291.0,541.0,535.0,531.0,233.0,228.0,223.0
2288.0,533.0,535.0,533.0,235.0,228.0,224.0
2330.0,543.0,538.0,549.0,231.0,231.0,238.0
2364.0,568.0,537.0,551.0,238.0,236.0,234.0
2374.0,561.0,558.0,553.0,245.0,231.0,226.0
2403.0,569.0,556.0,571.0,238.0,237.0,232.0
2376.0,556.0,560.0,559.0,236.0,231.0,234.0
2409.0,567.0,548.0,573.0,239.0,245.0,237.0
2397.0,550.0,557.0,577.0,236.0,243.0,234.0
2355.0,544.0,546.0,554.0,232.0,240.0,239.0
2402.0,554.0,563.0,563.0,243.0,247.0,232.0
2351.0,539.0,556.0,556.0,229.0,240.0,231.0
2344.0,553.0,538.0,543.0,233.0,243.0,234.0
2335.0,563.0,542.0,523.0,231.0,248.0,228.0
2302.0,527.0,529.0,551.0,229.0,238.0,228.0
2274.0,534.0,507.0,547.0,229.0,232.0,225.0
2282.0,552.0,531.0,522.0,221.0,240.0,216.0
2292.0,540.0,540.0,537.0,222.0,231.0,222.0
2264.0,551.0,518.0,503.0,231.0,231.0,230.0
2268.0,527.0,529.0,534.0,221.0,240.0,217.0
2239.0,529.0,519.0,522.0,229.0,219.0,221.0
2243.0,525.0,524.0,515.0,224.0,220.0,235.0
2273.0,525.0,551.0,520.0,218.0,229.0,230.0
2271.0,526.0,526.0,533.0,228.0,229.0,229.0
2295.0,515.0,548.0,549.0,231.0,220.0,232.0
2297.0,522.0,536.0,554.0,231.0,224.0,230.0
2346.0,550.0,540.0,550.0,236.0,235.0,235.0
2375.0,548.0,560.0,564.0,235.0,230.0,238.0
2398.0,561.0,553.0,562.0,242.0,238.0,242.0
2411.0,564.0,561.0,560.0,243.0,238.0,245.0
2435.0,576.0,560.0,573.0,249.0,234.0,243.0
2449.0,564.0,566.0,581.0,249.0,240.0,249.0
2425.0,563.0,555.0,569.0,245.0,244.0,249.0
2455.0,583.0,566.0,569.0,253.0,243.0,241.0
2423.0,568.0,552.0,565.0,242.0,245.0,251.0
2454.0,573.0,562.0,570.0,250.0,243.0,256.0
2389.0,553.0,555.0,546.0,248.0,240.0,247.0
2452.0,573.0,552.0,578.0,253.0,249.0,247.0
2363.0,554.0,541.0,553.0,238.0,239.0,238.0
2390.0,560.0,552.0,555.0,240.0,238.0,245.0
2379.0,562.0,537.0,565.0,234.0,241.0,240.0
2392.0,549.0,577.0,555.0,240.0,240.0,231.0
2352.0,538.0,562.0,556.0,225.0,240.0,231.0
2337.0,543.0,556.0,538.0,232.0,236.0,232.0
2365.0,565.0,565.0,538.0,228.0,236.0,233.0
2312.0,557.0,527.0,543.0,230.0,227.0,228.0
2326.0,539.0,554.0,529.0,232.0,238.0,234.0
2298.0,536.0,531.0,536.0,231.0,230.0,234.0
2331.0,544.0,545.0,544.0,232.0,237.0,229.0
2316.0,534.0,543.0,543.0,234.0,232.0,230.0
2315.0,527.0,529.0,564.0,230.0,237.0,228.0
2359.0,555.0,551.0,548.0,234.0,237.0,234.0
2396.0,558.0,560.0,571.0,235.0,242.0,230.0
2368.0,537.0,553.0,560.0,241.0,244.0,233.0
2415.0,565.0,557.0,566.0,244.0,243.0,240.0
2461.0,578.0,563.0,585.0,248.0,242.0,245.0
2448.0,587.0,557.0,573.0,248.0,243.0,240.0
2486.0,587.0,574.0,586.0,247.0,248.0,244.0
2477.0,579.0,586.0,572.0,250.0,247.0,243.0
2494.0,584.0,589.0,581.0,243.0,250.0,247.0
2496.0,581.0,600.0,566.0,252.0,245.0,252.0
2465.0,572.0,590.0,556.0,254.0,246.0,247.0
2457.0,567.0,579.0,562.0,256.0,242.0,251.0
2472.0,579.0,589.0,563.0,254.0,240.0,247.0
2446.0,557.0,587.0,566.0,249.0,246.0,241.0
2435.0,563.0,571.0,564.0,252.0,234.0,251.0
2411.0,548.0,574.0,567.0,239.0,241.0,242.0
2422.0,572.0,569.0,553.0,245.0,240.0,243.0
2408.0,574.0,550.0,557.0,243.0,240.0,244.0
2377.0,567.0,554.0,550.0,232.0,236.0,238.0
2404.0,571.0,555.0,566.0,233.0,235.0,244.0
2360.0,562.0,533.0,561.0,230.0,232.0,242.0
2373.0,557.0,543.0,568.0,230.0,237.0,238.0
2362.0,556.0,553.0,550.0,230.0,233.0,240.0
2375.0,547.0,550.0,572.0,228.0,240.0,238.0
2396.0,559.0,560.0,563.0,235.0,237.0,242.0
2394.0,548.0,556.0,575.0,230.0,247.0,238.0
2399.0,544.0,557.0,565.0,238.0,243.0,252.0
2470.0,572.0,576.0,578.0,243.0,247.0,254.0
2483.0,589.0,563.0,574.0,250.0,254.0,253.0
2468.0,572.0,588.0,571.0,247.0,249.0,241.0
2506.0,588.0,603.0,569.0,240.0,258.0,248.0
2545.0,589.0,598.0,597.0,258.0,253.0,250.0
2535.0,595.0,592.0,586.0,251.0,256.0,255.0
2545.0,600.0,591.0,590.0,255.0,257.0,252.0
2513.0,583.0,592.0,563.0,259.0,258.0,258.0
2524.0,586.0,606.0,575.0,255.0,253.0,249.0
2506.0,571.0,592.0,587.0,255.0,249.0,252.0
2513.0,581.0,586.0,580.0,261.0,252.0,253.0
2486.0,569.0,577.0,576.0,256.0,259.0,249.0
2484.0,571.0,581.0,585.0,257.0,248.0,242.0
2479.0,565.0,593.0,575.0,252.0,244.0,250.0
2470.0,590.0,564.0,572.0,251.0,250.0,243.0
2447.0,584.0,565.0,570.0,248.0,241.0,239.0
2430.0,561.0,565.0,578.0,238.0,242.0,246.0
2444.0,574.0,572.0,571.0,244.0,240.0,243.0
2459.0,570.0,575.0,585.0,239.0,239.0,251.0
2438.0,563.0,588.0,559.0,250.0,237.0,241.0
2416.0,551.0,577.0,575.0,237.0,235.0,241.0
2432.0,570.0,560.0,580.0,239.0,240.0,243.0
2415.0,557.0,563.0,559.0,244.0,242.0,250.0
2426.0,565.0,573.0,574.0,237.0,238.0,239.0
2425.0,566.0,574.0,567.0,240.0,235.0,243.0
2471.0,583.0,582.0,571.0,248.0,246.0,241.0
2477.0,562.0,574.0,593.0,247.0,249.0,252.0
2510.0,601.0,577.0,585.0,247.0,250.0,250.0
2507.0,605.0,571.0,577.0,251.0,248.0,255.0
2537.0,609.0,578.0,580.0,251.0,258.0,261.0
2586.0,629.0,589.0,595.0,256.0,260.0,257.0
2572.0,610.0,600.0,586.0,263.0,253.0,260.0
2570.0,616.0,584.0,598.0,253.0,260.0,259.0
2601.0,600.0,610.0,605.0,261.0,262.0,263.0
2599.0,614.0,602.0,600.0,261.0,262.0,260.0
2586.0,600.0,598.0,595.0,260.0,264.0,269.0
2596.0,594.0,618.0,592.0,265.0,267.0,260.0
2595.0,610.0,604.0,601.0,260.0,262.0,258.0
2589.0,591.0,611.0,610.0,259.0,258.0,260.0
2555.0,593.0,604.0,576.0,265.0,262.0,255.0
2542.0,588.0,597.0,596.0,257.0,252.0,252.0
2545.0,585.0,593.0,598.0,252.0,261.0,256.0
2527.0,600.0,597.0,573.0,254.0,256.0,247.0
2507.0,596.0,574.0,592.0,249.0,251.0,245.0
2527.0,595.0,593.0,581.0,250.0,250.0,258.0
2476.0,561.0,580.0,589.0,251.0,249.0,246.0
2483.0,586.0,574.0,596.0,244.0,243.0,240.0
2453.0,572.0,573.0,571.0,246.0,245.0,246.0
2430.0,561.0,571.0,571.0,251.0,238.0,238.0
2460.0,575.0,581.0,576.0,243.0,246.0,239.0
2488.0,579.0,583.0,576.0,256.0,246.0,248.0
2495.0,574.0,588.0,572.0,257.0,256.0,248.0
2555.0,614.0,597.0,590.0,252.0,247.0,255.0
2544.0,587.0,614.0,580.0,256.0,254.0,253.0
2580.0,592.0,622.0,597.0,252.0,259.0,258.0
2585.0,602.0,625.0,584.0,260.0,254.0,260.0
2645.0,634.0,619.0,613.0,261.0,258.0,260.0
2656.0,623.0,638.0,607.0,263.0,262.0,263.0
2632.0,619.0,623.0,597.0,263.0,269.0,261.0
2649.0,617.0,630.0,604.0,265.0,267.0,266.0
2642.0,608.0,626.0,619.0,264.0,261.0,264.0
2643.0,607.0,620.0,618.0,266.0,266.0,266.0
2652.0,602.0,622.0,631.0,270.0,260.0,267.0
2652.0,611.0,617.0,624.0,263.0,266.0,271.0
2605.0,611.0,601.0,610.0,256.0,262.0,265.0
2609.0,590.0,597.0,624.0,269.0,261.0,268.0
2580.0,608.0,588.0,606.0,258.0,264.0,256.0
2629.0,612.0,614.0,604.0,261.0,270.0,268.0
2551.0,594.0,582.0,611.0,254.0,254.0,256.0
2568.0,596.0,590.0,611.0,258.0,258.0,255.0
2542.0,590.0,590.0,593.0,256.0,258.0,255.0
2548.0,587.0,602.0,590.0,260.0,255.0,254.0
2545.0,592.0,588.0,596.0,258.0,258.0,253.0
2541.0,582.0,606.0,588.0,254.0,259.0,252.0
2538.0,589.0,610.0,586.0,250.0,253.0,250.0
2534.0,581.0,601.0,591.0,252.0,254.0,255.0
2550.0,595.0,606.0,584.0,254.0,254.0,257.0
2556.0,589.0,612.0,585.0,253.0,259.0,258.0
2561.0,596.0,601.0,598.0,253.0,253.0,260.0
2609.0,608.0,612.0,609.0,259.0,256.0,265.0
2635.0,619.0,626.0,606.0,262.0,263.0,259.0
2623.0,620.0,618.0,602.0,260.0,263.0,260.0
2618.0,634.0,595.0,615.0,262.0,257.0,255.0
2672.0,642.0,612.0,623.0,262.0,270.0,263.0
2675.0,638.0,621.0,616.0,265.0,269.0,266.0
2714.0,647.0,617.0,636.0,271.0,270.0,273.0
2638.0,622.0,605.0,614.0,266.0,265.0,266.0
2686.0,627.0,611.0,640.0,270.0,271.0,267.0
2684.0,618.0,634.0,631.0,267.0,262.0,272.0
2655.0,618.0,625.0,616.0,269.0,259.0,268.0
2642.0,607.0,602.0,640.0,269.0,260.0,264.0
2663.0,625.0,633.0,624.0,259.0,255.0,267.0
2644.0,619.0,623.0,616.0,264.0,260.0,262.0
2666.0,628.0,620.0,617.0,264.0,269.0,268.0
2616.0,606.0,607.0,609.0,272.0,263.0,259.0
2601.0,610.0,617.0,598.0,261.0,262.0,253.0
2575.0,600.0,599.0,607.0,255.0,256.0,258.0
2557.0,601.0,600.0,592.0,254.0,257.0,253.0
2570.0,597.0,591.0,601.0,264.0,262.0,255.0
2559.0,600.0,580.0,599.0,260.0,263.0,257.0
2600.0,599.0,612.0,595.0,264.0,268.0,262.0
2576.0,597.0,589.0,595.0,266.0,261.0,268.0
2570.0,595.0,593.0,587.0,265.0,269.0,261.0
2597.0,606.0,602.0,598.0,258.0,265.0,268.0
2635.0,621.0,616.0,606.0,262.0,262.0,268.0
2666.0,615.0,612.0,626.0,269.0,268.0,276.0
2693.0,631.0,627.0,629.0,267.0,269.0,270.0
2738.0,637.0,646.0,636.0,270.0,273.0,276.0
2744.0,649.0,642.0,632.0,266.0,273.0,282.0
2741.0,644.0,635.0,637.0,264.0,287.0,274.0
2765.0,645.0,657.0,646.0,268.0,276.0,273.0
2752.0,633.0,640.0,657.0,273.0,277.0,272.0
2768.0,642.0,649.0,648.0,274.0,278.0,277.0
2744.0,626.0,653.0,656.0,267.0,271.0,271.0
2789.0,638.0,651.0,670.0,272.0,283.0,275.0
2709.0,628.0,627.0,631.0,274.0,272.0,277.0
2747.0,628.0,654.0,648.0,272.0,273.0,272.0
2718.0,619.0,635.0,644.0,271.0,274.0,275.0
2704.0,637.0,637.0,626.0,272.0,268.0,264.0
2665.0,632.0,614.0,621.0,268.0,262.0,268.0
2671.0,638.0,628.0,614.0,267.0,265.0,259.0
2664.0,648.0,604.0,616.0,274.0,263.0,259.0
2641.0,625.0,608.0,611.0,273.0,258.0,266.0
2629.0,631.0,607.0,603.0,270.0,256.0,262.0
2606.0,611.0,613.0,604.0,266.0,259.0,253.0
2607.0,614.0,599.0,612.0,270.0,258.0,254.0
2628.0,611.0,623.0,608.0,267.0,260.0,259.0
2638.0,612.0,620.0,613.0,266.0,265.0,262.0
2680.0,619.0,623.0,624.0,274.0,270.0,270.0
2660.0,615.0,636.0,608.0,270.0,268.0,263.0
2683.0,626.0,621.0,631.0,270.0,277.0,258.0
2723.0,638.0,647.0,627.0,267.0,276.0,268.0
2751.0,658.0,636.0,638.0,271.0,279.0,269.0
2764.0,643.0,651.0,650.0,267.0,284.0,269.0
2758.0,636.0,650.0,662.0,270.0,269.0,271.0
2805.0,656.0,678.0,632.0,276.0,285.0,278.0
2802.0,662.0,627.0,670.0,274.0,286.0,283.0
2791.0,660.0,641.0,655.0,274.0,280.0,281.0
2825.0,653.0,664.0,665.0,272.0,289.0,282.0
2804.0,659.0,636.0,670.0,276.0,281.0,282.0
2765.0,650.0,639.0,642.0,274.0,284.0,276.0
2760.0,639.0,639.0,647.0,277.0,277.0,281.0
2762.0,636.0,637.0,653.0,281.0,278.0,277.0
2757.0,633.0,656.0,635.0,272.0,273.0,288.0
2726.0,635.0,640.0,624.0,271.0,273.0,283.0
2742.0,642.0,640.0,635.0,273.0,273.0,279.0
2720.0,628.0,654.0,619.0,275.0,269.0,275.0
2706.0,633.0,632.0,622.0,271.0,267.0,281.0
2695.0,633.0,636.0,621.0,264.0,266.0,275.0
2678.0,630.0,632.0,608.0,266.0,265.0,277.0
2698.0,624.0,647.0,619.0,271.0,264.0,273.0
2687.0,632.0,628.0,617.0,272.0,264.0,274.0
2674.0,616.0,617.0,628.0,277.0,263.0,273.0
2674.0,615.0,632.0,621.0,272.0,266.0,268.0
2695.0,631.0,622.0,631.0,273.0,268.0,270.0
2723.0,628.0,625.0,643.0,285.0,269.0,273.0
2772.0,640.0,636.0,660.0,279.0,275.0,282.0
2754.0,649.0,631.0,651.0,277.0,275.0,271.0
2796.0,659.0,631.0,673.0,281.0,271.0,281.0
2809.0,664.0,647.0,660.0,277.0,280.0,281.0
2832.0,667.0,644.0,676.0,285.0,281.0,279.0
2873.0,678.0,662.0,680.0,283.0,284.0,286.0
2849.0,672.0,654.0,675.0,284.0,278.0,286.0
2858.0,663.0,666.0,682.0,280.0,284.0,283.0
2875.0,662.0,688.0,673.0,290.0,284.0,278.0
2835.0,649.0,666.0,676.0,274.0,288.0,282.0
2847.0,649.0,676.0,669.0,280.0,290.0,283.0
2825.0,640.0,684.0,655.0,285.0,282.0,279.0
2807.0,644.0,675.0,653.0,282.0,277.0,276.0
2812.0,665.0,669.0,645.0,279.0,279.0,275.0
2767.0,647.0,654.0,627.0,274.0,286.0,279.0
2799.0,660.0,659.0,651.0,278.0,278.0,273.0
2758.0,653.0,638.0,633.0,274.0,286.0,274.0
2760.0,647.0,656.0,633.0,269.0,286.0,269.0
2749.0,660.0,634.0,628.0,274.0,282.0,271.0
2727.0,651.0,617.0,621.0,274.0,280.0,284.0
2713.0,622.0,649.0,626.0,273.0,275.0,268.0
2746.0,646.0,627.0,648.0,277.0,267.0,281.0
2710.0,623.0,637.0,631.0,275.0,269.0,275.0
2767.0,629.0,644.0,643.0,280.0,290.0,281.0
2788.0,643.0,655.0,646.0,284.0,276.0,284.0
2788.0,641.0,647.0,660.0,284.0,276.0,280.0
2816.0,658.0,653.0,665.0,286.0,274.0,280.0
2861.0,665.0,666.0,684.0,281.0,277.0,288.0
2885.0,653.0,698.0,670.0,295.0,277.0,292.0
2897.0,670.0,680.0,683.0,286.0,291.0,287.0
2893.0,681.0,677.0,665.0,289.0,288.0,293.0
2908.0,678.0,682.0,683.0,288.0,285.0,292.0
2933.0,680.0,687.0,686.0,292.0,290.0,298.0
2948.0,689.0,695.0,696.0,288.0,285.0,295.0
2897.0,679.0,674.0,672.0,289.0,285.0,298.0
2858.0,662.0,665.0,665.0,287.0,287.0,292.0
2852.0,670.0,664.0,661.0,284.0,284.0,289.0
2849.0,661.0,661.0,655.0,294.0,284.0,294.0
2840.0,654.0,671.0,659.0,281.0,286.0,289.0
2819.0,654.0,665.0,650.0,285.0,282.0,283.0
2844.0,669.0,666.0,653.0,287.0,285.0,284.0
2816.0,663.0,671.0,638.0,281.0,287.0,276.0
2825.0,665.0,655.0,663.0,277.0,276.0,289.0
2804.0,651.0,665.0,652.0,282.0,283.0,271.0
2807.0,657.0,660.0,658.0,282.0,277.0,273.0
2802.0,648.0,654.0,651.0,276.0,293.0,280.0
2792.0,644.0,655.0,654.0,279.0,285.0,275.0
2779.0,646.0,655.0,638.0,281.0,283.0,276.0
2787.0,632.0,660.0,652.0,287.0,286.0,270.0
2812.0,650.0,667.0,644.0,283.0,286.0,282.0
2843.0,671.0,670.0,654.0,284.0,282.0,282.0
2866.0,660.0,667.0,674.0,286.0,292.0,287.0
2863.0,653.0,674.0,673.0,290.0,290.0,283.0
2876.0,665.0,665.0,678.0,296.0,293.0,279.0
2884.0,664.0,670.0,684.0,294.0,289.0,283.0
2910.0,682.0,668.0,681.0,296.0,297.0,286.0
2978.0,695.0,691.0,712.0,292.0,296.0,292.0
2938.0,697.0,690.0,679.0,297.0,285.0,290.0
2927.0,684.0,676.0,694.0,288.0,294.0,291.0
2972.0,697.0,695.0,687.0,304.0,290.0,299.0
2957.0,700.0,692.0,684.0,297.0,292.0,292.0
2961.0,699.0,689.0,691.0,295.0,292.0,295.0
2960.0,675.0,701.0,692.0,298.0,298.0,296.0
2908.0,671.0,696.0,673.0,287.0,287.0,294.0
2903.0,674.0,691.0,671.0,285.0,291.0,291.0
2893.0,652.0,689.0,682.0,285.0,290.0,295.0
2893.0,672.0,684.0,673.0,283.0,287.0,294.0
2873.0,676.0,668.0,658.0,288.0,291.0,292.0
2856.0,671.0,666.0,664.0,284.0,281.0,290.0
2828.0,659.0,665.0,664.0,278.0,274.0,288.0
2845.0,666.0,666.0,659.0,284.0,283.0,287.0
2861.0,661.0,672.0,673.0,287.0,283.0,285.0
2833.0,670.0,657.0,658.0,279.0,284.0,285.0
2820.0,652.0,644.0,673.0,283.0,277.0,291.0
2850.0,654.0,647.0,691.0,282.0,286.0,290.0
2863.0,658.0,664.0,684.0,289.0,280.0,288.0
2829.0,663.0,655.0,665.0,286.0,279.0,281.0
2856.0,643.0,659.0,672.0,296.0,294.0,292.0
2908.0,671.0,674.0,682.0,298.0,291.0,292.0
2922.0,687.0,681.0,685.0,291.0,295.0,283.0
2975.0,690.0,696.0,694.0,299.0,302.0,294.0
2957.0,684.0,689.0,693.0,297.0,296.0,298.0
3007.0,706.0,701.0,692.0,302.0,303.0,303.0
3015.0,709.0,712.0,689.0,307.0,302.0,296.0
3026.0,707.0,718.0,683.0,312.0,307.0,299.0
3017.0,696.0,722.0,700.0,303.0,300.0,296.0
3001.0,691.0,709.0,700.0,303.0,299.0,299.0
2987.0,692.0,704.0,697.0,297.0,298.0,299.0
3014.0,684.0,719.0,711.0,303.0,306.0,291.0
2977.0,673.0,695.0,709.0,303.0,303.0,294.0
2982.0,683.0,705.0,701.0,301.0,299.0,293.0
2926.0,687.0,679.0,674.0,298.0,290.0,298.0
2945.0,684.0,690.0,686.0,295.0,295.0,295.0
2926.0,691.0,665.0,699.0,289.0,292.0,290.0
2910.0,688.0,679.0,680.0,284.0,289.0,290.0
2903.0,692.0,664.0,690.0,286.0,280.0,291.0
2916.0,705.0,671.0,689.0,284.0,281.0,286.0
2913.0,687.0,672.0,687.0,293.0,288.0,286.0
2877.0,663.0,672.0,680.0,286.0,284.0,292.0
2854.0,647.0,655.0,686.0,290.0,284.0,292.0
2932.0,668.0,700.0,700.0,287.0,288.0,289.0
2905.0,668.0,681.0,690.0,290.0,284.0,292.0
2893.0,661.0,677.0,691.0,287.0,284.0,293.0
2968.0,680.0,704.0,699.0,300.0,291.0,294.0
2961.0,678.0,709.0,685.0,299.0,288.0,302.0
2995.0,700.0,699.0,695.0,303.0,300.0,298.0
3000.0,699.0,695.0,697.0,308.0,293.0,308.0
3015.0,715.0,689.0,695.0,309.0,301.0,306.0
3039.0,702.0,706.0,707.0,309.0,306.0,309.0
3013.0,715.0,694.0,686.0,307.0,305.0,306.0
3057.0,719.0,722.0,692.0,310.0,305.0,309.0
3013.0,701.0,701.0,702.0,308.0,298.0,303.0
3076.0,730.0,713.0,706.0,310.0,311.0,306.0
3031.0,702.0,699.0,706.0,309.0,305.0,310.0
3079.0,718.0,706.0,716.0,316.0,310.0,313.0
3036.0,693.0,711.0,715.0,302.0,310.0,305.0
3047.0,701.0,704.0,719.0,308.0,312.0,303.0
3063.0,711.0,718.0,712.0,306.0,314.0,302.0
3017.0,702.0,699.0,708.0,299.0,308.0,301.0
3014.0,705.0,711.0,693.0,302.0,306.0,297.0
2989.0,705.0,695.0,696.0,293.0,300.0,300.0
2992.0,688.0,707.0,703.0,297.0,300.0,297.0
2953.0,692.0,679.0,703.0,293.0,294.0,292.0
2943.0,686.0,691.0,690.0,291.0,289.0,296.0
2931.0,690.0,685.0,695.0,287.0,286.0,288.0
2912.0,680.0,667.0,707.0,285.0,291.0,282.0
2933.0,678.0,672.0,706.0,291.0,298.0,288.0
2959.0,683.0,685.0,699.0,300.0,298.0,294.0
2915.0,682.0,672.0,680.0,296.0,295.0,290.0
2962.0,690.0,686.0,699.0,295.0,301.0,291.0
2954.0,693.0,671.0,688.0,303.0,300.0,299.0
3002.0,698.0,702.0,712.0,300.0,295.0,295.0
3027.0,709.0,699.0,703.0,305.0,308.0,303.0
3073.0,733.0,705.0,712.0,313.0,303.0,307.0
3087.0,733.0,716.0,713.0,310.0,306.0,309.0
3105.0,737.0,725.0,716.0,312.0,308.0,307.0
3130.0,743.0,727.0,733.0,312.0,307.0,308.0
3086.0,716.0,736.0,712.0,312.0,303.0,307.0
3123.0,729.0,744.0,726.0,309.0,306.0,309.0
3120.0,711.0,739.0,737.0,317.0,305.0,311.0
3116.0,713.0,729.0,740.0,317.0,304.0,313.0
3113.0,718.0,737.0,728.0,311.0,311.0,308.0
3092.0,728.0,713.0,720.0,308.0,309.0,314.0
3078.0,705.0,710.0,718.0,314.0,315.0,316.0
3034.0,710.0,679.0,722.0,306.0,311.0,306.0
3079.0,725.0,702.0,721.0,308.0,311.0,312.0
3031.0,701.0,694.0,715.0,308.0,307.0,306.0
3056.0,715.0,704.0,720.0,307.0,303.0,307.0
3024.0,708.0,689.0,707.0,302.0,308.0,310.0
2979.0,698.0,688.0,694.0,295.0,303.0,301.0
3023.0,704.0,717.0,694.0,300.0,307.0,301.0
2989.0,699.0,698.0,687.0,296.0,303.0,306.0
2960.0,685.0,694.0,691.0,293.0,299.0,298.0
2990.0,698.0,693.0,699.0,300.0,297.0,303.0
3008.0,699.0,701.0,693.0,303.0,311.0,301.0
3008.0,690.0,727.0,695.0,299.0,301.0,296.0
3071.0,725.0,724.0,706.0,306.0,303.0,307.0
3088.0,727.0,730.0,699.0,307.0,315.0,310.0
3115.0,719.0,732.0,738.0,307.0,308.0,311.0
3124.0,731.0,727.0,726.0,316.0,315.0,309.0
3155.0,749.0,729.0,741.0,302.0,320.0,314.0
3130.0,736.0,738.0,721.0,311.0,312.0,312.0
3140.0,728.0,731.0,741.0,317.0,315.0,308.0
3165.0,750.0,728.0,743.0,318.0,319.0,307.0
3153.0,735.0,726.0,752.0,314.0,308.0,318.0
3167.0,752.0,732.0,747.0,320.0,306.0,310.0
3137.0,731.0,740.0,727.0,317.0,308.0,314.0
3158.0,728.0,731.0,744.0,321.0,321.0,313.0
3141.0,747.0,732.0,735.0,318.0,310.0,299.0
3093.0,722.0,716.0,729.0,312.0,304.0,310.0
3083.0,715.0,716.0,718.0,314.0,312.0,308.0
3130.0,726.0,735.0,737.0,314.0,313.0,305.0
3109.0,734.0,727.0,724.0,313.0,303.0,308.0
3061.0,712.0,725.0,717.0,308.0,299.0,300.0
3063.0,713.0,720.0,707.0,310.0,306.0,307.0
3077.0,723.0,735.0,711.0,302.0,300.0,306.0
3036.0,685.0,722.0,723.0,299.0,302.0,305.0
3044.0,697.0,710.0,719.0,302.0,311.0,305.0
3040.0,711.0,709.0,702.0,301.0,308.0,309.0
3029.0,700.0,710.0,694.0,304.0,320.0,301.0
3037.0,695.0,722.0,701.0,305.0,304.0,310.0
3085.0,731.0,720.0,715.0,306.0,306.0,307.0
3092.0,710.0,724.0,725.0,305.0,313.0,315.0
3141.0,727.0,740.0,732.0,307.0,317.0,318.0
3155.0,736.0,731.0,745.0,302.0,320.0,321.0
3184.0,751.0,736.0,743.0,315.0,317.0,322.0
3216.0,750.0,745.0,752.0,330.0,320.0,319.0
3221.0,756.0,752.0,748.0,317.0,325.0,323.0
3228.0,757.0,736.0,762.0,321.0,324.0,328.0
3209.0,749.0,742.0,757.0,317.0,318.0,326.0
3254.0,750.0,765.0,772.0,320.0,322.0,325.0
3207.0,722.0,765.0,756.0,325.0,321.0,318.0
3222.0,744.0,755.0,747.0,331.0,325.0,320.0
3225.0,729.0,755.0,767.0,324.0,325.0,325.0
3139.0,716.0,739.0,727.0,322.0,319.0,316.0
3193.0,748.0,746.0,745.0,327.0,308.0,319.0
3164.0,725.0,742.0,748.0,321.0,309.0,319.0
3144.0,740.0,740.0,723.0,316.0,309.0,316.0
3125.0,731.0,724.0,724.0,321.0,312.0,313.0
3135.0,731.0,717.0,749.0,319.0,307.0,312.0
3089.0,736.0,724.0,714.0,306.0,306.0,303.0
3064.0,718.0,711.0,719.0,312.0,301.0,303.0
3070.0,727.0,713.0,718.0,309.0,305.0,298.0
3067.0,727.0,703.0,712.0,310.0,310.0,305.0
3077.0,727.0,713.0,714.0,310.0,303.0,310.0
3108.0,717.0,738.0,723.0,315.0,311.0,304.0
3137.0,731.0,743.0,738.0,309.0,305.0,311.0
3129.0,743.0,735.0,716.0,312.0,313.0,310.0
3173.0,746.0,745.0,738.0,312.0,313.0,319.0
3189.0,748.0,751.0,738.0,314.0,324.0,314.0
3241.0,755.0,774.0,759.0,313.0,328.0,312.0
3253.0,787.0,739.0,754.0,322.0,325.0,326.0
3270.0,786.0,764.0,758.0,315.0,324.0,323.0
3211.0,755.0,730.0,760.0,316.0,325.0,325.0
3292.0,777.0,772.0,769.0,322.0,327.0,325.0
3313.0,770.0,777.0,780.0,327.0,336.0,323.0
3283.0,764.0,761.0,772.0,324.0,330.0,332.0
3261.0,756.0,757.0,766.0,330.0,329.0,323.0
3267.0,759.0,759.0,761.0,326.0,329.0,333.0
3267.0,759.0,761.0,766.0,323.0,329.0,329.0
3224.0,751.0,729.0,755.0,330.0,325.0,334.0
3222.0,752.0,742.0,759.0,325.0,319.0,325.0
3231.0,763.0,747.0,745.0,326.0,328.0,322.0
3202.0,754.0,740.0,741.0,325.0,321.0,321.0
3198.0,757.0,738.0,738.0,325.0,320.0,320.0
3170.0,754.0,730.0,739.0,313.0,314.0,320.0
3163.0,761.0,741.0,707.0,314.0,320.0,320.0
3181.0,754.0,746.0,734.0,320.0,313.0,314.0
3179.0,740.0,753.0,734.0,323.0,313.0,316.0
3172.0,736.0,746.0,731.0,323.0,318.0,318.0
3130.0,721.0,738.0,728.0,317.0,312.0,314.0
3155.0,733.0,746.0,732.0,315.0,315.0,314.0
3172.0,725.0,757.0,740.0,316.0,312.0,322.0
3159.0,728.0,741.0,739.0,315.0,318.0,318.0
3212.0,751.0,746.0,750.0,321.0,322.0,322.0
3224.0,754.0,757.0,755.0,318.0,319.0,321.0
3245.0,766.0,744.0,765.0,325.0,321.0,324.0
3253.0,765.0,753.0,776.0,324.0,318.0,317.0
3290.0,787.0,758.0,766.0,329.0,325.0,325.0
3293.0,782.0,768.0,764.0,325.0,322.0,332.0
3325.0,791.0,750.0,791.0,326.0,334.0,333.0
3313.0,782.0,772.0,777.0,329.0,324.0,329.0
3336.0,776.0,772.0,787.0,335.0,338.0,328.0
3318.0,767.0,778.0,777.0,331.0,336.0,329.0
3308.0,764.0,786.0,764.0,330.0,334.0,330.0
3309.0,768.0,782.0,772.0,334.0,334.0,319.0
3320.0,769.0,799.0,760.0,333.0,333.0,326.0
3271.0,749.0,778.0,754.0,323.0,337.0,330.0
3227.0,768.0,750.0,734.0,329.0,331.0,315.0
3225.0,759.0,758.0,731.0,334.0,323.0,320.0
3238.0,764.0,757.0,751.0,324.0,324.0,318.0
3217.0,753.0,753.0,735.0,327.0,331.0,318.0
3224.0,763.0,758.0,735.0,326.0,321.0,321.0
3162.0,745.0,725.0,737.0,316.0,324.0,315.0
3217.0,753.0,746.0,748.0,325.0,322.0,323.0
3163.0,742.0,739.0,719.0,320.0,323.0,320.0
3232.0,743.0,744.0,781.0,321.0,321.0,322.0
3209.0,737.0,740.0,755.0,333.0,325.0,319.0
3240.0,743.0,744.0,774.0,328.0,326.0,325.0
3193.0,734.0,740.0,745.0,324.0,323.0,327.0
3306.0,767.0,778.0,770.0,332.0,327.0,332.0
3281.0,775.0,758.0,767.0,322.0,329.0,330.0
3334.0,772.0,785.0,786.0,325.0,337.0,329.0
3333.0,772.0,781.0,790.0,335.0,327.0,328.0
3350.0,782.0,785.0,779.0,329.0,328.0,347.0
3398.0,797.0,806.0,784.0,333.0,339.0,339.0
3384.0,798.0,793.0,785.0,332.0,335.0,341.0
3397.0,787.0,804.0,802.0,333.0,334.0,337.0
3397.0,795.0,792.0,794.0,337.0,337.0,342.0
3351.0,768.0,791.0,790.0,332.0,333.0,337.0
3344.0,773.0,783.0,779.0,331.0,337.0,341.0
3353.0,779.0,771.0,785.0,338.0,339.0,341.0
3328.0,774.0,769.0,784.0,336.0,327.0,338.0
3305.0,769.0,777.0,761.0,330.0,334.0,334.0
3284.0,752.0,770.0,774.0,334.0,326.0,328.0
3288.0,777.0,761.0,762.0,335.0,331.0,322.0
3285.0,775.0,755.0,775.0,322.0,328.0,330.0
3252.0,757.0,760.0,759.0,328.0,327.0,321.0
3266.0,777.0,769.0,759.0,321.0,324.0,316.0
3255.0,762.0,758.0,748.0,331.0,329.0,327.0
3276.0,763.0,764.0,770.0,332.0,324.0,323.0
3247.0,765.0,752.0,753.0,325.0,329.0,323.0
3263.0,750.0,765.0,767.0,323.0,332.0,326.0
3286.0,763.0,768.0,765.0,330.0,332.0,328.0
3266.0,762.0,765.0,754.0,326.0,330.0,329.0
3324.0,769.0,779.0,781.0,339.0,338.0,318.0
3382.0,787.0,798.0,789.0,340.0,331.0,337.0
3344.0,781.0,790.0,779.0,332.0,336.0,326.0
3395.0,787.0,792.0,804.0,340.0,339.0,333.0
3392.0,812.0,776.0,787.0,333.0,343.0,341.0
3419.0,793.0,793.0,812.0,341.0,340.0,340.0
3419.0,796.0,798.0,801.0,337.0,347.0,340.0
3400.0,795.0,779.0,790.0,342.0,347.0,347.0
3379.0,800.0,783.0,771.0,339.0,346.0,340.0
3382.0,806.0,767.0,789.0,339.0,337.0,344.0
3407.0,805.0,779.0,800.0,334.0,343.0,346.0
3434.0,794.0,813.0,801.0,336.0,340.0,350.0
3410.0,780.0,812.0,805.0,334.0,333.0,346.0
3405.0,781.0,804.0,791.0,341.0,344.0,344.0
3392.0,779.0,798.0,793.0,343.0,336.0,343.0
3357.0,794.0,788.0,778.0,333.0,324.0,340.0
3332.0,775.0,795.0,761.0,333.0,332.0,336.0
3349.0,792.0,784.0,773.0,327.0,333.0,340.0
3353.0,784.0,800.0,782.0,331.0,325.0,331.0
3340.0,783.0,788.0,775.0,331.0,328.0,335.0
3333.0,791.0,784.0,766.0,331.0,329.0,332.0
3307.0,770.0,773.0,781.0,324.0,327.0,332.0
3343.0,787.0,766.0,788.0,339.0,328.0,335.0
3324.0,755.0,779.0,781.0,339.0,331.0,339.0
3310.0,758.0,762.0,788.0,340.0,328.0,334.0
3293.0,754.0,757.0,783.0,332.0,334.0,333.0
3345.0,768.0,785.0,783.0,331.0,336.0,342.0
3388.0,788.0,787.0,803.0,339.0,336.0,335.0
3416.0,799.0,786.0,803.0,345.0,342.0,341.0
3411.0,799.0,793.0,791.0,340.0,341.0,347.0
3466.0,808.0,821.0,798.0,346.0,346.0,347.0
3447.0,801.0,784.0,815.0,350.0,351.0,346.0
3457.0,801.0,809.0,808.0,347.0,349.0,343.0
3463.0,817.0,820.0,783.0,350.0,348.0,345.0
3488.0,827.0,818.0,804.0,348.0,350.0,341.0
3477.0,810.0,817.0,801.0,345.0,354.0,350.0
3461.0,796.0,835.0,789.0,346.0,354.0,341.0
3447.0,789.0,838.0,787.0,343.0,350.0,340.0
3449.0,792.0,820.0,798.0,341.0,352.0,346.0
3433.0,809.0,814.0,787.0,342.0,342.0,339.0
3409.0,795.0,793.0,791.0,343.0,349.0,338.0
3401.0,789.0,791.0,805.0,339.0,342.0,335.0
3371.0,789.0,786.0,792.0,336.0,333.0,335.0
3375.0,792.0,788.0,791.0,329.0,336.0,339.0
3389.0,801.0,778.0,802.0,336.0,332.0,340.0
3384.0,791.0,793.0,791.0,336.0,333.0,340.0
3356.0,780.0,779.0,791.0,334.0,339.0,333.0
3367.0,781.0,784.0,799.0,335.0,333.0,335.0
3390.0,788.0,799.0,799.0,342.0,334.0,328.0
3352.0,782.0,789.0,782.0,332.0,329.0,338.0
3369.0,783.0,783.0,786.0,338.0,337.0,342.0
3363.0,778.0,787.0,789.0,341.0,332.0,336.0
3398.0,773.0,799.0,793.0,353.0,336.0,344.0
3440.0,787.0,806.0,813.0,345.0,340.0,349.0
3455.0,804.0,810.0,811.0,345.0,334.0,351.0
3455.0,798.0,809.0,806.0,356.0,344.0,342.0
3511.0,821.0,818.0,810.0,356.0,349.0,357.0
3523.0,822.0,821.0,823.0,349.0,353.0,355.0
3532.0,825.0,825.0,817.0,356.0,353.0,356.0
3526.0,838.0,813.0,801.0,360.0,355.0,359.0
3539.0,829.0,828.0,824.0,350.0,350.0,358.0
3524.0,838.0,799.0,813.0,354.0,356.0,364.0
3483.0,804.0,813.0,820.0,346.0,349.0,351.0
3507.0,820.0,811.0,822.0,349.0,353.0,352.0
3519.0,819.0,819.0,833.0,345.0,355.0,348.0
3464.0,780.0,826.0,813.0,340.0,357.0,348.0
3474.0,805.0,817.0,807.0,346.0,352.0,347.0
3498.0,824.0,813.0,818.0,344.0,348.0,351.0
3488.0,817.0,806.0,826.0,339.0,350.0,350.0
3433.0,803.0,812.0,791.0,338.0,347.0,342.0
3435.0,807.0,806.0,805.0,334.0,341.0,342.0
3423.0,793.0,801.0,811.0,336.0,341.0,341.0
3446.0,803.0,814.0,807.0,335.0,348.0,339.0
3403.0,781.0,804.0,804.0,342.0,341.0,331.0
3422.0,787.0,807.0,804.0,345.0,343.0,336.0
3425.0,803.0,801.0,805.0,333.0,341.0,342.0
3408.0,791.0,791.0,795.0,341.0,354.0,336.0
3407.0,792.0,782.0,807.0,343.0,341.0,342.0
3424.0,796.0,802.0,794.0,351.0,338.0,343.0
3497.0,834.0,811.0,808.0,350.0,349.0,345.0
3471.0,826.0,810.0,796.0,350.0,348.0,341.0
3478.0,820.0,804.0,805.0,352.0,346.0,351.0
3533.0,848.0,814.0,816.0,354.0,350.0,351.0
3554.0,839.0,825.0,820.0,357.0,355.0,358.0
3544.0,847.0,816.0,817.0,356.0,357.0,351.0
3562.0,833.0,832.0,828.0,361.0,356.0,352.0
3583.0,830.0,842.0,839.0,362.0,353.0,357.0
3586.0,842.0,843.0,828.0,359.0,353.0,361.0
3575.0,821.0,831.0,843.0,361.0,361.0,358.0
3557.0,817.0,839.0,839.0,355.0,350.0,357.0
3584.0,832.0,835.0,850.0,355.0,347.0,365.0
3539.0,812.0,826.0,839.0,350.0,355.0,357.0
3527.0,810.0,820.0,831.0,356.0,352.0,358.0
3542.0,827.0,824.0,836.0,350.0,352.0,353.0
3503.0,807.0,813.0,833.0,352.0,348.0,350.0
3495.0,815.0,829.0,812.0,350.0,346.0,343.0
3475.0,818.0,807.0,813.0,340.0,346.0,351.0
3476.0,805.0,804.0,821.0,344.0,349.0,353.0
3441.0,805.0,800.0,799.0,340.0,352.0,345.0
3433.0,813.0,790.0,791.0,340.0,351.0,348.0
3468.0,808.0,806.0,818.0,340.0,348.0,348.0
3445.0,794.0,808.0,795.0,349.0,346.0,353.0
3492.0,812.0,818.0,807.0,346.0,353.0,356.0
3483.0,818.0,817.0,803.0,342.0,356.0,347.0
3475.0,800.0,806.0,809.0,352.0,358.0,350.0
3515.0,819.0,833.0,800.0,359.0,346.0,358.0
3548.0,844.0,832.0,808.0,355.0,355.0,354.0
3578.0,839.0,838.0,829.0,363.0,357.0,352.0
3608.0,851.0,854.0,829.0,356.0,367.0,351.0
3609.0,850.0,848.0,829.0,368.0,357.0,357.0
3626.0,847.0,840.0,843.0,378.0,363.0,355.0
3656.0,861.0,852.0,844.0,367.0,368.0,364.0
3668.0,856.0,867.0,859.0,362.0,358.0,366.0
3627.0,846.0,834.0,855.0,369.0,362.0,361.0
3620.0,839.0,847.0,856.0,364.0,361.0,353.0
3590.0,824.0,837.0,850.0,367.0,358.0,354.0
3627.0,838.0,848.0,860.0,367.0,361.0,353.0
3599.0,831.0,836.0,854.0,362.0,356.0,360.0
3577.0,831.0,817.0,852.0,359.0,362.0,356.0
3566.0,842.0,812.0,840.0,355.0,362.0,355.0
3595.0,843.0,840.0,844.0,358.0,356.0,354.0
3576.0,843.0,828.0,846.0,353.0,354.0,352.0
3558.0,854.0,820.0,826.0,356.0,350.0,352.0
3500.0,837.0,822.0,807.0,341.0,343.0,350.0
3529.0,820.0,828.0,827.0,349.0,352.0,353.0
3499.0,814.0,820.0,815.0,344.0,350.0,356.0
3531.0,838.0,826.0,808.0,347.0,354.0,358.0
3520.0,809.0,835.0,813.0,354.0,352.0,357.0
3495.0,813.0,816.0,807.0,354.0,351.0,354.0
3523.0,832.0,839.0,791.0,351.0,357.0,353.0
3578.0,840.0,826.0,841.0,350.0,358.0,363.0
3598.0,832.0,837.0,847.0,359.0,360.0,363.0
3636.0,845.0,851.0,850.0,360.0,366.0,364.0
3605.0,834.0,828.0,849.0,361.0,369.0,364.0
3643.0,850.0,842.0,851.0,363.0,369.0,368.0
3685.0,859.0,849.0,863.0,371.0,374.0,369.0
3686.0,865.0,857.0,860.0,366.0,375.0,363.0
3682.0,861.0,843.0,868.0,367.0,372.0,371.0
3718.0,865.0,870.0,868.0,372.0,376.0,367.0
3685.0,878.0,842.0,855.0,368.0,366.0,376.0
3702.0,858.0,864.0,868.0,372.0,373.0,367.0
3660.0,853.0,854.0,839.0,365.0,379.0,370.0
3700.0,849.0,863.0,881.0,371.0,367.0,369.0
3685.0,846.0,870.0,871.0,368.0,366.0,364.0
3661.0,856.0,855.0,855.0,368.0,370.0,357.0
3628.0,836.0,862.0,836.0,368.0,361.0,365.0
3633.0,847.0,852.0,846.0,369.0,358.0,361.0
3587.0,834.0,847.0,830.0,362.0,357.0,357.0
3609.0,850.0,846.0,829.0,365.0,360.0,359.0
3526.0,844.0,814.0,809.0,358.0,351.0,350.0
3589.0,846.0,841.0,835.0,354.0,353.0,360.0
3537.0,845.0,811.0,822.0,353.0,352.0,354.0
3548.0,836.0,825.0,825.0,352.0,355.0,355.0
3551.0,841.0,826.0,823.0,355.0,357.0,349.0
3538.0,840.0,811.0,827.0,355.0,354.0,351.0
3577.0,832.0,829.0,840.0,362.0,357.0,357.0
3583.0,837.0,832.0,845.0,354.0,361.0,354.0
3580.0,826.0,838.0,830.0,363.0,361.0,362.0
3663.0,855.0,856.0,857.0,359.0,371.0,365.0
3656.0,860.0,862.0,862.0,359.0,359.0,354.0
3667.0,851.0,866.0,855.0,366.0,363.0,366.0
3729.0,873.0,878.0,870.0,370.0,372.0,366.0
3742.0,885.0,865.0,876.0,372.0,370.0,374.0
3761.0,865.0,882.0,886.0,379.0,379.0,370.0
3768.0,887.0,870.0,884.0,378.0,375.0,374.0
3789.0,877.0,875.0,903.0,374.0,381.0,379.0
3749.0,863.0,868.0,872.0,382.0,382.0,382.0
3729.0,862.0,858.0,881.0,383.0,373.0,372.0
3745.0,867.0,870.0,879.0,379.0,373.0,377.0
3708.0,845.0,873.0,874.0,367.0,379.0,370.0
3717.0,875.0,850.0,873.0,378.0,370.0,371.0
3655.0,850.0,855.0,841.0,371.0,371.0,367.0
3671.0,852.0,839.0,870.0,375.0,366.0,369.0
3664.0,873.0,852.0,834.0,369.0,373.0,363.0
3640.0,864.0,858.0,826.0,366.0,361.0,365.0
3634.0,865.0,849.0,837.0,362.0,354.0,367.0
3623.0,861.0,837.0,834.0,358.0,367.0,366.0
3631.0,850.0,849.0,853.0,358.0,359.0,362.0
3602.0,830.0,846.0,826.0,362.0,369.0,369.0
3623.0,836.0,851.0,849.0,361.0,363.0,363.0
3646.0,841.0,873.0,848.0,362.0,361.0,361.0
3638.0,842.0,855.0,855.0,363.0,357.0,366.0
3599.0,825.0,852.0,841.0,358.0,363.0,360.0
3708.0,866.0,872.0,860.0,375.0,362.0,373.0
3714.0,883.0,862.0,860.0,368.0,368.0,373.0
3699.0,887.0,859.0,862.0,366.0,363.0,362.0
3725.0,872.0,851.0,885.0,371.0,375.0,371.0
3749.0,890.0,859.0,893.0,373.0,366.0,368.0
3746.0,869.0,866.0,887.0,378.0,371.0,375.0
3764.0,904.0,867.0,877.0,372.0,374.0,370.0
3774.0,871.0,882.0,887.0,385.0,371.0,378.0
3785.0,885.0,877.0,898.0,372.0,375.0,378.0
3797.0,888.0,891.0,888.0,382.0,380.0,368.0
3766.0,884.0,882.0,886.0,377.0,375.0,362.0
3770.0,875.0,878.0,877.0,383.0,380.0,377.0
3754.0,860.0,884.0,887.0,384.0,374.0,365.0
3775.0,872.0,903.0,874.0,387.0,372.0,367.0
3724.0,867.0,879.0,857.0,381.0,372.0,368.0
3740.0,875.0,883.0,871.0,372.0,374.0,365.0
3754.0,882.0,887.0,863.0,374.0,376.0,372.0
3712.0,872.0,860.0,860.0,382.0,366.0,372.0
3720.0,887.0,873.0,845.0,371.0,373.0,371.0
3690.0,867.0,862.0,843.0,375.0,370.0,373.0
3660.0,853.0,852.0,850.0,369.0,368.0,368.0
3690.0,869.0,867.0,850.0,371.0,368.0,365.0
3640.0,847.0,843.0,851.0,363.0,372.0,364.0
3658.0,851.0,847.0,865.0,359.0,366.0,370.0
3684.0,856.0,851.0,870.0,360.0,374.0,373.0
3676.0,837.0,845.0,873.0,366.0,379.0,376.0
3740.0,871.0,874.0,874.0,375.0,376.0,370.0
3770.0,880.0,869.0,892.0,375.0,376.0,378.0
3788.0,882.0,865.0,896.0,376.0,386.0,383.0
3809.0,895.0,883.0,885.0,373.0,384.0,389.0
3814.0,888.0,886.0,894.0,384.0,382.0,380.0
3870.0,903.0,912.0,904.0,385.0,383.0,383.0
3884.0,916.0,909.0,910.0,380.0,383.0,386.0
3874.0,898.0,917.0,902.0,390.0,384.0,383.0
3863.0,888.0,906.0,921.0,380.0,380.0,388.0
3836.0,887.0,910.0,883.0,384.0,385.0,387.0
3836.0,904.0,892.0,886.0,388.0,378.0,388.0
3801.0,871.0,902.0,873.0,382.0,389.0,384.0
3805.0,893.0,890.0,879.0,382.0,376.0,385.0
3766.0,884.0,889.0,861.0,386.0,373.0,373.0
3769.0,899.0,875.0,866.0,377.0,374.0,378.0
3749.0,896.0,863.0,864.0,380.0,367.0,379.0
3755.0,881.0,879.0,878.0,374.0,368.0,375.0
3711.0,869.0,861.0,861.0,376.0,374.0,370.0
3743.0,891.0,880.0,873.0,374.0,367.0,358.0
3759.0,889.0,865.0,869.0,383.0,380.0,373.0
3714.0,862.0,867.0,869.0,375.0,371.0,370.0
3691.0,869.0,868.0,851.0,366.0,367.0,370.0
3706.0,854.0,875.0,864.0,367.0,373.0,373.0
3726.0,854.0,881.0,883.0,365.0,373.0,370.0
3758.0,852.0,883.0,900.0,375.0,376.0,372.0
3781.0,877.0,889.0,893.0,372.0,383.0,367.0
3804.0,881.0,886.0,911.0,374.0,381.0,371.0
3831.0,893.0,886.0,909.0,382.0,386.0,375.0
3882.0,913.0,919.0,898.0,382.0,387.0,383.0
3894.0,912.0,909.0,916.0,385.0,392.0,380.0
3900.0,913.0,901.0,919.0,384.0,397.0,386.0
3877.0,918.0,888.0,909.0,386.0,389.0,387.0
3872.0,903.0,913.0,896.0,381.0,391.0,388.0
3877.0,910.0,901.0,908.0,379.0,391.0,388.0
3864.0,894.0,887.0,915.0,386.0,392.0,390.0
3842.0,892.0,894.0,894.0,389.0,383.0,390.0
3870.0,898.0,906.0,905.0,384.0,386.0,391.0
3864.0,904.0,899.0,905.0,387.0,379.0,390.0
3886.0,914.0,909.0,903.0,383.0,389.0,388.0
3805.0,885.0,867.0,894.0,385.0,384.0,390.0
3840.0,896.0,906.0,893.0,380.0,380.0,385.0
3834.0,895.0,891.0,896.0,383.0,383.0,386.0
3814.0,898.0,896.0,888.0,376.0,376.0,380.0
3817.0,899.0,890.0,879.0,383.0,381.0,385.0
3817.0,895.0,897.0,895.0,384.0,371.0,375.0
3748.0,874.0,892.0,863.0,376.0,367.0,376.0
3789.0,884.0,895.0,879.0,379.0,370.0,382.0
3815.0,885.0,886.0,903.0,385.0,374.0,382.0
3791.0,872.0,892.0,883.0,389.0,372.0,383.0
3792.0,891.0,885.0,883.0,380.0,375.0,378.0
3779.0,876.0,877.0,894.0,371.0,382.0,379.0
3799.0,878.0,884.0,896.0,380.0,380.0,381.0
3870.0,896.0,899.0,918.0,376.0,391.0,390.0
3818.0,897.0,871.0,898.0,379.0,386.0,387.0
3883.0,897.0,910.0,905.0,383.0,394.0,394.0
3897.0,914.0,898.0,909.0,396.0,390.0,390.0
3954.0,940.0,920.0,930.0,385.0,384.0,395.0
3965.0,945.0,915.0,924.0,393.0,395.0,393.0
3933.0,922.0,909.0,923.0,395.0,388.0,396.0
3916.0,931.0,910.0,906.0,388.0,394.0,387.0
3923.0,920.0,921.0,905.0,392.0,398.0,387.0
3906.0,915.0,914.0,900.0,392.0,399.0,386.0
3950.0,920.0,933.0,916.0,395.0,400.0,386.0
3916.0,916.0,913.0,906.0,386.0,403.0,392.0
3872.0,904.0,901.0,904.0,383.0,394.0,386.0
3903.0,900.0,926.0,914.0,386.0,389.0,388.0
3903.0,899.0,909.0,926.0,390.0,397.0,382.0
3881.0,906.0,892.0,920.0,395.0,390.0,378.0
3864.0,911.0,891.0,907.0,383.0,386.0,386.0
3874.0,911.0,889.0,913.0,389.0,387.0,385.0
3841.0,912.0,887.0,888.0,386.0,388.0,380.0
3839.0,907.0,879.0,906.0,379.0,383.0,385.0
3776.0,873.0,860.0,893.0,391.0,376.0,383.0
3823.0,898.0,876.0,894.0,393.0,380.0,382.0
3800.0,878.0,875.0,890.0,384.0,387.0,386.0
3859.0,898.0,891.0,910.0,388.0,387.0,385.0
3871.0,891.0,900.0,916.0,386.0,386.0,392.0
3890.0,902.0,906.0,917.0,395.0,384.0,386.0
3877.0,901.0,913.0,898.0,398.0,369.0,398.0
3909.0,915.0,918.0,903.0,393.0,388.0,392.0
3912.0,904.0,908.0,914.0,397.0,388.0,401.0
3976.0,939.0,937.0,916.0,398.0,394.0,392.0
3985.0,932.0,940.0,919.0,400.0,396.0,398.0
3976.0,915.0,941.0,919.0,401.0,397.0,403.0
3988.0,946.0,935.0,914.0,395.0,397.0,401.0
3993.0,948.0,922.0,933.0,397.0,398.0,395.0
3979.0,925.0,928.0,920.0,403.0,399.0,404.0
3996.0,938.0,924.0,938.0,399.0,396.0,401.0
3958.0,917.0,916.0,932.0,393.0,392.0,408.0
3940.0,898.0,932.0,928.0,393.0,395.0,394.0
3956.0,914.0,919.0,935.0,393.0,399.0,396.0
3970.0,920.0,927.0,939.0,392.0,398.0,394.0
3951.0,919.0,921.0,931.0,390.0,397.0,393.0
3931.0,920.0,913.0,916.0,393.0,396.0,393.0
3923.0,920.0,907.0,919.0,391.0,399.0,387.0
3935.0,923.0,915.0,920.0,390.0,399.0,388.0
3889.0,914.0,908.0,911.0,389.0,384.0,383.0
3905.0,909.0,907.0,917.0,396.0,389.0,387.0
3886.0,903.0,903.0,909.0,389.0,392.0,390.0
3889.0,896.0,913.0,914.0,390.0,394.0,382.0
3871.0,898.0,904.0,901.0,391.0,393.0,384.0
3871.0,890.0,913.0,897.0,392.0,391.0,388.0
3879.0,897.0,901.0,911.0,395.0,392.0,383.0
3928.0,908.0,926.0,914.0,392.0,393.0,395.0
3954.0,920.0,918.0,926.0,402.0,393.0,395.0
3957.0,926.0,920.0,916.0,402.0,394.0,399.0
3993.0,933.0,925.0,933.0,407.0,398.0,397.0
3988.0,941.0,916.0,924.0,399.0,407.0,401.0
4008.0,952.0,915.0,931.0,410.0,399.0,401.0
4030.0,958.0,930.0,931.0,404.0,401.0,406.0
4034.0,935.0,951.0,930.0,403.0,411.0,404.0
4030.0,940.0,941.0,943.0,404.0,405.0,397.0
4053.0,950.0,955.0,936.0,408.0,396.0,408.0
4093.0,947.0,972.0,962.0,402.0,403.0,407.0
4035.0,942.0,951.0,936.0,404.0,395.0,407.0
4030.0,936.0,948.0,939.0,399.0,400.0,408.0
4033.0,924.0,959.0,947.0,401.0,398.0,404.0
4026.0,942.0,944.0,943.0,394.0,394.0,409.0
3990.0,918.0,929.0,944.0,395.0,403.0,401.0
4002.0,940.0,922.0,945.0,398.0,399.0,398.0
3979.0,929.0,920.0,950.0,391.0,392.0,397.0
3976.0,920.0,928.0,947.0,393.0,392.0,396.0
3933.0,923.0,914.0,918.0,386.0,394.0,398.0
3934.0,933.0,908.0,917.0,383.0,389.0,404.0
3901.0,912.0,897.0,912.0,391.0,393.0,396.0
3913.0,903.0,903.0,917.0,395.0,398.0,397.0
3914.0,910.0,910.0,905.0,393.0,397.0,399.0
3915.0,907.0,898.0,907.0,403.0,399.0,401.0
3932.0,904.0,910.0,918.0,400.0,403.0,397.0
3989.0,925.0,943.0,919.0,400.0,395.0,407.0
4019.0,936.0,941.0,927.0,407.0,405.0,403.0
4023.0,933.0,951.0,935.0,403.0,405.0,396.0
4021.0,952.0,929.0,919.0,407.0,408.0,406.0
4058.0,951.0,953.0,942.0,405.0,402.0,405.0
4085.0,957.0,962.0,944.0,409.0,405.0,408.0
4104.0,961.0,960.0,956.0,409.0,410.0,408.0
4138.0,974.0,971.0,955.0,413.0,421.0,404.0
4107.0,963.0,967.0,953.0,409.0,405.0,410.0
4098.0,945.0,967.0,956.0,412.0,408.0,410.0
4124.0,957.0,969.0,963.0,406.0,423.0,406.0
4081.0,947.0,940.0,965.0,413.0,410.0,406.0
4063.0,939.0,951.0,958.0,404.0,410.0,401.0
4030.0,933.0,931.0,955.0,408.0,403.0,400.0
4064.0,943.0,943.0,957.0,406.0,410.0,405.0
4032.0,941.0,944.0,948.0,397.0,402.0,400.0
4006.0,939.0,929.0,942.0,396.0,400.0,400.0
3987.0,929.0,912.0,959.0,391.0,401.0,395.0
3959.0,923.0,912.0,940.0,391.0,393.0,400.0
3974.0,936.0,924.0,926.0,400.0,393.0,395.0
3964.0,934.0,922.0,925.0,395.0,389.0,399.0
4012.0,951.0,947.0,926.0,399.0,400.0,389.0
3940.0,923.0,930.0,913.0,397.0,386.0,391.0
4010.0,933.0,954.0,917.0,407.0,396.0,403.0
3993.0,936.0,942.0,911.0,406.0,395.0,403.0
3991.0,928.0,936.0,921.0,404.0,400.0,402.0
4044.0,931.0,965.0,934.0,410.0,404.0,400.0
4034.0,936.0,947.0,922.0,405.0,408.0,416.0
4102.0,964.0,964.0,944.0,412.0,411.0,407.0
4100.0,946.0,968.0,950.0,417.0,405.0,414.0
4104.0,967.0,955.0,951.0,411.0,409.0,411.0
4158.0,983.0,962.0,972.0,412.0,418.0,411.0
4142.0,970.0,963.0,968.0,417.0,414.0,410.0
4176.0,970.0,972.0,971.0,423.0,421.0,419.0
4195.0,976.0,961.0,988.0,425.0,420.0,425.0
4185.0,976.0,956.0,988.0,418.0,428.0,419.0
4159.0,965.0,971.0,972.0,417.0,415.0,419.0
4158.0,962.0,971.0,962.0,419.0,423.0,421.0
4130.0,963.0,949.0,971.0,414.0,414.0,419.0
4139.0,964.0,975.0,959.0,409.0,417.0,415.0
4084.0,943.0,950.0,966.0,403.0,416.0,406.0
4109.0,955.0,963.0,972.0,400.0,412.0,407.0
4086.0,961.0,952.0,964.0,404.0,404.0,401.0
4071.0,962.0,956.0,945.0,404.0,404.0,400.0
4066.0,957.0,953.0,950.0,399.0,404.0,403.0
4038.0,958.0,941.0,933.0,405.0,398.0,403.0
4053.0,957.0,954.0,935.0,400.0,402.0,405.0
4014.0,934.0,945.0,942.0,399.0,401.0,393.0
4029.0,930.0,946.0,936.0,404.0,400.0,413.0
4016.0,926.0,948.0,939.0,400.0,404.0,399.0
4055.0,955.0,950.0,949.0,402.0,396.0,403.0
4009.0,927.0,939.0,937.0,400.0,401.0,405.0
4060.0,942.0,945.0,954.0,409.0,406.0,404.0
4081.0,951.0,944.0,978.0,407.0,400.0,401.0
4130.0,971.0,959.0,964.0,414.0,414.0,408.0
4112.0,954.0,959.0,968.0,419.0,405.0,407.0
4168.0,979.0,955.0,984.0,419.0,416.0,415.0
4205.0,994.0,980.0,979.0,423.0,414.0,415.0
4222.0,995.0,972.0,992.0,426.0,416.0,421.0
4246.0,991.0,1002.0,996.0,422.0,422.0,413.0
4233.0,980.0,1006.0,986.0,428.0,412.0,421.0
4242.0,996.0,997.0,990.0,422.0,422.0,415.0
4195.0,958.0,978.0,995.0,423.0,427.0,414.0
4210.0,980.0,986.0,981.0,427.0,409.0,427.0
4159.0,969.0,968.0,962.0,420.0,417.0,423.0
4165.0,972.0,968.0,958.0,421.0,426.0,420.0
4157.0,970.0,962.0,974.0,417.0,418.0,416.0
4134.0,968.0,960.0,956.0,418.0,418.0,414.0
4130.0,977.0,958.0,948.0,416.0,418.0,413.0
4081.0,955.0,949.0,938.0,416.0,414.0,409.0
4084.0,954.0,950.0,947.0,409.0,419.0,405.0
4084.0,965.0,937.0,945.0,410.0,418.0,409.0
4113.0,958.0,955.0,948.0,417.0,419.0,416.0
4083.0,956.0,957.0,946.0,404.0,409.0,411.0
4096.0,967.0,947.0,964.0,401.0,408.0,409.0
4096.0,944.0,961.0,959.0,407.0,409.0,416.0
4100.0,956.0,957.0,955.0,408.0,409.0,415.0
4113.0,953.0,958.0,967.0,407.0,420.0,408.0
4152.0,977.0,971.0,968.0,411.0,414.0,411.0
4144.0,953.0,987.0,962.0,418.0,412.0,412.0
4161.0,966.0,977.0,983.0,413.0,408.0,414.0
4224.0,980.0,989.0,998.0,418.0,420.0,419.0
4216.0,998.0,985.0,984.0,416.0,411.0,422.0
4243.0,988.0,976.0,999.0,429.0,424.0,427.0
4252.0,1014.0,963.0,999.0,434.0,419.0,423.0
4268.0,1014.0,976.0,1009.0,424.0,426.0,419.0
4243.0,1002.0,980.0,1003.0,417.0,422.0,419.0
4269.0,997.0,980.0,1015.0,428.0,425.0,424.0
4225.0,976.0,979.0,987.0,432.0,430.0,421.0
4235.0,985.0,967.0,1010.0,431.0,421.0,421.0
4218.0,969.0,986.0,990.0,433.0,421.0,419.0
4208.0,974.0,990.0,979.0,421.0,419.0,425.0
4210.0,982.0,995.0,972.0,421.0,417.0,423.0
4188.0,976.0,985.0,975.0,417.0,420.0,415.0
4197.0,992.0,976.0,978.0,422.0,419.0,410.0
4177.0,979.0,983.0,969.0,419.0,413.0,414.0
4134.0,965.0,961.0,961.0,421.0,412.0,414.0
4119.0,962.0,980.0,940.0,415.0,413.0,409.0
4157.0,963.0,985.0,962.0,414.0,421.0,412.0
4140.0,965.0,965.0,957.0,413.0,423.0,417.0
4139.0,973.0,971.0,961.0,410.0,418.0,406.0
4126.0,961.0,967.0,953.0,410.0,421.0,414.0
4169.0,967.0,973.0,976.0,406.0,427.0,420.0
4164.0,955.0,988.0,971.0,416.0,416.0,418.0
4204.0,990.0,971.0,981.0,413.0,424.0,425.0
4203.0,978.0,964.0,992.0,422.0,427.0,420.0
4238.0,1006.0,964.0,997.0,424.0,422.0,425.0
4244.0,984.0,989.0,1003.0,417.0,426.0,425.0
4248.0,996.0,972.0,1001.0,417.0,438.0,424.0
4295.0,1030.0,994.0,978.0,426.0,430.0,437.0
4282.0,1001.0,986.0,1006.0,428.0,425.0,436.0
4311.0,1012.0,1008.0,999.0,428.0,429.0,435.0
4299.0,1004.0,1007.0,1001.0,432.0,423.0,432.0
4319.0,995.0,1020.0,1008.0,431.0,432.0,433.0
4341.0,1020.0,1001.0,1013.0,439.0,438.0,430.0
4287.0,986.0,999.0,1014.0,432.0,428.0,428.0
4291.0,1000.0,1007.0,996.0,432.0,428.0,428.0
4259.0,998.0,998.0,989.0,428.0,422.0,424.0
4297.0,985.0,1015.0,1009.0,433.0,423.0,432.0
4208.0,972.0,990.0,974.0,423.0,423.0,426.0
4195.0,972.0,984.0,980.0,423.0,417.0,419.0
4223.0,986.0,980.0,993.0,427.0,417.0,420.0
4209.0,994.0,989.0,975.0,418.0,417.0,416.0
4169.0,991.0,951.0,976.0,419.0,414.0,418.0
4182.0,984.0,969.0,972.0,418.0,422.0,417.0
4156.0,979.0,956.0,973.0,416.0,415.0,417.0
4178.0,986.0,956.0,996.0,412.0,417.0,411.0
4214.0,979.0,989.0,996.0,415.0,422.0,413.0
4218.0,978.0,992.0,983.0,421.0,425.0,419.0
4231.0,972.0,995.0,998.0,424.0,427.0,415.0
4231.0,989.0,984.0,993.0,424.0,423.0,418.0
4259.0,990.0,1003.0,987.0,424.0,429.0,426.0
4274.0,989.0,1008.0,1006.0,423.0,426.0,422.0
4292.0,1003.0,1013.0,1003.0,422.0,429.0,422.0
4364.0,1024.0,1020.0,1023.0,431.0,430.0,436.0
4376.0,1035.0,1027.0,1015.0,426.0,444.0,429.0
4369.0,1020.0,1029.0,1021.0,431.0,434.0,434.0
4364.0,1003.0,1031.0,1027.0,434.0,439.0,430.0
4362.0,1026.0,1028.0,1009.0,432.0,439.0,428.0
4373.0,1011.0,1016.0,1027.0,437.0,444.0,438.0
4338.0,1018.0,1017.0,983.0,442.0,438.0,440.0
4335.0,1007.0,1001.0,1012.0,436.0,438.0,441.0
4346.0,1026.0,991.0,1016.0,437.0,440.0,436.0
4348.0,1006.0,1013.0,1011.0,437.0,440.0,441.0
4332.0,1010.0,990.0,1015.0,440.0,437.0,440.0
4292.0,995.0,1003.0,989.0,437.0,435.0,433.0
4246.0,978.0,989.0,988.0,430.0,429.0,432.0
4276.0,1002.0,993.0,999.0,433.0,421.0,428.0
4280.0,1002.0,1005.0,992.0,430.0,420.0,431.0
4236.0,1004.0,1005.0,964.0,423.0,415.0,425.0
4250.0,991.0,996.0,989.0,423.0,420.0,431.0
4258.0,981.0,1004.0,1006.0,422.0,416.0,429.0
4209.0,971.0,994.0,981.0,420.0,419.0,424.0
4291.0,990.0,1004.0,1023.0,430.0,423.0,421.0
4251.0,990.0,989.0,992.0,425.0,422.0,433.0
4276.0,978.0,1007.0,1008.0,424.0,428.0,431.0
4277.0,989.0,1005.0,1012.0,427.0,422.0,422.0
4297.0,997.0,998.0,1010.0,428.0,429.0,435.0
4297.0,993.0,1015.0,1008.0,429.0,429.0,423.0
4346.0,1022.0,1005.0,1017.0,435.0,434.0,433.0
4352.0,1035.0,999.0,1003.0,441.0,439.0,435.0
4381.0,1030.0,1014.0,1023.0,435.0,438.0,441.0
4381.0,1022.0,1020.0,1016.0,435.0,444.0,444.0
4371.0,1032.0,1028.0,1006.0,429.0,444.0,432.0
4441.0,1047.0,1027.0,1035.0,440.0,449.0,443.0
4438.0,1050.0,1041.0,1026.0,437.0,446.0,438.0
4420.0,1026.0,1035.0,1031.0,446.0,443.0,439.0
4379.0,1012.0,1026.0,1016.0,443.0,440.0,442.0
4370.0,1000.0,1033.0,1004.0,442.0,452.0,439.0
4400.0,1003.0,1046.0,1030.0,439.0,445.0,437.0
4353.0,1016.0,1013.0,1015.0,443.0,436.0,430.0
4353.0,1015.0,1033.0,1010.0,435.0,433.0,427.0
4345.0,1019.0,1013.0,1008.0,438.0,437.0,430.0
4353.0,1012.0,1018.0,1028.0,430.0,433.0,432.0
4331.0,1002.0,1005.0,1013.0,439.0,437.0,435.0
4311.0,998.0,1010.0,1013.0,435.0,430.0,425.0
4355.0,1010.0,1004.0,1037.0,436.0,435.0,433.0
4273.0,997.0,979.0,1012.0,426.0,430.0,429.0
4280.0,1011.0,977.0,1010.0,431.0,421.0,430.0
4268.0,984.0,991.0,1006.0,434.0,424.0,429.0
4287.0,1014.0,989.0,995.0,423.0,433.0,433.0
4300.0,995.0,994.0,1014.0,434.0,431.0,432.0
4361.0,1010.0,1018.0,1033.0,432.0,427.0,441.0
4343.0,1014.0,1010.0,1013.0,433.0,437.0,436.0
4378.0,1017.0,1015.0,1034.0,434.0,439.0,439.0
4387.0,1014.0,1027.0,1022.0,438.0,441.0,445.0
4411.0,1033.0,1026.0,1024.0,437.0,442.0,449.0
4438.0,1057.0,1037.0,1020.0,441.0,440.0,443.0
4455.0,1036.0,1040.0,1037.0,445.0,444.0,453.0
4481.0,1032.0,1066.0,1046.0,439.0,444.0,454.0
4464.0,1040.0,1059.0,1037.0,437.0,438.0,453.0
4461.0,1037.0,1048.0,1041.0,443.0,441.0,451.0
4453.0,1026.0,1056.0,1038.0,440.0,444.0,449.0
4437.0,1024.0,1044.0,1040.0,440.0,441.0,448.0
4405.0,1023.0,1031.0,1028.0,437.0,441.0,445.0
4442.0,1025.0,1029.0,1045.0,448.0,443.0,452.0
4418.0,1030.0,1023.0,1038.0,448.0,444.0,435.0
4419.0,1034.0,1034.0,1028.0,443.0,437.0,443.0
4418.0,1034.0,1026.0,1019.0,450.0,440.0,449.0
4401.0,1033.0,1011.0,1034.0,442.0,445.0,436.0
4380.0,1042.0,1004.0,1032.0,435.0,434.0,433.0
4382.0,1034.0,1004.0,1025.0,445.0,438.0,436.0
4335.0,993.0,1015.0,1018.0,438.0,438.0,433.0
4371.0,1015.0,1025.0,1021.0,441.0,436.0,433.0
4354.0,999.0,1025.0,1026.0,441.0,436.0,427.0
4325.0,1002.0,1014.0,1007.0,433.0,435.0,434.0
4370.0,1017.0,1030.0,1010.0,440.0,440.0,433.0
4380.0,1008.0,1035.0,1025.0,436.0,441.0,435.0
4358.0,1012.0,1012.0,1017.0,436.0,444.0,437.0
4396.0,1037.0,1025.0,1023.0,440.0,437.0,434.0
4424.0,1021.0,1028.0,1041.0,440.0,450.0,444.0
4447.0,1042.0,1034.0,1040.0,439.0,450.0,442.0
4446.0,1054.0,1036.0,1028.0,439.0,449.0,440.0
4465.0,1056.0,1033.0,1035.0,448.0,446.0,447.0
4478.0,1048.0,1042.0,1052.0,444.0,448.0,444.0
4477.0,1059.0,1019.0,1045.0,447.0,454.0,453.0
4496.0,1063.0,1046.0,1045.0,445.0,449.0,448.0
4516.0,1058.0,1041.0,1067.0,448.0,447.0,455.0
4516.0,1053.0,1065.0,1049.0,452.0,443.0,454.0
4503.0,1050.0,1038.0,1067.0,447.0,446.0,455.0
4452.0,1042.0,1038.0,1036.0,445.0,439.0,452.0
4465.0,1031.0,1044.0,1053.0,446.0,442.0,449.0
4507.0,1040.0,1063.0,1056.0,444.0,446.0,458.0
4479.0,1047.0,1037.0,1056.0,445.0,447.0,447.0
4422.0,1011.0,1045.0,1028.0,445.0,441.0,452.0
4474.0,1049.0,1053.0,1034.0,448.0,436.0,454.0
4462.0,1043.0,1041.0,1045.0,441.0,444.0,448.0
4396.0,1024.0,1019.0,1030.0,443.0,433.0,447.0
4410.0,1026.0,1030.0,1021.0,442.0,441.0,450.0
4424.0,1028.0,1027.0,1029.0,454.0,437.0,449.0
4404.0,1028.0,1020.0,1037.0,438.0,442.0,439.0
4386.0,1015.0,1012.0,1025.0,449.0,448.0,437.0
4406.0,1033.0,1029.0,1014.0,444.0,441.0,445.0
4422.0,1028.0,1027.0,1039.0,438.0,445.0,445.0
4433.0,1023.0,1037.0,1035.0,441.0,450.0,447.0
4454.0,1034.0,1042.0,1039.0,443.0,449.0,447.0
4464.0,1048.0,1032.0,1040.0,445.0,449.0,450.0
4503.0,1060.0,1040.0,1042.0,457.0,458.0,446.0
4560.0,1070.0,1072.0,1052.0,459.0,454.0,453.0
4540.0,1069.0,1044.0,1056.0,459.0,458.0,454.0
4565.0,1072.0,1079.0,1051.0,448.0,460.0,455.0
4577.0,1068.0,1084.0,1063.0,453.0,456.0,453.0
4571.0,1075.0,1074.0,1054.0,452.0,458.0,458.0
4593.0,1056.0,1081.0,1084.0,457.0,461.0,454.0
4620.0,1065.0,1101.0,1091.0,452.0,455.0,456.0
4544.0,1042.0,1066.0,1077.0,454.0,457.0,448.0
4577.0,1058.0,1077.0,1081.0,456.0,450.0,455.0
4540.0,1053.0,1065.0,1062.0,449.0,459.0,452.0
4519.0,1052.0,1049.0,1076.0,443.0,450.0,449.0
4514.0,1034.0,1057.0,1063.0,455.0,455.0,450.0
4483.0,1067.0,1048.0,1032.0,438.0,452.0,446.0
4451.0,1060.0,1031.0,1031.0,444.0,438.0,447.0
4482.0,1055.0,1048.0,1045.0,445.0,444.0,445.0
4461.0,1056.0,1031.0,1034.0,449.0,446.0,445.0
4467.0,1037.0,1033.0,1049.0,454.0,451.0,443.0
4438.0,1042.0,1034.0,1032.0,445.0,445.0,440.0
4472.0,1048.0,1051.0,1032.0,453.0,440.0,448.0
4433.0,1023.0,1054.0,1013.0,449.0,448.0,446.0
4497.0,1058.0,1055.0,1041.0,457.0,439.0,447.0
4465.0,1031.0,1049.0,1028.0,456.0,446.0,455.0
4522.0,1053.0,1072.0,1041.0,456.0,445.0,455.0
4497.0,1045.0,1050.0,1039.0,458.0,447.0,458.0
4543.0,1062.0,1060.0,1052.0,455.0,458.0,456.0
4565.0,1055.0,1079.0,1065.0,451.0,454.0,461.0
4590.0,1068.0,1078.0,1050.0,467.0,459.0,468.0
4620.0,1077.0,1085.0,1076.0,461.0,457.0,464.0
4635.0,1076.0,1086.0,1074.0,467.0,461.0,471.0
4612.0,1077.0,1067.0,1082.0,461.0,459.0,466.0
4645.0,1091.0,1063.0,1088.0,469.0,464.0,470.0
4621.0,1067.0,1059.0,1099.0,465.0,468.0,463.0
4632.0,1063.0,1075.0,1095.0,461.0,471.0,467.0
4618.0,1069.0,1073.0,1087.0,457.0,466.0,466.0
4597.0,1061.0,1089.0,1066.0,455.0,460.0,466.0
4571.0,1056.0,1066.0,1080.0,457.0,459.0,453.0
4595.0,1067.0,1077.0,1072.0,456.0,468.0,455.0
4596.0,1058.0,1085.0,1081.0,451.0,464.0,457.0
4589.0,1068.0,1072.0,1081.0,451.0,460.0,457.0
4577.0,1066.0,1087.0,1062.0,456.0,452.0,454.0
4524.0,1062.0,1074.0,1044.0,448.0,457.0,439.0
4486.0,1060.0,1054.0,1031.0,444.0,450.0,447.0
4511.0,1066.0,1048.0,1043.0,446.0,459.0,449.0
4509.0,1063.0,1058.0,1030.0,454.0,454.0,450.0
4506.0,1046.0,1063.0,1038.0,457.0,456.0,446.0
4478.0,1037.0,1051.0,1044.0,448.0,450.0,448.0
4485.0,1034.0,1066.0,1045.0,446.0,448.0,446.0
4482.0,1026.0,1055.0,1047.0,454.0,453.0,447.0
4518.0,1043.0,1054.0,1047.0,460.0,460.0,454.0
4542.0,1054.0,1057.0,1065.0,461.0,450.0,455.0
4575.0,1070.0,1060.0,1069.0,462.0,456.0,458.0
4612.0,1066.0,1069.0,1088.0,469.0,459.0,461.0
4651.0,1100.0,1071.0,1101.0,469.0,452.0,458.0
4668.0,1103.0,1083.0,1084.0,472.0,460.0,466.0
4644.0,1106.0,1072.0,1069.0,471.0,463.0,463.0
4672.0,1092.0,1087.0,1097.0,463.0,464.0,469.0
4694.0,1098.0,1088.0,1102.0,470.0,469.0,467.0
4672.0,1081.0,1081.0,1107.0,464.0,466.0,473.0
4701.0,1100.0,1099.0,1100.0,471.0,465.0,466.0
4626.0,1068.0,1072.0,1092.0,464.0,462.0,468.0
4644.0,1074.0,1083.0,1088.0,463.0,464.0,472.0
4673.0,1089.0,1085.0,1103.0,462.0,462.0,472.0
4650.0,1100.0,1072.0,1078.0,460.0,471.0,469.0
4642.0,1078.0,1081.0,1084.0,461.0,468.0,470.0
4610.0,1071.0,1078.0,1079.0,453.0,464.0,465.0
4565.0,1058.0,1068.0,1064.0,454.0,459.0,462.0
4564.0,1090.0,1048.0,1057.0,443.0,463.0,463.0
4555.0,1076.0,1065.0,1049.0,450.0,454.0,461.0
4534.0,1050.0,1057.0,1062.0,451.0,460.0,454.0
4531.0,1070.0,1040.0,1060.0,453.0,453.0,455.0
4552.0,1066.0,1062.0,1059.0,451.0,454.0,460.0
4540.0,1053.0,1056.0,1059.0,456.0,461.0,455.0
4593.0,1054.0,1065.0,1082.0,463.0,463.0,466.0
4602.0,1068.0,1067.0,1082.0,465.0,462.0,458.0
4603.0,1071.0,1074.0,1068.0,464.0,468.0,458.0
4617.0,1076.0,1074.0,1081.0,463.0,459.0,464.0
4671.0,1093.0,1089.0,1096.0,465.0,467.0,461.0
4710.0,1104.0,1092.0,1103.0,468.0,466.0,477.0
4709.0,1105.0,1095.0,1107.0,473.0,464.0,465.0
4751.0,1113.0,1110.0,1112.0,472.0,471.0,473.0
4726.0,1095.0,1101.0,1116.0,472.0,471.0,471.0
4709.0,1095.0,1090.0,1117.0,476.0,464.0,467.0
4743.0,1112.0,1094.0,1121.0,471.0,479.0,466.0
4738.0,1107.0,1108.0,1105.0,476.0,472.0,470.0
4733.0,1100.0,1110.0,1115.0,475.0,468.0,465.0
4712.0,1104.0,1096.0,1102.0,474.0,466.0,470.0
4646.0,1082.0,1084.0,1086.0,466.0,465.0,463.0
4658.0,1094.0,1084.0,1075.0,470.0,469.0,466.0
4650.0,1079.0,1087.0,1089.0,472.0,460.0,463.0
4628.0,1087.0,1081.0,1069.0,462.0,455.0,474.0
4640.0,1096.0,1101.0,1070.0,455.0,458.0,460.0
4629.0,1081.0,1078.0,1077.0,460.0,474.0,459.0
4640.0,1104.0,1079.0,1076.0,460.0,461.0,460.0
4607.0,1094.0,1085.0,1052.0,453.0,464.0,459.0
4645.0,1095.0,1093.0,1078.0,460.0,461.0,458.0
4588.0,1072.0,1076.0,1065.0,454.0,468.0,453.0
4584.0,1058.0,1075.0,1078.0,459.0,454.0,460.0
4601.0,1061.0,1082.0,1085.0,455.0,458.0,460.0
4614.0,1074.0,1085.0,1075.0,455.0,463.0,462.0
4637.0,1071.0,1085.0,1093.0,461.0,464.0,463.0
4696.0,1087.0,1105.0,1094.0,467.0,471.0,472.0
4662.0,1085.0,1091.0,1086.0,466.0,469.0,465.0
4701.0,1088.0,1100.0,1100.0,469.0,465.0,479.0
4753.0,1113.0,1103.0,1117.0,470.0,475.0,475.0
4771.0,1124.0,1082.0,1120.0,478.0,481.0,486.0
4770.0,1111.0,1094.0,1124.0,482.0,474.0,485.0
4783.0,1125.0,1102.0,1115.0,477.0,475.0,489.0
4768.0,1120.0,1106.0,1100.0,481.0,483.0,478.0
4805.0,1122.0,1116.0,1126.0,483.0,476.0,482.0
4759.0,1110.0,1104.0,1109.0,477.0,476.0,483.0
4766.0,1098.0,1122.0,1113.0,482.0,469.0,482.0
4765.0,1117.0,1109.0,1108.0,479.0,478.0,474.0
4748.0,1090.0,1121.0,1104.0,483.0,471.0,479.0
4758.0,1093.0,1129.0,1100.0,481.0,475.0,480.0
4730.0,1104.0,1114.0,1097.0,475.0,469.0,471.0
4713.0,1104.0,1113.0,1092.0,470.0,464.0,470.0
4705.0,1093.0,1123.0,1079.0,474.0,466.0,470.0
4686.0,1097.0,1101.0,1085.0,474.0,462.0,467.0
4675.0,1098.0,1086.0,1096.0,463.0,467.0,465.0
4660.0,1091.0,1077.0,1102.0,462.0,467.0,461.0
4658.0,1098.0,1077.0,1097.0,465.0,460.0,461.0
4618.0,1078.0,1083.0,1077.0,463.0,462.0,455.0
4622.0,1088.0,1072.0,1083.0,463.0,460.0,456.0
4667.0,1096.0,1088.0,1090.0,461.0,466.0,466.0
4655.0,1084.0,1076.0,1095.0,463.0,467.0,470.0
4639.0,1075.0,1075.0,1091.0,468.0,466.0,464.0
4679.0,1083.0,1087.0,1112.0,471.0,468.0,458.0
4713.0,1096.0,1102.0,1104.0,468.0,477.0,466.0
4759.0,1103.0,1108.0,1114.0,482.0,478.0,474.0
4786.0,1126.0,1119.0,1125.0,469.0,478.0,469.0
4793.0,1106.0,1127.0,1118.0,484.0,481.0,477.0
4843.0,1143.0,1145.0,1108.0,481.0,483.0,483.0
4837.0,1112.0,1148.0,1131.0,484.0,484.0,478.0
4844.0,1132.0,1138.0,1128.0,486.0,484.0,476.0
4816.0,1116.0,1140.0,1114.0,479.0,492.0,475.0
4837.0,1132.0,1133.0,1115.0,491.0,483.0,483.0
4822.0,1114.0,1124.0,1122.0,495.0,482.0,485.0
4791.0,1106.0,1132.0,1099.0,493.0,483.0,478.0
4792.0,1110.0,1105.0,1127.0,483.0,485.0,482.0
4833.0,1108.0,1141.0,1128.0,486.0,485.0,485.0
4746.0,1094.0,1103.0,1101.0,485.0,479.0,484.0
4730.0,1115.0,1097.0,1090.0,469.0,478.0,481.0
4705.0,1090.0,1097.0,1090.0,475.0,474.0,479.0
4755.0,1123.0,1093.0,1112.0,476.0,475.0,476.0
4711.0,1106.0,1075.0,1108.0,474.0,464.0,484.0
4765.0,1117.0,1111.0,1116.0,472.0,477.0,472.0
4713.0,1101.0,1093.0,1102.0,470.0,471.0,476.0
4712.0,1094.0,1093.0,1114.0,468.0,467.0,476.0
4696.0,1103.0,1099.0,1100.0,461.0,463.0,470.0
4716.0,1089.0,1112.0,1101.0,469.0,472.0,473.0
4729.0,1082.0,1125.0,1105.0,468.0,471.0,478.0
4734.0,1095.0,1116.0,1102.0,483.0,467.0,471.0
4760.0,1089.0,1133.0,1118.0,472.0,474.0,474.0
4778.0,1107.0,1128.0,1119.0,475.0,476.0,473.0
4838.0,1133.0,1122.0,1138.0,482.0,484.0,479.0
4824.0,1138.0,1115.0,1130.0,478.0,481.0,482.0
4841.0,1135.0,1132.0,1129.0,478.0,478.0,489.0
4840.0,1140.0,1127.0,1121.0,489.0,487.0,476.0
4865.0,1142.0,1132.0,1135.0,485.0,486.0,485.0
4845.0,1135.0,1131.0,1114.0,491.0,488.0,486.0
4846.0,1143.0,1130.0,1119.0,492.0,484.0,478.0
4838.0,1133.0,1126.0,1113.0,495.0,488.0,483.0
4855.0,1131.0,1127.0,1144.0,488.0,484.0,481.0
4885.0,1131.0,1147.0,1129.0,498.0,494.0,486.0
4834.0,1108.0,1141.0,1132.0,488.0,485.0,480.0
4886.0,1142.0,1141.0,1135.0,492.0,488.0,488.0
4832.0,1129.0,1128.0,1129.0,479.0,483.0,484.0
4826.0,1110.0,1137.0,1120.0,491.0,491.0,477.0
4810.0,1128.0,1122.0,1109.0,488.0,481.0,482.0
4812.0,1116.0,1121.0,1122.0,482.0,488.0,483.0
4812.0,1119.0,1137.0,1125.0,470.0,487.0,474.0
4819.0,1112.0,1135.0,1131.0,481.0,485.0,475.0
4812.0,1128.0,1123.0,1128.0,479.0,477.0,477.0
4737.0,1097.0,1096.0,1112.0,478.0,480.0,474.0
4799.0,1108.0,1115.0,1128.0,477.0,486.0,485.0
4743.0,1092.0,1098.0,1127.0,472.0,479.0,475.0
4755.0,1105.0,1113.0,1109.0,471.0,481.0,476.0
4800.0,1107.0,1123.0,1122.0,484.0,477.0,487.0
4781.0,1103.0,1113.0,1121.0,482.0,480.0,482.0
4800.0,1134.0,1101.0,1122.0,478.0,482.0,483.0
4844.0,1144.0,1121.0,1133.0,481.0,478.0,487.0
4856.0,1134.0,1122.0,1139.0,486.0,483.0,492.0
4879.0,1154.0,1140.0,1128.0,482.0,483.0,492.0
4898.0,1148.0,1138.0,1127.0,501.0,486.0,498.0
4912.0,1155.0,1163.0,1126.0,490.0,479.0,499.0
4916.0,1170.0,1137.0,1128.0,492.0,492.0,497.0
4929.0,1149.0,1152.0,1147.0,488.0,497.0,496.0
4954.0,1167.0,1158.0,1145.0,497.0,496.0,491.0
4905.0,1143.0,1154.0,1128.0,495.0,492.0,493.0
4925.0,1142.0,1157.0,1154.0,493.0,488.0,491.0
4928.0,1155.0,1154.0,1134.0,496.0,493.0,496.0
4924.0,1139.0,1162.0,1156.0,493.0,486.0,488.0
4836.0,1115.0,1135.0,1132.0,486.0,489.0,479.0
4875.0,1138.0,1114.0,1146.0,495.0,493.0,489.0
4857.0,1126.0,1124.0,1138.0,497.0,480.0,492.0
4825.0,1123.0,1118.0,1130.0,483.0,484.0,487.0
4830.0,1126.0,1125.0,1132.0,485.0,477.0,485.0
4829.0,1135.0,1113.0,1137.0,483.0,480.0,481.0
4810.0,1118.0,1127.0,1128.0,475.0,488.0,474.0
4776.0,1111.0,1105.0,1118.0,481.0,486.0,475.0
4793.0,1116.0,1100.0,1128.0,482.0,486.0,481.0
4812.0,1121.0,1130.0,1125.0,483.0,478.0,475.0
4815.0,1111.0,1141.0,1120.0,482.0,483.0,478.0
4853.0,1114.0,1136.0,1137.0,490.0,489.0,487.0
4822.0,1105.0,1145.0,1123.0,478.0,491.0,480.0
4846.0,1126.0,1144.0,1125.0,480.0,492.0,479.0
4930.0,1150.0,1169.0,1140.0,495.0,492.0,484.0
4947.0,1161.0,1164.0,1149.0,490.0,498.0,485.0
4971.0,1169.0,1161.0,1156.0,488.0,496.0,501.0
4954.0,1162.0,1158.0,1150.0,489.0,500.0,495.0
4969.0,1165.0,1168.0,1145.0,497.0,495.0,499.0
4983.0,1179.0,1159.0,1154.0,500.0,490.0,501.0
4973.0,1155.0,1156.0,1163.0,494.0,504.0,501.0
4977.0,1168.0,1160.0,1157.0,495.0,496.0,501.0
4972.0,1141.0,1159.0,1171.0,506.0,499.0,496.0
4998.0,1161.0,1177.0,1165.0,496.0,498.0,501.0
4961.0,1147.0,1151.0,1172.0,498.0,494.0,499.0
4959.0,1139.0,1160.0,1171.0,495.0,490.0,504.0
4942.0,1156.0,1143.0,1161.0,498.0,485.0,499.0
4949.0,1140.0,1154.0,1166.0,500.0,491.0,498.0
4903.0,1142.0,1134.0,1154.0,494.0,485.0,494.0
4947.0,1161.0,1160.0,1145.0,495.0,487.0,499.0
4910.0,1136.0,1153.0,1160.0,483.0,486.0,492.0
4887.0,1135.0,1143.0,1155.0,486.0,485.0,483.0
4863.0,1134.0,1132.0,1131.0,493.0,481.0,492.0
4905.0,1145.0,1162.0,1136.0,490.0,481.0,491.0
4890.0,1118.0,1158.0,1150.0,491.0,486.0,487.0
4858.0,1139.0,1126.0,1134.0,484.0,488.0,487.0
4860.0,1127.0,1130.0,1129.0,496.0,490.0,488.0
4866.0,1132.0,1134.0,1129.0,489.0,490.0,492.0
4892.0,1130.0,1134.0,1141.0,498.0,491.0,498.0
4914.0,1146.0,1140.0,1147.0,488.0,493.0,500.0
4956.0,1170.0,1149.0,1152.0,488.0,499.0,498.0
4954.0,1167.0,1141.0,1152.0,498.0,504.0,492.0
4987.0,1164.0,1166.0,1160.0,494.0,507.0,496.0
4992.0,1174.0,1162.0,1162.0,497.0,498.0,499.0
5019.0,1185.0,1169.0,1162.0,503.0,508.0,492.0
5029.0,1179.0,1185.0,1171.0,494.0,501.0,499.0
5047.0,1173.0,1187.0,1175.0,507.0,509.0,496.0
5055.0,1179.0,1183.0,1185.0,503.0,502.0,503.0
5022.0,1169.0,1176.0,1168.0,499.0,508.0,502.0
5018.0,1155.0,1185.0,1167.0,496.0,512.0,503.0
4993.0,1144.0,1177.0,1177.0,497.0,495.0,503.0
5038.0,1165.0,1185.0,1175.0,503.0,505.0,505.0
5020.0,1179.0,1160.0,1174.0,504.0,507.0,496.0
4998.0,1157.0,1163.0,1190.0,500.0,494.0,494.0
4982.0,1160.0,1153.0,1175.0,504.0,498.0,492.0
4954.0,1173.0,1147.0,1150.0,498.0,494.0,492.0
4958.0,1177.0,1147.0,1152.0,496.0,498.0,488.0
4915.0,1158.0,1137.0,1145.0,493.0,491.0,491.0
4934.0,1165.0,1127.0,1166.0,504.0,484.0,488.0
4892.0,1154.0,1136.0,1136.0,493.0,486.0,487.0
4899.0,1138.0,1146.0,1143.0,489.0,489.0,494.0
4868.0,1126.0,1124.0,1143.0,491.0,487.0,497.0
4894.0,1133.0,1148.0,1130.0,501.0,489.0,493.0
4943.0,1147.0,1154.0,1151.0,504.0,488.0,499.0
4974.0,1155.0,1171.0,1156.0,500.0,495.0,497.0
4971.0,1153.0,1163.0,1159.0,496.0,492.0,508.0
5004.0,1161.0,1176.0,1167.0,498.0,496.0,506.0
5010.0,1163.0,1188.0,1153.0,503.0,499.0,504.0
5050.0,1168.0,1181.0,1184.0,503.0,503.0,511.0
5077.0,1191.0,1189.0,1176.0,493.0,514.0,514.0
5078.0,1175.0,1184.0,1200.0,501.0,511.0,507.0
5075.0,1191.0,1176.0,1186.0,502.0,507.0,513.0
5098.0,1184.0,1194.0,1194.0,501.0,512.0,513.0
5083.0,1179.0,1186.0,1193.0,505.0,504.0,516.0
5088.0,1198.0,1180.0,1188.0,501.0,513.0,508.0
5058.0,1176.0,1168.0,1183.0,499.0,517.0,515.0
5068.0,1170.0,1177.0,1194.0,508.0,508.0,511.0
5047.0,1171.0,1173.0,1177.0,506.0,516.0,504.0
5016.0,1159.0,1163.0,1190.0,496.0,506.0,502.0
5023.0,1186.0,1155.0,1169.0,503.0,506.0,504.0
5036.0,1182.0,1170.0,1177.0,506.0,500.0,501.0
4993.0,1167.0,1164.0,1164.0,502.0,499.0,497.0
5019.0,1174.0,1171.0,1171.0,497.0,502.0,504.0
4974.0,1161.0,1153.0,1164.0,500.0,501.0,495.0
4963.0,1169.0,1144.0,1164.0,497.0,495.0,494.0
4956.0,1151.0,1173.0,1140.0,502.0,505.0,485.0
4967.0,1157.0,1164.0,1156.0,499.0,496.0,495.0
4979.0,1168.0,1157.0,1156.0,496.0,502.0,500.0
4995.0,1160.0,1166.0,1174.0,501.0,500.0,494.0
4993.0,1155.0,1169.0,1163.0,509.0,503.0,494.0
5017.0,1171.0,1164.0,1171.0,503.0,504.0,504.0
5061.0,1191.0,1181.0,1172.0,506.0,505.0,506.0
5042.0,1187.0,1159.0,1180.0,504.0,507.0,505.0
5037.0,1188.0,1158.0,1189.0,501.0,505.0,496.0
5067.0,1188.0,1159.0,1200.0,505.0,510.0,505.0
5108.0,1206.0,1187.0,1189.0,513.0,509.0,504.0
5130.0,1222.0,1160.0,1214.0,518.0,502.0,514.0
5102.0,1184.0,1192.0,1193.0,513.0,512.0,508.0
5184.0,1215.0,1202.0,1224.0,512.0,515.0,516.0
5158.0,1202.0,1201.0,1215.0,511.0,509.0,520.0
5156.0,1206.0,1201.0,1219.0,508.0,508.0,514.0
5109.0,1187.0,1208.0,1178.0,506.0,512.0,518.0
5122.0,1168.0,1199.0,1215.0,511.0,516.0,513.0
5114.0,1202.0,1200.0,1192.0,507.0,505.0,508.0
5127.0,1178.0,1218.0,1197.0,502.0,512.0,520.0
5110.0,1194.0,1192.0,1183.0,508.0,514.0,519.0
5089.0,1186.0,1187.0,1183.0,509.0,512.0,512.0
5061.0,1186.0,1190.0,1169.0,504.0,509.0,503.0
5033.0,1186.0,1180.0,1159.0,499.0,507.0,502.0
5040.0,1178.0,1172.0,1169.0,508.0,501.0,512.0
5009.0,1178.0,1168.0,1155.0,499.0,502.0,507.0
5004.0,1176.0,1158.0,1155.0,502.0,508.0,505.0
5010.0,1177.0,1164.0,1156.0,502.0,504.0,507.0
5062.0,1171.0,1176.0,1184.0,504.0,513.0,514.0
5024.0,1170.0,1169.0,1167.0,504.0,510.0,504.0
5052.0,1181.0,1161.0,1192.0,505.0,507.0,506.0
5042.0,1168.0,1171.0,1182.0,505.0,510.0,506.0
5080.0,1185.0,1173.0,1185.0,513.0,508.0,516.0
5116.0,1194.0,1193.0,1191.0,513.0,513.0,512.0
5164.0,1210.0,1210.0,1195.0,521.0,512.0,516.0
5171.0,1210.0,1204.0,1203.0,518.0,521.0,515.0
5186.0,1216.0,1228.0,1212.0,516.0,506.0,508.0
5189.0,1218.0,1217.0,1199.0,522.0,518.0,515.0
5205.0,1227.0,1204.0,1231.0,518.0,513.0,512.0
5199.0,1213.0,1215.0,1216.0,513.0,528.0,514.0
5213.0,1216.0,1219.0,1227.0,516.0,518.0,517.0
5149.0,1202.0,1211.0,1198.0,520.0,505.0,513.0
5169.0,1203.0,1210.0,1208.0,515.0,514.0,519.0
5111.0,1186.0,1189.0,1191.0,518.0,514.0,513.0
5136.0,1197.0,1201.0,1201.0,513.0,512.0,512.0
5124.0,1198.0,1189.0,1197.0,509.0,513.0,518.0
5104.0,1185.0,1177.0,1205.0,517.0,512.0,508.0
5085.0,1192.0,1187.0,1189.0,506.0,506.0,505.0
5092.0,1193.0,1184.0,1192.0,506.0,503.0,514.0
5087.0,1183.0,1190.0,1181.0,512.0,510.0,511.0
5079.0,1183.0,1180.0,1197.0,501.0,514.0,504.0
5091.0,1202.0,1205.0,1169.0,504.0,506.0,505.0
5095.0,1178.0,1198.0,1198.0,510.0,507.0,504.0
5071.0,1173.0,1196.0,1181.0,506.0,508.0,507.0
5073.0,1167.0,1180.0,1193.0,515.0,514.0,504.0
5059.0,1186.0,1173.0,1186.0,504.0,502.0,508.0
5135.0,1189.0,1198.0,1206.0,509.0,515.0,518.0
5126.0,1190.0,1210.0,1197.0,516.0,503.0,510.0
5177.0,1195.0,1215.0,1208.0,519.0,522.0,518.0
5184.0,1199.0,1198.0,1230.0,519.0,516.0,522.0
5212.0,1208.0,1221.0,1222.0,518.0,524.0,519.0
5219.0,1216.0,1200.0,1227.0,524.0,524.0,528.0
5226.0,1231.0,1203.0,1224.0,519.0,526.0,523.0
5226.0,1231.0,1201.0,1212.0,526.0,527.0,529.0
5269.0,1237.0,1220.0,1235.0,522.0,524.0,531.0
5254.0,1243.0,1210.0,1233.0,523.0,521.0,524.0
5276.0,1230.0,1229.0,1234.0,519.0,531.0,533.0
5232.0,1222.0,1210.0,1219.0,530.0,523.0,528.0
5267.0,1225.0,1235.0,1227.0,522.0,534.0,524.0
5200.0,1197.0,1221.0,1213.0,526.0,521.0,522.0
5177.0,1207.0,1212.0,1202.0,515.0,519.0,522.0
5176.0,1194.0,1217.0,1209.0,520.0,514.0,522.0
5210.0,1225.0,1225.0,1203.0,524.0,520.0,513.0
5182.0,1210.0,1214.0,1205.0,518.0,522.0,513.0
5178.0,1227.0,1205.0,1210.0,517.0,511.0,508.0
5159.0,1218.0,1216.0,1197.0,511.0,505.0,512.0
5159.0,1205.0,1218.0,1210.0,509.0,508.0,509.0
5106.0,1184.0,1208.0,1203.0,508.0,499.0,504.0
5103.0,1190.0,1187.0,1190.0,503.0,521.0,512.0
5145.0,1205.0,1198.0,1209.0,508.0,511.0,514.0
5124.0,1189.0,1198.0,1204.0,511.0,513.0,509.0
5073.0,1176.0,1176.0,1210.0,501.0,503.0,507.0
5126.0,1189.0,1196.0,1203.0,517.0,515.0,506.0
5183.0,1213.0,1202.0,1219.0,519.0,515.0,515.0
5221.0,1222.0,1220.0,1232.0,515.0,516.0,516.0
5201.0,1213.0,1201.0,1220.0,527.0,526.0,514.0
5244.0,1229.0,1218.0,1233.0,525.0,523.0,516.0
5321.0,1243.0,1253.0,1241.0,532.0,531.0,521.0
5262.0,1223.0,1222.0,1226.0,526.0,536.0,529.0
5296.0,1237.0,1234.0,1239.0,537.0,526.0,523.0
5318.0,1237.0,1238.0,1238.0,536.0,545.0,524.0
5299.0,1241.0,1230.0,1228.0,529.0,538.0,533.0
5302.0,1229.0,1252.0,1225.0,532.0,534.0,530.0
5300.0,1216.0,1264.0,1234.0,531.0,531.0,524.0
5306.0,1232.0,1250.0,1223.0,535.0,530.0,536.0
5272.0,1219.0,1246.0,1217.0,531.0,526.0,533.0
5234.0,1210.0,1217.0,1227.0,528.0,528.0,524.0
5208.0,1207.0,1218.0,1210.0,524.0,520.0,529.0
5227.0,1221.0,1211.0,1216.0,528.0,526.0,525.0
5241.0,1237.0,1202.0,1221.0,517.0,535.0,529.0
5196.0,1221.0,1191.0,1219.0,517.0,520.0,528.0
5231.0,1232.0,1210.0,1227.0,519.0,518.0,525.0
5154.0,1196.0,1191.0,1215.0,515.0,516.0,521.0
5177.0,1205.0,1206.0,1210.0,518.0,518.0,520.0
5173.0,1196.0,1206.0,1207.0,522.0,524.0,518.0
5169.0,1202.0,1208.0,1203.0,506.0,522.0,528.0
5196.0,1212.0,1203.0,1231.0,511.0,515.0,524.0
5217.0,1200.0,1231.0,1222.0,517.0,523.0,524.0
5229.0,1194.0,1228.0,1230.0,523.0,523.0,531.0
5251.0,1220.0,1242.0,1229.0,517.0,520.0,523.0
5245.0,1211.0,1242.0,1227.0,524.0,519.0,522.0
5261.0,1230.0,1240.0,1212.0,525.0,526.0,528.0
5292.0,1232.0,1253.0,1229.0,531.0,524.0,523.0
5324.0,1250.0,1245.0,1238.0,532.0,532.0,527.0
5327.0,1244.0,1238.0,1246.0,535.0,531.0,533.0
5351.0,1261.0,1237.0,1248.0,541.0,531.0,533.0
5363.0,1260.0,1245.0,1249.0,538.0,535.0,536.0
5350.0,1270.0,1242.0,1241.0,531.0,529.0,537.0
5310.0,1245.0,1224.0,1236.0,541.0,530.0,534.0
5303.0,1234.0,1242.0,1233.0,532.0,534.0,528.0
5326.0,1227.0,1249.0,1244.0,546.0,537.0,523.0
5295.0,1230.0,1232.0,1242.0,533.0,530.0,528.0
5303.0,1236.0,1256.0,1232.0,530.0,527.0,522.0
5280.0,1228.0,1230.0,1242.0,528.0,526.0,526.0
5276.0,1247.0,1238.0,1217.0,527.0,524.0,523.0
5290.0,1237.0,1246.0,1237.0,523.0,530.0,517.0
5270.0,1226.0,1245.0,1223.0,528.0,527.0,521.0
5288.0,1232.0,1241.0,1239.0,519.0,532.0,525.0
5266.0,1227.0,1235.0,1225.0,520.0,534.0,525.0
5254.0,1226.0,1232.0,1222.0,523.0,532.0,519.0
5221.0,1214.0,1216.0,1223.0,519.0,524.0,525.0
5276.0,1233.0,1225.0,1233.0,527.0,533.0,525.0
5251.0,1214.0,1217.0,1240.0,524.0,530.0,526.0
5258.0,1215.0,1230.0,1231.0,523.0,528.0,531.0
5260.0,1225.0,1236.0,1232.0,515.0,529.0,523.0
5246.0,1215.0,1219.0,1239.0,523.0,520.0,530.0
5289.0,1234.0,1231.0,1228.0,530.0,531.0,535.0
5347.0,1258.0,1250.0,1251.0,530.0,527.0,531.0
5342.0,1253.0,1236.0,1251.0,533.0,532.0,537.0
5360.0,1259.0,1244.0,1241.0,537.0,534.0,545.0
5376.0,1257.0,1249.0,1245.0,544.0,540.0,541.0
5370.0,1256.0,1257.0,1238.0,537.0,540.0,542.0
5395.0,1282.0,1246.0,1247.0,540.0,537.0,543.0
5402.0,1261.0,1271.0,1245.0,546.0,536.0,543.0
5434.0,1277.0,1273.0,1267.0,540.0,532.0,545.0
5368.0,1248.0,1252.0,1253.0,541.0,537.0,537.0
5427.0,1264.0,1288.0,1252.0,545.0,535.0,543.0
5392.0,1246.0,1265.0,1257.0,546.0,539.0,539.0
5364.0,1251.0,1250.0,1248.0,537.0,541.0,537.0
5357.0,1257.0,1255.0,1234.0,545.0,531.0,535.0
5356.0,1250.0,1256.0,1247.0,531.0,535.0,537.0
5341.0,1253.0,1235.0,1265.0,528.0,519.0,541.0
5339.0,1231.0,1240.0,1264.0,537.0,534.0,533.0
5297.0,1239.0,1227.0,1243.0,533.0,528.0,527.0
5347.0,1263.0,1236.0,1254.0,527.0,537.0,530.0
5284.0,1237.0,1224.0,1242.0,527.0,531.0,523.0
5270.0,1237.0,1228.0,1228.0,522.0,529.0,526.0
5290.0,1229.0,1233.0,1243.0,530.0,527.0,528.0
5284.0,1221.0,1229.0,1252.0,523.0,531.0,528.0
5276.0,1217.0,1242.0,1239.0,524.0,529.0,525.0
5272.0,1219.0,1239.0,1223.0,531.0,537.0,523.0
5346.0,1250.0,1248.0,1249.0,532.0,538.0,529.0
5347.0,1243.0,1267.0,1234.0,534.0,538.0,531.0
5337.0,1240.0,1254.0,1232.0,528.0,546.0,537.0
5378.0,1252.0,1269.0,1243.0,537.0,541.0,536.0
5387.0,1277.0,1250.0,1243.0,536.0,543.0,538.0
5420.0,1265.0,1272.0,1263.0,539.0,536.0,545.0
5459.0,1271.0,1281.0,1272.0,542.0,548.0,545.0
5426.0,1267.0,1278.0,1251.0,546.0,547.0,537.0
5433.0,1263.0,1264.0,1265.0,550.0,544.0,547.0
5484.0,1286.0,1271.0,1281.0,551.0,545.0,550.0
5437.0,1265.0,1265.0,1271.0,549.0,545.0,542.0
5453.0,1258.0,1267.0,1288.0,553.0,542.0,545.0
5422.0,1254.0,1264.0,1278.0,544.0,536.0,546.0
5408.0,1264.0,1249.0,1271.0,546.0,537.0,541.0
5433.0,1261.0,1276.0,1275.0,542.0,540.0,539.0
5413.0,1263.0,1245.0,1277.0,546.0,540.0,542.0
5393.0,1260.0,1259.0,1264.0,536.0,532.0,542.0
5369.0,1257.0,1250.0,1252.0,535.0,534.0,541.0
5366.0,1255.0,1261.0,1253.0,526.0,529.0,542.0
5362.0,1239.0,1266.0,1248.0,536.0,535.0,538.0
5394.0,1251.0,1266.0,1268.0,532.0,535.0,542.0
5353.0,1265.0,1253.0,1239.0,532.0,529.0,535.0
5324.0,1231.0,1256.0,1231.0,533.0,532.0,541.0
5331.0,1240.0,1251.0,1244.0,535.0,520.0,541.0
5354.0,1244.0,1253.0,1244.0,537.0,536.0,540.0
5375.0,1253.0,1265.0,1242.0,537.0,536.0,542.0
5384.0,1273.0,1255.0,1250.0,533.0,537.0,536.0
5383.0,1256.0,1265.0,1252.0,534.0,534.0,542.0
5402.0,1254.0,1270.0,1252.0,543.0,546.0,537.0
5454.0,1284.0,1267.0,1270.0,543.0,545.0,545.0
5470.0,1285.0,1258.0,1283.0,545.0,553.0,546.0
5470.0,1300.0,1255.0,1271.0,545.0,554.0,545.0
5482.0,1296.0,1260.0,1278.0,544.0,554.0,550.0
5482.0,1283.0,1267.0,1282.0,551.0,554.0,545.0
5477.0,1282.0,1270.0,1278.0,548.0,551.0,548.0
5504.0,1287.0,1289.0,1287.0,543.0,551.0,547.0
5501.0,1286.0,1281.0,1281.0,552.0,555.0,546.0
5490.0,1265.0,1284.0,1293.0,557.0,547.0,544.0
5462.0,1252.0,1269.0,1287.0,558.0,550.0,546.0
5480.0,1255.0,1277.0,1298.0,555.0,549.0,546.0
5475.0,1277.0,1283.0,1267.0,548.0,551.0,549.0
5481.0,1270.0,1281.0,1295.0,547.0,549.0,539.0
5450.0,1254.0,1284.0,1278.0,547.0,546.0,541.0
5414.0,1265.0,1266.0,1271.0,544.0,531.0,537.0
5416.0,1254.0,1278.0,1263.0,549.0,538.0,534.0
5380.0,1267.0,1242.0,1254.0,541.0,534.0,542.0
5361.0,1254.0,1260.0,1239.0,538.0,536.0,534.0
5357.0,1253.0,1246.0,1254.0,536.0,528.0,540.0
5354.0,1253.0,1257.0,1236.0,539.0,538.0,531.0
5394.0,1251.0,1258.0,1268.0,534.0,544.0,539.0
5370.0,1250.0,1254.0,1255.0,536.0,535.0,540.0
5389.0,1267.0,1249.0,1245.0,534.0,544.0,550.0
5434.0,1281.0,1264.0,1261.0,544.0,541.0,543.0
5455.0,1277.0,1279.0,1260.0,538.0,548.0,553.0
5436.0,1272.0,1269.0,1260.0,542.0,543.0,550.0
5514.0,1294.0,1292.0,1279.0,539.0,551.0,559.0
5518.0,1289.0,1303.0,1274.0,553.0,545.0,554.0
5534.0,1290.0,1298.0,1294.0,545.0,550.0,557.0
5552.0,1293.0,1292.0,1307.0,544.0,556.0,560.0
5560.0,1301.0,1295.0,1305.0,548.0,556.0,555.0
5578.0,1310.0,1302.0,1298.0,552.0,555.0,561.0
5603.0,1316.0,1311.0,1303.0,563.0,554.0,556.0
5565.0,1303.0,1298.0,1308.0,552.0,553.0,551.0
5567.0,1294.0,1287.0,1310.0,561.0,556.0,559.0
5558.0,1277.0,1300.0,1309.0,555.0,558.0,559.0
5539.0,1283.0,1290.0,1305.0,555.0,556.0,550.0
5540.0,1289.0,1289.0,1293.0,556.0,555.0,558.0
5501.0,1284.0,1264.0,1288.0,559.0,555.0,551.0
5504.0,1299.0,1258.0,1289.0,553.0,552.0,553.0
5459.0,1275.0,1273.0,1267.0,544.0,551.0,549.0
5451.0,1275.0,1269.0,1265.0,549.0,545.0,548.0
5422.0,1282.0,1246.0,1256.0,544.0,549.0,545.0
5457.0,1293.0,1272.0,1252.0,552.0,543.0,545.0
5410.0,1256.0,1267.0,1262.0,545.0,544.0,536.0
5425.0,1258.0,1282.0,1258.0,547.0,545.0,535.0
5440.0,1273.0,1282.0,1249.0,546.0,550.0,540.0
5457.0,1258.0,1286.0,1275.0,544.0,548.0,546.0
5452.0,1286.0,1275.0,1266.0,544.0,543.0,538.0
5471.0,1264.0,1294.0,1269.0,552.0,544.0,548.0
5480.0,1290.0,1271.0,1277.0,546.0,550.0,546.0
5507.0,1287.0,1281.0,1280.0,554.0,551.0,554.0
5532.0,1303.0,1278.0,1292.0,557.0,549.0,553.0
5537.0,1295.0,1268.0,1309.0,551.0,561.0,553.0
5559.0,1294.0,1285.0,1318.0,554.0,554.0,554.0
5607.0,1320.0,1298.0,1323.0,556.0,555.0,555.0
5581.0,1307.0,1293.0,1321.0,552.0,546.0,562.0
5594.0,1302.0,1309.0,1321.0,551.0,552.0,559.0
5590.0,1299.0,1285.0,1322.0,560.0,559.0,565.0
5589.0,1293.0,1296.0,1323.0,556.0,560.0,561.0
5604.0,1311.0,1296.0,1316.0,559.0,560.0,562.0
5585.0,1286.0,1305.0,1313.0,562.0,554.0,565.0
5557.0,1288.0,1297.0,1302.0,554.0,551.0,565.0
5594.0,1312.0,1308.0,1297.0,555.0,557.0,565.0
5570.0,1292.0,1305.0,1300.0,554.0,557.0,562.0
5550.0,1297.0,1307.0,1282.0,556.0,551.0,557.0
5540.0,1298.0,1273.0,1299.0,558.0,556.0,556.0
5489.0,1289.0,1290.0,1256.0,557.0,546.0,551.0
5472.0,1283.0,1278.0,1252.0,555.0,553.0,551.0
5496.0,1298.0,1283.0,1264.0,550.0,548.0,553.0
5492.0,1286.0,1273.0,1277.0,555.0,550.0,551.0
5478.0,1271.0,1283.0,1262.0,556.0,548.0,558.0
5497.0,1265.0,1272.0,1289.0,564.0,552.0,555.0
5500.0,1266.0,1286.0,1285.0,558.0,550.0,555.0
5488.0,1268.0,1280.0,1284.0,555.0,554.0,547.0
5491.0,1266.0,1282.0,1282.0,559.0,553.0,549.0
5595.0,1304.0,1291.0,1317.0,558.0,566.0,559.0
5583.0,1301.0,1287.0,1314.0,559.0,565.0,557.0
5593.0,1314.0,1288.0,1310.0,554.0,561.0,566.0
5615.0,1305.0,1297.0,1331.0,558.0,563.0,561.0
5646.0,1320.0,1326.0,1318.0,556.0,561.0,565.0
5638.0,1323.0,1314.0,1321.0,558.0,560.0,562.0
5671.0,1326.0,1329.0,1322.0,563.0,568.0,563.0
5672.0,1322.0,1325.0,1342.0,559.0,560.0,564.0
5672.0,1308.0,1332.0,1340.0,564.0,562.0,566.0
5680.0,1327.0,1335.0,1323.0,564.0,567.0,564.0
5635.0,1314.0,1325.0,1322.0,556.0,557.0,561.0
5634.0,1306.0,1330.0,1318.0,561.0,558.0,561.0
5599.0,1316.0,1303.0,1306.0,559.0,555.0,560.0
5579.0,1316.0,1293.0,1305.0,558.0,559.0,548.0
5624.0,1321.0,1314.0,1309.0,566.0,553.0,561.0
5538.0,1307.0,1285.0,1287.0,560.0,551.0,548.0
5553.0,1304.0,1286.0,1295.0,556.0,558.0,554.0
5547.0,1300.0,1308.0,1277.0,554.0,559.0,549.0
5545.0,1311.0,1294.0,1283.0,553.0,549.0,555.0
5499.0,1293.0,1262.0,1293.0,552.0,547.0,552.0
5507.0,1283.0,1292.0,1277.0,553.0,551.0,551.0
5566.0,1298.0,1296.0,1301.0,561.0,555.0,555.0
5520.0,1290.0,1274.0,1294.0,558.0,552.0,552.0
5576.0,1293.0,1309.0,1296.0,559.0,559.0,560.0
5589.0,1285.0,1318.0,1303.0,564.0,560.0,559.0
5617.0,1301.0,1305.0,1318.0,559.0,568.0,566.0
5656.0,1314.0,1322.0,1327.0,565.0,568.0,560.0
5662.0,1309.0,1327.0,1327.0,560.0,565.0,574.0
5661.0,1321.0,1317.0,1324.0,561.0,570.0,568.0
5680.0,1324.0,1320.0,1329.0,559.0,575.0,573.0
5764.0,1352.0,1337.0,1356.0,572.0,572.0,575.0
5722.0,1344.0,1332.0,1326.0,565.0,581.0,574.0
5704.0,1326.0,1325.0,1335.0,566.0,576.0,576.0
5691.0,1320.0,1313.0,1347.0,562.0,574.0,575.0
5687.0,1337.0,1316.0,1326.0,563.0,577.0,568.0
5693.0,1328.0,1330.0,1311.0,567.0,579.0,578.0
5677.0,1327.0,1314.0,1323.0,566.0,575.0,572.0
5704.0,1324.0,1336.0,1327.0,567.0,576.0,574.0
5675.0,1328.0,1320.0,1320.0,562.0,569.0,576.0
5619.0,1304.0,1308.0,1309.0,563.0,569.0,566.0
5606.0,1314.0,1291.0,1309.0,566.0,562.0,564.0
5659.0,1324.0,1322.0,1318.0,566.0,566.0,563.0
5652.0,1323.0,1326.0,1307.0,565.0,563.0,568.0
5603.0,1309.0,1315.0,1304.0,555.0,563.0,557.0
5599.0,1310.0,1312.0,1300.0,559.0,557.0,561.0
5595.0,1305.0,1306.0,1307.0,556.0,566.0,555.0
5581.0,1306.0,1304.0,1310.0,549.0,554.0,558.0
5579.0,1308.0,1299.0,1306.0,557.0,554.0,555.0
5594.0,1298.0,1317.0,1305.0,563.0,552.0,559.0
5580.0,1296.0,1301.0,1312.0,558.0,561.0,552.0
5589.0,1284.0,1310.0,1311.0,564.0,558.0,562.0
5632.0,1299.0,1313.0,1329.0,567.0,560.0,564.0
5671.0,1329.0,1329.0,1330.0,564.0,562.0,557.0
5658.0,1312.0,1316.0,1331.0,573.0,566.0,560.0
5701.0,1344.0,1319.0,1336.0,570.0,565.0,567.0
5725.0,1340.0,1338.0,1335.0,572.0,571.0,569.0
5722.0,1328.0,1341.0,1327.0,582.0,568.0,576.0
5782.0,1363.0,1350.0,1344.0,571.0,577.0,577.0
5806.0,1362.0,1344.0,1362.0,583.0,577.0,578.0
5738.0,1345.0,1337.0,1333.0,574.0,577.0,572.0
5770.0,1350.0,1345.0,1339.0,583.0,580.0,573.0
5749.0,1336.0,1329.0,1346.0,576.0,581.0,581.0
5745.0,1338.0,1340.0,1339.0,569.0,579.0,580.0
5787.0,1333.0,1368.0,1355.0,573.0,581.0,577.0
5753.0,1330.0,1355.0,1338.0,573.0,583.0,574.0
5722.0,1337.0,1337.0,1326.0,567.0,580.0,575.0
5736.0,1336.0,1329.0,1351.0,567.0,577.0,576.0
5679.0,1330.0,1321.0,1324.0,560.0,566.0,578.0
5666.0,1335.0,1313.0,1320.0,559.0,570.0,569.0
5679.0,1324.0,1316.0,1332.0,568.0,574.0,565.0
5672.0,1327.0,1316.0,1327.0,567.0,567.0,568.0
5653.0,1319.0,1307.0,1328.0,567.0,565.0,567.0
5647.0,1320.0,1319.0,1317.0,559.0,566.0,566.0
5649.0,1328.0,1286.0,1335.0,570.0,563.0,567.0
5658.0,1306.0,1320.0,1325.0,568.0,566.0,573.0
5687.0,1300.0,1335.0,1340.0,577.0,565.0,570.0
5697.0,1329.0,1330.0,1328.0,574.0,571.0,565.0
5685.0,1321.0,1322.0,1329.0,579.0,563.0,571.0
5726.0,1325.0,1337.0,1348.0,572.0,565.0,579.0
5723.0,1333.0,1331.0,1340.0,572.0,575.0,572.0
5739.0,1336.0,1340.0,1342.0,577.0,567.0,577.0
5778.0,1362.0,1338.0,1345.0,581.0,575.0,577.0
5786.0,1363.0,1358.0,1340.0,577.0,569.0,579.0
5808.0,1368.0,1355.0,1349.0,582.0,574.0,580.0
5820.0,1363.0,1361.0,1360.0,578.0,573.0,585.0
5818.0,1342.0,1364.0,1364.0,583.0,576.0,589.0
5791.0,1346.0,1358.0,1356.0,579.0,574.0,578.0
5803.0,1357.0,1346.0,1351.0,585.0,582.0,582.0
5742.0,1320.0,1337.0,1346.0,584.0,579.0,576.0
5773.0,1344.0,1346.0,1342.0,577.0,582.0,582.0
5737.0,1332.0,1330.0,1351.0,568.0,581.0,575.0
5772.0,1349.0,1343.0,1353.0,569.0,585.0,573.0
5759.0,1340.0,1341.0,1352.0,569.0,575.0,582.0
5748.0,1353.0,1335.0,1346.0,565.0,575.0,574.0
5741.0,1346.0,1336.0,1346.0,570.0,577.0,566.0
5717.0,1341.0,1332.0,1337.0,570.0,573.0,564.0
5736.0,1328.0,1339.0,1352.0,569.0,577.0,571.0
5715.0,1341.0,1333.0,1336.0,568.0,572.0,565.0
5751.0,1354.0,1337.0,1354.0,563.0,573.0,570.0
5712.0,1311.0,1358.0,1324.0,569.0,578.0,572.0
5673.0,1316.0,1330.0,1333.0,568.0,568.0,558.0
5750.0,1340.0,1337.0,1345.0,576.0,575.0,577.0
5753.0,1330.0,1343.0,1349.0,574.0,581.0,576.0
5739.0,1330.0,1337.0,1348.0,579.0,571.0,574.0
5787.0,1348.0,1346.0,1345.0,584.0,582.0,582.0
5779.0,1352.0,1346.0,1343.0,581.0,577.0,580.0
5795.0,1350.0,1348.0,1341.0,588.0,582.0,586.0
5796.0,1356.0,1352.0,1346.0,578.0,585.0,579.0
5862.0,1377.0,1369.0,1355.0,589.0,588.0,584.0
5852.0,1378.0,1365.0,1353.0,588.0,578.0,590.0
5850.0,1382.0,1367.0,1352.0,590.0,576.0,583.0
5866.0,1376.0,1373.0,1356.0,592.0,578.0,591.0
5860.0,1362.0,1371.0,1369.0,584.0,585.0,589.0
5911.0,1381.0,1392.0,1369.0,594.0,581.0,594.0
5844.0,1354.0,1370.0,1355.0,590.0,585.0,590.0
5816.0,1350.0,1369.0,1346.0,582.0,580.0,589.0
5824.0,1350.0,1379.0,1352.0,586.0,581.0,576.0
5831.0,1344.0,1370.0,1372.0,583.0,578.0,584.0
5809.0,1360.0,1357.0,1351.0,586.0,575.0,580.0
5812.0,1350.0,1358.0,1359.0,580.0,581.0,584.0
5781.0,1350.0,1353.0,1353.0,576.0,574.0,575.0
5795.0,1364.0,1337.0,1372.0,574.0,572.0,576.0
5765.0,1357.0,1333.0,1350.0,576.0,580.0,569.0
5729.0,1343.0,1335.0,1337.0,564.0,576.0,574.0
5725.0,1332.0,1328.0,1340.0,569.0,576.0,580.0
5753.0,1340.0,1342.0,1343.0,574.0,578.0,576.0
5718.0,1324.0,1330.0,1343.0,572.0,575.0,574.0
5751.0,1328.0,1343.0,1356.0,569.0,576.0,579.0
5764.0,1337.0,1328.0,1358.0,585.0,582.0,574.0
5773.0,1343.0,1348.0,1343.0,579.0,586.0,574.0
5814.0,1348.0,1369.0,1347.0,583.0,586.0,581.0
5813.0,1360.0,1357.0,1343.0,583.0,587.0,583.0
5919.0,1386.0,1389.0,1372.0,593.0,589.0,590.0
5904.0,1384.0,1392.0,1369.0,586.0,591.0,582.0
5922.0,1397.0,1387.0,1367.0,589.0,594.0,588.0
5906.0,1391.0,1381.0,1355.0,594.0,595.0,590.0
5946.0,1389.0,1396.0,1372.0,603.0,595.0,591.0
5882.0,1373.0,1370.0,1353.0,603.0,593.0,590.0
5926.0,1368.0,1388.0,1382.0,597.0,594.0,597.0
5939.0,1376.0,1393.0,1389.0,600.0,590.0,591.0
5909.0,1367.0,1381.0,1391.0,588.0,593.0,589.0
5890.0,1358.0,1369.0,1382.0,591.0,596.0,594.0
5909.0,1371.0,1371.0,1391.0,593.0,591.0,592.0
5899.0,1376.0,1357.0,1391.0,592.0,589.0,594.0
5835.0,1365.0,1353.0,1360.0,582.0,584.0,591.0
5868.0,1371.0,1361.0,1383.0,584.0,583.0,586.0
5844.0,1360.0,1349.0,1382.0,583.0,579.0,591.0
5800.0,1360.0,1349.0,1346.0,584.0,580.0,581.0
5847.0,1383.0,1341.0,1377.0,583.0,577.0,586.0
5800.0,1349.0,1366.0,1345.0,577.0,577.0,586.0
5797.0,1355.0,1348.0,1350.0,578.0,576.0,590.0
5767.0,1346.0,1352.0,1343.0,569.0,575.0,582.0
5784.0,1346.0,1362.0,1334.0,577.0,579.0,586.0
5824.0,1362.0,1369.0,1351.0,580.0,579.0,583.0
5830.0,1363.0,1360.0,1362.0,581.0,578.0,586.0
5846.0,1354.0,1365.0,1367.0,584.0,586.0,590.0
5855.0,1376.0,1373.0,1353.0,583.0,585.0,585.0
5892.0,1365.0,1385.0,1384.0,591.0,580.0,587.0
5906.0,1385.0,1370.0,1376.0,595.0,590.0,590.0
5931.0,1406.0,1371.0,1381.0,590.0,592.0,591.0
5932.0,1391.0,1382.0,1376.0,596.0,599.0,588.0
5953.0,1402.0,1379.0,1382.0,597.0,596.0,597.0
5945.0,1411.0,1374.0,1380.0,590.0,600.0,590.0
5964.0,1386.0,1387.0,1390.0,599.0,608.0,594.0
5962.0,1391.0,1384.0,1388.0,600.0,603.0,596.0
5946.0,1383.0,1385.0,1378.0,605.0,599.0,596.0
5970.0,1374.0,1399.0,1406.0,599.0,597.0,595.0
5983.0,1387.0,1393.0,1402.0,604.0,602.0,595.0
5953.0,1372.0,1386.0,1395.0,597.0,607.0,596.0
5941.0,1394.0,1375.0,1393.0,601.0,593.0,585.0
5915.0,1378.0,1374.0,1387.0,591.0,595.0,590.0
5906.0,1380.0,1382.0,1377.0,588.0,587.0,592.0
5912.0,1382.0,1378.0,1392.0,582.0,593.0,585.0
5883.0,1380.0,1366.0,1378.0,587.0,582.0,590.0
5867.0,1373.0,1368.0,1367.0,586.0,588.0,585.0
5862.0,1373.0,1366.0,1362.0,587.0,589.0,585.0
5821.0,1363.0,1351.0,1350.0,580.0,589.0,588.0
5835.0,1361.0,1359.0,1364.0,587.0,583.0,581.0
5832.0,1369.0,1350.0,1372.0,579.0,579.0,583.0
5823.0,1341.0,1347.0,1375.0,585.0,588.0,587.0
5869.0,1357.0,1374.0,1365.0,589.0,595.0,589.0
5881.0,1371.0,1375.0,1379.0,581.0,584.0,591.0
5870.0,1378.0,1352.0,1365.0,588.0,589.0,598.0
5908.0,1384.0,1371.0,1379.0,592.0,586.0,596.0
5964.0,1399.0,1389.0,1387.0,591.0,594.0,604.0
5972.0,1399.0,1390.0,1401.0,597.0,585.0,600.0
6005.0,1391.0,1400.0,1410.0,598.0,596.0,610.0
6039.0,1420.0,1407.0,1404.0,606.0,597.0,605.0
6043.0,1412.0,1414.0,1409.0,606.0,594.0,608.0
6060.0,1400.0,1400.0,1434.0,606.0,602.0,618.0
6069.0,1421.0,1417.0,1413.0,605.0,607.0,606.0
6043.0,1408.0,1418.0,1405.0,603.0,599.0,610.0
6005.0,1389.0,1397.0,1412.0,605.0,602.0,600.0
6022.0,1403.0,1407.0,1408.0,604.0,597.0,603.0
6031.0,1398.0,1411.0,1412.0,603.0,602.0,605.0
5997.0,1402.0,1391.0,1408.0,598.0,598.0,600.0
5973.0,1387.0,1390.0,1394.0,601.0,600.0,601.0
5939.0,1386.0,1379.0,1391.0,592.0,596.0,595.0
5973.0,1386.0,1402.0,1390.0,595.0,604.0,596.0
5923.0,1384.0,1380.0,1373.0,597.0,598.0,591.0
5862.0,1364.0,1366.0,1360.0,596.0,589.0,587.0
5899.0,1396.0,1356.0,1363.0,596.0,599.0,589.0
5899.0,1369.0,1377.0,1384.0,591.0,591.0,587.0
5921.0,1383.0,1376.0,1391.0,588.0,597.0,586.0
5916.0,1364.0,1399.0,1378.0,591.0,591.0,593.0
5941.0,1375.0,1403.0,1390.0,585.0,600.0,588.0
5917.0,1364.0,1404.0,1372.0,590.0,600.0,587.0
5931.0,1381.0,1400.0,1379.0,587.0,594.0,590.0
5946.0,1374.0,1390.0,1397.0,592.0,601.0,592.0
5981.0,1390.0,1413.0,1392.0,590.0,596.0,600.0
6029.0,1416.0,1412.0,1402.0,598.0,597.0,604.0
6060.0,1417.0,1424.0,1406.0,604.0,607.0,602.0
6052.0,1421.0,1409.0,1413.0,604.0,602.0,603.0
6051.0,1415.0,1398.0,1419.0,606.0,606.0,607.0
6040.0,1403.0,1396.0,1434.0,600.0,608.0,599.0
6047.0,1412.0,1401.0,1410.0,610.0,606.0,608.0
6073.0,1414.0,1420.0,1418.0,603.0,608.0,610.0
6027.0,1424.0,1394.0,1397.0,606.0,600.0,606.0
6079.0,1416.0,1410.0,1423.0,612.0,606.0,612.0
6039.0,1409.0,1401.0,1414.0,604.0,598.0,613.0
6060.0,1400.0,1420.0,1417.0,606.0,607.0,610.0
6023.0,1397.0,1406.0,1406.0,608.0,598.0,608.0
6004.0,1405.0,1392.0,1403.0,605.0,597.0,602.0
6004.0,1401.0,1406.0,1394.0,602.0,598.0,603.0
6006.0,1403.0,1417.0,1384.0,604.0,597.0,601.0
6014.0,1424.0,1408.0,1386.0,603.0,595.0,598.0
5980.0,1391.0,1403.0,1388.0,594.0,601.0,603.0
5972.0,1394.0,1385.0,1391.0,603.0,603.0,596.0
5950.0,1387.0,1403.0,1359.0,602.0,599.0,600.0
5953.0,1381.0,1396.0,1374.0,598.0,601.0,603.0
5956.0,1371.0,1401.0,1390.0,595.0,597.0,602.0
5990.0,1397.0,1390.0,1397.0,592.0,608.0,606.0
5962.0,1377.0,1390.0,1399.0,596.0,601.0,599.0
5997.0,1386.0,1408.0,1401.0,601.0,597.0,604.0
6024.0,1404.0,1387.0,1416.0,601.0,608.0,608.0
6018.0,1398.0,1393.0,1413.0,601.0,603.0,610.0
6047.0,1416.0,1406.0,1416.0,600.0,609.0,600.0
6060.0,1424.0,1391.0,1431.0,599.0,611.0,604.0
6122.0,1430.0,1417.0,1445.0,607.0,614.0,609.0
6144.0,1431.0,1433.0,1447.0,611.0,617.0,605.0
6129.0,1424.0,1421.0,1452.0,612.0,610.0,610.0
6123.0,1427.0,1419.0,1440.0,617.0,610.0,610.0
6131.0,1440.0,1433.0,1417.0,612.0,619.0,610.0
6156.0,1435.0,1450.0,1434.0,611.0,616.0,610.0
6113.0,1415.0,1433.0,1435.0,610.0,613.0,607.0
6082.0,1426.0,1419.0,1411.0,613.0,608.0,605.0
6082.0,1407.0,1439.0,1409.0,613.0,610.0,604.0
6077.0,1404.0,1425.0,1427.0,618.0,600.0,603.0
6052.0,1397.0,1419.0,1404.0,617.0,603.0,612.0
6077.0,1408.0,1438.0,1412.0,614.0,602.0,603.0
6040.0,1420.0,1402.0,1409.0,605.0,602.0,602.0
6007.0,1412.0,1384.0,1396.0,606.0,602.0,607.0
6043.0,1427.0,1403.0,1408.0,608.0,595.0,602.0
6019.0,1417.0,1406.0,1393.0,604.0,595.0,604.0
5971.0,1396.0,1389.0,1389.0,602.0,596.0,599.0
5970.0,1393.0,1395.0,1385.0,605.0,591.0,601.0
5999.0,1393.0,1399.0,1401.0,612.0,591.0,603.0
6030.0,1407.0,1409.0,1408.0,599.0,601.0,606.0
6068.0,1396.0,1425.0,1413.0,613.0,606.0,615.0
6043.0,1404.0,1400.0,1422.0,603.0,606.0,608.0
6071.0,1405.0,1420.0,1421.0,610.0,608.0,607.0
6140.0,1433.0,1433.0,1438.0,606.0,618.0,612.0
6140.0,1428.0,1446.0,1432.0,600.0,615.0,619.0
6137.0,1434.0,1426.0,1427.0,607.0,623.0,620.0
6190.0,1431.0,1445.0,1453.0,614.0,622.0,625.0
6218.0,1458.0,1444.0,1454.0,619.0,627.0,616.0
6166.0,1442.0,1435.0,1432.0,617.0,618.0,622.0
6193.0,1442.0,1453.0,1430.0,618.0,624.0,626.0
6188.0,1436.0,1446.0,1454.0,615.0,616.0,621.0
6179.0,1436.0,1449.0,1442.0,611.0,621.0,620.0
6148.0,1416.0,1445.0,1430.0,618.0,615.0,624.0
6116.0,1421.0,1430.0,1417.0,613.0,615.0,620.0
6121.0,1420.0,1419.0,1430.0,619.0,615.0,618.0
6131.0,1449.0,1411.0,1422.0,615.0,620.0,614.0
6134.0,1440.0,1423.0,1426.0,617.0,613.0,615.0
6099.0,1434.0,1422.0,1417.0,607.0,612.0,607.0
6096.0,1449.0,1410.0,1410.0,611.0,613.0,603.0
6071.0,1437.0,1419.0,1399.0,611.0,602.0,603.0
6033.0,1410.0,1414.0,1395.0,607.0,602.0,605.0
6067.0,1409.0,1425.0,1418.0,612.0,604.0,599.0
6104.0,1422.0,1446.0,1416.0,613.0,603.0,604.0
6082.0,1411.0,1424.0,1432.0,610.0,602.0,603.0
6074.0,1410.0,1428.0,1421.0,606.0,604.0,605.0
6072.0,1404.0,1431.0,1414.0,613.0,608.0,602.0
6114.0,1428.0,1440.0,1419.0,615.0,607.0,605.0
6101.0,1416.0,1424.0,1442.0,608.0,602.0,609.0
6124.0,1435.0,1418.0,1429.0,618.0,609.0,615.0
6161.0,1451.0,1429.0,1445.0,615.0,610.0,611.0
6130.0,1435.0,1419.0,1440.0,610.0,608.0,618.0
6219.0,1455.0,1441.0,1457.0,624.0,628.0,614.0
6201.0,1467.0,1436.0,1441.0,617.0,612.0,628.0
6201.0,1471.0,1428.0,1448.0,620.0,618.0,616.0
6226.0,1464.0,1450.0,1436.0,627.0,627.0,622.0
6205.0,1458.0,1433.0,1447.0,625.0,620.0,622.0
6234.0,1455.0,1447.0,1456.0,621.0,632.0,623.0
6248.0,1460.0,1461.0,1446.0,624.0,630.0,627.0
6218.0,1451.0,1444.0,1444.0,623.0,630.0,626.0
6202.0,1440.0,1462.0,1437.0,616.0,627.0,620.0
6198.0,1436.0,1447.0,1445.0,614.0,628.0,628.0
6140.0,1426.0,1432.0,1430.0,617.0,615.0,620.0
6194.0,1444.0,1458.0,1428.0,617.0,622.0,625.0
6188.0,1458.0,1450.0,1414.0,619.0,620.0,627.0
6134.0,1435.0,1433.0,1422.0,611.0,624.0,609.0
6138.0,1433.0,1434.0,1417.0,615.0,616.0,623.0
6118.0,1433.0,1414.0,1436.0,604.0,613.0,618.0
6122.0,1432.0,1430.0,1422.0,615.0,612.0,611.0
6144.0,1424.0,1438.0,1431.0,615.0,615.0,621.0
6122.0,1431.0,1409.0,1439.0,617.0,612.0,614.0
6115.0,1428.0,1412.0,1433.0,613.0,612.0,617.0
6140.0,1433.0,1418.0,1443.0,621.0,613.0,612.0
6157.0,1429.0,1438.0,1443.0,614.0,615.0,618.0
6154.0,1431.0,1424.0,1443.0,625.0,616.0,615.0
6161.0,1419.0,1440.0,1443.0,623.0,616.0,620.0
6191.0,1449.0,1444.0,1440.0,618.0,617.0,623.0
6193.0,1448.0,1448.0,1428.0,622.0,627.0,620.0
6238.0,1471.0,1454.0,1444.0,625.0,620.0,624.0
6278.0,1469.0,1473.0,1459.0,631.0,623.0,623.0
6253.0,1465.0,1469.0,1441.0,631.0,628.0,619.0
6272.0,1465.0,1490.0,1452.0,624.0,615.0,626.0
6254.0,1457.0,1467.0,1455.0,626.0,622.0,627.0
6271.0,1459.0,1485.0,1457.0,627.0,624.0,619.0
6282.0,1466.0,1479.0,1460.0,628.0,628.0,621.0
6256.0,1468.0,1456.0,1462.0,621.0,622.0,627.0
6267.0,1463.0,1473.0,1449.0,629.0,627.0,626.0
6245.0,1458.0,1459.0,1467.0,619.0,625.0,617.0
6227.0,1459.0,1444.0,1463.0,619.0,618.0,624.0
6219.0,1451.0,1443.0,1463.0,618.0,620.0,624.0
6239.0,1466.0,1448.0,1454.0,617.0,627.0,627.0
6195.0,1442.0,1440.0,1455.0,619.0,619.0,620.0
6186.0,1454.0,1445.0,1434.0,615.0,620.0,618.0
6172.0,1443.0,1442.0,1440.0,614.0,617.0,616.0
6162.0,1428.0,1452.0,1433.0,620.0,621.0,608.0
6185.0,1453.0,1436.0,1446.0,619.0,615.0,616.0
6157.0,1417.0,1435.0,1438.0,622.0,623.0,622.0
6214.0,1443.0,1462.0,1446.0,621.0,622.0,620.0
6200.0,1448.0,1443.0,1456.0,616.0,618.0,619.0
6213.0,1434.0,1466.0,1448.0,621.0,620.0,624.0
6238.0,1442.0,1457.0,1459.0,627.0,624.0,629.0
6196.0,1431.0,1451.0,1448.0,626.0,619.0,621.0
6271.0,1454.0,1465.0,1467.0,628.0,625.0,632.0
6298.0,1481.0,1469.0,1454.0,631.0,630.0,633.0
6304.0,1473.0,1480.0,1458.0,631.0,631.0,631.0
6285.0,1473.0,1458.0,1457.0,634.0,630.0,633.0
6317.0,1464.0,1488.0,1473.0,627.0,630.0,635.0
6337.0,1494.0,1465.0,1473.0,638.0,633.0,634.0
6336.0,1485.0,1468.0,1484.0,629.0,636.0,634.0
6319.0,1477.0,1475.0,1463.0,637.0,632.0,635.0
6359.0,1486.0,1481.0,1476.0,644.0,635.0,637.0
6299.0,1463.0,1469.0,1467.0,634.0,634.0,632.0
6299.0,1462.0,1471.0,1481.0,626.0,626.0,633.0
6316.0,1481.0,1469.0,1476.0,628.0,626.0,636.0
6291.0,1456.0,1487.0,1465.0,624.0,628.0,631.0
6262.0,1466.0,1458.0,1472.0,621.0,618.0,627.0
6263.0,1466.0,1460.0,1464.0,626.0,621.0,626.0
6251.0,1465.0,1463.0,1452.0,628.0,623.0,620.0
6242.0,1462.0,1459.0,1464.0,621.0,616.0,620.0
6219.0,1449.0,1446.0,1451.0,626.0,624.0,623.0
6215.0,1454.0,1445.0,1469.0,617.0,617.0,613.0
6220.0,1451.0,1446.0,1466.0,621.0,621.0,615.0
6202.0,1441.0,1453.0,1455.0,626.0,616.0,611.0
6205.0,1439.0,1450.0,1455.0,620.0,623.0,618.0
6226.0,1439.0,1457.0,1466.0,623.0,620.0,621.0
6222.0,1444.0,1446.0,1463.0,625.0,625.0,619.0
6233.0,1458.0,1442.0,1449.0,629.0,629.0,626.0
6276.0,1463.0,1466.0,1458.0,627.0,639.0,623.0
6300.0,1486.0,1460.0,1466.0,639.0,630.0,619.0
6310.0,1487.0,1462.0,1465.0,629.0,634.0,633.0
6342.0,1483.0,1474.0,1474.0,636.0,638.0,637.0
6338.0,1484.0,1483.0,1470.0,643.0,632.0,626.0
6384.0,1496.0,1477.0,1488.0,638.0,646.0,639.0
6398.0,1491.0,1491.0,1492.0,647.0,644.0,633.0
6404.0,1495.0,1511.0,1483.0,639.0,635.0,641.0
6417.0,1506.0,1494.0,1495.0,641.0,644.0,637.0
6385.0,1484.0,1505.0,1484.0,639.0,635.0,638.0
6404.0,1481.0,1507.0,1498.0,642.0,642.0,634.0
6351.0,1465.0,1491.0,1482.0,635.0,642.0,636.0
6333.0,1459.0,1481.0,1491.0,631.0,631.0,640.0
6345.0,1475.0,1478.0,1483.0,634.0,634.0,641.0
6335.0,1471.0,1489.0,1475.0,632.0,629.0,639.0
6318.0,1480.0,1469.0,1487.0,623.0,622.0,637.0
6314.0,1490.0,1467.0,1477.0,626.0,622.0,632.0
6318.0,1471.0,1466.0,1484.0,633.0,627.0,637.0
6251.0,1467.0,1453.0,1456.0,625.0,621.0,629.0
6284.0,1476.0,1463.0,1460.0,627.0,625.0,633.0
6242.0,1460.0,1440.0,1458.0,625.0,627.0,632.0
6266.0,1460.0,1464.0,1463.0,628.0,619.0,632.0
6241.0,1456.0,1470.0,1440.0,621.0,623.0,631.0
6287.0,1472.0,1470.0,1456.0,627.0,630.0,632.0
6278.0,1444.0,1470.0,1474.0,631.0,624.0,635.0
6312.0,1461.0,1482.0,1466.0,639.0,629.0,635.0
6341.0,1479.0,1499.0,1468.0,630.0,633.0,632.0
6363.0,1494.0,1497.0,1476.0,634.0,633.0,629.0
6378.0,1481.0,1497.0,1477.0,644.0,645.0,634.0
6433.0,1512.0,1497.0,1492.0,647.0,639.0,646.0
6400.0,1502.0,1488.0,1481.0,646.0,646.0,637.0
6416.0,1503.0,1493.0,1493.0,648.0,638.0,641.0
6441.0,1503.0,1495.0,1505.0,655.0,643.0,640.0
6447.0,1508.0,1499.0,1502.0,646.0,645.0,647.0
6442.0,1505.0,1505.0,1494.0,643.0,650.0,645.0
6438.0,1490.0,1475.0,1528.0,653.0,647.0,645.0
6426.0,1494.0,1483.0,1516.0,644.0,648.0,641.0
6409.0,1487.0,1493.0,1506.0,644.0,647.0,632.0
6414.0,1477.0,1508.0,1511.0,639.0,645.0,634.0
6391.0,1503.0,1478.0,1496.0,636.0,640.0,638.0
6374.0,1477.0,1483.0,1506.0,633.0,644.0,631.0
6391.0,1490.0,1501.0,1485.0,631.0,648.0,636.0
6360.0,1480.0,1495.0,1481.0,635.0,636.0,633.0
6326.0,1485.0,1470.0,1467.0,632.0,638.0,634.0
6318.0,1484.0,1466.0,1482.0,628.0,626.0,632.0
6321.0,1482.0,1476.0,1476.0,623.0,630.0,634.0
6311.0,1467.0,1467.0,1476.0,632.0,637.0,632.0
6296.0,1470.0,1477.0,1462.0,624.0,630.0,633.0
6314.0,1474.0,1489.0,1457.0,633.0,629.0,632.0
6367.0,1486.0,1479.0,1490.0,636.0,638.0,638.0
6347.0,1483.0,1482.0,1475.0,640.0,634.0,633.0
6327.0,1488.0,1468.0,1473.0,628.0,633.0,637.0
6370.0,1492.0,1475.0,1489.0,633.0,639.0,642.0
6404.0,1491.0,1494.0,1491.0,644.0,641.0,643.0
6436.0,1504.0,1499.0,1496.0,645.0,635.0,657.0
6463.0,1521.0,1506.0,1493.0,651.0,644.0,648.0
6471.0,1509.0,1506.0,1522.0,647.0,632.0,655.0
6512.0,1511.0,1522.0,1526.0,653.0,650.0,650.0
6495.0,1519.0,1500.0,1529.0,650.0,639.0,658.0
6489.0,1499.0,1528.0,1513.0,652.0,649.0,648.0
6464.0,1505.0,1498.0,1523.0,641.0,647.0,650.0
6501.0,1497.0,1526.0,1524.0,653.0,649.0,652.0
6517.0,1503.0,1544.0,1513.0,655.0,652.0,650.0
6530.0,1516.0,1518.0,1533.0,657.0,651.0,655.0
6497.0,1521.0,1519.0,1526.0,645.0,643.0,643.0
6449.0,1505.0,1507.0,1510.0,644.0,641.0,642.0
6431.0,1495.0,1496.0,1510.0,645.0,646.0,639.0
6427.0,1510.0,1497.0,1489.0,641.0,652.0,638.0
6385.0,1504.0,1493.0,1475.0,632.0,639.0,642.0
6386.0,1493.0,1484.0,1495.0,641.0,641.0,632.0
6389.0,1504.0,1485.0,1491.0,628.0,643.0,638.0
6344.0,1488.0,1475.0,1476.0,628.0,644.0,633.0
6311.0,1484.0,1463.0,1473.0,631.0,634.0,626.0
6357.0,1481.0,1488.0,1480.0,630.0,644.0,634.0
6340.0,1487.0,1480.0,1474.0,636.0,636.0,627.0
6335.0,1477.0,1474.0,1473.0,634.0,643.0,634.0
6363.0,1487.0,1485.0,1475.0,639.0,637.0,640.0
6402.0,1477.0,1497.0,1505.0,641.0,641.0,641.0
6425.0,1498.0,1503.0,1493.0,638.0,647.0,646.0
6463.0,1506.0,1518.0,1506.0,650.0,643.0,640.0
6482.0,1512.0,1515.0,1513.0,651.0,651.0,640.0
6447.0,1500.0,1507.0,1501.0,644.0,649.0,646.0
6501.0,1516.0,1523.0,1504.0,656.0,654.0,648.0
6563.0,1517.0,1544.0,1537.0,654.0,657.0,654.0
6571.0,1537.0,1529.0,1536.0,660.0,651.0,658.0
6588.0,1522.0,1539.0,1549.0,667.0,656.0,655.0
6549.0,1526.0,1512.0,1552.0,666.0,642.0,651.0
6557.0,1526.0,1521.0,1541.0,659.0,648.0,662.0
6533.0,1514.0,1518.0,1528.0,661.0,654.0,658.0
6539.0,1506.0,1537.0,1531.0,653.0,653.0,659.0
6519.0,1522.0,1524.0,1527.0,657.0,648.0,641.0
6512.0,1520.0,1499.0,1535.0,653.0,648.0,657.0
6474.0,1502.0,1503.0,1518.0,650.0,650.0,651.0
6479.0,1518.0,1517.0,1507.0,642.0,644.0,651.0
6434.0,1507.0,1495.0,1498.0,637.0,644.0,653.0
6427.0,1515.0,1483.0,1495.0,646.0,643.0,645.0
6431.0,1513.0,1501.0,1495.0,640.0,641.0,641.0
6441.0,1499.0,1514.0,1492.0,647.0,644.0,645.0
6443.0,1508.0,1510.0,1498.0,642.0,637.0,648.0
6389.0,1467.0,1502.0,1492.0,637.0,645.0,646.0
6439.0,1496.0,1517.0,1499.0,638.0,643.0,646.0
6439.0,1478.0,1513.0,1507.0,651.0,639.0,651.0
6452.0,1517.0,1501.0,1501.0,640.0,645.0,648.0
6470.0,1505.0,1506.0,1506.0,647.0,653.0,653.0
6481.0,1503.0,1506.0,1519.0,646.0,658.0,649.0
6542.0,1528.0,1521.0,1534.0,646.0,655.0,658.0
6519.0,1518.0,1517.0,1529.0,649.0,650.0,656.0
6566.0,1538.0,1506.0,1552.0,649.0,663.0,658.0
6596.0,1538.0,1527.0,1548.0,665.0,665.0,653.0
6600.0,1546.0,1517.0,1561.0,659.0,663.0,654.0
6601.0,1540.0,1528.0,1557.0,656.0,661.0,659.0
6622.0,1546.0,1548.0,1542.0,664.0,662.0,660.0
6589.0,1535.0,1528.0,1536.0,666.0,665.0,659.0
6609.0,1535.0,1536.0,1550.0,664.0,664.0,660.0
6604.0,1536.0,1539.0,1553.0,666.0,658.0,652.0
6557.0,1522.0,1532.0,1525.0,667.0,654.0,657.0
6582.0,1537.0,1555.0,1516.0,665.0,661.0,648.0
6560.0,1529.0,1532.0,1531.0,663.0,656.0,649.0
6528.0,1523.0,1534.0,1504.0,658.0,653.0,656.0
6514.0,1521.0,1527.0,1524.0,647.0,647.0,648.0
6522.0,1526.0,1531.0,1513.0,652.0,654.0,646.0
6493.0,1520.0,1520.0,1504.0,646.0,648.0,655.0
6467.0,1515.0,1520.0,1496.0,645.0,644.0,647.0
6459.0,1516.0,1497.0,1510.0,647.0,641.0,648.0
6459.0,1511.0,1501.0,1504.0,647.0,647.0,649.0
6496.0,1511.0,1511.0,1533.0,647.0,643.0,651.0
6503.0,1521.0,1510.0,1528.0,645.0,642.0,657.0
6477.0,1513.0,1510.0,1509.0,647.0,652.0,646.0
6488.0,1518.0,1514.0,1513.0,652.0,639.0,652.0
6511.0,1521.0,1512.0,1524.0,650.0,651.0,653.0
6539.0,1515.0,1525.0,1542.0,648.0,653.0,656.0
6592.0,1526.0,1535.0,1553.0,657.0,661.0,660.0
6619.0,1539.0,1544.0,1548.0,658.0,665.0,665.0
6648.0,1559.0,1541.0,1557.0,662.0,663.0,666.0
6635.0,1562.0,1542.0,1547.0,654.0,665.0,665.0
6643.0,1542.0,1553.0,1553.0,661.0,666.0,668.0
6661.0,1537.0,1564.0,1563.0,662.0,667.0,668.0
6715.0,1570.0,1571.0,1567.0,661.0,674.0,672.0
6646.0,1562.0,1548.0,1535.0,666.0,667.0,668.0
6638.0,1541.0,1560.0,1537.0,667.0,668.0,665.0
6615.0,1538.0,1549.0,1531.0,667.0,666.0,664.0
6602.0,1540.0,1528.0,1540.0,662.0,669.0,663.0
6620.0,1548.0,1534.0,1538.0,669.0,665.0,666.0
6610.0,1534.0,1542.0,1547.0,669.0,662.0,656.0
6624.0,1545.0,1539.0,1546.0,673.0,664.0,657.0
6576.0,1543.0,1518.0,1534.0,665.0,659.0,657.0
6555.0,1538.0,1519.0,1529.0,660.0,656.0,653.0
6549.0,1544.0,1511.0,1530.0,660.0,653.0,651.0
6522.0,1535.0,1511.0,1512.0,652.0,660.0,652.0
6527.0,1519.0,1521.0,1529.0,656.0,650.0,652.0
6531.0,1530.0,1529.0,1523.0,651.0,649.0,649.0
6523.0,1517.0,1522.0,1542.0,649.0,652.0,641.0
6556.0,1528.0,1531.0,1546.0,653.0,650.0,648.0
6519.0,1522.0,1523.0,1526.0,650.0,657.0,641.0
6540.0,1513.0,1536.0,1541.0,649.0,652.0,649.0
6533.0,1526.0,1519.0,1535.0,651.0,653.0,649.0
6587.0,1530.0,1545.0,1549.0,658.0,651.0,654.0
6645.0,1548.0,1567.0,1555.0,657.0,657.0,661.0
6627.0,1547.0,1545.0,1555.0,659.0,659.0,662.0
6650.0,1568.0,1544.0,1548.0,665.0,662.0,663.0
6667.0,1558.0,1559.0,1565.0,661.0,662.0,662.0
6669.0,1561.0,1541.0,1565.0,668.0,671.0,663.0
6709.0,1562.0,1565.0,1578.0,670.0,671.0,663.0
6675.0,1558.0,1555.0,1559.0,664.0,673.0,666.0
6691.0,1560.0,1554.0,1563.0,673.0,669.0,672.0
6680.0,1559.0,1569.0,1540.0,666.0,674.0,672.0
6668.0,1558.0,1551.0,1561.0,664.0,663.0,671.0
6679.0,1549.0,1562.0,1557.0,671.0,667.0,673.0
6647.0,1546.0,1554.0,1533.0,674.0,670.0,670.0
6639.0,1536.0,1552.0,1552.0,669.0,667.0,663.0
6690.0,1557.0,1570.0,1553.0,677.0,666.0,667.0
6625.0,1542.0,1550.0,1537.0,664.0,668.0,664.0
6629.0,1551.0,1545.0,1533.0,668.0,665.0,667.0
6623.0,1537.0,1564.0,1535.0,658.0,664.0,665.0
6631.0,1557.0,1547.0,1539.0,659.0,665.0,664.0
6633.0,1550.0,1560.0,1529.0,664.0,665.0,665.0
6591.0,1525.0,1542.0,1552.0,656.0,659.0,657.0
6607.0,1537.0,1541.0,1558.0,656.0,660.0,655.0
6610.0,1543.0,1524.0,1554.0,664.0,658.0,667.0
6614.0,1533.0,1548.0,1546.0,665.0,661.0,661.0
6607.0,1518.0,1528.0,1567.0,662.0,664.0,668.0
6632.0,1541.0,1543.0,1555.0,660.0,666.0,667.0
6667.0,1564.0,1545.0,1564.0,674.0,658.0,662.0
6676.0,1542.0,1562.0,1574.0,663.0,672.0,663.0
6717.0,1574.0,1566.0,1565.0,660.0,672.0,680.0
6698.0,1568.0,1553.0,1569.0,669.0,673.0,666.0
6738.0,1578.0,1580.0,1568.0,675.0,672.0,665.0
6750.0,1585.0,1576.0,1576.0,673.0,667.0,673.0
6734.0,1581.0,1588.0,1556.0,668.0,666.0,675.0
6770.0,1587.0,1588.0,1563.0,672.0,680.0,680.0
6753.0,1566.0,1585.0,1582.0,676.0,667.0,677.0
6753.0,1570.0,1583.0,1586.0,673.0,671.0,670.0
6731.0,1558.0,1587.0,1563.0,678.0,679.0,666.0
6721.0,1559.0,1584.0,1572.0,670.0,668.0,668.0
6758.0,1588.0,1579.0,1574.0,676.0,671.0,670.0
6669.0,1553.0,1553.0,1557.0,673.0,664.0,669.0
6689.0,1566.0,1558.0,1557.0,674.0,669.0,665.0
6697.0,1565.0,1559.0,1563.0,669.0,670.0,671.0
6658.0,1546.0,1571.0,1549.0,669.0,660.0,663.0
6629.0,1552.0,1542.0,1544.0,669.0,663.0,659.0
6627.0,1539.0,1538.0,1556.0,668.0,664.0,662.0
6670.0,1555.0,1557.0,1569.0,658.0,672.0,659.0
6621.0,1537.0,1538.0,1548.0,669.0,664.0,665.0
6631.0,1539.0,1544.0,1556.0,664.0,667.0,661.0
6645.0,1533.0,1569.0,1533.0,676.0,670.0,664.0
6667.0,1551.0,1565.0,1549.0,669.0,672.0,661.0
6685.0,1553.0,1570.0,1559.0,665.0,669.0,669.0
6713.0,1563.0,1566.0,1567.0,676.0,666.0,675.0
6689.0,1560.0,1564.0,1548.0,675.0,673.0,669.0
6744.0,1573.0,1575.0,1570.0,675.0,671.0,680.0
6770.0,1587.0,1578.0,1573.0,677.0,676.0,679.0
6780.0,1601.0,1563.0,1577.0,675.0,677.0,687.0
6747.0,1578.0,1580.0,1558.0,672.0,677.0,682.0
6772.0,1585.0,1581.0,1574.0,671.0,680.0,681.0
6804.0,1584.0,1587.0,1587.0,679.0,683.0,684.0
6777.0,1578.0,1579.0,1583.0,672.0,684.0,681.0
6788.0,1590.0,1583.0,1579.0,675.0,680.0,681.0
6788.0,1587.0,1574.0,1583.0,677.0,684.0,683.0
6796.0,1569.0,1595.0,1588.0,678.0,681.0,685.0
6759.0,1566.0,1599.0,1580.0,665.0,674.0,675.0
6733.0,1575.0,1568.0,1566.0,672.0,670.0,682.0
6759.0,1570.0,1588.0,1574.0,670.0,679.0,678.0
6736.0,1573.0,1580.0,1579.0,671.0,661.0,672.0
6730.0,1571.0,1581.0,1569.0,671.0,667.0,671.0
6717.0,1583.0,1571.0,1555.0,673.0,665.0,670.0
6748.0,1584.0,1574.0,1582.0,668.0,666.0,674.0
6693.0,1552.0,1573.0,1562.0,674.0,666.0,666.0
6735.0,1579.0,1571.0,1583.0,673.0,664.0,665.0
6729.0,1559.0,1581.0,1577.0,677.0,666.0,669.0
6702.0,1548.0,1586.0,1563.0,675.0,669.0,661.0
6693.0,1561.0,1559.0,1556.0,682.0,671.0,664.0
6665.0,1547.0,1552.0,1555.0,669.0,670.0,672.0
6697.0,1547.0,1555.0,1576.0,677.0,671.0,671.0
6732.0,1562.0,1579.0,1571.0,679.0,671.0,670.0
6755.0,1585.0,1573.0,1568.0,676.0,676.0,677.0
6755.0,1561.0,1570.0,1591.0,678.0,678.0,677.0
6749.0,1578.0,1562.0,1567.0,682.0,683.0,677.0
6778.0,1583.0,1581.0,1566.0,684.0,685.0,679.0
6814.0,1591.0,1585.0,1593.0,680.0,677.0,688.0
6863.0,1605.0,1610.0,1588.0,684.0,689.0,687.0
6834.0,1589.0,1596.0,1600.0,681.0,686.0,682.0
6870.0,1604.0,1612.0,1594.0,684.0,695.0,681.0
6861.0,1594.0,1597.0,1614.0,687.0,688.0,681.0
6876.0,1600.0,1615.0,1598.0,678.0,695.0,690.0
6855.0,1606.0,1604.0,1603.0,683.0,675.0,684.0
6868.0,1580.0,1613.0,1611.0,686.0,694.0,684.0
6855.0,1581.0,1609.0,1609.0,685.0,687.0,684.0
6809.0,1580.0,1582.0,1603.0,675.0,686.0,683.0
6808.0,1581.0,1600.0,1584.0,673.0,685.0,685.0
6821.0,1588.0,1596.0,1596.0,677.0,679.0,685.0
6801.0,1594.0,1593.0,1582.0,680.0,672.0,680.0
6765.0,1579.0,1570.0,1589.0,672.0,676.0,679.0
6763.0,1592.0,1573.0,1570.0,679.0,668.0,681.0
6742.0,1578.0,1568.0,1577.0,671.0,670.0,678.0
6733.0,1576.0,1563.0,1568.0,672.0,674.0,680.0
6693.0,1559.0,1555.0,1559.0,671.0,668.0,681.0
6753.0,1573.0,1561.0,1582.0,680.0,670.0,687.0
6745.0,1574.0,1574.0,1562.0,678.0,670.0,687.0
6758.0,1571.0,1580.0,1575.0,679.0,675.0,678.0
6741.0,1554.0,1594.0,1559.0,680.0,673.0,681.0
6785.0,1581.0,1587.0,1581.0,678.0,679.0,679.0
6818.0,1596.0,1606.0,1590.0,677.0,672.0,677.0
6847.0,1601.0,1595.0,1589.0,686.0,688.0,688.0
6855.0,1604.0,1603.0,1588.0,688.0,684.0,688.0
6887.0,1618.0,1610.0,1606.0,683.0,682.0,688.0
6896.0,1601.0,1622.0,1607.0,684.0,694.0,688.0
6945.0,1625.0,1631.0,1618.0,693.0,688.0,690.0
6871.0,1594.0,1599.0,1603.0,693.0,692.0,690.0
6901.0,1610.0,1600.0,1625.0,687.0,689.0,690.0
6887.0,1610.0,1602.0,1614.0,684.0,692.0,685.0
6853.0,1596.0,1571.0,1617.0,689.0,698.0,682.0
6885.0,1602.0,1607.0,1616.0,681.0,692.0,687.0
6865.0,1601.0,1595.0,1611.0,682.0,689.0,687.0
6863.0,1596.0,1613.0,1611.0,679.0,684.0,680.0
6839.0,1592.0,1581.0,1610.0,682.0,687.0,687.0
6818.0,1606.0,1589.0,1587.0,680.0,682.0,674.0
6823.0,1601.0,1576.0,1600.0,687.0,682.0,677.0
6786.0,1602.0,1568.0,1579.0,672.0,685.0,680.0
6811.0,1596.0,1583.0,1588.0,676.0,691.0,677.0
6834.0,1587.0,1605.0,1594.0,681.0,688.0,679.0
6781.0,1578.0,1583.0,1585.0,678.0,681.0,676.0
6808.0,1573.0,1613.0,1575.0,685.0,685.0,677.0
6781.0,1567.0,1600.0,1575.0,677.0,679.0,683.0
6761.0,1561.0,1590.0,1575.0,678.0,678.0,679.0
6818.0,1579.0,1592.0,1583.0,688.0,687.0,689.0
6831.0,1580.0,1607.0,1582.0,692.0,685.0,685.0
6834.0,1594.0,1590.0,1585.0,691.0,687.0,687.0
6857.0,1600.0,1594.0,1602.0,688.0,687.0,686.0
6919.0,1620.0,1620.0,1603.0,691.0,691.0,694.0
6916.0,1630.0,1613.0,1594.0,695.0,689.0,695.0
6932.0,1617.0,1609.0,1633.0,688.0,689.0,696.0
6971.0,1628.0,1613.0,1633.0,704.0,690.0,703.0
6995.0,1626.0,1631.0,1641.0,704.0,694.0,699.0
6981.0,1619.0,1630.0,1637.0,700.0,688.0,707.0
6966.0,1612.0,1634.0,1629.0,691.0,696.0,704.0
6959.0,1621.0,1616.0,1632.0,694.0,694.0,702.0
6958.0,1613.0,1630.0,1624.0,696.0,692.0,703.0
6953.0,1609.0,1636.0,1630.0,693.0,691.0,694.0
6960.0,1616.0,1631.0,1629.0,697.0,694.0,693.0
6942.0,1614.0,1629.0,1625.0,690.0,689.0,695.0
6892.0,1616.0,1602.0,1616.0,684.0,688.0,686.0
6905.0,1613.0,1615.0,1600.0,693.0,692.0,692.0
6872.0,1614.0,1585.0,1607.0,692.0,682.0,692.0
6865.0,1618.0,1607.0,1594.0,684.0,685.0,677.0
6829.0,1600.0,1589.0,1596.0,680.0,684.0,680.0
6813.0,1607.0,1594.0,1567.0,678.0,688.0,679.0
6873.0,1609.0,1600.0,1599.0,689.0,691.0,685.0
6833.0,1604.0,1598.0,1583.0,678.0,694.0,676.0
6849.0,1602.0,1590.0,1595.0,685.0,690.0,687.0
6852.0,1597.0,1598.0,1581.0,694.0,698.0,684.0
6857.0,1593.0,1590.0,1607.0,687.0,695.0,685.0
6919.0,1610.0,1612.0,1621.0,690.0,693.0,693.0
6913.0,1605.0,1618.0,1614.0,697.0,689.0,690.0
6919.0,1612.0,1616.0,1623.0,689.0,691.0,688.0
6951.0,1622.0,1614.0,1614.0,701.0,702.0,698.0
6992.0,1637.0,1627.0,1633.0,697.0,698.0,700.0
7022.0,1654.0,1639.0,1645.0,697.0,699.0,688.0
7037.0,1654.0,1642.0,1643.0,701.0,700.0,697.0
7047.0,1653.0,1637.0,1644.0,712.0,699.0,702.0
7016.0,1643.0,1641.0,1636.0,701.0,699.0,696.0
7040.0,1638.0,1649.0,1649.0,699.0,700.0,705.0
7015.0,1623.0,1630.0,1649.0,706.0,705.0,702.0
6989.0,1619.0,1622.0,1648.0,701.0,693.0,706.0
6973.0,1626.0,1620.0,1625.0,703.0,695.0,704.0
6972.0,1636.0,1622.0,1625.0,699.0,694.0,696.0
6952.0,1625.0,1623.0,1626.0,689.0,691.0,698.0
6958.0,1625.0,1624.0,1621.0,696.0,695.0,697.0
6932.0,1625.0,1610.0,1629.0,688.0,683.0,697.0
6914.0,1612.0,1606.0,1617.0,690.0,692.0,697.0
6897.0,1615.0,1596.0,1614.0,686.0,690.0,696.0
6924.0,1622.0,1611.0,1622.0,690.0,691.0,688.0
6876.0,1621.0,1609.0,1591.0,682.0,683.0,690.0
6858.0,1601.0,1606.0,1596.0,683.0,682.0,690.0
6902.0,1610.0,1628.0,1598.0,683.0,689.0,694.0
6886.0,1588.0,1612.0,1617.0,687.0,693.0,689.0
6912.0,1608.0,1626.0,1605.0,687.0,691.0,695.0
6948.0,1621.0,1615.0,1630.0,694.0,693.0,695.0
6932.0,1608.0,1628.0,1615.0,690.0,698.0,693.0
6975.0,1616.0,1635.0,1626.0,700.0,699.0,699.0
6995.0,1652.0,1620.0,1630.0,696.0,700.0,697.0
7040.0,1641.0,1657.0,1649.0,694.0,702.0,697.0
7072.0,1656.0,1644.0,1658.0,706.0,704.0,704.0
7031.0,1645.0,1621.0,1647.0,704.0,711.0,703.0
7079.0,1646.0,1642.0,1667.0,712.0,708.0,704.0
7064.0,1639.0,1643.0,1658.0,714.0,710.0,700.0
7095.0,1661.0,1650.0,1660.0,712.0,709.0,703.0
7039.0,1626.0,1632.0,1660.0,713.0,703.0,705.0
7015.0,1624.0,1636.0,1637.0,707.0,709.0,702.0
7045.0,1634.0,1639.0,1651.0,714.0,705.0,702.0
7018.0,1633.0,1640.0,1627.0,700.0,712.0,706.0
7038.0,1633.0,1644.0,1648.0,704.0,704.0,705.0
6987.0,1624.0,1641.0,1620.0,706.0,701.0,695.0
7003.0,1629.0,1646.0,1626.0,704.0,703.0,695.0
6980.0,1638.0,1634.0,1614.0,701.0,698.0,695.0
6972.0,1618.0,1634.0,1627.0,700.0,696.0,697.0
6981.0,1632.0,1632.0,1624.0,696.0,698.0,699.0
6959.0,1636.0,1634.0,1597.0,694.0,700.0,698.0
6961.0,1639.0,1631.0,1620.0,691.0,686.0,694.0
6939.0,1626.0,1631.0,1605.0,687.0,694.0,696.0
6930.0,1629.0,1618.0,1608.0,694.0,689.0,692.0
6936.0,1617.0,1613.0,1628.0,693.0,691.0,694.0
6959.0,1629.0,1616.0,1627.0,693.0,692.0,702.0
6954.0,1621.0,1610.0,1637.0,691.0,699.0,696.0
7001.0,1642.0,1613.0,1656.0,702.0,692.0,696.0
7014.0,1640.0,1615.0,1645.0,697.0,701.0,716.0
7029.0,1638.0,1627.0,1659.0,696.0,698.0,711.0
7049.0,1649.0,1640.0,1637.0,710.0,708.0,705.0
7076.0,1638.0,1660.0,1649.0,706.0,708.0,715.0
7131.0,1672.0,1663.0,1665.0,709.0,706.0,716.0
7117.0,1665.0,1665.0,1648.0,714.0,711.0,714.0
7147.0,1677.0,1660.0,1666.0,714.0,711.0,719.0
7169.0,1682.0,1677.0,1660.0,719.0,715.0,716.0
7113.0,1656.0,1672.0,1651.0,714.0,710.0,710.0
7117.0,1655.0,1667.0,1648.0,717.0,719.0,711.0
7111.0,1647.0,1671.0,1656.0,714.0,711.0,712.0
7086.0,1650.0,1649.0,1653.0,713.0,712.0,709.0
7108.0,1666.0,1656.0,1658.0,709.0,711.0,708.0
7074.0,1656.0,1653.0,1631.0,712.0,709.0,713.0
7039.0,1650.0,1627.0,1656.0,704.0,704.0,698.0
7053.0,1658.0,1634.0,1646.0,701.0,715.0,699.0
6988.0,1628.0,1629.0,1631.0,699.0,702.0,699.0
7005.0,1649.0,1615.0,1628.0,702.0,706.0,705.0
6966.0,1617.0,1626.0,1617.0,701.0,700.0,705.0
6996.0,1648.0,1623.0,1639.0,696.0,694.0,696.0
6978.0,1615.0,1621.0,1645.0,705.0,700.0,692.0
6985.0,1637.0,1626.0,1632.0,698.0,697.0,695.0
7001.0,1619.0,1647.0,1640.0,698.0,695.0,702.0
7014.0,1652.0,1632.0,1634.0,700.0,700.0,696.0
7051.0,1624.0,1662.0,1656.0,706.0,702.0,701.0
7034.0,1633.0,1650.0,1651.0,702.0,701.0,697.0
7102.0,1660.0,1663.0,1657.0,709.0,708.0,705.0
7108.0,1657.0,1657.0,1673.0,709.0,708.0,704.0
7093.0,1659.0,1669.0,1645.0,712.0,700.0,708.0
7110.0,1665.0,1658.0,1667.0,706.0,708.0,706.0
7120.0,1674.0,1673.0,1649.0,705.0,713.0,706.0
7150.0,1666.0,1673.0,1661.0,720.0,710.0,720.0
7149.0,1678.0,1660.0,1657.0,716.0,723.0,715.0
7166.0,1676.0,1673.0,1671.0,722.0,716.0,708.0
7147.0,1679.0,1660.0,1657.0,724.0,718.0,709.0
7164.0,1672.0,1678.0,1660.0,719.0,714.0,721.0
7193.0,1670.0,1669.0,1685.0,722.0,722.0,725.0
7135.0,1646.0,1657.0,1670.0,722.0,719.0,721.0
7125.0,1671.0,1662.0,1645.0,723.0,709.0,715.0
7109.0,1664.0,1665.0,1642.0,718.0,705.0,715.0
7102.0,1672.0,1647.0,1648.0,708.0,714.0,713.0
7123.0,1664.0,1676.0,1645.0,718.0,709.0,711.0
7101.0,1656.0,1655.0,1664.0,706.0,707.0,713.0
7093.0,1659.0,1664.0,1646.0,704.0,708.0,712.0
7100.0,1644.0,1667.0,1663.0,702.0,712.0,712.0
7056.0,1648.0,1643.0,1645.0,706.0,707.0,707.0
7044.0,1646.0,1638.0,1647.0,699.0,706.0,708.0
7056.0,1644.0,1640.0,1656.0,700.0,709.0,707.0
7056.0,1626.0,1656.0,1646.0,705.0,712.0,711.0
7047.0,1641.0,1642.0,1651.0,704.0,707.0,702.0
7087.0,1634.0,1657.0,1663.0,709.0,714.0,710.0
7089.0,1646.0,1658.0,1655.0,706.0,710.0,714.0
7105.0,1663.0,1651.0,1659.0,711.0,708.0,713.0
7142.0,1660.0,1671.0,1671.0,711.0,711.0,718.0
7154.0,1673.0,1665.0,1672.0,709.0,721.0,714.0
7120.0,1672.0,1654.0,1664.0,706.0,714.0,710.0
7195.0,1689.0,1677.0,1672.0,712.0,718.0,727.0
7179.0,1678.0,1674.0,1666.0,717.0,721.0,723.0
7202.0,1677.0,1691.0,1668.0,727.0,724.0,715.0
7189.0,1671.0,1686.0,1667.0,718.0,720.0,727.0
7238.0,1704.0,1701.0,1666.0,722.0,723.0,722.0
7194.0,1683.0,1691.0,1666.0,721.0,717.0,716.0
7204.0,1689.0,1691.0,1668.0,722.0,720.0,714.0
7194.0,1669.0,1686.0,1674.0,723.0,718.0,724.0
7225.0,1683.0,1705.0,1677.0,726.0,718.0,716.0
7184.0,1672.0,1685.0,1674.0,721.0,721.0,711.0
7175.0,1660.0,1689.0,1683.0,723.0,709.0,711.0
7133.0,1679.0,1640.0,1672.0,721.0,709.0,712.0
7161.0,1671.0,1663.0,1679.0,725.0,710.0,713.0
7148.0,1674.0,1655.0,1681.0,715.0,716.0,707.0
7130.0,1672.0,1656.0,1666.0,719.0,708.0,709.0
7125.0,1669.0,1657.0,1663.0,718.0,705.0,713.0
7098.0,1656.0,1637.0,1665.0,715.0,713.0,712.0
7114.0,1637.0,1674.0,1660.0,713.0,712.0,718.0
7096.0,1640.0,1661.0,1672.0,703.0,710.0,710.0
7115.0,1657.0,1661.0,1664.0,709.0,710.0,714.0
7125.0,1672.0,1664.0,1657.0,709.0,712.0,711.0
7123.0,1658.0,1672.0,1658.0,710.0,712.0,713.0
7174.0,1679.0,1668.0,1672.0,710.0,727.0,718.0
7165.0,1655.0,1681.0,1672.0,710.0,726.0,721.0
7230.0,1700.0,1688.0,1685.0,716.0,721.0,720.0
7248.0,1683.0,1690.0,1686.0,726.0,731.0,732.0
7262.0,1688.0,1703.0,1694.0,719.0,725.0,733.0
7260.0,1699.0,1696.0,1683.0,724.0,733.0,725.0
7300.0,1706.0,1704.0,1697.0,730.0,731.0,732.0
7254.0,1687.0,1706.0,1682.0,723.0,729.0,727.0
7285.0,1702.0,1700.0,1693.0,725.0,729.0,736.0
7233.0,1675.0,1701.0,1682.0,722.0,721.0,732.0
7234.0,1684.0,1682.0,1698.0,719.0,725.0,726.0
7239.0,1677.0,1690.0,1692.0,731.0,727.0,722.0
7208.0,1682.0,1673.0,1693.0,719.0,724.0,717.0
7177.0,1661.0,1667.0,1683.0,719.0,721.0,726.0
7231.0,1676.0,1682.0,1702.0,723.0,723.0,725.0
7191.0,1673.0,1680.0,1686.0,718.0,715.0,719.0
7194.0,1691.0,1672.0,1683.0,716.0,713.0,719.0
7159.0,1661.0,1680.0,1672.0,716.0,712.0,718.0
7188.0,1695.0,1671.0,1672.0,723.0,716.0,711.0
7143.0,1669.0,1663.0,1664.0,724.0,712.0,711.0
7155.0,1671.0,1665.0,1680.0,716.0,710.0,713.0
7155.0,1646.0,1680.0,1669.0,724.0,716.0,720.0
7144.0,1653.0,1679.0,1665.0,714.0,719.0,714.0
7188.0,1671.0,1688.0,1679.0,719.0,718.0,713.0
7169.0,1681.0,1685.0,1666.0,715.0,715.0,707.0
7170.0,1666.0,1678.0,1671.0,724.0,722.0,709.0
7183.0,1689.0,1673.0,1674.0,718.0,717.0,712.0
7213.0,1688.0,1664.0,1693.0,722.0,722.0,724.0
7258.0,1704.0,1685.0,1687.0,724.0,724.0,734.0
7277.0,1702.0,1702.0,1692.0,721.0,729.0,731.0
7291.0,1725.0,1692.0,1691.0,729.0,731.0,723.0
7309.0,1699.0,1704.0,1707.0,736.0,729.0,734.0
7307.0,1719.0,1706.0,1693.0,725.0,737.0,727.0
7358.0,1725.0,1712.0,1706.0,739.0,742.0,734.0
7352.0,1716.0,1720.0,1714.0,732.0,740.0,730.0
7354.0,1702.0,1725.0,1710.0,743.0,739.0,735.0
7340.0,1705.0,1714.0,1720.0,728.0,736.0,737.0
7293.0,1698.0,1694.0,1712.0,727.0,735.0,727.0
7324.0,1691.0,1719.0,1715.0,734.0,733.0,732.0
7303.0,1701.0,1708.0,1701.0,730.0,732.0,731.0
7319.0,1707.0,1706.0,1712.0,723.0,738.0,733.0
7269.0,1682.0,1700.0,1702.0,728.0,726.0,731.0
7268.0,1709.0,1686.0,1703.0,723.0,718.0,729.0
7244.0,1694.0,1674.0,1700.0,728.0,726.0,722.0
7231.0,1690.0,1678.0,1685.0,723.0,730.0,725.0
7221.0,1694.0,1686.0,1675.0,721.0,720.0,725.0
7229.0,1679.0,1678.0,1694.0,728.0,722.0,728.0
7185.0,1682.0,1673.0,1675.0,721.0,714.0,720.0
7220.0,1677.0,1677.0,1694.0,726.0,718.0,728.0
7216.0,1676.0,1686.0,1680.0,725.0,722.0,727.0
7211.0,1681.0,1673.0,1687.0,729.0,713.0,728.0
7236.0,1687.0,1693.0,1681.0,724.0,722.0,729.0
7209.0,1688.0,1691.0,1664.0,720.0,724.0,722.0
7300.0,1714.0,1714.0,1694.0,727.0,721.0,730.0
7292.0,1715.0,1702.0,1690.0,732.0,727.0,726.0
7341.0,1723.0,1735.0,1694.0,730.0,730.0,729.0
7364.0,1733.0,1730.0,1701.0,735.0,731.0,734.0
7361.0,1707.0,1739.0,1713.0,732.0,734.0,736.0
7394.0,1731.0,1732.0,1735.0,736.0,733.0,727.0
7351.0,1743.0,1716.0,1694.0,728.0,729.0,741.0
7378.0,1712.0,1732.0,1726.0,737.0,735.0,736.0
7436.0,1739.0,1731.0,1749.0,740.0,739.0,738.0
7355.0,1696.0,1727.0,1720.0,732.0,743.0,737.0
7362.0,1702.0,1715.0,1735.0,738.0,740.0,732.0
7341.0,1711.0,1719.0,1705.0,739.0,733.0,734.0
7332.0,1701.0,1697.0,1719.0,738.0,747.0,730.0
7299.0,1698.0,1697.0,1709.0,735.0,732.0,728.0
7313.0,1710.0,1704.0,1713.0,733.0,729.0,724.0
7301.0,1712.0,1689.0,1711.0,739.0,728.0,722.0
7286.0,1711.0,1677.0,1716.0,721.0,735.0,726.0
7287.0,1701.0,1713.0,1695.0,732.0,723.0,723.0
7258.0,1684.0,1703.0,1688.0,729.0,733.0,721.0
7264.0,1701.0,1685.0,1692.0,731.0,726.0,729.0
7296.0,1703.0,1706.0,1687.0,732.0,734.0,734.0
7266.0,1685.0,1704.0,1693.0,729.0,725.0,730.0
7256.0,1696.0,1705.0,1679.0,731.0,723.0,722.0
7285.0,1680.0,1708.0,1692.0,740.0,733.0,732.0
7282.0,1686.0,1710.0,1694.0,732.0,727.0,733.0
7304.0,1691.0,1720.0,1692.0,737.0,727.0,737.0
7349.0,1716.0,1717.0,1708.0,736.0,735.0,737.0
7353.0,1712.0,1720.0,1721.0,732.0,731.0,737.0
7405.0,1745.0,1726.0,1710.0,743.0,740.0,741.0
7431.0,1743.0,1729.0,1733.0,742.0,736.0,748.0
7423.0,1738.0,1715.0,1747.0,740.0,734.0,749.0
7442.0,1746.0,1717.0,1757.0,743.0,732.0,747.0
7441.0,1749.0,1724.0,1741.0,741.0,742.0,744.0
7430.0,1738.0,1720.0,1744.0,741.0,742.0,745.0
7392.0,1717.0,1711.0,1733.0,736.0,740.0,755.0
7424.0,1724.0,1732.0,1750.0,741.0,733.0,744.0
7416.0,1715.0,1738.0,1745.0,738.0,735.0,745.0
7418.0,1724.0,1732.0,1740.0,740.0,740.0,742.0
7359.0,1713.0,1718.0,1730.0,727.0,735.0,736.0
7351.0,1719.0,1700.0,1724.0,733.0,739.0,736.0
7393.0,1732.0,1727.0,1741.0,730.0,734.0,729.0
7351.0,1712.0,1721.0,1723.0,734.0,734.0,727.0
7317.0,1716.0,1702.0,1708.0,733.0,729.0,729.0
7330.0,1715.0,1728.0,1704.0,729.0,732.0,722.0
7323.0,1704.0,1715.0,1710.0,734.0,733.0,727.0
7308.0,1727.0,1704.0,1691.0,732.0,730.0,724.0
7335.0,1716.0,1716.0,1708.0,734.0,729.0,732.0
7302.0,1696.0,1698.0,1709.0,732.0,736.0,731.0
7296.0,1694.0,1706.0,1694.0,735.0,735.0,732.0
7314.0,1703.0,1700.0,1701.0,737.0,735.0,738.0
7324.0,1717.0,1706.0,1693.0,739.0,734.0,735.0
7386.0,1714.0,1735.0,1727.0,739.0,731.0,740.0
7419.0,1733.0,1726.0,1724.0,751.0,749.0,736.0
7401.0,1722.0,1717.0,1737.0,743.0,745.0,737.0
7462.0,1748.0,1733.0,1745.0,746.0,748.0,742.0
7503.0,1761.0,1751.0,1749.0,749.0,751.0,742.0
7482.0,1751.0,1733.0,1750.0,750.0,747.0,751.0
7473.0,1742.0,1740.0,1761.0,750.0,744.0,736.0
7522.0,1758.0,1746.0,1770.0,751.0,746.0,751.0
7482.0,1734.0,1752.0,1750.0,747.0,753.0,746.0
7497.0,1738.0,1765.0,1756.0,738.0,747.0,753.0
7485.0,1740.0,1756.0,1755.0,741.0,747.0,746.0
7478.0,1727.0,1751.0,1759.0,745.0,743.0,753.0
7476.0,1756.0,1744.0,1741.0,738.0,747.0,750.0
7425.0,1728.0,1743.0,1729.0,740.0,744.0,741.0
7379.0,1713.0,1714.0,1732.0,747.0,733.0,740.0
7380.0,1741.0,1720.0,1710.0,735.0,735.0,739.0
7380.0,1736.0,1720.0,1713.0,733.0,741.0,737.0
7367.0,1731.0,1711.0,1713.0,736.0,735.0,741.0
7372.0,1733.0,1706.0,1720.0,736.0,734.0,743.0
7395.0,1732.0,1724.0,1725.0,735.0,737.0,742.0
7355.0,1720.0,1715.0,1715.0,733.0,732.0,740.0
7384.0,1724.0,1730.0,1722.0,737.0,732.0,739.0
7367.0,1715.0,1730.0,1703.0,737.0,740.0,742.0
7367.0,1722.0,1720.0,1712.0,744.0,731.0,738.0
7369.0,1709.0,1729.0,1717.0,733.0,738.0,743.0
7408.0,1719.0,1735.0,1733.0,737.0,741.0,743.0
7452.0,1736.0,1742.0,1736.0,752.0,744.0,742.0
7461.0,1743.0,1741.0,1734.0,747.0,746.0,750.0
7453.0,1747.0,1738.0,1716.0,752.0,754.0,746.0
7480.0,1753.0,1729.0,1754.0,745.0,754.0,745.0
7517.0,1770.0,1739.0,1754.0,754.0,751.0,749.0
7526.0,1752.0,1746.0,1772.0,751.0,756.0,749.0
7537.0,1748.0,1755.0,1768.0,759.0,760.0,747.0
7566.0,1769.0,1742.0,1778.0,761.0,761.0,755.0
7516.0,1759.0,1747.0,1740.0,757.0,761.0,752.0
7527.0,1746.0,1753.0,1766.0,751.0,755.0,756.0
7515.0,1748.0,1747.0,1760.0,758.0,756.0,746.0
7496.0,1743.0,1738.0,1757.0,748.0,760.0,750.0
7475.0,1738.0,1740.0,1750.0,747.0,757.0,743.0
7489.0,1753.0,1747.0,1743.0,748.0,749.0,749.0
7444.0,1743.0,1744.0,1729.0,739.0,748.0,741.0
7453.0,1733.0,1756.0,1727.0,745.0,748.0,744.0
7454.0,1749.0,1762.0,1715.0,745.0,741.0,742.0
7450.0,1747.0,1757.0,1726.0,740.0,742.0,738.0
7427.0,1741.0,1741.0,1722.0,743.0,741.0,739.0
7443.0,1736.0,1756.0,1725.0,742.0,738.0,746.0
7410.0,1735.0,1726.0,1728.0,745.0,737.0,739.0
7402.0,1735.0,1738.0,1710.0,741.0,739.0,739.0
7420.0,1725.0,1739.0,1731.0,741.0,741.0,743.0
7426.0,1722.0,1733.0,1734.0,744.0,745.0,748.0
7417.0,1724.0,1729.0,1729.0,749.0,743.0,743.0
7437.0,1741.0,1732.0,1739.0,743.0,740.0,742.0
7494.0,1747.0,1743.0,1765.0,751.0,742.0,746.0
7493.0,1748.0,1745.0,1748.0,750.0,749.0,753.0
7537.0,1781.0,1746.0,1748.0,758.0,749.0,755.0
7579.0,1789.0,1761.0,1763.0,757.0,753.0,756.0
7541.0,1762.0,1743.0,1764.0,760.0,750.0,762.0
7600.0,1784.0,1764.0,1767.0,763.0,757.0,765.0
7588.0,1764.0,1767.0,1774.0,757.0,758.0,768.0
7573.0,1769.0,1754.0,1773.0,756.0,759.0,762.0
7599.0,1785.0,1777.0,1760.0,766.0,757.0,754.0
7593.0,1773.0,1777.0,1748.0,771.0,761.0,763.0
7551.0,1749.0,1769.0,1754.0,756.0,759.0,764.0
7588.0,1763.0,1775.0,1770.0,754.0,764.0,762.0
7534.0,1733.0,1762.0,1759.0,761.0,764.0,755.0
7523.0,1742.0,1760.0,1766.0,749.0,750.0,756.0
7530.0,1755.0,1763.0,1756.0,755.0,751.0,750.0
7491.0,1751.0,1745.0,1740.0,751.0,755.0,749.0
7491.0,1767.0,1729.0,1746.0,747.0,754.0,748.0
7476.0,1756.0,1745.0,1728.0,747.0,755.0,745.0
7473.0,1764.0,1743.0,1744.0,738.0,744.0,740.0
7461.0,1749.0,1732.0,1732.0,755.0,750.0,743.0
7444.0,1743.0,1721.0,1749.0,748.0,745.0,738.0
7430.0,1742.0,1716.0,1743.0,739.0,749.0,741.0
7472.0,1756.0,1731.0,1738.0,751.0,752.0,744.0
7491.0,1751.0,1751.0,1742.0,750.0,751.0,746.0
7479.0,1728.0,1746.0,1761.0,745.0,753.0,746.0
7532.0,1744.0,1770.0,1767.0,747.0,756.0,748.0
7535.0,1767.0,1756.0,1765.0,751.0,750.0,746.0
7520.0,1745.0,1757.0,1773.0,752.0,743.0,750.0
7606.0,1789.0,1759.0,1787.0,762.0,753.0,756.0
7589.0,1784.0,1758.0,1771.0,761.0,757.0,758.0
7562.0,1774.0,1757.0,1761.0,763.0,760.0,747.0
7591.0,1765.0,1766.0,1785.0,767.0,751.0,757.0
7659.0,1789.0,1798.0,1775.0,770.0,757.0,770.0
7642.0,1798.0,1786.0,1766.0,771.0,758.0,763.0
7620.0,1782.0,1777.0,1775.0,765.0,758.0,763.0
7640.0,1782.0,1777.0,1785.0,770.0,757.0,769.0
7597.0,1776.0,1781.0,1755.0,760.0,759.0,766.0
7616.0,1767.0,1777.0,1781.0,767.0,763.0,761.0
7600.0,1771.0,1758.0,1777.0,767.0,762.0,765.0
7571.0,1762.0,1760.0,1767.0,768.0,756.0,758.0
7544.0,1761.0,1750.0,1759.0,755.0,754.0,765.0
7542.0,1760.0,1756.0,1753.0,757.0,758.0,758.0
7567.0,1764.0,1769.0,1765.0,756.0,756.0,757.0
7540.0,1765.0,1761.0,1749.0,750.0,755.0,760.0
7525.0,1764.0,1755.0,1739.0,750.0,756.0,761.0
7541.0,1759.0,1754.0,1767.0,749.0,757.0,755.0
7523.0,1740.0,1747.0,1770.0,746.0,762.0,758.0
7530.0,1741.0,1775.0,1752.0,747.0,758.0,757.0
7534.0,1749.0,1758.0,1764.0,749.0,757.0,757.0
7539.0,1752.0,1757.0,1770.0,749.0,756.0,755.0
7570.0,1748.0,1773.0,1776.0,749.0,764.0,760.0
7556.0,1756.0,1775.0,1763.0,752.0,755.0,755.0
7567.0,1750.0,1761.0,1776.0,754.0,764.0,762.0
7646.0,1785.0,1779.0,1788.0,760.0,770.0,764.0
7628.0,1779.0,1795.0,1764.0,761.0,766.0,763.0
7647.0,1781.0,1788.0,1786.0,761.0,765.0,766.0
7638.0,1796.0,1773.0,1778.0,765.0,763.0,763.0
7700.0,1804.0,1793.0,1786.0,781.0,768.0,768.0
7680.0,1797.0,1780.0,1791.0,770.0,773.0,769.0
7669.0,1799.0,1786.0,1779.0,776.0,767.0,762.0
7656.0,1779.0,1799.0,1776.0,771.0,772.0,759.0
7677.0,1788.0,1790.0,1785.0,773.0,774.0,767.0
7671.0,1793.0,1786.0,1794.0,772.0,764.0,762.0
7667.0,1786.0,1793.0,1786.0,772.0,766.0,764.0
7673.0,1780.0,1807.0,1782.0,767.0,773.0,764.0
7636.0,1782.0,1798.0,1772.0,767.0,758.0,759.0
7657.0,1793.0,1790.0,1781.0,766.0,762.0,765.0
7599.0,1768.0,1779.0,1775.0,767.0,759.0,751.0
7616.0,1783.0,1781.0,1783.0,757.0,755.0,757.0
7598.0,1780.0,1771.0,1774.0,759.0,755.0,759.0
7586.0,1784.0,1765.0,1782.0,748.0,752.0,755.0
7577.0,1762.0,1753.0,1787.0,756.0,760.0,759.0
7580.0,1784.0,1752.0,1769.0,754.0,761.0,760.0
7583.0,1774.0,1754.0,1786.0,758.0,755.0,756.0
7587.0,1783.0,1765.0,1767.0,752.0,760.0,760.0
7586.0,1761.0,1766.0,1781.0,759.0,762.0,757.0
7583.0,1761.0,1777.0,1766.0,757.0,758.0,764.0
7547.0,1754.0,1746.0,1772.0,754.0,756.0,765.0
7604.0,1771.0,1778.0,1764.0,762.0,763.0,766.0
7636.0,1773.0,1780.0,1786.0,764.0,772.0,761.0
7635.0,1777.0,1768.0,1783.0,768.0,774.0,765.0
7681.0,1796.0,1797.0,1773.0,770.0,772.0,773.0
7724.0,1806.0,1811.0,1792.0,765.0,773.0,777.0
7721.0,1807.0,1808.0,1786.0,771.0,778.0,771.0
7782.0,1832.0,1808.0,1805.0,780.0,779.0,778.0
7759.0,1823.0,1812.0,1793.0,779.0,777.0,775.0
7747.0,1806.0,1814.0,1793.0,778.0,781.0,775.0
7752.0,1807.0,1804.0,1802.0,783.0,778.0,778.0
7716.0,1793.0,1799.0,1794.0,779.0,776.0,775.0
7693.0,1788.0,1788.0,1808.0,774.0,767.0,768.0
7718.0,1797.0,1805.0,1784.0,776.0,778.0,778.0
7718.0,1791.0,1792.0,1822.0,770.0,772.0,771.0
7673.0,1806.0,1772.0,1788.0,776.0,765.0,766.0
7674.0,1801.0,1769.0,1796.0,770.0,768.0,770.0
7667.0,1781.0,1782.0,1805.0,769.0,762.0,768.0
7652.0,1778.0,1779.0,1795.0,772.0,766.0,762.0
7630.0,1788.0,1764.0,1805.0,761.0,757.0,755.0
7630.0,1793.0,1761.0,1792.0,766.0,756.0,762.0
7594.0,1772.0,1766.0,1774.0,766.0,757.0,759.0
7637.0,1770.0,1797.0,1788.0,766.0,758.0,758.0
7680.0,1795.0,1798.0,1797.0,764.0,763.0,763.0
7652.0,1777.0,1802.0,1798.0,768.0,755.0,752.0
7641.0,1773.0,1788.0,1804.0,762.0,759.0,755.0
7647.0,1800.0,1785.0,1785.0,758.0,762.0,757.0
7643.0,1786.0,1791.0,1769.0,766.0,765.0,766.0
7661.0,1789.0,1779.0,1788.0,774.0,776.0,755.0
7711.0,1807.0,1810.0,1792.0,764.0,772.0,766.0
7729.0,1806.0,1815.0,1793.0,776.0,767.0,772.0
7728.0,1807.0,1801.0,1811.0,766.0,772.0,771.0
7764.0,1831.0,1797.0,1802.0,782.0,776.0,776.0
7777.0,1817.0,1814.0,1811.0,780.0,779.0,776.0
7784.0,1824.0,1804.0,1821.0,779.0,779.0,777.0
7799.0,1810.0,1817.0,1823.0,788.0,784.0,777.0
7765.0,1809.0,1799.0,1812.0,783.0,784.0,778.0
7793.0,1795.0,1827.0,1822.0,788.0,780.0,781.0
7771.0,1795.0,1808.0,1825.0,779.0,777.0,787.0
7767.0,1822.0,1793.0,1814.0,778.0,781.0,779.0
7795.0,1810.0,1820.0,1821.0,781.0,779.0,784.0
7780.0,1813.0,1826.0,1812.0,780.0,779.0,770.0
7733.0,1803.0,1803.0,1799.0,776.0,775.0,777.0
7768.0,1800.0,1822.0,1809.0,771.0,787.0,779.0
7741.0,1802.0,1814.0,1805.0,774.0,774.0,772.0
7701.0,1796.0,1803.0,1798.0,770.0,762.0,772.0
7670.0,1801.0,1793.0,1781.0,763.0,765.0,767.0
7693.0,1792.0,1800.0,1794.0,770.0,766.0,771.0
7653.0,1790.0,1789.0,1768.0,768.0,770.0,768.0
7719.0,1811.0,1794.0,1800.0,771.0,766.0,777.0
7674.0,1783.0,1781.0,1803.0,760.0,766.0,781.0
7696.0,1780.0,1788.0,1814.0,775.0,770.0,769.0
7708.0,1809.0,1793.0,1794.0,771.0,771.0,770.0
7711.0,1790.0,1805.0,1795.0,772.0,773.0,776.0
7716.0,1800.0,1800.0,1796.0,773.0,772.0,775.0
7788.0,1837.0,1804.0,1817.0,772.0,778.0,780.0
7814.0,1832.0,1831.0,1818.0,774.0,775.0,784.0
7784.0,1821.0,1816.0,1818.0,780.0,777.0,772.0
7859.0,1837.0,1848.0,1836.0,778.0,777.0,783.0
7867.0,1849.0,1836.0,1837.0,774.0,786.0,785.0
7850.0,1825.0,1833.0,1836.0,782.0,788.0,786.0
7824.0,1831.0,1833.0,1817.0,784.0,781.0,778.0
7873.0,1845.0,1839.0,1849.0,784.0,781.0,775.0
7835.0,1819.0,1834.0,1839.0,787.0,776.0,780.0
7812.0,1802.0,1824.0,1838.0,787.0,781.0,780.0
7807.0,1813.0,1834.0,1822.0,779.0,782.0,777.0
7777.0,1811.0,1817.0,1824.0,777.0,779.0,769.0
7768.0,1811.0,1812.0,1818.0,781.0,775.0,771.0
7806.0,1831.0,1810.0,1816.0,784.0,782.0,783.0
7746.0,1816.0,1809.0,1800.0,769.0,777.0,775.0
7726.0,1816.0,1807.0,1794.0,773.0,770.0,766.0
7723.0,1815.0,1793.0,1799.0,779.0,772.0,765.0
7738.0,1809.0,1796.0,1810.0,781.0,771.0,771.0
7737.0,1788.0,1813.0,1813.0,776.0,771.0,776.0
7731.0,1809.0,1791.0,1797.0,784.0,777.0,773.0
7754.0,1804.0,1817.0,1809.0,773.0,773.0,778.0
7753.0,1803.0,1822.0,1794.0,778.0,773.0,783.0
7761.0,1809.0,1812.0,1798.0,781.0,780.0,781.0
7752.0,1815.0,1806.0,1802.0,773.0,777.0,779.0
7794.0,1826.0,1830.0,1803.0,780.0,779.0,776.0
7782.0,1805.0,1825.0,1812.0,780.0,778.0,782.0
7821.0,1824.0,1838.0,1816.0,778.0,783.0,782.0
7813.0,1830.0,1817.0,1815.0,782.0,782.0,787.0
7875.0,1840.0,1846.0,1829.0,783.0,788.0,789.0
7911.0,1851.0,1852.0,1842.0,780.0,786.0,800.0
7866.0,1832.0,1830.0,1840.0,785.0,787.0,792.0
7896.0,1851.0,1826.0,1851.0,781.0,793.0,794.0
7901.0,1829.0,1852.0,1868.0,782.0,781.0,789.0
7862.0,1823.0,1836.0,1840.0,781.0,788.0,794.0
7863.0,1821.0,1834.0,1847.0,783.0,785.0,793.0
7866.0,1827.0,1843.0,1836.0,788.0,788.0,784.0
7864.0,1831.0,1828.0,1848.0,782.0,785.0,790.0
7844.0,1812.0,1827.0,1848.0,783.0,785.0,789.0
7868.0,1843.0,1844.0,1822.0,791.0,788.0,780.0
7834.0,1820.0,1826.0,1842.0,782.0,780.0,784.0
7831.0,1848.0,1832.0,1814.0,788.0,769.0,780.0
7780.0,1814.0,1821.0,1801.0,783.0,784.0,777.0
7763.0,1831.0,1806.0,1793.0,782.0,773.0,778.0
7801.0,1828.0,1834.0,1804.0,782.0,779.0,774.0
7799.0,1817.0,1833.0,1805.0,789.0,779.0,776.0
7741.0,1800.0,1812.0,1798.0,780.0,780.0,771.0
7780.0,1807.0,1839.0,1808.0,773.0,781.0,772.0
7818.0,1823.0,1834.0,1829.0,779.0,777.0,776.0
7794.0,1819.0,1811.0,1817.0,786.0,784.0,777.0
7807.0,1826.0,1817.0,1824.0,786.0,778.0,776.0
7862.0,1840.0,1828.0,1830.0,788.0,794.0,782.0
7850.0,1839.0,1829.0,1826.0,783.0,790.0,783.0
7852.0,1844.0,1824.0,1833.0,785.0,784.0,782.0
7908.0,1859.0,1838.0,1842.0,784.0,792.0,793.0
7934.0,1864.0,1846.0,1844.0,791.0,796.0,793.0
7957.0,1874.0,1829.0,1875.0,793.0,798.0,788.0
7976.0,1865.0,1855.0,1868.0,797.0,797.0,794.0
7970.0,1863.0,1861.0,1868.0,793.0,799.0,786.0
7959.0,1863.0,1854.0,1866.0,794.0,791.0,791.0
7933.0,1850.0,1861.0,1844.0,791.0,795.0,792.0
7937.0,1836.0,1870.0,1856.0,782.0,794.0,799.0
7924.0,1842.0,1853.0,1843.0,790.0,793.0,803.0
7891.0,1841.0,1839.0,1836.0,791.0,786.0,798.0
7910.0,1849.0,1834.0,1856.0,789.0,790.0,792.0
7902.0,1847.0,1842.0,1837.0,791.0,791.0,794.0
7866.0,1835.0,1846.0,1828.0,784.0,786.0,787.0
7870.0,1843.0,1844.0,1825.0,792.0,779.0,787.0
7845.0,1839.0,1813.0,1835.0,787.0,782.0,789.0
7811.0,1832.0,1814.0,1809.0,787.0,777.0,792.0
7816.0,1839.0,1815.0,1816.0,791.0,773.0,782.0
7813.0,1819.0,1823.0,1821.0,787.0,784.0,779.0
7816.0,1835.0,1815.0,1820.0,784.0,772.0,790.0
7824.0,1820.0,1827.0,1826.0,786.0,782.0,783.0
7829.0,1827.0,1818.0,1827.0,786.0,784.0,787.0
7841.0,1820.0,1820.0,1839.0,793.0,779.0,790.0
7866.0,1824.0,1832.0,1850.0,788.0,786.0,786.0
7896.0,1833.0,1850.0,1850.0,790.0,784.0,789.0
7914.0,1851.0,1853.0,1852.0,788.0,789.0,781.0
7947.0,1840.0,1854.0,1869.0,795.0,792.0,797.0
7963.0,1863.0,1856.0,1858.0,799.0,795.0,792.0
7998.0,1864.0,1874.0,1871.0,801.0,796.0,792.0
8000.0,1867.0,1863.0,1897.0,796.0,787.0,790.0
8035.0,1887.0,1861.0,1884.0,803.0,807.0,793.0
8027.0,1866.0,1878.0,1891.0,794.0,805.0,793.0
7995.0,1857.0,1859.0,1874.0,796.0,808.0,801.0
7961.0,1845.0,1843.0,1874.0,798.0,805.0,796.0
7963.0,1841.0,1863.0,1860.0,797.0,807.0,795.0
7936.0,1847.0,1861.0,1853.0,790.0,801.0,784.0
7936.0,1846.0,1849.0,1853.0,797.0,798.0,793.0
7952.0,1860.0,1854.0,1850.0,793.0,798.0,797.0
7921.0,1857.0,1851.0,1835.0,796.0,791.0,791.0
7944.0,1847.0,1863.0,1858.0,787.0,795.0,794.0
7916.0,1867.0,1829.0,1841.0,793.0,793.0,793.0
7894.0,1863.0,1842.0,1822.0,797.0,790.0,780.0
7925.0,1852.0,1855.0,1842.0,788.0,802.0,786.0
7916.0,1853.0,1849.0,1842.0,792.0,790.0,790.0
7938.0,1858.0,1857.0,1849.0,792.0,788.0,794.0
7903.0,1843.0,1850.0,1839.0,789.0,791.0,791.0
7909.0,1829.0,1852.0,1847.0,793.0,789.0,799.0
7900.0,1838.0,1855.0,1843.0,792.0,787.0,785.0
7923.0,1841.0,1859.0,1853.0,790.0,787.0,793.0
7941.0,1842.0,1853.0,1862.0,797.0,790.0,797.0
7963.0,1861.0,1855.0,1864.0,801.0,789.0,793.0
7998.0,1865.0,1862.0,1873.0,796.0,795.0,807.0
7969.0,1851.0,1864.0,1861.0,800.0,794.0,799.0
7996.0,1868.0,1856.0,1883.0,797.0,792.0,800.0
8022.0,1874.0,1858.0,1877.0,805.0,803.0,805.0
8078.0,1887.0,1878.0,1891.0,805.0,803.0,814.0
8025.0,1878.0,1860.0,1877.0,805.0,804.0,801.0
8084.0,1886.0,1881.0,1888.0,813.0,805.0,811.0
8066.0,1872.0,1897.0,1882.0,798.0,803.0,814.0
8036.0,1867.0,1886.0,1868.0,798.0,804.0,813.0
8027.0,1878.0,1887.0,1856.0,798.0,804.0,804.0
8059.0,1870.0,1903.0,1879.0,798.0,805.0,804.0
7997.0,1863.0,1877.0,1847.0,797.0,809.0,804.0
7988.0,1847.0,1877.0,1868.0,795.0,798.0,803.0
7989.0,1855.0,1885.0,1845.0,794.0,806.0,804.0
7990.0,1856.0,1875.0,1871.0,798.0,797.0,793.0
7952.0,1863.0,1863.0,1847.0,785.0,806.0,788.0
7930.0,1857.0,1839.0,1846.0,791.0,799.0,798.0
7957.0,1871.0,1848.0,1859.0,784.0,802.0,793.0
7937.0,1863.0,1849.0,1844.0,787.0,803.0,791.0
7943.0,1854.0,1849.0,1847.0,798.0,795.0,800.0
7910.0,1840.0,1838.0,1852.0,797.0,797.0,786.0
7913.0,1839.0,1844.0,1856.0,794.0,793.0,787.0
7966.0,1850.0,1843.0,1874.0,798.0,807.0,794.0
7958.0,1849.0,1869.0,1860.0,795.0,794.0,791.0
7974.0,1853.0,1860.0,1871.0,801.0,793.0,796.0
8021.0,1872.0,1859.0,1883.0,804.0,804.0,799.0
8020.0,1870.0,1867.0,1883.0,805.0,801.0,794.0
8030.0,1879.0,1884.0,1851.0,811.0,804.0,801.0
8071.0,1892.0,1892.0,1870.0,814.0,801.0,802.0
8083.0,1893.0,1894.0,1874.0,808.0,805.0,809.0
8128.0,1907.0,1905.0,1885.0,816.0,808.0,807.0
8091.0,1893.0,1877.0,1884.0,814.0,810.0,813.0
8115.0,1886.0,1900.0,1895.0,807.0,812.0,815.0
8130.0,1894.0,1906.0,1893.0,812.0,812.0,813.0
8106.0,1887.0,1905.0,1887.0,811.0,810.0,806.0
8100.0,1890.0,1892.0,1877.0,818.0,807.0,816.0
8085.0,1888.0,1881.0,1892.0,807.0,806.0,811.0
8050.0,1882.0,1871.0,1879.0,802.0,806.0,810.0
8054.0,1869.0,1886.0,1889.0,803.0,805.0,802.0
8018.0,1876.0,1865.0,1864.0,798.0,804.0,811.0
8013.0,1870.0,1858.0,1870.0,808.0,804.0,803.0
7962.0,1873.0,1839.0,1854.0,794.0,798.0,804.0
8008.0,1880.0,1852.0,1868.0,802.0,799.0,807.0
7998.0,1889.0,1859.0,1862.0,792.0,796.0,800.0
8018.0,1886.0,1859.0,1877.0,795.0,799.0,802.0
7985.0,1857.0,1867.0,1861.0,803.0,801.0,796.0
8022.0,1861.0,1872.0,1874.0,806.0,803.0,806.0
7993.0,1849.0,1878.0,1873.0,792.0,798.0,803.0
8023.0,1853.0,1880.0,1884.0,800.0,802.0,804.0
8048.0,1861.0,1880.0,1878.0,807.0,812.0,810.0
8034.0,1853.0,1882.0,1872.0,806.0,810.0,811.0
8057.0,1875.0,1892.0,1883.0,805.0,802.0,800.0
8103.0,1876.0,1893.0,1898.0,808.0,814.0,814.0
8096.0,1892.0,1873.0,1893.0,813.0,818.0,807.0
8099.0,1890.0,1886.0,1878.0,812.0,818.0,815.0
8182.0,1913.0,1895.0,1918.0,823.0,819.0,814.0
8163.0,1918.0,1899.0,1898.0,819.0,817.0,812.0
8119.0,1913.0,1878.0,1878.0,819.0,817.0,814.0
8135.0,1904.0,1892.0,1904.0,815.0,813.0,807.0
8119.0,1887.0,1900.0,1883.0,823.0,813.0,813.0
8128.0,1888.0,1891.0,1899.0,815.0,816.0,819.0
8134.0,1899.0,1896.0,1888.0,820.0,818.0,813.0
8140.0,1887.0,1897.0,1916.0,812.0,812.0,816.0
8142.0,1887.0,1907.0,1907.0,811.0,819.0,811.0
8116.0,1895.0,1891.0,1898.0,814.0,811.0,807.0
8098.0,1907.0,1887.0,1888.0,802.0,807.0,807.0
8069.0,1883.0,1883.0,1886.0,803.0,804.0,810.0
8118.0,1896.0,1913.0,1900.0,807.0,796.0,806.0
8063.0,1883.0,1893.0,1880.0,803.0,804.0,800.0
8052.0,1873.0,1882.0,1896.0,797.0,803.0,801.0
8039.0,1876.0,1879.0,1888.0,797.0,792.0,807.0
8058.0,1873.0,1895.0,1891.0,796.0,805.0,798.0
8047.0,1872.0,1877.0,1882.0,809.0,799.0,808.0
8039.0,1874.0,1886.0,1869.0,800.0,800.0,810.0
8020.0,1865.0,1862.0,1884.0,801.0,804.0,804.0
8035.0,1856.0,1864.0,1896.0,804.0,802.0,813.0
8091.0,1880.0,1871.0,1912.0,806.0,810.0,812.0
8122.0,1894.0,1888.0,1892.0,818.0,817.0,813.0
8102.0,1881.0,1894.0,1886.0,815.0,814.0,812.0
8146.0,1897.0,1895.0,1900.0,821.0,818.0,815.0
8207.0,1910.0,1916.0,1916.0,821.0,827.0,817.0
8203.0,1922.0,1919.0,1893.0,822.0,821.0,826.0
8244.0,1917.0,1933.0,1911.0,824.0,824.0,835.0
8233.0,1928.0,1917.0,1913.0,821.0,834.0,820.0
8197.0,1910.0,1913.0,1898.0,829.0,821.0,826.0
8234.0,1923.0,1930.0,1900.0,824.0,827.0,830.0
8239.0,1913.0,1924.0,1928.0,829.0,831.0,814.0
8198.0,1902.0,1922.0,1909.0,819.0,821.0,825.0
8198.0,1909.0,1908.0,1931.0,816.0,811.0,823.0
8147.0,1905.0,1912.0,1883.0,818.0,816.0,813.0
8182.0,1905.0,1911.0,1915.0,814.0,820.0,817.0
8168.0,1898.0,1901.0,1911.0,824.0,819.0,815.0
8159.0,1914.0,1900.0,1902.0,808.0,816.0,819.0
8156.0,1912.0,1891.0,1919.0,810.0,812.0,812.0
8121.0,1898.0,1882.0,1912.0,808.0,814.0,807.0
8102.0,1898.0,1865.0,1923.0,798.0,808.0,810.0
8067.0,1880.0,1875.0,1894.0,805.0,811.0,802.0
8087.0,1884.0,1887.0,1908.0,803.0,806.0,799.0
8099.0,1894.0,1894.0,1901.0,807.0,804.0,799.0
8067.0,1876.0,1877.0,1895.0,803.0,810.0,806.0
8127.0,1887.0,1913.0,1895.0,815.0,815.0,802.0
8095.0,1886.0,1903.0,1885.0,810.0,811.0,800.0
8132.0,1905.0,1916.0,1891.0,806.0,806.0,808.0
8129.0,1901.0,1906.0,1889.0,810.0,812.0,811.0
8167.0,1892.0,1929.0,1899.0,819.0,810.0,818.0
8180.0,1913.0,1912.0,1907.0,813.0,815.0,820.0
8250.0,1929.0,1940.0,1919.0,825.0,819.0,818.0
8227.0,1934.0,1916.0,1916.0,823.0,819.0,819.0
8249.0,1934.0,1932.0,1914.0,826.0,818.0,825.0
8249.0,1944.0,1921.0,1915.0,823.0,826.0,820.0
8280.0,1934.0,1928.0,1931.0,830.0,827.0,830.0
8280.0,1910.0,1930.0,1946.0,839.0,834.0,821.0
8248.0,1915.0,1924.0,1919.0,837.0,824.0,829.0
8246.0,1920.0,1920.0,1918.0,834.0,821.0,833.0
8205.0,1906.0,1910.0,1917.0,826.0,821.0,825.0
8267.0,1916.0,1922.0,1942.0,830.0,833.0,824.0
8225.0,1915.0,1921.0,1918.0,826.0,821.0,824.0
8223.0,1931.0,1910.0,1918.0,819.0,826.0,819.0
8227.0,1909.0,1915.0,1937.0,820.0,822.0,824.0
8149.0,1903.0,1902.0,1902.0,807.0,817.0,818.0
8190.0,1901.0,1913.0,1915.0,817.0,822.0,822.0
8173.0,1904.0,1905.0,1915.0,817.0,815.0,817.0
8143.0,1907.0,1896.0,1900.0,817.0,810.0,813.0
8144.0,1902.0,1898.0,1894.0,815.0,818.0,817.0
8150.0,1892.0,1914.0,1902.0,815.0,811.0,816.0
8112.0,1886.0,1897.0,1893.0,807.0,812.0,817.0
8140.0,1893.0,1905.0,1888.0,816.0,820.0,818.0
8119.0,1900.0,1879.0,1887.0,815.0,820.0,818.0
8176.0,1915.0,1911.0,1896.0,819.0,816.0,819.0
8190.0,1922.0,1901.0,1901.0,821.0,825.0,820.0
8218.0,1927.0,1923.0,1912.0,818.0,823.0,815.0
8215.0,1931.0,1908.0,1917.0,822.0,813.0,824.0
8269.0,1929.0,1930.0,1934.0,825.0,825.0,826.0
8263.0,1943.0,1924.0,1919.0,826.0,822.0,829.0
8300.0,1958.0,1927.0,1931.0,833.0,822.0,829.0
8308.0,1943.0,1945.0,1932.0,834.0,825.0,829.0
8314.0,1948.0,1949.0,1934.0,830.0,828.0,825.0
8325.0,1941.0,1944.0,1935.0,839.0,834.0,832.0
8351.0,1940.0,1953.0,1953.0,835.0,838.0,832.0
8301.0,1920.0,1936.0,1957.0,834.0,829.0,825.0
8288.0,1913.0,1936.0,1953.0,832.0,831.0,823.0
8279.0,1914.0,1938.0,1943.0,830.0,827.0,827.0
8264.0,1909.0,1949.0,1937.0,827.0,827.0,815.0
8256.0,1935.0,1911.0,1933.0,828.0,827.0,822.0
8232.0,1948.0,1907.0,1910.0,827.0,821.0,819.0
8203.0,1922.0,1897.0,1919.0,832.0,823.0,810.0
8190.0,1916.0,1889.0,1926.0,826.0,821.0,812.0
8225.0,1928.0,1915.0,1914.0,821.0,821.0,826.0
8210.0,1935.0,1900.0,1907.0,822.0,828.0,818.0
8183.0,1918.0,1898.0,1898.0,824.0,823.0,822.0
8203.0,1921.0,1908.0,1907.0,825.0,822.0,820.0
8202.0,1908.0,1913.0,1897.0,825.0,831.0,828.0
8212.0,1910.0,1919.0,1916.0,821.0,822.0,824.0
8186.0,1895.0,1933.0,1896.0,815.0,824.0,823.0
8220.0,1917.0,1917.0,1911.0,823.0,825.0,827.0
8246.0,1914.0,1930.0,1919.0,819.0,836.0,828.0
8268.0,1919.0,1930.0,1937.0,829.0,826.0,827.0
8326.0,1927.0,1955.0,1956.0,827.0,831.0,830.0
8336.0,1953.0,1947.0,1933.0,826.0,833.0,844.0
8367.0,1976.0,1950.0,1946.0,829.0,832.0,834.0
8373.0,1950.0,1956.0,1953.0,835.0,838.0,841.0
8374.0,1954.0,1955.0,1956.0,836.0,836.0,837.0
8398.0,1952.0,1961.0,1962.0,841.0,844.0,838.0
8355.0,1953.0,1956.0,1947.0,831.0,834.0,834.0
8384.0,1955.0,1945.0,1968.0,840.0,839.0,837.0
8332.0,1939.0,1937.0,1953.0,842.0,831.0,830.0
8294.0,1931.0,1929.0,1944.0,831.0,827.0,832.0
8282.0,1917.0,1929.0,1942.0,834.0,825.0,835.0
8352.0,1943.0,1953.0,1958.0,835.0,824.0,839.0
8311.0,1938.0,1932.0,1939.0,837.0,831.0,834.0
8268.0,1922.0,1925.0,1925.0,832.0,825.0,839.0
8278.0,1929.0,1942.0,1933.0,829.0,818.0,827.0
8243.0,1927.0,1927.0,1911.0,834.0,822.0,822.0
8236.0,1931.0,1908.0,1926.0,828.0,821.0,822.0
8236.0,1920.0,1926.0,1913.0,834.0,822.0,821.0
8244.0,1932.0,1930.0,1923.0,828.0,819.0,812.0
8288.0,1916.0,1947.0,1939.0,829.0,834.0,823.0
8238.0,1912.0,1944.0,1911.0,825.0,827.0,819.0
8226.0,1909.0,1940.0,1906.0,829.0,817.0,825.0
8294.0,1928.0,1946.0,1929.0,831.0,832.0,828.0
8289.0,1927.0,1935.0,1937.0,831.0,833.0,826.0
8289.0,1934.0,1929.0,1933.0,830.0,835.0,828.0
8307.0,1947.0,1936.0,1932.0,828.0,830.0,834.0
8337.0,1954.0,1942.0,1948.0,833.0,833.0,827.0
8379.0,1958.0,1945.0,1961.0,842.0,839.0,834.0
8383.0,1973.0,1947.0,1949.0,840.0,839.0,835.0
8430.0,1973.0,1955.0,1972.0,838.0,852.0,840.0
8414.0,1969.0,1959.0,1963.0,839.0,846.0,838.0
8430.0,1962.0,1954.0,1983.0,839.0,847.0,845.0
8445.0,1965.0,1971.0,1975.0,839.0,848.0,847.0
8432.0,1953.0,1966.0,1981.0,842.0,848.0,842.0
8435.0,1966.0,1962.0,1980.0,840.0,842.0,845.0
8395.0,1953.0,1966.0,1961.0,841.0,837.0,837.0
8433.0,1956.0,1980.0,1966.0,843.0,839.0,849.0
8401.0,1943.0,1971.0,1965.0,843.0,837.0,842.0
8373.0,1949.0,1966.0,1944.0,838.0,833.0,843.0
8373.0,1956.0,1953.0,1960.0,839.0,824.0,841.0
8319.0,1934.0,1933.0,1950.0,836.0,829.0,837.0
8325.0,1946.0,1943.0,1943.0,832.0,830.0,831.0
8285.0,1939.0,1926.0,1921.0,833.0,827.0,839.0
8267.0,1931.0,1930.0,1915.0,833.0,826.0,832.0
8320.0,1946.0,1929.0,1947.0,836.0,830.0,832.0
8269.0,1927.0,1926.0,1923.0,829.0,828.0,836.0
8287.0,1923.0,1927.0,1938.0,838.0,823.0,838.0
8300.0,1941.0,1927.0,1936.0,833.0,826.0,837.0
8330.0,1919.0,1948.0,1952.0,836.0,834.0,841.0
8355.0,1950.0,1945.0,1956.0,833.0,831.0,840.0
8388.0,1960.0,1954.0,1962.0,837.0,835.0,840.0
8366.0,1936.0,1960.0,1967.0,831.0,832.0,840.0
8416.0,1962.0,1968.0,1972.0,838.0,843.0,833.0
8448.0,1976.0,1972.0,1971.0,838.0,848.0,843.0
8467.0,1984.0,1968.0,1990.0,840.0,840.0,845.0
8469.0,1974.0,1983.0,1978.0,842.0,851.0,841.0
8500.0,1981.0,1991.0,1984.0,851.0,852.0,841.0
8469.0,1981.0,1976.0,1977.0,844.0,850.0,841.0
8480.0,1967.0,1993.0,1986.0,841.0,843.0,850.0
8470.0,1977.0,1971.0,1988.0,844.0,855.0,835.0
8493.0,1980.0,1983.0,1985.0,844.0,855.0,846.0
8414.0,1954.0,1945.0,1970.0,852.0,849.0,844.0
8420.0,1962.0,1964.0,1966.0,837.0,855.0,836.0
8421.0,1961.0,1962.0,1972.0,843.0,847.0,836.0
8395.0,1954.0,1945.0,1971.0,836.0,852.0,837.0
8365.0,1965.0,1943.0,1941.0,832.0,847.0,837.0
8379.0,1964.0,1946.0,1937.0,844.0,847.0,841.0
8345.0,1956.0,1938.0,1938.0,837.0,836.0,840.0
8355.0,1953.0,1951.0,1950.0,834.0,839.0,828.0
8368.0,1949.0,1968.0,1939.0,840.0,835.0,837.0
8333.0,1953.0,1945.0,1930.0,838.0,831.0,836.0
8334.0,1947.0,1957.0,1934.0,837.0,824.0,835.0
8372.0,1950.0,1950.0,1958.0,839.0,836.0,839.0
8326.0,1945.0,1936.0,1951.0,834.0,827.0,833.0
8393.0,1949.0,1959.0,1971.0,839.0,839.0,836.0
8409.0,1947.0,1969.0,1964.0,842.0,843.0,844.0
8421.0,1967.0,1963.0,1960.0,845.0,835.0,851.0
8416.0,1960.0,1967.0,1967.0,837.0,846.0,839.0
8484.0,1982.0,1979.0,1984.0,847.0,846.0,846.0
8461.0,1982.0,1966.0,1978.0,845.0,840.0,850.0
8473.0,1982.0,1978.0,1990.0,839.0,840.0,844.0
8505.0,1996.0,1974.0,1989.0,844.0,849.0,853.0
8532.0,2009.0,1980.0,1988.0,850.0,846.0,859.0
8557.0,2000.0,1992.0,2000.0,847.0,854.0,864.0
8500.0,1982.0,1982.0,1980.0,845.0,852.0,859.0
8489.0,1970.0,1973.0,1993.0,845.0,848.0,860.0
8496.0,1963.0,1984.0,1995.0,850.0,849.0,855.0
8513.0,1980.0,1986.0,2002.0,847.0,850.0,848.0
8490.0,1976.0,1985.0,1985.0,843.0,852.0,849.0
8446.0,1953.0,1974.0,1966.0,848.0,854.0,851.0
8466.0,1974.0,1988.0,1974.0,842.0,844.0,844.0
8456.0,1981.0,1992.0,1949.0,845.0,840.0,849.0
8421.0,1974.0,1956.0,1957.0,843.0,847.0,844.0
8435.0,1973.0,1980.0,1955.0,846.0,843.0,838.0
8398.0,1957.0,1979.0,1947.0,842.0,836.0,837.0
8439.0,1972.0,1971.0,1968.0,844.0,845.0,839.0
8420.0,1956.0,1965.0,1973.0,848.0,842.0,836.0
8394.0,1953.0,1950.0,1962.0,852.0,840.0,837.0
8409.0,1967.0,1953.0,1970.0,845.0,840.0,834.0
8401.0,1948.0,1966.0,1963.0,846.0,847.0,831.0
8393.0,1956.0,1948.0,1964.0,845.0,842.0,838.0
8466.0,1963.0,1963.0,1999.0,854.0,843.0,844.0
8491.0,1974.0,1975.0,1992.0,851.0,848.0,851.0
8493.0,1994.0,1975.0,1976.0,851.0,856.0,841.0
8528.0,1992.0,1985.0,1999.0,846.0,854.0,852.0
8529.0,2000.0,1984.0,1989.0,859.0,851.0,846.0
8541.0,1999.0,1987.0,1993.0,856.0,856.0,850.0
8574.0,1991.0,2020.0,1989.0,853.0,861.0,860.0
8599.0,2015.0,2017.0,2002.0,859.0,849.0,857.0
8592.0,2008.0,2016.0,2001.0,854.0,856.0,857.0
8555.0,2009.0,2007.0,1976.0,851.0,858.0,854.0
8562.0,1990.0,2013.0,1998.0,855.0,848.0,858.0
8562.0,1992.0,2015.0,1983.0,858.0,856.0,858.0
8573.0,2003.0,2006.0,2009.0,850.0,852.0,853.0
8575.0,2009.0,1989.0,2005.0,857.0,854.0,861.0
8508.0,1987.0,1988.0,1985.0,854.0,844.0,850.0
8481.0,1989.0,1980.0,1965.0,849.0,843.0,855.0
8459.0,1978.0,1963.0,1982.0,845.0,847.0,844.0
8473.0,1984.0,1971.0,1985.0,849.0,833.0,851.0
8463.0,1979.0,1970.0,1969.0,848.0,848.0,849.0
8471.0,1991.0,1960.0,1975.0,850.0,846.0,849.0
8448.0,1975.0,1960.0,1976.0,848.0,841.0,848.0
8485.0,1974.0,1985.0,1978.0,847.0,851.0,850.0
8459.0,1976.0,1967.0,1975.0,849.0,845.0,847.0
8466.0,1966.0,1975.0,1989.0,850.0,844.0,842.0
8480.0,1976.0,1976.0,1991.0,847.0,839.0,851.0
8495.0,1969.0,1978.0,1991.0,853.0,853.0,851.0
8537.0,1984.0,2002.0,1993.0,855.0,846.0,857.0
8530.0,1974.0,2003.0,1993.0,852.0,854.0,854.0
8551.0,1993.0,1995.0,1992.0,859.0,857.0,855.0
8550.0,1988.0,2003.0,1979.0,863.0,868.0,849.0
8588.0,2003.0,2001.0,2011.0,860.0,862.0,851.0
8599.0,2008.0,2002.0,1996.0,860.0,865.0,868.0
8651.0,2034.0,2013.0,2014.0,864.0,871.0,855.0
8609.0,2005.0,1999.0,2012.0,866.0,864.0,863.0
8619.0,2031.0,2001.0,2007.0,859.0,864.0,857.0
8608.0,2019.0,2009.0,1998.0,860.0,864.0,858.0
8598.0,2010.0,2001.0,2005.0,862.0,856.0,864.0
8580.0,1998.0,2007.0,2003.0,853.0,861.0,858.0
8585.0,2008.0,2009.0,1992.0,857.0,865.0,854.0
8570.0,2014.0,2002.0,1988.0,850.0,860.0,856.0
8582.0,2004.0,2012.0,2005.0,850.0,853.0,858.0
8555.0,2000.0,1998.0,2000.0,855.0,852.0,850.0
8535.0,2000.0,2002.0,1992.0,845.0,846.0,850.0
8557.0,2007.0,2011.0,1990.0,846.0,856.0,847.0
8531.0,1998.0,1982.0,2002.0,851.0,848.0,850.0
8527.0,1992.0,1985.0,1988.0,853.0,851.0,858.0
8522.0,1995.0,1987.0,1995.0,844.0,851.0,850.0
8536.0,1984.0,1995.0,2004.0,853.0,853.0,847.0
8518.0,1987.0,1993.0,1991.0,846.0,852.0,849.0
8520.0,1997.0,1977.0,1994.0,853.0,848.0,851.0
8534.0,1989.0,1990.0,1999.0,858.0,844.0,854.0
8530.0,1979.0,1985.0,2002.0,855.0,853.0,856.0
8549.0,1988.0,1981.0,2008.0,856.0,860.0,856.0
8559.0,2009.0,1992.0,1985.0,862.0,852.0,859.0
8595.0,1997.0,1996.0,2014.0,861.0,859.0,868.0
8632.0,2033.0,1994.0,2011.0,869.0,861.0,864.0
8625.0,2017.0,2009.0,2006.0,859.0,864.0,870.0
8628.0,2025.0,1988.0,2004.0,869.0,866.0,876.0
8677.0,2034.0,2021.0,2021.0,870.0,866.0,865.0
8711.0,2060.0,2033.0,2004.0,872.0,875.0,867.0
8684.0,2027.0,2031.0,2010.0,868.0,874.0,874.0
8677.0,2018.0,2027.0,2025.0,869.0,870.0,868.0
8662.0,2016.0,2021.0,2019.0,870.0,866.0,870.0
8681.0,2019.0,2026.0,2031.0,865.0,870.0,870.0
8658.0,2026.0,2024.0,2013.0,862.0,864.0,869.0
8629.0,1999.0,2008.0,2023.0,862.0,869.0,868.0
8655.0,2010.0,2026.0,2032.0,864.0,864.0,859.0
8611.0,2007.0,2018.0,2009.0,860.0,860.0,857.0
8595.0,2008.0,2001.0,2010.0,849.0,864.0,863.0
8651.0,2026.0,2002.0,2033.0,862.0,863.0,865.0
8586.0,2016.0,2001.0,1998.0,853.0,861.0,857.0
8608.0,2021.0,2002.0,2024.0,851.0,862.0,848.0
8548.0,1996.0,1975.0,2017.0,849.0,853.0,858.0
8557.0,1989.0,1996.0,2014.0,852.0,856.0,850.0
8561.0,1994.0,1991.0,2007.0,858.0,859.0,852.0
8539.0,1985.0,1993.0,1998.0,862.0,858.0,843.0
8584.0,1995.0,2017.0,2010.0,859.0,853.0,850.0
8571.0,2003.0,2002.0,2000.0,862.0,857.0,847.0
8557.0,1980.0,1990.0,2001.0,863.0,867.0,856.0
8661.0,2016.0,2026.0,2019.0,876.0,861.0,863.0
8676.0,2035.0,2021.0,2031.0,865.0,861.0,863.0
8673.0,2014.0,2029.0,2030.0,875.0,862.0,863.0
8692.0,2037.0,2026.0,2032.0,872.0,864.0,861.0
8694.0,2027.0,2038.0,2021.0,874.0,865.0,869.0
8712.0,2032.0,2050.0,2021.0,879.0,864.0,866.0
8747.0,2043.0,2049.0,2038.0,876.0,874.0,867.0
8733.0,2055.0,2036.0,2023.0,874.0,871.0,874.0
8733.0,2049.0,2032.0,2035.0,874.0,871.0,872.0
8728.0,2031.0,2041.0,2043.0,873.0,865.0,875.0
8708.0,2035.0,2034.0,2028.0,871.0,868.0,872.0
8708.0,1998.0,2038.0,2050.0,868.0,877.0,877.0
8714.0,2022.0,2022.0,2048.0,868.0,878.0,876.0
8700.0,2021.0,2023.0,2045.0,878.0,863.0,870.0
8675.0,2026.0,2016.0,2028.0,862.0,873.0,870.0
8666.0,2015.0,2016.0,2027.0,865.0,869.0,874.0
8652.0,2015.0,2013.0,2028.0,861.0,860.0,875.0
8660.0,2013.0,2020.0,2023.0,862.0,870.0,872.0
8640.0,2021.0,2025.0,2013.0,850.0,865.0,866.0
8619.0,2015.0,2009.0,2013.0,852.0,863.0,867.0
8629.0,2007.0,2025.0,2014.0,857.0,861.0,865.0
8611.0,2013.0,2010.0,2008.0,858.0,868.0,854.0
8610.0,2001.0,2029.0,2008.0,854.0,854.0,864.0
8624.0,2000.0,2025.0,2014.0,862.0,861.0,862.0
8641.0,2001.0,2013.0,2020.0,866.0,875.0,866.0
8613.0,1992.0,2002.0,2014.0,869.0,863.0,873.0
8645.0,2020.0,2018.0,2010.0,866.0,864.0,867.0
8711.0,2037.0,2037.0,2030.0,868.0,869.0,870.0
8714.0,2044.0,2018.0,2039.0,871.0,871.0,871.0
8734.0,2066.0,2027.0,2030.0,873.0,874.0,864.0
8734.0,2048.0,2030.0,2034.0,883.0,867.0,872.0
8727.0,2041.0,2035.0,2030.0,878.0,870.0,873.0
8785.0,2068.0,2043.0,2053.0,878.0,871.0,872.0
8767.0,2064.0,2041.0,2033.0,873.0,882.0,874.0
8800.0,2042.0,2057.0,2076.0,874.0,879.0,872.0
8803.0,2045.0,2058.0,2061.0,880.0,880.0,879.0
8739.0,2035.0,2047.0,2043.0,870.0,866.0,878.0
8789.0,2040.0,2066.0,2060.0,883.0,869.0,871.0
8727.0,2028.0,2048.0,2039.0,873.0,874.0,865.0
8756.0,2045.0,2042.0,2052.0,873.0,868.0,876.0
8757.0,2042.0,2055.0,2046.0,875.0,868.0,871.0
8763.0,2054.0,2052.0,2050.0,870.0,869.0,868.0
8726.0,2034.0,2040.0,2044.0,873.0,869.0,866.0
8708.0,2040.0,2046.0,2026.0,867.0,862.0,867.0
8664.0,2040.0,2013.0,2016.0,864.0,866.0,865.0
8666.0,2030.0,2026.0,2022.0,860.0,863.0,865.0
8621.0,2034.0,1998.0,1995.0,862.0,868.0,864.0
8647.0,2020.0,2024.0,2006.0,858.0,872.0,867.0
8658.0,2019.0,2021.0,2010.0,861.0,876.0,871.0
8694.0,2037.0,2026.0,2015.0,862.0,879.0,875.0
8655.0,2009.0,2010.0,2024.0,862.0,870.0,880.0
8704.0,2033.0,2024.0,2026.0,870.0,875.0,876.0
8725.0,2024.0,2033.0,2040.0,871.0,883.0,874.0
8765.0,2048.0,2043.0,2054.0,877.0,868.0,875.0
8800.0,2060.0,2054.0,2046.0,874.0,882.0,884.0
8815.0,2068.0,2066.0,2053.0,872.0,878.0,878.0
8851.0,2073.0,2073.0,2048.0,890.0,882.0,885.0
8868.0,2061.0,2080.0,2063.0,891.0,883.0,890.0
8864.0,2057.0,2078.0,2072.0,884.0,885.0,888.0
8844.0,2063.0,2056.0,2073.0,883.0,883.0,886.0
8865.0,2065.0,2069.0,2069.0,886.0,888.0,888.0
8835.0,2056.0,2051.0,2066.0,891.0,883.0,888.0
8850.0,2073.0,2061.0,2063.0,886.0,884.0,883.0
8836.0,2049.0,2069.0,2068.0,883.0,879.0,888.0
8793.0,2036.0,2055.0,2067.0,879.0,877.0,879.0
8789.0,2040.0,2048.0,2066.0,878.0,878.0,879.0
8773.0,2050.0,2038.0,2046.0,879.0,876.0,884.0
8743.0,2045.0,2028.0,2048.0,876.0,869.0,877.0
8757.0,2057.0,2050.0,2031.0,872.0,872.0,875.0
8771.0,2056.0,2045.0,2043.0,880.0,873.0,874.0
8703.0,2050.0,2027.0,2020.0,865.0,869.0,872.0
8701.0,2049.0,2033.0,2017.0,868.0,866.0,868.0
8681.0,2042.0,2031.0,2016.0,871.0,862.0,859.0
8732.0,2030.0,2048.0,2038.0,870.0,872.0,874.0
8727.0,2044.0,2041.0,2031.0,872.0,868.0,871.0
8718.0,2039.0,2042.0,2029.0,869.0,870.0,869.0
8736.0,2025.0,2068.0,2033.0,868.0,872.0,870.0
8730.0,2040.0,2048.0,2031.0,874.0,870.0,867.0
8795.0,2052.0,2063.0,2046.0,875.0,879.0,880.0
8796.0,2065.0,2045.0,2053.0,877.0,880.0,876.0
8843.0,2068.0,2057.0,2058.0,878.0,892.0,890.0
8856.0,2078.0,2057.0,2077.0,884.0,887.0,873.0
8839.0,2057.0,2069.0,2064.0,887.0,887.0,875.0
8879.0,2075.0,2057.0,2087.0,882.0,891.0,887.0
8930.0,2080.0,2077.0,2098.0,894.0,889.0,892.0
8872.0,2065.0,2059.0,2083.0,887.0,891.0,887.0
8879.0,2072.0,2064.0,2078.0,891.0,891.0,883.0
8897.0,2064.0,2076.0,2084.0,887.0,897.0,889.0
8857.0,2053.0,2060.0,2070.0,899.0,888.0,887.0
8868.0,2064.0,2069.0,2068.0,885.0,894.0,888.0
8864.0,2052.0,2065.0,2076.0,889.0,898.0,884.0
8844.0,2056.0,2070.0,2054.0,889.0,886.0,889.0
8860.0,2070.0,2074.0,2058.0,884.0,885.0,889.0
8826.0,2053.0,2066.0,2060.0,887.0,879.0,881.0
8834.0,2072.0,2071.0,2048.0,877.0,881.0,885.0
8801.0,2063.0,2065.0,2026.0,881.0,880.0,886.0
8786.0,2046.0,2046.0,2065.0,881.0,873.0,875.0
8771.0,2039.0,2052.0,2055.0,870.0,878.0,877.0
8789.0,2053.0,2048.0,2044.0,882.0,878.0,884.0
8734.0,2037.0,2033.0,2035.0,874.0,872.0,883.0
8744.0,2029.0,2036.0,2048.0,873.0,876.0,882.0
8773.0,2029.0,2046.0,2069.0,874.0,874.0,881.0
8777.0,2038.0,2026.0,2062.0,885.0,878.0,888.0
8785.0,2045.0,2052.0,2055.0,875.0,876.0,882.0
8822.0,2057.0,2062.0,2064.0,875.0,879.0,885.0
8840.0,2053.0,2062.0,2076.0,876.0,881.0,892.0
8843.0,2068.0,2056.0,2056.0,887.0,884.0,892.0
8897.0,2077.0,2087.0,2081.0,880.0,883.0,889.0
8937.0,2084.0,2087.0,2094.0,887.0,888.0,897.0
8966.0,2100.0,2097.0,2096.0,890.0,889.0,894.0
8967.0,2095.0,2090.0,2092.0,894.0,905.0,891.0
8982.0,2104.0,2105.0,2086.0,897.0,897.0,893.0
8959.0,2093.0,2090.0,2098.0,895.0,896.0,887.0
8963.0,2084.0,2105.0,2086.0,897.0,898.0,893.0
8916.0,2087.0,2077.0,2082.0,894.0,893.0,883.0
8929.0,2080.0,2088.0,2084.0,896.0,894.0,887.0
8900.0,2058.0,2087.0,2082.0,896.0,889.0,888.0
8851.0,2063.0,2067.0,2059.0,890.0,889.0,883.0
8860.0,2067.0,2073.0,2058.0,891.0,890.0,881.0
8855.0,2074.0,2058.0,2065.0,884.0,889.0,885.0
8835.0,2071.0,2048.0,2053.0,891.0,888.0,884.0
8821.0,2055.0,2052.0,2058.0,889.0,888.0,879.0
8830.0,2072.0,2054.0,2052.0,883.0,883.0,886.0
8838.0,2067.0,2069.0,2044.0,884.0,886.0,888.0
8828.0,2051.0,2070.0,2055.0,886.0,886.0,880.0
8808.0,2045.0,2068.0,2041.0,885.0,887.0,882.0
8811.0,2056.0,2052.0,2052.0,889.0,877.0,885.0
8839.0,2049.0,2064.0,2068.0,878.0,888.0,892.0
8846.0,2063.0,2059.0,2075.0,879.0,883.0,887.0
8869.0,2068.0,2064.0,2077.0,882.0,890.0,888.0
8899.0,2069.0,2085.0,2091.0,875.0,891.0,888.0
8923.0,2066.0,2089.0,2095.0,890.0,887.0,896.0
8937.0,2081.0,2072.0,2107.0,885.0,894.0,898.0
8935.0,2075.0,2097.0,2089.0,886.0,893.0,895.0
8971.0,2096.0,2099.0,2092.0,895.0,893.0,896.0
8973.0,2095.0,2101.0,2090.0,894.0,889.0,904.0
9026.0,2120.0,2099.0,2109.0,901.0,895.0,902.0
8959.0,2104.0,2075.0,2089.0,895.0,893.0,903.0
8997.0,2095.0,2098.0,2112.0,894.0,893.0,905.0
8986.0,2083.0,2097.0,2095.0,911.0,897.0,903.0
8994.0,2107.0,2100.0,2086.0,894.0,901.0,906.0
8946.0,2076.0,2088.0,2091.0,895.0,898.0,898.0
8924.0,2065.0,2078.0,2092.0,904.0,889.0,896.0
8912.0,2076.0,2092.0,2063.0,895.0,891.0,895.0
8913.0,2071.0,2090.0,2075.0,892.0,891.0,894.0
8942.0,2091.0,2088.0,2087.0,895.0,891.0,890.0
8877.0,2073.0,2081.0,2067.0,892.0,880.0,884.0
8908.0,2087.0,2079.0,2069.0,894.0,897.0,882.0
8892.0,2093.0,2063.0,2074.0,896.0,889.0,877.0
8874.0,2070.0,2071.0,2072.0,890.0,891.0,880.0
8893.0,2069.0,2075.0,2080.0,892.0,895.0,882.0
8878.0,2085.0,2053.0,2074.0,891.0,892.0,883.0
8868.0,2064.0,2061.0,2077.0,896.0,887.0,883.0
8887.0,2065.0,2073.0,2082.0,892.0,887.0,888.0
8907.0,2064.0,2079.0,2082.0,896.0,903.0,883.0
8878.0,2065.0,2082.0,2066.0,886.0,892.0,887.0
8906.0,2073.0,2080.0,2082.0,887.0,896.0,888.0
8951.0,2098.0,2085.0,2085.0,892.0,897.0,894.0
9001.0,2110.0,2099.0,2100.0,897.0,907.0,888.0
9008.0,2097.0,2112.0,2098.0,894.0,905.0,902.0
9046.0,2130.0,2101.0,2112.0,902.0,903.0,898.0
9048.0,2131.0,2101.0,2108.0,903.0,909.0,896.0
9040.0,2111.0,2110.0,2108.0,901.0,906.0,904.0
9023.0,2100.0,2105.0,2106.0,900.0,902.0,910.0
9045.0,2100.0,2116.0,2121.0,903.0,901.0,904.0
9048.0,2104.0,2127.0,2104.0,897.0,907.0,909.0
9060.0,2097.0,2128.0,2107.0,909.0,907.0,912.0
9035.0,2110.0,2121.0,2096.0,902.0,906.0,900.0
8993.0,2085.0,2113.0,2100.0,898.0,900.0,897.0
9015.0,2092.0,2114.0,2102.0,906.0,899.0,902.0
9013.0,2093.0,2110.0,2114.0,901.0,892.0,903.0
8983.0,2105.0,2098.0,2083.0,899.0,896.0,902.0
8952.0,2093.0,2079.0,2087.0,900.0,892.0,901.0
8953.0,2095.0,2078.0,2083.0,894.0,892.0,911.0
8955.0,2091.0,2076.0,2096.0,902.0,890.0,900.0
8903.0,2081.0,2064.0,2080.0,891.0,889.0,898.0
8954.0,2089.0,2079.0,2105.0,889.0,893.0,899.0
8945.0,2086.0,2096.0,2086.0,896.0,890.0,891.0
8938.0,2069.0,2073.0,2114.0,892.0,894.0,896.0
8967.0,2085.0,2103.0,2101.0,895.0,891.0,892.0
8948.0,2082.0,2079.0,2097.0,895.0,903.0,892.0
8984.0,2086.0,2099.0,2103.0,898.0,899.0,899.0
8992.0,2101.0,2102.0,2088.0,903.0,903.0,895.0
9021.0,2112.0,2110.0,2090.0,901.0,904.0,904.0
9046.0,2101.0,2117.0,2105.0,902.0,914.0,907.0
9049.0,2114.0,2110.0,2115.0,896.0,906.0,908.0
9071.0,2127.0,2122.0,2111.0,904.0,904.0,903.0
9128.0,2143.0,2146.0,2119.0,904.0,910.0,906.0
9071.0,2129.0,2113.0,2114.0,898.0,913.0,904.0
9094.0,2127.0,2130.0,2105.0,916.0,914.0,902.0
9078.0,2139.0,2121.0,2099.0,906.0,905.0,908.0
9067.0,2113.0,2123.0,2107.0,903.0,916.0,905.0
9040.0,2119.0,2114.0,2094.0,902.0,907.0,904.0
9050.0,2104.0,2100.0,2127.0,908.0,908.0,903.0
9025.0,2106.0,2096.0,2108.0,906.0,908.0,901.0
9051.0,2116.0,2113.0,2116.0,902.0,909.0,895.0
9033.0,2100.0,2112.0,2113.0,906.0,901.0,901.0
9023.0,2101.0,2109.0,2117.0,897.0,900.0,899.0
9017.0,2107.0,2100.0,2118.0,900.0,895.0,897.0
9027.0,2121.0,2104.0,2117.0,897.0,892.0,896.0
8980.0,2087.0,2105.0,2108.0,900.0,892.0,888.0
9000.0,2096.0,2095.0,2110.0,901.0,903.0,895.0
8992.0,2102.0,2108.0,2098.0,899.0,892.0,893.0
8965.0,2073.0,2091.0,2100.0,902.0,898.0,901.0
9034.0,2106.0,2116.0,2110.0,904.0,893.0,905.0
9007.0,2091.0,2101.0,2113.0,901.0,895.0,906.0
8990.0,2107.0,2110.0,2084.0,898.0,890.0,901.0
9018.0,2089.0,2112.0,2108.0,904.0,900.0,905.0
9036.0,2112.0,2094.0,2114.0,909.0,900.0,907.0
9030.0,2106.0,2107.0,2107.0,905.0,897.0,908.0
9056.0,2123.0,2103.0,2100.0,906.0,909.0,915.0
9099.0,2124.0,2118.0,2132.0,906.0,908.0,911.0
9071.0,2130.0,2106.0,2109.0,909.0,907.0,910.0
9149.0,2124.0,2131.0,2149.0,916.0,910.0,919.0
9107.0,2112.0,2134.0,2115.0,915.0,916.0,915.0
9135.0,2137.0,2129.0,2125.0,913.0,914.0,917.0
9189.0,2151.0,2155.0,2137.0,919.0,907.0,920.0
9139.0,2126.0,2126.0,2138.0,911.0,924.0,914.0
9132.0,2120.0,2133.0,2134.0,913.0,912.0,920.0
9135.0,2124.0,2136.0,2133.0,906.0,918.0,918.0
9126.0,2113.0,2133.0,2146.0,908.0,918.0,908.0
9091.0,2112.0,2124.0,2125.0,902.0,918.0,910.0
9084.0,2104.0,2134.0,2122.0,907.0,908.0,909.0
9087.0,2112.0,2124.0,2136.0,902.0,909.0,904.0
9101.0,2129.0,2110.0,2141.0,905.0,913.0,903.0
9063.0,2114.0,2110.0,2122.0,906.0,912.0,899.0
9040.0,2121.0,2085.0,2120.0,900.0,911.0,903.0
9054.0,2109.0,2118.0,2112.0,908.0,905.0,902.0
9015.0,2101.0,2091.0,2111.0,907.0,904.0,901.0
9003.0,2101.0,2093.0,2096.0,902.0,902.0,909.0
9035.0,2110.0,2102.0,2106.0,909.0,909.0,899.0
9019.0,2093.0,2100.0,2106.0,915.0,901.0,904.0
9036.0,2107.0,2100.0,2121.0,905.0,900.0,903.0
9047.0,2114.0,2099.0,2118.0,903.0,908.0,905.0
9054.0,2115.0,2099.0,2118.0,911.0,907.0,904.0
9086.0,2124.0,2134.0,2105.0,915.0,905.0,903.0
9153.0,2136.0,2140.0,2129.0,921.0,911.0,916.0
9144.0,2146.0,2137.0,2120.0,919.0,914.0,908.0
9186.0,2139.0,2150.0,2136.0,924.0,917.0,920.0
9183.0,2146.0,2148.0,2142.0,919.0,916.0,912.0
9174.0,2153.0,2147.0,2128.0,914.0,916.0,916.0
9192.0,2142.0,2151.0,2142.0,914.0,929.0,914.0
9221.0,2145.0,2162.0,2154.0,920.0,917.0,923.0
9203.0,2138.0,2150.0,2161.0,921.0,911.0,922.0
9168.0,2129.0,2133.0,2145.0,920.0,917.0,924.0
9173.0,2133.0,2144.0,2140.0,912.0,917.0,927.0
9161.0,2145.0,2127.0,2141.0,906.0,919.0,923.0
9134.0,2124.0,2132.0,2135.0,910.0,916.0,917.0
9154.0,2128.0,2129.0,2150.0,911.0,919.0,917.0
9092.0,2132.0,2093.0,2130.0,906.0,916.0,915.0
9105.0,2120.0,2119.0,2129.0,908.0,915.0,914.0
9119.0,2129.0,2113.0,2138.0,909.0,912.0,918.0
9078.0,2114.0,2115.0,2116.0,904.0,914.0,915.0
9093.0,2104.0,2133.0,2119.0,907.0,912.0,918.0
9088.0,2120.0,2123.0,2115.0,902.0,909.0,919.0
9100.0,2124.0,2124.0,2120.0,911.0,911.0,910.0
9103.0,2131.0,2111.0,2118.0,908.0,919.0,916.0
9110.0,2108.0,2142.0,2119.0,916.0,913.0,912.0
9132.0,2125.0,2133.0,2129.0,916.0,913.0,916.0
9137.0,2120.0,2147.0,2130.0,917.0,913.0,910.0
9122.0,2122.0,2139.0,2122.0,913.0,917.0,909.0
9159.0,2143.0,2136.0,2130.0,920.0,912.0,918.0
9154.0,2142.0,2126.0,2136.0,918.0,921.0,911.0
9216.0,2161.0,2148.0,2148.0,927.0,915.0,917.0
9203.0,2163.0,2136.0,2139.0,925.0,918.0,922.0
9243.0,2155.0,2158.0,2153.0,932.0,916.0,929.0
9259.0,2154.0,2162.0,2163.0,923.0,927.0,930.0
9230.0,2151.0,2140.0,2180.0,919.0,912.0,928.0
9238.0,2151.0,2140.0,2170.0,931.0,915.0,931.0
9220.0,2159.0,2141.0,2156.0,926.0,921.0,917.0
9219.0,2145.0,2145.0,2172.0,921.0,920.0,916.0
9269.0,2159.0,2154.0,2181.0,932.0,918.0,925.0
9196.0,2147.0,2145.0,2146.0,922.0,922.0,914.0
9183.0,2143.0,2136.0,2154.0,909.0,920.0,921.0
9164.0,2135.0,2152.0,2137.0,913.0,918.0,909.0
9164.0,2129.0,2138.0,2151.0,917.0,918.0,911.0
9182.0,2155.0,2136.0,2148.0,916.0,913.0,914.0
9167.0,2154.0,2139.0,2142.0,905.0,912.0,915.0
9131.0,2136.0,2122.0,2133.0,906.0,917.0,917.0
9130.0,2150.0,2133.0,2120.0,908.0,916.0,903.0
9143.0,2131.0,2135.0,2141.0,908.0,915.0,913.0
9135.0,2129.0,2133.0,2126.0,916.0,912.0,919.0
9171.0,2140.0,2138.0,2138.0,920.0,921.0,914.0
9138.0,2126.0,2137.0,2140.0,909.0,916.0,910.0
9136.0,2125.0,2128.0,2133.0,918.0,915.0,917.0
9141.0,2130.0,2127.0,2121.0,916.0,922.0,925.0
9171.0,2123.0,2125.0,2145.0,927.0,931.0,920.0
9224.0,2146.0,2150.0,2146.0,922.0,934.0,926.0
9237.0,2158.0,2137.0,2159.0,927.0,927.0,929.0
9302.0,2180.0,2170.0,2161.0,927.0,933.0,931.0
9272.0,2179.0,2159.0,2154.0,926.0,926.0,928.0
9292.0,2166.0,2169.0,2164.0,928.0,936.0,929.0
9342.0,2182.0,2179.0,2180.0,935.0,937.0,929.0
9312.0,2177.0,2166.0,2176.0,937.0,928.0,928.0
9357.0,2183.0,2187.0,2179.0,940.0,933.0,935.0
9307.0,2171.0,2171.0,2168.0,934.0,933.0,930.0
9324.0,2161.0,2168.0,2194.0,937.0,933.0,931.0
9293.0,2165.0,2164.0,2180.0,929.0,927.0,928.0
9245.0,2152.0,2164.0,2161.0,920.0,926.0,922.0
9256.0,2147.0,2165.0,2166.0,921.0,932.0,925.0
9247.0,2160.0,2162.0,2166.0,918.0,922.0,919.0
9244.0,2164.0,2151.0,2163.0,920.0,924.0,922.0
9195.0,2166.0,2136.0,2140.0,913.0,921.0,919.0
9189.0,2154.0,2135.0,2145.0,920.0,914.0,921.0
9164.0,2150.0,2133.0,2139.0,919.0,912.0,911.0
9153.0,2155.0,2126.0,2126.0,920.0,912.0,914.0
9130.0,2141.0,2131.0,2127.0,909.0,914.0,908.0
9168.0,2153.0,2138.0,2128.0,918.0,920.0,911.0
9109.0,2123.0,2114.0,2129.0,919.0,913.0,911.0
9149.0,2124.0,2146.0,2134.0,915.0,913.0,917.0
9227.0,2142.0,2154.0,2153.0,929.0,920.0,929.0
9245.0,2158.0,2175.0,2146.0,922.0,921.0,923.0
9239.0,2154.0,2173.0,2140.0,928.0,923.0,921.0
9293.0,2154.0,2159.0,2185.0,934.0,934.0,927.0
9332.0,2181.0,2179.0,2174.0,935.0,935.0,928.0
9269.0,2168.0,2155.0,2158.0,930.0,929.0,929.0
9382.0,2198.0,2193.0,2189.0,932.0,942.0,928.0
9349.0,2195.0,2168.0,2183.0,933.0,943.0,927.0
9381.0,2200.0,2175.0,2191.0,944.0,932.0,939.0
9388.0,2195.0,2184.0,2189.0,943.0,943.0,934.0
9350.0,2188.0,2166.0,2181.0,937.0,940.0,938.0
9338.0,2180.0,2166.0,2184.0,936.0,940.0,932.0
9332.0,2168.0,2161.0,2190.0,943.0,936.0,934.0
9339.0,2168.0,2182.0,2190.0,931.0,933.0,935.0
9331.0,2170.0,2190.0,2174.0,931.0,937.0,929.0
9309.0,2169.0,2170.0,2172.0,927.0,939.0,932.0
9294.0,2164.0,2164.0,2171.0,934.0,928.0,933.0
9292.0,2160.0,2168.0,2173.0,925.0,931.0,935.0
9275.0,2180.0,2164.0,2158.0,918.0,928.0,927.0
9240.0,2156.0,2170.0,2143.0,922.0,919.0,930.0
9272.0,2173.0,2166.0,2151.0,918.0,928.0,936.0
9261.0,2178.0,2167.0,2159.0,914.0,919.0,924.0
9195.0,2145.0,2162.0,2134.0,917.0,913.0,924.0
9262.0,2167.0,2155.0,2164.0,923.0,928.0,925.0
9180.0,2146.0,2141.0,2144.0,909.0,921.0,919.0
9231.0,2163.0,2149.0,2148.0,918.0,929.0,924.0
9239.0,2148.0,2158.0,2162.0,933.0,920.0,918.0
9286.0,2172.0,2170.0,2162.0,927.0,923.0,932.0
9284.0,2161.0,2158.0,2176.0,932.0,923.0,934.0
9292.0,2162.0,2170.0,2174.0,932.0,922.0,932.0
9341.0,2198.0,2162.0,2191.0,927.0,930.0,933.0
9378.0,2185.0,2173.0,2213.0,938.0,931.0,938.0
9377.0,2184.0,2180.0,2195.0,939.0,937.0,942.0
9422.0,2201.0,2202.0,2207.0,935.0,938.0,939.0
9410.0,2198.0,2194.0,2197.0,943.0,942.0,936.0
9459.0,2209.0,2204.0,2219.0,945.0,946.0,936.0
9402.0,2184.0,2198.0,2189.0,946.0,942.0,943.0
9409.0,2185.0,2201.0,2202.0,945.0,943.0,933.0
9415.0,2191.0,2213.0,2203.0,941.0,940.0,927.0
9391.0,2174.0,2206.0,2182.0,946.0,938.0,945.0
9362.0,2192.0,2177.0,2171.0,946.0,937.0,939.0
9373.0,2189.0,2198.0,2181.0,938.0,942.0,925.0
9386.0,2201.0,2187.0,2186.0,941.0,943.0,928.0
9354.0,2205.0,2171.0,2168.0,942.0,936.0,932.0
9328.0,2178.0,2172.0,2176.0,931.0,943.0,928.0
9310.0,2175.0,2164.0,2171.0,933.0,937.0,930.0
9257.0,2166.0,2156.0,2170.0,921.0,927.0,917.0
9289.0,2173.0,2167.0,2157.0,927.0,937.0,928.0
9250.0,2167.0,2150.0,2154.0,919.0,931.0,929.0
9287.0,2162.0,2160.0,2167.0,931.0,939.0,928.0
9274.0,2150.0,2165.0,2172.0,920.0,933.0,934.0
9306.0,2176.0,2166.0,2171.0,923.0,935.0,935.0
9267.0,2148.0,2164.0,2161.0,928.0,926.0,940.0
9373.0,2168.0,2193.0,2197.0,933.0,941.0,941.0
9399.0,2188.0,2197.0,2192.0,935.0,943.0,944.0
9385.0,2192.0,2203.0,2191.0,927.0,934.0,938.0
9421.0,2193.0,2199.0,2207.0,939.0,940.0,943.0
9478.0,2215.0,2218.0,2219.0,943.0,943.0,940.0
9448.0,2203.0,2219.0,2206.0,942.0,938.0,940.0
9470.0,2228.0,2204.0,2208.0,942.0,939.0,949.0
9448.0,2219.0,2202.0,2200.0,939.0,939.0,949.0
9460.0,2202.0,2218.0,2197.0,947.0,943.0,953.0
9460.0,2211.0,2207.0,2199.0,952.0,942.0,949.0
9461.0,2198.0,2212.0,2207.0,953.0,945.0,946.0
9456.0,2201.0,2204.0,2207.0,952.0,946.0,946.0
9423.0,2205.0,2196.0,2195.0,949.0,933.0,945.0
9399.0,2183.0,2191.0,2200.0,947.0,938.0,940.0
9422.0,2204.0,2186.0,2206.0,950.0,938.0,938.0
9383.0,2193.0,2194.0,2182.0,938.0,942.0,934.0
9404.0,2206.0,2187.0,2195.0,942.0,937.0,937.0
9374.0,2197.0,2179.0,2174.0,940.0,940.0,944.0
9365.0,2187.0,2199.0,2171.0,942.0,933.0,933.0
9346.0,2178.0,2184.0,2182.0,935.0,933.0,934.0
9354.0,2176.0,2194.0,2188.0,931.0,938.0,927.0
9334.0,2185.0,2177.0,2175.0,934.0,931.0,932.0
9327.0,2166.0,2185.0,2181.0,933.0,937.0,925.0
9349.0,2168.0,2182.0,2201.0,932.0,936.0,930.0
9334.0,2169.0,2179.0,2192.0,929.0,934.0,931.0
9344.0,2169.0,2188.0,2201.0,929.0,938.0,919.0
9400.0,2178.0,2198.0,2200.0,936.0,946.0,942.0
9403.0,2194.0,2191.0,2208.0,941.0,939.0,930.0
9462.0,2209.0,2206.0,2212.0,938.0,958.0,939.0
9454.0,2214.0,2200.0,2218.0,934.0,948.0,940.0
9467.0,2220.0,2195.0,2218.0,940.0,949.0,945.0
9502.0,2224.0,2208.0,2219.0,946.0,955.0,950.0
9476.0,2221.0,2203.0,2206.0,945.0,957.0,944.0
9485.0,2223.0,2198.0,2211.0,953.0,948.0,952.0
9501.0,2206.0,2219.0,2224.0,952.0,959.0,941.0
9493.0,2217.0,2206.0,2207.0,953.0,954.0,956.0
9490.0,2209.0,2216.0,2214.0,952.0,952.0,947.0
9483.0,2223.0,2212.0,2196.0,954.0,945.0,953.0
9486.0,2190.0,2227.0,2216.0,953.0,945.0,955.0
9472.0,2196.0,2210.0,2213.0,956.0,946.0,951.0
9471.0,2220.0,2219.0,2188.0,954.0,939.0,951.0
9467.0,2212.0,2213.0,2206.0,951.0,939.0,946.0
9461.0,2221.0,2200.0,2211.0,938.0,943.0,948.0
9406.0,2202.0,2193.0,2187.0,945.0,933.0,946.0
9423.0,2191.0,2193.0,2213.0,945.0,937.0,944.0
9414.0,2205.0,2196.0,2179.0,946.0,937.0,951.0
9416.0,2199.0,2192.0,2208.0,942.0,934.0,941.0
9403.0,2199.0,2206.0,2187.0,939.0,934.0,938.0
9420.0,2201.0,2201.0,2206.0,934.0,932.0,946.0
9397.0,2194.0,2180.0,2198.0,942.0,940.0,943.0
9367.0,2172.0,2186.0,2199.0,930.0,939.0,941.0
9397.0,2184.0,2178.0,2217.0,942.0,938.0,938.0
9408.0,2174.0,2190.0,2215.0,949.0,941.0,939.0
9438.0,2207.0,2192.0,2205.0,939.0,945.0,950.0
9485.0,2207.0,2215.0,2226.0,941.0,952.0,944.0
9473.0,2207.0,2217.0,2207.0,948.0,946.0,948.0
9542.0,2230.0,2235.0,2217.0,948.0,957.0,955.0
9555.0,2224.0,2237.0,2231.0,953.0,960.0,950.0
9553.0,2246.0,2228.0,2217.0,948.0,960.0,954.0
9603.0,2245.0,2240.0,2245.0,953.0,964.0,956.0
9562.0,2253.0,2223.0,2219.0,953.0,960.0,954.0
9549.0,2223.0,2239.0,2227.0,950.0,958.0,952.0
9552.0,2231.0,2231.0,2227.0,960.0,955.0,948.0
9539.0,2221.0,2221.0,2229.0,957.0,955.0,956.0
9506.0,2205.0,2226.0,2217.0,949.0,960.0,949.0
9545.0,2235.0,2224.0,2220.0,953.0,959.0,954.0
9507.0,2206.0,2228.0,2225.0,948.0,953.0,947.0
9508.0,2236.0,2206.0,2217.0,954.0,950.0,945.0
9472.0,2210.0,2204.0,2219.0,948.0,947.0,944.0
9475.0,2223.0,2202.0,2213.0,947.0,944.0,946.0
9488.0,2212.0,2218.0,2224.0,951.0,942.0,941.0
9477.0,2210.0,2217.0,2214.0,952.0,945.0,939.0
9453.0,2203.0,2212.0,2205.0,949.0,944.0,940.0
9447.0,2201.0,2210.0,2214.0,946.0,937.0,939.0
9452.0,2203.0,2205.0,2203.0,950.0,946.0,945.0
9444.0,2210.0,2205.0,2200.0,941.0,946.0,942.0
9432.0,2190.0,2201.0,2210.0,943.0,938.0,950.0
9475.0,2201.0,2212.0,2222.0,946.0,937.0,957.0
9484.0,2203.0,2220.0,2217.0,955.0,937.0,952.0
9525.0,2217.0,2228.0,2221.0,958.0,953.0,948.0
9513.0,2214.0,2224.0,2221.0,949.0,948.0,957.0
9560.0,2219.0,2243.0,2233.0,956.0,952.0,957.0
9593.0,2238.0,2239.0,2245.0,952.0,957.0,962.0
9571.0,2248.0,2218.0,2236.0,957.0,953.0,959.0
9621.0,2268.0,2227.0,2244.0,957.0,959.0,966.0
9630.0,2262.0,2241.0,2241.0,957.0,963.0,966.0
9610.0,2243.0,2239.0,2240.0,958.0,966.0,964.0
9611.0,2231.0,2241.0,2243.0,966.0,964.0,966.0
9572.0,2216.0,2225.0,2232.0,963.0,966.0,970.0
9614.0,2242.0,2239.0,2240.0,963.0,965.0,965.0
9638.0,2242.0,2266.0,2244.0,962.0,962.0,962.0
9589.0,2249.0,2238.0,2227.0,953.0,962.0,960.0
9584.0,2226.0,2234.0,2245.0,958.0,961.0,960.0
9569.0,2232.0,2233.0,2230.0,958.0,958.0,958.0
9554.0,2225.0,2229.0,2243.0,957.0,953.0,947.0
9581.0,2243.0,2244.0,2234.0,953.0,957.0,950.0
9553.0,2238.0,2223.0,2229.0,962.0,949.0,952.0
9520.0,2218.0,2230.0,2214.0,957.0,955.0,946.0
9517.0,2223.0,2222.0,2220.0,953.0,950.0,949.0
9497.0,2208.0,2209.0,2225.0,955.0,950.0,950.0
9488.0,2215.0,2205.0,2220.0,954.0,948.0,946.0
9466.0,2197.0,2204.0,2210.0,955.0,953.0,947.0
9482.0,2210.0,2216.0,2215.0,947.0,949.0,945.0
9504.0,2222.0,2202.0,2227.0,955.0,951.0,947.0
9559.0,2228.0,2246.0,2222.0,957.0,951.0,955.0
9542.0,2214.0,2229.0,2237.0,959.0,945.0,958.0
9565.0,2234.0,2234.0,2230.0,960.0,957.0,950.0
9560.0,2230.0,2245.0,2215.0,959.0,957.0,954.0
9639.0,2263.0,2247.0,2245.0,967.0,955.0,962.0
9642.0,2260.0,2258.0,2241.0,961.0,958.0,964.0
9644.0,2247.0,2254.0,2254.0,963.0,959.0,967.0
9653.0,2251.0,2273.0,2247.0,959.0,963.0,960.0
9689.0,2265.0,2249.0,2276.0,963.0,971.0,965.0
9677.0,2240.0,2267.0,2272.0,961.0,967.0,970.0
9622.0,2248.0,2250.0,2239.0,964.0,958.0,963.0
9642.0,2246.0,2250.0,2261.0,959.0,959.0,967.0
9645.0,2236.0,2264.0,2258.0,960.0,957.0,970.0
9608.0,2238.0,2255.0,2248.0,951.0,953.0,963.0
9610.0,2242.0,2239.0,2243.0,958.0,964.0,964.0
9603.0,2246.0,2230.0,2247.0,960.0,959.0,961.0
9565.0,2227.0,2221.0,2243.0,956.0,964.0,954.0
9584.0,2235.0,2225.0,2242.0,954.0,962.0,966.0
9590.0,2249.0,2222.0,2241.0,962.0,961.0,955.0
9525.0,2213.0,2207.0,2227.0,956.0,960.0,962.0
9551.0,2241.0,2216.0,2214.0,957.0,962.0,961.0
9577.0,2240.0,2227.0,2246.0,955.0,953.0,956.0
9564.0,2242.0,2226.0,2214.0,960.0,961.0,961.0
9535.0,2201.0,2233.0,2228.0,958.0,957.0,958.0
9565.0,2218.0,2234.0,2238.0,963.0,952.0,960.0
9577.0,2221.0,2247.0,2227.0,956.0,963.0,963.0
9591.0,2243.0,2234.0,2232.0,963.0,963.0,956.0
9620.0,2245.0,2243.0,2232.0,971.0,963.0,966.0
9659.0,2256.0,2249.0,2254.0,964.0,969.0,967.0
9667.0,2262.0,2268.0,2237.0,970.0,970.0,960.0
9691.0,2253.0,2273.0,2254.0,975.0,972.0,964.0
9702.0,2274.0,2266.0,2263.0,972.0,966.0,961.0
9710.0,2252.0,2268.0,2279.0,965.0,976.0,970.0
9728.0,2274.0,2263.0,2276.0,972.0,970.0,973.0
9696.0,2268.0,2282.0,2255.0,964.0,956.0,971.0
9691.0,2262.0,2256.0,2272.0,964.0,964.0,973.0
9732.0,2263.0,2274.0,2285.0,971.0,971.0,968.0
9716.0,2264.0,2259.0,2283.0,968.0,971.0,971.0
9671.0,2247.0,2258.0,2266.0,967.0,968.0,965.0
9677.0,2257.0,2249.0,2278.0,961.0,965.0,967.0
9670.0,2266.0,2253.0,2259.0,963.0,968.0,961.0
9653.0,2256.0,2260.0,2252.0,961.0,963.0,961.0
9632.0,2257.0,2245.0,2243.0,968.0,959.0,960.0
9633.0,2253.0,2249.0,2244.0,958.0,966.0,963.0
9600.0,2241.0,2251.0,2220.0,959.0,964.0,965.0
9602.0,2260.0,2242.0,2225.0,958.0,958.0,959.0
9638.0,2242.0,2256.0,2257.0,961.0,959.0,963.0
9597.0,2239.0,2251.0,2230.0,959.0,957.0,961.0
9596.0,2234.0,2242.0,2241.0,961.0,960.0,958.0
9582.0,2231.0,2248.0,2218.0,968.0,957.0,960.0
9584.0,2230.0,2249.0,2234.0,962.0,952.0,957.0
9600.0,2230.0,2240.0,2239.0,967.0,965.0,959.0
9624.0,2253.0,2233.0,2244.0,966.0,967.0,961.0
9696.0,2264.0,2264.0,2251.0,975.0,969.0,973.0
9678.0,2262.0,2241.0,2256.0,970.0,974.0,975.0
9705.0,2260.0,2267.0,2259.0,977.0,973.0,969.0
9745.0,2274.0,2279.0,2258.0,980.0,975.0,979.0
9771.0,2300.0,2272.0,2275.0,971.0,980.0,973.0
9787.0,2288.0,2290.0,2272.0,985.0,975.0,977.0
9768.0,2284.0,2278.0,2270.0,978.0,973.0,985.0
9778.0,2273.0,2283.0,2293.0,972.0,978.0,979.0
9806.0,2282.0,2299.0,2290.0,974.0,978.0,983.0
9778.0,2271.0,2281.0,2289.0,977.0,974.0,986.0
9781.0,2281.0,2278.0,2298.0,973.0,975.0,976.0
9811.0,2279.0,2287.0,2305.0,981.0,979.0,980.0
9759.0,2272.0,2285.0,2282.0,970.0,973.0,977.0
9740.0,2268.0,2278.0,2275.0,970.0,970.0,979.0
9717.0,2270.0,2262.0,2272.0,970.0,973.0,970.0
9696.0,2267.0,2266.0,2251.0,967.0,973.0,972.0
9682.0,2261.0,2251.0,2270.0,962.0,969.0,969.0
9680.0,2281.0,2241.0,2260.0,970.0,961.0,967.0
9658.0,2261.0,2242.0,2246.0,971.0,967.0,971.0
9624.0,2254.0,2246.0,2240.0,964.0,958.0,962.0
9617.0,2240.0,2248.0,2238.0,964.0,963.0,964.0
9631.0,2247.0,2255.0,2248.0,967.0,958.0,956.0
9597.0,2231.0,2237.0,2237.0,967.0,966.0,959.0
9626.0,2251.0,2239.0,2240.0,962.0,972.0,962.0
9656.0,2242.0,2262.0,2245.0,978.0,963.0,966.0
9675.0,2248.0,2254.0,2268.0,968.0,969.0,968.0
9709.0,2245.0,2274.0,2282.0,975.0,967.0,966.0
9738.0,2275.0,2278.0,2273.0,970.0,970.0,972.0
9756.0,2276.0,2292.0,2268.0,980.0,967.0,973.0
9783.0,2292.0,2291.0,2272.0,981.0,976.0,971.0
9821.0,2286.0,2300.0,2287.0,983.0,983.0,982.0
9820.0,2304.0,2284.0,2295.0,979.0,982.0,976.0
9809.0,2302.0,2278.0,2284.0,985.0,987.0,973.0
9862.0,2312.0,2298.0,2296.0,983.0,987.0,986.0
9852.0,2287.0,2294.0,2326.0,985.0,982.0,978.0
9845.0,2296.0,2304.0,2301.0,980.0,982.0,982.0
9798.0,2276.0,2282.0,2296.0,981.0,982.0,981.0
9757.0,2276.0,2262.0,2286.0,975.0,980.0,978.0
9784.0,2275.0,2273.0,2297.0,983.0,978.0,978.0
9786.0,2288.0,2281.0,2286.0,973.0,981.0,977.0
9752.0,2279.0,2266.0,2286.0,968.0,980.0,973.0
9771.0,2299.0,2266.0,2272.0,970.0,983.0,981.0
9734.0,2282.0,2268.0,2270.0,973.0,968.0,973.0
9714.0,2276.0,2275.0,2254.0,970.0,968.0,971.0
9705.0,2273.0,2259.0,2253.0,972.0,971.0,977.0
9716.0,2274.0,2262.0,2262.0,970.0,977.0,971.0
9708.0,2259.0,2277.0,2267.0,970.0,969.0,966.0
9689.0,2248.0,2286.0,2254.0,968.0,964.0,969.0
9713.0,2253.0,2270.0,2267.0,971.0,974.0,978.0
9731.0,2258.0,2288.0,2264.0,970.0,975.0,976.0
9707.0,2257.0,2265.0,2259.0,975.0,977.0,974.0
9735.0,2286.0,2269.0,2260.0,974.0,977.0,969.0
9769.0,2279.0,2268.0,2280.0,982.0,977.0,983.0
9824.0,2284.0,2286.0,2310.0,983.0,981.0,980.0
9834.0,2303.0,2274.0,2305.0,982.0,981.0,989.0
9888.0,2311.0,2292.0,2332.0,992.0,982.0,979.0
9834.0,2298.0,2294.0,2297.0,985.0,980.0,980.0
9851.0,2312.0,2286.0,2309.0,985.0,982.0,977.0
9905.0,2317.0,2303.0,2321.0,994.0,988.0,982.0
9854.0,2297.0,2287.0,2317.0,989.0,981.0,983.0
9896.0,2302.0,2320.0,2309.0,991.0,990.0,984.0
9870.0,2306.0,2300.0,2307.0,987.0,980.0,990.0
9866.0,2303.0,2304.0,2298.0,991.0,984.0,986.0
9841.0,2281.0,2299.0,2310.0,985.0,987.0,979.0
9869.0,2301.0,2306.0,2314.0,985.0,983.0,980.0
9799.0,2292.0,2292.0,2274.0,980.0,983.0,978.0
9794.0,2281.0,2305.0,2278.0,979.0,978.0,973.0
9797.0,2290.0,2297.0,2288.0,975.0,975.0,972.0
9825.0,2306.0,2313.0,2277.0,977.0,982.0,970.0
9794.0,2294.0,2287.0,2283.0,973.0,983.0,974.0
9748.0,2271.0,2282.0,2265.0,977.0,976.0,977.0
9735.0,2269.0,2280.0,2255.0,975.0,985.0,971.0
9731.0,2290.0,2261.0,2255.0,970.0,982.0,973.0
9749.0,2273.0,2260.0,2288.0,977.0,979.0,972.0
9733.0,2271.0,2263.0,2276.0,966.0,979.0,978.0
9726.0,2261.0,2249.0,2286.0,975.0,977.0,978.0
9817.0,2289.0,2280.0,2308.0,975.0,977.0,988.0
9820.0,2280.0,2275.0,2310.0,985.0,988.0,982.0
9846.0,2282.0,2303.0,2316.0,982.0,980.0,983.0
9828.0,2292.0,2281.0,2293.0,984.0,989.0,989.0
9910.0,2330.0,2303.0,2294.0,992.0,994.0,997.0
9867.0,2311.0,2284.0,2305.0,990.0,985.0,992.0
9898.0,2320.0,2293.0,2311.0,988.0,992.0,994.0
9931.0,2306.0,2326.0,2318.0,993.0,988.0,1000.0
9953.0,2318.0,2333.0,2318.0,997.0,993.0,994.0
9920.0,2302.0,2316.0,2322.0,996.0,984.0,1000.0
9943.0,2320.0,2325.0,2326.0,992.0,987.0,993.0
9894.0,2301.0,2318.0,2295.0,994.0,990.0,996.0
9924.0,2302.0,2332.0,2312.0,994.0,990.0,994.0
9883.0,2302.0,2299.0,2315.0,993.0,981.0,993.0
9852.0,2301.0,2297.0,2302.0,984.0,981.0,987.0
9879.0,2320.0,2302.0,2295.0,989.0,986.0,987.0
9858.0,2301.0,2292.0,2302.0,992.0,981.0,990.0
9843.0,2310.0,2309.0,2292.0,975.0,978.0,979.0
9823.0,2298.0,2300.0,2288.0,978.0,980.0,979.0
9807.0,2291.0,2284.0,2287.0,987.0,977.0,981.0
9819.0,2291.0,2301.0,2285.0,980.0,981.0,981.0
9804.0,2294.0,2286.0,2293.0,979.0,981.0,971.0
9801.0,2292.0,2278.0,2298.0,977.0,982.0,974.0
9816.0,2298.0,2304.0,2289.0,968.0,984.0,973.0
9847.0,2293.0,2303.0,2307.0,976.0,989.0,979.0
9812.0,2279.0,2300.0,2287.0,977.0,986.0,983.0
9844.0,2291.0,2311.0,2295.0,986.0,985.0,976.0
9861.0,2299.0,2290.0,2319.0,976.0,996.0,981.0
9873.0,2286.0,2302.0,2312.0,990.0,991.0,992.0
9912.0,2302.0,2311.0,2323.0,992.0,997.0,987.0
9920.0,2307.0,2320.0,2322.0,996.0,987.0,988.0
9923.0,2325.0,2313.0,2316.0,983.0,996.0,990.0
9948.0,2328.0,2319.0,2308.0,1000.0,1000.0,993.0
9958.0,2324.0,2317.0,2331.0,1002.0,992.0,992.0
9966.0,2336.0,2306.0,2328.0,1002.0,1000.0,994.0
9943.0,2326.0,2315.0,2311.0,991.0,1002.0,998.0
9971.0,2334.0,2316.0,2315.0,1002.0,1001.0,1003.0
9947.0,2321.0,2327.0,2315.0,1000.0,990.0,994.0
9967.0,2322.0,2333.0,2318.0,996.0,999.0,999.0
9918.0,2302.0,2317.0,2310.0,999.0,999.0,991.0
9930.0,2316.0,2317.0,2306.0,1000.0,998.0,993.0
9899.0,2311.0,2323.0,2287.0,995.0,990.0,993.0
9927.0,2300.0,2335.0,2314.0,993.0,991.0,994.0
9928.0,2301.0,2326.0,2323.0,992.0,992.0,994.0
9875.0,2306.0,2310.0,2291.0,987.0,990.0,991.0
9907.0,2316.0,2309.0,2321.0,980.0,988.0,993.0
9843.0,2288.0,2294.0,2306.0,984.0,983.0,988.0
9885.0,2315.0,2313.0,2310.0,977.0,984.0,986.0
9855.0,2300.0,2310.0,2294.0,987.0,978.0,986.0
9863.0,2302.0,2307.0,2304.0,981.0,984.0,985.0
9855.0,2302.0,2291.0,2312.0,981.0,981.0,988.0
9851.0,2290.0,2297.0,2303.0,984.0,988.0,989.0
9882.0,2300.0,2293.0,2322.0,995.0,987.0,985.0
9923.0,2305.0,2320.0,2322.0,990.0,990.0,996.0
9899.0,2304.0,2304.0,2322.0,984.0,992.0,993.0
9937.0,2328.0,2317.0,2315.0,989.0,992.0,996.0
9964.0,2328.0,2324.0,2331.0,989.0,997.0,995.0
9997.0,2343.0,2323.0,2330.0,1000.0,1004.0,997.0
10030.0,2351.0,2341.0,2337.0,999.0,1001.0,1001.0
10034.0,2348.0,2347.0,2332.0,1000.0,1008.0,999.0
10054.0,2352.0,2342.0,2348.0,1006.0,1004.0,1002.0
10006.0,2328.0,2342.0,2339.0,1002.0,1001.0,994.0
10001.0,2326.0,2344.0,2317.0,1008.0,1006.0,1000.0
10063.0,2347.0,2357.0,2330.0,1011.0,1014.0,1004.0
9999.0,2326.0,2352.0,2312.0,1011.0,1001.0,997.0
10006.0,2332.0,2345.0,2330.0,1005.0,1003.0,991.0
10026.0,2337.0,2342.0,2335.0,1004.0,1012.0,996.0
9999.0,2329.0,2335.0,2338.0,1004.0,996.0,997.0
9984.0,2333.0,2324.0,2331.0,997.0,1002.0,997.0
9936.0,2312.0,2310.0,2319.0,1006.0,996.0,993.0
9918.0,2313.0,2317.0,2309.0,991.0,999.0,989.0
9937.0,2315.0,2313.0,2335.0,995.0,990.0,989.0
9947.0,2316.0,2310.0,2335.0,993.0,999.0,994.0
9920.0,2298.0,2319.0,2335.0,991.0,990.0,987.0
9891.0,2308.0,2301.0,2319.0,989.0,979.0,995.0
9884.0,2293.0,2296.0,2332.0,986.0,989.0,988.0
9926.0,2317.0,2317.0,2316.0,994.0,990.0,992.0
9919.0,2310.0,2325.0,2308.0,991.0,989.0,996.0
9954.0,2315.0,2328.0,2322.0,992.0,997.0,1000.0
9942.0,2298.0,2339.0,2320.0,993.0,992.0,1000.0
9959.0,2320.0,2334.0,2322.0,991.0,994.0,998.0
10004.0,2346.0,2346.0,2329.0,992.0,988.0,1003.0
10007.0,2335.0,2342.0,2327.0,996.0,997.0,1010.0
10038.0,2355.0,2342.0,2334.0,999.0,1000.0,1008.0
10033.0,2346.0,2343.0,2332.0,1001.0,1001.0,1010.0
10078.0,2359.0,2363.0,2332.0,1007.0,1001.0,1016.0
10098.0,2380.0,2361.0,2336.0,1004.0,1002.0,1015.0
10096.0,2361.0,2341.0,2365.0,1008.0,1008.0,1013.0
10061.0,2362.0,2322.0,2345.0,1011.0,1014.0,1007.0
10072.0,2346.0,2330.0,2358.0,1015.0,1008.0,1015.0
10029.0,2326.0,2344.0,2327.0,1011.0,1008.0,1013.0
10050.0,2326.0,2347.0,2358.0,1011.0,1009.0,999.0
10070.0,2345.0,2337.0,2359.0,1013.0,1006.0,1010.0
10038.0,2340.0,2335.0,2352.0,998.0,1006.0,1007.0
10030.0,2349.0,2340.0,2337.0,1006.0,1001.0,997.0
10037.0,2335.0,2347.0,2344.0,1006.0,1001.0,1004.0
10022.0,2344.0,2338.0,2335.0,1002.0,1006.0,997.0
9975.0,2328.0,2329.0,2333.0,998.0,999.0,988.0
10007.0,2340.0,2338.0,2326.0,1003.0,1001.0,999.0
9950.0,2309.0,2335.0,2330.0,993.0,992.0,991.0
9966.0,2325.0,2332.0,2336.0,986.0,999.0,988.0
9970.0,2315.0,2321.0,2338.0,996.0,1006.0,994.0
9988.0,2317.0,2336.0,2336.0,996.0,1003.0,1000.0
9969.0,2331.0,2328.0,2332.0,987.0,998.0,993.0
9979.0,2324.0,2318.0,2341.0,995.0,1003.0,998.0
9991.0,2332.0,2328.0,2335.0,995.0,1003.0,998.0
9996.0,2327.0,2323.0,2340.0,999.0,1006.0,1001.0
10015.0,2323.0,2343.0,2338.0,1008.0,1003.0,1000.0
10048.0,2343.0,2349.0,2339.0,1006.0,1002.0,1009.0
10057.0,2362.0,2342.0,2336.0,999.0,1008.0,1010.0
10091.0,2355.0,2375.0,2348.0,995.0,1012.0,1006.0
10102.0,2374.0,2358.0,2346.0,1003.0,1011.0,1010.0
10091.0,2352.0,2369.0,2354.0,1005.0,1003.0,1008.0
10146.0,2366.0,2364.0,2384.0,1011.0,1015.0,1006.0
10159.0,2373.0,2374.0,2374.0,1012.0,1015.0,1011.0
10119.0,2361.0,2363.0,2356.0,1011.0,1013.0,1015.0
10100.0,2344.0,2372.0,2357.0,1006.0,1003.0,1018.0
10140.0,2359.0,2385.0,2362.0,1013.0,1006.0,1015.0
10108.0,2350.0,2354.0,2371.0,1018.0,1003.0,1012.0
10068.0,2343.0,2345.0,2355.0,1008.0,1008.0,1009.0
10124.0,2362.0,2348.0,2375.0,1016.0,1006.0,1017.0
10071.0,2352.0,2345.0,2356.0,1006.0,1004.0,1008.0
10035.0,2331.0,2345.0,2349.0,1003.0,1005.0,1002.0
10035.0,2342.0,2335.0,2340.0,1006.0,1004.0,1008.0
10056.0,2360.0,2338.0,2343.0,1012.0,1003.0,1000.0
10035.0,2344.0,2328.0,2340.0,1010.0,1009.0,1004.0
10024.0,2356.0,2320.0,2335.0,1003.0,1005.0,1005.0
10016.0,2341.0,2331.0,2326.0,1006.0,1009.0,1003.0
10006.0,2339.0,2321.0,2336.0,1003.0,1004.0,1003.0
10003.0,2315.0,2332.0,2340.0,1002.0,1008.0,1006.0
10024.0,2326.0,2338.0,2337.0,1008.0,1006.0,1009.0
10052.0,2357.0,2342.0,2335.0,1000.0,1014.0,1004.0
10110.0,2359.0,2366.0,2357.0,1005.0,1015.0,1008.0
10093.0,2355.0,2366.0,2343.0,1007.0,1015.0,1007.0
10088.0,2357.0,2353.0,2340.0,1010.0,1017.0,1011.0
10148.0,2368.0,2384.0,2352.0,1010.0,1016.0,1018.0
10153.0,2375.0,2373.0,2362.0,1014.0,1019.0,1010.0
10174.0,2377.0,2372.0,2371.0,1013.0,1024.0,1017.0
10179.0,2375.0,2382.0,2383.0,1008.0,1016.0,1015.0
10177.0,2371.0,2375.0,2378.0,1012.0,1023.0,1018.0
10197.0,2378.0,2384.0,2384.0,1009.0,1019.0,1023.0
10199.0,2382.0,2364.0,2393.0,1019.0,1023.0,1018.0
10177.0,2373.0,2359.0,2392.0,1015.0,1020.0,1018.0
10144.0,2363.0,2355.0,2386.0,1012.0,1016.0,1012.0
10131.0,2372.0,2359.0,2362.0,1012.0,1015.0,1011.0
10080.0,2351.0,2338.0,2362.0,1011.0,1011.0,1007.0
10104.0,2364.0,2349.0,2363.0,1012.0,1010.0,1006.0
10097.0,2358.0,2343.0,2361.0,1013.0,1011.0,1011.0
10076.0,2358.0,2334.0,2363.0,1007.0,1009.0,1005.0
10083.0,2354.0,2353.0,2354.0,1012.0,1003.0,1007.0
10089.0,2367.0,2350.0,2351.0,1011.0,1012.0,998.0
10101.0,2361.0,2359.0,2351.0,1017.0,1006.0,1007.0
10051.0,2348.0,2355.0,2335.0,1007.0,997.0,1009.0
10094.0,2362.0,2349.0,2359.0,1018.0,1000.0,1006.0
10077.0,2331.0,2350.0,2363.0,1022.0,1004.0,1007.0
10096.0,2342.0,2366.0,2354.0,1014.0,1007.0,1013.0
10096.0,2340.0,2352.0,2359.0,1011.0,1016.0,1018.0
10097.0,2364.0,2364.0,2338.0,1010.0,1009.0,1012.0
10127.0,2360.0,2365.0,2352.0,1014.0,1022.0,1014.0
10143.0,2369.0,2355.0,2369.0,1015.0,1016.0,1019.0
10186.0,2375.0,2368.0,2383.0,1013.0,1028.0,1019.0
10194.0,2395.0,2362.0,2384.0,1018.0,1020.0,1015.0
10260.0,2400.0,2387.0,2401.0,1018.0,1028.0,1026.0
10205.0,2399.0,2363.0,2387.0,1015.0,1016.0,1025.0
10259.0,2397.0,2381.0,2410.0,1018.0,1023.0,1030.0
10227.0,2397.0,2375.0,2389.0,1023.0,1024.0,1019.0
10261.0,2393.0,2393.0,2391.0,1024.0,1030.0,1030.0
10266.0,2389.0,2387.0,2407.0,1022.0,1030.0,1031.0
10210.0,2365.0,2386.0,2396.0,1014.0,1027.0,1022.0
10231.0,2387.0,2396.0,2388.0,1012.0,1030.0,1018.0
10218.0,2386.0,2385.0,2382.0,1021.0,1024.0,1020.0
10248.0,2384.0,2402.0,2396.0,1025.0,1022.0,1019.0
10186.0,2370.0,2379.0,2372.0,1015.0,1026.0,1024.0
10192.0,2378.0,2380.0,2380.0,1020.0,1017.0,1017.0
10155.0,2367.0,2372.0,2368.0,1018.0,1017.0,1013.0
10101.0,2367.0,2346.0,2351.0,1010.0,1009.0,1018.0
10135.0,2387.0,2355.0,2358.0,1013.0,1009.0,1013.0
10086.0,2366.0,2341.0,2355.0,1010.0,1006.0,1008.0
10097.0,2357.0,2359.0,2348.0,1014.0,1011.0,1008.0
10064.0,2359.0,2327.0,2356.0,1017.0,1001.0,1004.0
10067.0,2353.0,2341.0,2348.0,1014.0,1002.0,1009.0
10117.0,2347.0,2360.0,2366.0,1019.0,1010.0,1015.0
10153.0,2363.0,2375.0,2365.0,1022.0,1016.0,1012.0
10149.0,2364.0,2378.0,2362.0,1018.0,1013.0,1014.0
10199.0,2376.0,2376.0,2390.0,1025.0,1015.0,1017.0
10211.0,2393.0,2379.0,2383.0,1019.0,1020.0,1017.0
10255.0,2391.0,2393.0,2392.0,1036.0,1014.0,1029.0
10288.0,2408.0,2398.0,2409.0,1027.0,1026.0,1020.0
10272.0,2407.0,2388.0,2398.0,1026.0,1026.0,1027.0
10288.0,2400.0,2421.0,2397.0,1028.0,1021.0,1021.0
10283.0,2398.0,2415.0,2405.0,1020.0,1025.0,1020.0
10306.0,2404.0,2413.0,2405.0,1035.0,1029.0,1020.0
10311.0,2395.0,2411.0,2412.0,1023.0,1041.0,1029.0
10299.0,2400.0,2400.0,2422.0,1025.0,1028.0,1024.0
10317.0,2405.0,2405.0,2416.0,1028.0,1032.0,1031.0
10265.0,2387.0,2392.0,2408.0,1016.0,1027.0,1035.0
10225.0,2385.0,2387.0,2374.0,1024.0,1025.0,1030.0
10245.0,2403.0,2388.0,2385.0,1020.0,1025.0,1024.0
10277.0,2399.0,2388.0,2406.0,1024.0,1027.0,1033.0
10208.0,2389.0,2375.0,2378.0,1018.0,1019.0,1029.0
10230.0,2395.0,2375.0,2387.0,1024.0,1024.0,1025.0
10204.0,2388.0,2362.0,2383.0,1024.0,1026.0,1021.0
10163.0,2395.0,2350.0,2357.0,1018.0,1023.0,1020.0
10215.0,2387.0,2395.0,2369.0,1017.0,1022.0,1025.0
10173.0,2352.0,2374.0,2376.0,1021.0,1030.0,1020.0
10193.0,2378.0,2368.0,2376.0,1022.0,1024.0,1025.0
10206.0,2370.0,2386.0,2384.0,1019.0,1023.0,1024.0
10166.0,2356.0,2383.0,2364.0,1023.0,1022.0,1018.0
10201.0,2380.0,2392.0,2381.0,1016.0,1015.0,1017.0
10244.0,2378.0,2396.0,2396.0,1029.0,1023.0,1022.0
10237.0,2379.0,2384.0,2411.0,1027.0,1012.0,1024.0
10237.0,2373.0,2386.0,2394.0,1023.0,1030.0,1031.0
10267.0,2402.0,2386.0,2402.0,1027.0,1029.0,1021.0
10287.0,2408.0,2404.0,2399.0,1024.0,1023.0,1029.0
10315.0,2423.0,2392.0,2407.0,1027.0,1035.0,1031.0
10332.0,2420.0,2401.0,2420.0,1035.0,1029.0,1027.0
10348.0,2417.0,2409.0,2433.0,1030.0,1026.0,1033.0
10313.0,2407.0,2402.0,2411.0,1033.0,1031.0,1029.0
10342.0,2409.0,2404.0,2441.0,1031.0,1030.0,1027.0
10327.0,2410.0,2411.0,2417.0,1030.0,1026.0,1033.0
10334.0,2389.0,2411.0,2429.0,1033.0,1036.0,1036.0
10293.0,2395.0,2393.0,2404.0,1026.0,1039.0,1036.0
10293.0,2398.0,2415.0,2397.0,1031.0,1022.0,1030.0
10278.0,2401.0,2401.0,2391.0,1025.0,1031.0,1029.0
10319.0,2404.0,2416.0,2408.0,1028.0,1033.0,1030.0
10276.0,2415.0,2409.0,2380.0,1023.0,1025.0,1024.0
10217.0,2393.0,2393.0,2376.0,1016.0,1023.0,1016.0
10265.0,2399.0,2408.0,2394.0,1019.0,1026.0,1019.0
10215.0,2392.0,2383.0,2371.0,1026.0,1018.0,1025.0
10220.0,2371.0,2401.0,2385.0,1023.0,1018.0,1022.0
10231.0,2400.0,2372.0,2398.0,1012.0,1032.0,1017.0
10224.0,2387.0,2385.0,2390.0,1016.0,1023.0,1023.0
10228.0,2384.0,2378.0,2388.0,1022.0,1031.0,1025.0
10193.0,2379.0,2364.0,2381.0,1028.0,1020.0,1021.0
10289.0,2392.0,2400.0,2410.0,1021.0,1032.0,1034.0
10246.0,2383.0,2386.0,2396.0,1021.0,1028.0,1032.0
10295.0,2402.0,2378.0,2415.0,1031.0,1032.0,1037.0
10339.0,2399.0,2398.0,2432.0,1030.0,1034.0,1046.0
10388.0,2429.0,2414.0,2430.0,1036.0,1038.0,1041.0
10362.0,2409.0,2417.0,2426.0,1038.0,1037.0,1035.0
10416.0,2436.0,2430.0,2430.0,1041.0,1038.0,1041.0
10402.0,2433.0,2414.0,2437.0,1041.0,1037.0,1040.0
10408.0,2435.0,2427.0,2422.0,1039.0,1038.0,1047.0
10398.0,2424.0,2448.0,2412.0,1034.0,1039.0,1041.0
10405.0,2415.0,2438.0,2431.0,1047.0,1033.0,1041.0
10379.0,2412.0,2429.0,2430.0,1039.0,1032.0,1037.0
10372.0,2413.0,2433.0,2424.0,1031.0,1035.0,1036.0
10363.0,2412.0,2419.0,2413.0,1035.0,1037.0,1047.0
10355.0,2401.0,2415.0,2419.0,1037.0,1038.0,1045.0
10316.0,2407.0,2412.0,2393.0,1034.0,1040.0,1030.0
10279.0,2394.0,2402.0,2400.0,1027.0,1030.0,1026.0
10311.0,2406.0,2409.0,2417.0,1025.0,1024.0,1030.0
10273.0,2409.0,2389.0,2407.0,1024.0,1019.0,1025.0
10313.0,2428.0,2401.0,2401.0,1024.0,1026.0,1033.0
10295.0,2422.0,2397.0,2398.0,1027.0,1027.0,1024.0
10295.0,2415.0,2402.0,2405.0,1029.0,1019.0,1025.0
10256.0,2402.0,2377.0,2411.0,1024.0,1022.0,1020.0
10272.0,2396.0,2398.0,2413.0,1018.0,1024.0,1023.0
10263.0,2379.0,2408.0,2386.0,1034.0,1029.0,1027.0
10311.0,2392.0,2417.0,2421.0,1031.0,1027.0,1023.0
10301.0,2391.0,2409.0,2411.0,1033.0,1035.0,1022.0
10314.0,2392.0,2400.0,2426.0,1032.0,1029.0,1035.0
10366.0,2415.0,2434.0,2425.0,1031.0,1035.0,1026.0
10376.0,2416.0,2427.0,2431.0,1039.0,1038.0,1025.0
10400.0,2418.0,2431.0,2426.0,1044.0,1045.0,1036.0
10390.0,2416.0,2437.0,2420.0,1040.0,1040.0,1037.0
10465.0,2453.0,2426.0,2439.0,1052.0,1050.0,1045.0
10470.0,2449.0,2446.0,2442.0,1039.0,1049.0,1045.0
10438.0,2444.0,2425.0,2428.0,1048.0,1048.0,1045.0
10460.0,2444.0,2440.0,2430.0,1050.0,1050.0,1046.0
10435.0,2434.0,2424.0,2445.0,1042.0,1049.0,1041.0
10433.0,2439.0,2427.0,2429.0,1040.0,1053.0,1045.0
10380.0,2427.0,2413.0,2415.0,1039.0,1043.0,1043.0
10391.0,2418.0,2421.0,2418.0,1045.0,1042.0,1047.0
10400.0,2417.0,2434.0,2425.0,1040.0,1043.0,1041.0
10381.0,2412.0,2417.0,2435.0,1039.0,1038.0,1040.0
10377.0,2419.0,2426.0,2405.0,1047.0,1038.0,1042.0
10410.0,2436.0,2425.0,2441.0,1036.0,1033.0,1039.0
10348.0,2409.0,2413.0,2416.0,1036.0,1037.0,1037.0
10341.0,2424.0,2410.0,2410.0,1027.0,1029.0,1041.0
10363.0,2424.0,2422.0,2409.0,1027.0,1037.0,1044.0
10324.0,2409.0,2408.0,2414.0,1032.0,1029.0,1032.0
10334.0,2399.0,2406.0,2422.0,1038.0,1030.0,1039.0
10345.0,2401.0,2428.0,2425.0,1027.0,1030.0,1034.0
10295.0,2398.0,2393.0,2415.0,1023.0,1024.0,1042.0
10334.0,2408.0,2409.0,2416.0,1036.0,1027.0,1038.0
10336.0,2410.0,2402.0,2426.0,1036.0,1029.0,1033.0
10345.0,2407.0,2410.0,2422.0,1037.0,1034.0,1035.0
10378.0,2426.0,2431.0,2409.0,1034.0,1037.0,1041.0
10382.0,2420.0,2419.0,2420.0,1043.0,1040.0,1040.0
10426.0,2439.0,2428.0,2435.0,1043.0,1039.0,1042.0
10471.0,2457.0,2439.0,2435.0,1058.0,1041.0,1041.0
10443.0,2447.0,2436.0,2422.0,1047.0,1045.0,1046.0
10517.0,2451.0,2454.0,2455.0,1056.0,1052.0,1049.0
10489.0,2441.0,2453.0,2449.0,1055.0,1051.0,1040.0
10520.0,2453.0,2461.0,2452.0,1052.0,1054.0,1048.0
10466.0,2449.0,2440.0,2433.0,1049.0,1051.0,1044.0
10509.0,2439.0,2465.0,2451.0,1059.0,1053.0,1042.0
10480.0,2453.0,2449.0,2439.0,1047.0,1046.0,1046.0
10472.0,2439.0,2445.0,2440.0,1047.0,1053.0,1048.0
10445.0,2433.0,2443.0,2434.0,1045.0,1047.0,1043.0
10488.0,2444.0,2455.0,2448.0,1049.0,1051.0,1041.0
10466.0,2447.0,2444.0,2443.0,1046.0,1051.0,1035.0
10440.0,2447.0,2438.0,2436.0,1032.0,1047.0,1040.0
10421.0,2428.0,2429.0,2437.0,1043.0,1044.0,1040.0
10408.0,2428.0,2430.0,2430.0,1038.0,1044.0,1038.0
10377.0,2431.0,2414.0,2428.0,1024.0,1042.0,1038.0
10384.0,2422.0,2420.0,2435.0,1028.0,1044.0,1035.0
10396.0,2442.0,2418.0,2427.0,1039.0,1038.0,1032.0
10359.0,2403.0,2419.0,2424.0,1040.0,1034.0,1039.0
10402.0,2420.0,2422.0,2438.0,1041.0,1041.0,1040.0
10371.0,2404.0,2427.0,2431.0,1037.0,1030.0,1042.0
10435.0,2414.0,2440.0,2439.0,1046.0,1046.0,1050.0
10418.0,2438.0,2436.0,2420.0,1038.0,1035.0,1051.0
10416.0,2429.0,2427.0,2434.0,1042.0,1036.0,1048.0
10466.0,2442.0,2446.0,2443.0,1039.0,1048.0,1048.0
10478.0,2454.0,2455.0,2422.0,1044.0,1048.0,1055.0
10529.0,2454.0,2463.0,2461.0,1053.0,1045.0,1053.0
10544.0,2466.0,2460.0,2455.0,1058.0,1050.0,1055.0
10543.0,2470.0,2467.0,2445.0,1057.0,1052.0,1052.0
10566.0,2467.0,2459.0,2470.0,1059.0,1054.0,1057.0
10543.0,2460.0,2459.0,2456.0,1054.0,1057.0,1057.0
10534.0,2461.0,2463.0,2446.0,1058.0,1052.0,1054.0
10550.0,2466.0,2462.0,2455.0,1058.0,1049.0,1060.0
10532.0,2448.0,2453.0,2460.0,1063.0,1056.0,1052.0
10519.0,2449.0,2455.0,2464.0,1052.0,1047.0,1052.0
10485.0,2434.0,2438.0,2448.0,1053.0,1058.0,1054.0
10489.0,2455.0,2436.0,2445.0,1055.0,1048.0,1050.0
10477.0,2444.0,2432.0,2448.0,1052.0,1054.0,1047.0
10524.0,2455.0,2456.0,2470.0,1046.0,1050.0,1047.0
10494.0,2451.0,2448.0,2460.0,1045.0,1047.0,1043.0
10463.0,2457.0,2433.0,2445.0,1042.0,1048.0,1038.0
10475.0,2449.0,2445.0,2445.0,1040.0,1056.0,1040.0
10439.0,2433.0,2447.0,2437.0,1041.0,1044.0,1037.0
10457.0,2455.0,2430.0,2447.0,1033.0,1046.0,1046.0
10415.0,2439.0,2440.0,2423.0,1039.0,1042.0,1032.0
10452.0,2427.0,2450.0,2446.0,1042.0,1042.0,1045.0
10425.0,2421.0,2433.0,2442.0,1036.0,1049.0,1044.0
10456.0,2425.0,2457.0,2439.0,1041.0,1050.0,1044.0
10464.0,2451.0,2446.0,2439.0,1040.0,1048.0,1040.0
10468.0,2441.0,2442.0,2444.0,1043.0,1054.0,1044.0
10471.0,2457.0,2433.0,2446.0,1042.0,1044.0,1049.0
10577.0,2471.0,2466.0,2470.0,1052.0,1056.0,1062.0
10528.0,2470.0,2444.0,2454.0,1052.0,1056.0,1052.0
10568.0,2480.0,2445.0,2488.0,1055.0,1052.0,1048.0
10562.0,2480.0,2457.0,2450.0,1058.0,1058.0,1059.0
10569.0,2483.0,2469.0,2450.0,1055.0,1053.0,1059.0
10585.0,2487.0,2449.0,2474.0,1062.0,1054.0,1059.0
10606.0,2471.0,2484.0,2471.0,1064.0,1055.0,1061.0
10593.0,2472.0,2454.0,2477.0,1061.0,1064.0,1065.0
10593.0,2462.0,2476.0,2475.0,1066.0,1063.0,1051.0
10576.0,2463.0,2471.0,2470.0,1058.0,1056.0,1058.0
10621.0,2472.0,2491.0,2478.0,1065.0,1056.0,1059.0
10607.0,2460.0,2478.0,2490.0,1062.0,1052.0,1065.0
10568.0,2457.0,2469.0,2485.0,1048.0,1052.0,1057.0
10559.0,2459.0,2467.0,2466.0,1054.0,1055.0,1058.0
10529.0,2452.0,2454.0,2458.0,1058.0,1051.0,1056.0
10536.0,2457.0,2462.0,2458.0,1047.0,1051.0,1061.0
10501.0,2467.0,2447.0,2429.0,1051.0,1049.0,1058.0
10512.0,2466.0,2446.0,2455.0,1050.0,1044.0,1051.0
10471.0,2433.0,2441.0,2447.0,1048.0,1053.0,1049.0
10479.0,2452.0,2447.0,2429.0,1049.0,1049.0,1053.0
10473.0,2442.0,2439.0,2451.0,1045.0,1041.0,1055.0
10451.0,2426.0,2442.0,2439.0,1048.0,1051.0,1045.0
10503.0,2446.0,2460.0,2439.0,1046.0,1056.0,1056.0
10510.0,2451.0,2450.0,2456.0,1047.0,1053.0,1053.0
10572.0,2465.0,2475.0,2458.0,1053.0,1065.0,1056.0
10566.0,2457.0,2465.0,2465.0,1053.0,1067.0,1059.0
10589.0,2470.0,2470.0,2472.0,1051.0,1068.0,1058.0
10608.0,2486.0,2485.0,2461.0,1060.0,1057.0,1059.0
10627.0,2474.0,2482.0,2467.0,1063.0,1074.0,1067.0
10668.0,2504.0,2489.0,2479.0,1065.0,1069.0,1062.0
10654.0,2495.0,2470.0,2498.0,1064.0,1062.0,1065.0
10638.0,2479.0,2482.0,2480.0,1064.0,1067.0,1066.0
10680.0,2494.0,2484.0,2497.0,1068.0,1074.0,1063.0
10687.0,2491.0,2507.0,2494.0,1065.0,1070.0,1060.0
10644.0,2471.0,2484.0,2491.0,1070.0,1068.0,1060.0
10618.0,2464.0,2476.0,2487.0,1070.0,1062.0,1059.0
10606.0,2475.0,2470.0,2475.0,1071.0,1053.0,1062.0
10636.0,2497.0,2459.0,2485.0,1067.0,1065.0,1063.0
10569.0,2471.0,2463.0,2469.0,1062.0,1054.0,1050.0
10565.0,2467.0,2461.0,2474.0,1055.0,1050.0,1058.0
10577.0,2463.0,2465.0,2485.0,1055.0,1050.0,1059.0
10565.0,2477.0,2449.0,2482.0,1059.0,1053.0,1045.0
10547.0,2459.0,2464.0,2465.0,1055.0,1050.0,1054.0
10529.0,2467.0,2452.0,2457.0,1048.0,1049.0,1056.0
10560.0,2466.0,2471.0,2466.0,1051.0,1049.0,1057.0
10534.0,2459.0,2467.0,2443.0,1058.0,1051.0,1056.0
10493.0,2450.0,2455.0,2445.0,1049.0,1048.0,1046.0
10557.0,2472.0,2477.0,2444.0,1053.0,1057.0,1054.0
10541.0,2458.0,2460.0,2452.0,1058.0,1051.0,1062.0
10569.0,2478.0,2476.0,2448.0,1057.0,1054.0,1056.0
10582.0,2473.0,2483.0,2455.0,1058.0,1055.0,1058.0
10615.0,2490.0,2479.0,2467.0,1056.0,1058.0,1065.0
10640.0,2481.0,2472.0,2486.0,1062.0,1068.0,1071.0
10640.0,2499.0,2479.0,2472.0,1058.0,1065.0,1067.0
10671.0,2501.0,2480.0,2482.0,1068.0,1071.0,1069.0
10697.0,2501.0,2494.0,2490.0,1066.0,1073.0,1073.0
10687.0,2488.0,2489.0,2500.0,1062.0,1074.0,1074.0
10728.0,2503.0,2480.0,2513.0,1075.0,1076.0,1081.0
10739.0,2516.0,2498.0,2510.0,1067.0,1071.0,1077.0
10745.0,2508.0,2499.0,2518.0,1071.0,1076.0,1073.0
10718.0,2487.0,2495.0,2515.0,1067.0,1078.0,1076.0
10672.0,2506.0,2478.0,2470.0,1069.0,1077.0,1072.0
10684.0,2485.0,2502.0,2492.0,1066.0,1068.0,1071.0
10656.0,2475.0,2495.0,2479.0,1067.0,1075.0,1065.0
10649.0,2483.0,2498.0,2478.0,1066.0,1067.0,1057.0
10628.0,2488.0,2467.0,2479.0,1068.0,1062.0,1064.0
10648.0,2491.0,2479.0,2484.0,1064.0,1063.0,1067.0
10602.0,2483.0,2481.0,2463.0,1060.0,1062.0,1053.0
10606.0,2482.0,2472.0,2462.0,1061.0,1061.0,1068.0
10639.0,2481.0,2495.0,2477.0,1066.0,1060.0,1060.0
10561.0,2472.0,2457.0,2470.0,1054.0,1058.0,1050.0
10560.0,2459.0,2472.0,2447.0,1066.0,1064.0,1052.0
10569.0,2464.0,2477.0,2461.0,1056.0,1056.0,1055.0
10598.0,2468.0,2484.0,2468.0,1067.0,1055.0,1056.0
10593.0,2466.0,2477.0,2474.0,1055.0,1061.0,1060.0
10624.0,2478.0,2477.0,2492.0,1065.0,1056.0,1056.0
10610.0,2483.0,2472.0,2480.0,1064.0,1052.0,1059.0
10660.0,2486.0,2483.0,2490.0,1068.0,1069.0,1064.0
10665.0,2510.0,2471.0,2498.0,1067.0,1057.0,1062.0
10701.0,2502.0,2488.0,2503.0,1070.0,1066.0,1072.0
10737.0,2514.0,2502.0,2514.0,1065.0,1071.0,1071.0
10741.0,2513.0,2510.0,2504.0,1076.0,1069.0,1069.0
10750.0,2505.0,2522.0,2518.0,1065.0,1070.0,1070.0
10804.0,2521.0,2527.0,2524.0,1084.0,1079.0,1069.0
10770.0,2511.0,2511.0,2527.0,1070.0,1070.0,1081.0
10765.0,2509.0,2526.0,2510.0,1072.0,1075.0,1073.0
10758.0,2516.0,2517.0,2510.0,1069.0,1072.0,1074.0
10727.0,2498.0,2493.0,2503.0,1073.0,1079.0,1081.0
10688.0,2492.0,2484.0,2498.0,1067.0,1073.0,1074.0
10689.0,2468.0,2492.0,2501.0,1073.0,1078.0,1077.0
10711.0,2501.0,2501.0,2495.0,1072.0,1073.0,1069.0
10697.0,2491.0,2488.0,2497.0,1072.0,1078.0,1071.0
10665.0,2489.0,2485.0,2474.0,1074.0,1074.0,1069.0
10641.0,2491.0,2471.0,2475.0,1070.0,1067.0,1067.0
10623.0,2494.0,2473.0,2461.0,1069.0,1064.0,1062.0
10626.0,2488.0,2470.0,2465.0,1070.0,1067.0,1066.0
10627.0,2478.0,2476.0,2475.0,1063.0,1074.0,1061.0
10646.0,2480.0,2488.0,2472.0,1075.0,1070.0,1061.0
10633.0,2476.0,2471.0,2478.0,1073.0,1065.0,1070.0
10626.0,2475.0,2475.0,2472.0,1072.0,1064.0,1068.0
10645.0,2472.0,2475.0,2500.0,1063.0,1068.0,1067.0
10673.0,2475.0,2501.0,2484.0,1070.0,1076.0,1067.0
10738.0,2505.0,2518.0,2502.0,1070.0,1070.0,1073.0
10732.0,2504.0,2509.0,2509.0,1072.0,1072.0,1066.0
10760.0,2511.0,2515.0,2516.0,1073.0,1072.0,1073.0
10779.0,2512.0,2516.0,2519.0,1073.0,1081.0,1078.0
10814.0,2543.0,2512.0,2529.0,1078.0,1075.0,1077.0
10814.0,2524.0,2526.0,2531.0,1078.0,1079.0,1076.0
10813.0,2532.0,2521.0,2528.0,1079.0,1075.0,1078.0
10819.0,2514.0,2528.0,2542.0,1082.0,1073.0,1080.0
10831.0,2533.0,2532.0,2519.0,1089.0,1078.0,1080.0
10786.0,2520.0,2512.0,2529.0,1076.0,1071.0,1078.0
10760.0,2502.0,2501.0,2519.0,1082.0,1084.0,1072.0
10733.0,2508.0,2510.0,2490.0,1073.0,1076.0,1076.0
10757.0,2498.0,2510.0,2525.0,1071.0,1072.0,1081.0
10736.0,2505.0,2503.0,2508.0,1075.0,1074.0,1071.0
10718.0,2496.0,2496.0,2506.0,1077.0,1071.0,1072.0
10737.0,2511.0,2514.0,2492.0,1071.0,1077.0,1072.0
10713.0,2516.0,2504.0,2485.0,1068.0,1066.0,1074.0
10717.0,2499.0,2505.0,2496.0,1074.0,1076.0,1067.0
10680.0,2501.0,2497.0,2479.0,1073.0,1062.0,1068.0
10706.0,2502.0,2497.0,2504.0,1067.0,1066.0,1070.0
10700.0,2481.0,2501.0,2491.0,1074.0,1080.0,1073.0
10686.0,2492.0,2491.0,2488.0,1074.0,1074.0,1067.0
10705.0,2487.0,2494.0,2498.0,1075.0,1076.0,1075.0
10711.0,2490.0,2476.0,2517.0,1076.0,1077.0,1075.0
10692.0,2469.0,2507.0,2490.0,1078.0,1074.0,1074.0
10716.0,2486.0,2497.0,2501.0,1078.0,1081.0,1073.0
10781.0,2502.0,2504.0,2534.0,1082.0,1080.0,1079.0
10822.0,2522.0,2507.0,2535.0,1083.0,1085.0,1090.0
10815.0,2515.0,2508.0,2531.0,1088.0,1090.0,1083.0
10821.0,2517.0,2526.0,2515.0,1080.0,1093.0,1090.0
10856.0,2532.0,2525.0,2546.0,1081.0,1083.0,1089.0
10853.0,2533.0,2532.0,2536.0,1078.0,1087.0,1087.0
10886.0,2541.0,2533.0,2552.0,1082.0,1090.0,1088.0
10855.0,2527.0,2537.0,2532.0,1081.0,1088.0,1090.0
10867.0,2533.0,2547.0,2537.0,1079.0,1084.0,1087.0
10863.0,2522.0,2543.0,2531.0,1086.0,1084.0,1097.0
10839.0,2523.0,2539.0,2528.0,1079.0,1085.0,1085.0
10839.0,2529.0,2524.0,2525.0,1087.0,1079.0,1095.0
10808.0,2517.0,2541.0,2504.0,1082.0,1079.0,1085.0
10818.0,2519.0,2537.0,2521.0,1080.0,1081.0,1080.0
10803.0,2533.0,2529.0,2503.0,1078.0,1085.0,1075.0
10753.0,2512.0,2500.0,2509.0,1074.0,1079.0,1079.0
10766.0,2512.0,2513.0,2509.0,1082.0,1072.0,1078.0
10747.0,2503.0,2502.0,2508.0,1080.0,1080.0,1074.0
10727.0,2509.0,2493.0,2495.0,1079.0,1075.0,1076.0
10753.0,2511.0,2494.0,2527.0,1078.0,1069.0,1074.0
10722.0,2502.0,2491.0,2512.0,1073.0,1073.0,1071.0
10738.0,2525.0,2495.0,2512.0,1072.0,1067.0,1067.0
10747.0,2495.0,2510.0,2514.0,1077.0,1074.0,1077.0
10739.0,2490.0,2506.0,2511.0,1087.0,1075.0,1070.0
10762.0,2501.0,2517.0,2521.0,1077.0,1076.0,1070.0
10802.0,2520.0,2525.0,2521.0,1082.0,1078.0,1076.0
10819.0,2514.0,2525.0,2529.0,1086.0,1088.0,1077.0
10846.0,2529.0,2532.0,2534.0,1092.0,1082.0,1077.0
10878.0,2537.0,2532.0,2548.0,1091.0,1091.0,1079.0
10872.0,2535.0,2544.0,2541.0,1088.0,1087.0,1077.0
10895.0,2546.0,2535.0,2546.0,1096.0,1093.0,1079.0
10918.0,2541.0,2555.0,2547.0,1093.0,1093.0,1089.0
10881.0,2527.0,2555.0,2532.0,1088.0,1096.0,1083.0
10866.0,2541.0,2544.0,2510.0,1084.0,1095.0,1092.0
10911.0,2551.0,2534.0,2545.0,1086.0,1094.0,1101.0
10888.0,2540.0,2545.0,2525.0,1092.0,1093.0,1093.0
10879.0,2527.0,2536.0,2536.0,1096.0,1093.0,1091.0
10889.0,2531.0,2542.0,2541.0,1091.0,1095.0,1089.0
10852.0,2543.0,2524.0,2520.0,1084.0,1092.0,1089.0
10856.0,2524.0,2533.0,2532.0,1085.0,1093.0,1089.0
10825.0,2533.0,2515.0,2536.0,1071.0,1084.0,1086.0
10845.0,2532.0,2530.0,2526.0,1076.0,1090.0,1091.0
10837.0,2539.0,2526.0,2523.0,1084.0,1080.0,1085.0
10826.0,2523.0,2529.0,2530.0,1084.0,1075.0,1085.0
10830.0,2542.0,2523.0,2521.0,1077.0,1084.0,1083.0
10817.0,2521.0,2533.0,2521.0,1080.0,1081.0,1081.0
10831.0,2526.0,2523.0,2531.0,1089.0,1076.0,1086.0
10831.0,2527.0,2522.0,2536.0,1082.0,1080.0,1084.0
10802.0,2529.0,2520.0,2522.0,1082.0,1071.0,1078.0
10837.0,2532.0,2526.0,2534.0,1088.0,1078.0,1079.0
10806.0,2508.0,2526.0,2530.0,1082.0,1078.0,1082.0
10863.0,2535.0,2545.0,2545.0,1080.0,1076.0,1082.0
10843.0,2515.0,2531.0,2541.0,1082.0,1086.0,1088.0
10891.0,2533.0,2534.0,2565.0,1092.0,1083.0,1084.0
10889.0,2551.0,2542.0,2530.0,1090.0,1083.0,1093.0
10892.0,2542.0,2543.0,2540.0,1091.0,1088.0,1088.0
10931.0,2560.0,2537.0,2546.0,1101.0,1094.0,1093.0
10948.0,2570.0,2547.0,2547.0,1098.0,1097.0,1089.0
10970.0,2572.0,2564.0,2549.0,1097.0,1097.0,1091.0
10961.0,2561.0,2552.0,2561.0,1102.0,1093.0,1092.0
10936.0,2567.0,2553.0,2525.0,1102.0,1092.0,1097.0
10947.0,2555.0,2551.0,2550.0,1092.0,1104.0,1095.0
10988.0,2558.0,2572.0,2566.0,1102.0,1097.0,1093.0
10946.0,2555.0,2566.0,2544.0,1091.0,1096.0,1094.0
10926.0,2563.0,2550.0,2529.0,1093.0,1098.0,1093.0
10919.0,2545.0,2549.0,2547.0,1091.0,1098.0,1089.0
10901.0,2548.0,2547.0,2537.0,1087.0,1090.0,1092.0
10904.0,2543.0,2561.0,2538.0,1086.0,1091.0,1085.0
10877.0,2542.0,2531.0,2550.0,1080.0,1091.0,1083.0
10883.0,2533.0,2555.0,2533.0,1077.0,1097.0,1088.0
10877.0,2550.0,2531.0,2544.0,1081.0,1088.0,1083.0
10836.0,2529.0,2518.0,2545.0,1080.0,1081.0,1083.0
10822.0,2518.0,2510.0,2545.0,1078.0,1086.0,1085.0
10852.0,2527.0,2530.0,2533.0,1085.0,1095.0,1082.0
10831.0,2520.0,2508.0,2538.0,1083.0,1091.0,1091.0
10877.0,2547.0,2524.0,2541.0,1089.0,1088.0,1088.0
10860.0,2529.0,2534.0,2533.0,1090.0,1083.0,1091.0
10887.0,2553.0,2524.0,2537.0,1094.0,1087.0,1092.0
10883.0,2527.0,2543.0,2538.0,1094.0,1088.0,1093.0
10897.0,2541.0,2538.0,2543.0,1094.0,1084.0,1097.0
10959.0,2570.0,2566.0,2546.0,1093.0,1087.0,1097.0
11004.0,2561.0,2558.0,2574.0,1103.0,1099.0,1109.0
11005.0,2570.0,2580.0,2555.0,1105.0,1089.0,1106.0
11032.0,2583.0,2591.0,2549.0,1104.0,1096.0,1109.0
11028.0,2571.0,2585.0,2564.0,1100.0,1096.0,1112.0
11021.0,2568.0,2578.0,2568.0,1104.0,1100.0,1103.0
11019.0,2575.0,2575.0,2560.0,1104.0,1103.0,1102.0
11003.0,2561.0,2564.0,2578.0,1102.0,1096.0,1102.0
11013.0,2562.0,2567.0,2576.0,1104.0,1102.0,1102.0
10981.0,2568.0,2571.0,2546.0,1097.0,1097.0,1102.0
10992.0,2566.0,2562.0,2577.0,1096.0,1090.0,1101.0
10950.0,2565.0,2544.0,2559.0,1095.0,1097.0,1090.0
10992.0,2577.0,2562.0,2559.0,1098.0,1099.0,1097.0
10931.0,2556.0,2538.0,2553.0,1095.0,1095.0,1094.0
10911.0,2549.0,2532.0,2561.0,1084.0,1094.0,1091.0
10942.0,2572.0,2542.0,2559.0,1083.0,1096.0,1090.0
10910.0,2556.0,2549.0,2544.0,1087.0,1086.0,1088.0
10911.0,2546.0,2546.0,2552.0,1086.0,1096.0,1085.0
10865.0,2525.0,2526.0,2548.0,1084.0,1093.0,1089.0
10902.0,2551.0,2555.0,2537.0,1087.0,1093.0,1079.0
10904.0,2545.0,2544.0,2546.0,1094.0,1090.0,1085.0
10918.0,2533.0,2557.0,2562.0,1081.0,1094.0,1091.0
10957.0,2546.0,2566.0,2564.0,1090.0,1097.0,1094.0
10963.0,2555.0,2575.0,2555.0,1092.0,1101.0,1085.0
10951.0,2542.0,2562.0,2553.0,1096.0,1102.0,1096.0
10956.0,2566.0,2560.0,2552.0,1094.0,1097.0,1087.0
10994.0,2573.0,2567.0,2554.0,1099.0,1098.0,1103.0
11038.0,2574.0,2578.0,2571.0,1108.0,1105.0,1102.0
11011.0,2581.0,2556.0,2567.0,1106.0,1100.0,1101.0
11059.0,2588.0,2568.0,2582.0,1110.0,1103.0,1108.0
11048.0,2582.0,2555.0,2582.0,1113.0,1110.0,1106.0
11049.0,2581.0,2585.0,2566.0,1111.0,1103.0,1103.0
11045.0,2564.0,2576.0,2578.0,1115.0,1108.0,1104.0
11049.0,2575.0,2574.0,2577.0,1111.0,1103.0,1109.0
11098.0,2592.0,2591.0,2590.0,1102.0,1104.0,1119.0
11041.0,2569.0,2570.0,2586.0,1111.0,1093.0,1112.0
11030.0,2562.0,2578.0,2589.0,1099.0,1099.0,1103.0
11033.0,2568.0,2582.0,2587.0,1095.0,1100.0,1101.0
11031.0,2576.0,2573.0,2578.0,1105.0,1101.0,1098.0
11005.0,2572.0,2581.0,2572.0,1095.0,1089.0,1096.0
11025.0,2577.0,2578.0,2572.0,1097.0,1100.0,1101.0
10976.0,2558.0,2563.0,2569.0,1097.0,1093.0,1096.0
10989.0,2575.0,2563.0,2562.0,1097.0,1093.0,1099.0
10933.0,2548.0,2560.0,2552.0,1085.0,1093.0,1095.0
10946.0,2556.0,2548.0,2564.0,1096.0,1090.0,1092.0
10890.0,2539.0,2541.0,2537.0,1093.0,1090.0,1090.0
10947.0,2555.0,2556.0,2544.0,1087.0,1099.0,1106.0
10908.0,2532.0,2543.0,2546.0,1091.0,1094.0,1102.0
10954.0,2554.0,2547.0,2558.0,1087.0,1098.0,1110.0
10989.0,2585.0,2554.0,2556.0,1096.0,1098.0,1100.0
11008.0,2551.0,2555.0,2580.0,1102.0,1110.0,1110.0
11007.0,2574.0,2562.0,2568.0,1103.0,1100.0,1100.0
11042.0,2588.0,2560.0,2574.0,1102.0,1106.0,1112.0
11068.0,2590.0,2591.0,2572.0,1104.0,1104.0,1107.0
11132.0,2605.0,2592.0,2599.0,1114.0,1112.0,1110.0
11092.0,2585.0,2588.0,2586.0,1113.0,1112.0,1108.0
11131.0,2617.0,2598.0,2583.0,1113.0,1114.0,1106.0
11162.0,2604.0,2610.0,2598.0,1119.0,1116.0,1115.0
11138.0,2596.0,2600.0,2600.0,1114.0,1121.0,1107.0
11139.0,2590.0,2605.0,2605.0,1115.0,1114.0,1110.0
11127.0,2592.0,2584.0,2603.0,1117.0,1115.0,1116.0
11080.0,2569.0,2584.0,2599.0,1112.0,1108.0,1108.0
11096.0,2589.0,2593.0,2583.0,1116.0,1110.0,1105.0
11090.0,2575.0,2583.0,2597.0,1112.0,1118.0,1105.0
11104.0,2586.0,2596.0,2593.0,1114.0,1112.0,1103.0
11066.0,2592.0,2569.0,2587.0,1103.0,1106.0,1109.0
11032.0,2588.0,2571.0,2570.0,1098.0,1101.0,1104.0
11029.0,2588.0,2549.0,2585.0,1102.0,1102.0,1103.0
10993.0,2582.0,2546.0,2566.0,1093.0,1099.0,1107.0
10973.0,2560.0,2554.0,2558.0,1103.0,1102.0,1096.0
11003.0,2580.0,2556.0,2571.0,1098.0,1097.0,1101.0
10960.0,2566.0,2556.0,2555.0,1094.0,1093.0,1096.0
10994.0,2563.0,2570.0,2560.0,1099.0,1093.0,1109.0
10967.0,2549.0,2574.0,2563.0,1093.0,1096.0,1092.0
11011.0,2563.0,2578.0,2567.0,1101.0,1097.0,1105.0
11082.0,2576.0,2598.0,2592.0,1106.0,1097.0,1113.0
11073.0,2583.0,2594.0,2574.0,1105.0,1107.0,1110.0
11095.0,2590.0,2584.0,2594.0,1107.0,1106.0,1114.0
11111.0,2603.0,2602.0,2584.0,1110.0,1100.0,1112.0
11118.0,2594.0,2606.0,2578.0,1110.0,1110.0,1120.0
11128.0,2595.0,2594.0,2604.0,1111.0,1112.0,1112.0
11149.0,2593.0,2607.0,2596.0,1120.0,1116.0,1117.0
11187.0,2611.0,2603.0,2612.0,1120.0,1116.0,1125.0
