demand,Demand_Retailer_0,Demand_Retailer_1,Demand_Retailer_2,Demand_Retailer_3,Demand_Retailer_4,Demand_Retailer_5
990.0,231.0,231.0,231.0,99.0,99.0,99.0
1011.0,236.0,236.0,236.0,101.0,101.0,101.0
1038.0,242.0,242.0,242.0,104.0,104.0,104.0
1057.0,246.0,246.0,247.0,106.0,106.0,106.0
1039.0,242.0,242.0,243.0,104.0,104.0,104.0
1047.0,244.0,244.0,244.0,105.0,105.0,105.0
1081.0,252.0,252.0,253.0,108.0,108.0,108.0
1099.0,256.0,256.0,257.0,110.0,110.0,110.0
1110.0,259.0,259.0,259.0,111.0,111.0,111.0
1107.0,258.0,258.0,258.0,111.0,111.0,111.0
1110.0,259.0,259.0,259.0,111.0,111.0,111.0
1110.0,259.0,259.0,259.0,111.0,111.0,111.0
1122.0,262.0,262.0,262.0,112.0,112.0,112.0
1122.0,262.0,262.0,262.0,112.0,112.0,112.0
1119.0,261.0,261.0,261.0,112.0,112.0,112.0
1131.0,264.0,264.0,264.0,113.0,113.0,113.0
1131.0,264.0,264.0,264.0,113.0,113.0,113.0
1134.0,265.0,265.0,265.0,113.0,113.0,113.0
1101.0,257.0,257.0,257.0,110.0,110.0,110.0
1119.0,261.0,261.0,261.0,112.0,112.0,112.0
1122.0,262.0,262.0,262.0,112.0,112.0,112.0
1098.0,256.0,256.0,256.0,110.0,110.0,110.0
1080.0,252.0,252.0,252.0,108.0,108.0,108.0
1057.0,246.0,246.0,247.0,106.0,106.0,106.0
1069.0,249.0,249.0,250.0,107.0,107.0,107.0
1059.0,247.0,247.0,247.0,106.0,106.0,106.0
1039.0,242.0,242.0,243.0,104.0,104.0,104.0
1038.0,242.0,242.0,242.0,104.0,104.0,104.0
1047.0,244.0,244.0,244.0,105.0,105.0,105.0
1020.0,238.0,238.0,238.0,102.0,102.0,102.0
1020.0,238.0,238.0,238.0,102.0,102.0,102.0
1008.0,235.0,235.0,235.0,101.0,101.0,101.0
993.0,232.0,232.0,232.0,99.0,99.0,99.0
987.0,230.0,230.0,230.0,99.0,99.0,99.0
979.0,228.0,228.0,229.0,98.0,98.0,98.0
990.0,231.0,231.0,231.0,99.0,99.0,99.0
969.0,226.0,226.0,226.0,97.0,97.0,97.0
979.0,228.0,228.0,229.0,98.0,98.0,98.0
972.0,227.0,227.0,227.0,97.0,97.0,97.0
981.0,229.0,229.0,229.0,98.0,98.0,98.0
987.0,230.0,230.0,230.0,99.0,99.0,99.0
987.0,230.0,230.0,230.0,99.0,99.0,99.0
999.0,233.0,233.0,233.0,100.0,100.0,100.0
990.0,231.0,231.0,231.0,99.0,99.0,99.0
1011.0,236.0,236.0,236.0,101.0,101.0,101.0
1039.0,242.0,242.0,243.0,104.0,104.0,104.0
1017.0,237.0,237.0,237.0,102.0,102.0,102.0
1029.0,240.0,240.0,240.0,103.0,103.0,103.0
1044.0,244.0,244.0,244.0,104.0,104.0,104.0
1047.0,244.0,244.0,244.0,105.0,105.0,105.0
1080.0,252.0,252.0,252.0,108.0,108.0,108.0
1101.0,257.0,257.0,257.0,110.0,110.0,110.0
1098.0,256.0,256.0,256.0,110.0,110.0,110.0
1113.0,260.0,260.0,260.0,111.0,111.0,111.0
1119.0,261.0,261.0,261.0,112.0,112.0,112.0
1140.0,266.0,266.0,266.0,114.0,114.0,114.0
1164.0,272.0,272.0,272.0,116.0,116.0,116.0
1167.0,272.0,272.0,272.0,117.0,117.0,117.0
1179.0,275.0,275.0,275.0,118.0,118.0,118.0
1203.0,281.0,281.0,281.0,120.0,120.0,120.0
1207.0,281.0,281.0,282.0,121.0,121.0,121.0
1200.0,280.0,280.0,280.0,120.0,120.0,120.0
1218.0,284.0,284.0,284.0,122.0,122.0,122.0
1239.0,289.0,289.0,289.0,124.0,124.0,124.0
1239.0,289.0,289.0,289.0,124.0,124.0,124.0
1248.0,291.0,291.0,291.0,125.0,125.0,125.0
1239.0,289.0,289.0,289.0,124.0,124.0,124.0
1227.0,286.0,286.0,286.0,123.0,123.0,123.0
1224.0,286.0,286.0,286.0,122.0,122.0,122.0
1221.0,285.0,285.0,285.0,122.0,122.0,122.0
1209.0,282.0,282.0,282.0,121.0,121.0,121.0
1218.0,284.0,284.0,284.0,122.0,122.0,122.0
1200.0,280.0,280.0,280.0,120.0,120.0,120.0
1209.0,282.0,282.0,282.0,121.0,121.0,121.0
1197.0,279.0,279.0,279.0,120.0,120.0,120.0
1179.0,275.0,275.0,275.0,118.0,118.0,118.0
1188.0,277.0,277.0,277.0,119.0,119.0,119.0
1170.0,273.0,273.0,273.0,117.0,117.0,117.0
1149.0,268.0,268.0,268.0,115.0,115.0,115.0
1152.0,269.0,269.0,269.0,115.0,115.0,115.0
1140.0,266.0,266.0,266.0,114.0,114.0,114.0
1119.0,261.0,261.0,261.0,112.0,112.0,112.0
1131.0,264.0,264.0,264.0,113.0,113.0,113.0
1104.0,258.0,258.0,258.0,110.0,110.0,110.0
1101.0,257.0,257.0,257.0,110.0,110.0,110.0
1110.0,259.0,259.0,259.0,111.0,111.0,111.0
1077.0,251.0,251.0,251.0,108.0,108.0,108.0
1101.0,257.0,257.0,257.0,110.0,110.0,110.0
1081.0,252.0,252.0,253.0,108.0,108.0,108.0
1087.0,253.0,253.0,254.0,109.0,109.0,109.0
1087.0,253.0,253.0,254.0,109.0,109.0,109.0
1089.0,254.0,254.0,254.0,109.0,109.0,109.0
1077.0,251.0,251.0,251.0,108.0,108.0,108.0
1071.0,250.0,250.0,250.0,107.0,107.0,107.0
1092.0,255.0,255.0,255.0,109.0,109.0,109.0
1110.0,259.0,259.0,259.0,111.0,111.0,111.0
1122.0,262.0,262.0,262.0,112.0,112.0,112.0
1117.0,260.0,260.0,261.0,112.0,112.0,112.0
1122.0,262.0,262.0,262.0,112.0,112.0,112.0
1152.0,269.0,269.0,269.0,115.0,115.0,115.0
1170.0,273.0,273.0,273.0,117.0,117.0,117.0
1182.0,276.0,276.0,276.0,118.0,118.0,118.0
1171.0,273.0,273.0,274.0,117.0,117.0,117.0
1188.0,277.0,277.0,277.0,119.0,119.0,119.0
1218.0,284.0,284.0,284.0,122.0,122.0,122.0
1221.0,285.0,285.0,285.0,122.0,122.0,122.0
1248.0,291.0,291.0,291.0,125.0,125.0,125.0
1251.0,292.0,292.0,292.0,125.0,125.0,125.0
1260.0,294.0,294.0,294.0,126.0,126.0,126.0
1272.0,297.0,297.0,297.0,127.0,127.0,127.0
1287.0,300.0,300.0,300.0,129.0,129.0,129.0
1308.0,305.0,305.0,305.0,131.0,131.0,131.0
1311.0,306.0,306.0,306.0,131.0,131.0,131.0
1321.0,308.0,308.0,309.0,132.0,132.0,132.0
1329.0,310.0,310.0,310.0,133.0,133.0,133.0
1321.0,308.0,308.0,309.0,132.0,132.0,132.0
1344.0,314.0,314.0,314.0,134.0,134.0,134.0
1320.0,308.0,308.0,308.0,132.0,132.0,132.0
1332.0,311.0,311.0,311.0,133.0,133.0,133.0
1332.0,311.0,311.0,311.0,133.0,133.0,133.0
1326.0,309.0,309.0,309.0,133.0,133.0,133.0
1332.0,311.0,311.0,311.0,133.0,133.0,133.0
1311.0,306.0,306.0,306.0,131.0,131.0,131.0
1338.0,312.0,312.0,312.0,134.0,134.0,134.0
1309.0,305.0,305.0,306.0,131.0,131.0,131.0
1308.0,305.0,305.0,305.0,131.0,131.0,131.0
1299.0,303.0,303.0,303.0,130.0,130.0,130.0
1290.0,301.0,301.0,301.0,129.0,129.0,129.0
1291.0,301.0,301.0,302.0,129.0,129.0,129.0
1281.0,299.0,299.0,299.0,128.0,128.0,128.0
1269.0,296.0,296.0,296.0,127.0,127.0,127.0
1251.0,292.0,292.0,292.0,125.0,125.0,125.0
1239.0,289.0,289.0,289.0,124.0,124.0,124.0
1212.0,283.0,283.0,283.0,121.0,121.0,121.0
1230.0,287.0,287.0,287.0,123.0,123.0,123.0
1197.0,279.0,279.0,279.0,120.0,120.0,120.0
1218.0,284.0,284.0,284.0,122.0,122.0,122.0
1203.0,281.0,281.0,281.0,120.0,120.0,120.0
1188.0,277.0,277.0,277.0,119.0,119.0,119.0
1182.0,276.0,276.0,276.0,118.0,118.0,118.0
1197.0,279.0,279.0,279.0,120.0,120.0,120.0
1179.0,275.0,275.0,275.0,118.0,118.0,118.0
1203.0,281.0,281.0,281.0,120.0,120.0,120.0
1182.0,276.0,276.0,276.0,118.0,118.0,118.0
1170.0,273.0,273.0,273.0,117.0,117.0,117.0
1182.0,276.0,276.0,276.0,118.0,118.0,118.0
1188.0,277.0,277.0,277.0,119.0,119.0,119.0
1191.0,278.0,278.0,278.0,119.0,119.0,119.0
1212.0,283.0,283.0,283.0,121.0,121.0,121.0
1230.0,287.0,287.0,287.0,123.0,123.0,123.0
1221.0,285.0,285.0,285.0,122.0,122.0,122.0
1251.0,292.0,292.0,292.0,125.0,125.0,125.0
1257.0,293.0,293.0,293.0,126.0,126.0,126.0
1272.0,297.0,297.0,297.0,127.0,127.0,127.0
1287.0,300.0,300.0,300.0,129.0,129.0,129.0
1299.0,303.0,303.0,303.0,130.0,130.0,130.0
1297.0,302.0,302.0,303.0,130.0,130.0,130.0
1302.0,304.0,304.0,304.0,130.0,130.0,130.0
1332.0,311.0,311.0,311.0,133.0,133.0,133.0
1359.0,317.0,317.0,317.0,136.0,136.0,136.0
1347.0,314.0,314.0,314.0,135.0,135.0,135.0
1377.0,321.0,321.0,321.0,138.0,138.0,138.0
1417.0,330.0,330.0,331.0,142.0,142.0,142.0
1413.0,330.0,330.0,330.0,141.0,141.0,141.0
1410.0,329.0,329.0,329.0,141.0,141.0,141.0
1410.0,329.0,329.0,329.0,141.0,141.0,141.0
1443.0,337.0,337.0,337.0,144.0,144.0,144.0
1422.0,332.0,332.0,332.0,142.0,142.0,142.0
1428.0,333.0,333.0,333.0,143.0,143.0,143.0
1431.0,334.0,334.0,334.0,143.0,143.0,143.0
1422.0,332.0,332.0,332.0,142.0,142.0,142.0
1456.0,339.0,339.0,340.0,146.0,146.0,146.0
1447.0,337.0,337.0,338.0,145.0,145.0,145.0
1452.0,339.0,339.0,339.0,145.0,145.0,145.0
1437.0,335.0,335.0,335.0,144.0,144.0,144.0
1413.0,330.0,330.0,330.0,141.0,141.0,141.0
1399.0,326.0,326.0,327.0,140.0,140.0,140.0
1419.0,331.0,331.0,331.0,142.0,142.0,142.0
1410.0,329.0,329.0,329.0,141.0,141.0,141.0
1381.0,322.0,322.0,323.0,138.0,138.0,138.0
1377.0,321.0,321.0,321.0,138.0,138.0,138.0
1359.0,317.0,317.0,317.0,136.0,136.0,136.0
1350.0,315.0,315.0,315.0,135.0,135.0,135.0
1366.0,318.0,318.0,319.0,137.0,137.0,137.0
1350.0,315.0,315.0,315.0,135.0,135.0,135.0
1329.0,310.0,310.0,310.0,133.0,133.0,133.0
1320.0,308.0,308.0,308.0,132.0,132.0,132.0
1323.0,309.0,309.0,309.0,132.0,132.0,132.0
1311.0,306.0,306.0,306.0,131.0,131.0,131.0
1326.0,309.0,309.0,309.0,133.0,133.0,133.0
1299.0,303.0,303.0,303.0,130.0,130.0,130.0
1284.0,300.0,300.0,300.0,128.0,128.0,128.0
1297.0,302.0,302.0,303.0,130.0,130.0,130.0
1272.0,297.0,297.0,297.0,127.0,127.0,127.0
1278.0,298.0,298.0,298.0,128.0,128.0,128.0
1302.0,304.0,304.0,304.0,130.0,130.0,130.0
1297.0,302.0,302.0,303.0,130.0,130.0,130.0
1291.0,301.0,301.0,302.0,129.0,129.0,129.0
1329.0,310.0,310.0,310.0,133.0,133.0,133.0
1297.0,302.0,302.0,303.0,130.0,130.0,130.0
1308.0,305.0,305.0,305.0,131.0,131.0,131.0
1309.0,305.0,305.0,306.0,131.0,131.0,131.0
1359.0,317.0,317.0,317.0,136.0,136.0,136.0
1357.0,316.0,316.0,317.0,136.0,136.0,136.0
1368.0,319.0,319.0,319.0,137.0,137.0,137.0
1377.0,321.0,321.0,321.0,138.0,138.0,138.0
1383.0,323.0,323.0,323.0,138.0,138.0,138.0
1398.0,326.0,326.0,326.0,140.0,140.0,140.0
1422.0,332.0,332.0,332.0,142.0,142.0,142.0
1419.0,331.0,331.0,331.0,142.0,142.0,142.0
1443.0,337.0,337.0,337.0,144.0,144.0,144.0
1441.0,336.0,336.0,337.0,144.0,144.0,144.0
1488.0,347.0,347.0,347.0,149.0,149.0,149.0
1507.0,351.0,351.0,352.0,151.0,151.0,151.0
1500.0,350.0,350.0,350.0,150.0,150.0,150.0
1500.0,350.0,350.0,350.0,150.0,150.0,150.0
1512.0,353.0,353.0,353.0,151.0,151.0,151.0
1518.0,354.0,354.0,354.0,152.0,152.0,152.0
1527.0,356.0,356.0,356.0,153.0,153.0,153.0
1542.0,360.0,360.0,360.0,154.0,154.0,154.0
1542.0,360.0,360.0,360.0,154.0,154.0,154.0
1548.0,361.0,361.0,361.0,155.0,155.0,155.0
1548.0,361.0,361.0,361.0,155.0,155.0,155.0
1530.0,357.0,357.0,357.0,153.0,153.0,153.0
1542.0,360.0,360.0,360.0,154.0,154.0,154.0
1542.0,360.0,360.0,360.0,154.0,154.0,154.0
1530.0,357.0,357.0,357.0,153.0,153.0,153.0
1530.0,357.0,357.0,357.0,153.0,153.0,153.0
1509.0,352.0,352.0,352.0,151.0,151.0,151.0
1521.0,355.0,355.0,355.0,152.0,152.0,152.0
1497.0,349.0,349.0,349.0,150.0,150.0,150.0
1482.0,346.0,346.0,346.0,148.0,148.0,148.0
1489.0,347.0,347.0,348.0,149.0,149.0,149.0
1482.0,346.0,346.0,346.0,148.0,148.0,148.0
1476.0,344.0,344.0,344.0,148.0,148.0,148.0
1449.0,338.0,338.0,338.0,145.0,145.0,145.0
1431.0,334.0,334.0,334.0,143.0,143.0,143.0
1431.0,334.0,334.0,334.0,143.0,143.0,143.0
1431.0,334.0,334.0,334.0,143.0,143.0,143.0
1437.0,335.0,335.0,335.0,144.0,144.0,144.0
1419.0,331.0,331.0,331.0,142.0,142.0,142.0
1387.0,323.0,323.0,324.0,139.0,139.0,139.0
1401.0,327.0,327.0,327.0,140.0,140.0,140.0
1398.0,326.0,326.0,326.0,140.0,140.0,140.0
1389.0,324.0,324.0,324.0,139.0,139.0,139.0
1387.0,323.0,323.0,324.0,139.0,139.0,139.0
1398.0,326.0,326.0,326.0,140.0,140.0,140.0
1387.0,323.0,323.0,324.0,139.0,139.0,139.0
1389.0,324.0,324.0,324.0,139.0,139.0,139.0
1389.0,324.0,324.0,324.0,139.0,139.0,139.0
1401.0,327.0,327.0,327.0,140.0,140.0,140.0
1417.0,330.0,330.0,331.0,142.0,142.0,142.0
1419.0,331.0,331.0,331.0,142.0,142.0,142.0
1419.0,331.0,331.0,331.0,142.0,142.0,142.0
1449.0,338.0,338.0,338.0,145.0,145.0,145.0
1467.0,342.0,342.0,342.0,147.0,147.0,147.0
1470.0,343.0,343.0,343.0,147.0,147.0,147.0
1482.0,346.0,346.0,346.0,148.0,148.0,148.0
1482.0,346.0,346.0,346.0,148.0,148.0,148.0
1509.0,352.0,352.0,352.0,151.0,151.0,151.0
1518.0,354.0,354.0,354.0,152.0,152.0,152.0
1527.0,356.0,356.0,356.0,153.0,153.0,153.0
1542.0,360.0,360.0,360.0,154.0,154.0,154.0
1566.0,365.0,365.0,365.0,157.0,157.0,157.0
1579.0,368.0,368.0,369.0,158.0,158.0,158.0
1587.0,370.0,370.0,370.0,159.0,159.0,159.0
1620.0,378.0,378.0,378.0,162.0,162.0,162.0
1614.0,377.0,377.0,377.0,161.0,161.0,161.0
1620.0,378.0,378.0,378.0,162.0,162.0,162.0
1650.0,385.0,385.0,385.0,165.0,165.0,165.0
1647.0,384.0,384.0,384.0,165.0,165.0,165.0
1629.0,380.0,380.0,380.0,163.0,163.0,163.0
1650.0,385.0,385.0,385.0,165.0,165.0,165.0
1650.0,385.0,385.0,385.0,165.0,165.0,165.0
1650.0,385.0,385.0,385.0,165.0,165.0,165.0
1629.0,380.0,380.0,380.0,163.0,163.0,163.0
1638.0,382.0,382.0,382.0,164.0,164.0,164.0
1636.0,381.0,381.0,382.0,164.0,164.0,164.0
1641.0,383.0,383.0,383.0,164.0,164.0,164.0
1629.0,380.0,380.0,380.0,163.0,163.0,163.0
1608.0,375.0,375.0,375.0,161.0,161.0,161.0
1629.0,380.0,380.0,380.0,163.0,163.0,163.0
1612.0,376.0,376.0,377.0,161.0,161.0,161.0
1602.0,374.0,374.0,374.0,160.0,160.0,160.0
1590.0,371.0,371.0,371.0,159.0,159.0,159.0
1599.0,373.0,373.0,373.0,160.0,160.0,160.0
1582.0,369.0,369.0,370.0,158.0,158.0,158.0
1551.0,362.0,362.0,362.0,155.0,155.0,155.0
1557.0,363.0,363.0,363.0,156.0,156.0,156.0
1539.0,359.0,359.0,359.0,154.0,154.0,154.0
1531.0,357.0,357.0,358.0,153.0,153.0,153.0
1509.0,352.0,352.0,352.0,151.0,151.0,151.0
1491.0,348.0,348.0,348.0,149.0,149.0,149.0
1524.0,356.0,356.0,356.0,152.0,152.0,152.0
1489.0,347.0,347.0,348.0,149.0,149.0,149.0
1497.0,349.0,349.0,349.0,150.0,150.0,150.0
1482.0,346.0,346.0,346.0,148.0,148.0,148.0
1497.0,349.0,349.0,349.0,150.0,150.0,150.0
1482.0,346.0,346.0,346.0,148.0,148.0,148.0
1500.0,350.0,350.0,350.0,150.0,150.0,150.0
1521.0,355.0,355.0,355.0,152.0,152.0,152.0
1509.0,352.0,352.0,352.0,151.0,151.0,151.0
1503.0,351.0,351.0,351.0,150.0,150.0,150.0
1512.0,353.0,353.0,353.0,151.0,151.0,151.0
1524.0,356.0,356.0,356.0,152.0,152.0,152.0
1560.0,364.0,364.0,364.0,156.0,156.0,156.0
1539.0,359.0,359.0,359.0,154.0,154.0,154.0
1552.0,362.0,362.0,363.0,155.0,155.0,155.0
1569.0,366.0,366.0,366.0,157.0,157.0,157.0
1576.0,367.0,367.0,368.0,158.0,158.0,158.0
1593.0,372.0,372.0,372.0,159.0,159.0,159.0
1602.0,374.0,374.0,374.0,160.0,160.0,160.0
1614.0,377.0,377.0,377.0,161.0,161.0,161.0
1641.0,383.0,383.0,383.0,164.0,164.0,164.0
1653.0,386.0,386.0,386.0,165.0,165.0,165.0
1659.0,387.0,387.0,387.0,166.0,166.0,166.0
1692.0,395.0,395.0,395.0,169.0,169.0,169.0
1680.0,392.0,392.0,392.0,168.0,168.0,168.0
1710.0,399.0,399.0,399.0,171.0,171.0,171.0
1722.0,402.0,402.0,402.0,172.0,172.0,172.0
1747.0,407.0,407.0,408.0,175.0,175.0,175.0
1732.0,404.0,404.0,405.0,173.0,173.0,173.0
1707.0,398.0,398.0,398.0,171.0,171.0,171.0
1749.0,408.0,408.0,408.0,175.0,175.0,175.0
1740.0,406.0,406.0,406.0,174.0,174.0,174.0
1749.0,408.0,408.0,408.0,175.0,175.0,175.0
1752.0,409.0,409.0,409.0,175.0,175.0,175.0
1752.0,409.0,409.0,409.0,175.0,175.0,175.0
1749.0,408.0,408.0,408.0,175.0,175.0,175.0
1747.0,407.0,407.0,408.0,175.0,175.0,175.0
1749.0,408.0,408.0,408.0,175.0,175.0,175.0
1752.0,409.0,409.0,409.0,175.0,175.0,175.0
1740.0,406.0,406.0,406.0,174.0,174.0,174.0
1737.0,405.0,405.0,405.0,174.0,174.0,174.0
1710.0,399.0,399.0,399.0,171.0,171.0,171.0
1704.0,398.0,398.0,398.0,170.0,170.0,170.0
1698.0,396.0,396.0,396.0,170.0,170.0,170.0
1680.0,392.0,392.0,392.0,168.0,168.0,168.0
1680.0,392.0,392.0,392.0,168.0,168.0,168.0
1662.0,388.0,388.0,388.0,166.0,166.0,166.0
1647.0,384.0,384.0,384.0,165.0,165.0,165.0
1632.0,381.0,381.0,381.0,163.0,163.0,163.0
1647.0,384.0,384.0,384.0,165.0,165.0,165.0
1608.0,375.0,375.0,375.0,161.0,161.0,161.0
1621.0,378.0,378.0,379.0,162.0,162.0,162.0
1626.0,379.0,379.0,379.0,163.0,163.0,163.0
1602.0,374.0,374.0,374.0,160.0,160.0,160.0
1590.0,371.0,371.0,371.0,159.0,159.0,159.0
1602.0,374.0,374.0,374.0,160.0,160.0,160.0
1593.0,372.0,372.0,372.0,159.0,159.0,159.0
1597.0,372.0,372.0,373.0,160.0,160.0,160.0
1602.0,374.0,374.0,374.0,160.0,160.0,160.0
1608.0,375.0,375.0,375.0,161.0,161.0,161.0
1629.0,380.0,380.0,380.0,163.0,163.0,163.0
1617.0,377.0,377.0,377.0,162.0,162.0,162.0
1642.0,383.0,383.0,384.0,164.0,164.0,164.0
1632.0,381.0,381.0,381.0,163.0,163.0,163.0
1632.0,381.0,381.0,381.0,163.0,163.0,163.0
1653.0,386.0,386.0,386.0,165.0,165.0,165.0
1659.0,387.0,387.0,387.0,166.0,166.0,166.0
1689.0,394.0,394.0,394.0,169.0,169.0,169.0
1689.0,394.0,394.0,394.0,169.0,169.0,169.0
1701.0,397.0,397.0,397.0,170.0,170.0,170.0
1716.0,400.0,400.0,400.0,172.0,172.0,172.0
1731.0,404.0,404.0,404.0,173.0,173.0,173.0
1740.0,406.0,406.0,406.0,174.0,174.0,174.0
1767.0,412.0,412.0,412.0,177.0,177.0,177.0
1762.0,411.0,411.0,412.0,176.0,176.0,176.0
1770.0,413.0,413.0,413.0,177.0,177.0,177.0
1809.0,422.0,422.0,422.0,181.0,181.0,181.0
1812.0,423.0,423.0,423.0,181.0,181.0,181.0
1816.0,423.0,423.0,424.0,182.0,182.0,182.0
1842.0,430.0,430.0,430.0,184.0,184.0,184.0
1854.0,433.0,433.0,433.0,185.0,185.0,185.0
1860.0,434.0,434.0,434.0,186.0,186.0,186.0
1842.0,430.0,430.0,430.0,184.0,184.0,184.0
1860.0,434.0,434.0,434.0,186.0,186.0,186.0
1869.0,436.0,436.0,436.0,187.0,187.0,187.0
1852.0,432.0,432.0,433.0,185.0,185.0,185.0
1851.0,432.0,432.0,432.0,185.0,185.0,185.0
1860.0,434.0,434.0,434.0,186.0,186.0,186.0
1848.0,431.0,431.0,431.0,185.0,185.0,185.0
1848.0,431.0,431.0,431.0,185.0,185.0,185.0
1849.0,431.0,431.0,432.0,185.0,185.0,185.0
1857.0,433.0,433.0,433.0,186.0,186.0,186.0
1827.0,426.0,426.0,426.0,183.0,183.0,183.0
1821.0,425.0,425.0,425.0,182.0,182.0,182.0
1827.0,426.0,426.0,426.0,183.0,183.0,183.0
1803.0,421.0,421.0,421.0,180.0,180.0,180.0
1789.0,417.0,417.0,418.0,179.0,179.0,179.0
1788.0,417.0,417.0,417.0,179.0,179.0,179.0
1764.0,412.0,412.0,412.0,176.0,176.0,176.0
1749.0,408.0,408.0,408.0,175.0,175.0,175.0
1761.0,411.0,411.0,411.0,176.0,176.0,176.0
1740.0,406.0,406.0,406.0,174.0,174.0,174.0
1740.0,406.0,406.0,406.0,174.0,174.0,174.0
1722.0,402.0,402.0,402.0,172.0,172.0,172.0
1731.0,404.0,404.0,404.0,173.0,173.0,173.0
1707.0,398.0,398.0,398.0,171.0,171.0,171.0
1707.0,398.0,398.0,398.0,171.0,171.0,171.0
1681.0,392.0,392.0,393.0,168.0,168.0,168.0
1707.0,398.0,398.0,398.0,171.0,171.0,171.0
1719.0,401.0,401.0,401.0,172.0,172.0,172.0
1689.0,394.0,394.0,394.0,169.0,169.0,169.0
1710.0,399.0,399.0,399.0,171.0,171.0,171.0
1722.0,402.0,402.0,402.0,172.0,172.0,172.0
1729.0,403.0,403.0,404.0,173.0,173.0,173.0
1728.0,403.0,403.0,403.0,173.0,173.0,173.0
1731.0,404.0,404.0,404.0,173.0,173.0,173.0
1758.0,410.0,410.0,410.0,176.0,176.0,176.0
1749.0,408.0,408.0,408.0,175.0,175.0,175.0
1767.0,412.0,412.0,412.0,177.0,177.0,177.0
1770.0,413.0,413.0,413.0,177.0,177.0,177.0
1789.0,417.0,417.0,418.0,179.0,179.0,179.0
1812.0,423.0,423.0,423.0,181.0,181.0,181.0
1797.0,419.0,419.0,419.0,180.0,180.0,180.0
1848.0,431.0,431.0,431.0,185.0,185.0,185.0
1851.0,432.0,432.0,432.0,185.0,185.0,185.0
1872.0,437.0,437.0,437.0,187.0,187.0,187.0
1878.0,438.0,438.0,438.0,188.0,188.0,188.0
1902.0,444.0,444.0,444.0,190.0,190.0,190.0
1911.0,446.0,446.0,446.0,191.0,191.0,191.0
1908.0,445.0,445.0,445.0,191.0,191.0,191.0
1917.0,447.0,447.0,447.0,192.0,192.0,192.0
1932.0,451.0,451.0,451.0,193.0,193.0,193.0
1926.0,449.0,449.0,449.0,193.0,193.0,193.0
1951.0,455.0,455.0,456.0,195.0,195.0,195.0
1953.0,456.0,456.0,456.0,195.0,195.0,195.0
1960.0,457.0,457.0,458.0,196.0,196.0,196.0
1962.0,458.0,458.0,458.0,196.0,196.0,196.0
1944.0,454.0,454.0,454.0,194.0,194.0,194.0
1947.0,454.0,454.0,454.0,195.0,195.0,195.0
1959.0,457.0,457.0,457.0,196.0,196.0,196.0
1941.0,453.0,453.0,453.0,194.0,194.0,194.0
1960.0,457.0,457.0,458.0,196.0,196.0,196.0
1950.0,455.0,455.0,455.0,195.0,195.0,195.0
1926.0,449.0,449.0,449.0,193.0,193.0,193.0
1932.0,451.0,451.0,451.0,193.0,193.0,193.0
1906.0,444.0,444.0,445.0,191.0,191.0,191.0
1912.0,446.0,446.0,447.0,191.0,191.0,191.0
1908.0,445.0,445.0,445.0,191.0,191.0,191.0
1896.0,442.0,442.0,442.0,190.0,190.0,190.0
1881.0,439.0,439.0,439.0,188.0,188.0,188.0
1890.0,441.0,441.0,441.0,189.0,189.0,189.0
1860.0,434.0,434.0,434.0,186.0,186.0,186.0
1863.0,435.0,435.0,435.0,186.0,186.0,186.0
1849.0,431.0,431.0,432.0,185.0,185.0,185.0
1833.0,428.0,428.0,428.0,183.0,183.0,183.0
1822.0,425.0,425.0,426.0,182.0,182.0,182.0
1809.0,422.0,422.0,422.0,181.0,181.0,181.0
1821.0,425.0,425.0,425.0,182.0,182.0,182.0
1812.0,423.0,423.0,423.0,181.0,181.0,181.0
1824.0,426.0,426.0,426.0,182.0,182.0,182.0
1819.0,424.0,424.0,425.0,182.0,182.0,182.0
1812.0,423.0,423.0,423.0,181.0,181.0,181.0
1800.0,420.0,420.0,420.0,180.0,180.0,180.0
1806.0,421.0,421.0,421.0,181.0,181.0,181.0
1809.0,422.0,422.0,422.0,181.0,181.0,181.0
1833.0,428.0,428.0,428.0,183.0,183.0,183.0
1821.0,425.0,425.0,425.0,182.0,182.0,182.0
1827.0,426.0,426.0,426.0,183.0,183.0,183.0
1851.0,432.0,432.0,432.0,185.0,185.0,185.0
1867.0,435.0,435.0,436.0,187.0,187.0,187.0
1882.0,439.0,439.0,440.0,188.0,188.0,188.0
1867.0,435.0,435.0,436.0,187.0,187.0,187.0
1902.0,444.0,444.0,444.0,190.0,190.0,190.0
1899.0,443.0,443.0,443.0,190.0,190.0,190.0
1927.0,449.0,449.0,450.0,193.0,193.0,193.0
1938.0,452.0,452.0,452.0,194.0,194.0,194.0
1938.0,452.0,452.0,452.0,194.0,194.0,194.0
1959.0,457.0,457.0,457.0,196.0,196.0,196.0
1971.0,460.0,460.0,460.0,197.0,197.0,197.0
1992.0,465.0,465.0,465.0,199.0,199.0,199.0
1996.0,465.0,465.0,466.0,200.0,200.0,200.0
2020.0,471.0,471.0,472.0,202.0,202.0,202.0
2031.0,474.0,474.0,474.0,203.0,203.0,203.0
2032.0,474.0,474.0,475.0,203.0,203.0,203.0
2041.0,476.0,476.0,477.0,204.0,204.0,204.0
2058.0,480.0,480.0,480.0,206.0,206.0,206.0
2052.0,479.0,479.0,479.0,205.0,205.0,205.0
2037.0,475.0,475.0,475.0,204.0,204.0,204.0
2070.0,483.0,483.0,483.0,207.0,207.0,207.0
2071.0,483.0,483.0,484.0,207.0,207.0,207.0
2071.0,483.0,483.0,484.0,207.0,207.0,207.0
2061.0,481.0,481.0,481.0,206.0,206.0,206.0
2067.0,482.0,482.0,482.0,207.0,207.0,207.0
2059.0,480.0,480.0,481.0,206.0,206.0,206.0
2058.0,480.0,480.0,480.0,206.0,206.0,206.0
2019.0,471.0,471.0,471.0,202.0,202.0,202.0
2043.0,477.0,477.0,477.0,204.0,204.0,204.0
2013.0,470.0,470.0,470.0,201.0,201.0,201.0
2022.0,472.0,472.0,472.0,202.0,202.0,202.0
2002.0,467.0,467.0,468.0,200.0,200.0,200.0
2001.0,467.0,467.0,467.0,200.0,200.0,200.0
1980.0,462.0,462.0,462.0,198.0,198.0,198.0
1989.0,464.0,464.0,464.0,199.0,199.0,199.0
1987.0,463.0,463.0,464.0,199.0,199.0,199.0
1968.0,459.0,459.0,459.0,197.0,197.0,197.0
1944.0,454.0,454.0,454.0,194.0,194.0,194.0
1959.0,457.0,457.0,457.0,196.0,196.0,196.0
1942.0,453.0,453.0,454.0,194.0,194.0,194.0
1941.0,453.0,453.0,453.0,194.0,194.0,194.0
1936.0,451.0,451.0,452.0,194.0,194.0,194.0
1920.0,448.0,448.0,448.0,192.0,192.0,192.0
1926.0,449.0,449.0,449.0,193.0,193.0,193.0
1912.0,446.0,446.0,447.0,191.0,191.0,191.0
1902.0,444.0,444.0,444.0,190.0,190.0,190.0
1923.0,449.0,449.0,449.0,192.0,192.0,192.0
1902.0,444.0,444.0,444.0,190.0,190.0,190.0
1902.0,444.0,444.0,444.0,190.0,190.0,190.0
1917.0,447.0,447.0,447.0,192.0,192.0,192.0
1944.0,454.0,454.0,454.0,194.0,194.0,194.0
1942.0,453.0,453.0,454.0,194.0,194.0,194.0
1951.0,455.0,455.0,456.0,195.0,195.0,195.0
1956.0,456.0,456.0,456.0,196.0,196.0,196.0
1962.0,458.0,458.0,458.0,196.0,196.0,196.0
1996.0,465.0,465.0,466.0,200.0,200.0,200.0
2001.0,467.0,467.0,467.0,200.0,200.0,200.0
2010.0,469.0,469.0,469.0,201.0,201.0,201.0
2022.0,472.0,472.0,472.0,202.0,202.0,202.0
2049.0,478.0,478.0,478.0,205.0,205.0,205.0
2061.0,481.0,481.0,481.0,206.0,206.0,206.0
2082.0,486.0,486.0,486.0,208.0,208.0,208.0
2079.0,485.0,485.0,485.0,208.0,208.0,208.0
2100.0,490.0,490.0,490.0,210.0,210.0,210.0
2121.0,495.0,495.0,495.0,212.0,212.0,212.0
2109.0,492.0,492.0,492.0,211.0,211.0,211.0
2130.0,497.0,497.0,497.0,213.0,213.0,213.0
2121.0,495.0,495.0,495.0,212.0,212.0,212.0
2157.0,503.0,503.0,503.0,216.0,216.0,216.0
2142.0,500.0,500.0,500.0,214.0,214.0,214.0
2160.0,504.0,504.0,504.0,216.0,216.0,216.0
2166.0,505.0,505.0,505.0,217.0,217.0,217.0
2169.0,506.0,506.0,506.0,217.0,217.0,217.0
2160.0,504.0,504.0,504.0,216.0,216.0,216.0
2169.0,506.0,506.0,506.0,217.0,217.0,217.0
2160.0,504.0,504.0,504.0,216.0,216.0,216.0
2169.0,506.0,506.0,506.0,217.0,217.0,217.0
2157.0,503.0,503.0,503.0,216.0,216.0,216.0
2142.0,500.0,500.0,500.0,214.0,214.0,214.0
2157.0,503.0,503.0,503.0,216.0,216.0,216.0
2133.0,498.0,498.0,498.0,213.0,213.0,213.0
2127.0,496.0,496.0,496.0,213.0,213.0,213.0
2127.0,496.0,496.0,496.0,213.0,213.0,213.0
2100.0,490.0,490.0,490.0,210.0,210.0,210.0
2094.0,489.0,489.0,489.0,209.0,209.0,209.0
2076.0,484.0,484.0,484.0,208.0,208.0,208.0
2082.0,486.0,486.0,486.0,208.0,208.0,208.0
2058.0,480.0,480.0,480.0,206.0,206.0,206.0
2070.0,483.0,483.0,483.0,207.0,207.0,207.0
2067.0,482.0,482.0,482.0,207.0,207.0,207.0
2052.0,479.0,479.0,479.0,205.0,205.0,205.0
2022.0,472.0,472.0,472.0,202.0,202.0,202.0
2026.0,472.0,472.0,473.0,203.0,203.0,203.0
2022.0,472.0,472.0,472.0,202.0,202.0,202.0
2016.0,470.0,470.0,470.0,202.0,202.0,202.0
2019.0,471.0,471.0,471.0,202.0,202.0,202.0
2031.0,474.0,474.0,474.0,203.0,203.0,203.0
2007.0,468.0,468.0,468.0,201.0,201.0,201.0
2017.0,470.0,470.0,471.0,202.0,202.0,202.0
2019.0,471.0,471.0,471.0,202.0,202.0,202.0
2026.0,472.0,472.0,473.0,203.0,203.0,203.0
2019.0,471.0,471.0,471.0,202.0,202.0,202.0
2040.0,476.0,476.0,476.0,204.0,204.0,204.0
2058.0,480.0,480.0,480.0,206.0,206.0,206.0
2058.0,480.0,480.0,480.0,206.0,206.0,206.0
2067.0,482.0,482.0,482.0,207.0,207.0,207.0
2071.0,483.0,483.0,484.0,207.0,207.0,207.0
2067.0,482.0,482.0,482.0,207.0,207.0,207.0
2107.0,491.0,491.0,492.0,211.0,211.0,211.0
2133.0,498.0,498.0,498.0,213.0,213.0,213.0
2136.0,498.0,498.0,498.0,214.0,214.0,214.0
2148.0,501.0,501.0,501.0,215.0,215.0,215.0
2157.0,503.0,503.0,503.0,216.0,216.0,216.0
2190.0,511.0,511.0,511.0,219.0,219.0,219.0
2166.0,505.0,505.0,505.0,217.0,217.0,217.0
2202.0,514.0,514.0,514.0,220.0,220.0,220.0
2196.0,512.0,512.0,512.0,220.0,220.0,220.0
2217.0,517.0,517.0,517.0,222.0,222.0,222.0
2241.0,523.0,523.0,523.0,224.0,224.0,224.0
2250.0,525.0,525.0,525.0,225.0,225.0,225.0
2259.0,527.0,527.0,527.0,226.0,226.0,226.0
2236.0,521.0,521.0,522.0,224.0,224.0,224.0
2268.0,529.0,529.0,529.0,227.0,227.0,227.0
2250.0,525.0,525.0,525.0,225.0,225.0,225.0
2250.0,525.0,525.0,525.0,225.0,225.0,225.0
2277.0,531.0,531.0,531.0,228.0,228.0,228.0
2244.0,524.0,524.0,524.0,224.0,224.0,224.0
2256.0,526.0,526.0,526.0,226.0,226.0,226.0
2259.0,527.0,527.0,527.0,226.0,226.0,226.0
2259.0,527.0,527.0,527.0,226.0,226.0,226.0
2250.0,525.0,525.0,525.0,225.0,225.0,225.0
2260.0,527.0,527.0,528.0,226.0,226.0,226.0
2250.0,525.0,525.0,525.0,225.0,225.0,225.0
2250.0,525.0,525.0,525.0,225.0,225.0,225.0
2221.0,518.0,518.0,519.0,222.0,222.0,222.0
2208.0,515.0,515.0,515.0,221.0,221.0,221.0
2196.0,512.0,512.0,512.0,220.0,220.0,220.0
2190.0,511.0,511.0,511.0,219.0,219.0,219.0
2193.0,512.0,512.0,512.0,219.0,219.0,219.0
2169.0,506.0,506.0,506.0,217.0,217.0,217.0
2170.0,506.0,506.0,507.0,217.0,217.0,217.0
2176.0,507.0,507.0,508.0,218.0,218.0,218.0
2151.0,502.0,502.0,502.0,215.0,215.0,215.0
2127.0,496.0,496.0,496.0,213.0,213.0,213.0
2130.0,497.0,497.0,497.0,213.0,213.0,213.0
2148.0,501.0,501.0,501.0,215.0,215.0,215.0
2121.0,495.0,495.0,495.0,212.0,212.0,212.0
2103.0,491.0,491.0,491.0,210.0,210.0,210.0
2118.0,494.0,494.0,494.0,212.0,212.0,212.0
2118.0,494.0,494.0,494.0,212.0,212.0,212.0
2118.0,494.0,494.0,494.0,212.0,212.0,212.0
2112.0,493.0,493.0,493.0,211.0,211.0,211.0
2137.0,498.0,498.0,499.0,214.0,214.0,214.0
2131.0,497.0,497.0,498.0,213.0,213.0,213.0
2148.0,501.0,501.0,501.0,215.0,215.0,215.0
2142.0,500.0,500.0,500.0,214.0,214.0,214.0
2139.0,499.0,499.0,499.0,214.0,214.0,214.0
2184.0,510.0,510.0,510.0,218.0,218.0,218.0
2190.0,511.0,511.0,511.0,219.0,219.0,219.0
2196.0,512.0,512.0,512.0,220.0,220.0,220.0
2217.0,517.0,517.0,517.0,222.0,222.0,222.0
2212.0,516.0,516.0,517.0,221.0,221.0,221.0
2250.0,525.0,525.0,525.0,225.0,225.0,225.0
2238.0,522.0,522.0,522.0,224.0,224.0,224.0
2256.0,526.0,526.0,526.0,226.0,226.0,226.0
2286.0,533.0,533.0,533.0,229.0,229.0,229.0
2296.0,535.0,535.0,536.0,230.0,230.0,230.0
2298.0,536.0,536.0,536.0,230.0,230.0,230.0
2313.0,540.0,540.0,540.0,231.0,231.0,231.0
2337.0,545.0,545.0,545.0,234.0,234.0,234.0
2331.0,544.0,544.0,544.0,233.0,233.0,233.0
2343.0,547.0,547.0,547.0,234.0,234.0,234.0
2343.0,547.0,547.0,547.0,234.0,234.0,234.0
2361.0,551.0,551.0,551.0,236.0,236.0,236.0
2349.0,548.0,548.0,548.0,235.0,235.0,235.0
2370.0,553.0,553.0,553.0,237.0,237.0,237.0
2358.0,550.0,550.0,550.0,236.0,236.0,236.0
2361.0,551.0,551.0,551.0,236.0,236.0,236.0
2377.0,554.0,554.0,555.0,238.0,238.0,238.0
2389.0,557.0,557.0,558.0,239.0,239.0,239.0
2368.0,552.0,552.0,553.0,237.0,237.0,237.0
2373.0,554.0,554.0,554.0,237.0,237.0,237.0
2358.0,550.0,550.0,550.0,236.0,236.0,236.0
2358.0,550.0,550.0,550.0,236.0,236.0,236.0
2350.0,548.0,548.0,549.0,235.0,235.0,235.0
2337.0,545.0,545.0,545.0,234.0,234.0,234.0
2346.0,547.0,547.0,547.0,235.0,235.0,235.0
2313.0,540.0,540.0,540.0,231.0,231.0,231.0
2310.0,539.0,539.0,539.0,231.0,231.0,231.0
2301.0,537.0,537.0,537.0,230.0,230.0,230.0
2280.0,532.0,532.0,532.0,228.0,228.0,228.0
2277.0,531.0,531.0,531.0,228.0,228.0,228.0
2296.0,535.0,535.0,536.0,230.0,230.0,230.0
2268.0,529.0,529.0,529.0,227.0,227.0,227.0
2268.0,529.0,529.0,529.0,227.0,227.0,227.0
2271.0,530.0,530.0,530.0,227.0,227.0,227.0
2253.0,526.0,526.0,526.0,225.0,225.0,225.0
2247.0,524.0,524.0,524.0,225.0,225.0,225.0
2241.0,523.0,523.0,523.0,224.0,224.0,224.0
2229.0,520.0,520.0,520.0,223.0,223.0,223.0
2211.0,516.0,516.0,516.0,221.0,221.0,221.0
2208.0,515.0,515.0,515.0,221.0,221.0,221.0
2220.0,518.0,518.0,518.0,222.0,222.0,222.0
2247.0,524.0,524.0,524.0,225.0,225.0,225.0
2229.0,520.0,520.0,520.0,223.0,223.0,223.0
2256.0,526.0,526.0,526.0,226.0,226.0,226.0
2242.0,523.0,523.0,524.0,224.0,224.0,224.0
2244.0,524.0,524.0,524.0,224.0,224.0,224.0
2262.0,528.0,528.0,528.0,226.0,226.0,226.0
2298.0,536.0,536.0,536.0,230.0,230.0,230.0
2283.0,533.0,533.0,533.0,228.0,228.0,228.0
2289.0,534.0,534.0,534.0,229.0,229.0,229.0
2328.0,543.0,543.0,543.0,233.0,233.0,233.0
2332.0,544.0,544.0,545.0,233.0,233.0,233.0
2341.0,546.0,546.0,547.0,234.0,234.0,234.0
2358.0,550.0,550.0,550.0,236.0,236.0,236.0
2352.0,549.0,549.0,549.0,235.0,235.0,235.0
2382.0,556.0,556.0,556.0,238.0,238.0,238.0
2391.0,558.0,558.0,558.0,239.0,239.0,239.0
2409.0,562.0,562.0,562.0,241.0,241.0,241.0
2430.0,567.0,567.0,567.0,243.0,243.0,243.0
2439.0,569.0,569.0,569.0,244.0,244.0,244.0
2460.0,574.0,574.0,574.0,246.0,246.0,246.0
2439.0,569.0,569.0,569.0,244.0,244.0,244.0
2463.0,575.0,575.0,575.0,246.0,246.0,246.0
2469.0,576.0,576.0,576.0,247.0,247.0,247.0
2481.0,579.0,579.0,579.0,248.0,248.0,248.0
2484.0,580.0,580.0,580.0,248.0,248.0,248.0
2488.0,580.0,580.0,581.0,249.0,249.0,249.0
2488.0,580.0,580.0,581.0,249.0,249.0,249.0
2478.0,578.0,578.0,578.0,248.0,248.0,248.0
2461.0,574.0,574.0,575.0,246.0,246.0,246.0
2457.0,573.0,573.0,573.0,246.0,246.0,246.0
2460.0,574.0,574.0,574.0,246.0,246.0,246.0
2449.0,571.0,571.0,572.0,245.0,245.0,245.0
2461.0,574.0,574.0,575.0,246.0,246.0,246.0
2452.0,572.0,572.0,573.0,245.0,245.0,245.0
2436.0,568.0,568.0,568.0,244.0,244.0,244.0
2448.0,571.0,571.0,571.0,245.0,245.0,245.0
2428.0,566.0,566.0,567.0,243.0,243.0,243.0
2412.0,563.0,563.0,563.0,241.0,241.0,241.0
2409.0,562.0,562.0,562.0,241.0,241.0,241.0
2382.0,556.0,556.0,556.0,238.0,238.0,238.0
2376.0,554.0,554.0,554.0,238.0,238.0,238.0
2367.0,552.0,552.0,552.0,237.0,237.0,237.0
2361.0,551.0,551.0,551.0,236.0,236.0,236.0
2364.0,552.0,552.0,552.0,236.0,236.0,236.0
2364.0,552.0,552.0,552.0,236.0,236.0,236.0
2340.0,546.0,546.0,546.0,234.0,234.0,234.0
2322.0,542.0,542.0,542.0,232.0,232.0,232.0
2331.0,544.0,544.0,544.0,233.0,233.0,233.0
2340.0,546.0,546.0,546.0,234.0,234.0,234.0
2319.0,541.0,541.0,541.0,232.0,232.0,232.0
2328.0,543.0,543.0,543.0,233.0,233.0,233.0
2329.0,543.0,543.0,544.0,233.0,233.0,233.0
2331.0,544.0,544.0,544.0,233.0,233.0,233.0
2361.0,551.0,551.0,551.0,236.0,236.0,236.0
2346.0,547.0,547.0,547.0,235.0,235.0,235.0
2352.0,549.0,549.0,549.0,235.0,235.0,235.0
2352.0,549.0,549.0,549.0,235.0,235.0,235.0
2352.0,549.0,549.0,549.0,235.0,235.0,235.0
2370.0,553.0,553.0,553.0,237.0,237.0,237.0
2400.0,560.0,560.0,560.0,240.0,240.0,240.0
2386.0,556.0,556.0,557.0,239.0,239.0,239.0
2412.0,563.0,563.0,563.0,241.0,241.0,241.0
2421.0,565.0,565.0,565.0,242.0,242.0,242.0
2440.0,569.0,569.0,570.0,244.0,244.0,244.0
2460.0,574.0,574.0,574.0,246.0,246.0,246.0
2472.0,577.0,577.0,577.0,247.0,247.0,247.0
2463.0,575.0,575.0,575.0,246.0,246.0,246.0
2472.0,577.0,577.0,577.0,247.0,247.0,247.0
2509.0,585.0,585.0,586.0,251.0,251.0,251.0
2512.0,586.0,586.0,587.0,251.0,251.0,251.0
2548.0,594.0,594.0,595.0,255.0,255.0,255.0
2538.0,592.0,592.0,592.0,254.0,254.0,254.0
2557.0,596.0,596.0,597.0,256.0,256.0,256.0
2571.0,600.0,600.0,600.0,257.0,257.0,257.0
2578.0,601.0,601.0,602.0,258.0,258.0,258.0
2578.0,601.0,601.0,602.0,258.0,258.0,258.0
2589.0,604.0,604.0,604.0,259.0,259.0,259.0
2581.0,602.0,602.0,603.0,258.0,258.0,258.0
2601.0,607.0,607.0,607.0,260.0,260.0,260.0
2589.0,604.0,604.0,604.0,259.0,259.0,259.0
2572.0,600.0,600.0,601.0,257.0,257.0,257.0
2571.0,600.0,600.0,600.0,257.0,257.0,257.0
2562.0,598.0,598.0,598.0,256.0,256.0,256.0
2568.0,599.0,599.0,599.0,257.0,257.0,257.0
2556.0,596.0,596.0,596.0,256.0,256.0,256.0
2551.0,595.0,595.0,596.0,255.0,255.0,255.0
2548.0,594.0,594.0,595.0,255.0,255.0,255.0
2538.0,592.0,592.0,592.0,254.0,254.0,254.0
2538.0,592.0,592.0,592.0,254.0,254.0,254.0
2529.0,590.0,590.0,590.0,253.0,253.0,253.0
2529.0,590.0,590.0,590.0,253.0,253.0,253.0
2509.0,585.0,585.0,586.0,251.0,251.0,251.0
2493.0,582.0,582.0,582.0,249.0,249.0,249.0
2460.0,574.0,574.0,574.0,246.0,246.0,246.0
2460.0,574.0,574.0,574.0,246.0,246.0,246.0
2469.0,576.0,576.0,576.0,247.0,247.0,247.0
2458.0,573.0,573.0,574.0,246.0,246.0,246.0
2442.0,570.0,570.0,570.0,244.0,244.0,244.0
2442.0,570.0,570.0,570.0,244.0,244.0,244.0
2439.0,569.0,569.0,569.0,244.0,244.0,244.0
2424.0,566.0,566.0,566.0,242.0,242.0,242.0
2457.0,573.0,573.0,573.0,246.0,246.0,246.0
2433.0,568.0,568.0,568.0,243.0,243.0,243.0
2430.0,567.0,567.0,567.0,243.0,243.0,243.0
2436.0,568.0,568.0,568.0,244.0,244.0,244.0
2451.0,572.0,572.0,572.0,245.0,245.0,245.0
2442.0,570.0,570.0,570.0,244.0,244.0,244.0
2467.0,575.0,575.0,576.0,247.0,247.0,247.0
2460.0,574.0,574.0,574.0,246.0,246.0,246.0
2481.0,579.0,579.0,579.0,248.0,248.0,248.0
2496.0,582.0,582.0,582.0,250.0,250.0,250.0
2488.0,580.0,580.0,581.0,249.0,249.0,249.0
2502.0,584.0,584.0,584.0,250.0,250.0,250.0
2511.0,586.0,586.0,586.0,251.0,251.0,251.0
2529.0,590.0,590.0,590.0,253.0,253.0,253.0
2532.0,591.0,591.0,591.0,253.0,253.0,253.0
2559.0,597.0,597.0,597.0,256.0,256.0,256.0
2589.0,604.0,604.0,604.0,259.0,259.0,259.0
2562.0,598.0,598.0,598.0,256.0,256.0,256.0
2626.0,612.0,612.0,613.0,263.0,263.0,263.0
2622.0,612.0,612.0,612.0,262.0,262.0,262.0
2628.0,613.0,613.0,613.0,263.0,263.0,263.0
2649.0,618.0,618.0,618.0,265.0,265.0,265.0
2649.0,618.0,618.0,618.0,265.0,265.0,265.0
2652.0,619.0,619.0,619.0,265.0,265.0,265.0
2661.0,621.0,621.0,621.0,266.0,266.0,266.0
2682.0,626.0,626.0,626.0,268.0,268.0,268.0
2691.0,628.0,628.0,628.0,269.0,269.0,269.0
2682.0,626.0,626.0,626.0,268.0,268.0,268.0
2682.0,626.0,626.0,626.0,268.0,268.0,268.0
2682.0,626.0,626.0,626.0,268.0,268.0,268.0
2697.0,629.0,629.0,629.0,270.0,270.0,270.0
2700.0,630.0,630.0,630.0,270.0,270.0,270.0
2709.0,632.0,632.0,632.0,271.0,271.0,271.0
2670.0,623.0,623.0,623.0,267.0,267.0,267.0
2691.0,628.0,628.0,628.0,269.0,269.0,269.0
2668.0,622.0,622.0,623.0,267.0,267.0,267.0
2688.0,627.0,627.0,627.0,269.0,269.0,269.0
2662.0,621.0,621.0,622.0,266.0,266.0,266.0
2641.0,616.0,616.0,617.0,264.0,264.0,264.0
2619.0,611.0,611.0,611.0,262.0,262.0,262.0
2619.0,611.0,611.0,611.0,262.0,262.0,262.0
2610.0,609.0,609.0,609.0,261.0,261.0,261.0
2598.0,606.0,606.0,606.0,260.0,260.0,260.0
2586.0,603.0,603.0,603.0,259.0,259.0,259.0
2562.0,598.0,598.0,598.0,256.0,256.0,256.0
2571.0,600.0,600.0,600.0,257.0,257.0,257.0
2571.0,600.0,600.0,600.0,257.0,257.0,257.0
2538.0,592.0,592.0,592.0,254.0,254.0,254.0
2568.0,599.0,599.0,599.0,257.0,257.0,257.0
2553.0,596.0,596.0,596.0,255.0,255.0,255.0
2541.0,593.0,593.0,593.0,254.0,254.0,254.0
2539.0,592.0,592.0,593.0,254.0,254.0,254.0
2536.0,591.0,591.0,592.0,254.0,254.0,254.0
2547.0,594.0,594.0,594.0,255.0,255.0,255.0
2523.0,589.0,589.0,589.0,252.0,252.0,252.0
2532.0,591.0,591.0,591.0,253.0,253.0,253.0
2541.0,593.0,593.0,593.0,254.0,254.0,254.0
2547.0,594.0,594.0,594.0,255.0,255.0,255.0
2571.0,600.0,600.0,600.0,257.0,257.0,257.0
2571.0,600.0,600.0,600.0,257.0,257.0,257.0
2583.0,603.0,603.0,603.0,258.0,258.0,258.0
2583.0,603.0,603.0,603.0,258.0,258.0,258.0
2589.0,604.0,604.0,604.0,259.0,259.0,259.0
2617.0,610.0,610.0,611.0,262.0,262.0,262.0
2622.0,612.0,612.0,612.0,262.0,262.0,262.0
2632.0,614.0,614.0,615.0,263.0,263.0,263.0
2646.0,617.0,617.0,617.0,265.0,265.0,265.0
2667.0,622.0,622.0,622.0,267.0,267.0,267.0
2671.0,623.0,623.0,624.0,267.0,267.0,267.0
2700.0,630.0,630.0,630.0,270.0,270.0,270.0
2712.0,633.0,633.0,633.0,271.0,271.0,271.0
2721.0,635.0,635.0,635.0,272.0,272.0,272.0
2724.0,636.0,636.0,636.0,272.0,272.0,272.0
2739.0,639.0,639.0,639.0,274.0,274.0,274.0
2751.0,642.0,642.0,642.0,275.0,275.0,275.0
2782.0,649.0,649.0,650.0,278.0,278.0,278.0
2769.0,646.0,646.0,646.0,277.0,277.0,277.0
2791.0,651.0,651.0,652.0,279.0,279.0,279.0
2769.0,646.0,646.0,646.0,277.0,277.0,277.0
2772.0,647.0,647.0,647.0,277.0,277.0,277.0
2784.0,650.0,650.0,650.0,278.0,278.0,278.0
2790.0,651.0,651.0,651.0,279.0,279.0,279.0
2790.0,651.0,651.0,651.0,279.0,279.0,279.0
2797.0,652.0,652.0,653.0,280.0,280.0,280.0
2781.0,649.0,649.0,649.0,278.0,278.0,278.0
2788.0,650.0,650.0,651.0,279.0,279.0,279.0
2760.0,644.0,644.0,644.0,276.0,276.0,276.0
2766.0,645.0,645.0,645.0,277.0,277.0,277.0
2767.0,645.0,645.0,646.0,277.0,277.0,277.0
2751.0,642.0,642.0,642.0,275.0,275.0,275.0
2740.0,639.0,639.0,640.0,274.0,274.0,274.0
2721.0,635.0,635.0,635.0,272.0,272.0,272.0
2742.0,640.0,640.0,640.0,274.0,274.0,274.0
2718.0,634.0,634.0,634.0,272.0,272.0,272.0
2703.0,631.0,631.0,631.0,270.0,270.0,270.0
2680.0,625.0,625.0,626.0,268.0,268.0,268.0
2709.0,632.0,632.0,632.0,271.0,271.0,271.0
2673.0,624.0,624.0,624.0,267.0,267.0,267.0
2668.0,622.0,622.0,623.0,267.0,267.0,267.0
2661.0,621.0,621.0,621.0,266.0,266.0,266.0
2661.0,621.0,621.0,621.0,266.0,266.0,266.0
2656.0,619.0,619.0,620.0,266.0,266.0,266.0
2656.0,619.0,619.0,620.0,266.0,266.0,266.0
2640.0,616.0,616.0,616.0,264.0,264.0,264.0
2652.0,619.0,619.0,619.0,265.0,265.0,265.0
2652.0,619.0,619.0,619.0,265.0,265.0,265.0
2658.0,620.0,620.0,620.0,266.0,266.0,266.0
2652.0,619.0,619.0,619.0,265.0,265.0,265.0
2661.0,621.0,621.0,621.0,266.0,266.0,266.0
2652.0,619.0,619.0,619.0,265.0,265.0,265.0
2679.0,625.0,625.0,625.0,268.0,268.0,268.0
2658.0,620.0,620.0,620.0,266.0,266.0,266.0
2691.0,628.0,628.0,628.0,269.0,269.0,269.0
2679.0,625.0,625.0,625.0,268.0,268.0,268.0
2697.0,629.0,629.0,629.0,270.0,270.0,270.0
2731.0,637.0,637.0,638.0,273.0,273.0,273.0
2733.0,638.0,638.0,638.0,273.0,273.0,273.0
2740.0,639.0,639.0,640.0,274.0,274.0,274.0
2758.0,643.0,643.0,644.0,276.0,276.0,276.0
2758.0,643.0,643.0,644.0,276.0,276.0,276.0
2763.0,645.0,645.0,645.0,276.0,276.0,276.0
2814.0,657.0,657.0,657.0,281.0,281.0,281.0
2808.0,655.0,655.0,655.0,281.0,281.0,281.0
2821.0,658.0,658.0,659.0,282.0,282.0,282.0
2811.0,656.0,656.0,656.0,281.0,281.0,281.0
2842.0,663.0,663.0,664.0,284.0,284.0,284.0
2866.0,668.0,668.0,669.0,287.0,287.0,287.0
2866.0,668.0,668.0,669.0,287.0,287.0,287.0
2878.0,671.0,671.0,672.0,288.0,288.0,288.0
2892.0,675.0,675.0,675.0,289.0,289.0,289.0
2889.0,674.0,674.0,674.0,289.0,289.0,289.0
2869.0,669.0,669.0,670.0,287.0,287.0,287.0
2872.0,670.0,670.0,671.0,287.0,287.0,287.0
2898.0,676.0,676.0,676.0,290.0,290.0,290.0
2917.0,680.0,680.0,681.0,292.0,292.0,292.0
2877.0,671.0,671.0,671.0,288.0,288.0,288.0
2899.0,676.0,676.0,677.0,290.0,290.0,290.0
2877.0,671.0,671.0,671.0,288.0,288.0,288.0
2887.0,673.0,673.0,674.0,289.0,289.0,289.0
2880.0,672.0,672.0,672.0,288.0,288.0,288.0
2859.0,667.0,667.0,667.0,286.0,286.0,286.0
2856.0,666.0,666.0,666.0,286.0,286.0,286.0
2841.0,663.0,663.0,663.0,284.0,284.0,284.0
2847.0,664.0,664.0,664.0,285.0,285.0,285.0
2838.0,662.0,662.0,662.0,284.0,284.0,284.0
2832.0,661.0,661.0,661.0,283.0,283.0,283.0
2799.0,653.0,653.0,653.0,280.0,280.0,280.0
2799.0,653.0,653.0,653.0,280.0,280.0,280.0
2790.0,651.0,651.0,651.0,279.0,279.0,279.0
2790.0,651.0,651.0,651.0,279.0,279.0,279.0
2800.0,653.0,653.0,654.0,280.0,280.0,280.0
2761.0,644.0,644.0,645.0,276.0,276.0,276.0
2754.0,643.0,643.0,643.0,275.0,275.0,275.0
2772.0,647.0,647.0,647.0,277.0,277.0,277.0
2760.0,644.0,644.0,644.0,276.0,276.0,276.0
2767.0,645.0,645.0,646.0,277.0,277.0,277.0
2751.0,642.0,642.0,642.0,275.0,275.0,275.0
2757.0,643.0,643.0,643.0,276.0,276.0,276.0
2763.0,645.0,645.0,645.0,276.0,276.0,276.0
2742.0,640.0,640.0,640.0,274.0,274.0,274.0
2760.0,644.0,644.0,644.0,276.0,276.0,276.0
2769.0,646.0,646.0,646.0,277.0,277.0,277.0
2769.0,646.0,646.0,646.0,277.0,277.0,277.0
2763.0,645.0,645.0,645.0,276.0,276.0,276.0
2781.0,649.0,649.0,649.0,278.0,278.0,278.0
2797.0,652.0,652.0,653.0,280.0,280.0,280.0
2800.0,653.0,653.0,654.0,280.0,280.0,280.0
2797.0,652.0,652.0,653.0,280.0,280.0,280.0
2832.0,661.0,661.0,661.0,283.0,283.0,283.0
2851.0,665.0,665.0,666.0,285.0,285.0,285.0
2850.0,665.0,665.0,665.0,285.0,285.0,285.0
2871.0,670.0,670.0,670.0,287.0,287.0,287.0
2887.0,673.0,673.0,674.0,289.0,289.0,289.0
2908.0,678.0,678.0,679.0,291.0,291.0,291.0
2904.0,678.0,678.0,678.0,290.0,290.0,290.0
2922.0,682.0,682.0,682.0,292.0,292.0,292.0
2938.0,685.0,685.0,686.0,294.0,294.0,294.0
2943.0,687.0,687.0,687.0,294.0,294.0,294.0
2958.0,690.0,690.0,690.0,296.0,296.0,296.0
2940.0,686.0,686.0,686.0,294.0,294.0,294.0
2977.0,694.0,694.0,695.0,298.0,298.0,298.0
2979.0,695.0,695.0,695.0,298.0,298.0,298.0
2991.0,698.0,698.0,698.0,299.0,299.0,299.0
3001.0,700.0,700.0,701.0,300.0,300.0,300.0
3012.0,703.0,703.0,703.0,301.0,301.0,301.0
3000.0,700.0,700.0,700.0,300.0,300.0,300.0
3007.0,701.0,701.0,702.0,301.0,301.0,301.0
3021.0,705.0,705.0,705.0,302.0,302.0,302.0
2988.0,697.0,697.0,697.0,299.0,299.0,299.0
2991.0,698.0,698.0,698.0,299.0,299.0,299.0
2988.0,697.0,697.0,697.0,299.0,299.0,299.0
2968.0,692.0,692.0,693.0,297.0,297.0,297.0
2976.0,694.0,694.0,694.0,298.0,298.0,298.0
2961.0,691.0,691.0,691.0,296.0,296.0,296.0
2949.0,688.0,688.0,688.0,295.0,295.0,295.0
2949.0,688.0,688.0,688.0,295.0,295.0,295.0
2938.0,685.0,685.0,686.0,294.0,294.0,294.0
2908.0,678.0,678.0,679.0,291.0,291.0,291.0
2922.0,682.0,682.0,682.0,292.0,292.0,292.0
2907.0,678.0,678.0,678.0,291.0,291.0,291.0
2910.0,679.0,679.0,679.0,291.0,291.0,291.0
2859.0,667.0,667.0,667.0,286.0,286.0,286.0
2880.0,672.0,672.0,672.0,288.0,288.0,288.0
2868.0,669.0,669.0,669.0,287.0,287.0,287.0
2862.0,668.0,668.0,668.0,286.0,286.0,286.0
2862.0,668.0,668.0,668.0,286.0,286.0,286.0
2859.0,667.0,667.0,667.0,286.0,286.0,286.0
2850.0,665.0,665.0,665.0,285.0,285.0,285.0
2839.0,662.0,662.0,663.0,284.0,284.0,284.0
2830.0,660.0,660.0,661.0,283.0,283.0,283.0
2851.0,665.0,665.0,666.0,285.0,285.0,285.0
2841.0,663.0,663.0,663.0,284.0,284.0,284.0
2842.0,663.0,663.0,664.0,284.0,284.0,284.0
2868.0,669.0,669.0,669.0,287.0,287.0,287.0
2890.0,674.0,674.0,675.0,289.0,289.0,289.0
2872.0,670.0,670.0,671.0,287.0,287.0,287.0
2883.0,673.0,673.0,673.0,288.0,288.0,288.0
2908.0,678.0,678.0,679.0,291.0,291.0,291.0
2919.0,681.0,681.0,681.0,292.0,292.0,292.0
2913.0,680.0,680.0,680.0,291.0,291.0,291.0
2941.0,686.0,686.0,687.0,294.0,294.0,294.0
2937.0,685.0,685.0,685.0,294.0,294.0,294.0
2962.0,691.0,691.0,692.0,296.0,296.0,296.0
2961.0,691.0,691.0,691.0,296.0,296.0,296.0
2998.0,699.0,699.0,700.0,300.0,300.0,300.0
3000.0,700.0,700.0,700.0,300.0,300.0,300.0
3000.0,700.0,700.0,700.0,300.0,300.0,300.0
3027.0,706.0,706.0,706.0,303.0,303.0,303.0
3039.0,709.0,709.0,709.0,304.0,304.0,304.0
3042.0,710.0,710.0,710.0,304.0,304.0,304.0
3069.0,716.0,716.0,716.0,307.0,307.0,307.0
3072.0,717.0,717.0,717.0,307.0,307.0,307.0
3082.0,719.0,719.0,720.0,308.0,308.0,308.0
3076.0,717.0,717.0,718.0,308.0,308.0,308.0
3093.0,722.0,722.0,722.0,309.0,309.0,309.0
3087.0,720.0,720.0,720.0,309.0,309.0,309.0
3106.0,724.0,724.0,725.0,311.0,311.0,311.0
3102.0,724.0,724.0,724.0,310.0,310.0,310.0
3114.0,727.0,727.0,727.0,311.0,311.0,311.0
3102.0,724.0,724.0,724.0,310.0,310.0,310.0
3117.0,727.0,727.0,727.0,312.0,312.0,312.0
3102.0,724.0,724.0,724.0,310.0,310.0,310.0
3088.0,720.0,720.0,721.0,309.0,309.0,309.0
3081.0,719.0,719.0,719.0,308.0,308.0,308.0
3076.0,717.0,717.0,718.0,308.0,308.0,308.0
3067.0,715.0,715.0,716.0,307.0,307.0,307.0
3066.0,715.0,715.0,715.0,307.0,307.0,307.0
3048.0,711.0,711.0,711.0,305.0,305.0,305.0
3010.0,702.0,702.0,703.0,301.0,301.0,301.0
3033.0,708.0,708.0,708.0,303.0,303.0,303.0
3021.0,705.0,705.0,705.0,302.0,302.0,302.0
3021.0,705.0,705.0,705.0,302.0,302.0,302.0
2991.0,698.0,698.0,698.0,299.0,299.0,299.0
2998.0,699.0,699.0,700.0,300.0,300.0,300.0
2989.0,697.0,697.0,698.0,299.0,299.0,299.0
2973.0,694.0,694.0,694.0,297.0,297.0,297.0
2991.0,698.0,698.0,698.0,299.0,299.0,299.0
2952.0,689.0,689.0,689.0,295.0,295.0,295.0
2952.0,689.0,689.0,689.0,295.0,295.0,295.0
2958.0,690.0,690.0,690.0,296.0,296.0,296.0
2959.0,690.0,690.0,691.0,296.0,296.0,296.0
2949.0,688.0,688.0,688.0,295.0,295.0,295.0
2959.0,690.0,690.0,691.0,296.0,296.0,296.0
2973.0,694.0,694.0,694.0,297.0,297.0,297.0
2958.0,690.0,690.0,690.0,296.0,296.0,296.0
2968.0,692.0,692.0,693.0,297.0,297.0,297.0
2982.0,696.0,696.0,696.0,298.0,298.0,298.0
2988.0,697.0,697.0,697.0,299.0,299.0,299.0
3003.0,701.0,701.0,701.0,300.0,300.0,300.0
2994.0,699.0,699.0,699.0,299.0,299.0,299.0
3027.0,706.0,706.0,706.0,303.0,303.0,303.0
3031.0,707.0,707.0,708.0,303.0,303.0,303.0
3036.0,708.0,708.0,708.0,304.0,304.0,304.0
3051.0,712.0,712.0,712.0,305.0,305.0,305.0
3087.0,720.0,720.0,720.0,309.0,309.0,309.0
3069.0,716.0,716.0,716.0,307.0,307.0,307.0
3111.0,726.0,726.0,726.0,311.0,311.0,311.0
3114.0,727.0,727.0,727.0,311.0,311.0,311.0
3127.0,729.0,729.0,730.0,313.0,313.0,313.0
3139.0,732.0,732.0,733.0,314.0,314.0,314.0
3136.0,731.0,731.0,732.0,314.0,314.0,314.0
3157.0,736.0,736.0,737.0,316.0,316.0,316.0
3159.0,737.0,737.0,737.0,316.0,316.0,316.0
3177.0,741.0,741.0,741.0,318.0,318.0,318.0
3198.0,746.0,746.0,746.0,320.0,320.0,320.0
3183.0,743.0,743.0,743.0,318.0,318.0,318.0
3210.0,749.0,749.0,749.0,321.0,321.0,321.0
3198.0,746.0,746.0,746.0,320.0,320.0,320.0
3201.0,747.0,747.0,747.0,320.0,320.0,320.0
3201.0,747.0,747.0,747.0,320.0,320.0,320.0
3201.0,747.0,747.0,747.0,320.0,320.0,320.0
3211.0,749.0,749.0,750.0,321.0,321.0,321.0
3189.0,744.0,744.0,744.0,319.0,319.0,319.0
3183.0,743.0,743.0,743.0,318.0,318.0,318.0
3190.0,744.0,744.0,745.0,319.0,319.0,319.0
3210.0,749.0,749.0,749.0,321.0,321.0,321.0
3171.0,740.0,740.0,740.0,317.0,317.0,317.0
3157.0,736.0,736.0,737.0,316.0,316.0,316.0
3168.0,739.0,739.0,739.0,317.0,317.0,317.0
3142.0,733.0,733.0,734.0,314.0,314.0,314.0
3138.0,732.0,732.0,732.0,314.0,314.0,314.0
3141.0,733.0,733.0,733.0,314.0,314.0,314.0
3141.0,733.0,733.0,733.0,314.0,314.0,314.0
3111.0,726.0,726.0,726.0,311.0,311.0,311.0
3102.0,724.0,724.0,724.0,310.0,310.0,310.0
3081.0,719.0,719.0,719.0,308.0,308.0,308.0
3087.0,720.0,720.0,720.0,309.0,309.0,309.0
3058.0,713.0,713.0,714.0,306.0,306.0,306.0
3060.0,714.0,714.0,714.0,306.0,306.0,306.0
3072.0,717.0,717.0,717.0,307.0,307.0,307.0
3058.0,713.0,713.0,714.0,306.0,306.0,306.0
3051.0,712.0,712.0,712.0,305.0,305.0,305.0
3067.0,715.0,715.0,716.0,307.0,307.0,307.0
3036.0,708.0,708.0,708.0,304.0,304.0,304.0
3072.0,717.0,717.0,717.0,307.0,307.0,307.0
3079.0,718.0,718.0,719.0,308.0,308.0,308.0
3069.0,716.0,716.0,716.0,307.0,307.0,307.0
3072.0,717.0,717.0,717.0,307.0,307.0,307.0
3090.0,721.0,721.0,721.0,309.0,309.0,309.0
3081.0,719.0,719.0,719.0,308.0,308.0,308.0
3090.0,721.0,721.0,721.0,309.0,309.0,309.0
3114.0,727.0,727.0,727.0,311.0,311.0,311.0
3123.0,729.0,729.0,729.0,312.0,312.0,312.0
3126.0,729.0,729.0,729.0,313.0,313.0,313.0
3129.0,730.0,730.0,730.0,313.0,313.0,313.0
3139.0,732.0,732.0,733.0,314.0,314.0,314.0
3172.0,740.0,740.0,741.0,317.0,317.0,317.0
3174.0,741.0,741.0,741.0,317.0,317.0,317.0
3198.0,746.0,746.0,746.0,320.0,320.0,320.0
3202.0,747.0,747.0,748.0,320.0,320.0,320.0
3219.0,751.0,751.0,751.0,322.0,322.0,322.0
3256.0,759.0,759.0,760.0,326.0,326.0,326.0
3249.0,758.0,758.0,758.0,325.0,325.0,325.0
3270.0,763.0,763.0,763.0,327.0,327.0,327.0
3273.0,764.0,764.0,764.0,327.0,327.0,327.0
3291.0,768.0,768.0,768.0,329.0,329.0,329.0
3297.0,769.0,769.0,769.0,330.0,330.0,330.0
3288.0,767.0,767.0,767.0,329.0,329.0,329.0
3309.0,772.0,772.0,772.0,331.0,331.0,331.0
3312.0,773.0,773.0,773.0,331.0,331.0,331.0
3301.0,770.0,770.0,771.0,330.0,330.0,330.0
3312.0,773.0,773.0,773.0,331.0,331.0,331.0
3301.0,770.0,770.0,771.0,330.0,330.0,330.0
3301.0,770.0,770.0,771.0,330.0,330.0,330.0
3312.0,773.0,773.0,773.0,331.0,331.0,331.0
3306.0,771.0,771.0,771.0,331.0,331.0,331.0
3292.0,768.0,768.0,769.0,329.0,329.0,329.0
3289.0,767.0,767.0,768.0,329.0,329.0,329.0
3273.0,764.0,764.0,764.0,327.0,327.0,327.0
3270.0,763.0,763.0,763.0,327.0,327.0,327.0
3259.0,760.0,760.0,761.0,326.0,326.0,326.0
3252.0,759.0,759.0,759.0,325.0,325.0,325.0
3240.0,756.0,756.0,756.0,324.0,324.0,324.0
3228.0,753.0,753.0,753.0,323.0,323.0,323.0
3231.0,754.0,754.0,754.0,323.0,323.0,323.0
3249.0,758.0,758.0,758.0,325.0,325.0,325.0
3207.0,748.0,748.0,748.0,321.0,321.0,321.0
3183.0,743.0,743.0,743.0,318.0,318.0,318.0
3181.0,742.0,742.0,743.0,318.0,318.0,318.0
3198.0,746.0,746.0,746.0,320.0,320.0,320.0
3162.0,738.0,738.0,738.0,316.0,316.0,316.0
3180.0,742.0,742.0,742.0,318.0,318.0,318.0
3183.0,743.0,743.0,743.0,318.0,318.0,318.0
3148.0,734.0,734.0,735.0,315.0,315.0,315.0
3162.0,738.0,738.0,738.0,316.0,316.0,316.0
3168.0,739.0,739.0,739.0,317.0,317.0,317.0
3153.0,736.0,736.0,736.0,315.0,315.0,315.0
3174.0,741.0,741.0,741.0,317.0,317.0,317.0
3157.0,736.0,736.0,737.0,316.0,316.0,316.0
3180.0,742.0,742.0,742.0,318.0,318.0,318.0
3183.0,743.0,743.0,743.0,318.0,318.0,318.0
3190.0,744.0,744.0,745.0,319.0,319.0,319.0
3201.0,747.0,747.0,747.0,320.0,320.0,320.0
3198.0,746.0,746.0,746.0,320.0,320.0,320.0
3229.0,753.0,753.0,754.0,323.0,323.0,323.0
3231.0,754.0,754.0,754.0,323.0,323.0,323.0
3232.0,754.0,754.0,755.0,323.0,323.0,323.0
3267.0,762.0,762.0,762.0,327.0,327.0,327.0
3276.0,764.0,764.0,764.0,328.0,328.0,328.0
3273.0,764.0,764.0,764.0,327.0,327.0,327.0
3298.0,769.0,769.0,770.0,330.0,330.0,330.0
3322.0,775.0,775.0,776.0,332.0,332.0,332.0
3312.0,773.0,773.0,773.0,331.0,331.0,331.0
3333.0,778.0,778.0,778.0,333.0,333.0,333.0
3358.0,783.0,783.0,784.0,336.0,336.0,336.0
3357.0,783.0,783.0,783.0,336.0,336.0,336.0
3367.0,785.0,785.0,786.0,337.0,337.0,337.0
3381.0,789.0,789.0,789.0,338.0,338.0,338.0
3399.0,793.0,793.0,793.0,340.0,340.0,340.0
3411.0,796.0,796.0,796.0,341.0,341.0,341.0
3403.0,794.0,794.0,795.0,340.0,340.0,340.0
3408.0,795.0,795.0,795.0,341.0,341.0,341.0
3402.0,794.0,794.0,794.0,340.0,340.0,340.0
3432.0,801.0,801.0,801.0,343.0,343.0,343.0
3420.0,798.0,798.0,798.0,342.0,342.0,342.0
3403.0,794.0,794.0,795.0,340.0,340.0,340.0
3409.0,795.0,795.0,796.0,341.0,341.0,341.0
3408.0,795.0,795.0,795.0,341.0,341.0,341.0
3396.0,792.0,792.0,792.0,340.0,340.0,340.0
3382.0,789.0,789.0,790.0,338.0,338.0,338.0
3391.0,791.0,791.0,792.0,339.0,339.0,339.0
3378.0,788.0,788.0,788.0,338.0,338.0,338.0
3376.0,787.0,787.0,788.0,338.0,338.0,338.0
3369.0,786.0,786.0,786.0,337.0,337.0,337.0
3342.0,780.0,780.0,780.0,334.0,334.0,334.0
3337.0,778.0,778.0,779.0,334.0,334.0,334.0
3333.0,778.0,778.0,778.0,333.0,333.0,333.0
3318.0,774.0,774.0,774.0,332.0,332.0,332.0
3307.0,771.0,771.0,772.0,331.0,331.0,331.0
3316.0,773.0,773.0,774.0,332.0,332.0,332.0
3291.0,768.0,768.0,768.0,329.0,329.0,329.0
3283.0,766.0,766.0,767.0,328.0,328.0,328.0
3270.0,763.0,763.0,763.0,327.0,327.0,327.0
3280.0,765.0,765.0,766.0,328.0,328.0,328.0
3258.0,760.0,760.0,760.0,326.0,326.0,326.0
3289.0,767.0,767.0,768.0,329.0,329.0,329.0
3252.0,759.0,759.0,759.0,325.0,325.0,325.0
3264.0,762.0,762.0,762.0,326.0,326.0,326.0
3246.0,757.0,757.0,757.0,325.0,325.0,325.0
3279.0,765.0,765.0,765.0,328.0,328.0,328.0
3249.0,758.0,758.0,758.0,325.0,325.0,325.0
3289.0,767.0,767.0,768.0,329.0,329.0,329.0
3273.0,764.0,764.0,764.0,327.0,327.0,327.0
3291.0,768.0,768.0,768.0,329.0,329.0,329.0
3291.0,768.0,768.0,768.0,329.0,329.0,329.0
3318.0,774.0,774.0,774.0,332.0,332.0,332.0
3342.0,780.0,780.0,780.0,334.0,334.0,334.0
3343.0,780.0,780.0,781.0,334.0,334.0,334.0
3357.0,783.0,783.0,783.0,336.0,336.0,336.0
3369.0,786.0,786.0,786.0,337.0,337.0,337.0
3384.0,790.0,790.0,790.0,338.0,338.0,338.0
3402.0,794.0,794.0,794.0,340.0,340.0,340.0
3399.0,793.0,793.0,793.0,340.0,340.0,340.0
3411.0,796.0,796.0,796.0,341.0,341.0,341.0
3432.0,801.0,801.0,801.0,343.0,343.0,343.0
3453.0,806.0,806.0,806.0,345.0,345.0,345.0
3471.0,810.0,810.0,810.0,347.0,347.0,347.0
3468.0,809.0,809.0,809.0,347.0,347.0,347.0
3478.0,811.0,811.0,812.0,348.0,348.0,348.0
3486.0,813.0,813.0,813.0,349.0,349.0,349.0
3478.0,811.0,811.0,812.0,348.0,348.0,348.0
3487.0,813.0,813.0,814.0,349.0,349.0,349.0
3529.0,823.0,823.0,824.0,353.0,353.0,353.0
3511.0,819.0,819.0,820.0,351.0,351.0,351.0
3511.0,819.0,819.0,820.0,351.0,351.0,351.0
3519.0,821.0,821.0,821.0,352.0,352.0,352.0
3513.0,820.0,820.0,820.0,351.0,351.0,351.0
3528.0,823.0,823.0,823.0,353.0,353.0,353.0
3528.0,823.0,823.0,823.0,353.0,353.0,353.0
3510.0,819.0,819.0,819.0,351.0,351.0,351.0
3508.0,818.0,818.0,819.0,351.0,351.0,351.0
3472.0,810.0,810.0,811.0,347.0,347.0,347.0
3489.0,814.0,814.0,814.0,349.0,349.0,349.0
3480.0,812.0,812.0,812.0,348.0,348.0,348.0
3477.0,811.0,811.0,811.0,348.0,348.0,348.0
3469.0,809.0,809.0,810.0,347.0,347.0,347.0
3436.0,801.0,801.0,802.0,344.0,344.0,344.0
3450.0,805.0,805.0,805.0,345.0,345.0,345.0
3423.0,799.0,799.0,799.0,342.0,342.0,342.0
3421.0,798.0,798.0,799.0,342.0,342.0,342.0
3411.0,796.0,796.0,796.0,341.0,341.0,341.0
3387.0,790.0,790.0,790.0,339.0,339.0,339.0
3418.0,797.0,797.0,798.0,342.0,342.0,342.0
3399.0,793.0,793.0,793.0,340.0,340.0,340.0
3370.0,786.0,786.0,787.0,337.0,337.0,337.0
3372.0,787.0,787.0,787.0,337.0,337.0,337.0
3363.0,785.0,785.0,785.0,336.0,336.0,336.0
3376.0,787.0,787.0,788.0,338.0,338.0,338.0
3369.0,786.0,786.0,786.0,337.0,337.0,337.0
3366.0,785.0,785.0,785.0,337.0,337.0,337.0
3370.0,786.0,786.0,787.0,337.0,337.0,337.0
3381.0,789.0,789.0,789.0,338.0,338.0,338.0
3363.0,785.0,785.0,785.0,336.0,336.0,336.0
3378.0,788.0,788.0,788.0,338.0,338.0,338.0
3379.0,788.0,788.0,789.0,338.0,338.0,338.0
3408.0,795.0,795.0,795.0,341.0,341.0,341.0
3396.0,792.0,792.0,792.0,340.0,340.0,340.0
3430.0,800.0,800.0,801.0,343.0,343.0,343.0
3429.0,800.0,800.0,800.0,343.0,343.0,343.0
3436.0,801.0,801.0,802.0,344.0,344.0,344.0
3441.0,803.0,803.0,803.0,344.0,344.0,344.0
3462.0,808.0,808.0,808.0,346.0,346.0,346.0
3483.0,813.0,813.0,813.0,348.0,348.0,348.0
3498.0,816.0,816.0,816.0,350.0,350.0,350.0
3513.0,820.0,820.0,820.0,351.0,351.0,351.0
3531.0,824.0,824.0,824.0,353.0,353.0,353.0
3529.0,823.0,823.0,824.0,353.0,353.0,353.0
3558.0,830.0,830.0,830.0,356.0,356.0,356.0
3543.0,827.0,827.0,827.0,354.0,354.0,354.0
3576.0,834.0,834.0,834.0,358.0,358.0,358.0
3564.0,832.0,832.0,832.0,356.0,356.0,356.0
3598.0,839.0,839.0,840.0,360.0,360.0,360.0
3600.0,840.0,840.0,840.0,360.0,360.0,360.0
3618.0,844.0,844.0,844.0,362.0,362.0,362.0
3618.0,844.0,844.0,844.0,362.0,362.0,362.0
3612.0,843.0,843.0,843.0,361.0,361.0,361.0
3621.0,845.0,845.0,845.0,362.0,362.0,362.0
3630.0,847.0,847.0,847.0,363.0,363.0,363.0
3646.0,850.0,850.0,851.0,365.0,365.0,365.0
3624.0,846.0,846.0,846.0,362.0,362.0,362.0
3618.0,844.0,844.0,844.0,362.0,362.0,362.0
3618.0,844.0,844.0,844.0,362.0,362.0,362.0
3618.0,844.0,844.0,844.0,362.0,362.0,362.0
3609.0,842.0,842.0,842.0,361.0,361.0,361.0
3603.0,841.0,841.0,841.0,360.0,360.0,360.0
3591.0,838.0,838.0,838.0,359.0,359.0,359.0
3588.0,837.0,837.0,837.0,359.0,359.0,359.0
3561.0,831.0,831.0,831.0,356.0,356.0,356.0
3571.0,833.0,833.0,834.0,357.0,357.0,357.0
3552.0,829.0,829.0,829.0,355.0,355.0,355.0
3537.0,825.0,825.0,825.0,354.0,354.0,354.0
3522.0,822.0,822.0,822.0,352.0,352.0,352.0
3508.0,818.0,818.0,819.0,351.0,351.0,351.0
3519.0,821.0,821.0,821.0,352.0,352.0,352.0
3499.0,816.0,816.0,817.0,350.0,350.0,350.0
3496.0,815.0,815.0,816.0,350.0,350.0,350.0
3489.0,814.0,814.0,814.0,349.0,349.0,349.0
3463.0,808.0,808.0,809.0,346.0,346.0,346.0
3466.0,808.0,808.0,809.0,347.0,347.0,347.0
3468.0,809.0,809.0,809.0,347.0,347.0,347.0
3483.0,813.0,813.0,813.0,348.0,348.0,348.0
3480.0,812.0,812.0,812.0,348.0,348.0,348.0
3459.0,807.0,807.0,807.0,346.0,346.0,346.0
3462.0,808.0,808.0,808.0,346.0,346.0,346.0
3508.0,818.0,818.0,819.0,351.0,351.0,351.0
3480.0,812.0,812.0,812.0,348.0,348.0,348.0
3492.0,815.0,815.0,815.0,349.0,349.0,349.0
3493.0,815.0,815.0,816.0,349.0,349.0,349.0
3513.0,820.0,820.0,820.0,351.0,351.0,351.0
3513.0,820.0,820.0,820.0,351.0,351.0,351.0
3529.0,823.0,823.0,824.0,353.0,353.0,353.0
3543.0,827.0,827.0,827.0,354.0,354.0,354.0
3564.0,832.0,832.0,832.0,356.0,356.0,356.0
3568.0,832.0,832.0,833.0,357.0,357.0,357.0
3600.0,840.0,840.0,840.0,360.0,360.0,360.0
3609.0,842.0,842.0,842.0,361.0,361.0,361.0
3594.0,839.0,839.0,839.0,359.0,359.0,359.0
3639.0,849.0,849.0,849.0,364.0,364.0,364.0
3628.0,846.0,846.0,847.0,363.0,363.0,363.0
3658.0,853.0,853.0,854.0,366.0,366.0,366.0
3681.0,859.0,859.0,859.0,368.0,368.0,368.0
3670.0,856.0,856.0,857.0,367.0,367.0,367.0
3687.0,860.0,860.0,860.0,369.0,369.0,369.0
3717.0,867.0,867.0,867.0,372.0,372.0,372.0
3703.0,864.0,864.0,865.0,370.0,370.0,370.0
3717.0,867.0,867.0,867.0,372.0,372.0,372.0
3732.0,871.0,871.0,871.0,373.0,373.0,373.0
3712.0,866.0,866.0,867.0,371.0,371.0,371.0
3729.0,870.0,870.0,870.0,373.0,373.0,373.0
3742.0,873.0,873.0,874.0,374.0,374.0,374.0
3708.0,865.0,865.0,865.0,371.0,371.0,371.0
3723.0,869.0,869.0,869.0,372.0,372.0,372.0
3732.0,871.0,871.0,871.0,373.0,373.0,373.0
3711.0,866.0,866.0,866.0,371.0,371.0,371.0
3700.0,863.0,863.0,864.0,370.0,370.0,370.0
3696.0,862.0,862.0,862.0,370.0,370.0,370.0
3699.0,863.0,863.0,863.0,370.0,370.0,370.0
3696.0,862.0,862.0,862.0,370.0,370.0,370.0
3691.0,861.0,861.0,862.0,369.0,369.0,369.0
3666.0,855.0,855.0,855.0,367.0,367.0,367.0
3660.0,854.0,854.0,854.0,366.0,366.0,366.0
3628.0,846.0,846.0,847.0,363.0,363.0,363.0
3631.0,847.0,847.0,848.0,363.0,363.0,363.0
3643.0,850.0,850.0,851.0,364.0,364.0,364.0
3624.0,846.0,846.0,846.0,362.0,362.0,362.0
3607.0,841.0,841.0,842.0,361.0,361.0,361.0
3603.0,841.0,841.0,841.0,360.0,360.0,360.0
3601.0,840.0,840.0,841.0,360.0,360.0,360.0
3586.0,836.0,836.0,837.0,359.0,359.0,359.0
3586.0,836.0,836.0,837.0,359.0,359.0,359.0
3607.0,841.0,841.0,842.0,361.0,361.0,361.0
3582.0,836.0,836.0,836.0,358.0,358.0,358.0
3568.0,832.0,832.0,833.0,357.0,357.0,357.0
3573.0,834.0,834.0,834.0,357.0,357.0,357.0
3576.0,834.0,834.0,834.0,358.0,358.0,358.0
3594.0,839.0,839.0,839.0,359.0,359.0,359.0
3586.0,836.0,836.0,837.0,359.0,359.0,359.0
3598.0,839.0,839.0,840.0,360.0,360.0,360.0
3589.0,837.0,837.0,838.0,359.0,359.0,359.0
3618.0,844.0,844.0,844.0,362.0,362.0,362.0
3627.0,846.0,846.0,846.0,363.0,363.0,363.0
3612.0,843.0,843.0,843.0,361.0,361.0,361.0
3657.0,853.0,853.0,853.0,366.0,366.0,366.0
3646.0,850.0,850.0,851.0,365.0,365.0,365.0
3651.0,852.0,852.0,852.0,365.0,365.0,365.0
3688.0,860.0,860.0,861.0,369.0,369.0,369.0
3688.0,860.0,860.0,861.0,369.0,369.0,369.0
3726.0,869.0,869.0,869.0,373.0,373.0,373.0
3723.0,869.0,869.0,869.0,372.0,372.0,372.0
3726.0,869.0,869.0,869.0,373.0,373.0,373.0
3750.0,875.0,875.0,875.0,375.0,375.0,375.0
3747.0,874.0,874.0,874.0,375.0,375.0,375.0
3790.0,884.0,884.0,885.0,379.0,379.0,379.0
3778.0,881.0,881.0,882.0,378.0,378.0,378.0
3789.0,884.0,884.0,884.0,379.0,379.0,379.0
3811.0,889.0,889.0,890.0,381.0,381.0,381.0
3810.0,889.0,889.0,889.0,381.0,381.0,381.0
3828.0,893.0,893.0,893.0,383.0,383.0,383.0
3831.0,894.0,894.0,894.0,383.0,383.0,383.0
3826.0,892.0,892.0,893.0,383.0,383.0,383.0
3832.0,894.0,894.0,895.0,383.0,383.0,383.0
3822.0,892.0,892.0,892.0,382.0,382.0,382.0
3813.0,890.0,890.0,890.0,381.0,381.0,381.0
3810.0,889.0,889.0,889.0,381.0,381.0,381.0
3813.0,890.0,890.0,890.0,381.0,381.0,381.0
3837.0,895.0,895.0,895.0,384.0,384.0,384.0
3817.0,890.0,890.0,891.0,382.0,382.0,382.0
3798.0,886.0,886.0,886.0,380.0,380.0,380.0
3799.0,886.0,886.0,887.0,380.0,380.0,380.0
3792.0,885.0,885.0,885.0,379.0,379.0,379.0
3760.0,877.0,877.0,878.0,376.0,376.0,376.0
3778.0,881.0,881.0,882.0,378.0,378.0,378.0
3759.0,877.0,877.0,877.0,376.0,376.0,376.0
3762.0,878.0,878.0,878.0,376.0,376.0,376.0
3744.0,874.0,874.0,874.0,374.0,374.0,374.0
3750.0,875.0,875.0,875.0,375.0,375.0,375.0
3739.0,872.0,872.0,873.0,374.0,374.0,374.0
3720.0,868.0,868.0,868.0,372.0,372.0,372.0
3706.0,864.0,864.0,865.0,371.0,371.0,371.0
3699.0,863.0,863.0,863.0,370.0,370.0,370.0
3687.0,860.0,860.0,860.0,369.0,369.0,369.0
3693.0,862.0,862.0,862.0,369.0,369.0,369.0
3711.0,866.0,866.0,866.0,371.0,371.0,371.0
3678.0,858.0,858.0,858.0,368.0,368.0,368.0
3663.0,855.0,855.0,855.0,366.0,366.0,366.0
3691.0,861.0,861.0,862.0,369.0,369.0,369.0
3690.0,861.0,861.0,861.0,369.0,369.0,369.0
3670.0,856.0,856.0,857.0,367.0,367.0,367.0
3687.0,860.0,860.0,860.0,369.0,369.0,369.0
3697.0,862.0,862.0,863.0,370.0,370.0,370.0
3693.0,862.0,862.0,862.0,369.0,369.0,369.0
3738.0,872.0,872.0,872.0,374.0,374.0,374.0
3729.0,870.0,870.0,870.0,373.0,373.0,373.0
3738.0,872.0,872.0,872.0,374.0,374.0,374.0
3738.0,872.0,872.0,872.0,374.0,374.0,374.0
3759.0,877.0,877.0,877.0,376.0,376.0,376.0
3769.0,879.0,879.0,880.0,377.0,377.0,377.0
3780.0,882.0,882.0,882.0,378.0,378.0,378.0
3801.0,887.0,887.0,887.0,380.0,380.0,380.0
3804.0,888.0,888.0,888.0,380.0,380.0,380.0
3820.0,891.0,891.0,892.0,382.0,382.0,382.0
3831.0,894.0,894.0,894.0,383.0,383.0,383.0
3849.0,898.0,898.0,898.0,385.0,385.0,385.0
3870.0,903.0,903.0,903.0,387.0,387.0,387.0
3892.0,908.0,908.0,909.0,389.0,389.0,389.0
3883.0,906.0,906.0,907.0,388.0,388.0,388.0
3900.0,910.0,910.0,910.0,390.0,390.0,390.0
3919.0,914.0,914.0,915.0,392.0,392.0,392.0
3924.0,916.0,916.0,916.0,392.0,392.0,392.0
3924.0,916.0,916.0,916.0,392.0,392.0,392.0
3928.0,916.0,916.0,917.0,393.0,393.0,393.0
3921.0,915.0,915.0,915.0,392.0,392.0,392.0
3928.0,916.0,916.0,917.0,393.0,393.0,393.0
3942.0,920.0,920.0,920.0,394.0,394.0,394.0
3948.0,921.0,921.0,921.0,395.0,395.0,395.0
3922.0,915.0,915.0,916.0,392.0,392.0,392.0
3927.0,916.0,916.0,916.0,393.0,393.0,393.0
3930.0,917.0,917.0,917.0,393.0,393.0,393.0
3906.0,911.0,911.0,911.0,391.0,391.0,391.0
3921.0,915.0,915.0,915.0,392.0,392.0,392.0
3916.0,913.0,913.0,914.0,392.0,392.0,392.0
3912.0,913.0,913.0,913.0,391.0,391.0,391.0
3894.0,909.0,909.0,909.0,389.0,389.0,389.0
3891.0,908.0,908.0,908.0,389.0,389.0,389.0
3868.0,902.0,902.0,903.0,387.0,387.0,387.0
3852.0,899.0,899.0,899.0,385.0,385.0,385.0
3832.0,894.0,894.0,895.0,383.0,383.0,383.0
3831.0,894.0,894.0,894.0,383.0,383.0,383.0
3820.0,891.0,891.0,892.0,382.0,382.0,382.0
3831.0,894.0,894.0,894.0,383.0,383.0,383.0
3807.0,888.0,888.0,888.0,381.0,381.0,381.0
3813.0,890.0,890.0,890.0,381.0,381.0,381.0
3820.0,891.0,891.0,892.0,382.0,382.0,382.0
3786.0,883.0,883.0,883.0,379.0,379.0,379.0
3768.0,879.0,879.0,879.0,377.0,377.0,377.0
3771.0,880.0,880.0,880.0,377.0,377.0,377.0
3780.0,882.0,882.0,882.0,378.0,378.0,378.0
3807.0,888.0,888.0,888.0,381.0,381.0,381.0
3768.0,879.0,879.0,879.0,377.0,377.0,377.0
3789.0,884.0,884.0,884.0,379.0,379.0,379.0
3780.0,882.0,882.0,882.0,378.0,378.0,378.0
3789.0,884.0,884.0,884.0,379.0,379.0,379.0
3798.0,886.0,886.0,886.0,380.0,380.0,380.0
3831.0,894.0,894.0,894.0,383.0,383.0,383.0
3829.0,893.0,893.0,894.0,383.0,383.0,383.0
3828.0,893.0,893.0,893.0,383.0,383.0,383.0
3849.0,898.0,898.0,898.0,385.0,385.0,385.0
3856.0,899.0,899.0,900.0,386.0,386.0,386.0
3873.0,904.0,904.0,904.0,387.0,387.0,387.0
3889.0,907.0,907.0,908.0,389.0,389.0,389.0
3886.0,906.0,906.0,907.0,389.0,389.0,389.0
3912.0,913.0,913.0,913.0,391.0,391.0,391.0
3942.0,920.0,920.0,920.0,394.0,394.0,394.0
3937.0,918.0,918.0,919.0,394.0,394.0,394.0
3961.0,924.0,924.0,925.0,396.0,396.0,396.0
3973.0,927.0,927.0,928.0,397.0,397.0,397.0
3988.0,930.0,930.0,931.0,399.0,399.0,399.0
3976.0,927.0,927.0,928.0,398.0,398.0,398.0
3997.0,932.0,932.0,933.0,400.0,400.0,400.0
4006.0,934.0,934.0,935.0,401.0,401.0,401.0
4029.0,940.0,940.0,940.0,403.0,403.0,403.0
4023.0,939.0,939.0,939.0,402.0,402.0,402.0
4030.0,940.0,940.0,941.0,403.0,403.0,403.0
4021.0,938.0,938.0,939.0,402.0,402.0,402.0
4027.0,939.0,939.0,940.0,403.0,403.0,403.0
4053.0,946.0,946.0,946.0,405.0,405.0,405.0
4050.0,945.0,945.0,945.0,405.0,405.0,405.0
4021.0,938.0,938.0,939.0,402.0,402.0,402.0
4020.0,938.0,938.0,938.0,402.0,402.0,402.0
4011.0,936.0,936.0,936.0,401.0,401.0,401.0
4017.0,937.0,937.0,937.0,402.0,402.0,402.0
4012.0,936.0,936.0,937.0,401.0,401.0,401.0
4002.0,934.0,934.0,934.0,400.0,400.0,400.0
4002.0,934.0,934.0,934.0,400.0,400.0,400.0
3972.0,927.0,927.0,927.0,397.0,397.0,397.0
4009.0,935.0,935.0,936.0,401.0,401.0,401.0
3988.0,930.0,930.0,931.0,399.0,399.0,399.0
3957.0,923.0,923.0,923.0,396.0,396.0,396.0
3957.0,923.0,923.0,923.0,396.0,396.0,396.0
3969.0,926.0,926.0,926.0,397.0,397.0,397.0
3940.0,919.0,919.0,920.0,394.0,394.0,394.0
3927.0,916.0,916.0,916.0,393.0,393.0,393.0
3922.0,915.0,915.0,916.0,392.0,392.0,392.0
3894.0,909.0,909.0,909.0,389.0,389.0,389.0
3897.0,909.0,909.0,909.0,390.0,390.0,390.0
3889.0,907.0,907.0,908.0,389.0,389.0,389.0
3870.0,903.0,903.0,903.0,387.0,387.0,387.0
3901.0,910.0,910.0,911.0,390.0,390.0,390.0
3894.0,909.0,909.0,909.0,389.0,389.0,389.0
3889.0,907.0,907.0,908.0,389.0,389.0,389.0
3864.0,902.0,902.0,902.0,386.0,386.0,386.0
3912.0,913.0,913.0,913.0,391.0,391.0,391.0
3897.0,909.0,909.0,909.0,390.0,390.0,390.0
3894.0,909.0,909.0,909.0,389.0,389.0,389.0
3909.0,912.0,912.0,912.0,391.0,391.0,391.0
3918.0,914.0,914.0,914.0,392.0,392.0,392.0
3928.0,916.0,916.0,917.0,393.0,393.0,393.0
3940.0,919.0,919.0,920.0,394.0,394.0,394.0
3951.0,922.0,922.0,922.0,395.0,395.0,395.0
3957.0,923.0,923.0,923.0,396.0,396.0,396.0
3987.0,930.0,930.0,930.0,399.0,399.0,399.0
3999.0,933.0,933.0,933.0,400.0,400.0,400.0
4020.0,938.0,938.0,938.0,402.0,402.0,402.0
4002.0,934.0,934.0,934.0,400.0,400.0,400.0
4041.0,943.0,943.0,943.0,404.0,404.0,404.0
4047.0,944.0,944.0,944.0,405.0,405.0,405.0
4051.0,945.0,945.0,946.0,405.0,405.0,405.0
4072.0,950.0,950.0,951.0,407.0,407.0,407.0
4081.0,952.0,952.0,953.0,408.0,408.0,408.0
4108.0,958.0,958.0,959.0,411.0,411.0,411.0
4119.0,961.0,961.0,961.0,412.0,412.0,412.0
4119.0,961.0,961.0,961.0,412.0,412.0,412.0
4131.0,964.0,964.0,964.0,413.0,413.0,413.0
4128.0,963.0,963.0,963.0,413.0,413.0,413.0
4113.0,960.0,960.0,960.0,411.0,411.0,411.0
4150.0,968.0,968.0,969.0,415.0,415.0,415.0
4143.0,967.0,967.0,967.0,414.0,414.0,414.0
4131.0,964.0,964.0,964.0,413.0,413.0,413.0
4141.0,966.0,966.0,967.0,414.0,414.0,414.0
4149.0,968.0,968.0,968.0,415.0,415.0,415.0
4134.0,965.0,965.0,965.0,413.0,413.0,413.0
4141.0,966.0,966.0,967.0,414.0,414.0,414.0
4140.0,966.0,966.0,966.0,414.0,414.0,414.0
4116.0,960.0,960.0,960.0,412.0,412.0,412.0
4113.0,960.0,960.0,960.0,411.0,411.0,411.0
4113.0,960.0,960.0,960.0,411.0,411.0,411.0
4098.0,956.0,956.0,956.0,410.0,410.0,410.0
4098.0,956.0,956.0,956.0,410.0,410.0,410.0
4069.0,949.0,949.0,950.0,407.0,407.0,407.0
4051.0,945.0,945.0,946.0,405.0,405.0,405.0
4060.0,947.0,947.0,948.0,406.0,406.0,406.0
4059.0,947.0,947.0,947.0,406.0,406.0,406.0
4062.0,948.0,948.0,948.0,406.0,406.0,406.0
4021.0,938.0,938.0,939.0,402.0,402.0,402.0
4017.0,937.0,937.0,937.0,402.0,402.0,402.0
4008.0,935.0,935.0,935.0,401.0,401.0,401.0
4014.0,937.0,937.0,937.0,401.0,401.0,401.0
3990.0,931.0,931.0,931.0,399.0,399.0,399.0
3997.0,932.0,932.0,933.0,400.0,400.0,400.0
3999.0,933.0,933.0,933.0,400.0,400.0,400.0
3991.0,931.0,931.0,932.0,399.0,399.0,399.0
3996.0,932.0,932.0,932.0,400.0,400.0,400.0
4006.0,934.0,934.0,935.0,401.0,401.0,401.0
4000.0,933.0,933.0,934.0,400.0,400.0,400.0
3997.0,932.0,932.0,933.0,400.0,400.0,400.0
4017.0,937.0,937.0,937.0,402.0,402.0,402.0
4003.0,934.0,934.0,935.0,400.0,400.0,400.0
3997.0,932.0,932.0,933.0,400.0,400.0,400.0
4030.0,940.0,940.0,941.0,403.0,403.0,403.0
4057.0,946.0,946.0,947.0,406.0,406.0,406.0
4059.0,947.0,947.0,947.0,406.0,406.0,406.0
4072.0,950.0,950.0,951.0,407.0,407.0,407.0
4089.0,954.0,954.0,954.0,409.0,409.0,409.0
4098.0,956.0,956.0,956.0,410.0,410.0,410.0
4096.0,955.0,955.0,956.0,410.0,410.0,410.0
4128.0,963.0,963.0,963.0,413.0,413.0,413.0
4143.0,967.0,967.0,967.0,414.0,414.0,414.0
4138.0,965.0,965.0,966.0,414.0,414.0,414.0
4167.0,972.0,972.0,972.0,417.0,417.0,417.0
4189.0,977.0,977.0,978.0,419.0,419.0,419.0
4194.0,979.0,979.0,979.0,419.0,419.0,419.0
4188.0,977.0,977.0,977.0,419.0,419.0,419.0
4210.0,982.0,982.0,983.0,421.0,421.0,421.0
4218.0,984.0,984.0,984.0,422.0,422.0,422.0
4240.0,989.0,989.0,990.0,424.0,424.0,424.0
4237.0,988.0,988.0,989.0,424.0,424.0,424.0
4227.0,986.0,986.0,986.0,423.0,423.0,423.0
4251.0,992.0,992.0,992.0,425.0,425.0,425.0
4243.0,990.0,990.0,991.0,424.0,424.0,424.0
4249.0,991.0,991.0,992.0,425.0,425.0,425.0
4231.0,987.0,987.0,988.0,423.0,423.0,423.0
4258.0,993.0,993.0,994.0,426.0,426.0,426.0
4242.0,990.0,990.0,990.0,424.0,424.0,424.0
4239.0,989.0,989.0,989.0,424.0,424.0,424.0
4218.0,984.0,984.0,984.0,422.0,422.0,422.0
4222.0,985.0,985.0,986.0,422.0,422.0,422.0
4219.0,984.0,984.0,985.0,422.0,422.0,422.0
4210.0,982.0,982.0,983.0,421.0,421.0,421.0
4216.0,983.0,983.0,984.0,422.0,422.0,422.0
4188.0,977.0,977.0,977.0,419.0,419.0,419.0
4194.0,979.0,979.0,979.0,419.0,419.0,419.0
4189.0,977.0,977.0,978.0,419.0,419.0,419.0
4167.0,972.0,972.0,972.0,417.0,417.0,417.0
4150.0,968.0,968.0,969.0,415.0,415.0,415.0
4137.0,965.0,965.0,965.0,414.0,414.0,414.0
4137.0,965.0,965.0,965.0,414.0,414.0,414.0
4111.0,959.0,959.0,960.0,411.0,411.0,411.0
4128.0,963.0,963.0,963.0,413.0,413.0,413.0
4120.0,961.0,961.0,962.0,412.0,412.0,412.0
4119.0,961.0,961.0,961.0,412.0,412.0,412.0
4113.0,960.0,960.0,960.0,411.0,411.0,411.0
4101.0,957.0,957.0,957.0,410.0,410.0,410.0
4108.0,958.0,958.0,959.0,411.0,411.0,411.0
4087.0,953.0,953.0,954.0,409.0,409.0,409.0
4087.0,953.0,953.0,954.0,409.0,409.0,409.0
4107.0,958.0,958.0,958.0,411.0,411.0,411.0
4108.0,958.0,958.0,959.0,411.0,411.0,411.0
4108.0,958.0,958.0,959.0,411.0,411.0,411.0
4122.0,962.0,962.0,962.0,412.0,412.0,412.0
4111.0,959.0,959.0,960.0,411.0,411.0,411.0
4140.0,966.0,966.0,966.0,414.0,414.0,414.0
4146.0,967.0,967.0,967.0,415.0,415.0,415.0
4143.0,967.0,967.0,967.0,414.0,414.0,414.0
4171.0,973.0,973.0,974.0,417.0,417.0,417.0
4167.0,972.0,972.0,972.0,417.0,417.0,417.0
4209.0,982.0,982.0,982.0,421.0,421.0,421.0
4231.0,987.0,987.0,988.0,423.0,423.0,423.0
4233.0,988.0,988.0,988.0,423.0,423.0,423.0
4219.0,984.0,984.0,985.0,422.0,422.0,422.0
4269.0,996.0,996.0,996.0,427.0,427.0,427.0
4261.0,994.0,994.0,995.0,426.0,426.0,426.0
4269.0,996.0,996.0,996.0,427.0,427.0,427.0
4296.0,1002.0,1002.0,1002.0,430.0,430.0,430.0
4300.0,1003.0,1003.0,1004.0,430.0,430.0,430.0
4293.0,1002.0,1002.0,1002.0,429.0,429.0,429.0
4318.0,1007.0,1007.0,1008.0,432.0,432.0,432.0
4330.0,1010.0,1010.0,1011.0,433.0,433.0,433.0
4338.0,1012.0,1012.0,1012.0,434.0,434.0,434.0
4341.0,1013.0,1013.0,1013.0,434.0,434.0,434.0
4338.0,1012.0,1012.0,1012.0,434.0,434.0,434.0
4351.0,1015.0,1015.0,1016.0,435.0,435.0,435.0
4351.0,1015.0,1015.0,1016.0,435.0,435.0,435.0
4347.0,1014.0,1014.0,1014.0,435.0,435.0,435.0
4342.0,1013.0,1013.0,1014.0,434.0,434.0,434.0
4351.0,1015.0,1015.0,1016.0,435.0,435.0,435.0
4369.0,1019.0,1019.0,1020.0,437.0,437.0,437.0
4336.0,1011.0,1011.0,1012.0,434.0,434.0,434.0
4329.0,1010.0,1010.0,1010.0,433.0,433.0,433.0
4327.0,1009.0,1009.0,1010.0,433.0,433.0,433.0
4302.0,1004.0,1004.0,1004.0,430.0,430.0,430.0
4300.0,1003.0,1003.0,1004.0,430.0,430.0,430.0
4299.0,1003.0,1003.0,1003.0,430.0,430.0,430.0
4288.0,1000.0,1000.0,1001.0,429.0,429.0,429.0
4269.0,996.0,996.0,996.0,427.0,427.0,427.0
4291.0,1001.0,1001.0,1002.0,429.0,429.0,429.0
4257.0,993.0,993.0,993.0,426.0,426.0,426.0
4246.0,990.0,990.0,991.0,425.0,425.0,425.0
4236.0,988.0,988.0,988.0,424.0,424.0,424.0
4239.0,989.0,989.0,989.0,424.0,424.0,424.0
4228.0,986.0,986.0,987.0,423.0,423.0,423.0
4210.0,982.0,982.0,983.0,421.0,421.0,421.0
4207.0,981.0,981.0,982.0,421.0,421.0,421.0
4191.0,978.0,978.0,978.0,419.0,419.0,419.0
4186.0,976.0,976.0,977.0,419.0,419.0,419.0
4201.0,980.0,980.0,981.0,420.0,420.0,420.0
4201.0,980.0,980.0,981.0,420.0,420.0,420.0
4213.0,983.0,983.0,984.0,421.0,421.0,421.0
4188.0,977.0,977.0,977.0,419.0,419.0,419.0
4207.0,981.0,981.0,982.0,421.0,421.0,421.0
4212.0,983.0,983.0,983.0,421.0,421.0,421.0
4216.0,983.0,983.0,984.0,422.0,422.0,422.0
4218.0,984.0,984.0,984.0,422.0,422.0,422.0
4233.0,988.0,988.0,988.0,423.0,423.0,423.0
4267.0,995.0,995.0,996.0,427.0,427.0,427.0
4273.0,997.0,997.0,998.0,427.0,427.0,427.0
4279.0,998.0,998.0,999.0,428.0,428.0,428.0
4281.0,999.0,999.0,999.0,428.0,428.0,428.0
4296.0,1002.0,1002.0,1002.0,430.0,430.0,430.0
4327.0,1009.0,1009.0,1010.0,433.0,433.0,433.0
4320.0,1008.0,1008.0,1008.0,432.0,432.0,432.0
4347.0,1014.0,1014.0,1014.0,435.0,435.0,435.0
4371.0,1020.0,1020.0,1020.0,437.0,437.0,437.0
4366.0,1018.0,1018.0,1019.0,437.0,437.0,437.0
4380.0,1022.0,1022.0,1022.0,438.0,438.0,438.0
4390.0,1024.0,1024.0,1025.0,439.0,439.0,439.0
4381.0,1022.0,1022.0,1023.0,438.0,438.0,438.0
4422.0,1032.0,1032.0,1032.0,442.0,442.0,442.0
4419.0,1031.0,1031.0,1031.0,442.0,442.0,442.0
4438.0,1035.0,1035.0,1036.0,444.0,444.0,444.0
4429.0,1033.0,1033.0,1034.0,443.0,443.0,443.0
4438.0,1035.0,1035.0,1036.0,444.0,444.0,444.0
4437.0,1035.0,1035.0,1035.0,444.0,444.0,444.0
4467.0,1042.0,1042.0,1042.0,447.0,447.0,447.0
4458.0,1040.0,1040.0,1040.0,446.0,446.0,446.0
4450.0,1038.0,1038.0,1039.0,445.0,445.0,445.0
4441.0,1036.0,1036.0,1037.0,444.0,444.0,444.0
4453.0,1039.0,1039.0,1040.0,445.0,445.0,445.0
4443.0,1037.0,1037.0,1037.0,444.0,444.0,444.0
4450.0,1038.0,1038.0,1039.0,445.0,445.0,445.0
4419.0,1031.0,1031.0,1031.0,442.0,442.0,442.0
4437.0,1035.0,1035.0,1035.0,444.0,444.0,444.0
4437.0,1035.0,1035.0,1035.0,444.0,444.0,444.0
4417.0,1030.0,1030.0,1031.0,442.0,442.0,442.0
4390.0,1024.0,1024.0,1025.0,439.0,439.0,439.0
4401.0,1027.0,1027.0,1027.0,440.0,440.0,440.0
4378.0,1021.0,1021.0,1022.0,438.0,438.0,438.0
4369.0,1019.0,1019.0,1020.0,437.0,437.0,437.0
4341.0,1013.0,1013.0,1013.0,434.0,434.0,434.0
4341.0,1013.0,1013.0,1013.0,434.0,434.0,434.0
4333.0,1011.0,1011.0,1012.0,433.0,433.0,433.0
4339.0,1012.0,1012.0,1013.0,434.0,434.0,434.0
4306.0,1004.0,1004.0,1005.0,431.0,431.0,431.0
4320.0,1008.0,1008.0,1008.0,432.0,432.0,432.0
4323.0,1009.0,1009.0,1009.0,432.0,432.0,432.0
4309.0,1005.0,1005.0,1006.0,431.0,431.0,431.0
4299.0,1003.0,1003.0,1003.0,430.0,430.0,430.0
4299.0,1003.0,1003.0,1003.0,430.0,430.0,430.0
4320.0,1008.0,1008.0,1008.0,432.0,432.0,432.0
4312.0,1006.0,1006.0,1007.0,431.0,431.0,431.0
4308.0,1005.0,1005.0,1005.0,431.0,431.0,431.0
4320.0,1008.0,1008.0,1008.0,432.0,432.0,432.0
4329.0,1010.0,1010.0,1010.0,433.0,433.0,433.0
4330.0,1010.0,1010.0,1011.0,433.0,433.0,433.0
4341.0,1013.0,1013.0,1013.0,434.0,434.0,434.0
4341.0,1013.0,1013.0,1013.0,434.0,434.0,434.0
4360.0,1017.0,1017.0,1018.0,436.0,436.0,436.0
4360.0,1017.0,1017.0,1018.0,436.0,436.0,436.0
4380.0,1022.0,1022.0,1022.0,438.0,438.0,438.0
4401.0,1027.0,1027.0,1027.0,440.0,440.0,440.0
4399.0,1026.0,1026.0,1027.0,440.0,440.0,440.0
4411.0,1029.0,1029.0,1030.0,441.0,441.0,441.0
4420.0,1031.0,1031.0,1032.0,442.0,442.0,442.0
4447.0,1037.0,1037.0,1038.0,445.0,445.0,445.0
4458.0,1040.0,1040.0,1040.0,446.0,446.0,446.0
4471.0,1043.0,1043.0,1044.0,447.0,447.0,447.0
4467.0,1042.0,1042.0,1042.0,447.0,447.0,447.0
4501.0,1050.0,1050.0,1051.0,450.0,450.0,450.0
4531.0,1057.0,1057.0,1058.0,453.0,453.0,453.0
4521.0,1055.0,1055.0,1055.0,452.0,452.0,452.0
4542.0,1060.0,1060.0,1060.0,454.0,454.0,454.0
4560.0,1064.0,1064.0,1064.0,456.0,456.0,456.0
4548.0,1061.0,1061.0,1061.0,455.0,455.0,455.0
4558.0,1063.0,1063.0,1064.0,456.0,456.0,456.0
4557.0,1063.0,1063.0,1063.0,456.0,456.0,456.0
4567.0,1065.0,1065.0,1066.0,457.0,457.0,457.0
4552.0,1062.0,1062.0,1063.0,455.0,455.0,455.0
4548.0,1061.0,1061.0,1061.0,455.0,455.0,455.0
4560.0,1064.0,1064.0,1064.0,456.0,456.0,456.0
4557.0,1063.0,1063.0,1063.0,456.0,456.0,456.0
4552.0,1062.0,1062.0,1063.0,455.0,455.0,455.0
4537.0,1058.0,1058.0,1059.0,454.0,454.0,454.0
4540.0,1059.0,1059.0,1060.0,454.0,454.0,454.0
4528.0,1056.0,1056.0,1057.0,453.0,453.0,453.0
4528.0,1056.0,1056.0,1057.0,453.0,453.0,453.0
4527.0,1056.0,1056.0,1056.0,453.0,453.0,453.0
4509.0,1052.0,1052.0,1052.0,451.0,451.0,451.0
4489.0,1047.0,1047.0,1048.0,449.0,449.0,449.0
4486.0,1046.0,1046.0,1047.0,449.0,449.0,449.0
4471.0,1043.0,1043.0,1044.0,447.0,447.0,447.0
4458.0,1040.0,1040.0,1040.0,446.0,446.0,446.0
4447.0,1037.0,1037.0,1038.0,445.0,445.0,445.0
4447.0,1037.0,1037.0,1038.0,445.0,445.0,445.0
4428.0,1033.0,1033.0,1033.0,443.0,443.0,443.0
4432.0,1034.0,1034.0,1035.0,443.0,443.0,443.0
4441.0,1036.0,1036.0,1037.0,444.0,444.0,444.0
4420.0,1031.0,1031.0,1032.0,442.0,442.0,442.0
4423.0,1032.0,1032.0,1033.0,442.0,442.0,442.0
4419.0,1031.0,1031.0,1031.0,442.0,442.0,442.0
4401.0,1027.0,1027.0,1027.0,440.0,440.0,440.0
4417.0,1030.0,1030.0,1031.0,442.0,442.0,442.0
4401.0,1027.0,1027.0,1027.0,440.0,440.0,440.0
4393.0,1025.0,1025.0,1026.0,439.0,439.0,439.0
4437.0,1035.0,1035.0,1035.0,444.0,444.0,444.0
4431.0,1034.0,1034.0,1034.0,443.0,443.0,443.0
4426.0,1032.0,1032.0,1033.0,443.0,443.0,443.0
4447.0,1037.0,1037.0,1038.0,445.0,445.0,445.0
4437.0,1035.0,1035.0,1035.0,444.0,444.0,444.0
4443.0,1037.0,1037.0,1037.0,444.0,444.0,444.0
4461.0,1041.0,1041.0,1041.0,446.0,446.0,446.0
4500.0,1050.0,1050.0,1050.0,450.0,450.0,450.0
4491.0,1048.0,1048.0,1048.0,449.0,449.0,449.0
4522.0,1055.0,1055.0,1056.0,452.0,452.0,452.0
4510.0,1052.0,1052.0,1053.0,451.0,451.0,451.0
4521.0,1055.0,1055.0,1055.0,452.0,452.0,452.0
4549.0,1061.0,1061.0,1062.0,455.0,455.0,455.0
4563.0,1065.0,1065.0,1065.0,456.0,456.0,456.0
4581.0,1069.0,1069.0,1069.0,458.0,458.0,458.0
4581.0,1069.0,1069.0,1069.0,458.0,458.0,458.0
4599.0,1073.0,1073.0,1073.0,460.0,460.0,460.0
4623.0,1079.0,1079.0,1079.0,462.0,462.0,462.0
4629.0,1080.0,1080.0,1080.0,463.0,463.0,463.0
4632.0,1081.0,1081.0,1081.0,463.0,463.0,463.0
4647.0,1084.0,1084.0,1084.0,465.0,465.0,465.0
4650.0,1085.0,1085.0,1085.0,465.0,465.0,465.0
4677.0,1091.0,1091.0,1091.0,468.0,468.0,468.0
4657.0,1086.0,1086.0,1087.0,466.0,466.0,466.0
4659.0,1087.0,1087.0,1087.0,466.0,466.0,466.0
4659.0,1087.0,1087.0,1087.0,466.0,466.0,466.0
4678.0,1091.0,1091.0,1092.0,468.0,468.0,468.0
4669.0,1089.0,1089.0,1090.0,467.0,467.0,467.0
4653.0,1086.0,1086.0,1086.0,465.0,465.0,465.0
4662.0,1088.0,1088.0,1088.0,466.0,466.0,466.0
4659.0,1087.0,1087.0,1087.0,466.0,466.0,466.0
4641.0,1083.0,1083.0,1083.0,464.0,464.0,464.0
4636.0,1081.0,1081.0,1082.0,464.0,464.0,464.0
4620.0,1078.0,1078.0,1078.0,462.0,462.0,462.0
4629.0,1080.0,1080.0,1080.0,463.0,463.0,463.0
4611.0,1076.0,1076.0,1076.0,461.0,461.0,461.0
4599.0,1073.0,1073.0,1073.0,460.0,460.0,460.0
4597.0,1072.0,1072.0,1073.0,460.0,460.0,460.0
4572.0,1067.0,1067.0,1067.0,457.0,457.0,457.0
4581.0,1069.0,1069.0,1069.0,458.0,458.0,458.0
4570.0,1066.0,1066.0,1067.0,457.0,457.0,457.0
4539.0,1059.0,1059.0,1059.0,454.0,454.0,454.0
4552.0,1062.0,1062.0,1063.0,455.0,455.0,455.0
4528.0,1056.0,1056.0,1057.0,453.0,453.0,453.0
4518.0,1054.0,1054.0,1054.0,452.0,452.0,452.0
4540.0,1059.0,1059.0,1060.0,454.0,454.0,454.0
4521.0,1055.0,1055.0,1055.0,452.0,452.0,452.0
4527.0,1056.0,1056.0,1056.0,453.0,453.0,453.0
4503.0,1051.0,1051.0,1051.0,450.0,450.0,450.0
4537.0,1058.0,1058.0,1059.0,454.0,454.0,454.0
4521.0,1055.0,1055.0,1055.0,452.0,452.0,452.0
4519.0,1054.0,1054.0,1055.0,452.0,452.0,452.0
4510.0,1052.0,1052.0,1053.0,451.0,451.0,451.0
4542.0,1060.0,1060.0,1060.0,454.0,454.0,454.0
4518.0,1054.0,1054.0,1054.0,452.0,452.0,452.0
4563.0,1065.0,1065.0,1065.0,456.0,456.0,456.0
4558.0,1063.0,1063.0,1064.0,456.0,456.0,456.0
4570.0,1066.0,1066.0,1067.0,457.0,457.0,457.0
4579.0,1068.0,1068.0,1069.0,458.0,458.0,458.0
4591.0,1071.0,1071.0,1072.0,459.0,459.0,459.0
4587.0,1070.0,1070.0,1070.0,459.0,459.0,459.0
4617.0,1077.0,1077.0,1077.0,462.0,462.0,462.0
4638.0,1082.0,1082.0,1082.0,464.0,464.0,464.0
4641.0,1083.0,1083.0,1083.0,464.0,464.0,464.0
4647.0,1084.0,1084.0,1084.0,465.0,465.0,465.0
4669.0,1089.0,1089.0,1090.0,467.0,467.0,467.0
4669.0,1089.0,1089.0,1090.0,467.0,467.0,467.0
4689.0,1094.0,1094.0,1094.0,469.0,469.0,469.0
4701.0,1097.0,1097.0,1097.0,470.0,470.0,470.0
4719.0,1101.0,1101.0,1101.0,472.0,472.0,472.0
4728.0,1103.0,1103.0,1103.0,473.0,473.0,473.0
4731.0,1104.0,1104.0,1104.0,473.0,473.0,473.0
4743.0,1107.0,1107.0,1107.0,474.0,474.0,474.0
4756.0,1109.0,1109.0,1110.0,476.0,476.0,476.0
4752.0,1109.0,1109.0,1109.0,475.0,475.0,475.0
4777.0,1114.0,1114.0,1115.0,478.0,478.0,478.0
4768.0,1112.0,1112.0,1113.0,477.0,477.0,477.0
4762.0,1111.0,1111.0,1112.0,476.0,476.0,476.0
4759.0,1110.0,1110.0,1111.0,476.0,476.0,476.0
4758.0,1110.0,1110.0,1110.0,476.0,476.0,476.0
4747.0,1107.0,1107.0,1108.0,475.0,475.0,475.0
4752.0,1109.0,1109.0,1109.0,475.0,475.0,475.0
4747.0,1107.0,1107.0,1108.0,475.0,475.0,475.0
4752.0,1109.0,1109.0,1109.0,475.0,475.0,475.0
4743.0,1107.0,1107.0,1107.0,474.0,474.0,474.0
4740.0,1106.0,1106.0,1106.0,474.0,474.0,474.0
4722.0,1102.0,1102.0,1102.0,472.0,472.0,472.0
4719.0,1101.0,1101.0,1101.0,472.0,472.0,472.0
4698.0,1096.0,1096.0,1096.0,470.0,470.0,470.0
4701.0,1097.0,1097.0,1097.0,470.0,470.0,470.0
4681.0,1092.0,1092.0,1093.0,468.0,468.0,468.0
4677.0,1091.0,1091.0,1091.0,468.0,468.0,468.0
4668.0,1089.0,1089.0,1089.0,467.0,467.0,467.0
4647.0,1084.0,1084.0,1084.0,465.0,465.0,465.0
4642.0,1083.0,1083.0,1084.0,464.0,464.0,464.0
4638.0,1082.0,1082.0,1082.0,464.0,464.0,464.0
4641.0,1083.0,1083.0,1083.0,464.0,464.0,464.0
4621.0,1078.0,1078.0,1079.0,462.0,462.0,462.0
4618.0,1077.0,1077.0,1078.0,462.0,462.0,462.0
4599.0,1073.0,1073.0,1073.0,460.0,460.0,460.0
4633.0,1081.0,1081.0,1082.0,463.0,463.0,463.0
4599.0,1073.0,1073.0,1073.0,460.0,460.0,460.0
4608.0,1075.0,1075.0,1075.0,461.0,461.0,461.0
4629.0,1080.0,1080.0,1080.0,463.0,463.0,463.0
4641.0,1083.0,1083.0,1083.0,464.0,464.0,464.0
4639.0,1082.0,1082.0,1083.0,464.0,464.0,464.0
4647.0,1084.0,1084.0,1084.0,465.0,465.0,465.0
4642.0,1083.0,1083.0,1084.0,464.0,464.0,464.0
4672.0,1090.0,1090.0,1091.0,467.0,467.0,467.0
4641.0,1083.0,1083.0,1083.0,464.0,464.0,464.0
4677.0,1091.0,1091.0,1091.0,468.0,468.0,468.0
4687.0,1093.0,1093.0,1094.0,469.0,469.0,469.0
4681.0,1092.0,1092.0,1093.0,468.0,468.0,468.0
4723.0,1102.0,1102.0,1103.0,472.0,472.0,472.0
4731.0,1104.0,1104.0,1104.0,473.0,473.0,473.0
4732.0,1104.0,1104.0,1105.0,473.0,473.0,473.0
4752.0,1109.0,1109.0,1109.0,475.0,475.0,475.0
4773.0,1114.0,1114.0,1114.0,477.0,477.0,477.0
4779.0,1115.0,1115.0,1115.0,478.0,478.0,478.0
4801.0,1120.0,1120.0,1121.0,480.0,480.0,480.0
4803.0,1121.0,1121.0,1121.0,480.0,480.0,480.0
4809.0,1122.0,1122.0,1122.0,481.0,481.0,481.0
4852.0,1132.0,1132.0,1133.0,485.0,485.0,485.0
4839.0,1129.0,1129.0,1129.0,484.0,484.0,484.0
4843.0,1130.0,1130.0,1131.0,484.0,484.0,484.0
4852.0,1132.0,1132.0,1133.0,485.0,485.0,485.0
4863.0,1135.0,1135.0,1135.0,486.0,486.0,486.0
4878.0,1138.0,1138.0,1138.0,488.0,488.0,488.0
4872.0,1137.0,1137.0,1137.0,487.0,487.0,487.0
4897.0,1142.0,1142.0,1143.0,490.0,490.0,490.0
4878.0,1138.0,1138.0,1138.0,488.0,488.0,488.0
4872.0,1137.0,1137.0,1137.0,487.0,487.0,487.0
4872.0,1137.0,1137.0,1137.0,487.0,487.0,487.0
4881.0,1139.0,1139.0,1139.0,488.0,488.0,488.0
4887.0,1140.0,1140.0,1140.0,489.0,489.0,489.0
4858.0,1133.0,1133.0,1134.0,486.0,486.0,486.0
4840.0,1129.0,1129.0,1130.0,484.0,484.0,484.0
4833.0,1128.0,1128.0,1128.0,483.0,483.0,483.0
4828.0,1126.0,1126.0,1127.0,483.0,483.0,483.0
4810.0,1122.0,1122.0,1123.0,481.0,481.0,481.0
4782.0,1116.0,1116.0,1116.0,478.0,478.0,478.0
4807.0,1121.0,1121.0,1122.0,481.0,481.0,481.0
4777.0,1114.0,1114.0,1115.0,478.0,478.0,478.0
4791.0,1118.0,1118.0,1118.0,479.0,479.0,479.0
4758.0,1110.0,1110.0,1110.0,476.0,476.0,476.0
4761.0,1111.0,1111.0,1111.0,476.0,476.0,476.0
4752.0,1109.0,1109.0,1109.0,475.0,475.0,475.0
4728.0,1103.0,1103.0,1103.0,473.0,473.0,473.0
4738.0,1105.0,1105.0,1106.0,474.0,474.0,474.0
4710.0,1099.0,1099.0,1099.0,471.0,471.0,471.0
4732.0,1104.0,1104.0,1105.0,473.0,473.0,473.0
4711.0,1099.0,1099.0,1100.0,471.0,471.0,471.0
4719.0,1101.0,1101.0,1101.0,472.0,472.0,472.0
4692.0,1095.0,1095.0,1095.0,469.0,469.0,469.0
4723.0,1102.0,1102.0,1103.0,472.0,472.0,472.0
4732.0,1104.0,1104.0,1105.0,473.0,473.0,473.0
4719.0,1101.0,1101.0,1101.0,472.0,472.0,472.0
4728.0,1103.0,1103.0,1103.0,473.0,473.0,473.0
4747.0,1107.0,1107.0,1108.0,475.0,475.0,475.0
4758.0,1110.0,1110.0,1110.0,476.0,476.0,476.0
4759.0,1110.0,1110.0,1111.0,476.0,476.0,476.0
4779.0,1115.0,1115.0,1115.0,478.0,478.0,478.0
4780.0,1115.0,1115.0,1116.0,478.0,478.0,478.0
4801.0,1120.0,1120.0,1121.0,480.0,480.0,480.0
4827.0,1126.0,1126.0,1126.0,483.0,483.0,483.0
4810.0,1122.0,1122.0,1123.0,481.0,481.0,481.0
4839.0,1129.0,1129.0,1129.0,484.0,484.0,484.0
4860.0,1134.0,1134.0,1134.0,486.0,486.0,486.0
4851.0,1132.0,1132.0,1132.0,485.0,485.0,485.0
4869.0,1136.0,1136.0,1136.0,487.0,487.0,487.0
4893.0,1142.0,1142.0,1142.0,489.0,489.0,489.0
4900.0,1143.0,1143.0,1144.0,490.0,490.0,490.0
4909.0,1145.0,1145.0,1146.0,491.0,491.0,491.0
4921.0,1148.0,1148.0,1149.0,492.0,492.0,492.0
4932.0,1151.0,1151.0,1151.0,493.0,493.0,493.0
4932.0,1151.0,1151.0,1151.0,493.0,493.0,493.0
4971.0,1160.0,1160.0,1160.0,497.0,497.0,497.0
4960.0,1157.0,1157.0,1158.0,496.0,496.0,496.0
4966.0,1158.0,1158.0,1159.0,497.0,497.0,497.0
4972.0,1160.0,1160.0,1161.0,497.0,497.0,497.0
4980.0,1162.0,1162.0,1162.0,498.0,498.0,498.0
4969.0,1159.0,1159.0,1160.0,497.0,497.0,497.0
4966.0,1158.0,1158.0,1159.0,497.0,497.0,497.0
4977.0,1161.0,1161.0,1161.0,498.0,498.0,498.0
4963.0,1158.0,1158.0,1159.0,496.0,496.0,496.0
4968.0,1159.0,1159.0,1159.0,497.0,497.0,497.0
4941.0,1153.0,1153.0,1153.0,494.0,494.0,494.0
4947.0,1154.0,1154.0,1154.0,495.0,495.0,495.0
4950.0,1155.0,1155.0,1155.0,495.0,495.0,495.0
4923.0,1149.0,1149.0,1149.0,492.0,492.0,492.0
4938.0,1152.0,1152.0,1152.0,494.0,494.0,494.0
4929.0,1150.0,1150.0,1150.0,493.0,493.0,493.0
4902.0,1144.0,1144.0,1144.0,490.0,490.0,490.0
4897.0,1142.0,1142.0,1143.0,490.0,490.0,490.0
4887.0,1140.0,1140.0,1140.0,489.0,489.0,489.0
4900.0,1143.0,1143.0,1144.0,490.0,490.0,490.0
4861.0,1134.0,1134.0,1135.0,486.0,486.0,486.0
4857.0,1133.0,1133.0,1133.0,486.0,486.0,486.0
4848.0,1131.0,1131.0,1131.0,485.0,485.0,485.0
4822.0,1125.0,1125.0,1126.0,482.0,482.0,482.0
4849.0,1131.0,1131.0,1132.0,485.0,485.0,485.0
4840.0,1129.0,1129.0,1130.0,484.0,484.0,484.0
4821.0,1125.0,1125.0,1125.0,482.0,482.0,482.0
4830.0,1127.0,1127.0,1127.0,483.0,483.0,483.0
4831.0,1127.0,1127.0,1128.0,483.0,483.0,483.0
4827.0,1126.0,1126.0,1126.0,483.0,483.0,483.0
4837.0,1128.0,1128.0,1129.0,484.0,484.0,484.0
4827.0,1126.0,1126.0,1126.0,483.0,483.0,483.0
4840.0,1129.0,1129.0,1130.0,484.0,484.0,484.0
4822.0,1125.0,1125.0,1126.0,482.0,482.0,482.0
4852.0,1132.0,1132.0,1133.0,485.0,485.0,485.0
4846.0,1130.0,1130.0,1131.0,485.0,485.0,485.0
4858.0,1133.0,1133.0,1134.0,486.0,486.0,486.0
4860.0,1134.0,1134.0,1134.0,486.0,486.0,486.0
4891.0,1141.0,1141.0,1142.0,489.0,489.0,489.0
4891.0,1141.0,1141.0,1142.0,489.0,489.0,489.0
4912.0,1146.0,1146.0,1147.0,491.0,491.0,491.0
4906.0,1144.0,1144.0,1145.0,491.0,491.0,491.0
4942.0,1153.0,1153.0,1154.0,494.0,494.0,494.0
4942.0,1153.0,1153.0,1154.0,494.0,494.0,494.0
4962.0,1158.0,1158.0,1158.0,496.0,496.0,496.0
4989.0,1164.0,1164.0,1164.0,499.0,499.0,499.0
4999.0,1166.0,1166.0,1167.0,500.0,500.0,500.0
4998.0,1166.0,1166.0,1166.0,500.0,500.0,500.0
5020.0,1171.0,1171.0,1172.0,502.0,502.0,502.0
5029.0,1173.0,1173.0,1174.0,503.0,503.0,503.0
5052.0,1179.0,1179.0,1179.0,505.0,505.0,505.0
5077.0,1184.0,1184.0,1185.0,508.0,508.0,508.0
5062.0,1181.0,1181.0,1182.0,506.0,506.0,506.0
5079.0,1185.0,1185.0,1185.0,508.0,508.0,508.0
5088.0,1187.0,1187.0,1187.0,509.0,509.0,509.0
5062.0,1181.0,1181.0,1182.0,506.0,506.0,506.0
5079.0,1185.0,1185.0,1185.0,508.0,508.0,508.0
5086.0,1186.0,1186.0,1187.0,509.0,509.0,509.0
5077.0,1184.0,1184.0,1185.0,508.0,508.0,508.0
5068.0,1182.0,1182.0,1183.0,507.0,507.0,507.0
5068.0,1182.0,1182.0,1183.0,507.0,507.0,507.0
5068.0,1182.0,1182.0,1183.0,507.0,507.0,507.0
5062.0,1181.0,1181.0,1182.0,506.0,506.0,506.0
5068.0,1182.0,1182.0,1183.0,507.0,507.0,507.0
5056.0,1179.0,1179.0,1180.0,506.0,506.0,506.0
5040.0,1176.0,1176.0,1176.0,504.0,504.0,504.0
5032.0,1174.0,1174.0,1175.0,503.0,503.0,503.0
5017.0,1170.0,1170.0,1171.0,502.0,502.0,502.0
5017.0,1170.0,1170.0,1171.0,502.0,502.0,502.0
4999.0,1166.0,1166.0,1167.0,500.0,500.0,500.0
4969.0,1159.0,1159.0,1160.0,497.0,497.0,497.0
4992.0,1165.0,1165.0,1165.0,499.0,499.0,499.0
4969.0,1159.0,1159.0,1160.0,497.0,497.0,497.0
4960.0,1157.0,1157.0,1158.0,496.0,496.0,496.0
4966.0,1158.0,1158.0,1159.0,497.0,497.0,497.0
4948.0,1154.0,1154.0,1155.0,495.0,495.0,495.0
4938.0,1152.0,1152.0,1152.0,494.0,494.0,494.0
4948.0,1154.0,1154.0,1155.0,495.0,495.0,495.0
4932.0,1151.0,1151.0,1151.0,493.0,493.0,493.0
4921.0,1148.0,1148.0,1149.0,492.0,492.0,492.0
4927.0,1149.0,1149.0,1150.0,493.0,493.0,493.0
4917.0,1147.0,1147.0,1147.0,492.0,492.0,492.0
4918.0,1147.0,1147.0,1148.0,492.0,492.0,492.0
4933.0,1151.0,1151.0,1152.0,493.0,493.0,493.0
4950.0,1155.0,1155.0,1155.0,495.0,495.0,495.0
4920.0,1148.0,1148.0,1148.0,492.0,492.0,492.0
4950.0,1155.0,1155.0,1155.0,495.0,495.0,495.0
4953.0,1156.0,1156.0,1156.0,495.0,495.0,495.0
4972.0,1160.0,1160.0,1161.0,497.0,497.0,497.0
4999.0,1166.0,1166.0,1167.0,500.0,500.0,500.0
4987.0,1163.0,1163.0,1164.0,499.0,499.0,499.0
4998.0,1166.0,1166.0,1166.0,500.0,500.0,500.0
5007.0,1168.0,1168.0,1168.0,501.0,501.0,501.0
5043.0,1177.0,1177.0,1177.0,504.0,504.0,504.0
5032.0,1174.0,1174.0,1175.0,503.0,503.0,503.0
5032.0,1174.0,1174.0,1175.0,503.0,503.0,503.0
5077.0,1184.0,1184.0,1185.0,508.0,508.0,508.0
5077.0,1184.0,1184.0,1185.0,508.0,508.0,508.0
5088.0,1187.0,1187.0,1187.0,509.0,509.0,509.0
5092.0,1188.0,1188.0,1189.0,509.0,509.0,509.0
5137.0,1198.0,1198.0,1199.0,514.0,514.0,514.0
5113.0,1193.0,1193.0,1194.0,511.0,511.0,511.0
5149.0,1201.0,1201.0,1202.0,515.0,515.0,515.0
5161.0,1204.0,1204.0,1205.0,516.0,516.0,516.0
5152.0,1202.0,1202.0,1203.0,515.0,515.0,515.0
5178.0,1208.0,1208.0,1208.0,518.0,518.0,518.0
5169.0,1206.0,1206.0,1206.0,517.0,517.0,517.0
5187.0,1210.0,1210.0,1210.0,519.0,519.0,519.0
5181.0,1209.0,1209.0,1209.0,518.0,518.0,518.0
5182.0,1209.0,1209.0,1210.0,518.0,518.0,518.0
5187.0,1210.0,1210.0,1210.0,519.0,519.0,519.0
5188.0,1210.0,1210.0,1211.0,519.0,519.0,519.0
5173.0,1207.0,1207.0,1208.0,517.0,517.0,517.0
5182.0,1209.0,1209.0,1210.0,518.0,518.0,518.0
5161.0,1204.0,1204.0,1205.0,516.0,516.0,516.0
5170.0,1206.0,1206.0,1207.0,517.0,517.0,517.0
5152.0,1202.0,1202.0,1203.0,515.0,515.0,515.0
5149.0,1201.0,1201.0,1202.0,515.0,515.0,515.0
5142.0,1200.0,1200.0,1200.0,514.0,514.0,514.0
5118.0,1194.0,1194.0,1194.0,512.0,512.0,512.0
5118.0,1194.0,1194.0,1194.0,512.0,512.0,512.0
5113.0,1193.0,1193.0,1194.0,511.0,511.0,511.0
5101.0,1190.0,1190.0,1191.0,510.0,510.0,510.0
5098.0,1189.0,1189.0,1190.0,510.0,510.0,510.0
5088.0,1187.0,1187.0,1187.0,509.0,509.0,509.0
5052.0,1179.0,1179.0,1179.0,505.0,505.0,505.0
5059.0,1180.0,1180.0,1181.0,506.0,506.0,506.0
5049.0,1178.0,1178.0,1178.0,505.0,505.0,505.0
5052.0,1179.0,1179.0,1179.0,505.0,505.0,505.0
5061.0,1181.0,1181.0,1181.0,506.0,506.0,506.0
5029.0,1173.0,1173.0,1174.0,503.0,503.0,503.0
5032.0,1174.0,1174.0,1175.0,503.0,503.0,503.0
5031.0,1174.0,1174.0,1174.0,503.0,503.0,503.0
5026.0,1172.0,1172.0,1173.0,503.0,503.0,503.0
5028.0,1173.0,1173.0,1173.0,503.0,503.0,503.0
5040.0,1176.0,1176.0,1176.0,504.0,504.0,504.0
5037.0,1175.0,1175.0,1175.0,504.0,504.0,504.0
5047.0,1177.0,1177.0,1178.0,505.0,505.0,505.0
5049.0,1178.0,1178.0,1178.0,505.0,505.0,505.0
5056.0,1179.0,1179.0,1180.0,506.0,506.0,506.0
5073.0,1184.0,1184.0,1184.0,507.0,507.0,507.0
5080.0,1185.0,1185.0,1186.0,508.0,508.0,508.0
5082.0,1186.0,1186.0,1186.0,508.0,508.0,508.0
5107.0,1191.0,1191.0,1192.0,511.0,511.0,511.0
5148.0,1201.0,1201.0,1201.0,515.0,515.0,515.0
5127.0,1196.0,1196.0,1196.0,513.0,513.0,513.0
5152.0,1202.0,1202.0,1203.0,515.0,515.0,515.0
5152.0,1202.0,1202.0,1203.0,515.0,515.0,515.0
5173.0,1207.0,1207.0,1208.0,517.0,517.0,517.0
5182.0,1209.0,1209.0,1210.0,518.0,518.0,518.0
5209.0,1215.0,1215.0,1216.0,521.0,521.0,521.0
5217.0,1217.0,1217.0,1217.0,522.0,522.0,522.0
5221.0,1218.0,1218.0,1219.0,522.0,522.0,522.0
5233.0,1221.0,1221.0,1222.0,523.0,523.0,523.0
5229.0,1220.0,1220.0,1220.0,523.0,523.0,523.0
5269.0,1229.0,1229.0,1230.0,527.0,527.0,527.0
5271.0,1230.0,1230.0,1230.0,527.0,527.0,527.0
5260.0,1227.0,1227.0,1228.0,526.0,526.0,526.0
5251.0,1225.0,1225.0,1226.0,525.0,525.0,525.0
5277.0,1231.0,1231.0,1231.0,528.0,528.0,528.0
5289.0,1234.0,1234.0,1234.0,529.0,529.0,529.0
5296.0,1235.0,1235.0,1236.0,530.0,530.0,530.0
5292.0,1235.0,1235.0,1235.0,529.0,529.0,529.0
5283.0,1233.0,1233.0,1233.0,528.0,528.0,528.0
5290.0,1234.0,1234.0,1235.0,529.0,529.0,529.0
5277.0,1231.0,1231.0,1231.0,528.0,528.0,528.0
5259.0,1227.0,1227.0,1227.0,526.0,526.0,526.0
5260.0,1227.0,1227.0,1228.0,526.0,526.0,526.0
5253.0,1226.0,1226.0,1226.0,525.0,525.0,525.0
5250.0,1225.0,1225.0,1225.0,525.0,525.0,525.0
5238.0,1222.0,1222.0,1222.0,524.0,524.0,524.0
5230.0,1220.0,1220.0,1221.0,523.0,523.0,523.0
5239.0,1222.0,1222.0,1223.0,524.0,524.0,524.0
5218.0,1217.0,1217.0,1218.0,522.0,522.0,522.0
5202.0,1214.0,1214.0,1214.0,520.0,520.0,520.0
5178.0,1208.0,1208.0,1208.0,518.0,518.0,518.0
5182.0,1209.0,1209.0,1210.0,518.0,518.0,518.0
5197.0,1212.0,1212.0,1213.0,520.0,520.0,520.0
5176.0,1207.0,1207.0,1208.0,518.0,518.0,518.0
5149.0,1201.0,1201.0,1202.0,515.0,515.0,515.0
5158.0,1203.0,1203.0,1204.0,516.0,516.0,516.0
5149.0,1201.0,1201.0,1202.0,515.0,515.0,515.0
5149.0,1201.0,1201.0,1202.0,515.0,515.0,515.0
5121.0,1195.0,1195.0,1195.0,512.0,512.0,512.0
5151.0,1202.0,1202.0,1202.0,515.0,515.0,515.0
5127.0,1196.0,1196.0,1196.0,513.0,513.0,513.0
5137.0,1198.0,1198.0,1199.0,514.0,514.0,514.0
5158.0,1203.0,1203.0,1204.0,516.0,516.0,516.0
5167.0,1205.0,1205.0,1206.0,517.0,517.0,517.0
5143.0,1200.0,1200.0,1201.0,514.0,514.0,514.0
5169.0,1206.0,1206.0,1206.0,517.0,517.0,517.0
5160.0,1204.0,1204.0,1204.0,516.0,516.0,516.0
5169.0,1206.0,1206.0,1206.0,517.0,517.0,517.0
5206.0,1214.0,1214.0,1215.0,521.0,521.0,521.0
5202.0,1214.0,1214.0,1214.0,520.0,520.0,520.0
5218.0,1217.0,1217.0,1218.0,522.0,522.0,522.0
5229.0,1220.0,1220.0,1220.0,523.0,523.0,523.0
5232.0,1221.0,1221.0,1221.0,523.0,523.0,523.0
5238.0,1222.0,1222.0,1222.0,524.0,524.0,524.0
5283.0,1233.0,1233.0,1233.0,528.0,528.0,528.0
5281.0,1232.0,1232.0,1233.0,528.0,528.0,528.0
5307.0,1238.0,1238.0,1238.0,531.0,531.0,531.0
5311.0,1239.0,1239.0,1240.0,531.0,531.0,531.0
5319.0,1241.0,1241.0,1241.0,532.0,532.0,532.0
5338.0,1245.0,1245.0,1246.0,534.0,534.0,534.0
5338.0,1245.0,1245.0,1246.0,534.0,534.0,534.0
5350.0,1248.0,1248.0,1249.0,535.0,535.0,535.0
5361.0,1251.0,1251.0,1251.0,536.0,536.0,536.0
5362.0,1251.0,1251.0,1252.0,536.0,536.0,536.0
5388.0,1257.0,1257.0,1257.0,539.0,539.0,539.0
5386.0,1256.0,1256.0,1257.0,539.0,539.0,539.0
5397.0,1259.0,1259.0,1259.0,540.0,540.0,540.0
5382.0,1256.0,1256.0,1256.0,538.0,538.0,538.0
5401.0,1260.0,1260.0,1261.0,540.0,540.0,540.0
5380.0,1255.0,1255.0,1256.0,538.0,538.0,538.0
5371.0,1253.0,1253.0,1254.0,537.0,537.0,537.0
5391.0,1258.0,1258.0,1258.0,539.0,539.0,539.0
5389.0,1257.0,1257.0,1258.0,539.0,539.0,539.0
5379.0,1255.0,1255.0,1255.0,538.0,538.0,538.0
5377.0,1254.0,1254.0,1255.0,538.0,538.0,538.0
5358.0,1250.0,1250.0,1250.0,536.0,536.0,536.0
5370.0,1253.0,1253.0,1253.0,537.0,537.0,537.0
5352.0,1249.0,1249.0,1249.0,535.0,535.0,535.0
5332.0,1244.0,1244.0,1245.0,533.0,533.0,533.0
5329.0,1243.0,1243.0,1244.0,533.0,533.0,533.0
5308.0,1238.0,1238.0,1239.0,531.0,531.0,531.0
5319.0,1241.0,1241.0,1241.0,532.0,532.0,532.0
5302.0,1237.0,1237.0,1238.0,530.0,530.0,530.0
5278.0,1231.0,1231.0,1232.0,528.0,528.0,528.0
5281.0,1232.0,1232.0,1233.0,528.0,528.0,528.0
5253.0,1226.0,1226.0,1226.0,525.0,525.0,525.0
5262.0,1228.0,1228.0,1228.0,526.0,526.0,526.0
5260.0,1227.0,1227.0,1228.0,526.0,526.0,526.0
5247.0,1224.0,1224.0,1224.0,525.0,525.0,525.0
5259.0,1227.0,1227.0,1227.0,526.0,526.0,526.0
5250.0,1225.0,1225.0,1225.0,525.0,525.0,525.0
5257.0,1226.0,1226.0,1227.0,526.0,526.0,526.0
5241.0,1223.0,1223.0,1223.0,524.0,524.0,524.0
5227.0,1219.0,1219.0,1220.0,523.0,523.0,523.0
5241.0,1223.0,1223.0,1223.0,524.0,524.0,524.0
5233.0,1221.0,1221.0,1222.0,523.0,523.0,523.0
5269.0,1229.0,1229.0,1230.0,527.0,527.0,527.0
5268.0,1229.0,1229.0,1229.0,527.0,527.0,527.0
5262.0,1228.0,1228.0,1228.0,526.0,526.0,526.0
5280.0,1232.0,1232.0,1232.0,528.0,528.0,528.0
5287.0,1233.0,1233.0,1234.0,529.0,529.0,529.0
5311.0,1239.0,1239.0,1240.0,531.0,531.0,531.0
5329.0,1243.0,1243.0,1244.0,533.0,533.0,533.0
5337.0,1245.0,1245.0,1245.0,534.0,534.0,534.0
5340.0,1246.0,1246.0,1246.0,534.0,534.0,534.0
5359.0,1250.0,1250.0,1251.0,536.0,536.0,536.0
5367.0,1252.0,1252.0,1252.0,537.0,537.0,537.0
5367.0,1252.0,1252.0,1252.0,537.0,537.0,537.0
5398.0,1259.0,1259.0,1260.0,540.0,540.0,540.0
5398.0,1259.0,1259.0,1260.0,540.0,540.0,540.0
5419.0,1264.0,1264.0,1265.0,542.0,542.0,542.0
5440.0,1269.0,1269.0,1270.0,544.0,544.0,544.0
5446.0,1270.0,1270.0,1271.0,545.0,545.0,545.0
5461.0,1274.0,1274.0,1275.0,546.0,546.0,546.0
5470.0,1276.0,1276.0,1277.0,547.0,547.0,547.0
5457.0,1273.0,1273.0,1273.0,546.0,546.0,546.0
5472.0,1277.0,1277.0,1277.0,547.0,547.0,547.0
5457.0,1273.0,1273.0,1273.0,546.0,546.0,546.0
5512.0,1286.0,1286.0,1287.0,551.0,551.0,551.0
5503.0,1284.0,1284.0,1285.0,550.0,550.0,550.0
5500.0,1283.0,1283.0,1284.0,550.0,550.0,550.0
5512.0,1286.0,1286.0,1287.0,551.0,551.0,551.0
5503.0,1284.0,1284.0,1285.0,550.0,550.0,550.0
5482.0,1279.0,1279.0,1280.0,548.0,548.0,548.0
5458.0,1273.0,1273.0,1274.0,546.0,546.0,546.0
5493.0,1282.0,1282.0,1282.0,549.0,549.0,549.0
5457.0,1273.0,1273.0,1273.0,546.0,546.0,546.0
5457.0,1273.0,1273.0,1273.0,546.0,546.0,546.0
5451.0,1272.0,1272.0,1272.0,545.0,545.0,545.0
5461.0,1274.0,1274.0,1275.0,546.0,546.0,546.0
5448.0,1271.0,1271.0,1271.0,545.0,545.0,545.0
5446.0,1270.0,1270.0,1271.0,545.0,545.0,545.0
5409.0,1262.0,1262.0,1262.0,541.0,541.0,541.0
5418.0,1264.0,1264.0,1264.0,542.0,542.0,542.0
5410.0,1262.0,1262.0,1263.0,541.0,541.0,541.0
5382.0,1256.0,1256.0,1256.0,538.0,538.0,538.0
5362.0,1251.0,1251.0,1252.0,536.0,536.0,536.0
5379.0,1255.0,1255.0,1255.0,538.0,538.0,538.0
5371.0,1253.0,1253.0,1254.0,537.0,537.0,537.0
5362.0,1251.0,1251.0,1252.0,536.0,536.0,536.0
5350.0,1248.0,1248.0,1249.0,535.0,535.0,535.0
5352.0,1249.0,1249.0,1249.0,535.0,535.0,535.0
5356.0,1249.0,1249.0,1250.0,536.0,536.0,536.0
5337.0,1245.0,1245.0,1245.0,534.0,534.0,534.0
5358.0,1250.0,1250.0,1250.0,536.0,536.0,536.0
5358.0,1250.0,1250.0,1250.0,536.0,536.0,536.0
5350.0,1248.0,1248.0,1249.0,535.0,535.0,535.0
5337.0,1245.0,1245.0,1245.0,534.0,534.0,534.0
5352.0,1249.0,1249.0,1249.0,535.0,535.0,535.0
5362.0,1251.0,1251.0,1252.0,536.0,536.0,536.0
5367.0,1252.0,1252.0,1252.0,537.0,537.0,537.0
5373.0,1254.0,1254.0,1254.0,537.0,537.0,537.0
5377.0,1254.0,1254.0,1255.0,538.0,538.0,538.0
5401.0,1260.0,1260.0,1261.0,540.0,540.0,540.0
5412.0,1263.0,1263.0,1263.0,541.0,541.0,541.0
5428.0,1266.0,1266.0,1267.0,543.0,543.0,543.0
5442.0,1270.0,1270.0,1270.0,544.0,544.0,544.0
5451.0,1272.0,1272.0,1272.0,545.0,545.0,545.0
5481.0,1279.0,1279.0,1279.0,548.0,548.0,548.0
5476.0,1277.0,1277.0,1278.0,548.0,548.0,548.0
5509.0,1285.0,1285.0,1286.0,551.0,551.0,551.0
5506.0,1284.0,1284.0,1285.0,551.0,551.0,551.0
5520.0,1288.0,1288.0,1288.0,552.0,552.0,552.0
5532.0,1291.0,1291.0,1291.0,553.0,553.0,553.0
5536.0,1291.0,1291.0,1292.0,554.0,554.0,554.0
5578.0,1301.0,1301.0,1302.0,558.0,558.0,558.0
5572.0,1300.0,1300.0,1301.0,557.0,557.0,557.0
5578.0,1301.0,1301.0,1302.0,558.0,558.0,558.0
5592.0,1305.0,1305.0,1305.0,559.0,559.0,559.0
5587.0,1303.0,1303.0,1304.0,559.0,559.0,559.0
5593.0,1305.0,1305.0,1306.0,559.0,559.0,559.0
5589.0,1304.0,1304.0,1304.0,559.0,559.0,559.0
5593.0,1305.0,1305.0,1306.0,559.0,559.0,559.0
5599.0,1306.0,1306.0,1307.0,560.0,560.0,560.0
5601.0,1307.0,1307.0,1307.0,560.0,560.0,560.0
5583.0,1303.0,1303.0,1303.0,558.0,558.0,558.0
5587.0,1303.0,1303.0,1304.0,559.0,559.0,559.0
5581.0,1302.0,1302.0,1303.0,558.0,558.0,558.0
5563.0,1298.0,1298.0,1299.0,556.0,556.0,556.0
5553.0,1296.0,1296.0,1296.0,555.0,555.0,555.0
5550.0,1295.0,1295.0,1295.0,555.0,555.0,555.0
5560.0,1297.0,1297.0,1298.0,556.0,556.0,556.0
5542.0,1293.0,1293.0,1294.0,554.0,554.0,554.0
5530.0,1290.0,1290.0,1291.0,553.0,553.0,553.0
5538.0,1292.0,1292.0,1292.0,554.0,554.0,554.0
5512.0,1286.0,1286.0,1287.0,551.0,551.0,551.0
5491.0,1281.0,1281.0,1282.0,549.0,549.0,549.0
5497.0,1282.0,1282.0,1283.0,550.0,550.0,550.0
5500.0,1283.0,1283.0,1284.0,550.0,550.0,550.0
5482.0,1279.0,1279.0,1280.0,548.0,548.0,548.0
5482.0,1279.0,1279.0,1280.0,548.0,548.0,548.0
5472.0,1277.0,1277.0,1277.0,547.0,547.0,547.0
5451.0,1272.0,1272.0,1272.0,545.0,545.0,545.0
5463.0,1275.0,1275.0,1275.0,546.0,546.0,546.0
5458.0,1273.0,1273.0,1274.0,546.0,546.0,546.0
5452.0,1272.0,1272.0,1273.0,545.0,545.0,545.0
5451.0,1272.0,1272.0,1272.0,545.0,545.0,545.0
5431.0,1267.0,1267.0,1268.0,543.0,543.0,543.0
5451.0,1272.0,1272.0,1272.0,545.0,545.0,545.0
5449.0,1271.0,1271.0,1272.0,545.0,545.0,545.0
5452.0,1272.0,1272.0,1273.0,545.0,545.0,545.0
5463.0,1275.0,1275.0,1275.0,546.0,546.0,546.0
5463.0,1275.0,1275.0,1275.0,546.0,546.0,546.0
5497.0,1282.0,1282.0,1283.0,550.0,550.0,550.0
5488.0,1280.0,1280.0,1281.0,549.0,549.0,549.0
5508.0,1285.0,1285.0,1285.0,551.0,551.0,551.0
5500.0,1283.0,1283.0,1284.0,550.0,550.0,550.0
5523.0,1289.0,1289.0,1289.0,552.0,552.0,552.0
5550.0,1295.0,1295.0,1295.0,555.0,555.0,555.0
5557.0,1296.0,1296.0,1297.0,556.0,556.0,556.0
5602.0,1307.0,1307.0,1308.0,560.0,560.0,560.0
5583.0,1303.0,1303.0,1303.0,558.0,558.0,558.0
5602.0,1307.0,1307.0,1308.0,560.0,560.0,560.0
5610.0,1309.0,1309.0,1309.0,561.0,561.0,561.0
5640.0,1316.0,1316.0,1316.0,564.0,564.0,564.0
5650.0,1318.0,1318.0,1319.0,565.0,565.0,565.0
5647.0,1317.0,1317.0,1318.0,565.0,565.0,565.0
5673.0,1324.0,1324.0,1324.0,567.0,567.0,567.0
5691.0,1328.0,1328.0,1328.0,569.0,569.0,569.0
5670.0,1323.0,1323.0,1323.0,567.0,567.0,567.0
5697.0,1329.0,1329.0,1329.0,570.0,570.0,570.0
5689.0,1327.0,1327.0,1328.0,569.0,569.0,569.0
5683.0,1326.0,1326.0,1327.0,568.0,568.0,568.0
5712.0,1333.0,1333.0,1333.0,571.0,571.0,571.0
5692.0,1328.0,1328.0,1329.0,569.0,569.0,569.0
5710.0,1332.0,1332.0,1333.0,571.0,571.0,571.0
5703.0,1331.0,1331.0,1331.0,570.0,570.0,570.0
5703.0,1331.0,1331.0,1331.0,570.0,570.0,570.0
5697.0,1329.0,1329.0,1329.0,570.0,570.0,570.0
5688.0,1327.0,1327.0,1327.0,569.0,569.0,569.0
5679.0,1325.0,1325.0,1325.0,568.0,568.0,568.0
5688.0,1327.0,1327.0,1327.0,569.0,569.0,569.0
5653.0,1319.0,1319.0,1320.0,565.0,565.0,565.0
5662.0,1321.0,1321.0,1322.0,566.0,566.0,566.0
5637.0,1315.0,1315.0,1315.0,564.0,564.0,564.0
5649.0,1318.0,1318.0,1318.0,565.0,565.0,565.0
5628.0,1313.0,1313.0,1313.0,563.0,563.0,563.0
5617.0,1310.0,1310.0,1311.0,562.0,562.0,562.0
5623.0,1312.0,1312.0,1313.0,562.0,562.0,562.0
5599.0,1306.0,1306.0,1307.0,560.0,560.0,560.0
5577.0,1301.0,1301.0,1301.0,558.0,558.0,558.0
5580.0,1302.0,1302.0,1302.0,558.0,558.0,558.0
5587.0,1303.0,1303.0,1304.0,559.0,559.0,559.0
5566.0,1298.0,1298.0,1299.0,557.0,557.0,557.0
5559.0,1297.0,1297.0,1297.0,556.0,556.0,556.0
5532.0,1291.0,1291.0,1291.0,553.0,553.0,553.0
5548.0,1294.0,1294.0,1295.0,555.0,555.0,555.0
5541.0,1293.0,1293.0,1293.0,554.0,554.0,554.0
5542.0,1293.0,1293.0,1294.0,554.0,554.0,554.0
5538.0,1292.0,1292.0,1292.0,554.0,554.0,554.0
5553.0,1296.0,1296.0,1296.0,555.0,555.0,555.0
5562.0,1298.0,1298.0,1298.0,556.0,556.0,556.0
5587.0,1303.0,1303.0,1304.0,559.0,559.0,559.0
5572.0,1300.0,1300.0,1301.0,557.0,557.0,557.0
5578.0,1301.0,1301.0,1302.0,558.0,558.0,558.0
5599.0,1306.0,1306.0,1307.0,560.0,560.0,560.0
5598.0,1306.0,1306.0,1306.0,560.0,560.0,560.0
5617.0,1310.0,1310.0,1311.0,562.0,562.0,562.0
5620.0,1311.0,1311.0,1312.0,562.0,562.0,562.0
5631.0,1314.0,1314.0,1314.0,563.0,563.0,563.0
5656.0,1319.0,1319.0,1320.0,566.0,566.0,566.0
5668.0,1322.0,1322.0,1323.0,567.0,567.0,567.0
5677.0,1324.0,1324.0,1325.0,568.0,568.0,568.0
5707.0,1331.0,1331.0,1332.0,571.0,571.0,571.0
5712.0,1333.0,1333.0,1333.0,571.0,571.0,571.0
5728.0,1336.0,1336.0,1337.0,573.0,573.0,573.0
5740.0,1339.0,1339.0,1340.0,574.0,574.0,574.0
5752.0,1342.0,1342.0,1343.0,575.0,575.0,575.0
5752.0,1342.0,1342.0,1343.0,575.0,575.0,575.0
5782.0,1349.0,1349.0,1350.0,578.0,578.0,578.0
5797.0,1352.0,1352.0,1353.0,580.0,580.0,580.0
5776.0,1347.0,1347.0,1348.0,578.0,578.0,578.0
5800.0,1353.0,1353.0,1354.0,580.0,580.0,580.0
5820.0,1358.0,1358.0,1358.0,582.0,582.0,582.0
5806.0,1354.0,1354.0,1355.0,581.0,581.0,581.0
5817.0,1357.0,1357.0,1357.0,582.0,582.0,582.0
5803.0,1354.0,1354.0,1355.0,580.0,580.0,580.0
5811.0,1356.0,1356.0,1356.0,581.0,581.0,581.0
5812.0,1356.0,1356.0,1357.0,581.0,581.0,581.0
5781.0,1349.0,1349.0,1349.0,578.0,578.0,578.0
5793.0,1352.0,1352.0,1352.0,579.0,579.0,579.0
5800.0,1353.0,1353.0,1354.0,580.0,580.0,580.0
5769.0,1346.0,1346.0,1346.0,577.0,577.0,577.0
5770.0,1346.0,1346.0,1347.0,577.0,577.0,577.0
5772.0,1347.0,1347.0,1347.0,577.0,577.0,577.0
5760.0,1344.0,1344.0,1344.0,576.0,576.0,576.0
5743.0,1340.0,1340.0,1341.0,574.0,574.0,574.0
5728.0,1336.0,1336.0,1337.0,573.0,573.0,573.0
5737.0,1338.0,1338.0,1339.0,574.0,574.0,574.0
5733.0,1338.0,1338.0,1338.0,573.0,573.0,573.0
5698.0,1329.0,1329.0,1330.0,570.0,570.0,570.0
5688.0,1327.0,1327.0,1327.0,569.0,569.0,569.0
5703.0,1331.0,1331.0,1331.0,570.0,570.0,570.0
5680.0,1325.0,1325.0,1326.0,568.0,568.0,568.0
5673.0,1324.0,1324.0,1324.0,567.0,567.0,567.0
5670.0,1323.0,1323.0,1323.0,567.0,567.0,567.0
5662.0,1321.0,1321.0,1322.0,566.0,566.0,566.0
5680.0,1325.0,1325.0,1326.0,568.0,568.0,568.0
5670.0,1323.0,1323.0,1323.0,567.0,567.0,567.0
5671.0,1323.0,1323.0,1324.0,567.0,567.0,567.0
5668.0,1322.0,1322.0,1323.0,567.0,567.0,567.0
5656.0,1319.0,1319.0,1320.0,566.0,566.0,566.0
5658.0,1320.0,1320.0,1320.0,566.0,566.0,566.0
5652.0,1319.0,1319.0,1319.0,565.0,565.0,565.0
5662.0,1321.0,1321.0,1322.0,566.0,566.0,566.0
5697.0,1329.0,1329.0,1329.0,570.0,570.0,570.0
5686.0,1326.0,1326.0,1327.0,569.0,569.0,569.0
5701.0,1330.0,1330.0,1331.0,570.0,570.0,570.0
5707.0,1331.0,1331.0,1332.0,571.0,571.0,571.0
5710.0,1332.0,1332.0,1333.0,571.0,571.0,571.0
5718.0,1334.0,1334.0,1334.0,572.0,572.0,572.0
5742.0,1340.0,1340.0,1340.0,574.0,574.0,574.0
5763.0,1345.0,1345.0,1345.0,576.0,576.0,576.0
5767.0,1345.0,1345.0,1346.0,577.0,577.0,577.0
5790.0,1351.0,1351.0,1351.0,579.0,579.0,579.0
5790.0,1351.0,1351.0,1351.0,579.0,579.0,579.0
5797.0,1352.0,1352.0,1353.0,580.0,580.0,580.0
5820.0,1358.0,1358.0,1358.0,582.0,582.0,582.0
5832.0,1361.0,1361.0,1361.0,583.0,583.0,583.0
5860.0,1367.0,1367.0,1368.0,586.0,586.0,586.0
5857.0,1366.0,1366.0,1367.0,586.0,586.0,586.0
5878.0,1371.0,1371.0,1372.0,588.0,588.0,588.0
5883.0,1373.0,1373.0,1373.0,588.0,588.0,588.0
5892.0,1375.0,1375.0,1375.0,589.0,589.0,589.0
5898.0,1376.0,1376.0,1376.0,590.0,590.0,590.0
5898.0,1376.0,1376.0,1376.0,590.0,590.0,590.0
5929.0,1383.0,1383.0,1384.0,593.0,593.0,593.0
5911.0,1379.0,1379.0,1380.0,591.0,591.0,591.0
5910.0,1379.0,1379.0,1379.0,591.0,591.0,591.0
5910.0,1379.0,1379.0,1379.0,591.0,591.0,591.0
5908.0,1378.0,1378.0,1379.0,591.0,591.0,591.0
5910.0,1379.0,1379.0,1379.0,591.0,591.0,591.0
5887.0,1373.0,1373.0,1374.0,589.0,589.0,589.0
5892.0,1375.0,1375.0,1375.0,589.0,589.0,589.0
5881.0,1372.0,1372.0,1373.0,588.0,588.0,588.0
5881.0,1372.0,1372.0,1373.0,588.0,588.0,588.0
5872.0,1370.0,1370.0,1371.0,587.0,587.0,587.0
5853.0,1366.0,1366.0,1366.0,585.0,585.0,585.0
5839.0,1362.0,1362.0,1363.0,584.0,584.0,584.0
5860.0,1367.0,1367.0,1368.0,586.0,586.0,586.0
5830.0,1360.0,1360.0,1361.0,583.0,583.0,583.0
5842.0,1363.0,1363.0,1364.0,584.0,584.0,584.0
5803.0,1354.0,1354.0,1355.0,580.0,580.0,580.0
5791.0,1351.0,1351.0,1352.0,579.0,579.0,579.0
5787.0,1350.0,1350.0,1350.0,579.0,579.0,579.0
5800.0,1353.0,1353.0,1354.0,580.0,580.0,580.0
5781.0,1349.0,1349.0,1349.0,578.0,578.0,578.0
5782.0,1349.0,1349.0,1350.0,578.0,578.0,578.0
5752.0,1342.0,1342.0,1343.0,575.0,575.0,575.0
5760.0,1344.0,1344.0,1344.0,576.0,576.0,576.0
5749.0,1341.0,1341.0,1342.0,575.0,575.0,575.0
5752.0,1342.0,1342.0,1343.0,575.0,575.0,575.0
5767.0,1345.0,1345.0,1346.0,577.0,577.0,577.0
5760.0,1344.0,1344.0,1344.0,576.0,576.0,576.0
5767.0,1345.0,1345.0,1346.0,577.0,577.0,577.0
5791.0,1351.0,1351.0,1352.0,579.0,579.0,579.0
5767.0,1345.0,1345.0,1346.0,577.0,577.0,577.0
5800.0,1353.0,1353.0,1354.0,580.0,580.0,580.0
5803.0,1354.0,1354.0,1355.0,580.0,580.0,580.0
5808.0,1355.0,1355.0,1355.0,581.0,581.0,581.0
5811.0,1356.0,1356.0,1356.0,581.0,581.0,581.0
5808.0,1355.0,1355.0,1355.0,581.0,581.0,581.0
5832.0,1361.0,1361.0,1361.0,583.0,583.0,583.0
5842.0,1363.0,1363.0,1364.0,584.0,584.0,584.0
5860.0,1367.0,1367.0,1368.0,586.0,586.0,586.0
5878.0,1371.0,1371.0,1372.0,588.0,588.0,588.0
5878.0,1371.0,1371.0,1372.0,588.0,588.0,588.0
5899.0,1376.0,1376.0,1377.0,590.0,590.0,590.0
5917.0,1380.0,1380.0,1381.0,592.0,592.0,592.0
5922.0,1382.0,1382.0,1382.0,592.0,592.0,592.0
5962.0,1391.0,1391.0,1392.0,596.0,596.0,596.0
5938.0,1385.0,1385.0,1386.0,594.0,594.0,594.0
5971.0,1393.0,1393.0,1394.0,597.0,597.0,597.0
5980.0,1395.0,1395.0,1396.0,598.0,598.0,598.0
5991.0,1398.0,1398.0,1398.0,599.0,599.0,599.0
5988.0,1397.0,1397.0,1397.0,599.0,599.0,599.0
5988.0,1397.0,1397.0,1397.0,599.0,599.0,599.0
6021.0,1405.0,1405.0,1405.0,602.0,602.0,602.0
6010.0,1402.0,1402.0,1403.0,601.0,601.0,601.0
6007.0,1401.0,1401.0,1402.0,601.0,601.0,601.0
6010.0,1402.0,1402.0,1403.0,601.0,601.0,601.0
6028.0,1406.0,1406.0,1407.0,603.0,603.0,603.0
6037.0,1408.0,1408.0,1409.0,604.0,604.0,604.0
6016.0,1403.0,1403.0,1404.0,602.0,602.0,602.0
6012.0,1403.0,1403.0,1403.0,601.0,601.0,601.0
6003.0,1401.0,1401.0,1401.0,600.0,600.0,600.0
5992.0,1398.0,1398.0,1399.0,599.0,599.0,599.0
5980.0,1395.0,1395.0,1396.0,598.0,598.0,598.0
5962.0,1391.0,1391.0,1392.0,596.0,596.0,596.0
5968.0,1392.0,1392.0,1393.0,597.0,597.0,597.0
5959.0,1390.0,1390.0,1391.0,596.0,596.0,596.0
5956.0,1389.0,1389.0,1390.0,596.0,596.0,596.0
5941.0,1386.0,1386.0,1387.0,594.0,594.0,594.0
5913.0,1380.0,1380.0,1380.0,591.0,591.0,591.0
5911.0,1379.0,1379.0,1380.0,591.0,591.0,591.0
5908.0,1378.0,1378.0,1379.0,591.0,591.0,591.0
5902.0,1377.0,1377.0,1378.0,590.0,590.0,590.0
5887.0,1373.0,1373.0,1374.0,589.0,589.0,589.0
5880.0,1372.0,1372.0,1372.0,588.0,588.0,588.0
5898.0,1376.0,1376.0,1376.0,590.0,590.0,590.0
5868.0,1369.0,1369.0,1369.0,587.0,587.0,587.0
5872.0,1370.0,1370.0,1371.0,587.0,587.0,587.0
5857.0,1366.0,1366.0,1367.0,586.0,586.0,586.0
5868.0,1369.0,1369.0,1369.0,587.0,587.0,587.0
5869.0,1369.0,1369.0,1370.0,587.0,587.0,587.0
5877.0,1371.0,1371.0,1371.0,588.0,588.0,588.0
5868.0,1369.0,1369.0,1369.0,587.0,587.0,587.0
5880.0,1372.0,1372.0,1372.0,588.0,588.0,588.0
5869.0,1369.0,1369.0,1370.0,587.0,587.0,587.0
5890.0,1374.0,1374.0,1375.0,589.0,589.0,589.0
5896.0,1375.0,1375.0,1376.0,590.0,590.0,590.0
5929.0,1383.0,1383.0,1384.0,593.0,593.0,593.0
5929.0,1383.0,1383.0,1384.0,593.0,593.0,593.0
5931.0,1384.0,1384.0,1384.0,593.0,593.0,593.0
5931.0,1384.0,1384.0,1384.0,593.0,593.0,593.0
5947.0,1387.0,1387.0,1388.0,595.0,595.0,595.0
5941.0,1386.0,1386.0,1387.0,594.0,594.0,594.0
6000.0,1400.0,1400.0,1400.0,600.0,600.0,600.0
5973.0,1394.0,1394.0,1394.0,597.0,597.0,597.0
6001.0,1400.0,1400.0,1401.0,600.0,600.0,600.0
6021.0,1405.0,1405.0,1405.0,602.0,602.0,602.0
6042.0,1410.0,1410.0,1410.0,604.0,604.0,604.0
6058.0,1413.0,1413.0,1414.0,606.0,606.0,606.0
6061.0,1414.0,1414.0,1415.0,606.0,606.0,606.0
6070.0,1416.0,1416.0,1417.0,607.0,607.0,607.0
6082.0,1419.0,1419.0,1420.0,608.0,608.0,608.0
6082.0,1419.0,1419.0,1420.0,608.0,608.0,608.0
6093.0,1422.0,1422.0,1422.0,609.0,609.0,609.0
6102.0,1424.0,1424.0,1424.0,610.0,610.0,610.0
6121.0,1428.0,1428.0,1429.0,612.0,612.0,612.0
6127.0,1429.0,1429.0,1430.0,613.0,613.0,613.0
6117.0,1427.0,1427.0,1427.0,612.0,612.0,612.0
6111.0,1426.0,1426.0,1426.0,611.0,611.0,611.0
6150.0,1435.0,1435.0,1435.0,615.0,615.0,615.0
6112.0,1426.0,1426.0,1427.0,611.0,611.0,611.0
6112.0,1426.0,1426.0,1427.0,611.0,611.0,611.0
6127.0,1429.0,1429.0,1430.0,613.0,613.0,613.0
6097.0,1422.0,1422.0,1423.0,610.0,610.0,610.0
6102.0,1424.0,1424.0,1424.0,610.0,610.0,610.0
6088.0,1420.0,1420.0,1421.0,609.0,609.0,609.0
6078.0,1418.0,1418.0,1418.0,608.0,608.0,608.0
6061.0,1414.0,1414.0,1415.0,606.0,606.0,606.0
6072.0,1417.0,1417.0,1417.0,607.0,607.0,607.0
6058.0,1413.0,1413.0,1414.0,606.0,606.0,606.0
6030.0,1407.0,1407.0,1407.0,603.0,603.0,603.0
6048.0,1411.0,1411.0,1411.0,605.0,605.0,605.0
6033.0,1408.0,1408.0,1408.0,603.0,603.0,603.0
6021.0,1405.0,1405.0,1405.0,602.0,602.0,602.0
6000.0,1400.0,1400.0,1400.0,600.0,600.0,600.0
6010.0,1402.0,1402.0,1403.0,601.0,601.0,601.0
5968.0,1392.0,1392.0,1393.0,597.0,597.0,597.0
5992.0,1398.0,1398.0,1399.0,599.0,599.0,599.0
5982.0,1396.0,1396.0,1396.0,598.0,598.0,598.0
5968.0,1392.0,1392.0,1393.0,597.0,597.0,597.0
5977.0,1394.0,1394.0,1395.0,598.0,598.0,598.0
5968.0,1392.0,1392.0,1393.0,597.0,597.0,597.0
5958.0,1390.0,1390.0,1390.0,596.0,596.0,596.0
5967.0,1392.0,1392.0,1392.0,597.0,597.0,597.0
5971.0,1393.0,1393.0,1394.0,597.0,597.0,597.0
5988.0,1397.0,1397.0,1397.0,599.0,599.0,599.0
5989.0,1397.0,1397.0,1398.0,599.0,599.0,599.0
5991.0,1398.0,1398.0,1398.0,599.0,599.0,599.0
5989.0,1397.0,1397.0,1398.0,599.0,599.0,599.0
6001.0,1400.0,1400.0,1401.0,600.0,600.0,600.0
6028.0,1406.0,1406.0,1407.0,603.0,603.0,603.0
6028.0,1406.0,1406.0,1407.0,603.0,603.0,603.0
6040.0,1409.0,1409.0,1410.0,604.0,604.0,604.0
6057.0,1413.0,1413.0,1413.0,606.0,606.0,606.0
6061.0,1414.0,1414.0,1415.0,606.0,606.0,606.0
6082.0,1419.0,1419.0,1420.0,608.0,608.0,608.0
6103.0,1424.0,1424.0,1425.0,610.0,610.0,610.0
6091.0,1421.0,1421.0,1422.0,609.0,609.0,609.0
6120.0,1428.0,1428.0,1428.0,612.0,612.0,612.0
6132.0,1431.0,1431.0,1431.0,613.0,613.0,613.0
6162.0,1438.0,1438.0,1438.0,616.0,616.0,616.0
6162.0,1438.0,1438.0,1438.0,616.0,616.0,616.0
6171.0,1440.0,1440.0,1440.0,617.0,617.0,617.0
6172.0,1440.0,1440.0,1441.0,617.0,617.0,617.0
6208.0,1448.0,1448.0,1449.0,621.0,621.0,621.0
6193.0,1445.0,1445.0,1446.0,619.0,619.0,619.0
6217.0,1450.0,1450.0,1451.0,622.0,622.0,622.0
6211.0,1449.0,1449.0,1450.0,621.0,621.0,621.0
6213.0,1450.0,1450.0,1450.0,621.0,621.0,621.0
6201.0,1447.0,1447.0,1447.0,620.0,620.0,620.0
6241.0,1456.0,1456.0,1457.0,624.0,624.0,624.0
6222.0,1452.0,1452.0,1452.0,622.0,622.0,622.0
6202.0,1447.0,1447.0,1448.0,620.0,620.0,620.0
6231.0,1454.0,1454.0,1454.0,623.0,623.0,623.0
6220.0,1451.0,1451.0,1452.0,622.0,622.0,622.0
6213.0,1450.0,1450.0,1450.0,621.0,621.0,621.0
6208.0,1448.0,1448.0,1449.0,621.0,621.0,621.0
6207.0,1448.0,1448.0,1448.0,621.0,621.0,621.0
6172.0,1440.0,1440.0,1441.0,617.0,617.0,617.0
6178.0,1441.0,1441.0,1442.0,618.0,618.0,618.0
6172.0,1440.0,1440.0,1441.0,617.0,617.0,617.0
6157.0,1436.0,1436.0,1437.0,616.0,616.0,616.0
6148.0,1434.0,1434.0,1435.0,615.0,615.0,615.0
6151.0,1435.0,1435.0,1436.0,615.0,615.0,615.0
6120.0,1428.0,1428.0,1428.0,612.0,612.0,612.0
6112.0,1426.0,1426.0,1427.0,611.0,611.0,611.0
6112.0,1426.0,1426.0,1427.0,611.0,611.0,611.0
6097.0,1422.0,1422.0,1423.0,610.0,610.0,610.0
6103.0,1424.0,1424.0,1425.0,610.0,610.0,610.0
6082.0,1419.0,1419.0,1420.0,608.0,608.0,608.0
6076.0,1417.0,1417.0,1418.0,608.0,608.0,608.0
6072.0,1417.0,1417.0,1417.0,607.0,607.0,607.0
6082.0,1419.0,1419.0,1420.0,608.0,608.0,608.0
6091.0,1421.0,1421.0,1422.0,609.0,609.0,609.0
6069.0,1416.0,1416.0,1416.0,607.0,607.0,607.0
6082.0,1419.0,1419.0,1420.0,608.0,608.0,608.0
6091.0,1421.0,1421.0,1422.0,609.0,609.0,609.0
6079.0,1418.0,1418.0,1419.0,608.0,608.0,608.0
6082.0,1419.0,1419.0,1420.0,608.0,608.0,608.0
6093.0,1422.0,1422.0,1422.0,609.0,609.0,609.0
6099.0,1423.0,1423.0,1423.0,610.0,610.0,610.0
6112.0,1426.0,1426.0,1427.0,611.0,611.0,611.0
6123.0,1429.0,1429.0,1429.0,612.0,612.0,612.0
6148.0,1434.0,1434.0,1435.0,615.0,615.0,615.0
6148.0,1434.0,1434.0,1435.0,615.0,615.0,615.0
6148.0,1434.0,1434.0,1435.0,615.0,615.0,615.0
6183.0,1443.0,1443.0,1443.0,618.0,618.0,618.0
6187.0,1443.0,1443.0,1444.0,619.0,619.0,619.0
6210.0,1449.0,1449.0,1449.0,621.0,621.0,621.0
6222.0,1452.0,1452.0,1452.0,622.0,622.0,622.0
6217.0,1450.0,1450.0,1451.0,622.0,622.0,622.0
6237.0,1455.0,1455.0,1455.0,624.0,624.0,624.0
6261.0,1461.0,1461.0,1461.0,626.0,626.0,626.0
6261.0,1461.0,1461.0,1461.0,626.0,626.0,626.0
6280.0,1465.0,1465.0,1466.0,628.0,628.0,628.0
6301.0,1470.0,1470.0,1471.0,630.0,630.0,630.0
6309.0,1472.0,1472.0,1472.0,631.0,631.0,631.0
6316.0,1473.0,1473.0,1474.0,632.0,632.0,632.0
6307.0,1471.0,1471.0,1472.0,631.0,631.0,631.0
6316.0,1473.0,1473.0,1474.0,632.0,632.0,632.0
6331.0,1477.0,1477.0,1478.0,633.0,633.0,633.0
6337.0,1478.0,1478.0,1479.0,634.0,634.0,634.0
6307.0,1471.0,1471.0,1472.0,631.0,631.0,631.0
6337.0,1478.0,1478.0,1479.0,634.0,634.0,634.0
6333.0,1478.0,1478.0,1478.0,633.0,633.0,633.0
6318.0,1474.0,1474.0,1474.0,632.0,632.0,632.0
6321.0,1475.0,1475.0,1475.0,632.0,632.0,632.0
6310.0,1472.0,1472.0,1473.0,631.0,631.0,631.0
6289.0,1467.0,1467.0,1468.0,629.0,629.0,629.0
6300.0,1470.0,1470.0,1470.0,630.0,630.0,630.0
6298.0,1469.0,1469.0,1470.0,630.0,630.0,630.0
6270.0,1463.0,1463.0,1463.0,627.0,627.0,627.0
6262.0,1461.0,1461.0,1462.0,626.0,626.0,626.0
6259.0,1460.0,1460.0,1461.0,626.0,626.0,626.0
6262.0,1461.0,1461.0,1462.0,626.0,626.0,626.0
6220.0,1451.0,1451.0,1452.0,622.0,622.0,622.0
6237.0,1455.0,1455.0,1455.0,624.0,624.0,624.0
6213.0,1450.0,1450.0,1450.0,621.0,621.0,621.0
6238.0,1455.0,1455.0,1456.0,624.0,624.0,624.0
6208.0,1448.0,1448.0,1449.0,621.0,621.0,621.0
6217.0,1450.0,1450.0,1451.0,622.0,622.0,622.0
6180.0,1442.0,1442.0,1442.0,618.0,618.0,618.0
6193.0,1445.0,1445.0,1446.0,619.0,619.0,619.0
6172.0,1440.0,1440.0,1441.0,617.0,617.0,617.0
6168.0,1439.0,1439.0,1439.0,617.0,617.0,617.0
6166.0,1438.0,1438.0,1439.0,617.0,617.0,617.0
6171.0,1440.0,1440.0,1440.0,617.0,617.0,617.0
6168.0,1439.0,1439.0,1439.0,617.0,617.0,617.0
6172.0,1440.0,1440.0,1441.0,617.0,617.0,617.0
6201.0,1447.0,1447.0,1447.0,620.0,620.0,620.0
6190.0,1444.0,1444.0,1445.0,619.0,619.0,619.0
6192.0,1445.0,1445.0,1445.0,619.0,619.0,619.0
6190.0,1444.0,1444.0,1445.0,619.0,619.0,619.0
6210.0,1449.0,1449.0,1449.0,621.0,621.0,621.0
6226.0,1452.0,1452.0,1453.0,623.0,623.0,623.0
6232.0,1454.0,1454.0,1455.0,623.0,623.0,623.0
6219.0,1451.0,1451.0,1451.0,622.0,622.0,622.0
6268.0,1462.0,1462.0,1463.0,627.0,627.0,627.0
6271.0,1463.0,1463.0,1464.0,627.0,627.0,627.0
6282.0,1466.0,1466.0,1466.0,628.0,628.0,628.0
6307.0,1471.0,1471.0,1472.0,631.0,631.0,631.0
6328.0,1476.0,1476.0,1477.0,633.0,633.0,633.0
6337.0,1478.0,1478.0,1479.0,634.0,634.0,634.0
6349.0,1481.0,1481.0,1482.0,635.0,635.0,635.0
6351.0,1482.0,1482.0,1482.0,635.0,635.0,635.0
6379.0,1488.0,1488.0,1489.0,638.0,638.0,638.0
6382.0,1489.0,1489.0,1490.0,638.0,638.0,638.0
6391.0,1491.0,1491.0,1492.0,639.0,639.0,639.0
6412.0,1496.0,1496.0,1497.0,641.0,641.0,641.0
6421.0,1498.0,1498.0,1499.0,642.0,642.0,642.0
6409.0,1495.0,1495.0,1496.0,641.0,641.0,641.0
6418.0,1497.0,1497.0,1498.0,642.0,642.0,642.0
6409.0,1495.0,1495.0,1496.0,641.0,641.0,641.0
6423.0,1499.0,1499.0,1499.0,642.0,642.0,642.0
6433.0,1501.0,1501.0,1502.0,643.0,643.0,643.0
6442.0,1503.0,1503.0,1504.0,644.0,644.0,644.0
6423.0,1499.0,1499.0,1499.0,642.0,642.0,642.0
6442.0,1503.0,1503.0,1504.0,644.0,644.0,644.0
6451.0,1505.0,1505.0,1506.0,645.0,645.0,645.0
6417.0,1497.0,1497.0,1497.0,642.0,642.0,642.0
6397.0,1492.0,1492.0,1493.0,640.0,640.0,640.0
6388.0,1490.0,1490.0,1491.0,639.0,639.0,639.0
6387.0,1490.0,1490.0,1490.0,639.0,639.0,639.0
6391.0,1491.0,1491.0,1492.0,639.0,639.0,639.0
6370.0,1486.0,1486.0,1487.0,637.0,637.0,637.0
6363.0,1485.0,1485.0,1485.0,636.0,636.0,636.0
6352.0,1482.0,1482.0,1483.0,635.0,635.0,635.0
6363.0,1485.0,1485.0,1485.0,636.0,636.0,636.0
6339.0,1479.0,1479.0,1479.0,634.0,634.0,634.0
6319.0,1474.0,1474.0,1475.0,632.0,632.0,632.0
6312.0,1473.0,1473.0,1473.0,631.0,631.0,631.0
6313.0,1473.0,1473.0,1474.0,631.0,631.0,631.0
6303.0,1471.0,1471.0,1471.0,630.0,630.0,630.0
6301.0,1470.0,1470.0,1471.0,630.0,630.0,630.0
6292.0,1468.0,1468.0,1469.0,629.0,629.0,629.0
6288.0,1467.0,1467.0,1467.0,629.0,629.0,629.0
6277.0,1464.0,1464.0,1465.0,628.0,628.0,628.0
6292.0,1468.0,1468.0,1469.0,629.0,629.0,629.0
6280.0,1465.0,1465.0,1466.0,628.0,628.0,628.0
6282.0,1466.0,1466.0,1466.0,628.0,628.0,628.0
6282.0,1466.0,1466.0,1466.0,628.0,628.0,628.0
6283.0,1466.0,1466.0,1467.0,628.0,628.0,628.0
6297.0,1469.0,1469.0,1469.0,630.0,630.0,630.0
6307.0,1471.0,1471.0,1472.0,631.0,631.0,631.0
6313.0,1473.0,1473.0,1474.0,631.0,631.0,631.0
6307.0,1471.0,1471.0,1472.0,631.0,631.0,631.0
6327.0,1476.0,1476.0,1476.0,633.0,633.0,633.0
6328.0,1476.0,1476.0,1477.0,633.0,633.0,633.0
6349.0,1481.0,1481.0,1482.0,635.0,635.0,635.0
6363.0,1485.0,1485.0,1485.0,636.0,636.0,636.0
6370.0,1486.0,1486.0,1487.0,637.0,637.0,637.0
6397.0,1492.0,1492.0,1493.0,640.0,640.0,640.0
6409.0,1495.0,1495.0,1496.0,641.0,641.0,641.0
6439.0,1502.0,1502.0,1503.0,644.0,644.0,644.0
6433.0,1501.0,1501.0,1502.0,643.0,643.0,643.0
6442.0,1503.0,1503.0,1504.0,644.0,644.0,644.0
6472.0,1510.0,1510.0,1511.0,647.0,647.0,647.0
6487.0,1513.0,1513.0,1514.0,649.0,649.0,649.0
6496.0,1515.0,1515.0,1516.0,650.0,650.0,650.0
6501.0,1517.0,1517.0,1517.0,650.0,650.0,650.0
6510.0,1519.0,1519.0,1519.0,651.0,651.0,651.0
6511.0,1519.0,1519.0,1520.0,651.0,651.0,651.0
6532.0,1524.0,1524.0,1525.0,653.0,653.0,653.0
6528.0,1523.0,1523.0,1523.0,653.0,653.0,653.0
6528.0,1523.0,1523.0,1523.0,653.0,653.0,653.0
6532.0,1524.0,1524.0,1525.0,653.0,653.0,653.0
6519.0,1521.0,1521.0,1521.0,652.0,652.0,652.0
6538.0,1525.0,1525.0,1526.0,654.0,654.0,654.0
6547.0,1527.0,1527.0,1528.0,655.0,655.0,655.0
6529.0,1523.0,1523.0,1524.0,653.0,653.0,653.0
6538.0,1525.0,1525.0,1526.0,654.0,654.0,654.0
6523.0,1522.0,1522.0,1523.0,652.0,652.0,652.0
6487.0,1513.0,1513.0,1514.0,649.0,649.0,649.0
6502.0,1517.0,1517.0,1518.0,650.0,650.0,650.0
6493.0,1515.0,1515.0,1516.0,649.0,649.0,649.0
6471.0,1510.0,1510.0,1510.0,647.0,647.0,647.0
6469.0,1509.0,1509.0,1510.0,647.0,647.0,647.0
6460.0,1507.0,1507.0,1508.0,646.0,646.0,646.0
6447.0,1504.0,1504.0,1504.0,645.0,645.0,645.0
6448.0,1504.0,1504.0,1505.0,645.0,645.0,645.0
6450.0,1505.0,1505.0,1505.0,645.0,645.0,645.0
6430.0,1500.0,1500.0,1501.0,643.0,643.0,643.0
6430.0,1500.0,1500.0,1501.0,643.0,643.0,643.0
6412.0,1496.0,1496.0,1497.0,641.0,641.0,641.0
6412.0,1496.0,1496.0,1497.0,641.0,641.0,641.0
6387.0,1490.0,1490.0,1490.0,639.0,639.0,639.0
6393.0,1492.0,1492.0,1492.0,639.0,639.0,639.0
6400.0,1493.0,1493.0,1494.0,640.0,640.0,640.0
6379.0,1488.0,1488.0,1489.0,638.0,638.0,638.0
6397.0,1492.0,1492.0,1493.0,640.0,640.0,640.0
6379.0,1488.0,1488.0,1489.0,638.0,638.0,638.0
6390.0,1491.0,1491.0,1491.0,639.0,639.0,639.0
6370.0,1486.0,1486.0,1487.0,637.0,637.0,637.0
6408.0,1495.0,1495.0,1495.0,641.0,641.0,641.0
6421.0,1498.0,1498.0,1499.0,642.0,642.0,642.0
6402.0,1494.0,1494.0,1494.0,640.0,640.0,640.0
6423.0,1499.0,1499.0,1499.0,642.0,642.0,642.0
6430.0,1500.0,1500.0,1501.0,643.0,643.0,643.0
6430.0,1500.0,1500.0,1501.0,643.0,643.0,643.0
6448.0,1504.0,1504.0,1505.0,645.0,645.0,645.0
6463.0,1508.0,1508.0,1509.0,646.0,646.0,646.0
6469.0,1509.0,1509.0,1510.0,647.0,647.0,647.0
6472.0,1510.0,1510.0,1511.0,647.0,647.0,647.0
6490.0,1514.0,1514.0,1515.0,649.0,649.0,649.0
6511.0,1519.0,1519.0,1520.0,651.0,651.0,651.0
6532.0,1524.0,1524.0,1525.0,653.0,653.0,653.0
6550.0,1528.0,1528.0,1529.0,655.0,655.0,655.0
6553.0,1529.0,1529.0,1530.0,655.0,655.0,655.0
6573.0,1534.0,1534.0,1534.0,657.0,657.0,657.0
6577.0,1534.0,1534.0,1535.0,658.0,658.0,658.0
6589.0,1537.0,1537.0,1538.0,659.0,659.0,659.0
6607.0,1541.0,1541.0,1542.0,661.0,661.0,661.0
6627.0,1546.0,1546.0,1546.0,663.0,663.0,663.0
6631.0,1547.0,1547.0,1548.0,663.0,663.0,663.0
6619.0,1544.0,1544.0,1545.0,662.0,662.0,662.0
6637.0,1548.0,1548.0,1549.0,664.0,664.0,664.0
6639.0,1549.0,1549.0,1549.0,664.0,664.0,664.0
6649.0,1551.0,1551.0,1552.0,665.0,665.0,665.0
6628.0,1546.0,1546.0,1547.0,663.0,663.0,663.0
6649.0,1551.0,1551.0,1552.0,665.0,665.0,665.0
6630.0,1547.0,1547.0,1547.0,663.0,663.0,663.0
6627.0,1546.0,1546.0,1546.0,663.0,663.0,663.0
6637.0,1548.0,1548.0,1549.0,664.0,664.0,664.0
6631.0,1547.0,1547.0,1548.0,663.0,663.0,663.0
6633.0,1548.0,1548.0,1548.0,663.0,663.0,663.0
6610.0,1542.0,1542.0,1543.0,661.0,661.0,661.0
6612.0,1543.0,1543.0,1543.0,661.0,661.0,661.0
6588.0,1537.0,1537.0,1537.0,659.0,659.0,659.0
6586.0,1536.0,1536.0,1537.0,659.0,659.0,659.0
6583.0,1536.0,1536.0,1537.0,658.0,658.0,658.0
6568.0,1532.0,1532.0,1533.0,657.0,657.0,657.0
6562.0,1531.0,1531.0,1532.0,656.0,656.0,656.0
6549.0,1528.0,1528.0,1528.0,655.0,655.0,655.0
6529.0,1523.0,1523.0,1524.0,653.0,653.0,653.0
6538.0,1525.0,1525.0,1526.0,654.0,654.0,654.0
6508.0,1518.0,1518.0,1519.0,651.0,651.0,651.0
6508.0,1518.0,1518.0,1519.0,651.0,651.0,651.0
6478.0,1511.0,1511.0,1512.0,648.0,648.0,648.0
6498.0,1516.0,1516.0,1516.0,650.0,650.0,650.0
6480.0,1512.0,1512.0,1512.0,648.0,648.0,648.0
6496.0,1515.0,1515.0,1516.0,650.0,650.0,650.0
6492.0,1515.0,1515.0,1515.0,649.0,649.0,649.0
6490.0,1514.0,1514.0,1515.0,649.0,649.0,649.0
6490.0,1514.0,1514.0,1515.0,649.0,649.0,649.0
6502.0,1517.0,1517.0,1518.0,650.0,650.0,650.0
6496.0,1515.0,1515.0,1516.0,650.0,650.0,650.0
6481.0,1512.0,1512.0,1513.0,648.0,648.0,648.0
6510.0,1519.0,1519.0,1519.0,651.0,651.0,651.0
6538.0,1525.0,1525.0,1526.0,654.0,654.0,654.0
6538.0,1525.0,1525.0,1526.0,654.0,654.0,654.0
6531.0,1524.0,1524.0,1524.0,653.0,653.0,653.0
6567.0,1532.0,1532.0,1532.0,657.0,657.0,657.0
6558.0,1530.0,1530.0,1530.0,656.0,656.0,656.0
6573.0,1534.0,1534.0,1534.0,657.0,657.0,657.0
6577.0,1534.0,1534.0,1535.0,658.0,658.0,658.0
6612.0,1543.0,1543.0,1543.0,661.0,661.0,661.0
6621.0,1545.0,1545.0,1545.0,662.0,662.0,662.0
6631.0,1547.0,1547.0,1548.0,663.0,663.0,663.0
6657.0,1553.0,1553.0,1553.0,666.0,666.0,666.0
6648.0,1551.0,1551.0,1551.0,665.0,665.0,665.0
6669.0,1556.0,1556.0,1556.0,667.0,667.0,667.0
6687.0,1560.0,1560.0,1560.0,669.0,669.0,669.0
6703.0,1564.0,1564.0,1565.0,670.0,670.0,670.0
6699.0,1563.0,1563.0,1563.0,670.0,670.0,670.0
6730.0,1570.0,1570.0,1571.0,673.0,673.0,673.0
6703.0,1564.0,1564.0,1565.0,670.0,670.0,670.0
6727.0,1569.0,1569.0,1570.0,673.0,673.0,673.0
6720.0,1568.0,1568.0,1568.0,672.0,672.0,672.0
6739.0,1572.0,1572.0,1573.0,674.0,674.0,674.0
6738.0,1572.0,1572.0,1572.0,674.0,674.0,674.0
6742.0,1573.0,1573.0,1574.0,674.0,674.0,674.0
6739.0,1572.0,1572.0,1573.0,674.0,674.0,674.0
6750.0,1575.0,1575.0,1575.0,675.0,675.0,675.0
6748.0,1574.0,1574.0,1575.0,675.0,675.0,675.0
6739.0,1572.0,1572.0,1573.0,674.0,674.0,674.0
6727.0,1569.0,1569.0,1570.0,673.0,673.0,673.0
6712.0,1566.0,1566.0,1567.0,671.0,671.0,671.0
6721.0,1568.0,1568.0,1569.0,672.0,672.0,672.0
6709.0,1565.0,1565.0,1566.0,671.0,671.0,671.0
6703.0,1564.0,1564.0,1565.0,670.0,670.0,670.0
6687.0,1560.0,1560.0,1560.0,669.0,669.0,669.0
6667.0,1555.0,1555.0,1556.0,667.0,667.0,667.0
6658.0,1553.0,1553.0,1554.0,666.0,666.0,666.0
6642.0,1550.0,1550.0,1550.0,664.0,664.0,664.0
6628.0,1546.0,1546.0,1547.0,663.0,663.0,663.0
6640.0,1549.0,1549.0,1550.0,664.0,664.0,664.0
6633.0,1548.0,1548.0,1548.0,663.0,663.0,663.0
6627.0,1546.0,1546.0,1546.0,663.0,663.0,663.0
6610.0,1542.0,1542.0,1543.0,661.0,661.0,661.0
6601.0,1540.0,1540.0,1541.0,660.0,660.0,660.0
6589.0,1537.0,1537.0,1538.0,659.0,659.0,659.0
6600.0,1540.0,1540.0,1540.0,660.0,660.0,660.0
6598.0,1539.0,1539.0,1540.0,660.0,660.0,660.0
6589.0,1537.0,1537.0,1538.0,659.0,659.0,659.0
6600.0,1540.0,1540.0,1540.0,660.0,660.0,660.0
6588.0,1537.0,1537.0,1537.0,659.0,659.0,659.0
6592.0,1538.0,1538.0,1539.0,659.0,659.0,659.0
6589.0,1537.0,1537.0,1538.0,659.0,659.0,659.0
6610.0,1542.0,1542.0,1543.0,661.0,661.0,661.0
6618.0,1544.0,1544.0,1544.0,662.0,662.0,662.0
6621.0,1545.0,1545.0,1545.0,662.0,662.0,662.0
6610.0,1542.0,1542.0,1543.0,661.0,661.0,661.0
6628.0,1546.0,1546.0,1547.0,663.0,663.0,663.0
6658.0,1553.0,1553.0,1554.0,666.0,666.0,666.0
6658.0,1553.0,1553.0,1554.0,666.0,666.0,666.0
6673.0,1557.0,1557.0,1558.0,667.0,667.0,667.0
6682.0,1559.0,1559.0,1560.0,668.0,668.0,668.0
6709.0,1565.0,1565.0,1566.0,671.0,671.0,671.0
6706.0,1564.0,1564.0,1565.0,671.0,671.0,671.0
6736.0,1571.0,1571.0,1572.0,674.0,674.0,674.0
6751.0,1575.0,1575.0,1576.0,675.0,675.0,675.0
6768.0,1579.0,1579.0,1579.0,677.0,677.0,677.0
6787.0,1583.0,1583.0,1584.0,679.0,679.0,679.0
6811.0,1589.0,1589.0,1590.0,681.0,681.0,681.0
6802.0,1587.0,1587.0,1588.0,680.0,680.0,680.0
6790.0,1584.0,1584.0,1585.0,679.0,679.0,679.0
6828.0,1593.0,1593.0,1593.0,683.0,683.0,683.0
6819.0,1591.0,1591.0,1591.0,682.0,682.0,682.0
6841.0,1596.0,1596.0,1597.0,684.0,684.0,684.0
6829.0,1593.0,1593.0,1594.0,683.0,683.0,683.0
6853.0,1599.0,1599.0,1600.0,685.0,685.0,685.0
6832.0,1594.0,1594.0,1595.0,683.0,683.0,683.0
6853.0,1599.0,1599.0,1600.0,685.0,685.0,685.0
6871.0,1603.0,1603.0,1604.0,687.0,687.0,687.0
6849.0,1598.0,1598.0,1598.0,685.0,685.0,685.0
6847.0,1597.0,1597.0,1598.0,685.0,685.0,685.0
6832.0,1594.0,1594.0,1595.0,683.0,683.0,683.0
6838.0,1595.0,1595.0,1596.0,684.0,684.0,684.0
6819.0,1591.0,1591.0,1591.0,682.0,682.0,682.0
6822.0,1592.0,1592.0,1592.0,682.0,682.0,682.0
6823.0,1592.0,1592.0,1593.0,682.0,682.0,682.0
6798.0,1586.0,1586.0,1586.0,680.0,680.0,680.0
6810.0,1589.0,1589.0,1589.0,681.0,681.0,681.0
6783.0,1583.0,1583.0,1583.0,678.0,678.0,678.0
6762.0,1578.0,1578.0,1578.0,676.0,676.0,676.0
6757.0,1576.0,1576.0,1577.0,676.0,676.0,676.0
6750.0,1575.0,1575.0,1575.0,675.0,675.0,675.0
6766.0,1578.0,1578.0,1579.0,677.0,677.0,677.0
6747.0,1574.0,1574.0,1574.0,675.0,675.0,675.0
6712.0,1566.0,1566.0,1567.0,671.0,671.0,671.0
6720.0,1568.0,1568.0,1568.0,672.0,672.0,672.0
6739.0,1572.0,1572.0,1573.0,674.0,674.0,674.0
6706.0,1564.0,1564.0,1565.0,671.0,671.0,671.0
6702.0,1564.0,1564.0,1564.0,670.0,670.0,670.0
6700.0,1563.0,1563.0,1564.0,670.0,670.0,670.0
6688.0,1560.0,1560.0,1561.0,669.0,669.0,669.0
6708.0,1565.0,1565.0,1565.0,671.0,671.0,671.0
6700.0,1563.0,1563.0,1564.0,670.0,670.0,670.0
6700.0,1563.0,1563.0,1564.0,670.0,670.0,670.0
6691.0,1561.0,1561.0,1562.0,669.0,669.0,669.0
6711.0,1566.0,1566.0,1566.0,671.0,671.0,671.0
6708.0,1565.0,1565.0,1565.0,671.0,671.0,671.0
6721.0,1568.0,1568.0,1569.0,672.0,672.0,672.0
6742.0,1573.0,1573.0,1574.0,674.0,674.0,674.0
6748.0,1574.0,1574.0,1575.0,675.0,675.0,675.0
6760.0,1577.0,1577.0,1578.0,676.0,676.0,676.0
6768.0,1579.0,1579.0,1579.0,677.0,677.0,677.0
6799.0,1586.0,1586.0,1587.0,680.0,680.0,680.0
6799.0,1586.0,1586.0,1587.0,680.0,680.0,680.0
6799.0,1586.0,1586.0,1587.0,680.0,680.0,680.0
6826.0,1592.0,1592.0,1593.0,683.0,683.0,683.0
6832.0,1594.0,1594.0,1595.0,683.0,683.0,683.0
6840.0,1596.0,1596.0,1596.0,684.0,684.0,684.0
6859.0,1600.0,1600.0,1601.0,686.0,686.0,686.0
6871.0,1603.0,1603.0,1604.0,687.0,687.0,687.0
6886.0,1606.0,1606.0,1607.0,689.0,689.0,689.0
6892.0,1608.0,1608.0,1609.0,689.0,689.0,689.0
6922.0,1615.0,1615.0,1616.0,692.0,692.0,692.0
6931.0,1617.0,1617.0,1618.0,693.0,693.0,693.0
6931.0,1617.0,1617.0,1618.0,693.0,693.0,693.0
6948.0,1621.0,1621.0,1621.0,695.0,695.0,695.0
6960.0,1624.0,1624.0,1624.0,696.0,696.0,696.0
6961.0,1624.0,1624.0,1625.0,696.0,696.0,696.0
6940.0,1619.0,1619.0,1620.0,694.0,694.0,694.0
6972.0,1627.0,1627.0,1627.0,697.0,697.0,697.0
6958.0,1623.0,1623.0,1624.0,696.0,696.0,696.0
6958.0,1623.0,1623.0,1624.0,696.0,696.0,696.0
6949.0,1621.0,1621.0,1622.0,695.0,695.0,695.0
6958.0,1623.0,1623.0,1624.0,696.0,696.0,696.0
6939.0,1619.0,1619.0,1619.0,694.0,694.0,694.0
6931.0,1617.0,1617.0,1618.0,693.0,693.0,693.0
6928.0,1616.0,1616.0,1617.0,693.0,693.0,693.0
6930.0,1617.0,1617.0,1617.0,693.0,693.0,693.0
6900.0,1610.0,1610.0,1610.0,690.0,690.0,690.0
6901.0,1610.0,1610.0,1611.0,690.0,690.0,690.0
6889.0,1607.0,1607.0,1608.0,689.0,689.0,689.0
6880.0,1605.0,1605.0,1606.0,688.0,688.0,688.0
6849.0,1598.0,1598.0,1598.0,685.0,685.0,685.0
6862.0,1601.0,1601.0,1602.0,686.0,686.0,686.0
6847.0,1597.0,1597.0,1598.0,685.0,685.0,685.0
6841.0,1596.0,1596.0,1597.0,684.0,684.0,684.0
6828.0,1593.0,1593.0,1593.0,683.0,683.0,683.0
6828.0,1593.0,1593.0,1593.0,683.0,683.0,683.0
6823.0,1592.0,1592.0,1593.0,682.0,682.0,682.0
6817.0,1590.0,1590.0,1591.0,682.0,682.0,682.0
6811.0,1589.0,1589.0,1590.0,681.0,681.0,681.0
6807.0,1588.0,1588.0,1588.0,681.0,681.0,681.0
6807.0,1588.0,1588.0,1588.0,681.0,681.0,681.0
6790.0,1584.0,1584.0,1585.0,679.0,679.0,679.0
6793.0,1585.0,1585.0,1586.0,679.0,679.0,679.0
6807.0,1588.0,1588.0,1588.0,681.0,681.0,681.0
6808.0,1588.0,1588.0,1589.0,681.0,681.0,681.0
6801.0,1587.0,1587.0,1587.0,680.0,680.0,680.0
6822.0,1592.0,1592.0,1592.0,682.0,682.0,682.0
6823.0,1592.0,1592.0,1593.0,682.0,682.0,682.0
6843.0,1597.0,1597.0,1597.0,684.0,684.0,684.0
6859.0,1600.0,1600.0,1601.0,686.0,686.0,686.0
6871.0,1603.0,1603.0,1604.0,687.0,687.0,687.0
6852.0,1599.0,1599.0,1599.0,685.0,685.0,685.0
6891.0,1608.0,1608.0,1608.0,689.0,689.0,689.0
6898.0,1609.0,1609.0,1610.0,690.0,690.0,690.0
6903.0,1611.0,1611.0,1611.0,690.0,690.0,690.0
6931.0,1617.0,1617.0,1618.0,693.0,693.0,693.0
6933.0,1618.0,1618.0,1618.0,693.0,693.0,693.0
6940.0,1619.0,1619.0,1620.0,694.0,694.0,694.0
6961.0,1624.0,1624.0,1625.0,696.0,696.0,696.0
6981.0,1629.0,1629.0,1629.0,698.0,698.0,698.0
6988.0,1630.0,1630.0,1631.0,699.0,699.0,699.0
7012.0,1636.0,1636.0,1637.0,701.0,701.0,701.0
7017.0,1637.0,1637.0,1637.0,702.0,702.0,702.0
7023.0,1639.0,1639.0,1639.0,702.0,702.0,702.0
7032.0,1641.0,1641.0,1641.0,703.0,703.0,703.0
7038.0,1642.0,1642.0,1642.0,704.0,704.0,704.0
7051.0,1645.0,1645.0,1646.0,705.0,705.0,705.0
7057.0,1646.0,1646.0,1647.0,706.0,706.0,706.0
7060.0,1647.0,1647.0,1648.0,706.0,706.0,706.0
7048.0,1644.0,1644.0,1645.0,705.0,705.0,705.0
7063.0,1648.0,1648.0,1649.0,706.0,706.0,706.0
7042.0,1643.0,1643.0,1644.0,704.0,704.0,704.0
7051.0,1645.0,1645.0,1646.0,705.0,705.0,705.0
7042.0,1643.0,1643.0,1644.0,704.0,704.0,704.0
7057.0,1646.0,1646.0,1647.0,706.0,706.0,706.0
7027.0,1639.0,1639.0,1640.0,703.0,703.0,703.0
7020.0,1638.0,1638.0,1638.0,702.0,702.0,702.0
7009.0,1635.0,1635.0,1636.0,701.0,701.0,701.0
7000.0,1633.0,1633.0,1634.0,700.0,700.0,700.0
7000.0,1633.0,1633.0,1634.0,700.0,700.0,700.0
6988.0,1630.0,1630.0,1631.0,699.0,699.0,699.0
6963.0,1625.0,1625.0,1625.0,696.0,696.0,696.0
6973.0,1627.0,1627.0,1628.0,697.0,697.0,697.0
6952.0,1622.0,1622.0,1623.0,695.0,695.0,695.0
6943.0,1620.0,1620.0,1621.0,694.0,694.0,694.0
6958.0,1623.0,1623.0,1624.0,696.0,696.0,696.0
6931.0,1617.0,1617.0,1618.0,693.0,693.0,693.0
6922.0,1615.0,1615.0,1616.0,692.0,692.0,692.0
6918.0,1614.0,1614.0,1614.0,692.0,692.0,692.0
6918.0,1614.0,1614.0,1614.0,692.0,692.0,692.0
6913.0,1613.0,1613.0,1614.0,691.0,691.0,691.0
6900.0,1610.0,1610.0,1610.0,690.0,690.0,690.0
6918.0,1614.0,1614.0,1614.0,692.0,692.0,692.0
6928.0,1616.0,1616.0,1617.0,693.0,693.0,693.0
6901.0,1610.0,1610.0,1611.0,690.0,690.0,690.0
6937.0,1618.0,1618.0,1619.0,694.0,694.0,694.0
6913.0,1613.0,1613.0,1614.0,691.0,691.0,691.0
6898.0,1609.0,1609.0,1610.0,690.0,690.0,690.0
6919.0,1614.0,1614.0,1615.0,692.0,692.0,692.0
6922.0,1615.0,1615.0,1616.0,692.0,692.0,692.0
6943.0,1620.0,1620.0,1621.0,694.0,694.0,694.0
6951.0,1622.0,1622.0,1622.0,695.0,695.0,695.0
6970.0,1626.0,1626.0,1627.0,697.0,697.0,697.0
6978.0,1628.0,1628.0,1628.0,698.0,698.0,698.0
6988.0,1630.0,1630.0,1631.0,699.0,699.0,699.0
7017.0,1637.0,1637.0,1637.0,702.0,702.0,702.0
7029.0,1640.0,1640.0,1640.0,703.0,703.0,703.0
7027.0,1639.0,1639.0,1640.0,703.0,703.0,703.0
7066.0,1648.0,1648.0,1649.0,707.0,707.0,707.0
7059.0,1647.0,1647.0,1647.0,706.0,706.0,706.0
7080.0,1652.0,1652.0,1652.0,708.0,708.0,708.0
7078.0,1651.0,1651.0,1652.0,708.0,708.0,708.0
7096.0,1655.0,1655.0,1656.0,710.0,710.0,710.0
7108.0,1658.0,1658.0,1659.0,711.0,711.0,711.0
7141.0,1666.0,1666.0,1667.0,714.0,714.0,714.0
7147.0,1667.0,1667.0,1668.0,715.0,715.0,715.0
7156.0,1669.0,1669.0,1670.0,716.0,716.0,716.0
7147.0,1667.0,1667.0,1668.0,715.0,715.0,715.0
7138.0,1665.0,1665.0,1666.0,714.0,714.0,714.0
7168.0,1672.0,1672.0,1673.0,717.0,717.0,717.0
7141.0,1666.0,1666.0,1667.0,714.0,714.0,714.0
7161.0,1671.0,1671.0,1671.0,716.0,716.0,716.0
7159.0,1670.0,1670.0,1671.0,716.0,716.0,716.0
7159.0,1670.0,1670.0,1671.0,716.0,716.0,716.0
7150.0,1668.0,1668.0,1669.0,715.0,715.0,715.0
7141.0,1666.0,1666.0,1667.0,714.0,714.0,714.0
7156.0,1669.0,1669.0,1670.0,716.0,716.0,716.0
7138.0,1665.0,1665.0,1666.0,714.0,714.0,714.0
7153.0,1669.0,1669.0,1670.0,715.0,715.0,715.0
7120.0,1661.0,1661.0,1662.0,712.0,712.0,712.0
7120.0,1661.0,1661.0,1662.0,712.0,712.0,712.0
7098.0,1656.0,1656.0,1656.0,710.0,710.0,710.0
7113.0,1660.0,1660.0,1660.0,711.0,711.0,711.0
7069.0,1649.0,1649.0,1650.0,707.0,707.0,707.0
7072.0,1650.0,1650.0,1651.0,707.0,707.0,707.0
7051.0,1645.0,1645.0,1646.0,705.0,705.0,705.0
7053.0,1646.0,1646.0,1646.0,705.0,705.0,705.0
7048.0,1644.0,1644.0,1645.0,705.0,705.0,705.0
7038.0,1642.0,1642.0,1642.0,704.0,704.0,704.0
7018.0,1637.0,1637.0,1638.0,702.0,702.0,702.0
7017.0,1637.0,1637.0,1637.0,702.0,702.0,702.0
7023.0,1639.0,1639.0,1639.0,702.0,702.0,702.0
7018.0,1637.0,1637.0,1638.0,702.0,702.0,702.0
7006.0,1634.0,1634.0,1635.0,701.0,701.0,701.0
7002.0,1634.0,1634.0,1634.0,700.0,700.0,700.0
7008.0,1635.0,1635.0,1635.0,701.0,701.0,701.0
7000.0,1633.0,1633.0,1634.0,700.0,700.0,700.0
7020.0,1638.0,1638.0,1638.0,702.0,702.0,702.0
7018.0,1637.0,1637.0,1638.0,702.0,702.0,702.0
7036.0,1641.0,1641.0,1642.0,704.0,704.0,704.0
7039.0,1642.0,1642.0,1643.0,704.0,704.0,704.0
7039.0,1642.0,1642.0,1643.0,704.0,704.0,704.0
7039.0,1642.0,1642.0,1643.0,704.0,704.0,704.0
7063.0,1648.0,1648.0,1649.0,706.0,706.0,706.0
7078.0,1651.0,1651.0,1652.0,708.0,708.0,708.0
7098.0,1656.0,1656.0,1656.0,710.0,710.0,710.0
7083.0,1653.0,1653.0,1653.0,708.0,708.0,708.0
7108.0,1658.0,1658.0,1659.0,711.0,711.0,711.0
7128.0,1663.0,1663.0,1663.0,713.0,713.0,713.0
7132.0,1664.0,1664.0,1665.0,713.0,713.0,713.0
7168.0,1672.0,1672.0,1673.0,717.0,717.0,717.0
7150.0,1668.0,1668.0,1669.0,715.0,715.0,715.0
7173.0,1674.0,1674.0,1674.0,717.0,717.0,717.0
7198.0,1679.0,1679.0,1680.0,720.0,720.0,720.0
7201.0,1680.0,1680.0,1681.0,720.0,720.0,720.0
7216.0,1683.0,1683.0,1684.0,722.0,722.0,722.0
7198.0,1679.0,1679.0,1680.0,720.0,720.0,720.0
7227.0,1686.0,1686.0,1686.0,723.0,723.0,723.0
7249.0,1691.0,1691.0,1692.0,725.0,725.0,725.0
7242.0,1690.0,1690.0,1690.0,724.0,724.0,724.0
7260.0,1694.0,1694.0,1694.0,726.0,726.0,726.0
7269.0,1696.0,1696.0,1696.0,727.0,727.0,727.0
7267.0,1695.0,1695.0,1696.0,727.0,727.0,727.0
7248.0,1691.0,1691.0,1691.0,725.0,725.0,725.0
7252.0,1692.0,1692.0,1693.0,725.0,725.0,725.0
7267.0,1695.0,1695.0,1696.0,727.0,727.0,727.0
7263.0,1695.0,1695.0,1695.0,726.0,726.0,726.0
7263.0,1695.0,1695.0,1695.0,726.0,726.0,726.0
7246.0,1690.0,1690.0,1691.0,725.0,725.0,725.0
7231.0,1687.0,1687.0,1688.0,723.0,723.0,723.0
7231.0,1687.0,1687.0,1688.0,723.0,723.0,723.0
7210.0,1682.0,1682.0,1683.0,721.0,721.0,721.0
7218.0,1684.0,1684.0,1684.0,722.0,722.0,722.0
7203.0,1681.0,1681.0,1681.0,720.0,720.0,720.0
7203.0,1681.0,1681.0,1681.0,720.0,720.0,720.0
7186.0,1676.0,1676.0,1677.0,719.0,719.0,719.0
7180.0,1675.0,1675.0,1676.0,718.0,718.0,718.0
7171.0,1673.0,1673.0,1674.0,717.0,717.0,717.0
7173.0,1674.0,1674.0,1674.0,717.0,717.0,717.0
7147.0,1667.0,1667.0,1668.0,715.0,715.0,715.0
7147.0,1667.0,1667.0,1668.0,715.0,715.0,715.0
7143.0,1667.0,1667.0,1667.0,714.0,714.0,714.0
7138.0,1665.0,1665.0,1666.0,714.0,714.0,714.0
7113.0,1660.0,1660.0,1660.0,711.0,711.0,711.0
7113.0,1660.0,1660.0,1660.0,711.0,711.0,711.0
7117.0,1660.0,1660.0,1661.0,712.0,712.0,712.0
7117.0,1660.0,1660.0,1661.0,712.0,712.0,712.0
7111.0,1659.0,1659.0,1660.0,711.0,711.0,711.0
7122.0,1662.0,1662.0,1662.0,712.0,712.0,712.0
7102.0,1657.0,1657.0,1658.0,710.0,710.0,710.0
7113.0,1660.0,1660.0,1660.0,711.0,711.0,711.0
7129.0,1663.0,1663.0,1664.0,713.0,713.0,713.0
7117.0,1660.0,1660.0,1661.0,712.0,712.0,712.0
7147.0,1667.0,1667.0,1668.0,715.0,715.0,715.0
7138.0,1665.0,1665.0,1666.0,714.0,714.0,714.0
7167.0,1672.0,1672.0,1672.0,717.0,717.0,717.0
7180.0,1675.0,1675.0,1676.0,718.0,718.0,718.0
7168.0,1672.0,1672.0,1673.0,717.0,717.0,717.0
7189.0,1677.0,1677.0,1678.0,719.0,719.0,719.0
7218.0,1684.0,1684.0,1684.0,722.0,722.0,722.0
7237.0,1688.0,1688.0,1689.0,724.0,724.0,724.0
7233.0,1688.0,1688.0,1688.0,723.0,723.0,723.0
7267.0,1695.0,1695.0,1696.0,727.0,727.0,727.0
7267.0,1695.0,1695.0,1696.0,727.0,727.0,727.0
7282.0,1699.0,1699.0,1700.0,728.0,728.0,728.0
7309.0,1705.0,1705.0,1706.0,731.0,731.0,731.0
7303.0,1704.0,1704.0,1705.0,730.0,730.0,730.0
7279.0,1698.0,1698.0,1699.0,728.0,728.0,728.0
7348.0,1714.0,1714.0,1715.0,735.0,735.0,735.0
7306.0,1704.0,1704.0,1705.0,731.0,731.0,731.0
7339.0,1712.0,1712.0,1713.0,734.0,734.0,734.0
7353.0,1716.0,1716.0,1716.0,735.0,735.0,735.0
7357.0,1716.0,1716.0,1717.0,736.0,736.0,736.0
7360.0,1717.0,1717.0,1718.0,736.0,736.0,736.0
7383.0,1723.0,1723.0,1723.0,738.0,738.0,738.0
7389.0,1724.0,1724.0,1724.0,739.0,739.0,739.0
7372.0,1720.0,1720.0,1721.0,737.0,737.0,737.0
7372.0,1720.0,1720.0,1721.0,737.0,737.0,737.0
7363.0,1718.0,1718.0,1719.0,736.0,736.0,736.0
7339.0,1712.0,1712.0,1713.0,734.0,734.0,734.0
7353.0,1716.0,1716.0,1716.0,735.0,735.0,735.0
7339.0,1712.0,1712.0,1713.0,734.0,734.0,734.0
7336.0,1711.0,1711.0,1712.0,734.0,734.0,734.0
7327.0,1709.0,1709.0,1710.0,733.0,733.0,733.0
7321.0,1708.0,1708.0,1709.0,732.0,732.0,732.0
7309.0,1705.0,1705.0,1706.0,731.0,731.0,731.0
7300.0,1703.0,1703.0,1704.0,730.0,730.0,730.0
7291.0,1701.0,1701.0,1702.0,729.0,729.0,729.0
7291.0,1701.0,1701.0,1702.0,729.0,729.0,729.0
7279.0,1698.0,1698.0,1699.0,728.0,728.0,728.0
7240.0,1689.0,1689.0,1690.0,724.0,724.0,724.0
7261.0,1694.0,1694.0,1695.0,726.0,726.0,726.0
7249.0,1691.0,1691.0,1692.0,725.0,725.0,725.0
7243.0,1690.0,1690.0,1691.0,724.0,724.0,724.0
7228.0,1686.0,1686.0,1687.0,723.0,723.0,723.0
7228.0,1686.0,1686.0,1687.0,723.0,723.0,723.0
7221.0,1685.0,1685.0,1685.0,722.0,722.0,722.0
7210.0,1682.0,1682.0,1683.0,721.0,721.0,721.0
7228.0,1686.0,1686.0,1687.0,723.0,723.0,723.0
7216.0,1683.0,1683.0,1684.0,722.0,722.0,722.0
7228.0,1686.0,1686.0,1687.0,723.0,723.0,723.0
7228.0,1686.0,1686.0,1687.0,723.0,723.0,723.0
7222.0,1685.0,1685.0,1686.0,722.0,722.0,722.0
7221.0,1685.0,1685.0,1685.0,722.0,722.0,722.0
7233.0,1688.0,1688.0,1688.0,723.0,723.0,723.0
7240.0,1689.0,1689.0,1690.0,724.0,724.0,724.0
7260.0,1694.0,1694.0,1694.0,726.0,726.0,726.0
7282.0,1699.0,1699.0,1700.0,728.0,728.0,728.0
7278.0,1698.0,1698.0,1698.0,728.0,728.0,728.0
7291.0,1701.0,1701.0,1702.0,729.0,729.0,729.0
7308.0,1705.0,1705.0,1705.0,731.0,731.0,731.0
7332.0,1711.0,1711.0,1711.0,733.0,733.0,733.0
7321.0,1708.0,1708.0,1709.0,732.0,732.0,732.0
7348.0,1714.0,1714.0,1715.0,735.0,735.0,735.0
7360.0,1717.0,1717.0,1718.0,736.0,736.0,736.0
7360.0,1717.0,1717.0,1718.0,736.0,736.0,736.0
7399.0,1726.0,1726.0,1727.0,740.0,740.0,740.0
7402.0,1727.0,1727.0,1728.0,740.0,740.0,740.0
7408.0,1728.0,1728.0,1729.0,741.0,741.0,741.0
7408.0,1728.0,1728.0,1729.0,741.0,741.0,741.0
7423.0,1732.0,1732.0,1733.0,742.0,742.0,742.0
7428.0,1733.0,1733.0,1733.0,743.0,743.0,743.0
7447.0,1737.0,1737.0,1738.0,745.0,745.0,745.0
7458.0,1740.0,1740.0,1740.0,746.0,746.0,746.0
7453.0,1739.0,1739.0,1740.0,745.0,745.0,745.0
7471.0,1743.0,1743.0,1744.0,747.0,747.0,747.0
7468.0,1742.0,1742.0,1743.0,747.0,747.0,747.0
7483.0,1746.0,1746.0,1747.0,748.0,748.0,748.0
7467.0,1742.0,1742.0,1742.0,747.0,747.0,747.0
7471.0,1743.0,1743.0,1744.0,747.0,747.0,747.0
7486.0,1746.0,1746.0,1747.0,749.0,749.0,749.0
7456.0,1739.0,1739.0,1740.0,746.0,746.0,746.0
7456.0,1739.0,1739.0,1740.0,746.0,746.0,746.0
7443.0,1737.0,1737.0,1737.0,744.0,744.0,744.0
7447.0,1737.0,1737.0,1738.0,745.0,745.0,745.0
7420.0,1731.0,1731.0,1732.0,742.0,742.0,742.0
7420.0,1731.0,1731.0,1732.0,742.0,742.0,742.0
7423.0,1732.0,1732.0,1733.0,742.0,742.0,742.0
7410.0,1729.0,1729.0,1729.0,741.0,741.0,741.0
7381.0,1722.0,1722.0,1723.0,738.0,738.0,738.0
7387.0,1723.0,1723.0,1724.0,739.0,739.0,739.0
7399.0,1726.0,1726.0,1727.0,740.0,740.0,740.0
7368.0,1719.0,1719.0,1719.0,737.0,737.0,737.0
7363.0,1718.0,1718.0,1719.0,736.0,736.0,736.0
7360.0,1717.0,1717.0,1718.0,736.0,736.0,736.0
7348.0,1714.0,1714.0,1715.0,735.0,735.0,735.0
7333.0,1711.0,1711.0,1712.0,733.0,733.0,733.0
7341.0,1713.0,1713.0,1713.0,734.0,734.0,734.0
7339.0,1712.0,1712.0,1713.0,734.0,734.0,734.0
7317.0,1707.0,1707.0,1707.0,732.0,732.0,732.0
7320.0,1708.0,1708.0,1708.0,732.0,732.0,732.0
7332.0,1711.0,1711.0,1711.0,733.0,733.0,733.0
7329.0,1710.0,1710.0,1710.0,733.0,733.0,733.0
7321.0,1708.0,1708.0,1709.0,732.0,732.0,732.0
7318.0,1707.0,1707.0,1708.0,732.0,732.0,732.0
7342.0,1713.0,1713.0,1714.0,734.0,734.0,734.0
7360.0,1717.0,1717.0,1718.0,736.0,736.0,736.0
7351.0,1715.0,1715.0,1716.0,735.0,735.0,735.0
7360.0,1717.0,1717.0,1718.0,736.0,736.0,736.0
7369.0,1719.0,1719.0,1720.0,737.0,737.0,737.0
7381.0,1722.0,1722.0,1723.0,738.0,738.0,738.0
7380.0,1722.0,1722.0,1722.0,738.0,738.0,738.0
7408.0,1728.0,1728.0,1729.0,741.0,741.0,741.0
7411.0,1729.0,1729.0,1730.0,741.0,741.0,741.0
7429.0,1733.0,1733.0,1734.0,743.0,743.0,743.0
7438.0,1735.0,1735.0,1736.0,744.0,744.0,744.0
7459.0,1740.0,1740.0,1741.0,746.0,746.0,746.0
7480.0,1745.0,1745.0,1746.0,748.0,748.0,748.0
7489.0,1747.0,1747.0,1748.0,749.0,749.0,749.0
7510.0,1752.0,1752.0,1753.0,751.0,751.0,751.0
7518.0,1754.0,1754.0,1754.0,752.0,752.0,752.0
7531.0,1757.0,1757.0,1758.0,753.0,753.0,753.0
7537.0,1758.0,1758.0,1759.0,754.0,754.0,754.0
7537.0,1758.0,1758.0,1759.0,754.0,754.0,754.0
7549.0,1761.0,1761.0,1762.0,755.0,755.0,755.0
7560.0,1764.0,1764.0,1764.0,756.0,756.0,756.0
7579.0,1768.0,1768.0,1769.0,758.0,758.0,758.0
7576.0,1767.0,1767.0,1768.0,758.0,758.0,758.0
7561.0,1764.0,1764.0,1765.0,756.0,756.0,756.0
7570.0,1766.0,1766.0,1767.0,757.0,757.0,757.0
7560.0,1764.0,1764.0,1764.0,756.0,756.0,756.0
7569.0,1766.0,1766.0,1766.0,757.0,757.0,757.0
7567.0,1765.0,1765.0,1766.0,757.0,757.0,757.0
7561.0,1764.0,1764.0,1765.0,756.0,756.0,756.0
7549.0,1761.0,1761.0,1762.0,755.0,755.0,755.0
7567.0,1765.0,1765.0,1766.0,757.0,757.0,757.0
7567.0,1765.0,1765.0,1766.0,757.0,757.0,757.0
7537.0,1758.0,1758.0,1759.0,754.0,754.0,754.0
7528.0,1756.0,1756.0,1757.0,753.0,753.0,753.0
7527.0,1756.0,1756.0,1756.0,753.0,753.0,753.0
7522.0,1755.0,1755.0,1756.0,752.0,752.0,752.0
7492.0,1748.0,1748.0,1749.0,749.0,749.0,749.0
7500.0,1750.0,1750.0,1750.0,750.0,750.0,750.0
7486.0,1746.0,1746.0,1747.0,749.0,749.0,749.0
7498.0,1749.0,1749.0,1750.0,750.0,750.0,750.0
7482.0,1746.0,1746.0,1746.0,748.0,748.0,748.0
7432.0,1734.0,1734.0,1735.0,743.0,743.0,743.0
7459.0,1740.0,1740.0,1741.0,746.0,746.0,746.0
7438.0,1735.0,1735.0,1736.0,744.0,744.0,744.0
7423.0,1732.0,1732.0,1733.0,742.0,742.0,742.0
7420.0,1731.0,1731.0,1732.0,742.0,742.0,742.0
7422.0,1732.0,1732.0,1732.0,742.0,742.0,742.0
7441.0,1736.0,1736.0,1737.0,744.0,744.0,744.0
7426.0,1732.0,1732.0,1733.0,743.0,743.0,743.0
7440.0,1736.0,1736.0,1736.0,744.0,744.0,744.0
7408.0,1728.0,1728.0,1729.0,741.0,741.0,741.0
7441.0,1736.0,1736.0,1737.0,744.0,744.0,744.0
7440.0,1736.0,1736.0,1736.0,744.0,744.0,744.0
7453.0,1739.0,1739.0,1740.0,745.0,745.0,745.0
7450.0,1738.0,1738.0,1739.0,745.0,745.0,745.0
7450.0,1738.0,1738.0,1739.0,745.0,745.0,745.0
7480.0,1745.0,1745.0,1746.0,748.0,748.0,748.0
7480.0,1745.0,1745.0,1746.0,748.0,748.0,748.0
7480.0,1745.0,1745.0,1746.0,748.0,748.0,748.0
7512.0,1753.0,1753.0,1753.0,751.0,751.0,751.0
7540.0,1759.0,1759.0,1760.0,754.0,754.0,754.0
7531.0,1757.0,1757.0,1758.0,753.0,753.0,753.0
7530.0,1757.0,1757.0,1757.0,753.0,753.0,753.0
7563.0,1765.0,1765.0,1765.0,756.0,756.0,756.0
7597.0,1772.0,1772.0,1773.0,760.0,760.0,760.0
7588.0,1770.0,1770.0,1771.0,759.0,759.0,759.0
7621.0,1778.0,1778.0,1779.0,762.0,762.0,762.0
7639.0,1782.0,1782.0,1783.0,764.0,764.0,764.0
7621.0,1778.0,1778.0,1779.0,762.0,762.0,762.0
7648.0,1784.0,1784.0,1785.0,765.0,765.0,765.0
7648.0,1784.0,1784.0,1785.0,765.0,765.0,765.0
7651.0,1785.0,1785.0,1786.0,765.0,765.0,765.0
7671.0,1790.0,1790.0,1790.0,767.0,767.0,767.0
7681.0,1792.0,1792.0,1793.0,768.0,768.0,768.0
7678.0,1791.0,1791.0,1792.0,768.0,768.0,768.0
7672.0,1790.0,1790.0,1791.0,767.0,767.0,767.0
7660.0,1787.0,1787.0,1788.0,766.0,766.0,766.0
7672.0,1790.0,1790.0,1791.0,767.0,767.0,767.0
7680.0,1792.0,1792.0,1792.0,768.0,768.0,768.0
7687.0,1793.0,1793.0,1794.0,769.0,769.0,769.0
7672.0,1790.0,1790.0,1791.0,767.0,767.0,767.0
7662.0,1788.0,1788.0,1788.0,766.0,766.0,766.0
7666.0,1788.0,1788.0,1789.0,767.0,767.0,767.0
7657.0,1786.0,1786.0,1787.0,766.0,766.0,766.0
7638.0,1782.0,1782.0,1782.0,764.0,764.0,764.0
7630.0,1780.0,1780.0,1781.0,763.0,763.0,763.0
7620.0,1778.0,1778.0,1778.0,762.0,762.0,762.0
7627.0,1779.0,1779.0,1780.0,763.0,763.0,763.0
7599.0,1773.0,1773.0,1773.0,760.0,760.0,760.0
7588.0,1770.0,1770.0,1771.0,759.0,759.0,759.0
7582.0,1769.0,1769.0,1770.0,758.0,758.0,758.0
7560.0,1764.0,1764.0,1764.0,756.0,756.0,756.0
7567.0,1765.0,1765.0,1766.0,757.0,757.0,757.0
7549.0,1761.0,1761.0,1762.0,755.0,755.0,755.0
7567.0,1765.0,1765.0,1766.0,757.0,757.0,757.0
7537.0,1758.0,1758.0,1759.0,754.0,754.0,754.0
7549.0,1761.0,1761.0,1762.0,755.0,755.0,755.0
7528.0,1756.0,1756.0,1757.0,753.0,753.0,753.0
7530.0,1757.0,1757.0,1757.0,753.0,753.0,753.0
7540.0,1759.0,1759.0,1760.0,754.0,754.0,754.0
7531.0,1757.0,1757.0,1758.0,753.0,753.0,753.0
7519.0,1754.0,1754.0,1755.0,752.0,752.0,752.0
7548.0,1761.0,1761.0,1761.0,755.0,755.0,755.0
7537.0,1758.0,1758.0,1759.0,754.0,754.0,754.0
7552.0,1762.0,1762.0,1763.0,755.0,755.0,755.0
7551.0,1762.0,1762.0,1762.0,755.0,755.0,755.0
7540.0,1759.0,1759.0,1760.0,754.0,754.0,754.0
7567.0,1765.0,1765.0,1766.0,757.0,757.0,757.0
7593.0,1772.0,1772.0,1772.0,759.0,759.0,759.0
7603.0,1774.0,1774.0,1775.0,760.0,760.0,760.0
7603.0,1774.0,1774.0,1775.0,760.0,760.0,760.0
7627.0,1779.0,1779.0,1780.0,763.0,763.0,763.0
7609.0,1775.0,1775.0,1776.0,761.0,761.0,761.0
7651.0,1785.0,1785.0,1786.0,765.0,765.0,765.0
7668.0,1789.0,1789.0,1789.0,767.0,767.0,767.0
7669.0,1789.0,1789.0,1790.0,767.0,767.0,767.0
7672.0,1790.0,1790.0,1791.0,767.0,767.0,767.0
7687.0,1793.0,1793.0,1794.0,769.0,769.0,769.0
7719.0,1801.0,1801.0,1801.0,772.0,772.0,772.0
7723.0,1802.0,1802.0,1803.0,772.0,772.0,772.0
7732.0,1804.0,1804.0,1805.0,773.0,773.0,773.0
7747.0,1807.0,1807.0,1808.0,775.0,775.0,775.0
7750.0,1808.0,1808.0,1809.0,775.0,775.0,775.0
7758.0,1810.0,1810.0,1810.0,776.0,776.0,776.0
7792.0,1818.0,1818.0,1819.0,779.0,779.0,779.0
7768.0,1812.0,1812.0,1813.0,777.0,777.0,777.0
7783.0,1816.0,1816.0,1817.0,778.0,778.0,778.0
7783.0,1816.0,1816.0,1817.0,778.0,778.0,778.0
7789.0,1817.0,1817.0,1818.0,779.0,779.0,779.0
7771.0,1813.0,1813.0,1814.0,777.0,777.0,777.0
7779.0,1815.0,1815.0,1815.0,778.0,778.0,778.0
7756.0,1809.0,1809.0,1810.0,776.0,776.0,776.0
7762.0,1811.0,1811.0,1812.0,776.0,776.0,776.0
7768.0,1812.0,1812.0,1813.0,777.0,777.0,777.0
7773.0,1814.0,1814.0,1814.0,777.0,777.0,777.0
7747.0,1807.0,1807.0,1808.0,775.0,775.0,775.0
7747.0,1807.0,1807.0,1808.0,775.0,775.0,775.0
7717.0,1800.0,1800.0,1801.0,772.0,772.0,772.0
7717.0,1800.0,1800.0,1801.0,772.0,772.0,772.0
7713.0,1800.0,1800.0,1800.0,771.0,771.0,771.0
7708.0,1798.0,1798.0,1799.0,771.0,771.0,771.0
7710.0,1799.0,1799.0,1799.0,771.0,771.0,771.0
7696.0,1795.0,1795.0,1796.0,770.0,770.0,770.0
7669.0,1789.0,1789.0,1790.0,767.0,767.0,767.0
7672.0,1790.0,1790.0,1791.0,767.0,767.0,767.0
7651.0,1785.0,1785.0,1786.0,765.0,765.0,765.0
7662.0,1788.0,1788.0,1788.0,766.0,766.0,766.0
7642.0,1783.0,1783.0,1784.0,764.0,764.0,764.0
7651.0,1785.0,1785.0,1786.0,765.0,765.0,765.0
7627.0,1779.0,1779.0,1780.0,763.0,763.0,763.0
7621.0,1778.0,1778.0,1779.0,762.0,762.0,762.0
7621.0,1778.0,1778.0,1779.0,762.0,762.0,762.0
7639.0,1782.0,1782.0,1783.0,764.0,764.0,764.0
7627.0,1779.0,1779.0,1780.0,763.0,763.0,763.0
7660.0,1787.0,1787.0,1788.0,766.0,766.0,766.0
7630.0,1780.0,1780.0,1781.0,763.0,763.0,763.0
7642.0,1783.0,1783.0,1784.0,764.0,764.0,764.0
7657.0,1786.0,1786.0,1787.0,766.0,766.0,766.0
7678.0,1791.0,1791.0,1792.0,768.0,768.0,768.0
7669.0,1789.0,1789.0,1790.0,767.0,767.0,767.0
7702.0,1797.0,1797.0,1798.0,770.0,770.0,770.0
7693.0,1795.0,1795.0,1796.0,769.0,769.0,769.0
7702.0,1797.0,1797.0,1798.0,770.0,770.0,770.0
7732.0,1804.0,1804.0,1805.0,773.0,773.0,773.0
7747.0,1807.0,1807.0,1808.0,775.0,775.0,775.0
7759.0,1810.0,1810.0,1811.0,776.0,776.0,776.0
7762.0,1811.0,1811.0,1812.0,776.0,776.0,776.0
7780.0,1815.0,1815.0,1816.0,778.0,778.0,778.0
7779.0,1815.0,1815.0,1815.0,778.0,778.0,778.0
7807.0,1821.0,1821.0,1822.0,781.0,781.0,781.0
7813.0,1823.0,1823.0,1824.0,781.0,781.0,781.0
7834.0,1828.0,1828.0,1829.0,783.0,783.0,783.0
7849.0,1831.0,1831.0,1832.0,785.0,785.0,785.0
7846.0,1830.0,1830.0,1831.0,785.0,785.0,785.0
7861.0,1834.0,1834.0,1835.0,786.0,786.0,786.0
7861.0,1834.0,1834.0,1835.0,786.0,786.0,786.0
7870.0,1836.0,1836.0,1837.0,787.0,787.0,787.0
7879.0,1838.0,1838.0,1839.0,788.0,788.0,788.0
7888.0,1840.0,1840.0,1841.0,789.0,789.0,789.0
7888.0,1840.0,1840.0,1841.0,789.0,789.0,789.0
7891.0,1841.0,1841.0,1842.0,789.0,789.0,789.0
7900.0,1843.0,1843.0,1844.0,790.0,790.0,790.0
7879.0,1838.0,1838.0,1839.0,788.0,788.0,788.0
7870.0,1836.0,1836.0,1837.0,787.0,787.0,787.0
7887.0,1840.0,1840.0,1840.0,789.0,789.0,789.0
7867.0,1835.0,1835.0,1836.0,787.0,787.0,787.0
7867.0,1835.0,1835.0,1836.0,787.0,787.0,787.0
7861.0,1834.0,1834.0,1835.0,786.0,786.0,786.0
7849.0,1831.0,1831.0,1832.0,785.0,785.0,785.0
7840.0,1829.0,1829.0,1830.0,784.0,784.0,784.0
7831.0,1827.0,1827.0,1828.0,783.0,783.0,783.0
7816.0,1823.0,1823.0,1824.0,782.0,782.0,782.0
7819.0,1824.0,1824.0,1825.0,782.0,782.0,782.0
7810.0,1822.0,1822.0,1823.0,781.0,781.0,781.0
7782.0,1816.0,1816.0,1816.0,778.0,778.0,778.0
7791.0,1818.0,1818.0,1818.0,779.0,779.0,779.0
7780.0,1815.0,1815.0,1816.0,778.0,778.0,778.0
7770.0,1813.0,1813.0,1813.0,777.0,777.0,777.0
7762.0,1811.0,1811.0,1812.0,776.0,776.0,776.0
7750.0,1808.0,1808.0,1809.0,775.0,775.0,775.0
7759.0,1810.0,1810.0,1811.0,776.0,776.0,776.0
7743.0,1807.0,1807.0,1807.0,774.0,774.0,774.0
7741.0,1806.0,1806.0,1807.0,774.0,774.0,774.0
7741.0,1806.0,1806.0,1807.0,774.0,774.0,774.0
7753.0,1809.0,1809.0,1810.0,775.0,775.0,775.0
7737.0,1805.0,1805.0,1805.0,774.0,774.0,774.0
7759.0,1810.0,1810.0,1811.0,776.0,776.0,776.0
7729.0,1803.0,1803.0,1804.0,773.0,773.0,773.0
7747.0,1807.0,1807.0,1808.0,775.0,775.0,775.0
7747.0,1807.0,1807.0,1808.0,775.0,775.0,775.0
7762.0,1811.0,1811.0,1812.0,776.0,776.0,776.0
7798.0,1819.0,1819.0,1820.0,780.0,780.0,780.0
7771.0,1813.0,1813.0,1814.0,777.0,777.0,777.0
7789.0,1817.0,1817.0,1818.0,779.0,779.0,779.0
7798.0,1819.0,1819.0,1820.0,780.0,780.0,780.0
7837.0,1828.0,1828.0,1829.0,784.0,784.0,784.0
7828.0,1826.0,1826.0,1827.0,783.0,783.0,783.0
7831.0,1827.0,1827.0,1828.0,783.0,783.0,783.0
7867.0,1835.0,1835.0,1836.0,787.0,787.0,787.0
7879.0,1838.0,1838.0,1839.0,788.0,788.0,788.0
7881.0,1839.0,1839.0,1839.0,788.0,788.0,788.0
7912.0,1846.0,1846.0,1847.0,791.0,791.0,791.0
7908.0,1845.0,1845.0,1845.0,791.0,791.0,791.0
7939.0,1852.0,1852.0,1853.0,794.0,794.0,794.0
7951.0,1855.0,1855.0,1856.0,795.0,795.0,795.0
7947.0,1854.0,1854.0,1854.0,795.0,795.0,795.0
7969.0,1859.0,1859.0,1860.0,797.0,797.0,797.0
7963.0,1858.0,1858.0,1859.0,796.0,796.0,796.0
7972.0,1860.0,1860.0,1861.0,797.0,797.0,797.0
7978.0,1861.0,1861.0,1862.0,798.0,798.0,798.0
7972.0,1860.0,1860.0,1861.0,797.0,797.0,797.0
7981.0,1862.0,1862.0,1863.0,798.0,798.0,798.0
7978.0,1861.0,1861.0,1862.0,798.0,798.0,798.0
7990.0,1864.0,1864.0,1865.0,799.0,799.0,799.0
7992.0,1865.0,1865.0,1865.0,799.0,799.0,799.0
7990.0,1864.0,1864.0,1865.0,799.0,799.0,799.0
7993.0,1865.0,1865.0,1866.0,799.0,799.0,799.0
7977.0,1861.0,1861.0,1861.0,798.0,798.0,798.0
7969.0,1859.0,1859.0,1860.0,797.0,797.0,797.0
7971.0,1860.0,1860.0,1860.0,797.0,797.0,797.0
7932.0,1851.0,1851.0,1851.0,793.0,793.0,793.0
7963.0,1858.0,1858.0,1859.0,796.0,796.0,796.0
7951.0,1855.0,1855.0,1856.0,795.0,795.0,795.0
7939.0,1852.0,1852.0,1853.0,794.0,794.0,794.0
7918.0,1847.0,1847.0,1848.0,792.0,792.0,792.0
7908.0,1845.0,1845.0,1845.0,791.0,791.0,791.0
7897.0,1842.0,1842.0,1843.0,790.0,790.0,790.0
7861.0,1834.0,1834.0,1835.0,786.0,786.0,786.0
7873.0,1837.0,1837.0,1838.0,787.0,787.0,787.0
7876.0,1837.0,1837.0,1838.0,788.0,788.0,788.0
7843.0,1830.0,1830.0,1831.0,784.0,784.0,784.0
7857.0,1833.0,1833.0,1833.0,786.0,786.0,786.0
7852.0,1832.0,1832.0,1833.0,785.0,785.0,785.0
7843.0,1830.0,1830.0,1831.0,784.0,784.0,784.0
7830.0,1827.0,1827.0,1827.0,783.0,783.0,783.0
7834.0,1828.0,1828.0,1829.0,783.0,783.0,783.0
7828.0,1826.0,1826.0,1827.0,783.0,783.0,783.0
7834.0,1828.0,1828.0,1829.0,783.0,783.0,783.0
7846.0,1830.0,1830.0,1831.0,785.0,785.0,785.0
7828.0,1826.0,1826.0,1827.0,783.0,783.0,783.0
7842.0,1830.0,1830.0,1830.0,784.0,784.0,784.0
7849.0,1831.0,1831.0,1832.0,785.0,785.0,785.0
7869.0,1836.0,1836.0,1836.0,787.0,787.0,787.0
7891.0,1841.0,1841.0,1842.0,789.0,789.0,789.0
7882.0,1839.0,1839.0,1840.0,788.0,788.0,788.0
7912.0,1846.0,1846.0,1847.0,791.0,791.0,791.0
7912.0,1846.0,1846.0,1847.0,791.0,791.0,791.0
7920.0,1848.0,1848.0,1848.0,792.0,792.0,792.0
7921.0,1848.0,1848.0,1849.0,792.0,792.0,792.0
7948.0,1854.0,1854.0,1855.0,795.0,795.0,795.0
7960.0,1857.0,1857.0,1858.0,796.0,796.0,796.0
7999.0,1866.0,1866.0,1867.0,800.0,800.0,800.0
7993.0,1865.0,1865.0,1866.0,799.0,799.0,799.0
8014.0,1870.0,1870.0,1871.0,801.0,801.0,801.0
8002.0,1867.0,1867.0,1868.0,800.0,800.0,800.0
8052.0,1879.0,1879.0,1879.0,805.0,805.0,805.0
8047.0,1877.0,1877.0,1878.0,805.0,805.0,805.0
8041.0,1876.0,1876.0,1877.0,804.0,804.0,804.0
8083.0,1886.0,1886.0,1887.0,808.0,808.0,808.0
8077.0,1884.0,1884.0,1885.0,808.0,808.0,808.0
8088.0,1887.0,1887.0,1887.0,809.0,809.0,809.0
8110.0,1892.0,1892.0,1893.0,811.0,811.0,811.0
8068.0,1882.0,1882.0,1883.0,807.0,807.0,807.0
8104.0,1891.0,1891.0,1892.0,810.0,810.0,810.0
8098.0,1889.0,1889.0,1890.0,810.0,810.0,810.0
8098.0,1889.0,1889.0,1890.0,810.0,810.0,810.0
8082.0,1886.0,1886.0,1886.0,808.0,808.0,808.0
8092.0,1888.0,1888.0,1889.0,809.0,809.0,809.0
8092.0,1888.0,1888.0,1889.0,809.0,809.0,809.0
8062.0,1881.0,1881.0,1882.0,806.0,806.0,806.0
8089.0,1887.0,1887.0,1888.0,809.0,809.0,809.0
8059.0,1880.0,1880.0,1881.0,806.0,806.0,806.0
8062.0,1881.0,1881.0,1882.0,806.0,806.0,806.0
8056.0,1879.0,1879.0,1880.0,806.0,806.0,806.0
8047.0,1877.0,1877.0,1878.0,805.0,805.0,805.0
8037.0,1875.0,1875.0,1875.0,804.0,804.0,804.0
8032.0,1874.0,1874.0,1875.0,803.0,803.0,803.0
8002.0,1867.0,1867.0,1868.0,800.0,800.0,800.0
7999.0,1866.0,1866.0,1867.0,800.0,800.0,800.0
7978.0,1861.0,1861.0,1862.0,798.0,798.0,798.0
7990.0,1864.0,1864.0,1865.0,799.0,799.0,799.0
7963.0,1858.0,1858.0,1859.0,796.0,796.0,796.0
7960.0,1857.0,1857.0,1858.0,796.0,796.0,796.0
7966.0,1858.0,1858.0,1859.0,797.0,797.0,797.0
7959.0,1857.0,1857.0,1857.0,796.0,796.0,796.0
7942.0,1853.0,1853.0,1854.0,794.0,794.0,794.0
7957.0,1856.0,1856.0,1857.0,796.0,796.0,796.0
7951.0,1855.0,1855.0,1856.0,795.0,795.0,795.0
7969.0,1859.0,1859.0,1860.0,797.0,797.0,797.0
7951.0,1855.0,1855.0,1856.0,795.0,795.0,795.0
7948.0,1854.0,1854.0,1855.0,795.0,795.0,795.0
7939.0,1852.0,1852.0,1853.0,794.0,794.0,794.0
7969.0,1859.0,1859.0,1860.0,797.0,797.0,797.0
7962.0,1858.0,1858.0,1858.0,796.0,796.0,796.0
7972.0,1860.0,1860.0,1861.0,797.0,797.0,797.0
7978.0,1861.0,1861.0,1862.0,798.0,798.0,798.0
7990.0,1864.0,1864.0,1865.0,799.0,799.0,799.0
7999.0,1866.0,1866.0,1867.0,800.0,800.0,800.0
8022.0,1872.0,1872.0,1872.0,802.0,802.0,802.0
8020.0,1871.0,1871.0,1872.0,802.0,802.0,802.0
8040.0,1876.0,1876.0,1876.0,804.0,804.0,804.0
8041.0,1876.0,1876.0,1877.0,804.0,804.0,804.0
8059.0,1880.0,1880.0,1881.0,806.0,806.0,806.0
8080.0,1885.0,1885.0,1886.0,808.0,808.0,808.0
8086.0,1886.0,1886.0,1887.0,809.0,809.0,809.0
8122.0,1895.0,1895.0,1896.0,812.0,812.0,812.0
8131.0,1897.0,1897.0,1898.0,813.0,813.0,813.0
8149.0,1901.0,1901.0,1902.0,815.0,815.0,815.0
8158.0,1903.0,1903.0,1904.0,816.0,816.0,816.0
8160.0,1904.0,1904.0,1904.0,816.0,816.0,816.0
8164.0,1905.0,1905.0,1906.0,816.0,816.0,816.0
8188.0,1910.0,1910.0,1911.0,819.0,819.0,819.0
8182.0,1909.0,1909.0,1910.0,818.0,818.0,818.0
8179.0,1908.0,1908.0,1909.0,818.0,818.0,818.0
8188.0,1910.0,1910.0,1911.0,819.0,819.0,819.0
8209.0,1915.0,1915.0,1916.0,821.0,821.0,821.0
8199.0,1913.0,1913.0,1913.0,820.0,820.0,820.0
8179.0,1908.0,1908.0,1909.0,818.0,818.0,818.0
8194.0,1912.0,1912.0,1913.0,819.0,819.0,819.0
8200.0,1913.0,1913.0,1914.0,820.0,820.0,820.0
8181.0,1909.0,1909.0,1909.0,818.0,818.0,818.0
8209.0,1915.0,1915.0,1916.0,821.0,821.0,821.0
8182.0,1909.0,1909.0,1910.0,818.0,818.0,818.0
8191.0,1911.0,1911.0,1912.0,819.0,819.0,819.0
8131.0,1897.0,1897.0,1898.0,813.0,813.0,813.0
8158.0,1903.0,1903.0,1904.0,816.0,816.0,816.0
8142.0,1900.0,1900.0,1900.0,814.0,814.0,814.0
8131.0,1897.0,1897.0,1898.0,813.0,813.0,813.0
8110.0,1892.0,1892.0,1893.0,811.0,811.0,811.0
8116.0,1893.0,1893.0,1894.0,812.0,812.0,812.0
8098.0,1889.0,1889.0,1890.0,810.0,810.0,810.0
8098.0,1889.0,1889.0,1890.0,810.0,810.0,810.0
8092.0,1888.0,1888.0,1889.0,809.0,809.0,809.0
8068.0,1882.0,1882.0,1883.0,807.0,807.0,807.0
8071.0,1883.0,1883.0,1884.0,807.0,807.0,807.0
8079.0,1885.0,1885.0,1885.0,808.0,808.0,808.0
8053.0,1879.0,1879.0,1880.0,805.0,805.0,805.0
8032.0,1874.0,1874.0,1875.0,803.0,803.0,803.0
8041.0,1876.0,1876.0,1877.0,804.0,804.0,804.0
8059.0,1880.0,1880.0,1881.0,806.0,806.0,806.0
8049.0,1878.0,1878.0,1878.0,805.0,805.0,805.0
8041.0,1876.0,1876.0,1877.0,804.0,804.0,804.0
8059.0,1880.0,1880.0,1881.0,806.0,806.0,806.0
8062.0,1881.0,1881.0,1882.0,806.0,806.0,806.0
8038.0,1875.0,1875.0,1876.0,804.0,804.0,804.0
8071.0,1883.0,1883.0,1884.0,807.0,807.0,807.0
8062.0,1881.0,1881.0,1882.0,806.0,806.0,806.0
8101.0,1890.0,1890.0,1891.0,810.0,810.0,810.0
8109.0,1892.0,1892.0,1892.0,811.0,811.0,811.0
8098.0,1889.0,1889.0,1890.0,810.0,810.0,810.0
8131.0,1897.0,1897.0,1898.0,813.0,813.0,813.0
8119.0,1894.0,1894.0,1895.0,812.0,812.0,812.0
8122.0,1895.0,1895.0,1896.0,812.0,812.0,812.0
8173.0,1907.0,1907.0,1908.0,817.0,817.0,817.0
8182.0,1909.0,1909.0,1910.0,818.0,818.0,818.0
8191.0,1911.0,1911.0,1912.0,819.0,819.0,819.0
8194.0,1912.0,1912.0,1913.0,819.0,819.0,819.0
8209.0,1915.0,1915.0,1916.0,821.0,821.0,821.0
8239.0,1922.0,1922.0,1923.0,824.0,824.0,824.0
8251.0,1925.0,1925.0,1926.0,825.0,825.0,825.0
8278.0,1931.0,1931.0,1932.0,828.0,828.0,828.0
8281.0,1932.0,1932.0,1933.0,828.0,828.0,828.0
8268.0,1929.0,1929.0,1929.0,827.0,827.0,827.0
8289.0,1934.0,1934.0,1934.0,829.0,829.0,829.0
8290.0,1934.0,1934.0,1935.0,829.0,829.0,829.0
8302.0,1937.0,1937.0,1938.0,830.0,830.0,830.0
8308.0,1938.0,1938.0,1939.0,831.0,831.0,831.0
8292.0,1935.0,1935.0,1935.0,829.0,829.0,829.0
8281.0,1932.0,1932.0,1933.0,828.0,828.0,828.0
8296.0,1935.0,1935.0,1936.0,830.0,830.0,830.0
8311.0,1939.0,1939.0,1940.0,831.0,831.0,831.0
8302.0,1937.0,1937.0,1938.0,830.0,830.0,830.0
8289.0,1934.0,1934.0,1934.0,829.0,829.0,829.0
8278.0,1931.0,1931.0,1932.0,828.0,828.0,828.0
8281.0,1932.0,1932.0,1933.0,828.0,828.0,828.0
8290.0,1934.0,1934.0,1935.0,829.0,829.0,829.0
8263.0,1928.0,1928.0,1929.0,826.0,826.0,826.0
8257.0,1926.0,1926.0,1927.0,826.0,826.0,826.0
8227.0,1919.0,1919.0,1920.0,823.0,823.0,823.0
8230.0,1920.0,1920.0,1921.0,823.0,823.0,823.0
8230.0,1920.0,1920.0,1921.0,823.0,823.0,823.0
8218.0,1917.0,1917.0,1918.0,822.0,822.0,822.0
8208.0,1915.0,1915.0,1915.0,821.0,821.0,821.0
8209.0,1915.0,1915.0,1916.0,821.0,821.0,821.0
8200.0,1913.0,1913.0,1914.0,820.0,820.0,820.0
8182.0,1909.0,1909.0,1910.0,818.0,818.0,818.0
8161.0,1904.0,1904.0,1905.0,816.0,816.0,816.0
8170.0,1906.0,1906.0,1907.0,817.0,817.0,817.0
8158.0,1903.0,1903.0,1904.0,816.0,816.0,816.0
8164.0,1905.0,1905.0,1906.0,816.0,816.0,816.0
8152.0,1902.0,1902.0,1903.0,815.0,815.0,815.0
8161.0,1904.0,1904.0,1905.0,816.0,816.0,816.0
8131.0,1897.0,1897.0,1898.0,813.0,813.0,813.0
8158.0,1903.0,1903.0,1904.0,816.0,816.0,816.0
8158.0,1903.0,1903.0,1904.0,816.0,816.0,816.0
8158.0,1903.0,1903.0,1904.0,816.0,816.0,816.0
8179.0,1908.0,1908.0,1909.0,818.0,818.0,818.0
8197.0,1912.0,1912.0,1913.0,820.0,820.0,820.0
8194.0,1912.0,1912.0,1913.0,819.0,819.0,819.0
8172.0,1907.0,1907.0,1907.0,817.0,817.0,817.0
8206.0,1914.0,1914.0,1915.0,821.0,821.0,821.0
8220.0,1918.0,1918.0,1918.0,822.0,822.0,822.0
8230.0,1920.0,1920.0,1921.0,823.0,823.0,823.0
8218.0,1917.0,1917.0,1918.0,822.0,822.0,822.0
8239.0,1922.0,1922.0,1923.0,824.0,824.0,824.0
8263.0,1928.0,1928.0,1929.0,826.0,826.0,826.0
8280.0,1932.0,1932.0,1932.0,828.0,828.0,828.0
8278.0,1931.0,1931.0,1932.0,828.0,828.0,828.0
8308.0,1938.0,1938.0,1939.0,831.0,831.0,831.0
8319.0,1941.0,1941.0,1941.0,832.0,832.0,832.0
8332.0,1944.0,1944.0,1945.0,833.0,833.0,833.0
8350.0,1948.0,1948.0,1949.0,835.0,835.0,835.0
8368.0,1952.0,1952.0,1953.0,837.0,837.0,837.0
8380.0,1955.0,1955.0,1956.0,838.0,838.0,838.0
8380.0,1955.0,1955.0,1956.0,838.0,838.0,838.0
8386.0,1956.0,1956.0,1957.0,839.0,839.0,839.0
8392.0,1958.0,1958.0,1959.0,839.0,839.0,839.0
8377.0,1954.0,1954.0,1955.0,838.0,838.0,838.0
8416.0,1963.0,1963.0,1964.0,842.0,842.0,842.0
8416.0,1963.0,1963.0,1964.0,842.0,842.0,842.0
8416.0,1963.0,1963.0,1964.0,842.0,842.0,842.0
8416.0,1963.0,1963.0,1964.0,842.0,842.0,842.0
8410.0,1962.0,1962.0,1963.0,841.0,841.0,841.0
8398.0,1959.0,1959.0,1960.0,840.0,840.0,840.0
8398.0,1959.0,1959.0,1960.0,840.0,840.0,840.0
8410.0,1962.0,1962.0,1963.0,841.0,841.0,841.0
8382.0,1956.0,1956.0,1956.0,838.0,838.0,838.0
8371.0,1953.0,1953.0,1954.0,837.0,837.0,837.0
8380.0,1955.0,1955.0,1956.0,838.0,838.0,838.0
8353.0,1949.0,1949.0,1950.0,835.0,835.0,835.0
8350.0,1948.0,1948.0,1949.0,835.0,835.0,835.0
8341.0,1946.0,1946.0,1947.0,834.0,834.0,834.0
8332.0,1944.0,1944.0,1945.0,833.0,833.0,833.0
8317.0,1940.0,1940.0,1941.0,832.0,832.0,832.0
8319.0,1941.0,1941.0,1941.0,832.0,832.0,832.0
8308.0,1938.0,1938.0,1939.0,831.0,831.0,831.0
8298.0,1936.0,1936.0,1936.0,830.0,830.0,830.0
8289.0,1934.0,1934.0,1934.0,829.0,829.0,829.0
8290.0,1934.0,1934.0,1935.0,829.0,829.0,829.0
8287.0,1933.0,1933.0,1934.0,829.0,829.0,829.0
8278.0,1931.0,1931.0,1932.0,828.0,828.0,828.0
8263.0,1928.0,1928.0,1929.0,826.0,826.0,826.0
8277.0,1931.0,1931.0,1931.0,828.0,828.0,828.0
8251.0,1925.0,1925.0,1926.0,825.0,825.0,825.0
8251.0,1925.0,1925.0,1926.0,825.0,825.0,825.0
8238.0,1922.0,1922.0,1922.0,824.0,824.0,824.0
8260.0,1927.0,1927.0,1928.0,826.0,826.0,826.0
8289.0,1934.0,1934.0,1934.0,829.0,829.0,829.0
8260.0,1927.0,1927.0,1928.0,826.0,826.0,826.0
8281.0,1932.0,1932.0,1933.0,828.0,828.0,828.0
8281.0,1932.0,1932.0,1933.0,828.0,828.0,828.0
8290.0,1934.0,1934.0,1935.0,829.0,829.0,829.0
8308.0,1938.0,1938.0,1939.0,831.0,831.0,831.0
8307.0,1938.0,1938.0,1938.0,831.0,831.0,831.0
8341.0,1946.0,1946.0,1947.0,834.0,834.0,834.0
8326.0,1942.0,1942.0,1943.0,833.0,833.0,833.0
8359.0,1950.0,1950.0,1951.0,836.0,836.0,836.0
8371.0,1953.0,1953.0,1954.0,837.0,837.0,837.0
8377.0,1954.0,1954.0,1955.0,838.0,838.0,838.0
8386.0,1956.0,1956.0,1957.0,839.0,839.0,839.0
8419.0,1964.0,1964.0,1965.0,842.0,842.0,842.0
8419.0,1964.0,1964.0,1965.0,842.0,842.0,842.0
8431.0,1967.0,1967.0,1968.0,843.0,843.0,843.0
8461.0,1974.0,1974.0,1975.0,846.0,846.0,846.0
8461.0,1974.0,1974.0,1975.0,846.0,846.0,846.0
8473.0,1977.0,1977.0,1978.0,847.0,847.0,847.0
8491.0,1981.0,1981.0,1982.0,849.0,849.0,849.0
8491.0,1981.0,1981.0,1982.0,849.0,849.0,849.0
8500.0,1983.0,1983.0,1984.0,850.0,850.0,850.0
8499.0,1983.0,1983.0,1983.0,850.0,850.0,850.0
8520.0,1988.0,1988.0,1988.0,852.0,852.0,852.0
8512.0,1986.0,1986.0,1987.0,851.0,851.0,851.0
8518.0,1987.0,1987.0,1988.0,852.0,852.0,852.0
8512.0,1986.0,1986.0,1987.0,851.0,851.0,851.0
8500.0,1983.0,1983.0,1984.0,850.0,850.0,850.0
8506.0,1984.0,1984.0,1985.0,851.0,851.0,851.0
8491.0,1981.0,1981.0,1982.0,849.0,849.0,849.0
8487.0,1980.0,1980.0,1980.0,849.0,849.0,849.0
8503.0,1984.0,1984.0,1985.0,850.0,850.0,850.0
8488.0,1980.0,1980.0,1981.0,849.0,849.0,849.0
8479.0,1978.0,1978.0,1979.0,848.0,848.0,848.0
8464.0,1975.0,1975.0,1976.0,846.0,846.0,846.0
8452.0,1972.0,1972.0,1973.0,845.0,845.0,845.0
8440.0,1969.0,1969.0,1970.0,844.0,844.0,844.0
8449.0,1971.0,1971.0,1972.0,845.0,845.0,845.0
8449.0,1971.0,1971.0,1972.0,845.0,845.0,845.0
8431.0,1967.0,1967.0,1968.0,843.0,843.0,843.0
8401.0,1960.0,1960.0,1961.0,840.0,840.0,840.0
8392.0,1958.0,1958.0,1959.0,839.0,839.0,839.0
8380.0,1955.0,1955.0,1956.0,838.0,838.0,838.0
8386.0,1956.0,1956.0,1957.0,839.0,839.0,839.0
8377.0,1954.0,1954.0,1955.0,838.0,838.0,838.0
8380.0,1955.0,1955.0,1956.0,838.0,838.0,838.0
8362.0,1951.0,1951.0,1952.0,836.0,836.0,836.0
8370.0,1953.0,1953.0,1953.0,837.0,837.0,837.0
8347.0,1947.0,1947.0,1948.0,835.0,835.0,835.0
8371.0,1953.0,1953.0,1954.0,837.0,837.0,837.0
8349.0,1948.0,1948.0,1948.0,835.0,835.0,835.0
8367.0,1952.0,1952.0,1952.0,837.0,837.0,837.0
8368.0,1952.0,1952.0,1953.0,837.0,837.0,837.0
8377.0,1954.0,1954.0,1955.0,838.0,838.0,838.0
8377.0,1954.0,1954.0,1955.0,838.0,838.0,838.0
8380.0,1955.0,1955.0,1956.0,838.0,838.0,838.0
8412.0,1963.0,1963.0,1963.0,841.0,841.0,841.0
8389.0,1957.0,1957.0,1958.0,839.0,839.0,839.0
8419.0,1964.0,1964.0,1965.0,842.0,842.0,842.0
8428.0,1966.0,1966.0,1967.0,843.0,843.0,843.0
8452.0,1972.0,1972.0,1973.0,845.0,845.0,845.0
8452.0,1972.0,1972.0,1973.0,845.0,845.0,845.0
8467.0,1975.0,1975.0,1976.0,847.0,847.0,847.0
8482.0,1979.0,1979.0,1980.0,848.0,848.0,848.0
8497.0,1982.0,1982.0,1983.0,850.0,850.0,850.0
8503.0,1984.0,1984.0,1985.0,850.0,850.0,850.0
8554.0,1996.0,1996.0,1997.0,855.0,855.0,855.0
8539.0,1992.0,1992.0,1993.0,854.0,854.0,854.0
8539.0,1992.0,1992.0,1993.0,854.0,854.0,854.0
8563.0,1998.0,1998.0,1999.0,856.0,856.0,856.0
8569.0,1999.0,1999.0,2000.0,857.0,857.0,857.0
8602.0,2007.0,2007.0,2008.0,860.0,860.0,860.0
8599.0,2006.0,2006.0,2007.0,860.0,860.0,860.0
8611.0,2009.0,2009.0,2010.0,861.0,861.0,861.0
8602.0,2007.0,2007.0,2008.0,860.0,860.0,860.0
8610.0,2009.0,2009.0,2009.0,861.0,861.0,861.0
8620.0,2011.0,2011.0,2012.0,862.0,862.0,862.0
8638.0,2015.0,2015.0,2016.0,864.0,864.0,864.0
8619.0,2011.0,2011.0,2011.0,862.0,862.0,862.0
8611.0,2009.0,2009.0,2010.0,861.0,861.0,861.0
8599.0,2006.0,2006.0,2007.0,860.0,860.0,860.0
8602.0,2007.0,2007.0,2008.0,860.0,860.0,860.0
8599.0,2006.0,2006.0,2007.0,860.0,860.0,860.0
8587.0,2003.0,2003.0,2004.0,859.0,859.0,859.0
8569.0,1999.0,1999.0,2000.0,857.0,857.0,857.0
8593.0,2005.0,2005.0,2006.0,859.0,859.0,859.0
8578.0,2001.0,2001.0,2002.0,858.0,858.0,858.0
8557.0,1996.0,1996.0,1997.0,856.0,856.0,856.0
8542.0,1993.0,1993.0,1994.0,854.0,854.0,854.0
8539.0,1992.0,1992.0,1993.0,854.0,854.0,854.0
8554.0,1996.0,1996.0,1997.0,855.0,855.0,855.0
8521.0,1988.0,1988.0,1989.0,852.0,852.0,852.0
8521.0,1988.0,1988.0,1989.0,852.0,852.0,852.0
8506.0,1984.0,1984.0,1985.0,851.0,851.0,851.0
8497.0,1982.0,1982.0,1983.0,850.0,850.0,850.0
8488.0,1980.0,1980.0,1981.0,849.0,849.0,849.0
8473.0,1977.0,1977.0,1978.0,847.0,847.0,847.0
8482.0,1979.0,1979.0,1980.0,848.0,848.0,848.0
8449.0,1971.0,1971.0,1972.0,845.0,845.0,845.0
8470.0,1976.0,1976.0,1977.0,847.0,847.0,847.0
8470.0,1976.0,1976.0,1977.0,847.0,847.0,847.0
8467.0,1975.0,1975.0,1976.0,847.0,847.0,847.0
8469.0,1976.0,1976.0,1976.0,847.0,847.0,847.0
8467.0,1975.0,1975.0,1976.0,847.0,847.0,847.0
8476.0,1977.0,1977.0,1978.0,848.0,848.0,848.0
8473.0,1977.0,1977.0,1978.0,847.0,847.0,847.0
8479.0,1978.0,1978.0,1979.0,848.0,848.0,848.0
8509.0,1985.0,1985.0,1986.0,851.0,851.0,851.0
8497.0,1982.0,1982.0,1983.0,850.0,850.0,850.0
8512.0,1986.0,1986.0,1987.0,851.0,851.0,851.0
8509.0,1985.0,1985.0,1986.0,851.0,851.0,851.0
8551.0,1995.0,1995.0,1996.0,855.0,855.0,855.0
8551.0,1995.0,1995.0,1996.0,855.0,855.0,855.0
8557.0,1996.0,1996.0,1997.0,856.0,856.0,856.0
8569.0,1999.0,1999.0,2000.0,857.0,857.0,857.0
8581.0,2002.0,2002.0,2003.0,858.0,858.0,858.0
8614.0,2010.0,2010.0,2011.0,861.0,861.0,861.0
8629.0,2013.0,2013.0,2014.0,863.0,863.0,863.0
8632.0,2014.0,2014.0,2015.0,863.0,863.0,863.0
8662.0,2021.0,2021.0,2022.0,866.0,866.0,866.0
8638.0,2015.0,2015.0,2016.0,864.0,864.0,864.0
8662.0,2021.0,2021.0,2022.0,866.0,866.0,866.0
8689.0,2027.0,2027.0,2028.0,869.0,869.0,869.0
8698.0,2029.0,2029.0,2030.0,870.0,870.0,870.0
8692.0,2028.0,2028.0,2029.0,869.0,869.0,869.0
8701.0,2030.0,2030.0,2031.0,870.0,870.0,870.0
8719.0,2034.0,2034.0,2035.0,872.0,872.0,872.0
8719.0,2034.0,2034.0,2035.0,872.0,872.0,872.0
8719.0,2034.0,2034.0,2035.0,872.0,872.0,872.0
8727.0,2036.0,2036.0,2036.0,873.0,873.0,873.0
8722.0,2035.0,2035.0,2036.0,872.0,872.0,872.0
8698.0,2029.0,2029.0,2030.0,870.0,870.0,870.0
8722.0,2035.0,2035.0,2036.0,872.0,872.0,872.0
8719.0,2034.0,2034.0,2035.0,872.0,872.0,872.0
8701.0,2030.0,2030.0,2031.0,870.0,870.0,870.0
8698.0,2029.0,2029.0,2030.0,870.0,870.0,870.0
8677.0,2024.0,2024.0,2025.0,868.0,868.0,868.0
8677.0,2024.0,2024.0,2025.0,868.0,868.0,868.0
8668.0,2022.0,2022.0,2023.0,867.0,867.0,867.0
8680.0,2025.0,2025.0,2026.0,868.0,868.0,868.0
8650.0,2018.0,2018.0,2019.0,865.0,865.0,865.0
8653.0,2019.0,2019.0,2020.0,865.0,865.0,865.0
8626.0,2012.0,2012.0,2013.0,863.0,863.0,863.0
8640.0,2016.0,2016.0,2016.0,864.0,864.0,864.0
8620.0,2011.0,2011.0,2012.0,862.0,862.0,862.0
8596.0,2005.0,2005.0,2006.0,860.0,860.0,860.0
8608.0,2008.0,2008.0,2009.0,861.0,861.0,861.0
8569.0,1999.0,1999.0,2000.0,857.0,857.0,857.0
8587.0,2003.0,2003.0,2004.0,859.0,859.0,859.0
8569.0,1999.0,1999.0,2000.0,857.0,857.0,857.0
8590.0,2004.0,2004.0,2005.0,859.0,859.0,859.0
8572.0,2000.0,2000.0,2001.0,857.0,857.0,857.0
8566.0,1998.0,1998.0,1999.0,857.0,857.0,857.0
8572.0,2000.0,2000.0,2001.0,857.0,857.0,857.0
8542.0,1993.0,1993.0,1994.0,854.0,854.0,854.0
8569.0,1999.0,1999.0,2000.0,857.0,857.0,857.0
8572.0,2000.0,2000.0,2001.0,857.0,857.0,857.0
8592.0,2005.0,2005.0,2005.0,859.0,859.0,859.0
8619.0,2011.0,2011.0,2011.0,862.0,862.0,862.0
8602.0,2007.0,2007.0,2008.0,860.0,860.0,860.0
8608.0,2008.0,2008.0,2009.0,861.0,861.0,861.0
8620.0,2011.0,2011.0,2012.0,862.0,862.0,862.0
8637.0,2015.0,2015.0,2015.0,864.0,864.0,864.0
8650.0,2018.0,2018.0,2019.0,865.0,865.0,865.0
8656.0,2019.0,2019.0,2020.0,866.0,866.0,866.0
8668.0,2022.0,2022.0,2023.0,867.0,867.0,867.0
8683.0,2026.0,2026.0,2027.0,868.0,868.0,868.0
8683.0,2026.0,2026.0,2027.0,868.0,868.0,868.0
8698.0,2029.0,2029.0,2030.0,870.0,870.0,870.0
8719.0,2034.0,2034.0,2035.0,872.0,872.0,872.0
8731.0,2037.0,2037.0,2038.0,873.0,873.0,873.0
8764.0,2045.0,2045.0,2046.0,876.0,876.0,876.0
8770.0,2046.0,2046.0,2047.0,877.0,877.0,877.0
8764.0,2045.0,2045.0,2046.0,876.0,876.0,876.0
8773.0,2047.0,2047.0,2048.0,877.0,877.0,877.0
8779.0,2048.0,2048.0,2049.0,878.0,878.0,878.0
8797.0,2052.0,2052.0,2053.0,880.0,880.0,880.0
8812.0,2056.0,2056.0,2057.0,881.0,881.0,881.0
8812.0,2056.0,2056.0,2057.0,881.0,881.0,881.0
8820.0,2058.0,2058.0,2058.0,882.0,882.0,882.0
8821.0,2058.0,2058.0,2059.0,882.0,882.0,882.0
8842.0,2063.0,2063.0,2064.0,884.0,884.0,884.0
8818.0,2057.0,2057.0,2058.0,882.0,882.0,882.0
8818.0,2057.0,2057.0,2058.0,882.0,882.0,882.0
8821.0,2058.0,2058.0,2059.0,882.0,882.0,882.0
8818.0,2057.0,2057.0,2058.0,882.0,882.0,882.0
8802.0,2054.0,2054.0,2054.0,880.0,880.0,880.0
8800.0,2053.0,2053.0,2054.0,880.0,880.0,880.0
8779.0,2048.0,2048.0,2049.0,878.0,878.0,878.0
8791.0,2051.0,2051.0,2052.0,879.0,879.0,879.0
8791.0,2051.0,2051.0,2052.0,879.0,879.0,879.0
8761.0,2044.0,2044.0,2045.0,876.0,876.0,876.0
8731.0,2037.0,2037.0,2038.0,873.0,873.0,873.0
8734.0,2038.0,2038.0,2039.0,873.0,873.0,873.0
8728.0,2036.0,2036.0,2037.0,873.0,873.0,873.0
8719.0,2034.0,2034.0,2035.0,872.0,872.0,872.0
8722.0,2035.0,2035.0,2036.0,872.0,872.0,872.0
8689.0,2027.0,2027.0,2028.0,869.0,869.0,869.0
8701.0,2030.0,2030.0,2031.0,870.0,870.0,870.0
8704.0,2031.0,2031.0,2032.0,870.0,870.0,870.0
8686.0,2026.0,2026.0,2027.0,869.0,869.0,869.0
8689.0,2027.0,2027.0,2028.0,869.0,869.0,869.0
8680.0,2025.0,2025.0,2026.0,868.0,868.0,868.0
8671.0,2023.0,2023.0,2024.0,867.0,867.0,867.0
8659.0,2020.0,2020.0,2021.0,866.0,866.0,866.0
8683.0,2026.0,2026.0,2027.0,868.0,868.0,868.0
8677.0,2024.0,2024.0,2025.0,868.0,868.0,868.0
8686.0,2026.0,2026.0,2027.0,869.0,869.0,869.0
8680.0,2025.0,2025.0,2026.0,868.0,868.0,868.0
8686.0,2026.0,2026.0,2027.0,869.0,869.0,869.0
8683.0,2026.0,2026.0,2027.0,868.0,868.0,868.0
8692.0,2028.0,2028.0,2029.0,869.0,869.0,869.0
8719.0,2034.0,2034.0,2035.0,872.0,872.0,872.0
8707.0,2031.0,2031.0,2032.0,871.0,871.0,871.0
8731.0,2037.0,2037.0,2038.0,873.0,873.0,873.0
8757.0,2043.0,2043.0,2043.0,876.0,876.0,876.0
8767.0,2045.0,2045.0,2046.0,877.0,877.0,877.0
8791.0,2051.0,2051.0,2052.0,879.0,879.0,879.0
8788.0,2050.0,2050.0,2051.0,879.0,879.0,879.0
8812.0,2056.0,2056.0,2057.0,881.0,881.0,881.0
8817.0,2057.0,2057.0,2057.0,882.0,882.0,882.0
8839.0,2062.0,2062.0,2063.0,884.0,884.0,884.0
8854.0,2066.0,2066.0,2067.0,885.0,885.0,885.0
8863.0,2068.0,2068.0,2069.0,886.0,886.0,886.0
8854.0,2066.0,2066.0,2067.0,885.0,885.0,885.0
8872.0,2070.0,2070.0,2071.0,887.0,887.0,887.0
8899.0,2076.0,2076.0,2077.0,890.0,890.0,890.0
8922.0,2082.0,2082.0,2082.0,892.0,892.0,892.0
8908.0,2078.0,2078.0,2079.0,891.0,891.0,891.0
8923.0,2082.0,2082.0,2083.0,892.0,892.0,892.0
8911.0,2079.0,2079.0,2080.0,891.0,891.0,891.0
8911.0,2079.0,2079.0,2080.0,891.0,891.0,891.0
8923.0,2082.0,2082.0,2083.0,892.0,892.0,892.0
8929.0,2083.0,2083.0,2084.0,893.0,893.0,893.0
8929.0,2083.0,2083.0,2084.0,893.0,893.0,893.0
8932.0,2084.0,2084.0,2085.0,893.0,893.0,893.0
8920.0,2081.0,2081.0,2082.0,892.0,892.0,892.0
8926.0,2082.0,2082.0,2083.0,893.0,893.0,893.0
8896.0,2075.0,2075.0,2076.0,890.0,890.0,890.0
8911.0,2079.0,2079.0,2080.0,891.0,891.0,891.0
8896.0,2075.0,2075.0,2076.0,890.0,890.0,890.0
8872.0,2070.0,2070.0,2071.0,887.0,887.0,887.0
8890.0,2074.0,2074.0,2075.0,889.0,889.0,889.0
8866.0,2068.0,2068.0,2069.0,887.0,887.0,887.0
8860.0,2067.0,2067.0,2068.0,886.0,886.0,886.0
8860.0,2067.0,2067.0,2068.0,886.0,886.0,886.0
8833.0,2061.0,2061.0,2062.0,883.0,883.0,883.0
8827.0,2059.0,2059.0,2060.0,883.0,883.0,883.0
8833.0,2061.0,2061.0,2062.0,883.0,883.0,883.0
8821.0,2058.0,2058.0,2059.0,882.0,882.0,882.0
8812.0,2056.0,2056.0,2057.0,881.0,881.0,881.0
8800.0,2053.0,2053.0,2054.0,880.0,880.0,880.0
8791.0,2051.0,2051.0,2052.0,879.0,879.0,879.0
8782.0,2049.0,2049.0,2050.0,878.0,878.0,878.0
8788.0,2050.0,2050.0,2051.0,879.0,879.0,879.0
8764.0,2045.0,2045.0,2046.0,876.0,876.0,876.0
8767.0,2045.0,2045.0,2046.0,877.0,877.0,877.0
8770.0,2046.0,2046.0,2047.0,877.0,877.0,877.0
8767.0,2045.0,2045.0,2046.0,877.0,877.0,877.0
8779.0,2048.0,2048.0,2049.0,878.0,878.0,878.0
8779.0,2048.0,2048.0,2049.0,878.0,878.0,878.0
8776.0,2047.0,2047.0,2048.0,878.0,878.0,878.0
8800.0,2053.0,2053.0,2054.0,880.0,880.0,880.0
8812.0,2056.0,2056.0,2057.0,881.0,881.0,881.0
8809.0,2055.0,2055.0,2056.0,881.0,881.0,881.0
8827.0,2059.0,2059.0,2060.0,883.0,883.0,883.0
8842.0,2063.0,2063.0,2064.0,884.0,884.0,884.0
8860.0,2067.0,2067.0,2068.0,886.0,886.0,886.0
8851.0,2065.0,2065.0,2066.0,885.0,885.0,885.0
8872.0,2070.0,2070.0,2071.0,887.0,887.0,887.0
8902.0,2077.0,2077.0,2078.0,890.0,890.0,890.0
8908.0,2078.0,2078.0,2079.0,891.0,891.0,891.0
8929.0,2083.0,2083.0,2084.0,893.0,893.0,893.0
8932.0,2084.0,2084.0,2085.0,893.0,893.0,893.0
8938.0,2085.0,2085.0,2086.0,894.0,894.0,894.0
8962.0,2091.0,2091.0,2092.0,896.0,896.0,896.0
8971.0,2093.0,2093.0,2094.0,897.0,897.0,897.0
8959.0,2090.0,2090.0,2091.0,896.0,896.0,896.0
8989.0,2097.0,2097.0,2098.0,899.0,899.0,899.0
8992.0,2098.0,2098.0,2099.0,899.0,899.0,899.0
9016.0,2103.0,2103.0,2104.0,902.0,902.0,902.0
9016.0,2103.0,2103.0,2104.0,902.0,902.0,902.0
9010.0,2102.0,2102.0,2103.0,901.0,901.0,901.0
9016.0,2103.0,2103.0,2104.0,902.0,902.0,902.0
9046.0,2110.0,2110.0,2111.0,905.0,905.0,905.0
9037.0,2108.0,2108.0,2109.0,904.0,904.0,904.0
9040.0,2109.0,2109.0,2110.0,904.0,904.0,904.0
9034.0,2108.0,2108.0,2109.0,903.0,903.0,903.0
9040.0,2109.0,2109.0,2110.0,904.0,904.0,904.0
9010.0,2102.0,2102.0,2103.0,901.0,901.0,901.0
9019.0,2104.0,2104.0,2105.0,902.0,902.0,902.0
9013.0,2103.0,2103.0,2104.0,901.0,901.0,901.0
8986.0,2096.0,2096.0,2097.0,899.0,899.0,899.0
9007.0,2101.0,2101.0,2102.0,901.0,901.0,901.0
8974.0,2094.0,2094.0,2095.0,897.0,897.0,897.0
8967.0,2092.0,2092.0,2092.0,897.0,897.0,897.0
8980.0,2095.0,2095.0,2096.0,898.0,898.0,898.0
8952.0,2089.0,2089.0,2089.0,895.0,895.0,895.0
8940.0,2086.0,2086.0,2086.0,894.0,894.0,894.0
8917.0,2080.0,2080.0,2081.0,892.0,892.0,892.0
8917.0,2080.0,2080.0,2081.0,892.0,892.0,892.0
8920.0,2081.0,2081.0,2082.0,892.0,892.0,892.0
8911.0,2079.0,2079.0,2080.0,891.0,891.0,891.0
8899.0,2076.0,2076.0,2077.0,890.0,890.0,890.0
8902.0,2077.0,2077.0,2078.0,890.0,890.0,890.0
8893.0,2075.0,2075.0,2076.0,889.0,889.0,889.0
8869.0,2069.0,2069.0,2070.0,887.0,887.0,887.0
8878.0,2071.0,2071.0,2072.0,888.0,888.0,888.0
8872.0,2070.0,2070.0,2071.0,887.0,887.0,887.0
8896.0,2075.0,2075.0,2076.0,890.0,890.0,890.0
8877.0,2071.0,2071.0,2071.0,888.0,888.0,888.0
8890.0,2074.0,2074.0,2075.0,889.0,889.0,889.0
8902.0,2077.0,2077.0,2078.0,890.0,890.0,890.0
8881.0,2072.0,2072.0,2073.0,888.0,888.0,888.0
8902.0,2077.0,2077.0,2078.0,890.0,890.0,890.0
8899.0,2076.0,2076.0,2077.0,890.0,890.0,890.0
8922.0,2082.0,2082.0,2082.0,892.0,892.0,892.0
8932.0,2084.0,2084.0,2085.0,893.0,893.0,893.0
8947.0,2087.0,2087.0,2088.0,895.0,895.0,895.0
8959.0,2090.0,2090.0,2091.0,896.0,896.0,896.0
8974.0,2094.0,2094.0,2095.0,897.0,897.0,897.0
8977.0,2094.0,2094.0,2095.0,898.0,898.0,898.0
9001.0,2100.0,2100.0,2101.0,900.0,900.0,900.0
9007.0,2101.0,2101.0,2102.0,901.0,901.0,901.0
9007.0,2101.0,2101.0,2102.0,901.0,901.0,901.0
9030.0,2107.0,2107.0,2107.0,903.0,903.0,903.0
9046.0,2110.0,2110.0,2111.0,905.0,905.0,905.0
9052.0,2112.0,2112.0,2113.0,905.0,905.0,905.0
9079.0,2118.0,2118.0,2119.0,908.0,908.0,908.0
9082.0,2119.0,2119.0,2120.0,908.0,908.0,908.0
9097.0,2122.0,2122.0,2123.0,910.0,910.0,910.0
9106.0,2124.0,2124.0,2125.0,911.0,911.0,911.0
9139.0,2132.0,2132.0,2133.0,914.0,914.0,914.0
9139.0,2132.0,2132.0,2133.0,914.0,914.0,914.0
9133.0,2131.0,2131.0,2132.0,913.0,913.0,913.0
9139.0,2132.0,2132.0,2133.0,914.0,914.0,914.0
9148.0,2134.0,2134.0,2135.0,915.0,915.0,915.0
9139.0,2132.0,2132.0,2133.0,914.0,914.0,914.0
9130.0,2130.0,2130.0,2131.0,913.0,913.0,913.0
9133.0,2131.0,2131.0,2132.0,913.0,913.0,913.0
9136.0,2131.0,2131.0,2132.0,914.0,914.0,914.0
9121.0,2128.0,2128.0,2129.0,912.0,912.0,912.0
9112.0,2126.0,2126.0,2127.0,911.0,911.0,911.0
9112.0,2126.0,2126.0,2127.0,911.0,911.0,911.0
9091.0,2121.0,2121.0,2122.0,909.0,909.0,909.0
9091.0,2121.0,2121.0,2122.0,909.0,909.0,909.0
9097.0,2122.0,2122.0,2123.0,910.0,910.0,910.0
9073.0,2117.0,2117.0,2118.0,907.0,907.0,907.0
9061.0,2114.0,2114.0,2115.0,906.0,906.0,906.0
9067.0,2115.0,2115.0,2116.0,907.0,907.0,907.0
9046.0,2110.0,2110.0,2111.0,905.0,905.0,905.0
9043.0,2110.0,2110.0,2111.0,904.0,904.0,904.0
9043.0,2110.0,2110.0,2111.0,904.0,904.0,904.0
9019.0,2104.0,2104.0,2105.0,902.0,902.0,902.0
9019.0,2104.0,2104.0,2105.0,902.0,902.0,902.0
9013.0,2103.0,2103.0,2104.0,901.0,901.0,901.0
8983.0,2096.0,2096.0,2097.0,898.0,898.0,898.0
8992.0,2098.0,2098.0,2099.0,899.0,899.0,899.0
8992.0,2098.0,2098.0,2099.0,899.0,899.0,899.0
8989.0,2097.0,2097.0,2098.0,899.0,899.0,899.0
9004.0,2101.0,2101.0,2102.0,900.0,900.0,900.0
8989.0,2097.0,2097.0,2098.0,899.0,899.0,899.0
8986.0,2096.0,2096.0,2097.0,899.0,899.0,899.0
9010.0,2102.0,2102.0,2103.0,901.0,901.0,901.0
8998.0,2099.0,2099.0,2100.0,900.0,900.0,900.0
8998.0,2099.0,2099.0,2100.0,900.0,900.0,900.0
8998.0,2099.0,2099.0,2100.0,900.0,900.0,900.0
9049.0,2111.0,2111.0,2112.0,905.0,905.0,905.0
9019.0,2104.0,2104.0,2105.0,902.0,902.0,902.0
9037.0,2108.0,2108.0,2109.0,904.0,904.0,904.0
9031.0,2107.0,2107.0,2108.0,903.0,903.0,903.0
9067.0,2115.0,2115.0,2116.0,907.0,907.0,907.0
9064.0,2115.0,2115.0,2116.0,906.0,906.0,906.0
9079.0,2118.0,2118.0,2119.0,908.0,908.0,908.0
9100.0,2123.0,2123.0,2124.0,910.0,910.0,910.0
9118.0,2127.0,2127.0,2128.0,912.0,912.0,912.0
9139.0,2132.0,2132.0,2133.0,914.0,914.0,914.0
9139.0,2132.0,2132.0,2133.0,914.0,914.0,914.0
9151.0,2135.0,2135.0,2136.0,915.0,915.0,915.0
9172.0,2140.0,2140.0,2141.0,917.0,917.0,917.0
9172.0,2140.0,2140.0,2141.0,917.0,917.0,917.0
9193.0,2145.0,2145.0,2146.0,919.0,919.0,919.0
9193.0,2145.0,2145.0,2146.0,919.0,919.0,919.0
9202.0,2147.0,2147.0,2148.0,920.0,920.0,920.0
9214.0,2150.0,2150.0,2151.0,921.0,921.0,921.0
9232.0,2154.0,2154.0,2155.0,923.0,923.0,923.0
9232.0,2154.0,2154.0,2155.0,923.0,923.0,923.0
9238.0,2155.0,2155.0,2156.0,924.0,924.0,924.0
9229.0,2153.0,2153.0,2154.0,923.0,923.0,923.0
9240.0,2156.0,2156.0,2156.0,924.0,924.0,924.0
9256.0,2159.0,2159.0,2160.0,926.0,926.0,926.0
9247.0,2157.0,2157.0,2158.0,925.0,925.0,925.0
9220.0,2151.0,2151.0,2152.0,922.0,922.0,922.0
9229.0,2153.0,2153.0,2154.0,923.0,923.0,923.0
9222.0,2152.0,2152.0,2152.0,922.0,922.0,922.0
9210.0,2149.0,2149.0,2149.0,921.0,921.0,921.0
9217.0,2150.0,2150.0,2151.0,922.0,922.0,922.0
9196.0,2145.0,2145.0,2146.0,920.0,920.0,920.0
9184.0,2143.0,2143.0,2144.0,918.0,918.0,918.0
9190.0,2144.0,2144.0,2145.0,919.0,919.0,919.0
9180.0,2142.0,2142.0,2142.0,918.0,918.0,918.0
9172.0,2140.0,2140.0,2141.0,917.0,917.0,917.0
9139.0,2132.0,2132.0,2133.0,914.0,914.0,914.0
9124.0,2129.0,2129.0,2130.0,912.0,912.0,912.0
9136.0,2131.0,2131.0,2132.0,914.0,914.0,914.0
9118.0,2127.0,2127.0,2128.0,912.0,912.0,912.0
9124.0,2129.0,2129.0,2130.0,912.0,912.0,912.0
9100.0,2123.0,2123.0,2124.0,910.0,910.0,910.0
9103.0,2124.0,2124.0,2125.0,910.0,910.0,910.0
9088.0,2120.0,2120.0,2121.0,909.0,909.0,909.0
9090.0,2121.0,2121.0,2121.0,909.0,909.0,909.0
9082.0,2119.0,2119.0,2120.0,908.0,908.0,908.0
9079.0,2118.0,2118.0,2119.0,908.0,908.0,908.0
9088.0,2120.0,2120.0,2121.0,909.0,909.0,909.0
9091.0,2121.0,2121.0,2122.0,909.0,909.0,909.0
9090.0,2121.0,2121.0,2121.0,909.0,909.0,909.0
9103.0,2124.0,2124.0,2125.0,910.0,910.0,910.0
9100.0,2123.0,2123.0,2124.0,910.0,910.0,910.0
9082.0,2119.0,2119.0,2120.0,908.0,908.0,908.0
9106.0,2124.0,2124.0,2125.0,911.0,911.0,911.0
9139.0,2132.0,2132.0,2133.0,914.0,914.0,914.0
9127.0,2129.0,2129.0,2130.0,913.0,913.0,913.0
9142.0,2133.0,2133.0,2134.0,914.0,914.0,914.0
9160.0,2137.0,2137.0,2138.0,916.0,916.0,916.0
9166.0,2138.0,2138.0,2139.0,917.0,917.0,917.0
9169.0,2139.0,2139.0,2140.0,917.0,917.0,917.0
9208.0,2148.0,2148.0,2149.0,921.0,921.0,921.0
9220.0,2151.0,2151.0,2152.0,922.0,922.0,922.0
9232.0,2154.0,2154.0,2155.0,923.0,923.0,923.0
9250.0,2158.0,2158.0,2159.0,925.0,925.0,925.0
9256.0,2159.0,2159.0,2160.0,926.0,926.0,926.0
9283.0,2166.0,2166.0,2167.0,928.0,928.0,928.0
9283.0,2166.0,2166.0,2167.0,928.0,928.0,928.0
9301.0,2170.0,2170.0,2171.0,930.0,930.0,930.0
9307.0,2171.0,2171.0,2172.0,931.0,931.0,931.0
9310.0,2172.0,2172.0,2173.0,931.0,931.0,931.0
9313.0,2173.0,2173.0,2174.0,931.0,931.0,931.0
9349.0,2181.0,2181.0,2182.0,935.0,935.0,935.0
9342.0,2180.0,2180.0,2180.0,934.0,934.0,934.0
9343.0,2180.0,2180.0,2181.0,934.0,934.0,934.0
9361.0,2184.0,2184.0,2185.0,936.0,936.0,936.0
9346.0,2180.0,2180.0,2181.0,935.0,935.0,935.0
9340.0,2179.0,2179.0,2180.0,934.0,934.0,934.0
9337.0,2178.0,2178.0,2179.0,934.0,934.0,934.0
9358.0,2183.0,2183.0,2184.0,936.0,936.0,936.0
9319.0,2174.0,2174.0,2175.0,932.0,932.0,932.0
9340.0,2179.0,2179.0,2180.0,934.0,934.0,934.0
9322.0,2175.0,2175.0,2176.0,932.0,932.0,932.0
9297.0,2169.0,2169.0,2169.0,930.0,930.0,930.0
9310.0,2172.0,2172.0,2173.0,931.0,931.0,931.0
9298.0,2169.0,2169.0,2170.0,930.0,930.0,930.0
9277.0,2164.0,2164.0,2165.0,928.0,928.0,928.0
9259.0,2160.0,2160.0,2161.0,926.0,926.0,926.0
9262.0,2161.0,2161.0,2162.0,926.0,926.0,926.0
9277.0,2164.0,2164.0,2165.0,928.0,928.0,928.0
9250.0,2158.0,2158.0,2159.0,925.0,925.0,925.0
9244.0,2157.0,2157.0,2158.0,924.0,924.0,924.0
9223.0,2152.0,2152.0,2153.0,922.0,922.0,922.0
9229.0,2153.0,2153.0,2154.0,923.0,923.0,923.0
9220.0,2151.0,2151.0,2152.0,922.0,922.0,922.0
9202.0,2147.0,2147.0,2148.0,920.0,920.0,920.0
9193.0,2145.0,2145.0,2146.0,919.0,919.0,919.0
9208.0,2148.0,2148.0,2149.0,921.0,921.0,921.0
9184.0,2143.0,2143.0,2144.0,918.0,918.0,918.0
9190.0,2144.0,2144.0,2145.0,919.0,919.0,919.0
9199.0,2146.0,2146.0,2147.0,920.0,920.0,920.0
9196.0,2145.0,2145.0,2146.0,920.0,920.0,920.0
9211.0,2149.0,2149.0,2150.0,921.0,921.0,921.0
9202.0,2147.0,2147.0,2148.0,920.0,920.0,920.0
9208.0,2148.0,2148.0,2149.0,921.0,921.0,921.0
9202.0,2147.0,2147.0,2148.0,920.0,920.0,920.0
9223.0,2152.0,2152.0,2153.0,922.0,922.0,922.0
9232.0,2154.0,2154.0,2155.0,923.0,923.0,923.0
9259.0,2160.0,2160.0,2161.0,926.0,926.0,926.0
9250.0,2158.0,2158.0,2159.0,925.0,925.0,925.0
9262.0,2161.0,2161.0,2162.0,926.0,926.0,926.0
9271.0,2163.0,2163.0,2164.0,927.0,927.0,927.0
9289.0,2167.0,2167.0,2168.0,929.0,929.0,929.0
9298.0,2169.0,2169.0,2170.0,930.0,930.0,930.0
9300.0,2170.0,2170.0,2170.0,930.0,930.0,930.0
9342.0,2180.0,2180.0,2180.0,934.0,934.0,934.0
9322.0,2175.0,2175.0,2176.0,932.0,932.0,932.0
9358.0,2183.0,2183.0,2184.0,936.0,936.0,936.0
9361.0,2184.0,2184.0,2185.0,936.0,936.0,936.0
9382.0,2189.0,2189.0,2190.0,938.0,938.0,938.0
9400.0,2193.0,2193.0,2194.0,940.0,940.0,940.0
9412.0,2196.0,2196.0,2197.0,941.0,941.0,941.0
9400.0,2193.0,2193.0,2194.0,940.0,940.0,940.0
9421.0,2198.0,2198.0,2199.0,942.0,942.0,942.0
9457.0,2206.0,2206.0,2207.0,946.0,946.0,946.0
9430.0,2200.0,2200.0,2201.0,943.0,943.0,943.0
9421.0,2198.0,2198.0,2199.0,942.0,942.0,942.0
9442.0,2203.0,2203.0,2204.0,944.0,944.0,944.0
9462.0,2208.0,2208.0,2208.0,946.0,946.0,946.0
9448.0,2204.0,2204.0,2205.0,945.0,945.0,945.0
9457.0,2206.0,2206.0,2207.0,946.0,946.0,946.0
9463.0,2208.0,2208.0,2209.0,946.0,946.0,946.0
9430.0,2200.0,2200.0,2201.0,943.0,943.0,943.0
9439.0,2202.0,2202.0,2203.0,944.0,944.0,944.0
9439.0,2202.0,2202.0,2203.0,944.0,944.0,944.0
9430.0,2200.0,2200.0,2201.0,943.0,943.0,943.0
9400.0,2193.0,2193.0,2194.0,940.0,940.0,940.0
9400.0,2193.0,2193.0,2194.0,940.0,940.0,940.0
9409.0,2195.0,2195.0,2196.0,941.0,941.0,941.0
9388.0,2190.0,2190.0,2191.0,939.0,939.0,939.0
9388.0,2190.0,2190.0,2191.0,939.0,939.0,939.0
9367.0,2185.0,2185.0,2186.0,937.0,937.0,937.0
9343.0,2180.0,2180.0,2181.0,934.0,934.0,934.0
9349.0,2181.0,2181.0,2182.0,935.0,935.0,935.0
9340.0,2179.0,2179.0,2180.0,934.0,934.0,934.0
9312.0,2173.0,2173.0,2173.0,931.0,931.0,931.0
9310.0,2172.0,2172.0,2173.0,931.0,931.0,931.0
9301.0,2170.0,2170.0,2171.0,930.0,930.0,930.0
9319.0,2174.0,2174.0,2175.0,932.0,932.0,932.0
9310.0,2172.0,2172.0,2173.0,931.0,931.0,931.0
9301.0,2170.0,2170.0,2171.0,930.0,930.0,930.0
9286.0,2166.0,2166.0,2167.0,929.0,929.0,929.0
9297.0,2169.0,2169.0,2169.0,930.0,930.0,930.0
9298.0,2169.0,2169.0,2170.0,930.0,930.0,930.0
9292.0,2168.0,2168.0,2169.0,929.0,929.0,929.0
9301.0,2170.0,2170.0,2171.0,930.0,930.0,930.0
9310.0,2172.0,2172.0,2173.0,931.0,931.0,931.0
9319.0,2174.0,2174.0,2175.0,932.0,932.0,932.0
9322.0,2175.0,2175.0,2176.0,932.0,932.0,932.0
9331.0,2177.0,2177.0,2178.0,933.0,933.0,933.0
9337.0,2178.0,2178.0,2179.0,934.0,934.0,934.0
9346.0,2180.0,2180.0,2181.0,935.0,935.0,935.0
9364.0,2185.0,2185.0,2186.0,936.0,936.0,936.0
9400.0,2193.0,2193.0,2194.0,940.0,940.0,940.0
9402.0,2194.0,2194.0,2194.0,940.0,940.0,940.0
9400.0,2193.0,2193.0,2194.0,940.0,940.0,940.0
9409.0,2195.0,2195.0,2196.0,941.0,941.0,941.0
9442.0,2203.0,2203.0,2204.0,944.0,944.0,944.0
9451.0,2205.0,2205.0,2206.0,945.0,945.0,945.0
9478.0,2211.0,2211.0,2212.0,948.0,948.0,948.0
9472.0,2210.0,2210.0,2211.0,947.0,947.0,947.0
9496.0,2215.0,2215.0,2216.0,950.0,950.0,950.0
9499.0,2216.0,2216.0,2217.0,950.0,950.0,950.0
9529.0,2223.0,2223.0,2224.0,953.0,953.0,953.0
9532.0,2224.0,2224.0,2225.0,953.0,953.0,953.0
9529.0,2223.0,2223.0,2224.0,953.0,953.0,953.0
9550.0,2228.0,2228.0,2229.0,955.0,955.0,955.0
9547.0,2227.0,2227.0,2228.0,955.0,955.0,955.0
9547.0,2227.0,2227.0,2228.0,955.0,955.0,955.0
9532.0,2224.0,2224.0,2225.0,953.0,953.0,953.0
9556.0,2229.0,2229.0,2230.0,956.0,956.0,956.0
9529.0,2223.0,2223.0,2224.0,953.0,953.0,953.0
9544.0,2227.0,2227.0,2228.0,954.0,954.0,954.0
9562.0,2231.0,2231.0,2232.0,956.0,956.0,956.0
9547.0,2227.0,2227.0,2228.0,955.0,955.0,955.0
9520.0,2221.0,2221.0,2222.0,952.0,952.0,952.0
9538.0,2225.0,2225.0,2226.0,954.0,954.0,954.0
9508.0,2218.0,2218.0,2219.0,951.0,951.0,951.0
9520.0,2221.0,2221.0,2222.0,952.0,952.0,952.0
9517.0,2220.0,2220.0,2221.0,952.0,952.0,952.0
9508.0,2218.0,2218.0,2219.0,951.0,951.0,951.0
9502.0,2217.0,2217.0,2218.0,950.0,950.0,950.0
9466.0,2208.0,2208.0,2209.0,947.0,947.0,947.0
9487.0,2213.0,2213.0,2214.0,949.0,949.0,949.0
9472.0,2210.0,2210.0,2211.0,947.0,947.0,947.0
9457.0,2206.0,2206.0,2207.0,946.0,946.0,946.0
9436.0,2201.0,2201.0,2202.0,944.0,944.0,944.0
9436.0,2201.0,2201.0,2202.0,944.0,944.0,944.0
9442.0,2203.0,2203.0,2204.0,944.0,944.0,944.0
9421.0,2198.0,2198.0,2199.0,942.0,942.0,942.0
9409.0,2195.0,2195.0,2196.0,941.0,941.0,941.0
9412.0,2196.0,2196.0,2197.0,941.0,941.0,941.0
9400.0,2193.0,2193.0,2194.0,940.0,940.0,940.0
9418.0,2197.0,2197.0,2198.0,942.0,942.0,942.0
9391.0,2191.0,2191.0,2192.0,939.0,939.0,939.0
9397.0,2192.0,2192.0,2193.0,940.0,940.0,940.0
9412.0,2196.0,2196.0,2197.0,941.0,941.0,941.0
9409.0,2195.0,2195.0,2196.0,941.0,941.0,941.0
9421.0,2198.0,2198.0,2199.0,942.0,942.0,942.0
9421.0,2198.0,2198.0,2199.0,942.0,942.0,942.0
9430.0,2200.0,2200.0,2201.0,943.0,943.0,943.0
9454.0,2206.0,2206.0,2207.0,945.0,945.0,945.0
9451.0,2205.0,2205.0,2206.0,945.0,945.0,945.0
9460.0,2207.0,2207.0,2208.0,946.0,946.0,946.0
9457.0,2206.0,2206.0,2207.0,946.0,946.0,946.0
9481.0,2212.0,2212.0,2213.0,948.0,948.0,948.0
9496.0,2215.0,2215.0,2216.0,950.0,950.0,950.0
9511.0,2219.0,2219.0,2220.0,951.0,951.0,951.0
9520.0,2221.0,2221.0,2222.0,952.0,952.0,952.0
9526.0,2222.0,2222.0,2223.0,953.0,953.0,953.0
9541.0,2226.0,2226.0,2227.0,954.0,954.0,954.0
9553.0,2229.0,2229.0,2230.0,955.0,955.0,955.0
9586.0,2236.0,2236.0,2237.0,959.0,959.0,959.0
9586.0,2236.0,2236.0,2237.0,959.0,959.0,959.0
9592.0,2238.0,2238.0,2239.0,959.0,959.0,959.0
9637.0,2248.0,2248.0,2249.0,964.0,964.0,964.0
9649.0,2251.0,2251.0,2252.0,965.0,965.0,965.0
9628.0,2246.0,2246.0,2247.0,963.0,963.0,963.0
9649.0,2251.0,2251.0,2252.0,965.0,965.0,965.0
9640.0,2249.0,2249.0,2250.0,964.0,964.0,964.0
9661.0,2254.0,2254.0,2255.0,966.0,966.0,966.0
9652.0,2252.0,2252.0,2253.0,965.0,965.0,965.0
9649.0,2251.0,2251.0,2252.0,965.0,965.0,965.0
9658.0,2253.0,2253.0,2254.0,966.0,966.0,966.0
9672.0,2257.0,2257.0,2257.0,967.0,967.0,967.0
9652.0,2252.0,2252.0,2253.0,965.0,965.0,965.0
9631.0,2247.0,2247.0,2248.0,963.0,963.0,963.0
9643.0,2250.0,2250.0,2251.0,964.0,964.0,964.0
9640.0,2249.0,2249.0,2250.0,964.0,964.0,964.0
9640.0,2249.0,2249.0,2250.0,964.0,964.0,964.0
9612.0,2243.0,2243.0,2243.0,961.0,961.0,961.0
9628.0,2246.0,2246.0,2247.0,963.0,963.0,963.0
9589.0,2237.0,2237.0,2238.0,959.0,959.0,959.0
9589.0,2237.0,2237.0,2238.0,959.0,959.0,959.0
9568.0,2232.0,2232.0,2233.0,957.0,957.0,957.0
9571.0,2233.0,2233.0,2234.0,957.0,957.0,957.0
9538.0,2225.0,2225.0,2226.0,954.0,954.0,954.0
9550.0,2228.0,2228.0,2229.0,955.0,955.0,955.0
9538.0,2225.0,2225.0,2226.0,954.0,954.0,954.0
9550.0,2228.0,2228.0,2229.0,955.0,955.0,955.0
9520.0,2221.0,2221.0,2222.0,952.0,952.0,952.0
9517.0,2220.0,2220.0,2221.0,952.0,952.0,952.0
9538.0,2225.0,2225.0,2226.0,954.0,954.0,954.0
9508.0,2218.0,2218.0,2219.0,951.0,951.0,951.0
9532.0,2224.0,2224.0,2225.0,953.0,953.0,953.0
9520.0,2221.0,2221.0,2222.0,952.0,952.0,952.0
9508.0,2218.0,2218.0,2219.0,951.0,951.0,951.0
9520.0,2221.0,2221.0,2222.0,952.0,952.0,952.0
9496.0,2215.0,2215.0,2216.0,950.0,950.0,950.0
9514.0,2220.0,2220.0,2221.0,951.0,951.0,951.0
9538.0,2225.0,2225.0,2226.0,954.0,954.0,954.0
9508.0,2218.0,2218.0,2219.0,951.0,951.0,951.0
9532.0,2224.0,2224.0,2225.0,953.0,953.0,953.0
9552.0,2229.0,2229.0,2229.0,955.0,955.0,955.0
9550.0,2228.0,2228.0,2229.0,955.0,955.0,955.0
9562.0,2231.0,2231.0,2232.0,956.0,956.0,956.0
9589.0,2237.0,2237.0,2238.0,959.0,959.0,959.0
9592.0,2238.0,2238.0,2239.0,959.0,959.0,959.0
9610.0,2242.0,2242.0,2243.0,961.0,961.0,961.0
9613.0,2243.0,2243.0,2244.0,961.0,961.0,961.0
9640.0,2249.0,2249.0,2250.0,964.0,964.0,964.0
9658.0,2253.0,2253.0,2254.0,966.0,966.0,966.0
9646.0,2250.0,2250.0,2251.0,965.0,965.0,965.0
9688.0,2260.0,2260.0,2261.0,969.0,969.0,969.0
9679.0,2258.0,2258.0,2259.0,968.0,968.0,968.0
9703.0,2264.0,2264.0,2265.0,970.0,970.0,970.0
9691.0,2261.0,2261.0,2262.0,969.0,969.0,969.0
9706.0,2264.0,2264.0,2265.0,971.0,971.0,971.0
9742.0,2273.0,2273.0,2274.0,974.0,974.0,974.0
9736.0,2271.0,2271.0,2272.0,974.0,974.0,974.0
9762.0,2278.0,2278.0,2278.0,976.0,976.0,976.0
9739.0,2272.0,2272.0,2273.0,974.0,974.0,974.0
9778.0,2281.0,2281.0,2282.0,978.0,978.0,978.0
9748.0,2274.0,2274.0,2275.0,975.0,975.0,975.0
9751.0,2275.0,2275.0,2276.0,975.0,975.0,975.0
9760.0,2277.0,2277.0,2278.0,976.0,976.0,976.0
9763.0,2278.0,2278.0,2279.0,976.0,976.0,976.0
9769.0,2279.0,2279.0,2280.0,977.0,977.0,977.0
9763.0,2278.0,2278.0,2279.0,976.0,976.0,976.0
9760.0,2277.0,2277.0,2278.0,976.0,976.0,976.0
9732.0,2271.0,2271.0,2271.0,973.0,973.0,973.0
9739.0,2272.0,2272.0,2273.0,974.0,974.0,974.0
9706.0,2264.0,2264.0,2265.0,971.0,971.0,971.0
9706.0,2264.0,2264.0,2265.0,971.0,971.0,971.0
9709.0,2265.0,2265.0,2266.0,971.0,971.0,971.0
9697.0,2262.0,2262.0,2263.0,970.0,970.0,970.0
9697.0,2262.0,2262.0,2263.0,970.0,970.0,970.0
9661.0,2254.0,2254.0,2255.0,966.0,966.0,966.0
9676.0,2257.0,2257.0,2258.0,968.0,968.0,968.0
9640.0,2249.0,2249.0,2250.0,964.0,964.0,964.0
9652.0,2252.0,2252.0,2253.0,965.0,965.0,965.0
9649.0,2251.0,2251.0,2252.0,965.0,965.0,965.0
9637.0,2248.0,2248.0,2249.0,964.0,964.0,964.0
9640.0,2249.0,2249.0,2250.0,964.0,964.0,964.0
9628.0,2246.0,2246.0,2247.0,963.0,963.0,963.0
9613.0,2243.0,2243.0,2244.0,961.0,961.0,961.0
9616.0,2243.0,2243.0,2244.0,962.0,962.0,962.0
9607.0,2241.0,2241.0,2242.0,961.0,961.0,961.0
9631.0,2247.0,2247.0,2248.0,963.0,963.0,963.0
9601.0,2240.0,2240.0,2241.0,960.0,960.0,960.0
9613.0,2243.0,2243.0,2244.0,961.0,961.0,961.0
9628.0,2246.0,2246.0,2247.0,963.0,963.0,963.0
9631.0,2247.0,2247.0,2248.0,963.0,963.0,963.0
9622.0,2245.0,2245.0,2246.0,962.0,962.0,962.0
9652.0,2252.0,2252.0,2253.0,965.0,965.0,965.0
9642.0,2250.0,2250.0,2250.0,964.0,964.0,964.0
9658.0,2253.0,2253.0,2254.0,966.0,966.0,966.0
9670.0,2256.0,2256.0,2257.0,967.0,967.0,967.0
9706.0,2264.0,2264.0,2265.0,971.0,971.0,971.0
9712.0,2266.0,2266.0,2267.0,971.0,971.0,971.0
9706.0,2264.0,2264.0,2265.0,971.0,971.0,971.0
9718.0,2267.0,2267.0,2268.0,972.0,972.0,972.0
9742.0,2273.0,2273.0,2274.0,974.0,974.0,974.0
9751.0,2275.0,2275.0,2276.0,975.0,975.0,975.0
9763.0,2278.0,2278.0,2279.0,976.0,976.0,976.0
9781.0,2282.0,2282.0,2283.0,978.0,978.0,978.0
9772.0,2280.0,2280.0,2281.0,977.0,977.0,977.0
9808.0,2288.0,2288.0,2289.0,981.0,981.0,981.0
9799.0,2286.0,2286.0,2287.0,980.0,980.0,980.0
9817.0,2290.0,2290.0,2291.0,982.0,982.0,982.0
9829.0,2293.0,2293.0,2294.0,983.0,983.0,983.0
9850.0,2298.0,2298.0,2299.0,985.0,985.0,985.0
9859.0,2300.0,2300.0,2301.0,986.0,986.0,986.0
9859.0,2300.0,2300.0,2301.0,986.0,986.0,986.0
9856.0,2299.0,2299.0,2300.0,986.0,986.0,986.0
9850.0,2298.0,2298.0,2299.0,985.0,985.0,985.0
9871.0,2303.0,2303.0,2304.0,987.0,987.0,987.0
9862.0,2301.0,2301.0,2302.0,986.0,986.0,986.0
9871.0,2303.0,2303.0,2304.0,987.0,987.0,987.0
9883.0,2306.0,2306.0,2307.0,988.0,988.0,988.0
9856.0,2299.0,2299.0,2300.0,986.0,986.0,986.0
9871.0,2303.0,2303.0,2304.0,987.0,987.0,987.0
9844.0,2297.0,2297.0,2298.0,984.0,984.0,984.0
9841.0,2296.0,2296.0,2297.0,984.0,984.0,984.0
9820.0,2291.0,2291.0,2292.0,982.0,982.0,982.0
9811.0,2289.0,2289.0,2290.0,981.0,981.0,981.0
9817.0,2290.0,2290.0,2291.0,982.0,982.0,982.0
9799.0,2286.0,2286.0,2287.0,980.0,980.0,980.0
9762.0,2278.0,2278.0,2278.0,976.0,976.0,976.0
9778.0,2281.0,2281.0,2282.0,978.0,978.0,978.0
9787.0,2283.0,2283.0,2284.0,979.0,979.0,979.0
9751.0,2275.0,2275.0,2276.0,975.0,975.0,975.0
9742.0,2273.0,2273.0,2274.0,974.0,974.0,974.0
9742.0,2273.0,2273.0,2274.0,974.0,974.0,974.0
9742.0,2273.0,2273.0,2274.0,974.0,974.0,974.0
9736.0,2271.0,2271.0,2272.0,974.0,974.0,974.0
9709.0,2265.0,2265.0,2266.0,971.0,971.0,971.0
9733.0,2271.0,2271.0,2272.0,973.0,973.0,973.0
9706.0,2264.0,2264.0,2265.0,971.0,971.0,971.0
9718.0,2267.0,2267.0,2268.0,972.0,972.0,972.0
9709.0,2265.0,2265.0,2266.0,971.0,971.0,971.0
9697.0,2262.0,2262.0,2263.0,970.0,970.0,970.0
9709.0,2265.0,2265.0,2266.0,971.0,971.0,971.0
9709.0,2265.0,2265.0,2266.0,971.0,971.0,971.0
9712.0,2266.0,2266.0,2267.0,971.0,971.0,971.0
9732.0,2271.0,2271.0,2271.0,973.0,973.0,973.0
9739.0,2272.0,2272.0,2273.0,974.0,974.0,974.0
9762.0,2278.0,2278.0,2278.0,976.0,976.0,976.0
9762.0,2278.0,2278.0,2278.0,976.0,976.0,976.0
9772.0,2280.0,2280.0,2281.0,977.0,977.0,977.0
9778.0,2281.0,2281.0,2282.0,978.0,978.0,978.0
9781.0,2282.0,2282.0,2283.0,978.0,978.0,978.0
9811.0,2289.0,2289.0,2290.0,981.0,981.0,981.0
9823.0,2292.0,2292.0,2293.0,982.0,982.0,982.0
9823.0,2292.0,2292.0,2293.0,982.0,982.0,982.0
9862.0,2301.0,2301.0,2302.0,986.0,986.0,986.0
9859.0,2300.0,2300.0,2301.0,986.0,986.0,986.0
9889.0,2307.0,2307.0,2308.0,989.0,989.0,989.0
9901.0,2310.0,2310.0,2311.0,990.0,990.0,990.0
9892.0,2308.0,2308.0,2309.0,989.0,989.0,989.0
9919.0,2314.0,2314.0,2315.0,992.0,992.0,992.0
9928.0,2316.0,2316.0,2317.0,993.0,993.0,993.0
9922.0,2315.0,2315.0,2316.0,992.0,992.0,992.0
9937.0,2318.0,2318.0,2319.0,994.0,994.0,994.0
9937.0,2318.0,2318.0,2319.0,994.0,994.0,994.0
9958.0,2323.0,2323.0,2324.0,996.0,996.0,996.0
9952.0,2322.0,2322.0,2323.0,995.0,995.0,995.0
9958.0,2323.0,2323.0,2324.0,996.0,996.0,996.0
9958.0,2323.0,2323.0,2324.0,996.0,996.0,996.0
9967.0,2325.0,2325.0,2326.0,997.0,997.0,997.0
9952.0,2322.0,2322.0,2323.0,995.0,995.0,995.0
9961.0,2324.0,2324.0,2325.0,996.0,996.0,996.0
9979.0,2328.0,2328.0,2329.0,998.0,998.0,998.0
9967.0,2325.0,2325.0,2326.0,997.0,997.0,997.0
9949.0,2321.0,2321.0,2322.0,995.0,995.0,995.0
9940.0,2319.0,2319.0,2320.0,994.0,994.0,994.0
9937.0,2318.0,2318.0,2319.0,994.0,994.0,994.0
9913.0,2313.0,2313.0,2314.0,991.0,991.0,991.0
9919.0,2314.0,2314.0,2315.0,992.0,992.0,992.0
9913.0,2313.0,2313.0,2314.0,991.0,991.0,991.0
9892.0,2308.0,2308.0,2309.0,989.0,989.0,989.0
9892.0,2308.0,2308.0,2309.0,989.0,989.0,989.0
9859.0,2300.0,2300.0,2301.0,986.0,986.0,986.0
9853.0,2299.0,2299.0,2300.0,985.0,985.0,985.0
9862.0,2301.0,2301.0,2302.0,986.0,986.0,986.0
9853.0,2299.0,2299.0,2300.0,985.0,985.0,985.0
9832.0,2294.0,2294.0,2295.0,983.0,983.0,983.0
9832.0,2294.0,2294.0,2295.0,983.0,983.0,983.0
9838.0,2295.0,2295.0,2296.0,984.0,984.0,984.0
9820.0,2291.0,2291.0,2292.0,982.0,982.0,982.0
9823.0,2292.0,2292.0,2293.0,982.0,982.0,982.0
9814.0,2290.0,2290.0,2291.0,981.0,981.0,981.0
9808.0,2288.0,2288.0,2289.0,981.0,981.0,981.0
9820.0,2291.0,2291.0,2292.0,982.0,982.0,982.0
9829.0,2293.0,2293.0,2294.0,983.0,983.0,983.0
9829.0,2293.0,2293.0,2294.0,983.0,983.0,983.0
9820.0,2291.0,2291.0,2292.0,982.0,982.0,982.0
9850.0,2298.0,2298.0,2299.0,985.0,985.0,985.0
9859.0,2300.0,2300.0,2301.0,986.0,986.0,986.0
9868.0,2302.0,2302.0,2303.0,987.0,987.0,987.0
9862.0,2301.0,2301.0,2302.0,986.0,986.0,986.0
9877.0,2304.0,2304.0,2305.0,988.0,988.0,988.0
9892.0,2308.0,2308.0,2309.0,989.0,989.0,989.0
9913.0,2313.0,2313.0,2314.0,991.0,991.0,991.0
9904.0,2311.0,2311.0,2312.0,990.0,990.0,990.0
9922.0,2315.0,2315.0,2316.0,992.0,992.0,992.0
9928.0,2316.0,2316.0,2317.0,993.0,993.0,993.0
9958.0,2323.0,2323.0,2324.0,996.0,996.0,996.0
9979.0,2328.0,2328.0,2329.0,998.0,998.0,998.0
9976.0,2327.0,2327.0,2328.0,998.0,998.0,998.0
10009.0,2335.0,2335.0,2336.0,1001.0,1001.0,1001.0
10000.0,2333.0,2333.0,2334.0,1000.0,1000.0,1000.0
10021.0,2338.0,2338.0,2339.0,1002.0,1002.0,1002.0
10009.0,2335.0,2335.0,2336.0,1001.0,1001.0,1001.0
10054.0,2346.0,2346.0,2347.0,1005.0,1005.0,1005.0
10063.0,2348.0,2348.0,2349.0,1006.0,1006.0,1006.0
10069.0,2349.0,2349.0,2350.0,1007.0,1007.0,1007.0
10057.0,2346.0,2346.0,2347.0,1006.0,1006.0,1006.0
10060.0,2347.0,2347.0,2348.0,1006.0,1006.0,1006.0
10060.0,2347.0,2347.0,2348.0,1006.0,1006.0,1006.0
10072.0,2350.0,2350.0,2351.0,1007.0,1007.0,1007.0
10078.0,2351.0,2351.0,2352.0,1008.0,1008.0,1008.0
10069.0,2349.0,2349.0,2350.0,1007.0,1007.0,1007.0
10051.0,2345.0,2345.0,2346.0,1005.0,1005.0,1005.0
10060.0,2347.0,2347.0,2348.0,1006.0,1006.0,1006.0
10066.0,2348.0,2348.0,2349.0,1007.0,1007.0,1007.0
10048.0,2344.0,2344.0,2345.0,1005.0,1005.0,1005.0
10051.0,2345.0,2345.0,2346.0,1005.0,1005.0,1005.0
10042.0,2343.0,2343.0,2344.0,1004.0,1004.0,1004.0
10018.0,2337.0,2337.0,2338.0,1002.0,1002.0,1002.0
10018.0,2337.0,2337.0,2338.0,1002.0,1002.0,1002.0
10024.0,2339.0,2339.0,2340.0,1002.0,1002.0,1002.0
9973.0,2327.0,2327.0,2328.0,997.0,997.0,997.0
9988.0,2330.0,2330.0,2331.0,999.0,999.0,999.0
9988.0,2330.0,2330.0,2331.0,999.0,999.0,999.0
9958.0,2323.0,2323.0,2324.0,996.0,996.0,996.0
9967.0,2325.0,2325.0,2326.0,997.0,997.0,997.0
9961.0,2324.0,2324.0,2325.0,996.0,996.0,996.0
9928.0,2316.0,2316.0,2317.0,993.0,993.0,993.0
9928.0,2316.0,2316.0,2317.0,993.0,993.0,993.0
9937.0,2318.0,2318.0,2319.0,994.0,994.0,994.0
9931.0,2317.0,2317.0,2318.0,993.0,993.0,993.0
9931.0,2317.0,2317.0,2318.0,993.0,993.0,993.0
9916.0,2313.0,2313.0,2314.0,992.0,992.0,992.0
9916.0,2313.0,2313.0,2314.0,992.0,992.0,992.0
9928.0,2316.0,2316.0,2317.0,993.0,993.0,993.0
9919.0,2314.0,2314.0,2315.0,992.0,992.0,992.0
9928.0,2316.0,2316.0,2317.0,993.0,993.0,993.0
9943.0,2320.0,2320.0,2321.0,994.0,994.0,994.0
9940.0,2319.0,2319.0,2320.0,994.0,994.0,994.0
9940.0,2319.0,2319.0,2320.0,994.0,994.0,994.0
9967.0,2325.0,2325.0,2326.0,997.0,997.0,997.0
9973.0,2327.0,2327.0,2328.0,997.0,997.0,997.0
9970.0,2326.0,2326.0,2327.0,997.0,997.0,997.0
10006.0,2334.0,2334.0,2335.0,1001.0,1001.0,1001.0
10018.0,2337.0,2337.0,2338.0,1002.0,1002.0,1002.0
10018.0,2337.0,2337.0,2338.0,1002.0,1002.0,1002.0
10030.0,2340.0,2340.0,2341.0,1003.0,1003.0,1003.0
10033.0,2341.0,2341.0,2342.0,1003.0,1003.0,1003.0
10057.0,2346.0,2346.0,2347.0,1006.0,1006.0,1006.0
10066.0,2348.0,2348.0,2349.0,1007.0,1007.0,1007.0
10078.0,2351.0,2351.0,2352.0,1008.0,1008.0,1008.0
10090.0,2354.0,2354.0,2355.0,1009.0,1009.0,1009.0
10123.0,2362.0,2362.0,2363.0,1012.0,1012.0,1012.0
10102.0,2357.0,2357.0,2358.0,1010.0,1010.0,1010.0
10132.0,2364.0,2364.0,2365.0,1013.0,1013.0,1013.0
10138.0,2365.0,2365.0,2366.0,1014.0,1014.0,1014.0
10153.0,2369.0,2369.0,2370.0,1015.0,1015.0,1015.0
10150.0,2368.0,2368.0,2369.0,1015.0,1015.0,1015.0
10138.0,2365.0,2365.0,2366.0,1014.0,1014.0,1014.0
10177.0,2374.0,2374.0,2375.0,1018.0,1018.0,1018.0
10177.0,2374.0,2374.0,2375.0,1018.0,1018.0,1018.0
10198.0,2379.0,2379.0,2380.0,1020.0,1020.0,1020.0
10159.0,2370.0,2370.0,2371.0,1016.0,1016.0,1016.0
10162.0,2371.0,2371.0,2372.0,1016.0,1016.0,1016.0
10183.0,2376.0,2376.0,2377.0,1018.0,1018.0,1018.0
10162.0,2371.0,2371.0,2372.0,1016.0,1016.0,1016.0
10168.0,2372.0,2372.0,2373.0,1017.0,1017.0,1017.0
10162.0,2371.0,2371.0,2372.0,1016.0,1016.0,1016.0
10138.0,2365.0,2365.0,2366.0,1014.0,1014.0,1014.0
10141.0,2366.0,2366.0,2367.0,1014.0,1014.0,1014.0
10138.0,2365.0,2365.0,2366.0,1014.0,1014.0,1014.0
10120.0,2361.0,2361.0,2362.0,1012.0,1012.0,1012.0
10099.0,2356.0,2356.0,2357.0,1010.0,1010.0,1010.0
10078.0,2351.0,2351.0,2352.0,1008.0,1008.0,1008.0
10087.0,2353.0,2353.0,2354.0,1009.0,1009.0,1009.0
10078.0,2351.0,2351.0,2352.0,1008.0,1008.0,1008.0
10078.0,2351.0,2351.0,2352.0,1008.0,1008.0,1008.0
10060.0,2347.0,2347.0,2348.0,1006.0,1006.0,1006.0
10063.0,2348.0,2348.0,2349.0,1006.0,1006.0,1006.0
10048.0,2344.0,2344.0,2345.0,1005.0,1005.0,1005.0
10039.0,2342.0,2342.0,2343.0,1004.0,1004.0,1004.0
10027.0,2339.0,2339.0,2340.0,1003.0,1003.0,1003.0
10042.0,2343.0,2343.0,2344.0,1004.0,1004.0,1004.0
10012.0,2336.0,2336.0,2337.0,1001.0,1001.0,1001.0
10012.0,2336.0,2336.0,2337.0,1001.0,1001.0,1001.0
10039.0,2342.0,2342.0,2343.0,1004.0,1004.0,1004.0
10030.0,2340.0,2340.0,2341.0,1003.0,1003.0,1003.0
10039.0,2342.0,2342.0,2343.0,1004.0,1004.0,1004.0
10036.0,2341.0,2341.0,2342.0,1004.0,1004.0,1004.0
10018.0,2337.0,2337.0,2338.0,1002.0,1002.0,1002.0
10048.0,2344.0,2344.0,2345.0,1005.0,1005.0,1005.0
10060.0,2347.0,2347.0,2348.0,1006.0,1006.0,1006.0
10069.0,2349.0,2349.0,2350.0,1007.0,1007.0,1007.0
10066.0,2348.0,2348.0,2349.0,1007.0,1007.0,1007.0
10084.0,2353.0,2353.0,2354.0,1008.0,1008.0,1008.0
10084.0,2353.0,2353.0,2354.0,1008.0,1008.0,1008.0
10102.0,2357.0,2357.0,2358.0,1010.0,1010.0,1010.0
10111.0,2359.0,2359.0,2360.0,1011.0,1011.0,1011.0
10141.0,2366.0,2366.0,2367.0,1014.0,1014.0,1014.0
10147.0,2367.0,2367.0,2368.0,1015.0,1015.0,1015.0
10159.0,2370.0,2370.0,2371.0,1016.0,1016.0,1016.0
10171.0,2373.0,2373.0,2374.0,1017.0,1017.0,1017.0
10171.0,2373.0,2373.0,2374.0,1017.0,1017.0,1017.0
10216.0,2383.0,2383.0,2384.0,1022.0,1022.0,1022.0
10213.0,2383.0,2383.0,2384.0,1021.0,1021.0,1021.0
10228.0,2386.0,2386.0,2387.0,1023.0,1023.0,1023.0
10234.0,2388.0,2388.0,2389.0,1023.0,1023.0,1023.0
10261.0,2394.0,2394.0,2395.0,1026.0,1026.0,1026.0
10261.0,2394.0,2394.0,2395.0,1026.0,1026.0,1026.0
10252.0,2392.0,2392.0,2393.0,1025.0,1025.0,1025.0
10276.0,2397.0,2397.0,2398.0,1028.0,1028.0,1028.0
10279.0,2398.0,2398.0,2399.0,1028.0,1028.0,1028.0
10282.0,2399.0,2399.0,2400.0,1028.0,1028.0,1028.0
10279.0,2398.0,2398.0,2399.0,1028.0,1028.0,1028.0
10267.0,2395.0,2395.0,2396.0,1027.0,1027.0,1027.0
10279.0,2398.0,2398.0,2399.0,1028.0,1028.0,1028.0
10267.0,2395.0,2395.0,2396.0,1027.0,1027.0,1027.0
10276.0,2397.0,2397.0,2398.0,1028.0,1028.0,1028.0
10273.0,2397.0,2397.0,2398.0,1027.0,1027.0,1027.0
10252.0,2392.0,2392.0,2393.0,1025.0,1025.0,1025.0
10243.0,2390.0,2390.0,2391.0,1024.0,1024.0,1024.0
10252.0,2392.0,2392.0,2393.0,1025.0,1025.0,1025.0
10222.0,2385.0,2385.0,2386.0,1022.0,1022.0,1022.0
10201.0,2380.0,2380.0,2381.0,1020.0,1020.0,1020.0
10216.0,2383.0,2383.0,2384.0,1022.0,1022.0,1022.0
10210.0,2382.0,2382.0,2383.0,1021.0,1021.0,1021.0
10192.0,2378.0,2378.0,2379.0,1019.0,1019.0,1019.0
10189.0,2377.0,2377.0,2378.0,1019.0,1019.0,1019.0
10177.0,2374.0,2374.0,2375.0,1018.0,1018.0,1018.0
10156.0,2369.0,2369.0,2370.0,1016.0,1016.0,1016.0
10168.0,2372.0,2372.0,2373.0,1017.0,1017.0,1017.0
10150.0,2368.0,2368.0,2369.0,1015.0,1015.0,1015.0
10141.0,2366.0,2366.0,2367.0,1014.0,1014.0,1014.0
10153.0,2369.0,2369.0,2370.0,1015.0,1015.0,1015.0
10123.0,2362.0,2362.0,2363.0,1012.0,1012.0,1012.0
10141.0,2366.0,2366.0,2367.0,1014.0,1014.0,1014.0
10147.0,2367.0,2367.0,2368.0,1015.0,1015.0,1015.0
10132.0,2364.0,2364.0,2365.0,1013.0,1013.0,1013.0
10141.0,2366.0,2366.0,2367.0,1014.0,1014.0,1014.0
10141.0,2366.0,2366.0,2367.0,1014.0,1014.0,1014.0
10144.0,2367.0,2367.0,2368.0,1014.0,1014.0,1014.0
10153.0,2369.0,2369.0,2370.0,1015.0,1015.0,1015.0
10150.0,2368.0,2368.0,2369.0,1015.0,1015.0,1015.0
10168.0,2372.0,2372.0,2373.0,1017.0,1017.0,1017.0
10168.0,2372.0,2372.0,2373.0,1017.0,1017.0,1017.0
10171.0,2373.0,2373.0,2374.0,1017.0,1017.0,1017.0
10189.0,2377.0,2377.0,2378.0,1019.0,1019.0,1019.0
10204.0,2381.0,2381.0,2382.0,1020.0,1020.0,1020.0
10228.0,2386.0,2386.0,2387.0,1023.0,1023.0,1023.0
10219.0,2384.0,2384.0,2385.0,1022.0,1022.0,1022.0
10246.0,2390.0,2390.0,2391.0,1025.0,1025.0,1025.0
10240.0,2389.0,2389.0,2390.0,1024.0,1024.0,1024.0
10276.0,2397.0,2397.0,2398.0,1028.0,1028.0,1028.0
10291.0,2401.0,2401.0,2402.0,1029.0,1029.0,1029.0
10300.0,2403.0,2403.0,2404.0,1030.0,1030.0,1030.0
10318.0,2407.0,2407.0,2408.0,1032.0,1032.0,1032.0
10333.0,2411.0,2411.0,2412.0,1033.0,1033.0,1033.0
10333.0,2411.0,2411.0,2412.0,1033.0,1033.0,1033.0
10342.0,2413.0,2413.0,2414.0,1034.0,1034.0,1034.0
10348.0,2414.0,2414.0,2415.0,1035.0,1035.0,1035.0
10381.0,2422.0,2422.0,2423.0,1038.0,1038.0,1038.0
10363.0,2418.0,2418.0,2419.0,1036.0,1036.0,1036.0
10387.0,2423.0,2423.0,2424.0,1039.0,1039.0,1039.0
10366.0,2418.0,2418.0,2419.0,1037.0,1037.0,1037.0
10378.0,2421.0,2421.0,2422.0,1038.0,1038.0,1038.0
10369.0,2419.0,2419.0,2420.0,1037.0,1037.0,1037.0
10381.0,2422.0,2422.0,2423.0,1038.0,1038.0,1038.0
10372.0,2420.0,2420.0,2421.0,1037.0,1037.0,1037.0
10378.0,2421.0,2421.0,2422.0,1038.0,1038.0,1038.0
10360.0,2417.0,2417.0,2418.0,1036.0,1036.0,1036.0
10372.0,2420.0,2420.0,2421.0,1037.0,1037.0,1037.0
10360.0,2417.0,2417.0,2418.0,1036.0,1036.0,1036.0
10357.0,2416.0,2416.0,2417.0,1036.0,1036.0,1036.0
10342.0,2413.0,2413.0,2414.0,1034.0,1034.0,1034.0
10336.0,2411.0,2411.0,2412.0,1034.0,1034.0,1034.0
10327.0,2409.0,2409.0,2410.0,1033.0,1033.0,1033.0
10327.0,2409.0,2409.0,2410.0,1033.0,1033.0,1033.0
10291.0,2401.0,2401.0,2402.0,1029.0,1029.0,1029.0
10282.0,2399.0,2399.0,2400.0,1028.0,1028.0,1028.0
10279.0,2398.0,2398.0,2399.0,1028.0,1028.0,1028.0
10279.0,2398.0,2398.0,2399.0,1028.0,1028.0,1028.0
10270.0,2396.0,2396.0,2397.0,1027.0,1027.0,1027.0
10249.0,2391.0,2391.0,2392.0,1025.0,1025.0,1025.0
10273.0,2397.0,2397.0,2398.0,1027.0,1027.0,1027.0
10252.0,2392.0,2392.0,2393.0,1025.0,1025.0,1025.0
10228.0,2386.0,2386.0,2387.0,1023.0,1023.0,1023.0
10231.0,2387.0,2387.0,2388.0,1023.0,1023.0,1023.0
10237.0,2388.0,2388.0,2389.0,1024.0,1024.0,1024.0
10258.0,2393.0,2393.0,2394.0,1026.0,1026.0,1026.0
10237.0,2388.0,2388.0,2389.0,1024.0,1024.0,1024.0
10231.0,2387.0,2387.0,2388.0,1023.0,1023.0,1023.0
10249.0,2391.0,2391.0,2392.0,1025.0,1025.0,1025.0
10228.0,2386.0,2386.0,2387.0,1023.0,1023.0,1023.0
10252.0,2392.0,2392.0,2393.0,1025.0,1025.0,1025.0
10270.0,2396.0,2396.0,2397.0,1027.0,1027.0,1027.0
10276.0,2397.0,2397.0,2398.0,1028.0,1028.0,1028.0
10279.0,2398.0,2398.0,2399.0,1028.0,1028.0,1028.0
10279.0,2398.0,2398.0,2399.0,1028.0,1028.0,1028.0
10300.0,2403.0,2403.0,2404.0,1030.0,1030.0,1030.0
10312.0,2406.0,2406.0,2407.0,1031.0,1031.0,1031.0
10312.0,2406.0,2406.0,2407.0,1031.0,1031.0,1031.0
10321.0,2408.0,2408.0,2409.0,1032.0,1032.0,1032.0
10349.0,2414.0,2414.0,2416.0,1035.0,1035.0,1035.0
10366.0,2418.0,2418.0,2419.0,1037.0,1037.0,1037.0
10378.0,2421.0,2421.0,2422.0,1038.0,1038.0,1038.0
10381.0,2422.0,2422.0,2423.0,1038.0,1038.0,1038.0
10396.0,2425.0,2425.0,2426.0,1040.0,1040.0,1040.0
10402.0,2427.0,2427.0,2428.0,1040.0,1040.0,1040.0
10432.0,2434.0,2434.0,2435.0,1043.0,1043.0,1043.0
10423.0,2432.0,2432.0,2433.0,1042.0,1042.0,1042.0
10462.0,2441.0,2441.0,2442.0,1046.0,1046.0,1046.0
10471.0,2443.0,2443.0,2444.0,1047.0,1047.0,1047.0
10468.0,2442.0,2442.0,2443.0,1047.0,1047.0,1047.0
10471.0,2443.0,2443.0,2444.0,1047.0,1047.0,1047.0
10492.0,2448.0,2448.0,2449.0,1049.0,1049.0,1049.0
10489.0,2447.0,2447.0,2448.0,1049.0,1049.0,1049.0
10492.0,2448.0,2448.0,2449.0,1049.0,1049.0,1049.0
10486.0,2446.0,2446.0,2447.0,1049.0,1049.0,1049.0
10492.0,2448.0,2448.0,2449.0,1049.0,1049.0,1049.0
10483.0,2446.0,2446.0,2447.0,1048.0,1048.0,1048.0
10480.0,2445.0,2445.0,2446.0,1048.0,1048.0,1048.0
10477.0,2444.0,2444.0,2445.0,1048.0,1048.0,1048.0
10462.0,2441.0,2441.0,2442.0,1046.0,1046.0,1046.0
10471.0,2443.0,2443.0,2444.0,1047.0,1047.0,1047.0
10459.0,2440.0,2440.0,2441.0,1046.0,1046.0,1046.0
10456.0,2439.0,2439.0,2440.0,1046.0,1046.0,1046.0
10417.0,2430.0,2430.0,2431.0,1042.0,1042.0,1042.0
10429.0,2433.0,2433.0,2434.0,1043.0,1043.0,1043.0
10432.0,2434.0,2434.0,2435.0,1043.0,1043.0,1043.0
10420.0,2431.0,2431.0,2432.0,1042.0,1042.0,1042.0
10408.0,2428.0,2428.0,2429.0,1041.0,1041.0,1041.0
10396.0,2425.0,2425.0,2426.0,1040.0,1040.0,1040.0
10387.0,2423.0,2423.0,2424.0,1039.0,1039.0,1039.0
10378.0,2421.0,2421.0,2422.0,1038.0,1038.0,1038.0
10348.0,2414.0,2414.0,2415.0,1035.0,1035.0,1035.0
10351.0,2415.0,2415.0,2416.0,1035.0,1035.0,1035.0
10351.0,2415.0,2415.0,2416.0,1035.0,1035.0,1035.0
10348.0,2414.0,2414.0,2415.0,1035.0,1035.0,1035.0
10339.0,2412.0,2412.0,2413.0,1034.0,1034.0,1034.0
10327.0,2409.0,2409.0,2410.0,1033.0,1033.0,1033.0
10330.0,2410.0,2410.0,2411.0,1033.0,1033.0,1033.0
10330.0,2410.0,2410.0,2411.0,1033.0,1033.0,1033.0
10327.0,2409.0,2409.0,2410.0,1033.0,1033.0,1033.0
10333.0,2411.0,2411.0,2412.0,1033.0,1033.0,1033.0
10342.0,2413.0,2413.0,2414.0,1034.0,1034.0,1034.0
10361.0,2417.0,2417.0,2419.0,1036.0,1036.0,1036.0
10378.0,2421.0,2421.0,2422.0,1038.0,1038.0,1038.0
10372.0,2420.0,2420.0,2421.0,1037.0,1037.0,1037.0
10379.0,2421.0,2421.0,2423.0,1038.0,1038.0,1038.0
10381.0,2422.0,2422.0,2423.0,1038.0,1038.0,1038.0
10411.0,2429.0,2429.0,2430.0,1041.0,1041.0,1041.0
10402.0,2427.0,2427.0,2428.0,1040.0,1040.0,1040.0
10417.0,2430.0,2430.0,2431.0,1042.0,1042.0,1042.0
10459.0,2440.0,2440.0,2441.0,1046.0,1046.0,1046.0
10450.0,2438.0,2438.0,2439.0,1045.0,1045.0,1045.0
10462.0,2441.0,2441.0,2442.0,1046.0,1046.0,1046.0
10471.0,2443.0,2443.0,2444.0,1047.0,1047.0,1047.0
10510.0,2452.0,2452.0,2453.0,1051.0,1051.0,1051.0
10516.0,2453.0,2453.0,2454.0,1052.0,1052.0,1052.0
10519.0,2454.0,2454.0,2455.0,1052.0,1052.0,1052.0
10540.0,2459.0,2459.0,2460.0,1054.0,1054.0,1054.0
10552.0,2462.0,2462.0,2463.0,1055.0,1055.0,1055.0
10561.0,2464.0,2464.0,2465.0,1056.0,1056.0,1056.0
10570.0,2466.0,2466.0,2467.0,1057.0,1057.0,1057.0
10588.0,2470.0,2470.0,2471.0,1059.0,1059.0,1059.0
10588.0,2470.0,2470.0,2471.0,1059.0,1059.0,1059.0
10591.0,2471.0,2471.0,2472.0,1059.0,1059.0,1059.0
10588.0,2470.0,2470.0,2471.0,1059.0,1059.0,1059.0
10579.0,2468.0,2468.0,2469.0,1058.0,1058.0,1058.0
10591.0,2471.0,2471.0,2472.0,1059.0,1059.0,1059.0
10601.0,2473.0,2473.0,2475.0,1060.0,1060.0,1060.0
10600.0,2473.0,2473.0,2474.0,1060.0,1060.0,1060.0
10588.0,2470.0,2470.0,2471.0,1059.0,1059.0,1059.0
10579.0,2468.0,2468.0,2469.0,1058.0,1058.0,1058.0
10582.0,2469.0,2469.0,2470.0,1058.0,1058.0,1058.0
10576.0,2467.0,2467.0,2468.0,1058.0,1058.0,1058.0
10531.0,2457.0,2457.0,2458.0,1053.0,1053.0,1053.0
10549.0,2461.0,2461.0,2462.0,1055.0,1055.0,1055.0
10567.0,2465.0,2465.0,2466.0,1057.0,1057.0,1057.0
10522.0,2455.0,2455.0,2456.0,1052.0,1052.0,1052.0
10519.0,2454.0,2454.0,2455.0,1052.0,1052.0,1052.0
10522.0,2455.0,2455.0,2456.0,1052.0,1052.0,1052.0
10519.0,2454.0,2454.0,2455.0,1052.0,1052.0,1052.0
10483.0,2446.0,2446.0,2447.0,1048.0,1048.0,1048.0
10486.0,2446.0,2446.0,2447.0,1049.0,1049.0,1049.0
10481.0,2445.0,2445.0,2447.0,1048.0,1048.0,1048.0
10480.0,2445.0,2445.0,2446.0,1048.0,1048.0,1048.0
10462.0,2441.0,2441.0,2442.0,1046.0,1046.0,1046.0
10451.0,2438.0,2438.0,2440.0,1045.0,1045.0,1045.0
10439.0,2435.0,2435.0,2437.0,1044.0,1044.0,1044.0
10439.0,2435.0,2435.0,2437.0,1044.0,1044.0,1044.0
10441.0,2436.0,2436.0,2437.0,1044.0,1044.0,1044.0
10420.0,2431.0,2431.0,2432.0,1042.0,1042.0,1042.0
10438.0,2435.0,2435.0,2436.0,1044.0,1044.0,1044.0
10438.0,2435.0,2435.0,2436.0,1044.0,1044.0,1044.0
10459.0,2440.0,2440.0,2441.0,1046.0,1046.0,1046.0
10438.0,2435.0,2435.0,2436.0,1044.0,1044.0,1044.0
10462.0,2441.0,2441.0,2442.0,1046.0,1046.0,1046.0
10447.0,2437.0,2437.0,2438.0,1045.0,1045.0,1045.0
10471.0,2443.0,2443.0,2444.0,1047.0,1047.0,1047.0
10486.0,2446.0,2446.0,2447.0,1049.0,1049.0,1049.0
10513.0,2453.0,2453.0,2454.0,1051.0,1051.0,1051.0
10510.0,2452.0,2452.0,2453.0,1051.0,1051.0,1051.0
10489.0,2447.0,2447.0,2448.0,1049.0,1049.0,1049.0
10540.0,2459.0,2459.0,2460.0,1054.0,1054.0,1054.0
10549.0,2461.0,2461.0,2462.0,1055.0,1055.0,1055.0
10549.0,2461.0,2461.0,2462.0,1055.0,1055.0,1055.0
10549.0,2461.0,2461.0,2462.0,1055.0,1055.0,1055.0
10582.0,2469.0,2469.0,2470.0,1058.0,1058.0,1058.0
10600.0,2473.0,2473.0,2474.0,1060.0,1060.0,1060.0
10609.0,2475.0,2475.0,2476.0,1061.0,1061.0,1061.0
10642.0,2483.0,2483.0,2484.0,1064.0,1064.0,1064.0
10630.0,2480.0,2480.0,2481.0,1063.0,1063.0,1063.0
10633.0,2481.0,2481.0,2482.0,1063.0,1063.0,1063.0
10672.0,2490.0,2490.0,2491.0,1067.0,1067.0,1067.0
10666.0,2488.0,2488.0,2489.0,1067.0,1067.0,1067.0
10669.0,2489.0,2489.0,2490.0,1067.0,1067.0,1067.0
10669.0,2489.0,2489.0,2490.0,1067.0,1067.0,1067.0
10672.0,2490.0,2490.0,2491.0,1067.0,1067.0,1067.0
10699.0,2496.0,2496.0,2497.0,1070.0,1070.0,1070.0
10699.0,2496.0,2496.0,2497.0,1070.0,1070.0,1070.0
10708.0,2498.0,2498.0,2499.0,1071.0,1071.0,1071.0
10693.0,2495.0,2495.0,2496.0,1069.0,1069.0,1069.0
10696.0,2495.0,2495.0,2496.0,1070.0,1070.0,1070.0
10678.0,2491.0,2491.0,2492.0,1068.0,1068.0,1068.0
10699.0,2496.0,2496.0,2497.0,1070.0,1070.0,1070.0
10687.0,2493.0,2493.0,2494.0,1069.0,1069.0,1069.0
10661.0,2487.0,2487.0,2489.0,1066.0,1066.0,1066.0
10663.0,2488.0,2488.0,2489.0,1066.0,1066.0,1066.0
10657.0,2486.0,2486.0,2487.0,1066.0,1066.0,1066.0
10648.0,2484.0,2484.0,2485.0,1065.0,1065.0,1065.0
10639.0,2482.0,2482.0,2483.0,1064.0,1064.0,1064.0
10633.0,2481.0,2481.0,2482.0,1063.0,1063.0,1063.0
10630.0,2480.0,2480.0,2481.0,1063.0,1063.0,1063.0
10609.0,2475.0,2475.0,2476.0,1061.0,1061.0,1061.0
10582.0,2469.0,2469.0,2470.0,1058.0,1058.0,1058.0
10601.0,2473.0,2473.0,2475.0,1060.0,1060.0,1060.0
10591.0,2471.0,2471.0,2472.0,1059.0,1059.0,1059.0
10561.0,2464.0,2464.0,2465.0,1056.0,1056.0,1056.0
10588.0,2470.0,2470.0,2471.0,1059.0,1059.0,1059.0
10567.0,2465.0,2465.0,2466.0,1057.0,1057.0,1057.0
10546.0,2460.0,2460.0,2461.0,1055.0,1055.0,1055.0
10549.0,2461.0,2461.0,2462.0,1055.0,1055.0,1055.0
10537.0,2458.0,2458.0,2459.0,1054.0,1054.0,1054.0
10531.0,2457.0,2457.0,2458.0,1053.0,1053.0,1053.0
10549.0,2461.0,2461.0,2462.0,1055.0,1055.0,1055.0
10543.0,2460.0,2460.0,2461.0,1054.0,1054.0,1054.0
10537.0,2458.0,2458.0,2459.0,1054.0,1054.0,1054.0
10540.0,2459.0,2459.0,2460.0,1054.0,1054.0,1054.0
10552.0,2462.0,2462.0,2463.0,1055.0,1055.0,1055.0
10579.0,2468.0,2468.0,2469.0,1058.0,1058.0,1058.0
10558.0,2463.0,2463.0,2464.0,1056.0,1056.0,1056.0
10576.0,2467.0,2467.0,2468.0,1058.0,1058.0,1058.0
10591.0,2471.0,2471.0,2472.0,1059.0,1059.0,1059.0
10606.0,2474.0,2474.0,2475.0,1061.0,1061.0,1061.0
10619.0,2477.0,2477.0,2479.0,1062.0,1062.0,1062.0
10633.0,2481.0,2481.0,2482.0,1063.0,1063.0,1063.0
10642.0,2483.0,2483.0,2484.0,1064.0,1064.0,1064.0
10639.0,2482.0,2482.0,2483.0,1064.0,1064.0,1064.0
10678.0,2491.0,2491.0,2492.0,1068.0,1068.0,1068.0
10696.0,2495.0,2495.0,2496.0,1070.0,1070.0,1070.0
10711.0,2499.0,2499.0,2500.0,1071.0,1071.0,1071.0
10702.0,2497.0,2497.0,2498.0,1070.0,1070.0,1070.0
10708.0,2498.0,2498.0,2499.0,1071.0,1071.0,1071.0
10750.0,2508.0,2508.0,2509.0,1075.0,1075.0,1075.0
10759.0,2510.0,2510.0,2511.0,1076.0,1076.0,1076.0
10756.0,2509.0,2509.0,2510.0,1076.0,1076.0,1076.0
10780.0,2515.0,2515.0,2516.0,1078.0,1078.0,1078.0
10780.0,2515.0,2515.0,2516.0,1078.0,1078.0,1078.0
10780.0,2515.0,2515.0,2516.0,1078.0,1078.0,1078.0
10789.0,2517.0,2517.0,2518.0,1079.0,1079.0,1079.0
10781.0,2515.0,2515.0,2517.0,1078.0,1078.0,1078.0
10792.0,2518.0,2518.0,2519.0,1079.0,1079.0,1079.0
10781.0,2515.0,2515.0,2517.0,1078.0,1078.0,1078.0
10798.0,2519.0,2519.0,2520.0,1080.0,1080.0,1080.0
10789.0,2517.0,2517.0,2518.0,1079.0,1079.0,1079.0
10801.0,2520.0,2520.0,2521.0,1080.0,1080.0,1080.0
10780.0,2515.0,2515.0,2516.0,1078.0,1078.0,1078.0
10801.0,2520.0,2520.0,2521.0,1080.0,1080.0,1080.0
10771.0,2513.0,2513.0,2514.0,1077.0,1077.0,1077.0
10769.0,2512.0,2512.0,2514.0,1077.0,1077.0,1077.0
10762.0,2511.0,2511.0,2512.0,1076.0,1076.0,1076.0
10744.0,2507.0,2507.0,2508.0,1074.0,1074.0,1074.0
10741.0,2506.0,2506.0,2507.0,1074.0,1074.0,1074.0
10732.0,2504.0,2504.0,2505.0,1073.0,1073.0,1073.0
10729.0,2503.0,2503.0,2504.0,1073.0,1073.0,1073.0
10711.0,2499.0,2499.0,2500.0,1071.0,1071.0,1071.0
10708.0,2498.0,2498.0,2499.0,1071.0,1071.0,1071.0
10693.0,2495.0,2495.0,2496.0,1069.0,1069.0,1069.0
10702.0,2497.0,2497.0,2498.0,1070.0,1070.0,1070.0
10690.0,2494.0,2494.0,2495.0,1069.0,1069.0,1069.0
10660.0,2487.0,2487.0,2488.0,1066.0,1066.0,1066.0
10669.0,2489.0,2489.0,2490.0,1067.0,1067.0,1067.0
10660.0,2487.0,2487.0,2488.0,1066.0,1066.0,1066.0
10651.0,2485.0,2485.0,2486.0,1065.0,1065.0,1065.0
10627.0,2479.0,2479.0,2480.0,1063.0,1063.0,1063.0
10648.0,2484.0,2484.0,2485.0,1065.0,1065.0,1065.0
10648.0,2484.0,2484.0,2485.0,1065.0,1065.0,1065.0
10657.0,2486.0,2486.0,2487.0,1066.0,1066.0,1066.0
10654.0,2486.0,2486.0,2487.0,1065.0,1065.0,1065.0
10651.0,2485.0,2485.0,2486.0,1065.0,1065.0,1065.0
10660.0,2487.0,2487.0,2488.0,1066.0,1066.0,1066.0
10669.0,2489.0,2489.0,2490.0,1067.0,1067.0,1067.0
10678.0,2491.0,2491.0,2492.0,1068.0,1068.0,1068.0
10693.0,2495.0,2495.0,2496.0,1069.0,1069.0,1069.0
10717.0,2500.0,2500.0,2501.0,1072.0,1072.0,1072.0
10723.0,2502.0,2502.0,2503.0,1072.0,1072.0,1072.0
10732.0,2504.0,2504.0,2505.0,1073.0,1073.0,1073.0
10756.0,2509.0,2509.0,2510.0,1076.0,1076.0,1076.0
10750.0,2508.0,2508.0,2509.0,1075.0,1075.0,1075.0
10780.0,2515.0,2515.0,2516.0,1078.0,1078.0,1078.0
10771.0,2513.0,2513.0,2514.0,1077.0,1077.0,1077.0
10780.0,2515.0,2515.0,2516.0,1078.0,1078.0,1078.0
10801.0,2520.0,2520.0,2521.0,1080.0,1080.0,1080.0
10822.0,2525.0,2525.0,2526.0,1082.0,1082.0,1082.0
10840.0,2529.0,2529.0,2530.0,1084.0,1084.0,1084.0
10837.0,2528.0,2528.0,2529.0,1084.0,1084.0,1084.0
10837.0,2528.0,2528.0,2529.0,1084.0,1084.0,1084.0
10876.0,2537.0,2537.0,2538.0,1088.0,1088.0,1088.0
10861.0,2534.0,2534.0,2535.0,1086.0,1086.0,1086.0
10888.0,2540.0,2540.0,2541.0,1089.0,1089.0,1089.0
10900.0,2543.0,2543.0,2544.0,1090.0,1090.0,1090.0
10882.0,2539.0,2539.0,2540.0,1088.0,1088.0,1088.0
10891.0,2541.0,2541.0,2542.0,1089.0,1089.0,1089.0
10909.0,2545.0,2545.0,2546.0,1091.0,1091.0,1091.0
10918.0,2547.0,2547.0,2548.0,1092.0,1092.0,1092.0
10912.0,2546.0,2546.0,2547.0,1091.0,1091.0,1091.0
10909.0,2545.0,2545.0,2546.0,1091.0,1091.0,1091.0
10891.0,2541.0,2541.0,2542.0,1089.0,1089.0,1089.0
10873.0,2537.0,2537.0,2538.0,1087.0,1087.0,1087.0
10873.0,2537.0,2537.0,2538.0,1087.0,1087.0,1087.0
10891.0,2541.0,2541.0,2542.0,1089.0,1089.0,1089.0
10879.0,2538.0,2538.0,2539.0,1088.0,1088.0,1088.0
10873.0,2537.0,2537.0,2538.0,1087.0,1087.0,1087.0
10861.0,2534.0,2534.0,2535.0,1086.0,1086.0,1086.0
10870.0,2536.0,2536.0,2537.0,1087.0,1087.0,1087.0
10831.0,2527.0,2527.0,2528.0,1083.0,1083.0,1083.0
10831.0,2527.0,2527.0,2528.0,1083.0,1083.0,1083.0
10813.0,2523.0,2523.0,2524.0,1081.0,1081.0,1081.0
10798.0,2519.0,2519.0,2520.0,1080.0,1080.0,1080.0
10792.0,2518.0,2518.0,2519.0,1079.0,1079.0,1079.0
10807.0,2521.0,2521.0,2522.0,1081.0,1081.0,1081.0
10762.0,2511.0,2511.0,2512.0,1076.0,1076.0,1076.0
10759.0,2510.0,2510.0,2511.0,1076.0,1076.0,1076.0
10789.0,2517.0,2517.0,2518.0,1079.0,1079.0,1079.0
10756.0,2509.0,2509.0,2510.0,1076.0,1076.0,1076.0
10759.0,2510.0,2510.0,2511.0,1076.0,1076.0,1076.0
10747.0,2507.0,2507.0,2508.0,1075.0,1075.0,1075.0
10762.0,2511.0,2511.0,2512.0,1076.0,1076.0,1076.0
10747.0,2507.0,2507.0,2508.0,1075.0,1075.0,1075.0
10768.0,2512.0,2512.0,2513.0,1077.0,1077.0,1077.0
10756.0,2509.0,2509.0,2510.0,1076.0,1076.0,1076.0
10759.0,2510.0,2510.0,2511.0,1076.0,1076.0,1076.0
10759.0,2510.0,2510.0,2511.0,1076.0,1076.0,1076.0
10768.0,2512.0,2512.0,2513.0,1077.0,1077.0,1077.0
10783.0,2516.0,2516.0,2517.0,1078.0,1078.0,1078.0
10789.0,2517.0,2517.0,2518.0,1079.0,1079.0,1079.0
10804.0,2521.0,2521.0,2522.0,1080.0,1080.0,1080.0
10810.0,2522.0,2522.0,2523.0,1081.0,1081.0,1081.0
10841.0,2529.0,2529.0,2531.0,1084.0,1084.0,1084.0
10828.0,2526.0,2526.0,2527.0,1083.0,1083.0,1083.0
10870.0,2536.0,2536.0,2537.0,1087.0,1087.0,1087.0
10849.0,2531.0,2531.0,2532.0,1085.0,1085.0,1085.0
10889.0,2540.0,2540.0,2542.0,1089.0,1089.0,1089.0
10909.0,2545.0,2545.0,2546.0,1091.0,1091.0,1091.0
10897.0,2542.0,2542.0,2543.0,1090.0,1090.0,1090.0
10927.0,2549.0,2549.0,2550.0,1093.0,1093.0,1093.0
10951.0,2555.0,2555.0,2556.0,1095.0,1095.0,1095.0
10963.0,2558.0,2558.0,2559.0,1096.0,1096.0,1096.0
10942.0,2553.0,2553.0,2554.0,1094.0,1094.0,1094.0
10948.0,2554.0,2554.0,2555.0,1095.0,1095.0,1095.0
10990.0,2564.0,2564.0,2565.0,1099.0,1099.0,1099.0
10990.0,2564.0,2564.0,2565.0,1099.0,1099.0,1099.0
10969.0,2559.0,2559.0,2560.0,1097.0,1097.0,1097.0
10999.0,2566.0,2566.0,2567.0,1100.0,1100.0,1100.0
11017.0,2570.0,2570.0,2571.0,1102.0,1102.0,1102.0
10999.0,2566.0,2566.0,2567.0,1100.0,1100.0,1100.0
11002.0,2567.0,2567.0,2568.0,1100.0,1100.0,1100.0
10999.0,2566.0,2566.0,2567.0,1100.0,1100.0,1100.0
11008.0,2568.0,2568.0,2569.0,1101.0,1101.0,1101.0
11017.0,2570.0,2570.0,2571.0,1102.0,1102.0,1102.0
11002.0,2567.0,2567.0,2568.0,1100.0,1100.0,1100.0
10978.0,2561.0,2561.0,2562.0,1098.0,1098.0,1098.0
10978.0,2561.0,2561.0,2562.0,1098.0,1098.0,1098.0
10981.0,2562.0,2562.0,2563.0,1098.0,1098.0,1098.0
10957.0,2556.0,2556.0,2557.0,1096.0,1096.0,1096.0
10972.0,2560.0,2560.0,2561.0,1097.0,1097.0,1097.0
10951.0,2555.0,2555.0,2556.0,1095.0,1095.0,1095.0
10939.0,2552.0,2552.0,2553.0,1094.0,1094.0,1094.0
10939.0,2552.0,2552.0,2553.0,1094.0,1094.0,1094.0
10918.0,2547.0,2547.0,2548.0,1092.0,1092.0,1092.0
10903.0,2544.0,2544.0,2545.0,1090.0,1090.0,1090.0
10889.0,2540.0,2540.0,2542.0,1089.0,1089.0,1089.0
10870.0,2536.0,2536.0,2537.0,1087.0,1087.0,1087.0
10889.0,2540.0,2540.0,2542.0,1089.0,1089.0,1089.0
10877.0,2537.0,2537.0,2539.0,1088.0,1088.0,1088.0
10870.0,2536.0,2536.0,2537.0,1087.0,1087.0,1087.0
10852.0,2532.0,2532.0,2533.0,1085.0,1085.0,1085.0
10871.0,2536.0,2536.0,2538.0,1087.0,1087.0,1087.0
10861.0,2534.0,2534.0,2535.0,1086.0,1086.0,1086.0
10867.0,2535.0,2535.0,2536.0,1087.0,1087.0,1087.0
10852.0,2532.0,2532.0,2533.0,1085.0,1085.0,1085.0
10858.0,2533.0,2533.0,2534.0,1086.0,1086.0,1086.0
10867.0,2535.0,2535.0,2536.0,1087.0,1087.0,1087.0
10879.0,2538.0,2538.0,2539.0,1088.0,1088.0,1088.0
10870.0,2536.0,2536.0,2537.0,1087.0,1087.0,1087.0
10867.0,2535.0,2535.0,2536.0,1087.0,1087.0,1087.0
10900.0,2543.0,2543.0,2544.0,1090.0,1090.0,1090.0
10882.0,2539.0,2539.0,2540.0,1088.0,1088.0,1088.0
10900.0,2543.0,2543.0,2544.0,1090.0,1090.0,1090.0
10921.0,2548.0,2548.0,2549.0,1092.0,1092.0,1092.0
10930.0,2550.0,2550.0,2551.0,1093.0,1093.0,1093.0
10927.0,2549.0,2549.0,2550.0,1093.0,1093.0,1093.0
10939.0,2552.0,2552.0,2553.0,1094.0,1094.0,1094.0
10969.0,2559.0,2559.0,2560.0,1097.0,1097.0,1097.0
10981.0,2562.0,2562.0,2563.0,1098.0,1098.0,1098.0
10997.0,2565.0,2565.0,2567.0,1100.0,1100.0,1100.0
11023.0,2572.0,2572.0,2573.0,1102.0,1102.0,1102.0
11038.0,2575.0,2575.0,2576.0,1104.0,1104.0,1104.0
11050.0,2578.0,2578.0,2579.0,1105.0,1105.0,1105.0
11062.0,2581.0,2581.0,2582.0,1106.0,1106.0,1106.0
11059.0,2580.0,2580.0,2581.0,1106.0,1106.0,1106.0
11071.0,2583.0,2583.0,2584.0,1107.0,1107.0,1107.0
11098.0,2589.0,2589.0,2590.0,1110.0,1110.0,1110.0
11092.0,2588.0,2588.0,2589.0,1109.0,1109.0,1109.0
11101.0,2590.0,2590.0,2591.0,1110.0,1110.0,1110.0
11113.0,2593.0,2593.0,2594.0,1111.0,1111.0,1111.0
11107.0,2591.0,2591.0,2592.0,1111.0,1111.0,1111.0
11116.0,2593.0,2593.0,2594.0,1112.0,1112.0,1112.0
11101.0,2590.0,2590.0,2591.0,1110.0,1110.0,1110.0
11119.0,2594.0,2594.0,2595.0,1112.0,1112.0,1112.0
11101.0,2590.0,2590.0,2591.0,1110.0,1110.0,1110.0
11113.0,2593.0,2593.0,2594.0,1111.0,1111.0,1111.0
11098.0,2589.0,2589.0,2590.0,1110.0,1110.0,1110.0
11092.0,2588.0,2588.0,2589.0,1109.0,1109.0,1109.0
11101.0,2590.0,2590.0,2591.0,1110.0,1110.0,1110.0
11110.0,2592.0,2592.0,2593.0,1111.0,1111.0,1111.0
11071.0,2583.0,2583.0,2584.0,1107.0,1107.0,1107.0
11062.0,2581.0,2581.0,2582.0,1106.0,1106.0,1106.0
11068.0,2582.0,2582.0,2583.0,1107.0,1107.0,1107.0
11039.0,2575.0,2575.0,2577.0,1104.0,1104.0,1104.0
11029.0,2573.0,2573.0,2574.0,1103.0,1103.0,1103.0
11009.0,2568.0,2568.0,2570.0,1101.0,1101.0,1101.0
11038.0,2575.0,2575.0,2576.0,1104.0,1104.0,1104.0
11017.0,2570.0,2570.0,2571.0,1102.0,1102.0,1102.0
10969.0,2559.0,2559.0,2560.0,1097.0,1097.0,1097.0
10981.0,2562.0,2562.0,2563.0,1098.0,1098.0,1098.0
10981.0,2562.0,2562.0,2563.0,1098.0,1098.0,1098.0
10978.0,2561.0,2561.0,2562.0,1098.0,1098.0,1098.0
10981.0,2562.0,2562.0,2563.0,1098.0,1098.0,1098.0
10960.0,2557.0,2557.0,2558.0,1096.0,1096.0,1096.0
10966.0,2558.0,2558.0,2559.0,1097.0,1097.0,1097.0
10948.0,2554.0,2554.0,2555.0,1095.0,1095.0,1095.0
10981.0,2562.0,2562.0,2563.0,1098.0,1098.0,1098.0
10969.0,2559.0,2559.0,2560.0,1097.0,1097.0,1097.0
10981.0,2562.0,2562.0,2563.0,1098.0,1098.0,1098.0
10957.0,2556.0,2556.0,2557.0,1096.0,1096.0,1096.0
10981.0,2562.0,2562.0,2563.0,1098.0,1098.0,1098.0
10990.0,2564.0,2564.0,2565.0,1099.0,1099.0,1099.0
10991.0,2564.0,2564.0,2566.0,1099.0,1099.0,1099.0
11008.0,2568.0,2568.0,2569.0,1101.0,1101.0,1101.0
10999.0,2566.0,2566.0,2567.0,1100.0,1100.0,1100.0
11029.0,2573.0,2573.0,2574.0,1103.0,1103.0,1103.0
11032.0,2574.0,2574.0,2575.0,1103.0,1103.0,1103.0
11059.0,2580.0,2580.0,2581.0,1106.0,1106.0,1106.0
11047.0,2577.0,2577.0,2578.0,1105.0,1105.0,1105.0
11092.0,2588.0,2588.0,2589.0,1109.0,1109.0,1109.0
11098.0,2589.0,2589.0,2590.0,1110.0,1110.0,1110.0
11113.0,2593.0,2593.0,2594.0,1111.0,1111.0,1111.0
11113.0,2593.0,2593.0,2594.0,1111.0,1111.0,1111.0
11134.0,2598.0,2598.0,2599.0,1113.0,1113.0,1113.0
11152.0,2602.0,2602.0,2603.0,1115.0,1115.0,1115.0
11158.0,2603.0,2603.0,2604.0,1116.0,1116.0,1116.0
