id,inv,demand,forecast,received_shipment,order,Order_Supplier_0,Order_Supplier_1,Order_Supplier_2,Forecast_Retailer_0,Forecast_Retailer_1,Forecast_Retailer_2,Demand_Retailer_0,Demand_Retailer_1,Demand_Retailer_2,Inv_Product_0,Inv_Product_1,Inv_Product_2,Order_Product_0,Order_Product_1,Order_Product_2,Forecast_Product_0,Forecast_Product_1,Forecast_Product_2
0.0,0.0,716.0,716.0,0.0,2148.0,693.0,753.0,702.0,231.0,251.0,234.0,231.0,251.0,234.0,0.0,0.0,0.0,693.0,753.0,702.0,231.0,251.0,234.0
0.0,0.0,633.0,674.0,0.0,2022.0,663.0,705.0,654.0,221.0,235.0,218.0,211.0,219.0,203.0,0.0,0.0,0.0,663.0,705.0,654.0,221.0,235.0,218.0
0.0,0.0,703.0,684.0,4170.0,12.0,12.0,0.0,0.0,228.0,233.0,223.0,242.0,230.0,231.0,0.0,0.0,0.0,12.0,0.0,0.0,228.0,233.0,223.0
0.0,2118.0,658.0,678.0,12.0,562.0,256.0,130.0,176.0,232.0,227.0,219.0,244.0,207.0,207.0,672.0,758.0,688.0,256.0,130.0,176.0,232.0,227.0,219.0
0.0,1472.0,727.0,687.0,562.0,754.0,240.0,268.0,246.0,233.0,232.0,222.0,237.0,253.0,237.0,440.0,551.0,481.0,240.0,268.0,246.0,233.0,232.0,222.0
0.0,1307.0,686.0,687.0,754.0,686.0,244.0,230.0,212.0,234.0,232.0,221.0,241.0,230.0,215.0,459.0,428.0,420.0,244.0,230.0,212.0,234.0,232.0,221.0
0.0,1375.0,653.0,682.0,686.0,638.0,234.0,234.0,170.0,234.0,232.0,216.0,234.0,234.0,185.0,458.0,466.0,451.0,234.0,234.0,170.0,234.0,232.0,216.0
0.0,1408.0,654.0,678.0,638.0,642.0,245.0,179.0,218.0,235.0,227.0,216.0,242.0,194.0,218.0,468.0,462.0,478.0,245.0,179.0,218.0,235.0,227.0,216.0
0.0,1392.0,778.0,690.0,642.0,814.0,258.0,238.0,318.0,237.0,228.0,225.0,252.0,235.0,291.0,460.0,502.0,430.0,258.0,238.0,318.0,237.0,228.0,225.0
0.0,1256.0,810.0,702.0,814.0,846.0,244.0,281.0,321.0,238.0,232.0,232.0,241.0,269.0,300.0,453.0,446.0,357.0,244.0,281.0,321.0,238.0,232.0,232.0
0.0,1260.0,725.0,704.0,846.0,731.0,215.0,218.0,298.0,236.0,231.0,237.0,221.0,221.0,283.0,470.0,415.0,375.0,215.0,218.0,298.0,236.0,231.0,237.0
0.0,1381.0,687.0,702.0,731.0,681.0,210.0,228.0,243.0,234.0,231.0,237.0,216.0,228.0,243.0,493.0,475.0,413.0,210.0,228.0,243.0,234.0,231.0,237.0
0.0,1425.0,505.0,687.0,681.0,460.0,108.0,199.0,153.0,226.0,229.0,232.0,132.0,205.0,168.0,492.0,465.0,468.0,108.0,199.0,153.0,226.0,229.0,232.0
0.0,1601.0,652.0,685.0,460.0,646.0,201.0,200.0,245.0,225.0,227.0,233.0,204.0,206.0,242.0,570.0,488.0,543.0,201.0,200.0,245.0,225.0,227.0,233.0
0.0,1409.0,713.0,687.0,646.0,719.0,249.0,234.0,236.0,226.0,228.0,233.0,246.0,231.0,236.0,474.0,481.0,454.0,249.0,234.0,236.0,226.0,228.0,233.0
0.0,1342.0,824.0,696.0,719.0,851.0,276.0,286.0,289.0,229.0,231.0,236.0,267.0,277.0,280.0,429.0,450.0,463.0,276.0,286.0,289.0,229.0,231.0,236.0
0.0,1237.0,810.0,701.0,851.0,825.0,279.0,283.0,263.0,231.0,233.0,237.0,273.0,277.0,260.0,411.0,407.0,419.0,279.0,283.0,263.0,231.0,233.0,237.0
0.0,1278.0,712.0,702.0,825.0,715.0,230.0,256.0,229.0,231.0,234.0,237.0,230.0,253.0,229.0,414.0,416.0,448.0,230.0,256.0,229.0,231.0,234.0,237.0
0.0,1391.0,761.0,705.0,715.0,770.0,252.0,268.0,250.0,232.0,236.0,237.0,249.0,262.0,250.0,463.0,446.0,482.0,252.0,268.0,250.0,232.0,236.0,237.0
0.0,1345.0,765.0,709.0,770.0,777.0,252.0,282.0,243.0,233.0,238.0,238.0,249.0,276.0,240.0,444.0,440.0,461.0,252.0,282.0,243.0,233.0,238.0,238.0
0.0,1350.0,617.0,705.0,777.0,605.0,208.0,185.0,212.0,232.0,236.0,237.0,211.0,191.0,215.0,447.0,432.0,471.0,208.0,185.0,212.0,232.0,236.0,237.0
0.0,1510.0,689.0,704.0,605.0,686.0,256.0,239.0,191.0,233.0,236.0,235.0,253.0,239.0,197.0,488.0,523.0,499.0,256.0,239.0,191.0,233.0,236.0,235.0
0.0,1426.0,781.0,708.0,686.0,793.0,252.0,259.0,282.0,234.0,237.0,237.0,249.0,256.0,276.0,443.0,469.0,514.0,252.0,259.0,282.0,234.0,237.0,237.0
0.0,1331.0,688.0,707.0,793.0,685.0,232.0,212.0,241.0,234.0,236.0,237.0,232.0,215.0,241.0,450.0,452.0,429.0,232.0,212.0,241.0,234.0,236.0,237.0
0.0,1436.0,754.0,709.0,685.0,760.0,240.0,260.0,260.0,234.0,237.0,238.0,240.0,257.0,257.0,470.0,496.0,470.0,240.0,260.0,260.0,234.0,237.0,238.0
0.0,1367.0,647.0,706.0,760.0,638.0,206.0,213.0,219.0,233.0,236.0,237.0,209.0,216.0,222.0,462.0,451.0,454.0,206.0,213.0,219.0,233.0,236.0,237.0
0.0,1480.0,756.0,707.0,638.0,759.0,246.0,268.0,245.0,233.0,237.0,237.0,246.0,265.0,245.0,493.0,495.0,492.0,246.0,268.0,245.0,233.0,237.0,237.0
0.0,1362.0,696.0,707.0,759.0,696.0,231.0,231.0,234.0,233.0,237.0,237.0,231.0,231.0,234.0,453.0,443.0,466.0,231.0,231.0,234.0,233.0,237.0,237.0
0.0,1425.0,732.0,708.0,696.0,735.0,252.0,249.0,234.0,234.0,237.0,237.0,249.0,249.0,234.0,468.0,480.0,477.0,252.0,249.0,234.0,234.0,237.0,237.0
0.0,1389.0,794.0,711.0,735.0,803.0,267.0,285.0,251.0,235.0,239.0,237.0,264.0,279.0,251.0,450.0,462.0,477.0,267.0,285.0,251.0,235.0,239.0,237.0
0.0,1330.0,780.0,713.0,803.0,786.0,240.0,282.0,264.0,235.0,240.0,238.0,240.0,279.0,261.0,438.0,432.0,460.0,240.0,282.0,264.0,235.0,240.0,238.0
0.0,1353.0,779.0,716.0,786.0,788.0,256.0,273.0,259.0,236.0,241.0,239.0,253.0,270.0,256.0,465.0,438.0,450.0,256.0,273.0,259.0,236.0,241.0,239.0
0.0,1360.0,699.0,714.0,788.0,693.0,224.0,224.0,245.0,235.0,240.0,239.0,227.0,227.0,245.0,452.0,450.0,458.0,224.0,224.0,245.0,235.0,240.0,239.0
0.0,1449.0,712.0,715.0,693.0,715.0,251.0,237.0,227.0,236.0,240.0,239.0,248.0,237.0,227.0,481.0,496.0,472.0,251.0,237.0,227.0,236.0,240.0,239.0
0.0,1430.0,720.0,715.0,715.0,720.0,247.0,216.0,257.0,236.0,240.0,239.0,247.0,216.0,257.0,457.0,483.0,490.0,247.0,216.0,257.0,236.0,240.0,239.0
0.0,1425.0,671.0,713.0,720.0,665.0,236.0,224.0,205.0,236.0,239.0,238.0,236.0,227.0,208.0,461.0,504.0,460.0,236.0,224.0,205.0,236.0,239.0,238.0
0.0,1474.0,682.0,713.0,665.0,682.0,223.0,224.0,235.0,236.0,239.0,238.0,223.0,224.0,235.0,472.0,493.0,509.0,223.0,224.0,235.0,236.0,239.0,238.0
0.0,1457.0,635.0,711.0,682.0,629.0,204.0,253.0,172.0,235.0,239.0,237.0,207.0,253.0,175.0,485.0,493.0,479.0,204.0,253.0,172.0,235.0,239.0,237.0
0.0,1504.0,674.0,710.0,629.0,671.0,230.0,240.0,201.0,235.0,239.0,236.0,230.0,240.0,204.0,501.0,464.0,539.0,230.0,240.0,201.0,235.0,239.0,236.0
0.0,1459.0,884.0,714.0,671.0,896.0,311.0,318.0,267.0,237.0,241.0,236.0,305.0,312.0,267.0,475.0,477.0,507.0,311.0,318.0,267.0,237.0,241.0,236.0
0.0,1246.0,719.0,714.0,896.0,719.0,242.0,252.0,225.0,237.0,241.0,236.0,242.0,252.0,225.0,400.0,405.0,441.0,242.0,252.0,225.0,237.0,241.0,236.0
0.0,1423.0,785.0,716.0,719.0,791.0,300.0,255.0,236.0,238.0,242.0,236.0,297.0,252.0,236.0,469.0,471.0,483.0,300.0,255.0,236.0,238.0,242.0,236.0
0.0,1357.0,808.0,717.0,791.0,811.0,298.0,223.0,290.0,239.0,241.0,237.0,295.0,226.0,287.0,414.0,471.0,472.0,298.0,223.0,290.0,239.0,241.0,237.0
0.0,1340.0,818.0,719.0,811.0,824.0,288.0,250.0,286.0,240.0,241.0,238.0,285.0,250.0,283.0,419.0,500.0,421.0,288.0,250.0,286.0,240.0,241.0,238.0
0.0,1333.0,738.0,721.0,824.0,744.0,240.0,253.0,251.0,240.0,242.0,239.0,240.0,250.0,248.0,432.0,473.0,428.0,240.0,253.0,251.0,240.0,242.0,239.0
0.0,1419.0,816.0,723.0,744.0,822.0,266.0,274.0,282.0,241.0,242.0,240.0,263.0,274.0,279.0,480.0,473.0,466.0,266.0,274.0,282.0,241.0,242.0,240.0
0.0,1347.0,844.0,725.0,822.0,850.0,294.0,271.0,285.0,242.0,243.0,240.0,291.0,268.0,285.0,457.0,452.0,438.0,294.0,271.0,285.0,242.0,243.0,240.0
0.0,1325.0,737.0,726.0,850.0,740.0,275.0,234.0,231.0,243.0,243.0,240.0,272.0,234.0,231.0,432.0,458.0,435.0,275.0,234.0,231.0,243.0,243.0,240.0
0.0,1438.0,756.0,725.0,740.0,753.0,282.0,232.0,239.0,243.0,242.0,240.0,282.0,235.0,239.0,454.0,495.0,489.0,282.0,232.0,239.0,243.0,242.0,240.0
0.0,1422.0,788.0,728.0,753.0,797.0,272.0,263.0,262.0,244.0,243.0,241.0,269.0,260.0,259.0,447.0,494.0,481.0,272.0,263.0,262.0,244.0,243.0,241.0
0.0,1387.0,741.0,728.0,797.0,741.0,247.0,249.0,245.0,244.0,243.0,241.0,247.0,249.0,245.0,460.0,466.0,461.0,247.0,249.0,245.0,244.0,243.0,241.0
0.0,1443.0,606.0,726.0,741.0,600.0,185.0,228.0,187.0,243.0,243.0,240.0,188.0,228.0,190.0,485.0,480.0,478.0,185.0,228.0,187.0,243.0,243.0,240.0
0.0,1578.0,692.0,725.0,600.0,689.0,241.0,212.0,236.0,243.0,242.0,240.0,241.0,215.0,236.0,544.0,501.0,533.0,241.0,212.0,236.0,243.0,242.0,240.0
0.0,1486.0,879.0,730.0,689.0,894.0,306.0,315.0,273.0,245.0,244.0,241.0,300.0,309.0,270.0,488.0,514.0,484.0,306.0,315.0,273.0,245.0,244.0,241.0
0.0,1296.0,859.0,733.0,894.0,868.0,287.0,293.0,288.0,246.0,245.0,242.0,284.0,290.0,285.0,429.0,417.0,450.0,287.0,293.0,288.0,246.0,245.0,242.0
0.0,1331.0,885.0,738.0,868.0,900.0,293.0,304.0,303.0,247.0,247.0,244.0,290.0,298.0,297.0,451.0,442.0,438.0,293.0,304.0,303.0,247.0,247.0,244.0
0.0,1314.0,957.0,742.0,900.0,969.0,294.0,342.0,333.0,248.0,248.0,246.0,291.0,339.0,327.0,448.0,437.0,429.0,294.0,342.0,333.0,248.0,248.0,246.0
0.0,1257.0,828.0,744.0,969.0,834.0,256.0,287.0,291.0,248.0,249.0,247.0,256.0,284.0,288.0,450.0,402.0,405.0,256.0,287.0,291.0,248.0,249.0,247.0
0.0,1398.0,676.0,744.0,834.0,676.0,207.0,207.0,262.0,247.0,249.0,248.0,210.0,207.0,259.0,488.0,460.0,450.0,207.0,207.0,262.0,247.0,249.0,248.0
0.0,1556.0,746.0,746.0,676.0,752.0,244.0,251.0,257.0,247.0,250.0,249.0,244.0,248.0,254.0,534.0,540.0,482.0,244.0,251.0,257.0,247.0,250.0,249.0
0.0,1486.0,668.0,745.0,752.0,665.0,229.0,228.0,208.0,247.0,250.0,248.0,229.0,228.0,211.0,497.0,499.0,490.0,229.0,228.0,208.0,247.0,250.0,248.0
0.0,1570.0,796.0,743.0,665.0,790.0,255.0,255.0,280.0,247.0,249.0,247.0,255.0,258.0,283.0,512.0,522.0,536.0,255.0,255.0,280.0,247.0,249.0,247.0
0.0,1439.0,755.0,744.0,790.0,758.0,273.0,258.0,227.0,248.0,250.0,246.0,270.0,255.0,230.0,486.0,492.0,461.0,273.0,258.0,227.0,248.0,250.0,246.0
0.0,1474.0,756.0,746.0,758.0,762.0,249.0,264.0,249.0,249.0,251.0,246.0,246.0,261.0,249.0,471.0,492.0,511.0,249.0,264.0,249.0,249.0,251.0,246.0
0.0,1476.0,768.0,751.0,762.0,783.0,253.0,272.0,258.0,251.0,252.0,248.0,247.0,269.0,252.0,498.0,489.0,489.0,253.0,272.0,258.0,251.0,252.0,248.0
0.0,1470.0,751.0,753.0,783.0,757.0,247.0,258.0,252.0,252.0,253.0,248.0,244.0,255.0,252.0,500.0,484.0,486.0,247.0,258.0,252.0,252.0,253.0,248.0
0.0,1502.0,984.0,758.0,757.0,999.0,363.0,308.0,328.0,254.0,254.0,250.0,357.0,305.0,322.0,509.0,501.0,492.0,363.0,308.0,328.0,254.0,254.0,250.0
0.0,1275.0,890.0,759.0,999.0,893.0,323.0,269.0,301.0,255.0,254.0,250.0,320.0,269.0,301.0,399.0,454.0,422.0,323.0,269.0,301.0,255.0,254.0,250.0
0.0,1384.0,867.0,760.0,893.0,870.0,297.0,264.0,309.0,255.0,254.0,251.0,297.0,264.0,306.0,442.0,493.0,449.0,297.0,264.0,309.0,255.0,254.0,251.0
0.0,1410.0,842.0,763.0,870.0,851.0,258.0,271.0,322.0,256.0,254.0,253.0,255.0,271.0,316.0,468.0,498.0,444.0,258.0,271.0,322.0,256.0,254.0,253.0
0.0,1438.0,854.0,764.0,851.0,857.0,277.0,267.0,313.0,256.0,254.0,254.0,277.0,267.0,310.0,510.0,491.0,437.0,277.0,267.0,313.0,256.0,254.0,254.0
0.0,1435.0,884.0,766.0,857.0,890.0,295.0,275.0,320.0,257.0,254.0,255.0,292.0,275.0,317.0,491.0,495.0,449.0,295.0,275.0,320.0,257.0,254.0,255.0
0.0,1408.0,823.0,770.0,890.0,835.0,279.0,288.0,268.0,258.0,256.0,256.0,276.0,282.0,265.0,476.0,487.0,445.0,279.0,288.0,268.0,258.0,256.0,256.0
0.0,1475.0,814.0,774.0,835.0,826.0,265.0,296.0,265.0,259.0,257.0,258.0,262.0,293.0,259.0,495.0,480.0,500.0,265.0,296.0,265.0,259.0,257.0,258.0
0.0,1496.0,748.0,773.0,826.0,745.0,269.0,286.0,190.0,259.0,258.0,256.0,269.0,283.0,196.0,512.0,475.0,509.0,269.0,286.0,190.0,259.0,258.0,256.0
0.0,1574.0,691.0,773.0,745.0,691.0,220.0,241.0,230.0,259.0,258.0,256.0,220.0,241.0,230.0,508.0,488.0,578.0,220.0,241.0,230.0,259.0,258.0,256.0
0.0,1628.0,734.0,773.0,691.0,734.0,229.0,257.0,248.0,259.0,258.0,256.0,229.0,257.0,248.0,557.0,533.0,538.0,229.0,257.0,248.0,259.0,258.0,256.0
0.0,1585.0,758.0,775.0,734.0,764.0,271.0,259.0,234.0,260.0,259.0,256.0,268.0,256.0,234.0,548.0,517.0,520.0,271.0,259.0,234.0,260.0,259.0,256.0
0.0,1561.0,762.0,774.0,764.0,759.0,259.0,230.0,270.0,260.0,258.0,256.0,259.0,233.0,270.0,509.0,518.0,534.0,259.0,230.0,270.0,260.0,258.0,256.0
0.0,1563.0,808.0,776.0,759.0,814.0,308.0,235.0,271.0,261.0,258.0,257.0,305.0,235.0,268.0,521.0,544.0,498.0,308.0,235.0,271.0,261.0,258.0,257.0
0.0,1514.0,951.0,782.0,814.0,969.0,325.0,318.0,326.0,263.0,260.0,259.0,319.0,312.0,320.0,475.0,539.0,500.0,325.0,318.0,326.0,263.0,260.0,259.0
0.0,1377.0,989.0,785.0,969.0,998.0,319.0,347.0,332.0,264.0,261.0,260.0,316.0,344.0,329.0,464.0,462.0,451.0,319.0,347.0,332.0,264.0,261.0,260.0
0.0,1357.0,943.0,788.0,998.0,952.0,297.0,359.0,296.0,265.0,262.0,261.0,294.0,356.0,293.0,473.0,436.0,448.0,297.0,359.0,296.0,265.0,262.0,261.0
0.0,1412.0,923.0,790.0,952.0,929.0,289.0,322.0,318.0,265.0,263.0,262.0,289.0,319.0,315.0,498.0,427.0,487.0,289.0,322.0,318.0,265.0,263.0,262.0
0.0,1441.0,859.0,794.0,929.0,871.0,259.0,321.0,291.0,266.0,265.0,263.0,256.0,315.0,288.0,506.0,467.0,468.0,259.0,321.0,291.0,266.0,265.0,263.0
0.0,1511.0,789.0,795.0,871.0,792.0,290.0,261.0,241.0,267.0,265.0,263.0,287.0,261.0,241.0,539.0,474.0,498.0,290.0,261.0,241.0,267.0,265.0,263.0
0.0,1593.0,816.0,797.0,792.0,822.0,302.0,250.0,270.0,268.0,266.0,263.0,299.0,247.0,270.0,511.0,534.0,548.0,302.0,250.0,270.0,268.0,266.0,263.0
0.0,1569.0,755.0,799.0,822.0,761.0,284.0,248.0,229.0,269.0,266.0,264.0,281.0,248.0,226.0,502.0,548.0,519.0,284.0,248.0,229.0,269.0,266.0,264.0
0.0,1636.0,687.0,799.0,761.0,687.0,231.0,235.0,221.0,269.0,267.0,263.0,231.0,232.0,224.0,523.0,550.0,563.0,231.0,235.0,221.0,269.0,267.0,263.0
0.0,1710.0,771.0,802.0,687.0,780.0,262.0,267.0,251.0,270.0,267.0,265.0,259.0,267.0,245.0,576.0,566.0,568.0,262.0,267.0,251.0,270.0,267.0,265.0
0.0,1626.0,795.0,803.0,780.0,798.0,255.0,249.0,294.0,270.0,267.0,266.0,255.0,249.0,291.0,548.0,534.0,544.0,255.0,249.0,294.0,270.0,267.0,266.0
0.0,1611.0,1019.0,807.0,798.0,1031.0,345.0,352.0,334.0,271.0,268.0,268.0,342.0,349.0,328.0,555.0,552.0,504.0,345.0,352.0,334.0,271.0,268.0,268.0
0.0,1390.0,874.0,809.0,1031.0,880.0,289.0,280.0,311.0,272.0,268.0,269.0,286.0,280.0,308.0,468.0,452.0,470.0,289.0,280.0,311.0,272.0,268.0,269.0
0.0,1547.0,878.0,811.0,880.0,884.0,298.0,296.0,290.0,272.0,269.0,270.0,298.0,293.0,287.0,527.0,524.0,496.0,298.0,296.0,290.0,272.0,269.0,270.0
0.0,1549.0,812.0,810.0,884.0,809.0,271.0,235.0,303.0,271.0,269.0,270.0,274.0,235.0,303.0,518.0,511.0,520.0,271.0,235.0,303.0,271.0,269.0,270.0
0.0,1621.0,920.0,813.0,809.0,929.0,311.0,305.0,313.0,272.0,270.0,271.0,308.0,302.0,310.0,542.0,572.0,507.0,311.0,305.0,313.0,272.0,270.0,271.0
0.0,1510.0,846.0,816.0,929.0,855.0,278.0,269.0,308.0,273.0,271.0,272.0,275.0,266.0,305.0,505.0,505.0,500.0,278.0,269.0,308.0,273.0,271.0,272.0
0.0,1593.0,821.0,816.0,855.0,821.0,260.0,282.0,279.0,273.0,271.0,272.0,260.0,282.0,279.0,541.0,544.0,508.0,260.0,282.0,279.0,273.0,271.0,272.0
0.0,1627.0,802.0,815.0,821.0,799.0,262.0,276.0,261.0,272.0,271.0,272.0,265.0,276.0,261.0,559.0,531.0,537.0,262.0,276.0,261.0,272.0,271.0,272.0
0.0,1646.0,746.0,814.0,799.0,743.0,241.0,240.0,262.0,271.0,271.0,272.0,244.0,240.0,262.0,554.0,537.0,555.0,241.0,240.0,262.0,271.0,271.0,272.0
0.0,1699.0,781.0,814.0,743.0,781.0,280.0,259.0,242.0,271.0,271.0,272.0,280.0,259.0,242.0,572.0,573.0,554.0,280.0,259.0,242.0,271.0,271.0,272.0
0.0,1661.0,724.0,814.0,781.0,724.0,248.0,234.0,242.0,271.0,271.0,272.0,248.0,234.0,242.0,533.0,554.0,574.0,248.0,234.0,242.0,271.0,271.0,272.0
0.0,1718.0,797.0,815.0,724.0,800.0,245.0,252.0,303.0,271.0,271.0,273.0,245.0,252.0,300.0,565.0,579.0,574.0,245.0,252.0,303.0,271.0,271.0,273.0
0.0,1645.0,718.0,818.0,800.0,727.0,223.0,262.0,242.0,272.0,272.0,274.0,220.0,259.0,239.0,568.0,561.0,516.0,223.0,262.0,242.0,272.0,272.0,274.0
0.0,1727.0,726.0,818.0,727.0,726.0,255.0,214.0,257.0,272.0,272.0,274.0,255.0,214.0,257.0,593.0,554.0,580.0,255.0,214.0,257.0,272.0,272.0,274.0
0.0,1728.0,907.0,819.0,726.0,910.0,292.0,271.0,347.0,272.0,271.0,276.0,292.0,274.0,341.0,561.0,602.0,565.0,292.0,271.0,347.0,272.0,271.0,276.0
0.0,1547.0,909.0,820.0,910.0,912.0,297.0,278.0,337.0,272.0,271.0,277.0,297.0,278.0,334.0,524.0,542.0,481.0,297.0,278.0,337.0,272.0,271.0,277.0
0.0,1548.0,805.0,818.0,912.0,799.0,288.0,260.0,251.0,272.0,270.0,276.0,288.0,263.0,254.0,519.0,535.0,494.0,288.0,260.0,251.0,272.0,270.0,276.0
0.0,1655.0,810.0,815.0,799.0,801.0,239.0,289.0,273.0,271.0,269.0,275.0,242.0,292.0,276.0,528.0,550.0,577.0,239.0,289.0,273.0,271.0,269.0,275.0
0.0,1644.0,894.0,817.0,801.0,900.0,291.0,323.0,286.0,272.0,270.0,275.0,288.0,320.0,286.0,574.0,518.0,552.0,291.0,323.0,286.0,272.0,270.0,275.0
0.0,1551.0,863.0,820.0,900.0,872.0,280.0,322.0,270.0,273.0,272.0,275.0,277.0,316.0,270.0,525.0,487.0,539.0,280.0,322.0,270.0,273.0,272.0,275.0
0.0,1588.0,732.0,819.0,872.0,729.0,262.0,247.0,220.0,273.0,272.0,274.0,262.0,247.0,223.0,539.0,494.0,555.0,262.0,247.0,220.0,273.0,272.0,274.0
0.0,1728.0,885.0,824.0,729.0,900.0,308.0,293.0,299.0,275.0,273.0,276.0,302.0,290.0,293.0,557.0,569.0,602.0,308.0,293.0,299.0,275.0,273.0,276.0
0.0,1572.0,842.0,824.0,900.0,842.0,293.0,248.0,301.0,275.0,273.0,276.0,293.0,248.0,301.0,517.0,526.0,529.0,293.0,248.0,301.0,275.0,273.0,276.0
0.0,1630.0,761.0,825.0,842.0,764.0,265.0,238.0,261.0,275.0,273.0,277.0,265.0,238.0,258.0,532.0,571.0,527.0,265.0,238.0,261.0,275.0,273.0,277.0
0.0,1711.0,789.0,825.0,764.0,789.0,240.0,255.0,294.0,275.0,272.0,278.0,240.0,258.0,291.0,560.0,581.0,570.0,240.0,255.0,294.0,275.0,272.0,278.0
0.0,1686.0,815.0,826.0,789.0,818.0,275.0,249.0,294.0,276.0,272.0,278.0,272.0,249.0,294.0,585.0,561.0,540.0,275.0,249.0,294.0,276.0,272.0,278.0
0.0,1660.0,905.0,830.0,818.0,917.0,299.0,296.0,322.0,277.0,273.0,280.0,296.0,293.0,316.0,553.0,567.0,540.0,299.0,296.0,322.0,277.0,273.0,280.0
0.0,1573.0,950.0,828.0,917.0,944.0,319.0,330.0,295.0,276.0,273.0,279.0,322.0,330.0,298.0,532.0,523.0,518.0,319.0,330.0,295.0,276.0,273.0,279.0
0.0,1540.0,969.0,830.0,944.0,975.0,336.0,347.0,292.0,276.0,275.0,279.0,336.0,341.0,292.0,509.0,489.0,542.0,336.0,347.0,292.0,276.0,275.0,279.0
0.0,1515.0,864.0,831.0,975.0,867.0,314.0,272.0,281.0,277.0,275.0,279.0,311.0,272.0,281.0,492.0,478.0,545.0,314.0,272.0,281.0,277.0,275.0,279.0
0.0,1626.0,854.0,830.0,867.0,851.0,285.0,274.0,292.0,277.0,275.0,278.0,285.0,274.0,295.0,517.0,553.0,556.0,285.0,274.0,292.0,277.0,275.0,278.0
0.0,1639.0,834.0,830.0,851.0,834.0,277.0,282.0,275.0,277.0,275.0,278.0,277.0,282.0,275.0,546.0,551.0,542.0,277.0,282.0,275.0,277.0,275.0,278.0
0.0,1656.0,870.0,830.0,834.0,870.0,278.0,312.0,280.0,277.0,276.0,277.0,278.0,309.0,283.0,554.0,543.0,559.0,278.0,312.0,280.0,277.0,276.0,277.0
0.0,1620.0,817.0,830.0,870.0,817.0,291.0,264.0,262.0,277.0,276.0,277.0,291.0,264.0,262.0,553.0,516.0,551.0,291.0,264.0,262.0,277.0,276.0,277.0
0.0,1673.0,801.0,829.0,817.0,798.0,260.0,271.0,267.0,277.0,275.0,277.0,260.0,274.0,267.0,540.0,564.0,569.0,260.0,271.0,267.0,277.0,275.0,277.0
0.0,1689.0,715.0,828.0,798.0,712.0,219.0,241.0,252.0,276.0,274.0,278.0,222.0,244.0,249.0,571.0,554.0,564.0,219.0,241.0,252.0,276.0,274.0,278.0
0.0,1772.0,899.0,832.0,712.0,911.0,307.0,300.0,304.0,278.0,275.0,279.0,301.0,297.0,301.0,609.0,581.0,582.0,307.0,300.0,304.0,278.0,275.0,279.0
0.0,1585.0,804.0,834.0,911.0,810.0,244.0,272.0,294.0,278.0,276.0,280.0,244.0,269.0,291.0,527.0,525.0,533.0,244.0,272.0,294.0,278.0,276.0,280.0
0.0,1692.0,869.0,836.0,810.0,875.0,270.0,302.0,303.0,278.0,277.0,281.0,270.0,299.0,300.0,590.0,556.0,546.0,270.0,302.0,303.0,278.0,277.0,281.0
0.0,1633.0,795.0,837.0,875.0,798.0,262.0,257.0,279.0,278.0,277.0,282.0,262.0,257.0,276.0,564.0,529.0,540.0,262.0,257.0,279.0,278.0,277.0,282.0
0.0,1713.0,912.0,838.0,798.0,915.0,321.0,296.0,298.0,278.0,278.0,282.0,321.0,293.0,298.0,572.0,574.0,567.0,321.0,296.0,298.0,278.0,278.0,282.0
0.0,1599.0,941.0,838.0,915.0,941.0,339.0,324.0,278.0,279.0,278.0,281.0,336.0,324.0,281.0,513.0,538.0,548.0,339.0,324.0,278.0,279.0,278.0,281.0
0.0,1573.0,963.0,838.0,941.0,963.0,349.0,315.0,299.0,279.0,278.0,281.0,349.0,315.0,299.0,498.0,510.0,565.0,349.0,315.0,299.0,279.0,278.0,281.0
0.0,1551.0,895.0,837.0,963.0,892.0,303.0,317.0,272.0,280.0,277.0,280.0,300.0,320.0,275.0,488.0,519.0,544.0,303.0,317.0,272.0,280.0,277.0,280.0
0.0,1619.0,872.0,836.0,892.0,869.0,297.0,284.0,288.0,280.0,276.0,280.0,297.0,287.0,288.0,537.0,514.0,568.0,297.0,284.0,288.0,280.0,276.0,280.0
0.0,1639.0,915.0,837.0,869.0,918.0,314.0,293.0,311.0,281.0,276.0,280.0,311.0,293.0,311.0,543.0,544.0,552.0,314.0,293.0,311.0,281.0,276.0,280.0
0.0,1593.0,926.0,840.0,918.0,935.0,313.0,299.0,323.0,281.0,277.0,282.0,313.0,296.0,317.0,529.0,535.0,529.0,313.0,299.0,323.0,281.0,277.0,282.0
0.0,1585.0,872.0,842.0,935.0,878.0,267.0,291.0,320.0,281.0,278.0,283.0,267.0,288.0,317.0,530.0,532.0,523.0,267.0,291.0,320.0,281.0,278.0,283.0
0.0,1648.0,937.0,844.0,878.0,943.0,308.0,318.0,317.0,281.0,279.0,284.0,308.0,315.0,314.0,576.0,543.0,529.0,308.0,318.0,317.0,281.0,279.0,284.0
0.0,1589.0,917.0,849.0,943.0,932.0,312.0,298.0,322.0,283.0,280.0,286.0,306.0,295.0,316.0,535.0,519.0,535.0,312.0,298.0,322.0,283.0,280.0,286.0
0.0,1615.0,781.0,849.0,932.0,781.0,243.0,256.0,282.0,282.0,280.0,287.0,246.0,256.0,279.0,537.0,542.0,536.0,243.0,256.0,282.0,282.0,280.0,287.0
0.0,1766.0,884.0,850.0,781.0,887.0,289.0,282.0,316.0,283.0,280.0,287.0,286.0,282.0,316.0,603.0,584.0,579.0,289.0,282.0,316.0,283.0,280.0,287.0
0.0,1663.0,802.0,847.0,887.0,793.0,287.0,261.0,245.0,282.0,279.0,286.0,290.0,264.0,248.0,560.0,558.0,545.0,287.0,261.0,245.0,282.0,279.0,286.0
0.0,1748.0,921.0,848.0,793.0,924.0,324.0,321.0,279.0,283.0,280.0,285.0,321.0,318.0,282.0,559.0,576.0,613.0,324.0,321.0,279.0,283.0,280.0,285.0
0.0,1620.0,990.0,850.0,924.0,996.0,335.0,347.0,314.0,283.0,281.0,286.0,335.0,344.0,311.0,525.0,519.0,576.0,335.0,347.0,314.0,283.0,281.0,286.0
0.0,1554.0,1028.0,854.0,996.0,1040.0,312.0,362.0,366.0,284.0,283.0,287.0,309.0,356.0,363.0,514.0,496.0,544.0,312.0,362.0,366.0,284.0,283.0,287.0
0.0,1522.0,933.0,854.0,1040.0,933.0,299.0,325.0,309.0,284.0,283.0,287.0,299.0,325.0,309.0,540.0,487.0,495.0,299.0,325.0,309.0,284.0,283.0,287.0
0.0,1629.0,910.0,855.0,933.0,913.0,293.0,338.0,282.0,284.0,285.0,286.0,293.0,332.0,285.0,553.0,524.0,552.0,293.0,338.0,282.0,284.0,285.0,286.0
0.0,1652.0,973.0,858.0,913.0,982.0,337.0,326.0,319.0,286.0,285.0,287.0,331.0,326.0,316.0,559.0,517.0,576.0,337.0,326.0,319.0,286.0,285.0,287.0
0.0,1592.0,1047.0,863.0,982.0,1062.0,338.0,353.0,371.0,287.0,287.0,289.0,335.0,347.0,365.0,521.0,529.0,542.0,338.0,353.0,371.0,287.0,287.0,289.0
0.0,1527.0,954.0,867.0,1062.0,966.0,330.0,293.0,343.0,288.0,288.0,291.0,327.0,290.0,337.0,523.0,508.0,496.0,330.0,293.0,343.0,288.0,288.0,291.0
0.0,1635.0,754.0,866.0,966.0,751.0,248.0,229.0,274.0,288.0,287.0,291.0,248.0,232.0,274.0,534.0,571.0,530.0,248.0,229.0,274.0,288.0,287.0,291.0
0.0,1847.0,834.0,868.0,751.0,840.0,271.0,265.0,304.0,288.0,288.0,292.0,271.0,262.0,301.0,616.0,632.0,599.0,271.0,265.0,304.0,288.0,288.0,292.0
0.0,1764.0,842.0,869.0,840.0,845.0,266.0,284.0,295.0,289.0,288.0,292.0,263.0,284.0,295.0,593.0,599.0,572.0,266.0,284.0,295.0,289.0,288.0,292.0
0.0,1762.0,861.0,873.0,845.0,873.0,268.0,327.0,278.0,290.0,290.0,293.0,265.0,321.0,275.0,601.0,580.0,581.0,268.0,327.0,278.0,290.0,290.0,293.0
0.0,1746.0,972.0,877.0,873.0,984.0,322.0,363.0,299.0,291.0,292.0,294.0,319.0,357.0,296.0,602.0,543.0,601.0,322.0,363.0,299.0,291.0,292.0,294.0
0.0,1647.0,988.0,878.0,984.0,991.0,355.0,334.0,302.0,292.0,293.0,293.0,352.0,331.0,305.0,551.0,513.0,583.0,355.0,334.0,302.0,292.0,293.0,293.0
0.0,1643.0,881.0,877.0,991.0,878.0,308.0,276.0,294.0,292.0,293.0,292.0,308.0,276.0,297.0,521.0,545.0,577.0,308.0,276.0,294.0,292.0,293.0,292.0
0.0,1753.0,820.0,879.0,878.0,826.0,272.0,288.0,266.0,292.0,294.0,293.0,272.0,285.0,263.0,568.0,603.0,582.0,272.0,288.0,266.0,292.0,294.0,293.0
0.0,1811.0,891.0,880.0,826.0,894.0,301.0,280.0,313.0,293.0,294.0,293.0,298.0,280.0,313.0,604.0,594.0,613.0,301.0,280.0,313.0,293.0,294.0,293.0
0.0,1746.0,910.0,880.0,894.0,910.0,293.0,287.0,330.0,293.0,293.0,294.0,293.0,290.0,327.0,578.0,602.0,566.0,293.0,287.0,330.0,293.0,293.0,294.0
0.0,1730.0,935.0,881.0,910.0,938.0,279.0,328.0,331.0,293.0,293.0,295.0,279.0,328.0,328.0,586.0,592.0,552.0,279.0,328.0,331.0,293.0,293.0,295.0
0.0,1705.0,868.0,883.0,938.0,874.0,284.0,243.0,347.0,293.0,293.0,297.0,284.0,243.0,341.0,600.0,551.0,554.0,284.0,243.0,347.0,293.0,293.0,297.0
0.0,1775.0,889.0,884.0,874.0,892.0,324.0,274.0,294.0,294.0,293.0,297.0,321.0,274.0,294.0,595.0,636.0,544.0,324.0,274.0,294.0,294.0,293.0,297.0
0.0,1760.0,847.0,885.0,892.0,850.0,289.0,289.0,272.0,294.0,294.0,297.0,289.0,286.0,272.0,558.0,605.0,597.0,289.0,289.0,272.0,294.0,294.0,297.0
0.0,1805.0,840.0,886.0,850.0,843.0,273.0,293.0,277.0,294.0,295.0,297.0,273.0,290.0,277.0,593.0,593.0,619.0,273.0,293.0,277.0,294.0,295.0,297.0
0.0,1815.0,929.0,889.0,843.0,938.0,281.0,329.0,328.0,295.0,296.0,298.0,278.0,326.0,325.0,609.0,592.0,614.0,281.0,329.0,328.0,295.0,296.0,298.0
0.0,1729.0,982.0,891.0,938.0,988.0,344.0,320.0,324.0,296.0,297.0,298.0,341.0,317.0,324.0,604.0,559.0,566.0,344.0,320.0,324.0,296.0,297.0,298.0
0.0,1685.0,943.0,892.0,988.0,946.0,333.0,309.0,304.0,297.0,297.0,298.0,330.0,309.0,304.0,544.0,571.0,570.0,333.0,309.0,304.0,297.0,297.0,298.0
0.0,1730.0,1019.0,894.0,946.0,1025.0,383.0,336.0,306.0,298.0,298.0,298.0,380.0,333.0,306.0,558.0,582.0,590.0,383.0,336.0,306.0,298.0,298.0,298.0
0.0,1657.0,964.0,894.0,1025.0,964.0,339.0,290.0,335.0,298.0,297.0,299.0,339.0,293.0,332.0,511.0,558.0,588.0,339.0,290.0,335.0,298.0,297.0,299.0
0.0,1718.0,960.0,896.0,964.0,966.0,333.0,324.0,309.0,298.0,298.0,300.0,333.0,321.0,306.0,555.0,601.0,562.0,333.0,324.0,309.0,298.0,298.0,300.0
0.0,1722.0,865.0,895.0,966.0,862.0,291.0,292.0,279.0,298.0,298.0,299.0,291.0,292.0,282.0,561.0,570.0,591.0,291.0,292.0,279.0,298.0,298.0,299.0
0.0,1823.0,1003.0,899.0,862.0,1015.0,334.0,319.0,362.0,299.0,299.0,301.0,331.0,316.0,356.0,603.0,602.0,618.0,334.0,319.0,362.0,299.0,299.0,301.0
0.0,1682.0,991.0,901.0,1015.0,997.0,318.0,320.0,359.0,300.0,299.0,302.0,315.0,320.0,356.0,563.0,578.0,541.0,318.0,320.0,359.0,300.0,299.0,302.0
0.0,1706.0,950.0,904.0,997.0,959.0,309.0,320.0,330.0,300.0,300.0,304.0,309.0,317.0,324.0,582.0,577.0,547.0,309.0,320.0,330.0,300.0,300.0,304.0
0.0,1753.0,846.0,905.0,959.0,849.0,312.0,266.0,271.0,301.0,300.0,304.0,309.0,266.0,271.0,591.0,580.0,582.0,312.0,266.0,271.0,301.0,300.0,304.0
0.0,1866.0,808.0,906.0,849.0,811.0,272.0,273.0,266.0,302.0,300.0,304.0,269.0,273.0,266.0,591.0,634.0,641.0,272.0,273.0,266.0,302.0,300.0,304.0
0.0,1907.0,858.0,906.0,811.0,858.0,286.0,281.0,291.0,302.0,300.0,304.0,286.0,281.0,291.0,634.0,627.0,646.0,286.0,281.0,291.0,302.0,300.0,304.0
0.0,1860.0,914.0,908.0,858.0,920.0,302.0,339.0,279.0,303.0,301.0,304.0,299.0,336.0,279.0,620.0,619.0,621.0,302.0,339.0,279.0,303.0,301.0,304.0
0.0,1804.0,809.0,907.0,920.0,806.0,258.0,297.0,251.0,303.0,301.0,303.0,258.0,297.0,254.0,607.0,564.0,633.0,258.0,297.0,251.0,303.0,301.0,303.0
0.0,1915.0,938.0,910.0,806.0,947.0,324.0,335.0,288.0,304.0,303.0,303.0,321.0,329.0,288.0,651.0,606.0,658.0,324.0,335.0,288.0,304.0,303.0,303.0
0.0,1783.0,996.0,911.0,947.0,999.0,325.0,356.0,318.0,304.0,304.0,303.0,325.0,353.0,318.0,588.0,574.0,621.0,325.0,356.0,318.0,304.0,304.0,303.0
0.0,1734.0,1015.0,912.0,999.0,1018.0,325.0,346.0,347.0,304.0,304.0,304.0,325.0,346.0,344.0,587.0,556.0,591.0,325.0,346.0,347.0,304.0,304.0,304.0
0.0,1718.0,1021.0,913.0,1018.0,1024.0,352.0,327.0,345.0,304.0,304.0,305.0,352.0,327.0,342.0,587.0,566.0,565.0,352.0,327.0,345.0,304.0,304.0,305.0
0.0,1715.0,1031.0,916.0,1024.0,1040.0,333.0,350.0,357.0,304.0,305.0,307.0,333.0,347.0,351.0,560.0,585.0,570.0,333.0,350.0,357.0,304.0,305.0,307.0
0.0,1708.0,1001.0,918.0,1040.0,1007.0,347.0,310.0,350.0,305.0,305.0,308.0,344.0,310.0,347.0,579.0,565.0,564.0,347.0,310.0,350.0,305.0,305.0,308.0
0.0,1747.0,1038.0,921.0,1007.0,1047.0,348.0,336.0,363.0,306.0,306.0,309.0,345.0,333.0,360.0,568.0,605.0,574.0,348.0,336.0,363.0,306.0,306.0,309.0
0.0,1716.0,1010.0,922.0,1047.0,1013.0,326.0,347.0,340.0,306.0,307.0,309.0,326.0,344.0,340.0,570.0,582.0,564.0,326.0,347.0,340.0,306.0,307.0,309.0
0.0,1753.0,861.0,922.0,1013.0,861.0,276.0,297.0,288.0,306.0,307.0,309.0,276.0,297.0,288.0,592.0,574.0,587.0,276.0,297.0,288.0,306.0,307.0,309.0
0.0,1905.0,867.0,921.0,861.0,864.0,291.0,309.0,264.0,306.0,307.0,308.0,291.0,309.0,267.0,642.0,624.0,639.0,291.0,309.0,264.0,306.0,307.0,308.0
0.0,1899.0,843.0,920.0,864.0,840.0,303.0,285.0,252.0,306.0,307.0,307.0,303.0,285.0,255.0,627.0,612.0,660.0,303.0,285.0,252.0,306.0,307.0,307.0
0.0,1920.0,943.0,922.0,840.0,949.0,310.0,343.0,296.0,307.0,308.0,307.0,307.0,340.0,296.0,615.0,636.0,669.0,310.0,343.0,296.0,307.0,308.0,307.0
0.0,1817.0,964.0,924.0,949.0,970.0,316.0,333.0,321.0,308.0,309.0,307.0,313.0,330.0,321.0,611.0,581.0,625.0,316.0,333.0,321.0,308.0,309.0,307.0
0.0,1802.0,1078.0,929.0,970.0,1093.0,376.0,357.0,360.0,309.0,311.0,309.0,373.0,351.0,354.0,608.0,594.0,600.0,376.0,357.0,360.0,309.0,311.0,309.0
0.0,1694.0,956.0,930.0,1093.0,959.0,305.0,309.0,345.0,309.0,311.0,310.0,305.0,309.0,342.0,551.0,576.0,567.0,305.0,309.0,345.0,309.0,311.0,310.0
0.0,1831.0,1054.0,931.0,959.0,1057.0,353.0,345.0,359.0,309.0,311.0,311.0,353.0,345.0,356.0,622.0,624.0,585.0,353.0,345.0,359.0,309.0,311.0,311.0
0.0,1736.0,1114.0,933.0,1057.0,1120.0,361.0,373.0,386.0,310.0,311.0,312.0,358.0,373.0,383.0,574.0,588.0,574.0,361.0,373.0,386.0,310.0,311.0,312.0
0.0,1679.0,1005.0,934.0,1120.0,1008.0,327.0,326.0,355.0,311.0,311.0,312.0,324.0,326.0,355.0,569.0,560.0,550.0,327.0,326.0,355.0,311.0,311.0,312.0
0.0,1794.0,1120.0,939.0,1008.0,1135.0,352.0,415.0,368.0,312.0,313.0,314.0,349.0,409.0,362.0,606.0,607.0,581.0,352.0,415.0,368.0,312.0,313.0,314.0
0.0,1682.0,938.0,938.0,1135.0,935.0,305.0,315.0,315.0,311.0,313.0,314.0,308.0,315.0,315.0,584.0,524.0,574.0,305.0,315.0,315.0,311.0,313.0,314.0
0.0,1879.0,1081.0,939.0,935.0,1084.0,342.0,386.0,356.0,312.0,313.0,314.0,339.0,386.0,356.0,628.0,624.0,627.0,342.0,386.0,356.0,312.0,313.0,314.0
0.0,1733.0,914.0,938.0,1084.0,911.0,332.0,291.0,288.0,312.0,313.0,313.0,332.0,291.0,291.0,594.0,553.0,586.0,332.0,291.0,288.0,312.0,313.0,313.0
0.0,1903.0,829.0,939.0,911.0,832.0,327.0,268.0,237.0,313.0,314.0,312.0,324.0,265.0,240.0,604.0,648.0,651.0,327.0,268.0,237.0,313.0,314.0,312.0
0.0,1985.0,879.0,941.0,832.0,885.0,306.0,299.0,280.0,314.0,315.0,312.0,303.0,296.0,280.0,612.0,674.0,699.0,306.0,299.0,280.0,314.0,315.0,312.0
0.0,1938.0,951.0,942.0,885.0,954.0,322.0,311.0,321.0,315.0,315.0,312.0,319.0,311.0,321.0,636.0,646.0,656.0,322.0,311.0,321.0,315.0,315.0,312.0
0.0,1872.0,919.0,943.0,954.0,922.0,282.0,321.0,319.0,315.0,315.0,313.0,282.0,321.0,316.0,623.0,634.0,615.0,282.0,321.0,319.0,315.0,315.0,313.0
0.0,1907.0,1011.0,944.0,922.0,1014.0,337.0,334.0,343.0,315.0,315.0,314.0,337.0,334.0,340.0,663.0,624.0,620.0,337.0,334.0,343.0,315.0,315.0,314.0
0.0,1818.0,1067.0,946.0,1014.0,1073.0,374.0,329.0,370.0,316.0,315.0,315.0,371.0,329.0,367.0,608.0,611.0,599.0,374.0,329.0,370.0,316.0,315.0,315.0
0.0,1765.0,1118.0,950.0,1073.0,1130.0,378.0,381.0,371.0,317.0,317.0,316.0,375.0,375.0,368.0,574.0,616.0,575.0,378.0,381.0,371.0,317.0,317.0,316.0
0.0,1720.0,1181.0,957.0,1130.0,1202.0,412.0,385.0,405.0,320.0,318.0,319.0,403.0,382.0,396.0,573.0,570.0,577.0,412.0,385.0,405.0,320.0,318.0,319.0
0.0,1669.0,1068.0,961.0,1202.0,1080.0,348.0,364.0,368.0,321.0,320.0,320.0,345.0,358.0,365.0,548.0,569.0,552.0,348.0,364.0,368.0,321.0,320.0,320.0
0.0,1803.0,1068.0,963.0,1080.0,1074.0,365.0,366.0,343.0,322.0,321.0,320.0,362.0,363.0,343.0,615.0,596.0,592.0,365.0,366.0,343.0,322.0,321.0,320.0
0.0,1815.0,1023.0,965.0,1074.0,1029.0,354.0,328.0,347.0,323.0,321.0,321.0,351.0,328.0,344.0,601.0,597.0,617.0,354.0,328.0,347.0,323.0,321.0,321.0
0.0,1866.0,946.0,966.0,1029.0,949.0,337.0,307.0,305.0,324.0,322.0,320.0,334.0,304.0,308.0,615.0,635.0,616.0,337.0,307.0,305.0,324.0,322.0,320.0
0.0,1949.0,954.0,968.0,949.0,960.0,346.0,321.0,293.0,325.0,323.0,320.0,343.0,318.0,293.0,635.0,659.0,655.0,346.0,321.0,293.0,325.0,323.0,320.0
0.0,1944.0,1046.0,972.0,960.0,1058.0,354.0,314.0,390.0,326.0,324.0,322.0,351.0,311.0,384.0,629.0,648.0,667.0,354.0,314.0,390.0,326.0,324.0,322.0
0.0,1858.0,1011.0,975.0,1058.0,1020.0,333.0,369.0,318.0,327.0,325.0,323.0,330.0,366.0,315.0,624.0,658.0,576.0,333.0,369.0,318.0,327.0,325.0,323.0
0.0,1905.0,1008.0,976.0,1020.0,1011.0,354.0,330.0,327.0,328.0,325.0,323.0,351.0,330.0,327.0,648.0,606.0,651.0,354.0,330.0,327.0,328.0,325.0,323.0
0.0,1917.0,955.0,975.0,1011.0,952.0,293.0,307.0,352.0,327.0,325.0,323.0,296.0,307.0,352.0,630.0,645.0,642.0,293.0,307.0,352.0,327.0,325.0,323.0
0.0,1973.0,979.0,977.0,952.0,985.0,287.0,355.0,343.0,327.0,326.0,324.0,287.0,352.0,340.0,688.0,668.0,617.0,287.0,355.0,343.0,327.0,326.0,324.0
0.0,1946.0,982.0,977.0,985.0,982.0,324.0,326.0,332.0,326.0,326.0,325.0,327.0,326.0,329.0,694.0,623.0,629.0,324.0,326.0,332.0,326.0,326.0,325.0
0.0,1949.0,1049.0,978.0,982.0,1052.0,381.0,338.0,333.0,326.0,327.0,325.0,381.0,335.0,333.0,654.0,652.0,643.0,381.0,338.0,333.0,326.0,327.0,325.0
0.0,1882.0,1063.0,980.0,1052.0,1069.0,363.0,339.0,367.0,327.0,327.0,326.0,360.0,339.0,364.0,597.0,643.0,642.0,363.0,339.0,367.0,327.0,327.0,326.0
0.0,1871.0,1059.0,983.0,1069.0,1068.0,360.0,343.0,365.0,328.0,328.0,327.0,357.0,340.0,362.0,618.0,642.0,611.0,360.0,343.0,365.0,328.0,328.0,327.0
0.0,1881.0,1126.0,985.0,1068.0,1132.0,385.0,398.0,349.0,329.0,329.0,327.0,382.0,395.0,349.0,624.0,641.0,616.0,385.0,398.0,349.0,329.0,329.0,327.0
0.0,1823.0,1025.0,987.0,1132.0,1031.0,336.0,358.0,337.0,330.0,330.0,327.0,333.0,355.0,337.0,602.0,589.0,632.0,336.0,358.0,337.0,330.0,330.0,327.0
0.0,1930.0,993.0,988.0,1031.0,996.0,320.0,347.0,329.0,330.0,331.0,327.0,320.0,344.0,329.0,654.0,632.0,644.0,320.0,347.0,329.0,330.0,331.0,327.0
0.0,1968.0,892.0,988.0,996.0,892.0,296.0,295.0,301.0,330.0,331.0,327.0,296.0,295.0,301.0,670.0,646.0,652.0,296.0,295.0,301.0,330.0,331.0,327.0
0.0,2072.0,927.0,990.0,892.0,933.0,303.0,309.0,321.0,330.0,332.0,328.0,303.0,306.0,318.0,694.0,698.0,680.0,303.0,309.0,321.0,330.0,332.0,328.0
0.0,2037.0,969.0,992.0,933.0,975.0,299.0,340.0,336.0,330.0,333.0,329.0,299.0,337.0,333.0,687.0,687.0,663.0,299.0,340.0,336.0,330.0,333.0,329.0
0.0,2001.0,1001.0,995.0,975.0,1010.0,336.0,317.0,357.0,331.0,333.0,331.0,333.0,317.0,351.0,691.0,659.0,651.0,336.0,317.0,357.0,331.0,333.0,331.0
0.0,1975.0,1099.0,1000.0,1010.0,1114.0,382.0,361.0,371.0,333.0,334.0,333.0,376.0,358.0,365.0,657.0,682.0,636.0,382.0,361.0,371.0,333.0,334.0,333.0
0.0,1886.0,1000.0,1001.0,1114.0,1003.0,319.0,323.0,361.0,333.0,334.0,334.0,319.0,323.0,358.0,617.0,641.0,628.0,319.0,323.0,361.0,333.0,334.0,334.0
0.0,2000.0,1095.0,1003.0,1003.0,1101.0,356.0,378.0,367.0,334.0,334.0,335.0,353.0,378.0,364.0,680.0,679.0,641.0,356.0,378.0,367.0,334.0,334.0,335.0
0.0,1908.0,1024.0,1003.0,1101.0,1024.0,341.0,353.0,330.0,334.0,334.0,335.0,341.0,353.0,330.0,646.0,624.0,638.0,341.0,353.0,330.0,334.0,334.0,335.0
0.0,1985.0,1223.0,1007.0,1024.0,1235.0,404.0,421.0,410.0,335.0,336.0,336.0,401.0,415.0,407.0,661.0,649.0,675.0,404.0,421.0,410.0,335.0,336.0,336.0
0.0,1786.0,959.0,1005.0,1235.0,953.0,296.0,352.0,305.0,334.0,336.0,335.0,299.0,352.0,308.0,601.0,587.0,598.0,296.0,352.0,305.0,334.0,336.0,335.0
0.0,2062.0,990.0,1006.0,953.0,993.0,311.0,358.0,324.0,334.0,337.0,335.0,311.0,355.0,324.0,706.0,656.0,700.0,311.0,358.0,324.0,334.0,337.0,335.0
0.0,2025.0,982.0,1005.0,993.0,979.0,346.0,327.0,306.0,334.0,337.0,334.0,346.0,327.0,309.0,691.0,653.0,681.0,346.0,327.0,306.0,334.0,337.0,334.0
0.0,2036.0,1052.0,1005.0,979.0,1052.0,355.0,353.0,344.0,334.0,337.0,334.0,355.0,353.0,344.0,656.0,684.0,696.0,355.0,353.0,344.0,334.0,337.0,334.0
0.0,1963.0,921.0,1007.0,1052.0,927.0,344.0,286.0,297.0,336.0,337.0,334.0,338.0,286.0,297.0,647.0,658.0,658.0,344.0,286.0,297.0,336.0,337.0,334.0
0.0,2094.0,981.0,1008.0,927.0,984.0,333.0,291.0,360.0,336.0,336.0,336.0,333.0,294.0,354.0,664.0,725.0,705.0,333.0,291.0,360.0,336.0,336.0,336.0
0.0,2040.0,969.0,1011.0,984.0,978.0,338.0,312.0,328.0,337.0,337.0,337.0,335.0,309.0,325.0,675.0,717.0,648.0,338.0,312.0,328.0,337.0,337.0,337.0
0.0,2055.0,983.0,1012.0,978.0,986.0,317.0,322.0,347.0,337.0,337.0,338.0,317.0,322.0,344.0,673.0,699.0,683.0,317.0,322.0,347.0,337.0,337.0,338.0
0.0,2050.0,1136.0,1015.0,986.0,1145.0,366.0,389.0,390.0,338.0,338.0,339.0,363.0,386.0,387.0,694.0,689.0,667.0,366.0,389.0,390.0,338.0,338.0,339.0
0.0,1900.0,1166.0,1017.0,1145.0,1172.0,403.0,391.0,378.0,339.0,338.0,340.0,400.0,391.0,375.0,648.0,625.0,627.0,403.0,391.0,378.0,339.0,338.0,340.0
0.0,1879.0,1082.0,1019.0,1172.0,1088.0,360.0,366.0,362.0,340.0,339.0,340.0,357.0,363.0,362.0,614.0,623.0,642.0,360.0,366.0,362.0,340.0,339.0,340.0
0.0,1969.0,1089.0,1020.0,1088.0,1092.0,367.0,364.0,361.0,340.0,340.0,340.0,367.0,361.0,361.0,660.0,651.0,658.0,367.0,364.0,361.0,340.0,340.0,340.0
0.0,1968.0,1092.0,1019.0,1092.0,1089.0,382.0,362.0,345.0,340.0,340.0,339.0,382.0,362.0,348.0,653.0,656.0,659.0,382.0,362.0,345.0,340.0,340.0,339.0
0.0,1968.0,1045.0,1020.0,1089.0,1048.0,363.0,336.0,349.0,341.0,340.0,339.0,360.0,336.0,349.0,638.0,658.0,672.0,363.0,336.0,349.0,341.0,340.0,339.0
0.0,2012.0,954.0,1018.0,1048.0,948.0,332.0,291.0,325.0,341.0,338.0,339.0,332.0,297.0,325.0,660.0,684.0,668.0,332.0,291.0,325.0,341.0,338.0,339.0
0.0,2106.0,978.0,1017.0,948.0,975.0,320.0,347.0,308.0,341.0,338.0,338.0,320.0,347.0,311.0,691.0,723.0,692.0,320.0,347.0,308.0,341.0,338.0,338.0
0.0,2076.0,1147.0,1019.0,975.0,1153.0,389.0,392.0,372.0,342.0,338.0,339.0,386.0,392.0,369.0,703.0,667.0,706.0,389.0,392.0,372.0,342.0,338.0,339.0
0.0,1904.0,1089.0,1023.0,1153.0,1101.0,375.0,370.0,356.0,343.0,340.0,340.0,372.0,364.0,353.0,637.0,622.0,645.0,375.0,370.0,356.0,343.0,340.0,340.0
0.0,1968.0,1086.0,1026.0,1101.0,1095.0,359.0,360.0,376.0,343.0,341.0,342.0,359.0,357.0,370.0,654.0,650.0,664.0,359.0,360.0,376.0,343.0,341.0,342.0
0.0,1983.0,1043.0,1030.0,1095.0,1055.0,336.0,343.0,376.0,344.0,342.0,344.0,333.0,340.0,370.0,670.0,663.0,650.0,336.0,343.0,376.0,344.0,342.0,344.0
0.0,2035.0,893.0,1029.0,1055.0,890.0,275.0,302.0,313.0,343.0,342.0,344.0,278.0,302.0,313.0,696.0,683.0,656.0,275.0,302.0,313.0,343.0,342.0,344.0
0.0,2197.0,1036.0,1031.0,890.0,1042.0,373.0,331.0,338.0,345.0,342.0,344.0,367.0,331.0,338.0,754.0,724.0,719.0,373.0,331.0,338.0,345.0,342.0,344.0
0.0,2051.0,995.0,1031.0,1042.0,995.0,340.0,314.0,341.0,345.0,342.0,344.0,340.0,314.0,341.0,662.0,695.0,694.0,340.0,314.0,341.0,345.0,342.0,344.0
0.0,2098.0,1100.0,1032.0,995.0,1103.0,378.0,369.0,356.0,345.0,343.0,344.0,378.0,366.0,356.0,695.0,712.0,691.0,378.0,369.0,356.0,345.0,343.0,344.0
0.0,1993.0,1084.0,1032.0,1103.0,1084.0,376.0,371.0,337.0,345.0,343.0,344.0,376.0,371.0,337.0,657.0,660.0,676.0,376.0,371.0,337.0,345.0,343.0,344.0
0.0,2012.0,1191.0,1032.0,1084.0,1191.0,394.0,384.0,413.0,345.0,343.0,344.0,394.0,384.0,413.0,659.0,658.0,695.0,394.0,384.0,413.0,345.0,343.0,344.0
0.0,1905.0,1116.0,1032.0,1191.0,1116.0,369.0,364.0,383.0,345.0,343.0,344.0,369.0,364.0,383.0,641.0,645.0,619.0,369.0,364.0,383.0,345.0,343.0,344.0
0.0,1980.0,1026.0,1031.0,1116.0,1023.0,342.0,338.0,343.0,345.0,342.0,344.0,342.0,341.0,343.0,666.0,665.0,649.0,342.0,338.0,343.0,345.0,342.0,344.0
0.0,2070.0,1023.0,1032.0,1023.0,1026.0,333.0,349.0,344.0,345.0,343.0,344.0,333.0,346.0,344.0,693.0,688.0,689.0,333.0,349.0,344.0,345.0,343.0,344.0
0.0,2070.0,1012.0,1033.0,1026.0,1015.0,341.0,339.0,335.0,345.0,343.0,345.0,341.0,339.0,332.0,702.0,680.0,688.0,341.0,339.0,335.0,345.0,343.0,345.0
0.0,2084.0,1045.0,1035.0,1015.0,1051.0,339.0,350.0,362.0,345.0,344.0,346.0,339.0,347.0,359.0,694.0,690.0,700.0,339.0,350.0,362.0,345.0,344.0,346.0
0.0,2054.0,1058.0,1035.0,1051.0,1058.0,364.0,326.0,368.0,345.0,344.0,346.0,364.0,326.0,368.0,696.0,682.0,676.0,364.0,326.0,368.0,345.0,344.0,346.0
0.0,2047.0,1037.0,1035.0,1058.0,1037.0,376.0,327.0,334.0,346.0,343.0,346.0,373.0,330.0,334.0,671.0,706.0,670.0,376.0,327.0,334.0,346.0,343.0,346.0
0.0,2068.0,948.0,1034.0,1037.0,945.0,306.0,314.0,325.0,345.0,343.0,346.0,309.0,314.0,325.0,662.0,702.0,704.0,306.0,314.0,325.0,345.0,343.0,346.0
0.0,2157.0,1080.0,1036.0,945.0,1086.0,353.0,371.0,362.0,346.0,344.0,346.0,350.0,368.0,362.0,729.0,715.0,713.0,353.0,371.0,362.0,346.0,344.0,346.0
0.0,2022.0,965.0,1036.0,1086.0,965.0,312.0,334.0,319.0,346.0,344.0,346.0,312.0,334.0,319.0,685.0,661.0,676.0,312.0,334.0,319.0,346.0,344.0,346.0
0.0,2143.0,1232.0,1041.0,965.0,1247.0,400.0,447.0,400.0,348.0,346.0,347.0,394.0,441.0,397.0,726.0,698.0,719.0,400.0,447.0,400.0,348.0,346.0,347.0
0.0,1876.0,1129.0,1043.0,1247.0,1135.0,391.0,386.0,358.0,348.0,347.0,348.0,391.0,383.0,355.0,644.0,591.0,641.0,391.0,386.0,358.0,348.0,347.0,348.0
0.0,1994.0,1144.0,1044.0,1135.0,1147.0,383.0,391.0,373.0,348.0,348.0,348.0,383.0,388.0,373.0,653.0,655.0,686.0,383.0,391.0,373.0,348.0,348.0,348.0
0.0,1985.0,1085.0,1044.0,1147.0,1085.0,354.0,360.0,371.0,348.0,348.0,348.0,354.0,360.0,371.0,661.0,653.0,671.0,354.0,360.0,371.0,348.0,348.0,348.0
0.0,2047.0,1106.0,1044.0,1085.0,1106.0,337.0,355.0,414.0,347.0,348.0,349.0,340.0,355.0,411.0,690.0,684.0,673.0,337.0,355.0,414.0,347.0,348.0,349.0
0.0,2026.0,1073.0,1044.0,1106.0,1073.0,387.0,329.0,357.0,348.0,347.0,349.0,384.0,332.0,357.0,704.0,689.0,633.0,387.0,329.0,357.0,348.0,347.0,349.0
0.0,2059.0,1116.0,1047.0,1073.0,1125.0,386.0,356.0,383.0,350.0,347.0,350.0,380.0,356.0,380.0,657.0,712.0,690.0,386.0,356.0,383.0,350.0,347.0,350.0
0.0,2016.0,1018.0,1050.0,1125.0,1027.0,350.0,326.0,351.0,351.0,348.0,351.0,347.0,323.0,348.0,664.0,685.0,667.0,350.0,326.0,351.0,351.0,348.0,351.0
0.0,2123.0,990.0,1051.0,1027.0,993.0,342.0,336.0,315.0,351.0,349.0,351.0,342.0,333.0,315.0,703.0,718.0,702.0,342.0,336.0,315.0,351.0,349.0,351.0
0.0,2160.0,1156.0,1055.0,993.0,1168.0,375.0,407.0,386.0,353.0,350.0,352.0,369.0,404.0,383.0,711.0,711.0,738.0,375.0,407.0,386.0,353.0,350.0,352.0
0.0,1997.0,1048.0,1056.0,1168.0,1051.0,301.0,370.0,380.0,352.0,351.0,353.0,304.0,367.0,377.0,684.0,643.0,670.0,301.0,370.0,380.0,352.0,351.0,353.0
0.0,2117.0,1118.0,1057.0,1051.0,1121.0,353.0,402.0,366.0,352.0,352.0,353.0,353.0,399.0,366.0,755.0,683.0,679.0,353.0,402.0,366.0,352.0,352.0,353.0
0.0,2050.0,1026.0,1057.0,1121.0,1026.0,335.0,339.0,352.0,352.0,352.0,353.0,335.0,339.0,352.0,703.0,654.0,693.0,335.0,339.0,352.0,352.0,352.0,353.0
0.0,2145.0,1093.0,1057.0,1026.0,1093.0,367.0,367.0,359.0,352.0,352.0,353.0,367.0,367.0,359.0,721.0,717.0,707.0,367.0,367.0,359.0,352.0,352.0,353.0
0.0,2078.0,1117.0,1058.0,1093.0,1120.0,391.0,374.0,355.0,353.0,352.0,353.0,388.0,374.0,355.0,689.0,689.0,700.0,391.0,374.0,355.0,353.0,352.0,353.0
0.0,2054.0,1160.0,1057.0,1120.0,1157.0,404.0,355.0,398.0,353.0,351.0,353.0,404.0,358.0,398.0,668.0,682.0,704.0,404.0,355.0,398.0,353.0,351.0,353.0
0.0,2014.0,1113.0,1059.0,1157.0,1119.0,369.0,362.0,388.0,354.0,351.0,354.0,366.0,362.0,385.0,655.0,698.0,661.0,369.0,362.0,388.0,354.0,351.0,354.0
0.0,2058.0,1071.0,1061.0,1119.0,1077.0,335.0,356.0,386.0,355.0,351.0,355.0,332.0,356.0,383.0,693.0,691.0,674.0,335.0,356.0,386.0,355.0,351.0,355.0
0.0,2106.0,1231.0,1067.0,1077.0,1249.0,401.0,414.0,434.0,356.0,353.0,358.0,398.0,408.0,425.0,730.0,697.0,679.0,401.0,414.0,434.0,356.0,353.0,358.0
0.0,1952.0,1136.0,1067.0,1249.0,1136.0,382.0,391.0,363.0,356.0,353.0,358.0,382.0,391.0,363.0,667.0,645.0,640.0,382.0,391.0,363.0,356.0,353.0,358.0
0.0,2065.0,1096.0,1071.0,1136.0,1108.0,374.0,368.0,366.0,357.0,355.0,359.0,371.0,362.0,363.0,686.0,668.0,711.0,374.0,368.0,366.0,357.0,355.0,359.0
0.0,2105.0,920.0,1070.0,1108.0,917.0,330.0,305.0,282.0,357.0,355.0,358.0,330.0,305.0,285.0,697.0,697.0,711.0,330.0,305.0,282.0,357.0,355.0,358.0
0.0,2293.0,996.0,1071.0,917.0,999.0,339.0,337.0,323.0,357.0,356.0,358.0,339.0,334.0,323.0,741.0,760.0,792.0,339.0,337.0,323.0,357.0,356.0,358.0
0.0,2214.0,1087.0,1073.0,999.0,1093.0,361.0,398.0,334.0,358.0,357.0,358.0,358.0,395.0,334.0,732.0,731.0,751.0,361.0,398.0,334.0,358.0,357.0,358.0
0.0,2126.0,1015.0,1070.0,1093.0,1006.0,322.0,337.0,347.0,357.0,356.0,357.0,325.0,340.0,350.0,713.0,673.0,740.0,322.0,337.0,347.0,357.0,356.0,357.0
0.0,2204.0,1111.0,1070.0,1006.0,1111.0,380.0,361.0,370.0,357.0,356.0,357.0,380.0,361.0,370.0,749.0,731.0,724.0,380.0,361.0,370.0,357.0,356.0,357.0
0.0,2099.0,1040.0,1068.0,1111.0,1034.0,380.0,356.0,298.0,357.0,355.0,356.0,380.0,359.0,301.0,691.0,707.0,701.0,380.0,356.0,298.0,357.0,355.0,356.0
0.0,2170.0,1136.0,1070.0,1034.0,1142.0,389.0,381.0,372.0,358.0,356.0,356.0,386.0,378.0,372.0,691.0,709.0,770.0,389.0,381.0,372.0,358.0,356.0,356.0
0.0,2068.0,1124.0,1070.0,1142.0,1124.0,395.0,359.0,370.0,358.0,356.0,356.0,395.0,359.0,370.0,685.0,687.0,696.0,395.0,359.0,370.0,358.0,356.0,356.0
0.0,2086.0,1144.0,1072.0,1124.0,1150.0,320.0,398.0,432.0,357.0,357.0,358.0,323.0,395.0,426.0,679.0,709.0,698.0,320.0,398.0,432.0,357.0,357.0,358.0
0.0,2066.0,1177.0,1076.0,1150.0,1189.0,388.0,382.0,419.0,358.0,358.0,360.0,385.0,379.0,413.0,751.0,673.0,642.0,388.0,382.0,419.0,358.0,358.0,360.0
0.0,2039.0,1184.0,1080.0,1189.0,1196.0,392.0,383.0,421.0,359.0,359.0,362.0,389.0,380.0,415.0,686.0,692.0,661.0,392.0,383.0,421.0,359.0,359.0,362.0
0.0,2044.0,1120.0,1079.0,1196.0,1117.0,384.0,345.0,388.0,359.0,358.0,362.0,384.0,348.0,388.0,685.0,694.0,665.0,384.0,345.0,388.0,359.0,358.0,362.0
0.0,2120.0,1058.0,1079.0,1117.0,1058.0,356.0,354.0,348.0,359.0,358.0,362.0,356.0,354.0,348.0,693.0,729.0,698.0,356.0,354.0,348.0,359.0,358.0,362.0
0.0,2179.0,1053.0,1078.0,1058.0,1050.0,357.0,363.0,330.0,359.0,358.0,361.0,357.0,363.0,333.0,721.0,720.0,738.0,357.0,363.0,330.0,359.0,358.0,361.0
0.0,2184.0,1099.0,1080.0,1050.0,1105.0,365.0,382.0,358.0,360.0,359.0,361.0,362.0,379.0,358.0,720.0,711.0,753.0,365.0,382.0,358.0,360.0,359.0,361.0
0.0,2135.0,1119.0,1084.0,1105.0,1131.0,355.0,406.0,370.0,361.0,361.0,362.0,352.0,400.0,367.0,715.0,695.0,725.0,355.0,406.0,370.0,361.0,361.0,362.0
0.0,2121.0,1085.0,1086.0,1131.0,1091.0,348.0,370.0,373.0,361.0,362.0,363.0,348.0,367.0,370.0,728.0,677.0,716.0,348.0,370.0,373.0,361.0,362.0,363.0
0.0,2167.0,1217.0,1089.0,1091.0,1226.0,416.0,387.0,423.0,362.0,363.0,364.0,413.0,384.0,420.0,735.0,716.0,716.0,416.0,387.0,423.0,362.0,363.0,364.0
0.0,2041.0,1041.0,1088.0,1226.0,1038.0,353.0,339.0,346.0,362.0,362.0,364.0,353.0,342.0,346.0,670.0,702.0,669.0,353.0,339.0,346.0,362.0,362.0,364.0
0.0,2226.0,1242.0,1091.0,1038.0,1251.0,433.0,399.0,419.0,363.0,363.0,365.0,430.0,396.0,416.0,733.0,747.0,746.0,433.0,399.0,419.0,363.0,363.0,365.0
0.0,2022.0,1220.0,1091.0,1251.0,1220.0,410.0,403.0,407.0,363.0,363.0,365.0,410.0,403.0,407.0,656.0,690.0,676.0,410.0,403.0,407.0,363.0,363.0,365.0
0.0,2053.0,1166.0,1093.0,1220.0,1172.0,372.0,402.0,398.0,363.0,364.0,366.0,372.0,399.0,395.0,679.0,686.0,688.0,372.0,402.0,398.0,363.0,364.0,366.0
0.0,2107.0,1139.0,1094.0,1172.0,1142.0,363.0,389.0,390.0,363.0,365.0,366.0,363.0,386.0,390.0,717.0,690.0,700.0,363.0,389.0,390.0,363.0,365.0,366.0
0.0,2140.0,1106.0,1096.0,1142.0,1112.0,347.0,380.0,385.0,364.0,365.0,367.0,344.0,380.0,382.0,726.0,706.0,708.0,347.0,380.0,385.0,364.0,365.0,367.0
0.0,2176.0,1063.0,1097.0,1112.0,1066.0,366.0,379.0,321.0,364.0,366.0,367.0,366.0,376.0,321.0,745.0,715.0,716.0,366.0,379.0,321.0,364.0,366.0,367.0
0.0,2225.0,1189.0,1100.0,1066.0,1198.0,422.0,400.0,376.0,366.0,367.0,367.0,416.0,397.0,376.0,726.0,719.0,780.0,422.0,400.0,376.0,366.0,367.0,367.0
0.0,2102.0,1035.0,1099.0,1198.0,1032.0,354.0,358.0,320.0,365.0,368.0,366.0,357.0,355.0,323.0,676.0,701.0,725.0,354.0,358.0,320.0,365.0,368.0,366.0
0.0,2265.0,1038.0,1099.0,1032.0,1038.0,344.0,366.0,328.0,365.0,368.0,366.0,344.0,366.0,328.0,741.0,746.0,778.0,344.0,366.0,328.0,365.0,368.0,366.0
0.0,2259.0,1038.0,1101.0,1038.0,1044.0,337.0,361.0,346.0,365.0,369.0,367.0,337.0,358.0,343.0,751.0,738.0,770.0,337.0,361.0,346.0,365.0,369.0,367.0
0.0,2259.0,1145.0,1102.0,1044.0,1148.0,385.0,374.0,389.0,366.0,369.0,367.0,382.0,374.0,389.0,758.0,746.0,755.0,385.0,374.0,389.0,366.0,369.0,367.0
0.0,2158.0,1150.0,1106.0,1148.0,1162.0,376.0,366.0,420.0,367.0,370.0,369.0,373.0,363.0,414.0,713.0,733.0,712.0,376.0,366.0,420.0,367.0,370.0,369.0
0.0,2156.0,1153.0,1105.0,1162.0,1150.0,400.0,369.0,381.0,367.0,369.0,369.0,400.0,372.0,381.0,725.0,744.0,687.0,400.0,369.0,381.0,367.0,369.0,369.0
0.0,2165.0,1232.0,1107.0,1150.0,1238.0,414.0,414.0,410.0,368.0,369.0,370.0,411.0,414.0,407.0,701.0,738.0,726.0,414.0,414.0,410.0,368.0,369.0,370.0
0.0,2083.0,1239.0,1108.0,1238.0,1242.0,426.0,393.0,423.0,368.0,369.0,371.0,426.0,393.0,420.0,690.0,693.0,700.0,426.0,393.0,423.0,368.0,369.0,371.0
0.0,2082.0,1280.0,1112.0,1242.0,1292.0,404.0,447.0,441.0,369.0,371.0,372.0,401.0,441.0,438.0,678.0,714.0,690.0,404.0,447.0,441.0,369.0,371.0,372.0
0.0,2044.0,1230.0,1115.0,1292.0,1239.0,411.0,433.0,395.0,371.0,372.0,372.0,405.0,430.0,395.0,703.0,666.0,675.0,411.0,433.0,395.0,371.0,372.0,372.0
0.0,2106.0,1065.0,1115.0,1239.0,1065.0,345.0,364.0,356.0,370.0,373.0,372.0,348.0,361.0,356.0,702.0,683.0,721.0,345.0,364.0,356.0,370.0,373.0,372.0
0.0,2280.0,1234.0,1117.0,1065.0,1240.0,435.0,410.0,395.0,371.0,374.0,372.0,432.0,407.0,395.0,765.0,755.0,760.0,435.0,410.0,395.0,371.0,374.0,372.0
0.0,2111.0,1151.0,1119.0,1240.0,1157.0,403.0,376.0,378.0,372.0,375.0,372.0,400.0,373.0,378.0,678.0,712.0,721.0,403.0,376.0,378.0,372.0,375.0,372.0
0.0,2200.0,1115.0,1122.0,1157.0,1124.0,396.0,349.0,379.0,373.0,375.0,374.0,393.0,349.0,373.0,713.0,749.0,738.0,396.0,349.0,379.0,373.0,375.0,374.0
0.0,2242.0,1139.0,1121.0,1124.0,1136.0,369.0,398.0,369.0,373.0,375.0,373.0,369.0,398.0,372.0,723.0,776.0,743.0,369.0,398.0,369.0,373.0,375.0,373.0
0.0,2227.0,1122.0,1122.0,1136.0,1125.0,368.0,386.0,371.0,374.0,375.0,373.0,365.0,386.0,371.0,750.0,727.0,750.0,368.0,386.0,371.0,374.0,375.0,373.0
0.0,2241.0,1070.0,1122.0,1125.0,1070.0,330.0,354.0,386.0,374.0,374.0,374.0,330.0,357.0,383.0,754.0,739.0,748.0,330.0,354.0,386.0,374.0,374.0,374.0
0.0,2296.0,1232.0,1126.0,1070.0,1244.0,403.0,436.0,405.0,375.0,376.0,375.0,400.0,430.0,402.0,792.0,768.0,736.0,403.0,436.0,405.0,375.0,376.0,375.0
0.0,2134.0,1149.0,1127.0,1244.0,1152.0,371.0,394.0,387.0,375.0,377.0,375.0,371.0,391.0,387.0,722.0,692.0,720.0,371.0,394.0,387.0,375.0,377.0,375.0
0.0,2229.0,1249.0,1129.0,1152.0,1255.0,408.0,396.0,451.0,375.0,377.0,377.0,408.0,396.0,445.0,754.0,737.0,738.0,408.0,396.0,451.0,375.0,377.0,377.0
0.0,2132.0,1282.0,1132.0,1255.0,1291.0,427.0,419.0,445.0,376.0,378.0,378.0,424.0,416.0,442.0,717.0,735.0,680.0,427.0,419.0,445.0,376.0,378.0,378.0
0.0,2105.0,1184.0,1134.0,1291.0,1190.0,409.0,395.0,386.0,377.0,379.0,378.0,406.0,392.0,386.0,701.0,715.0,689.0,409.0,395.0,386.0,377.0,379.0,378.0
0.0,2212.0,1169.0,1136.0,1190.0,1175.0,397.0,400.0,378.0,378.0,380.0,378.0,394.0,397.0,378.0,722.0,742.0,748.0,397.0,400.0,378.0,378.0,380.0,378.0
0.0,2233.0,1068.0,1132.0,1175.0,1056.0,360.0,319.0,377.0,377.0,378.0,377.0,363.0,325.0,380.0,737.0,740.0,756.0,360.0,319.0,377.0,377.0,378.0,377.0
0.0,2340.0,1118.0,1132.0,1056.0,1118.0,358.0,379.0,381.0,377.0,378.0,377.0,358.0,379.0,381.0,771.0,815.0,754.0,358.0,379.0,381.0,377.0,378.0,377.0
0.0,2278.0,1211.0,1134.0,1118.0,1217.0,410.0,413.0,394.0,377.0,379.0,378.0,410.0,410.0,391.0,773.0,755.0,750.0,410.0,413.0,394.0,377.0,379.0,378.0
0.0,2185.0,1146.0,1137.0,1217.0,1155.0,391.0,394.0,370.0,378.0,380.0,379.0,388.0,391.0,367.0,721.0,724.0,740.0,391.0,394.0,370.0,378.0,380.0,379.0
0.0,2256.0,1254.0,1143.0,1155.0,1272.0,423.0,419.0,430.0,380.0,382.0,381.0,417.0,413.0,424.0,743.0,746.0,767.0,423.0,419.0,430.0,380.0,382.0,381.0
0.0,2157.0,1199.0,1145.0,1272.0,1205.0,399.0,403.0,403.0,381.0,382.0,382.0,396.0,403.0,400.0,717.0,727.0,713.0,399.0,403.0,403.0,381.0,382.0,382.0
0.0,2230.0,1122.0,1147.0,1205.0,1128.0,343.0,364.0,421.0,381.0,382.0,384.0,343.0,364.0,415.0,744.0,743.0,743.0,343.0,364.0,421.0,381.0,382.0,384.0
0.0,2313.0,1187.0,1148.0,1128.0,1190.0,431.0,357.0,402.0,382.0,382.0,384.0,428.0,357.0,402.0,800.0,782.0,731.0,431.0,357.0,402.0,382.0,382.0,384.0
0.0,2254.0,1167.0,1151.0,1190.0,1176.0,393.0,387.0,396.0,382.0,383.0,386.0,393.0,384.0,390.0,715.0,789.0,750.0,393.0,387.0,396.0,382.0,383.0,386.0
0.0,2277.0,1229.0,1153.0,1176.0,1235.0,415.0,403.0,417.0,383.0,383.0,387.0,412.0,403.0,414.0,753.0,762.0,762.0,415.0,403.0,417.0,383.0,383.0,387.0
0.0,2224.0,1310.0,1157.0,1235.0,1322.0,455.0,440.0,427.0,384.0,385.0,388.0,452.0,434.0,424.0,734.0,746.0,744.0,455.0,440.0,427.0,384.0,385.0,388.0
0.0,2149.0,1068.0,1155.0,1322.0,1062.0,356.0,399.0,307.0,384.0,385.0,386.0,356.0,399.0,313.0,697.0,715.0,737.0,356.0,399.0,307.0,384.0,385.0,386.0
0.0,2403.0,1272.0,1157.0,1062.0,1278.0,407.0,456.0,415.0,385.0,386.0,386.0,404.0,453.0,415.0,796.0,756.0,851.0,407.0,456.0,415.0,385.0,386.0,386.0
0.0,2193.0,1136.0,1157.0,1278.0,1136.0,378.0,397.0,361.0,385.0,387.0,385.0,378.0,394.0,364.0,748.0,702.0,743.0,378.0,397.0,361.0,385.0,387.0,385.0
0.0,2335.0,1257.0,1159.0,1136.0,1263.0,448.0,412.0,403.0,386.0,388.0,385.0,445.0,409.0,403.0,777.0,764.0,794.0,448.0,412.0,403.0,386.0,388.0,385.0
0.0,2214.0,1209.0,1161.0,1263.0,1215.0,436.0,378.0,401.0,387.0,388.0,386.0,433.0,378.0,398.0,710.0,752.0,752.0,436.0,378.0,401.0,387.0,388.0,386.0
0.0,2268.0,1098.0,1163.0,1215.0,1104.0,380.0,352.0,372.0,388.0,388.0,387.0,377.0,352.0,369.0,725.0,786.0,757.0,380.0,352.0,372.0,388.0,388.0,387.0
0.0,2385.0,1232.0,1165.0,1104.0,1238.0,436.0,383.0,419.0,389.0,388.0,388.0,433.0,383.0,416.0,784.0,812.0,789.0,436.0,383.0,419.0,389.0,388.0,388.0
0.0,2257.0,1179.0,1166.0,1238.0,1182.0,388.0,408.0,386.0,390.0,388.0,388.0,385.0,408.0,386.0,731.0,781.0,745.0,388.0,408.0,386.0,390.0,388.0,388.0
0.0,2316.0,1244.0,1168.0,1182.0,1250.0,391.0,417.0,442.0,390.0,389.0,389.0,391.0,414.0,439.0,782.0,756.0,778.0,391.0,417.0,442.0,390.0,389.0,389.0
0.0,2254.0,1208.0,1169.0,1250.0,1211.0,390.0,418.0,403.0,390.0,390.0,389.0,390.0,415.0,403.0,779.0,750.0,725.0,390.0,418.0,403.0,390.0,390.0,389.0
0.0,2296.0,1271.0,1173.0,1211.0,1283.0,415.0,434.0,434.0,391.0,391.0,391.0,412.0,431.0,428.0,780.0,752.0,764.0,415.0,434.0,434.0,391.0,391.0,391.0
0.0,2236.0,1291.0,1173.0,1283.0,1291.0,441.0,446.0,404.0,391.0,392.0,390.0,441.0,443.0,407.0,758.0,739.0,739.0,441.0,446.0,404.0,391.0,392.0,390.0
0.0,2228.0,1251.0,1175.0,1291.0,1257.0,420.0,445.0,392.0,392.0,393.0,390.0,417.0,442.0,392.0,732.0,730.0,766.0,420.0,445.0,392.0,392.0,393.0,390.0
0.0,2268.0,1250.0,1176.0,1257.0,1253.0,399.0,408.0,446.0,392.0,393.0,391.0,399.0,408.0,443.0,756.0,734.0,778.0,399.0,408.0,446.0,392.0,393.0,391.0
0.0,2275.0,1178.0,1178.0,1253.0,1184.0,402.0,402.0,380.0,393.0,394.0,391.0,399.0,399.0,380.0,777.0,771.0,727.0,402.0,402.0,380.0,393.0,394.0,391.0
0.0,2350.0,1189.0,1179.0,1184.0,1192.0,397.0,430.0,365.0,394.0,394.0,391.0,394.0,430.0,365.0,777.0,780.0,793.0,397.0,430.0,365.0,394.0,394.0,391.0
0.0,2345.0,1125.0,1180.0,1192.0,1128.0,398.0,351.0,379.0,394.0,394.0,392.0,398.0,351.0,376.0,785.0,752.0,808.0,398.0,351.0,379.0,394.0,394.0,392.0
0.0,2412.0,1217.0,1180.0,1128.0,1217.0,422.0,394.0,401.0,394.0,394.0,392.0,422.0,394.0,401.0,784.0,831.0,797.0,422.0,394.0,401.0,394.0,394.0,392.0
0.0,2323.0,1206.0,1184.0,1217.0,1218.0,413.0,393.0,412.0,395.0,395.0,394.0,410.0,390.0,406.0,760.0,788.0,775.0,413.0,393.0,412.0,395.0,395.0,394.0
0.0,2334.0,1103.0,1185.0,1218.0,1106.0,355.0,388.0,363.0,396.0,395.0,394.0,352.0,388.0,363.0,772.0,792.0,770.0,355.0,388.0,363.0,396.0,395.0,394.0
0.0,2449.0,1247.0,1188.0,1106.0,1256.0,384.0,425.0,447.0,396.0,396.0,396.0,384.0,422.0,441.0,833.0,797.0,819.0,384.0,425.0,447.0,396.0,396.0,396.0
0.0,2308.0,1263.0,1191.0,1256.0,1272.0,419.0,408.0,445.0,397.0,397.0,397.0,416.0,405.0,442.0,804.0,763.0,741.0,419.0,408.0,445.0,397.0,397.0,397.0
0.0,2301.0,1322.0,1194.0,1272.0,1331.0,419.0,448.0,464.0,398.0,398.0,398.0,416.0,445.0,461.0,772.0,783.0,746.0,419.0,448.0,464.0,398.0,398.0,398.0
0.0,2251.0,1196.0,1195.0,1331.0,1199.0,412.0,375.0,412.0,398.0,398.0,399.0,412.0,375.0,409.0,775.0,746.0,730.0,412.0,375.0,412.0,398.0,398.0,399.0
0.0,2386.0,1316.0,1197.0,1199.0,1322.0,468.0,424.0,430.0,399.0,399.0,399.0,465.0,421.0,430.0,782.0,819.0,785.0,468.0,424.0,430.0,399.0,399.0,399.0
0.0,2269.0,1275.0,1197.0,1322.0,1275.0,422.0,425.0,428.0,399.0,399.0,399.0,422.0,425.0,428.0,729.0,773.0,767.0,422.0,425.0,428.0,399.0,399.0,399.0
0.0,2316.0,1310.0,1198.0,1275.0,1313.0,403.0,448.0,462.0,399.0,399.0,400.0,403.0,448.0,459.0,775.0,772.0,769.0,403.0,448.0,462.0,399.0,399.0,400.0
0.0,2281.0,1290.0,1199.0,1313.0,1293.0,406.0,459.0,428.0,399.0,400.0,400.0,406.0,456.0,428.0,794.0,749.0,738.0,406.0,459.0,428.0,399.0,400.0,400.0
0.0,2304.0,1333.0,1205.0,1293.0,1351.0,437.0,463.0,451.0,401.0,402.0,402.0,431.0,457.0,445.0,791.0,741.0,772.0,437.0,463.0,451.0,401.0,402.0,402.0
0.0,2264.0,1351.0,1207.0,1351.0,1357.0,427.0,469.0,461.0,401.0,403.0,403.0,427.0,466.0,458.0,766.0,743.0,755.0,427.0,469.0,461.0,401.0,403.0,403.0
0.0,2264.0,1216.0,1209.0,1357.0,1222.0,417.0,412.0,393.0,401.0,404.0,404.0,417.0,409.0,390.0,776.0,740.0,748.0,417.0,412.0,393.0,401.0,404.0,404.0
0.0,2405.0,1318.0,1212.0,1222.0,1327.0,436.0,449.0,442.0,402.0,405.0,405.0,433.0,446.0,439.0,786.0,800.0,819.0,436.0,449.0,442.0,402.0,405.0,405.0
0.0,2309.0,1164.0,1213.0,1327.0,1167.0,389.0,365.0,413.0,402.0,405.0,406.0,389.0,365.0,410.0,770.0,766.0,773.0,389.0,365.0,413.0,402.0,405.0,406.0
0.0,2472.0,1225.0,1214.0,1167.0,1228.0,394.0,422.0,412.0,403.0,405.0,406.0,391.0,422.0,412.0,817.0,850.0,805.0,394.0,422.0,412.0,403.0,405.0,406.0
0.0,2414.0,1172.0,1217.0,1228.0,1181.0,388.0,395.0,398.0,404.0,406.0,407.0,385.0,392.0,395.0,815.0,793.0,806.0,388.0,395.0,398.0,404.0,406.0,407.0
0.0,2470.0,1242.0,1217.0,1181.0,1242.0,414.0,413.0,415.0,404.0,406.0,407.0,414.0,413.0,415.0,824.0,823.0,823.0,414.0,413.0,415.0,404.0,406.0,407.0
0.0,2409.0,1272.0,1219.0,1242.0,1278.0,427.0,436.0,415.0,405.0,407.0,407.0,424.0,433.0,415.0,798.0,805.0,806.0,427.0,436.0,415.0,405.0,407.0,407.0
0.0,2379.0,1276.0,1220.0,1278.0,1279.0,437.0,433.0,409.0,406.0,407.0,407.0,434.0,433.0,409.0,788.0,785.0,806.0,437.0,433.0,409.0,406.0,407.0,407.0
0.0,2381.0,1277.0,1220.0,1279.0,1277.0,430.0,410.0,437.0,406.0,407.0,407.0,430.0,410.0,437.0,781.0,788.0,812.0,430.0,410.0,437.0,406.0,407.0,407.0
0.0,2383.0,1280.0,1221.0,1277.0,1283.0,432.0,431.0,420.0,406.0,408.0,407.0,432.0,428.0,420.0,788.0,811.0,784.0,432.0,431.0,420.0,406.0,408.0,407.0
0.0,2380.0,1348.0,1225.0,1283.0,1360.0,442.0,445.0,473.0,407.0,409.0,409.0,439.0,442.0,467.0,786.0,793.0,801.0,442.0,445.0,473.0,407.0,409.0,409.0
0.0,2315.0,1278.0,1229.0,1360.0,1290.0,458.0,410.0,422.0,409.0,410.0,410.0,452.0,407.0,419.0,779.0,782.0,754.0,458.0,410.0,422.0,409.0,410.0,410.0
0.0,2397.0,1167.0,1229.0,1290.0,1167.0,375.0,376.0,416.0,409.0,410.0,410.0,375.0,376.0,416.0,769.0,820.0,808.0,375.0,376.0,416.0,409.0,410.0,410.0
0.0,2520.0,1176.0,1229.0,1167.0,1176.0,412.0,376.0,388.0,409.0,410.0,410.0,412.0,376.0,388.0,852.0,854.0,814.0,412.0,376.0,388.0,409.0,410.0,410.0
0.0,2511.0,1189.0,1230.0,1176.0,1192.0,400.0,392.0,400.0,409.0,410.0,411.0,400.0,392.0,397.0,815.0,854.0,842.0,400.0,392.0,400.0,409.0,410.0,411.0
0.0,2498.0,1189.0,1228.0,1192.0,1183.0,390.0,398.0,395.0,409.0,409.0,410.0,390.0,401.0,398.0,827.0,838.0,833.0,390.0,398.0,395.0,409.0,409.0,410.0
0.0,2501.0,1164.0,1227.0,1183.0,1161.0,370.0,401.0,390.0,408.0,409.0,410.0,373.0,401.0,390.0,837.0,829.0,835.0,370.0,401.0,390.0,408.0,409.0,410.0
0.0,2520.0,1129.0,1228.0,1161.0,1132.0,362.0,412.0,358.0,409.0,410.0,409.0,359.0,409.0,361.0,854.0,826.0,840.0,362.0,412.0,358.0,409.0,410.0,409.0
0.0,2552.0,1340.0,1232.0,1132.0,1352.0,478.0,449.0,425.0,410.0,412.0,410.0,475.0,443.0,422.0,865.0,818.0,869.0,478.0,449.0,425.0,410.0,412.0,410.0
0.0,2344.0,1253.0,1232.0,1352.0,1253.0,420.0,404.0,429.0,410.0,412.0,410.0,420.0,404.0,429.0,752.0,787.0,805.0,420.0,404.0,429.0,410.0,412.0,410.0
0.0,2443.0,1430.0,1237.0,1253.0,1445.0,498.0,475.0,472.0,412.0,414.0,411.0,492.0,469.0,469.0,810.0,832.0,801.0,498.0,475.0,472.0,412.0,414.0,411.0
0.0,2266.0,1384.0,1238.0,1445.0,1387.0,463.0,456.0,468.0,412.0,414.0,412.0,463.0,456.0,465.0,738.0,767.0,761.0,463.0,456.0,468.0,412.0,414.0,412.0
0.0,2327.0,1271.0,1242.0,1387.0,1283.0,435.0,394.0,454.0,413.0,414.0,415.0,432.0,394.0,445.0,773.0,786.0,768.0,435.0,394.0,454.0,413.0,414.0,415.0
0.0,2443.0,1359.0,1244.0,1283.0,1365.0,423.0,462.0,480.0,414.0,414.0,416.0,420.0,462.0,477.0,804.0,848.0,791.0,423.0,462.0,480.0,414.0,414.0,416.0
0.0,2367.0,1285.0,1247.0,1365.0,1294.0,428.0,429.0,437.0,415.0,415.0,417.0,425.0,426.0,434.0,819.0,780.0,768.0,428.0,429.0,437.0,415.0,415.0,417.0
0.0,2447.0,1301.0,1247.0,1294.0,1301.0,427.0,423.0,451.0,414.0,415.0,418.0,430.0,423.0,448.0,817.0,816.0,814.0,427.0,423.0,451.0,414.0,415.0,418.0
0.0,2440.0,1262.0,1248.0,1301.0,1265.0,443.0,429.0,393.0,414.0,416.0,418.0,443.0,426.0,393.0,815.0,822.0,803.0,443.0,429.0,393.0,414.0,416.0,418.0
0.0,2479.0,1225.0,1251.0,1265.0,1234.0,425.0,402.0,407.0,415.0,417.0,419.0,422.0,399.0,404.0,799.0,819.0,861.0,425.0,402.0,407.0,415.0,417.0,419.0
0.0,2519.0,1204.0,1250.0,1234.0,1201.0,363.0,400.0,438.0,414.0,417.0,419.0,366.0,400.0,438.0,820.0,849.0,850.0,363.0,400.0,438.0,414.0,417.0,419.0
0.0,2549.0,1155.0,1249.0,1201.0,1152.0,386.0,368.0,398.0,414.0,416.0,419.0,386.0,371.0,398.0,879.0,851.0,819.0,386.0,368.0,398.0,414.0,416.0,419.0
0.0,2595.0,1195.0,1249.0,1152.0,1195.0,421.0,382.0,392.0,415.0,416.0,418.0,418.0,382.0,395.0,856.0,880.0,859.0,421.0,382.0,392.0,415.0,416.0,418.0
0.0,2552.0,1204.0,1249.0,1195.0,1204.0,399.0,392.0,413.0,415.0,415.0,419.0,399.0,395.0,410.0,824.0,866.0,862.0,399.0,392.0,413.0,415.0,415.0,419.0
0.0,2543.0,1297.0,1249.0,1204.0,1297.0,449.0,419.0,429.0,415.0,415.0,419.0,449.0,419.0,429.0,846.0,853.0,844.0,449.0,419.0,429.0,415.0,415.0,419.0
0.0,2450.0,1477.0,1252.0,1297.0,1486.0,499.0,497.0,490.0,416.0,416.0,420.0,496.0,494.0,487.0,796.0,826.0,828.0,499.0,497.0,490.0,416.0,416.0,420.0
0.0,2270.0,1420.0,1256.0,1486.0,1432.0,461.0,503.0,468.0,417.0,417.0,422.0,458.0,500.0,462.0,749.0,751.0,770.0,461.0,503.0,468.0,417.0,417.0,422.0
0.0,2336.0,1346.0,1258.0,1432.0,1352.0,418.0,470.0,464.0,418.0,418.0,422.0,415.0,467.0,464.0,790.0,748.0,798.0,418.0,470.0,464.0,418.0,418.0,422.0
0.0,2422.0,1289.0,1260.0,1352.0,1295.0,430.0,439.0,426.0,418.0,419.0,423.0,430.0,436.0,423.0,836.0,784.0,802.0,430.0,439.0,426.0,418.0,419.0,423.0
0.0,2485.0,1316.0,1262.0,1295.0,1322.0,451.0,415.0,456.0,419.0,419.0,424.0,448.0,415.0,453.0,824.0,818.0,843.0,451.0,415.0,456.0,419.0,419.0,424.0
0.0,2464.0,1247.0,1265.0,1322.0,1256.0,427.0,404.0,425.0,420.0,420.0,425.0,424.0,401.0,422.0,806.0,842.0,816.0,427.0,404.0,425.0,420.0,420.0,425.0
0.0,2539.0,1349.0,1267.0,1256.0,1355.0,489.0,423.0,443.0,421.0,420.0,426.0,486.0,423.0,440.0,833.0,856.0,850.0,489.0,423.0,443.0,421.0,420.0,426.0
0.0,2446.0,1219.0,1268.0,1355.0,1222.0,418.0,420.0,384.0,421.0,421.0,426.0,418.0,417.0,384.0,774.0,837.0,835.0,418.0,420.0,384.0,421.0,421.0,426.0
0.0,2582.0,1231.0,1271.0,1222.0,1240.0,397.0,426.0,417.0,422.0,422.0,427.0,394.0,423.0,414.0,845.0,843.0,894.0,397.0,426.0,417.0,422.0,422.0,427.0
0.0,2573.0,1326.0,1272.0,1240.0,1329.0,435.0,454.0,440.0,423.0,422.0,427.0,432.0,454.0,440.0,869.0,840.0,864.0,435.0,454.0,440.0,423.0,422.0,427.0
0.0,2487.0,1298.0,1272.0,1329.0,1298.0,436.0,447.0,415.0,423.0,423.0,426.0,436.0,444.0,418.0,834.0,812.0,841.0,436.0,447.0,415.0,423.0,423.0,426.0
0.0,2518.0,1262.0,1271.0,1298.0,1259.0,407.0,420.0,432.0,423.0,422.0,426.0,407.0,423.0,432.0,833.0,822.0,863.0,407.0,420.0,432.0,423.0,422.0,426.0
0.0,2554.0,1361.0,1274.0,1259.0,1370.0,489.0,434.0,447.0,424.0,424.0,426.0,486.0,428.0,447.0,862.0,846.0,846.0,489.0,434.0,447.0,424.0,424.0,426.0
0.0,2452.0,1345.0,1275.0,1370.0,1348.0,446.0,428.0,474.0,424.0,424.0,427.0,446.0,428.0,471.0,783.0,838.0,831.0,446.0,428.0,474.0,424.0,424.0,427.0
0.0,2477.0,1369.0,1277.0,1348.0,1375.0,474.0,439.0,462.0,425.0,424.0,428.0,471.0,439.0,459.0,826.0,844.0,807.0,474.0,439.0,462.0,425.0,424.0,428.0
0.0,2456.0,1418.0,1278.0,1375.0,1421.0,476.0,462.0,483.0,426.0,424.0,428.0,473.0,462.0,483.0,801.0,833.0,822.0,476.0,462.0,483.0,426.0,424.0,428.0
0.0,2413.0,1406.0,1280.0,1421.0,1412.0,465.0,464.0,483.0,427.0,424.0,429.0,462.0,464.0,480.0,802.0,810.0,801.0,465.0,464.0,483.0,427.0,424.0,429.0
0.0,2428.0,1378.0,1281.0,1412.0,1381.0,473.0,461.0,447.0,428.0,424.0,429.0,470.0,461.0,447.0,816.0,808.0,804.0,473.0,461.0,447.0,428.0,424.0,429.0
0.0,2462.0,1230.0,1279.0,1381.0,1224.0,385.0,440.0,399.0,427.0,424.0,428.0,388.0,440.0,402.0,811.0,811.0,840.0,385.0,440.0,399.0,427.0,424.0,428.0
0.0,2613.0,1308.0,1281.0,1224.0,1314.0,459.0,436.0,419.0,428.0,424.0,429.0,456.0,436.0,416.0,896.0,832.0,885.0,459.0,436.0,419.0,428.0,424.0,429.0
0.0,2529.0,1219.0,1280.0,1314.0,1216.0,419.0,419.0,378.0,428.0,424.0,428.0,419.0,419.0,381.0,825.0,836.0,868.0,419.0,419.0,378.0,428.0,424.0,428.0
0.0,2624.0,1119.0,1278.0,1216.0,1113.0,351.0,373.0,389.0,427.0,424.0,427.0,354.0,373.0,392.0,865.0,853.0,906.0,351.0,373.0,389.0,427.0,424.0,427.0
0.0,2721.0,1226.0,1278.0,1113.0,1226.0,423.0,387.0,416.0,428.0,423.0,427.0,420.0,390.0,416.0,930.0,899.0,892.0,423.0,387.0,416.0,428.0,423.0,427.0
0.0,2608.0,1298.0,1281.0,1226.0,1307.0,447.0,441.0,419.0,429.0,424.0,428.0,444.0,438.0,416.0,861.0,882.0,865.0,447.0,441.0,419.0,429.0,424.0,428.0
0.0,2536.0,1240.0,1280.0,1307.0,1237.0,429.0,404.0,404.0,429.0,424.0,427.0,429.0,404.0,407.0,840.0,831.0,865.0,429.0,404.0,404.0,429.0,424.0,427.0
0.0,2603.0,1351.0,1282.0,1237.0,1357.0,487.0,431.0,439.0,430.0,424.0,428.0,484.0,431.0,436.0,858.0,868.0,877.0,487.0,431.0,439.0,430.0,424.0,428.0
0.0,2489.0,1377.0,1284.0,1357.0,1383.0,483.0,430.0,470.0,431.0,424.0,429.0,480.0,430.0,467.0,803.0,841.0,845.0,483.0,430.0,470.0,431.0,424.0,429.0
0.0,2469.0,1503.0,1289.0,1383.0,1518.0,525.0,495.0,498.0,433.0,426.0,430.0,519.0,489.0,495.0,810.0,842.0,817.0,525.0,495.0,498.0,433.0,426.0,430.0
0.0,2349.0,1345.0,1290.0,1518.0,1348.0,439.0,450.0,459.0,433.0,426.0,431.0,439.0,450.0,456.0,774.0,783.0,792.0,439.0,450.0,459.0,433.0,426.0,431.0
0.0,2522.0,1289.0,1289.0,1348.0,1286.0,413.0,443.0,430.0,433.0,426.0,430.0,413.0,443.0,433.0,860.0,828.0,834.0,413.0,443.0,430.0,433.0,426.0,430.0
0.0,2581.0,1386.0,1292.0,1286.0,1395.0,446.0,504.0,445.0,433.0,428.0,431.0,446.0,498.0,442.0,886.0,835.0,860.0,446.0,504.0,445.0,433.0,428.0,431.0
0.0,2481.0,1328.0,1294.0,1395.0,1334.0,457.0,456.0,421.0,434.0,429.0,431.0,454.0,453.0,421.0,853.0,780.0,848.0,457.0,456.0,421.0,434.0,429.0,431.0
0.0,2548.0,1293.0,1297.0,1334.0,1302.0,450.0,454.0,398.0,435.0,431.0,431.0,447.0,448.0,398.0,845.0,831.0,872.0,450.0,454.0,398.0,435.0,431.0,431.0
0.0,2589.0,1086.0,1294.0,1302.0,1077.0,377.0,332.0,368.0,434.0,430.0,430.0,380.0,335.0,371.0,855.0,839.0,895.0,377.0,332.0,368.0,434.0,430.0,430.0
0.0,2805.0,1330.0,1297.0,1077.0,1339.0,462.0,435.0,442.0,436.0,430.0,431.0,456.0,435.0,439.0,925.0,958.0,922.0,462.0,435.0,442.0,436.0,430.0,431.0
0.0,2552.0,1232.0,1298.0,1339.0,1235.0,404.0,434.0,397.0,436.0,431.0,431.0,404.0,431.0,397.0,846.0,855.0,851.0,404.0,434.0,397.0,436.0,431.0,431.0
0.0,2659.0,1286.0,1301.0,1235.0,1295.0,400.0,440.0,455.0,437.0,431.0,433.0,397.0,440.0,449.0,904.0,859.0,896.0,400.0,440.0,455.0,437.0,431.0,433.0
0.0,2608.0,1248.0,1300.0,1295.0,1245.0,405.0,407.0,433.0,436.0,431.0,433.0,408.0,407.0,433.0,911.0,853.0,844.0,405.0,407.0,433.0,436.0,431.0,433.0
0.0,2655.0,1331.0,1301.0,1245.0,1334.0,435.0,444.0,455.0,436.0,431.0,434.0,435.0,444.0,452.0,903.0,886.0,866.0,435.0,444.0,455.0,436.0,431.0,434.0
0.0,2569.0,1454.0,1302.0,1334.0,1457.0,499.0,495.0,463.0,436.0,432.0,434.0,499.0,492.0,463.0,873.0,849.0,847.0,499.0,495.0,463.0,436.0,432.0,434.0
0.0,2449.0,1323.0,1301.0,1457.0,1320.0,436.0,459.0,425.0,436.0,432.0,433.0,436.0,459.0,428.0,809.0,801.0,839.0,436.0,459.0,425.0,436.0,432.0,433.0
0.0,2583.0,1358.0,1302.0,1320.0,1361.0,462.0,442.0,457.0,436.0,433.0,433.0,462.0,439.0,457.0,872.0,837.0,874.0,462.0,442.0,457.0,436.0,433.0,433.0
0.0,2545.0,1341.0,1301.0,1361.0,1338.0,438.0,442.0,458.0,436.0,432.0,433.0,438.0,445.0,458.0,846.0,857.0,842.0,438.0,442.0,458.0,436.0,432.0,433.0
0.0,2565.0,1272.0,1301.0,1338.0,1272.0,410.0,411.0,451.0,436.0,432.0,433.0,410.0,411.0,451.0,870.0,854.0,841.0,410.0,411.0,451.0,436.0,432.0,433.0
0.0,2631.0,1328.0,1301.0,1272.0,1328.0,439.0,439.0,450.0,436.0,432.0,433.0,439.0,439.0,450.0,898.0,885.0,848.0,439.0,439.0,450.0,436.0,432.0,433.0
0.0,2575.0,1339.0,1303.0,1328.0,1345.0,486.0,445.0,414.0,437.0,433.0,433.0,483.0,442.0,414.0,869.0,857.0,849.0,486.0,445.0,414.0,437.0,433.0,433.0
0.0,2564.0,1414.0,1307.0,1345.0,1426.0,484.0,500.0,442.0,438.0,435.0,434.0,481.0,494.0,439.0,825.0,854.0,885.0,484.0,500.0,442.0,438.0,435.0,434.0
0.0,2495.0,1329.0,1310.0,1426.0,1338.0,436.0,469.0,433.0,440.0,436.0,434.0,430.0,466.0,433.0,830.0,805.0,860.0,436.0,469.0,433.0,440.0,436.0,434.0
0.0,2592.0,1255.0,1312.0,1338.0,1261.0,393.0,437.0,431.0,440.0,437.0,435.0,393.0,434.0,428.0,884.0,839.0,869.0,393.0,437.0,431.0,440.0,437.0,435.0
0.0,2675.0,1291.0,1313.0,1261.0,1294.0,399.0,443.0,452.0,439.0,438.0,436.0,402.0,440.0,449.0,927.0,874.0,874.0,399.0,443.0,452.0,439.0,438.0,436.0
0.0,2645.0,1484.0,1319.0,1294.0,1502.0,483.0,490.0,529.0,441.0,440.0,438.0,477.0,484.0,523.0,918.0,871.0,856.0,483.0,490.0,529.0,441.0,440.0,438.0
0.0,2455.0,1416.0,1322.0,1502.0,1425.0,488.0,466.0,471.0,442.0,441.0,439.0,485.0,463.0,468.0,840.0,830.0,785.0,488.0,466.0,471.0,442.0,441.0,439.0
0.0,2541.0,1366.0,1318.0,1425.0,1354.0,435.0,459.0,460.0,440.0,440.0,438.0,441.0,462.0,463.0,838.0,857.0,846.0,435.0,459.0,460.0,440.0,440.0,438.0
0.0,2600.0,1366.0,1318.0,1354.0,1366.0,457.0,471.0,438.0,440.0,440.0,438.0,457.0,471.0,438.0,885.0,861.0,854.0,457.0,471.0,438.0,440.0,440.0,438.0
0.0,2588.0,1438.0,1320.0,1366.0,1444.0,481.0,492.0,471.0,442.0,440.0,438.0,475.0,492.0,471.0,863.0,849.0,876.0,481.0,492.0,471.0,442.0,440.0,438.0
0.0,2516.0,1486.0,1323.0,1444.0,1495.0,503.0,498.0,494.0,443.0,441.0,439.0,500.0,495.0,491.0,845.0,828.0,843.0,503.0,498.0,494.0,443.0,441.0,439.0
0.0,2474.0,1420.0,1325.0,1495.0,1426.0,461.0,481.0,484.0,443.0,442.0,440.0,461.0,478.0,481.0,826.0,825.0,823.0,461.0,481.0,484.0,443.0,442.0,440.0
0.0,2549.0,1468.0,1330.0,1426.0,1483.0,508.0,494.0,481.0,445.0,444.0,441.0,502.0,488.0,478.0,868.0,845.0,836.0,508.0,494.0,481.0,445.0,444.0,441.0
0.0,2507.0,1337.0,1330.0,1483.0,1337.0,440.0,460.0,437.0,444.0,445.0,441.0,443.0,457.0,437.0,827.0,838.0,842.0,440.0,460.0,437.0,444.0,445.0,441.0
0.0,2653.0,1308.0,1331.0,1337.0,1311.0,445.0,421.0,445.0,444.0,445.0,442.0,445.0,421.0,442.0,892.0,875.0,886.0,445.0,421.0,445.0,444.0,445.0,442.0
0.0,2682.0,1143.0,1329.0,1311.0,1137.0,336.0,383.0,418.0,443.0,444.0,442.0,339.0,386.0,418.0,887.0,914.0,881.0,336.0,383.0,418.0,443.0,444.0,442.0
0.0,2850.0,1300.0,1329.0,1137.0,1300.0,422.0,433.0,445.0,443.0,444.0,442.0,422.0,433.0,445.0,993.0,949.0,908.0,422.0,433.0,445.0,443.0,444.0,442.0
0.0,2687.0,1302.0,1329.0,1300.0,1302.0,429.0,415.0,458.0,443.0,443.0,443.0,429.0,418.0,455.0,907.0,899.0,881.0,429.0,415.0,458.0,443.0,443.0,443.0
0.0,2685.0,1413.0,1331.0,1302.0,1419.0,478.0,468.0,473.0,444.0,444.0,443.0,475.0,465.0,473.0,900.0,914.0,871.0,478.0,468.0,473.0,444.0,444.0,443.0
0.0,2574.0,1391.0,1333.0,1419.0,1397.0,473.0,466.0,458.0,444.0,445.0,444.0,473.0,463.0,455.0,854.0,864.0,856.0,473.0,466.0,458.0,444.0,445.0,444.0
0.0,2602.0,1372.0,1334.0,1397.0,1375.0,481.0,475.0,419.0,445.0,446.0,443.0,478.0,472.0,422.0,859.0,869.0,874.0,481.0,475.0,419.0,445.0,446.0,443.0
0.0,2627.0,1379.0,1333.0,1375.0,1376.0,451.0,470.0,455.0,444.0,446.0,443.0,454.0,470.0,455.0,854.0,863.0,910.0,451.0,470.0,455.0,444.0,446.0,443.0
0.0,2623.0,1465.0,1334.0,1376.0,1468.0,461.0,519.0,488.0,444.0,447.0,443.0,461.0,516.0,488.0,881.0,868.0,874.0,461.0,519.0,488.0,444.0,447.0,443.0
0.0,2534.0,1358.0,1333.0,1468.0,1355.0,445.0,466.0,444.0,444.0,447.0,442.0,445.0,466.0,447.0,871.0,822.0,841.0,445.0,466.0,444.0,444.0,447.0,442.0
0.0,2644.0,1292.0,1331.0,1355.0,1286.0,433.0,412.0,441.0,443.0,446.0,442.0,436.0,415.0,441.0,887.0,875.0,882.0,433.0,412.0,441.0,443.0,446.0,442.0
0.0,2707.0,1357.0,1334.0,1286.0,1366.0,483.0,413.0,470.0,445.0,446.0,443.0,477.0,413.0,467.0,896.0,926.0,885.0,483.0,413.0,470.0,445.0,446.0,443.0
0.0,2636.0,1403.0,1336.0,1366.0,1409.0,469.0,479.0,461.0,445.0,447.0,444.0,469.0,476.0,458.0,852.0,925.0,859.0,469.0,479.0,461.0,445.0,447.0,444.0
0.0,2599.0,1350.0,1338.0,1409.0,1356.0,438.0,450.0,468.0,445.0,447.0,446.0,438.0,450.0,462.0,866.0,862.0,871.0,438.0,450.0,468.0,445.0,447.0,446.0
0.0,2658.0,1373.0,1343.0,1356.0,1388.0,451.0,456.0,481.0,447.0,449.0,447.0,445.0,450.0,478.0,897.0,891.0,870.0,451.0,456.0,481.0,447.0,449.0,447.0
0.0,2641.0,1381.0,1346.0,1388.0,1390.0,438.0,478.0,474.0,448.0,450.0,448.0,435.0,475.0,471.0,890.0,891.0,860.0,438.0,478.0,474.0,448.0,450.0,448.0
0.0,2648.0,1303.0,1346.0,1390.0,1303.0,417.0,445.0,441.0,447.0,450.0,449.0,420.0,445.0,438.0,906.0,872.0,870.0,417.0,445.0,441.0,447.0,450.0,449.0
0.0,2735.0,1511.0,1351.0,1303.0,1526.0,506.0,502.0,518.0,448.0,452.0,451.0,503.0,496.0,512.0,924.0,905.0,906.0,506.0,502.0,518.0,448.0,452.0,451.0
0.0,2527.0,1294.0,1350.0,1526.0,1291.0,427.0,430.0,434.0,447.0,452.0,451.0,430.0,430.0,434.0,838.0,854.0,835.0,427.0,430.0,434.0,447.0,452.0,451.0
0.0,2759.0,1359.0,1349.0,1291.0,1356.0,467.0,444.0,445.0,447.0,452.0,450.0,467.0,444.0,448.0,914.0,926.0,919.0,467.0,444.0,445.0,447.0,452.0,450.0
0.0,2691.0,1388.0,1349.0,1356.0,1388.0,491.0,442.0,455.0,447.0,452.0,450.0,491.0,442.0,455.0,874.0,912.0,905.0,491.0,442.0,455.0,447.0,452.0,450.0
0.0,2659.0,1529.0,1352.0,1388.0,1538.0,489.0,516.0,533.0,448.0,453.0,451.0,486.0,513.0,530.0,850.0,914.0,895.0,489.0,516.0,533.0,448.0,453.0,451.0
0.0,2518.0,1429.0,1354.0,1538.0,1435.0,455.0,484.0,496.0,448.0,454.0,452.0,455.0,481.0,493.0,855.0,843.0,820.0,455.0,484.0,496.0,448.0,454.0,452.0
0.0,2627.0,1496.0,1355.0,1435.0,1499.0,504.0,492.0,503.0,449.0,453.0,453.0,501.0,495.0,500.0,889.0,878.0,860.0,504.0,492.0,503.0,449.0,453.0,453.0
0.0,2566.0,1434.0,1359.0,1499.0,1446.0,467.0,478.0,501.0,450.0,454.0,455.0,464.0,475.0,495.0,843.0,867.0,856.0,467.0,478.0,501.0,450.0,454.0,455.0
0.0,2631.0,1390.0,1360.0,1446.0,1393.0,452.0,464.0,477.0,450.0,454.0,456.0,452.0,464.0,474.0,883.0,884.0,864.0,452.0,464.0,477.0,450.0,454.0,456.0
0.0,2687.0,1311.0,1365.0,1393.0,1326.0,435.0,441.0,450.0,451.0,456.0,458.0,432.0,435.0,444.0,898.0,898.0,891.0,435.0,441.0,450.0,451.0,456.0,458.0
0.0,2769.0,1336.0,1364.0,1326.0,1333.0,461.0,443.0,429.0,451.0,456.0,457.0,461.0,443.0,432.0,918.0,927.0,924.0,461.0,443.0,429.0,451.0,456.0,457.0
0.0,2759.0,1359.0,1367.0,1333.0,1368.0,438.0,451.0,479.0,451.0,457.0,459.0,438.0,448.0,473.0,892.0,925.0,942.0,438.0,451.0,479.0,451.0,457.0,459.0
0.0,2733.0,1381.0,1369.0,1368.0,1387.0,468.0,461.0,458.0,453.0,457.0,459.0,462.0,461.0,458.0,915.0,920.0,898.0,468.0,461.0,458.0,453.0,457.0,459.0
0.0,2720.0,1373.0,1372.0,1387.0,1382.0,465.0,440.0,477.0,454.0,458.0,460.0,462.0,437.0,474.0,891.0,910.0,919.0,465.0,440.0,477.0,454.0,458.0,460.0
0.0,2734.0,1323.0,1370.0,1382.0,1317.0,470.0,424.0,423.0,454.0,457.0,459.0,470.0,427.0,426.0,897.0,934.0,903.0,470.0,424.0,423.0,454.0,457.0,459.0
0.0,2793.0,1513.0,1371.0,1317.0,1516.0,501.0,504.0,511.0,454.0,457.0,460.0,501.0,504.0,508.0,892.0,947.0,954.0,501.0,504.0,511.0,454.0,457.0,460.0
0.0,2597.0,1456.0,1374.0,1516.0,1465.0,486.0,483.0,496.0,455.0,458.0,461.0,483.0,480.0,493.0,861.0,867.0,869.0,486.0,483.0,496.0,455.0,458.0,461.0
0.0,2657.0,1425.0,1375.0,1465.0,1428.0,466.0,503.0,459.0,455.0,459.0,461.0,466.0,500.0,459.0,879.0,891.0,887.0,466.0,503.0,459.0,455.0,459.0,461.0
0.0,2697.0,1407.0,1377.0,1428.0,1413.0,462.0,462.0,489.0,456.0,459.0,462.0,459.0,462.0,486.0,899.0,874.0,924.0,462.0,462.0,489.0,456.0,459.0,462.0
0.0,2718.0,1444.0,1381.0,1413.0,1456.0,470.0,482.0,504.0,457.0,461.0,463.0,467.0,476.0,501.0,906.0,915.0,897.0,470.0,482.0,504.0,457.0,461.0,463.0
0.0,2687.0,1385.0,1382.0,1456.0,1388.0,478.0,428.0,482.0,458.0,460.0,464.0,475.0,431.0,479.0,901.0,901.0,885.0,478.0,428.0,482.0,458.0,460.0,464.0
0.0,2758.0,1390.0,1382.0,1388.0,1390.0,458.0,440.0,492.0,457.0,460.0,465.0,461.0,440.0,489.0,896.0,952.0,910.0,458.0,440.0,492.0,457.0,460.0,465.0
0.0,2756.0,1443.0,1384.0,1390.0,1449.0,514.0,459.0,476.0,458.0,460.0,466.0,511.0,459.0,473.0,913.0,940.0,903.0,514.0,459.0,476.0,458.0,460.0,466.0
0.0,2703.0,1443.0,1385.0,1449.0,1446.0,505.0,484.0,457.0,459.0,460.0,466.0,502.0,484.0,457.0,860.0,921.0,922.0,505.0,484.0,457.0,459.0,460.0,466.0
0.0,2709.0,1216.0,1385.0,1446.0,1216.0,376.0,430.0,410.0,459.0,460.0,466.0,376.0,430.0,410.0,872.0,896.0,941.0,376.0,430.0,410.0,459.0,460.0,466.0
0.0,2939.0,1260.0,1384.0,1216.0,1257.0,421.0,430.0,406.0,459.0,460.0,465.0,421.0,430.0,409.0,1001.0,950.0,988.0,421.0,430.0,406.0,459.0,460.0,465.0
0.0,2895.0,1501.0,1385.0,1257.0,1504.0,512.0,537.0,455.0,460.0,461.0,464.0,509.0,534.0,458.0,956.0,950.0,989.0,512.0,537.0,455.0,460.0,461.0,464.0
0.0,2651.0,1440.0,1385.0,1504.0,1440.0,492.0,482.0,466.0,460.0,461.0,464.0,492.0,482.0,466.0,868.0,846.0,937.0,492.0,482.0,466.0,460.0,461.0,464.0
0.0,2715.0,1506.0,1387.0,1440.0,1512.0,509.0,499.0,504.0,461.0,462.0,464.0,506.0,496.0,504.0,888.0,901.0,926.0,509.0,499.0,504.0,461.0,462.0,464.0
0.0,2649.0,1481.0,1390.0,1512.0,1490.0,498.0,492.0,500.0,462.0,462.0,466.0,495.0,492.0,494.0,874.0,887.0,888.0,498.0,492.0,500.0,462.0,462.0,466.0
0.0,2680.0,1498.0,1391.0,1490.0,1501.0,510.0,488.0,503.0,463.0,462.0,466.0,507.0,488.0,503.0,888.0,894.0,898.0,510.0,488.0,503.0,463.0,462.0,466.0
0.0,2672.0,1360.0,1388.0,1501.0,1351.0,437.0,436.0,478.0,461.0,461.0,466.0,443.0,439.0,478.0,879.0,898.0,895.0,437.0,436.0,478.0,461.0,461.0,466.0
0.0,2813.0,1343.0,1386.0,1351.0,1337.0,462.0,423.0,452.0,461.0,460.0,465.0,462.0,426.0,455.0,946.0,947.0,920.0,462.0,423.0,452.0,461.0,460.0,465.0
0.0,2821.0,1485.0,1387.0,1337.0,1488.0,493.0,480.0,515.0,461.0,460.0,466.0,493.0,480.0,512.0,921.0,957.0,943.0,493.0,480.0,515.0,461.0,460.0,466.0
0.0,2673.0,1441.0,1389.0,1488.0,1447.0,482.0,505.0,460.0,462.0,461.0,466.0,479.0,502.0,460.0,890.0,900.0,883.0,482.0,505.0,460.0,462.0,461.0,466.0
0.0,2720.0,1401.0,1391.0,1447.0,1407.0,490.0,448.0,469.0,463.0,461.0,467.0,487.0,448.0,466.0,904.0,878.0,938.0,490.0,448.0,469.0,463.0,461.0,467.0
0.0,2766.0,1464.0,1398.0,1407.0,1485.0,493.0,512.0,480.0,466.0,464.0,468.0,484.0,503.0,477.0,899.0,935.0,932.0,493.0,512.0,480.0,466.0,464.0,468.0
0.0,2709.0,1315.0,1398.0,1485.0,1315.0,448.0,434.0,433.0,466.0,464.0,468.0,448.0,434.0,433.0,905.0,880.0,924.0,448.0,434.0,433.0,466.0,464.0,468.0
0.0,2879.0,1352.0,1399.0,1315.0,1355.0,458.0,453.0,444.0,467.0,464.0,468.0,455.0,453.0,444.0,950.0,958.0,971.0,458.0,453.0,444.0,467.0,464.0,468.0
0.0,2842.0,1457.0,1399.0,1355.0,1457.0,511.0,474.0,472.0,467.0,464.0,468.0,511.0,474.0,472.0,943.0,939.0,960.0,511.0,474.0,472.0,467.0,464.0,468.0
0.0,2740.0,1500.0,1401.0,1457.0,1506.0,530.0,479.0,497.0,468.0,465.0,468.0,527.0,476.0,497.0,890.0,918.0,932.0,530.0,479.0,497.0,468.0,465.0,468.0
0.0,2697.0,1470.0,1404.0,1506.0,1479.0,502.0,481.0,496.0,469.0,465.0,470.0,499.0,481.0,490.0,874.0,916.0,907.0,502.0,481.0,496.0,469.0,465.0,470.0
0.0,2733.0,1491.0,1406.0,1479.0,1497.0,486.0,511.0,500.0,469.0,466.0,471.0,486.0,508.0,497.0,905.0,914.0,914.0,486.0,511.0,500.0,469.0,466.0,471.0
0.0,2721.0,1552.0,1407.0,1497.0,1555.0,517.0,517.0,521.0,470.0,466.0,471.0,514.0,517.0,521.0,921.0,887.0,913.0,517.0,517.0,521.0,470.0,466.0,471.0
0.0,2666.0,1573.0,1411.0,1555.0,1585.0,491.0,566.0,528.0,471.0,467.0,473.0,488.0,563.0,522.0,893.0,881.0,892.0,491.0,566.0,528.0,471.0,467.0,473.0
0.0,2648.0,1368.0,1412.0,1585.0,1371.0,428.0,472.0,471.0,471.0,468.0,473.0,428.0,469.0,471.0,922.0,835.0,891.0,428.0,472.0,471.0,471.0,468.0,473.0
0.0,2865.0,1536.0,1417.0,1371.0,1551.0,510.0,537.0,504.0,472.0,471.0,474.0,507.0,528.0,501.0,985.0,932.0,948.0,510.0,537.0,504.0,472.0,471.0,474.0
0.0,2700.0,1364.0,1416.0,1551.0,1361.0,487.0,420.0,454.0,472.0,470.0,474.0,487.0,423.0,454.0,906.0,876.0,918.0,487.0,420.0,454.0,472.0,470.0,474.0
0.0,2887.0,1408.0,1417.0,1361.0,1411.0,494.0,462.0,455.0,473.0,470.0,474.0,491.0,462.0,455.0,929.0,990.0,968.0,494.0,462.0,455.0,473.0,470.0,474.0
0.0,2840.0,1375.0,1416.0,1411.0,1372.0,467.0,453.0,452.0,473.0,470.0,473.0,467.0,453.0,455.0,925.0,948.0,967.0,467.0,453.0,452.0,473.0,470.0,473.0
0.0,2876.0,1378.0,1417.0,1372.0,1381.0,475.0,467.0,439.0,474.0,470.0,473.0,472.0,467.0,439.0,952.0,957.0,967.0,475.0,467.0,439.0,474.0,470.0,473.0
0.0,2870.0,1481.0,1420.0,1381.0,1490.0,470.0,525.0,495.0,475.0,471.0,474.0,467.0,522.0,492.0,947.0,943.0,980.0,470.0,525.0,495.0,475.0,471.0,474.0
0.0,2770.0,1534.0,1421.0,1490.0,1537.0,500.0,531.0,506.0,475.0,472.0,474.0,500.0,528.0,506.0,955.0,888.0,927.0,500.0,531.0,506.0,475.0,472.0,474.0
0.0,2726.0,1677.0,1428.0,1537.0,1698.0,555.0,578.0,565.0,477.0,475.0,476.0,549.0,569.0,559.0,925.0,885.0,916.0,555.0,578.0,565.0,477.0,475.0,476.0
0.0,2586.0,1614.0,1432.0,1698.0,1626.0,552.0,544.0,530.0,479.0,476.0,477.0,546.0,541.0,527.0,876.0,847.0,863.0,552.0,544.0,530.0,479.0,476.0,477.0
0.0,2670.0,1383.0,1433.0,1626.0,1386.0,457.0,454.0,475.0,478.0,477.0,478.0,460.0,451.0,472.0,885.0,884.0,901.0,457.0,454.0,475.0,478.0,477.0,478.0
0.0,2913.0,1523.0,1433.0,1386.0,1523.0,509.0,484.0,530.0,479.0,476.0,478.0,506.0,487.0,530.0,977.0,977.0,959.0,509.0,484.0,530.0,479.0,476.0,478.0
0.0,2776.0,1463.0,1433.0,1523.0,1463.0,483.0,482.0,498.0,479.0,476.0,478.0,483.0,482.0,498.0,928.0,944.0,904.0,483.0,482.0,498.0,479.0,476.0,478.0
0.0,2836.0,1447.0,1433.0,1463.0,1447.0,497.0,466.0,484.0,479.0,476.0,478.0,497.0,466.0,484.0,954.0,946.0,936.0,497.0,466.0,484.0,479.0,476.0,478.0
0.0,2852.0,1422.0,1432.0,1447.0,1419.0,489.0,484.0,446.0,479.0,476.0,477.0,489.0,484.0,449.0,940.0,962.0,950.0,489.0,484.0,446.0,479.0,476.0,477.0
0.0,2877.0,1467.0,1434.0,1419.0,1473.0,486.0,507.0,480.0,480.0,477.0,477.0,483.0,504.0,480.0,948.0,944.0,985.0,486.0,507.0,480.0,480.0,477.0,477.0
0.0,2829.0,1524.0,1438.0,1473.0,1536.0,517.0,519.0,500.0,482.0,478.0,478.0,511.0,516.0,497.0,954.0,924.0,951.0,517.0,519.0,500.0,482.0,478.0,478.0
0.0,2778.0,1375.0,1438.0,1536.0,1375.0,448.0,471.0,456.0,481.0,479.0,478.0,451.0,468.0,456.0,929.0,915.0,934.0,448.0,471.0,456.0,481.0,479.0,478.0
0.0,2939.0,1390.0,1438.0,1375.0,1390.0,436.0,479.0,475.0,481.0,479.0,478.0,436.0,479.0,475.0,995.0,966.0,978.0,436.0,479.0,475.0,481.0,479.0,478.0
0.0,2924.0,1464.0,1441.0,1390.0,1473.0,501.0,494.0,478.0,482.0,480.0,479.0,498.0,491.0,475.0,1007.0,958.0,959.0,501.0,494.0,478.0,482.0,480.0,479.0
0.0,2850.0,1505.0,1444.0,1473.0,1514.0,496.0,489.0,529.0,483.0,481.0,480.0,493.0,486.0,526.0,945.0,946.0,959.0,496.0,489.0,529.0,483.0,481.0,480.0
0.0,2818.0,1547.0,1447.0,1514.0,1556.0,507.0,503.0,546.0,483.0,482.0,482.0,507.0,500.0,540.0,953.0,954.0,911.0,507.0,503.0,546.0,483.0,482.0,482.0
0.0,2785.0,1559.0,1448.0,1556.0,1562.0,526.0,510.0,526.0,484.0,482.0,482.0,523.0,510.0,526.0,942.0,943.0,900.0,526.0,510.0,526.0,484.0,482.0,482.0
0.0,2782.0,1527.0,1450.0,1562.0,1533.0,526.0,485.0,522.0,485.0,482.0,483.0,523.0,485.0,519.0,926.0,936.0,920.0,526.0,485.0,522.0,485.0,482.0,483.0
0.0,2817.0,1560.0,1453.0,1533.0,1569.0,530.0,521.0,518.0,486.0,483.0,484.0,527.0,518.0,515.0,929.0,961.0,927.0,530.0,521.0,518.0,486.0,483.0,484.0
0.0,2790.0,1493.0,1454.0,1569.0,1496.0,486.0,521.0,489.0,486.0,484.0,484.0,486.0,518.0,489.0,928.0,928.0,934.0,486.0,521.0,489.0,486.0,484.0,484.0
0.0,2866.0,1520.0,1456.0,1496.0,1526.0,506.0,526.0,494.0,487.0,485.0,484.0,503.0,523.0,494.0,972.0,931.0,963.0,506.0,526.0,494.0,487.0,485.0,484.0
0.0,2842.0,1533.0,1458.0,1526.0,1539.0,540.0,506.0,493.0,488.0,486.0,484.0,537.0,503.0,493.0,955.0,929.0,958.0,540.0,506.0,493.0,488.0,486.0,484.0
0.0,2835.0,1558.0,1462.0,1539.0,1570.0,543.0,525.0,502.0,490.0,488.0,484.0,537.0,519.0,502.0,924.0,952.0,959.0,543.0,525.0,502.0,490.0,488.0,484.0
0.0,2816.0,1387.0,1460.0,1570.0,1381.0,484.0,444.0,453.0,489.0,487.0,484.0,487.0,447.0,453.0,927.0,939.0,950.0,484.0,444.0,453.0,489.0,487.0,484.0
0.0,2999.0,1399.0,1459.0,1381.0,1396.0,464.0,471.0,461.0,488.0,487.0,484.0,467.0,471.0,461.0,983.0,1017.0,999.0,464.0,471.0,461.0,488.0,487.0,484.0
0.0,2981.0,1369.0,1463.0,1396.0,1381.0,468.0,458.0,455.0,490.0,488.0,485.0,462.0,455.0,452.0,1000.0,990.0,991.0,468.0,458.0,455.0,490.0,488.0,485.0
0.0,3008.0,1496.0,1467.0,1381.0,1508.0,489.0,505.0,514.0,491.0,489.0,487.0,486.0,502.0,508.0,1002.0,1006.0,1000.0,489.0,505.0,514.0,491.0,489.0,487.0
0.0,2893.0,1572.0,1469.0,1508.0,1578.0,524.0,529.0,525.0,492.0,489.0,488.0,521.0,529.0,522.0,984.0,962.0,947.0,524.0,529.0,525.0,492.0,489.0,488.0
0.0,2829.0,1543.0,1471.0,1578.0,1549.0,504.0,529.0,516.0,492.0,490.0,489.0,504.0,526.0,513.0,952.0,938.0,939.0,504.0,529.0,516.0,492.0,490.0,489.0
0.0,2864.0,1530.0,1470.0,1549.0,1527.0,513.0,535.0,479.0,492.0,490.0,488.0,513.0,535.0,482.0,972.0,941.0,951.0,513.0,535.0,479.0,492.0,490.0,488.0
0.0,2883.0,1680.0,1474.0,1527.0,1692.0,570.0,576.0,546.0,493.0,492.0,489.0,567.0,570.0,543.0,963.0,935.0,985.0,570.0,576.0,546.0,493.0,492.0,489.0
0.0,2730.0,1494.0,1474.0,1692.0,1494.0,494.0,498.0,502.0,493.0,492.0,489.0,494.0,498.0,502.0,909.0,900.0,921.0,494.0,498.0,502.0,493.0,492.0,489.0
0.0,2928.0,1519.0,1477.0,1494.0,1528.0,499.0,505.0,524.0,494.0,493.0,490.0,496.0,502.0,521.0,985.0,978.0,965.0,499.0,505.0,524.0,494.0,493.0,490.0
0.0,2903.0,1557.0,1481.0,1528.0,1569.0,526.0,520.0,523.0,495.0,495.0,491.0,523.0,514.0,520.0,983.0,974.0,946.0,526.0,520.0,523.0,495.0,495.0,491.0
0.0,2874.0,1426.0,1481.0,1569.0,1426.0,482.0,465.0,479.0,495.0,495.0,491.0,482.0,465.0,479.0,959.0,965.0,950.0,482.0,465.0,479.0,495.0,495.0,491.0
0.0,3017.0,1539.0,1482.0,1426.0,1542.0,538.0,515.0,489.0,496.0,495.0,491.0,535.0,515.0,489.0,1003.0,1020.0,994.0,538.0,515.0,489.0,496.0,495.0,491.0
0.0,2904.0,1461.0,1484.0,1542.0,1467.0,480.0,494.0,493.0,496.0,496.0,492.0,480.0,491.0,490.0,950.0,970.0,984.0,480.0,494.0,493.0,496.0,496.0,492.0
0.0,2985.0,1525.0,1484.0,1467.0,1525.0,508.0,506.0,511.0,496.0,496.0,492.0,508.0,506.0,511.0,1008.0,994.0,983.0,508.0,506.0,511.0,496.0,496.0,492.0
0.0,2927.0,1476.0,1488.0,1525.0,1488.0,484.0,483.0,521.0,497.0,497.0,494.0,481.0,480.0,515.0,980.0,982.0,965.0,484.0,483.0,521.0,497.0,497.0,494.0
0.0,2976.0,1610.0,1493.0,1488.0,1625.0,502.0,574.0,549.0,498.0,499.0,496.0,499.0,568.0,543.0,1007.0,1008.0,961.0,502.0,574.0,549.0,498.0,499.0,496.0
0.0,2854.0,1557.0,1496.0,1625.0,1566.0,489.0,509.0,568.0,498.0,500.0,498.0,489.0,506.0,562.0,992.0,923.0,939.0,489.0,509.0,568.0,498.0,500.0,498.0
0.0,2922.0,1494.0,1494.0,1566.0,1488.0,492.0,505.0,491.0,497.0,500.0,497.0,495.0,505.0,494.0,1005.0,991.0,926.0,492.0,505.0,491.0,497.0,500.0,497.0
0.0,2994.0,1696.0,1498.0,1488.0,1708.0,567.0,543.0,598.0,498.0,501.0,499.0,564.0,540.0,592.0,999.0,995.0,1000.0,567.0,543.0,598.0,498.0,501.0,499.0
0.0,2786.0,1491.0,1498.0,1708.0,1491.0,491.0,516.0,484.0,498.0,501.0,499.0,491.0,516.0,484.0,927.0,960.0,899.0,491.0,516.0,484.0,498.0,501.0,499.0
0.0,3003.0,1553.0,1498.0,1491.0,1553.0,525.0,514.0,514.0,498.0,501.0,499.0,525.0,514.0,514.0,1003.0,987.0,1013.0,525.0,514.0,514.0,498.0,501.0,499.0
0.0,2941.0,1442.0,1496.0,1553.0,1436.0,475.0,474.0,487.0,498.0,500.0,498.0,475.0,477.0,490.0,969.0,989.0,983.0,475.0,474.0,487.0,498.0,500.0,498.0
0.0,3052.0,1558.0,1501.0,1436.0,1573.0,519.0,522.0,532.0,500.0,501.0,500.0,513.0,519.0,526.0,1019.0,1026.0,1007.0,519.0,522.0,532.0,500.0,501.0,500.0
0.0,2930.0,1495.0,1499.0,1573.0,1489.0,498.0,499.0,492.0,500.0,500.0,499.0,498.0,502.0,495.0,981.0,981.0,968.0,498.0,499.0,492.0,500.0,500.0,499.0
0.0,3008.0,1487.0,1502.0,1489.0,1496.0,493.0,508.0,495.0,500.0,502.0,500.0,493.0,502.0,492.0,1002.0,1001.0,1005.0,493.0,508.0,495.0,500.0,502.0,500.0
0.0,3010.0,1441.0,1502.0,1496.0,1441.0,491.0,486.0,464.0,500.0,502.0,500.0,491.0,486.0,464.0,1007.0,998.0,1005.0,491.0,486.0,464.0,500.0,502.0,500.0
0.0,3065.0,1453.0,1504.0,1441.0,1459.0,484.0,479.0,496.0,500.0,503.0,501.0,484.0,476.0,493.0,1009.0,1020.0,1036.0,484.0,479.0,496.0,500.0,503.0,501.0
0.0,3053.0,1511.0,1507.0,1459.0,1520.0,470.0,520.0,530.0,500.0,504.0,503.0,470.0,517.0,524.0,1016.0,1030.0,1007.0,470.0,520.0,530.0,500.0,504.0,503.0
0.0,3001.0,1272.0,1502.0,1520.0,1257.0,416.0,424.0,417.0,499.0,502.0,501.0,419.0,430.0,423.0,1030.0,992.0,979.0,416.0,424.0,417.0,499.0,502.0,501.0
0.0,3249.0,1434.0,1501.0,1257.0,1431.0,469.0,486.0,476.0,499.0,501.0,501.0,469.0,489.0,476.0,1081.0,1082.0,1086.0,469.0,486.0,476.0,499.0,501.0,501.0
0.0,3072.0,1575.0,1498.0,1431.0,1566.0,540.0,501.0,525.0,498.0,500.0,500.0,543.0,504.0,528.0,1028.0,1017.0,1027.0,540.0,501.0,525.0,498.0,500.0,500.0
0.0,2928.0,1548.0,1498.0,1566.0,1548.0,502.0,530.0,516.0,498.0,500.0,500.0,502.0,530.0,516.0,954.0,999.0,975.0,502.0,530.0,516.0,498.0,500.0,500.0
0.0,2946.0,1493.0,1499.0,1548.0,1496.0,492.0,499.0,505.0,498.0,500.0,501.0,492.0,499.0,502.0,992.0,970.0,984.0,492.0,499.0,505.0,498.0,500.0,501.0
0.0,3001.0,1487.0,1499.0,1496.0,1487.0,487.0,519.0,481.0,498.0,501.0,500.0,487.0,516.0,484.0,1002.0,1001.0,998.0,487.0,519.0,481.0,498.0,501.0,500.0
0.0,3010.0,1492.0,1498.0,1487.0,1489.0,511.0,494.0,484.0,498.0,501.0,499.0,511.0,494.0,487.0,1007.0,984.0,1019.0,511.0,494.0,484.0,498.0,501.0,499.0
0.0,3005.0,1547.0,1501.0,1489.0,1556.0,526.0,504.0,526.0,499.0,502.0,500.0,523.0,501.0,523.0,983.0,1009.0,1013.0,526.0,504.0,526.0,499.0,502.0,500.0
0.0,2947.0,1568.0,1504.0,1556.0,1577.0,545.0,496.0,536.0,500.0,502.0,502.0,542.0,496.0,530.0,971.0,1002.0,974.0,545.0,496.0,536.0,500.0,502.0,502.0
0.0,2935.0,1439.0,1504.0,1577.0,1439.0,498.0,470.0,471.0,500.0,502.0,502.0,498.0,470.0,471.0,955.0,1010.0,970.0,498.0,470.0,471.0,500.0,502.0,502.0
0.0,3073.0,1475.0,1502.0,1439.0,1469.0,515.0,467.0,487.0,500.0,501.0,501.0,515.0,470.0,490.0,1002.0,1036.0,1035.0,515.0,467.0,487.0,500.0,501.0,501.0
0.0,3037.0,1467.0,1504.0,1469.0,1473.0,473.0,502.0,498.0,501.0,501.0,502.0,470.0,502.0,495.0,985.0,1036.0,1016.0,473.0,502.0,498.0,501.0,501.0,502.0
0.0,3039.0,1474.0,1506.0,1473.0,1480.0,472.0,497.0,511.0,501.0,502.0,503.0,472.0,494.0,508.0,1030.0,1001.0,1008.0,472.0,497.0,511.0,501.0,502.0,503.0
0.0,3038.0,1576.0,1509.0,1480.0,1585.0,519.0,547.0,519.0,502.0,503.0,504.0,516.0,544.0,516.0,1031.0,1009.0,998.0,519.0,547.0,519.0,502.0,503.0,504.0
0.0,2942.0,1506.0,1508.0,1585.0,1503.0,501.0,506.0,496.0,502.0,503.0,503.0,501.0,506.0,499.0,987.0,962.0,993.0,501.0,506.0,496.0,502.0,503.0,503.0
0.0,3021.0,1608.0,1510.0,1503.0,1614.0,546.0,556.0,512.0,503.0,504.0,503.0,543.0,553.0,512.0,1005.0,1003.0,1013.0,546.0,556.0,512.0,503.0,504.0,503.0
0.0,2916.0,1601.0,1509.0,1614.0,1598.0,549.0,535.0,514.0,503.0,504.0,502.0,549.0,535.0,517.0,963.0,956.0,997.0,549.0,535.0,514.0,503.0,504.0,502.0
0.0,2929.0,1615.0,1512.0,1598.0,1624.0,555.0,524.0,545.0,504.0,505.0,503.0,552.0,521.0,542.0,960.0,977.0,992.0,555.0,524.0,545.0,504.0,505.0,503.0
0.0,2912.0,1631.0,1513.0,1624.0,1634.0,540.0,554.0,540.0,504.0,506.0,503.0,540.0,551.0,540.0,957.0,991.0,964.0,540.0,554.0,540.0,504.0,506.0,503.0
0.0,2905.0,1516.0,1513.0,1634.0,1516.0,464.0,524.0,528.0,503.0,506.0,504.0,467.0,524.0,525.0,972.0,964.0,969.0,464.0,524.0,528.0,503.0,506.0,504.0
0.0,3023.0,1486.0,1512.0,1516.0,1483.0,480.0,489.0,514.0,503.0,505.0,504.0,480.0,492.0,514.0,1045.0,994.0,984.0,480.0,489.0,514.0,503.0,505.0,504.0
0.0,3053.0,1583.0,1514.0,1483.0,1589.0,528.0,522.0,539.0,503.0,506.0,505.0,528.0,519.0,536.0,1029.0,1026.0,998.0,528.0,522.0,539.0,503.0,506.0,505.0
0.0,2953.0,1658.0,1515.0,1589.0,1661.0,569.0,538.0,554.0,503.0,506.0,506.0,569.0,538.0,551.0,981.0,996.0,976.0,569.0,538.0,554.0,503.0,506.0,506.0
0.0,2884.0,1596.0,1520.0,1661.0,1611.0,552.0,543.0,516.0,505.0,508.0,507.0,546.0,537.0,513.0,940.0,980.0,964.0,552.0,543.0,516.0,505.0,508.0,507.0
0.0,2949.0,1517.0,1521.0,1611.0,1520.0,498.0,498.0,524.0,505.0,508.0,508.0,498.0,498.0,521.0,963.0,981.0,1005.0,498.0,498.0,524.0,505.0,508.0,508.0
0.0,3043.0,1554.0,1525.0,1520.0,1566.0,526.0,511.0,529.0,506.0,509.0,510.0,523.0,508.0,523.0,1017.0,1026.0,1000.0,526.0,511.0,529.0,506.0,509.0,510.0
0.0,3009.0,1552.0,1526.0,1566.0,1555.0,523.0,496.0,536.0,507.0,509.0,510.0,520.0,496.0,536.0,992.0,1016.0,1001.0,523.0,496.0,536.0,507.0,509.0,510.0
0.0,3023.0,1569.0,1526.0,1555.0,1569.0,523.0,530.0,516.0,507.0,509.0,510.0,523.0,530.0,516.0,998.0,1031.0,994.0,523.0,530.0,516.0,507.0,509.0,510.0
0.0,3009.0,1556.0,1526.0,1569.0,1556.0,522.0,520.0,514.0,507.0,509.0,510.0,522.0,520.0,514.0,998.0,997.0,1014.0,522.0,520.0,514.0,507.0,509.0,510.0
0.0,3022.0,1615.0,1528.0,1556.0,1621.0,555.0,546.0,520.0,508.0,509.0,511.0,552.0,546.0,517.0,999.0,1007.0,1016.0,555.0,546.0,520.0,508.0,509.0,511.0
0.0,2963.0,1621.0,1527.0,1621.0,1618.0,516.0,545.0,557.0,507.0,509.0,511.0,519.0,545.0,557.0,969.0,981.0,1013.0,516.0,545.0,557.0,507.0,509.0,511.0
0.0,2963.0,1564.0,1529.0,1618.0,1570.0,516.0,545.0,509.0,508.0,510.0,511.0,513.0,542.0,509.0,1005.0,982.0,976.0,516.0,545.0,509.0,508.0,510.0,511.0
0.0,3017.0,1596.0,1530.0,1570.0,1599.0,524.0,531.0,544.0,508.0,510.0,512.0,524.0,531.0,541.0,1008.0,985.0,1024.0,524.0,531.0,544.0,508.0,510.0,512.0
0.0,2991.0,1569.0,1530.0,1599.0,1569.0,481.0,521.0,567.0,507.0,510.0,513.0,484.0,521.0,564.0,1000.0,999.0,992.0,481.0,521.0,567.0,507.0,510.0,513.0
0.0,3021.0,1644.0,1535.0,1569.0,1659.0,554.0,517.0,588.0,509.0,511.0,515.0,548.0,514.0,582.0,1040.0,1009.0,972.0,554.0,517.0,588.0,509.0,511.0,515.0
0.0,2946.0,1630.0,1536.0,1659.0,1633.0,565.0,521.0,547.0,509.0,511.0,516.0,565.0,521.0,544.0,973.0,1016.0,957.0,565.0,521.0,547.0,509.0,511.0,516.0
0.0,2975.0,1366.0,1534.0,1633.0,1360.0,474.0,423.0,463.0,509.0,510.0,515.0,474.0,426.0,466.0,962.0,1012.0,1001.0,474.0,423.0,463.0,509.0,510.0,515.0
0.0,3242.0,1583.0,1536.0,1360.0,1589.0,533.0,512.0,544.0,510.0,510.0,516.0,530.0,512.0,541.0,1053.0,1107.0,1082.0,533.0,512.0,544.0,510.0,510.0,516.0
0.0,3019.0,1599.0,1538.0,1589.0,1605.0,537.0,534.0,534.0,511.0,511.0,516.0,534.0,531.0,534.0,997.0,1018.0,1004.0,537.0,534.0,534.0,511.0,511.0,516.0
0.0,3009.0,1649.0,1539.0,1605.0,1652.0,556.0,553.0,543.0,512.0,511.0,516.0,553.0,553.0,543.0,996.0,999.0,1014.0,556.0,553.0,543.0,512.0,511.0,516.0
0.0,2965.0,1478.0,1537.0,1652.0,1472.0,496.0,506.0,470.0,512.0,511.0,514.0,496.0,506.0,476.0,980.0,980.0,1005.0,496.0,506.0,470.0,512.0,511.0,514.0
0.0,3139.0,1710.0,1542.0,1472.0,1725.0,593.0,566.0,566.0,514.0,512.0,516.0,587.0,563.0,560.0,1040.0,1027.0,1072.0,593.0,566.0,566.0,514.0,512.0,516.0
0.0,2901.0,1692.0,1542.0,1725.0,1692.0,563.0,598.0,531.0,514.0,513.0,515.0,563.0,595.0,534.0,949.0,970.0,982.0,563.0,598.0,531.0,514.0,513.0,515.0
0.0,2934.0,1632.0,1543.0,1692.0,1635.0,540.0,569.0,526.0,514.0,514.0,515.0,540.0,566.0,526.0,979.0,941.0,1014.0,540.0,569.0,526.0,514.0,514.0,515.0
0.0,2994.0,1652.0,1546.0,1635.0,1661.0,547.0,549.0,565.0,515.0,515.0,516.0,544.0,546.0,562.0,1002.0,973.0,1019.0,547.0,549.0,565.0,515.0,515.0,516.0
0.0,2977.0,1580.0,1549.0,1661.0,1589.0,517.0,507.0,565.0,516.0,515.0,518.0,514.0,507.0,559.0,998.0,996.0,983.0,517.0,507.0,565.0,516.0,515.0,518.0
0.0,3058.0,1671.0,1550.0,1589.0,1674.0,545.0,558.0,571.0,516.0,516.0,518.0,545.0,555.0,571.0,1031.0,1038.0,989.0,545.0,558.0,571.0,516.0,516.0,518.0
0.0,2976.0,1576.0,1553.0,1674.0,1585.0,525.0,503.0,557.0,517.0,516.0,520.0,522.0,503.0,551.0,1003.0,990.0,983.0,525.0,503.0,557.0,517.0,516.0,520.0
0.0,3074.0,1611.0,1555.0,1585.0,1617.0,509.0,552.0,556.0,517.0,517.0,521.0,509.0,549.0,553.0,1026.0,1045.0,1003.0,509.0,552.0,556.0,517.0,517.0,521.0
0.0,3048.0,1452.0,1555.0,1617.0,1452.0,492.0,488.0,472.0,517.0,517.0,521.0,492.0,488.0,472.0,1042.0,999.0,1007.0,492.0,488.0,472.0,517.0,517.0,521.0
0.0,3213.0,1438.0,1555.0,1452.0,1438.0,463.0,500.0,475.0,517.0,517.0,521.0,463.0,500.0,475.0,1059.0,1063.0,1091.0,463.0,500.0,475.0,517.0,517.0,521.0
0.0,3227.0,1453.0,1554.0,1438.0,1450.0,472.0,530.0,448.0,517.0,518.0,519.0,472.0,527.0,454.0,1088.0,1051.0,1088.0,472.0,530.0,448.0,517.0,518.0,519.0
0.0,3212.0,1587.0,1560.0,1450.0,1605.0,542.0,554.0,509.0,519.0,520.0,521.0,536.0,548.0,503.0,1079.0,1024.0,1109.0,542.0,554.0,509.0,519.0,520.0,521.0
0.0,3075.0,1492.0,1560.0,1605.0,1492.0,502.0,508.0,482.0,519.0,520.0,521.0,502.0,508.0,482.0,1015.0,1006.0,1054.0,502.0,508.0,482.0,519.0,520.0,521.0
0.0,3188.0,1552.0,1560.0,1492.0,1552.0,528.0,505.0,519.0,519.0,520.0,521.0,528.0,505.0,519.0,1055.0,1052.0,1081.0,528.0,505.0,519.0,519.0,520.0,521.0
0.0,3128.0,1677.0,1562.0,1552.0,1683.0,602.0,526.0,555.0,521.0,520.0,521.0,596.0,526.0,555.0,1029.0,1055.0,1044.0,602.0,526.0,555.0,521.0,520.0,521.0
0.0,3003.0,1737.0,1568.0,1683.0,1755.0,589.0,584.0,582.0,523.0,522.0,523.0,583.0,578.0,576.0,961.0,1034.0,1008.0,589.0,584.0,582.0,523.0,522.0,523.0
0.0,2949.0,1613.0,1570.0,1755.0,1619.0,532.0,527.0,560.0,524.0,522.0,524.0,529.0,527.0,557.0,980.0,982.0,987.0,532.0,527.0,560.0,524.0,522.0,524.0
0.0,3091.0,1654.0,1573.0,1619.0,1663.0,530.0,565.0,568.0,524.0,523.0,526.0,530.0,562.0,562.0,1040.0,1039.0,1012.0,530.0,565.0,568.0,524.0,523.0,526.0
0.0,3056.0,1618.0,1574.0,1663.0,1621.0,540.0,522.0,559.0,524.0,524.0,526.0,540.0,519.0,559.0,1042.0,1004.0,1010.0,540.0,522.0,559.0,524.0,524.0,526.0
0.0,3101.0,1632.0,1575.0,1621.0,1635.0,535.0,533.0,567.0,524.0,524.0,527.0,535.0,533.0,564.0,1032.0,1050.0,1019.0,535.0,533.0,567.0,524.0,524.0,527.0
0.0,3090.0,1500.0,1577.0,1635.0,1506.0,518.0,487.0,501.0,524.0,525.0,528.0,518.0,484.0,498.0,1037.0,1039.0,1014.0,518.0,487.0,501.0,524.0,525.0,528.0
0.0,3225.0,1609.0,1579.0,1506.0,1615.0,556.0,529.0,530.0,525.0,526.0,528.0,553.0,526.0,530.0,1054.0,1088.0,1083.0,556.0,529.0,530.0,525.0,526.0,528.0
0.0,3122.0,1477.0,1579.0,1615.0,1477.0,494.0,485.0,498.0,526.0,525.0,528.0,491.0,488.0,498.0,1019.0,1049.0,1054.0,494.0,485.0,498.0,526.0,525.0,528.0
0.0,3260.0,1543.0,1581.0,1477.0,1549.0,538.0,494.0,517.0,527.0,525.0,529.0,535.0,494.0,514.0,1084.0,1090.0,1086.0,538.0,494.0,517.0,527.0,525.0,529.0
0.0,3194.0,1691.0,1583.0,1549.0,1697.0,598.0,564.0,535.0,528.0,526.0,529.0,595.0,561.0,535.0,1043.0,1081.0,1070.0,598.0,564.0,535.0,528.0,526.0,529.0
0.0,3052.0,1709.0,1587.0,1697.0,1721.0,550.0,564.0,607.0,529.0,527.0,531.0,547.0,561.0,601.0,986.0,1014.0,1052.0,550.0,564.0,607.0,529.0,527.0,531.0
0.0,3040.0,1767.0,1590.0,1721.0,1776.0,588.0,557.0,631.0,530.0,527.0,533.0,585.0,557.0,625.0,1037.0,1017.0,986.0,588.0,557.0,631.0,530.0,527.0,533.0
0.0,2994.0,1729.0,1593.0,1776.0,1738.0,591.0,582.0,565.0,531.0,528.0,534.0,588.0,579.0,562.0,1002.0,1024.0,968.0,591.0,582.0,565.0,531.0,528.0,534.0
0.0,3041.0,1733.0,1595.0,1738.0,1739.0,552.0,596.0,591.0,531.0,529.0,535.0,552.0,593.0,588.0,1002.0,1002.0,1037.0,552.0,596.0,591.0,531.0,529.0,535.0
0.0,3046.0,1678.0,1595.0,1739.0,1678.0,575.0,560.0,543.0,531.0,529.0,535.0,575.0,560.0,543.0,1041.0,991.0,1014.0,575.0,560.0,543.0,531.0,529.0,535.0
0.0,3107.0,1683.0,1599.0,1678.0,1695.0,537.0,568.0,590.0,533.0,530.0,536.0,531.0,565.0,587.0,1018.0,1027.0,1062.0,537.0,568.0,590.0,533.0,530.0,536.0
0.0,3102.0,1597.0,1602.0,1695.0,1606.0,538.0,525.0,543.0,534.0,531.0,537.0,535.0,522.0,540.0,1062.0,1022.0,1018.0,538.0,525.0,543.0,534.0,531.0,537.0
0.0,3200.0,1573.0,1601.0,1606.0,1570.0,545.0,518.0,507.0,534.0,531.0,536.0,545.0,518.0,510.0,1064.0,1068.0,1068.0,545.0,518.0,507.0,534.0,531.0,536.0
0.0,3233.0,1530.0,1598.0,1570.0,1521.0,521.0,528.0,472.0,533.0,530.0,535.0,524.0,531.0,475.0,1057.0,1075.0,1101.0,521.0,528.0,472.0,533.0,530.0,535.0
0.0,3273.0,1506.0,1597.0,1521.0,1503.0,524.0,491.0,488.0,533.0,530.0,534.0,524.0,491.0,491.0,1078.0,1062.0,1133.0,524.0,491.0,488.0,533.0,530.0,534.0
0.0,3288.0,1524.0,1597.0,1503.0,1524.0,485.0,529.0,510.0,533.0,530.0,534.0,485.0,529.0,510.0,1075.0,1099.0,1114.0,485.0,529.0,510.0,533.0,530.0,534.0
0.0,3267.0,1590.0,1597.0,1524.0,1590.0,505.0,537.0,548.0,532.0,531.0,534.0,508.0,534.0,548.0,1114.0,1061.0,1092.0,505.0,537.0,548.0,532.0,531.0,534.0
0.0,3201.0,1605.0,1598.0,1590.0,1608.0,544.0,528.0,536.0,533.0,531.0,534.0,541.0,528.0,536.0,1091.0,1056.0,1054.0,544.0,528.0,536.0,533.0,531.0,534.0
0.0,3186.0,1626.0,1599.0,1608.0,1629.0,531.0,542.0,556.0,533.0,531.0,535.0,531.0,542.0,553.0,1055.0,1065.0,1066.0,531.0,542.0,556.0,533.0,531.0,535.0
0.0,3168.0,1647.0,1602.0,1629.0,1656.0,566.0,529.0,561.0,534.0,532.0,536.0,563.0,526.0,558.0,1068.0,1051.0,1049.0,566.0,529.0,561.0,534.0,532.0,536.0
0.0,3150.0,1771.0,1604.0,1656.0,1777.0,606.0,574.0,597.0,535.0,532.0,537.0,603.0,574.0,594.0,1036.0,1067.0,1047.0,606.0,574.0,597.0,535.0,532.0,537.0
0.0,3035.0,1774.0,1607.0,1777.0,1783.0,604.0,570.0,609.0,536.0,533.0,538.0,601.0,567.0,606.0,999.0,1022.0,1014.0,604.0,570.0,609.0,536.0,533.0,538.0
0.0,3038.0,1659.0,1609.0,1783.0,1665.0,529.0,551.0,585.0,536.0,533.0,540.0,529.0,551.0,579.0,1004.0,1029.0,1005.0,529.0,551.0,585.0,536.0,533.0,540.0
0.0,3162.0,1615.0,1609.0,1665.0,1615.0,523.0,543.0,549.0,536.0,533.0,540.0,523.0,543.0,549.0,1079.0,1048.0,1035.0,523.0,543.0,549.0,536.0,533.0,540.0
0.0,3212.0,1673.0,1611.0,1615.0,1679.0,571.0,572.0,536.0,538.0,534.0,539.0,565.0,569.0,539.0,1085.0,1056.0,1071.0,571.0,572.0,536.0,538.0,534.0,539.0
0.0,3154.0,1708.0,1613.0,1679.0,1714.0,585.0,576.0,553.0,539.0,535.0,539.0,582.0,573.0,553.0,1043.0,1030.0,1081.0,585.0,576.0,553.0,539.0,535.0,539.0
0.0,3125.0,1650.0,1614.0,1714.0,1653.0,568.0,556.0,529.0,539.0,536.0,539.0,568.0,553.0,529.0,1032.0,1029.0,1064.0,568.0,556.0,529.0,539.0,536.0,539.0
0.0,3189.0,1577.0,1617.0,1653.0,1586.0,542.0,544.0,500.0,540.0,538.0,539.0,539.0,538.0,500.0,1049.0,1052.0,1088.0,542.0,544.0,500.0,540.0,538.0,539.0
0.0,3265.0,1730.0,1619.0,1586.0,1736.0,591.0,547.0,598.0,541.0,538.0,540.0,588.0,547.0,595.0,1078.0,1070.0,1117.0,591.0,547.0,598.0,541.0,538.0,540.0
0.0,3121.0,1578.0,1620.0,1736.0,1581.0,528.0,502.0,551.0,541.0,538.0,541.0,528.0,502.0,548.0,1032.0,1067.0,1022.0,528.0,502.0,551.0,541.0,538.0,541.0
0.0,3279.0,1625.0,1619.0,1581.0,1622.0,540.0,517.0,565.0,541.0,537.0,541.0,540.0,520.0,565.0,1095.0,1112.0,1072.0,540.0,517.0,565.0,541.0,537.0,541.0
0.0,3235.0,1682.0,1622.0,1622.0,1691.0,571.0,511.0,609.0,542.0,537.0,543.0,568.0,511.0,603.0,1083.0,1094.0,1058.0,571.0,511.0,609.0,542.0,537.0,543.0
0.0,3175.0,1724.0,1623.0,1691.0,1727.0,549.0,590.0,588.0,541.0,538.0,544.0,552.0,587.0,585.0,1055.0,1100.0,1020.0,549.0,590.0,588.0,541.0,538.0,544.0
0.0,3142.0,1805.0,1626.0,1727.0,1814.0,575.0,610.0,629.0,542.0,538.0,546.0,572.0,610.0,623.0,1074.0,1024.0,1044.0,575.0,610.0,629.0,542.0,538.0,546.0
0.0,3064.0,1783.0,1628.0,1814.0,1789.0,578.0,616.0,595.0,542.0,539.0,547.0,578.0,613.0,592.0,1051.0,1004.0,1009.0,578.0,616.0,595.0,542.0,539.0,547.0
0.0,3095.0,1757.0,1630.0,1789.0,1763.0,587.0,613.0,563.0,543.0,540.0,547.0,584.0,610.0,563.0,1048.0,1001.0,1046.0,587.0,613.0,563.0,543.0,540.0,547.0
0.0,3127.0,1688.0,1632.0,1763.0,1694.0,580.0,547.0,567.0,544.0,541.0,547.0,577.0,544.0,567.0,1042.0,1007.0,1078.0,580.0,547.0,567.0,544.0,541.0,547.0
0.0,3202.0,1649.0,1631.0,1694.0,1646.0,552.0,571.0,523.0,544.0,541.0,546.0,552.0,571.0,526.0,1052.0,1076.0,1074.0,552.0,571.0,523.0,544.0,541.0,546.0
0.0,3247.0,1561.0,1631.0,1646.0,1561.0,547.0,504.0,510.0,545.0,541.0,545.0,544.0,504.0,513.0,1080.0,1052.0,1115.0,547.0,504.0,510.0,545.0,541.0,545.0
0.0,3332.0,1647.0,1632.0,1561.0,1650.0,581.0,536.0,533.0,546.0,541.0,545.0,578.0,536.0,533.0,1088.0,1119.0,1125.0,581.0,536.0,533.0,546.0,541.0,545.0
0.0,3246.0,1561.0,1635.0,1650.0,1570.0,538.0,518.0,514.0,547.0,542.0,546.0,535.0,515.0,511.0,1057.0,1087.0,1102.0,538.0,518.0,514.0,547.0,542.0,546.0
0.0,3335.0,1618.0,1638.0,1570.0,1627.0,528.0,522.0,577.0,548.0,542.0,548.0,525.0,522.0,571.0,1103.0,1108.0,1124.0,528.0,522.0,577.0,548.0,542.0,548.0
0.0,3287.0,1687.0,1642.0,1627.0,1699.0,568.0,579.0,552.0,550.0,543.0,549.0,562.0,576.0,549.0,1116.0,1104.0,1067.0,568.0,579.0,552.0,550.0,543.0,549.0
0.0,3227.0,1744.0,1645.0,1699.0,1753.0,559.0,600.0,594.0,550.0,544.0,551.0,559.0,597.0,588.0,1082.0,1050.0,1095.0,559.0,600.0,594.0,550.0,544.0,551.0
0.0,3182.0,1671.0,1649.0,1753.0,1683.0,527.0,585.0,571.0,551.0,545.0,553.0,524.0,582.0,565.0,1091.0,1032.0,1059.0,527.0,585.0,571.0,551.0,545.0,553.0
0.0,3264.0,1759.0,1653.0,1683.0,1771.0,591.0,596.0,584.0,552.0,547.0,554.0,588.0,590.0,581.0,1126.0,1050.0,1088.0,591.0,596.0,584.0,552.0,547.0,554.0
0.0,3188.0,1728.0,1654.0,1771.0,1731.0,581.0,567.0,583.0,552.0,548.0,554.0,581.0,564.0,583.0,1065.0,1045.0,1078.0,581.0,567.0,583.0,552.0,548.0,554.0
0.0,3231.0,1677.0,1653.0,1731.0,1674.0,582.0,534.0,558.0,552.0,547.0,554.0,582.0,537.0,558.0,1075.0,1077.0,1079.0,582.0,534.0,558.0,552.0,547.0,554.0
0.0,3285.0,1761.0,1656.0,1674.0,1770.0,590.0,581.0,599.0,553.0,548.0,555.0,587.0,578.0,596.0,1074.0,1107.0,1104.0,590.0,581.0,599.0,553.0,548.0,555.0
0.0,3198.0,1739.0,1657.0,1770.0,1742.0,574.0,595.0,573.0,554.0,548.0,555.0,571.0,595.0,573.0,1069.0,1063.0,1066.0,574.0,595.0,573.0,554.0,548.0,555.0
0.0,3229.0,1640.0,1658.0,1742.0,1643.0,543.0,556.0,544.0,554.0,549.0,555.0,543.0,553.0,544.0,1088.0,1049.0,1092.0,543.0,556.0,544.0,554.0,549.0,555.0
0.0,3331.0,1718.0,1658.0,1643.0,1718.0,577.0,599.0,542.0,554.0,550.0,554.0,577.0,596.0,545.0,1119.0,1091.0,1121.0,577.0,599.0,542.0,554.0,550.0,554.0
0.0,3256.0,1672.0,1662.0,1718.0,1684.0,571.0,580.0,533.0,555.0,552.0,555.0,568.0,574.0,530.0,1085.0,1051.0,1120.0,571.0,580.0,533.0,555.0,552.0,555.0
0.0,3302.0,1658.0,1663.0,1684.0,1661.0,557.0,556.0,548.0,555.0,553.0,555.0,557.0,553.0,548.0,1094.0,1076.0,1132.0,557.0,556.0,548.0,555.0,553.0,555.0
0.0,3328.0,1654.0,1667.0,1661.0,1666.0,561.0,557.0,548.0,557.0,554.0,556.0,555.0,554.0,545.0,1108.0,1103.0,1117.0,561.0,557.0,548.0,557.0,554.0,556.0
0.0,3335.0,1671.0,1669.0,1666.0,1677.0,529.0,570.0,578.0,557.0,555.0,557.0,529.0,567.0,575.0,1110.0,1105.0,1120.0,529.0,570.0,578.0,557.0,555.0,557.0
0.0,3330.0,1594.0,1667.0,1677.0,1588.0,515.0,517.0,556.0,555.0,554.0,558.0,521.0,520.0,553.0,1142.0,1095.0,1093.0,515.0,517.0,556.0,555.0,554.0,558.0
0.0,3413.0,1705.0,1668.0,1588.0,1708.0,544.0,572.0,592.0,555.0,555.0,558.0,544.0,569.0,592.0,1150.0,1145.0,1118.0,544.0,572.0,592.0,555.0,555.0,558.0
0.0,3296.0,1712.0,1666.0,1708.0,1706.0,589.0,568.0,549.0,555.0,555.0,556.0,589.0,568.0,555.0,1121.0,1093.0,1082.0,589.0,568.0,549.0,555.0,555.0,556.0
0.0,3292.0,1757.0,1667.0,1706.0,1760.0,615.0,571.0,574.0,556.0,555.0,556.0,612.0,571.0,574.0,1076.0,1097.0,1119.0,615.0,571.0,574.0,556.0,555.0,556.0
0.0,3241.0,1822.0,1668.0,1760.0,1825.0,619.0,623.0,583.0,557.0,555.0,556.0,616.0,623.0,583.0,1053.0,1094.0,1094.0,619.0,623.0,583.0,557.0,555.0,556.0
0.0,3179.0,1764.0,1670.0,1825.0,1770.0,581.0,610.0,579.0,557.0,556.0,557.0,581.0,607.0,576.0,1052.0,1042.0,1085.0,581.0,610.0,579.0,557.0,556.0,557.0
0.0,3240.0,1741.0,1671.0,1770.0,1744.0,581.0,583.0,580.0,558.0,556.0,557.0,578.0,583.0,580.0,1090.0,1058.0,1092.0,581.0,583.0,580.0,558.0,556.0,557.0
0.0,3269.0,1732.0,1675.0,1744.0,1744.0,573.0,586.0,585.0,559.0,558.0,558.0,570.0,580.0,582.0,1093.0,1085.0,1091.0,573.0,586.0,585.0,559.0,558.0,558.0
0.0,3281.0,1734.0,1677.0,1744.0,1740.0,589.0,589.0,562.0,559.0,559.0,559.0,589.0,586.0,559.0,1104.0,1088.0,1089.0,589.0,589.0,562.0,559.0,559.0,559.0
0.0,3291.0,1802.0,1682.0,1740.0,1817.0,609.0,586.0,622.0,561.0,560.0,561.0,603.0,583.0,616.0,1088.0,1088.0,1115.0,609.0,586.0,622.0,561.0,560.0,561.0
0.0,3229.0,1756.0,1686.0,1817.0,1768.0,605.0,573.0,590.0,562.0,561.0,563.0,602.0,570.0,584.0,1074.0,1094.0,1061.0,605.0,573.0,590.0,562.0,561.0,563.0
0.0,3290.0,1671.0,1691.0,1768.0,1686.0,555.0,541.0,590.0,564.0,562.0,565.0,549.0,538.0,584.0,1081.0,1110.0,1099.0,555.0,541.0,590.0,564.0,562.0,565.0
0.0,3387.0,1648.0,1691.0,1686.0,1648.0,533.0,546.0,569.0,564.0,562.0,565.0,533.0,546.0,569.0,1137.0,1145.0,1105.0,533.0,546.0,569.0,564.0,562.0,565.0
0.0,3425.0,1742.0,1694.0,1648.0,1751.0,578.0,585.0,588.0,565.0,563.0,566.0,575.0,582.0,585.0,1159.0,1140.0,1126.0,578.0,585.0,588.0,565.0,563.0,566.0
0.0,3331.0,1687.0,1695.0,1751.0,1690.0,593.0,544.0,553.0,566.0,563.0,566.0,590.0,544.0,553.0,1117.0,1104.0,1110.0,593.0,544.0,553.0,566.0,563.0,566.0
0.0,3395.0,1813.0,1698.0,1690.0,1822.0,607.0,632.0,583.0,567.0,565.0,566.0,604.0,626.0,583.0,1105.0,1145.0,1145.0,607.0,632.0,583.0,567.0,565.0,566.0
0.0,3272.0,1781.0,1699.0,1822.0,1784.0,602.0,626.0,556.0,567.0,566.0,566.0,602.0,623.0,556.0,1094.0,1063.0,1115.0,602.0,626.0,556.0,567.0,566.0,566.0
0.0,3313.0,1847.0,1700.0,1784.0,1850.0,606.0,622.0,622.0,567.0,567.0,566.0,606.0,619.0,622.0,1099.0,1072.0,1142.0,606.0,622.0,622.0,567.0,567.0,566.0
0.0,3250.0,1785.0,1702.0,1850.0,1791.0,595.0,594.0,602.0,568.0,568.0,566.0,592.0,591.0,602.0,1095.0,1079.0,1076.0,595.0,594.0,602.0,568.0,568.0,566.0
0.0,3315.0,1750.0,1704.0,1791.0,1756.0,583.0,570.0,603.0,569.0,568.0,567.0,580.0,570.0,600.0,1109.0,1110.0,1096.0,583.0,570.0,603.0,569.0,568.0,567.0
0.0,3356.0,1727.0,1705.0,1756.0,1730.0,573.0,585.0,572.0,569.0,568.0,568.0,573.0,585.0,569.0,1124.0,1134.0,1098.0,573.0,585.0,572.0,569.0,568.0,568.0
0.0,3385.0,1782.0,1707.0,1730.0,1788.0,587.0,613.0,588.0,569.0,569.0,569.0,587.0,610.0,585.0,1134.0,1119.0,1132.0,587.0,613.0,588.0,569.0,569.0,569.0
0.0,3333.0,1726.0,1709.0,1788.0,1732.0,557.0,584.0,591.0,569.0,570.0,570.0,557.0,581.0,588.0,1120.0,1094.0,1119.0,557.0,584.0,591.0,569.0,570.0,570.0
0.0,3395.0,1690.0,1711.0,1732.0,1696.0,563.0,569.0,564.0,570.0,570.0,571.0,560.0,569.0,561.0,1150.0,1126.0,1119.0,563.0,569.0,564.0,570.0,570.0,571.0
0.0,3437.0,1704.0,1710.0,1696.0,1701.0,548.0,586.0,567.0,569.0,571.0,570.0,551.0,583.0,570.0,1147.0,1141.0,1149.0,548.0,586.0,567.0,569.0,571.0,570.0
0.0,3429.0,1605.0,1710.0,1701.0,1605.0,506.0,557.0,542.0,568.0,572.0,570.0,509.0,554.0,542.0,1159.0,1127.0,1143.0,506.0,557.0,542.0,568.0,572.0,570.0
0.0,3525.0,1657.0,1711.0,1605.0,1660.0,523.0,596.0,541.0,568.0,573.0,570.0,523.0,593.0,541.0,1198.0,1159.0,1168.0,523.0,596.0,541.0,568.0,573.0,570.0
0.0,3473.0,1721.0,1712.0,1660.0,1724.0,606.0,562.0,556.0,569.0,574.0,569.0,603.0,559.0,559.0,1181.0,1123.0,1169.0,606.0,562.0,556.0,569.0,574.0,569.0
0.0,3412.0,1724.0,1712.0,1724.0,1724.0,610.0,560.0,554.0,570.0,574.0,568.0,607.0,560.0,557.0,1101.0,1160.0,1151.0,610.0,560.0,554.0,570.0,574.0,568.0
0.0,3412.0,1860.0,1714.0,1724.0,1866.0,623.0,613.0,630.0,571.0,574.0,569.0,620.0,613.0,627.0,1100.0,1162.0,1150.0,623.0,613.0,630.0,571.0,574.0,569.0
0.0,3276.0,1688.0,1712.0,1866.0,1682.0,568.0,562.0,552.0,571.0,573.0,568.0,568.0,565.0,555.0,1090.0,1109.0,1077.0,568.0,562.0,552.0,571.0,573.0,568.0
0.0,3454.0,1889.0,1713.0,1682.0,1892.0,607.0,636.0,649.0,571.0,573.0,569.0,607.0,636.0,646.0,1145.0,1157.0,1152.0,607.0,636.0,649.0,571.0,573.0,569.0
0.0,3247.0,1740.0,1715.0,1892.0,1746.0,553.0,628.0,565.0,571.0,575.0,569.0,553.0,622.0,565.0,1106.0,1083.0,1058.0,553.0,628.0,565.0,571.0,575.0,569.0
0.0,3399.0,1818.0,1718.0,1746.0,1827.0,570.0,630.0,627.0,571.0,576.0,571.0,570.0,627.0,621.0,1160.0,1097.0,1142.0,570.0,630.0,627.0,571.0,576.0,571.0
0.0,3327.0,1729.0,1722.0,1827.0,1741.0,589.0,555.0,597.0,572.0,577.0,573.0,586.0,552.0,591.0,1143.0,1098.0,1086.0,589.0,555.0,597.0,572.0,577.0,573.0
0.0,3425.0,1691.0,1722.0,1741.0,1691.0,581.0,552.0,558.0,572.0,577.0,573.0,581.0,552.0,558.0,1127.0,1176.0,1122.0,581.0,552.0,558.0,572.0,577.0,573.0
0.0,3475.0,1735.0,1725.0,1691.0,1744.0,596.0,567.0,581.0,573.0,578.0,574.0,593.0,564.0,578.0,1135.0,1179.0,1161.0,596.0,567.0,581.0,573.0,578.0,574.0
0.0,3431.0,1584.0,1725.0,1744.0,1584.0,541.0,522.0,521.0,573.0,578.0,574.0,541.0,522.0,521.0,1123.0,1167.0,1141.0,541.0,522.0,521.0,573.0,578.0,574.0
0.0,3591.0,1744.0,1726.0,1584.0,1747.0,600.0,581.0,566.0,574.0,578.0,574.0,597.0,581.0,566.0,1178.0,1212.0,1201.0,600.0,581.0,566.0,574.0,578.0,574.0
0.0,3431.0,1629.0,1723.0,1747.0,1620.0,517.0,540.0,563.0,573.0,577.0,573.0,520.0,543.0,566.0,1122.0,1153.0,1156.0,517.0,540.0,563.0,573.0,577.0,573.0
0.0,3549.0,1805.0,1726.0,1620.0,1814.0,630.0,595.0,589.0,575.0,577.0,574.0,624.0,595.0,586.0,1202.0,1191.0,1156.0,630.0,595.0,589.0,575.0,577.0,574.0
0.0,3364.0,1782.0,1727.0,1814.0,1785.0,629.0,586.0,570.0,576.0,577.0,574.0,626.0,586.0,570.0,1095.0,1136.0,1133.0,629.0,586.0,570.0,576.0,577.0,574.0
0.0,3396.0,1782.0,1727.0,1785.0,1782.0,617.0,596.0,569.0,576.0,578.0,573.0,617.0,593.0,572.0,1099.0,1145.0,1152.0,617.0,596.0,569.0,576.0,578.0,573.0
0.0,3399.0,1854.0,1731.0,1782.0,1866.0,644.0,611.0,611.0,578.0,579.0,574.0,638.0,608.0,608.0,1111.0,1138.0,1150.0,644.0,611.0,611.0,578.0,579.0,574.0
0.0,3327.0,1746.0,1731.0,1866.0,1746.0,567.0,599.0,580.0,577.0,580.0,574.0,570.0,596.0,580.0,1090.0,1126.0,1111.0,567.0,599.0,580.0,577.0,580.0,574.0
0.0,3447.0,1742.0,1731.0,1746.0,1742.0,581.0,553.0,608.0,577.0,579.0,575.0,581.0,556.0,605.0,1164.0,1141.0,1142.0,581.0,553.0,608.0,577.0,579.0,575.0
0.0,3451.0,1838.0,1734.0,1742.0,1847.0,592.0,613.0,642.0,578.0,580.0,576.0,589.0,610.0,639.0,1150.0,1184.0,1117.0,592.0,613.0,642.0,578.0,580.0,576.0
0.0,3355.0,1756.0,1735.0,1847.0,1759.0,607.0,557.0,595.0,579.0,579.0,577.0,604.0,560.0,592.0,1142.0,1127.0,1086.0,607.0,557.0,595.0,579.0,579.0,577.0
0.0,3446.0,1767.0,1737.0,1759.0,1773.0,613.0,569.0,591.0,580.0,579.0,578.0,610.0,569.0,588.0,1130.0,1180.0,1136.0,613.0,569.0,591.0,580.0,579.0,578.0
0.0,3438.0,1665.0,1738.0,1773.0,1668.0,561.0,573.0,534.0,580.0,580.0,578.0,561.0,570.0,534.0,1127.0,1168.0,1143.0,561.0,573.0,534.0,580.0,580.0,578.0
0.0,3546.0,1784.0,1740.0,1668.0,1790.0,618.0,591.0,581.0,581.0,580.0,579.0,615.0,591.0,578.0,1179.0,1167.0,1200.0,618.0,591.0,581.0,581.0,580.0,579.0
0.0,3430.0,1727.0,1741.0,1790.0,1730.0,558.0,598.0,574.0,581.0,581.0,579.0,558.0,595.0,574.0,1125.0,1149.0,1156.0,558.0,598.0,574.0,581.0,581.0,579.0
0.0,3493.0,1672.0,1742.0,1730.0,1675.0,568.0,590.0,517.0,582.0,582.0,578.0,565.0,587.0,520.0,1185.0,1145.0,1163.0,568.0,590.0,517.0,582.0,582.0,578.0
0.0,3551.0,1823.0,1745.0,1675.0,1832.0,615.0,616.0,601.0,584.0,583.0,578.0,609.0,613.0,601.0,1178.0,1156.0,1217.0,615.0,616.0,601.0,584.0,583.0,578.0
0.0,3403.0,1832.0,1748.0,1832.0,1841.0,614.0,606.0,621.0,584.0,584.0,580.0,614.0,603.0,615.0,1137.0,1133.0,1133.0,614.0,606.0,621.0,584.0,584.0,580.0
0.0,3403.0,1812.0,1748.0,1841.0,1812.0,633.0,604.0,575.0,584.0,584.0,580.0,633.0,604.0,575.0,1138.0,1146.0,1119.0,633.0,604.0,575.0,584.0,584.0,580.0
0.0,3432.0,1775.0,1747.0,1812.0,1772.0,606.0,559.0,607.0,584.0,583.0,580.0,606.0,562.0,607.0,1119.0,1148.0,1165.0,606.0,559.0,607.0,584.0,583.0,580.0
0.0,3469.0,1832.0,1749.0,1772.0,1838.0,609.0,620.0,609.0,585.0,583.0,581.0,606.0,620.0,606.0,1146.0,1190.0,1133.0,609.0,620.0,609.0,585.0,583.0,581.0
0.0,3409.0,1795.0,1749.0,1838.0,1795.0,548.0,621.0,626.0,584.0,584.0,581.0,551.0,618.0,626.0,1146.0,1129.0,1134.0,548.0,621.0,626.0,584.0,584.0,581.0
0.0,3452.0,1825.0,1751.0,1795.0,1831.0,599.0,608.0,624.0,585.0,584.0,582.0,596.0,608.0,621.0,1204.0,1131.0,1117.0,599.0,608.0,624.0,585.0,584.0,582.0
0.0,3422.0,1761.0,1752.0,1831.0,1764.0,587.0,610.0,567.0,585.0,585.0,582.0,587.0,607.0,567.0,1156.0,1144.0,1122.0,587.0,610.0,567.0,585.0,585.0,582.0
0.0,3492.0,1795.0,1753.0,1764.0,1798.0,598.0,621.0,579.0,585.0,586.0,582.0,598.0,618.0,579.0,1168.0,1145.0,1179.0,598.0,621.0,579.0,585.0,586.0,582.0
0.0,3461.0,1703.0,1751.0,1798.0,1697.0,575.0,584.0,538.0,584.0,586.0,581.0,578.0,584.0,541.0,1157.0,1137.0,1167.0,575.0,584.0,538.0,584.0,586.0,581.0
0.0,3556.0,1746.0,1752.0,1697.0,1749.0,594.0,597.0,558.0,585.0,587.0,580.0,591.0,594.0,561.0,1177.0,1174.0,1205.0,594.0,597.0,558.0,585.0,587.0,580.0
0.0,3507.0,1683.0,1753.0,1749.0,1686.0,556.0,580.0,550.0,585.0,588.0,580.0,556.0,577.0,550.0,1161.0,1164.0,1182.0,556.0,580.0,550.0,585.0,588.0,580.0
0.0,3573.0,1737.0,1753.0,1686.0,1737.0,605.0,563.0,569.0,586.0,587.0,580.0,602.0,566.0,569.0,1199.0,1184.0,1190.0,605.0,563.0,569.0,586.0,587.0,580.0
0.0,3522.0,1789.0,1755.0,1737.0,1795.0,585.0,624.0,586.0,586.0,589.0,580.0,585.0,618.0,586.0,1153.0,1198.0,1171.0,585.0,624.0,586.0,586.0,589.0,580.0
0.0,3470.0,1811.0,1755.0,1795.0,1811.0,579.0,621.0,611.0,585.0,589.0,581.0,582.0,621.0,608.0,1173.0,1143.0,1154.0,579.0,621.0,611.0,585.0,589.0,581.0
0.0,3454.0,1847.0,1756.0,1811.0,1850.0,605.0,641.0,604.0,585.0,589.0,582.0,605.0,641.0,601.0,1176.0,1146.0,1132.0,605.0,641.0,604.0,585.0,589.0,582.0
0.0,3418.0,1889.0,1757.0,1850.0,1892.0,635.0,619.0,638.0,586.0,589.0,582.0,632.0,619.0,638.0,1150.0,1126.0,1142.0,635.0,619.0,638.0,586.0,589.0,582.0
0.0,3379.0,1923.0,1759.0,1892.0,1929.0,616.0,670.0,643.0,586.0,590.0,583.0,616.0,667.0,640.0,1123.0,1148.0,1108.0,616.0,670.0,643.0,586.0,590.0,583.0
0.0,3348.0,1837.0,1761.0,1929.0,1843.0,606.0,630.0,607.0,587.0,591.0,583.0,603.0,627.0,607.0,1142.0,1100.0,1106.0,606.0,630.0,607.0,587.0,591.0,583.0
0.0,3440.0,1807.0,1762.0,1843.0,1810.0,598.0,619.0,593.0,587.0,592.0,583.0,598.0,616.0,593.0,1155.0,1143.0,1142.0,598.0,619.0,593.0,587.0,592.0,583.0
0.0,3476.0,1768.0,1762.0,1810.0,1768.0,589.0,588.0,591.0,587.0,592.0,583.0,589.0,588.0,591.0,1163.0,1157.0,1156.0,589.0,588.0,591.0,587.0,592.0,583.0
0.0,3518.0,1660.0,1762.0,1768.0,1660.0,571.0,543.0,546.0,588.0,591.0,583.0,568.0,546.0,546.0,1172.0,1188.0,1158.0,571.0,543.0,546.0,588.0,591.0,583.0
0.0,3626.0,1765.0,1762.0,1660.0,1765.0,588.0,586.0,591.0,588.0,591.0,583.0,588.0,586.0,591.0,1193.0,1230.0,1203.0,588.0,586.0,591.0,588.0,591.0,583.0
0.0,3521.0,1741.0,1763.0,1765.0,1744.0,586.0,586.0,572.0,589.0,591.0,583.0,583.0,586.0,572.0,1176.0,1187.0,1158.0,586.0,586.0,572.0,589.0,591.0,583.0
0.0,3545.0,1798.0,1767.0,1744.0,1810.0,610.0,610.0,590.0,591.0,592.0,584.0,604.0,607.0,587.0,1181.0,1187.0,1177.0,610.0,610.0,590.0,591.0,592.0,584.0
0.0,3491.0,1796.0,1770.0,1810.0,1805.0,566.0,615.0,624.0,591.0,593.0,586.0,566.0,612.0,618.0,1163.0,1166.0,1162.0,566.0,615.0,624.0,591.0,593.0,586.0
0.0,3505.0,1748.0,1770.0,1805.0,1748.0,587.0,583.0,578.0,591.0,593.0,586.0,587.0,583.0,578.0,1207.0,1164.0,1134.0,587.0,583.0,578.0,591.0,593.0,586.0
0.0,3562.0,1902.0,1774.0,1748.0,1914.0,636.0,662.0,616.0,592.0,595.0,587.0,633.0,656.0,613.0,1186.0,1196.0,1180.0,636.0,662.0,616.0,592.0,595.0,587.0
0.0,3408.0,1954.0,1775.0,1914.0,1957.0,647.0,634.0,676.0,592.0,595.0,588.0,647.0,634.0,673.0,1140.0,1123.0,1145.0,647.0,634.0,676.0,592.0,595.0,588.0
0.0,3368.0,1911.0,1780.0,1957.0,1926.0,628.0,630.0,668.0,593.0,597.0,590.0,625.0,624.0,662.0,1129.0,1151.0,1088.0,628.0,630.0,668.0,593.0,597.0,590.0
0.0,3414.0,1813.0,1778.0,1926.0,1807.0,592.0,602.0,613.0,593.0,596.0,589.0,592.0,605.0,616.0,1151.0,1161.0,1102.0,592.0,602.0,613.0,593.0,596.0,589.0
0.0,3527.0,1941.0,1782.0,1807.0,1953.0,630.0,669.0,654.0,594.0,597.0,591.0,627.0,666.0,648.0,1187.0,1186.0,1154.0,630.0,669.0,654.0,594.0,597.0,591.0
0.0,3393.0,1823.0,1782.0,1953.0,1823.0,611.0,600.0,612.0,595.0,596.0,591.0,608.0,603.0,612.0,1152.0,1122.0,1119.0,611.0,600.0,612.0,595.0,596.0,591.0
0.0,3523.0,1896.0,1785.0,1823.0,1905.0,631.0,661.0,613.0,596.0,598.0,591.0,628.0,655.0,613.0,1174.0,1188.0,1161.0,631.0,661.0,613.0,596.0,598.0,591.0
0.0,3450.0,1827.0,1789.0,1905.0,1839.0,622.0,635.0,582.0,597.0,600.0,592.0,619.0,629.0,579.0,1157.0,1133.0,1160.0,622.0,635.0,582.0,597.0,600.0,592.0
0.0,3528.0,1813.0,1790.0,1839.0,1816.0,604.0,617.0,595.0,597.0,601.0,592.0,604.0,614.0,595.0,1169.0,1165.0,1194.0,604.0,617.0,595.0,597.0,601.0,592.0
0.0,3554.0,1746.0,1793.0,1816.0,1755.0,592.0,593.0,570.0,598.0,602.0,593.0,589.0,590.0,567.0,1187.0,1186.0,1181.0,592.0,593.0,570.0,598.0,602.0,593.0
0.0,3624.0,1876.0,1795.0,1755.0,1882.0,611.0,641.0,630.0,598.0,603.0,594.0,611.0,638.0,627.0,1202.0,1213.0,1209.0,611.0,641.0,630.0,598.0,603.0,594.0
0.0,3503.0,1787.0,1798.0,1882.0,1796.0,589.0,582.0,625.0,599.0,604.0,595.0,586.0,579.0,622.0,1183.0,1168.0,1152.0,589.0,582.0,625.0,599.0,604.0,595.0
0.0,3598.0,1879.0,1799.0,1796.0,1882.0,619.0,608.0,655.0,599.0,604.0,596.0,619.0,608.0,652.0,1208.0,1230.0,1160.0,619.0,608.0,655.0,599.0,604.0,596.0
0.0,3515.0,1885.0,1802.0,1882.0,1894.0,630.0,628.0,636.0,599.0,605.0,598.0,630.0,625.0,630.0,1178.0,1204.0,1133.0,630.0,628.0,636.0,599.0,605.0,598.0
0.0,3512.0,1827.0,1802.0,1894.0,1827.0,615.0,610.0,602.0,599.0,605.0,598.0,615.0,610.0,602.0,1167.0,1187.0,1158.0,615.0,610.0,602.0,599.0,605.0,598.0
0.0,3579.0,1922.0,1804.0,1827.0,1928.0,660.0,618.0,650.0,600.0,605.0,599.0,657.0,618.0,647.0,1182.0,1205.0,1192.0,660.0,618.0,650.0,600.0,605.0,599.0
0.0,3484.0,1891.0,1807.0,1928.0,1900.0,636.0,637.0,627.0,601.0,606.0,600.0,633.0,634.0,624.0,1140.0,1197.0,1147.0,636.0,637.0,627.0,601.0,606.0,600.0
0.0,3521.0,1914.0,1810.0,1900.0,1923.0,639.0,670.0,614.0,602.0,608.0,600.0,636.0,664.0,614.0,1167.0,1181.0,1173.0,639.0,670.0,614.0,602.0,608.0,600.0
0.0,3507.0,1906.0,1812.0,1923.0,1912.0,653.0,636.0,623.0,603.0,609.0,600.0,650.0,633.0,623.0,1167.0,1154.0,1186.0,653.0,636.0,623.0,603.0,609.0,600.0
0.0,3524.0,1716.0,1811.0,1912.0,1713.0,597.0,568.0,548.0,603.0,609.0,599.0,597.0,568.0,551.0,1156.0,1191.0,1177.0,597.0,568.0,548.0,603.0,609.0,599.0
0.0,3720.0,1742.0,1810.0,1713.0,1739.0,606.0,549.0,584.0,603.0,608.0,599.0,606.0,552.0,584.0,1212.0,1259.0,1249.0,606.0,549.0,584.0,603.0,608.0,599.0
0.0,3691.0,1741.0,1811.0,1739.0,1744.0,588.0,584.0,572.0,603.0,609.0,599.0,588.0,581.0,572.0,1203.0,1275.0,1213.0,588.0,584.0,572.0,603.0,609.0,599.0
0.0,3689.0,1805.0,1812.0,1744.0,1808.0,613.0,601.0,594.0,603.0,609.0,600.0,613.0,601.0,591.0,1221.0,1243.0,1225.0,613.0,601.0,594.0,603.0,609.0,600.0
0.0,3628.0,1716.0,1811.0,1808.0,1713.0,560.0,538.0,615.0,603.0,608.0,600.0,560.0,541.0,615.0,1196.0,1226.0,1206.0,560.0,538.0,615.0,603.0,608.0,600.0
0.0,3720.0,1932.0,1817.0,1713.0,1950.0,643.0,656.0,651.0,605.0,609.0,603.0,637.0,653.0,642.0,1249.0,1286.0,1185.0,643.0,656.0,651.0,605.0,609.0,603.0
0.0,3501.0,1876.0,1817.0,1950.0,1876.0,625.0,632.0,619.0,605.0,609.0,603.0,625.0,632.0,619.0,1172.0,1171.0,1158.0,625.0,632.0,619.0,605.0,609.0,603.0
0.0,3575.0,1824.0,1817.0,1876.0,1824.0,623.0,605.0,596.0,605.0,609.0,603.0,623.0,605.0,596.0,1190.0,1195.0,1190.0,623.0,605.0,596.0,605.0,609.0,603.0
0.0,3627.0,1946.0,1820.0,1824.0,1955.0,655.0,650.0,650.0,606.0,610.0,604.0,652.0,647.0,647.0,1192.0,1222.0,1213.0,655.0,650.0,650.0,606.0,610.0,604.0
0.0,3505.0,1859.0,1822.0,1955.0,1865.0,623.0,640.0,602.0,606.0,612.0,604.0,623.0,634.0,602.0,1163.0,1180.0,1162.0,623.0,640.0,602.0,606.0,612.0,604.0
0.0,3601.0,1850.0,1823.0,1865.0,1853.0,608.0,611.0,634.0,606.0,612.0,605.0,608.0,611.0,631.0,1195.0,1196.0,1210.0,608.0,611.0,634.0,606.0,612.0,605.0
0.0,3616.0,1811.0,1822.0,1853.0,1808.0,606.0,603.0,599.0,607.0,611.0,604.0,603.0,606.0,602.0,1210.0,1225.0,1181.0,606.0,603.0,599.0,607.0,611.0,604.0
0.0,3658.0,1836.0,1822.0,1808.0,1836.0,613.0,598.0,625.0,607.0,611.0,604.0,613.0,598.0,625.0,1215.0,1230.0,1213.0,613.0,598.0,625.0,607.0,611.0,604.0
0.0,3630.0,1815.0,1824.0,1836.0,1821.0,626.0,577.0,618.0,608.0,611.0,605.0,623.0,577.0,615.0,1208.0,1235.0,1187.0,626.0,577.0,618.0,608.0,611.0,605.0
0.0,3651.0,1908.0,1826.0,1821.0,1914.0,642.0,648.0,624.0,609.0,611.0,606.0,639.0,648.0,621.0,1198.0,1256.0,1197.0,642.0,648.0,624.0,609.0,611.0,606.0
0.0,3564.0,1846.0,1829.0,1914.0,1855.0,625.0,610.0,620.0,610.0,612.0,607.0,622.0,607.0,617.0,1185.0,1185.0,1194.0,625.0,610.0,620.0,610.0,612.0,607.0
0.0,3632.0,1741.0,1828.0,1855.0,1738.0,571.0,586.0,581.0,609.0,611.0,608.0,574.0,589.0,578.0,1205.0,1226.0,1201.0,571.0,586.0,581.0,609.0,611.0,608.0
0.0,3746.0,1887.0,1832.0,1738.0,1899.0,619.0,643.0,637.0,610.0,613.0,609.0,616.0,637.0,634.0,1256.0,1247.0,1243.0,619.0,643.0,637.0,610.0,613.0,609.0
0.0,3597.0,1850.0,1835.0,1899.0,1859.0,614.0,626.0,619.0,611.0,614.0,610.0,611.0,623.0,616.0,1211.0,1196.0,1190.0,614.0,626.0,619.0,611.0,614.0,610.0
0.0,3646.0,1877.0,1836.0,1859.0,1880.0,616.0,612.0,652.0,611.0,614.0,611.0,616.0,612.0,649.0,1219.0,1216.0,1211.0,616.0,612.0,652.0,611.0,614.0,611.0
0.0,3628.0,1803.0,1836.0,1880.0,1803.0,612.0,586.0,605.0,612.0,613.0,611.0,609.0,589.0,605.0,1217.0,1230.0,1181.0,612.0,586.0,605.0,612.0,613.0,611.0
0.0,3705.0,1877.0,1837.0,1803.0,1880.0,629.0,630.0,621.0,612.0,613.0,612.0,629.0,630.0,618.0,1224.0,1253.0,1228.0,629.0,630.0,621.0,612.0,613.0,612.0
0.0,3631.0,1883.0,1836.0,1880.0,1880.0,643.0,631.0,606.0,612.0,613.0,611.0,643.0,631.0,609.0,1207.0,1209.0,1215.0,643.0,631.0,606.0,612.0,613.0,611.0
0.0,3628.0,1800.0,1834.0,1880.0,1794.0,601.0,602.0,591.0,612.0,612.0,610.0,601.0,605.0,594.0,1193.0,1208.0,1227.0,601.0,602.0,591.0,612.0,612.0,610.0
0.0,3708.0,2089.0,1840.0,1794.0,2107.0,685.0,731.0,691.0,614.0,614.0,612.0,679.0,725.0,685.0,1235.0,1234.0,1239.0,685.0,731.0,691.0,614.0,614.0,612.0
0.0,3413.0,1828.0,1839.0,2107.0,1825.0,586.0,614.0,625.0,613.0,614.0,612.0,589.0,614.0,625.0,1157.0,1111.0,1145.0,586.0,614.0,625.0,613.0,614.0,612.0
0.0,3692.0,1934.0,1842.0,1825.0,1943.0,652.0,649.0,642.0,614.0,615.0,613.0,649.0,646.0,639.0,1253.0,1228.0,1211.0,652.0,649.0,642.0,614.0,615.0,613.0
0.0,3583.0,1940.0,1848.0,1943.0,1958.0,642.0,652.0,664.0,616.0,617.0,615.0,636.0,646.0,658.0,1190.0,1196.0,1197.0,642.0,652.0,664.0,616.0,617.0,615.0
0.0,3586.0,1855.0,1850.0,1958.0,1861.0,615.0,595.0,651.0,616.0,617.0,617.0,615.0,595.0,645.0,1206.0,1199.0,1181.0,615.0,595.0,651.0,616.0,617.0,617.0
0.0,3689.0,1802.0,1851.0,1861.0,1805.0,617.0,580.0,608.0,617.0,617.0,617.0,614.0,580.0,608.0,1233.0,1256.0,1200.0,617.0,580.0,608.0,617.0,617.0,617.0
0.0,3748.0,1796.0,1851.0,1805.0,1796.0,574.0,608.0,614.0,616.0,617.0,618.0,577.0,608.0,611.0,1234.0,1271.0,1243.0,574.0,608.0,614.0,616.0,617.0,618.0
0.0,3757.0,1789.0,1852.0,1796.0,1792.0,576.0,601.0,615.0,617.0,617.0,618.0,573.0,601.0,615.0,1274.0,1243.0,1240.0,576.0,601.0,615.0,617.0,617.0,618.0
0.0,3764.0,1923.0,1854.0,1792.0,1929.0,651.0,661.0,617.0,618.0,618.0,618.0,648.0,658.0,617.0,1275.0,1250.0,1239.0,651.0,661.0,617.0,618.0,618.0,618.0
0.0,3633.0,1881.0,1854.0,1929.0,1881.0,643.0,631.0,607.0,618.0,618.0,618.0,643.0,631.0,607.0,1203.0,1193.0,1237.0,643.0,631.0,607.0,618.0,618.0,618.0
0.0,3681.0,2030.0,1856.0,1881.0,2036.0,695.0,706.0,635.0,619.0,619.0,618.0,692.0,703.0,635.0,1211.0,1223.0,1247.0,695.0,706.0,635.0,619.0,619.0,618.0
0.0,3532.0,1904.0,1855.0,2036.0,1901.0,663.0,628.0,610.0,619.0,619.0,617.0,663.0,628.0,613.0,1162.0,1151.0,1219.0,663.0,628.0,610.0,619.0,619.0,617.0
0.0,3664.0,1845.0,1855.0,1901.0,1845.0,613.0,624.0,608.0,620.0,619.0,616.0,610.0,624.0,611.0,1194.0,1229.0,1241.0,613.0,624.0,608.0,620.0,619.0,616.0
0.0,3720.0,1927.0,1855.0,1845.0,1927.0,650.0,639.0,638.0,620.0,619.0,616.0,650.0,639.0,638.0,1247.0,1233.0,1240.0,650.0,639.0,638.0,620.0,619.0,616.0
0.0,3638.0,1940.0,1858.0,1927.0,1949.0,641.0,648.0,660.0,621.0,620.0,617.0,638.0,645.0,657.0,1210.0,1218.0,1210.0,641.0,648.0,660.0,621.0,620.0,617.0
0.0,3625.0,1805.0,1856.0,1949.0,1799.0,614.0,557.0,628.0,621.0,618.0,617.0,614.0,563.0,628.0,1222.0,1212.0,1191.0,614.0,557.0,628.0,621.0,618.0,617.0
0.0,3769.0,1927.0,1858.0,1799.0,1933.0,648.0,631.0,654.0,621.0,618.0,619.0,648.0,631.0,648.0,1249.0,1297.0,1223.0,648.0,631.0,654.0,621.0,618.0,619.0
0.0,3641.0,1860.0,1859.0,1933.0,1863.0,628.0,606.0,629.0,622.0,618.0,619.0,625.0,606.0,629.0,1215.0,1223.0,1203.0,628.0,606.0,629.0,622.0,618.0,619.0
0.0,3714.0,1854.0,1861.0,1863.0,1860.0,614.0,609.0,637.0,622.0,618.0,621.0,614.0,609.0,631.0,1238.0,1248.0,1228.0,614.0,609.0,637.0,622.0,618.0,621.0
0.0,3723.0,1849.0,1860.0,1860.0,1846.0,604.0,643.0,599.0,622.0,618.0,620.0,604.0,643.0,602.0,1252.0,1245.0,1226.0,604.0,643.0,599.0,622.0,618.0,620.0
0.0,3734.0,1824.0,1861.0,1846.0,1827.0,607.0,604.0,616.0,622.0,619.0,620.0,607.0,601.0,616.0,1262.0,1211.0,1261.0,607.0,604.0,616.0,622.0,619.0,620.0
0.0,3756.0,1915.0,1861.0,1827.0,1915.0,650.0,653.0,612.0,623.0,619.0,619.0,647.0,653.0,615.0,1259.0,1253.0,1244.0,650.0,653.0,612.0,623.0,619.0,619.0
0.0,3668.0,1939.0,1862.0,1915.0,1942.0,689.0,626.0,627.0,624.0,619.0,619.0,686.0,626.0,627.0,1219.0,1204.0,1245.0,689.0,626.0,627.0,624.0,619.0,619.0
0.0,3644.0,1968.0,1865.0,1942.0,1977.0,666.0,656.0,655.0,625.0,620.0,620.0,663.0,653.0,652.0,1183.0,1231.0,1230.0,666.0,656.0,655.0,625.0,620.0,620.0
0.0,3618.0,1923.0,1865.0,1977.0,1923.0,620.0,643.0,660.0,624.0,621.0,620.0,623.0,640.0,660.0,1209.0,1204.0,1205.0,620.0,643.0,660.0,624.0,621.0,620.0
0.0,3672.0,1897.0,1866.0,1923.0,1900.0,623.0,683.0,594.0,624.0,622.0,620.0,623.0,680.0,594.0,1252.0,1220.0,1200.0,623.0,683.0,594.0,624.0,622.0,620.0
0.0,3698.0,1957.0,1866.0,1900.0,1957.0,651.0,620.0,686.0,624.0,621.0,621.0,651.0,623.0,683.0,1249.0,1183.0,1266.0,651.0,620.0,686.0,624.0,621.0,621.0
0.0,3641.0,1832.0,1865.0,1957.0,1829.0,610.0,608.0,611.0,624.0,620.0,621.0,610.0,611.0,611.0,1221.0,1243.0,1177.0,610.0,608.0,611.0,624.0,620.0,621.0
0.0,3766.0,2062.0,1872.0,1829.0,2083.0,675.0,718.0,690.0,625.0,623.0,624.0,672.0,709.0,681.0,1262.0,1252.0,1252.0,675.0,718.0,690.0,625.0,623.0,624.0
0.0,3533.0,1883.0,1874.0,2083.0,1889.0,645.0,609.0,635.0,626.0,624.0,624.0,642.0,606.0,635.0,1200.0,1151.0,1182.0,645.0,609.0,635.0,626.0,624.0,624.0
0.0,3733.0,1909.0,1877.0,1889.0,1918.0,661.0,638.0,619.0,627.0,625.0,625.0,658.0,635.0,616.0,1233.0,1263.0,1237.0,661.0,638.0,619.0,627.0,625.0,625.0
0.0,3713.0,1880.0,1879.0,1918.0,1886.0,630.0,628.0,628.0,627.0,626.0,626.0,630.0,625.0,625.0,1220.0,1237.0,1256.0,630.0,628.0,628.0,627.0,626.0,626.0
0.0,3751.0,1766.0,1880.0,1886.0,1769.0,586.0,581.0,602.0,628.0,626.0,626.0,583.0,581.0,602.0,1251.0,1250.0,1250.0,586.0,581.0,602.0,628.0,626.0,626.0
0.0,3871.0,1814.0,1878.0,1769.0,1808.0,592.0,628.0,588.0,627.0,626.0,625.0,595.0,628.0,591.0,1298.0,1297.0,1276.0,592.0,628.0,588.0,627.0,626.0,625.0
0.0,3826.0,1897.0,1878.0,1808.0,1897.0,644.0,639.0,614.0,627.0,626.0,625.0,644.0,639.0,614.0,1289.0,1250.0,1287.0,644.0,639.0,614.0,627.0,626.0,625.0
0.0,3737.0,1900.0,1879.0,1897.0,1903.0,649.0,629.0,625.0,628.0,626.0,625.0,646.0,629.0,625.0,1237.0,1239.0,1261.0,649.0,629.0,625.0,628.0,626.0,625.0
0.0,3734.0,1926.0,1879.0,1903.0,1926.0,629.0,676.0,621.0,627.0,627.0,625.0,632.0,673.0,621.0,1235.0,1249.0,1250.0,629.0,676.0,621.0,627.0,627.0,625.0
0.0,3711.0,1992.0,1882.0,1926.0,2001.0,660.0,671.0,670.0,628.0,628.0,626.0,657.0,668.0,667.0,1252.0,1205.0,1254.0,660.0,671.0,670.0,628.0,628.0,626.0
0.0,3645.0,2070.0,1885.0,2001.0,2079.0,673.0,702.0,704.0,629.0,629.0,627.0,670.0,699.0,701.0,1224.0,1213.0,1208.0,673.0,702.0,704.0,629.0,629.0,627.0
0.0,3576.0,1992.0,1890.0,2079.0,2007.0,654.0,678.0,675.0,630.0,631.0,629.0,651.0,672.0,669.0,1214.0,1185.0,1177.0,654.0,678.0,675.0,630.0,631.0,629.0
0.0,3663.0,1868.0,1890.0,2007.0,1868.0,600.0,636.0,632.0,630.0,631.0,629.0,600.0,636.0,632.0,1236.0,1215.0,1212.0,600.0,636.0,632.0,630.0,631.0,629.0
0.0,3802.0,1915.0,1891.0,1868.0,1918.0,655.0,621.0,642.0,630.0,632.0,629.0,655.0,618.0,642.0,1290.0,1257.0,1255.0,655.0,621.0,642.0,630.0,632.0,629.0
0.0,3755.0,1849.0,1891.0,1918.0,1849.0,629.0,582.0,638.0,630.0,631.0,630.0,629.0,585.0,635.0,1235.0,1275.0,1245.0,629.0,582.0,638.0,630.0,631.0,630.0
0.0,3824.0,1836.0,1890.0,1849.0,1833.0,618.0,613.0,602.0,630.0,631.0,629.0,618.0,613.0,605.0,1261.0,1311.0,1252.0,618.0,613.0,602.0,630.0,631.0,629.0
0.0,3837.0,1881.0,1894.0,1833.0,1893.0,648.0,622.0,623.0,632.0,632.0,630.0,642.0,619.0,620.0,1272.0,1280.0,1285.0,648.0,622.0,623.0,632.0,632.0,630.0
0.0,3789.0,1960.0,1894.0,1893.0,1960.0,645.0,661.0,654.0,632.0,632.0,630.0,645.0,661.0,654.0,1248.0,1274.0,1267.0,645.0,661.0,654.0,632.0,632.0,630.0
0.0,3722.0,1864.0,1895.0,1960.0,1867.0,605.0,634.0,628.0,632.0,632.0,631.0,605.0,634.0,625.0,1251.0,1235.0,1236.0,605.0,634.0,628.0,632.0,632.0,631.0
0.0,3818.0,1934.0,1896.0,1867.0,1937.0,654.0,652.0,631.0,633.0,633.0,630.0,651.0,649.0,634.0,1291.0,1262.0,1265.0,654.0,652.0,631.0,633.0,633.0,630.0
0.0,3751.0,2053.0,1900.0,1937.0,2065.0,697.0,666.0,702.0,634.0,634.0,632.0,694.0,663.0,696.0,1245.0,1247.0,1259.0,697.0,666.0,702.0,634.0,634.0,632.0
0.0,3635.0,1990.0,1903.0,2065.0,1999.0,680.0,658.0,661.0,635.0,635.0,633.0,677.0,655.0,658.0,1205.0,1236.0,1194.0,680.0,658.0,661.0,635.0,635.0,633.0
0.0,3710.0,2012.0,1906.0,1999.0,2021.0,676.0,642.0,703.0,636.0,635.0,635.0,673.0,642.0,697.0,1225.0,1247.0,1238.0,676.0,642.0,703.0,636.0,635.0,635.0
0.0,3697.0,1953.0,1909.0,2021.0,1962.0,649.0,635.0,678.0,637.0,636.0,636.0,646.0,632.0,675.0,1232.0,1263.0,1202.0,649.0,635.0,678.0,637.0,636.0,636.0
0.0,3765.0,1853.0,1903.0,1962.0,1835.0,607.0,586.0,642.0,635.0,633.0,635.0,613.0,595.0,645.0,1262.0,1273.0,1230.0,607.0,586.0,642.0,635.0,633.0,635.0
0.0,3874.0,1952.0,1906.0,1835.0,1961.0,638.0,644.0,679.0,636.0,634.0,636.0,635.0,641.0,676.0,1298.0,1313.0,1263.0,638.0,644.0,679.0,636.0,634.0,636.0
0.0,3757.0,1997.0,1907.0,1961.0,2000.0,655.0,686.0,659.0,636.0,634.0,637.0,655.0,686.0,656.0,1270.0,1258.0,1229.0,655.0,686.0,659.0,636.0,634.0,637.0
0.0,3721.0,1870.0,1906.0,2000.0,1867.0,619.0,623.0,625.0,636.0,634.0,636.0,619.0,623.0,628.0,1253.0,1216.0,1252.0,619.0,623.0,625.0,636.0,634.0,636.0
0.0,3851.0,1974.0,1908.0,1867.0,1980.0,656.0,676.0,648.0,637.0,635.0,636.0,653.0,673.0,648.0,1289.0,1279.0,1283.0,656.0,676.0,648.0,637.0,635.0,636.0
0.0,3744.0,1881.0,1910.0,1980.0,1887.0,607.0,671.0,609.0,637.0,637.0,636.0,607.0,665.0,609.0,1255.0,1229.0,1260.0,607.0,671.0,609.0,637.0,637.0,636.0
0.0,3843.0,1928.0,1913.0,1887.0,1937.0,628.0,669.0,640.0,638.0,638.0,637.0,625.0,666.0,637.0,1304.0,1240.0,1299.0,628.0,669.0,640.0,638.0,638.0,637.0
0.0,3802.0,1980.0,1915.0,1937.0,1986.0,675.0,666.0,645.0,639.0,639.0,637.0,672.0,663.0,645.0,1286.0,1245.0,1271.0,675.0,666.0,645.0,639.0,639.0,637.0
0.0,3759.0,1864.0,1915.0,1986.0,1864.0,631.0,623.0,610.0,639.0,639.0,637.0,631.0,623.0,610.0,1242.0,1251.0,1266.0,631.0,623.0,610.0,639.0,639.0,637.0
0.0,3881.0,2095.0,1919.0,1864.0,2107.0,708.0,688.0,711.0,640.0,640.0,639.0,705.0,685.0,705.0,1286.0,1294.0,1301.0,708.0,688.0,711.0,640.0,640.0,639.0
0.0,3650.0,2019.0,1919.0,2107.0,2019.0,684.0,655.0,680.0,640.0,639.0,640.0,684.0,658.0,677.0,1212.0,1232.0,1206.0,684.0,655.0,680.0,640.0,639.0,640.0
0.0,3738.0,2043.0,1921.0,2019.0,2049.0,660.0,708.0,681.0,640.0,640.0,641.0,660.0,705.0,678.0,1236.0,1262.0,1240.0,660.0,708.0,681.0,640.0,640.0,641.0
0.0,3714.0,1949.0,1924.0,2049.0,1958.0,652.0,659.0,647.0,641.0,641.0,642.0,649.0,656.0,644.0,1260.0,1212.0,1242.0,652.0,659.0,647.0,641.0,641.0,642.0
0.0,3814.0,1965.0,1924.0,1958.0,1965.0,659.0,656.0,650.0,641.0,641.0,642.0,659.0,656.0,650.0,1271.0,1264.0,1279.0,659.0,656.0,650.0,641.0,641.0,642.0
0.0,3807.0,1975.0,1925.0,1965.0,1978.0,623.0,708.0,647.0,641.0,642.0,642.0,623.0,705.0,647.0,1264.0,1267.0,1276.0,623.0,708.0,647.0,641.0,642.0,642.0
0.0,3797.0,2004.0,1929.0,1978.0,2016.0,686.0,657.0,673.0,642.0,644.0,643.0,683.0,651.0,670.0,1300.0,1218.0,1279.0,686.0,657.0,673.0,642.0,644.0,643.0
0.0,3771.0,1913.0,1928.0,2016.0,1910.0,647.0,645.0,618.0,642.0,644.0,642.0,647.0,645.0,621.0,1240.0,1275.0,1256.0,647.0,645.0,618.0,642.0,644.0,642.0
0.0,3874.0,2001.0,1932.0,1910.0,2013.0,680.0,674.0,659.0,643.0,646.0,643.0,677.0,668.0,656.0,1279.0,1287.0,1308.0,680.0,674.0,659.0,643.0,646.0,643.0
0.0,3783.0,1858.0,1931.0,2013.0,1855.0,630.0,626.0,599.0,643.0,646.0,642.0,630.0,626.0,602.0,1249.0,1264.0,1270.0,630.0,626.0,599.0,643.0,646.0,642.0
0.0,3938.0,1901.0,1933.0,1855.0,1907.0,630.0,629.0,648.0,644.0,646.0,643.0,627.0,629.0,645.0,1299.0,1312.0,1327.0,630.0,629.0,648.0,644.0,646.0,643.0
0.0,3892.0,2045.0,1936.0,1907.0,2054.0,685.0,678.0,691.0,645.0,647.0,644.0,682.0,675.0,688.0,1302.0,1309.0,1281.0,685.0,678.0,691.0,645.0,647.0,644.0
0.0,3754.0,2144.0,1940.0,2054.0,2156.0,708.0,711.0,737.0,646.0,648.0,646.0,705.0,708.0,731.0,1250.0,1263.0,1241.0,708.0,711.0,737.0,646.0,648.0,646.0
0.0,3664.0,2062.0,1943.0,2156.0,2071.0,655.0,735.0,681.0,646.0,650.0,647.0,655.0,729.0,678.0,1230.0,1233.0,1201.0,655.0,735.0,681.0,646.0,650.0,647.0
0.0,3758.0,2050.0,1945.0,2071.0,2056.0,673.0,686.0,697.0,646.0,651.0,648.0,673.0,683.0,694.0,1283.0,1215.0,1260.0,673.0,686.0,697.0,646.0,651.0,648.0
0.0,3779.0,2035.0,1946.0,2056.0,2038.0,690.0,678.0,670.0,647.0,651.0,648.0,687.0,678.0,670.0,1265.0,1267.0,1247.0,690.0,678.0,670.0,647.0,651.0,648.0
0.0,3800.0,2015.0,1949.0,2038.0,2024.0,661.0,671.0,692.0,648.0,651.0,650.0,658.0,671.0,686.0,1251.0,1275.0,1274.0,661.0,671.0,692.0,648.0,651.0,650.0
0.0,3823.0,2041.0,1950.0,2024.0,2044.0,665.0,687.0,692.0,648.0,652.0,650.0,665.0,684.0,692.0,1283.0,1282.0,1258.0,665.0,687.0,692.0,648.0,652.0,650.0
0.0,3806.0,2028.0,1955.0,2044.0,2043.0,673.0,684.0,686.0,649.0,654.0,652.0,670.0,678.0,680.0,1279.0,1269.0,1258.0,673.0,684.0,686.0,649.0,654.0,652.0
0.0,3822.0,2016.0,1954.0,2043.0,2013.0,694.0,667.0,652.0,650.0,653.0,651.0,691.0,670.0,655.0,1274.0,1278.0,1270.0,694.0,667.0,652.0,650.0,653.0,651.0
0.0,3849.0,1871.0,1954.0,2013.0,1871.0,636.0,629.0,606.0,650.0,653.0,651.0,636.0,629.0,606.0,1256.0,1292.0,1301.0,636.0,629.0,606.0,650.0,653.0,651.0
0.0,3991.0,1924.0,1955.0,1871.0,1927.0,659.0,652.0,616.0,650.0,654.0,651.0,659.0,649.0,616.0,1314.0,1330.0,1347.0,659.0,652.0,616.0,650.0,654.0,651.0
0.0,3938.0,1899.0,1955.0,1927.0,1899.0,630.0,650.0,619.0,650.0,654.0,651.0,630.0,650.0,619.0,1291.0,1310.0,1337.0,630.0,650.0,619.0,650.0,654.0,651.0
0.0,3966.0,1949.0,1957.0,1899.0,1955.0,620.0,685.0,650.0,650.0,656.0,651.0,620.0,679.0,650.0,1320.0,1312.0,1334.0,620.0,685.0,650.0,650.0,656.0,651.0
0.0,3916.0,1968.0,1961.0,1955.0,1980.0,637.0,677.0,666.0,651.0,657.0,653.0,634.0,674.0,660.0,1330.0,1283.0,1303.0,637.0,677.0,666.0,651.0,657.0,653.0
0.0,3903.0,2030.0,1964.0,1980.0,2039.0,679.0,677.0,683.0,652.0,658.0,654.0,676.0,674.0,680.0,1316.0,1294.0,1293.0,679.0,677.0,683.0,652.0,658.0,654.0
0.0,3853.0,2054.0,1967.0,2039.0,2063.0,695.0,694.0,674.0,653.0,659.0,655.0,692.0,691.0,671.0,1277.0,1297.0,1279.0,695.0,694.0,674.0,653.0,659.0,655.0
0.0,3838.0,2069.0,1970.0,2063.0,2078.0,699.0,663.0,716.0,654.0,659.0,657.0,696.0,663.0,710.0,1264.0,1283.0,1291.0,699.0,663.0,716.0,654.0,659.0,657.0
0.0,3832.0,2048.0,1970.0,2078.0,2048.0,667.0,691.0,690.0,654.0,659.0,657.0,667.0,691.0,690.0,1263.0,1314.0,1255.0,667.0,691.0,690.0,654.0,659.0,657.0
0.0,3862.0,2008.0,1970.0,2048.0,2008.0,653.0,677.0,678.0,654.0,659.0,657.0,653.0,677.0,678.0,1295.0,1286.0,1281.0,653.0,677.0,678.0,654.0,659.0,657.0
0.0,3902.0,1983.0,1968.0,2008.0,1977.0,639.0,679.0,659.0,653.0,659.0,656.0,642.0,679.0,662.0,1309.0,1300.0,1293.0,639.0,679.0,659.0,653.0,659.0,656.0
0.0,3927.0,1987.0,1971.0,1977.0,1996.0,653.0,682.0,661.0,654.0,660.0,657.0,650.0,679.0,658.0,1320.0,1298.0,1309.0,653.0,682.0,661.0,654.0,660.0,657.0
0.0,3917.0,2012.0,1973.0,1996.0,2018.0,689.0,690.0,639.0,655.0,661.0,657.0,686.0,687.0,639.0,1309.0,1298.0,1310.0,689.0,690.0,639.0,655.0,661.0,657.0
0.0,3901.0,1871.0,1974.0,2018.0,1874.0,624.0,637.0,613.0,655.0,662.0,657.0,624.0,634.0,613.0,1276.0,1293.0,1332.0,624.0,637.0,613.0,655.0,662.0,657.0
0.0,4048.0,1884.0,1974.0,1874.0,1884.0,652.0,635.0,597.0,656.0,662.0,656.0,649.0,635.0,600.0,1341.0,1349.0,1358.0,652.0,635.0,597.0,656.0,662.0,656.0
0.0,4038.0,1868.0,1974.0,1884.0,1868.0,650.0,616.0,602.0,656.0,662.0,656.0,650.0,616.0,602.0,1316.0,1351.0,1371.0,650.0,616.0,602.0,656.0,662.0,656.0
0.0,4054.0,1881.0,1972.0,1868.0,1875.0,617.0,615.0,643.0,655.0,661.0,656.0,620.0,618.0,643.0,1318.0,1370.0,1366.0,617.0,615.0,643.0,655.0,661.0,656.0
0.0,4041.0,1932.0,1974.0,1875.0,1938.0,618.0,658.0,662.0,655.0,662.0,657.0,618.0,655.0,659.0,1348.0,1368.0,1325.0,618.0,658.0,662.0,655.0,662.0,657.0
0.0,3984.0,1900.0,1974.0,1938.0,1900.0,623.0,633.0,644.0,655.0,662.0,657.0,623.0,633.0,644.0,1347.0,1328.0,1309.0,623.0,633.0,644.0,655.0,662.0,657.0
0.0,4022.0,2039.0,1973.0,1900.0,2036.0,659.0,691.0,686.0,654.0,662.0,657.0,662.0,691.0,686.0,1342.0,1353.0,1327.0,659.0,691.0,686.0,654.0,662.0,657.0
0.0,3883.0,2023.0,1974.0,2036.0,2026.0,677.0,684.0,665.0,654.0,663.0,657.0,677.0,681.0,665.0,1303.0,1295.0,1285.0,677.0,684.0,665.0,654.0,663.0,657.0
0.0,3896.0,2169.0,1976.0,2026.0,2175.0,706.0,738.0,731.0,655.0,664.0,657.0,703.0,735.0,731.0,1285.0,1305.0,1306.0,706.0,738.0,731.0,655.0,664.0,657.0
0.0,3753.0,2046.0,1978.0,2175.0,2052.0,678.0,715.0,659.0,655.0,666.0,657.0,678.0,709.0,659.0,1259.0,1254.0,1240.0,678.0,715.0,659.0,655.0,666.0,657.0
0.0,3882.0,2020.0,1981.0,2052.0,2029.0,660.0,677.0,692.0,656.0,667.0,658.0,657.0,674.0,689.0,1287.0,1283.0,1312.0,660.0,677.0,692.0,656.0,667.0,658.0
0.0,3914.0,2010.0,1983.0,2029.0,2016.0,676.0,678.0,662.0,657.0,668.0,658.0,673.0,675.0,662.0,1308.0,1324.0,1282.0,676.0,678.0,662.0,657.0,668.0,658.0
0.0,3933.0,2047.0,1984.0,2016.0,2050.0,709.0,669.0,672.0,658.0,668.0,658.0,706.0,669.0,672.0,1295.0,1326.0,1312.0,709.0,669.0,672.0,658.0,668.0,658.0
0.0,3902.0,2088.0,1988.0,2050.0,2100.0,729.0,670.0,701.0,660.0,669.0,659.0,723.0,667.0,698.0,1265.0,1335.0,1302.0,729.0,670.0,701.0,660.0,669.0,659.0
0.0,3864.0,1960.0,1988.0,2100.0,1960.0,640.0,650.0,670.0,660.0,668.0,660.0,640.0,653.0,667.0,1251.0,1337.0,1276.0,640.0,650.0,670.0,660.0,668.0,660.0
0.0,4004.0,2042.0,1991.0,1960.0,2051.0,666.0,697.0,688.0,661.0,669.0,661.0,663.0,694.0,685.0,1340.0,1354.0,1310.0,666.0,697.0,688.0,661.0,669.0,661.0
0.0,3922.0,1999.0,1992.0,2051.0,2002.0,647.0,679.0,676.0,661.0,669.0,662.0,647.0,679.0,673.0,1317.0,1310.0,1295.0,647.0,679.0,676.0,661.0,669.0,662.0
0.0,3974.0,2099.0,1994.0,2002.0,2105.0,650.0,720.0,735.0,661.0,670.0,663.0,650.0,717.0,732.0,1336.0,1328.0,1310.0,650.0,720.0,735.0,661.0,670.0,663.0
0.0,3877.0,2019.0,1998.0,2105.0,2031.0,667.0,678.0,686.0,662.0,671.0,665.0,664.0,675.0,680.0,1333.0,1290.0,1254.0,667.0,678.0,686.0,662.0,671.0,665.0
0.0,3963.0,2080.0,1997.0,2031.0,2077.0,716.0,680.0,681.0,662.0,671.0,664.0,716.0,680.0,684.0,1319.0,1335.0,1309.0,716.0,680.0,681.0,662.0,671.0,664.0
0.0,3914.0,2029.0,1997.0,2077.0,2029.0,694.0,662.0,673.0,662.0,671.0,664.0,694.0,662.0,673.0,1270.0,1333.0,1311.0,694.0,662.0,673.0,662.0,671.0,664.0
0.0,3962.0,1957.0,1996.0,2029.0,1954.0,650.0,651.0,653.0,662.0,670.0,664.0,650.0,654.0,653.0,1292.0,1351.0,1319.0,650.0,651.0,653.0,662.0,670.0,664.0
0.0,4034.0,2032.0,1997.0,1954.0,2035.0,675.0,695.0,665.0,662.0,671.0,664.0,675.0,692.0,665.0,1336.0,1359.0,1339.0,675.0,695.0,665.0,662.0,671.0,664.0
0.0,3956.0,2038.0,1999.0,2035.0,2044.0,653.0,709.0,682.0,662.0,672.0,665.0,653.0,706.0,679.0,1311.0,1318.0,1327.0,653.0,709.0,682.0,662.0,672.0,665.0
0.0,3953.0,2079.0,2001.0,2044.0,2085.0,704.0,709.0,672.0,664.0,672.0,665.0,698.0,709.0,672.0,1333.0,1307.0,1313.0,704.0,709.0,672.0,664.0,672.0,665.0
0.0,3918.0,2052.0,2001.0,2085.0,2052.0,675.0,682.0,695.0,663.0,672.0,666.0,678.0,682.0,692.0,1288.0,1307.0,1323.0,675.0,682.0,695.0,663.0,672.0,666.0
0.0,3951.0,1979.0,2003.0,2052.0,1985.0,655.0,643.0,687.0,664.0,672.0,667.0,652.0,643.0,684.0,1314.0,1334.0,1303.0,655.0,643.0,687.0,664.0,672.0,667.0
0.0,4024.0,1934.0,2002.0,1985.0,1931.0,633.0,642.0,656.0,663.0,672.0,667.0,636.0,642.0,656.0,1337.0,1373.0,1314.0,633.0,642.0,656.0,663.0,672.0,667.0
0.0,4075.0,1981.0,2004.0,1931.0,1987.0,672.0,651.0,664.0,664.0,672.0,668.0,669.0,651.0,661.0,1356.0,1374.0,1345.0,672.0,651.0,664.0,664.0,672.0,668.0
0.0,4025.0,1915.0,2003.0,1987.0,1912.0,611.0,637.0,664.0,663.0,672.0,668.0,614.0,637.0,664.0,1320.0,1365.0,1340.0,611.0,637.0,664.0,663.0,672.0,668.0
0.0,4097.0,1914.0,2002.0,1912.0,1911.0,630.0,630.0,651.0,662.0,672.0,668.0,633.0,630.0,651.0,1378.0,1379.0,1340.0,630.0,630.0,651.0,662.0,672.0,668.0
0.0,4095.0,1950.0,1998.0,1911.0,1938.0,663.0,633.0,642.0,662.0,670.0,666.0,663.0,639.0,648.0,1356.0,1386.0,1353.0,663.0,633.0,642.0,662.0,670.0,666.0
0.0,4056.0,2063.0,1997.0,1938.0,2060.0,692.0,687.0,681.0,662.0,669.0,666.0,692.0,690.0,681.0,1323.0,1377.0,1356.0,692.0,687.0,681.0,662.0,669.0,666.0
0.0,3931.0,2093.0,1999.0,2060.0,2099.0,699.0,702.0,698.0,663.0,670.0,666.0,696.0,699.0,698.0,1294.0,1320.0,1317.0,699.0,702.0,698.0,663.0,670.0,666.0
0.0,3898.0,2214.0,2002.0,2099.0,2223.0,746.0,750.0,727.0,664.0,671.0,667.0,743.0,747.0,724.0,1290.0,1308.0,1300.0,746.0,750.0,727.0,664.0,671.0,667.0
0.0,3783.0,2078.0,2003.0,2223.0,2081.0,686.0,718.0,677.0,664.0,672.0,667.0,686.0,715.0,677.0,1246.0,1263.0,1274.0,686.0,718.0,677.0,664.0,672.0,667.0
0.0,3928.0,2127.0,2005.0,2081.0,2133.0,701.0,738.0,694.0,665.0,673.0,667.0,698.0,735.0,694.0,1306.0,1298.0,1324.0,701.0,738.0,694.0,665.0,673.0,667.0
0.0,3882.0,2074.0,2006.0,2133.0,2077.0,665.0,704.0,708.0,665.0,673.0,668.0,665.0,704.0,705.0,1294.0,1281.0,1307.0,665.0,704.0,708.0,665.0,673.0,668.0
0.0,3941.0,2089.0,2008.0,2077.0,2095.0,685.0,688.0,722.0,665.0,674.0,669.0,685.0,685.0,719.0,1330.0,1315.0,1296.0,685.0,688.0,722.0,665.0,674.0,669.0
0.0,3929.0,1992.0,2009.0,2095.0,1995.0,668.0,643.0,684.0,665.0,674.0,670.0,668.0,643.0,681.0,1310.0,1334.0,1285.0,668.0,643.0,684.0,665.0,674.0,670.0
0.0,4032.0,2051.0,2012.0,1995.0,2060.0,659.0,687.0,714.0,665.0,675.0,672.0,659.0,684.0,708.0,1327.0,1379.0,1326.0,659.0,687.0,714.0,665.0,675.0,672.0
0.0,3976.0,2038.0,2015.0,2060.0,2047.0,649.0,677.0,721.0,666.0,675.0,674.0,646.0,677.0,715.0,1336.0,1338.0,1302.0,649.0,677.0,721.0,666.0,675.0,674.0
0.0,3998.0,2066.0,2017.0,2047.0,2072.0,655.0,719.0,698.0,666.0,676.0,675.0,655.0,716.0,695.0,1349.0,1348.0,1301.0,655.0,719.0,698.0,666.0,676.0,675.0
0.0,3979.0,1926.0,2016.0,2072.0,1923.0,642.0,662.0,619.0,666.0,676.0,674.0,642.0,662.0,622.0,1343.0,1309.0,1327.0,642.0,662.0,619.0,666.0,676.0,674.0
0.0,4125.0,2017.0,2016.0,1923.0,2017.0,662.0,702.0,653.0,666.0,676.0,674.0,662.0,702.0,653.0,1356.0,1366.0,1403.0,662.0,702.0,653.0,666.0,676.0,674.0
0.0,4031.0,2006.0,2016.0,2017.0,2006.0,681.0,654.0,671.0,666.0,676.0,674.0,681.0,654.0,671.0,1336.0,1326.0,1369.0,681.0,654.0,671.0,666.0,676.0,674.0
0.0,4042.0,2051.0,2015.0,2006.0,2048.0,698.0,691.0,659.0,666.0,676.0,673.0,698.0,691.0,662.0,1317.0,1374.0,1351.0,698.0,691.0,659.0,666.0,676.0,673.0
0.0,3997.0,2161.0,2016.0,2048.0,2164.0,740.0,697.0,727.0,667.0,676.0,673.0,737.0,697.0,727.0,1300.0,1337.0,1360.0,740.0,697.0,727.0,667.0,676.0,673.0
0.0,3884.0,2111.0,2019.0,2164.0,2120.0,730.0,679.0,711.0,669.0,676.0,674.0,724.0,679.0,708.0,1261.0,1331.0,1292.0,730.0,679.0,711.0,669.0,676.0,674.0
0.0,3937.0,2109.0,2021.0,2120.0,2115.0,704.0,688.0,723.0,670.0,676.0,675.0,701.0,688.0,720.0,1277.0,1349.0,1311.0,704.0,688.0,723.0,670.0,676.0,675.0
0.0,3948.0,1976.0,2021.0,2115.0,1976.0,640.0,657.0,679.0,670.0,676.0,675.0,640.0,657.0,679.0,1306.0,1340.0,1302.0,640.0,657.0,679.0,670.0,676.0,675.0
0.0,4087.0,2064.0,2022.0,1976.0,2067.0,667.0,668.0,732.0,669.0,676.0,677.0,670.0,668.0,726.0,1370.0,1371.0,1346.0,667.0,668.0,732.0,669.0,676.0,677.0
0.0,3999.0,2141.0,2027.0,2067.0,2156.0,700.0,728.0,728.0,671.0,677.0,679.0,694.0,725.0,722.0,1340.0,1360.0,1299.0,700.0,728.0,728.0,671.0,677.0,679.0
0.0,3925.0,2042.0,2030.0,2156.0,2051.0,679.0,679.0,693.0,671.0,678.0,681.0,679.0,676.0,687.0,1313.0,1303.0,1309.0,679.0,679.0,693.0,671.0,678.0,681.0
0.0,4039.0,2033.0,2034.0,2051.0,2045.0,668.0,676.0,701.0,672.0,679.0,683.0,665.0,673.0,695.0,1334.0,1355.0,1350.0,668.0,676.0,701.0,672.0,679.0,683.0
0.0,4057.0,2068.0,2038.0,2045.0,2080.0,676.0,707.0,697.0,673.0,681.0,684.0,673.0,701.0,694.0,1348.0,1361.0,1348.0,676.0,707.0,697.0,673.0,681.0,684.0
0.0,4034.0,2106.0,2040.0,2080.0,2112.0,690.0,730.0,692.0,674.0,682.0,684.0,687.0,727.0,692.0,1343.0,1336.0,1355.0,690.0,730.0,692.0,674.0,682.0,684.0
0.0,4008.0,2049.0,2043.0,2112.0,2058.0,700.0,677.0,681.0,675.0,683.0,685.0,697.0,674.0,678.0,1332.0,1316.0,1360.0,700.0,677.0,681.0,675.0,683.0,685.0
0.0,4071.0,2226.0,2047.0,2058.0,2238.0,760.0,733.0,745.0,677.0,684.0,686.0,754.0,730.0,742.0,1325.0,1372.0,1374.0,760.0,733.0,745.0,677.0,684.0,686.0
0.0,3903.0,2185.0,2050.0,2238.0,2194.0,759.0,709.0,726.0,679.0,684.0,687.0,753.0,709.0,723.0,1271.0,1319.0,1313.0,759.0,709.0,726.0,679.0,684.0,687.0
0.0,3956.0,2120.0,2049.0,2194.0,2117.0,679.0,718.0,720.0,678.0,684.0,687.0,682.0,718.0,720.0,1278.0,1343.0,1335.0,679.0,718.0,720.0,678.0,684.0,687.0
0.0,4030.0,2112.0,2051.0,2117.0,2118.0,702.0,714.0,702.0,679.0,684.0,688.0,699.0,714.0,699.0,1355.0,1334.0,1341.0,702.0,714.0,702.0,679.0,684.0,688.0
0.0,4035.0,2109.0,2052.0,2118.0,2112.0,679.0,745.0,688.0,679.0,685.0,688.0,679.0,742.0,688.0,1335.0,1338.0,1362.0,679.0,745.0,688.0,679.0,685.0,688.0
0.0,4044.0,2056.0,2053.0,2112.0,2059.0,659.0,698.0,702.0,679.0,686.0,688.0,659.0,695.0,702.0,1358.0,1310.0,1376.0,659.0,698.0,702.0,679.0,686.0,688.0
0.0,4100.0,2089.0,2054.0,2059.0,2092.0,716.0,687.0,689.0,679.0,686.0,689.0,716.0,687.0,686.0,1378.0,1360.0,1362.0,716.0,687.0,689.0,679.0,686.0,689.0
0.0,4070.0,1967.0,2052.0,2092.0,1961.0,665.0,637.0,659.0,678.0,686.0,688.0,668.0,637.0,662.0,1321.0,1371.0,1378.0,665.0,637.0,659.0,678.0,686.0,688.0
0.0,4195.0,2043.0,2052.0,1961.0,2043.0,712.0,649.0,682.0,679.0,685.0,688.0,709.0,652.0,682.0,1369.0,1421.0,1405.0,712.0,649.0,682.0,679.0,685.0,688.0
0.0,4113.0,2004.0,2052.0,2043.0,2004.0,661.0,667.0,676.0,679.0,685.0,688.0,661.0,667.0,676.0,1325.0,1406.0,1382.0,661.0,667.0,676.0,679.0,685.0,688.0
0.0,4152.0,1941.0,2051.0,2004.0,1938.0,644.0,636.0,658.0,679.0,684.0,688.0,644.0,639.0,658.0,1376.0,1388.0,1388.0,644.0,636.0,658.0,679.0,684.0,688.0
0.0,4215.0,2117.0,2051.0,1938.0,2117.0,709.0,719.0,689.0,680.0,684.0,687.0,706.0,719.0,692.0,1393.0,1416.0,1406.0,709.0,719.0,689.0,680.0,684.0,687.0
0.0,4036.0,2081.0,2053.0,2117.0,2087.0,701.0,697.0,689.0,681.0,685.0,687.0,698.0,694.0,689.0,1331.0,1333.0,1372.0,701.0,697.0,689.0,681.0,685.0,687.0
0.0,4072.0,2161.0,2054.0,2087.0,2164.0,733.0,740.0,691.0,681.0,686.0,687.0,733.0,737.0,691.0,1342.0,1358.0,1372.0,733.0,740.0,691.0,681.0,686.0,687.0
0.0,3998.0,2151.0,2057.0,2164.0,2160.0,736.0,713.0,711.0,682.0,687.0,688.0,733.0,710.0,708.0,1310.0,1318.0,1370.0,736.0,713.0,711.0,682.0,687.0,688.0
0.0,4011.0,2199.0,2061.0,2160.0,2211.0,714.0,746.0,751.0,683.0,688.0,690.0,711.0,743.0,745.0,1310.0,1348.0,1353.0,714.0,746.0,751.0,683.0,688.0,690.0
0.0,3972.0,2191.0,2065.0,2211.0,2203.0,724.0,708.0,771.0,684.0,689.0,692.0,721.0,705.0,765.0,1335.0,1318.0,1319.0,724.0,708.0,771.0,684.0,689.0,692.0
0.0,3992.0,2042.0,2064.0,2203.0,2039.0,665.0,676.0,698.0,684.0,688.0,692.0,665.0,679.0,698.0,1328.0,1359.0,1305.0,665.0,676.0,698.0,684.0,688.0,692.0
0.0,4153.0,2077.0,2064.0,2039.0,2077.0,691.0,676.0,710.0,684.0,687.0,693.0,691.0,679.0,707.0,1387.0,1388.0,1378.0,691.0,676.0,710.0,684.0,687.0,693.0
0.0,4115.0,2072.0,2064.0,2077.0,2072.0,693.0,658.0,721.0,684.0,687.0,693.0,693.0,658.0,721.0,1361.0,1385.0,1369.0,693.0,658.0,721.0,684.0,687.0,693.0
0.0,4120.0,2052.0,2066.0,2072.0,2058.0,691.0,665.0,702.0,685.0,687.0,694.0,688.0,665.0,699.0,1359.0,1403.0,1358.0,691.0,665.0,702.0,685.0,687.0,694.0
0.0,4140.0,2147.0,2071.0,2058.0,2162.0,723.0,729.0,710.0,687.0,689.0,695.0,717.0,723.0,707.0,1364.0,1396.0,1380.0,723.0,729.0,710.0,687.0,689.0,695.0
0.0,4051.0,2058.0,2072.0,2162.0,2061.0,694.0,699.0,668.0,687.0,690.0,695.0,694.0,696.0,668.0,1338.0,1338.0,1375.0,694.0,699.0,668.0,687.0,690.0,695.0
0.0,4155.0,2091.0,2074.0,2061.0,2097.0,689.0,711.0,697.0,688.0,691.0,695.0,686.0,708.0,697.0,1367.0,1371.0,1417.0,689.0,711.0,697.0,688.0,691.0,695.0
0.0,4125.0,1997.0,2077.0,2097.0,2006.0,675.0,656.0,675.0,689.0,692.0,696.0,672.0,653.0,672.0,1375.0,1362.0,1388.0,675.0,656.0,675.0,689.0,692.0,696.0
0.0,4225.0,2092.0,2080.0,2006.0,2101.0,685.0,694.0,722.0,690.0,693.0,697.0,682.0,691.0,719.0,1392.0,1420.0,1413.0,685.0,694.0,722.0,690.0,693.0,697.0
0.0,4139.0,2172.0,2081.0,2101.0,2175.0,733.0,700.0,742.0,690.0,693.0,698.0,733.0,700.0,739.0,1385.0,1385.0,1369.0,733.0,700.0,742.0,690.0,693.0,698.0
0.0,4068.0,2112.0,2082.0,2175.0,2115.0,731.0,661.0,723.0,691.0,692.0,699.0,728.0,664.0,720.0,1337.0,1379.0,1352.0,731.0,661.0,723.0,691.0,692.0,699.0
0.0,4131.0,2181.0,2081.0,2115.0,2178.0,734.0,702.0,742.0,691.0,691.0,699.0,734.0,705.0,742.0,1342.0,1415.0,1374.0,734.0,702.0,742.0,691.0,691.0,699.0
0.0,4065.0,2188.0,2084.0,2178.0,2197.0,728.0,726.0,743.0,692.0,692.0,700.0,725.0,723.0,740.0,1339.0,1371.0,1355.0,728.0,726.0,743.0,692.0,692.0,700.0
0.0,4055.0,2149.0,2084.0,2197.0,2149.0,709.0,703.0,737.0,692.0,691.0,701.0,709.0,706.0,734.0,1348.0,1350.0,1357.0,709.0,703.0,737.0,692.0,691.0,701.0
0.0,4103.0,2095.0,2084.0,2149.0,2095.0,680.0,726.0,689.0,692.0,691.0,701.0,680.0,726.0,689.0,1367.0,1370.0,1366.0,680.0,726.0,689.0,692.0,691.0,701.0
0.0,4157.0,2161.0,2085.0,2095.0,2164.0,727.0,738.0,699.0,693.0,692.0,700.0,724.0,735.0,702.0,1396.0,1347.0,1414.0,727.0,738.0,699.0,693.0,692.0,700.0
0.0,4091.0,2124.0,2088.0,2164.0,2133.0,703.0,719.0,711.0,693.0,694.0,701.0,703.0,713.0,708.0,1352.0,1338.0,1401.0,703.0,719.0,711.0,693.0,694.0,701.0
0.0,4131.0,2175.0,2090.0,2133.0,2181.0,737.0,713.0,731.0,695.0,694.0,701.0,731.0,713.0,731.0,1376.0,1363.0,1392.0,737.0,713.0,731.0,695.0,694.0,701.0
0.0,4089.0,2071.0,2092.0,2181.0,2077.0,698.0,699.0,680.0,696.0,695.0,701.0,695.0,696.0,680.0,1348.0,1369.0,1372.0,698.0,699.0,680.0,696.0,695.0,701.0
0.0,4199.0,2088.0,2091.0,2077.0,2085.0,723.0,676.0,686.0,697.0,694.0,700.0,720.0,679.0,689.0,1390.0,1386.0,1423.0,723.0,676.0,686.0,697.0,694.0,700.0
0.0,4188.0,1949.0,2092.0,2085.0,1952.0,641.0,651.0,660.0,697.0,694.0,701.0,641.0,651.0,657.0,1368.0,1406.0,1414.0,641.0,651.0,660.0,697.0,694.0,701.0
0.0,4324.0,2049.0,2093.0,1952.0,2052.0,695.0,646.0,711.0,698.0,693.0,702.0,692.0,649.0,708.0,1450.0,1431.0,1443.0,695.0,646.0,711.0,698.0,693.0,702.0
0.0,4227.0,2180.0,2096.0,2052.0,2189.0,741.0,721.0,727.0,699.0,694.0,703.0,738.0,718.0,724.0,1399.0,1433.0,1395.0,741.0,721.0,727.0,699.0,694.0,703.0
0.0,4099.0,2241.0,2099.0,2189.0,2250.0,734.0,753.0,763.0,699.0,695.0,705.0,734.0,750.0,757.0,1356.0,1361.0,1382.0,734.0,753.0,763.0,699.0,695.0,705.0
0.0,4047.0,2295.0,2103.0,2250.0,2307.0,755.0,779.0,773.0,700.0,697.0,706.0,752.0,773.0,770.0,1363.0,1332.0,1352.0,755.0,779.0,773.0,700.0,697.0,706.0
0.0,4002.0,2141.0,2102.0,2307.0,2138.0,701.0,715.0,722.0,699.0,697.0,706.0,704.0,715.0,722.0,1345.0,1312.0,1345.0,701.0,715.0,722.0,699.0,697.0,706.0
0.0,4168.0,2118.0,2103.0,2138.0,2121.0,699.0,714.0,708.0,699.0,698.0,706.0,699.0,711.0,708.0,1396.0,1376.0,1396.0,699.0,714.0,708.0,699.0,698.0,706.0
0.0,4188.0,2050.0,2105.0,2121.0,2056.0,684.0,710.0,662.0,700.0,699.0,706.0,681.0,707.0,662.0,1398.0,1380.0,1410.0,684.0,710.0,662.0,700.0,699.0,706.0
0.0,4259.0,2163.0,2106.0,2056.0,2166.0,748.0,722.0,696.0,701.0,700.0,705.0,745.0,719.0,699.0,1416.0,1387.0,1456.0,748.0,722.0,696.0,701.0,700.0,705.0
0.0,4152.0,2073.0,2105.0,2166.0,2070.0,710.0,681.0,679.0,702.0,699.0,704.0,707.0,684.0,682.0,1355.0,1378.0,1419.0,710.0,681.0,679.0,702.0,699.0,704.0
0.0,4245.0,2162.0,2107.0,2070.0,2168.0,745.0,702.0,721.0,703.0,699.0,705.0,742.0,702.0,718.0,1396.0,1416.0,1433.0,745.0,702.0,721.0,703.0,699.0,705.0
0.0,4153.0,2040.0,2107.0,2168.0,2040.0,688.0,678.0,674.0,703.0,699.0,705.0,688.0,678.0,674.0,1364.0,1395.0,1394.0,688.0,678.0,674.0,703.0,699.0,705.0
0.0,4281.0,2202.0,2110.0,2040.0,2211.0,705.0,775.0,731.0,704.0,701.0,705.0,702.0,769.0,731.0,1421.0,1419.0,1441.0,705.0,775.0,731.0,704.0,701.0,705.0
0.0,4119.0,2197.0,2112.0,2211.0,2203.0,735.0,734.0,734.0,705.0,701.0,706.0,732.0,734.0,731.0,1407.0,1328.0,1384.0,735.0,734.0,734.0,705.0,701.0,706.0
0.0,4133.0,2177.0,2115.0,2203.0,2186.0,736.0,731.0,719.0,706.0,702.0,707.0,733.0,728.0,716.0,1380.0,1369.0,1384.0,736.0,731.0,719.0,706.0,702.0,707.0
0.0,4159.0,2264.0,2115.0,2186.0,2264.0,734.0,736.0,794.0,705.0,702.0,708.0,737.0,736.0,791.0,1382.0,1375.0,1402.0,734.0,736.0,794.0,705.0,702.0,708.0
0.0,4081.0,2198.0,2115.0,2264.0,2198.0,739.0,709.0,750.0,705.0,702.0,708.0,739.0,709.0,750.0,1381.0,1370.0,1330.0,739.0,709.0,750.0,705.0,702.0,708.0
0.0,4147.0,2230.0,2117.0,2198.0,2236.0,757.0,713.0,766.0,706.0,702.0,709.0,754.0,713.0,763.0,1376.0,1397.0,1374.0,757.0,713.0,766.0,706.0,702.0,709.0
0.0,4115.0,2162.0,2118.0,2236.0,2165.0,718.0,735.0,712.0,707.0,702.0,709.0,715.0,735.0,712.0,1361.0,1393.0,1361.0,718.0,735.0,712.0,707.0,702.0,709.0
0.0,4189.0,2189.0,2119.0,2165.0,2192.0,704.0,744.0,744.0,707.0,702.0,710.0,704.0,744.0,741.0,1403.0,1371.0,1415.0,704.0,744.0,744.0,707.0,702.0,710.0
0.0,4165.0,2122.0,2121.0,2192.0,2128.0,718.0,713.0,697.0,708.0,703.0,710.0,715.0,710.0,697.0,1417.0,1362.0,1386.0,718.0,713.0,697.0,708.0,703.0,710.0
0.0,4235.0,2117.0,2121.0,2128.0,2117.0,706.0,709.0,702.0,708.0,703.0,710.0,706.0,709.0,702.0,1406.0,1396.0,1433.0,706.0,709.0,702.0,708.0,703.0,710.0
0.0,4246.0,2258.0,2127.0,2117.0,2276.0,787.0,756.0,733.0,710.0,705.0,712.0,781.0,750.0,727.0,1418.0,1400.0,1428.0,787.0,756.0,733.0,710.0,705.0,712.0
0.0,4105.0,2172.0,2130.0,2276.0,2181.0,739.0,752.0,690.0,711.0,707.0,712.0,736.0,746.0,690.0,1343.0,1359.0,1403.0,739.0,752.0,690.0,711.0,707.0,712.0
0.0,4209.0,2180.0,2133.0,2181.0,2189.0,727.0,728.0,734.0,712.0,708.0,713.0,724.0,725.0,731.0,1394.0,1369.0,1446.0,727.0,728.0,734.0,712.0,708.0,713.0
0.0,4210.0,2123.0,2136.0,2189.0,2132.0,728.0,698.0,706.0,713.0,709.0,714.0,725.0,695.0,703.0,1409.0,1396.0,1405.0,728.0,698.0,706.0,713.0,709.0,714.0
0.0,4276.0,2134.0,2138.0,2132.0,2140.0,714.0,694.0,732.0,714.0,709.0,715.0,711.0,694.0,729.0,1411.0,1429.0,1436.0,714.0,694.0,732.0,714.0,709.0,715.0
0.0,4274.0,2221.0,2139.0,2140.0,2224.0,743.0,731.0,750.0,714.0,709.0,716.0,743.0,731.0,747.0,1428.0,1433.0,1413.0,743.0,731.0,750.0,714.0,709.0,716.0
0.0,4193.0,2238.0,2142.0,2224.0,2247.0,745.0,747.0,755.0,715.0,710.0,717.0,742.0,744.0,752.0,1399.0,1396.0,1398.0,745.0,747.0,755.0,715.0,710.0,717.0
0.0,4179.0,2263.0,2142.0,2247.0,2263.0,769.0,752.0,742.0,715.0,710.0,717.0,769.0,752.0,742.0,1400.0,1383.0,1396.0,769.0,752.0,742.0,715.0,710.0,717.0
0.0,4163.0,2305.0,2145.0,2263.0,2314.0,757.0,791.0,766.0,716.0,711.0,718.0,754.0,788.0,763.0,1376.0,1378.0,1409.0,757.0,791.0,766.0,716.0,711.0,718.0
0.0,4121.0,2142.0,2145.0,2314.0,2142.0,702.0,740.0,700.0,716.0,712.0,717.0,702.0,737.0,703.0,1391.0,1342.0,1388.0,702.0,740.0,700.0,716.0,712.0,717.0
0.0,4293.0,2215.0,2148.0,2142.0,2224.0,730.0,773.0,721.0,717.0,714.0,717.0,727.0,767.0,721.0,1446.0,1396.0,1451.0,730.0,773.0,721.0,717.0,714.0,717.0
0.0,4220.0,2149.0,2150.0,2224.0,2155.0,673.0,735.0,747.0,717.0,715.0,718.0,673.0,732.0,744.0,1421.0,1369.0,1430.0,673.0,735.0,747.0,717.0,715.0,718.0
0.0,4295.0,2091.0,2149.0,2155.0,2088.0,687.0,680.0,721.0,716.0,715.0,718.0,690.0,680.0,721.0,1478.0,1410.0,1407.0,687.0,680.0,721.0,716.0,715.0,718.0
0.0,4359.0,1990.0,2149.0,2088.0,1990.0,692.0,639.0,659.0,717.0,715.0,717.0,689.0,639.0,662.0,1461.0,1465.0,1433.0,692.0,639.0,659.0,717.0,715.0,717.0
0.0,4457.0,2057.0,2147.0,1990.0,2051.0,692.0,675.0,684.0,716.0,714.0,717.0,695.0,678.0,684.0,1459.0,1506.0,1492.0,692.0,675.0,684.0,716.0,714.0,717.0
0.0,4390.0,2098.0,2147.0,2051.0,2098.0,676.0,717.0,705.0,716.0,714.0,717.0,676.0,717.0,705.0,1456.0,1467.0,1467.0,676.0,717.0,705.0,716.0,714.0,717.0
0.0,4343.0,2323.0,2151.0,2098.0,2335.0,775.0,778.0,782.0,717.0,715.0,719.0,772.0,775.0,776.0,1472.0,1425.0,1446.0,775.0,778.0,782.0,717.0,715.0,719.0
0.0,4118.0,2106.0,2154.0,2335.0,2115.0,664.0,728.0,723.0,717.0,717.0,720.0,664.0,722.0,720.0,1376.0,1367.0,1375.0,664.0,728.0,723.0,717.0,717.0,720.0
0.0,4347.0,2373.0,2159.0,2115.0,2388.0,772.0,824.0,792.0,719.0,719.0,721.0,766.0,818.0,789.0,1487.0,1423.0,1437.0,772.0,824.0,792.0,719.0,719.0,721.0
0.0,4089.0,2364.0,2163.0,2388.0,2376.0,784.0,795.0,797.0,720.0,721.0,722.0,781.0,789.0,794.0,1385.0,1333.0,1371.0,784.0,795.0,797.0,720.0,721.0,722.0
0.0,4113.0,2295.0,2167.0,2376.0,2307.0,782.0,767.0,758.0,721.0,723.0,723.0,779.0,761.0,755.0,1376.0,1368.0,1369.0,782.0,767.0,758.0,721.0,723.0,723.0
0.0,4194.0,2223.0,2167.0,2307.0,2223.0,741.0,742.0,740.0,721.0,723.0,723.0,741.0,742.0,740.0,1381.0,1402.0,1411.0,741.0,742.0,740.0,721.0,723.0,723.0
0.0,4278.0,2252.0,2168.0,2223.0,2255.0,752.0,761.0,742.0,721.0,724.0,723.0,752.0,758.0,742.0,1422.0,1427.0,1429.0,752.0,761.0,742.0,721.0,724.0,723.0
0.0,4249.0,2105.0,2168.0,2255.0,2105.0,705.0,681.0,719.0,721.0,724.0,723.0,705.0,681.0,719.0,1411.0,1411.0,1427.0,705.0,681.0,719.0,721.0,724.0,723.0
0.0,4399.0,2281.0,2171.0,2105.0,2290.0,767.0,750.0,773.0,723.0,724.0,724.0,761.0,750.0,770.0,1458.0,1491.0,1450.0,767.0,750.0,773.0,723.0,724.0,724.0
0.0,4223.0,2219.0,2172.0,2290.0,2222.0,731.0,741.0,750.0,723.0,724.0,725.0,731.0,741.0,747.0,1402.0,1422.0,1399.0,731.0,741.0,750.0,723.0,724.0,725.0
0.0,4294.0,2281.0,2176.0,2222.0,2293.0,737.0,790.0,766.0,724.0,726.0,726.0,734.0,784.0,763.0,1438.0,1431.0,1425.0,737.0,790.0,766.0,724.0,726.0,726.0
0.0,4235.0,2151.0,2176.0,2293.0,2151.0,726.0,720.0,705.0,724.0,726.0,726.0,726.0,720.0,705.0,1435.0,1388.0,1412.0,726.0,720.0,705.0,724.0,726.0,726.0
0.0,4377.0,2131.0,2176.0,2151.0,2131.0,680.0,711.0,740.0,723.0,726.0,727.0,683.0,711.0,737.0,1446.0,1458.0,1473.0,680.0,711.0,740.0,723.0,726.0,727.0
0.0,4397.0,2116.0,2177.0,2131.0,2119.0,690.0,719.0,710.0,723.0,727.0,727.0,690.0,716.0,710.0,1489.0,1467.0,1441.0,690.0,719.0,710.0,723.0,727.0,727.0
0.0,4412.0,2181.0,2181.0,2119.0,2193.0,741.0,720.0,732.0,725.0,728.0,728.0,735.0,717.0,729.0,1479.0,1462.0,1471.0,741.0,720.0,732.0,725.0,728.0,728.0
0.0,4350.0,2194.0,2183.0,2193.0,2200.0,718.0,731.0,751.0,725.0,729.0,729.0,718.0,728.0,748.0,1434.0,1464.0,1452.0,718.0,731.0,751.0,725.0,729.0,729.0
0.0,4349.0,2268.0,2185.0,2200.0,2274.0,781.0,763.0,730.0,726.0,730.0,729.0,778.0,760.0,730.0,1457.0,1456.0,1436.0,781.0,763.0,730.0,726.0,730.0,729.0
0.0,4281.0,2219.0,2185.0,2274.0,2219.0,753.0,740.0,726.0,726.0,730.0,729.0,753.0,740.0,726.0,1397.0,1427.0,1457.0,753.0,740.0,726.0,726.0,730.0,729.0
0.0,4336.0,2249.0,2184.0,2219.0,2246.0,737.0,738.0,771.0,726.0,729.0,729.0,737.0,741.0,771.0,1425.0,1450.0,1461.0,737.0,738.0,771.0,726.0,729.0,729.0
0.0,4306.0,2268.0,2187.0,2246.0,2277.0,752.0,788.0,737.0,727.0,731.0,729.0,749.0,782.0,737.0,1441.0,1449.0,1416.0,752.0,788.0,737.0,727.0,731.0,729.0
0.0,4284.0,2267.0,2189.0,2277.0,2273.0,728.0,776.0,769.0,727.0,732.0,730.0,728.0,773.0,766.0,1429.0,1405.0,1450.0,728.0,776.0,769.0,727.0,732.0,730.0
0.0,4294.0,2282.0,2194.0,2273.0,2297.0,757.0,766.0,774.0,729.0,733.0,732.0,751.0,763.0,768.0,1453.0,1420.0,1421.0,757.0,766.0,774.0,729.0,733.0,732.0
0.0,4285.0,2226.0,2195.0,2297.0,2229.0,758.0,718.0,753.0,729.0,733.0,733.0,758.0,718.0,750.0,1430.0,1433.0,1422.0,758.0,718.0,753.0,729.0,733.0,733.0
0.0,4356.0,2273.0,2199.0,2229.0,2285.0,784.0,732.0,769.0,730.0,734.0,735.0,781.0,729.0,763.0,1429.0,1481.0,1446.0,784.0,732.0,769.0,730.0,734.0,735.0
0.0,4312.0,2244.0,2200.0,2285.0,2247.0,744.0,747.0,756.0,730.0,735.0,735.0,744.0,744.0,756.0,1406.0,1470.0,1436.0,744.0,747.0,756.0,730.0,735.0,735.0
0.0,4353.0,2265.0,2205.0,2247.0,2280.0,757.0,748.0,775.0,732.0,736.0,737.0,751.0,745.0,769.0,1446.0,1458.0,1449.0,757.0,748.0,775.0,732.0,736.0,737.0
0.0,4335.0,2142.0,2204.0,2280.0,2139.0,733.0,708.0,698.0,732.0,735.0,737.0,733.0,711.0,698.0,1439.0,1460.0,1436.0,733.0,708.0,698.0,732.0,735.0,737.0
0.0,4473.0,2387.0,2207.0,2139.0,2396.0,802.0,803.0,791.0,733.0,736.0,738.0,799.0,800.0,788.0,1463.0,1497.0,1513.0,802.0,803.0,791.0,733.0,736.0,738.0
0.0,4225.0,2275.0,2209.0,2396.0,2281.0,770.0,775.0,736.0,734.0,737.0,738.0,767.0,772.0,736.0,1397.0,1405.0,1423.0,770.0,775.0,736.0,734.0,737.0,738.0
0.0,4346.0,2236.0,2209.0,2281.0,2236.0,742.0,773.0,721.0,734.0,738.0,737.0,742.0,770.0,724.0,1432.0,1436.0,1478.0,742.0,773.0,721.0,734.0,738.0,737.0
0.0,4391.0,2273.0,2211.0,2236.0,2279.0,820.0,724.0,735.0,736.0,738.0,737.0,814.0,724.0,735.0,1460.0,1441.0,1490.0,820.0,724.0,735.0,736.0,738.0,737.0
0.0,4354.0,2333.0,2212.0,2279.0,2336.0,812.0,773.0,751.0,737.0,739.0,736.0,809.0,770.0,754.0,1388.0,1490.0,1476.0,812.0,773.0,751.0,737.0,739.0,736.0
0.0,4300.0,2180.0,2212.0,2336.0,2180.0,733.0,691.0,756.0,737.0,738.0,737.0,733.0,694.0,753.0,1399.0,1444.0,1457.0,733.0,691.0,756.0,737.0,738.0,737.0
0.0,4456.0,2276.0,2214.0,2180.0,2282.0,760.0,755.0,767.0,738.0,738.0,738.0,757.0,755.0,764.0,1478.0,1523.0,1455.0,760.0,755.0,767.0,738.0,738.0,738.0
0.0,4360.0,2215.0,2216.0,2282.0,2221.0,727.0,738.0,756.0,738.0,739.0,739.0,727.0,735.0,753.0,1454.0,1459.0,1447.0,727.0,738.0,756.0,738.0,739.0,739.0
0.0,4427.0,2201.0,2217.0,2221.0,2204.0,741.0,721.0,742.0,739.0,739.0,739.0,738.0,721.0,742.0,1487.0,1479.0,1461.0,741.0,721.0,742.0,739.0,739.0,739.0
0.0,4447.0,2265.0,2218.0,2204.0,2268.0,762.0,751.0,755.0,739.0,739.0,740.0,762.0,751.0,752.0,1476.0,1496.0,1475.0,762.0,751.0,755.0,739.0,739.0,740.0
0.0,4386.0,2356.0,2221.0,2268.0,2365.0,796.0,799.0,770.0,740.0,740.0,741.0,793.0,796.0,767.0,1455.0,1466.0,1465.0,796.0,799.0,770.0,740.0,740.0,741.0
0.0,4298.0,2199.0,2222.0,2365.0,2202.0,728.0,754.0,720.0,740.0,741.0,741.0,728.0,751.0,720.0,1424.0,1421.0,1453.0,728.0,754.0,720.0,740.0,741.0,741.0
0.0,4464.0,2160.0,2223.0,2202.0,2163.0,726.0,714.0,723.0,740.0,741.0,742.0,726.0,714.0,720.0,1492.0,1469.0,1503.0,726.0,714.0,723.0,740.0,741.0,742.0
0.0,4506.0,2209.0,2224.0,2163.0,2212.0,734.0,740.0,738.0,740.0,742.0,742.0,734.0,737.0,738.0,1494.0,1509.0,1503.0,734.0,740.0,738.0,740.0,742.0,742.0
0.0,4460.0,2215.0,2224.0,2212.0,2215.0,764.0,735.0,716.0,741.0,742.0,741.0,761.0,735.0,719.0,1486.0,1486.0,1488.0,764.0,735.0,716.0,741.0,742.0,741.0
0.0,4457.0,2181.0,2223.0,2215.0,2178.0,750.0,708.0,720.0,741.0,741.0,741.0,750.0,711.0,720.0,1459.0,1491.0,1507.0,750.0,708.0,720.0,741.0,741.0,741.0
0.0,4491.0,2372.0,2225.0,2178.0,2378.0,819.0,771.0,788.0,742.0,742.0,741.0,816.0,768.0,788.0,1473.0,1515.0,1503.0,819.0,771.0,788.0,742.0,742.0,741.0
0.0,4297.0,2452.0,2228.0,2378.0,2461.0,833.0,789.0,839.0,743.0,742.0,743.0,830.0,789.0,833.0,1407.0,1455.0,1435.0,833.0,789.0,839.0,743.0,742.0,743.0
0.0,4223.0,2282.0,2230.0,2461.0,2288.0,787.0,764.0,737.0,745.0,742.0,743.0,781.0,764.0,737.0,1396.0,1437.0,1390.0,787.0,764.0,737.0,745.0,742.0,743.0
0.0,4402.0,2348.0,2232.0,2288.0,2354.0,771.0,784.0,799.0,745.0,742.0,745.0,771.0,784.0,793.0,1448.0,1462.0,1492.0,771.0,784.0,799.0,745.0,742.0,745.0
0.0,4342.0,2345.0,2237.0,2354.0,2360.0,766.0,801.0,793.0,747.0,744.0,746.0,760.0,795.0,790.0,1464.0,1442.0,1436.0,766.0,801.0,793.0,747.0,744.0,746.0
0.0,4351.0,2302.0,2241.0,2360.0,2314.0,771.0,771.0,772.0,749.0,745.0,747.0,765.0,768.0,769.0,1475.0,1431.0,1445.0,771.0,771.0,772.0,749.0,745.0,747.0
0.0,4409.0,2147.0,2244.0,2314.0,2156.0,719.0,717.0,720.0,749.0,747.0,748.0,719.0,711.0,717.0,1476.0,1464.0,1469.0,719.0,717.0,720.0,749.0,747.0,748.0
0.0,4576.0,2129.0,2245.0,2156.0,2132.0,728.0,704.0,700.0,750.0,747.0,748.0,725.0,704.0,700.0,1528.0,1524.0,1524.0,728.0,704.0,700.0,750.0,747.0,748.0
0.0,4603.0,2181.0,2247.0,2132.0,2187.0,722.0,743.0,722.0,751.0,748.0,748.0,719.0,740.0,722.0,1522.0,1537.0,1544.0,722.0,743.0,722.0,751.0,748.0,748.0
0.0,4554.0,2141.0,2243.0,2187.0,2129.0,704.0,714.0,711.0,749.0,747.0,747.0,710.0,717.0,714.0,1531.0,1501.0,1522.0,704.0,714.0,711.0,749.0,747.0,747.0
0.0,4600.0,2102.0,2243.0,2129.0,2102.0,712.0,699.0,691.0,750.0,746.0,747.0,709.0,702.0,691.0,1543.0,1527.0,1530.0,712.0,699.0,691.0,750.0,746.0,747.0
0.0,4627.0,2267.0,2241.0,2102.0,2261.0,757.0,770.0,734.0,750.0,745.0,746.0,757.0,773.0,737.0,1538.0,1539.0,1550.0,757.0,770.0,734.0,750.0,745.0,746.0
0.0,4462.0,2360.0,2240.0,2261.0,2357.0,800.0,782.0,775.0,750.0,745.0,745.0,800.0,782.0,778.0,1493.0,1465.0,1504.0,800.0,782.0,775.0,750.0,745.0,745.0
0.0,4363.0,2337.0,2242.0,2357.0,2343.0,774.0,785.0,784.0,750.0,746.0,746.0,774.0,782.0,781.0,1450.0,1453.0,1460.0,774.0,785.0,784.0,750.0,746.0,746.0
0.0,4383.0,2316.0,2243.0,2343.0,2319.0,787.0,774.0,758.0,751.0,746.0,746.0,784.0,774.0,758.0,1476.0,1453.0,1454.0,787.0,774.0,758.0,751.0,746.0,746.0
0.0,4410.0,2294.0,2244.0,2319.0,2297.0,760.0,783.0,754.0,751.0,747.0,746.0,760.0,780.0,754.0,1466.0,1464.0,1480.0,760.0,783.0,754.0,751.0,747.0,746.0
0.0,4435.0,2258.0,2247.0,2297.0,2267.0,761.0,717.0,789.0,752.0,747.0,748.0,758.0,717.0,783.0,1493.0,1458.0,1484.0,761.0,717.0,789.0,752.0,747.0,748.0
0.0,4474.0,2268.0,2246.0,2267.0,2265.0,761.0,747.0,757.0,752.0,747.0,747.0,761.0,747.0,760.0,1495.0,1524.0,1455.0,761.0,747.0,757.0,752.0,747.0,747.0
0.0,4473.0,2326.0,2248.0,2265.0,2332.0,789.0,754.0,789.0,753.0,747.0,748.0,786.0,754.0,786.0,1495.0,1494.0,1484.0,789.0,754.0,789.0,753.0,747.0,748.0
0.0,4412.0,2290.0,2249.0,2332.0,2293.0,779.0,757.0,757.0,754.0,747.0,748.0,776.0,757.0,757.0,1470.0,1487.0,1455.0,779.0,757.0,757.0,754.0,747.0,748.0
0.0,4454.0,2160.0,2249.0,2293.0,2160.0,731.0,737.0,692.0,754.0,747.0,748.0,731.0,737.0,692.0,1483.0,1484.0,1487.0,731.0,737.0,692.0,754.0,747.0,748.0
0.0,4587.0,2386.0,2254.0,2160.0,2401.0,804.0,814.0,783.0,756.0,749.0,749.0,798.0,808.0,780.0,1531.0,1504.0,1552.0,804.0,814.0,783.0,756.0,749.0,749.0
0.0,4361.0,2224.0,2256.0,2401.0,2230.0,733.0,787.0,710.0,757.0,750.0,749.0,730.0,784.0,710.0,1464.0,1433.0,1464.0,733.0,787.0,710.0,757.0,750.0,749.0
0.0,4538.0,2237.0,2258.0,2230.0,2243.0,723.0,781.0,739.0,757.0,752.0,749.0,723.0,775.0,739.0,1538.0,1463.0,1537.0,723.0,781.0,739.0,757.0,752.0,749.0
0.0,4531.0,2311.0,2260.0,2243.0,2317.0,806.0,758.0,753.0,759.0,752.0,749.0,800.0,758.0,753.0,1548.0,1475.0,1508.0,806.0,758.0,753.0,759.0,752.0,749.0
0.0,4463.0,2318.0,2260.0,2317.0,2318.0,792.0,766.0,760.0,759.0,752.0,749.0,792.0,766.0,760.0,1471.0,1498.0,1494.0,792.0,766.0,760.0,759.0,752.0,749.0
0.0,4462.0,2426.0,2264.0,2318.0,2438.0,822.0,786.0,830.0,760.0,753.0,751.0,819.0,783.0,824.0,1485.0,1490.0,1487.0,822.0,786.0,830.0,760.0,753.0,751.0
0.0,4354.0,2419.0,2267.0,2438.0,2428.0,808.0,801.0,819.0,761.0,754.0,752.0,805.0,798.0,816.0,1458.0,1473.0,1423.0,808.0,801.0,819.0,761.0,754.0,752.0
0.0,4373.0,2354.0,2269.0,2428.0,2360.0,783.0,790.0,787.0,762.0,754.0,753.0,780.0,790.0,784.0,1475.0,1461.0,1437.0,783.0,790.0,787.0,762.0,754.0,753.0
0.0,4447.0,2245.0,2269.0,2360.0,2245.0,739.0,738.0,768.0,762.0,754.0,753.0,739.0,738.0,768.0,1503.0,1472.0,1472.0,739.0,738.0,768.0,762.0,754.0,753.0
0.0,4562.0,2347.0,2270.0,2245.0,2350.0,775.0,794.0,781.0,763.0,754.0,753.0,772.0,794.0,781.0,1547.0,1524.0,1491.0,775.0,794.0,781.0,763.0,754.0,753.0
0.0,4460.0,2272.0,2272.0,2350.0,2278.0,771.0,792.0,715.0,763.0,756.0,753.0,771.0,786.0,715.0,1514.0,1468.0,1478.0,771.0,792.0,715.0,763.0,756.0,753.0
0.0,4538.0,2295.0,2271.0,2278.0,2292.0,752.0,761.0,779.0,762.0,756.0,753.0,755.0,761.0,779.0,1518.0,1476.0,1544.0,752.0,761.0,779.0,762.0,756.0,753.0
0.0,4521.0,2207.0,2270.0,2292.0,2204.0,740.0,741.0,723.0,762.0,756.0,752.0,740.0,741.0,726.0,1534.0,1507.0,1480.0,740.0,741.0,723.0,762.0,756.0,752.0
0.0,4606.0,2164.0,2270.0,2204.0,2164.0,716.0,712.0,736.0,762.0,756.0,752.0,716.0,712.0,736.0,1546.0,1527.0,1533.0,716.0,712.0,736.0,762.0,756.0,752.0
0.0,4646.0,2169.0,2269.0,2164.0,2166.0,717.0,725.0,724.0,761.0,756.0,752.0,720.0,725.0,724.0,1570.0,1556.0,1520.0,717.0,725.0,724.0,761.0,756.0,752.0
0.0,4641.0,2231.0,2266.0,2166.0,2222.0,737.0,749.0,736.0,760.0,755.0,751.0,740.0,752.0,739.0,1566.0,1543.0,1532.0,737.0,749.0,736.0,760.0,755.0,751.0
0.0,4576.0,2277.0,2266.0,2222.0,2277.0,779.0,735.0,763.0,760.0,754.0,752.0,779.0,738.0,760.0,1543.0,1516.0,1517.0,779.0,735.0,763.0,760.0,754.0,752.0
0.0,4521.0,2378.0,2269.0,2277.0,2387.0,787.0,796.0,804.0,761.0,755.0,753.0,784.0,793.0,801.0,1501.0,1527.0,1493.0,787.0,796.0,804.0,761.0,755.0,753.0
0.0,4420.0,2411.0,2272.0,2387.0,2420.0,790.0,805.0,825.0,761.0,756.0,755.0,790.0,802.0,819.0,1496.0,1469.0,1455.0,790.0,805.0,825.0,761.0,756.0,755.0
0.0,4396.0,2412.0,2274.0,2420.0,2418.0,796.0,817.0,805.0,761.0,757.0,756.0,796.0,814.0,802.0,1493.0,1463.0,1440.0,796.0,817.0,805.0,761.0,757.0,756.0
0.0,4404.0,2433.0,2279.0,2418.0,2448.0,802.0,847.0,799.0,762.0,760.0,757.0,799.0,838.0,796.0,1487.0,1454.0,1463.0,802.0,847.0,799.0,762.0,760.0,757.0
0.0,4389.0,2353.0,2279.0,2448.0,2353.0,783.0,792.0,778.0,762.0,760.0,757.0,783.0,792.0,778.0,1484.0,1433.0,1472.0,783.0,792.0,778.0,762.0,760.0,757.0
0.0,4484.0,2250.0,2280.0,2353.0,2253.0,733.0,762.0,758.0,762.0,761.0,757.0,733.0,759.0,758.0,1503.0,1488.0,1493.0,733.0,762.0,758.0,762.0,761.0,757.0
0.0,4587.0,2351.0,2284.0,2253.0,2363.0,810.0,771.0,782.0,764.0,762.0,758.0,804.0,768.0,779.0,1553.0,1521.0,1513.0,810.0,771.0,782.0,764.0,762.0,758.0
0.0,4489.0,2160.0,2281.0,2363.0,2151.0,718.0,712.0,721.0,763.0,761.0,757.0,721.0,715.0,724.0,1482.0,1515.0,1492.0,718.0,712.0,721.0,763.0,761.0,757.0
0.0,4692.0,2203.0,2278.0,2151.0,2194.0,743.0,724.0,727.0,762.0,760.0,756.0,746.0,727.0,730.0,1571.0,1571.0,1550.0,743.0,724.0,727.0,762.0,760.0,756.0
0.0,4640.0,2271.0,2280.0,2194.0,2277.0,765.0,740.0,772.0,763.0,760.0,757.0,762.0,740.0,769.0,1543.0,1556.0,1541.0,765.0,740.0,772.0,763.0,760.0,757.0
0.0,4563.0,2329.0,2283.0,2277.0,2338.0,759.0,775.0,804.0,763.0,761.0,759.0,759.0,772.0,798.0,1524.0,1540.0,1499.0,759.0,775.0,804.0,763.0,761.0,759.0
0.0,4511.0,2243.0,2283.0,2338.0,2243.0,724.0,774.0,745.0,763.0,761.0,759.0,724.0,774.0,745.0,1530.0,1508.0,1473.0,724.0,774.0,745.0,763.0,761.0,759.0
0.0,4606.0,2310.0,2285.0,2243.0,2316.0,724.0,791.0,801.0,762.0,762.0,761.0,727.0,788.0,795.0,1565.0,1509.0,1532.0,724.0,791.0,801.0,762.0,762.0,761.0
0.0,4539.0,2377.0,2289.0,2316.0,2389.0,800.0,793.0,796.0,763.0,764.0,762.0,797.0,787.0,793.0,1562.0,1495.0,1482.0,800.0,793.0,796.0,763.0,764.0,762.0
0.0,4478.0,2481.0,2292.0,2389.0,2490.0,832.0,806.0,852.0,764.0,765.0,763.0,829.0,803.0,849.0,1489.0,1499.0,1490.0,832.0,806.0,852.0,764.0,765.0,763.0
0.0,4386.0,2355.0,2289.0,2490.0,2346.0,765.0,786.0,795.0,762.0,765.0,762.0,771.0,786.0,798.0,1460.0,1489.0,1437.0,765.0,786.0,795.0,762.0,765.0,762.0
0.0,4521.0,2272.0,2289.0,2346.0,2272.0,760.0,756.0,756.0,762.0,764.0,763.0,760.0,759.0,753.0,1521.0,1509.0,1491.0,760.0,756.0,756.0,762.0,764.0,763.0
0.0,4595.0,2332.0,2288.0,2272.0,2329.0,778.0,785.0,766.0,762.0,764.0,762.0,778.0,785.0,769.0,1526.0,1536.0,1533.0,778.0,785.0,766.0,762.0,764.0,762.0
0.0,4535.0,2277.0,2288.0,2329.0,2277.0,757.0,760.0,760.0,762.0,764.0,762.0,757.0,760.0,760.0,1508.0,1507.0,1520.0,757.0,760.0,760.0,762.0,764.0,762.0
0.0,4587.0,2286.0,2288.0,2277.0,2286.0,795.0,755.0,736.0,763.0,764.0,761.0,792.0,755.0,739.0,1529.0,1532.0,1526.0,795.0,755.0,736.0,763.0,764.0,761.0
0.0,4578.0,2262.0,2289.0,2286.0,2265.0,759.0,760.0,746.0,763.0,764.0,762.0,759.0,760.0,743.0,1494.0,1537.0,1547.0,759.0,760.0,746.0,763.0,764.0,762.0
0.0,4602.0,2252.0,2291.0,2265.0,2258.0,772.0,754.0,732.0,764.0,765.0,762.0,769.0,751.0,732.0,1530.0,1532.0,1540.0,772.0,754.0,732.0,764.0,765.0,762.0
0.0,4615.0,2320.0,2295.0,2258.0,2332.0,794.0,779.0,759.0,766.0,766.0,763.0,788.0,776.0,756.0,1520.0,1541.0,1554.0,794.0,779.0,759.0,766.0,766.0,763.0
0.0,4553.0,2261.0,2297.0,2332.0,2267.0,745.0,753.0,769.0,766.0,767.0,764.0,745.0,750.0,766.0,1504.0,1519.0,1530.0,745.0,753.0,769.0,766.0,767.0,764.0
0.0,4624.0,2327.0,2302.0,2267.0,2342.0,777.0,778.0,787.0,768.0,768.0,766.0,771.0,775.0,781.0,1553.0,1548.0,1523.0,777.0,778.0,787.0,768.0,768.0,766.0
0.0,4564.0,2346.0,2302.0,2342.0,2346.0,785.0,780.0,781.0,768.0,768.0,766.0,785.0,780.0,781.0,1527.0,1526.0,1511.0,785.0,780.0,781.0,768.0,768.0,766.0
0.0,4560.0,2410.0,2303.0,2346.0,2413.0,799.0,791.0,823.0,768.0,768.0,767.0,799.0,791.0,820.0,1519.0,1524.0,1517.0,799.0,791.0,823.0,768.0,768.0,767.0
0.0,4496.0,2404.0,2304.0,2413.0,2407.0,843.0,777.0,787.0,769.0,768.0,767.0,840.0,777.0,787.0,1505.0,1513.0,1478.0,843.0,777.0,787.0,769.0,768.0,767.0
0.0,4505.0,2491.0,2309.0,2407.0,2506.0,813.0,845.0,848.0,770.0,770.0,769.0,810.0,839.0,842.0,1464.0,1527.0,1514.0,813.0,845.0,848.0,770.0,770.0,769.0
0.0,4421.0,2452.0,2311.0,2506.0,2458.0,791.0,852.0,815.0,770.0,771.0,770.0,791.0,849.0,812.0,1497.0,1465.0,1459.0,791.0,852.0,815.0,770.0,771.0,770.0
0.0,4475.0,2296.0,2312.0,2458.0,2299.0,754.0,785.0,760.0,770.0,772.0,770.0,754.0,782.0,760.0,1519.0,1461.0,1495.0,754.0,785.0,760.0,770.0,772.0,770.0
0.0,4637.0,2243.0,2311.0,2299.0,2240.0,760.0,766.0,714.0,770.0,772.0,769.0,760.0,766.0,717.0,1556.0,1531.0,1550.0,760.0,766.0,714.0,770.0,772.0,769.0
0.0,4693.0,2418.0,2313.0,2240.0,2424.0,843.0,776.0,805.0,771.0,773.0,769.0,840.0,773.0,805.0,1550.0,1550.0,1593.0,843.0,776.0,805.0,771.0,773.0,769.0
0.0,4515.0,2273.0,2313.0,2424.0,2273.0,791.0,714.0,768.0,772.0,772.0,769.0,788.0,717.0,768.0,1470.0,1543.0,1502.0,791.0,714.0,768.0,772.0,772.0,769.0
0.0,4666.0,2341.0,2316.0,2273.0,2350.0,778.0,778.0,794.0,772.0,773.0,771.0,778.0,775.0,788.0,1525.0,1602.0,1539.0,778.0,778.0,794.0,772.0,773.0,771.0
0.0,4598.0,2335.0,2316.0,2350.0,2335.0,748.0,775.0,812.0,772.0,772.0,772.0,748.0,778.0,809.0,1538.0,1541.0,1519.0,748.0,775.0,812.0,772.0,772.0,772.0
0.0,4613.0,2371.0,2318.0,2335.0,2377.0,764.0,795.0,818.0,772.0,772.0,774.0,764.0,795.0,812.0,1568.0,1541.0,1504.0,764.0,795.0,818.0,772.0,772.0,774.0
0.0,4577.0,2335.0,2321.0,2377.0,2344.0,752.0,786.0,806.0,773.0,773.0,775.0,749.0,783.0,803.0,1552.0,1521.0,1504.0,752.0,786.0,806.0,773.0,773.0,775.0
0.0,4619.0,2399.0,2322.0,2344.0,2402.0,807.0,797.0,798.0,773.0,773.0,776.0,807.0,797.0,795.0,1567.0,1533.0,1519.0,807.0,797.0,798.0,773.0,773.0,776.0
0.0,4564.0,2233.0,2321.0,2402.0,2230.0,740.0,776.0,714.0,772.0,774.0,775.0,743.0,773.0,717.0,1512.0,1522.0,1530.0,740.0,776.0,714.0,772.0,774.0,775.0
0.0,4733.0,2439.0,2320.0,2230.0,2436.0,834.0,813.0,789.0,772.0,774.0,774.0,834.0,813.0,792.0,1576.0,1546.0,1611.0,834.0,813.0,789.0,772.0,774.0,774.0
0.0,4524.0,2320.0,2318.0,2436.0,2314.0,764.0,795.0,755.0,771.0,774.0,773.0,767.0,795.0,758.0,1482.0,1509.0,1533.0,764.0,795.0,755.0,771.0,774.0,773.0
0.0,4640.0,2320.0,2318.0,2314.0,2320.0,772.0,786.0,762.0,771.0,774.0,773.0,772.0,786.0,762.0,1549.0,1527.0,1564.0,772.0,786.0,762.0,771.0,774.0,773.0
0.0,4634.0,2335.0,2320.0,2320.0,2341.0,797.0,789.0,755.0,772.0,775.0,773.0,794.0,786.0,755.0,1541.0,1536.0,1557.0,797.0,789.0,755.0,772.0,775.0,773.0
0.0,4619.0,2267.0,2318.0,2341.0,2261.0,750.0,750.0,761.0,772.0,774.0,772.0,750.0,753.0,764.0,1519.0,1536.0,1564.0,750.0,750.0,761.0,772.0,774.0,772.0
0.0,4693.0,2303.0,2318.0,2261.0,2303.0,791.0,739.0,773.0,772.0,773.0,773.0,791.0,742.0,770.0,1566.0,1572.0,1555.0,791.0,739.0,773.0,772.0,773.0,773.0
0.0,4651.0,2384.0,2321.0,2303.0,2393.0,783.0,813.0,797.0,773.0,774.0,774.0,780.0,810.0,794.0,1525.0,1580.0,1546.0,783.0,813.0,797.0,773.0,774.0,774.0
0.0,4570.0,2313.0,2323.0,2393.0,2319.0,759.0,771.0,789.0,773.0,775.0,775.0,759.0,768.0,786.0,1536.0,1509.0,1525.0,759.0,771.0,789.0,773.0,775.0,775.0
0.0,4650.0,2261.0,2324.0,2319.0,2264.0,733.0,759.0,772.0,773.0,776.0,775.0,733.0,756.0,772.0,1560.0,1554.0,1536.0,733.0,759.0,772.0,773.0,776.0,775.0
0.0,4708.0,2318.0,2327.0,2264.0,2327.0,748.0,805.0,774.0,774.0,777.0,776.0,745.0,802.0,771.0,1586.0,1569.0,1553.0,748.0,805.0,774.0,774.0,777.0,776.0
0.0,4654.0,2357.0,2330.0,2327.0,2366.0,775.0,793.0,798.0,775.0,778.0,777.0,772.0,790.0,795.0,1574.0,1526.0,1554.0,775.0,793.0,798.0,775.0,778.0,777.0
0.0,4624.0,2439.0,2333.0,2366.0,2448.0,821.0,804.0,823.0,775.0,779.0,779.0,821.0,801.0,817.0,1550.0,1541.0,1533.0,821.0,804.0,823.0,775.0,779.0,779.0
0.0,4551.0,2460.0,2334.0,2448.0,2463.0,843.0,814.0,806.0,776.0,779.0,779.0,840.0,814.0,806.0,1504.0,1533.0,1514.0,843.0,814.0,806.0,776.0,779.0,779.0
0.0,4539.0,2537.0,2337.0,2463.0,2546.0,860.0,864.0,822.0,778.0,780.0,779.0,854.0,861.0,822.0,1485.0,1523.0,1531.0,860.0,864.0,822.0,778.0,780.0,779.0
0.0,4465.0,2488.0,2338.0,2546.0,2491.0,830.0,800.0,861.0,778.0,780.0,780.0,830.0,800.0,858.0,1474.0,1476.0,1515.0,830.0,800.0,861.0,778.0,780.0,780.0
0.0,4523.0,2382.0,2338.0,2491.0,2382.0,770.0,803.0,809.0,778.0,780.0,780.0,770.0,803.0,809.0,1504.0,1540.0,1479.0,770.0,803.0,809.0,778.0,780.0,780.0
0.0,4632.0,2372.0,2338.0,2382.0,2372.0,788.0,818.0,766.0,778.0,780.0,780.0,788.0,818.0,766.0,1564.0,1537.0,1531.0,788.0,818.0,766.0,778.0,780.0,780.0
0.0,4642.0,2404.0,2341.0,2372.0,2413.0,808.0,805.0,800.0,779.0,781.0,781.0,805.0,802.0,797.0,1546.0,1522.0,1574.0,808.0,805.0,800.0,779.0,781.0,781.0
0.0,4610.0,2364.0,2341.0,2413.0,2364.0,788.0,785.0,791.0,779.0,781.0,781.0,788.0,785.0,791.0,1529.0,1538.0,1543.0,788.0,785.0,791.0,779.0,781.0,781.0
0.0,4659.0,2355.0,2345.0,2364.0,2367.0,781.0,814.0,772.0,780.0,783.0,782.0,778.0,808.0,769.0,1549.0,1558.0,1552.0,781.0,814.0,772.0,780.0,783.0,782.0
0.0,4668.0,2338.0,2347.0,2367.0,2344.0,766.0,813.0,765.0,780.0,785.0,782.0,766.0,807.0,765.0,1559.0,1535.0,1574.0,766.0,813.0,765.0,780.0,785.0,782.0
0.0,4697.0,2306.0,2347.0,2344.0,2306.0,758.0,773.0,775.0,780.0,785.0,782.0,758.0,773.0,775.0,1574.0,1542.0,1581.0,758.0,773.0,775.0,780.0,785.0,782.0
0.0,4735.0,2266.0,2346.0,2306.0,2263.0,766.0,762.0,735.0,780.0,785.0,781.0,766.0,762.0,738.0,1582.0,1582.0,1571.0,766.0,762.0,735.0,780.0,785.0,781.0
0.0,4775.0,2337.0,2349.0,2263.0,2346.0,788.0,779.0,779.0,782.0,785.0,782.0,782.0,779.0,776.0,1574.0,1593.0,1608.0,788.0,779.0,779.0,782.0,785.0,782.0
0.0,4701.0,2454.0,2351.0,2346.0,2460.0,812.0,826.0,822.0,783.0,786.0,782.0,809.0,823.0,822.0,1558.0,1576.0,1567.0,812.0,826.0,822.0,783.0,786.0,782.0
0.0,4593.0,2369.0,2351.0,2460.0,2369.0,792.0,806.0,771.0,783.0,786.0,782.0,792.0,806.0,771.0,1537.0,1532.0,1524.0,792.0,806.0,771.0,783.0,786.0,782.0
0.0,4684.0,2523.0,2351.0,2369.0,2523.0,842.0,867.0,814.0,783.0,787.0,781.0,842.0,864.0,817.0,1557.0,1552.0,1575.0,842.0,867.0,814.0,783.0,787.0,781.0
0.0,4530.0,2524.0,2355.0,2523.0,2536.0,849.0,846.0,841.0,785.0,788.0,782.0,843.0,843.0,838.0,1507.0,1494.0,1529.0,849.0,846.0,841.0,785.0,788.0,782.0
0.0,4529.0,2442.0,2358.0,2536.0,2451.0,795.0,847.0,809.0,785.0,790.0,783.0,795.0,841.0,806.0,1506.0,1518.0,1505.0,795.0,847.0,809.0,785.0,790.0,783.0
0.0,4623.0,2494.0,2362.0,2451.0,2506.0,812.0,840.0,854.0,786.0,791.0,785.0,809.0,837.0,848.0,1560.0,1523.0,1540.0,812.0,840.0,854.0,786.0,791.0,785.0
0.0,4580.0,2535.0,2366.0,2506.0,2547.0,831.0,841.0,875.0,787.0,792.0,787.0,828.0,838.0,869.0,1546.0,1533.0,1501.0,831.0,841.0,875.0,787.0,792.0,787.0
0.0,4551.0,2375.0,2368.0,2547.0,2381.0,790.0,789.0,802.0,787.0,793.0,788.0,790.0,786.0,799.0,1530.0,1535.0,1486.0,790.0,789.0,802.0,787.0,793.0,788.0
0.0,4723.0,2378.0,2371.0,2381.0,2387.0,813.0,787.0,787.0,788.0,794.0,789.0,810.0,784.0,784.0,1571.0,1590.0,1562.0,813.0,787.0,787.0,788.0,794.0,789.0
0.0,4726.0,2306.0,2372.0,2387.0,2309.0,790.0,756.0,763.0,789.0,794.0,789.0,787.0,756.0,763.0,1551.0,1595.0,1580.0,790.0,756.0,763.0,789.0,794.0,789.0
0.0,4807.0,2385.0,2373.0,2309.0,2388.0,795.0,797.0,796.0,789.0,794.0,790.0,795.0,797.0,793.0,1577.0,1626.0,1604.0,795.0,797.0,796.0,789.0,794.0,790.0
0.0,4731.0,2339.0,2374.0,2388.0,2342.0,756.0,806.0,780.0,789.0,795.0,790.0,756.0,803.0,780.0,1572.0,1585.0,1574.0,756.0,806.0,780.0,789.0,795.0,790.0
0.0,4780.0,2427.0,2376.0,2342.0,2433.0,784.0,824.0,825.0,789.0,796.0,791.0,784.0,821.0,822.0,1611.0,1579.0,1590.0,784.0,824.0,825.0,789.0,796.0,791.0
0.0,4695.0,2454.0,2379.0,2433.0,2463.0,821.0,820.0,822.0,790.0,797.0,792.0,818.0,817.0,819.0,1583.0,1564.0,1548.0,821.0,820.0,822.0,790.0,797.0,792.0
0.0,4674.0,2442.0,2379.0,2463.0,2442.0,814.0,809.0,819.0,790.0,797.0,792.0,814.0,809.0,819.0,1549.0,1571.0,1554.0,814.0,809.0,819.0,790.0,797.0,792.0
0.0,4695.0,2437.0,2379.0,2442.0,2437.0,826.0,798.0,813.0,790.0,797.0,792.0,826.0,798.0,813.0,1556.0,1582.0,1557.0,826.0,798.0,813.0,790.0,797.0,792.0
0.0,4700.0,2579.0,2381.0,2437.0,2585.0,856.0,844.0,885.0,791.0,797.0,793.0,853.0,844.0,882.0,1544.0,1593.0,1563.0,856.0,844.0,885.0,791.0,797.0,793.0
0.0,4558.0,2464.0,2382.0,2585.0,2467.0,803.0,821.0,843.0,791.0,797.0,794.0,803.0,821.0,840.0,1517.0,1547.0,1494.0,803.0,821.0,843.0,791.0,797.0,794.0
0.0,4679.0,2365.0,2383.0,2467.0,2368.0,797.0,785.0,786.0,792.0,797.0,794.0,794.0,785.0,786.0,1570.0,1570.0,1539.0,797.0,785.0,786.0,792.0,797.0,794.0
0.0,4781.0,2448.0,2386.0,2368.0,2457.0,795.0,830.0,832.0,792.0,798.0,796.0,795.0,827.0,826.0,1579.0,1606.0,1596.0,795.0,830.0,832.0,792.0,798.0,796.0
0.0,4701.0,2373.0,2386.0,2457.0,2373.0,818.0,768.0,787.0,792.0,798.0,796.0,818.0,768.0,787.0,1581.0,1564.0,1556.0,818.0,768.0,787.0,792.0,798.0,796.0
0.0,4785.0,2421.0,2389.0,2373.0,2430.0,796.0,821.0,813.0,792.0,800.0,797.0,796.0,815.0,810.0,1558.0,1626.0,1601.0,796.0,821.0,813.0,792.0,800.0,797.0
0.0,4737.0,2469.0,2391.0,2430.0,2475.0,840.0,819.0,816.0,793.0,801.0,797.0,837.0,816.0,816.0,1580.0,1579.0,1578.0,840.0,819.0,816.0,793.0,801.0,797.0
0.0,4698.0,2380.0,2392.0,2475.0,2383.0,798.0,789.0,796.0,794.0,801.0,797.0,795.0,789.0,796.0,1539.0,1584.0,1575.0,798.0,789.0,796.0,794.0,801.0,797.0
0.0,4793.0,2203.0,2389.0,2383.0,2194.0,692.0,768.0,734.0,793.0,800.0,796.0,695.0,771.0,737.0,1584.0,1614.0,1595.0,692.0,768.0,734.0,793.0,800.0,796.0
0.0,4973.0,2337.0,2389.0,2194.0,2337.0,779.0,795.0,763.0,793.0,801.0,795.0,779.0,792.0,766.0,1687.0,1632.0,1654.0,779.0,795.0,763.0,793.0,801.0,795.0
0.0,4830.0,2392.0,2389.0,2337.0,2392.0,821.0,783.0,788.0,794.0,800.0,795.0,818.0,786.0,788.0,1600.0,1608.0,1622.0,821.0,783.0,788.0,794.0,800.0,795.0
0.0,4775.0,2461.0,2393.0,2392.0,2473.0,836.0,803.0,834.0,795.0,801.0,797.0,833.0,800.0,828.0,1561.0,1617.0,1597.0,836.0,803.0,834.0,795.0,801.0,797.0
0.0,4706.0,2483.0,2394.0,2473.0,2486.0,834.0,849.0,803.0,795.0,802.0,797.0,834.0,846.0,803.0,1549.0,1600.0,1557.0,834.0,849.0,803.0,795.0,802.0,797.0
0.0,4696.0,2505.0,2397.0,2486.0,2514.0,836.0,841.0,837.0,797.0,802.0,798.0,830.0,841.0,834.0,1551.0,1557.0,1588.0,836.0,841.0,837.0,797.0,802.0,798.0
0.0,4677.0,2482.0,2400.0,2514.0,2491.0,796.0,837.0,858.0,797.0,803.0,800.0,796.0,834.0,852.0,1555.0,1565.0,1557.0,796.0,837.0,858.0,797.0,803.0,800.0
0.0,4709.0,2542.0,2405.0,2491.0,2557.0,827.0,867.0,863.0,798.0,805.0,802.0,824.0,861.0,857.0,1595.0,1572.0,1542.0,827.0,867.0,863.0,798.0,805.0,802.0
0.0,4658.0,2490.0,2409.0,2557.0,2502.0,805.0,841.0,856.0,799.0,806.0,804.0,802.0,838.0,850.0,1567.0,1548.0,1543.0,805.0,841.0,856.0,799.0,806.0,804.0
0.0,4725.0,2389.0,2411.0,2502.0,2395.0,792.0,800.0,803.0,799.0,808.0,804.0,792.0,794.0,803.0,1592.0,1577.0,1556.0,792.0,800.0,803.0,799.0,808.0,804.0
0.0,4838.0,2452.0,2412.0,2395.0,2455.0,848.0,793.0,814.0,800.0,807.0,805.0,845.0,796.0,811.0,1605.0,1624.0,1609.0,848.0,793.0,814.0,800.0,807.0,805.0
0.0,4781.0,2430.0,2414.0,2455.0,2436.0,835.0,800.0,801.0,801.0,808.0,805.0,832.0,797.0,801.0,1552.0,1628.0,1601.0,835.0,800.0,801.0,801.0,808.0,805.0
0.0,4806.0,2243.0,2414.0,2436.0,2243.0,758.0,728.0,757.0,802.0,807.0,805.0,755.0,731.0,757.0,1568.0,1624.0,1614.0,758.0,728.0,757.0,802.0,807.0,805.0
0.0,4999.0,2371.0,2415.0,2243.0,2374.0,782.0,818.0,774.0,802.0,808.0,805.0,782.0,815.0,774.0,1648.0,1693.0,1658.0,782.0,818.0,774.0,802.0,808.0,805.0
0.0,4871.0,2500.0,2418.0,2374.0,2509.0,853.0,845.0,811.0,804.0,809.0,805.0,847.0,842.0,811.0,1624.0,1606.0,1641.0,853.0,845.0,811.0,804.0,809.0,805.0
0.0,4745.0,2445.0,2418.0,2509.0,2445.0,827.0,829.0,789.0,804.0,809.0,805.0,827.0,829.0,789.0,1559.0,1582.0,1604.0,827.0,829.0,789.0,804.0,809.0,805.0
0.0,4809.0,2471.0,2418.0,2445.0,2471.0,830.0,820.0,821.0,804.0,809.0,805.0,830.0,820.0,821.0,1585.0,1598.0,1626.0,830.0,820.0,821.0,804.0,809.0,805.0
0.0,4783.0,2534.0,2417.0,2471.0,2531.0,871.0,817.0,843.0,804.0,808.0,805.0,871.0,820.0,843.0,1582.0,1607.0,1594.0,871.0,817.0,843.0,804.0,808.0,805.0
0.0,4720.0,2533.0,2418.0,2531.0,2536.0,847.0,834.0,855.0,804.0,809.0,805.0,847.0,831.0,855.0,1541.0,1607.0,1572.0,847.0,834.0,855.0,804.0,809.0,805.0
0.0,4718.0,2461.0,2421.0,2536.0,2470.0,840.0,794.0,836.0,806.0,809.0,806.0,834.0,794.0,833.0,1565.0,1593.0,1560.0,840.0,794.0,836.0,806.0,809.0,806.0
0.0,4793.0,2423.0,2422.0,2470.0,2426.0,793.0,803.0,830.0,806.0,809.0,807.0,793.0,803.0,827.0,1578.0,1633.0,1582.0,793.0,803.0,830.0,806.0,809.0,807.0
0.0,4840.0,2505.0,2423.0,2426.0,2508.0,817.0,839.0,852.0,806.0,809.0,808.0,817.0,839.0,849.0,1625.0,1624.0,1591.0,817.0,839.0,852.0,806.0,809.0,808.0
0.0,4761.0,2471.0,2425.0,2508.0,2477.0,844.0,831.0,802.0,807.0,810.0,808.0,841.0,828.0,802.0,1601.0,1588.0,1572.0,844.0,831.0,802.0,807.0,810.0,808.0
0.0,4798.0,2454.0,2427.0,2477.0,2460.0,825.0,814.0,821.0,808.0,810.0,809.0,822.0,814.0,818.0,1577.0,1599.0,1622.0,825.0,814.0,821.0,808.0,810.0,809.0
0.0,4821.0,2327.0,2427.0,2460.0,2327.0,774.0,786.0,767.0,808.0,810.0,809.0,774.0,786.0,767.0,1599.0,1616.0,1606.0,774.0,786.0,767.0,808.0,810.0,809.0
0.0,4954.0,2340.0,2427.0,2327.0,2340.0,785.0,772.0,783.0,808.0,810.0,809.0,785.0,772.0,783.0,1650.0,1644.0,1660.0,785.0,772.0,783.0,808.0,810.0,809.0
0.0,4941.0,2461.0,2431.0,2340.0,2473.0,810.0,821.0,842.0,809.0,811.0,811.0,807.0,818.0,836.0,1639.0,1658.0,1644.0,810.0,821.0,842.0,809.0,811.0,811.0
0.0,4820.0,2348.0,2432.0,2473.0,2351.0,772.0,774.0,805.0,809.0,811.0,812.0,772.0,774.0,802.0,1617.0,1612.0,1591.0,772.0,774.0,805.0,809.0,811.0,812.0
0.0,4945.0,2521.0,2433.0,2351.0,2524.0,849.0,820.0,855.0,810.0,811.0,812.0,846.0,820.0,855.0,1655.0,1659.0,1631.0,849.0,820.0,855.0,810.0,811.0,812.0
0.0,4775.0,2413.0,2433.0,2524.0,2413.0,794.0,784.0,835.0,810.0,810.0,813.0,794.0,787.0,832.0,1581.0,1613.0,1581.0,794.0,784.0,835.0,810.0,810.0,813.0
0.0,4886.0,2541.0,2434.0,2413.0,2544.0,841.0,865.0,838.0,810.0,810.0,814.0,841.0,865.0,835.0,1636.0,1646.0,1604.0,841.0,865.0,838.0,810.0,810.0,814.0
0.0,4758.0,2515.0,2434.0,2544.0,2515.0,834.0,844.0,837.0,810.0,810.0,814.0,834.0,844.0,837.0,1589.0,1565.0,1604.0,834.0,844.0,837.0,810.0,810.0,814.0
0.0,4787.0,2566.0,2436.0,2515.0,2572.0,823.0,876.0,873.0,810.0,811.0,815.0,823.0,873.0,870.0,1596.0,1586.0,1605.0,823.0,876.0,873.0,810.0,811.0,815.0
0.0,4736.0,2490.0,2435.0,2572.0,2487.0,812.0,859.0,816.0,810.0,811.0,814.0,812.0,859.0,819.0,1607.0,1557.0,1572.0,812.0,859.0,816.0,810.0,811.0,814.0
0.0,4818.0,2357.0,2433.0,2487.0,2351.0,800.0,796.0,755.0,810.0,811.0,812.0,800.0,796.0,761.0,1618.0,1574.0,1626.0,800.0,796.0,755.0,810.0,811.0,812.0
0.0,4948.0,2462.0,2434.0,2351.0,2465.0,823.0,823.0,819.0,810.0,811.0,813.0,823.0,823.0,816.0,1630.0,1637.0,1681.0,823.0,823.0,819.0,810.0,811.0,813.0
0.0,4837.0,2285.0,2433.0,2465.0,2282.0,774.0,770.0,738.0,810.0,811.0,812.0,774.0,770.0,741.0,1607.0,1610.0,1620.0,774.0,770.0,738.0,810.0,811.0,812.0
0.0,5017.0,2433.0,2434.0,2282.0,2436.0,831.0,809.0,796.0,810.0,812.0,812.0,831.0,806.0,796.0,1656.0,1663.0,1698.0,831.0,809.0,796.0,810.0,812.0,812.0
0.0,4866.0,2562.0,2438.0,2436.0,2574.0,879.0,848.0,847.0,812.0,813.0,813.0,873.0,845.0,844.0,1599.0,1627.0,1640.0,879.0,848.0,847.0,812.0,813.0,813.0
0.0,4740.0,2363.0,2438.0,2574.0,2363.0,775.0,773.0,815.0,812.0,812.0,814.0,775.0,776.0,812.0,1557.0,1591.0,1592.0,775.0,773.0,815.0,812.0,812.0,814.0
0.0,4951.0,2445.0,2440.0,2363.0,2451.0,809.0,836.0,806.0,813.0,813.0,814.0,806.0,833.0,806.0,1661.0,1663.0,1627.0,809.0,836.0,806.0,813.0,813.0,814.0
0.0,4869.0,2560.0,2441.0,2451.0,2563.0,874.0,850.0,839.0,814.0,813.0,814.0,871.0,850.0,839.0,1630.0,1603.0,1636.0,874.0,850.0,839.0,814.0,813.0,814.0
0.0,4760.0,2568.0,2444.0,2563.0,2577.0,860.0,853.0,864.0,815.0,814.0,815.0,857.0,850.0,861.0,1568.0,1589.0,1603.0,860.0,853.0,864.0,815.0,814.0,815.0
0.0,4755.0,2658.0,2448.0,2577.0,2670.0,896.0,897.0,877.0,816.0,816.0,816.0,893.0,891.0,874.0,1585.0,1589.0,1581.0,896.0,897.0,877.0,816.0,816.0,816.0
0.0,4674.0,2543.0,2447.0,2670.0,2540.0,854.0,849.0,837.0,816.0,816.0,815.0,854.0,849.0,840.0,1552.0,1551.0,1571.0,854.0,849.0,837.0,816.0,816.0,815.0
0.0,4801.0,2565.0,2449.0,2540.0,2571.0,855.0,845.0,871.0,817.0,816.0,816.0,852.0,845.0,868.0,1594.0,1599.0,1608.0,855.0,845.0,871.0,817.0,816.0,816.0
0.0,4776.0,2576.0,2453.0,2571.0,2588.0,870.0,863.0,855.0,818.0,818.0,817.0,867.0,857.0,852.0,1596.0,1603.0,1577.0,870.0,863.0,855.0,818.0,818.0,817.0
0.0,4771.0,2549.0,2454.0,2588.0,2552.0,849.0,861.0,842.0,819.0,818.0,817.0,846.0,861.0,842.0,1584.0,1591.0,1596.0,849.0,861.0,842.0,819.0,818.0,817.0
0.0,4810.0,2591.0,2459.0,2552.0,2606.0,883.0,853.0,870.0,820.0,820.0,819.0,880.0,847.0,864.0,1608.0,1593.0,1609.0,883.0,853.0,870.0,820.0,820.0,819.0
0.0,4771.0,2473.0,2460.0,2606.0,2476.0,833.0,831.0,812.0,821.0,820.0,819.0,830.0,831.0,812.0,1577.0,1607.0,1587.0,833.0,831.0,812.0,821.0,820.0,819.0
0.0,4904.0,2445.0,2460.0,2476.0,2445.0,802.0,832.0,811.0,820.0,821.0,819.0,805.0,829.0,811.0,1630.0,1629.0,1645.0,802.0,832.0,811.0,820.0,821.0,819.0
0.0,4935.0,2514.0,2463.0,2445.0,2523.0,823.0,859.0,841.0,821.0,822.0,820.0,820.0,856.0,838.0,1658.0,1631.0,1646.0,823.0,859.0,841.0,821.0,822.0,820.0
0.0,4866.0,2391.0,2466.0,2523.0,2400.0,775.0,811.0,814.0,822.0,823.0,821.0,772.0,808.0,811.0,1640.0,1607.0,1619.0,775.0,811.0,814.0,822.0,823.0,821.0
0.0,4998.0,2559.0,2470.0,2400.0,2571.0,847.0,836.0,888.0,824.0,823.0,823.0,841.0,836.0,882.0,1691.0,1658.0,1649.0,847.0,836.0,888.0,824.0,823.0,823.0
0.0,4839.0,2485.0,2472.0,2571.0,2491.0,847.0,799.0,845.0,824.0,824.0,824.0,847.0,796.0,842.0,1625.0,1633.0,1581.0,847.0,799.0,845.0,824.0,824.0,824.0
0.0,4925.0,2599.0,2475.0,2491.0,2608.0,878.0,859.0,871.0,825.0,825.0,825.0,875.0,856.0,868.0,1625.0,1673.0,1627.0,878.0,859.0,871.0,825.0,825.0,825.0
0.0,4817.0,2517.0,2475.0,2608.0,2517.0,854.0,810.0,853.0,825.0,824.0,826.0,854.0,813.0,850.0,1597.0,1616.0,1604.0,854.0,810.0,853.0,825.0,824.0,826.0
0.0,4908.0,2609.0,2477.0,2517.0,2615.0,911.0,847.0,857.0,827.0,824.0,826.0,905.0,847.0,857.0,1621.0,1662.0,1625.0,911.0,847.0,857.0,827.0,824.0,826.0
0.0,4816.0,2556.0,2479.0,2615.0,2562.0,871.0,863.0,828.0,828.0,825.0,826.0,868.0,860.0,828.0,1570.0,1625.0,1621.0,871.0,863.0,828.0,828.0,825.0,826.0
0.0,4875.0,2532.0,2479.0,2562.0,2532.0,822.0,861.0,849.0,828.0,825.0,826.0,822.0,861.0,849.0,1613.0,1612.0,1650.0,822.0,861.0,849.0,828.0,825.0,826.0
0.0,4905.0,2482.0,2478.0,2532.0,2479.0,817.0,840.0,822.0,828.0,825.0,825.0,817.0,840.0,825.0,1662.0,1614.0,1629.0,817.0,840.0,822.0,828.0,825.0,825.0
0.0,4955.0,2492.0,2480.0,2479.0,2498.0,868.0,826.0,804.0,830.0,825.0,825.0,862.0,826.0,804.0,1667.0,1635.0,1653.0,868.0,826.0,804.0,830.0,825.0,825.0
0.0,4942.0,2437.0,2480.0,2498.0,2437.0,808.0,822.0,807.0,829.0,826.0,825.0,811.0,819.0,807.0,1622.0,1649.0,1671.0,808.0,822.0,807.0,829.0,826.0,825.0
0.0,5003.0,2490.0,2481.0,2437.0,2493.0,846.0,808.0,839.0,829.0,826.0,826.0,846.0,808.0,836.0,1679.0,1656.0,1668.0,846.0,808.0,839.0,829.0,826.0,826.0
0.0,4950.0,2577.0,2487.0,2493.0,2595.0,893.0,868.0,834.0,832.0,828.0,827.0,884.0,862.0,831.0,1641.0,1670.0,1639.0,893.0,868.0,834.0,832.0,828.0,827.0
0.0,4866.0,2561.0,2492.0,2595.0,2576.0,858.0,821.0,897.0,833.0,829.0,830.0,855.0,818.0,888.0,1603.0,1616.0,1647.0,858.0,821.0,897.0,833.0,829.0,830.0
0.0,4900.0,2550.0,2492.0,2576.0,2550.0,828.0,835.0,887.0,833.0,828.0,831.0,828.0,838.0,884.0,1641.0,1666.0,1593.0,828.0,835.0,887.0,833.0,828.0,831.0
0.0,4926.0,2581.0,2495.0,2550.0,2590.0,845.0,870.0,875.0,833.0,829.0,833.0,845.0,867.0,869.0,1671.0,1649.0,1606.0,845.0,870.0,875.0,833.0,829.0,833.0
0.0,4895.0,2576.0,2498.0,2590.0,2585.0,851.0,860.0,874.0,834.0,830.0,834.0,848.0,857.0,871.0,1654.0,1617.0,1624.0,851.0,860.0,874.0,834.0,830.0,834.0
0.0,4909.0,2542.0,2497.0,2585.0,2539.0,843.0,863.0,833.0,833.0,831.0,833.0,846.0,860.0,836.0,1651.0,1630.0,1628.0,843.0,863.0,833.0,833.0,831.0,833.0
0.0,4952.0,2647.0,2500.0,2539.0,2656.0,878.0,899.0,879.0,834.0,832.0,834.0,875.0,896.0,876.0,1656.0,1630.0,1666.0,878.0,899.0,879.0,834.0,832.0,834.0
0.0,4844.0,2513.0,2501.0,2656.0,2516.0,830.0,861.0,825.0,834.0,833.0,834.0,830.0,858.0,825.0,1624.0,1597.0,1623.0,830.0,861.0,825.0,834.0,833.0,834.0
0.0,4987.0,2563.0,2503.0,2516.0,2569.0,851.0,852.0,866.0,835.0,834.0,834.0,848.0,849.0,866.0,1672.0,1638.0,1677.0,851.0,852.0,866.0,835.0,834.0,834.0
0.0,4940.0,2592.0,2506.0,2569.0,2601.0,863.0,876.0,862.0,836.0,835.0,835.0,860.0,873.0,859.0,1654.0,1650.0,1636.0,863.0,876.0,862.0,836.0,835.0,835.0
0.0,4917.0,2493.0,2505.0,2601.0,2490.0,881.0,790.0,819.0,836.0,834.0,835.0,881.0,793.0,819.0,1645.0,1629.0,1643.0,881.0,790.0,819.0,836.0,834.0,835.0
0.0,5025.0,2488.0,2506.0,2490.0,2491.0,846.0,815.0,830.0,837.0,834.0,835.0,843.0,815.0,830.0,1627.0,1712.0,1686.0,846.0,815.0,830.0,837.0,834.0,835.0
0.0,5027.0,2494.0,2509.0,2491.0,2503.0,861.0,830.0,812.0,838.0,835.0,836.0,858.0,827.0,809.0,1665.0,1687.0,1675.0,861.0,830.0,812.0,838.0,835.0,836.0
0.0,5024.0,2516.0,2512.0,2503.0,2525.0,823.0,835.0,867.0,839.0,836.0,837.0,820.0,832.0,864.0,1653.0,1675.0,1696.0,823.0,835.0,867.0,839.0,836.0,837.0
0.0,5011.0,2566.0,2514.0,2525.0,2572.0,826.0,874.0,872.0,839.0,837.0,838.0,826.0,871.0,869.0,1694.0,1673.0,1644.0,826.0,874.0,872.0,839.0,837.0,838.0
0.0,4970.0,2542.0,2518.0,2572.0,2554.0,853.0,853.0,848.0,841.0,838.0,839.0,847.0,850.0,845.0,1691.0,1637.0,1642.0,853.0,853.0,848.0,841.0,838.0,839.0
0.0,5000.0,2450.0,2517.0,2554.0,2447.0,806.0,847.0,794.0,840.0,839.0,838.0,809.0,844.0,797.0,1670.0,1661.0,1669.0,806.0,847.0,794.0,840.0,839.0,838.0
0.0,5104.0,2615.0,2520.0,2447.0,2624.0,889.0,872.0,863.0,842.0,840.0,838.0,883.0,869.0,863.0,1714.0,1670.0,1720.0,889.0,872.0,863.0,842.0,840.0,838.0
0.0,4936.0,2539.0,2520.0,2624.0,2539.0,854.0,853.0,832.0,842.0,840.0,838.0,854.0,853.0,832.0,1637.0,1648.0,1651.0,854.0,853.0,832.0,842.0,840.0,838.0
0.0,5021.0,2581.0,2522.0,2539.0,2587.0,878.0,865.0,844.0,843.0,841.0,838.0,875.0,862.0,844.0,1672.0,1667.0,1682.0,878.0,865.0,844.0,843.0,841.0,838.0
0.0,4979.0,2425.0,2519.0,2587.0,2416.0,832.0,791.0,793.0,843.0,839.0,837.0,832.0,797.0,796.0,1651.0,1658.0,1670.0,832.0,791.0,793.0,843.0,839.0,837.0
0.0,5141.0,2607.0,2522.0,2416.0,2616.0,857.0,884.0,875.0,844.0,840.0,838.0,854.0,881.0,872.0,1697.0,1726.0,1718.0,857.0,884.0,875.0,844.0,840.0,838.0
0.0,4950.0,2581.0,2526.0,2616.0,2593.0,874.0,849.0,870.0,845.0,841.0,840.0,871.0,846.0,864.0,1675.0,1636.0,1639.0,874.0,849.0,870.0,845.0,841.0,840.0
0.0,4985.0,2562.0,2528.0,2593.0,2568.0,857.0,855.0,856.0,846.0,841.0,841.0,854.0,855.0,853.0,1661.0,1674.0,1650.0,857.0,855.0,856.0,846.0,841.0,841.0
0.0,5016.0,2549.0,2534.0,2568.0,2567.0,872.0,850.0,845.0,848.0,843.0,843.0,866.0,844.0,839.0,1681.0,1668.0,1667.0,872.0,850.0,845.0,848.0,843.0,843.0
0.0,5035.0,2635.0,2536.0,2567.0,2641.0,907.0,848.0,886.0,849.0,843.0,844.0,904.0,848.0,883.0,1672.0,1679.0,1684.0,907.0,848.0,886.0,849.0,843.0,844.0
0.0,4967.0,2496.0,2535.0,2641.0,2493.0,826.0,818.0,849.0,848.0,843.0,844.0,829.0,818.0,849.0,1640.0,1681.0,1646.0,826.0,818.0,849.0,848.0,843.0,844.0
0.0,5112.0,2583.0,2540.0,2493.0,2598.0,864.0,847.0,887.0,850.0,844.0,846.0,858.0,844.0,881.0,1718.0,1711.0,1683.0,864.0,847.0,887.0,850.0,844.0,846.0
0.0,5022.0,2455.0,2540.0,2598.0,2455.0,811.0,824.0,820.0,850.0,844.0,846.0,811.0,824.0,820.0,1686.0,1685.0,1651.0,811.0,824.0,820.0,850.0,844.0,846.0
0.0,5165.0,2526.0,2539.0,2455.0,2523.0,846.0,837.0,840.0,849.0,844.0,846.0,849.0,837.0,840.0,1739.0,1708.0,1718.0,846.0,837.0,840.0,849.0,844.0,846.0
0.0,5094.0,2596.0,2540.0,2523.0,2599.0,879.0,866.0,854.0,850.0,844.0,846.0,876.0,866.0,854.0,1701.0,1695.0,1698.0,879.0,866.0,854.0,850.0,844.0,846.0
0.0,5021.0,2532.0,2538.0,2599.0,2526.0,839.0,864.0,823.0,849.0,844.0,845.0,842.0,864.0,826.0,1671.0,1666.0,1684.0,839.0,864.0,823.0,849.0,844.0,845.0
0.0,5088.0,2566.0,2538.0,2526.0,2566.0,852.0,874.0,840.0,849.0,844.0,845.0,852.0,874.0,840.0,1708.0,1668.0,1712.0,852.0,874.0,840.0,849.0,844.0,845.0
0.0,5048.0,2585.0,2538.0,2566.0,2585.0,867.0,855.0,863.0,849.0,844.0,845.0,867.0,855.0,863.0,1695.0,1658.0,1695.0,867.0,855.0,863.0,849.0,844.0,845.0
0.0,5029.0,2644.0,2540.0,2585.0,2650.0,847.0,898.0,905.0,849.0,845.0,846.0,847.0,895.0,902.0,1680.0,1677.0,1672.0,847.0,898.0,905.0,849.0,845.0,846.0
0.0,4970.0,2547.0,2539.0,2650.0,2544.0,860.0,821.0,863.0,849.0,844.0,846.0,860.0,824.0,863.0,1700.0,1637.0,1633.0,860.0,821.0,863.0,849.0,844.0,846.0
0.0,5073.0,2608.0,2540.0,2544.0,2611.0,869.0,835.0,907.0,849.0,844.0,847.0,869.0,835.0,904.0,1687.0,1711.0,1675.0,869.0,835.0,907.0,849.0,844.0,847.0
0.0,5009.0,2527.0,2541.0,2611.0,2530.0,859.0,822.0,849.0,849.0,844.0,848.0,859.0,822.0,846.0,1678.0,1697.0,1634.0,859.0,822.0,849.0,849.0,844.0,848.0
0.0,5093.0,2494.0,2541.0,2530.0,2494.0,847.0,799.0,848.0,850.0,843.0,848.0,844.0,802.0,848.0,1688.0,1710.0,1695.0,847.0,799.0,848.0,850.0,843.0,848.0
0.0,5129.0,2539.0,2543.0,2494.0,2545.0,851.0,845.0,849.0,851.0,843.0,849.0,848.0,845.0,846.0,1703.0,1730.0,1696.0,851.0,845.0,849.0,851.0,843.0,849.0
0.0,5084.0,2511.0,2544.0,2545.0,2514.0,801.0,874.0,839.0,851.0,844.0,849.0,801.0,871.0,839.0,1702.0,1684.0,1698.0,801.0,874.0,839.0,851.0,844.0,849.0
0.0,5118.0,2605.0,2546.0,2514.0,2611.0,879.0,869.0,863.0,852.0,845.0,849.0,876.0,866.0,863.0,1752.0,1658.0,1708.0,879.0,869.0,863.0,852.0,845.0,849.0
0.0,5027.0,2531.0,2546.0,2611.0,2531.0,840.0,881.0,810.0,852.0,846.0,848.0,840.0,878.0,813.0,1677.0,1666.0,1684.0,840.0,881.0,810.0,852.0,846.0,848.0
0.0,5107.0,2574.0,2545.0,2531.0,2571.0,849.0,847.0,875.0,851.0,846.0,848.0,852.0,847.0,875.0,1716.0,1657.0,1734.0,849.0,847.0,875.0,851.0,846.0,848.0
0.0,5064.0,2584.0,2547.0,2571.0,2590.0,894.0,866.0,830.0,852.0,847.0,848.0,891.0,863.0,830.0,1704.0,1691.0,1669.0,894.0,866.0,830.0,852.0,847.0,848.0
0.0,5051.0,2617.0,2548.0,2590.0,2620.0,885.0,886.0,849.0,852.0,848.0,848.0,885.0,883.0,849.0,1662.0,1675.0,1714.0,885.0,886.0,849.0,852.0,848.0,848.0
0.0,5024.0,2566.0,2547.0,2620.0,2563.0,856.0,845.0,862.0,851.0,848.0,848.0,859.0,845.0,862.0,1671.0,1658.0,1695.0,856.0,845.0,862.0,851.0,848.0,848.0
0.0,5078.0,2582.0,2548.0,2563.0,2585.0,871.0,835.0,879.0,852.0,847.0,849.0,868.0,838.0,876.0,1697.0,1699.0,1682.0,871.0,835.0,879.0,852.0,847.0,849.0
0.0,5059.0,2582.0,2550.0,2585.0,2588.0,849.0,846.0,893.0,853.0,847.0,850.0,846.0,846.0,890.0,1685.0,1706.0,1668.0,849.0,846.0,893.0,853.0,847.0,850.0
0.0,5062.0,2448.0,2549.0,2588.0,2445.0,806.0,824.0,815.0,852.0,847.0,850.0,809.0,824.0,815.0,1710.0,1695.0,1657.0,806.0,824.0,815.0,852.0,847.0,850.0
0.0,5202.0,2632.0,2553.0,2445.0,2644.0,876.0,878.0,890.0,853.0,848.0,852.0,873.0,875.0,884.0,1750.0,1717.0,1735.0,876.0,878.0,890.0,853.0,848.0,852.0
0.0,5015.0,2503.0,2554.0,2644.0,2506.0,828.0,862.0,816.0,853.0,849.0,852.0,828.0,859.0,816.0,1683.0,1666.0,1666.0,828.0,862.0,816.0,853.0,849.0,852.0
0.0,5156.0,2455.0,2551.0,2506.0,2446.0,811.0,820.0,815.0,851.0,849.0,851.0,817.0,820.0,818.0,1731.0,1685.0,1740.0,811.0,820.0,815.0,851.0,849.0,851.0
0.0,5207.0,2474.0,2549.0,2446.0,2468.0,807.0,843.0,818.0,850.0,849.0,850.0,810.0,843.0,821.0,1742.0,1727.0,1738.0,807.0,843.0,818.0,850.0,849.0,850.0
0.0,5179.0,2622.0,2551.0,2468.0,2628.0,890.0,883.0,855.0,852.0,850.0,849.0,884.0,880.0,858.0,1743.0,1704.0,1732.0,890.0,883.0,855.0,852.0,850.0,849.0
0.0,5025.0,2574.0,2551.0,2628.0,2574.0,900.0,837.0,837.0,853.0,849.0,849.0,897.0,840.0,837.0,1666.0,1667.0,1692.0,900.0,837.0,837.0,853.0,849.0,849.0
0.0,5079.0,2565.0,2550.0,2574.0,2562.0,898.0,832.0,832.0,853.0,849.0,848.0,898.0,832.0,835.0,1659.0,1710.0,1710.0,898.0,832.0,832.0,853.0,849.0,848.0
0.0,5088.0,2639.0,2552.0,2562.0,2645.0,891.0,852.0,902.0,854.0,849.0,849.0,888.0,852.0,899.0,1661.0,1715.0,1712.0,891.0,852.0,902.0,854.0,849.0,849.0
0.0,5011.0,2688.0,2553.0,2645.0,2691.0,903.0,872.0,916.0,855.0,848.0,850.0,900.0,875.0,913.0,1671.0,1695.0,1645.0,903.0,872.0,916.0,855.0,848.0,850.0
0.0,4968.0,2642.0,2556.0,2691.0,2651.0,847.0,897.0,907.0,855.0,849.0,852.0,847.0,894.0,901.0,1662.0,1672.0,1634.0,847.0,897.0,907.0,855.0,849.0,852.0
0.0,5017.0,2717.0,2558.0,2651.0,2723.0,918.0,911.0,894.0,856.0,850.0,852.0,915.0,908.0,894.0,1718.0,1650.0,1649.0,918.0,911.0,894.0,856.0,850.0,852.0
0.0,4951.0,2634.0,2560.0,2723.0,2640.0,848.0,905.0,887.0,856.0,851.0,853.0,848.0,902.0,884.0,1650.0,1639.0,1662.0,848.0,905.0,887.0,856.0,851.0,853.0
0.0,5040.0,2608.0,2562.0,2640.0,2614.0,871.0,863.0,880.0,856.0,852.0,854.0,871.0,860.0,877.0,1720.0,1648.0,1672.0,871.0,863.0,880.0,856.0,852.0,854.0
0.0,5072.0,2599.0,2564.0,2614.0,2605.0,889.0,868.0,848.0,857.0,853.0,854.0,886.0,865.0,848.0,1697.0,1693.0,1682.0,889.0,868.0,848.0,857.0,853.0,854.0
0.0,5087.0,2567.0,2565.0,2605.0,2570.0,880.0,842.0,848.0,857.0,853.0,855.0,880.0,842.0,845.0,1682.0,1691.0,1714.0,880.0,842.0,848.0,857.0,853.0,855.0
0.0,5125.0,2439.0,2564.0,2570.0,2436.0,826.0,806.0,804.0,857.0,853.0,854.0,826.0,806.0,807.0,1691.0,1717.0,1717.0,826.0,806.0,804.0,857.0,853.0,854.0
0.0,5256.0,2561.0,2563.0,2436.0,2558.0,829.0,859.0,870.0,857.0,852.0,854.0,829.0,862.0,870.0,1745.0,1753.0,1758.0,829.0,859.0,870.0,857.0,852.0,854.0
0.0,5131.0,2610.0,2565.0,2558.0,2616.0,848.0,909.0,859.0,857.0,854.0,854.0,848.0,903.0,859.0,1742.0,1697.0,1692.0,848.0,909.0,859.0,857.0,854.0,854.0
0.0,5079.0,2624.0,2568.0,2616.0,2633.0,876.0,890.0,867.0,859.0,854.0,855.0,870.0,890.0,864.0,1723.0,1653.0,1703.0,876.0,890.0,867.0,859.0,854.0,855.0
0.0,5071.0,2742.0,2570.0,2633.0,2748.0,907.0,920.0,921.0,859.0,855.0,856.0,907.0,917.0,918.0,1701.0,1672.0,1698.0,907.0,920.0,921.0,859.0,855.0,856.0
0.0,4962.0,2727.0,2574.0,2748.0,2739.0,913.0,915.0,911.0,860.0,856.0,858.0,910.0,912.0,905.0,1670.0,1645.0,1647.0,913.0,915.0,911.0,860.0,856.0,858.0
0.0,4983.0,2707.0,2577.0,2739.0,2716.0,906.0,884.0,926.0,861.0,857.0,859.0,903.0,881.0,923.0,1667.0,1653.0,1663.0,906.0,884.0,926.0,861.0,857.0,859.0
0.0,5015.0,2644.0,2581.0,2716.0,2656.0,898.0,878.0,880.0,862.0,858.0,861.0,895.0,875.0,874.0,1677.0,1687.0,1651.0,898.0,878.0,880.0,862.0,858.0,861.0
0.0,5087.0,2534.0,2580.0,2656.0,2531.0,845.0,842.0,844.0,862.0,858.0,860.0,845.0,842.0,847.0,1688.0,1696.0,1703.0,845.0,842.0,844.0,862.0,858.0,860.0
0.0,5209.0,2616.0,2581.0,2531.0,2619.0,870.0,864.0,885.0,862.0,858.0,861.0,870.0,864.0,882.0,1741.0,1732.0,1736.0,870.0,864.0,885.0,862.0,858.0,861.0
0.0,5124.0,2578.0,2580.0,2619.0,2575.0,881.0,865.0,829.0,862.0,858.0,860.0,881.0,865.0,832.0,1716.0,1710.0,1698.0,881.0,865.0,829.0,862.0,858.0,860.0
0.0,5165.0,2520.0,2580.0,2575.0,2520.0,858.0,839.0,823.0,862.0,858.0,860.0,858.0,839.0,823.0,1705.0,1709.0,1751.0,858.0,839.0,823.0,862.0,858.0,860.0
0.0,5220.0,2582.0,2578.0,2520.0,2576.0,867.0,864.0,845.0,861.0,858.0,859.0,870.0,864.0,848.0,1728.0,1735.0,1757.0,867.0,864.0,845.0,861.0,858.0,859.0
0.0,5158.0,2560.0,2580.0,2576.0,2566.0,855.0,867.0,844.0,862.0,859.0,859.0,852.0,864.0,844.0,1716.0,1710.0,1732.0,855.0,867.0,844.0,862.0,859.0,859.0
0.0,5174.0,2443.0,2577.0,2566.0,2434.0,780.0,826.0,828.0,860.0,859.0,858.0,786.0,826.0,831.0,1731.0,1710.0,1733.0,780.0,826.0,828.0,860.0,859.0,858.0
0.0,5297.0,2581.0,2580.0,2434.0,2590.0,855.0,882.0,853.0,861.0,860.0,859.0,852.0,879.0,850.0,1800.0,1751.0,1746.0,855.0,882.0,853.0,861.0,860.0,859.0
0.0,5150.0,2728.0,2583.0,2590.0,2737.0,913.0,896.0,928.0,862.0,861.0,860.0,910.0,893.0,925.0,1728.0,1698.0,1724.0,913.0,896.0,928.0,862.0,861.0,860.0
0.0,5012.0,2724.0,2586.0,2737.0,2733.0,920.0,873.0,940.0,863.0,861.0,862.0,917.0,873.0,934.0,1673.0,1687.0,1652.0,920.0,873.0,940.0,863.0,861.0,862.0
0.0,5025.0,2665.0,2588.0,2733.0,2671.0,910.0,870.0,891.0,864.0,861.0,863.0,907.0,870.0,888.0,1669.0,1710.0,1646.0,910.0,870.0,891.0,864.0,861.0,863.0
0.0,5093.0,2660.0,2590.0,2671.0,2666.0,884.0,878.0,904.0,865.0,861.0,864.0,881.0,878.0,901.0,1682.0,1713.0,1698.0,884.0,878.0,904.0,865.0,861.0,864.0
0.0,5104.0,2636.0,2592.0,2666.0,2642.0,860.0,898.0,884.0,865.0,862.0,865.0,860.0,895.0,881.0,1711.0,1705.0,1688.0,860.0,898.0,884.0,865.0,862.0,865.0
0.0,5134.0,2679.0,2592.0,2642.0,2679.0,890.0,901.0,888.0,866.0,862.0,864.0,887.0,901.0,891.0,1735.0,1688.0,1711.0,890.0,901.0,888.0,866.0,862.0,864.0
0.0,5097.0,2668.0,2595.0,2679.0,2677.0,873.0,924.0,880.0,866.0,864.0,865.0,873.0,918.0,877.0,1708.0,1685.0,1704.0,873.0,924.0,880.0,866.0,864.0,865.0
0.0,5108.0,2694.0,2596.0,2677.0,2697.0,882.0,901.0,914.0,866.0,865.0,865.0,882.0,898.0,914.0,1725.0,1668.0,1715.0,882.0,901.0,914.0,866.0,865.0,865.0
0.0,5091.0,2575.0,2596.0,2697.0,2575.0,871.0,878.0,826.0,866.0,866.0,864.0,871.0,875.0,829.0,1716.0,1694.0,1681.0,871.0,878.0,826.0,866.0,866.0,864.0
0.0,5213.0,2660.0,2600.0,2575.0,2672.0,933.0,866.0,873.0,868.0,867.0,865.0,927.0,863.0,870.0,1727.0,1720.0,1766.0,933.0,866.0,873.0,868.0,867.0,865.0
0.0,5128.0,2582.0,2601.0,2672.0,2585.0,853.0,877.0,855.0,868.0,868.0,865.0,853.0,874.0,855.0,1671.0,1735.0,1722.0,853.0,877.0,855.0,868.0,868.0,865.0
0.0,5218.0,2654.0,2604.0,2585.0,2663.0,898.0,873.0,892.0,870.0,868.0,866.0,892.0,873.0,889.0,1751.0,1727.0,1740.0,898.0,873.0,892.0,870.0,868.0,866.0
0.0,5149.0,2693.0,2606.0,2663.0,2699.0,896.0,910.0,893.0,870.0,869.0,867.0,896.0,907.0,890.0,1712.0,1731.0,1706.0,896.0,910.0,893.0,870.0,869.0,867.0
0.0,5119.0,2719.0,2609.0,2699.0,2728.0,931.0,895.0,902.0,872.0,869.0,868.0,925.0,895.0,899.0,1714.0,1697.0,1708.0,931.0,895.0,902.0,872.0,869.0,868.0
0.0,5099.0,2743.0,2612.0,2728.0,2752.0,941.0,902.0,909.0,873.0,870.0,869.0,938.0,899.0,906.0,1685.0,1712.0,1702.0,941.0,902.0,909.0,873.0,870.0,869.0
0.0,5084.0,2800.0,2617.0,2752.0,2815.0,923.0,952.0,940.0,874.0,872.0,871.0,920.0,946.0,934.0,1678.0,1708.0,1698.0,923.0,952.0,940.0,874.0,872.0,871.0
0.0,5036.0,2670.0,2618.0,2815.0,2673.0,878.0,905.0,890.0,874.0,872.0,872.0,878.0,905.0,887.0,1699.0,1664.0,1673.0,878.0,905.0,890.0,874.0,872.0,872.0
0.0,5181.0,2846.0,2624.0,2673.0,2864.0,949.0,977.0,938.0,876.0,875.0,873.0,943.0,968.0,935.0,1744.0,1711.0,1726.0,949.0,977.0,938.0,876.0,875.0,873.0
0.0,5008.0,2643.0,2624.0,2864.0,2643.0,892.0,880.0,871.0,876.0,875.0,873.0,892.0,880.0,871.0,1679.0,1648.0,1681.0,892.0,880.0,871.0,876.0,875.0,873.0
0.0,5229.0,2536.0,2623.0,2643.0,2533.0,840.0,852.0,841.0,876.0,875.0,872.0,840.0,852.0,844.0,1736.0,1745.0,1748.0,840.0,852.0,841.0,876.0,875.0,872.0
0.0,5336.0,2536.0,2625.0,2533.0,2542.0,877.0,853.0,812.0,877.0,876.0,872.0,874.0,850.0,812.0,1788.0,1773.0,1775.0,877.0,853.0,812.0,877.0,876.0,872.0
0.0,5333.0,2511.0,2623.0,2542.0,2505.0,847.0,842.0,816.0,877.0,875.0,871.0,847.0,845.0,819.0,1754.0,1775.0,1804.0,847.0,842.0,816.0,877.0,875.0,871.0
0.0,5364.0,2689.0,2626.0,2505.0,2698.0,891.0,905.0,902.0,878.0,876.0,872.0,888.0,902.0,899.0,1784.0,1783.0,1797.0,891.0,905.0,902.0,878.0,876.0,872.0
0.0,5180.0,2554.0,2628.0,2698.0,2560.0,817.0,860.0,883.0,878.0,877.0,873.0,817.0,857.0,880.0,1743.0,1723.0,1714.0,817.0,860.0,883.0,878.0,877.0,873.0
0.0,5324.0,2657.0,2632.0,2560.0,2669.0,872.0,896.0,901.0,879.0,878.0,875.0,869.0,893.0,895.0,1817.0,1771.0,1736.0,872.0,896.0,901.0,879.0,878.0,875.0
0.0,5227.0,2717.0,2633.0,2669.0,2720.0,883.0,894.0,943.0,879.0,878.0,876.0,883.0,894.0,940.0,1765.0,1738.0,1724.0,883.0,894.0,943.0,879.0,878.0,876.0
0.0,5179.0,2678.0,2636.0,2720.0,2687.0,891.0,872.0,924.0,879.0,879.0,878.0,891.0,869.0,918.0,1754.0,1740.0,1685.0,891.0,872.0,924.0,879.0,879.0,878.0
0.0,5221.0,2783.0,2640.0,2687.0,2795.0,947.0,936.0,912.0,880.0,881.0,879.0,944.0,930.0,909.0,1746.0,1765.0,1710.0,947.0,936.0,912.0,880.0,881.0,879.0
0.0,5125.0,2794.0,2643.0,2795.0,2803.0,946.0,916.0,941.0,881.0,882.0,880.0,943.0,913.0,938.0,1693.0,1707.0,1725.0,946.0,916.0,941.0,881.0,882.0,880.0
0.0,5126.0,2658.0,2643.0,2803.0,2658.0,891.0,865.0,902.0,881.0,882.0,880.0,891.0,865.0,902.0,1697.0,1730.0,1699.0,891.0,865.0,902.0,881.0,882.0,880.0
0.0,5271.0,2622.0,2642.0,2658.0,2619.0,887.0,849.0,883.0,881.0,881.0,880.0,887.0,852.0,883.0,1752.0,1781.0,1738.0,887.0,849.0,883.0,881.0,881.0,880.0
0.0,5307.0,2634.0,2640.0,2619.0,2628.0,856.0,912.0,860.0,880.0,881.0,879.0,859.0,912.0,863.0,1756.0,1794.0,1757.0,856.0,912.0,860.0,880.0,881.0,879.0
0.0,5292.0,2844.0,2644.0,2628.0,2856.0,947.0,962.0,947.0,882.0,882.0,880.0,941.0,959.0,944.0,1784.0,1731.0,1777.0,947.0,962.0,947.0,882.0,882.0,880.0
0.0,5076.0,2563.0,2643.0,2856.0,2560.0,839.0,848.0,873.0,881.0,882.0,880.0,842.0,848.0,873.0,1699.0,1684.0,1693.0,839.0,848.0,873.0,881.0,882.0,880.0
0.0,5369.0,2636.0,2644.0,2560.0,2639.0,879.0,885.0,875.0,881.0,882.0,881.0,879.0,885.0,872.0,1804.0,1798.0,1767.0,879.0,885.0,875.0,881.0,882.0,881.0
0.0,5293.0,2623.0,2645.0,2639.0,2626.0,868.0,880.0,878.0,881.0,883.0,881.0,868.0,877.0,878.0,1764.0,1761.0,1768.0,868.0,880.0,878.0,881.0,883.0,881.0
0.0,5309.0,2705.0,2650.0,2626.0,2720.0,906.0,889.0,925.0,883.0,884.0,883.0,900.0,886.0,919.0,1775.0,1769.0,1765.0,906.0,889.0,925.0,883.0,884.0,883.0
0.0,5230.0,2657.0,2652.0,2720.0,2663.0,889.0,873.0,901.0,884.0,884.0,884.0,886.0,873.0,898.0,1743.0,1763.0,1724.0,889.0,873.0,901.0,884.0,884.0,884.0
0.0,5293.0,2537.0,2651.0,2663.0,2534.0,844.0,801.0,889.0,884.0,883.0,884.0,844.0,804.0,889.0,1763.0,1779.0,1751.0,844.0,801.0,889.0,884.0,883.0,884.0
0.0,5419.0,2679.0,2652.0,2534.0,2682.0,889.0,893.0,900.0,884.0,883.0,885.0,889.0,893.0,897.0,1808.0,1848.0,1763.0,889.0,893.0,900.0,884.0,883.0,885.0
0.0,5274.0,2632.0,2649.0,2682.0,2623.0,882.0,860.0,881.0,883.0,882.0,884.0,885.0,863.0,884.0,1763.0,1756.0,1755.0,882.0,860.0,881.0,883.0,882.0,884.0
0.0,5324.0,2798.0,2651.0,2623.0,2804.0,947.0,937.0,920.0,884.0,882.0,885.0,944.0,937.0,917.0,1767.0,1786.0,1771.0,947.0,937.0,920.0,884.0,882.0,885.0
0.0,5149.0,2822.0,2653.0,2804.0,2828.0,958.0,955.0,915.0,885.0,883.0,885.0,955.0,952.0,915.0,1705.0,1709.0,1735.0,958.0,955.0,915.0,885.0,883.0,885.0
0.0,5131.0,2761.0,2655.0,2828.0,2767.0,910.0,943.0,914.0,885.0,885.0,885.0,910.0,937.0,914.0,1697.0,1694.0,1740.0,910.0,943.0,914.0,885.0,885.0,885.0
0.0,5198.0,2688.0,2658.0,2767.0,2697.0,888.0,936.0,873.0,886.0,886.0,886.0,885.0,933.0,870.0,1745.0,1712.0,1741.0,888.0,936.0,873.0,886.0,886.0,886.0
0.0,5277.0,2636.0,2658.0,2697.0,2636.0,879.0,896.0,861.0,886.0,887.0,885.0,879.0,893.0,864.0,1770.0,1722.0,1785.0,879.0,896.0,861.0,886.0,887.0,885.0
0.0,5338.0,2649.0,2661.0,2636.0,2658.0,893.0,859.0,906.0,887.0,887.0,887.0,890.0,859.0,900.0,1779.0,1765.0,1794.0,893.0,859.0,906.0,887.0,887.0,887.0
0.0,5325.0,2690.0,2663.0,2658.0,2696.0,904.0,896.0,896.0,887.0,888.0,888.0,904.0,893.0,893.0,1768.0,1802.0,1755.0,904.0,896.0,896.0,887.0,888.0,888.0
0.0,5293.0,2765.0,2667.0,2696.0,2777.0,956.0,908.0,913.0,889.0,889.0,889.0,950.0,905.0,910.0,1757.0,1768.0,1768.0,956.0,908.0,913.0,889.0,889.0,889.0
0.0,5224.0,2626.0,2668.0,2777.0,2629.0,871.0,866.0,892.0,889.0,889.0,890.0,871.0,866.0,889.0,1711.0,1759.0,1754.0,871.0,866.0,892.0,889.0,889.0,890.0
0.0,5375.0,2627.0,2672.0,2629.0,2639.0,861.0,890.0,888.0,891.0,890.0,891.0,855.0,887.0,885.0,1796.0,1801.0,1778.0,861.0,890.0,888.0,891.0,890.0,891.0
0.0,5377.0,2830.0,2676.0,2639.0,2842.0,920.0,962.0,960.0,892.0,891.0,893.0,917.0,959.0,954.0,1812.0,1780.0,1785.0,920.0,962.0,960.0,892.0,891.0,893.0
0.0,5186.0,2518.0,2672.0,2842.0,2506.0,844.0,830.0,832.0,891.0,890.0,891.0,847.0,833.0,838.0,1756.0,1711.0,1719.0,844.0,830.0,832.0,891.0,890.0,891.0
0.0,5510.0,2687.0,2671.0,2506.0,2684.0,881.0,927.0,876.0,890.0,891.0,890.0,884.0,924.0,879.0,1829.0,1840.0,1841.0,881.0,927.0,876.0,890.0,891.0,890.0
0.0,5329.0,2650.0,2671.0,2684.0,2650.0,898.0,878.0,874.0,890.0,891.0,890.0,898.0,878.0,874.0,1789.0,1746.0,1794.0,898.0,878.0,874.0,890.0,891.0,890.0
0.0,5363.0,2797.0,2674.0,2650.0,2806.0,948.0,923.0,935.0,891.0,892.0,891.0,945.0,920.0,932.0,1772.0,1795.0,1796.0,948.0,923.0,935.0,891.0,892.0,891.0
0.0,5216.0,2717.0,2675.0,2806.0,2720.0,926.0,883.0,911.0,892.0,892.0,891.0,923.0,883.0,911.0,1725.0,1753.0,1738.0,926.0,883.0,911.0,892.0,892.0,891.0
0.0,5305.0,2697.0,2676.0,2720.0,2700.0,890.0,879.0,931.0,892.0,892.0,892.0,890.0,879.0,928.0,1750.0,1793.0,1762.0,890.0,879.0,931.0,892.0,892.0,892.0
0.0,5328.0,2724.0,2677.0,2700.0,2727.0,926.0,885.0,916.0,893.0,891.0,893.0,923.0,888.0,913.0,1786.0,1797.0,1745.0,926.0,885.0,916.0,893.0,891.0,893.0
0.0,5304.0,2776.0,2678.0,2727.0,2779.0,935.0,920.0,924.0,894.0,891.0,893.0,932.0,920.0,924.0,1753.0,1788.0,1763.0,935.0,920.0,924.0,894.0,891.0,893.0
0.0,5255.0,2701.0,2681.0,2779.0,2710.0,920.0,892.0,898.0,895.0,892.0,894.0,917.0,889.0,895.0,1747.0,1753.0,1755.0,920.0,892.0,898.0,895.0,892.0,894.0
0.0,5333.0,2740.0,2683.0,2710.0,2746.0,916.0,916.0,914.0,895.0,893.0,895.0,916.0,913.0,911.0,1765.0,1784.0,1784.0,916.0,916.0,914.0,895.0,893.0,895.0
0.0,5303.0,2595.0,2682.0,2746.0,2592.0,877.0,849.0,866.0,895.0,892.0,895.0,877.0,852.0,866.0,1769.0,1763.0,1771.0,877.0,849.0,866.0,895.0,892.0,895.0
0.0,5454.0,2634.0,2682.0,2592.0,2634.0,881.0,862.0,891.0,895.0,892.0,895.0,881.0,862.0,891.0,1808.0,1827.0,1819.0,881.0,862.0,891.0,895.0,892.0,895.0
0.0,5412.0,2641.0,2682.0,2634.0,2641.0,862.0,892.0,887.0,895.0,892.0,895.0,862.0,892.0,887.0,1804.0,1814.0,1794.0,862.0,892.0,887.0,895.0,892.0,895.0
0.0,5405.0,2732.0,2682.0,2641.0,2732.0,897.0,898.0,937.0,894.0,892.0,896.0,900.0,898.0,934.0,1823.0,1784.0,1798.0,897.0,898.0,937.0,894.0,892.0,896.0
0.0,5314.0,2776.0,2682.0,2732.0,2776.0,939.0,898.0,939.0,894.0,892.0,896.0,939.0,898.0,939.0,1785.0,1778.0,1751.0,939.0,898.0,939.0,894.0,892.0,896.0
0.0,5270.0,2788.0,2682.0,2776.0,2788.0,954.0,913.0,921.0,895.0,891.0,896.0,951.0,916.0,921.0,1743.0,1778.0,1749.0,954.0,913.0,921.0,895.0,891.0,896.0
0.0,5258.0,2724.0,2683.0,2788.0,2727.0,912.0,903.0,912.0,895.0,891.0,897.0,912.0,903.0,909.0,1731.0,1760.0,1767.0,912.0,903.0,912.0,895.0,891.0,897.0
0.0,5322.0,2828.0,2682.0,2727.0,2825.0,949.0,959.0,917.0,895.0,891.0,896.0,949.0,959.0,920.0,1773.0,1770.0,1779.0,949.0,959.0,917.0,895.0,891.0,896.0
0.0,5221.0,2786.0,2686.0,2825.0,2798.0,923.0,932.0,943.0,896.0,892.0,898.0,920.0,929.0,937.0,1736.0,1714.0,1771.0,923.0,932.0,943.0,896.0,892.0,898.0
0.0,5260.0,2609.0,2687.0,2798.0,2612.0,851.0,864.0,897.0,896.0,892.0,899.0,851.0,864.0,894.0,1765.0,1744.0,1751.0,851.0,864.0,897.0,896.0,892.0,899.0
0.0,5449.0,2769.0,2692.0,2612.0,2784.0,947.0,907.0,930.0,898.0,893.0,901.0,941.0,904.0,924.0,1837.0,1812.0,1800.0,947.0,907.0,930.0,898.0,893.0,901.0
0.0,5292.0,2642.0,2693.0,2784.0,2645.0,893.0,861.0,891.0,898.0,893.0,902.0,893.0,861.0,888.0,1747.0,1772.0,1773.0,893.0,861.0,891.0,898.0,893.0,902.0
0.0,5434.0,2721.0,2694.0,2645.0,2724.0,929.0,879.0,916.0,899.0,893.0,902.0,926.0,879.0,916.0,1801.0,1818.0,1815.0,929.0,879.0,916.0,899.0,893.0,902.0
0.0,5358.0,2734.0,2698.0,2724.0,2746.0,914.0,900.0,932.0,901.0,894.0,903.0,908.0,897.0,929.0,1768.0,1800.0,1790.0,914.0,900.0,932.0,901.0,894.0,903.0
0.0,5348.0,2725.0,2700.0,2746.0,2731.0,908.0,902.0,921.0,902.0,894.0,904.0,905.0,902.0,918.0,1789.0,1782.0,1777.0,908.0,902.0,921.0,902.0,894.0,904.0
0.0,5369.0,2649.0,2698.0,2731.0,2643.0,880.0,902.0,861.0,902.0,894.0,902.0,880.0,902.0,867.0,1798.0,1780.0,1791.0,880.0,902.0,861.0,902.0,894.0,902.0
0.0,5451.0,2777.0,2699.0,2643.0,2780.0,934.0,942.0,904.0,902.0,895.0,902.0,934.0,939.0,904.0,1826.0,1780.0,1845.0,934.0,942.0,904.0,902.0,895.0,902.0
0.0,5317.0,2705.0,2698.0,2780.0,2702.0,896.0,899.0,907.0,901.0,895.0,902.0,899.0,899.0,907.0,1772.0,1743.0,1802.0,896.0,899.0,907.0,901.0,895.0,902.0
0.0,5392.0,2863.0,2700.0,2702.0,2869.0,972.0,962.0,935.0,902.0,896.0,902.0,969.0,959.0,935.0,1807.0,1786.0,1799.0,972.0,962.0,935.0,902.0,896.0,902.0
0.0,5231.0,2912.0,2704.0,2869.0,2924.0,967.0,983.0,974.0,903.0,898.0,903.0,964.0,977.0,971.0,1734.0,1726.0,1771.0,967.0,983.0,974.0,903.0,898.0,903.0
0.0,5188.0,2776.0,2708.0,2924.0,2788.0,889.0,946.0,953.0,903.0,900.0,905.0,889.0,940.0,947.0,1742.0,1711.0,1735.0,889.0,946.0,953.0,903.0,900.0,905.0
0.0,5336.0,2821.0,2711.0,2788.0,2830.0,951.0,931.0,948.0,905.0,900.0,906.0,945.0,931.0,945.0,1820.0,1754.0,1762.0,951.0,931.0,948.0,905.0,900.0,906.0
0.0,5303.0,2825.0,2711.0,2830.0,2825.0,953.0,902.0,970.0,905.0,899.0,907.0,953.0,905.0,967.0,1764.0,1769.0,1770.0,953.0,902.0,970.0,905.0,899.0,907.0
0.0,5308.0,2707.0,2713.0,2825.0,2713.0,906.0,900.0,907.0,906.0,900.0,907.0,903.0,897.0,907.0,1762.0,1795.0,1751.0,906.0,900.0,907.0,906.0,900.0,907.0
0.0,5426.0,2716.0,2715.0,2713.0,2722.0,924.0,886.0,912.0,907.0,900.0,908.0,921.0,886.0,909.0,1812.0,1800.0,1814.0,924.0,886.0,912.0,907.0,900.0,908.0
0.0,5423.0,2753.0,2718.0,2722.0,2762.0,920.0,920.0,922.0,908.0,901.0,909.0,917.0,917.0,919.0,1797.0,1814.0,1812.0,920.0,920.0,922.0,908.0,901.0,909.0
0.0,5392.0,2711.0,2718.0,2762.0,2711.0,868.0,949.0,894.0,908.0,902.0,908.0,868.0,946.0,897.0,1804.0,1783.0,1805.0,868.0,949.0,894.0,908.0,902.0,908.0
0.0,5443.0,2674.0,2718.0,2711.0,2674.0,869.0,912.0,893.0,907.0,903.0,908.0,872.0,909.0,893.0,1856.0,1757.0,1830.0,869.0,912.0,893.0,907.0,903.0,908.0
0.0,5480.0,2768.0,2723.0,2674.0,2783.0,911.0,946.0,926.0,909.0,905.0,909.0,905.0,940.0,923.0,1852.0,1797.0,1831.0,911.0,946.0,926.0,909.0,905.0,909.0
0.0,5386.0,2785.0,2724.0,2783.0,2788.0,927.0,934.0,927.0,909.0,906.0,909.0,927.0,931.0,927.0,1816.0,1769.0,1801.0,927.0,934.0,927.0,909.0,906.0,909.0
0.0,5384.0,2739.0,2727.0,2788.0,2748.0,934.0,908.0,906.0,910.0,907.0,910.0,931.0,905.0,903.0,1800.0,1784.0,1800.0,934.0,908.0,906.0,910.0,907.0,910.0
0.0,5433.0,2780.0,2726.0,2748.0,2777.0,944.0,903.0,930.0,910.0,906.0,910.0,944.0,906.0,930.0,1796.0,1813.0,1824.0,944.0,903.0,930.0,910.0,906.0,910.0
0.0,5401.0,2811.0,2727.0,2777.0,2814.0,940.0,927.0,947.0,910.0,906.0,911.0,940.0,927.0,944.0,1786.0,1815.0,1800.0,940.0,927.0,947.0,910.0,906.0,911.0
0.0,5367.0,2735.0,2726.0,2814.0,2732.0,902.0,908.0,922.0,910.0,905.0,911.0,902.0,911.0,922.0,1790.0,1791.0,1786.0,902.0,908.0,922.0,910.0,905.0,911.0
0.0,5446.0,2722.0,2727.0,2732.0,2725.0,887.0,909.0,929.0,910.0,905.0,912.0,887.0,909.0,926.0,1828.0,1807.0,1811.0,887.0,909.0,929.0,910.0,905.0,912.0
0.0,5456.0,2874.0,2731.0,2725.0,2886.0,951.0,963.0,972.0,911.0,906.0,914.0,948.0,960.0,966.0,1843.0,1806.0,1807.0,951.0,963.0,972.0,911.0,906.0,914.0
0.0,5307.0,2683.0,2732.0,2886.0,2686.0,885.0,903.0,898.0,911.0,907.0,914.0,885.0,900.0,898.0,1782.0,1755.0,1770.0,885.0,903.0,898.0,911.0,907.0,914.0
0.0,5510.0,2725.0,2732.0,2686.0,2725.0,929.0,900.0,896.0,911.0,907.0,914.0,929.0,900.0,896.0,1848.0,1818.0,1844.0,929.0,900.0,896.0,911.0,907.0,914.0
0.0,5471.0,2672.0,2730.0,2725.0,2666.0,898.0,897.0,871.0,910.0,907.0,913.0,901.0,897.0,874.0,1804.0,1821.0,1846.0,898.0,897.0,871.0,910.0,907.0,913.0
0.0,5524.0,2661.0,2731.0,2666.0,2664.0,898.0,870.0,896.0,911.0,907.0,913.0,895.0,870.0,896.0,1832.0,1824.0,1868.0,898.0,870.0,896.0,911.0,907.0,913.0
0.0,5529.0,2660.0,2731.0,2664.0,2660.0,879.0,896.0,885.0,911.0,907.0,913.0,879.0,896.0,885.0,1835.0,1851.0,1843.0,879.0,896.0,885.0,911.0,907.0,913.0
0.0,5533.0,2735.0,2730.0,2660.0,2732.0,906.0,901.0,925.0,911.0,906.0,913.0,906.0,904.0,925.0,1854.0,1825.0,1854.0,906.0,901.0,925.0,911.0,906.0,913.0
0.0,5458.0,2786.0,2735.0,2732.0,2801.0,937.0,936.0,928.0,913.0,908.0,914.0,931.0,930.0,925.0,1827.0,1817.0,1814.0,937.0,936.0,928.0,913.0,908.0,914.0
0.0,5404.0,2817.0,2738.0,2801.0,2826.0,934.0,937.0,955.0,914.0,908.0,916.0,931.0,937.0,949.0,1802.0,1788.0,1814.0,934.0,937.0,955.0,914.0,908.0,916.0
0.0,5388.0,2896.0,2743.0,2826.0,2911.0,974.0,963.0,974.0,915.0,910.0,918.0,971.0,957.0,968.0,1808.0,1787.0,1793.0,974.0,963.0,974.0,915.0,910.0,918.0
0.0,5318.0,2855.0,2743.0,2911.0,2855.0,959.0,933.0,963.0,915.0,910.0,918.0,959.0,933.0,963.0,1771.0,1767.0,1780.0,959.0,933.0,963.0,915.0,910.0,918.0
0.0,5374.0,2824.0,2746.0,2855.0,2833.0,944.0,940.0,949.0,916.0,911.0,919.0,941.0,937.0,946.0,1786.0,1797.0,1791.0,944.0,940.0,949.0,916.0,911.0,919.0
0.0,5405.0,2711.0,2745.0,2833.0,2708.0,869.0,934.0,905.0,915.0,912.0,918.0,872.0,931.0,908.0,1804.0,1793.0,1808.0,869.0,934.0,905.0,915.0,912.0,918.0
0.0,5527.0,2743.0,2746.0,2708.0,2746.0,905.0,910.0,931.0,915.0,912.0,919.0,905.0,910.0,928.0,1876.0,1802.0,1849.0,905.0,910.0,931.0,915.0,912.0,919.0
0.0,5492.0,2799.0,2746.0,2746.0,2799.0,952.0,939.0,908.0,915.0,913.0,918.0,952.0,936.0,911.0,1840.0,1826.0,1826.0,952.0,939.0,908.0,915.0,913.0,918.0
0.0,5439.0,2838.0,2749.0,2799.0,2847.0,952.0,959.0,936.0,916.0,914.0,919.0,949.0,956.0,933.0,1793.0,1800.0,1846.0,952.0,959.0,936.0,916.0,914.0,919.0
0.0,5400.0,2718.0,2748.0,2847.0,2715.0,930.0,914.0,871.0,916.0,914.0,918.0,930.0,914.0,874.0,1796.0,1783.0,1821.0,930.0,914.0,871.0,916.0,914.0,918.0
0.0,5529.0,2730.0,2751.0,2715.0,2739.0,920.0,927.0,892.0,917.0,915.0,919.0,917.0,924.0,889.0,1818.0,1828.0,1883.0,920.0,927.0,892.0,917.0,915.0,919.0
0.0,5514.0,2703.0,2753.0,2739.0,2709.0,872.0,941.0,896.0,917.0,917.0,919.0,872.0,935.0,896.0,1831.0,1818.0,1865.0,872.0,941.0,896.0,917.0,917.0,919.0
0.0,5550.0,2700.0,2754.0,2709.0,2703.0,902.0,907.0,894.0,918.0,917.0,919.0,899.0,907.0,894.0,1879.0,1810.0,1861.0,902.0,907.0,894.0,918.0,917.0,919.0
0.0,5559.0,2745.0,2754.0,2703.0,2745.0,899.0,908.0,938.0,918.0,917.0,919.0,899.0,908.0,938.0,1852.0,1844.0,1863.0,899.0,908.0,938.0,918.0,917.0,919.0
0.0,5517.0,2821.0,2755.0,2745.0,2824.0,958.0,903.0,963.0,918.0,917.0,920.0,958.0,903.0,960.0,1855.0,1843.0,1819.0,958.0,903.0,963.0,918.0,917.0,920.0
0.0,5441.0,2790.0,2755.0,2824.0,2790.0,932.0,892.0,966.0,918.0,917.0,920.0,932.0,892.0,966.0,1796.0,1848.0,1797.0,932.0,892.0,966.0,918.0,917.0,920.0
0.0,5475.0,2830.0,2757.0,2790.0,2836.0,922.0,930.0,984.0,918.0,917.0,922.0,922.0,930.0,978.0,1822.0,1859.0,1794.0,922.0,930.0,984.0,918.0,917.0,922.0
0.0,5435.0,2849.0,2758.0,2836.0,2852.0,946.0,947.0,959.0,918.0,917.0,923.0,946.0,947.0,956.0,1832.0,1821.0,1782.0,946.0,947.0,959.0,918.0,917.0,923.0
0.0,5422.0,2795.0,2757.0,2852.0,2792.0,939.0,929.0,924.0,918.0,917.0,922.0,939.0,929.0,927.0,1808.0,1804.0,1810.0,939.0,929.0,924.0,918.0,917.0,922.0
0.0,5479.0,2723.0,2759.0,2792.0,2729.0,909.0,917.0,903.0,919.0,918.0,922.0,906.0,914.0,903.0,1815.0,1822.0,1842.0,909.0,917.0,903.0,919.0,918.0,922.0
0.0,5548.0,2770.0,2760.0,2729.0,2773.0,917.0,939.0,917.0,919.0,919.0,922.0,917.0,936.0,917.0,1848.0,1837.0,1863.0,917.0,939.0,917.0,919.0,919.0,922.0
0.0,5507.0,2758.0,2761.0,2773.0,2761.0,933.0,939.0,889.0,919.0,920.0,922.0,933.0,936.0,889.0,1840.0,1818.0,1849.0,933.0,939.0,889.0,919.0,920.0,922.0
0.0,5522.0,2721.0,2761.0,2761.0,2721.0,922.0,902.0,897.0,919.0,920.0,922.0,922.0,902.0,897.0,1824.0,1821.0,1877.0,922.0,902.0,897.0,919.0,920.0,922.0
0.0,5562.0,2759.0,2762.0,2721.0,2762.0,911.0,919.0,932.0,919.0,921.0,922.0,911.0,916.0,932.0,1835.0,1858.0,1869.0,911.0,919.0,932.0,919.0,921.0,922.0
0.0,5524.0,2754.0,2762.0,2762.0,2754.0,905.0,934.0,915.0,919.0,921.0,922.0,905.0,934.0,915.0,1846.0,1844.0,1834.0,905.0,934.0,915.0,919.0,921.0,922.0
0.0,5532.0,2834.0,2767.0,2754.0,2849.0,944.0,943.0,962.0,921.0,922.0,924.0,938.0,940.0,956.0,1852.0,1829.0,1851.0,944.0,943.0,962.0,921.0,922.0,924.0
0.0,5452.0,2841.0,2767.0,2849.0,2841.0,927.0,948.0,966.0,920.0,922.0,925.0,930.0,948.0,963.0,1819.0,1823.0,1810.0,927.0,948.0,966.0,920.0,922.0,925.0
0.0,5460.0,2893.0,2771.0,2841.0,2905.0,1000.0,942.0,963.0,922.0,923.0,926.0,994.0,939.0,960.0,1833.0,1818.0,1809.0,1000.0,942.0,963.0,922.0,923.0,926.0
0.0,5408.0,2965.0,2774.0,2905.0,2974.0,991.0,989.0,994.0,923.0,924.0,927.0,988.0,986.0,991.0,1766.0,1827.0,1815.0,991.0,989.0,994.0,923.0,924.0,927.0
0.0,5348.0,2797.0,2771.0,2974.0,2788.0,923.0,943.0,922.0,922.0,923.0,926.0,926.0,946.0,925.0,1778.0,1783.0,1787.0,923.0,943.0,922.0,922.0,923.0,926.0
0.0,5525.0,2902.0,2774.0,2788.0,2911.0,958.0,980.0,973.0,923.0,924.0,927.0,955.0,977.0,970.0,1843.0,1826.0,1856.0,958.0,980.0,973.0,923.0,924.0,927.0
0.0,5411.0,2841.0,2773.0,2911.0,2838.0,949.0,961.0,928.0,923.0,924.0,926.0,949.0,961.0,931.0,1811.0,1792.0,1808.0,949.0,961.0,928.0,923.0,924.0,926.0
0.0,5481.0,2812.0,2773.0,2838.0,2812.0,946.0,950.0,916.0,923.0,925.0,925.0,946.0,947.0,919.0,1820.0,1811.0,1850.0,946.0,950.0,916.0,923.0,925.0,925.0
0.0,5507.0,2757.0,2775.0,2812.0,2763.0,925.0,930.0,908.0,924.0,926.0,925.0,922.0,927.0,908.0,1823.0,1825.0,1859.0,925.0,930.0,908.0,924.0,926.0,925.0
0.0,5562.0,2729.0,2775.0,2763.0,2729.0,929.0,906.0,894.0,924.0,926.0,925.0,929.0,906.0,894.0,1847.0,1848.0,1867.0,929.0,906.0,894.0,924.0,926.0,925.0
0.0,5596.0,2703.0,2774.0,2729.0,2700.0,919.0,870.0,911.0,924.0,925.0,925.0,919.0,873.0,911.0,1843.0,1872.0,1881.0,919.0,870.0,911.0,924.0,925.0,925.0
0.0,5622.0,2844.0,2776.0,2700.0,2850.0,942.0,953.0,955.0,925.0,925.0,926.0,939.0,953.0,952.0,1853.0,1905.0,1864.0,942.0,953.0,955.0,925.0,925.0,926.0
0.0,5478.0,2805.0,2779.0,2850.0,2814.0,920.0,938.0,956.0,926.0,926.0,927.0,917.0,935.0,953.0,1833.0,1822.0,1823.0,920.0,938.0,956.0,926.0,926.0,927.0
0.0,5523.0,2762.0,2779.0,2814.0,2762.0,899.0,934.0,929.0,926.0,926.0,927.0,899.0,934.0,929.0,1858.0,1840.0,1825.0,899.0,934.0,929.0,926.0,926.0,927.0
0.0,5575.0,2970.0,2782.0,2762.0,2979.0,977.0,1013.0,989.0,927.0,927.0,928.0,974.0,1010.0,986.0,1879.0,1844.0,1852.0,977.0,1013.0,989.0,927.0,927.0,928.0
0.0,5367.0,2837.0,2784.0,2979.0,2843.0,947.0,950.0,946.0,927.0,928.0,929.0,947.0,947.0,943.0,1804.0,1768.0,1795.0,947.0,950.0,946.0,927.0,928.0,929.0
0.0,5509.0,2774.0,2785.0,2843.0,2777.0,918.0,897.0,962.0,927.0,928.0,930.0,918.0,897.0,959.0,1834.0,1834.0,1841.0,918.0,897.0,962.0,927.0,928.0,930.0
0.0,5578.0,2907.0,2786.0,2777.0,2910.0,963.0,952.0,995.0,927.0,928.0,931.0,963.0,952.0,992.0,1863.0,1887.0,1828.0,963.0,952.0,995.0,927.0,928.0,931.0
0.0,5448.0,2916.0,2790.0,2910.0,2928.0,980.0,974.0,974.0,928.0,930.0,932.0,977.0,968.0,971.0,1818.0,1832.0,1798.0,980.0,974.0,974.0,928.0,930.0,932.0
0.0,5442.0,2934.0,2794.0,2928.0,2946.0,987.0,975.0,984.0,930.0,931.0,933.0,981.0,972.0,981.0,1804.0,1816.0,1822.0,987.0,975.0,984.0,930.0,931.0,933.0
0.0,5436.0,2933.0,2794.0,2946.0,2933.0,994.0,986.0,953.0,931.0,931.0,932.0,991.0,986.0,956.0,1803.0,1818.0,1815.0,994.0,986.0,953.0,931.0,931.0,932.0
0.0,5449.0,2780.0,2797.0,2933.0,2789.0,938.0,936.0,915.0,932.0,932.0,933.0,935.0,933.0,912.0,1799.0,1807.0,1843.0,938.0,936.0,915.0,932.0,932.0,933.0
0.0,5602.0,2941.0,2801.0,2789.0,2953.0,992.0,1007.0,954.0,933.0,934.0,934.0,989.0,1001.0,951.0,1858.0,1860.0,1884.0,992.0,1007.0,954.0,933.0,934.0,934.0
0.0,5450.0,2801.0,2803.0,2953.0,2807.0,956.0,941.0,910.0,934.0,935.0,934.0,953.0,938.0,910.0,1807.0,1795.0,1848.0,956.0,941.0,910.0,934.0,935.0,934.0
0.0,5602.0,2841.0,2807.0,2807.0,2853.0,950.0,945.0,958.0,935.0,936.0,936.0,947.0,942.0,952.0,1846.0,1864.0,1892.0,950.0,945.0,958.0,935.0,936.0,936.0
0.0,5568.0,2751.0,2808.0,2853.0,2754.0,890.0,939.0,925.0,935.0,937.0,936.0,890.0,936.0,925.0,1855.0,1863.0,1850.0,890.0,939.0,925.0,935.0,937.0,936.0
0.0,5670.0,2798.0,2809.0,2754.0,2801.0,933.0,933.0,935.0,936.0,937.0,936.0,930.0,933.0,935.0,1915.0,1872.0,1883.0,933.0,933.0,935.0,936.0,937.0,936.0
0.0,5626.0,2846.0,2811.0,2801.0,2852.0,962.0,945.0,945.0,936.0,938.0,937.0,962.0,942.0,942.0,1875.0,1878.0,1873.0,962.0,945.0,945.0,936.0,938.0,937.0
0.0,5581.0,2807.0,2810.0,2852.0,2804.0,927.0,948.0,929.0,936.0,938.0,936.0,927.0,948.0,932.0,1846.0,1869.0,1866.0,927.0,948.0,929.0,936.0,938.0,936.0
0.0,5626.0,2801.0,2808.0,2804.0,2795.0,953.0,930.0,912.0,936.0,937.0,935.0,953.0,933.0,915.0,1881.0,1866.0,1879.0,953.0,930.0,912.0,936.0,937.0,935.0
0.0,5629.0,2954.0,2811.0,2795.0,2963.0,999.0,990.0,974.0,937.0,938.0,936.0,996.0,987.0,971.0,1855.0,1881.0,1893.0,999.0,990.0,974.0,937.0,938.0,936.0
0.0,5470.0,2866.0,2812.0,2963.0,2869.0,941.0,986.0,942.0,937.0,939.0,936.0,941.0,983.0,942.0,1812.0,1824.0,1834.0,941.0,986.0,942.0,937.0,939.0,936.0
0.0,5567.0,2895.0,2815.0,2869.0,2904.0,945.0,1009.0,950.0,938.0,941.0,936.0,942.0,1003.0,950.0,1870.0,1831.0,1866.0,945.0,1009.0,950.0,938.0,941.0,936.0
0.0,5541.0,2919.0,2818.0,2904.0,2928.0,968.0,977.0,983.0,939.0,942.0,937.0,965.0,974.0,980.0,1869.0,1814.0,1858.0,968.0,977.0,983.0,939.0,942.0,937.0
0.0,5526.0,2820.0,2819.0,2928.0,2823.0,952.0,918.0,953.0,939.0,942.0,938.0,952.0,918.0,950.0,1849.0,1849.0,1828.0,952.0,918.0,953.0,939.0,942.0,938.0
0.0,5634.0,2726.0,2816.0,2823.0,2717.0,921.0,898.0,898.0,939.0,940.0,937.0,921.0,904.0,901.0,1865.0,1908.0,1861.0,921.0,898.0,898.0,939.0,940.0,937.0
0.0,5731.0,2885.0,2820.0,2717.0,2897.0,980.0,959.0,958.0,940.0,941.0,939.0,977.0,956.0,952.0,1896.0,1922.0,1913.0,980.0,959.0,958.0,940.0,941.0,939.0
0.0,5563.0,2768.0,2821.0,2897.0,2771.0,939.0,888.0,944.0,940.0,941.0,940.0,939.0,888.0,941.0,1840.0,1864.0,1859.0,939.0,888.0,944.0,940.0,941.0,940.0
0.0,5692.0,2819.0,2823.0,2771.0,2825.0,941.0,950.0,934.0,941.0,941.0,941.0,938.0,950.0,931.0,1881.0,1935.0,1876.0,941.0,950.0,934.0,941.0,941.0,941.0
0.0,5644.0,2761.0,2824.0,2825.0,2764.0,903.0,916.0,945.0,941.0,941.0,942.0,903.0,916.0,942.0,1882.0,1873.0,1889.0,903.0,916.0,945.0,941.0,941.0,942.0
0.0,5708.0,2852.0,2826.0,2764.0,2858.0,943.0,957.0,958.0,942.0,942.0,942.0,940.0,954.0,958.0,1920.0,1907.0,1881.0,943.0,957.0,958.0,942.0,942.0,942.0
0.0,5620.0,2889.0,2827.0,2858.0,2892.0,974.0,957.0,961.0,942.0,943.0,942.0,974.0,954.0,961.0,1883.0,1869.0,1868.0,974.0,957.0,961.0,942.0,943.0,942.0
0.0,5589.0,2872.0,2828.0,2892.0,2875.0,980.0,964.0,931.0,943.0,944.0,941.0,977.0,961.0,934.0,1852.0,1872.0,1865.0,980.0,964.0,931.0,943.0,944.0,941.0
0.0,5609.0,2912.0,2830.0,2875.0,2918.0,979.0,971.0,968.0,944.0,945.0,941.0,976.0,968.0,968.0,1849.0,1868.0,1892.0,979.0,971.0,968.0,944.0,945.0,941.0
0.0,5572.0,2787.0,2829.0,2918.0,2784.0,943.0,915.0,926.0,944.0,944.0,941.0,943.0,918.0,926.0,1853.0,1864.0,1855.0,943.0,915.0,926.0,944.0,944.0,941.0
0.0,5703.0,2803.0,2830.0,2784.0,2806.0,934.0,938.0,934.0,944.0,945.0,941.0,934.0,935.0,934.0,1889.0,1917.0,1897.0,934.0,938.0,934.0,944.0,945.0,941.0
0.0,5684.0,2906.0,2833.0,2806.0,2915.0,952.0,967.0,996.0,945.0,946.0,942.0,949.0,964.0,993.0,1898.0,1897.0,1889.0,952.0,967.0,996.0,945.0,946.0,942.0
0.0,5584.0,2906.0,2836.0,2915.0,2915.0,958.0,970.0,987.0,946.0,946.0,944.0,955.0,970.0,981.0,1883.0,1871.0,1830.0,958.0,970.0,987.0,946.0,946.0,944.0
0.0,5593.0,2829.0,2837.0,2915.0,2832.0,925.0,952.0,955.0,946.0,946.0,945.0,925.0,952.0,952.0,1880.0,1868.0,1845.0,925.0,952.0,955.0,946.0,946.0,945.0
0.0,5679.0,3012.0,2842.0,2832.0,3027.0,1012.0,1008.0,1007.0,947.0,948.0,947.0,1009.0,1002.0,1001.0,1913.0,1886.0,1880.0,1012.0,1008.0,1007.0,947.0,948.0,947.0
0.0,5499.0,2769.0,2843.0,3027.0,2772.0,902.0,944.0,926.0,947.0,949.0,947.0,902.0,941.0,926.0,1829.0,1836.0,1834.0,902.0,944.0,926.0,947.0,949.0,947.0
0.0,5757.0,2824.0,2843.0,2772.0,2824.0,920.0,953.0,951.0,947.0,949.0,947.0,920.0,953.0,951.0,1939.0,1903.0,1915.0,920.0,953.0,951.0,947.0,949.0,947.0
0.0,5705.0,2950.0,2847.0,2824.0,2962.0,968.0,976.0,1018.0,948.0,950.0,949.0,965.0,973.0,1012.0,1921.0,1894.0,1890.0,968.0,976.0,1018.0,948.0,950.0,949.0
0.0,5579.0,2843.0,2847.0,2962.0,2843.0,966.0,944.0,933.0,949.0,950.0,948.0,963.0,944.0,936.0,1876.0,1874.0,1829.0,966.0,944.0,933.0,949.0,950.0,948.0
0.0,5698.0,2869.0,2846.0,2843.0,2866.0,956.0,953.0,957.0,948.0,950.0,948.0,959.0,953.0,957.0,1881.0,1906.0,1911.0,956.0,953.0,957.0,948.0,950.0,948.0
0.0,5672.0,2945.0,2845.0,2866.0,2942.0,1005.0,946.0,991.0,948.0,949.0,948.0,1005.0,949.0,991.0,1888.0,1897.0,1887.0,1005.0,946.0,991.0,948.0,949.0,948.0
0.0,5593.0,2974.0,2849.0,2942.0,2986.0,1016.0,990.0,980.0,950.0,950.0,949.0,1010.0,987.0,977.0,1839.0,1901.0,1853.0,1016.0,990.0,980.0,950.0,950.0,949.0
0.0,5561.0,2920.0,2849.0,2986.0,2920.0,978.0,958.0,984.0,950.0,950.0,949.0,978.0,958.0,984.0,1834.0,1860.0,1867.0,978.0,958.0,984.0,950.0,950.0,949.0
0.0,5627.0,2997.0,2853.0,2920.0,3009.0,978.0,1023.0,1008.0,951.0,951.0,951.0,975.0,1020.0,1002.0,1872.0,1892.0,1863.0,978.0,1023.0,1008.0,951.0,951.0,951.0
0.0,5550.0,2836.0,2852.0,3009.0,2833.0,917.0,976.0,940.0,950.0,951.0,951.0,920.0,976.0,940.0,1875.0,1830.0,1845.0,917.0,976.0,940.0,950.0,951.0,951.0
0.0,5723.0,2991.0,2858.0,2833.0,3009.0,1014.0,1002.0,993.0,952.0,953.0,953.0,1008.0,996.0,987.0,1933.0,1877.0,1913.0,1014.0,1002.0,993.0,952.0,953.0,953.0
0.0,5565.0,2883.0,2860.0,3009.0,2889.0,950.0,949.0,990.0,952.0,954.0,954.0,950.0,946.0,987.0,1842.0,1857.0,1866.0,950.0,949.0,990.0,952.0,954.0,954.0
0.0,5691.0,2734.0,2861.0,2889.0,2737.0,934.0,899.0,904.0,953.0,954.0,954.0,931.0,899.0,904.0,1906.0,1913.0,1872.0,934.0,899.0,904.0,953.0,954.0,954.0
0.0,5846.0,2864.0,2861.0,2737.0,2864.0,977.0,942.0,945.0,953.0,954.0,954.0,977.0,942.0,945.0,1925.0,1963.0,1958.0,977.0,942.0,945.0,953.0,954.0,954.0
0.0,5719.0,2838.0,2862.0,2864.0,2841.0,967.0,943.0,931.0,954.0,954.0,954.0,964.0,943.0,931.0,1882.0,1920.0,1917.0,967.0,943.0,931.0,954.0,954.0,954.0
0.0,5745.0,2897.0,2864.0,2841.0,2903.0,977.0,957.0,969.0,956.0,954.0,954.0,971.0,957.0,969.0,1895.0,1919.0,1931.0,977.0,957.0,969.0,956.0,954.0,954.0
0.0,5689.0,2864.0,2862.0,2903.0,2858.0,963.0,963.0,932.0,955.0,954.0,953.0,966.0,963.0,935.0,1891.0,1905.0,1893.0,963.0,963.0,932.0,955.0,954.0,953.0
0.0,5728.0,2949.0,2865.0,2858.0,2958.0,1014.0,993.0,951.0,957.0,954.0,954.0,1008.0,993.0,948.0,1902.0,1899.0,1927.0,1014.0,993.0,951.0,957.0,954.0,954.0
0.0,5637.0,2887.0,2867.0,2958.0,2893.0,968.0,988.0,937.0,958.0,956.0,953.0,965.0,982.0,940.0,1857.0,1869.0,1911.0,968.0,988.0,937.0,958.0,956.0,953.0
0.0,5708.0,2894.0,2867.0,2893.0,2894.0,945.0,984.0,965.0,957.0,957.0,953.0,948.0,981.0,965.0,1906.0,1880.0,1922.0,945.0,984.0,965.0,957.0,957.0,953.0
0.0,5707.0,2876.0,2866.0,2894.0,2873.0,954.0,947.0,972.0,957.0,956.0,953.0,954.0,950.0,972.0,1926.0,1887.0,1894.0,954.0,947.0,972.0,957.0,956.0,953.0
0.0,5725.0,2901.0,2865.0,2873.0,2898.0,943.0,971.0,984.0,956.0,956.0,953.0,946.0,971.0,984.0,1917.0,1921.0,1887.0,943.0,971.0,984.0,956.0,956.0,953.0
0.0,5697.0,2959.0,2866.0,2898.0,2962.0,976.0,983.0,1003.0,956.0,956.0,954.0,976.0,983.0,1000.0,1925.0,1897.0,1875.0,976.0,983.0,1003.0,956.0,956.0,954.0
0.0,5636.0,2884.0,2868.0,2962.0,2890.0,981.0,921.0,988.0,957.0,956.0,955.0,978.0,921.0,985.0,1892.0,1885.0,1859.0,981.0,921.0,988.0,957.0,956.0,955.0
0.0,5714.0,2944.0,2867.0,2890.0,2941.0,977.0,968.0,996.0,956.0,955.0,956.0,980.0,971.0,993.0,1890.0,1947.0,1877.0,977.0,968.0,996.0,956.0,955.0,956.0
0.0,5660.0,2838.0,2868.0,2941.0,2841.0,968.0,934.0,939.0,957.0,955.0,956.0,965.0,934.0,939.0,1891.0,1897.0,1872.0,968.0,934.0,939.0,957.0,955.0,956.0
0.0,5763.0,2797.0,2867.0,2841.0,2794.0,930.0,928.0,936.0,956.0,955.0,956.0,933.0,928.0,936.0,1903.0,1931.0,1929.0,930.0,928.0,936.0,956.0,955.0,956.0
0.0,5807.0,2991.0,2872.0,2794.0,3006.0,1019.0,1005.0,982.0,959.0,956.0,957.0,1010.0,1002.0,979.0,1938.0,1937.0,1932.0,1019.0,1005.0,982.0,959.0,956.0,957.0
0.0,5610.0,2797.0,2872.0,3006.0,2797.0,908.0,977.0,912.0,958.0,957.0,957.0,911.0,974.0,912.0,1858.0,1863.0,1889.0,908.0,977.0,912.0,958.0,957.0,957.0
0.0,5819.0,2985.0,2875.0,2797.0,2994.0,992.0,1001.0,1001.0,959.0,958.0,958.0,989.0,998.0,998.0,1966.0,1894.0,1959.0,992.0,1001.0,1001.0,959.0,958.0,958.0
0.0,5631.0,2989.0,2878.0,2994.0,2998.0,998.0,991.0,1009.0,960.0,959.0,959.0,995.0,988.0,1006.0,1885.0,1873.0,1873.0,998.0,991.0,1009.0,960.0,959.0,959.0
0.0,5636.0,3018.0,2883.0,2998.0,3033.0,1039.0,991.0,1003.0,962.0,960.0,961.0,1033.0,988.0,997.0,1882.0,1886.0,1868.0,1039.0,991.0,1003.0,962.0,960.0,961.0
0.0,5616.0,2959.0,2883.0,3033.0,2959.0,986.0,956.0,1017.0,962.0,959.0,962.0,986.0,959.0,1014.0,1847.0,1889.0,1880.0,986.0,956.0,1017.0,962.0,959.0,962.0
0.0,5690.0,2907.0,2883.0,2959.0,2907.0,996.0,919.0,992.0,963.0,958.0,962.0,993.0,922.0,992.0,1900.0,1921.0,1869.0,996.0,919.0,992.0,963.0,958.0,962.0
0.0,5742.0,2973.0,2886.0,2907.0,2982.0,999.0,964.0,1019.0,964.0,958.0,964.0,996.0,964.0,1013.0,1893.0,1955.0,1894.0,999.0,964.0,1019.0,964.0,958.0,964.0
0.0,5676.0,2907.0,2885.0,2982.0,2904.0,968.0,959.0,977.0,964.0,957.0,964.0,968.0,962.0,977.0,1893.0,1910.0,1873.0,968.0,959.0,977.0,964.0,957.0,964.0
0.0,5751.0,2947.0,2886.0,2904.0,2950.0,982.0,974.0,994.0,964.0,958.0,964.0,982.0,971.0,994.0,1924.0,1912.0,1915.0,982.0,974.0,994.0,964.0,958.0,964.0
0.0,5708.0,2939.0,2891.0,2950.0,2954.0,986.0,997.0,971.0,965.0,960.0,966.0,983.0,991.0,965.0,1910.0,1900.0,1898.0,986.0,997.0,971.0,965.0,960.0,966.0
0.0,5719.0,2923.0,2892.0,2954.0,2926.0,988.0,949.0,989.0,966.0,960.0,966.0,985.0,949.0,989.0,1909.0,1883.0,1927.0,988.0,949.0,989.0,966.0,960.0,966.0
0.0,5750.0,2830.0,2892.0,2926.0,2830.0,928.0,959.0,943.0,965.0,961.0,966.0,931.0,956.0,943.0,1910.0,1931.0,1909.0,928.0,959.0,943.0,965.0,961.0,966.0
0.0,5846.0,2892.0,2895.0,2830.0,2901.0,958.0,981.0,962.0,966.0,962.0,967.0,955.0,978.0,959.0,1967.0,1924.0,1955.0,958.0,981.0,962.0,966.0,962.0,967.0
0.0,5784.0,2899.0,2897.0,2901.0,2905.0,967.0,982.0,956.0,967.0,963.0,967.0,964.0,979.0,956.0,1940.0,1905.0,1939.0,967.0,982.0,956.0,967.0,963.0,967.0
0.0,5786.0,3014.0,2900.0,2905.0,3023.0,1003.0,1006.0,1014.0,968.0,964.0,968.0,1000.0,1003.0,1011.0,1934.0,1907.0,1945.0,1003.0,1006.0,1014.0,968.0,964.0,968.0
0.0,5677.0,3003.0,2902.0,3023.0,3009.0,1020.0,976.0,1013.0,969.0,964.0,969.0,1017.0,976.0,1010.0,1901.0,1886.0,1890.0,1020.0,976.0,1013.0,969.0,964.0,969.0
0.0,5697.0,3030.0,2905.0,3009.0,3039.0,1005.0,1012.0,1022.0,969.0,965.0,971.0,1005.0,1009.0,1016.0,1887.0,1916.0,1894.0,1005.0,1012.0,1022.0,969.0,965.0,971.0
0.0,5676.0,3019.0,2908.0,3039.0,3028.0,996.0,1002.0,1030.0,970.0,966.0,972.0,993.0,999.0,1027.0,1902.0,1883.0,1891.0,996.0,1002.0,1030.0,970.0,966.0,972.0
0.0,5696.0,2956.0,2911.0,3028.0,2965.0,963.0,1023.0,979.0,970.0,968.0,973.0,963.0,1017.0,976.0,1914.0,1896.0,1886.0,963.0,1023.0,979.0,970.0,968.0,973.0
0.0,5768.0,2986.0,2914.0,2965.0,2995.0,966.0,1022.0,1007.0,971.0,969.0,974.0,963.0,1019.0,1004.0,1947.0,1881.0,1940.0,966.0,1022.0,1007.0,971.0,969.0,974.0
0.0,5747.0,2984.0,2916.0,2995.0,2990.0,998.0,993.0,999.0,972.0,970.0,974.0,995.0,990.0,999.0,1947.0,1885.0,1915.0,998.0,993.0,999.0,972.0,970.0,974.0
0.0,5758.0,2878.0,2915.0,2990.0,2875.0,983.0,945.0,947.0,972.0,969.0,974.0,983.0,948.0,947.0,1918.0,1917.0,1923.0,983.0,945.0,947.0,972.0,969.0,974.0
0.0,5870.0,2844.0,2915.0,2875.0,2844.0,981.0,943.0,920.0,973.0,969.0,973.0,978.0,943.0,923.0,1933.0,1962.0,1975.0,981.0,943.0,920.0,973.0,969.0,973.0
0.0,5901.0,2897.0,2913.0,2844.0,2891.0,984.0,956.0,951.0,973.0,968.0,972.0,984.0,959.0,954.0,1938.0,1964.0,1999.0,984.0,956.0,951.0,973.0,968.0,972.0
0.0,5848.0,2799.0,2914.0,2891.0,2802.0,919.0,971.0,912.0,973.0,969.0,972.0,919.0,968.0,912.0,1935.0,1948.0,1965.0,919.0,971.0,912.0,973.0,969.0,972.0
0.0,5940.0,2884.0,2915.0,2802.0,2887.0,979.0,964.0,944.0,974.0,969.0,972.0,976.0,964.0,944.0,2000.0,1936.0,2004.0,979.0,964.0,944.0,974.0,969.0,972.0
0.0,5858.0,2858.0,2914.0,2887.0,2855.0,944.0,953.0,958.0,974.0,969.0,971.0,944.0,953.0,961.0,1943.0,1943.0,1972.0,944.0,953.0,958.0,974.0,969.0,971.0
0.0,5887.0,3149.0,2919.0,2855.0,3164.0,1077.0,1032.0,1055.0,976.0,970.0,973.0,1071.0,1029.0,1049.0,1978.0,1954.0,1955.0,1077.0,1032.0,1055.0,976.0,970.0,973.0
0.0,5593.0,2983.0,2921.0,3164.0,2989.0,977.0,1006.0,1006.0,976.0,971.0,974.0,977.0,1003.0,1003.0,1851.0,1878.0,1864.0,977.0,1006.0,1006.0,976.0,971.0,974.0
0.0,5774.0,3000.0,2922.0,2989.0,3003.0,1009.0,978.0,1016.0,976.0,972.0,974.0,1009.0,975.0,1016.0,1951.0,1907.0,1916.0,1009.0,978.0,1016.0,976.0,972.0,974.0
0.0,5763.0,2954.0,2923.0,3003.0,2957.0,1032.0,975.0,950.0,977.0,972.0,974.0,1029.0,975.0,950.0,1919.0,1938.0,1906.0,1032.0,975.0,950.0,977.0,972.0,974.0
0.0,5812.0,2904.0,2921.0,2957.0,2898.0,960.0,947.0,991.0,976.0,971.0,974.0,963.0,950.0,991.0,1899.0,1941.0,1972.0,960.0,947.0,991.0,976.0,971.0,974.0
0.0,5865.0,2902.0,2920.0,2898.0,2899.0,968.0,973.0,958.0,976.0,971.0,973.0,968.0,973.0,961.0,1968.0,1966.0,1931.0,968.0,973.0,958.0,976.0,971.0,973.0
0.0,5861.0,2943.0,2922.0,2899.0,2949.0,984.0,988.0,977.0,977.0,971.0,974.0,981.0,988.0,974.0,1960.0,1940.0,1961.0,984.0,988.0,977.0,977.0,971.0,974.0
0.0,5817.0,2975.0,2922.0,2949.0,2975.0,983.0,1011.0,981.0,977.0,971.0,974.0,983.0,1011.0,981.0,1947.0,1925.0,1945.0,983.0,1011.0,981.0,977.0,971.0,974.0
0.0,5791.0,3039.0,2925.0,2975.0,3048.0,1054.0,993.0,1001.0,979.0,972.0,974.0,1048.0,990.0,1001.0,1948.0,1902.0,1941.0,1054.0,993.0,1001.0,979.0,972.0,974.0
0.0,5727.0,2887.0,2927.0,3048.0,2893.0,956.0,956.0,981.0,979.0,973.0,975.0,956.0,953.0,978.0,1883.0,1923.0,1921.0,956.0,956.0,981.0,979.0,973.0,975.0
0.0,5888.0,2876.0,2928.0,2893.0,2879.0,964.0,957.0,958.0,979.0,973.0,976.0,964.0,957.0,955.0,1981.0,1963.0,1944.0,964.0,957.0,958.0,979.0,973.0,976.0
0.0,5905.0,2894.0,2928.0,2879.0,2894.0,967.0,954.0,973.0,979.0,973.0,976.0,967.0,954.0,973.0,1973.0,1962.0,1970.0,967.0,954.0,973.0,979.0,973.0,976.0
0.0,5890.0,3004.0,2931.0,2894.0,3013.0,965.0,1004.0,1044.0,979.0,974.0,978.0,965.0,1001.0,1038.0,1970.0,1965.0,1955.0,965.0,1004.0,1044.0,979.0,974.0,978.0
0.0,5780.0,2945.0,2933.0,3013.0,2951.0,966.0,981.0,1004.0,979.0,975.0,979.0,966.0,978.0,1001.0,1972.0,1918.0,1890.0,966.0,981.0,1004.0,979.0,975.0,979.0
0.0,5848.0,2945.0,2932.0,2951.0,2942.0,966.0,968.0,1008.0,978.0,974.0,980.0,969.0,971.0,1005.0,1971.0,1944.0,1933.0,966.0,968.0,1008.0,978.0,974.0,980.0
0.0,5854.0,3011.0,2935.0,2942.0,3020.0,1000.0,986.0,1034.0,979.0,974.0,982.0,997.0,986.0,1028.0,1968.0,1954.0,1932.0,1000.0,986.0,1034.0,979.0,974.0,982.0
0.0,5785.0,3111.0,2939.0,3020.0,3123.0,1037.0,1060.0,1026.0,980.0,976.0,983.0,1034.0,1054.0,1023.0,1937.0,1936.0,1912.0,1037.0,1060.0,1026.0,980.0,976.0,983.0
0.0,5694.0,2958.0,2940.0,3123.0,2961.0,995.0,976.0,990.0,981.0,976.0,983.0,992.0,976.0,990.0,1903.0,1868.0,1923.0,995.0,976.0,990.0,981.0,976.0,983.0
0.0,5859.0,2900.0,2941.0,2961.0,2903.0,959.0,992.0,952.0,981.0,977.0,983.0,959.0,989.0,952.0,1948.0,1952.0,1959.0,959.0,992.0,952.0,981.0,977.0,983.0
0.0,5920.0,2828.0,2938.0,2903.0,2819.0,949.0,943.0,927.0,981.0,976.0,981.0,949.0,946.0,933.0,1984.0,1939.0,1997.0,949.0,943.0,927.0,981.0,976.0,981.0
0.0,5995.0,2966.0,2940.0,2819.0,2972.0,1010.0,964.0,998.0,981.0,977.0,982.0,1010.0,961.0,995.0,1994.0,1985.0,2016.0,1010.0,964.0,998.0,981.0,977.0,982.0
0.0,5848.0,2991.0,2941.0,2972.0,2994.0,1008.0,996.0,990.0,982.0,977.0,982.0,1005.0,996.0,990.0,1933.0,1967.0,1948.0,1008.0,996.0,990.0,982.0,977.0,982.0
0.0,5829.0,2917.0,2942.0,2994.0,2920.0,987.0,978.0,955.0,982.0,978.0,982.0,987.0,975.0,955.0,1938.0,1935.0,1956.0,987.0,978.0,955.0,982.0,978.0,982.0
0.0,5906.0,2948.0,2945.0,2920.0,2957.0,972.0,988.0,997.0,983.0,979.0,983.0,969.0,985.0,994.0,1959.0,1956.0,1991.0,972.0,988.0,997.0,983.0,979.0,983.0
0.0,5878.0,2993.0,2946.0,2957.0,2996.0,1001.0,985.0,1010.0,983.0,979.0,984.0,1001.0,985.0,1007.0,1977.0,1949.0,1952.0,1001.0,985.0,1010.0,983.0,979.0,984.0
0.0,5842.0,2949.0,2948.0,2996.0,2955.0,978.0,998.0,979.0,984.0,979.0,985.0,975.0,998.0,976.0,1948.0,1952.0,1942.0,978.0,998.0,979.0,984.0,979.0,985.0
0.0,5889.0,3039.0,2949.0,2955.0,3042.0,993.0,1028.0,1021.0,984.0,980.0,985.0,993.0,1025.0,1021.0,1974.0,1939.0,1976.0,993.0,1028.0,1021.0,984.0,980.0,985.0
0.0,5805.0,3016.0,2949.0,3042.0,3016.0,1004.0,1016.0,996.0,984.0,980.0,985.0,1004.0,1016.0,996.0,1959.0,1912.0,1934.0,1004.0,1016.0,996.0,984.0,980.0,985.0
0.0,5831.0,3112.0,2952.0,3016.0,3121.0,1049.0,1036.0,1036.0,985.0,981.0,986.0,1046.0,1033.0,1033.0,1948.0,1924.0,1959.0,1049.0,1036.0,1036.0,985.0,981.0,986.0
0.0,5735.0,3114.0,2955.0,3121.0,3123.0,1057.0,1046.0,1020.0,986.0,983.0,986.0,1054.0,1040.0,1020.0,1906.0,1907.0,1922.0,1057.0,1046.0,1020.0,986.0,983.0,986.0
0.0,5742.0,3033.0,2956.0,3123.0,3036.0,1000.0,1023.0,1013.0,986.0,984.0,986.0,1000.0,1020.0,1013.0,1901.0,1903.0,1938.0,1000.0,1023.0,1013.0,986.0,984.0,986.0
0.0,5832.0,2969.0,2956.0,3036.0,2969.0,951.0,1009.0,1009.0,985.0,985.0,986.0,954.0,1006.0,1009.0,1958.0,1929.0,1945.0,951.0,1009.0,1009.0,985.0,985.0,986.0
0.0,5899.0,3002.0,2958.0,2969.0,3008.0,1011.0,1012.0,985.0,986.0,986.0,986.0,1008.0,1009.0,985.0,2004.0,1946.0,1949.0,1011.0,1012.0,985.0,986.0,986.0,986.0
0.0,5866.0,3045.0,2961.0,3008.0,3054.0,1012.0,1009.0,1033.0,987.0,987.0,987.0,1009.0,1006.0,1030.0,1947.0,1946.0,1973.0,1012.0,1009.0,1033.0,987.0,987.0,987.0
0.0,5829.0,2998.0,2961.0,3054.0,2998.0,1027.0,1014.0,957.0,987.0,987.0,987.0,1027.0,1014.0,957.0,1949.0,1952.0,1928.0,1027.0,1014.0,957.0,987.0,987.0,987.0
0.0,5885.0,3007.0,2963.0,2998.0,3013.0,1006.0,996.0,1011.0,988.0,988.0,987.0,1003.0,993.0,1011.0,1934.0,1947.0,2004.0,1006.0,996.0,1011.0,988.0,988.0,987.0
0.0,5876.0,3065.0,2968.0,3013.0,3080.0,1041.0,997.0,1042.0,990.0,989.0,989.0,1035.0,994.0,1036.0,1958.0,1968.0,1950.0,1041.0,997.0,1042.0,990.0,989.0,989.0
0.0,5824.0,3034.0,2970.0,3080.0,3040.0,984.0,1028.0,1028.0,990.0,990.0,990.0,984.0,1025.0,1025.0,1929.0,1970.0,1925.0,984.0,1028.0,1028.0,990.0,990.0,990.0
0.0,5870.0,3033.0,2973.0,3040.0,3042.0,1006.0,989.0,1047.0,991.0,990.0,992.0,1003.0,989.0,1041.0,1986.0,1942.0,1942.0,1006.0,989.0,1047.0,991.0,990.0,992.0
0.0,5877.0,2912.0,2970.0,3042.0,2903.0,961.0,976.0,966.0,990.0,989.0,991.0,964.0,979.0,969.0,1967.0,1981.0,1929.0,961.0,976.0,966.0,990.0,989.0,991.0
0.0,6007.0,2884.0,2968.0,2903.0,2878.0,951.0,959.0,968.0,989.0,989.0,990.0,954.0,959.0,971.0,2009.0,1991.0,2007.0,951.0,959.0,968.0,989.0,989.0,990.0
0.0,6026.0,3030.0,2969.0,2878.0,3033.0,1028.0,994.0,1011.0,990.0,989.0,990.0,1025.0,994.0,1011.0,2016.0,2008.0,2002.0,1028.0,994.0,1011.0,990.0,989.0,990.0
0.0,5874.0,3090.0,2970.0,3033.0,3093.0,1036.0,1044.0,1013.0,990.0,990.0,990.0,1036.0,1041.0,1013.0,1942.0,1973.0,1959.0,1036.0,1044.0,1013.0,990.0,990.0,990.0
0.0,5817.0,3028.0,2972.0,3093.0,3034.0,1030.0,1045.0,959.0,992.0,990.0,990.0,1024.0,1045.0,959.0,1934.0,1926.0,1957.0,1030.0,1045.0,959.0,992.0,990.0,990.0
0.0,5882.0,3002.0,2971.0,3034.0,2999.0,989.0,1023.0,987.0,992.0,990.0,989.0,989.0,1023.0,990.0,1946.0,1925.0,2011.0,989.0,1023.0,987.0,992.0,990.0,989.0
0.0,5914.0,3071.0,2973.0,2999.0,3077.0,994.0,1048.0,1035.0,992.0,991.0,990.0,994.0,1045.0,1032.0,1987.0,1947.0,1980.0,994.0,1048.0,1035.0,992.0,991.0,990.0
0.0,5842.0,2977.0,2976.0,3077.0,2986.0,985.0,1016.0,985.0,992.0,993.0,991.0,985.0,1010.0,982.0,1982.0,1925.0,1935.0,985.0,1016.0,985.0,992.0,993.0,991.0
0.0,5942.0,3090.0,2980.0,2986.0,3102.0,1029.0,1015.0,1058.0,993.0,994.0,993.0,1026.0,1012.0,1052.0,1991.0,1963.0,1988.0,1029.0,1015.0,1058.0,993.0,994.0,993.0
0.0,5838.0,3040.0,2982.0,3102.0,3046.0,1039.0,990.0,1017.0,994.0,994.0,994.0,1036.0,990.0,1014.0,1950.0,1967.0,1921.0,1039.0,990.0,1017.0,994.0,994.0,994.0
0.0,5900.0,2979.0,2986.0,3046.0,2991.0,977.0,994.0,1020.0,995.0,995.0,996.0,974.0,991.0,1014.0,1943.0,1992.0,1965.0,977.0,994.0,1020.0,995.0,995.0,996.0
0.0,5967.0,2972.0,2988.0,2991.0,2978.0,973.0,987.0,1018.0,995.0,995.0,998.0,973.0,987.0,1012.0,2008.0,1991.0,1968.0,973.0,987.0,1018.0,995.0,995.0,998.0
0.0,5986.0,2987.0,2991.0,2978.0,2996.0,990.0,994.0,1012.0,996.0,996.0,999.0,987.0,991.0,1009.0,2012.0,1998.0,1976.0,990.0,994.0,1012.0,996.0,996.0,999.0
0.0,5977.0,2978.0,2987.0,2996.0,2966.0,965.0,1021.0,980.0,994.0,996.0,997.0,971.0,1021.0,986.0,1998.0,1994.0,1985.0,965.0,1021.0,980.0,994.0,996.0,997.0
0.0,5995.0,3014.0,2988.0,2966.0,3017.0,1020.0,1007.0,990.0,995.0,996.0,997.0,1017.0,1007.0,990.0,2017.0,1967.0,2011.0,1020.0,1007.0,990.0,995.0,996.0,997.0
0.0,5947.0,3054.0,2988.0,3017.0,3054.0,1052.0,1022.0,980.0,995.0,997.0,996.0,1052.0,1019.0,983.0,1965.0,1981.0,2001.0,1052.0,1022.0,980.0,995.0,997.0,996.0
0.0,5910.0,3112.0,2992.0,3054.0,3124.0,1039.0,1051.0,1034.0,996.0,998.0,998.0,1036.0,1048.0,1028.0,1933.0,1969.0,2008.0,1039.0,1051.0,1034.0,996.0,998.0,998.0
0.0,5852.0,3042.0,2994.0,3124.0,3048.0,995.0,1041.0,1012.0,996.0,1000.0,998.0,995.0,1035.0,1012.0,1949.0,1943.0,1960.0,995.0,1041.0,1012.0,996.0,1000.0,998.0
0.0,5934.0,2955.0,2995.0,3048.0,2958.0,980.0,1003.0,975.0,996.0,1000.0,999.0,980.0,1003.0,972.0,1993.0,1959.0,1982.0,980.0,1003.0,975.0,996.0,1000.0,999.0
0.0,6027.0,3058.0,2998.0,2958.0,3067.0,1029.0,998.0,1040.0,997.0,1001.0,1000.0,1026.0,995.0,1037.0,2008.0,1997.0,2022.0,1029.0,998.0,1040.0,997.0,1001.0,1000.0
0.0,5927.0,3053.0,2998.0,3067.0,3053.0,1042.0,997.0,1014.0,998.0,1000.0,1000.0,1039.0,1000.0,1014.0,1962.0,2005.0,1960.0,1042.0,997.0,1014.0,998.0,1000.0,1000.0
0.0,5941.0,3109.0,3000.0,3053.0,3115.0,1040.0,1020.0,1055.0,998.0,1001.0,1001.0,1040.0,1017.0,1052.0,1952.0,2003.0,1986.0,1040.0,1020.0,1055.0,998.0,1001.0,1001.0
0.0,5885.0,3108.0,3005.0,3115.0,3123.0,1042.0,1030.0,1051.0,1000.0,1002.0,1003.0,1036.0,1027.0,1045.0,1954.0,1983.0,1948.0,1042.0,1030.0,1051.0,1000.0,1002.0,1003.0
0.0,5892.0,2901.0,3005.0,3123.0,2901.0,945.0,994.0,962.0,999.0,1003.0,1003.0,948.0,991.0,962.0,1958.0,1976.0,1958.0,945.0,994.0,962.0,999.0,1003.0,1003.0
0.0,6114.0,3016.0,3008.0,2901.0,3025.0,961.0,1044.0,1020.0,999.0,1005.0,1004.0,961.0,1038.0,1017.0,2052.0,2015.0,2047.0,961.0,1044.0,1020.0,999.0,1005.0,1004.0
0.0,5999.0,3008.0,3008.0,3025.0,3008.0,1006.0,1002.0,1000.0,1000.0,1005.0,1003.0,1003.0,1002.0,1003.0,2036.0,1971.0,1992.0,1006.0,1002.0,1000.0,1000.0,1005.0,1003.0
0.0,6016.0,3060.0,3010.0,3008.0,3066.0,1024.0,1044.0,998.0,1001.0,1006.0,1003.0,1021.0,1041.0,998.0,1994.0,2013.0,2009.0,1024.0,1044.0,998.0,1001.0,1006.0,1003.0
0.0,5964.0,3111.0,3013.0,3066.0,3120.0,1069.0,1032.0,1019.0,1003.0,1007.0,1003.0,1063.0,1029.0,1019.0,1979.0,1974.0,2011.0,1069.0,1032.0,1019.0,1003.0,1007.0,1003.0
0.0,5919.0,3254.0,3018.0,3120.0,3269.0,1093.0,1082.0,1094.0,1005.0,1009.0,1004.0,1087.0,1076.0,1091.0,1940.0,1989.0,1990.0,1093.0,1082.0,1094.0,1005.0,1009.0,1004.0
0.0,5785.0,3085.0,3017.0,3269.0,3082.0,1022.0,1020.0,1040.0,1004.0,1008.0,1005.0,1025.0,1023.0,1037.0,1922.0,1945.0,1918.0,1022.0,1020.0,1040.0,1004.0,1008.0,1005.0
0.0,5969.0,3087.0,3020.0,3082.0,3096.0,1007.0,1045.0,1044.0,1005.0,1009.0,1006.0,1004.0,1042.0,1041.0,1990.0,2004.0,1975.0,1007.0,1045.0,1044.0,1005.0,1009.0,1006.0
0.0,5964.0,3149.0,3024.0,3096.0,3161.0,1023.0,1047.0,1091.0,1006.0,1010.0,1008.0,1020.0,1044.0,1085.0,2008.0,1982.0,1974.0,1023.0,1047.0,1091.0,1006.0,1010.0,1008.0
0.0,5911.0,3020.0,3028.0,3161.0,3032.0,998.0,999.0,1035.0,1007.0,1011.0,1010.0,995.0,996.0,1029.0,1995.0,1983.0,1933.0,998.0,999.0,1035.0,1007.0,1011.0,1010.0
0.0,6052.0,3020.0,3029.0,3032.0,3023.0,1024.0,987.0,1012.0,1007.0,1012.0,1010.0,1024.0,984.0,1012.0,2023.0,2034.0,1995.0,1024.0,987.0,1012.0,1007.0,1012.0,1010.0
0.0,6064.0,2998.0,3030.0,3023.0,3001.0,991.0,1005.0,1005.0,1007.0,1012.0,1011.0,991.0,1005.0,1002.0,1997.0,2049.0,2018.0,991.0,1005.0,1005.0,1007.0,1012.0,1011.0
0.0,6089.0,2952.0,3030.0,3001.0,2952.0,1022.0,972.0,958.0,1007.0,1012.0,1011.0,1022.0,972.0,958.0,2030.0,2031.0,2028.0,1022.0,972.0,958.0,1007.0,1012.0,1011.0
0.0,6138.0,3005.0,3031.0,2952.0,3008.0,1003.0,993.0,1012.0,1008.0,1012.0,1011.0,1000.0,993.0,1012.0,1999.0,2064.0,2075.0,1003.0,993.0,1012.0,1008.0,1012.0,1011.0
0.0,6085.0,3096.0,3033.0,3008.0,3102.0,1019.0,1032.0,1051.0,1008.0,1013.0,1012.0,1019.0,1029.0,1048.0,2021.0,2043.0,2021.0,1019.0,1032.0,1051.0,1008.0,1013.0,1012.0
0.0,5997.0,3035.0,3034.0,3102.0,3038.0,1023.0,1005.0,1010.0,1009.0,1013.0,1012.0,1020.0,1005.0,1010.0,2005.0,2007.0,1985.0,1023.0,1005.0,1010.0,1009.0,1013.0,1012.0
0.0,6064.0,3121.0,3036.0,3038.0,3127.0,1043.0,1023.0,1061.0,1010.0,1013.0,1013.0,1040.0,1023.0,1058.0,2004.0,2034.0,2026.0,1043.0,1023.0,1061.0,1010.0,1013.0,1013.0
0.0,5981.0,3035.0,3036.0,3127.0,3035.0,1007.0,1016.0,1012.0,1010.0,1013.0,1013.0,1007.0,1016.0,1012.0,1987.0,2016.0,1978.0,1007.0,1016.0,1012.0,1010.0,1013.0,1013.0
0.0,6073.0,3144.0,3037.0,3035.0,3147.0,1057.0,1041.0,1049.0,1010.0,1013.0,1014.0,1057.0,1041.0,1046.0,2023.0,2023.0,2027.0,1057.0,1041.0,1049.0,1010.0,1013.0,1014.0
0.0,5964.0,3270.0,3041.0,3147.0,3282.0,1115.0,1090.0,1077.0,1012.0,1014.0,1015.0,1109.0,1087.0,1074.0,1973.0,1998.0,1993.0,1115.0,1090.0,1077.0,1012.0,1014.0,1015.0
0.0,5841.0,3111.0,3042.0,3282.0,3114.0,1009.0,1040.0,1065.0,1012.0,1014.0,1016.0,1009.0,1040.0,1062.0,1921.0,1952.0,1968.0,1009.0,1040.0,1065.0,1012.0,1014.0,1016.0
0.0,6012.0,3157.0,3046.0,3114.0,3169.0,1003.0,1083.0,1083.0,1013.0,1016.0,1017.0,1000.0,1077.0,1080.0,2027.0,2002.0,1983.0,1003.0,1083.0,1083.0,1013.0,1016.0,1017.0
0.0,5969.0,3039.0,3046.0,3169.0,3039.0,989.0,1020.0,1030.0,1012.0,1016.0,1018.0,992.0,1020.0,1027.0,2036.0,1965.0,1968.0,989.0,1020.0,1030.0,1012.0,1016.0,1018.0
0.0,6099.0,3113.0,3047.0,3039.0,3116.0,1039.0,1023.0,1054.0,1013.0,1016.0,1018.0,1036.0,1023.0,1054.0,2047.0,2028.0,2024.0,1039.0,1023.0,1054.0,1013.0,1016.0,1018.0
0.0,6025.0,3082.0,3050.0,3116.0,3091.0,1022.0,1032.0,1037.0,1013.0,1017.0,1020.0,1022.0,1029.0,1031.0,2000.0,2025.0,2000.0,1022.0,1032.0,1037.0,1013.0,1017.0,1020.0
0.0,6059.0,2971.0,3048.0,3091.0,2965.0,986.0,989.0,990.0,1012.0,1017.0,1019.0,989.0,989.0,993.0,2017.0,2019.0,2023.0,986.0,989.0,990.0,1012.0,1017.0,1019.0
0.0,6179.0,3061.0,3048.0,2965.0,3061.0,1023.0,1029.0,1009.0,1012.0,1017.0,1019.0,1023.0,1029.0,1009.0,2050.0,2062.0,2067.0,1023.0,1029.0,1009.0,1012.0,1017.0,1019.0
0.0,6083.0,2982.0,3047.0,3061.0,2979.0,978.0,1007.0,994.0,1012.0,1017.0,1018.0,978.0,1007.0,997.0,2013.0,2022.0,2048.0,978.0,1007.0,994.0,1012.0,1017.0,1018.0
0.0,6162.0,2981.0,3046.0,2979.0,2978.0,987.0,1009.0,982.0,1012.0,1017.0,1017.0,987.0,1009.0,985.0,2058.0,2044.0,2060.0,987.0,1009.0,982.0,1012.0,1017.0,1017.0
0.0,6160.0,3114.0,3050.0,2978.0,3126.0,1041.0,1074.0,1011.0,1013.0,1019.0,1018.0,1038.0,1068.0,1008.0,2049.0,2042.0,2069.0,1041.0,1074.0,1011.0,1013.0,1019.0,1018.0
0.0,6024.0,3249.0,3058.0,3126.0,3273.0,1106.0,1110.0,1057.0,1016.0,1022.0,1020.0,1097.0,1101.0,1051.0,1998.0,1983.0,2043.0,1106.0,1110.0,1057.0,1016.0,1022.0,1020.0
0.0,5901.0,3166.0,3060.0,3273.0,3172.0,1071.0,1042.0,1059.0,1017.0,1023.0,1020.0,1068.0,1039.0,1059.0,1942.0,1956.0,2003.0,1071.0,1042.0,1059.0,1017.0,1023.0,1020.0
0.0,6008.0,3311.0,3063.0,3172.0,3320.0,1129.0,1068.0,1123.0,1018.0,1023.0,1022.0,1126.0,1068.0,1117.0,1980.0,2027.0,2001.0,1129.0,1068.0,1123.0,1018.0,1023.0,1022.0
0.0,5869.0,3150.0,3067.0,3320.0,3162.0,1062.0,1022.0,1078.0,1019.0,1023.0,1025.0,1059.0,1022.0,1069.0,1925.0,2001.0,1943.0,1062.0,1022.0,1078.0,1019.0,1023.0,1025.0
0.0,6039.0,3026.0,3068.0,3162.0,3029.0,969.0,1019.0,1041.0,1019.0,1023.0,1026.0,969.0,1019.0,1038.0,1995.0,2047.0,1997.0,969.0,1019.0,1041.0,1019.0,1023.0,1026.0
0.0,6175.0,3123.0,3068.0,3029.0,3123.0,1029.0,1047.0,1047.0,1019.0,1023.0,1026.0,1029.0,1047.0,1047.0,2088.0,2050.0,2037.0,1029.0,1047.0,1047.0,1019.0,1023.0,1026.0
0.0,6081.0,3043.0,3070.0,3123.0,3049.0,998.0,1025.0,1026.0,1020.0,1023.0,1027.0,995.0,1025.0,1023.0,2028.0,2022.0,2031.0,998.0,1025.0,1026.0,1020.0,1023.0,1027.0
0.0,6161.0,2970.0,3067.0,3049.0,2961.0,998.0,997.0,966.0,1019.0,1023.0,1025.0,1001.0,997.0,972.0,2062.0,2044.0,2055.0,998.0,997.0,966.0,1019.0,1023.0,1025.0
0.0,6240.0,3034.0,3066.0,2961.0,3031.0,1030.0,1025.0,976.0,1019.0,1023.0,1024.0,1030.0,1025.0,979.0,2059.0,2072.0,2109.0,1030.0,1025.0,976.0,1019.0,1023.0,1024.0
0.0,6167.0,3041.0,3068.0,3031.0,3047.0,1006.0,1034.0,1007.0,1020.0,1024.0,1024.0,1003.0,1031.0,1007.0,2027.0,2044.0,2096.0,1006.0,1034.0,1007.0,1020.0,1024.0,1024.0
0.0,6157.0,3090.0,3071.0,3047.0,3099.0,1036.0,1023.0,1040.0,1021.0,1025.0,1025.0,1033.0,1020.0,1037.0,2054.0,2038.0,2065.0,1036.0,1023.0,1040.0,1021.0,1025.0,1025.0
0.0,6114.0,3070.0,3072.0,3099.0,3073.0,1044.0,1005.0,1024.0,1022.0,1025.0,1025.0,1041.0,1005.0,1024.0,2027.0,2052.0,2035.0,1044.0,1005.0,1024.0,1022.0,1025.0,1025.0
0.0,6143.0,3051.0,3072.0,3073.0,3051.0,1005.0,992.0,1054.0,1022.0,1024.0,1026.0,1005.0,995.0,1051.0,2022.0,2070.0,2051.0,1005.0,992.0,1054.0,1022.0,1024.0,1026.0
0.0,6165.0,3097.0,3074.0,3051.0,3103.0,1042.0,1006.0,1055.0,1023.0,1024.0,1027.0,1039.0,1006.0,1052.0,2061.0,2080.0,2024.0,1042.0,1006.0,1055.0,1023.0,1024.0,1027.0
0.0,6119.0,3147.0,3077.0,3103.0,3156.0,1065.0,1037.0,1054.0,1023.0,1025.0,1029.0,1065.0,1034.0,1048.0,2027.0,2066.0,2026.0,1065.0,1037.0,1054.0,1023.0,1025.0,1029.0
0.0,6075.0,3132.0,3076.0,3156.0,3129.0,1045.0,1032.0,1052.0,1023.0,1024.0,1029.0,1045.0,1035.0,1052.0,2004.0,2038.0,2033.0,1045.0,1032.0,1052.0,1023.0,1024.0,1029.0
0.0,6099.0,3268.0,3081.0,3129.0,3283.0,1059.0,1105.0,1119.0,1024.0,1026.0,1031.0,1056.0,1099.0,1113.0,2024.0,2040.0,2035.0,1059.0,1105.0,1119.0,1024.0,1026.0,1031.0
0.0,5960.0,3073.0,3083.0,3283.0,3079.0,1025.0,1009.0,1045.0,1025.0,1026.0,1032.0,1022.0,1009.0,1042.0,2013.0,1973.0,1974.0,1025.0,1009.0,1045.0,1025.0,1026.0,1032.0
0.0,6170.0,3180.0,3086.0,3079.0,3189.0,1066.0,1072.0,1051.0,1026.0,1027.0,1033.0,1063.0,1069.0,1048.0,2050.0,2069.0,2051.0,1066.0,1072.0,1051.0,1026.0,1027.0,1033.0
0.0,6069.0,3005.0,3085.0,3189.0,3002.0,1008.0,984.0,1010.0,1025.0,1027.0,1033.0,1011.0,984.0,1010.0,2012.0,2009.0,2048.0,1008.0,984.0,1010.0,1025.0,1027.0,1033.0
0.0,6253.0,2998.0,3083.0,3002.0,2992.0,1017.0,1012.0,963.0,1025.0,1027.0,1031.0,1017.0,1012.0,969.0,2067.0,2097.0,2089.0,1017.0,1012.0,963.0,1025.0,1027.0,1031.0
0.0,6257.0,3070.0,3082.0,2992.0,3067.0,1048.0,988.0,1031.0,1025.0,1026.0,1031.0,1048.0,991.0,1031.0,2058.0,2069.0,2130.0,1048.0,988.0,1031.0,1025.0,1026.0,1031.0
0.0,6179.0,2986.0,3084.0,3067.0,2992.0,1027.0,988.0,977.0,1027.0,1026.0,1031.0,1021.0,988.0,977.0,2027.0,2090.0,2062.0,1027.0,988.0,977.0,1027.0,1026.0,1031.0
0.0,6260.0,2883.0,3081.0,2992.0,2874.0,946.0,960.0,968.0,1026.0,1025.0,1030.0,949.0,963.0,971.0,2054.0,2090.0,2116.0,946.0,960.0,968.0,1026.0,1025.0,1030.0
0.0,6369.0,3115.0,3084.0,2874.0,3124.0,1020.0,1062.0,1042.0,1027.0,1026.0,1031.0,1017.0,1059.0,1039.0,2132.0,2115.0,2122.0,1020.0,1062.0,1042.0,1027.0,1026.0,1031.0
0.0,6128.0,3169.0,3085.0,3124.0,3172.0,1058.0,1042.0,1072.0,1027.0,1026.0,1032.0,1058.0,1042.0,1069.0,2061.0,2016.0,2051.0,1058.0,1042.0,1072.0,1027.0,1026.0,1032.0
0.0,6083.0,3154.0,3087.0,3172.0,3160.0,1026.0,1082.0,1052.0,1027.0,1027.0,1033.0,1026.0,1079.0,1049.0,2023.0,2036.0,2024.0,1026.0,1082.0,1052.0,1027.0,1027.0,1033.0
0.0,6101.0,3178.0,3085.0,3160.0,3172.0,1065.0,1069.0,1038.0,1026.0,1027.0,1032.0,1068.0,1069.0,1041.0,2055.0,1999.0,2047.0,1065.0,1069.0,1038.0,1026.0,1027.0,1032.0
0.0,6083.0,3213.0,3087.0,3172.0,3219.0,1072.0,1063.0,1084.0,1027.0,1027.0,1033.0,1069.0,1063.0,1081.0,2013.0,2012.0,2058.0,1072.0,1063.0,1084.0,1027.0,1027.0,1033.0
0.0,6042.0,3026.0,3085.0,3219.0,3020.0,1000.0,992.0,1028.0,1027.0,1026.0,1032.0,1000.0,995.0,1031.0,2009.0,2018.0,2015.0,1000.0,992.0,1028.0,1027.0,1026.0,1032.0
0.0,6235.0,3010.0,3084.0,3020.0,3007.0,998.0,1008.0,1001.0,1027.0,1026.0,1031.0,998.0,1008.0,1004.0,2081.0,2086.0,2068.0,998.0,1008.0,1001.0,1027.0,1026.0,1031.0
0.0,6245.0,3173.0,3087.0,3007.0,3182.0,1063.0,1057.0,1062.0,1028.0,1027.0,1032.0,1060.0,1054.0,1059.0,2083.0,2070.0,2092.0,1063.0,1057.0,1062.0,1028.0,1027.0,1032.0
0.0,6079.0,3179.0,3089.0,3182.0,3185.0,1074.0,1048.0,1063.0,1029.0,1028.0,1032.0,1071.0,1045.0,1063.0,2021.0,2024.0,2034.0,1074.0,1048.0,1063.0,1029.0,1028.0,1032.0
0.0,6082.0,3062.0,3091.0,3185.0,3068.0,1036.0,1015.0,1017.0,1030.0,1028.0,1033.0,1033.0,1015.0,1014.0,2013.0,2036.0,2033.0,1036.0,1015.0,1017.0,1030.0,1028.0,1033.0
0.0,6205.0,3097.0,3093.0,3068.0,3103.0,1054.0,1054.0,995.0,1030.0,1030.0,1033.0,1054.0,1048.0,995.0,2054.0,2069.0,2082.0,1054.0,1054.0,995.0,1030.0,1030.0,1033.0
0.0,6176.0,3056.0,3094.0,3103.0,3059.0,1008.0,1024.0,1027.0,1030.0,1030.0,1034.0,1008.0,1024.0,1024.0,2036.0,2036.0,2104.0,1008.0,1024.0,1027.0,1030.0,1030.0,1034.0
0.0,6223.0,3175.0,3096.0,3059.0,3181.0,1030.0,1083.0,1068.0,1031.0,1031.0,1034.0,1027.0,1080.0,1068.0,2082.0,2066.0,2075.0,1030.0,1083.0,1068.0,1031.0,1031.0,1034.0
0.0,6107.0,3192.0,3099.0,3181.0,3201.0,1039.0,1080.0,1082.0,1031.0,1033.0,1035.0,1039.0,1074.0,1079.0,2063.0,2010.0,2034.0,1039.0,1080.0,1082.0,1031.0,1033.0,1035.0
0.0,6096.0,3078.0,3098.0,3201.0,3075.0,1029.0,1000.0,1046.0,1031.0,1032.0,1035.0,1029.0,1003.0,1046.0,2054.0,2019.0,2023.0,1029.0,1000.0,1046.0,1031.0,1032.0,1035.0
0.0,6219.0,3220.0,3102.0,3075.0,3232.0,1096.0,1046.0,1090.0,1032.0,1033.0,1037.0,1093.0,1043.0,1084.0,2064.0,2096.0,2059.0,1096.0,1046.0,1090.0,1032.0,1033.0,1037.0
0.0,6074.0,3229.0,3103.0,3232.0,3232.0,1087.0,1072.0,1073.0,1033.0,1033.0,1037.0,1084.0,1072.0,1073.0,2000.0,2053.0,2021.0,1087.0,1072.0,1073.0,1033.0,1033.0,1037.0
0.0,6077.0,3201.0,3101.0,3232.0,3195.0,1079.0,1034.0,1082.0,1032.0,1032.0,1037.0,1082.0,1037.0,1082.0,2012.0,2027.0,2038.0,1079.0,1034.0,1082.0,1032.0,1032.0,1037.0
0.0,6108.0,3157.0,3103.0,3195.0,3163.0,1049.0,1081.0,1033.0,1033.0,1033.0,1037.0,1046.0,1078.0,1033.0,2017.0,2062.0,2029.0,1049.0,1081.0,1033.0,1033.0,1033.0,1037.0
0.0,6146.0,3182.0,3103.0,3163.0,3182.0,1044.0,1094.0,1044.0,1034.0,1033.0,1036.0,1041.0,1094.0,1047.0,2050.0,2018.0,2078.0,1044.0,1094.0,1044.0,1034.0,1033.0,1036.0
0.0,6127.0,3215.0,3107.0,3182.0,3227.0,1089.0,1099.0,1039.0,1036.0,1035.0,1036.0,1083.0,1093.0,1039.0,2058.0,2005.0,2064.0,1089.0,1099.0,1039.0,1036.0,1035.0,1036.0
0.0,6094.0,3116.0,3106.0,3227.0,3113.0,1021.0,1053.0,1039.0,1035.0,1035.0,1036.0,1024.0,1053.0,1039.0,2019.0,2006.0,2069.0,1021.0,1053.0,1039.0,1035.0,1035.0,1036.0
0.0,6205.0,3135.0,3108.0,3113.0,3141.0,1040.0,1066.0,1035.0,1036.0,1036.0,1036.0,1037.0,1063.0,1035.0,2084.0,2052.0,2069.0,1040.0,1066.0,1035.0,1036.0,1036.0,1036.0
0.0,6183.0,3059.0,3110.0,3141.0,3065.0,1014.0,1014.0,1037.0,1036.0,1037.0,1037.0,1014.0,1011.0,1034.0,2068.0,2042.0,2073.0,1014.0,1014.0,1037.0,1036.0,1037.0,1037.0
0.0,6265.0,3211.0,3112.0,3065.0,3217.0,1067.0,1063.0,1087.0,1037.0,1037.0,1038.0,1064.0,1063.0,1084.0,2094.0,2097.0,2074.0,1067.0,1063.0,1087.0,1037.0,1037.0,1038.0
0.0,6119.0,3127.0,3115.0,3217.0,3136.0,1039.0,1044.0,1053.0,1038.0,1038.0,1039.0,1036.0,1041.0,1050.0,2044.0,2048.0,2027.0,1039.0,1044.0,1053.0,1038.0,1038.0,1039.0
0.0,6209.0,3207.0,3120.0,3136.0,3222.0,1058.0,1054.0,1110.0,1039.0,1039.0,1042.0,1055.0,1051.0,1101.0,2075.0,2070.0,2064.0,1058.0,1054.0,1110.0,1039.0,1039.0,1042.0
0.0,6138.0,3183.0,3121.0,3222.0,3186.0,1027.0,1079.0,1080.0,1039.0,1039.0,1043.0,1027.0,1079.0,1077.0,2059.0,2063.0,2016.0,1027.0,1079.0,1080.0,1039.0,1039.0,1043.0
0.0,6177.0,3161.0,3119.0,3186.0,3155.0,1081.0,1065.0,1009.0,1039.0,1038.0,1042.0,1081.0,1068.0,1012.0,2090.0,2038.0,2049.0,1081.0,1065.0,1009.0,1039.0,1038.0,1042.0
0.0,6202.0,3187.0,3120.0,3155.0,3190.0,1089.0,1071.0,1030.0,1039.0,1039.0,1042.0,1089.0,1068.0,1030.0,2036.0,2049.0,2117.0,1089.0,1071.0,1030.0,1039.0,1039.0,1042.0
0.0,6170.0,3214.0,3117.0,3190.0,3205.0,1065.0,1096.0,1044.0,1038.0,1039.0,1040.0,1068.0,1096.0,1050.0,2028.0,2046.0,2096.0,1065.0,1096.0,1044.0,1038.0,1039.0,1040.0
0.0,6146.0,3198.0,3118.0,3205.0,3201.0,1075.0,1077.0,1049.0,1038.0,1040.0,1040.0,1075.0,1074.0,1049.0,2049.0,2021.0,2076.0,1075.0,1077.0,1049.0,1038.0,1040.0,1040.0
0.0,6153.0,3122.0,3120.0,3201.0,3128.0,1024.0,1047.0,1057.0,1039.0,1041.0,1040.0,1021.0,1044.0,1057.0,2039.0,2043.0,2071.0,1024.0,1047.0,1057.0,1039.0,1041.0,1040.0
0.0,6232.0,3099.0,3120.0,3128.0,3099.0,1043.0,1027.0,1029.0,1040.0,1040.0,1040.0,1040.0,1030.0,1029.0,2093.0,2076.0,2063.0,1043.0,1027.0,1029.0,1040.0,1040.0,1040.0
0.0,6261.0,3129.0,3122.0,3099.0,3135.0,1063.0,1045.0,1027.0,1041.0,1041.0,1040.0,1060.0,1042.0,1027.0,2077.0,2093.0,2091.0,1063.0,1045.0,1027.0,1041.0,1041.0,1040.0
0.0,6231.0,3070.0,3123.0,3135.0,3073.0,1027.0,1046.0,1000.0,1041.0,1042.0,1040.0,1027.0,1043.0,1000.0,2060.0,2078.0,2093.0,1027.0,1046.0,1000.0,1041.0,1042.0,1040.0
0.0,6296.0,3202.0,3127.0,3073.0,3214.0,1095.0,1053.0,1066.0,1043.0,1042.0,1042.0,1089.0,1053.0,1060.0,2096.0,2080.0,2120.0,1095.0,1053.0,1066.0,1043.0,1042.0,1042.0
0.0,6167.0,3154.0,3129.0,3214.0,3160.0,1041.0,1062.0,1057.0,1043.0,1043.0,1043.0,1041.0,1059.0,1054.0,2034.0,2073.0,2060.0,1041.0,1062.0,1057.0,1043.0,1043.0,1043.0
0.0,6227.0,3158.0,3130.0,3160.0,3161.0,1038.0,1075.0,1048.0,1043.0,1044.0,1043.0,1038.0,1072.0,1048.0,2088.0,2067.0,2072.0,1038.0,1075.0,1048.0,1043.0,1044.0,1043.0
0.0,6229.0,3058.0,3130.0,3161.0,3058.0,1009.0,1020.0,1029.0,1043.0,1044.0,1043.0,1009.0,1020.0,1029.0,2091.0,2057.0,2081.0,1009.0,1020.0,1029.0,1043.0,1044.0,1043.0
0.0,6332.0,3224.0,3133.0,3058.0,3233.0,1084.0,1069.0,1080.0,1044.0,1045.0,1044.0,1081.0,1066.0,1077.0,2120.0,2112.0,2100.0,1084.0,1069.0,1080.0,1044.0,1045.0,1044.0
0.0,6166.0,3265.0,3137.0,3233.0,3277.0,1080.0,1101.0,1096.0,1045.0,1047.0,1045.0,1077.0,1095.0,1093.0,2048.0,2066.0,2052.0,1080.0,1101.0,1096.0,1045.0,1047.0,1045.0
0.0,6134.0,3224.0,3138.0,3277.0,3227.0,1090.0,1087.0,1050.0,1045.0,1048.0,1045.0,1090.0,1084.0,1050.0,2055.0,2040.0,2039.0,1090.0,1087.0,1050.0,1045.0,1048.0,1045.0
0.0,6187.0,3228.0,3140.0,3227.0,3234.0,1079.0,1087.0,1068.0,1046.0,1049.0,1045.0,1076.0,1084.0,1068.0,2045.0,2057.0,2085.0,1079.0,1087.0,1068.0,1046.0,1049.0,1045.0
0.0,6186.0,3253.0,3139.0,3234.0,3250.0,1073.0,1108.0,1069.0,1046.0,1049.0,1044.0,1073.0,1108.0,1072.0,2059.0,2060.0,2067.0,1073.0,1108.0,1069.0,1046.0,1049.0,1044.0
0.0,6167.0,3171.0,3141.0,3250.0,3177.0,1050.0,1067.0,1060.0,1047.0,1050.0,1044.0,1047.0,1064.0,1060.0,2065.0,2039.0,2063.0,1050.0,1067.0,1060.0,1047.0,1050.0,1044.0
0.0,6246.0,3183.0,3142.0,3177.0,3186.0,1070.0,1055.0,1061.0,1047.0,1050.0,1045.0,1070.0,1055.0,1058.0,2091.0,2083.0,2072.0,1070.0,1055.0,1061.0,1047.0,1050.0,1045.0
0.0,6240.0,3168.0,3145.0,3186.0,3177.0,1046.0,1051.0,1080.0,1048.0,1051.0,1046.0,1043.0,1048.0,1077.0,2071.0,2095.0,2074.0,1046.0,1051.0,1080.0,1048.0,1051.0,1046.0
0.0,6258.0,3245.0,3149.0,3177.0,3257.0,1065.0,1096.0,1096.0,1048.0,1053.0,1048.0,1065.0,1090.0,1090.0,2098.0,2102.0,2058.0,1065.0,1096.0,1096.0,1048.0,1053.0,1048.0
0.0,6190.0,3200.0,3152.0,3257.0,3209.0,1067.0,1069.0,1073.0,1049.0,1054.0,1049.0,1064.0,1066.0,1070.0,2079.0,2063.0,2048.0,1067.0,1069.0,1073.0,1049.0,1054.0,1049.0
0.0,6247.0,3093.0,3155.0,3209.0,3102.0,1017.0,1067.0,1018.0,1049.0,1056.0,1050.0,1017.0,1061.0,1015.0,2080.0,2093.0,2074.0,1017.0,1067.0,1018.0,1049.0,1056.0,1050.0
0.0,6363.0,3143.0,3159.0,3102.0,3155.0,1033.0,1046.0,1076.0,1050.0,1057.0,1052.0,1030.0,1043.0,1070.0,2130.0,2101.0,2132.0,1033.0,1046.0,1076.0,1050.0,1057.0,1052.0
0.0,6322.0,3142.0,3160.0,3155.0,3145.0,1044.0,1052.0,1049.0,1051.0,1057.0,1052.0,1041.0,1052.0,1049.0,2117.0,2125.0,2080.0,1044.0,1052.0,1049.0,1051.0,1057.0,1052.0
0.0,6335.0,3244.0,3161.0,3145.0,3247.0,1061.0,1098.0,1088.0,1051.0,1058.0,1052.0,1061.0,1095.0,1088.0,2109.0,2119.0,2107.0,1061.0,1098.0,1088.0,1051.0,1058.0,1052.0
0.0,6236.0,3279.0,3163.0,3247.0,3285.0,1097.0,1088.0,1100.0,1052.0,1058.0,1053.0,1094.0,1088.0,1097.0,2092.0,2076.0,2068.0,1097.0,1088.0,1100.0,1052.0,1058.0,1053.0
0.0,6204.0,3248.0,3164.0,3285.0,3251.0,1079.0,1114.0,1058.0,1052.0,1059.0,1053.0,1079.0,1111.0,1058.0,2059.0,2086.0,2059.0,1079.0,1114.0,1058.0,1052.0,1059.0,1053.0
0.0,6241.0,3207.0,3165.0,3251.0,3210.0,1066.0,1104.0,1040.0,1052.0,1060.0,1053.0,1066.0,1101.0,1040.0,2077.0,2063.0,2101.0,1066.0,1104.0,1040.0,1052.0,1060.0,1053.0
0.0,6285.0,3159.0,3167.0,3210.0,3165.0,1059.0,1074.0,1032.0,1053.0,1061.0,1053.0,1056.0,1071.0,1032.0,2090.0,2076.0,2119.0,1059.0,1074.0,1032.0,1053.0,1061.0,1053.0
0.0,6336.0,3292.0,3173.0,3165.0,3310.0,1109.0,1095.0,1106.0,1055.0,1063.0,1055.0,1103.0,1089.0,1100.0,2100.0,2109.0,2127.0,1109.0,1095.0,1106.0,1055.0,1063.0,1055.0
0.0,6209.0,3208.0,3173.0,3310.0,3208.0,1085.0,1068.0,1055.0,1056.0,1063.0,1054.0,1082.0,1068.0,1058.0,2056.0,2094.0,2059.0,1085.0,1068.0,1055.0,1056.0,1063.0,1054.0
0.0,6311.0,3236.0,3175.0,3208.0,3242.0,1078.0,1079.0,1085.0,1056.0,1064.0,1055.0,1078.0,1076.0,1082.0,2083.0,2121.0,2107.0,1078.0,1079.0,1085.0,1056.0,1064.0,1055.0
0.0,6283.0,3224.0,3177.0,3242.0,3230.0,1079.0,1056.0,1095.0,1057.0,1064.0,1056.0,1076.0,1056.0,1092.0,2090.0,2113.0,2080.0,1079.0,1056.0,1095.0,1057.0,1064.0,1056.0
0.0,6301.0,3205.0,3180.0,3230.0,3214.0,1054.0,1079.0,1081.0,1057.0,1065.0,1058.0,1054.0,1076.0,1075.0,2092.0,2136.0,2073.0,1054.0,1079.0,1081.0,1057.0,1065.0,1058.0
0.0,6326.0,3037.0,3179.0,3214.0,3034.0,981.0,1027.0,1026.0,1056.0,1065.0,1058.0,984.0,1027.0,1026.0,2117.0,2116.0,2093.0,981.0,1027.0,1026.0,1056.0,1065.0,1058.0
0.0,6503.0,3103.0,3177.0,3034.0,3097.0,1016.0,1052.0,1029.0,1056.0,1064.0,1057.0,1016.0,1055.0,1032.0,2187.0,2168.0,2148.0,1016.0,1052.0,1029.0,1056.0,1064.0,1057.0
0.0,6434.0,3252.0,3179.0,3097.0,3258.0,1067.0,1106.0,1085.0,1057.0,1065.0,1057.0,1064.0,1103.0,1085.0,2152.0,2140.0,2142.0,1067.0,1106.0,1085.0,1057.0,1065.0,1057.0
0.0,6279.0,3153.0,3180.0,3258.0,3156.0,1053.0,1067.0,1036.0,1057.0,1066.0,1057.0,1053.0,1064.0,1036.0,2104.0,2089.0,2086.0,1053.0,1067.0,1036.0,1057.0,1066.0,1057.0
0.0,6384.0,3193.0,3180.0,3156.0,3193.0,1050.0,1078.0,1065.0,1056.0,1067.0,1057.0,1053.0,1075.0,1065.0,2118.0,2131.0,2135.0,1050.0,1078.0,1065.0,1056.0,1067.0,1057.0
0.0,6347.0,3292.0,3181.0,3193.0,3295.0,1121.0,1076.0,1098.0,1057.0,1067.0,1057.0,1118.0,1076.0,1098.0,2118.0,2123.0,2106.0,1121.0,1076.0,1098.0,1057.0,1067.0,1057.0
0.0,6248.0,3275.0,3182.0,3295.0,3278.0,1113.0,1092.0,1073.0,1057.0,1068.0,1057.0,1113.0,1089.0,1073.0,2050.0,2125.0,2073.0,1113.0,1092.0,1073.0,1057.0,1068.0,1057.0
0.0,6268.0,3168.0,3182.0,3278.0,3168.0,1092.0,1040.0,1036.0,1058.0,1067.0,1057.0,1089.0,1043.0,1036.0,2058.0,2112.0,2098.0,1092.0,1040.0,1036.0,1058.0,1067.0,1057.0
0.0,6378.0,3180.0,3182.0,3168.0,3180.0,1050.0,1050.0,1080.0,1058.0,1066.0,1058.0,1050.0,1053.0,1077.0,2082.0,2161.0,2135.0,1050.0,1050.0,1080.0,1058.0,1066.0,1058.0
0.0,6366.0,3291.0,3184.0,3180.0,3297.0,1100.0,1081.0,1116.0,1059.0,1066.0,1059.0,1097.0,1081.0,1113.0,2124.0,2148.0,2094.0,1100.0,1081.0,1116.0,1059.0,1066.0,1059.0
0.0,6255.0,3258.0,3187.0,3297.0,3267.0,1082.0,1066.0,1119.0,1060.0,1066.0,1061.0,1079.0,1066.0,1113.0,2077.0,2117.0,2061.0,1082.0,1066.0,1119.0,1060.0,1066.0,1061.0
0.0,6294.0,3340.0,3191.0,3267.0,3352.0,1137.0,1107.0,1108.0,1062.0,1067.0,1062.0,1131.0,1104.0,1105.0,2098.0,2132.0,2064.0,1137.0,1107.0,1108.0,1062.0,1067.0,1062.0
0.0,6221.0,3160.0,3193.0,3352.0,3166.0,1056.0,1039.0,1071.0,1062.0,1068.0,1063.0,1056.0,1036.0,1068.0,2049.0,2094.0,2078.0,1056.0,1039.0,1071.0,1062.0,1068.0,1063.0
0.0,6413.0,3132.0,3191.0,3166.0,3126.0,1044.0,1038.0,1044.0,1062.0,1067.0,1062.0,1044.0,1041.0,1047.0,2130.0,2165.0,2118.0,1044.0,1038.0,1044.0,1062.0,1067.0,1062.0
0.0,6447.0,3149.0,3191.0,3126.0,3149.0,1052.0,1032.0,1065.0,1062.0,1067.0,1062.0,1052.0,1032.0,1065.0,2142.0,2163.0,2142.0,1052.0,1032.0,1065.0,1062.0,1067.0,1062.0
0.0,6424.0,3194.0,3191.0,3149.0,3194.0,1104.0,1037.0,1053.0,1063.0,1067.0,1061.0,1101.0,1037.0,1056.0,2134.0,2169.0,2121.0,1104.0,1037.0,1053.0,1063.0,1067.0,1061.0
0.0,6379.0,3157.0,3191.0,3194.0,3157.0,1060.0,1039.0,1058.0,1064.0,1066.0,1061.0,1057.0,1042.0,1058.0,2085.0,2164.0,2130.0,1060.0,1039.0,1058.0,1064.0,1066.0,1061.0
0.0,6416.0,3264.0,3192.0,3157.0,3267.0,1088.0,1083.0,1096.0,1064.0,1066.0,1062.0,1088.0,1083.0,1093.0,2132.0,2159.0,2125.0,1088.0,1083.0,1096.0,1064.0,1066.0,1062.0
0.0,6309.0,3236.0,3195.0,3267.0,3245.0,1068.0,1088.0,1089.0,1064.0,1067.0,1064.0,1068.0,1085.0,1083.0,2104.0,2115.0,2090.0,1068.0,1088.0,1089.0,1064.0,1067.0,1064.0
0.0,6340.0,3398.0,3197.0,3245.0,3404.0,1159.0,1113.0,1132.0,1065.0,1067.0,1065.0,1156.0,1113.0,1129.0,2124.0,2113.0,2103.0,1159.0,1113.0,1132.0,1065.0,1067.0,1065.0
0.0,6187.0,3256.0,3199.0,3404.0,3262.0,1073.0,1110.0,1079.0,1065.0,1068.0,1066.0,1073.0,1107.0,1076.0,2036.0,2088.0,2063.0,1073.0,1110.0,1079.0,1065.0,1068.0,1066.0
0.0,6335.0,3284.0,3202.0,3262.0,3293.0,1049.0,1118.0,1126.0,1066.0,1069.0,1067.0,1046.0,1115.0,1123.0,2122.0,2094.0,2119.0,1049.0,1118.0,1126.0,1066.0,1069.0,1067.0
0.0,6313.0,3219.0,3204.0,3293.0,3225.0,1071.0,1057.0,1097.0,1066.0,1070.0,1068.0,1071.0,1054.0,1094.0,2149.0,2089.0,2075.0,1071.0,1057.0,1097.0,1066.0,1070.0,1068.0
0.0,6387.0,3349.0,3208.0,3225.0,3361.0,1121.0,1116.0,1124.0,1067.0,1071.0,1070.0,1118.0,1113.0,1118.0,2127.0,2153.0,2107.0,1121.0,1116.0,1124.0,1067.0,1071.0,1070.0
0.0,6263.0,3132.0,3210.0,3361.0,3138.0,1055.0,1031.0,1052.0,1068.0,1071.0,1071.0,1052.0,1031.0,1049.0,2080.0,2097.0,2086.0,1055.0,1031.0,1052.0,1068.0,1071.0,1071.0
0.0,6492.0,3184.0,3208.0,3138.0,3178.0,1056.0,1039.0,1083.0,1067.0,1070.0,1071.0,1059.0,1042.0,1083.0,2149.0,2182.0,2161.0,1056.0,1039.0,1083.0,1067.0,1070.0,1071.0
0.0,6446.0,3198.0,3210.0,3178.0,3204.0,1077.0,1047.0,1080.0,1068.0,1070.0,1072.0,1074.0,1047.0,1077.0,2145.0,2171.0,2130.0,1077.0,1047.0,1080.0,1068.0,1070.0,1072.0
0.0,6426.0,3077.0,3208.0,3204.0,3071.0,1034.0,1027.0,1010.0,1068.0,1069.0,1071.0,1034.0,1030.0,1013.0,2127.0,2163.0,2136.0,1034.0,1027.0,1010.0,1068.0,1069.0,1071.0
0.0,6553.0,3121.0,3210.0,3071.0,3127.0,1047.0,1044.0,1036.0,1069.0,1070.0,1071.0,1044.0,1041.0,1036.0,2170.0,2180.0,2203.0,1047.0,1044.0,1036.0,1069.0,1070.0,1071.0
0.0,6503.0,3403.0,3213.0,3127.0,3412.0,1144.0,1138.0,1130.0,1070.0,1071.0,1072.0,1141.0,1135.0,1127.0,2160.0,2166.0,2177.0,1144.0,1138.0,1130.0,1070.0,1071.0,1072.0
0.0,6227.0,3320.0,3214.0,3412.0,3323.0,1127.0,1097.0,1099.0,1071.0,1071.0,1072.0,1124.0,1097.0,1099.0,2066.0,2075.0,2086.0,1127.0,1097.0,1099.0,1071.0,1071.0,1072.0
0.0,6319.0,3322.0,3215.0,3323.0,3325.0,1118.0,1094.0,1113.0,1071.0,1071.0,1073.0,1118.0,1094.0,1110.0,2086.0,2116.0,2117.0,1118.0,1094.0,1113.0,1071.0,1071.0,1073.0
0.0,6320.0,3287.0,3217.0,3325.0,3293.0,1095.0,1093.0,1105.0,1071.0,1072.0,1074.0,1095.0,1090.0,1102.0,2095.0,2119.0,2106.0,1095.0,1093.0,1105.0,1071.0,1072.0,1074.0
0.0,6358.0,3224.0,3217.0,3293.0,3224.0,1049.0,1062.0,1113.0,1071.0,1071.0,1075.0,1049.0,1065.0,1110.0,2118.0,2123.0,2117.0,1049.0,1062.0,1113.0,1071.0,1071.0,1075.0
0.0,6427.0,3207.0,3217.0,3224.0,3207.0,1049.0,1042.0,1116.0,1071.0,1070.0,1076.0,1049.0,1045.0,1113.0,2164.0,2151.0,2112.0,1049.0,1042.0,1116.0,1071.0,1070.0,1076.0
0.0,6444.0,3293.0,3220.0,3207.0,3302.0,1105.0,1070.0,1127.0,1072.0,1071.0,1077.0,1102.0,1067.0,1124.0,2164.0,2168.0,2112.0,1105.0,1070.0,1127.0,1072.0,1071.0,1077.0
0.0,6358.0,3284.0,3221.0,3302.0,3287.0,1108.0,1095.0,1084.0,1073.0,1071.0,1077.0,1105.0,1095.0,1084.0,2111.0,2143.0,2104.0,1108.0,1095.0,1084.0,1073.0,1071.0,1077.0
0.0,6376.0,3294.0,3223.0,3287.0,3300.0,1103.0,1109.0,1088.0,1074.0,1072.0,1077.0,1100.0,1106.0,1088.0,2111.0,2118.0,2147.0,1103.0,1109.0,1088.0,1074.0,1072.0,1077.0
0.0,6369.0,3229.0,3223.0,3300.0,3229.0,1094.0,1082.0,1053.0,1074.0,1072.0,1077.0,1094.0,1082.0,1053.0,2119.0,2107.0,2143.0,1094.0,1082.0,1053.0,1074.0,1072.0,1077.0
0.0,6440.0,3181.0,3224.0,3229.0,3184.0,1062.0,1080.0,1042.0,1075.0,1072.0,1077.0,1059.0,1080.0,1042.0,2128.0,2134.0,2178.0,1062.0,1080.0,1042.0,1075.0,1072.0,1077.0
0.0,6488.0,3129.0,3224.0,3184.0,3129.0,1052.0,1066.0,1011.0,1075.0,1073.0,1076.0,1052.0,1063.0,1014.0,2163.0,2136.0,2189.0,1052.0,1066.0,1011.0,1075.0,1073.0,1076.0
0.0,6543.0,3086.0,3224.0,3129.0,3086.0,1009.0,1043.0,1034.0,1075.0,1073.0,1076.0,1009.0,1043.0,1034.0,2173.0,2153.0,2217.0,1009.0,1043.0,1034.0,1075.0,1073.0,1076.0
0.0,6586.0,3230.0,3223.0,3086.0,3227.0,1086.0,1073.0,1068.0,1075.0,1072.0,1076.0,1086.0,1076.0,1068.0,2216.0,2176.0,2194.0,1086.0,1073.0,1068.0,1075.0,1072.0,1076.0
0.0,6442.0,3343.0,3225.0,3227.0,3349.0,1128.0,1123.0,1098.0,1076.0,1073.0,1076.0,1125.0,1120.0,1098.0,2139.0,2143.0,2160.0,1128.0,1123.0,1098.0,1076.0,1073.0,1076.0
0.0,6326.0,3253.0,3224.0,3349.0,3250.0,1085.0,1061.0,1104.0,1076.0,1072.0,1076.0,1085.0,1064.0,1104.0,2100.0,2096.0,2130.0,1085.0,1061.0,1104.0,1076.0,1072.0,1076.0
0.0,6422.0,3304.0,3226.0,3250.0,3310.0,1121.0,1071.0,1118.0,1077.0,1071.0,1078.0,1118.0,1074.0,1112.0,2143.0,2155.0,2124.0,1121.0,1071.0,1118.0,1077.0,1071.0,1078.0
0.0,6368.0,3347.0,3230.0,3310.0,3359.0,1124.0,1132.0,1103.0,1078.0,1073.0,1079.0,1121.0,1126.0,1100.0,2110.0,2142.0,2116.0,1124.0,1132.0,1103.0,1078.0,1073.0,1079.0
0.0,6331.0,3376.0,3231.0,3359.0,3379.0,1113.0,1136.0,1130.0,1078.0,1073.0,1080.0,1113.0,1136.0,1127.0,2110.0,2087.0,2134.0,1113.0,1136.0,1130.0,1078.0,1073.0,1080.0
0.0,6314.0,3169.0,3231.0,3379.0,3169.0,1048.0,1068.0,1053.0,1078.0,1073.0,1080.0,1048.0,1068.0,1053.0,2121.0,2083.0,2110.0,1048.0,1068.0,1053.0,1078.0,1073.0,1080.0
0.0,6524.0,3118.0,3229.0,3169.0,3112.0,1025.0,1043.0,1044.0,1077.0,1073.0,1079.0,1028.0,1043.0,1047.0,2186.0,2151.0,2187.0,1025.0,1043.0,1044.0,1077.0,1073.0,1079.0
0.0,6575.0,3253.0,3229.0,3112.0,3253.0,1085.0,1083.0,1085.0,1077.0,1073.0,1079.0,1085.0,1083.0,1085.0,2206.0,2176.0,2193.0,1085.0,1083.0,1085.0,1077.0,1073.0,1079.0
0.0,6434.0,3123.0,3228.0,3253.0,3120.0,1063.0,1039.0,1018.0,1077.0,1073.0,1078.0,1063.0,1039.0,1021.0,2146.0,2136.0,2152.0,1063.0,1039.0,1018.0,1077.0,1073.0,1078.0
0.0,6564.0,3198.0,3231.0,3120.0,3207.0,1073.0,1059.0,1075.0,1079.0,1073.0,1079.0,1067.0,1059.0,1072.0,2168.0,2180.0,2216.0,1073.0,1059.0,1075.0,1079.0,1073.0,1079.0
0.0,6486.0,3330.0,3235.0,3207.0,3342.0,1109.0,1129.0,1104.0,1080.0,1075.0,1080.0,1106.0,1123.0,1101.0,2164.0,2160.0,2162.0,1109.0,1129.0,1104.0,1080.0,1075.0,1080.0
0.0,6363.0,3234.0,3235.0,3342.0,3234.0,1078.0,1084.0,1072.0,1081.0,1074.0,1080.0,1075.0,1087.0,1072.0,2131.0,2096.0,2136.0,1078.0,1084.0,1072.0,1081.0,1074.0,1080.0
0.0,6471.0,3329.0,3237.0,3234.0,3335.0,1094.0,1129.0,1112.0,1081.0,1075.0,1081.0,1094.0,1126.0,1109.0,2165.0,2138.0,2168.0,1094.0,1129.0,1112.0,1081.0,1075.0,1081.0
0.0,6376.0,3377.0,3241.0,3335.0,3389.0,1130.0,1130.0,1129.0,1083.0,1076.0,1082.0,1124.0,1127.0,1126.0,2149.0,2096.0,2131.0,1130.0,1130.0,1129.0,1083.0,1076.0,1082.0
0.0,6334.0,3425.0,3244.0,3389.0,3434.0,1162.0,1118.0,1154.0,1084.0,1077.0,1083.0,1159.0,1115.0,1151.0,2119.0,2098.0,2117.0,1162.0,1118.0,1154.0,1084.0,1077.0,1083.0
0.0,6298.0,3290.0,3244.0,3434.0,3290.0,1080.0,1093.0,1117.0,1083.0,1077.0,1084.0,1083.0,1093.0,1114.0,2090.0,2113.0,2095.0,1080.0,1093.0,1117.0,1083.0,1077.0,1084.0
0.0,6442.0,3421.0,3249.0,3290.0,3436.0,1142.0,1147.0,1147.0,1084.0,1079.0,1086.0,1139.0,1141.0,1141.0,2169.0,2138.0,2135.0,1142.0,1147.0,1147.0,1084.0,1079.0,1086.0
0.0,6311.0,3220.0,3250.0,3436.0,3223.0,1077.0,1087.0,1059.0,1084.0,1080.0,1086.0,1077.0,1084.0,1059.0,2110.0,2090.0,2111.0,1077.0,1087.0,1059.0,1084.0,1080.0,1086.0
0.0,6527.0,3308.0,3251.0,3223.0,3311.0,1107.0,1096.0,1108.0,1085.0,1080.0,1086.0,1104.0,1096.0,1108.0,2175.0,2153.0,2199.0,1107.0,1096.0,1108.0,1085.0,1080.0,1086.0
0.0,6442.0,3279.0,3250.0,3311.0,3276.0,1113.0,1078.0,1085.0,1085.0,1080.0,1085.0,1113.0,1078.0,1088.0,2148.0,2144.0,2150.0,1113.0,1078.0,1085.0,1085.0,1080.0,1085.0
0.0,6474.0,3272.0,3250.0,3276.0,3272.0,1093.0,1096.0,1083.0,1085.0,1080.0,1085.0,1093.0,1096.0,1083.0,2142.0,2162.0,2170.0,1093.0,1096.0,1083.0,1085.0,1080.0,1085.0
0.0,6478.0,3322.0,3252.0,3272.0,3328.0,1140.0,1093.0,1095.0,1086.0,1081.0,1085.0,1137.0,1090.0,1095.0,2162.0,2144.0,2172.0,1140.0,1093.0,1095.0,1086.0,1081.0,1085.0
0.0,6428.0,3202.0,3254.0,3328.0,3208.0,1047.0,1090.0,1071.0,1086.0,1082.0,1086.0,1047.0,1087.0,1068.0,2118.0,2150.0,2160.0,1047.0,1090.0,1071.0,1086.0,1082.0,1086.0
0.0,6554.0,3347.0,3258.0,3208.0,3359.0,1086.0,1154.0,1119.0,1087.0,1084.0,1087.0,1083.0,1148.0,1116.0,2211.0,2156.0,2187.0,1086.0,1154.0,1119.0,1087.0,1084.0,1087.0
0.0,6415.0,3310.0,3261.0,3359.0,3319.0,1090.0,1116.0,1113.0,1087.0,1086.0,1088.0,1090.0,1110.0,1110.0,2175.0,2098.0,2142.0,1090.0,1116.0,1113.0,1087.0,1086.0,1088.0
0.0,6464.0,3360.0,3264.0,3319.0,3369.0,1118.0,1124.0,1127.0,1088.0,1087.0,1089.0,1115.0,1121.0,1124.0,2171.0,2142.0,2151.0,1118.0,1124.0,1127.0,1088.0,1087.0,1089.0
0.0,6423.0,3319.0,3265.0,3369.0,3322.0,1097.0,1129.0,1096.0,1088.0,1088.0,1089.0,1097.0,1126.0,1096.0,2146.0,2137.0,2140.0,1097.0,1129.0,1096.0,1088.0,1088.0,1089.0
0.0,6473.0,3381.0,3268.0,3322.0,3390.0,1136.0,1120.0,1134.0,1089.0,1089.0,1090.0,1133.0,1117.0,1131.0,2167.0,2135.0,2171.0,1136.0,1120.0,1134.0,1089.0,1089.0,1090.0
0.0,6414.0,3334.0,3266.0,3390.0,3328.0,1112.0,1084.0,1132.0,1088.0,1088.0,1090.0,1115.0,1087.0,1132.0,2131.0,2147.0,2136.0,1112.0,1084.0,1132.0,1088.0,1088.0,1090.0
0.0,6470.0,3402.0,3269.0,3328.0,3411.0,1125.0,1115.0,1171.0,1089.0,1088.0,1092.0,1122.0,1115.0,1165.0,2152.0,2180.0,2138.0,1125.0,1115.0,1171.0,1089.0,1088.0,1092.0
0.0,6396.0,3371.0,3271.0,3411.0,3377.0,1127.0,1118.0,1132.0,1091.0,1088.0,1092.0,1121.0,1118.0,1132.0,2142.0,2149.0,2105.0,1127.0,1118.0,1132.0,1091.0,1088.0,1092.0
0.0,6436.0,3281.0,3272.0,3377.0,3284.0,1083.0,1131.0,1070.0,1091.0,1090.0,1091.0,1083.0,1125.0,1073.0,2146.0,2146.0,2144.0,1083.0,1131.0,1070.0,1091.0,1090.0,1091.0
0.0,6532.0,3351.0,3272.0,3284.0,3351.0,1133.0,1125.0,1093.0,1091.0,1090.0,1091.0,1133.0,1125.0,1093.0,2190.0,2139.0,2203.0,1133.0,1125.0,1093.0,1091.0,1090.0,1091.0
0.0,6465.0,3322.0,3276.0,3351.0,3334.0,1136.0,1125.0,1073.0,1093.0,1092.0,1091.0,1130.0,1119.0,1073.0,2140.0,2145.0,2180.0,1136.0,1125.0,1073.0,1093.0,1092.0,1091.0
0.0,6494.0,3227.0,3276.0,3334.0,3227.0,1088.0,1070.0,1069.0,1093.0,1092.0,1091.0,1088.0,1070.0,1069.0,2143.0,2151.0,2200.0,1088.0,1070.0,1069.0,1093.0,1092.0,1091.0
0.0,6601.0,3299.0,3279.0,3227.0,3308.0,1102.0,1096.0,1110.0,1094.0,1093.0,1092.0,1099.0,1093.0,1107.0,2191.0,2206.0,2204.0,1102.0,1096.0,1110.0,1094.0,1093.0,1092.0
0.0,6529.0,3207.0,3281.0,3308.0,3213.0,1052.0,1058.0,1103.0,1094.0,1094.0,1093.0,1052.0,1055.0,1100.0,2180.0,2183.0,2166.0,1052.0,1058.0,1103.0,1094.0,1094.0,1093.0
0.0,6630.0,3171.0,3282.0,3213.0,3174.0,1050.0,1052.0,1072.0,1094.0,1094.0,1094.0,1050.0,1052.0,1069.0,2230.0,2224.0,2176.0,1050.0,1052.0,1072.0,1094.0,1094.0,1094.0
0.0,6672.0,3313.0,3280.0,3174.0,3307.0,1097.0,1092.0,1118.0,1093.0,1093.0,1094.0,1100.0,1095.0,1118.0,2232.0,2230.0,2210.0,1097.0,1092.0,1118.0,1093.0,1093.0,1094.0
0.0,6533.0,3436.0,3283.0,3307.0,3445.0,1160.0,1135.0,1150.0,1094.0,1094.0,1095.0,1157.0,1132.0,1147.0,2182.0,2187.0,2164.0,1160.0,1135.0,1150.0,1094.0,1094.0,1095.0
0.0,6404.0,3380.0,3284.0,3445.0,3383.0,1113.0,1147.0,1123.0,1094.0,1095.0,1095.0,1113.0,1144.0,1123.0,2122.0,2147.0,2135.0,1113.0,1147.0,1123.0,1094.0,1095.0,1095.0
0.0,6469.0,3488.0,3288.0,3383.0,3500.0,1183.0,1200.0,1117.0,1096.0,1097.0,1095.0,1177.0,1194.0,1117.0,2169.0,2138.0,2162.0,1183.0,1200.0,1117.0,1096.0,1097.0,1095.0
0.0,6364.0,3449.0,3292.0,3500.0,3461.0,1110.0,1198.0,1153.0,1097.0,1099.0,1096.0,1107.0,1192.0,1150.0,2105.0,2091.0,2168.0,1110.0,1198.0,1153.0,1097.0,1099.0,1096.0
0.0,6415.0,3299.0,3293.0,3461.0,3302.0,1087.0,1119.0,1096.0,1097.0,1100.0,1096.0,1087.0,1116.0,1096.0,2181.0,2099.0,2135.0,1087.0,1119.0,1096.0,1097.0,1100.0,1096.0
0.0,6577.0,3364.0,3296.0,3302.0,3373.0,1112.0,1150.0,1111.0,1098.0,1102.0,1096.0,1109.0,1144.0,1111.0,2204.0,2181.0,2192.0,1112.0,1150.0,1111.0,1098.0,1102.0,1096.0
0.0,6515.0,3243.0,3293.0,3373.0,3234.0,1100.0,1070.0,1064.0,1097.0,1101.0,1095.0,1103.0,1073.0,1067.0,2182.0,2156.0,2177.0,1100.0,1070.0,1064.0,1097.0,1101.0,1095.0
0.0,6645.0,3235.0,3293.0,3234.0,3235.0,1088.0,1058.0,1089.0,1097.0,1101.0,1095.0,1088.0,1058.0,1089.0,2191.0,2233.0,2221.0,1088.0,1058.0,1089.0,1097.0,1101.0,1095.0
0.0,6644.0,3278.0,3294.0,3235.0,3281.0,1094.0,1104.0,1083.0,1097.0,1101.0,1096.0,1094.0,1104.0,1080.0,2203.0,2245.0,2196.0,1094.0,1104.0,1083.0,1097.0,1101.0,1096.0
0.0,6601.0,3320.0,3297.0,3281.0,3329.0,1100.0,1080.0,1149.0,1098.0,1101.0,1098.0,1097.0,1080.0,1143.0,2197.0,2199.0,2205.0,1100.0,1080.0,1149.0,1098.0,1101.0,1098.0
0.0,6562.0,3320.0,3300.0,3329.0,3329.0,1059.0,1140.0,1130.0,1098.0,1102.0,1100.0,1059.0,1137.0,1124.0,2194.0,2223.0,2145.0,1059.0,1140.0,1130.0,1098.0,1102.0,1100.0
0.0,6571.0,3308.0,3304.0,3329.0,3320.0,1075.0,1128.0,1117.0,1099.0,1104.0,1101.0,1072.0,1122.0,1114.0,2235.0,2166.0,2170.0,1075.0,1128.0,1117.0,1099.0,1104.0,1101.0
0.0,6592.0,3366.0,3307.0,3320.0,3375.0,1135.0,1134.0,1106.0,1100.0,1105.0,1102.0,1132.0,1131.0,1103.0,2222.0,2184.0,2186.0,1135.0,1134.0,1106.0,1100.0,1105.0,1102.0
0.0,6546.0,3370.0,3307.0,3375.0,3370.0,1115.0,1143.0,1112.0,1100.0,1105.0,1102.0,1115.0,1143.0,1112.0,2165.0,2181.0,2200.0,1115.0,1143.0,1112.0,1100.0,1105.0,1102.0
0.0,6551.0,3467.0,3312.0,3370.0,3482.0,1186.0,1142.0,1154.0,1102.0,1107.0,1103.0,1180.0,1136.0,1151.0,2185.0,2172.0,2194.0,1186.0,1142.0,1154.0,1102.0,1107.0,1103.0
0.0,6454.0,3328.0,3312.0,3482.0,3328.0,1125.0,1080.0,1123.0,1102.0,1107.0,1103.0,1125.0,1080.0,1123.0,2120.0,2179.0,2155.0,1125.0,1080.0,1123.0,1102.0,1107.0,1103.0
0.0,6608.0,3432.0,3313.0,3328.0,3435.0,1142.0,1146.0,1147.0,1102.0,1107.0,1104.0,1142.0,1146.0,1144.0,2181.0,2241.0,2186.0,1142.0,1146.0,1147.0,1102.0,1107.0,1104.0
0.0,6504.0,3254.0,3312.0,3435.0,3251.0,1083.0,1078.0,1090.0,1102.0,1106.0,1104.0,1083.0,1081.0,1090.0,2164.0,2175.0,2165.0,1083.0,1078.0,1090.0,1102.0,1106.0,1104.0
0.0,6685.0,3312.0,3315.0,3251.0,3321.0,1098.0,1097.0,1126.0,1103.0,1107.0,1105.0,1095.0,1094.0,1123.0,2223.0,2240.0,2222.0,1098.0,1097.0,1126.0,1103.0,1107.0,1105.0
0.0,6624.0,3340.0,3319.0,3321.0,3352.0,1135.0,1111.0,1106.0,1105.0,1108.0,1106.0,1129.0,1108.0,1103.0,2211.0,2224.0,2189.0,1135.0,1111.0,1106.0,1105.0,1108.0,1106.0
0.0,6605.0,3387.0,3321.0,3352.0,3393.0,1128.0,1145.0,1120.0,1105.0,1109.0,1107.0,1128.0,1142.0,1117.0,2180.0,2213.0,2212.0,1128.0,1145.0,1120.0,1105.0,1109.0,1107.0
0.0,6570.0,3361.0,3325.0,3393.0,3373.0,1103.0,1154.0,1116.0,1106.0,1111.0,1108.0,1100.0,1148.0,1113.0,2187.0,2182.0,2201.0,1103.0,1154.0,1116.0,1106.0,1111.0,1108.0
0.0,6602.0,3228.0,3326.0,3373.0,3231.0,1070.0,1091.0,1070.0,1106.0,1112.0,1108.0,1070.0,1088.0,1070.0,2215.0,2179.0,2208.0,1070.0,1091.0,1070.0,1106.0,1112.0,1108.0
0.0,6747.0,3359.0,3327.0,3231.0,3362.0,1082.0,1145.0,1135.0,1106.0,1112.0,1109.0,1082.0,1145.0,1132.0,2248.0,2245.0,2254.0,1082.0,1145.0,1135.0,1106.0,1112.0,1109.0
0.0,6619.0,3344.0,3329.0,3362.0,3350.0,1101.0,1125.0,1124.0,1106.0,1113.0,1110.0,1101.0,1122.0,1121.0,2236.0,2191.0,2192.0,1101.0,1125.0,1124.0,1106.0,1113.0,1110.0
0.0,6637.0,3317.0,3329.0,3350.0,3317.0,1122.0,1077.0,1118.0,1107.0,1112.0,1110.0,1119.0,1080.0,1118.0,2217.0,2214.0,2206.0,1122.0,1077.0,1118.0,1107.0,1112.0,1110.0
0.0,6670.0,3341.0,3328.0,3317.0,3338.0,1144.0,1084.0,1110.0,1107.0,1111.0,1110.0,1144.0,1087.0,1110.0,2199.0,2259.0,2212.0,1144.0,1084.0,1110.0,1107.0,1111.0,1110.0
0.0,6646.0,3451.0,3328.0,3338.0,3451.0,1160.0,1159.0,1132.0,1107.0,1112.0,1109.0,1160.0,1156.0,1135.0,2177.0,2249.0,2220.0,1160.0,1159.0,1132.0,1107.0,1112.0,1109.0
0.0,6533.0,3461.0,3332.0,3451.0,3473.0,1167.0,1170.0,1136.0,1109.0,1113.0,1110.0,1161.0,1167.0,1133.0,2161.0,2177.0,2195.0,1167.0,1170.0,1136.0,1109.0,1113.0,1110.0
0.0,6523.0,3442.0,3332.0,3473.0,3442.0,1128.0,1169.0,1145.0,1108.0,1114.0,1110.0,1131.0,1166.0,1145.0,2160.0,2169.0,2194.0,1128.0,1169.0,1145.0,1108.0,1114.0,1110.0
0.0,6554.0,3353.0,3335.0,3442.0,3362.0,1104.0,1154.0,1104.0,1109.0,1115.0,1111.0,1101.0,1151.0,1101.0,2196.0,2173.0,2185.0,1104.0,1154.0,1104.0,1109.0,1115.0,1111.0
0.0,6643.0,3440.0,3337.0,3362.0,3446.0,1148.0,1162.0,1136.0,1110.0,1116.0,1111.0,1145.0,1159.0,1136.0,2223.0,2191.0,2229.0,1148.0,1162.0,1136.0,1110.0,1116.0,1111.0
0.0,6565.0,3331.0,3338.0,3446.0,3334.0,1120.0,1112.0,1102.0,1110.0,1117.0,1111.0,1120.0,1109.0,1102.0,2182.0,2186.0,2197.0,1120.0,1112.0,1102.0,1110.0,1117.0,1111.0
0.0,6680.0,3368.0,3341.0,3334.0,3377.0,1129.0,1091.0,1157.0,1111.0,1117.0,1113.0,1126.0,1091.0,1151.0,2210.0,2239.0,2231.0,1129.0,1091.0,1157.0,1111.0,1117.0,1113.0
0.0,6646.0,3393.0,3342.0,3377.0,3396.0,1131.0,1130.0,1135.0,1110.0,1118.0,1114.0,1134.0,1127.0,1132.0,2204.0,2260.0,2182.0,1131.0,1130.0,1135.0,1110.0,1118.0,1114.0
0.0,6630.0,3332.0,3344.0,3396.0,3338.0,1087.0,1116.0,1135.0,1111.0,1118.0,1115.0,1084.0,1116.0,1132.0,2199.0,2224.0,2207.0,1087.0,1116.0,1135.0,1111.0,1118.0,1115.0
0.0,6694.0,3404.0,3345.0,3338.0,3407.0,1142.0,1128.0,1137.0,1112.0,1118.0,1115.0,1139.0,1128.0,1137.0,2246.0,2238.0,2210.0,1142.0,1128.0,1137.0,1112.0,1118.0,1115.0
0.0,6628.0,3358.0,3346.0,3407.0,3361.0,1122.0,1118.0,1121.0,1113.0,1118.0,1115.0,1119.0,1118.0,1121.0,2194.0,2226.0,2208.0,1122.0,1118.0,1121.0,1113.0,1118.0,1115.0
0.0,6677.0,3448.0,3348.0,3361.0,3454.0,1133.0,1182.0,1139.0,1113.0,1119.0,1116.0,1133.0,1179.0,1136.0,2217.0,2236.0,2224.0,1133.0,1182.0,1139.0,1113.0,1119.0,1116.0
0.0,6590.0,3331.0,3348.0,3454.0,3331.0,1137.0,1120.0,1074.0,1114.0,1119.0,1115.0,1134.0,1120.0,1077.0,2206.0,2175.0,2209.0,1137.0,1120.0,1074.0,1114.0,1119.0,1115.0
0.0,6713.0,3382.0,3348.0,3331.0,3382.0,1131.0,1133.0,1118.0,1114.0,1119.0,1115.0,1131.0,1133.0,1118.0,2205.0,2237.0,2271.0,1131.0,1133.0,1118.0,1114.0,1119.0,1115.0
0.0,6662.0,3425.0,3350.0,3382.0,3431.0,1131.0,1166.0,1134.0,1114.0,1121.0,1115.0,1131.0,1160.0,1134.0,2211.0,2224.0,2227.0,1131.0,1166.0,1134.0,1114.0,1121.0,1115.0
0.0,6619.0,3379.0,3350.0,3431.0,3379.0,1096.0,1142.0,1141.0,1114.0,1121.0,1115.0,1096.0,1142.0,1141.0,2211.0,2197.0,2211.0,1096.0,1142.0,1141.0,1114.0,1121.0,1115.0
0.0,6671.0,3442.0,3351.0,3379.0,3445.0,1142.0,1142.0,1161.0,1114.0,1122.0,1115.0,1142.0,1139.0,1161.0,2246.0,2221.0,2204.0,1142.0,1142.0,1161.0,1114.0,1122.0,1115.0
0.0,6608.0,3289.0,3351.0,3445.0,3289.0,1087.0,1078.0,1124.0,1114.0,1121.0,1116.0,1087.0,1081.0,1121.0,2200.0,2224.0,2184.0,1087.0,1078.0,1124.0,1114.0,1121.0,1116.0
0.0,6764.0,3487.0,3354.0,3289.0,3496.0,1157.0,1155.0,1184.0,1115.0,1121.0,1118.0,1154.0,1155.0,1178.0,2255.0,2285.0,2224.0,1157.0,1155.0,1184.0,1115.0,1121.0,1118.0
0.0,6566.0,3340.0,3354.0,3496.0,3340.0,1100.0,1101.0,1139.0,1114.0,1121.0,1119.0,1103.0,1101.0,1136.0,2188.0,2208.0,2170.0,1100.0,1101.0,1139.0,1114.0,1121.0,1119.0
0.0,6722.0,3340.0,3356.0,3340.0,3346.0,1119.0,1133.0,1094.0,1115.0,1122.0,1119.0,1116.0,1130.0,1094.0,2242.0,2262.0,2218.0,1119.0,1133.0,1094.0,1115.0,1122.0,1119.0
0.0,6722.0,3310.0,3356.0,3346.0,3310.0,1083.0,1136.0,1091.0,1114.0,1123.0,1119.0,1086.0,1133.0,1091.0,2226.0,2233.0,2263.0,1083.0,1136.0,1091.0,1114.0,1123.0,1119.0
0.0,6758.0,3222.0,3356.0,3310.0,3222.0,1052.0,1101.0,1069.0,1114.0,1124.0,1118.0,1052.0,1098.0,1072.0,2259.0,2233.0,2266.0,1052.0,1101.0,1069.0,1114.0,1124.0,1118.0
0.0,6846.0,3373.0,3360.0,3222.0,3385.0,1152.0,1113.0,1120.0,1116.0,1125.0,1119.0,1146.0,1110.0,1117.0,2290.0,2271.0,2285.0,1152.0,1113.0,1120.0,1116.0,1125.0,1119.0
0.0,6695.0,3404.0,3362.0,3385.0,3410.0,1160.0,1119.0,1131.0,1117.0,1125.0,1120.0,1157.0,1119.0,1128.0,2196.0,2262.0,2237.0,1160.0,1119.0,1131.0,1117.0,1125.0,1120.0
0.0,6676.0,3417.0,3362.0,3410.0,3417.0,1151.0,1115.0,1151.0,1117.0,1125.0,1120.0,1151.0,1115.0,1151.0,2191.0,2256.0,2229.0,1151.0,1115.0,1151.0,1117.0,1125.0,1120.0
0.0,6669.0,3422.0,3363.0,3417.0,3425.0,1170.0,1128.0,1127.0,1118.0,1125.0,1120.0,1167.0,1128.0,1127.0,2200.0,2260.0,2209.0,1170.0,1128.0,1127.0,1118.0,1125.0,1120.0
0.0,6664.0,3455.0,3362.0,3425.0,3452.0,1159.0,1140.0,1153.0,1118.0,1124.0,1120.0,1159.0,1143.0,1153.0,2184.0,2247.0,2233.0,1159.0,1140.0,1153.0,1118.0,1124.0,1120.0
0.0,6634.0,3424.0,3361.0,3452.0,3421.0,1130.0,1160.0,1131.0,1118.0,1123.0,1120.0,1130.0,1163.0,1131.0,2195.0,2232.0,2207.0,1130.0,1160.0,1131.0,1118.0,1123.0,1120.0
0.0,6662.0,3391.0,3363.0,3421.0,3397.0,1150.0,1115.0,1132.0,1119.0,1123.0,1121.0,1147.0,1115.0,1129.0,2224.0,2209.0,2229.0,1150.0,1115.0,1132.0,1119.0,1123.0,1121.0
0.0,6692.0,3505.0,3366.0,3397.0,3514.0,1154.0,1170.0,1190.0,1120.0,1124.0,1122.0,1151.0,1167.0,1187.0,2207.0,2254.0,2231.0,1154.0,1170.0,1190.0,1120.0,1124.0,1122.0
0.0,6584.0,3373.0,3368.0,3514.0,3379.0,1146.0,1113.0,1120.0,1121.0,1124.0,1123.0,1143.0,1113.0,1117.0,2206.0,2202.0,2176.0,1146.0,1113.0,1120.0,1121.0,1124.0,1123.0
0.0,6725.0,3363.0,3371.0,3379.0,3372.0,1144.0,1127.0,1101.0,1122.0,1126.0,1123.0,1141.0,1121.0,1101.0,2217.0,2259.0,2249.0,1144.0,1127.0,1101.0,1122.0,1126.0,1123.0
0.0,6741.0,3379.0,3373.0,3372.0,3385.0,1137.0,1115.0,1133.0,1123.0,1126.0,1124.0,1134.0,1115.0,1130.0,2222.0,2251.0,2268.0,1137.0,1115.0,1133.0,1123.0,1126.0,1124.0
0.0,6734.0,3291.0,3372.0,3385.0,3288.0,1128.0,1093.0,1067.0,1123.0,1126.0,1123.0,1128.0,1093.0,1070.0,2232.0,2263.0,2239.0,1128.0,1093.0,1067.0,1123.0,1126.0,1123.0
0.0,6828.0,3420.0,3374.0,3288.0,3426.0,1134.0,1152.0,1140.0,1125.0,1126.0,1123.0,1128.0,1152.0,1140.0,2241.0,2285.0,2302.0,1134.0,1152.0,1140.0,1125.0,1126.0,1123.0
0.0,6696.0,3358.0,3375.0,3426.0,3361.0,1103.0,1142.0,1116.0,1125.0,1127.0,1123.0,1103.0,1139.0,1116.0,2241.0,2226.0,2229.0,1103.0,1142.0,1116.0,1125.0,1127.0,1123.0
0.0,6764.0,3376.0,3375.0,3361.0,3376.0,1138.0,1104.0,1134.0,1125.0,1126.0,1124.0,1138.0,1107.0,1131.0,2272.0,2239.0,2253.0,1138.0,1104.0,1134.0,1125.0,1126.0,1124.0
0.0,6749.0,3518.0,3378.0,3376.0,3527.0,1170.0,1187.0,1170.0,1126.0,1127.0,1125.0,1167.0,1184.0,1167.0,2237.0,2274.0,2238.0,1170.0,1187.0,1170.0,1126.0,1127.0,1125.0
0.0,6607.0,3442.0,3378.0,3527.0,3442.0,1140.0,1160.0,1142.0,1126.0,1127.0,1125.0,1140.0,1160.0,1142.0,2208.0,2194.0,2205.0,1140.0,1160.0,1142.0,1126.0,1127.0,1125.0
0.0,6692.0,3409.0,3379.0,3442.0,3412.0,1114.0,1162.0,1136.0,1125.0,1129.0,1125.0,1117.0,1156.0,1136.0,2238.0,2221.0,2233.0,1114.0,1162.0,1136.0,1125.0,1129.0,1125.0
0.0,6725.0,3524.0,3381.0,3412.0,3530.0,1167.0,1168.0,1195.0,1126.0,1129.0,1126.0,1164.0,1168.0,1192.0,2261.0,2225.0,2239.0,1167.0,1168.0,1195.0,1126.0,1129.0,1126.0
0.0,6613.0,3378.0,3383.0,3530.0,3384.0,1097.0,1145.0,1142.0,1126.0,1130.0,1127.0,1097.0,1142.0,1139.0,2211.0,2219.0,2183.0,1097.0,1145.0,1142.0,1126.0,1130.0,1127.0
0.0,6765.0,3436.0,3386.0,3384.0,3445.0,1144.0,1136.0,1165.0,1127.0,1131.0,1128.0,1141.0,1133.0,1162.0,2281.0,2245.0,2239.0,1144.0,1136.0,1165.0,1127.0,1131.0,1128.0
0.0,6713.0,3379.0,3386.0,3445.0,3379.0,1143.0,1090.0,1146.0,1127.0,1131.0,1128.0,1143.0,1090.0,1146.0,2237.0,2257.0,2219.0,1143.0,1090.0,1146.0,1127.0,1131.0,1128.0
0.0,6779.0,3410.0,3388.0,3379.0,3416.0,1157.0,1132.0,1127.0,1128.0,1131.0,1129.0,1154.0,1132.0,1124.0,2238.0,2303.0,2238.0,1157.0,1132.0,1127.0,1128.0,1131.0,1129.0
0.0,6748.0,3341.0,3386.0,3416.0,3335.0,1115.0,1132.0,1088.0,1128.0,1130.0,1128.0,1115.0,1135.0,1091.0,2227.0,2261.0,2260.0,1115.0,1132.0,1088.0,1128.0,1130.0,1128.0
0.0,6823.0,3353.0,3389.0,3335.0,3362.0,1107.0,1132.0,1123.0,1129.0,1131.0,1129.0,1104.0,1129.0,1120.0,2269.0,2258.0,2296.0,1107.0,1132.0,1123.0,1129.0,1131.0,1129.0
0.0,6805.0,3323.0,3388.0,3362.0,3320.0,1075.0,1147.0,1098.0,1129.0,1131.0,1128.0,1075.0,1147.0,1101.0,2280.0,2261.0,2264.0,1075.0,1147.0,1098.0,1129.0,1131.0,1128.0
0.0,6844.0,3392.0,3390.0,3320.0,3398.0,1117.0,1154.0,1127.0,1129.0,1132.0,1129.0,1117.0,1151.0,1124.0,2312.0,2246.0,2286.0,1117.0,1154.0,1127.0,1129.0,1132.0,1129.0
0.0,6772.0,3426.0,3391.0,3398.0,3429.0,1136.0,1162.0,1131.0,1129.0,1133.0,1129.0,1136.0,1159.0,1131.0,2270.0,2242.0,2260.0,1136.0,1162.0,1131.0,1129.0,1133.0,1129.0
0.0,6744.0,3432.0,3393.0,3429.0,3438.0,1152.0,1136.0,1150.0,1129.0,1134.0,1130.0,1152.0,1133.0,1147.0,2251.0,2237.0,2256.0,1152.0,1136.0,1150.0,1129.0,1134.0,1130.0
0.0,6741.0,3509.0,3394.0,3438.0,3512.0,1183.0,1143.0,1186.0,1130.0,1134.0,1130.0,1180.0,1143.0,1186.0,2235.0,2266.0,2240.0,1183.0,1143.0,1186.0,1130.0,1134.0,1130.0
0.0,6670.0,3513.0,3396.0,3512.0,3519.0,1169.0,1155.0,1195.0,1130.0,1134.0,1132.0,1169.0,1155.0,1189.0,2207.0,2259.0,2204.0,1169.0,1155.0,1195.0,1130.0,1134.0,1132.0
0.0,6669.0,3500.0,3396.0,3519.0,3500.0,1153.0,1177.0,1170.0,1130.0,1134.0,1132.0,1153.0,1177.0,1170.0,2221.0,2247.0,2201.0,1153.0,1177.0,1170.0,1130.0,1134.0,1132.0
0.0,6688.0,3493.0,3399.0,3500.0,3502.0,1171.0,1163.0,1168.0,1132.0,1134.0,1133.0,1165.0,1163.0,1165.0,2237.0,2225.0,2226.0,1171.0,1163.0,1168.0,1132.0,1134.0,1133.0
0.0,6695.0,3371.0,3398.0,3502.0,3368.0,1099.0,1136.0,1133.0,1131.0,1134.0,1133.0,1102.0,1136.0,1133.0,2225.0,2239.0,2231.0,1099.0,1136.0,1133.0,1131.0,1134.0,1133.0
0.0,6826.0,3463.0,3401.0,3368.0,3472.0,1168.0,1172.0,1132.0,1132.0,1135.0,1134.0,1165.0,1169.0,1129.0,2294.0,2266.0,2266.0,1168.0,1172.0,1132.0,1132.0,1135.0,1134.0
0.0,6731.0,3365.0,3400.0,3472.0,3362.0,1103.0,1144.0,1115.0,1131.0,1136.0,1133.0,1106.0,1141.0,1118.0,2228.0,2233.0,2270.0,1103.0,1144.0,1115.0,1131.0,1136.0,1133.0
0.0,6838.0,3437.0,3402.0,3362.0,3443.0,1154.0,1177.0,1112.0,1132.0,1137.0,1133.0,1151.0,1174.0,1112.0,2290.0,2264.0,2284.0,1154.0,1177.0,1112.0,1132.0,1137.0,1133.0
0.0,6763.0,3246.0,3399.0,3443.0,3237.0,1075.0,1077.0,1085.0,1131.0,1136.0,1132.0,1078.0,1080.0,1088.0,2242.0,2234.0,2287.0,1075.0,1077.0,1085.0,1131.0,1136.0,1132.0
0.0,6960.0,3388.0,3399.0,3237.0,3388.0,1106.0,1137.0,1145.0,1131.0,1136.0,1132.0,1106.0,1137.0,1145.0,2318.0,2331.0,2311.0,1106.0,1137.0,1145.0,1131.0,1136.0,1132.0
0.0,6809.0,3364.0,3399.0,3388.0,3364.0,1130.0,1101.0,1133.0,1131.0,1136.0,1132.0,1130.0,1101.0,1133.0,2287.0,2271.0,2251.0,1130.0,1101.0,1133.0,1131.0,1136.0,1132.0
0.0,6833.0,3488.0,3399.0,3364.0,3488.0,1146.0,1154.0,1188.0,1131.0,1135.0,1133.0,1146.0,1157.0,1185.0,2263.0,2307.0,2263.0,1146.0,1154.0,1188.0,1131.0,1135.0,1133.0
0.0,6709.0,3536.0,3404.0,3488.0,3551.0,1186.0,1159.0,1206.0,1132.0,1136.0,1136.0,1183.0,1156.0,1197.0,2247.0,2251.0,2211.0,1186.0,1159.0,1206.0,1132.0,1136.0,1136.0
0.0,6661.0,3643.0,3409.0,3551.0,3658.0,1232.0,1227.0,1199.0,1134.0,1138.0,1137.0,1226.0,1221.0,1196.0,2210.0,2249.0,2202.0,1232.0,1227.0,1199.0,1134.0,1138.0,1137.0
0.0,6569.0,3588.0,3413.0,3658.0,3600.0,1167.0,1210.0,1223.0,1135.0,1139.0,1139.0,1164.0,1207.0,1217.0,2170.0,2187.0,2212.0,1167.0,1210.0,1223.0,1135.0,1139.0,1139.0
0.0,6639.0,3509.0,3415.0,3600.0,3515.0,1143.0,1176.0,1196.0,1136.0,1139.0,1140.0,1140.0,1176.0,1193.0,2238.0,2207.0,2194.0,1143.0,1176.0,1196.0,1136.0,1139.0,1140.0
0.0,6730.0,3451.0,3415.0,3515.0,3451.0,1142.0,1159.0,1150.0,1136.0,1140.0,1139.0,1142.0,1156.0,1153.0,2265.0,2241.0,2224.0,1142.0,1159.0,1150.0,1136.0,1140.0,1139.0
0.0,6794.0,3454.0,3419.0,3451.0,3466.0,1152.0,1180.0,1134.0,1137.0,1142.0,1140.0,1149.0,1174.0,1131.0,2266.0,2261.0,2267.0,1152.0,1180.0,1134.0,1137.0,1142.0,1140.0
0.0,6791.0,3477.0,3417.0,3466.0,3471.0,1133.0,1174.0,1164.0,1136.0,1142.0,1139.0,1136.0,1174.0,1167.0,2259.0,2246.0,2286.0,1133.0,1174.0,1164.0,1136.0,1142.0,1139.0
0.0,6780.0,3379.0,3419.0,3471.0,3385.0,1170.0,1095.0,1120.0,1138.0,1142.0,1139.0,1164.0,1095.0,1120.0,2275.0,2252.0,2253.0,1170.0,1095.0,1120.0,1138.0,1142.0,1139.0
0.0,6872.0,3348.0,3418.0,3385.0,3345.0,1133.0,1101.0,1111.0,1138.0,1141.0,1139.0,1133.0,1104.0,1111.0,2244.0,2331.0,2297.0,1133.0,1101.0,1111.0,1138.0,1141.0,1139.0
0.0,6909.0,3411.0,3420.0,3345.0,3417.0,1144.0,1137.0,1136.0,1139.0,1141.0,1140.0,1141.0,1137.0,1133.0,2281.0,2322.0,2306.0,1144.0,1137.0,1136.0,1139.0,1141.0,1140.0
0.0,6843.0,3360.0,3424.0,3417.0,3372.0,1101.0,1128.0,1143.0,1140.0,1142.0,1142.0,1098.0,1125.0,1137.0,2273.0,2286.0,2284.0,1101.0,1128.0,1143.0,1140.0,1142.0,1142.0
0.0,6900.0,3445.0,3425.0,3372.0,3448.0,1129.0,1156.0,1163.0,1140.0,1143.0,1142.0,1129.0,1153.0,1163.0,2319.0,2298.0,2283.0,1129.0,1156.0,1163.0,1140.0,1143.0,1142.0
0.0,6827.0,3520.0,3427.0,3448.0,3526.0,1175.0,1173.0,1178.0,1140.0,1144.0,1143.0,1175.0,1170.0,1175.0,2291.0,2273.0,2263.0,1175.0,1173.0,1178.0,1140.0,1144.0,1143.0
0.0,6755.0,3426.0,3427.0,3526.0,3426.0,1153.0,1125.0,1148.0,1140.0,1144.0,1143.0,1153.0,1125.0,1148.0,2245.0,2259.0,2251.0,1153.0,1125.0,1148.0,1140.0,1144.0,1143.0
0.0,6855.0,3530.0,3429.0,3426.0,3536.0,1168.0,1184.0,1184.0,1140.0,1145.0,1144.0,1168.0,1181.0,1181.0,2267.0,2307.0,2281.0,1168.0,1184.0,1184.0,1140.0,1145.0,1144.0
0.0,6751.0,3572.0,3432.0,3536.0,3581.0,1197.0,1185.0,1199.0,1141.0,1146.0,1145.0,1194.0,1182.0,1196.0,2252.0,2251.0,2248.0,1197.0,1185.0,1199.0,1141.0,1146.0,1145.0
0.0,6715.0,3444.0,3431.0,3581.0,3441.0,1158.0,1141.0,1142.0,1141.0,1145.0,1145.0,1158.0,1144.0,1142.0,2226.0,2253.0,2236.0,1158.0,1141.0,1142.0,1141.0,1145.0,1145.0
0.0,6852.0,3463.0,3433.0,3441.0,3469.0,1146.0,1173.0,1150.0,1141.0,1146.0,1146.0,1146.0,1170.0,1147.0,2265.0,2294.0,2293.0,1146.0,1173.0,1150.0,1141.0,1146.0,1146.0
0.0,6830.0,3569.0,3434.0,3469.0,3572.0,1185.0,1212.0,1175.0,1142.0,1147.0,1145.0,1182.0,1209.0,1178.0,2277.0,2265.0,2288.0,1185.0,1212.0,1175.0,1142.0,1147.0,1145.0
0.0,6730.0,3366.0,3434.0,3572.0,3366.0,1132.0,1124.0,1110.0,1142.0,1147.0,1145.0,1132.0,1124.0,1110.0,2241.0,2229.0,2260.0,1132.0,1124.0,1110.0,1142.0,1147.0,1145.0
0.0,6936.0,3450.0,3436.0,3366.0,3456.0,1170.0,1160.0,1126.0,1142.0,1148.0,1146.0,1170.0,1157.0,1123.0,2294.0,2317.0,2325.0,1170.0,1160.0,1126.0,1142.0,1148.0,1146.0
0.0,6852.0,3443.0,3437.0,3456.0,3446.0,1145.0,1175.0,1126.0,1142.0,1149.0,1146.0,1145.0,1172.0,1126.0,2256.0,2284.0,2312.0,1145.0,1175.0,1126.0,1142.0,1149.0,1146.0
0.0,6865.0,3360.0,3439.0,3446.0,3366.0,1096.0,1136.0,1134.0,1142.0,1150.0,1147.0,1096.0,1133.0,1131.0,2281.0,2272.0,2312.0,1096.0,1136.0,1134.0,1142.0,1150.0,1147.0
0.0,6951.0,3282.0,3436.0,3366.0,3273.0,1078.0,1100.0,1095.0,1141.0,1149.0,1146.0,1081.0,1103.0,1098.0,2330.0,2314.0,2307.0,1078.0,1100.0,1095.0,1141.0,1149.0,1146.0
0.0,7035.0,3471.0,3438.0,3273.0,3477.0,1177.0,1126.0,1174.0,1142.0,1149.0,1147.0,1174.0,1126.0,1171.0,2345.0,2347.0,2343.0,1177.0,1126.0,1174.0,1142.0,1149.0,1147.0
0.0,6837.0,3446.0,3439.0,3477.0,3449.0,1133.0,1123.0,1193.0,1142.0,1149.0,1148.0,1133.0,1123.0,1190.0,2249.0,2321.0,2267.0,1133.0,1123.0,1193.0,1142.0,1149.0,1148.0
0.0,6868.0,3576.0,3441.0,3449.0,3582.0,1200.0,1166.0,1216.0,1143.0,1149.0,1149.0,1197.0,1166.0,1213.0,2293.0,2324.0,2251.0,1200.0,1166.0,1216.0,1143.0,1149.0,1149.0
0.0,6741.0,3577.0,3443.0,3582.0,3583.0,1226.0,1179.0,1178.0,1144.0,1149.0,1150.0,1223.0,1179.0,1175.0,2229.0,2281.0,2231.0,1226.0,1179.0,1178.0,1144.0,1149.0,1150.0
0.0,6746.0,3625.0,3447.0,3583.0,3637.0,1237.0,1210.0,1190.0,1146.0,1150.0,1151.0,1231.0,1207.0,1187.0,2206.0,2268.0,2272.0,1237.0,1210.0,1190.0,1146.0,1150.0,1151.0
0.0,6704.0,3521.0,3447.0,3637.0,3521.0,1175.0,1189.0,1157.0,1147.0,1150.0,1150.0,1172.0,1189.0,1160.0,2201.0,2240.0,2263.0,1175.0,1189.0,1157.0,1147.0,1150.0,1150.0
0.0,6820.0,3496.0,3450.0,3521.0,3505.0,1166.0,1157.0,1182.0,1148.0,1151.0,1151.0,1163.0,1154.0,1179.0,2266.0,2261.0,2293.0,1166.0,1157.0,1182.0,1148.0,1151.0,1151.0
0.0,6845.0,3563.0,3452.0,3505.0,3569.0,1197.0,1202.0,1170.0,1149.0,1152.0,1151.0,1194.0,1199.0,1170.0,2278.0,2296.0,2271.0,1197.0,1202.0,1170.0,1149.0,1152.0,1151.0
0.0,6787.0,3507.0,3454.0,3569.0,3513.0,1163.0,1184.0,1166.0,1149.0,1154.0,1151.0,1163.0,1178.0,1166.0,2250.0,2254.0,2283.0,1163.0,1184.0,1166.0,1149.0,1154.0,1151.0
0.0,6849.0,3396.0,3454.0,3513.0,3396.0,1135.0,1103.0,1158.0,1149.0,1153.0,1152.0,1135.0,1106.0,1155.0,2284.0,2278.0,2287.0,1135.0,1103.0,1158.0,1149.0,1153.0,1152.0
0.0,6966.0,3405.0,3455.0,3396.0,3408.0,1140.0,1130.0,1138.0,1149.0,1153.0,1153.0,1140.0,1130.0,1135.0,2312.0,2356.0,2298.0,1140.0,1130.0,1138.0,1149.0,1153.0,1153.0
0.0,6957.0,3431.0,3457.0,3408.0,3437.0,1143.0,1127.0,1167.0,1150.0,1153.0,1154.0,1140.0,1127.0,1164.0,2307.0,2329.0,2321.0,1143.0,1127.0,1167.0,1150.0,1153.0,1154.0
0.0,6934.0,3390.0,3459.0,3437.0,3396.0,1116.0,1131.0,1149.0,1151.0,1153.0,1155.0,1113.0,1131.0,1146.0,2307.0,2332.0,2295.0,1116.0,1131.0,1149.0,1151.0,1153.0,1155.0
0.0,6981.0,3420.0,3458.0,3396.0,3417.0,1121.0,1135.0,1161.0,1151.0,1152.0,1155.0,1121.0,1138.0,1161.0,2337.0,2328.0,2316.0,1121.0,1135.0,1161.0,1151.0,1152.0,1155.0
0.0,6957.0,3533.0,3460.0,3417.0,3539.0,1160.0,1190.0,1189.0,1151.0,1153.0,1156.0,1160.0,1187.0,1186.0,2332.0,2321.0,2304.0,1160.0,1190.0,1189.0,1151.0,1153.0,1156.0
0.0,6841.0,3467.0,3461.0,3539.0,3470.0,1150.0,1190.0,1130.0,1151.0,1154.0,1156.0,1150.0,1187.0,1130.0,2293.0,2269.0,2279.0,1150.0,1190.0,1130.0,1151.0,1154.0,1156.0
0.0,6913.0,3545.0,3462.0,3470.0,3548.0,1171.0,1189.0,1188.0,1151.0,1155.0,1156.0,1171.0,1186.0,1188.0,2303.0,2272.0,2338.0,1171.0,1189.0,1188.0,1151.0,1155.0,1156.0
0.0,6838.0,3419.0,3461.0,3548.0,3416.0,1152.0,1146.0,1118.0,1151.0,1155.0,1155.0,1152.0,1146.0,1121.0,2282.0,2276.0,2280.0,1152.0,1146.0,1118.0,1151.0,1155.0,1155.0
0.0,6967.0,3451.0,3459.0,3416.0,3445.0,1125.0,1145.0,1175.0,1150.0,1154.0,1155.0,1128.0,1148.0,1175.0,2301.0,2319.0,2347.0,1125.0,1145.0,1175.0,1150.0,1154.0,1155.0
0.0,6932.0,3489.0,3459.0,3445.0,3489.0,1171.0,1150.0,1168.0,1150.0,1154.0,1155.0,1171.0,1150.0,1168.0,2325.0,2317.0,2290.0,1171.0,1150.0,1168.0,1150.0,1154.0,1155.0
0.0,6888.0,3530.0,3463.0,3489.0,3542.0,1174.0,1186.0,1182.0,1152.0,1155.0,1156.0,1168.0,1183.0,1179.0,2279.0,2312.0,2297.0,1174.0,1186.0,1182.0,1152.0,1155.0,1156.0
0.0,6847.0,3538.0,3464.0,3542.0,3541.0,1179.0,1178.0,1184.0,1152.0,1155.0,1157.0,1179.0,1178.0,1181.0,2282.0,2279.0,2286.0,1179.0,1178.0,1184.0,1152.0,1155.0,1157.0
0.0,6851.0,3500.0,3466.0,3541.0,3506.0,1203.0,1154.0,1149.0,1154.0,1155.0,1157.0,1197.0,1154.0,1149.0,2277.0,2287.0,2287.0,1203.0,1154.0,1149.0,1154.0,1155.0,1157.0
0.0,6892.0,3474.0,3467.0,3506.0,3477.0,1167.0,1155.0,1155.0,1154.0,1155.0,1158.0,1167.0,1155.0,1152.0,2259.0,2311.0,2322.0,1167.0,1155.0,1155.0,1154.0,1155.0,1158.0
0.0,6924.0,3527.0,3472.0,3477.0,3542.0,1159.0,1192.0,1191.0,1155.0,1157.0,1160.0,1156.0,1186.0,1185.0,2295.0,2310.0,2319.0,1159.0,1192.0,1191.0,1155.0,1157.0,1160.0
0.0,6874.0,3532.0,3476.0,3542.0,3544.0,1170.0,1198.0,1176.0,1157.0,1158.0,1161.0,1164.0,1195.0,1173.0,2306.0,2279.0,2289.0,1170.0,1198.0,1176.0,1157.0,1158.0,1161.0
0.0,6884.0,3309.0,3474.0,3544.0,3303.0,1073.0,1105.0,1125.0,1156.0,1158.0,1160.0,1076.0,1105.0,1128.0,2301.0,2276.0,2307.0,1073.0,1105.0,1125.0,1156.0,1158.0,1160.0
0.0,7119.0,3479.0,3474.0,3303.0,3479.0,1191.0,1138.0,1150.0,1156.0,1158.0,1160.0,1191.0,1138.0,1150.0,2395.0,2369.0,2355.0,1191.0,1138.0,1150.0,1156.0,1158.0,1160.0
0.0,6943.0,3506.0,3474.0,3479.0,3506.0,1192.0,1155.0,1159.0,1157.0,1158.0,1159.0,1189.0,1155.0,1162.0,2277.0,2336.0,2330.0,1192.0,1155.0,1159.0,1157.0,1158.0,1159.0
0.0,6916.0,3526.0,3472.0,3506.0,3520.0,1186.0,1165.0,1169.0,1156.0,1157.0,1159.0,1189.0,1168.0,1169.0,2279.0,2319.0,2318.0,1186.0,1165.0,1169.0,1156.0,1157.0,1159.0
0.0,6896.0,3636.0,3473.0,3520.0,3639.0,1216.0,1210.0,1213.0,1157.0,1157.0,1159.0,1213.0,1210.0,1213.0,2282.0,2306.0,2308.0,1216.0,1210.0,1213.0,1157.0,1157.0,1159.0
0.0,6780.0,3414.0,3470.0,3639.0,3405.0,1123.0,1128.0,1154.0,1156.0,1156.0,1158.0,1126.0,1131.0,1157.0,2255.0,2261.0,2264.0,1123.0,1128.0,1154.0,1156.0,1156.0,1158.0
0.0,7005.0,3559.0,3472.0,3405.0,3565.0,1186.0,1165.0,1214.0,1157.0,1156.0,1159.0,1183.0,1165.0,1211.0,2345.0,2340.0,2320.0,1186.0,1165.0,1214.0,1157.0,1156.0,1159.0
0.0,6851.0,3564.0,3475.0,3565.0,3573.0,1170.0,1219.0,1184.0,1158.0,1157.0,1160.0,1167.0,1216.0,1181.0,2285.0,2303.0,2263.0,1170.0,1219.0,1184.0,1158.0,1157.0,1160.0
0.0,6852.0,3559.0,3477.0,3573.0,3565.0,1185.0,1179.0,1201.0,1159.0,1157.0,1161.0,1182.0,1179.0,1198.0,2304.0,2252.0,2296.0,1185.0,1179.0,1201.0,1159.0,1157.0,1161.0
0.0,6866.0,3476.0,3478.0,3565.0,3479.0,1183.0,1130.0,1166.0,1159.0,1158.0,1161.0,1183.0,1127.0,1166.0,2292.0,2292.0,2282.0,1183.0,1130.0,1166.0,1159.0,1158.0,1161.0
0.0,6955.0,3563.0,3482.0,3479.0,3575.0,1193.0,1159.0,1223.0,1160.0,1159.0,1163.0,1190.0,1156.0,1217.0,2294.0,2344.0,2317.0,1193.0,1159.0,1223.0,1160.0,1159.0,1163.0
0.0,6871.0,3565.0,3485.0,3575.0,3574.0,1187.0,1176.0,1211.0,1161.0,1159.0,1165.0,1184.0,1176.0,1205.0,2287.0,2318.0,2266.0,1187.0,1176.0,1211.0,1161.0,1159.0,1165.0
0.0,6881.0,3470.0,3487.0,3574.0,3476.0,1166.0,1135.0,1175.0,1162.0,1159.0,1166.0,1163.0,1135.0,1172.0,2296.0,2301.0,2284.0,1166.0,1135.0,1175.0,1162.0,1159.0,1166.0
0.0,6985.0,3547.0,3489.0,3476.0,3553.0,1201.0,1185.0,1167.0,1163.0,1160.0,1166.0,1198.0,1182.0,1167.0,2320.0,2342.0,2323.0,1201.0,1185.0,1167.0,1163.0,1160.0,1166.0
0.0,6914.0,3515.0,3489.0,3553.0,3515.0,1195.0,1156.0,1164.0,1164.0,1160.0,1165.0,1192.0,1156.0,1167.0,2288.0,2295.0,2331.0,1195.0,1156.0,1164.0,1164.0,1160.0,1165.0
0.0,6952.0,3445.0,3489.0,3515.0,3445.0,1168.0,1134.0,1143.0,1164.0,1160.0,1165.0,1168.0,1134.0,1143.0,2297.0,2324.0,2331.0,1168.0,1134.0,1143.0,1164.0,1160.0,1165.0
0.0,7022.0,3536.0,3489.0,3445.0,3536.0,1187.0,1165.0,1184.0,1164.0,1160.0,1165.0,1187.0,1165.0,1184.0,2324.0,2346.0,2352.0,1187.0,1165.0,1184.0,1164.0,1160.0,1165.0
0.0,6931.0,3568.0,3489.0,3536.0,3568.0,1199.0,1206.0,1163.0,1164.0,1160.0,1165.0,1199.0,1206.0,1163.0,2305.0,2315.0,2311.0,1199.0,1206.0,1163.0,1164.0,1160.0,1165.0
0.0,6899.0,3604.0,3492.0,3568.0,3613.0,1230.0,1158.0,1225.0,1166.0,1160.0,1166.0,1224.0,1158.0,1222.0,2293.0,2274.0,2332.0,1230.0,1158.0,1225.0,1166.0,1160.0,1166.0
0.0,6863.0,3518.0,3494.0,3613.0,3524.0,1147.0,1193.0,1184.0,1166.0,1161.0,1167.0,1147.0,1190.0,1181.0,2268.0,2322.0,2273.0,1147.0,1193.0,1184.0,1166.0,1161.0,1167.0
0.0,6958.0,3519.0,3493.0,3524.0,3516.0,1170.0,1150.0,1196.0,1166.0,1160.0,1167.0,1170.0,1153.0,1196.0,2351.0,2290.0,2317.0,1170.0,1150.0,1196.0,1166.0,1160.0,1167.0
0.0,6963.0,3611.0,3497.0,3516.0,3623.0,1212.0,1185.0,1226.0,1167.0,1161.0,1169.0,1209.0,1182.0,1220.0,2328.0,2330.0,2305.0,1212.0,1185.0,1226.0,1167.0,1161.0,1169.0
0.0,6868.0,3521.0,3499.0,3623.0,3527.0,1191.0,1144.0,1192.0,1167.0,1161.0,1171.0,1191.0,1144.0,1186.0,2289.0,2298.0,2281.0,1191.0,1144.0,1192.0,1167.0,1161.0,1171.0
0.0,6970.0,3560.0,3500.0,3527.0,3563.0,1203.0,1205.0,1155.0,1168.0,1161.0,1171.0,1200.0,1205.0,1155.0,2310.0,2339.0,2321.0,1203.0,1205.0,1155.0,1168.0,1161.0,1171.0
0.0,6937.0,3498.0,3503.0,3563.0,3507.0,1135.0,1176.0,1196.0,1169.0,1162.0,1172.0,1132.0,1173.0,1193.0,2301.0,2278.0,2358.0,1135.0,1176.0,1196.0,1169.0,1162.0,1172.0
0.0,7002.0,3484.0,3507.0,3507.0,3496.0,1177.0,1173.0,1146.0,1171.0,1163.0,1173.0,1171.0,1170.0,1143.0,2372.0,2310.0,2320.0,1177.0,1173.0,1146.0,1171.0,1163.0,1173.0
0.0,7025.0,3557.0,3508.0,3496.0,3560.0,1150.0,1233.0,1177.0,1170.0,1165.0,1173.0,1153.0,1227.0,1177.0,2336.0,2316.0,2373.0,1150.0,1233.0,1177.0,1170.0,1165.0,1173.0
0.0,6964.0,3557.0,3511.0,3560.0,3566.0,1206.0,1189.0,1171.0,1172.0,1166.0,1173.0,1200.0,1186.0,1171.0,2360.0,2262.0,2342.0,1206.0,1189.0,1171.0,1172.0,1166.0,1173.0
0.0,6967.0,3634.0,3512.0,3566.0,3637.0,1223.0,1204.0,1210.0,1172.0,1167.0,1173.0,1223.0,1201.0,1210.0,2310.0,2309.0,2348.0,1223.0,1204.0,1210.0,1172.0,1167.0,1173.0
0.0,6899.0,3633.0,3513.0,3637.0,3636.0,1225.0,1211.0,1200.0,1172.0,1168.0,1173.0,1225.0,1208.0,1200.0,2293.0,2297.0,2309.0,1225.0,1211.0,1200.0,1172.0,1168.0,1173.0
0.0,6903.0,3685.0,3514.0,3636.0,3688.0,1240.0,1223.0,1225.0,1172.0,1168.0,1174.0,1240.0,1223.0,1222.0,2291.0,2293.0,2319.0,1240.0,1223.0,1225.0,1172.0,1168.0,1174.0
0.0,6854.0,3545.0,3515.0,3688.0,3548.0,1167.0,1175.0,1206.0,1172.0,1168.0,1175.0,1167.0,1175.0,1203.0,2276.0,2281.0,2297.0,1167.0,1175.0,1206.0,1172.0,1168.0,1175.0
0.0,6997.0,3662.0,3518.0,3548.0,3671.0,1213.0,1229.0,1229.0,1173.0,1169.0,1176.0,1210.0,1226.0,1226.0,2349.0,2329.0,2319.0,1213.0,1229.0,1229.0,1173.0,1169.0,1176.0
0.0,6883.0,3569.0,3518.0,3671.0,3569.0,1188.0,1190.0,1191.0,1173.0,1169.0,1176.0,1188.0,1190.0,1191.0,2306.0,2278.0,2299.0,1188.0,1190.0,1191.0,1173.0,1169.0,1176.0
0.0,6985.0,3566.0,3519.0,3569.0,3569.0,1201.0,1194.0,1174.0,1174.0,1169.0,1176.0,1198.0,1194.0,1174.0,2331.0,2317.0,2337.0,1201.0,1194.0,1174.0,1174.0,1169.0,1176.0
0.0,6988.0,3555.0,3523.0,3569.0,3567.0,1181.0,1196.0,1190.0,1175.0,1171.0,1177.0,1178.0,1190.0,1187.0,2321.0,2313.0,2354.0,1181.0,1196.0,1190.0,1175.0,1171.0,1177.0
0.0,7002.0,3541.0,3526.0,3567.0,3550.0,1195.0,1189.0,1166.0,1176.0,1172.0,1178.0,1192.0,1186.0,1163.0,2344.0,2317.0,2341.0,1195.0,1189.0,1166.0,1176.0,1172.0,1178.0
0.0,7028.0,3567.0,3528.0,3550.0,3573.0,1207.0,1166.0,1200.0,1177.0,1173.0,1178.0,1204.0,1163.0,1200.0,2333.0,2327.0,2368.0,1207.0,1166.0,1200.0,1177.0,1173.0,1178.0
0.0,7011.0,3428.0,3528.0,3573.0,3428.0,1140.0,1140.0,1148.0,1177.0,1173.0,1178.0,1140.0,1140.0,1148.0,2324.0,2353.0,2334.0,1140.0,1140.0,1148.0,1177.0,1173.0,1178.0
0.0,7156.0,3518.0,3530.0,3428.0,3524.0,1193.0,1159.0,1172.0,1179.0,1173.0,1178.0,1187.0,1159.0,1172.0,2391.0,2379.0,2386.0,1193.0,1159.0,1172.0,1179.0,1173.0,1178.0
0.0,7066.0,3606.0,3532.0,3524.0,3612.0,1218.0,1201.0,1193.0,1180.0,1173.0,1179.0,1215.0,1201.0,1190.0,2344.0,2360.0,2362.0,1218.0,1201.0,1193.0,1180.0,1173.0,1179.0
0.0,6984.0,3638.0,3535.0,3612.0,3647.0,1236.0,1222.0,1189.0,1181.0,1174.0,1180.0,1233.0,1219.0,1186.0,2322.0,2318.0,2344.0,1236.0,1222.0,1189.0,1181.0,1174.0,1180.0
0.0,6958.0,3617.0,3536.0,3647.0,3620.0,1221.0,1204.0,1195.0,1182.0,1174.0,1180.0,1218.0,1204.0,1195.0,2307.0,2300.0,2351.0,1221.0,1204.0,1195.0,1182.0,1174.0,1180.0
0.0,6988.0,3761.0,3543.0,3620.0,3782.0,1248.0,1284.0,1250.0,1184.0,1177.0,1182.0,1242.0,1275.0,1244.0,2325.0,2318.0,2345.0,1248.0,1284.0,1250.0,1184.0,1177.0,1182.0
0.0,6847.0,3631.0,3546.0,3782.0,3640.0,1209.0,1231.0,1200.0,1185.0,1178.0,1183.0,1206.0,1228.0,1197.0,2304.0,2247.0,2296.0,1209.0,1231.0,1200.0,1185.0,1178.0,1183.0
0.0,6998.0,3609.0,3549.0,3640.0,3618.0,1203.0,1180.0,1235.0,1186.0,1179.0,1184.0,1200.0,1177.0,1232.0,2346.0,2303.0,2349.0,1203.0,1180.0,1235.0,1186.0,1179.0,1184.0
0.0,7029.0,3554.0,3549.0,3618.0,3554.0,1181.0,1179.0,1194.0,1186.0,1179.0,1184.0,1181.0,1179.0,1194.0,2355.0,2357.0,2317.0,1181.0,1179.0,1194.0,1186.0,1179.0,1184.0
0.0,7093.0,3504.0,3548.0,3554.0,3501.0,1177.0,1147.0,1177.0,1186.0,1178.0,1184.0,1177.0,1150.0,1177.0,2377.0,2358.0,2358.0,1177.0,1147.0,1177.0,1186.0,1178.0,1184.0
0.0,7143.0,3537.0,3549.0,3501.0,3540.0,1203.0,1178.0,1159.0,1186.0,1179.0,1184.0,1203.0,1175.0,1159.0,2381.0,2387.0,2375.0,1203.0,1178.0,1159.0,1186.0,1179.0,1184.0
0.0,7107.0,3563.0,3551.0,3540.0,3569.0,1209.0,1182.0,1178.0,1187.0,1179.0,1185.0,1206.0,1182.0,1175.0,2355.0,2359.0,2393.0,1209.0,1182.0,1178.0,1187.0,1179.0,1185.0
0.0,7084.0,3413.0,3549.0,3569.0,3407.0,1143.0,1138.0,1126.0,1187.0,1178.0,1184.0,1143.0,1141.0,1129.0,2352.0,2355.0,2377.0,1143.0,1138.0,1126.0,1187.0,1178.0,1184.0
0.0,7240.0,3547.0,3549.0,3407.0,3547.0,1172.0,1201.0,1174.0,1187.0,1178.0,1184.0,1172.0,1201.0,1174.0,2418.0,2396.0,2426.0,1172.0,1201.0,1174.0,1187.0,1178.0,1184.0
0.0,7100.0,3506.0,3553.0,3547.0,3518.0,1166.0,1185.0,1167.0,1189.0,1180.0,1184.0,1160.0,1179.0,1167.0,2389.0,2333.0,2378.0,1166.0,1185.0,1167.0,1189.0,1180.0,1184.0
0.0,7141.0,3617.0,3555.0,3518.0,3623.0,1181.0,1204.0,1238.0,1188.0,1181.0,1186.0,1184.0,1201.0,1232.0,2401.0,2355.0,2385.0,1181.0,1204.0,1238.0,1188.0,1181.0,1186.0
0.0,7042.0,3612.0,3558.0,3623.0,3621.0,1200.0,1209.0,1212.0,1189.0,1182.0,1187.0,1197.0,1206.0,1209.0,2383.0,2339.0,2320.0,1200.0,1209.0,1212.0,1189.0,1182.0,1187.0
0.0,7053.0,3691.0,3560.0,3621.0,3697.0,1225.0,1220.0,1252.0,1189.0,1183.0,1188.0,1225.0,1217.0,1249.0,2367.0,2337.0,2349.0,1225.0,1220.0,1252.0,1189.0,1183.0,1188.0
0.0,6983.0,3625.0,3561.0,3697.0,3628.0,1188.0,1210.0,1230.0,1189.0,1183.0,1189.0,1188.0,1210.0,1227.0,2342.0,2329.0,2312.0,1188.0,1210.0,1230.0,1189.0,1183.0,1189.0
0.0,7055.0,3646.0,3565.0,3628.0,3658.0,1191.0,1199.0,1268.0,1190.0,1184.0,1191.0,1188.0,1196.0,1262.0,2379.0,2339.0,2337.0,1191.0,1199.0,1268.0,1190.0,1184.0,1191.0
0.0,7037.0,3615.0,3565.0,3658.0,3615.0,1204.0,1225.0,1186.0,1190.0,1185.0,1190.0,1204.0,1222.0,1189.0,2379.0,2353.0,2305.0,1204.0,1225.0,1186.0,1190.0,1185.0,1190.0
0.0,7080.0,3715.0,3569.0,3615.0,3727.0,1212.0,1249.0,1266.0,1191.0,1186.0,1192.0,1209.0,1246.0,1260.0,2366.0,2330.0,2384.0,1212.0,1249.0,1266.0,1191.0,1186.0,1192.0
0.0,6980.0,3605.0,3571.0,3727.0,3611.0,1197.0,1223.0,1191.0,1192.0,1187.0,1192.0,1194.0,1220.0,1191.0,2361.0,2309.0,2310.0,1197.0,1223.0,1191.0,1192.0,1187.0,1192.0
0.0,7102.0,3505.0,3570.0,3611.0,3502.0,1165.0,1165.0,1172.0,1191.0,1187.0,1192.0,1168.0,1165.0,1172.0,2379.0,2338.0,2385.0,1165.0,1165.0,1172.0,1191.0,1187.0,1192.0
0.0,7208.0,3629.0,3571.0,3502.0,3632.0,1244.0,1195.0,1193.0,1192.0,1188.0,1191.0,1241.0,1192.0,1196.0,2408.0,2396.0,2404.0,1244.0,1195.0,1193.0,1192.0,1188.0,1191.0
0.0,7081.0,3602.0,3573.0,3632.0,3608.0,1206.0,1203.0,1199.0,1193.0,1189.0,1191.0,1203.0,1200.0,1199.0,2332.0,2369.0,2380.0,1206.0,1203.0,1199.0,1193.0,1189.0,1191.0
0.0,7111.0,3569.0,3574.0,3608.0,3572.0,1184.0,1208.0,1180.0,1193.0,1190.0,1191.0,1184.0,1205.0,1180.0,2373.0,2364.0,2374.0,1184.0,1208.0,1180.0,1193.0,1190.0,1191.0
0.0,7150.0,3536.0,3574.0,3572.0,3536.0,1164.0,1186.0,1186.0,1192.0,1190.0,1192.0,1167.0,1186.0,1183.0,2395.0,2362.0,2393.0,1164.0,1186.0,1186.0,1192.0,1190.0,1192.0
0.0,7186.0,3659.0,3577.0,3536.0,3668.0,1215.0,1191.0,1262.0,1193.0,1191.0,1193.0,1212.0,1188.0,1259.0,2412.0,2384.0,2390.0,1215.0,1191.0,1262.0,1193.0,1191.0,1193.0
0.0,7063.0,3717.0,3582.0,3668.0,3732.0,1234.0,1243.0,1255.0,1194.0,1193.0,1195.0,1231.0,1237.0,1249.0,2364.0,2382.0,2317.0,1234.0,1243.0,1255.0,1194.0,1193.0,1195.0
0.0,7014.0,3661.0,3585.0,3732.0,3670.0,1227.0,1196.0,1247.0,1195.0,1193.0,1197.0,1224.0,1196.0,1241.0,2348.0,2336.0,2330.0,1227.0,1196.0,1247.0,1195.0,1193.0,1197.0
0.0,7085.0,3647.0,3586.0,3670.0,3650.0,1223.0,1203.0,1224.0,1195.0,1193.0,1198.0,1223.0,1203.0,1221.0,2358.0,2383.0,2344.0,1223.0,1203.0,1224.0,1195.0,1193.0,1198.0
0.0,7108.0,3724.0,3589.0,3650.0,3733.0,1248.0,1253.0,1232.0,1196.0,1195.0,1198.0,1245.0,1247.0,1232.0,2362.0,2376.0,2370.0,1248.0,1253.0,1232.0,1196.0,1195.0,1198.0
0.0,7034.0,3667.0,3592.0,3733.0,3676.0,1212.0,1240.0,1224.0,1197.0,1196.0,1199.0,1209.0,1237.0,1221.0,2340.0,2332.0,2362.0,1212.0,1240.0,1224.0,1197.0,1196.0,1199.0
0.0,7100.0,3699.0,3594.0,3676.0,3705.0,1250.0,1228.0,1227.0,1198.0,1197.0,1199.0,1247.0,1225.0,1227.0,2379.0,2348.0,2373.0,1250.0,1228.0,1227.0,1198.0,1197.0,1199.0
0.0,7077.0,3547.0,3593.0,3705.0,3544.0,1188.0,1188.0,1168.0,1198.0,1197.0,1198.0,1188.0,1188.0,1171.0,2344.0,2363.0,2370.0,1188.0,1188.0,1168.0,1198.0,1197.0,1198.0
0.0,7235.0,3633.0,3596.0,3544.0,3642.0,1243.0,1195.0,1204.0,1199.0,1198.0,1199.0,1240.0,1192.0,1201.0,2406.0,2403.0,2426.0,1243.0,1195.0,1204.0,1199.0,1198.0,1199.0
0.0,7146.0,3507.0,3594.0,3642.0,3501.0,1179.0,1162.0,1160.0,1198.0,1197.0,1199.0,1182.0,1165.0,1160.0,2354.0,2399.0,2393.0,1179.0,1162.0,1160.0,1198.0,1197.0,1199.0
0.0,7281.0,3515.0,3594.0,3501.0,3515.0,1161.0,1174.0,1180.0,1199.0,1197.0,1198.0,1158.0,1174.0,1183.0,2415.0,2429.0,2437.0,1161.0,1174.0,1180.0,1199.0,1197.0,1198.0
0.0,7267.0,3546.0,3596.0,3515.0,3552.0,1178.0,1181.0,1193.0,1199.0,1198.0,1199.0,1178.0,1178.0,1190.0,2436.0,2417.0,2414.0,1178.0,1181.0,1193.0,1199.0,1198.0,1199.0
0.0,7236.0,3616.0,3596.0,3552.0,3616.0,1172.0,1210.0,1234.0,1199.0,1197.0,1200.0,1172.0,1213.0,1231.0,2419.0,2413.0,2404.0,1172.0,1210.0,1234.0,1199.0,1197.0,1200.0
0.0,7172.0,3759.0,3601.0,3616.0,3774.0,1258.0,1262.0,1254.0,1200.0,1199.0,1202.0,1255.0,1256.0,1248.0,2425.0,2381.0,2366.0,1258.0,1262.0,1254.0,1200.0,1199.0,1202.0
0.0,7029.0,3557.0,3600.0,3774.0,3554.0,1181.0,1179.0,1194.0,1200.0,1198.0,1202.0,1181.0,1182.0,1194.0,2342.0,2335.0,2352.0,1181.0,1179.0,1194.0,1200.0,1198.0,1202.0
0.0,7246.0,3792.0,3603.0,3554.0,3801.0,1285.0,1240.0,1276.0,1201.0,1199.0,1203.0,1282.0,1237.0,1273.0,2419.0,2415.0,2412.0,1285.0,1240.0,1276.0,1201.0,1199.0,1203.0
0.0,7008.0,3836.0,3606.0,3801.0,3845.0,1288.0,1283.0,1274.0,1202.0,1200.0,1204.0,1285.0,1280.0,1271.0,2318.0,2357.0,2333.0,1288.0,1283.0,1274.0,1202.0,1200.0,1204.0
0.0,6973.0,3741.0,3610.0,3845.0,3753.0,1230.0,1261.0,1262.0,1203.0,1202.0,1205.0,1227.0,1255.0,1259.0,2318.0,2317.0,2338.0,1230.0,1261.0,1262.0,1203.0,1202.0,1205.0
0.0,7077.0,3605.0,3608.0,3753.0,3599.0,1168.0,1214.0,1217.0,1202.0,1201.0,1205.0,1171.0,1217.0,1217.0,2379.0,2345.0,2353.0,1168.0,1214.0,1217.0,1202.0,1201.0,1205.0
0.0,7225.0,3498.0,3607.0,3599.0,3495.0,1172.0,1162.0,1161.0,1202.0,1201.0,1204.0,1172.0,1162.0,1164.0,2438.0,2389.0,2398.0,1172.0,1162.0,1161.0,1202.0,1201.0,1204.0
0.0,7326.0,3736.0,3611.0,3495.0,3748.0,1265.0,1241.0,1242.0,1203.0,1202.0,1206.0,1262.0,1238.0,1236.0,2434.0,2441.0,2451.0,1265.0,1241.0,1242.0,1203.0,1202.0,1206.0
0.0,7085.0,3650.0,3612.0,3748.0,3653.0,1225.0,1225.0,1203.0,1204.0,1202.0,1206.0,1222.0,1225.0,1203.0,2344.0,2365.0,2376.0,1225.0,1225.0,1203.0,1204.0,1202.0,1206.0
0.0,7183.0,3627.0,3614.0,3653.0,3633.0,1202.0,1206.0,1225.0,1204.0,1203.0,1207.0,1202.0,1203.0,1222.0,2387.0,2381.0,2415.0,1202.0,1206.0,1225.0,1204.0,1203.0,1207.0
0.0,7209.0,3634.0,3615.0,3633.0,3637.0,1200.0,1233.0,1204.0,1204.0,1204.0,1207.0,1200.0,1230.0,1204.0,2410.0,2403.0,2396.0,1200.0,1233.0,1204.0,1204.0,1204.0,1207.0
0.0,7208.0,3706.0,3621.0,3637.0,3724.0,1235.0,1244.0,1245.0,1206.0,1206.0,1209.0,1229.0,1238.0,1239.0,2412.0,2379.0,2417.0,1235.0,1244.0,1245.0,1206.0,1206.0,1209.0
0.0,7139.0,3664.0,3623.0,3724.0,3670.0,1207.0,1229.0,1234.0,1206.0,1207.0,1210.0,1207.0,1226.0,1231.0,2383.0,2374.0,2382.0,1207.0,1229.0,1234.0,1206.0,1207.0,1210.0
0.0,7199.0,3643.0,3624.0,3670.0,3646.0,1217.0,1197.0,1232.0,1206.0,1207.0,1211.0,1217.0,1197.0,1229.0,2411.0,2392.0,2396.0,1217.0,1197.0,1232.0,1206.0,1207.0,1211.0
0.0,7226.0,3729.0,3625.0,3646.0,3732.0,1255.0,1221.0,1256.0,1206.0,1207.0,1212.0,1255.0,1221.0,1253.0,2401.0,2424.0,2401.0,1255.0,1221.0,1256.0,1206.0,1207.0,1212.0
0.0,7143.0,3804.0,3629.0,3732.0,3816.0,1278.0,1277.0,1261.0,1208.0,1208.0,1213.0,1272.0,1274.0,1258.0,2363.0,2400.0,2380.0,1278.0,1277.0,1261.0,1208.0,1208.0,1213.0
0.0,7071.0,3734.0,3629.0,3816.0,3734.0,1244.0,1242.0,1248.0,1208.0,1208.0,1213.0,1244.0,1242.0,1248.0,2346.0,2347.0,2378.0,1244.0,1242.0,1248.0,1208.0,1208.0,1213.0
0.0,7153.0,3632.0,3629.0,3734.0,3632.0,1198.0,1215.0,1219.0,1207.0,1208.0,1214.0,1201.0,1215.0,1216.0,2380.0,2382.0,2391.0,1198.0,1215.0,1219.0,1207.0,1208.0,1214.0
0.0,7255.0,3660.0,3630.0,3632.0,3663.0,1209.0,1235.0,1219.0,1208.0,1209.0,1213.0,1206.0,1232.0,1222.0,2423.0,2409.0,2423.0,1209.0,1235.0,1219.0,1208.0,1209.0,1213.0
0.0,7227.0,3533.0,3630.0,3663.0,3533.0,1185.0,1178.0,1170.0,1208.0,1209.0,1213.0,1185.0,1178.0,1170.0,2415.0,2392.0,2420.0,1185.0,1178.0,1170.0,1208.0,1209.0,1213.0
0.0,7357.0,3679.0,3632.0,3533.0,3685.0,1222.0,1251.0,1212.0,1208.0,1210.0,1214.0,1222.0,1248.0,1209.0,2439.0,2449.0,2469.0,1222.0,1251.0,1212.0,1208.0,1210.0,1214.0
0.0,7211.0,3747.0,3636.0,3685.0,3759.0,1230.0,1279.0,1250.0,1209.0,1212.0,1215.0,1227.0,1273.0,1247.0,2402.0,2379.0,2430.0,1230.0,1279.0,1250.0,1209.0,1212.0,1215.0
0.0,7149.0,3712.0,3639.0,3759.0,3721.0,1250.0,1237.0,1234.0,1210.0,1213.0,1216.0,1247.0,1234.0,1231.0,2397.0,2357.0,2395.0,1250.0,1237.0,1234.0,1210.0,1213.0,1216.0
0.0,7196.0,3527.0,3641.0,3721.0,3533.0,1166.0,1183.0,1184.0,1210.0,1214.0,1217.0,1166.0,1180.0,1181.0,2380.0,2402.0,2414.0,1166.0,1183.0,1184.0,1210.0,1214.0,1217.0
0.0,7390.0,3628.0,3644.0,3533.0,3637.0,1193.0,1187.0,1257.0,1211.0,1214.0,1219.0,1190.0,1187.0,1251.0,2464.0,2459.0,2467.0,1193.0,1187.0,1257.0,1211.0,1214.0,1219.0
0.0,7295.0,3516.0,3643.0,3637.0,3513.0,1151.0,1173.0,1189.0,1210.0,1214.0,1219.0,1154.0,1173.0,1189.0,2440.0,2455.0,2400.0,1151.0,1173.0,1189.0,1210.0,1214.0,1219.0
0.0,7416.0,3672.0,3644.0,3513.0,3675.0,1227.0,1217.0,1231.0,1211.0,1214.0,1219.0,1224.0,1217.0,1231.0,2479.0,2469.0,2468.0,1227.0,1217.0,1231.0,1211.0,1214.0,1219.0
0.0,7257.0,3688.0,3645.0,3675.0,3691.0,1257.0,1211.0,1223.0,1212.0,1214.0,1219.0,1254.0,1211.0,1223.0,2406.0,2425.0,2426.0,1257.0,1211.0,1223.0,1212.0,1214.0,1219.0
0.0,7244.0,3810.0,3648.0,3691.0,3819.0,1285.0,1262.0,1272.0,1213.0,1215.0,1220.0,1282.0,1259.0,1269.0,2379.0,2431.0,2434.0,1285.0,1262.0,1272.0,1213.0,1215.0,1220.0
0.0,7125.0,3739.0,3651.0,3819.0,3748.0,1256.0,1256.0,1236.0,1215.0,1216.0,1220.0,1250.0,1253.0,1236.0,2354.0,2383.0,2388.0,1256.0,1256.0,1236.0,1215.0,1216.0,1220.0
0.0,7205.0,3636.0,3650.0,3748.0,3633.0,1189.0,1222.0,1222.0,1215.0,1216.0,1219.0,1189.0,1222.0,1225.0,2389.0,2392.0,2424.0,1189.0,1222.0,1222.0,1215.0,1216.0,1219.0
0.0,7317.0,3721.0,3652.0,3633.0,3727.0,1225.0,1260.0,1242.0,1215.0,1217.0,1220.0,1225.0,1257.0,1239.0,2456.0,2426.0,2435.0,1225.0,1260.0,1242.0,1215.0,1217.0,1220.0
0.0,7229.0,3622.0,3650.0,3727.0,3616.0,1196.0,1214.0,1206.0,1215.0,1216.0,1219.0,1196.0,1217.0,1209.0,2420.0,2391.0,2418.0,1196.0,1214.0,1206.0,1215.0,1216.0,1219.0
0.0,7334.0,3568.0,3650.0,3616.0,3568.0,1200.0,1187.0,1181.0,1215.0,1216.0,1219.0,1200.0,1187.0,1181.0,2449.0,2434.0,2451.0,1200.0,1187.0,1181.0,1215.0,1216.0,1219.0
0.0,7382.0,3784.0,3655.0,3568.0,3799.0,1285.0,1228.0,1286.0,1217.0,1217.0,1221.0,1279.0,1225.0,1280.0,2445.0,2461.0,2476.0,1285.0,1228.0,1286.0,1217.0,1217.0,1221.0
0.0,7166.0,3676.0,3656.0,3799.0,3679.0,1211.0,1239.0,1229.0,1216.0,1218.0,1222.0,1214.0,1236.0,1226.0,2366.0,2423.0,2377.0,1211.0,1239.0,1229.0,1216.0,1218.0,1222.0
0.0,7289.0,3632.0,3656.0,3679.0,3632.0,1178.0,1225.0,1229.0,1216.0,1218.0,1222.0,1178.0,1225.0,1229.0,2437.0,2415.0,2437.0,1178.0,1225.0,1229.0,1216.0,1218.0,1222.0
0.0,7336.0,3648.0,3658.0,3632.0,3654.0,1197.0,1241.0,1216.0,1216.0,1219.0,1223.0,1197.0,1238.0,1213.0,2470.0,2429.0,2437.0,1197.0,1241.0,1216.0,1216.0,1219.0,1223.0
0.0,7320.0,3668.0,3661.0,3654.0,3677.0,1197.0,1256.0,1224.0,1217.0,1220.0,1224.0,1194.0,1253.0,1221.0,2451.0,2416.0,2453.0,1197.0,1256.0,1224.0,1217.0,1220.0,1224.0
0.0,7306.0,3664.0,3660.0,3677.0,3661.0,1233.0,1243.0,1185.0,1217.0,1221.0,1222.0,1233.0,1240.0,1191.0,2454.0,2404.0,2448.0,1233.0,1243.0,1185.0,1217.0,1221.0,1222.0
0.0,7319.0,3647.0,3659.0,3661.0,3644.0,1219.0,1233.0,1192.0,1217.0,1221.0,1221.0,1219.0,1233.0,1195.0,2418.0,2420.0,2481.0,1219.0,1233.0,1192.0,1217.0,1221.0,1221.0
0.0,7333.0,3632.0,3659.0,3644.0,3632.0,1233.0,1201.0,1198.0,1217.0,1221.0,1221.0,1233.0,1201.0,1198.0,2432.0,2430.0,2471.0,1233.0,1201.0,1198.0,1217.0,1221.0,1221.0
0.0,7345.0,3712.0,3660.0,3632.0,3715.0,1241.0,1226.0,1248.0,1217.0,1222.0,1221.0,1241.0,1223.0,1248.0,2418.0,2462.0,2465.0,1241.0,1226.0,1248.0,1217.0,1222.0,1221.0
0.0,7265.0,3655.0,3659.0,3715.0,3652.0,1225.0,1199.0,1228.0,1217.0,1221.0,1221.0,1225.0,1202.0,1228.0,2410.0,2440.0,2415.0,1225.0,1199.0,1228.0,1217.0,1221.0,1221.0
0.0,7325.0,3699.0,3659.0,3652.0,3699.0,1225.0,1232.0,1242.0,1217.0,1221.0,1221.0,1225.0,1232.0,1242.0,2426.0,2464.0,2435.0,1225.0,1232.0,1242.0,1217.0,1221.0,1221.0
0.0,7278.0,3755.0,3661.0,3699.0,3761.0,1266.0,1248.0,1247.0,1218.0,1221.0,1222.0,1263.0,1248.0,1244.0,2426.0,2431.0,2421.0,1266.0,1248.0,1247.0,1218.0,1221.0,1222.0
0.0,7222.0,3679.0,3664.0,3761.0,3688.0,1235.0,1217.0,1236.0,1219.0,1222.0,1223.0,1232.0,1214.0,1233.0,2388.0,2415.0,2419.0,1235.0,1217.0,1236.0,1219.0,1222.0,1223.0
0.0,7304.0,3692.0,3663.0,3688.0,3689.0,1221.0,1241.0,1227.0,1218.0,1222.0,1223.0,1224.0,1241.0,1227.0,2422.0,2449.0,2433.0,1221.0,1241.0,1227.0,1218.0,1222.0,1223.0
0.0,7300.0,3693.0,3668.0,3689.0,3708.0,1212.0,1249.0,1247.0,1219.0,1224.0,1225.0,1209.0,1243.0,1241.0,2433.0,2425.0,2442.0,1212.0,1249.0,1247.0,1219.0,1224.0,1225.0
0.0,7296.0,3681.0,3671.0,3708.0,3690.0,1221.0,1220.0,1249.0,1220.0,1225.0,1226.0,1218.0,1217.0,1246.0,2445.0,2423.0,2428.0,1221.0,1220.0,1249.0,1220.0,1225.0,1226.0
0.0,7323.0,3705.0,3674.0,3690.0,3714.0,1226.0,1258.0,1230.0,1221.0,1226.0,1227.0,1223.0,1255.0,1227.0,2439.0,2455.0,2429.0,1226.0,1258.0,1230.0,1221.0,1226.0,1227.0
0.0,7308.0,3741.0,3677.0,3714.0,3750.0,1243.0,1239.0,1268.0,1222.0,1227.0,1228.0,1240.0,1236.0,1265.0,2437.0,2420.0,2451.0,1243.0,1239.0,1268.0,1222.0,1227.0,1228.0
0.0,7281.0,3630.0,3674.0,3750.0,3621.0,1241.0,1210.0,1170.0,1222.0,1226.0,1226.0,1241.0,1213.0,1176.0,2423.0,2442.0,2416.0,1241.0,1210.0,1170.0,1222.0,1226.0,1226.0
0.0,7401.0,3766.0,3677.0,3621.0,3775.0,1266.0,1268.0,1241.0,1223.0,1227.0,1227.0,1263.0,1265.0,1238.0,2425.0,2468.0,2508.0,1266.0,1268.0,1241.0,1223.0,1227.0,1227.0
0.0,7256.0,3815.0,3678.0,3775.0,3818.0,1272.0,1306.0,1240.0,1223.0,1229.0,1226.0,1272.0,1300.0,1243.0,2403.0,2413.0,2440.0,1272.0,1306.0,1240.0,1223.0,1229.0,1226.0
0.0,7216.0,3742.0,3676.0,3818.0,3736.0,1234.0,1261.0,1241.0,1222.0,1228.0,1226.0,1237.0,1264.0,1241.0,2397.0,2381.0,2438.0,1234.0,1261.0,1241.0,1222.0,1228.0,1226.0
0.0,7292.0,3734.0,3676.0,3736.0,3734.0,1229.0,1270.0,1235.0,1222.0,1229.0,1225.0,1229.0,1267.0,1238.0,2432.0,2423.0,2437.0,1229.0,1270.0,1235.0,1222.0,1229.0,1225.0
0.0,7294.0,3691.0,3678.0,3734.0,3697.0,1220.0,1245.0,1232.0,1223.0,1229.0,1226.0,1217.0,1245.0,1229.0,2437.0,2417.0,2440.0,1220.0,1245.0,1232.0,1223.0,1229.0,1226.0
0.0,7337.0,3725.0,3681.0,3697.0,3734.0,1237.0,1236.0,1261.0,1224.0,1230.0,1227.0,1234.0,1233.0,1258.0,2449.0,2442.0,2446.0,1237.0,1236.0,1261.0,1224.0,1230.0,1227.0
0.0,7309.0,3789.0,3683.0,3734.0,3795.0,1285.0,1236.0,1274.0,1225.0,1230.0,1228.0,1282.0,1236.0,1271.0,2435.0,2454.0,2420.0,1285.0,1236.0,1274.0,1225.0,1230.0,1228.0
0.0,7254.0,3649.0,3684.0,3795.0,3652.0,1224.0,1183.0,1245.0,1225.0,1230.0,1229.0,1224.0,1183.0,1242.0,2390.0,2454.0,2410.0,1224.0,1183.0,1245.0,1225.0,1230.0,1229.0
0.0,7400.0,3717.0,3685.0,3652.0,3720.0,1246.0,1234.0,1240.0,1226.0,1230.0,1229.0,1243.0,1234.0,1240.0,2451.0,2507.0,2442.0,1246.0,1234.0,1240.0,1226.0,1230.0,1229.0
0.0,7335.0,3770.0,3688.0,3720.0,3779.0,1258.0,1271.0,1250.0,1227.0,1231.0,1230.0,1255.0,1268.0,1247.0,2432.0,2456.0,2447.0,1258.0,1271.0,1250.0,1227.0,1231.0,1230.0
0.0,7285.0,3694.0,3687.0,3779.0,3691.0,1210.0,1239.0,1242.0,1226.0,1231.0,1230.0,1213.0,1239.0,1242.0,2423.0,2422.0,2440.0,1210.0,1239.0,1242.0,1226.0,1231.0,1230.0
0.0,7370.0,3698.0,3689.0,3691.0,3704.0,1232.0,1261.0,1211.0,1227.0,1232.0,1230.0,1229.0,1258.0,1211.0,2468.0,2454.0,2448.0,1232.0,1261.0,1211.0,1227.0,1232.0,1230.0
0.0,7363.0,3779.0,3691.0,3704.0,3785.0,1265.0,1281.0,1239.0,1228.0,1233.0,1230.0,1262.0,1278.0,1239.0,2449.0,2435.0,2479.0,1265.0,1281.0,1239.0,1228.0,1233.0,1230.0
0.0,7288.0,3765.0,3692.0,3785.0,3768.0,1264.0,1253.0,1251.0,1228.0,1234.0,1230.0,1264.0,1250.0,1251.0,2419.0,2418.0,2451.0,1264.0,1253.0,1251.0,1228.0,1234.0,1230.0
0.0,7308.0,3818.0,3692.0,3768.0,3818.0,1287.0,1270.0,1261.0,1228.0,1234.0,1230.0,1287.0,1270.0,1261.0,2420.0,2449.0,2439.0,1287.0,1270.0,1261.0,1228.0,1234.0,1230.0
0.0,7258.0,3736.0,3692.0,3818.0,3736.0,1244.0,1239.0,1253.0,1228.0,1234.0,1230.0,1244.0,1239.0,1253.0,2397.0,2432.0,2429.0,1244.0,1239.0,1253.0,1228.0,1234.0,1230.0
0.0,7340.0,3787.0,3695.0,3736.0,3796.0,1253.0,1269.0,1274.0,1229.0,1235.0,1231.0,1250.0,1266.0,1271.0,2440.0,2463.0,2437.0,1253.0,1269.0,1274.0,1229.0,1235.0,1231.0
0.0,7289.0,3658.0,3695.0,3796.0,3658.0,1241.0,1184.0,1233.0,1230.0,1234.0,1231.0,1238.0,1187.0,1233.0,2434.0,2436.0,2419.0,1241.0,1184.0,1233.0,1230.0,1234.0,1231.0
0.0,7427.0,3714.0,3698.0,3658.0,3723.0,1227.0,1250.0,1246.0,1230.0,1235.0,1233.0,1227.0,1247.0,1240.0,2449.0,2518.0,2460.0,1227.0,1250.0,1246.0,1230.0,1235.0,1233.0
0.0,7371.0,3764.0,3700.0,3723.0,3770.0,1266.0,1243.0,1261.0,1231.0,1235.0,1234.0,1263.0,1243.0,1258.0,2463.0,2455.0,2453.0,1266.0,1243.0,1261.0,1231.0,1235.0,1234.0
0.0,7330.0,3654.0,3698.0,3770.0,3648.0,1226.0,1203.0,1219.0,1231.0,1234.0,1233.0,1226.0,1206.0,1222.0,2427.0,2462.0,2441.0,1226.0,1203.0,1219.0,1231.0,1234.0,1233.0
0.0,7446.0,3784.0,3700.0,3648.0,3790.0,1274.0,1290.0,1226.0,1232.0,1235.0,1233.0,1271.0,1287.0,1226.0,2467.0,2499.0,2480.0,1274.0,1290.0,1226.0,1232.0,1235.0,1233.0
0.0,7310.0,3637.0,3703.0,3790.0,3646.0,1212.0,1226.0,1208.0,1233.0,1236.0,1234.0,1209.0,1223.0,1205.0,2422.0,2415.0,2473.0,1212.0,1226.0,1208.0,1233.0,1236.0,1234.0
0.0,7463.0,3667.0,3702.0,3646.0,3664.0,1234.0,1219.0,1211.0,1233.0,1236.0,1233.0,1234.0,1219.0,1214.0,2487.0,2482.0,2494.0,1234.0,1219.0,1211.0,1233.0,1236.0,1233.0
0.0,7442.0,3653.0,3705.0,3664.0,3662.0,1249.0,1226.0,1187.0,1235.0,1237.0,1233.0,1243.0,1223.0,1187.0,2465.0,2489.0,2488.0,1249.0,1226.0,1187.0,1235.0,1237.0,1233.0
0.0,7453.0,3689.0,3704.0,3662.0,3686.0,1242.0,1231.0,1213.0,1235.0,1237.0,1232.0,1242.0,1231.0,1216.0,2456.0,2485.0,2512.0,1242.0,1231.0,1213.0,1235.0,1237.0,1232.0
0.0,7426.0,3865.0,3708.0,3686.0,3877.0,1308.0,1259.0,1310.0,1236.0,1238.0,1234.0,1305.0,1256.0,1304.0,2463.0,2480.0,2483.0,1308.0,1259.0,1310.0,1236.0,1238.0,1234.0
0.0,7247.0,3837.0,3709.0,3877.0,3840.0,1259.0,1274.0,1307.0,1236.0,1238.0,1235.0,1259.0,1274.0,1304.0,2400.0,2455.0,2392.0,1259.0,1274.0,1307.0,1236.0,1238.0,1235.0
0.0,7287.0,3850.0,3711.0,3840.0,3856.0,1276.0,1286.0,1294.0,1236.0,1239.0,1236.0,1276.0,1283.0,1291.0,2449.0,2440.0,2398.0,1276.0,1286.0,1294.0,1236.0,1239.0,1236.0
0.0,7277.0,3818.0,3715.0,3856.0,3830.0,1274.0,1277.0,1279.0,1238.0,1240.0,1237.0,1268.0,1274.0,1276.0,2432.0,2431.0,2414.0,1274.0,1277.0,1279.0,1238.0,1240.0,1237.0
0.0,7315.0,3796.0,3715.0,3830.0,3796.0,1243.0,1276.0,1277.0,1238.0,1240.0,1237.0,1243.0,1276.0,1277.0,2440.0,2443.0,2432.0,1243.0,1276.0,1277.0,1238.0,1240.0,1237.0
0.0,7349.0,3872.0,3721.0,3796.0,3890.0,1293.0,1312.0,1285.0,1240.0,1242.0,1239.0,1287.0,1306.0,1279.0,2471.0,2444.0,2434.0,1293.0,1312.0,1285.0,1240.0,1242.0,1239.0
0.0,7273.0,3708.0,3724.0,3890.0,3717.0,1235.0,1242.0,1240.0,1241.0,1243.0,1240.0,1232.0,1239.0,1237.0,2427.0,2414.0,2432.0,1235.0,1242.0,1240.0,1241.0,1243.0,1240.0
0.0,7455.0,3666.0,3722.0,3717.0,3660.0,1218.0,1209.0,1233.0,1240.0,1243.0,1239.0,1221.0,1209.0,1236.0,2488.0,2487.0,2480.0,1218.0,1209.0,1233.0,1240.0,1243.0,1239.0
0.0,7506.0,3618.0,3720.0,3660.0,3612.0,1200.0,1208.0,1204.0,1239.0,1242.0,1239.0,1203.0,1211.0,1204.0,2502.0,2520.0,2484.0,1200.0,1208.0,1204.0,1239.0,1242.0,1239.0
0.0,7548.0,3662.0,3720.0,3612.0,3662.0,1227.0,1232.0,1203.0,1240.0,1242.0,1238.0,1224.0,1232.0,1206.0,2517.0,2518.0,2513.0,1227.0,1232.0,1203.0,1240.0,1242.0,1238.0
0.0,7498.0,3693.0,3722.0,3662.0,3699.0,1240.0,1225.0,1234.0,1241.0,1242.0,1239.0,1237.0,1225.0,1231.0,2493.0,2494.0,2511.0,1240.0,1225.0,1234.0,1241.0,1242.0,1239.0
0.0,7467.0,3773.0,3724.0,3699.0,3779.0,1249.0,1291.0,1239.0,1242.0,1243.0,1239.0,1246.0,1288.0,1239.0,2483.0,2501.0,2483.0,1249.0,1291.0,1239.0,1242.0,1243.0,1239.0
0.0,7393.0,3616.0,3723.0,3779.0,3613.0,1194.0,1222.0,1197.0,1241.0,1243.0,1239.0,1197.0,1222.0,1197.0,2477.0,2438.0,2478.0,1194.0,1222.0,1197.0,1241.0,1243.0,1239.0
0.0,7556.0,3825.0,3726.0,3613.0,3834.0,1270.0,1294.0,1270.0,1242.0,1244.0,1240.0,1267.0,1291.0,1267.0,2529.0,2507.0,2520.0,1270.0,1294.0,1270.0,1242.0,1244.0,1240.0
0.0,7344.0,3785.0,3729.0,3834.0,3794.0,1293.0,1236.0,1265.0,1243.0,1244.0,1242.0,1290.0,1236.0,1259.0,2456.0,2438.0,2450.0,1293.0,1236.0,1265.0,1243.0,1244.0,1242.0
0.0,7393.0,3788.0,3730.0,3794.0,3791.0,1247.0,1260.0,1284.0,1243.0,1245.0,1242.0,1247.0,1257.0,1284.0,2436.0,2496.0,2461.0,1247.0,1260.0,1284.0,1243.0,1245.0,1242.0
0.0,7399.0,3852.0,3735.0,3791.0,3867.0,1262.0,1288.0,1317.0,1244.0,1247.0,1244.0,1259.0,1282.0,1311.0,2482.0,2475.0,2442.0,1262.0,1288.0,1317.0,1244.0,1247.0,1244.0
0.0,7338.0,3755.0,3735.0,3867.0,3755.0,1238.0,1263.0,1254.0,1244.0,1247.0,1244.0,1238.0,1263.0,1254.0,2470.0,2453.0,2415.0,1238.0,1263.0,1254.0,1244.0,1247.0,1244.0
0.0,7450.0,3656.0,3733.0,3755.0,3650.0,1209.0,1208.0,1233.0,1243.0,1246.0,1244.0,1212.0,1211.0,1233.0,2494.0,2478.0,2478.0,1209.0,1208.0,1233.0,1243.0,1246.0,1244.0
0.0,7549.0,3881.0,3738.0,3650.0,3896.0,1321.0,1283.0,1292.0,1245.0,1248.0,1245.0,1315.0,1277.0,1289.0,2520.0,2530.0,2499.0,1321.0,1283.0,1292.0,1245.0,1248.0,1245.0
0.0,7318.0,3774.0,3739.0,3896.0,3777.0,1275.0,1260.0,1242.0,1246.0,1248.0,1245.0,1272.0,1260.0,1242.0,2414.0,2461.0,2443.0,1275.0,1260.0,1242.0,1246.0,1248.0,1245.0
0.0,7440.0,3687.0,3739.0,3777.0,3687.0,1221.0,1239.0,1227.0,1246.0,1248.0,1245.0,1221.0,1239.0,1227.0,2463.0,2484.0,2493.0,1221.0,1239.0,1227.0,1246.0,1248.0,1245.0
0.0,7530.0,3818.0,3741.0,3687.0,3824.0,1260.0,1298.0,1266.0,1247.0,1249.0,1245.0,1257.0,1295.0,1266.0,2517.0,2505.0,2508.0,1260.0,1298.0,1266.0,1247.0,1249.0,1245.0
0.0,7399.0,3697.0,3741.0,3824.0,3697.0,1233.0,1235.0,1229.0,1247.0,1249.0,1245.0,1233.0,1235.0,1229.0,2481.0,2449.0,2469.0,1233.0,1235.0,1229.0,1247.0,1249.0,1245.0
0.0,7526.0,3852.0,3744.0,3697.0,3861.0,1265.0,1313.0,1283.0,1248.0,1250.0,1246.0,1262.0,1310.0,1280.0,2508.0,2512.0,2506.0,1265.0,1313.0,1283.0,1248.0,1250.0,1246.0
0.0,7371.0,3748.0,3747.0,3861.0,3757.0,1253.0,1226.0,1278.0,1248.0,1251.0,1248.0,1253.0,1223.0,1272.0,2479.0,2437.0,2455.0,1253.0,1226.0,1278.0,1248.0,1251.0,1248.0
0.0,7484.0,3793.0,3746.0,3757.0,3790.0,1269.0,1251.0,1270.0,1248.0,1250.0,1248.0,1269.0,1254.0,1270.0,2491.0,2527.0,2466.0,1269.0,1251.0,1270.0,1248.0,1250.0,1248.0
0.0,7448.0,3848.0,3747.0,3790.0,3851.0,1296.0,1267.0,1288.0,1248.0,1250.0,1249.0,1296.0,1267.0,1285.0,2475.0,2499.0,2474.0,1296.0,1267.0,1288.0,1248.0,1250.0,1249.0
0.0,7390.0,3792.0,3748.0,3851.0,3795.0,1261.0,1269.0,1265.0,1249.0,1250.0,1249.0,1258.0,1269.0,1265.0,2448.0,2483.0,2459.0,1261.0,1269.0,1265.0,1249.0,1250.0,1249.0
0.0,7449.0,3774.0,3749.0,3795.0,3777.0,1224.0,1291.0,1262.0,1249.0,1250.0,1250.0,1224.0,1291.0,1259.0,2486.0,2481.0,2482.0,1224.0,1291.0,1262.0,1249.0,1250.0,1250.0
0.0,7470.0,3876.0,3752.0,3777.0,3885.0,1260.0,1317.0,1308.0,1249.0,1252.0,1251.0,1260.0,1311.0,1305.0,2523.0,2459.0,2488.0,1260.0,1317.0,1308.0,1249.0,1252.0,1251.0
0.0,7371.0,3802.0,3754.0,3885.0,3808.0,1288.0,1281.0,1239.0,1250.0,1253.0,1251.0,1285.0,1278.0,1239.0,2487.0,2439.0,2445.0,1288.0,1281.0,1239.0,1250.0,1253.0,1251.0
0.0,7454.0,3811.0,3754.0,3808.0,3811.0,1268.0,1301.0,1242.0,1250.0,1254.0,1250.0,1268.0,1298.0,1245.0,2462.0,2478.0,2514.0,1268.0,1301.0,1242.0,1250.0,1254.0,1250.0
0.0,7451.0,3812.0,3757.0,3811.0,3821.0,1289.0,1271.0,1261.0,1251.0,1255.0,1251.0,1286.0,1268.0,1258.0,2482.0,2461.0,2508.0,1289.0,1271.0,1261.0,1251.0,1255.0,1251.0
0.0,7450.0,3656.0,3756.0,3821.0,3653.0,1237.0,1208.0,1208.0,1251.0,1255.0,1250.0,1237.0,1208.0,1211.0,2464.0,2494.0,2492.0,1237.0,1208.0,1208.0,1251.0,1255.0,1250.0
0.0,7615.0,3760.0,3756.0,3653.0,3760.0,1265.0,1252.0,1243.0,1251.0,1255.0,1250.0,1265.0,1252.0,1243.0,2516.0,2557.0,2542.0,1265.0,1252.0,1243.0,1251.0,1255.0,1250.0
0.0,7508.0,3814.0,3759.0,3760.0,3823.0,1298.0,1247.0,1278.0,1253.0,1255.0,1251.0,1292.0,1247.0,1275.0,2488.0,2513.0,2507.0,1298.0,1247.0,1278.0,1253.0,1255.0,1251.0
0.0,7454.0,3739.0,3760.0,3823.0,3742.0,1232.0,1249.0,1261.0,1253.0,1255.0,1252.0,1232.0,1249.0,1258.0,2461.0,2518.0,2475.0,1232.0,1249.0,1261.0,1253.0,1255.0,1252.0
0.0,7538.0,3879.0,3761.0,3742.0,3882.0,1271.0,1310.0,1301.0,1253.0,1255.0,1253.0,1271.0,1310.0,1298.0,2527.0,2516.0,2495.0,1271.0,1310.0,1301.0,1253.0,1255.0,1253.0
0.0,7401.0,3851.0,3763.0,3882.0,3857.0,1291.0,1281.0,1285.0,1254.0,1256.0,1253.0,1288.0,1278.0,1285.0,2488.0,2455.0,2458.0,1291.0,1281.0,1285.0,1254.0,1256.0,1253.0
0.0,7432.0,3793.0,3762.0,3857.0,3790.0,1263.0,1244.0,1283.0,1253.0,1255.0,1254.0,1266.0,1247.0,1280.0,2471.0,2487.0,2474.0,1263.0,1244.0,1283.0,1253.0,1255.0,1254.0
0.0,7496.0,3896.0,3765.0,3790.0,3905.0,1327.0,1286.0,1292.0,1255.0,1256.0,1254.0,1321.0,1283.0,1292.0,2496.0,2521.0,2479.0,1327.0,1286.0,1292.0,1255.0,1256.0,1254.0
0.0,7390.0,3849.0,3767.0,3905.0,3855.0,1295.0,1273.0,1287.0,1256.0,1256.0,1255.0,1292.0,1273.0,1284.0,2438.0,2482.0,2470.0,1295.0,1273.0,1287.0,1256.0,1256.0,1255.0
0.0,7446.0,3801.0,3770.0,3855.0,3810.0,1262.0,1271.0,1277.0,1256.0,1258.0,1256.0,1262.0,1265.0,1274.0,2473.0,2495.0,2478.0,1262.0,1271.0,1277.0,1256.0,1258.0,1256.0
0.0,7500.0,3789.0,3771.0,3810.0,3792.0,1277.0,1256.0,1259.0,1257.0,1258.0,1256.0,1274.0,1256.0,1259.0,2506.0,2503.0,2491.0,1277.0,1256.0,1259.0,1257.0,1258.0,1256.0
0.0,7521.0,3824.0,3771.0,3792.0,3824.0,1293.0,1271.0,1260.0,1257.0,1258.0,1256.0,1293.0,1271.0,1260.0,2494.0,2518.0,2509.0,1293.0,1271.0,1260.0,1257.0,1258.0,1256.0
0.0,7489.0,3775.0,3774.0,3824.0,3784.0,1298.0,1248.0,1238.0,1259.0,1259.0,1256.0,1292.0,1245.0,1238.0,2478.0,2503.0,2508.0,1298.0,1248.0,1238.0,1259.0,1259.0,1256.0
0.0,7538.0,3768.0,3774.0,3784.0,3768.0,1250.0,1253.0,1265.0,1258.0,1259.0,1257.0,1253.0,1253.0,1262.0,2479.0,2529.0,2530.0,1250.0,1253.0,1265.0,1258.0,1259.0,1257.0
0.0,7554.0,3686.0,3775.0,3768.0,3689.0,1210.0,1226.0,1253.0,1258.0,1259.0,1258.0,1210.0,1226.0,1250.0,2524.0,2524.0,2506.0,1210.0,1226.0,1253.0,1258.0,1259.0,1258.0
0.0,7636.0,3789.0,3776.0,3689.0,3792.0,1226.0,1265.0,1301.0,1258.0,1259.0,1259.0,1226.0,1265.0,1298.0,2564.0,2551.0,2521.0,1226.0,1265.0,1301.0,1258.0,1259.0,1259.0
0.0,7536.0,3727.0,3778.0,3792.0,3733.0,1242.0,1258.0,1233.0,1258.0,1260.0,1260.0,1242.0,1255.0,1230.0,2548.0,2512.0,2476.0,1242.0,1258.0,1233.0,1258.0,1260.0,1260.0
0.0,7601.0,3853.0,3782.0,3733.0,3865.0,1271.0,1279.0,1315.0,1259.0,1261.0,1262.0,1268.0,1276.0,1309.0,2532.0,2522.0,2547.0,1271.0,1279.0,1315.0,1259.0,1261.0,1262.0
0.0,7481.0,3824.0,3781.0,3865.0,3821.0,1252.0,1283.0,1286.0,1258.0,1261.0,1262.0,1255.0,1283.0,1286.0,2506.0,2504.0,2471.0,1252.0,1283.0,1286.0,1258.0,1261.0,1262.0
0.0,7522.0,3847.0,3780.0,3821.0,3844.0,1290.0,1268.0,1286.0,1258.0,1261.0,1261.0,1290.0,1268.0,1289.0,2522.0,2500.0,2500.0,1290.0,1268.0,1286.0,1258.0,1261.0,1261.0
0.0,7496.0,3855.0,3781.0,3844.0,3858.0,1268.0,1307.0,1283.0,1258.0,1262.0,1261.0,1268.0,1304.0,1283.0,2484.0,2515.0,2497.0,1268.0,1307.0,1283.0,1258.0,1262.0,1261.0
0.0,7485.0,3791.0,3780.0,3858.0,3788.0,1276.0,1247.0,1265.0,1258.0,1261.0,1261.0,1276.0,1250.0,1265.0,2506.0,2479.0,2500.0,1276.0,1247.0,1265.0,1258.0,1261.0,1261.0
0.0,7552.0,3819.0,3782.0,3788.0,3825.0,1264.0,1310.0,1251.0,1259.0,1262.0,1261.0,1261.0,1307.0,1251.0,2498.0,2536.0,2518.0,1264.0,1310.0,1251.0,1259.0,1262.0,1261.0
0.0,7521.0,3812.0,3779.0,3825.0,3803.0,1258.0,1279.0,1266.0,1258.0,1261.0,1260.0,1261.0,1282.0,1269.0,2513.0,2476.0,2532.0,1258.0,1279.0,1266.0,1258.0,1261.0,1260.0
0.0,7534.0,3870.0,3783.0,3803.0,3882.0,1296.0,1325.0,1261.0,1259.0,1263.0,1261.0,1293.0,1319.0,1258.0,2516.0,2504.0,2514.0,1296.0,1325.0,1261.0,1259.0,1263.0,1261.0
0.0,7467.0,3860.0,3787.0,3882.0,3872.0,1279.0,1296.0,1297.0,1260.0,1265.0,1262.0,1276.0,1290.0,1294.0,2481.0,2464.0,2522.0,1279.0,1296.0,1297.0,1260.0,1265.0,1262.0
0.0,7489.0,3801.0,3791.0,3872.0,3813.0,1269.0,1270.0,1274.0,1262.0,1266.0,1263.0,1263.0,1267.0,1271.0,2501.0,2499.0,2489.0,1269.0,1270.0,1274.0,1262.0,1266.0,1263.0
0.0,7560.0,3752.0,3792.0,3813.0,3755.0,1269.0,1234.0,1252.0,1262.0,1266.0,1264.0,1269.0,1234.0,1249.0,2517.0,2528.0,2515.0,1269.0,1234.0,1252.0,1262.0,1266.0,1264.0
0.0,7621.0,3846.0,3795.0,3755.0,3855.0,1300.0,1261.0,1294.0,1264.0,1266.0,1265.0,1294.0,1261.0,1291.0,2517.0,2564.0,2540.0,1300.0,1261.0,1294.0,1264.0,1266.0,1265.0
0.0,7530.0,3730.0,3794.0,3855.0,3727.0,1244.0,1239.0,1244.0,1264.0,1265.0,1265.0,1244.0,1242.0,1244.0,2492.0,2537.0,2501.0,1244.0,1239.0,1244.0,1264.0,1265.0,1265.0
0.0,7655.0,3836.0,3798.0,3727.0,3848.0,1290.0,1272.0,1286.0,1265.0,1266.0,1267.0,1287.0,1269.0,1280.0,2548.0,2556.0,2551.0,1290.0,1272.0,1286.0,1265.0,1266.0,1267.0
0.0,7546.0,3880.0,3799.0,3848.0,3883.0,1311.0,1292.0,1280.0,1266.0,1266.0,1267.0,1308.0,1292.0,1280.0,2505.0,2526.0,2515.0,1311.0,1292.0,1280.0,1266.0,1266.0,1267.0
0.0,7514.0,3994.0,3804.0,3883.0,4009.0,1339.0,1366.0,1304.0,1267.0,1269.0,1268.0,1336.0,1357.0,1301.0,2487.0,2506.0,2521.0,1339.0,1366.0,1304.0,1267.0,1269.0,1268.0
0.0,7403.0,3930.0,3806.0,4009.0,3936.0,1304.0,1330.0,1302.0,1268.0,1270.0,1268.0,1301.0,1327.0,1302.0,2462.0,2441.0,2500.0,1304.0,1330.0,1302.0,1268.0,1270.0,1268.0
0.0,7482.0,3886.0,3806.0,3936.0,3886.0,1279.0,1300.0,1307.0,1268.0,1270.0,1268.0,1279.0,1300.0,1307.0,2500.0,2480.0,2502.0,1279.0,1300.0,1307.0,1268.0,1270.0,1268.0
0.0,7532.0,3907.0,3809.0,3886.0,3916.0,1300.0,1306.0,1310.0,1269.0,1271.0,1269.0,1297.0,1303.0,1307.0,2525.0,2510.0,2497.0,1300.0,1306.0,1310.0,1269.0,1271.0,1269.0
0.0,7511.0,3809.0,3813.0,3916.0,3821.0,1291.0,1269.0,1261.0,1271.0,1272.0,1270.0,1285.0,1266.0,1258.0,2507.0,2507.0,2497.0,1291.0,1269.0,1261.0,1271.0,1272.0,1270.0
0.0,7618.0,3952.0,3814.0,3821.0,3955.0,1346.0,1308.0,1301.0,1271.0,1273.0,1270.0,1346.0,1305.0,1301.0,2522.0,2547.0,2549.0,1346.0,1308.0,1301.0,1271.0,1273.0,1270.0
0.0,7487.0,3752.0,3814.0,3955.0,3752.0,1279.0,1219.0,1254.0,1272.0,1272.0,1270.0,1276.0,1222.0,1254.0,2467.0,2511.0,2509.0,1279.0,1219.0,1254.0,1272.0,1272.0,1270.0
0.0,7690.0,3871.0,3817.0,3752.0,3880.0,1308.0,1259.0,1313.0,1273.0,1272.0,1272.0,1305.0,1259.0,1307.0,2537.0,2597.0,2556.0,1308.0,1259.0,1313.0,1273.0,1272.0,1272.0
0.0,7571.0,3813.0,3817.0,3880.0,3813.0,1246.0,1278.0,1289.0,1273.0,1272.0,1272.0,1246.0,1278.0,1289.0,2511.0,2557.0,2503.0,1246.0,1278.0,1289.0,1273.0,1272.0,1272.0
0.0,7638.0,3783.0,3819.0,3813.0,3789.0,1238.0,1273.0,1278.0,1273.0,1273.0,1273.0,1238.0,1270.0,1275.0,2573.0,2538.0,2527.0,1238.0,1273.0,1278.0,1273.0,1273.0,1273.0
0.0,7668.0,3846.0,3819.0,3789.0,3846.0,1268.0,1304.0,1274.0,1273.0,1273.0,1273.0,1268.0,1304.0,1274.0,2581.0,2546.0,2541.0,1268.0,1304.0,1274.0,1273.0,1273.0,1273.0
0.0,7611.0,3753.0,3818.0,3846.0,3750.0,1254.0,1249.0,1247.0,1273.0,1273.0,1272.0,1254.0,1249.0,1250.0,2551.0,2515.0,2545.0,1254.0,1249.0,1247.0,1273.0,1273.0,1272.0
0.0,7704.0,3950.0,3822.0,3750.0,3962.0,1353.0,1296.0,1313.0,1275.0,1274.0,1273.0,1347.0,1293.0,1310.0,2565.0,2570.0,2569.0,1353.0,1296.0,1313.0,1275.0,1274.0,1273.0
0.0,7504.0,3931.0,3823.0,3962.0,3934.0,1319.0,1326.0,1289.0,1275.0,1275.0,1273.0,1319.0,1323.0,1289.0,2472.0,2526.0,2506.0,1319.0,1326.0,1289.0,1275.0,1275.0,1273.0
0.0,7535.0,3877.0,3825.0,3934.0,3883.0,1300.0,1295.0,1288.0,1276.0,1275.0,1274.0,1297.0,1295.0,1285.0,2506.0,2499.0,2530.0,1300.0,1295.0,1288.0,1276.0,1275.0,1274.0
0.0,7592.0,3894.0,3827.0,3883.0,3900.0,1327.0,1271.0,1302.0,1278.0,1275.0,1274.0,1321.0,1271.0,1302.0,2528.0,2530.0,2534.0,1327.0,1271.0,1302.0,1278.0,1275.0,1274.0
0.0,7581.0,3850.0,3827.0,3900.0,3850.0,1306.0,1275.0,1269.0,1279.0,1274.0,1274.0,1303.0,1278.0,1269.0,2507.0,2554.0,2520.0,1306.0,1275.0,1269.0,1279.0,1274.0,1274.0
0.0,7631.0,3821.0,3827.0,3850.0,3821.0,1250.0,1273.0,1298.0,1278.0,1274.0,1275.0,1253.0,1273.0,1295.0,2531.0,2547.0,2553.0,1250.0,1273.0,1298.0,1278.0,1274.0,1275.0
0.0,7660.0,3881.0,3829.0,3821.0,3887.0,1279.0,1310.0,1298.0,1278.0,1275.0,1276.0,1279.0,1307.0,1295.0,2584.0,2549.0,2527.0,1279.0,1310.0,1298.0,1278.0,1275.0,1276.0
0.0,7600.0,3815.0,3829.0,3887.0,3815.0,1287.0,1278.0,1250.0,1278.0,1275.0,1276.0,1287.0,1278.0,1250.0,2555.0,2515.0,2530.0,1287.0,1278.0,1250.0,1278.0,1275.0,1276.0
0.0,7672.0,3841.0,3832.0,3815.0,3850.0,1266.0,1288.0,1296.0,1279.0,1276.0,1277.0,1263.0,1285.0,1293.0,2547.0,2547.0,2578.0,1266.0,1288.0,1296.0,1279.0,1276.0,1277.0
0.0,7646.0,3836.0,3833.0,3850.0,3839.0,1301.0,1262.0,1276.0,1279.0,1276.0,1278.0,1301.0,1262.0,1273.0,2571.0,2540.0,2535.0,1301.0,1262.0,1276.0,1279.0,1276.0,1278.0
0.0,7660.0,3907.0,3835.0,3839.0,3913.0,1283.0,1328.0,1302.0,1279.0,1278.0,1278.0,1283.0,1322.0,1302.0,2536.0,2566.0,2558.0,1283.0,1328.0,1302.0,1279.0,1278.0,1278.0
0.0,7592.0,3815.0,3837.0,3913.0,3821.0,1297.0,1246.0,1278.0,1280.0,1278.0,1279.0,1294.0,1246.0,1275.0,2554.0,2506.0,2532.0,1297.0,1246.0,1278.0,1280.0,1278.0,1279.0
0.0,7690.0,3818.0,3836.0,3821.0,3815.0,1294.0,1258.0,1263.0,1281.0,1277.0,1278.0,1291.0,1261.0,1266.0,2543.0,2588.0,2559.0,1294.0,1258.0,1263.0,1281.0,1277.0,1278.0
0.0,7693.0,3967.0,3838.0,3815.0,3973.0,1360.0,1296.0,1317.0,1282.0,1277.0,1279.0,1357.0,1296.0,1314.0,2549.0,2573.0,2571.0,1360.0,1296.0,1317.0,1282.0,1277.0,1279.0
0.0,7541.0,3849.0,3839.0,3973.0,3852.0,1301.0,1252.0,1299.0,1283.0,1277.0,1279.0,1298.0,1252.0,1299.0,2486.0,2535.0,2520.0,1301.0,1252.0,1299.0,1283.0,1277.0,1279.0
0.0,7665.0,3944.0,3840.0,3852.0,3947.0,1296.0,1315.0,1336.0,1282.0,1278.0,1280.0,1299.0,1312.0,1333.0,2548.0,2579.0,2538.0,1296.0,1315.0,1336.0,1282.0,1278.0,1280.0
0.0,7573.0,3961.0,3843.0,3947.0,3970.0,1313.0,1328.0,1329.0,1283.0,1279.0,1281.0,1310.0,1325.0,1326.0,2550.0,2519.0,2504.0,1313.0,1328.0,1329.0,1283.0,1279.0,1281.0
0.0,7559.0,3894.0,3844.0,3970.0,3897.0,1273.0,1308.0,1316.0,1283.0,1280.0,1281.0,1273.0,1305.0,1316.0,2536.0,2509.0,2514.0,1273.0,1308.0,1316.0,1283.0,1280.0,1281.0
0.0,7635.0,3932.0,3847.0,3897.0,3941.0,1281.0,1332.0,1328.0,1283.0,1281.0,1283.0,1281.0,1329.0,1322.0,2576.0,2532.0,2527.0,1281.0,1332.0,1328.0,1283.0,1281.0,1283.0
0.0,7600.0,3833.0,3847.0,3941.0,3833.0,1275.0,1253.0,1305.0,1283.0,1281.0,1283.0,1275.0,1253.0,1305.0,2568.0,2511.0,2521.0,1275.0,1253.0,1305.0,1283.0,1281.0,1283.0
0.0,7708.0,3943.0,3850.0,3833.0,3952.0,1313.0,1294.0,1345.0,1283.0,1282.0,1285.0,1313.0,1291.0,1339.0,2574.0,2590.0,2544.0,1313.0,1294.0,1345.0,1283.0,1282.0,1285.0
0.0,7598.0,3868.0,3852.0,3952.0,3874.0,1320.0,1255.0,1299.0,1284.0,1282.0,1286.0,1317.0,1255.0,1296.0,2536.0,2552.0,2510.0,1320.0,1255.0,1299.0,1284.0,1282.0,1286.0
0.0,7682.0,3751.0,3853.0,3874.0,3754.0,1242.0,1248.0,1264.0,1285.0,1282.0,1286.0,1239.0,1248.0,1264.0,2532.0,2591.0,2559.0,1242.0,1248.0,1264.0,1285.0,1282.0,1286.0
0.0,7805.0,3787.0,3853.0,3754.0,3787.0,1256.0,1262.0,1269.0,1285.0,1282.0,1286.0,1256.0,1262.0,1269.0,2613.0,2598.0,2594.0,1256.0,1262.0,1269.0,1285.0,1282.0,1286.0
0.0,7772.0,3828.0,3854.0,3787.0,3831.0,1292.0,1284.0,1255.0,1286.0,1282.0,1286.0,1289.0,1284.0,1255.0,2599.0,2584.0,2589.0,1292.0,1284.0,1255.0,1286.0,1282.0,1286.0
0.0,7731.0,3872.0,3856.0,3831.0,3878.0,1286.0,1307.0,1285.0,1287.0,1283.0,1286.0,1283.0,1304.0,1285.0,2566.0,2562.0,2603.0,1286.0,1307.0,1285.0,1287.0,1283.0,1286.0
0.0,7690.0,3868.0,3856.0,3878.0,3868.0,1297.0,1312.0,1259.0,1287.0,1284.0,1285.0,1297.0,1309.0,1262.0,2575.0,2542.0,2573.0,1297.0,1312.0,1259.0,1287.0,1284.0,1285.0
0.0,7700.0,3871.0,3857.0,3868.0,3874.0,1307.0,1252.0,1315.0,1288.0,1283.0,1286.0,1304.0,1255.0,1312.0,2564.0,2540.0,2596.0,1307.0,1252.0,1315.0,1288.0,1283.0,1286.0
0.0,7697.0,3825.0,3856.0,3874.0,3822.0,1284.0,1285.0,1253.0,1288.0,1283.0,1285.0,1284.0,1285.0,1256.0,2557.0,2597.0,2543.0,1284.0,1285.0,1253.0,1288.0,1283.0,1285.0
0.0,7746.0,3802.0,3856.0,3822.0,3802.0,1269.0,1266.0,1267.0,1288.0,1283.0,1285.0,1269.0,1266.0,1267.0,2580.0,2564.0,2602.0,1269.0,1266.0,1267.0,1288.0,1283.0,1285.0
0.0,7766.0,3907.0,3858.0,3802.0,3913.0,1313.0,1289.0,1311.0,1289.0,1283.0,1286.0,1310.0,1289.0,1308.0,2595.0,2583.0,2588.0,1313.0,1289.0,1311.0,1289.0,1283.0,1286.0
0.0,7661.0,3921.0,3861.0,3913.0,3930.0,1310.0,1282.0,1338.0,1290.0,1283.0,1288.0,1307.0,1282.0,1332.0,2554.0,2560.0,2547.0,1310.0,1282.0,1338.0,1290.0,1283.0,1288.0
0.0,7653.0,3919.0,3861.0,3930.0,3919.0,1305.0,1313.0,1301.0,1290.0,1283.0,1288.0,1305.0,1313.0,1301.0,2560.0,2567.0,2526.0,1305.0,1313.0,1301.0,1290.0,1283.0,1288.0
0.0,7664.0,3877.0,3862.0,3919.0,3880.0,1283.0,1283.0,1314.0,1290.0,1283.0,1289.0,1283.0,1283.0,1311.0,2565.0,2536.0,2563.0,1283.0,1283.0,1314.0,1290.0,1283.0,1289.0
0.0,7706.0,3985.0,3865.0,3880.0,3994.0,1317.0,1352.0,1325.0,1291.0,1284.0,1290.0,1314.0,1349.0,1322.0,2587.0,2566.0,2553.0,1317.0,1352.0,1325.0,1291.0,1284.0,1290.0
0.0,7601.0,3918.0,3868.0,3994.0,3927.0,1291.0,1337.0,1299.0,1291.0,1286.0,1291.0,1291.0,1331.0,1296.0,2556.0,2500.0,2545.0,1291.0,1337.0,1299.0,1291.0,1286.0,1291.0
0.0,7677.0,3720.0,3865.0,3927.0,3711.0,1215.0,1273.0,1223.0,1290.0,1286.0,1289.0,1218.0,1273.0,1229.0,2582.0,2521.0,2574.0,1215.0,1273.0,1223.0,1290.0,1286.0,1289.0
0.0,7884.0,3957.0,3870.0,3711.0,3972.0,1321.0,1321.0,1330.0,1291.0,1288.0,1291.0,1318.0,1315.0,1324.0,2655.0,2585.0,2644.0,1321.0,1321.0,1330.0,1291.0,1288.0,1291.0
0.0,7638.0,3914.0,3872.0,3972.0,3920.0,1315.0,1288.0,1317.0,1292.0,1288.0,1292.0,1312.0,1288.0,1314.0,2552.0,2543.0,2543.0,1315.0,1288.0,1317.0,1292.0,1288.0,1292.0
0.0,7696.0,3907.0,3872.0,3920.0,3907.0,1331.0,1272.0,1304.0,1292.0,1288.0,1292.0,1331.0,1272.0,1304.0,2561.0,2576.0,2559.0,1331.0,1272.0,1304.0,1292.0,1288.0,1292.0
0.0,7709.0,3904.0,3871.0,3907.0,3901.0,1300.0,1265.0,1336.0,1292.0,1286.0,1293.0,1300.0,1271.0,1333.0,2545.0,2592.0,2572.0,1300.0,1265.0,1336.0,1292.0,1286.0,1293.0
0.0,7712.0,4069.0,3874.0,3901.0,4078.0,1354.0,1365.0,1359.0,1293.0,1287.0,1294.0,1351.0,1362.0,1356.0,2576.0,2593.0,2543.0,1354.0,1365.0,1359.0,1293.0,1287.0,1294.0
0.0,7544.0,3933.0,3874.0,4078.0,3933.0,1303.0,1306.0,1324.0,1293.0,1287.0,1294.0,1303.0,1306.0,1324.0,2525.0,2496.0,2523.0,1303.0,1306.0,1324.0,1293.0,1287.0,1294.0
0.0,7689.0,3889.0,3874.0,3933.0,3889.0,1280.0,1310.0,1299.0,1293.0,1287.0,1294.0,1280.0,1310.0,1299.0,2576.0,2555.0,2558.0,1280.0,1310.0,1299.0,1293.0,1287.0,1294.0
0.0,7733.0,4024.0,3877.0,3889.0,4033.0,1321.0,1342.0,1370.0,1293.0,1288.0,1296.0,1321.0,1339.0,1364.0,2599.0,2551.0,2583.0,1321.0,1342.0,1370.0,1293.0,1288.0,1296.0
0.0,7598.0,3852.0,3876.0,4033.0,3849.0,1260.0,1290.0,1299.0,1292.0,1288.0,1296.0,1263.0,1290.0,1299.0,2558.0,2522.0,2518.0,1260.0,1290.0,1299.0,1292.0,1288.0,1296.0
0.0,7779.0,3799.0,3877.0,3849.0,3802.0,1289.0,1269.0,1244.0,1292.0,1289.0,1296.0,1289.0,1266.0,1244.0,2616.0,2574.0,2589.0,1289.0,1269.0,1244.0,1292.0,1289.0,1296.0
0.0,7829.0,3864.0,3876.0,3802.0,3861.0,1305.0,1280.0,1276.0,1292.0,1289.0,1295.0,1305.0,1280.0,1279.0,2587.0,2598.0,2644.0,1305.0,1280.0,1276.0,1292.0,1289.0,1295.0
0.0,7767.0,3947.0,3879.0,3861.0,3956.0,1316.0,1326.0,1314.0,1293.0,1290.0,1296.0,1313.0,1323.0,1311.0,2571.0,2587.0,2609.0,1316.0,1326.0,1314.0,1293.0,1290.0,1296.0
0.0,7681.0,3751.0,3878.0,3956.0,3748.0,1273.0,1230.0,1245.0,1294.0,1289.0,1295.0,1270.0,1233.0,1248.0,2563.0,2544.0,2574.0,1273.0,1230.0,1245.0,1294.0,1289.0,1295.0
0.0,7886.0,3778.0,3877.0,3748.0,3775.0,1276.0,1234.0,1265.0,1294.0,1288.0,1295.0,1276.0,1237.0,1265.0,2609.0,2637.0,2640.0,1276.0,1234.0,1265.0,1294.0,1288.0,1295.0
0.0,7856.0,3946.0,3881.0,3775.0,3958.0,1321.0,1323.0,1314.0,1295.0,1290.0,1296.0,1318.0,1317.0,1311.0,2606.0,2630.0,2620.0,1321.0,1323.0,1314.0,1295.0,1290.0,1296.0
0.0,7685.0,3872.0,3880.0,3958.0,3869.0,1303.0,1281.0,1285.0,1295.0,1289.0,1296.0,1303.0,1284.0,1285.0,2564.0,2547.0,2574.0,1303.0,1281.0,1285.0,1295.0,1289.0,1296.0
0.0,7771.0,4040.0,3882.0,3869.0,4046.0,1344.0,1344.0,1358.0,1295.0,1290.0,1297.0,1344.0,1341.0,1355.0,2582.0,2586.0,2603.0,1344.0,1344.0,1358.0,1295.0,1290.0,1297.0
0.0,7600.0,3968.0,3883.0,4046.0,3971.0,1304.0,1361.0,1306.0,1295.0,1291.0,1297.0,1304.0,1358.0,1306.0,2541.0,2526.0,2533.0,1304.0,1361.0,1306.0,1295.0,1291.0,1297.0
0.0,7678.0,4053.0,3887.0,3971.0,4065.0,1348.0,1365.0,1352.0,1296.0,1293.0,1298.0,1345.0,1359.0,1349.0,2581.0,2512.0,2585.0,1348.0,1365.0,1352.0,1296.0,1293.0,1298.0
0.0,7596.0,3897.0,3887.0,4065.0,3897.0,1290.0,1265.0,1342.0,1295.0,1292.0,1300.0,1293.0,1268.0,1336.0,2540.0,2514.0,2542.0,1290.0,1265.0,1342.0,1295.0,1292.0,1300.0
0.0,7764.0,3811.0,3888.0,3897.0,3814.0,1265.0,1284.0,1265.0,1296.0,1293.0,1299.0,1262.0,1281.0,1268.0,2595.0,2611.0,2558.0,1265.0,1284.0,1265.0,1296.0,1293.0,1299.0
0.0,7850.0,3887.0,3887.0,3814.0,3884.0,1309.0,1279.0,1296.0,1296.0,1292.0,1299.0,1309.0,1282.0,1296.0,2623.0,2595.0,2632.0,1309.0,1279.0,1296.0,1296.0,1292.0,1299.0
0.0,7777.0,3893.0,3889.0,3884.0,3899.0,1334.0,1265.0,1300.0,1297.0,1292.0,1300.0,1331.0,1265.0,1297.0,2579.0,2597.0,2601.0,1334.0,1265.0,1300.0,1297.0,1292.0,1300.0
0.0,7768.0,3916.0,3890.0,3899.0,3919.0,1323.0,1317.0,1279.0,1298.0,1292.0,1300.0,1320.0,1317.0,1279.0,2557.0,2611.0,2600.0,1323.0,1317.0,1279.0,1298.0,1292.0,1300.0
0.0,7751.0,3876.0,3892.0,3919.0,3882.0,1278.0,1328.0,1276.0,1298.0,1294.0,1300.0,1278.0,1322.0,1276.0,2571.0,2559.0,2621.0,1278.0,1328.0,1276.0,1298.0,1294.0,1300.0
0.0,7794.0,3893.0,3891.0,3882.0,3890.0,1290.0,1296.0,1304.0,1298.0,1293.0,1300.0,1290.0,1299.0,1304.0,2616.0,2554.0,2624.0,1290.0,1296.0,1304.0,1298.0,1293.0,1300.0
0.0,7783.0,3949.0,3894.0,3890.0,3958.0,1305.0,1328.0,1325.0,1298.0,1295.0,1301.0,1305.0,1322.0,1322.0,2604.0,2583.0,2596.0,1305.0,1328.0,1325.0,1298.0,1295.0,1301.0
0.0,7724.0,3995.0,3896.0,3958.0,4001.0,1316.0,1341.0,1344.0,1298.0,1296.0,1302.0,1316.0,1338.0,1341.0,2589.0,2557.0,2578.0,1316.0,1341.0,1344.0,1298.0,1296.0,1302.0
0.0,7687.0,3999.0,3897.0,4001.0,4002.0,1344.0,1314.0,1344.0,1298.0,1296.0,1303.0,1344.0,1314.0,1341.0,2578.0,2547.0,2562.0,1344.0,1314.0,1344.0,1298.0,1296.0,1303.0
0.0,7689.0,3949.0,3899.0,4002.0,3955.0,1327.0,1297.0,1331.0,1299.0,1297.0,1303.0,1324.0,1294.0,1331.0,2550.0,2574.0,2565.0,1327.0,1297.0,1331.0,1299.0,1297.0,1303.0
0.0,7742.0,4058.0,3902.0,3955.0,4067.0,1360.0,1329.0,1378.0,1300.0,1298.0,1304.0,1357.0,1326.0,1375.0,2570.0,2594.0,2578.0,1360.0,1329.0,1378.0,1300.0,1298.0,1304.0
0.0,7639.0,3994.0,3902.0,4067.0,3994.0,1337.0,1333.0,1324.0,1300.0,1298.0,1304.0,1337.0,1333.0,1324.0,2540.0,2565.0,2534.0,1337.0,1333.0,1324.0,1300.0,1298.0,1304.0
0.0,7712.0,3903.0,3902.0,3994.0,3903.0,1279.0,1312.0,1312.0,1300.0,1298.0,1304.0,1279.0,1312.0,1312.0,2563.0,2561.0,2588.0,1279.0,1312.0,1312.0,1300.0,1298.0,1304.0
0.0,7803.0,3949.0,3903.0,3903.0,3952.0,1298.0,1315.0,1339.0,1301.0,1298.0,1304.0,1295.0,1315.0,1339.0,2621.0,2582.0,2600.0,1298.0,1315.0,1339.0,1301.0,1298.0,1304.0
0.0,7757.0,3909.0,3905.0,3952.0,3915.0,1326.0,1309.0,1280.0,1302.0,1299.0,1304.0,1323.0,1306.0,1280.0,2605.0,2579.0,2573.0,1326.0,1309.0,1280.0,1302.0,1299.0,1304.0
0.0,7800.0,3837.0,3902.0,3915.0,3828.0,1295.0,1305.0,1228.0,1301.0,1299.0,1302.0,1298.0,1305.0,1234.0,2580.0,2588.0,2632.0,1295.0,1305.0,1228.0,1301.0,1299.0,1302.0
0.0,7878.0,3953.0,3904.0,3828.0,3959.0,1340.0,1314.0,1305.0,1302.0,1300.0,1302.0,1337.0,1311.0,1305.0,2608.0,2592.0,2678.0,1340.0,1314.0,1305.0,1302.0,1300.0,1302.0
0.0,7753.0,3835.0,3905.0,3959.0,3838.0,1272.0,1291.0,1275.0,1302.0,1301.0,1302.0,1272.0,1288.0,1275.0,2566.0,2586.0,2601.0,1272.0,1291.0,1275.0,1302.0,1301.0,1302.0
0.0,7877.0,3840.0,3907.0,3838.0,3846.0,1286.0,1266.0,1294.0,1303.0,1301.0,1303.0,1283.0,1266.0,1291.0,2634.0,2612.0,2631.0,1286.0,1266.0,1294.0,1303.0,1301.0,1303.0
0.0,7875.0,3821.0,3905.0,3846.0,3815.0,1257.0,1257.0,1301.0,1302.0,1300.0,1303.0,1260.0,1260.0,1301.0,2623.0,2637.0,2615.0,1257.0,1257.0,1301.0,1302.0,1300.0,1303.0
0.0,7900.0,3910.0,3906.0,3815.0,3913.0,1317.0,1257.0,1339.0,1303.0,1299.0,1304.0,1314.0,1260.0,1336.0,2649.0,2643.0,2608.0,1317.0,1257.0,1339.0,1303.0,1299.0,1304.0
0.0,7805.0,4052.0,3910.0,3913.0,4064.0,1356.0,1338.0,1370.0,1304.0,1300.0,1306.0,1353.0,1335.0,1364.0,2592.0,2640.0,2573.0,1356.0,1338.0,1370.0,1304.0,1300.0,1306.0
0.0,7666.0,4039.0,3914.0,4064.0,4051.0,1352.0,1356.0,1343.0,1305.0,1302.0,1307.0,1349.0,1350.0,1340.0,2556.0,2562.0,2548.0,1352.0,1356.0,1343.0,1305.0,1302.0,1307.0
0.0,7691.0,4012.0,3917.0,4051.0,4021.0,1329.0,1351.0,1341.0,1306.0,1303.0,1308.0,1326.0,1348.0,1338.0,2563.0,2550.0,2578.0,1329.0,1351.0,1341.0,1306.0,1303.0,1308.0
0.0,7730.0,3992.0,3922.0,4021.0,4007.0,1322.0,1353.0,1332.0,1307.0,1305.0,1310.0,1319.0,1347.0,1326.0,2589.0,2558.0,2583.0,1322.0,1353.0,1332.0,1307.0,1305.0,1310.0
0.0,7759.0,3959.0,3922.0,4007.0,3959.0,1308.0,1326.0,1325.0,1307.0,1305.0,1310.0,1308.0,1326.0,1325.0,2599.0,2562.0,2598.0,1308.0,1326.0,1325.0,1307.0,1305.0,1310.0
0.0,7807.0,3889.0,3921.0,3959.0,3886.0,1300.0,1291.0,1295.0,1307.0,1305.0,1309.0,1300.0,1291.0,1298.0,2613.0,2589.0,2605.0,1300.0,1291.0,1295.0,1307.0,1305.0,1309.0
0.0,7877.0,4041.0,3924.0,3886.0,4050.0,1378.0,1330.0,1342.0,1308.0,1306.0,1310.0,1375.0,1327.0,1339.0,2621.0,2624.0,2632.0,1378.0,1330.0,1342.0,1308.0,1306.0,1310.0
0.0,7722.0,3826.0,3923.0,4050.0,3823.0,1290.0,1279.0,1254.0,1308.0,1306.0,1309.0,1290.0,1279.0,1257.0,2546.0,2588.0,2588.0,1290.0,1279.0,1254.0,1308.0,1306.0,1309.0
0.0,7946.0,3856.0,3920.0,3823.0,3847.0,1298.0,1265.0,1284.0,1308.0,1304.0,1308.0,1298.0,1271.0,1287.0,2634.0,2639.0,2673.0,1298.0,1265.0,1284.0,1308.0,1304.0,1308.0
0.0,7913.0,3838.0,3918.0,3847.0,3832.0,1254.0,1293.0,1285.0,1307.0,1303.0,1308.0,1257.0,1296.0,1285.0,2626.0,2647.0,2640.0,1254.0,1293.0,1285.0,1307.0,1303.0,1308.0
0.0,7922.0,4001.0,3924.0,3832.0,4019.0,1307.0,1353.0,1359.0,1309.0,1305.0,1310.0,1301.0,1347.0,1353.0,2667.0,2616.0,2639.0,1307.0,1353.0,1359.0,1309.0,1305.0,1310.0
0.0,7753.0,3978.0,3924.0,4019.0,3978.0,1312.0,1347.0,1319.0,1309.0,1305.0,1310.0,1312.0,1347.0,1319.0,2620.0,2562.0,2571.0,1312.0,1347.0,1319.0,1309.0,1305.0,1310.0
0.0,7794.0,3986.0,3925.0,3978.0,3989.0,1302.0,1345.0,1342.0,1308.0,1306.0,1311.0,1305.0,1342.0,1339.0,2615.0,2568.0,2611.0,1302.0,1345.0,1342.0,1308.0,1306.0,1311.0
0.0,7786.0,4030.0,3928.0,3989.0,4039.0,1364.0,1339.0,1336.0,1309.0,1308.0,1311.0,1361.0,1333.0,1336.0,2622.0,2573.0,2591.0,1364.0,1339.0,1336.0,1309.0,1308.0,1311.0
0.0,7745.0,4145.0,3933.0,4039.0,4160.0,1392.0,1398.0,1370.0,1311.0,1310.0,1312.0,1386.0,1392.0,1367.0,2563.0,2585.0,2597.0,1392.0,1398.0,1370.0,1311.0,1310.0,1312.0
0.0,7639.0,4066.0,3932.0,4160.0,4063.0,1342.0,1377.0,1344.0,1310.0,1310.0,1312.0,1345.0,1377.0,1344.0,2541.0,2532.0,2566.0,1342.0,1377.0,1344.0,1310.0,1310.0,1312.0
0.0,7733.0,4070.0,3935.0,4063.0,4079.0,1373.0,1361.0,1345.0,1312.0,1311.0,1312.0,1367.0,1358.0,1345.0,2588.0,2553.0,2592.0,1373.0,1361.0,1345.0,1312.0,1311.0,1312.0
0.0,7726.0,3981.0,3937.0,4079.0,3987.0,1331.0,1309.0,1347.0,1313.0,1311.0,1313.0,1328.0,1309.0,1344.0,2563.0,2572.0,2591.0,1331.0,1309.0,1347.0,1313.0,1311.0,1313.0
0.0,7824.0,3964.0,3936.0,3987.0,3961.0,1330.0,1318.0,1313.0,1313.0,1311.0,1312.0,1330.0,1318.0,1316.0,2608.0,2624.0,2592.0,1330.0,1318.0,1313.0,1313.0,1311.0,1312.0
0.0,7847.0,3985.0,3938.0,3961.0,3991.0,1348.0,1321.0,1322.0,1314.0,1311.0,1313.0,1345.0,1321.0,1319.0,2609.0,2615.0,2623.0,1348.0,1321.0,1322.0,1314.0,1311.0,1313.0
0.0,7823.0,3906.0,3941.0,3991.0,3915.0,1315.0,1278.0,1322.0,1315.0,1312.0,1314.0,1312.0,1275.0,1319.0,2594.0,2612.0,2617.0,1315.0,1278.0,1322.0,1315.0,1312.0,1314.0
0.0,7908.0,3968.0,3942.0,3915.0,3971.0,1330.0,1308.0,1333.0,1315.0,1312.0,1315.0,1330.0,1308.0,1330.0,2630.0,2658.0,2620.0,1330.0,1308.0,1333.0,1315.0,1312.0,1315.0
0.0,7855.0,4015.0,3944.0,3971.0,4021.0,1306.0,1352.0,1363.0,1315.0,1313.0,1316.0,1306.0,1349.0,1360.0,2615.0,2628.0,2612.0,1306.0,1352.0,1363.0,1315.0,1313.0,1316.0
0.0,7811.0,4035.0,3949.0,4021.0,4050.0,1323.0,1356.0,1371.0,1316.0,1315.0,1318.0,1320.0,1350.0,1365.0,2639.0,2587.0,2585.0,1323.0,1356.0,1371.0,1316.0,1315.0,1318.0
0.0,7797.0,3908.0,3952.0,4050.0,3917.0,1307.0,1292.0,1318.0,1317.0,1316.0,1319.0,1304.0,1289.0,1315.0,2625.0,2589.0,2583.0,1307.0,1292.0,1318.0,1317.0,1316.0,1319.0
0.0,7939.0,4118.0,3955.0,3917.0,4127.0,1373.0,1337.0,1417.0,1318.0,1316.0,1321.0,1370.0,1337.0,1411.0,2644.0,2656.0,2639.0,1373.0,1337.0,1417.0,1318.0,1316.0,1321.0
0.0,7738.0,4013.0,3958.0,4127.0,4022.0,1356.0,1323.0,1343.0,1319.0,1317.0,1322.0,1353.0,1320.0,1340.0,2581.0,2611.0,2546.0,1356.0,1323.0,1343.0,1319.0,1317.0,1322.0
0.0,7852.0,4034.0,3958.0,4022.0,4034.0,1370.0,1331.0,1333.0,1319.0,1317.0,1322.0,1370.0,1331.0,1333.0,2601.0,2628.0,2623.0,1370.0,1331.0,1333.0,1319.0,1317.0,1322.0
0.0,7840.0,4113.0,3960.0,4034.0,4119.0,1366.0,1378.0,1375.0,1320.0,1317.0,1323.0,1363.0,1378.0,1372.0,2587.0,2620.0,2633.0,1366.0,1378.0,1375.0,1320.0,1317.0,1323.0
0.0,7761.0,4056.0,3960.0,4119.0,4056.0,1339.0,1374.0,1343.0,1320.0,1317.0,1323.0,1339.0,1374.0,1343.0,2594.0,2573.0,2594.0,1339.0,1374.0,1343.0,1320.0,1317.0,1323.0
0.0,7824.0,3988.0,3963.0,4056.0,3997.0,1314.0,1352.0,1331.0,1321.0,1319.0,1323.0,1311.0,1346.0,1331.0,2621.0,2577.0,2626.0,1314.0,1352.0,1331.0,1321.0,1319.0,1323.0
0.0,7892.0,4009.0,3967.0,3997.0,4021.0,1331.0,1369.0,1321.0,1322.0,1321.0,1324.0,1328.0,1363.0,1318.0,2649.0,2605.0,2638.0,1331.0,1369.0,1321.0,1322.0,1321.0,1324.0
0.0,7880.0,4014.0,3969.0,4021.0,4020.0,1369.0,1293.0,1358.0,1323.0,1321.0,1325.0,1366.0,1293.0,1355.0,2635.0,2594.0,2651.0,1369.0,1293.0,1358.0,1323.0,1321.0,1325.0
0.0,7887.0,3924.0,3969.0,4020.0,3924.0,1304.0,1309.0,1311.0,1322.0,1322.0,1325.0,1307.0,1306.0,1311.0,2600.0,2670.0,2617.0,1304.0,1309.0,1311.0,1322.0,1322.0,1325.0
0.0,7983.0,4020.0,3971.0,3924.0,4026.0,1317.0,1343.0,1366.0,1322.0,1322.0,1327.0,1317.0,1343.0,1360.0,2662.0,2657.0,2664.0,1317.0,1343.0,1366.0,1322.0,1322.0,1327.0
0.0,7887.0,3909.0,3971.0,4026.0,3909.0,1319.0,1288.0,1302.0,1323.0,1321.0,1327.0,1316.0,1291.0,1302.0,2649.0,2623.0,2615.0,1319.0,1288.0,1302.0,1323.0,1321.0,1327.0
0.0,8004.0,3913.0,3971.0,3909.0,3913.0,1302.0,1295.0,1316.0,1323.0,1321.0,1327.0,1302.0,1295.0,1316.0,2650.0,2675.0,2679.0,1302.0,1295.0,1316.0,1323.0,1321.0,1327.0
0.0,8000.0,3996.0,3973.0,3913.0,4002.0,1312.0,1336.0,1354.0,1323.0,1322.0,1328.0,1312.0,1333.0,1351.0,2667.0,2668.0,2665.0,1312.0,1336.0,1354.0,1323.0,1322.0,1328.0
0.0,7917.0,3986.0,3973.0,4002.0,3986.0,1332.0,1323.0,1331.0,1324.0,1321.0,1328.0,1329.0,1326.0,1331.0,2657.0,2630.0,2630.0,1332.0,1323.0,1331.0,1324.0,1321.0,1328.0
0.0,7933.0,4064.0,3974.0,3986.0,4067.0,1357.0,1362.0,1348.0,1324.0,1322.0,1328.0,1357.0,1359.0,1348.0,2640.0,2640.0,2653.0,1357.0,1362.0,1348.0,1324.0,1322.0,1328.0
0.0,7855.0,4104.0,3976.0,4067.0,4110.0,1401.0,1354.0,1355.0,1325.0,1323.0,1328.0,1398.0,1351.0,1355.0,2615.0,2604.0,2636.0,1401.0,1354.0,1355.0,1325.0,1323.0,1328.0
0.0,7818.0,4128.0,3978.0,4110.0,4134.0,1395.0,1384.0,1355.0,1326.0,1324.0,1328.0,1392.0,1381.0,1355.0,2574.0,2615.0,2629.0,1395.0,1384.0,1355.0,1326.0,1324.0,1328.0
0.0,7800.0,4078.0,3981.0,4134.0,4087.0,1370.0,1354.0,1363.0,1327.0,1325.0,1329.0,1367.0,1351.0,1360.0,2583.0,2588.0,2629.0,1370.0,1354.0,1363.0,1327.0,1325.0,1329.0
0.0,7856.0,4102.0,3984.0,4087.0,4111.0,1359.0,1361.0,1391.0,1328.0,1326.0,1330.0,1356.0,1358.0,1388.0,2611.0,2621.0,2624.0,1359.0,1361.0,1391.0,1328.0,1326.0,1330.0
0.0,7841.0,4068.0,3986.0,4111.0,4074.0,1324.0,1356.0,1394.0,1329.0,1326.0,1331.0,1321.0,1356.0,1391.0,2625.0,2617.0,2599.0,1324.0,1356.0,1394.0,1329.0,1326.0,1331.0
0.0,7884.0,3955.0,3987.0,4074.0,3958.0,1301.0,1316.0,1341.0,1328.0,1327.0,1332.0,1304.0,1313.0,1338.0,2663.0,2622.0,2599.0,1301.0,1316.0,1341.0,1328.0,1327.0,1332.0
0.0,8003.0,3992.0,3990.0,3958.0,4001.0,1345.0,1313.0,1343.0,1329.0,1327.0,1334.0,1342.0,1313.0,1337.0,2683.0,2665.0,2655.0,1345.0,1313.0,1343.0,1329.0,1327.0,1334.0
0.0,7969.0,3928.0,3990.0,4001.0,3928.0,1281.0,1313.0,1334.0,1328.0,1327.0,1335.0,1284.0,1313.0,1331.0,2642.0,2668.0,2659.0,1281.0,1313.0,1334.0,1328.0,1327.0,1335.0
0.0,8042.0,4098.0,3994.0,3928.0,4110.0,1363.0,1383.0,1364.0,1330.0,1328.0,1336.0,1357.0,1380.0,1361.0,2703.0,2668.0,2671.0,1363.0,1383.0,1364.0,1330.0,1328.0,1336.0
0.0,7872.0,4005.0,3998.0,4110.0,4017.0,1312.0,1343.0,1362.0,1330.0,1330.0,1338.0,1312.0,1337.0,1356.0,2627.0,2601.0,2644.0,1312.0,1343.0,1362.0,1330.0,1330.0,1338.0
0.0,7977.0,4073.0,4003.0,4017.0,4088.0,1357.0,1368.0,1363.0,1332.0,1332.0,1339.0,1351.0,1362.0,1360.0,2678.0,2647.0,2652.0,1357.0,1368.0,1363.0,1332.0,1332.0,1339.0
0.0,7921.0,4036.0,4005.0,4088.0,4042.0,1345.0,1348.0,1349.0,1333.0,1333.0,1339.0,1342.0,1345.0,1349.0,2639.0,2628.0,2654.0,1345.0,1348.0,1349.0,1333.0,1333.0,1339.0
0.0,7973.0,3991.0,4004.0,4042.0,3988.0,1358.0,1312.0,1318.0,1333.0,1333.0,1338.0,1358.0,1312.0,1321.0,2654.0,2651.0,2668.0,1358.0,1312.0,1318.0,1333.0,1333.0,1338.0
0.0,8024.0,4101.0,4005.0,3988.0,4104.0,1386.0,1353.0,1365.0,1333.0,1333.0,1339.0,1386.0,1353.0,1362.0,2641.0,2687.0,2696.0,1386.0,1353.0,1365.0,1333.0,1333.0,1339.0
0.0,7911.0,4048.0,4006.0,4104.0,4051.0,1363.0,1343.0,1345.0,1334.0,1333.0,1339.0,1360.0,1343.0,1345.0,2613.0,2646.0,2652.0,1363.0,1343.0,1345.0,1334.0,1333.0,1339.0
0.0,7967.0,4100.0,4008.0,4051.0,4106.0,1336.0,1378.0,1392.0,1334.0,1334.0,1340.0,1336.0,1375.0,1389.0,2639.0,2656.0,2672.0,1336.0,1378.0,1392.0,1334.0,1334.0,1340.0
0.0,7918.0,4154.0,4012.0,4106.0,4166.0,1384.0,1392.0,1390.0,1336.0,1335.0,1341.0,1378.0,1389.0,1387.0,2666.0,2624.0,2628.0,1384.0,1392.0,1390.0,1336.0,1335.0,1341.0
0.0,7870.0,4239.0,4019.0,4166.0,4260.0,1421.0,1405.0,1434.0,1338.0,1337.0,1344.0,1415.0,1399.0,1425.0,2624.0,2613.0,2633.0,1421.0,1405.0,1434.0,1338.0,1337.0,1344.0
0.0,7797.0,3911.0,4016.0,4260.0,3902.0,1271.0,1344.0,1287.0,1336.0,1337.0,1343.0,1277.0,1344.0,1290.0,2593.0,2606.0,2598.0,1271.0,1344.0,1287.0,1336.0,1337.0,1343.0
0.0,8146.0,3970.0,4019.0,3902.0,3979.0,1329.0,1317.0,1333.0,1337.0,1338.0,1344.0,1326.0,1314.0,1330.0,2737.0,2667.0,2742.0,1329.0,1317.0,1333.0,1337.0,1338.0,1344.0
0.0,8078.0,4058.0,4022.0,3979.0,4067.0,1379.0,1330.0,1358.0,1338.0,1339.0,1345.0,1376.0,1327.0,1355.0,2682.0,2697.0,2699.0,1379.0,1330.0,1358.0,1338.0,1339.0,1345.0
0.0,7999.0,3950.0,4024.0,4067.0,3956.0,1319.0,1306.0,1331.0,1339.0,1339.0,1346.0,1316.0,1306.0,1328.0,2635.0,2687.0,2677.0,1319.0,1306.0,1331.0,1339.0,1339.0,1346.0
0.0,8116.0,3911.0,4023.0,3956.0,3908.0,1298.0,1292.0,1318.0,1339.0,1338.0,1346.0,1298.0,1295.0,1318.0,2698.0,2711.0,2707.0,1298.0,1292.0,1318.0,1339.0,1338.0,1346.0
0.0,8161.0,3981.0,4024.0,3908.0,3984.0,1336.0,1329.0,1319.0,1340.0,1338.0,1346.0,1333.0,1329.0,1319.0,2719.0,2722.0,2720.0,1336.0,1329.0,1319.0,1340.0,1338.0,1346.0
0.0,8088.0,4044.0,4024.0,3984.0,4044.0,1360.0,1356.0,1328.0,1341.0,1338.0,1345.0,1357.0,1356.0,1331.0,2684.0,2685.0,2719.0,1360.0,1356.0,1328.0,1341.0,1338.0,1345.0
0.0,8028.0,4094.0,4026.0,4044.0,4100.0,1367.0,1386.0,1347.0,1341.0,1339.0,1346.0,1367.0,1383.0,1344.0,2663.0,2658.0,2707.0,1367.0,1386.0,1347.0,1341.0,1339.0,1346.0
0.0,7978.0,4142.0,4026.0,4100.0,4142.0,1378.0,1399.0,1365.0,1341.0,1339.0,1346.0,1378.0,1399.0,1365.0,2656.0,2631.0,2691.0,1378.0,1399.0,1365.0,1341.0,1339.0,1346.0
0.0,7936.0,4135.0,4027.0,4142.0,4138.0,1373.0,1402.0,1363.0,1341.0,1340.0,1346.0,1373.0,1399.0,1363.0,2645.0,2618.0,2673.0,1373.0,1402.0,1363.0,1341.0,1340.0,1346.0
0.0,7943.0,4075.0,4027.0,4138.0,4075.0,1349.0,1370.0,1356.0,1341.0,1340.0,1346.0,1349.0,1370.0,1356.0,2650.0,2618.0,2675.0,1349.0,1370.0,1356.0,1341.0,1340.0,1346.0
0.0,8006.0,4052.0,4028.0,4075.0,4055.0,1348.0,1355.0,1352.0,1341.0,1341.0,1346.0,1348.0,1352.0,1352.0,2674.0,2650.0,2682.0,1348.0,1355.0,1352.0,1341.0,1341.0,1346.0
0.0,8029.0,4187.0,4032.0,4055.0,4199.0,1397.0,1396.0,1406.0,1342.0,1342.0,1348.0,1394.0,1393.0,1400.0,2675.0,2668.0,2686.0,1397.0,1396.0,1406.0,1342.0,1342.0,1348.0
0.0,7897.0,4024.0,4033.0,4199.0,4027.0,1336.0,1328.0,1363.0,1342.0,1342.0,1349.0,1336.0,1328.0,1360.0,2629.0,2630.0,2638.0,1336.0,1328.0,1363.0,1342.0,1342.0,1349.0
0.0,8072.0,4137.0,4038.0,4027.0,4152.0,1403.0,1383.0,1366.0,1344.0,1344.0,1350.0,1397.0,1377.0,1363.0,2690.0,2698.0,2684.0,1403.0,1383.0,1366.0,1344.0,1344.0,1350.0
0.0,7962.0,4014.0,4038.0,4152.0,4014.0,1347.0,1345.0,1322.0,1344.0,1345.0,1349.0,1347.0,1342.0,1325.0,2629.0,2649.0,2684.0,1347.0,1345.0,1322.0,1344.0,1345.0,1349.0
0.0,8100.0,3876.0,4036.0,4014.0,3870.0,1295.0,1312.0,1263.0,1344.0,1344.0,1348.0,1295.0,1315.0,1266.0,2685.0,2690.0,2725.0,1295.0,1312.0,1263.0,1344.0,1344.0,1348.0
0.0,8238.0,4019.0,4036.0,3870.0,4019.0,1327.0,1382.0,1310.0,1344.0,1345.0,1347.0,1327.0,1379.0,1313.0,2737.0,2720.0,2781.0,1327.0,1382.0,1310.0,1344.0,1345.0,1347.0
0.0,8089.0,4041.0,4037.0,4019.0,4044.0,1320.0,1371.0,1353.0,1344.0,1346.0,1347.0,1320.0,1368.0,1353.0,2705.0,2653.0,2731.0,1320.0,1371.0,1353.0,1344.0,1346.0,1347.0
0.0,8067.0,4010.0,4036.0,4044.0,4007.0,1353.0,1339.0,1315.0,1344.0,1346.0,1346.0,1353.0,1339.0,1318.0,2712.0,2667.0,2688.0,1353.0,1339.0,1315.0,1344.0,1346.0,1346.0
0.0,8101.0,4083.0,4037.0,4007.0,4086.0,1366.0,1359.0,1361.0,1344.0,1347.0,1346.0,1366.0,1356.0,1361.0,2679.0,2699.0,2723.0,1366.0,1359.0,1361.0,1344.0,1347.0,1346.0
0.0,8025.0,4049.0,4037.0,4086.0,4049.0,1358.0,1339.0,1352.0,1344.0,1347.0,1346.0,1358.0,1339.0,1352.0,2666.0,2682.0,2677.0,1358.0,1339.0,1352.0,1344.0,1347.0,1346.0
0.0,8062.0,4108.0,4037.0,4049.0,4108.0,1379.0,1324.0,1405.0,1344.0,1346.0,1347.0,1379.0,1327.0,1402.0,2674.0,2702.0,2686.0,1379.0,1324.0,1405.0,1344.0,1346.0,1347.0
0.0,8003.0,4074.0,4038.0,4108.0,4077.0,1365.0,1335.0,1377.0,1345.0,1345.0,1348.0,1362.0,1338.0,1374.0,2653.0,2714.0,2636.0,1365.0,1335.0,1377.0,1345.0,1345.0,1348.0
0.0,8037.0,4062.0,4040.0,4077.0,4068.0,1345.0,1365.0,1358.0,1346.0,1346.0,1348.0,1342.0,1362.0,1358.0,2670.0,2700.0,2667.0,1345.0,1365.0,1358.0,1346.0,1346.0,1348.0
0.0,8052.0,4073.0,4041.0,4068.0,4076.0,1342.0,1367.0,1367.0,1346.0,1346.0,1349.0,1342.0,1367.0,1364.0,2693.0,2673.0,2686.0,1342.0,1367.0,1367.0,1346.0,1346.0,1349.0
0.0,8047.0,4089.0,4043.0,4076.0,4095.0,1360.0,1388.0,1347.0,1346.0,1348.0,1349.0,1360.0,1382.0,1347.0,2696.0,2671.0,2680.0,1360.0,1388.0,1347.0,1346.0,1348.0,1349.0
0.0,8034.0,4131.0,4046.0,4095.0,4140.0,1377.0,1391.0,1372.0,1347.0,1349.0,1350.0,1374.0,1388.0,1369.0,2678.0,2656.0,2700.0,1377.0,1391.0,1372.0,1347.0,1349.0,1350.0
0.0,7998.0,4101.0,4048.0,4140.0,4107.0,1360.0,1381.0,1366.0,1348.0,1350.0,1350.0,1357.0,1378.0,1366.0,2664.0,2656.0,2678.0,1360.0,1381.0,1366.0,1348.0,1350.0,1350.0
0.0,8037.0,3944.0,4049.0,4107.0,3947.0,1317.0,1297.0,1333.0,1348.0,1350.0,1351.0,1317.0,1297.0,1330.0,2684.0,2669.0,2684.0,1317.0,1297.0,1333.0,1348.0,1350.0,1351.0
0.0,8200.0,3872.0,4048.0,3947.0,3869.0,1290.0,1295.0,1284.0,1348.0,1350.0,1350.0,1290.0,1295.0,1287.0,2727.0,2753.0,2720.0,1290.0,1295.0,1284.0,1348.0,1350.0,1350.0
0.0,8275.0,4022.0,4048.0,3869.0,4022.0,1328.0,1359.0,1335.0,1348.0,1350.0,1350.0,1328.0,1359.0,1335.0,2754.0,2755.0,2766.0,1328.0,1359.0,1335.0,1348.0,1350.0,1350.0
0.0,8122.0,4147.0,4051.0,4022.0,4156.0,1397.0,1378.0,1381.0,1349.0,1351.0,1351.0,1394.0,1375.0,1378.0,2716.0,2691.0,2715.0,1397.0,1378.0,1381.0,1349.0,1351.0,1351.0
0.0,7997.0,4106.0,4051.0,4156.0,4106.0,1374.0,1365.0,1367.0,1349.0,1351.0,1351.0,1374.0,1365.0,1367.0,2650.0,2675.0,2672.0,1374.0,1365.0,1367.0,1349.0,1351.0,1351.0
0.0,8047.0,4258.0,4055.0,4106.0,4270.0,1418.0,1432.0,1420.0,1350.0,1353.0,1352.0,1415.0,1426.0,1417.0,2673.0,2688.0,2686.0,1418.0,1432.0,1420.0,1350.0,1353.0,1352.0
0.0,7895.0,4183.0,4056.0,4270.0,4186.0,1399.0,1395.0,1392.0,1350.0,1353.0,1353.0,1399.0,1395.0,1389.0,2632.0,2627.0,2636.0,1399.0,1395.0,1392.0,1350.0,1353.0,1353.0
0.0,7982.0,4120.0,4057.0,4186.0,4123.0,1375.0,1385.0,1363.0,1350.0,1354.0,1353.0,1375.0,1382.0,1363.0,2651.0,2664.0,2667.0,1375.0,1385.0,1363.0,1350.0,1354.0,1353.0
0.0,8048.0,4119.0,4057.0,4123.0,4119.0,1359.0,1389.0,1371.0,1350.0,1354.0,1353.0,1359.0,1389.0,1371.0,2675.0,2677.0,2696.0,1359.0,1389.0,1371.0,1350.0,1354.0,1353.0
0.0,8052.0,3848.0,4053.0,4119.0,3836.0,1293.0,1278.0,1265.0,1350.0,1353.0,1350.0,1293.0,1281.0,1274.0,2691.0,2673.0,2688.0,1293.0,1278.0,1265.0,1350.0,1353.0,1350.0
0.0,8323.0,4086.0,4056.0,3836.0,4095.0,1362.0,1365.0,1368.0,1351.0,1354.0,1351.0,1359.0,1362.0,1365.0,2757.0,2781.0,2785.0,1362.0,1365.0,1368.0,1351.0,1354.0,1351.0
0.0,8073.0,4025.0,4056.0,4095.0,4025.0,1354.0,1338.0,1333.0,1351.0,1354.0,1351.0,1354.0,1338.0,1333.0,2691.0,2697.0,2685.0,1354.0,1338.0,1333.0,1351.0,1354.0,1351.0
0.0,8143.0,4152.0,4061.0,4025.0,4167.0,1395.0,1385.0,1387.0,1353.0,1356.0,1352.0,1389.0,1379.0,1384.0,2699.0,2724.0,2720.0,1395.0,1385.0,1387.0,1353.0,1356.0,1352.0
0.0,8016.0,4002.0,4058.0,4167.0,3993.0,1324.0,1336.0,1333.0,1352.0,1355.0,1351.0,1327.0,1339.0,1336.0,2664.0,2683.0,2669.0,1324.0,1336.0,1333.0,1352.0,1355.0,1351.0
0.0,8181.0,4084.0,4059.0,3993.0,4087.0,1350.0,1370.0,1367.0,1353.0,1355.0,1351.0,1347.0,1370.0,1367.0,2732.0,2729.0,2720.0,1350.0,1370.0,1367.0,1353.0,1355.0,1351.0
0.0,8090.0,4089.0,4060.0,4087.0,4092.0,1356.0,1358.0,1378.0,1353.0,1355.0,1352.0,1356.0,1358.0,1375.0,2709.0,2695.0,2686.0,1356.0,1358.0,1378.0,1353.0,1355.0,1352.0
0.0,8088.0,4114.0,4062.0,4092.0,4120.0,1377.0,1385.0,1358.0,1354.0,1356.0,1352.0,1374.0,1382.0,1358.0,2703.0,2707.0,2678.0,1377.0,1385.0,1358.0,1354.0,1356.0,1352.0
0.0,8066.0,4170.0,4064.0,4120.0,4176.0,1385.0,1389.0,1402.0,1354.0,1357.0,1353.0,1385.0,1386.0,1399.0,2685.0,2683.0,2698.0,1385.0,1389.0,1402.0,1354.0,1357.0,1353.0
0.0,8016.0,4249.0,4068.0,4176.0,4261.0,1411.0,1399.0,1451.0,1355.0,1358.0,1355.0,1408.0,1396.0,1445.0,2677.0,2682.0,2657.0,1411.0,1399.0,1451.0,1355.0,1358.0,1355.0
0.0,7943.0,4115.0,4069.0,4261.0,4118.0,1379.0,1372.0,1367.0,1355.0,1359.0,1355.0,1379.0,1369.0,1367.0,2654.0,2675.0,2614.0,1379.0,1372.0,1367.0,1355.0,1359.0,1355.0
0.0,8089.0,4127.0,4070.0,4118.0,4130.0,1396.0,1330.0,1404.0,1356.0,1358.0,1356.0,1393.0,1333.0,1401.0,2686.0,2705.0,2698.0,1396.0,1330.0,1404.0,1356.0,1358.0,1356.0
0.0,8080.0,4127.0,4069.0,4130.0,4124.0,1358.0,1401.0,1365.0,1356.0,1358.0,1355.0,1358.0,1401.0,1368.0,2672.0,2744.0,2664.0,1358.0,1401.0,1365.0,1356.0,1358.0,1355.0
0.0,8083.0,4145.0,4067.0,4124.0,4139.0,1386.0,1378.0,1375.0,1355.0,1358.0,1354.0,1389.0,1378.0,1378.0,2710.0,2673.0,2700.0,1386.0,1378.0,1375.0,1355.0,1358.0,1354.0
0.0,8062.0,4177.0,4073.0,4139.0,4195.0,1413.0,1402.0,1380.0,1358.0,1359.0,1356.0,1404.0,1399.0,1374.0,2679.0,2696.0,2687.0,1413.0,1402.0,1380.0,1358.0,1359.0,1356.0
0.0,8024.0,3985.0,4073.0,4195.0,3985.0,1346.0,1352.0,1287.0,1358.0,1360.0,1355.0,1346.0,1349.0,1290.0,2661.0,2675.0,2688.0,1346.0,1352.0,1287.0,1358.0,1360.0,1355.0
0.0,8234.0,4163.0,4075.0,3985.0,4169.0,1411.0,1397.0,1361.0,1359.0,1361.0,1355.0,1408.0,1394.0,1361.0,2728.0,2728.0,2778.0,1411.0,1397.0,1361.0,1359.0,1361.0,1355.0
0.0,8056.0,4187.0,4079.0,4169.0,4199.0,1409.0,1384.0,1406.0,1360.0,1362.0,1357.0,1406.0,1381.0,1400.0,2666.0,2686.0,2704.0,1409.0,1384.0,1406.0,1360.0,1362.0,1357.0
0.0,8038.0,4080.0,4082.0,4199.0,4089.0,1347.0,1353.0,1389.0,1361.0,1363.0,1358.0,1344.0,1350.0,1386.0,2671.0,2702.0,2665.0,1347.0,1353.0,1389.0,1361.0,1363.0,1358.0
0.0,8157.0,4125.0,4085.0,4089.0,4134.0,1388.0,1367.0,1379.0,1362.0,1364.0,1359.0,1385.0,1364.0,1376.0,2736.0,2736.0,2685.0,1388.0,1367.0,1379.0,1362.0,1364.0,1359.0
0.0,8121.0,4154.0,4087.0,4134.0,4160.0,1359.0,1374.0,1427.0,1362.0,1364.0,1361.0,1359.0,1374.0,1421.0,2698.0,2725.0,2698.0,1359.0,1374.0,1427.0,1362.0,1364.0,1361.0
0.0,8101.0,4148.0,4089.0,4160.0,4154.0,1398.0,1351.0,1405.0,1363.0,1364.0,1362.0,1395.0,1351.0,1402.0,2727.0,2718.0,2656.0,1398.0,1351.0,1405.0,1363.0,1364.0,1362.0
0.0,8113.0,4202.0,4090.0,4154.0,4205.0,1432.0,1365.0,1408.0,1364.0,1363.0,1363.0,1429.0,1368.0,1405.0,2691.0,2741.0,2681.0,1432.0,1365.0,1408.0,1364.0,1363.0,1363.0
0.0,8065.0,4183.0,4090.0,4205.0,4183.0,1391.0,1405.0,1387.0,1364.0,1363.0,1363.0,1391.0,1405.0,1387.0,2660.0,2724.0,2681.0,1391.0,1405.0,1387.0,1364.0,1363.0,1363.0
0.0,8087.0,4180.0,4093.0,4183.0,4189.0,1396.0,1408.0,1385.0,1365.0,1364.0,1364.0,1393.0,1405.0,1382.0,2701.0,2684.0,2702.0,1396.0,1408.0,1385.0,1365.0,1364.0,1364.0
0.0,8090.0,4108.0,4094.0,4189.0,4111.0,1388.0,1377.0,1346.0,1366.0,1364.0,1364.0,1385.0,1377.0,1346.0,2699.0,2684.0,2707.0,1388.0,1377.0,1346.0,1366.0,1364.0,1364.0
0.0,8171.0,4061.0,4091.0,4111.0,4052.0,1339.0,1379.0,1334.0,1365.0,1364.0,1362.0,1342.0,1379.0,1340.0,2710.0,2715.0,2746.0,1339.0,1379.0,1334.0,1365.0,1364.0,1362.0
0.0,8221.0,4117.0,4093.0,4052.0,4123.0,1392.0,1380.0,1351.0,1366.0,1365.0,1362.0,1389.0,1377.0,1351.0,2756.0,2713.0,2752.0,1392.0,1380.0,1351.0,1366.0,1365.0,1362.0
0.0,8156.0,3990.0,4090.0,4123.0,3981.0,1352.0,1330.0,1299.0,1365.0,1364.0,1361.0,1355.0,1333.0,1302.0,2706.0,2715.0,2735.0,1352.0,1330.0,1299.0,1365.0,1364.0,1361.0
0.0,8289.0,4147.0,4092.0,3981.0,4153.0,1374.0,1386.0,1393.0,1365.0,1365.0,1362.0,1374.0,1383.0,1390.0,2743.0,2762.0,2784.0,1374.0,1386.0,1393.0,1365.0,1365.0,1362.0
0.0,8123.0,4131.0,4098.0,4153.0,4149.0,1387.0,1368.0,1394.0,1367.0,1366.0,1365.0,1381.0,1365.0,1385.0,2721.0,2709.0,2693.0,1387.0,1368.0,1394.0,1367.0,1366.0,1365.0
0.0,8145.0,4056.0,4098.0,4149.0,4056.0,1334.0,1347.0,1375.0,1367.0,1365.0,1366.0,1334.0,1350.0,1372.0,2714.0,2730.0,2701.0,1334.0,1347.0,1375.0,1367.0,1365.0,1366.0
0.0,8238.0,4090.0,4099.0,4056.0,4093.0,1376.0,1341.0,1376.0,1368.0,1365.0,1366.0,1373.0,1341.0,1376.0,2767.0,2748.0,2723.0,1376.0,1341.0,1376.0,1368.0,1365.0,1366.0
0.0,8204.0,4160.0,4103.0,4093.0,4172.0,1387.0,1380.0,1405.0,1369.0,1366.0,1368.0,1384.0,1377.0,1399.0,2728.0,2754.0,2722.0,1387.0,1380.0,1405.0,1369.0,1366.0,1368.0
0.0,8137.0,4166.0,4103.0,4172.0,4166.0,1394.0,1392.0,1380.0,1369.0,1366.0,1368.0,1394.0,1392.0,1380.0,2720.0,2718.0,2699.0,1394.0,1392.0,1380.0,1369.0,1366.0,1368.0
0.0,8143.0,4170.0,4106.0,4166.0,4179.0,1395.0,1382.0,1402.0,1370.0,1367.0,1369.0,1392.0,1379.0,1399.0,2713.0,2706.0,2724.0,1395.0,1382.0,1402.0,1370.0,1367.0,1369.0
0.0,8139.0,4197.0,4108.0,4179.0,4203.0,1412.0,1386.0,1405.0,1371.0,1368.0,1369.0,1409.0,1383.0,1405.0,2715.0,2719.0,2705.0,1412.0,1386.0,1405.0,1371.0,1368.0,1369.0
0.0,8121.0,4232.0,4112.0,4203.0,4244.0,1414.0,1414.0,1416.0,1372.0,1370.0,1370.0,1411.0,1408.0,1413.0,2701.0,2718.0,2702.0,1414.0,1414.0,1416.0,1372.0,1370.0,1370.0
0.0,8092.0,4088.0,4111.0,4244.0,4085.0,1366.0,1356.0,1363.0,1372.0,1369.0,1370.0,1366.0,1359.0,1363.0,2702.0,2696.0,2694.0,1366.0,1356.0,1363.0,1372.0,1369.0,1370.0
0.0,8248.0,4148.0,4113.0,4085.0,4154.0,1398.0,1375.0,1381.0,1373.0,1370.0,1370.0,1395.0,1372.0,1381.0,2750.0,2751.0,2747.0,1398.0,1375.0,1381.0,1373.0,1370.0,1370.0
0.0,8185.0,4084.0,4113.0,4154.0,4084.0,1367.0,1348.0,1369.0,1373.0,1369.0,1371.0,1367.0,1351.0,1366.0,2721.0,2735.0,2729.0,1367.0,1348.0,1369.0,1373.0,1369.0,1371.0
0.0,8255.0,4133.0,4113.0,4084.0,4133.0,1397.0,1347.0,1389.0,1374.0,1368.0,1371.0,1394.0,1350.0,1389.0,2752.0,2759.0,2744.0,1397.0,1347.0,1389.0,1374.0,1368.0,1371.0
0.0,8206.0,4111.0,4113.0,4133.0,4111.0,1345.0,1358.0,1408.0,1373.0,1368.0,1372.0,1348.0,1358.0,1405.0,2725.0,2757.0,2724.0,1345.0,1358.0,1408.0,1373.0,1368.0,1372.0
0.0,8228.0,4191.0,4117.0,4111.0,4203.0,1374.0,1425.0,1404.0,1374.0,1370.0,1373.0,1371.0,1419.0,1401.0,2774.0,2746.0,2708.0,1374.0,1425.0,1404.0,1374.0,1370.0,1373.0
0.0,8148.0,4162.0,4123.0,4203.0,4180.0,1367.0,1401.0,1412.0,1376.0,1372.0,1375.0,1361.0,1395.0,1406.0,2748.0,2685.0,2715.0,1367.0,1401.0,1412.0,1376.0,1372.0,1375.0
0.0,8189.0,4133.0,4126.0,4180.0,4142.0,1386.0,1359.0,1397.0,1377.0,1372.0,1377.0,1383.0,1359.0,1391.0,2761.0,2715.0,2713.0,1386.0,1359.0,1397.0,1377.0,1372.0,1377.0
0.0,8236.0,4198.0,4126.0,4142.0,4198.0,1404.0,1383.0,1411.0,1377.0,1372.0,1377.0,1404.0,1383.0,1411.0,2745.0,2757.0,2734.0,1404.0,1383.0,1411.0,1377.0,1372.0,1377.0
0.0,8180.0,4123.0,4126.0,4198.0,4123.0,1393.0,1360.0,1370.0,1377.0,1372.0,1377.0,1393.0,1360.0,1370.0,2727.0,2733.0,2720.0,1393.0,1360.0,1370.0,1377.0,1372.0,1377.0
0.0,8255.0,4181.0,4125.0,4123.0,4178.0,1406.0,1372.0,1400.0,1377.0,1371.0,1377.0,1406.0,1375.0,1400.0,2738.0,2756.0,2761.0,1406.0,1372.0,1400.0,1377.0,1371.0,1377.0
0.0,8197.0,4206.0,4125.0,4178.0,4206.0,1387.0,1404.0,1415.0,1377.0,1371.0,1377.0,1387.0,1404.0,1415.0,2725.0,2741.0,2731.0,1387.0,1404.0,1415.0,1377.0,1371.0,1377.0
0.0,8169.0,4240.0,4128.0,4206.0,4249.0,1425.0,1423.0,1401.0,1378.0,1372.0,1378.0,1422.0,1420.0,1398.0,2744.0,2709.0,2716.0,1425.0,1423.0,1401.0,1378.0,1372.0,1378.0
0.0,8135.0,4211.0,4130.0,4249.0,4217.0,1397.0,1426.0,1394.0,1379.0,1373.0,1378.0,1394.0,1423.0,1394.0,2709.0,2693.0,2733.0,1397.0,1426.0,1394.0,1379.0,1373.0,1378.0
0.0,8173.0,4235.0,4137.0,4217.0,4256.0,1393.0,1408.0,1455.0,1380.0,1375.0,1382.0,1390.0,1402.0,1443.0,2740.0,2693.0,2740.0,1393.0,1408.0,1455.0,1380.0,1375.0,1382.0
0.0,8155.0,4145.0,4138.0,4256.0,4148.0,1403.0,1379.0,1366.0,1381.0,1375.0,1382.0,1400.0,1379.0,1366.0,2747.0,2717.0,2691.0,1403.0,1379.0,1366.0,1381.0,1375.0,1382.0
0.0,8266.0,4146.0,4140.0,4148.0,4152.0,1403.0,1384.0,1365.0,1382.0,1376.0,1382.0,1400.0,1381.0,1365.0,2740.0,2746.0,2780.0,1403.0,1384.0,1365.0,1382.0,1376.0,1382.0
0.0,8268.0,4133.0,4141.0,4152.0,4136.0,1383.0,1353.0,1400.0,1382.0,1376.0,1383.0,1383.0,1353.0,1397.0,2743.0,2744.0,2781.0,1383.0,1353.0,1400.0,1382.0,1376.0,1383.0
0.0,8287.0,4096.0,4142.0,4136.0,4099.0,1378.0,1349.0,1372.0,1383.0,1376.0,1383.0,1375.0,1349.0,1372.0,2763.0,2775.0,2749.0,1378.0,1349.0,1372.0,1383.0,1376.0,1383.0
0.0,8327.0,4220.0,4145.0,4099.0,4229.0,1399.0,1408.0,1422.0,1384.0,1377.0,1384.0,1396.0,1405.0,1419.0,2771.0,2779.0,2777.0,1399.0,1408.0,1422.0,1384.0,1377.0,1384.0
0.0,8206.0,4016.0,4144.0,4229.0,4013.0,1341.0,1321.0,1351.0,1384.0,1376.0,1384.0,1341.0,1324.0,1351.0,2753.0,2723.0,2730.0,1341.0,1321.0,1351.0,1384.0,1376.0,1384.0
0.0,8419.0,4145.0,4144.0,4013.0,4145.0,1376.0,1392.0,1377.0,1384.0,1376.0,1384.0,1376.0,1392.0,1377.0,2811.0,2807.0,2801.0,1376.0,1392.0,1377.0,1384.0,1376.0,1384.0
0.0,8287.0,4241.0,4145.0,4145.0,4244.0,1415.0,1424.0,1405.0,1384.0,1377.0,1384.0,1415.0,1421.0,1405.0,2776.0,2736.0,2775.0,1415.0,1424.0,1405.0,1384.0,1377.0,1384.0
0.0,8191.0,4394.0,4148.0,4244.0,4403.0,1451.0,1511.0,1441.0,1385.0,1379.0,1384.0,1448.0,1505.0,1441.0,2737.0,2707.0,2747.0,1451.0,1511.0,1441.0,1385.0,1379.0,1384.0
0.0,8041.0,4220.0,4150.0,4403.0,4226.0,1401.0,1437.0,1388.0,1385.0,1380.0,1385.0,1401.0,1434.0,1385.0,2704.0,2626.0,2711.0,1401.0,1437.0,1388.0,1385.0,1380.0,1385.0
0.0,8224.0,4168.0,4151.0,4226.0,4171.0,1368.0,1419.0,1384.0,1385.0,1382.0,1384.0,1368.0,1413.0,1387.0,2754.0,2703.0,2767.0,1368.0,1419.0,1384.0,1385.0,1382.0,1384.0
0.0,8282.0,4164.0,4152.0,4171.0,4167.0,1410.0,1366.0,1391.0,1386.0,1381.0,1385.0,1407.0,1369.0,1388.0,2787.0,2727.0,2768.0,1410.0,1366.0,1391.0,1386.0,1381.0,1385.0
0.0,8289.0,4104.0,4151.0,4167.0,4101.0,1339.0,1361.0,1401.0,1385.0,1381.0,1385.0,1342.0,1361.0,1401.0,2748.0,2777.0,2764.0,1339.0,1361.0,1401.0,1385.0,1381.0,1385.0
0.0,8352.0,4169.0,4151.0,4101.0,4169.0,1392.0,1353.0,1424.0,1385.0,1380.0,1386.0,1392.0,1356.0,1421.0,2816.0,2782.0,2754.0,1392.0,1353.0,1424.0,1385.0,1380.0,1386.0
0.0,8284.0,4176.0,4154.0,4169.0,4185.0,1375.0,1401.0,1409.0,1385.0,1381.0,1388.0,1375.0,1398.0,1403.0,2763.0,2787.0,2734.0,1375.0,1401.0,1409.0,1385.0,1381.0,1388.0
0.0,8277.0,4216.0,4155.0,4185.0,4219.0,1390.0,1407.0,1422.0,1385.0,1381.0,1389.0,1390.0,1407.0,1419.0,2780.0,2742.0,2755.0,1390.0,1407.0,1422.0,1385.0,1381.0,1389.0
0.0,8246.0,4148.0,4155.0,4219.0,4148.0,1354.0,1416.0,1378.0,1384.0,1382.0,1389.0,1357.0,1413.0,1378.0,2765.0,2736.0,2745.0,1354.0,1416.0,1378.0,1384.0,1382.0,1389.0
0.0,8317.0,4051.0,4154.0,4148.0,4048.0,1336.0,1372.0,1340.0,1384.0,1382.0,1388.0,1336.0,1372.0,1343.0,2798.0,2730.0,2789.0,1336.0,1372.0,1340.0,1384.0,1382.0,1388.0
0.0,8414.0,4112.0,4153.0,4048.0,4109.0,1343.0,1378.0,1388.0,1383.0,1382.0,1388.0,1346.0,1378.0,1388.0,2816.0,2774.0,2824.0,1343.0,1378.0,1388.0,1383.0,1382.0,1388.0
0.0,8350.0,4156.0,4153.0,4109.0,4156.0,1379.0,1412.0,1365.0,1383.0,1383.0,1387.0,1379.0,1409.0,1368.0,2806.0,2768.0,2776.0,1379.0,1412.0,1365.0,1383.0,1383.0,1387.0
0.0,8303.0,4156.0,4155.0,4156.0,4162.0,1415.0,1385.0,1362.0,1384.0,1384.0,1387.0,1412.0,1382.0,1362.0,2770.0,2737.0,2796.0,1415.0,1385.0,1362.0,1384.0,1384.0,1387.0
0.0,8303.0,4215.0,4155.0,4162.0,4215.0,1423.0,1415.0,1377.0,1384.0,1385.0,1386.0,1423.0,1412.0,1380.0,2737.0,2767.0,2799.0,1423.0,1415.0,1377.0,1384.0,1385.0,1386.0
0.0,8250.0,4318.0,4157.0,4215.0,4324.0,1458.0,1428.0,1438.0,1385.0,1385.0,1387.0,1455.0,1428.0,1435.0,2729.0,2740.0,2781.0,1458.0,1428.0,1438.0,1385.0,1385.0,1387.0
0.0,8147.0,4176.0,4157.0,4324.0,4176.0,1390.0,1375.0,1411.0,1385.0,1384.0,1388.0,1390.0,1378.0,1408.0,2697.0,2727.0,2723.0,1390.0,1375.0,1411.0,1385.0,1384.0,1388.0
0.0,8295.0,4219.0,4159.0,4176.0,4225.0,1375.0,1399.0,1451.0,1385.0,1385.0,1389.0,1375.0,1396.0,1448.0,2765.0,2777.0,2753.0,1375.0,1399.0,1451.0,1385.0,1385.0,1389.0
0.0,8252.0,4190.0,4162.0,4225.0,4199.0,1393.0,1403.0,1403.0,1386.0,1385.0,1391.0,1390.0,1403.0,1397.0,2780.0,2756.0,2716.0,1393.0,1403.0,1403.0,1386.0,1385.0,1391.0
0.0,8287.0,4141.0,4162.0,4199.0,4141.0,1368.0,1405.0,1368.0,1385.0,1386.0,1391.0,1371.0,1402.0,1368.0,2765.0,2752.0,2770.0,1368.0,1405.0,1368.0,1385.0,1386.0,1391.0
0.0,8345.0,4125.0,4164.0,4141.0,4131.0,1418.0,1367.0,1346.0,1386.0,1386.0,1392.0,1415.0,1367.0,1343.0,2787.0,2753.0,2805.0,1418.0,1367.0,1346.0,1386.0,1386.0,1392.0
0.0,8361.0,4293.0,4167.0,4131.0,4302.0,1448.0,1430.0,1424.0,1388.0,1387.0,1392.0,1442.0,1427.0,1424.0,2740.0,2791.0,2830.0,1448.0,1430.0,1424.0,1388.0,1387.0,1392.0
0.0,8199.0,4208.0,4169.0,4302.0,4214.0,1412.0,1398.0,1404.0,1388.0,1388.0,1393.0,1412.0,1395.0,1401.0,2716.0,2731.0,2752.0,1412.0,1398.0,1404.0,1388.0,1388.0,1393.0
0.0,8293.0,4076.0,4168.0,4214.0,4073.0,1342.0,1373.0,1358.0,1388.0,1388.0,1392.0,1342.0,1373.0,1361.0,2752.0,2766.0,2775.0,1342.0,1373.0,1358.0,1388.0,1388.0,1392.0
0.0,8431.0,4169.0,4171.0,4073.0,4178.0,1387.0,1396.0,1395.0,1389.0,1389.0,1393.0,1384.0,1393.0,1392.0,2822.0,2791.0,2818.0,1387.0,1396.0,1395.0,1389.0,1389.0,1393.0
0.0,8335.0,4151.0,4170.0,4178.0,4148.0,1401.0,1364.0,1383.0,1389.0,1389.0,1392.0,1401.0,1364.0,1386.0,2780.0,2771.0,2784.0,1401.0,1364.0,1383.0,1389.0,1389.0,1392.0
0.0,8362.0,4161.0,4170.0,4148.0,4161.0,1396.0,1390.0,1375.0,1389.0,1389.0,1392.0,1396.0,1390.0,1375.0,2766.0,2803.0,2793.0,1396.0,1390.0,1375.0,1389.0,1389.0,1392.0
0.0,8349.0,4330.0,4174.0,4161.0,4342.0,1449.0,1472.0,1421.0,1390.0,1391.0,1393.0,1446.0,1466.0,1418.0,2771.0,2777.0,2801.0,1449.0,1472.0,1421.0,1390.0,1391.0,1393.0
0.0,8180.0,4332.0,4176.0,4342.0,4338.0,1463.0,1450.0,1425.0,1391.0,1392.0,1393.0,1460.0,1447.0,1425.0,2721.0,2701.0,2758.0,1463.0,1450.0,1425.0,1391.0,1392.0,1393.0
0.0,8190.0,4293.0,4178.0,4338.0,4299.0,1401.0,1448.0,1450.0,1391.0,1393.0,1394.0,1401.0,1445.0,1447.0,2710.0,2726.0,2754.0,1401.0,1448.0,1450.0,1391.0,1393.0,1394.0
0.0,8235.0,4252.0,4179.0,4299.0,4255.0,1400.0,1402.0,1453.0,1391.0,1393.0,1395.0,1400.0,1402.0,1450.0,2772.0,2731.0,2732.0,1400.0,1402.0,1453.0,1391.0,1393.0,1395.0
0.0,8282.0,4220.0,4182.0,4255.0,4229.0,1405.0,1427.0,1397.0,1392.0,1394.0,1396.0,1402.0,1424.0,1394.0,2773.0,2777.0,2732.0,1405.0,1427.0,1397.0,1392.0,1394.0,1396.0
0.0,8317.0,4220.0,4184.0,4229.0,4226.0,1409.0,1405.0,1412.0,1392.0,1395.0,1397.0,1409.0,1402.0,1409.0,2771.0,2755.0,2791.0,1409.0,1405.0,1412.0,1392.0,1395.0,1397.0
0.0,8326.0,4126.0,4184.0,4226.0,4126.0,1367.0,1376.0,1383.0,1392.0,1396.0,1396.0,1367.0,1373.0,1386.0,2767.0,2780.0,2779.0,1367.0,1376.0,1383.0,1392.0,1396.0,1396.0
0.0,8426.0,4292.0,4188.0,4126.0,4304.0,1460.0,1411.0,1433.0,1394.0,1397.0,1397.0,1454.0,1408.0,1430.0,2809.0,2812.0,2805.0,1460.0,1411.0,1433.0,1394.0,1397.0,1397.0
0.0,8260.0,3977.0,4184.0,4304.0,3965.0,1313.0,1324.0,1328.0,1393.0,1395.0,1396.0,1316.0,1330.0,1331.0,2722.0,2780.0,2758.0,1313.0,1324.0,1328.0,1393.0,1395.0,1396.0
0.0,8587.0,4167.0,4184.0,3965.0,4167.0,1366.0,1428.0,1373.0,1393.0,1396.0,1395.0,1366.0,1425.0,1376.0,2866.0,2861.0,2860.0,1366.0,1428.0,1373.0,1393.0,1396.0,1395.0
0.0,8385.0,4172.0,4184.0,4167.0,4172.0,1387.0,1393.0,1392.0,1393.0,1396.0,1395.0,1387.0,1393.0,1392.0,2813.0,2760.0,2812.0,1387.0,1393.0,1392.0,1393.0,1396.0,1395.0
0.0,8380.0,4148.0,4183.0,4172.0,4145.0,1371.0,1398.0,1376.0,1392.0,1397.0,1394.0,1374.0,1395.0,1379.0,2792.0,2795.0,2793.0,1371.0,1398.0,1376.0,1392.0,1397.0,1394.0
0.0,8404.0,4322.0,4188.0,4145.0,4337.0,1454.0,1451.0,1432.0,1394.0,1398.0,1396.0,1448.0,1448.0,1426.0,2805.0,2793.0,2806.0,1454.0,1451.0,1432.0,1394.0,1398.0,1396.0
0.0,8227.0,4290.0,4189.0,4337.0,4293.0,1447.0,1400.0,1446.0,1394.0,1399.0,1396.0,1447.0,1397.0,1446.0,2728.0,2743.0,2756.0,1447.0,1400.0,1446.0,1394.0,1399.0,1396.0
0.0,8274.0,4346.0,4192.0,4293.0,4355.0,1445.0,1428.0,1482.0,1395.0,1399.0,1398.0,1442.0,1428.0,1476.0,2735.0,2797.0,2742.0,1445.0,1428.0,1482.0,1395.0,1399.0,1398.0
0.0,8221.0,4320.0,4193.0,4355.0,4323.0,1417.0,1434.0,1472.0,1395.0,1399.0,1399.0,1417.0,1434.0,1469.0,2740.0,2769.0,2712.0,1417.0,1434.0,1472.0,1395.0,1399.0,1399.0
0.0,8256.0,4229.0,4194.0,4323.0,4232.0,1382.0,1390.0,1460.0,1395.0,1399.0,1400.0,1382.0,1390.0,1457.0,2768.0,2763.0,2725.0,1382.0,1390.0,1460.0,1395.0,1399.0,1400.0
0.0,8350.0,4131.0,4192.0,4232.0,4125.0,1371.0,1356.0,1398.0,1395.0,1398.0,1399.0,1371.0,1359.0,1401.0,2803.0,2807.0,2740.0,1371.0,1356.0,1398.0,1395.0,1398.0,1399.0
0.0,8451.0,4268.0,4195.0,4125.0,4277.0,1454.0,1427.0,1396.0,1396.0,1399.0,1400.0,1451.0,1424.0,1393.0,2814.0,2838.0,2799.0,1454.0,1427.0,1396.0,1396.0,1399.0,1400.0
0.0,8308.0,4359.0,4198.0,4277.0,4368.0,1469.0,1469.0,1430.0,1397.0,1400.0,1401.0,1466.0,1466.0,1427.0,2734.0,2770.0,2804.0,1469.0,1469.0,1430.0,1397.0,1400.0,1401.0
0.0,8226.0,4197.0,4199.0,4368.0,4200.0,1399.0,1407.0,1394.0,1397.0,1401.0,1401.0,1399.0,1404.0,1394.0,2722.0,2731.0,2773.0,1399.0,1407.0,1394.0,1397.0,1401.0,1401.0
0.0,8397.0,4163.0,4201.0,4200.0,4169.0,1418.0,1387.0,1364.0,1398.0,1402.0,1401.0,1415.0,1384.0,1364.0,2792.0,2796.0,2809.0,1418.0,1387.0,1364.0,1398.0,1402.0,1401.0
0.0,8434.0,4169.0,4200.0,4169.0,4166.0,1376.0,1418.0,1372.0,1398.0,1402.0,1400.0,1376.0,1418.0,1375.0,2776.0,2819.0,2839.0,1376.0,1418.0,1372.0,1398.0,1402.0,1400.0
0.0,8434.0,4178.0,4203.0,4166.0,4187.0,1371.0,1396.0,1420.0,1398.0,1404.0,1401.0,1371.0,1390.0,1417.0,2818.0,2788.0,2828.0,1371.0,1396.0,1420.0,1398.0,1404.0,1401.0
0.0,8422.0,4330.0,4207.0,4187.0,4342.0,1432.0,1450.0,1460.0,1399.0,1405.0,1403.0,1429.0,1447.0,1454.0,2823.0,2816.0,2783.0,1432.0,1450.0,1460.0,1399.0,1405.0,1403.0
0.0,8279.0,4341.0,4209.0,4342.0,4347.0,1428.0,1465.0,1454.0,1399.0,1406.0,1404.0,1428.0,1462.0,1451.0,2765.0,2765.0,2749.0,1428.0,1465.0,1454.0,1399.0,1406.0,1404.0
0.0,8280.0,4354.0,4208.0,4347.0,4351.0,1462.0,1422.0,1467.0,1400.0,1404.0,1404.0,1459.0,1428.0,1467.0,2769.0,2753.0,2758.0,1462.0,1422.0,1467.0,1400.0,1404.0,1404.0
0.0,8273.0,4323.0,4210.0,4351.0,4329.0,1443.0,1423.0,1463.0,1400.0,1404.0,1406.0,1443.0,1423.0,1457.0,2738.0,2790.0,2745.0,1443.0,1423.0,1463.0,1400.0,1404.0,1406.0
0.0,8301.0,4479.0,4216.0,4329.0,4497.0,1492.0,1498.0,1507.0,1403.0,1405.0,1408.0,1483.0,1495.0,1501.0,2757.0,2789.0,2755.0,1492.0,1498.0,1507.0,1403.0,1405.0,1408.0
0.0,8151.0,4265.0,4218.0,4497.0,4271.0,1408.0,1453.0,1410.0,1403.0,1407.0,1408.0,1408.0,1447.0,1410.0,2717.0,2717.0,2717.0,1408.0,1453.0,1410.0,1403.0,1407.0,1408.0
0.0,8383.0,4351.0,4223.0,4271.0,4366.0,1447.0,1471.0,1448.0,1405.0,1409.0,1409.0,1441.0,1465.0,1445.0,2801.0,2768.0,2814.0,1447.0,1471.0,1448.0,1405.0,1409.0,1409.0
0.0,8303.0,4179.0,4223.0,4366.0,4179.0,1402.0,1409.0,1368.0,1405.0,1410.0,1408.0,1402.0,1406.0,1371.0,2768.0,2756.0,2779.0,1402.0,1409.0,1368.0,1405.0,1410.0,1408.0
0.0,8490.0,4188.0,4224.0,4179.0,4191.0,1414.0,1394.0,1383.0,1406.0,1410.0,1408.0,1411.0,1394.0,1383.0,2813.0,2821.0,2856.0,1414.0,1394.0,1383.0,1406.0,1410.0,1408.0
0.0,8481.0,4145.0,4222.0,4191.0,4139.0,1407.0,1372.0,1360.0,1406.0,1409.0,1407.0,1407.0,1375.0,1363.0,2804.0,2836.0,2841.0,1407.0,1372.0,1360.0,1406.0,1409.0,1407.0
0.0,8527.0,4314.0,4225.0,4139.0,4323.0,1434.0,1459.0,1430.0,1407.0,1410.0,1408.0,1431.0,1456.0,1427.0,2811.0,2855.0,2861.0,1434.0,1459.0,1430.0,1407.0,1410.0,1408.0
0.0,8352.0,4229.0,4228.0,4323.0,4238.0,1416.0,1394.0,1428.0,1409.0,1410.0,1409.0,1410.0,1394.0,1425.0,2787.0,2771.0,2794.0,1416.0,1394.0,1428.0,1409.0,1410.0,1409.0
0.0,8446.0,4246.0,4231.0,4238.0,4255.0,1402.0,1429.0,1424.0,1410.0,1411.0,1410.0,1399.0,1426.0,1421.0,2811.0,2836.0,2799.0,1402.0,1429.0,1424.0,1410.0,1411.0,1410.0
0.0,8438.0,4379.0,4235.0,4255.0,4391.0,1461.0,1462.0,1468.0,1411.0,1412.0,1412.0,1458.0,1459.0,1462.0,2828.0,2804.0,2806.0,1461.0,1462.0,1468.0,1411.0,1412.0,1412.0
0.0,8314.0,4286.0,4238.0,4391.0,4295.0,1420.0,1452.0,1423.0,1411.0,1414.0,1413.0,1420.0,1446.0,1420.0,2772.0,2774.0,2768.0,1420.0,1452.0,1423.0,1411.0,1414.0,1413.0
0.0,8419.0,4331.0,4240.0,4295.0,4337.0,1458.0,1435.0,1444.0,1412.0,1414.0,1414.0,1455.0,1435.0,1441.0,2813.0,2790.0,2816.0,1458.0,1435.0,1444.0,1412.0,1414.0,1414.0
0.0,8383.0,4373.0,4241.0,4337.0,4376.0,1435.0,1456.0,1485.0,1412.0,1414.0,1415.0,1435.0,1456.0,1482.0,2778.0,2807.0,2798.0,1435.0,1456.0,1485.0,1412.0,1414.0,1415.0
0.0,8347.0,4315.0,4244.0,4376.0,4324.0,1444.0,1424.0,1456.0,1413.0,1415.0,1416.0,1441.0,1421.0,1453.0,2801.0,2786.0,2760.0,1444.0,1424.0,1456.0,1413.0,1415.0,1416.0
0.0,8408.0,4119.0,4242.0,4324.0,4113.0,1375.0,1369.0,1369.0,1413.0,1415.0,1414.0,1375.0,1369.0,1375.0,2795.0,2821.0,2792.0,1375.0,1369.0,1369.0,1413.0,1415.0,1414.0
0.0,8613.0,4267.0,4243.0,4113.0,4270.0,1424.0,1443.0,1403.0,1413.0,1416.0,1414.0,1424.0,1440.0,1403.0,2864.0,2876.0,2873.0,1424.0,1443.0,1403.0,1413.0,1416.0,1414.0
0.0,8459.0,4232.0,4245.0,4270.0,4238.0,1410.0,1411.0,1417.0,1414.0,1416.0,1415.0,1407.0,1411.0,1414.0,2815.0,2805.0,2839.0,1410.0,1411.0,1417.0,1414.0,1416.0,1415.0
0.0,8497.0,4206.0,4247.0,4238.0,4212.0,1407.0,1421.0,1384.0,1414.0,1417.0,1416.0,1407.0,1418.0,1381.0,2832.0,2837.0,2828.0,1407.0,1421.0,1384.0,1414.0,1417.0,1416.0
0.0,8529.0,4248.0,4245.0,4212.0,4242.0,1397.0,1450.0,1395.0,1413.0,1417.0,1415.0,1400.0,1450.0,1398.0,2835.0,2830.0,2864.0,1397.0,1450.0,1395.0,1413.0,1417.0,1415.0
0.0,8493.0,4163.0,4245.0,4242.0,4163.0,1375.0,1418.0,1370.0,1412.0,1418.0,1415.0,1378.0,1415.0,1370.0,2842.0,2801.0,2850.0,1375.0,1418.0,1370.0,1412.0,1418.0,1415.0
0.0,8572.0,4209.0,4247.0,4163.0,4215.0,1385.0,1408.0,1422.0,1413.0,1418.0,1416.0,1382.0,1408.0,1419.0,2861.0,2836.0,2875.0,1385.0,1408.0,1422.0,1413.0,1418.0,1416.0
0.0,8526.0,4333.0,4251.0,4215.0,4345.0,1470.0,1422.0,1453.0,1415.0,1419.0,1417.0,1464.0,1419.0,1450.0,2854.0,2846.0,2826.0,1470.0,1422.0,1453.0,1415.0,1419.0,1417.0
0.0,8408.0,4421.0,4255.0,4345.0,4433.0,1484.0,1457.0,1492.0,1416.0,1420.0,1419.0,1481.0,1454.0,1486.0,2775.0,2835.0,2798.0,1484.0,1457.0,1492.0,1416.0,1420.0,1419.0
0.0,8332.0,4325.0,4258.0,4433.0,4334.0,1459.0,1424.0,1451.0,1417.0,1421.0,1420.0,1456.0,1421.0,1448.0,2764.0,2803.0,2765.0,1459.0,1424.0,1451.0,1417.0,1421.0,1420.0
0.0,8440.0,4403.0,4260.0,4334.0,4409.0,1518.0,1425.0,1466.0,1419.0,1420.0,1421.0,1512.0,1428.0,1463.0,2792.0,2839.0,2809.0,1518.0,1425.0,1466.0,1419.0,1420.0,1421.0
0.0,8371.0,4529.0,4263.0,4409.0,4538.0,1537.0,1507.0,1494.0,1420.0,1421.0,1422.0,1534.0,1504.0,1491.0,2739.0,2835.0,2797.0,1537.0,1507.0,1494.0,1420.0,1421.0,1422.0
0.0,8251.0,4305.0,4265.0,4538.0,4311.0,1430.0,1456.0,1425.0,1421.0,1422.0,1422.0,1427.0,1453.0,1425.0,2723.0,2756.0,2772.0,1430.0,1456.0,1425.0,1421.0,1422.0,1422.0
0.0,8484.0,4359.0,4266.0,4311.0,4362.0,1425.0,1482.0,1455.0,1421.0,1423.0,1422.0,1425.0,1479.0,1455.0,2833.0,2810.0,2841.0,1425.0,1482.0,1455.0,1421.0,1423.0,1422.0
0.0,8436.0,4299.0,4267.0,4362.0,4302.0,1421.0,1478.0,1403.0,1421.0,1424.0,1422.0,1421.0,1475.0,1403.0,2838.0,2787.0,2811.0,1421.0,1478.0,1403.0,1421.0,1424.0,1422.0
0.0,8499.0,4327.0,4270.0,4302.0,4336.0,1442.0,1449.0,1445.0,1422.0,1425.0,1423.0,1439.0,1446.0,1442.0,2842.0,2794.0,2863.0,1442.0,1449.0,1445.0,1422.0,1425.0,1423.0
0.0,8474.0,4268.0,4272.0,4336.0,4274.0,1437.0,1430.0,1407.0,1423.0,1426.0,1423.0,1434.0,1427.0,1407.0,2824.0,2826.0,2824.0,1437.0,1430.0,1407.0,1423.0,1426.0,1423.0
0.0,8542.0,4223.0,4271.0,4274.0,4220.0,1411.0,1417.0,1392.0,1422.0,1426.0,1423.0,1414.0,1417.0,1392.0,2832.0,2848.0,2862.0,1411.0,1417.0,1392.0,1422.0,1426.0,1423.0
0.0,8593.0,4216.0,4276.0,4220.0,4231.0,1427.0,1415.0,1389.0,1424.0,1428.0,1424.0,1421.0,1409.0,1386.0,2855.0,2861.0,2877.0,1427.0,1415.0,1389.0,1424.0,1428.0,1424.0
0.0,8597.0,4176.0,4277.0,4231.0,4179.0,1381.0,1374.0,1424.0,1425.0,1427.0,1425.0,1378.0,1377.0,1421.0,2845.0,2869.0,2883.0,1381.0,1374.0,1424.0,1425.0,1427.0,1425.0
0.0,8652.0,4258.0,4278.0,4179.0,4261.0,1434.0,1401.0,1426.0,1426.0,1427.0,1425.0,1431.0,1401.0,1426.0,2894.0,2907.0,2851.0,1434.0,1401.0,1426.0,1426.0,1427.0,1425.0
0.0,8573.0,4333.0,4281.0,4261.0,4342.0,1460.0,1430.0,1452.0,1427.0,1427.0,1427.0,1457.0,1430.0,1446.0,2844.0,2880.0,2849.0,1460.0,1430.0,1452.0,1427.0,1427.0,1427.0
0.0,8501.0,4288.0,4281.0,4342.0,4288.0,1432.0,1424.0,1432.0,1427.0,1427.0,1427.0,1432.0,1424.0,1432.0,2821.0,2851.0,2829.0,1432.0,1424.0,1432.0,1427.0,1427.0,1427.0
0.0,8555.0,4461.0,4284.0,4288.0,4470.0,1491.0,1499.0,1480.0,1428.0,1429.0,1427.0,1488.0,1493.0,1480.0,2849.0,2857.0,2849.0,1491.0,1499.0,1480.0,1428.0,1429.0,1427.0
0.0,8382.0,4379.0,4284.0,4470.0,4379.0,1480.0,1468.0,1431.0,1428.0,1430.0,1426.0,1480.0,1465.0,1434.0,2793.0,2788.0,2801.0,1480.0,1468.0,1431.0,1428.0,1430.0,1426.0
0.0,8473.0,4287.0,4284.0,4379.0,4287.0,1453.0,1414.0,1420.0,1429.0,1429.0,1426.0,1450.0,1417.0,1420.0,2804.0,2822.0,2847.0,1453.0,1414.0,1420.0,1429.0,1429.0,1426.0
0.0,8565.0,4359.0,4287.0,4287.0,4368.0,1469.0,1474.0,1425.0,1431.0,1431.0,1425.0,1463.0,1468.0,1428.0,2834.0,2873.0,2858.0,1469.0,1474.0,1425.0,1431.0,1431.0,1425.0
0.0,8493.0,4398.0,4291.0,4368.0,4410.0,1489.0,1447.0,1474.0,1433.0,1432.0,1426.0,1483.0,1444.0,1471.0,2824.0,2819.0,2850.0,1489.0,1447.0,1474.0,1433.0,1432.0,1426.0
0.0,8463.0,4289.0,4292.0,4410.0,4292.0,1444.0,1406.0,1442.0,1433.0,1432.0,1427.0,1444.0,1406.0,1439.0,2810.0,2849.0,2804.0,1444.0,1406.0,1442.0,1433.0,1432.0,1427.0
0.0,8584.0,4260.0,4290.0,4292.0,4254.0,1441.0,1405.0,1408.0,1432.0,1431.0,1427.0,1444.0,1408.0,1408.0,2855.0,2890.0,2839.0,1441.0,1405.0,1408.0,1432.0,1431.0,1427.0
0.0,8616.0,4230.0,4291.0,4254.0,4233.0,1432.0,1385.0,1416.0,1433.0,1431.0,1427.0,1429.0,1385.0,1416.0,2855.0,2888.0,2873.0,1432.0,1385.0,1416.0,1433.0,1431.0,1427.0
0.0,8640.0,4302.0,4294.0,4233.0,4311.0,1422.0,1450.0,1439.0,1433.0,1432.0,1429.0,1422.0,1447.0,1433.0,2867.0,2908.0,2865.0,1422.0,1450.0,1439.0,1433.0,1432.0,1429.0
0.0,8571.0,4295.0,4296.0,4311.0,4301.0,1412.0,1430.0,1459.0,1434.0,1432.0,1430.0,1409.0,1430.0,1456.0,2877.0,2846.0,2848.0,1412.0,1430.0,1459.0,1434.0,1432.0,1430.0
0.0,8587.0,4208.0,4296.0,4301.0,4208.0,1386.0,1399.0,1423.0,1434.0,1432.0,1430.0,1386.0,1399.0,1423.0,2890.0,2866.0,2831.0,1386.0,1399.0,1423.0,1434.0,1432.0,1430.0
0.0,8680.0,4272.0,4295.0,4208.0,4269.0,1423.0,1438.0,1408.0,1434.0,1432.0,1429.0,1423.0,1438.0,1411.0,2916.0,2897.0,2867.0,1423.0,1438.0,1408.0,1434.0,1432.0,1429.0
0.0,8616.0,4325.0,4295.0,4269.0,4325.0,1483.0,1443.0,1399.0,1435.0,1432.0,1428.0,1480.0,1443.0,1402.0,2879.0,2858.0,2879.0,1483.0,1443.0,1399.0,1435.0,1432.0,1428.0
0.0,8560.0,4334.0,4295.0,4325.0,4334.0,1464.0,1437.0,1433.0,1435.0,1432.0,1428.0,1464.0,1437.0,1433.0,2822.0,2853.0,2885.0,1464.0,1437.0,1433.0,1435.0,1432.0,1428.0
0.0,8551.0,4253.0,4294.0,4334.0,4250.0,1430.0,1426.0,1394.0,1435.0,1432.0,1427.0,1430.0,1426.0,1397.0,2841.0,2859.0,2851.0,1430.0,1426.0,1394.0,1435.0,1432.0,1427.0
0.0,8632.0,4309.0,4290.0,4250.0,4297.0,1435.0,1417.0,1445.0,1434.0,1430.0,1426.0,1438.0,1423.0,1448.0,2875.0,2870.0,2887.0,1435.0,1417.0,1445.0,1434.0,1430.0,1426.0
0.0,8573.0,4357.0,4291.0,4297.0,4360.0,1447.0,1479.0,1434.0,1434.0,1431.0,1426.0,1447.0,1476.0,1434.0,2867.0,2873.0,2833.0,1447.0,1479.0,1434.0,1434.0,1431.0,1426.0
0.0,8513.0,4374.0,4292.0,4360.0,4377.0,1437.0,1497.0,1443.0,1434.0,1432.0,1426.0,1437.0,1494.0,1443.0,2855.0,2814.0,2844.0,1437.0,1497.0,1443.0,1434.0,1432.0,1426.0
0.0,8499.0,4289.0,4294.0,4377.0,4295.0,1442.0,1420.0,1433.0,1435.0,1432.0,1427.0,1439.0,1420.0,1430.0,2865.0,2799.0,2835.0,1442.0,1420.0,1433.0,1435.0,1432.0,1427.0
0.0,8587.0,4272.0,4296.0,4295.0,4278.0,1442.0,1415.0,1421.0,1436.0,1432.0,1428.0,1439.0,1415.0,1418.0,2863.0,2876.0,2848.0,1442.0,1415.0,1421.0,1436.0,1432.0,1428.0
0.0,8610.0,4264.0,4298.0,4278.0,4270.0,1435.0,1406.0,1429.0,1436.0,1433.0,1429.0,1435.0,1403.0,1426.0,2866.0,2881.0,2863.0,1435.0,1406.0,1429.0,1436.0,1433.0,1429.0
0.0,8624.0,4250.0,4297.0,4270.0,4247.0,1409.0,1417.0,1421.0,1436.0,1432.0,1429.0,1409.0,1420.0,1421.0,2873.0,2893.0,2858.0,1409.0,1417.0,1421.0,1436.0,1432.0,1429.0
0.0,8644.0,4247.0,4297.0,4247.0,4247.0,1414.0,1399.0,1434.0,1436.0,1432.0,1429.0,1414.0,1399.0,1434.0,2899.0,2879.0,2866.0,1414.0,1399.0,1434.0,1436.0,1432.0,1429.0
0.0,8644.0,4322.0,4299.0,4247.0,4328.0,1418.0,1449.0,1461.0,1436.0,1433.0,1430.0,1418.0,1446.0,1458.0,2894.0,2897.0,2853.0,1418.0,1449.0,1461.0,1436.0,1433.0,1430.0
0.0,8569.0,4357.0,4298.0,4328.0,4354.0,1469.0,1443.0,1442.0,1436.0,1432.0,1430.0,1469.0,1446.0,1442.0,2890.0,2850.0,2829.0,1469.0,1443.0,1442.0,1436.0,1432.0,1430.0
0.0,8540.0,4293.0,4298.0,4354.0,4293.0,1457.0,1439.0,1397.0,1437.0,1432.0,1429.0,1454.0,1439.0,1400.0,2839.0,2853.0,2848.0,1457.0,1439.0,1397.0,1437.0,1432.0,1429.0
0.0,8601.0,4360.0,4300.0,4293.0,4366.0,1488.0,1455.0,1423.0,1438.0,1433.0,1429.0,1485.0,1452.0,1423.0,2854.0,2857.0,2890.0,1488.0,1455.0,1423.0,1438.0,1433.0,1429.0
0.0,8534.0,4423.0,4299.0,4366.0,4420.0,1472.0,1492.0,1456.0,1438.0,1433.0,1428.0,1472.0,1492.0,1459.0,2826.0,2844.0,2864.0,1472.0,1492.0,1456.0,1438.0,1433.0,1428.0
0.0,8477.0,4377.0,4301.0,4420.0,4383.0,1458.0,1487.0,1438.0,1439.0,1434.0,1428.0,1455.0,1484.0,1438.0,2842.0,2807.0,2828.0,1458.0,1487.0,1438.0,1439.0,1434.0,1428.0
0.0,8520.0,4474.0,4307.0,4383.0,4492.0,1469.0,1537.0,1486.0,1440.0,1437.0,1430.0,1466.0,1528.0,1480.0,2859.0,2815.0,2846.0,1469.0,1537.0,1486.0,1440.0,1437.0,1430.0
0.0,8429.0,4354.0,4310.0,4492.0,4363.0,1441.0,1453.0,1469.0,1441.0,1438.0,1431.0,1438.0,1450.0,1466.0,2851.0,2774.0,2804.0,1441.0,1453.0,1469.0,1441.0,1438.0,1431.0
0.0,8567.0,4326.0,4311.0,4363.0,4329.0,1433.0,1446.0,1450.0,1441.0,1438.0,1432.0,1433.0,1446.0,1447.0,2882.0,2861.0,2824.0,1433.0,1446.0,1450.0,1441.0,1438.0,1432.0
0.0,8604.0,4378.0,4314.0,4329.0,4387.0,1472.0,1450.0,1465.0,1442.0,1439.0,1433.0,1469.0,1447.0,1462.0,2890.0,2868.0,2846.0,1472.0,1450.0,1465.0,1442.0,1439.0,1433.0
0.0,8555.0,4229.0,4314.0,4387.0,4229.0,1434.0,1370.0,1425.0,1443.0,1437.0,1434.0,1431.0,1376.0,1422.0,2854.0,2867.0,2834.0,1434.0,1370.0,1425.0,1443.0,1437.0,1434.0
0.0,8713.0,4304.0,4317.0,4229.0,4313.0,1440.0,1450.0,1423.0,1444.0,1438.0,1435.0,1437.0,1447.0,1420.0,2895.0,2941.0,2877.0,1440.0,1450.0,1423.0,1444.0,1438.0,1435.0
0.0,8638.0,4335.0,4320.0,4313.0,4344.0,1432.0,1455.0,1457.0,1445.0,1439.0,1436.0,1429.0,1452.0,1454.0,2892.0,2864.0,2882.0,1432.0,1455.0,1457.0,1445.0,1439.0,1436.0
0.0,8616.0,4399.0,4321.0,4344.0,4402.0,1460.0,1472.0,1470.0,1445.0,1440.0,1436.0,1460.0,1469.0,1470.0,2903.0,2862.0,2851.0,1460.0,1472.0,1470.0,1445.0,1440.0,1436.0
0.0,8561.0,4413.0,4320.0,4402.0,4410.0,1460.0,1479.0,1471.0,1444.0,1440.0,1436.0,1463.0,1479.0,1471.0,2875.0,2848.0,2838.0,1460.0,1479.0,1471.0,1444.0,1440.0,1436.0
0.0,8550.0,4393.0,4321.0,4410.0,4396.0,1488.0,1473.0,1435.0,1445.0,1441.0,1435.0,1485.0,1470.0,1438.0,2872.0,2841.0,2837.0,1488.0,1473.0,1435.0,1445.0,1441.0,1435.0
0.0,8567.0,4503.0,4324.0,4396.0,4512.0,1500.0,1510.0,1502.0,1445.0,1443.0,1436.0,1500.0,1504.0,1499.0,2847.0,2850.0,2870.0,1500.0,1510.0,1502.0,1445.0,1443.0,1436.0
0.0,8460.0,4454.0,4323.0,4512.0,4451.0,1498.0,1494.0,1459.0,1444.0,1443.0,1436.0,1501.0,1494.0,1459.0,2835.0,2819.0,2806.0,1498.0,1494.0,1459.0,1444.0,1443.0,1436.0
0.0,8518.0,4464.0,4325.0,4451.0,4470.0,1485.0,1494.0,1491.0,1445.0,1443.0,1437.0,1482.0,1494.0,1488.0,2834.0,2835.0,2849.0,1485.0,1494.0,1491.0,1445.0,1443.0,1437.0
0.0,8505.0,4323.0,4324.0,4470.0,4320.0,1414.0,1468.0,1438.0,1445.0,1443.0,1436.0,1414.0,1468.0,1441.0,2850.0,2835.0,2820.0,1414.0,1468.0,1438.0,1445.0,1443.0,1436.0
0.0,8652.0,4370.0,4326.0,4320.0,4376.0,1471.0,1436.0,1469.0,1446.0,1442.0,1438.0,1468.0,1439.0,1463.0,2921.0,2861.0,2870.0,1471.0,1436.0,1469.0,1446.0,1442.0,1438.0
0.0,8602.0,4279.0,4325.0,4376.0,4276.0,1409.0,1429.0,1438.0,1445.0,1442.0,1438.0,1412.0,1429.0,1438.0,2867.0,2890.0,2845.0,1409.0,1429.0,1438.0,1445.0,1442.0,1438.0
0.0,8699.0,4441.0,4328.0,4276.0,4450.0,1487.0,1497.0,1466.0,1446.0,1443.0,1439.0,1484.0,1494.0,1463.0,2926.0,2897.0,2876.0,1487.0,1497.0,1466.0,1446.0,1443.0,1439.0
0.0,8534.0,4367.0,4332.0,4450.0,4379.0,1479.0,1441.0,1459.0,1448.0,1444.0,1440.0,1473.0,1438.0,1456.0,2851.0,2832.0,2851.0,1479.0,1441.0,1459.0,1448.0,1444.0,1440.0
0.0,8617.0,4259.0,4331.0,4379.0,4256.0,1404.0,1443.0,1409.0,1447.0,1444.0,1440.0,1407.0,1443.0,1409.0,2865.0,2891.0,2861.0,1404.0,1443.0,1409.0,1447.0,1444.0,1440.0
0.0,8737.0,4325.0,4335.0,4256.0,4337.0,1435.0,1450.0,1452.0,1448.0,1446.0,1441.0,1432.0,1444.0,1449.0,2937.0,2889.0,2911.0,1435.0,1450.0,1452.0,1448.0,1446.0,1441.0
0.0,8668.0,4391.0,4338.0,4337.0,4400.0,1453.0,1472.0,1475.0,1449.0,1447.0,1442.0,1450.0,1469.0,1472.0,2909.0,2888.0,2871.0,1453.0,1472.0,1475.0,1449.0,1447.0,1442.0
0.0,8614.0,4360.0,4337.0,4400.0,4357.0,1447.0,1449.0,1461.0,1448.0,1447.0,1442.0,1450.0,1449.0,1461.0,2894.0,2869.0,2851.0,1447.0,1449.0,1461.0,1448.0,1447.0,1442.0
0.0,8654.0,4522.0,4343.0,4357.0,4540.0,1547.0,1506.0,1487.0,1451.0,1449.0,1443.0,1538.0,1500.0,1484.0,2897.0,2892.0,2865.0,1547.0,1506.0,1487.0,1451.0,1449.0,1443.0
0.0,8489.0,4499.0,4343.0,4540.0,4499.0,1502.0,1515.0,1482.0,1451.0,1449.0,1443.0,1502.0,1515.0,1482.0,2806.0,2841.0,2842.0,1502.0,1515.0,1482.0,1451.0,1449.0,1443.0
0.0,8530.0,4405.0,4344.0,4499.0,4408.0,1467.0,1469.0,1472.0,1451.0,1449.0,1444.0,1467.0,1469.0,1469.0,2851.0,2832.0,2847.0,1467.0,1469.0,1472.0,1451.0,1449.0,1444.0
0.0,8624.0,4480.0,4347.0,4408.0,4489.0,1437.0,1543.0,1509.0,1450.0,1452.0,1445.0,1440.0,1534.0,1506.0,2886.0,2878.0,2860.0,1437.0,1543.0,1509.0,1450.0,1452.0,1445.0
0.0,8552.0,4497.0,4350.0,4489.0,4506.0,1493.0,1497.0,1516.0,1451.0,1452.0,1447.0,1490.0,1497.0,1510.0,2913.0,2813.0,2826.0,1493.0,1497.0,1516.0,1451.0,1452.0,1447.0
0.0,8544.0,4475.0,4352.0,4506.0,4481.0,1477.0,1487.0,1517.0,1451.0,1453.0,1448.0,1477.0,1484.0,1514.0,2860.0,2859.0,2825.0,1477.0,1487.0,1517.0,1451.0,1453.0,1448.0
0.0,8575.0,4384.0,4353.0,4481.0,4387.0,1466.0,1467.0,1454.0,1451.0,1454.0,1448.0,1466.0,1464.0,1454.0,2876.0,2872.0,2827.0,1466.0,1467.0,1454.0,1451.0,1454.0,1448.0
0.0,8672.0,4355.0,4356.0,4387.0,4364.0,1476.0,1441.0,1447.0,1452.0,1455.0,1449.0,1473.0,1438.0,1444.0,2887.0,2895.0,2890.0,1476.0,1441.0,1447.0,1452.0,1455.0,1449.0
0.0,8704.0,4304.0,4356.0,4364.0,4304.0,1448.0,1424.0,1432.0,1452.0,1455.0,1449.0,1448.0,1424.0,1432.0,2880.0,2924.0,2900.0,1448.0,1424.0,1432.0,1452.0,1455.0,1449.0
0.0,8764.0,4238.0,4356.0,4304.0,4238.0,1412.0,1403.0,1423.0,1452.0,1455.0,1449.0,1412.0,1403.0,1423.0,2908.0,2941.0,2915.0,1412.0,1403.0,1423.0,1452.0,1455.0,1449.0
0.0,8830.0,4344.0,4357.0,4238.0,4347.0,1469.0,1436.0,1442.0,1453.0,1455.0,1449.0,1466.0,1436.0,1442.0,2944.0,2962.0,2924.0,1469.0,1436.0,1442.0,1453.0,1455.0,1449.0
0.0,8724.0,4319.0,4359.0,4347.0,4325.0,1425.0,1479.0,1421.0,1454.0,1456.0,1449.0,1422.0,1476.0,1421.0,2890.0,2929.0,2905.0,1425.0,1479.0,1421.0,1454.0,1456.0,1449.0
0.0,8752.0,4448.0,4362.0,4325.0,4457.0,1494.0,1480.0,1483.0,1455.0,1457.0,1450.0,1491.0,1477.0,1480.0,2937.0,2889.0,2926.0,1494.0,1480.0,1483.0,1455.0,1457.0,1450.0
0.0,8629.0,4359.0,4363.0,4457.0,4362.0,1467.0,1450.0,1445.0,1455.0,1457.0,1451.0,1467.0,1450.0,1442.0,2871.0,2891.0,2867.0,1467.0,1450.0,1445.0,1455.0,1457.0,1451.0
0.0,8727.0,4468.0,4365.0,4362.0,4474.0,1507.0,1497.0,1470.0,1456.0,1458.0,1451.0,1504.0,1494.0,1470.0,2898.0,2921.0,2908.0,1507.0,1497.0,1470.0,1456.0,1458.0,1451.0
0.0,8621.0,4445.0,4368.0,4474.0,4454.0,1480.0,1476.0,1498.0,1456.0,1459.0,1453.0,1480.0,1473.0,1492.0,2861.0,2877.0,2883.0,1480.0,1476.0,1498.0,1456.0,1459.0,1453.0
0.0,8650.0,4334.0,4369.0,4454.0,4337.0,1435.0,1436.0,1466.0,1456.0,1459.0,1454.0,1435.0,1436.0,1463.0,2888.0,2901.0,2861.0,1435.0,1436.0,1466.0,1456.0,1459.0,1454.0
0.0,8770.0,4430.0,4371.0,4337.0,4436.0,1466.0,1453.0,1517.0,1457.0,1459.0,1455.0,1463.0,1453.0,1514.0,2933.0,2941.0,2896.0,1466.0,1453.0,1517.0,1457.0,1459.0,1455.0
0.0,8677.0,4582.0,4374.0,4436.0,4591.0,1523.0,1508.0,1560.0,1458.0,1459.0,1457.0,1520.0,1508.0,1554.0,2905.0,2924.0,2848.0,1523.0,1508.0,1560.0,1458.0,1459.0,1457.0
0.0,8531.0,4380.0,4377.0,4591.0,4389.0,1458.0,1467.0,1464.0,1459.0,1460.0,1458.0,1455.0,1464.0,1461.0,2851.0,2869.0,2811.0,1458.0,1467.0,1464.0,1459.0,1460.0,1458.0
0.0,8742.0,4333.0,4378.0,4389.0,4336.0,1445.0,1456.0,1435.0,1459.0,1461.0,1458.0,1445.0,1453.0,1435.0,2919.0,2913.0,2910.0,1445.0,1456.0,1435.0,1459.0,1461.0,1458.0
0.0,8798.0,4463.0,4382.0,4336.0,4475.0,1477.0,1513.0,1485.0,1460.0,1463.0,1459.0,1474.0,1507.0,1482.0,2932.0,2927.0,2939.0,1477.0,1513.0,1485.0,1460.0,1463.0,1459.0
0.0,8671.0,4329.0,4383.0,4475.0,4332.0,1433.0,1455.0,1444.0,1460.0,1463.0,1460.0,1433.0,1455.0,1441.0,2903.0,2876.0,2892.0,1433.0,1455.0,1444.0,1460.0,1463.0,1460.0
0.0,8817.0,4334.0,4385.0,4332.0,4340.0,1454.0,1455.0,1431.0,1461.0,1464.0,1460.0,1451.0,1452.0,1431.0,2947.0,2934.0,2936.0,1454.0,1455.0,1431.0,1461.0,1464.0,1460.0
0.0,8815.0,4350.0,4385.0,4340.0,4350.0,1442.0,1470.0,1438.0,1461.0,1465.0,1459.0,1442.0,1467.0,1441.0,2929.0,2937.0,2949.0,1442.0,1470.0,1438.0,1461.0,1465.0,1459.0
0.0,8805.0,4453.0,4387.0,4350.0,4459.0,1510.0,1462.0,1487.0,1462.0,1465.0,1460.0,1507.0,1462.0,1484.0,2941.0,2925.0,2939.0,1510.0,1462.0,1487.0,1462.0,1465.0,1460.0
0.0,8702.0,4469.0,4391.0,4459.0,4481.0,1519.0,1461.0,1501.0,1463.0,1466.0,1462.0,1516.0,1458.0,1495.0,2876.0,2933.0,2893.0,1519.0,1461.0,1501.0,1463.0,1466.0,1462.0
0.0,8692.0,4517.0,4394.0,4481.0,4526.0,1515.0,1481.0,1530.0,1464.0,1466.0,1464.0,1512.0,1481.0,1524.0,2870.0,2937.0,2885.0,1515.0,1481.0,1530.0,1464.0,1466.0,1464.0
0.0,8656.0,4503.0,4395.0,4526.0,4506.0,1496.0,1494.0,1516.0,1464.0,1466.0,1465.0,1496.0,1494.0,1513.0,2877.0,2917.0,2862.0,1496.0,1494.0,1516.0,1464.0,1466.0,1465.0
0.0,8679.0,4563.0,4398.0,4506.0,4572.0,1517.0,1499.0,1556.0,1465.0,1466.0,1467.0,1514.0,1499.0,1550.0,2896.0,2904.0,2879.0,1517.0,1499.0,1556.0,1465.0,1466.0,1467.0
0.0,8622.0,4519.0,4400.0,4572.0,4525.0,1486.0,1509.0,1530.0,1466.0,1466.0,1468.0,1483.0,1509.0,1527.0,2878.0,2899.0,2845.0,1486.0,1509.0,1530.0,1466.0,1466.0,1468.0
0.0,8675.0,4437.0,4401.0,4525.0,4440.0,1467.0,1510.0,1463.0,1466.0,1467.0,1468.0,1467.0,1507.0,1463.0,2912.0,2889.0,2874.0,1467.0,1510.0,1463.0,1466.0,1467.0,1468.0
0.0,8763.0,4420.0,4402.0,4440.0,4423.0,1500.0,1463.0,1460.0,1467.0,1467.0,1468.0,1497.0,1463.0,1460.0,2931.0,2891.0,2941.0,1500.0,1463.0,1460.0,1467.0,1467.0,1468.0
0.0,8783.0,4459.0,4404.0,4423.0,4465.0,1503.0,1503.0,1459.0,1468.0,1468.0,1468.0,1500.0,1500.0,1459.0,2901.0,2938.0,2944.0,1503.0,1503.0,1459.0,1468.0,1468.0,1468.0
0.0,8747.0,4461.0,4409.0,4465.0,4476.0,1495.0,1502.0,1479.0,1469.0,1471.0,1469.0,1492.0,1493.0,1476.0,2901.0,2901.0,2945.0,1495.0,1502.0,1479.0,1469.0,1471.0,1469.0
0.0,8751.0,4392.0,4411.0,4476.0,4398.0,1464.0,1473.0,1461.0,1470.0,1471.0,1470.0,1461.0,1473.0,1458.0,2912.0,2911.0,2928.0,1464.0,1473.0,1461.0,1470.0,1471.0,1470.0
0.0,8835.0,4306.0,4410.0,4398.0,4303.0,1412.0,1438.0,1453.0,1469.0,1471.0,1470.0,1415.0,1438.0,1453.0,2946.0,2940.0,2949.0,1412.0,1438.0,1453.0,1469.0,1471.0,1470.0
0.0,8927.0,4347.0,4409.0,4303.0,4344.0,1445.0,1451.0,1448.0,1469.0,1471.0,1469.0,1445.0,1451.0,1451.0,2995.0,2975.0,2957.0,1445.0,1451.0,1448.0,1469.0,1471.0,1469.0
0.0,8883.0,4648.0,4413.0,4344.0,4660.0,1537.0,1581.0,1542.0,1470.0,1472.0,1471.0,1534.0,1578.0,1536.0,2962.0,2962.0,2959.0,1537.0,1581.0,1542.0,1470.0,1472.0,1471.0
0.0,8579.0,4505.0,4416.0,4660.0,4514.0,1503.0,1503.0,1508.0,1471.0,1473.0,1472.0,1500.0,1500.0,1505.0,2873.0,2835.0,2871.0,1503.0,1503.0,1508.0,1471.0,1473.0,1472.0
0.0,8734.0,4626.0,4418.0,4514.0,4632.0,1556.0,1546.0,1530.0,1472.0,1474.0,1472.0,1553.0,1543.0,1530.0,2910.0,2916.0,2908.0,1556.0,1546.0,1530.0,1472.0,1474.0,1472.0
0.0,8622.0,4664.0,4422.0,4632.0,4676.0,1533.0,1568.0,1575.0,1472.0,1475.0,1475.0,1533.0,1565.0,1566.0,2860.0,2876.0,2886.0,1533.0,1568.0,1575.0,1472.0,1475.0,1475.0
0.0,8590.0,4426.0,4421.0,4676.0,4423.0,1469.0,1487.0,1467.0,1472.0,1475.0,1474.0,1469.0,1487.0,1470.0,2883.0,2857.0,2850.0,1469.0,1487.0,1467.0,1472.0,1475.0,1474.0
0.0,8840.0,4459.0,4424.0,4423.0,4468.0,1491.0,1498.0,1479.0,1473.0,1476.0,1475.0,1488.0,1495.0,1476.0,2947.0,2938.0,2955.0,1491.0,1498.0,1479.0,1473.0,1476.0,1475.0
0.0,8804.0,4467.0,4426.0,4468.0,4473.0,1505.0,1470.0,1498.0,1474.0,1476.0,1476.0,1502.0,1470.0,1495.0,2928.0,2930.0,2946.0,1505.0,1470.0,1498.0,1474.0,1476.0,1476.0
0.0,8805.0,4372.0,4428.0,4473.0,4378.0,1472.0,1455.0,1451.0,1475.0,1477.0,1476.0,1469.0,1452.0,1451.0,2917.0,2958.0,2930.0,1472.0,1455.0,1451.0,1475.0,1477.0,1476.0
0.0,8906.0,4369.0,4426.0,4378.0,4363.0,1481.0,1465.0,1417.0,1475.0,1476.0,1475.0,1481.0,1468.0,1420.0,2953.0,2976.0,2977.0,1481.0,1465.0,1417.0,1475.0,1476.0,1475.0
0.0,8915.0,4427.0,4428.0,4363.0,4433.0,1509.0,1473.0,1451.0,1476.0,1477.0,1475.0,1506.0,1470.0,1451.0,2944.0,2963.0,3008.0,1509.0,1473.0,1451.0,1476.0,1477.0,1475.0
0.0,8851.0,4495.0,4432.0,4433.0,4507.0,1475.0,1506.0,1526.0,1477.0,1478.0,1477.0,1472.0,1503.0,1520.0,2919.0,2958.0,2974.0,1475.0,1506.0,1526.0,1477.0,1478.0,1477.0
0.0,8789.0,4397.0,4433.0,4507.0,4400.0,1442.0,1485.0,1473.0,1477.0,1479.0,1477.0,1442.0,1482.0,1473.0,2956.0,2928.0,2905.0,1442.0,1485.0,1473.0,1477.0,1479.0,1477.0
0.0,8899.0,4412.0,4433.0,4400.0,4412.0,1454.0,1491.0,1467.0,1477.0,1479.0,1477.0,1454.0,1491.0,1467.0,2989.0,2952.0,2958.0,1454.0,1491.0,1467.0,1477.0,1479.0,1477.0
0.0,8887.0,4483.0,4436.0,4412.0,4492.0,1499.0,1495.0,1498.0,1478.0,1480.0,1478.0,1496.0,1492.0,1495.0,2977.0,2946.0,2964.0,1499.0,1495.0,1498.0,1478.0,1480.0,1478.0
0.0,8816.0,4478.0,4435.0,4492.0,4475.0,1483.0,1490.0,1502.0,1477.0,1480.0,1478.0,1486.0,1490.0,1502.0,2935.0,2945.0,2936.0,1483.0,1490.0,1502.0,1477.0,1480.0,1478.0
0.0,8830.0,4606.0,4437.0,4475.0,4612.0,1560.0,1508.0,1544.0,1478.0,1480.0,1479.0,1557.0,1508.0,1541.0,2948.0,2950.0,2932.0,1560.0,1508.0,1544.0,1478.0,1480.0,1479.0
0.0,8699.0,4474.0,4439.0,4612.0,4480.0,1509.0,1476.0,1495.0,1479.0,1480.0,1480.0,1506.0,1476.0,1492.0,2874.0,2932.0,2893.0,1509.0,1476.0,1495.0,1479.0,1480.0,1480.0
0.0,8837.0,4442.0,4439.0,4480.0,4442.0,1482.0,1475.0,1485.0,1480.0,1479.0,1480.0,1479.0,1478.0,1485.0,2928.0,2964.0,2945.0,1482.0,1475.0,1485.0,1480.0,1479.0,1480.0
0.0,8875.0,4453.0,4436.0,4442.0,4444.0,1469.0,1489.0,1486.0,1479.0,1478.0,1479.0,1472.0,1492.0,1489.0,2958.0,2962.0,2955.0,1469.0,1489.0,1486.0,1479.0,1478.0,1479.0
0.0,8864.0,4455.0,4437.0,4444.0,4458.0,1488.0,1506.0,1464.0,1480.0,1479.0,1478.0,1485.0,1503.0,1467.0,2968.0,2945.0,2951.0,1488.0,1506.0,1464.0,1480.0,1479.0,1478.0
0.0,8853.0,4453.0,4438.0,4458.0,4456.0,1495.0,1517.0,1444.0,1480.0,1480.0,1478.0,1495.0,1514.0,1444.0,2952.0,2931.0,2970.0,1495.0,1517.0,1444.0,1480.0,1480.0,1478.0
0.0,8858.0,4482.0,4440.0,4456.0,4488.0,1499.0,1472.0,1517.0,1481.0,1480.0,1479.0,1496.0,1472.0,1514.0,2945.0,2923.0,2990.0,1499.0,1472.0,1517.0,1481.0,1480.0,1479.0
0.0,8832.0,4401.0,4442.0,4488.0,4407.0,1475.0,1455.0,1477.0,1481.0,1481.0,1480.0,1475.0,1452.0,1474.0,2944.0,2968.0,2920.0,1475.0,1455.0,1477.0,1481.0,1481.0,1480.0
0.0,8919.0,4420.0,4445.0,4407.0,4429.0,1470.0,1476.0,1483.0,1482.0,1482.0,1481.0,1467.0,1473.0,1480.0,2968.0,2988.0,2963.0,1470.0,1476.0,1483.0,1482.0,1482.0,1481.0
0.0,8906.0,4550.0,4449.0,4429.0,4562.0,1481.0,1536.0,1545.0,1482.0,1484.0,1483.0,1481.0,1530.0,1539.0,2976.0,2970.0,2960.0,1481.0,1536.0,1545.0,1482.0,1484.0,1483.0
0.0,8785.0,4334.0,4450.0,4562.0,4337.0,1467.0,1410.0,1460.0,1483.0,1483.0,1484.0,1464.0,1413.0,1457.0,2965.0,2916.0,2904.0,1467.0,1410.0,1460.0,1483.0,1483.0,1484.0
0.0,9013.0,4450.0,4451.0,4337.0,4453.0,1468.0,1465.0,1520.0,1483.0,1483.0,1485.0,1468.0,1465.0,1517.0,2982.0,3039.0,2992.0,1468.0,1465.0,1520.0,1483.0,1483.0,1485.0
0.0,8900.0,4503.0,4453.0,4453.0,4509.0,1509.0,1513.0,1487.0,1484.0,1484.0,1485.0,1506.0,1510.0,1487.0,2981.0,2984.0,2935.0,1509.0,1513.0,1487.0,1484.0,1484.0,1485.0
0.0,8850.0,4522.0,4454.0,4509.0,4525.0,1503.0,1525.0,1497.0,1484.0,1484.0,1486.0,1503.0,1525.0,1494.0,2943.0,2939.0,2968.0,1503.0,1525.0,1497.0,1484.0,1484.0,1486.0
0.0,8837.0,4395.0,4453.0,4525.0,4392.0,1481.0,1466.0,1445.0,1484.0,1484.0,1485.0,1481.0,1466.0,1448.0,2949.0,2927.0,2961.0,1481.0,1466.0,1445.0,1484.0,1484.0,1485.0
0.0,8967.0,4519.0,4457.0,4392.0,4531.0,1510.0,1504.0,1517.0,1485.0,1486.0,1486.0,1507.0,1498.0,1514.0,2971.0,2986.0,3010.0,1510.0,1504.0,1517.0,1485.0,1486.0,1486.0
0.0,8840.0,4437.0,4456.0,4531.0,4434.0,1475.0,1483.0,1476.0,1485.0,1486.0,1485.0,1475.0,1483.0,1479.0,2945.0,2954.0,2941.0,1475.0,1483.0,1476.0,1485.0,1486.0,1485.0
0.0,8934.0,4398.0,4453.0,4434.0,4389.0,1458.0,1452.0,1479.0,1484.0,1485.0,1484.0,1461.0,1455.0,1482.0,2980.0,2975.0,2979.0,1458.0,1452.0,1479.0,1484.0,1485.0,1484.0
0.0,8970.0,4430.0,4454.0,4389.0,4433.0,1493.0,1470.0,1470.0,1485.0,1485.0,1484.0,1490.0,1470.0,1470.0,2994.0,3003.0,2973.0,1493.0,1470.0,1470.0,1485.0,1485.0,1484.0
0.0,8929.0,4333.0,4454.0,4433.0,4333.0,1464.0,1445.0,1424.0,1485.0,1485.0,1484.0,1464.0,1445.0,1424.0,2962.0,2985.0,2982.0,1464.0,1445.0,1424.0,1485.0,1485.0,1484.0
0.0,9029.0,4453.0,4454.0,4333.0,4453.0,1501.0,1448.0,1504.0,1486.0,1484.0,1484.0,1498.0,1451.0,1504.0,2991.0,3010.0,3028.0,1501.0,1448.0,1504.0,1486.0,1484.0,1484.0
0.0,8909.0,4554.0,4458.0,4453.0,4566.0,1522.0,1514.0,1530.0,1487.0,1485.0,1486.0,1519.0,1511.0,1524.0,2957.0,3004.0,2948.0,1522.0,1514.0,1530.0,1487.0,1485.0,1486.0
0.0,8808.0,4413.0,4460.0,4566.0,4419.0,1477.0,1460.0,1482.0,1488.0,1485.0,1487.0,1474.0,1460.0,1479.0,2939.0,2941.0,2928.0,1477.0,1460.0,1482.0,1488.0,1485.0,1487.0
0.0,8961.0,4560.0,4464.0,4419.0,4572.0,1513.0,1518.0,1541.0,1489.0,1486.0,1489.0,1510.0,1515.0,1535.0,2987.0,2995.0,2979.0,1513.0,1518.0,1541.0,1489.0,1486.0,1489.0
0.0,8820.0,4513.0,4465.0,4572.0,4516.0,1488.0,1526.0,1502.0,1489.0,1487.0,1489.0,1488.0,1523.0,1502.0,2954.0,2940.0,2926.0,1488.0,1526.0,1502.0,1489.0,1487.0,1489.0
0.0,8879.0,4555.0,4467.0,4516.0,4561.0,1521.0,1535.0,1505.0,1489.0,1489.0,1489.0,1521.0,1529.0,1505.0,2979.0,2935.0,2965.0,1521.0,1535.0,1505.0,1489.0,1489.0,1489.0
0.0,8840.0,4563.0,4467.0,4561.0,4563.0,1546.0,1532.0,1485.0,1489.0,1490.0,1488.0,1546.0,1529.0,1488.0,2946.0,2932.0,2962.0,1546.0,1532.0,1485.0,1489.0,1490.0,1488.0
0.0,8838.0,4619.0,4469.0,4563.0,4625.0,1536.0,1536.0,1553.0,1490.0,1490.0,1489.0,1533.0,1536.0,1550.0,2921.0,2938.0,2979.0,1536.0,1536.0,1553.0,1490.0,1490.0,1489.0
0.0,8782.0,4523.0,4469.0,4625.0,4523.0,1484.0,1523.0,1516.0,1489.0,1491.0,1489.0,1487.0,1520.0,1516.0,2934.0,2934.0,2914.0,1484.0,1523.0,1516.0,1489.0,1491.0,1489.0
0.0,8884.0,4468.0,4468.0,4523.0,4465.0,1492.0,1465.0,1508.0,1490.0,1490.0,1488.0,1489.0,1468.0,1511.0,2983.0,2950.0,2951.0,1492.0,1465.0,1508.0,1490.0,1490.0,1488.0
0.0,8939.0,4461.0,4469.0,4465.0,4464.0,1464.0,1515.0,1485.0,1490.0,1490.0,1489.0,1464.0,1515.0,1482.0,2978.0,3005.0,2956.0,1464.0,1515.0,1485.0,1490.0,1490.0,1489.0
0.0,8943.0,4427.0,4468.0,4464.0,4424.0,1479.0,1454.0,1491.0,1489.0,1490.0,1489.0,1482.0,1454.0,1491.0,3006.0,2955.0,2982.0,1479.0,1454.0,1491.0,1489.0,1490.0,1489.0
0.0,8980.0,4511.0,4469.0,4424.0,4514.0,1490.0,1515.0,1509.0,1489.0,1490.0,1490.0,1490.0,1515.0,1506.0,2988.0,3016.0,2976.0,1490.0,1515.0,1509.0,1489.0,1490.0,1490.0
0.0,8893.0,4418.0,4469.0,4514.0,4418.0,1458.0,1508.0,1452.0,1488.0,1491.0,1490.0,1461.0,1505.0,1452.0,2977.0,2955.0,2961.0,1458.0,1508.0,1452.0,1488.0,1491.0,1490.0
0.0,8989.0,4427.0,4469.0,4418.0,4427.0,1478.0,1457.0,1492.0,1489.0,1490.0,1490.0,1475.0,1460.0,1492.0,3006.0,2965.0,3018.0,1478.0,1457.0,1492.0,1489.0,1490.0,1490.0
0.0,8980.0,4642.0,4475.0,4427.0,4660.0,1556.0,1540.0,1564.0,1491.0,1492.0,1492.0,1550.0,1534.0,1558.0,2989.0,3013.0,2978.0,1556.0,1540.0,1564.0,1491.0,1492.0,1492.0
0.0,8765.0,4441.0,4477.0,4660.0,4447.0,1484.0,1471.0,1492.0,1492.0,1492.0,1493.0,1481.0,1471.0,1489.0,2917.0,2936.0,2912.0,1484.0,1471.0,1492.0,1492.0,1492.0,1493.0
0.0,8984.0,4510.0,4475.0,4447.0,4504.0,1501.0,1483.0,1520.0,1491.0,1491.0,1493.0,1504.0,1486.0,1520.0,2992.0,3005.0,2987.0,1501.0,1483.0,1520.0,1491.0,1491.0,1493.0
0.0,8921.0,4475.0,4474.0,4504.0,4472.0,1526.0,1480.0,1466.0,1492.0,1490.0,1492.0,1523.0,1483.0,1469.0,2972.0,2990.0,2959.0,1526.0,1480.0,1466.0,1492.0,1490.0,1492.0
0.0,8950.0,4506.0,4472.0,4472.0,4500.0,1527.0,1510.0,1463.0,1491.0,1490.0,1491.0,1530.0,1510.0,1466.0,2950.0,2990.0,3010.0,1527.0,1510.0,1463.0,1491.0,1490.0,1491.0
0.0,8916.0,4500.0,4470.0,4500.0,4494.0,1493.0,1504.0,1497.0,1491.0,1489.0,1490.0,1493.0,1507.0,1500.0,2946.0,2960.0,3010.0,1493.0,1504.0,1497.0,1491.0,1489.0,1490.0
0.0,8916.0,4586.0,4473.0,4494.0,4595.0,1525.0,1544.0,1526.0,1492.0,1490.0,1491.0,1522.0,1541.0,1523.0,2980.0,2963.0,2973.0,1525.0,1544.0,1526.0,1492.0,1490.0,1491.0
0.0,8824.0,4497.0,4473.0,4595.0,4497.0,1482.0,1517.0,1498.0,1492.0,1490.0,1491.0,1482.0,1517.0,1498.0,2951.0,2926.0,2947.0,1482.0,1517.0,1498.0,1492.0,1490.0,1491.0
0.0,8922.0,4521.0,4474.0,4497.0,4524.0,1503.0,1505.0,1516.0,1492.0,1491.0,1491.0,1503.0,1502.0,1516.0,2994.0,2953.0,2975.0,1503.0,1505.0,1516.0,1492.0,1491.0,1491.0
0.0,8898.0,4561.0,4477.0,4524.0,4570.0,1511.0,1527.0,1532.0,1492.0,1492.0,1493.0,1511.0,1524.0,1526.0,2973.0,2968.0,2957.0,1511.0,1527.0,1532.0,1492.0,1492.0,1493.0
0.0,8861.0,4537.0,4481.0,4570.0,4549.0,1534.0,1496.0,1519.0,1493.0,1493.0,1495.0,1531.0,1493.0,1513.0,2965.0,2949.0,2947.0,1534.0,1496.0,1519.0,1493.0,1493.0,1495.0
0.0,8894.0,4441.0,4480.0,4549.0,4438.0,1495.0,1452.0,1491.0,1493.0,1492.0,1495.0,1495.0,1455.0,1491.0,2945.0,2983.0,2966.0,1495.0,1452.0,1491.0,1493.0,1492.0,1495.0
0.0,9002.0,4484.0,4481.0,4438.0,4487.0,1512.0,1480.0,1495.0,1494.0,1492.0,1495.0,1509.0,1480.0,1495.0,2984.0,3024.0,2994.0,1512.0,1480.0,1495.0,1494.0,1492.0,1495.0
0.0,8956.0,4333.0,4479.0,4487.0,4327.0,1414.0,1439.0,1474.0,1493.0,1491.0,1495.0,1417.0,1442.0,1474.0,2970.0,2996.0,2990.0,1414.0,1439.0,1474.0,1493.0,1491.0,1495.0
0.0,9110.0,4414.0,4480.0,4327.0,4417.0,1474.0,1479.0,1464.0,1494.0,1491.0,1495.0,1471.0,1479.0,1464.0,3065.0,3034.0,3011.0,1474.0,1479.0,1464.0,1494.0,1491.0,1495.0
0.0,9023.0,4588.0,4481.0,4417.0,4591.0,1527.0,1551.0,1513.0,1494.0,1492.0,1495.0,1527.0,1548.0,1513.0,3008.0,2994.0,3021.0,1527.0,1551.0,1513.0,1494.0,1492.0,1495.0
0.0,8852.0,4465.0,4482.0,4591.0,4468.0,1500.0,1496.0,1472.0,1495.0,1492.0,1495.0,1497.0,1496.0,1472.0,2955.0,2925.0,2972.0,1500.0,1496.0,1472.0,1495.0,1492.0,1495.0
0.0,8978.0,4500.0,4480.0,4468.0,4494.0,1503.0,1511.0,1480.0,1494.0,1492.0,1494.0,1506.0,1511.0,1483.0,2985.0,2980.0,3013.0,1503.0,1511.0,1480.0,1494.0,1492.0,1494.0
0.0,8946.0,4498.0,4480.0,4494.0,4498.0,1506.0,1518.0,1474.0,1494.0,1493.0,1493.0,1506.0,1515.0,1477.0,2979.0,2965.0,3002.0,1506.0,1518.0,1474.0,1494.0,1493.0,1493.0
0.0,8942.0,4602.0,4482.0,4498.0,4608.0,1501.0,1557.0,1550.0,1494.0,1494.0,1494.0,1501.0,1554.0,1547.0,2976.0,2961.0,3005.0,1501.0,1557.0,1550.0,1494.0,1494.0,1494.0
0.0,8838.0,4597.0,4486.0,4608.0,4609.0,1532.0,1524.0,1553.0,1495.0,1495.0,1496.0,1529.0,1521.0,1547.0,2981.0,2925.0,2932.0,1532.0,1524.0,1553.0,1495.0,1495.0,1496.0
0.0,8849.0,4523.0,4487.0,4609.0,4526.0,1481.0,1506.0,1539.0,1495.0,1495.0,1497.0,1481.0,1506.0,1536.0,2953.0,2961.0,2935.0,1481.0,1506.0,1539.0,1495.0,1495.0,1497.0
0.0,8935.0,4543.0,4488.0,4526.0,4546.0,1515.0,1476.0,1555.0,1495.0,1494.0,1499.0,1515.0,1479.0,1549.0,3004.0,2979.0,2952.0,1515.0,1476.0,1555.0,1495.0,1494.0,1499.0
0.0,8918.0,4590.0,4490.0,4546.0,4596.0,1540.0,1519.0,1537.0,1496.0,1495.0,1499.0,1537.0,1516.0,1537.0,2970.0,3006.0,2942.0,1540.0,1519.0,1537.0,1496.0,1495.0,1499.0
0.0,8874.0,4433.0,4491.0,4596.0,4436.0,1477.0,1488.0,1471.0,1496.0,1496.0,1499.0,1477.0,1485.0,1471.0,2948.0,2966.0,2960.0,1477.0,1488.0,1471.0,1496.0,1496.0,1499.0
0.0,9037.0,4500.0,4492.0,4436.0,4503.0,1469.0,1544.0,1490.0,1496.0,1497.0,1499.0,1469.0,1541.0,1490.0,3011.0,3000.0,3026.0,1469.0,1544.0,1490.0,1496.0,1497.0,1499.0
0.0,8973.0,4608.0,4494.0,4503.0,4614.0,1529.0,1562.0,1523.0,1497.0,1498.0,1499.0,1526.0,1559.0,1523.0,3019.0,2947.0,3007.0,1529.0,1562.0,1523.0,1497.0,1498.0,1499.0
0.0,8868.0,4468.0,4497.0,4614.0,4477.0,1492.0,1475.0,1510.0,1498.0,1499.0,1500.0,1489.0,1472.0,1507.0,2962.0,2932.0,2974.0,1492.0,1475.0,1510.0,1498.0,1499.0,1500.0
0.0,9014.0,4537.0,4498.0,4477.0,4540.0,1506.0,1512.0,1522.0,1498.0,1500.0,1500.0,1506.0,1509.0,1522.0,3002.0,3022.0,2990.0,1506.0,1512.0,1522.0,1498.0,1500.0,1500.0
0.0,8954.0,4604.0,4500.0,4540.0,4610.0,1552.0,1533.0,1525.0,1499.0,1500.0,1501.0,1549.0,1533.0,1522.0,2988.0,2988.0,2978.0,1552.0,1533.0,1525.0,1499.0,1500.0,1501.0
0.0,8890.0,4568.0,4502.0,4610.0,4574.0,1541.0,1502.0,1531.0,1500.0,1500.0,1502.0,1538.0,1502.0,1528.0,2945.0,2967.0,2978.0,1541.0,1502.0,1531.0,1500.0,1500.0,1502.0
0.0,8932.0,4613.0,4505.0,4574.0,4622.0,1561.0,1503.0,1558.0,1501.0,1500.0,1504.0,1558.0,1503.0,1552.0,2959.0,2998.0,2975.0,1561.0,1503.0,1558.0,1501.0,1500.0,1504.0
0.0,8893.0,4658.0,4508.0,4622.0,4667.0,1550.0,1548.0,1569.0,1502.0,1501.0,1505.0,1547.0,1545.0,1566.0,2942.0,2997.0,2954.0,1550.0,1548.0,1569.0,1502.0,1501.0,1505.0
0.0,8857.0,4589.0,4510.0,4667.0,4595.0,1498.0,1552.0,1545.0,1502.0,1502.0,1506.0,1498.0,1549.0,1542.0,2956.0,2955.0,2946.0,1498.0,1552.0,1545.0,1502.0,1502.0,1506.0
0.0,8935.0,4518.0,4513.0,4595.0,4527.0,1496.0,1515.0,1516.0,1503.0,1504.0,1506.0,1493.0,1509.0,1516.0,3008.0,2954.0,2973.0,1496.0,1515.0,1516.0,1503.0,1504.0,1506.0
0.0,9012.0,4426.0,4513.0,4527.0,4426.0,1438.0,1488.0,1500.0,1502.0,1504.0,1507.0,1441.0,1488.0,1497.0,3013.0,2997.0,3002.0,1438.0,1488.0,1500.0,1502.0,1504.0,1507.0
0.0,9113.0,4616.0,4519.0,4426.0,4634.0,1548.0,1547.0,1539.0,1504.0,1506.0,1509.0,1542.0,1541.0,1533.0,3068.0,3024.0,3021.0,1548.0,1547.0,1539.0,1504.0,1506.0,1509.0
0.0,8923.0,4417.0,4518.0,4634.0,4414.0,1455.0,1475.0,1484.0,1503.0,1506.0,1509.0,1458.0,1475.0,1484.0,2964.0,2971.0,2988.0,1455.0,1475.0,1484.0,1503.0,1506.0,1509.0
0.0,9140.0,4463.0,4516.0,4414.0,4457.0,1525.0,1460.0,1472.0,1503.0,1505.0,1508.0,1525.0,1463.0,1475.0,3054.0,3043.0,3043.0,1525.0,1460.0,1472.0,1503.0,1505.0,1508.0
0.0,9091.0,4562.0,4518.0,4457.0,4568.0,1533.0,1520.0,1515.0,1504.0,1506.0,1508.0,1530.0,1517.0,1515.0,2984.0,3055.0,3052.0,1533.0,1520.0,1515.0,1504.0,1506.0,1508.0
0.0,8986.0,4434.0,4516.0,4568.0,4428.0,1468.0,1479.0,1481.0,1503.0,1506.0,1507.0,1471.0,1479.0,1484.0,2979.0,2998.0,3009.0,1468.0,1479.0,1481.0,1503.0,1506.0,1507.0
0.0,9120.0,4584.0,4518.0,4428.0,4590.0,1536.0,1530.0,1524.0,1504.0,1506.0,1508.0,1533.0,1530.0,1521.0,3041.0,3039.0,3040.0,1536.0,1530.0,1524.0,1504.0,1506.0,1508.0
0.0,8964.0,4631.0,4519.0,4590.0,4634.0,1542.0,1555.0,1537.0,1505.0,1506.0,1508.0,1539.0,1555.0,1537.0,2976.0,2988.0,3000.0,1542.0,1555.0,1537.0,1505.0,1506.0,1508.0
0.0,8923.0,4603.0,4520.0,4634.0,4606.0,1536.0,1512.0,1558.0,1504.0,1506.0,1510.0,1539.0,1512.0,1552.0,2973.0,2963.0,2987.0,1536.0,1512.0,1558.0,1504.0,1506.0,1510.0
0.0,8954.0,4628.0,4520.0,4606.0,4628.0,1527.0,1548.0,1553.0,1504.0,1506.0,1510.0,1527.0,1548.0,1553.0,2976.0,3006.0,2972.0,1527.0,1548.0,1553.0,1504.0,1506.0,1510.0
0.0,8932.0,4621.0,4522.0,4628.0,4627.0,1528.0,1519.0,1580.0,1505.0,1506.0,1511.0,1525.0,1519.0,1577.0,2985.0,2970.0,2977.0,1528.0,1519.0,1580.0,1505.0,1506.0,1511.0
0.0,8939.0,4602.0,4524.0,4627.0,4608.0,1512.0,1526.0,1570.0,1505.0,1507.0,1512.0,1512.0,1523.0,1567.0,2987.0,2999.0,2953.0,1512.0,1526.0,1570.0,1505.0,1507.0,1512.0
0.0,8964.0,4632.0,4528.0,4608.0,4644.0,1547.0,1551.0,1546.0,1507.0,1508.0,1513.0,1541.0,1548.0,1543.0,3003.0,2995.0,2966.0,1547.0,1551.0,1546.0,1507.0,1508.0,1513.0
0.0,8940.0,4623.0,4531.0,4644.0,4632.0,1562.0,1525.0,1545.0,1508.0,1509.0,1514.0,1559.0,1522.0,1542.0,2974.0,2973.0,2993.0,1562.0,1525.0,1545.0,1508.0,1509.0,1514.0
0.0,8961.0,4470.0,4531.0,4632.0,4470.0,1510.0,1466.0,1494.0,1509.0,1508.0,1514.0,1507.0,1469.0,1494.0,2962.0,3002.0,2997.0,1510.0,1466.0,1494.0,1509.0,1508.0,1514.0
0.0,9123.0,4548.0,4533.0,4470.0,4554.0,1531.0,1502.0,1521.0,1510.0,1508.0,1515.0,1528.0,1502.0,1518.0,3017.0,3058.0,3048.0,1531.0,1502.0,1521.0,1510.0,1508.0,1515.0
0.0,9045.0,4502.0,4535.0,4554.0,4508.0,1508.0,1513.0,1487.0,1511.0,1509.0,1515.0,1505.0,1510.0,1487.0,2999.0,3022.0,3024.0,1508.0,1513.0,1487.0,1511.0,1509.0,1515.0
0.0,9097.0,4502.0,4532.0,4508.0,4493.0,1499.0,1538.0,1456.0,1510.0,1509.0,1513.0,1502.0,1538.0,1462.0,3025.0,3014.0,3058.0,1499.0,1538.0,1456.0,1510.0,1509.0,1513.0
0.0,9103.0,4542.0,4534.0,4493.0,4548.0,1507.0,1519.0,1522.0,1510.0,1510.0,1514.0,1507.0,1516.0,1519.0,3031.0,2989.0,3083.0,1507.0,1519.0,1522.0,1510.0,1510.0,1514.0
0.0,9054.0,4570.0,4536.0,4548.0,4576.0,1530.0,1539.0,1507.0,1511.0,1511.0,1514.0,1527.0,1536.0,1507.0,3023.0,3011.0,3020.0,1530.0,1539.0,1507.0,1511.0,1511.0,1514.0
0.0,9032.0,4667.0,4539.0,4576.0,4676.0,1553.0,1542.0,1581.0,1511.0,1512.0,1516.0,1553.0,1539.0,1575.0,3003.0,2994.0,3035.0,1553.0,1542.0,1581.0,1511.0,1512.0,1516.0
0.0,8941.0,4661.0,4542.0,4676.0,4670.0,1560.0,1545.0,1565.0,1512.0,1513.0,1517.0,1557.0,1542.0,1562.0,2980.0,2994.0,2967.0,1560.0,1545.0,1565.0,1512.0,1513.0,1517.0
0.0,8956.0,4604.0,4543.0,4670.0,4607.0,1532.0,1526.0,1549.0,1512.0,1513.0,1518.0,1532.0,1526.0,1546.0,2976.0,2994.0,2986.0,1532.0,1526.0,1549.0,1512.0,1513.0,1518.0
0.0,9022.0,4648.0,4546.0,4607.0,4657.0,1538.0,1564.0,1555.0,1513.0,1514.0,1519.0,1535.0,1561.0,1552.0,3004.0,3013.0,3005.0,1538.0,1564.0,1555.0,1513.0,1514.0,1519.0
0.0,8981.0,4621.0,4548.0,4657.0,4627.0,1532.0,1530.0,1565.0,1514.0,1514.0,1520.0,1529.0,1530.0,1562.0,3001.0,2978.0,3002.0,1532.0,1530.0,1565.0,1514.0,1514.0,1520.0
0.0,9017.0,4509.0,4548.0,4627.0,4509.0,1497.0,1512.0,1500.0,1514.0,1514.0,1520.0,1497.0,1512.0,1500.0,3010.0,3012.0,2995.0,1497.0,1512.0,1500.0,1514.0,1514.0,1520.0
0.0,9135.0,4687.0,4550.0,4509.0,4693.0,1548.0,1572.0,1573.0,1514.0,1515.0,1521.0,1548.0,1569.0,1570.0,3045.0,3030.0,3060.0,1548.0,1572.0,1573.0,1514.0,1515.0,1521.0
0.0,8957.0,4630.0,4552.0,4693.0,4636.0,1562.0,1546.0,1528.0,1515.0,1516.0,1521.0,1559.0,1543.0,1528.0,2994.0,2973.0,2990.0,1562.0,1546.0,1528.0,1515.0,1516.0,1521.0
0.0,9020.0,4515.0,4553.0,4636.0,4518.0,1525.0,1519.0,1474.0,1515.0,1517.0,1521.0,1525.0,1516.0,1474.0,2983.0,3002.0,3035.0,1525.0,1519.0,1474.0,1515.0,1517.0,1521.0
0.0,9141.0,4519.0,4554.0,4518.0,4522.0,1527.0,1515.0,1480.0,1516.0,1518.0,1520.0,1524.0,1512.0,1483.0,3020.0,3032.0,3089.0,1527.0,1515.0,1480.0,1516.0,1518.0,1520.0
0.0,9140.0,4405.0,4555.0,4522.0,4408.0,1481.0,1459.0,1468.0,1517.0,1518.0,1520.0,1478.0,1459.0,1468.0,3021.0,3039.0,3080.0,1481.0,1459.0,1468.0,1517.0,1518.0,1520.0
0.0,9257.0,4506.0,4556.0,4408.0,4509.0,1485.0,1495.0,1529.0,1517.0,1518.0,1521.0,1485.0,1495.0,1526.0,3070.0,3095.0,3092.0,1485.0,1495.0,1529.0,1517.0,1518.0,1521.0
0.0,9159.0,4569.0,4557.0,4509.0,4572.0,1509.0,1511.0,1552.0,1517.0,1518.0,1522.0,1509.0,1511.0,1549.0,3066.0,3059.0,3034.0,1509.0,1511.0,1552.0,1517.0,1518.0,1522.0
0.0,9099.0,4694.0,4561.0,4572.0,4706.0,1566.0,1562.0,1578.0,1518.0,1519.0,1524.0,1563.0,1559.0,1572.0,3042.0,3043.0,3014.0,1566.0,1562.0,1578.0,1518.0,1519.0,1524.0
0.0,8977.0,4745.0,4566.0,4706.0,4760.0,1602.0,1563.0,1595.0,1520.0,1520.0,1526.0,1596.0,1560.0,1589.0,2988.0,2995.0,2994.0,1602.0,1563.0,1595.0,1520.0,1520.0,1526.0
0.0,8938.0,4609.0,4568.0,4760.0,4615.0,1552.0,1527.0,1536.0,1521.0,1520.0,1527.0,1549.0,1527.0,1533.0,2958.0,2997.0,2983.0,1552.0,1527.0,1536.0,1521.0,1520.0,1527.0
0.0,9089.0,4660.0,4568.0,4615.0,4660.0,1526.0,1569.0,1565.0,1521.0,1520.0,1527.0,1526.0,1569.0,1565.0,3011.0,3033.0,3045.0,1526.0,1569.0,1565.0,1521.0,1520.0,1527.0
0.0,9044.0,4730.0,4571.0,4660.0,4739.0,1535.0,1606.0,1598.0,1521.0,1522.0,1528.0,1535.0,1600.0,1595.0,3037.0,2991.0,3016.0,1535.0,1606.0,1598.0,1521.0,1522.0,1528.0
0.0,8974.0,4649.0,4575.0,4739.0,4661.0,1559.0,1553.0,1549.0,1523.0,1523.0,1529.0,1553.0,1550.0,1546.0,3028.0,2960.0,2986.0,1559.0,1553.0,1549.0,1523.0,1523.0,1529.0
0.0,9064.0,4498.0,4573.0,4661.0,4492.0,1541.0,1486.0,1465.0,1523.0,1523.0,1527.0,1541.0,1486.0,1471.0,3010.0,3016.0,3038.0,1541.0,1486.0,1465.0,1523.0,1523.0,1527.0
0.0,9227.0,4500.0,4571.0,4492.0,4494.0,1518.0,1503.0,1473.0,1523.0,1522.0,1526.0,1518.0,1506.0,1476.0,3028.0,3083.0,3116.0,1518.0,1503.0,1473.0,1523.0,1522.0,1526.0
0.0,9219.0,4486.0,4572.0,4494.0,4489.0,1513.0,1501.0,1475.0,1523.0,1523.0,1526.0,1513.0,1498.0,1475.0,3051.0,3063.0,3105.0,1513.0,1501.0,1475.0,1523.0,1523.0,1526.0
0.0,9227.0,4579.0,4574.0,4489.0,4585.0,1543.0,1506.0,1536.0,1525.0,1522.0,1527.0,1537.0,1509.0,1533.0,3056.0,3068.0,3103.0,1543.0,1506.0,1536.0,1525.0,1522.0,1527.0
0.0,9137.0,4580.0,4573.0,4585.0,4577.0,1527.0,1520.0,1530.0,1525.0,1521.0,1527.0,1527.0,1523.0,1530.0,3032.0,3060.0,3045.0,1527.0,1520.0,1530.0,1525.0,1521.0,1527.0
0.0,9142.0,4564.0,4576.0,4577.0,4573.0,1487.0,1541.0,1545.0,1525.0,1523.0,1528.0,1487.0,1535.0,1542.0,3048.0,3043.0,3051.0,1487.0,1541.0,1545.0,1525.0,1523.0,1528.0
0.0,9155.0,4607.0,4576.0,4573.0,4607.0,1519.0,1538.0,1550.0,1525.0,1523.0,1528.0,1519.0,1538.0,1550.0,3088.0,3028.0,3039.0,1519.0,1538.0,1550.0,1525.0,1523.0,1528.0
0.0,9121.0,4633.0,4577.0,4607.0,4636.0,1550.0,1525.0,1561.0,1525.0,1523.0,1529.0,1550.0,1525.0,1558.0,3056.0,3031.0,3034.0,1550.0,1525.0,1561.0,1525.0,1523.0,1529.0
0.0,9095.0,4691.0,4580.0,4636.0,4700.0,1574.0,1549.0,1577.0,1526.0,1524.0,1530.0,1571.0,1546.0,1574.0,3025.0,3044.0,3026.0,1574.0,1549.0,1577.0,1526.0,1524.0,1530.0
0.0,9040.0,4684.0,4580.0,4700.0,4684.0,1578.0,1530.0,1576.0,1526.0,1524.0,1530.0,1578.0,1530.0,1576.0,3004.0,3023.0,3013.0,1578.0,1530.0,1576.0,1526.0,1524.0,1530.0
0.0,9056.0,4598.0,4580.0,4684.0,4598.0,1548.0,1519.0,1531.0,1526.0,1524.0,1530.0,1548.0,1519.0,1531.0,3000.0,3042.0,3014.0,1548.0,1519.0,1531.0,1526.0,1524.0,1530.0
0.0,9142.0,4643.0,4581.0,4598.0,4646.0,1536.0,1547.0,1563.0,1527.0,1524.0,1530.0,1533.0,1547.0,1563.0,3030.0,3053.0,3059.0,1536.0,1547.0,1563.0,1527.0,1524.0,1530.0
0.0,9097.0,4609.0,4583.0,4646.0,4615.0,1546.0,1546.0,1523.0,1528.0,1525.0,1530.0,1543.0,1543.0,1523.0,3045.0,3025.0,3027.0,1546.0,1546.0,1523.0,1528.0,1525.0,1530.0
0.0,9134.0,4559.0,4585.0,4615.0,4565.0,1521.0,1512.0,1532.0,1529.0,1525.0,1531.0,1518.0,1512.0,1529.0,3038.0,3029.0,3067.0,1521.0,1512.0,1532.0,1529.0,1525.0,1531.0
0.0,9190.0,4638.0,4585.0,4565.0,4638.0,1557.0,1538.0,1543.0,1529.0,1525.0,1531.0,1557.0,1538.0,1543.0,3066.0,3063.0,3061.0,1557.0,1538.0,1543.0,1529.0,1525.0,1531.0
0.0,9117.0,4555.0,4588.0,4638.0,4564.0,1544.0,1516.0,1504.0,1531.0,1526.0,1531.0,1538.0,1513.0,1504.0,3030.0,3037.0,3050.0,1544.0,1516.0,1504.0,1531.0,1526.0,1531.0
0.0,9200.0,4561.0,4589.0,4564.0,4564.0,1500.0,1529.0,1535.0,1530.0,1527.0,1532.0,1503.0,1526.0,1532.0,3049.0,3062.0,3089.0,1500.0,1529.0,1535.0,1530.0,1527.0,1532.0
0.0,9203.0,4565.0,4590.0,4564.0,4568.0,1525.0,1500.0,1543.0,1530.0,1527.0,1533.0,1525.0,1500.0,1540.0,3090.0,3052.0,3061.0,1525.0,1500.0,1543.0,1530.0,1527.0,1533.0
0.0,9202.0,4571.0,4592.0,4568.0,4577.0,1510.0,1518.0,1549.0,1531.0,1527.0,1534.0,1507.0,1518.0,1546.0,3065.0,3081.0,3056.0,1510.0,1518.0,1549.0,1531.0,1527.0,1534.0
0.0,9199.0,4645.0,4594.0,4577.0,4651.0,1541.0,1556.0,1554.0,1531.0,1528.0,1535.0,1541.0,1553.0,1551.0,3083.0,3063.0,3053.0,1541.0,1556.0,1554.0,1531.0,1528.0,1535.0
0.0,9131.0,4552.0,4592.0,4651.0,4546.0,1523.0,1499.0,1524.0,1531.0,1527.0,1534.0,1523.0,1502.0,1527.0,3052.0,3028.0,3051.0,1523.0,1499.0,1524.0,1531.0,1527.0,1534.0
0.0,9230.0,4624.0,4593.0,4546.0,4627.0,1574.0,1528.0,1525.0,1532.0,1527.0,1534.0,1571.0,1528.0,1525.0,3070.0,3082.0,3078.0,1574.0,1528.0,1525.0,1532.0,1527.0,1534.0
0.0,9152.0,4695.0,4594.0,4627.0,4698.0,1551.0,1585.0,1562.0,1532.0,1528.0,1534.0,1551.0,1582.0,1562.0,3022.0,3053.0,3077.0,1551.0,1585.0,1562.0,1532.0,1528.0,1534.0
0.0,9084.0,4703.0,4596.0,4698.0,4709.0,1558.0,1577.0,1574.0,1533.0,1529.0,1534.0,1555.0,1574.0,1574.0,3045.0,2999.0,3040.0,1558.0,1577.0,1574.0,1533.0,1529.0,1534.0
0.0,9079.0,4683.0,4597.0,4709.0,4686.0,1527.0,1591.0,1568.0,1533.0,1530.0,1534.0,1527.0,1588.0,1568.0,3041.0,3010.0,3028.0,1527.0,1591.0,1568.0,1533.0,1530.0,1534.0
0.0,9105.0,4588.0,4596.0,4686.0,4585.0,1514.0,1547.0,1524.0,1532.0,1530.0,1534.0,1517.0,1547.0,1524.0,3072.0,2999.0,3034.0,1514.0,1547.0,1524.0,1532.0,1530.0,1534.0
0.0,9203.0,4573.0,4595.0,4585.0,4570.0,1528.0,1519.0,1523.0,1532.0,1530.0,1533.0,1528.0,1519.0,1526.0,3082.0,3043.0,3078.0,1528.0,1519.0,1523.0,1532.0,1530.0,1533.0
0.0,9215.0,4588.0,4598.0,4570.0,4597.0,1550.0,1540.0,1507.0,1533.0,1531.0,1534.0,1547.0,1537.0,1504.0,3068.0,3071.0,3076.0,1550.0,1540.0,1507.0,1533.0,1531.0,1534.0
0.0,9197.0,4548.0,4598.0,4597.0,4548.0,1531.0,1483.0,1534.0,1533.0,1531.0,1534.0,1531.0,1483.0,1534.0,3049.0,3053.0,3095.0,1531.0,1483.0,1534.0,1533.0,1531.0,1534.0
0.0,9246.0,4544.0,4599.0,4548.0,4547.0,1506.0,1502.0,1539.0,1533.0,1531.0,1535.0,1506.0,1502.0,1536.0,3068.0,3110.0,3068.0,1506.0,1502.0,1539.0,1533.0,1531.0,1535.0
0.0,9250.0,4562.0,4599.0,4547.0,4562.0,1516.0,1518.0,1528.0,1533.0,1530.0,1536.0,1516.0,1521.0,1525.0,3093.0,3091.0,3066.0,1516.0,1518.0,1528.0,1533.0,1530.0,1536.0
0.0,9235.0,4642.0,4601.0,4562.0,4648.0,1519.0,1550.0,1579.0,1533.0,1531.0,1537.0,1519.0,1547.0,1576.0,3083.0,3072.0,3080.0,1519.0,1550.0,1579.0,1533.0,1531.0,1537.0
0.0,9155.0,4751.0,4605.0,4648.0,4763.0,1576.0,1600.0,1587.0,1534.0,1532.0,1539.0,1573.0,1597.0,1581.0,3080.0,3043.0,3032.0,1576.0,1600.0,1587.0,1534.0,1532.0,1539.0
0.0,9052.0,4736.0,4606.0,4763.0,4739.0,1583.0,1591.0,1565.0,1535.0,1533.0,1538.0,1580.0,1588.0,1568.0,3026.0,2996.0,3030.0,1583.0,1591.0,1565.0,1535.0,1533.0,1538.0
0.0,9079.0,4672.0,4606.0,4739.0,4672.0,1576.0,1560.0,1536.0,1535.0,1533.0,1538.0,1576.0,1560.0,1536.0,3022.0,3008.0,3049.0,1576.0,1560.0,1536.0,1535.0,1533.0,1538.0
0.0,9146.0,4741.0,4609.0,4672.0,4750.0,1571.0,1619.0,1560.0,1536.0,1535.0,1538.0,1568.0,1613.0,1560.0,3029.0,3039.0,3078.0,1571.0,1619.0,1560.0,1536.0,1535.0,1538.0
0.0,9077.0,4672.0,4609.0,4750.0,4672.0,1571.0,1558.0,1543.0,1536.0,1535.0,1538.0,1571.0,1558.0,1543.0,3037.0,2986.0,3054.0,1571.0,1558.0,1543.0,1536.0,1535.0,1538.0
0.0,9155.0,4681.0,4610.0,4672.0,4684.0,1567.0,1588.0,1529.0,1537.0,1536.0,1537.0,1564.0,1585.0,1532.0,3037.0,3047.0,3071.0,1567.0,1588.0,1529.0,1537.0,1536.0,1537.0
0.0,9146.0,4667.0,4614.0,4684.0,4679.0,1536.0,1562.0,1581.0,1538.0,1537.0,1539.0,1533.0,1559.0,1575.0,3044.0,3020.0,3082.0,1536.0,1562.0,1581.0,1538.0,1537.0,1539.0
0.0,9163.0,4677.0,4614.0,4679.0,4677.0,1556.0,1551.0,1570.0,1538.0,1537.0,1539.0,1556.0,1551.0,1570.0,3078.0,3049.0,3036.0,1556.0,1551.0,1570.0,1538.0,1537.0,1539.0
0.0,9165.0,4665.0,4614.0,4677.0,4665.0,1574.0,1526.0,1565.0,1538.0,1536.0,1540.0,1574.0,1529.0,1562.0,3058.0,3060.0,3047.0,1574.0,1526.0,1565.0,1538.0,1536.0,1540.0
0.0,9177.0,4662.0,4618.0,4665.0,4674.0,1550.0,1579.0,1545.0,1539.0,1538.0,1541.0,1547.0,1573.0,1542.0,3040.0,3082.0,3055.0,1550.0,1579.0,1545.0,1539.0,1538.0,1541.0
0.0,9180.0,4606.0,4619.0,4674.0,4609.0,1496.0,1535.0,1578.0,1538.0,1538.0,1543.0,1499.0,1535.0,1572.0,3067.0,3035.0,3078.0,1496.0,1535.0,1578.0,1538.0,1538.0,1543.0
0.0,9248.0,4771.0,4626.0,4609.0,4792.0,1577.0,1613.0,1602.0,1540.0,1541.0,1545.0,1571.0,1604.0,1596.0,3118.0,3079.0,3051.0,1577.0,1613.0,1602.0,1540.0,1541.0,1545.0
0.0,9086.0,4648.0,4629.0,4792.0,4657.0,1557.0,1545.0,1555.0,1541.0,1542.0,1546.0,1554.0,1542.0,1552.0,3043.0,3010.0,3033.0,1557.0,1545.0,1555.0,1541.0,1542.0,1546.0
0.0,9230.0,4642.0,4630.0,4657.0,4645.0,1521.0,1560.0,1564.0,1541.0,1543.0,1546.0,1521.0,1557.0,1564.0,3066.0,3081.0,3083.0,1521.0,1560.0,1564.0,1541.0,1543.0,1546.0
0.0,9245.0,4736.0,4631.0,4645.0,4739.0,1603.0,1571.0,1565.0,1542.0,1543.0,1546.0,1600.0,1571.0,1565.0,3102.0,3069.0,3074.0,1603.0,1571.0,1565.0,1542.0,1543.0,1546.0
0.0,9154.0,4682.0,4629.0,4739.0,4676.0,1579.0,1534.0,1563.0,1542.0,1542.0,1545.0,1579.0,1537.0,1566.0,3023.0,3058.0,3073.0,1579.0,1534.0,1563.0,1542.0,1542.0,1545.0
0.0,9211.0,4664.0,4630.0,4676.0,4667.0,1557.0,1565.0,1545.0,1542.0,1543.0,1545.0,1557.0,1562.0,1545.0,3047.0,3092.0,3072.0,1557.0,1565.0,1545.0,1542.0,1543.0,1545.0
0.0,9223.0,4733.0,4632.0,4667.0,4739.0,1576.0,1577.0,1586.0,1543.0,1543.0,1546.0,1573.0,1577.0,1583.0,3069.0,3064.0,3090.0,1576.0,1577.0,1586.0,1543.0,1543.0,1546.0
0.0,9157.0,4745.0,4632.0,4739.0,4745.0,1574.0,1608.0,1563.0,1544.0,1543.0,1545.0,1571.0,1608.0,1566.0,3053.0,3052.0,3052.0,1574.0,1608.0,1563.0,1544.0,1543.0,1545.0
0.0,9151.0,4646.0,4632.0,4745.0,4646.0,1545.0,1564.0,1537.0,1543.0,1544.0,1545.0,1548.0,1561.0,1537.0,3058.0,3021.0,3072.0,1545.0,1564.0,1537.0,1543.0,1544.0,1545.0
0.0,9250.0,4696.0,4636.0,4646.0,4708.0,1547.0,1566.0,1595.0,1544.0,1545.0,1547.0,1544.0,1563.0,1589.0,3084.0,3068.0,3098.0,1547.0,1566.0,1595.0,1544.0,1545.0,1547.0
0.0,9200.0,4688.0,4640.0,4708.0,4700.0,1556.0,1546.0,1598.0,1544.0,1546.0,1550.0,1556.0,1543.0,1589.0,3085.0,3069.0,3046.0,1556.0,1546.0,1598.0,1544.0,1546.0,1550.0
0.0,9220.0,4646.0,4643.0,4700.0,4655.0,1547.0,1552.0,1556.0,1545.0,1547.0,1551.0,1544.0,1549.0,1553.0,3076.0,3092.0,3052.0,1547.0,1552.0,1556.0,1545.0,1547.0,1551.0
0.0,9274.0,4743.0,4645.0,4655.0,4749.0,1567.0,1581.0,1601.0,1545.0,1548.0,1552.0,1567.0,1578.0,1598.0,3088.0,3089.0,3097.0,1567.0,1581.0,1601.0,1545.0,1548.0,1552.0
0.0,9186.0,4702.0,4648.0,4749.0,4711.0,1585.0,1555.0,1571.0,1546.0,1549.0,1553.0,1582.0,1552.0,1568.0,3068.0,3063.0,3055.0,1585.0,1555.0,1571.0,1546.0,1549.0,1553.0
0.0,9233.0,4599.0,4648.0,4711.0,4599.0,1533.0,1528.0,1538.0,1547.0,1548.0,1553.0,1530.0,1531.0,1538.0,3053.0,3092.0,3088.0,1533.0,1528.0,1538.0,1547.0,1548.0,1553.0
0.0,9345.0,4651.0,4650.0,4599.0,4657.0,1564.0,1562.0,1531.0,1548.0,1549.0,1553.0,1561.0,1559.0,1531.0,3108.0,3116.0,3121.0,1564.0,1562.0,1531.0,1548.0,1549.0,1553.0
0.0,9293.0,4857.0,4654.0,4657.0,4869.0,1632.0,1640.0,1597.0,1550.0,1551.0,1553.0,1626.0,1634.0,1597.0,3080.0,3085.0,3128.0,1632.0,1640.0,1597.0,1550.0,1551.0,1553.0
0.0,9093.0,4714.0,4655.0,4869.0,4717.0,1550.0,1632.0,1535.0,1549.0,1553.0,1553.0,1553.0,1626.0,1535.0,3018.0,3013.0,3062.0,1550.0,1632.0,1535.0,1549.0,1553.0,1553.0
0.0,9248.0,4765.0,4655.0,4717.0,4765.0,1588.0,1613.0,1564.0,1549.0,1554.0,1552.0,1588.0,1610.0,1567.0,3097.0,3027.0,3124.0,1588.0,1613.0,1564.0,1549.0,1554.0,1552.0
0.0,9200.0,4701.0,4657.0,4765.0,4707.0,1540.0,1584.0,1583.0,1549.0,1555.0,1553.0,1540.0,1581.0,1580.0,3059.0,3049.0,3092.0,1540.0,1584.0,1583.0,1549.0,1555.0,1553.0
0.0,9264.0,4772.0,4660.0,4707.0,4781.0,1568.0,1602.0,1611.0,1550.0,1556.0,1554.0,1565.0,1599.0,1608.0,3107.0,3081.0,3076.0,1568.0,1602.0,1611.0,1550.0,1556.0,1554.0
0.0,9199.0,4726.0,4663.0,4781.0,4735.0,1564.0,1573.0,1598.0,1550.0,1557.0,1556.0,1564.0,1570.0,1592.0,3082.0,3066.0,3051.0,1564.0,1573.0,1598.0,1550.0,1557.0,1556.0
0.0,9254.0,4564.0,4663.0,4735.0,4564.0,1520.0,1505.0,1539.0,1550.0,1557.0,1556.0,1520.0,1505.0,1539.0,3086.0,3098.0,3070.0,1520.0,1505.0,1539.0,1550.0,1557.0,1556.0
0.0,9425.0,4701.0,4665.0,4564.0,4707.0,1571.0,1595.0,1541.0,1551.0,1558.0,1556.0,1568.0,1592.0,1541.0,3130.0,3166.0,3129.0,1571.0,1595.0,1541.0,1551.0,1558.0,1556.0
0.0,9288.0,4759.0,4668.0,4707.0,4768.0,1602.0,1596.0,1570.0,1552.0,1559.0,1557.0,1599.0,1593.0,1567.0,3082.0,3079.0,3127.0,1602.0,1596.0,1570.0,1552.0,1559.0,1557.0
0.0,9236.0,4643.0,4670.0,4768.0,4649.0,1549.0,1566.0,1534.0,1553.0,1560.0,1557.0,1546.0,1563.0,1534.0,3054.0,3081.0,3101.0,1549.0,1566.0,1534.0,1553.0,1560.0,1557.0
0.0,9361.0,4684.0,4671.0,4649.0,4687.0,1560.0,1571.0,1556.0,1553.0,1561.0,1557.0,1560.0,1568.0,1556.0,3110.0,3114.0,3137.0,1560.0,1571.0,1556.0,1553.0,1561.0,1557.0
0.0,9326.0,4533.0,4670.0,4687.0,4530.0,1517.0,1527.0,1486.0,1553.0,1561.0,1556.0,1517.0,1527.0,1489.0,3099.0,3112.0,3115.0,1517.0,1527.0,1486.0,1553.0,1561.0,1556.0
0.0,9480.0,4796.0,4674.0,4530.0,4808.0,1612.0,1603.0,1593.0,1555.0,1562.0,1557.0,1606.0,1600.0,1590.0,3142.0,3156.0,3182.0,1612.0,1603.0,1593.0,1555.0,1562.0,1557.0
0.0,9214.0,4793.0,4679.0,4808.0,4808.0,1627.0,1589.0,1592.0,1557.0,1564.0,1558.0,1621.0,1583.0,1589.0,3053.0,3083.0,3078.0,1627.0,1589.0,1592.0,1557.0,1564.0,1558.0
0.0,9229.0,4682.0,4680.0,4808.0,4685.0,1602.0,1513.0,1570.0,1557.0,1564.0,1559.0,1602.0,1513.0,1567.0,3044.0,3103.0,3082.0,1602.0,1513.0,1570.0,1557.0,1564.0,1559.0
0.0,9355.0,4757.0,4681.0,4685.0,4760.0,1591.0,1585.0,1584.0,1558.0,1564.0,1559.0,1588.0,1585.0,1584.0,3069.0,3179.0,3107.0,1591.0,1585.0,1584.0,1558.0,1564.0,1559.0
0.0,9283.0,4831.0,4683.0,4760.0,4837.0,1599.0,1607.0,1631.0,1559.0,1564.0,1560.0,1596.0,1607.0,1628.0,3083.0,3107.0,3093.0,1599.0,1607.0,1631.0,1559.0,1564.0,1560.0
0.0,9212.0,4761.0,4684.0,4837.0,4764.0,1553.0,1593.0,1618.0,1559.0,1564.0,1561.0,1553.0,1593.0,1615.0,3078.0,3085.0,3049.0,1553.0,1593.0,1618.0,1559.0,1564.0,1561.0
0.0,9288.0,4659.0,4686.0,4764.0,4665.0,1526.0,1563.0,1576.0,1559.0,1565.0,1562.0,1526.0,1560.0,1573.0,3124.0,3099.0,3065.0,1526.0,1563.0,1576.0,1559.0,1565.0,1562.0
0.0,9393.0,4754.0,4689.0,4665.0,4763.0,1587.0,1596.0,1580.0,1560.0,1566.0,1563.0,1584.0,1593.0,1577.0,3151.0,3132.0,3110.0,1587.0,1596.0,1580.0,1560.0,1566.0,1563.0
0.0,9304.0,4686.0,4691.0,4763.0,4692.0,1579.0,1555.0,1558.0,1561.0,1566.0,1564.0,1576.0,1555.0,1555.0,3093.0,3102.0,3109.0,1579.0,1555.0,1558.0,1561.0,1566.0,1564.0
0.0,9381.0,4723.0,4695.0,4692.0,4735.0,1558.0,1607.0,1570.0,1561.0,1569.0,1565.0,1558.0,1598.0,1567.0,3104.0,3143.0,3134.0,1558.0,1607.0,1570.0,1561.0,1569.0,1565.0
0.0,9350.0,4651.0,4697.0,4735.0,4657.0,1535.0,1588.0,1534.0,1562.0,1570.0,1565.0,1532.0,1585.0,1534.0,3125.0,3100.0,3125.0,1535.0,1588.0,1534.0,1562.0,1570.0,1565.0
0.0,9434.0,4583.0,4696.0,4657.0,4580.0,1544.0,1527.0,1509.0,1562.0,1570.0,1564.0,1544.0,1527.0,1512.0,3151.0,3122.0,3161.0,1544.0,1527.0,1509.0,1562.0,1570.0,1564.0
0.0,9508.0,4604.0,4696.0,4580.0,4604.0,1533.0,1554.0,1517.0,1563.0,1570.0,1563.0,1530.0,1554.0,1520.0,3142.0,3183.0,3183.0,1533.0,1554.0,1517.0,1563.0,1570.0,1563.0
0.0,9484.0,4738.0,4696.0,4604.0,4738.0,1583.0,1582.0,1573.0,1563.0,1570.0,1563.0,1583.0,1582.0,1573.0,3156.0,3156.0,3172.0,1583.0,1582.0,1573.0,1563.0,1570.0,1563.0
0.0,9350.0,4747.0,4696.0,4738.0,4747.0,1589.0,1593.0,1565.0,1563.0,1570.0,1563.0,1589.0,1593.0,1565.0,3106.0,3128.0,3116.0,1589.0,1593.0,1565.0,1563.0,1570.0,1563.0
0.0,9341.0,4761.0,4699.0,4747.0,4770.0,1618.0,1593.0,1559.0,1564.0,1571.0,1564.0,1615.0,1590.0,1556.0,3100.0,3117.0,3124.0,1618.0,1593.0,1559.0,1564.0,1571.0,1564.0
0.0,9327.0,4795.0,4698.0,4770.0,4792.0,1598.0,1591.0,1603.0,1564.0,1570.0,1564.0,1598.0,1594.0,1603.0,3074.0,3120.0,3133.0,1598.0,1591.0,1603.0,1564.0,1570.0,1564.0
0.0,9302.0,4733.0,4700.0,4792.0,4739.0,1544.0,1606.0,1589.0,1564.0,1571.0,1565.0,1544.0,1603.0,1586.0,3094.0,3119.0,3089.0,1544.0,1606.0,1589.0,1564.0,1571.0,1565.0
0.0,9361.0,4849.0,4704.0,4739.0,4861.0,1607.0,1611.0,1643.0,1565.0,1572.0,1567.0,1604.0,1608.0,1637.0,3148.0,3107.0,3106.0,1607.0,1611.0,1643.0,1565.0,1572.0,1567.0
0.0,9251.0,4714.0,4704.0,4861.0,4714.0,1547.0,1581.0,1586.0,1565.0,1572.0,1567.0,1547.0,1581.0,1586.0,3088.0,3105.0,3058.0,1547.0,1581.0,1586.0,1565.0,1572.0,1567.0
0.0,9398.0,4766.0,4706.0,4714.0,4772.0,1575.0,1612.0,1585.0,1565.0,1573.0,1568.0,1575.0,1609.0,1582.0,3148.0,3135.0,3115.0,1575.0,1612.0,1585.0,1565.0,1573.0,1568.0
0.0,9346.0,4634.0,4705.0,4772.0,4631.0,1577.0,1528.0,1526.0,1565.0,1573.0,1567.0,1577.0,1528.0,1529.0,3120.0,3107.0,3119.0,1577.0,1528.0,1526.0,1565.0,1573.0,1567.0
0.0,9484.0,4618.0,4705.0,4631.0,4618.0,1559.0,1528.0,1531.0,1566.0,1572.0,1567.0,1556.0,1531.0,1531.0,3118.0,3191.0,3175.0,1559.0,1528.0,1531.0,1566.0,1572.0,1567.0
0.0,9497.0,4653.0,4706.0,4618.0,4656.0,1540.0,1549.0,1567.0,1566.0,1573.0,1567.0,1540.0,1546.0,1567.0,3139.0,3188.0,3170.0,1540.0,1549.0,1567.0,1566.0,1573.0,1567.0
0.0,9462.0,4707.0,4705.0,4656.0,4704.0,1548.0,1599.0,1557.0,1566.0,1573.0,1566.0,1548.0,1599.0,1560.0,3158.0,3170.0,3134.0,1548.0,1599.0,1557.0,1566.0,1573.0,1566.0
0.0,9411.0,4678.0,4705.0,4704.0,4678.0,1562.0,1576.0,1540.0,1566.0,1573.0,1566.0,1562.0,1576.0,1540.0,3150.0,3120.0,3141.0,1562.0,1576.0,1540.0,1566.0,1573.0,1566.0
0.0,9437.0,4726.0,4707.0,4678.0,4732.0,1539.0,1587.0,1606.0,1566.0,1574.0,1567.0,1539.0,1584.0,1603.0,3136.0,3143.0,3158.0,1539.0,1587.0,1606.0,1566.0,1574.0,1567.0
0.0,9389.0,4782.0,4707.0,4732.0,4782.0,1599.0,1587.0,1596.0,1566.0,1574.0,1567.0,1599.0,1587.0,1596.0,3159.0,3135.0,3095.0,1599.0,1587.0,1596.0,1566.0,1574.0,1567.0
0.0,9339.0,4810.0,4710.0,4782.0,4819.0,1606.0,1610.0,1603.0,1567.0,1575.0,1568.0,1603.0,1607.0,1600.0,3099.0,3135.0,3105.0,1606.0,1610.0,1603.0,1567.0,1575.0,1568.0
0.0,9311.0,4849.0,4714.0,4819.0,4861.0,1605.0,1603.0,1653.0,1568.0,1576.0,1570.0,1602.0,1600.0,1647.0,3095.0,3115.0,3101.0,1605.0,1603.0,1653.0,1568.0,1576.0,1570.0
0.0,9281.0,4793.0,4715.0,4861.0,4796.0,1582.0,1609.0,1605.0,1568.0,1577.0,1570.0,1582.0,1606.0,1605.0,3099.0,3125.0,3057.0,1582.0,1609.0,1605.0,1568.0,1577.0,1570.0
0.0,9349.0,4767.0,4715.0,4796.0,4767.0,1560.0,1582.0,1625.0,1568.0,1576.0,1571.0,1560.0,1585.0,1622.0,3122.0,3122.0,3105.0,1560.0,1582.0,1625.0,1568.0,1576.0,1571.0
0.0,9378.0,4867.0,4720.0,4767.0,4882.0,1620.0,1640.0,1622.0,1569.0,1578.0,1573.0,1617.0,1634.0,1616.0,3144.0,3146.0,3088.0,1620.0,1640.0,1622.0,1569.0,1578.0,1573.0
0.0,9278.0,4693.0,4719.0,4882.0,4690.0,1561.0,1550.0,1579.0,1569.0,1577.0,1573.0,1561.0,1553.0,1579.0,3087.0,3094.0,3097.0,1561.0,1550.0,1579.0,1569.0,1577.0,1573.0
0.0,9467.0,4672.0,4719.0,4690.0,4672.0,1575.0,1575.0,1522.0,1570.0,1578.0,1571.0,1572.0,1572.0,1528.0,3146.0,3181.0,3140.0,1575.0,1575.0,1522.0,1570.0,1578.0,1571.0
0.0,9485.0,4755.0,4722.0,4672.0,4764.0,1615.0,1586.0,1563.0,1571.0,1579.0,1572.0,1612.0,1583.0,1560.0,3135.0,3159.0,3191.0,1615.0,1586.0,1563.0,1571.0,1579.0,1572.0
0.0,9402.0,4754.0,4721.0,4764.0,4751.0,1565.0,1604.0,1582.0,1571.0,1579.0,1571.0,1565.0,1604.0,1585.0,3098.0,3151.0,3153.0,1565.0,1604.0,1582.0,1571.0,1579.0,1571.0
0.0,9412.0,4721.0,4722.0,4751.0,4724.0,1548.0,1590.0,1586.0,1570.0,1580.0,1572.0,1551.0,1587.0,1583.0,3148.0,3133.0,3131.0,1548.0,1590.0,1586.0,1570.0,1580.0,1572.0
0.0,9442.0,4705.0,4724.0,4724.0,4711.0,1564.0,1550.0,1597.0,1571.0,1580.0,1573.0,1561.0,1550.0,1594.0,3162.0,3150.0,3130.0,1564.0,1550.0,1597.0,1571.0,1580.0,1573.0
0.0,9461.0,4820.0,4727.0,4711.0,4829.0,1606.0,1618.0,1605.0,1572.0,1581.0,1574.0,1603.0,1615.0,1602.0,3149.0,3190.0,3122.0,1606.0,1618.0,1605.0,1572.0,1581.0,1574.0
0.0,9352.0,4849.0,4727.0,4829.0,4849.0,1612.0,1612.0,1625.0,1571.0,1581.0,1575.0,1615.0,1612.0,1622.0,3110.0,3125.0,3117.0,1612.0,1612.0,1625.0,1571.0,1581.0,1575.0
0.0,9332.0,4805.0,4730.0,4849.0,4814.0,1616.0,1608.0,1590.0,1573.0,1581.0,1576.0,1610.0,1608.0,1587.0,3101.0,3131.0,3100.0,1616.0,1608.0,1590.0,1573.0,1581.0,1576.0
0.0,9376.0,4913.0,4731.0,4814.0,4916.0,1624.0,1638.0,1654.0,1573.0,1581.0,1577.0,1624.0,1638.0,1651.0,3103.0,3135.0,3138.0,1624.0,1638.0,1654.0,1573.0,1581.0,1577.0
0.0,9277.0,4829.0,4734.0,4916.0,4838.0,1615.0,1632.0,1591.0,1575.0,1582.0,1577.0,1609.0,1629.0,1591.0,3095.0,3105.0,3077.0,1615.0,1632.0,1591.0,1575.0,1582.0,1577.0
0.0,9364.0,4798.0,4734.0,4838.0,4798.0,1581.0,1621.0,1596.0,1575.0,1582.0,1577.0,1581.0,1621.0,1596.0,3110.0,3114.0,3140.0,1581.0,1621.0,1596.0,1575.0,1582.0,1577.0
0.0,9404.0,4747.0,4735.0,4798.0,4750.0,1583.0,1600.0,1567.0,1575.0,1583.0,1577.0,1583.0,1597.0,1567.0,3144.0,3125.0,3135.0,1583.0,1600.0,1567.0,1575.0,1583.0,1577.0
0.0,9455.0,4771.0,4739.0,4750.0,4783.0,1607.0,1600.0,1576.0,1577.0,1585.0,1577.0,1601.0,1594.0,1576.0,3142.0,3149.0,3164.0,1607.0,1600.0,1576.0,1577.0,1585.0,1577.0
0.0,9434.0,4787.0,4740.0,4783.0,4790.0,1621.0,1568.0,1601.0,1578.0,1584.0,1578.0,1618.0,1571.0,1598.0,3124.0,3155.0,3155.0,1621.0,1568.0,1601.0,1578.0,1584.0,1578.0
0.0,9430.0,4735.0,4740.0,4790.0,4735.0,1605.0,1571.0,1559.0,1578.0,1584.0,1578.0,1605.0,1571.0,1559.0,3113.0,3184.0,3133.0,1605.0,1571.0,1559.0,1578.0,1584.0,1578.0
0.0,9485.0,4770.0,4743.0,4735.0,4779.0,1595.0,1582.0,1602.0,1579.0,1584.0,1580.0,1592.0,1582.0,1596.0,3129.0,3181.0,3175.0,1595.0,1582.0,1602.0,1579.0,1584.0,1580.0
0.0,9450.0,4622.0,4741.0,4779.0,4616.0,1508.0,1571.0,1537.0,1578.0,1584.0,1579.0,1511.0,1571.0,1540.0,3142.0,3170.0,3138.0,1508.0,1571.0,1537.0,1578.0,1584.0,1579.0
0.0,9607.0,4821.0,4747.0,4616.0,4839.0,1595.0,1610.0,1634.0,1579.0,1586.0,1582.0,1592.0,1604.0,1625.0,3226.0,3181.0,3200.0,1595.0,1610.0,1634.0,1579.0,1586.0,1582.0
0.0,9402.0,4845.0,4747.0,4839.0,4845.0,1603.0,1621.0,1621.0,1579.0,1586.0,1582.0,1603.0,1621.0,1621.0,3142.0,3148.0,3112.0,1603.0,1621.0,1621.0,1579.0,1586.0,1582.0
0.0,9396.0,4803.0,4748.0,4845.0,4806.0,1606.0,1589.0,1611.0,1579.0,1586.0,1583.0,1606.0,1589.0,1608.0,3134.0,3137.0,3125.0,1606.0,1589.0,1611.0,1579.0,1586.0,1583.0
0.0,9438.0,4829.0,4751.0,4806.0,4838.0,1616.0,1612.0,1610.0,1579.0,1588.0,1584.0,1616.0,1606.0,1607.0,3131.0,3169.0,3138.0,1616.0,1612.0,1610.0,1579.0,1588.0,1584.0
0.0,9415.0,4891.0,4754.0,4838.0,4900.0,1638.0,1622.0,1640.0,1580.0,1589.0,1585.0,1635.0,1619.0,1637.0,3121.0,3152.0,3142.0,1638.0,1622.0,1640.0,1580.0,1589.0,1585.0
0.0,9362.0,4725.0,4751.0,4900.0,4716.0,1547.0,1589.0,1580.0,1579.0,1588.0,1584.0,1550.0,1592.0,1583.0,3102.0,3145.0,3115.0,1547.0,1589.0,1580.0,1579.0,1588.0,1584.0
0.0,9537.0,4849.0,4753.0,4716.0,4855.0,1614.0,1629.0,1612.0,1580.0,1589.0,1584.0,1611.0,1626.0,1612.0,3190.0,3175.0,3172.0,1614.0,1629.0,1612.0,1580.0,1589.0,1584.0
0.0,9404.0,4701.0,4754.0,4855.0,4704.0,1566.0,1567.0,1571.0,1581.0,1589.0,1584.0,1563.0,1567.0,1571.0,3126.0,3138.0,3140.0,1566.0,1567.0,1571.0,1581.0,1589.0,1584.0
0.0,9558.0,4664.0,4752.0,4704.0,4658.0,1567.0,1534.0,1557.0,1581.0,1588.0,1583.0,1567.0,1537.0,1560.0,3177.0,3200.0,3181.0,1567.0,1534.0,1557.0,1581.0,1588.0,1583.0
0.0,9598.0,4538.0,4749.0,4658.0,4529.0,1531.0,1505.0,1493.0,1580.0,1587.0,1582.0,1534.0,1508.0,1496.0,3176.0,3230.0,3192.0,1531.0,1505.0,1493.0,1580.0,1587.0,1582.0
0.0,9718.0,4659.0,4748.0,4529.0,4656.0,1568.0,1523.0,1565.0,1580.0,1586.0,1582.0,1568.0,1526.0,1565.0,3209.0,3256.0,3253.0,1568.0,1523.0,1565.0,1580.0,1586.0,1582.0
0.0,9588.0,4837.0,4752.0,4656.0,4849.0,1604.0,1632.0,1613.0,1581.0,1587.0,1584.0,1601.0,1629.0,1607.0,3172.0,3235.0,3181.0,1604.0,1632.0,1613.0,1581.0,1587.0,1584.0
0.0,9407.0,4682.0,4754.0,4849.0,4688.0,1553.0,1567.0,1568.0,1582.0,1587.0,1585.0,1550.0,1567.0,1565.0,3139.0,3129.0,3139.0,1553.0,1567.0,1568.0,1582.0,1587.0,1585.0
0.0,9574.0,4753.0,4756.0,4688.0,4759.0,1556.0,1611.0,1592.0,1582.0,1588.0,1586.0,1556.0,1608.0,1589.0,3193.0,3194.0,3187.0,1556.0,1611.0,1592.0,1582.0,1588.0,1586.0
0.0,9509.0,4858.0,4759.0,4759.0,4867.0,1618.0,1601.0,1648.0,1583.0,1589.0,1587.0,1615.0,1598.0,1645.0,3190.0,3153.0,3166.0,1618.0,1601.0,1648.0,1583.0,1589.0,1587.0
0.0,9410.0,4759.0,4758.0,4867.0,4756.0,1615.0,1569.0,1572.0,1583.0,1588.0,1587.0,1615.0,1572.0,1572.0,3131.0,3166.0,3113.0,1615.0,1569.0,1572.0,1583.0,1588.0,1587.0
0.0,9518.0,4765.0,4759.0,4756.0,4768.0,1612.0,1553.0,1603.0,1583.0,1588.0,1588.0,1612.0,1553.0,1600.0,3134.0,3195.0,3189.0,1612.0,1553.0,1603.0,1583.0,1588.0,1588.0
0.0,9509.0,4756.0,4758.0,4768.0,4753.0,1618.0,1557.0,1578.0,1583.0,1587.0,1588.0,1618.0,1560.0,1578.0,3137.0,3211.0,3161.0,1618.0,1557.0,1578.0,1583.0,1587.0,1588.0
0.0,9521.0,4775.0,4759.0,4753.0,4778.0,1597.0,1590.0,1591.0,1584.0,1587.0,1588.0,1594.0,1590.0,1591.0,3131.0,3204.0,3186.0,1597.0,1590.0,1591.0,1584.0,1587.0,1588.0
0.0,9499.0,4855.0,4759.0,4778.0,4855.0,1591.0,1650.0,1614.0,1584.0,1588.0,1587.0,1591.0,1647.0,1617.0,3155.0,3171.0,3173.0,1591.0,1650.0,1614.0,1584.0,1588.0,1587.0
0.0,9422.0,4746.0,4760.0,4855.0,4749.0,1572.0,1589.0,1588.0,1585.0,1588.0,1587.0,1569.0,1589.0,1588.0,3161.0,3114.0,3147.0,1572.0,1589.0,1588.0,1585.0,1588.0,1587.0
0.0,9531.0,4826.0,4761.0,4749.0,4829.0,1591.0,1647.0,1591.0,1585.0,1588.0,1588.0,1591.0,1647.0,1588.0,3183.0,3175.0,3173.0,1591.0,1647.0,1591.0,1585.0,1588.0,1588.0
0.0,9454.0,4798.0,4764.0,4829.0,4807.0,1592.0,1618.0,1597.0,1585.0,1590.0,1589.0,1592.0,1612.0,1594.0,3164.0,3117.0,3173.0,1592.0,1618.0,1597.0,1585.0,1590.0,1589.0
0.0,9485.0,4770.0,4767.0,4807.0,4779.0,1583.0,1590.0,1606.0,1586.0,1591.0,1590.0,1580.0,1587.0,1603.0,3163.0,3152.0,3170.0,1583.0,1590.0,1606.0,1586.0,1591.0,1590.0
0.0,9522.0,4691.0,4768.0,4779.0,4694.0,1559.0,1549.0,1586.0,1586.0,1591.0,1591.0,1559.0,1549.0,1583.0,3175.0,3183.0,3164.0,1559.0,1549.0,1586.0,1586.0,1591.0,1591.0
0.0,9610.0,4802.0,4770.0,4694.0,4808.0,1581.0,1611.0,1616.0,1587.0,1591.0,1592.0,1578.0,1611.0,1613.0,3199.0,3224.0,3187.0,1581.0,1611.0,1616.0,1587.0,1591.0,1592.0
0.0,9502.0,4763.0,4771.0,4808.0,4766.0,1585.0,1580.0,1601.0,1587.0,1591.0,1593.0,1585.0,1580.0,1598.0,3180.0,3162.0,3160.0,1585.0,1580.0,1601.0,1587.0,1591.0,1593.0
0.0,9547.0,4856.0,4773.0,4766.0,4862.0,1615.0,1617.0,1630.0,1588.0,1592.0,1593.0,1612.0,1614.0,1630.0,3176.0,3193.0,3178.0,1615.0,1617.0,1630.0,1588.0,1592.0,1593.0
0.0,9457.0,4843.0,4775.0,4862.0,4849.0,1621.0,1641.0,1587.0,1589.0,1593.0,1593.0,1618.0,1638.0,1587.0,3149.0,3159.0,3149.0,1621.0,1641.0,1587.0,1589.0,1593.0,1593.0
0.0,9476.0,4915.0,4777.0,4849.0,4921.0,1666.0,1665.0,1590.0,1590.0,1594.0,1593.0,1663.0,1662.0,1590.0,3146.0,3138.0,3192.0,1666.0,1665.0,1590.0,1590.0,1594.0,1593.0
0.0,9410.0,4805.0,4776.0,4921.0,4802.0,1586.0,1611.0,1605.0,1590.0,1594.0,1592.0,1586.0,1611.0,1608.0,3104.0,3117.0,3189.0,1586.0,1611.0,1605.0,1590.0,1594.0,1592.0
0.0,9526.0,4755.0,4776.0,4802.0,4755.0,1575.0,1592.0,1588.0,1590.0,1594.0,1592.0,1575.0,1592.0,1588.0,3184.0,3171.0,3171.0,1575.0,1592.0,1588.0,1590.0,1594.0,1592.0
0.0,9573.0,4788.0,4776.0,4755.0,4788.0,1572.0,1615.0,1601.0,1590.0,1595.0,1591.0,1572.0,1612.0,1604.0,3195.0,3190.0,3188.0,1572.0,1615.0,1601.0,1590.0,1595.0,1591.0
0.0,9540.0,4792.0,4774.0,4788.0,4786.0,1579.0,1601.0,1606.0,1589.0,1594.0,1591.0,1582.0,1604.0,1606.0,3198.0,3170.0,3172.0,1579.0,1601.0,1606.0,1589.0,1594.0,1591.0
0.0,9536.0,4901.0,4778.0,4786.0,4913.0,1629.0,1647.0,1637.0,1590.0,1596.0,1592.0,1626.0,1641.0,1634.0,3188.0,3181.0,3167.0,1629.0,1647.0,1637.0,1590.0,1596.0,1592.0
0.0,9421.0,4833.0,4781.0,4913.0,4842.0,1634.0,1582.0,1626.0,1591.0,1596.0,1594.0,1631.0,1582.0,1620.0,3141.0,3141.0,3139.0,1634.0,1582.0,1626.0,1591.0,1596.0,1594.0
0.0,9501.0,4797.0,4782.0,4842.0,4800.0,1602.0,1599.0,1599.0,1591.0,1596.0,1595.0,1602.0,1599.0,1596.0,3139.0,3206.0,3156.0,1602.0,1599.0,1599.0,1591.0,1596.0,1595.0
0.0,9546.0,4750.0,4782.0,4800.0,4750.0,1564.0,1597.0,1589.0,1591.0,1596.0,1595.0,1564.0,1597.0,1589.0,3171.0,3189.0,3186.0,1564.0,1597.0,1589.0,1591.0,1596.0,1595.0
0.0,9596.0,4711.0,4782.0,4750.0,4711.0,1553.0,1582.0,1576.0,1591.0,1596.0,1595.0,1553.0,1582.0,1576.0,3209.0,3191.0,3196.0,1553.0,1582.0,1576.0,1591.0,1596.0,1595.0
0.0,9635.0,4860.0,4785.0,4711.0,4869.0,1607.0,1640.0,1622.0,1592.0,1598.0,1595.0,1604.0,1634.0,1622.0,3220.0,3206.0,3209.0,1607.0,1640.0,1622.0,1592.0,1598.0,1595.0
0.0,9486.0,4813.0,4784.0,4869.0,4810.0,1619.0,1582.0,1609.0,1592.0,1597.0,1595.0,1619.0,1585.0,1609.0,3169.0,3154.0,3163.0,1619.0,1582.0,1609.0,1592.0,1597.0,1595.0
0.0,9542.0,4847.0,4785.0,4810.0,4850.0,1639.0,1616.0,1595.0,1593.0,1597.0,1595.0,1636.0,1616.0,1595.0,3157.0,3209.0,3176.0,1639.0,1616.0,1595.0,1593.0,1597.0,1595.0
0.0,9505.0,4871.0,4787.0,4850.0,4877.0,1660.0,1584.0,1633.0,1594.0,1597.0,1596.0,1657.0,1584.0,1630.0,3140.0,3175.0,3190.0,1660.0,1584.0,1633.0,1594.0,1597.0,1596.0
0.0,9484.0,4848.0,4785.0,4877.0,4842.0,1637.0,1609.0,1596.0,1594.0,1596.0,1595.0,1637.0,1612.0,1599.0,3122.0,3207.0,3155.0,1637.0,1609.0,1596.0,1594.0,1596.0,1595.0
0.0,9513.0,4814.0,4784.0,4842.0,4811.0,1598.0,1595.0,1618.0,1594.0,1595.0,1595.0,1598.0,1598.0,1618.0,3145.0,3179.0,3189.0,1598.0,1595.0,1618.0,1594.0,1595.0,1595.0
0.0,9541.0,4808.0,4784.0,4811.0,4808.0,1610.0,1621.0,1577.0,1594.0,1595.0,1595.0,1610.0,1621.0,1577.0,3184.0,3190.0,3167.0,1610.0,1621.0,1577.0,1594.0,1595.0,1595.0
0.0,9544.0,4947.0,4788.0,4808.0,4959.0,1641.0,1662.0,1656.0,1595.0,1597.0,1596.0,1638.0,1656.0,1653.0,3172.0,3164.0,3208.0,1641.0,1662.0,1656.0,1595.0,1597.0,1596.0
0.0,9405.0,4869.0,4790.0,4959.0,4875.0,1629.0,1636.0,1610.0,1596.0,1597.0,1597.0,1626.0,1636.0,1607.0,3144.0,3129.0,3132.0,1629.0,1636.0,1610.0,1596.0,1597.0,1597.0
0.0,9495.0,4905.0,4792.0,4875.0,4911.0,1643.0,1629.0,1639.0,1596.0,1598.0,1598.0,1643.0,1626.0,1636.0,3159.0,3155.0,3181.0,1643.0,1629.0,1639.0,1596.0,1598.0,1598.0
0.0,9465.0,4936.0,4796.0,4911.0,4948.0,1658.0,1658.0,1632.0,1597.0,1600.0,1599.0,1655.0,1652.0,1629.0,3145.0,3165.0,3155.0,1658.0,1658.0,1632.0,1597.0,1600.0,1599.0
0.0,9440.0,4749.0,4796.0,4948.0,4749.0,1576.0,1566.0,1607.0,1597.0,1600.0,1599.0,1576.0,1566.0,1607.0,3133.0,3142.0,3165.0,1576.0,1566.0,1607.0,1597.0,1600.0,1599.0
0.0,9639.0,4907.0,4802.0,4749.0,4925.0,1632.0,1629.0,1664.0,1599.0,1601.0,1602.0,1626.0,1626.0,1655.0,3215.0,3234.0,3190.0,1632.0,1629.0,1664.0,1599.0,1601.0,1602.0
0.0,9481.0,4862.0,4803.0,4925.0,4865.0,1612.0,1626.0,1627.0,1600.0,1601.0,1602.0,1609.0,1626.0,1627.0,3165.0,3174.0,3142.0,1612.0,1626.0,1627.0,1600.0,1601.0,1602.0
0.0,9544.0,4803.0,4802.0,4865.0,4800.0,1601.0,1596.0,1603.0,1600.0,1601.0,1601.0,1601.0,1596.0,1606.0,3188.0,3177.0,3179.0,1601.0,1596.0,1603.0,1600.0,1601.0,1601.0
0.0,9606.0,4837.0,4802.0,4800.0,4837.0,1635.0,1607.0,1595.0,1600.0,1601.0,1601.0,1635.0,1607.0,1595.0,3199.0,3207.0,3200.0,1635.0,1607.0,1595.0,1600.0,1601.0,1601.0
0.0,9569.0,4926.0,4805.0,4837.0,4935.0,1662.0,1640.0,1633.0,1601.0,1602.0,1602.0,1659.0,1637.0,1630.0,3165.0,3196.0,3208.0,1662.0,1640.0,1633.0,1601.0,1602.0,1602.0
0.0,9480.0,4918.0,4804.0,4935.0,4915.0,1651.0,1638.0,1626.0,1601.0,1602.0,1601.0,1651.0,1638.0,1629.0,3141.0,3166.0,3173.0,1651.0,1638.0,1626.0,1601.0,1602.0,1601.0
0.0,9497.0,4971.0,4809.0,4915.0,4986.0,1664.0,1664.0,1658.0,1603.0,1603.0,1603.0,1658.0,1661.0,1652.0,3152.0,3168.0,3177.0,1664.0,1664.0,1658.0,1603.0,1603.0,1603.0
0.0,9441.0,4882.0,4810.0,4986.0,4885.0,1633.0,1620.0,1632.0,1604.0,1603.0,1603.0,1630.0,1620.0,1632.0,3145.0,3145.0,3151.0,1633.0,1620.0,1632.0,1604.0,1603.0,1603.0
0.0,9545.0,4930.0,4814.0,4885.0,4942.0,1650.0,1645.0,1647.0,1605.0,1605.0,1604.0,1647.0,1639.0,1644.0,3179.0,3189.0,3177.0,1650.0,1645.0,1647.0,1605.0,1605.0,1604.0
0.0,9500.0,4889.0,4818.0,4942.0,4901.0,1634.0,1622.0,1645.0,1606.0,1606.0,1606.0,1631.0,1619.0,1639.0,3165.0,3170.0,3165.0,1634.0,1622.0,1645.0,1606.0,1606.0,1606.0
0.0,9553.0,4798.0,4823.0,4901.0,4813.0,1610.0,1574.0,1629.0,1608.0,1607.0,1608.0,1604.0,1571.0,1623.0,3184.0,3196.0,3173.0,1610.0,1574.0,1629.0,1608.0,1607.0,1608.0
0.0,9656.0,4836.0,4828.0,4813.0,4851.0,1618.0,1592.0,1641.0,1609.0,1609.0,1610.0,1615.0,1586.0,1635.0,3214.0,3247.0,3195.0,1618.0,1592.0,1641.0,1609.0,1609.0,1610.0
0.0,9633.0,4814.0,4827.0,4851.0,4811.0,1617.0,1598.0,1596.0,1609.0,1608.0,1610.0,1617.0,1601.0,1596.0,3209.0,3235.0,3189.0,1617.0,1598.0,1596.0,1609.0,1608.0,1610.0
0.0,9670.0,4849.0,4830.0,4811.0,4858.0,1633.0,1627.0,1598.0,1611.0,1609.0,1610.0,1627.0,1624.0,1598.0,3210.0,3226.0,3234.0,1633.0,1627.0,1598.0,1611.0,1609.0,1610.0
0.0,9632.0,4956.0,4833.0,4858.0,4965.0,1647.0,1678.0,1640.0,1612.0,1610.0,1611.0,1644.0,1675.0,1637.0,3200.0,3200.0,3232.0,1647.0,1678.0,1640.0,1612.0,1610.0,1611.0
0.0,9534.0,4928.0,4836.0,4965.0,4937.0,1642.0,1673.0,1622.0,1613.0,1612.0,1611.0,1639.0,1667.0,1622.0,3189.0,3152.0,3193.0,1642.0,1673.0,1622.0,1613.0,1612.0,1611.0
0.0,9571.0,4891.0,4838.0,4937.0,4897.0,1634.0,1628.0,1635.0,1613.0,1613.0,1612.0,1634.0,1625.0,1632.0,3197.0,3163.0,3211.0,1634.0,1628.0,1635.0,1613.0,1613.0,1612.0
0.0,9617.0,4965.0,4842.0,4897.0,4977.0,1655.0,1654.0,1668.0,1614.0,1615.0,1613.0,1652.0,1648.0,1665.0,3205.0,3211.0,3201.0,1655.0,1654.0,1668.0,1614.0,1615.0,1613.0
0.0,9549.0,4905.0,4845.0,4977.0,4914.0,1634.0,1613.0,1667.0,1614.0,1616.0,1615.0,1634.0,1610.0,1661.0,3187.0,3191.0,3171.0,1634.0,1613.0,1667.0,1614.0,1616.0,1615.0
0.0,9621.0,4912.0,4847.0,4914.0,4918.0,1625.0,1617.0,1676.0,1615.0,1616.0,1616.0,1622.0,1617.0,1673.0,3208.0,3235.0,3178.0,1625.0,1617.0,1676.0,1615.0,1616.0,1616.0
0.0,9623.0,4916.0,4849.0,4918.0,4922.0,1644.0,1631.0,1647.0,1616.0,1616.0,1617.0,1641.0,1631.0,1644.0,3220.0,3231.0,3172.0,1644.0,1631.0,1647.0,1616.0,1616.0,1617.0
0.0,9625.0,4890.0,4851.0,4922.0,4896.0,1620.0,1626.0,1650.0,1617.0,1616.0,1618.0,1617.0,1626.0,1647.0,3204.0,3217.0,3204.0,1620.0,1626.0,1650.0,1617.0,1616.0,1618.0
0.0,9657.0,4816.0,4851.0,4896.0,4816.0,1603.0,1619.0,1594.0,1617.0,1616.0,1618.0,1603.0,1619.0,1594.0,3231.0,3222.0,3204.0,1603.0,1619.0,1594.0,1617.0,1616.0,1618.0
0.0,9737.0,4805.0,4852.0,4816.0,4808.0,1584.0,1600.0,1624.0,1617.0,1616.0,1619.0,1584.0,1600.0,1621.0,3248.0,3229.0,3260.0,1584.0,1600.0,1624.0,1617.0,1616.0,1619.0
0.0,9748.0,4915.0,4854.0,4808.0,4921.0,1649.0,1655.0,1617.0,1618.0,1617.0,1619.0,1646.0,1652.0,1617.0,3267.0,3248.0,3233.0,1649.0,1655.0,1617.0,1618.0,1617.0,1619.0
0.0,9641.0,4795.0,4856.0,4921.0,4801.0,1613.0,1585.0,1603.0,1619.0,1618.0,1619.0,1610.0,1582.0,1603.0,3205.0,3196.0,3240.0,1613.0,1585.0,1603.0,1619.0,1618.0,1619.0
0.0,9767.0,4938.0,4859.0,4801.0,4947.0,1643.0,1665.0,1639.0,1620.0,1619.0,1620.0,1640.0,1662.0,1636.0,3244.0,3269.0,3254.0,1643.0,1665.0,1639.0,1620.0,1619.0,1620.0
0.0,9630.0,4786.0,4858.0,4947.0,4783.0,1588.0,1608.0,1587.0,1620.0,1619.0,1619.0,1588.0,1608.0,1590.0,3217.0,3192.0,3221.0,1588.0,1608.0,1587.0,1620.0,1619.0,1619.0
0.0,9791.0,4857.0,4859.0,4783.0,4860.0,1667.0,1588.0,1605.0,1621.0,1619.0,1619.0,1664.0,1588.0,1605.0,3272.0,3249.0,3270.0,1667.0,1588.0,1605.0,1621.0,1619.0,1619.0
0.0,9717.0,4948.0,4861.0,4860.0,4954.0,1651.0,1659.0,1644.0,1622.0,1619.0,1620.0,1648.0,1659.0,1641.0,3196.0,3269.0,3252.0,1651.0,1659.0,1644.0,1622.0,1619.0,1620.0
0.0,9629.0,4992.0,4862.0,4954.0,4995.0,1674.0,1653.0,1668.0,1622.0,1619.0,1621.0,1674.0,1653.0,1665.0,3215.0,3198.0,3216.0,1674.0,1653.0,1668.0,1622.0,1619.0,1621.0
0.0,9591.0,4910.0,4864.0,4995.0,4916.0,1640.0,1625.0,1651.0,1623.0,1619.0,1622.0,1637.0,1625.0,1648.0,3192.0,3204.0,3195.0,1640.0,1625.0,1651.0,1623.0,1619.0,1622.0
0.0,9676.0,4894.0,4867.0,4916.0,4903.0,1596.0,1645.0,1662.0,1623.0,1620.0,1624.0,1596.0,1642.0,1656.0,3229.0,3232.0,3215.0,1596.0,1645.0,1662.0,1623.0,1620.0,1624.0
0.0,9698.0,4910.0,4870.0,4903.0,4919.0,1599.0,1663.0,1657.0,1624.0,1621.0,1625.0,1596.0,1660.0,1654.0,3273.0,3215.0,3210.0,1599.0,1663.0,1657.0,1624.0,1621.0,1625.0
0.0,9691.0,4914.0,4872.0,4919.0,4920.0,1633.0,1650.0,1637.0,1625.0,1622.0,1625.0,1630.0,1647.0,1637.0,3273.0,3200.0,3218.0,1633.0,1650.0,1637.0,1625.0,1622.0,1625.0
0.0,9696.0,4933.0,4873.0,4920.0,4936.0,1628.0,1638.0,1670.0,1625.0,1622.0,1626.0,1628.0,1638.0,1667.0,3242.0,3216.0,3238.0,1628.0,1638.0,1670.0,1625.0,1622.0,1626.0
0.0,9683.0,4837.0,4872.0,4936.0,4834.0,1620.0,1613.0,1601.0,1625.0,1622.0,1625.0,1620.0,1613.0,1604.0,3247.0,3228.0,3208.0,1620.0,1613.0,1601.0,1625.0,1622.0,1625.0
0.0,9782.0,4755.0,4871.0,4834.0,4752.0,1595.0,1570.0,1587.0,1624.0,1622.0,1625.0,1598.0,1570.0,1587.0,3255.0,3253.0,3274.0,1595.0,1570.0,1587.0,1624.0,1622.0,1625.0
0.0,9861.0,4715.0,4871.0,4752.0,4715.0,1591.0,1571.0,1553.0,1625.0,1621.0,1625.0,1588.0,1574.0,1553.0,3277.0,3296.0,3288.0,1591.0,1571.0,1553.0,1625.0,1621.0,1625.0
0.0,9898.0,4794.0,4873.0,4715.0,4800.0,1591.0,1601.0,1608.0,1626.0,1622.0,1625.0,1588.0,1598.0,1608.0,3284.0,3292.0,3322.0,1591.0,1601.0,1608.0,1626.0,1622.0,1625.0
0.0,9819.0,4774.0,4870.0,4800.0,4765.0,1578.0,1608.0,1579.0,1625.0,1621.0,1624.0,1581.0,1611.0,1582.0,3287.0,3265.0,3267.0,1578.0,1608.0,1579.0,1625.0,1621.0,1624.0
0.0,9845.0,4917.0,4873.0,4765.0,4926.0,1626.0,1663.0,1637.0,1625.0,1623.0,1625.0,1626.0,1657.0,1634.0,3297.0,3255.0,3293.0,1626.0,1663.0,1637.0,1625.0,1623.0,1625.0
0.0,9693.0,4915.0,4875.0,4926.0,4921.0,1654.0,1638.0,1629.0,1626.0,1623.0,1626.0,1651.0,1638.0,1626.0,3249.0,3206.0,3238.0,1654.0,1638.0,1629.0,1626.0,1623.0,1626.0
0.0,9704.0,4976.0,4875.0,4921.0,4976.0,1634.0,1662.0,1680.0,1625.0,1624.0,1626.0,1637.0,1659.0,1680.0,3224.0,3231.0,3249.0,1634.0,1662.0,1680.0,1625.0,1624.0,1626.0
0.0,9649.0,4954.0,4878.0,4976.0,4963.0,1643.0,1644.0,1676.0,1625.0,1625.0,1628.0,1643.0,1641.0,1670.0,3241.0,3210.0,3198.0,1643.0,1644.0,1676.0,1625.0,1625.0,1628.0
0.0,9671.0,4956.0,4880.0,4963.0,4962.0,1659.0,1662.0,1641.0,1626.0,1626.0,1628.0,1656.0,1659.0,1641.0,3232.0,3231.0,3208.0,1659.0,1662.0,1641.0,1626.0,1626.0,1628.0
0.0,9678.0,4990.0,4884.0,4962.0,5002.0,1665.0,1658.0,1679.0,1627.0,1627.0,1630.0,1662.0,1655.0,1673.0,3219.0,3216.0,3243.0,1665.0,1658.0,1679.0,1627.0,1627.0,1630.0
0.0,9650.0,5007.0,4885.0,5002.0,5010.0,1677.0,1679.0,1654.0,1628.0,1627.0,1630.0,1674.0,1679.0,1654.0,3216.0,3223.0,3211.0,1677.0,1679.0,1654.0,1628.0,1627.0,1630.0
0.0,9645.0,4930.0,4886.0,5010.0,4933.0,1675.0,1640.0,1618.0,1629.0,1627.0,1630.0,1672.0,1640.0,1618.0,3207.0,3202.0,3236.0,1675.0,1640.0,1618.0,1629.0,1627.0,1630.0
0.0,9725.0,4887.0,4886.0,4933.0,4887.0,1643.0,1623.0,1621.0,1629.0,1627.0,1630.0,1643.0,1623.0,1621.0,3212.0,3241.0,3272.0,1643.0,1623.0,1621.0,1629.0,1627.0,1630.0
0.0,9771.0,4909.0,4886.0,4887.0,4909.0,1660.0,1638.0,1611.0,1629.0,1627.0,1630.0,1660.0,1638.0,1611.0,3244.0,3258.0,3269.0,1660.0,1638.0,1611.0,1629.0,1627.0,1630.0
0.0,9749.0,4871.0,4888.0,4909.0,4877.0,1628.0,1629.0,1620.0,1630.0,1628.0,1630.0,1625.0,1626.0,1620.0,3227.0,3243.0,3279.0,1628.0,1629.0,1620.0,1630.0,1628.0,1630.0
0.0,9787.0,4913.0,4888.0,4877.0,4913.0,1642.0,1621.0,1650.0,1630.0,1628.0,1630.0,1642.0,1621.0,1650.0,3262.0,3255.0,3270.0,1642.0,1621.0,1650.0,1630.0,1628.0,1630.0
0.0,9751.0,4860.0,4889.0,4913.0,4863.0,1629.0,1605.0,1629.0,1631.0,1628.0,1630.0,1626.0,1605.0,1629.0,3248.0,3263.0,3240.0,1629.0,1605.0,1629.0,1631.0,1628.0,1630.0
0.0,9804.0,4874.0,4890.0,4863.0,4877.0,1620.0,1603.0,1654.0,1631.0,1628.0,1631.0,1620.0,1603.0,1651.0,3264.0,3279.0,3261.0,1620.0,1603.0,1654.0,1631.0,1628.0,1631.0
0.0,9793.0,4857.0,4890.0,4877.0,4857.0,1638.0,1608.0,1611.0,1631.0,1628.0,1631.0,1638.0,1608.0,1611.0,3273.0,3281.0,3239.0,1638.0,1608.0,1611.0,1631.0,1628.0,1631.0
0.0,9813.0,4931.0,4890.0,4857.0,4931.0,1630.0,1653.0,1648.0,1631.0,1628.0,1631.0,1630.0,1653.0,1648.0,3255.0,3276.0,3282.0,1630.0,1653.0,1648.0,1631.0,1628.0,1631.0
0.0,9739.0,4994.0,4891.0,4931.0,4997.0,1671.0,1655.0,1671.0,1631.0,1628.0,1632.0,1671.0,1655.0,1668.0,3263.0,3231.0,3245.0,1671.0,1655.0,1671.0,1631.0,1628.0,1632.0
0.0,9676.0,4844.0,4889.0,4997.0,4838.0,1608.0,1631.0,1599.0,1630.0,1628.0,1631.0,1611.0,1631.0,1602.0,3222.0,3229.0,3225.0,1608.0,1631.0,1599.0,1630.0,1628.0,1631.0
0.0,9829.0,5081.0,4892.0,4838.0,5090.0,1699.0,1695.0,1696.0,1631.0,1629.0,1632.0,1696.0,1692.0,1693.0,3282.0,3253.0,3294.0,1699.0,1695.0,1696.0,1631.0,1629.0,1632.0
0.0,9586.0,5020.0,4894.0,5090.0,5026.0,1688.0,1693.0,1645.0,1632.0,1630.0,1632.0,1685.0,1690.0,1645.0,3194.0,3192.0,3200.0,1688.0,1693.0,1645.0,1632.0,1630.0,1632.0
0.0,9656.0,4949.0,4895.0,5026.0,4952.0,1656.0,1672.0,1624.0,1632.0,1631.0,1632.0,1656.0,1669.0,1624.0,3208.0,3197.0,3251.0,1656.0,1672.0,1624.0,1632.0,1631.0,1632.0
0.0,9733.0,4862.0,4897.0,4952.0,4868.0,1645.0,1628.0,1595.0,1633.0,1632.0,1632.0,1642.0,1625.0,1595.0,3240.0,3221.0,3272.0,1645.0,1628.0,1595.0,1633.0,1632.0,1632.0
0.0,9823.0,4838.0,4897.0,4868.0,4838.0,1617.0,1618.0,1603.0,1633.0,1633.0,1631.0,1617.0,1615.0,1606.0,3254.0,3268.0,3301.0,1617.0,1618.0,1603.0,1633.0,1633.0,1631.0
0.0,9853.0,4729.0,4896.0,4838.0,4726.0,1587.0,1550.0,1589.0,1633.0,1632.0,1631.0,1587.0,1553.0,1589.0,3282.0,3281.0,3290.0,1587.0,1550.0,1589.0,1633.0,1632.0,1631.0
0.0,9962.0,4956.0,4897.0,4726.0,4959.0,1661.0,1629.0,1669.0,1633.0,1632.0,1632.0,1661.0,1629.0,1666.0,3312.0,3346.0,3304.0,1661.0,1629.0,1669.0,1633.0,1632.0,1632.0
0.0,9732.0,4900.0,4896.0,4959.0,4897.0,1638.0,1631.0,1628.0,1633.0,1631.0,1632.0,1638.0,1634.0,1628.0,3238.0,3267.0,3227.0,1638.0,1631.0,1628.0,1633.0,1631.0,1632.0
0.0,9791.0,4958.0,4896.0,4897.0,4958.0,1648.0,1618.0,1692.0,1633.0,1630.0,1633.0,1648.0,1621.0,1689.0,3261.0,3262.0,3268.0,1648.0,1618.0,1692.0,1633.0,1630.0,1633.0
0.0,9730.0,4980.0,4899.0,4958.0,4989.0,1670.0,1647.0,1672.0,1634.0,1631.0,1634.0,1667.0,1644.0,1669.0,3251.0,3272.0,3207.0,1670.0,1647.0,1672.0,1634.0,1631.0,1634.0
0.0,9708.0,4996.0,4899.0,4989.0,4996.0,1648.0,1677.0,1671.0,1634.0,1631.0,1634.0,1648.0,1677.0,1671.0,3232.0,3246.0,3230.0,1648.0,1677.0,1671.0,1634.0,1631.0,1634.0
0.0,9701.0,5023.0,4901.0,4996.0,5029.0,1688.0,1669.0,1672.0,1635.0,1632.0,1634.0,1685.0,1666.0,1672.0,3254.0,3216.0,3231.0,1688.0,1669.0,1672.0,1635.0,1632.0,1634.0
0.0,9674.0,4951.0,4903.0,5029.0,4957.0,1623.0,1688.0,1646.0,1635.0,1634.0,1634.0,1623.0,1682.0,1646.0,3217.0,3227.0,3230.0,1623.0,1688.0,1646.0,1635.0,1634.0,1634.0
0.0,9752.0,4913.0,4903.0,4957.0,4913.0,1643.0,1629.0,1641.0,1635.0,1634.0,1634.0,1643.0,1629.0,1641.0,3282.0,3214.0,3256.0,1643.0,1629.0,1641.0,1635.0,1634.0,1634.0
0.0,9796.0,4948.0,4903.0,4913.0,4948.0,1630.0,1644.0,1674.0,1635.0,1634.0,1634.0,1630.0,1644.0,1674.0,3262.0,3273.0,3261.0,1630.0,1644.0,1674.0,1635.0,1634.0,1634.0
0.0,9761.0,4954.0,4906.0,4948.0,4963.0,1686.0,1636.0,1641.0,1637.0,1634.0,1635.0,1680.0,1636.0,1638.0,3275.0,3258.0,3228.0,1686.0,1636.0,1641.0,1637.0,1634.0,1635.0
0.0,9755.0,4915.0,4908.0,4963.0,4921.0,1642.0,1651.0,1628.0,1638.0,1635.0,1635.0,1639.0,1648.0,1628.0,3225.0,3266.0,3264.0,1642.0,1651.0,1628.0,1638.0,1635.0,1635.0
0.0,9803.0,4825.0,4907.0,4921.0,4822.0,1653.0,1585.0,1584.0,1638.0,1634.0,1635.0,1653.0,1588.0,1584.0,3272.0,3254.0,3277.0,1653.0,1585.0,1584.0,1638.0,1634.0,1635.0
0.0,9899.0,4876.0,4908.0,4822.0,4879.0,1596.0,1652.0,1631.0,1638.0,1635.0,1635.0,1596.0,1649.0,1631.0,3261.0,3317.0,3321.0,1596.0,1652.0,1631.0,1638.0,1635.0,1635.0
0.0,9845.0,4962.0,4909.0,4879.0,4965.0,1633.0,1665.0,1667.0,1638.0,1635.0,1636.0,1633.0,1665.0,1664.0,3318.0,3253.0,3274.0,1633.0,1665.0,1667.0,1638.0,1635.0,1636.0
0.0,9762.0,5007.0,4913.0,4965.0,5019.0,1669.0,1680.0,1670.0,1639.0,1637.0,1637.0,1666.0,1674.0,1667.0,3281.0,3240.0,3241.0,1669.0,1680.0,1670.0,1639.0,1637.0,1637.0
0.0,9720.0,5010.0,4916.0,5019.0,5019.0,1665.0,1657.0,1697.0,1639.0,1638.0,1639.0,1665.0,1654.0,1691.0,3248.0,3231.0,3241.0,1665.0,1657.0,1697.0,1639.0,1638.0,1639.0
0.0,9729.0,4950.0,4916.0,5019.0,4950.0,1664.0,1657.0,1629.0,1639.0,1638.0,1639.0,1664.0,1657.0,1629.0,3252.0,3257.0,3220.0,1664.0,1657.0,1629.0,1639.0,1638.0,1639.0
0.0,9798.0,4984.0,4916.0,4950.0,4984.0,1675.0,1640.0,1669.0,1639.0,1638.0,1639.0,1675.0,1640.0,1669.0,3253.0,3257.0,3288.0,1675.0,1640.0,1669.0,1639.0,1638.0,1639.0
0.0,9764.0,5099.0,4919.0,4984.0,5108.0,1722.0,1713.0,1673.0,1641.0,1639.0,1639.0,1716.0,1710.0,1673.0,3242.0,3274.0,3248.0,1722.0,1713.0,1673.0,1641.0,1639.0,1639.0
0.0,9649.0,4993.0,4921.0,5108.0,4999.0,1657.0,1687.0,1655.0,1642.0,1640.0,1639.0,1654.0,1684.0,1655.0,3201.0,3204.0,3244.0,1657.0,1687.0,1655.0,1642.0,1640.0,1639.0
0.0,9764.0,4883.0,4921.0,4999.0,4883.0,1637.0,1637.0,1609.0,1643.0,1640.0,1638.0,1634.0,1637.0,1612.0,3269.0,3233.0,3262.0,1637.0,1637.0,1609.0,1643.0,1640.0,1638.0
0.0,9880.0,4966.0,4921.0,4883.0,4966.0,1646.0,1675.0,1645.0,1643.0,1640.0,1638.0,1646.0,1675.0,1645.0,3292.0,3283.0,3305.0,1646.0,1675.0,1645.0,1643.0,1640.0,1638.0
0.0,9797.0,4961.0,4922.0,4966.0,4964.0,1676.0,1659.0,1629.0,1644.0,1640.0,1638.0,1673.0,1659.0,1629.0,3283.0,3245.0,3269.0,1676.0,1659.0,1629.0,1644.0,1640.0,1638.0
0.0,9802.0,4900.0,4923.0,4964.0,4903.0,1639.0,1656.0,1608.0,1644.0,1641.0,1638.0,1639.0,1653.0,1608.0,3256.0,3261.0,3285.0,1639.0,1656.0,1608.0,1644.0,1641.0,1638.0
0.0,9866.0,5059.0,4929.0,4903.0,5077.0,1687.0,1680.0,1710.0,1646.0,1643.0,1640.0,1681.0,1674.0,1704.0,3293.0,3267.0,3306.0,1687.0,1680.0,1710.0,1646.0,1643.0,1640.0
0.0,9710.0,4926.0,4932.0,5077.0,4935.0,1619.0,1634.0,1682.0,1646.0,1644.0,1642.0,1619.0,1631.0,1676.0,3251.0,3249.0,3210.0,1619.0,1634.0,1682.0,1646.0,1644.0,1642.0
0.0,9861.0,4845.0,4934.0,4935.0,4851.0,1629.0,1607.0,1615.0,1647.0,1644.0,1643.0,1626.0,1607.0,1612.0,3319.0,3298.0,3244.0,1629.0,1607.0,1615.0,1647.0,1644.0,1643.0
0.0,9951.0,4932.0,4937.0,4851.0,4941.0,1652.0,1646.0,1643.0,1648.0,1645.0,1644.0,1649.0,1643.0,1640.0,3312.0,3325.0,3314.0,1652.0,1646.0,1643.0,1648.0,1645.0,1644.0
0.0,9870.0,4880.0,4937.0,4941.0,4880.0,1658.0,1595.0,1627.0,1649.0,1644.0,1644.0,1655.0,1598.0,1627.0,3292.0,3289.0,3289.0,1658.0,1595.0,1627.0,1649.0,1644.0,1644.0
0.0,9931.0,5083.0,4939.0,4880.0,5089.0,1707.0,1714.0,1668.0,1650.0,1645.0,1644.0,1704.0,1711.0,1668.0,3289.0,3337.0,3305.0,1707.0,1714.0,1668.0,1650.0,1645.0,1644.0
0.0,9728.0,4980.0,4939.0,5089.0,4980.0,1660.0,1655.0,1665.0,1650.0,1645.0,1644.0,1660.0,1655.0,1665.0,3243.0,3221.0,3264.0,1660.0,1655.0,1665.0,1650.0,1645.0,1644.0
0.0,9837.0,4999.0,4940.0,4980.0,5002.0,1671.0,1693.0,1638.0,1651.0,1646.0,1643.0,1668.0,1690.0,1641.0,3290.0,3280.0,3267.0,1671.0,1693.0,1638.0,1651.0,1646.0,1643.0
0.0,9818.0,5021.0,4942.0,5002.0,5027.0,1641.0,1707.0,1679.0,1651.0,1647.0,1644.0,1641.0,1704.0,1676.0,3282.0,3245.0,3291.0,1641.0,1707.0,1679.0,1651.0,1647.0,1644.0
0.0,9799.0,4930.0,4941.0,5027.0,4927.0,1637.0,1649.0,1641.0,1650.0,1647.0,1644.0,1640.0,1649.0,1641.0,3312.0,3234.0,3253.0,1637.0,1649.0,1641.0,1650.0,1647.0,1644.0
0.0,9896.0,4904.0,4939.0,4927.0,4898.0,1642.0,1620.0,1636.0,1650.0,1646.0,1643.0,1642.0,1623.0,1639.0,3313.0,3292.0,3291.0,1642.0,1620.0,1636.0,1650.0,1646.0,1643.0
0.0,9919.0,5017.0,4941.0,4898.0,5023.0,1686.0,1646.0,1691.0,1650.0,1646.0,1645.0,1686.0,1646.0,1685.0,3308.0,3318.0,3293.0,1686.0,1646.0,1691.0,1650.0,1646.0,1645.0
0.0,9800.0,4945.0,4942.0,5023.0,4948.0,1645.0,1654.0,1649.0,1650.0,1647.0,1645.0,1645.0,1651.0,1649.0,3264.0,3292.0,3244.0,1645.0,1654.0,1649.0,1650.0,1647.0,1645.0
0.0,9878.0,4900.0,4942.0,4948.0,4900.0,1647.0,1611.0,1642.0,1650.0,1646.0,1646.0,1647.0,1614.0,1639.0,3305.0,3287.0,3286.0,1647.0,1611.0,1642.0,1650.0,1646.0,1646.0
0.0,9926.0,4937.0,4943.0,4900.0,4940.0,1622.0,1658.0,1660.0,1650.0,1647.0,1646.0,1622.0,1655.0,1660.0,3303.0,3327.0,3296.0,1622.0,1658.0,1660.0,1650.0,1647.0,1646.0
0.0,9889.0,5014.0,4945.0,4940.0,5020.0,1653.0,1697.0,1670.0,1650.0,1648.0,1647.0,1653.0,1694.0,1667.0,3328.0,3283.0,3278.0,1653.0,1697.0,1670.0,1650.0,1648.0,1647.0
0.0,9815.0,4962.0,4946.0,5020.0,4965.0,1652.0,1669.0,1644.0,1650.0,1649.0,1647.0,1652.0,1666.0,1644.0,3297.0,3247.0,3271.0,1652.0,1669.0,1644.0,1650.0,1649.0,1647.0
0.0,9873.0,4966.0,4949.0,4965.0,4975.0,1639.0,1692.0,1644.0,1651.0,1651.0,1647.0,1636.0,1686.0,1644.0,3298.0,3278.0,3297.0,1639.0,1692.0,1644.0,1651.0,1651.0,1647.0
0.0,9872.0,4926.0,4950.0,4975.0,4929.0,1648.0,1654.0,1627.0,1651.0,1652.0,1647.0,1648.0,1651.0,1627.0,3314.0,3261.0,3297.0,1648.0,1654.0,1627.0,1651.0,1652.0,1647.0
0.0,9921.0,4965.0,4951.0,4929.0,4968.0,1675.0,1649.0,1644.0,1652.0,1652.0,1647.0,1672.0,1649.0,1644.0,3305.0,3302.0,3314.0,1675.0,1649.0,1644.0,1652.0,1652.0,1647.0
0.0,9885.0,5030.0,4951.0,4968.0,5030.0,1689.0,1678.0,1663.0,1652.0,1652.0,1647.0,1689.0,1678.0,1663.0,3281.0,3307.0,3297.0,1689.0,1678.0,1663.0,1652.0,1652.0,1647.0
0.0,9823.0,5066.0,4955.0,5030.0,5078.0,1688.0,1694.0,1696.0,1653.0,1653.0,1649.0,1685.0,1691.0,1690.0,3267.0,3278.0,3278.0,1688.0,1694.0,1696.0,1653.0,1653.0,1649.0
0.0,9787.0,4954.0,4953.0,5078.0,4948.0,1629.0,1669.0,1650.0,1652.0,1653.0,1648.0,1632.0,1669.0,1653.0,3271.0,3265.0,3251.0,1629.0,1669.0,1650.0,1652.0,1653.0,1648.0
0.0,9911.0,4895.0,4951.0,4948.0,4889.0,1611.0,1639.0,1639.0,1651.0,1652.0,1648.0,1614.0,1642.0,1639.0,3327.0,3290.0,3294.0,1611.0,1639.0,1639.0,1651.0,1652.0,1648.0
0.0,9964.0,5081.0,4953.0,4889.0,5087.0,1719.0,1697.0,1671.0,1652.0,1652.0,1649.0,1716.0,1697.0,1668.0,3342.0,3317.0,3305.0,1719.0,1697.0,1671.0,1652.0,1652.0,1649.0
0.0,9772.0,5070.0,4957.0,5087.0,5082.0,1705.0,1697.0,1680.0,1653.0,1654.0,1650.0,1702.0,1691.0,1677.0,3237.0,3259.0,3276.0,1705.0,1697.0,1680.0,1653.0,1654.0,1650.0
0.0,9789.0,5054.0,4961.0,5082.0,5066.0,1709.0,1685.0,1672.0,1655.0,1655.0,1651.0,1703.0,1682.0,1669.0,3254.0,3265.0,3270.0,1709.0,1685.0,1672.0,1655.0,1655.0,1651.0
0.0,9817.0,4958.0,4966.0,5066.0,4973.0,1647.0,1661.0,1665.0,1656.0,1657.0,1653.0,1644.0,1655.0,1659.0,3256.0,3280.0,3281.0,1647.0,1661.0,1665.0,1656.0,1657.0,1653.0
0.0,9925.0,4979.0,4966.0,4973.0,4979.0,1651.0,1680.0,1648.0,1656.0,1658.0,1652.0,1651.0,1677.0,1651.0,3321.0,3310.0,3294.0,1651.0,1680.0,1648.0,1656.0,1658.0,1652.0
0.0,9919.0,4970.0,4967.0,4979.0,4973.0,1652.0,1660.0,1661.0,1656.0,1658.0,1653.0,1652.0,1660.0,1658.0,3317.0,3294.0,3308.0,1652.0,1660.0,1661.0,1656.0,1658.0,1653.0
0.0,9928.0,5045.0,4969.0,4973.0,5051.0,1664.0,1699.0,1688.0,1656.0,1660.0,1653.0,1664.0,1693.0,1688.0,3316.0,3314.0,3298.0,1664.0,1699.0,1688.0,1656.0,1660.0,1653.0
0.0,9856.0,5079.0,4972.0,5051.0,5088.0,1740.0,1649.0,1699.0,1658.0,1660.0,1654.0,1734.0,1649.0,1696.0,3304.0,3281.0,3271.0,1740.0,1649.0,1699.0,1658.0,1660.0,1654.0
0.0,9828.0,5070.0,4973.0,5088.0,5073.0,1700.0,1685.0,1688.0,1659.0,1660.0,1654.0,1697.0,1685.0,1688.0,3234.0,3331.0,3263.0,1700.0,1685.0,1688.0,1659.0,1660.0,1654.0
0.0,9846.0,4970.0,4972.0,5073.0,4967.0,1654.0,1652.0,1661.0,1658.0,1660.0,1654.0,1657.0,1652.0,1661.0,3277.0,3295.0,3274.0,1654.0,1652.0,1661.0,1658.0,1660.0,1654.0
0.0,9949.0,5113.0,4974.0,4967.0,5119.0,1699.0,1720.0,1700.0,1659.0,1660.0,1655.0,1696.0,1720.0,1697.0,3320.0,3328.0,3301.0,1699.0,1720.0,1700.0,1659.0,1660.0,1655.0
0.0,9803.0,5128.0,4978.0,5119.0,5140.0,1698.0,1737.0,1705.0,1660.0,1662.0,1656.0,1695.0,1731.0,1702.0,3278.0,3260.0,3265.0,1698.0,1737.0,1705.0,1660.0,1662.0,1656.0
0.0,9794.0,5055.0,4980.0,5140.0,5061.0,1679.0,1682.0,1700.0,1661.0,1663.0,1656.0,1676.0,1679.0,1700.0,3282.0,3249.0,3263.0,1679.0,1682.0,1700.0,1661.0,1663.0,1656.0
0.0,9879.0,4982.0,4981.0,5061.0,4985.0,1626.0,1698.0,1661.0,1660.0,1664.0,1657.0,1629.0,1695.0,1658.0,3304.0,3307.0,3268.0,1626.0,1698.0,1661.0,1660.0,1664.0,1657.0
0.0,9958.0,4977.0,4982.0,4985.0,4980.0,1647.0,1656.0,1677.0,1660.0,1664.0,1658.0,1647.0,1656.0,1674.0,3354.0,3294.0,3310.0,1647.0,1656.0,1677.0,1660.0,1664.0,1658.0
0.0,9966.0,4993.0,4986.0,4980.0,5005.0,1683.0,1657.0,1665.0,1661.0,1666.0,1659.0,1680.0,1651.0,1662.0,3333.0,3336.0,3297.0,1683.0,1657.0,1665.0,1661.0,1666.0,1659.0
0.0,9953.0,4904.0,4986.0,5005.0,4904.0,1667.0,1621.0,1616.0,1662.0,1665.0,1659.0,1664.0,1624.0,1616.0,3300.0,3341.0,3312.0,1667.0,1621.0,1616.0,1662.0,1665.0,1659.0
0.0,10054.0,4866.0,4984.0,4904.0,4860.0,1621.0,1633.0,1606.0,1662.0,1664.0,1658.0,1621.0,1636.0,1609.0,3319.0,3374.0,3361.0,1621.0,1633.0,1606.0,1662.0,1664.0,1658.0
0.0,10092.0,5031.0,4984.0,4860.0,5031.0,1689.0,1672.0,1670.0,1662.0,1664.0,1658.0,1689.0,1672.0,1670.0,3365.0,3359.0,3368.0,1689.0,1672.0,1670.0,1662.0,1664.0,1658.0
0.0,9921.0,4964.0,4984.0,5031.0,4964.0,1633.0,1682.0,1649.0,1662.0,1665.0,1657.0,1633.0,1679.0,1652.0,3297.0,3320.0,3304.0,1633.0,1682.0,1649.0,1662.0,1665.0,1657.0
0.0,9988.0,5193.0,4989.0,4964.0,5208.0,1757.0,1728.0,1723.0,1664.0,1666.0,1659.0,1751.0,1725.0,1717.0,3353.0,3313.0,3322.0,1757.0,1728.0,1723.0,1664.0,1666.0,1659.0
0.0,9759.0,5049.0,4990.0,5208.0,5052.0,1678.0,1686.0,1688.0,1664.0,1667.0,1659.0,1678.0,1683.0,1688.0,3235.0,3270.0,3254.0,1678.0,1686.0,1688.0,1664.0,1667.0,1659.0
0.0,9918.0,5092.0,4990.0,5052.0,5092.0,1673.0,1701.0,1718.0,1663.0,1667.0,1660.0,1676.0,1701.0,1715.0,3314.0,3315.0,3289.0,1673.0,1701.0,1718.0,1663.0,1667.0,1660.0
0.0,9878.0,5047.0,4991.0,5092.0,5050.0,1675.0,1675.0,1700.0,1663.0,1667.0,1661.0,1675.0,1675.0,1697.0,3316.0,3300.0,3262.0,1675.0,1675.0,1700.0,1663.0,1667.0,1661.0
0.0,9923.0,5167.0,4996.0,5050.0,5182.0,1714.0,1714.0,1754.0,1665.0,1668.0,1663.0,1708.0,1711.0,1748.0,3314.0,3326.0,3283.0,1714.0,1714.0,1754.0,1665.0,1668.0,1663.0
0.0,9806.0,5016.0,4997.0,5182.0,5019.0,1652.0,1681.0,1686.0,1665.0,1668.0,1664.0,1652.0,1681.0,1683.0,3281.0,3290.0,3235.0,1652.0,1681.0,1686.0,1665.0,1668.0,1664.0
0.0,9972.0,5037.0,4998.0,5019.0,5040.0,1686.0,1669.0,1685.0,1665.0,1668.0,1665.0,1686.0,1669.0,1682.0,3343.0,3323.0,3306.0,1686.0,1669.0,1685.0,1665.0,1668.0,1665.0
0.0,9954.0,4996.0,5000.0,5040.0,5002.0,1655.0,1691.0,1656.0,1665.0,1669.0,1666.0,1655.0,1688.0,1653.0,3309.0,3335.0,3310.0,1655.0,1691.0,1656.0,1665.0,1669.0,1666.0
0.0,9998.0,4964.0,4999.0,5002.0,4961.0,1655.0,1654.0,1652.0,1665.0,1669.0,1665.0,1655.0,1654.0,1655.0,3340.0,3316.0,3342.0,1655.0,1654.0,1652.0,1665.0,1669.0,1665.0
0.0,10036.0,5044.0,5001.0,4961.0,5050.0,1670.0,1710.0,1670.0,1666.0,1670.0,1665.0,1667.0,1707.0,1670.0,3340.0,3353.0,3343.0,1670.0,1710.0,1670.0,1666.0,1670.0,1665.0
0.0,9953.0,4975.0,5003.0,5050.0,4981.0,1653.0,1669.0,1659.0,1666.0,1671.0,1666.0,1653.0,1666.0,1656.0,3328.0,3300.0,3325.0,1653.0,1669.0,1659.0,1666.0,1671.0,1666.0
0.0,10028.0,4905.0,5003.0,4981.0,4905.0,1618.0,1648.0,1639.0,1666.0,1671.0,1666.0,1618.0,1648.0,1639.0,3345.0,3344.0,3339.0,1618.0,1648.0,1639.0,1666.0,1671.0,1666.0
0.0,10104.0,5108.0,5006.0,4905.0,5117.0,1691.0,1708.0,1718.0,1666.0,1673.0,1667.0,1691.0,1702.0,1715.0,3380.0,3365.0,3359.0,1691.0,1708.0,1718.0,1666.0,1673.0,1667.0
0.0,9901.0,5093.0,5007.0,5117.0,5096.0,1699.0,1695.0,1702.0,1666.0,1673.0,1668.0,1699.0,1695.0,1699.0,3307.0,3311.0,3283.0,1699.0,1695.0,1702.0,1666.0,1673.0,1668.0
0.0,9925.0,5105.0,5011.0,5096.0,5117.0,1731.0,1681.0,1705.0,1668.0,1674.0,1669.0,1725.0,1678.0,1702.0,3299.0,3324.0,3302.0,1731.0,1681.0,1705.0,1668.0,1674.0,1669.0
0.0,9916.0,5079.0,5012.0,5117.0,5082.0,1672.0,1707.0,1703.0,1668.0,1674.0,1670.0,1672.0,1707.0,1700.0,3273.0,3341.0,3302.0,1672.0,1707.0,1703.0,1668.0,1674.0,1670.0
0.0,9954.0,5086.0,5013.0,5082.0,5089.0,1711.0,1685.0,1693.0,1669.0,1674.0,1670.0,1708.0,1685.0,1693.0,3332.0,3315.0,3307.0,1711.0,1685.0,1693.0,1669.0,1674.0,1670.0
0.0,9950.0,5007.0,5014.0,5089.0,5010.0,1658.0,1673.0,1679.0,1669.0,1674.0,1671.0,1658.0,1673.0,1676.0,3296.0,3337.0,3317.0,1658.0,1673.0,1679.0,1669.0,1674.0,1671.0
0.0,10032.0,4957.0,5014.0,5010.0,4957.0,1644.0,1645.0,1668.0,1669.0,1674.0,1671.0,1644.0,1645.0,1668.0,3349.0,3349.0,3334.0,1644.0,1645.0,1668.0,1669.0,1674.0,1671.0
0.0,10085.0,5025.0,5015.0,4957.0,5028.0,1653.0,1700.0,1675.0,1669.0,1675.0,1671.0,1653.0,1697.0,1675.0,3363.0,3377.0,3345.0,1653.0,1700.0,1675.0,1669.0,1675.0,1671.0
0.0,10017.0,4962.0,5016.0,5028.0,4965.0,1657.0,1668.0,1640.0,1669.0,1676.0,1671.0,1657.0,1665.0,1640.0,3354.0,3325.0,3338.0,1657.0,1668.0,1640.0,1669.0,1676.0,1671.0
0.0,10083.0,5074.0,5019.0,4965.0,5083.0,1706.0,1694.0,1683.0,1670.0,1677.0,1672.0,1703.0,1691.0,1680.0,3350.0,3360.0,3373.0,1706.0,1694.0,1683.0,1670.0,1677.0,1672.0
0.0,9974.0,4999.0,5020.0,5083.0,5002.0,1695.0,1665.0,1642.0,1671.0,1677.0,1672.0,1692.0,1665.0,1642.0,3304.0,3337.0,3333.0,1695.0,1665.0,1642.0,1671.0,1677.0,1672.0
0.0,10058.0,4868.0,5018.0,5002.0,4862.0,1619.0,1622.0,1621.0,1671.0,1676.0,1671.0,1619.0,1625.0,1624.0,3318.0,3366.0,3374.0,1619.0,1622.0,1621.0,1671.0,1676.0,1671.0
0.0,10192.0,5002.0,5018.0,4862.0,5002.0,1681.0,1656.0,1665.0,1671.0,1676.0,1671.0,1681.0,1656.0,1665.0,3394.0,3406.0,3392.0,1681.0,1656.0,1665.0,1671.0,1676.0,1671.0
0.0,10052.0,5116.0,5022.0,5002.0,5128.0,1715.0,1678.0,1735.0,1673.0,1676.0,1673.0,1709.0,1678.0,1729.0,3332.0,3372.0,3348.0,1715.0,1678.0,1735.0,1673.0,1676.0,1673.0
0.0,9938.0,5173.0,5026.0,5128.0,5185.0,1737.0,1722.0,1726.0,1674.0,1677.0,1675.0,1734.0,1719.0,1720.0,3304.0,3350.0,3284.0,1737.0,1722.0,1726.0,1674.0,1677.0,1675.0
0.0,9893.0,5165.0,5030.0,5185.0,5177.0,1712.0,1744.0,1721.0,1675.0,1679.0,1676.0,1709.0,1738.0,1718.0,3285.0,3309.0,3299.0,1712.0,1744.0,1721.0,1675.0,1679.0,1676.0
0.0,9913.0,5196.0,5033.0,5177.0,5205.0,1747.0,1729.0,1729.0,1676.0,1680.0,1677.0,1744.0,1726.0,1726.0,3313.0,3293.0,3307.0,1747.0,1729.0,1729.0,1676.0,1680.0,1677.0
0.0,9894.0,5112.0,5034.0,5205.0,5115.0,1665.0,1717.0,1733.0,1676.0,1680.0,1678.0,1665.0,1717.0,1730.0,3281.0,3311.0,3302.0,1665.0,1717.0,1733.0,1676.0,1680.0,1678.0
0.0,9987.0,5135.0,5037.0,5115.0,5144.0,1713.0,1720.0,1711.0,1677.0,1681.0,1679.0,1710.0,1717.0,1708.0,3363.0,3323.0,3301.0,1713.0,1720.0,1711.0,1677.0,1681.0,1679.0
0.0,9967.0,5129.0,5041.0,5144.0,5141.0,1727.0,1705.0,1709.0,1679.0,1682.0,1680.0,1721.0,1702.0,1706.0,3318.0,3323.0,3326.0,1727.0,1705.0,1709.0,1679.0,1682.0,1680.0
0.0,9982.0,5103.0,5042.0,5141.0,5106.0,1713.0,1696.0,1697.0,1679.0,1682.0,1681.0,1713.0,1696.0,1694.0,3310.0,3341.0,3331.0,1713.0,1696.0,1697.0,1679.0,1682.0,1681.0
0.0,10020.0,5018.0,5041.0,5106.0,5015.0,1682.0,1682.0,1651.0,1679.0,1682.0,1680.0,1682.0,1682.0,1654.0,3324.0,3350.0,3346.0,1682.0,1682.0,1651.0,1679.0,1682.0,1680.0
0.0,10108.0,5045.0,5041.0,5015.0,5045.0,1694.0,1677.0,1674.0,1679.0,1682.0,1680.0,1694.0,1677.0,1674.0,3355.0,3364.0,3389.0,1694.0,1677.0,1674.0,1679.0,1682.0,1680.0
0.0,10078.0,4972.0,5041.0,5045.0,4972.0,1667.0,1647.0,1658.0,1679.0,1682.0,1680.0,1667.0,1647.0,1658.0,3343.0,3369.0,3366.0,1667.0,1647.0,1658.0,1679.0,1682.0,1680.0
0.0,10151.0,5077.0,5043.0,4972.0,5083.0,1667.0,1721.0,1695.0,1679.0,1683.0,1681.0,1667.0,1718.0,1692.0,3370.0,3399.0,3382.0,1667.0,1721.0,1695.0,1679.0,1683.0,1681.0
0.0,10046.0,4957.0,5043.0,5083.0,4957.0,1650.0,1664.0,1643.0,1679.0,1683.0,1681.0,1650.0,1664.0,1643.0,3370.0,3328.0,3348.0,1650.0,1664.0,1643.0,1679.0,1683.0,1681.0
0.0,10172.0,5238.0,5046.0,4957.0,5247.0,1755.0,1737.0,1755.0,1681.0,1683.0,1682.0,1749.0,1737.0,1752.0,3387.0,3385.0,3400.0,1755.0,1737.0,1755.0,1681.0,1683.0,1682.0
0.0,9891.0,5112.0,5047.0,5247.0,5115.0,1689.0,1703.0,1723.0,1680.0,1684.0,1683.0,1692.0,1700.0,1720.0,3288.0,3312.0,3291.0,1689.0,1703.0,1723.0,1680.0,1684.0,1683.0
0.0,10026.0,5203.0,5050.0,5115.0,5212.0,1763.0,1699.0,1750.0,1681.0,1685.0,1684.0,1760.0,1696.0,1747.0,3351.0,3349.0,3326.0,1763.0,1699.0,1750.0,1681.0,1685.0,1684.0
0.0,9938.0,5194.0,5055.0,5212.0,5209.0,1745.0,1700.0,1764.0,1683.0,1686.0,1686.0,1739.0,1697.0,1758.0,3280.0,3356.0,3302.0,1745.0,1700.0,1764.0,1683.0,1686.0,1686.0
0.0,9956.0,5107.0,5054.0,5209.0,5104.0,1701.0,1693.0,1710.0,1683.0,1685.0,1686.0,1701.0,1696.0,1710.0,3304.0,3358.0,3294.0,1701.0,1693.0,1710.0,1683.0,1685.0,1686.0
0.0,10058.0,5155.0,5054.0,5104.0,5155.0,1717.0,1738.0,1700.0,1683.0,1685.0,1686.0,1717.0,1738.0,1700.0,3348.0,3362.0,3348.0,1717.0,1738.0,1700.0,1683.0,1685.0,1686.0
0.0,10007.0,5150.0,5056.0,5155.0,5156.0,1702.0,1733.0,1721.0,1684.0,1686.0,1686.0,1699.0,1730.0,1721.0,3332.0,3317.0,3358.0,1702.0,1733.0,1721.0,1684.0,1686.0,1686.0
0.0,10012.0,5107.0,5059.0,5156.0,5116.0,1716.0,1720.0,1680.0,1685.0,1687.0,1687.0,1713.0,1717.0,1677.0,3350.0,3325.0,3337.0,1716.0,1720.0,1680.0,1685.0,1687.0,1687.0
0.0,10061.0,5146.0,5062.0,5116.0,5155.0,1723.0,1722.0,1710.0,1687.0,1688.0,1687.0,1717.0,1719.0,1710.0,3339.0,3341.0,3381.0,1723.0,1722.0,1710.0,1687.0,1688.0,1687.0
0.0,10031.0,5131.0,5064.0,5155.0,5137.0,1713.0,1728.0,1696.0,1687.0,1689.0,1688.0,1713.0,1725.0,1693.0,3338.0,3342.0,3351.0,1713.0,1728.0,1696.0,1687.0,1689.0,1688.0
0.0,10055.0,5032.0,5067.0,5137.0,5041.0,1685.0,1665.0,1691.0,1688.0,1690.0,1689.0,1682.0,1662.0,1688.0,3348.0,3339.0,3368.0,1685.0,1665.0,1691.0,1688.0,1690.0,1689.0
0.0,10160.0,5055.0,5071.0,5041.0,5067.0,1682.0,1689.0,1696.0,1689.0,1691.0,1691.0,1679.0,1686.0,1690.0,3379.0,3405.0,3376.0,1682.0,1689.0,1696.0,1689.0,1691.0,1691.0
0.0,10146.0,5023.0,5071.0,5067.0,5023.0,1679.0,1676.0,1668.0,1689.0,1691.0,1691.0,1679.0,1676.0,1668.0,3385.0,3384.0,3377.0,1679.0,1676.0,1668.0,1689.0,1691.0,1691.0
0.0,10190.0,5076.0,5073.0,5023.0,5082.0,1701.0,1685.0,1696.0,1690.0,1691.0,1692.0,1698.0,1685.0,1693.0,3388.0,3397.0,3405.0,1701.0,1685.0,1696.0,1690.0,1691.0,1692.0
0.0,10137.0,5173.0,5073.0,5082.0,5173.0,1743.0,1707.0,1723.0,1690.0,1691.0,1692.0,1743.0,1707.0,1723.0,3369.0,3388.0,3380.0,1743.0,1707.0,1723.0,1690.0,1691.0,1692.0
0.0,10046.0,5080.0,5072.0,5173.0,5077.0,1698.0,1715.0,1664.0,1690.0,1691.0,1691.0,1698.0,1715.0,1667.0,3327.0,3366.0,3353.0,1698.0,1715.0,1664.0,1690.0,1691.0,1691.0
0.0,10139.0,5188.0,5074.0,5077.0,5194.0,1740.0,1749.0,1705.0,1691.0,1692.0,1691.0,1737.0,1746.0,1705.0,3372.0,3358.0,3409.0,1740.0,1749.0,1705.0,1691.0,1692.0,1691.0
0.0,10028.0,5077.0,5075.0,5194.0,5080.0,1655.0,1737.0,1688.0,1691.0,1693.0,1691.0,1655.0,1734.0,1688.0,3333.0,3327.0,3368.0,1655.0,1737.0,1688.0,1691.0,1693.0,1691.0
0.0,10145.0,5183.0,5076.0,5080.0,5186.0,1714.0,1737.0,1735.0,1691.0,1694.0,1691.0,1714.0,1734.0,1735.0,3418.0,3342.0,3385.0,1714.0,1737.0,1735.0,1691.0,1694.0,1691.0
0.0,10042.0,5127.0,5077.0,5186.0,5130.0,1763.0,1705.0,1662.0,1693.0,1694.0,1690.0,1757.0,1705.0,1665.0,3359.0,3345.0,3338.0,1763.0,1705.0,1662.0,1693.0,1694.0,1690.0
0.0,10101.0,5045.0,5078.0,5130.0,5048.0,1684.0,1689.0,1675.0,1693.0,1695.0,1690.0,1684.0,1686.0,1675.0,3316.0,3377.0,3408.0,1684.0,1689.0,1675.0,1693.0,1695.0,1690.0
0.0,10186.0,5120.0,5080.0,5048.0,5126.0,1742.0,1674.0,1710.0,1695.0,1694.0,1691.0,1736.0,1677.0,1707.0,3395.0,3396.0,3395.0,1742.0,1674.0,1710.0,1695.0,1694.0,1691.0
0.0,10114.0,5065.0,5082.0,5126.0,5071.0,1681.0,1704.0,1686.0,1695.0,1695.0,1692.0,1681.0,1701.0,1683.0,3343.0,3408.0,3363.0,1681.0,1704.0,1686.0,1695.0,1695.0,1692.0
0.0,10175.0,5128.0,5084.0,5071.0,5134.0,1695.0,1707.0,1732.0,1696.0,1695.0,1693.0,1692.0,1707.0,1729.0,3404.0,3381.0,3390.0,1695.0,1707.0,1732.0,1696.0,1695.0,1693.0
0.0,10118.0,5226.0,5088.0,5134.0,5238.0,1737.0,1775.0,1726.0,1697.0,1697.0,1694.0,1734.0,1769.0,1723.0,3393.0,3378.0,3347.0,1737.0,1775.0,1726.0,1697.0,1697.0,1694.0
0.0,10026.0,4983.0,5091.0,5238.0,4992.0,1642.0,1671.0,1679.0,1698.0,1698.0,1695.0,1639.0,1668.0,1676.0,3354.0,3316.0,3356.0,1642.0,1671.0,1679.0,1698.0,1698.0,1695.0
0.0,10281.0,5105.0,5091.0,4992.0,5105.0,1686.0,1714.0,1705.0,1698.0,1698.0,1695.0,1686.0,1714.0,1705.0,3452.0,3423.0,3406.0,1686.0,1714.0,1705.0,1698.0,1698.0,1695.0
0.0,10168.0,5189.0,5092.0,5105.0,5192.0,1728.0,1739.0,1725.0,1698.0,1699.0,1695.0,1728.0,1736.0,1725.0,3408.0,3380.0,3380.0,1728.0,1739.0,1725.0,1698.0,1699.0,1695.0
0.0,10084.0,5199.0,5093.0,5192.0,5202.0,1748.0,1716.0,1738.0,1698.0,1699.0,1696.0,1748.0,1716.0,1735.0,3366.0,3358.0,3360.0,1748.0,1716.0,1738.0,1698.0,1699.0,1696.0
0.0,10077.0,5154.0,5096.0,5202.0,5163.0,1738.0,1682.0,1743.0,1700.0,1699.0,1697.0,1732.0,1682.0,1740.0,3346.0,3381.0,3350.0,1738.0,1682.0,1743.0,1700.0,1699.0,1697.0
0.0,10125.0,5082.0,5095.0,5163.0,5079.0,1679.0,1720.0,1680.0,1699.0,1700.0,1696.0,1682.0,1717.0,1683.0,3362.0,3415.0,3348.0,1679.0,1720.0,1680.0,1699.0,1700.0,1696.0
0.0,10206.0,5194.0,5098.0,5079.0,5203.0,1712.0,1758.0,1733.0,1700.0,1701.0,1697.0,1709.0,1755.0,1730.0,3418.0,3380.0,3408.0,1712.0,1758.0,1733.0,1700.0,1701.0,1697.0
0.0,10091.0,5205.0,5104.0,5203.0,5223.0,1753.0,1726.0,1744.0,1702.0,1703.0,1699.0,1747.0,1720.0,1738.0,3388.0,3345.0,3358.0,1753.0,1726.0,1744.0,1702.0,1703.0,1699.0
0.0,10089.0,5133.0,5106.0,5223.0,5139.0,1731.0,1716.0,1692.0,1704.0,1703.0,1699.0,1725.0,1716.0,1692.0,3353.0,3383.0,3353.0,1731.0,1716.0,1692.0,1704.0,1703.0,1699.0
0.0,10179.0,5169.0,5110.0,5139.0,5181.0,1723.0,1730.0,1728.0,1705.0,1704.0,1701.0,1720.0,1727.0,1722.0,3381.0,3393.0,3405.0,1723.0,1730.0,1728.0,1705.0,1704.0,1701.0
0.0,10149.0,5105.0,5110.0,5181.0,5105.0,1715.0,1704.0,1686.0,1705.0,1704.0,1701.0,1715.0,1704.0,1686.0,3392.0,3382.0,3375.0,1715.0,1704.0,1686.0,1705.0,1704.0,1701.0
0.0,10225.0,5010.0,5111.0,5105.0,5013.0,1645.0,1680.0,1688.0,1704.0,1705.0,1702.0,1648.0,1677.0,1685.0,3400.0,3408.0,3417.0,1645.0,1680.0,1688.0,1704.0,1705.0,1702.0
0.0,10320.0,5119.0,5115.0,5013.0,5131.0,1685.0,1713.0,1733.0,1705.0,1706.0,1704.0,1682.0,1710.0,1727.0,3467.0,3435.0,3418.0,1685.0,1713.0,1733.0,1705.0,1706.0,1704.0
0.0,10214.0,5119.0,5117.0,5131.0,5125.0,1684.0,1722.0,1719.0,1705.0,1707.0,1705.0,1684.0,1719.0,1716.0,3430.0,3405.0,3379.0,1684.0,1722.0,1719.0,1705.0,1707.0,1705.0
0.0,10226.0,5073.0,5116.0,5125.0,5070.0,1697.0,1678.0,1695.0,1705.0,1707.0,1704.0,1697.0,1678.0,1698.0,3431.0,3399.0,3396.0,1697.0,1678.0,1695.0,1705.0,1707.0,1704.0
0.0,10278.0,5234.0,5118.0,5070.0,5240.0,1741.0,1741.0,1758.0,1705.0,1708.0,1705.0,1741.0,1738.0,1755.0,3418.0,3443.0,3417.0,1741.0,1741.0,1758.0,1705.0,1708.0,1705.0
0.0,10114.0,5229.0,5119.0,5240.0,5232.0,1784.0,1744.0,1704.0,1707.0,1708.0,1704.0,1778.0,1744.0,1707.0,3374.0,3383.0,3357.0,1784.0,1744.0,1704.0,1707.0,1708.0,1704.0
0.0,10125.0,5274.0,5121.0,5232.0,5280.0,1763.0,1772.0,1745.0,1707.0,1709.0,1705.0,1763.0,1769.0,1742.0,3337.0,3380.0,3408.0,1763.0,1772.0,1745.0,1707.0,1709.0,1705.0
0.0,10083.0,5199.0,5122.0,5280.0,5202.0,1726.0,1735.0,1741.0,1708.0,1709.0,1705.0,1723.0,1735.0,1741.0,3358.0,3355.0,3370.0,1726.0,1735.0,1741.0,1708.0,1709.0,1705.0
0.0,10164.0,5235.0,5125.0,5202.0,5244.0,1738.0,1744.0,1762.0,1709.0,1710.0,1706.0,1735.0,1741.0,1759.0,3398.0,3392.0,3374.0,1738.0,1744.0,1762.0,1709.0,1710.0,1706.0
0.0,10131.0,5164.0,5125.0,5244.0,5164.0,1731.0,1723.0,1710.0,1709.0,1710.0,1706.0,1731.0,1723.0,1710.0,3389.0,3386.0,3356.0,1731.0,1723.0,1710.0,1709.0,1710.0,1706.0
0.0,10211.0,5209.0,5126.0,5164.0,5212.0,1750.0,1720.0,1742.0,1709.0,1710.0,1707.0,1750.0,1720.0,1739.0,3396.0,3407.0,3408.0,1750.0,1720.0,1742.0,1709.0,1710.0,1707.0
0.0,10166.0,5010.0,5127.0,5212.0,5013.0,1687.0,1646.0,1680.0,1710.0,1710.0,1707.0,1684.0,1646.0,1680.0,3377.0,3410.0,3379.0,1687.0,1646.0,1680.0,1710.0,1710.0,1707.0
0.0,10368.0,5111.0,5128.0,5013.0,5114.0,1705.0,1683.0,1726.0,1710.0,1710.0,1708.0,1705.0,1683.0,1723.0,3443.0,3484.0,3441.0,1705.0,1683.0,1726.0,1710.0,1710.0,1708.0
0.0,10270.0,5195.0,5132.0,5114.0,5207.0,1716.0,1731.0,1760.0,1711.0,1711.0,1710.0,1713.0,1728.0,1754.0,3425.0,3447.0,3398.0,1716.0,1731.0,1760.0,1711.0,1711.0,1710.0
0.0,10189.0,5150.0,5133.0,5207.0,5153.0,1706.0,1711.0,1736.0,1711.0,1711.0,1711.0,1706.0,1711.0,1733.0,3417.0,3402.0,3370.0,1706.0,1711.0,1736.0,1711.0,1711.0,1711.0
0.0,10246.0,5077.0,5136.0,5153.0,5086.0,1683.0,1692.0,1711.0,1712.0,1712.0,1712.0,1680.0,1689.0,1708.0,3427.0,3422.0,3397.0,1683.0,1692.0,1711.0,1712.0,1712.0,1712.0
0.0,10322.0,5097.0,5133.0,5086.0,5088.0,1708.0,1675.0,1705.0,1711.0,1711.0,1711.0,1711.0,1678.0,1708.0,3453.0,3444.0,3425.0,1708.0,1675.0,1705.0,1711.0,1711.0,1711.0
0.0,10311.0,5212.0,5135.0,5088.0,5218.0,1746.0,1730.0,1742.0,1712.0,1711.0,1712.0,1743.0,1730.0,1739.0,3425.0,3458.0,3428.0,1746.0,1730.0,1742.0,1712.0,1711.0,1712.0
0.0,10187.0,5139.0,5134.0,5218.0,5136.0,1705.0,1721.0,1710.0,1711.0,1712.0,1711.0,1708.0,1718.0,1713.0,3390.0,3403.0,3394.0,1705.0,1721.0,1710.0,1711.0,1712.0,1711.0
0.0,10266.0,5187.0,5134.0,5136.0,5187.0,1741.0,1715.0,1731.0,1711.0,1712.0,1711.0,1741.0,1715.0,1731.0,3428.0,3415.0,3423.0,1741.0,1715.0,1731.0,1711.0,1712.0,1711.0
0.0,10215.0,5159.0,5135.0,5187.0,5162.0,1708.0,1739.0,1715.0,1711.0,1713.0,1711.0,1708.0,1736.0,1715.0,3392.0,3421.0,3402.0,1708.0,1739.0,1715.0,1711.0,1713.0,1711.0
0.0,10243.0,5179.0,5135.0,5162.0,5179.0,1703.0,1723.0,1753.0,1711.0,1712.0,1712.0,1703.0,1726.0,1750.0,3425.0,3400.0,3418.0,1703.0,1723.0,1753.0,1711.0,1712.0,1712.0
0.0,10226.0,5183.0,5136.0,5179.0,5186.0,1755.0,1709.0,1722.0,1712.0,1712.0,1712.0,1752.0,1709.0,1722.0,3430.0,3413.0,3383.0,1755.0,1709.0,1722.0,1712.0,1712.0,1712.0
0.0,10222.0,5290.0,5139.0,5186.0,5299.0,1769.0,1758.0,1772.0,1713.0,1713.0,1713.0,1766.0,1755.0,1769.0,3381.0,3427.0,3414.0,1769.0,1758.0,1772.0,1713.0,1713.0,1713.0
0.0,10118.0,5221.0,5140.0,5299.0,5224.0,1735.0,1726.0,1763.0,1713.0,1713.0,1714.0,1735.0,1726.0,1760.0,3370.0,3381.0,3367.0,1735.0,1726.0,1763.0,1713.0,1713.0,1714.0
0.0,10196.0,5140.0,5141.0,5224.0,5143.0,1706.0,1728.0,1709.0,1713.0,1713.0,1715.0,1706.0,1728.0,1706.0,3404.0,3413.0,3379.0,1706.0,1728.0,1709.0,1713.0,1713.0,1715.0
0.0,10280.0,5089.0,5143.0,5143.0,5095.0,1694.0,1707.0,1694.0,1714.0,1714.0,1715.0,1691.0,1704.0,1694.0,3433.0,3411.0,3436.0,1694.0,1707.0,1694.0,1714.0,1714.0,1715.0
0.0,10334.0,5151.0,5144.0,5095.0,5154.0,1725.0,1736.0,1693.0,1714.0,1715.0,1715.0,1725.0,1733.0,1693.0,3448.0,3435.0,3451.0,1725.0,1736.0,1693.0,1714.0,1715.0,1715.0
0.0,10278.0,5181.0,5147.0,5154.0,5190.0,1703.0,1760.0,1727.0,1715.0,1716.0,1716.0,1700.0,1757.0,1724.0,3417.0,3409.0,3452.0,1703.0,1760.0,1727.0,1715.0,1716.0,1716.0
0.0,10251.0,5244.0,5151.0,5190.0,5256.0,1764.0,1757.0,1735.0,1716.0,1718.0,1717.0,1761.0,1751.0,1732.0,3442.0,3388.0,3421.0,1764.0,1757.0,1735.0,1716.0,1718.0,1717.0
0.0,10197.0,5107.0,5148.0,5256.0,5098.0,1707.0,1684.0,1707.0,1715.0,1717.0,1716.0,1710.0,1687.0,1710.0,3384.0,3397.0,3416.0,1707.0,1684.0,1707.0,1715.0,1717.0,1716.0
0.0,10346.0,5149.0,5150.0,5098.0,5155.0,1743.0,1699.0,1713.0,1716.0,1717.0,1717.0,1740.0,1699.0,1710.0,3438.0,3467.0,3441.0,1743.0,1699.0,1713.0,1716.0,1717.0,1717.0
0.0,10295.0,5211.0,5151.0,5155.0,5214.0,1752.0,1735.0,1727.0,1716.0,1717.0,1718.0,1752.0,1735.0,1724.0,3405.0,3452.0,3438.0,1752.0,1735.0,1727.0,1716.0,1717.0,1718.0
0.0,10239.0,5208.0,5153.0,5214.0,5214.0,1743.0,1721.0,1750.0,1718.0,1716.0,1719.0,1737.0,1724.0,1747.0,3396.0,3416.0,3427.0,1743.0,1721.0,1750.0,1718.0,1716.0,1719.0
0.0,10245.0,5082.0,5151.0,5214.0,5076.0,1667.0,1691.0,1718.0,1717.0,1716.0,1718.0,1670.0,1691.0,1721.0,3411.0,3427.0,3407.0,1667.0,1691.0,1718.0,1717.0,1716.0,1718.0
0.0,10377.0,5375.0,5156.0,5076.0,5390.0,1788.0,1779.0,1823.0,1718.0,1717.0,1721.0,1785.0,1776.0,1814.0,3484.0,3457.0,3436.0,1788.0,1779.0,1823.0,1718.0,1717.0,1721.0
0.0,10078.0,5185.0,5158.0,5390.0,5191.0,1718.0,1736.0,1737.0,1718.0,1718.0,1722.0,1718.0,1733.0,1734.0,3366.0,3372.0,3340.0,1718.0,1736.0,1737.0,1718.0,1718.0,1722.0
0.0,10283.0,5247.0,5161.0,5191.0,5256.0,1748.0,1756.0,1752.0,1719.0,1719.0,1723.0,1745.0,1753.0,1749.0,3436.0,3418.0,3429.0,1748.0,1756.0,1752.0,1719.0,1719.0,1723.0
0.0,10227.0,5048.0,5161.0,5256.0,5048.0,1689.0,1673.0,1686.0,1719.0,1719.0,1723.0,1689.0,1673.0,1686.0,3409.0,3401.0,3417.0,1689.0,1673.0,1686.0,1719.0,1719.0,1723.0
0.0,10435.0,5157.0,5161.0,5048.0,5157.0,1706.0,1713.0,1738.0,1719.0,1719.0,1723.0,1706.0,1713.0,1738.0,3468.0,3484.0,3483.0,1706.0,1713.0,1738.0,1719.0,1719.0,1723.0
0.0,10326.0,5066.0,5159.0,5157.0,5060.0,1713.0,1672.0,1675.0,1719.0,1717.0,1723.0,1713.0,1678.0,1675.0,3451.0,3444.0,3431.0,1713.0,1672.0,1675.0,1719.0,1717.0,1723.0
0.0,10417.0,5104.0,5161.0,5060.0,5110.0,1698.0,1725.0,1687.0,1720.0,1718.0,1723.0,1695.0,1722.0,1687.0,3444.0,3479.0,3494.0,1698.0,1725.0,1687.0,1720.0,1718.0,1723.0
0.0,10373.0,5255.0,5164.0,5110.0,5264.0,1743.0,1755.0,1766.0,1721.0,1719.0,1724.0,1740.0,1752.0,1763.0,3462.0,3429.0,3482.0,1743.0,1755.0,1766.0,1721.0,1719.0,1724.0
0.0,10228.0,5213.0,5163.0,5264.0,5210.0,1764.0,1747.0,1699.0,1721.0,1719.0,1723.0,1764.0,1747.0,1702.0,3420.0,3402.0,3406.0,1764.0,1747.0,1699.0,1721.0,1719.0,1723.0
0.0,10279.0,5308.0,5166.0,5210.0,5317.0,1783.0,1785.0,1749.0,1722.0,1720.0,1724.0,1780.0,1782.0,1746.0,3399.0,3410.0,3470.0,1783.0,1785.0,1749.0,1722.0,1720.0,1724.0
0.0,10181.0,5246.0,5168.0,5317.0,5252.0,1747.0,1759.0,1746.0,1722.0,1722.0,1724.0,1747.0,1753.0,1746.0,3383.0,3375.0,3423.0,1747.0,1759.0,1746.0,1722.0,1722.0,1724.0
0.0,10252.0,5230.0,5170.0,5252.0,5236.0,1738.0,1732.0,1766.0,1723.0,1722.0,1725.0,1735.0,1732.0,1763.0,3419.0,3407.0,3426.0,1738.0,1732.0,1766.0,1723.0,1722.0,1725.0
0.0,10274.0,5246.0,5172.0,5236.0,5252.0,1731.0,1746.0,1775.0,1724.0,1722.0,1726.0,1728.0,1746.0,1772.0,3431.0,3434.0,3409.0,1731.0,1746.0,1775.0,1724.0,1722.0,1726.0
0.0,10264.0,5218.0,5172.0,5252.0,5218.0,1728.0,1725.0,1765.0,1723.0,1722.0,1727.0,1731.0,1725.0,1762.0,3441.0,3420.0,3403.0,1728.0,1725.0,1765.0,1723.0,1722.0,1727.0
0.0,10298.0,5219.0,5174.0,5218.0,5225.0,1745.0,1727.0,1753.0,1724.0,1722.0,1728.0,1742.0,1727.0,1750.0,3441.0,3441.0,3416.0,1745.0,1727.0,1753.0,1724.0,1722.0,1728.0
0.0,10297.0,5121.0,5173.0,5225.0,5118.0,1723.0,1710.0,1685.0,1724.0,1722.0,1727.0,1723.0,1710.0,1688.0,3427.0,3439.0,3431.0,1723.0,1710.0,1685.0,1724.0,1722.0,1727.0
0.0,10401.0,5156.0,5173.0,5118.0,5156.0,1744.0,1709.0,1703.0,1724.0,1722.0,1727.0,1744.0,1709.0,1703.0,3449.0,3456.0,3496.0,1744.0,1709.0,1703.0,1724.0,1722.0,1727.0
0.0,10363.0,5144.0,5177.0,5156.0,5156.0,1716.0,1735.0,1705.0,1726.0,1723.0,1728.0,1710.0,1732.0,1702.0,3428.0,3457.0,3478.0,1716.0,1735.0,1705.0,1726.0,1723.0,1728.0
0.0,10375.0,5100.0,5176.0,5156.0,5097.0,1687.0,1718.0,1692.0,1726.0,1723.0,1727.0,1687.0,1718.0,1695.0,3462.0,3434.0,3479.0,1687.0,1718.0,1692.0,1726.0,1723.0,1727.0
0.0,10431.0,5199.0,5178.0,5097.0,5205.0,1737.0,1750.0,1718.0,1727.0,1724.0,1727.0,1734.0,1747.0,1718.0,3491.0,3451.0,3489.0,1737.0,1750.0,1718.0,1727.0,1724.0,1727.0
0.0,10329.0,5260.0,5181.0,5205.0,5269.0,1773.0,1759.0,1737.0,1728.0,1725.0,1728.0,1770.0,1756.0,1734.0,3444.0,3422.0,3463.0,1773.0,1759.0,1737.0,1728.0,1725.0,1728.0
0.0,10274.0,5140.0,5179.0,5269.0,5134.0,1751.0,1713.0,1670.0,1728.0,1725.0,1726.0,1751.0,1713.0,1676.0,3411.0,3416.0,3447.0,1751.0,1713.0,1670.0,1728.0,1725.0,1726.0
0.0,10403.0,5393.0,5182.0,5134.0,5402.0,1826.0,1758.0,1818.0,1729.0,1725.0,1728.0,1823.0,1758.0,1812.0,3433.0,3462.0,3508.0,1826.0,1758.0,1818.0,1729.0,1725.0,1728.0
0.0,10144.0,5203.0,5181.0,5402.0,5200.0,1760.0,1698.0,1742.0,1729.0,1724.0,1728.0,1760.0,1701.0,1742.0,3361.0,3417.0,3366.0,1760.0,1698.0,1742.0,1729.0,1724.0,1728.0
0.0,10343.0,5231.0,5182.0,5200.0,5234.0,1721.0,1730.0,1783.0,1729.0,1724.0,1729.0,1721.0,1730.0,1780.0,3427.0,3474.0,3442.0,1721.0,1730.0,1783.0,1729.0,1724.0,1729.0
0.0,10312.0,5213.0,5181.0,5234.0,5210.0,1699.0,1748.0,1763.0,1728.0,1724.0,1729.0,1702.0,1748.0,1763.0,3466.0,3442.0,3404.0,1699.0,1748.0,1763.0,1728.0,1724.0,1729.0
0.0,10333.0,5248.0,5183.0,5210.0,5254.0,1749.0,1732.0,1773.0,1729.0,1724.0,1730.0,1746.0,1732.0,1770.0,3485.0,3424.0,3424.0,1749.0,1732.0,1773.0,1729.0,1724.0,1730.0
0.0,10295.0,5244.0,5184.0,5254.0,5247.0,1765.0,1767.0,1715.0,1729.0,1725.0,1730.0,1765.0,1764.0,1715.0,3438.0,3440.0,3417.0,1765.0,1767.0,1715.0,1729.0,1725.0,1730.0
0.0,10305.0,5196.0,5188.0,5247.0,5208.0,1732.0,1749.0,1727.0,1730.0,1727.0,1731.0,1729.0,1743.0,1724.0,3422.0,3408.0,3475.0,1732.0,1749.0,1727.0,1730.0,1727.0,1731.0
0.0,10356.0,5114.0,5187.0,5208.0,5111.0,1712.0,1707.0,1692.0,1730.0,1727.0,1730.0,1712.0,1707.0,1695.0,3458.0,3432.0,3466.0,1712.0,1707.0,1692.0,1730.0,1727.0,1730.0
0.0,10450.0,5129.0,5186.0,5111.0,5126.0,1714.0,1701.0,1711.0,1730.0,1727.0,1729.0,1714.0,1701.0,1714.0,3478.0,3474.0,3498.0,1714.0,1701.0,1711.0,1730.0,1727.0,1729.0
0.0,10432.0,5148.0,5186.0,5126.0,5148.0,1711.0,1711.0,1726.0,1730.0,1727.0,1729.0,1711.0,1711.0,1726.0,3476.0,3480.0,3476.0,1711.0,1711.0,1726.0,1730.0,1727.0,1729.0
0.0,10410.0,5257.0,5190.0,5148.0,5269.0,1768.0,1747.0,1754.0,1732.0,1728.0,1730.0,1762.0,1744.0,1751.0,3479.0,3470.0,3461.0,1768.0,1747.0,1754.0,1732.0,1728.0,1730.0
0.0,10301.0,5278.0,5193.0,5269.0,5287.0,1770.0,1758.0,1759.0,1733.0,1729.0,1731.0,1767.0,1755.0,1756.0,3428.0,3437.0,3436.0,1770.0,1758.0,1759.0,1733.0,1729.0,1731.0
0.0,10292.0,5351.0,5195.0,5287.0,5357.0,1773.0,1802.0,1782.0,1733.0,1730.0,1732.0,1773.0,1799.0,1779.0,3429.0,3429.0,3434.0,1773.0,1802.0,1782.0,1733.0,1730.0,1732.0
0.0,10228.0,5271.0,5198.0,5357.0,5280.0,1764.0,1786.0,1730.0,1734.0,1732.0,1732.0,1761.0,1780.0,1730.0,3426.0,3388.0,3414.0,1764.0,1786.0,1730.0,1734.0,1732.0,1732.0
0.0,10314.0,5339.0,5201.0,5280.0,5348.0,1770.0,1801.0,1777.0,1735.0,1733.0,1733.0,1767.0,1798.0,1774.0,3438.0,3410.0,3466.0,1770.0,1801.0,1777.0,1735.0,1733.0,1733.0
0.0,10255.0,5290.0,5204.0,5348.0,5299.0,1753.0,1776.0,1770.0,1736.0,1734.0,1734.0,1750.0,1773.0,1767.0,3435.0,3398.0,3422.0,1753.0,1776.0,1770.0,1736.0,1734.0,1734.0
0.0,10313.0,5388.0,5208.0,5299.0,5400.0,1773.0,1830.0,1797.0,1737.0,1736.0,1735.0,1770.0,1824.0,1794.0,3455.0,3426.0,3432.0,1773.0,1830.0,1797.0,1737.0,1736.0,1735.0
0.0,10224.0,5221.0,5208.0,5400.0,5221.0,1746.0,1725.0,1750.0,1737.0,1736.0,1735.0,1746.0,1725.0,1750.0,3438.0,3378.0,3408.0,1746.0,1725.0,1750.0,1737.0,1736.0,1735.0
0.0,10403.0,5273.0,5207.0,5221.0,5270.0,1787.0,1760.0,1723.0,1737.0,1736.0,1734.0,1787.0,1760.0,1726.0,3465.0,3483.0,3455.0,1787.0,1760.0,1723.0,1737.0,1736.0,1734.0
0.0,10351.0,5226.0,5208.0,5270.0,5229.0,1762.0,1738.0,1729.0,1738.0,1736.0,1734.0,1759.0,1738.0,1729.0,3424.0,3448.0,3479.0,1762.0,1738.0,1729.0,1738.0,1736.0,1734.0
0.0,10395.0,5116.0,5208.0,5229.0,5116.0,1719.0,1703.0,1694.0,1738.0,1736.0,1734.0,1719.0,1703.0,1694.0,3452.0,3470.0,3473.0,1719.0,1703.0,1694.0,1738.0,1736.0,1734.0
0.0,10508.0,5140.0,5208.0,5116.0,5140.0,1721.0,1723.0,1696.0,1738.0,1736.0,1734.0,1721.0,1723.0,1696.0,3495.0,3505.0,3508.0,1721.0,1723.0,1696.0,1738.0,1736.0,1734.0
0.0,10484.0,5246.0,5210.0,5140.0,5252.0,1756.0,1762.0,1734.0,1739.0,1737.0,1734.0,1753.0,1759.0,1734.0,3493.0,3485.0,3506.0,1756.0,1762.0,1734.0,1739.0,1737.0,1734.0
0.0,10378.0,5310.0,5212.0,5252.0,5316.0,1756.0,1780.0,1780.0,1740.0,1737.0,1735.0,1753.0,1780.0,1777.0,3461.0,3449.0,3468.0,1756.0,1780.0,1780.0,1740.0,1737.0,1735.0
0.0,10320.0,5486.0,5217.0,5316.0,5501.0,1825.0,1853.0,1823.0,1741.0,1739.0,1737.0,1822.0,1847.0,1817.0,3464.0,3431.0,3425.0,1825.0,1853.0,1823.0,1741.0,1739.0,1737.0
0.0,10150.0,5428.0,5223.0,5501.0,5446.0,1854.0,1808.0,1784.0,1744.0,1741.0,1738.0,1845.0,1802.0,1781.0,3398.0,3364.0,3388.0,1854.0,1808.0,1784.0,1744.0,1741.0,1738.0
0.0,10223.0,5324.0,5227.0,5446.0,5336.0,1806.0,1770.0,1760.0,1745.0,1743.0,1739.0,1803.0,1764.0,1757.0,3378.0,3415.0,3430.0,1806.0,1770.0,1760.0,1745.0,1743.0,1739.0
0.0,10345.0,5244.0,5227.0,5336.0,5244.0,1752.0,1724.0,1768.0,1745.0,1742.0,1740.0,1752.0,1727.0,1765.0,3429.0,3459.0,3457.0,1752.0,1724.0,1768.0,1745.0,1742.0,1740.0
0.0,10437.0,5226.0,5228.0,5244.0,5229.0,1753.0,1734.0,1742.0,1745.0,1743.0,1740.0,1753.0,1731.0,1742.0,3483.0,3502.0,3452.0,1753.0,1734.0,1742.0,1745.0,1743.0,1740.0
0.0,10455.0,5265.0,5232.0,5229.0,5277.0,1745.0,1759.0,1773.0,1747.0,1744.0,1741.0,1739.0,1756.0,1770.0,3482.0,3495.0,3478.0,1745.0,1759.0,1773.0,1747.0,1744.0,1741.0
0.0,10419.0,5196.0,5229.0,5277.0,5187.0,1736.0,1711.0,1740.0,1746.0,1743.0,1740.0,1739.0,1714.0,1743.0,3496.0,3473.0,3450.0,1736.0,1711.0,1740.0,1746.0,1743.0,1740.0
0.0,10500.0,5236.0,5229.0,5187.0,5236.0,1780.0,1749.0,1707.0,1747.0,1743.0,1739.0,1777.0,1749.0,1710.0,3502.0,3518.0,3480.0,1780.0,1749.0,1707.0,1747.0,1743.0,1739.0
0.0,10451.0,5159.0,5228.0,5236.0,5156.0,1751.0,1733.0,1672.0,1747.0,1743.0,1738.0,1751.0,1733.0,1675.0,3461.0,3480.0,3510.0,1751.0,1733.0,1672.0,1747.0,1743.0,1738.0
0.0,10528.0,5159.0,5230.0,5156.0,5165.0,1726.0,1734.0,1705.0,1748.0,1744.0,1738.0,1723.0,1731.0,1705.0,3490.0,3496.0,3542.0,1726.0,1734.0,1705.0,1748.0,1744.0,1738.0
0.0,10525.0,5314.0,5233.0,5165.0,5323.0,1771.0,1773.0,1779.0,1749.0,1745.0,1739.0,1768.0,1770.0,1776.0,3518.0,3498.0,3509.0,1771.0,1773.0,1779.0,1749.0,1745.0,1739.0
0.0,10376.0,5141.0,5234.0,5323.0,5144.0,1677.0,1720.0,1747.0,1748.0,1746.0,1740.0,1680.0,1717.0,1744.0,3476.0,3462.0,3438.0,1677.0,1720.0,1747.0,1748.0,1746.0,1740.0
0.0,10558.0,5207.0,5236.0,5144.0,5213.0,1706.0,1722.0,1785.0,1748.0,1746.0,1742.0,1706.0,1722.0,1779.0,3567.0,3518.0,3473.0,1706.0,1722.0,1785.0,1748.0,1746.0,1742.0
0.0,10495.0,5291.0,5236.0,5213.0,5291.0,1758.0,1746.0,1787.0,1749.0,1745.0,1742.0,1755.0,1749.0,1787.0,3538.0,3516.0,3441.0,1758.0,1746.0,1787.0,1749.0,1745.0,1742.0
0.0,10417.0,5311.0,5239.0,5291.0,5320.0,1778.0,1754.0,1788.0,1749.0,1746.0,1744.0,1778.0,1751.0,1782.0,3489.0,3489.0,3439.0,1778.0,1754.0,1788.0,1749.0,1746.0,1744.0
0.0,10397.0,5371.0,5240.0,5320.0,5374.0,1821.0,1749.0,1804.0,1750.0,1745.0,1745.0,1818.0,1752.0,1801.0,3469.0,3484.0,3444.0,1821.0,1749.0,1804.0,1750.0,1745.0,1745.0
0.0,10346.0,5363.0,5242.0,5374.0,5369.0,1795.0,1807.0,1767.0,1751.0,1746.0,1745.0,1792.0,1804.0,1767.0,3429.0,3486.0,3431.0,1795.0,1807.0,1767.0,1751.0,1746.0,1745.0
0.0,10357.0,5501.0,5247.0,5369.0,5516.0,1834.0,1855.0,1827.0,1752.0,1748.0,1747.0,1831.0,1849.0,1821.0,3458.0,3431.0,3468.0,1834.0,1855.0,1827.0,1752.0,1748.0,1747.0
0.0,10225.0,5280.0,5248.0,5516.0,5283.0,1759.0,1786.0,1738.0,1753.0,1749.0,1746.0,1756.0,1783.0,1741.0,3422.0,3389.0,3414.0,1759.0,1786.0,1738.0,1753.0,1749.0,1746.0
0.0,10461.0,5334.0,5250.0,5283.0,5340.0,1781.0,1779.0,1780.0,1754.0,1750.0,1746.0,1778.0,1776.0,1780.0,3500.0,3461.0,3500.0,1781.0,1779.0,1780.0,1754.0,1750.0,1746.0
0.0,10410.0,5156.0,5249.0,5340.0,5153.0,1743.0,1697.0,1713.0,1754.0,1749.0,1746.0,1743.0,1700.0,1713.0,3481.0,3471.0,3458.0,1743.0,1697.0,1713.0,1754.0,1749.0,1746.0
0.0,10594.0,5221.0,5251.0,5153.0,5227.0,1792.0,1722.0,1713.0,1755.0,1750.0,1746.0,1789.0,1719.0,1713.0,3519.0,3550.0,3525.0,1792.0,1722.0,1713.0,1755.0,1750.0,1746.0
0.0,10526.0,5141.0,5251.0,5227.0,5141.0,1744.0,1708.0,1689.0,1755.0,1750.0,1746.0,1744.0,1708.0,1689.0,3473.0,3528.0,3525.0,1744.0,1708.0,1689.0,1755.0,1750.0,1746.0
0.0,10612.0,5168.0,5251.0,5141.0,5168.0,1708.0,1711.0,1749.0,1755.0,1749.0,1747.0,1708.0,1714.0,1746.0,3521.0,3542.0,3549.0,1708.0,1711.0,1749.0,1755.0,1749.0,1747.0
0.0,10585.0,5219.0,5254.0,5168.0,5228.0,1718.0,1754.0,1756.0,1756.0,1750.0,1748.0,1715.0,1751.0,1753.0,3557.0,3536.0,3492.0,1718.0,1754.0,1756.0,1756.0,1750.0,1748.0
0.0,10534.0,5289.0,5255.0,5228.0,5292.0,1769.0,1750.0,1773.0,1756.0,1750.0,1749.0,1769.0,1750.0,1770.0,3550.0,3496.0,3488.0,1769.0,1750.0,1773.0,1756.0,1750.0,1749.0
0.0,10473.0,5291.0,5256.0,5292.0,5294.0,1741.0,1761.0,1792.0,1756.0,1750.0,1750.0,1741.0,1761.0,1789.0,3499.0,3500.0,3474.0,1741.0,1761.0,1792.0,1756.0,1750.0,1750.0
0.0,10474.0,5348.0,5260.0,5294.0,5360.0,1809.0,1752.0,1799.0,1757.0,1751.0,1752.0,1806.0,1749.0,1793.0,3527.0,3489.0,3458.0,1809.0,1752.0,1799.0,1757.0,1751.0,1752.0
0.0,10420.0,5312.0,5257.0,5360.0,5303.0,1796.0,1744.0,1763.0,1756.0,1750.0,1751.0,1799.0,1747.0,1766.0,3462.0,3501.0,3457.0,1796.0,1744.0,1763.0,1756.0,1750.0,1751.0
0.0,10468.0,5349.0,5261.0,5303.0,5361.0,1804.0,1776.0,1781.0,1757.0,1752.0,1752.0,1801.0,1770.0,1778.0,3472.0,3506.0,3490.0,1804.0,1776.0,1781.0,1757.0,1752.0,1752.0
0.0,10422.0,5315.0,5262.0,5361.0,5318.0,1758.0,1760.0,1800.0,1758.0,1752.0,1752.0,1755.0,1760.0,1800.0,3467.0,3480.0,3475.0,1758.0,1760.0,1800.0,1758.0,1752.0,1752.0
0.0,10468.0,5381.0,5266.0,5318.0,5393.0,1793.0,1817.0,1783.0,1759.0,1754.0,1753.0,1790.0,1811.0,1780.0,3516.0,3496.0,3456.0,1793.0,1817.0,1783.0,1759.0,1754.0,1753.0
0.0,10405.0,5264.0,5266.0,5393.0,5264.0,1782.0,1755.0,1727.0,1760.0,1754.0,1752.0,1779.0,1755.0,1730.0,3484.0,3445.0,3476.0,1782.0,1755.0,1727.0,1760.0,1754.0,1752.0
0.0,10534.0,5277.0,5267.0,5264.0,5280.0,1772.0,1752.0,1756.0,1760.0,1754.0,1753.0,1772.0,1752.0,1753.0,3498.0,3507.0,3529.0,1772.0,1752.0,1756.0,1760.0,1754.0,1753.0
0.0,10521.0,5325.0,5269.0,5280.0,5331.0,1787.0,1763.0,1781.0,1761.0,1754.0,1754.0,1784.0,1763.0,1778.0,3508.0,3510.0,3503.0,1787.0,1763.0,1781.0,1761.0,1754.0,1754.0
0.0,10476.0,5312.0,5273.0,5331.0,5324.0,1785.0,1796.0,1743.0,1763.0,1756.0,1754.0,1779.0,1790.0,1743.0,3496.0,3499.0,3481.0,1785.0,1796.0,1743.0,1763.0,1756.0,1754.0
0.0,10495.0,5364.0,5277.0,5324.0,5376.0,1761.0,1805.0,1810.0,1763.0,1758.0,1756.0,1761.0,1799.0,1804.0,3504.0,3472.0,3519.0,1761.0,1805.0,1810.0,1763.0,1758.0,1756.0
0.0,10455.0,5312.0,5281.0,5376.0,5324.0,1759.0,1763.0,1802.0,1764.0,1759.0,1758.0,1756.0,1760.0,1796.0,3528.0,3469.0,3458.0,1759.0,1763.0,1802.0,1764.0,1759.0,1758.0
0.0,10519.0,5206.0,5279.0,5324.0,5200.0,1714.0,1731.0,1755.0,1763.0,1758.0,1758.0,1717.0,1734.0,1755.0,3533.0,3514.0,3472.0,1714.0,1731.0,1755.0,1763.0,1758.0,1758.0
0.0,10637.0,5211.0,5279.0,5200.0,5211.0,1739.0,1722.0,1750.0,1763.0,1758.0,1758.0,1739.0,1722.0,1750.0,3575.0,3543.0,3519.0,1739.0,1722.0,1750.0,1763.0,1758.0,1758.0
0.0,10626.0,5292.0,5277.0,5211.0,5286.0,1775.0,1752.0,1759.0,1763.0,1757.0,1757.0,1775.0,1755.0,1762.0,3550.0,3552.0,3524.0,1775.0,1752.0,1759.0,1763.0,1757.0,1757.0
0.0,10545.0,5375.0,5279.0,5286.0,5381.0,1800.0,1790.0,1791.0,1764.0,1757.0,1758.0,1797.0,1790.0,1788.0,3514.0,3519.0,3512.0,1800.0,1790.0,1791.0,1764.0,1757.0,1758.0
0.0,10456.0,5360.0,5279.0,5381.0,5360.0,1800.0,1793.0,1767.0,1764.0,1757.0,1758.0,1800.0,1793.0,1767.0,3492.0,3481.0,3483.0,1800.0,1793.0,1767.0,1764.0,1757.0,1758.0
0.0,10477.0,5355.0,5281.0,5360.0,5361.0,1800.0,1803.0,1758.0,1765.0,1758.0,1758.0,1797.0,1800.0,1758.0,3492.0,3478.0,3507.0,1800.0,1803.0,1758.0,1765.0,1758.0,1758.0
0.0,10482.0,5383.0,5280.0,5361.0,5380.0,1783.0,1796.0,1801.0,1765.0,1757.0,1758.0,1783.0,1799.0,1801.0,3495.0,3471.0,3516.0,1783.0,1796.0,1801.0,1765.0,1757.0,1758.0
0.0,10460.0,5367.0,5283.0,5380.0,5376.0,1769.0,1792.0,1815.0,1766.0,1758.0,1759.0,1766.0,1789.0,1812.0,3512.0,3475.0,3473.0,1769.0,1792.0,1815.0,1766.0,1758.0,1759.0
0.0,10473.0,5330.0,5284.0,5376.0,5333.0,1759.0,1810.0,1764.0,1765.0,1759.0,1760.0,1762.0,1807.0,1761.0,3529.0,3482.0,3462.0,1759.0,1810.0,1764.0,1765.0,1759.0,1760.0
0.0,10519.0,5363.0,5287.0,5333.0,5372.0,1801.0,1777.0,1794.0,1766.0,1760.0,1761.0,1798.0,1774.0,1791.0,3536.0,3467.0,3516.0,1801.0,1777.0,1794.0,1766.0,1760.0,1761.0
0.0,10489.0,5214.0,5289.0,5372.0,5220.0,1751.0,1713.0,1756.0,1767.0,1760.0,1762.0,1748.0,1713.0,1753.0,3497.0,3503.0,3489.0,1751.0,1713.0,1756.0,1767.0,1760.0,1762.0
0.0,10647.0,5226.0,5291.0,5220.0,5232.0,1726.0,1736.0,1770.0,1767.0,1760.0,1764.0,1726.0,1736.0,1764.0,3550.0,3567.0,3530.0,1726.0,1736.0,1770.0,1767.0,1760.0,1764.0
0.0,10641.0,5289.0,5292.0,5232.0,5292.0,1753.0,1774.0,1765.0,1767.0,1761.0,1764.0,1753.0,1771.0,1765.0,3575.0,3544.0,3522.0,1753.0,1774.0,1765.0,1767.0,1761.0,1764.0
0.0,10584.0,5145.0,5288.0,5292.0,5133.0,1690.0,1709.0,1734.0,1766.0,1759.0,1763.0,1693.0,1715.0,1737.0,3548.0,3509.0,3527.0,1690.0,1709.0,1734.0,1766.0,1759.0,1763.0
0.0,10731.0,5392.0,5286.0,5133.0,5386.0,1796.0,1797.0,1793.0,1765.0,1758.0,1763.0,1799.0,1800.0,1793.0,3608.0,3568.0,3555.0,1796.0,1797.0,1793.0,1765.0,1758.0,1763.0
0.0,10472.0,5425.0,5286.0,5386.0,5425.0,1805.0,1857.0,1763.0,1764.0,1759.0,1763.0,1808.0,1854.0,1763.0,3499.0,3477.0,3496.0,1805.0,1857.0,1763.0,1764.0,1759.0,1763.0
0.0,10433.0,5463.0,5290.0,5425.0,5475.0,1813.0,1856.0,1806.0,1765.0,1761.0,1764.0,1810.0,1850.0,1803.0,3487.0,3420.0,3526.0,1813.0,1856.0,1806.0,1765.0,1761.0,1764.0
0.0,10395.0,5356.0,5291.0,5475.0,5359.0,1794.0,1798.0,1767.0,1765.0,1762.0,1764.0,1794.0,1795.0,1767.0,3482.0,3427.0,3486.0,1794.0,1798.0,1767.0,1765.0,1762.0,1764.0
0.0,10514.0,5361.0,5294.0,5359.0,5370.0,1784.0,1811.0,1775.0,1766.0,1764.0,1764.0,1781.0,1805.0,1775.0,3501.0,3488.0,3525.0,1784.0,1811.0,1775.0,1766.0,1764.0,1764.0
0.0,10512.0,5324.0,5295.0,5370.0,5327.0,1766.0,1766.0,1795.0,1766.0,1764.0,1765.0,1766.0,1766.0,1792.0,3514.0,3481.0,3517.0,1766.0,1766.0,1795.0,1766.0,1764.0,1765.0
0.0,10558.0,5388.0,5299.0,5327.0,5400.0,1810.0,1787.0,1803.0,1768.0,1765.0,1766.0,1804.0,1784.0,1800.0,3532.0,3526.0,3500.0,1810.0,1787.0,1803.0,1768.0,1765.0,1766.0
0.0,10497.0,5323.0,5301.0,5400.0,5329.0,1767.0,1780.0,1782.0,1768.0,1766.0,1767.0,1767.0,1777.0,1779.0,3494.0,3508.0,3495.0,1767.0,1780.0,1782.0,1768.0,1766.0,1767.0
0.0,10574.0,5341.0,5303.0,5329.0,5347.0,1793.0,1758.0,1796.0,1768.0,1766.0,1769.0,1793.0,1758.0,1790.0,3537.0,3518.0,3519.0,1793.0,1758.0,1796.0,1768.0,1766.0,1769.0
0.0,10562.0,5346.0,5308.0,5347.0,5361.0,1802.0,1754.0,1805.0,1770.0,1767.0,1771.0,1796.0,1751.0,1799.0,3511.0,3540.0,3511.0,1802.0,1754.0,1805.0,1770.0,1767.0,1771.0
0.0,10563.0,5381.0,5309.0,5361.0,5384.0,1792.0,1790.0,1802.0,1770.0,1767.0,1772.0,1792.0,1790.0,1799.0,3508.0,3547.0,3508.0,1792.0,1790.0,1802.0,1770.0,1767.0,1772.0
0.0,10543.0,5354.0,5313.0,5384.0,5366.0,1769.0,1820.0,1777.0,1772.0,1769.0,1772.0,1763.0,1814.0,1777.0,3518.0,3511.0,3514.0,1769.0,1820.0,1777.0,1772.0,1769.0,1772.0
0.0,10573.0,5330.0,5316.0,5366.0,5339.0,1774.0,1809.0,1756.0,1773.0,1771.0,1772.0,1771.0,1803.0,1756.0,3547.0,3487.0,3539.0,1774.0,1809.0,1756.0,1773.0,1771.0,1772.0
0.0,10609.0,5462.0,5319.0,5339.0,5471.0,1843.0,1825.0,1803.0,1775.0,1772.0,1772.0,1837.0,1822.0,1803.0,3545.0,3504.0,3560.0,1843.0,1825.0,1803.0,1775.0,1772.0,1772.0
0.0,10486.0,5344.0,5320.0,5471.0,5347.0,1787.0,1786.0,1774.0,1775.0,1773.0,1772.0,1787.0,1783.0,1774.0,3482.0,3491.0,3513.0,1787.0,1786.0,1774.0,1775.0,1773.0,1772.0
0.0,10613.0,5377.0,5320.0,5347.0,5377.0,1809.0,1782.0,1786.0,1775.0,1773.0,1772.0,1809.0,1782.0,1786.0,3538.0,3533.0,3542.0,1809.0,1782.0,1786.0,1775.0,1773.0,1772.0
0.0,10583.0,5362.0,5320.0,5377.0,5362.0,1801.0,1778.0,1783.0,1775.0,1773.0,1772.0,1801.0,1778.0,1783.0,3516.0,3537.0,3530.0,1801.0,1778.0,1783.0,1775.0,1773.0,1772.0
0.0,10598.0,5310.0,5316.0,5362.0,5298.0,1769.0,1751.0,1778.0,1774.0,1771.0,1771.0,1772.0,1757.0,1781.0,3524.0,3541.0,3533.0,1769.0,1751.0,1778.0,1774.0,1771.0,1771.0
0.0,10650.0,5389.0,5318.0,5298.0,5395.0,1770.0,1788.0,1837.0,1774.0,1771.0,1773.0,1770.0,1788.0,1831.0,3553.0,3562.0,3535.0,1770.0,1788.0,1837.0,1774.0,1771.0,1773.0
0.0,10559.0,5368.0,5318.0,5395.0,5368.0,1803.0,1780.0,1785.0,1774.0,1771.0,1773.0,1803.0,1780.0,1785.0,3552.0,3525.0,3482.0,1803.0,1780.0,1785.0,1774.0,1771.0,1773.0
0.0,10586.0,5419.0,5324.0,5368.0,5437.0,1815.0,1798.0,1824.0,1776.0,1773.0,1775.0,1809.0,1792.0,1818.0,3519.0,3533.0,3534.0,1815.0,1798.0,1824.0,1776.0,1773.0,1775.0
0.0,10535.0,5416.0,5326.0,5437.0,5422.0,1832.0,1809.0,1781.0,1776.0,1774.0,1776.0,1832.0,1806.0,1778.0,3513.0,3521.0,3501.0,1832.0,1809.0,1781.0,1776.0,1774.0,1776.0
0.0,10556.0,5213.0,5328.0,5422.0,5219.0,1735.0,1741.0,1743.0,1776.0,1775.0,1777.0,1735.0,1738.0,1740.0,3496.0,3513.0,3547.0,1735.0,1741.0,1743.0,1776.0,1775.0,1777.0
0.0,10765.0,5297.0,5330.0,5219.0,5303.0,1765.0,1789.0,1749.0,1777.0,1776.0,1777.0,1762.0,1786.0,1749.0,3593.0,3584.0,3588.0,1765.0,1789.0,1749.0,1777.0,1776.0,1777.0
0.0,10687.0,5112.0,5329.0,5303.0,5109.0,1703.0,1683.0,1723.0,1777.0,1775.0,1777.0,1703.0,1686.0,1723.0,3566.0,3539.0,3582.0,1703.0,1683.0,1723.0,1777.0,1775.0,1777.0
0.0,10878.0,5247.0,5328.0,5109.0,5244.0,1754.0,1759.0,1731.0,1777.0,1775.0,1776.0,1754.0,1759.0,1734.0,3628.0,3642.0,3608.0,1754.0,1759.0,1731.0,1777.0,1775.0,1776.0
0.0,10740.0,5368.0,5330.0,5244.0,5374.0,1789.0,1788.0,1797.0,1778.0,1776.0,1776.0,1786.0,1785.0,1797.0,3577.0,3566.0,3597.0,1789.0,1788.0,1797.0,1778.0,1776.0,1776.0
0.0,10616.0,5344.0,5329.0,5374.0,5341.0,1787.0,1761.0,1793.0,1777.0,1776.0,1776.0,1790.0,1761.0,1793.0,3545.0,3540.0,3531.0,1787.0,1761.0,1793.0,1777.0,1776.0,1776.0
0.0,10646.0,5431.0,5332.0,5341.0,5440.0,1826.0,1823.0,1791.0,1778.0,1777.0,1777.0,1823.0,1820.0,1788.0,3544.0,3567.0,3535.0,1826.0,1823.0,1791.0,1778.0,1777.0,1777.0
0.0,10556.0,5521.0,5335.0,5440.0,5530.0,1831.0,1860.0,1839.0,1778.0,1779.0,1778.0,1831.0,1854.0,1836.0,3508.0,3508.0,3540.0,1831.0,1860.0,1839.0,1778.0,1779.0,1778.0
0.0,10475.0,5417.0,5337.0,5530.0,5423.0,1796.0,1821.0,1806.0,1779.0,1780.0,1778.0,1793.0,1818.0,1806.0,3503.0,3477.0,3495.0,1796.0,1821.0,1806.0,1779.0,1780.0,1778.0
0.0,10588.0,5514.0,5339.0,5423.0,5520.0,1846.0,1820.0,1854.0,1780.0,1780.0,1779.0,1843.0,1820.0,1851.0,3541.0,3519.0,3528.0,1846.0,1820.0,1854.0,1780.0,1780.0,1779.0
0.0,10497.0,5453.0,5343.0,5520.0,5465.0,1832.0,1809.0,1824.0,1781.0,1781.0,1781.0,1829.0,1806.0,1818.0,3494.0,3520.0,3483.0,1832.0,1809.0,1824.0,1781.0,1781.0,1781.0
0.0,10564.0,5322.0,5344.0,5465.0,5325.0,1784.0,1768.0,1773.0,1781.0,1782.0,1781.0,1784.0,1765.0,1773.0,3511.0,3534.0,3519.0,1784.0,1768.0,1773.0,1781.0,1782.0,1781.0
0.0,10707.0,5388.0,5346.0,5325.0,5394.0,1823.0,1769.0,1802.0,1782.0,1782.0,1782.0,1820.0,1769.0,1799.0,3559.0,3578.0,3570.0,1823.0,1769.0,1802.0,1782.0,1782.0,1782.0
0.0,10644.0,5219.0,5344.0,5394.0,5213.0,1755.0,1728.0,1730.0,1782.0,1781.0,1781.0,1755.0,1731.0,1733.0,3523.0,3577.0,3544.0,1755.0,1728.0,1730.0,1782.0,1781.0,1781.0
0.0,10819.0,5314.0,5343.0,5213.0,5311.0,1769.0,1760.0,1782.0,1782.0,1780.0,1781.0,1769.0,1763.0,1782.0,3591.0,3615.0,3613.0,1769.0,1760.0,1782.0,1782.0,1780.0,1781.0
0.0,10718.0,5278.0,5343.0,5311.0,5278.0,1760.0,1799.0,1719.0,1782.0,1781.0,1780.0,1760.0,1796.0,1722.0,3577.0,3580.0,3561.0,1760.0,1799.0,1719.0,1782.0,1781.0,1780.0
0.0,10751.0,5340.0,5345.0,5278.0,5346.0,1758.0,1795.0,1793.0,1783.0,1782.0,1780.0,1755.0,1792.0,1793.0,3586.0,3544.0,3621.0,1758.0,1795.0,1793.0,1783.0,1782.0,1780.0
0.0,10689.0,5384.0,5348.0,5346.0,5393.0,1825.0,1795.0,1773.0,1784.0,1783.0,1781.0,1822.0,1792.0,1770.0,3591.0,3551.0,3547.0,1825.0,1795.0,1773.0,1784.0,1783.0,1781.0
0.0,10651.0,5492.0,5352.0,5393.0,5504.0,1859.0,1818.0,1827.0,1786.0,1784.0,1782.0,1853.0,1815.0,1824.0,3527.0,3554.0,3570.0,1859.0,1818.0,1827.0,1786.0,1784.0,1782.0
0.0,10552.0,5473.0,5354.0,5504.0,5479.0,1812.0,1823.0,1844.0,1786.0,1785.0,1783.0,1812.0,1820.0,1841.0,3499.0,3534.0,3519.0,1812.0,1823.0,1844.0,1786.0,1785.0,1783.0
0.0,10583.0,5475.0,5355.0,5479.0,5478.0,1809.0,1819.0,1850.0,1786.0,1785.0,1784.0,1809.0,1819.0,1847.0,3546.0,3532.0,3505.0,1809.0,1819.0,1850.0,1786.0,1785.0,1784.0
0.0,10587.0,5355.0,5356.0,5478.0,5358.0,1777.0,1744.0,1837.0,1786.0,1784.0,1786.0,1777.0,1747.0,1831.0,3549.0,3536.0,3502.0,1777.0,1744.0,1837.0,1786.0,1784.0,1786.0
0.0,10710.0,5349.0,5355.0,5358.0,5346.0,1789.0,1744.0,1813.0,1786.0,1783.0,1786.0,1789.0,1747.0,1813.0,3581.0,3608.0,3521.0,1789.0,1744.0,1813.0,1786.0,1783.0,1786.0
0.0,10719.0,5303.0,5354.0,5346.0,5300.0,1767.0,1758.0,1775.0,1786.0,1783.0,1785.0,1767.0,1758.0,1778.0,3569.0,3605.0,3545.0,1767.0,1758.0,1775.0,1786.0,1783.0,1785.0
0.0,10762.0,5371.0,5355.0,5300.0,5374.0,1775.0,1808.0,1791.0,1786.0,1783.0,1786.0,1775.0,1808.0,1788.0,3591.0,3591.0,3580.0,1775.0,1808.0,1791.0,1786.0,1783.0,1786.0
0.0,10691.0,5502.0,5357.0,5374.0,5508.0,1855.0,1835.0,1818.0,1787.0,1784.0,1786.0,1852.0,1832.0,1818.0,3583.0,3541.0,3567.0,1855.0,1835.0,1818.0,1787.0,1784.0,1786.0
0.0,10563.0,5368.0,5361.0,5508.0,5380.0,1787.0,1808.0,1785.0,1788.0,1786.0,1787.0,1784.0,1802.0,1782.0,3506.0,3517.0,3540.0,1787.0,1808.0,1785.0,1788.0,1786.0,1787.0
0.0,10703.0,5284.0,5361.0,5380.0,5284.0,1749.0,1756.0,1779.0,1788.0,1786.0,1787.0,1749.0,1756.0,1779.0,3577.0,3550.0,3576.0,1749.0,1756.0,1779.0,1788.0,1786.0,1787.0
0.0,10799.0,5314.0,5362.0,5284.0,5317.0,1798.0,1755.0,1764.0,1789.0,1786.0,1787.0,1795.0,1755.0,1764.0,3615.0,3602.0,3582.0,1798.0,1755.0,1764.0,1789.0,1786.0,1787.0
0.0,10769.0,5331.0,5366.0,5317.0,5343.0,1792.0,1783.0,1768.0,1791.0,1787.0,1788.0,1786.0,1780.0,1765.0,3569.0,3603.0,3597.0,1792.0,1783.0,1768.0,1791.0,1787.0,1788.0
0.0,10755.0,5329.0,5365.0,5343.0,5326.0,1785.0,1744.0,1797.0,1791.0,1786.0,1788.0,1785.0,1747.0,1797.0,3581.0,3578.0,3596.0,1785.0,1744.0,1797.0,1791.0,1786.0,1788.0
0.0,10769.0,5400.0,5365.0,5326.0,5400.0,1807.0,1792.0,1801.0,1791.0,1785.0,1789.0,1807.0,1795.0,1798.0,3588.0,3614.0,3567.0,1807.0,1792.0,1801.0,1791.0,1785.0,1789.0
0.0,10695.0,5479.0,5364.0,5400.0,5476.0,1820.0,1832.0,1824.0,1791.0,1784.0,1789.0,1820.0,1835.0,1824.0,3566.0,3563.0,3566.0,1820.0,1832.0,1824.0,1791.0,1784.0,1789.0
0.0,10616.0,5361.0,5364.0,5476.0,5361.0,1762.0,1783.0,1816.0,1790.0,1784.0,1790.0,1765.0,1783.0,1813.0,3553.0,3520.0,3543.0,1762.0,1783.0,1816.0,1790.0,1784.0,1790.0
0.0,10731.0,5492.0,5367.0,5361.0,5501.0,1835.0,1830.0,1836.0,1791.0,1785.0,1791.0,1832.0,1827.0,1833.0,3608.0,3569.0,3554.0,1835.0,1830.0,1836.0,1791.0,1785.0,1791.0
0.0,10600.0,5468.0,5370.0,5501.0,5477.0,1798.0,1849.0,1830.0,1792.0,1786.0,1792.0,1795.0,1846.0,1827.0,3538.0,3525.0,3537.0,1798.0,1849.0,1830.0,1792.0,1786.0,1792.0
0.0,10633.0,5462.0,5371.0,5477.0,5465.0,1817.0,1821.0,1827.0,1792.0,1787.0,1792.0,1817.0,1818.0,1827.0,3578.0,3509.0,3546.0,1817.0,1821.0,1827.0,1792.0,1787.0,1792.0
0.0,10648.0,5365.0,5371.0,5465.0,5365.0,1782.0,1796.0,1787.0,1792.0,1787.0,1792.0,1782.0,1796.0,1787.0,3559.0,3540.0,3549.0,1782.0,1796.0,1787.0,1792.0,1787.0,1792.0
0.0,10748.0,5315.0,5371.0,5365.0,5315.0,1799.0,1754.0,1762.0,1792.0,1787.0,1792.0,1799.0,1754.0,1762.0,3594.0,3565.0,3589.0,1799.0,1754.0,1762.0,1792.0,1787.0,1792.0
0.0,10798.0,5310.0,5371.0,5315.0,5310.0,1763.0,1786.0,1761.0,1792.0,1788.0,1791.0,1763.0,1783.0,1764.0,3577.0,3607.0,3614.0,1763.0,1786.0,1761.0,1792.0,1788.0,1791.0
0.0,10803.0,5327.0,5369.0,5310.0,5321.0,1768.0,1764.0,1789.0,1791.0,1787.0,1791.0,1771.0,1767.0,1789.0,3613.0,3578.0,3612.0,1768.0,1764.0,1789.0,1791.0,1787.0,1791.0
0.0,10786.0,5320.0,5369.0,5321.0,5320.0,1806.0,1741.0,1773.0,1792.0,1786.0,1791.0,1803.0,1744.0,1773.0,3605.0,3597.0,3584.0,1806.0,1741.0,1773.0,1792.0,1786.0,1791.0
0.0,10787.0,5341.0,5369.0,5320.0,5341.0,1771.0,1788.0,1782.0,1792.0,1786.0,1791.0,1771.0,1788.0,1782.0,3570.0,3617.0,3600.0,1771.0,1788.0,1782.0,1792.0,1786.0,1791.0
0.0,10766.0,5557.0,5371.0,5341.0,5563.0,1847.0,1873.0,1843.0,1792.0,1787.0,1792.0,1847.0,1870.0,1840.0,3605.0,3570.0,3591.0,1847.0,1873.0,1843.0,1792.0,1787.0,1792.0
0.0,10550.0,5450.0,5373.0,5563.0,5456.0,1826.0,1818.0,1812.0,1793.0,1787.0,1793.0,1823.0,1818.0,1809.0,3529.0,3488.0,3533.0,1826.0,1818.0,1812.0,1793.0,1787.0,1793.0
0.0,10663.0,5534.0,5376.0,5456.0,5543.0,1830.0,1867.0,1846.0,1793.0,1789.0,1794.0,1830.0,1861.0,1843.0,3553.0,3543.0,3567.0,1830.0,1867.0,1846.0,1793.0,1789.0,1794.0
0.0,10585.0,5491.0,5379.0,5543.0,5500.0,1821.0,1842.0,1837.0,1794.0,1790.0,1795.0,1818.0,1839.0,1834.0,3549.0,3500.0,3536.0,1821.0,1842.0,1837.0,1794.0,1790.0,1795.0
0.0,10637.0,5505.0,5382.0,5500.0,5514.0,1825.0,1842.0,1847.0,1795.0,1791.0,1796.0,1822.0,1839.0,1844.0,3561.0,3528.0,3548.0,1825.0,1842.0,1847.0,1795.0,1791.0,1796.0
0.0,10632.0,5410.0,5383.0,5514.0,5413.0,1816.0,1807.0,1790.0,1796.0,1792.0,1795.0,1813.0,1804.0,1793.0,3560.0,3531.0,3541.0,1816.0,1807.0,1790.0,1796.0,1792.0,1795.0
0.0,10736.0,5403.0,5383.0,5413.0,5403.0,1795.0,1807.0,1801.0,1795.0,1792.0,1796.0,1798.0,1807.0,1798.0,3572.0,3569.0,3595.0,1795.0,1807.0,1801.0,1795.0,1792.0,1796.0
0.0,10746.0,5343.0,5381.0,5403.0,5337.0,1807.0,1792.0,1738.0,1795.0,1792.0,1794.0,1807.0,1792.0,1744.0,3590.0,3569.0,3587.0,1807.0,1792.0,1738.0,1795.0,1792.0,1794.0
0.0,10806.0,5371.0,5381.0,5337.0,5371.0,1822.0,1781.0,1768.0,1795.0,1792.0,1794.0,1822.0,1781.0,1768.0,3578.0,3584.0,3644.0,1822.0,1781.0,1768.0,1795.0,1792.0,1794.0
0.0,10772.0,5429.0,5385.0,5371.0,5441.0,1814.0,1808.0,1819.0,1797.0,1793.0,1795.0,1808.0,1805.0,1816.0,3563.0,3595.0,3614.0,1814.0,1808.0,1819.0,1797.0,1793.0,1795.0
0.0,10714.0,5382.0,5387.0,5441.0,5388.0,1764.0,1798.0,1826.0,1797.0,1793.0,1797.0,1764.0,1798.0,1820.0,3577.0,3571.0,3566.0,1764.0,1798.0,1826.0,1797.0,1793.0,1797.0
0.0,10773.0,5485.0,5394.0,5388.0,5506.0,1836.0,1840.0,1830.0,1799.0,1796.0,1799.0,1830.0,1831.0,1824.0,3627.0,3581.0,3565.0,1836.0,1840.0,1830.0,1799.0,1796.0,1799.0
0.0,10676.0,5454.0,5399.0,5506.0,5469.0,1792.0,1842.0,1835.0,1800.0,1798.0,1801.0,1789.0,1836.0,1829.0,3561.0,3548.0,3567.0,1792.0,1842.0,1835.0,1800.0,1798.0,1801.0
0.0,10728.0,5446.0,5399.0,5469.0,5446.0,1807.0,1808.0,1831.0,1800.0,1798.0,1801.0,1807.0,1808.0,1831.0,3608.0,3552.0,3568.0,1807.0,1808.0,1831.0,1800.0,1798.0,1801.0
0.0,10751.0,5428.0,5401.0,5446.0,5434.0,1840.0,1766.0,1828.0,1801.0,1798.0,1802.0,1837.0,1766.0,1825.0,3593.0,3586.0,3572.0,1840.0,1766.0,1828.0,1801.0,1798.0,1802.0
0.0,10769.0,5550.0,5404.0,5434.0,5559.0,1860.0,1844.0,1855.0,1802.0,1799.0,1803.0,1857.0,1841.0,1852.0,3563.0,3628.0,3578.0,1860.0,1844.0,1855.0,1802.0,1799.0,1803.0
0.0,10653.0,5494.0,5403.0,5559.0,5491.0,1828.0,1818.0,1845.0,1802.0,1798.0,1803.0,1828.0,1821.0,1845.0,3546.0,3553.0,3554.0,1828.0,1818.0,1845.0,1802.0,1798.0,1803.0
0.0,10718.0,5437.0,5403.0,5491.0,5437.0,1792.0,1831.0,1814.0,1802.0,1798.0,1803.0,1792.0,1831.0,1814.0,3578.0,3576.0,3564.0,1792.0,1831.0,1814.0,1802.0,1798.0,1803.0
0.0,10772.0,5471.0,5402.0,5437.0,5468.0,1823.0,1828.0,1817.0,1801.0,1798.0,1803.0,1826.0,1828.0,1817.0,3614.0,3563.0,3595.0,1823.0,1828.0,1817.0,1801.0,1798.0,1803.0
0.0,10738.0,5450.0,5403.0,5468.0,5453.0,1804.0,1833.0,1816.0,1801.0,1799.0,1803.0,1804.0,1830.0,1816.0,3580.0,3566.0,3592.0,1804.0,1833.0,1816.0,1801.0,1799.0,1803.0
0.0,10756.0,5442.0,5405.0,5453.0,5448.0,1840.0,1828.0,1780.0,1802.0,1800.0,1803.0,1837.0,1825.0,1780.0,3599.0,3564.0,3593.0,1840.0,1828.0,1780.0,1802.0,1800.0,1803.0
0.0,10767.0,5484.0,5407.0,5448.0,5490.0,1859.0,1813.0,1818.0,1803.0,1801.0,1803.0,1856.0,1810.0,1818.0,3566.0,3572.0,3629.0,1859.0,1813.0,1818.0,1803.0,1801.0,1803.0
0.0,10731.0,5369.0,5409.0,5490.0,5375.0,1797.0,1783.0,1795.0,1803.0,1802.0,1804.0,1797.0,1780.0,1792.0,3550.0,3590.0,3591.0,1797.0,1783.0,1795.0,1803.0,1802.0,1804.0
0.0,10852.0,5314.0,5410.0,5375.0,5317.0,1756.0,1760.0,1801.0,1803.0,1802.0,1805.0,1756.0,1760.0,1798.0,3612.0,3623.0,3617.0,1756.0,1760.0,1801.0,1803.0,1802.0,1805.0
0.0,10913.0,5438.0,5412.0,5317.0,5444.0,1803.0,1822.0,1819.0,1804.0,1802.0,1806.0,1800.0,1822.0,1816.0,3653.0,3646.0,3614.0,1803.0,1822.0,1819.0,1804.0,1802.0,1806.0
0.0,10792.0,5331.0,5412.0,5444.0,5331.0,1764.0,1776.0,1791.0,1804.0,1802.0,1806.0,1764.0,1776.0,1791.0,3609.0,3584.0,3599.0,1764.0,1776.0,1791.0,1804.0,1802.0,1806.0
0.0,10905.0,5412.0,5413.0,5331.0,5415.0,1796.0,1809.0,1810.0,1804.0,1802.0,1807.0,1796.0,1809.0,1807.0,3648.0,3630.0,3627.0,1796.0,1809.0,1810.0,1804.0,1802.0,1807.0
0.0,10824.0,5541.0,5414.0,5415.0,5544.0,1864.0,1850.0,1830.0,1804.0,1803.0,1807.0,1864.0,1847.0,1830.0,3616.0,3597.0,3611.0,1864.0,1850.0,1830.0,1804.0,1803.0,1807.0
0.0,10698.0,5505.0,5414.0,5544.0,5505.0,1842.0,1859.0,1804.0,1804.0,1803.0,1807.0,1842.0,1859.0,1804.0,3548.0,3559.0,3591.0,1842.0,1859.0,1804.0,1804.0,1803.0,1807.0
0.0,10737.0,5496.0,5415.0,5505.0,5499.0,1840.0,1865.0,1794.0,1805.0,1804.0,1806.0,1837.0,1862.0,1797.0,3570.0,3550.0,3617.0,1840.0,1865.0,1794.0,1805.0,1804.0,1806.0
0.0,10746.0,5484.0,5417.0,5499.0,5490.0,1835.0,1843.0,1812.0,1806.0,1806.0,1805.0,1832.0,1837.0,1815.0,3575.0,3547.0,3624.0,1835.0,1843.0,1812.0,1806.0,1806.0,1805.0
0.0,10761.0,5478.0,5421.0,5490.0,5490.0,1821.0,1832.0,1837.0,1807.0,1808.0,1806.0,1818.0,1826.0,1834.0,3583.0,3575.0,3603.0,1821.0,1832.0,1837.0,1807.0,1808.0,1806.0
0.0,10773.0,5339.0,5420.0,5490.0,5336.0,1744.0,1795.0,1797.0,1806.0,1808.0,1806.0,1747.0,1795.0,1797.0,3600.0,3592.0,3581.0,1744.0,1795.0,1797.0,1806.0,1808.0,1806.0
0.0,10924.0,5449.0,5422.0,5336.0,5455.0,1847.0,1789.0,1819.0,1807.0,1808.0,1807.0,1844.0,1789.0,1816.0,3674.0,3629.0,3621.0,1847.0,1789.0,1819.0,1807.0,1808.0,1807.0
0.0,10811.0,5506.0,5422.0,5455.0,5506.0,1842.0,1825.0,1839.0,1807.0,1808.0,1807.0,1842.0,1825.0,1839.0,3574.0,3635.0,3602.0,1842.0,1825.0,1839.0,1807.0,1808.0,1807.0
0.0,10760.0,5481.0,5424.0,5506.0,5487.0,1836.0,1833.0,1818.0,1808.0,1808.0,1808.0,1833.0,1833.0,1815.0,3579.0,3599.0,3582.0,1836.0,1833.0,1818.0,1808.0,1808.0,1808.0
0.0,10785.0,5346.0,5426.0,5487.0,5352.0,1788.0,1781.0,1783.0,1809.0,1809.0,1808.0,1785.0,1778.0,1783.0,3588.0,3591.0,3606.0,1788.0,1781.0,1783.0,1809.0,1809.0,1808.0
0.0,10926.0,5400.0,5427.0,5352.0,5403.0,1801.0,1789.0,1813.0,1809.0,1809.0,1809.0,1801.0,1789.0,1810.0,3639.0,3646.0,3641.0,1801.0,1789.0,1813.0,1809.0,1809.0,1809.0
0.0,10878.0,5456.0,5429.0,5403.0,5462.0,1822.0,1831.0,1809.0,1810.0,1810.0,1809.0,1819.0,1828.0,1809.0,3626.0,3638.0,3614.0,1822.0,1831.0,1809.0,1810.0,1810.0,1809.0
0.0,10825.0,5526.0,5432.0,5462.0,5535.0,1825.0,1855.0,1855.0,1810.0,1812.0,1810.0,1825.0,1849.0,1852.0,3608.0,3599.0,3618.0,1825.0,1855.0,1855.0,1810.0,1812.0,1810.0
0.0,10761.0,5453.0,5435.0,5535.0,5462.0,1825.0,1827.0,1810.0,1811.0,1813.0,1811.0,1822.0,1824.0,1807.0,3605.0,3581.0,3575.0,1825.0,1827.0,1810.0,1811.0,1813.0,1811.0
0.0,10843.0,5461.0,5433.0,5462.0,5455.0,1847.0,1799.0,1809.0,1811.0,1812.0,1810.0,1847.0,1802.0,1812.0,3608.0,3612.0,3623.0,1847.0,1799.0,1809.0,1811.0,1812.0,1810.0
0.0,10844.0,5559.0,5438.0,5455.0,5574.0,1866.0,1869.0,1839.0,1813.0,1814.0,1811.0,1860.0,1863.0,1836.0,3586.0,3637.0,3621.0,1866.0,1869.0,1839.0,1813.0,1814.0,1811.0
0.0,10740.0,5485.0,5437.0,5574.0,5482.0,1825.0,1846.0,1811.0,1813.0,1814.0,1810.0,1825.0,1846.0,1814.0,3573.0,3573.0,3594.0,1825.0,1846.0,1811.0,1813.0,1814.0,1810.0
0.0,10829.0,5483.0,5438.0,5482.0,5486.0,1812.0,1841.0,1833.0,1813.0,1814.0,1811.0,1812.0,1841.0,1830.0,3614.0,3596.0,3619.0,1812.0,1841.0,1833.0,1813.0,1814.0,1811.0
0.0,10828.0,5434.0,5437.0,5486.0,5431.0,1816.0,1807.0,1808.0,1813.0,1814.0,1810.0,1816.0,1807.0,1811.0,3627.0,3601.0,3600.0,1816.0,1807.0,1808.0,1813.0,1814.0,1810.0
0.0,10880.0,5450.0,5439.0,5431.0,5456.0,1782.0,1844.0,1830.0,1813.0,1815.0,1811.0,1782.0,1841.0,1827.0,3623.0,3635.0,3622.0,1782.0,1844.0,1830.0,1813.0,1815.0,1811.0
0.0,10861.0,5463.0,5442.0,5456.0,5472.0,1816.0,1841.0,1815.0,1814.0,1816.0,1812.0,1813.0,1838.0,1812.0,3657.0,3601.0,3603.0,1816.0,1841.0,1815.0,1814.0,1816.0,1812.0
0.0,10854.0,5478.0,5444.0,5472.0,5484.0,1814.0,1834.0,1836.0,1814.0,1817.0,1813.0,1814.0,1831.0,1833.0,3626.0,3607.0,3621.0,1814.0,1834.0,1836.0,1814.0,1817.0,1813.0
0.0,10848.0,5373.0,5446.0,5484.0,5379.0,1785.0,1808.0,1786.0,1815.0,1818.0,1813.0,1782.0,1805.0,1786.0,3628.0,3617.0,3603.0,1785.0,1808.0,1786.0,1815.0,1818.0,1813.0
0.0,10959.0,5420.0,5448.0,5379.0,5426.0,1800.0,1794.0,1832.0,1815.0,1819.0,1814.0,1800.0,1791.0,1829.0,3660.0,3646.0,3653.0,1800.0,1794.0,1832.0,1815.0,1819.0,1814.0
0.0,10918.0,5350.0,5448.0,5426.0,5350.0,1753.0,1776.0,1821.0,1814.0,1819.0,1815.0,1756.0,1776.0,1818.0,3645.0,3663.0,3610.0,1753.0,1776.0,1821.0,1814.0,1819.0,1815.0
0.0,10994.0,5445.0,5446.0,5350.0,5439.0,1834.0,1821.0,1784.0,1814.0,1818.0,1814.0,1834.0,1824.0,1787.0,3689.0,3681.0,3624.0,1834.0,1821.0,1784.0,1814.0,1818.0,1814.0
0.0,10899.0,5605.0,5449.0,5439.0,5614.0,1867.0,1862.0,1885.0,1815.0,1819.0,1815.0,1864.0,1859.0,1882.0,3608.0,3633.0,3658.0,1867.0,1862.0,1885.0,1815.0,1819.0,1815.0
0.0,10733.0,5541.0,5449.0,5614.0,5541.0,1885.0,1848.0,1808.0,1816.0,1818.0,1815.0,1882.0,1851.0,1808.0,3578.0,3595.0,3560.0,1885.0,1848.0,1808.0,1816.0,1818.0,1815.0
0.0,10806.0,5408.0,5448.0,5541.0,5405.0,1800.0,1826.0,1779.0,1816.0,1818.0,1814.0,1800.0,1826.0,1782.0,3563.0,3606.0,3637.0,1800.0,1826.0,1779.0,1816.0,1818.0,1814.0
0.0,10939.0,5508.0,5447.0,5405.0,5505.0,1856.0,1836.0,1813.0,1816.0,1818.0,1813.0,1856.0,1836.0,1816.0,3648.0,3628.0,3663.0,1856.0,1836.0,1813.0,1816.0,1818.0,1813.0
0.0,10836.0,5447.0,5448.0,5505.0,5450.0,1808.0,1839.0,1803.0,1816.0,1819.0,1813.0,1808.0,1836.0,1803.0,3592.0,3618.0,3626.0,1808.0,1839.0,1803.0,1816.0,1819.0,1813.0
0.0,10894.0,5498.0,5450.0,5450.0,5504.0,1824.0,1844.0,1836.0,1817.0,1819.0,1814.0,1821.0,1844.0,1833.0,3640.0,3618.0,3636.0,1824.0,1844.0,1836.0,1817.0,1819.0,1814.0
0.0,10846.0,5507.0,5453.0,5504.0,5516.0,1835.0,1826.0,1855.0,1817.0,1820.0,1816.0,1835.0,1823.0,1849.0,3627.0,3613.0,3606.0,1835.0,1826.0,1855.0,1817.0,1820.0,1816.0
0.0,10843.0,5523.0,5455.0,5516.0,5529.0,1835.0,1849.0,1845.0,1817.0,1821.0,1817.0,1835.0,1846.0,1842.0,3616.0,3634.0,3593.0,1835.0,1849.0,1845.0,1817.0,1821.0,1817.0
0.0,10836.0,5516.0,5458.0,5529.0,5525.0,1842.0,1828.0,1855.0,1818.0,1822.0,1818.0,1839.0,1825.0,1852.0,3616.0,3614.0,3606.0,1842.0,1828.0,1855.0,1818.0,1822.0,1818.0
0.0,10849.0,5448.0,5459.0,5525.0,5451.0,1825.0,1800.0,1826.0,1819.0,1822.0,1818.0,1822.0,1800.0,1826.0,3612.0,3638.0,3599.0,1825.0,1800.0,1826.0,1819.0,1822.0,1818.0
0.0,10926.0,5389.0,5457.0,5451.0,5383.0,1789.0,1796.0,1798.0,1818.0,1821.0,1818.0,1792.0,1799.0,1798.0,3632.0,3666.0,3628.0,1789.0,1796.0,1798.0,1818.0,1821.0,1818.0
0.0,10988.0,5354.0,5455.0,5383.0,5348.0,1785.0,1796.0,1767.0,1818.0,1820.0,1817.0,1785.0,1799.0,1770.0,3665.0,3667.0,3656.0,1785.0,1796.0,1767.0,1818.0,1820.0,1817.0
0.0,11017.0,5402.0,5455.0,5348.0,5402.0,1808.0,1825.0,1769.0,1818.0,1821.0,1816.0,1808.0,1822.0,1772.0,3669.0,3664.0,3684.0,1808.0,1825.0,1769.0,1818.0,1821.0,1816.0
0.0,10963.0,5465.0,5455.0,5402.0,5465.0,1842.0,1828.0,1795.0,1818.0,1822.0,1815.0,1842.0,1825.0,1798.0,3646.0,3638.0,3679.0,1842.0,1828.0,1795.0,1818.0,1822.0,1815.0
0.0,10900.0,5615.0,5456.0,5465.0,5618.0,1902.0,1871.0,1845.0,1819.0,1822.0,1815.0,1899.0,1871.0,1845.0,3612.0,3638.0,3650.0,1902.0,1871.0,1845.0,1819.0,1822.0,1815.0
0.0,10750.0,5567.0,5458.0,5618.0,5573.0,1880.0,1857.0,1836.0,1820.0,1823.0,1815.0,1877.0,1854.0,1836.0,3555.0,3595.0,3600.0,1880.0,1857.0,1836.0,1820.0,1823.0,1815.0
0.0,10801.0,5591.0,5461.0,5573.0,5600.0,1887.0,1816.0,1897.0,1822.0,1823.0,1816.0,1881.0,1816.0,1894.0,3580.0,3612.0,3609.0,1887.0,1816.0,1897.0,1822.0,1823.0,1816.0
0.0,10783.0,5624.0,5464.0,5600.0,5633.0,1871.0,1864.0,1898.0,1823.0,1823.0,1818.0,1868.0,1864.0,1892.0,3579.0,3653.0,3551.0,1871.0,1864.0,1898.0,1823.0,1823.0,1818.0
0.0,10759.0,5642.0,5467.0,5633.0,5651.0,1879.0,1876.0,1896.0,1824.0,1824.0,1819.0,1876.0,1873.0,1893.0,3598.0,3605.0,3556.0,1879.0,1876.0,1896.0,1824.0,1824.0,1819.0
0.0,10750.0,5570.0,5470.0,5651.0,5579.0,1872.0,1838.0,1869.0,1825.0,1824.0,1821.0,1869.0,1838.0,1863.0,3593.0,3596.0,3561.0,1872.0,1838.0,1869.0,1825.0,1824.0,1821.0
0.0,10831.0,5517.0,5471.0,5579.0,5520.0,1853.0,1851.0,1816.0,1825.0,1825.0,1821.0,1853.0,1848.0,1816.0,3603.0,3634.0,3594.0,1853.0,1851.0,1816.0,1825.0,1825.0,1821.0
0.0,10893.0,5470.0,5472.0,5520.0,5473.0,1810.0,1847.0,1816.0,1825.0,1826.0,1821.0,1810.0,1844.0,1816.0,3622.0,3624.0,3647.0,1810.0,1847.0,1816.0,1825.0,1826.0,1821.0
0.0,10943.0,5368.0,5474.0,5473.0,5374.0,1799.0,1799.0,1776.0,1826.0,1827.0,1821.0,1796.0,1796.0,1776.0,3665.0,3631.0,3647.0,1799.0,1799.0,1776.0,1826.0,1827.0,1821.0
0.0,11048.0,5439.0,5474.0,5374.0,5439.0,1825.0,1808.0,1806.0,1826.0,1827.0,1821.0,1825.0,1808.0,1806.0,3679.0,3682.0,3687.0,1825.0,1808.0,1806.0,1826.0,1827.0,1821.0
0.0,10983.0,5498.0,5477.0,5439.0,5507.0,1851.0,1804.0,1852.0,1828.0,1827.0,1822.0,1845.0,1804.0,1849.0,3653.0,3673.0,3657.0,1851.0,1804.0,1852.0,1828.0,1827.0,1822.0
0.0,10924.0,5457.0,5477.0,5507.0,5457.0,1838.0,1809.0,1810.0,1828.0,1827.0,1822.0,1838.0,1809.0,1810.0,3633.0,3677.0,3614.0,1838.0,1809.0,1810.0,1828.0,1827.0,1822.0
0.0,10974.0,5427.0,5475.0,5457.0,5421.0,1812.0,1817.0,1792.0,1827.0,1827.0,1821.0,1815.0,1817.0,1795.0,3646.0,3672.0,3656.0,1812.0,1817.0,1792.0,1827.0,1827.0,1821.0
0.0,11004.0,5598.0,5477.0,5421.0,5604.0,1878.0,1876.0,1850.0,1828.0,1827.0,1822.0,1875.0,1876.0,1847.0,3669.0,3664.0,3671.0,1878.0,1876.0,1850.0,1828.0,1827.0,1822.0
0.0,10827.0,5515.0,5477.0,5604.0,5515.0,1836.0,1817.0,1862.0,1828.0,1826.0,1823.0,1836.0,1820.0,1859.0,3606.0,3605.0,3616.0,1836.0,1817.0,1862.0,1828.0,1826.0,1823.0
0.0,10916.0,5455.0,5477.0,5515.0,5455.0,1808.0,1829.0,1818.0,1828.0,1826.0,1823.0,1808.0,1829.0,1818.0,3648.0,3661.0,3607.0,1808.0,1829.0,1818.0,1828.0,1826.0,1823.0
0.0,10976.0,5646.0,5480.0,5455.0,5655.0,1875.0,1890.0,1890.0,1829.0,1827.0,1824.0,1872.0,1887.0,1887.0,3676.0,3649.0,3651.0,1875.0,1890.0,1890.0,1829.0,1827.0,1824.0
0.0,10785.0,5542.0,5484.0,5655.0,5554.0,1822.0,1867.0,1865.0,1830.0,1829.0,1825.0,1819.0,1861.0,1862.0,3612.0,3591.0,3582.0,1822.0,1867.0,1865.0,1830.0,1829.0,1825.0
0.0,10898.0,5520.0,5485.0,5554.0,5523.0,1856.0,1822.0,1845.0,1830.0,1829.0,1826.0,1856.0,1822.0,1842.0,3668.0,3620.0,3610.0,1856.0,1822.0,1845.0,1830.0,1829.0,1826.0
0.0,10932.0,5446.0,5485.0,5523.0,5446.0,1821.0,1807.0,1818.0,1830.0,1829.0,1826.0,1821.0,1807.0,1818.0,3634.0,3665.0,3633.0,1821.0,1807.0,1818.0,1830.0,1829.0,1826.0
0.0,11009.0,5469.0,5484.0,5446.0,5466.0,1848.0,1794.0,1824.0,1830.0,1828.0,1826.0,1848.0,1797.0,1824.0,3669.0,3680.0,3660.0,1848.0,1794.0,1824.0,1830.0,1828.0,1826.0
0.0,10986.0,5418.0,5485.0,5466.0,5421.0,1814.0,1785.0,1822.0,1831.0,1828.0,1826.0,1811.0,1785.0,1822.0,3642.0,3690.0,3654.0,1814.0,1785.0,1822.0,1831.0,1828.0,1826.0
0.0,11034.0,5502.0,5487.0,5421.0,5508.0,1824.0,1831.0,1853.0,1831.0,1829.0,1827.0,1824.0,1828.0,1850.0,3679.0,3699.0,3656.0,1824.0,1831.0,1853.0,1831.0,1829.0,1827.0
0.0,10953.0,5454.0,5487.0,5508.0,5454.0,1803.0,1834.0,1817.0,1831.0,1829.0,1827.0,1803.0,1834.0,1817.0,3669.0,3656.0,3628.0,1803.0,1834.0,1817.0,1831.0,1829.0,1827.0
0.0,11007.0,5560.0,5487.0,5454.0,5560.0,1859.0,1862.0,1839.0,1831.0,1829.0,1827.0,1859.0,1862.0,1839.0,3690.0,3653.0,3664.0,1859.0,1862.0,1839.0,1831.0,1829.0,1827.0
0.0,10901.0,5513.0,5489.0,5560.0,5519.0,1822.0,1844.0,1853.0,1831.0,1830.0,1828.0,1822.0,1841.0,1850.0,3634.0,3625.0,3642.0,1822.0,1844.0,1853.0,1831.0,1830.0,1828.0
0.0,10948.0,5521.0,5490.0,5519.0,5524.0,1856.0,1834.0,1834.0,1832.0,1830.0,1828.0,1853.0,1834.0,1834.0,3671.0,3646.0,3631.0,1856.0,1834.0,1834.0,1832.0,1830.0,1828.0
0.0,10946.0,5581.0,5490.0,5524.0,5581.0,1845.0,1864.0,1872.0,1831.0,1830.0,1829.0,1848.0,1864.0,1869.0,3640.0,3656.0,3650.0,1845.0,1864.0,1872.0,1831.0,1830.0,1829.0
0.0,10889.0,5535.0,5492.0,5581.0,5541.0,1820.0,1818.0,1903.0,1831.0,1830.0,1831.0,1820.0,1818.0,1897.0,3648.0,3626.0,3615.0,1820.0,1818.0,1903.0,1831.0,1830.0,1831.0
0.0,10935.0,5722.0,5496.0,5541.0,5734.0,1920.0,1874.0,1940.0,1833.0,1830.0,1833.0,1914.0,1874.0,1934.0,3673.0,3672.0,3590.0,1920.0,1874.0,1940.0,1833.0,1830.0,1833.0
0.0,10754.0,5619.0,5500.0,5734.0,5631.0,1853.0,1874.0,1904.0,1834.0,1832.0,1834.0,1850.0,1868.0,1901.0,3579.0,3616.0,3559.0,1853.0,1874.0,1904.0,1834.0,1832.0,1834.0
0.0,10869.0,5507.0,5501.0,5631.0,5510.0,1838.0,1823.0,1849.0,1835.0,1831.0,1835.0,1835.0,1826.0,1846.0,3649.0,3622.0,3598.0,1838.0,1823.0,1849.0,1835.0,1831.0,1835.0
0.0,10993.0,5565.0,5503.0,5510.0,5571.0,1858.0,1841.0,1872.0,1836.0,1831.0,1836.0,1855.0,1841.0,1869.0,3667.0,3670.0,3656.0,1858.0,1841.0,1872.0,1836.0,1831.0,1836.0
0.0,10938.0,5486.0,5503.0,5571.0,5486.0,1818.0,1860.0,1808.0,1836.0,1832.0,1835.0,1818.0,1857.0,1811.0,3650.0,3652.0,3636.0,1818.0,1860.0,1808.0,1836.0,1832.0,1835.0
0.0,11023.0,5526.0,5506.0,5486.0,5535.0,1835.0,1879.0,1821.0,1837.0,1833.0,1836.0,1832.0,1876.0,1818.0,3690.0,3636.0,3697.0,1835.0,1879.0,1821.0,1837.0,1833.0,1836.0
0.0,10983.0,5487.0,5507.0,5535.0,5490.0,1815.0,1852.0,1823.0,1837.0,1834.0,1836.0,1815.0,1849.0,1823.0,3676.0,3620.0,3687.0,1815.0,1852.0,1823.0,1837.0,1834.0,1836.0
0.0,11031.0,5479.0,5510.0,5490.0,5488.0,1828.0,1843.0,1817.0,1838.0,1836.0,1836.0,1825.0,1837.0,1817.0,3696.0,3650.0,3685.0,1828.0,1843.0,1817.0,1838.0,1836.0,1836.0
0.0,11042.0,5508.0,5511.0,5488.0,5511.0,1850.0,1839.0,1822.0,1839.0,1836.0,1836.0,1847.0,1839.0,1822.0,3686.0,3665.0,3691.0,1850.0,1839.0,1822.0,1839.0,1836.0,1836.0
0.0,11022.0,5622.0,5511.0,5511.0,5622.0,1855.0,1871.0,1896.0,1838.0,1836.0,1837.0,1858.0,1871.0,1893.0,3667.0,3669.0,3686.0,1855.0,1871.0,1896.0,1838.0,1836.0,1837.0
0.0,10911.0,5635.0,5513.0,5622.0,5641.0,1914.0,1830.0,1897.0,1839.0,1836.0,1838.0,1911.0,1830.0,1894.0,3659.0,3637.0,3615.0,1914.0,1830.0,1897.0,1839.0,1836.0,1838.0
0.0,10898.0,5540.0,5515.0,5641.0,5546.0,1871.0,1833.0,1842.0,1840.0,1836.0,1839.0,1868.0,1833.0,1839.0,3603.0,3678.0,3617.0,1871.0,1833.0,1842.0,1840.0,1836.0,1839.0
0.0,10999.0,5661.0,5519.0,5546.0,5673.0,1871.0,1895.0,1907.0,1841.0,1837.0,1841.0,1868.0,1892.0,1901.0,3649.0,3675.0,3675.0,1871.0,1895.0,1907.0,1841.0,1837.0,1841.0
0.0,10884.0,5638.0,5523.0,5673.0,5650.0,1868.0,1887.0,1895.0,1842.0,1838.0,1843.0,1865.0,1884.0,1889.0,3652.0,3616.0,3616.0,1868.0,1887.0,1895.0,1842.0,1838.0,1843.0
0.0,10919.0,5553.0,5523.0,5650.0,5553.0,1848.0,1857.0,1848.0,1842.0,1838.0,1843.0,1848.0,1857.0,1848.0,3658.0,3627.0,3634.0,1848.0,1857.0,1848.0,1842.0,1838.0,1843.0
0.0,11016.0,5591.0,5525.0,5553.0,5597.0,1876.0,1873.0,1848.0,1843.0,1839.0,1843.0,1873.0,1870.0,1848.0,3678.0,3657.0,3681.0,1876.0,1873.0,1848.0,1843.0,1839.0,1843.0
0.0,10978.0,5580.0,5525.0,5597.0,5580.0,1863.0,1865.0,1852.0,1843.0,1839.0,1843.0,1863.0,1865.0,1852.0,3653.0,3644.0,3681.0,1863.0,1865.0,1852.0,1843.0,1839.0,1843.0
0.0,10995.0,5469.0,5524.0,5580.0,5466.0,1840.0,1826.0,1800.0,1843.0,1839.0,1842.0,1840.0,1826.0,1803.0,3666.0,3652.0,3677.0,1840.0,1826.0,1800.0,1843.0,1839.0,1842.0
0.0,11106.0,5464.0,5526.0,5466.0,5470.0,1829.0,1827.0,1814.0,1844.0,1840.0,1842.0,1826.0,1824.0,1814.0,3689.0,3691.0,3726.0,1829.0,1827.0,1814.0,1844.0,1840.0,1842.0
0.0,11108.0,5485.0,5527.0,5470.0,5488.0,1821.0,1825.0,1842.0,1844.0,1840.0,1843.0,1821.0,1825.0,1839.0,3703.0,3693.0,3712.0,1821.0,1825.0,1842.0,1844.0,1840.0,1843.0
0.0,11093.0,5640.0,5533.0,5488.0,5658.0,1889.0,1880.0,1889.0,1846.0,1842.0,1845.0,1883.0,1874.0,1883.0,3711.0,3695.0,3687.0,1889.0,1880.0,1889.0,1846.0,1842.0,1845.0
0.0,10941.0,5552.0,5536.0,5658.0,5561.0,1850.0,1852.0,1859.0,1847.0,1842.0,1847.0,1847.0,1852.0,1853.0,3649.0,3646.0,3646.0,1850.0,1852.0,1859.0,1847.0,1842.0,1847.0
0.0,11047.0,5601.0,5539.0,5561.0,5610.0,1850.0,1897.0,1863.0,1847.0,1844.0,1848.0,1850.0,1891.0,1860.0,3691.0,3674.0,3682.0,1850.0,1897.0,1863.0,1847.0,1844.0,1848.0
0.0,11007.0,5726.0,5540.0,5610.0,5729.0,1898.0,1906.0,1925.0,1847.0,1844.0,1849.0,1898.0,1906.0,1922.0,3691.0,3635.0,3681.0,1898.0,1906.0,1925.0,1847.0,1844.0,1849.0
0.0,10891.0,5636.0,5542.0,5729.0,5642.0,1870.0,1884.0,1888.0,1847.0,1845.0,1850.0,1870.0,1881.0,1885.0,3643.0,3626.0,3622.0,1870.0,1884.0,1888.0,1847.0,1845.0,1850.0
0.0,10984.0,5670.0,5543.0,5642.0,5673.0,1872.0,1902.0,1899.0,1847.0,1846.0,1850.0,1872.0,1899.0,1899.0,3671.0,3651.0,3662.0,1872.0,1902.0,1899.0,1847.0,1846.0,1850.0
0.0,10956.0,5574.0,5542.0,5673.0,5571.0,1851.0,1853.0,1867.0,1846.0,1846.0,1850.0,1854.0,1853.0,1867.0,3669.0,3636.0,3651.0,1851.0,1853.0,1867.0,1846.0,1846.0,1850.0
0.0,11055.0,5556.0,5541.0,5571.0,5553.0,1853.0,1849.0,1851.0,1846.0,1846.0,1849.0,1853.0,1849.0,1854.0,3687.0,3685.0,3683.0,1853.0,1849.0,1851.0,1846.0,1846.0,1849.0
0.0,11070.0,5577.0,5541.0,5553.0,5577.0,1855.0,1875.0,1847.0,1846.0,1846.0,1849.0,1855.0,1875.0,1847.0,3685.0,3689.0,3696.0,1855.0,1875.0,1847.0,1846.0,1846.0,1849.0
0.0,11046.0,5508.0,5541.0,5577.0,5508.0,1849.0,1843.0,1816.0,1846.0,1846.0,1849.0,1849.0,1843.0,1816.0,3683.0,3663.0,3700.0,1849.0,1843.0,1816.0,1846.0,1846.0,1849.0
0.0,11115.0,5614.0,5543.0,5508.0,5620.0,1901.0,1885.0,1834.0,1847.0,1847.0,1849.0,1898.0,1882.0,1834.0,3689.0,3695.0,3731.0,1901.0,1885.0,1834.0,1847.0,1847.0,1849.0
0.0,11009.0,5618.0,5548.0,5620.0,5633.0,1857.0,1904.0,1872.0,1848.0,1849.0,1851.0,1854.0,1898.0,1866.0,3640.0,3656.0,3713.0,1857.0,1904.0,1872.0,1848.0,1849.0,1851.0
0.0,11011.0,5526.0,5550.0,5633.0,5532.0,1838.0,1865.0,1829.0,1849.0,1850.0,1851.0,1835.0,1862.0,1829.0,3687.0,3643.0,3681.0,1838.0,1865.0,1829.0,1849.0,1850.0,1851.0
0.0,11118.0,5574.0,5551.0,5532.0,5577.0,1814.0,1875.0,1888.0,1848.0,1851.0,1852.0,1817.0,1872.0,1885.0,3709.0,3685.0,3724.0,1814.0,1875.0,1888.0,1848.0,1851.0,1852.0
0.0,11076.0,5553.0,5554.0,5577.0,5562.0,1833.0,1880.0,1849.0,1848.0,1853.0,1853.0,1833.0,1874.0,1846.0,3730.0,3678.0,3668.0,1833.0,1880.0,1849.0,1848.0,1853.0,1853.0
0.0,11100.0,5680.0,5558.0,5562.0,5692.0,1876.0,1887.0,1929.0,1849.0,1854.0,1855.0,1873.0,1884.0,1923.0,3711.0,3679.0,3710.0,1876.0,1887.0,1929.0,1849.0,1854.0,1855.0
0.0,10982.0,5644.0,5559.0,5692.0,5647.0,1892.0,1869.0,1886.0,1849.0,1854.0,1856.0,1892.0,1869.0,1883.0,3671.0,3675.0,3636.0,1892.0,1869.0,1886.0,1849.0,1854.0,1856.0
0.0,11030.0,5415.0,5557.0,5647.0,5409.0,1817.0,1776.0,1816.0,1849.0,1853.0,1855.0,1817.0,1779.0,1819.0,3655.0,3693.0,3682.0,1817.0,1776.0,1816.0,1849.0,1853.0,1855.0
0.0,11262.0,5580.0,5559.0,5409.0,5586.0,1870.0,1844.0,1872.0,1850.0,1853.0,1856.0,1867.0,1844.0,1869.0,3730.0,3783.0,3749.0,1870.0,1844.0,1872.0,1850.0,1853.0,1856.0
0.0,11091.0,5624.0,5558.0,5586.0,5621.0,1877.0,1888.0,1856.0,1850.0,1853.0,1855.0,1877.0,1888.0,1859.0,3680.0,3715.0,3696.0,1877.0,1888.0,1856.0,1850.0,1853.0,1855.0
0.0,11053.0,5639.0,5560.0,5621.0,5645.0,1881.0,1905.0,1859.0,1851.0,1854.0,1855.0,1878.0,1902.0,1859.0,3673.0,3671.0,3709.0,1881.0,1905.0,1859.0,1851.0,1854.0,1855.0
0.0,11035.0,5568.0,5561.0,5645.0,5571.0,1855.0,1873.0,1843.0,1851.0,1855.0,1855.0,1855.0,1870.0,1843.0,3672.0,3657.0,3706.0,1855.0,1873.0,1843.0,1851.0,1855.0,1855.0
0.0,11112.0,5497.0,5563.0,5571.0,5503.0,1837.0,1849.0,1817.0,1852.0,1856.0,1855.0,1834.0,1846.0,1817.0,3698.0,3692.0,3722.0,1837.0,1849.0,1817.0,1852.0,1856.0,1855.0
0.0,11186.0,5584.0,5565.0,5503.0,5590.0,1867.0,1852.0,1871.0,1852.0,1857.0,1856.0,1867.0,1849.0,1868.0,3719.0,3719.0,3748.0,1867.0,1852.0,1871.0,1852.0,1857.0,1856.0
0.0,11105.0,5568.0,5569.0,5590.0,5580.0,1848.0,1883.0,1849.0,1853.0,1859.0,1857.0,1845.0,1877.0,1846.0,3689.0,3719.0,3697.0,1848.0,1883.0,1849.0,1853.0,1859.0,1857.0
0.0,11127.0,5662.0,5572.0,5580.0,5671.0,1877.0,1886.0,1908.0,1854.0,1860.0,1858.0,1874.0,1883.0,1905.0,3711.0,3694.0,3722.0,1877.0,1886.0,1908.0,1854.0,1860.0,1858.0
0.0,11045.0,5608.0,5574.0,5671.0,5614.0,1874.0,1841.0,1899.0,1855.0,1860.0,1859.0,1871.0,1841.0,1896.0,3685.0,3694.0,3666.0,1874.0,1841.0,1899.0,1855.0,1860.0,1859.0
0.0,11108.0,5605.0,5574.0,5614.0,5605.0,1867.0,1846.0,1892.0,1855.0,1859.0,1860.0,1867.0,1849.0,1889.0,3691.0,3739.0,3678.0,1867.0,1846.0,1892.0,1855.0,1859.0,1860.0
0.0,11117.0,5620.0,5576.0,5605.0,5626.0,1897.0,1893.0,1836.0,1856.0,1860.0,1860.0,1894.0,1890.0,1836.0,3698.0,3731.0,3688.0,1897.0,1893.0,1836.0,1856.0,1860.0,1860.0
0.0,11102.0,5677.0,5579.0,5626.0,5686.0,1913.0,1912.0,1861.0,1857.0,1862.0,1860.0,1910.0,1906.0,1861.0,3671.0,3687.0,3744.0,1913.0,1912.0,1861.0,1857.0,1862.0,1860.0
0.0,11051.0,5719.0,5583.0,5686.0,5731.0,1919.0,1930.0,1882.0,1859.0,1863.0,1861.0,1913.0,1927.0,1879.0,3658.0,3674.0,3719.0,1919.0,1930.0,1882.0,1859.0,1863.0,1861.0
0.0,11018.0,5725.0,5585.0,5731.0,5731.0,1913.0,1937.0,1881.0,1860.0,1865.0,1860.0,1910.0,1931.0,1884.0,3658.0,3659.0,3701.0,1913.0,1937.0,1881.0,1860.0,1865.0,1860.0
0.0,11024.0,5564.0,5583.0,5731.0,5558.0,1855.0,1848.0,1855.0,1859.0,1865.0,1859.0,1858.0,1848.0,1858.0,3667.0,3658.0,3699.0,1855.0,1848.0,1855.0,1859.0,1865.0,1859.0
0.0,11191.0,5585.0,5582.0,5558.0,5582.0,1849.0,1867.0,1866.0,1859.0,1865.0,1858.0,1849.0,1867.0,1869.0,3722.0,3747.0,3722.0,1849.0,1867.0,1866.0,1859.0,1865.0,1858.0
0.0,11164.0,5663.0,5586.0,5582.0,5675.0,1901.0,1885.0,1889.0,1861.0,1866.0,1859.0,1895.0,1882.0,1886.0,3728.0,3728.0,3708.0,1901.0,1885.0,1889.0,1861.0,1866.0,1859.0
0.0,11083.0,5625.0,5586.0,5675.0,5625.0,1884.0,1870.0,1871.0,1861.0,1866.0,1859.0,1884.0,1870.0,1871.0,3682.0,3713.0,3688.0,1884.0,1870.0,1871.0,1861.0,1866.0,1859.0
0.0,11133.0,5643.0,5590.0,5625.0,5655.0,1905.0,1872.0,1878.0,1863.0,1867.0,1860.0,1899.0,1869.0,1875.0,3699.0,3728.0,3706.0,1905.0,1872.0,1878.0,1863.0,1867.0,1860.0
0.0,11115.0,5642.0,5592.0,5655.0,5648.0,1883.0,1857.0,1908.0,1864.0,1866.0,1862.0,1880.0,1860.0,1902.0,3684.0,3729.0,3702.0,1883.0,1857.0,1908.0,1864.0,1866.0,1862.0
0.0,11128.0,5569.0,5593.0,5648.0,5572.0,1847.0,1849.0,1876.0,1864.0,1866.0,1863.0,1847.0,1849.0,1873.0,3709.0,3741.0,3678.0,1847.0,1849.0,1876.0,1864.0,1866.0,1863.0
0.0,11207.0,5634.0,5596.0,5572.0,5643.0,1835.0,1903.0,1905.0,1864.0,1867.0,1865.0,1835.0,1900.0,1899.0,3745.0,3749.0,3713.0,1835.0,1903.0,1905.0,1864.0,1867.0,1865.0
0.0,11145.0,5567.0,5597.0,5643.0,5570.0,1854.0,1868.0,1848.0,1864.0,1868.0,1865.0,1854.0,1865.0,1848.0,3757.0,3698.0,3690.0,1854.0,1868.0,1848.0,1864.0,1868.0,1865.0
0.0,11221.0,5583.0,5597.0,5570.0,5583.0,1866.0,1860.0,1857.0,1865.0,1868.0,1864.0,1863.0,1860.0,1860.0,3738.0,3736.0,3747.0,1866.0,1860.0,1857.0,1865.0,1868.0,1864.0
0.0,11208.0,5726.0,5598.0,5583.0,5729.0,1940.0,1891.0,1898.0,1865.0,1869.0,1864.0,1940.0,1888.0,1898.0,3729.0,3744.0,3735.0,1940.0,1891.0,1898.0,1865.0,1869.0,1864.0
0.0,11065.0,5628.0,5600.0,5729.0,5634.0,1900.0,1858.0,1876.0,1866.0,1869.0,1865.0,1897.0,1858.0,1873.0,3655.0,3716.0,3694.0,1900.0,1858.0,1876.0,1866.0,1869.0,1865.0
0.0,11166.0,5677.0,5601.0,5634.0,5680.0,1923.0,1881.0,1876.0,1867.0,1869.0,1865.0,1920.0,1881.0,1876.0,3698.0,3749.0,3719.0,1923.0,1881.0,1876.0,1867.0,1869.0,1865.0
0.0,11123.0,5623.0,5600.0,5680.0,5620.0,1890.0,1855.0,1875.0,1867.0,1869.0,1864.0,1890.0,1855.0,1878.0,3678.0,3726.0,3719.0,1890.0,1855.0,1875.0,1867.0,1869.0,1864.0
0.0,11180.0,5583.0,5601.0,5620.0,5586.0,1854.0,1874.0,1858.0,1867.0,1869.0,1865.0,1854.0,1874.0,1855.0,3711.0,3752.0,3717.0,1854.0,1874.0,1858.0,1867.0,1869.0,1865.0
0.0,11217.0,5541.0,5600.0,5586.0,5538.0,1845.0,1847.0,1846.0,1867.0,1868.0,1865.0,1845.0,1850.0,1846.0,3747.0,3733.0,3737.0,1845.0,1847.0,1846.0,1867.0,1868.0,1865.0
0.0,11262.0,5658.0,5601.0,5538.0,5661.0,1875.0,1901.0,1885.0,1867.0,1869.0,1865.0,1875.0,1898.0,1885.0,3756.0,3757.0,3749.0,1875.0,1901.0,1885.0,1867.0,1869.0,1865.0
0.0,11142.0,5633.0,5604.0,5661.0,5642.0,1861.0,1886.0,1895.0,1867.0,1870.0,1867.0,1861.0,1883.0,1889.0,3726.0,3706.0,3710.0,1861.0,1886.0,1895.0,1867.0,1870.0,1867.0
0.0,11170.0,5668.0,5608.0,5642.0,5680.0,1881.0,1899.0,1900.0,1868.0,1872.0,1868.0,1878.0,1893.0,1897.0,3740.0,3724.0,3706.0,1881.0,1899.0,1900.0,1868.0,1872.0,1868.0
0.0,11144.0,5523.0,5609.0,5680.0,5526.0,1818.0,1855.0,1853.0,1868.0,1872.0,1869.0,1818.0,1855.0,1850.0,3723.0,3717.0,3704.0,1818.0,1855.0,1853.0,1868.0,1872.0,1869.0
0.0,11301.0,5651.0,5609.0,5526.0,5651.0,1875.0,1889.0,1887.0,1868.0,1872.0,1869.0,1875.0,1889.0,1887.0,3786.0,3761.0,3754.0,1875.0,1889.0,1887.0,1868.0,1872.0,1869.0
0.0,11176.0,5614.0,5610.0,5651.0,5617.0,1859.0,1872.0,1886.0,1868.0,1873.0,1869.0,1859.0,1869.0,1886.0,3729.0,3727.0,3720.0,1859.0,1872.0,1886.0,1868.0,1873.0,1869.0
0.0,11213.0,5588.0,5611.0,5617.0,5591.0,1888.0,1832.0,1871.0,1869.0,1872.0,1870.0,1885.0,1835.0,1868.0,3745.0,3747.0,3721.0,1888.0,1832.0,1871.0,1869.0,1872.0,1870.0
0.0,11242.0,5789.0,5611.0,5591.0,5789.0,1947.0,1937.0,1905.0,1870.0,1872.0,1869.0,1944.0,1937.0,1908.0,3719.0,3784.0,3739.0,1947.0,1937.0,1905.0,1870.0,1872.0,1869.0
0.0,11044.0,5831.0,5615.0,5789.0,5843.0,1944.0,1941.0,1958.0,1871.0,1873.0,1871.0,1941.0,1938.0,1952.0,3663.0,3679.0,3702.0,1944.0,1941.0,1958.0,1871.0,1873.0,1871.0
0.0,11002.0,5676.0,5616.0,5843.0,5679.0,1891.0,1911.0,1877.0,1872.0,1874.0,1870.0,1888.0,1908.0,1880.0,3669.0,3678.0,3655.0,1891.0,1911.0,1877.0,1872.0,1874.0,1870.0
0.0,11169.0,5648.0,5616.0,5679.0,5648.0,1892.0,1888.0,1868.0,1872.0,1874.0,1870.0,1892.0,1888.0,1868.0,3725.0,3711.0,3733.0,1892.0,1888.0,1868.0,1872.0,1874.0,1870.0
0.0,11200.0,5639.0,5619.0,5648.0,5648.0,1868.0,1882.0,1898.0,1873.0,1875.0,1871.0,1865.0,1879.0,1895.0,3724.0,3734.0,3742.0,1868.0,1882.0,1898.0,1873.0,1875.0,1871.0
0.0,11209.0,5605.0,5619.0,5648.0,5605.0,1857.0,1882.0,1866.0,1873.0,1875.0,1871.0,1857.0,1882.0,1866.0,3751.0,3743.0,3715.0,1857.0,1882.0,1866.0,1873.0,1875.0,1871.0
0.0,11252.0,5575.0,5621.0,5605.0,5581.0,1858.0,1837.0,1886.0,1873.0,1875.0,1873.0,1858.0,1837.0,1880.0,3762.0,3743.0,3747.0,1858.0,1837.0,1886.0,1873.0,1875.0,1873.0
0.0,11282.0,5591.0,5620.0,5581.0,5588.0,1883.0,1840.0,1865.0,1873.0,1874.0,1873.0,1883.0,1843.0,1865.0,3761.0,3788.0,3733.0,1883.0,1840.0,1865.0,1873.0,1874.0,1873.0
0.0,11272.0,5532.0,5619.0,5588.0,5529.0,1825.0,1816.0,1888.0,1872.0,1873.0,1874.0,1828.0,1819.0,1885.0,3736.0,3782.0,3754.0,1825.0,1816.0,1888.0,1872.0,1873.0,1874.0
0.0,11328.0,5692.0,5621.0,5529.0,5698.0,1877.0,1901.0,1920.0,1873.0,1873.0,1875.0,1874.0,1901.0,1917.0,3791.0,3803.0,3734.0,1877.0,1901.0,1920.0,1873.0,1873.0,1875.0
0.0,11165.0,5761.0,5625.0,5698.0,5773.0,1926.0,1917.0,1930.0,1875.0,1874.0,1876.0,1920.0,1914.0,1927.0,3742.0,3718.0,3705.0,1926.0,1917.0,1930.0,1875.0,1874.0,1876.0
0.0,11102.0,5784.0,5629.0,5773.0,5796.0,1961.0,1924.0,1911.0,1877.0,1875.0,1877.0,1955.0,1921.0,1908.0,3699.0,3705.0,3698.0,1961.0,1924.0,1911.0,1877.0,1875.0,1877.0
0.0,11091.0,5729.0,5631.0,5796.0,5735.0,1921.0,1916.0,1898.0,1878.0,1876.0,1877.0,1918.0,1913.0,1898.0,3670.0,3701.0,3720.0,1921.0,1916.0,1898.0,1878.0,1876.0,1877.0
0.0,11158.0,5813.0,5633.0,5735.0,5819.0,1939.0,1961.0,1919.0,1879.0,1877.0,1877.0,1936.0,1958.0,1919.0,3713.0,3712.0,3733.0,1939.0,1961.0,1919.0,1879.0,1877.0,1877.0
0.0,11080.0,5677.0,5639.0,5819.0,5695.0,1894.0,1916.0,1885.0,1880.0,1880.0,1879.0,1891.0,1907.0,1879.0,3698.0,3670.0,3712.0,1894.0,1916.0,1885.0,1880.0,1880.0,1879.0
0.0,11222.0,5781.0,5642.0,5695.0,5790.0,1907.0,1926.0,1957.0,1881.0,1881.0,1880.0,1904.0,1923.0,1954.0,3746.0,3724.0,3752.0,1907.0,1926.0,1957.0,1881.0,1881.0,1880.0
0.0,11136.0,5718.0,5644.0,5790.0,5724.0,1889.0,1900.0,1935.0,1881.0,1881.0,1882.0,1889.0,1900.0,1929.0,3736.0,3717.0,3683.0,1889.0,1900.0,1935.0,1881.0,1881.0,1882.0
0.0,11208.0,5705.0,5646.0,5724.0,5711.0,1876.0,1915.0,1920.0,1881.0,1882.0,1883.0,1876.0,1912.0,1917.0,3754.0,3743.0,3711.0,1876.0,1915.0,1920.0,1881.0,1882.0,1883.0
0.0,11227.0,5734.0,5648.0,5711.0,5740.0,1913.0,1907.0,1920.0,1882.0,1882.0,1884.0,1910.0,1907.0,1917.0,3767.0,3731.0,3729.0,1913.0,1907.0,1920.0,1882.0,1882.0,1884.0
0.0,11204.0,5603.0,5651.0,5740.0,5612.0,1880.0,1888.0,1844.0,1883.0,1883.0,1885.0,1877.0,1885.0,1841.0,3733.0,3739.0,3732.0,1880.0,1888.0,1844.0,1883.0,1883.0,1885.0
0.0,11341.0,5624.0,5652.0,5612.0,5627.0,1875.0,1874.0,1878.0,1883.0,1884.0,1885.0,1875.0,1871.0,1878.0,3769.0,3761.0,3811.0,1875.0,1874.0,1878.0,1883.0,1884.0,1885.0
0.0,11329.0,5563.0,5651.0,5627.0,5560.0,1827.0,1858.0,1875.0,1883.0,1883.0,1885.0,1827.0,1861.0,1875.0,3774.0,3778.0,3777.0,1827.0,1858.0,1875.0,1883.0,1883.0,1885.0
0.0,11393.0,5638.0,5651.0,5560.0,5638.0,1861.0,1873.0,1904.0,1883.0,1883.0,1885.0,1861.0,1873.0,1904.0,3822.0,3791.0,3780.0,1861.0,1873.0,1904.0,1883.0,1883.0,1885.0
0.0,11315.0,5681.0,5652.0,5638.0,5684.0,1894.0,1908.0,1882.0,1883.0,1884.0,1885.0,1894.0,1905.0,1882.0,3788.0,3776.0,3751.0,1894.0,1908.0,1882.0,1883.0,1884.0,1885.0
0.0,11272.0,5737.0,5655.0,5684.0,5746.0,1908.0,1934.0,1904.0,1884.0,1886.0,1885.0,1905.0,1928.0,1904.0,3755.0,3744.0,3773.0,1908.0,1934.0,1904.0,1884.0,1886.0,1885.0
0.0,11219.0,5694.0,5657.0,5746.0,5700.0,1906.0,1887.0,1907.0,1884.0,1886.0,1887.0,1906.0,1887.0,1901.0,3744.0,3724.0,3751.0,1906.0,1887.0,1907.0,1884.0,1886.0,1887.0
0.0,11271.0,5716.0,5658.0,5700.0,5719.0,1901.0,1898.0,1920.0,1884.0,1886.0,1888.0,1901.0,1898.0,1917.0,3746.0,3771.0,3754.0,1901.0,1898.0,1920.0,1884.0,1886.0,1888.0
0.0,11255.0,5737.0,5657.0,5719.0,5734.0,1920.0,1914.0,1900.0,1884.0,1885.0,1888.0,1920.0,1917.0,1900.0,3751.0,3760.0,3744.0,1920.0,1914.0,1900.0,1884.0,1885.0,1888.0
0.0,11237.0,5878.0,5660.0,5734.0,5887.0,1930.0,1981.0,1976.0,1884.0,1886.0,1890.0,1930.0,1978.0,1970.0,3732.0,3741.0,3764.0,1930.0,1981.0,1976.0,1884.0,1886.0,1890.0
0.0,11093.0,5714.0,5663.0,5887.0,5723.0,1895.0,1903.0,1925.0,1885.0,1887.0,1891.0,1892.0,1900.0,1922.0,3722.0,3677.0,3694.0,1895.0,1903.0,1925.0,1885.0,1887.0,1891.0
0.0,11266.0,5728.0,5666.0,5723.0,5737.0,1900.0,1917.0,1920.0,1886.0,1888.0,1892.0,1897.0,1914.0,1917.0,3760.0,3758.0,3748.0,1900.0,1917.0,1920.0,1886.0,1888.0,1892.0
0.0,11261.0,5742.0,5667.0,5737.0,5745.0,1925.0,1924.0,1896.0,1886.0,1889.0,1892.0,1925.0,1921.0,1896.0,3758.0,3747.0,3756.0,1925.0,1924.0,1896.0,1886.0,1889.0,1892.0
0.0,11256.0,5745.0,5670.0,5745.0,5754.0,1920.0,1901.0,1933.0,1887.0,1890.0,1893.0,1917.0,1898.0,1930.0,3733.0,3743.0,3780.0,1920.0,1901.0,1933.0,1887.0,1890.0,1893.0
0.0,11256.0,5773.0,5673.0,5754.0,5782.0,1934.0,1926.0,1922.0,1888.0,1891.0,1894.0,1931.0,1923.0,1919.0,3741.0,3769.0,3746.0,1934.0,1926.0,1922.0,1888.0,1891.0,1894.0
0.0,11237.0,5663.0,5672.0,5782.0,5660.0,1895.0,1855.0,1910.0,1888.0,1890.0,1894.0,1895.0,1858.0,1910.0,3730.0,3747.0,3760.0,1895.0,1855.0,1910.0,1888.0,1890.0,1894.0
0.0,11356.0,5582.0,5673.0,5660.0,5585.0,1883.0,1880.0,1822.0,1889.0,1891.0,1893.0,1880.0,1877.0,1825.0,3769.0,3815.0,3772.0,1883.0,1880.0,1822.0,1889.0,1891.0,1893.0
0.0,11434.0,5677.0,5674.0,5585.0,5680.0,1891.0,1900.0,1889.0,1890.0,1891.0,1893.0,1888.0,1900.0,1889.0,3784.0,3793.0,3857.0,1891.0,1900.0,1889.0,1890.0,1891.0,1893.0
0.0,11342.0,5715.0,5677.0,5680.0,5724.0,1902.0,1918.0,1904.0,1891.0,1892.0,1894.0,1899.0,1915.0,1901.0,3779.0,3773.0,3790.0,1902.0,1918.0,1904.0,1891.0,1892.0,1894.0
0.0,11307.0,5776.0,5680.0,5724.0,5785.0,1944.0,1939.0,1902.0,1892.0,1893.0,1895.0,1941.0,1936.0,1899.0,3771.0,3758.0,3778.0,1944.0,1939.0,1902.0,1892.0,1893.0,1895.0
0.0,11255.0,5922.0,5684.0,5785.0,5934.0,1980.0,1975.0,1979.0,1893.0,1895.0,1896.0,1977.0,1969.0,1976.0,3732.0,3740.0,3783.0,1980.0,1975.0,1979.0,1893.0,1895.0,1896.0
0.0,11118.0,5825.0,5688.0,5934.0,5837.0,1927.0,1945.0,1965.0,1893.0,1897.0,1898.0,1927.0,1939.0,1959.0,3699.0,3710.0,3709.0,1927.0,1945.0,1965.0,1893.0,1897.0,1898.0
0.0,11227.0,5882.0,5692.0,5837.0,5894.0,1947.0,1928.0,2019.0,1894.0,1897.0,1901.0,1944.0,1928.0,2010.0,3752.0,3746.0,3729.0,1947.0,1928.0,2019.0,1894.0,1897.0,1901.0
0.0,11182.0,5728.0,5694.0,5894.0,5734.0,1886.0,1909.0,1939.0,1894.0,1898.0,1902.0,1886.0,1906.0,1936.0,3735.0,3763.0,3684.0,1886.0,1909.0,1939.0,1894.0,1898.0,1902.0
0.0,11348.0,5795.0,5698.0,5734.0,5807.0,1916.0,1924.0,1967.0,1895.0,1899.0,1904.0,1913.0,1921.0,1961.0,3796.0,3785.0,3767.0,1916.0,1924.0,1967.0,1895.0,1899.0,1904.0
0.0,11287.0,5702.0,5701.0,5807.0,5711.0,1914.0,1890.0,1907.0,1896.0,1900.0,1905.0,1911.0,1887.0,1904.0,3769.0,3773.0,3745.0,1914.0,1890.0,1907.0,1896.0,1900.0,1905.0
0.0,11392.0,5622.0,5700.0,5711.0,5619.0,1888.0,1848.0,1883.0,1896.0,1899.0,1905.0,1888.0,1851.0,1883.0,3774.0,3810.0,3808.0,1888.0,1848.0,1883.0,1896.0,1899.0,1905.0
0.0,11481.0,5692.0,5702.0,5619.0,5698.0,1904.0,1918.0,1876.0,1897.0,1900.0,1905.0,1901.0,1915.0,1876.0,3800.0,3849.0,3832.0,1904.0,1918.0,1876.0,1897.0,1900.0,1905.0
0.0,11408.0,5663.0,5701.0,5698.0,5660.0,1891.0,1907.0,1862.0,1897.0,1900.0,1904.0,1891.0,1907.0,1865.0,3787.0,3782.0,3839.0,1891.0,1907.0,1862.0,1897.0,1900.0,1904.0
0.0,11443.0,5726.0,5706.0,5660.0,5741.0,1917.0,1939.0,1885.0,1899.0,1902.0,1905.0,1911.0,1933.0,1882.0,3800.0,3793.0,3850.0,1917.0,1939.0,1885.0,1899.0,1902.0,1905.0
0.0,11377.0,5643.0,5705.0,5741.0,5640.0,1882.0,1893.0,1865.0,1899.0,1902.0,1904.0,1882.0,1893.0,1868.0,3780.0,3767.0,3830.0,1882.0,1893.0,1865.0,1899.0,1902.0,1904.0
0.0,11475.0,5629.0,5705.0,5640.0,5629.0,1850.0,1905.0,1874.0,1899.0,1902.0,1904.0,1850.0,1905.0,1874.0,3815.0,3813.0,3847.0,1850.0,1905.0,1874.0,1899.0,1902.0,1904.0
0.0,11486.0,5675.0,5707.0,5629.0,5681.0,1898.0,1875.0,1908.0,1899.0,1903.0,1905.0,1898.0,1872.0,1905.0,3847.0,3801.0,3838.0,1898.0,1875.0,1908.0,1899.0,1903.0,1905.0
0.0,11440.0,5850.0,5708.0,5681.0,5853.0,1948.0,1945.0,1960.0,1899.0,1903.0,1906.0,1948.0,1945.0,1957.0,3799.0,3834.0,3807.0,1948.0,1945.0,1960.0,1899.0,1903.0,1906.0
0.0,11271.0,5843.0,5709.0,5853.0,5846.0,1960.0,1920.0,1966.0,1900.0,1903.0,1906.0,1957.0,1920.0,1966.0,3749.0,3764.0,3758.0,1960.0,1920.0,1966.0,1900.0,1903.0,1906.0
0.0,11281.0,5765.0,5710.0,5846.0,5768.0,1911.0,1927.0,1930.0,1900.0,1903.0,1907.0,1911.0,1927.0,1927.0,3740.0,3789.0,3752.0,1911.0,1927.0,1930.0,1900.0,1903.0,1907.0
0.0,11362.0,5749.0,5713.0,5768.0,5758.0,1924.0,1917.0,1917.0,1901.0,1904.0,1908.0,1921.0,1914.0,1914.0,3789.0,3782.0,3791.0,1924.0,1917.0,1917.0,1901.0,1904.0,1908.0
0.0,11381.0,5798.0,5715.0,5758.0,5804.0,1924.0,1948.0,1932.0,1902.0,1905.0,1908.0,1921.0,1945.0,1932.0,3779.0,3795.0,3807.0,1924.0,1948.0,1932.0,1902.0,1905.0,1908.0
0.0,11341.0,5748.0,5718.0,5804.0,5757.0,1883.0,1940.0,1934.0,1902.0,1906.0,1910.0,1883.0,1937.0,1928.0,3782.0,3767.0,3792.0,1883.0,1940.0,1934.0,1902.0,1906.0,1910.0
0.0,11397.0,5601.0,5719.0,5757.0,5604.0,1875.0,1894.0,1835.0,1903.0,1907.0,1909.0,1872.0,1891.0,1838.0,3823.0,3778.0,3796.0,1875.0,1894.0,1835.0,1903.0,1907.0,1909.0
0.0,11553.0,5652.0,5720.0,5604.0,5655.0,1902.0,1900.0,1853.0,1903.0,1908.0,1909.0,1902.0,1897.0,1853.0,3834.0,3827.0,3892.0,1902.0,1900.0,1853.0,1903.0,1908.0,1909.0
0.0,11505.0,5610.0,5721.0,5655.0,5613.0,1878.0,1879.0,1856.0,1904.0,1909.0,1908.0,1875.0,1876.0,1859.0,3807.0,3824.0,3874.0,1878.0,1879.0,1856.0,1904.0,1909.0,1908.0
0.0,11550.0,5665.0,5721.0,5613.0,5665.0,1876.0,1884.0,1905.0,1904.0,1909.0,1908.0,1876.0,1884.0,1905.0,3834.0,3848.0,3868.0,1876.0,1884.0,1905.0,1904.0,1909.0,1908.0
0.0,11498.0,5636.0,5718.0,5665.0,5627.0,1875.0,1878.0,1874.0,1903.0,1908.0,1907.0,1878.0,1881.0,1877.0,3836.0,3843.0,3819.0,1875.0,1878.0,1874.0,1903.0,1908.0,1907.0
0.0,11527.0,5712.0,5717.0,5627.0,5709.0,1930.0,1877.0,1902.0,1903.0,1907.0,1907.0,1930.0,1880.0,1902.0,3834.0,3846.0,3847.0,1930.0,1877.0,1902.0,1903.0,1907.0,1907.0
0.0,11442.0,5808.0,5719.0,5709.0,5814.0,1924.0,1922.0,1968.0,1903.0,1908.0,1908.0,1924.0,1919.0,1965.0,3779.0,3844.0,3819.0,1924.0,1922.0,1968.0,1903.0,1908.0,1908.0
0.0,11343.0,5669.0,5715.0,5814.0,5657.0,1890.0,1880.0,1887.0,1902.0,1906.0,1907.0,1893.0,1886.0,1890.0,3785.0,3802.0,3756.0,1890.0,1880.0,1887.0,1902.0,1906.0,1907.0
0.0,11488.0,5782.0,5718.0,5657.0,5791.0,1905.0,1941.0,1945.0,1902.0,1907.0,1909.0,1905.0,1938.0,1939.0,3816.0,3838.0,3834.0,1905.0,1941.0,1945.0,1902.0,1907.0,1909.0
0.0,11363.0,5756.0,5717.0,5791.0,5753.0,1898.0,1922.0,1933.0,1902.0,1907.0,1908.0,1898.0,1922.0,1936.0,3801.0,3780.0,3782.0,1898.0,1922.0,1933.0,1902.0,1907.0,1908.0
0.0,11398.0,5785.0,5718.0,5753.0,5788.0,1930.0,1926.0,1932.0,1903.0,1907.0,1908.0,1927.0,1926.0,1932.0,3808.0,3799.0,3791.0,1930.0,1926.0,1932.0,1903.0,1907.0,1908.0
0.0,11366.0,5722.0,5719.0,5788.0,5725.0,1920.0,1904.0,1901.0,1904.0,1907.0,1908.0,1917.0,1904.0,1901.0,3779.0,3795.0,3792.0,1920.0,1904.0,1901.0,1904.0,1907.0,1908.0
0.0,11432.0,5685.0,5717.0,5725.0,5679.0,1892.0,1901.0,1886.0,1903.0,1907.0,1907.0,1895.0,1901.0,1889.0,3792.0,3817.0,3823.0,1892.0,1901.0,1886.0,1903.0,1907.0,1907.0
0.0,11472.0,5668.0,5719.0,5679.0,5674.0,1908.0,1880.0,1886.0,1904.0,1907.0,1908.0,1905.0,1880.0,1883.0,3817.0,3820.0,3835.0,1908.0,1880.0,1886.0,1904.0,1907.0,1908.0
0.0,11483.0,5667.0,5719.0,5674.0,5667.0,1905.0,1892.0,1870.0,1904.0,1907.0,1908.0,1905.0,1892.0,1870.0,3804.0,3841.0,3838.0,1905.0,1892.0,1870.0,1904.0,1907.0,1908.0
0.0,11490.0,5628.0,5721.0,5667.0,5634.0,1905.0,1855.0,1874.0,1906.0,1907.0,1908.0,1899.0,1855.0,1874.0,3807.0,3829.0,3854.0,1905.0,1855.0,1874.0,1906.0,1907.0,1908.0
0.0,11529.0,5630.0,5721.0,5634.0,5630.0,1875.0,1894.0,1861.0,1906.0,1908.0,1907.0,1875.0,1891.0,1864.0,3813.0,3866.0,3850.0,1875.0,1894.0,1861.0,1906.0,1908.0,1907.0
0.0,11533.0,5641.0,5720.0,5630.0,5638.0,1882.0,1878.0,1878.0,1906.0,1907.0,1907.0,1882.0,1881.0,1878.0,3843.0,3830.0,3860.0,1882.0,1878.0,1878.0,1906.0,1907.0,1907.0
0.0,11522.0,5804.0,5721.0,5638.0,5807.0,1925.0,1949.0,1933.0,1906.0,1907.0,1908.0,1925.0,1949.0,1930.0,3836.0,3843.0,3843.0,1925.0,1949.0,1933.0,1906.0,1907.0,1908.0
0.0,11356.0,5902.0,5726.0,5807.0,5917.0,1981.0,1959.0,1977.0,1908.0,1909.0,1909.0,1975.0,1953.0,1974.0,3793.0,3772.0,3791.0,1981.0,1959.0,1977.0,1908.0,1909.0,1909.0
0.0,11261.0,5892.0,5729.0,5917.0,5901.0,1954.0,1965.0,1982.0,1909.0,1910.0,1910.0,1951.0,1962.0,1979.0,3743.0,3768.0,3750.0,1954.0,1965.0,1982.0,1909.0,1910.0,1910.0
0.0,11286.0,5829.0,5730.0,5901.0,5832.0,1957.0,1934.0,1941.0,1909.0,1910.0,1911.0,1957.0,1934.0,1938.0,3773.0,3765.0,3748.0,1957.0,1934.0,1941.0,1909.0,1910.0,1911.0
0.0,11358.0,5863.0,5730.0,5832.0,5863.0,1978.0,1932.0,1953.0,1910.0,1909.0,1911.0,1975.0,1935.0,1953.0,3770.0,3796.0,3792.0,1978.0,1932.0,1953.0,1910.0,1909.0,1911.0
0.0,11327.0,5852.0,5733.0,5863.0,5861.0,1951.0,1969.0,1941.0,1911.0,1911.0,1911.0,1948.0,1963.0,1941.0,3752.0,3795.0,3780.0,1951.0,1969.0,1941.0,1911.0,1911.0,1911.0
0.0,11338.0,5820.0,5734.0,5861.0,5823.0,1952.0,1953.0,1918.0,1912.0,1911.0,1911.0,1949.0,1953.0,1918.0,3782.0,3764.0,3792.0,1952.0,1953.0,1918.0,1912.0,1911.0,1911.0
0.0,11379.0,5742.0,5734.0,5823.0,5742.0,1931.0,1922.0,1889.0,1912.0,1911.0,1911.0,1931.0,1922.0,1889.0,3784.0,3780.0,3815.0,1931.0,1922.0,1889.0,1912.0,1911.0,1911.0
0.0,11460.0,5806.0,5736.0,5742.0,5812.0,1947.0,1944.0,1921.0,1913.0,1912.0,1911.0,1944.0,1941.0,1921.0,3805.0,3811.0,3844.0,1947.0,1944.0,1921.0,1913.0,1912.0,1911.0
0.0,11396.0,5748.0,5735.0,5812.0,5745.0,1904.0,1909.0,1932.0,1912.0,1912.0,1911.0,1907.0,1909.0,1932.0,3792.0,3792.0,3812.0,1904.0,1909.0,1932.0,1912.0,1912.0,1911.0
0.0,11460.0,5746.0,5737.0,5745.0,5752.0,1892.0,1916.0,1944.0,1912.0,1913.0,1912.0,1892.0,1913.0,1941.0,3832.0,3827.0,3801.0,1892.0,1916.0,1944.0,1912.0,1913.0,1912.0
0.0,11459.0,5731.0,5740.0,5752.0,5740.0,1885.0,1916.0,1939.0,1912.0,1914.0,1914.0,1885.0,1913.0,1933.0,3844.0,3823.0,3792.0,1885.0,1916.0,1939.0,1912.0,1914.0,1914.0
0.0,11480.0,5832.0,5743.0,5740.0,5841.0,1911.0,1965.0,1965.0,1913.0,1915.0,1915.0,1908.0,1962.0,1962.0,3851.0,3826.0,3803.0,1911.0,1965.0,1965.0,1913.0,1915.0,1915.0
0.0,11388.0,5741.0,5744.0,5841.0,5744.0,1939.0,1871.0,1934.0,1914.0,1914.0,1916.0,1936.0,1874.0,1931.0,3828.0,3780.0,3780.0,1939.0,1871.0,1934.0,1914.0,1914.0,1916.0
0.0,11488.0,5842.0,5745.0,5744.0,5845.0,2005.0,1913.0,1927.0,1915.0,1914.0,1916.0,2002.0,1913.0,1927.0,3803.0,3871.0,3814.0,2005.0,1913.0,1927.0,1915.0,1914.0,1916.0
0.0,11390.0,5687.0,5741.0,5845.0,5675.0,1913.0,1865.0,1897.0,1914.0,1912.0,1915.0,1916.0,1871.0,1900.0,3740.0,3829.0,3821.0,1913.0,1865.0,1897.0,1914.0,1912.0,1915.0
0.0,11548.0,5814.0,5740.0,5675.0,5811.0,1938.0,1917.0,1956.0,1914.0,1911.0,1915.0,1938.0,1920.0,1956.0,3829.0,3871.0,3848.0,1938.0,1917.0,1956.0,1914.0,1911.0,1915.0
0.0,11409.0,5853.0,5739.0,5811.0,5850.0,1945.0,1979.0,1926.0,1914.0,1912.0,1913.0,1945.0,1976.0,1932.0,3804.0,3816.0,3789.0,1945.0,1979.0,1926.0,1914.0,1912.0,1913.0
0.0,11367.0,5841.0,5741.0,5850.0,5847.0,1963.0,1958.0,1926.0,1915.0,1913.0,1913.0,1960.0,1955.0,1926.0,3797.0,3757.0,3813.0,1963.0,1958.0,1926.0,1915.0,1913.0,1913.0
0.0,11376.0,5730.0,5740.0,5847.0,5727.0,1919.0,1920.0,1888.0,1915.0,1913.0,1912.0,1919.0,1920.0,1891.0,3782.0,3781.0,3813.0,1919.0,1920.0,1888.0,1915.0,1913.0,1912.0
0.0,11493.0,5817.0,5742.0,5727.0,5823.0,1959.0,1938.0,1926.0,1916.0,1914.0,1912.0,1956.0,1935.0,1926.0,3826.0,3819.0,3848.0,1959.0,1938.0,1926.0,1916.0,1914.0,1912.0
0.0,11403.0,5774.0,5746.0,5823.0,5786.0,1943.0,1929.0,1914.0,1917.0,1916.0,1913.0,1940.0,1923.0,1911.0,3789.0,3804.0,3810.0,1943.0,1929.0,1914.0,1917.0,1916.0,1913.0
0.0,11452.0,5728.0,5746.0,5786.0,5728.0,1913.0,1890.0,1925.0,1917.0,1915.0,1914.0,1913.0,1893.0,1922.0,3808.0,3819.0,3825.0,1913.0,1890.0,1925.0,1917.0,1915.0,1914.0
0.0,11510.0,5708.0,5747.0,5728.0,5711.0,1883.0,1926.0,1902.0,1917.0,1916.0,1914.0,1883.0,1923.0,1902.0,3838.0,3855.0,3817.0,1883.0,1926.0,1902.0,1917.0,1916.0,1914.0
0.0,11530.0,5740.0,5747.0,5711.0,5740.0,1909.0,1898.0,1933.0,1917.0,1915.0,1915.0,1909.0,1901.0,1930.0,3868.0,3822.0,3840.0,1909.0,1898.0,1933.0,1917.0,1915.0,1915.0
0.0,11501.0,5768.0,5751.0,5740.0,5780.0,1904.0,1932.0,1944.0,1918.0,1916.0,1917.0,1901.0,1929.0,1938.0,3842.0,3847.0,3812.0,1904.0,1932.0,1944.0,1918.0,1916.0,1917.0
0.0,11473.0,5821.0,5753.0,5780.0,5827.0,1922.0,1938.0,1967.0,1919.0,1916.0,1918.0,1919.0,1938.0,1964.0,3850.0,3816.0,3807.0,1922.0,1938.0,1967.0,1919.0,1916.0,1918.0
0.0,11432.0,5807.0,5756.0,5827.0,5816.0,1905.0,1955.0,1956.0,1919.0,1918.0,1919.0,1905.0,1949.0,1953.0,3835.0,3810.0,3787.0,1905.0,1955.0,1956.0,1919.0,1918.0,1919.0
0.0,11452.0,5802.0,5755.0,5816.0,5799.0,1955.0,1937.0,1907.0,1919.0,1918.0,1918.0,1955.0,1937.0,1910.0,3852.0,3799.0,3801.0,1955.0,1937.0,1907.0,1919.0,1918.0,1918.0
0.0,11466.0,5939.0,5756.0,5799.0,5942.0,2018.0,1967.0,1957.0,1920.0,1918.0,1918.0,2015.0,1967.0,1957.0,3802.0,3817.0,3847.0,2018.0,1967.0,1957.0,1920.0,1918.0,1918.0
0.0,11326.0,5886.0,5759.0,5942.0,5895.0,1957.0,1972.0,1966.0,1921.0,1919.0,1919.0,1954.0,1969.0,1963.0,3742.0,3787.0,3797.0,1957.0,1972.0,1966.0,1921.0,1919.0,1919.0
0.0,11382.0,5749.0,5759.0,5895.0,5749.0,1912.0,1917.0,1920.0,1921.0,1919.0,1919.0,1912.0,1917.0,1920.0,3806.0,3785.0,3791.0,1912.0,1917.0,1920.0,1921.0,1919.0,1919.0
0.0,11528.0,5818.0,5759.0,5749.0,5818.0,1932.0,1944.0,1942.0,1921.0,1919.0,1919.0,1932.0,1944.0,1942.0,3851.0,3840.0,3837.0,1932.0,1944.0,1942.0,1921.0,1919.0,1919.0
0.0,11459.0,5793.0,5760.0,5818.0,5796.0,1947.0,1937.0,1912.0,1922.0,1919.0,1919.0,1944.0,1937.0,1912.0,3831.0,3813.0,3815.0,1947.0,1937.0,1912.0,1922.0,1919.0,1919.0
0.0,11484.0,5839.0,5765.0,5796.0,5854.0,1965.0,1933.0,1956.0,1924.0,1920.0,1921.0,1959.0,1930.0,1950.0,3819.0,3820.0,3845.0,1965.0,1933.0,1956.0,1924.0,1920.0,1921.0
0.0,11441.0,5798.0,5768.0,5854.0,5807.0,1937.0,1935.0,1935.0,1925.0,1921.0,1922.0,1934.0,1932.0,1932.0,3807.0,3827.0,3807.0,1937.0,1935.0,1935.0,1925.0,1921.0,1922.0
0.0,11497.0,5804.0,5772.0,5807.0,5816.0,1929.0,1944.0,1943.0,1926.0,1922.0,1924.0,1926.0,1941.0,1937.0,3838.0,3828.0,3831.0,1929.0,1944.0,1943.0,1926.0,1922.0,1924.0
0.0,11500.0,5663.0,5771.0,5816.0,5660.0,1855.0,1906.0,1899.0,1925.0,1922.0,1924.0,1858.0,1906.0,1899.0,3849.0,3822.0,3829.0,1855.0,1906.0,1899.0,1925.0,1922.0,1924.0
0.0,11653.0,5836.0,5775.0,5660.0,5848.0,1927.0,1969.0,1952.0,1926.0,1924.0,1925.0,1924.0,1963.0,1949.0,3920.0,3860.0,3873.0,1927.0,1969.0,1952.0,1926.0,1924.0,1925.0
0.0,11477.0,5852.0,5778.0,5848.0,5861.0,1959.0,1951.0,1951.0,1927.0,1925.0,1926.0,1956.0,1948.0,1948.0,3851.0,3803.0,3823.0,1959.0,1951.0,1951.0,1927.0,1925.0,1926.0
0.0,11473.0,5748.0,5777.0,5861.0,5745.0,1924.0,1914.0,1907.0,1927.0,1925.0,1925.0,1924.0,1914.0,1910.0,3822.0,3824.0,3827.0,1924.0,1914.0,1907.0,1927.0,1925.0,1925.0
0.0,11586.0,5819.0,5779.0,5745.0,5825.0,1939.0,1951.0,1935.0,1927.0,1926.0,1926.0,1939.0,1948.0,1932.0,3857.0,3861.0,3868.0,1939.0,1951.0,1935.0,1927.0,1926.0,1926.0
0.0,11512.0,5782.0,5779.0,5825.0,5782.0,1938.0,1936.0,1908.0,1928.0,1926.0,1925.0,1935.0,1936.0,1911.0,3842.0,3827.0,3843.0,1938.0,1936.0,1908.0,1928.0,1926.0,1925.0
0.0,11555.0,5721.0,5779.0,5782.0,5721.0,1908.0,1888.0,1925.0,1928.0,1926.0,1925.0,1908.0,1888.0,1925.0,3846.0,3842.0,3867.0,1908.0,1888.0,1925.0,1928.0,1926.0,1925.0
0.0,11616.0,5869.0,5781.0,5721.0,5875.0,1936.0,1975.0,1964.0,1928.0,1927.0,1926.0,1936.0,1972.0,1961.0,3876.0,3890.0,3850.0,1936.0,1975.0,1964.0,1928.0,1927.0,1926.0
0.0,11468.0,5915.0,5784.0,5875.0,5924.0,1967.0,1974.0,1983.0,1929.0,1928.0,1927.0,1964.0,1971.0,1980.0,3848.0,3806.0,3814.0,1967.0,1974.0,1983.0,1929.0,1928.0,1927.0
0.0,11428.0,5948.0,5790.0,5924.0,5966.0,1954.0,1996.0,2016.0,1930.0,1930.0,1930.0,1951.0,1990.0,2007.0,3820.0,3810.0,3798.0,1954.0,1996.0,2016.0,1930.0,1930.0,1930.0
0.0,11404.0,5804.0,5792.0,5966.0,5810.0,1931.0,1949.0,1930.0,1931.0,1931.0,1930.0,1928.0,1946.0,1930.0,3836.0,3794.0,3774.0,1931.0,1949.0,1930.0,1931.0,1931.0,1930.0
0.0,11566.0,5773.0,5794.0,5810.0,5779.0,1923.0,1935.0,1921.0,1931.0,1932.0,1931.0,1923.0,1932.0,1918.0,3862.0,3844.0,3860.0,1923.0,1935.0,1921.0,1931.0,1932.0,1931.0
0.0,11603.0,5788.0,5798.0,5779.0,5800.0,1929.0,1929.0,1942.0,1932.0,1933.0,1933.0,1926.0,1926.0,1936.0,3870.0,3861.0,3872.0,1929.0,1929.0,1942.0,1932.0,1933.0,1933.0
0.0,11594.0,5821.0,5801.0,5800.0,5830.0,1935.0,1933.0,1962.0,1933.0,1934.0,1934.0,1932.0,1930.0,1959.0,3867.0,3870.0,3857.0,1935.0,1933.0,1962.0,1933.0,1934.0,1934.0
0.0,11573.0,5755.0,5803.0,5830.0,5761.0,1924.0,1913.0,1924.0,1934.0,1934.0,1935.0,1921.0,1913.0,1921.0,3864.0,3869.0,3840.0,1924.0,1913.0,1924.0,1934.0,1934.0,1935.0
0.0,11648.0,5726.0,5802.0,5761.0,5723.0,1925.0,1916.0,1882.0,1934.0,1934.0,1934.0,1925.0,1916.0,1885.0,3878.0,3889.0,3881.0,1925.0,1916.0,1882.0,1934.0,1934.0,1934.0
0.0,11683.0,5869.0,5801.0,5723.0,5866.0,1965.0,1968.0,1933.0,1933.0,1934.0,1934.0,1968.0,1968.0,1933.0,3877.0,3886.0,3920.0,1965.0,1968.0,1933.0,1933.0,1934.0,1934.0
0.0,11537.0,5911.0,5801.0,5866.0,5911.0,1977.0,1981.0,1953.0,1934.0,1934.0,1933.0,1974.0,1981.0,1956.0,3834.0,3834.0,3869.0,1977.0,1981.0,1953.0,1934.0,1934.0,1933.0
0.0,11492.0,5956.0,5804.0,5911.0,5965.0,2006.0,2004.0,1955.0,1935.0,1936.0,1933.0,2003.0,1998.0,1955.0,3825.0,3821.0,3846.0,2006.0,2004.0,1955.0,1935.0,1936.0,1933.0
0.0,11447.0,5826.0,5803.0,5965.0,5823.0,1932.0,1946.0,1945.0,1934.0,1936.0,1933.0,1935.0,1946.0,1945.0,3799.0,3804.0,3844.0,1932.0,1946.0,1945.0,1934.0,1936.0,1933.0
0.0,11586.0,5806.0,5802.0,5823.0,5803.0,1928.0,1939.0,1936.0,1934.0,1935.0,1933.0,1928.0,1942.0,1936.0,3870.0,3862.0,3854.0,1928.0,1939.0,1936.0,1934.0,1935.0,1933.0
0.0,11603.0,5884.0,5804.0,5803.0,5890.0,1950.0,1940.0,2000.0,1934.0,1935.0,1935.0,1950.0,1940.0,1994.0,3874.0,3866.0,3863.0,1950.0,1940.0,2000.0,1934.0,1935.0,1935.0
0.0,11522.0,5882.0,5806.0,5890.0,5888.0,1963.0,1952.0,1973.0,1934.0,1936.0,1936.0,1963.0,1949.0,1970.0,3852.0,3865.0,3805.0,1963.0,1952.0,1973.0,1934.0,1936.0,1936.0
0.0,11530.0,5792.0,5806.0,5888.0,5792.0,1929.0,1910.0,1953.0,1934.0,1935.0,1937.0,1929.0,1913.0,1950.0,3839.0,3856.0,3835.0,1929.0,1910.0,1953.0,1934.0,1935.0,1937.0
0.0,11626.0,5891.0,5809.0,5792.0,5900.0,1981.0,1943.0,1976.0,1935.0,1936.0,1938.0,1978.0,1940.0,1973.0,3873.0,3895.0,3858.0,1981.0,1943.0,1976.0,1935.0,1936.0,1938.0
0.0,11527.0,5768.0,5809.0,5900.0,5768.0,1925.0,1931.0,1912.0,1936.0,1936.0,1937.0,1922.0,1931.0,1915.0,3824.0,3865.0,3838.0,1925.0,1931.0,1912.0,1936.0,1936.0,1937.0
0.0,11659.0,5877.0,5812.0,5768.0,5886.0,1946.0,1993.0,1947.0,1937.0,1938.0,1937.0,1943.0,1987.0,1947.0,3883.0,3877.0,3899.0,1946.0,1993.0,1947.0,1937.0,1938.0,1937.0
0.0,11550.0,5823.0,5812.0,5886.0,5823.0,1914.0,1965.0,1944.0,1937.0,1938.0,1937.0,1914.0,1965.0,1944.0,3865.0,3821.0,3864.0,1914.0,1965.0,1944.0,1937.0,1938.0,1937.0
0.0,11613.0,5705.0,5810.0,5823.0,5699.0,1899.0,1921.0,1879.0,1936.0,1938.0,1936.0,1902.0,1921.0,1882.0,3897.0,3849.0,3867.0,1899.0,1921.0,1879.0,1936.0,1938.0,1936.0
0.0,11731.0,5878.0,5812.0,5699.0,5884.0,1970.0,1944.0,1970.0,1936.0,1939.0,1937.0,1970.0,1941.0,1967.0,3909.0,3893.0,3929.0,1970.0,1944.0,1970.0,1936.0,1939.0,1937.0
0.0,11552.0,5825.0,5814.0,5884.0,5831.0,1939.0,1917.0,1975.0,1936.0,1940.0,1938.0,1939.0,1914.0,1972.0,3838.0,3873.0,3841.0,1939.0,1917.0,1975.0,1936.0,1940.0,1938.0
0.0,11611.0,5899.0,5816.0,5831.0,5905.0,1965.0,1952.0,1988.0,1937.0,1940.0,1939.0,1962.0,1952.0,1985.0,3869.0,3903.0,3839.0,1965.0,1952.0,1988.0,1937.0,1940.0,1939.0
0.0,11543.0,5862.0,5816.0,5905.0,5862.0,1949.0,1944.0,1969.0,1937.0,1940.0,1939.0,1949.0,1944.0,1969.0,3846.0,3868.0,3829.0,1949.0,1944.0,1969.0,1937.0,1940.0,1939.0
0.0,11586.0,5861.0,5816.0,5862.0,5861.0,1931.0,1965.0,1965.0,1936.0,1940.0,1940.0,1934.0,1965.0,1962.0,3862.0,3876.0,3848.0,1931.0,1965.0,1965.0,1936.0,1940.0,1940.0
0.0,11587.0,5944.0,5820.0,5861.0,5956.0,1969.0,1973.0,2014.0,1937.0,1941.0,1942.0,1966.0,1970.0,2008.0,3877.0,3855.0,3855.0,1969.0,1973.0,2014.0,1937.0,1941.0,1942.0
0.0,11504.0,5839.0,5821.0,5956.0,5842.0,1939.0,1956.0,1947.0,1937.0,1941.0,1943.0,1939.0,1956.0,1944.0,3842.0,3850.0,3812.0,1939.0,1956.0,1947.0,1937.0,1941.0,1943.0
0.0,11621.0,5858.0,5823.0,5842.0,5864.0,1945.0,1958.0,1961.0,1937.0,1942.0,1944.0,1945.0,1955.0,1958.0,3872.0,3867.0,3882.0,1945.0,1958.0,1961.0,1937.0,1942.0,1944.0
0.0,11605.0,5846.0,5825.0,5864.0,5852.0,1973.0,1943.0,1936.0,1938.0,1943.0,1944.0,1970.0,1940.0,1936.0,3866.0,3868.0,3871.0,1973.0,1943.0,1936.0,1938.0,1943.0,1944.0
0.0,11623.0,5779.0,5825.0,5852.0,5779.0,1900.0,1945.0,1934.0,1938.0,1943.0,1944.0,1900.0,1945.0,1934.0,3841.0,3886.0,3896.0,1900.0,1945.0,1934.0,1938.0,1943.0,1944.0
0.0,11696.0,5863.0,5828.0,5779.0,5872.0,1964.0,1951.0,1957.0,1939.0,1944.0,1945.0,1961.0,1948.0,1954.0,3914.0,3884.0,3898.0,1964.0,1951.0,1957.0,1939.0,1944.0,1945.0
0.0,11612.0,5862.0,5831.0,5872.0,5871.0,1970.0,1950.0,1951.0,1941.0,1945.0,1945.0,1964.0,1947.0,1951.0,3853.0,3881.0,3878.0,1970.0,1950.0,1951.0,1941.0,1945.0,1945.0
0.0,11622.0,5925.0,5832.0,5871.0,5928.0,1954.0,1983.0,1991.0,1941.0,1945.0,1946.0,1954.0,1983.0,1988.0,3853.0,3885.0,3884.0,1954.0,1983.0,1991.0,1941.0,1945.0,1946.0
0.0,11568.0,5817.0,5832.0,5928.0,5817.0,1945.0,1938.0,1934.0,1942.0,1945.0,1945.0,1942.0,1938.0,1937.0,3869.0,3852.0,3847.0,1945.0,1938.0,1934.0,1942.0,1945.0,1945.0
0.0,11679.0,5894.0,5834.0,5817.0,5900.0,1975.0,1967.0,1958.0,1942.0,1946.0,1946.0,1975.0,1964.0,1955.0,3881.0,3897.0,3901.0,1975.0,1967.0,1958.0,1942.0,1946.0,1946.0
0.0,11602.0,6011.0,5835.0,5900.0,6014.0,2003.0,1988.0,2023.0,1942.0,1946.0,1947.0,2003.0,1988.0,2020.0,3851.0,3871.0,3880.0,2003.0,1988.0,2023.0,1942.0,1946.0,1947.0
0.0,11491.0,5934.0,5837.0,6014.0,5940.0,1954.0,1997.0,1989.0,1942.0,1947.0,1948.0,1954.0,1994.0,1986.0,3823.0,3850.0,3818.0,1954.0,1997.0,1989.0,1942.0,1947.0,1948.0
0.0,11571.0,5960.0,5840.0,5940.0,5969.0,1968.0,2003.0,1998.0,1943.0,1948.0,1949.0,1965.0,2000.0,1995.0,3872.0,3844.0,3855.0,1968.0,2003.0,1998.0,1943.0,1948.0,1949.0
0.0,11551.0,5795.0,5840.0,5969.0,5795.0,1935.0,1923.0,1937.0,1943.0,1948.0,1949.0,1935.0,1923.0,1937.0,3861.0,3841.0,3849.0,1935.0,1923.0,1937.0,1943.0,1948.0,1949.0
0.0,11725.0,5898.0,5842.0,5795.0,5904.0,1960.0,1970.0,1974.0,1944.0,1948.0,1950.0,1957.0,1970.0,1971.0,3894.0,3921.0,3910.0,1960.0,1970.0,1974.0,1944.0,1948.0,1950.0
0.0,11622.0,5767.0,5841.0,5904.0,5764.0,1944.0,1892.0,1928.0,1943.0,1948.0,1950.0,1947.0,1892.0,1928.0,3872.0,3874.0,3876.0,1944.0,1892.0,1928.0,1943.0,1948.0,1950.0
0.0,11759.0,5848.0,5842.0,5764.0,5851.0,1972.0,1940.0,1939.0,1944.0,1948.0,1950.0,1969.0,1940.0,1939.0,3885.0,3952.0,3922.0,1972.0,1940.0,1939.0,1944.0,1948.0,1950.0
0.0,11675.0,5780.0,5841.0,5851.0,5777.0,1933.0,1907.0,1937.0,1944.0,1947.0,1950.0,1933.0,1910.0,1937.0,3860.0,3904.0,3911.0,1933.0,1907.0,1937.0,1944.0,1947.0,1950.0
0.0,11746.0,5785.0,5843.0,5777.0,5791.0,1923.0,1947.0,1921.0,1945.0,1948.0,1950.0,1920.0,1944.0,1921.0,3899.0,3934.0,3913.0,1923.0,1947.0,1921.0,1945.0,1948.0,1950.0
0.0,11738.0,5893.0,5845.0,5791.0,5899.0,1946.0,1980.0,1973.0,1946.0,1948.0,1951.0,1943.0,1980.0,1970.0,3912.0,3897.0,3929.0,1946.0,1980.0,1973.0,1946.0,1948.0,1951.0
0.0,11636.0,6017.0,5847.0,5899.0,6023.0,1987.0,2004.0,2032.0,1946.0,1949.0,1952.0,1987.0,2001.0,2029.0,3892.0,3864.0,3880.0,1987.0,2004.0,2032.0,1946.0,1949.0,1952.0
0.0,11518.0,5917.0,5850.0,6023.0,5926.0,1991.0,1969.0,1966.0,1947.0,1950.0,1953.0,1988.0,1966.0,1963.0,3851.0,3843.0,3824.0,1991.0,1969.0,1966.0,1947.0,1950.0,1953.0
0.0,11624.0,5785.0,5851.0,5926.0,5788.0,1945.0,1920.0,1923.0,1948.0,1950.0,1953.0,1942.0,1920.0,1923.0,3850.0,3881.0,3893.0,1945.0,1920.0,1923.0,1948.0,1950.0,1953.0
0.0,11765.0,5884.0,5853.0,5788.0,5890.0,1965.0,1943.0,1982.0,1948.0,1950.0,1955.0,1965.0,1943.0,1976.0,3899.0,3930.0,3936.0,1965.0,1943.0,1982.0,1948.0,1950.0,1955.0
0.0,11669.0,5955.0,5857.0,5890.0,5967.0,1969.0,1983.0,2015.0,1949.0,1952.0,1956.0,1966.0,1977.0,2012.0,3879.0,3907.0,3883.0,1969.0,1983.0,2015.0,1949.0,1952.0,1956.0
0.0,11604.0,5841.0,5857.0,5967.0,5841.0,1923.0,1969.0,1949.0,1949.0,1952.0,1956.0,1923.0,1969.0,1949.0,3878.0,3873.0,3853.0,1923.0,1969.0,1949.0,1949.0,1952.0,1956.0
0.0,11730.0,5936.0,5857.0,5841.0,5936.0,1991.0,1977.0,1968.0,1949.0,1952.0,1956.0,1991.0,1977.0,1968.0,3924.0,3887.0,3919.0,1991.0,1977.0,1968.0,1949.0,1952.0,1956.0
0.0,11635.0,5896.0,5856.0,5936.0,5893.0,1981.0,1980.0,1932.0,1950.0,1952.0,1954.0,1978.0,1980.0,1938.0,3856.0,3879.0,3900.0,1981.0,1980.0,1932.0,1950.0,1952.0,1954.0
0.0,11675.0,5921.0,5858.0,5893.0,5927.0,1995.0,1966.0,1966.0,1951.0,1952.0,1955.0,1992.0,1966.0,1963.0,3869.0,3876.0,3930.0,1995.0,1966.0,1966.0,1951.0,1952.0,1955.0
0.0,11647.0,5861.0,5860.0,5927.0,5867.0,1982.0,1937.0,1948.0,1952.0,1952.0,1956.0,1979.0,1937.0,1945.0,3858.0,3890.0,3899.0,1982.0,1937.0,1948.0,1952.0,1952.0,1956.0
0.0,11713.0,5834.0,5861.0,5867.0,5837.0,1947.0,1942.0,1948.0,1953.0,1952.0,1956.0,1944.0,1942.0,1948.0,3874.0,3919.0,3920.0,1947.0,1942.0,1948.0,1953.0,1952.0,1956.0
0.0,11746.0,5775.0,5859.0,5837.0,5769.0,1910.0,1937.0,1922.0,1952.0,1952.0,1955.0,1913.0,1937.0,1925.0,3912.0,3914.0,3920.0,1910.0,1937.0,1922.0,1952.0,1952.0,1955.0
0.0,11808.0,5882.0,5862.0,5769.0,5891.0,1977.0,1955.0,1959.0,1953.0,1953.0,1956.0,1974.0,1952.0,1956.0,3946.0,3919.0,3943.0,1977.0,1955.0,1959.0,1953.0,1953.0,1956.0
0.0,11695.0,5847.0,5865.0,5891.0,5856.0,1953.0,1944.0,1959.0,1954.0,1954.0,1957.0,1950.0,1941.0,1956.0,3882.0,3904.0,3909.0,1953.0,1944.0,1959.0,1954.0,1954.0,1957.0
0.0,11739.0,6018.0,5868.0,5856.0,6027.0,2018.0,1992.0,2017.0,1955.0,1954.0,1959.0,2015.0,1992.0,2011.0,3909.0,3918.0,3912.0,2018.0,1992.0,2017.0,1955.0,1954.0,1959.0
0.0,11577.0,5875.0,5867.0,6027.0,5872.0,1971.0,1939.0,1962.0,1955.0,1953.0,1959.0,1971.0,1942.0,1962.0,3847.0,3870.0,3860.0,1971.0,1939.0,1962.0,1955.0,1953.0,1959.0
0.0,11729.0,5961.0,5867.0,5872.0,5961.0,1968.0,1994.0,1999.0,1954.0,1953.0,1960.0,1971.0,1994.0,1996.0,3894.0,3920.0,3915.0,1968.0,1994.0,1999.0,1954.0,1953.0,1960.0
0.0,11640.0,6003.0,5871.0,5961.0,6015.0,1996.0,2015.0,2004.0,1955.0,1955.0,1961.0,1993.0,2009.0,2001.0,3894.0,3865.0,3881.0,1996.0,2015.0,2004.0,1955.0,1955.0,1961.0
0.0,11598.0,6047.0,5875.0,6015.0,6059.0,2027.0,2030.0,2002.0,1957.0,1956.0,1962.0,2021.0,2027.0,1999.0,3869.0,3850.0,3879.0,2027.0,2030.0,2002.0,1957.0,1956.0,1962.0
0.0,11566.0,5841.0,5875.0,6059.0,5841.0,1940.0,1966.0,1935.0,1957.0,1957.0,1961.0,1940.0,1963.0,1938.0,3844.0,3838.0,3884.0,1940.0,1966.0,1935.0,1957.0,1957.0,1961.0
0.0,11784.0,5835.0,5874.0,5841.0,5832.0,1954.0,1956.0,1922.0,1957.0,1957.0,1960.0,1954.0,1956.0,1925.0,3931.0,3905.0,3948.0,1954.0,1956.0,1922.0,1957.0,1957.0,1960.0
0.0,11790.0,5880.0,5874.0,5832.0,5880.0,1965.0,1945.0,1970.0,1957.0,1957.0,1960.0,1965.0,1945.0,1970.0,3917.0,3915.0,3958.0,1965.0,1945.0,1970.0,1957.0,1957.0,1960.0
0.0,11742.0,5864.0,5874.0,5880.0,5864.0,1945.0,1946.0,1973.0,1957.0,1957.0,1960.0,1945.0,1946.0,1973.0,3906.0,3926.0,3910.0,1945.0,1946.0,1973.0,1957.0,1957.0,1960.0
0.0,11758.0,5955.0,5878.0,5864.0,5967.0,1981.0,1967.0,2019.0,1958.0,1958.0,1962.0,1978.0,1964.0,2013.0,3926.0,3925.0,3907.0,1981.0,1967.0,2019.0,1958.0,1958.0,1962.0
0.0,11667.0,5897.0,5879.0,5967.0,5900.0,1952.0,1958.0,1990.0,1958.0,1958.0,1963.0,1952.0,1958.0,1987.0,3893.0,3907.0,3867.0,1952.0,1958.0,1990.0,1958.0,1958.0,1963.0
0.0,11737.0,5834.0,5878.0,5900.0,5831.0,1915.0,1948.0,1968.0,1958.0,1957.0,1963.0,1915.0,1951.0,1968.0,3922.0,3916.0,3899.0,1915.0,1948.0,1968.0,1958.0,1957.0,1963.0
0.0,11803.0,5965.0,5884.0,5831.0,5983.0,1973.0,2001.0,2009.0,1959.0,1959.0,1966.0,1970.0,1995.0,2000.0,3959.0,3923.0,3921.0,1973.0,2001.0,2009.0,1959.0,1959.0,1966.0
0.0,11669.0,5958.0,5886.0,5983.0,5964.0,1995.0,2009.0,1960.0,1960.0,1960.0,1966.0,1992.0,2006.0,1960.0,3904.0,3876.0,3889.0,1995.0,2009.0,1960.0,1960.0,1960.0,1966.0
0.0,11694.0,5971.0,5888.0,5964.0,5977.0,2010.0,1971.0,1996.0,1961.0,1961.0,1966.0,2007.0,1968.0,1996.0,3885.0,3871.0,3938.0,2010.0,1971.0,1996.0,1961.0,1961.0,1966.0
0.0,11687.0,6070.0,5892.0,5977.0,6082.0,2026.0,2040.0,2016.0,1962.0,1963.0,1967.0,2023.0,2034.0,2013.0,3873.0,3912.0,3902.0,2026.0,2040.0,2016.0,1962.0,1963.0,1967.0
0.0,11594.0,6031.0,5894.0,6082.0,6037.0,1996.0,2041.0,2000.0,1963.0,1964.0,1967.0,1993.0,2038.0,2000.0,3860.0,3849.0,3885.0,1996.0,2041.0,2000.0,1963.0,1964.0,1967.0
0.0,11645.0,6005.0,5897.0,6037.0,6014.0,2001.0,2005.0,2008.0,1964.0,1965.0,1968.0,1998.0,2002.0,2005.0,3893.0,3851.0,3901.0,2001.0,2005.0,2008.0,1964.0,1965.0,1968.0
0.0,11677.0,6007.0,5899.0,6014.0,6013.0,1994.0,2007.0,2012.0,1965.0,1966.0,1968.0,1991.0,2004.0,2012.0,3891.0,3890.0,3896.0,1994.0,2007.0,2012.0,1965.0,1966.0,1968.0
0.0,11684.0,5925.0,5901.0,6013.0,5931.0,1990.0,1968.0,1973.0,1966.0,1966.0,1969.0,1987.0,1968.0,1970.0,3901.0,3891.0,3892.0,1990.0,1968.0,1973.0,1966.0,1966.0,1969.0
0.0,11772.0,5838.0,5900.0,5931.0,5835.0,1971.0,1936.0,1928.0,1966.0,1966.0,1968.0,1971.0,1936.0,1931.0,3908.0,3930.0,3934.0,1971.0,1936.0,1928.0,1966.0,1966.0,1968.0
0.0,11865.0,5868.0,5900.0,5835.0,5868.0,1950.0,1982.0,1936.0,1966.0,1966.0,1968.0,1950.0,1982.0,1936.0,3927.0,3962.0,3976.0,1950.0,1982.0,1936.0,1966.0,1966.0,1968.0
0.0,11832.0,5838.0,5902.0,5868.0,5844.0,1950.0,1954.0,1940.0,1967.0,1967.0,1968.0,1947.0,1951.0,1940.0,3948.0,3916.0,3968.0,1950.0,1954.0,1940.0,1967.0,1967.0,1968.0
0.0,11862.0,5872.0,5902.0,5844.0,5872.0,1924.0,1956.0,1992.0,1966.0,1967.0,1969.0,1927.0,1956.0,1989.0,3951.0,3947.0,3964.0,1924.0,1956.0,1992.0,1966.0,1967.0,1969.0
0.0,11834.0,5941.0,5903.0,5872.0,5944.0,1961.0,1983.0,2000.0,1966.0,1967.0,1970.0,1961.0,1983.0,1997.0,3974.0,3945.0,3915.0,1961.0,1983.0,2000.0,1966.0,1967.0,1970.0
0.0,11765.0,6015.0,5905.0,5944.0,6021.0,2029.0,1998.0,1994.0,1967.0,1968.0,1970.0,2026.0,1995.0,1994.0,3937.0,3918.0,3910.0,2029.0,1998.0,1994.0,1967.0,1968.0,1970.0
0.0,11694.0,5909.0,5907.0,6021.0,5915.0,1981.0,1951.0,1983.0,1968.0,1968.0,1971.0,1978.0,1951.0,1980.0,3872.0,3906.0,3916.0,1981.0,1951.0,1983.0,1968.0,1968.0,1971.0
0.0,11806.0,6080.0,5910.0,5915.0,6089.0,2053.0,2011.0,2025.0,1969.0,1969.0,1972.0,2050.0,2008.0,2022.0,3923.0,3953.0,3930.0,2053.0,2011.0,2025.0,1969.0,1969.0,1972.0
0.0,11641.0,5992.0,5910.0,6089.0,5992.0,2007.0,1988.0,1997.0,1969.0,1969.0,1972.0,2007.0,1988.0,1997.0,3854.0,3896.0,3891.0,2007.0,1988.0,1997.0,1969.0,1969.0,1972.0
0.0,11738.0,5921.0,5909.0,5992.0,5918.0,1947.0,2018.0,1953.0,1969.0,1969.0,1971.0,1947.0,2018.0,1956.0,3900.0,3919.0,3919.0,1947.0,2018.0,1953.0,1969.0,1969.0,1971.0
0.0,11809.0,5990.0,5911.0,5918.0,5996.0,1992.0,2022.0,1982.0,1970.0,1970.0,1971.0,1989.0,2019.0,1982.0,3960.0,3889.0,3960.0,1992.0,2022.0,1982.0,1970.0,1970.0,1971.0
0.0,11737.0,6004.0,5914.0,5996.0,6013.0,1998.0,2024.0,1991.0,1971.0,1971.0,1972.0,1995.0,2021.0,1988.0,3918.0,3888.0,3931.0,1998.0,2024.0,1991.0,1971.0,1971.0,1972.0
0.0,11729.0,5874.0,5914.0,6013.0,5874.0,1988.0,1968.0,1918.0,1972.0,1971.0,1971.0,1985.0,1968.0,1921.0,3915.0,3889.0,3925.0,1988.0,1968.0,1918.0,1972.0,1971.0,1971.0
0.0,11868.0,5870.0,5916.0,5874.0,5876.0,1955.0,1963.0,1958.0,1972.0,1973.0,1971.0,1955.0,1957.0,1958.0,3928.0,3945.0,3995.0,1955.0,1963.0,1958.0,1972.0,1973.0,1971.0
0.0,11872.0,5862.0,5916.0,5876.0,5862.0,1961.0,1956.0,1945.0,1972.0,1973.0,1971.0,1961.0,1956.0,1945.0,3961.0,3956.0,3955.0,1961.0,1956.0,1945.0,1972.0,1973.0,1971.0
0.0,11886.0,5913.0,5919.0,5862.0,5922.0,1972.0,1946.0,2004.0,1972.0,1974.0,1973.0,1972.0,1943.0,1998.0,3955.0,3963.0,3968.0,1972.0,1946.0,2004.0,1972.0,1974.0,1973.0
0.0,11835.0,5941.0,5921.0,5922.0,5947.0,1995.0,1936.0,2016.0,1974.0,1973.0,1974.0,1989.0,1939.0,2013.0,3944.0,3976.0,3915.0,1995.0,1936.0,2016.0,1974.0,1973.0,1974.0
0.0,11816.0,5907.0,5922.0,5947.0,5910.0,1959.0,1963.0,1988.0,1974.0,1973.0,1975.0,1959.0,1963.0,1985.0,3927.0,3983.0,3906.0,1959.0,1963.0,1988.0,1974.0,1973.0,1975.0
0.0,11856.0,5900.0,5920.0,5910.0,5894.0,1977.0,1972.0,1945.0,1974.0,1973.0,1973.0,1977.0,1972.0,1951.0,3963.0,3956.0,3937.0,1977.0,1972.0,1945.0,1974.0,1973.0,1973.0
0.0,11866.0,6061.0,5922.0,5894.0,6067.0,2022.0,2016.0,2029.0,1974.0,1974.0,1974.0,2022.0,2013.0,2026.0,3945.0,3947.0,3974.0,2022.0,2016.0,2029.0,1974.0,1974.0,1974.0
0.0,11699.0,6046.0,5927.0,6067.0,6061.0,2022.0,2025.0,2014.0,1976.0,1975.0,1976.0,2016.0,2022.0,2008.0,3900.0,3906.0,3893.0,2022.0,2025.0,2014.0,1976.0,1975.0,1976.0
0.0,11720.0,5949.0,5929.0,6061.0,5955.0,1982.0,2012.0,1961.0,1976.0,1977.0,1976.0,1982.0,2006.0,1961.0,3906.0,3900.0,3914.0,1982.0,2012.0,1961.0,1976.0,1977.0,1976.0
0.0,11832.0,6119.0,5932.0,5955.0,6128.0,2057.0,2044.0,2027.0,1978.0,1978.0,1976.0,2051.0,2041.0,2027.0,3946.0,3919.0,3967.0,2057.0,2044.0,2027.0,1978.0,1978.0,1976.0
0.0,11668.0,5959.0,5934.0,6128.0,5965.0,1986.0,1986.0,1993.0,1979.0,1978.0,1977.0,1983.0,1986.0,1990.0,3877.0,3890.0,3901.0,1986.0,1986.0,1993.0,1979.0,1978.0,1977.0
0.0,11837.0,6000.0,5935.0,5965.0,6003.0,1992.0,2018.0,1993.0,1979.0,1979.0,1977.0,1992.0,2015.0,1993.0,3951.0,3948.0,3938.0,1992.0,2018.0,1993.0,1979.0,1979.0,1977.0
0.0,11802.0,5933.0,5936.0,6003.0,5936.0,1998.0,1959.0,1979.0,1979.0,1979.0,1978.0,1998.0,1959.0,1976.0,3945.0,3919.0,3938.0,1998.0,1959.0,1979.0,1979.0,1979.0,1978.0
0.0,11872.0,6003.0,5938.0,5936.0,6009.0,2009.0,1983.0,2017.0,1980.0,1979.0,1979.0,2006.0,1983.0,2014.0,3939.0,3978.0,3955.0,2009.0,1983.0,2017.0,1980.0,1979.0,1979.0
0.0,11805.0,6065.0,5942.0,6009.0,6077.0,2036.0,2003.0,2038.0,1981.0,1980.0,1981.0,2033.0,2000.0,2032.0,3931.0,3954.0,3920.0,2036.0,2003.0,2038.0,1981.0,1980.0,1981.0
0.0,11749.0,5913.0,5943.0,6077.0,5916.0,1961.0,1967.0,1988.0,1981.0,1981.0,1981.0,1961.0,1964.0,1988.0,3907.0,3937.0,3905.0,1961.0,1967.0,1988.0,1981.0,1981.0,1981.0
0.0,11913.0,5803.0,5944.0,5916.0,5806.0,1919.0,1951.0,1936.0,1981.0,1981.0,1982.0,1919.0,1951.0,1933.0,3982.0,3976.0,3955.0,1919.0,1951.0,1936.0,1981.0,1981.0,1982.0
0.0,12026.0,6015.0,5946.0,5806.0,6021.0,1977.0,2033.0,2011.0,1981.0,1982.0,1983.0,1977.0,2030.0,2008.0,4024.0,3992.0,4010.0,1977.0,2033.0,2011.0,1981.0,1982.0,1983.0
0.0,11817.0,5959.0,5948.0,6021.0,5965.0,1996.0,1989.0,1980.0,1982.0,1983.0,1983.0,1993.0,1986.0,1980.0,3966.0,3913.0,3938.0,1996.0,1989.0,1980.0,1982.0,1983.0,1983.0
0.0,11879.0,5968.0,5947.0,5965.0,5965.0,2001.0,2002.0,1962.0,1982.0,1983.0,1982.0,2001.0,2002.0,1965.0,3950.0,3960.0,3969.0,2001.0,2002.0,1962.0,1982.0,1983.0,1982.0
0.0,11876.0,6046.0,5950.0,5965.0,6055.0,2027.0,2001.0,2027.0,1983.0,1984.0,1983.0,2024.0,1998.0,2024.0,3945.0,3947.0,3984.0,2027.0,2001.0,2027.0,1983.0,1984.0,1983.0
0.0,11795.0,5977.0,5950.0,6055.0,5977.0,2004.0,1987.0,1986.0,1983.0,1984.0,1983.0,2004.0,1987.0,1986.0,3922.0,3951.0,3922.0,2004.0,1987.0,1986.0,1983.0,1984.0,1983.0
0.0,11873.0,6003.0,5951.0,5977.0,6006.0,2014.0,1992.0,2000.0,1984.0,1984.0,1983.0,2011.0,1992.0,2000.0,3945.0,3965.0,3963.0,2014.0,1992.0,2000.0,1984.0,1984.0,1983.0
0.0,11847.0,5986.0,5950.0,6006.0,5983.0,1969.0,1991.0,2023.0,1983.0,1983.0,1984.0,1972.0,1994.0,2020.0,3938.0,3960.0,3949.0,1969.0,1991.0,2023.0,1983.0,1983.0,1984.0
0.0,11867.0,6076.0,5954.0,5983.0,6088.0,2041.0,2019.0,2028.0,1985.0,1984.0,1985.0,2035.0,2016.0,2025.0,3980.0,3958.0,3929.0,2041.0,2019.0,2028.0,1985.0,1984.0,1985.0
0.0,11774.0,6002.0,5957.0,6088.0,6011.0,2010.0,2011.0,1990.0,1986.0,1985.0,1986.0,2007.0,2008.0,1987.0,3914.0,3933.0,3927.0,2010.0,2011.0,1990.0,1986.0,1985.0,1986.0
0.0,11860.0,5979.0,5959.0,6011.0,5985.0,1999.0,1989.0,1997.0,1986.0,1986.0,1987.0,1999.0,1986.0,1994.0,3948.0,3944.0,3968.0,1999.0,1989.0,1997.0,1986.0,1986.0,1987.0
0.0,11892.0,5979.0,5961.0,5985.0,5985.0,1989.0,2000.0,1996.0,1987.0,1987.0,1987.0,1986.0,1997.0,1996.0,3959.0,3969.0,3964.0,1989.0,2000.0,1996.0,1987.0,1987.0,1987.0
0.0,11898.0,5928.0,5960.0,5985.0,5925.0,1983.0,1981.0,1961.0,1987.0,1987.0,1986.0,1983.0,1981.0,1964.0,3972.0,3961.0,3965.0,1983.0,1981.0,1961.0,1987.0,1987.0,1986.0
0.0,11955.0,5897.0,5962.0,5925.0,5903.0,1988.0,1965.0,1950.0,1988.0,1988.0,1986.0,1985.0,1962.0,1950.0,3978.0,3980.0,3997.0,1988.0,1965.0,1950.0,1988.0,1988.0,1986.0
0.0,11983.0,6040.0,5966.0,5903.0,6052.0,2016.0,2020.0,2016.0,1990.0,1989.0,1987.0,2010.0,2017.0,2013.0,3976.0,3999.0,4008.0,2016.0,2020.0,2016.0,1990.0,1989.0,1987.0
0.0,11846.0,6023.0,5966.0,6052.0,6023.0,2018.0,2001.0,2004.0,1990.0,1989.0,1987.0,2018.0,2001.0,2004.0,3954.0,3947.0,3945.0,2018.0,2001.0,2004.0,1990.0,1989.0,1987.0
0.0,11875.0,5983.0,5967.0,6023.0,5986.0,2014.0,2001.0,1971.0,1991.0,1989.0,1987.0,2011.0,2001.0,1971.0,3952.0,3966.0,3957.0,2014.0,2001.0,1971.0,1991.0,1989.0,1987.0
0.0,11915.0,6098.0,5969.0,5986.0,6104.0,2052.0,2055.0,1997.0,1992.0,1990.0,1987.0,2049.0,2052.0,1997.0,3959.0,3966.0,3990.0,2052.0,2055.0,1997.0,1992.0,1990.0,1987.0
0.0,11803.0,6016.0,5968.0,6104.0,6013.0,2008.0,1996.0,2009.0,1991.0,1990.0,1987.0,2011.0,1996.0,2009.0,3924.0,3915.0,3964.0,2008.0,1996.0,2009.0,1991.0,1990.0,1987.0
0.0,11891.0,5979.0,5967.0,6013.0,5976.0,1988.0,1996.0,1992.0,1991.0,1989.0,1987.0,1988.0,1999.0,1992.0,3965.0,3974.0,3952.0,1988.0,1996.0,1992.0,1991.0,1989.0,1987.0
0.0,11925.0,5983.0,5967.0,5976.0,5983.0,1987.0,1991.0,2005.0,1991.0,1989.0,1987.0,1987.0,1991.0,2005.0,3985.0,3971.0,3969.0,1987.0,1991.0,2005.0,1991.0,1989.0,1987.0
0.0,11918.0,6060.0,5967.0,5983.0,6060.0,2001.0,2015.0,2044.0,1991.0,1989.0,1987.0,2001.0,2015.0,2044.0,3986.0,3976.0,3956.0,2001.0,2015.0,2044.0,1991.0,1989.0,1987.0
0.0,11841.0,6017.0,5969.0,6060.0,6023.0,2017.0,1993.0,2013.0,1992.0,1989.0,1988.0,2014.0,1993.0,2010.0,3972.0,3952.0,3917.0,2017.0,1993.0,2013.0,1992.0,1989.0,1988.0
0.0,11884.0,5919.0,5971.0,6023.0,5925.0,2014.0,1930.0,1981.0,1993.0,1989.0,1989.0,2011.0,1930.0,1978.0,3959.0,3974.0,3951.0,2014.0,1930.0,1981.0,1993.0,1989.0,1989.0
0.0,11988.0,5983.0,5973.0,5925.0,5989.0,2013.0,1977.0,1999.0,1994.0,1989.0,1990.0,2010.0,1977.0,1996.0,3965.0,4037.0,3986.0,2013.0,1977.0,1999.0,1994.0,1989.0,1990.0
0.0,11930.0,5890.0,5974.0,5989.0,5893.0,1956.0,1959.0,1978.0,1994.0,1989.0,1991.0,1956.0,1959.0,1975.0,3969.0,3990.0,3971.0,1956.0,1959.0,1978.0,1994.0,1989.0,1991.0
0.0,12029.0,5871.0,5973.0,5893.0,5868.0,1947.0,1956.0,1965.0,1994.0,1989.0,1990.0,1947.0,1956.0,1968.0,4026.0,4008.0,3995.0,1947.0,1956.0,1965.0,1994.0,1989.0,1990.0
0.0,12051.0,5932.0,5974.0,5868.0,5935.0,1995.0,2001.0,1939.0,1995.0,1990.0,1989.0,1992.0,1998.0,1942.0,4035.0,4011.0,4005.0,1995.0,2001.0,1939.0,1995.0,1990.0,1989.0
0.0,11987.0,5974.0,5973.0,5935.0,5971.0,1973.0,2004.0,1994.0,1994.0,1990.0,1989.0,1976.0,2004.0,1994.0,3990.0,3969.0,4028.0,1973.0,2004.0,1994.0,1994.0,1990.0,1989.0
0.0,11948.0,6065.0,5976.0,5971.0,6074.0,2057.0,2006.0,2011.0,1995.0,1991.0,1990.0,2054.0,2003.0,2008.0,4009.0,3966.0,3973.0,2057.0,2006.0,2011.0,1995.0,1991.0,1990.0
0.0,11854.0,6071.0,5976.0,6074.0,6071.0,2030.0,2025.0,2016.0,1995.0,1991.0,1990.0,2030.0,2025.0,2016.0,3928.0,3967.0,3959.0,2030.0,2025.0,2016.0,1995.0,1991.0,1990.0
0.0,11857.0,5981.0,5976.0,6071.0,5981.0,2015.0,1959.0,2007.0,1995.0,1991.0,1990.0,2015.0,1959.0,2007.0,3955.0,3948.0,3954.0,2015.0,1959.0,2007.0,1995.0,1991.0,1990.0
0.0,11947.0,5986.0,5977.0,5981.0,5989.0,1993.0,1976.0,2020.0,1996.0,1990.0,1991.0,1990.0,1979.0,2017.0,3970.0,4014.0,3963.0,1993.0,1976.0,2020.0,1996.0,1990.0,1991.0
0.0,11942.0,6041.0,5978.0,5989.0,6044.0,2041.0,2004.0,1999.0,1997.0,1990.0,1991.0,2038.0,2004.0,1999.0,3995.0,3994.0,3953.0,2041.0,2004.0,1999.0,1997.0,1990.0,1991.0
0.0,11890.0,6020.0,5978.0,6044.0,6020.0,2000.0,2006.0,2014.0,1997.0,1989.0,1992.0,2000.0,2009.0,2011.0,3950.0,3966.0,3974.0,2000.0,2006.0,2014.0,1997.0,1989.0,1992.0
0.0,11914.0,6029.0,5981.0,6020.0,6038.0,2002.0,2005.0,2031.0,1997.0,1990.0,1994.0,2002.0,2002.0,2025.0,3991.0,3961.0,3962.0,2002.0,2005.0,2031.0,1997.0,1990.0,1994.0
0.0,11905.0,5946.0,5982.0,6038.0,5949.0,1994.0,1974.0,1981.0,1998.0,1990.0,1994.0,1991.0,1974.0,1981.0,3989.0,3965.0,3951.0,1994.0,1974.0,1981.0,1998.0,1990.0,1994.0
0.0,11997.0,6002.0,5985.0,5949.0,6011.0,2010.0,1996.0,2005.0,1999.0,1991.0,1995.0,2007.0,1993.0,2002.0,4000.0,3996.0,4001.0,2010.0,1996.0,2005.0,1999.0,1991.0,1995.0
0.0,11944.0,6031.0,5987.0,6011.0,6037.0,2035.0,2014.0,1988.0,2000.0,1992.0,1995.0,2032.0,2011.0,1988.0,3987.0,3977.0,3980.0,2035.0,2014.0,1988.0,2000.0,1992.0,1995.0
0.0,11924.0,5816.0,5985.0,6037.0,5810.0,1926.0,1932.0,1952.0,1999.0,1992.0,1994.0,1929.0,1932.0,1955.0,3965.0,3962.0,3997.0,1926.0,1932.0,1952.0,1999.0,1992.0,1994.0
0.0,12145.0,6022.0,5988.0,5810.0,6031.0,1999.0,2011.0,2021.0,2000.0,1993.0,1995.0,1996.0,2008.0,2018.0,4071.0,4044.0,4030.0,1999.0,2011.0,2021.0,2000.0,1993.0,1995.0
0.0,11933.0,5992.0,5989.0,6031.0,5995.0,2004.0,2005.0,1986.0,2000.0,1994.0,1995.0,2004.0,2002.0,1986.0,4001.0,3968.0,3964.0,2004.0,2005.0,1986.0,2000.0,1994.0,1995.0
0.0,11972.0,6057.0,5988.0,5995.0,6054.0,2035.0,2002.0,2017.0,2000.0,1993.0,1995.0,2035.0,2005.0,2017.0,3996.0,3977.0,3999.0,2035.0,2002.0,2017.0,2000.0,1993.0,1995.0
0.0,11910.0,6143.0,5990.0,6054.0,6149.0,2064.0,2020.0,2065.0,2001.0,1993.0,1996.0,2061.0,2020.0,2062.0,3965.0,3977.0,3968.0,2064.0,2020.0,2065.0,2001.0,1993.0,1996.0
0.0,11821.0,6143.0,5995.0,6149.0,6158.0,2061.0,2060.0,2037.0,2003.0,1994.0,1998.0,2055.0,2057.0,2031.0,3939.0,3959.0,3923.0,2061.0,2060.0,2037.0,2003.0,1994.0,1998.0
0.0,11827.0,6105.0,5994.0,6158.0,6102.0,2015.0,2039.0,2048.0,2002.0,1994.0,1998.0,2018.0,2039.0,2048.0,3948.0,3922.0,3957.0,2015.0,2039.0,2048.0,2002.0,1994.0,1998.0
0.0,11880.0,6118.0,5998.0,6102.0,6130.0,2015.0,2036.0,2079.0,2003.0,1995.0,2000.0,2012.0,2033.0,2073.0,3991.0,3943.0,3946.0,2015.0,2036.0,2079.0,2003.0,1995.0,2000.0
0.0,11864.0,6069.0,5999.0,6130.0,6072.0,1990.0,2042.0,2040.0,2003.0,1996.0,2000.0,1990.0,2039.0,2040.0,3994.0,3949.0,3921.0,1990.0,2042.0,2040.0,2003.0,1996.0,2000.0
0.0,11925.0,6038.0,6001.0,6072.0,6044.0,2012.0,2013.0,2019.0,2003.0,1997.0,2001.0,2012.0,2010.0,2016.0,4019.0,3946.0,3960.0,2012.0,2013.0,2019.0,2003.0,1997.0,2001.0
0.0,11959.0,5962.0,6001.0,6044.0,5962.0,1997.0,1984.0,1981.0,2003.0,1997.0,2001.0,1997.0,1984.0,1981.0,3997.0,3978.0,3984.0,1997.0,1984.0,1981.0,2003.0,1997.0,2001.0
0.0,12041.0,5955.0,5999.0,5962.0,5949.0,1985.0,1992.0,1972.0,2002.0,1997.0,2000.0,1988.0,1992.0,1975.0,4012.0,4007.0,4022.0,1985.0,1992.0,1972.0,2002.0,1997.0,2000.0
0.0,12048.0,5966.0,5999.0,5949.0,5966.0,2011.0,1980.0,1975.0,2003.0,1997.0,1999.0,2008.0,1980.0,1978.0,4021.0,3999.0,4028.0,2011.0,1980.0,1975.0,2003.0,1997.0,1999.0
0.0,12031.0,5945.0,6002.0,5966.0,5954.0,1971.0,1977.0,2006.0,2004.0,1997.0,2001.0,1968.0,1977.0,2000.0,3998.0,4011.0,4022.0,1971.0,1977.0,2006.0,2004.0,1997.0,2001.0
0.0,12052.0,6011.0,6002.0,5954.0,6011.0,1993.0,2012.0,2006.0,2004.0,1997.0,2001.0,1993.0,2012.0,2006.0,4041.0,4014.0,3997.0,1993.0,2012.0,2006.0,2004.0,1997.0,2001.0
0.0,11995.0,6164.0,6005.0,6011.0,6173.0,2064.0,2040.0,2069.0,2005.0,1998.0,2002.0,2061.0,2037.0,2066.0,4019.0,3979.0,3997.0,2064.0,2040.0,2069.0,2005.0,1998.0,2002.0
0.0,11842.0,6124.0,6009.0,6173.0,6136.0,2023.0,2043.0,2070.0,2006.0,1999.0,2004.0,2020.0,2040.0,2064.0,3951.0,3954.0,3937.0,2023.0,2043.0,2070.0,2006.0,1999.0,2004.0
0.0,11891.0,6182.0,6011.0,6136.0,6188.0,2063.0,2041.0,2084.0,2006.0,2000.0,2005.0,2063.0,2038.0,2081.0,3995.0,3954.0,3942.0,2063.0,2041.0,2084.0,2006.0,2000.0,2005.0
0.0,11845.0,6127.0,6015.0,6188.0,6139.0,2029.0,2046.0,2064.0,2007.0,2001.0,2007.0,2026.0,2043.0,2058.0,3955.0,3959.0,3931.0,2029.0,2046.0,2064.0,2007.0,2001.0,2007.0
0.0,11906.0,6096.0,6016.0,6139.0,6099.0,2009.0,2049.0,2041.0,2007.0,2002.0,2007.0,2009.0,2046.0,2041.0,3992.0,3957.0,3957.0,2009.0,2049.0,2041.0,2007.0,2002.0,2007.0
0.0,11949.0,6091.0,6018.0,6099.0,6097.0,2017.0,2029.0,2051.0,2008.0,2002.0,2008.0,2014.0,2029.0,2048.0,4012.0,3957.0,3980.0,2017.0,2029.0,2051.0,2008.0,2002.0,2008.0
0.0,11957.0,6103.0,6018.0,6097.0,6103.0,2059.0,2023.0,2021.0,2008.0,2002.0,2008.0,2059.0,2023.0,2021.0,4007.0,3977.0,3973.0,2059.0,2023.0,2021.0,2008.0,2002.0,2008.0
0.0,11951.0,5942.0,6017.0,6103.0,5939.0,2008.0,1967.0,1964.0,2008.0,2002.0,2007.0,2008.0,1967.0,1967.0,3965.0,3983.0,4003.0,2008.0,1967.0,1964.0,2008.0,2002.0,2007.0
0.0,12112.0,6001.0,6017.0,5939.0,6001.0,2006.0,2011.0,1984.0,2008.0,2002.0,2007.0,2006.0,2011.0,1984.0,4016.0,4039.0,4057.0,2006.0,2011.0,1984.0,2008.0,2002.0,2007.0
0.0,12050.0,5958.0,6017.0,6001.0,5958.0,2008.0,2005.0,1945.0,2009.0,2002.0,2006.0,2005.0,2005.0,1948.0,4018.0,3995.0,4037.0,2008.0,2005.0,1945.0,2009.0,2002.0,2006.0
0.0,12093.0,5981.0,6018.0,5958.0,5984.0,1943.0,2037.0,2004.0,2008.0,2003.0,2007.0,1946.0,2034.0,2001.0,4019.0,4001.0,4073.0,1943.0,2037.0,2004.0,2008.0,2003.0,2007.0
0.0,12070.0,5986.0,6020.0,5984.0,5992.0,1977.0,2008.0,2007.0,2008.0,2004.0,2008.0,1977.0,2005.0,2004.0,4081.0,3972.0,4017.0,1977.0,2008.0,2007.0,2008.0,2004.0,2008.0
0.0,12068.0,6137.0,6022.0,5992.0,6143.0,2026.0,2053.0,2064.0,2008.0,2005.0,2009.0,2026.0,2050.0,2061.0,4047.0,4004.0,4017.0,2026.0,2053.0,2064.0,2008.0,2005.0,2009.0
0.0,11923.0,6125.0,6024.0,6143.0,6131.0,2051.0,2032.0,2048.0,2009.0,2005.0,2010.0,2048.0,2032.0,2045.0,3998.0,3962.0,3963.0,2051.0,2032.0,2048.0,2009.0,2005.0,2010.0
0.0,11941.0,6095.0,6026.0,6131.0,6101.0,2031.0,2021.0,2049.0,2009.0,2006.0,2011.0,2031.0,2018.0,2046.0,3976.0,3983.0,3982.0,2031.0,2021.0,2049.0,2009.0,2006.0,2011.0
0.0,11977.0,6064.0,6025.0,6101.0,6061.0,2017.0,1999.0,2045.0,2008.0,2005.0,2012.0,2020.0,2002.0,2042.0,3996.0,3997.0,3984.0,2017.0,1999.0,2045.0,2008.0,2005.0,2012.0
0.0,12014.0,6156.0,6028.0,6061.0,6165.0,2042.0,2054.0,2069.0,2009.0,2006.0,2013.0,2039.0,2051.0,2066.0,4007.0,4016.0,3991.0,2042.0,2054.0,2069.0,2009.0,2006.0,2013.0
0.0,11919.0,6111.0,6031.0,6165.0,6120.0,2030.0,2056.0,2034.0,2010.0,2007.0,2014.0,2027.0,2053.0,2031.0,3985.0,3964.0,3970.0,2030.0,2056.0,2034.0,2010.0,2007.0,2014.0
0.0,11973.0,6164.0,6034.0,6120.0,6173.0,2048.0,2064.0,2061.0,2011.0,2008.0,2015.0,2045.0,2061.0,2058.0,4000.0,3965.0,4008.0,2048.0,2064.0,2061.0,2011.0,2008.0,2015.0
0.0,11929.0,6127.0,6035.0,6173.0,6130.0,2024.0,2072.0,2034.0,2011.0,2009.0,2015.0,2024.0,2069.0,2034.0,3985.0,3960.0,3984.0,2024.0,2072.0,2034.0,2011.0,2009.0,2015.0
0.0,11975.0,6048.0,6037.0,6130.0,6054.0,2037.0,2017.0,2000.0,2012.0,2010.0,2015.0,2034.0,2014.0,2000.0,4009.0,3955.0,4011.0,2037.0,2017.0,2000.0,2012.0,2010.0,2015.0
0.0,12057.0,6115.0,6039.0,6054.0,6121.0,2042.0,2060.0,2019.0,2012.0,2012.0,2015.0,2042.0,2054.0,2019.0,3999.0,4013.0,4045.0,2042.0,2060.0,2019.0,2012.0,2012.0,2015.0
0.0,11996.0,6109.0,6042.0,6121.0,6118.0,2040.0,2040.0,2038.0,2013.0,2013.0,2016.0,2037.0,2037.0,2035.0,3994.0,3976.0,4026.0,2040.0,2040.0,2038.0,2013.0,2013.0,2016.0
0.0,12008.0,6036.0,6045.0,6118.0,6045.0,2010.0,1996.0,2039.0,2014.0,2014.0,2017.0,2007.0,1993.0,2036.0,3999.0,3999.0,4010.0,2010.0,1996.0,2039.0,2014.0,2014.0,2017.0
0.0,12090.0,5978.0,6046.0,6045.0,5981.0,1973.0,1975.0,2033.0,2014.0,2014.0,2018.0,1973.0,1975.0,2030.0,4032.0,4046.0,4012.0,1973.0,1975.0,2033.0,2014.0,2014.0,2018.0
0.0,12157.0,5993.0,6048.0,5981.0,5999.0,1994.0,1991.0,2014.0,2014.0,2014.0,2020.0,1994.0,1991.0,2008.0,4069.0,4067.0,4021.0,1994.0,1991.0,2014.0,2014.0,2014.0,2020.0
0.0,12145.0,6126.0,6051.0,5999.0,6135.0,2035.0,2047.0,2053.0,2015.0,2015.0,2021.0,2032.0,2044.0,2050.0,4048.0,4051.0,4046.0,2035.0,2047.0,2053.0,2015.0,2015.0,2021.0
0.0,12018.0,6192.0,6054.0,6135.0,6201.0,2072.0,2045.0,2084.0,2016.0,2016.0,2022.0,2069.0,2042.0,2081.0,4010.0,3998.0,4010.0,2072.0,2045.0,2084.0,2016.0,2016.0,2022.0
0.0,11961.0,6183.0,6056.0,6201.0,6189.0,2091.0,2050.0,2048.0,2017.0,2016.0,2023.0,2088.0,2050.0,2045.0,3976.0,4003.0,3982.0,2091.0,2050.0,2048.0,2017.0,2016.0,2023.0
0.0,11979.0,6163.0,6059.0,6189.0,6172.0,2052.0,2067.0,2053.0,2017.0,2018.0,2024.0,2052.0,2061.0,2050.0,3960.0,3998.0,4021.0,2052.0,2067.0,2053.0,2017.0,2018.0,2024.0
0.0,12005.0,6011.0,6059.0,6172.0,6011.0,1991.0,2027.0,1993.0,2017.0,2019.0,2023.0,1991.0,2024.0,1996.0,3999.0,3987.0,4019.0,1991.0,2027.0,1993.0,2017.0,2019.0,2023.0
0.0,12166.0,6203.0,6062.0,6011.0,6212.0,2079.0,2066.0,2067.0,2018.0,2020.0,2024.0,2076.0,2063.0,2064.0,4060.0,4030.0,4076.0,2079.0,2066.0,2067.0,2018.0,2020.0,2024.0
0.0,11974.0,6119.0,6065.0,6212.0,6128.0,2078.0,2039.0,2011.0,2020.0,2021.0,2024.0,2072.0,2036.0,2011.0,3975.0,3994.0,4005.0,2078.0,2039.0,2011.0,2020.0,2021.0,2024.0
0.0,12067.0,6157.0,6066.0,6128.0,6160.0,2043.0,2045.0,2072.0,2020.0,2021.0,2025.0,2043.0,2045.0,2069.0,3982.0,4024.0,4061.0,2043.0,2045.0,2072.0,2020.0,2021.0,2025.0
0.0,12038.0,6019.0,6069.0,6160.0,6028.0,2020.0,2005.0,2003.0,2021.0,2022.0,2026.0,2017.0,2002.0,2000.0,4017.0,4018.0,4003.0,2020.0,2005.0,2003.0,2021.0,2022.0,2026.0
0.0,12179.0,6048.0,6069.0,6028.0,6048.0,2028.0,2017.0,2003.0,2021.0,2022.0,2026.0,2028.0,2017.0,2003.0,4043.0,4061.0,4075.0,2028.0,2017.0,2003.0,2021.0,2022.0,2026.0
0.0,12159.0,6181.0,6073.0,6048.0,6193.0,2048.0,2083.0,2062.0,2022.0,2024.0,2027.0,2045.0,2077.0,2059.0,4035.0,4049.0,4075.0,2048.0,2083.0,2062.0,2022.0,2024.0,2027.0
0.0,12026.0,6004.0,6076.0,6193.0,6013.0,1986.0,2023.0,2004.0,2023.0,2025.0,2028.0,1983.0,2020.0,2001.0,4018.0,3989.0,4019.0,1986.0,2023.0,2004.0,2023.0,2025.0,2028.0
0.0,12215.0,6116.0,6078.0,6013.0,6122.0,2033.0,2035.0,2054.0,2023.0,2026.0,2029.0,2033.0,2032.0,2051.0,4083.0,4052.0,4080.0,2033.0,2035.0,2054.0,2023.0,2026.0,2029.0
0.0,12112.0,6194.0,6081.0,6122.0,6203.0,2062.0,2074.0,2067.0,2024.0,2027.0,2030.0,2059.0,2071.0,2064.0,4036.0,4043.0,4033.0,2062.0,2074.0,2067.0,2024.0,2027.0,2030.0
0.0,12040.0,6246.0,6085.0,6203.0,6258.0,2102.0,2073.0,2083.0,2026.0,2028.0,2031.0,2096.0,2070.0,2080.0,4010.0,4007.0,4023.0,2102.0,2073.0,2083.0,2026.0,2028.0,2031.0
0.0,11997.0,6195.0,6087.0,6258.0,6201.0,2067.0,2057.0,2077.0,2026.0,2029.0,2032.0,2067.0,2054.0,2074.0,3976.0,4011.0,4010.0,2067.0,2057.0,2077.0,2026.0,2029.0,2032.0
0.0,12060.0,6199.0,6087.0,6201.0,6199.0,2073.0,2078.0,2048.0,2026.0,2029.0,2032.0,2073.0,2078.0,2048.0,4011.0,4030.0,4019.0,2073.0,2078.0,2048.0,2026.0,2029.0,2032.0
0.0,12062.0,6069.0,6086.0,6199.0,6066.0,2042.0,2014.0,2010.0,2026.0,2029.0,2031.0,2042.0,2014.0,2013.0,4005.0,4009.0,4048.0,2042.0,2014.0,2010.0,2026.0,2029.0,2031.0
0.0,12192.0,6195.0,6088.0,6066.0,6201.0,2059.0,2086.0,2056.0,2027.0,2030.0,2031.0,2056.0,2083.0,2056.0,4036.0,4073.0,4083.0,2059.0,2086.0,2056.0,2027.0,2030.0,2031.0
0.0,12063.0,6089.0,6089.0,6201.0,6092.0,2065.0,2031.0,1996.0,2029.0,2030.0,2030.0,2059.0,2031.0,1999.0,4022.0,4004.0,4037.0,2065.0,2031.0,1996.0,2029.0,2030.0,2030.0
0.0,12175.0,6113.0,6090.0,6092.0,6116.0,2039.0,2068.0,2009.0,2029.0,2031.0,2030.0,2039.0,2065.0,2009.0,4022.0,4059.0,4094.0,2039.0,2068.0,2009.0,2029.0,2031.0,2030.0
0.0,12154.0,6179.0,6093.0,6116.0,6188.0,2069.0,2075.0,2044.0,2030.0,2032.0,2031.0,2066.0,2072.0,2041.0,4048.0,4025.0,4081.0,2069.0,2075.0,2044.0,2030.0,2032.0,2031.0
0.0,12091.0,6136.0,6097.0,6188.0,6148.0,2072.0,2046.0,2030.0,2032.0,2033.0,2032.0,2066.0,2043.0,2027.0,4021.0,4021.0,4049.0,2072.0,2046.0,2030.0,2032.0,2033.0,2032.0
0.0,12143.0,6076.0,6100.0,6148.0,6085.0,2012.0,2012.0,2061.0,2032.0,2034.0,2034.0,2012.0,2009.0,2055.0,4024.0,4053.0,4066.0,2012.0,2012.0,2061.0,2032.0,2034.0,2034.0
0.0,12215.0,6060.0,6101.0,6085.0,6063.0,2023.0,2001.0,2039.0,2033.0,2034.0,2034.0,2020.0,2001.0,2039.0,4084.0,4090.0,4041.0,2023.0,2001.0,2039.0,2033.0,2034.0,2034.0
0.0,12240.0,6002.0,6102.0,6063.0,6005.0,1978.0,1988.0,2039.0,2033.0,2034.0,2035.0,1978.0,1988.0,2036.0,4076.0,4101.0,4063.0,1978.0,1988.0,2039.0,2033.0,2034.0,2035.0
0.0,12301.0,6067.0,6099.0,6005.0,6058.0,2019.0,1997.0,2042.0,2032.0,2033.0,2034.0,2022.0,2000.0,2045.0,4121.0,4114.0,4066.0,2019.0,1997.0,2042.0,2032.0,2033.0,2034.0
0.0,12239.0,6249.0,6103.0,6058.0,6261.0,2107.0,2078.0,2076.0,2034.0,2034.0,2035.0,2101.0,2075.0,2073.0,4077.0,4102.0,4060.0,2107.0,2078.0,2076.0,2034.0,2034.0,2035.0
0.0,12048.0,6270.0,6103.0,6261.0,6270.0,2104.0,2101.0,2065.0,2034.0,2035.0,2034.0,2104.0,2098.0,2068.0,3995.0,4024.0,4029.0,2104.0,2101.0,2065.0,2034.0,2035.0,2034.0
0.0,12039.0,6153.0,6105.0,6270.0,6159.0,2065.0,2080.0,2014.0,2035.0,2036.0,2034.0,2062.0,2077.0,2014.0,3998.0,4004.0,4037.0,2065.0,2080.0,2014.0,2035.0,2036.0,2034.0
0.0,12156.0,6189.0,6107.0,6159.0,6195.0,2045.0,2102.0,2048.0,2036.0,2037.0,2034.0,2042.0,2099.0,2048.0,4040.0,4028.0,4088.0,2045.0,2102.0,2048.0,2036.0,2037.0,2034.0
0.0,12126.0,6182.0,6108.0,6195.0,6185.0,2032.0,2090.0,2063.0,2036.0,2038.0,2034.0,2032.0,2087.0,2063.0,4063.0,4009.0,4054.0,2032.0,2090.0,2063.0,2036.0,2038.0,2034.0
0.0,12139.0,6094.0,6108.0,6185.0,6094.0,2033.0,2017.0,2044.0,2036.0,2038.0,2034.0,2033.0,2017.0,2044.0,4076.0,4024.0,4039.0,2033.0,2017.0,2044.0,2036.0,2038.0,2034.0
0.0,12230.0,6166.0,6112.0,6094.0,6178.0,2072.0,2046.0,2060.0,2037.0,2039.0,2036.0,2069.0,2043.0,2054.0,4075.0,4097.0,4058.0,2072.0,2046.0,2060.0,2037.0,2039.0,2036.0
0.0,12158.0,6010.0,6113.0,6178.0,6013.0,2026.0,1972.0,2015.0,2037.0,2039.0,2037.0,2026.0,1972.0,2012.0,4039.0,4071.0,4048.0,2026.0,1972.0,2015.0,2037.0,2039.0,2037.0
0.0,12326.0,6177.0,6117.0,6013.0,6189.0,2097.0,2037.0,2055.0,2039.0,2039.0,2039.0,2091.0,2037.0,2049.0,4085.0,4145.0,4096.0,2097.0,2037.0,2055.0,2039.0,2039.0,2039.0
0.0,12162.0,6094.0,6118.0,6189.0,6097.0,2018.0,2043.0,2036.0,2040.0,2039.0,2039.0,2015.0,2043.0,2036.0,4020.0,4080.0,4062.0,2018.0,2043.0,2036.0,2040.0,2039.0,2039.0
0.0,12257.0,6095.0,6120.0,6097.0,6101.0,1996.0,2053.0,2052.0,2040.0,2040.0,2040.0,1996.0,2050.0,2049.0,4102.0,4074.0,4081.0,1996.0,2053.0,2052.0,2040.0,2040.0,2040.0
0.0,12259.0,6075.0,6120.0,6101.0,6075.0,1994.0,2043.0,2038.0,2040.0,2040.0,2040.0,1994.0,2043.0,2038.0,4124.0,4067.0,4068.0,1994.0,2043.0,2038.0,2040.0,2040.0,2040.0
0.0,12285.0,6071.0,6118.0,6075.0,6065.0,2023.0,2036.0,2006.0,2039.0,2040.0,2039.0,2026.0,2036.0,2009.0,4126.0,4077.0,4082.0,2023.0,2036.0,2006.0,2039.0,2040.0,2039.0
0.0,12289.0,6136.0,6120.0,6065.0,6142.0,2057.0,2045.0,2040.0,2040.0,2041.0,2039.0,2054.0,2042.0,2040.0,4094.0,4084.0,4111.0,2057.0,2045.0,2040.0,2040.0,2041.0,2039.0
0.0,12218.0,6240.0,6122.0,6142.0,6246.0,2104.0,2101.0,2041.0,2041.0,2042.0,2039.0,2101.0,2098.0,2041.0,4063.0,4078.0,4077.0,2104.0,2101.0,2041.0,2041.0,2042.0,2039.0
0.0,12120.0,6252.0,6124.0,6246.0,6258.0,2097.0,2087.0,2074.0,2042.0,2043.0,2039.0,2094.0,2084.0,2074.0,4019.0,4025.0,4076.0,2097.0,2087.0,2074.0,2042.0,2043.0,2039.0
0.0,12114.0,6160.0,6125.0,6258.0,6163.0,2074.0,2045.0,2044.0,2043.0,2043.0,2039.0,2071.0,2045.0,2044.0,4029.0,4042.0,4043.0,2074.0,2045.0,2044.0,2043.0,2043.0,2039.0
0.0,12212.0,6254.0,6127.0,6163.0,6260.0,2099.0,2080.0,2081.0,2044.0,2043.0,2040.0,2096.0,2080.0,2078.0,4055.0,4084.0,4073.0,2099.0,2080.0,2081.0,2044.0,2043.0,2040.0
0.0,12121.0,6160.0,6128.0,6260.0,6163.0,2066.0,2046.0,2051.0,2045.0,2043.0,2040.0,2063.0,2046.0,2051.0,4033.0,4049.0,4039.0,2066.0,2046.0,2051.0,2045.0,2043.0,2040.0
0.0,12221.0,6221.0,6131.0,6163.0,6230.0,2058.0,2078.0,2094.0,2045.0,2044.0,2042.0,2058.0,2075.0,2088.0,4069.0,4083.0,4069.0,2058.0,2078.0,2094.0,2045.0,2044.0,2042.0
0.0,12163.0,6199.0,6133.0,6230.0,6205.0,2085.0,2053.0,2067.0,2046.0,2044.0,2043.0,2082.0,2053.0,2064.0,4077.0,4054.0,4032.0,2085.0,2053.0,2067.0,2046.0,2044.0,2043.0
0.0,12194.0,6199.0,6134.0,6205.0,6202.0,2081.0,2058.0,2063.0,2047.0,2044.0,2043.0,2078.0,2058.0,2063.0,4053.0,4079.0,4062.0,2081.0,2058.0,2063.0,2047.0,2044.0,2043.0
0.0,12200.0,6115.0,6136.0,6202.0,6121.0,2012.0,2075.0,2034.0,2047.0,2046.0,2043.0,2012.0,2069.0,2034.0,4060.0,4074.0,4066.0,2012.0,2075.0,2034.0,2047.0,2046.0,2043.0
0.0,12287.0,6074.0,6138.0,6121.0,6080.0,2029.0,2030.0,2021.0,2048.0,2047.0,2043.0,2026.0,2027.0,2021.0,4129.0,4063.0,4095.0,2029.0,2030.0,2021.0,2048.0,2047.0,2043.0
0.0,12334.0,6195.0,6142.0,6080.0,6207.0,2073.0,2074.0,2060.0,2050.0,2048.0,2044.0,2067.0,2071.0,2057.0,4115.0,4111.0,4108.0,2073.0,2074.0,2060.0,2050.0,2048.0,2044.0
0.0,12219.0,6167.0,6143.0,6207.0,6170.0,2089.0,2031.0,2050.0,2051.0,2048.0,2044.0,2086.0,2031.0,2050.0,4077.0,4070.0,4072.0,2089.0,2031.0,2050.0,2051.0,2048.0,2044.0
0.0,12259.0,6197.0,6142.0,6170.0,6194.0,2092.0,2055.0,2047.0,2051.0,2048.0,2043.0,2092.0,2055.0,2050.0,4064.0,4113.0,4082.0,2092.0,2055.0,2047.0,2051.0,2048.0,2043.0
0.0,12232.0,6266.0,6144.0,6194.0,6272.0,2109.0,2076.0,2087.0,2051.0,2049.0,2044.0,2109.0,2073.0,2084.0,4061.0,4089.0,4082.0,2109.0,2076.0,2087.0,2051.0,2049.0,2044.0
0.0,12160.0,6153.0,6144.0,6272.0,6153.0,2033.0,2082.0,2038.0,2051.0,2049.0,2044.0,2033.0,2082.0,2038.0,4044.0,4071.0,4045.0,2033.0,2082.0,2038.0,2051.0,2049.0,2044.0
0.0,12279.0,6170.0,6147.0,6153.0,6179.0,2041.0,2064.0,2074.0,2052.0,2050.0,2045.0,2038.0,2061.0,2071.0,4120.0,4065.0,4094.0,2041.0,2064.0,2074.0,2052.0,2050.0,2045.0
0.0,12262.0,6288.0,6149.0,6179.0,6294.0,2062.0,2117.0,2115.0,2052.0,2051.0,2046.0,2062.0,2114.0,2112.0,4115.0,4086.0,4061.0,2062.0,2117.0,2115.0,2052.0,2051.0,2046.0
0.0,12153.0,6144.0,6149.0,6294.0,6144.0,2023.0,2052.0,2069.0,2051.0,2051.0,2047.0,2026.0,2052.0,2066.0,4094.0,4036.0,4023.0,2023.0,2052.0,2069.0,2051.0,2051.0,2047.0
0.0,12303.0,6131.0,6149.0,6144.0,6131.0,2047.0,2036.0,2048.0,2051.0,2051.0,2047.0,2047.0,2036.0,2048.0,4130.0,4101.0,4072.0,2047.0,2036.0,2048.0,2051.0,2051.0,2047.0
0.0,12316.0,6125.0,6151.0,6131.0,6131.0,2041.0,2038.0,2052.0,2051.0,2052.0,2048.0,2041.0,2035.0,2049.0,4106.0,4117.0,4093.0,2041.0,2038.0,2052.0,2051.0,2052.0,2048.0
0.0,12322.0,6061.0,6150.0,6131.0,6058.0,2029.0,2001.0,2028.0,2051.0,2051.0,2048.0,2029.0,2004.0,2028.0,4112.0,4118.0,4092.0,2029.0,2001.0,2028.0,2051.0,2051.0,2048.0
0.0,12392.0,6041.0,6148.0,6058.0,6035.0,2025.0,2004.0,2006.0,2051.0,2050.0,2047.0,2025.0,2007.0,2009.0,4124.0,4152.0,4116.0,2025.0,2004.0,2006.0,2051.0,2050.0,2047.0
0.0,12409.0,6234.0,6153.0,6035.0,6249.0,2070.0,2079.0,2100.0,2053.0,2051.0,2049.0,2064.0,2076.0,2094.0,4128.0,4146.0,4135.0,2070.0,2079.0,2100.0,2053.0,2051.0,2049.0
0.0,12210.0,5991.0,6151.0,6249.0,5985.0,1990.0,2018.0,1977.0,2052.0,2051.0,2048.0,1993.0,2018.0,1980.0,4089.0,4074.0,4047.0,1990.0,2018.0,1977.0,2052.0,2051.0,2048.0
0.0,12468.0,6186.0,6150.0,5985.0,6183.0,2069.0,2078.0,2036.0,2052.0,2051.0,2047.0,2069.0,2078.0,2039.0,4166.0,4135.0,4167.0,2069.0,2078.0,2036.0,2052.0,2051.0,2047.0
0.0,12267.0,6315.0,6152.0,6183.0,6321.0,2098.0,2118.0,2105.0,2052.0,2052.0,2048.0,2098.0,2115.0,2102.0,4087.0,4075.0,4105.0,2098.0,2118.0,2105.0,2052.0,2052.0,2048.0
0.0,12135.0,6254.0,6153.0,6321.0,6257.0,2102.0,2095.0,2060.0,2053.0,2053.0,2047.0,2099.0,2092.0,2063.0,4058.0,4038.0,4039.0,2102.0,2095.0,2060.0,2053.0,2053.0,2047.0
0.0,12202.0,6206.0,6153.0,6257.0,6206.0,2079.0,2082.0,2045.0,2053.0,2053.0,2047.0,2079.0,2082.0,2045.0,4057.0,4064.0,4081.0,2079.0,2082.0,2045.0,2053.0,2053.0,2047.0
0.0,12253.0,6202.0,6155.0,6206.0,6208.0,2038.0,2044.0,2126.0,2053.0,2053.0,2049.0,2038.0,2044.0,2120.0,4080.0,4077.0,4096.0,2038.0,2044.0,2126.0,2053.0,2053.0,2049.0
0.0,12257.0,6350.0,6158.0,6208.0,6359.0,2080.0,2111.0,2168.0,2053.0,2054.0,2051.0,2080.0,2108.0,2162.0,4121.0,4115.0,4021.0,2080.0,2111.0,2168.0,2053.0,2054.0,2051.0
0.0,12115.0,6076.0,6157.0,6359.0,6073.0,2018.0,2006.0,2049.0,2052.0,2053.0,2052.0,2021.0,2009.0,2046.0,4079.0,4051.0,3985.0,2018.0,2006.0,2049.0,2052.0,2053.0,2052.0
0.0,12398.0,6221.0,6160.0,6073.0,6230.0,2080.0,2058.0,2092.0,2053.0,2053.0,2054.0,2077.0,2058.0,2086.0,4138.0,4153.0,4107.0,2080.0,2058.0,2092.0,2053.0,2053.0,2054.0
0.0,12250.0,6129.0,6160.0,6230.0,6129.0,2036.0,2037.0,2056.0,2053.0,2053.0,2054.0,2036.0,2037.0,2056.0,4079.0,4101.0,4070.0,2036.0,2037.0,2056.0,2053.0,2053.0,2054.0
0.0,12351.0,6111.0,6160.0,6129.0,6111.0,2009.0,2043.0,2059.0,2052.0,2053.0,2055.0,2012.0,2043.0,2056.0,4123.0,4122.0,4106.0,2009.0,2043.0,2059.0,2052.0,2053.0,2055.0
0.0,12369.0,6019.0,6157.0,6111.0,6010.0,1998.0,1995.0,2017.0,2051.0,2052.0,2054.0,2001.0,1998.0,2020.0,4147.0,4116.0,4106.0,1998.0,1995.0,2017.0,2051.0,2052.0,2054.0
0.0,12461.0,6098.0,6158.0,6010.0,6101.0,2019.0,2062.0,2020.0,2051.0,2053.0,2054.0,2019.0,2059.0,2020.0,4155.0,4161.0,4145.0,2019.0,2062.0,2020.0,2051.0,2053.0,2054.0
0.0,12373.0,6145.0,6161.0,6101.0,6154.0,2042.0,2076.0,2036.0,2052.0,2055.0,2054.0,2039.0,2070.0,2036.0,4134.0,4097.0,4142.0,2042.0,2076.0,2036.0,2052.0,2055.0,2054.0
0.0,12329.0,6162.0,6163.0,6154.0,6168.0,2045.0,2062.0,2061.0,2053.0,2056.0,2054.0,2042.0,2059.0,2061.0,4114.0,4089.0,4126.0,2045.0,2062.0,2061.0,2053.0,2056.0,2054.0
0.0,12321.0,6205.0,6163.0,6168.0,6205.0,2094.0,2059.0,2052.0,2053.0,2056.0,2054.0,2094.0,2059.0,2052.0,4114.0,4106.0,4101.0,2094.0,2059.0,2052.0,2053.0,2056.0,2054.0
0.0,12284.0,6269.0,6162.0,6205.0,6266.0,2088.0,2092.0,2086.0,2052.0,2056.0,2054.0,2091.0,2092.0,2086.0,4065.0,4109.0,4110.0,2088.0,2092.0,2086.0,2052.0,2056.0,2054.0
0.0,12220.0,6248.0,6164.0,6266.0,6254.0,2076.0,2078.0,2100.0,2053.0,2056.0,2055.0,2073.0,2078.0,2097.0,4068.0,4076.0,4076.0,2076.0,2078.0,2100.0,2053.0,2056.0,2055.0
0.0,12238.0,6281.0,6165.0,6254.0,6284.0,2083.0,2098.0,2103.0,2053.0,2056.0,2056.0,2083.0,2098.0,2100.0,4083.0,4090.0,4065.0,2083.0,2098.0,2103.0,2053.0,2056.0,2056.0
0.0,12211.0,6236.0,6167.0,6284.0,6242.0,2070.0,2082.0,2090.0,2054.0,2056.0,2057.0,2067.0,2082.0,2087.0,4076.0,4070.0,4065.0,2070.0,2082.0,2090.0,2054.0,2056.0,2057.0
0.0,12259.0,6163.0,6169.0,6242.0,6169.0,2061.0,2073.0,2035.0,2055.0,2057.0,2057.0,2058.0,2070.0,2035.0,4092.0,4086.0,4081.0,2061.0,2073.0,2035.0,2055.0,2057.0,2057.0
0.0,12338.0,6287.0,6170.0,6169.0,6290.0,2106.0,2085.0,2099.0,2055.0,2057.0,2058.0,2106.0,2085.0,2096.0,4104.0,4098.0,4136.0,2106.0,2085.0,2099.0,2055.0,2057.0,2058.0
0.0,12220.0,6256.0,6176.0,6290.0,6274.0,2103.0,2105.0,2066.0,2057.0,2060.0,2059.0,2097.0,2096.0,2063.0,4059.0,4086.0,4075.0,2103.0,2105.0,2066.0,2057.0,2060.0,2059.0
0.0,12254.0,6105.0,6173.0,6274.0,6096.0,2068.0,2007.0,2021.0,2056.0,2059.0,2058.0,2071.0,2010.0,2024.0,4068.0,4075.0,4111.0,2068.0,2007.0,2021.0,2056.0,2059.0,2058.0
0.0,12423.0,6137.0,6174.0,6096.0,6140.0,2060.0,2039.0,2041.0,2057.0,2059.0,2058.0,2057.0,2039.0,2041.0,4100.0,4170.0,4153.0,2060.0,2039.0,2041.0,2057.0,2059.0,2058.0
0.0,12382.0,6188.0,6177.0,6140.0,6197.0,2041.0,2078.0,2078.0,2058.0,2060.0,2059.0,2038.0,2075.0,2075.0,4111.0,4138.0,4133.0,2041.0,2078.0,2078.0,2058.0,2060.0,2059.0
0.0,12334.0,6045.0,6175.0,6197.0,6039.0,2012.0,2017.0,2010.0,2058.0,2059.0,2058.0,2012.0,2020.0,2013.0,4133.0,4102.0,4099.0,2012.0,2017.0,2010.0,2058.0,2059.0,2058.0
0.0,12486.0,6165.0,6178.0,6039.0,6174.0,2052.0,2073.0,2049.0,2059.0,2060.0,2059.0,2049.0,2070.0,2046.0,4162.0,4160.0,4164.0,2052.0,2073.0,2049.0,2059.0,2060.0,2059.0
0.0,12360.0,6305.0,6181.0,6174.0,6314.0,2107.0,2098.0,2109.0,2060.0,2061.0,2060.0,2104.0,2095.0,2106.0,4125.0,4107.0,4128.0,2107.0,2098.0,2109.0,2060.0,2061.0,2060.0
0.0,12229.0,6305.0,6182.0,6314.0,6308.0,2107.0,2096.0,2105.0,2060.0,2061.0,2061.0,2107.0,2096.0,2102.0,4073.0,4085.0,4071.0,2107.0,2096.0,2105.0,2060.0,2061.0,2061.0
0.0,12238.0,6353.0,6185.0,6308.0,6362.0,2091.0,2128.0,2143.0,2060.0,2062.0,2063.0,2091.0,2125.0,2137.0,4073.0,4087.0,4078.0,2091.0,2128.0,2143.0,2060.0,2062.0,2063.0
0.0,12193.0,6155.0,6184.0,6362.0,6152.0,2040.0,2054.0,2058.0,2059.0,2062.0,2063.0,2043.0,2054.0,2058.0,4089.0,4058.0,4046.0,2040.0,2054.0,2058.0,2059.0,2062.0,2063.0
0.0,12400.0,6184.0,6182.0,6152.0,6178.0,2046.0,2083.0,2049.0,2058.0,2062.0,2062.0,2049.0,2083.0,2052.0,4137.0,4132.0,4131.0,2046.0,2083.0,2049.0,2058.0,2062.0,2062.0
0.0,12368.0,6240.0,6184.0,6178.0,6246.0,2060.0,2100.0,2086.0,2058.0,2063.0,2063.0,2060.0,2097.0,2083.0,4128.0,4103.0,4137.0,2060.0,2100.0,2086.0,2058.0,2063.0,2063.0
0.0,12306.0,6171.0,6183.0,6246.0,6168.0,2060.0,2075.0,2033.0,2058.0,2063.0,2062.0,2060.0,2075.0,2036.0,4114.0,4089.0,4103.0,2060.0,2075.0,2033.0,2058.0,2063.0,2062.0
0.0,12381.0,6239.0,6184.0,6168.0,6242.0,2114.0,2066.0,2062.0,2059.0,2063.0,2062.0,2111.0,2066.0,2062.0,4114.0,4114.0,4153.0,2114.0,2066.0,2062.0,2059.0,2063.0,2062.0
0.0,12310.0,6232.0,6185.0,6242.0,6235.0,2084.0,2080.0,2071.0,2059.0,2064.0,2062.0,2084.0,2077.0,2071.0,4063.0,4123.0,4124.0,2084.0,2080.0,2071.0,2059.0,2064.0,2062.0
0.0,12320.0,6166.0,6185.0,6235.0,6166.0,2069.0,2043.0,2054.0,2060.0,2063.0,2062.0,2066.0,2046.0,2054.0,4093.0,4112.0,4115.0,2069.0,2043.0,2054.0,2060.0,2063.0,2062.0
0.0,12389.0,6060.0,6185.0,6166.0,6060.0,2022.0,2017.0,2021.0,2060.0,2063.0,2062.0,2022.0,2017.0,2021.0,4111.0,4146.0,4132.0,2022.0,2017.0,2021.0,2060.0,2063.0,2062.0
0.0,12495.0,6215.0,6186.0,6060.0,6218.0,2051.0,2082.0,2085.0,2060.0,2063.0,2063.0,2051.0,2082.0,2082.0,4158.0,4172.0,4165.0,2051.0,2082.0,2085.0,2060.0,2063.0,2063.0
0.0,12340.0,6246.0,6187.0,6218.0,6249.0,2054.0,2090.0,2105.0,2059.0,2064.0,2064.0,2057.0,2087.0,2102.0,4129.0,4107.0,4104.0,2054.0,2090.0,2105.0,2059.0,2064.0,2064.0
0.0,12312.0,6214.0,6188.0,6249.0,6217.0,2072.0,2033.0,2112.0,2059.0,2064.0,2065.0,2072.0,2033.0,2109.0,4123.0,4102.0,4087.0,2072.0,2033.0,2112.0,2059.0,2064.0,2065.0
0.0,12347.0,6185.0,6187.0,6217.0,6182.0,2046.0,2065.0,2071.0,2058.0,2064.0,2065.0,2049.0,2065.0,2071.0,4105.0,4159.0,4083.0,2046.0,2065.0,2071.0,2058.0,2064.0,2065.0
0.0,12379.0,6318.0,6189.0,6182.0,6324.0,2108.0,2105.0,2111.0,2059.0,2064.0,2066.0,2105.0,2105.0,2108.0,4128.0,4127.0,4124.0,2108.0,2105.0,2111.0,2059.0,2064.0,2066.0
0.0,12243.0,6384.0,6193.0,6324.0,6396.0,2117.0,2150.0,2129.0,2060.0,2066.0,2067.0,2114.0,2144.0,2126.0,4069.0,4087.0,4087.0,2117.0,2150.0,2129.0,2060.0,2066.0,2067.0
0.0,12183.0,6356.0,6194.0,6396.0,6359.0,2124.0,2118.0,2117.0,2061.0,2066.0,2067.0,2121.0,2118.0,2117.0,4063.0,4048.0,4072.0,2124.0,2118.0,2117.0,2061.0,2066.0,2067.0
0.0,12223.0,6189.0,6195.0,6359.0,6192.0,2082.0,2060.0,2050.0,2062.0,2066.0,2067.0,2079.0,2060.0,2050.0,4059.0,4080.0,4084.0,2082.0,2060.0,2050.0,2062.0,2066.0,2067.0
0.0,12393.0,6241.0,6197.0,6192.0,6247.0,2073.0,2099.0,2075.0,2063.0,2067.0,2067.0,2070.0,2096.0,2075.0,4104.0,4138.0,4151.0,2073.0,2099.0,2075.0,2063.0,2067.0,2067.0
0.0,12344.0,6264.0,6201.0,6247.0,6276.0,2087.0,2117.0,2072.0,2064.0,2069.0,2068.0,2084.0,2111.0,2069.0,4116.0,4102.0,4126.0,2087.0,2117.0,2072.0,2064.0,2069.0,2068.0
0.0,12327.0,6268.0,6203.0,6276.0,6274.0,2118.0,2103.0,2053.0,2065.0,2070.0,2068.0,2115.0,2100.0,2053.0,4105.0,4090.0,4132.0,2118.0,2103.0,2053.0,2065.0,2070.0,2068.0
0.0,12335.0,6224.0,6208.0,6274.0,6239.0,2065.0,2084.0,2090.0,2066.0,2072.0,2070.0,2062.0,2078.0,2084.0,4077.0,4107.0,4151.0,2065.0,2084.0,2090.0,2066.0,2072.0,2070.0
0.0,12385.0,6082.0,6205.0,6239.0,6073.0,1995.0,2015.0,2063.0,2065.0,2071.0,2069.0,1998.0,2018.0,2066.0,4133.0,4132.0,4120.0,1995.0,2015.0,2063.0,2065.0,2071.0,2069.0
0.0,12542.0,6207.0,6209.0,6073.0,6219.0,2062.0,2082.0,2075.0,2066.0,2072.0,2071.0,2059.0,2079.0,2069.0,4200.0,4198.0,4144.0,2062.0,2082.0,2075.0,2066.0,2072.0,2071.0
0.0,12408.0,6186.0,6210.0,6219.0,6189.0,2043.0,2063.0,2083.0,2066.0,2072.0,2072.0,2043.0,2063.0,2080.0,4136.0,4134.0,4138.0,2043.0,2063.0,2083.0,2066.0,2072.0,2072.0
0.0,12441.0,6406.0,6211.0,6189.0,6409.0,2137.0,2118.0,2154.0,2066.0,2072.0,2073.0,2137.0,2118.0,2151.0,4155.0,4153.0,4133.0,2137.0,2118.0,2154.0,2066.0,2072.0,2073.0
0.0,12224.0,6248.0,6210.0,6409.0,6245.0,2077.0,2083.0,2085.0,2066.0,2071.0,2073.0,2077.0,2086.0,2085.0,4061.0,4098.0,4065.0,2077.0,2083.0,2085.0,2066.0,2071.0,2073.0
0.0,12385.0,6240.0,6211.0,6245.0,6243.0,2083.0,2082.0,2078.0,2066.0,2071.0,2074.0,2083.0,2082.0,2075.0,4121.0,4130.0,4134.0,2083.0,2082.0,2078.0,2066.0,2071.0,2074.0
0.0,12390.0,6295.0,6212.0,6243.0,6298.0,2114.0,2085.0,2099.0,2067.0,2072.0,2073.0,2111.0,2082.0,2102.0,4115.0,4131.0,4144.0,2114.0,2085.0,2099.0,2067.0,2072.0,2073.0
0.0,12338.0,6273.0,6211.0,6298.0,6270.0,2079.0,2098.0,2093.0,2067.0,2072.0,2072.0,2079.0,2098.0,2096.0,4087.0,4131.0,4120.0,2079.0,2098.0,2093.0,2067.0,2072.0,2072.0
0.0,12363.0,6239.0,6214.0,6270.0,6248.0,2078.0,2082.0,2088.0,2068.0,2073.0,2073.0,2075.0,2079.0,2085.0,4122.0,4118.0,4123.0,2078.0,2082.0,2088.0,2068.0,2073.0,2073.0
0.0,12394.0,6251.0,6215.0,6248.0,6254.0,2133.0,2042.0,2079.0,2069.0,2073.0,2073.0,2130.0,2042.0,2079.0,4126.0,4137.0,4131.0,2133.0,2042.0,2079.0,2069.0,2073.0,2073.0
0.0,12391.0,6188.0,6216.0,6254.0,6191.0,2090.0,2036.0,2065.0,2070.0,2073.0,2073.0,2087.0,2036.0,2065.0,4074.0,4177.0,4140.0,2090.0,2036.0,2065.0,2070.0,2073.0,2073.0
0.0,12457.0,6225.0,6218.0,6191.0,6231.0,2092.0,2064.0,2075.0,2072.0,2073.0,2073.0,2086.0,2064.0,2075.0,4120.0,4183.0,4154.0,2092.0,2064.0,2075.0,2072.0,2073.0,2073.0
0.0,12423.0,6225.0,6222.0,6231.0,6237.0,2068.0,2090.0,2079.0,2073.0,2075.0,2074.0,2065.0,2084.0,2076.0,4124.0,4155.0,4144.0,2068.0,2090.0,2079.0,2073.0,2075.0,2074.0
0.0,12429.0,6196.0,6225.0,6237.0,6205.0,2051.0,2102.0,2052.0,2074.0,2076.0,2075.0,2048.0,2099.0,2049.0,4151.0,4135.0,4143.0,2051.0,2102.0,2052.0,2074.0,2076.0,2075.0
0.0,12470.0,6262.0,6227.0,6205.0,6268.0,2065.0,2114.0,2089.0,2074.0,2077.0,2076.0,2065.0,2111.0,2086.0,4171.0,4126.0,4173.0,2065.0,2114.0,2089.0,2074.0,2077.0,2076.0
0.0,12413.0,6286.0,6229.0,6268.0,6292.0,2103.0,2111.0,2078.0,2075.0,2078.0,2076.0,2100.0,2108.0,2078.0,4157.0,4117.0,4139.0,2103.0,2111.0,2078.0,2075.0,2078.0,2076.0
0.0,12395.0,6418.0,6233.0,6292.0,6430.0,2152.0,2150.0,2128.0,2076.0,2079.0,2078.0,2149.0,2147.0,2122.0,4122.0,4123.0,4150.0,2152.0,2150.0,2128.0,2076.0,2079.0,2078.0
0.0,12269.0,6269.0,6233.0,6430.0,6269.0,2081.0,2119.0,2069.0,2076.0,2080.0,2077.0,2081.0,2116.0,2072.0,4076.0,4087.0,4106.0,2081.0,2119.0,2069.0,2076.0,2080.0,2077.0
0.0,12430.0,6333.0,6234.0,6269.0,6336.0,2138.0,2094.0,2104.0,2077.0,2080.0,2077.0,2135.0,2094.0,2104.0,4147.0,4121.0,4162.0,2138.0,2094.0,2104.0,2077.0,2080.0,2077.0
0.0,12366.0,6292.0,6235.0,6336.0,6295.0,2123.0,2081.0,2091.0,2078.0,2080.0,2077.0,2120.0,2081.0,2091.0,4093.0,4146.0,4127.0,2123.0,2081.0,2091.0,2078.0,2080.0,2077.0
0.0,12410.0,6313.0,6237.0,6295.0,6319.0,2101.0,2109.0,2109.0,2079.0,2080.0,2078.0,2098.0,2109.0,2106.0,4111.0,4159.0,4140.0,2101.0,2109.0,2109.0,2079.0,2080.0,2078.0
0.0,12392.0,6232.0,6238.0,6319.0,6235.0,2069.0,2078.0,2088.0,2079.0,2080.0,2079.0,2069.0,2078.0,2085.0,4136.0,4131.0,4125.0,2069.0,2078.0,2088.0,2079.0,2080.0,2079.0
0.0,12479.0,6256.0,6237.0,6235.0,6253.0,2068.0,2084.0,2101.0,2078.0,2080.0,2079.0,2071.0,2084.0,2101.0,4168.0,4162.0,4149.0,2068.0,2084.0,2101.0,2078.0,2080.0,2079.0
0.0,12458.0,6423.0,6240.0,6253.0,6432.0,2142.0,2158.0,2132.0,2079.0,2081.0,2080.0,2139.0,2155.0,2129.0,4166.0,4156.0,4136.0,2142.0,2158.0,2132.0,2079.0,2081.0,2080.0
0.0,12288.0,6229.0,6243.0,6432.0,6238.0,2062.0,2095.0,2081.0,2079.0,2083.0,2081.0,2062.0,2089.0,2078.0,4095.0,4085.0,4108.0,2062.0,2095.0,2081.0,2079.0,2083.0,2081.0
0.0,12491.0,6318.0,6246.0,6238.0,6327.0,2111.0,2111.0,2105.0,2080.0,2084.0,2082.0,2108.0,2108.0,2102.0,4175.0,4154.0,4162.0,2111.0,2111.0,2105.0,2080.0,2084.0,2082.0
0.0,12411.0,6145.0,6245.0,6327.0,6142.0,2014.0,2053.0,2075.0,2079.0,2084.0,2082.0,2017.0,2053.0,2075.0,4129.0,4141.0,4141.0,2014.0,2053.0,2075.0,2079.0,2084.0,2082.0
0.0,12593.0,6327.0,6251.0,6142.0,6345.0,2092.0,2114.0,2139.0,2081.0,2086.0,2084.0,2086.0,2108.0,2133.0,4223.0,4199.0,4171.0,2092.0,2114.0,2139.0,2081.0,2086.0,2084.0
0.0,12408.0,6251.0,6253.0,6345.0,6257.0,2064.0,2074.0,2119.0,2081.0,2086.0,2086.0,2064.0,2074.0,2113.0,4151.0,4144.0,4113.0,2064.0,2074.0,2119.0,2081.0,2086.0,2086.0
0.0,12502.0,6347.0,6254.0,6257.0,6350.0,2142.0,2110.0,2098.0,2082.0,2086.0,2086.0,2139.0,2110.0,2098.0,4179.0,4184.0,4139.0,2142.0,2110.0,2098.0,2082.0,2086.0,2086.0
0.0,12412.0,6395.0,6255.0,6350.0,6398.0,2149.0,2122.0,2127.0,2083.0,2086.0,2086.0,2146.0,2122.0,2127.0,4104.0,4148.0,4160.0,2149.0,2122.0,2127.0,2083.0,2086.0,2086.0
0.0,12367.0,6277.0,6254.0,6398.0,6274.0,2100.0,2101.0,2073.0,2083.0,2086.0,2085.0,2100.0,2101.0,2076.0,4100.0,4136.0,4131.0,2100.0,2101.0,2073.0,2083.0,2086.0,2085.0
0.0,12488.0,6361.0,6258.0,6274.0,6373.0,2110.0,2140.0,2123.0,2084.0,2088.0,2086.0,2107.0,2134.0,2120.0,4149.0,4157.0,4182.0,2110.0,2140.0,2123.0,2084.0,2088.0,2086.0
0.0,12401.0,6325.0,6260.0,6373.0,6331.0,2101.0,2125.0,2105.0,2085.0,2088.0,2087.0,2098.0,2125.0,2102.0,4142.0,4124.0,4135.0,2101.0,2125.0,2105.0,2085.0,2088.0,2087.0
0.0,12449.0,6383.0,6263.0,6331.0,6392.0,2117.0,2137.0,2138.0,2086.0,2089.0,2088.0,2114.0,2134.0,2135.0,4154.0,4139.0,4156.0,2117.0,2137.0,2138.0,2086.0,2089.0,2088.0
0.0,12397.0,6368.0,6266.0,6392.0,6377.0,2126.0,2146.0,2105.0,2087.0,2090.0,2089.0,2123.0,2143.0,2102.0,4141.0,4130.0,4126.0,2126.0,2146.0,2105.0,2087.0,2090.0,2089.0
0.0,12421.0,6370.0,6269.0,6377.0,6379.0,2114.0,2097.0,2168.0,2087.0,2091.0,2091.0,2114.0,2094.0,2162.0,4135.0,4124.0,4162.0,2114.0,2097.0,2168.0,2087.0,2091.0,2091.0
0.0,12428.0,6249.0,6269.0,6379.0,6249.0,2084.0,2080.0,2085.0,2087.0,2091.0,2091.0,2084.0,2080.0,2085.0,4147.0,4176.0,4105.0,2084.0,2080.0,2085.0,2087.0,2091.0,2091.0
0.0,12558.0,6255.0,6271.0,6249.0,6261.0,2093.0,2061.0,2107.0,2088.0,2091.0,2092.0,2090.0,2061.0,2104.0,4177.0,4193.0,4188.0,2093.0,2061.0,2107.0,2088.0,2091.0,2092.0
0.0,12552.0,6251.0,6276.0,6261.0,6266.0,2073.0,2090.0,2103.0,2089.0,2093.0,2094.0,2070.0,2084.0,2097.0,4171.0,4212.0,4169.0,2073.0,2090.0,2103.0,2089.0,2093.0,2094.0
0.0,12562.0,6278.0,6277.0,6266.0,6281.0,2102.0,2103.0,2076.0,2090.0,2093.0,2094.0,2099.0,2103.0,2076.0,4194.0,4189.0,4179.0,2102.0,2103.0,2076.0,2090.0,2093.0,2094.0
0.0,12550.0,6331.0,6278.0,6281.0,6334.0,2131.0,2127.0,2076.0,2091.0,2094.0,2093.0,2128.0,2124.0,2079.0,4168.0,4176.0,4206.0,2131.0,2127.0,2076.0,2091.0,2094.0,2093.0
0.0,12500.0,6317.0,6279.0,6334.0,6320.0,2103.0,2128.0,2089.0,2091.0,2095.0,2093.0,2103.0,2125.0,2089.0,4142.0,4155.0,4203.0,2103.0,2128.0,2089.0,2091.0,2095.0,2093.0
0.0,12517.0,6284.0,6281.0,6320.0,6290.0,2106.0,2093.0,2091.0,2092.0,2096.0,2093.0,2103.0,2090.0,2091.0,4170.0,4157.0,4190.0,2106.0,2093.0,2091.0,2092.0,2096.0,2093.0
0.0,12553.0,6315.0,6282.0,6290.0,6318.0,2118.0,2107.0,2093.0,2093.0,2096.0,2093.0,2115.0,2107.0,2093.0,4170.0,4195.0,4188.0,2118.0,2107.0,2093.0,2093.0,2096.0,2093.0
0.0,12528.0,6390.0,6282.0,6318.0,6390.0,2131.0,2143.0,2116.0,2093.0,2096.0,2093.0,2131.0,2143.0,2116.0,4161.0,4181.0,4186.0,2131.0,2143.0,2116.0,2093.0,2096.0,2093.0
0.0,12456.0,6313.0,6281.0,6390.0,6310.0,2108.0,2083.0,2119.0,2093.0,2095.0,2093.0,2108.0,2086.0,2119.0,4148.0,4145.0,4163.0,2108.0,2083.0,2119.0,2093.0,2095.0,2093.0
0.0,12533.0,6328.0,6283.0,6310.0,6334.0,2111.0,2116.0,2107.0,2093.0,2096.0,2094.0,2111.0,2113.0,2104.0,4171.0,4202.0,4160.0,2111.0,2116.0,2107.0,2093.0,2096.0,2094.0
0.0,12515.0,6230.0,6284.0,6334.0,6233.0,2111.0,2065.0,2057.0,2094.0,2096.0,2094.0,2108.0,2065.0,2057.0,4168.0,4172.0,4175.0,2111.0,2065.0,2057.0,2094.0,2096.0,2094.0
0.0,12619.0,6319.0,6285.0,6233.0,6322.0,2109.0,2113.0,2100.0,2095.0,2096.0,2094.0,2106.0,2113.0,2100.0,4171.0,4223.0,4225.0,2109.0,2113.0,2100.0,2095.0,2096.0,2094.0
0.0,12533.0,6364.0,6286.0,6322.0,6367.0,2138.0,2130.0,2099.0,2095.0,2096.0,2095.0,2138.0,2130.0,2096.0,4176.0,4175.0,4182.0,2138.0,2130.0,2099.0,2095.0,2096.0,2095.0
0.0,12491.0,6227.0,6286.0,6367.0,6227.0,2056.0,2068.0,2103.0,2095.0,2096.0,2095.0,2056.0,2068.0,2103.0,4147.0,4158.0,4186.0,2056.0,2068.0,2103.0,2095.0,2096.0,2095.0
0.0,12631.0,6217.0,6289.0,6227.0,6226.0,2067.0,2079.0,2080.0,2096.0,2097.0,2096.0,2064.0,2076.0,2077.0,4229.0,4220.0,4182.0,2067.0,2079.0,2080.0,2096.0,2097.0,2096.0
0.0,12641.0,6294.0,6291.0,6226.0,6300.0,2095.0,2111.0,2094.0,2097.0,2098.0,2096.0,2092.0,2108.0,2094.0,4221.0,4212.0,4208.0,2095.0,2111.0,2094.0,2097.0,2098.0,2096.0
0.0,12573.0,6317.0,6293.0,6300.0,6323.0,2099.0,2121.0,2103.0,2098.0,2099.0,2096.0,2096.0,2118.0,2103.0,4196.0,4183.0,4194.0,2099.0,2121.0,2103.0,2098.0,2099.0,2096.0
0.0,12556.0,6263.0,6290.0,6323.0,6254.0,2085.0,2083.0,2086.0,2097.0,2098.0,2095.0,2088.0,2086.0,2089.0,4195.0,4176.0,4185.0,2085.0,2083.0,2086.0,2097.0,2098.0,2095.0
0.0,12616.0,6366.0,6293.0,6254.0,6375.0,2136.0,2108.0,2131.0,2098.0,2099.0,2096.0,2133.0,2105.0,2128.0,4206.0,4211.0,4199.0,2136.0,2108.0,2131.0,2098.0,2099.0,2096.0
0.0,12504.0,6431.0,6296.0,6375.0,6440.0,2162.0,2132.0,2146.0,2099.0,2100.0,2097.0,2159.0,2129.0,2143.0,4158.0,4189.0,4157.0,2162.0,2132.0,2146.0,2099.0,2100.0,2097.0
0.0,12448.0,6338.0,6297.0,6440.0,6341.0,2080.0,2130.0,2131.0,2099.0,2100.0,2098.0,2080.0,2130.0,2128.0,4135.0,4168.0,4145.0,2080.0,2130.0,2131.0,2099.0,2100.0,2098.0
0.0,12550.0,6339.0,6299.0,6341.0,6345.0,2091.0,2117.0,2137.0,2099.0,2101.0,2099.0,2091.0,2114.0,2134.0,4217.0,4170.0,4163.0,2091.0,2117.0,2137.0,2099.0,2101.0,2099.0
0.0,12552.0,6392.0,6301.0,6345.0,6398.0,2126.0,2148.0,2124.0,2100.0,2102.0,2099.0,2123.0,2145.0,2124.0,4206.0,4186.0,4160.0,2126.0,2148.0,2124.0,2100.0,2102.0,2099.0
0.0,12505.0,6307.0,6302.0,6398.0,6310.0,2083.0,2104.0,2123.0,2099.0,2103.0,2100.0,2086.0,2101.0,2120.0,4174.0,4158.0,4173.0,2083.0,2104.0,2123.0,2099.0,2103.0,2100.0
0.0,12596.0,6369.0,6306.0,6310.0,6381.0,2139.0,2123.0,2119.0,2100.0,2105.0,2101.0,2136.0,2117.0,2116.0,4214.0,4205.0,4177.0,2139.0,2123.0,2119.0,2100.0,2105.0,2101.0
0.0,12537.0,6378.0,6309.0,6381.0,6387.0,2135.0,2109.0,2143.0,2101.0,2106.0,2102.0,2132.0,2106.0,2140.0,4161.0,4192.0,4184.0,2135.0,2109.0,2143.0,2101.0,2106.0,2102.0
0.0,12540.0,6278.0,6310.0,6387.0,6281.0,2125.0,2094.0,2062.0,2102.0,2106.0,2102.0,2122.0,2094.0,2062.0,4168.0,4209.0,4163.0,2125.0,2094.0,2062.0,2102.0,2106.0,2102.0
0.0,12649.0,6282.0,6312.0,6281.0,6288.0,2081.0,2104.0,2103.0,2103.0,2106.0,2103.0,2078.0,2104.0,2100.0,4181.0,4224.0,4244.0,2081.0,2104.0,2103.0,2103.0,2106.0,2103.0
0.0,12648.0,6249.0,6311.0,6288.0,6246.0,2095.0,2061.0,2090.0,2103.0,2105.0,2103.0,2095.0,2064.0,2090.0,4228.0,4214.0,4206.0,2095.0,2061.0,2090.0,2103.0,2105.0,2103.0
0.0,12687.0,6331.0,6312.0,6246.0,6334.0,2109.0,2122.0,2103.0,2103.0,2105.0,2104.0,2109.0,2122.0,2100.0,4214.0,4254.0,4219.0,2109.0,2122.0,2103.0,2103.0,2105.0,2104.0
0.0,12602.0,6366.0,6311.0,6334.0,6363.0,2143.0,2127.0,2093.0,2103.0,2105.0,2103.0,2143.0,2127.0,2096.0,4200.0,4193.0,4209.0,2143.0,2127.0,2093.0,2103.0,2105.0,2103.0
0.0,12570.0,6375.0,6313.0,6363.0,6381.0,2116.0,2131.0,2134.0,2104.0,2105.0,2104.0,2113.0,2131.0,2131.0,4166.0,4188.0,4216.0,2116.0,2131.0,2134.0,2104.0,2105.0,2104.0
0.0,12558.0,6414.0,6315.0,6381.0,6420.0,2141.0,2142.0,2137.0,2104.0,2106.0,2105.0,2141.0,2139.0,2134.0,4196.0,4184.0,4178.0,2141.0,2142.0,2137.0,2104.0,2106.0,2105.0
0.0,12525.0,6505.0,6319.0,6420.0,6517.0,2119.0,2181.0,2217.0,2104.0,2108.0,2107.0,2119.0,2175.0,2211.0,4171.0,4176.0,4178.0,2119.0,2181.0,2217.0,2104.0,2108.0,2107.0
0.0,12440.0,6392.0,6321.0,6517.0,6398.0,2087.0,2160.0,2151.0,2104.0,2109.0,2108.0,2087.0,2157.0,2148.0,4193.0,4143.0,4104.0,2087.0,2160.0,2151.0,2104.0,2109.0,2108.0
0.0,12565.0,6337.0,6323.0,6398.0,6343.0,2113.0,2099.0,2131.0,2105.0,2109.0,2109.0,2110.0,2099.0,2128.0,4225.0,4167.0,4173.0,2113.0,2099.0,2131.0,2105.0,2109.0,2109.0
0.0,12626.0,6465.0,6326.0,6343.0,6474.0,2167.0,2152.0,2155.0,2106.0,2110.0,2110.0,2164.0,2149.0,2152.0,4202.0,4228.0,4196.0,2167.0,2152.0,2155.0,2106.0,2110.0,2110.0
0.0,12504.0,6250.0,6322.0,6474.0,6238.0,2091.0,2049.0,2098.0,2105.0,2108.0,2109.0,2094.0,2055.0,2101.0,4151.0,4178.0,4175.0,2091.0,2049.0,2098.0,2105.0,2108.0,2109.0
0.0,12728.0,6351.0,6326.0,6238.0,6363.0,2127.0,2113.0,2123.0,2107.0,2109.0,2110.0,2121.0,2110.0,2120.0,4224.0,4275.0,4229.0,2127.0,2113.0,2123.0,2107.0,2109.0,2110.0
0.0,12615.0,6332.0,6326.0,6363.0,6332.0,2110.0,2118.0,2104.0,2107.0,2109.0,2110.0,2110.0,2118.0,2104.0,4194.0,4214.0,4207.0,2110.0,2118.0,2104.0,2107.0,2109.0,2110.0
0.0,12646.0,6343.0,6329.0,6332.0,6352.0,2091.0,2129.0,2132.0,2108.0,2110.0,2111.0,2088.0,2126.0,2129.0,4211.0,4209.0,4226.0,2091.0,2129.0,2132.0,2108.0,2110.0,2111.0
0.0,12635.0,6354.0,6330.0,6352.0,6357.0,2108.0,2135.0,2114.0,2108.0,2111.0,2111.0,2108.0,2132.0,2114.0,4233.0,4201.0,4201.0,2108.0,2135.0,2114.0,2108.0,2111.0,2111.0
0.0,12633.0,6329.0,6332.0,6357.0,6335.0,2095.0,2138.0,2102.0,2109.0,2112.0,2111.0,2092.0,2135.0,2102.0,4216.0,4198.0,4219.0,2095.0,2138.0,2102.0,2109.0,2112.0,2111.0
0.0,12661.0,6354.0,6331.0,6335.0,6351.0,2109.0,2110.0,2132.0,2108.0,2112.0,2111.0,2112.0,2110.0,2132.0,4232.0,4198.0,4231.0,2109.0,2110.0,2132.0,2108.0,2112.0,2111.0
0.0,12642.0,6445.0,6333.0,6351.0,6451.0,2167.0,2108.0,2176.0,2109.0,2112.0,2112.0,2164.0,2108.0,2173.0,4215.0,4226.0,4201.0,2167.0,2108.0,2176.0,2109.0,2112.0,2112.0
0.0,12548.0,6362.0,6334.0,6451.0,6365.0,2118.0,2105.0,2142.0,2109.0,2112.0,2113.0,2118.0,2105.0,2139.0,4160.0,4228.0,4160.0,2118.0,2105.0,2142.0,2109.0,2112.0,2113.0
0.0,12637.0,6379.0,6335.0,6365.0,6382.0,2136.0,2086.0,2160.0,2110.0,2111.0,2114.0,2133.0,2089.0,2157.0,4209.0,4231.0,4197.0,2136.0,2086.0,2160.0,2110.0,2111.0,2114.0
0.0,12623.0,6431.0,6337.0,6382.0,6437.0,2117.0,2170.0,2150.0,2110.0,2112.0,2115.0,2117.0,2167.0,2147.0,4194.0,4247.0,4182.0,2117.0,2170.0,2150.0,2110.0,2112.0,2115.0
0.0,12574.0,6262.0,6334.0,6437.0,6253.0,2071.0,2086.0,2096.0,2109.0,2111.0,2114.0,2074.0,2089.0,2099.0,4213.0,4166.0,4195.0,2071.0,2086.0,2096.0,2109.0,2111.0,2114.0
0.0,12749.0,6377.0,6334.0,6253.0,6377.0,2133.0,2138.0,2106.0,2109.0,2111.0,2114.0,2133.0,2138.0,2106.0,4256.0,4247.0,4246.0,2133.0,2138.0,2106.0,2109.0,2111.0,2114.0
0.0,12625.0,6381.0,6335.0,6377.0,6384.0,2149.0,2138.0,2097.0,2110.0,2112.0,2113.0,2146.0,2135.0,2100.0,4194.0,4195.0,4236.0,2149.0,2138.0,2097.0,2110.0,2112.0,2113.0
0.0,12621.0,6378.0,6338.0,6384.0,6387.0,2132.0,2139.0,2116.0,2111.0,2113.0,2114.0,2129.0,2136.0,2113.0,4181.0,4198.0,4242.0,2132.0,2139.0,2116.0,2111.0,2113.0,2114.0
0.0,12627.0,6262.0,6337.0,6387.0,6259.0,2093.0,2076.0,2090.0,2111.0,2113.0,2113.0,2093.0,2076.0,2093.0,4201.0,4200.0,4226.0,2093.0,2076.0,2090.0,2111.0,2113.0,2113.0
0.0,12752.0,6339.0,6339.0,6259.0,6345.0,2125.0,2093.0,2127.0,2112.0,2113.0,2114.0,2122.0,2093.0,2124.0,4240.0,4263.0,4249.0,2125.0,2093.0,2127.0,2112.0,2113.0,2114.0
0.0,12672.0,6298.0,6340.0,6345.0,6301.0,2107.0,2072.0,2122.0,2112.0,2113.0,2115.0,2107.0,2072.0,2119.0,4211.0,4246.0,4215.0,2107.0,2072.0,2122.0,2112.0,2113.0,2115.0
0.0,12719.0,6319.0,6339.0,6301.0,6316.0,2111.0,2113.0,2092.0,2112.0,2112.0,2115.0,2111.0,2116.0,2092.0,4229.0,4267.0,4223.0,2111.0,2113.0,2092.0,2112.0,2112.0,2115.0
0.0,12701.0,6390.0,6340.0,6316.0,6393.0,2130.0,2124.0,2139.0,2112.0,2112.0,2116.0,2130.0,2124.0,2136.0,4225.0,4223.0,4253.0,2130.0,2124.0,2139.0,2112.0,2112.0,2116.0
0.0,12627.0,6340.0,6342.0,6393.0,6346.0,2129.0,2109.0,2108.0,2113.0,2113.0,2116.0,2126.0,2106.0,2108.0,4206.0,4212.0,4209.0,2129.0,2109.0,2108.0,2113.0,2113.0,2116.0
0.0,12680.0,6423.0,6344.0,6346.0,6429.0,2118.0,2153.0,2158.0,2113.0,2114.0,2117.0,2118.0,2150.0,2155.0,4210.0,4230.0,4240.0,2118.0,2153.0,2158.0,2113.0,2114.0,2117.0
0.0,12603.0,6435.0,6345.0,6429.0,6438.0,2122.0,2149.0,2167.0,2113.0,2114.0,2118.0,2122.0,2149.0,2164.0,4221.0,4189.0,4193.0,2122.0,2149.0,2167.0,2113.0,2114.0,2118.0
0.0,12597.0,6366.0,6345.0,6438.0,6366.0,2119.0,2128.0,2119.0,2113.0,2114.0,2118.0,2119.0,2128.0,2119.0,4217.0,4193.0,4187.0,2119.0,2128.0,2119.0,2113.0,2114.0,2118.0
0.0,12669.0,6309.0,6344.0,6366.0,6306.0,2091.0,2105.0,2110.0,2112.0,2114.0,2118.0,2094.0,2105.0,2110.0,4220.0,4214.0,4235.0,2091.0,2105.0,2110.0,2112.0,2114.0,2118.0
0.0,12726.0,6432.0,6349.0,6306.0,6447.0,2148.0,2150.0,2149.0,2113.0,2116.0,2120.0,2145.0,2144.0,2143.0,4245.0,4237.0,4244.0,2148.0,2150.0,2149.0,2113.0,2116.0,2120.0
0.0,12600.0,6445.0,6351.0,6447.0,6451.0,2161.0,2132.0,2158.0,2114.0,2116.0,2121.0,2158.0,2132.0,2155.0,4191.0,4198.0,4211.0,2161.0,2132.0,2158.0,2114.0,2116.0,2121.0
0.0,12602.0,6252.0,6349.0,6451.0,6246.0,2096.0,2069.0,2081.0,2113.0,2115.0,2121.0,2099.0,2072.0,2081.0,4181.0,4216.0,4205.0,2096.0,2069.0,2081.0,2113.0,2115.0,2121.0
0.0,12801.0,6407.0,6353.0,6246.0,6419.0,2145.0,2157.0,2117.0,2115.0,2117.0,2121.0,2139.0,2151.0,2117.0,4243.0,4276.0,4282.0,2145.0,2157.0,2117.0,2115.0,2117.0,2121.0
0.0,12640.0,6313.0,6354.0,6419.0,6316.0,2118.0,2106.0,2092.0,2116.0,2117.0,2121.0,2115.0,2106.0,2092.0,4200.0,4194.0,4246.0,2118.0,2106.0,2092.0,2116.0,2117.0,2121.0
0.0,12746.0,6281.0,6355.0,6316.0,6284.0,2073.0,2125.0,2086.0,2116.0,2118.0,2121.0,2073.0,2122.0,2086.0,4230.0,4245.0,4271.0,2073.0,2125.0,2086.0,2116.0,2118.0,2121.0
0.0,12781.0,6394.0,6356.0,6284.0,6397.0,2109.0,2143.0,2145.0,2116.0,2118.0,2122.0,2109.0,2143.0,2142.0,4275.0,4229.0,4277.0,2109.0,2143.0,2145.0,2116.0,2118.0,2122.0
0.0,12671.0,6384.0,6358.0,6397.0,6390.0,2152.0,2097.0,2141.0,2117.0,2118.0,2123.0,2149.0,2097.0,2138.0,4239.0,4211.0,4221.0,2152.0,2097.0,2141.0,2117.0,2118.0,2123.0
0.0,12684.0,6432.0,6359.0,6390.0,6435.0,2138.0,2146.0,2151.0,2117.0,2119.0,2123.0,2138.0,2143.0,2151.0,4199.0,4257.0,4228.0,2138.0,2146.0,2151.0,2117.0,2119.0,2123.0
0.0,12642.0,6438.0,6360.0,6435.0,6441.0,2144.0,2125.0,2172.0,2117.0,2119.0,2124.0,2144.0,2125.0,2169.0,4213.0,4211.0,4218.0,2144.0,2125.0,2172.0,2117.0,2119.0,2124.0
0.0,12639.0,6427.0,6361.0,6441.0,6430.0,2133.0,2145.0,2152.0,2118.0,2119.0,2124.0,2130.0,2145.0,2152.0,4207.0,4232.0,4200.0,2133.0,2145.0,2152.0,2118.0,2119.0,2124.0
0.0,12653.0,6424.0,6363.0,6430.0,6430.0,2107.0,2172.0,2151.0,2118.0,2120.0,2125.0,2107.0,2169.0,2148.0,4221.0,4212.0,4220.0,2107.0,2172.0,2151.0,2118.0,2120.0,2125.0
0.0,12659.0,6364.0,6362.0,6430.0,6361.0,2123.0,2129.0,2109.0,2118.0,2120.0,2124.0,2123.0,2129.0,2112.0,4247.0,4188.0,4224.0,2123.0,2129.0,2109.0,2118.0,2120.0,2124.0
0.0,12725.0,6349.0,6363.0,6361.0,6352.0,2134.0,2118.0,2100.0,2119.0,2120.0,2124.0,2131.0,2118.0,2100.0,4231.0,4231.0,4263.0,2134.0,2118.0,2100.0,2119.0,2120.0,2124.0
0.0,12737.0,6417.0,6364.0,6352.0,6420.0,2182.0,2118.0,2120.0,2120.0,2120.0,2124.0,2179.0,2118.0,2120.0,4223.0,4242.0,4272.0,2182.0,2118.0,2120.0,2120.0,2120.0,2124.0
0.0,12672.0,6394.0,6365.0,6420.0,6397.0,2123.0,2159.0,2115.0,2120.0,2121.0,2124.0,2123.0,2156.0,2115.0,4178.0,4242.0,4252.0,2123.0,2159.0,2115.0,2120.0,2121.0,2124.0
0.0,12698.0,6423.0,6367.0,6397.0,6429.0,2141.0,2140.0,2148.0,2120.0,2122.0,2125.0,2141.0,2137.0,2145.0,4237.0,4204.0,4257.0,2141.0,2140.0,2148.0,2120.0,2122.0,2125.0
0.0,12672.0,6400.0,6370.0,6429.0,6409.0,2113.0,2146.0,2150.0,2121.0,2123.0,2126.0,2110.0,2143.0,2147.0,4219.0,4226.0,4227.0,2113.0,2146.0,2150.0,2121.0,2123.0,2126.0
0.0,12701.0,6462.0,6374.0,6409.0,6474.0,2142.0,2155.0,2177.0,2122.0,2124.0,2128.0,2139.0,2152.0,2171.0,4250.0,4223.0,4228.0,2142.0,2155.0,2177.0,2122.0,2124.0,2128.0
0.0,12648.0,6379.0,6374.0,6474.0,6379.0,2135.0,2102.0,2142.0,2122.0,2124.0,2128.0,2135.0,2102.0,2142.0,4224.0,4217.0,4207.0,2135.0,2102.0,2142.0,2122.0,2124.0,2128.0
0.0,12743.0,6421.0,6376.0,6379.0,6427.0,2152.0,2106.0,2169.0,2122.0,2124.0,2130.0,2152.0,2106.0,2163.0,4231.0,4270.0,4242.0,2152.0,2106.0,2169.0,2122.0,2124.0,2130.0
0.0,12701.0,6588.0,6380.0,6427.0,6600.0,2211.0,2185.0,2204.0,2124.0,2125.0,2131.0,2205.0,2182.0,2201.0,4214.0,4266.0,4221.0,2211.0,2185.0,2204.0,2124.0,2125.0,2131.0
0.0,12540.0,6409.0,6380.0,6600.0,6409.0,2149.0,2131.0,2129.0,2124.0,2125.0,2131.0,2149.0,2131.0,2129.0,4161.0,4190.0,4189.0,2149.0,2131.0,2129.0,2124.0,2125.0,2131.0
0.0,12731.0,6457.0,6379.0,6409.0,6454.0,2126.0,2184.0,2144.0,2124.0,2125.0,2130.0,2126.0,2184.0,2147.0,4223.0,4244.0,4264.0,2126.0,2184.0,2144.0,2124.0,2125.0,2130.0
0.0,12683.0,6461.0,6380.0,6454.0,6464.0,2123.0,2191.0,2150.0,2125.0,2125.0,2130.0,2120.0,2191.0,2150.0,4246.0,4191.0,4246.0,2123.0,2191.0,2150.0,2125.0,2125.0,2130.0
0.0,12676.0,6399.0,6381.0,6464.0,6402.0,2114.0,2133.0,2155.0,2125.0,2126.0,2130.0,2114.0,2130.0,2155.0,4252.0,4184.0,4240.0,2114.0,2133.0,2155.0,2125.0,2126.0,2130.0
0.0,12741.0,6317.0,6379.0,6402.0,6311.0,2109.0,2091.0,2111.0,2124.0,2125.0,2130.0,2112.0,2094.0,2111.0,4261.0,4245.0,4235.0,2109.0,2091.0,2111.0,2124.0,2125.0,2130.0
0.0,12826.0,6362.0,6381.0,6311.0,6368.0,2161.0,2101.0,2106.0,2125.0,2126.0,2130.0,2158.0,2098.0,2106.0,4263.0,4284.0,4279.0,2161.0,2101.0,2106.0,2125.0,2126.0,2130.0
0.0,12775.0,6366.0,6380.0,6368.0,6363.0,2132.0,2093.0,2138.0,2125.0,2125.0,2130.0,2132.0,2096.0,2138.0,4214.0,4277.0,4284.0,2132.0,2093.0,2138.0,2125.0,2125.0,2130.0
0.0,12777.0,6380.0,6382.0,6363.0,6386.0,2135.0,2098.0,2153.0,2126.0,2125.0,2131.0,2132.0,2098.0,2150.0,4243.0,4282.0,4252.0,2135.0,2098.0,2153.0,2126.0,2125.0,2131.0
0.0,12760.0,6344.0,6382.0,6386.0,6344.0,2120.0,2107.0,2117.0,2126.0,2125.0,2131.0,2120.0,2107.0,2117.0,4243.0,4277.0,4240.0,2120.0,2107.0,2117.0,2126.0,2125.0,2131.0
0.0,12802.0,6350.0,6382.0,6344.0,6350.0,2115.0,2098.0,2137.0,2127.0,2124.0,2131.0,2112.0,2101.0,2137.0,4258.0,4268.0,4276.0,2115.0,2098.0,2137.0,2127.0,2124.0,2131.0
0.0,12796.0,6452.0,6384.0,6350.0,6458.0,2140.0,2172.0,2146.0,2127.0,2125.0,2132.0,2140.0,2169.0,2143.0,4266.0,4274.0,4256.0,2140.0,2172.0,2146.0,2127.0,2125.0,2132.0
0.0,12694.0,6376.0,6384.0,6458.0,6376.0,2112.0,2122.0,2142.0,2127.0,2125.0,2132.0,2112.0,2122.0,2142.0,4241.0,4203.0,4250.0,2112.0,2122.0,2142.0,2127.0,2125.0,2132.0
0.0,12776.0,6471.0,6386.0,6376.0,6477.0,2181.0,2140.0,2156.0,2128.0,2126.0,2132.0,2178.0,2137.0,2156.0,4269.0,4253.0,4254.0,2181.0,2140.0,2156.0,2128.0,2126.0,2132.0
0.0,12681.0,6528.0,6388.0,6477.0,6534.0,2195.0,2168.0,2171.0,2129.0,2127.0,2132.0,2192.0,2165.0,2171.0,4203.0,4238.0,4240.0,2195.0,2168.0,2171.0,2129.0,2127.0,2132.0
0.0,12630.0,6484.0,6391.0,6534.0,6493.0,2168.0,2150.0,2175.0,2130.0,2128.0,2133.0,2165.0,2147.0,2172.0,4192.0,4213.0,4225.0,2168.0,2150.0,2175.0,2130.0,2128.0,2133.0
0.0,12680.0,6387.0,6389.0,6493.0,6381.0,2150.0,2122.0,2109.0,2130.0,2127.0,2132.0,2150.0,2125.0,2112.0,4222.0,4234.0,4224.0,2150.0,2122.0,2109.0,2130.0,2127.0,2132.0
0.0,12786.0,6516.0,6394.0,6381.0,6531.0,2169.0,2170.0,2192.0,2132.0,2128.0,2134.0,2163.0,2167.0,2186.0,4240.0,4259.0,4287.0,2169.0,2170.0,2192.0,2132.0,2128.0,2134.0
0.0,12651.0,6480.0,6397.0,6531.0,6489.0,2169.0,2164.0,2156.0,2133.0,2129.0,2135.0,2166.0,2161.0,2153.0,4227.0,4214.0,4210.0,2169.0,2164.0,2156.0,2133.0,2129.0,2135.0
0.0,12702.0,6457.0,6398.0,6489.0,6460.0,2162.0,2147.0,2151.0,2133.0,2129.0,2136.0,2162.0,2147.0,2148.0,4230.0,4223.0,4249.0,2162.0,2147.0,2151.0,2133.0,2129.0,2136.0
0.0,12734.0,6403.0,6398.0,6460.0,6403.0,2120.0,2140.0,2143.0,2133.0,2129.0,2136.0,2120.0,2140.0,2143.0,4237.0,4240.0,4257.0,2120.0,2140.0,2143.0,2133.0,2129.0,2136.0
0.0,12791.0,6412.0,6401.0,6403.0,6421.0,2119.0,2149.0,2153.0,2133.0,2131.0,2137.0,2119.0,2143.0,2150.0,4279.0,4247.0,4265.0,2119.0,2149.0,2153.0,2133.0,2131.0,2137.0
0.0,12782.0,6401.0,6402.0,6421.0,6404.0,2121.0,2147.0,2136.0,2133.0,2132.0,2137.0,2121.0,2144.0,2136.0,4280.0,4244.0,4258.0,2121.0,2147.0,2136.0,2133.0,2132.0,2137.0
0.0,12802.0,6485.0,6406.0,6404.0,6497.0,2134.0,2158.0,2205.0,2134.0,2133.0,2139.0,2131.0,2155.0,2199.0,4278.0,4249.0,4275.0,2134.0,2158.0,2205.0,2134.0,2133.0,2139.0
0.0,12721.0,6549.0,6410.0,6497.0,6561.0,2179.0,2187.0,2195.0,2135.0,2134.0,2141.0,2176.0,2184.0,2189.0,4268.0,4241.0,4212.0,2179.0,2187.0,2195.0,2135.0,2134.0,2141.0
0.0,12669.0,6488.0,6413.0,6561.0,6497.0,2183.0,2132.0,2182.0,2136.0,2135.0,2142.0,2180.0,2129.0,2179.0,4226.0,4215.0,4228.0,2183.0,2132.0,2182.0,2136.0,2135.0,2142.0
0.0,12742.0,6540.0,6417.0,6497.0,6552.0,2212.0,2175.0,2165.0,2138.0,2136.0,2143.0,2206.0,2172.0,2162.0,4225.0,4273.0,4244.0,2212.0,2175.0,2165.0,2138.0,2136.0,2143.0
0.0,12699.0,6476.0,6417.0,6552.0,6476.0,2189.0,2152.0,2135.0,2139.0,2136.0,2142.0,2186.0,2152.0,2138.0,4202.0,4233.0,4264.0,2189.0,2152.0,2135.0,2139.0,2136.0,2142.0
0.0,12775.0,6470.0,6417.0,6476.0,6470.0,2148.0,2173.0,2149.0,2139.0,2136.0,2142.0,2148.0,2173.0,2149.0,4228.0,4256.0,4291.0,2148.0,2173.0,2149.0,2139.0,2136.0,2142.0
0.0,12781.0,6443.0,6419.0,6470.0,6449.0,2144.0,2164.0,2141.0,2140.0,2137.0,2142.0,2141.0,2161.0,2141.0,4269.0,4235.0,4277.0,2144.0,2164.0,2141.0,2140.0,2137.0,2142.0
0.0,12808.0,6474.0,6422.0,6449.0,6483.0,2166.0,2158.0,2159.0,2141.0,2138.0,2143.0,2163.0,2155.0,2156.0,4276.0,4247.0,4285.0,2166.0,2158.0,2159.0,2141.0,2138.0,2143.0
0.0,12783.0,6517.0,6425.0,6483.0,6526.0,2188.0,2180.0,2158.0,2142.0,2139.0,2144.0,2185.0,2177.0,2155.0,4257.0,4256.0,4270.0,2188.0,2180.0,2158.0,2142.0,2139.0,2144.0
0.0,12749.0,6473.0,6424.0,6526.0,6470.0,2182.0,2145.0,2143.0,2142.0,2139.0,2143.0,2182.0,2145.0,2146.0,4238.0,4237.0,4274.0,2182.0,2145.0,2143.0,2142.0,2139.0,2143.0
0.0,12802.0,6538.0,6430.0,6470.0,6556.0,2186.0,2151.0,2219.0,2144.0,2140.0,2146.0,2180.0,2148.0,2210.0,4244.0,4272.0,4286.0,2186.0,2151.0,2219.0,2144.0,2140.0,2146.0
0.0,12734.0,6482.0,6431.0,6556.0,6485.0,2168.0,2133.0,2184.0,2144.0,2140.0,2147.0,2168.0,2133.0,2181.0,4246.0,4269.0,4219.0,2168.0,2133.0,2184.0,2144.0,2140.0,2147.0
0.0,12808.0,6445.0,6434.0,6485.0,6454.0,2144.0,2151.0,2159.0,2145.0,2141.0,2148.0,2141.0,2148.0,2156.0,4264.0,4287.0,4257.0,2144.0,2151.0,2159.0,2145.0,2141.0,2148.0
0.0,12848.0,6529.0,6439.0,6454.0,6544.0,2161.0,2191.0,2192.0,2147.0,2142.0,2150.0,2155.0,2188.0,2186.0,4291.0,4272.0,4285.0,2161.0,2191.0,2192.0,2147.0,2142.0,2150.0
0.0,12773.0,6437.0,6439.0,6544.0,6437.0,2141.0,2156.0,2140.0,2147.0,2142.0,2150.0,2141.0,2156.0,2140.0,4280.0,4235.0,4258.0,2141.0,2156.0,2140.0,2147.0,2142.0,2150.0
0.0,12880.0,6527.0,6443.0,6437.0,6539.0,2188.0,2186.0,2165.0,2148.0,2144.0,2151.0,2185.0,2180.0,2162.0,4300.0,4270.0,4310.0,2188.0,2186.0,2165.0,2148.0,2144.0,2151.0
0.0,12790.0,6489.0,6443.0,6539.0,6489.0,2193.0,2168.0,2128.0,2149.0,2144.0,2150.0,2190.0,2168.0,2131.0,4256.0,4246.0,4288.0,2193.0,2168.0,2128.0,2149.0,2144.0,2150.0
0.0,12840.0,6567.0,6447.0,6489.0,6579.0,2194.0,2203.0,2182.0,2150.0,2146.0,2151.0,2191.0,2197.0,2179.0,4254.0,4264.0,4322.0,2194.0,2203.0,2182.0,2150.0,2146.0,2151.0
0.0,12762.0,6513.0,6447.0,6579.0,6513.0,2164.0,2178.0,2171.0,2150.0,2146.0,2151.0,2164.0,2178.0,2171.0,4256.0,4235.0,4271.0,2164.0,2178.0,2171.0,2150.0,2146.0,2151.0
0.0,12828.0,6464.0,6449.0,6513.0,6470.0,2171.0,2146.0,2153.0,2152.0,2146.0,2151.0,2165.0,2146.0,2153.0,4286.0,4260.0,4282.0,2171.0,2146.0,2153.0,2152.0,2146.0,2151.0
0.0,12877.0,6503.0,6450.0,6470.0,6506.0,2170.0,2156.0,2180.0,2152.0,2146.0,2152.0,2170.0,2156.0,2177.0,4285.0,4292.0,4300.0,2170.0,2156.0,2180.0,2152.0,2146.0,2152.0
0.0,12844.0,6444.0,6452.0,6506.0,6450.0,2176.0,2124.0,2150.0,2153.0,2146.0,2153.0,2173.0,2124.0,2147.0,4286.0,4282.0,4276.0,2176.0,2124.0,2150.0,2153.0,2146.0,2153.0
0.0,12906.0,6319.0,6450.0,6450.0,6313.0,2117.0,2062.0,2134.0,2152.0,2145.0,2153.0,2120.0,2065.0,2134.0,4283.0,4314.0,4309.0,2117.0,2062.0,2134.0,2152.0,2145.0,2153.0
0.0,13037.0,6417.0,6451.0,6313.0,6420.0,2130.0,2137.0,2153.0,2152.0,2145.0,2154.0,2130.0,2137.0,2150.0,4339.0,4373.0,4325.0,2130.0,2137.0,2153.0,2152.0,2145.0,2154.0
0.0,12933.0,6441.0,6451.0,6420.0,6441.0,2136.0,2143.0,2162.0,2152.0,2145.0,2154.0,2136.0,2143.0,2162.0,4326.0,4298.0,4309.0,2136.0,2143.0,2162.0,2152.0,2145.0,2154.0
0.0,12912.0,6524.0,6454.0,6441.0,6533.0,2171.0,2203.0,2159.0,2153.0,2146.0,2155.0,2168.0,2200.0,2156.0,4320.0,4292.0,4300.0,2171.0,2203.0,2159.0,2153.0,2146.0,2155.0
0.0,12829.0,6426.0,6454.0,6533.0,6426.0,2137.0,2177.0,2112.0,2153.0,2147.0,2154.0,2137.0,2174.0,2115.0,4288.0,4235.0,4306.0,2137.0,2177.0,2112.0,2153.0,2147.0,2154.0
0.0,12936.0,6428.0,6454.0,6426.0,6428.0,2130.0,2128.0,2170.0,2153.0,2147.0,2154.0,2130.0,2128.0,2170.0,4322.0,4264.0,4350.0,2130.0,2128.0,2170.0,2153.0,2147.0,2154.0
0.0,12934.0,6489.0,6456.0,6428.0,6495.0,2187.0,2161.0,2147.0,2154.0,2148.0,2154.0,2184.0,2158.0,2147.0,4329.0,4313.0,4292.0,2187.0,2161.0,2147.0,2154.0,2148.0,2154.0
0.0,12873.0,6456.0,6453.0,6495.0,6447.0,2178.0,2132.0,2137.0,2153.0,2147.0,2153.0,2181.0,2135.0,2140.0,4275.0,4283.0,4315.0,2178.0,2132.0,2137.0,2153.0,2147.0,2153.0
0.0,12912.0,6531.0,6455.0,6447.0,6537.0,2193.0,2178.0,2166.0,2154.0,2148.0,2153.0,2190.0,2175.0,2166.0,4281.0,4309.0,4322.0,2193.0,2178.0,2166.0,2154.0,2148.0,2153.0
0.0,12828.0,6532.0,6457.0,6537.0,6538.0,2194.0,2161.0,2183.0,2155.0,2148.0,2154.0,2191.0,2161.0,2180.0,4269.0,4266.0,4293.0,2194.0,2161.0,2183.0,2155.0,2148.0,2154.0
0.0,12833.0,6532.0,6458.0,6538.0,6535.0,2183.0,2166.0,2186.0,2156.0,2147.0,2155.0,2180.0,2169.0,2183.0,4271.0,4283.0,4279.0,2183.0,2166.0,2186.0,2156.0,2147.0,2155.0
0.0,12839.0,6561.0,6462.0,6535.0,6573.0,2189.0,2203.0,2181.0,2158.0,2149.0,2155.0,2183.0,2197.0,2181.0,4285.0,4275.0,4279.0,2189.0,2203.0,2181.0,2158.0,2149.0,2155.0
0.0,12813.0,6500.0,6465.0,6573.0,6509.0,2184.0,2164.0,2161.0,2159.0,2150.0,2156.0,2181.0,2161.0,2158.0,4285.0,4244.0,4284.0,2184.0,2164.0,2161.0,2159.0,2150.0,2156.0
0.0,12886.0,6530.0,6468.0,6509.0,6539.0,2193.0,2173.0,2173.0,2160.0,2151.0,2157.0,2190.0,2170.0,2170.0,4293.0,4286.0,4307.0,2193.0,2173.0,2173.0,2160.0,2151.0,2157.0
0.0,12865.0,6445.0,6470.0,6539.0,6451.0,2152.0,2137.0,2162.0,2160.0,2152.0,2158.0,2152.0,2134.0,2159.0,4287.0,4280.0,4298.0,2152.0,2137.0,2162.0,2160.0,2152.0,2158.0
0.0,12959.0,6500.0,6472.0,6451.0,6506.0,2158.0,2177.0,2171.0,2161.0,2153.0,2158.0,2155.0,2174.0,2171.0,4328.0,4319.0,4312.0,2158.0,2177.0,2171.0,2161.0,2153.0,2158.0
0.0,12910.0,6531.0,6475.0,6506.0,6540.0,2168.0,2205.0,2167.0,2161.0,2155.0,2159.0,2168.0,2199.0,2164.0,4325.0,4282.0,4303.0,2168.0,2205.0,2167.0,2161.0,2155.0,2159.0
0.0,12885.0,6407.0,6477.0,6540.0,6413.0,2142.0,2136.0,2135.0,2162.0,2156.0,2159.0,2139.0,2133.0,2135.0,4315.0,4260.0,4310.0,2142.0,2136.0,2135.0,2162.0,2156.0,2159.0
0.0,13018.0,6457.0,6476.0,6413.0,6454.0,2156.0,2141.0,2157.0,2162.0,2155.0,2159.0,2156.0,2144.0,2157.0,4344.0,4332.0,4342.0,2156.0,2141.0,2157.0,2162.0,2155.0,2159.0
0.0,12974.0,6552.0,6480.0,6454.0,6564.0,2186.0,2182.0,2196.0,2164.0,2156.0,2160.0,2180.0,2179.0,2193.0,4330.0,4324.0,4320.0,2186.0,2182.0,2196.0,2164.0,2156.0,2160.0
0.0,12876.0,6605.0,6483.0,6564.0,6614.0,2223.0,2198.0,2193.0,2164.0,2158.0,2161.0,2223.0,2192.0,2190.0,4306.0,4286.0,4284.0,2223.0,2198.0,2193.0,2164.0,2158.0,2161.0
0.0,12835.0,6634.0,6485.0,6614.0,6640.0,2200.0,2236.0,2204.0,2165.0,2159.0,2161.0,2197.0,2233.0,2204.0,4269.0,4276.0,4290.0,2200.0,2236.0,2204.0,2165.0,2159.0,2161.0
0.0,12815.0,6612.0,6487.0,6640.0,6618.0,2196.0,2210.0,2212.0,2165.0,2160.0,2162.0,2196.0,2207.0,2209.0,4295.0,4241.0,4279.0,2196.0,2210.0,2212.0,2165.0,2160.0,2162.0
0.0,12843.0,6558.0,6491.0,6618.0,6570.0,2182.0,2180.0,2208.0,2166.0,2161.0,2164.0,2179.0,2177.0,2202.0,4299.0,4270.0,4274.0,2182.0,2180.0,2208.0,2166.0,2161.0,2164.0
0.0,12903.0,6529.0,6491.0,6570.0,6529.0,2161.0,2185.0,2183.0,2166.0,2161.0,2164.0,2161.0,2185.0,2183.0,4316.0,4303.0,4284.0,2161.0,2185.0,2183.0,2166.0,2161.0,2164.0
0.0,12944.0,6526.0,6492.0,6529.0,6529.0,2190.0,2139.0,2200.0,2166.0,2161.0,2165.0,2190.0,2139.0,2197.0,4337.0,4298.0,4309.0,2190.0,2139.0,2200.0,2166.0,2161.0,2165.0
0.0,12947.0,6480.0,6493.0,6529.0,6483.0,2187.0,2129.0,2167.0,2167.0,2161.0,2165.0,2184.0,2129.0,2167.0,4308.0,4344.0,4295.0,2187.0,2129.0,2167.0,2167.0,2161.0,2165.0
0.0,12996.0,6454.0,6493.0,6483.0,6454.0,2191.0,2125.0,2138.0,2168.0,2160.0,2165.0,2188.0,2128.0,2138.0,4314.0,4354.0,4328.0,2191.0,2125.0,2138.0,2168.0,2160.0,2165.0
0.0,13025.0,6475.0,6495.0,6454.0,6481.0,2158.0,2167.0,2156.0,2169.0,2161.0,2165.0,2155.0,2164.0,2156.0,4313.0,4355.0,4357.0,2158.0,2167.0,2156.0,2169.0,2161.0,2165.0
0.0,13004.0,6528.0,6497.0,6481.0,6534.0,2184.0,2202.0,2148.0,2170.0,2162.0,2165.0,2181.0,2199.0,2148.0,4349.0,4316.0,4339.0,2184.0,2202.0,2148.0,2170.0,2162.0,2165.0
0.0,12957.0,6420.0,6496.0,6534.0,6417.0,2127.0,2157.0,2133.0,2170.0,2162.0,2164.0,2127.0,2157.0,2136.0,4326.0,4284.0,4347.0,2127.0,2157.0,2133.0,2170.0,2162.0,2164.0
0.0,13071.0,6581.0,6497.0,6417.0,6584.0,2179.0,2225.0,2180.0,2170.0,2163.0,2164.0,2179.0,2222.0,2180.0,4383.0,4329.0,4359.0,2179.0,2225.0,2180.0,2170.0,2163.0,2164.0
0.0,12907.0,6585.0,6498.0,6584.0,6588.0,2225.0,2176.0,2187.0,2171.0,2163.0,2164.0,2222.0,2176.0,2187.0,4331.0,4264.0,4312.0,2225.0,2176.0,2187.0,2171.0,2163.0,2164.0
0.0,12906.0,6575.0,6498.0,6588.0,6575.0,2180.0,2171.0,2224.0,2170.0,2163.0,2165.0,2183.0,2171.0,2221.0,4288.0,4313.0,4305.0,2180.0,2171.0,2224.0,2170.0,2163.0,2165.0
0.0,12919.0,6530.0,6500.0,6575.0,6536.0,2167.0,2172.0,2197.0,2170.0,2164.0,2166.0,2167.0,2169.0,2194.0,4330.0,4318.0,4271.0,2167.0,2172.0,2197.0,2170.0,2164.0,2166.0
0.0,12964.0,6626.0,6503.0,6536.0,6635.0,2194.0,2208.0,2233.0,2171.0,2164.0,2168.0,2191.0,2208.0,2227.0,4343.0,4320.0,4301.0,2194.0,2208.0,2233.0,2171.0,2164.0,2168.0
0.0,12874.0,6611.0,6506.0,6635.0,6620.0,2197.0,2202.0,2221.0,2172.0,2165.0,2169.0,2194.0,2199.0,2218.0,4319.0,4284.0,4271.0,2197.0,2202.0,2221.0,2172.0,2165.0,2169.0
0.0,12898.0,6574.0,6508.0,6620.0,6580.0,2186.0,2182.0,2212.0,2172.0,2166.0,2170.0,2186.0,2179.0,2209.0,4319.0,4293.0,4286.0,2186.0,2182.0,2212.0,2172.0,2166.0,2170.0
0.0,12944.0,6489.0,6508.0,6580.0,6489.0,2162.0,2173.0,2154.0,2172.0,2166.0,2170.0,2162.0,2173.0,2154.0,4330.0,4316.0,4298.0,2162.0,2173.0,2154.0,2172.0,2166.0,2170.0
0.0,13035.0,6488.0,6507.0,6489.0,6485.0,2162.0,2166.0,2157.0,2171.0,2166.0,2170.0,2165.0,2166.0,2157.0,4354.0,4325.0,4356.0,2162.0,2166.0,2157.0,2171.0,2166.0,2170.0
0.0,13036.0,6565.0,6508.0,6485.0,6568.0,2190.0,2207.0,2171.0,2171.0,2167.0,2170.0,2190.0,2204.0,2171.0,4351.0,4332.0,4353.0,2190.0,2207.0,2171.0,2171.0,2167.0,2170.0
0.0,12956.0,6482.0,6508.0,6568.0,6482.0,2152.0,2191.0,2139.0,2171.0,2168.0,2169.0,2152.0,2188.0,2142.0,4323.0,4294.0,4339.0,2152.0,2191.0,2139.0,2171.0,2168.0,2169.0
0.0,13042.0,6378.0,6506.0,6482.0,6372.0,2153.0,2110.0,2109.0,2171.0,2167.0,2168.0,2153.0,2113.0,2112.0,4361.0,4313.0,4368.0,2153.0,2110.0,2109.0,2171.0,2167.0,2168.0
0.0,13146.0,6641.0,6509.0,6372.0,6650.0,2218.0,2219.0,2213.0,2172.0,2168.0,2169.0,2215.0,2216.0,2210.0,4360.0,4391.0,4395.0,2218.0,2219.0,2213.0,2172.0,2168.0,2169.0
0.0,12877.0,6654.0,6513.0,6650.0,6666.0,2244.0,2195.0,2227.0,2174.0,2169.0,2170.0,2238.0,2192.0,2224.0,4298.0,4285.0,4294.0,2244.0,2195.0,2227.0,2174.0,2169.0,2170.0
0.0,12873.0,6654.0,6516.0,6666.0,6663.0,2265.0,2182.0,2216.0,2176.0,2169.0,2171.0,2259.0,2182.0,2213.0,4278.0,4312.0,4283.0,2265.0,2182.0,2216.0,2176.0,2169.0,2171.0
0.0,12885.0,6593.0,6518.0,6663.0,6599.0,2193.0,2183.0,2223.0,2176.0,2169.0,2173.0,2193.0,2183.0,2217.0,4263.0,4325.0,4297.0,2193.0,2183.0,2223.0,2176.0,2169.0,2173.0
0.0,12955.0,6575.0,6518.0,6599.0,6575.0,2178.0,2186.0,2211.0,2176.0,2169.0,2173.0,2178.0,2186.0,2211.0,4335.0,4324.0,4296.0,2178.0,2186.0,2211.0,2176.0,2169.0,2173.0
0.0,12979.0,6661.0,6521.0,6575.0,6670.0,2189.0,2228.0,2253.0,2176.0,2170.0,2175.0,2189.0,2225.0,2247.0,4350.0,4321.0,4308.0,2189.0,2228.0,2253.0,2176.0,2170.0,2175.0
0.0,12893.0,6602.0,6523.0,6670.0,6608.0,2181.0,2229.0,2198.0,2176.0,2171.0,2176.0,2181.0,2226.0,2195.0,4339.0,4282.0,4272.0,2181.0,2229.0,2198.0,2176.0,2171.0,2176.0
0.0,12961.0,6476.0,6522.0,6608.0,6473.0,2159.0,2164.0,2150.0,2176.0,2171.0,2175.0,2159.0,2164.0,2153.0,4347.0,4284.0,4330.0,2159.0,2164.0,2150.0,2176.0,2171.0,2175.0
0.0,13093.0,6499.0,6523.0,6473.0,6502.0,2170.0,2171.0,2161.0,2176.0,2172.0,2175.0,2170.0,2168.0,2161.0,4369.0,4349.0,4375.0,2170.0,2171.0,2161.0,2176.0,2172.0,2175.0
0.0,13067.0,6534.0,6527.0,6502.0,6546.0,2183.0,2184.0,2179.0,2177.0,2174.0,2176.0,2180.0,2178.0,2176.0,4358.0,4345.0,4364.0,2183.0,2184.0,2179.0,2177.0,2174.0,2176.0
0.0,13035.0,6518.0,6530.0,6546.0,6527.0,2214.0,2159.0,2154.0,2179.0,2175.0,2176.0,2208.0,2156.0,2154.0,4348.0,4338.0,4349.0,2214.0,2159.0,2154.0,2179.0,2175.0,2176.0
0.0,13063.0,6386.0,6530.0,6527.0,6386.0,2131.0,2134.0,2121.0,2179.0,2175.0,2176.0,2131.0,2134.0,2121.0,4323.0,4366.0,4374.0,2131.0,2134.0,2121.0,2179.0,2175.0,2176.0
0.0,13204.0,6480.0,6528.0,6386.0,6474.0,2134.0,2169.0,2171.0,2178.0,2174.0,2176.0,2137.0,2172.0,2171.0,4406.0,4391.0,4407.0,2134.0,2169.0,2171.0,2178.0,2174.0,2176.0
0.0,13110.0,6645.0,6532.0,6474.0,6657.0,2212.0,2230.0,2215.0,2179.0,2175.0,2178.0,2209.0,2227.0,2209.0,4400.0,4353.0,4357.0,2212.0,2230.0,2215.0,2179.0,2175.0,2178.0
0.0,12939.0,6596.0,6536.0,6657.0,6608.0,2202.0,2220.0,2186.0,2181.0,2177.0,2178.0,2196.0,2214.0,2186.0,4325.0,4295.0,4319.0,2202.0,2220.0,2186.0,2181.0,2177.0,2178.0
0.0,13000.0,6664.0,6539.0,6608.0,6673.0,2214.0,2222.0,2237.0,2181.0,2178.0,2180.0,2214.0,2219.0,2231.0,4341.0,4311.0,4348.0,2214.0,2222.0,2237.0,2181.0,2178.0,2180.0
0.0,12944.0,6643.0,6542.0,6673.0,6652.0,2216.0,2214.0,2222.0,2182.0,2179.0,2181.0,2213.0,2211.0,2219.0,4329.0,4312.0,4303.0,2216.0,2214.0,2222.0,2182.0,2179.0,2181.0
0.0,12974.0,6704.0,6545.0,6652.0,6713.0,2220.0,2254.0,2239.0,2182.0,2181.0,2182.0,2220.0,2248.0,2236.0,4330.0,4323.0,4321.0,2220.0,2254.0,2239.0,2182.0,2181.0,2182.0
0.0,12922.0,6624.0,6547.0,6713.0,6630.0,2229.0,2188.0,2213.0,2183.0,2181.0,2183.0,2226.0,2188.0,2210.0,4326.0,4289.0,4307.0,2229.0,2188.0,2213.0,2183.0,2181.0,2183.0
0.0,13011.0,6635.0,6550.0,6630.0,6644.0,2228.0,2204.0,2212.0,2184.0,2182.0,2184.0,2225.0,2201.0,2209.0,4320.0,4355.0,4336.0,2228.0,2204.0,2212.0,2184.0,2182.0,2184.0
0.0,13006.0,6599.0,6550.0,6644.0,6599.0,2195.0,2220.0,2184.0,2184.0,2182.0,2184.0,2195.0,2220.0,2184.0,4324.0,4342.0,4340.0,2195.0,2220.0,2184.0,2184.0,2182.0,2184.0
0.0,13051.0,6585.0,6552.0,6599.0,6591.0,2220.0,2200.0,2171.0,2185.0,2183.0,2184.0,2217.0,2197.0,2171.0,4357.0,4326.0,4368.0,2220.0,2200.0,2171.0,2185.0,2183.0,2184.0
0.0,13065.0,6482.0,6550.0,6591.0,6476.0,2160.0,2176.0,2140.0,2184.0,2183.0,2183.0,2163.0,2176.0,2143.0,4335.0,4349.0,4381.0,2160.0,2176.0,2140.0,2184.0,2183.0,2183.0
0.0,13174.0,6565.0,6553.0,6476.0,6574.0,2195.0,2201.0,2178.0,2185.0,2184.0,2184.0,2192.0,2198.0,2175.0,4392.0,4373.0,4409.0,2195.0,2201.0,2178.0,2185.0,2184.0,2184.0
0.0,13085.0,6534.0,6554.0,6574.0,6537.0,2187.0,2190.0,2160.0,2186.0,2185.0,2183.0,2184.0,2187.0,2163.0,4360.0,4351.0,4374.0,2187.0,2190.0,2160.0,2186.0,2185.0,2183.0
0.0,13125.0,6560.0,6555.0,6537.0,6563.0,2157.0,2197.0,2209.0,2186.0,2185.0,2184.0,2157.0,2197.0,2206.0,4371.0,4365.0,4389.0,2157.0,2197.0,2209.0,2186.0,2185.0,2184.0
0.0,13102.0,6726.0,6560.0,6563.0,6741.0,2237.0,2226.0,2278.0,2187.0,2186.0,2187.0,2234.0,2223.0,2269.0,4401.0,4358.0,4343.0,2237.0,2226.0,2278.0,2187.0,2186.0,2187.0
0.0,12939.0,6517.0,6562.0,6741.0,6523.0,2171.0,2173.0,2179.0,2188.0,2187.0,2187.0,2168.0,2170.0,2179.0,4324.0,4332.0,4283.0,2171.0,2173.0,2179.0,2188.0,2187.0,2187.0
0.0,13163.0,6745.0,6566.0,6523.0,6757.0,2266.0,2219.0,2272.0,2189.0,2188.0,2189.0,2263.0,2216.0,2266.0,4393.0,4388.0,4382.0,2266.0,2219.0,2272.0,2189.0,2188.0,2189.0
0.0,12941.0,6610.0,6565.0,6757.0,6607.0,2226.0,2176.0,2205.0,2189.0,2187.0,2189.0,2226.0,2179.0,2205.0,4301.0,4345.0,4295.0,2226.0,2176.0,2205.0,2189.0,2187.0,2189.0
0.0,13088.0,6624.0,6565.0,6607.0,6624.0,2203.0,2224.0,2197.0,2189.0,2187.0,2189.0,2203.0,2224.0,2197.0,4341.0,4385.0,4362.0,2203.0,2224.0,2197.0,2189.0,2187.0,2189.0
0.0,13071.0,6540.0,6564.0,6624.0,6537.0,2160.0,2190.0,2187.0,2189.0,2187.0,2188.0,2160.0,2190.0,2190.0,4364.0,4337.0,4370.0,2160.0,2190.0,2187.0,2189.0,2187.0,2188.0
0.0,13155.0,6641.0,6566.0,6537.0,6647.0,2183.0,2243.0,2221.0,2189.0,2188.0,2189.0,2183.0,2240.0,2218.0,4407.0,4371.0,4377.0,2183.0,2243.0,2221.0,2189.0,2188.0,2189.0
0.0,13051.0,6627.0,6568.0,6647.0,6633.0,2221.0,2219.0,2193.0,2190.0,2189.0,2189.0,2218.0,2216.0,2193.0,4384.0,4321.0,4346.0,2221.0,2219.0,2193.0,2190.0,2189.0,2189.0
0.0,13071.0,6571.0,6569.0,6633.0,6574.0,2187.0,2207.0,2180.0,2190.0,2190.0,2189.0,2187.0,2204.0,2180.0,4349.0,4348.0,4374.0,2187.0,2207.0,2180.0,2190.0,2190.0,2189.0
0.0,13133.0,6656.0,6571.0,6574.0,6662.0,2220.0,2209.0,2233.0,2190.0,2191.0,2190.0,2220.0,2206.0,2230.0,4383.0,4363.0,4387.0,2220.0,2209.0,2233.0,2190.0,2191.0,2190.0
0.0,13051.0,6468.0,6572.0,6662.0,6471.0,2165.0,2141.0,2165.0,2190.0,2192.0,2190.0,2165.0,2138.0,2165.0,4350.0,4364.0,4337.0,2165.0,2141.0,2165.0,2190.0,2192.0,2190.0
0.0,13245.0,6544.0,6573.0,6471.0,6547.0,2170.0,2170.0,2207.0,2190.0,2192.0,2191.0,2170.0,2170.0,2204.0,4405.0,4435.0,4405.0,2170.0,2170.0,2207.0,2190.0,2192.0,2191.0
0.0,13172.0,6588.0,6575.0,6547.0,6594.0,2177.0,2197.0,2220.0,2190.0,2192.0,2193.0,2177.0,2197.0,2214.0,4400.0,4406.0,4366.0,2177.0,2197.0,2220.0,2190.0,2192.0,2193.0
0.0,13131.0,6569.0,6577.0,6594.0,6575.0,2184.0,2177.0,2214.0,2191.0,2192.0,2194.0,2181.0,2177.0,2211.0,4393.0,4379.0,4359.0,2184.0,2177.0,2214.0,2191.0,2192.0,2194.0
0.0,13156.0,6769.0,6581.0,6575.0,6781.0,2258.0,2263.0,2260.0,2193.0,2193.0,2195.0,2252.0,2260.0,2257.0,4389.0,4399.0,4368.0,2258.0,2263.0,2260.0,2193.0,2193.0,2195.0
0.0,12962.0,6666.0,6583.0,6781.0,6672.0,2225.0,2222.0,2225.0,2193.0,2194.0,2196.0,2225.0,2219.0,2222.0,4321.0,4316.0,4325.0,2225.0,2222.0,2225.0,2193.0,2194.0,2196.0
0.0,13077.0,6664.0,6584.0,6672.0,6667.0,2234.0,2216.0,2217.0,2194.0,2194.0,2196.0,2231.0,2216.0,2217.0,4354.0,4360.0,4363.0,2234.0,2216.0,2217.0,2194.0,2194.0,2196.0
0.0,13085.0,6751.0,6588.0,6667.0,6763.0,2253.0,2267.0,2243.0,2195.0,2196.0,2197.0,2250.0,2261.0,2240.0,4348.0,4366.0,4371.0,2253.0,2267.0,2243.0,2195.0,2196.0,2197.0
0.0,13001.0,6618.0,6588.0,6763.0,6618.0,2210.0,2218.0,2190.0,2196.0,2196.0,2196.0,2207.0,2218.0,2193.0,4332.0,4321.0,4348.0,2210.0,2218.0,2190.0,2196.0,2196.0,2196.0
0.0,13146.0,6605.0,6588.0,6618.0,6605.0,2209.0,2194.0,2202.0,2196.0,2196.0,2196.0,2209.0,2194.0,2202.0,4378.0,4370.0,4398.0,2209.0,2194.0,2202.0,2196.0,2196.0,2196.0
0.0,13159.0,6628.0,6589.0,6605.0,6631.0,2187.0,2218.0,2226.0,2196.0,2197.0,2196.0,2187.0,2215.0,2226.0,4379.0,4394.0,4386.0,2187.0,2218.0,2226.0,2196.0,2197.0,2196.0
0.0,13136.0,6476.0,6588.0,6631.0,6473.0,2180.0,2135.0,2158.0,2196.0,2196.0,2196.0,2180.0,2138.0,2158.0,4401.0,4373.0,4362.0,2180.0,2135.0,2158.0,2196.0,2196.0,2196.0
0.0,13291.0,6584.0,6591.0,6473.0,6593.0,2207.0,2181.0,2205.0,2197.0,2197.0,2197.0,2204.0,2178.0,2202.0,4408.0,4453.0,4430.0,2207.0,2181.0,2205.0,2197.0,2197.0,2197.0
0.0,13180.0,6573.0,6591.0,6593.0,6573.0,2227.0,2169.0,2177.0,2198.0,2196.0,2197.0,2224.0,2172.0,2177.0,4384.0,4410.0,4386.0,2227.0,2169.0,2177.0,2198.0,2196.0,2197.0
0.0,13200.0,6656.0,6594.0,6573.0,6665.0,2181.0,2235.0,2249.0,2198.0,2197.0,2199.0,2181.0,2232.0,2243.0,4367.0,4419.0,4414.0,2181.0,2235.0,2249.0,2198.0,2197.0,2199.0
0.0,13117.0,6536.0,6597.0,6665.0,6545.0,2150.0,2179.0,2216.0,2198.0,2198.0,2201.0,2150.0,2176.0,2210.0,4413.0,4356.0,4348.0,2150.0,2179.0,2216.0,2198.0,2198.0,2201.0
0.0,13246.0,6626.0,6597.0,6545.0,6626.0,2216.0,2219.0,2191.0,2198.0,2198.0,2201.0,2216.0,2219.0,2191.0,4444.0,4415.0,4387.0,2216.0,2219.0,2191.0,2198.0,2198.0,2201.0
0.0,13165.0,6745.0,6598.0,6626.0,6748.0,2249.0,2245.0,2254.0,2198.0,2199.0,2201.0,2249.0,2242.0,2254.0,4378.0,4375.0,4412.0,2249.0,2245.0,2254.0,2198.0,2199.0,2201.0
0.0,13046.0,6690.0,6599.0,6748.0,6693.0,2256.0,2197.0,2240.0,2198.0,2199.0,2202.0,2256.0,2197.0,2237.0,4345.0,4352.0,4349.0,2256.0,2197.0,2240.0,2198.0,2199.0,2202.0
0.0,13104.0,6639.0,6601.0,6693.0,6645.0,2240.0,2203.0,2202.0,2199.0,2200.0,2202.0,2237.0,2200.0,2202.0,4338.0,4400.0,4366.0,2240.0,2203.0,2202.0,2199.0,2200.0,2202.0
0.0,13158.0,6651.0,6602.0,6645.0,6654.0,2210.0,2204.0,2240.0,2200.0,2200.0,2202.0,2207.0,2204.0,2240.0,4357.0,4397.0,4404.0,2210.0,2204.0,2240.0,2200.0,2200.0,2202.0
0.0,13152.0,6697.0,6602.0,6654.0,6697.0,2248.0,2247.0,2202.0,2201.0,2200.0,2201.0,2245.0,2247.0,2205.0,4390.0,4396.0,4366.0,2248.0,2247.0,2202.0,2201.0,2200.0,2201.0
0.0,13109.0,6699.0,6605.0,6697.0,6708.0,2222.0,2244.0,2242.0,2202.0,2201.0,2202.0,2219.0,2241.0,2239.0,4355.0,4353.0,4401.0,2222.0,2244.0,2242.0,2202.0,2201.0,2202.0
0.0,13107.0,6784.0,6610.0,6708.0,6799.0,2258.0,2307.0,2234.0,2203.0,2203.0,2204.0,2255.0,2301.0,2228.0,4384.0,4359.0,4364.0,2258.0,2307.0,2234.0,2203.0,2203.0,2204.0
0.0,13031.0,6725.0,6615.0,6799.0,6740.0,2246.0,2265.0,2229.0,2205.0,2205.0,2205.0,2240.0,2259.0,2226.0,4351.0,4302.0,4378.0,2246.0,2265.0,2229.0,2205.0,2205.0,2205.0
0.0,13105.0,6629.0,6617.0,6740.0,6635.0,2227.0,2207.0,2201.0,2206.0,2206.0,2205.0,2224.0,2204.0,2201.0,4369.0,4350.0,4386.0,2227.0,2207.0,2201.0,2206.0,2206.0,2205.0
0.0,13216.0,6642.0,6619.0,6635.0,6648.0,2197.0,2224.0,2227.0,2205.0,2207.0,2207.0,2200.0,2221.0,2221.0,4391.0,4411.0,4414.0,2197.0,2224.0,2227.0,2205.0,2207.0,2207.0
0.0,13209.0,6500.0,6621.0,6648.0,6506.0,2159.0,2142.0,2205.0,2206.0,2207.0,2208.0,2156.0,2142.0,2202.0,4418.0,4397.0,4394.0,2159.0,2142.0,2205.0,2206.0,2207.0,2208.0
0.0,13357.0,6471.0,6621.0,6506.0,6471.0,2126.0,2146.0,2199.0,2206.0,2206.0,2209.0,2126.0,2149.0,2196.0,4459.0,4479.0,4419.0,2126.0,2146.0,2199.0,2206.0,2206.0,2209.0
0.0,13392.0,6601.0,6621.0,6471.0,6601.0,2213.0,2180.0,2208.0,2206.0,2206.0,2209.0,2213.0,2180.0,2208.0,4492.0,4472.0,4428.0,2213.0,2180.0,2208.0,2206.0,2206.0,2209.0
0.0,13262.0,6686.0,6622.0,6601.0,6689.0,2222.0,2222.0,2245.0,2206.0,2206.0,2210.0,2222.0,2222.0,2242.0,4405.0,4438.0,4419.0,2222.0,2222.0,2245.0,2206.0,2206.0,2210.0
0.0,13177.0,6648.0,6621.0,6689.0,6645.0,2221.0,2225.0,2199.0,2206.0,2206.0,2209.0,2221.0,2225.0,2202.0,4396.0,4396.0,4385.0,2221.0,2225.0,2199.0,2206.0,2206.0,2209.0
0.0,13218.0,6726.0,6623.0,6645.0,6732.0,2255.0,2261.0,2216.0,2207.0,2207.0,2209.0,2252.0,2258.0,2216.0,4397.0,4393.0,4428.0,2255.0,2261.0,2216.0,2207.0,2207.0,2209.0
0.0,13137.0,6740.0,6623.0,6732.0,6740.0,2230.0,2265.0,2245.0,2207.0,2207.0,2209.0,2230.0,2265.0,2245.0,4366.0,4360.0,4411.0,2230.0,2265.0,2245.0,2207.0,2207.0,2209.0
0.0,13129.0,6617.0,6624.0,6740.0,6620.0,2216.0,2212.0,2192.0,2207.0,2208.0,2209.0,2216.0,2209.0,2192.0,4391.0,4356.0,4382.0,2216.0,2212.0,2192.0,2207.0,2208.0,2209.0
0.0,13252.0,6700.0,6625.0,6620.0,6703.0,2218.0,2227.0,2258.0,2207.0,2208.0,2210.0,2218.0,2227.0,2255.0,4405.0,4412.0,4435.0,2218.0,2227.0,2258.0,2207.0,2208.0,2210.0
0.0,13172.0,6671.0,6627.0,6703.0,6677.0,2254.0,2195.0,2228.0,2208.0,2208.0,2211.0,2251.0,2195.0,2225.0,4403.0,4397.0,4372.0,2254.0,2195.0,2228.0,2208.0,2208.0,2211.0
0.0,13204.0,6595.0,6627.0,6677.0,6595.0,2192.0,2184.0,2219.0,2208.0,2207.0,2212.0,2192.0,2187.0,2216.0,4370.0,4429.0,4405.0,2192.0,2184.0,2219.0,2208.0,2207.0,2212.0
0.0,13286.0,6644.0,6630.0,6595.0,6653.0,2234.0,2189.0,2230.0,2209.0,2208.0,2213.0,2231.0,2186.0,2227.0,4432.0,4437.0,4417.0,2234.0,2189.0,2230.0,2209.0,2208.0,2213.0
0.0,13237.0,6615.0,6630.0,6653.0,6615.0,2211.0,2173.0,2231.0,2209.0,2207.0,2214.0,2211.0,2176.0,2228.0,4393.0,4435.0,4409.0,2211.0,2173.0,2231.0,2209.0,2207.0,2214.0
0.0,13275.0,6582.0,6631.0,6615.0,6585.0,2176.0,2204.0,2205.0,2209.0,2207.0,2215.0,2176.0,2204.0,2202.0,4416.0,4448.0,4411.0,2176.0,2204.0,2205.0,2209.0,2207.0,2215.0
0.0,13308.0,6658.0,6633.0,6585.0,6664.0,2227.0,2229.0,2208.0,2210.0,2208.0,2215.0,2224.0,2226.0,2208.0,4451.0,4417.0,4440.0,2227.0,2229.0,2208.0,2210.0,2208.0,2215.0
0.0,13235.0,6666.0,6633.0,6664.0,6666.0,2186.0,2262.0,2218.0,2210.0,2209.0,2214.0,2186.0,2259.0,2221.0,4403.0,4395.0,4437.0,2186.0,2262.0,2218.0,2210.0,2209.0,2214.0
0.0,13233.0,6647.0,6635.0,6666.0,6653.0,2241.0,2219.0,2193.0,2211.0,2210.0,2214.0,2238.0,2216.0,2193.0,4444.0,4365.0,4424.0,2241.0,2219.0,2193.0,2211.0,2210.0,2214.0
0.0,13252.0,6683.0,6633.0,6653.0,6677.0,2225.0,2236.0,2216.0,2210.0,2210.0,2213.0,2228.0,2236.0,2219.0,4392.0,4411.0,4449.0,2225.0,2236.0,2216.0,2210.0,2210.0,2213.0
0.0,13222.0,6685.0,6635.0,6677.0,6691.0,2254.0,2226.0,2211.0,2211.0,2211.0,2213.0,2251.0,2223.0,2211.0,4405.0,4394.0,4423.0,2254.0,2226.0,2211.0,2211.0,2211.0,2213.0
0.0,13214.0,6748.0,6637.0,6691.0,6754.0,2239.0,2258.0,2257.0,2211.0,2211.0,2215.0,2239.0,2258.0,2251.0,4379.0,4407.0,4428.0,2239.0,2258.0,2257.0,2211.0,2211.0,2215.0
0.0,13157.0,6677.0,6639.0,6754.0,6683.0,2214.0,2240.0,2229.0,2212.0,2212.0,2215.0,2211.0,2237.0,2229.0,4394.0,4375.0,4388.0,2214.0,2240.0,2229.0,2212.0,2212.0,2215.0
0.0,13234.0,6704.0,6641.0,6683.0,6710.0,2221.0,2246.0,2243.0,2213.0,2212.0,2216.0,2218.0,2246.0,2240.0,4422.0,4396.0,4416.0,2221.0,2246.0,2243.0,2213.0,2212.0,2216.0
0.0,13213.0,6634.0,6641.0,6710.0,6634.0,2195.0,2213.0,2226.0,2213.0,2212.0,2216.0,2195.0,2213.0,2226.0,4418.0,4390.0,4405.0,2195.0,2213.0,2226.0,2213.0,2212.0,2216.0
0.0,13289.0,6624.0,6642.0,6634.0,6627.0,2215.0,2204.0,2208.0,2213.0,2212.0,2217.0,2215.0,2204.0,2205.0,4444.0,4423.0,4422.0,2215.0,2204.0,2208.0,2213.0,2212.0,2217.0
0.0,13299.0,6634.0,6641.0,6627.0,6631.0,2237.0,2204.0,2190.0,2213.0,2212.0,2216.0,2237.0,2204.0,2193.0,4424.0,4432.0,4443.0,2237.0,2204.0,2190.0,2213.0,2212.0,2216.0
0.0,13292.0,6647.0,6645.0,6631.0,6659.0,2219.0,2216.0,2224.0,2214.0,2214.0,2217.0,2216.0,2210.0,2221.0,4402.0,4432.0,4458.0,2219.0,2216.0,2224.0,2214.0,2214.0,2217.0
0.0,13276.0,6576.0,6646.0,6659.0,6579.0,2190.0,2187.0,2202.0,2215.0,2214.0,2217.0,2187.0,2187.0,2202.0,4423.0,4426.0,4427.0,2190.0,2187.0,2202.0,2215.0,2214.0,2217.0
0.0,13359.0,6630.0,6646.0,6579.0,6630.0,2200.0,2217.0,2213.0,2215.0,2214.0,2217.0,2200.0,2217.0,2213.0,4455.0,4455.0,4449.0,2200.0,2217.0,2213.0,2215.0,2214.0,2217.0
0.0,13308.0,6610.0,6648.0,6630.0,6616.0,2205.0,2209.0,2202.0,2216.0,2215.0,2217.0,2202.0,2206.0,2202.0,4445.0,4425.0,4438.0,2205.0,2209.0,2202.0,2216.0,2215.0,2217.0
0.0,13328.0,6614.0,6645.0,6616.0,6605.0,2202.0,2199.0,2204.0,2215.0,2214.0,2216.0,2205.0,2202.0,2207.0,4443.0,4436.0,4449.0,2202.0,2199.0,2204.0,2215.0,2214.0,2216.0
0.0,13330.0,6642.0,6644.0,6605.0,6639.0,2198.0,2225.0,2216.0,2214.0,2214.0,2216.0,2201.0,2225.0,2216.0,4443.0,4443.0,4444.0,2198.0,2225.0,2216.0,2214.0,2214.0,2216.0
0.0,13293.0,6873.0,6647.0,6639.0,6882.0,2287.0,2291.0,2304.0,2215.0,2215.0,2217.0,2284.0,2288.0,2301.0,4444.0,4417.0,4432.0,2287.0,2291.0,2304.0,2215.0,2215.0,2217.0
0.0,13059.0,6759.0,6648.0,6882.0,6762.0,2258.0,2235.0,2269.0,2215.0,2215.0,2218.0,2258.0,2235.0,2266.0,4358.0,4354.0,4347.0,2258.0,2235.0,2269.0,2215.0,2215.0,2218.0
0.0,13182.0,6724.0,6650.0,6762.0,6730.0,2248.0,2225.0,2257.0,2216.0,2215.0,2219.0,2245.0,2225.0,2254.0,4387.0,4410.0,4385.0,2248.0,2225.0,2257.0,2216.0,2215.0,2219.0
0.0,13220.0,6747.0,6653.0,6730.0,6756.0,2239.0,2259.0,2258.0,2217.0,2216.0,2220.0,2236.0,2256.0,2255.0,4400.0,4420.0,4400.0,2239.0,2259.0,2258.0,2217.0,2216.0,2220.0
0.0,13203.0,6782.0,6656.0,6756.0,6791.0,2243.0,2271.0,2277.0,2218.0,2217.0,2221.0,2240.0,2268.0,2274.0,4412.0,4389.0,4402.0,2243.0,2271.0,2277.0,2218.0,2217.0,2221.0
0.0,13177.0,6668.0,6660.0,6791.0,6680.0,2206.0,2231.0,2243.0,2218.0,2219.0,2223.0,2206.0,2225.0,2237.0,4411.0,4380.0,4386.0,2206.0,2231.0,2243.0,2218.0,2219.0,2223.0
0.0,13300.0,6571.0,6660.0,6680.0,6571.0,2190.0,2177.0,2204.0,2218.0,2219.0,2223.0,2190.0,2177.0,2204.0,4448.0,4426.0,4426.0,2190.0,2177.0,2204.0,2218.0,2219.0,2223.0
0.0,13409.0,6699.0,6662.0,6571.0,6705.0,2256.0,2219.0,2230.0,2218.0,2220.0,2224.0,2256.0,2216.0,2227.0,4464.0,4480.0,4465.0,2256.0,2219.0,2230.0,2218.0,2220.0,2224.0
0.0,13281.0,6627.0,6662.0,6705.0,6627.0,2213.0,2226.0,2188.0,2219.0,2220.0,2223.0,2210.0,2226.0,2191.0,4398.0,4441.0,4442.0,2213.0,2226.0,2188.0,2219.0,2220.0,2223.0
0.0,13359.0,6749.0,6665.0,6627.0,6758.0,2282.0,2253.0,2223.0,2221.0,2221.0,2223.0,2276.0,2250.0,2223.0,4444.0,4434.0,4481.0,2282.0,2253.0,2223.0,2221.0,2221.0,2223.0
0.0,13237.0,6615.0,6665.0,6758.0,6615.0,2195.0,2209.0,2211.0,2221.0,2221.0,2223.0,2195.0,2209.0,2211.0,4381.0,4410.0,4446.0,2195.0,2209.0,2211.0,2221.0,2221.0,2223.0
0.0,13380.0,6644.0,6664.0,6615.0,6641.0,2222.0,2224.0,2195.0,2221.0,2221.0,2222.0,2222.0,2224.0,2198.0,4468.0,4454.0,4458.0,2222.0,2224.0,2195.0,2221.0,2221.0,2222.0
0.0,13351.0,6757.0,6665.0,6641.0,6760.0,2245.0,2254.0,2261.0,2220.0,2222.0,2223.0,2248.0,2251.0,2258.0,4441.0,4439.0,4471.0,2245.0,2254.0,2261.0,2220.0,2222.0,2223.0
0.0,13235.0,6769.0,6667.0,6760.0,6775.0,2270.0,2265.0,2240.0,2221.0,2223.0,2223.0,2267.0,2262.0,2240.0,4415.0,4412.0,4408.0,2270.0,2265.0,2240.0,2221.0,2223.0,2223.0
0.0,13226.0,6777.0,6670.0,6775.0,6786.0,2273.0,2247.0,2266.0,2222.0,2224.0,2224.0,2270.0,2244.0,2263.0,4393.0,4404.0,4429.0,2273.0,2247.0,2266.0,2222.0,2224.0,2224.0
0.0,13224.0,6605.0,6668.0,6786.0,6599.0,2184.0,2211.0,2204.0,2221.0,2223.0,2224.0,2187.0,2214.0,2204.0,4393.0,4425.0,4406.0,2184.0,2211.0,2204.0,2221.0,2223.0,2224.0
0.0,13405.0,6713.0,6668.0,6599.0,6713.0,2230.0,2233.0,2250.0,2221.0,2223.0,2224.0,2230.0,2233.0,2250.0,4479.0,4458.0,4468.0,2230.0,2233.0,2250.0,2221.0,2223.0,2224.0
0.0,13291.0,6706.0,6667.0,6713.0,6703.0,2223.0,2217.0,2263.0,2221.0,2221.0,2225.0,2223.0,2223.0,2260.0,4433.0,4436.0,4422.0,2223.0,2217.0,2263.0,2221.0,2221.0,2225.0
0.0,13298.0,6601.0,6664.0,6703.0,6592.0,2212.0,2180.0,2200.0,2220.0,2220.0,2224.0,2215.0,2183.0,2203.0,4440.0,4446.0,4412.0,2212.0,2180.0,2200.0,2220.0,2220.0,2224.0
0.0,13400.0,6624.0,6664.0,6592.0,6624.0,2213.0,2213.0,2198.0,2220.0,2220.0,2224.0,2213.0,2213.0,2198.0,4448.0,4480.0,4472.0,2213.0,2213.0,2198.0,2220.0,2220.0,2224.0
0.0,13368.0,6670.0,6665.0,6624.0,6673.0,2233.0,2241.0,2199.0,2221.0,2220.0,2224.0,2230.0,2241.0,2199.0,4447.0,4447.0,4474.0,2233.0,2241.0,2199.0,2221.0,2220.0,2224.0
0.0,13322.0,6604.0,6667.0,6673.0,6610.0,2215.0,2199.0,2196.0,2222.0,2221.0,2224.0,2212.0,2196.0,2196.0,4430.0,4419.0,4473.0,2215.0,2199.0,2196.0,2222.0,2221.0,2224.0
0.0,13391.0,6769.0,6672.0,6610.0,6784.0,2247.0,2311.0,2226.0,2224.0,2224.0,2224.0,2241.0,2302.0,2226.0,4451.0,4464.0,4476.0,2247.0,2311.0,2226.0,2224.0,2224.0,2224.0
0.0,13232.0,6687.0,6675.0,6784.0,6696.0,2197.0,2251.0,2248.0,2224.0,2226.0,2225.0,2197.0,2245.0,2245.0,4425.0,4361.0,4446.0,2197.0,2251.0,2248.0,2224.0,2226.0,2225.0
0.0,13329.0,6664.0,6673.0,6696.0,6658.0,2215.0,2221.0,2222.0,2223.0,2226.0,2224.0,2218.0,2221.0,2225.0,4475.0,4427.0,4427.0,2215.0,2221.0,2222.0,2223.0,2226.0,2224.0
0.0,13361.0,6711.0,6675.0,6658.0,6717.0,2240.0,2247.0,2230.0,2224.0,2226.0,2225.0,2237.0,2247.0,2227.0,4454.0,4457.0,4450.0,2240.0,2247.0,2230.0,2224.0,2226.0,2225.0
0.0,13308.0,6763.0,6675.0,6717.0,6763.0,2270.0,2225.0,2268.0,2224.0,2225.0,2226.0,2270.0,2228.0,2265.0,4432.0,4431.0,4445.0,2270.0,2225.0,2268.0,2224.0,2225.0,2226.0
0.0,13262.0,6797.0,6676.0,6763.0,6800.0,2266.0,2261.0,2273.0,2225.0,2225.0,2226.0,2263.0,2261.0,2273.0,4402.0,4450.0,4410.0,2266.0,2261.0,2273.0,2225.0,2225.0,2226.0
0.0,13228.0,6829.0,6681.0,6800.0,6844.0,2245.0,2283.0,2316.0,2225.0,2227.0,2229.0,2245.0,2277.0,2307.0,4409.0,4414.0,4405.0,2245.0,2283.0,2316.0,2225.0,2227.0,2229.0
0.0,13199.0,6698.0,6680.0,6844.0,6695.0,2200.0,2263.0,2232.0,2225.0,2227.0,2228.0,2200.0,2263.0,2235.0,4430.0,4398.0,4371.0,2200.0,2263.0,2232.0,2225.0,2227.0,2228.0
0.0,13345.0,6755.0,6682.0,6695.0,6761.0,2245.0,2232.0,2284.0,2225.0,2228.0,2229.0,2245.0,2229.0,2281.0,4475.0,4418.0,4452.0,2245.0,2232.0,2284.0,2225.0,2228.0,2229.0
0.0,13285.0,6714.0,6684.0,6761.0,6720.0,2215.0,2250.0,2255.0,2225.0,2229.0,2230.0,2215.0,2247.0,2252.0,4430.0,4452.0,4403.0,2215.0,2250.0,2255.0,2225.0,2229.0,2230.0
0.0,13332.0,6604.0,6683.0,6720.0,6601.0,2232.0,2197.0,2172.0,2225.0,2229.0,2229.0,2232.0,2197.0,2175.0,4460.0,4437.0,4435.0,2232.0,2197.0,2172.0,2225.0,2229.0,2229.0
0.0,13448.0,6724.0,6685.0,6601.0,6730.0,2263.0,2227.0,2240.0,2226.0,2230.0,2229.0,2260.0,2224.0,2240.0,4443.0,4490.0,4515.0,2263.0,2227.0,2240.0,2226.0,2230.0,2229.0
0.0,13325.0,6664.0,6688.0,6730.0,6673.0,2218.0,2233.0,2222.0,2227.0,2231.0,2230.0,2215.0,2230.0,2219.0,4415.0,4463.0,4447.0,2218.0,2233.0,2222.0,2227.0,2231.0,2230.0
0.0,13391.0,6641.0,6688.0,6673.0,6641.0,2208.0,2223.0,2210.0,2227.0,2231.0,2230.0,2208.0,2223.0,2210.0,4463.0,4460.0,4468.0,2208.0,2223.0,2210.0,2227.0,2231.0,2230.0
0.0,13423.0,6703.0,6688.0,6641.0,6703.0,2241.0,2230.0,2232.0,2228.0,2230.0,2230.0,2238.0,2233.0,2232.0,4473.0,4470.0,4480.0,2241.0,2230.0,2232.0,2228.0,2230.0,2230.0
0.0,13361.0,6720.0,6689.0,6703.0,6723.0,2246.0,2231.0,2246.0,2228.0,2230.0,2231.0,2246.0,2231.0,2243.0,4443.0,4460.0,4458.0,2246.0,2231.0,2246.0,2228.0,2230.0,2231.0
0.0,13344.0,6773.0,6691.0,6723.0,6779.0,2249.0,2258.0,2272.0,2228.0,2231.0,2232.0,2249.0,2255.0,2269.0,4438.0,4459.0,4447.0,2249.0,2258.0,2272.0,2228.0,2231.0,2232.0
0.0,13294.0,6774.0,6693.0,6779.0,6780.0,2251.0,2265.0,2264.0,2228.0,2232.0,2233.0,2251.0,2262.0,2261.0,4435.0,4435.0,4424.0,2251.0,2265.0,2264.0,2228.0,2232.0,2233.0
0.0,13299.0,6789.0,6694.0,6780.0,6792.0,2270.0,2259.0,2263.0,2229.0,2232.0,2233.0,2267.0,2259.0,2263.0,4433.0,4431.0,4435.0,2270.0,2259.0,2263.0,2229.0,2232.0,2233.0
0.0,13290.0,6720.0,6695.0,6792.0,6723.0,2214.0,2247.0,2262.0,2229.0,2232.0,2234.0,2214.0,2247.0,2259.0,4417.0,4437.0,4436.0,2214.0,2247.0,2262.0,2229.0,2232.0,2234.0
0.0,13362.0,6731.0,6695.0,6723.0,6731.0,2261.0,2245.0,2225.0,2230.0,2232.0,2233.0,2258.0,2245.0,2228.0,4473.0,4449.0,4440.0,2261.0,2245.0,2225.0,2230.0,2232.0,2233.0
0.0,13354.0,6748.0,6697.0,6731.0,6754.0,2256.0,2235.0,2263.0,2231.0,2232.0,2234.0,2253.0,2235.0,2260.0,4429.0,4451.0,4474.0,2256.0,2235.0,2263.0,2231.0,2232.0,2234.0
0.0,13337.0,6785.0,6699.0,6754.0,6791.0,2306.0,2255.0,2230.0,2232.0,2233.0,2234.0,2303.0,2252.0,2230.0,4437.0,4461.0,4439.0,2306.0,2255.0,2230.0,2232.0,2233.0,2234.0
0.0,13306.0,6778.0,6703.0,6791.0,6790.0,2252.0,2270.0,2268.0,2233.0,2234.0,2236.0,2249.0,2267.0,2262.0,4390.0,4444.0,4472.0,2252.0,2270.0,2268.0,2233.0,2234.0,2236.0
0.0,13319.0,6767.0,6705.0,6790.0,6773.0,2255.0,2253.0,2265.0,2233.0,2235.0,2237.0,2255.0,2250.0,2262.0,4447.0,4432.0,4440.0,2255.0,2253.0,2265.0,2233.0,2235.0,2237.0
0.0,13342.0,6653.0,6707.0,6773.0,6659.0,2207.0,2240.0,2212.0,2234.0,2236.0,2237.0,2204.0,2237.0,2212.0,4444.0,4452.0,4446.0,2207.0,2240.0,2212.0,2234.0,2236.0,2237.0
0.0,13462.0,6619.0,6707.0,6659.0,6619.0,2210.0,2197.0,2212.0,2234.0,2236.0,2237.0,2210.0,2197.0,2212.0,4495.0,4468.0,4499.0,2210.0,2197.0,2212.0,2234.0,2236.0,2237.0
0.0,13502.0,6786.0,6710.0,6619.0,6795.0,2262.0,2261.0,2272.0,2235.0,2237.0,2238.0,2259.0,2258.0,2269.0,4492.0,4511.0,4499.0,2262.0,2261.0,2272.0,2235.0,2237.0,2238.0
0.0,13335.0,6762.0,6712.0,6795.0,6768.0,2256.0,2231.0,2281.0,2236.0,2237.0,2239.0,2253.0,2231.0,2278.0,4443.0,4450.0,4442.0,2256.0,2231.0,2281.0,2236.0,2237.0,2239.0
0.0,13368.0,6873.0,6717.0,6768.0,6888.0,2308.0,2292.0,2288.0,2238.0,2238.0,2241.0,2302.0,2289.0,2282.0,4452.0,4480.0,4436.0,2308.0,2292.0,2288.0,2238.0,2238.0,2241.0
0.0,13263.0,6767.0,6715.0,6888.0,6761.0,2242.0,2256.0,2263.0,2237.0,2238.0,2240.0,2245.0,2256.0,2266.0,4406.0,4422.0,4435.0,2242.0,2256.0,2263.0,2237.0,2238.0,2240.0
0.0,13384.0,6820.0,6716.0,6761.0,6823.0,2282.0,2259.0,2282.0,2238.0,2238.0,2240.0,2279.0,2259.0,2282.0,4469.0,4458.0,4457.0,2282.0,2259.0,2282.0,2238.0,2238.0,2240.0
0.0,13325.0,6768.0,6717.0,6823.0,6771.0,2215.0,2266.0,2290.0,2237.0,2239.0,2241.0,2218.0,2263.0,2287.0,4432.0,4455.0,4438.0,2215.0,2266.0,2290.0,2237.0,2239.0,2241.0
0.0,13380.0,6804.0,6717.0,6771.0,6804.0,2258.0,2272.0,2274.0,2237.0,2239.0,2241.0,2258.0,2272.0,2274.0,4496.0,4451.0,4433.0,2258.0,2272.0,2274.0,2237.0,2239.0,2241.0
0.0,13347.0,6789.0,6718.0,6804.0,6792.0,2258.0,2314.0,2220.0,2238.0,2240.0,2240.0,2255.0,2311.0,2223.0,4453.0,4445.0,4449.0,2258.0,2314.0,2220.0,2238.0,2240.0,2240.0
0.0,13362.0,6818.0,6721.0,6792.0,6827.0,2279.0,2286.0,2262.0,2239.0,2241.0,2241.0,2276.0,2283.0,2259.0,4456.0,4406.0,4500.0,2279.0,2286.0,2262.0,2239.0,2241.0,2241.0
0.0,13336.0,6765.0,6724.0,6827.0,6774.0,2253.0,2279.0,2242.0,2240.0,2243.0,2241.0,2250.0,2273.0,2242.0,4438.0,4437.0,4461.0,2253.0,2279.0,2242.0,2240.0,2243.0,2241.0
0.0,13398.0,6805.0,6727.0,6774.0,6814.0,2278.0,2265.0,2271.0,2241.0,2244.0,2242.0,2275.0,2262.0,2268.0,4467.0,4450.0,4481.0,2278.0,2265.0,2271.0,2241.0,2244.0,2242.0
0.0,13367.0,6648.0,6728.0,6814.0,6651.0,2207.0,2222.0,2222.0,2241.0,2244.0,2243.0,2207.0,2222.0,2219.0,4445.0,4467.0,4455.0,2207.0,2222.0,2222.0,2241.0,2244.0,2243.0
0.0,13533.0,6685.0,6726.0,6651.0,6679.0,2219.0,2202.0,2258.0,2240.0,2243.0,2243.0,2222.0,2205.0,2258.0,4516.0,4510.0,4507.0,2219.0,2202.0,2258.0,2240.0,2243.0,2243.0
0.0,13499.0,6728.0,6728.0,6679.0,6734.0,2258.0,2225.0,2251.0,2241.0,2243.0,2244.0,2255.0,2225.0,2248.0,4501.0,4527.0,4471.0,2258.0,2225.0,2251.0,2241.0,2243.0,2244.0
0.0,13450.0,6817.0,6732.0,6734.0,6829.0,2280.0,2274.0,2275.0,2242.0,2244.0,2246.0,2277.0,2271.0,2269.0,4465.0,4504.0,4481.0,2280.0,2274.0,2275.0,2242.0,2244.0,2246.0
0.0,13367.0,6768.0,6731.0,6829.0,6765.0,2279.0,2244.0,2242.0,2242.0,2244.0,2245.0,2279.0,2244.0,2245.0,4446.0,4458.0,4463.0,2279.0,2244.0,2242.0,2242.0,2244.0,2245.0
0.0,13428.0,6803.0,6733.0,6765.0,6809.0,2283.0,2269.0,2257.0,2243.0,2244.0,2246.0,2280.0,2269.0,2254.0,4447.0,4488.0,4493.0,2283.0,2269.0,2257.0,2243.0,2244.0,2246.0
0.0,13390.0,6808.0,6733.0,6809.0,6808.0,2272.0,2305.0,2231.0,2243.0,2245.0,2245.0,2272.0,2302.0,2234.0,4446.0,4463.0,4481.0,2272.0,2305.0,2231.0,2243.0,2245.0,2245.0
0.0,13391.0,6847.0,6738.0,6808.0,6862.0,2307.0,2300.0,2255.0,2245.0,2247.0,2246.0,2301.0,2294.0,2252.0,4457.0,4430.0,4504.0,2307.0,2300.0,2255.0,2245.0,2247.0,2246.0
0.0,13352.0,6815.0,6740.0,6862.0,6821.0,2245.0,2289.0,2287.0,2245.0,2248.0,2247.0,2245.0,2286.0,2284.0,4428.0,4441.0,4483.0,2245.0,2289.0,2287.0,2245.0,2248.0,2247.0
0.0,13399.0,6787.0,6741.0,6821.0,6790.0,2264.0,2279.0,2247.0,2246.0,2249.0,2246.0,2261.0,2276.0,2250.0,4490.0,4455.0,4454.0,2264.0,2279.0,2247.0,2246.0,2249.0,2246.0
0.0,13433.0,6732.0,6743.0,6790.0,6738.0,2248.0,2233.0,2257.0,2246.0,2250.0,2247.0,2248.0,2230.0,2254.0,4474.0,4468.0,4491.0,2248.0,2233.0,2257.0,2246.0,2250.0,2247.0
0.0,13491.0,6677.0,6745.0,6738.0,6683.0,2245.0,2226.0,2212.0,2247.0,2250.0,2248.0,2242.0,2226.0,2209.0,4490.0,4517.0,4484.0,2245.0,2226.0,2212.0,2247.0,2250.0,2248.0
0.0,13552.0,6695.0,6745.0,6683.0,6695.0,2230.0,2229.0,2236.0,2247.0,2250.0,2248.0,2230.0,2229.0,2236.0,4496.0,4524.0,4532.0,2230.0,2229.0,2236.0,2247.0,2250.0,2248.0
0.0,13540.0,6799.0,6749.0,6695.0,6811.0,2255.0,2265.0,2291.0,2248.0,2251.0,2250.0,2252.0,2262.0,2285.0,4511.0,4521.0,4508.0,2255.0,2265.0,2291.0,2248.0,2251.0,2250.0
0.0,13436.0,6805.0,6749.0,6811.0,6805.0,2268.0,2251.0,2286.0,2248.0,2250.0,2251.0,2268.0,2254.0,2283.0,4489.0,4488.0,4459.0,2268.0,2251.0,2286.0,2248.0,2250.0,2251.0
0.0,13442.0,6802.0,6751.0,6805.0,6808.0,2256.0,2291.0,2261.0,2249.0,2251.0,2251.0,2253.0,2288.0,2261.0,4476.0,4499.0,4467.0,2256.0,2291.0,2261.0,2249.0,2251.0,2251.0
0.0,13445.0,6866.0,6756.0,6808.0,6881.0,2295.0,2286.0,2300.0,2251.0,2252.0,2253.0,2289.0,2283.0,2294.0,4491.0,4462.0,4492.0,2295.0,2286.0,2300.0,2251.0,2252.0,2253.0
0.0,13387.0,6741.0,6757.0,6881.0,6744.0,2239.0,2270.0,2235.0,2251.0,2253.0,2253.0,2239.0,2267.0,2235.0,4458.0,4470.0,4459.0,2239.0,2270.0,2235.0,2251.0,2253.0,2253.0
0.0,13527.0,6784.0,6757.0,6744.0,6784.0,2267.0,2289.0,2228.0,2251.0,2254.0,2252.0,2267.0,2286.0,2231.0,4514.0,4489.0,4524.0,2267.0,2289.0,2228.0,2251.0,2254.0,2252.0
0.0,13487.0,6863.0,6758.0,6784.0,6866.0,2320.0,2278.0,2268.0,2252.0,2254.0,2252.0,2317.0,2278.0,2268.0,4486.0,4473.0,4528.0,2320.0,2278.0,2268.0,2252.0,2254.0,2252.0
0.0,13408.0,6867.0,6759.0,6866.0,6870.0,2294.0,2311.0,2265.0,2253.0,2255.0,2251.0,2291.0,2308.0,2268.0,4436.0,4484.0,4488.0,2294.0,2311.0,2265.0,2253.0,2255.0,2251.0
0.0,13407.0,6808.0,6761.0,6870.0,6814.0,2279.0,2276.0,2259.0,2254.0,2255.0,2252.0,2276.0,2276.0,2256.0,4465.0,4454.0,4488.0,2279.0,2276.0,2259.0,2254.0,2255.0,2252.0
0.0,13469.0,6738.0,6760.0,6814.0,6735.0,2230.0,2250.0,2255.0,2254.0,2255.0,2251.0,2230.0,2250.0,2258.0,4483.0,4489.0,4497.0,2230.0,2250.0,2255.0,2254.0,2255.0,2251.0
0.0,13545.0,6803.0,6762.0,6735.0,6809.0,2268.0,2284.0,2257.0,2255.0,2256.0,2251.0,2265.0,2281.0,2257.0,4532.0,4515.0,4498.0,2268.0,2284.0,2257.0,2255.0,2256.0,2251.0
0.0,13477.0,6767.0,6765.0,6809.0,6776.0,2258.0,2254.0,2264.0,2255.0,2257.0,2253.0,2258.0,2251.0,2258.0,4497.0,4484.0,4496.0,2258.0,2254.0,2264.0,2255.0,2257.0,2253.0
0.0,13519.0,6830.0,6768.0,6776.0,6839.0,2289.0,2258.0,2292.0,2256.0,2258.0,2254.0,2286.0,2255.0,2289.0,4507.0,4517.0,4495.0,2289.0,2258.0,2292.0,2256.0,2258.0,2254.0
0.0,13465.0,6871.0,6772.0,6839.0,6883.0,2284.0,2279.0,2320.0,2257.0,2259.0,2256.0,2281.0,2276.0,2314.0,4479.0,4516.0,4470.0,2284.0,2279.0,2320.0,2257.0,2259.0,2256.0
0.0,13433.0,6817.0,6775.0,6883.0,6826.0,2267.0,2276.0,2283.0,2258.0,2260.0,2257.0,2264.0,2273.0,2280.0,4487.0,4498.0,4448.0,2267.0,2276.0,2283.0,2258.0,2260.0,2257.0
0.0,13499.0,6815.0,6777.0,6826.0,6821.0,2270.0,2270.0,2281.0,2259.0,2260.0,2258.0,2267.0,2270.0,2278.0,4507.0,4504.0,4488.0,2270.0,2270.0,2281.0,2259.0,2260.0,2258.0
0.0,13510.0,6744.0,6777.0,6821.0,6744.0,2262.0,2228.0,2254.0,2259.0,2260.0,2258.0,2262.0,2228.0,2254.0,4507.0,4510.0,4493.0,2262.0,2228.0,2254.0,2259.0,2260.0,2258.0
0.0,13587.0,6812.0,6779.0,6744.0,6818.0,2295.0,2277.0,2246.0,2260.0,2261.0,2258.0,2292.0,2274.0,2246.0,4515.0,4552.0,4520.0,2295.0,2277.0,2246.0,2260.0,2261.0,2258.0
0.0,13519.0,6921.0,6781.0,6818.0,6927.0,2315.0,2296.0,2316.0,2261.0,2261.0,2259.0,2312.0,2296.0,2313.0,4485.0,4506.0,4528.0,2315.0,2296.0,2316.0,2261.0,2261.0,2259.0
0.0,13416.0,6884.0,6783.0,6927.0,6890.0,2322.0,2281.0,2287.0,2262.0,2262.0,2259.0,2319.0,2278.0,2287.0,4468.0,4487.0,4461.0,2322.0,2281.0,2287.0,2262.0,2262.0,2259.0
0.0,13459.0,6861.0,6786.0,6890.0,6870.0,2284.0,2303.0,2283.0,2263.0,2263.0,2260.0,2281.0,2300.0,2280.0,4464.0,4505.0,4490.0,2284.0,2303.0,2283.0,2263.0,2263.0,2260.0
0.0,13488.0,6786.0,6786.0,6870.0,6786.0,2243.0,2287.0,2256.0,2263.0,2263.0,2260.0,2243.0,2287.0,2256.0,4505.0,4486.0,4497.0,2243.0,2287.0,2256.0,2263.0,2263.0,2260.0
0.0,13572.0,6841.0,6789.0,6786.0,6850.0,2254.0,2311.0,2285.0,2263.0,2265.0,2261.0,2254.0,2305.0,2282.0,4546.0,4502.0,4524.0,2254.0,2311.0,2285.0,2263.0,2265.0,2261.0
0.0,13517.0,6856.0,6789.0,6850.0,6856.0,2271.0,2289.0,2296.0,2262.0,2265.0,2262.0,2274.0,2289.0,2293.0,4535.0,4484.0,4498.0,2271.0,2289.0,2296.0,2262.0,2265.0,2262.0
0.0,13511.0,6621.0,6787.0,6856.0,6615.0,2208.0,2188.0,2219.0,2262.0,2264.0,2261.0,2208.0,2191.0,2222.0,4515.0,4506.0,4490.0,2208.0,2188.0,2219.0,2262.0,2264.0,2261.0
0.0,13746.0,6809.0,6787.0,6615.0,6809.0,2294.0,2238.0,2277.0,2262.0,2264.0,2261.0,2294.0,2238.0,2277.0,4578.0,4604.0,4564.0,2294.0,2238.0,2277.0,2262.0,2264.0,2261.0
0.0,13552.0,6719.0,6789.0,6809.0,6725.0,2236.0,2242.0,2247.0,2263.0,2264.0,2262.0,2233.0,2242.0,2244.0,4492.0,4554.0,4506.0,2236.0,2242.0,2247.0,2263.0,2264.0,2262.0
0.0,13642.0,6658.0,6790.0,6725.0,6661.0,2204.0,2206.0,2251.0,2263.0,2264.0,2263.0,2204.0,2206.0,2248.0,4553.0,4550.0,4539.0,2204.0,2206.0,2251.0,2263.0,2264.0,2263.0
0.0,13709.0,6866.0,6792.0,6661.0,6872.0,2250.0,2304.0,2318.0,2263.0,2265.0,2264.0,2250.0,2301.0,2315.0,4585.0,4586.0,4538.0,2250.0,2304.0,2318.0,2263.0,2265.0,2264.0
0.0,13504.0,6815.0,6792.0,6872.0,6815.0,2276.0,2284.0,2255.0,2263.0,2266.0,2263.0,2276.0,2281.0,2258.0,4539.0,4491.0,4474.0,2276.0,2284.0,2255.0,2263.0,2266.0,2263.0
0.0,13561.0,6812.0,6791.0,6815.0,6809.0,2276.0,2299.0,2234.0,2263.0,2266.0,2262.0,2276.0,2299.0,2237.0,4513.0,4514.0,4534.0,2276.0,2299.0,2234.0,2263.0,2266.0,2262.0
0.0,13564.0,6881.0,6793.0,6809.0,6887.0,2318.0,2311.0,2258.0,2264.0,2267.0,2262.0,2315.0,2308.0,2258.0,4513.0,4499.0,4552.0,2318.0,2311.0,2258.0,2264.0,2267.0,2262.0
0.0,13492.0,6850.0,6794.0,6887.0,6853.0,2277.0,2303.0,2273.0,2264.0,2268.0,2262.0,2277.0,2300.0,2273.0,4474.0,4490.0,4528.0,2277.0,2303.0,2273.0,2264.0,2268.0,2262.0
0.0,13529.0,6807.0,6795.0,6853.0,6810.0,2283.0,2251.0,2276.0,2265.0,2268.0,2262.0,2280.0,2251.0,2276.0,4515.0,4501.0,4513.0,2283.0,2251.0,2276.0,2265.0,2268.0,2262.0
0.0,13575.0,6842.0,6795.0,6810.0,6842.0,2300.0,2257.0,2285.0,2266.0,2267.0,2262.0,2297.0,2260.0,2285.0,4512.0,4553.0,4510.0,2300.0,2257.0,2285.0,2266.0,2267.0,2262.0
0.0,13543.0,6968.0,6798.0,6842.0,6977.0,2341.0,2311.0,2325.0,2267.0,2267.0,2264.0,2338.0,2311.0,2319.0,4498.0,4544.0,4501.0,2341.0,2311.0,2325.0,2267.0,2267.0,2264.0
0.0,13417.0,6876.0,6799.0,6977.0,6879.0,2273.0,2273.0,2333.0,2267.0,2267.0,2265.0,2273.0,2273.0,2330.0,4460.0,4490.0,4467.0,2273.0,2273.0,2333.0,2267.0,2267.0,2265.0
0.0,13518.0,6883.0,6802.0,6879.0,6892.0,2303.0,2305.0,2284.0,2268.0,2268.0,2266.0,2300.0,2302.0,2281.0,4528.0,4528.0,4462.0,2303.0,2305.0,2284.0,2268.0,2268.0,2266.0
0.0,13514.0,6829.0,6802.0,6892.0,6829.0,2271.0,2282.0,2276.0,2268.0,2268.0,2266.0,2271.0,2282.0,2276.0,4501.0,4499.0,4514.0,2271.0,2282.0,2276.0,2268.0,2268.0,2266.0
0.0,13577.0,6838.0,6806.0,6829.0,6850.0,2289.0,2280.0,2281.0,2270.0,2269.0,2267.0,2283.0,2277.0,2278.0,4533.0,4522.0,4522.0,2289.0,2280.0,2281.0,2270.0,2269.0,2267.0
0.0,13568.0,6774.0,6807.0,6850.0,6777.0,2241.0,2268.0,2268.0,2270.0,2270.0,2267.0,2241.0,2265.0,2268.0,4521.0,4527.0,4520.0,2241.0,2268.0,2268.0,2270.0,2270.0,2267.0
0.0,13644.0,6862.0,6811.0,6777.0,6874.0,2291.0,2303.0,2280.0,2271.0,2272.0,2268.0,2288.0,2297.0,2277.0,4569.0,4542.0,4533.0,2291.0,2303.0,2280.0,2271.0,2272.0,2268.0
0.0,13559.0,6818.0,6810.0,6874.0,6815.0,2279.0,2256.0,2280.0,2271.0,2271.0,2268.0,2279.0,2259.0,2280.0,4522.0,4513.0,4524.0,2279.0,2256.0,2280.0,2271.0,2271.0,2268.0
0.0,13615.0,6876.0,6813.0,6815.0,6885.0,2337.0,2266.0,2282.0,2272.0,2272.0,2269.0,2334.0,2263.0,2279.0,4534.0,4557.0,4524.0,2337.0,2266.0,2282.0,2272.0,2272.0,2269.0
0.0,13554.0,6892.0,6815.0,6885.0,6898.0,2319.0,2276.0,2303.0,2273.0,2272.0,2270.0,2316.0,2276.0,2300.0,4479.0,4550.0,4525.0,2319.0,2276.0,2303.0,2273.0,2272.0,2270.0
0.0,13547.0,6862.0,6816.0,6898.0,6865.0,2291.0,2290.0,2284.0,2273.0,2272.0,2271.0,2291.0,2290.0,2281.0,4500.0,4540.0,4507.0,2291.0,2290.0,2284.0,2273.0,2272.0,2271.0
0.0,13583.0,6845.0,6814.0,6865.0,6839.0,2275.0,2270.0,2294.0,2272.0,2271.0,2271.0,2278.0,2273.0,2294.0,4528.0,4526.0,4529.0,2275.0,2270.0,2294.0,2272.0,2271.0,2271.0
0.0,13603.0,6843.0,6816.0,6839.0,6849.0,2271.0,2272.0,2306.0,2273.0,2271.0,2272.0,2268.0,2272.0,2303.0,4541.0,4543.0,4519.0,2271.0,2272.0,2306.0,2273.0,2271.0,2272.0
0.0,13599.0,6902.0,6818.0,6849.0,6908.0,2268.0,2315.0,2325.0,2273.0,2272.0,2273.0,2268.0,2312.0,2322.0,4548.0,4541.0,4510.0,2268.0,2315.0,2325.0,2273.0,2272.0,2273.0
0.0,13546.0,6860.0,6820.0,6908.0,6866.0,2263.0,2317.0,2286.0,2273.0,2273.0,2274.0,2263.0,2314.0,2283.0,4551.0,4501.0,4494.0,2263.0,2317.0,2286.0,2273.0,2273.0,2274.0
0.0,13594.0,6900.0,6825.0,6866.0,6915.0,2303.0,2297.0,2315.0,2274.0,2275.0,2276.0,2300.0,2291.0,2309.0,4556.0,4502.0,4536.0,2303.0,2297.0,2315.0,2274.0,2275.0,2276.0
0.0,13560.0,6808.0,6827.0,6915.0,6814.0,2275.0,2282.0,2257.0,2275.0,2276.0,2276.0,2272.0,2279.0,2257.0,4519.0,4528.0,4513.0,2275.0,2282.0,2257.0,2275.0,2276.0,2276.0
0.0,13667.0,6695.0,6825.0,6814.0,6689.0,2244.0,2222.0,2223.0,2275.0,2275.0,2275.0,2244.0,2225.0,2226.0,4550.0,4546.0,4571.0,2244.0,2222.0,2223.0,2275.0,2275.0,2275.0
0.0,13786.0,6810.0,6825.0,6689.0,6810.0,2308.0,2261.0,2241.0,2276.0,2275.0,2274.0,2305.0,2261.0,2244.0,4581.0,4603.0,4602.0,2308.0,2261.0,2241.0,2276.0,2275.0,2274.0
0.0,13665.0,6687.0,6824.0,6810.0,6684.0,2240.0,2219.0,2225.0,2276.0,2274.0,2274.0,2240.0,2222.0,2225.0,4520.0,4564.0,4581.0,2240.0,2219.0,2225.0,2276.0,2274.0,2274.0
0.0,13788.0,6912.0,6824.0,6684.0,6912.0,2291.0,2306.0,2315.0,2276.0,2274.0,2274.0,2291.0,2306.0,2315.0,4588.0,4603.0,4597.0,2291.0,2306.0,2315.0,2276.0,2274.0,2274.0
0.0,13560.0,6892.0,6826.0,6912.0,6898.0,2317.0,2282.0,2299.0,2277.0,2274.0,2275.0,2314.0,2282.0,2296.0,4537.0,4516.0,4507.0,2317.0,2282.0,2299.0,2277.0,2274.0,2275.0
0.0,13580.0,7057.0,6833.0,6898.0,7078.0,2352.0,2348.0,2378.0,2279.0,2276.0,2278.0,2346.0,2342.0,2369.0,4514.0,4540.0,4526.0,2352.0,2348.0,2378.0,2279.0,2276.0,2278.0
0.0,13421.0,6852.0,6832.0,7078.0,6849.0,2267.0,2305.0,2277.0,2278.0,2276.0,2278.0,2270.0,2305.0,2277.0,4485.0,4480.0,4456.0,2267.0,2305.0,2277.0,2278.0,2276.0,2278.0
0.0,13647.0,6892.0,6833.0,6849.0,6895.0,2292.0,2289.0,2314.0,2278.0,2276.0,2279.0,2292.0,2289.0,2311.0,4567.0,4523.0,4557.0,2292.0,2289.0,2314.0,2278.0,2276.0,2279.0
0.0,13604.0,7000.0,6837.0,6895.0,7012.0,2323.0,2330.0,2359.0,2279.0,2277.0,2281.0,2320.0,2327.0,2353.0,4542.0,4539.0,4523.0,2323.0,2330.0,2359.0,2279.0,2277.0,2281.0
0.0,13499.0,6890.0,6839.0,7012.0,6896.0,2290.0,2274.0,2332.0,2280.0,2277.0,2282.0,2287.0,2274.0,2329.0,4514.0,4501.0,4484.0,2290.0,2274.0,2332.0,2280.0,2277.0,2282.0
0.0,13621.0,6807.0,6839.0,6896.0,6807.0,2270.0,2275.0,2262.0,2280.0,2277.0,2282.0,2270.0,2275.0,2262.0,4550.0,4557.0,4514.0,2270.0,2275.0,2262.0,2280.0,2277.0,2282.0
0.0,13710.0,6709.0,6837.0,6807.0,6703.0,2265.0,2213.0,2225.0,2280.0,2276.0,2281.0,2265.0,2216.0,2228.0,4570.0,4556.0,4584.0,2265.0,2213.0,2225.0,2280.0,2276.0,2281.0
0.0,13808.0,6799.0,6837.0,6703.0,6799.0,2292.0,2263.0,2244.0,2280.0,2276.0,2281.0,2292.0,2263.0,2244.0,4575.0,4615.0,4618.0,2292.0,2263.0,2244.0,2280.0,2276.0,2281.0
0.0,13712.0,6718.0,6834.0,6799.0,6709.0,2222.0,2242.0,2245.0,2279.0,2276.0,2279.0,2225.0,2242.0,2251.0,4548.0,4565.0,4599.0,2222.0,2242.0,2245.0,2279.0,2276.0,2279.0
0.0,13793.0,6897.0,6835.0,6709.0,6900.0,2289.0,2301.0,2310.0,2279.0,2276.0,2280.0,2289.0,2301.0,2307.0,4615.0,4586.0,4592.0,2289.0,2301.0,2310.0,2279.0,2276.0,2280.0
0.0,13605.0,6860.0,6837.0,6900.0,6866.0,2296.0,2299.0,2271.0,2280.0,2277.0,2280.0,2293.0,2296.0,2271.0,4548.0,4527.0,4530.0,2296.0,2299.0,2271.0,2280.0,2277.0,2280.0
0.0,13645.0,6844.0,6838.0,6866.0,6847.0,2269.0,2303.0,2275.0,2280.0,2278.0,2280.0,2269.0,2300.0,2275.0,4544.0,4532.0,4569.0,2269.0,2303.0,2275.0,2280.0,2278.0,2280.0
0.0,13667.0,6978.0,6842.0,6847.0,6990.0,2329.0,2317.0,2344.0,2281.0,2279.0,2282.0,2326.0,2314.0,2338.0,4571.0,4531.0,4565.0,2329.0,2317.0,2344.0,2281.0,2279.0,2282.0
0.0,13536.0,7107.0,6845.0,6990.0,7116.0,2383.0,2373.0,2360.0,2282.0,2280.0,2283.0,2380.0,2370.0,2357.0,4514.0,4520.0,4502.0,2383.0,2373.0,2360.0,2282.0,2280.0,2283.0
0.0,13419.0,6888.0,6844.0,7116.0,6885.0,2291.0,2278.0,2316.0,2281.0,2280.0,2283.0,2294.0,2278.0,2316.0,4463.0,4467.0,4489.0,2291.0,2278.0,2316.0,2281.0,2280.0,2283.0
0.0,13647.0,6871.0,6845.0,6885.0,6874.0,2265.0,2302.0,2307.0,2281.0,2280.0,2284.0,2265.0,2302.0,2304.0,4552.0,4562.0,4533.0,2265.0,2302.0,2307.0,2281.0,2280.0,2284.0
0.0,13661.0,6818.0,6846.0,6874.0,6821.0,2248.0,2306.0,2267.0,2281.0,2281.0,2284.0,2248.0,2303.0,2267.0,4578.0,4538.0,4545.0,2248.0,2306.0,2267.0,2281.0,2281.0,2284.0
0.0,13717.0,6853.0,6846.0,6821.0,6853.0,2308.0,2285.0,2260.0,2282.0,2280.0,2284.0,2305.0,2288.0,2260.0,4595.0,4537.0,4585.0,2308.0,2285.0,2260.0,2282.0,2280.0,2284.0
0.0,13685.0,6853.0,6846.0,6853.0,6853.0,2282.0,2280.0,2291.0,2282.0,2280.0,2284.0,2282.0,2280.0,2291.0,4538.0,4555.0,4592.0,2282.0,2280.0,2291.0,2282.0,2280.0,2284.0
0.0,13685.0,6833.0,6850.0,6853.0,6845.0,2298.0,2288.0,2259.0,2284.0,2282.0,2284.0,2292.0,2282.0,2259.0,4564.0,4560.0,4561.0,2298.0,2288.0,2259.0,2284.0,2282.0,2284.0
0.0,13705.0,6742.0,6849.0,6845.0,6739.0,2254.0,2231.0,2254.0,2283.0,2282.0,2284.0,2257.0,2231.0,2254.0,4554.0,4558.0,4593.0,2254.0,2231.0,2254.0,2283.0,2282.0,2284.0
0.0,13808.0,6878.0,6853.0,6739.0,6890.0,2305.0,2283.0,2302.0,2285.0,2283.0,2285.0,2299.0,2280.0,2299.0,4595.0,4615.0,4598.0,2305.0,2283.0,2302.0,2285.0,2283.0,2285.0
0.0,13669.0,6732.0,6853.0,6890.0,6732.0,2237.0,2224.0,2271.0,2285.0,2283.0,2285.0,2237.0,2224.0,2271.0,4550.0,4566.0,4553.0,2237.0,2224.0,2271.0,2285.0,2283.0,2285.0
0.0,13827.0,6959.0,6855.0,6732.0,6965.0,2296.0,2322.0,2347.0,2286.0,2283.0,2286.0,2293.0,2322.0,2344.0,4618.0,4625.0,4584.0,2296.0,2322.0,2347.0,2286.0,2283.0,2286.0
0.0,13600.0,6859.0,6856.0,6965.0,6862.0,2298.0,2266.0,2298.0,2286.0,2283.0,2287.0,2298.0,2266.0,2295.0,4562.0,4527.0,4511.0,2298.0,2266.0,2298.0,2286.0,2283.0,2287.0
0.0,13706.0,6990.0,6859.0,6862.0,6999.0,2380.0,2313.0,2306.0,2288.0,2283.0,2288.0,2374.0,2313.0,2303.0,4560.0,4583.0,4563.0,2380.0,2313.0,2306.0,2288.0,2283.0,2288.0
0.0,13578.0,6910.0,6861.0,6999.0,6916.0,2327.0,2273.0,2316.0,2289.0,2283.0,2289.0,2324.0,2273.0,2313.0,4484.0,4536.0,4558.0,2327.0,2273.0,2316.0,2289.0,2283.0,2289.0
0.0,13667.0,6976.0,6863.0,6916.0,6982.0,2342.0,2304.0,2336.0,2290.0,2283.0,2290.0,2339.0,2304.0,2333.0,4540.0,4576.0,4551.0,2342.0,2304.0,2336.0,2290.0,2283.0,2290.0
0.0,13607.0,7029.0,6867.0,6982.0,7041.0,2310.0,2375.0,2356.0,2290.0,2285.0,2292.0,2310.0,2369.0,2350.0,4528.0,4545.0,4534.0,2310.0,2375.0,2356.0,2290.0,2285.0,2292.0
0.0,13560.0,6850.0,6867.0,7041.0,6850.0,2264.0,2310.0,2276.0,2290.0,2286.0,2291.0,2264.0,2307.0,2279.0,4560.0,4480.0,4520.0,2264.0,2310.0,2276.0,2290.0,2286.0,2291.0
0.0,13751.0,6819.0,6864.0,6850.0,6810.0,2250.0,2272.0,2288.0,2288.0,2285.0,2291.0,2256.0,2275.0,2288.0,4606.0,4548.0,4597.0,2250.0,2272.0,2288.0,2288.0,2285.0,2291.0
0.0,13782.0,6911.0,6865.0,6810.0,6914.0,2320.0,2295.0,2299.0,2289.0,2286.0,2290.0,2317.0,2292.0,2302.0,4614.0,4583.0,4585.0,2320.0,2295.0,2299.0,2289.0,2286.0,2290.0
0.0,13681.0,6797.0,6863.0,6914.0,6791.0,2286.0,2268.0,2237.0,2289.0,2285.0,2289.0,2286.0,2271.0,2240.0,4547.0,4563.0,4571.0,2286.0,2268.0,2237.0,2289.0,2285.0,2289.0
0.0,13798.0,6853.0,6863.0,6791.0,6853.0,2282.0,2299.0,2272.0,2289.0,2285.0,2289.0,2282.0,2299.0,2272.0,4581.0,4587.0,4630.0,2282.0,2299.0,2272.0,2289.0,2285.0,2289.0
0.0,13736.0,6853.0,6864.0,6853.0,6856.0,2282.0,2270.0,2304.0,2289.0,2285.0,2290.0,2282.0,2270.0,2301.0,4585.0,4556.0,4595.0,2282.0,2270.0,2304.0,2289.0,2285.0,2290.0
0.0,13736.0,6885.0,6867.0,6856.0,6894.0,2286.0,2300.0,2308.0,2290.0,2286.0,2291.0,2283.0,2297.0,2305.0,4585.0,4585.0,4566.0,2286.0,2300.0,2308.0,2290.0,2286.0,2291.0
0.0,13707.0,6875.0,6867.0,6894.0,6875.0,2294.0,2298.0,2283.0,2290.0,2286.0,2291.0,2294.0,2298.0,2283.0,4584.0,4558.0,4565.0,2294.0,2298.0,2283.0,2290.0,2286.0,2291.0
0.0,13726.0,6970.0,6869.0,6875.0,6976.0,2308.0,2325.0,2343.0,2290.0,2287.0,2292.0,2308.0,2322.0,2340.0,4576.0,4560.0,4590.0,2308.0,2325.0,2343.0,2290.0,2287.0,2292.0
0.0,13631.0,7039.0,6873.0,6976.0,7051.0,2347.0,2366.0,2338.0,2291.0,2289.0,2293.0,2344.0,2360.0,2335.0,4562.0,4536.0,4533.0,2347.0,2366.0,2338.0,2291.0,2289.0,2293.0
0.0,13568.0,6915.0,6873.0,7051.0,6915.0,2297.0,2315.0,2303.0,2290.0,2290.0,2293.0,2300.0,2312.0,2303.0,4526.0,4501.0,4541.0,2297.0,2315.0,2303.0,2290.0,2290.0,2293.0
0.0,13704.0,6963.0,6875.0,6915.0,6969.0,2320.0,2313.0,2336.0,2291.0,2290.0,2294.0,2317.0,2313.0,2333.0,4573.0,4555.0,4576.0,2320.0,2313.0,2336.0,2291.0,2290.0,2294.0
0.0,13656.0,6919.0,6876.0,6969.0,6922.0,2291.0,2326.0,2305.0,2291.0,2291.0,2294.0,2291.0,2323.0,2305.0,4553.0,4557.0,4546.0,2291.0,2326.0,2305.0,2291.0,2291.0,2294.0
0.0,13706.0,6902.0,6877.0,6922.0,6905.0,2300.0,2296.0,2309.0,2292.0,2291.0,2294.0,2297.0,2296.0,2309.0,4582.0,4547.0,4577.0,2300.0,2296.0,2309.0,2292.0,2291.0,2294.0
0.0,13726.0,6884.0,6877.0,6905.0,6884.0,2302.0,2278.0,2304.0,2292.0,2291.0,2294.0,2302.0,2278.0,2304.0,4576.0,4577.0,4573.0,2302.0,2278.0,2304.0,2292.0,2291.0,2294.0
0.0,13747.0,6974.0,6879.0,6884.0,6980.0,2348.0,2338.0,2294.0,2294.0,2291.0,2294.0,2342.0,2338.0,2294.0,4574.0,4595.0,4578.0,2348.0,2338.0,2294.0,2294.0,2291.0,2294.0
0.0,13657.0,6933.0,6880.0,6980.0,6936.0,2320.0,2317.0,2299.0,2294.0,2292.0,2294.0,2320.0,2314.0,2299.0,4534.0,4535.0,4588.0,2320.0,2317.0,2299.0,2294.0,2292.0,2294.0
0.0,13704.0,6875.0,6881.0,6936.0,6878.0,2299.0,2308.0,2271.0,2295.0,2292.0,2294.0,2296.0,2308.0,2271.0,4562.0,4559.0,4583.0,2299.0,2308.0,2271.0,2295.0,2292.0,2294.0
0.0,13765.0,6789.0,6883.0,6878.0,6795.0,2261.0,2282.0,2252.0,2295.0,2293.0,2295.0,2261.0,2279.0,2249.0,4586.0,4568.0,4611.0,2261.0,2282.0,2252.0,2295.0,2293.0,2295.0
0.0,13854.0,6949.0,6886.0,6795.0,6958.0,2315.0,2289.0,2354.0,2295.0,2294.0,2297.0,2315.0,2286.0,2348.0,4624.0,4597.0,4633.0,2315.0,2289.0,2354.0,2295.0,2294.0,2297.0
0.0,13700.0,6924.0,6890.0,6958.0,6936.0,2290.0,2302.0,2344.0,2296.0,2295.0,2299.0,2287.0,2299.0,2338.0,4570.0,4593.0,4537.0,2290.0,2302.0,2344.0,2296.0,2295.0,2299.0
0.0,13734.0,6989.0,6892.0,6936.0,6995.0,2323.0,2315.0,2357.0,2297.0,2295.0,2300.0,2320.0,2315.0,2354.0,4598.0,4583.0,4553.0,2323.0,2315.0,2357.0,2297.0,2295.0,2300.0
0.0,13681.0,6920.0,6892.0,6995.0,6920.0,2297.0,2307.0,2316.0,2296.0,2296.0,2300.0,2300.0,2304.0,2316.0,4568.0,4570.0,4543.0,2297.0,2307.0,2316.0,2296.0,2296.0,2300.0
0.0,13756.0,6950.0,6890.0,6920.0,6944.0,2333.0,2308.0,2303.0,2296.0,2295.0,2299.0,2333.0,2311.0,2306.0,4591.0,4581.0,4584.0,2333.0,2308.0,2303.0,2296.0,2295.0,2299.0
0.0,13726.0,6926.0,6892.0,6944.0,6932.0,2319.0,2332.0,2281.0,2297.0,2296.0,2299.0,2316.0,2329.0,2281.0,4555.0,4577.0,4594.0,2319.0,2332.0,2281.0,2297.0,2296.0,2299.0
0.0,13744.0,6983.0,6893.0,6932.0,6986.0,2307.0,2350.0,2329.0,2297.0,2297.0,2299.0,2307.0,2347.0,2329.0,4572.0,4556.0,4616.0,2307.0,2350.0,2329.0,2297.0,2297.0,2299.0
0.0,13693.0,6912.0,6891.0,6986.0,6906.0,2302.0,2304.0,2300.0,2297.0,2296.0,2298.0,2302.0,2307.0,2303.0,4584.0,4541.0,4568.0,2302.0,2304.0,2300.0,2297.0,2296.0,2298.0
0.0,13767.0,6955.0,6893.0,6906.0,6961.0,2319.0,2342.0,2300.0,2297.0,2298.0,2298.0,2319.0,2336.0,2300.0,4589.0,4584.0,4594.0,2319.0,2342.0,2300.0,2297.0,2298.0,2298.0
0.0,13718.0,7009.0,6897.0,6961.0,7021.0,2366.0,2332.0,2323.0,2299.0,2299.0,2299.0,2360.0,2329.0,2320.0,4572.0,4552.0,4594.0,2366.0,2332.0,2323.0,2299.0,2299.0,2299.0
0.0,13670.0,6941.0,6900.0,7021.0,6950.0,2329.0,2313.0,2308.0,2300.0,2300.0,2300.0,2326.0,2310.0,2305.0,4531.0,4565.0,4574.0,2329.0,2313.0,2308.0,2300.0,2300.0,2300.0
0.0,13750.0,6907.0,6903.0,6950.0,6916.0,2313.0,2298.0,2305.0,2301.0,2301.0,2301.0,2310.0,2295.0,2302.0,4571.0,4587.0,4592.0,2313.0,2298.0,2305.0,2301.0,2301.0,2301.0
0.0,13793.0,6915.0,6907.0,6916.0,6927.0,2298.0,2298.0,2331.0,2302.0,2302.0,2303.0,2295.0,2295.0,2325.0,4590.0,4605.0,4598.0,2298.0,2298.0,2331.0,2302.0,2302.0,2303.0
0.0,13794.0,6885.0,6907.0,6927.0,6885.0,2292.0,2286.0,2307.0,2302.0,2302.0,2303.0,2292.0,2286.0,2307.0,4608.0,4608.0,4578.0,2292.0,2286.0,2307.0,2302.0,2302.0,2303.0
0.0,13836.0,6851.0,6907.0,6885.0,6851.0,2280.0,2303.0,2268.0,2302.0,2302.0,2303.0,2280.0,2303.0,2268.0,4614.0,4620.0,4602.0,2280.0,2303.0,2268.0,2302.0,2302.0,2303.0
0.0,13870.0,6968.0,6909.0,6851.0,6974.0,2289.0,2354.0,2331.0,2302.0,2303.0,2304.0,2289.0,2351.0,2328.0,4626.0,4603.0,4641.0,2289.0,2354.0,2331.0,2302.0,2303.0,2304.0
0.0,13753.0,6976.0,6909.0,6974.0,6976.0,2301.0,2339.0,2336.0,2302.0,2303.0,2304.0,2301.0,2339.0,2336.0,4617.0,4555.0,4581.0,2301.0,2339.0,2336.0,2302.0,2303.0,2304.0
0.0,13751.0,6852.0,6904.0,6976.0,6837.0,2290.0,2293.0,2254.0,2300.0,2302.0,2302.0,2296.0,2296.0,2260.0,4605.0,4570.0,4576.0,2290.0,2293.0,2254.0,2300.0,2302.0,2302.0
0.0,13875.0,7055.0,6907.0,6837.0,7064.0,2358.0,2345.0,2361.0,2301.0,2303.0,2303.0,2355.0,2342.0,2358.0,4610.0,4613.0,4652.0,2358.0,2345.0,2361.0,2301.0,2303.0,2303.0
0.0,13657.0,6861.0,6907.0,7064.0,6861.0,2271.0,2286.0,2304.0,2301.0,2303.0,2303.0,2271.0,2286.0,2304.0,4545.0,4564.0,4548.0,2271.0,2286.0,2304.0,2301.0,2303.0,2303.0
0.0,13860.0,6922.0,6909.0,6861.0,6928.0,2314.0,2310.0,2304.0,2303.0,2303.0,2303.0,2308.0,2310.0,2304.0,4632.0,4623.0,4605.0,2314.0,2310.0,2304.0,2303.0,2303.0,2303.0
0.0,13799.0,6936.0,6911.0,6928.0,6942.0,2312.0,2330.0,2300.0,2303.0,2304.0,2304.0,2312.0,2327.0,2297.0,4595.0,4599.0,4605.0,2312.0,2330.0,2300.0,2303.0,2304.0,2304.0
0.0,13791.0,6890.0,6911.0,6942.0,6890.0,2304.0,2301.0,2285.0,2303.0,2304.0,2304.0,2304.0,2301.0,2285.0,4597.0,4582.0,4612.0,2304.0,2301.0,2285.0,2303.0,2304.0,2304.0
0.0,13843.0,6953.0,6914.0,6890.0,6962.0,2336.0,2304.0,2322.0,2304.0,2305.0,2305.0,2333.0,2301.0,2319.0,4605.0,4611.0,4627.0,2336.0,2304.0,2322.0,2304.0,2305.0,2305.0
0.0,13780.0,6923.0,6917.0,6962.0,6932.0,2307.0,2321.0,2304.0,2305.0,2306.0,2306.0,2304.0,2318.0,2301.0,4576.0,4611.0,4593.0,2307.0,2321.0,2304.0,2305.0,2306.0,2306.0
0.0,13819.0,6894.0,6918.0,6932.0,6897.0,2287.0,2297.0,2313.0,2305.0,2307.0,2306.0,2287.0,2294.0,2313.0,4608.0,4597.0,4614.0,2287.0,2297.0,2313.0,2305.0,2307.0,2306.0
0.0,13857.0,6932.0,6921.0,6897.0,6941.0,2283.0,2343.0,2315.0,2305.0,2309.0,2307.0,2283.0,2337.0,2312.0,4628.0,4624.0,4605.0,2283.0,2343.0,2315.0,2305.0,2309.0,2307.0
0.0,13822.0,7001.0,6922.0,6941.0,7004.0,2320.0,2337.0,2347.0,2306.0,2309.0,2307.0,2317.0,2337.0,2347.0,4632.0,4584.0,4606.0,2320.0,2337.0,2347.0,2306.0,2309.0,2307.0
0.0,13762.0,6970.0,6924.0,7004.0,6976.0,2343.0,2326.0,2307.0,2307.0,2310.0,2307.0,2340.0,2323.0,2307.0,4598.0,4590.0,4574.0,2343.0,2326.0,2307.0,2307.0,2310.0,2307.0
0.0,13796.0,6987.0,6924.0,6976.0,6987.0,2338.0,2320.0,2329.0,2306.0,2310.0,2308.0,2341.0,2320.0,2326.0,4578.0,4604.0,4614.0,2338.0,2320.0,2329.0,2306.0,2310.0,2308.0
0.0,13785.0,6975.0,6926.0,6987.0,6981.0,2357.0,2307.0,2317.0,2307.0,2311.0,2308.0,2354.0,2304.0,2317.0,4580.0,4610.0,4595.0,2357.0,2307.0,2317.0,2307.0,2311.0,2308.0
0.0,13797.0,7057.0,6927.0,6981.0,7060.0,2364.0,2351.0,2345.0,2307.0,2312.0,2308.0,2364.0,2348.0,2345.0,4564.0,4626.0,4607.0,2364.0,2351.0,2345.0,2307.0,2312.0,2308.0
0.0,13721.0,6937.0,6925.0,7060.0,6931.0,2308.0,2321.0,2302.0,2307.0,2311.0,2307.0,2308.0,2324.0,2305.0,4557.0,4585.0,4579.0,2308.0,2321.0,2302.0,2307.0,2311.0,2307.0
0.0,13844.0,7035.0,6928.0,6931.0,7044.0,2335.0,2341.0,2368.0,2308.0,2311.0,2309.0,2332.0,2341.0,2362.0,4613.0,4612.0,4619.0,2335.0,2341.0,2368.0,2308.0,2311.0,2309.0
0.0,13740.0,6978.0,6932.0,7044.0,6990.0,2300.0,2339.0,2351.0,2309.0,2313.0,2310.0,2297.0,2333.0,2348.0,4589.0,4592.0,4559.0,2300.0,2339.0,2351.0,2309.0,2313.0,2310.0
0.0,13806.0,6893.0,6932.0,6990.0,6893.0,2292.0,2308.0,2293.0,2309.0,2313.0,2310.0,2292.0,2308.0,2293.0,4627.0,4600.0,4579.0,2292.0,2308.0,2293.0,2309.0,2313.0,2310.0
0.0,13903.0,6984.0,6935.0,6893.0,6993.0,2347.0,2326.0,2320.0,2310.0,2314.0,2311.0,2344.0,2323.0,2317.0,4635.0,4631.0,4637.0,2347.0,2326.0,2320.0,2310.0,2314.0,2311.0
0.0,13812.0,6947.0,6937.0,6993.0,6953.0,2325.0,2324.0,2304.0,2311.0,2314.0,2312.0,2322.0,2324.0,2301.0,4583.0,4616.0,4613.0,2325.0,2324.0,2304.0,2311.0,2314.0,2312.0
0.0,13858.0,6908.0,6938.0,6953.0,6911.0,2305.0,2297.0,2309.0,2311.0,2315.0,2312.0,2305.0,2294.0,2309.0,4608.0,4618.0,4632.0,2305.0,2297.0,2309.0,2311.0,2315.0,2312.0
0.0,13903.0,6951.0,6939.0,6911.0,6954.0,2320.0,2311.0,2323.0,2312.0,2315.0,2312.0,2317.0,2311.0,2323.0,4628.0,4648.0,4627.0,2320.0,2311.0,2323.0,2312.0,2315.0,2312.0
0.0,13863.0,6942.0,6940.0,6954.0,6945.0,2305.0,2316.0,2324.0,2312.0,2315.0,2313.0,2305.0,2316.0,2321.0,4616.0,4634.0,4613.0,2305.0,2316.0,2324.0,2312.0,2315.0,2313.0
0.0,13875.0,6988.0,6941.0,6945.0,6991.0,2336.0,2336.0,2319.0,2312.0,2316.0,2313.0,2336.0,2333.0,2319.0,4631.0,4629.0,4615.0,2336.0,2336.0,2319.0,2312.0,2316.0,2313.0
0.0,13832.0,7039.0,6942.0,6991.0,7042.0,2349.0,2361.0,2332.0,2313.0,2316.0,2313.0,2346.0,2361.0,2332.0,4600.0,4612.0,4620.0,2349.0,2361.0,2332.0,2313.0,2316.0,2313.0
0.0,13784.0,6949.0,6941.0,7042.0,6946.0,2315.0,2350.0,2281.0,2313.0,2316.0,2312.0,2315.0,2350.0,2284.0,4590.0,4587.0,4607.0,2315.0,2350.0,2281.0,2313.0,2316.0,2312.0
0.0,13877.0,7123.0,6945.0,6946.0,7135.0,2356.0,2395.0,2384.0,2314.0,2318.0,2313.0,2353.0,2389.0,2381.0,4624.0,4598.0,4655.0,2356.0,2395.0,2384.0,2314.0,2318.0,2313.0
0.0,13700.0,7001.0,6946.0,7135.0,7004.0,2308.0,2340.0,2356.0,2314.0,2318.0,2314.0,2308.0,2340.0,2353.0,4586.0,4559.0,4555.0,2308.0,2340.0,2356.0,2314.0,2318.0,2314.0
0.0,13834.0,7014.0,6948.0,7004.0,7020.0,2289.0,2357.0,2374.0,2314.0,2319.0,2315.0,2289.0,2354.0,2371.0,4634.0,4614.0,4586.0,2289.0,2357.0,2374.0,2314.0,2319.0,2315.0
0.0,13824.0,7018.0,6950.0,7020.0,7024.0,2333.0,2327.0,2364.0,2314.0,2320.0,2316.0,2333.0,2324.0,2361.0,4653.0,4600.0,4571.0,2333.0,2327.0,2364.0,2314.0,2320.0,2316.0
0.0,13826.0,7073.0,6952.0,7024.0,7079.0,2346.0,2326.0,2407.0,2314.0,2320.0,2318.0,2346.0,2326.0,2401.0,4609.0,4633.0,4584.0,2346.0,2326.0,2407.0,2314.0,2320.0,2318.0
0.0,13777.0,7078.0,6957.0,7079.0,7093.0,2388.0,2346.0,2359.0,2316.0,2321.0,2320.0,2382.0,2343.0,2353.0,4596.0,4634.0,4547.0,2388.0,2346.0,2359.0,2316.0,2321.0,2320.0
0.0,13778.0,6970.0,6957.0,7093.0,6970.0,2336.0,2330.0,2304.0,2316.0,2321.0,2320.0,2336.0,2330.0,2304.0,4560.0,4617.0,4601.0,2336.0,2330.0,2304.0,2316.0,2321.0,2320.0
0.0,13901.0,6952.0,6960.0,6970.0,6961.0,2320.0,2330.0,2311.0,2317.0,2322.0,2321.0,2317.0,2327.0,2308.0,4612.0,4633.0,4656.0,2320.0,2330.0,2311.0,2317.0,2322.0,2321.0
0.0,13919.0,6973.0,6961.0,6961.0,6976.0,2291.0,2368.0,2317.0,2317.0,2323.0,2321.0,2291.0,2365.0,2317.0,4631.0,4636.0,4652.0,2291.0,2368.0,2317.0,2317.0,2323.0,2321.0
0.0,13907.0,6989.0,6962.0,6976.0,6992.0,2325.0,2353.0,2314.0,2318.0,2324.0,2320.0,2322.0,2350.0,2317.0,4660.0,4601.0,4646.0,2325.0,2353.0,2314.0,2318.0,2324.0,2320.0
0.0,13894.0,6939.0,6961.0,6992.0,6936.0,2329.0,2320.0,2287.0,2318.0,2324.0,2319.0,2329.0,2320.0,2290.0,4629.0,4619.0,4646.0,2329.0,2320.0,2287.0,2318.0,2324.0,2319.0
0.0,13947.0,7065.0,6964.0,6936.0,7074.0,2369.0,2359.0,2346.0,2319.0,2325.0,2320.0,2366.0,2356.0,2343.0,4625.0,4652.0,4670.0,2369.0,2359.0,2346.0,2319.0,2325.0,2320.0
0.0,13818.0,7074.0,6966.0,7074.0,7080.0,2386.0,2342.0,2352.0,2320.0,2326.0,2320.0,2383.0,2339.0,2352.0,4588.0,4616.0,4614.0,2386.0,2342.0,2352.0,2320.0,2326.0,2320.0
0.0,13818.0,6968.0,6967.0,7080.0,6971.0,2326.0,2313.0,2332.0,2320.0,2326.0,2321.0,2326.0,2313.0,2329.0,4574.0,4636.0,4608.0,2326.0,2313.0,2332.0,2320.0,2326.0,2321.0
0.0,13930.0,7043.0,6969.0,6971.0,7049.0,2341.0,2363.0,2345.0,2321.0,2326.0,2322.0,2338.0,2363.0,2342.0,4634.0,4665.0,4631.0,2341.0,2363.0,2345.0,2321.0,2326.0,2322.0
0.0,13858.0,7157.0,6974.0,7049.0,7172.0,2398.0,2399.0,2375.0,2323.0,2328.0,2323.0,2392.0,2393.0,2372.0,4622.0,4615.0,4621.0,2398.0,2399.0,2375.0,2323.0,2328.0,2323.0
0.0,13750.0,7031.0,6974.0,7172.0,7031.0,2329.0,2324.0,2378.0,2323.0,2327.0,2324.0,2329.0,2327.0,2375.0,4571.0,4585.0,4594.0,2329.0,2324.0,2378.0,2323.0,2327.0,2324.0
0.0,13891.0,7002.0,6975.0,7031.0,7005.0,2357.0,2306.0,2342.0,2323.0,2327.0,2325.0,2357.0,2306.0,2339.0,4640.0,4657.0,4594.0,2357.0,2306.0,2342.0,2323.0,2327.0,2325.0
0.0,13920.0,6995.0,6976.0,7005.0,6998.0,2338.0,2313.0,2347.0,2323.0,2327.0,2326.0,2338.0,2313.0,2344.0,4612.0,4675.0,4633.0,2338.0,2313.0,2347.0,2323.0,2327.0,2326.0
0.0,13930.0,6860.0,6974.0,6998.0,6854.0,2283.0,2311.0,2260.0,2322.0,2327.0,2325.0,2286.0,2311.0,2263.0,4631.0,4668.0,4631.0,2283.0,2311.0,2260.0,2322.0,2327.0,2325.0
0.0,14068.0,6938.0,6975.0,6854.0,6941.0,2291.0,2326.0,2324.0,2322.0,2328.0,2325.0,2291.0,2323.0,2324.0,4683.0,4670.0,4715.0,2291.0,2326.0,2324.0,2322.0,2328.0,2325.0
0.0,13984.0,6962.0,6976.0,6941.0,6965.0,2327.0,2306.0,2332.0,2323.0,2328.0,2325.0,2324.0,2306.0,2332.0,4675.0,4658.0,4651.0,2327.0,2306.0,2332.0,2323.0,2328.0,2325.0
0.0,13963.0,7014.0,6980.0,6965.0,7026.0,2344.0,2329.0,2353.0,2324.0,2329.0,2327.0,2341.0,2326.0,2347.0,4642.0,4678.0,4643.0,2344.0,2329.0,2353.0,2324.0,2329.0,2327.0
0.0,13914.0,6977.0,6979.0,7026.0,6974.0,2352.0,2317.0,2305.0,2325.0,2328.0,2326.0,2349.0,2320.0,2308.0,4628.0,4658.0,4628.0,2352.0,2317.0,2305.0,2325.0,2328.0,2326.0
0.0,13963.0,7053.0,6982.0,6974.0,7062.0,2353.0,2361.0,2348.0,2326.0,2329.0,2327.0,2350.0,2358.0,2345.0,4623.0,4667.0,4673.0,2353.0,2361.0,2348.0,2326.0,2329.0,2327.0
0.0,13884.0,7091.0,6986.0,7062.0,7103.0,2384.0,2366.0,2353.0,2328.0,2330.0,2328.0,2378.0,2363.0,2350.0,4625.0,4626.0,4633.0,2384.0,2366.0,2353.0,2328.0,2330.0,2328.0
0.0,13855.0,7063.0,6986.0,7103.0,7063.0,2344.0,2358.0,2361.0,2328.0,2330.0,2328.0,2344.0,2358.0,2361.0,4600.0,4624.0,4631.0,2344.0,2358.0,2361.0,2328.0,2330.0,2328.0
0.0,13895.0,7035.0,6990.0,7063.0,7047.0,2341.0,2364.0,2342.0,2329.0,2332.0,2329.0,2338.0,2358.0,2339.0,4640.0,4632.0,4623.0,2341.0,2364.0,2342.0,2329.0,2332.0,2329.0
0.0,13923.0,6975.0,6990.0,7047.0,6975.0,2280.0,2346.0,2349.0,2328.0,2332.0,2330.0,2283.0,2346.0,2346.0,4646.0,4632.0,4645.0,2280.0,2346.0,2349.0,2328.0,2332.0,2330.0
0.0,13995.0,7074.0,6993.0,6975.0,7083.0,2350.0,2357.0,2376.0,2329.0,2333.0,2331.0,2347.0,2354.0,2373.0,4704.0,4650.0,4641.0,2350.0,2357.0,2376.0,2329.0,2333.0,2331.0
0.0,13896.0,7041.0,6996.0,7083.0,7050.0,2351.0,2325.0,2374.0,2330.0,2333.0,2333.0,2348.0,2325.0,2368.0,4637.0,4642.0,4617.0,2351.0,2325.0,2374.0,2330.0,2333.0,2333.0
0.0,13938.0,6982.0,6997.0,7050.0,6985.0,2333.0,2324.0,2328.0,2330.0,2334.0,2333.0,2333.0,2321.0,2328.0,4639.0,4674.0,4625.0,2333.0,2324.0,2328.0,2330.0,2334.0,2333.0
0.0,14006.0,6986.0,6998.0,6985.0,6989.0,2357.0,2315.0,2317.0,2331.0,2334.0,2333.0,2354.0,2315.0,2317.0,4657.0,4678.0,4671.0,2357.0,2315.0,2317.0,2331.0,2334.0,2333.0
0.0,14005.0,6853.0,6997.0,6989.0,6850.0,2289.0,2268.0,2293.0,2331.0,2333.0,2333.0,2289.0,2271.0,2293.0,4636.0,4687.0,4682.0,2289.0,2268.0,2293.0,2331.0,2333.0,2333.0
0.0,14141.0,7051.0,7000.0,6850.0,7060.0,2348.0,2364.0,2348.0,2332.0,2334.0,2334.0,2345.0,2361.0,2345.0,4704.0,4731.0,4706.0,2348.0,2364.0,2348.0,2332.0,2334.0,2334.0
0.0,13940.0,6902.0,6997.0,7060.0,6893.0,2279.0,2306.0,2308.0,2331.0,2333.0,2333.0,2282.0,2309.0,2311.0,4648.0,4638.0,4654.0,2279.0,2306.0,2308.0,2331.0,2333.0,2333.0
0.0,14098.0,7031.0,6999.0,6893.0,7037.0,2310.0,2377.0,2350.0,2331.0,2334.0,2334.0,2310.0,2374.0,2347.0,4714.0,4693.0,4691.0,2310.0,2377.0,2350.0,2331.0,2334.0,2334.0
0.0,13960.0,7056.0,7000.0,7037.0,7059.0,2340.0,2370.0,2349.0,2331.0,2335.0,2334.0,2340.0,2367.0,2349.0,4683.0,4625.0,4652.0,2340.0,2370.0,2349.0,2331.0,2335.0,2334.0
0.0,13941.0,7072.0,7002.0,7059.0,7078.0,2373.0,2348.0,2357.0,2331.0,2336.0,2335.0,2373.0,2345.0,2354.0,4653.0,4635.0,4653.0,2373.0,2348.0,2357.0,2331.0,2336.0,2335.0
0.0,13928.0,7110.0,7002.0,7078.0,7110.0,2346.0,2389.0,2375.0,2331.0,2336.0,2335.0,2346.0,2389.0,2375.0,4620.0,4660.0,4648.0,2346.0,2389.0,2375.0,2331.0,2336.0,2335.0
0.0,13896.0,6980.0,7003.0,7110.0,6983.0,2331.0,2316.0,2336.0,2331.0,2336.0,2336.0,2331.0,2316.0,2333.0,4647.0,4619.0,4630.0,2331.0,2316.0,2336.0,2331.0,2336.0,2336.0
0.0,14026.0,7073.0,7004.0,6983.0,7076.0,2328.0,2374.0,2374.0,2331.0,2337.0,2336.0,2328.0,2371.0,2374.0,4662.0,4692.0,4672.0,2328.0,2374.0,2374.0,2331.0,2337.0,2336.0
0.0,13936.0,7101.0,7006.0,7076.0,7107.0,2355.0,2350.0,2402.0,2332.0,2337.0,2337.0,2352.0,2350.0,2399.0,4665.0,4637.0,4634.0,2355.0,2350.0,2402.0,2332.0,2337.0,2337.0
0.0,13911.0,7013.0,7009.0,7107.0,7022.0,2350.0,2337.0,2335.0,2333.0,2338.0,2338.0,2347.0,2334.0,2332.0,4641.0,4661.0,4609.0,2350.0,2337.0,2335.0,2333.0,2338.0,2338.0
0.0,14005.0,6894.0,7007.0,7022.0,6888.0,2322.0,2297.0,2269.0,2333.0,2337.0,2337.0,2322.0,2300.0,2272.0,4649.0,4677.0,4679.0,2322.0,2297.0,2269.0,2333.0,2337.0,2337.0
0.0,14133.0,6985.0,7008.0,6888.0,6988.0,2329.0,2354.0,2305.0,2333.0,2338.0,2337.0,2329.0,2351.0,2305.0,4677.0,4714.0,4742.0,2329.0,2354.0,2305.0,2333.0,2338.0,2337.0
0.0,14036.0,7080.0,7012.0,6988.0,7092.0,2363.0,2393.0,2336.0,2334.0,2340.0,2338.0,2360.0,2387.0,2333.0,4670.0,4660.0,4706.0,2363.0,2393.0,2336.0,2334.0,2340.0,2338.0
0.0,13944.0,6940.0,7011.0,7092.0,6937.0,2308.0,2300.0,2329.0,2334.0,2339.0,2338.0,2308.0,2303.0,2329.0,4639.0,4627.0,4678.0,2308.0,2300.0,2329.0,2334.0,2339.0,2338.0
0.0,14096.0,6963.0,7011.0,6937.0,6963.0,2320.0,2309.0,2334.0,2334.0,2339.0,2338.0,2320.0,2309.0,2334.0,4694.0,4717.0,4685.0,2320.0,2309.0,2334.0,2334.0,2339.0,2338.0
0.0,14070.0,7026.0,7013.0,6963.0,7032.0,2355.0,2306.0,2371.0,2335.0,2339.0,2339.0,2352.0,2306.0,2368.0,4682.0,4708.0,4680.0,2355.0,2306.0,2371.0,2335.0,2339.0,2339.0
0.0,14007.0,7074.0,7013.0,7032.0,7074.0,2368.0,2335.0,2371.0,2335.0,2338.0,2340.0,2368.0,2338.0,2368.0,4650.0,4711.0,4646.0,2368.0,2335.0,2371.0,2335.0,2338.0,2340.0
0.0,13965.0,7074.0,7015.0,7074.0,7080.0,2340.0,2368.0,2372.0,2335.0,2339.0,2341.0,2340.0,2365.0,2369.0,4637.0,4679.0,4649.0,2340.0,2368.0,2372.0,2335.0,2339.0,2341.0
0.0,13965.0,7037.0,7013.0,7080.0,7031.0,2338.0,2352.0,2341.0,2335.0,2338.0,2340.0,2338.0,2355.0,2344.0,4665.0,4649.0,4651.0,2338.0,2352.0,2341.0,2335.0,2338.0,2340.0
0.0,14008.0,7202.0,7017.0,7031.0,7214.0,2405.0,2417.0,2392.0,2337.0,2339.0,2341.0,2399.0,2414.0,2389.0,4667.0,4662.0,4679.0,2405.0,2417.0,2392.0,2337.0,2339.0,2341.0
0.0,13837.0,7035.0,7019.0,7214.0,7041.0,2335.0,2365.0,2341.0,2338.0,2340.0,2341.0,2332.0,2362.0,2341.0,4606.0,4600.0,4631.0,2335.0,2365.0,2341.0,2338.0,2340.0,2341.0
0.0,14016.0,7003.0,7018.0,7041.0,7000.0,2356.0,2330.0,2314.0,2338.0,2340.0,2340.0,2356.0,2330.0,2317.0,4679.0,4655.0,4682.0,2356.0,2330.0,2314.0,2338.0,2340.0,2340.0
0.0,14054.0,7053.0,7017.0,7000.0,7050.0,2376.0,2357.0,2317.0,2339.0,2340.0,2338.0,2373.0,2357.0,2323.0,4658.0,4690.0,4706.0,2376.0,2357.0,2317.0,2339.0,2340.0,2338.0
0.0,14001.0,7103.0,7017.0,7050.0,7103.0,2400.0,2342.0,2361.0,2339.0,2340.0,2338.0,2400.0,2342.0,2361.0,4641.0,4663.0,4697.0,2400.0,2342.0,2361.0,2339.0,2340.0,2338.0
0.0,13948.0,6962.0,7018.0,7103.0,6965.0,2318.0,2311.0,2336.0,2339.0,2340.0,2339.0,2318.0,2311.0,2333.0,4617.0,4678.0,4653.0,2318.0,2311.0,2336.0,2339.0,2340.0,2339.0
0.0,14089.0,6912.0,7016.0,6965.0,6906.0,2298.0,2292.0,2316.0,2338.0,2339.0,2339.0,2301.0,2295.0,2316.0,4699.0,4709.0,4681.0,2298.0,2292.0,2316.0,2338.0,2339.0,2339.0
0.0,14142.0,7045.0,7019.0,6906.0,7054.0,2371.0,2331.0,2352.0,2340.0,2339.0,2340.0,2365.0,2331.0,2349.0,4716.0,4725.0,4701.0,2371.0,2331.0,2352.0,2340.0,2339.0,2340.0
0.0,14003.0,7180.0,7022.0,7054.0,7189.0,2382.0,2393.0,2414.0,2341.0,2339.0,2342.0,2379.0,2393.0,2408.0,4649.0,4686.0,4668.0,2382.0,2393.0,2414.0,2341.0,2339.0,2342.0
0.0,13877.0,7108.0,7026.0,7189.0,7120.0,2363.0,2385.0,2372.0,2342.0,2341.0,2343.0,2360.0,2379.0,2369.0,4641.0,4624.0,4612.0,2363.0,2385.0,2372.0,2342.0,2341.0,2343.0
0.0,13958.0,7099.0,7026.0,7120.0,7099.0,2373.0,2360.0,2366.0,2342.0,2341.0,2343.0,2373.0,2360.0,2366.0,4663.0,4638.0,4657.0,2373.0,2360.0,2366.0,2342.0,2341.0,2343.0
0.0,13979.0,7114.0,7027.0,7099.0,7117.0,2364.0,2392.0,2361.0,2341.0,2342.0,2344.0,2367.0,2389.0,2358.0,4653.0,4663.0,4663.0,2364.0,2392.0,2361.0,2341.0,2342.0,2344.0
0.0,13964.0,7112.0,7029.0,7117.0,7118.0,2375.0,2371.0,2372.0,2342.0,2343.0,2344.0,2372.0,2368.0,2372.0,4659.0,4634.0,4671.0,2375.0,2371.0,2372.0,2342.0,2343.0,2344.0
0.0,13969.0,6977.0,7028.0,7118.0,6974.0,2323.0,2316.0,2335.0,2342.0,2342.0,2344.0,2323.0,2319.0,2335.0,4651.0,4658.0,4660.0,2323.0,2316.0,2335.0,2342.0,2342.0,2344.0
0.0,14110.0,7152.0,7028.0,6974.0,7152.0,2366.0,2386.0,2400.0,2341.0,2342.0,2345.0,2369.0,2386.0,2397.0,4703.0,4710.0,4697.0,2366.0,2386.0,2400.0,2341.0,2342.0,2345.0
0.0,13932.0,6996.0,7028.0,7152.0,6996.0,2333.0,2333.0,2330.0,2342.0,2342.0,2344.0,2330.0,2333.0,2333.0,4657.0,4640.0,4635.0,2333.0,2333.0,2330.0,2342.0,2342.0,2344.0
0.0,14088.0,7008.0,7027.0,6996.0,7005.0,2341.0,2343.0,2321.0,2341.0,2342.0,2344.0,2344.0,2343.0,2321.0,4693.0,4693.0,4702.0,2341.0,2343.0,2321.0,2341.0,2342.0,2344.0
0.0,14076.0,7079.0,7029.0,7005.0,7085.0,2386.0,2343.0,2356.0,2342.0,2343.0,2344.0,2383.0,2340.0,2356.0,4682.0,4683.0,4711.0,2386.0,2343.0,2356.0,2342.0,2343.0,2344.0
0.0,14002.0,7133.0,7034.0,7085.0,7148.0,2395.0,2367.0,2386.0,2344.0,2344.0,2346.0,2389.0,2364.0,2380.0,4640.0,4686.0,4676.0,2395.0,2367.0,2386.0,2344.0,2344.0,2346.0
0.0,13954.0,7071.0,7037.0,7148.0,7080.0,2352.0,2357.0,2371.0,2345.0,2345.0,2347.0,2349.0,2354.0,2368.0,4637.0,4665.0,4652.0,2352.0,2357.0,2371.0,2345.0,2345.0,2347.0
0.0,14031.0,7088.0,7039.0,7080.0,7094.0,2370.0,2376.0,2348.0,2346.0,2346.0,2347.0,2367.0,2373.0,2348.0,4683.0,4678.0,4670.0,2370.0,2376.0,2348.0,2346.0,2346.0,2347.0
0.0,14023.0,7097.0,7040.0,7094.0,7100.0,2358.0,2356.0,2386.0,2346.0,2346.0,2348.0,2358.0,2356.0,2383.0,4668.0,4662.0,4693.0,2358.0,2356.0,2386.0,2346.0,2346.0,2348.0
0.0,14020.0,7026.0,7042.0,7100.0,7032.0,2351.0,2329.0,2352.0,2346.0,2347.0,2349.0,2351.0,2326.0,2349.0,4680.0,4682.0,4658.0,2351.0,2329.0,2352.0,2346.0,2347.0,2349.0
0.0,14094.0,7074.0,7042.0,7032.0,7074.0,2377.0,2329.0,2368.0,2347.0,2346.0,2349.0,2374.0,2332.0,2368.0,4687.0,4712.0,4695.0,2377.0,2329.0,2368.0,2347.0,2346.0,2349.0
0.0,14052.0,7167.0,7043.0,7074.0,7170.0,2408.0,2352.0,2410.0,2347.0,2346.0,2350.0,2408.0,2352.0,2407.0,4664.0,4709.0,4679.0,2408.0,2352.0,2410.0,2347.0,2346.0,2350.0
0.0,13959.0,7127.0,7045.0,7170.0,7133.0,2379.0,2375.0,2379.0,2348.0,2346.0,2351.0,2376.0,2375.0,2376.0,4633.0,4686.0,4640.0,2379.0,2375.0,2379.0,2348.0,2346.0,2351.0
0.0,14002.0,7127.0,7047.0,7133.0,7133.0,2387.0,2378.0,2368.0,2349.0,2347.0,2351.0,2384.0,2375.0,2368.0,4665.0,4663.0,4674.0,2387.0,2378.0,2368.0,2349.0,2347.0,2351.0
0.0,14008.0,7049.0,7048.0,7133.0,7052.0,2346.0,2366.0,2340.0,2350.0,2347.0,2351.0,2343.0,2366.0,2340.0,4660.0,4663.0,4685.0,2346.0,2366.0,2340.0,2350.0,2347.0,2351.0
0.0,14092.0,7070.0,7047.0,7052.0,7067.0,2354.0,2378.0,2335.0,2350.0,2347.0,2350.0,2354.0,2378.0,2338.0,4704.0,4675.0,4713.0,2354.0,2378.0,2335.0,2350.0,2347.0,2350.0
0.0,14074.0,7151.0,7050.0,7067.0,7160.0,2403.0,2366.0,2391.0,2351.0,2348.0,2351.0,2400.0,2363.0,2388.0,4696.0,4663.0,4715.0,2403.0,2366.0,2391.0,2351.0,2348.0,2351.0
0.0,13990.0,7097.0,7053.0,7160.0,7106.0,2356.0,2351.0,2399.0,2352.0,2349.0,2352.0,2353.0,2348.0,2396.0,4650.0,4678.0,4662.0,2356.0,2351.0,2399.0,2352.0,2349.0,2352.0
0.0,14053.0,7112.0,7055.0,7106.0,7118.0,2365.0,2366.0,2387.0,2352.0,2350.0,2353.0,2365.0,2363.0,2384.0,4700.0,4696.0,4657.0,2365.0,2366.0,2387.0,2352.0,2350.0,2353.0
0.0,14047.0,6967.0,7057.0,7118.0,6973.0,2310.0,2298.0,2365.0,2352.0,2350.0,2355.0,2310.0,2298.0,2359.0,4691.0,4684.0,4672.0,2310.0,2298.0,2365.0,2352.0,2350.0,2355.0
0.0,14198.0,7047.0,7057.0,6973.0,7047.0,2358.0,2344.0,2345.0,2352.0,2350.0,2355.0,2358.0,2344.0,2345.0,4746.0,4752.0,4700.0,2358.0,2344.0,2345.0,2352.0,2350.0,2355.0
0.0,14124.0,7010.0,7058.0,7047.0,7013.0,2331.0,2338.0,2344.0,2353.0,2350.0,2355.0,2328.0,2338.0,2344.0,4698.0,4706.0,4720.0,2331.0,2338.0,2344.0,2353.0,2350.0,2355.0
0.0,14161.0,7178.0,7061.0,7013.0,7187.0,2398.0,2380.0,2409.0,2355.0,2350.0,2356.0,2392.0,2380.0,2406.0,4728.0,4712.0,4721.0,2398.0,2380.0,2409.0,2355.0,2350.0,2356.0
0.0,13996.0,7112.0,7063.0,7187.0,7118.0,2365.0,2374.0,2379.0,2355.0,2351.0,2357.0,2365.0,2371.0,2376.0,4667.0,4670.0,4659.0,2365.0,2374.0,2379.0,2355.0,2351.0,2357.0
0.0,14071.0,7213.0,7065.0,7118.0,7219.0,2427.0,2395.0,2397.0,2356.0,2351.0,2358.0,2424.0,2395.0,2394.0,4700.0,4679.0,4692.0,2427.0,2395.0,2397.0,2356.0,2351.0,2358.0
0.0,13976.0,7217.0,7067.0,7219.0,7223.0,2404.0,2421.0,2398.0,2357.0,2352.0,2358.0,2401.0,2418.0,2398.0,4641.0,4658.0,4677.0,2404.0,2421.0,2398.0,2357.0,2352.0,2358.0
0.0,13978.0,7169.0,7071.0,7223.0,7181.0,2408.0,2385.0,2388.0,2359.0,2353.0,2359.0,2402.0,2382.0,2385.0,4667.0,4635.0,4676.0,2408.0,2385.0,2388.0,2359.0,2353.0,2359.0
0.0,14032.0,7215.0,7074.0,7181.0,7224.0,2398.0,2401.0,2425.0,2360.0,2354.0,2360.0,2395.0,2398.0,2422.0,4669.0,4674.0,4689.0,2398.0,2401.0,2425.0,2360.0,2354.0,2360.0
0.0,13998.0,7128.0,7075.0,7224.0,7131.0,2397.0,2359.0,2375.0,2361.0,2354.0,2360.0,2394.0,2359.0,2375.0,4682.0,4661.0,4655.0,2397.0,2359.0,2375.0,2361.0,2354.0,2360.0
0.0,14094.0,7057.0,7075.0,7131.0,7057.0,2369.0,2345.0,2343.0,2361.0,2354.0,2360.0,2369.0,2345.0,2343.0,4686.0,4703.0,4705.0,2369.0,2345.0,2343.0,2361.0,2354.0,2360.0
0.0,14168.0,7117.0,7080.0,7057.0,7132.0,2393.0,2347.0,2392.0,2363.0,2355.0,2362.0,2387.0,2344.0,2386.0,4714.0,4717.0,4737.0,2393.0,2347.0,2392.0,2363.0,2355.0,2362.0
0.0,14108.0,7144.0,7083.0,7132.0,7153.0,2371.0,2378.0,2404.0,2363.0,2356.0,2364.0,2371.0,2375.0,2398.0,4696.0,4718.0,4694.0,2371.0,2378.0,2404.0,2363.0,2356.0,2364.0
0.0,14096.0,7115.0,7083.0,7153.0,7115.0,2378.0,2373.0,2364.0,2364.0,2355.0,2364.0,2375.0,2376.0,2364.0,4718.0,4690.0,4688.0,2378.0,2373.0,2364.0,2364.0,2355.0,2364.0
0.0,14134.0,7131.0,7087.0,7115.0,7143.0,2382.0,2386.0,2375.0,2365.0,2357.0,2365.0,2379.0,2380.0,2372.0,4714.0,4692.0,4728.0,2382.0,2386.0,2375.0,2365.0,2357.0,2365.0
0.0,14118.0,7134.0,7090.0,7143.0,7143.0,2363.0,2398.0,2382.0,2366.0,2358.0,2366.0,2360.0,2395.0,2379.0,4713.0,4685.0,4720.0,2363.0,2398.0,2382.0,2366.0,2358.0,2366.0
0.0,14127.0,7118.0,7092.0,7143.0,7124.0,2374.0,2384.0,2366.0,2366.0,2360.0,2366.0,2374.0,2378.0,2366.0,4735.0,4676.0,4716.0,2374.0,2384.0,2366.0,2366.0,2360.0,2366.0
0.0,14152.0,7147.0,7094.0,7124.0,7153.0,2398.0,2377.0,2378.0,2367.0,2361.0,2366.0,2395.0,2374.0,2378.0,4724.0,4696.0,4732.0,2398.0,2377.0,2378.0,2367.0,2361.0,2366.0
0.0,14129.0,7111.0,7095.0,7153.0,7114.0,2383.0,2365.0,2366.0,2368.0,2361.0,2366.0,2380.0,2365.0,2366.0,4703.0,4706.0,4720.0,2383.0,2365.0,2366.0,2368.0,2361.0,2366.0
0.0,14171.0,6992.0,7094.0,7114.0,6989.0,2353.0,2307.0,2329.0,2368.0,2360.0,2366.0,2353.0,2310.0,2329.0,4721.0,4718.0,4732.0,2353.0,2307.0,2329.0,2368.0,2360.0,2366.0
0.0,14293.0,7261.0,7094.0,6989.0,7261.0,2444.0,2401.0,2416.0,2369.0,2359.0,2366.0,2441.0,2404.0,2416.0,4751.0,4773.0,4769.0,2444.0,2401.0,2416.0,2369.0,2359.0,2366.0
0.0,14021.0,7158.0,7097.0,7261.0,7167.0,2387.0,2377.0,2403.0,2370.0,2360.0,2367.0,2384.0,2374.0,2400.0,4663.0,4676.0,4682.0,2387.0,2377.0,2403.0,2370.0,2360.0,2367.0
0.0,14124.0,7120.0,7100.0,7167.0,7129.0,2356.0,2395.0,2378.0,2370.0,2361.0,2369.0,2356.0,2392.0,2372.0,4723.0,4703.0,4698.0,2356.0,2395.0,2378.0,2370.0,2361.0,2369.0
0.0,14171.0,7182.0,7101.0,7129.0,7185.0,2402.0,2366.0,2417.0,2370.0,2361.0,2370.0,2402.0,2366.0,2414.0,4754.0,4688.0,4729.0,2402.0,2366.0,2417.0,2370.0,2361.0,2370.0
0.0,14118.0,7169.0,7103.0,7185.0,7175.0,2397.0,2383.0,2395.0,2370.0,2362.0,2371.0,2397.0,2380.0,2392.0,4708.0,4717.0,4693.0,2397.0,2383.0,2395.0,2370.0,2362.0,2371.0
0.0,14134.0,7151.0,7106.0,7175.0,7160.0,2370.0,2387.0,2403.0,2371.0,2363.0,2372.0,2367.0,2384.0,2400.0,4713.0,4703.0,4718.0,2370.0,2387.0,2403.0,2371.0,2363.0,2372.0
0.0,14158.0,7078.0,7110.0,7160.0,7090.0,2354.0,2373.0,2363.0,2372.0,2365.0,2373.0,2351.0,2367.0,2360.0,4743.0,4702.0,4713.0,2354.0,2373.0,2363.0,2372.0,2365.0,2373.0
0.0,14240.0,7081.0,7110.0,7090.0,7081.0,2352.0,2372.0,2357.0,2372.0,2365.0,2373.0,2352.0,2372.0,2357.0,4762.0,4722.0,4756.0,2352.0,2372.0,2357.0,2372.0,2365.0,2373.0
0.0,14249.0,7133.0,7110.0,7081.0,7133.0,2372.0,2364.0,2397.0,2372.0,2365.0,2373.0,2372.0,2364.0,2397.0,4764.0,4723.0,4762.0,2372.0,2364.0,2397.0,2372.0,2365.0,2373.0
0.0,14197.0,7145.0,7110.0,7133.0,7145.0,2404.0,2368.0,2373.0,2372.0,2365.0,2373.0,2404.0,2368.0,2373.0,4744.0,4731.0,4722.0,2404.0,2368.0,2373.0,2372.0,2365.0,2373.0
0.0,14185.0,7250.0,7114.0,7145.0,7262.0,2434.0,2421.0,2407.0,2374.0,2366.0,2374.0,2428.0,2418.0,2404.0,4712.0,4727.0,4746.0,2434.0,2421.0,2407.0,2374.0,2366.0,2374.0
0.0,14080.0,7229.0,7116.0,7262.0,7235.0,2427.0,2403.0,2405.0,2375.0,2366.0,2375.0,2424.0,2403.0,2402.0,4688.0,4677.0,4715.0,2427.0,2403.0,2405.0,2375.0,2366.0,2375.0
0.0,14113.0,7234.0,7118.0,7235.0,7240.0,2429.0,2408.0,2403.0,2376.0,2367.0,2375.0,2426.0,2405.0,2403.0,4698.0,4695.0,4720.0,2429.0,2408.0,2403.0,2376.0,2367.0,2375.0
0.0,14114.0,7179.0,7122.0,7240.0,7191.0,2374.0,2437.0,2380.0,2377.0,2369.0,2376.0,2371.0,2431.0,2377.0,4699.0,4693.0,4722.0,2374.0,2437.0,2380.0,2377.0,2369.0,2376.0
0.0,14175.0,7123.0,7121.0,7191.0,7120.0,2345.0,2395.0,2380.0,2376.0,2369.0,2376.0,2348.0,2395.0,2380.0,4757.0,4670.0,4748.0,2345.0,2395.0,2380.0,2376.0,2369.0,2376.0
0.0,14243.0,7089.0,7123.0,7120.0,7095.0,2359.0,2370.0,2366.0,2377.0,2370.0,2376.0,2356.0,2367.0,2366.0,4783.0,4712.0,4748.0,2359.0,2370.0,2366.0,2377.0,2370.0,2376.0
0.0,14274.0,7229.0,7127.0,7095.0,7241.0,2408.0,2404.0,2429.0,2378.0,2371.0,2378.0,2405.0,2401.0,2423.0,4772.0,4740.0,4762.0,2408.0,2404.0,2429.0,2378.0,2371.0,2378.0
0.0,14140.0,7129.0,7128.0,7241.0,7132.0,2388.0,2343.0,2401.0,2378.0,2371.0,2379.0,2388.0,2343.0,2398.0,4726.0,4709.0,4705.0,2388.0,2343.0,2401.0,2378.0,2371.0,2379.0
0.0,14252.0,7254.0,7131.0,7132.0,7263.0,2436.0,2402.0,2425.0,2379.0,2372.0,2380.0,2433.0,2399.0,2422.0,4746.0,4770.0,4736.0,2436.0,2402.0,2425.0,2379.0,2372.0,2380.0
0.0,14130.0,7108.0,7131.0,7263.0,7108.0,2364.0,2365.0,2379.0,2379.0,2372.0,2380.0,2364.0,2365.0,2379.0,4701.0,4714.0,4715.0,2364.0,2365.0,2379.0,2379.0,2372.0,2380.0
0.0,14285.0,7042.0,7131.0,7108.0,7042.0,2349.0,2374.0,2319.0,2379.0,2372.0,2380.0,2349.0,2374.0,2319.0,4773.0,4751.0,4761.0,2349.0,2374.0,2319.0,2379.0,2372.0,2380.0
0.0,14351.0,7158.0,7132.0,7042.0,7161.0,2399.0,2408.0,2354.0,2380.0,2373.0,2379.0,2396.0,2405.0,2357.0,4788.0,4742.0,4821.0,2399.0,2408.0,2354.0,2380.0,2373.0,2379.0
0.0,14235.0,7312.0,7137.0,7161.0,7327.0,2436.0,2450.0,2441.0,2381.0,2375.0,2381.0,2433.0,2444.0,2435.0,4741.0,4711.0,4783.0,2436.0,2450.0,2441.0,2381.0,2375.0,2381.0
0.0,14084.0,7171.0,7139.0,7327.0,7177.0,2405.0,2398.0,2374.0,2382.0,2376.0,2381.0,2402.0,2395.0,2374.0,4707.0,4675.0,4702.0,2405.0,2398.0,2374.0,2382.0,2376.0,2381.0
0.0,14240.0,7295.0,7140.0,7177.0,7298.0,2444.0,2420.0,2434.0,2382.0,2377.0,2381.0,2444.0,2417.0,2434.0,4741.0,4730.0,4769.0,2444.0,2420.0,2434.0,2382.0,2377.0,2381.0
0.0,14122.0,7250.0,7144.0,7298.0,7262.0,2425.0,2389.0,2448.0,2383.0,2378.0,2383.0,2422.0,2386.0,2442.0,4702.0,4711.0,4709.0,2425.0,2389.0,2448.0,2383.0,2378.0,2383.0
0.0,14170.0,7223.0,7146.0,7262.0,7229.0,2437.0,2370.0,2422.0,2384.0,2378.0,2384.0,2434.0,2370.0,2419.0,4724.0,4745.0,4701.0,2437.0,2370.0,2422.0,2384.0,2378.0,2384.0
0.0,14209.0,7275.0,7149.0,7229.0,7284.0,2411.0,2438.0,2435.0,2385.0,2379.0,2385.0,2408.0,2435.0,2432.0,4715.0,4764.0,4730.0,2411.0,2438.0,2435.0,2385.0,2379.0,2385.0
0.0,14163.0,7173.0,7151.0,7284.0,7179.0,2351.0,2390.0,2438.0,2385.0,2379.0,2387.0,2351.0,2390.0,2432.0,4744.0,4699.0,4720.0,2351.0,2390.0,2438.0,2385.0,2379.0,2387.0
0.0,14274.0,7238.0,7154.0,7179.0,7247.0,2424.0,2392.0,2431.0,2386.0,2380.0,2388.0,2421.0,2389.0,2428.0,4804.0,4747.0,4723.0,2424.0,2392.0,2431.0,2386.0,2380.0,2388.0
0.0,14215.0,7234.0,7156.0,7247.0,7240.0,2410.0,2412.0,2418.0,2387.0,2381.0,2388.0,2407.0,2409.0,2418.0,4734.0,4748.0,4733.0,2410.0,2412.0,2418.0,2387.0,2381.0,2388.0
0.0,14228.0,7108.0,7156.0,7240.0,7108.0,2366.0,2387.0,2355.0,2387.0,2381.0,2388.0,2366.0,2387.0,2355.0,4751.0,4731.0,4746.0,2366.0,2387.0,2355.0,2387.0,2381.0,2388.0
0.0,14360.0,7147.0,7159.0,7108.0,7156.0,2392.0,2397.0,2367.0,2388.0,2383.0,2388.0,2389.0,2391.0,2367.0,4795.0,4756.0,4809.0,2392.0,2397.0,2367.0,2388.0,2383.0,2388.0
0.0,14321.0,7080.0,7159.0,7156.0,7080.0,2349.0,2367.0,2364.0,2388.0,2383.0,2388.0,2349.0,2367.0,2364.0,4772.0,4752.0,4797.0,2349.0,2367.0,2364.0,2388.0,2383.0,2388.0
0.0,14397.0,7155.0,7163.0,7080.0,7167.0,2378.0,2370.0,2419.0,2389.0,2384.0,2390.0,2375.0,2367.0,2413.0,4815.0,4782.0,4800.0,2378.0,2370.0,2419.0,2389.0,2384.0,2390.0
0.0,14322.0,7092.0,7161.0,7167.0,7086.0,2355.0,2360.0,2371.0,2388.0,2384.0,2389.0,2358.0,2360.0,2374.0,4789.0,4782.0,4751.0,2355.0,2360.0,2371.0,2388.0,2384.0,2389.0
0.0,14397.0,7260.0,7164.0,7086.0,7269.0,2448.0,2397.0,2424.0,2390.0,2384.0,2390.0,2442.0,2397.0,2421.0,4809.0,4792.0,4796.0,2448.0,2397.0,2424.0,2390.0,2384.0,2390.0
0.0,14223.0,7193.0,7164.0,7269.0,7193.0,2409.0,2402.0,2382.0,2390.0,2384.0,2390.0,2409.0,2402.0,2382.0,4722.0,4755.0,4746.0,2409.0,2402.0,2382.0,2390.0,2384.0,2390.0
0.0,14299.0,7254.0,7164.0,7193.0,7254.0,2432.0,2408.0,2414.0,2390.0,2384.0,2390.0,2432.0,2408.0,2414.0,4761.0,4750.0,4788.0,2432.0,2408.0,2414.0,2390.0,2384.0,2390.0
0.0,14238.0,7275.0,7166.0,7254.0,7281.0,2410.0,2434.0,2437.0,2390.0,2385.0,2391.0,2410.0,2431.0,2434.0,4738.0,4744.0,4756.0,2410.0,2434.0,2437.0,2390.0,2385.0,2391.0
0.0,14217.0,7317.0,7169.0,7281.0,7326.0,2410.0,2453.0,2463.0,2391.0,2386.0,2392.0,2407.0,2450.0,2460.0,4760.0,4721.0,4736.0,2410.0,2453.0,2463.0,2391.0,2386.0,2392.0
0.0,14181.0,7182.0,7169.0,7326.0,7182.0,2377.0,2410.0,2395.0,2390.0,2387.0,2392.0,2380.0,2407.0,2395.0,4763.0,4705.0,4713.0,2377.0,2410.0,2395.0,2390.0,2387.0,2392.0
0.0,14325.0,7244.0,7173.0,7182.0,7256.0,2408.0,2401.0,2447.0,2391.0,2388.0,2394.0,2405.0,2398.0,2441.0,4793.0,4751.0,4781.0,2408.0,2401.0,2447.0,2391.0,2388.0,2394.0
0.0,14263.0,7238.0,7175.0,7256.0,7244.0,2433.0,2408.0,2403.0,2392.0,2389.0,2394.0,2430.0,2405.0,2403.0,4765.0,4763.0,4735.0,2433.0,2408.0,2403.0,2392.0,2389.0,2394.0
0.0,14281.0,7144.0,7175.0,7244.0,7144.0,2371.0,2373.0,2400.0,2392.0,2389.0,2394.0,2371.0,2373.0,2400.0,4743.0,4759.0,4779.0,2371.0,2373.0,2400.0,2392.0,2389.0,2394.0
0.0,14381.0,7048.0,7174.0,7144.0,7045.0,2362.0,2330.0,2353.0,2392.0,2388.0,2394.0,2362.0,2333.0,2353.0,4805.0,4794.0,4782.0,2362.0,2330.0,2353.0,2392.0,2388.0,2394.0
0.0,14477.0,7050.0,7172.0,7045.0,7044.0,2343.0,2366.0,2335.0,2391.0,2388.0,2393.0,2346.0,2366.0,2338.0,4814.0,4834.0,4829.0,2343.0,2366.0,2335.0,2391.0,2388.0,2393.0
0.0,14472.0,7129.0,7172.0,7044.0,7129.0,2379.0,2380.0,2370.0,2391.0,2388.0,2393.0,2379.0,2380.0,2370.0,4830.0,4798.0,4844.0,2379.0,2380.0,2370.0,2391.0,2388.0,2393.0
0.0,14387.0,7089.0,7172.0,7129.0,7089.0,2350.0,2371.0,2368.0,2391.0,2388.0,2393.0,2350.0,2371.0,2368.0,4794.0,4784.0,4809.0,2350.0,2371.0,2368.0,2391.0,2388.0,2393.0
0.0,14427.0,7329.0,7175.0,7089.0,7338.0,2466.0,2450.0,2422.0,2392.0,2389.0,2394.0,2463.0,2447.0,2419.0,4823.0,4793.0,4811.0,2466.0,2450.0,2422.0,2392.0,2389.0,2394.0
0.0,14187.0,7236.0,7178.0,7338.0,7245.0,2419.0,2411.0,2415.0,2393.0,2390.0,2395.0,2416.0,2408.0,2412.0,4710.0,4717.0,4760.0,2419.0,2411.0,2415.0,2393.0,2390.0,2395.0
0.0,14289.0,7326.0,7183.0,7245.0,7341.0,2429.0,2447.0,2465.0,2394.0,2392.0,2397.0,2426.0,2441.0,2459.0,4760.0,4759.0,4770.0,2429.0,2447.0,2465.0,2394.0,2392.0,2397.0
0.0,14208.0,7159.0,7182.0,7341.0,7156.0,2383.0,2374.0,2399.0,2393.0,2392.0,2397.0,2386.0,2374.0,2399.0,4753.0,4729.0,4726.0,2383.0,2374.0,2399.0,2393.0,2392.0,2397.0
0.0,14390.0,7232.0,7184.0,7156.0,7238.0,2369.0,2430.0,2439.0,2393.0,2393.0,2398.0,2369.0,2427.0,2436.0,4796.0,4802.0,4792.0,2369.0,2430.0,2439.0,2393.0,2393.0,2398.0
0.0,14314.0,7225.0,7185.0,7238.0,7228.0,2424.0,2366.0,2438.0,2394.0,2392.0,2399.0,2421.0,2369.0,2435.0,4810.0,4749.0,4755.0,2424.0,2366.0,2438.0,2394.0,2392.0,2399.0
0.0,14327.0,7187.0,7186.0,7228.0,7190.0,2405.0,2393.0,2392.0,2394.0,2393.0,2399.0,2405.0,2390.0,2392.0,4758.0,4810.0,4759.0,2405.0,2393.0,2392.0,2394.0,2393.0,2399.0
0.0,14368.0,7234.0,7187.0,7190.0,7237.0,2432.0,2409.0,2396.0,2395.0,2393.0,2399.0,2429.0,2409.0,2396.0,4777.0,4786.0,4805.0,2432.0,2409.0,2396.0,2395.0,2393.0,2399.0
0.0,14324.0,7159.0,7187.0,7237.0,7159.0,2412.0,2383.0,2364.0,2396.0,2393.0,2398.0,2409.0,2383.0,2367.0,4753.0,4770.0,4801.0,2412.0,2383.0,2364.0,2396.0,2393.0,2398.0
0.0,14402.0,7222.0,7191.0,7159.0,7234.0,2401.0,2436.0,2397.0,2397.0,2395.0,2399.0,2398.0,2430.0,2394.0,4776.0,4796.0,4830.0,2401.0,2436.0,2397.0,2397.0,2395.0,2399.0
0.0,14339.0,7128.0,7191.0,7234.0,7128.0,2363.0,2397.0,2368.0,2397.0,2395.0,2399.0,2363.0,2397.0,2368.0,4790.0,4749.0,4800.0,2363.0,2397.0,2368.0,2397.0,2395.0,2399.0
0.0,14445.0,7137.0,7191.0,7128.0,7137.0,2381.0,2360.0,2396.0,2397.0,2395.0,2399.0,2381.0,2360.0,2396.0,4828.0,4788.0,4829.0,2381.0,2360.0,2396.0,2397.0,2395.0,2399.0
0.0,14436.0,7326.0,7194.0,7137.0,7335.0,2426.0,2428.0,2481.0,2397.0,2396.0,2401.0,2426.0,2425.0,2475.0,4810.0,4825.0,4801.0,2426.0,2428.0,2481.0,2397.0,2396.0,2401.0
0.0,14247.0,7343.0,7196.0,7335.0,7349.0,2466.0,2423.0,2460.0,2398.0,2396.0,2402.0,2463.0,2423.0,2457.0,4765.0,4760.0,4722.0,2466.0,2423.0,2460.0,2398.0,2396.0,2402.0
0.0,14239.0,7270.0,7197.0,7349.0,7273.0,2415.0,2413.0,2445.0,2398.0,2396.0,2403.0,2415.0,2413.0,2442.0,4728.0,4765.0,4746.0,2415.0,2413.0,2445.0,2398.0,2396.0,2403.0
0.0,14318.0,7309.0,7198.0,7273.0,7312.0,2440.0,2433.0,2439.0,2398.0,2397.0,2403.0,2440.0,2430.0,2439.0,4779.0,4775.0,4764.0,2440.0,2433.0,2439.0,2398.0,2397.0,2403.0
0.0,14282.0,7291.0,7200.0,7312.0,7297.0,2430.0,2409.0,2458.0,2399.0,2396.0,2405.0,2427.0,2412.0,2452.0,4754.0,4758.0,4770.0,2430.0,2409.0,2458.0,2399.0,2396.0,2405.0
0.0,14303.0,7292.0,7204.0,7297.0,7304.0,2435.0,2444.0,2425.0,2401.0,2397.0,2406.0,2429.0,2441.0,2422.0,4767.0,4779.0,4757.0,2435.0,2444.0,2425.0,2401.0,2397.0,2406.0
0.0,14308.0,7166.0,7205.0,7304.0,7169.0,2378.0,2439.0,2352.0,2401.0,2399.0,2405.0,2378.0,2433.0,2355.0,4768.0,4747.0,4793.0,2378.0,2439.0,2352.0,2401.0,2399.0,2405.0
0.0,14446.0,7194.0,7205.0,7169.0,7194.0,2389.0,2414.0,2391.0,2401.0,2399.0,2405.0,2389.0,2414.0,2391.0,4825.0,4758.0,4863.0,2389.0,2414.0,2391.0,2401.0,2399.0,2405.0
0.0,14421.0,7143.0,7205.0,7194.0,7143.0,2385.0,2381.0,2377.0,2401.0,2400.0,2404.0,2385.0,2378.0,2380.0,4814.0,4783.0,4824.0,2385.0,2381.0,2377.0,2401.0,2400.0,2404.0
0.0,14472.0,7159.0,7203.0,7143.0,7153.0,2389.0,2380.0,2384.0,2400.0,2399.0,2404.0,2392.0,2383.0,2384.0,4818.0,4819.0,4835.0,2389.0,2380.0,2384.0,2400.0,2399.0,2404.0
0.0,14456.0,7174.0,7204.0,7153.0,7177.0,2402.0,2378.0,2397.0,2401.0,2399.0,2404.0,2399.0,2378.0,2397.0,4811.0,4817.0,4828.0,2402.0,2378.0,2397.0,2401.0,2399.0,2404.0
0.0,14435.0,7163.0,7207.0,7177.0,7172.0,2367.0,2380.0,2425.0,2401.0,2400.0,2406.0,2367.0,2377.0,2419.0,4801.0,4819.0,4815.0,2367.0,2380.0,2425.0,2401.0,2400.0,2406.0
0.0,14449.0,7147.0,7206.0,7172.0,7144.0,2377.0,2383.0,2384.0,2401.0,2399.0,2406.0,2377.0,2386.0,2384.0,4836.0,4820.0,4793.0,2377.0,2383.0,2384.0,2401.0,2399.0,2406.0
0.0,14474.0,7180.0,7203.0,7144.0,7171.0,2365.0,2394.0,2412.0,2399.0,2398.0,2406.0,2371.0,2397.0,2412.0,4826.0,4814.0,4834.0,2365.0,2394.0,2412.0,2399.0,2398.0,2406.0
0.0,14438.0,7316.0,7207.0,7171.0,7328.0,2421.0,2443.0,2464.0,2400.0,2399.0,2408.0,2418.0,2440.0,2458.0,4832.0,4800.0,4806.0,2421.0,2443.0,2464.0,2400.0,2399.0,2408.0
0.0,14293.0,7381.0,7208.0,7328.0,7384.0,2457.0,2454.0,2473.0,2400.0,2400.0,2408.0,2457.0,2451.0,2473.0,4779.0,4754.0,4760.0,2457.0,2454.0,2473.0,2400.0,2400.0,2408.0
0.0,14240.0,7423.0,7212.0,7384.0,7435.0,2487.0,2485.0,2463.0,2401.0,2402.0,2409.0,2484.0,2479.0,2460.0,4743.0,4746.0,4751.0,2487.0,2485.0,2463.0,2401.0,2402.0,2409.0
0.0,14201.0,7301.0,7213.0,7435.0,7304.0,2439.0,2444.0,2421.0,2401.0,2403.0,2409.0,2439.0,2441.0,2421.0,4716.0,4721.0,4764.0,2439.0,2444.0,2421.0,2401.0,2403.0,2409.0
0.0,14335.0,7292.0,7214.0,7304.0,7295.0,2432.0,2437.0,2426.0,2402.0,2403.0,2409.0,2429.0,2437.0,2426.0,4764.0,4765.0,4806.0,2432.0,2437.0,2426.0,2402.0,2403.0,2409.0
0.0,14347.0,7255.0,7215.0,7295.0,7258.0,2433.0,2390.0,2435.0,2403.0,2403.0,2409.0,2430.0,2390.0,2435.0,4774.0,4772.0,4801.0,2433.0,2390.0,2435.0,2403.0,2403.0,2409.0
0.0,14387.0,7197.0,7214.0,7258.0,7194.0,2408.0,2386.0,2400.0,2403.0,2403.0,2408.0,2408.0,2386.0,2403.0,4776.0,4819.0,4792.0,2408.0,2386.0,2400.0,2403.0,2403.0,2408.0
0.0,14448.0,7148.0,7213.0,7194.0,7145.0,2390.0,2401.0,2354.0,2403.0,2403.0,2407.0,2390.0,2401.0,2357.0,4801.0,4823.0,4824.0,2390.0,2401.0,2354.0,2403.0,2403.0,2407.0
0.0,14494.0,7182.0,7214.0,7145.0,7185.0,2387.0,2398.0,2400.0,2403.0,2403.0,2408.0,2387.0,2398.0,2397.0,4819.0,4808.0,4867.0,2387.0,2398.0,2400.0,2403.0,2403.0,2408.0
0.0,14457.0,7169.0,7214.0,7185.0,7169.0,2379.0,2397.0,2393.0,2403.0,2403.0,2408.0,2379.0,2397.0,2393.0,4822.0,4811.0,4824.0,2379.0,2397.0,2393.0,2403.0,2403.0,2408.0
0.0,14473.0,7198.0,7217.0,7169.0,7207.0,2375.0,2394.0,2438.0,2403.0,2404.0,2410.0,2375.0,2391.0,2432.0,4830.0,4812.0,4831.0,2375.0,2394.0,2438.0,2403.0,2404.0,2410.0
0.0,14444.0,7244.0,7219.0,7207.0,7250.0,2398.0,2434.0,2418.0,2404.0,2405.0,2410.0,2395.0,2431.0,2418.0,4834.0,4818.0,4792.0,2398.0,2434.0,2418.0,2404.0,2405.0,2410.0
0.0,14407.0,7283.0,7222.0,7250.0,7292.0,2419.0,2429.0,2444.0,2405.0,2406.0,2411.0,2416.0,2426.0,2441.0,4814.0,4781.0,4812.0,2419.0,2429.0,2444.0,2405.0,2406.0,2411.0
0.0,14374.0,7208.0,7221.0,7292.0,7205.0,2399.0,2401.0,2405.0,2404.0,2406.0,2411.0,2402.0,2401.0,2405.0,4796.0,4789.0,4789.0,2399.0,2401.0,2405.0,2404.0,2406.0,2411.0
0.0,14458.0,7277.0,7222.0,7205.0,7280.0,2422.0,2439.0,2419.0,2404.0,2407.0,2411.0,2422.0,2436.0,2419.0,4813.0,4817.0,4828.0,2422.0,2439.0,2419.0,2404.0,2407.0,2411.0
0.0,14386.0,7363.0,7224.0,7280.0,7369.0,2483.0,2428.0,2458.0,2405.0,2407.0,2412.0,2480.0,2428.0,2455.0,4790.0,4782.0,4814.0,2483.0,2428.0,2458.0,2405.0,2407.0,2412.0
0.0,14303.0,7303.0,7225.0,7369.0,7306.0,2433.0,2443.0,2430.0,2406.0,2407.0,2412.0,2430.0,2443.0,2430.0,4732.0,4793.0,4778.0,2433.0,2443.0,2430.0,2406.0,2407.0,2412.0
0.0,14369.0,7231.0,7224.0,7306.0,7228.0,2414.0,2415.0,2399.0,2406.0,2407.0,2411.0,2414.0,2415.0,2402.0,4785.0,4778.0,4806.0,2414.0,2415.0,2399.0,2406.0,2407.0,2411.0
0.0,14444.0,7287.0,7226.0,7228.0,7293.0,2429.0,2456.0,2408.0,2407.0,2408.0,2411.0,2426.0,2453.0,2408.0,4804.0,4806.0,4834.0,2429.0,2456.0,2408.0,2407.0,2408.0,2411.0
0.0,14385.0,7371.0,7229.0,7293.0,7380.0,2455.0,2458.0,2467.0,2408.0,2409.0,2412.0,2452.0,2455.0,2464.0,4792.0,4768.0,4825.0,2455.0,2458.0,2467.0,2408.0,2409.0,2412.0
0.0,14307.0,7271.0,7229.0,7380.0,7271.0,2438.0,2422.0,2411.0,2408.0,2409.0,2412.0,2438.0,2422.0,2411.0,4769.0,4769.0,4769.0,2438.0,2422.0,2411.0,2408.0,2409.0,2412.0
0.0,14416.0,7146.0,7228.0,7271.0,7143.0,2399.0,2370.0,2374.0,2408.0,2409.0,2411.0,2399.0,2370.0,2377.0,4786.0,4805.0,4825.0,2399.0,2370.0,2374.0,2408.0,2409.0,2411.0
0.0,14541.0,7228.0,7232.0,7143.0,7240.0,2406.0,2407.0,2427.0,2409.0,2410.0,2413.0,2403.0,2404.0,2421.0,4825.0,4857.0,4859.0,2406.0,2407.0,2427.0,2409.0,2410.0,2413.0
0.0,14456.0,7276.0,7237.0,7240.0,7291.0,2405.0,2434.0,2452.0,2410.0,2412.0,2415.0,2402.0,2428.0,2446.0,4821.0,4823.0,4812.0,2405.0,2434.0,2452.0,2410.0,2412.0,2415.0
0.0,14420.0,7182.0,7237.0,7291.0,7182.0,2370.0,2369.0,2443.0,2410.0,2411.0,2416.0,2370.0,2372.0,2440.0,4825.0,4802.0,4793.0,2370.0,2369.0,2443.0,2410.0,2411.0,2416.0
0.0,14529.0,7315.0,7242.0,7182.0,7330.0,2448.0,2447.0,2435.0,2412.0,2413.0,2417.0,2442.0,2441.0,2432.0,4860.0,4864.0,4805.0,2448.0,2447.0,2435.0,2412.0,2413.0,2417.0
0.0,14396.0,7361.0,7242.0,7330.0,7361.0,2462.0,2428.0,2471.0,2412.0,2412.0,2418.0,2462.0,2431.0,2468.0,4788.0,4792.0,4816.0,2462.0,2428.0,2471.0,2412.0,2412.0,2418.0
0.0,14365.0,7212.0,7241.0,7361.0,7209.0,2400.0,2405.0,2404.0,2411.0,2412.0,2418.0,2403.0,2405.0,2404.0,4774.0,4808.0,4783.0,2400.0,2405.0,2404.0,2411.0,2412.0,2418.0
0.0,14514.0,7398.0,7243.0,7209.0,7404.0,2482.0,2471.0,2451.0,2412.0,2413.0,2418.0,2479.0,2468.0,2451.0,4833.0,4831.0,4850.0,2482.0,2471.0,2451.0,2412.0,2413.0,2418.0
0.0,14325.0,7252.0,7245.0,7404.0,7258.0,2422.0,2441.0,2395.0,2413.0,2414.0,2418.0,2419.0,2438.0,2395.0,4754.0,4768.0,4803.0,2422.0,2441.0,2395.0,2413.0,2414.0,2418.0
0.0,14477.0,7299.0,7246.0,7258.0,7302.0,2426.0,2439.0,2437.0,2414.0,2414.0,2418.0,2423.0,2439.0,2437.0,4817.0,4801.0,4859.0,2426.0,2439.0,2437.0,2414.0,2414.0,2418.0
0.0,14436.0,7191.0,7246.0,7302.0,7191.0,2381.0,2393.0,2417.0,2413.0,2415.0,2418.0,2384.0,2390.0,2417.0,4816.0,4803.0,4817.0,2381.0,2393.0,2417.0,2413.0,2415.0,2418.0
0.0,14547.0,7291.0,7249.0,7191.0,7300.0,2423.0,2436.0,2441.0,2414.0,2416.0,2419.0,2420.0,2433.0,2438.0,4858.0,4852.0,4837.0,2423.0,2436.0,2441.0,2414.0,2416.0,2419.0
0.0,14447.0,7213.0,7248.0,7300.0,7210.0,2423.0,2365.0,2422.0,2414.0,2415.0,2419.0,2423.0,2368.0,2422.0,4819.0,4812.0,4816.0,2423.0,2365.0,2422.0,2414.0,2415.0,2419.0
0.0,14534.0,7191.0,7249.0,7210.0,7194.0,2412.0,2379.0,2403.0,2414.0,2415.0,2420.0,2412.0,2379.0,2400.0,4819.0,4880.0,4835.0,2412.0,2379.0,2403.0,2414.0,2415.0,2420.0
0.0,14553.0,7178.0,7248.0,7194.0,7175.0,2395.0,2370.0,2410.0,2414.0,2414.0,2420.0,2395.0,2373.0,2410.0,4830.0,4866.0,4857.0,2395.0,2370.0,2410.0,2414.0,2414.0,2420.0
0.0,14569.0,7309.0,7251.0,7175.0,7318.0,2422.0,2448.0,2448.0,2415.0,2415.0,2421.0,2419.0,2445.0,2445.0,4847.0,4872.0,4850.0,2422.0,2448.0,2448.0,2415.0,2415.0,2421.0
0.0,14435.0,7282.0,7254.0,7318.0,7291.0,2425.0,2473.0,2393.0,2416.0,2417.0,2421.0,2422.0,2467.0,2393.0,4823.0,4797.0,4815.0,2425.0,2473.0,2393.0,2416.0,2417.0,2421.0
0.0,14471.0,7250.0,7252.0,7291.0,7244.0,2408.0,2439.0,2397.0,2415.0,2417.0,2420.0,2411.0,2439.0,2400.0,4823.0,4778.0,4870.0,2408.0,2439.0,2397.0,2415.0,2417.0,2420.0
0.0,14512.0,7239.0,7250.0,7244.0,7233.0,2420.0,2420.0,2393.0,2414.0,2417.0,2419.0,2423.0,2420.0,2396.0,4837.0,4812.0,4863.0,2420.0,2420.0,2393.0,2414.0,2417.0,2419.0
0.0,14517.0,7439.0,7253.0,7233.0,7448.0,2511.0,2485.0,2452.0,2416.0,2418.0,2419.0,2505.0,2482.0,2452.0,4822.0,4831.0,4864.0,2511.0,2485.0,2452.0,2416.0,2418.0,2419.0
0.0,14311.0,7306.0,7252.0,7448.0,7303.0,2452.0,2441.0,2410.0,2416.0,2418.0,2418.0,2452.0,2441.0,2413.0,4737.0,4769.0,4805.0,2452.0,2441.0,2410.0,2416.0,2418.0,2418.0
0.0,14453.0,7288.0,7253.0,7303.0,7291.0,2413.0,2434.0,2444.0,2416.0,2419.0,2418.0,2413.0,2431.0,2444.0,4796.0,4813.0,4844.0,2413.0,2434.0,2444.0,2416.0,2419.0,2418.0
0.0,14468.0,7320.0,7254.0,7291.0,7323.0,2412.0,2446.0,2465.0,2416.0,2419.0,2419.0,2412.0,2446.0,2462.0,4835.0,4823.0,4810.0,2412.0,2446.0,2465.0,2416.0,2419.0,2419.0
0.0,14439.0,7359.0,7257.0,7323.0,7368.0,2440.0,2454.0,2474.0,2417.0,2419.0,2421.0,2437.0,2454.0,2468.0,4836.0,4811.0,4792.0,2440.0,2454.0,2474.0,2417.0,2419.0,2421.0
0.0,14403.0,7296.0,7259.0,7368.0,7302.0,2449.0,2416.0,2437.0,2418.0,2419.0,2422.0,2446.0,2416.0,2434.0,4811.0,4803.0,4789.0,2449.0,2416.0,2437.0,2418.0,2419.0,2422.0
0.0,14475.0,7289.0,7262.0,7302.0,7298.0,2418.0,2438.0,2442.0,2419.0,2420.0,2423.0,2415.0,2435.0,2439.0,4805.0,4841.0,4829.0,2418.0,2438.0,2442.0,2419.0,2420.0,2423.0
0.0,14488.0,7344.0,7265.0,7298.0,7353.0,2469.0,2437.0,2447.0,2420.0,2421.0,2424.0,2466.0,2434.0,2444.0,4839.0,4822.0,4827.0,2469.0,2437.0,2447.0,2420.0,2421.0,2424.0
0.0,14442.0,7225.0,7267.0,7353.0,7231.0,2408.0,2403.0,2420.0,2420.0,2422.0,2425.0,2408.0,2400.0,2417.0,4791.0,4826.0,4825.0,2408.0,2403.0,2420.0,2420.0,2422.0,2425.0
0.0,14570.0,7263.0,7269.0,7231.0,7269.0,2419.0,2423.0,2427.0,2421.0,2423.0,2425.0,2416.0,2420.0,2427.0,4852.0,4863.0,4855.0,2419.0,2423.0,2427.0,2421.0,2423.0,2425.0
0.0,14538.0,7258.0,7271.0,7269.0,7264.0,2418.0,2420.0,2426.0,2422.0,2423.0,2426.0,2415.0,2420.0,2423.0,4844.0,4846.0,4848.0,2418.0,2420.0,2426.0,2422.0,2423.0,2426.0
0.0,14549.0,7259.0,7272.0,7264.0,7262.0,2438.0,2410.0,2414.0,2423.0,2423.0,2426.0,2435.0,2410.0,2414.0,4848.0,4849.0,4852.0,2438.0,2410.0,2414.0,2423.0,2423.0,2426.0
0.0,14554.0,7286.0,7272.0,7262.0,7286.0,2458.0,2421.0,2407.0,2424.0,2423.0,2425.0,2455.0,2421.0,2410.0,4831.0,4859.0,4864.0,2458.0,2421.0,2407.0,2424.0,2423.0,2425.0
0.0,14530.0,7363.0,7271.0,7286.0,7360.0,2457.0,2458.0,2445.0,2424.0,2423.0,2424.0,2457.0,2458.0,2448.0,4814.0,4848.0,4868.0,2457.0,2458.0,2445.0,2424.0,2423.0,2424.0
0.0,14453.0,7284.0,7269.0,7360.0,7278.0,2415.0,2451.0,2412.0,2423.0,2423.0,2423.0,2418.0,2451.0,2415.0,4815.0,4811.0,4827.0,2415.0,2451.0,2412.0,2423.0,2423.0,2423.0
0.0,14529.0,7319.0,7269.0,7278.0,7319.0,2427.0,2453.0,2439.0,2422.0,2423.0,2424.0,2430.0,2453.0,2436.0,4854.0,4818.0,4857.0,2427.0,2453.0,2439.0,2422.0,2423.0,2424.0
0.0,14488.0,7344.0,7270.0,7319.0,7347.0,2416.0,2473.0,2458.0,2422.0,2424.0,2424.0,2416.0,2470.0,2458.0,4839.0,4816.0,4833.0,2416.0,2473.0,2458.0,2422.0,2424.0,2424.0
0.0,14463.0,7425.0,7273.0,7347.0,7434.0,2486.0,2480.0,2468.0,2423.0,2425.0,2425.0,2483.0,2477.0,2465.0,4850.0,4799.0,4814.0,2486.0,2480.0,2468.0,2423.0,2425.0,2425.0
0.0,14385.0,7227.0,7274.0,7434.0,7230.0,2391.0,2423.0,2416.0,2423.0,2426.0,2425.0,2391.0,2420.0,2416.0,4783.0,4795.0,4807.0,2391.0,2423.0,2416.0,2423.0,2426.0,2425.0
0.0,14592.0,7271.0,7277.0,7230.0,7280.0,2433.0,2407.0,2440.0,2424.0,2426.0,2427.0,2430.0,2407.0,2434.0,4878.0,4855.0,4859.0,2433.0,2407.0,2440.0,2424.0,2426.0,2427.0
0.0,14551.0,7331.0,7280.0,7280.0,7340.0,2440.0,2444.0,2456.0,2425.0,2427.0,2428.0,2437.0,2441.0,2453.0,4839.0,4871.0,4841.0,2440.0,2444.0,2456.0,2425.0,2427.0,2428.0
0.0,14500.0,7288.0,7282.0,7340.0,7294.0,2416.0,2438.0,2440.0,2425.0,2428.0,2429.0,2416.0,2435.0,2437.0,4835.0,4837.0,4828.0,2416.0,2438.0,2440.0,2425.0,2428.0,2429.0
0.0,14552.0,7174.0,7281.0,7294.0,7171.0,2413.0,2397.0,2361.0,2426.0,2428.0,2427.0,2410.0,2397.0,2367.0,4859.0,4846.0,4847.0,2413.0,2397.0,2361.0,2426.0,2428.0,2427.0
0.0,14672.0,7191.0,7280.0,7171.0,7188.0,2398.0,2392.0,2398.0,2426.0,2427.0,2427.0,2398.0,2395.0,2398.0,4865.0,4887.0,4920.0,2398.0,2392.0,2398.0,2426.0,2427.0,2427.0
0.0,14652.0,7337.0,7282.0,7188.0,7343.0,2449.0,2456.0,2438.0,2427.0,2428.0,2427.0,2446.0,2453.0,2438.0,4880.0,4889.0,4883.0,2449.0,2456.0,2438.0,2427.0,2428.0,2427.0
0.0,14503.0,7281.0,7282.0,7343.0,7281.0,2449.0,2446.0,2386.0,2427.0,2428.0,2427.0,2449.0,2446.0,2386.0,4832.0,4828.0,4843.0,2449.0,2446.0,2386.0,2427.0,2428.0,2427.0
0.0,14565.0,7381.0,7284.0,7281.0,7387.0,2455.0,2463.0,2469.0,2428.0,2429.0,2427.0,2452.0,2460.0,2469.0,4832.0,4838.0,4895.0,2455.0,2463.0,2469.0,2428.0,2429.0,2427.0
0.0,14465.0,7541.0,7288.0,7387.0,7553.0,2517.0,2506.0,2530.0,2429.0,2430.0,2429.0,2514.0,2503.0,2524.0,4829.0,4824.0,4812.0,2517.0,2506.0,2530.0,2429.0,2430.0,2429.0
0.0,14311.0,7438.0,7291.0,7553.0,7447.0,2480.0,2481.0,2486.0,2430.0,2431.0,2430.0,2477.0,2478.0,2483.0,4770.0,4784.0,4757.0,2480.0,2481.0,2486.0,2430.0,2431.0,2430.0
0.0,14426.0,7454.0,7295.0,7447.0,7466.0,2471.0,2462.0,2533.0,2431.0,2432.0,2432.0,2468.0,2459.0,2527.0,4810.0,4812.0,4804.0,2471.0,2462.0,2533.0,2431.0,2432.0,2432.0
0.0,14419.0,7249.0,7294.0,7466.0,7246.0,2404.0,2399.0,2443.0,2430.0,2431.0,2433.0,2407.0,2402.0,2440.0,4822.0,4834.0,4763.0,2404.0,2399.0,2443.0,2430.0,2431.0,2433.0
0.0,14636.0,7319.0,7292.0,7246.0,7313.0,2448.0,2435.0,2430.0,2430.0,2430.0,2432.0,2448.0,2438.0,2433.0,4886.0,4894.0,4856.0,2448.0,2435.0,2430.0,2430.0,2430.0,2432.0
0.0,14563.0,7367.0,7295.0,7313.0,7376.0,2475.0,2457.0,2444.0,2431.0,2431.0,2433.0,2472.0,2454.0,2441.0,4842.0,4855.0,4866.0,2475.0,2457.0,2444.0,2431.0,2431.0,2433.0
0.0,14509.0,7262.0,7297.0,7376.0,7268.0,2419.0,2431.0,2418.0,2431.0,2432.0,2434.0,2419.0,2428.0,2415.0,4818.0,4836.0,4855.0,2419.0,2431.0,2418.0,2431.0,2432.0,2434.0
0.0,14623.0,7338.0,7299.0,7268.0,7344.0,2438.0,2467.0,2439.0,2432.0,2433.0,2434.0,2435.0,2464.0,2439.0,4874.0,4865.0,4884.0,2438.0,2467.0,2439.0,2432.0,2433.0,2434.0
0.0,14553.0,7312.0,7300.0,7344.0,7315.0,2423.0,2461.0,2431.0,2432.0,2434.0,2434.0,2423.0,2458.0,2431.0,4858.0,4832.0,4863.0,2423.0,2461.0,2431.0,2432.0,2434.0,2434.0
0.0,14585.0,7239.0,7301.0,7315.0,7242.0,2432.0,2418.0,2392.0,2433.0,2435.0,2433.0,2429.0,2415.0,2395.0,4873.0,4841.0,4871.0,2432.0,2418.0,2392.0,2433.0,2435.0,2433.0
0.0,14661.0,7341.0,7302.0,7242.0,7344.0,2461.0,2439.0,2444.0,2434.0,2435.0,2433.0,2458.0,2439.0,2444.0,4867.0,4887.0,4907.0,2461.0,2439.0,2444.0,2434.0,2435.0,2433.0
0.0,14562.0,7467.0,7304.0,7344.0,7473.0,2491.0,2483.0,2499.0,2434.0,2436.0,2434.0,2491.0,2480.0,2496.0,4841.0,4866.0,4855.0,2491.0,2483.0,2499.0,2434.0,2436.0,2434.0
0.0,14439.0,7459.0,7308.0,7473.0,7471.0,2497.0,2475.0,2499.0,2436.0,2437.0,2435.0,2491.0,2472.0,2496.0,4811.0,4825.0,4803.0,2497.0,2475.0,2499.0,2436.0,2437.0,2435.0
0.0,14453.0,7411.0,7309.0,7471.0,7414.0,2488.0,2448.0,2478.0,2436.0,2437.0,2436.0,2488.0,2448.0,2475.0,4811.0,4836.0,4806.0,2488.0,2448.0,2478.0,2436.0,2437.0,2436.0
0.0,14513.0,7355.0,7311.0,7414.0,7361.0,2445.0,2454.0,2462.0,2437.0,2437.0,2437.0,2442.0,2454.0,2459.0,4820.0,4863.0,4830.0,2445.0,2454.0,2462.0,2437.0,2437.0,2437.0
0.0,14572.0,7403.0,7313.0,7361.0,7409.0,2440.0,2493.0,2476.0,2437.0,2438.0,2438.0,2440.0,2490.0,2473.0,4866.0,4857.0,4849.0,2440.0,2493.0,2476.0,2437.0,2438.0,2438.0
0.0,14530.0,7425.0,7317.0,7409.0,7437.0,2494.0,2458.0,2485.0,2439.0,2439.0,2439.0,2488.0,2455.0,2482.0,4871.0,4821.0,4838.0,2494.0,2458.0,2485.0,2439.0,2439.0,2439.0
0.0,14514.0,7381.0,7319.0,7437.0,7387.0,2483.0,2470.0,2434.0,2440.0,2440.0,2439.0,2480.0,2467.0,2434.0,4823.0,4859.0,4832.0,2483.0,2470.0,2434.0,2440.0,2440.0,2439.0
0.0,14570.0,7413.0,7323.0,7387.0,7425.0,2475.0,2480.0,2470.0,2441.0,2442.0,2440.0,2472.0,2474.0,2467.0,4837.0,4850.0,4883.0,2475.0,2480.0,2470.0,2441.0,2442.0,2440.0
0.0,14544.0,7273.0,7323.0,7425.0,7273.0,2434.0,2409.0,2430.0,2441.0,2442.0,2440.0,2434.0,2409.0,2430.0,4848.0,4846.0,4850.0,2434.0,2409.0,2430.0,2441.0,2442.0,2440.0
0.0,14696.0,7306.0,7327.0,7273.0,7318.0,2430.0,2457.0,2431.0,2442.0,2444.0,2441.0,2427.0,2451.0,2428.0,4889.0,4917.0,4890.0,2430.0,2457.0,2431.0,2442.0,2444.0,2441.0
0.0,14663.0,7392.0,7328.0,7318.0,7395.0,2484.0,2457.0,2454.0,2443.0,2444.0,2441.0,2481.0,2457.0,2454.0,4896.0,4875.0,4892.0,2484.0,2457.0,2454.0,2443.0,2444.0,2441.0
0.0,14589.0,7221.0,7327.0,7395.0,7218.0,2401.0,2403.0,2414.0,2443.0,2443.0,2441.0,2401.0,2406.0,2414.0,4845.0,4875.0,4869.0,2401.0,2403.0,2414.0,2443.0,2443.0,2441.0
0.0,14763.0,7380.0,7329.0,7218.0,7386.0,2475.0,2442.0,2469.0,2444.0,2443.0,2442.0,2472.0,2442.0,2466.0,4928.0,4926.0,4909.0,2475.0,2442.0,2469.0,2444.0,2443.0,2442.0
0.0,14601.0,7486.0,7333.0,7386.0,7498.0,2490.0,2501.0,2507.0,2445.0,2444.0,2444.0,2487.0,2498.0,2501.0,4857.0,4887.0,4857.0,2490.0,2501.0,2507.0,2445.0,2444.0,2444.0
0.0,14501.0,7489.0,7335.0,7498.0,7495.0,2502.0,2489.0,2504.0,2445.0,2445.0,2445.0,2502.0,2486.0,2501.0,4845.0,4831.0,4825.0,2502.0,2489.0,2504.0,2445.0,2445.0,2445.0
0.0,14510.0,7506.0,7339.0,7495.0,7518.0,2493.0,2470.0,2555.0,2446.0,2445.0,2448.0,2490.0,2470.0,2546.0,4833.0,4846.0,4831.0,2493.0,2470.0,2555.0,2446.0,2445.0,2448.0
0.0,14499.0,7349.0,7341.0,7518.0,7355.0,2452.0,2455.0,2448.0,2447.0,2446.0,2448.0,2449.0,2452.0,2448.0,4845.0,4865.0,4789.0,2452.0,2455.0,2448.0,2447.0,2446.0,2448.0
0.0,14668.0,7386.0,7342.0,7355.0,7389.0,2468.0,2471.0,2450.0,2448.0,2446.0,2448.0,2465.0,2471.0,2450.0,4889.0,4883.0,4896.0,2468.0,2471.0,2450.0,2448.0,2446.0,2448.0
0.0,14637.0,7281.0,7340.0,7389.0,7275.0,2450.0,2384.0,2441.0,2448.0,2445.0,2447.0,2450.0,2387.0,2444.0,4876.0,4867.0,4894.0,2450.0,2384.0,2441.0,2448.0,2445.0,2447.0
0.0,14745.0,7437.0,7343.0,7275.0,7446.0,2489.0,2486.0,2471.0,2449.0,2446.0,2448.0,2486.0,2483.0,2468.0,4894.0,4951.0,4900.0,2489.0,2486.0,2471.0,2449.0,2446.0,2448.0
0.0,14583.0,7288.0,7343.0,7446.0,7288.0,2467.0,2390.0,2431.0,2450.0,2445.0,2448.0,2464.0,2393.0,2431.0,4858.0,4852.0,4873.0,2467.0,2390.0,2431.0,2450.0,2445.0,2448.0
0.0,14741.0,7310.0,7342.0,7288.0,7307.0,2444.0,2439.0,2424.0,2449.0,2445.0,2448.0,2447.0,2439.0,2424.0,4883.0,4945.0,4913.0,2444.0,2439.0,2424.0,2449.0,2445.0,2448.0
0.0,14719.0,7313.0,7344.0,7307.0,7319.0,2448.0,2448.0,2423.0,2450.0,2446.0,2448.0,2445.0,2445.0,2423.0,4903.0,4896.0,4920.0,2448.0,2448.0,2423.0,2450.0,2446.0,2448.0
0.0,14713.0,7328.0,7345.0,7319.0,7331.0,2433.0,2472.0,2426.0,2450.0,2447.0,2448.0,2433.0,2469.0,2426.0,4902.0,4890.0,4921.0,2433.0,2472.0,2426.0,2450.0,2447.0,2448.0
0.0,14704.0,7489.0,7349.0,7331.0,7501.0,2473.0,2511.0,2517.0,2451.0,2449.0,2449.0,2470.0,2505.0,2514.0,4917.0,4869.0,4918.0,2473.0,2511.0,2517.0,2451.0,2449.0,2449.0
0.0,14546.0,7518.0,7354.0,7501.0,7533.0,2491.0,2502.0,2540.0,2452.0,2450.0,2452.0,2488.0,2499.0,2531.0,4880.0,4836.0,4830.0,2491.0,2502.0,2540.0,2452.0,2450.0,2452.0
0.0,14529.0,7433.0,7357.0,7533.0,7442.0,2482.0,2473.0,2487.0,2453.0,2451.0,2453.0,2479.0,2470.0,2484.0,4865.0,4848.0,4816.0,2482.0,2473.0,2487.0,2453.0,2451.0,2453.0
0.0,14629.0,7278.0,7355.0,7442.0,7272.0,2427.0,2407.0,2438.0,2452.0,2450.0,2453.0,2430.0,2410.0,2438.0,4877.0,4880.0,4872.0,2427.0,2407.0,2438.0,2452.0,2450.0,2453.0
0.0,14793.0,7441.0,7358.0,7272.0,7450.0,2478.0,2482.0,2490.0,2453.0,2451.0,2454.0,2475.0,2479.0,2487.0,4929.0,4943.0,4921.0,2478.0,2482.0,2490.0,2453.0,2451.0,2454.0
0.0,14624.0,7444.0,7362.0,7450.0,7456.0,2508.0,2488.0,2460.0,2455.0,2452.0,2455.0,2502.0,2485.0,2457.0,4881.0,4871.0,4872.0,2508.0,2488.0,2460.0,2455.0,2452.0,2455.0
0.0,14630.0,7480.0,7363.0,7456.0,7483.0,2497.0,2495.0,2491.0,2456.0,2452.0,2455.0,2494.0,2495.0,2491.0,4857.0,4868.0,4905.0,2497.0,2495.0,2491.0,2456.0,2452.0,2455.0
0.0,14606.0,7283.0,7361.0,7483.0,7277.0,2402.0,2452.0,2423.0,2455.0,2452.0,2454.0,2405.0,2452.0,2426.0,4871.0,4861.0,4874.0,2402.0,2452.0,2423.0,2455.0,2452.0,2454.0
0.0,14806.0,7403.0,7365.0,7277.0,7415.0,2492.0,2499.0,2424.0,2457.0,2453.0,2455.0,2486.0,2496.0,2421.0,4963.0,4904.0,4939.0,2492.0,2499.0,2424.0,2457.0,2453.0,2455.0
0.0,14680.0,7380.0,7366.0,7415.0,7383.0,2468.0,2468.0,2447.0,2457.0,2454.0,2455.0,2468.0,2465.0,2447.0,4879.0,4860.0,4941.0,2468.0,2468.0,2447.0,2457.0,2454.0,2455.0
0.0,14715.0,7224.0,7365.0,7383.0,7221.0,2402.0,2425.0,2394.0,2457.0,2454.0,2454.0,2402.0,2425.0,2397.0,4903.0,4894.0,4918.0,2402.0,2425.0,2394.0,2457.0,2454.0,2454.0
0.0,14874.0,7306.0,7364.0,7221.0,7303.0,2433.0,2454.0,2416.0,2457.0,2454.0,2453.0,2433.0,2454.0,2419.0,4969.0,4937.0,4968.0,2433.0,2454.0,2416.0,2457.0,2454.0,2453.0
0.0,14789.0,7346.0,7368.0,7303.0,7358.0,2444.0,2438.0,2476.0,2458.0,2455.0,2455.0,2441.0,2435.0,2470.0,4938.0,4908.0,4943.0,2444.0,2438.0,2476.0,2458.0,2455.0,2455.0
0.0,14746.0,7371.0,7371.0,7358.0,7380.0,2446.0,2461.0,2473.0,2458.0,2456.0,2457.0,2446.0,2458.0,2467.0,4930.0,4927.0,4889.0,2446.0,2461.0,2473.0,2458.0,2456.0,2457.0
0.0,14733.0,7431.0,7373.0,7380.0,7437.0,2466.0,2463.0,2508.0,2459.0,2456.0,2458.0,2463.0,2463.0,2505.0,4928.0,4907.0,4898.0,2466.0,2463.0,2508.0,2459.0,2456.0,2458.0
0.0,14682.0,7455.0,7376.0,7437.0,7464.0,2482.0,2470.0,2512.0,2459.0,2457.0,2460.0,2482.0,2467.0,2506.0,4911.0,4905.0,4866.0,2482.0,2470.0,2512.0,2459.0,2457.0,2460.0
0.0,14664.0,7469.0,7377.0,7464.0,7472.0,2502.0,2494.0,2476.0,2460.0,2457.0,2460.0,2499.0,2494.0,2476.0,4895.0,4901.0,4868.0,2502.0,2494.0,2476.0,2460.0,2457.0,2460.0
0.0,14659.0,7436.0,7376.0,7472.0,7433.0,2464.0,2493.0,2476.0,2459.0,2457.0,2460.0,2467.0,2493.0,2476.0,4878.0,4877.0,4904.0,2464.0,2493.0,2476.0,2459.0,2457.0,2460.0
0.0,14695.0,7392.0,7375.0,7433.0,7389.0,2472.0,2469.0,2448.0,2459.0,2457.0,2459.0,2472.0,2469.0,2451.0,4913.0,4878.0,4904.0,2472.0,2469.0,2448.0,2459.0,2457.0,2459.0
0.0,14736.0,7325.0,7373.0,7389.0,7319.0,2444.0,2415.0,2460.0,2459.0,2456.0,2458.0,2444.0,2418.0,2463.0,4905.0,4902.0,4929.0,2444.0,2415.0,2460.0,2459.0,2456.0,2458.0
0.0,14800.0,7305.0,7374.0,7319.0,7308.0,2437.0,2441.0,2430.0,2459.0,2457.0,2458.0,2437.0,2438.0,2430.0,4933.0,4953.0,4914.0,2437.0,2441.0,2430.0,2459.0,2457.0,2458.0
0.0,14814.0,7362.0,7375.0,7308.0,7365.0,2483.0,2430.0,2452.0,2460.0,2457.0,2458.0,2480.0,2430.0,2452.0,4940.0,4930.0,4944.0,2483.0,2430.0,2452.0,2460.0,2457.0,2458.0
0.0,14760.0,7391.0,7375.0,7365.0,7391.0,2483.0,2466.0,2442.0,2460.0,2457.0,2458.0,2483.0,2466.0,2442.0,4897.0,4941.0,4922.0,2483.0,2466.0,2442.0,2460.0,2457.0,2458.0
0.0,14734.0,7290.0,7376.0,7391.0,7293.0,2440.0,2423.0,2430.0,2461.0,2457.0,2458.0,2437.0,2423.0,2430.0,4897.0,4905.0,4932.0,2440.0,2423.0,2430.0,2461.0,2457.0,2458.0
0.0,14835.0,7264.0,7374.0,7293.0,7258.0,2407.0,2421.0,2430.0,2460.0,2456.0,2458.0,2410.0,2424.0,2430.0,4943.0,4948.0,4944.0,2407.0,2421.0,2430.0,2460.0,2456.0,2458.0
0.0,14864.0,7336.0,7375.0,7258.0,7339.0,2445.0,2454.0,2440.0,2461.0,2456.0,2458.0,2442.0,2454.0,2440.0,4973.0,4947.0,4944.0,2445.0,2454.0,2440.0,2461.0,2456.0,2458.0
0.0,14786.0,7505.0,7380.0,7339.0,7520.0,2520.0,2492.0,2508.0,2462.0,2458.0,2460.0,2517.0,2486.0,2502.0,4938.0,4914.0,4934.0,2520.0,2492.0,2508.0,2462.0,2458.0,2460.0
0.0,14620.0,7408.0,7381.0,7520.0,7411.0,2466.0,2481.0,2464.0,2462.0,2458.0,2461.0,2466.0,2481.0,2461.0,4866.0,4882.0,4872.0,2466.0,2481.0,2464.0,2462.0,2458.0,2461.0
0.0,14732.0,7572.0,7383.0,7411.0,7578.0,2524.0,2531.0,2523.0,2463.0,2459.0,2461.0,2521.0,2528.0,2523.0,4920.0,4893.0,4919.0,2524.0,2531.0,2523.0,2463.0,2459.0,2461.0
0.0,14571.0,7430.0,7382.0,7578.0,7427.0,2460.0,2476.0,2491.0,2462.0,2459.0,2461.0,2463.0,2476.0,2491.0,4865.0,4846.0,4860.0,2460.0,2476.0,2491.0,2462.0,2459.0,2461.0
0.0,14719.0,7569.0,7385.0,7427.0,7578.0,2537.0,2497.0,2544.0,2463.0,2460.0,2462.0,2534.0,2494.0,2541.0,4926.0,4901.0,4892.0,2537.0,2497.0,2544.0,2463.0,2460.0,2462.0
0.0,14577.0,7541.0,7388.0,7578.0,7550.0,2503.0,2524.0,2523.0,2464.0,2461.0,2463.0,2500.0,2521.0,2520.0,4852.0,4883.0,4842.0,2503.0,2524.0,2523.0,2464.0,2461.0,2463.0
0.0,14614.0,7406.0,7389.0,7550.0,7409.0,2477.0,2460.0,2472.0,2465.0,2461.0,2463.0,2474.0,2460.0,2472.0,4889.0,4859.0,4866.0,2477.0,2460.0,2472.0,2465.0,2461.0,2463.0
0.0,14758.0,7470.0,7391.0,7409.0,7476.0,2485.0,2498.0,2493.0,2465.0,2462.0,2464.0,2485.0,2495.0,2490.0,4918.0,4923.0,4917.0,2485.0,2498.0,2493.0,2465.0,2462.0,2464.0
0.0,14697.0,7404.0,7391.0,7476.0,7404.0,2479.0,2479.0,2446.0,2465.0,2462.0,2464.0,2479.0,2479.0,2446.0,4910.0,4888.0,4899.0,2479.0,2479.0,2446.0,2465.0,2462.0,2464.0
0.0,14769.0,7339.0,7389.0,7404.0,7333.0,2459.0,2438.0,2436.0,2465.0,2461.0,2463.0,2459.0,2441.0,2439.0,4916.0,4907.0,4946.0,2459.0,2438.0,2436.0,2465.0,2461.0,2463.0
0.0,14834.0,7398.0,7391.0,7333.0,7404.0,2490.0,2475.0,2439.0,2466.0,2462.0,2463.0,2487.0,2472.0,2439.0,4936.0,4945.0,4953.0,2490.0,2475.0,2439.0,2466.0,2462.0,2463.0
0.0,14769.0,7376.0,7392.0,7404.0,7379.0,2461.0,2446.0,2472.0,2466.0,2462.0,2464.0,2461.0,2446.0,2469.0,4908.0,4911.0,4950.0,2461.0,2446.0,2472.0,2466.0,2462.0,2464.0
0.0,14797.0,7424.0,7394.0,7379.0,7430.0,2490.0,2474.0,2466.0,2467.0,2463.0,2464.0,2487.0,2471.0,2466.0,4937.0,4940.0,4920.0,2490.0,2474.0,2466.0,2467.0,2463.0,2464.0
0.0,14752.0,7464.0,7398.0,7430.0,7476.0,2490.0,2493.0,2493.0,2468.0,2464.0,2466.0,2487.0,2490.0,2487.0,4911.0,4915.0,4926.0,2490.0,2493.0,2493.0,2468.0,2464.0,2466.0
0.0,14718.0,7430.0,7400.0,7476.0,7436.0,2501.0,2462.0,2473.0,2469.0,2465.0,2466.0,2498.0,2459.0,2473.0,4914.0,4899.0,4905.0,2501.0,2462.0,2473.0,2469.0,2465.0,2466.0
0.0,14764.0,7396.0,7398.0,7436.0,7390.0,2472.0,2438.0,2480.0,2468.0,2464.0,2466.0,2475.0,2441.0,2480.0,4906.0,4933.0,4925.0,2472.0,2438.0,2480.0,2468.0,2464.0,2466.0
0.0,14804.0,7492.0,7398.0,7390.0,7492.0,2531.0,2493.0,2468.0,2469.0,2464.0,2465.0,2528.0,2493.0,2471.0,4932.0,4954.0,4918.0,2531.0,2493.0,2468.0,2469.0,2464.0,2465.0
0.0,14702.0,7437.0,7396.0,7492.0,7431.0,2493.0,2487.0,2451.0,2469.0,2464.0,2463.0,2493.0,2487.0,2457.0,4876.0,4899.0,4927.0,2493.0,2487.0,2451.0,2469.0,2464.0,2463.0
0.0,14757.0,7389.0,7397.0,7431.0,7392.0,2455.0,2498.0,2439.0,2469.0,2465.0,2463.0,2455.0,2495.0,2439.0,4914.0,4905.0,4938.0,2455.0,2498.0,2439.0,2469.0,2465.0,2463.0
0.0,14799.0,7463.0,7399.0,7392.0,7469.0,2460.0,2522.0,2487.0,2469.0,2466.0,2464.0,2460.0,2519.0,2484.0,4952.0,4897.0,4950.0,2460.0,2522.0,2487.0,2469.0,2466.0,2464.0
0.0,14728.0,7405.0,7400.0,7469.0,7408.0,2466.0,2464.0,2478.0,2469.0,2467.0,2464.0,2466.0,2461.0,2478.0,4947.0,4876.0,4905.0,2466.0,2464.0,2478.0,2469.0,2467.0,2464.0
0.0,14792.0,7525.0,7402.0,7408.0,7531.0,2532.0,2499.0,2500.0,2470.0,2467.0,2465.0,2529.0,2499.0,2497.0,4941.0,4937.0,4914.0,2532.0,2499.0,2500.0,2470.0,2467.0,2465.0
0.0,14675.0,7466.0,7406.0,7531.0,7478.0,2510.0,2471.0,2497.0,2471.0,2469.0,2466.0,2507.0,2465.0,2494.0,4878.0,4902.0,4895.0,2510.0,2471.0,2497.0,2471.0,2469.0,2466.0
0.0,14740.0,7482.0,7409.0,7478.0,7491.0,2497.0,2472.0,2522.0,2472.0,2469.0,2468.0,2494.0,2472.0,2516.0,4903.0,4936.0,4901.0,2497.0,2472.0,2522.0,2472.0,2469.0,2468.0
0.0,14736.0,7363.0,7410.0,7491.0,7366.0,2506.0,2430.0,2430.0,2473.0,2469.0,2468.0,2503.0,2430.0,2430.0,4919.0,4935.0,4882.0,2506.0,2430.0,2430.0,2473.0,2469.0,2468.0
0.0,14864.0,7478.0,7413.0,7366.0,7487.0,2485.0,2505.0,2497.0,2474.0,2470.0,2469.0,2482.0,2502.0,2494.0,4913.0,4977.0,4974.0,2485.0,2505.0,2497.0,2474.0,2470.0,2469.0
0.0,14752.0,7378.0,7410.0,7487.0,7369.0,2442.0,2478.0,2449.0,2473.0,2469.0,2468.0,2445.0,2481.0,2452.0,4937.0,4905.0,4910.0,2442.0,2478.0,2449.0,2473.0,2469.0,2468.0
0.0,14861.0,7405.0,7409.0,7369.0,7402.0,2465.0,2493.0,2444.0,2473.0,2469.0,2467.0,2465.0,2493.0,2447.0,4977.0,4929.0,4955.0,2465.0,2493.0,2444.0,2473.0,2469.0,2467.0
0.0,14825.0,7491.0,7410.0,7402.0,7494.0,2525.0,2480.0,2489.0,2474.0,2469.0,2467.0,2522.0,2480.0,2489.0,4954.0,4914.0,4957.0,2525.0,2480.0,2489.0,2474.0,2469.0,2467.0
0.0,14736.0,7582.0,7416.0,7494.0,7600.0,2552.0,2527.0,2521.0,2476.0,2472.0,2468.0,2546.0,2518.0,2518.0,4897.0,4927.0,4912.0,2552.0,2527.0,2521.0,2476.0,2472.0,2468.0
0.0,14648.0,7511.0,7417.0,7600.0,7514.0,2519.0,2511.0,2484.0,2477.0,2472.0,2468.0,2516.0,2511.0,2484.0,4876.0,4889.0,4883.0,2519.0,2511.0,2484.0,2477.0,2472.0,2468.0
0.0,14737.0,7445.0,7418.0,7514.0,7448.0,2489.0,2476.0,2483.0,2477.0,2472.0,2469.0,2489.0,2476.0,2480.0,4912.0,4905.0,4920.0,2489.0,2476.0,2483.0,2477.0,2472.0,2469.0
0.0,14806.0,7580.0,7419.0,7448.0,7583.0,2507.0,2540.0,2536.0,2477.0,2473.0,2469.0,2507.0,2537.0,2536.0,4942.0,4940.0,4924.0,2507.0,2540.0,2536.0,2477.0,2473.0,2469.0
0.0,14674.0,7394.0,7421.0,7583.0,7400.0,2468.0,2432.0,2500.0,2478.0,2472.0,2471.0,2465.0,2435.0,2494.0,4924.0,4879.0,4871.0,2468.0,2432.0,2500.0,2478.0,2472.0,2471.0
0.0,14863.0,7411.0,7422.0,7400.0,7414.0,2468.0,2479.0,2467.0,2478.0,2472.0,2472.0,2468.0,2479.0,2464.0,4966.0,4984.0,4913.0,2468.0,2479.0,2467.0,2478.0,2472.0,2472.0
0.0,14852.0,7521.0,7424.0,7414.0,7527.0,2504.0,2518.0,2505.0,2478.0,2473.0,2473.0,2504.0,2515.0,2502.0,4966.0,4937.0,4949.0,2504.0,2518.0,2505.0,2478.0,2473.0,2473.0
0.0,14745.0,7417.0,7428.0,7527.0,7429.0,2468.0,2495.0,2466.0,2480.0,2474.0,2474.0,2462.0,2492.0,2463.0,4930.0,4901.0,4914.0,2468.0,2495.0,2466.0,2480.0,2474.0,2474.0
0.0,14855.0,7455.0,7430.0,7429.0,7461.0,2466.0,2507.0,2488.0,2480.0,2475.0,2475.0,2466.0,2504.0,2485.0,4972.0,4927.0,4956.0,2466.0,2507.0,2488.0,2480.0,2475.0,2475.0
0.0,14829.0,7491.0,7434.0,7461.0,7503.0,2480.0,2510.0,2513.0,2481.0,2477.0,2476.0,2477.0,2504.0,2510.0,4974.0,4918.0,4937.0,2480.0,2510.0,2513.0,2481.0,2477.0,2476.0
0.0,14799.0,7398.0,7434.0,7503.0,7398.0,2466.0,2469.0,2463.0,2481.0,2477.0,2476.0,2466.0,2469.0,2463.0,4963.0,4921.0,4915.0,2466.0,2469.0,2463.0,2481.0,2477.0,2476.0
0.0,14904.0,7392.0,7433.0,7398.0,7389.0,2467.0,2464.0,2458.0,2481.0,2477.0,2475.0,2467.0,2464.0,2461.0,4977.0,4962.0,4965.0,2467.0,2464.0,2458.0,2481.0,2477.0,2475.0
0.0,14910.0,7508.0,7435.0,7389.0,7514.0,2552.0,2463.0,2499.0,2483.0,2477.0,2475.0,2546.0,2463.0,2499.0,4976.0,4967.0,4967.0,2552.0,2463.0,2499.0,2483.0,2477.0,2475.0
0.0,14791.0,7560.0,7436.0,7514.0,7563.0,2540.0,2501.0,2522.0,2483.0,2477.0,2476.0,2540.0,2501.0,2519.0,4897.0,4968.0,4926.0,2540.0,2501.0,2522.0,2483.0,2477.0,2476.0
0.0,14745.0,7575.0,7439.0,7563.0,7584.0,2540.0,2514.0,2530.0,2485.0,2477.0,2477.0,2534.0,2514.0,2527.0,4909.0,4930.0,4906.0,2540.0,2514.0,2530.0,2485.0,2477.0,2477.0
0.0,14733.0,7559.0,7441.0,7584.0,7565.0,2517.0,2533.0,2515.0,2485.0,2478.0,2478.0,2517.0,2530.0,2512.0,4915.0,4917.0,4901.0,2517.0,2533.0,2515.0,2485.0,2478.0,2478.0
0.0,14758.0,7540.0,7446.0,7565.0,7555.0,2485.0,2545.0,2525.0,2486.0,2481.0,2479.0,2482.0,2536.0,2522.0,4938.0,4901.0,4919.0,2485.0,2545.0,2525.0,2486.0,2481.0,2479.0
0.0,14783.0,7644.0,7452.0,7555.0,7662.0,2542.0,2564.0,2556.0,2488.0,2483.0,2481.0,2536.0,2558.0,2550.0,4973.0,4898.0,4912.0,2542.0,2564.0,2556.0,2488.0,2483.0,2481.0
0.0,14694.0,7483.0,7454.0,7662.0,7489.0,2494.0,2482.0,2513.0,2488.0,2484.0,2482.0,2494.0,2479.0,2510.0,4922.0,4885.0,4887.0,2494.0,2482.0,2513.0,2488.0,2484.0,2482.0
0.0,14873.0,7499.0,7457.0,7489.0,7508.0,2514.0,2506.0,2488.0,2489.0,2485.0,2483.0,2511.0,2503.0,2485.0,4970.0,4970.0,4933.0,2514.0,2506.0,2488.0,2489.0,2485.0,2483.0
0.0,14863.0,7473.0,7460.0,7508.0,7482.0,2522.0,2479.0,2481.0,2490.0,2486.0,2484.0,2519.0,2476.0,2478.0,4953.0,4949.0,4961.0,2522.0,2479.0,2481.0,2490.0,2486.0,2484.0
0.0,14898.0,7428.0,7463.0,7482.0,7437.0,2501.0,2452.0,2484.0,2492.0,2486.0,2485.0,2495.0,2452.0,2481.0,4948.0,4979.0,4971.0,2501.0,2452.0,2484.0,2492.0,2486.0,2485.0
0.0,14952.0,7283.0,7462.0,7437.0,7280.0,2438.0,2405.0,2437.0,2492.0,2485.0,2485.0,2438.0,2408.0,2437.0,4975.0,5006.0,4971.0,2438.0,2405.0,2437.0,2492.0,2485.0,2485.0
0.0,15106.0,7378.0,7460.0,7280.0,7372.0,2423.0,2472.0,2477.0,2490.0,2485.0,2485.0,2429.0,2472.0,2477.0,5038.0,5050.0,5018.0,2423.0,2472.0,2477.0,2490.0,2485.0,2485.0
0.0,15008.0,7498.0,7462.0,7372.0,7504.0,2506.0,2517.0,2481.0,2491.0,2486.0,2485.0,2503.0,2514.0,2481.0,5047.0,4983.0,4978.0,2506.0,2517.0,2481.0,2491.0,2486.0,2485.0
0.0,14882.0,7539.0,7462.0,7504.0,7539.0,2508.0,2521.0,2510.0,2491.0,2486.0,2485.0,2508.0,2521.0,2510.0,4967.0,4941.0,4974.0,2508.0,2521.0,2510.0,2491.0,2486.0,2485.0
0.0,14847.0,7535.0,7464.0,7539.0,7541.0,2514.0,2536.0,2491.0,2492.0,2487.0,2485.0,2511.0,2533.0,2491.0,4965.0,4937.0,4945.0,2514.0,2536.0,2491.0,2492.0,2487.0,2485.0
0.0,14851.0,7601.0,7465.0,7541.0,7604.0,2532.0,2539.0,2533.0,2492.0,2488.0,2485.0,2532.0,2536.0,2533.0,4962.0,4925.0,4964.0,2532.0,2539.0,2533.0,2492.0,2488.0,2485.0
0.0,14791.0,7394.0,7461.0,7604.0,7382.0,2462.0,2468.0,2452.0,2491.0,2487.0,2483.0,2465.0,2471.0,2458.0,4944.0,4925.0,4922.0,2462.0,2468.0,2452.0,2491.0,2487.0,2483.0
0.0,15001.0,7464.0,7462.0,7382.0,7467.0,2483.0,2483.0,2501.0,2491.0,2487.0,2484.0,2483.0,2483.0,2498.0,5011.0,4993.0,4997.0,2483.0,2483.0,2501.0,2491.0,2487.0,2484.0
0.0,14919.0,7422.0,7461.0,7467.0,7419.0,2463.0,2460.0,2496.0,2491.0,2486.0,2484.0,2463.0,2463.0,2496.0,4990.0,4978.0,4951.0,2463.0,2460.0,2496.0,2491.0,2486.0,2484.0
0.0,14964.0,7484.0,7463.0,7419.0,7490.0,2499.0,2492.0,2499.0,2491.0,2487.0,2485.0,2499.0,2489.0,2496.0,5010.0,4998.0,4956.0,2499.0,2492.0,2499.0,2491.0,2487.0,2485.0
0.0,14899.0,7394.0,7464.0,7490.0,7397.0,2487.0,2433.0,2477.0,2492.0,2486.0,2486.0,2484.0,2436.0,2474.0,4974.0,4969.0,4956.0,2487.0,2433.0,2477.0,2492.0,2486.0,2486.0
0.0,14995.0,7413.0,7464.0,7397.0,7413.0,2492.0,2459.0,2462.0,2492.0,2486.0,2486.0,2492.0,2459.0,2462.0,4989.0,5025.0,4981.0,2492.0,2459.0,2462.0,2492.0,2486.0,2486.0
0.0,14979.0,7358.0,7463.0,7413.0,7355.0,2444.0,2438.0,2473.0,2491.0,2486.0,2486.0,2447.0,2438.0,2473.0,4984.0,4999.0,4996.0,2444.0,2438.0,2473.0,2491.0,2486.0,2486.0
0.0,15034.0,7419.0,7464.0,7355.0,7422.0,2458.0,2508.0,2456.0,2491.0,2487.0,2486.0,2458.0,2505.0,2456.0,5029.0,5020.0,4985.0,2458.0,2508.0,2456.0,2491.0,2487.0,2486.0
0.0,14970.0,7455.0,7464.0,7422.0,7455.0,2483.0,2510.0,2462.0,2491.0,2487.0,2486.0,2483.0,2510.0,2462.0,5015.0,4953.0,5002.0,2483.0,2510.0,2462.0,2491.0,2487.0,2486.0
0.0,14937.0,7443.0,7465.0,7455.0,7446.0,2485.0,2487.0,2474.0,2491.0,2488.0,2486.0,2485.0,2484.0,2474.0,4990.0,4951.0,4996.0,2485.0,2487.0,2474.0,2491.0,2488.0,2486.0
0.0,14949.0,7614.0,7468.0,7446.0,7623.0,2551.0,2535.0,2537.0,2492.0,2489.0,2487.0,2548.0,2532.0,2534.0,4988.0,4977.0,4984.0,2551.0,2535.0,2537.0,2492.0,2489.0,2487.0
0.0,14781.0,7546.0,7470.0,7623.0,7552.0,2521.0,2507.0,2524.0,2492.0,2490.0,2488.0,2521.0,2504.0,2521.0,4925.0,4932.0,4924.0,2521.0,2507.0,2524.0,2492.0,2490.0,2488.0
0.0,14858.0,7627.0,7472.0,7552.0,7633.0,2570.0,2508.0,2555.0,2493.0,2490.0,2489.0,2567.0,2508.0,2552.0,4955.0,4963.0,4940.0,2570.0,2508.0,2555.0,2493.0,2490.0,2489.0
0.0,14783.0,7529.0,7475.0,7633.0,7538.0,2494.0,2512.0,2532.0,2494.0,2490.0,2491.0,2491.0,2512.0,2526.0,4909.0,4962.0,4912.0,2494.0,2512.0,2532.0,2494.0,2490.0,2491.0
0.0,14887.0,7633.0,7478.0,7538.0,7642.0,2536.0,2551.0,2555.0,2495.0,2491.0,2492.0,2533.0,2548.0,2552.0,4988.0,4958.0,4941.0,2536.0,2551.0,2555.0,2495.0,2491.0,2492.0
0.0,14792.0,7501.0,7480.0,7642.0,7507.0,2463.0,2523.0,2521.0,2495.0,2492.0,2493.0,2463.0,2520.0,2518.0,4949.0,4922.0,4921.0,2463.0,2523.0,2521.0,2495.0,2492.0,2493.0
0.0,14933.0,7662.0,7484.0,7507.0,7674.0,2565.0,2586.0,2523.0,2496.0,2494.0,2494.0,2562.0,2580.0,2520.0,5022.0,4953.0,4958.0,2565.0,2586.0,2523.0,2496.0,2494.0,2494.0
0.0,14778.0,7481.0,7483.0,7674.0,7478.0,2505.0,2494.0,2479.0,2496.0,2494.0,2493.0,2505.0,2494.0,2482.0,4923.0,4896.0,4959.0,2505.0,2494.0,2479.0,2496.0,2494.0,2493.0
0.0,14971.0,7443.0,7483.0,7478.0,7443.0,2487.0,2480.0,2476.0,2496.0,2494.0,2493.0,2487.0,2480.0,2476.0,4983.0,4988.0,5000.0,2487.0,2480.0,2476.0,2496.0,2494.0,2493.0
0.0,15006.0,7471.0,7485.0,7443.0,7477.0,2510.0,2513.0,2454.0,2496.0,2496.0,2493.0,2510.0,2507.0,2454.0,5001.0,5002.0,5003.0,2510.0,2513.0,2454.0,2496.0,2496.0,2493.0
0.0,14978.0,7365.0,7483.0,7477.0,7359.0,2433.0,2450.0,2476.0,2495.0,2495.0,2493.0,2436.0,2453.0,2476.0,4978.0,4975.0,5025.0,2433.0,2450.0,2476.0,2495.0,2495.0,2493.0
0.0,15090.0,7381.0,7482.0,7359.0,7378.0,2460.0,2445.0,2473.0,2495.0,2494.0,2493.0,2460.0,2448.0,2473.0,5052.0,5035.0,5003.0,2460.0,2445.0,2473.0,2495.0,2494.0,2493.0
0.0,15068.0,7379.0,7482.0,7378.0,7379.0,2454.0,2438.0,2487.0,2495.0,2493.0,2494.0,2454.0,2441.0,2484.0,5025.0,5037.0,5006.0,2454.0,2438.0,2487.0,2495.0,2493.0,2494.0
0.0,15067.0,7557.0,7483.0,7379.0,7560.0,2527.0,2521.0,2512.0,2495.0,2494.0,2494.0,2527.0,2518.0,2512.0,5031.0,5041.0,4995.0,2527.0,2521.0,2512.0,2495.0,2494.0,2494.0
0.0,14889.0,7627.0,7484.0,7560.0,7630.0,2559.0,2535.0,2536.0,2495.0,2494.0,2495.0,2559.0,2535.0,2533.0,4958.0,4961.0,4970.0,2559.0,2535.0,2536.0,2495.0,2494.0,2495.0
0.0,14822.0,7603.0,7486.0,7630.0,7609.0,2515.0,2541.0,2553.0,2495.0,2495.0,2496.0,2515.0,2538.0,2550.0,4926.0,4947.0,4949.0,2515.0,2541.0,2553.0,2495.0,2495.0,2496.0
0.0,14849.0,7522.0,7487.0,7609.0,7525.0,2501.0,2514.0,2510.0,2496.0,2495.0,2496.0,2498.0,2514.0,2510.0,4970.0,4944.0,4935.0,2501.0,2514.0,2510.0,2496.0,2495.0,2496.0
0.0,14936.0,7637.0,7488.0,7525.0,7640.0,2528.0,2536.0,2576.0,2496.0,2495.0,2497.0,2528.0,2536.0,2573.0,4987.0,4971.0,4978.0,2528.0,2536.0,2576.0,2496.0,2495.0,2497.0
0.0,14824.0,7556.0,7492.0,7640.0,7568.0,2501.0,2533.0,2534.0,2497.0,2497.0,2498.0,2498.0,2527.0,2531.0,4960.0,4949.0,4915.0,2501.0,2533.0,2534.0,2497.0,2497.0,2498.0
0.0,14908.0,7501.0,7493.0,7568.0,7504.0,2522.0,2486.0,2496.0,2498.0,2497.0,2498.0,2519.0,2486.0,2496.0,4990.0,4958.0,4960.0,2522.0,2486.0,2496.0,2498.0,2497.0,2498.0
0.0,14975.0,7422.0,7491.0,7504.0,7416.0,2490.0,2456.0,2470.0,2497.0,2496.0,2498.0,2493.0,2459.0,2470.0,4972.0,5005.0,4998.0,2490.0,2456.0,2470.0,2497.0,2496.0,2498.0
0.0,15057.0,7449.0,7492.0,7416.0,7452.0,2506.0,2440.0,2506.0,2498.0,2495.0,2499.0,2503.0,2443.0,2503.0,5001.0,5032.0,5024.0,2506.0,2440.0,2506.0,2498.0,2495.0,2499.0
0.0,15024.0,7355.0,7491.0,7452.0,7352.0,2430.0,2490.0,2432.0,2498.0,2495.0,2498.0,2430.0,2490.0,2435.0,4988.0,5045.0,4991.0,2430.0,2490.0,2432.0,2498.0,2495.0,2498.0
0.0,15121.0,7453.0,7489.0,7352.0,7447.0,2465.0,2508.0,2474.0,2497.0,2495.0,2497.0,2468.0,2508.0,2477.0,5064.0,4995.0,5062.0,2465.0,2508.0,2474.0,2497.0,2495.0,2497.0
0.0,15020.0,7579.0,7493.0,7447.0,7591.0,2501.0,2539.0,2551.0,2498.0,2496.0,2499.0,2498.0,2536.0,2545.0,5026.0,4977.0,5017.0,2501.0,2539.0,2551.0,2498.0,2496.0,2499.0
0.0,14888.0,7655.0,7497.0,7591.0,7667.0,2548.0,2555.0,2564.0,2499.0,2498.0,2500.0,2545.0,2549.0,2561.0,4993.0,4949.0,4946.0,2548.0,2555.0,2564.0,2499.0,2498.0,2500.0
0.0,14824.0,7586.0,7499.0,7667.0,7592.0,2521.0,2528.0,2543.0,2499.0,2499.0,2501.0,2521.0,2525.0,2540.0,4949.0,4939.0,4936.0,2521.0,2528.0,2543.0,2499.0,2499.0,2501.0
0.0,14905.0,7608.0,7500.0,7592.0,7611.0,2530.0,2556.0,2525.0,2499.0,2500.0,2501.0,2530.0,2553.0,2525.0,4976.0,4969.0,4960.0,2530.0,2556.0,2525.0,2499.0,2500.0,2501.0
0.0,14889.0,7620.0,7502.0,7611.0,7626.0,2529.0,2530.0,2567.0,2499.0,2501.0,2502.0,2529.0,2527.0,2564.0,4967.0,4944.0,4978.0,2529.0,2530.0,2567.0,2499.0,2501.0,2502.0
0.0,14880.0,7562.0,7501.0,7626.0,7559.0,2509.0,2517.0,2533.0,2499.0,2500.0,2502.0,2509.0,2520.0,2533.0,4968.0,4973.0,4939.0,2509.0,2517.0,2533.0,2499.0,2500.0,2502.0
0.0,14944.0,7626.0,7503.0,7559.0,7632.0,2535.0,2530.0,2567.0,2500.0,2500.0,2503.0,2532.0,2530.0,2564.0,4988.0,4983.0,4973.0,2535.0,2530.0,2567.0,2500.0,2500.0,2503.0
0.0,14877.0,7480.0,7500.0,7632.0,7471.0,2482.0,2501.0,2488.0,2499.0,2499.0,2502.0,2485.0,2504.0,2491.0,4965.0,4970.0,4942.0,2482.0,2501.0,2488.0,2499.0,2499.0,2502.0
0.0,15029.0,7546.0,7501.0,7471.0,7549.0,2519.0,2530.0,2500.0,2499.0,2500.0,2502.0,2519.0,2527.0,2500.0,5015.0,4996.0,5018.0,2519.0,2530.0,2500.0,2499.0,2500.0,2502.0
0.0,14954.0,7627.0,7504.0,7549.0,7636.0,2548.0,2560.0,2528.0,2500.0,2501.0,2503.0,2545.0,2557.0,2525.0,4978.0,4970.0,5006.0,2548.0,2560.0,2528.0,2500.0,2501.0,2503.0
0.0,14876.0,7583.0,7505.0,7636.0,7586.0,2532.0,2539.0,2515.0,2500.0,2502.0,2503.0,2532.0,2536.0,2515.0,4952.0,4943.0,4981.0,2532.0,2539.0,2515.0,2500.0,2502.0,2503.0
0.0,14929.0,7478.0,7507.0,7586.0,7484.0,2505.0,2481.0,2498.0,2500.0,2503.0,2504.0,2505.0,2478.0,2495.0,4968.0,4967.0,4994.0,2505.0,2481.0,2498.0,2500.0,2503.0,2504.0
0.0,15037.0,7419.0,7509.0,7484.0,7425.0,2467.0,2496.0,2462.0,2501.0,2504.0,2504.0,2464.0,2493.0,2462.0,4995.0,5028.0,5014.0,2467.0,2496.0,2462.0,2501.0,2504.0,2504.0
0.0,15102.0,7569.0,7512.0,7425.0,7578.0,2509.0,2524.0,2545.0,2502.0,2505.0,2505.0,2506.0,2521.0,2542.0,5036.0,5016.0,5050.0,2509.0,2524.0,2545.0,2502.0,2505.0,2505.0
0.0,14958.0,7626.0,7516.0,7578.0,7638.0,2561.0,2535.0,2542.0,2503.0,2506.0,2507.0,2558.0,2532.0,2536.0,4997.0,4991.0,4970.0,2561.0,2535.0,2542.0,2503.0,2506.0,2507.0
0.0,14910.0,7445.0,7513.0,7638.0,7436.0,2489.0,2445.0,2502.0,2503.0,2504.0,2506.0,2489.0,2451.0,2505.0,4948.0,4983.0,4979.0,2489.0,2445.0,2502.0,2503.0,2504.0,2506.0
0.0,15103.0,7717.0,7517.0,7436.0,7729.0,2570.0,2572.0,2587.0,2504.0,2505.0,2508.0,2567.0,2569.0,2581.0,5020.0,5067.0,5016.0,2570.0,2572.0,2587.0,2504.0,2505.0,2508.0
0.0,14822.0,7582.0,7516.0,7729.0,7579.0,2505.0,2535.0,2539.0,2503.0,2505.0,2508.0,2508.0,2535.0,2539.0,4942.0,4943.0,4937.0,2505.0,2535.0,2539.0,2503.0,2505.0,2508.0
0.0,14969.0,7533.0,7519.0,7579.0,7542.0,2506.0,2531.0,2505.0,2504.0,2506.0,2509.0,2503.0,2528.0,2502.0,5004.0,4980.0,4985.0,2506.0,2531.0,2505.0,2504.0,2506.0,2509.0
0.0,15015.0,7618.0,7522.0,7542.0,7627.0,2520.0,2546.0,2561.0,2505.0,2507.0,2510.0,2517.0,2543.0,2558.0,5006.0,4987.0,5022.0,2520.0,2546.0,2561.0,2505.0,2507.0,2510.0
0.0,14939.0,7638.0,7526.0,7627.0,7650.0,2541.0,2560.0,2549.0,2506.0,2509.0,2511.0,2538.0,2554.0,2546.0,4995.0,4975.0,4969.0,2541.0,2560.0,2549.0,2506.0,2509.0,2511.0
0.0,14928.0,7476.0,7527.0,7650.0,7479.0,2530.0,2477.0,2472.0,2507.0,2509.0,2511.0,2527.0,2477.0,2472.0,4977.0,4967.0,4984.0,2530.0,2477.0,2472.0,2507.0,2509.0,2511.0
0.0,15102.0,7564.0,7531.0,7479.0,7576.0,2529.0,2531.0,2516.0,2508.0,2511.0,2512.0,2526.0,2525.0,2513.0,4991.0,5050.0,5061.0,2529.0,2531.0,2516.0,2508.0,2511.0,2512.0
0.0,15017.0,7528.0,7531.0,7576.0,7528.0,2513.0,2505.0,2510.0,2508.0,2511.0,2512.0,2513.0,2505.0,2510.0,4995.0,5002.0,5020.0,2513.0,2505.0,2510.0,2508.0,2511.0,2512.0
0.0,15065.0,7557.0,7536.0,7528.0,7572.0,2516.0,2522.0,2534.0,2509.0,2513.0,2514.0,2513.0,2516.0,2528.0,5011.0,5028.0,5026.0,2516.0,2522.0,2534.0,2509.0,2513.0,2514.0
0.0,15036.0,7591.0,7539.0,7572.0,7600.0,2536.0,2531.0,2533.0,2511.0,2513.0,2515.0,2530.0,2531.0,2530.0,5011.0,5017.0,5008.0,2536.0,2531.0,2533.0,2511.0,2513.0,2515.0
0.0,15017.0,7566.0,7541.0,7600.0,7572.0,2505.0,2528.0,2539.0,2511.0,2514.0,2516.0,2505.0,2525.0,2536.0,4997.0,5008.0,5012.0,2505.0,2528.0,2539.0,2511.0,2514.0,2516.0
0.0,15051.0,7567.0,7543.0,7572.0,7573.0,2521.0,2523.0,2529.0,2512.0,2514.0,2517.0,2518.0,2523.0,2526.0,5028.0,5014.0,5009.0,2521.0,2523.0,2529.0,2512.0,2514.0,2517.0
0.0,15056.0,7700.0,7545.0,7573.0,7706.0,2568.0,2557.0,2581.0,2512.0,2515.0,2518.0,2568.0,2554.0,2578.0,5015.0,5019.0,5022.0,2568.0,2557.0,2581.0,2512.0,2515.0,2518.0
0.0,14929.0,7707.0,7548.0,7706.0,7716.0,2569.0,2578.0,2569.0,2513.0,2516.0,2519.0,2566.0,2575.0,2566.0,4968.0,4988.0,4973.0,2569.0,2578.0,2569.0,2513.0,2516.0,2519.0
0.0,14928.0,7559.0,7547.0,7716.0,7556.0,2524.0,2507.0,2525.0,2512.0,2516.0,2519.0,2527.0,2507.0,2525.0,4970.0,4970.0,4988.0,2524.0,2507.0,2525.0,2512.0,2516.0,2519.0
0.0,15085.0,7635.0,7549.0,7556.0,7641.0,2531.0,2561.0,2549.0,2513.0,2517.0,2519.0,2528.0,2558.0,2549.0,5012.0,5041.0,5032.0,2531.0,2561.0,2549.0,2513.0,2517.0,2519.0
0.0,15006.0,7625.0,7550.0,7641.0,7628.0,2516.0,2573.0,2539.0,2513.0,2518.0,2519.0,2516.0,2570.0,2539.0,5008.0,4990.0,5008.0,2516.0,2573.0,2539.0,2513.0,2518.0,2519.0
0.0,15022.0,7442.0,7547.0,7628.0,7433.0,2496.0,2495.0,2442.0,2513.0,2517.0,2517.0,2496.0,2498.0,2448.0,5023.0,4981.0,5018.0,2496.0,2495.0,2442.0,2513.0,2517.0,2517.0
0.0,15208.0,7584.0,7547.0,7433.0,7584.0,2548.0,2503.0,2533.0,2513.0,2516.0,2518.0,2548.0,2506.0,2530.0,5043.0,5056.0,5109.0,2548.0,2503.0,2533.0,2513.0,2516.0,2518.0
0.0,15057.0,7504.0,7547.0,7584.0,7504.0,2515.0,2511.0,2478.0,2513.0,2516.0,2518.0,2515.0,2511.0,2478.0,4991.0,5045.0,5021.0,2515.0,2511.0,2478.0,2513.0,2516.0,2518.0
0.0,15137.0,7593.0,7550.0,7504.0,7602.0,2524.0,2541.0,2537.0,2514.0,2517.0,2519.0,2521.0,2538.0,2534.0,5024.0,5037.0,5076.0,2524.0,2541.0,2537.0,2514.0,2517.0,2519.0
0.0,15048.0,7578.0,7552.0,7602.0,7584.0,2502.0,2543.0,2539.0,2514.0,2518.0,2520.0,2502.0,2540.0,2536.0,5018.0,5010.0,5020.0,2502.0,2543.0,2539.0,2514.0,2518.0,2520.0
0.0,15072.0,7510.0,7555.0,7584.0,7519.0,2511.0,2506.0,2502.0,2515.0,2519.0,2521.0,2508.0,2503.0,2499.0,5040.0,5011.0,5021.0,2511.0,2506.0,2502.0,2515.0,2519.0,2521.0
0.0,15146.0,7564.0,7558.0,7519.0,7573.0,2497.0,2534.0,2542.0,2516.0,2520.0,2522.0,2494.0,2531.0,2539.0,5034.0,5051.0,5061.0,2497.0,2534.0,2542.0,2516.0,2520.0,2522.0
0.0,15101.0,7699.0,7564.0,7573.0,7717.0,2575.0,2546.0,2596.0,2518.0,2522.0,2524.0,2569.0,2540.0,2590.0,5051.0,5026.0,5024.0,2575.0,2546.0,2596.0,2518.0,2522.0,2524.0
0.0,14975.0,7674.0,7567.0,7717.0,7683.0,2572.0,2553.0,2558.0,2519.0,2523.0,2525.0,2569.0,2550.0,2555.0,4979.0,5020.0,4976.0,2572.0,2553.0,2558.0,2519.0,2523.0,2525.0
0.0,15018.0,7615.0,7567.0,7683.0,7615.0,2563.0,2526.0,2526.0,2519.0,2523.0,2525.0,2563.0,2526.0,2526.0,4985.0,5016.0,5017.0,2563.0,2526.0,2526.0,2519.0,2523.0,2525.0
0.0,15086.0,7714.0,7568.0,7615.0,7717.0,2569.0,2577.0,2571.0,2520.0,2523.0,2525.0,2566.0,2577.0,2571.0,4994.0,5043.0,5049.0,2569.0,2577.0,2571.0,2520.0,2523.0,2525.0
0.0,14987.0,7615.0,7570.0,7717.0,7621.0,2557.0,2543.0,2521.0,2521.0,2524.0,2525.0,2554.0,2540.0,2521.0,4991.0,4992.0,5004.0,2557.0,2543.0,2521.0,2521.0,2524.0,2525.0
0.0,15089.0,7661.0,7571.0,7621.0,7664.0,2537.0,2586.0,2541.0,2521.0,2525.0,2525.0,2537.0,2583.0,2541.0,5006.0,5029.0,5054.0,2537.0,2586.0,2541.0,2521.0,2525.0,2525.0
0.0,15049.0,7642.0,7572.0,7664.0,7645.0,2547.0,2551.0,2547.0,2522.0,2525.0,2525.0,2544.0,2551.0,2547.0,5026.0,4989.0,5034.0,2547.0,2551.0,2547.0,2522.0,2525.0,2525.0
0.0,15071.0,7629.0,7574.0,7645.0,7635.0,2553.0,2533.0,2549.0,2522.0,2526.0,2526.0,2553.0,2530.0,2546.0,5019.0,5024.0,5028.0,2553.0,2533.0,2549.0,2522.0,2526.0,2526.0
0.0,15087.0,7515.0,7576.0,7635.0,7521.0,2540.0,2487.0,2494.0,2523.0,2527.0,2526.0,2537.0,2484.0,2494.0,5013.0,5045.0,5029.0,2540.0,2487.0,2494.0,2523.0,2527.0,2526.0
0.0,15207.0,7523.0,7578.0,7521.0,7529.0,2536.0,2479.0,2514.0,2524.0,2527.0,2527.0,2533.0,2479.0,2511.0,5029.0,5094.0,5084.0,2536.0,2479.0,2514.0,2524.0,2527.0,2527.0
0.0,15205.0,7600.0,7583.0,7529.0,7615.0,2532.0,2526.0,2557.0,2526.0,2528.0,2529.0,2526.0,2523.0,2551.0,5036.0,5102.0,5067.0,2532.0,2526.0,2557.0,2526.0,2528.0,2529.0
0.0,15134.0,7587.0,7585.0,7615.0,7593.0,2526.0,2525.0,2542.0,2527.0,2528.0,2530.0,2523.0,2525.0,2539.0,5046.0,5058.0,5030.0,2526.0,2525.0,2542.0,2527.0,2528.0,2530.0
0.0,15162.0,7513.0,7584.0,7593.0,7510.0,2477.0,2509.0,2524.0,2526.0,2528.0,2530.0,2480.0,2509.0,2524.0,5055.0,5059.0,5048.0,2477.0,2509.0,2524.0,2526.0,2528.0,2530.0
0.0,15242.0,7657.0,7584.0,7510.0,7657.0,2534.0,2546.0,2577.0,2526.0,2528.0,2530.0,2534.0,2546.0,2577.0,5101.0,5075.0,5066.0,2534.0,2546.0,2577.0,2526.0,2528.0,2530.0
0.0,15095.0,7620.0,7584.0,7657.0,7620.0,2561.0,2560.0,2499.0,2527.0,2528.0,2529.0,2558.0,2560.0,2502.0,5044.0,5038.0,5013.0,2561.0,2560.0,2499.0,2527.0,2528.0,2529.0
0.0,15132.0,7648.0,7585.0,7620.0,7651.0,2545.0,2579.0,2527.0,2527.0,2529.0,2529.0,2545.0,2576.0,2527.0,5020.0,5024.0,5088.0,2545.0,2579.0,2527.0,2527.0,2529.0,2529.0
0.0,15104.0,7628.0,7585.0,7651.0,7628.0,2553.0,2550.0,2525.0,2528.0,2529.0,2528.0,2550.0,2550.0,2528.0,5036.0,5008.0,5060.0,2553.0,2550.0,2525.0,2528.0,2529.0,2528.0
0.0,15127.0,7626.0,7586.0,7628.0,7629.0,2546.0,2552.0,2531.0,2528.0,2530.0,2528.0,2546.0,2549.0,2531.0,5031.0,5037.0,5059.0,2546.0,2552.0,2531.0,2528.0,2530.0,2528.0
0.0,15129.0,7620.0,7586.0,7629.0,7620.0,2536.0,2552.0,2532.0,2528.0,2530.0,2528.0,2536.0,2552.0,2532.0,5038.0,5038.0,5053.0,2536.0,2552.0,2532.0,2528.0,2530.0,2528.0
0.0,15138.0,7648.0,7590.0,7620.0,7660.0,2549.0,2534.0,2577.0,2530.0,2531.0,2529.0,2543.0,2531.0,2574.0,5048.0,5038.0,5052.0,2549.0,2534.0,2577.0,2530.0,2531.0,2529.0
0.0,15110.0,7581.0,7590.0,7660.0,7581.0,2562.0,2510.0,2509.0,2530.0,2530.0,2530.0,2562.0,2513.0,2506.0,5041.0,5059.0,5010.0,2562.0,2510.0,2509.0,2530.0,2530.0,2530.0
0.0,15189.0,7572.0,7589.0,7581.0,7569.0,2541.0,2493.0,2535.0,2530.0,2529.0,2530.0,2541.0,2496.0,2535.0,5028.0,5080.0,5081.0,2541.0,2493.0,2535.0,2530.0,2529.0,2530.0
0.0,15198.0,7616.0,7589.0,7569.0,7616.0,2536.0,2529.0,2551.0,2530.0,2529.0,2530.0,2536.0,2529.0,2551.0,5049.0,5094.0,5055.0,2536.0,2529.0,2551.0,2530.0,2529.0,2530.0
0.0,15151.0,7546.0,7592.0,7616.0,7555.0,2520.0,2526.0,2509.0,2531.0,2530.0,2531.0,2517.0,2523.0,2506.0,5054.0,5058.0,5039.0,2520.0,2526.0,2509.0,2531.0,2530.0,2531.0
0.0,15221.0,7445.0,7591.0,7555.0,7442.0,2505.0,2485.0,2452.0,2531.0,2530.0,2530.0,2505.0,2485.0,2455.0,5073.0,5064.0,5084.0,2505.0,2485.0,2452.0,2531.0,2530.0,2530.0
0.0,15331.0,7641.0,7593.0,7442.0,7647.0,2545.0,2552.0,2550.0,2532.0,2530.0,2531.0,2542.0,2552.0,2547.0,5088.0,5105.0,5138.0,2545.0,2552.0,2550.0,2532.0,2530.0,2531.0
0.0,15132.0,7624.0,7593.0,7647.0,7624.0,2557.0,2548.0,2519.0,2532.0,2531.0,2530.0,2557.0,2545.0,2522.0,5051.0,5038.0,5043.0,2557.0,2548.0,2519.0,2532.0,2531.0,2530.0
0.0,15155.0,7574.0,7595.0,7624.0,7580.0,2536.0,2545.0,2499.0,2533.0,2532.0,2530.0,2533.0,2542.0,2499.0,5039.0,5045.0,5071.0,2536.0,2545.0,2499.0,2533.0,2532.0,2530.0
0.0,15205.0,7613.0,7594.0,7580.0,7610.0,2555.0,2510.0,2545.0,2533.0,2531.0,2530.0,2555.0,2513.0,2545.0,5063.0,5051.0,5091.0,2555.0,2510.0,2545.0,2533.0,2531.0,2530.0
0.0,15172.0,7750.0,7597.0,7610.0,7759.0,2578.0,2613.0,2568.0,2534.0,2533.0,2530.0,2575.0,2607.0,2568.0,5044.0,5083.0,5045.0,2578.0,2613.0,2568.0,2534.0,2533.0,2530.0
0.0,15032.0,7799.0,7602.0,7759.0,7814.0,2610.0,2593.0,2611.0,2536.0,2534.0,2532.0,2604.0,2590.0,2605.0,5024.0,4986.0,5022.0,2610.0,2593.0,2611.0,2536.0,2534.0,2532.0
0.0,14992.0,7593.0,7602.0,7814.0,7593.0,2510.0,2526.0,2557.0,2536.0,2534.0,2532.0,2510.0,2526.0,2557.0,4998.0,5009.0,4985.0,2510.0,2526.0,2557.0,2536.0,2534.0,2532.0
0.0,15213.0,7572.0,7600.0,7593.0,7566.0,2497.0,2515.0,2554.0,2535.0,2533.0,2532.0,2500.0,2518.0,2554.0,5098.0,5076.0,5039.0,2497.0,2515.0,2554.0,2535.0,2533.0,2532.0
0.0,15234.0,7637.0,7603.0,7566.0,7646.0,2538.0,2568.0,2540.0,2535.0,2535.0,2533.0,2538.0,2562.0,2537.0,5108.0,5084.0,5042.0,2538.0,2568.0,2540.0,2535.0,2535.0,2533.0
0.0,15163.0,7596.0,7603.0,7646.0,7596.0,2536.0,2516.0,2544.0,2535.0,2534.0,2534.0,2536.0,2519.0,2541.0,5067.0,5037.0,5059.0,2536.0,2516.0,2544.0,2535.0,2534.0,2534.0
0.0,15213.0,7583.0,7605.0,7596.0,7589.0,2559.0,2514.0,2516.0,2536.0,2535.0,2534.0,2556.0,2511.0,2516.0,5069.0,5086.0,5058.0,2559.0,2514.0,2516.0,2536.0,2535.0,2534.0
0.0,15226.0,7613.0,7606.0,7589.0,7616.0,2544.0,2546.0,2526.0,2537.0,2535.0,2534.0,2541.0,2546.0,2526.0,5049.0,5091.0,5086.0,2544.0,2546.0,2526.0,2537.0,2535.0,2534.0
0.0,15202.0,7541.0,7605.0,7616.0,7538.0,2545.0,2487.0,2506.0,2537.0,2534.0,2534.0,2545.0,2490.0,2506.0,5067.0,5059.0,5076.0,2545.0,2487.0,2506.0,2537.0,2534.0,2534.0
0.0,15277.0,7528.0,7604.0,7538.0,7525.0,2499.0,2520.0,2506.0,2537.0,2534.0,2533.0,2499.0,2520.0,2509.0,5066.0,5115.0,5096.0,2499.0,2520.0,2506.0,2537.0,2534.0,2533.0
0.0,15287.0,7486.0,7603.0,7525.0,7483.0,2504.0,2486.0,2493.0,2537.0,2534.0,2532.0,2504.0,2486.0,2496.0,5112.0,5082.0,5093.0,2504.0,2486.0,2493.0,2537.0,2534.0,2532.0
0.0,15326.0,7749.0,7604.0,7483.0,7752.0,2610.0,2586.0,2556.0,2538.0,2534.0,2532.0,2607.0,2586.0,2556.0,5107.0,5116.0,5103.0,2610.0,2586.0,2556.0,2538.0,2534.0,2532.0
0.0,15060.0,7770.0,7605.0,7752.0,7773.0,2584.0,2575.0,2614.0,2538.0,2534.0,2533.0,2584.0,2575.0,2611.0,5004.0,5016.0,5040.0,2584.0,2575.0,2614.0,2538.0,2534.0,2533.0
0.0,15042.0,7658.0,7606.0,7773.0,7661.0,2541.0,2575.0,2545.0,2538.0,2535.0,2533.0,2541.0,2572.0,2545.0,5030.0,5027.0,4985.0,2541.0,2575.0,2545.0,2538.0,2535.0,2533.0
0.0,15157.0,7721.0,7608.0,7661.0,7727.0,2567.0,2605.0,2555.0,2539.0,2536.0,2533.0,2564.0,2602.0,2555.0,5073.0,5030.0,5054.0,2567.0,2605.0,2555.0,2539.0,2536.0,2533.0
0.0,15097.0,7671.0,7609.0,7727.0,7674.0,2528.0,2571.0,2575.0,2539.0,2536.0,2534.0,2528.0,2571.0,2572.0,5050.0,5003.0,5044.0,2528.0,2571.0,2575.0,2539.0,2536.0,2534.0
0.0,15153.0,7670.0,7614.0,7674.0,7685.0,2542.0,2555.0,2588.0,2540.0,2537.0,2537.0,2539.0,2552.0,2579.0,5089.0,5037.0,5027.0,2542.0,2555.0,2588.0,2540.0,2537.0,2537.0
0.0,15157.0,7605.0,7615.0,7685.0,7608.0,2551.0,2521.0,2536.0,2540.0,2538.0,2537.0,2551.0,2518.0,2536.0,5078.0,5056.0,5023.0,2551.0,2521.0,2536.0,2540.0,2538.0,2537.0
0.0,15237.0,7688.0,7618.0,7608.0,7697.0,2574.0,2530.0,2593.0,2541.0,2538.0,2539.0,2571.0,2530.0,2587.0,5069.0,5093.0,5075.0,2574.0,2530.0,2593.0,2541.0,2538.0,2539.0
0.0,15157.0,7657.0,7619.0,7697.0,7660.0,2564.0,2535.0,2561.0,2542.0,2538.0,2539.0,2561.0,2535.0,2561.0,5049.0,5084.0,5024.0,2564.0,2535.0,2561.0,2542.0,2538.0,2539.0
0.0,15197.0,7560.0,7618.0,7660.0,7557.0,2540.0,2540.0,2477.0,2542.0,2538.0,2538.0,2540.0,2540.0,2480.0,5062.0,5079.0,5056.0,2540.0,2540.0,2477.0,2542.0,2538.0,2538.0
0.0,15297.0,7666.0,7621.0,7557.0,7675.0,2553.0,2567.0,2555.0,2543.0,2539.0,2539.0,2550.0,2564.0,2552.0,5086.0,5074.0,5137.0,2553.0,2567.0,2555.0,2543.0,2539.0,2539.0
0.0,15188.0,7521.0,7621.0,7675.0,7521.0,2520.0,2514.0,2487.0,2544.0,2539.0,2538.0,2517.0,2514.0,2490.0,5076.0,5050.0,5062.0,2520.0,2514.0,2487.0,2544.0,2539.0,2538.0
0.0,15342.0,7768.0,7622.0,7521.0,7771.0,2605.0,2613.0,2553.0,2544.0,2540.0,2538.0,2605.0,2610.0,2553.0,5112.0,5103.0,5127.0,2605.0,2613.0,2553.0,2544.0,2540.0,2538.0
0.0,15095.0,7679.0,7622.0,7771.0,7679.0,2576.0,2559.0,2544.0,2545.0,2540.0,2537.0,2573.0,2559.0,2547.0,5027.0,5007.0,5061.0,2576.0,2559.0,2544.0,2545.0,2540.0,2537.0
0.0,15187.0,7566.0,7622.0,7679.0,7566.0,2523.0,2505.0,2538.0,2544.0,2540.0,2538.0,2526.0,2505.0,2535.0,5059.0,5061.0,5067.0,2523.0,2505.0,2538.0,2544.0,2540.0,2538.0
0.0,15300.0,7778.0,7623.0,7566.0,7781.0,2615.0,2569.0,2597.0,2545.0,2540.0,2538.0,2612.0,2569.0,2597.0,5109.0,5115.0,5076.0,2615.0,2569.0,2597.0,2545.0,2540.0,2538.0
0.0,15088.0,7777.0,7626.0,7781.0,7786.0,2590.0,2596.0,2600.0,2545.0,2541.0,2540.0,2590.0,2593.0,2594.0,5020.0,5051.0,5017.0,2590.0,2596.0,2600.0,2545.0,2541.0,2540.0
0.0,15092.0,7746.0,7628.0,7786.0,7752.0,2569.0,2579.0,2604.0,2546.0,2541.0,2541.0,2566.0,2579.0,2601.0,5045.0,5027.0,5020.0,2569.0,2579.0,2604.0,2546.0,2541.0,2541.0
0.0,15132.0,7601.0,7626.0,7752.0,7595.0,2514.0,2517.0,2564.0,2545.0,2540.0,2541.0,2517.0,2520.0,2564.0,5069.0,5044.0,5019.0,2514.0,2517.0,2564.0,2545.0,2540.0,2541.0
0.0,15283.0,7678.0,7628.0,7595.0,7684.0,2579.0,2571.0,2534.0,2546.0,2541.0,2541.0,2576.0,2568.0,2534.0,5121.0,5103.0,5059.0,2579.0,2571.0,2534.0,2546.0,2541.0,2541.0
0.0,15200.0,7690.0,7631.0,7684.0,7699.0,2588.0,2561.0,2550.0,2547.0,2542.0,2542.0,2585.0,2558.0,2547.0,5059.0,5052.0,5089.0,2588.0,2561.0,2550.0,2547.0,2542.0,2542.0
0.0,15194.0,7619.0,7632.0,7699.0,7622.0,2531.0,2550.0,2541.0,2547.0,2543.0,2542.0,2531.0,2547.0,2541.0,5053.0,5065.0,5076.0,2531.0,2550.0,2541.0,2547.0,2543.0,2542.0
0.0,15274.0,7731.0,7636.0,7622.0,7743.0,2572.0,2592.0,2579.0,2548.0,2545.0,2543.0,2569.0,2586.0,2576.0,5110.0,5079.0,5085.0,2572.0,2592.0,2579.0,2548.0,2545.0,2543.0
0.0,15165.0,7702.0,7637.0,7743.0,7705.0,2562.0,2586.0,2557.0,2548.0,2546.0,2543.0,2562.0,2583.0,2557.0,5072.0,5043.0,5050.0,2562.0,2586.0,2557.0,2548.0,2546.0,2543.0
0.0,15206.0,7556.0,7638.0,7705.0,7559.0,2506.0,2523.0,2530.0,2549.0,2546.0,2543.0,2503.0,2523.0,2530.0,5082.0,5052.0,5072.0,2506.0,2523.0,2530.0,2549.0,2546.0,2543.0
0.0,15355.0,7609.0,7638.0,7559.0,7609.0,2550.0,2520.0,2539.0,2549.0,2546.0,2543.0,2550.0,2520.0,2539.0,5141.0,5115.0,5099.0,2550.0,2520.0,2539.0,2549.0,2546.0,2543.0
0.0,15305.0,7685.0,7638.0,7609.0,7685.0,2577.0,2545.0,2563.0,2549.0,2545.0,2544.0,2577.0,2548.0,2560.0,5097.0,5118.0,5090.0,2577.0,2545.0,2563.0,2549.0,2545.0,2544.0
0.0,15229.0,7717.0,7640.0,7685.0,7723.0,2566.0,2570.0,2587.0,2550.0,2545.0,2545.0,2563.0,2570.0,2584.0,5070.0,5090.0,5069.0,2566.0,2570.0,2587.0,2550.0,2545.0,2545.0
0.0,15197.0,7721.0,7641.0,7723.0,7724.0,2573.0,2558.0,2593.0,2550.0,2545.0,2546.0,2573.0,2558.0,2590.0,5084.0,5065.0,5048.0,2573.0,2558.0,2593.0,2550.0,2545.0,2546.0
0.0,15199.0,7732.0,7643.0,7724.0,7738.0,2558.0,2579.0,2601.0,2550.0,2546.0,2547.0,2558.0,2576.0,2598.0,5077.0,5077.0,5045.0,2558.0,2579.0,2601.0,2550.0,2546.0,2547.0
0.0,15191.0,7652.0,7644.0,7738.0,7655.0,2534.0,2542.0,2579.0,2550.0,2546.0,2548.0,2534.0,2542.0,2576.0,5092.0,5059.0,5040.0,2534.0,2542.0,2579.0,2550.0,2546.0,2548.0
0.0,15277.0,7642.0,7644.0,7655.0,7642.0,2536.0,2582.0,2524.0,2550.0,2547.0,2547.0,2536.0,2579.0,2527.0,5116.0,5096.0,5065.0,2536.0,2582.0,2524.0,2550.0,2547.0,2547.0
0.0,15290.0,7725.0,7646.0,7642.0,7731.0,2565.0,2590.0,2576.0,2550.0,2548.0,2548.0,2565.0,2587.0,2573.0,5114.0,5059.0,5117.0,2565.0,2590.0,2576.0,2550.0,2548.0,2548.0
0.0,15207.0,7701.0,7649.0,7731.0,7710.0,2593.0,2563.0,2554.0,2551.0,2549.0,2549.0,2590.0,2560.0,2551.0,5085.0,5054.0,5068.0,2593.0,2563.0,2554.0,2551.0,2549.0,2549.0
0.0,15237.0,7670.0,7651.0,7710.0,7676.0,2589.0,2551.0,2536.0,2552.0,2550.0,2549.0,2586.0,2548.0,2536.0,5060.0,5084.0,5093.0,2589.0,2551.0,2536.0,2552.0,2550.0,2549.0
0.0,15277.0,7555.0,7650.0,7676.0,7552.0,2528.0,2501.0,2523.0,2552.0,2549.0,2549.0,2528.0,2504.0,2523.0,5067.0,5099.0,5111.0,2528.0,2501.0,2523.0,2552.0,2549.0,2549.0
0.0,15398.0,7582.0,7653.0,7552.0,7591.0,2514.0,2533.0,2544.0,2553.0,2550.0,2550.0,2511.0,2530.0,2541.0,5128.0,5146.0,5124.0,2514.0,2533.0,2544.0,2553.0,2550.0,2550.0
0.0,15368.0,7746.0,7655.0,7591.0,7752.0,2565.0,2593.0,2594.0,2553.0,2551.0,2551.0,2565.0,2590.0,2591.0,5145.0,5117.0,5106.0,2565.0,2593.0,2594.0,2553.0,2551.0,2551.0
0.0,15213.0,7770.0,7659.0,7752.0,7782.0,2595.0,2591.0,2596.0,2554.0,2552.0,2553.0,2592.0,2588.0,2590.0,5094.0,5060.0,5059.0,2595.0,2591.0,2596.0,2554.0,2552.0,2553.0
0.0,15195.0,7943.0,7665.0,7782.0,7961.0,2652.0,2663.0,2646.0,2556.0,2554.0,2555.0,2646.0,2657.0,2640.0,5067.0,5065.0,5063.0,2652.0,2663.0,2646.0,2556.0,2554.0,2555.0
0.0,15034.0,7891.0,7670.0,7961.0,7906.0,2639.0,2637.0,2630.0,2557.0,2556.0,2557.0,2636.0,2631.0,2624.0,5016.0,4999.0,5019.0,2639.0,2637.0,2630.0,2557.0,2556.0,2557.0
0.0,15104.0,7725.0,7670.0,7906.0,7725.0,2563.0,2571.0,2591.0,2557.0,2556.0,2557.0,2563.0,2571.0,2591.0,5032.0,5031.0,5041.0,2563.0,2571.0,2591.0,2557.0,2556.0,2557.0
0.0,15285.0,7703.0,7669.0,7725.0,7700.0,2574.0,2555.0,2571.0,2557.0,2555.0,2557.0,2574.0,2558.0,2571.0,5108.0,5097.0,5080.0,2574.0,2555.0,2571.0,2557.0,2555.0,2557.0
0.0,15307.0,7609.0,7668.0,7700.0,7606.0,2520.0,2546.0,2540.0,2557.0,2555.0,2556.0,2520.0,2546.0,2543.0,5097.0,5110.0,5100.0,2520.0,2546.0,2540.0,2557.0,2555.0,2556.0
0.0,15398.0,7762.0,7672.0,7606.0,7774.0,2596.0,2574.0,2604.0,2559.0,2556.0,2557.0,2590.0,2571.0,2601.0,5151.0,5119.0,5128.0,2596.0,2574.0,2604.0,2559.0,2556.0,2557.0
0.0,15242.0,7654.0,7672.0,7774.0,7654.0,2564.0,2554.0,2536.0,2559.0,2556.0,2557.0,2564.0,2554.0,2536.0,5081.0,5094.0,5067.0,2564.0,2554.0,2536.0,2559.0,2556.0,2557.0
0.0,15362.0,7575.0,7671.0,7654.0,7572.0,2547.0,2536.0,2489.0,2559.0,2556.0,2556.0,2547.0,2536.0,2492.0,5113.0,5114.0,5135.0,2547.0,2536.0,2489.0,2559.0,2556.0,2556.0
0.0,15441.0,7595.0,7672.0,7572.0,7598.0,2526.0,2549.0,2523.0,2559.0,2557.0,2556.0,2526.0,2546.0,2523.0,5130.0,5132.0,5179.0,2526.0,2549.0,2523.0,2559.0,2557.0,2556.0
0.0,15418.0,7648.0,7673.0,7598.0,7651.0,2546.0,2552.0,2553.0,2559.0,2557.0,2557.0,2546.0,2552.0,2550.0,5151.0,5122.0,5145.0,2546.0,2552.0,2553.0,2559.0,2557.0,2557.0
0.0,15368.0,7693.0,7677.0,7651.0,7705.0,2586.0,2563.0,2556.0,2560.0,2559.0,2558.0,2583.0,2557.0,2553.0,5131.0,5119.0,5118.0,2586.0,2563.0,2556.0,2560.0,2559.0,2558.0
0.0,15326.0,7715.0,7679.0,7705.0,7721.0,2536.0,2562.0,2623.0,2560.0,2559.0,2560.0,2536.0,2562.0,2617.0,5094.0,5114.0,5118.0,2536.0,2562.0,2623.0,2560.0,2559.0,2560.0
0.0,15316.0,7674.0,7682.0,7721.0,7683.0,2561.0,2542.0,2580.0,2561.0,2560.0,2561.0,2558.0,2539.0,2577.0,5144.0,5115.0,5057.0,2561.0,2542.0,2580.0,2561.0,2560.0,2561.0
0.0,15363.0,7704.0,7682.0,7683.0,7704.0,2590.0,2523.0,2591.0,2561.0,2559.0,2562.0,2590.0,2526.0,2588.0,5122.0,5138.0,5103.0,2590.0,2523.0,2591.0,2561.0,2559.0,2562.0
0.0,15342.0,7761.0,7682.0,7704.0,7761.0,2595.0,2582.0,2584.0,2561.0,2559.0,2562.0,2595.0,2582.0,2584.0,5093.0,5154.0,5095.0,2595.0,2582.0,2584.0,2561.0,2559.0,2562.0
0.0,15285.0,7880.0,7686.0,7761.0,7892.0,2636.0,2611.0,2645.0,2563.0,2560.0,2563.0,2630.0,2608.0,2642.0,5088.0,5095.0,5102.0,2636.0,2611.0,2645.0,2563.0,2560.0,2563.0
0.0,15166.0,7732.0,7687.0,7892.0,7735.0,2561.0,2585.0,2589.0,2563.0,2560.0,2564.0,2561.0,2585.0,2586.0,5053.0,5069.0,5044.0,2561.0,2585.0,2589.0,2563.0,2560.0,2564.0
0.0,15326.0,7815.0,7690.0,7735.0,7824.0,2629.0,2617.0,2578.0,2565.0,2561.0,2564.0,2623.0,2614.0,2578.0,5128.0,5095.0,5103.0,2629.0,2617.0,2578.0,2565.0,2561.0,2564.0
0.0,15246.0,7765.0,7692.0,7824.0,7771.0,2590.0,2613.0,2568.0,2566.0,2562.0,2564.0,2587.0,2610.0,2568.0,5066.0,5066.0,5114.0,2590.0,2613.0,2568.0,2566.0,2562.0,2564.0
0.0,15305.0,7715.0,7693.0,7771.0,7718.0,2583.0,2578.0,2557.0,2566.0,2563.0,2564.0,2583.0,2575.0,2557.0,5108.0,5073.0,5124.0,2583.0,2578.0,2557.0,2566.0,2563.0,2564.0
0.0,15361.0,7720.0,7694.0,7718.0,7723.0,2583.0,2576.0,2564.0,2566.0,2564.0,2564.0,2583.0,2573.0,2564.0,5115.0,5111.0,5135.0,2583.0,2576.0,2564.0,2566.0,2564.0,2564.0
0.0,15359.0,7670.0,7694.0,7723.0,7670.0,2586.0,2522.0,2562.0,2567.0,2563.0,2564.0,2583.0,2525.0,2562.0,5115.0,5116.0,5128.0,2586.0,2522.0,2562.0,2567.0,2563.0,2564.0
0.0,15412.0,7702.0,7697.0,7670.0,7711.0,2559.0,2555.0,2597.0,2567.0,2564.0,2566.0,2559.0,2552.0,2591.0,5115.0,5167.0,5130.0,2559.0,2555.0,2597.0,2567.0,2564.0,2566.0
0.0,15380.0,7679.0,7697.0,7711.0,7679.0,2566.0,2559.0,2554.0,2567.0,2564.0,2566.0,2566.0,2559.0,2554.0,5142.0,5137.0,5101.0,2566.0,2559.0,2554.0,2567.0,2564.0,2566.0
0.0,15412.0,7706.0,7700.0,7679.0,7715.0,2552.0,2564.0,2599.0,2568.0,2564.0,2568.0,2549.0,2564.0,2593.0,5135.0,5133.0,5144.0,2552.0,2564.0,2599.0,2568.0,2564.0,2568.0
0.0,15385.0,7796.0,7702.0,7715.0,7802.0,2585.0,2617.0,2600.0,2568.0,2565.0,2569.0,2585.0,2614.0,2597.0,5152.0,5128.0,5105.0,2585.0,2617.0,2600.0,2568.0,2565.0,2569.0
0.0,15304.0,7770.0,7703.0,7802.0,7773.0,2603.0,2582.0,2588.0,2568.0,2565.0,2570.0,2603.0,2582.0,2585.0,5119.0,5078.0,5107.0,2603.0,2582.0,2588.0,2568.0,2565.0,2570.0
0.0,15336.0,7871.0,7709.0,7773.0,7889.0,2644.0,2646.0,2599.0,2570.0,2568.0,2571.0,2638.0,2637.0,2596.0,5101.0,5113.0,5122.0,2644.0,2646.0,2599.0,2570.0,2568.0,2571.0
0.0,15238.0,7860.0,7710.0,7889.0,7863.0,2634.0,2604.0,2625.0,2571.0,2568.0,2571.0,2631.0,2604.0,2625.0,5066.0,5058.0,5114.0,2634.0,2604.0,2625.0,2571.0,2568.0,2571.0
0.0,15267.0,7708.0,7710.0,7863.0,7708.0,2581.0,2562.0,2565.0,2571.0,2568.0,2571.0,2581.0,2562.0,2565.0,5079.0,5100.0,5088.0,2581.0,2562.0,2565.0,2571.0,2568.0,2571.0
0.0,15422.0,7743.0,7709.0,7708.0,7740.0,2571.0,2590.0,2579.0,2571.0,2568.0,2570.0,2571.0,2590.0,2582.0,5132.0,5142.0,5148.0,2571.0,2590.0,2579.0,2571.0,2568.0,2570.0
0.0,15387.0,7628.0,7710.0,7740.0,7631.0,2561.0,2521.0,2549.0,2572.0,2568.0,2570.0,2558.0,2521.0,2549.0,5142.0,5114.0,5131.0,2561.0,2521.0,2549.0,2572.0,2568.0,2570.0
0.0,15499.0,7692.0,7710.0,7631.0,7692.0,2586.0,2542.0,2564.0,2572.0,2567.0,2571.0,2586.0,2545.0,2561.0,5155.0,5183.0,5161.0,2586.0,2542.0,2564.0,2572.0,2567.0,2571.0
0.0,15438.0,7713.0,7710.0,7692.0,7713.0,2585.0,2559.0,2569.0,2572.0,2567.0,2571.0,2585.0,2559.0,2569.0,5130.0,5159.0,5149.0,2585.0,2559.0,2569.0,2572.0,2567.0,2571.0
0.0,15417.0,7735.0,7712.0,7713.0,7741.0,2568.0,2581.0,2592.0,2572.0,2568.0,2572.0,2568.0,2578.0,2589.0,5131.0,5142.0,5144.0,2568.0,2581.0,2592.0,2572.0,2568.0,2572.0
0.0,15395.0,7594.0,7709.0,7741.0,7585.0,2516.0,2529.0,2540.0,2571.0,2567.0,2571.0,2519.0,2532.0,2543.0,5148.0,5123.0,5124.0,2516.0,2529.0,2540.0,2571.0,2567.0,2571.0
0.0,15542.0,7866.0,7713.0,7585.0,7878.0,2592.0,2633.0,2653.0,2572.0,2568.0,2573.0,2589.0,2630.0,2647.0,5197.0,5172.0,5173.0,2592.0,2633.0,2653.0,2572.0,2568.0,2573.0
0.0,15261.0,7780.0,7716.0,7878.0,7789.0,2584.0,2607.0,2598.0,2573.0,2569.0,2574.0,2581.0,2604.0,2595.0,5124.0,5071.0,5066.0,2584.0,2607.0,2598.0,2573.0,2569.0,2574.0
0.0,15359.0,7718.0,7719.0,7789.0,7727.0,2576.0,2555.0,2596.0,2574.0,2570.0,2575.0,2573.0,2552.0,2593.0,5135.0,5100.0,5124.0,2576.0,2555.0,2596.0,2574.0,2570.0,2575.0
0.0,15430.0,7868.0,7722.0,7727.0,7877.0,2645.0,2622.0,2610.0,2575.0,2571.0,2576.0,2642.0,2619.0,2607.0,5146.0,5155.0,5129.0,2645.0,2622.0,2610.0,2575.0,2571.0,2576.0
0.0,15289.0,7811.0,7724.0,7877.0,7817.0,2620.0,2618.0,2579.0,2576.0,2572.0,2576.0,2617.0,2615.0,2579.0,5080.0,5091.0,5118.0,2620.0,2618.0,2579.0,2576.0,2572.0,2576.0
0.0,15355.0,7795.0,7727.0,7817.0,7804.0,2601.0,2592.0,2611.0,2577.0,2573.0,2577.0,2598.0,2589.0,2608.0,5108.0,5098.0,5149.0,2601.0,2592.0,2611.0,2577.0,2573.0,2577.0
0.0,15377.0,7833.0,7728.0,7804.0,7836.0,2594.0,2639.0,2603.0,2577.0,2574.0,2577.0,2594.0,2636.0,2603.0,5130.0,5127.0,5120.0,2594.0,2639.0,2603.0,2577.0,2574.0,2577.0
0.0,15348.0,7681.0,7729.0,7836.0,7684.0,2554.0,2575.0,2555.0,2578.0,2575.0,2576.0,2551.0,2572.0,2558.0,5137.0,5083.0,5128.0,2554.0,2575.0,2555.0,2578.0,2575.0,2576.0
1.0,0.0,278.0,278.0,0.0,834.0,282.0,285.0,267.0,94.0,95.0,89.0,94.0,95.0,89.0,0.0,0.0,0.0,282.0,285.0,267.0,94.0,95.0,89.0
1.0,0.0,232.0,255.0,0.0,765.0,258.0,261.0,246.0,86.0,87.0,82.0,79.0,79.0,74.0,0.0,0.0,0.0,258.0,261.0,246.0,86.0,87.0,82.0
1.0,0.0,263.0,257.0,1599.0,9.0,0.0,0.0,9.0,82.0,88.0,87.0,74.0,91.0,98.0,0.0,0.0,0.0,0.0,0.0,9.0,82.0,88.0,87.0
1.0,826.0,302.0,269.0,9.0,274.0,62.0,96.0,116.0,86.0,92.0,91.0,97.0,101.0,104.0,293.0,281.0,252.0,62.0,96.0,116.0,86.0,92.0,91.0
1.0,533.0,309.0,277.0,274.0,333.0,119.0,92.0,122.0,90.0,92.0,95.0,107.0,92.0,110.0,196.0,180.0,157.0,119.0,92.0,122.0,90.0,92.0,95.0
1.0,498.0,313.0,283.0,333.0,331.0,107.0,105.0,119.0,92.0,93.0,98.0,101.0,102.0,110.0,151.0,184.0,163.0,107.0,105.0,119.0,92.0,93.0,98.0
1.0,518.0,299.0,285.0,331.0,305.0,102.0,104.0,99.0,93.0,94.0,98.0,99.0,101.0,99.0,169.0,174.0,175.0,102.0,104.0,99.0,93.0,94.0,98.0
1.0,550.0,266.0,283.0,305.0,260.0,81.0,90.0,89.0,92.0,94.0,97.0,84.0,90.0,92.0,177.0,178.0,195.0,81.0,90.0,89.0,92.0,94.0,97.0
1.0,589.0,341.0,289.0,260.0,359.0,121.0,115.0,123.0,94.0,96.0,99.0,115.0,109.0,117.0,195.0,192.0,202.0,121.0,115.0,123.0,94.0,96.0,99.0
1.0,508.0,355.0,295.0,359.0,373.0,131.0,128.0,114.0,97.0,98.0,100.0,122.0,122.0,111.0,161.0,173.0,174.0,131.0,128.0,114.0,97.0,98.0,100.0
1.0,512.0,318.0,298.0,373.0,327.0,108.0,107.0,112.0,98.0,99.0,101.0,105.0,104.0,109.0,160.0,166.0,186.0,108.0,107.0,112.0,98.0,99.0,101.0
1.0,567.0,337.0,301.0,327.0,346.0,117.0,121.0,108.0,99.0,100.0,102.0,114.0,118.0,105.0,186.0,190.0,191.0,117.0,121.0,108.0,99.0,100.0,102.0
1.0,557.0,263.0,299.0,346.0,257.0,92.0,76.0,89.0,99.0,99.0,101.0,92.0,79.0,92.0,180.0,179.0,198.0,92.0,76.0,89.0,99.0,99.0,101.0
1.0,640.0,285.0,297.0,257.0,279.0,92.0,102.0,85.0,98.0,99.0,100.0,95.0,102.0,88.0,205.0,221.0,214.0,92.0,102.0,85.0,98.0,99.0,100.0
1.0,612.0,328.0,299.0,279.0,334.0,113.0,101.0,120.0,99.0,99.0,101.0,110.0,101.0,117.0,202.0,195.0,215.0,113.0,101.0,120.0,99.0,99.0,101.0
1.0,563.0,326.0,301.0,334.0,332.0,116.0,112.0,104.0,100.0,100.0,101.0,113.0,109.0,104.0,184.0,196.0,183.0,116.0,112.0,104.0,100.0,100.0,101.0
1.0,571.0,348.0,305.0,332.0,360.0,112.0,117.0,131.0,101.0,101.0,103.0,109.0,114.0,125.0,184.0,188.0,199.0,112.0,117.0,131.0,101.0,101.0,103.0
1.0,555.0,297.0,303.0,360.0,291.0,101.0,95.0,95.0,101.0,100.0,102.0,101.0,98.0,98.0,191.0,186.0,178.0,101.0,95.0,95.0,101.0,100.0,102.0
1.0,618.0,318.0,305.0,291.0,324.0,101.0,106.0,117.0,101.0,101.0,103.0,101.0,103.0,114.0,202.0,205.0,211.0,101.0,106.0,117.0,101.0,101.0,103.0
1.0,591.0,294.0,304.0,324.0,291.0,102.0,92.0,97.0,101.0,100.0,103.0,102.0,95.0,97.0,202.0,197.0,192.0,102.0,92.0,97.0,101.0,100.0,103.0
1.0,621.0,237.0,300.0,291.0,225.0,69.0,75.0,81.0,99.0,99.0,102.0,75.0,78.0,84.0,201.0,208.0,212.0,69.0,75.0,81.0,99.0,99.0,102.0
1.0,675.0,284.0,301.0,225.0,287.0,103.0,85.0,99.0,100.0,99.0,102.0,100.0,85.0,99.0,228.0,222.0,225.0,103.0,85.0,99.0,100.0,99.0,102.0
1.0,616.0,284.0,299.0,287.0,278.0,86.0,100.0,92.0,99.0,99.0,101.0,89.0,100.0,95.0,197.0,212.0,207.0,86.0,100.0,92.0,99.0,99.0,101.0
1.0,619.0,299.0,299.0,278.0,299.0,104.0,100.0,95.0,99.0,99.0,101.0,104.0,100.0,95.0,211.0,197.0,211.0,104.0,100.0,95.0,99.0,99.0,101.0
1.0,598.0,303.0,299.0,299.0,303.0,101.0,103.0,99.0,99.0,99.0,101.0,101.0,103.0,99.0,193.0,197.0,208.0,101.0,103.0,99.0,99.0,99.0,101.0
1.0,594.0,293.0,299.0,303.0,293.0,103.0,92.0,98.0,99.0,99.0,101.0,103.0,92.0,98.0,196.0,194.0,204.0,103.0,92.0,98.0,99.0,99.0,101.0
1.0,604.0,347.0,300.0,293.0,350.0,116.0,119.0,115.0,100.0,99.0,101.0,113.0,119.0,115.0,194.0,205.0,205.0,116.0,119.0,115.0,100.0,99.0,101.0
1.0,550.0,325.0,302.0,350.0,331.0,102.0,119.0,110.0,100.0,100.0,102.0,102.0,116.0,107.0,184.0,178.0,188.0,102.0,119.0,110.0,100.0,100.0,102.0
1.0,575.0,336.0,302.0,331.0,336.0,107.0,113.0,116.0,100.0,100.0,102.0,107.0,113.0,116.0,198.0,181.0,196.0,107.0,113.0,116.0,100.0,100.0,102.0
1.0,570.0,321.0,304.0,336.0,327.0,111.0,110.0,106.0,101.0,101.0,102.0,108.0,107.0,106.0,193.0,187.0,190.0,111.0,110.0,106.0,101.0,101.0,102.0
1.0,585.0,340.0,305.0,327.0,343.0,110.0,110.0,123.0,101.0,101.0,103.0,110.0,110.0,120.0,192.0,193.0,200.0,110.0,110.0,123.0,101.0,101.0,103.0
1.0,572.0,344.0,305.0,343.0,344.0,114.0,116.0,114.0,101.0,101.0,103.0,114.0,116.0,114.0,193.0,193.0,186.0,114.0,116.0,114.0,101.0,101.0,103.0
1.0,571.0,296.0,305.0,344.0,296.0,99.0,101.0,96.0,101.0,101.0,103.0,99.0,101.0,96.0,189.0,187.0,195.0,99.0,101.0,96.0,101.0,101.0,103.0
1.0,619.0,298.0,305.0,296.0,298.0,99.0,102.0,97.0,101.0,101.0,103.0,99.0,102.0,97.0,204.0,202.0,213.0,99.0,102.0,97.0,101.0,101.0,103.0
1.0,617.0,294.0,305.0,298.0,294.0,98.0,99.0,97.0,101.0,101.0,103.0,98.0,99.0,97.0,204.0,201.0,212.0,98.0,99.0,97.0,101.0,101.0,103.0
1.0,621.0,256.0,304.0,294.0,253.0,88.0,79.0,86.0,101.0,101.0,102.0,88.0,79.0,89.0,205.0,204.0,212.0,88.0,79.0,86.0,101.0,101.0,102.0
1.0,659.0,273.0,303.0,253.0,270.0,95.0,86.0,89.0,101.0,100.0,102.0,95.0,89.0,89.0,215.0,224.0,220.0,95.0,86.0,89.0,101.0,100.0,102.0
1.0,639.0,279.0,302.0,270.0,276.0,102.0,96.0,78.0,101.0,100.0,101.0,102.0,96.0,81.0,208.0,214.0,217.0,102.0,96.0,78.0,101.0,100.0,101.0
1.0,630.0,297.0,302.0,276.0,297.0,105.0,96.0,96.0,101.0,100.0,101.0,105.0,96.0,96.0,201.0,204.0,225.0,105.0,96.0,96.0,101.0,100.0,101.0
1.0,609.0,360.0,303.0,297.0,363.0,131.0,121.0,111.0,101.0,101.0,101.0,131.0,118.0,111.0,198.0,204.0,207.0,131.0,121.0,111.0,101.0,101.0,101.0
1.0,546.0,332.0,305.0,363.0,338.0,120.0,106.0,112.0,102.0,101.0,102.0,117.0,106.0,109.0,172.0,182.0,192.0,120.0,106.0,112.0,102.0,101.0,102.0
1.0,577.0,315.0,305.0,338.0,315.0,98.0,113.0,104.0,102.0,101.0,102.0,98.0,113.0,104.0,186.0,197.0,194.0,98.0,113.0,104.0,102.0,101.0,102.0
1.0,600.0,365.0,305.0,315.0,365.0,127.0,116.0,122.0,102.0,101.0,102.0,127.0,116.0,122.0,208.0,190.0,202.0,127.0,116.0,122.0,102.0,101.0,102.0
1.0,550.0,370.0,308.0,365.0,379.0,126.0,127.0,126.0,103.0,102.0,103.0,123.0,124.0,123.0,179.0,187.0,184.0,126.0,127.0,126.0,103.0,102.0,103.0
1.0,545.0,346.0,308.0,379.0,346.0,112.0,125.0,109.0,103.0,102.0,103.0,112.0,125.0,109.0,183.0,179.0,183.0,112.0,125.0,109.0,103.0,102.0,103.0
1.0,578.0,360.0,309.0,346.0,363.0,108.0,133.0,122.0,103.0,103.0,103.0,108.0,130.0,122.0,197.0,181.0,200.0,108.0,133.0,122.0,103.0,103.0,103.0
1.0,564.0,339.0,309.0,363.0,339.0,115.0,107.0,117.0,103.0,103.0,103.0,115.0,107.0,117.0,201.0,176.0,187.0,115.0,107.0,117.0,103.0,103.0,103.0
1.0,588.0,299.0,310.0,339.0,302.0,82.0,100.0,120.0,103.0,103.0,104.0,82.0,100.0,117.0,194.0,202.0,192.0,82.0,100.0,120.0,103.0,103.0,104.0
1.0,628.0,314.0,310.0,302.0,314.0,101.0,101.0,112.0,103.0,103.0,104.0,101.0,101.0,112.0,227.0,209.0,192.0,101.0,101.0,112.0,103.0,103.0,104.0
1.0,616.0,316.0,310.0,314.0,316.0,104.0,109.0,103.0,103.0,103.0,104.0,104.0,109.0,103.0,208.0,208.0,200.0,104.0,109.0,103.0,103.0,103.0,104.0
1.0,614.0,301.0,310.0,316.0,301.0,102.0,97.0,102.0,103.0,103.0,104.0,102.0,97.0,102.0,205.0,200.0,209.0,102.0,97.0,102.0,103.0,103.0,104.0
1.0,629.0,281.0,310.0,301.0,281.0,93.0,95.0,93.0,103.0,103.0,104.0,93.0,95.0,93.0,207.0,212.0,210.0,93.0,95.0,93.0,103.0,103.0,104.0
1.0,649.0,322.0,310.0,281.0,322.0,116.0,99.0,107.0,103.0,103.0,104.0,116.0,99.0,107.0,216.0,214.0,219.0,116.0,99.0,107.0,103.0,103.0,104.0
1.0,608.0,359.0,312.0,322.0,365.0,134.0,108.0,123.0,104.0,103.0,105.0,131.0,108.0,120.0,193.0,210.0,205.0,134.0,108.0,123.0,104.0,103.0,105.0
1.0,571.0,374.0,314.0,365.0,380.0,129.0,122.0,129.0,105.0,104.0,105.0,126.0,119.0,129.0,178.0,201.0,192.0,129.0,122.0,129.0,105.0,104.0,105.0
1.0,562.0,361.0,316.0,380.0,367.0,128.0,120.0,119.0,106.0,104.0,106.0,125.0,120.0,116.0,186.0,190.0,186.0,128.0,120.0,119.0,106.0,104.0,106.0
1.0,581.0,374.0,317.0,367.0,377.0,138.0,120.0,119.0,106.0,105.0,106.0,138.0,117.0,119.0,190.0,192.0,199.0,138.0,120.0,119.0,106.0,105.0,106.0
1.0,574.0,348.0,318.0,377.0,351.0,124.0,119.0,108.0,107.0,105.0,106.0,121.0,119.0,108.0,180.0,195.0,199.0,124.0,119.0,108.0,107.0,105.0,106.0
1.0,603.0,291.0,317.0,351.0,288.0,81.0,102.0,105.0,106.0,105.0,106.0,84.0,102.0,105.0,197.0,196.0,210.0,81.0,102.0,105.0,106.0,105.0,106.0
1.0,663.0,299.0,319.0,288.0,305.0,97.0,111.0,97.0,107.0,106.0,106.0,94.0,108.0,97.0,237.0,213.0,213.0,97.0,111.0,97.0,107.0,106.0,106.0
1.0,652.0,270.0,317.0,305.0,264.0,72.0,89.0,103.0,106.0,105.0,106.0,75.0,92.0,103.0,224.0,207.0,221.0,72.0,89.0,103.0,106.0,105.0,106.0
1.0,687.0,329.0,315.0,264.0,323.0,103.0,128.0,92.0,105.0,105.0,105.0,106.0,128.0,95.0,246.0,226.0,215.0,103.0,128.0,92.0,105.0,105.0,105.0
1.0,622.0,310.0,316.0,323.0,313.0,113.0,110.0,90.0,106.0,105.0,105.0,110.0,110.0,90.0,212.0,187.0,223.0,113.0,110.0,90.0,106.0,105.0,105.0
1.0,635.0,355.0,316.0,313.0,355.0,107.0,117.0,131.0,105.0,105.0,106.0,110.0,117.0,128.0,205.0,205.0,225.0,107.0,117.0,131.0,105.0,105.0,106.0
1.0,593.0,333.0,318.0,355.0,339.0,109.0,116.0,114.0,106.0,106.0,106.0,106.0,113.0,114.0,208.0,198.0,187.0,109.0,116.0,114.0,106.0,106.0,106.0
1.0,615.0,335.0,319.0,339.0,338.0,111.0,107.0,120.0,106.0,106.0,107.0,111.0,107.0,117.0,209.0,202.0,204.0,111.0,107.0,120.0,106.0,106.0,107.0
1.0,619.0,422.0,321.0,338.0,428.0,144.0,144.0,140.0,107.0,107.0,107.0,141.0,141.0,140.0,207.0,211.0,201.0,144.0,144.0,140.0,107.0,107.0,107.0
1.0,535.0,366.0,322.0,428.0,369.0,124.0,108.0,137.0,107.0,107.0,108.0,124.0,108.0,134.0,177.0,177.0,181.0,124.0,108.0,137.0,107.0,107.0,108.0
1.0,597.0,366.0,322.0,369.0,366.0,123.0,117.0,126.0,107.0,107.0,108.0,123.0,117.0,126.0,197.0,213.0,187.0,123.0,117.0,126.0,107.0,107.0,108.0
1.0,600.0,394.0,323.0,366.0,397.0,133.0,124.0,140.0,108.0,107.0,108.0,130.0,124.0,140.0,198.0,204.0,198.0,133.0,124.0,140.0,108.0,107.0,108.0
1.0,572.0,384.0,324.0,397.0,387.0,139.0,129.0,119.0,108.0,108.0,108.0,139.0,126.0,119.0,191.0,197.0,184.0,139.0,129.0,119.0,108.0,108.0,108.0
1.0,585.0,362.0,326.0,387.0,368.0,117.0,116.0,135.0,109.0,108.0,109.0,114.0,116.0,132.0,185.0,195.0,205.0,117.0,116.0,135.0,109.0,108.0,109.0
1.0,610.0,330.0,328.0,368.0,336.0,111.0,109.0,116.0,109.0,109.0,110.0,111.0,106.0,113.0,210.0,208.0,192.0,111.0,109.0,116.0,109.0,109.0,110.0
1.0,648.0,330.0,329.0,336.0,333.0,120.0,102.0,111.0,110.0,109.0,110.0,117.0,102.0,111.0,216.0,218.0,214.0,120.0,102.0,111.0,110.0,109.0,110.0
1.0,654.0,285.0,329.0,333.0,285.0,92.0,100.0,93.0,110.0,109.0,110.0,92.0,100.0,93.0,210.0,225.0,219.0,92.0,100.0,93.0,110.0,109.0,110.0
1.0,702.0,314.0,329.0,285.0,314.0,93.0,114.0,107.0,110.0,109.0,110.0,93.0,114.0,107.0,238.0,227.0,237.0,93.0,114.0,107.0,110.0,109.0,110.0
1.0,673.0,334.0,330.0,314.0,337.0,108.0,123.0,106.0,110.0,110.0,110.0,108.0,120.0,106.0,237.0,213.0,223.0,108.0,123.0,106.0,110.0,110.0,110.0
1.0,653.0,337.0,330.0,337.0,337.0,103.0,125.0,109.0,110.0,110.0,110.0,103.0,125.0,109.0,222.0,207.0,224.0,103.0,125.0,109.0,110.0,110.0,110.0
1.0,653.0,358.0,331.0,337.0,361.0,119.0,134.0,108.0,110.0,111.0,110.0,119.0,131.0,108.0,227.0,205.0,221.0,119.0,134.0,108.0,110.0,111.0,110.0
1.0,632.0,316.0,331.0,361.0,316.0,104.0,116.0,96.0,110.0,111.0,110.0,104.0,116.0,96.0,211.0,199.0,222.0,104.0,116.0,96.0,110.0,111.0,110.0
1.0,677.0,409.0,331.0,316.0,409.0,137.0,142.0,130.0,110.0,111.0,110.0,137.0,142.0,130.0,226.0,217.0,234.0,137.0,142.0,130.0,110.0,111.0,110.0
1.0,584.0,426.0,334.0,409.0,435.0,151.0,144.0,140.0,111.0,112.0,111.0,148.0,141.0,137.0,193.0,191.0,200.0,151.0,144.0,140.0,111.0,112.0,111.0
1.0,567.0,393.0,335.0,435.0,396.0,141.0,129.0,126.0,112.0,112.0,111.0,138.0,129.0,126.0,182.0,192.0,193.0,141.0,129.0,126.0,112.0,112.0,111.0
1.0,609.0,434.0,337.0,396.0,440.0,143.0,149.0,148.0,112.0,113.0,112.0,143.0,146.0,145.0,195.0,207.0,207.0,143.0,149.0,148.0,112.0,113.0,112.0
1.0,571.0,367.0,338.0,440.0,370.0,124.0,121.0,125.0,113.0,113.0,112.0,121.0,121.0,125.0,193.0,190.0,188.0,124.0,121.0,125.0,113.0,113.0,112.0
1.0,644.0,351.0,339.0,370.0,354.0,116.0,116.0,122.0,113.0,113.0,113.0,116.0,116.0,119.0,215.0,218.0,211.0,116.0,116.0,122.0,113.0,113.0,113.0
1.0,663.0,327.0,340.0,354.0,330.0,103.0,109.0,118.0,113.0,114.0,113.0,103.0,106.0,118.0,223.0,223.0,217.0,103.0,109.0,118.0,113.0,114.0,113.0
1.0,690.0,301.0,340.0,330.0,301.0,99.0,93.0,109.0,113.0,114.0,113.0,99.0,93.0,109.0,236.0,233.0,221.0,99.0,93.0,109.0,113.0,114.0,113.0
1.0,719.0,301.0,341.0,301.0,304.0,104.0,94.0,106.0,113.0,114.0,114.0,104.0,94.0,103.0,240.0,249.0,230.0,104.0,94.0,106.0,113.0,114.0,114.0
1.0,719.0,308.0,341.0,304.0,308.0,100.0,96.0,112.0,113.0,114.0,114.0,100.0,96.0,112.0,235.0,248.0,236.0,100.0,96.0,112.0,113.0,114.0,114.0
1.0,715.0,339.0,343.0,308.0,345.0,119.0,112.0,114.0,114.0,114.0,115.0,116.0,112.0,111.0,239.0,246.0,230.0,119.0,112.0,114.0,114.0,114.0,115.0
1.0,684.0,433.0,344.0,345.0,436.0,144.0,143.0,149.0,114.0,115.0,115.0,144.0,140.0,149.0,223.0,230.0,231.0,144.0,143.0,149.0,114.0,115.0,115.0
1.0,596.0,375.0,345.0,436.0,378.0,119.0,137.0,122.0,114.0,115.0,116.0,119.0,137.0,119.0,198.0,202.0,196.0,119.0,137.0,122.0,114.0,115.0,116.0
1.0,657.0,391.0,346.0,378.0,394.0,127.0,146.0,121.0,114.0,116.0,116.0,127.0,143.0,121.0,223.0,208.0,226.0,127.0,146.0,121.0,114.0,116.0,116.0
1.0,644.0,360.0,346.0,394.0,360.0,123.0,129.0,108.0,114.0,116.0,116.0,123.0,129.0,108.0,215.0,202.0,227.0,123.0,129.0,108.0,114.0,116.0,116.0
1.0,678.0,393.0,346.0,360.0,393.0,145.0,136.0,112.0,115.0,116.0,115.0,142.0,136.0,115.0,219.0,219.0,240.0,145.0,136.0,112.0,115.0,116.0,115.0
1.0,645.0,375.0,347.0,393.0,378.0,134.0,129.0,115.0,115.0,116.0,116.0,134.0,129.0,112.0,200.0,212.0,233.0,134.0,129.0,115.0,115.0,116.0,116.0
1.0,663.0,363.0,347.0,378.0,363.0,116.0,124.0,123.0,115.0,116.0,116.0,116.0,124.0,123.0,211.0,219.0,233.0,116.0,124.0,123.0,115.0,116.0,116.0
1.0,678.0,361.0,347.0,363.0,361.0,121.0,132.0,108.0,115.0,117.0,115.0,121.0,129.0,111.0,229.0,224.0,225.0,121.0,132.0,108.0,115.0,117.0,115.0
1.0,680.0,294.0,348.0,361.0,297.0,116.0,93.0,88.0,116.0,117.0,115.0,113.0,93.0,88.0,224.0,219.0,237.0,116.0,93.0,88.0,116.0,117.0,115.0
1.0,747.0,328.0,348.0,297.0,328.0,110.0,111.0,107.0,116.0,117.0,115.0,110.0,111.0,107.0,232.0,258.0,257.0,110.0,111.0,107.0,116.0,117.0,115.0
1.0,716.0,307.0,348.0,328.0,307.0,101.0,99.0,107.0,116.0,117.0,115.0,101.0,99.0,107.0,238.0,240.0,238.0,101.0,99.0,107.0,116.0,117.0,115.0
1.0,737.0,326.0,348.0,307.0,326.0,102.0,109.0,115.0,116.0,117.0,115.0,102.0,109.0,115.0,247.0,252.0,238.0,102.0,109.0,115.0,116.0,117.0,115.0
1.0,718.0,315.0,349.0,326.0,318.0,102.0,97.0,119.0,116.0,117.0,116.0,102.0,97.0,116.0,246.0,242.0,230.0,102.0,97.0,119.0,116.0,117.0,116.0
1.0,729.0,285.0,348.0,318.0,282.0,96.0,88.0,98.0,116.0,117.0,115.0,96.0,88.0,101.0,246.0,254.0,229.0,96.0,88.0,98.0,116.0,117.0,115.0
1.0,762.0,379.0,349.0,282.0,382.0,126.0,125.0,131.0,116.0,117.0,116.0,126.0,125.0,128.0,252.0,263.0,247.0,126.0,125.0,131.0,116.0,117.0,116.0
1.0,665.0,393.0,349.0,382.0,393.0,125.0,132.0,136.0,116.0,117.0,116.0,125.0,132.0,136.0,222.0,226.0,217.0,125.0,132.0,136.0,116.0,117.0,116.0
1.0,654.0,363.0,349.0,393.0,363.0,126.0,110.0,127.0,116.0,117.0,116.0,126.0,110.0,127.0,223.0,219.0,212.0,126.0,110.0,127.0,116.0,117.0,116.0
1.0,684.0,387.0,349.0,363.0,387.0,125.0,123.0,139.0,116.0,117.0,116.0,125.0,123.0,139.0,222.0,241.0,221.0,125.0,123.0,139.0,116.0,117.0,116.0
1.0,660.0,385.0,350.0,387.0,388.0,130.0,125.0,133.0,116.0,117.0,117.0,130.0,125.0,130.0,223.0,228.0,209.0,130.0,125.0,133.0,116.0,117.0,117.0
1.0,662.0,412.0,352.0,388.0,418.0,141.0,145.0,132.0,117.0,118.0,117.0,138.0,142.0,132.0,218.0,226.0,218.0,141.0,145.0,132.0,117.0,118.0,117.0
1.0,638.0,326.0,352.0,418.0,326.0,111.0,109.0,106.0,117.0,118.0,117.0,111.0,109.0,106.0,210.0,209.0,219.0,111.0,109.0,106.0,117.0,118.0,117.0
1.0,730.0,385.0,355.0,326.0,394.0,138.0,136.0,120.0,118.0,119.0,118.0,135.0,133.0,117.0,240.0,245.0,245.0,138.0,136.0,120.0,118.0,119.0,118.0
1.0,671.0,363.0,356.0,394.0,366.0,132.0,112.0,122.0,119.0,119.0,118.0,129.0,112.0,122.0,216.0,221.0,234.0,132.0,112.0,122.0,119.0,119.0,118.0
1.0,702.0,338.0,357.0,366.0,341.0,117.0,113.0,111.0,119.0,119.0,119.0,117.0,113.0,108.0,225.0,245.0,232.0,117.0,113.0,111.0,119.0,119.0,119.0
1.0,730.0,354.0,356.0,341.0,351.0,117.0,126.0,108.0,119.0,119.0,118.0,117.0,126.0,111.0,240.0,244.0,246.0,117.0,126.0,108.0,119.0,119.0,118.0
1.0,717.0,352.0,356.0,351.0,352.0,122.0,120.0,110.0,119.0,119.0,118.0,122.0,120.0,110.0,240.0,231.0,246.0,122.0,120.0,110.0,119.0,119.0,118.0
1.0,716.0,338.0,356.0,352.0,338.0,113.0,110.0,115.0,119.0,119.0,118.0,113.0,110.0,115.0,235.0,237.0,244.0,113.0,110.0,115.0,119.0,119.0,118.0
1.0,730.0,376.0,356.0,338.0,376.0,122.0,133.0,121.0,119.0,119.0,118.0,122.0,133.0,121.0,244.0,247.0,239.0,122.0,133.0,121.0,119.0,119.0,118.0
1.0,692.0,379.0,356.0,376.0,379.0,135.0,121.0,123.0,119.0,119.0,118.0,135.0,121.0,123.0,235.0,224.0,233.0,135.0,121.0,123.0,119.0,119.0,118.0
1.0,689.0,358.0,356.0,379.0,358.0,117.0,117.0,124.0,119.0,119.0,118.0,117.0,117.0,124.0,222.0,236.0,231.0,117.0,117.0,124.0,119.0,119.0,118.0
1.0,710.0,354.0,355.0,358.0,351.0,114.0,117.0,120.0,119.0,119.0,117.0,114.0,117.0,123.0,240.0,240.0,230.0,114.0,117.0,120.0,119.0,119.0,117.0
1.0,714.0,352.0,354.0,351.0,349.0,120.0,106.0,123.0,118.0,119.0,117.0,123.0,106.0,123.0,243.0,240.0,231.0,120.0,106.0,123.0,118.0,119.0,117.0
1.0,713.0,403.0,355.0,349.0,406.0,141.0,130.0,135.0,119.0,119.0,117.0,138.0,130.0,135.0,234.0,251.0,228.0,141.0,130.0,135.0,119.0,119.0,117.0
1.0,659.0,390.0,356.0,406.0,393.0,124.0,124.0,145.0,119.0,119.0,118.0,124.0,124.0,142.0,216.0,227.0,216.0,124.0,124.0,145.0,119.0,119.0,118.0
1.0,675.0,351.0,356.0,393.0,351.0,111.0,118.0,122.0,119.0,119.0,118.0,111.0,118.0,122.0,233.0,233.0,209.0,111.0,118.0,122.0,119.0,119.0,118.0
1.0,717.0,336.0,357.0,351.0,339.0,113.0,100.0,126.0,119.0,119.0,119.0,113.0,100.0,123.0,246.0,239.0,232.0,113.0,100.0,126.0,119.0,119.0,119.0
1.0,732.0,375.0,359.0,339.0,381.0,125.0,134.0,122.0,120.0,120.0,119.0,122.0,131.0,122.0,244.0,257.0,231.0,125.0,134.0,122.0,120.0,120.0,119.0
1.0,696.0,345.0,359.0,381.0,345.0,120.0,111.0,114.0,120.0,120.0,119.0,120.0,111.0,114.0,235.0,226.0,235.0,120.0,111.0,114.0,120.0,120.0,119.0
1.0,732.0,403.0,361.0,345.0,409.0,135.0,135.0,139.0,121.0,120.0,120.0,132.0,135.0,136.0,240.0,249.0,243.0,135.0,135.0,139.0,121.0,120.0,120.0
1.0,674.0,366.0,361.0,409.0,366.0,116.0,131.0,119.0,121.0,120.0,120.0,116.0,131.0,119.0,228.0,225.0,221.0,116.0,131.0,119.0,121.0,120.0,120.0
1.0,717.0,385.0,361.0,366.0,385.0,123.0,143.0,119.0,121.0,120.0,120.0,123.0,143.0,119.0,247.0,229.0,241.0,123.0,143.0,119.0,121.0,120.0,120.0
1.0,698.0,401.0,361.0,385.0,401.0,129.0,141.0,131.0,121.0,120.0,120.0,129.0,141.0,131.0,240.0,217.0,241.0,129.0,141.0,131.0,121.0,120.0,120.0
1.0,682.0,422.0,361.0,401.0,422.0,143.0,143.0,136.0,121.0,120.0,120.0,143.0,143.0,136.0,234.0,219.0,229.0,143.0,143.0,136.0,121.0,120.0,120.0
1.0,661.0,392.0,361.0,422.0,392.0,142.0,132.0,118.0,121.0,120.0,120.0,142.0,132.0,118.0,220.0,217.0,224.0,142.0,132.0,118.0,121.0,120.0,120.0
1.0,691.0,360.0,360.0,392.0,357.0,112.0,123.0,122.0,120.0,120.0,120.0,115.0,123.0,122.0,221.0,228.0,242.0,112.0,123.0,122.0,120.0,120.0,120.0
1.0,723.0,375.0,360.0,357.0,375.0,124.0,125.0,126.0,120.0,120.0,120.0,124.0,125.0,126.0,248.0,237.0,238.0,124.0,125.0,126.0,120.0,120.0,120.0
1.0,705.0,347.0,360.0,375.0,347.0,117.0,110.0,120.0,120.0,120.0,120.0,117.0,110.0,120.0,236.0,235.0,234.0,117.0,110.0,120.0,120.0,120.0,120.0
1.0,733.0,378.0,361.0,347.0,381.0,130.0,133.0,118.0,121.0,120.0,120.0,127.0,133.0,118.0,243.0,250.0,240.0,130.0,133.0,118.0,121.0,120.0,120.0
1.0,702.0,357.0,362.0,381.0,360.0,125.0,112.0,123.0,121.0,121.0,120.0,125.0,109.0,123.0,233.0,227.0,242.0,125.0,112.0,123.0,121.0,121.0,120.0
1.0,726.0,417.0,365.0,360.0,426.0,145.0,146.0,135.0,122.0,122.0,121.0,142.0,143.0,132.0,238.0,251.0,237.0,145.0,146.0,135.0,122.0,122.0,121.0
1.0,669.0,333.0,364.0,426.0,330.0,116.0,116.0,98.0,122.0,122.0,120.0,116.0,116.0,101.0,221.0,220.0,228.0,116.0,116.0,98.0,122.0,122.0,120.0
1.0,762.0,387.0,366.0,330.0,393.0,134.0,140.0,119.0,123.0,123.0,120.0,131.0,137.0,119.0,250.0,250.0,262.0,134.0,140.0,119.0,123.0,123.0,120.0
1.0,705.0,381.0,364.0,393.0,375.0,125.0,126.0,124.0,122.0,122.0,120.0,128.0,129.0,124.0,235.0,229.0,241.0,125.0,126.0,124.0,122.0,122.0,120.0
1.0,717.0,413.0,365.0,375.0,416.0,139.0,140.0,137.0,123.0,122.0,120.0,136.0,140.0,137.0,241.0,240.0,236.0,139.0,140.0,137.0,123.0,122.0,120.0
1.0,679.0,430.0,366.0,416.0,433.0,133.0,144.0,156.0,123.0,122.0,121.0,133.0,144.0,153.0,230.0,226.0,223.0,133.0,144.0,156.0,123.0,122.0,121.0
1.0,665.0,434.0,368.0,433.0,440.0,138.0,148.0,154.0,123.0,123.0,122.0,138.0,145.0,151.0,236.0,222.0,207.0,138.0,148.0,154.0,123.0,123.0,122.0
1.0,664.0,391.0,368.0,440.0,391.0,115.0,133.0,143.0,123.0,123.0,122.0,115.0,133.0,143.0,231.0,221.0,212.0,115.0,133.0,143.0,123.0,123.0,122.0
1.0,713.0,432.0,369.0,391.0,435.0,142.0,150.0,143.0,123.0,123.0,123.0,142.0,150.0,140.0,254.0,236.0,223.0,142.0,150.0,143.0,123.0,123.0,123.0
1.0,672.0,415.0,369.0,435.0,415.0,132.0,145.0,138.0,123.0,123.0,123.0,132.0,145.0,138.0,227.0,219.0,226.0,132.0,145.0,138.0,123.0,123.0,123.0
1.0,692.0,433.0,372.0,415.0,442.0,147.0,142.0,153.0,124.0,124.0,124.0,144.0,139.0,150.0,237.0,224.0,231.0,147.0,142.0,153.0,124.0,124.0,124.0
1.0,674.0,401.0,373.0,442.0,404.0,140.0,128.0,136.0,124.0,124.0,125.0,140.0,128.0,133.0,225.0,230.0,219.0,140.0,128.0,136.0,124.0,124.0,125.0
1.0,715.0,309.0,372.0,404.0,306.0,109.0,107.0,90.0,124.0,124.0,124.0,109.0,107.0,93.0,232.0,244.0,239.0,109.0,107.0,90.0,124.0,124.0,124.0
1.0,810.0,364.0,374.0,306.0,370.0,131.0,111.0,128.0,125.0,124.0,125.0,128.0,111.0,125.0,263.0,265.0,282.0,131.0,111.0,128.0,125.0,124.0,125.0
1.0,752.0,350.0,374.0,370.0,350.0,130.0,107.0,113.0,125.0,124.0,125.0,130.0,107.0,113.0,244.0,261.0,247.0,130.0,107.0,113.0,125.0,124.0,125.0
1.0,772.0,385.0,376.0,350.0,391.0,137.0,126.0,128.0,126.0,125.0,125.0,134.0,123.0,128.0,245.0,265.0,262.0,137.0,126.0,128.0,126.0,125.0,125.0
1.0,737.0,396.0,378.0,391.0,402.0,127.0,144.0,131.0,126.0,126.0,126.0,127.0,141.0,128.0,241.0,249.0,247.0,127.0,144.0,131.0,126.0,126.0,126.0
1.0,732.0,439.0,379.0,402.0,442.0,153.0,147.0,142.0,127.0,126.0,126.0,150.0,147.0,142.0,251.0,234.0,247.0,153.0,147.0,142.0,127.0,126.0,126.0
1.0,695.0,406.0,380.0,442.0,409.0,134.0,147.0,128.0,127.0,127.0,126.0,134.0,144.0,128.0,228.0,231.0,236.0,134.0,147.0,128.0,127.0,127.0,126.0
1.0,731.0,390.0,380.0,409.0,390.0,134.0,131.0,125.0,127.0,127.0,126.0,134.0,131.0,125.0,247.0,234.0,250.0,134.0,131.0,125.0,127.0,127.0,126.0
1.0,750.0,393.0,380.0,390.0,393.0,116.0,140.0,137.0,127.0,127.0,126.0,116.0,140.0,137.0,247.0,250.0,253.0,116.0,140.0,137.0,127.0,127.0,126.0
1.0,747.0,393.0,381.0,393.0,396.0,121.0,145.0,130.0,127.0,128.0,126.0,121.0,142.0,130.0,265.0,241.0,241.0,121.0,145.0,130.0,127.0,128.0,126.0
1.0,747.0,383.0,380.0,396.0,380.0,123.0,135.0,122.0,127.0,128.0,125.0,123.0,135.0,125.0,260.0,239.0,248.0,123.0,135.0,122.0,127.0,128.0,125.0
1.0,760.0,374.0,381.0,380.0,377.0,124.0,124.0,129.0,127.0,128.0,126.0,124.0,124.0,126.0,258.0,249.0,253.0,124.0,124.0,129.0,127.0,128.0,126.0
1.0,766.0,393.0,381.0,377.0,393.0,131.0,138.0,124.0,127.0,128.0,126.0,131.0,138.0,124.0,257.0,260.0,249.0,131.0,138.0,124.0,127.0,128.0,126.0
1.0,750.0,362.0,381.0,393.0,362.0,130.0,113.0,119.0,127.0,128.0,126.0,130.0,113.0,119.0,250.0,246.0,254.0,130.0,113.0,119.0,127.0,128.0,126.0
1.0,781.0,362.0,381.0,362.0,362.0,125.0,119.0,118.0,127.0,128.0,126.0,125.0,119.0,118.0,251.0,271.0,259.0,125.0,119.0,118.0,127.0,128.0,126.0
1.0,781.0,398.0,382.0,362.0,401.0,137.0,124.0,140.0,127.0,128.0,127.0,137.0,124.0,137.0,256.0,265.0,260.0,137.0,124.0,140.0,127.0,128.0,127.0
1.0,745.0,429.0,383.0,401.0,432.0,154.0,133.0,145.0,128.0,128.0,127.0,151.0,133.0,145.0,244.0,260.0,241.0,154.0,133.0,145.0,128.0,128.0,127.0
1.0,717.0,416.0,385.0,432.0,422.0,142.0,139.0,141.0,128.0,129.0,128.0,142.0,136.0,138.0,230.0,251.0,236.0,142.0,139.0,141.0,128.0,129.0,128.0
1.0,733.0,444.0,386.0,422.0,447.0,159.0,141.0,147.0,129.0,129.0,128.0,156.0,141.0,147.0,242.0,248.0,243.0,159.0,141.0,147.0,129.0,129.0,128.0
1.0,711.0,414.0,387.0,447.0,417.0,139.0,133.0,145.0,129.0,129.0,129.0,139.0,133.0,142.0,228.0,246.0,237.0,139.0,133.0,145.0,129.0,129.0,129.0
1.0,744.0,389.0,388.0,417.0,392.0,141.0,120.0,131.0,130.0,129.0,129.0,138.0,120.0,131.0,248.0,254.0,242.0,141.0,120.0,131.0,130.0,129.0,129.0
1.0,772.0,372.0,388.0,392.0,372.0,119.0,129.0,124.0,130.0,129.0,129.0,119.0,129.0,124.0,249.0,267.0,256.0,119.0,129.0,124.0,130.0,129.0,129.0
1.0,792.0,425.0,389.0,372.0,428.0,143.0,149.0,136.0,130.0,130.0,129.0,143.0,146.0,136.0,271.0,258.0,263.0,143.0,149.0,136.0,130.0,130.0,129.0
1.0,739.0,417.0,390.0,428.0,420.0,131.0,152.0,137.0,130.0,131.0,129.0,131.0,149.0,137.0,247.0,241.0,251.0,131.0,152.0,137.0,130.0,131.0,129.0
1.0,750.0,395.0,390.0,420.0,395.0,125.0,138.0,132.0,130.0,131.0,129.0,125.0,138.0,132.0,259.0,241.0,250.0,125.0,138.0,132.0,130.0,131.0,129.0
1.0,775.0,377.0,390.0,395.0,377.0,122.0,131.0,124.0,130.0,131.0,129.0,122.0,131.0,124.0,265.0,255.0,255.0,122.0,131.0,124.0,130.0,131.0,129.0
1.0,793.0,382.0,391.0,377.0,385.0,117.0,136.0,132.0,130.0,132.0,129.0,117.0,133.0,132.0,268.0,262.0,263.0,117.0,136.0,132.0,130.0,132.0,129.0
1.0,788.0,383.0,391.0,385.0,383.0,134.0,128.0,121.0,130.0,132.0,129.0,134.0,128.0,121.0,273.0,260.0,255.0,134.0,128.0,121.0,130.0,132.0,129.0
1.0,790.0,415.0,392.0,383.0,418.0,144.0,139.0,135.0,131.0,132.0,129.0,141.0,139.0,135.0,256.0,268.0,266.0,144.0,139.0,135.0,131.0,132.0,129.0
1.0,758.0,404.0,392.0,418.0,404.0,128.0,138.0,138.0,131.0,132.0,129.0,128.0,138.0,138.0,249.0,257.0,252.0,128.0,138.0,138.0,131.0,132.0,129.0
1.0,772.0,431.0,393.0,404.0,434.0,151.0,141.0,142.0,131.0,132.0,130.0,151.0,141.0,139.0,265.0,258.0,249.0,151.0,141.0,142.0,131.0,132.0,130.0
1.0,745.0,410.0,394.0,434.0,413.0,138.0,132.0,143.0,132.0,132.0,130.0,135.0,132.0,143.0,242.0,255.0,248.0,138.0,132.0,143.0,132.0,132.0,130.0
1.0,769.0,404.0,394.0,413.0,404.0,141.0,123.0,140.0,132.0,132.0,130.0,141.0,123.0,140.0,258.0,264.0,247.0,141.0,123.0,140.0,132.0,132.0,130.0
1.0,778.0,426.0,395.0,404.0,429.0,133.0,143.0,153.0,132.0,132.0,131.0,133.0,143.0,150.0,255.0,273.0,250.0,133.0,143.0,153.0,132.0,132.0,131.0
1.0,756.0,462.0,396.0,429.0,465.0,146.0,151.0,168.0,132.0,132.0,132.0,146.0,151.0,165.0,263.0,253.0,240.0,146.0,151.0,168.0,132.0,132.0,132.0
1.0,723.0,421.0,396.0,465.0,421.0,142.0,132.0,147.0,132.0,132.0,132.0,142.0,132.0,147.0,250.0,245.0,228.0,142.0,132.0,147.0,132.0,132.0,132.0
1.0,767.0,434.0,398.0,421.0,440.0,131.0,159.0,150.0,132.0,133.0,133.0,131.0,156.0,147.0,254.0,264.0,249.0,131.0,159.0,150.0,132.0,133.0,133.0
1.0,754.0,433.0,400.0,440.0,439.0,142.0,156.0,141.0,133.0,134.0,133.0,139.0,153.0,141.0,265.0,240.0,249.0,142.0,156.0,141.0,133.0,134.0,133.0
1.0,761.0,361.0,400.0,439.0,361.0,128.0,125.0,108.0,133.0,134.0,133.0,128.0,125.0,108.0,257.0,246.0,258.0,128.0,125.0,108.0,133.0,134.0,133.0
1.0,839.0,371.0,400.0,361.0,371.0,126.0,121.0,124.0,133.0,134.0,133.0,126.0,121.0,124.0,271.0,277.0,291.0,126.0,121.0,124.0,133.0,134.0,133.0
1.0,829.0,369.0,399.0,371.0,366.0,117.0,123.0,126.0,132.0,134.0,133.0,120.0,123.0,126.0,273.0,281.0,275.0,117.0,123.0,126.0,132.0,134.0,133.0
1.0,831.0,418.0,400.0,366.0,421.0,156.0,131.0,134.0,133.0,134.0,133.0,153.0,131.0,134.0,279.0,279.0,273.0,156.0,131.0,134.0,133.0,134.0,133.0
1.0,779.0,421.0,401.0,421.0,424.0,142.0,145.0,137.0,133.0,134.0,134.0,142.0,145.0,134.0,243.0,271.0,265.0,142.0,145.0,137.0,133.0,134.0,134.0
1.0,779.0,472.0,402.0,424.0,475.0,168.0,154.0,153.0,134.0,134.0,134.0,165.0,154.0,153.0,257.0,257.0,265.0,168.0,154.0,153.0,134.0,134.0,134.0
1.0,731.0,394.0,402.0,475.0,394.0,137.0,132.0,125.0,134.0,134.0,134.0,137.0,132.0,125.0,234.0,248.0,249.0,137.0,132.0,125.0,134.0,134.0,134.0
1.0,812.0,440.0,403.0,394.0,443.0,170.0,140.0,133.0,135.0,134.0,134.0,167.0,140.0,133.0,265.0,270.0,277.0,170.0,140.0,133.0,135.0,134.0,134.0
1.0,766.0,461.0,403.0,443.0,461.0,156.0,156.0,149.0,135.0,134.0,134.0,156.0,156.0,149.0,235.0,262.0,269.0,156.0,156.0,149.0,135.0,134.0,134.0
1.0,748.0,430.0,404.0,461.0,433.0,153.0,141.0,139.0,136.0,135.0,133.0,150.0,138.0,142.0,249.0,246.0,253.0,153.0,141.0,139.0,136.0,135.0,133.0
1.0,779.0,499.0,405.0,433.0,502.0,166.0,166.0,170.0,136.0,135.0,134.0,166.0,166.0,167.0,255.0,264.0,260.0,166.0,166.0,170.0,136.0,135.0,134.0
1.0,713.0,413.0,405.0,502.0,413.0,132.0,134.0,147.0,136.0,135.0,134.0,132.0,134.0,147.0,242.0,239.0,232.0,132.0,134.0,147.0,136.0,135.0,134.0
1.0,802.0,452.0,405.0,413.0,452.0,140.0,152.0,160.0,136.0,135.0,134.0,140.0,152.0,160.0,276.0,271.0,255.0,140.0,152.0,160.0,136.0,135.0,134.0
1.0,763.0,374.0,405.0,452.0,374.0,124.0,114.0,136.0,136.0,135.0,134.0,124.0,114.0,136.0,268.0,253.0,242.0,124.0,114.0,136.0,136.0,135.0,134.0
1.0,841.0,374.0,406.0,374.0,377.0,129.0,123.0,125.0,136.0,135.0,135.0,129.0,123.0,122.0,284.0,291.0,266.0,129.0,123.0,125.0,136.0,135.0,135.0
1.0,841.0,397.0,406.0,377.0,397.0,123.0,133.0,141.0,136.0,135.0,135.0,123.0,133.0,141.0,279.0,282.0,280.0,123.0,133.0,141.0,136.0,135.0,135.0
1.0,821.0,411.0,408.0,397.0,417.0,138.0,140.0,139.0,136.0,136.0,136.0,138.0,137.0,136.0,285.0,272.0,264.0,138.0,140.0,139.0,136.0,136.0,136.0
1.0,807.0,394.0,408.0,417.0,394.0,128.0,132.0,134.0,136.0,136.0,136.0,128.0,132.0,134.0,270.0,268.0,269.0,128.0,132.0,134.0,136.0,136.0,136.0
1.0,830.0,439.0,409.0,394.0,442.0,149.0,143.0,150.0,137.0,136.0,136.0,146.0,143.0,150.0,280.0,276.0,274.0,149.0,143.0,150.0,137.0,136.0,136.0
1.0,785.0,438.0,408.0,442.0,435.0,146.0,149.0,140.0,136.0,136.0,136.0,149.0,149.0,140.0,262.0,265.0,258.0,146.0,149.0,140.0,136.0,136.0,136.0
1.0,789.0,470.0,410.0,435.0,476.0,169.0,159.0,148.0,137.0,136.0,137.0,166.0,159.0,145.0,262.0,259.0,268.0,169.0,159.0,148.0,137.0,136.0,137.0
1.0,754.0,438.0,411.0,476.0,441.0,153.0,155.0,133.0,137.0,137.0,137.0,153.0,152.0,133.0,242.0,249.0,263.0,153.0,155.0,133.0,137.0,137.0,137.0
1.0,792.0,478.0,412.0,441.0,481.0,163.0,161.0,157.0,138.0,137.0,137.0,160.0,161.0,157.0,258.0,256.0,278.0,163.0,161.0,157.0,138.0,137.0,137.0
1.0,755.0,483.0,415.0,481.0,492.0,166.0,167.0,159.0,139.0,138.0,138.0,163.0,164.0,156.0,251.0,250.0,254.0,166.0,167.0,159.0,139.0,138.0,138.0
1.0,753.0,447.0,415.0,492.0,447.0,141.0,161.0,145.0,139.0,138.0,138.0,141.0,161.0,145.0,251.0,247.0,255.0,141.0,161.0,145.0,139.0,138.0,138.0
1.0,798.0,412.0,416.0,447.0,415.0,144.0,138.0,133.0,140.0,138.0,138.0,141.0,138.0,133.0,276.0,253.0,269.0,144.0,138.0,133.0,140.0,138.0,138.0
1.0,833.0,414.0,417.0,415.0,417.0,138.0,145.0,134.0,140.0,139.0,138.0,138.0,142.0,134.0,276.0,276.0,281.0,138.0,145.0,134.0,140.0,139.0,138.0
1.0,834.0,419.0,418.0,417.0,422.0,130.0,148.0,144.0,140.0,139.0,139.0,130.0,148.0,141.0,282.0,272.0,280.0,130.0,148.0,144.0,140.0,139.0,139.0
1.0,832.0,438.0,419.0,422.0,441.0,144.0,146.0,151.0,140.0,140.0,139.0,144.0,143.0,151.0,290.0,269.0,273.0,144.0,146.0,151.0,140.0,140.0,139.0
1.0,816.0,386.0,419.0,441.0,386.0,121.0,133.0,132.0,140.0,140.0,139.0,121.0,133.0,132.0,276.0,274.0,266.0,121.0,133.0,132.0,140.0,140.0,139.0
1.0,871.0,385.0,419.0,386.0,385.0,128.0,114.0,143.0,140.0,140.0,139.0,128.0,114.0,143.0,299.0,287.0,285.0,128.0,114.0,143.0,140.0,140.0,139.0
1.0,872.0,416.0,418.0,385.0,413.0,143.0,120.0,150.0,140.0,139.0,139.0,143.0,123.0,150.0,292.0,306.0,274.0,143.0,120.0,150.0,140.0,139.0,139.0
1.0,841.0,402.0,417.0,413.0,399.0,135.0,135.0,129.0,139.0,139.0,139.0,138.0,135.0,129.0,277.0,297.0,267.0,135.0,135.0,129.0,139.0,139.0,139.0
1.0,852.0,460.0,419.0,399.0,466.0,159.0,141.0,166.0,140.0,139.0,140.0,156.0,141.0,163.0,282.0,282.0,288.0,159.0,141.0,166.0,140.0,139.0,140.0
1.0,791.0,453.0,420.0,466.0,456.0,161.0,147.0,148.0,140.0,140.0,140.0,161.0,144.0,148.0,261.0,276.0,254.0,161.0,147.0,148.0,140.0,140.0,140.0
1.0,804.0,450.0,421.0,456.0,453.0,151.0,149.0,153.0,141.0,140.0,140.0,148.0,149.0,153.0,259.0,273.0,272.0,151.0,149.0,153.0,141.0,140.0,140.0
1.0,810.0,488.0,423.0,453.0,494.0,159.0,170.0,165.0,141.0,141.0,141.0,159.0,167.0,162.0,272.0,271.0,267.0,159.0,170.0,165.0,141.0,141.0,141.0
1.0,775.0,438.0,423.0,494.0,438.0,140.0,151.0,147.0,141.0,141.0,141.0,140.0,151.0,147.0,264.0,253.0,258.0,140.0,151.0,147.0,141.0,141.0,141.0
1.0,831.0,409.0,423.0,438.0,409.0,141.0,136.0,132.0,141.0,141.0,141.0,141.0,136.0,132.0,283.0,272.0,276.0,141.0,136.0,132.0,141.0,141.0,141.0
1.0,860.0,370.0,422.0,409.0,367.0,124.0,116.0,127.0,141.0,140.0,141.0,124.0,119.0,127.0,282.0,287.0,291.0,124.0,116.0,127.0,141.0,140.0,141.0
1.0,899.0,384.0,423.0,367.0,387.0,126.0,135.0,126.0,142.0,140.0,141.0,123.0,135.0,126.0,299.0,304.0,296.0,126.0,135.0,126.0,142.0,140.0,141.0
1.0,882.0,420.0,423.0,387.0,420.0,124.0,154.0,142.0,141.0,141.0,141.0,127.0,151.0,142.0,300.0,285.0,297.0,124.0,154.0,142.0,141.0,141.0,141.0
1.0,849.0,419.0,424.0,420.0,422.0,135.0,146.0,141.0,141.0,141.0,142.0,135.0,146.0,138.0,299.0,269.0,281.0,135.0,146.0,141.0,141.0,141.0,142.0
1.0,850.0,452.0,425.0,422.0,455.0,147.0,159.0,149.0,142.0,141.0,142.0,144.0,159.0,149.0,288.0,277.0,285.0,147.0,159.0,149.0,142.0,141.0,142.0
1.0,820.0,430.0,425.0,455.0,430.0,137.0,159.0,134.0,141.0,142.0,142.0,140.0,156.0,134.0,279.0,264.0,277.0,137.0,159.0,134.0,141.0,142.0,142.0
1.0,845.0,444.0,426.0,430.0,447.0,150.0,145.0,152.0,142.0,142.0,142.0,147.0,145.0,152.0,286.0,267.0,292.0,150.0,145.0,152.0,142.0,142.0,142.0
1.0,831.0,452.0,426.0,447.0,452.0,160.0,144.0,148.0,142.0,142.0,142.0,160.0,144.0,148.0,276.0,281.0,274.0,160.0,144.0,148.0,142.0,142.0,142.0
1.0,826.0,518.0,428.0,452.0,524.0,180.0,173.0,171.0,143.0,143.0,142.0,177.0,170.0,171.0,266.0,282.0,278.0,180.0,173.0,171.0,143.0,143.0,142.0
1.0,760.0,447.0,428.0,524.0,447.0,151.0,146.0,150.0,143.0,143.0,142.0,151.0,146.0,150.0,249.0,256.0,255.0,151.0,146.0,150.0,143.0,143.0,142.0
1.0,837.0,425.0,428.0,447.0,425.0,154.0,132.0,139.0,143.0,143.0,142.0,154.0,132.0,139.0,278.0,283.0,276.0,154.0,132.0,139.0,143.0,143.0,142.0
1.0,859.0,421.0,427.0,425.0,418.0,141.0,122.0,155.0,143.0,142.0,142.0,141.0,125.0,155.0,275.0,297.0,287.0,141.0,122.0,155.0,143.0,142.0,142.0
1.0,863.0,479.0,428.0,418.0,482.0,159.0,160.0,163.0,144.0,142.0,142.0,156.0,160.0,163.0,288.0,304.0,271.0,159.0,160.0,163.0,144.0,142.0,142.0
1.0,802.0,401.0,429.0,482.0,404.0,126.0,130.0,148.0,144.0,142.0,143.0,126.0,130.0,145.0,273.0,266.0,263.0,126.0,130.0,148.0,144.0,142.0,143.0
1.0,883.0,421.0,431.0,404.0,427.0,142.0,138.0,147.0,144.0,143.0,144.0,142.0,135.0,144.0,306.0,296.0,281.0,142.0,138.0,147.0,144.0,143.0,144.0
1.0,866.0,396.0,431.0,427.0,396.0,128.0,136.0,132.0,144.0,143.0,144.0,128.0,136.0,132.0,290.0,291.0,285.0,128.0,136.0,132.0,144.0,143.0,144.0
1.0,897.0,420.0,431.0,396.0,420.0,129.0,154.0,137.0,144.0,143.0,144.0,129.0,154.0,137.0,304.0,293.0,300.0,129.0,154.0,137.0,144.0,143.0,144.0
1.0,873.0,482.0,432.0,420.0,485.0,154.0,173.0,158.0,144.0,144.0,144.0,154.0,170.0,158.0,303.0,275.0,295.0,154.0,173.0,158.0,144.0,144.0,144.0
1.0,811.0,469.0,432.0,485.0,469.0,158.0,159.0,152.0,144.0,144.0,144.0,158.0,159.0,152.0,278.0,259.0,274.0,158.0,159.0,152.0,144.0,144.0,144.0
1.0,827.0,431.0,432.0,469.0,431.0,132.0,158.0,141.0,144.0,144.0,144.0,132.0,158.0,141.0,274.0,273.0,280.0,132.0,158.0,141.0,144.0,144.0,144.0
1.0,865.0,460.0,433.0,431.0,463.0,145.0,150.0,168.0,143.0,145.0,145.0,148.0,147.0,165.0,300.0,274.0,291.0,145.0,150.0,168.0,143.0,145.0,145.0
1.0,836.0,480.0,433.0,463.0,480.0,151.0,162.0,167.0,143.0,145.0,145.0,151.0,162.0,167.0,284.0,285.0,267.0,151.0,162.0,167.0,143.0,145.0,145.0
1.0,819.0,473.0,434.0,480.0,476.0,167.0,150.0,159.0,143.0,145.0,146.0,167.0,150.0,156.0,278.0,273.0,268.0,167.0,150.0,159.0,143.0,145.0,146.0
1.0,826.0,406.0,432.0,476.0,400.0,141.0,134.0,125.0,143.0,144.0,145.0,141.0,137.0,128.0,262.0,285.0,279.0,141.0,134.0,125.0,143.0,144.0,145.0
1.0,896.0,423.0,432.0,400.0,423.0,147.0,134.0,142.0,143.0,144.0,145.0,147.0,134.0,142.0,288.0,298.0,310.0,147.0,134.0,142.0,143.0,144.0,145.0
1.0,873.0,478.0,433.0,423.0,481.0,174.0,150.0,157.0,144.0,144.0,145.0,171.0,150.0,157.0,282.0,298.0,293.0,174.0,150.0,157.0,144.0,144.0,145.0
1.0,818.0,419.0,434.0,481.0,422.0,147.0,135.0,140.0,144.0,145.0,145.0,147.0,132.0,140.0,258.0,282.0,278.0,147.0,135.0,140.0,144.0,145.0,145.0
1.0,880.0,473.0,435.0,422.0,476.0,170.0,155.0,151.0,145.0,145.0,145.0,167.0,155.0,151.0,285.0,300.0,295.0,170.0,155.0,151.0,145.0,145.0,145.0
1.0,829.0,432.0,436.0,476.0,435.0,142.0,132.0,161.0,145.0,145.0,146.0,142.0,132.0,158.0,265.0,280.0,284.0,142.0,132.0,161.0,145.0,145.0,146.0
1.0,873.0,398.0,436.0,435.0,398.0,132.0,137.0,129.0,145.0,145.0,146.0,132.0,137.0,129.0,293.0,303.0,277.0,132.0,137.0,129.0,145.0,145.0,146.0
1.0,910.0,448.0,438.0,398.0,454.0,152.0,153.0,149.0,146.0,146.0,146.0,149.0,150.0,149.0,303.0,298.0,309.0,152.0,153.0,149.0,146.0,146.0,146.0
1.0,860.0,447.0,437.0,454.0,444.0,148.0,136.0,160.0,146.0,145.0,146.0,148.0,139.0,160.0,286.0,285.0,289.0,148.0,136.0,160.0,146.0,145.0,146.0
1.0,867.0,471.0,439.0,444.0,477.0,154.0,160.0,163.0,146.0,146.0,147.0,154.0,157.0,160.0,290.0,299.0,278.0,154.0,160.0,163.0,146.0,146.0,147.0
1.0,840.0,502.0,438.0,477.0,499.0,137.0,180.0,182.0,145.0,146.0,147.0,140.0,180.0,182.0,284.0,278.0,278.0,137.0,180.0,182.0,145.0,146.0,147.0
1.0,815.0,522.0,441.0,499.0,531.0,169.0,181.0,181.0,146.0,147.0,148.0,166.0,178.0,178.0,298.0,258.0,259.0,169.0,181.0,181.0,146.0,147.0,148.0
1.0,792.0,488.0,441.0,531.0,488.0,159.0,164.0,165.0,146.0,147.0,148.0,159.0,164.0,165.0,269.0,260.0,263.0,159.0,164.0,165.0,146.0,147.0,148.0
1.0,835.0,461.0,439.0,488.0,455.0,152.0,152.0,151.0,145.0,146.0,148.0,155.0,155.0,151.0,279.0,277.0,279.0,152.0,152.0,151.0,145.0,146.0,148.0
1.0,862.0,455.0,440.0,455.0,458.0,162.0,149.0,147.0,146.0,146.0,148.0,159.0,149.0,147.0,283.0,286.0,293.0,162.0,149.0,147.0,146.0,146.0,148.0
1.0,862.0,415.0,440.0,458.0,415.0,136.0,135.0,144.0,146.0,146.0,148.0,136.0,135.0,144.0,276.0,289.0,297.0,136.0,135.0,144.0,146.0,146.0,148.0
1.0,905.0,449.0,441.0,415.0,452.0,148.0,146.0,158.0,146.0,146.0,149.0,148.0,146.0,155.0,302.0,303.0,300.0,148.0,146.0,158.0,146.0,146.0,149.0
1.0,871.0,487.0,443.0,452.0,493.0,168.0,172.0,153.0,147.0,147.0,149.0,165.0,169.0,153.0,290.0,292.0,289.0,168.0,172.0,153.0,147.0,147.0,149.0
1.0,836.0,422.0,442.0,493.0,419.0,158.0,130.0,131.0,147.0,146.0,149.0,158.0,133.0,131.0,273.0,269.0,294.0,158.0,130.0,131.0,147.0,146.0,149.0
1.0,907.0,378.0,442.0,419.0,378.0,127.0,121.0,130.0,147.0,146.0,149.0,127.0,121.0,130.0,283.0,308.0,316.0,127.0,121.0,130.0,147.0,146.0,149.0
1.0,948.0,449.0,444.0,378.0,455.0,163.0,145.0,147.0,148.0,147.0,149.0,160.0,142.0,147.0,314.0,317.0,317.0,163.0,145.0,147.0,148.0,147.0,149.0
1.0,877.0,398.0,442.0,455.0,392.0,126.0,133.0,133.0,147.0,147.0,148.0,129.0,133.0,136.0,281.0,296.0,300.0,126.0,133.0,133.0,147.0,147.0,148.0
1.0,934.0,505.0,445.0,392.0,514.0,166.0,172.0,176.0,148.0,148.0,149.0,163.0,169.0,173.0,315.0,308.0,311.0,166.0,172.0,176.0,148.0,148.0,149.0
1.0,821.0,467.0,445.0,514.0,467.0,154.0,157.0,156.0,148.0,148.0,149.0,154.0,157.0,156.0,278.0,272.0,271.0,154.0,157.0,156.0,148.0,148.0,149.0
1.0,868.0,470.0,445.0,467.0,470.0,156.0,159.0,155.0,148.0,148.0,149.0,156.0,159.0,155.0,290.0,287.0,291.0,156.0,159.0,155.0,148.0,148.0,149.0
1.0,865.0,494.0,447.0,470.0,500.0,153.0,171.0,176.0,148.0,149.0,150.0,153.0,168.0,173.0,288.0,285.0,292.0,153.0,171.0,176.0,148.0,149.0,150.0
1.0,841.0,494.0,446.0,500.0,491.0,162.0,158.0,171.0,148.0,148.0,150.0,162.0,161.0,171.0,291.0,276.0,274.0,162.0,158.0,171.0,148.0,148.0,150.0
1.0,847.0,491.0,447.0,491.0,494.0,153.0,175.0,166.0,148.0,149.0,150.0,153.0,172.0,166.0,282.0,286.0,279.0,153.0,175.0,166.0,148.0,149.0,150.0
1.0,847.0,494.0,449.0,494.0,500.0,172.0,161.0,167.0,149.0,149.0,151.0,169.0,161.0,164.0,291.0,272.0,284.0,172.0,161.0,167.0,149.0,149.0,151.0
1.0,847.0,458.0,450.0,500.0,461.0,157.0,151.0,153.0,149.0,150.0,151.0,157.0,148.0,153.0,275.0,286.0,286.0,157.0,151.0,153.0,149.0,150.0,151.0
1.0,889.0,460.0,452.0,461.0,466.0,162.0,146.0,158.0,150.0,150.0,152.0,159.0,146.0,155.0,290.0,299.0,300.0,162.0,146.0,158.0,150.0,150.0,152.0
1.0,890.0,504.0,453.0,466.0,507.0,174.0,165.0,168.0,151.0,150.0,152.0,171.0,165.0,168.0,288.0,304.0,298.0,174.0,165.0,168.0,151.0,150.0,152.0
1.0,852.0,463.0,454.0,507.0,466.0,158.0,152.0,156.0,151.0,150.0,153.0,158.0,152.0,153.0,279.0,285.0,288.0,158.0,152.0,156.0,151.0,150.0,153.0
1.0,896.0,455.0,454.0,466.0,455.0,149.0,142.0,164.0,151.0,150.0,153.0,149.0,142.0,164.0,295.0,298.0,303.0,149.0,142.0,164.0,151.0,150.0,153.0
1.0,907.0,438.0,454.0,455.0,438.0,149.0,135.0,154.0,151.0,150.0,153.0,149.0,135.0,154.0,304.0,308.0,295.0,149.0,135.0,154.0,151.0,150.0,153.0
1.0,924.0,464.0,454.0,438.0,464.0,146.0,167.0,151.0,151.0,150.0,153.0,146.0,167.0,151.0,304.0,315.0,305.0,146.0,167.0,151.0,151.0,150.0,153.0
1.0,898.0,475.0,455.0,464.0,478.0,151.0,158.0,169.0,151.0,150.0,154.0,151.0,158.0,166.0,307.0,283.0,308.0,151.0,158.0,169.0,151.0,150.0,154.0
1.0,887.0,498.0,454.0,478.0,495.0,175.0,165.0,155.0,151.0,150.0,153.0,175.0,165.0,158.0,302.0,292.0,293.0,175.0,165.0,155.0,151.0,150.0,153.0
1.0,867.0,483.0,456.0,495.0,489.0,162.0,162.0,165.0,151.0,151.0,154.0,162.0,159.0,162.0,278.0,285.0,304.0,162.0,162.0,165.0,151.0,151.0,154.0
1.0,879.0,448.0,456.0,489.0,448.0,149.0,151.0,148.0,151.0,151.0,154.0,149.0,151.0,148.0,291.0,291.0,297.0,149.0,151.0,148.0,151.0,151.0,154.0
1.0,920.0,502.0,458.0,448.0,508.0,166.0,183.0,159.0,152.0,152.0,154.0,163.0,180.0,159.0,304.0,302.0,314.0,166.0,183.0,159.0,152.0,152.0,154.0
1.0,866.0,451.0,458.0,508.0,451.0,148.0,157.0,146.0,152.0,152.0,154.0,148.0,157.0,146.0,290.0,273.0,303.0,148.0,157.0,146.0,152.0,152.0,154.0
1.0,923.0,500.0,459.0,451.0,503.0,167.0,171.0,165.0,152.0,153.0,154.0,167.0,168.0,165.0,308.0,299.0,316.0,167.0,171.0,165.0,152.0,153.0,154.0
1.0,874.0,406.0,459.0,503.0,406.0,140.0,138.0,128.0,152.0,153.0,154.0,140.0,138.0,128.0,289.0,288.0,297.0,140.0,138.0,128.0,152.0,153.0,154.0
1.0,971.0,475.0,460.0,406.0,478.0,152.0,162.0,164.0,153.0,153.0,154.0,149.0,162.0,164.0,316.0,321.0,334.0,152.0,162.0,164.0,153.0,153.0,154.0
1.0,902.0,500.0,462.0,478.0,506.0,168.0,175.0,163.0,153.0,154.0,155.0,168.0,172.0,160.0,307.0,297.0,298.0,168.0,175.0,163.0,153.0,154.0,155.0
1.0,880.0,489.0,462.0,506.0,489.0,168.0,160.0,161.0,154.0,153.0,155.0,165.0,163.0,161.0,291.0,287.0,302.0,168.0,160.0,161.0,154.0,153.0,155.0
1.0,897.0,475.0,462.0,489.0,475.0,165.0,153.0,157.0,154.0,153.0,155.0,165.0,153.0,157.0,294.0,299.0,304.0,165.0,153.0,157.0,154.0,153.0,155.0
1.0,911.0,458.0,462.0,475.0,458.0,147.0,160.0,151.0,154.0,153.0,155.0,147.0,160.0,151.0,297.0,306.0,308.0,147.0,160.0,151.0,154.0,153.0,155.0
1.0,928.0,466.0,462.0,458.0,466.0,154.0,150.0,162.0,154.0,153.0,155.0,154.0,150.0,162.0,315.0,299.0,314.0,154.0,150.0,162.0,154.0,153.0,155.0
1.0,920.0,484.0,462.0,466.0,484.0,164.0,155.0,165.0,154.0,153.0,155.0,164.0,155.0,165.0,308.0,309.0,303.0,164.0,155.0,165.0,154.0,153.0,155.0
1.0,902.0,498.0,463.0,484.0,501.0,166.0,169.0,166.0,154.0,154.0,155.0,166.0,166.0,166.0,298.0,304.0,300.0,166.0,169.0,166.0,154.0,154.0,155.0
1.0,888.0,518.0,465.0,501.0,524.0,165.0,177.0,182.0,155.0,154.0,156.0,162.0,177.0,179.0,296.0,293.0,299.0,165.0,177.0,182.0,155.0,154.0,156.0
1.0,871.0,489.0,467.0,524.0,495.0,169.0,160.0,166.0,155.0,155.0,157.0,169.0,157.0,163.0,300.0,285.0,286.0,169.0,160.0,166.0,155.0,155.0,157.0
1.0,906.0,456.0,467.0,495.0,456.0,153.0,141.0,162.0,155.0,155.0,157.0,153.0,141.0,162.0,296.0,305.0,305.0,153.0,141.0,162.0,155.0,155.0,157.0
1.0,945.0,458.0,467.0,456.0,458.0,153.0,150.0,155.0,155.0,155.0,157.0,153.0,150.0,155.0,312.0,324.0,309.0,153.0,150.0,155.0,155.0,155.0,157.0
1.0,943.0,423.0,467.0,458.0,423.0,144.0,144.0,135.0,155.0,155.0,157.0,144.0,144.0,135.0,312.0,315.0,316.0,144.0,144.0,135.0,155.0,155.0,157.0
1.0,978.0,457.0,466.0,423.0,454.0,162.0,147.0,145.0,155.0,155.0,156.0,162.0,147.0,148.0,321.0,321.0,336.0,162.0,147.0,145.0,155.0,155.0,156.0
1.0,944.0,472.0,468.0,454.0,478.0,183.0,146.0,149.0,156.0,155.0,157.0,180.0,146.0,146.0,303.0,318.0,323.0,183.0,146.0,149.0,156.0,155.0,157.0
1.0,926.0,478.0,468.0,478.0,478.0,161.0,158.0,159.0,156.0,155.0,157.0,161.0,158.0,159.0,285.0,319.0,322.0,161.0,158.0,159.0,156.0,155.0,157.0
1.0,926.0,532.0,470.0,478.0,538.0,189.0,187.0,162.0,157.0,156.0,157.0,186.0,184.0,162.0,307.0,307.0,312.0,189.0,187.0,162.0,157.0,156.0,157.0
1.0,872.0,458.0,470.0,538.0,458.0,145.0,169.0,144.0,157.0,156.0,157.0,145.0,169.0,144.0,282.0,281.0,309.0,145.0,169.0,144.0,157.0,156.0,157.0
1.0,952.0,532.0,470.0,458.0,532.0,175.0,193.0,164.0,157.0,157.0,156.0,175.0,190.0,167.0,326.0,299.0,327.0,175.0,193.0,164.0,157.0,157.0,156.0
1.0,878.0,522.0,470.0,532.0,522.0,171.0,177.0,174.0,157.0,157.0,156.0,171.0,177.0,174.0,296.0,278.0,304.0,171.0,177.0,174.0,157.0,157.0,156.0
1.0,888.0,511.0,472.0,522.0,517.0,170.0,167.0,180.0,158.0,157.0,157.0,167.0,167.0,177.0,300.0,294.0,294.0,170.0,167.0,180.0,158.0,157.0,157.0
1.0,899.0,515.0,472.0,517.0,515.0,163.0,175.0,177.0,158.0,157.0,157.0,163.0,175.0,177.0,304.0,304.0,291.0,163.0,175.0,177.0,158.0,157.0,157.0
1.0,901.0,487.0,472.0,515.0,487.0,161.0,156.0,170.0,158.0,157.0,157.0,161.0,156.0,170.0,311.0,296.0,294.0,161.0,156.0,170.0,158.0,157.0,157.0
1.0,929.0,441.0,473.0,487.0,444.0,143.0,141.0,160.0,158.0,157.0,158.0,143.0,141.0,157.0,313.0,315.0,301.0,143.0,141.0,160.0,158.0,157.0,158.0
1.0,975.0,535.0,474.0,444.0,538.0,167.0,183.0,188.0,158.0,158.0,158.0,167.0,180.0,188.0,331.0,330.0,314.0,167.0,183.0,188.0,158.0,158.0,158.0
1.0,884.0,460.0,474.0,538.0,460.0,156.0,147.0,157.0,158.0,158.0,158.0,156.0,147.0,157.0,307.0,291.0,286.0,156.0,147.0,157.0,158.0,158.0,158.0
1.0,962.0,450.0,475.0,460.0,453.0,149.0,142.0,162.0,158.0,158.0,159.0,149.0,142.0,159.0,318.0,327.0,317.0,149.0,142.0,162.0,158.0,158.0,159.0
1.0,972.0,443.0,475.0,453.0,443.0,151.0,150.0,142.0,158.0,158.0,159.0,151.0,150.0,142.0,325.0,332.0,315.0,151.0,150.0,142.0,158.0,158.0,159.0
1.0,982.0,495.0,478.0,443.0,504.0,169.0,157.0,178.0,159.0,159.0,160.0,166.0,154.0,175.0,323.0,324.0,335.0,169.0,157.0,178.0,159.0,159.0,160.0
1.0,930.0,472.0,478.0,504.0,472.0,160.0,161.0,151.0,159.0,159.0,160.0,160.0,161.0,151.0,308.0,320.0,302.0,160.0,161.0,151.0,159.0,159.0,160.0
1.0,962.0,487.0,478.0,472.0,487.0,172.0,160.0,155.0,159.0,159.0,160.0,172.0,160.0,155.0,317.0,316.0,329.0,172.0,160.0,155.0,159.0,159.0,160.0
1.0,947.0,519.0,479.0,487.0,522.0,170.0,174.0,178.0,160.0,159.0,160.0,167.0,174.0,178.0,305.0,317.0,325.0,170.0,174.0,178.0,160.0,159.0,160.0
1.0,915.0,538.0,480.0,522.0,541.0,187.0,184.0,170.0,160.0,160.0,160.0,187.0,181.0,170.0,310.0,303.0,302.0,187.0,184.0,170.0,160.0,160.0,160.0
1.0,899.0,553.0,482.0,541.0,559.0,182.0,192.0,185.0,161.0,160.0,161.0,179.0,192.0,182.0,293.0,296.0,310.0,182.0,192.0,185.0,161.0,160.0,161.0
1.0,887.0,531.0,482.0,559.0,531.0,176.0,191.0,164.0,161.0,161.0,160.0,176.0,188.0,167.0,301.0,288.0,298.0,176.0,191.0,164.0,161.0,161.0,160.0
1.0,915.0,474.0,482.0,531.0,474.0,152.0,168.0,154.0,161.0,161.0,160.0,152.0,168.0,154.0,307.0,292.0,316.0,152.0,168.0,154.0,161.0,161.0,160.0
1.0,972.0,534.0,482.0,474.0,534.0,172.0,195.0,167.0,161.0,161.0,160.0,172.0,195.0,167.0,331.0,315.0,326.0,172.0,195.0,167.0,161.0,161.0,160.0
1.0,912.0,512.0,484.0,534.0,518.0,162.0,185.0,171.0,161.0,162.0,161.0,162.0,182.0,168.0,311.0,288.0,313.0,162.0,185.0,171.0,161.0,162.0,161.0
1.0,934.0,479.0,484.0,518.0,479.0,160.0,157.0,162.0,161.0,162.0,161.0,160.0,157.0,162.0,321.0,301.0,312.0,160.0,157.0,162.0,161.0,162.0,161.0
1.0,973.0,458.0,483.0,479.0,455.0,153.0,154.0,148.0,161.0,162.0,160.0,153.0,154.0,151.0,323.0,329.0,321.0,153.0,154.0,148.0,161.0,162.0,160.0
1.0,994.0,483.0,484.0,455.0,486.0,162.0,160.0,164.0,161.0,162.0,161.0,162.0,160.0,161.0,330.0,332.0,332.0,162.0,160.0,164.0,161.0,162.0,161.0
1.0,966.0,476.0,484.0,486.0,476.0,167.0,147.0,162.0,161.0,162.0,161.0,167.0,147.0,162.0,321.0,326.0,319.0,167.0,147.0,162.0,161.0,162.0,161.0
1.0,976.0,510.0,485.0,476.0,513.0,182.0,154.0,177.0,162.0,162.0,161.0,179.0,154.0,177.0,316.0,339.0,321.0,182.0,154.0,177.0,162.0,162.0,161.0
1.0,942.0,494.0,485.0,513.0,494.0,170.0,152.0,172.0,162.0,162.0,161.0,170.0,152.0,172.0,304.0,332.0,306.0,170.0,152.0,172.0,162.0,162.0,161.0
1.0,961.0,550.0,488.0,494.0,559.0,187.0,182.0,190.0,163.0,163.0,162.0,184.0,179.0,187.0,316.0,334.0,311.0,187.0,182.0,190.0,163.0,163.0,162.0
1.0,905.0,546.0,488.0,559.0,546.0,184.0,183.0,179.0,163.0,163.0,162.0,184.0,183.0,179.0,302.0,307.0,296.0,184.0,183.0,179.0,163.0,163.0,162.0
1.0,918.0,502.0,488.0,546.0,502.0,169.0,166.0,167.0,163.0,163.0,162.0,169.0,166.0,167.0,305.0,306.0,307.0,169.0,166.0,167.0,163.0,163.0,162.0
1.0,962.0,501.0,490.0,502.0,507.0,170.0,170.0,167.0,164.0,163.0,163.0,167.0,170.0,164.0,320.0,323.0,319.0,170.0,170.0,167.0,164.0,163.0,163.0
1.0,963.0,490.0,489.0,507.0,487.0,158.0,163.0,166.0,163.0,163.0,163.0,161.0,163.0,166.0,322.0,319.0,322.0,158.0,163.0,166.0,163.0,163.0,163.0
1.0,980.0,484.0,490.0,487.0,487.0,172.0,163.0,152.0,164.0,163.0,163.0,169.0,163.0,152.0,331.0,326.0,323.0,172.0,163.0,152.0,164.0,163.0,163.0
1.0,983.0,514.0,490.0,487.0,514.0,172.0,176.0,166.0,164.0,163.0,163.0,172.0,176.0,166.0,320.0,326.0,337.0,172.0,176.0,166.0,164.0,163.0,163.0
1.0,956.0,469.0,491.0,514.0,472.0,154.0,161.0,157.0,164.0,164.0,163.0,154.0,158.0,157.0,320.0,313.0,323.0,154.0,161.0,157.0,164.0,164.0,163.0
1.0,1001.0,504.0,493.0,472.0,510.0,169.0,169.0,172.0,165.0,164.0,164.0,166.0,169.0,169.0,338.0,331.0,332.0,169.0,169.0,172.0,165.0,164.0,164.0
1.0,969.0,511.0,492.0,510.0,508.0,162.0,175.0,171.0,164.0,164.0,164.0,165.0,175.0,171.0,326.0,323.0,320.0,162.0,175.0,171.0,164.0,164.0,164.0
1.0,968.0,475.0,492.0,508.0,475.0,139.0,167.0,169.0,164.0,164.0,164.0,139.0,167.0,169.0,330.0,317.0,321.0,139.0,167.0,169.0,164.0,164.0,164.0
1.0,1001.0,517.0,493.0,475.0,520.0,167.0,183.0,170.0,164.0,165.0,164.0,167.0,180.0,170.0,353.0,325.0,323.0,167.0,183.0,170.0,164.0,165.0,164.0
1.0,959.0,499.0,494.0,520.0,502.0,179.0,165.0,158.0,165.0,165.0,164.0,176.0,165.0,158.0,325.0,312.0,322.0,179.0,165.0,158.0,165.0,165.0,164.0
1.0,980.0,538.0,494.0,502.0,538.0,192.0,173.0,173.0,165.0,165.0,164.0,192.0,173.0,173.0,316.0,330.0,334.0,192.0,173.0,173.0,165.0,165.0,164.0
1.0,944.0,541.0,497.0,538.0,550.0,183.0,188.0,179.0,166.0,166.0,165.0,180.0,185.0,176.0,303.0,322.0,319.0,183.0,188.0,179.0,166.0,166.0,165.0
1.0,941.0,487.0,496.0,550.0,484.0,169.0,150.0,165.0,166.0,165.0,165.0,169.0,153.0,165.0,315.0,310.0,316.0,169.0,150.0,165.0,166.0,165.0,165.0
1.0,1004.0,550.0,496.0,484.0,550.0,187.0,176.0,187.0,166.0,165.0,165.0,187.0,176.0,187.0,329.0,345.0,330.0,187.0,176.0,187.0,166.0,165.0,165.0
1.0,938.0,476.0,496.0,550.0,476.0,165.0,150.0,161.0,166.0,165.0,165.0,165.0,150.0,161.0,311.0,319.0,308.0,165.0,150.0,161.0,166.0,165.0,165.0
1.0,1012.0,556.0,497.0,476.0,559.0,173.0,188.0,198.0,166.0,166.0,165.0,173.0,185.0,198.0,333.0,345.0,334.0,173.0,188.0,198.0,166.0,166.0,165.0
1.0,932.0,490.0,498.0,559.0,493.0,154.0,161.0,178.0,166.0,166.0,166.0,154.0,161.0,175.0,325.0,310.0,297.0,154.0,161.0,178.0,166.0,166.0,166.0
1.0,1001.0,486.0,501.0,493.0,495.0,150.0,167.0,178.0,167.0,167.0,167.0,147.0,164.0,175.0,344.0,337.0,320.0,150.0,167.0,178.0,167.0,167.0,167.0
1.0,1008.0,521.0,501.0,495.0,521.0,166.0,173.0,182.0,167.0,167.0,167.0,166.0,173.0,182.0,351.0,334.0,323.0,166.0,173.0,182.0,167.0,167.0,167.0
1.0,982.0,482.0,501.0,521.0,482.0,152.0,157.0,173.0,166.0,167.0,168.0,155.0,157.0,170.0,335.0,328.0,319.0,152.0,157.0,173.0,166.0,167.0,168.0
1.0,1021.0,540.0,502.0,482.0,543.0,177.0,184.0,182.0,166.0,168.0,168.0,177.0,181.0,182.0,346.0,344.0,331.0,177.0,184.0,182.0,166.0,168.0,168.0
1.0,963.0,524.0,502.0,543.0,524.0,177.0,174.0,173.0,166.0,168.0,168.0,177.0,174.0,173.0,321.0,320.0,322.0,177.0,174.0,173.0,166.0,168.0,168.0
1.0,982.0,547.0,504.0,524.0,553.0,178.0,188.0,187.0,167.0,168.0,169.0,175.0,188.0,184.0,321.0,330.0,331.0,178.0,188.0,187.0,167.0,168.0,169.0
1.0,959.0,551.0,504.0,553.0,551.0,189.0,186.0,176.0,167.0,168.0,169.0,189.0,186.0,176.0,323.0,316.0,320.0,189.0,186.0,176.0,167.0,168.0,169.0
1.0,961.0,557.0,504.0,551.0,557.0,189.0,190.0,178.0,167.0,168.0,169.0,189.0,190.0,178.0,312.0,318.0,331.0,189.0,190.0,178.0,167.0,168.0,169.0
1.0,955.0,559.0,506.0,557.0,565.0,201.0,190.0,174.0,168.0,169.0,169.0,198.0,187.0,174.0,312.0,314.0,329.0,201.0,190.0,174.0,168.0,169.0,169.0
1.0,953.0,506.0,505.0,565.0,503.0,174.0,166.0,163.0,168.0,168.0,169.0,174.0,169.0,163.0,303.0,317.0,333.0,174.0,166.0,163.0,168.0,168.0,169.0
1.0,1012.0,494.0,506.0,503.0,497.0,168.0,172.0,157.0,168.0,169.0,169.0,168.0,169.0,157.0,330.0,338.0,344.0,168.0,172.0,157.0,168.0,169.0,169.0
1.0,1021.0,510.0,507.0,497.0,513.0,185.0,160.0,168.0,169.0,169.0,169.0,182.0,160.0,168.0,336.0,335.0,350.0,185.0,160.0,168.0,169.0,169.0,169.0
1.0,1008.0,497.0,507.0,513.0,497.0,170.0,165.0,162.0,169.0,169.0,169.0,170.0,165.0,162.0,322.0,347.0,339.0,170.0,165.0,162.0,169.0,169.0,169.0
1.0,1024.0,465.0,506.0,497.0,462.0,151.0,159.0,152.0,169.0,169.0,168.0,151.0,159.0,155.0,337.0,342.0,345.0,151.0,159.0,152.0,169.0,169.0,168.0
1.0,1056.0,459.0,506.0,462.0,459.0,141.0,159.0,159.0,169.0,169.0,168.0,141.0,159.0,159.0,356.0,348.0,352.0,141.0,159.0,159.0,169.0,169.0,168.0
1.0,1059.0,509.0,508.0,459.0,515.0,165.0,179.0,171.0,169.0,170.0,169.0,165.0,176.0,168.0,366.0,348.0,345.0,165.0,179.0,171.0,169.0,170.0,169.0
1.0,1009.0,521.0,508.0,515.0,521.0,172.0,183.0,166.0,169.0,170.0,169.0,172.0,183.0,166.0,342.0,331.0,336.0,172.0,183.0,166.0,169.0,170.0,169.0
1.0,1003.0,514.0,510.0,521.0,520.0,173.0,174.0,173.0,170.0,171.0,169.0,170.0,171.0,173.0,335.0,327.0,341.0,173.0,174.0,173.0,170.0,171.0,169.0
1.0,1010.0,513.0,510.0,520.0,513.0,173.0,178.0,162.0,170.0,171.0,169.0,173.0,178.0,162.0,337.0,339.0,334.0,173.0,178.0,162.0,170.0,171.0,169.0
1.0,1017.0,546.0,510.0,513.0,546.0,179.0,184.0,183.0,170.0,171.0,169.0,179.0,184.0,183.0,337.0,335.0,345.0,179.0,184.0,183.0,170.0,171.0,169.0
1.0,984.0,574.0,511.0,546.0,577.0,186.0,187.0,204.0,170.0,171.0,170.0,186.0,187.0,201.0,331.0,329.0,324.0,186.0,187.0,204.0,170.0,171.0,170.0
1.0,956.0,587.0,511.0,577.0,587.0,195.0,197.0,195.0,170.0,171.0,170.0,195.0,197.0,195.0,324.0,326.0,306.0,195.0,197.0,195.0,170.0,171.0,170.0
1.0,946.0,562.0,512.0,587.0,565.0,190.0,192.0,183.0,170.0,171.0,171.0,190.0,192.0,180.0,315.0,316.0,315.0,190.0,192.0,183.0,170.0,171.0,171.0
1.0,971.0,570.0,514.0,565.0,576.0,192.0,201.0,183.0,171.0,172.0,171.0,189.0,198.0,183.0,320.0,321.0,330.0,192.0,201.0,183.0,171.0,172.0,171.0
1.0,966.0,568.0,515.0,576.0,571.0,200.0,197.0,174.0,172.0,172.0,171.0,197.0,197.0,174.0,321.0,315.0,330.0,200.0,197.0,174.0,172.0,172.0,171.0
1.0,974.0,526.0,515.0,571.0,526.0,172.0,179.0,175.0,172.0,172.0,171.0,172.0,179.0,175.0,316.0,319.0,339.0,172.0,179.0,175.0,172.0,172.0,171.0
1.0,1019.0,546.0,516.0,526.0,549.0,174.0,177.0,198.0,172.0,172.0,172.0,174.0,177.0,195.0,344.0,337.0,338.0,174.0,177.0,198.0,172.0,172.0,172.0
1.0,999.0,495.0,517.0,549.0,498.0,175.0,164.0,159.0,172.0,173.0,172.0,175.0,161.0,159.0,342.0,339.0,318.0,175.0,164.0,159.0,172.0,173.0,172.0
1.0,1053.0,517.0,518.0,498.0,520.0,177.0,166.0,177.0,173.0,173.0,172.0,174.0,166.0,177.0,341.0,355.0,357.0,177.0,166.0,177.0,173.0,173.0,172.0
1.0,1034.0,492.0,519.0,520.0,495.0,160.0,163.0,172.0,173.0,173.0,173.0,160.0,163.0,169.0,342.0,353.0,339.0,160.0,163.0,172.0,173.0,173.0,173.0
1.0,1062.0,499.0,518.0,495.0,496.0,155.0,170.0,171.0,172.0,173.0,173.0,158.0,170.0,171.0,359.0,356.0,347.0,155.0,170.0,171.0,172.0,173.0,173.0
1.0,1058.0,530.0,519.0,496.0,533.0,170.0,186.0,177.0,172.0,174.0,173.0,170.0,183.0,177.0,361.0,349.0,348.0,170.0,186.0,177.0,172.0,174.0,173.0
1.0,1024.0,524.0,518.0,533.0,521.0,174.0,173.0,174.0,172.0,174.0,172.0,174.0,173.0,177.0,346.0,336.0,342.0,174.0,173.0,174.0,172.0,174.0,172.0
1.0,1033.0,564.0,519.0,521.0,567.0,194.0,178.0,195.0,172.0,174.0,173.0,194.0,178.0,192.0,342.0,349.0,342.0,194.0,178.0,195.0,172.0,174.0,173.0
1.0,990.0,579.0,520.0,567.0,582.0,198.0,191.0,193.0,173.0,174.0,173.0,195.0,191.0,193.0,322.0,344.0,324.0,198.0,191.0,193.0,173.0,174.0,173.0
1.0,978.0,593.0,522.0,582.0,599.0,210.0,204.0,185.0,173.0,175.0,174.0,210.0,201.0,182.0,321.0,331.0,326.0,210.0,204.0,185.0,173.0,175.0,174.0
1.0,967.0,553.0,523.0,599.0,556.0,194.0,181.0,181.0,174.0,175.0,174.0,191.0,181.0,181.0,309.0,321.0,337.0,194.0,181.0,181.0,174.0,175.0,174.0
1.0,1013.0,519.0,523.0,556.0,519.0,171.0,172.0,176.0,174.0,175.0,174.0,171.0,172.0,176.0,328.0,344.0,341.0,171.0,172.0,176.0,174.0,175.0,174.0
1.0,1050.0,524.0,523.0,519.0,524.0,175.0,174.0,175.0,174.0,175.0,174.0,175.0,174.0,175.0,351.0,353.0,346.0,175.0,174.0,175.0,174.0,175.0,174.0
1.0,1045.0,495.0,524.0,524.0,498.0,161.0,162.0,175.0,174.0,175.0,175.0,161.0,162.0,172.0,347.0,351.0,347.0,161.0,162.0,175.0,174.0,175.0,175.0
1.0,1074.0,545.0,525.0,498.0,548.0,182.0,180.0,186.0,175.0,175.0,175.0,179.0,180.0,186.0,361.0,363.0,350.0,182.0,180.0,186.0,175.0,175.0,175.0
1.0,1027.0,482.0,524.0,548.0,479.0,147.0,167.0,165.0,174.0,175.0,175.0,150.0,167.0,165.0,343.0,345.0,339.0,147.0,167.0,165.0,174.0,175.0,175.0
1.0,1093.0,498.0,525.0,479.0,501.0,157.0,165.0,179.0,175.0,175.0,175.0,154.0,165.0,179.0,375.0,358.0,360.0,157.0,165.0,179.0,175.0,175.0,175.0
1.0,1074.0,557.0,526.0,501.0,560.0,178.0,189.0,193.0,175.0,175.0,176.0,178.0,189.0,190.0,368.0,360.0,346.0,178.0,189.0,193.0,175.0,175.0,176.0
1.0,1018.0,533.0,526.0,560.0,533.0,160.0,179.0,194.0,174.0,176.0,176.0,163.0,176.0,194.0,347.0,336.0,335.0,160.0,179.0,194.0,174.0,176.0,176.0
1.0,1045.0,579.0,526.0,533.0,579.0,185.0,206.0,188.0,174.0,176.0,176.0,185.0,206.0,188.0,362.0,349.0,334.0,185.0,206.0,188.0,174.0,176.0,176.0
1.0,999.0,615.0,529.0,579.0,624.0,214.0,201.0,209.0,175.0,177.0,177.0,211.0,198.0,206.0,337.0,322.0,340.0,214.0,201.0,209.0,175.0,177.0,177.0
1.0,963.0,502.0,529.0,624.0,502.0,169.0,157.0,176.0,175.0,177.0,177.0,169.0,157.0,176.0,311.0,330.0,322.0,169.0,157.0,176.0,175.0,177.0,177.0
1.0,1085.0,564.0,529.0,502.0,564.0,193.0,193.0,178.0,175.0,177.0,177.0,193.0,193.0,178.0,356.0,374.0,355.0,193.0,193.0,178.0,175.0,177.0,177.0
1.0,1023.0,540.0,530.0,564.0,543.0,201.0,173.0,169.0,176.0,177.0,177.0,198.0,173.0,169.0,332.0,338.0,353.0,201.0,173.0,169.0,176.0,177.0,177.0
1.0,1047.0,565.0,530.0,543.0,565.0,187.0,178.0,200.0,176.0,177.0,177.0,187.0,178.0,200.0,327.0,358.0,362.0,187.0,178.0,200.0,176.0,177.0,177.0
1.0,1025.0,531.0,532.0,565.0,537.0,187.0,180.0,170.0,177.0,178.0,177.0,184.0,177.0,170.0,341.0,353.0,331.0,187.0,180.0,170.0,177.0,178.0,177.0
1.0,1059.0,547.0,532.0,537.0,547.0,187.0,181.0,179.0,177.0,178.0,177.0,187.0,181.0,179.0,344.0,354.0,361.0,187.0,181.0,179.0,177.0,178.0,177.0
1.0,1049.0,560.0,533.0,547.0,563.0,188.0,196.0,179.0,178.0,178.0,177.0,185.0,196.0,179.0,344.0,353.0,352.0,188.0,196.0,179.0,178.0,178.0,177.0
1.0,1036.0,545.0,535.0,563.0,551.0,176.0,185.0,190.0,178.0,179.0,178.0,176.0,182.0,187.0,346.0,338.0,352.0,176.0,185.0,190.0,178.0,179.0,178.0
1.0,1054.0,559.0,535.0,551.0,559.0,189.0,183.0,187.0,178.0,179.0,178.0,189.0,183.0,187.0,358.0,352.0,344.0,189.0,183.0,187.0,178.0,179.0,178.0
1.0,1046.0,537.0,535.0,559.0,537.0,171.0,181.0,185.0,178.0,179.0,178.0,171.0,181.0,185.0,345.0,354.0,347.0,171.0,181.0,185.0,178.0,179.0,178.0
1.0,1068.0,544.0,535.0,537.0,544.0,172.0,186.0,186.0,178.0,179.0,178.0,172.0,186.0,186.0,363.0,356.0,349.0,172.0,186.0,186.0,178.0,179.0,178.0
1.0,1061.0,602.0,535.0,544.0,602.0,188.0,210.0,204.0,178.0,179.0,178.0,188.0,210.0,204.0,362.0,351.0,348.0,188.0,210.0,204.0,178.0,179.0,178.0
1.0,1003.0,579.0,537.0,602.0,585.0,191.0,199.0,195.0,178.0,180.0,179.0,191.0,196.0,192.0,346.0,327.0,330.0,191.0,199.0,195.0,178.0,180.0,179.0
1.0,1026.0,555.0,537.0,585.0,555.0,176.0,186.0,193.0,178.0,180.0,179.0,176.0,186.0,193.0,343.0,341.0,342.0,176.0,186.0,193.0,178.0,180.0,179.0
1.0,1056.0,544.0,537.0,555.0,544.0,183.0,179.0,182.0,178.0,180.0,179.0,183.0,179.0,182.0,358.0,354.0,344.0,183.0,179.0,182.0,178.0,180.0,179.0
1.0,1067.0,553.0,538.0,544.0,556.0,190.0,166.0,200.0,178.0,180.0,180.0,190.0,166.0,197.0,351.0,361.0,355.0,190.0,166.0,200.0,178.0,180.0,180.0
1.0,1058.0,558.0,538.0,556.0,558.0,187.0,192.0,179.0,178.0,180.0,180.0,187.0,192.0,179.0,344.0,374.0,340.0,187.0,192.0,179.0,178.0,180.0,180.0
1.0,1056.0,545.0,541.0,558.0,554.0,181.0,184.0,189.0,179.0,181.0,181.0,178.0,181.0,186.0,347.0,348.0,361.0,181.0,184.0,189.0,179.0,181.0,181.0
1.0,1069.0,541.0,542.0,554.0,544.0,188.0,167.0,189.0,179.0,181.0,182.0,188.0,167.0,186.0,356.0,359.0,354.0,188.0,167.0,189.0,179.0,181.0,182.0
1.0,1082.0,528.0,543.0,544.0,531.0,198.0,171.0,162.0,180.0,181.0,182.0,195.0,171.0,162.0,349.0,376.0,357.0,198.0,171.0,162.0,180.0,181.0,182.0
1.0,1098.0,585.0,544.0,531.0,588.0,204.0,193.0,191.0,181.0,181.0,182.0,201.0,193.0,191.0,342.0,372.0,384.0,204.0,193.0,191.0,181.0,181.0,182.0
1.0,1044.0,542.0,544.0,588.0,542.0,191.0,180.0,171.0,181.0,181.0,182.0,191.0,180.0,171.0,339.0,350.0,355.0,191.0,180.0,171.0,181.0,181.0,182.0
1.0,1090.0,540.0,546.0,542.0,546.0,180.0,194.0,172.0,182.0,182.0,182.0,177.0,191.0,172.0,352.0,363.0,375.0,180.0,194.0,172.0,182.0,182.0,182.0
1.0,1092.0,576.0,547.0,546.0,579.0,188.0,195.0,196.0,182.0,182.0,183.0,188.0,195.0,193.0,366.0,352.0,374.0,188.0,195.0,196.0,182.0,182.0,183.0
1.0,1062.0,584.0,547.0,579.0,584.0,175.0,205.0,204.0,182.0,182.0,183.0,175.0,205.0,204.0,358.0,351.0,353.0,175.0,205.0,204.0,182.0,182.0,183.0
1.0,1057.0,580.0,548.0,584.0,583.0,190.0,202.0,191.0,182.0,183.0,183.0,190.0,199.0,191.0,371.0,341.0,345.0,190.0,202.0,191.0,182.0,183.0,183.0
1.0,1061.0,638.0,548.0,583.0,638.0,208.0,225.0,205.0,182.0,183.0,183.0,208.0,225.0,205.0,356.0,347.0,358.0,208.0,225.0,205.0,182.0,183.0,183.0
1.0,1006.0,616.0,549.0,638.0,619.0,200.0,210.0,209.0,182.0,183.0,184.0,200.0,210.0,206.0,338.0,324.0,344.0,200.0,210.0,209.0,182.0,183.0,184.0
1.0,1028.0,571.0,549.0,619.0,571.0,192.0,193.0,186.0,182.0,183.0,184.0,192.0,193.0,186.0,346.0,339.0,343.0,192.0,193.0,186.0,182.0,183.0,184.0
1.0,1076.0,531.0,549.0,571.0,531.0,164.0,174.0,193.0,182.0,183.0,184.0,164.0,174.0,193.0,354.0,356.0,366.0,164.0,174.0,193.0,182.0,183.0,184.0
1.0,1116.0,543.0,549.0,531.0,543.0,180.0,174.0,189.0,182.0,183.0,184.0,180.0,174.0,189.0,382.0,375.0,359.0,180.0,174.0,189.0,182.0,183.0,184.0
1.0,1104.0,525.0,549.0,543.0,525.0,164.0,169.0,192.0,182.0,183.0,184.0,164.0,169.0,192.0,366.0,375.0,363.0,164.0,169.0,192.0,182.0,183.0,184.0
1.0,1122.0,474.0,548.0,525.0,471.0,155.0,155.0,161.0,181.0,183.0,184.0,158.0,155.0,161.0,382.0,380.0,360.0,155.0,155.0,161.0,181.0,183.0,184.0
1.0,1173.0,558.0,549.0,471.0,561.0,197.0,178.0,186.0,182.0,183.0,184.0,194.0,178.0,186.0,388.0,394.0,391.0,197.0,178.0,186.0,182.0,183.0,184.0
1.0,1086.0,547.0,550.0,561.0,550.0,186.0,174.0,190.0,182.0,183.0,185.0,186.0,174.0,187.0,349.0,371.0,366.0,186.0,174.0,190.0,182.0,183.0,185.0
1.0,1100.0,529.0,551.0,550.0,532.0,183.0,169.0,180.0,183.0,183.0,185.0,180.0,169.0,180.0,360.0,375.0,365.0,183.0,169.0,180.0,183.0,183.0,185.0
1.0,1121.0,574.0,551.0,532.0,574.0,202.0,190.0,182.0,183.0,183.0,185.0,202.0,190.0,182.0,366.0,380.0,375.0,202.0,190.0,182.0,183.0,183.0,185.0
1.0,1079.0,550.0,552.0,574.0,553.0,195.0,184.0,174.0,184.0,183.0,185.0,192.0,184.0,174.0,347.0,359.0,373.0,195.0,184.0,174.0,184.0,183.0,185.0
1.0,1103.0,638.0,553.0,553.0,641.0,223.0,214.0,204.0,184.0,184.0,185.0,223.0,211.0,204.0,357.0,365.0,381.0,223.0,214.0,204.0,184.0,184.0,185.0
1.0,1018.0,571.0,553.0,641.0,571.0,188.0,202.0,181.0,184.0,184.0,185.0,188.0,202.0,181.0,329.0,338.0,351.0,188.0,202.0,181.0,184.0,184.0,185.0
1.0,1088.0,528.0,552.0,571.0,525.0,166.0,192.0,167.0,183.0,184.0,185.0,169.0,192.0,167.0,364.0,350.0,374.0,166.0,192.0,167.0,183.0,184.0,185.0
1.0,1131.0,562.0,552.0,525.0,562.0,179.0,205.0,178.0,183.0,184.0,185.0,179.0,205.0,178.0,383.0,360.0,388.0,179.0,205.0,178.0,183.0,184.0,185.0
1.0,1094.0,571.0,553.0,562.0,574.0,185.0,207.0,182.0,183.0,185.0,185.0,185.0,204.0,182.0,370.0,347.0,377.0,185.0,207.0,182.0,183.0,185.0,185.0
1.0,1085.0,559.0,553.0,574.0,559.0,183.0,187.0,189.0,183.0,185.0,185.0,183.0,187.0,189.0,364.0,348.0,373.0,183.0,187.0,189.0,183.0,185.0,185.0
1.0,1100.0,456.0,553.0,559.0,456.0,155.0,154.0,147.0,183.0,185.0,185.0,155.0,154.0,147.0,366.0,368.0,366.0,155.0,154.0,147.0,183.0,185.0,185.0
1.0,1203.0,584.0,554.0,456.0,587.0,199.0,192.0,196.0,184.0,185.0,185.0,196.0,192.0,196.0,394.0,401.0,408.0,199.0,192.0,196.0,184.0,185.0,185.0
1.0,1075.0,557.0,555.0,587.0,560.0,186.0,193.0,181.0,184.0,186.0,185.0,186.0,190.0,181.0,353.0,363.0,359.0,186.0,193.0,181.0,184.0,186.0,185.0
1.0,1105.0,548.0,556.0,560.0,551.0,194.0,173.0,184.0,185.0,186.0,185.0,191.0,173.0,184.0,366.0,365.0,374.0,194.0,173.0,184.0,185.0,186.0,185.0
1.0,1117.0,559.0,556.0,551.0,559.0,191.0,177.0,191.0,185.0,186.0,185.0,191.0,177.0,191.0,361.0,385.0,371.0,191.0,177.0,191.0,185.0,186.0,185.0
1.0,1109.0,577.0,557.0,559.0,580.0,206.0,187.0,187.0,186.0,186.0,185.0,203.0,187.0,187.0,364.0,381.0,364.0,206.0,187.0,187.0,186.0,186.0,185.0
1.0,1091.0,606.0,557.0,580.0,606.0,203.0,194.0,209.0,186.0,186.0,185.0,203.0,194.0,209.0,352.0,371.0,368.0,203.0,194.0,209.0,186.0,186.0,185.0
1.0,1065.0,574.0,556.0,606.0,571.0,193.0,179.0,199.0,186.0,185.0,185.0,193.0,182.0,199.0,355.0,364.0,346.0,193.0,179.0,199.0,186.0,185.0,185.0
1.0,1097.0,576.0,558.0,571.0,582.0,183.0,195.0,204.0,186.0,186.0,186.0,183.0,192.0,201.0,365.0,376.0,356.0,183.0,195.0,204.0,186.0,186.0,186.0
1.0,1092.0,607.0,558.0,582.0,607.0,199.0,196.0,212.0,186.0,186.0,186.0,199.0,196.0,212.0,375.0,363.0,354.0,199.0,196.0,212.0,186.0,186.0,186.0
1.0,1067.0,565.0,559.0,607.0,568.0,187.0,183.0,198.0,186.0,186.0,187.0,187.0,183.0,195.0,359.0,362.0,346.0,187.0,183.0,198.0,186.0,186.0,187.0
1.0,1109.0,559.0,559.0,568.0,559.0,186.0,184.0,189.0,186.0,186.0,187.0,186.0,184.0,189.0,371.0,375.0,363.0,186.0,184.0,189.0,186.0,186.0,187.0
1.0,1118.0,573.0,560.0,559.0,576.0,184.0,198.0,194.0,186.0,187.0,187.0,184.0,195.0,194.0,372.0,374.0,372.0,184.0,198.0,194.0,186.0,187.0,187.0
1.0,1104.0,563.0,560.0,576.0,563.0,195.0,195.0,173.0,186.0,187.0,187.0,195.0,195.0,173.0,374.0,363.0,367.0,195.0,195.0,173.0,186.0,187.0,187.0
1.0,1117.0,536.0,560.0,563.0,536.0,186.0,178.0,172.0,186.0,187.0,187.0,186.0,178.0,172.0,363.0,366.0,388.0,186.0,178.0,172.0,186.0,187.0,187.0
1.0,1144.0,545.0,560.0,536.0,545.0,181.0,194.0,170.0,186.0,187.0,187.0,181.0,194.0,170.0,372.0,383.0,389.0,181.0,194.0,170.0,186.0,187.0,187.0
1.0,1135.0,539.0,560.0,545.0,539.0,197.0,181.0,161.0,187.0,187.0,186.0,194.0,181.0,164.0,377.0,367.0,391.0,197.0,181.0,161.0,187.0,187.0,186.0
1.0,1141.0,617.0,561.0,539.0,620.0,210.0,216.0,194.0,187.0,188.0,186.0,210.0,213.0,194.0,364.0,380.0,397.0,210.0,216.0,194.0,187.0,188.0,186.0
1.0,1063.0,606.0,563.0,620.0,612.0,213.0,198.0,201.0,188.0,188.0,187.0,210.0,198.0,198.0,351.0,348.0,364.0,213.0,198.0,201.0,188.0,188.0,187.0
1.0,1077.0,592.0,562.0,612.0,589.0,198.0,200.0,191.0,188.0,188.0,186.0,198.0,200.0,194.0,351.0,366.0,360.0,198.0,200.0,191.0,188.0,188.0,186.0
1.0,1097.0,608.0,563.0,589.0,611.0,204.0,204.0,203.0,188.0,188.0,187.0,204.0,204.0,200.0,366.0,364.0,367.0,204.0,204.0,203.0,188.0,188.0,187.0
1.0,1078.0,623.0,564.0,611.0,626.0,216.0,196.0,214.0,189.0,188.0,187.0,213.0,196.0,214.0,360.0,360.0,358.0,216.0,196.0,214.0,189.0,188.0,187.0
1.0,1066.0,624.0,566.0,626.0,630.0,216.0,197.0,217.0,190.0,188.0,188.0,213.0,197.0,214.0,351.0,368.0,347.0,216.0,197.0,217.0,190.0,188.0,188.0
1.0,1068.0,587.0,567.0,630.0,590.0,196.0,193.0,201.0,190.0,189.0,188.0,196.0,190.0,201.0,354.0,367.0,347.0,196.0,193.0,201.0,190.0,189.0,188.0
1.0,1111.0,624.0,567.0,590.0,624.0,199.0,205.0,220.0,190.0,189.0,188.0,199.0,205.0,220.0,374.0,374.0,363.0,199.0,205.0,220.0,190.0,189.0,188.0
1.0,1077.0,563.0,568.0,624.0,566.0,178.0,183.0,205.0,190.0,189.0,189.0,178.0,183.0,202.0,371.0,362.0,344.0,178.0,183.0,205.0,190.0,189.0,189.0
1.0,1138.0,555.0,568.0,566.0,555.0,180.0,178.0,197.0,190.0,189.0,189.0,180.0,178.0,197.0,392.0,384.0,362.0,180.0,178.0,197.0,190.0,189.0,189.0
1.0,1149.0,508.0,567.0,555.0,505.0,166.0,164.0,175.0,189.0,189.0,189.0,169.0,164.0,175.0,390.0,389.0,370.0,166.0,164.0,175.0,189.0,189.0,189.0
1.0,1196.0,549.0,567.0,505.0,549.0,180.0,183.0,186.0,189.0,189.0,189.0,180.0,183.0,186.0,401.0,403.0,392.0,180.0,183.0,186.0,189.0,189.0,189.0
1.0,1152.0,566.0,568.0,549.0,569.0,186.0,185.0,198.0,189.0,189.0,190.0,186.0,185.0,195.0,387.0,384.0,381.0,186.0,185.0,198.0,189.0,189.0,190.0
1.0,1135.0,598.0,568.0,569.0,598.0,197.0,194.0,207.0,189.0,189.0,190.0,197.0,194.0,207.0,381.0,382.0,372.0,197.0,194.0,207.0,189.0,189.0,190.0
1.0,1106.0,615.0,569.0,598.0,618.0,208.0,203.0,207.0,190.0,189.0,190.0,205.0,203.0,207.0,370.0,373.0,363.0,208.0,203.0,207.0,190.0,189.0,190.0
1.0,1089.0,592.0,569.0,618.0,592.0,195.0,203.0,194.0,190.0,189.0,190.0,195.0,203.0,194.0,362.0,364.0,363.0,195.0,203.0,194.0,190.0,189.0,190.0
1.0,1115.0,597.0,569.0,592.0,597.0,206.0,200.0,191.0,190.0,189.0,190.0,206.0,200.0,191.0,375.0,364.0,376.0,206.0,200.0,191.0,190.0,189.0,190.0
1.0,1110.0,638.0,570.0,597.0,641.0,219.0,216.0,206.0,191.0,189.0,190.0,216.0,216.0,206.0,364.0,367.0,379.0,219.0,216.0,206.0,191.0,189.0,190.0
1.0,1069.0,593.0,570.0,641.0,593.0,201.0,204.0,188.0,191.0,189.0,190.0,201.0,204.0,188.0,354.0,351.0,364.0,201.0,204.0,188.0,191.0,189.0,190.0
1.0,1117.0,573.0,570.0,593.0,573.0,196.0,192.0,185.0,191.0,189.0,190.0,196.0,192.0,185.0,372.0,363.0,382.0,196.0,192.0,185.0,191.0,189.0,190.0
1.0,1137.0,567.0,570.0,573.0,567.0,186.0,198.0,183.0,191.0,189.0,190.0,186.0,198.0,183.0,377.0,375.0,385.0,186.0,198.0,183.0,191.0,189.0,190.0
1.0,1143.0,568.0,571.0,567.0,571.0,184.0,194.0,193.0,191.0,190.0,190.0,184.0,191.0,193.0,387.0,369.0,387.0,184.0,194.0,193.0,191.0,190.0,190.0
1.0,1142.0,556.0,572.0,571.0,559.0,188.0,186.0,185.0,192.0,190.0,190.0,185.0,186.0,185.0,389.0,376.0,377.0,188.0,186.0,185.0,192.0,190.0,190.0
1.0,1157.0,571.0,573.0,559.0,574.0,195.0,185.0,194.0,192.0,191.0,190.0,195.0,182.0,194.0,388.0,384.0,385.0,195.0,185.0,194.0,192.0,191.0,190.0
1.0,1145.0,569.0,574.0,574.0,572.0,196.0,177.0,199.0,192.0,191.0,191.0,196.0,177.0,196.0,381.0,388.0,376.0,196.0,177.0,199.0,192.0,191.0,191.0
1.0,1150.0,556.0,573.0,572.0,553.0,198.0,165.0,190.0,192.0,190.0,191.0,198.0,168.0,190.0,380.0,396.0,374.0,198.0,165.0,190.0,192.0,190.0,191.0
1.0,1166.0,624.0,575.0,553.0,630.0,207.0,204.0,219.0,193.0,191.0,191.0,204.0,201.0,219.0,378.0,405.0,383.0,207.0,204.0,219.0,193.0,191.0,191.0
1.0,1095.0,586.0,576.0,630.0,589.0,198.0,189.0,202.0,193.0,191.0,192.0,198.0,189.0,199.0,372.0,369.0,354.0,198.0,189.0,202.0,193.0,191.0,192.0
1.0,1139.0,594.0,576.0,589.0,594.0,192.0,199.0,203.0,193.0,191.0,192.0,192.0,199.0,203.0,381.0,384.0,374.0,192.0,199.0,203.0,193.0,191.0,192.0
1.0,1134.0,601.0,575.0,594.0,598.0,196.0,208.0,194.0,192.0,191.0,192.0,199.0,208.0,194.0,387.0,374.0,373.0,196.0,208.0,194.0,192.0,191.0,192.0
1.0,1127.0,688.0,578.0,598.0,697.0,240.0,225.0,232.0,193.0,192.0,193.0,237.0,222.0,229.0,380.0,365.0,382.0,240.0,225.0,232.0,193.0,192.0,193.0
1.0,1037.0,611.0,580.0,697.0,617.0,201.0,202.0,214.0,194.0,192.0,194.0,198.0,202.0,211.0,339.0,351.0,347.0,201.0,202.0,214.0,194.0,192.0,194.0
1.0,1123.0,648.0,581.0,617.0,651.0,218.0,219.0,214.0,195.0,192.0,194.0,215.0,219.0,214.0,381.0,374.0,368.0,218.0,219.0,214.0,195.0,192.0,194.0
1.0,1092.0,582.0,582.0,651.0,585.0,188.0,203.0,194.0,195.0,192.0,195.0,188.0,203.0,191.0,367.0,357.0,368.0,188.0,203.0,194.0,195.0,192.0,195.0
1.0,1161.0,577.0,582.0,585.0,577.0,190.0,191.0,196.0,195.0,192.0,195.0,190.0,191.0,196.0,397.0,373.0,391.0,190.0,191.0,196.0,195.0,192.0,195.0
1.0,1169.0,533.0,583.0,577.0,536.0,174.0,171.0,191.0,195.0,192.0,196.0,174.0,171.0,188.0,395.0,385.0,389.0,174.0,171.0,191.0,195.0,192.0,196.0
1.0,1213.0,568.0,582.0,536.0,565.0,193.0,190.0,182.0,195.0,192.0,195.0,193.0,190.0,185.0,411.0,405.0,397.0,193.0,190.0,182.0,195.0,192.0,195.0
1.0,1181.0,556.0,583.0,565.0,559.0,177.0,200.0,182.0,195.0,193.0,195.0,177.0,197.0,182.0,392.0,386.0,403.0,177.0,200.0,182.0,195.0,193.0,195.0
1.0,1190.0,609.0,584.0,559.0,612.0,199.0,208.0,205.0,195.0,193.0,196.0,199.0,208.0,202.0,408.0,379.0,403.0,199.0,208.0,205.0,195.0,193.0,196.0
1.0,1140.0,556.0,584.0,612.0,556.0,186.0,188.0,182.0,195.0,193.0,196.0,186.0,188.0,182.0,386.0,371.0,383.0,186.0,188.0,182.0,195.0,193.0,196.0
1.0,1196.0,560.0,584.0,556.0,560.0,183.0,186.0,191.0,195.0,193.0,196.0,183.0,186.0,191.0,399.0,391.0,406.0,183.0,186.0,191.0,195.0,193.0,196.0
1.0,1192.0,638.0,584.0,560.0,638.0,232.0,194.0,212.0,195.0,193.0,196.0,232.0,194.0,212.0,402.0,393.0,397.0,232.0,194.0,212.0,195.0,193.0,196.0
1.0,1114.0,635.0,586.0,638.0,641.0,213.0,223.0,205.0,196.0,194.0,196.0,210.0,220.0,205.0,353.0,385.0,376.0,213.0,223.0,205.0,196.0,194.0,196.0
1.0,1117.0,618.0,586.0,641.0,618.0,211.0,199.0,208.0,196.0,194.0,196.0,211.0,199.0,208.0,375.0,359.0,383.0,211.0,199.0,208.0,196.0,194.0,196.0
1.0,1140.0,631.0,586.0,618.0,631.0,207.0,204.0,220.0,196.0,194.0,196.0,207.0,204.0,220.0,377.0,383.0,380.0,207.0,204.0,220.0,196.0,194.0,196.0
1.0,1127.0,614.0,587.0,631.0,617.0,201.0,211.0,205.0,196.0,195.0,196.0,201.0,208.0,205.0,381.0,378.0,368.0,201.0,211.0,205.0,196.0,195.0,196.0
1.0,1144.0,601.0,588.0,617.0,604.0,203.0,206.0,195.0,197.0,195.0,196.0,200.0,206.0,195.0,387.0,374.0,383.0,203.0,206.0,195.0,197.0,195.0,196.0
1.0,1160.0,605.0,590.0,604.0,611.0,192.0,207.0,212.0,197.0,196.0,197.0,192.0,204.0,209.0,388.0,379.0,393.0,192.0,207.0,212.0,197.0,196.0,197.0
1.0,1159.0,628.0,591.0,611.0,631.0,199.0,204.0,228.0,197.0,196.0,198.0,199.0,204.0,225.0,399.0,381.0,379.0,199.0,204.0,228.0,197.0,196.0,198.0
1.0,1142.0,633.0,591.0,631.0,633.0,205.0,217.0,211.0,197.0,196.0,198.0,205.0,217.0,211.0,392.0,384.0,366.0,205.0,217.0,211.0,197.0,196.0,198.0
1.0,1140.0,530.0,592.0,633.0,533.0,169.0,175.0,189.0,197.0,196.0,199.0,169.0,175.0,186.0,386.0,371.0,383.0,169.0,175.0,189.0,197.0,196.0,199.0
1.0,1243.0,585.0,593.0,533.0,588.0,180.0,207.0,201.0,197.0,197.0,199.0,180.0,204.0,201.0,422.0,413.0,408.0,180.0,207.0,201.0,197.0,197.0,199.0
1.0,1191.0,628.0,593.0,588.0,628.0,207.0,207.0,214.0,197.0,196.0,200.0,207.0,210.0,211.0,411.0,384.0,396.0,207.0,207.0,214.0,197.0,196.0,200.0
1.0,1151.0,627.0,594.0,628.0,630.0,209.0,224.0,197.0,197.0,197.0,200.0,209.0,221.0,197.0,384.0,381.0,386.0,209.0,224.0,197.0,197.0,197.0,200.0
1.0,1152.0,649.0,594.0,630.0,649.0,214.0,224.0,211.0,197.0,197.0,200.0,214.0,224.0,211.0,382.0,367.0,403.0,214.0,224.0,211.0,197.0,197.0,200.0
1.0,1133.0,634.0,595.0,649.0,637.0,216.0,217.0,204.0,197.0,198.0,200.0,216.0,214.0,204.0,377.0,367.0,389.0,216.0,217.0,204.0,197.0,198.0,200.0
1.0,1148.0,621.0,595.0,637.0,621.0,212.0,208.0,201.0,197.0,198.0,200.0,212.0,208.0,201.0,375.0,377.0,396.0,212.0,208.0,201.0,197.0,198.0,200.0
1.0,1164.0,573.0,594.0,621.0,570.0,203.0,191.0,176.0,197.0,198.0,199.0,203.0,191.0,179.0,379.0,386.0,399.0,203.0,191.0,176.0,197.0,198.0,199.0
1.0,1212.0,542.0,593.0,570.0,539.0,189.0,170.0,180.0,197.0,197.0,199.0,189.0,173.0,180.0,388.0,403.0,421.0,189.0,170.0,180.0,197.0,197.0,199.0
1.0,1240.0,614.0,593.0,539.0,614.0,210.0,200.0,204.0,197.0,197.0,199.0,210.0,200.0,204.0,402.0,421.0,417.0,210.0,200.0,204.0,197.0,197.0,199.0
1.0,1165.0,578.0,593.0,614.0,578.0,193.0,202.0,183.0,197.0,198.0,198.0,193.0,199.0,186.0,381.0,391.0,393.0,193.0,202.0,183.0,197.0,198.0,198.0
1.0,1201.0,583.0,594.0,578.0,586.0,201.0,191.0,194.0,198.0,198.0,198.0,198.0,191.0,194.0,398.0,392.0,411.0,201.0,191.0,194.0,198.0,198.0,198.0
1.0,1196.0,614.0,596.0,586.0,620.0,198.0,210.0,212.0,198.0,199.0,199.0,198.0,207.0,209.0,393.0,403.0,400.0,198.0,210.0,212.0,198.0,199.0,199.0
1.0,1168.0,600.0,597.0,620.0,603.0,213.0,200.0,190.0,199.0,199.0,199.0,210.0,200.0,190.0,396.0,387.0,385.0,213.0,200.0,190.0,199.0,199.0,199.0
1.0,1188.0,601.0,597.0,603.0,601.0,196.0,203.0,202.0,199.0,199.0,199.0,196.0,203.0,202.0,384.0,397.0,407.0,196.0,203.0,202.0,199.0,199.0,199.0
1.0,1190.0,608.0,597.0,601.0,608.0,200.0,190.0,218.0,199.0,199.0,199.0,200.0,190.0,218.0,401.0,394.0,395.0,200.0,190.0,218.0,199.0,199.0,199.0
1.0,1183.0,663.0,598.0,608.0,666.0,215.0,233.0,218.0,199.0,200.0,199.0,215.0,230.0,218.0,397.0,407.0,379.0,215.0,233.0,218.0,199.0,200.0,199.0
1.0,1128.0,628.0,600.0,666.0,634.0,211.0,213.0,210.0,200.0,200.0,200.0,208.0,213.0,207.0,382.0,367.0,379.0,211.0,213.0,210.0,200.0,200.0,200.0
1.0,1166.0,657.0,600.0,634.0,657.0,218.0,216.0,223.0,200.0,200.0,200.0,218.0,216.0,223.0,389.0,387.0,390.0,218.0,216.0,223.0,200.0,200.0,200.0
1.0,1143.0,674.0,601.0,657.0,677.0,223.0,225.0,229.0,200.0,200.0,201.0,223.0,225.0,226.0,382.0,384.0,377.0,223.0,225.0,229.0,200.0,200.0,201.0
1.0,1126.0,695.0,604.0,677.0,704.0,243.0,228.0,233.0,201.0,201.0,202.0,240.0,225.0,230.0,377.0,375.0,374.0,243.0,228.0,233.0,201.0,201.0,202.0
1.0,1108.0,591.0,604.0,704.0,591.0,199.0,198.0,194.0,201.0,201.0,202.0,199.0,198.0,194.0,360.0,375.0,373.0,199.0,198.0,194.0,201.0,201.0,202.0
1.0,1221.0,651.0,604.0,591.0,651.0,215.0,218.0,218.0,201.0,201.0,202.0,215.0,218.0,218.0,404.0,405.0,412.0,215.0,218.0,218.0,201.0,201.0,202.0
1.0,1161.0,601.0,606.0,651.0,607.0,210.0,207.0,190.0,202.0,202.0,202.0,207.0,204.0,190.0,388.0,385.0,388.0,210.0,207.0,190.0,202.0,202.0,202.0
1.0,1211.0,601.0,607.0,607.0,604.0,205.0,191.0,208.0,202.0,202.0,203.0,205.0,191.0,205.0,396.0,399.0,416.0,205.0,191.0,208.0,202.0,202.0,203.0
1.0,1217.0,575.0,607.0,604.0,575.0,196.0,189.0,190.0,202.0,202.0,203.0,196.0,189.0,190.0,401.0,415.0,401.0,196.0,189.0,190.0,202.0,202.0,203.0
1.0,1246.0,574.0,606.0,575.0,571.0,202.0,191.0,178.0,202.0,202.0,202.0,202.0,191.0,181.0,410.0,417.0,419.0,202.0,191.0,178.0,202.0,202.0,202.0
1.0,1247.0,607.0,608.0,571.0,613.0,205.0,200.0,208.0,202.0,203.0,203.0,205.0,197.0,205.0,404.0,415.0,428.0,205.0,200.0,208.0,202.0,203.0,203.0
1.0,1211.0,614.0,607.0,613.0,611.0,198.0,213.0,200.0,202.0,203.0,202.0,198.0,213.0,203.0,401.0,409.0,401.0,198.0,213.0,200.0,202.0,203.0,202.0
1.0,1210.0,682.0,610.0,611.0,691.0,227.0,233.0,231.0,203.0,204.0,203.0,224.0,230.0,228.0,408.0,396.0,406.0,227.0,233.0,231.0,203.0,204.0,203.0
1.0,1139.0,658.0,610.0,691.0,658.0,221.0,220.0,217.0,203.0,204.0,203.0,221.0,220.0,217.0,382.0,379.0,378.0,221.0,220.0,217.0,203.0,204.0,203.0
1.0,1172.0,589.0,610.0,658.0,589.0,193.0,206.0,190.0,203.0,204.0,203.0,193.0,206.0,190.0,388.0,392.0,392.0,193.0,206.0,190.0,203.0,204.0,203.0
1.0,1241.0,653.0,610.0,589.0,653.0,206.0,230.0,217.0,203.0,204.0,203.0,206.0,230.0,217.0,416.0,406.0,419.0,206.0,230.0,217.0,203.0,204.0,203.0
1.0,1177.0,674.0,611.0,653.0,677.0,218.0,233.0,226.0,203.0,205.0,203.0,218.0,230.0,226.0,403.0,382.0,392.0,218.0,233.0,226.0,203.0,205.0,203.0
1.0,1156.0,660.0,611.0,677.0,660.0,218.0,224.0,218.0,203.0,205.0,203.0,218.0,224.0,218.0,391.0,382.0,383.0,218.0,224.0,218.0,203.0,205.0,203.0
1.0,1173.0,625.0,611.0,660.0,625.0,207.0,213.0,205.0,203.0,205.0,203.0,207.0,213.0,205.0,391.0,391.0,391.0,207.0,213.0,205.0,203.0,205.0,203.0
1.0,1208.0,639.0,613.0,625.0,645.0,211.0,211.0,223.0,204.0,205.0,204.0,208.0,211.0,220.0,402.0,402.0,404.0,211.0,211.0,223.0,204.0,205.0,204.0
1.0,1194.0,656.0,615.0,645.0,662.0,228.0,221.0,213.0,205.0,206.0,204.0,225.0,218.0,213.0,401.0,404.0,389.0,228.0,221.0,213.0,205.0,206.0,204.0
1.0,1183.0,581.0,616.0,662.0,584.0,197.0,190.0,197.0,205.0,206.0,205.0,197.0,190.0,194.0,387.0,397.0,399.0,197.0,190.0,197.0,205.0,206.0,205.0
1.0,1264.0,617.0,617.0,584.0,620.0,216.0,202.0,202.0,206.0,206.0,205.0,213.0,202.0,202.0,418.0,428.0,418.0,216.0,202.0,202.0,206.0,206.0,205.0
1.0,1231.0,628.0,617.0,620.0,628.0,200.0,208.0,220.0,206.0,206.0,205.0,200.0,208.0,220.0,402.0,416.0,413.0,200.0,208.0,220.0,206.0,206.0,205.0
1.0,1223.0,625.0,619.0,628.0,631.0,214.0,204.0,213.0,206.0,207.0,206.0,214.0,201.0,210.0,418.0,410.0,395.0,214.0,204.0,213.0,206.0,207.0,206.0
1.0,1226.0,635.0,620.0,631.0,638.0,221.0,208.0,209.0,207.0,207.0,206.0,218.0,208.0,209.0,404.0,417.0,405.0,221.0,208.0,209.0,207.0,207.0,206.0
1.0,1222.0,641.0,619.0,638.0,638.0,208.0,208.0,222.0,206.0,207.0,206.0,211.0,208.0,222.0,400.0,413.0,409.0,208.0,208.0,222.0,206.0,207.0,206.0
1.0,1219.0,655.0,621.0,638.0,661.0,219.0,219.0,223.0,207.0,207.0,207.0,216.0,219.0,220.0,410.0,413.0,396.0,219.0,219.0,223.0,207.0,207.0,207.0
1.0,1202.0,636.0,621.0,661.0,636.0,205.0,220.0,211.0,206.0,208.0,207.0,208.0,217.0,211.0,402.0,402.0,398.0,205.0,220.0,211.0,206.0,208.0,207.0
1.0,1227.0,644.0,622.0,636.0,647.0,220.0,214.0,213.0,207.0,208.0,207.0,217.0,214.0,213.0,413.0,404.0,410.0,220.0,214.0,213.0,207.0,208.0,207.0
1.0,1219.0,646.0,622.0,647.0,646.0,218.0,216.0,212.0,207.0,208.0,207.0,218.0,216.0,212.0,401.0,410.0,408.0,218.0,216.0,212.0,207.0,208.0,207.0
1.0,1220.0,673.0,622.0,646.0,673.0,226.0,231.0,216.0,207.0,208.0,207.0,226.0,231.0,216.0,403.0,408.0,409.0,226.0,231.0,216.0,207.0,208.0,207.0
1.0,1193.0,678.0,624.0,673.0,684.0,237.0,235.0,212.0,208.0,209.0,207.0,234.0,232.0,212.0,395.0,393.0,405.0,237.0,235.0,212.0,208.0,209.0,207.0
1.0,1188.0,601.0,624.0,684.0,601.0,198.0,200.0,203.0,208.0,209.0,207.0,198.0,200.0,203.0,387.0,392.0,409.0,198.0,200.0,203.0,208.0,209.0,207.0
1.0,1271.0,631.0,624.0,601.0,631.0,216.0,209.0,206.0,208.0,209.0,207.0,216.0,209.0,206.0,426.0,427.0,418.0,216.0,209.0,206.0,208.0,209.0,207.0
1.0,1241.0,601.0,625.0,631.0,604.0,200.0,209.0,195.0,209.0,209.0,207.0,197.0,209.0,195.0,408.0,418.0,415.0,200.0,209.0,195.0,209.0,209.0,207.0
1.0,1271.0,644.0,626.0,604.0,647.0,204.0,226.0,217.0,209.0,210.0,207.0,204.0,223.0,217.0,427.0,418.0,426.0,204.0,226.0,217.0,209.0,210.0,207.0
1.0,1231.0,635.0,627.0,647.0,638.0,212.0,208.0,218.0,210.0,210.0,207.0,209.0,208.0,218.0,423.0,404.0,404.0,212.0,208.0,218.0,210.0,210.0,207.0
1.0,1243.0,641.0,627.0,638.0,641.0,202.0,207.0,232.0,209.0,210.0,208.0,205.0,207.0,229.0,418.0,422.0,403.0,202.0,207.0,232.0,209.0,210.0,208.0
1.0,1240.0,644.0,626.0,641.0,641.0,216.0,201.0,224.0,209.0,209.0,208.0,216.0,204.0,224.0,425.0,423.0,392.0,216.0,201.0,224.0,209.0,209.0,208.0
1.0,1237.0,711.0,629.0,641.0,720.0,242.0,238.0,240.0,210.0,210.0,209.0,239.0,235.0,237.0,411.0,426.0,400.0,242.0,238.0,240.0,210.0,210.0,209.0
1.0,1167.0,644.0,629.0,720.0,644.0,211.0,215.0,218.0,210.0,210.0,209.0,211.0,215.0,218.0,388.0,392.0,387.0,211.0,215.0,218.0,210.0,210.0,209.0
1.0,1243.0,665.0,630.0,644.0,668.0,223.0,210.0,235.0,210.0,210.0,210.0,223.0,210.0,232.0,419.0,415.0,409.0,223.0,210.0,235.0,210.0,210.0,210.0
1.0,1222.0,676.0,633.0,668.0,685.0,232.0,225.0,228.0,211.0,211.0,211.0,229.0,222.0,225.0,407.0,420.0,395.0,232.0,225.0,228.0,211.0,211.0,211.0
1.0,1214.0,614.0,633.0,685.0,614.0,211.0,195.0,208.0,211.0,211.0,211.0,211.0,195.0,208.0,401.0,408.0,405.0,211.0,195.0,208.0,211.0,211.0,211.0
1.0,1285.0,648.0,634.0,614.0,651.0,224.0,223.0,204.0,212.0,211.0,211.0,221.0,223.0,204.0,422.0,438.0,425.0,224.0,223.0,204.0,212.0,211.0,211.0
1.0,1251.0,647.0,636.0,651.0,653.0,227.0,218.0,208.0,212.0,212.0,212.0,227.0,215.0,205.0,412.0,410.0,429.0,227.0,218.0,208.0,212.0,212.0,212.0
1.0,1255.0,654.0,637.0,653.0,657.0,221.0,221.0,215.0,213.0,212.0,212.0,218.0,221.0,215.0,409.0,418.0,428.0,221.0,221.0,215.0,213.0,212.0,212.0
1.0,1254.0,648.0,637.0,657.0,648.0,217.0,223.0,208.0,213.0,212.0,212.0,217.0,223.0,208.0,418.0,415.0,421.0,217.0,223.0,208.0,213.0,212.0,212.0
1.0,1263.0,650.0,638.0,648.0,653.0,220.0,215.0,218.0,213.0,213.0,212.0,220.0,212.0,218.0,422.0,413.0,428.0,220.0,215.0,218.0,213.0,213.0,212.0
1.0,1261.0,630.0,638.0,653.0,630.0,212.0,222.0,196.0,213.0,213.0,212.0,212.0,222.0,196.0,419.0,424.0,418.0,212.0,222.0,196.0,213.0,213.0,212.0
1.0,1284.0,643.0,638.0,630.0,643.0,218.0,220.0,205.0,213.0,213.0,212.0,218.0,220.0,205.0,427.0,417.0,440.0,218.0,220.0,205.0,213.0,213.0,212.0
1.0,1271.0,677.0,639.0,643.0,680.0,227.0,228.0,225.0,214.0,213.0,212.0,224.0,228.0,225.0,421.0,419.0,431.0,227.0,228.0,225.0,214.0,213.0,212.0
1.0,1237.0,656.0,640.0,680.0,659.0,217.0,225.0,217.0,214.0,214.0,212.0,217.0,222.0,217.0,415.0,411.0,411.0,217.0,225.0,217.0,214.0,214.0,212.0
1.0,1261.0,674.0,640.0,659.0,674.0,219.0,226.0,229.0,214.0,214.0,212.0,219.0,226.0,229.0,425.0,417.0,419.0,219.0,226.0,229.0,214.0,214.0,212.0
1.0,1246.0,654.0,638.0,674.0,648.0,215.0,207.0,226.0,213.0,213.0,212.0,218.0,210.0,226.0,423.0,416.0,407.0,215.0,207.0,226.0,213.0,213.0,212.0
1.0,1266.0,671.0,640.0,648.0,677.0,233.0,225.0,219.0,214.0,214.0,212.0,230.0,222.0,219.0,424.0,432.0,410.0,233.0,225.0,219.0,214.0,214.0,212.0
1.0,1243.0,646.0,640.0,677.0,646.0,216.0,211.0,219.0,214.0,214.0,212.0,216.0,211.0,219.0,409.0,417.0,417.0,216.0,211.0,219.0,214.0,214.0,212.0
1.0,1274.0,637.0,641.0,646.0,640.0,215.0,204.0,221.0,214.0,214.0,213.0,215.0,204.0,218.0,426.0,431.0,417.0,215.0,204.0,221.0,214.0,214.0,213.0
1.0,1283.0,610.0,641.0,640.0,610.0,208.0,196.0,206.0,214.0,214.0,213.0,208.0,196.0,206.0,427.0,438.0,418.0,208.0,196.0,206.0,214.0,214.0,213.0
1.0,1313.0,636.0,643.0,610.0,642.0,223.0,197.0,222.0,215.0,214.0,214.0,220.0,197.0,219.0,434.0,446.0,433.0,223.0,197.0,222.0,215.0,214.0,214.0
1.0,1287.0,643.0,643.0,642.0,643.0,224.0,207.0,212.0,215.0,214.0,214.0,224.0,207.0,212.0,422.0,445.0,420.0,224.0,207.0,212.0,215.0,214.0,214.0
1.0,1286.0,565.0,643.0,643.0,565.0,194.0,180.0,191.0,215.0,214.0,214.0,194.0,180.0,191.0,421.0,435.0,430.0,194.0,180.0,191.0,215.0,214.0,214.0
1.0,1364.0,626.0,643.0,565.0,626.0,217.0,211.0,198.0,215.0,214.0,214.0,217.0,211.0,198.0,451.0,462.0,451.0,217.0,211.0,198.0,215.0,214.0,214.0
1.0,1303.0,719.0,643.0,626.0,719.0,244.0,237.0,238.0,215.0,214.0,214.0,244.0,237.0,238.0,428.0,431.0,444.0,244.0,237.0,238.0,215.0,214.0,214.0
1.0,1210.0,638.0,643.0,719.0,638.0,211.0,219.0,208.0,215.0,214.0,214.0,211.0,219.0,208.0,401.0,405.0,404.0,211.0,219.0,208.0,215.0,214.0,214.0
1.0,1291.0,656.0,644.0,638.0,659.0,219.0,225.0,215.0,216.0,214.0,214.0,216.0,225.0,215.0,434.0,423.0,434.0,219.0,225.0,215.0,216.0,214.0,214.0
1.0,1273.0,635.0,644.0,659.0,635.0,208.0,223.0,204.0,216.0,214.0,214.0,208.0,223.0,204.0,429.0,417.0,427.0,208.0,223.0,204.0,216.0,214.0,214.0
1.0,1297.0,607.0,642.0,635.0,601.0,195.0,215.0,191.0,215.0,214.0,213.0,198.0,215.0,194.0,440.0,419.0,438.0,195.0,215.0,191.0,215.0,214.0,213.0
1.0,1325.0,657.0,642.0,601.0,657.0,217.0,219.0,221.0,215.0,214.0,213.0,217.0,219.0,221.0,450.0,427.0,448.0,217.0,219.0,221.0,215.0,214.0,213.0
1.0,1269.0,657.0,644.0,657.0,663.0,217.0,231.0,215.0,216.0,214.0,214.0,214.0,231.0,212.0,428.0,423.0,418.0,217.0,231.0,215.0,216.0,214.0,214.0
1.0,1269.0,586.0,642.0,663.0,580.0,190.0,201.0,189.0,215.0,214.0,213.0,193.0,201.0,192.0,431.0,411.0,427.0,190.0,201.0,189.0,215.0,214.0,213.0
1.0,1346.0,620.0,642.0,580.0,620.0,211.0,207.0,202.0,215.0,214.0,213.0,211.0,207.0,202.0,455.0,441.0,450.0,211.0,207.0,202.0,215.0,214.0,213.0
1.0,1306.0,630.0,642.0,620.0,630.0,215.0,208.0,207.0,215.0,214.0,213.0,215.0,208.0,207.0,434.0,435.0,437.0,215.0,208.0,207.0,215.0,214.0,213.0
1.0,1296.0,643.0,643.0,630.0,646.0,227.0,214.0,205.0,216.0,214.0,213.0,224.0,214.0,205.0,430.0,434.0,432.0,227.0,214.0,205.0,216.0,214.0,213.0
1.0,1283.0,676.0,643.0,646.0,676.0,234.0,211.0,231.0,216.0,214.0,213.0,234.0,211.0,231.0,421.0,428.0,434.0,234.0,211.0,231.0,216.0,214.0,213.0
1.0,1253.0,631.0,643.0,676.0,631.0,217.0,201.0,213.0,216.0,214.0,213.0,217.0,201.0,213.0,414.0,431.0,408.0,217.0,201.0,213.0,216.0,214.0,213.0
1.0,1298.0,689.0,645.0,631.0,695.0,237.0,218.0,240.0,217.0,214.0,214.0,234.0,218.0,237.0,431.0,441.0,426.0,237.0,218.0,240.0,217.0,214.0,214.0
1.0,1240.0,681.0,646.0,695.0,684.0,222.0,226.0,236.0,217.0,215.0,214.0,222.0,223.0,236.0,414.0,424.0,402.0,222.0,226.0,236.0,217.0,215.0,214.0
1.0,1254.0,705.0,647.0,684.0,708.0,232.0,224.0,252.0,217.0,215.0,215.0,232.0,224.0,249.0,429.0,419.0,406.0,232.0,224.0,252.0,217.0,215.0,215.0
1.0,1233.0,752.0,650.0,708.0,761.0,240.0,256.0,265.0,218.0,216.0,216.0,237.0,253.0,262.0,419.0,421.0,393.0,240.0,256.0,265.0,218.0,216.0,216.0
1.0,1189.0,674.0,650.0,761.0,674.0,219.0,232.0,223.0,218.0,216.0,216.0,219.0,232.0,223.0,414.0,392.0,383.0,219.0,232.0,223.0,218.0,216.0,216.0
1.0,1276.0,641.0,649.0,674.0,638.0,196.0,221.0,221.0,217.0,216.0,216.0,199.0,221.0,221.0,435.0,416.0,425.0,196.0,221.0,221.0,217.0,216.0,216.0
1.0,1309.0,662.0,649.0,638.0,662.0,222.0,228.0,212.0,217.0,216.0,216.0,222.0,228.0,212.0,455.0,427.0,427.0,222.0,228.0,212.0,217.0,216.0,216.0
1.0,1285.0,701.0,649.0,662.0,701.0,230.0,240.0,231.0,217.0,216.0,216.0,230.0,240.0,231.0,429.0,420.0,436.0,230.0,240.0,231.0,217.0,216.0,216.0
1.0,1246.0,667.0,651.0,701.0,673.0,231.0,242.0,200.0,218.0,217.0,216.0,228.0,239.0,200.0,421.0,408.0,417.0,231.0,242.0,200.0,218.0,217.0,216.0
1.0,1280.0,632.0,651.0,673.0,632.0,215.0,214.0,203.0,218.0,217.0,216.0,215.0,214.0,203.0,423.0,409.0,448.0,215.0,214.0,203.0,218.0,217.0,216.0
1.0,1321.0,663.0,652.0,632.0,666.0,226.0,222.0,218.0,218.0,217.0,217.0,226.0,222.0,215.0,439.0,437.0,445.0,226.0,222.0,218.0,218.0,217.0,217.0
1.0,1290.0,676.0,653.0,666.0,679.0,235.0,223.0,221.0,219.0,217.0,217.0,232.0,223.0,221.0,428.0,429.0,433.0,235.0,223.0,221.0,219.0,217.0,217.0
1.0,1280.0,692.0,653.0,679.0,692.0,241.0,223.0,228.0,219.0,217.0,217.0,241.0,223.0,228.0,422.0,428.0,430.0,241.0,223.0,228.0,219.0,217.0,217.0
1.0,1267.0,672.0,655.0,692.0,678.0,230.0,221.0,227.0,220.0,218.0,217.0,227.0,218.0,227.0,416.0,428.0,423.0,230.0,221.0,227.0,220.0,218.0,217.0
1.0,1287.0,670.0,655.0,678.0,670.0,230.0,224.0,216.0,220.0,218.0,217.0,230.0,224.0,216.0,430.0,433.0,424.0,230.0,224.0,216.0,220.0,218.0,217.0
1.0,1295.0,679.0,655.0,670.0,679.0,231.0,220.0,228.0,220.0,218.0,217.0,231.0,220.0,228.0,430.0,430.0,435.0,231.0,220.0,228.0,220.0,218.0,217.0
1.0,1286.0,668.0,655.0,679.0,668.0,229.0,221.0,218.0,220.0,218.0,217.0,229.0,221.0,218.0,429.0,434.0,423.0,229.0,221.0,218.0,220.0,218.0,217.0
1.0,1297.0,677.0,654.0,668.0,674.0,235.0,221.0,218.0,220.0,218.0,216.0,235.0,221.0,221.0,431.0,433.0,433.0,235.0,221.0,218.0,220.0,218.0,216.0
1.0,1288.0,673.0,654.0,674.0,673.0,220.0,223.0,230.0,220.0,218.0,216.0,220.0,223.0,230.0,425.0,433.0,430.0,220.0,223.0,230.0,220.0,218.0,216.0
1.0,1289.0,702.0,657.0,673.0,711.0,241.0,238.0,232.0,221.0,219.0,217.0,238.0,235.0,229.0,440.0,431.0,418.0,241.0,238.0,232.0,221.0,219.0,217.0
1.0,1260.0,686.0,657.0,711.0,686.0,216.0,243.0,227.0,221.0,219.0,217.0,216.0,243.0,227.0,422.0,419.0,419.0,216.0,243.0,227.0,221.0,219.0,217.0
1.0,1285.0,591.0,656.0,686.0,588.0,179.0,207.0,202.0,220.0,219.0,217.0,182.0,207.0,202.0,447.0,414.0,424.0,179.0,207.0,202.0,220.0,219.0,217.0
1.0,1380.0,679.0,657.0,588.0,682.0,217.0,225.0,240.0,220.0,219.0,218.0,217.0,225.0,237.0,481.0,450.0,449.0,217.0,225.0,240.0,220.0,219.0,218.0
1.0,1289.0,699.0,657.0,682.0,699.0,224.0,236.0,239.0,220.0,219.0,218.0,224.0,236.0,239.0,443.0,432.0,414.0,224.0,236.0,239.0,220.0,219.0,218.0
1.0,1272.0,695.0,659.0,699.0,701.0,218.0,242.0,241.0,220.0,220.0,219.0,218.0,239.0,238.0,436.0,421.0,415.0,218.0,242.0,241.0,220.0,220.0,219.0
1.0,1276.0,643.0,659.0,701.0,643.0,213.0,219.0,211.0,220.0,220.0,219.0,213.0,219.0,211.0,442.0,418.0,416.0,213.0,219.0,211.0,220.0,220.0,219.0
1.0,1334.0,720.0,661.0,643.0,726.0,249.0,238.0,239.0,221.0,220.0,220.0,246.0,238.0,236.0,447.0,441.0,446.0,249.0,238.0,239.0,221.0,220.0,220.0
1.0,1257.0,730.0,661.0,726.0,730.0,250.0,230.0,250.0,221.0,220.0,220.0,250.0,230.0,250.0,414.0,422.0,421.0,250.0,230.0,250.0,221.0,220.0,220.0
1.0,1253.0,718.0,663.0,730.0,724.0,238.0,242.0,244.0,221.0,221.0,221.0,238.0,239.0,241.0,413.0,430.0,410.0,238.0,242.0,244.0,221.0,221.0,221.0
1.0,1265.0,705.0,664.0,724.0,708.0,245.0,222.0,241.0,222.0,221.0,221.0,242.0,222.0,241.0,425.0,421.0,419.0,245.0,222.0,241.0,222.0,221.0,221.0
1.0,1284.0,667.0,664.0,708.0,667.0,229.0,218.0,220.0,222.0,221.0,221.0,229.0,218.0,220.0,421.0,441.0,422.0,229.0,218.0,220.0,222.0,221.0,221.0
1.0,1325.0,712.0,664.0,667.0,712.0,238.0,235.0,239.0,222.0,221.0,221.0,238.0,235.0,239.0,437.0,445.0,443.0,238.0,235.0,239.0,222.0,221.0,221.0
1.0,1280.0,664.0,664.0,712.0,664.0,220.0,205.0,239.0,222.0,221.0,221.0,220.0,205.0,239.0,428.0,428.0,424.0,220.0,205.0,239.0,222.0,221.0,221.0
1.0,1328.0,657.0,665.0,664.0,660.0,213.0,219.0,228.0,222.0,221.0,222.0,213.0,219.0,225.0,446.0,458.0,424.0,213.0,219.0,228.0,222.0,221.0,222.0
1.0,1335.0,597.0,665.0,660.0,597.0,191.0,200.0,206.0,222.0,221.0,222.0,191.0,200.0,206.0,453.0,444.0,438.0,191.0,200.0,206.0,222.0,221.0,222.0
1.0,1398.0,630.0,664.0,597.0,627.0,210.0,209.0,208.0,222.0,221.0,221.0,210.0,209.0,211.0,475.0,463.0,460.0,210.0,209.0,208.0,222.0,221.0,221.0
1.0,1365.0,639.0,665.0,627.0,642.0,217.0,214.0,211.0,222.0,222.0,221.0,217.0,211.0,211.0,456.0,454.0,455.0,217.0,214.0,211.0,222.0,222.0,221.0
1.0,1353.0,677.0,667.0,642.0,683.0,223.0,237.0,223.0,222.0,223.0,222.0,223.0,234.0,220.0,449.0,452.0,452.0,223.0,237.0,223.0,222.0,223.0,222.0
1.0,1318.0,655.0,667.0,683.0,655.0,218.0,223.0,214.0,222.0,223.0,222.0,218.0,223.0,214.0,443.0,432.0,443.0,218.0,223.0,214.0,222.0,223.0,222.0
1.0,1346.0,686.0,667.0,655.0,686.0,215.0,230.0,241.0,222.0,223.0,222.0,215.0,230.0,241.0,448.0,446.0,452.0,215.0,230.0,241.0,222.0,223.0,222.0
1.0,1315.0,738.0,668.0,686.0,741.0,243.0,249.0,249.0,222.0,223.0,223.0,243.0,249.0,246.0,451.0,439.0,425.0,243.0,249.0,249.0,222.0,223.0,223.0
1.0,1263.0,745.0,670.0,741.0,751.0,265.0,248.0,238.0,223.0,224.0,223.0,262.0,245.0,238.0,423.0,420.0,420.0,265.0,248.0,238.0,223.0,224.0,223.0
1.0,1259.0,685.0,672.0,751.0,691.0,232.0,230.0,229.0,224.0,224.0,224.0,229.0,230.0,226.0,404.0,424.0,431.0,232.0,230.0,229.0,224.0,224.0,224.0
1.0,1325.0,703.0,673.0,691.0,706.0,237.0,228.0,241.0,224.0,224.0,225.0,237.0,228.0,238.0,440.0,442.0,443.0,237.0,228.0,241.0,224.0,224.0,225.0
1.0,1313.0,702.0,674.0,706.0,705.0,235.0,237.0,233.0,225.0,224.0,225.0,232.0,237.0,233.0,435.0,444.0,434.0,235.0,237.0,233.0,225.0,224.0,225.0
1.0,1317.0,686.0,674.0,705.0,686.0,227.0,232.0,227.0,225.0,224.0,225.0,227.0,232.0,227.0,440.0,435.0,442.0,227.0,232.0,227.0,225.0,224.0,225.0
1.0,1336.0,645.0,676.0,686.0,651.0,208.0,216.0,227.0,225.0,225.0,226.0,208.0,213.0,224.0,448.0,440.0,448.0,208.0,216.0,227.0,225.0,225.0,226.0
1.0,1377.0,684.0,677.0,651.0,687.0,237.0,231.0,219.0,226.0,225.0,226.0,234.0,231.0,219.0,467.0,459.0,451.0,237.0,231.0,219.0,226.0,225.0,226.0
1.0,1344.0,614.0,676.0,687.0,611.0,196.0,208.0,207.0,225.0,225.0,226.0,199.0,208.0,207.0,441.0,444.0,459.0,196.0,208.0,207.0,225.0,225.0,226.0
1.0,1417.0,676.0,677.0,611.0,679.0,222.0,228.0,229.0,225.0,225.0,227.0,222.0,228.0,226.0,479.0,467.0,471.0,222.0,228.0,229.0,225.0,225.0,227.0
1.0,1352.0,730.0,678.0,679.0,733.0,239.0,260.0,234.0,225.0,226.0,227.0,239.0,257.0,234.0,453.0,447.0,452.0,239.0,260.0,234.0,225.0,226.0,227.0
1.0,1301.0,723.0,680.0,733.0,729.0,244.0,247.0,238.0,226.0,227.0,227.0,241.0,244.0,238.0,436.0,418.0,447.0,244.0,247.0,238.0,226.0,227.0,227.0
1.0,1311.0,742.0,681.0,729.0,745.0,253.0,249.0,243.0,226.0,228.0,227.0,253.0,246.0,243.0,434.0,434.0,443.0,253.0,249.0,243.0,226.0,228.0,227.0
1.0,1298.0,698.0,681.0,745.0,698.0,231.0,251.0,216.0,226.0,228.0,227.0,231.0,251.0,216.0,425.0,435.0,438.0,231.0,251.0,216.0,226.0,228.0,227.0
1.0,1345.0,703.0,680.0,698.0,700.0,236.0,239.0,225.0,226.0,228.0,226.0,236.0,239.0,228.0,447.0,433.0,465.0,236.0,239.0,225.0,226.0,228.0,226.0
1.0,1340.0,758.0,681.0,700.0,761.0,262.0,249.0,250.0,227.0,228.0,226.0,259.0,249.0,250.0,442.0,445.0,453.0,262.0,249.0,250.0,227.0,228.0,226.0
1.0,1282.0,739.0,682.0,761.0,742.0,243.0,270.0,229.0,227.0,229.0,226.0,243.0,267.0,229.0,419.0,435.0,428.0,243.0,270.0,229.0,227.0,229.0,226.0
1.0,1304.0,705.0,684.0,742.0,711.0,252.0,226.0,233.0,228.0,229.0,227.0,249.0,226.0,230.0,438.0,417.0,449.0,252.0,226.0,233.0,228.0,229.0,227.0
1.0,1341.0,712.0,684.0,711.0,712.0,235.0,226.0,251.0,228.0,229.0,227.0,235.0,226.0,251.0,432.0,461.0,448.0,235.0,226.0,251.0,228.0,229.0,227.0
1.0,1340.0,660.0,684.0,712.0,660.0,206.0,227.0,227.0,228.0,229.0,227.0,206.0,227.0,227.0,449.0,461.0,430.0,206.0,227.0,227.0,228.0,229.0,227.0
1.0,1392.0,667.0,685.0,660.0,670.0,218.0,225.0,227.0,228.0,229.0,228.0,218.0,225.0,224.0,478.0,460.0,454.0,218.0,225.0,227.0,228.0,229.0,228.0
1.0,1385.0,645.0,684.0,670.0,642.0,216.0,202.0,224.0,228.0,228.0,228.0,216.0,205.0,224.0,466.0,462.0,457.0,216.0,202.0,224.0,228.0,228.0,228.0
1.0,1410.0,675.0,684.0,642.0,675.0,224.0,222.0,229.0,228.0,228.0,228.0,224.0,222.0,229.0,468.0,482.0,460.0,224.0,222.0,229.0,228.0,228.0,228.0
1.0,1377.0,686.0,685.0,675.0,689.0,224.0,236.0,229.0,228.0,229.0,228.0,224.0,233.0,229.0,460.0,462.0,455.0,224.0,236.0,229.0,228.0,229.0,228.0
1.0,1366.0,663.0,683.0,689.0,657.0,214.0,216.0,227.0,227.0,228.0,228.0,217.0,219.0,227.0,460.0,451.0,455.0,214.0,216.0,227.0,227.0,228.0,228.0
1.0,1392.0,698.0,685.0,657.0,704.0,229.0,238.0,237.0,227.0,229.0,229.0,229.0,235.0,234.0,467.0,468.0,457.0,229.0,238.0,237.0,227.0,229.0,229.0
1.0,1351.0,751.0,686.0,704.0,754.0,252.0,250.0,252.0,228.0,229.0,229.0,249.0,250.0,252.0,452.0,449.0,450.0,252.0,250.0,252.0,228.0,229.0,229.0
1.0,1304.0,745.0,688.0,754.0,751.0,259.0,245.0,247.0,228.0,230.0,230.0,259.0,242.0,244.0,432.0,437.0,435.0,259.0,245.0,247.0,228.0,230.0,230.0
1.0,1313.0,720.0,688.0,751.0,720.0,246.0,237.0,237.0,228.0,230.0,230.0,246.0,237.0,237.0,425.0,445.0,443.0,246.0,237.0,237.0,228.0,230.0,230.0
1.0,1344.0,720.0,689.0,720.0,723.0,243.0,245.0,235.0,229.0,230.0,230.0,240.0,245.0,235.0,438.0,453.0,453.0,243.0,245.0,235.0,229.0,230.0,230.0
1.0,1344.0,715.0,690.0,723.0,718.0,253.0,245.0,220.0,229.0,231.0,230.0,253.0,242.0,220.0,444.0,445.0,455.0,253.0,245.0,220.0,229.0,231.0,230.0
1.0,1352.0,748.0,690.0,718.0,748.0,244.0,256.0,248.0,229.0,231.0,230.0,244.0,256.0,248.0,434.0,448.0,470.0,244.0,256.0,248.0,229.0,231.0,230.0
1.0,1322.0,724.0,692.0,748.0,730.0,247.0,237.0,246.0,230.0,231.0,231.0,244.0,237.0,243.0,443.0,437.0,442.0,247.0,237.0,246.0,230.0,231.0,231.0
1.0,1346.0,708.0,694.0,730.0,714.0,245.0,238.0,231.0,231.0,232.0,231.0,242.0,235.0,231.0,443.0,456.0,447.0,245.0,238.0,231.0,231.0,232.0,231.0
1.0,1368.0,767.0,695.0,714.0,770.0,263.0,260.0,247.0,232.0,232.0,231.0,260.0,260.0,247.0,448.0,458.0,462.0,263.0,260.0,247.0,232.0,232.0,231.0
1.0,1315.0,694.0,695.0,770.0,694.0,228.0,237.0,229.0,232.0,232.0,231.0,228.0,237.0,229.0,433.0,436.0,446.0,228.0,237.0,229.0,232.0,232.0,231.0
1.0,1391.0,713.0,695.0,694.0,713.0,232.0,235.0,246.0,232.0,232.0,231.0,232.0,235.0,246.0,468.0,459.0,464.0,232.0,235.0,246.0,232.0,232.0,231.0
1.0,1372.0,721.0,697.0,713.0,727.0,229.0,247.0,251.0,232.0,233.0,232.0,229.0,244.0,248.0,464.0,461.0,447.0,229.0,247.0,251.0,232.0,233.0,232.0
1.0,1364.0,714.0,697.0,727.0,714.0,240.0,240.0,234.0,232.0,233.0,232.0,240.0,240.0,234.0,467.0,452.0,445.0,240.0,240.0,234.0,232.0,233.0,232.0
1.0,1377.0,742.0,697.0,714.0,742.0,235.0,254.0,253.0,232.0,233.0,232.0,235.0,254.0,253.0,456.0,459.0,462.0,235.0,254.0,253.0,232.0,233.0,232.0
1.0,1349.0,762.0,698.0,742.0,765.0,253.0,249.0,263.0,232.0,233.0,233.0,253.0,249.0,260.0,461.0,445.0,443.0,253.0,249.0,263.0,232.0,233.0,233.0
1.0,1329.0,734.0,699.0,765.0,737.0,242.0,241.0,254.0,232.0,234.0,233.0,242.0,238.0,254.0,443.0,450.0,436.0,242.0,241.0,254.0,232.0,234.0,233.0
1.0,1360.0,726.0,700.0,737.0,729.0,254.0,226.0,249.0,233.0,234.0,233.0,251.0,226.0,249.0,454.0,461.0,445.0,254.0,226.0,249.0,233.0,234.0,233.0
1.0,1371.0,747.0,701.0,729.0,750.0,254.0,241.0,255.0,233.0,234.0,234.0,254.0,241.0,252.0,445.0,476.0,450.0,254.0,241.0,255.0,233.0,234.0,234.0
1.0,1353.0,702.0,702.0,750.0,705.0,246.0,218.0,241.0,234.0,234.0,234.0,243.0,218.0,241.0,445.0,461.0,447.0,246.0,218.0,241.0,234.0,234.0,234.0
1.0,1401.0,711.0,703.0,705.0,714.0,246.0,235.0,233.0,234.0,235.0,234.0,246.0,232.0,233.0,456.0,484.0,461.0,246.0,235.0,233.0,234.0,235.0,234.0
1.0,1395.0,676.0,704.0,714.0,679.0,240.0,217.0,222.0,235.0,235.0,234.0,237.0,217.0,222.0,456.0,470.0,469.0,240.0,217.0,222.0,235.0,235.0,234.0
1.0,1433.0,694.0,705.0,679.0,697.0,238.0,235.0,224.0,236.0,235.0,234.0,235.0,235.0,224.0,465.0,488.0,480.0,238.0,235.0,224.0,236.0,235.0,234.0
1.0,1418.0,711.0,707.0,697.0,717.0,239.0,241.0,237.0,236.0,236.0,235.0,239.0,238.0,234.0,470.0,470.0,478.0,239.0,241.0,237.0,236.0,236.0,235.0
1.0,1404.0,706.0,707.0,717.0,706.0,232.0,248.0,226.0,236.0,236.0,235.0,232.0,248.0,226.0,469.0,467.0,468.0,232.0,248.0,226.0,236.0,236.0,235.0
1.0,1415.0,720.0,708.0,706.0,723.0,237.0,256.0,230.0,236.0,237.0,235.0,237.0,253.0,230.0,476.0,460.0,479.0,237.0,256.0,230.0,236.0,237.0,235.0
1.0,1401.0,747.0,709.0,723.0,750.0,247.0,256.0,247.0,237.0,237.0,235.0,244.0,256.0,247.0,471.0,455.0,475.0,247.0,256.0,247.0,237.0,237.0,235.0
1.0,1377.0,727.0,709.0,750.0,727.0,238.0,244.0,245.0,237.0,237.0,235.0,238.0,244.0,245.0,464.0,455.0,458.0,238.0,244.0,245.0,237.0,237.0,235.0
1.0,1400.0,721.0,708.0,727.0,718.0,234.0,246.0,238.0,236.0,237.0,235.0,237.0,246.0,238.0,473.0,467.0,460.0,234.0,246.0,238.0,236.0,237.0,235.0
1.0,1406.0,756.0,711.0,718.0,765.0,246.0,263.0,256.0,237.0,238.0,236.0,243.0,260.0,253.0,474.0,465.0,467.0,246.0,263.0,256.0,237.0,238.0,236.0
1.0,1368.0,757.0,711.0,765.0,757.0,250.0,256.0,251.0,237.0,238.0,236.0,250.0,256.0,251.0,465.0,451.0,452.0,250.0,256.0,251.0,237.0,238.0,236.0
1.0,1376.0,694.0,711.0,757.0,694.0,218.0,239.0,237.0,237.0,238.0,236.0,218.0,239.0,237.0,461.0,458.0,457.0,218.0,239.0,237.0,237.0,238.0,236.0
1.0,1439.0,735.0,712.0,694.0,738.0,244.0,237.0,257.0,237.0,238.0,237.0,244.0,237.0,254.0,493.0,475.0,471.0,244.0,237.0,257.0,237.0,238.0,237.0
1.0,1398.0,722.0,714.0,738.0,728.0,250.0,237.0,241.0,238.0,239.0,237.0,247.0,234.0,241.0,467.0,477.0,454.0,250.0,237.0,241.0,238.0,239.0,237.0
1.0,1414.0,724.0,714.0,728.0,724.0,252.0,227.0,245.0,238.0,239.0,237.0,252.0,227.0,245.0,464.0,480.0,470.0,252.0,227.0,245.0,238.0,239.0,237.0
1.0,1418.0,696.0,716.0,724.0,702.0,248.0,219.0,235.0,239.0,239.0,238.0,245.0,219.0,232.0,462.0,490.0,466.0,248.0,219.0,235.0,239.0,239.0,238.0
1.0,1446.0,719.0,717.0,702.0,722.0,250.0,242.0,230.0,240.0,239.0,238.0,247.0,242.0,230.0,469.0,498.0,479.0,250.0,242.0,230.0,240.0,239.0,238.0
1.0,1429.0,703.0,716.0,722.0,700.0,246.0,214.0,240.0,240.0,238.0,238.0,246.0,217.0,240.0,470.0,475.0,484.0,246.0,214.0,240.0,240.0,238.0,238.0
1.0,1448.0,728.0,717.0,700.0,731.0,240.0,252.0,239.0,240.0,239.0,238.0,240.0,249.0,239.0,474.0,500.0,474.0,240.0,252.0,239.0,240.0,239.0,238.0
1.0,1420.0,734.0,717.0,731.0,734.0,248.0,248.0,238.0,240.0,239.0,238.0,248.0,248.0,238.0,480.0,465.0,475.0,248.0,248.0,238.0,240.0,239.0,238.0
1.0,1417.0,762.0,718.0,734.0,765.0,254.0,260.0,251.0,240.0,239.0,239.0,254.0,260.0,248.0,472.0,469.0,476.0,254.0,260.0,251.0,240.0,239.0,239.0
1.0,1389.0,764.0,718.0,765.0,764.0,248.0,267.0,249.0,240.0,239.0,239.0,248.0,267.0,249.0,466.0,457.0,466.0,248.0,267.0,249.0,240.0,239.0,239.0
1.0,1390.0,737.0,718.0,764.0,737.0,239.0,252.0,246.0,240.0,239.0,239.0,239.0,252.0,246.0,472.0,450.0,468.0,239.0,252.0,246.0,240.0,239.0,239.0
1.0,1417.0,738.0,718.0,737.0,738.0,239.0,251.0,248.0,240.0,239.0,239.0,239.0,251.0,248.0,481.0,465.0,471.0,239.0,251.0,248.0,240.0,239.0,239.0
1.0,1416.0,723.0,719.0,738.0,726.0,237.0,254.0,235.0,240.0,240.0,239.0,237.0,251.0,235.0,481.0,466.0,469.0,237.0,254.0,235.0,240.0,240.0,239.0
1.0,1431.0,723.0,719.0,726.0,723.0,240.0,243.0,240.0,240.0,240.0,239.0,240.0,243.0,240.0,483.0,466.0,482.0,240.0,243.0,240.0,240.0,240.0,239.0
1.0,1434.0,748.0,720.0,723.0,751.0,245.0,257.0,249.0,240.0,240.0,240.0,245.0,257.0,246.0,480.0,477.0,477.0,245.0,257.0,249.0,240.0,240.0,240.0
1.0,1409.0,737.0,722.0,751.0,743.0,255.0,242.0,246.0,241.0,241.0,240.0,252.0,239.0,246.0,475.0,463.0,471.0,255.0,242.0,246.0,241.0,241.0,240.0
1.0,1423.0,710.0,722.0,743.0,710.0,233.0,244.0,233.0,241.0,241.0,240.0,233.0,244.0,233.0,468.0,481.0,474.0,233.0,244.0,233.0,241.0,241.0,240.0
1.0,1456.0,746.0,725.0,710.0,755.0,252.0,238.0,265.0,242.0,242.0,241.0,249.0,235.0,262.0,490.0,479.0,487.0,252.0,238.0,265.0,242.0,242.0,241.0
1.0,1420.0,760.0,726.0,755.0,763.0,253.0,239.0,271.0,242.0,242.0,242.0,253.0,239.0,268.0,474.0,488.0,458.0,253.0,239.0,271.0,242.0,242.0,242.0
1.0,1415.0,756.0,727.0,763.0,759.0,257.0,242.0,260.0,243.0,242.0,242.0,254.0,242.0,260.0,473.0,487.0,455.0,257.0,242.0,260.0,243.0,242.0,242.0
1.0,1422.0,768.0,730.0,759.0,777.0,264.0,253.0,260.0,244.0,243.0,243.0,261.0,250.0,257.0,472.0,484.0,466.0,264.0,253.0,260.0,244.0,243.0,243.0
1.0,1413.0,750.0,729.0,777.0,747.0,230.0,257.0,260.0,243.0,243.0,243.0,233.0,257.0,260.0,468.0,476.0,469.0,230.0,257.0,260.0,243.0,243.0,243.0
1.0,1440.0,791.0,730.0,747.0,794.0,269.0,256.0,269.0,244.0,243.0,243.0,266.0,256.0,269.0,499.0,472.0,469.0,269.0,256.0,269.0,244.0,243.0,243.0
1.0,1396.0,777.0,731.0,794.0,780.0,246.0,259.0,275.0,244.0,243.0,244.0,246.0,259.0,272.0,463.0,473.0,460.0,246.0,259.0,275.0,244.0,243.0,244.0
1.0,1413.0,759.0,732.0,780.0,762.0,244.0,259.0,259.0,244.0,244.0,244.0,244.0,256.0,259.0,486.0,470.0,457.0,244.0,259.0,259.0,244.0,244.0,244.0
1.0,1434.0,789.0,733.0,762.0,792.0,254.0,264.0,274.0,244.0,244.0,245.0,254.0,264.0,271.0,488.0,473.0,473.0,254.0,264.0,274.0,244.0,244.0,245.0
1.0,1407.0,745.0,733.0,792.0,745.0,244.0,253.0,248.0,244.0,244.0,245.0,244.0,253.0,248.0,478.0,468.0,461.0,244.0,253.0,248.0,244.0,244.0,245.0
1.0,1454.0,717.0,732.0,745.0,714.0,233.0,238.0,243.0,243.0,244.0,245.0,236.0,238.0,243.0,488.0,479.0,487.0,233.0,238.0,243.0,243.0,244.0,245.0
1.0,1482.0,722.0,734.0,714.0,728.0,247.0,240.0,241.0,244.0,244.0,246.0,244.0,240.0,238.0,496.0,494.0,492.0,247.0,240.0,241.0,244.0,244.0,246.0
1.0,1474.0,754.0,732.0,728.0,748.0,247.0,263.0,238.0,243.0,244.0,245.0,250.0,263.0,241.0,485.0,492.0,497.0,247.0,263.0,238.0,243.0,244.0,245.0
1.0,1448.0,684.0,733.0,748.0,687.0,243.0,230.0,214.0,244.0,244.0,245.0,240.0,230.0,214.0,482.0,469.0,497.0,243.0,230.0,214.0,244.0,244.0,245.0
1.0,1512.0,719.0,733.0,687.0,719.0,245.0,234.0,240.0,244.0,244.0,245.0,245.0,234.0,240.0,489.0,502.0,521.0,245.0,234.0,240.0,244.0,244.0,245.0
1.0,1480.0,756.0,733.0,719.0,756.0,257.0,257.0,242.0,244.0,244.0,245.0,257.0,257.0,242.0,487.0,498.0,495.0,257.0,257.0,242.0,244.0,244.0,245.0
1.0,1443.0,740.0,734.0,756.0,743.0,259.0,244.0,240.0,245.0,244.0,245.0,256.0,244.0,240.0,475.0,475.0,493.0,259.0,244.0,240.0,245.0,244.0,245.0
1.0,1459.0,807.0,736.0,743.0,813.0,262.0,271.0,280.0,245.0,245.0,246.0,262.0,268.0,277.0,476.0,488.0,495.0,262.0,271.0,280.0,245.0,245.0,246.0
1.0,1395.0,729.0,734.0,813.0,723.0,245.0,235.0,243.0,245.0,244.0,245.0,245.0,238.0,246.0,473.0,464.0,458.0,245.0,235.0,243.0,245.0,244.0,245.0
1.0,1479.0,808.0,736.0,723.0,814.0,260.0,264.0,290.0,245.0,245.0,246.0,260.0,261.0,287.0,490.0,497.0,492.0,260.0,264.0,290.0,245.0,245.0,246.0
1.0,1394.0,755.0,737.0,814.0,758.0,264.0,241.0,253.0,246.0,245.0,246.0,261.0,241.0,253.0,475.0,471.0,448.0,264.0,241.0,253.0,246.0,245.0,246.0
1.0,1453.0,759.0,736.0,758.0,756.0,245.0,248.0,263.0,245.0,245.0,246.0,248.0,248.0,263.0,474.0,494.0,485.0,245.0,248.0,263.0,245.0,245.0,246.0
1.0,1452.0,728.0,737.0,756.0,731.0,236.0,246.0,249.0,245.0,246.0,246.0,236.0,243.0,249.0,490.0,487.0,475.0,236.0,246.0,249.0,245.0,246.0,246.0
1.0,1480.0,760.0,738.0,731.0,763.0,249.0,248.0,266.0,245.0,246.0,247.0,249.0,248.0,263.0,499.0,492.0,489.0,249.0,248.0,266.0,245.0,246.0,247.0
1.0,1451.0,724.0,739.0,763.0,727.0,239.0,246.0,242.0,245.0,247.0,247.0,239.0,243.0,242.0,486.0,490.0,475.0,239.0,246.0,242.0,245.0,247.0,247.0
1.0,1490.0,682.0,738.0,727.0,679.0,230.0,220.0,229.0,245.0,246.0,247.0,230.0,223.0,229.0,496.0,495.0,499.0,230.0,220.0,229.0,245.0,246.0,247.0
1.0,1535.0,762.0,741.0,679.0,771.0,266.0,262.0,243.0,246.0,247.0,248.0,263.0,259.0,240.0,505.0,518.0,512.0,266.0,262.0,243.0,246.0,247.0,248.0
1.0,1452.0,738.0,741.0,771.0,738.0,248.0,248.0,242.0,246.0,247.0,248.0,248.0,248.0,242.0,472.0,479.0,501.0,248.0,248.0,242.0,246.0,247.0,248.0
1.0,1485.0,773.0,742.0,738.0,776.0,265.0,262.0,249.0,247.0,247.0,248.0,262.0,262.0,249.0,490.0,493.0,502.0,265.0,262.0,249.0,247.0,247.0,248.0
1.0,1450.0,764.0,742.0,776.0,764.0,262.0,252.0,250.0,247.0,247.0,248.0,262.0,252.0,250.0,476.0,479.0,495.0,262.0,252.0,250.0,247.0,247.0,248.0
1.0,1462.0,770.0,742.0,764.0,770.0,255.0,261.0,254.0,247.0,247.0,248.0,255.0,261.0,254.0,479.0,489.0,494.0,255.0,261.0,254.0,247.0,247.0,248.0
1.0,1456.0,763.0,744.0,770.0,769.0,261.0,260.0,248.0,248.0,247.0,249.0,258.0,260.0,245.0,486.0,480.0,490.0,261.0,260.0,248.0,248.0,247.0,249.0
1.0,1463.0,732.0,743.0,769.0,729.0,257.0,236.0,236.0,248.0,247.0,248.0,257.0,236.0,239.0,483.0,481.0,499.0,257.0,236.0,236.0,248.0,247.0,248.0
1.0,1500.0,720.0,743.0,729.0,720.0,236.0,245.0,239.0,248.0,247.0,248.0,236.0,245.0,239.0,487.0,505.0,508.0,236.0,245.0,239.0,248.0,247.0,248.0
1.0,1509.0,766.0,743.0,720.0,766.0,256.0,255.0,255.0,248.0,247.0,248.0,256.0,255.0,255.0,508.0,496.0,505.0,256.0,255.0,255.0,248.0,247.0,248.0
1.0,1463.0,717.0,743.0,766.0,717.0,239.0,239.0,239.0,248.0,247.0,248.0,239.0,239.0,239.0,488.0,486.0,489.0,239.0,239.0,239.0,248.0,247.0,248.0
1.0,1512.0,755.0,743.0,717.0,755.0,244.0,249.0,262.0,248.0,247.0,248.0,244.0,249.0,262.0,505.0,502.0,505.0,244.0,249.0,262.0,248.0,247.0,248.0
1.0,1474.0,708.0,744.0,755.0,711.0,237.0,241.0,233.0,248.0,248.0,248.0,237.0,238.0,233.0,500.0,492.0,482.0,237.0,241.0,233.0,248.0,248.0,248.0
1.0,1521.0,745.0,745.0,711.0,748.0,247.0,248.0,253.0,248.0,248.0,249.0,247.0,248.0,250.0,507.0,503.0,511.0,247.0,248.0,253.0,248.0,248.0,249.0
1.0,1487.0,733.0,745.0,748.0,733.0,243.0,238.0,252.0,248.0,248.0,249.0,243.0,238.0,252.0,497.0,496.0,494.0,243.0,238.0,252.0,248.0,248.0,249.0
1.0,1502.0,759.0,746.0,733.0,762.0,259.0,254.0,249.0,248.0,249.0,249.0,259.0,251.0,249.0,501.0,506.0,495.0,259.0,254.0,249.0,248.0,249.0,249.0
1.0,1476.0,793.0,748.0,762.0,799.0,272.0,257.0,270.0,249.0,249.0,250.0,269.0,257.0,267.0,485.0,493.0,498.0,272.0,257.0,270.0,249.0,249.0,250.0
1.0,1445.0,822.0,749.0,799.0,825.0,265.0,279.0,281.0,249.0,249.0,251.0,265.0,279.0,278.0,475.0,490.0,480.0,265.0,279.0,281.0,249.0,249.0,251.0
1.0,1422.0,799.0,750.0,825.0,802.0,267.0,273.0,262.0,249.0,250.0,251.0,267.0,270.0,262.0,482.0,468.0,472.0,267.0,273.0,262.0,249.0,250.0,251.0
1.0,1448.0,772.0,750.0,802.0,772.0,256.0,261.0,255.0,249.0,250.0,251.0,256.0,261.0,255.0,480.0,477.0,491.0,256.0,261.0,255.0,249.0,250.0,251.0
1.0,1478.0,813.0,752.0,772.0,819.0,266.0,266.0,287.0,250.0,250.0,252.0,263.0,266.0,284.0,491.0,489.0,498.0,266.0,266.0,287.0,250.0,250.0,252.0
1.0,1437.0,798.0,752.0,819.0,798.0,265.0,268.0,265.0,250.0,250.0,252.0,265.0,268.0,265.0,484.0,484.0,469.0,265.0,268.0,265.0,250.0,250.0,252.0
1.0,1458.0,743.0,753.0,798.0,746.0,249.0,251.0,246.0,251.0,250.0,252.0,246.0,251.0,246.0,485.0,482.0,491.0,249.0,251.0,246.0,251.0,250.0,252.0
1.0,1513.0,750.0,753.0,746.0,750.0,246.0,250.0,254.0,251.0,250.0,252.0,246.0,250.0,254.0,504.0,499.0,510.0,246.0,250.0,254.0,251.0,250.0,252.0
1.0,1509.0,749.0,753.0,750.0,749.0,261.0,244.0,244.0,251.0,250.0,252.0,261.0,244.0,244.0,507.0,500.0,502.0,261.0,244.0,244.0,251.0,250.0,252.0
1.0,1510.0,692.0,753.0,749.0,692.0,229.0,237.0,226.0,251.0,250.0,252.0,229.0,237.0,226.0,492.0,506.0,512.0,229.0,237.0,226.0,251.0,250.0,252.0
1.0,1567.0,753.0,753.0,692.0,753.0,261.0,244.0,248.0,251.0,250.0,252.0,261.0,244.0,248.0,524.0,513.0,530.0,261.0,244.0,248.0,251.0,250.0,252.0
1.0,1506.0,759.0,753.0,753.0,759.0,260.0,257.0,242.0,251.0,250.0,252.0,260.0,257.0,242.0,492.0,506.0,508.0,260.0,257.0,242.0,251.0,250.0,252.0
1.0,1500.0,726.0,753.0,759.0,726.0,248.0,232.0,246.0,251.0,250.0,252.0,248.0,232.0,246.0,493.0,493.0,514.0,248.0,232.0,246.0,251.0,250.0,252.0
1.0,1533.0,775.0,752.0,726.0,772.0,267.0,255.0,250.0,251.0,250.0,251.0,267.0,255.0,253.0,505.0,518.0,510.0,267.0,255.0,250.0,251.0,250.0,251.0
1.0,1484.0,767.0,753.0,772.0,770.0,254.0,261.0,255.0,251.0,251.0,251.0,254.0,258.0,255.0,486.0,495.0,503.0,254.0,261.0,255.0,251.0,251.0,251.0
1.0,1489.0,792.0,754.0,770.0,795.0,276.0,255.0,264.0,252.0,251.0,251.0,273.0,255.0,264.0,499.0,492.0,498.0,276.0,255.0,264.0,252.0,251.0,251.0
1.0,1467.0,787.0,754.0,795.0,787.0,269.0,259.0,259.0,252.0,251.0,251.0,269.0,259.0,259.0,480.0,498.0,489.0,269.0,259.0,259.0,252.0,251.0,251.0
1.0,1475.0,823.0,755.0,787.0,826.0,280.0,274.0,272.0,253.0,251.0,251.0,277.0,274.0,272.0,487.0,494.0,494.0,280.0,274.0,272.0,253.0,251.0,251.0
1.0,1439.0,824.0,756.0,826.0,827.0,272.0,287.0,268.0,253.0,252.0,251.0,272.0,284.0,268.0,479.0,479.0,481.0,272.0,287.0,268.0,253.0,252.0,251.0
1.0,1441.0,810.0,756.0,827.0,810.0,265.0,275.0,270.0,253.0,252.0,251.0,265.0,275.0,270.0,487.0,469.0,485.0,265.0,275.0,270.0,253.0,252.0,251.0
1.0,1458.0,767.0,758.0,810.0,773.0,254.0,257.0,262.0,254.0,252.0,252.0,251.0,257.0,259.0,494.0,481.0,483.0,254.0,257.0,262.0,254.0,252.0,252.0
1.0,1501.0,735.0,758.0,773.0,735.0,236.0,251.0,248.0,254.0,252.0,252.0,236.0,251.0,248.0,508.0,499.0,494.0,236.0,251.0,248.0,254.0,252.0,252.0
1.0,1539.0,762.0,758.0,735.0,762.0,252.0,250.0,260.0,254.0,252.0,252.0,252.0,250.0,260.0,526.0,505.0,508.0,252.0,250.0,260.0,254.0,252.0,252.0
1.0,1512.0,751.0,757.0,762.0,748.0,232.0,254.0,262.0,253.0,252.0,252.0,235.0,254.0,262.0,510.0,506.0,496.0,232.0,254.0,262.0,253.0,252.0,252.0
1.0,1523.0,760.0,759.0,748.0,766.0,237.0,261.0,268.0,253.0,253.0,253.0,237.0,258.0,265.0,527.0,502.0,494.0,237.0,261.0,268.0,253.0,253.0,253.0
1.0,1511.0,785.0,761.0,766.0,791.0,265.0,254.0,272.0,254.0,253.0,254.0,262.0,254.0,269.0,522.0,498.0,491.0,265.0,254.0,272.0,254.0,253.0,254.0
1.0,1492.0,725.0,760.0,791.0,722.0,235.0,249.0,238.0,253.0,253.0,254.0,238.0,249.0,238.0,497.0,505.0,490.0,235.0,249.0,238.0,253.0,253.0,254.0
1.0,1558.0,803.0,761.0,722.0,806.0,261.0,271.0,274.0,253.0,253.0,255.0,261.0,271.0,271.0,524.0,510.0,524.0,261.0,271.0,274.0,253.0,253.0,255.0
1.0,1477.0,803.0,761.0,806.0,803.0,276.0,262.0,265.0,254.0,253.0,254.0,273.0,262.0,268.0,498.0,488.0,491.0,276.0,262.0,265.0,254.0,253.0,254.0
1.0,1480.0,801.0,763.0,803.0,807.0,277.0,267.0,263.0,254.0,254.0,255.0,277.0,264.0,260.0,486.0,497.0,497.0,277.0,267.0,263.0,254.0,254.0,255.0
1.0,1482.0,787.0,763.0,807.0,787.0,274.0,261.0,252.0,255.0,254.0,254.0,271.0,261.0,255.0,485.0,495.0,502.0,274.0,261.0,252.0,255.0,254.0,254.0
1.0,1502.0,844.0,763.0,787.0,844.0,298.0,275.0,271.0,255.0,254.0,254.0,298.0,275.0,271.0,491.0,501.0,510.0,298.0,275.0,271.0,255.0,254.0,254.0
1.0,1445.0,791.0,765.0,844.0,797.0,278.0,267.0,252.0,256.0,255.0,254.0,275.0,264.0,252.0,467.0,487.0,491.0,278.0,267.0,252.0,256.0,255.0,254.0
1.0,1498.0,806.0,765.0,797.0,806.0,273.0,275.0,258.0,256.0,255.0,254.0,273.0,275.0,258.0,490.0,498.0,510.0,273.0,275.0,258.0,256.0,255.0,254.0
1.0,1489.0,744.0,765.0,806.0,744.0,250.0,253.0,241.0,256.0,255.0,254.0,250.0,253.0,241.0,495.0,490.0,504.0,250.0,253.0,241.0,256.0,255.0,254.0
1.0,1551.0,761.0,767.0,744.0,767.0,254.0,260.0,253.0,257.0,256.0,254.0,251.0,257.0,253.0,518.0,512.0,521.0,254.0,260.0,253.0,257.0,256.0,254.0
1.0,1534.0,740.0,768.0,767.0,743.0,243.0,248.0,252.0,257.0,256.0,255.0,243.0,248.0,249.0,517.0,508.0,509.0,243.0,248.0,252.0,257.0,256.0,255.0
1.0,1561.0,813.0,769.0,743.0,816.0,261.0,282.0,273.0,257.0,257.0,255.0,261.0,279.0,273.0,528.0,520.0,513.0,261.0,282.0,273.0,257.0,257.0,255.0
1.0,1491.0,768.0,770.0,816.0,771.0,248.0,254.0,269.0,257.0,257.0,256.0,248.0,254.0,266.0,510.0,489.0,492.0,248.0,254.0,269.0,257.0,257.0,256.0
1.0,1539.0,807.0,770.0,771.0,807.0,264.0,264.0,279.0,257.0,257.0,256.0,264.0,264.0,279.0,523.0,517.0,499.0,264.0,264.0,279.0,257.0,257.0,256.0
1.0,1503.0,798.0,770.0,807.0,798.0,265.0,268.0,265.0,257.0,257.0,256.0,265.0,268.0,265.0,507.0,507.0,489.0,265.0,268.0,265.0,257.0,257.0,256.0
1.0,1512.0,780.0,771.0,798.0,783.0,259.0,261.0,263.0,257.0,257.0,257.0,259.0,261.0,260.0,506.0,503.0,503.0,259.0,261.0,263.0,257.0,257.0,257.0
1.0,1530.0,809.0,772.0,783.0,812.0,282.0,263.0,267.0,258.0,257.0,257.0,279.0,263.0,267.0,512.0,510.0,508.0,282.0,263.0,267.0,258.0,257.0,257.0
1.0,1504.0,814.0,774.0,812.0,820.0,270.0,277.0,273.0,258.0,258.0,258.0,270.0,274.0,270.0,492.0,508.0,504.0,270.0,277.0,273.0,258.0,258.0,258.0
1.0,1502.0,837.0,775.0,820.0,840.0,285.0,276.0,279.0,259.0,258.0,258.0,282.0,276.0,279.0,504.0,497.0,501.0,285.0,276.0,279.0,259.0,258.0,258.0
1.0,1485.0,837.0,777.0,840.0,843.0,283.0,274.0,286.0,259.0,259.0,259.0,283.0,271.0,283.0,492.0,498.0,495.0,283.0,274.0,286.0,259.0,259.0,259.0
1.0,1488.0,760.0,778.0,843.0,763.0,261.0,248.0,254.0,260.0,259.0,259.0,258.0,248.0,254.0,494.0,503.0,491.0,261.0,248.0,254.0,260.0,259.0,259.0
1.0,1571.0,761.0,778.0,763.0,761.0,257.0,254.0,250.0,260.0,259.0,259.0,257.0,254.0,250.0,519.0,529.0,523.0,257.0,254.0,250.0,260.0,259.0,259.0
1.0,1573.0,740.0,778.0,761.0,740.0,246.0,239.0,255.0,260.0,259.0,259.0,246.0,239.0,255.0,523.0,523.0,527.0,246.0,239.0,255.0,260.0,259.0,259.0
1.0,1594.0,778.0,779.0,740.0,781.0,261.0,253.0,267.0,260.0,259.0,260.0,261.0,253.0,264.0,534.0,538.0,522.0,261.0,253.0,267.0,260.0,259.0,260.0
1.0,1556.0,741.0,779.0,781.0,741.0,248.0,246.0,247.0,260.0,259.0,260.0,248.0,246.0,247.0,519.0,524.0,513.0,248.0,246.0,247.0,260.0,259.0,260.0
1.0,1596.0,787.0,779.0,741.0,787.0,251.0,261.0,275.0,260.0,259.0,260.0,251.0,261.0,275.0,532.0,531.0,533.0,251.0,261.0,275.0,260.0,259.0,260.0
1.0,1550.0,783.0,780.0,787.0,786.0,253.0,271.0,262.0,260.0,260.0,260.0,253.0,268.0,262.0,529.0,516.0,505.0,253.0,271.0,262.0,260.0,260.0,260.0
1.0,1554.0,782.0,779.0,786.0,779.0,241.0,274.0,264.0,259.0,260.0,260.0,244.0,274.0,264.0,527.0,509.0,518.0,241.0,274.0,264.0,259.0,260.0,260.0
1.0,1558.0,860.0,780.0,779.0,863.0,292.0,292.0,279.0,260.0,260.0,260.0,289.0,292.0,279.0,536.0,506.0,516.0,292.0,292.0,279.0,260.0,260.0,260.0
1.0,1477.0,806.0,780.0,863.0,806.0,264.0,281.0,261.0,260.0,260.0,260.0,264.0,281.0,261.0,488.0,488.0,501.0,264.0,281.0,261.0,260.0,260.0,260.0
1.0,1534.0,813.0,780.0,806.0,813.0,263.0,273.0,277.0,260.0,260.0,260.0,263.0,273.0,277.0,516.0,499.0,519.0,263.0,273.0,277.0,260.0,260.0,260.0
1.0,1527.0,796.0,780.0,813.0,796.0,261.0,269.0,266.0,260.0,260.0,260.0,261.0,269.0,266.0,517.0,507.0,503.0,261.0,269.0,266.0,260.0,260.0,260.0
1.0,1544.0,828.0,783.0,796.0,837.0,285.0,278.0,274.0,261.0,261.0,261.0,282.0,275.0,271.0,519.0,511.0,514.0,285.0,278.0,274.0,261.0,261.0,261.0
1.0,1512.0,804.0,783.0,837.0,804.0,269.0,266.0,269.0,261.0,261.0,261.0,269.0,266.0,269.0,498.0,505.0,509.0,269.0,266.0,269.0,261.0,261.0,261.0
1.0,1545.0,826.0,784.0,804.0,829.0,277.0,275.0,277.0,261.0,262.0,261.0,277.0,272.0,277.0,514.0,517.0,514.0,277.0,275.0,277.0,261.0,262.0,261.0
1.0,1523.0,809.0,786.0,829.0,815.0,278.0,253.0,284.0,262.0,262.0,262.0,275.0,253.0,281.0,506.0,511.0,506.0,278.0,253.0,284.0,262.0,262.0,262.0
1.0,1543.0,763.0,787.0,815.0,766.0,258.0,252.0,256.0,262.0,262.0,263.0,258.0,252.0,253.0,508.0,533.0,502.0,258.0,252.0,256.0,262.0,262.0,263.0
1.0,1595.0,801.0,787.0,766.0,801.0,262.0,260.0,279.0,262.0,262.0,263.0,262.0,260.0,279.0,528.0,534.0,533.0,262.0,260.0,279.0,262.0,262.0,263.0
1.0,1560.0,764.0,789.0,801.0,770.0,255.0,248.0,267.0,262.0,263.0,264.0,255.0,245.0,264.0,524.0,526.0,510.0,255.0,248.0,267.0,262.0,263.0,264.0
1.0,1597.0,810.0,789.0,770.0,810.0,271.0,260.0,279.0,262.0,263.0,264.0,271.0,260.0,279.0,531.0,541.0,525.0,271.0,260.0,279.0,262.0,263.0,264.0
1.0,1557.0,750.0,788.0,810.0,747.0,252.0,245.0,250.0,262.0,262.0,264.0,252.0,248.0,250.0,515.0,529.0,513.0,252.0,245.0,250.0,262.0,262.0,264.0
1.0,1617.0,791.0,789.0,747.0,794.0,263.0,267.0,264.0,262.0,263.0,264.0,263.0,264.0,264.0,534.0,541.0,542.0,263.0,267.0,264.0,262.0,263.0,264.0
1.0,1573.0,807.0,789.0,794.0,807.0,261.0,270.0,276.0,262.0,263.0,264.0,261.0,270.0,276.0,523.0,522.0,528.0,261.0,270.0,276.0,262.0,263.0,264.0
1.0,1560.0,793.0,789.0,807.0,793.0,253.0,288.0,252.0,262.0,263.0,264.0,253.0,288.0,252.0,525.0,519.0,516.0,253.0,288.0,252.0,262.0,263.0,264.0
1.0,1574.0,884.0,790.0,793.0,887.0,296.0,308.0,283.0,262.0,264.0,264.0,296.0,305.0,283.0,533.0,501.0,540.0,296.0,308.0,283.0,262.0,264.0,264.0
1.0,1483.0,790.0,789.0,887.0,787.0,271.0,269.0,247.0,262.0,263.0,264.0,271.0,272.0,247.0,490.0,484.0,509.0,271.0,269.0,247.0,262.0,263.0,264.0
1.0,1580.0,834.0,791.0,787.0,840.0,286.0,288.0,266.0,263.0,264.0,264.0,283.0,285.0,266.0,515.0,520.0,545.0,286.0,288.0,266.0,263.0,264.0,264.0
1.0,1533.0,802.0,791.0,840.0,802.0,271.0,273.0,258.0,263.0,264.0,264.0,271.0,273.0,258.0,503.0,504.0,526.0,271.0,273.0,258.0,263.0,264.0,264.0
1.0,1571.0,787.0,793.0,802.0,793.0,265.0,278.0,250.0,264.0,265.0,264.0,262.0,275.0,250.0,518.0,519.0,534.0,265.0,278.0,250.0,264.0,265.0,264.0
1.0,1586.0,809.0,793.0,793.0,809.0,274.0,266.0,269.0,264.0,265.0,264.0,274.0,266.0,269.0,527.0,517.0,542.0,274.0,266.0,269.0,264.0,265.0,264.0
1.0,1570.0,766.0,794.0,809.0,769.0,259.0,256.0,254.0,265.0,265.0,264.0,256.0,256.0,254.0,518.0,529.0,523.0,259.0,256.0,254.0,265.0,265.0,264.0
1.0,1613.0,787.0,794.0,769.0,787.0,255.0,264.0,268.0,265.0,265.0,264.0,255.0,264.0,268.0,536.0,539.0,538.0,255.0,264.0,268.0,265.0,265.0,264.0
1.0,1595.0,806.0,795.0,787.0,809.0,270.0,271.0,268.0,265.0,266.0,264.0,270.0,268.0,268.0,540.0,531.0,524.0,270.0,271.0,268.0,265.0,266.0,264.0
1.0,1576.0,793.0,795.0,809.0,793.0,259.0,254.0,280.0,265.0,265.0,265.0,259.0,257.0,277.0,525.0,527.0,524.0,259.0,254.0,280.0,265.0,265.0,265.0
1.0,1592.0,835.0,796.0,793.0,838.0,274.0,284.0,280.0,265.0,266.0,265.0,274.0,281.0,280.0,536.0,541.0,515.0,274.0,284.0,280.0,265.0,266.0,265.0
1.0,1550.0,802.0,796.0,838.0,802.0,271.0,265.0,266.0,265.0,266.0,265.0,271.0,265.0,266.0,521.0,514.0,515.0,271.0,265.0,266.0,265.0,266.0,265.0
1.0,1586.0,805.0,796.0,802.0,805.0,269.0,257.0,279.0,265.0,266.0,265.0,269.0,257.0,279.0,524.0,533.0,529.0,269.0,257.0,279.0,265.0,266.0,265.0
1.0,1583.0,832.0,797.0,805.0,835.0,280.0,269.0,286.0,265.0,266.0,266.0,280.0,269.0,283.0,526.0,541.0,516.0,280.0,269.0,286.0,265.0,266.0,266.0
1.0,1556.0,827.0,797.0,835.0,827.0,279.0,280.0,268.0,265.0,266.0,266.0,279.0,280.0,268.0,515.0,529.0,512.0,279.0,280.0,268.0,265.0,266.0,266.0
1.0,1564.0,772.0,797.0,827.0,772.0,267.0,258.0,247.0,265.0,266.0,266.0,267.0,258.0,247.0,516.0,518.0,530.0,267.0,258.0,247.0,265.0,266.0,266.0
1.0,1619.0,812.0,797.0,772.0,812.0,275.0,273.0,264.0,265.0,266.0,266.0,275.0,273.0,264.0,528.0,540.0,551.0,275.0,273.0,264.0,265.0,266.0,266.0
1.0,1579.0,794.0,797.0,812.0,794.0,265.0,270.0,259.0,265.0,266.0,266.0,265.0,270.0,259.0,520.0,525.0,534.0,265.0,270.0,259.0,265.0,266.0,266.0
1.0,1597.0,818.0,800.0,794.0,827.0,279.0,278.0,270.0,266.0,267.0,267.0,276.0,275.0,267.0,530.0,528.0,539.0,279.0,278.0,270.0,266.0,267.0,267.0
1.0,1573.0,806.0,799.0,827.0,803.0,273.0,274.0,256.0,266.0,267.0,266.0,273.0,274.0,259.0,519.0,523.0,531.0,273.0,274.0,256.0,266.0,267.0,266.0
1.0,1594.0,792.0,800.0,803.0,795.0,270.0,282.0,243.0,267.0,267.0,266.0,267.0,282.0,243.0,525.0,527.0,542.0,270.0,282.0,243.0,267.0,267.0,266.0
1.0,1605.0,815.0,801.0,795.0,818.0,265.0,285.0,268.0,267.0,268.0,266.0,265.0,282.0,268.0,531.0,519.0,555.0,265.0,285.0,268.0,267.0,268.0,266.0
1.0,1585.0,827.0,801.0,818.0,827.0,272.0,285.0,270.0,267.0,268.0,266.0,272.0,285.0,270.0,536.0,519.0,530.0,272.0,285.0,270.0,267.0,268.0,266.0
1.0,1576.0,832.0,801.0,827.0,832.0,267.0,291.0,274.0,267.0,268.0,266.0,267.0,291.0,274.0,529.0,519.0,528.0,267.0,291.0,274.0,267.0,268.0,266.0
1.0,1571.0,790.0,801.0,832.0,790.0,264.0,255.0,271.0,267.0,268.0,266.0,264.0,255.0,271.0,534.0,513.0,524.0,264.0,255.0,271.0,267.0,268.0,266.0
1.0,1613.0,818.0,801.0,790.0,818.0,268.0,274.0,276.0,267.0,268.0,266.0,268.0,274.0,276.0,537.0,549.0,527.0,268.0,274.0,276.0,267.0,268.0,266.0
1.0,1585.0,846.0,801.0,818.0,846.0,270.0,280.0,296.0,266.0,268.0,267.0,273.0,280.0,293.0,533.0,530.0,522.0,270.0,280.0,296.0,266.0,268.0,267.0
1.0,1557.0,772.0,800.0,846.0,769.0,255.0,248.0,266.0,266.0,268.0,266.0,255.0,248.0,269.0,528.0,524.0,505.0,255.0,248.0,266.0,266.0,268.0,266.0
1.0,1631.0,855.0,802.0,769.0,861.0,276.0,290.0,295.0,266.0,269.0,267.0,276.0,287.0,292.0,543.0,556.0,532.0,276.0,290.0,295.0,266.0,269.0,267.0
1.0,1545.0,782.0,802.0,861.0,782.0,263.0,251.0,268.0,266.0,269.0,267.0,263.0,251.0,268.0,522.0,517.0,506.0,263.0,251.0,268.0,266.0,269.0,267.0
1.0,1624.0,817.0,804.0,782.0,823.0,277.0,273.0,273.0,267.0,269.0,268.0,274.0,273.0,270.0,535.0,556.0,533.0,277.0,273.0,273.0,267.0,269.0,268.0
1.0,1589.0,828.0,805.0,823.0,831.0,282.0,270.0,279.0,267.0,270.0,268.0,282.0,267.0,279.0,524.0,534.0,531.0,282.0,270.0,279.0,267.0,270.0,268.0
1.0,1584.0,793.0,806.0,831.0,796.0,280.0,258.0,258.0,268.0,270.0,268.0,277.0,258.0,258.0,519.0,540.0,525.0,280.0,258.0,258.0,268.0,270.0,268.0
1.0,1622.0,812.0,806.0,796.0,812.0,267.0,261.0,284.0,268.0,270.0,268.0,267.0,261.0,284.0,524.0,552.0,546.0,267.0,261.0,284.0,268.0,270.0,268.0
1.0,1606.0,849.0,808.0,812.0,855.0,283.0,281.0,291.0,269.0,270.0,269.0,280.0,281.0,288.0,537.0,549.0,520.0,283.0,281.0,291.0,269.0,270.0,269.0
1.0,1569.0,824.0,808.0,855.0,824.0,273.0,277.0,274.0,269.0,270.0,269.0,273.0,277.0,274.0,524.0,529.0,516.0,273.0,277.0,274.0,269.0,270.0,269.0
1.0,1600.0,822.0,808.0,824.0,822.0,277.0,275.0,270.0,269.0,270.0,269.0,277.0,275.0,270.0,534.0,533.0,533.0,277.0,275.0,270.0,269.0,270.0,269.0
1.0,1602.0,855.0,808.0,822.0,855.0,279.0,285.0,291.0,269.0,270.0,269.0,279.0,285.0,291.0,530.0,535.0,537.0,279.0,285.0,291.0,269.0,270.0,269.0
1.0,1569.0,862.0,810.0,855.0,868.0,279.0,294.0,295.0,270.0,270.0,270.0,276.0,294.0,292.0,528.0,525.0,516.0,279.0,294.0,295.0,270.0,270.0,270.0
1.0,1562.0,845.0,810.0,868.0,845.0,271.0,284.0,290.0,270.0,270.0,270.0,271.0,284.0,290.0,531.0,516.0,515.0,271.0,284.0,290.0,270.0,270.0,270.0
1.0,1585.0,774.0,809.0,845.0,771.0,254.0,258.0,259.0,269.0,270.0,270.0,257.0,258.0,259.0,539.0,526.0,520.0,254.0,258.0,259.0,269.0,270.0,270.0
1.0,1656.0,804.0,809.0,771.0,804.0,267.0,265.0,272.0,269.0,270.0,270.0,267.0,265.0,272.0,553.0,552.0,551.0,267.0,265.0,272.0,269.0,270.0,270.0
1.0,1623.0,795.0,809.0,804.0,795.0,272.0,257.0,266.0,269.0,270.0,270.0,272.0,257.0,266.0,540.0,545.0,538.0,272.0,257.0,266.0,269.0,270.0,270.0
1.0,1632.0,778.0,808.0,795.0,775.0,264.0,258.0,253.0,269.0,270.0,269.0,264.0,258.0,256.0,535.0,553.0,544.0,264.0,258.0,253.0,269.0,270.0,269.0
1.0,1649.0,805.0,809.0,775.0,808.0,272.0,266.0,270.0,269.0,270.0,270.0,272.0,266.0,267.0,543.0,552.0,554.0,272.0,266.0,270.0,269.0,270.0,270.0
1.0,1619.0,867.0,811.0,808.0,873.0,307.0,281.0,285.0,270.0,271.0,270.0,304.0,278.0,285.0,535.0,544.0,540.0,307.0,281.0,285.0,270.0,271.0,270.0
1.0,1560.0,818.0,811.0,873.0,818.0,273.0,266.0,279.0,270.0,271.0,270.0,273.0,266.0,279.0,503.0,532.0,525.0,273.0,266.0,279.0,270.0,271.0,270.0
1.0,1615.0,829.0,812.0,818.0,832.0,282.0,278.0,272.0,271.0,271.0,270.0,279.0,278.0,272.0,537.0,547.0,531.0,282.0,278.0,272.0,271.0,271.0,270.0
1.0,1604.0,878.0,814.0,832.0,884.0,294.0,286.0,304.0,271.0,272.0,271.0,294.0,283.0,301.0,531.0,535.0,538.0,294.0,286.0,304.0,271.0,272.0,271.0
1.0,1558.0,860.0,815.0,884.0,863.0,281.0,290.0,292.0,272.0,272.0,271.0,278.0,290.0,292.0,519.0,530.0,509.0,281.0,290.0,292.0,272.0,272.0,271.0
1.0,1582.0,876.0,817.0,863.0,882.0,292.0,296.0,294.0,272.0,273.0,272.0,292.0,293.0,291.0,535.0,526.0,521.0,292.0,296.0,294.0,272.0,273.0,272.0
1.0,1569.0,849.0,818.0,882.0,852.0,277.0,285.0,290.0,273.0,273.0,272.0,274.0,285.0,290.0,524.0,523.0,522.0,277.0,285.0,290.0,273.0,273.0,272.0
1.0,1602.0,809.0,816.0,852.0,803.0,262.0,262.0,279.0,272.0,272.0,272.0,265.0,265.0,279.0,542.0,534.0,526.0,262.0,262.0,279.0,272.0,272.0,272.0
1.0,1645.0,830.0,817.0,803.0,833.0,267.0,282.0,284.0,272.0,272.0,273.0,267.0,282.0,281.0,554.0,554.0,537.0,267.0,282.0,284.0,272.0,272.0,273.0
1.0,1618.0,837.0,817.0,833.0,837.0,286.0,280.0,271.0,272.0,272.0,273.0,286.0,280.0,271.0,549.0,534.0,535.0,286.0,280.0,271.0,272.0,272.0,273.0
1.0,1614.0,783.0,817.0,837.0,783.0,248.0,271.0,264.0,272.0,272.0,273.0,248.0,271.0,264.0,530.0,536.0,548.0,248.0,271.0,264.0,272.0,272.0,273.0
1.0,1668.0,840.0,818.0,783.0,843.0,277.0,285.0,281.0,272.0,272.0,274.0,277.0,285.0,278.0,568.0,545.0,555.0,277.0,285.0,281.0,272.0,272.0,274.0
1.0,1611.0,804.0,818.0,843.0,804.0,281.0,260.0,263.0,272.0,272.0,274.0,281.0,260.0,263.0,539.0,531.0,541.0,281.0,260.0,263.0,272.0,272.0,274.0
1.0,1650.0,818.0,819.0,804.0,821.0,292.0,261.0,268.0,273.0,272.0,274.0,289.0,261.0,268.0,535.0,556.0,559.0,292.0,261.0,268.0,273.0,272.0,274.0
1.0,1636.0,831.0,819.0,821.0,831.0,291.0,268.0,272.0,273.0,272.0,274.0,291.0,268.0,272.0,527.0,555.0,554.0,291.0,268.0,272.0,273.0,272.0,274.0
1.0,1626.0,821.0,819.0,831.0,821.0,276.0,272.0,273.0,273.0,272.0,274.0,276.0,272.0,273.0,528.0,548.0,550.0,276.0,272.0,273.0,273.0,272.0,274.0
1.0,1636.0,862.0,821.0,821.0,868.0,304.0,281.0,283.0,274.0,273.0,274.0,301.0,278.0,283.0,543.0,544.0,549.0,304.0,281.0,283.0,274.0,273.0,274.0
1.0,1595.0,865.0,822.0,868.0,868.0,293.0,291.0,284.0,275.0,273.0,274.0,290.0,291.0,284.0,518.0,538.0,539.0,293.0,291.0,284.0,275.0,273.0,274.0
1.0,1598.0,847.0,823.0,868.0,850.0,278.0,296.0,276.0,275.0,274.0,274.0,278.0,293.0,276.0,532.0,528.0,538.0,278.0,296.0,276.0,275.0,274.0,274.0
1.0,1619.0,826.0,823.0,850.0,826.0,273.0,281.0,272.0,275.0,274.0,274.0,273.0,281.0,272.0,547.0,526.0,546.0,273.0,281.0,272.0,275.0,274.0,274.0
1.0,1643.0,878.0,825.0,826.0,884.0,279.0,295.0,310.0,275.0,275.0,275.0,279.0,292.0,307.0,552.0,541.0,550.0,279.0,295.0,310.0,275.0,275.0,275.0
1.0,1591.0,840.0,825.0,884.0,840.0,275.0,285.0,280.0,275.0,275.0,275.0,275.0,285.0,280.0,546.0,530.0,515.0,275.0,285.0,280.0,275.0,275.0,275.0
1.0,1635.0,851.0,826.0,840.0,854.0,278.0,272.0,304.0,275.0,275.0,276.0,278.0,272.0,301.0,550.0,540.0,545.0,278.0,272.0,304.0,275.0,275.0,276.0
1.0,1624.0,827.0,826.0,854.0,827.0,268.0,274.0,285.0,275.0,275.0,276.0,268.0,274.0,285.0,547.0,553.0,524.0,268.0,274.0,285.0,275.0,275.0,276.0
1.0,1651.0,908.0,828.0,827.0,914.0,286.0,323.0,305.0,275.0,276.0,277.0,286.0,320.0,302.0,557.0,551.0,543.0,286.0,323.0,305.0,275.0,276.0,277.0
1.0,1570.0,822.0,828.0,914.0,822.0,269.0,272.0,281.0,275.0,276.0,277.0,269.0,272.0,281.0,539.0,505.0,526.0,269.0,272.0,281.0,275.0,276.0,277.0
1.0,1662.0,834.0,829.0,822.0,837.0,278.0,278.0,281.0,275.0,276.0,278.0,278.0,278.0,278.0,556.0,556.0,550.0,278.0,278.0,281.0,275.0,276.0,278.0
1.0,1650.0,871.0,831.0,837.0,877.0,300.0,285.0,292.0,276.0,276.0,279.0,297.0,285.0,289.0,547.0,550.0,553.0,300.0,285.0,292.0,276.0,276.0,279.0
1.0,1616.0,886.0,831.0,877.0,886.0,294.0,291.0,301.0,276.0,276.0,279.0,294.0,291.0,301.0,528.0,543.0,545.0,294.0,291.0,301.0,276.0,276.0,279.0
1.0,1607.0,873.0,833.0,886.0,879.0,308.0,276.0,295.0,277.0,276.0,280.0,305.0,276.0,292.0,534.0,537.0,536.0,308.0,276.0,295.0,277.0,276.0,280.0
1.0,1620.0,858.0,833.0,879.0,858.0,287.0,295.0,276.0,277.0,276.0,280.0,287.0,295.0,276.0,523.0,552.0,545.0,287.0,295.0,276.0,277.0,276.0,280.0
1.0,1641.0,879.0,835.0,858.0,885.0,300.0,295.0,290.0,278.0,277.0,280.0,297.0,292.0,290.0,544.0,533.0,564.0,300.0,295.0,290.0,278.0,277.0,280.0
1.0,1620.0,856.0,835.0,885.0,856.0,290.0,283.0,283.0,278.0,277.0,280.0,290.0,283.0,283.0,534.0,536.0,550.0,290.0,283.0,283.0,278.0,277.0,280.0
1.0,1649.0,887.0,836.0,856.0,890.0,300.0,294.0,296.0,279.0,277.0,280.0,297.0,294.0,296.0,544.0,548.0,557.0,300.0,294.0,296.0,279.0,277.0,280.0
1.0,1618.0,834.0,838.0,890.0,840.0,279.0,279.0,282.0,279.0,278.0,281.0,279.0,276.0,279.0,537.0,537.0,544.0,279.0,279.0,282.0,279.0,278.0,281.0
1.0,1674.0,864.0,838.0,840.0,864.0,286.0,285.0,293.0,279.0,278.0,281.0,286.0,285.0,293.0,558.0,555.0,561.0,286.0,285.0,293.0,279.0,278.0,281.0
1.0,1650.0,804.0,838.0,864.0,804.0,264.0,272.0,268.0,279.0,278.0,281.0,264.0,272.0,268.0,551.0,549.0,550.0,264.0,272.0,268.0,279.0,278.0,281.0
1.0,1710.0,805.0,838.0,804.0,805.0,264.0,273.0,268.0,279.0,278.0,281.0,264.0,273.0,268.0,573.0,562.0,575.0,264.0,273.0,268.0,279.0,278.0,281.0
1.0,1709.0,840.0,838.0,805.0,840.0,284.0,275.0,281.0,279.0,278.0,281.0,284.0,275.0,281.0,573.0,561.0,575.0,284.0,275.0,281.0,279.0,278.0,281.0
1.0,1674.0,839.0,839.0,840.0,842.0,271.0,289.0,282.0,279.0,279.0,281.0,271.0,286.0,282.0,553.0,559.0,562.0,271.0,289.0,282.0,279.0,279.0,281.0
1.0,1675.0,856.0,840.0,842.0,859.0,291.0,286.0,282.0,280.0,279.0,281.0,288.0,286.0,282.0,566.0,548.0,561.0,291.0,286.0,282.0,280.0,279.0,281.0
1.0,1661.0,884.0,841.0,859.0,887.0,298.0,297.0,292.0,280.0,280.0,281.0,298.0,294.0,292.0,549.0,551.0,561.0,298.0,297.0,292.0,280.0,280.0,281.0
1.0,1636.0,890.0,841.0,887.0,890.0,299.0,304.0,287.0,280.0,280.0,281.0,299.0,304.0,287.0,542.0,543.0,551.0,299.0,304.0,287.0,280.0,280.0,281.0
1.0,1633.0,893.0,843.0,890.0,899.0,299.0,285.0,315.0,281.0,280.0,282.0,296.0,285.0,312.0,541.0,536.0,556.0,299.0,285.0,315.0,281.0,280.0,282.0
1.0,1630.0,889.0,843.0,899.0,889.0,307.0,296.0,286.0,281.0,280.0,282.0,307.0,296.0,286.0,544.0,555.0,531.0,307.0,296.0,286.0,281.0,280.0,282.0
1.0,1640.0,865.0,844.0,889.0,868.0,305.0,278.0,285.0,282.0,280.0,282.0,302.0,278.0,285.0,536.0,544.0,560.0,305.0,278.0,285.0,282.0,280.0,282.0
1.0,1664.0,896.0,845.0,868.0,899.0,291.0,309.0,299.0,282.0,281.0,282.0,291.0,306.0,299.0,541.0,562.0,561.0,291.0,309.0,299.0,282.0,281.0,282.0
1.0,1636.0,864.0,847.0,899.0,870.0,293.0,287.0,290.0,283.0,281.0,283.0,290.0,287.0,287.0,555.0,534.0,547.0,293.0,287.0,290.0,283.0,281.0,283.0
1.0,1671.0,876.0,848.0,870.0,879.0,294.0,291.0,294.0,283.0,282.0,283.0,294.0,288.0,294.0,556.0,556.0,559.0,294.0,291.0,294.0,283.0,282.0,283.0
1.0,1665.0,805.0,849.0,879.0,808.0,281.0,269.0,258.0,284.0,282.0,283.0,278.0,269.0,258.0,555.0,555.0,555.0,281.0,269.0,258.0,284.0,282.0,283.0
1.0,1739.0,808.0,849.0,808.0,808.0,265.0,267.0,276.0,284.0,282.0,283.0,265.0,267.0,276.0,571.0,577.0,591.0,265.0,267.0,276.0,284.0,282.0,283.0
1.0,1739.0,774.0,848.0,808.0,771.0,253.0,253.0,265.0,283.0,282.0,283.0,256.0,253.0,265.0,587.0,579.0,573.0,253.0,253.0,265.0,283.0,282.0,283.0
1.0,1773.0,807.0,847.0,771.0,804.0,257.0,273.0,274.0,282.0,282.0,283.0,260.0,273.0,274.0,596.0,593.0,584.0,257.0,273.0,274.0,282.0,282.0,283.0
1.0,1737.0,825.0,847.0,804.0,825.0,274.0,278.0,273.0,282.0,282.0,283.0,274.0,278.0,273.0,589.0,573.0,575.0,274.0,278.0,273.0,282.0,282.0,283.0
1.0,1716.0,811.0,847.0,825.0,811.0,277.0,278.0,256.0,282.0,282.0,283.0,277.0,278.0,256.0,572.0,568.0,576.0,277.0,278.0,256.0,282.0,282.0,283.0
1.0,1730.0,858.0,846.0,811.0,855.0,291.0,288.0,276.0,282.0,282.0,282.0,291.0,288.0,279.0,569.0,568.0,593.0,291.0,288.0,276.0,282.0,282.0,282.0
1.0,1683.0,872.0,847.0,855.0,875.0,296.0,300.0,279.0,283.0,282.0,282.0,293.0,300.0,279.0,555.0,558.0,570.0,296.0,300.0,279.0,283.0,282.0,282.0
1.0,1666.0,903.0,847.0,875.0,903.0,296.0,307.0,300.0,283.0,282.0,282.0,296.0,307.0,300.0,553.0,546.0,567.0,296.0,307.0,300.0,283.0,282.0,282.0
1.0,1638.0,874.0,847.0,903.0,874.0,301.0,283.0,290.0,283.0,282.0,282.0,301.0,283.0,290.0,553.0,539.0,546.0,301.0,283.0,290.0,283.0,282.0,282.0
1.0,1667.0,881.0,849.0,874.0,887.0,290.0,302.0,295.0,284.0,283.0,282.0,287.0,299.0,295.0,548.0,563.0,556.0,290.0,302.0,295.0,284.0,283.0,282.0
1.0,1660.0,889.0,850.0,887.0,892.0,304.0,284.0,304.0,284.0,283.0,283.0,304.0,284.0,301.0,562.0,547.0,551.0,304.0,284.0,304.0,284.0,283.0,283.0
1.0,1658.0,873.0,850.0,892.0,873.0,295.0,288.0,290.0,284.0,283.0,283.0,295.0,288.0,290.0,548.0,565.0,545.0,295.0,288.0,290.0,284.0,283.0,283.0
1.0,1677.0,875.0,853.0,873.0,884.0,293.0,292.0,299.0,285.0,284.0,284.0,290.0,289.0,296.0,557.0,561.0,559.0,293.0,292.0,299.0,285.0,284.0,284.0
1.0,1675.0,833.0,852.0,884.0,830.0,276.0,276.0,278.0,285.0,283.0,284.0,276.0,279.0,278.0,562.0,560.0,553.0,276.0,276.0,278.0,285.0,283.0,284.0
1.0,1726.0,846.0,853.0,830.0,849.0,275.0,281.0,293.0,285.0,284.0,284.0,275.0,278.0,293.0,579.0,573.0,574.0,275.0,281.0,293.0,285.0,284.0,284.0
1.0,1710.0,830.0,854.0,849.0,833.0,268.0,281.0,284.0,285.0,284.0,285.0,268.0,281.0,281.0,580.0,571.0,559.0,268.0,281.0,284.0,285.0,284.0,285.0
1.0,1729.0,893.0,855.0,833.0,896.0,290.0,302.0,304.0,285.0,285.0,285.0,290.0,299.0,304.0,587.0,571.0,571.0,290.0,302.0,304.0,285.0,285.0,285.0
1.0,1669.0,848.0,856.0,896.0,851.0,276.0,283.0,292.0,285.0,285.0,286.0,276.0,283.0,289.0,565.0,553.0,551.0,276.0,283.0,292.0,285.0,285.0,286.0
1.0,1717.0,915.0,857.0,851.0,918.0,306.0,312.0,300.0,285.0,286.0,286.0,306.0,309.0,300.0,579.0,572.0,566.0,306.0,312.0,300.0,285.0,286.0,286.0
1.0,1653.0,878.0,857.0,918.0,878.0,298.0,290.0,290.0,285.0,286.0,286.0,298.0,290.0,290.0,549.0,546.0,558.0,298.0,290.0,290.0,285.0,286.0,286.0
1.0,1693.0,842.0,856.0,878.0,839.0,286.0,272.0,281.0,285.0,285.0,286.0,286.0,275.0,281.0,557.0,568.0,568.0,286.0,272.0,281.0,285.0,285.0,286.0
1.0,1729.0,902.0,858.0,839.0,908.0,312.0,306.0,290.0,286.0,286.0,286.0,309.0,303.0,290.0,569.0,583.0,577.0,312.0,306.0,290.0,286.0,286.0,286.0
1.0,1666.0,888.0,858.0,908.0,888.0,308.0,300.0,280.0,286.0,286.0,286.0,308.0,300.0,280.0,546.0,552.0,568.0,308.0,300.0,280.0,286.0,286.0,286.0
1.0,1686.0,895.0,859.0,888.0,898.0,303.0,308.0,287.0,287.0,286.0,286.0,300.0,308.0,287.0,550.0,558.0,578.0,303.0,308.0,287.0,287.0,286.0,286.0
1.0,1679.0,886.0,860.0,898.0,889.0,300.0,294.0,295.0,287.0,287.0,286.0,300.0,291.0,295.0,558.0,550.0,571.0,300.0,294.0,295.0,287.0,287.0,286.0
1.0,1691.0,838.0,860.0,889.0,838.0,277.0,285.0,276.0,287.0,287.0,286.0,277.0,285.0,276.0,561.0,567.0,563.0,277.0,285.0,276.0,287.0,287.0,286.0
1.0,1742.0,804.0,858.0,838.0,798.0,274.0,261.0,263.0,287.0,286.0,285.0,274.0,264.0,266.0,584.0,576.0,582.0,274.0,261.0,263.0,287.0,286.0,285.0
1.0,1776.0,831.0,858.0,798.0,831.0,281.0,276.0,274.0,287.0,286.0,285.0,281.0,276.0,274.0,587.0,597.0,592.0,281.0,276.0,274.0,287.0,286.0,285.0
1.0,1743.0,879.0,859.0,831.0,882.0,295.0,294.0,293.0,288.0,286.0,285.0,292.0,294.0,293.0,580.0,582.0,581.0,295.0,294.0,293.0,288.0,286.0,285.0
1.0,1695.0,839.0,858.0,882.0,836.0,277.0,275.0,284.0,287.0,286.0,285.0,280.0,275.0,284.0,569.0,564.0,562.0,277.0,275.0,284.0,287.0,286.0,285.0
1.0,1738.0,812.0,857.0,836.0,809.0,266.0,277.0,266.0,287.0,286.0,284.0,266.0,277.0,269.0,584.0,583.0,571.0,266.0,277.0,266.0,287.0,286.0,284.0
1.0,1762.0,882.0,858.0,809.0,885.0,289.0,294.0,302.0,287.0,286.0,285.0,289.0,294.0,299.0,595.0,581.0,586.0,289.0,294.0,302.0,287.0,286.0,285.0
1.0,1689.0,898.0,858.0,885.0,898.0,293.0,290.0,315.0,287.0,286.0,285.0,293.0,290.0,315.0,572.0,564.0,553.0,293.0,290.0,315.0,287.0,286.0,285.0
1.0,1676.0,960.0,859.0,898.0,963.0,315.0,311.0,337.0,287.0,286.0,286.0,315.0,311.0,334.0,568.0,568.0,540.0,315.0,311.0,337.0,287.0,286.0,286.0
1.0,1614.0,895.0,860.0,963.0,898.0,306.0,289.0,303.0,287.0,286.0,287.0,306.0,289.0,300.0,546.0,547.0,521.0,306.0,289.0,303.0,287.0,286.0,287.0
1.0,1682.0,942.0,862.0,898.0,948.0,328.0,309.0,311.0,288.0,287.0,287.0,325.0,306.0,311.0,555.0,569.0,558.0,328.0,309.0,311.0,288.0,287.0,287.0
1.0,1638.0,876.0,862.0,948.0,876.0,299.0,284.0,293.0,288.0,287.0,287.0,299.0,284.0,293.0,536.0,552.0,550.0,299.0,284.0,293.0,288.0,287.0,287.0
1.0,1710.0,890.0,863.0,876.0,893.0,306.0,288.0,299.0,289.0,287.0,287.0,303.0,288.0,299.0,565.0,577.0,568.0,306.0,288.0,299.0,289.0,287.0,287.0
1.0,1696.0,834.0,864.0,893.0,837.0,277.0,275.0,285.0,289.0,287.0,288.0,277.0,275.0,282.0,561.0,573.0,562.0,277.0,275.0,285.0,289.0,287.0,288.0
1.0,1755.0,856.0,864.0,837.0,856.0,291.0,295.0,270.0,289.0,287.0,288.0,291.0,295.0,270.0,590.0,586.0,579.0,291.0,295.0,270.0,289.0,287.0,288.0
1.0,1736.0,880.0,866.0,856.0,886.0,300.0,303.0,283.0,290.0,288.0,288.0,297.0,300.0,283.0,576.0,566.0,594.0,300.0,303.0,283.0,290.0,288.0,288.0
1.0,1712.0,874.0,866.0,886.0,874.0,296.0,296.0,282.0,290.0,288.0,288.0,296.0,296.0,282.0,570.0,561.0,581.0,296.0,296.0,282.0,290.0,288.0,288.0
1.0,1724.0,839.0,866.0,874.0,839.0,281.0,275.0,283.0,290.0,288.0,288.0,281.0,275.0,283.0,574.0,568.0,582.0,281.0,275.0,283.0,290.0,288.0,288.0
1.0,1759.0,863.0,865.0,839.0,860.0,284.0,293.0,283.0,290.0,288.0,287.0,284.0,293.0,286.0,589.0,589.0,581.0,284.0,293.0,283.0,290.0,288.0,287.0
1.0,1735.0,843.0,863.0,860.0,837.0,273.0,284.0,280.0,289.0,287.0,287.0,276.0,287.0,280.0,586.0,571.0,578.0,273.0,284.0,280.0,289.0,287.0,287.0
1.0,1752.0,865.0,864.0,837.0,868.0,280.0,295.0,293.0,289.0,288.0,287.0,280.0,292.0,293.0,594.0,577.0,581.0,280.0,295.0,293.0,289.0,288.0,287.0
1.0,1724.0,915.0,865.0,868.0,918.0,305.0,295.0,318.0,289.0,288.0,288.0,305.0,295.0,315.0,587.0,569.0,568.0,305.0,295.0,318.0,289.0,288.0,288.0
1.0,1677.0,877.0,865.0,918.0,877.0,294.0,286.0,297.0,289.0,288.0,288.0,294.0,286.0,297.0,562.0,569.0,546.0,294.0,286.0,297.0,289.0,288.0,288.0
1.0,1718.0,920.0,865.0,877.0,920.0,318.0,300.0,302.0,289.0,288.0,288.0,318.0,300.0,302.0,573.0,578.0,567.0,318.0,300.0,302.0,289.0,288.0,288.0
1.0,1675.0,869.0,864.0,920.0,866.0,292.0,276.0,298.0,289.0,287.0,288.0,292.0,279.0,298.0,549.0,564.0,562.0,292.0,276.0,298.0,289.0,287.0,288.0
1.0,1726.0,924.0,866.0,866.0,930.0,319.0,297.0,314.0,290.0,288.0,288.0,316.0,294.0,314.0,575.0,585.0,566.0,319.0,297.0,314.0,290.0,288.0,288.0
1.0,1668.0,885.0,867.0,930.0,888.0,299.0,290.0,299.0,290.0,288.0,289.0,299.0,290.0,296.0,551.0,567.0,550.0,299.0,290.0,299.0,290.0,288.0,289.0
1.0,1713.0,868.0,868.0,888.0,871.0,300.0,278.0,293.0,291.0,288.0,289.0,297.0,278.0,293.0,571.0,574.0,568.0,300.0,278.0,293.0,291.0,288.0,289.0
1.0,1733.0,876.0,870.0,871.0,882.0,294.0,287.0,301.0,291.0,289.0,290.0,294.0,284.0,298.0,573.0,586.0,574.0,294.0,287.0,301.0,291.0,289.0,290.0
1.0,1728.0,895.0,871.0,882.0,898.0,310.0,295.0,293.0,292.0,289.0,290.0,307.0,295.0,293.0,579.0,580.0,569.0,310.0,295.0,293.0,292.0,289.0,290.0
1.0,1715.0,923.0,874.0,898.0,932.0,313.0,303.0,316.0,293.0,290.0,291.0,310.0,300.0,313.0,566.0,572.0,577.0,313.0,303.0,316.0,293.0,290.0,291.0
1.0,1690.0,895.0,875.0,932.0,898.0,298.0,308.0,292.0,293.0,290.0,292.0,298.0,308.0,289.0,566.0,567.0,557.0,298.0,308.0,292.0,293.0,290.0,292.0
1.0,1727.0,973.0,878.0,898.0,982.0,329.0,322.0,331.0,294.0,291.0,293.0,326.0,319.0,328.0,581.0,562.0,584.0,329.0,322.0,331.0,294.0,291.0,293.0
1.0,1652.0,947.0,879.0,982.0,950.0,318.0,321.0,311.0,295.0,291.0,293.0,315.0,321.0,311.0,553.0,551.0,548.0,318.0,321.0,311.0,295.0,291.0,293.0
1.0,1687.0,912.0,879.0,950.0,912.0,300.0,313.0,299.0,295.0,291.0,293.0,300.0,313.0,299.0,567.0,552.0,568.0,300.0,313.0,299.0,295.0,291.0,293.0
1.0,1725.0,909.0,881.0,912.0,915.0,300.0,315.0,300.0,295.0,292.0,294.0,300.0,312.0,297.0,585.0,560.0,580.0,300.0,315.0,300.0,295.0,292.0,294.0
1.0,1728.0,885.0,880.0,915.0,882.0,296.0,298.0,288.0,295.0,292.0,293.0,296.0,298.0,291.0,585.0,561.0,582.0,296.0,298.0,288.0,295.0,292.0,293.0
1.0,1758.0,855.0,880.0,882.0,855.0,294.0,281.0,280.0,295.0,292.0,293.0,294.0,281.0,280.0,589.0,578.0,591.0,294.0,281.0,280.0,295.0,292.0,293.0
1.0,1785.0,866.0,880.0,855.0,866.0,294.0,292.0,280.0,295.0,292.0,293.0,294.0,292.0,280.0,591.0,595.0,599.0,294.0,292.0,280.0,295.0,292.0,293.0
1.0,1774.0,844.0,880.0,866.0,844.0,289.0,273.0,282.0,295.0,292.0,293.0,289.0,273.0,282.0,591.0,584.0,599.0,289.0,273.0,282.0,295.0,292.0,293.0
1.0,1796.0,890.0,880.0,844.0,890.0,308.0,285.0,297.0,295.0,292.0,293.0,308.0,285.0,297.0,596.0,603.0,597.0,308.0,285.0,297.0,295.0,292.0,293.0
1.0,1750.0,866.0,880.0,890.0,866.0,289.0,288.0,289.0,295.0,292.0,293.0,289.0,288.0,289.0,577.0,591.0,582.0,289.0,288.0,289.0,295.0,292.0,293.0
1.0,1774.0,857.0,881.0,866.0,860.0,295.0,283.0,282.0,296.0,292.0,293.0,292.0,283.0,282.0,596.0,588.0,590.0,295.0,283.0,282.0,296.0,292.0,293.0
1.0,1783.0,920.0,881.0,860.0,920.0,308.0,309.0,303.0,296.0,292.0,293.0,308.0,309.0,303.0,593.0,593.0,597.0,308.0,309.0,303.0,296.0,292.0,293.0
1.0,1723.0,903.0,882.0,920.0,906.0,300.0,300.0,306.0,297.0,292.0,293.0,297.0,300.0,306.0,580.0,567.0,576.0,300.0,300.0,306.0,297.0,292.0,293.0
1.0,1740.0,930.0,882.0,906.0,930.0,310.0,310.0,310.0,297.0,292.0,293.0,310.0,310.0,310.0,591.0,576.0,573.0,310.0,310.0,310.0,297.0,292.0,293.0
1.0,1716.0,919.0,884.0,930.0,925.0,296.0,308.0,321.0,297.0,293.0,294.0,296.0,305.0,318.0,581.0,566.0,569.0,296.0,308.0,321.0,297.0,293.0,294.0
1.0,1727.0,949.0,886.0,925.0,955.0,311.0,319.0,325.0,297.0,294.0,295.0,311.0,316.0,322.0,595.0,571.0,561.0,311.0,319.0,325.0,297.0,294.0,295.0
1.0,1703.0,950.0,886.0,955.0,950.0,313.0,317.0,320.0,297.0,294.0,295.0,313.0,317.0,320.0,580.0,563.0,560.0,313.0,317.0,320.0,297.0,294.0,295.0
1.0,1708.0,890.0,887.0,950.0,893.0,291.0,292.0,310.0,297.0,294.0,296.0,291.0,292.0,307.0,578.0,565.0,565.0,291.0,292.0,310.0,297.0,294.0,296.0
1.0,1768.0,873.0,886.0,893.0,870.0,289.0,286.0,295.0,297.0,293.0,296.0,289.0,289.0,295.0,600.0,590.0,578.0,289.0,286.0,295.0,297.0,293.0,296.0
1.0,1788.0,864.0,885.0,870.0,861.0,284.0,297.0,280.0,296.0,293.0,296.0,287.0,297.0,280.0,602.0,593.0,593.0,284.0,297.0,280.0,296.0,293.0,296.0
1.0,1794.0,877.0,887.0,861.0,883.0,296.0,305.0,282.0,297.0,294.0,296.0,293.0,302.0,282.0,604.0,582.0,608.0,296.0,305.0,282.0,297.0,294.0,296.0
1.0,1778.0,932.0,889.0,883.0,938.0,323.0,314.0,301.0,298.0,295.0,296.0,320.0,311.0,301.0,595.0,577.0,606.0,323.0,314.0,301.0,298.0,295.0,296.0
1.0,1729.0,900.0,890.0,938.0,903.0,311.0,301.0,291.0,298.0,295.0,297.0,311.0,301.0,288.0,571.0,571.0,587.0,311.0,301.0,291.0,298.0,295.0,297.0
1.0,1767.0,896.0,890.0,903.0,896.0,305.0,306.0,285.0,298.0,295.0,297.0,305.0,306.0,285.0,583.0,584.0,600.0,305.0,306.0,285.0,298.0,295.0,297.0
1.0,1774.0,897.0,892.0,896.0,903.0,312.0,298.0,293.0,299.0,296.0,297.0,309.0,295.0,293.0,589.0,579.0,606.0,312.0,298.0,293.0,299.0,296.0,297.0
1.0,1773.0,871.0,893.0,903.0,874.0,303.0,286.0,285.0,300.0,296.0,297.0,300.0,286.0,285.0,585.0,590.0,598.0,303.0,286.0,285.0,300.0,296.0,297.0
1.0,1805.0,944.0,893.0,874.0,944.0,315.0,318.0,311.0,300.0,296.0,297.0,315.0,318.0,311.0,597.0,602.0,606.0,315.0,318.0,311.0,300.0,296.0,297.0
1.0,1735.0,899.0,893.0,944.0,899.0,306.0,293.0,300.0,300.0,296.0,297.0,306.0,293.0,300.0,585.0,570.0,580.0,306.0,293.0,300.0,300.0,296.0,297.0
1.0,1780.0,927.0,893.0,899.0,927.0,306.0,307.0,314.0,300.0,296.0,297.0,306.0,307.0,314.0,594.0,595.0,591.0,306.0,307.0,314.0,300.0,296.0,297.0
1.0,1752.0,926.0,894.0,927.0,929.0,304.0,314.0,311.0,300.0,297.0,297.0,304.0,311.0,311.0,594.0,581.0,577.0,304.0,314.0,311.0,300.0,297.0,297.0
1.0,1753.0,896.0,894.0,929.0,896.0,293.0,300.0,303.0,300.0,297.0,297.0,293.0,300.0,303.0,596.0,577.0,580.0,293.0,300.0,303.0,300.0,297.0,297.0
1.0,1786.0,890.0,894.0,896.0,890.0,293.0,295.0,302.0,300.0,297.0,297.0,293.0,295.0,302.0,607.0,591.0,588.0,293.0,295.0,302.0,300.0,297.0,297.0
1.0,1792.0,897.0,893.0,890.0,894.0,286.0,302.0,306.0,299.0,297.0,297.0,289.0,302.0,306.0,607.0,596.0,589.0,286.0,302.0,306.0,299.0,297.0,297.0
1.0,1785.0,908.0,895.0,894.0,914.0,306.0,302.0,306.0,300.0,298.0,297.0,303.0,299.0,306.0,611.0,589.0,585.0,306.0,302.0,306.0,300.0,298.0,297.0
1.0,1771.0,943.0,896.0,914.0,946.0,316.0,308.0,322.0,300.0,298.0,298.0,316.0,308.0,319.0,594.0,592.0,585.0,316.0,308.0,322.0,300.0,298.0,298.0
1.0,1742.0,899.0,897.0,946.0,902.0,297.0,307.0,298.0,300.0,298.0,299.0,297.0,307.0,295.0,584.0,586.0,572.0,297.0,307.0,298.0,300.0,298.0,299.0
1.0,1789.0,926.0,897.0,902.0,926.0,303.0,310.0,313.0,300.0,298.0,299.0,303.0,310.0,313.0,603.0,587.0,599.0,303.0,310.0,313.0,300.0,298.0,299.0
1.0,1765.0,899.0,900.0,926.0,908.0,302.0,305.0,301.0,301.0,299.0,300.0,299.0,302.0,298.0,597.0,584.0,584.0,302.0,305.0,301.0,301.0,299.0,300.0
1.0,1792.0,904.0,900.0,908.0,904.0,302.0,308.0,294.0,301.0,299.0,300.0,302.0,308.0,294.0,601.0,592.0,599.0,302.0,308.0,294.0,301.0,299.0,300.0
1.0,1796.0,931.0,901.0,904.0,934.0,315.0,311.0,308.0,302.0,299.0,300.0,312.0,311.0,308.0,601.0,589.0,606.0,315.0,311.0,308.0,302.0,299.0,300.0
1.0,1769.0,961.0,904.0,934.0,970.0,331.0,322.0,317.0,303.0,300.0,301.0,328.0,319.0,314.0,591.0,586.0,592.0,331.0,322.0,317.0,303.0,300.0,301.0
1.0,1742.0,957.0,904.0,970.0,957.0,328.0,312.0,317.0,303.0,300.0,301.0,328.0,312.0,317.0,578.0,578.0,586.0,328.0,312.0,317.0,303.0,300.0,301.0
1.0,1755.0,929.0,905.0,957.0,932.0,308.0,313.0,311.0,303.0,301.0,301.0,308.0,310.0,311.0,581.0,588.0,586.0,308.0,313.0,311.0,303.0,301.0,301.0
1.0,1783.0,905.0,905.0,932.0,905.0,301.0,303.0,301.0,303.0,301.0,301.0,301.0,303.0,301.0,601.0,590.0,592.0,301.0,303.0,301.0,303.0,301.0,301.0
1.0,1810.0,866.0,905.0,905.0,866.0,291.0,292.0,283.0,303.0,301.0,301.0,291.0,292.0,283.0,608.0,600.0,602.0,291.0,292.0,283.0,303.0,301.0,301.0
1.0,1849.0,931.0,905.0,866.0,931.0,308.0,308.0,315.0,303.0,301.0,301.0,308.0,308.0,315.0,618.0,611.0,620.0,308.0,308.0,315.0,303.0,301.0,301.0
1.0,1784.0,876.0,905.0,931.0,876.0,292.0,292.0,292.0,303.0,301.0,301.0,292.0,292.0,292.0,601.0,595.0,588.0,292.0,292.0,292.0,303.0,301.0,301.0
1.0,1839.0,920.0,906.0,876.0,923.0,314.0,300.0,309.0,303.0,302.0,301.0,314.0,297.0,309.0,617.0,611.0,611.0,314.0,300.0,309.0,303.0,302.0,301.0
1.0,1795.0,897.0,906.0,923.0,897.0,302.0,306.0,289.0,303.0,302.0,301.0,302.0,306.0,289.0,595.0,606.0,594.0,302.0,306.0,289.0,303.0,302.0,301.0
1.0,1821.0,927.0,906.0,897.0,927.0,318.0,308.0,301.0,303.0,302.0,301.0,318.0,308.0,301.0,607.0,600.0,614.0,318.0,308.0,301.0,303.0,302.0,301.0
1.0,1791.0,936.0,908.0,927.0,942.0,323.0,307.0,312.0,304.0,303.0,301.0,320.0,304.0,312.0,591.0,598.0,602.0,323.0,307.0,312.0,304.0,303.0,301.0
1.0,1782.0,959.0,908.0,942.0,959.0,317.0,324.0,318.0,304.0,303.0,301.0,317.0,324.0,318.0,589.0,602.0,591.0,317.0,324.0,318.0,304.0,303.0,301.0
1.0,1765.0,966.0,908.0,959.0,966.0,322.0,318.0,326.0,304.0,303.0,301.0,322.0,318.0,326.0,595.0,585.0,585.0,322.0,318.0,326.0,304.0,303.0,301.0
1.0,1758.0,970.0,909.0,966.0,973.0,328.0,324.0,321.0,304.0,303.0,302.0,328.0,324.0,318.0,590.0,591.0,577.0,328.0,324.0,321.0,304.0,303.0,302.0
1.0,1754.0,957.0,909.0,973.0,957.0,299.0,333.0,325.0,304.0,303.0,302.0,299.0,333.0,325.0,584.0,585.0,585.0,299.0,333.0,325.0,304.0,303.0,302.0
1.0,1770.0,943.0,909.0,957.0,943.0,309.0,315.0,319.0,304.0,303.0,302.0,309.0,315.0,319.0,613.0,576.0,581.0,309.0,315.0,319.0,304.0,303.0,302.0
1.0,1784.0,951.0,912.0,943.0,960.0,319.0,324.0,317.0,305.0,304.0,303.0,316.0,321.0,314.0,603.0,594.0,587.0,319.0,324.0,317.0,305.0,304.0,303.0
1.0,1776.0,900.0,912.0,960.0,900.0,297.0,310.0,293.0,305.0,304.0,303.0,297.0,310.0,293.0,596.0,588.0,592.0,297.0,310.0,293.0,305.0,304.0,303.0
1.0,1836.0,879.0,913.0,900.0,882.0,284.0,287.0,311.0,305.0,304.0,304.0,284.0,287.0,308.0,618.0,602.0,616.0,284.0,287.0,311.0,305.0,304.0,304.0
1.0,1857.0,909.0,914.0,882.0,912.0,308.0,299.0,305.0,305.0,305.0,304.0,308.0,296.0,305.0,631.0,625.0,601.0,308.0,299.0,305.0,305.0,305.0,304.0
1.0,1830.0,902.0,914.0,912.0,902.0,300.0,295.0,307.0,305.0,305.0,304.0,300.0,295.0,307.0,607.0,616.0,607.0,300.0,295.0,307.0,305.0,305.0,304.0
1.0,1840.0,939.0,915.0,902.0,942.0,311.0,321.0,310.0,305.0,305.0,305.0,311.0,321.0,307.0,615.0,620.0,605.0,311.0,321.0,310.0,305.0,305.0,305.0
1.0,1803.0,869.0,915.0,942.0,869.0,300.0,298.0,271.0,305.0,306.0,304.0,300.0,295.0,274.0,604.0,594.0,605.0,300.0,298.0,271.0,305.0,306.0,304.0
1.0,1876.0,915.0,916.0,869.0,918.0,307.0,301.0,310.0,305.0,306.0,305.0,307.0,301.0,307.0,615.0,620.0,641.0,307.0,301.0,310.0,305.0,306.0,305.0
1.0,1830.0,982.0,917.0,918.0,985.0,332.0,332.0,321.0,306.0,306.0,305.0,329.0,332.0,321.0,608.0,617.0,605.0,332.0,332.0,321.0,306.0,306.0,305.0
1.0,1766.0,953.0,917.0,985.0,953.0,321.0,326.0,306.0,306.0,306.0,305.0,321.0,326.0,306.0,586.0,586.0,594.0,321.0,326.0,306.0,306.0,306.0,305.0
1.0,1798.0,966.0,919.0,953.0,972.0,331.0,321.0,320.0,307.0,307.0,305.0,328.0,318.0,320.0,597.0,592.0,609.0,331.0,321.0,320.0,307.0,307.0,305.0
1.0,1785.0,984.0,919.0,972.0,984.0,336.0,326.0,322.0,307.0,307.0,305.0,336.0,326.0,322.0,590.0,600.0,595.0,336.0,326.0,322.0,307.0,307.0,305.0
1.0,1773.0,960.0,919.0,984.0,960.0,320.0,321.0,319.0,307.0,307.0,305.0,320.0,321.0,319.0,585.0,595.0,593.0,320.0,321.0,319.0,307.0,307.0,305.0
1.0,1797.0,948.0,920.0,960.0,951.0,314.0,315.0,322.0,308.0,307.0,305.0,311.0,315.0,322.0,601.0,600.0,596.0,314.0,315.0,322.0,308.0,307.0,305.0
1.0,1809.0,933.0,922.0,951.0,939.0,301.0,316.0,322.0,308.0,308.0,306.0,301.0,313.0,319.0,610.0,606.0,593.0,301.0,316.0,322.0,308.0,308.0,306.0
1.0,1827.0,917.0,922.0,939.0,917.0,295.0,315.0,307.0,308.0,308.0,306.0,295.0,315.0,307.0,623.0,608.0,596.0,295.0,315.0,307.0,308.0,308.0,306.0
1.0,1849.0,861.0,922.0,917.0,861.0,275.0,289.0,297.0,308.0,308.0,306.0,275.0,289.0,297.0,629.0,609.0,611.0,275.0,289.0,297.0,308.0,308.0,306.0
1.0,1905.0,902.0,921.0,861.0,899.0,290.0,317.0,292.0,307.0,308.0,306.0,293.0,317.0,292.0,649.0,635.0,621.0,290.0,317.0,292.0,307.0,308.0,306.0
1.0,1864.0,894.0,922.0,899.0,897.0,297.0,289.0,311.0,307.0,308.0,307.0,297.0,289.0,308.0,631.0,607.0,626.0,297.0,289.0,311.0,307.0,308.0,307.0
1.0,1869.0,951.0,922.0,897.0,951.0,321.0,310.0,320.0,307.0,308.0,307.0,321.0,310.0,320.0,624.0,635.0,610.0,321.0,310.0,320.0,307.0,308.0,307.0
1.0,1815.0,885.0,922.0,951.0,885.0,293.0,289.0,303.0,307.0,308.0,307.0,293.0,289.0,303.0,600.0,614.0,601.0,293.0,289.0,303.0,307.0,308.0,307.0
1.0,1881.0,987.0,925.0,885.0,996.0,332.0,327.0,337.0,308.0,309.0,308.0,329.0,324.0,334.0,628.0,635.0,618.0,332.0,327.0,337.0,308.0,309.0,308.0
1.0,1779.0,980.0,926.0,996.0,983.0,319.0,327.0,337.0,308.0,309.0,309.0,319.0,327.0,334.0,592.0,600.0,587.0,319.0,327.0,337.0,308.0,309.0,309.0
1.0,1795.0,968.0,926.0,983.0,968.0,333.0,312.0,323.0,308.0,309.0,309.0,333.0,312.0,323.0,605.0,600.0,590.0,333.0,312.0,323.0,308.0,309.0,309.0
1.0,1810.0,965.0,927.0,968.0,968.0,352.0,310.0,306.0,309.0,309.0,309.0,349.0,310.0,306.0,591.0,615.0,604.0,352.0,310.0,306.0,309.0,309.0,309.0
1.0,1813.0,977.0,928.0,968.0,980.0,334.0,327.0,319.0,310.0,309.0,309.0,331.0,327.0,319.0,575.0,617.0,621.0,334.0,327.0,319.0,310.0,309.0,309.0
1.0,1804.0,932.0,929.0,980.0,935.0,315.0,313.0,307.0,310.0,310.0,309.0,315.0,310.0,307.0,596.0,600.0,608.0,315.0,313.0,307.0,310.0,310.0,309.0
1.0,1852.0,976.0,931.0,935.0,982.0,328.0,325.0,329.0,311.0,310.0,310.0,325.0,325.0,326.0,615.0,617.0,620.0,328.0,325.0,329.0,311.0,310.0,310.0
1.0,1811.0,919.0,931.0,982.0,919.0,304.0,312.0,303.0,311.0,310.0,310.0,304.0,312.0,303.0,605.0,605.0,601.0,304.0,312.0,303.0,311.0,310.0,310.0
1.0,1874.0,959.0,932.0,919.0,962.0,323.0,330.0,309.0,311.0,311.0,310.0,323.0,327.0,309.0,629.0,618.0,627.0,323.0,330.0,309.0,311.0,311.0,310.0
1.0,1834.0,923.0,931.0,962.0,920.0,311.0,316.0,293.0,311.0,311.0,309.0,311.0,316.0,296.0,610.0,603.0,621.0,311.0,316.0,293.0,311.0,311.0,309.0
1.0,1873.0,918.0,932.0,920.0,921.0,296.0,315.0,310.0,311.0,311.0,310.0,296.0,315.0,307.0,622.0,617.0,634.0,296.0,315.0,310.0,311.0,311.0,310.0
1.0,1875.0,947.0,933.0,921.0,950.0,311.0,326.0,313.0,311.0,312.0,310.0,311.0,323.0,313.0,637.0,618.0,620.0,311.0,326.0,313.0,311.0,312.0,310.0
1.0,1849.0,935.0,933.0,950.0,935.0,321.0,296.0,318.0,312.0,311.0,310.0,318.0,299.0,318.0,622.0,610.0,617.0,321.0,296.0,318.0,312.0,311.0,310.0
1.0,1864.0,954.0,934.0,935.0,957.0,318.0,308.0,331.0,312.0,311.0,311.0,318.0,308.0,328.0,615.0,637.0,612.0,318.0,308.0,331.0,312.0,311.0,311.0
1.0,1845.0,979.0,935.0,957.0,982.0,323.0,322.0,337.0,312.0,312.0,311.0,323.0,319.0,337.0,618.0,625.0,602.0,323.0,322.0,337.0,312.0,312.0,311.0
1.0,1823.0,981.0,935.0,982.0,981.0,332.0,319.0,330.0,312.0,312.0,311.0,332.0,319.0,330.0,613.0,614.0,596.0,332.0,319.0,330.0,312.0,312.0,311.0
1.0,1824.0,967.0,936.0,981.0,970.0,330.0,310.0,330.0,312.0,312.0,312.0,330.0,310.0,327.0,604.0,617.0,603.0,330.0,310.0,330.0,312.0,312.0,312.0
1.0,1838.0,952.0,936.0,970.0,952.0,318.0,315.0,319.0,312.0,312.0,312.0,318.0,315.0,319.0,606.0,626.0,606.0,318.0,315.0,319.0,312.0,312.0,312.0
1.0,1856.0,968.0,937.0,952.0,971.0,336.0,312.0,323.0,313.0,312.0,312.0,333.0,312.0,323.0,618.0,621.0,617.0,336.0,312.0,323.0,313.0,312.0,312.0
1.0,1840.0,951.0,939.0,971.0,957.0,328.0,316.0,313.0,314.0,312.0,313.0,325.0,316.0,310.0,603.0,624.0,613.0,328.0,316.0,313.0,314.0,312.0,313.0
1.0,1860.0,953.0,940.0,957.0,956.0,319.0,324.0,313.0,314.0,313.0,313.0,319.0,321.0,313.0,614.0,620.0,626.0,319.0,324.0,313.0,314.0,313.0,313.0
1.0,1864.0,958.0,940.0,956.0,958.0,320.0,314.0,324.0,314.0,313.0,313.0,320.0,314.0,324.0,623.0,615.0,626.0,320.0,314.0,324.0,314.0,313.0,313.0
1.0,1862.0,943.0,941.0,958.0,946.0,322.0,321.0,303.0,315.0,313.0,313.0,319.0,321.0,303.0,622.0,625.0,615.0,322.0,321.0,303.0,315.0,313.0,313.0
1.0,1877.0,929.0,943.0,946.0,935.0,306.0,313.0,316.0,315.0,314.0,314.0,306.0,310.0,313.0,623.0,618.0,636.0,306.0,313.0,316.0,315.0,314.0,314.0
1.0,1894.0,917.0,942.0,935.0,914.0,299.0,315.0,300.0,314.0,314.0,314.0,302.0,315.0,300.0,639.0,629.0,626.0,299.0,315.0,300.0,314.0,314.0,314.0
1.0,1912.0,1016.0,943.0,914.0,1019.0,334.0,342.0,343.0,315.0,314.0,314.0,331.0,342.0,343.0,643.0,627.0,642.0,334.0,342.0,343.0,315.0,314.0,314.0
1.0,1810.0,977.0,944.0,1019.0,980.0,318.0,345.0,317.0,315.0,315.0,314.0,318.0,342.0,317.0,611.0,600.0,599.0,318.0,345.0,317.0,315.0,315.0,314.0
1.0,1852.0,927.0,943.0,980.0,924.0,298.0,329.0,297.0,314.0,315.0,314.0,301.0,329.0,297.0,627.0,600.0,625.0,298.0,329.0,297.0,314.0,315.0,314.0
1.0,1905.0,989.0,943.0,924.0,989.0,329.0,329.0,331.0,314.0,315.0,314.0,329.0,329.0,331.0,644.0,616.0,645.0,329.0,329.0,331.0,314.0,315.0,314.0
1.0,1840.0,984.0,944.0,989.0,987.0,326.0,329.0,332.0,315.0,315.0,314.0,323.0,329.0,332.0,613.0,616.0,611.0,326.0,329.0,332.0,315.0,315.0,314.0
1.0,1845.0,975.0,944.0,987.0,975.0,322.0,322.0,331.0,315.0,315.0,314.0,322.0,322.0,331.0,619.0,616.0,610.0,322.0,322.0,331.0,315.0,315.0,314.0
1.0,1857.0,974.0,945.0,975.0,977.0,328.0,318.0,331.0,315.0,315.0,315.0,328.0,318.0,328.0,623.0,623.0,611.0,328.0,318.0,331.0,315.0,315.0,315.0
1.0,1858.0,948.0,946.0,977.0,951.0,325.0,317.0,309.0,316.0,315.0,315.0,322.0,317.0,309.0,617.0,627.0,614.0,325.0,317.0,309.0,316.0,315.0,315.0
1.0,1887.0,944.0,947.0,951.0,947.0,314.0,307.0,326.0,316.0,316.0,315.0,314.0,304.0,326.0,623.0,628.0,636.0,314.0,307.0,326.0,316.0,316.0,315.0
1.0,1894.0,960.0,948.0,947.0,963.0,334.0,311.0,318.0,317.0,316.0,315.0,331.0,311.0,318.0,634.0,641.0,619.0,334.0,311.0,318.0,317.0,316.0,315.0
1.0,1881.0,999.0,949.0,963.0,1002.0,331.0,322.0,349.0,317.0,316.0,316.0,331.0,322.0,346.0,617.0,637.0,627.0,331.0,322.0,349.0,317.0,316.0,316.0
1.0,1845.0,915.0,949.0,1002.0,915.0,299.0,301.0,315.0,317.0,316.0,316.0,299.0,301.0,315.0,620.0,626.0,599.0,299.0,301.0,315.0,317.0,316.0,316.0
1.0,1932.0,957.0,951.0,915.0,963.0,317.0,308.0,338.0,317.0,316.0,318.0,317.0,308.0,332.0,652.0,647.0,633.0,317.0,308.0,338.0,317.0,316.0,318.0
1.0,1890.0,937.0,951.0,963.0,937.0,312.0,306.0,319.0,317.0,316.0,318.0,312.0,306.0,319.0,634.0,640.0,616.0,312.0,306.0,319.0,317.0,316.0,318.0
1.0,1916.0,950.0,951.0,937.0,950.0,313.0,325.0,312.0,317.0,316.0,318.0,313.0,325.0,312.0,639.0,642.0,635.0,313.0,325.0,312.0,317.0,316.0,318.0
1.0,1903.0,932.0,951.0,950.0,932.0,310.0,315.0,307.0,317.0,316.0,318.0,310.0,315.0,307.0,638.0,623.0,642.0,310.0,315.0,307.0,317.0,316.0,318.0
1.0,1921.0,1015.0,951.0,932.0,1015.0,340.0,343.0,332.0,317.0,316.0,318.0,340.0,343.0,332.0,641.0,633.0,647.0,340.0,343.0,332.0,317.0,316.0,318.0
1.0,1838.0,1030.0,952.0,1015.0,1033.0,337.0,353.0,343.0,317.0,317.0,318.0,337.0,350.0,343.0,611.0,605.0,622.0,337.0,353.0,343.0,317.0,317.0,318.0
1.0,1823.0,982.0,952.0,1033.0,982.0,320.0,340.0,322.0,317.0,317.0,318.0,320.0,340.0,322.0,614.0,598.0,611.0,320.0,340.0,322.0,317.0,317.0,318.0
1.0,1874.0,978.0,954.0,982.0,984.0,337.0,333.0,314.0,318.0,318.0,318.0,334.0,330.0,314.0,631.0,611.0,632.0,337.0,333.0,314.0,318.0,318.0,318.0
1.0,1878.0,987.0,954.0,984.0,987.0,342.0,329.0,316.0,318.0,318.0,318.0,342.0,329.0,316.0,617.0,621.0,640.0,342.0,329.0,316.0,318.0,318.0,318.0
1.0,1875.0,988.0,955.0,987.0,991.0,342.0,331.0,318.0,319.0,318.0,318.0,339.0,331.0,318.0,612.0,625.0,638.0,342.0,331.0,318.0,319.0,318.0,318.0
1.0,1874.0,916.0,956.0,991.0,919.0,316.0,305.0,298.0,320.0,318.0,318.0,313.0,305.0,298.0,615.0,623.0,636.0,316.0,305.0,298.0,320.0,318.0,318.0
1.0,1949.0,899.0,956.0,919.0,899.0,304.0,302.0,293.0,320.0,318.0,318.0,304.0,302.0,293.0,644.0,649.0,656.0,304.0,302.0,293.0,320.0,318.0,318.0
1.0,1969.0,938.0,957.0,899.0,941.0,312.0,306.0,323.0,320.0,318.0,319.0,312.0,306.0,320.0,656.0,652.0,661.0,312.0,306.0,323.0,320.0,318.0,319.0
1.0,1930.0,940.0,957.0,941.0,940.0,310.0,318.0,312.0,320.0,319.0,318.0,310.0,315.0,315.0,648.0,648.0,634.0,310.0,318.0,312.0,320.0,319.0,318.0
1.0,1931.0,917.0,958.0,940.0,920.0,302.0,306.0,312.0,320.0,319.0,319.0,302.0,306.0,309.0,650.0,639.0,642.0,302.0,306.0,312.0,320.0,319.0,319.0
1.0,1954.0,956.0,957.0,920.0,953.0,312.0,318.0,323.0,320.0,319.0,318.0,312.0,318.0,326.0,658.0,651.0,645.0,312.0,318.0,323.0,320.0,319.0,318.0
1.0,1918.0,1005.0,958.0,953.0,1008.0,333.0,330.0,345.0,320.0,319.0,319.0,333.0,330.0,342.0,648.0,639.0,631.0,333.0,330.0,345.0,320.0,319.0,319.0
1.0,1866.0,961.0,957.0,1008.0,958.0,323.0,318.0,317.0,320.0,319.0,318.0,323.0,318.0,320.0,627.0,627.0,612.0,323.0,318.0,317.0,320.0,319.0,318.0
1.0,1913.0,985.0,958.0,958.0,988.0,329.0,327.0,332.0,320.0,319.0,319.0,329.0,327.0,329.0,637.0,639.0,637.0,329.0,327.0,332.0,320.0,319.0,319.0
1.0,1886.0,986.0,958.0,988.0,986.0,325.0,321.0,340.0,320.0,319.0,319.0,325.0,321.0,340.0,631.0,630.0,625.0,325.0,321.0,340.0,320.0,319.0,319.0
1.0,1888.0,993.0,960.0,986.0,999.0,322.0,340.0,337.0,320.0,320.0,320.0,322.0,337.0,334.0,635.0,636.0,617.0,322.0,340.0,337.0,320.0,320.0,320.0
1.0,1881.0,976.0,960.0,999.0,976.0,330.0,320.0,326.0,320.0,320.0,320.0,330.0,320.0,326.0,638.0,620.0,623.0,330.0,320.0,326.0,320.0,320.0,320.0
1.0,1904.0,1026.0,961.0,976.0,1029.0,351.0,350.0,328.0,321.0,320.0,320.0,348.0,350.0,328.0,630.0,640.0,634.0,351.0,350.0,328.0,321.0,320.0,320.0
1.0,1854.0,1004.0,963.0,1029.0,1010.0,337.0,345.0,328.0,321.0,321.0,321.0,337.0,342.0,325.0,612.0,610.0,632.0,337.0,345.0,328.0,321.0,321.0,321.0
1.0,1879.0,945.0,963.0,1010.0,945.0,317.0,320.0,308.0,321.0,321.0,321.0,317.0,320.0,308.0,626.0,618.0,635.0,317.0,320.0,308.0,321.0,321.0,321.0
1.0,1944.0,1018.0,964.0,945.0,1021.0,354.0,347.0,320.0,322.0,321.0,321.0,351.0,347.0,320.0,646.0,643.0,655.0,354.0,347.0,320.0,322.0,321.0,321.0
1.0,1871.0,947.0,964.0,1021.0,947.0,322.0,318.0,307.0,322.0,321.0,321.0,322.0,318.0,307.0,612.0,616.0,643.0,322.0,318.0,307.0,322.0,321.0,321.0
1.0,1945.0,975.0,965.0,947.0,978.0,314.0,337.0,327.0,322.0,322.0,321.0,314.0,334.0,327.0,644.0,645.0,656.0,314.0,337.0,327.0,322.0,322.0,321.0
1.0,1917.0,991.0,966.0,978.0,994.0,339.0,337.0,318.0,323.0,322.0,321.0,336.0,337.0,318.0,652.0,629.0,636.0,339.0,337.0,318.0,323.0,322.0,321.0
1.0,1904.0,994.0,967.0,994.0,997.0,344.0,325.0,328.0,323.0,323.0,321.0,344.0,322.0,328.0,630.0,629.0,645.0,344.0,325.0,328.0,323.0,323.0,321.0
1.0,1904.0,1002.0,967.0,997.0,1002.0,334.0,332.0,336.0,323.0,323.0,321.0,334.0,332.0,336.0,625.0,644.0,635.0,334.0,332.0,336.0,323.0,323.0,321.0
1.0,1899.0,1040.0,968.0,1002.0,1043.0,345.0,353.0,345.0,323.0,324.0,321.0,345.0,350.0,345.0,635.0,637.0,627.0,345.0,353.0,345.0,323.0,324.0,321.0
1.0,1861.0,995.0,970.0,1043.0,1001.0,335.0,323.0,343.0,324.0,324.0,322.0,332.0,323.0,340.0,624.0,619.0,618.0,335.0,323.0,343.0,324.0,324.0,322.0
1.0,1909.0,961.0,969.0,1001.0,958.0,309.0,325.0,324.0,323.0,324.0,322.0,312.0,325.0,324.0,637.0,649.0,623.0,309.0,325.0,324.0,323.0,324.0,322.0
1.0,1949.0,1000.0,969.0,958.0,1000.0,333.0,326.0,341.0,323.0,324.0,322.0,333.0,326.0,341.0,660.0,647.0,642.0,333.0,326.0,341.0,323.0,324.0,322.0
1.0,1907.0,991.0,971.0,1000.0,997.0,329.0,330.0,338.0,324.0,324.0,323.0,326.0,330.0,335.0,636.0,646.0,625.0,329.0,330.0,338.0,324.0,324.0,323.0
1.0,1916.0,955.0,971.0,997.0,955.0,317.0,314.0,324.0,324.0,324.0,323.0,317.0,314.0,324.0,643.0,642.0,631.0,317.0,314.0,324.0,324.0,324.0,323.0
1.0,1958.0,975.0,971.0,955.0,975.0,337.0,322.0,316.0,324.0,324.0,323.0,337.0,322.0,316.0,655.0,658.0,645.0,337.0,322.0,316.0,324.0,324.0,323.0
1.0,1938.0,954.0,971.0,975.0,954.0,321.0,318.0,315.0,324.0,324.0,323.0,321.0,318.0,315.0,635.0,650.0,653.0,321.0,318.0,315.0,324.0,324.0,323.0
1.0,1959.0,985.0,974.0,954.0,994.0,330.0,331.0,333.0,325.0,325.0,324.0,327.0,328.0,330.0,651.0,654.0,654.0,330.0,331.0,333.0,325.0,325.0,324.0
1.0,1928.0,972.0,972.0,994.0,966.0,326.0,320.0,320.0,325.0,324.0,323.0,326.0,323.0,323.0,645.0,644.0,639.0,326.0,320.0,320.0,325.0,324.0,323.0
1.0,1950.0,975.0,971.0,966.0,972.0,313.0,334.0,325.0,324.0,324.0,323.0,316.0,334.0,325.0,649.0,652.0,649.0,313.0,334.0,325.0,324.0,324.0,323.0
1.0,1941.0,994.0,974.0,972.0,1003.0,325.0,353.0,325.0,325.0,325.0,324.0,322.0,350.0,322.0,659.0,638.0,644.0,325.0,353.0,325.0,325.0,325.0,324.0
1.0,1919.0,1000.0,974.0,1003.0,1000.0,343.0,335.0,322.0,325.0,325.0,324.0,343.0,335.0,322.0,650.0,622.0,647.0,343.0,335.0,322.0,325.0,325.0,324.0
1.0,1922.0,1024.0,974.0,1000.0,1024.0,332.0,336.0,356.0,325.0,325.0,324.0,332.0,336.0,356.0,632.0,640.0,650.0,332.0,336.0,356.0,325.0,325.0,324.0
1.0,1898.0,1021.0,975.0,1024.0,1024.0,339.0,349.0,336.0,326.0,325.0,324.0,336.0,349.0,336.0,643.0,639.0,616.0,339.0,349.0,336.0,326.0,325.0,324.0
1.0,1901.0,997.0,976.0,1024.0,1000.0,331.0,338.0,331.0,326.0,326.0,324.0,331.0,335.0,331.0,639.0,626.0,636.0,331.0,338.0,331.0,326.0,326.0,324.0
1.0,1928.0,935.0,976.0,1000.0,935.0,315.0,314.0,306.0,326.0,326.0,324.0,315.0,314.0,306.0,647.0,640.0,641.0,315.0,314.0,306.0,326.0,326.0,324.0
1.0,1993.0,1006.0,976.0,935.0,1006.0,340.0,334.0,332.0,326.0,326.0,324.0,340.0,334.0,332.0,663.0,664.0,666.0,340.0,334.0,332.0,326.0,326.0,324.0
1.0,1922.0,921.0,976.0,1006.0,921.0,312.0,306.0,303.0,326.0,326.0,324.0,312.0,306.0,303.0,638.0,644.0,640.0,312.0,306.0,303.0,326.0,326.0,324.0
1.0,2007.0,962.0,975.0,921.0,959.0,317.0,321.0,321.0,325.0,326.0,324.0,320.0,321.0,321.0,666.0,672.0,669.0,317.0,321.0,321.0,325.0,326.0,324.0
1.0,1966.0,1005.0,977.0,959.0,1011.0,342.0,337.0,332.0,326.0,327.0,324.0,339.0,334.0,332.0,658.0,657.0,651.0,342.0,337.0,332.0,326.0,327.0,324.0
1.0,1920.0,1008.0,978.0,1011.0,1011.0,348.0,325.0,338.0,327.0,327.0,324.0,345.0,325.0,338.0,636.0,644.0,640.0,348.0,325.0,338.0,327.0,327.0,324.0
1.0,1923.0,976.0,979.0,1011.0,979.0,323.0,332.0,324.0,327.0,328.0,324.0,323.0,329.0,324.0,633.0,656.0,634.0,323.0,332.0,324.0,327.0,328.0,324.0
1.0,1958.0,990.0,979.0,979.0,990.0,336.0,327.0,327.0,327.0,328.0,324.0,336.0,327.0,327.0,658.0,652.0,648.0,336.0,327.0,327.0,327.0,328.0,324.0
1.0,1947.0,1017.0,981.0,990.0,1023.0,347.0,345.0,331.0,328.0,328.0,325.0,344.0,345.0,328.0,645.0,657.0,645.0,347.0,345.0,331.0,328.0,328.0,325.0
1.0,1920.0,1052.0,981.0,1023.0,1052.0,335.0,357.0,360.0,328.0,328.0,325.0,335.0,357.0,360.0,637.0,639.0,644.0,335.0,357.0,360.0,328.0,328.0,325.0
1.0,1891.0,1022.0,981.0,1052.0,1022.0,335.0,348.0,339.0,328.0,328.0,325.0,335.0,348.0,339.0,649.0,627.0,615.0,335.0,348.0,339.0,328.0,328.0,325.0
1.0,1921.0,945.0,981.0,1022.0,945.0,305.0,325.0,315.0,328.0,328.0,325.0,305.0,325.0,315.0,649.0,636.0,636.0,305.0,325.0,315.0,328.0,328.0,325.0
1.0,1998.0,1044.0,982.0,945.0,1047.0,341.0,350.0,356.0,328.0,328.0,326.0,341.0,350.0,353.0,679.0,659.0,660.0,341.0,350.0,356.0,328.0,328.0,326.0
1.0,1899.0,976.0,981.0,1047.0,973.0,323.0,322.0,328.0,327.0,328.0,326.0,326.0,322.0,328.0,643.0,634.0,622.0,323.0,322.0,328.0,327.0,328.0,326.0
1.0,1970.0,980.0,981.0,973.0,980.0,319.0,330.0,331.0,327.0,328.0,326.0,319.0,330.0,331.0,658.0,662.0,650.0,319.0,330.0,331.0,327.0,328.0,326.0
1.0,1963.0,958.0,983.0,980.0,964.0,309.0,326.0,329.0,327.0,329.0,327.0,309.0,323.0,326.0,662.0,654.0,647.0,309.0,326.0,329.0,327.0,329.0,327.0
1.0,1985.0,956.0,983.0,964.0,956.0,318.0,315.0,323.0,327.0,329.0,327.0,318.0,315.0,323.0,672.0,661.0,652.0,318.0,315.0,323.0,327.0,329.0,327.0
1.0,1993.0,996.0,985.0,956.0,1002.0,334.0,327.0,341.0,328.0,329.0,328.0,331.0,327.0,338.0,663.0,672.0,658.0,334.0,327.0,341.0,328.0,329.0,328.0
1.0,1953.0,960.0,985.0,1002.0,960.0,338.0,321.0,301.0,328.0,329.0,328.0,338.0,321.0,301.0,650.0,660.0,643.0,338.0,321.0,301.0,328.0,329.0,328.0
1.0,1995.0,983.0,987.0,960.0,989.0,343.0,313.0,333.0,329.0,330.0,328.0,340.0,310.0,333.0,646.0,666.0,683.0,343.0,313.0,333.0,329.0,330.0,328.0
1.0,1972.0,984.0,987.0,989.0,984.0,334.0,328.0,322.0,329.0,330.0,328.0,334.0,328.0,322.0,644.0,677.0,651.0,334.0,328.0,322.0,329.0,330.0,328.0
1.0,1977.0,1014.0,988.0,984.0,1017.0,349.0,335.0,333.0,330.0,330.0,328.0,346.0,335.0,333.0,653.0,662.0,662.0,349.0,335.0,333.0,330.0,330.0,328.0
1.0,1947.0,1027.0,988.0,1017.0,1027.0,333.0,345.0,349.0,330.0,330.0,328.0,333.0,345.0,349.0,641.0,655.0,651.0,333.0,345.0,349.0,330.0,330.0,328.0
1.0,1937.0,1058.0,990.0,1027.0,1064.0,353.0,353.0,358.0,330.0,331.0,329.0,353.0,350.0,355.0,657.0,645.0,635.0,353.0,353.0,358.0,330.0,331.0,329.0
1.0,1906.0,1053.0,992.0,1064.0,1059.0,344.0,363.0,352.0,331.0,332.0,329.0,341.0,360.0,352.0,637.0,640.0,629.0,344.0,363.0,352.0,331.0,332.0,329.0
1.0,1917.0,1032.0,992.0,1059.0,1032.0,334.0,348.0,350.0,331.0,332.0,329.0,334.0,348.0,350.0,649.0,633.0,635.0,334.0,348.0,350.0,331.0,332.0,329.0
1.0,1944.0,994.0,992.0,1032.0,994.0,321.0,342.0,331.0,331.0,332.0,329.0,321.0,342.0,331.0,659.0,648.0,637.0,321.0,342.0,331.0,331.0,332.0,329.0
1.0,1982.0,1049.0,993.0,994.0,1052.0,344.0,346.0,362.0,331.0,332.0,330.0,344.0,346.0,359.0,672.0,654.0,656.0,344.0,346.0,362.0,331.0,332.0,330.0
1.0,1927.0,971.0,992.0,1052.0,968.0,306.0,329.0,333.0,330.0,332.0,330.0,309.0,329.0,333.0,649.0,650.0,628.0,306.0,329.0,333.0,330.0,332.0,330.0
1.0,2008.0,989.0,993.0,968.0,992.0,320.0,326.0,346.0,330.0,332.0,331.0,320.0,326.0,343.0,684.0,667.0,657.0,320.0,326.0,346.0,330.0,332.0,331.0
1.0,1987.0,978.0,992.0,992.0,975.0,323.0,315.0,337.0,330.0,331.0,331.0,323.0,318.0,337.0,670.0,670.0,647.0,323.0,315.0,337.0,330.0,331.0,331.0
1.0,2001.0,1039.0,994.0,975.0,1045.0,349.0,350.0,346.0,330.0,332.0,332.0,349.0,347.0,343.0,667.0,678.0,656.0,349.0,350.0,346.0,330.0,332.0,332.0
1.0,1937.0,1016.0,995.0,1045.0,1019.0,355.0,328.0,336.0,331.0,332.0,332.0,352.0,328.0,336.0,641.0,646.0,650.0,355.0,328.0,336.0,331.0,332.0,332.0
1.0,1966.0,1003.0,994.0,1019.0,1000.0,345.0,315.0,340.0,331.0,331.0,332.0,345.0,318.0,340.0,638.0,668.0,660.0,345.0,315.0,340.0,331.0,331.0,332.0
1.0,1982.0,957.0,994.0,1000.0,957.0,327.0,315.0,315.0,331.0,331.0,332.0,327.0,315.0,315.0,648.0,678.0,656.0,327.0,315.0,315.0,331.0,331.0,332.0
1.0,2025.0,1035.0,995.0,957.0,1038.0,343.0,348.0,347.0,331.0,332.0,332.0,343.0,345.0,347.0,666.0,678.0,681.0,343.0,348.0,347.0,331.0,332.0,332.0
1.0,1947.0,960.0,993.0,1038.0,954.0,327.0,313.0,314.0,330.0,331.0,332.0,330.0,316.0,314.0,650.0,648.0,649.0,327.0,313.0,314.0,330.0,331.0,332.0
1.0,2025.0,990.0,993.0,954.0,990.0,332.0,331.0,327.0,330.0,331.0,332.0,332.0,331.0,327.0,663.0,680.0,682.0,332.0,331.0,327.0,330.0,331.0,332.0
1.0,1989.0,996.0,994.0,990.0,999.0,336.0,338.0,325.0,331.0,331.0,332.0,333.0,338.0,325.0,658.0,662.0,669.0,336.0,338.0,325.0,331.0,331.0,332.0
1.0,1983.0,952.0,992.0,999.0,946.0,304.0,328.0,314.0,330.0,331.0,331.0,307.0,328.0,317.0,657.0,655.0,671.0,304.0,328.0,314.0,330.0,331.0,331.0
1.0,2030.0,970.0,992.0,946.0,970.0,325.0,326.0,319.0,330.0,331.0,331.0,325.0,326.0,319.0,686.0,665.0,679.0,325.0,326.0,319.0,330.0,331.0,331.0
1.0,2006.0,1023.0,994.0,970.0,1029.0,340.0,348.0,341.0,331.0,332.0,331.0,337.0,345.0,341.0,665.0,667.0,674.0,340.0,348.0,341.0,331.0,332.0,331.0
1.0,1953.0,983.0,994.0,1029.0,983.0,329.0,329.0,325.0,331.0,332.0,331.0,329.0,329.0,325.0,653.0,648.0,652.0,329.0,329.0,325.0,331.0,332.0,331.0
1.0,1999.0,975.0,994.0,983.0,975.0,312.0,336.0,327.0,330.0,332.0,332.0,315.0,336.0,324.0,664.0,667.0,668.0,312.0,336.0,327.0,330.0,332.0,332.0
1.0,2007.0,997.0,995.0,975.0,1000.0,316.0,341.0,343.0,330.0,333.0,332.0,316.0,338.0,343.0,678.0,660.0,669.0,316.0,341.0,343.0,330.0,333.0,332.0
1.0,1985.0,995.0,995.0,1000.0,995.0,331.0,334.0,330.0,330.0,333.0,332.0,331.0,334.0,330.0,674.0,658.0,653.0,331.0,334.0,330.0,330.0,333.0,332.0
1.0,1990.0,1064.0,997.0,995.0,1070.0,359.0,352.0,359.0,331.0,333.0,333.0,356.0,352.0,356.0,659.0,665.0,666.0,359.0,352.0,359.0,331.0,333.0,333.0
1.0,1921.0,1079.0,998.0,1070.0,1082.0,358.0,352.0,372.0,332.0,333.0,333.0,355.0,352.0,372.0,634.0,647.0,640.0,358.0,352.0,372.0,332.0,333.0,333.0
1.0,1912.0,1100.0,1001.0,1082.0,1109.0,366.0,361.0,382.0,332.0,334.0,335.0,366.0,358.0,376.0,638.0,647.0,627.0,366.0,361.0,382.0,332.0,334.0,335.0
1.0,1894.0,1113.0,1002.0,1109.0,1116.0,378.0,364.0,374.0,333.0,334.0,335.0,375.0,364.0,374.0,630.0,641.0,623.0,378.0,364.0,374.0,333.0,334.0,335.0
1.0,1890.0,1039.0,1002.0,1116.0,1039.0,349.0,340.0,350.0,333.0,334.0,335.0,349.0,340.0,350.0,621.0,638.0,631.0,349.0,340.0,350.0,333.0,334.0,335.0
1.0,1967.0,1026.0,1003.0,1039.0,1029.0,351.0,331.0,347.0,334.0,334.0,335.0,348.0,331.0,347.0,650.0,662.0,655.0,351.0,331.0,347.0,334.0,334.0,335.0
1.0,1980.0,1001.0,1004.0,1029.0,1004.0,338.0,330.0,336.0,334.0,334.0,336.0,338.0,330.0,333.0,651.0,671.0,658.0,338.0,330.0,336.0,334.0,334.0,336.0
1.0,2008.0,1002.0,1004.0,1004.0,1002.0,327.0,332.0,343.0,334.0,334.0,336.0,327.0,332.0,343.0,664.0,672.0,672.0,327.0,332.0,343.0,334.0,334.0,336.0
1.0,2010.0,986.0,1006.0,1002.0,992.0,328.0,337.0,327.0,334.0,335.0,337.0,328.0,334.0,324.0,675.0,670.0,665.0,328.0,337.0,327.0,334.0,335.0,337.0
1.0,2026.0,977.0,1006.0,992.0,977.0,324.0,330.0,323.0,334.0,335.0,337.0,324.0,330.0,323.0,674.0,668.0,684.0,324.0,330.0,323.0,334.0,335.0,337.0
1.0,2041.0,991.0,1006.0,977.0,991.0,322.0,337.0,332.0,334.0,335.0,337.0,322.0,337.0,332.0,678.0,675.0,688.0,322.0,337.0,332.0,334.0,335.0,337.0
1.0,2027.0,959.0,1004.0,991.0,953.0,321.0,320.0,312.0,333.0,335.0,336.0,324.0,320.0,315.0,680.0,668.0,679.0,321.0,320.0,312.0,333.0,335.0,336.0
1.0,2059.0,1035.0,1005.0,953.0,1038.0,351.0,354.0,333.0,334.0,335.0,336.0,348.0,354.0,333.0,678.0,685.0,696.0,351.0,354.0,333.0,334.0,335.0,336.0
1.0,1977.0,1053.0,1007.0,1038.0,1059.0,356.0,359.0,344.0,334.0,336.0,337.0,356.0,356.0,341.0,651.0,651.0,675.0,356.0,359.0,344.0,334.0,336.0,337.0
1.0,1962.0,1011.0,1007.0,1059.0,1011.0,344.0,334.0,333.0,334.0,336.0,337.0,344.0,334.0,333.0,646.0,649.0,667.0,344.0,334.0,333.0,334.0,336.0,337.0
1.0,2010.0,1074.0,1008.0,1011.0,1077.0,357.0,359.0,361.0,335.0,336.0,337.0,354.0,359.0,361.0,658.0,674.0,678.0,357.0,359.0,361.0,335.0,336.0,337.0
1.0,1947.0,1081.0,1008.0,1077.0,1081.0,366.0,352.0,363.0,335.0,336.0,337.0,366.0,352.0,363.0,648.0,649.0,650.0,366.0,352.0,363.0,335.0,336.0,337.0
1.0,1943.0,1060.0,1010.0,1081.0,1066.0,359.0,346.0,361.0,336.0,336.0,338.0,356.0,346.0,358.0,639.0,656.0,648.0,359.0,346.0,361.0,336.0,336.0,338.0
1.0,1964.0,1095.0,1012.0,1066.0,1101.0,367.0,372.0,362.0,337.0,337.0,338.0,364.0,369.0,362.0,649.0,662.0,653.0,367.0,372.0,362.0,337.0,337.0,338.0
1.0,1935.0,1088.0,1013.0,1101.0,1091.0,363.0,360.0,368.0,337.0,337.0,339.0,363.0,360.0,365.0,644.0,639.0,652.0,363.0,360.0,368.0,337.0,337.0,339.0
1.0,1948.0,990.0,1014.0,1091.0,993.0,342.0,329.0,322.0,338.0,337.0,339.0,339.0,329.0,322.0,648.0,651.0,649.0,342.0,329.0,322.0,338.0,337.0,339.0
1.0,2049.0,996.0,1014.0,993.0,996.0,324.0,326.0,346.0,338.0,337.0,339.0,324.0,326.0,346.0,672.0,682.0,695.0,324.0,326.0,346.0,338.0,337.0,339.0
1.0,2046.0,992.0,1015.0,996.0,995.0,322.0,331.0,342.0,338.0,338.0,339.0,322.0,328.0,342.0,690.0,685.0,671.0,322.0,331.0,342.0,338.0,338.0,339.0
1.0,2050.0,1013.0,1016.0,995.0,1016.0,338.0,333.0,345.0,338.0,338.0,340.0,338.0,333.0,342.0,692.0,683.0,675.0,338.0,333.0,345.0,338.0,338.0,340.0
1.0,2032.0,1030.0,1017.0,1016.0,1033.0,353.0,334.0,346.0,339.0,338.0,340.0,350.0,334.0,346.0,676.0,681.0,675.0,353.0,334.0,346.0,339.0,338.0,340.0
1.0,2018.0,1044.0,1019.0,1033.0,1050.0,342.0,350.0,358.0,339.0,339.0,341.0,342.0,347.0,355.0,664.0,680.0,674.0,342.0,350.0,358.0,339.0,339.0,341.0
1.0,2007.0,1037.0,1020.0,1050.0,1040.0,342.0,338.0,360.0,339.0,339.0,342.0,342.0,338.0,357.0,675.0,667.0,665.0,342.0,338.0,360.0,339.0,339.0,342.0
1.0,2020.0,1059.0,1020.0,1040.0,1059.0,365.0,356.0,338.0,339.0,339.0,342.0,365.0,356.0,338.0,675.0,679.0,666.0,365.0,356.0,338.0,339.0,339.0,342.0
1.0,2001.0,1069.0,1021.0,1059.0,1072.0,362.0,358.0,352.0,340.0,339.0,342.0,359.0,358.0,352.0,652.0,661.0,688.0,362.0,358.0,352.0,340.0,339.0,342.0
1.0,1991.0,1108.0,1022.0,1072.0,1111.0,364.0,384.0,363.0,340.0,340.0,342.0,364.0,381.0,363.0,658.0,659.0,674.0,364.0,384.0,363.0,340.0,340.0,342.0
1.0,1955.0,1067.0,1022.0,1111.0,1067.0,360.0,362.0,345.0,340.0,340.0,342.0,360.0,362.0,345.0,656.0,636.0,663.0,360.0,362.0,345.0,340.0,340.0,342.0
1.0,1999.0,1046.0,1022.0,1067.0,1046.0,359.0,352.0,335.0,341.0,340.0,341.0,356.0,352.0,338.0,660.0,658.0,681.0,359.0,352.0,335.0,341.0,340.0,341.0
1.0,2020.0,1020.0,1023.0,1046.0,1023.0,339.0,342.0,342.0,341.0,340.0,342.0,339.0,342.0,339.0,664.0,668.0,688.0,339.0,342.0,342.0,341.0,340.0,342.0
1.0,2046.0,1026.0,1022.0,1023.0,1023.0,339.0,344.0,340.0,341.0,340.0,341.0,339.0,344.0,343.0,684.0,678.0,684.0,339.0,344.0,340.0,341.0,340.0,341.0
1.0,2043.0,1002.0,1022.0,1023.0,1002.0,332.0,337.0,333.0,341.0,340.0,341.0,332.0,337.0,333.0,684.0,676.0,683.0,332.0,337.0,333.0,341.0,340.0,341.0
1.0,2064.0,1030.0,1024.0,1002.0,1036.0,345.0,349.0,342.0,342.0,341.0,341.0,342.0,346.0,342.0,691.0,683.0,690.0,345.0,349.0,342.0,342.0,341.0,341.0
1.0,2036.0,984.0,1024.0,1036.0,984.0,322.0,335.0,327.0,342.0,341.0,341.0,322.0,335.0,327.0,681.0,674.0,681.0,322.0,335.0,327.0,342.0,341.0,341.0
1.0,2088.0,958.0,1023.0,984.0,955.0,304.0,327.0,324.0,341.0,341.0,341.0,307.0,327.0,324.0,704.0,688.0,696.0,304.0,327.0,324.0,341.0,341.0,341.0
1.0,2114.0,1013.0,1023.0,955.0,1013.0,336.0,335.0,342.0,341.0,341.0,341.0,336.0,335.0,342.0,719.0,696.0,699.0,336.0,335.0,342.0,341.0,341.0,341.0
1.0,2056.0,1019.0,1022.0,1013.0,1016.0,332.0,330.0,354.0,340.0,341.0,341.0,335.0,330.0,354.0,687.0,688.0,681.0,332.0,330.0,354.0,340.0,341.0,341.0
1.0,2050.0,1042.0,1024.0,1016.0,1048.0,342.0,341.0,365.0,341.0,341.0,342.0,339.0,341.0,362.0,688.0,693.0,669.0,342.0,341.0,365.0,341.0,341.0,342.0
1.0,2024.0,1065.0,1025.0,1048.0,1068.0,353.0,353.0,362.0,341.0,342.0,342.0,353.0,350.0,362.0,681.0,682.0,661.0,353.0,353.0,362.0,341.0,342.0,342.0
1.0,2007.0,1054.0,1026.0,1068.0,1057.0,349.0,342.0,366.0,341.0,342.0,343.0,349.0,342.0,363.0,670.0,673.0,664.0,349.0,342.0,366.0,341.0,342.0,343.0
1.0,2021.0,1066.0,1028.0,1057.0,1072.0,359.0,347.0,366.0,342.0,342.0,344.0,356.0,347.0,363.0,674.0,684.0,663.0,359.0,347.0,366.0,342.0,342.0,344.0
1.0,2012.0,1090.0,1030.0,1072.0,1096.0,360.0,370.0,366.0,342.0,343.0,345.0,360.0,367.0,363.0,667.0,679.0,666.0,360.0,370.0,366.0,342.0,343.0,345.0
1.0,1994.0,1081.0,1032.0,1096.0,1087.0,375.0,363.0,349.0,343.0,344.0,345.0,372.0,360.0,349.0,666.0,659.0,669.0,375.0,363.0,349.0,343.0,344.0,345.0
1.0,2009.0,1042.0,1034.0,1087.0,1048.0,360.0,347.0,341.0,344.0,344.0,346.0,357.0,347.0,338.0,654.0,669.0,686.0,360.0,347.0,341.0,344.0,344.0,346.0
1.0,2054.0,1037.0,1034.0,1048.0,1037.0,337.0,349.0,351.0,344.0,344.0,346.0,337.0,349.0,351.0,672.0,685.0,697.0,337.0,349.0,351.0,344.0,344.0,346.0
1.0,2065.0,1069.0,1035.0,1037.0,1072.0,349.0,380.0,343.0,344.0,345.0,346.0,349.0,377.0,343.0,695.0,683.0,687.0,349.0,380.0,343.0,344.0,345.0,346.0
1.0,2033.0,972.0,1036.0,1072.0,975.0,324.0,328.0,323.0,345.0,345.0,346.0,321.0,328.0,323.0,683.0,655.0,695.0,324.0,328.0,323.0,345.0,345.0,346.0
1.0,2133.0,1022.0,1036.0,975.0,1022.0,346.0,337.0,339.0,345.0,345.0,346.0,346.0,337.0,339.0,711.0,707.0,715.0,346.0,337.0,339.0,345.0,345.0,346.0
1.0,2086.0,1041.0,1036.0,1022.0,1041.0,342.0,355.0,344.0,345.0,345.0,346.0,342.0,355.0,344.0,689.0,698.0,699.0,342.0,355.0,344.0,345.0,345.0,346.0
1.0,2067.0,1013.0,1036.0,1041.0,1013.0,335.0,347.0,331.0,345.0,345.0,346.0,335.0,347.0,331.0,693.0,680.0,694.0,335.0,347.0,331.0,345.0,345.0,346.0
1.0,2095.0,1039.0,1036.0,1013.0,1039.0,342.0,345.0,352.0,345.0,345.0,346.0,342.0,345.0,352.0,700.0,688.0,707.0,342.0,345.0,352.0,345.0,345.0,346.0
1.0,2069.0,1048.0,1034.0,1039.0,1042.0,342.0,351.0,349.0,344.0,345.0,345.0,345.0,351.0,352.0,693.0,690.0,686.0,342.0,351.0,349.0,344.0,345.0,345.0
1.0,2060.0,1082.0,1034.0,1042.0,1082.0,356.0,359.0,367.0,344.0,345.0,345.0,356.0,359.0,367.0,690.0,684.0,686.0,356.0,359.0,367.0,344.0,345.0,345.0
1.0,2020.0,1061.0,1034.0,1082.0,1061.0,352.0,358.0,351.0,344.0,345.0,345.0,352.0,358.0,351.0,676.0,676.0,668.0,352.0,358.0,351.0,344.0,345.0,345.0
1.0,2041.0,1053.0,1034.0,1061.0,1053.0,356.0,350.0,347.0,344.0,345.0,345.0,356.0,350.0,347.0,680.0,677.0,684.0,356.0,350.0,347.0,344.0,345.0,345.0
1.0,2049.0,1079.0,1036.0,1053.0,1085.0,369.0,354.0,362.0,345.0,346.0,345.0,366.0,351.0,362.0,676.0,685.0,688.0,369.0,354.0,362.0,345.0,346.0,345.0
1.0,2023.0,1061.0,1037.0,1085.0,1064.0,354.0,346.0,364.0,345.0,346.0,346.0,354.0,346.0,361.0,666.0,684.0,673.0,354.0,346.0,364.0,345.0,346.0,346.0
1.0,2047.0,1080.0,1039.0,1064.0,1086.0,363.0,365.0,358.0,346.0,347.0,346.0,360.0,362.0,358.0,681.0,692.0,674.0,363.0,365.0,358.0,346.0,347.0,346.0
1.0,2031.0,995.0,1040.0,1086.0,998.0,331.0,327.0,340.0,346.0,347.0,347.0,331.0,327.0,337.0,675.0,676.0,680.0,331.0,327.0,340.0,346.0,347.0,347.0
1.0,2122.0,1001.0,1039.0,998.0,998.0,329.0,320.0,349.0,346.0,346.0,347.0,329.0,323.0,349.0,707.0,714.0,701.0,329.0,320.0,349.0,346.0,346.0,347.0
1.0,2119.0,1077.0,1042.0,998.0,1086.0,351.0,370.0,365.0,347.0,347.0,348.0,348.0,367.0,362.0,709.0,718.0,692.0,351.0,370.0,365.0,347.0,347.0,348.0
1.0,2040.0,1047.0,1041.0,1086.0,1044.0,344.0,351.0,349.0,346.0,347.0,348.0,347.0,351.0,349.0,690.0,671.0,679.0,344.0,351.0,349.0,346.0,347.0,348.0
1.0,2079.0,1072.0,1042.0,1044.0,1075.0,353.0,365.0,357.0,346.0,347.0,349.0,353.0,365.0,354.0,694.0,690.0,695.0,353.0,365.0,357.0,346.0,347.0,349.0
1.0,2051.0,1031.0,1043.0,1075.0,1034.0,347.0,350.0,337.0,346.0,348.0,349.0,347.0,347.0,337.0,685.0,676.0,690.0,347.0,350.0,337.0,346.0,348.0,349.0
1.0,2095.0,1056.0,1043.0,1034.0,1056.0,364.0,357.0,335.0,347.0,348.0,348.0,361.0,357.0,338.0,691.0,694.0,710.0,364.0,357.0,335.0,347.0,348.0,348.0
1.0,2073.0,1052.0,1042.0,1056.0,1049.0,343.0,354.0,352.0,346.0,348.0,348.0,346.0,354.0,352.0,677.0,687.0,709.0,343.0,354.0,352.0,346.0,348.0,348.0
1.0,2077.0,1096.0,1042.0,1049.0,1096.0,367.0,366.0,363.0,346.0,348.0,348.0,367.0,366.0,363.0,695.0,690.0,692.0,367.0,366.0,363.0,346.0,348.0,348.0
1.0,2030.0,1067.0,1042.0,1096.0,1067.0,358.0,363.0,346.0,346.0,348.0,348.0,358.0,363.0,346.0,671.0,678.0,681.0,358.0,363.0,346.0,346.0,348.0,348.0
1.0,2059.0,1021.0,1041.0,1067.0,1018.0,343.0,342.0,333.0,346.0,348.0,347.0,343.0,342.0,336.0,680.0,681.0,698.0,343.0,342.0,333.0,346.0,348.0,347.0
1.0,2105.0,1030.0,1042.0,1018.0,1033.0,350.0,340.0,343.0,346.0,348.0,348.0,350.0,340.0,340.0,695.0,702.0,708.0,350.0,340.0,343.0,346.0,348.0,348.0
1.0,2093.0,998.0,1042.0,1033.0,998.0,351.0,317.0,330.0,347.0,348.0,347.0,348.0,317.0,333.0,688.0,704.0,701.0,351.0,317.0,330.0,347.0,348.0,347.0
1.0,2128.0,1046.0,1043.0,998.0,1049.0,352.0,341.0,356.0,347.0,348.0,348.0,352.0,341.0,353.0,690.0,727.0,711.0,352.0,341.0,356.0,347.0,348.0,348.0
1.0,2080.0,1087.0,1044.0,1049.0,1090.0,364.0,367.0,359.0,348.0,348.0,348.0,361.0,367.0,359.0,689.0,703.0,688.0,364.0,367.0,359.0,348.0,348.0,348.0
1.0,2042.0,1046.0,1045.0,1090.0,1049.0,351.0,352.0,346.0,348.0,349.0,348.0,351.0,349.0,346.0,680.0,677.0,685.0,351.0,352.0,346.0,348.0,349.0,348.0
1.0,2086.0,1056.0,1044.0,1049.0,1053.0,361.0,329.0,363.0,348.0,348.0,348.0,361.0,332.0,363.0,693.0,695.0,698.0,361.0,329.0,363.0,348.0,348.0,348.0
1.0,2079.0,1082.0,1045.0,1053.0,1085.0,357.0,362.0,366.0,348.0,349.0,348.0,357.0,359.0,366.0,683.0,715.0,681.0,357.0,362.0,366.0,348.0,349.0,348.0
1.0,2050.0,1081.0,1046.0,1085.0,1084.0,361.0,360.0,363.0,348.0,349.0,349.0,361.0,360.0,360.0,687.0,685.0,678.0,361.0,360.0,363.0,348.0,349.0,349.0
1.0,2054.0,1109.0,1047.0,1084.0,1112.0,355.0,391.0,366.0,348.0,350.0,349.0,355.0,388.0,366.0,683.0,687.0,684.0,355.0,391.0,366.0,348.0,350.0,349.0
1.0,2029.0,1095.0,1046.0,1112.0,1092.0,365.0,359.0,368.0,348.0,349.0,349.0,365.0,362.0,368.0,689.0,659.0,681.0,365.0,359.0,368.0,348.0,349.0,349.0
1.0,2046.0,1141.0,1048.0,1092.0,1147.0,393.0,384.0,370.0,349.0,350.0,349.0,390.0,381.0,370.0,679.0,688.0,679.0,393.0,384.0,370.0,349.0,350.0,349.0
1.0,1997.0,1139.0,1049.0,1147.0,1142.0,370.0,387.0,385.0,349.0,350.0,350.0,370.0,387.0,382.0,654.0,666.0,677.0,370.0,387.0,385.0,349.0,350.0,350.0
1.0,2005.0,1081.0,1050.0,1142.0,1084.0,352.0,357.0,375.0,349.0,350.0,351.0,352.0,357.0,372.0,677.0,663.0,665.0,352.0,357.0,375.0,349.0,350.0,351.0
1.0,2066.0,1132.0,1053.0,1084.0,1141.0,383.0,379.0,379.0,350.0,351.0,352.0,380.0,376.0,376.0,695.0,693.0,678.0,383.0,379.0,379.0,350.0,351.0,352.0
1.0,2018.0,1036.0,1053.0,1141.0,1036.0,352.0,349.0,335.0,350.0,351.0,352.0,352.0,349.0,335.0,667.0,674.0,677.0,352.0,349.0,335.0,350.0,351.0,352.0
1.0,2123.0,1043.0,1054.0,1036.0,1046.0,363.0,345.0,338.0,351.0,351.0,352.0,360.0,345.0,338.0,698.0,704.0,721.0,363.0,345.0,338.0,351.0,351.0,352.0
1.0,2116.0,1049.0,1056.0,1046.0,1055.0,366.0,353.0,336.0,352.0,352.0,352.0,363.0,350.0,336.0,690.0,708.0,718.0,366.0,353.0,336.0,352.0,352.0,352.0
1.0,2113.0,1014.0,1056.0,1055.0,1014.0,344.0,332.0,338.0,352.0,352.0,352.0,344.0,332.0,338.0,690.0,703.0,720.0,344.0,332.0,338.0,352.0,352.0,352.0
1.0,2154.0,1104.0,1057.0,1014.0,1107.0,372.0,372.0,363.0,353.0,352.0,352.0,369.0,372.0,363.0,712.0,724.0,718.0,372.0,372.0,363.0,353.0,352.0,352.0
1.0,2064.0,1071.0,1058.0,1107.0,1074.0,353.0,369.0,352.0,353.0,353.0,352.0,353.0,366.0,352.0,687.0,684.0,693.0,353.0,369.0,352.0,353.0,353.0,352.0
1.0,2100.0,1090.0,1060.0,1074.0,1096.0,368.0,368.0,360.0,354.0,354.0,352.0,365.0,365.0,360.0,706.0,690.0,704.0,368.0,368.0,360.0,354.0,354.0,352.0
1.0,2084.0,1056.0,1060.0,1096.0,1056.0,349.0,356.0,351.0,354.0,354.0,352.0,349.0,356.0,351.0,694.0,694.0,696.0,349.0,356.0,351.0,354.0,354.0,352.0
1.0,2124.0,1116.0,1060.0,1056.0,1116.0,374.0,370.0,372.0,354.0,354.0,352.0,374.0,370.0,372.0,713.0,706.0,705.0,374.0,370.0,372.0,354.0,354.0,352.0
1.0,2064.0,1083.0,1060.0,1116.0,1083.0,350.0,362.0,371.0,354.0,354.0,352.0,350.0,362.0,371.0,688.0,692.0,684.0,350.0,362.0,371.0,354.0,354.0,352.0
1.0,2097.0,1106.0,1062.0,1083.0,1112.0,360.0,377.0,375.0,354.0,355.0,353.0,360.0,374.0,372.0,712.0,700.0,685.0,360.0,377.0,375.0,354.0,355.0,353.0
1.0,2074.0,1091.0,1062.0,1112.0,1091.0,350.0,367.0,374.0,354.0,355.0,353.0,350.0,367.0,374.0,702.0,688.0,684.0,350.0,367.0,374.0,354.0,355.0,353.0
1.0,2095.0,1082.0,1063.0,1091.0,1085.0,350.0,364.0,371.0,354.0,355.0,354.0,350.0,364.0,368.0,712.0,698.0,685.0,350.0,364.0,371.0,354.0,355.0,354.0
1.0,2104.0,1069.0,1063.0,1085.0,1069.0,358.0,352.0,359.0,354.0,355.0,354.0,358.0,352.0,359.0,712.0,701.0,691.0,358.0,352.0,359.0,354.0,355.0,354.0
1.0,2120.0,1101.0,1063.0,1069.0,1101.0,373.0,362.0,366.0,354.0,355.0,354.0,373.0,362.0,366.0,704.0,713.0,703.0,373.0,362.0,366.0,354.0,355.0,354.0
1.0,2088.0,1122.0,1066.0,1101.0,1131.0,380.0,379.0,372.0,355.0,356.0,355.0,377.0,376.0,369.0,689.0,703.0,696.0,380.0,379.0,372.0,355.0,356.0,355.0
1.0,2067.0,1096.0,1068.0,1131.0,1102.0,364.0,363.0,375.0,356.0,356.0,356.0,361.0,363.0,372.0,685.0,689.0,693.0,364.0,363.0,375.0,356.0,356.0,356.0
1.0,2102.0,1096.0,1068.0,1102.0,1096.0,371.0,359.0,366.0,356.0,356.0,356.0,371.0,359.0,366.0,704.0,705.0,693.0,371.0,359.0,366.0,356.0,356.0,356.0
1.0,2108.0,1085.0,1071.0,1096.0,1094.0,367.0,364.0,363.0,357.0,357.0,357.0,364.0,361.0,360.0,697.0,709.0,702.0,367.0,364.0,363.0,357.0,357.0,357.0
1.0,2119.0,1101.0,1071.0,1094.0,1101.0,368.0,369.0,364.0,357.0,357.0,357.0,368.0,369.0,364.0,704.0,707.0,708.0,368.0,369.0,364.0,357.0,357.0,357.0
1.0,2112.0,1070.0,1072.0,1101.0,1073.0,359.0,356.0,358.0,358.0,357.0,357.0,356.0,356.0,358.0,703.0,702.0,707.0,359.0,356.0,358.0,358.0,357.0,357.0
1.0,2143.0,1123.0,1073.0,1073.0,1126.0,377.0,380.0,369.0,358.0,358.0,357.0,377.0,377.0,369.0,715.0,715.0,713.0,377.0,380.0,369.0,358.0,358.0,357.0
1.0,2093.0,1047.0,1073.0,1126.0,1047.0,347.0,360.0,340.0,358.0,358.0,357.0,347.0,360.0,340.0,697.0,694.0,702.0,347.0,360.0,340.0,358.0,358.0,357.0
1.0,2172.0,1095.0,1073.0,1047.0,1095.0,360.0,370.0,365.0,358.0,358.0,357.0,360.0,370.0,365.0,727.0,714.0,731.0,360.0,370.0,365.0,358.0,358.0,357.0
1.0,2124.0,1093.0,1073.0,1095.0,1093.0,364.0,374.0,355.0,358.0,358.0,357.0,364.0,374.0,355.0,714.0,704.0,706.0,364.0,374.0,355.0,358.0,358.0,357.0
1.0,2126.0,1059.0,1073.0,1093.0,1059.0,348.0,349.0,362.0,358.0,358.0,357.0,348.0,349.0,362.0,710.0,700.0,716.0,348.0,349.0,362.0,358.0,358.0,357.0
1.0,2160.0,1047.0,1073.0,1059.0,1047.0,349.0,358.0,340.0,358.0,358.0,357.0,349.0,358.0,340.0,726.0,725.0,709.0,349.0,358.0,340.0,358.0,358.0,357.0
1.0,2172.0,1091.0,1074.0,1047.0,1094.0,350.0,384.0,360.0,358.0,359.0,357.0,350.0,381.0,360.0,725.0,716.0,731.0,350.0,384.0,360.0,358.0,359.0,357.0
1.0,2128.0,1065.0,1075.0,1094.0,1068.0,357.0,358.0,353.0,358.0,360.0,357.0,357.0,355.0,353.0,724.0,693.0,711.0,357.0,358.0,353.0,358.0,360.0,357.0
1.0,2157.0,1088.0,1076.0,1068.0,1091.0,368.0,365.0,358.0,359.0,360.0,357.0,365.0,365.0,358.0,717.0,722.0,718.0,368.0,365.0,358.0,359.0,360.0,357.0
1.0,2137.0,1099.0,1077.0,1091.0,1102.0,369.0,381.0,352.0,359.0,361.0,357.0,369.0,378.0,352.0,709.0,715.0,713.0,369.0,381.0,352.0,359.0,361.0,357.0
1.0,2129.0,1086.0,1077.0,1102.0,1086.0,370.0,353.0,363.0,360.0,360.0,357.0,367.0,356.0,363.0,708.0,702.0,719.0,370.0,353.0,363.0,360.0,360.0,357.0
1.0,2145.0,1141.0,1079.0,1086.0,1147.0,389.0,375.0,383.0,360.0,361.0,358.0,389.0,372.0,380.0,710.0,727.0,708.0,389.0,375.0,383.0,360.0,361.0,358.0
1.0,2090.0,1115.0,1081.0,1147.0,1121.0,377.0,368.0,376.0,361.0,361.0,359.0,374.0,368.0,373.0,691.0,708.0,691.0,377.0,368.0,376.0,361.0,361.0,359.0
1.0,2122.0,1138.0,1082.0,1121.0,1141.0,382.0,375.0,384.0,361.0,361.0,360.0,382.0,375.0,381.0,706.0,715.0,701.0,382.0,375.0,384.0,361.0,361.0,360.0
1.0,2105.0,1064.0,1081.0,1141.0,1061.0,359.0,349.0,353.0,361.0,361.0,359.0,359.0,349.0,356.0,701.0,708.0,696.0,359.0,349.0,353.0,361.0,361.0,359.0
1.0,2182.0,1102.0,1082.0,1061.0,1105.0,359.0,361.0,385.0,361.0,361.0,360.0,359.0,361.0,382.0,724.0,734.0,724.0,359.0,361.0,385.0,361.0,361.0,360.0
1.0,2141.0,1091.0,1083.0,1105.0,1094.0,360.0,360.0,374.0,361.0,361.0,361.0,360.0,360.0,371.0,724.0,722.0,695.0,360.0,360.0,374.0,361.0,361.0,361.0
1.0,2155.0,1068.0,1084.0,1094.0,1071.0,351.0,359.0,361.0,361.0,362.0,361.0,351.0,356.0,361.0,723.0,723.0,709.0,351.0,359.0,361.0,361.0,362.0,361.0
1.0,2181.0,1049.0,1085.0,1071.0,1052.0,355.0,354.0,343.0,362.0,362.0,361.0,352.0,354.0,343.0,732.0,727.0,722.0,355.0,354.0,343.0,362.0,362.0,361.0
1.0,2203.0,1103.0,1087.0,1052.0,1109.0,372.0,371.0,366.0,362.0,363.0,362.0,372.0,368.0,363.0,731.0,732.0,740.0,372.0,371.0,366.0,362.0,363.0,362.0
1.0,2152.0,1072.0,1086.0,1109.0,1069.0,367.0,355.0,347.0,362.0,363.0,361.0,367.0,355.0,350.0,714.0,718.0,720.0,367.0,355.0,347.0,362.0,363.0,361.0
1.0,2189.0,1107.0,1087.0,1069.0,1110.0,370.0,378.0,362.0,362.0,363.0,362.0,370.0,378.0,359.0,719.0,734.0,736.0,370.0,378.0,362.0,362.0,363.0,362.0
1.0,2151.0,1110.0,1089.0,1110.0,1116.0,379.0,373.0,364.0,363.0,364.0,362.0,376.0,370.0,364.0,716.0,711.0,724.0,379.0,373.0,364.0,363.0,364.0,362.0
1.0,2151.0,1104.0,1089.0,1116.0,1104.0,362.0,380.0,362.0,363.0,364.0,362.0,362.0,380.0,362.0,710.0,719.0,722.0,362.0,380.0,362.0,363.0,364.0,362.0
1.0,2163.0,1082.0,1089.0,1104.0,1082.0,367.0,369.0,346.0,363.0,365.0,361.0,367.0,366.0,349.0,727.0,712.0,724.0,367.0,369.0,346.0,363.0,365.0,361.0
1.0,2185.0,1100.0,1088.0,1082.0,1097.0,370.0,362.0,365.0,363.0,364.0,361.0,370.0,365.0,365.0,722.0,726.0,737.0,370.0,362.0,365.0,363.0,364.0,361.0
1.0,2167.0,1096.0,1088.0,1097.0,1096.0,366.0,372.0,358.0,363.0,364.0,361.0,366.0,372.0,358.0,719.0,730.0,718.0,366.0,372.0,358.0,363.0,364.0,361.0
1.0,2168.0,1116.0,1088.0,1096.0,1116.0,369.0,370.0,377.0,363.0,364.0,361.0,369.0,370.0,377.0,723.0,720.0,725.0,369.0,370.0,377.0,363.0,364.0,361.0
1.0,2148.0,1150.0,1088.0,1116.0,1150.0,383.0,389.0,378.0,363.0,364.0,361.0,383.0,389.0,378.0,720.0,722.0,706.0,383.0,389.0,378.0,363.0,364.0,361.0
1.0,2114.0,1090.0,1088.0,1150.0,1090.0,361.0,362.0,367.0,363.0,364.0,361.0,361.0,362.0,367.0,706.0,703.0,705.0,361.0,362.0,367.0,363.0,364.0,361.0
1.0,2174.0,1103.0,1088.0,1090.0,1103.0,354.0,370.0,379.0,363.0,364.0,361.0,354.0,370.0,379.0,728.0,730.0,716.0,354.0,370.0,379.0,363.0,364.0,361.0
1.0,2161.0,1117.0,1089.0,1103.0,1120.0,366.0,368.0,386.0,363.0,364.0,362.0,366.0,368.0,383.0,735.0,722.0,704.0,366.0,368.0,386.0,363.0,364.0,362.0
1.0,2147.0,1067.0,1089.0,1120.0,1067.0,362.0,346.0,359.0,363.0,364.0,362.0,362.0,346.0,359.0,723.0,724.0,700.0,362.0,346.0,359.0,363.0,364.0,362.0
1.0,2200.0,1078.0,1090.0,1067.0,1081.0,361.0,347.0,373.0,363.0,364.0,363.0,361.0,347.0,370.0,727.0,746.0,727.0,361.0,347.0,373.0,363.0,364.0,363.0
1.0,2189.0,1063.0,1091.0,1081.0,1066.0,345.0,364.0,357.0,363.0,365.0,363.0,345.0,361.0,357.0,728.0,745.0,716.0,345.0,364.0,357.0,363.0,365.0,363.0
1.0,2207.0,1103.0,1092.0,1066.0,1106.0,378.0,357.0,371.0,363.0,365.0,364.0,378.0,357.0,368.0,744.0,731.0,732.0,378.0,357.0,371.0,363.0,365.0,364.0
1.0,2170.0,1091.0,1093.0,1106.0,1094.0,374.0,361.0,359.0,364.0,365.0,364.0,371.0,361.0,359.0,711.0,738.0,721.0,374.0,361.0,359.0,364.0,365.0,364.0
1.0,2185.0,1099.0,1092.0,1094.0,1096.0,381.0,353.0,362.0,364.0,364.0,364.0,381.0,356.0,362.0,718.0,734.0,733.0,381.0,353.0,362.0,364.0,364.0,364.0
1.0,2180.0,1099.0,1093.0,1096.0,1102.0,374.0,377.0,351.0,364.0,365.0,364.0,374.0,374.0,351.0,711.0,739.0,730.0,374.0,377.0,351.0,364.0,365.0,364.0
1.0,2177.0,1107.0,1093.0,1102.0,1107.0,379.0,366.0,362.0,364.0,365.0,364.0,379.0,366.0,362.0,718.0,718.0,741.0,379.0,366.0,362.0,364.0,365.0,364.0
1.0,2172.0,1078.0,1092.0,1107.0,1075.0,369.0,349.0,357.0,365.0,364.0,363.0,366.0,352.0,360.0,713.0,729.0,730.0,369.0,349.0,357.0,365.0,364.0,363.0
1.0,2201.0,1112.0,1093.0,1075.0,1115.0,364.0,386.0,365.0,365.0,365.0,363.0,364.0,383.0,365.0,726.0,743.0,732.0,364.0,386.0,365.0,365.0,365.0,363.0
1.0,2164.0,1069.0,1093.0,1115.0,1069.0,355.0,364.0,350.0,365.0,365.0,363.0,355.0,364.0,350.0,731.0,709.0,724.0,355.0,364.0,350.0,365.0,365.0,363.0
1.0,2210.0,1076.0,1092.0,1069.0,1073.0,351.0,371.0,351.0,365.0,365.0,362.0,351.0,371.0,354.0,740.0,731.0,739.0,351.0,371.0,351.0,365.0,365.0,362.0
1.0,2203.0,1106.0,1093.0,1073.0,1109.0,365.0,378.0,366.0,365.0,365.0,363.0,365.0,378.0,363.0,744.0,724.0,735.0,365.0,378.0,366.0,365.0,365.0,363.0
1.0,2170.0,1035.0,1092.0,1109.0,1032.0,345.0,350.0,337.0,365.0,365.0,362.0,345.0,350.0,340.0,730.0,717.0,723.0,345.0,350.0,337.0,365.0,365.0,362.0
1.0,2244.0,1042.0,1090.0,1032.0,1036.0,346.0,338.0,352.0,364.0,364.0,362.0,349.0,341.0,352.0,750.0,745.0,749.0,346.0,338.0,352.0,364.0,364.0,362.0
1.0,2234.0,1084.0,1090.0,1036.0,1084.0,357.0,367.0,360.0,364.0,364.0,362.0,357.0,367.0,360.0,746.0,754.0,734.0,357.0,367.0,360.0,364.0,364.0,362.0
1.0,2186.0,1148.0,1091.0,1084.0,1151.0,394.0,369.0,388.0,364.0,365.0,362.0,394.0,366.0,388.0,735.0,725.0,726.0,394.0,369.0,388.0,364.0,365.0,362.0
1.0,2122.0,1123.0,1092.0,1151.0,1126.0,378.0,366.0,382.0,365.0,365.0,362.0,375.0,366.0,382.0,698.0,726.0,698.0,378.0,366.0,382.0,365.0,365.0,362.0
1.0,2150.0,1081.0,1091.0,1126.0,1078.0,369.0,350.0,359.0,365.0,364.0,362.0,369.0,353.0,359.0,717.0,729.0,704.0,369.0,350.0,359.0,365.0,364.0,362.0
1.0,2195.0,1151.0,1093.0,1078.0,1157.0,386.0,385.0,386.0,365.0,365.0,363.0,386.0,382.0,383.0,726.0,742.0,727.0,386.0,385.0,386.0,365.0,365.0,363.0
1.0,2122.0,1129.0,1093.0,1157.0,1129.0,388.0,365.0,376.0,365.0,365.0,363.0,388.0,365.0,376.0,709.0,710.0,703.0,388.0,365.0,376.0,365.0,365.0,363.0
1.0,2150.0,1151.0,1095.0,1129.0,1157.0,395.0,373.0,389.0,366.0,365.0,364.0,392.0,373.0,386.0,707.0,730.0,713.0,395.0,373.0,389.0,366.0,365.0,364.0
1.0,2128.0,1147.0,1096.0,1157.0,1150.0,385.0,385.0,380.0,367.0,365.0,364.0,382.0,385.0,380.0,703.0,722.0,703.0,385.0,385.0,380.0,367.0,365.0,364.0
1.0,2138.0,1144.0,1097.0,1150.0,1147.0,391.0,370.0,386.0,367.0,365.0,365.0,391.0,370.0,383.0,716.0,710.0,712.0,391.0,370.0,386.0,367.0,365.0,365.0
1.0,2144.0,1097.0,1097.0,1147.0,1097.0,355.0,370.0,372.0,367.0,365.0,365.0,355.0,370.0,372.0,710.0,725.0,709.0,355.0,370.0,372.0,367.0,365.0,365.0
1.0,2194.0,1091.0,1099.0,1097.0,1097.0,367.0,380.0,350.0,368.0,366.0,365.0,364.0,377.0,350.0,746.0,725.0,723.0,367.0,380.0,350.0,368.0,366.0,365.0
1.0,2200.0,1061.0,1099.0,1097.0,1061.0,354.0,368.0,339.0,368.0,366.0,365.0,354.0,368.0,339.0,737.0,718.0,745.0,354.0,368.0,339.0,368.0,366.0,365.0
1.0,2236.0,1070.0,1099.0,1061.0,1070.0,351.0,366.0,353.0,368.0,366.0,365.0,351.0,366.0,353.0,750.0,730.0,756.0,351.0,366.0,353.0,368.0,366.0,365.0
1.0,2227.0,1090.0,1098.0,1070.0,1087.0,370.0,371.0,346.0,368.0,366.0,364.0,370.0,371.0,349.0,753.0,732.0,742.0,370.0,371.0,346.0,368.0,366.0,364.0
1.0,2207.0,1099.0,1098.0,1087.0,1099.0,378.0,367.0,354.0,368.0,366.0,364.0,378.0,367.0,354.0,734.0,727.0,746.0,378.0,367.0,354.0,368.0,366.0,364.0
1.0,2195.0,1120.0,1098.0,1099.0,1120.0,380.0,373.0,367.0,368.0,366.0,364.0,380.0,373.0,367.0,726.0,731.0,738.0,380.0,373.0,367.0,368.0,366.0,364.0
1.0,2174.0,1126.0,1098.0,1120.0,1126.0,375.0,381.0,370.0,368.0,366.0,364.0,375.0,381.0,370.0,724.0,725.0,725.0,375.0,381.0,370.0,368.0,366.0,364.0
1.0,2168.0,1139.0,1098.0,1126.0,1139.0,379.0,379.0,381.0,368.0,366.0,364.0,379.0,379.0,381.0,729.0,717.0,722.0,379.0,379.0,381.0,368.0,366.0,364.0
1.0,2155.0,1168.0,1099.0,1139.0,1171.0,406.0,369.0,396.0,368.0,366.0,365.0,406.0,369.0,393.0,725.0,719.0,711.0,406.0,369.0,396.0,368.0,366.0,365.0
1.0,2126.0,1134.0,1101.0,1171.0,1140.0,383.0,373.0,384.0,369.0,367.0,365.0,380.0,370.0,384.0,698.0,729.0,699.0,383.0,373.0,384.0,369.0,367.0,365.0
1.0,2163.0,1121.0,1101.0,1140.0,1121.0,381.0,359.0,381.0,369.0,367.0,365.0,381.0,359.0,381.0,724.0,728.0,711.0,381.0,359.0,381.0,369.0,367.0,365.0
1.0,2182.0,1142.0,1103.0,1121.0,1148.0,389.0,368.0,391.0,370.0,367.0,366.0,386.0,368.0,388.0,726.0,742.0,714.0,389.0,368.0,391.0,370.0,367.0,366.0
1.0,2161.0,1092.0,1103.0,1148.0,1092.0,372.0,354.0,366.0,370.0,367.0,366.0,372.0,354.0,366.0,721.0,733.0,707.0,372.0,354.0,366.0,370.0,367.0,366.0
1.0,2217.0,1083.0,1103.0,1092.0,1083.0,356.0,363.0,364.0,370.0,367.0,366.0,356.0,363.0,364.0,738.0,747.0,732.0,356.0,363.0,364.0,370.0,367.0,366.0
1.0,2226.0,1083.0,1103.0,1083.0,1083.0,351.0,357.0,375.0,370.0,367.0,366.0,351.0,357.0,375.0,754.0,738.0,734.0,351.0,357.0,375.0,370.0,367.0,366.0
1.0,2226.0,1089.0,1103.0,1083.0,1089.0,344.0,369.0,376.0,369.0,367.0,367.0,347.0,369.0,373.0,759.0,744.0,723.0,344.0,369.0,376.0,369.0,367.0,367.0
1.0,2220.0,1084.0,1103.0,1089.0,1084.0,347.0,370.0,367.0,369.0,367.0,367.0,347.0,370.0,367.0,763.0,732.0,725.0,347.0,370.0,367.0,369.0,367.0,367.0
1.0,2225.0,1103.0,1103.0,1084.0,1103.0,370.0,374.0,359.0,369.0,367.0,367.0,370.0,374.0,359.0,760.0,731.0,734.0,370.0,374.0,359.0,369.0,367.0,367.0
1.0,2206.0,1164.0,1103.0,1103.0,1164.0,387.0,391.0,386.0,369.0,367.0,367.0,387.0,391.0,386.0,737.0,727.0,742.0,387.0,391.0,386.0,369.0,367.0,367.0
1.0,2145.0,1193.0,1106.0,1164.0,1202.0,394.0,413.0,395.0,370.0,368.0,368.0,391.0,410.0,392.0,720.0,710.0,715.0,394.0,413.0,395.0,370.0,368.0,368.0
1.0,2116.0,1157.0,1107.0,1202.0,1160.0,376.0,397.0,387.0,370.0,369.0,368.0,376.0,394.0,387.0,716.0,691.0,709.0,376.0,397.0,387.0,370.0,369.0,368.0
1.0,2161.0,1156.0,1109.0,1160.0,1162.0,401.0,390.0,371.0,371.0,369.0,369.0,398.0,390.0,368.0,734.0,710.0,717.0,401.0,390.0,371.0,371.0,369.0,369.0
1.0,2165.0,1125.0,1108.0,1162.0,1122.0,388.0,377.0,357.0,371.0,369.0,368.0,388.0,377.0,360.0,712.0,717.0,736.0,388.0,377.0,357.0,371.0,369.0,368.0
1.0,2202.0,1125.0,1108.0,1122.0,1125.0,381.0,377.0,367.0,371.0,369.0,368.0,381.0,377.0,367.0,725.0,730.0,747.0,381.0,377.0,367.0,371.0,369.0,368.0
1.0,2199.0,1141.0,1109.0,1125.0,1144.0,402.0,379.0,363.0,372.0,369.0,368.0,399.0,379.0,363.0,732.0,730.0,737.0,402.0,379.0,363.0,372.0,369.0,368.0
1.0,2183.0,1129.0,1109.0,1144.0,1129.0,380.0,373.0,376.0,372.0,369.0,368.0,380.0,373.0,376.0,714.0,728.0,741.0,380.0,373.0,376.0,372.0,369.0,368.0
1.0,2198.0,1109.0,1109.0,1129.0,1109.0,373.0,370.0,366.0,372.0,369.0,368.0,373.0,370.0,366.0,736.0,734.0,728.0,373.0,370.0,366.0,372.0,369.0,368.0
1.0,2218.0,1142.0,1111.0,1109.0,1148.0,391.0,374.0,383.0,373.0,370.0,368.0,388.0,371.0,383.0,743.0,737.0,738.0,391.0,374.0,383.0,373.0,370.0,368.0
1.0,2185.0,1137.0,1111.0,1148.0,1137.0,372.0,388.0,377.0,373.0,370.0,368.0,372.0,388.0,377.0,728.0,736.0,721.0,372.0,388.0,377.0,373.0,370.0,368.0
1.0,2196.0,1136.0,1114.0,1137.0,1145.0,378.0,376.0,391.0,374.0,371.0,369.0,375.0,373.0,388.0,747.0,722.0,727.0,378.0,376.0,391.0,374.0,371.0,369.0
1.0,2197.0,1149.0,1114.0,1145.0,1149.0,388.0,381.0,380.0,374.0,371.0,369.0,388.0,381.0,380.0,744.0,737.0,716.0,388.0,381.0,380.0,374.0,371.0,369.0
1.0,2193.0,1143.0,1116.0,1149.0,1149.0,371.0,385.0,393.0,374.0,372.0,370.0,371.0,382.0,390.0,734.0,732.0,727.0,371.0,385.0,393.0,374.0,372.0,370.0
1.0,2199.0,1158.0,1116.0,1149.0,1158.0,381.0,378.0,399.0,374.0,372.0,370.0,381.0,378.0,399.0,751.0,731.0,717.0,381.0,378.0,399.0,374.0,372.0,370.0
1.0,2190.0,1160.0,1117.0,1158.0,1163.0,378.0,385.0,400.0,374.0,372.0,371.0,378.0,385.0,397.0,741.0,738.0,711.0,378.0,385.0,400.0,374.0,372.0,371.0
1.0,2188.0,1161.0,1119.0,1163.0,1167.0,381.0,396.0,390.0,374.0,373.0,372.0,381.0,393.0,387.0,744.0,731.0,713.0,381.0,396.0,390.0,374.0,373.0,372.0
1.0,2190.0,1180.0,1120.0,1167.0,1183.0,398.0,402.0,383.0,374.0,374.0,372.0,398.0,399.0,383.0,741.0,723.0,726.0,398.0,402.0,383.0,374.0,374.0,372.0
1.0,2177.0,1180.0,1122.0,1183.0,1186.0,398.0,399.0,389.0,375.0,374.0,373.0,395.0,399.0,386.0,724.0,720.0,733.0,398.0,399.0,389.0,375.0,374.0,373.0
1.0,2180.0,1120.0,1122.0,1186.0,1120.0,375.0,373.0,372.0,375.0,374.0,373.0,375.0,373.0,372.0,727.0,723.0,730.0,375.0,373.0,372.0,375.0,374.0,373.0
1.0,2246.0,1094.0,1123.0,1120.0,1097.0,363.0,363.0,371.0,376.0,374.0,373.0,360.0,363.0,371.0,750.0,749.0,747.0,363.0,363.0,371.0,376.0,374.0,373.0
1.0,2272.0,1088.0,1122.0,1097.0,1085.0,353.0,364.0,368.0,375.0,374.0,373.0,356.0,364.0,368.0,765.0,759.0,748.0,353.0,364.0,368.0,375.0,374.0,373.0
1.0,2281.0,1127.0,1124.0,1085.0,1133.0,373.0,379.0,381.0,376.0,374.0,374.0,370.0,379.0,378.0,772.0,758.0,751.0,373.0,379.0,381.0,376.0,374.0,374.0
1.0,2239.0,1076.0,1125.0,1133.0,1079.0,363.0,359.0,357.0,376.0,375.0,374.0,363.0,356.0,357.0,755.0,743.0,741.0,363.0,359.0,357.0,376.0,375.0,374.0
1.0,2296.0,1099.0,1125.0,1079.0,1099.0,366.0,376.0,357.0,376.0,375.0,374.0,366.0,376.0,357.0,765.0,766.0,765.0,366.0,376.0,357.0,376.0,375.0,374.0
1.0,2276.0,1115.0,1125.0,1099.0,1115.0,372.0,374.0,369.0,376.0,375.0,374.0,372.0,374.0,369.0,762.0,749.0,765.0,372.0,374.0,369.0,376.0,375.0,374.0
1.0,2260.0,1120.0,1125.0,1115.0,1120.0,378.0,374.0,368.0,376.0,375.0,374.0,378.0,374.0,368.0,756.0,751.0,753.0,378.0,374.0,368.0,376.0,375.0,374.0
1.0,2255.0,1154.0,1126.0,1120.0,1157.0,384.0,385.0,388.0,376.0,376.0,374.0,384.0,382.0,388.0,750.0,751.0,754.0,384.0,385.0,388.0,376.0,376.0,374.0
1.0,2221.0,1170.0,1126.0,1157.0,1170.0,393.0,392.0,385.0,376.0,376.0,374.0,393.0,392.0,385.0,744.0,743.0,734.0,393.0,392.0,385.0,376.0,376.0,374.0
1.0,2208.0,1145.0,1126.0,1170.0,1145.0,377.0,387.0,381.0,376.0,376.0,374.0,377.0,387.0,381.0,735.0,736.0,737.0,377.0,387.0,381.0,376.0,376.0,374.0
1.0,2233.0,1144.0,1126.0,1145.0,1144.0,383.0,377.0,384.0,376.0,376.0,374.0,383.0,377.0,384.0,751.0,741.0,741.0,383.0,377.0,384.0,376.0,376.0,374.0
1.0,2234.0,1146.0,1126.0,1144.0,1146.0,377.0,383.0,386.0,376.0,376.0,374.0,377.0,383.0,386.0,745.0,751.0,738.0,377.0,383.0,386.0,376.0,376.0,374.0
1.0,2232.0,1220.0,1128.0,1146.0,1226.0,400.0,412.0,414.0,376.0,377.0,375.0,400.0,409.0,411.0,751.0,745.0,736.0,400.0,412.0,414.0,376.0,377.0,375.0
1.0,2158.0,1120.0,1128.0,1226.0,1120.0,373.0,373.0,374.0,376.0,377.0,375.0,373.0,373.0,374.0,728.0,719.0,711.0,373.0,373.0,374.0,376.0,377.0,375.0
1.0,2264.0,1142.0,1130.0,1120.0,1148.0,392.0,370.0,386.0,377.0,377.0,376.0,389.0,370.0,383.0,755.0,758.0,751.0,392.0,370.0,386.0,377.0,377.0,376.0
1.0,2242.0,1114.0,1130.0,1148.0,1114.0,370.0,368.0,376.0,377.0,377.0,376.0,370.0,368.0,376.0,739.0,761.0,742.0,370.0,368.0,376.0,377.0,377.0,376.0
1.0,2276.0,1147.0,1132.0,1114.0,1153.0,391.0,371.0,391.0,378.0,377.0,377.0,388.0,371.0,388.0,761.0,763.0,752.0,391.0,371.0,391.0,378.0,377.0,377.0
1.0,2243.0,1124.0,1132.0,1153.0,1124.0,369.0,382.0,373.0,378.0,377.0,377.0,369.0,382.0,373.0,743.0,760.0,740.0,369.0,382.0,373.0,378.0,377.0,377.0
1.0,2272.0,1128.0,1133.0,1124.0,1131.0,373.0,376.0,382.0,378.0,377.0,378.0,373.0,376.0,379.0,765.0,749.0,758.0,373.0,376.0,382.0,378.0,377.0,378.0
1.0,2268.0,1119.0,1133.0,1131.0,1119.0,367.0,376.0,376.0,378.0,377.0,378.0,367.0,376.0,376.0,761.0,755.0,752.0,367.0,376.0,376.0,378.0,377.0,378.0
1.0,2280.0,1117.0,1132.0,1119.0,1114.0,364.0,378.0,372.0,377.0,377.0,378.0,367.0,378.0,372.0,767.0,755.0,758.0,364.0,378.0,372.0,377.0,377.0,378.0
1.0,2282.0,1151.0,1133.0,1114.0,1154.0,377.0,392.0,385.0,377.0,378.0,378.0,377.0,389.0,385.0,767.0,753.0,762.0,377.0,392.0,385.0,377.0,378.0,378.0
1.0,2245.0,1207.0,1133.0,1154.0,1207.0,399.0,406.0,402.0,377.0,378.0,378.0,399.0,406.0,402.0,754.0,742.0,749.0,399.0,406.0,402.0,377.0,378.0,378.0
1.0,2192.0,1143.0,1133.0,1207.0,1143.0,391.0,379.0,373.0,377.0,378.0,378.0,391.0,379.0,373.0,732.0,728.0,732.0,391.0,379.0,373.0,377.0,378.0,378.0
1.0,2256.0,1140.0,1134.0,1143.0,1143.0,383.0,380.0,380.0,377.0,379.0,378.0,383.0,377.0,380.0,740.0,755.0,761.0,383.0,380.0,380.0,377.0,379.0,378.0
1.0,2259.0,1117.0,1134.0,1143.0,1117.0,375.0,368.0,374.0,377.0,379.0,378.0,375.0,368.0,374.0,748.0,757.0,754.0,375.0,368.0,374.0,377.0,379.0,378.0
1.0,2285.0,1126.0,1135.0,1117.0,1129.0,387.0,371.0,371.0,378.0,379.0,378.0,384.0,371.0,371.0,756.0,769.0,760.0,387.0,371.0,371.0,378.0,379.0,378.0
1.0,2276.0,1166.0,1135.0,1129.0,1166.0,402.0,379.0,385.0,378.0,379.0,378.0,402.0,379.0,385.0,747.0,766.0,763.0,402.0,379.0,385.0,378.0,379.0,378.0
1.0,2239.0,1168.0,1138.0,1166.0,1177.0,397.0,394.0,386.0,379.0,380.0,379.0,394.0,391.0,383.0,732.0,758.0,749.0,397.0,394.0,386.0,379.0,380.0,379.0
1.0,2237.0,1122.0,1138.0,1177.0,1122.0,366.0,388.0,368.0,380.0,380.0,378.0,363.0,388.0,371.0,740.0,746.0,751.0,366.0,388.0,368.0,380.0,380.0,378.0
1.0,2292.0,1134.0,1140.0,1122.0,1140.0,375.0,386.0,379.0,380.0,381.0,379.0,375.0,383.0,376.0,774.0,752.0,766.0,375.0,386.0,379.0,380.0,381.0,379.0
1.0,2280.0,1208.0,1142.0,1140.0,1214.0,383.0,419.0,412.0,380.0,382.0,380.0,383.0,416.0,409.0,765.0,757.0,758.0,383.0,419.0,412.0,380.0,382.0,380.0
1.0,2212.0,1100.0,1140.0,1214.0,1094.0,354.0,370.0,370.0,380.0,381.0,379.0,354.0,373.0,373.0,757.0,727.0,728.0,354.0,370.0,370.0,380.0,381.0,379.0
1.0,2326.0,1173.0,1140.0,1094.0,1173.0,370.0,399.0,404.0,379.0,381.0,380.0,373.0,399.0,401.0,786.0,773.0,767.0,370.0,399.0,404.0,379.0,381.0,380.0
1.0,2247.0,1161.0,1141.0,1173.0,1164.0,391.0,384.0,389.0,380.0,381.0,380.0,388.0,384.0,389.0,767.0,744.0,736.0,391.0,384.0,389.0,380.0,381.0,380.0
1.0,2259.0,1160.0,1140.0,1164.0,1157.0,374.0,377.0,406.0,379.0,381.0,380.0,377.0,377.0,406.0,749.0,759.0,751.0,374.0,377.0,406.0,379.0,381.0,380.0
1.0,2263.0,1162.0,1141.0,1157.0,1165.0,384.0,384.0,397.0,379.0,381.0,381.0,384.0,384.0,394.0,763.0,766.0,734.0,384.0,384.0,397.0,379.0,381.0,381.0
1.0,2258.0,1166.0,1142.0,1165.0,1169.0,392.0,372.0,405.0,379.0,381.0,382.0,392.0,372.0,402.0,753.0,759.0,746.0,392.0,372.0,405.0,379.0,381.0,382.0
1.0,2257.0,1152.0,1142.0,1169.0,1152.0,385.0,381.0,386.0,379.0,381.0,382.0,385.0,381.0,386.0,745.0,771.0,741.0,385.0,381.0,386.0,379.0,381.0,382.0
1.0,2274.0,1173.0,1142.0,1152.0,1173.0,398.0,389.0,386.0,379.0,381.0,382.0,398.0,389.0,386.0,752.0,762.0,760.0,398.0,389.0,386.0,379.0,381.0,382.0
1.0,2253.0,1146.0,1143.0,1173.0,1149.0,394.0,381.0,374.0,380.0,381.0,382.0,391.0,381.0,374.0,739.0,754.0,760.0,394.0,381.0,374.0,380.0,381.0,382.0
1.0,2280.0,1144.0,1143.0,1149.0,1144.0,395.0,379.0,370.0,380.0,381.0,382.0,395.0,379.0,370.0,746.0,762.0,772.0,395.0,379.0,370.0,380.0,381.0,382.0
1.0,2285.0,1117.0,1143.0,1144.0,1117.0,370.0,378.0,369.0,380.0,381.0,382.0,370.0,378.0,369.0,745.0,764.0,776.0,370.0,378.0,369.0,380.0,381.0,382.0
1.0,2312.0,1137.0,1143.0,1117.0,1137.0,382.0,380.0,375.0,380.0,381.0,382.0,382.0,380.0,375.0,770.0,765.0,777.0,382.0,380.0,375.0,380.0,381.0,382.0
1.0,2292.0,1129.0,1143.0,1137.0,1129.0,381.0,372.0,376.0,380.0,381.0,382.0,381.0,372.0,376.0,758.0,763.0,771.0,381.0,372.0,376.0,380.0,381.0,382.0
1.0,2300.0,1184.0,1143.0,1129.0,1184.0,400.0,404.0,380.0,380.0,381.0,382.0,400.0,404.0,380.0,759.0,771.0,770.0,400.0,404.0,380.0,380.0,381.0,382.0
1.0,2245.0,1200.0,1144.0,1184.0,1203.0,417.0,406.0,380.0,381.0,382.0,381.0,414.0,403.0,383.0,740.0,739.0,766.0,417.0,406.0,380.0,381.0,382.0,381.0
1.0,2229.0,1193.0,1144.0,1203.0,1193.0,391.0,401.0,401.0,381.0,382.0,381.0,391.0,401.0,401.0,726.0,740.0,763.0,391.0,401.0,401.0,381.0,382.0,381.0
1.0,2239.0,1171.0,1144.0,1193.0,1171.0,386.0,395.0,390.0,381.0,382.0,381.0,386.0,395.0,390.0,752.0,745.0,742.0,386.0,395.0,390.0,381.0,382.0,381.0
1.0,2261.0,1221.0,1146.0,1171.0,1227.0,399.0,422.0,406.0,381.0,383.0,382.0,399.0,419.0,403.0,757.0,751.0,753.0,399.0,422.0,406.0,381.0,383.0,382.0
1.0,2211.0,1183.0,1146.0,1227.0,1183.0,378.0,401.0,404.0,381.0,383.0,382.0,378.0,401.0,404.0,744.0,727.0,740.0,378.0,401.0,404.0,381.0,383.0,382.0
1.0,2255.0,1154.0,1146.0,1183.0,1154.0,387.0,377.0,390.0,381.0,383.0,382.0,387.0,377.0,390.0,765.0,748.0,742.0,387.0,377.0,390.0,381.0,383.0,382.0
1.0,2284.0,1196.0,1148.0,1154.0,1202.0,405.0,395.0,402.0,382.0,383.0,383.0,402.0,395.0,399.0,756.0,772.0,756.0,405.0,395.0,402.0,382.0,383.0,383.0
1.0,2242.0,1163.0,1149.0,1202.0,1166.0,377.0,396.0,393.0,382.0,384.0,383.0,377.0,393.0,393.0,741.0,754.0,747.0,377.0,396.0,393.0,382.0,384.0,383.0
1.0,2281.0,1167.0,1151.0,1166.0,1173.0,389.0,391.0,393.0,383.0,384.0,384.0,386.0,391.0,390.0,769.0,756.0,756.0,389.0,391.0,393.0,383.0,384.0,384.0
1.0,2280.0,1183.0,1153.0,1173.0,1189.0,389.0,394.0,406.0,383.0,385.0,385.0,389.0,391.0,403.0,760.0,761.0,759.0,389.0,394.0,406.0,383.0,385.0,385.0
1.0,2270.0,1173.0,1154.0,1189.0,1176.0,406.0,384.0,386.0,384.0,385.0,385.0,403.0,384.0,386.0,760.0,761.0,749.0,406.0,384.0,386.0,384.0,385.0,385.0
1.0,2286.0,1149.0,1156.0,1176.0,1155.0,406.0,349.0,400.0,385.0,385.0,386.0,403.0,349.0,397.0,746.0,771.0,769.0,406.0,349.0,400.0,385.0,385.0,386.0
1.0,2313.0,1193.0,1156.0,1155.0,1193.0,405.0,394.0,394.0,385.0,385.0,386.0,405.0,394.0,394.0,749.0,806.0,758.0,405.0,394.0,394.0,385.0,385.0,386.0
1.0,2275.0,1184.0,1156.0,1193.0,1184.0,401.0,385.0,398.0,385.0,385.0,386.0,401.0,385.0,398.0,750.0,761.0,764.0,401.0,385.0,398.0,385.0,385.0,386.0
1.0,2284.0,1198.0,1157.0,1184.0,1201.0,411.0,404.0,386.0,386.0,385.0,386.0,408.0,404.0,386.0,754.0,770.0,760.0,411.0,404.0,386.0,386.0,385.0,386.0
1.0,2270.0,1240.0,1160.0,1201.0,1249.0,422.0,420.0,407.0,387.0,386.0,387.0,419.0,417.0,404.0,747.0,751.0,772.0,422.0,420.0,407.0,387.0,386.0,387.0
1.0,2231.0,1211.0,1160.0,1249.0,1211.0,405.0,408.0,398.0,387.0,386.0,387.0,405.0,408.0,398.0,739.0,738.0,754.0,405.0,408.0,398.0,387.0,386.0,387.0
1.0,2269.0,1200.0,1161.0,1211.0,1203.0,395.0,413.0,395.0,387.0,387.0,387.0,395.0,410.0,395.0,756.0,750.0,763.0,395.0,413.0,395.0,387.0,387.0,387.0
1.0,2280.0,1184.0,1161.0,1203.0,1184.0,395.0,408.0,381.0,387.0,387.0,387.0,395.0,408.0,381.0,766.0,748.0,766.0,395.0,408.0,381.0,387.0,387.0,387.0
1.0,2299.0,1174.0,1162.0,1184.0,1177.0,396.0,396.0,385.0,388.0,387.0,387.0,393.0,396.0,385.0,766.0,753.0,780.0,396.0,396.0,385.0,388.0,387.0,387.0
1.0,2309.0,1135.0,1162.0,1177.0,1135.0,378.0,383.0,374.0,387.0,388.0,387.0,381.0,380.0,374.0,768.0,765.0,776.0,378.0,383.0,374.0,387.0,388.0,387.0
1.0,2351.0,1174.0,1163.0,1135.0,1177.0,389.0,385.0,403.0,388.0,388.0,387.0,386.0,385.0,403.0,783.0,781.0,787.0,389.0,385.0,403.0,388.0,388.0,387.0
1.0,2312.0,1153.0,1163.0,1177.0,1153.0,388.0,385.0,380.0,388.0,388.0,387.0,388.0,385.0,380.0,775.0,779.0,758.0,388.0,385.0,380.0,388.0,388.0,387.0
1.0,2336.0,1155.0,1163.0,1153.0,1155.0,387.0,386.0,382.0,388.0,388.0,387.0,387.0,386.0,382.0,776.0,779.0,781.0,387.0,386.0,382.0,388.0,388.0,387.0
1.0,2334.0,1184.0,1166.0,1155.0,1193.0,401.0,395.0,397.0,389.0,389.0,388.0,398.0,392.0,394.0,777.0,778.0,779.0,401.0,395.0,397.0,389.0,389.0,388.0
1.0,2305.0,1198.0,1166.0,1193.0,1198.0,402.0,394.0,402.0,389.0,389.0,388.0,402.0,394.0,402.0,766.0,772.0,767.0,402.0,394.0,402.0,389.0,389.0,388.0
1.0,2300.0,1198.0,1168.0,1198.0,1204.0,409.0,389.0,406.0,390.0,389.0,389.0,406.0,389.0,403.0,765.0,773.0,762.0,409.0,389.0,406.0,390.0,389.0,389.0
1.0,2300.0,1204.0,1169.0,1204.0,1207.0,409.0,399.0,399.0,391.0,389.0,389.0,406.0,399.0,399.0,761.0,778.0,761.0,409.0,399.0,399.0,391.0,389.0,389.0
1.0,2300.0,1206.0,1169.0,1207.0,1206.0,402.0,401.0,403.0,391.0,389.0,389.0,402.0,401.0,403.0,764.0,768.0,768.0,402.0,401.0,403.0,391.0,389.0,389.0
1.0,2301.0,1154.0,1169.0,1206.0,1154.0,392.0,371.0,391.0,391.0,389.0,389.0,392.0,371.0,391.0,771.0,766.0,764.0,392.0,371.0,391.0,391.0,389.0,389.0
1.0,2353.0,1170.0,1170.0,1154.0,1173.0,397.0,379.0,397.0,391.0,389.0,390.0,397.0,379.0,394.0,781.0,796.0,776.0,397.0,379.0,397.0,391.0,389.0,390.0
1.0,2337.0,1241.0,1172.0,1173.0,1247.0,410.0,414.0,423.0,392.0,390.0,390.0,407.0,411.0,423.0,776.0,788.0,773.0,410.0,414.0,423.0,392.0,390.0,390.0
1.0,2269.0,1135.0,1172.0,1247.0,1135.0,370.0,386.0,379.0,391.0,390.0,391.0,373.0,386.0,376.0,766.0,756.0,747.0,370.0,386.0,379.0,391.0,390.0,391.0
1.0,2381.0,1173.0,1173.0,1135.0,1176.0,386.0,402.0,388.0,391.0,391.0,391.0,386.0,399.0,388.0,803.0,784.0,794.0,386.0,402.0,388.0,391.0,391.0,391.0
1.0,2343.0,1163.0,1173.0,1176.0,1163.0,381.0,393.0,389.0,391.0,391.0,391.0,381.0,393.0,389.0,787.0,771.0,785.0,381.0,393.0,389.0,391.0,391.0,391.0
1.0,2356.0,1160.0,1173.0,1163.0,1160.0,387.0,396.0,377.0,391.0,391.0,391.0,387.0,396.0,377.0,792.0,780.0,784.0,387.0,396.0,377.0,391.0,391.0,391.0
1.0,2359.0,1151.0,1173.0,1160.0,1151.0,375.0,389.0,387.0,391.0,391.0,391.0,375.0,389.0,387.0,786.0,777.0,796.0,375.0,389.0,387.0,391.0,391.0,391.0
1.0,2368.0,1187.0,1173.0,1151.0,1187.0,403.0,391.0,393.0,392.0,390.0,391.0,400.0,394.0,393.0,798.0,784.0,786.0,403.0,391.0,393.0,392.0,390.0,391.0
1.0,2332.0,1206.0,1175.0,1187.0,1212.0,409.0,401.0,402.0,393.0,391.0,391.0,406.0,398.0,402.0,773.0,779.0,780.0,409.0,401.0,402.0,393.0,391.0,391.0
1.0,2313.0,1202.0,1175.0,1212.0,1202.0,410.0,399.0,393.0,393.0,391.0,391.0,410.0,399.0,393.0,770.0,772.0,771.0,410.0,399.0,393.0,393.0,391.0,391.0
1.0,2323.0,1249.0,1178.0,1202.0,1258.0,413.0,428.0,417.0,394.0,392.0,392.0,410.0,425.0,414.0,769.0,774.0,780.0,413.0,428.0,417.0,394.0,392.0,392.0
1.0,2276.0,1231.0,1179.0,1258.0,1234.0,425.0,402.0,407.0,395.0,392.0,392.0,422.0,402.0,407.0,769.0,748.0,759.0,425.0,402.0,407.0,395.0,392.0,392.0
1.0,2303.0,1215.0,1179.0,1234.0,1215.0,404.0,400.0,411.0,395.0,392.0,392.0,404.0,400.0,411.0,760.0,774.0,769.0,404.0,400.0,411.0,395.0,392.0,392.0
1.0,2322.0,1187.0,1180.0,1215.0,1190.0,389.0,405.0,396.0,395.0,393.0,392.0,389.0,402.0,396.0,781.0,776.0,765.0,389.0,405.0,396.0,395.0,393.0,392.0
1.0,2350.0,1177.0,1180.0,1190.0,1177.0,393.0,396.0,388.0,395.0,393.0,392.0,393.0,396.0,388.0,796.0,774.0,780.0,393.0,396.0,388.0,395.0,393.0,392.0
1.0,2363.0,1198.0,1180.0,1177.0,1198.0,403.0,384.0,411.0,395.0,393.0,392.0,403.0,384.0,411.0,792.0,783.0,788.0,403.0,384.0,411.0,395.0,393.0,392.0
1.0,2342.0,1182.0,1181.0,1198.0,1185.0,388.0,391.0,406.0,395.0,393.0,393.0,388.0,391.0,403.0,782.0,795.0,765.0,388.0,391.0,406.0,395.0,393.0,393.0
1.0,2358.0,1158.0,1181.0,1185.0,1158.0,387.0,374.0,397.0,395.0,393.0,393.0,387.0,374.0,397.0,797.0,788.0,773.0,387.0,374.0,397.0,395.0,393.0,393.0
1.0,2385.0,1175.0,1183.0,1158.0,1181.0,384.0,392.0,405.0,395.0,394.0,394.0,384.0,389.0,402.0,798.0,805.0,782.0,384.0,392.0,405.0,395.0,394.0,394.0
1.0,2368.0,1157.0,1183.0,1181.0,1157.0,385.0,383.0,389.0,395.0,394.0,394.0,385.0,383.0,389.0,801.0,790.0,777.0,385.0,383.0,389.0,395.0,394.0,394.0
1.0,2392.0,1149.0,1184.0,1157.0,1152.0,377.0,378.0,397.0,395.0,394.0,395.0,377.0,378.0,394.0,800.0,799.0,793.0,377.0,378.0,397.0,395.0,394.0,395.0
1.0,2400.0,1200.0,1184.0,1152.0,1200.0,396.0,411.0,393.0,395.0,394.0,395.0,396.0,411.0,393.0,808.0,804.0,788.0,396.0,411.0,393.0,395.0,394.0,395.0
1.0,2352.0,1212.0,1184.0,1200.0,1212.0,411.0,410.0,391.0,395.0,394.0,395.0,411.0,410.0,391.0,789.0,771.0,792.0,411.0,410.0,391.0,395.0,394.0,395.0
1.0,2340.0,1180.0,1184.0,1212.0,1180.0,398.0,396.0,386.0,395.0,394.0,395.0,398.0,396.0,386.0,774.0,772.0,794.0,398.0,396.0,386.0,395.0,394.0,395.0
1.0,2372.0,1205.0,1185.0,1180.0,1208.0,413.0,403.0,392.0,396.0,394.0,395.0,410.0,403.0,392.0,787.0,786.0,799.0,413.0,403.0,392.0,396.0,394.0,395.0
1.0,2347.0,1232.0,1185.0,1208.0,1232.0,408.0,417.0,407.0,396.0,394.0,395.0,408.0,417.0,407.0,775.0,779.0,793.0,408.0,417.0,407.0,396.0,394.0,395.0
1.0,2323.0,1196.0,1185.0,1232.0,1196.0,392.0,396.0,408.0,396.0,394.0,395.0,392.0,396.0,408.0,780.0,765.0,778.0,392.0,396.0,408.0,396.0,394.0,395.0
1.0,2359.0,1178.0,1185.0,1196.0,1178.0,395.0,394.0,389.0,396.0,394.0,395.0,395.0,394.0,389.0,796.0,786.0,777.0,395.0,394.0,389.0,396.0,394.0,395.0
1.0,2377.0,1196.0,1185.0,1178.0,1196.0,400.0,401.0,395.0,396.0,394.0,395.0,400.0,401.0,395.0,793.0,788.0,796.0,400.0,401.0,395.0,396.0,394.0,395.0
1.0,2359.0,1175.0,1185.0,1196.0,1175.0,387.0,392.0,396.0,396.0,394.0,395.0,387.0,392.0,396.0,788.0,781.0,790.0,387.0,392.0,396.0,396.0,394.0,395.0
1.0,2380.0,1190.0,1186.0,1175.0,1193.0,403.0,391.0,399.0,397.0,394.0,395.0,400.0,391.0,399.0,801.0,790.0,789.0,403.0,391.0,399.0,397.0,394.0,395.0
1.0,2365.0,1194.0,1187.0,1193.0,1197.0,396.0,402.0,399.0,397.0,395.0,395.0,396.0,399.0,399.0,788.0,791.0,786.0,396.0,402.0,399.0,397.0,395.0,395.0
1.0,2364.0,1165.0,1186.0,1197.0,1162.0,381.0,370.0,411.0,396.0,394.0,396.0,384.0,373.0,408.0,795.0,783.0,786.0,381.0,370.0,411.0,396.0,394.0,396.0
1.0,2396.0,1215.0,1187.0,1162.0,1218.0,405.0,402.0,411.0,396.0,395.0,396.0,405.0,399.0,411.0,807.0,812.0,777.0,405.0,402.0,411.0,396.0,395.0,396.0
1.0,2343.0,1189.0,1187.0,1218.0,1189.0,395.0,397.0,397.0,396.0,395.0,396.0,395.0,397.0,397.0,783.0,783.0,777.0,395.0,397.0,397.0,396.0,395.0,396.0
1.0,2372.0,1260.0,1189.0,1189.0,1266.0,419.0,419.0,428.0,397.0,396.0,396.0,416.0,416.0,428.0,793.0,788.0,791.0,419.0,419.0,428.0,397.0,396.0,396.0
1.0,2301.0,1251.0,1190.0,1266.0,1254.0,416.0,408.0,430.0,397.0,396.0,397.0,416.0,408.0,427.0,772.0,769.0,760.0,416.0,408.0,430.0,397.0,396.0,397.0
1.0,2316.0,1196.0,1188.0,1254.0,1190.0,397.0,387.0,406.0,396.0,395.0,397.0,400.0,390.0,406.0,775.0,780.0,761.0,397.0,387.0,406.0,396.0,395.0,397.0
1.0,2374.0,1256.0,1191.0,1190.0,1265.0,419.0,420.0,426.0,397.0,396.0,398.0,416.0,417.0,423.0,791.0,798.0,785.0,419.0,420.0,426.0,397.0,396.0,398.0
1.0,2308.0,1241.0,1191.0,1265.0,1241.0,412.0,427.0,402.0,397.0,396.0,398.0,412.0,427.0,402.0,772.0,768.0,768.0,412.0,427.0,402.0,397.0,396.0,398.0
1.0,2332.0,1218.0,1191.0,1241.0,1218.0,405.0,402.0,411.0,397.0,396.0,398.0,405.0,402.0,411.0,779.0,761.0,792.0,405.0,402.0,411.0,397.0,396.0,398.0
1.0,2355.0,1209.0,1192.0,1218.0,1212.0,403.0,402.0,407.0,397.0,396.0,399.0,403.0,402.0,404.0,786.0,786.0,783.0,403.0,402.0,407.0,397.0,396.0,399.0
1.0,2364.0,1178.0,1193.0,1212.0,1181.0,380.0,418.0,383.0,397.0,397.0,399.0,380.0,415.0,383.0,788.0,786.0,790.0,380.0,418.0,383.0,397.0,397.0,399.0
1.0,2398.0,1174.0,1193.0,1181.0,1174.0,394.0,395.0,385.0,397.0,397.0,399.0,394.0,395.0,385.0,811.0,773.0,814.0,394.0,395.0,385.0,397.0,397.0,399.0
1.0,2405.0,1207.0,1194.0,1174.0,1210.0,400.0,414.0,396.0,398.0,397.0,399.0,397.0,414.0,396.0,797.0,796.0,812.0,400.0,414.0,396.0,398.0,397.0,399.0
1.0,2372.0,1200.0,1195.0,1210.0,1203.0,406.0,404.0,393.0,398.0,398.0,399.0,406.0,401.0,393.0,794.0,777.0,801.0,406.0,404.0,393.0,398.0,398.0,399.0
1.0,2382.0,1179.0,1195.0,1203.0,1179.0,390.0,399.0,390.0,398.0,398.0,399.0,390.0,399.0,390.0,788.0,790.0,804.0,390.0,399.0,390.0,398.0,398.0,399.0
1.0,2406.0,1235.0,1195.0,1179.0,1235.0,408.0,415.0,412.0,398.0,398.0,399.0,408.0,415.0,412.0,804.0,795.0,807.0,408.0,415.0,412.0,398.0,398.0,399.0
1.0,2350.0,1197.0,1195.0,1235.0,1197.0,397.0,400.0,400.0,398.0,398.0,399.0,397.0,400.0,400.0,786.0,779.0,785.0,397.0,400.0,400.0,398.0,398.0,399.0
1.0,2388.0,1173.0,1194.0,1197.0,1170.0,384.0,398.0,388.0,397.0,398.0,399.0,387.0,398.0,388.0,797.0,794.0,797.0,384.0,398.0,388.0,397.0,398.0,399.0
1.0,2412.0,1262.0,1196.0,1170.0,1268.0,422.0,417.0,429.0,398.0,399.0,399.0,419.0,414.0,429.0,807.0,796.0,809.0,422.0,417.0,429.0,398.0,399.0,399.0
1.0,2320.0,1279.0,1199.0,1268.0,1288.0,441.0,421.0,426.0,399.0,400.0,400.0,438.0,418.0,423.0,772.0,780.0,768.0,441.0,421.0,426.0,399.0,400.0,400.0
1.0,2309.0,1287.0,1200.0,1288.0,1290.0,435.0,417.0,438.0,399.0,400.0,401.0,435.0,417.0,435.0,756.0,779.0,774.0,435.0,417.0,438.0,399.0,400.0,401.0
1.0,2310.0,1255.0,1202.0,1290.0,1261.0,430.0,427.0,404.0,400.0,401.0,401.0,427.0,424.0,404.0,762.0,783.0,765.0,430.0,427.0,404.0,400.0,401.0,401.0
1.0,2345.0,1187.0,1202.0,1261.0,1187.0,407.0,386.0,394.0,400.0,401.0,401.0,407.0,386.0,394.0,770.0,776.0,799.0,407.0,386.0,394.0,400.0,401.0,401.0
1.0,2419.0,1268.0,1204.0,1187.0,1274.0,433.0,414.0,427.0,401.0,401.0,402.0,430.0,414.0,424.0,793.0,817.0,809.0,433.0,414.0,427.0,401.0,401.0,402.0
1.0,2338.0,1207.0,1205.0,1274.0,1210.0,409.0,396.0,405.0,402.0,401.0,402.0,406.0,396.0,405.0,770.0,789.0,779.0,409.0,396.0,405.0,402.0,401.0,402.0
1.0,2405.0,1230.0,1205.0,1210.0,1230.0,407.0,413.0,410.0,402.0,401.0,402.0,407.0,413.0,410.0,797.0,807.0,801.0,407.0,413.0,410.0,402.0,401.0,402.0
1.0,2385.0,1174.0,1205.0,1230.0,1174.0,393.0,397.0,384.0,402.0,401.0,402.0,393.0,397.0,384.0,799.0,790.0,796.0,393.0,397.0,384.0,402.0,401.0,402.0
1.0,2441.0,1237.0,1207.0,1174.0,1243.0,398.0,419.0,426.0,402.0,402.0,403.0,398.0,416.0,423.0,813.0,806.0,822.0,398.0,419.0,426.0,402.0,402.0,403.0
1.0,2378.0,1203.0,1207.0,1243.0,1203.0,399.0,409.0,395.0,402.0,402.0,403.0,399.0,409.0,395.0,808.0,787.0,783.0,399.0,409.0,395.0,402.0,402.0,403.0
1.0,2418.0,1197.0,1207.0,1203.0,1197.0,404.0,391.0,402.0,402.0,402.0,403.0,404.0,391.0,402.0,807.0,797.0,814.0,404.0,391.0,402.0,402.0,402.0,403.0
1.0,2424.0,1173.0,1206.0,1197.0,1170.0,391.0,388.0,391.0,402.0,401.0,403.0,391.0,391.0,391.0,802.0,815.0,807.0,391.0,388.0,391.0,402.0,401.0,403.0
1.0,2448.0,1226.0,1205.0,1170.0,1223.0,405.0,420.0,398.0,401.0,402.0,402.0,408.0,417.0,401.0,815.0,815.0,818.0,405.0,420.0,398.0,401.0,402.0,402.0
1.0,2392.0,1202.0,1206.0,1223.0,1205.0,414.0,400.0,391.0,402.0,402.0,402.0,411.0,400.0,391.0,798.0,786.0,808.0,414.0,400.0,391.0,402.0,402.0,402.0
1.0,2413.0,1245.0,1206.0,1205.0,1245.0,426.0,411.0,408.0,402.0,402.0,402.0,426.0,411.0,408.0,792.0,806.0,815.0,426.0,411.0,408.0,402.0,402.0,402.0
1.0,2373.0,1256.0,1208.0,1245.0,1262.0,434.0,408.0,420.0,403.0,402.0,403.0,431.0,408.0,417.0,780.0,795.0,798.0,434.0,408.0,420.0,403.0,402.0,403.0
1.0,2362.0,1205.0,1208.0,1262.0,1205.0,404.0,408.0,393.0,403.0,402.0,403.0,404.0,408.0,393.0,775.0,798.0,789.0,404.0,408.0,393.0,403.0,402.0,403.0
1.0,2419.0,1151.0,1207.0,1205.0,1148.0,391.0,376.0,381.0,403.0,402.0,402.0,391.0,376.0,384.0,805.0,798.0,816.0,391.0,376.0,381.0,403.0,402.0,402.0
1.0,2473.0,1256.0,1210.0,1148.0,1265.0,424.0,421.0,420.0,404.0,403.0,403.0,421.0,418.0,417.0,818.0,830.0,825.0,424.0,421.0,420.0,404.0,403.0,403.0
1.0,2365.0,1200.0,1210.0,1265.0,1200.0,399.0,395.0,406.0,404.0,403.0,403.0,399.0,395.0,406.0,788.0,788.0,789.0,399.0,395.0,406.0,404.0,403.0,403.0
1.0,2430.0,1211.0,1211.0,1200.0,1214.0,395.0,412.0,407.0,404.0,404.0,403.0,395.0,409.0,407.0,813.0,814.0,803.0,395.0,412.0,407.0,404.0,404.0,403.0
1.0,2419.0,1191.0,1211.0,1214.0,1191.0,385.0,411.0,395.0,404.0,404.0,403.0,385.0,411.0,395.0,817.0,800.0,802.0,385.0,411.0,395.0,404.0,404.0,403.0
1.0,2442.0,1200.0,1211.0,1191.0,1200.0,383.0,412.0,405.0,404.0,404.0,403.0,383.0,412.0,405.0,827.0,801.0,814.0,383.0,412.0,405.0,404.0,404.0,403.0
1.0,2433.0,1210.0,1211.0,1200.0,1210.0,400.0,407.0,403.0,404.0,404.0,403.0,400.0,407.0,403.0,829.0,800.0,804.0,400.0,407.0,403.0,404.0,404.0,403.0
1.0,2423.0,1218.0,1212.0,1210.0,1221.0,403.0,410.0,408.0,404.0,404.0,404.0,403.0,410.0,405.0,812.0,805.0,806.0,403.0,410.0,408.0,404.0,404.0,404.0
1.0,2415.0,1243.0,1213.0,1221.0,1246.0,405.0,421.0,420.0,404.0,405.0,404.0,405.0,418.0,420.0,809.0,802.0,804.0,405.0,421.0,420.0,404.0,405.0,404.0
1.0,2393.0,1220.0,1212.0,1246.0,1217.0,411.0,395.0,411.0,404.0,404.0,404.0,411.0,398.0,411.0,807.0,794.0,792.0,411.0,395.0,411.0,404.0,404.0,404.0
1.0,2419.0,1213.0,1212.0,1217.0,1213.0,402.0,401.0,410.0,404.0,404.0,404.0,402.0,401.0,410.0,801.0,817.0,801.0,402.0,401.0,410.0,404.0,404.0,404.0
1.0,2423.0,1237.0,1215.0,1213.0,1246.0,423.0,416.0,407.0,405.0,405.0,405.0,420.0,413.0,404.0,810.0,811.0,802.0,423.0,416.0,407.0,405.0,405.0,405.0
1.0,2399.0,1267.0,1216.0,1246.0,1270.0,425.0,407.0,438.0,405.0,405.0,406.0,425.0,407.0,435.0,792.0,799.0,808.0,425.0,407.0,438.0,405.0,405.0,406.0
1.0,2378.0,1193.0,1215.0,1270.0,1190.0,403.0,398.0,389.0,405.0,405.0,405.0,403.0,398.0,392.0,790.0,808.0,780.0,403.0,398.0,389.0,405.0,405.0,405.0
1.0,2455.0,1231.0,1217.0,1190.0,1237.0,423.0,399.0,415.0,406.0,405.0,406.0,420.0,399.0,412.0,812.0,817.0,826.0,423.0,399.0,415.0,406.0,405.0,406.0
1.0,2414.0,1175.0,1217.0,1237.0,1175.0,393.0,387.0,395.0,406.0,405.0,406.0,393.0,387.0,395.0,795.0,816.0,803.0,393.0,387.0,395.0,406.0,405.0,406.0
1.0,2476.0,1203.0,1216.0,1175.0,1200.0,408.0,400.0,392.0,406.0,405.0,405.0,408.0,400.0,395.0,825.0,828.0,823.0,408.0,400.0,392.0,406.0,405.0,405.0
1.0,2448.0,1223.0,1217.0,1200.0,1226.0,414.0,408.0,404.0,406.0,406.0,405.0,414.0,405.0,404.0,810.0,815.0,823.0,414.0,408.0,404.0,406.0,406.0,405.0
1.0,2425.0,1213.0,1218.0,1226.0,1216.0,406.0,413.0,397.0,407.0,406.0,405.0,403.0,413.0,397.0,804.0,810.0,811.0,406.0,413.0,397.0,407.0,406.0,405.0
1.0,2438.0,1232.0,1218.0,1216.0,1232.0,417.0,409.0,406.0,407.0,406.0,405.0,417.0,409.0,406.0,815.0,805.0,818.0,417.0,409.0,406.0,407.0,406.0,405.0
1.0,2422.0,1275.0,1218.0,1232.0,1275.0,418.0,432.0,425.0,407.0,406.0,405.0,418.0,432.0,425.0,804.0,809.0,809.0,418.0,432.0,425.0,407.0,406.0,405.0
1.0,2379.0,1268.0,1219.0,1275.0,1271.0,421.0,429.0,421.0,407.0,407.0,405.0,421.0,426.0,421.0,803.0,786.0,790.0,421.0,429.0,421.0,407.0,407.0,405.0
1.0,2386.0,1263.0,1219.0,1271.0,1263.0,418.0,420.0,425.0,407.0,407.0,405.0,418.0,420.0,425.0,800.0,792.0,794.0,418.0,420.0,425.0,407.0,407.0,405.0
1.0,2394.0,1262.0,1219.0,1263.0,1262.0,415.0,433.0,414.0,407.0,407.0,405.0,415.0,433.0,414.0,803.0,801.0,790.0,415.0,433.0,414.0,407.0,407.0,405.0
1.0,2395.0,1203.0,1219.0,1262.0,1203.0,406.0,391.0,406.0,407.0,407.0,405.0,406.0,391.0,406.0,806.0,788.0,801.0,406.0,391.0,406.0,407.0,407.0,405.0
1.0,2454.0,1250.0,1219.0,1203.0,1250.0,416.0,422.0,412.0,407.0,407.0,405.0,416.0,422.0,412.0,815.0,830.0,809.0,416.0,422.0,412.0,407.0,407.0,405.0
1.0,2407.0,1247.0,1221.0,1250.0,1253.0,420.0,424.0,409.0,408.0,407.0,406.0,417.0,424.0,406.0,805.0,799.0,803.0,420.0,424.0,409.0,408.0,407.0,406.0
1.0,2410.0,1173.0,1221.0,1253.0,1173.0,403.0,366.0,404.0,408.0,407.0,406.0,403.0,366.0,404.0,804.0,797.0,809.0,403.0,366.0,404.0,408.0,407.0,406.0
1.0,2490.0,1263.0,1223.0,1173.0,1269.0,427.0,410.0,432.0,409.0,407.0,407.0,424.0,410.0,429.0,821.0,855.0,814.0,427.0,410.0,432.0,409.0,407.0,407.0
1.0,2400.0,1263.0,1223.0,1269.0,1263.0,424.0,420.0,419.0,409.0,407.0,407.0,424.0,420.0,419.0,800.0,811.0,789.0,424.0,420.0,419.0,409.0,407.0,407.0
1.0,2406.0,1248.0,1225.0,1263.0,1254.0,425.0,410.0,419.0,410.0,407.0,408.0,422.0,410.0,416.0,803.0,801.0,802.0,425.0,410.0,419.0,410.0,407.0,408.0
1.0,2421.0,1230.0,1225.0,1254.0,1230.0,419.0,405.0,406.0,410.0,407.0,408.0,419.0,405.0,406.0,805.0,811.0,805.0,419.0,405.0,406.0,410.0,407.0,408.0
1.0,2445.0,1248.0,1225.0,1230.0,1248.0,423.0,414.0,411.0,410.0,407.0,408.0,423.0,414.0,411.0,811.0,816.0,818.0,423.0,414.0,411.0,410.0,407.0,408.0
1.0,2427.0,1233.0,1227.0,1248.0,1239.0,425.0,412.0,402.0,411.0,408.0,408.0,422.0,409.0,402.0,807.0,807.0,813.0,425.0,412.0,402.0,411.0,408.0,408.0
1.0,2442.0,1223.0,1227.0,1239.0,1223.0,410.0,420.0,393.0,411.0,408.0,408.0,410.0,420.0,393.0,808.0,812.0,822.0,410.0,420.0,393.0,411.0,408.0,408.0
1.0,2458.0,1231.0,1225.0,1223.0,1225.0,409.0,420.0,396.0,410.0,408.0,407.0,412.0,420.0,399.0,823.0,804.0,831.0,409.0,420.0,396.0,410.0,408.0,407.0
1.0,2450.0,1270.0,1225.0,1225.0,1270.0,428.0,428.0,414.0,410.0,408.0,407.0,428.0,428.0,414.0,821.0,804.0,825.0,428.0,428.0,414.0,410.0,408.0,407.0
1.0,2405.0,1252.0,1225.0,1270.0,1252.0,417.0,421.0,414.0,410.0,408.0,407.0,417.0,421.0,414.0,802.0,796.0,807.0,417.0,421.0,414.0,410.0,408.0,407.0
1.0,2423.0,1200.0,1225.0,1252.0,1200.0,398.0,406.0,396.0,410.0,408.0,407.0,398.0,406.0,396.0,813.0,803.0,807.0,398.0,406.0,396.0,410.0,408.0,407.0
1.0,2475.0,1262.0,1225.0,1200.0,1262.0,422.0,420.0,420.0,410.0,408.0,407.0,422.0,420.0,420.0,832.0,818.0,825.0,422.0,420.0,420.0,410.0,408.0,407.0
1.0,2413.0,1223.0,1226.0,1262.0,1226.0,410.0,410.0,406.0,410.0,409.0,407.0,410.0,407.0,406.0,808.0,804.0,801.0,410.0,410.0,406.0,410.0,409.0,407.0
1.0,2452.0,1216.0,1225.0,1226.0,1213.0,404.0,421.0,388.0,410.0,409.0,406.0,404.0,421.0,391.0,820.0,817.0,815.0,404.0,421.0,388.0,410.0,409.0,406.0
1.0,2462.0,1284.0,1227.0,1213.0,1290.0,435.0,431.0,424.0,411.0,409.0,407.0,432.0,431.0,421.0,826.0,806.0,830.0,435.0,431.0,424.0,411.0,409.0,407.0
1.0,2391.0,1225.0,1227.0,1290.0,1225.0,418.0,404.0,403.0,411.0,409.0,407.0,418.0,404.0,403.0,798.0,796.0,797.0,418.0,404.0,403.0,411.0,409.0,407.0
1.0,2456.0,1274.0,1228.0,1225.0,1277.0,431.0,417.0,429.0,412.0,409.0,407.0,428.0,417.0,429.0,815.0,823.0,818.0,431.0,417.0,429.0,412.0,409.0,407.0
1.0,2407.0,1278.0,1230.0,1277.0,1284.0,422.0,428.0,434.0,412.0,410.0,408.0,422.0,425.0,431.0,805.0,810.0,792.0,422.0,428.0,434.0,412.0,410.0,408.0
1.0,2406.0,1272.0,1231.0,1284.0,1275.0,418.0,413.0,444.0,412.0,410.0,409.0,418.0,413.0,441.0,814.0,802.0,790.0,418.0,413.0,444.0,412.0,410.0,409.0
1.0,2418.0,1302.0,1234.0,1275.0,1311.0,434.0,431.0,446.0,413.0,411.0,410.0,431.0,428.0,443.0,818.0,817.0,783.0,434.0,431.0,446.0,413.0,411.0,410.0
1.0,2391.0,1260.0,1234.0,1311.0,1260.0,426.0,409.0,425.0,413.0,411.0,410.0,426.0,409.0,425.0,805.0,802.0,784.0,426.0,409.0,425.0,413.0,411.0,410.0
1.0,2442.0,1251.0,1235.0,1260.0,1254.0,408.0,424.0,422.0,413.0,411.0,411.0,408.0,424.0,419.0,813.0,824.0,805.0,408.0,424.0,422.0,413.0,411.0,411.0
1.0,2451.0,1202.0,1233.0,1254.0,1196.0,383.0,408.0,405.0,412.0,411.0,410.0,386.0,408.0,408.0,831.0,809.0,811.0,383.0,408.0,405.0,412.0,411.0,410.0
1.0,2503.0,1238.0,1234.0,1196.0,1241.0,407.0,416.0,418.0,412.0,411.0,411.0,407.0,416.0,415.0,853.0,825.0,825.0,407.0,416.0,418.0,412.0,411.0,411.0
1.0,2461.0,1281.0,1237.0,1241.0,1290.0,429.0,439.0,422.0,413.0,412.0,412.0,426.0,436.0,419.0,829.0,817.0,815.0,429.0,439.0,422.0,413.0,412.0,412.0
1.0,2421.0,1251.0,1236.0,1290.0,1248.0,422.0,417.0,409.0,413.0,412.0,411.0,422.0,417.0,412.0,810.0,797.0,814.0,422.0,417.0,409.0,413.0,412.0,411.0
1.0,2460.0,1236.0,1237.0,1248.0,1239.0,423.0,416.0,400.0,413.0,413.0,411.0,423.0,413.0,400.0,817.0,819.0,824.0,423.0,416.0,400.0,413.0,413.0,411.0
1.0,2472.0,1261.0,1239.0,1239.0,1267.0,419.0,422.0,426.0,414.0,413.0,412.0,416.0,422.0,423.0,816.0,823.0,833.0,419.0,422.0,426.0,414.0,413.0,412.0
1.0,2450.0,1254.0,1239.0,1267.0,1254.0,418.0,418.0,418.0,414.0,413.0,412.0,418.0,418.0,418.0,823.0,817.0,810.0,418.0,418.0,418.0,414.0,413.0,412.0
1.0,2463.0,1291.0,1241.0,1254.0,1297.0,432.0,442.0,423.0,415.0,414.0,412.0,429.0,439.0,423.0,824.0,821.0,818.0,432.0,442.0,423.0,415.0,414.0,412.0
1.0,2426.0,1267.0,1243.0,1297.0,1273.0,432.0,429.0,412.0,416.0,414.0,413.0,429.0,429.0,409.0,813.0,800.0,813.0,432.0,429.0,412.0,416.0,414.0,413.0
1.0,2456.0,1274.0,1243.0,1273.0,1274.0,430.0,421.0,423.0,416.0,414.0,413.0,430.0,421.0,423.0,816.0,813.0,827.0,430.0,421.0,423.0,416.0,414.0,413.0
1.0,2455.0,1304.0,1244.0,1274.0,1307.0,446.0,426.0,435.0,417.0,414.0,413.0,443.0,426.0,435.0,818.0,821.0,816.0,446.0,426.0,435.0,417.0,414.0,413.0
1.0,2425.0,1267.0,1245.0,1307.0,1270.0,425.0,423.0,422.0,417.0,415.0,413.0,425.0,420.0,422.0,805.0,816.0,804.0,425.0,423.0,422.0,417.0,415.0,413.0
1.0,2465.0,1282.0,1247.0,1270.0,1288.0,426.0,431.0,431.0,418.0,415.0,414.0,423.0,431.0,428.0,826.0,822.0,817.0,426.0,431.0,431.0,418.0,415.0,414.0
1.0,2453.0,1308.0,1249.0,1288.0,1314.0,428.0,440.0,446.0,418.0,416.0,415.0,428.0,437.0,443.0,828.0,814.0,811.0,428.0,440.0,446.0,418.0,416.0,415.0
1.0,2433.0,1215.0,1247.0,1314.0,1209.0,401.0,407.0,401.0,417.0,416.0,414.0,404.0,407.0,404.0,826.0,808.0,799.0,401.0,407.0,401.0,417.0,416.0,414.0
1.0,2532.0,1234.0,1247.0,1209.0,1234.0,406.0,411.0,417.0,417.0,416.0,414.0,406.0,411.0,417.0,850.0,841.0,841.0,406.0,411.0,417.0,417.0,416.0,414.0
1.0,2507.0,1244.0,1249.0,1234.0,1250.0,400.0,423.0,427.0,417.0,417.0,415.0,400.0,420.0,424.0,845.0,837.0,825.0,400.0,423.0,427.0,417.0,417.0,415.0
1.0,2497.0,1201.0,1249.0,1250.0,1201.0,407.0,388.0,406.0,417.0,417.0,415.0,407.0,388.0,406.0,851.0,828.0,818.0,407.0,388.0,406.0,417.0,417.0,415.0
1.0,2546.0,1240.0,1249.0,1201.0,1240.0,410.0,409.0,421.0,417.0,417.0,415.0,410.0,409.0,421.0,844.0,863.0,839.0,410.0,409.0,421.0,417.0,417.0,415.0
1.0,2507.0,1244.0,1249.0,1240.0,1244.0,423.0,415.0,406.0,417.0,417.0,415.0,423.0,415.0,406.0,841.0,842.0,824.0,423.0,415.0,406.0,417.0,417.0,415.0
1.0,2503.0,1341.0,1251.0,1244.0,1347.0,461.0,440.0,446.0,418.0,417.0,416.0,458.0,440.0,443.0,828.0,836.0,839.0,461.0,440.0,446.0,418.0,417.0,416.0
1.0,2406.0,1255.0,1253.0,1347.0,1261.0,421.0,426.0,414.0,419.0,418.0,416.0,418.0,423.0,414.0,793.0,811.0,802.0,421.0,426.0,414.0,419.0,418.0,416.0
1.0,2498.0,1292.0,1253.0,1261.0,1292.0,423.0,453.0,416.0,419.0,418.0,416.0,423.0,453.0,416.0,836.0,828.0,834.0,423.0,453.0,416.0,419.0,418.0,416.0
1.0,2467.0,1279.0,1253.0,1292.0,1279.0,423.0,430.0,426.0,419.0,418.0,416.0,423.0,430.0,426.0,834.0,801.0,832.0,423.0,430.0,426.0,419.0,418.0,416.0
1.0,2480.0,1267.0,1253.0,1279.0,1267.0,422.0,422.0,423.0,419.0,418.0,416.0,422.0,422.0,423.0,834.0,824.0,822.0,422.0,422.0,423.0,419.0,418.0,416.0
1.0,2492.0,1249.0,1253.0,1267.0,1249.0,411.0,423.0,415.0,419.0,418.0,416.0,411.0,423.0,415.0,835.0,832.0,825.0,411.0,423.0,415.0,419.0,418.0,416.0
1.0,2510.0,1252.0,1255.0,1249.0,1258.0,419.0,420.0,419.0,419.0,419.0,417.0,419.0,417.0,416.0,846.0,831.0,833.0,419.0,420.0,419.0,419.0,419.0,417.0
1.0,2507.0,1260.0,1255.0,1258.0,1260.0,414.0,429.0,417.0,419.0,419.0,417.0,414.0,429.0,417.0,838.0,837.0,832.0,414.0,429.0,417.0,419.0,419.0,417.0
1.0,2505.0,1291.0,1255.0,1260.0,1291.0,430.0,443.0,418.0,419.0,419.0,417.0,430.0,443.0,418.0,843.0,828.0,834.0,430.0,443.0,418.0,419.0,419.0,417.0
1.0,2474.0,1216.0,1256.0,1291.0,1219.0,403.0,413.0,403.0,419.0,420.0,417.0,403.0,410.0,403.0,827.0,814.0,833.0,403.0,413.0,403.0,419.0,420.0,417.0
1.0,2549.0,1215.0,1255.0,1219.0,1212.0,404.0,407.0,401.0,419.0,420.0,416.0,404.0,407.0,404.0,854.0,847.0,848.0,404.0,407.0,401.0,419.0,420.0,416.0
1.0,2553.0,1222.0,1254.0,1212.0,1219.0,405.0,404.0,410.0,418.0,420.0,416.0,408.0,404.0,410.0,853.0,853.0,847.0,405.0,404.0,410.0,418.0,420.0,416.0
1.0,2543.0,1283.0,1256.0,1219.0,1289.0,434.0,417.0,438.0,419.0,420.0,417.0,431.0,417.0,435.0,849.0,856.0,838.0,434.0,417.0,438.0,419.0,420.0,417.0
1.0,2479.0,1287.0,1256.0,1289.0,1287.0,424.0,426.0,437.0,419.0,420.0,417.0,424.0,426.0,437.0,823.0,843.0,813.0,424.0,426.0,437.0,419.0,420.0,417.0
1.0,2481.0,1264.0,1256.0,1287.0,1264.0,425.0,415.0,424.0,419.0,420.0,417.0,425.0,415.0,424.0,833.0,834.0,814.0,425.0,415.0,424.0,419.0,420.0,417.0
1.0,2504.0,1285.0,1257.0,1264.0,1288.0,435.0,420.0,433.0,419.0,420.0,418.0,435.0,420.0,430.0,832.0,845.0,827.0,435.0,420.0,433.0,419.0,420.0,418.0
1.0,2483.0,1315.0,1260.0,1288.0,1324.0,440.0,441.0,443.0,420.0,421.0,419.0,437.0,438.0,440.0,822.0,840.0,821.0,440.0,441.0,443.0,420.0,421.0,419.0
1.0,2456.0,1288.0,1261.0,1324.0,1291.0,428.0,426.0,437.0,420.0,421.0,420.0,428.0,426.0,434.0,820.0,822.0,814.0,428.0,426.0,437.0,420.0,421.0,420.0
1.0,2492.0,1268.0,1261.0,1291.0,1268.0,416.0,430.0,422.0,420.0,421.0,420.0,416.0,430.0,422.0,832.0,837.0,823.0,416.0,430.0,422.0,420.0,421.0,420.0
1.0,2515.0,1230.0,1260.0,1268.0,1227.0,401.0,413.0,413.0,419.0,421.0,420.0,404.0,413.0,413.0,844.0,833.0,838.0,401.0,413.0,413.0,419.0,421.0,420.0
1.0,2553.0,1250.0,1261.0,1227.0,1253.0,411.0,428.0,414.0,420.0,421.0,420.0,408.0,428.0,414.0,856.0,850.0,847.0,411.0,428.0,414.0,420.0,421.0,420.0
1.0,2530.0,1252.0,1260.0,1253.0,1249.0,406.0,431.0,412.0,419.0,421.0,420.0,409.0,431.0,412.0,849.0,835.0,846.0,406.0,431.0,412.0,419.0,421.0,420.0
1.0,2531.0,1255.0,1261.0,1249.0,1258.0,414.0,431.0,413.0,419.0,422.0,420.0,414.0,428.0,413.0,851.0,832.0,848.0,414.0,431.0,413.0,419.0,422.0,420.0
1.0,2525.0,1262.0,1262.0,1258.0,1265.0,427.0,431.0,407.0,420.0,422.0,420.0,424.0,431.0,407.0,843.0,835.0,847.0,427.0,431.0,407.0,420.0,422.0,420.0
1.0,2521.0,1280.0,1262.0,1265.0,1280.0,432.0,428.0,420.0,420.0,422.0,420.0,432.0,428.0,420.0,833.0,835.0,853.0,432.0,428.0,420.0,420.0,422.0,420.0
1.0,2506.0,1272.0,1263.0,1280.0,1275.0,425.0,424.0,426.0,420.0,422.0,421.0,425.0,424.0,423.0,828.0,838.0,840.0,425.0,424.0,426.0,420.0,422.0,421.0
1.0,2514.0,1274.0,1262.0,1275.0,1271.0,432.0,420.0,419.0,420.0,422.0,420.0,432.0,420.0,422.0,835.0,842.0,837.0,432.0,420.0,419.0,420.0,422.0,420.0
1.0,2515.0,1256.0,1262.0,1271.0,1256.0,425.0,416.0,415.0,420.0,422.0,420.0,425.0,416.0,415.0,828.0,846.0,841.0,425.0,416.0,415.0,420.0,422.0,420.0
1.0,2530.0,1310.0,1263.0,1256.0,1313.0,449.0,420.0,444.0,421.0,422.0,420.0,446.0,420.0,444.0,835.0,850.0,845.0,449.0,420.0,444.0,421.0,422.0,420.0
1.0,2476.0,1316.0,1264.0,1313.0,1319.0,437.0,448.0,434.0,421.0,423.0,420.0,437.0,445.0,434.0,814.0,846.0,816.0,437.0,448.0,434.0,421.0,423.0,420.0
1.0,2473.0,1298.0,1264.0,1319.0,1298.0,439.0,421.0,438.0,421.0,423.0,420.0,439.0,421.0,438.0,826.0,821.0,826.0,439.0,421.0,438.0,421.0,423.0,420.0
1.0,2494.0,1282.0,1264.0,1298.0,1282.0,433.0,424.0,425.0,421.0,423.0,420.0,433.0,424.0,425.0,824.0,848.0,822.0,433.0,424.0,425.0,421.0,423.0,420.0
1.0,2510.0,1276.0,1266.0,1282.0,1282.0,429.0,427.0,426.0,422.0,423.0,421.0,426.0,427.0,423.0,830.0,845.0,835.0,429.0,427.0,426.0,422.0,423.0,421.0
1.0,2516.0,1314.0,1268.0,1282.0,1320.0,435.0,443.0,442.0,423.0,424.0,421.0,432.0,440.0,442.0,837.0,842.0,837.0,435.0,443.0,442.0,423.0,424.0,421.0
1.0,2484.0,1302.0,1268.0,1320.0,1302.0,432.0,426.0,444.0,423.0,423.0,422.0,432.0,429.0,441.0,834.0,829.0,821.0,432.0,426.0,444.0,423.0,423.0,422.0
1.0,2502.0,1288.0,1269.0,1302.0,1291.0,418.0,434.0,439.0,423.0,424.0,422.0,418.0,431.0,439.0,837.0,843.0,822.0,418.0,434.0,439.0,423.0,424.0,422.0
1.0,2516.0,1300.0,1270.0,1291.0,1303.0,423.0,443.0,437.0,423.0,424.0,423.0,423.0,443.0,434.0,851.0,838.0,827.0,423.0,443.0,437.0,423.0,424.0,423.0
1.0,2507.0,1303.0,1271.0,1303.0,1306.0,421.0,446.0,439.0,423.0,425.0,423.0,421.0,443.0,439.0,846.0,829.0,832.0,421.0,446.0,439.0,423.0,425.0,423.0
1.0,2507.0,1320.0,1272.0,1306.0,1323.0,434.0,444.0,445.0,423.0,425.0,424.0,434.0,444.0,442.0,848.0,829.0,830.0,434.0,444.0,445.0,423.0,425.0,424.0
1.0,2493.0,1277.0,1272.0,1323.0,1277.0,423.0,434.0,420.0,423.0,425.0,424.0,423.0,434.0,420.0,835.0,831.0,827.0,423.0,434.0,420.0,423.0,425.0,424.0
1.0,2539.0,1273.0,1272.0,1277.0,1273.0,421.0,430.0,422.0,423.0,425.0,424.0,421.0,430.0,422.0,846.0,841.0,852.0,421.0,430.0,422.0,423.0,425.0,424.0
1.0,2543.0,1296.0,1272.0,1273.0,1296.0,442.0,428.0,426.0,423.0,425.0,424.0,442.0,428.0,426.0,848.0,845.0,850.0,442.0,428.0,426.0,423.0,425.0,424.0
1.0,2520.0,1323.0,1272.0,1296.0,1323.0,450.0,434.0,439.0,423.0,425.0,424.0,450.0,434.0,439.0,827.0,847.0,846.0,450.0,434.0,439.0,423.0,425.0,424.0
1.0,2493.0,1290.0,1273.0,1323.0,1293.0,438.0,427.0,428.0,423.0,426.0,424.0,438.0,424.0,428.0,819.0,841.0,833.0,438.0,427.0,428.0,423.0,426.0,424.0
1.0,2526.0,1295.0,1273.0,1293.0,1295.0,438.0,424.0,433.0,424.0,425.0,424.0,435.0,427.0,433.0,831.0,851.0,844.0,438.0,424.0,433.0,424.0,425.0,424.0
1.0,2524.0,1291.0,1273.0,1295.0,1291.0,436.0,422.0,433.0,424.0,425.0,424.0,436.0,422.0,433.0,834.0,851.0,839.0,436.0,422.0,433.0,424.0,425.0,424.0
1.0,2528.0,1268.0,1273.0,1291.0,1268.0,425.0,422.0,421.0,424.0,425.0,424.0,425.0,422.0,421.0,836.0,853.0,839.0,425.0,422.0,421.0,424.0,425.0,424.0
1.0,2551.0,1278.0,1275.0,1268.0,1284.0,440.0,430.0,414.0,425.0,426.0,424.0,437.0,427.0,414.0,847.0,853.0,851.0,440.0,430.0,414.0,425.0,426.0,424.0
1.0,2541.0,1307.0,1276.0,1284.0,1310.0,432.0,432.0,446.0,425.0,426.0,425.0,432.0,432.0,443.0,835.0,848.0,858.0,432.0,432.0,446.0,425.0,426.0,425.0
1.0,2518.0,1280.0,1278.0,1310.0,1286.0,422.0,434.0,430.0,426.0,427.0,425.0,419.0,431.0,430.0,843.0,846.0,829.0,422.0,434.0,430.0,426.0,427.0,425.0
1.0,2548.0,1257.0,1278.0,1286.0,1257.0,421.0,421.0,415.0,426.0,427.0,425.0,421.0,421.0,415.0,856.0,847.0,845.0,421.0,421.0,415.0,426.0,427.0,425.0
1.0,2577.0,1304.0,1279.0,1257.0,1307.0,426.0,436.0,445.0,426.0,427.0,426.0,426.0,436.0,442.0,857.0,860.0,860.0,426.0,436.0,445.0,426.0,427.0,426.0
1.0,2530.0,1272.0,1277.0,1307.0,1266.0,421.0,431.0,414.0,425.0,427.0,425.0,424.0,431.0,417.0,852.0,845.0,833.0,421.0,431.0,414.0,425.0,427.0,425.0
1.0,2565.0,1300.0,1279.0,1266.0,1306.0,436.0,438.0,432.0,426.0,428.0,425.0,433.0,435.0,432.0,854.0,850.0,861.0,436.0,438.0,432.0,426.0,428.0,425.0
1.0,2531.0,1348.0,1279.0,1306.0,1348.0,452.0,449.0,447.0,426.0,427.0,426.0,452.0,452.0,444.0,842.0,846.0,843.0,452.0,449.0,447.0,426.0,427.0,426.0
1.0,2489.0,1355.0,1282.0,1348.0,1364.0,450.0,454.0,460.0,427.0,428.0,427.0,447.0,451.0,457.0,826.0,832.0,831.0,450.0,454.0,460.0,427.0,428.0,427.0
1.0,2482.0,1351.0,1282.0,1364.0,1351.0,443.0,452.0,456.0,427.0,428.0,427.0,443.0,452.0,456.0,831.0,830.0,821.0,443.0,452.0,456.0,427.0,428.0,427.0
1.0,2495.0,1274.0,1283.0,1351.0,1277.0,419.0,437.0,421.0,427.0,429.0,427.0,419.0,434.0,421.0,838.0,832.0,825.0,419.0,437.0,421.0,427.0,429.0,427.0
1.0,2572.0,1325.0,1285.0,1277.0,1331.0,444.0,443.0,444.0,428.0,429.0,428.0,441.0,443.0,441.0,862.0,850.0,860.0,444.0,443.0,444.0,428.0,429.0,428.0
1.0,2524.0,1280.0,1285.0,1331.0,1280.0,427.0,428.0,425.0,428.0,429.0,428.0,427.0,428.0,425.0,840.0,844.0,840.0,427.0,428.0,425.0,428.0,429.0,428.0
1.0,2575.0,1314.0,1285.0,1280.0,1314.0,449.0,430.0,435.0,428.0,429.0,428.0,449.0,430.0,435.0,857.0,859.0,859.0,449.0,430.0,435.0,428.0,429.0,428.0
1.0,2541.0,1332.0,1287.0,1314.0,1338.0,453.0,432.0,453.0,429.0,429.0,429.0,450.0,432.0,450.0,835.0,857.0,849.0,453.0,432.0,453.0,429.0,429.0,429.0
1.0,2523.0,1268.0,1289.0,1338.0,1274.0,420.0,431.0,423.0,429.0,430.0,430.0,420.0,428.0,420.0,834.0,855.0,834.0,420.0,431.0,423.0,429.0,430.0,430.0
1.0,2593.0,1272.0,1290.0,1274.0,1275.0,424.0,426.0,425.0,430.0,430.0,430.0,421.0,426.0,425.0,867.0,859.0,867.0,424.0,426.0,425.0,430.0,430.0,430.0
1.0,2595.0,1277.0,1290.0,1275.0,1277.0,434.0,420.0,423.0,430.0,430.0,430.0,434.0,420.0,423.0,866.0,864.0,865.0,434.0,420.0,423.0,430.0,430.0,430.0
1.0,2593.0,1270.0,1289.0,1277.0,1267.0,426.0,422.0,419.0,430.0,430.0,429.0,426.0,422.0,422.0,856.0,870.0,867.0,426.0,422.0,419.0,430.0,430.0,429.0
1.0,2600.0,1331.0,1291.0,1267.0,1337.0,444.0,449.0,444.0,430.0,431.0,430.0,444.0,446.0,441.0,864.0,868.0,868.0,444.0,449.0,444.0,430.0,431.0,430.0
1.0,2536.0,1373.0,1292.0,1337.0,1376.0,449.0,463.0,464.0,430.0,432.0,430.0,449.0,460.0,464.0,846.0,844.0,846.0,449.0,463.0,464.0,430.0,432.0,430.0
1.0,2500.0,1367.0,1294.0,1376.0,1373.0,457.0,456.0,460.0,431.0,432.0,431.0,454.0,456.0,457.0,841.0,833.0,826.0,457.0,456.0,460.0,431.0,432.0,431.0
1.0,2509.0,1336.0,1294.0,1373.0,1336.0,449.0,447.0,440.0,431.0,432.0,431.0,449.0,447.0,440.0,836.0,840.0,833.0,449.0,447.0,440.0,431.0,432.0,431.0
1.0,2546.0,1360.0,1296.0,1336.0,1366.0,454.0,458.0,454.0,432.0,433.0,431.0,451.0,455.0,454.0,844.0,849.0,853.0,454.0,458.0,454.0,432.0,433.0,431.0
1.0,2522.0,1309.0,1297.0,1366.0,1312.0,429.0,441.0,442.0,432.0,433.0,432.0,429.0,441.0,439.0,842.0,841.0,839.0,429.0,441.0,442.0,432.0,433.0,432.0
1.0,2579.0,1285.0,1298.0,1312.0,1288.0,435.0,418.0,435.0,433.0,433.0,432.0,432.0,418.0,435.0,867.0,858.0,854.0,435.0,418.0,435.0,433.0,433.0,432.0
1.0,2606.0,1290.0,1299.0,1288.0,1293.0,437.0,423.0,433.0,433.0,433.0,433.0,437.0,423.0,430.0,864.0,881.0,861.0,437.0,423.0,433.0,433.0,433.0,433.0
1.0,2604.0,1265.0,1299.0,1293.0,1265.0,408.0,429.0,428.0,433.0,433.0,433.0,408.0,429.0,428.0,862.0,876.0,866.0,408.0,429.0,428.0,433.0,433.0,433.0
1.0,2632.0,1307.0,1299.0,1265.0,1307.0,437.0,435.0,435.0,433.0,433.0,433.0,437.0,435.0,435.0,891.0,870.0,871.0,437.0,435.0,435.0,433.0,433.0,433.0
1.0,2590.0,1315.0,1300.0,1307.0,1318.0,435.0,430.0,453.0,433.0,433.0,434.0,435.0,430.0,450.0,862.0,864.0,864.0,435.0,430.0,453.0,433.0,433.0,434.0
1.0,2582.0,1317.0,1301.0,1318.0,1320.0,437.0,444.0,439.0,434.0,433.0,434.0,434.0,444.0,439.0,864.0,869.0,849.0,437.0,444.0,439.0,434.0,433.0,434.0
1.0,2583.0,1336.0,1303.0,1320.0,1342.0,440.0,454.0,448.0,434.0,434.0,435.0,440.0,451.0,445.0,865.0,855.0,863.0,440.0,454.0,448.0,434.0,434.0,435.0
1.0,2567.0,1315.0,1304.0,1342.0,1318.0,434.0,444.0,440.0,434.0,435.0,435.0,434.0,441.0,440.0,862.0,848.0,857.0,434.0,444.0,440.0,434.0,435.0,435.0
1.0,2594.0,1345.0,1304.0,1318.0,1345.0,442.0,450.0,453.0,434.0,435.0,435.0,442.0,450.0,453.0,868.0,861.0,865.0,442.0,450.0,453.0,434.0,435.0,435.0
1.0,2567.0,1373.0,1305.0,1345.0,1376.0,461.0,460.0,455.0,434.0,435.0,436.0,461.0,460.0,452.0,860.0,855.0,852.0,461.0,460.0,455.0,434.0,435.0,436.0
1.0,2539.0,1340.0,1307.0,1376.0,1346.0,452.0,448.0,446.0,435.0,436.0,436.0,449.0,445.0,446.0,841.0,845.0,853.0,452.0,448.0,446.0,435.0,436.0,436.0
1.0,2575.0,1336.0,1307.0,1346.0,1336.0,442.0,447.0,447.0,435.0,436.0,436.0,442.0,447.0,447.0,853.0,860.0,862.0,442.0,447.0,447.0,435.0,436.0,436.0
1.0,2585.0,1278.0,1307.0,1336.0,1278.0,425.0,422.0,431.0,435.0,436.0,436.0,425.0,422.0,431.0,863.0,861.0,861.0,425.0,422.0,431.0,435.0,436.0,436.0
1.0,2643.0,1329.0,1307.0,1278.0,1329.0,449.0,441.0,439.0,435.0,436.0,436.0,449.0,441.0,439.0,880.0,886.0,877.0,449.0,441.0,439.0,435.0,436.0,436.0
1.0,2592.0,1316.0,1307.0,1329.0,1316.0,439.0,443.0,434.0,435.0,436.0,436.0,439.0,443.0,434.0,856.0,867.0,869.0,439.0,443.0,434.0,435.0,436.0,436.0
1.0,2605.0,1274.0,1307.0,1316.0,1274.0,426.0,425.0,423.0,435.0,436.0,436.0,426.0,425.0,423.0,866.0,865.0,874.0,426.0,425.0,423.0,435.0,436.0,436.0
1.0,2647.0,1325.0,1308.0,1274.0,1328.0,440.0,446.0,442.0,436.0,436.0,436.0,437.0,446.0,442.0,879.0,883.0,885.0,440.0,446.0,442.0,436.0,436.0,436.0
1.0,2596.0,1315.0,1308.0,1328.0,1315.0,438.0,433.0,444.0,436.0,436.0,436.0,438.0,433.0,444.0,868.0,862.0,866.0,438.0,433.0,444.0,436.0,436.0,436.0
1.0,2609.0,1285.0,1308.0,1315.0,1285.0,434.0,434.0,417.0,436.0,436.0,436.0,434.0,434.0,417.0,870.0,875.0,864.0,434.0,434.0,417.0,436.0,436.0,436.0
1.0,2639.0,1323.0,1308.0,1285.0,1323.0,438.0,435.0,450.0,436.0,436.0,436.0,438.0,435.0,450.0,874.0,874.0,891.0,438.0,435.0,450.0,436.0,436.0,436.0
1.0,2601.0,1415.0,1312.0,1323.0,1427.0,473.0,462.0,492.0,437.0,437.0,438.0,470.0,459.0,486.0,870.0,873.0,858.0,473.0,462.0,492.0,437.0,437.0,438.0
1.0,2509.0,1353.0,1312.0,1427.0,1353.0,445.0,454.0,454.0,437.0,437.0,438.0,445.0,454.0,454.0,838.0,849.0,822.0,445.0,454.0,454.0,437.0,437.0,438.0
1.0,2583.0,1387.0,1314.0,1353.0,1393.0,457.0,459.0,477.0,437.0,438.0,439.0,457.0,456.0,474.0,866.0,857.0,860.0,457.0,459.0,477.0,437.0,438.0,439.0
1.0,2549.0,1362.0,1315.0,1393.0,1365.0,460.0,444.0,461.0,438.0,438.0,439.0,457.0,444.0,461.0,854.0,855.0,840.0,460.0,444.0,461.0,438.0,438.0,439.0
1.0,2580.0,1321.0,1316.0,1365.0,1324.0,439.0,435.0,450.0,438.0,438.0,440.0,439.0,435.0,447.0,854.0,870.0,856.0,439.0,435.0,450.0,438.0,438.0,440.0
1.0,2624.0,1332.0,1316.0,1324.0,1332.0,450.0,434.0,448.0,438.0,438.0,440.0,450.0,434.0,448.0,875.0,879.0,870.0,450.0,434.0,448.0,438.0,438.0,440.0
1.0,2616.0,1289.0,1316.0,1332.0,1289.0,441.0,423.0,425.0,438.0,438.0,440.0,441.0,423.0,425.0,864.0,880.0,872.0,441.0,423.0,425.0,438.0,438.0,440.0
1.0,2659.0,1272.0,1316.0,1289.0,1272.0,424.0,418.0,430.0,438.0,438.0,440.0,424.0,418.0,430.0,873.0,891.0,895.0,424.0,418.0,430.0,438.0,438.0,440.0
1.0,2676.0,1295.0,1316.0,1272.0,1295.0,439.0,430.0,426.0,438.0,438.0,440.0,439.0,430.0,426.0,890.0,896.0,890.0,439.0,430.0,426.0,438.0,438.0,440.0
1.0,2653.0,1298.0,1316.0,1295.0,1298.0,433.0,435.0,430.0,438.0,438.0,440.0,433.0,435.0,430.0,875.0,884.0,894.0,433.0,435.0,430.0,438.0,438.0,440.0
1.0,2650.0,1359.0,1319.0,1298.0,1368.0,453.0,463.0,452.0,439.0,439.0,441.0,450.0,460.0,449.0,881.0,879.0,890.0,453.0,463.0,452.0,439.0,439.0,441.0
1.0,2589.0,1310.0,1318.0,1368.0,1307.0,442.0,438.0,427.0,439.0,439.0,440.0,442.0,438.0,430.0,864.0,854.0,871.0,442.0,438.0,427.0,439.0,439.0,440.0
1.0,2647.0,1333.0,1320.0,1307.0,1339.0,438.0,456.0,445.0,440.0,439.0,441.0,435.0,456.0,442.0,875.0,879.0,893.0,438.0,456.0,445.0,440.0,439.0,441.0
1.0,2621.0,1317.0,1320.0,1339.0,1317.0,426.0,456.0,435.0,439.0,440.0,441.0,429.0,453.0,435.0,882.0,861.0,878.0,426.0,456.0,435.0,439.0,440.0,441.0
1.0,2643.0,1327.0,1320.0,1317.0,1327.0,432.0,457.0,438.0,439.0,440.0,441.0,432.0,457.0,438.0,891.0,864.0,888.0,432.0,457.0,438.0,439.0,440.0,441.0
1.0,2633.0,1337.0,1320.0,1327.0,1337.0,443.0,448.0,446.0,439.0,440.0,441.0,443.0,448.0,446.0,885.0,863.0,885.0,443.0,448.0,446.0,439.0,440.0,441.0
1.0,2623.0,1378.0,1320.0,1337.0,1378.0,453.0,466.0,459.0,439.0,440.0,441.0,453.0,466.0,459.0,874.0,872.0,877.0,453.0,466.0,459.0,439.0,440.0,441.0
1.0,2582.0,1344.0,1321.0,1378.0,1347.0,441.0,453.0,453.0,440.0,440.0,441.0,438.0,453.0,453.0,864.0,854.0,864.0,441.0,453.0,453.0,440.0,440.0,441.0
1.0,2616.0,1348.0,1323.0,1347.0,1354.0,445.0,453.0,456.0,440.0,441.0,442.0,445.0,450.0,453.0,879.0,867.0,870.0,445.0,453.0,456.0,440.0,441.0,442.0
1.0,2615.0,1281.0,1322.0,1354.0,1278.0,425.0,416.0,437.0,440.0,440.0,442.0,425.0,419.0,437.0,875.0,870.0,870.0,425.0,416.0,437.0,440.0,440.0,442.0
1.0,2688.0,1279.0,1321.0,1278.0,1276.0,432.0,410.0,434.0,439.0,440.0,442.0,435.0,410.0,434.0,895.0,904.0,889.0,432.0,410.0,434.0,439.0,440.0,442.0
1.0,2687.0,1327.0,1321.0,1276.0,1327.0,444.0,432.0,451.0,439.0,440.0,442.0,444.0,432.0,451.0,885.0,910.0,892.0,444.0,432.0,451.0,439.0,440.0,442.0
1.0,2636.0,1305.0,1322.0,1327.0,1308.0,445.0,419.0,444.0,440.0,440.0,442.0,442.0,419.0,444.0,873.0,888.0,875.0,445.0,419.0,444.0,440.0,440.0,442.0
1.0,2658.0,1254.0,1322.0,1308.0,1254.0,426.0,410.0,418.0,440.0,440.0,442.0,426.0,410.0,418.0,875.0,901.0,882.0,426.0,410.0,418.0,440.0,440.0,442.0
1.0,2712.0,1342.0,1323.0,1254.0,1345.0,444.0,442.0,459.0,440.0,440.0,443.0,444.0,442.0,456.0,894.0,910.0,908.0,444.0,442.0,459.0,440.0,440.0,443.0
1.0,2624.0,1354.0,1324.0,1345.0,1357.0,453.0,459.0,445.0,440.0,441.0,443.0,453.0,456.0,445.0,876.0,878.0,870.0,453.0,459.0,445.0,440.0,441.0,443.0
1.0,2615.0,1378.0,1326.0,1357.0,1384.0,462.0,458.0,464.0,441.0,441.0,444.0,459.0,458.0,461.0,867.0,864.0,884.0,462.0,458.0,464.0,441.0,441.0,444.0
1.0,2594.0,1347.0,1325.0,1384.0,1344.0,451.0,442.0,451.0,441.0,441.0,443.0,451.0,442.0,454.0,861.0,865.0,868.0,451.0,442.0,451.0,441.0,441.0,443.0
1.0,2631.0,1366.0,1325.0,1344.0,1366.0,445.0,468.0,453.0,441.0,441.0,443.0,445.0,468.0,453.0,872.0,881.0,878.0,445.0,468.0,453.0,441.0,441.0,443.0
1.0,2609.0,1315.0,1324.0,1366.0,1312.0,433.0,438.0,441.0,440.0,441.0,443.0,436.0,438.0,441.0,878.0,855.0,876.0,433.0,438.0,441.0,440.0,441.0,443.0
1.0,2660.0,1323.0,1323.0,1312.0,1320.0,431.0,446.0,443.0,440.0,440.0,443.0,431.0,449.0,443.0,887.0,885.0,888.0,431.0,446.0,443.0,440.0,440.0,443.0
1.0,2649.0,1390.0,1326.0,1320.0,1399.0,473.0,462.0,464.0,441.0,441.0,444.0,470.0,459.0,461.0,889.0,874.0,886.0,473.0,462.0,464.0,441.0,441.0,444.0
1.0,2579.0,1341.0,1327.0,1399.0,1344.0,440.0,463.0,441.0,441.0,442.0,444.0,440.0,460.0,441.0,850.0,861.0,868.0,440.0,463.0,441.0,441.0,442.0,444.0
1.0,2637.0,1327.0,1327.0,1344.0,1327.0,447.0,453.0,427.0,441.0,442.0,444.0,447.0,453.0,427.0,883.0,863.0,891.0,447.0,453.0,427.0,441.0,442.0,444.0
1.0,2654.0,1313.0,1328.0,1327.0,1316.0,441.0,435.0,440.0,442.0,442.0,444.0,438.0,435.0,440.0,876.0,873.0,905.0,441.0,435.0,440.0,442.0,442.0,444.0
1.0,2668.0,1278.0,1327.0,1316.0,1275.0,416.0,427.0,432.0,441.0,442.0,444.0,419.0,427.0,432.0,885.0,891.0,892.0,416.0,427.0,432.0,441.0,442.0,444.0
1.0,2706.0,1354.0,1329.0,1275.0,1360.0,449.0,454.0,457.0,442.0,443.0,444.0,446.0,451.0,457.0,907.0,899.0,900.0,449.0,454.0,457.0,442.0,443.0,444.0
1.0,2627.0,1352.0,1329.0,1360.0,1352.0,449.0,446.0,457.0,442.0,443.0,444.0,449.0,446.0,457.0,877.0,875.0,875.0,449.0,446.0,457.0,442.0,443.0,444.0
1.0,2635.0,1311.0,1328.0,1352.0,1308.0,436.0,424.0,448.0,442.0,442.0,444.0,436.0,427.0,448.0,877.0,883.0,875.0,436.0,424.0,448.0,442.0,442.0,444.0
1.0,2676.0,1391.0,1330.0,1308.0,1397.0,476.0,459.0,462.0,443.0,442.0,445.0,473.0,459.0,459.0,890.0,902.0,884.0,476.0,459.0,462.0,443.0,442.0,445.0
1.0,2593.0,1372.0,1330.0,1397.0,1372.0,466.0,444.0,462.0,443.0,442.0,445.0,466.0,444.0,462.0,853.0,867.0,873.0,466.0,444.0,462.0,443.0,442.0,445.0
1.0,2618.0,1399.0,1330.0,1372.0,1399.0,470.0,458.0,471.0,443.0,442.0,445.0,470.0,458.0,471.0,863.0,882.0,873.0,470.0,458.0,471.0,443.0,442.0,445.0
1.0,2591.0,1350.0,1330.0,1399.0,1350.0,438.0,452.0,460.0,443.0,442.0,445.0,438.0,452.0,460.0,859.0,868.0,864.0,438.0,452.0,460.0,443.0,442.0,445.0
1.0,2640.0,1353.0,1332.0,1350.0,1359.0,446.0,454.0,459.0,443.0,443.0,446.0,446.0,451.0,456.0,891.0,874.0,875.0,446.0,454.0,459.0,443.0,443.0,446.0
1.0,2637.0,1385.0,1333.0,1359.0,1388.0,454.0,464.0,470.0,444.0,443.0,446.0,451.0,464.0,470.0,883.0,875.0,879.0,454.0,464.0,470.0,444.0,443.0,446.0
1.0,2611.0,1334.0,1333.0,1388.0,1334.0,439.0,454.0,441.0,443.0,444.0,446.0,442.0,451.0,441.0,878.0,865.0,868.0,439.0,454.0,441.0,443.0,444.0,446.0
1.0,2665.0,1296.0,1332.0,1334.0,1293.0,426.0,431.0,436.0,443.0,443.0,446.0,426.0,434.0,436.0,890.0,878.0,897.0,426.0,431.0,436.0,443.0,443.0,446.0
1.0,2703.0,1317.0,1334.0,1293.0,1323.0,442.0,450.0,431.0,443.0,444.0,447.0,442.0,447.0,428.0,903.0,898.0,902.0,442.0,450.0,431.0,443.0,444.0,447.0
1.0,2679.0,1365.0,1335.0,1323.0,1368.0,465.0,450.0,453.0,444.0,444.0,447.0,462.0,450.0,453.0,887.0,882.0,910.0,465.0,450.0,453.0,444.0,444.0,447.0
1.0,2637.0,1358.0,1335.0,1368.0,1358.0,450.0,463.0,445.0,444.0,444.0,447.0,450.0,463.0,445.0,867.0,882.0,888.0,450.0,463.0,445.0,444.0,444.0,447.0
1.0,2647.0,1360.0,1336.0,1358.0,1363.0,452.0,460.0,451.0,444.0,445.0,447.0,452.0,457.0,451.0,882.0,869.0,896.0,452.0,460.0,451.0,444.0,445.0,447.0
1.0,2645.0,1387.0,1338.0,1363.0,1393.0,475.0,463.0,455.0,445.0,445.0,448.0,472.0,463.0,452.0,880.0,875.0,890.0,475.0,463.0,455.0,445.0,445.0,448.0
1.0,2621.0,1335.0,1337.0,1393.0,1332.0,438.0,454.0,440.0,445.0,445.0,447.0,438.0,454.0,443.0,860.0,872.0,889.0,438.0,454.0,440.0,445.0,445.0,447.0
1.0,2679.0,1351.0,1337.0,1332.0,1351.0,457.0,439.0,455.0,445.0,445.0,447.0,457.0,439.0,455.0,897.0,881.0,901.0,457.0,439.0,455.0,445.0,445.0,447.0
1.0,2660.0,1356.0,1336.0,1351.0,1353.0,455.0,448.0,450.0,445.0,445.0,446.0,455.0,448.0,453.0,878.0,896.0,886.0,455.0,448.0,450.0,445.0,445.0,446.0
1.0,2655.0,1386.0,1336.0,1353.0,1386.0,465.0,459.0,462.0,445.0,445.0,446.0,465.0,459.0,462.0,880.0,887.0,888.0,465.0,459.0,462.0,445.0,445.0,446.0
1.0,2622.0,1372.0,1337.0,1386.0,1375.0,461.0,463.0,451.0,445.0,446.0,446.0,461.0,460.0,451.0,870.0,876.0,876.0,461.0,463.0,451.0,445.0,446.0,446.0
1.0,2636.0,1332.0,1337.0,1375.0,1332.0,438.0,450.0,444.0,445.0,446.0,446.0,438.0,450.0,444.0,874.0,875.0,887.0,438.0,450.0,444.0,445.0,446.0,446.0
1.0,2679.0,1337.0,1338.0,1332.0,1340.0,446.0,438.0,456.0,445.0,446.0,447.0,446.0,438.0,453.0,897.0,888.0,894.0,446.0,438.0,456.0,445.0,446.0,447.0
1.0,2674.0,1332.0,1339.0,1340.0,1335.0,435.0,454.0,446.0,445.0,447.0,447.0,435.0,451.0,446.0,889.0,900.0,885.0,435.0,454.0,446.0,445.0,447.0,447.0
1.0,2682.0,1339.0,1341.0,1335.0,1345.0,455.0,438.0,452.0,446.0,447.0,448.0,452.0,438.0,449.0,900.0,887.0,895.0,455.0,438.0,452.0,446.0,447.0,448.0
1.0,2678.0,1379.0,1341.0,1345.0,1379.0,457.0,457.0,465.0,446.0,447.0,448.0,457.0,457.0,465.0,883.0,903.0,892.0,457.0,457.0,465.0,446.0,447.0,448.0
1.0,2644.0,1340.0,1341.0,1379.0,1340.0,446.0,443.0,451.0,446.0,447.0,448.0,446.0,443.0,451.0,881.0,884.0,879.0,446.0,443.0,451.0,446.0,447.0,448.0
1.0,2683.0,1341.0,1342.0,1340.0,1344.0,449.0,443.0,452.0,446.0,447.0,449.0,449.0,443.0,449.0,892.0,898.0,893.0,449.0,443.0,452.0,446.0,447.0,449.0
1.0,2682.0,1397.0,1344.0,1344.0,1403.0,465.0,479.0,459.0,447.0,448.0,449.0,462.0,476.0,459.0,889.0,898.0,895.0,465.0,479.0,459.0,447.0,448.0,449.0
1.0,2629.0,1392.0,1345.0,1403.0,1395.0,459.0,468.0,468.0,447.0,448.0,450.0,459.0,468.0,465.0,876.0,865.0,888.0,459.0,468.0,468.0,447.0,448.0,450.0
1.0,2640.0,1429.0,1346.0,1395.0,1432.0,487.0,471.0,474.0,448.0,448.0,450.0,484.0,471.0,474.0,882.0,876.0,882.0,487.0,471.0,474.0,448.0,448.0,450.0
1.0,2606.0,1384.0,1348.0,1432.0,1390.0,470.0,458.0,462.0,449.0,448.0,451.0,467.0,458.0,459.0,857.0,873.0,876.0,470.0,458.0,462.0,449.0,448.0,451.0
1.0,2654.0,1422.0,1348.0,1390.0,1422.0,482.0,465.0,475.0,449.0,448.0,451.0,482.0,465.0,475.0,877.0,886.0,891.0,482.0,465.0,475.0,449.0,448.0,451.0
1.0,2622.0,1362.0,1349.0,1422.0,1365.0,463.0,448.0,454.0,450.0,448.0,451.0,460.0,448.0,454.0,865.0,879.0,878.0,463.0,448.0,454.0,450.0,448.0,451.0
1.0,2682.0,1366.0,1349.0,1365.0,1366.0,465.0,446.0,455.0,450.0,448.0,451.0,465.0,446.0,455.0,887.0,896.0,899.0,465.0,446.0,455.0,450.0,448.0,451.0
1.0,2681.0,1344.0,1351.0,1366.0,1350.0,457.0,452.0,441.0,451.0,449.0,451.0,454.0,449.0,441.0,885.0,898.0,898.0,457.0,452.0,441.0,451.0,449.0,451.0
1.0,2703.0,1370.0,1352.0,1350.0,1373.0,452.0,463.0,458.0,451.0,450.0,451.0,452.0,460.0,458.0,896.0,895.0,912.0,452.0,463.0,458.0,451.0,450.0,451.0
1.0,2683.0,1341.0,1352.0,1373.0,1341.0,441.0,447.0,453.0,451.0,450.0,451.0,441.0,447.0,453.0,901.0,887.0,895.0,441.0,447.0,453.0,451.0,450.0,451.0
1.0,2715.0,1310.0,1353.0,1341.0,1313.0,432.0,430.0,451.0,451.0,450.0,452.0,432.0,430.0,448.0,912.0,903.0,900.0,432.0,430.0,451.0,451.0,450.0,452.0
1.0,2746.0,1340.0,1354.0,1313.0,1343.0,453.0,447.0,443.0,451.0,451.0,452.0,453.0,444.0,443.0,921.0,920.0,905.0,453.0,447.0,443.0,451.0,451.0,452.0
1.0,2719.0,1361.0,1354.0,1343.0,1361.0,452.0,461.0,448.0,451.0,451.0,452.0,452.0,461.0,448.0,900.0,906.0,913.0,452.0,461.0,448.0,451.0,451.0,452.0
1.0,2701.0,1394.0,1356.0,1361.0,1400.0,462.0,472.0,466.0,452.0,452.0,452.0,459.0,469.0,466.0,901.0,892.0,908.0,462.0,472.0,466.0,452.0,452.0,452.0
1.0,2668.0,1411.0,1356.0,1400.0,1411.0,467.0,471.0,473.0,452.0,452.0,452.0,467.0,471.0,473.0,894.0,884.0,890.0,467.0,471.0,473.0,452.0,452.0,452.0
1.0,2657.0,1392.0,1357.0,1411.0,1395.0,472.0,455.0,468.0,452.0,452.0,453.0,472.0,455.0,465.0,889.0,885.0,883.0,472.0,455.0,468.0,452.0,452.0,453.0
1.0,2676.0,1375.0,1357.0,1395.0,1375.0,461.0,471.0,443.0,452.0,452.0,453.0,461.0,471.0,443.0,884.0,901.0,891.0,461.0,471.0,443.0,452.0,452.0,453.0
1.0,2696.0,1378.0,1359.0,1375.0,1384.0,459.0,465.0,460.0,453.0,453.0,453.0,456.0,462.0,460.0,895.0,885.0,916.0,459.0,465.0,460.0,453.0,453.0,453.0
1.0,2693.0,1442.0,1361.0,1384.0,1448.0,474.0,493.0,481.0,454.0,453.0,454.0,471.0,493.0,478.0,900.0,894.0,899.0,474.0,493.0,481.0,454.0,453.0,454.0
1.0,2635.0,1404.0,1361.0,1448.0,1404.0,464.0,474.0,466.0,453.0,454.0,454.0,467.0,471.0,466.0,888.0,866.0,881.0,464.0,474.0,466.0,453.0,454.0,454.0
1.0,2679.0,1404.0,1362.0,1404.0,1407.0,473.0,475.0,459.0,454.0,454.0,454.0,470.0,475.0,459.0,895.0,888.0,896.0,473.0,475.0,459.0,454.0,454.0,454.0
1.0,2679.0,1372.0,1363.0,1407.0,1375.0,450.0,462.0,463.0,454.0,454.0,455.0,450.0,462.0,460.0,889.0,887.0,903.0,450.0,462.0,463.0,454.0,454.0,455.0
1.0,2714.0,1335.0,1363.0,1375.0,1335.0,436.0,451.0,448.0,454.0,454.0,455.0,436.0,451.0,448.0,912.0,900.0,902.0,436.0,451.0,448.0,454.0,454.0,455.0
1.0,2754.0,1298.0,1364.0,1335.0,1301.0,429.0,443.0,429.0,454.0,455.0,455.0,429.0,440.0,429.0,926.0,911.0,917.0,429.0,443.0,429.0,454.0,455.0,455.0
1.0,2791.0,1352.0,1364.0,1301.0,1352.0,446.0,459.0,447.0,454.0,455.0,455.0,446.0,459.0,447.0,933.0,922.0,936.0,446.0,459.0,447.0,454.0,455.0,455.0
1.0,2740.0,1383.0,1365.0,1352.0,1386.0,467.0,456.0,463.0,455.0,455.0,455.0,464.0,456.0,463.0,916.0,906.0,918.0,467.0,456.0,463.0,455.0,455.0,455.0
1.0,2709.0,1346.0,1365.0,1386.0,1346.0,448.0,448.0,450.0,455.0,455.0,455.0,448.0,448.0,450.0,898.0,909.0,902.0,448.0,448.0,450.0,455.0,455.0,455.0
1.0,2749.0,1375.0,1365.0,1346.0,1375.0,464.0,454.0,457.0,455.0,455.0,455.0,464.0,454.0,457.0,917.0,917.0,915.0,464.0,454.0,457.0,455.0,455.0,455.0
1.0,2720.0,1377.0,1365.0,1375.0,1377.0,471.0,449.0,457.0,455.0,455.0,455.0,471.0,449.0,457.0,901.0,911.0,908.0,471.0,449.0,457.0,455.0,455.0,455.0
1.0,2718.0,1420.0,1366.0,1377.0,1423.0,481.0,468.0,474.0,455.0,456.0,455.0,481.0,465.0,474.0,894.0,916.0,908.0,481.0,468.0,474.0,455.0,456.0,455.0
1.0,2675.0,1402.0,1367.0,1423.0,1405.0,476.0,466.0,463.0,456.0,456.0,455.0,473.0,466.0,463.0,884.0,900.0,891.0,476.0,466.0,463.0,456.0,456.0,455.0
1.0,2696.0,1384.0,1367.0,1405.0,1384.0,454.0,463.0,467.0,456.0,456.0,455.0,454.0,463.0,467.0,892.0,902.0,902.0,454.0,463.0,467.0,456.0,456.0,455.0
1.0,2717.0,1431.0,1367.0,1384.0,1431.0,475.0,482.0,474.0,456.0,456.0,455.0,475.0,482.0,474.0,914.0,905.0,898.0,475.0,482.0,474.0,456.0,456.0,455.0
1.0,2670.0,1412.0,1370.0,1431.0,1421.0,463.0,475.0,483.0,457.0,457.0,456.0,460.0,472.0,480.0,893.0,886.0,891.0,463.0,475.0,483.0,457.0,457.0,456.0
1.0,2689.0,1414.0,1370.0,1421.0,1414.0,473.0,471.0,470.0,457.0,457.0,456.0,473.0,471.0,470.0,908.0,896.0,885.0,473.0,471.0,470.0,457.0,457.0,456.0
1.0,2696.0,1368.0,1373.0,1414.0,1377.0,454.0,457.0,466.0,458.0,458.0,457.0,451.0,454.0,463.0,898.0,900.0,898.0,454.0,457.0,466.0,458.0,458.0,457.0
1.0,2742.0,1359.0,1372.0,1377.0,1356.0,442.0,450.0,464.0,457.0,458.0,457.0,445.0,450.0,464.0,920.0,917.0,905.0,442.0,450.0,464.0,457.0,458.0,457.0
1.0,2760.0,1344.0,1372.0,1356.0,1344.0,442.0,439.0,463.0,457.0,457.0,458.0,442.0,442.0,460.0,929.0,924.0,907.0,442.0,439.0,463.0,457.0,457.0,458.0
1.0,2772.0,1390.0,1372.0,1344.0,1390.0,454.0,469.0,467.0,457.0,457.0,458.0,454.0,469.0,467.0,929.0,932.0,911.0,454.0,469.0,467.0,457.0,457.0,458.0
1.0,2726.0,1369.0,1372.0,1390.0,1369.0,452.0,455.0,462.0,457.0,457.0,458.0,452.0,455.0,462.0,917.0,902.0,907.0,452.0,455.0,462.0,457.0,457.0,458.0
1.0,2747.0,1385.0,1372.0,1369.0,1385.0,457.0,462.0,466.0,457.0,457.0,458.0,457.0,462.0,466.0,919.0,916.0,912.0,457.0,462.0,466.0,457.0,457.0,458.0
1.0,2731.0,1379.0,1374.0,1385.0,1385.0,464.0,456.0,465.0,457.0,458.0,459.0,464.0,453.0,462.0,914.0,909.0,908.0,464.0,456.0,465.0,457.0,458.0,459.0
1.0,2737.0,1430.0,1375.0,1385.0,1433.0,471.0,480.0,482.0,458.0,458.0,459.0,468.0,480.0,482.0,907.0,918.0,912.0,471.0,480.0,482.0,458.0,458.0,459.0
1.0,2692.0,1363.0,1374.0,1433.0,1360.0,459.0,445.0,456.0,457.0,458.0,459.0,462.0,445.0,456.0,903.0,894.0,895.0,459.0,445.0,456.0,457.0,458.0,459.0
1.0,2762.0,1391.0,1375.0,1360.0,1394.0,476.0,465.0,453.0,458.0,458.0,459.0,473.0,465.0,453.0,912.0,929.0,921.0,476.0,465.0,453.0,458.0,458.0,459.0
1.0,2731.0,1356.0,1375.0,1394.0,1356.0,465.0,445.0,446.0,458.0,458.0,459.0,465.0,445.0,446.0,898.0,909.0,924.0,465.0,445.0,446.0,458.0,458.0,459.0
1.0,2769.0,1406.0,1377.0,1356.0,1412.0,475.0,467.0,470.0,459.0,459.0,459.0,472.0,464.0,470.0,909.0,929.0,931.0,475.0,467.0,470.0,459.0,459.0,459.0
1.0,2719.0,1345.0,1377.0,1412.0,1345.0,452.0,455.0,438.0,459.0,459.0,459.0,452.0,455.0,438.0,902.0,910.0,907.0,452.0,455.0,438.0,459.0,459.0,459.0
1.0,2786.0,1387.0,1378.0,1345.0,1390.0,463.0,462.0,465.0,459.0,459.0,460.0,463.0,462.0,462.0,925.0,922.0,939.0,463.0,462.0,465.0,459.0,459.0,460.0
1.0,2744.0,1382.0,1377.0,1390.0,1379.0,464.0,465.0,450.0,459.0,459.0,459.0,464.0,465.0,453.0,914.0,915.0,915.0,464.0,465.0,450.0,459.0,459.0,459.0
1.0,2752.0,1354.0,1378.0,1379.0,1357.0,446.0,468.0,443.0,459.0,460.0,459.0,446.0,465.0,443.0,913.0,912.0,927.0,446.0,468.0,443.0,459.0,460.0,459.0
1.0,2777.0,1353.0,1378.0,1357.0,1353.0,443.0,452.0,458.0,459.0,460.0,459.0,443.0,452.0,458.0,931.0,912.0,934.0,443.0,452.0,458.0,459.0,460.0,459.0
1.0,2781.0,1447.0,1379.0,1353.0,1450.0,472.0,492.0,486.0,459.0,460.0,460.0,472.0,492.0,483.0,934.0,928.0,919.0,472.0,492.0,486.0,459.0,460.0,460.0
1.0,2687.0,1423.0,1379.0,1450.0,1423.0,459.0,471.0,493.0,459.0,460.0,460.0,459.0,471.0,493.0,905.0,888.0,894.0,459.0,471.0,493.0,459.0,460.0,460.0
1.0,2714.0,1406.0,1379.0,1423.0,1406.0,468.0,466.0,472.0,459.0,460.0,460.0,468.0,466.0,472.0,918.0,909.0,887.0,468.0,466.0,472.0,459.0,460.0,460.0
1.0,2731.0,1403.0,1380.0,1406.0,1406.0,459.0,466.0,481.0,459.0,460.0,461.0,459.0,466.0,478.0,909.0,914.0,908.0,459.0,466.0,481.0,459.0,460.0,461.0
1.0,2734.0,1399.0,1380.0,1406.0,1399.0,461.0,465.0,473.0,459.0,460.0,461.0,461.0,465.0,473.0,918.0,914.0,902.0,461.0,465.0,473.0,459.0,460.0,461.0
1.0,2741.0,1387.0,1380.0,1399.0,1387.0,470.0,452.0,465.0,459.0,460.0,461.0,470.0,452.0,465.0,916.0,915.0,910.0,470.0,452.0,465.0,459.0,460.0,461.0
1.0,2753.0,1413.0,1381.0,1387.0,1416.0,468.0,483.0,465.0,459.0,461.0,461.0,468.0,480.0,465.0,907.0,928.0,918.0,468.0,483.0,465.0,459.0,461.0,461.0
1.0,2727.0,1405.0,1382.0,1416.0,1408.0,473.0,465.0,470.0,459.0,461.0,462.0,473.0,465.0,467.0,909.0,900.0,918.0,473.0,465.0,470.0,459.0,461.0,462.0
1.0,2738.0,1376.0,1382.0,1408.0,1376.0,471.0,455.0,450.0,460.0,461.0,461.0,468.0,455.0,453.0,904.0,918.0,916.0,471.0,455.0,450.0,460.0,461.0,461.0
1.0,2770.0,1365.0,1382.0,1376.0,1365.0,462.0,449.0,454.0,460.0,461.0,461.0,462.0,449.0,454.0,909.0,928.0,933.0,462.0,449.0,454.0,460.0,461.0,461.0
1.0,2781.0,1355.0,1383.0,1365.0,1358.0,453.0,457.0,448.0,460.0,462.0,461.0,453.0,454.0,448.0,918.0,934.0,929.0,453.0,457.0,448.0,460.0,462.0,461.0
1.0,2791.0,1357.0,1384.0,1358.0,1360.0,452.0,458.0,450.0,460.0,462.0,462.0,452.0,458.0,447.0,927.0,929.0,935.0,452.0,458.0,450.0,460.0,462.0,462.0
1.0,2792.0,1323.0,1383.0,1360.0,1320.0,449.0,438.0,433.0,460.0,462.0,461.0,449.0,438.0,436.0,928.0,928.0,936.0,449.0,438.0,433.0,460.0,462.0,461.0
1.0,2829.0,1390.0,1383.0,1320.0,1390.0,456.0,452.0,482.0,460.0,461.0,462.0,456.0,455.0,479.0,931.0,948.0,950.0,456.0,452.0,482.0,460.0,461.0,462.0
1.0,2759.0,1385.0,1382.0,1390.0,1382.0,453.0,469.0,460.0,460.0,461.0,461.0,453.0,469.0,463.0,924.0,931.0,904.0,453.0,469.0,460.0,460.0,461.0,461.0
1.0,2764.0,1407.0,1383.0,1382.0,1410.0,457.0,494.0,459.0,460.0,462.0,461.0,457.0,491.0,459.0,927.0,914.0,923.0,457.0,494.0,459.0,460.0,462.0,461.0
1.0,2739.0,1399.0,1384.0,1410.0,1402.0,463.0,471.0,468.0,460.0,462.0,462.0,463.0,471.0,465.0,923.0,892.0,924.0,463.0,471.0,468.0,460.0,462.0,462.0
1.0,2750.0,1435.0,1384.0,1402.0,1435.0,469.0,488.0,478.0,460.0,462.0,462.0,469.0,488.0,478.0,917.0,915.0,918.0,469.0,488.0,478.0,460.0,462.0,462.0
1.0,2717.0,1429.0,1384.0,1435.0,1429.0,480.0,475.0,474.0,460.0,462.0,462.0,480.0,475.0,474.0,911.0,898.0,908.0,480.0,475.0,474.0,460.0,462.0,462.0
1.0,2723.0,1370.0,1384.0,1429.0,1370.0,455.0,466.0,449.0,460.0,462.0,462.0,455.0,466.0,449.0,900.0,911.0,912.0,455.0,466.0,449.0,460.0,462.0,462.0
1.0,2782.0,1342.0,1383.0,1370.0,1339.0,457.0,429.0,453.0,460.0,461.0,462.0,457.0,432.0,453.0,925.0,920.0,937.0,457.0,429.0,453.0,460.0,461.0,462.0
1.0,2810.0,1385.0,1383.0,1339.0,1385.0,467.0,450.0,468.0,460.0,461.0,462.0,467.0,450.0,468.0,923.0,954.0,933.0,467.0,450.0,468.0,460.0,461.0,462.0
1.0,2764.0,1337.0,1383.0,1385.0,1337.0,446.0,439.0,452.0,460.0,461.0,462.0,446.0,439.0,452.0,913.0,933.0,918.0,446.0,439.0,452.0,460.0,461.0,462.0
1.0,2812.0,1372.0,1384.0,1337.0,1375.0,466.0,448.0,461.0,461.0,461.0,462.0,463.0,448.0,461.0,934.0,944.0,934.0,466.0,448.0,461.0,461.0,461.0,462.0
1.0,2777.0,1432.0,1385.0,1375.0,1435.0,479.0,469.0,487.0,461.0,461.0,463.0,479.0,469.0,484.0,917.0,935.0,925.0,479.0,469.0,487.0,461.0,461.0,463.0
1.0,2720.0,1381.0,1385.0,1435.0,1381.0,463.0,458.0,460.0,461.0,461.0,463.0,463.0,458.0,460.0,904.0,914.0,902.0,463.0,458.0,460.0,461.0,461.0,463.0
1.0,2774.0,1409.0,1387.0,1381.0,1415.0,471.0,456.0,488.0,462.0,461.0,464.0,468.0,456.0,485.0,920.0,925.0,929.0,471.0,456.0,488.0,462.0,461.0,464.0
1.0,2746.0,1397.0,1388.0,1415.0,1400.0,459.0,472.0,469.0,462.0,462.0,464.0,459.0,469.0,469.0,915.0,927.0,904.0,459.0,472.0,469.0,462.0,462.0,464.0
1.0,2764.0,1460.0,1389.0,1400.0,1463.0,478.0,489.0,496.0,462.0,462.0,465.0,478.0,489.0,493.0,927.0,914.0,923.0,478.0,489.0,496.0,462.0,462.0,465.0
1.0,2704.0,1404.0,1389.0,1463.0,1404.0,467.0,464.0,473.0,462.0,462.0,465.0,467.0,464.0,473.0,908.0,897.0,899.0,467.0,464.0,473.0,462.0,462.0,465.0
1.0,2763.0,1463.0,1390.0,1404.0,1466.0,478.0,490.0,498.0,462.0,463.0,465.0,478.0,487.0,498.0,919.0,922.0,922.0,478.0,490.0,498.0,462.0,463.0,465.0
1.0,2704.0,1403.0,1390.0,1466.0,1403.0,464.0,482.0,457.0,462.0,463.0,465.0,464.0,482.0,457.0,908.0,899.0,897.0,464.0,482.0,457.0,462.0,463.0,465.0
1.0,2767.0,1416.0,1390.0,1403.0,1416.0,474.0,475.0,467.0,462.0,463.0,465.0,474.0,475.0,467.0,922.0,907.0,938.0,474.0,475.0,467.0,462.0,463.0,465.0
1.0,2754.0,1424.0,1390.0,1416.0,1424.0,472.0,478.0,474.0,462.0,463.0,465.0,472.0,478.0,474.0,912.0,914.0,928.0,472.0,478.0,474.0,462.0,463.0,465.0
1.0,2746.0,1406.0,1390.0,1424.0,1406.0,477.0,460.0,469.0,462.0,463.0,465.0,477.0,460.0,469.0,914.0,911.0,921.0,477.0,460.0,469.0,462.0,463.0,465.0
1.0,2764.0,1420.0,1391.0,1406.0,1423.0,481.0,480.0,462.0,463.0,463.0,465.0,478.0,480.0,462.0,909.0,929.0,926.0,481.0,480.0,462.0,463.0,463.0,465.0
1.0,2750.0,1389.0,1391.0,1423.0,1389.0,473.0,454.0,462.0,463.0,463.0,465.0,473.0,454.0,462.0,908.0,909.0,933.0,473.0,454.0,462.0,463.0,463.0,465.0
1.0,2784.0,1451.0,1393.0,1389.0,1457.0,491.0,481.0,485.0,464.0,464.0,465.0,488.0,478.0,485.0,916.0,935.0,933.0,491.0,481.0,485.0,464.0,464.0,465.0
1.0,2722.0,1407.0,1393.0,1457.0,1407.0,474.0,464.0,469.0,464.0,464.0,465.0,474.0,464.0,469.0,901.0,911.0,910.0,474.0,464.0,469.0,464.0,464.0,465.0
1.0,2772.0,1412.0,1395.0,1407.0,1418.0,475.0,462.0,481.0,465.0,464.0,466.0,472.0,462.0,478.0,918.0,928.0,926.0,475.0,462.0,481.0,465.0,464.0,466.0
1.0,2767.0,1418.0,1395.0,1418.0,1418.0,476.0,464.0,478.0,465.0,464.0,466.0,476.0,464.0,478.0,920.0,930.0,917.0,476.0,464.0,478.0,465.0,464.0,466.0
1.0,2767.0,1447.0,1396.0,1418.0,1450.0,492.0,470.0,488.0,466.0,464.0,466.0,489.0,470.0,488.0,919.0,928.0,920.0,492.0,470.0,488.0,466.0,464.0,466.0
1.0,2738.0,1425.0,1396.0,1450.0,1425.0,467.0,477.0,481.0,466.0,464.0,466.0,467.0,477.0,481.0,906.0,922.0,910.0,467.0,477.0,481.0,466.0,464.0,466.0
1.0,2763.0,1464.0,1398.0,1425.0,1470.0,481.0,496.0,493.0,466.0,465.0,467.0,481.0,493.0,490.0,931.0,915.0,917.0,481.0,496.0,493.0,466.0,465.0,467.0
1.0,2724.0,1440.0,1399.0,1470.0,1443.0,481.0,480.0,482.0,466.0,466.0,467.0,481.0,477.0,482.0,917.0,899.0,908.0,481.0,480.0,482.0,466.0,466.0,467.0
1.0,2754.0,1413.0,1400.0,1443.0,1416.0,474.0,475.0,467.0,466.0,466.0,468.0,474.0,475.0,464.0,917.0,918.0,919.0,474.0,475.0,467.0,466.0,466.0,468.0
1.0,2784.0,1428.0,1401.0,1416.0,1431.0,485.0,478.0,468.0,467.0,466.0,468.0,482.0,478.0,468.0,924.0,923.0,937.0,485.0,478.0,468.0,467.0,466.0,468.0
1.0,2772.0,1410.0,1402.0,1431.0,1413.0,466.0,478.0,469.0,467.0,467.0,468.0,466.0,475.0,469.0,916.0,920.0,936.0,466.0,478.0,469.0,467.0,467.0,468.0
1.0,2793.0,1401.0,1402.0,1413.0,1401.0,464.0,469.0,468.0,467.0,467.0,468.0,464.0,469.0,468.0,935.0,923.0,935.0,464.0,469.0,468.0,467.0,467.0,468.0
1.0,2805.0,1446.0,1403.0,1401.0,1449.0,490.0,484.0,475.0,467.0,467.0,469.0,490.0,484.0,472.0,937.0,932.0,936.0,490.0,484.0,475.0,467.0,467.0,469.0
1.0,2760.0,1379.0,1404.0,1449.0,1382.0,478.0,464.0,440.0,468.0,467.0,469.0,475.0,464.0,440.0,911.0,917.0,932.0,478.0,464.0,440.0,468.0,467.0,469.0
1.0,2830.0,1373.0,1405.0,1382.0,1376.0,459.0,471.0,446.0,468.0,468.0,469.0,459.0,468.0,446.0,926.0,937.0,967.0,459.0,471.0,446.0,468.0,468.0,469.0
1.0,2839.0,1448.0,1404.0,1376.0,1445.0,497.0,478.0,470.0,469.0,467.0,468.0,494.0,481.0,473.0,945.0,933.0,961.0,497.0,478.0,470.0,469.0,467.0,468.0
1.0,2767.0,1425.0,1405.0,1445.0,1428.0,471.0,486.0,471.0,469.0,468.0,468.0,471.0,483.0,471.0,910.0,923.0,934.0,471.0,486.0,471.0,469.0,468.0,468.0
1.0,2787.0,1453.0,1405.0,1428.0,1453.0,489.0,482.0,482.0,469.0,468.0,468.0,489.0,482.0,482.0,936.0,918.0,933.0,489.0,482.0,482.0,469.0,468.0,468.0
1.0,2762.0,1476.0,1407.0,1453.0,1482.0,489.0,489.0,504.0,470.0,468.0,469.0,486.0,489.0,501.0,918.0,922.0,922.0,489.0,489.0,504.0,470.0,468.0,469.0
1.0,2739.0,1464.0,1408.0,1482.0,1467.0,487.0,489.0,491.0,470.0,469.0,469.0,487.0,486.0,491.0,921.0,915.0,903.0,487.0,489.0,491.0,470.0,469.0,469.0
1.0,2757.0,1395.0,1408.0,1467.0,1395.0,467.0,462.0,466.0,470.0,469.0,469.0,467.0,462.0,466.0,923.0,918.0,916.0,467.0,462.0,466.0,470.0,469.0,469.0
1.0,2829.0,1439.0,1408.0,1395.0,1439.0,470.0,490.0,479.0,470.0,469.0,469.0,470.0,490.0,479.0,943.0,945.0,941.0,470.0,490.0,479.0,470.0,469.0,469.0
1.0,2785.0,1390.0,1408.0,1439.0,1390.0,468.0,452.0,470.0,470.0,469.0,469.0,468.0,452.0,470.0,940.0,917.0,928.0,468.0,452.0,470.0,470.0,469.0,469.0
1.0,2834.0,1403.0,1409.0,1390.0,1406.0,477.0,453.0,476.0,470.0,469.0,470.0,477.0,453.0,473.0,942.0,955.0,937.0,477.0,453.0,476.0,470.0,469.0,470.0
1.0,2821.0,1421.0,1410.0,1406.0,1424.0,489.0,466.0,469.0,471.0,469.0,470.0,486.0,466.0,469.0,933.0,954.0,934.0,489.0,466.0,469.0,471.0,469.0,470.0
1.0,2806.0,1430.0,1412.0,1424.0,1436.0,475.0,480.0,481.0,471.0,470.0,471.0,475.0,477.0,478.0,924.0,941.0,941.0,475.0,480.0,481.0,471.0,470.0,471.0
1.0,2800.0,1417.0,1413.0,1436.0,1420.0,478.0,471.0,471.0,472.0,470.0,471.0,475.0,471.0,471.0,938.0,930.0,932.0,478.0,471.0,471.0,472.0,470.0,471.0
1.0,2819.0,1456.0,1416.0,1420.0,1465.0,495.0,483.0,487.0,473.0,471.0,472.0,492.0,480.0,484.0,938.0,939.0,942.0,495.0,483.0,487.0,473.0,471.0,472.0
1.0,2783.0,1446.0,1416.0,1465.0,1446.0,472.0,489.0,485.0,473.0,471.0,472.0,472.0,489.0,485.0,924.0,930.0,929.0,472.0,489.0,485.0,473.0,471.0,472.0
1.0,2802.0,1472.0,1419.0,1446.0,1481.0,494.0,496.0,491.0,474.0,472.0,473.0,491.0,493.0,488.0,947.0,924.0,931.0,494.0,496.0,491.0,474.0,472.0,473.0
1.0,2776.0,1481.0,1419.0,1481.0,1481.0,496.0,500.0,485.0,474.0,472.0,473.0,496.0,500.0,485.0,928.0,920.0,928.0,496.0,500.0,485.0,474.0,472.0,473.0
1.0,2776.0,1455.0,1421.0,1481.0,1461.0,490.0,475.0,496.0,475.0,472.0,474.0,487.0,475.0,493.0,926.0,916.0,934.0,490.0,475.0,496.0,475.0,472.0,474.0
1.0,2802.0,1465.0,1421.0,1461.0,1465.0,487.0,502.0,476.0,475.0,472.0,474.0,487.0,502.0,476.0,935.0,941.0,926.0,487.0,502.0,476.0,475.0,472.0,474.0
1.0,2798.0,1415.0,1420.0,1465.0,1412.0,469.0,476.0,467.0,475.0,472.0,473.0,469.0,476.0,470.0,938.0,914.0,946.0,469.0,476.0,467.0,475.0,472.0,473.0
1.0,2848.0,1418.0,1421.0,1412.0,1421.0,470.0,474.0,477.0,475.0,472.0,474.0,470.0,474.0,474.0,956.0,940.0,952.0,470.0,474.0,477.0,475.0,472.0,474.0
1.0,2842.0,1386.0,1422.0,1421.0,1389.0,458.0,467.0,464.0,475.0,473.0,474.0,458.0,464.0,464.0,955.0,942.0,945.0,458.0,467.0,464.0,475.0,473.0,474.0
1.0,2877.0,1434.0,1423.0,1389.0,1437.0,477.0,485.0,475.0,475.0,474.0,474.0,477.0,482.0,475.0,967.0,952.0,958.0,477.0,485.0,475.0,475.0,474.0,474.0
1.0,2832.0,1424.0,1425.0,1437.0,1430.0,475.0,473.0,482.0,476.0,474.0,475.0,472.0,473.0,479.0,948.0,937.0,947.0,475.0,473.0,482.0,476.0,474.0,475.0
1.0,2845.0,1388.0,1425.0,1430.0,1388.0,485.0,449.0,454.0,476.0,474.0,475.0,485.0,449.0,454.0,953.0,949.0,943.0,485.0,449.0,454.0,476.0,474.0,475.0
1.0,2887.0,1439.0,1426.0,1388.0,1442.0,483.0,481.0,478.0,476.0,475.0,475.0,483.0,478.0,478.0,943.0,973.0,971.0,483.0,481.0,478.0,476.0,475.0,475.0
1.0,2836.0,1440.0,1427.0,1442.0,1443.0,489.0,480.0,474.0,477.0,475.0,475.0,486.0,480.0,474.0,945.0,944.0,947.0,489.0,480.0,474.0,477.0,475.0,475.0
1.0,2838.0,1441.0,1427.0,1443.0,1441.0,486.0,481.0,474.0,477.0,475.0,475.0,486.0,481.0,474.0,942.0,945.0,951.0,486.0,481.0,474.0,477.0,475.0,475.0
1.0,2840.0,1451.0,1429.0,1441.0,1457.0,485.0,486.0,486.0,478.0,476.0,475.0,482.0,483.0,486.0,945.0,944.0,951.0,485.0,486.0,486.0,478.0,476.0,475.0
1.0,2830.0,1490.0,1429.0,1457.0,1490.0,490.0,490.0,510.0,478.0,476.0,475.0,490.0,490.0,510.0,949.0,942.0,939.0,490.0,490.0,510.0,478.0,476.0,475.0
1.0,2797.0,1507.0,1432.0,1490.0,1516.0,511.0,512.0,493.0,479.0,477.0,476.0,508.0,509.0,490.0,944.0,938.0,915.0,511.0,512.0,493.0,479.0,477.0,476.0
1.0,2780.0,1483.0,1432.0,1516.0,1483.0,487.0,499.0,497.0,479.0,477.0,476.0,487.0,499.0,497.0,926.0,919.0,935.0,487.0,499.0,497.0,479.0,477.0,476.0
1.0,2813.0,1469.0,1432.0,1483.0,1469.0,486.0,494.0,489.0,479.0,477.0,476.0,486.0,494.0,489.0,950.0,932.0,931.0,486.0,494.0,489.0,479.0,477.0,476.0
1.0,2827.0,1465.0,1433.0,1469.0,1468.0,494.0,492.0,482.0,480.0,477.0,476.0,491.0,492.0,482.0,951.0,937.0,939.0,494.0,492.0,482.0,480.0,477.0,476.0
1.0,2831.0,1439.0,1433.0,1468.0,1439.0,481.0,482.0,476.0,480.0,477.0,476.0,481.0,482.0,476.0,946.0,939.0,946.0,481.0,482.0,476.0,480.0,477.0,476.0
1.0,2860.0,1403.0,1434.0,1439.0,1406.0,465.0,473.0,468.0,480.0,478.0,476.0,465.0,470.0,468.0,959.0,949.0,952.0,465.0,473.0,468.0,480.0,478.0,476.0
1.0,2896.0,1455.0,1435.0,1406.0,1458.0,487.0,488.0,483.0,480.0,478.0,477.0,487.0,488.0,480.0,975.0,961.0,960.0,487.0,488.0,483.0,480.0,478.0,477.0
1.0,2847.0,1411.0,1435.0,1458.0,1411.0,472.0,470.0,469.0,480.0,478.0,477.0,472.0,470.0,469.0,953.0,946.0,948.0,472.0,470.0,469.0,480.0,478.0,477.0
1.0,2894.0,1448.0,1435.0,1411.0,1448.0,486.0,476.0,486.0,480.0,478.0,477.0,486.0,476.0,486.0,968.0,964.0,962.0,486.0,476.0,486.0,480.0,478.0,477.0
1.0,2857.0,1421.0,1435.0,1448.0,1421.0,470.0,468.0,483.0,480.0,478.0,477.0,470.0,468.0,483.0,954.0,958.0,945.0,470.0,468.0,483.0,480.0,478.0,477.0
1.0,2884.0,1495.0,1436.0,1421.0,1498.0,511.0,501.0,486.0,480.0,479.0,477.0,511.0,498.0,486.0,970.0,966.0,948.0,511.0,501.0,486.0,480.0,479.0,477.0
1.0,2810.0,1441.0,1437.0,1498.0,1444.0,495.0,467.0,482.0,481.0,479.0,477.0,492.0,467.0,482.0,929.0,936.0,945.0,495.0,467.0,482.0,481.0,479.0,477.0
1.0,2867.0,1477.0,1438.0,1444.0,1480.0,494.0,489.0,497.0,481.0,479.0,478.0,494.0,489.0,494.0,948.0,970.0,949.0,494.0,489.0,497.0,481.0,479.0,478.0
1.0,2834.0,1452.0,1439.0,1480.0,1455.0,476.0,496.0,483.0,481.0,480.0,478.0,476.0,493.0,483.0,949.0,948.0,937.0,476.0,496.0,483.0,481.0,480.0,478.0
1.0,2862.0,1461.0,1439.0,1455.0,1461.0,490.0,488.0,483.0,481.0,480.0,478.0,490.0,488.0,483.0,967.0,944.0,951.0,490.0,488.0,483.0,481.0,480.0,478.0
1.0,2856.0,1473.0,1439.0,1461.0,1473.0,493.0,486.0,494.0,481.0,480.0,478.0,493.0,486.0,494.0,953.0,952.0,951.0,493.0,486.0,494.0,481.0,480.0,478.0
1.0,2844.0,1452.0,1439.0,1473.0,1452.0,483.0,487.0,482.0,481.0,480.0,478.0,483.0,487.0,482.0,950.0,954.0,940.0,483.0,487.0,482.0,481.0,480.0,478.0
1.0,2865.0,1518.0,1442.0,1452.0,1527.0,495.0,515.0,517.0,482.0,481.0,479.0,492.0,512.0,514.0,960.0,953.0,952.0,495.0,515.0,517.0,482.0,481.0,479.0
1.0,2799.0,1430.0,1442.0,1527.0,1430.0,466.0,485.0,479.0,482.0,481.0,479.0,466.0,485.0,479.0,951.0,928.0,920.0,466.0,485.0,479.0,482.0,481.0,479.0
1.0,2896.0,1419.0,1442.0,1430.0,1419.0,460.0,485.0,474.0,482.0,481.0,479.0,460.0,485.0,474.0,980.0,958.0,958.0,460.0,485.0,474.0,482.0,481.0,479.0
1.0,2907.0,1432.0,1442.0,1419.0,1432.0,474.0,471.0,487.0,481.0,481.0,480.0,477.0,471.0,484.0,986.0,958.0,963.0,474.0,471.0,487.0,481.0,481.0,480.0
1.0,2894.0,1407.0,1442.0,1432.0,1407.0,470.0,469.0,468.0,481.0,481.0,480.0,470.0,469.0,468.0,969.0,972.0,953.0,470.0,469.0,468.0,481.0,481.0,480.0
1.0,2919.0,1460.0,1444.0,1407.0,1466.0,488.0,490.0,488.0,482.0,481.0,481.0,485.0,490.0,485.0,973.0,974.0,972.0,488.0,490.0,488.0,482.0,481.0,481.0
1.0,2866.0,1451.0,1444.0,1466.0,1451.0,488.0,478.0,485.0,482.0,481.0,481.0,488.0,478.0,485.0,958.0,953.0,955.0,488.0,478.0,485.0,482.0,481.0,481.0
1.0,2881.0,1480.0,1444.0,1451.0,1480.0,501.0,487.0,492.0,482.0,481.0,481.0,501.0,487.0,492.0,958.0,965.0,958.0,501.0,487.0,492.0,482.0,481.0,481.0
1.0,2852.0,1455.0,1444.0,1480.0,1455.0,489.0,481.0,485.0,482.0,481.0,481.0,489.0,481.0,485.0,945.0,956.0,951.0,489.0,481.0,485.0,482.0,481.0,481.0
1.0,2877.0,1521.0,1445.0,1455.0,1524.0,532.0,491.0,501.0,483.0,481.0,481.0,529.0,491.0,501.0,957.0,962.0,958.0,532.0,491.0,501.0,483.0,481.0,481.0
1.0,2811.0,1452.0,1445.0,1524.0,1452.0,495.0,468.0,489.0,483.0,481.0,481.0,495.0,468.0,489.0,917.0,952.0,942.0,495.0,468.0,489.0,483.0,481.0,481.0
1.0,2883.0,1462.0,1448.0,1452.0,1471.0,496.0,490.0,485.0,484.0,482.0,482.0,493.0,487.0,482.0,954.0,975.0,954.0,496.0,490.0,485.0,484.0,482.0,482.0
1.0,2873.0,1491.0,1448.0,1471.0,1491.0,493.0,507.0,491.0,484.0,482.0,482.0,493.0,507.0,491.0,956.0,956.0,961.0,493.0,507.0,491.0,484.0,482.0,482.0
1.0,2853.0,1418.0,1448.0,1491.0,1418.0,478.0,482.0,458.0,484.0,482.0,482.0,478.0,482.0,458.0,959.0,939.0,955.0,478.0,482.0,458.0,484.0,482.0,482.0
1.0,2926.0,1441.0,1449.0,1418.0,1444.0,480.0,490.0,474.0,484.0,483.0,482.0,480.0,487.0,474.0,974.0,964.0,988.0,480.0,490.0,474.0,484.0,483.0,482.0
1.0,2903.0,1424.0,1449.0,1444.0,1424.0,472.0,480.0,472.0,484.0,483.0,482.0,472.0,480.0,472.0,972.0,959.0,972.0,472.0,480.0,472.0,484.0,483.0,482.0
1.0,2923.0,1429.0,1449.0,1424.0,1429.0,468.0,483.0,478.0,484.0,483.0,482.0,468.0,483.0,478.0,980.0,969.0,974.0,468.0,483.0,478.0,484.0,483.0,482.0
1.0,2918.0,1451.0,1450.0,1429.0,1454.0,480.0,491.0,483.0,484.0,484.0,482.0,480.0,488.0,483.0,984.0,966.0,968.0,480.0,491.0,483.0,484.0,484.0,482.0
1.0,2896.0,1460.0,1450.0,1454.0,1460.0,478.0,502.0,480.0,484.0,484.0,482.0,478.0,502.0,480.0,972.0,961.0,963.0,478.0,502.0,480.0,484.0,484.0,482.0
1.0,2890.0,1491.0,1450.0,1460.0,1491.0,491.0,504.0,496.0,484.0,484.0,482.0,491.0,504.0,496.0,974.0,950.0,966.0,491.0,504.0,496.0,484.0,484.0,482.0
1.0,2859.0,1539.0,1453.0,1491.0,1548.0,520.0,503.0,525.0,485.0,485.0,483.0,517.0,500.0,522.0,961.0,948.0,950.0,520.0,503.0,525.0,485.0,485.0,483.0
1.0,2811.0,1491.0,1452.0,1548.0,1488.0,485.0,496.0,507.0,484.0,485.0,483.0,488.0,496.0,507.0,935.0,952.0,924.0,485.0,496.0,507.0,484.0,485.0,483.0
1.0,2868.0,1457.0,1451.0,1488.0,1454.0,487.0,470.0,497.0,484.0,484.0,483.0,487.0,473.0,497.0,967.0,959.0,942.0,487.0,470.0,497.0,484.0,484.0,483.0
1.0,2899.0,1507.0,1453.0,1454.0,1513.0,507.0,494.0,512.0,485.0,484.0,484.0,504.0,494.0,509.0,965.0,982.0,952.0,507.0,494.0,512.0,485.0,484.0,484.0
1.0,2846.0,1447.0,1454.0,1513.0,1450.0,477.0,492.0,481.0,485.0,485.0,484.0,477.0,489.0,481.0,948.0,958.0,940.0,477.0,492.0,481.0,485.0,485.0,484.0
1.0,2912.0,1500.0,1456.0,1450.0,1506.0,507.0,499.0,500.0,486.0,485.0,485.0,504.0,499.0,497.0,978.0,963.0,971.0,507.0,499.0,500.0,486.0,485.0,485.0
1.0,2862.0,1474.0,1457.0,1506.0,1477.0,493.0,489.0,495.0,486.0,486.0,485.0,493.0,486.0,495.0,951.0,956.0,955.0,493.0,489.0,495.0,486.0,486.0,485.0
1.0,2894.0,1430.0,1456.0,1477.0,1427.0,487.0,463.0,477.0,486.0,485.0,485.0,487.0,466.0,477.0,965.0,969.0,960.0,487.0,463.0,477.0,486.0,485.0,485.0
1.0,2941.0,1412.0,1457.0,1427.0,1415.0,478.0,465.0,472.0,487.0,485.0,485.0,475.0,465.0,472.0,971.0,992.0,978.0,478.0,465.0,472.0,487.0,485.0,485.0
1.0,2956.0,1448.0,1459.0,1415.0,1454.0,487.0,480.0,487.0,487.0,486.0,486.0,487.0,477.0,484.0,983.0,990.0,983.0,487.0,480.0,487.0,487.0,486.0,486.0
1.0,2923.0,1420.0,1458.0,1454.0,1417.0,463.0,482.0,472.0,486.0,486.0,486.0,466.0,482.0,472.0,974.0,978.0,971.0,463.0,482.0,472.0,486.0,486.0,486.0
1.0,2957.0,1440.0,1458.0,1417.0,1440.0,475.0,491.0,474.0,486.0,486.0,486.0,475.0,491.0,474.0,995.0,976.0,986.0,475.0,491.0,474.0,486.0,486.0,486.0
1.0,2934.0,1445.0,1458.0,1440.0,1445.0,492.0,482.0,471.0,486.0,486.0,486.0,492.0,482.0,471.0,983.0,967.0,984.0,492.0,482.0,471.0,486.0,486.0,486.0
1.0,2929.0,1444.0,1457.0,1445.0,1441.0,482.0,492.0,467.0,486.0,486.0,485.0,482.0,492.0,470.0,966.0,976.0,987.0,482.0,492.0,467.0,486.0,486.0,485.0
1.0,2930.0,1496.0,1457.0,1441.0,1496.0,490.0,499.0,507.0,486.0,486.0,485.0,490.0,499.0,507.0,976.0,966.0,988.0,490.0,499.0,507.0,486.0,486.0,485.0
1.0,2875.0,1515.0,1457.0,1496.0,1515.0,499.0,513.0,503.0,486.0,486.0,485.0,499.0,513.0,503.0,968.0,959.0,948.0,499.0,513.0,503.0,486.0,486.0,485.0
1.0,2856.0,1524.0,1458.0,1515.0,1527.0,512.0,503.0,512.0,486.0,486.0,486.0,512.0,503.0,509.0,959.0,945.0,952.0,512.0,503.0,512.0,486.0,486.0,486.0
1.0,2847.0,1513.0,1459.0,1527.0,1516.0,517.0,490.0,509.0,487.0,486.0,486.0,514.0,490.0,509.0,946.0,955.0,946.0,517.0,490.0,509.0,487.0,486.0,486.0
1.0,2861.0,1478.0,1459.0,1516.0,1478.0,487.0,498.0,493.0,487.0,486.0,486.0,487.0,498.0,493.0,944.0,968.0,949.0,487.0,498.0,493.0,487.0,486.0,486.0
1.0,2899.0,1485.0,1461.0,1478.0,1491.0,493.0,494.0,504.0,487.0,487.0,487.0,493.0,491.0,501.0,974.0,960.0,965.0,493.0,494.0,504.0,487.0,487.0,487.0
1.0,2892.0,1461.0,1462.0,1491.0,1464.0,501.0,483.0,480.0,488.0,487.0,487.0,498.0,483.0,480.0,968.0,967.0,957.0,501.0,483.0,480.0,488.0,487.0,487.0
1.0,2922.0,1457.0,1462.0,1464.0,1457.0,480.0,485.0,492.0,488.0,487.0,487.0,480.0,485.0,492.0,963.0,978.0,981.0,480.0,485.0,492.0,488.0,487.0,487.0
1.0,2929.0,1397.0,1462.0,1457.0,1397.0,464.0,461.0,472.0,488.0,487.0,487.0,464.0,461.0,472.0,984.0,976.0,969.0,464.0,461.0,472.0,488.0,487.0,487.0
1.0,2989.0,1458.0,1462.0,1397.0,1458.0,476.0,478.0,504.0,487.0,487.0,488.0,479.0,478.0,501.0,1000.0,1000.0,989.0,476.0,478.0,504.0,487.0,487.0,488.0
1.0,2928.0,1440.0,1463.0,1458.0,1443.0,483.0,469.0,491.0,488.0,487.0,488.0,480.0,469.0,491.0,985.0,983.0,960.0,483.0,469.0,491.0,488.0,487.0,488.0
1.0,2946.0,1497.0,1462.0,1443.0,1494.0,495.0,497.0,502.0,487.0,487.0,488.0,498.0,497.0,502.0,981.0,992.0,973.0,495.0,497.0,502.0,487.0,487.0,488.0
1.0,2892.0,1505.0,1463.0,1494.0,1508.0,504.0,500.0,504.0,488.0,487.0,488.0,501.0,500.0,504.0,966.0,964.0,962.0,504.0,500.0,504.0,488.0,487.0,488.0
1.0,2881.0,1536.0,1465.0,1508.0,1542.0,511.0,512.0,519.0,488.0,488.0,489.0,511.0,509.0,516.0,960.0,961.0,960.0,511.0,512.0,519.0,488.0,488.0,489.0
1.0,2853.0,1499.0,1465.0,1542.0,1499.0,491.0,508.0,500.0,488.0,488.0,489.0,491.0,508.0,500.0,953.0,952.0,948.0,491.0,508.0,500.0,488.0,488.0,489.0
1.0,2896.0,1476.0,1465.0,1499.0,1476.0,493.0,503.0,480.0,488.0,488.0,489.0,493.0,503.0,480.0,973.0,956.0,967.0,493.0,503.0,480.0,488.0,488.0,489.0
1.0,2919.0,1509.0,1467.0,1476.0,1515.0,514.0,503.0,498.0,489.0,489.0,489.0,511.0,500.0,498.0,971.0,961.0,987.0,514.0,503.0,498.0,489.0,489.0,489.0
1.0,2886.0,1471.0,1467.0,1515.0,1471.0,496.0,490.0,485.0,489.0,489.0,489.0,496.0,490.0,485.0,953.0,964.0,969.0,496.0,490.0,485.0,489.0,489.0,489.0
1.0,2930.0,1490.0,1466.0,1471.0,1487.0,504.0,499.0,484.0,489.0,488.0,489.0,504.0,502.0,484.0,971.0,977.0,982.0,504.0,499.0,484.0,489.0,488.0,489.0
1.0,2911.0,1454.0,1467.0,1487.0,1457.0,482.0,498.0,477.0,489.0,489.0,489.0,482.0,495.0,477.0,963.0,965.0,983.0,482.0,498.0,477.0,489.0,489.0,489.0
1.0,2944.0,1468.0,1468.0,1457.0,1471.0,502.0,491.0,478.0,490.0,489.0,489.0,499.0,491.0,478.0,985.0,969.0,990.0,502.0,491.0,478.0,490.0,489.0,489.0
1.0,2933.0,1479.0,1468.0,1471.0,1479.0,491.0,494.0,494.0,490.0,489.0,489.0,491.0,494.0,494.0,968.0,976.0,989.0,491.0,494.0,494.0,490.0,489.0,489.0
1.0,2925.0,1470.0,1469.0,1479.0,1473.0,496.0,481.0,496.0,491.0,489.0,489.0,493.0,481.0,496.0,979.0,973.0,973.0,496.0,481.0,496.0,491.0,489.0,489.0
1.0,2934.0,1469.0,1470.0,1473.0,1472.0,479.0,485.0,508.0,491.0,489.0,490.0,479.0,485.0,505.0,977.0,986.0,971.0,479.0,485.0,508.0,491.0,489.0,490.0
1.0,2938.0,1474.0,1470.0,1472.0,1474.0,476.0,495.0,503.0,490.0,490.0,490.0,479.0,492.0,503.0,994.0,982.0,962.0,476.0,495.0,503.0,490.0,490.0,490.0
1.0,2936.0,1458.0,1470.0,1474.0,1458.0,485.0,488.0,485.0,490.0,490.0,490.0,485.0,488.0,485.0,994.0,975.0,967.0,485.0,488.0,485.0,490.0,490.0,490.0
1.0,2952.0,1498.0,1470.0,1458.0,1498.0,492.0,502.0,504.0,490.0,490.0,490.0,492.0,502.0,504.0,985.0,982.0,985.0,492.0,502.0,504.0,490.0,490.0,490.0
1.0,2912.0,1520.0,1471.0,1498.0,1523.0,508.0,494.0,521.0,490.0,490.0,491.0,508.0,494.0,518.0,978.0,968.0,966.0,508.0,494.0,521.0,490.0,490.0,491.0
1.0,2890.0,1489.0,1472.0,1523.0,1492.0,505.0,498.0,489.0,490.0,491.0,491.0,505.0,495.0,489.0,962.0,976.0,952.0,505.0,498.0,489.0,490.0,491.0,491.0
1.0,2924.0,1473.0,1471.0,1492.0,1470.0,491.0,480.0,499.0,490.0,490.0,491.0,491.0,483.0,499.0,965.0,975.0,984.0,491.0,480.0,499.0,490.0,490.0,491.0
1.0,2943.0,1549.0,1473.0,1470.0,1555.0,533.0,516.0,506.0,491.0,491.0,491.0,530.0,513.0,506.0,979.0,990.0,974.0,533.0,516.0,506.0,491.0,491.0,491.0
1.0,2864.0,1440.0,1473.0,1555.0,1440.0,488.0,467.0,485.0,491.0,490.0,492.0,488.0,470.0,482.0,940.0,957.0,967.0,488.0,467.0,485.0,491.0,490.0,492.0
1.0,2979.0,1492.0,1474.0,1440.0,1495.0,498.0,502.0,495.0,491.0,491.0,492.0,498.0,499.0,495.0,985.0,1003.0,991.0,498.0,502.0,495.0,491.0,491.0,492.0
1.0,2927.0,1496.0,1476.0,1495.0,1502.0,495.0,509.0,498.0,492.0,491.0,493.0,492.0,509.0,495.0,975.0,971.0,981.0,495.0,509.0,498.0,492.0,491.0,493.0
1.0,2926.0,1445.0,1476.0,1502.0,1445.0,483.0,475.0,487.0,492.0,491.0,493.0,483.0,475.0,487.0,981.0,964.0,981.0,483.0,475.0,487.0,492.0,491.0,493.0
1.0,2983.0,1427.0,1476.0,1445.0,1427.0,474.0,478.0,475.0,492.0,491.0,493.0,474.0,478.0,475.0,993.0,998.0,992.0,474.0,478.0,475.0,492.0,491.0,493.0
1.0,3001.0,1505.0,1476.0,1427.0,1505.0,502.0,514.0,489.0,492.0,491.0,493.0,502.0,514.0,489.0,1002.0,995.0,1004.0,502.0,514.0,489.0,492.0,491.0,493.0
1.0,2923.0,1458.0,1476.0,1505.0,1458.0,487.0,489.0,482.0,492.0,491.0,493.0,487.0,489.0,482.0,974.0,959.0,990.0,487.0,489.0,482.0,492.0,491.0,493.0
1.0,2970.0,1533.0,1475.0,1458.0,1530.0,513.0,517.0,500.0,492.0,491.0,492.0,513.0,517.0,503.0,989.0,984.0,997.0,513.0,517.0,500.0,492.0,491.0,492.0
1.0,2895.0,1524.0,1475.0,1530.0,1524.0,504.0,512.0,508.0,492.0,491.0,492.0,504.0,512.0,508.0,963.0,956.0,976.0,504.0,512.0,508.0,492.0,491.0,492.0
1.0,2901.0,1538.0,1477.0,1524.0,1544.0,509.0,527.0,508.0,493.0,492.0,492.0,506.0,524.0,508.0,972.0,961.0,968.0,509.0,527.0,508.0,493.0,492.0,492.0
1.0,2887.0,1510.0,1478.0,1544.0,1513.0,497.0,508.0,508.0,493.0,493.0,492.0,497.0,505.0,508.0,970.0,949.0,968.0,497.0,508.0,508.0,493.0,493.0,492.0
1.0,2921.0,1487.0,1478.0,1513.0,1487.0,509.0,480.0,498.0,493.0,492.0,493.0,509.0,483.0,495.0,982.0,971.0,968.0,509.0,480.0,498.0,493.0,492.0,493.0
1.0,2947.0,1518.0,1478.0,1487.0,1518.0,507.0,501.0,510.0,493.0,492.0,493.0,507.0,501.0,510.0,970.0,996.0,981.0,507.0,501.0,510.0,493.0,492.0,493.0
1.0,2916.0,1498.0,1479.0,1518.0,1501.0,492.0,499.0,510.0,493.0,493.0,493.0,492.0,496.0,510.0,972.0,975.0,969.0,492.0,499.0,510.0,493.0,493.0,493.0
1.0,2936.0,1479.0,1480.0,1501.0,1482.0,490.0,483.0,509.0,493.0,493.0,494.0,490.0,483.0,506.0,987.0,980.0,969.0,490.0,483.0,509.0,493.0,493.0,494.0
1.0,2958.0,1485.0,1481.0,1482.0,1488.0,508.0,486.0,494.0,494.0,493.0,494.0,505.0,486.0,494.0,989.0,996.0,973.0,508.0,486.0,494.0,494.0,493.0,494.0
1.0,2955.0,1487.0,1481.0,1488.0,1487.0,507.0,481.0,499.0,494.0,493.0,494.0,507.0,481.0,499.0,974.0,993.0,988.0,507.0,481.0,499.0,494.0,493.0,494.0
1.0,2956.0,1454.0,1484.0,1487.0,1463.0,492.0,487.0,484.0,495.0,494.0,495.0,489.0,484.0,481.0,975.0,998.0,983.0,492.0,487.0,484.0,495.0,494.0,495.0
1.0,2989.0,1478.0,1483.0,1463.0,1475.0,488.0,484.0,503.0,495.0,493.0,495.0,488.0,487.0,503.0,993.0,995.0,1001.0,488.0,484.0,503.0,495.0,493.0,495.0
1.0,2974.0,1508.0,1485.0,1475.0,1514.0,499.0,506.0,509.0,495.0,494.0,496.0,499.0,503.0,506.0,997.0,995.0,982.0,499.0,506.0,509.0,495.0,494.0,496.0
1.0,2941.0,1488.0,1485.0,1514.0,1488.0,497.0,500.0,491.0,495.0,494.0,496.0,497.0,500.0,491.0,986.0,976.0,979.0,497.0,500.0,491.0,495.0,494.0,496.0
1.0,2967.0,1525.0,1486.0,1488.0,1528.0,506.0,513.0,509.0,496.0,494.0,496.0,503.0,513.0,509.0,988.0,982.0,997.0,506.0,513.0,509.0,496.0,494.0,496.0
1.0,2930.0,1471.0,1485.0,1528.0,1468.0,463.0,512.0,493.0,495.0,494.0,496.0,466.0,512.0,493.0,982.0,969.0,979.0,463.0,512.0,493.0,495.0,494.0,496.0
1.0,2987.0,1488.0,1485.0,1468.0,1488.0,489.0,512.0,487.0,495.0,494.0,496.0,489.0,512.0,487.0,1022.0,970.0,995.0,489.0,512.0,487.0,495.0,494.0,496.0
1.0,2967.0,1514.0,1485.0,1488.0,1514.0,497.0,512.0,505.0,494.0,495.0,496.0,500.0,509.0,505.0,996.0,970.0,1001.0,497.0,512.0,505.0,494.0,495.0,496.0
1.0,2941.0,1512.0,1486.0,1514.0,1515.0,501.0,511.0,503.0,495.0,495.0,496.0,498.0,511.0,503.0,985.0,973.0,983.0,501.0,511.0,503.0,495.0,495.0,496.0
1.0,2943.0,1508.0,1486.0,1515.0,1508.0,506.0,493.0,509.0,495.0,495.0,496.0,506.0,493.0,509.0,984.0,974.0,985.0,506.0,493.0,509.0,495.0,495.0,496.0
1.0,2950.0,1464.0,1486.0,1508.0,1464.0,489.0,492.0,483.0,495.0,495.0,496.0,489.0,492.0,483.0,979.0,992.0,979.0,489.0,492.0,483.0,495.0,495.0,496.0
1.0,2994.0,1495.0,1487.0,1464.0,1498.0,492.0,503.0,503.0,495.0,496.0,496.0,492.0,500.0,503.0,996.0,993.0,1005.0,492.0,503.0,503.0,495.0,496.0,496.0
1.0,2963.0,1506.0,1489.0,1498.0,1512.0,516.0,489.0,507.0,496.0,496.0,497.0,513.0,489.0,504.0,993.0,985.0,985.0,516.0,489.0,507.0,496.0,496.0,497.0
1.0,2955.0,1532.0,1491.0,1512.0,1538.0,521.0,513.0,504.0,497.0,497.0,497.0,518.0,510.0,504.0,972.0,999.0,984.0,521.0,513.0,504.0,497.0,497.0,497.0
1.0,2935.0,1415.0,1490.0,1538.0,1412.0,468.0,468.0,476.0,496.0,497.0,497.0,471.0,468.0,476.0,970.0,978.0,987.0,468.0,468.0,476.0,496.0,497.0,497.0
1.0,3058.0,1511.0,1491.0,1412.0,1514.0,510.0,495.0,509.0,497.0,497.0,497.0,507.0,495.0,509.0,1020.0,1023.0,1015.0,510.0,495.0,509.0,497.0,497.0,497.0
1.0,2959.0,1500.0,1490.0,1514.0,1497.0,507.0,485.0,505.0,497.0,496.0,497.0,507.0,488.0,505.0,981.0,996.0,982.0,507.0,485.0,505.0,497.0,496.0,497.0
1.0,2973.0,1523.0,1490.0,1497.0,1523.0,509.0,502.0,512.0,497.0,496.0,497.0,509.0,502.0,512.0,984.0,1003.0,986.0,509.0,502.0,512.0,497.0,496.0,497.0
1.0,2947.0,1565.0,1491.0,1523.0,1568.0,508.0,524.0,536.0,497.0,497.0,497.0,508.0,521.0,536.0,982.0,986.0,979.0,508.0,524.0,536.0,497.0,497.0,497.0
1.0,2905.0,1486.0,1491.0,1568.0,1486.0,487.0,498.0,501.0,497.0,496.0,498.0,487.0,501.0,498.0,983.0,967.0,955.0,487.0,498.0,501.0,497.0,496.0,498.0
1.0,2987.0,1526.0,1492.0,1486.0,1529.0,500.0,515.0,514.0,497.0,497.0,498.0,500.0,512.0,514.0,1004.0,990.0,993.0,500.0,515.0,514.0,497.0,497.0,498.0
1.0,2947.0,1534.0,1492.0,1529.0,1534.0,508.0,530.0,496.0,497.0,497.0,498.0,508.0,530.0,496.0,991.0,976.0,980.0,508.0,530.0,496.0,497.0,497.0,498.0
1.0,2942.0,1511.0,1494.0,1534.0,1517.0,497.0,511.0,509.0,497.0,498.0,499.0,497.0,508.0,506.0,983.0,961.0,998.0,497.0,511.0,509.0,497.0,498.0,499.0
1.0,2965.0,1481.0,1494.0,1517.0,1481.0,480.0,504.0,497.0,497.0,498.0,499.0,480.0,504.0,497.0,994.0,983.0,988.0,480.0,504.0,497.0,497.0,498.0,499.0
1.0,3001.0,1507.0,1494.0,1481.0,1507.0,501.0,510.0,496.0,497.0,498.0,499.0,501.0,510.0,496.0,1011.0,990.0,1000.0,501.0,510.0,496.0,497.0,498.0,499.0
1.0,2975.0,1546.0,1496.0,1507.0,1552.0,525.0,523.0,504.0,497.0,499.0,500.0,525.0,520.0,501.0,990.0,984.0,1001.0,525.0,523.0,504.0,497.0,499.0,500.0
1.0,2936.0,1508.0,1497.0,1552.0,1511.0,504.0,505.0,502.0,498.0,499.0,500.0,501.0,505.0,502.0,966.0,974.0,996.0,504.0,505.0,502.0,498.0,499.0,500.0
1.0,2980.0,1526.0,1498.0,1511.0,1529.0,511.0,510.0,508.0,498.0,500.0,500.0,511.0,507.0,508.0,990.0,992.0,998.0,511.0,510.0,508.0,498.0,500.0,500.0
1.0,2965.0,1519.0,1499.0,1529.0,1522.0,509.0,509.0,504.0,499.0,500.0,500.0,506.0,509.0,504.0,983.0,990.0,992.0,509.0,509.0,504.0,499.0,500.0,500.0
1.0,2975.0,1453.0,1499.0,1522.0,1453.0,486.0,491.0,476.0,499.0,500.0,500.0,486.0,491.0,476.0,988.0,991.0,996.0,486.0,491.0,476.0,499.0,500.0,500.0
1.0,3044.0,1513.0,1499.0,1453.0,1513.0,502.0,509.0,502.0,499.0,500.0,500.0,502.0,509.0,502.0,1011.0,1009.0,1024.0,502.0,509.0,502.0,499.0,500.0,500.0
1.0,2984.0,1518.0,1498.0,1513.0,1515.0,511.0,507.0,497.0,499.0,500.0,499.0,511.0,507.0,500.0,995.0,991.0,998.0,511.0,507.0,497.0,499.0,500.0,499.0
1.0,2979.0,1546.0,1499.0,1515.0,1549.0,523.0,501.0,525.0,499.0,500.0,500.0,523.0,501.0,522.0,986.0,993.0,1000.0,523.0,501.0,525.0,499.0,500.0,500.0
1.0,2948.0,1533.0,1501.0,1549.0,1539.0,513.0,517.0,509.0,500.0,501.0,500.0,510.0,514.0,509.0,974.0,999.0,975.0,513.0,517.0,509.0,500.0,501.0,500.0
1.0,2964.0,1497.0,1500.0,1539.0,1494.0,486.0,503.0,505.0,499.0,501.0,500.0,489.0,503.0,505.0,987.0,986.0,991.0,486.0,503.0,505.0,499.0,501.0,500.0
1.0,3006.0,1544.0,1502.0,1494.0,1550.0,506.0,514.0,530.0,499.0,502.0,501.0,506.0,511.0,527.0,1011.0,1000.0,995.0,506.0,514.0,530.0,499.0,502.0,501.0
1.0,2956.0,1479.0,1502.0,1550.0,1479.0,486.0,494.0,499.0,499.0,502.0,501.0,486.0,494.0,499.0,991.0,992.0,973.0,486.0,494.0,499.0,499.0,502.0,501.0
1.0,3027.0,1543.0,1503.0,1479.0,1546.0,502.0,518.0,526.0,499.0,502.0,502.0,502.0,518.0,523.0,1011.0,1012.0,1004.0,502.0,518.0,526.0,499.0,502.0,502.0
1.0,2963.0,1526.0,1504.0,1546.0,1529.0,509.0,516.0,504.0,500.0,502.0,502.0,506.0,516.0,504.0,995.0,988.0,980.0,509.0,516.0,504.0,500.0,502.0,502.0
1.0,2983.0,1479.0,1505.0,1529.0,1482.0,498.0,494.0,490.0,500.0,503.0,502.0,498.0,491.0,490.0,991.0,990.0,1002.0,498.0,494.0,490.0,500.0,503.0,502.0
1.0,3033.0,1537.0,1506.0,1482.0,1540.0,504.0,513.0,523.0,500.0,503.0,503.0,504.0,513.0,520.0,1002.0,1015.0,1016.0,504.0,513.0,523.0,500.0,503.0,503.0
1.0,2978.0,1560.0,1507.0,1540.0,1563.0,523.0,519.0,521.0,501.0,503.0,503.0,520.0,519.0,521.0,996.0,996.0,986.0,523.0,519.0,521.0,501.0,503.0,503.0
1.0,2958.0,1579.0,1508.0,1563.0,1582.0,533.0,526.0,523.0,501.0,503.0,504.0,533.0,526.0,520.0,980.0,990.0,988.0,533.0,526.0,523.0,501.0,503.0,504.0
1.0,2942.0,1549.0,1510.0,1582.0,1555.0,528.0,523.0,504.0,502.0,504.0,504.0,525.0,520.0,504.0,970.0,983.0,989.0,528.0,523.0,504.0,502.0,504.0,504.0
1.0,2975.0,1562.0,1510.0,1555.0,1562.0,524.0,525.0,513.0,502.0,504.0,504.0,524.0,525.0,513.0,978.0,989.0,1008.0,524.0,525.0,513.0,502.0,504.0,504.0
1.0,2968.0,1519.0,1509.0,1562.0,1516.0,516.0,489.0,511.0,502.0,503.0,504.0,516.0,492.0,511.0,982.0,987.0,999.0,516.0,489.0,511.0,502.0,503.0,504.0
1.0,3011.0,1546.0,1510.0,1516.0,1549.0,514.0,514.0,521.0,502.0,504.0,504.0,514.0,511.0,521.0,990.0,1020.0,1001.0,514.0,514.0,521.0,502.0,504.0,504.0
1.0,2981.0,1511.0,1510.0,1549.0,1511.0,501.0,507.0,503.0,502.0,504.0,504.0,501.0,507.0,503.0,992.0,998.0,991.0,501.0,507.0,503.0,502.0,504.0,504.0
1.0,3019.0,1492.0,1510.0,1511.0,1492.0,494.0,496.0,502.0,502.0,504.0,504.0,494.0,496.0,502.0,1005.0,1005.0,1009.0,494.0,496.0,502.0,502.0,504.0,504.0
1.0,3038.0,1496.0,1510.0,1492.0,1496.0,485.0,503.0,508.0,502.0,504.0,504.0,485.0,503.0,508.0,1012.0,1016.0,1010.0,485.0,503.0,508.0,502.0,504.0,504.0
1.0,3034.0,1500.0,1511.0,1496.0,1503.0,493.0,511.0,499.0,502.0,505.0,504.0,493.0,508.0,499.0,1021.0,1009.0,1004.0,493.0,511.0,499.0,502.0,505.0,504.0
1.0,3030.0,1514.0,1511.0,1503.0,1514.0,499.0,507.0,508.0,502.0,505.0,504.0,499.0,507.0,508.0,1013.0,1004.0,1013.0,499.0,507.0,508.0,502.0,505.0,504.0
1.0,3019.0,1492.0,1513.0,1514.0,1498.0,489.0,508.0,501.0,502.0,506.0,505.0,489.0,505.0,498.0,1007.0,1008.0,1004.0,489.0,508.0,501.0,502.0,506.0,505.0
1.0,3041.0,1556.0,1513.0,1498.0,1556.0,516.0,512.0,528.0,502.0,506.0,505.0,516.0,512.0,528.0,1017.0,1010.0,1014.0,516.0,512.0,528.0,502.0,506.0,505.0
1.0,2983.0,1576.0,1516.0,1556.0,1585.0,526.0,529.0,530.0,503.0,507.0,506.0,523.0,526.0,527.0,990.0,1006.0,987.0,526.0,529.0,530.0,503.0,507.0,506.0
1.0,2963.0,1580.0,1516.0,1585.0,1580.0,531.0,520.0,529.0,503.0,507.0,506.0,531.0,520.0,529.0,983.0,992.0,988.0,531.0,520.0,529.0,503.0,507.0,506.0
1.0,2968.0,1578.0,1518.0,1580.0,1584.0,526.0,531.0,527.0,504.0,507.0,507.0,523.0,531.0,524.0,978.0,1001.0,989.0,526.0,531.0,527.0,504.0,507.0,507.0
1.0,2970.0,1571.0,1519.0,1584.0,1574.0,534.0,517.0,523.0,505.0,507.0,507.0,531.0,517.0,523.0,986.0,990.0,994.0,534.0,517.0,523.0,505.0,507.0,507.0
1.0,2983.0,1580.0,1522.0,1574.0,1589.0,533.0,529.0,527.0,506.0,508.0,508.0,530.0,526.0,524.0,981.0,1004.0,998.0,533.0,529.0,527.0,506.0,508.0,508.0
1.0,2977.0,1528.0,1522.0,1589.0,1528.0,512.0,506.0,510.0,506.0,508.0,508.0,512.0,506.0,510.0,985.0,995.0,997.0,512.0,506.0,510.0,506.0,508.0,508.0
1.0,3038.0,1530.0,1522.0,1528.0,1530.0,497.0,526.0,507.0,506.0,508.0,508.0,497.0,526.0,507.0,1006.0,1018.0,1014.0,497.0,526.0,507.0,506.0,508.0,508.0
1.0,3036.0,1481.0,1522.0,1530.0,1481.0,489.0,495.0,497.0,506.0,508.0,508.0,489.0,495.0,497.0,1021.0,998.0,1017.0,489.0,495.0,497.0,506.0,508.0,508.0
1.0,3085.0,1502.0,1522.0,1481.0,1502.0,511.0,487.0,504.0,506.0,508.0,508.0,511.0,487.0,504.0,1029.0,1029.0,1027.0,511.0,487.0,504.0,506.0,508.0,508.0
1.0,3064.0,1520.0,1522.0,1502.0,1520.0,502.0,504.0,514.0,506.0,508.0,508.0,502.0,504.0,514.0,1007.0,1037.0,1020.0,502.0,504.0,514.0,506.0,508.0,508.0
1.0,3046.0,1491.0,1522.0,1520.0,1491.0,501.0,496.0,494.0,506.0,508.0,508.0,501.0,496.0,494.0,1016.0,1020.0,1010.0,501.0,496.0,494.0,506.0,508.0,508.0
1.0,3075.0,1507.0,1522.0,1491.0,1507.0,505.0,502.0,500.0,506.0,508.0,508.0,505.0,502.0,500.0,1017.0,1028.0,1030.0,505.0,502.0,500.0,506.0,508.0,508.0
1.0,3059.0,1505.0,1524.0,1507.0,1511.0,498.0,504.0,509.0,506.0,509.0,509.0,498.0,501.0,506.0,1013.0,1022.0,1024.0,498.0,504.0,509.0,506.0,509.0,509.0
1.0,3061.0,1558.0,1525.0,1511.0,1561.0,535.0,519.0,507.0,507.0,509.0,509.0,532.0,519.0,507.0,1020.0,1023.0,1018.0,535.0,519.0,507.0,507.0,509.0,509.0
1.0,3014.0,1523.0,1525.0,1561.0,1523.0,513.0,509.0,501.0,507.0,509.0,509.0,513.0,509.0,501.0,986.0,1008.0,1020.0,513.0,509.0,501.0,507.0,509.0,509.0
1.0,3052.0,1576.0,1526.0,1523.0,1579.0,527.0,521.0,531.0,507.0,510.0,509.0,527.0,518.0,531.0,1008.0,1018.0,1026.0,527.0,521.0,531.0,507.0,510.0,509.0
1.0,2999.0,1587.0,1527.0,1579.0,1590.0,537.0,528.0,525.0,508.0,510.0,509.0,534.0,528.0,525.0,994.0,1009.0,996.0,537.0,528.0,525.0,508.0,510.0,509.0
1.0,2991.0,1579.0,1528.0,1590.0,1582.0,519.0,544.0,519.0,508.0,511.0,509.0,519.0,541.0,519.0,987.0,1002.0,1002.0,519.0,544.0,519.0,508.0,511.0,509.0
1.0,3002.0,1550.0,1529.0,1582.0,1553.0,518.0,520.0,515.0,509.0,511.0,509.0,515.0,520.0,515.0,1005.0,989.0,1008.0,518.0,520.0,515.0,509.0,511.0,509.0
1.0,3034.0,1595.0,1530.0,1553.0,1598.0,534.0,533.0,531.0,509.0,511.0,510.0,534.0,533.0,528.0,1009.0,1013.0,1012.0,534.0,533.0,531.0,509.0,511.0,510.0
1.0,2992.0,1548.0,1530.0,1598.0,1548.0,510.0,518.0,520.0,509.0,511.0,510.0,510.0,518.0,520.0,993.0,1000.0,999.0,510.0,518.0,520.0,509.0,511.0,510.0
1.0,3042.0,1525.0,1531.0,1548.0,1528.0,513.0,513.0,502.0,510.0,511.0,510.0,510.0,513.0,502.0,1017.0,1015.0,1010.0,513.0,513.0,502.0,510.0,511.0,510.0
1.0,3065.0,1536.0,1532.0,1528.0,1539.0,505.0,507.0,527.0,510.0,511.0,511.0,505.0,507.0,524.0,1017.0,1020.0,1028.0,505.0,507.0,527.0,510.0,511.0,511.0
1.0,3057.0,1537.0,1532.0,1539.0,1537.0,498.0,512.0,527.0,510.0,511.0,511.0,498.0,512.0,527.0,1025.0,1026.0,1006.0,498.0,512.0,527.0,510.0,511.0,511.0
1.0,3059.0,1499.0,1532.0,1537.0,1499.0,507.0,485.0,507.0,510.0,511.0,511.0,507.0,485.0,507.0,1032.0,1021.0,1006.0,507.0,485.0,507.0,510.0,511.0,511.0
1.0,3097.0,1518.0,1532.0,1499.0,1518.0,503.0,506.0,509.0,510.0,511.0,511.0,503.0,506.0,509.0,1023.0,1048.0,1026.0,503.0,506.0,509.0,510.0,511.0,511.0
1.0,3078.0,1558.0,1533.0,1518.0,1561.0,520.0,510.0,531.0,510.0,511.0,512.0,520.0,510.0,528.0,1027.0,1027.0,1024.0,520.0,510.0,531.0,510.0,511.0,512.0
1.0,3038.0,1564.0,1535.0,1561.0,1570.0,524.0,524.0,522.0,511.0,511.0,513.0,521.0,524.0,519.0,1010.0,1023.0,1005.0,524.0,524.0,522.0,511.0,511.0,513.0
1.0,3035.0,1569.0,1535.0,1570.0,1569.0,527.0,517.0,525.0,511.0,511.0,513.0,527.0,517.0,525.0,1009.0,1009.0,1017.0,527.0,517.0,525.0,511.0,511.0,513.0
1.0,3036.0,1540.0,1536.0,1569.0,1543.0,515.0,519.0,509.0,511.0,512.0,513.0,515.0,516.0,509.0,1006.0,1016.0,1014.0,515.0,519.0,509.0,511.0,512.0,513.0
1.0,3065.0,1614.0,1537.0,1543.0,1617.0,543.0,536.0,538.0,511.0,512.0,514.0,543.0,536.0,535.0,1018.0,1017.0,1030.0,543.0,536.0,538.0,511.0,512.0,514.0
1.0,2994.0,1551.0,1538.0,1617.0,1554.0,521.0,515.0,518.0,512.0,512.0,514.0,518.0,515.0,518.0,990.0,1000.0,1004.0,521.0,515.0,518.0,512.0,512.0,514.0
1.0,3060.0,1555.0,1539.0,1554.0,1558.0,525.0,521.0,512.0,512.0,513.0,514.0,525.0,518.0,512.0,1015.0,1021.0,1024.0,525.0,521.0,512.0,512.0,513.0,514.0
1.0,3059.0,1508.0,1538.0,1558.0,1505.0,492.0,513.0,500.0,512.0,513.0,513.0,492.0,513.0,503.0,1011.0,1018.0,1030.0,492.0,513.0,500.0,512.0,513.0,513.0
1.0,3109.0,1574.0,1540.0,1505.0,1580.0,534.0,524.0,522.0,513.0,513.0,514.0,531.0,524.0,519.0,1044.0,1026.0,1039.0,534.0,524.0,522.0,513.0,513.0,514.0
1.0,3040.0,1495.0,1539.0,1580.0,1492.0,489.0,517.0,486.0,513.0,513.0,513.0,489.0,517.0,489.0,1005.0,1015.0,1020.0,489.0,517.0,486.0,513.0,513.0,513.0
1.0,3125.0,1525.0,1539.0,1492.0,1525.0,511.0,511.0,503.0,513.0,513.0,513.0,511.0,511.0,503.0,1050.0,1022.0,1053.0,511.0,511.0,503.0,513.0,513.0,513.0
1.0,3092.0,1526.0,1541.0,1525.0,1532.0,499.0,516.0,517.0,513.0,514.0,514.0,499.0,513.0,514.0,1028.0,1028.0,1036.0,499.0,516.0,517.0,513.0,514.0,514.0
1.0,3091.0,1557.0,1541.0,1532.0,1557.0,518.0,513.0,526.0,513.0,514.0,514.0,518.0,513.0,526.0,1040.0,1026.0,1025.0,518.0,513.0,526.0,513.0,514.0,514.0
1.0,3066.0,1592.0,1541.0,1557.0,1592.0,537.0,532.0,523.0,513.0,514.0,514.0,537.0,532.0,523.0,1021.0,1029.0,1016.0,537.0,532.0,523.0,513.0,514.0,514.0
1.0,3031.0,1521.0,1540.0,1592.0,1518.0,507.0,512.0,499.0,513.0,514.0,513.0,507.0,512.0,502.0,1002.0,1010.0,1019.0,507.0,512.0,499.0,513.0,514.0,513.0
1.0,3102.0,1590.0,1541.0,1518.0,1593.0,540.0,523.0,530.0,513.0,514.0,514.0,540.0,523.0,527.0,1032.0,1030.0,1040.0,540.0,523.0,530.0,513.0,514.0,514.0
1.0,3030.0,1618.0,1542.0,1593.0,1621.0,549.0,525.0,547.0,514.0,514.0,514.0,546.0,525.0,547.0,999.0,1019.0,1012.0,549.0,525.0,547.0,514.0,514.0,514.0
1.0,3005.0,1589.0,1543.0,1621.0,1592.0,536.0,521.0,535.0,514.0,514.0,515.0,536.0,521.0,532.0,993.0,1017.0,995.0,536.0,521.0,535.0,514.0,514.0,515.0
1.0,3037.0,1537.0,1543.0,1592.0,1537.0,525.0,498.0,514.0,514.0,514.0,515.0,525.0,498.0,514.0,1006.0,1021.0,1010.0,525.0,498.0,514.0,514.0,514.0,515.0
1.0,3092.0,1550.0,1543.0,1537.0,1550.0,506.0,527.0,517.0,514.0,514.0,515.0,506.0,527.0,517.0,1017.0,1044.0,1031.0,506.0,527.0,517.0,514.0,514.0,515.0
1.0,3079.0,1597.0,1546.0,1550.0,1606.0,533.0,534.0,539.0,515.0,515.0,516.0,530.0,531.0,536.0,1036.0,1015.0,1028.0,533.0,534.0,539.0,515.0,515.0,516.0
1.0,3032.0,1557.0,1547.0,1606.0,1560.0,523.0,523.0,514.0,516.0,515.0,516.0,520.0,523.0,514.0,1012.0,1011.0,1009.0,523.0,523.0,514.0,516.0,515.0,516.0
1.0,3081.0,1520.0,1547.0,1560.0,1520.0,500.0,509.0,511.0,516.0,515.0,516.0,500.0,509.0,511.0,1025.0,1022.0,1034.0,500.0,509.0,511.0,516.0,515.0,516.0
1.0,3121.0,1546.0,1548.0,1520.0,1549.0,517.0,530.0,502.0,516.0,516.0,516.0,517.0,527.0,502.0,1048.0,1036.0,1037.0,517.0,530.0,502.0,516.0,516.0,516.0
1.0,3095.0,1568.0,1549.0,1549.0,1571.0,522.0,529.0,520.0,517.0,516.0,516.0,519.0,529.0,520.0,1031.0,1018.0,1046.0,522.0,529.0,520.0,517.0,516.0,516.0
1.0,3076.0,1515.0,1548.0,1571.0,1512.0,491.0,515.0,506.0,516.0,516.0,516.0,494.0,515.0,506.0,1029.0,1019.0,1028.0,491.0,515.0,506.0,516.0,516.0,516.0
1.0,3132.0,1573.0,1549.0,1512.0,1576.0,522.0,543.0,511.0,516.0,517.0,516.0,522.0,540.0,511.0,1057.0,1033.0,1042.0,522.0,543.0,511.0,516.0,517.0,516.0
1.0,3071.0,1574.0,1548.0,1576.0,1571.0,521.0,535.0,515.0,516.0,517.0,515.0,521.0,535.0,518.0,1026.0,1008.0,1037.0,521.0,535.0,515.0,516.0,517.0,515.0
1.0,3073.0,1601.0,1548.0,1571.0,1601.0,532.0,544.0,525.0,516.0,517.0,515.0,532.0,544.0,525.0,1027.0,1016.0,1030.0,532.0,544.0,525.0,516.0,517.0,515.0
1.0,3043.0,1642.0,1550.0,1601.0,1648.0,534.0,561.0,553.0,516.0,518.0,516.0,534.0,558.0,550.0,1016.0,1007.0,1020.0,534.0,561.0,553.0,516.0,518.0,516.0
1.0,3002.0,1563.0,1550.0,1648.0,1563.0,533.0,513.0,517.0,516.0,518.0,516.0,533.0,513.0,517.0,1014.0,993.0,995.0,533.0,513.0,517.0,516.0,518.0,516.0
1.0,3087.0,1604.0,1551.0,1563.0,1607.0,539.0,546.0,522.0,517.0,518.0,516.0,536.0,546.0,522.0,1015.0,1041.0,1031.0,539.0,546.0,522.0,517.0,518.0,516.0
1.0,3046.0,1541.0,1551.0,1607.0,1541.0,508.0,512.0,521.0,517.0,518.0,516.0,508.0,512.0,521.0,1012.0,1008.0,1026.0,508.0,512.0,521.0,517.0,518.0,516.0
1.0,3112.0,1580.0,1554.0,1541.0,1589.0,533.0,523.0,533.0,518.0,519.0,517.0,530.0,520.0,530.0,1043.0,1042.0,1027.0,533.0,523.0,533.0,518.0,519.0,517.0
1.0,3073.0,1575.0,1554.0,1589.0,1575.0,533.0,518.0,524.0,518.0,519.0,517.0,533.0,518.0,524.0,1021.0,1034.0,1018.0,533.0,518.0,524.0,518.0,519.0,517.0
1.0,3087.0,1592.0,1556.0,1575.0,1598.0,540.0,514.0,544.0,519.0,519.0,518.0,537.0,514.0,541.0,1021.0,1039.0,1027.0,540.0,514.0,544.0,519.0,519.0,518.0
1.0,3070.0,1514.0,1556.0,1598.0,1514.0,510.0,489.0,515.0,519.0,519.0,518.0,510.0,489.0,515.0,1017.0,1043.0,1010.0,510.0,489.0,515.0,519.0,519.0,518.0
1.0,3154.0,1562.0,1558.0,1514.0,1568.0,525.0,521.0,522.0,519.0,520.0,519.0,525.0,518.0,519.0,1047.0,1068.0,1039.0,525.0,521.0,522.0,519.0,520.0,519.0
1.0,3106.0,1514.0,1558.0,1568.0,1514.0,510.0,491.0,513.0,520.0,519.0,519.0,507.0,494.0,513.0,1032.0,1039.0,1035.0,510.0,491.0,513.0,520.0,519.0,519.0
1.0,3160.0,1577.0,1559.0,1514.0,1580.0,530.0,529.0,521.0,520.0,520.0,519.0,530.0,526.0,521.0,1050.0,1066.0,1044.0,530.0,529.0,521.0,520.0,520.0,519.0
1.0,3097.0,1578.0,1559.0,1580.0,1578.0,511.0,543.0,524.0,520.0,520.0,519.0,511.0,543.0,524.0,1030.0,1031.0,1036.0,511.0,543.0,524.0,520.0,520.0,519.0
1.0,3099.0,1629.0,1561.0,1578.0,1635.0,537.0,549.0,549.0,520.0,521.0,520.0,537.0,546.0,546.0,1049.0,1017.0,1033.0,537.0,549.0,549.0,520.0,521.0,520.0
1.0,3048.0,1580.0,1561.0,1635.0,1580.0,528.0,528.0,524.0,520.0,521.0,520.0,528.0,528.0,524.0,1023.0,1014.0,1011.0,528.0,528.0,524.0,520.0,521.0,520.0
1.0,3103.0,1582.0,1561.0,1580.0,1582.0,529.0,532.0,521.0,520.0,521.0,520.0,529.0,532.0,521.0,1032.0,1035.0,1036.0,529.0,532.0,521.0,520.0,521.0,520.0
1.0,3101.0,1621.0,1561.0,1582.0,1621.0,547.0,545.0,529.0,520.0,521.0,520.0,547.0,545.0,529.0,1031.0,1031.0,1039.0,547.0,545.0,529.0,520.0,521.0,520.0
1.0,3062.0,1601.0,1562.0,1621.0,1604.0,547.0,542.0,515.0,521.0,521.0,520.0,544.0,542.0,515.0,1013.0,1018.0,1031.0,547.0,542.0,515.0,521.0,521.0,520.0
1.0,3082.0,1555.0,1562.0,1604.0,1555.0,506.0,527.0,522.0,521.0,521.0,520.0,506.0,527.0,522.0,1016.0,1021.0,1045.0,506.0,527.0,522.0,521.0,521.0,520.0
1.0,3131.0,1603.0,1563.0,1555.0,1606.0,533.0,536.0,537.0,521.0,522.0,520.0,533.0,533.0,537.0,1057.0,1036.0,1038.0,533.0,536.0,537.0,521.0,522.0,520.0
1.0,3083.0,1573.0,1563.0,1606.0,1573.0,525.0,527.0,521.0,521.0,522.0,520.0,525.0,527.0,521.0,1030.0,1030.0,1023.0,525.0,527.0,521.0,521.0,522.0,520.0
1.0,3116.0,1577.0,1564.0,1573.0,1580.0,529.0,520.0,531.0,522.0,522.0,520.0,526.0,520.0,531.0,1038.0,1039.0,1039.0,529.0,520.0,531.0,522.0,522.0,520.0
1.0,3112.0,1530.0,1566.0,1580.0,1536.0,507.0,511.0,518.0,522.0,523.0,521.0,507.0,508.0,515.0,1037.0,1046.0,1029.0,507.0,511.0,518.0,522.0,523.0,521.0
1.0,3162.0,1558.0,1566.0,1536.0,1558.0,522.0,514.0,522.0,522.0,523.0,521.0,522.0,514.0,522.0,1059.0,1058.0,1045.0,522.0,514.0,522.0,522.0,523.0,521.0
1.0,3140.0,1583.0,1566.0,1558.0,1583.0,519.0,528.0,536.0,522.0,523.0,521.0,519.0,528.0,536.0,1044.0,1055.0,1041.0,519.0,528.0,536.0,522.0,523.0,521.0
1.0,3115.0,1551.0,1566.0,1583.0,1551.0,517.0,515.0,519.0,522.0,523.0,521.0,517.0,515.0,519.0,1047.0,1041.0,1027.0,517.0,515.0,519.0,522.0,523.0,521.0
1.0,3147.0,1556.0,1566.0,1551.0,1556.0,509.0,525.0,522.0,522.0,523.0,521.0,509.0,525.0,522.0,1049.0,1054.0,1044.0,509.0,525.0,522.0,522.0,523.0,521.0
1.0,3142.0,1611.0,1568.0,1556.0,1617.0,527.0,542.0,548.0,522.0,524.0,522.0,527.0,539.0,545.0,1057.0,1044.0,1041.0,527.0,542.0,548.0,522.0,524.0,522.0
1.0,3087.0,1585.0,1568.0,1617.0,1585.0,526.0,528.0,531.0,522.0,524.0,522.0,526.0,528.0,531.0,1039.0,1030.0,1018.0,526.0,528.0,531.0,522.0,524.0,522.0
1.0,3119.0,1598.0,1568.0,1585.0,1598.0,523.0,537.0,538.0,522.0,524.0,522.0,523.0,537.0,538.0,1040.0,1044.0,1035.0,523.0,537.0,538.0,522.0,524.0,522.0
1.0,3106.0,1586.0,1568.0,1598.0,1586.0,516.0,530.0,540.0,522.0,524.0,522.0,516.0,530.0,540.0,1043.0,1035.0,1028.0,516.0,530.0,540.0,522.0,524.0,522.0
1.0,3118.0,1586.0,1569.0,1586.0,1589.0,532.0,525.0,532.0,522.0,524.0,523.0,532.0,525.0,529.0,1050.0,1042.0,1026.0,532.0,525.0,532.0,522.0,524.0,523.0
1.0,3118.0,1561.0,1569.0,1589.0,1561.0,518.0,529.0,514.0,522.0,524.0,523.0,518.0,529.0,514.0,1034.0,1047.0,1037.0,518.0,529.0,514.0,522.0,524.0,523.0
1.0,3146.0,1579.0,1571.0,1561.0,1585.0,547.0,535.0,503.0,523.0,525.0,523.0,544.0,532.0,503.0,1048.0,1043.0,1055.0,547.0,535.0,503.0,523.0,525.0,523.0
1.0,3128.0,1571.0,1572.0,1585.0,1574.0,533.0,523.0,518.0,524.0,525.0,523.0,530.0,523.0,518.0,1022.0,1040.0,1066.0,533.0,523.0,518.0,524.0,525.0,523.0
1.0,3142.0,1557.0,1572.0,1574.0,1557.0,528.0,518.0,511.0,524.0,525.0,523.0,528.0,518.0,511.0,1039.0,1052.0,1051.0,528.0,518.0,511.0,524.0,525.0,523.0
1.0,3159.0,1600.0,1574.0,1557.0,1606.0,542.0,528.0,536.0,525.0,525.0,524.0,539.0,528.0,533.0,1044.0,1057.0,1058.0,542.0,528.0,536.0,525.0,525.0,524.0
1.0,3116.0,1538.0,1572.0,1606.0,1532.0,517.0,506.0,509.0,524.0,525.0,523.0,520.0,506.0,512.0,1033.0,1047.0,1036.0,517.0,506.0,509.0,524.0,525.0,523.0
1.0,3184.0,1570.0,1574.0,1532.0,1576.0,529.0,528.0,519.0,525.0,525.0,524.0,526.0,528.0,516.0,1055.0,1069.0,1060.0,529.0,528.0,519.0,525.0,525.0,524.0
1.0,3146.0,1620.0,1574.0,1576.0,1620.0,546.0,535.0,539.0,525.0,525.0,524.0,546.0,535.0,539.0,1046.0,1047.0,1053.0,546.0,535.0,539.0,525.0,525.0,524.0
1.0,3102.0,1578.0,1574.0,1620.0,1578.0,514.0,532.0,532.0,524.0,526.0,524.0,517.0,529.0,532.0,1029.0,1040.0,1033.0,514.0,532.0,532.0,524.0,526.0,524.0
1.0,3144.0,1604.0,1574.0,1578.0,1604.0,526.0,538.0,540.0,524.0,526.0,524.0,526.0,538.0,540.0,1058.0,1046.0,1040.0,526.0,538.0,540.0,524.0,526.0,524.0
1.0,3118.0,1589.0,1575.0,1604.0,1592.0,529.0,537.0,526.0,524.0,527.0,524.0,529.0,534.0,526.0,1046.0,1040.0,1032.0,529.0,537.0,526.0,524.0,527.0,524.0
1.0,3133.0,1614.0,1577.0,1592.0,1620.0,537.0,532.0,551.0,525.0,527.0,525.0,534.0,532.0,548.0,1043.0,1044.0,1046.0,537.0,532.0,551.0,525.0,527.0,525.0
1.0,3111.0,1637.0,1577.0,1620.0,1637.0,547.0,547.0,543.0,525.0,527.0,525.0,547.0,547.0,543.0,1038.0,1049.0,1024.0,547.0,547.0,543.0,525.0,527.0,525.0
1.0,3094.0,1584.0,1577.0,1637.0,1584.0,528.0,527.0,529.0,525.0,527.0,525.0,528.0,527.0,529.0,1028.0,1034.0,1032.0,528.0,527.0,529.0,525.0,527.0,525.0
1.0,3147.0,1615.0,1580.0,1584.0,1624.0,540.0,538.0,546.0,526.0,528.0,526.0,537.0,535.0,543.0,1047.0,1054.0,1046.0,540.0,538.0,546.0,526.0,528.0,526.0
1.0,3116.0,1602.0,1580.0,1624.0,1602.0,527.0,543.0,532.0,526.0,528.0,526.0,527.0,543.0,532.0,1038.0,1046.0,1032.0,527.0,543.0,532.0,526.0,528.0,526.0
1.0,3138.0,1594.0,1580.0,1602.0,1594.0,536.0,523.0,535.0,526.0,528.0,526.0,536.0,523.0,535.0,1051.0,1041.0,1046.0,536.0,523.0,535.0,526.0,528.0,526.0
1.0,3146.0,1617.0,1582.0,1594.0,1623.0,544.0,539.0,540.0,527.0,528.0,527.0,541.0,539.0,537.0,1042.0,1061.0,1043.0,544.0,539.0,540.0,527.0,528.0,527.0
1.0,3123.0,1577.0,1582.0,1623.0,1577.0,530.0,526.0,521.0,527.0,528.0,527.0,530.0,526.0,521.0,1037.0,1045.0,1041.0,530.0,526.0,521.0,527.0,528.0,527.0
1.0,3169.0,1598.0,1583.0,1577.0,1601.0,536.0,535.0,530.0,528.0,528.0,527.0,533.0,535.0,530.0,1051.0,1058.0,1060.0,536.0,535.0,530.0,528.0,528.0,527.0
1.0,3148.0,1639.0,1584.0,1601.0,1642.0,543.0,546.0,553.0,528.0,528.0,528.0,543.0,546.0,550.0,1048.0,1049.0,1051.0,543.0,546.0,553.0,528.0,528.0,528.0
1.0,3110.0,1613.0,1584.0,1642.0,1613.0,540.0,542.0,531.0,528.0,528.0,528.0,540.0,542.0,531.0,1041.0,1038.0,1031.0,540.0,542.0,531.0,528.0,528.0,528.0
1.0,3139.0,1626.0,1584.0,1613.0,1626.0,534.0,552.0,540.0,528.0,528.0,528.0,534.0,552.0,540.0,1044.0,1042.0,1053.0,534.0,552.0,540.0,528.0,528.0,528.0
1.0,3126.0,1551.0,1584.0,1626.0,1551.0,514.0,520.0,517.0,528.0,528.0,528.0,514.0,520.0,517.0,1050.0,1032.0,1044.0,514.0,520.0,517.0,528.0,528.0,528.0
1.0,3201.0,1575.0,1584.0,1551.0,1575.0,529.0,523.0,523.0,528.0,528.0,528.0,529.0,523.0,523.0,1070.0,1064.0,1067.0,529.0,523.0,523.0,528.0,528.0,528.0
1.0,3177.0,1545.0,1584.0,1575.0,1545.0,513.0,510.0,522.0,528.0,528.0,528.0,513.0,510.0,522.0,1055.0,1061.0,1061.0,513.0,510.0,522.0,528.0,528.0,528.0
1.0,3207.0,1546.0,1583.0,1545.0,1543.0,514.0,519.0,510.0,527.0,528.0,528.0,517.0,519.0,510.0,1071.0,1074.0,1062.0,514.0,519.0,510.0,527.0,528.0,528.0
1.0,3206.0,1590.0,1582.0,1543.0,1587.0,535.0,525.0,527.0,527.0,528.0,527.0,535.0,525.0,530.0,1067.0,1065.0,1074.0,535.0,525.0,527.0,527.0,528.0,527.0
1.0,3159.0,1576.0,1584.0,1587.0,1582.0,534.0,529.0,519.0,528.0,529.0,527.0,531.0,526.0,519.0,1046.0,1059.0,1054.0,534.0,529.0,519.0,528.0,529.0,527.0
1.0,3170.0,1608.0,1585.0,1582.0,1611.0,532.0,544.0,535.0,528.0,529.0,528.0,532.0,544.0,532.0,1050.0,1058.0,1062.0,532.0,544.0,535.0,528.0,529.0,528.0
1.0,3144.0,1609.0,1587.0,1611.0,1615.0,551.0,533.0,531.0,529.0,530.0,528.0,548.0,530.0,531.0,1052.0,1043.0,1049.0,551.0,533.0,531.0,529.0,530.0,528.0
1.0,3146.0,1605.0,1587.0,1615.0,1605.0,527.0,539.0,539.0,529.0,530.0,528.0,527.0,539.0,539.0,1036.0,1057.0,1053.0,527.0,539.0,539.0,529.0,530.0,528.0
1.0,3156.0,1649.0,1588.0,1605.0,1652.0,543.0,534.0,575.0,529.0,530.0,529.0,543.0,534.0,572.0,1060.0,1051.0,1045.0,543.0,534.0,575.0,529.0,530.0,529.0
1.0,3112.0,1671.0,1588.0,1652.0,1671.0,555.0,558.0,558.0,529.0,530.0,529.0,555.0,558.0,558.0,1044.0,1056.0,1012.0,555.0,558.0,558.0,529.0,530.0,529.0
1.0,3093.0,1661.0,1591.0,1671.0,1670.0,557.0,556.0,557.0,530.0,531.0,530.0,554.0,553.0,554.0,1032.0,1032.0,1029.0,557.0,556.0,557.0,530.0,531.0,530.0
1.0,3103.0,1620.0,1591.0,1670.0,1620.0,527.0,550.0,543.0,530.0,531.0,530.0,527.0,550.0,543.0,1033.0,1037.0,1033.0,527.0,550.0,543.0,530.0,531.0,530.0
1.0,3153.0,1622.0,1592.0,1620.0,1625.0,536.0,547.0,542.0,530.0,531.0,531.0,536.0,547.0,539.0,1063.0,1043.0,1047.0,536.0,547.0,542.0,530.0,531.0,531.0
1.0,3151.0,1646.0,1592.0,1625.0,1646.0,540.0,551.0,555.0,530.0,531.0,531.0,540.0,551.0,555.0,1054.0,1046.0,1051.0,540.0,551.0,555.0,530.0,531.0,531.0
1.0,3130.0,1576.0,1593.0,1646.0,1579.0,529.0,517.0,533.0,530.0,531.0,532.0,529.0,517.0,530.0,1050.0,1042.0,1038.0,529.0,517.0,533.0,530.0,531.0,532.0
1.0,3200.0,1554.0,1592.0,1579.0,1551.0,513.0,517.0,521.0,530.0,531.0,531.0,513.0,517.0,524.0,1061.0,1076.0,1063.0,513.0,517.0,521.0,530.0,531.0,531.0
1.0,3225.0,1533.0,1591.0,1551.0,1530.0,514.0,504.0,512.0,530.0,530.0,531.0,514.0,507.0,512.0,1077.0,1076.0,1072.0,514.0,504.0,512.0,530.0,530.0,531.0
1.0,3243.0,1594.0,1592.0,1530.0,1597.0,542.0,535.0,520.0,530.0,531.0,531.0,542.0,532.0,520.0,1076.0,1086.0,1081.0,542.0,535.0,520.0,530.0,531.0,531.0
1.0,3179.0,1577.0,1592.0,1597.0,1577.0,535.0,522.0,520.0,530.0,531.0,531.0,535.0,522.0,520.0,1048.0,1058.0,1073.0,535.0,522.0,520.0,530.0,531.0,531.0
1.0,3199.0,1615.0,1593.0,1577.0,1618.0,553.0,532.0,533.0,531.0,531.0,531.0,550.0,532.0,533.0,1055.0,1071.0,1073.0,553.0,532.0,533.0,531.0,531.0,531.0
1.0,3161.0,1570.0,1593.0,1618.0,1570.0,520.0,528.0,522.0,531.0,531.0,531.0,520.0,528.0,522.0,1040.0,1061.0,1060.0,520.0,528.0,522.0,531.0,531.0,531.0
1.0,3209.0,1632.0,1595.0,1570.0,1638.0,554.0,543.0,541.0,532.0,532.0,531.0,551.0,540.0,541.0,1073.0,1065.0,1071.0,554.0,543.0,541.0,532.0,532.0,531.0
1.0,3147.0,1620.0,1596.0,1638.0,1623.0,541.0,540.0,542.0,532.0,532.0,532.0,541.0,540.0,539.0,1042.0,1053.0,1052.0,541.0,540.0,542.0,532.0,532.0,532.0
1.0,3165.0,1611.0,1596.0,1623.0,1611.0,538.0,526.0,547.0,532.0,532.0,532.0,538.0,526.0,547.0,1055.0,1056.0,1054.0,538.0,526.0,547.0,532.0,532.0,532.0
1.0,3177.0,1658.0,1597.0,1611.0,1661.0,549.0,557.0,555.0,533.0,532.0,532.0,546.0,557.0,555.0,1058.0,1070.0,1049.0,549.0,557.0,555.0,533.0,532.0,532.0
1.0,3130.0,1632.0,1598.0,1661.0,1635.0,543.0,555.0,537.0,533.0,533.0,532.0,543.0,552.0,537.0,1050.0,1039.0,1041.0,543.0,555.0,537.0,533.0,533.0,532.0
1.0,3159.0,1606.0,1598.0,1635.0,1606.0,531.0,535.0,540.0,533.0,533.0,532.0,531.0,535.0,540.0,1056.0,1044.0,1059.0,531.0,535.0,540.0,533.0,533.0,532.0
1.0,3188.0,1662.0,1600.0,1606.0,1668.0,550.0,553.0,565.0,534.0,533.0,533.0,547.0,553.0,562.0,1068.0,1064.0,1056.0,550.0,553.0,565.0,534.0,533.0,533.0
1.0,3132.0,1617.0,1601.0,1668.0,1620.0,534.0,548.0,538.0,534.0,534.0,533.0,534.0,545.0,538.0,1052.0,1046.0,1034.0,534.0,548.0,538.0,534.0,534.0,533.0
1.0,3183.0,1575.0,1601.0,1620.0,1575.0,526.0,519.0,530.0,534.0,533.0,534.0,526.0,522.0,527.0,1068.0,1054.0,1061.0,526.0,519.0,530.0,534.0,533.0,534.0
1.0,3228.0,1622.0,1602.0,1575.0,1625.0,536.0,538.0,551.0,534.0,534.0,534.0,536.0,535.0,551.0,1076.0,1080.0,1072.0,536.0,538.0,551.0,534.0,534.0,534.0
1.0,3181.0,1580.0,1603.0,1625.0,1583.0,529.0,523.0,531.0,534.0,534.0,535.0,529.0,523.0,528.0,1066.0,1064.0,1051.0,529.0,523.0,531.0,534.0,534.0,535.0
1.0,3226.0,1625.0,1603.0,1583.0,1625.0,543.0,544.0,538.0,534.0,534.0,535.0,543.0,544.0,538.0,1073.0,1079.0,1074.0,543.0,544.0,538.0,534.0,534.0,535.0
1.0,3184.0,1612.0,1604.0,1625.0,1615.0,545.0,537.0,533.0,534.0,535.0,535.0,545.0,534.0,533.0,1059.0,1058.0,1067.0,545.0,537.0,533.0,534.0,535.0,535.0
1.0,3197.0,1601.0,1606.0,1615.0,1607.0,538.0,528.0,541.0,535.0,535.0,536.0,535.0,528.0,538.0,1057.0,1068.0,1072.0,538.0,528.0,541.0,535.0,535.0,536.0
1.0,3211.0,1645.0,1606.0,1607.0,1645.0,550.0,546.0,549.0,535.0,535.0,536.0,550.0,546.0,549.0,1067.0,1077.0,1067.0,550.0,546.0,549.0,535.0,535.0,536.0
1.0,3173.0,1595.0,1606.0,1645.0,1595.0,526.0,529.0,540.0,535.0,535.0,536.0,526.0,529.0,540.0,1055.0,1059.0,1059.0,526.0,529.0,540.0,535.0,535.0,536.0
1.0,3223.0,1624.0,1606.0,1595.0,1624.0,545.0,545.0,534.0,535.0,535.0,536.0,545.0,545.0,534.0,1079.0,1076.0,1068.0,545.0,545.0,534.0,535.0,535.0,536.0
1.0,3194.0,1647.0,1606.0,1624.0,1647.0,545.0,554.0,548.0,535.0,535.0,536.0,545.0,554.0,548.0,1060.0,1060.0,1074.0,545.0,554.0,548.0,535.0,535.0,536.0
1.0,3171.0,1609.0,1608.0,1647.0,1615.0,540.0,543.0,532.0,536.0,536.0,536.0,537.0,540.0,532.0,1060.0,1051.0,1060.0,540.0,543.0,532.0,536.0,536.0,536.0
1.0,3209.0,1652.0,1608.0,1615.0,1652.0,545.0,555.0,552.0,536.0,536.0,536.0,545.0,555.0,552.0,1068.0,1065.0,1076.0,545.0,555.0,552.0,536.0,536.0,536.0
1.0,3172.0,1622.0,1609.0,1652.0,1625.0,544.0,530.0,551.0,536.0,536.0,537.0,544.0,530.0,548.0,1063.0,1053.0,1056.0,544.0,530.0,551.0,536.0,536.0,537.0
1.0,3202.0,1584.0,1608.0,1625.0,1581.0,525.0,533.0,523.0,536.0,536.0,536.0,525.0,533.0,526.0,1064.0,1078.0,1060.0,525.0,533.0,523.0,536.0,536.0,536.0
1.0,3243.0,1624.0,1608.0,1581.0,1624.0,536.0,544.0,544.0,536.0,536.0,536.0,536.0,544.0,544.0,1083.0,1075.0,1085.0,536.0,544.0,544.0,536.0,536.0,536.0
1.0,3200.0,1620.0,1609.0,1624.0,1623.0,535.0,546.0,542.0,536.0,536.0,537.0,535.0,546.0,539.0,1072.0,1064.0,1064.0,535.0,546.0,542.0,536.0,536.0,537.0
1.0,3204.0,1597.0,1609.0,1623.0,1597.0,529.0,527.0,541.0,536.0,536.0,537.0,529.0,527.0,541.0,1073.0,1062.0,1069.0,529.0,527.0,541.0,536.0,536.0,537.0
1.0,3230.0,1670.0,1610.0,1597.0,1673.0,562.0,562.0,549.0,536.0,537.0,537.0,562.0,559.0,549.0,1079.0,1081.0,1070.0,562.0,562.0,549.0,536.0,537.0,537.0
1.0,3157.0,1632.0,1611.0,1673.0,1635.0,547.0,537.0,551.0,536.0,537.0,538.0,547.0,537.0,548.0,1046.0,1049.0,1062.0,547.0,537.0,551.0,536.0,537.0,538.0
1.0,3198.0,1624.0,1609.0,1635.0,1618.0,543.0,536.0,539.0,536.0,536.0,537.0,543.0,539.0,542.0,1061.0,1074.0,1063.0,543.0,536.0,539.0,536.0,536.0,537.0
1.0,3209.0,1675.0,1612.0,1618.0,1684.0,565.0,558.0,561.0,537.0,537.0,538.0,562.0,555.0,558.0,1065.0,1072.0,1072.0,565.0,558.0,561.0,537.0,537.0,538.0
1.0,3152.0,1668.0,1612.0,1684.0,1668.0,554.0,551.0,563.0,537.0,537.0,538.0,554.0,551.0,563.0,1046.0,1053.0,1053.0,554.0,551.0,563.0,537.0,537.0,538.0
1.0,3168.0,1657.0,1614.0,1668.0,1663.0,563.0,545.0,555.0,538.0,537.0,539.0,560.0,545.0,552.0,1057.0,1060.0,1051.0,563.0,545.0,555.0,538.0,537.0,539.0
1.0,3179.0,1645.0,1616.0,1663.0,1651.0,550.0,543.0,558.0,538.0,538.0,540.0,550.0,540.0,555.0,1051.0,1066.0,1062.0,550.0,543.0,558.0,538.0,538.0,540.0
1.0,3197.0,1613.0,1617.0,1651.0,1616.0,535.0,535.0,546.0,539.0,538.0,540.0,532.0,535.0,546.0,1064.0,1071.0,1062.0,535.0,535.0,546.0,539.0,538.0,540.0
1.0,3235.0,1613.0,1618.0,1616.0,1616.0,537.0,539.0,540.0,539.0,538.0,541.0,537.0,539.0,537.0,1082.0,1079.0,1074.0,537.0,539.0,540.0,539.0,538.0,541.0
1.0,3238.0,1601.0,1618.0,1616.0,1601.0,543.0,527.0,531.0,539.0,538.0,541.0,543.0,527.0,531.0,1080.0,1075.0,1083.0,543.0,527.0,531.0,539.0,538.0,541.0
1.0,3253.0,1599.0,1619.0,1601.0,1602.0,541.0,531.0,530.0,540.0,538.0,541.0,538.0,531.0,530.0,1074.0,1087.0,1092.0,541.0,531.0,530.0,540.0,538.0,541.0
1.0,3255.0,1626.0,1619.0,1602.0,1626.0,543.0,544.0,539.0,540.0,538.0,541.0,543.0,544.0,539.0,1079.0,1083.0,1093.0,543.0,544.0,539.0,540.0,538.0,541.0
1.0,3231.0,1604.0,1619.0,1626.0,1604.0,522.0,545.0,537.0,539.0,539.0,541.0,525.0,542.0,537.0,1077.0,1070.0,1084.0,522.0,545.0,537.0,539.0,539.0,541.0
1.0,3253.0,1628.0,1620.0,1604.0,1631.0,542.0,556.0,533.0,540.0,539.0,541.0,539.0,556.0,533.0,1095.0,1072.0,1086.0,542.0,556.0,533.0,540.0,539.0,541.0
1.0,3229.0,1644.0,1619.0,1631.0,1641.0,546.0,556.0,539.0,540.0,539.0,540.0,546.0,556.0,542.0,1078.0,1061.0,1090.0,546.0,556.0,539.0,540.0,539.0,540.0
1.0,3216.0,1638.0,1619.0,1641.0,1638.0,553.0,539.0,546.0,540.0,539.0,540.0,553.0,539.0,546.0,1074.0,1061.0,1081.0,553.0,539.0,546.0,540.0,539.0,540.0
1.0,3219.0,1667.0,1619.0,1638.0,1667.0,567.0,555.0,545.0,540.0,539.0,540.0,567.0,555.0,545.0,1067.0,1078.0,1074.0,567.0,555.0,545.0,540.0,539.0,540.0
1.0,3190.0,1664.0,1619.0,1667.0,1664.0,557.0,546.0,561.0,540.0,539.0,540.0,557.0,546.0,561.0,1053.0,1062.0,1075.0,557.0,546.0,561.0,540.0,539.0,540.0
1.0,3193.0,1661.0,1621.0,1664.0,1667.0,559.0,553.0,555.0,541.0,539.0,541.0,556.0,553.0,552.0,1063.0,1071.0,1059.0,559.0,553.0,555.0,541.0,539.0,541.0
1.0,3196.0,1633.0,1621.0,1667.0,1633.0,545.0,532.0,556.0,541.0,539.0,541.0,545.0,532.0,556.0,1064.0,1064.0,1068.0,545.0,532.0,556.0,541.0,539.0,541.0
1.0,3230.0,1650.0,1622.0,1633.0,1653.0,554.0,555.0,544.0,541.0,540.0,541.0,554.0,552.0,544.0,1078.0,1085.0,1067.0,554.0,555.0,544.0,541.0,540.0,541.0
1.0,3213.0,1625.0,1623.0,1653.0,1628.0,533.0,549.0,546.0,542.0,540.0,541.0,530.0,549.0,546.0,1069.0,1065.0,1079.0,533.0,549.0,546.0,542.0,540.0,541.0
1.0,3241.0,1600.0,1625.0,1628.0,1606.0,529.0,532.0,545.0,542.0,541.0,542.0,529.0,529.0,542.0,1093.0,1071.0,1077.0,529.0,532.0,545.0,542.0,541.0,542.0
1.0,3269.0,1615.0,1625.0,1606.0,1615.0,520.0,542.0,553.0,542.0,541.0,542.0,520.0,542.0,553.0,1097.0,1091.0,1081.0,520.0,542.0,553.0,542.0,541.0,542.0
1.0,3260.0,1632.0,1626.0,1615.0,1635.0,544.0,543.0,548.0,542.0,541.0,543.0,544.0,543.0,545.0,1106.0,1081.0,1073.0,544.0,543.0,548.0,542.0,541.0,543.0
1.0,3243.0,1600.0,1625.0,1635.0,1597.0,515.0,540.0,542.0,541.0,541.0,543.0,518.0,540.0,542.0,1082.0,1080.0,1081.0,515.0,540.0,542.0,541.0,541.0,543.0
1.0,3278.0,1653.0,1628.0,1597.0,1662.0,550.0,555.0,557.0,542.0,542.0,544.0,547.0,552.0,554.0,1108.0,1083.0,1087.0,550.0,555.0,557.0,542.0,542.0,544.0
1.0,3222.0,1650.0,1627.0,1662.0,1647.0,532.0,558.0,557.0,541.0,542.0,544.0,535.0,558.0,557.0,1076.0,1071.0,1075.0,532.0,558.0,557.0,541.0,542.0,544.0
1.0,3234.0,1713.0,1630.0,1647.0,1722.0,584.0,570.0,568.0,542.0,543.0,545.0,581.0,567.0,565.0,1091.0,1068.0,1075.0,584.0,570.0,568.0,542.0,543.0,545.0
1.0,3168.0,1681.0,1630.0,1722.0,1681.0,558.0,566.0,557.0,542.0,543.0,545.0,558.0,566.0,557.0,1042.0,1059.0,1067.0,558.0,566.0,557.0,542.0,543.0,545.0
1.0,3209.0,1679.0,1632.0,1681.0,1685.0,555.0,574.0,556.0,543.0,544.0,545.0,552.0,571.0,556.0,1068.0,1063.0,1078.0,555.0,574.0,556.0,543.0,544.0,545.0
1.0,3211.0,1683.0,1632.0,1685.0,1683.0,562.0,572.0,549.0,543.0,544.0,545.0,562.0,572.0,549.0,1074.0,1058.0,1079.0,562.0,572.0,549.0,543.0,544.0,545.0
1.0,3213.0,1644.0,1632.0,1683.0,1644.0,550.0,551.0,543.0,543.0,544.0,545.0,550.0,551.0,543.0,1067.0,1060.0,1086.0,550.0,551.0,543.0,543.0,544.0,545.0
1.0,3252.0,1684.0,1633.0,1644.0,1687.0,582.0,558.0,547.0,544.0,544.0,545.0,579.0,558.0,547.0,1079.0,1081.0,1092.0,582.0,558.0,547.0,544.0,544.0,545.0
1.0,3212.0,1569.0,1632.0,1687.0,1566.0,529.0,526.0,511.0,544.0,544.0,544.0,529.0,526.0,514.0,1050.0,1074.0,1088.0,529.0,526.0,511.0,544.0,544.0,544.0
1.0,3330.0,1658.0,1634.0,1566.0,1664.0,560.0,550.0,554.0,544.0,545.0,545.0,560.0,547.0,551.0,1103.0,1106.0,1121.0,560.0,550.0,554.0,544.0,545.0,545.0
1.0,3238.0,1624.0,1634.0,1664.0,1624.0,538.0,539.0,547.0,544.0,545.0,545.0,538.0,539.0,547.0,1072.0,1085.0,1081.0,538.0,539.0,547.0,544.0,545.0,545.0
1.0,3278.0,1595.0,1635.0,1624.0,1598.0,535.0,532.0,531.0,545.0,545.0,545.0,532.0,532.0,531.0,1094.0,1096.0,1088.0,535.0,532.0,531.0,545.0,545.0,545.0
1.0,3307.0,1638.0,1635.0,1598.0,1638.0,541.0,538.0,559.0,545.0,545.0,545.0,541.0,538.0,559.0,1100.0,1103.0,1104.0,541.0,538.0,559.0,545.0,545.0,545.0
1.0,3267.0,1618.0,1634.0,1638.0,1615.0,537.0,533.0,545.0,544.0,545.0,545.0,540.0,533.0,545.0,1094.0,1097.0,1076.0,537.0,533.0,545.0,544.0,545.0,545.0
1.0,3287.0,1686.0,1636.0,1615.0,1692.0,560.0,553.0,579.0,545.0,545.0,546.0,557.0,553.0,576.0,1095.0,1102.0,1090.0,560.0,553.0,579.0,545.0,545.0,546.0
1.0,3216.0,1687.0,1637.0,1692.0,1690.0,549.0,560.0,581.0,545.0,545.0,547.0,549.0,560.0,578.0,1075.0,1082.0,1059.0,549.0,560.0,581.0,545.0,545.0,547.0
1.0,3221.0,1683.0,1638.0,1690.0,1686.0,559.0,553.0,574.0,545.0,546.0,547.0,559.0,550.0,574.0,1086.0,1075.0,1060.0,559.0,553.0,574.0,545.0,546.0,547.0
1.0,3228.0,1708.0,1640.0,1686.0,1714.0,566.0,568.0,580.0,546.0,546.0,548.0,563.0,568.0,577.0,1076.0,1085.0,1067.0,566.0,568.0,580.0,546.0,546.0,548.0
1.0,3206.0,1674.0,1640.0,1714.0,1674.0,565.0,547.0,562.0,546.0,546.0,548.0,565.0,547.0,562.0,1072.0,1070.0,1064.0,565.0,547.0,562.0,546.0,546.0,548.0
1.0,3246.0,1647.0,1642.0,1674.0,1653.0,557.0,550.0,546.0,547.0,546.0,549.0,554.0,550.0,543.0,1073.0,1091.0,1082.0,557.0,550.0,546.0,547.0,546.0,549.0
1.0,3273.0,1654.0,1641.0,1653.0,1651.0,559.0,555.0,537.0,547.0,546.0,548.0,559.0,555.0,540.0,1084.0,1088.0,1101.0,559.0,555.0,537.0,547.0,546.0,548.0
1.0,3272.0,1629.0,1642.0,1651.0,1632.0,543.0,555.0,534.0,547.0,547.0,548.0,543.0,552.0,534.0,1082.0,1083.0,1107.0,543.0,555.0,534.0,547.0,547.0,548.0
1.0,3294.0,1635.0,1642.0,1632.0,1635.0,540.0,551.0,544.0,547.0,547.0,548.0,540.0,551.0,544.0,1098.0,1086.0,1110.0,540.0,551.0,544.0,547.0,547.0,548.0
1.0,3291.0,1614.0,1642.0,1635.0,1614.0,541.0,543.0,530.0,547.0,547.0,548.0,541.0,543.0,530.0,1101.0,1090.0,1100.0,541.0,543.0,530.0,547.0,547.0,548.0
1.0,3312.0,1688.0,1644.0,1614.0,1694.0,571.0,559.0,564.0,548.0,547.0,549.0,568.0,559.0,561.0,1100.0,1098.0,1114.0,571.0,559.0,564.0,548.0,547.0,549.0
1.0,3238.0,1645.0,1645.0,1694.0,1648.0,543.0,560.0,545.0,548.0,548.0,549.0,543.0,557.0,545.0,1073.0,1082.0,1083.0,543.0,560.0,545.0,548.0,548.0,549.0
1.0,3287.0,1669.0,1645.0,1648.0,1669.0,556.0,555.0,558.0,548.0,548.0,549.0,556.0,555.0,558.0,1101.0,1084.0,1102.0,556.0,555.0,558.0,548.0,548.0,549.0
1.0,3266.0,1711.0,1645.0,1669.0,1711.0,575.0,565.0,571.0,548.0,548.0,549.0,575.0,565.0,571.0,1088.0,1089.0,1089.0,575.0,565.0,571.0,548.0,548.0,549.0
1.0,3224.0,1666.0,1648.0,1711.0,1675.0,550.0,569.0,556.0,549.0,549.0,550.0,547.0,566.0,553.0,1069.0,1079.0,1076.0,550.0,569.0,556.0,549.0,549.0,550.0
1.0,3269.0,1687.0,1648.0,1675.0,1687.0,563.0,560.0,564.0,549.0,549.0,550.0,563.0,560.0,564.0,1097.0,1078.0,1094.0,563.0,560.0,564.0,549.0,549.0,550.0
1.0,3257.0,1668.0,1648.0,1687.0,1668.0,559.0,552.0,557.0,549.0,549.0,550.0,559.0,552.0,557.0,1084.0,1087.0,1086.0,559.0,552.0,557.0,549.0,549.0,550.0
1.0,3276.0,1649.0,1647.0,1668.0,1646.0,548.0,533.0,565.0,548.0,549.0,550.0,551.0,533.0,565.0,1088.0,1095.0,1093.0,548.0,533.0,565.0,548.0,549.0,550.0
1.0,3295.0,1659.0,1648.0,1646.0,1662.0,555.0,545.0,562.0,549.0,549.0,550.0,552.0,545.0,562.0,1096.0,1114.0,1085.0,555.0,545.0,562.0,549.0,549.0,550.0
1.0,3282.0,1670.0,1648.0,1662.0,1670.0,560.0,549.0,561.0,549.0,549.0,550.0,560.0,549.0,561.0,1092.0,1102.0,1088.0,560.0,549.0,561.0,549.0,549.0,550.0
1.0,3274.0,1701.0,1651.0,1670.0,1710.0,569.0,570.0,571.0,550.0,550.0,551.0,566.0,567.0,568.0,1087.0,1098.0,1089.0,569.0,570.0,571.0,550.0,550.0,551.0
1.0,3243.0,1674.0,1651.0,1710.0,1674.0,559.0,557.0,558.0,550.0,550.0,551.0,559.0,557.0,558.0,1081.0,1080.0,1082.0,559.0,557.0,558.0,550.0,550.0,551.0
1.0,3279.0,1643.0,1652.0,1674.0,1646.0,552.0,540.0,554.0,550.0,550.0,552.0,552.0,540.0,551.0,1091.0,1093.0,1095.0,552.0,540.0,554.0,550.0,550.0,552.0
1.0,3310.0,1653.0,1652.0,1646.0,1653.0,545.0,546.0,562.0,550.0,550.0,552.0,545.0,546.0,562.0,1098.0,1110.0,1102.0,545.0,546.0,562.0,550.0,550.0,552.0
1.0,3303.0,1652.0,1655.0,1653.0,1661.0,544.0,557.0,560.0,551.0,551.0,553.0,541.0,554.0,557.0,1105.0,1104.0,1094.0,544.0,557.0,560.0,551.0,551.0,553.0
1.0,3304.0,1665.0,1655.0,1661.0,1665.0,544.0,563.0,558.0,551.0,551.0,553.0,544.0,563.0,558.0,1109.0,1096.0,1099.0,544.0,563.0,558.0,551.0,551.0,553.0
1.0,3300.0,1642.0,1655.0,1665.0,1642.0,544.0,551.0,547.0,551.0,551.0,553.0,544.0,551.0,547.0,1109.0,1090.0,1101.0,544.0,551.0,547.0,551.0,551.0,553.0
1.0,3323.0,1658.0,1655.0,1642.0,1658.0,550.0,560.0,548.0,551.0,551.0,553.0,550.0,560.0,548.0,1109.0,1102.0,1112.0,550.0,560.0,548.0,551.0,551.0,553.0
1.0,3307.0,1637.0,1654.0,1658.0,1634.0,549.0,544.0,541.0,550.0,551.0,553.0,552.0,544.0,541.0,1103.0,1093.0,1111.0,549.0,544.0,541.0,550.0,551.0,553.0
1.0,3328.0,1650.0,1654.0,1634.0,1650.0,552.0,555.0,543.0,550.0,551.0,553.0,552.0,555.0,543.0,1101.0,1109.0,1118.0,552.0,555.0,543.0,550.0,551.0,553.0
1.0,3312.0,1656.0,1654.0,1650.0,1656.0,552.0,550.0,554.0,550.0,551.0,553.0,552.0,550.0,554.0,1098.0,1098.0,1116.0,552.0,550.0,554.0,550.0,551.0,553.0
1.0,3306.0,1670.0,1654.0,1656.0,1670.0,565.0,553.0,552.0,550.0,551.0,553.0,565.0,553.0,552.0,1098.0,1103.0,1105.0,565.0,553.0,552.0,550.0,551.0,553.0
1.0,3292.0,1685.0,1655.0,1670.0,1688.0,574.0,547.0,567.0,551.0,551.0,553.0,571.0,547.0,567.0,1085.0,1100.0,1107.0,574.0,547.0,567.0,551.0,551.0,553.0
1.0,3277.0,1671.0,1656.0,1688.0,1674.0,579.0,542.0,553.0,552.0,551.0,553.0,576.0,542.0,553.0,1079.0,1106.0,1092.0,579.0,542.0,553.0,552.0,551.0,553.0
1.0,3294.0,1701.0,1659.0,1674.0,1710.0,583.0,556.0,571.0,553.0,552.0,554.0,580.0,553.0,568.0,1077.0,1111.0,1106.0,583.0,556.0,571.0,553.0,552.0,554.0
1.0,3267.0,1676.0,1660.0,1710.0,1679.0,574.0,554.0,551.0,554.0,552.0,554.0,571.0,554.0,551.0,1076.0,1100.0,1091.0,574.0,554.0,551.0,554.0,552.0,554.0
1.0,3301.0,1620.0,1660.0,1679.0,1620.0,554.0,531.0,535.0,554.0,552.0,554.0,554.0,531.0,535.0,1088.0,1102.0,1111.0,554.0,531.0,535.0,554.0,552.0,554.0
1.0,3360.0,1710.0,1661.0,1620.0,1713.0,570.0,573.0,570.0,555.0,552.0,554.0,567.0,573.0,570.0,1108.0,1125.0,1127.0,570.0,573.0,570.0,555.0,552.0,554.0
1.0,3270.0,1703.0,1662.0,1713.0,1706.0,564.0,576.0,566.0,555.0,553.0,554.0,564.0,573.0,566.0,1095.0,1083.0,1092.0,564.0,576.0,566.0,555.0,553.0,554.0
1.0,3280.0,1698.0,1663.0,1706.0,1701.0,552.0,565.0,584.0,555.0,553.0,555.0,552.0,565.0,581.0,1101.0,1083.0,1096.0,552.0,565.0,584.0,555.0,553.0,555.0
1.0,3288.0,1686.0,1663.0,1701.0,1686.0,553.0,566.0,567.0,555.0,553.0,555.0,553.0,566.0,567.0,1113.0,1094.0,1081.0,553.0,566.0,567.0,555.0,553.0,555.0
1.0,3303.0,1737.0,1664.0,1686.0,1740.0,565.0,580.0,595.0,555.0,553.0,556.0,565.0,580.0,592.0,1112.0,1093.0,1098.0,565.0,580.0,595.0,555.0,553.0,556.0
1.0,3252.0,1685.0,1664.0,1740.0,1685.0,553.0,562.0,570.0,555.0,553.0,556.0,553.0,562.0,570.0,1100.0,1079.0,1073.0,553.0,562.0,570.0,555.0,553.0,556.0
1.0,3307.0,1673.0,1664.0,1685.0,1673.0,550.0,565.0,558.0,555.0,553.0,556.0,550.0,565.0,558.0,1112.0,1097.0,1098.0,550.0,565.0,558.0,555.0,553.0,556.0
1.0,3319.0,1700.0,1665.0,1673.0,1703.0,561.0,566.0,576.0,555.0,553.0,557.0,561.0,566.0,573.0,1115.0,1094.0,1110.0,561.0,566.0,576.0,555.0,553.0,557.0
1.0,3292.0,1642.0,1664.0,1703.0,1639.0,545.0,544.0,550.0,554.0,553.0,557.0,548.0,544.0,550.0,1104.0,1093.0,1095.0,545.0,544.0,550.0,554.0,553.0,557.0
1.0,3353.0,1620.0,1665.0,1639.0,1623.0,546.0,541.0,536.0,555.0,553.0,557.0,543.0,541.0,536.0,1117.0,1115.0,1121.0,546.0,541.0,536.0,555.0,553.0,557.0
1.0,3372.0,1633.0,1664.0,1623.0,1630.0,544.0,539.0,547.0,554.0,553.0,557.0,547.0,539.0,547.0,1119.0,1118.0,1135.0,544.0,539.0,547.0,554.0,553.0,557.0
1.0,3362.0,1687.0,1665.0,1630.0,1690.0,575.0,554.0,561.0,555.0,553.0,557.0,572.0,554.0,561.0,1118.0,1120.0,1124.0,575.0,554.0,561.0,555.0,553.0,557.0
1.0,3305.0,1613.0,1665.0,1690.0,1613.0,547.0,529.0,537.0,555.0,553.0,557.0,547.0,529.0,537.0,1090.0,1105.0,1110.0,547.0,529.0,537.0,555.0,553.0,557.0
1.0,3382.0,1609.0,1666.0,1613.0,1612.0,550.0,541.0,521.0,556.0,553.0,557.0,547.0,541.0,521.0,1118.0,1130.0,1134.0,550.0,541.0,521.0,556.0,553.0,557.0
1.0,3386.0,1672.0,1666.0,1612.0,1672.0,571.0,544.0,557.0,556.0,553.0,557.0,571.0,544.0,557.0,1118.0,1118.0,1150.0,571.0,544.0,557.0,556.0,553.0,557.0
1.0,3326.0,1634.0,1665.0,1672.0,1631.0,556.0,543.0,532.0,556.0,553.0,556.0,556.0,543.0,535.0,1097.0,1115.0,1114.0,556.0,543.0,532.0,556.0,553.0,556.0
1.0,3364.0,1713.0,1666.0,1631.0,1716.0,567.0,581.0,568.0,556.0,554.0,556.0,567.0,578.0,568.0,1112.0,1116.0,1136.0,567.0,581.0,568.0,556.0,554.0,556.0
1.0,3282.0,1675.0,1665.0,1716.0,1672.0,551.0,572.0,549.0,556.0,554.0,555.0,551.0,572.0,552.0,1101.0,1081.0,1100.0,551.0,572.0,549.0,556.0,554.0,555.0
1.0,3323.0,1712.0,1665.0,1672.0,1712.0,561.0,572.0,579.0,556.0,554.0,555.0,561.0,572.0,579.0,1117.0,1090.0,1116.0,561.0,572.0,579.0,556.0,554.0,555.0
1.0,3283.0,1679.0,1666.0,1712.0,1682.0,550.0,562.0,570.0,556.0,554.0,556.0,550.0,562.0,567.0,1107.0,1090.0,1086.0,550.0,562.0,570.0,556.0,554.0,556.0
1.0,3316.0,1650.0,1667.0,1682.0,1653.0,539.0,560.0,554.0,556.0,555.0,556.0,539.0,557.0,554.0,1118.0,1100.0,1098.0,539.0,560.0,554.0,556.0,555.0,556.0
1.0,3348.0,1676.0,1667.0,1653.0,1676.0,554.0,562.0,560.0,556.0,555.0,556.0,554.0,562.0,560.0,1129.0,1105.0,1114.0,554.0,562.0,560.0,556.0,555.0,556.0
1.0,3325.0,1688.0,1668.0,1676.0,1691.0,559.0,566.0,566.0,556.0,555.0,557.0,559.0,566.0,563.0,1114.0,1103.0,1108.0,559.0,566.0,566.0,556.0,555.0,557.0
1.0,3313.0,1696.0,1668.0,1691.0,1696.0,559.0,568.0,569.0,556.0,555.0,557.0,559.0,568.0,569.0,1109.0,1099.0,1105.0,559.0,568.0,569.0,556.0,555.0,557.0
1.0,3308.0,1684.0,1671.0,1696.0,1693.0,567.0,564.0,562.0,557.0,556.0,558.0,564.0,561.0,559.0,1109.0,1097.0,1102.0,567.0,564.0,562.0,557.0,556.0,558.0
1.0,3320.0,1693.0,1670.0,1693.0,1690.0,553.0,570.0,567.0,556.0,556.0,558.0,556.0,570.0,567.0,1104.0,1104.0,1112.0,553.0,570.0,567.0,556.0,556.0,558.0
1.0,3320.0,1686.0,1671.0,1690.0,1689.0,570.0,565.0,554.0,557.0,556.0,558.0,567.0,565.0,554.0,1115.0,1098.0,1107.0,570.0,565.0,554.0,557.0,556.0,558.0
1.0,3324.0,1709.0,1671.0,1689.0,1709.0,565.0,563.0,581.0,557.0,556.0,558.0,565.0,563.0,581.0,1101.0,1103.0,1120.0,565.0,563.0,581.0,557.0,556.0,558.0
1.0,3304.0,1703.0,1671.0,1709.0,1703.0,567.0,569.0,567.0,557.0,556.0,558.0,567.0,569.0,567.0,1106.0,1105.0,1093.0,567.0,569.0,567.0,557.0,556.0,558.0
1.0,3310.0,1686.0,1672.0,1703.0,1689.0,553.0,567.0,569.0,557.0,556.0,559.0,553.0,567.0,566.0,1104.0,1099.0,1107.0,553.0,567.0,569.0,557.0,556.0,559.0
1.0,3327.0,1701.0,1672.0,1689.0,1701.0,573.0,561.0,567.0,557.0,556.0,559.0,573.0,561.0,567.0,1118.0,1101.0,1108.0,573.0,561.0,567.0,557.0,556.0,559.0
1.0,3315.0,1708.0,1673.0,1701.0,1711.0,562.0,583.0,566.0,557.0,557.0,559.0,562.0,580.0,566.0,1098.0,1107.0,1110.0,562.0,583.0,566.0,557.0,557.0,559.0
1.0,3308.0,1673.0,1673.0,1711.0,1673.0,552.0,561.0,560.0,557.0,557.0,559.0,552.0,561.0,560.0,1109.0,1088.0,1111.0,552.0,561.0,560.0,557.0,557.0,559.0
1.0,3346.0,1681.0,1674.0,1673.0,1684.0,552.0,568.0,564.0,557.0,558.0,559.0,552.0,565.0,564.0,1119.0,1110.0,1117.0,552.0,568.0,564.0,557.0,558.0,559.0
1.0,3338.0,1651.0,1673.0,1684.0,1648.0,544.0,564.0,540.0,557.0,558.0,558.0,544.0,564.0,543.0,1119.0,1106.0,1113.0,544.0,564.0,540.0,557.0,558.0,558.0
1.0,3371.0,1653.0,1673.0,1648.0,1653.0,542.0,559.0,552.0,557.0,558.0,558.0,542.0,559.0,552.0,1127.0,1110.0,1134.0,542.0,559.0,552.0,557.0,558.0,558.0
1.0,3366.0,1696.0,1673.0,1653.0,1696.0,561.0,573.0,562.0,557.0,558.0,558.0,561.0,573.0,562.0,1129.0,1115.0,1122.0,561.0,573.0,562.0,557.0,558.0,558.0
1.0,3323.0,1654.0,1672.0,1696.0,1651.0,543.0,559.0,549.0,556.0,558.0,558.0,546.0,559.0,549.0,1110.0,1101.0,1112.0,543.0,559.0,549.0,556.0,558.0,558.0
1.0,3365.0,1666.0,1674.0,1651.0,1672.0,551.0,558.0,563.0,557.0,559.0,558.0,548.0,555.0,563.0,1125.0,1115.0,1125.0,551.0,558.0,563.0,557.0,559.0,558.0
1.0,3350.0,1684.0,1674.0,1672.0,1684.0,561.0,566.0,557.0,557.0,559.0,558.0,561.0,566.0,557.0,1120.0,1119.0,1111.0,561.0,566.0,557.0,557.0,559.0,558.0
1.0,3338.0,1717.0,1675.0,1684.0,1720.0,583.0,567.0,570.0,558.0,559.0,558.0,580.0,567.0,570.0,1110.0,1111.0,1117.0,583.0,567.0,570.0,558.0,559.0,558.0
1.0,3305.0,1740.0,1677.0,1720.0,1746.0,585.0,582.0,579.0,558.0,560.0,559.0,585.0,579.0,576.0,1091.0,1110.0,1104.0,585.0,582.0,579.0,558.0,560.0,559.0
1.0,3285.0,1743.0,1679.0,1746.0,1749.0,584.0,575.0,590.0,559.0,560.0,560.0,581.0,575.0,587.0,1089.0,1098.0,1098.0,584.0,575.0,590.0,559.0,560.0,560.0
1.0,3288.0,1722.0,1679.0,1749.0,1722.0,567.0,580.0,575.0,559.0,560.0,560.0,567.0,580.0,575.0,1093.0,1105.0,1090.0,567.0,580.0,575.0,559.0,560.0,560.0
1.0,3315.0,1727.0,1682.0,1722.0,1736.0,575.0,573.0,588.0,560.0,561.0,561.0,572.0,570.0,585.0,1110.0,1100.0,1105.0,575.0,573.0,588.0,560.0,561.0,561.0
1.0,3310.0,1715.0,1683.0,1736.0,1718.0,561.0,583.0,574.0,560.0,561.0,562.0,561.0,583.0,571.0,1105.0,1110.0,1095.0,561.0,583.0,574.0,560.0,561.0,562.0
1.0,3331.0,1652.0,1682.0,1718.0,1649.0,531.0,552.0,566.0,559.0,561.0,562.0,534.0,552.0,566.0,1119.0,1100.0,1112.0,531.0,552.0,566.0,559.0,561.0,562.0
1.0,3397.0,1721.0,1683.0,1649.0,1724.0,567.0,577.0,580.0,559.0,562.0,562.0,567.0,574.0,580.0,1146.0,1131.0,1120.0,567.0,577.0,580.0,559.0,562.0,562.0
1.0,3325.0,1625.0,1682.0,1724.0,1622.0,538.0,535.0,549.0,558.0,562.0,562.0,541.0,535.0,549.0,1110.0,1109.0,1106.0,538.0,535.0,549.0,558.0,562.0,562.0
1.0,3424.0,1636.0,1681.0,1622.0,1633.0,538.0,557.0,538.0,558.0,562.0,561.0,538.0,557.0,541.0,1136.0,1151.0,1137.0,538.0,557.0,538.0,558.0,562.0,561.0
1.0,3410.0,1655.0,1681.0,1633.0,1655.0,545.0,552.0,558.0,557.0,562.0,562.0,548.0,552.0,555.0,1136.0,1129.0,1145.0,545.0,552.0,558.0,557.0,562.0,562.0
1.0,3388.0,1712.0,1683.0,1655.0,1718.0,573.0,574.0,571.0,558.0,563.0,562.0,570.0,571.0,571.0,1126.0,1134.0,1128.0,573.0,574.0,571.0,558.0,563.0,562.0
1.0,3331.0,1651.0,1681.0,1718.0,1645.0,547.0,556.0,542.0,557.0,562.0,562.0,550.0,559.0,542.0,1101.0,1115.0,1115.0,547.0,556.0,542.0,557.0,562.0,562.0
1.0,3398.0,1707.0,1681.0,1645.0,1707.0,577.0,574.0,556.0,557.0,562.0,562.0,577.0,574.0,556.0,1124.0,1130.0,1144.0,577.0,574.0,556.0,557.0,562.0,562.0
1.0,3336.0,1707.0,1681.0,1707.0,1707.0,574.0,571.0,562.0,558.0,562.0,561.0,571.0,571.0,565.0,1094.0,1112.0,1130.0,574.0,571.0,562.0,558.0,562.0,561.0
1.0,3336.0,1774.0,1684.0,1707.0,1783.0,594.0,600.0,589.0,559.0,563.0,562.0,591.0,597.0,586.0,1100.0,1115.0,1121.0,594.0,600.0,589.0,559.0,563.0,562.0
1.0,3269.0,1792.0,1684.0,1783.0,1792.0,607.0,587.0,598.0,559.0,563.0,562.0,607.0,587.0,598.0,1083.0,1089.0,1097.0,607.0,587.0,598.0,559.0,563.0,562.0
1.0,3260.0,1751.0,1686.0,1792.0,1757.0,578.0,591.0,588.0,560.0,564.0,562.0,575.0,588.0,588.0,1070.0,1102.0,1088.0,578.0,591.0,588.0,560.0,564.0,562.0
1.0,3301.0,1725.0,1686.0,1757.0,1725.0,579.0,570.0,576.0,560.0,564.0,562.0,579.0,570.0,576.0,1102.0,1101.0,1098.0,579.0,570.0,576.0,560.0,564.0,562.0
1.0,3333.0,1716.0,1687.0,1725.0,1719.0,573.0,573.0,573.0,561.0,564.0,562.0,570.0,573.0,573.0,1101.0,1122.0,1110.0,573.0,573.0,573.0,561.0,564.0,562.0
1.0,3342.0,1712.0,1688.0,1719.0,1715.0,577.0,567.0,571.0,561.0,564.0,563.0,577.0,567.0,568.0,1110.0,1119.0,1113.0,577.0,567.0,571.0,561.0,564.0,563.0
1.0,3349.0,1683.0,1689.0,1715.0,1686.0,555.0,560.0,571.0,561.0,565.0,563.0,555.0,557.0,571.0,1106.0,1125.0,1118.0,555.0,560.0,571.0,561.0,565.0,563.0
1.0,3381.0,1681.0,1690.0,1686.0,1684.0,549.0,558.0,577.0,561.0,565.0,564.0,549.0,558.0,574.0,1128.0,1135.0,1118.0,549.0,558.0,577.0,561.0,565.0,564.0
1.0,3386.0,1684.0,1690.0,1684.0,1684.0,558.0,559.0,567.0,561.0,565.0,564.0,558.0,559.0,567.0,1134.0,1137.0,1115.0,558.0,559.0,567.0,561.0,565.0,564.0
1.0,3386.0,1724.0,1693.0,1684.0,1733.0,578.0,579.0,576.0,562.0,566.0,565.0,575.0,576.0,573.0,1125.0,1136.0,1125.0,578.0,579.0,576.0,562.0,566.0,565.0
1.0,3346.0,1678.0,1694.0,1733.0,1681.0,556.0,560.0,565.0,562.0,566.0,566.0,556.0,560.0,562.0,1108.0,1119.0,1119.0,556.0,560.0,565.0,562.0,566.0,566.0
1.0,3401.0,1757.0,1695.0,1681.0,1760.0,586.0,587.0,587.0,562.0,567.0,566.0,586.0,584.0,587.0,1130.0,1138.0,1133.0,586.0,587.0,587.0,562.0,567.0,566.0
1.0,3325.0,1718.0,1697.0,1760.0,1724.0,572.0,566.0,586.0,562.0,568.0,567.0,572.0,563.0,583.0,1100.0,1114.0,1111.0,572.0,566.0,586.0,562.0,568.0,567.0
1.0,3367.0,1724.0,1698.0,1724.0,1727.0,578.0,578.0,571.0,563.0,568.0,567.0,575.0,578.0,571.0,1114.0,1138.0,1115.0,578.0,578.0,571.0,563.0,568.0,567.0
1.0,3367.0,1773.0,1699.0,1727.0,1776.0,605.0,599.0,572.0,564.0,568.0,567.0,602.0,599.0,572.0,1111.0,1126.0,1130.0,605.0,599.0,572.0,564.0,568.0,567.0
1.0,3321.0,1745.0,1699.0,1776.0,1745.0,591.0,583.0,571.0,564.0,568.0,567.0,591.0,583.0,571.0,1087.0,1105.0,1129.0,591.0,583.0,571.0,564.0,568.0,567.0
1.0,3352.0,1720.0,1701.0,1745.0,1726.0,585.0,578.0,563.0,565.0,569.0,567.0,582.0,575.0,563.0,1101.0,1121.0,1130.0,585.0,578.0,563.0,565.0,569.0,567.0
1.0,3377.0,1706.0,1701.0,1726.0,1706.0,565.0,579.0,562.0,565.0,569.0,567.0,565.0,579.0,562.0,1110.0,1129.0,1138.0,565.0,579.0,562.0,565.0,569.0,567.0
1.0,3397.0,1720.0,1702.0,1706.0,1723.0,582.0,575.0,566.0,566.0,569.0,567.0,579.0,575.0,566.0,1130.0,1128.0,1139.0,582.0,575.0,566.0,566.0,569.0,567.0
1.0,3383.0,1688.0,1703.0,1723.0,1691.0,557.0,566.0,568.0,566.0,569.0,568.0,557.0,566.0,565.0,1116.0,1132.0,1135.0,557.0,566.0,568.0,566.0,569.0,568.0
1.0,3418.0,1720.0,1703.0,1691.0,1720.0,578.0,571.0,571.0,566.0,569.0,568.0,578.0,571.0,571.0,1141.0,1141.0,1136.0,578.0,571.0,571.0,566.0,569.0,568.0
1.0,3389.0,1668.0,1702.0,1720.0,1665.0,556.0,564.0,545.0,566.0,569.0,567.0,556.0,564.0,548.0,1120.0,1136.0,1133.0,556.0,564.0,545.0,566.0,569.0,567.0
1.0,3441.0,1692.0,1702.0,1665.0,1692.0,568.0,556.0,568.0,566.0,569.0,567.0,568.0,556.0,568.0,1142.0,1143.0,1156.0,568.0,556.0,568.0,566.0,569.0,567.0
1.0,3414.0,1709.0,1703.0,1692.0,1712.0,561.0,560.0,591.0,566.0,569.0,568.0,561.0,560.0,588.0,1130.0,1151.0,1133.0,561.0,560.0,591.0,566.0,569.0,568.0
1.0,3397.0,1712.0,1703.0,1712.0,1712.0,561.0,575.0,576.0,566.0,569.0,568.0,561.0,575.0,576.0,1137.0,1147.0,1113.0,561.0,575.0,576.0,566.0,569.0,568.0
1.0,3397.0,1746.0,1703.0,1712.0,1746.0,582.0,569.0,595.0,566.0,569.0,568.0,582.0,569.0,595.0,1137.0,1132.0,1128.0,582.0,569.0,595.0,566.0,569.0,568.0
1.0,3363.0,1772.0,1706.0,1746.0,1781.0,595.0,587.0,599.0,567.0,570.0,569.0,592.0,584.0,596.0,1116.0,1138.0,1109.0,595.0,587.0,599.0,567.0,570.0,569.0
1.0,3337.0,1767.0,1707.0,1781.0,1770.0,589.0,577.0,604.0,567.0,570.0,570.0,589.0,577.0,601.0,1106.0,1123.0,1108.0,589.0,577.0,604.0,567.0,570.0,570.0
1.0,3351.0,1766.0,1708.0,1770.0,1769.0,595.0,579.0,595.0,568.0,570.0,570.0,592.0,579.0,595.0,1112.0,1133.0,1106.0,595.0,579.0,595.0,568.0,570.0,570.0
1.0,3355.0,1763.0,1709.0,1769.0,1766.0,584.0,577.0,605.0,568.0,570.0,571.0,584.0,577.0,602.0,1109.0,1131.0,1115.0,584.0,577.0,605.0,568.0,570.0,571.0
1.0,3361.0,1767.0,1711.0,1766.0,1773.0,589.0,579.0,605.0,569.0,570.0,572.0,586.0,579.0,602.0,1120.0,1133.0,1108.0,589.0,579.0,605.0,569.0,570.0,572.0
1.0,3360.0,1678.0,1711.0,1773.0,1678.0,559.0,558.0,561.0,569.0,570.0,572.0,559.0,558.0,561.0,1118.0,1131.0,1111.0,559.0,558.0,561.0,569.0,570.0,572.0
1.0,3455.0,1712.0,1713.0,1678.0,1718.0,573.0,577.0,568.0,570.0,571.0,572.0,570.0,574.0,568.0,1148.0,1152.0,1155.0,573.0,577.0,568.0,570.0,571.0,572.0
1.0,3421.0,1701.0,1713.0,1718.0,1701.0,570.0,572.0,559.0,570.0,571.0,572.0,570.0,572.0,559.0,1137.0,1136.0,1148.0,570.0,572.0,559.0,570.0,571.0,572.0
1.0,3438.0,1760.0,1715.0,1701.0,1766.0,580.0,595.0,591.0,571.0,571.0,573.0,577.0,595.0,588.0,1140.0,1141.0,1157.0,580.0,595.0,591.0,571.0,571.0,573.0
1.0,3379.0,1712.0,1716.0,1766.0,1715.0,556.0,589.0,570.0,571.0,572.0,573.0,556.0,586.0,570.0,1133.0,1118.0,1128.0,556.0,589.0,570.0,571.0,572.0,573.0
1.0,3433.0,1734.0,1717.0,1715.0,1737.0,565.0,597.0,575.0,571.0,572.0,574.0,565.0,597.0,572.0,1157.0,1127.0,1149.0,565.0,597.0,575.0,571.0,572.0,574.0
1.0,3414.0,1731.0,1718.0,1737.0,1734.0,566.0,580.0,588.0,571.0,573.0,574.0,566.0,577.0,588.0,1148.0,1119.0,1147.0,566.0,580.0,588.0,571.0,573.0,574.0
1.0,3420.0,1696.0,1716.0,1734.0,1690.0,555.0,565.0,570.0,570.0,572.0,574.0,558.0,568.0,570.0,1147.0,1139.0,1134.0,555.0,565.0,570.0,570.0,572.0,574.0
1.0,3458.0,1750.0,1717.0,1690.0,1753.0,588.0,589.0,576.0,570.0,573.0,574.0,588.0,586.0,576.0,1155.0,1151.0,1152.0,588.0,589.0,576.0,570.0,573.0,574.0
1.0,3398.0,1736.0,1718.0,1753.0,1739.0,592.0,575.0,572.0,571.0,573.0,574.0,589.0,575.0,572.0,1122.0,1130.0,1146.0,592.0,575.0,572.0,571.0,573.0,574.0
1.0,3415.0,1769.0,1718.0,1739.0,1769.0,594.0,585.0,590.0,571.0,573.0,574.0,594.0,585.0,590.0,1121.0,1144.0,1150.0,594.0,585.0,590.0,571.0,573.0,574.0
1.0,3385.0,1775.0,1719.0,1769.0,1778.0,605.0,583.0,590.0,572.0,573.0,574.0,602.0,583.0,590.0,1119.0,1134.0,1132.0,605.0,583.0,590.0,572.0,573.0,574.0
1.0,3379.0,1777.0,1721.0,1778.0,1783.0,595.0,586.0,602.0,573.0,573.0,575.0,592.0,586.0,599.0,1111.0,1136.0,1132.0,595.0,586.0,602.0,573.0,573.0,575.0
1.0,3380.0,1686.0,1720.0,1783.0,1683.0,563.0,558.0,562.0,573.0,573.0,574.0,563.0,558.0,565.0,1124.0,1133.0,1123.0,563.0,558.0,562.0,573.0,573.0,574.0
1.0,3477.0,1676.0,1722.0,1683.0,1682.0,572.0,558.0,552.0,574.0,574.0,574.0,569.0,555.0,552.0,1156.0,1161.0,1160.0,572.0,558.0,552.0,574.0,574.0,574.0
1.0,3484.0,1742.0,1723.0,1682.0,1745.0,582.0,573.0,590.0,574.0,574.0,575.0,582.0,573.0,587.0,1150.0,1164.0,1170.0,582.0,573.0,590.0,574.0,574.0,575.0
1.0,3424.0,1708.0,1725.0,1745.0,1714.0,566.0,573.0,575.0,575.0,574.0,576.0,563.0,573.0,572.0,1140.0,1149.0,1135.0,566.0,573.0,575.0,575.0,574.0,576.0
1.0,3461.0,1686.0,1724.0,1714.0,1683.0,565.0,558.0,560.0,575.0,574.0,575.0,565.0,558.0,563.0,1159.0,1149.0,1153.0,565.0,558.0,560.0,575.0,574.0,575.0
1.0,3489.0,1736.0,1725.0,1683.0,1739.0,574.0,583.0,582.0,575.0,574.0,576.0,574.0,583.0,579.0,1160.0,1164.0,1165.0,574.0,583.0,582.0,575.0,574.0,576.0
1.0,3436.0,1727.0,1727.0,1739.0,1733.0,571.0,583.0,579.0,575.0,575.0,577.0,571.0,580.0,576.0,1151.0,1139.0,1146.0,571.0,583.0,579.0,575.0,575.0,577.0
1.0,3448.0,1772.0,1727.0,1733.0,1772.0,589.0,595.0,588.0,575.0,575.0,577.0,589.0,595.0,588.0,1154.0,1142.0,1152.0,589.0,595.0,588.0,575.0,575.0,577.0
1.0,3409.0,1751.0,1727.0,1772.0,1751.0,574.0,602.0,575.0,575.0,575.0,577.0,574.0,602.0,575.0,1136.0,1130.0,1143.0,574.0,602.0,575.0,575.0,575.0,577.0
1.0,3430.0,1747.0,1725.0,1751.0,1741.0,580.0,594.0,567.0,574.0,575.0,576.0,583.0,594.0,570.0,1151.0,1123.0,1156.0,580.0,594.0,567.0,574.0,575.0,576.0
1.0,3434.0,1724.0,1726.0,1741.0,1727.0,582.0,571.0,574.0,575.0,575.0,576.0,579.0,571.0,574.0,1142.0,1131.0,1161.0,582.0,571.0,574.0,575.0,575.0,576.0
1.0,3451.0,1707.0,1726.0,1727.0,1707.0,584.0,564.0,559.0,575.0,575.0,576.0,584.0,564.0,559.0,1143.0,1154.0,1154.0,584.0,564.0,559.0,575.0,575.0,576.0
1.0,3471.0,1782.0,1726.0,1707.0,1782.0,606.0,584.0,592.0,575.0,575.0,576.0,606.0,584.0,592.0,1141.0,1161.0,1169.0,606.0,584.0,592.0,575.0,575.0,576.0
1.0,3396.0,1707.0,1726.0,1782.0,1707.0,570.0,571.0,566.0,575.0,575.0,576.0,570.0,571.0,566.0,1119.0,1141.0,1136.0,570.0,571.0,566.0,575.0,575.0,576.0
1.0,3471.0,1746.0,1727.0,1707.0,1749.0,597.0,569.0,583.0,576.0,575.0,576.0,594.0,569.0,583.0,1155.0,1154.0,1162.0,597.0,569.0,583.0,576.0,575.0,576.0
1.0,3432.0,1736.0,1729.0,1749.0,1742.0,588.0,577.0,577.0,577.0,576.0,576.0,585.0,574.0,577.0,1131.0,1156.0,1145.0,588.0,577.0,577.0,577.0,576.0,576.0
1.0,3445.0,1673.0,1729.0,1742.0,1673.0,556.0,553.0,564.0,577.0,576.0,576.0,556.0,553.0,564.0,1143.0,1151.0,1151.0,556.0,553.0,564.0,577.0,576.0,576.0
1.0,3514.0,1721.0,1729.0,1673.0,1721.0,581.0,575.0,565.0,577.0,576.0,576.0,581.0,575.0,565.0,1175.0,1175.0,1164.0,581.0,575.0,565.0,577.0,576.0,576.0
1.0,3466.0,1740.0,1729.0,1721.0,1740.0,579.0,575.0,586.0,577.0,576.0,576.0,579.0,575.0,586.0,1150.0,1153.0,1163.0,579.0,575.0,586.0,577.0,576.0,576.0
1.0,3447.0,1734.0,1729.0,1740.0,1734.0,583.0,571.0,580.0,577.0,576.0,576.0,583.0,571.0,580.0,1152.0,1153.0,1142.0,583.0,571.0,580.0,577.0,576.0,576.0
1.0,3453.0,1778.0,1730.0,1734.0,1781.0,583.0,594.0,604.0,577.0,576.0,577.0,583.0,594.0,601.0,1148.0,1157.0,1148.0,583.0,594.0,604.0,577.0,576.0,577.0
1.0,3409.0,1740.0,1730.0,1781.0,1740.0,576.0,581.0,583.0,577.0,576.0,577.0,576.0,581.0,583.0,1148.0,1134.0,1127.0,576.0,581.0,583.0,577.0,576.0,577.0
1.0,3450.0,1755.0,1730.0,1740.0,1755.0,581.0,583.0,591.0,577.0,576.0,577.0,581.0,583.0,591.0,1155.0,1147.0,1148.0,581.0,583.0,591.0,577.0,576.0,577.0
1.0,3435.0,1773.0,1731.0,1755.0,1776.0,591.0,601.0,584.0,577.0,576.0,578.0,591.0,601.0,581.0,1150.0,1145.0,1140.0,591.0,601.0,584.0,577.0,576.0,578.0
1.0,3417.0,1761.0,1732.0,1776.0,1764.0,575.0,598.0,591.0,577.0,577.0,578.0,575.0,595.0,591.0,1140.0,1127.0,1150.0,575.0,598.0,591.0,577.0,577.0,578.0
1.0,3432.0,1783.0,1733.0,1764.0,1786.0,587.0,594.0,605.0,577.0,577.0,579.0,587.0,594.0,602.0,1156.0,1133.0,1143.0,587.0,594.0,605.0,577.0,577.0,579.0
1.0,3413.0,1763.0,1733.0,1786.0,1763.0,590.0,587.0,586.0,577.0,577.0,579.0,590.0,587.0,586.0,1144.0,1137.0,1132.0,590.0,587.0,586.0,577.0,577.0,579.0
1.0,3436.0,1780.0,1736.0,1763.0,1789.0,599.0,594.0,596.0,578.0,578.0,580.0,596.0,591.0,593.0,1141.0,1144.0,1151.0,599.0,594.0,596.0,578.0,578.0,580.0
1.0,3419.0,1749.0,1736.0,1789.0,1749.0,580.0,579.0,590.0,578.0,578.0,580.0,580.0,579.0,590.0,1135.0,1140.0,1144.0,580.0,579.0,590.0,578.0,578.0,580.0
1.0,3459.0,1718.0,1737.0,1749.0,1721.0,590.0,569.0,562.0,579.0,578.0,580.0,587.0,569.0,562.0,1154.0,1155.0,1150.0,590.0,569.0,562.0,579.0,578.0,580.0
1.0,3490.0,1675.0,1737.0,1721.0,1675.0,562.0,562.0,551.0,579.0,578.0,580.0,562.0,562.0,551.0,1147.0,1165.0,1178.0,562.0,562.0,551.0,579.0,578.0,580.0
1.0,3536.0,1732.0,1737.0,1675.0,1732.0,580.0,575.0,577.0,579.0,578.0,580.0,580.0,575.0,577.0,1175.0,1172.0,1189.0,580.0,575.0,577.0,579.0,578.0,580.0
1.0,3479.0,1781.0,1739.0,1732.0,1787.0,595.0,594.0,598.0,580.0,579.0,580.0,592.0,591.0,598.0,1157.0,1159.0,1163.0,595.0,594.0,598.0,580.0,579.0,580.0
1.0,3430.0,1720.0,1739.0,1787.0,1720.0,575.0,565.0,580.0,580.0,579.0,580.0,575.0,565.0,580.0,1145.0,1143.0,1142.0,575.0,565.0,580.0,580.0,579.0,580.0
1.0,3497.0,1761.0,1738.0,1720.0,1758.0,579.0,590.0,589.0,579.0,579.0,580.0,582.0,590.0,589.0,1165.0,1172.0,1160.0,579.0,590.0,589.0,579.0,579.0,580.0
1.0,3456.0,1752.0,1738.0,1758.0,1752.0,576.0,587.0,589.0,579.0,579.0,580.0,576.0,587.0,589.0,1158.0,1147.0,1151.0,576.0,587.0,589.0,579.0,579.0,580.0
1.0,3462.0,1771.0,1738.0,1752.0,1771.0,586.0,591.0,594.0,579.0,579.0,580.0,586.0,591.0,594.0,1161.0,1150.0,1151.0,586.0,591.0,594.0,579.0,579.0,580.0
1.0,3443.0,1777.0,1737.0,1771.0,1774.0,598.0,588.0,588.0,579.0,579.0,579.0,598.0,588.0,591.0,1151.0,1146.0,1146.0,598.0,588.0,588.0,579.0,579.0,579.0
1.0,3437.0,1712.0,1737.0,1774.0,1712.0,578.0,566.0,568.0,579.0,579.0,579.0,578.0,566.0,568.0,1139.0,1149.0,1149.0,578.0,566.0,568.0,579.0,579.0,579.0
1.0,3499.0,1789.0,1740.0,1712.0,1798.0,596.0,597.0,605.0,580.0,580.0,580.0,593.0,594.0,602.0,1159.0,1171.0,1169.0,596.0,597.0,605.0,580.0,580.0,580.0
1.0,3422.0,1736.0,1740.0,1798.0,1736.0,586.0,574.0,576.0,580.0,580.0,580.0,586.0,574.0,576.0,1144.0,1143.0,1135.0,586.0,574.0,576.0,580.0,580.0,580.0
1.0,3484.0,1784.0,1740.0,1736.0,1784.0,589.0,602.0,593.0,580.0,580.0,580.0,589.0,602.0,593.0,1154.0,1166.0,1164.0,589.0,602.0,593.0,580.0,580.0,580.0
1.0,3436.0,1761.0,1740.0,1784.0,1761.0,581.0,593.0,587.0,580.0,580.0,580.0,581.0,593.0,587.0,1151.0,1138.0,1147.0,581.0,593.0,587.0,580.0,580.0,580.0
1.0,3459.0,1764.0,1742.0,1761.0,1770.0,593.0,589.0,588.0,581.0,580.0,581.0,590.0,589.0,585.0,1159.0,1147.0,1153.0,593.0,589.0,588.0,581.0,580.0,581.0
1.0,3456.0,1764.0,1743.0,1770.0,1767.0,591.0,587.0,589.0,582.0,580.0,581.0,588.0,587.0,589.0,1150.0,1151.0,1155.0,591.0,587.0,589.0,582.0,580.0,581.0
1.0,3462.0,1766.0,1743.0,1767.0,1766.0,583.0,590.0,593.0,582.0,580.0,581.0,583.0,590.0,593.0,1155.0,1153.0,1154.0,583.0,590.0,593.0,582.0,580.0,581.0
1.0,3463.0,1749.0,1744.0,1766.0,1752.0,584.0,588.0,580.0,582.0,581.0,581.0,584.0,585.0,580.0,1163.0,1150.0,1150.0,584.0,588.0,580.0,582.0,581.0,581.0
1.0,3480.0,1805.0,1746.0,1752.0,1811.0,604.0,597.0,610.0,583.0,581.0,582.0,601.0,597.0,607.0,1162.0,1155.0,1163.0,604.0,597.0,610.0,583.0,581.0,582.0
1.0,3427.0,1767.0,1746.0,1811.0,1767.0,595.0,592.0,580.0,583.0,581.0,582.0,595.0,592.0,580.0,1145.0,1146.0,1136.0,595.0,592.0,580.0,583.0,581.0,582.0
1.0,3471.0,1753.0,1746.0,1767.0,1753.0,589.0,581.0,583.0,583.0,581.0,582.0,589.0,581.0,583.0,1154.0,1151.0,1166.0,589.0,581.0,583.0,583.0,581.0,582.0
1.0,3485.0,1776.0,1745.0,1753.0,1773.0,588.0,592.0,593.0,582.0,581.0,582.0,591.0,592.0,593.0,1160.0,1162.0,1163.0,588.0,592.0,593.0,582.0,581.0,582.0
1.0,3462.0,1797.0,1746.0,1773.0,1800.0,601.0,594.0,605.0,583.0,581.0,582.0,598.0,594.0,605.0,1158.0,1151.0,1153.0,601.0,594.0,605.0,583.0,581.0,582.0
1.0,3438.0,1782.0,1748.0,1800.0,1788.0,590.0,599.0,599.0,583.0,582.0,583.0,590.0,596.0,596.0,1148.0,1149.0,1141.0,590.0,599.0,599.0,583.0,582.0,583.0
1.0,3456.0,1722.0,1749.0,1788.0,1725.0,575.0,577.0,573.0,583.0,583.0,583.0,575.0,574.0,573.0,1159.0,1147.0,1150.0,575.0,577.0,573.0,583.0,583.0,583.0
1.0,3522.0,1774.0,1750.0,1725.0,1777.0,601.0,591.0,585.0,584.0,583.0,583.0,598.0,591.0,585.0,1174.0,1172.0,1176.0,601.0,591.0,585.0,584.0,583.0,583.0
1.0,3473.0,1796.0,1750.0,1777.0,1796.0,603.0,596.0,597.0,584.0,583.0,583.0,603.0,596.0,597.0,1151.0,1158.0,1164.0,603.0,596.0,597.0,584.0,583.0,583.0
1.0,3454.0,1786.0,1753.0,1796.0,1795.0,598.0,599.0,598.0,585.0,584.0,584.0,595.0,596.0,595.0,1149.0,1153.0,1152.0,598.0,599.0,598.0,585.0,584.0,584.0
1.0,3464.0,1780.0,1753.0,1795.0,1780.0,593.0,597.0,590.0,585.0,584.0,584.0,593.0,597.0,590.0,1157.0,1153.0,1154.0,593.0,597.0,590.0,585.0,584.0,584.0
1.0,3479.0,1771.0,1755.0,1780.0,1777.0,601.0,582.0,594.0,586.0,584.0,585.0,598.0,582.0,591.0,1162.0,1155.0,1162.0,601.0,582.0,594.0,586.0,584.0,585.0
1.0,3488.0,1792.0,1755.0,1777.0,1792.0,600.0,595.0,597.0,586.0,584.0,585.0,600.0,595.0,597.0,1157.0,1170.0,1161.0,600.0,595.0,597.0,586.0,584.0,585.0
1.0,3473.0,1782.0,1755.0,1792.0,1782.0,586.0,595.0,601.0,586.0,584.0,585.0,586.0,595.0,601.0,1158.0,1157.0,1158.0,586.0,595.0,601.0,586.0,584.0,585.0
1.0,3483.0,1794.0,1756.0,1782.0,1797.0,593.0,605.0,599.0,586.0,584.0,586.0,593.0,605.0,596.0,1172.0,1157.0,1154.0,593.0,605.0,599.0,586.0,584.0,586.0
1.0,3471.0,1798.0,1758.0,1797.0,1804.0,595.0,598.0,611.0,587.0,585.0,586.0,592.0,595.0,611.0,1165.0,1147.0,1159.0,595.0,598.0,611.0,587.0,585.0,586.0
1.0,3470.0,1743.0,1758.0,1804.0,1743.0,565.0,588.0,590.0,586.0,585.0,587.0,568.0,588.0,587.0,1166.0,1157.0,1147.0,565.0,588.0,590.0,586.0,585.0,587.0
1.0,3531.0,1754.0,1759.0,1743.0,1757.0,576.0,596.0,585.0,586.0,586.0,587.0,576.0,593.0,585.0,1193.0,1167.0,1171.0,576.0,596.0,585.0,586.0,586.0,587.0
1.0,3520.0,1771.0,1759.0,1757.0,1771.0,587.0,590.0,594.0,586.0,586.0,587.0,587.0,590.0,594.0,1182.0,1162.0,1176.0,587.0,590.0,594.0,586.0,586.0,587.0
1.0,3506.0,1728.0,1759.0,1771.0,1728.0,583.0,567.0,578.0,586.0,586.0,587.0,583.0,567.0,578.0,1171.0,1168.0,1167.0,583.0,567.0,578.0,586.0,586.0,587.0
1.0,3549.0,1761.0,1760.0,1728.0,1764.0,591.0,579.0,594.0,586.0,586.0,588.0,591.0,579.0,591.0,1175.0,1191.0,1183.0,591.0,579.0,594.0,586.0,586.0,588.0
1.0,3516.0,1777.0,1762.0,1764.0,1783.0,604.0,591.0,588.0,587.0,587.0,588.0,601.0,588.0,588.0,1167.0,1179.0,1170.0,604.0,591.0,588.0,587.0,587.0,588.0
1.0,3503.0,1770.0,1762.0,1783.0,1770.0,588.0,596.0,586.0,587.0,587.0,588.0,588.0,596.0,586.0,1157.0,1170.0,1176.0,588.0,596.0,586.0,587.0,587.0,588.0
1.0,3516.0,1744.0,1762.0,1770.0,1744.0,599.0,577.0,568.0,587.0,587.0,588.0,599.0,577.0,568.0,1173.0,1165.0,1178.0,599.0,577.0,568.0,587.0,587.0,588.0
1.0,3542.0,1785.0,1764.0,1744.0,1791.0,599.0,600.0,592.0,588.0,588.0,588.0,596.0,597.0,592.0,1162.0,1184.0,1196.0,599.0,600.0,592.0,588.0,588.0,588.0
1.0,3501.0,1775.0,1763.0,1791.0,1772.0,591.0,584.0,597.0,588.0,587.0,588.0,591.0,587.0,597.0,1165.0,1164.0,1172.0,591.0,584.0,597.0,588.0,587.0,588.0
1.0,3517.0,1764.0,1764.0,1772.0,1767.0,579.0,603.0,585.0,588.0,588.0,588.0,579.0,600.0,585.0,1173.0,1177.0,1167.0,579.0,603.0,585.0,588.0,588.0,588.0
1.0,3525.0,1807.0,1765.0,1767.0,1810.0,600.0,598.0,612.0,588.0,588.0,589.0,600.0,598.0,609.0,1185.0,1161.0,1179.0,600.0,598.0,612.0,588.0,588.0,589.0
1.0,3485.0,1844.0,1767.0,1810.0,1850.0,613.0,624.0,613.0,589.0,589.0,589.0,610.0,621.0,613.0,1164.0,1166.0,1155.0,613.0,624.0,613.0,589.0,589.0,589.0
1.0,3451.0,1790.0,1767.0,1850.0,1790.0,591.0,603.0,596.0,589.0,589.0,589.0,591.0,603.0,596.0,1154.0,1143.0,1154.0,591.0,603.0,596.0,589.0,589.0,589.0
1.0,3511.0,1826.0,1768.0,1790.0,1829.0,593.0,617.0,619.0,589.0,589.0,590.0,593.0,617.0,616.0,1176.0,1164.0,1171.0,593.0,617.0,619.0,589.0,589.0,590.0
1.0,3475.0,1756.0,1768.0,1829.0,1756.0,587.0,586.0,583.0,589.0,589.0,590.0,587.0,586.0,583.0,1174.0,1150.0,1151.0,587.0,586.0,583.0,589.0,589.0,590.0
1.0,3548.0,1733.0,1766.0,1756.0,1727.0,571.0,575.0,581.0,588.0,589.0,589.0,574.0,575.0,584.0,1180.0,1181.0,1187.0,571.0,575.0,581.0,588.0,589.0,589.0
1.0,3571.0,1770.0,1767.0,1727.0,1773.0,591.0,591.0,591.0,589.0,589.0,589.0,588.0,591.0,591.0,1193.0,1192.0,1186.0,591.0,591.0,591.0,589.0,589.0,589.0
1.0,3528.0,1804.0,1769.0,1773.0,1810.0,603.0,608.0,599.0,589.0,590.0,590.0,603.0,605.0,596.0,1176.0,1176.0,1176.0,603.0,608.0,599.0,589.0,590.0,590.0
1.0,3497.0,1751.0,1770.0,1810.0,1754.0,583.0,578.0,593.0,589.0,590.0,591.0,583.0,578.0,590.0,1164.0,1162.0,1171.0,583.0,578.0,593.0,589.0,590.0,591.0
1.0,3556.0,1800.0,1771.0,1754.0,1803.0,605.0,593.0,605.0,590.0,590.0,591.0,602.0,593.0,605.0,1184.0,1192.0,1180.0,605.0,593.0,605.0,590.0,590.0,591.0
1.0,3510.0,1803.0,1771.0,1803.0,1803.0,612.0,590.0,601.0,590.0,590.0,591.0,612.0,590.0,601.0,1165.0,1177.0,1168.0,612.0,590.0,601.0,590.0,590.0,591.0
1.0,3510.0,1770.0,1773.0,1803.0,1776.0,590.0,589.0,597.0,590.0,591.0,592.0,590.0,586.0,594.0,1158.0,1180.0,1172.0,590.0,589.0,597.0,590.0,591.0,592.0
1.0,3543.0,1777.0,1774.0,1776.0,1780.0,608.0,580.0,592.0,591.0,591.0,592.0,605.0,580.0,592.0,1180.0,1184.0,1179.0,608.0,580.0,592.0,591.0,591.0,592.0
1.0,3542.0,1824.0,1774.0,1780.0,1824.0,607.0,606.0,611.0,591.0,591.0,592.0,607.0,606.0,611.0,1165.0,1193.0,1184.0,607.0,606.0,611.0,591.0,591.0,592.0
1.0,3498.0,1824.0,1775.0,1824.0,1827.0,618.0,608.0,601.0,592.0,591.0,592.0,615.0,608.0,601.0,1166.0,1167.0,1165.0,618.0,608.0,601.0,592.0,591.0,592.0
1.0,3498.0,1803.0,1775.0,1827.0,1803.0,605.0,598.0,600.0,592.0,591.0,592.0,605.0,598.0,600.0,1158.0,1165.0,1175.0,605.0,598.0,600.0,592.0,591.0,592.0
1.0,3522.0,1835.0,1778.0,1803.0,1844.0,605.0,616.0,623.0,593.0,592.0,593.0,602.0,613.0,620.0,1171.0,1175.0,1176.0,605.0,616.0,623.0,593.0,592.0,593.0
1.0,3490.0,1757.0,1777.0,1844.0,1754.0,574.0,600.0,580.0,592.0,592.0,593.0,577.0,600.0,580.0,1174.0,1160.0,1156.0,574.0,600.0,580.0,592.0,592.0,593.0
1.0,3577.0,1757.0,1778.0,1754.0,1760.0,576.0,591.0,593.0,592.0,593.0,593.0,576.0,588.0,593.0,1202.0,1176.0,1199.0,576.0,591.0,593.0,592.0,593.0,593.0
1.0,3574.0,1770.0,1778.0,1760.0,1770.0,588.0,598.0,584.0,592.0,593.0,593.0,588.0,598.0,584.0,1200.0,1188.0,1186.0,588.0,598.0,584.0,592.0,593.0,593.0
1.0,3564.0,1741.0,1777.0,1770.0,1738.0,579.0,575.0,584.0,592.0,592.0,593.0,579.0,578.0,584.0,1188.0,1181.0,1195.0,579.0,575.0,584.0,592.0,592.0,593.0
1.0,3593.0,1813.0,1779.0,1738.0,1819.0,600.0,605.0,614.0,592.0,593.0,594.0,600.0,602.0,611.0,1197.0,1201.0,1195.0,600.0,605.0,614.0,592.0,593.0,594.0
1.0,3518.0,1714.0,1777.0,1819.0,1708.0,568.0,564.0,576.0,592.0,592.0,593.0,568.0,567.0,579.0,1176.0,1174.0,1168.0,568.0,564.0,576.0,592.0,592.0,593.0
1.0,3623.0,1797.0,1778.0,1708.0,1800.0,600.0,591.0,609.0,592.0,592.0,594.0,600.0,591.0,606.0,1208.0,1212.0,1203.0,600.0,591.0,609.0,592.0,592.0,594.0
1.0,3534.0,1811.0,1779.0,1800.0,1814.0,604.0,596.0,614.0,593.0,592.0,594.0,601.0,596.0,614.0,1176.0,1185.0,1173.0,604.0,596.0,614.0,593.0,592.0,594.0
1.0,3523.0,1881.0,1781.0,1814.0,1887.0,624.0,628.0,635.0,593.0,593.0,595.0,624.0,625.0,632.0,1175.0,1180.0,1168.0,624.0,628.0,635.0,593.0,593.0,595.0
1.0,3456.0,1825.0,1781.0,1887.0,1825.0,614.0,601.0,610.0,593.0,593.0,595.0,614.0,601.0,610.0,1155.0,1151.0,1150.0,614.0,601.0,610.0,593.0,593.0,595.0
1.0,3518.0,1820.0,1783.0,1825.0,1826.0,621.0,592.0,613.0,594.0,593.0,596.0,618.0,592.0,610.0,1165.0,1178.0,1175.0,621.0,592.0,613.0,594.0,593.0,596.0
1.0,3523.0,1819.0,1784.0,1826.0,1822.0,610.0,607.0,605.0,594.0,594.0,596.0,610.0,604.0,605.0,1161.0,1187.0,1175.0,610.0,607.0,605.0,594.0,594.0,596.0
1.0,3530.0,1751.0,1783.0,1822.0,1748.0,587.0,575.0,586.0,594.0,593.0,596.0,587.0,578.0,586.0,1172.0,1175.0,1183.0,587.0,575.0,586.0,594.0,593.0,596.0
1.0,3601.0,1758.0,1783.0,1748.0,1758.0,580.0,594.0,584.0,594.0,593.0,596.0,580.0,594.0,584.0,1195.0,1204.0,1202.0,580.0,594.0,584.0,594.0,593.0,596.0
1.0,3591.0,1771.0,1784.0,1758.0,1774.0,587.0,590.0,597.0,594.0,594.0,596.0,587.0,587.0,597.0,1202.0,1185.0,1204.0,587.0,590.0,597.0,594.0,594.0,596.0
1.0,3578.0,1767.0,1784.0,1774.0,1767.0,577.0,605.0,585.0,594.0,594.0,596.0,577.0,605.0,585.0,1195.0,1192.0,1191.0,577.0,605.0,585.0,594.0,594.0,596.0
1.0,3585.0,1773.0,1783.0,1767.0,1770.0,582.0,607.0,581.0,593.0,594.0,596.0,585.0,607.0,581.0,1205.0,1177.0,1203.0,582.0,607.0,581.0,593.0,594.0,596.0
1.0,3579.0,1719.0,1782.0,1770.0,1716.0,567.0,582.0,567.0,593.0,594.0,595.0,567.0,582.0,570.0,1197.0,1175.0,1207.0,567.0,582.0,567.0,593.0,594.0,595.0
1.0,3630.0,1782.0,1782.0,1716.0,1782.0,591.0,606.0,585.0,593.0,594.0,595.0,591.0,606.0,585.0,1212.0,1200.0,1218.0,591.0,606.0,585.0,593.0,594.0,595.0
1.0,3564.0,1784.0,1782.0,1782.0,1784.0,589.0,596.0,599.0,593.0,594.0,595.0,589.0,596.0,599.0,1188.0,1176.0,1200.0,589.0,596.0,599.0,593.0,594.0,595.0
1.0,3562.0,1789.0,1782.0,1784.0,1789.0,599.0,591.0,599.0,593.0,594.0,595.0,599.0,591.0,599.0,1190.0,1186.0,1186.0,599.0,591.0,599.0,593.0,594.0,595.0
1.0,3557.0,1828.0,1782.0,1789.0,1828.0,614.0,612.0,602.0,593.0,594.0,595.0,614.0,612.0,602.0,1180.0,1191.0,1186.0,614.0,612.0,602.0,593.0,594.0,595.0
1.0,3518.0,1872.0,1785.0,1828.0,1881.0,635.0,622.0,624.0,594.0,595.0,596.0,632.0,619.0,621.0,1165.0,1170.0,1183.0,635.0,622.0,624.0,594.0,595.0,596.0
1.0,3474.0,1832.0,1785.0,1881.0,1832.0,615.0,606.0,611.0,594.0,595.0,596.0,615.0,606.0,611.0,1147.0,1163.0,1164.0,615.0,606.0,611.0,594.0,595.0,596.0
1.0,3523.0,1818.0,1786.0,1832.0,1821.0,607.0,612.0,602.0,595.0,595.0,596.0,604.0,612.0,602.0,1167.0,1179.0,1177.0,607.0,612.0,602.0,595.0,595.0,596.0
1.0,3537.0,1824.0,1789.0,1821.0,1833.0,614.0,605.0,614.0,596.0,596.0,597.0,611.0,602.0,611.0,1178.0,1173.0,1186.0,614.0,605.0,614.0,596.0,596.0,597.0
1.0,3534.0,1758.0,1787.0,1833.0,1752.0,573.0,584.0,595.0,595.0,595.0,597.0,576.0,587.0,595.0,1174.0,1183.0,1177.0,573.0,584.0,595.0,595.0,595.0,597.0
1.0,3609.0,1754.0,1788.0,1752.0,1757.0,582.0,582.0,593.0,595.0,596.0,597.0,582.0,579.0,593.0,1212.0,1201.0,1196.0,582.0,582.0,593.0,595.0,596.0,597.0
1.0,3607.0,1834.0,1789.0,1757.0,1837.0,609.0,608.0,620.0,596.0,596.0,597.0,606.0,608.0,620.0,1203.0,1206.0,1198.0,609.0,608.0,620.0,596.0,596.0,597.0
1.0,3530.0,1801.0,1789.0,1837.0,1801.0,585.0,594.0,622.0,595.0,596.0,598.0,588.0,594.0,619.0,1179.0,1180.0,1171.0,585.0,594.0,622.0,595.0,596.0,598.0
1.0,3566.0,1761.0,1789.0,1801.0,1761.0,574.0,593.0,594.0,595.0,596.0,598.0,574.0,593.0,594.0,1200.0,1194.0,1172.0,574.0,593.0,594.0,595.0,596.0,598.0
1.0,3606.0,1812.0,1791.0,1761.0,1818.0,601.0,605.0,612.0,595.0,597.0,599.0,601.0,602.0,609.0,1211.0,1195.0,1200.0,601.0,605.0,612.0,595.0,597.0,599.0
1.0,3555.0,1793.0,1791.0,1818.0,1793.0,597.0,601.0,595.0,595.0,597.0,599.0,597.0,601.0,595.0,1184.0,1186.0,1185.0,597.0,601.0,595.0,595.0,597.0,599.0
1.0,3580.0,1785.0,1791.0,1793.0,1785.0,592.0,600.0,593.0,595.0,597.0,599.0,592.0,600.0,593.0,1188.0,1190.0,1202.0,592.0,600.0,593.0,595.0,597.0,599.0
1.0,3588.0,1851.0,1793.0,1785.0,1857.0,625.0,624.0,608.0,596.0,598.0,599.0,622.0,621.0,608.0,1193.0,1191.0,1204.0,625.0,624.0,608.0,596.0,598.0,599.0
1.0,3522.0,1827.0,1793.0,1857.0,1827.0,618.0,611.0,598.0,596.0,598.0,599.0,618.0,611.0,598.0,1163.0,1170.0,1189.0,618.0,611.0,598.0,596.0,598.0,599.0
1.0,3552.0,1843.0,1793.0,1827.0,1843.0,610.0,623.0,610.0,596.0,598.0,599.0,610.0,623.0,610.0,1170.0,1183.0,1199.0,610.0,623.0,610.0,596.0,598.0,599.0
1.0,3536.0,1839.0,1794.0,1843.0,1842.0,625.0,621.0,596.0,597.0,598.0,599.0,622.0,621.0,596.0,1178.0,1171.0,1187.0,625.0,621.0,596.0,597.0,598.0,599.0
1.0,3540.0,1835.0,1795.0,1842.0,1838.0,624.0,611.0,603.0,598.0,598.0,599.0,621.0,611.0,603.0,1166.0,1173.0,1201.0,624.0,611.0,603.0,598.0,598.0,599.0
1.0,3547.0,1829.0,1795.0,1838.0,1829.0,611.0,609.0,609.0,598.0,598.0,599.0,611.0,609.0,609.0,1170.0,1183.0,1194.0,611.0,609.0,609.0,598.0,598.0,599.0
1.0,3556.0,1761.0,1797.0,1829.0,1767.0,587.0,586.0,594.0,598.0,599.0,600.0,587.0,583.0,591.0,1183.0,1185.0,1188.0,587.0,586.0,594.0,598.0,599.0,600.0
1.0,3624.0,1836.0,1798.0,1767.0,1839.0,603.0,617.0,619.0,599.0,599.0,600.0,600.0,617.0,619.0,1207.0,1211.0,1206.0,603.0,617.0,619.0,599.0,599.0,600.0
1.0,3555.0,1701.0,1796.0,1839.0,1695.0,563.0,561.0,571.0,598.0,598.0,600.0,566.0,564.0,571.0,1194.0,1180.0,1181.0,563.0,561.0,571.0,598.0,598.0,600.0
1.0,3693.0,1777.0,1796.0,1695.0,1777.0,596.0,578.0,603.0,598.0,598.0,600.0,596.0,578.0,603.0,1231.0,1233.0,1229.0,596.0,578.0,603.0,598.0,598.0,600.0
1.0,3611.0,1801.0,1796.0,1777.0,1801.0,595.0,595.0,611.0,598.0,598.0,600.0,595.0,595.0,611.0,1198.0,1216.0,1197.0,595.0,595.0,611.0,598.0,598.0,600.0
1.0,3587.0,1789.0,1796.0,1801.0,1789.0,592.0,584.0,613.0,598.0,598.0,600.0,592.0,584.0,613.0,1199.0,1199.0,1189.0,592.0,584.0,613.0,598.0,598.0,600.0
1.0,3599.0,1837.0,1798.0,1789.0,1843.0,610.0,616.0,617.0,598.0,599.0,601.0,610.0,613.0,614.0,1202.0,1210.0,1187.0,610.0,616.0,617.0,598.0,599.0,601.0
1.0,3551.0,1838.0,1798.0,1843.0,1838.0,607.0,615.0,616.0,598.0,599.0,601.0,607.0,615.0,616.0,1184.0,1181.0,1186.0,607.0,615.0,616.0,598.0,599.0,601.0
1.0,3556.0,1870.0,1799.0,1838.0,1873.0,622.0,626.0,625.0,598.0,600.0,601.0,622.0,623.0,625.0,1187.0,1182.0,1187.0,622.0,626.0,625.0,598.0,600.0,601.0
1.0,3524.0,1862.0,1800.0,1873.0,1865.0,625.0,625.0,615.0,598.0,600.0,602.0,625.0,625.0,612.0,1172.0,1174.0,1178.0,625.0,625.0,615.0,598.0,600.0,602.0
1.0,3535.0,1837.0,1801.0,1865.0,1840.0,622.0,607.0,611.0,599.0,600.0,602.0,619.0,607.0,611.0,1169.0,1175.0,1191.0,622.0,607.0,611.0,599.0,600.0,602.0
1.0,3563.0,1803.0,1800.0,1840.0,1800.0,612.0,595.0,593.0,599.0,600.0,601.0,612.0,595.0,596.0,1175.0,1193.0,1195.0,612.0,595.0,593.0,599.0,600.0,601.0
1.0,3600.0,1853.0,1802.0,1800.0,1859.0,620.0,626.0,613.0,600.0,600.0,602.0,617.0,626.0,610.0,1185.0,1205.0,1210.0,620.0,626.0,613.0,600.0,600.0,602.0
1.0,3547.0,1849.0,1803.0,1859.0,1852.0,615.0,626.0,611.0,600.0,601.0,602.0,615.0,623.0,611.0,1180.0,1174.0,1193.0,615.0,626.0,611.0,600.0,601.0,602.0
1.0,3557.0,1793.0,1804.0,1852.0,1796.0,599.0,606.0,591.0,601.0,601.0,602.0,596.0,606.0,591.0,1185.0,1177.0,1195.0,599.0,606.0,591.0,601.0,601.0,602.0
1.0,3616.0,1792.0,1805.0,1796.0,1795.0,601.0,603.0,591.0,601.0,602.0,602.0,601.0,600.0,591.0,1204.0,1197.0,1215.0,601.0,603.0,591.0,601.0,602.0,602.0
1.0,3620.0,1795.0,1805.0,1795.0,1795.0,600.0,604.0,591.0,601.0,602.0,602.0,600.0,604.0,591.0,1202.0,1203.0,1215.0,600.0,604.0,591.0,601.0,602.0,602.0
1.0,3620.0,1786.0,1806.0,1795.0,1789.0,610.0,587.0,592.0,602.0,602.0,602.0,607.0,587.0,592.0,1203.0,1202.0,1215.0,610.0,587.0,592.0,602.0,602.0,602.0
1.0,3629.0,1886.0,1808.0,1789.0,1892.0,632.0,622.0,638.0,602.0,603.0,603.0,632.0,619.0,635.0,1196.0,1219.0,1214.0,632.0,622.0,638.0,602.0,603.0,603.0
1.0,3532.0,1833.0,1809.0,1892.0,1836.0,620.0,606.0,610.0,603.0,603.0,603.0,617.0,606.0,610.0,1174.0,1187.0,1171.0,620.0,606.0,610.0,603.0,603.0,603.0
1.0,3591.0,1836.0,1807.0,1836.0,1830.0,606.0,613.0,611.0,602.0,603.0,602.0,609.0,613.0,614.0,1189.0,1203.0,1199.0,606.0,613.0,611.0,602.0,603.0,602.0
1.0,3591.0,1866.0,1808.0,1830.0,1869.0,618.0,618.0,633.0,602.0,603.0,603.0,618.0,618.0,630.0,1200.0,1196.0,1195.0,618.0,618.0,633.0,602.0,603.0,603.0
1.0,3555.0,1889.0,1810.0,1869.0,1895.0,638.0,623.0,634.0,603.0,604.0,603.0,635.0,620.0,634.0,1188.0,1191.0,1176.0,638.0,623.0,634.0,603.0,604.0,603.0
1.0,3535.0,1820.0,1809.0,1895.0,1817.0,607.0,596.0,614.0,603.0,603.0,603.0,607.0,599.0,614.0,1171.0,1189.0,1175.0,607.0,596.0,614.0,603.0,603.0,603.0
1.0,3610.0,1884.0,1812.0,1817.0,1893.0,632.0,629.0,632.0,604.0,604.0,604.0,629.0,626.0,629.0,1202.0,1213.0,1195.0,632.0,629.0,632.0,604.0,604.0,604.0
1.0,3543.0,1814.0,1813.0,1893.0,1817.0,611.0,594.0,612.0,604.0,604.0,605.0,611.0,594.0,609.0,1180.0,1183.0,1180.0,611.0,594.0,612.0,604.0,604.0,605.0
1.0,3622.0,1823.0,1814.0,1817.0,1826.0,626.0,591.0,609.0,605.0,604.0,605.0,623.0,591.0,609.0,1201.0,1218.0,1203.0,626.0,591.0,609.0,605.0,604.0,605.0
1.0,3616.0,1787.0,1814.0,1826.0,1787.0,588.0,598.0,601.0,605.0,604.0,605.0,588.0,598.0,601.0,1189.0,1221.0,1206.0,588.0,598.0,601.0,605.0,604.0,605.0
1.0,3655.0,1903.0,1817.0,1787.0,1912.0,636.0,633.0,643.0,606.0,605.0,606.0,633.0,630.0,640.0,1227.0,1214.0,1214.0,636.0,633.0,643.0,606.0,605.0,606.0
1.0,3539.0,1842.0,1819.0,1912.0,1848.0,610.0,619.0,619.0,607.0,605.0,607.0,607.0,619.0,616.0,1182.0,1182.0,1175.0,610.0,619.0,619.0,607.0,605.0,607.0
1.0,3609.0,1837.0,1821.0,1848.0,1843.0,614.0,618.0,611.0,607.0,606.0,608.0,614.0,615.0,608.0,1211.0,1196.0,1202.0,614.0,618.0,611.0,607.0,606.0,608.0
1.0,3620.0,1856.0,1822.0,1843.0,1859.0,612.0,632.0,615.0,608.0,606.0,608.0,609.0,632.0,615.0,1207.0,1200.0,1213.0,612.0,632.0,615.0,608.0,606.0,608.0
1.0,3607.0,1801.0,1822.0,1859.0,1801.0,580.0,611.0,610.0,607.0,607.0,608.0,583.0,608.0,610.0,1212.0,1186.0,1209.0,580.0,611.0,610.0,607.0,607.0,608.0
1.0,3665.0,1863.0,1823.0,1801.0,1866.0,609.0,632.0,625.0,607.0,607.0,609.0,609.0,632.0,622.0,1241.0,1210.0,1214.0,609.0,632.0,625.0,607.0,607.0,609.0
1.0,3603.0,1878.0,1823.0,1866.0,1878.0,623.0,626.0,629.0,607.0,607.0,609.0,623.0,626.0,629.0,1212.0,1189.0,1202.0,623.0,626.0,629.0,607.0,607.0,609.0
1.0,3591.0,1844.0,1823.0,1878.0,1844.0,624.0,620.0,600.0,607.0,607.0,609.0,624.0,620.0,600.0,1198.0,1195.0,1198.0,624.0,620.0,600.0,607.0,607.0,609.0
1.0,3625.0,1788.0,1822.0,1844.0,1785.0,607.0,587.0,591.0,607.0,607.0,608.0,607.0,587.0,594.0,1197.0,1201.0,1227.0,607.0,587.0,591.0,607.0,607.0,608.0
1.0,3681.0,1855.0,1824.0,1785.0,1861.0,629.0,613.0,619.0,608.0,607.0,609.0,626.0,613.0,616.0,1214.0,1234.0,1233.0,629.0,613.0,619.0,608.0,607.0,609.0
1.0,3611.0,1792.0,1824.0,1861.0,1792.0,609.0,586.0,597.0,608.0,607.0,609.0,609.0,586.0,597.0,1195.0,1208.0,1208.0,609.0,586.0,597.0,608.0,607.0,609.0
1.0,3680.0,1778.0,1824.0,1792.0,1778.0,596.0,591.0,591.0,608.0,607.0,609.0,596.0,591.0,591.0,1215.0,1235.0,1230.0,596.0,591.0,591.0,608.0,607.0,609.0
1.0,3694.0,1827.0,1824.0,1778.0,1827.0,621.0,595.0,611.0,609.0,607.0,608.0,618.0,595.0,614.0,1228.0,1230.0,1236.0,621.0,595.0,611.0,609.0,607.0,608.0
1.0,3645.0,1794.0,1824.0,1827.0,1794.0,599.0,592.0,603.0,609.0,607.0,608.0,599.0,592.0,603.0,1206.0,1226.0,1213.0,599.0,592.0,603.0,609.0,607.0,608.0
1.0,3678.0,1826.0,1825.0,1794.0,1829.0,617.0,602.0,610.0,610.0,607.0,608.0,614.0,602.0,610.0,1228.0,1229.0,1221.0,617.0,602.0,610.0,610.0,607.0,608.0
1.0,3646.0,1869.0,1827.0,1829.0,1875.0,618.0,632.0,625.0,610.0,608.0,609.0,618.0,629.0,622.0,1213.0,1219.0,1214.0,618.0,632.0,625.0,610.0,608.0,609.0
1.0,3606.0,1897.0,1829.0,1875.0,1903.0,632.0,631.0,640.0,611.0,608.0,610.0,629.0,631.0,637.0,1212.0,1192.0,1202.0,632.0,631.0,640.0,611.0,608.0,610.0
1.0,3584.0,1837.0,1830.0,1903.0,1840.0,599.0,625.0,616.0,611.0,609.0,610.0,599.0,622.0,616.0,1201.0,1193.0,1190.0,599.0,625.0,616.0,611.0,609.0,610.0
1.0,3650.0,1882.0,1830.0,1840.0,1882.0,618.0,639.0,625.0,611.0,609.0,610.0,618.0,639.0,625.0,1234.0,1202.0,1214.0,618.0,639.0,625.0,611.0,609.0,610.0
1.0,3608.0,1937.0,1832.0,1882.0,1943.0,643.0,648.0,652.0,611.0,610.0,611.0,643.0,645.0,649.0,1215.0,1188.0,1205.0,643.0,648.0,652.0,611.0,610.0,611.0
1.0,3553.0,1872.0,1833.0,1943.0,1875.0,616.0,623.0,636.0,611.0,610.0,612.0,616.0,623.0,633.0,1190.0,1182.0,1181.0,616.0,623.0,636.0,611.0,610.0,612.0
1.0,3624.0,1875.0,1833.0,1875.0,1875.0,627.0,626.0,622.0,611.0,610.0,612.0,627.0,626.0,622.0,1217.0,1207.0,1200.0,627.0,626.0,622.0,611.0,610.0,612.0
1.0,3624.0,1827.0,1833.0,1875.0,1827.0,613.0,604.0,610.0,611.0,610.0,612.0,613.0,604.0,610.0,1206.0,1204.0,1214.0,613.0,604.0,610.0,611.0,610.0,612.0
1.0,3672.0,1840.0,1833.0,1827.0,1840.0,618.0,608.0,614.0,611.0,610.0,612.0,618.0,608.0,614.0,1220.0,1226.0,1226.0,618.0,608.0,614.0,611.0,610.0,612.0
1.0,3659.0,1816.0,1835.0,1840.0,1822.0,609.0,603.0,610.0,612.0,610.0,613.0,606.0,603.0,607.0,1215.0,1222.0,1222.0,609.0,603.0,610.0,612.0,610.0,613.0
1.0,3683.0,1818.0,1834.0,1822.0,1815.0,616.0,605.0,594.0,612.0,610.0,612.0,616.0,605.0,597.0,1227.0,1227.0,1229.0,616.0,605.0,594.0,612.0,610.0,612.0
1.0,3687.0,1801.0,1836.0,1815.0,1807.0,615.0,596.0,596.0,613.0,610.0,613.0,612.0,596.0,593.0,1220.0,1225.0,1242.0,615.0,596.0,596.0,613.0,610.0,613.0
1.0,3701.0,1775.0,1837.0,1807.0,1778.0,596.0,587.0,595.0,613.0,611.0,613.0,596.0,584.0,595.0,1224.0,1234.0,1243.0,596.0,587.0,595.0,613.0,611.0,613.0
1.0,3733.0,1845.0,1837.0,1778.0,1845.0,622.0,608.0,615.0,613.0,611.0,613.0,622.0,608.0,615.0,1243.0,1246.0,1244.0,622.0,608.0,615.0,613.0,611.0,613.0
1.0,3666.0,1828.0,1838.0,1845.0,1831.0,616.0,609.0,606.0,614.0,611.0,613.0,613.0,609.0,606.0,1217.0,1225.0,1224.0,616.0,609.0,606.0,614.0,611.0,613.0
1.0,3683.0,1826.0,1838.0,1831.0,1826.0,602.0,607.0,617.0,614.0,611.0,613.0,602.0,607.0,617.0,1226.0,1224.0,1233.0,602.0,607.0,617.0,614.0,611.0,613.0
1.0,3688.0,1911.0,1839.0,1826.0,1914.0,636.0,655.0,623.0,614.0,612.0,613.0,636.0,652.0,623.0,1240.0,1226.0,1222.0,636.0,655.0,623.0,614.0,612.0,613.0
1.0,3603.0,1878.0,1839.0,1914.0,1878.0,616.0,620.0,642.0,614.0,612.0,613.0,616.0,620.0,642.0,1206.0,1181.0,1216.0,616.0,620.0,642.0,614.0,612.0,613.0
1.0,3639.0,1843.0,1839.0,1878.0,1843.0,612.0,620.0,611.0,614.0,612.0,613.0,612.0,620.0,611.0,1226.0,1216.0,1197.0,612.0,620.0,611.0,614.0,612.0,613.0
1.0,3674.0,1916.0,1839.0,1843.0,1916.0,638.0,645.0,633.0,614.0,612.0,613.0,638.0,645.0,633.0,1230.0,1216.0,1228.0,638.0,645.0,633.0,614.0,612.0,613.0
1.0,3601.0,1924.0,1842.0,1916.0,1933.0,648.0,641.0,644.0,615.0,613.0,614.0,645.0,638.0,641.0,1204.0,1191.0,1206.0,648.0,641.0,644.0,615.0,613.0,614.0
1.0,3593.0,1867.0,1842.0,1933.0,1867.0,616.0,632.0,619.0,615.0,613.0,614.0,616.0,632.0,619.0,1197.0,1198.0,1198.0,616.0,632.0,619.0,615.0,613.0,614.0
1.0,3659.0,1843.0,1843.0,1867.0,1846.0,613.0,615.0,618.0,615.0,613.0,615.0,613.0,615.0,615.0,1229.0,1207.0,1223.0,613.0,615.0,618.0,615.0,613.0,615.0
1.0,3683.0,1840.0,1843.0,1846.0,1840.0,615.0,612.0,613.0,615.0,613.0,615.0,615.0,612.0,613.0,1232.0,1224.0,1227.0,615.0,612.0,613.0,615.0,613.0,615.0
1.0,3689.0,1838.0,1844.0,1840.0,1841.0,613.0,618.0,610.0,615.0,614.0,615.0,613.0,615.0,610.0,1230.0,1227.0,1232.0,613.0,618.0,610.0,615.0,614.0,615.0
1.0,3691.0,1856.0,1846.0,1841.0,1862.0,617.0,616.0,629.0,616.0,614.0,616.0,614.0,616.0,626.0,1232.0,1224.0,1235.0,617.0,616.0,629.0,616.0,614.0,616.0
1.0,3676.0,1816.0,1846.0,1862.0,1816.0,616.0,592.0,608.0,616.0,614.0,616.0,616.0,592.0,608.0,1231.0,1226.0,1219.0,616.0,592.0,608.0,616.0,614.0,616.0
1.0,3722.0,1828.0,1845.0,1816.0,1825.0,609.0,602.0,614.0,615.0,614.0,616.0,612.0,602.0,614.0,1232.0,1250.0,1240.0,609.0,602.0,614.0,615.0,614.0,616.0
1.0,3710.0,1862.0,1846.0,1825.0,1865.0,626.0,611.0,628.0,616.0,614.0,616.0,623.0,611.0,628.0,1236.0,1240.0,1234.0,626.0,611.0,628.0,616.0,614.0,616.0
1.0,3673.0,1854.0,1846.0,1865.0,1854.0,617.0,631.0,606.0,616.0,614.0,616.0,617.0,631.0,606.0,1222.0,1231.0,1220.0,617.0,631.0,606.0,616.0,614.0,616.0
1.0,3684.0,1847.0,1846.0,1854.0,1847.0,613.0,612.0,622.0,616.0,614.0,616.0,613.0,612.0,622.0,1231.0,1211.0,1242.0,613.0,612.0,622.0,616.0,614.0,616.0
1.0,3691.0,1839.0,1845.0,1847.0,1836.0,596.0,619.0,621.0,615.0,614.0,616.0,599.0,619.0,621.0,1235.0,1230.0,1226.0,596.0,619.0,621.0,615.0,614.0,616.0
1.0,3699.0,1859.0,1845.0,1836.0,1859.0,622.0,624.0,613.0,615.0,614.0,616.0,622.0,624.0,613.0,1249.0,1223.0,1227.0,622.0,624.0,613.0,615.0,614.0,616.0
1.0,3676.0,1871.0,1845.0,1859.0,1871.0,616.0,628.0,627.0,615.0,614.0,616.0,616.0,628.0,627.0,1223.0,1218.0,1235.0,616.0,628.0,627.0,615.0,614.0,616.0
1.0,3664.0,1822.0,1846.0,1871.0,1825.0,608.0,615.0,602.0,615.0,615.0,616.0,608.0,612.0,602.0,1229.0,1214.0,1221.0,608.0,615.0,602.0,615.0,615.0,616.0
1.0,3713.0,1815.0,1844.0,1825.0,1809.0,596.0,610.0,603.0,614.0,615.0,615.0,599.0,610.0,606.0,1237.0,1230.0,1246.0,596.0,610.0,603.0,614.0,615.0,615.0
1.0,3723.0,1813.0,1845.0,1809.0,1816.0,613.0,608.0,595.0,615.0,615.0,615.0,610.0,608.0,595.0,1246.0,1235.0,1242.0,613.0,608.0,595.0,615.0,615.0,615.0
1.0,3719.0,1813.0,1844.0,1816.0,1810.0,595.0,608.0,607.0,614.0,615.0,615.0,598.0,608.0,607.0,1232.0,1237.0,1250.0,595.0,608.0,607.0,614.0,615.0,615.0
1.0,3722.0,1855.0,1845.0,1810.0,1858.0,631.0,616.0,611.0,615.0,615.0,615.0,628.0,616.0,611.0,1247.0,1237.0,1238.0,631.0,616.0,611.0,615.0,615.0,615.0
1.0,3677.0,1898.0,1845.0,1858.0,1898.0,637.0,628.0,633.0,615.0,615.0,615.0,637.0,628.0,633.0,1214.0,1229.0,1234.0,637.0,628.0,633.0,615.0,615.0,615.0
1.0,3637.0,1892.0,1846.0,1898.0,1895.0,627.0,626.0,642.0,615.0,615.0,616.0,627.0,626.0,639.0,1208.0,1217.0,1212.0,627.0,626.0,642.0,615.0,615.0,616.0
1.0,3643.0,1885.0,1848.0,1895.0,1891.0,628.0,636.0,627.0,616.0,616.0,616.0,625.0,633.0,627.0,1218.0,1219.0,1206.0,628.0,636.0,627.0,616.0,616.0,616.0
1.0,3653.0,1878.0,1848.0,1891.0,1878.0,630.0,615.0,633.0,617.0,615.0,616.0,627.0,618.0,633.0,1220.0,1212.0,1221.0,630.0,615.0,633.0,617.0,615.0,616.0
1.0,3666.0,1897.0,1848.0,1878.0,1897.0,638.0,625.0,634.0,617.0,615.0,616.0,638.0,625.0,634.0,1221.0,1230.0,1215.0,638.0,625.0,634.0,617.0,615.0,616.0
1.0,3647.0,1899.0,1850.0,1897.0,1905.0,637.0,638.0,630.0,617.0,616.0,617.0,637.0,635.0,627.0,1213.0,1220.0,1214.0,637.0,638.0,630.0,617.0,616.0,617.0
1.0,3645.0,1891.0,1852.0,1905.0,1897.0,633.0,617.0,647.0,618.0,616.0,618.0,630.0,617.0,644.0,1214.0,1210.0,1221.0,633.0,617.0,647.0,618.0,616.0,618.0
1.0,3659.0,1871.0,1851.0,1897.0,1868.0,618.0,619.0,631.0,617.0,616.0,618.0,621.0,619.0,631.0,1221.0,1231.0,1207.0,618.0,619.0,631.0,617.0,616.0,618.0
1.0,3685.0,1825.0,1852.0,1868.0,1828.0,612.0,613.0,603.0,617.0,617.0,618.0,612.0,610.0,603.0,1233.0,1229.0,1223.0,612.0,613.0,603.0,617.0,617.0,618.0
1.0,3728.0,1852.0,1853.0,1828.0,1855.0,622.0,623.0,610.0,618.0,617.0,618.0,619.0,623.0,610.0,1239.0,1238.0,1251.0,622.0,623.0,610.0,618.0,617.0,618.0
1.0,3704.0,1791.0,1852.0,1855.0,1788.0,590.0,598.0,600.0,617.0,617.0,618.0,593.0,598.0,600.0,1232.0,1228.0,1244.0,590.0,598.0,600.0,617.0,617.0,618.0
1.0,3768.0,1849.0,1854.0,1788.0,1855.0,624.0,622.0,609.0,618.0,618.0,618.0,621.0,619.0,609.0,1261.0,1253.0,1254.0,624.0,622.0,609.0,618.0,618.0,618.0
1.0,3707.0,1834.0,1854.0,1855.0,1834.0,613.0,622.0,599.0,618.0,618.0,618.0,613.0,622.0,599.0,1230.0,1232.0,1245.0,613.0,622.0,599.0,618.0,618.0,618.0
1.0,3728.0,1879.0,1854.0,1834.0,1879.0,629.0,624.0,626.0,618.0,618.0,618.0,629.0,624.0,626.0,1241.0,1232.0,1255.0,629.0,624.0,626.0,618.0,618.0,618.0
1.0,3683.0,1895.0,1854.0,1879.0,1895.0,632.0,632.0,631.0,618.0,618.0,618.0,632.0,632.0,631.0,1225.0,1230.0,1228.0,632.0,632.0,631.0,618.0,618.0,618.0
1.0,3667.0,1893.0,1855.0,1895.0,1896.0,627.0,637.0,632.0,619.0,618.0,618.0,624.0,637.0,632.0,1222.0,1222.0,1223.0,627.0,637.0,632.0,619.0,618.0,618.0
1.0,3669.0,1945.0,1857.0,1896.0,1951.0,651.0,650.0,650.0,619.0,619.0,619.0,651.0,647.0,647.0,1230.0,1217.0,1222.0,651.0,650.0,650.0,619.0,619.0,619.0
1.0,3620.0,1921.0,1857.0,1951.0,1921.0,638.0,641.0,642.0,619.0,619.0,619.0,638.0,641.0,642.0,1206.0,1207.0,1207.0,638.0,641.0,642.0,619.0,619.0,619.0
1.0,3650.0,1922.0,1858.0,1921.0,1925.0,641.0,639.0,645.0,620.0,619.0,619.0,638.0,639.0,645.0,1219.0,1216.0,1215.0,641.0,639.0,645.0,620.0,619.0,619.0
1.0,3649.0,1867.0,1858.0,1925.0,1867.0,626.0,625.0,616.0,620.0,619.0,619.0,626.0,625.0,616.0,1219.0,1218.0,1212.0,626.0,625.0,616.0,620.0,619.0,619.0
1.0,3707.0,1856.0,1858.0,1867.0,1856.0,619.0,610.0,627.0,620.0,619.0,619.0,619.0,610.0,627.0,1234.0,1232.0,1241.0,619.0,610.0,627.0,620.0,619.0,619.0
1.0,3718.0,1861.0,1858.0,1856.0,1861.0,615.0,615.0,631.0,620.0,619.0,619.0,615.0,615.0,631.0,1241.0,1247.0,1230.0,615.0,615.0,631.0,620.0,619.0,619.0
1.0,3713.0,1869.0,1859.0,1861.0,1872.0,618.0,618.0,636.0,620.0,619.0,620.0,618.0,618.0,633.0,1245.0,1242.0,1226.0,618.0,618.0,636.0,620.0,619.0,620.0
1.0,3705.0,1826.0,1859.0,1872.0,1826.0,601.0,604.0,621.0,620.0,619.0,620.0,601.0,604.0,621.0,1242.0,1239.0,1224.0,601.0,604.0,621.0,620.0,619.0,620.0
1.0,3751.0,1811.0,1859.0,1826.0,1811.0,597.0,596.0,618.0,619.0,619.0,621.0,600.0,596.0,615.0,1259.0,1253.0,1239.0,597.0,596.0,618.0,619.0,619.0,621.0
1.0,3766.0,1870.0,1862.0,1811.0,1879.0,625.0,618.0,636.0,620.0,620.0,622.0,622.0,615.0,633.0,1260.0,1261.0,1245.0,625.0,618.0,636.0,620.0,620.0,622.0
1.0,3707.0,1904.0,1862.0,1879.0,1904.0,641.0,628.0,635.0,620.0,620.0,622.0,641.0,628.0,635.0,1235.0,1242.0,1230.0,641.0,628.0,635.0,620.0,620.0,622.0
1.0,3682.0,1880.0,1863.0,1904.0,1883.0,628.0,624.0,631.0,620.0,621.0,622.0,628.0,621.0,631.0,1219.0,1232.0,1231.0,628.0,624.0,631.0,620.0,621.0,622.0
1.0,3706.0,1946.0,1865.0,1883.0,1952.0,655.0,649.0,648.0,621.0,621.0,623.0,652.0,649.0,645.0,1232.0,1239.0,1235.0,655.0,649.0,648.0,621.0,621.0,623.0
1.0,3643.0,1922.0,1866.0,1952.0,1925.0,649.0,645.0,631.0,622.0,621.0,623.0,646.0,645.0,631.0,1208.0,1214.0,1221.0,649.0,645.0,631.0,622.0,621.0,623.0
1.0,3673.0,1900.0,1867.0,1925.0,1903.0,640.0,639.0,624.0,622.0,622.0,623.0,640.0,636.0,624.0,1217.0,1218.0,1238.0,640.0,639.0,624.0,622.0,622.0,623.0
1.0,3698.0,1894.0,1867.0,1903.0,1894.0,628.0,637.0,629.0,622.0,622.0,623.0,628.0,637.0,629.0,1226.0,1227.0,1245.0,628.0,637.0,629.0,622.0,622.0,623.0
1.0,3707.0,1915.0,1867.0,1894.0,1915.0,645.0,644.0,626.0,622.0,622.0,623.0,645.0,644.0,626.0,1238.0,1229.0,1240.0,645.0,644.0,626.0,622.0,622.0,623.0
1.0,3686.0,1886.0,1867.0,1915.0,1886.0,624.0,641.0,621.0,622.0,622.0,623.0,624.0,641.0,621.0,1221.0,1222.0,1243.0,624.0,641.0,621.0,622.0,622.0,623.0
1.0,3715.0,1871.0,1866.0,1886.0,1868.0,629.0,626.0,613.0,622.0,622.0,622.0,629.0,626.0,616.0,1242.0,1225.0,1248.0,629.0,626.0,613.0,622.0,622.0,622.0
1.0,3730.0,1862.0,1867.0,1868.0,1865.0,633.0,620.0,612.0,623.0,622.0,622.0,630.0,620.0,612.0,1237.0,1240.0,1253.0,633.0,620.0,612.0,623.0,622.0,622.0
1.0,3736.0,1859.0,1867.0,1865.0,1859.0,621.0,624.0,614.0,623.0,622.0,622.0,621.0,624.0,614.0,1236.0,1246.0,1254.0,621.0,624.0,614.0,623.0,622.0,622.0
1.0,3742.0,1806.0,1867.0,1859.0,1806.0,599.0,599.0,608.0,623.0,622.0,622.0,599.0,599.0,608.0,1248.0,1242.0,1252.0,599.0,599.0,608.0,623.0,622.0,622.0
1.0,3795.0,1867.0,1868.0,1806.0,1870.0,621.0,614.0,635.0,623.0,622.0,623.0,621.0,614.0,632.0,1270.0,1267.0,1258.0,621.0,614.0,635.0,623.0,622.0,623.0
1.0,3734.0,1865.0,1868.0,1870.0,1865.0,618.0,619.0,628.0,623.0,622.0,623.0,618.0,619.0,628.0,1248.0,1252.0,1234.0,618.0,619.0,628.0,623.0,622.0,623.0
1.0,3739.0,1898.0,1869.0,1865.0,1901.0,634.0,625.0,642.0,623.0,623.0,623.0,634.0,622.0,642.0,1251.0,1247.0,1241.0,634.0,625.0,642.0,623.0,623.0,623.0
1.0,3706.0,1878.0,1870.0,1901.0,1881.0,633.0,615.0,633.0,623.0,623.0,624.0,633.0,615.0,630.0,1235.0,1244.0,1227.0,633.0,615.0,633.0,623.0,623.0,624.0
1.0,3729.0,1934.0,1871.0,1881.0,1937.0,659.0,640.0,638.0,624.0,623.0,624.0,656.0,640.0,638.0,1236.0,1254.0,1239.0,659.0,640.0,638.0,624.0,623.0,624.0
1.0,3676.0,1906.0,1872.0,1937.0,1909.0,644.0,628.0,637.0,625.0,623.0,624.0,641.0,628.0,637.0,1213.0,1229.0,1234.0,644.0,628.0,637.0,625.0,623.0,624.0
1.0,3707.0,1920.0,1874.0,1909.0,1926.0,643.0,642.0,641.0,625.0,624.0,625.0,643.0,639.0,638.0,1231.0,1241.0,1235.0,643.0,642.0,641.0,625.0,624.0,625.0
1.0,3696.0,1897.0,1875.0,1926.0,1900.0,636.0,636.0,628.0,626.0,624.0,625.0,633.0,636.0,628.0,1232.0,1230.0,1234.0,636.0,636.0,628.0,626.0,624.0,625.0
1.0,3725.0,1970.0,1876.0,1900.0,1973.0,657.0,666.0,650.0,626.0,625.0,625.0,657.0,663.0,650.0,1242.0,1236.0,1247.0,657.0,666.0,650.0,626.0,625.0,625.0
1.0,3655.0,1868.0,1878.0,1973.0,1874.0,634.0,625.0,615.0,627.0,625.0,626.0,631.0,625.0,612.0,1221.0,1209.0,1225.0,634.0,625.0,615.0,627.0,625.0,626.0
1.0,3760.0,1848.0,1878.0,1874.0,1848.0,608.0,627.0,613.0,627.0,625.0,626.0,608.0,627.0,613.0,1247.0,1250.0,1263.0,608.0,627.0,613.0,627.0,625.0,626.0
1.0,3786.0,1885.0,1879.0,1848.0,1888.0,622.0,635.0,631.0,627.0,626.0,626.0,622.0,632.0,631.0,1273.0,1248.0,1265.0,622.0,635.0,631.0,627.0,626.0,626.0
1.0,3749.0,1839.0,1880.0,1888.0,1842.0,608.0,621.0,613.0,627.0,626.0,627.0,608.0,621.0,610.0,1259.0,1243.0,1247.0,608.0,621.0,613.0,627.0,626.0,627.0
1.0,3798.0,1872.0,1880.0,1842.0,1872.0,618.0,629.0,625.0,627.0,626.0,627.0,618.0,629.0,625.0,1273.0,1257.0,1268.0,618.0,629.0,625.0,627.0,626.0,627.0
1.0,3768.0,1857.0,1879.0,1872.0,1854.0,609.0,635.0,610.0,627.0,626.0,626.0,609.0,635.0,613.0,1263.0,1249.0,1256.0,609.0,635.0,610.0,627.0,626.0,626.0
1.0,3783.0,1879.0,1879.0,1854.0,1879.0,641.0,624.0,614.0,627.0,626.0,626.0,641.0,624.0,614.0,1272.0,1243.0,1268.0,641.0,624.0,614.0,627.0,626.0,626.0
1.0,3758.0,1900.0,1879.0,1879.0,1900.0,627.0,632.0,641.0,627.0,626.0,626.0,627.0,632.0,641.0,1240.0,1254.0,1264.0,627.0,632.0,641.0,627.0,626.0,626.0
1.0,3737.0,1936.0,1881.0,1900.0,1942.0,645.0,642.0,655.0,627.0,627.0,627.0,645.0,639.0,652.0,1254.0,1246.0,1237.0,645.0,642.0,655.0,627.0,627.0,627.0
1.0,3701.0,1916.0,1882.0,1942.0,1919.0,661.0,626.0,632.0,628.0,627.0,627.0,658.0,626.0,632.0,1236.0,1239.0,1226.0,661.0,626.0,632.0,628.0,627.0,627.0
1.0,3727.0,1969.0,1882.0,1919.0,1969.0,656.0,654.0,659.0,628.0,627.0,627.0,656.0,654.0,659.0,1223.0,1255.0,1249.0,656.0,654.0,659.0,628.0,627.0,627.0
1.0,3677.0,1948.0,1883.0,1969.0,1951.0,666.0,644.0,641.0,629.0,627.0,627.0,663.0,644.0,641.0,1228.0,1227.0,1222.0,666.0,644.0,641.0,629.0,627.0,627.0
1.0,3698.0,1887.0,1883.0,1951.0,1887.0,633.0,615.0,639.0,629.0,627.0,627.0,633.0,615.0,639.0,1221.0,1237.0,1240.0,633.0,615.0,639.0,629.0,627.0,627.0
1.0,3762.0,1888.0,1885.0,1887.0,1894.0,631.0,632.0,631.0,629.0,628.0,628.0,631.0,629.0,628.0,1254.0,1266.0,1242.0,631.0,632.0,631.0,629.0,628.0,628.0
1.0,3761.0,1905.0,1886.0,1894.0,1908.0,639.0,628.0,641.0,630.0,628.0,628.0,636.0,628.0,641.0,1256.0,1252.0,1253.0,639.0,628.0,641.0,630.0,628.0,628.0
1.0,3750.0,1912.0,1889.0,1908.0,1921.0,642.0,644.0,635.0,631.0,629.0,629.0,639.0,641.0,632.0,1251.0,1256.0,1243.0,642.0,644.0,635.0,631.0,629.0,629.0
1.0,3746.0,1915.0,1889.0,1921.0,1915.0,630.0,648.0,637.0,631.0,629.0,629.0,630.0,648.0,637.0,1251.0,1243.0,1252.0,630.0,648.0,637.0,631.0,629.0,629.0
1.0,3752.0,1868.0,1890.0,1915.0,1871.0,615.0,621.0,635.0,631.0,629.0,630.0,615.0,621.0,632.0,1263.0,1239.0,1250.0,615.0,621.0,635.0,631.0,629.0,630.0
1.0,3799.0,1888.0,1890.0,1871.0,1888.0,624.0,630.0,634.0,631.0,629.0,630.0,624.0,630.0,634.0,1278.0,1266.0,1255.0,624.0,630.0,634.0,631.0,629.0,630.0
1.0,3782.0,1989.0,1892.0,1888.0,1995.0,662.0,664.0,669.0,631.0,630.0,631.0,662.0,661.0,666.0,1269.0,1257.0,1256.0,662.0,664.0,669.0,631.0,630.0,631.0
1.0,3681.0,1887.0,1892.0,1995.0,1887.0,624.0,625.0,638.0,631.0,630.0,631.0,624.0,625.0,638.0,1231.0,1226.0,1224.0,624.0,625.0,638.0,631.0,630.0,631.0
1.0,3789.0,1934.0,1892.0,1887.0,1934.0,650.0,640.0,644.0,631.0,630.0,631.0,650.0,640.0,644.0,1269.0,1265.0,1255.0,650.0,640.0,644.0,631.0,630.0,631.0
1.0,3742.0,1995.0,1893.0,1934.0,1998.0,678.0,659.0,661.0,632.0,630.0,631.0,675.0,659.0,661.0,1243.0,1250.0,1249.0,678.0,659.0,661.0,632.0,630.0,631.0
1.0,3681.0,1901.0,1893.0,1998.0,1901.0,645.0,628.0,628.0,632.0,630.0,631.0,645.0,628.0,628.0,1218.0,1231.0,1232.0,645.0,628.0,628.0,632.0,630.0,631.0
1.0,3778.0,1923.0,1894.0,1901.0,1926.0,654.0,636.0,636.0,633.0,630.0,631.0,651.0,636.0,636.0,1251.0,1262.0,1265.0,654.0,636.0,636.0,633.0,630.0,631.0
1.0,3756.0,1953.0,1896.0,1926.0,1959.0,657.0,652.0,650.0,633.0,631.0,632.0,657.0,649.0,647.0,1245.0,1254.0,1257.0,657.0,652.0,650.0,633.0,631.0,632.0
1.0,3729.0,1878.0,1897.0,1959.0,1881.0,641.0,614.0,626.0,634.0,631.0,632.0,638.0,614.0,626.0,1242.0,1241.0,1246.0,641.0,614.0,626.0,634.0,631.0,632.0
1.0,3810.0,1875.0,1897.0,1881.0,1875.0,624.0,623.0,628.0,634.0,631.0,632.0,624.0,623.0,628.0,1261.0,1279.0,1270.0,624.0,623.0,628.0,634.0,631.0,632.0
1.0,3816.0,1895.0,1897.0,1875.0,1895.0,629.0,635.0,631.0,634.0,631.0,632.0,629.0,635.0,631.0,1278.0,1270.0,1268.0,629.0,635.0,631.0,634.0,631.0,632.0
1.0,3796.0,1933.0,1900.0,1895.0,1942.0,646.0,641.0,655.0,635.0,632.0,633.0,643.0,638.0,652.0,1273.0,1258.0,1265.0,646.0,641.0,655.0,635.0,632.0,633.0
1.0,3758.0,1898.0,1900.0,1942.0,1898.0,634.0,629.0,635.0,635.0,632.0,633.0,634.0,629.0,635.0,1259.0,1255.0,1244.0,634.0,629.0,635.0,635.0,632.0,633.0
1.0,3802.0,1865.0,1899.0,1898.0,1862.0,608.0,631.0,623.0,635.0,632.0,632.0,608.0,631.0,626.0,1271.0,1267.0,1264.0,608.0,631.0,623.0,635.0,632.0,632.0
1.0,3835.0,1885.0,1900.0,1862.0,1888.0,619.0,641.0,628.0,635.0,633.0,632.0,619.0,638.0,628.0,1297.0,1265.0,1273.0,619.0,641.0,628.0,635.0,633.0,632.0
1.0,3812.0,1942.0,1899.0,1888.0,1939.0,636.0,662.0,641.0,634.0,633.0,632.0,639.0,662.0,641.0,1286.0,1258.0,1268.0,636.0,662.0,641.0,634.0,633.0,632.0
1.0,3758.0,1985.0,1901.0,1939.0,1991.0,658.0,659.0,674.0,635.0,633.0,633.0,655.0,659.0,671.0,1266.0,1237.0,1255.0,658.0,659.0,674.0,635.0,633.0,633.0
1.0,3712.0,1957.0,1903.0,1991.0,1963.0,647.0,664.0,652.0,635.0,634.0,634.0,647.0,661.0,649.0,1247.0,1240.0,1225.0,647.0,664.0,652.0,635.0,634.0,634.0
1.0,3746.0,1933.0,1903.0,1963.0,1933.0,647.0,638.0,648.0,635.0,634.0,634.0,647.0,638.0,648.0,1258.0,1238.0,1250.0,647.0,638.0,648.0,635.0,634.0,634.0
1.0,3776.0,1941.0,1903.0,1933.0,1941.0,659.0,640.0,642.0,635.0,634.0,634.0,659.0,640.0,642.0,1258.0,1264.0,1254.0,659.0,640.0,642.0,635.0,634.0,634.0
1.0,3768.0,1929.0,1905.0,1941.0,1935.0,644.0,638.0,653.0,636.0,634.0,635.0,641.0,638.0,650.0,1246.0,1262.0,1260.0,644.0,638.0,653.0,636.0,634.0,635.0
1.0,3780.0,1916.0,1905.0,1935.0,1916.0,635.0,639.0,642.0,636.0,634.0,635.0,635.0,639.0,642.0,1264.0,1264.0,1252.0,635.0,639.0,642.0,636.0,634.0,635.0
1.0,3799.0,1936.0,1906.0,1916.0,1939.0,657.0,635.0,647.0,636.0,634.0,636.0,657.0,635.0,644.0,1273.0,1263.0,1263.0,657.0,635.0,647.0,636.0,634.0,636.0
1.0,3779.0,1879.0,1907.0,1939.0,1882.0,634.0,623.0,625.0,637.0,634.0,636.0,631.0,623.0,625.0,1251.0,1267.0,1261.0,634.0,623.0,625.0,637.0,634.0,636.0
1.0,3839.0,1876.0,1908.0,1882.0,1879.0,635.0,630.0,614.0,637.0,635.0,636.0,635.0,627.0,614.0,1277.0,1279.0,1283.0,635.0,630.0,614.0,637.0,635.0,636.0
1.0,3845.0,1924.0,1909.0,1879.0,1927.0,648.0,643.0,636.0,638.0,635.0,636.0,645.0,643.0,636.0,1276.0,1275.0,1294.0,648.0,643.0,636.0,638.0,635.0,636.0
1.0,3800.0,1843.0,1909.0,1927.0,1843.0,613.0,611.0,619.0,638.0,635.0,636.0,613.0,611.0,619.0,1266.0,1262.0,1272.0,613.0,611.0,619.0,638.0,635.0,636.0
1.0,3884.0,1888.0,1908.0,1843.0,1885.0,623.0,637.0,625.0,637.0,635.0,636.0,626.0,637.0,625.0,1301.0,1294.0,1289.0,623.0,637.0,625.0,637.0,635.0,636.0
1.0,3839.0,1918.0,1909.0,1885.0,1921.0,628.0,654.0,639.0,637.0,636.0,636.0,628.0,651.0,639.0,1288.0,1268.0,1283.0,628.0,654.0,639.0,637.0,636.0,636.0
1.0,3806.0,1929.0,1909.0,1921.0,1929.0,645.0,642.0,642.0,637.0,636.0,636.0,645.0,642.0,642.0,1283.0,1254.0,1269.0,645.0,642.0,642.0,637.0,636.0,636.0
1.0,3798.0,1913.0,1909.0,1929.0,1913.0,634.0,640.0,639.0,637.0,636.0,636.0,634.0,640.0,639.0,1266.0,1266.0,1266.0,634.0,640.0,639.0,637.0,636.0,636.0
1.0,3814.0,1941.0,1909.0,1913.0,1941.0,647.0,640.0,654.0,637.0,636.0,636.0,647.0,640.0,654.0,1277.0,1268.0,1269.0,647.0,640.0,654.0,637.0,636.0,636.0
1.0,3786.0,1915.0,1910.0,1941.0,1918.0,630.0,638.0,650.0,637.0,636.0,637.0,630.0,638.0,647.0,1264.0,1268.0,1254.0,630.0,638.0,650.0,637.0,636.0,637.0
1.0,3812.0,1937.0,1910.0,1918.0,1937.0,646.0,649.0,642.0,637.0,636.0,637.0,646.0,649.0,642.0,1281.0,1270.0,1261.0,646.0,649.0,642.0,637.0,636.0,637.0
1.0,3793.0,1920.0,1910.0,1937.0,1920.0,635.0,639.0,646.0,637.0,636.0,637.0,635.0,639.0,646.0,1265.0,1259.0,1269.0,635.0,639.0,646.0,637.0,636.0,637.0
1.0,3810.0,1870.0,1910.0,1920.0,1870.0,630.0,617.0,623.0,637.0,636.0,637.0,630.0,617.0,623.0,1276.0,1269.0,1265.0,630.0,617.0,623.0,637.0,636.0,637.0
1.0,3860.0,1914.0,1912.0,1870.0,1920.0,642.0,638.0,640.0,638.0,636.0,638.0,639.0,638.0,637.0,1281.0,1291.0,1288.0,642.0,638.0,640.0,638.0,636.0,638.0
1.0,3816.0,1952.0,1914.0,1920.0,1958.0,665.0,649.0,644.0,639.0,637.0,638.0,662.0,646.0,644.0,1272.0,1270.0,1274.0,665.0,649.0,644.0,639.0,637.0,638.0
1.0,3784.0,1875.0,1914.0,1958.0,1875.0,618.0,626.0,631.0,639.0,637.0,638.0,618.0,626.0,631.0,1252.0,1262.0,1270.0,618.0,626.0,631.0,639.0,637.0,638.0
1.0,3867.0,1939.0,1915.0,1875.0,1942.0,638.0,650.0,654.0,639.0,637.0,639.0,638.0,650.0,651.0,1299.0,1285.0,1283.0,638.0,650.0,654.0,639.0,637.0,639.0
1.0,3803.0,1919.0,1916.0,1942.0,1922.0,640.0,640.0,642.0,639.0,637.0,640.0,640.0,640.0,639.0,1279.0,1261.0,1263.0,640.0,640.0,642.0,639.0,637.0,640.0
1.0,3826.0,1937.0,1916.0,1922.0,1937.0,641.0,633.0,663.0,639.0,637.0,640.0,641.0,633.0,663.0,1277.0,1271.0,1278.0,641.0,633.0,663.0,639.0,637.0,640.0
1.0,3811.0,1944.0,1918.0,1937.0,1950.0,653.0,651.0,646.0,640.0,638.0,640.0,650.0,648.0,646.0,1276.0,1278.0,1257.0,653.0,651.0,646.0,640.0,638.0,640.0
1.0,3804.0,1953.0,1917.0,1950.0,1950.0,648.0,638.0,664.0,639.0,638.0,640.0,651.0,638.0,664.0,1267.0,1263.0,1274.0,648.0,638.0,664.0,639.0,638.0,640.0
1.0,3801.0,1938.0,1917.0,1950.0,1938.0,646.0,654.0,638.0,639.0,638.0,640.0,646.0,654.0,638.0,1269.0,1276.0,1256.0,646.0,654.0,638.0,639.0,638.0,640.0
1.0,3813.0,1920.0,1917.0,1938.0,1920.0,638.0,633.0,649.0,639.0,638.0,640.0,638.0,633.0,649.0,1271.0,1260.0,1282.0,638.0,633.0,649.0,639.0,638.0,640.0
1.0,3831.0,1920.0,1917.0,1920.0,1920.0,642.0,649.0,629.0,639.0,638.0,640.0,642.0,649.0,629.0,1279.0,1281.0,1271.0,642.0,649.0,629.0,639.0,638.0,640.0
1.0,3831.0,1889.0,1917.0,1920.0,1889.0,620.0,641.0,628.0,639.0,638.0,640.0,620.0,641.0,628.0,1275.0,1265.0,1291.0,620.0,641.0,628.0,639.0,638.0,640.0
1.0,3862.0,1935.0,1918.0,1889.0,1938.0,648.0,652.0,638.0,639.0,639.0,640.0,648.0,649.0,638.0,1297.0,1273.0,1292.0,648.0,652.0,638.0,639.0,639.0,640.0
1.0,3816.0,1892.0,1918.0,1938.0,1892.0,635.0,637.0,620.0,639.0,639.0,640.0,635.0,637.0,620.0,1269.0,1265.0,1282.0,635.0,637.0,620.0,639.0,639.0,640.0
1.0,3862.0,1913.0,1918.0,1892.0,1913.0,642.0,637.0,634.0,639.0,639.0,640.0,642.0,637.0,634.0,1282.0,1280.0,1300.0,642.0,637.0,634.0,639.0,639.0,640.0
1.0,3841.0,1961.0,1919.0,1913.0,1964.0,658.0,656.0,650.0,640.0,639.0,640.0,655.0,656.0,650.0,1275.0,1280.0,1286.0,658.0,656.0,650.0,640.0,639.0,640.0
1.0,3793.0,1906.0,1919.0,1964.0,1906.0,637.0,634.0,635.0,640.0,639.0,640.0,637.0,634.0,635.0,1262.0,1261.0,1270.0,637.0,634.0,635.0,640.0,639.0,640.0
1.0,3851.0,1955.0,1919.0,1906.0,1955.0,653.0,654.0,648.0,640.0,639.0,640.0,653.0,654.0,648.0,1283.0,1283.0,1285.0,653.0,654.0,648.0,640.0,639.0,640.0
1.0,3802.0,1935.0,1920.0,1955.0,1938.0,638.0,659.0,641.0,640.0,640.0,640.0,638.0,656.0,641.0,1267.0,1263.0,1272.0,638.0,659.0,641.0,640.0,640.0,640.0
1.0,3822.0,1928.0,1920.0,1938.0,1928.0,631.0,638.0,659.0,640.0,640.0,640.0,631.0,638.0,659.0,1282.0,1261.0,1279.0,631.0,638.0,659.0,640.0,640.0,640.0
1.0,3832.0,1923.0,1918.0,1928.0,1917.0,642.0,635.0,640.0,639.0,639.0,640.0,645.0,638.0,640.0,1289.0,1282.0,1261.0,642.0,635.0,640.0,639.0,639.0,640.0
1.0,3837.0,1940.0,1919.0,1917.0,1943.0,632.0,652.0,659.0,639.0,640.0,640.0,632.0,649.0,659.0,1275.0,1282.0,1280.0,632.0,652.0,659.0,639.0,640.0,640.0
1.0,3814.0,1923.0,1919.0,1943.0,1923.0,631.0,645.0,647.0,639.0,640.0,640.0,631.0,645.0,647.0,1285.0,1268.0,1261.0,631.0,645.0,647.0,639.0,640.0,640.0
1.0,3834.0,1913.0,1918.0,1923.0,1910.0,641.0,631.0,638.0,638.0,640.0,640.0,644.0,631.0,638.0,1286.0,1275.0,1273.0,641.0,631.0,638.0,638.0,640.0,640.0
1.0,3844.0,1934.0,1919.0,1910.0,1937.0,641.0,647.0,649.0,638.0,640.0,641.0,641.0,647.0,646.0,1273.0,1289.0,1282.0,641.0,647.0,649.0,638.0,640.0,641.0
1.0,3820.0,1917.0,1920.0,1937.0,1920.0,655.0,634.0,631.0,639.0,640.0,641.0,652.0,634.0,631.0,1273.0,1273.0,1274.0,655.0,634.0,631.0,639.0,640.0,641.0
1.0,3840.0,1915.0,1920.0,1920.0,1915.0,642.0,640.0,633.0,639.0,640.0,641.0,642.0,640.0,633.0,1262.0,1286.0,1292.0,642.0,640.0,633.0,639.0,640.0,641.0
1.0,3845.0,1940.0,1921.0,1915.0,1943.0,660.0,637.0,646.0,640.0,640.0,641.0,657.0,637.0,646.0,1275.0,1280.0,1290.0,660.0,637.0,646.0,640.0,640.0,641.0
1.0,3820.0,1875.0,1920.0,1943.0,1872.0,634.0,620.0,618.0,640.0,640.0,640.0,634.0,620.0,621.0,1260.0,1283.0,1277.0,634.0,620.0,618.0,640.0,640.0,640.0
1.0,3888.0,1916.0,1922.0,1872.0,1922.0,634.0,646.0,642.0,640.0,641.0,641.0,634.0,643.0,639.0,1286.0,1300.0,1302.0,634.0,646.0,642.0,640.0,641.0,641.0
1.0,3844.0,1966.0,1923.0,1922.0,1969.0,671.0,654.0,644.0,641.0,641.0,641.0,668.0,654.0,644.0,1286.0,1277.0,1281.0,671.0,654.0,644.0,641.0,641.0,641.0
1.0,3800.0,1921.0,1923.0,1969.0,1921.0,646.0,649.0,626.0,641.0,641.0,641.0,646.0,649.0,626.0,1252.0,1269.0,1279.0,646.0,649.0,626.0,641.0,641.0,641.0
1.0,3848.0,1955.0,1922.0,1921.0,1952.0,643.0,661.0,648.0,641.0,641.0,640.0,643.0,661.0,651.0,1277.0,1274.0,1297.0,643.0,661.0,648.0,641.0,641.0,640.0
1.0,3814.0,1967.0,1922.0,1952.0,1967.0,654.0,663.0,650.0,641.0,641.0,640.0,654.0,663.0,650.0,1280.0,1262.0,1272.0,654.0,663.0,650.0,641.0,641.0,640.0
1.0,3799.0,1985.0,1923.0,1967.0,1988.0,650.0,670.0,668.0,641.0,641.0,641.0,650.0,670.0,665.0,1269.0,1260.0,1270.0,650.0,670.0,668.0,641.0,641.0,641.0
1.0,3781.0,1983.0,1924.0,1988.0,1986.0,657.0,659.0,670.0,641.0,642.0,641.0,657.0,656.0,670.0,1273.0,1253.0,1255.0,657.0,659.0,670.0,641.0,642.0,641.0
1.0,3786.0,1951.0,1924.0,1986.0,1951.0,654.0,647.0,650.0,641.0,642.0,641.0,654.0,647.0,650.0,1266.0,1267.0,1253.0,654.0,647.0,650.0,641.0,642.0,641.0
1.0,3821.0,1924.0,1924.0,1951.0,1924.0,658.0,621.0,645.0,642.0,641.0,641.0,655.0,624.0,645.0,1269.0,1279.0,1273.0,658.0,621.0,645.0,642.0,641.0,641.0
1.0,3848.0,1953.0,1925.0,1924.0,1956.0,645.0,640.0,671.0,641.0,642.0,642.0,648.0,637.0,668.0,1268.0,1302.0,1278.0,645.0,640.0,671.0,641.0,642.0,642.0
1.0,3819.0,1913.0,1926.0,1956.0,1916.0,642.0,631.0,643.0,642.0,642.0,642.0,639.0,631.0,643.0,1278.0,1286.0,1255.0,642.0,631.0,643.0,642.0,642.0,642.0
1.0,3862.0,1921.0,1927.0,1916.0,1924.0,634.0,637.0,653.0,642.0,642.0,643.0,634.0,637.0,650.0,1284.0,1295.0,1283.0,634.0,637.0,653.0,642.0,642.0,643.0
1.0,3857.0,1947.0,1927.0,1924.0,1947.0,664.0,649.0,634.0,642.0,642.0,643.0,664.0,649.0,634.0,1292.0,1289.0,1276.0,664.0,649.0,634.0,642.0,642.0,643.0
1.0,3834.0,1930.0,1928.0,1947.0,1933.0,649.0,637.0,647.0,643.0,642.0,643.0,646.0,637.0,647.0,1262.0,1277.0,1295.0,649.0,637.0,647.0,643.0,642.0,643.0
1.0,3851.0,1969.0,1930.0,1933.0,1975.0,658.0,663.0,654.0,643.0,643.0,644.0,658.0,660.0,651.0,1280.0,1289.0,1282.0,658.0,663.0,654.0,643.0,643.0,644.0
1.0,3815.0,1961.0,1931.0,1975.0,1964.0,652.0,657.0,655.0,644.0,643.0,644.0,649.0,657.0,655.0,1271.0,1266.0,1278.0,652.0,657.0,655.0,644.0,643.0,644.0
1.0,3829.0,1968.0,1931.0,1964.0,1968.0,644.0,663.0,661.0,644.0,643.0,644.0,644.0,663.0,661.0,1280.0,1272.0,1277.0,644.0,663.0,661.0,644.0,643.0,644.0
1.0,3825.0,1989.0,1933.0,1968.0,1995.0,666.0,673.0,656.0,644.0,644.0,645.0,666.0,670.0,653.0,1288.0,1266.0,1271.0,666.0,673.0,656.0,644.0,644.0,645.0
1.0,3804.0,1973.0,1933.0,1995.0,1973.0,656.0,673.0,644.0,644.0,645.0,644.0,656.0,670.0,647.0,1266.0,1259.0,1279.0,656.0,673.0,644.0,644.0,645.0,644.0
1.0,3826.0,1966.0,1934.0,1973.0,1969.0,661.0,663.0,645.0,645.0,645.0,644.0,658.0,663.0,645.0,1276.0,1262.0,1288.0,661.0,663.0,645.0,645.0,645.0,644.0
1.0,3833.0,1905.0,1934.0,1969.0,1905.0,635.0,635.0,635.0,645.0,645.0,644.0,635.0,635.0,635.0,1274.0,1272.0,1287.0,635.0,635.0,635.0,645.0,645.0,644.0
1.0,3897.0,1904.0,1934.0,1905.0,1904.0,627.0,644.0,633.0,645.0,645.0,644.0,627.0,644.0,633.0,1300.0,1300.0,1297.0,627.0,644.0,633.0,645.0,645.0,644.0
1.0,3898.0,1950.0,1936.0,1904.0,1956.0,646.0,657.0,653.0,645.0,646.0,645.0,646.0,654.0,650.0,1308.0,1291.0,1299.0,646.0,657.0,653.0,645.0,646.0,645.0
1.0,3852.0,1909.0,1935.0,1956.0,1906.0,648.0,618.0,640.0,645.0,645.0,645.0,648.0,621.0,640.0,1289.0,1281.0,1282.0,648.0,618.0,640.0,645.0,645.0,645.0
1.0,3899.0,1913.0,1935.0,1906.0,1913.0,638.0,633.0,642.0,645.0,645.0,645.0,638.0,633.0,642.0,1287.0,1317.0,1295.0,638.0,633.0,642.0,645.0,645.0,645.0
1.0,3892.0,2001.0,1937.0,1913.0,2007.0,673.0,664.0,670.0,646.0,646.0,645.0,670.0,661.0,670.0,1297.0,1302.0,1293.0,673.0,664.0,670.0,646.0,646.0,645.0
1.0,3804.0,1941.0,1937.0,2007.0,1941.0,649.0,646.0,646.0,646.0,646.0,645.0,649.0,646.0,646.0,1265.0,1274.0,1265.0,649.0,646.0,646.0,646.0,646.0,645.0
1.0,3870.0,1964.0,1938.0,1941.0,1967.0,654.0,643.0,670.0,646.0,646.0,646.0,654.0,643.0,667.0,1289.0,1292.0,1289.0,654.0,643.0,670.0,646.0,646.0,646.0
1.0,3847.0,1983.0,1939.0,1967.0,1986.0,668.0,644.0,674.0,647.0,646.0,646.0,665.0,644.0,674.0,1284.0,1295.0,1268.0,668.0,644.0,674.0,647.0,646.0,646.0
1.0,3831.0,1970.0,1939.0,1986.0,1970.0,650.0,654.0,666.0,647.0,646.0,646.0,650.0,654.0,666.0,1273.0,1294.0,1264.0,650.0,654.0,666.0,647.0,646.0,646.0
1.0,3847.0,1991.0,1939.0,1970.0,1991.0,673.0,660.0,658.0,647.0,646.0,646.0,673.0,660.0,658.0,1291.0,1284.0,1272.0,673.0,660.0,658.0,647.0,646.0,646.0
1.0,3826.0,1977.0,1941.0,1991.0,1983.0,659.0,661.0,663.0,647.0,647.0,647.0,659.0,658.0,660.0,1268.0,1278.0,1280.0,659.0,661.0,663.0,647.0,647.0,647.0
1.0,3840.0,1971.0,1941.0,1983.0,1971.0,648.0,657.0,666.0,647.0,647.0,647.0,648.0,657.0,666.0,1282.0,1280.0,1278.0,648.0,657.0,666.0,647.0,647.0,647.0
1.0,3852.0,1988.0,1943.0,1971.0,1994.0,661.0,663.0,670.0,648.0,647.0,648.0,658.0,663.0,667.0,1293.0,1284.0,1275.0,661.0,663.0,670.0,648.0,647.0,648.0
1.0,3835.0,2015.0,1946.0,1994.0,2024.0,669.0,681.0,674.0,649.0,648.0,649.0,666.0,678.0,671.0,1283.0,1278.0,1274.0,669.0,681.0,674.0,649.0,648.0,649.0
1.0,3814.0,1923.0,1945.0,2024.0,1920.0,631.0,648.0,641.0,648.0,648.0,649.0,634.0,648.0,641.0,1278.0,1263.0,1273.0,631.0,648.0,641.0,648.0,648.0,649.0
1.0,3915.0,1931.0,1946.0,1920.0,1934.0,649.0,649.0,636.0,649.0,648.0,649.0,646.0,649.0,636.0,1313.0,1296.0,1306.0,649.0,649.0,636.0,649.0,648.0,649.0
1.0,3904.0,1954.0,1946.0,1934.0,1954.0,656.0,649.0,649.0,649.0,648.0,649.0,656.0,649.0,649.0,1298.0,1295.0,1311.0,656.0,649.0,649.0,649.0,648.0,649.0
1.0,3884.0,1929.0,1946.0,1954.0,1929.0,648.0,654.0,627.0,649.0,648.0,649.0,648.0,654.0,627.0,1291.0,1295.0,1298.0,648.0,654.0,627.0,649.0,648.0,649.0
1.0,3909.0,1950.0,1947.0,1929.0,1953.0,658.0,658.0,637.0,649.0,649.0,649.0,658.0,655.0,637.0,1299.0,1290.0,1320.0,658.0,658.0,637.0,649.0,649.0,649.0
1.0,3888.0,1982.0,1947.0,1953.0,1982.0,662.0,659.0,661.0,649.0,649.0,649.0,662.0,659.0,661.0,1289.0,1289.0,1310.0,662.0,659.0,661.0,649.0,649.0,649.0
1.0,3859.0,1969.0,1948.0,1982.0,1972.0,659.0,656.0,657.0,650.0,649.0,649.0,656.0,656.0,657.0,1285.0,1288.0,1286.0,659.0,656.0,657.0,650.0,649.0,649.0
1.0,3872.0,1987.0,1948.0,1972.0,1987.0,666.0,667.0,654.0,650.0,649.0,649.0,666.0,667.0,654.0,1291.0,1291.0,1290.0,666.0,667.0,654.0,650.0,649.0,649.0
1.0,3857.0,1979.0,1950.0,1987.0,1985.0,655.0,657.0,673.0,650.0,650.0,650.0,655.0,654.0,670.0,1284.0,1280.0,1293.0,655.0,657.0,673.0,650.0,650.0,650.0
1.0,3865.0,1990.0,1951.0,1985.0,1993.0,665.0,660.0,668.0,651.0,650.0,650.0,662.0,660.0,668.0,1295.0,1293.0,1277.0,665.0,660.0,668.0,651.0,650.0,650.0
1.0,3860.0,1982.0,1952.0,1993.0,1985.0,665.0,652.0,668.0,652.0,650.0,650.0,662.0,652.0,668.0,1288.0,1290.0,1282.0,665.0,652.0,668.0,652.0,650.0,650.0
1.0,3871.0,1946.0,1953.0,1985.0,1949.0,644.0,647.0,658.0,652.0,650.0,651.0,644.0,647.0,655.0,1291.0,1298.0,1282.0,644.0,647.0,658.0,652.0,650.0,651.0
1.0,3910.0,1981.0,1954.0,1949.0,1984.0,656.0,657.0,671.0,652.0,651.0,651.0,656.0,654.0,671.0,1312.0,1303.0,1295.0,656.0,657.0,671.0,652.0,651.0,651.0
1.0,3878.0,1959.0,1955.0,1984.0,1962.0,643.0,645.0,674.0,652.0,651.0,652.0,643.0,645.0,671.0,1300.0,1296.0,1282.0,643.0,645.0,674.0,652.0,651.0,652.0
1.0,3903.0,1939.0,1955.0,1962.0,1939.0,639.0,657.0,643.0,652.0,651.0,652.0,639.0,657.0,643.0,1313.0,1308.0,1282.0,639.0,657.0,643.0,652.0,651.0,652.0
1.0,3926.0,1939.0,1955.0,1939.0,1939.0,651.0,636.0,652.0,652.0,651.0,652.0,651.0,636.0,652.0,1317.0,1296.0,1313.0,651.0,636.0,652.0,652.0,651.0,652.0
1.0,3926.0,1911.0,1956.0,1939.0,1914.0,633.0,642.0,639.0,652.0,651.0,653.0,633.0,642.0,636.0,1305.0,1317.0,1304.0,633.0,642.0,639.0,652.0,651.0,653.0
1.0,3954.0,1945.0,1957.0,1914.0,1948.0,643.0,658.0,647.0,652.0,652.0,653.0,643.0,655.0,647.0,1323.0,1311.0,1320.0,643.0,658.0,647.0,652.0,652.0,653.0
1.0,3923.0,1977.0,1957.0,1948.0,1977.0,661.0,666.0,650.0,652.0,652.0,653.0,661.0,666.0,650.0,1313.0,1298.0,1312.0,661.0,666.0,650.0,652.0,652.0,653.0
1.0,3894.0,2025.0,1959.0,1977.0,2031.0,675.0,685.0,671.0,652.0,653.0,654.0,675.0,682.0,668.0,1295.0,1290.0,1309.0,675.0,685.0,671.0,652.0,653.0,654.0
1.0,3846.0,2029.0,1960.0,2031.0,2032.0,687.0,676.0,669.0,653.0,653.0,654.0,684.0,676.0,669.0,1281.0,1274.0,1291.0,687.0,676.0,669.0,653.0,653.0,654.0
1.0,3848.0,1962.0,1960.0,2032.0,1962.0,653.0,660.0,649.0,653.0,653.0,654.0,653.0,660.0,649.0,1272.0,1283.0,1293.0,653.0,660.0,649.0,653.0,653.0,654.0
1.0,3918.0,2010.0,1960.0,1962.0,2010.0,675.0,670.0,665.0,653.0,653.0,654.0,675.0,670.0,665.0,1306.0,1299.0,1313.0,675.0,670.0,665.0,653.0,653.0,654.0
1.0,3870.0,2027.0,1961.0,2010.0,2030.0,683.0,676.0,671.0,654.0,653.0,654.0,680.0,676.0,671.0,1284.0,1289.0,1297.0,683.0,676.0,671.0,654.0,653.0,654.0
1.0,3853.0,1972.0,1961.0,2030.0,1972.0,653.0,662.0,657.0,654.0,653.0,654.0,653.0,662.0,657.0,1279.0,1283.0,1291.0,653.0,662.0,657.0,654.0,653.0,654.0
1.0,3911.0,1931.0,1962.0,1972.0,1934.0,648.0,642.0,644.0,654.0,654.0,654.0,648.0,639.0,644.0,1309.0,1297.0,1305.0,648.0,642.0,644.0,654.0,654.0,654.0
1.0,3952.0,1923.0,1962.0,1934.0,1923.0,644.0,640.0,639.0,654.0,654.0,654.0,644.0,640.0,639.0,1314.0,1320.0,1318.0,644.0,640.0,639.0,654.0,654.0,654.0
1.0,3963.0,1920.0,1962.0,1923.0,1920.0,642.0,637.0,641.0,654.0,654.0,654.0,642.0,637.0,641.0,1318.0,1322.0,1323.0,642.0,637.0,641.0,654.0,654.0,654.0
1.0,3966.0,1957.0,1962.0,1920.0,1957.0,645.0,657.0,655.0,654.0,654.0,654.0,645.0,657.0,655.0,1320.0,1325.0,1321.0,645.0,657.0,655.0,654.0,654.0,654.0
1.0,3929.0,1961.0,1962.0,1957.0,1961.0,653.0,648.0,660.0,654.0,654.0,654.0,653.0,648.0,660.0,1317.0,1305.0,1307.0,653.0,648.0,660.0,654.0,654.0,654.0
1.0,3925.0,1931.0,1962.0,1961.0,1931.0,649.0,641.0,641.0,654.0,654.0,654.0,649.0,641.0,641.0,1309.0,1314.0,1302.0,649.0,641.0,641.0,654.0,654.0,654.0
1.0,3955.0,1960.0,1962.0,1931.0,1960.0,661.0,651.0,648.0,654.0,654.0,654.0,661.0,651.0,648.0,1313.0,1321.0,1321.0,661.0,651.0,648.0,654.0,654.0,654.0
1.0,3926.0,1983.0,1962.0,1960.0,1983.0,662.0,658.0,663.0,654.0,654.0,654.0,662.0,658.0,663.0,1301.0,1311.0,1314.0,662.0,658.0,663.0,654.0,654.0,654.0
1.0,3903.0,2012.0,1963.0,1983.0,2015.0,675.0,669.0,671.0,655.0,654.0,654.0,672.0,669.0,671.0,1300.0,1304.0,1299.0,675.0,669.0,671.0,655.0,654.0,654.0
1.0,3874.0,2023.0,1964.0,2015.0,2026.0,679.0,672.0,675.0,655.0,654.0,655.0,679.0,672.0,672.0,1290.0,1293.0,1291.0,679.0,672.0,675.0,655.0,654.0,655.0
1.0,3866.0,2022.0,1965.0,2026.0,2025.0,666.0,686.0,673.0,655.0,655.0,655.0,666.0,683.0,673.0,1286.0,1290.0,1290.0,666.0,686.0,673.0,655.0,655.0,655.0
1.0,3870.0,2029.0,1966.0,2025.0,2032.0,679.0,672.0,681.0,655.0,655.0,656.0,679.0,672.0,678.0,1299.0,1279.0,1292.0,679.0,672.0,681.0,655.0,655.0,656.0
1.0,3866.0,1980.0,1967.0,2032.0,1983.0,663.0,659.0,661.0,656.0,655.0,656.0,660.0,659.0,661.0,1286.0,1293.0,1287.0,663.0,659.0,661.0,656.0,655.0,656.0
1.0,3918.0,1935.0,1967.0,1983.0,1935.0,646.0,654.0,635.0,656.0,655.0,656.0,646.0,654.0,635.0,1305.0,1306.0,1307.0,646.0,654.0,635.0,656.0,655.0,656.0
1.0,3966.0,1953.0,1967.0,1935.0,1953.0,653.0,652.0,648.0,656.0,655.0,656.0,653.0,652.0,648.0,1322.0,1311.0,1333.0,653.0,652.0,648.0,656.0,655.0,656.0
1.0,3948.0,1931.0,1968.0,1953.0,1934.0,643.0,661.0,630.0,656.0,656.0,656.0,643.0,658.0,630.0,1315.0,1313.0,1320.0,643.0,661.0,630.0,656.0,656.0,656.0
1.0,3970.0,1922.0,1968.0,1934.0,1922.0,637.0,645.0,640.0,656.0,656.0,656.0,637.0,645.0,640.0,1325.0,1307.0,1338.0,637.0,645.0,640.0,656.0,656.0,656.0
1.0,3982.0,1944.0,1968.0,1922.0,1944.0,647.0,653.0,644.0,656.0,656.0,656.0,647.0,653.0,644.0,1331.0,1323.0,1328.0,647.0,653.0,644.0,656.0,656.0,656.0
1.0,3960.0,1937.0,1968.0,1944.0,1937.0,652.0,640.0,645.0,656.0,656.0,656.0,652.0,640.0,645.0,1321.0,1315.0,1324.0,652.0,640.0,645.0,656.0,656.0,656.0
1.0,3967.0,1955.0,1967.0,1937.0,1952.0,650.0,650.0,652.0,656.0,656.0,655.0,650.0,650.0,655.0,1316.0,1328.0,1323.0,650.0,650.0,652.0,656.0,656.0,655.0
1.0,3949.0,1941.0,1966.0,1952.0,1938.0,644.0,645.0,649.0,655.0,656.0,655.0,647.0,645.0,649.0,1318.0,1318.0,1313.0,644.0,645.0,649.0,655.0,656.0,655.0
1.0,3960.0,1985.0,1967.0,1938.0,1988.0,670.0,659.0,659.0,656.0,656.0,655.0,667.0,659.0,659.0,1321.0,1323.0,1316.0,670.0,659.0,659.0,656.0,656.0,655.0
1.0,3913.0,1997.0,1967.0,1988.0,1997.0,668.0,666.0,663.0,656.0,656.0,655.0,668.0,666.0,663.0,1298.0,1309.0,1306.0,668.0,666.0,663.0,656.0,656.0,655.0
1.0,3904.0,2047.0,1968.0,1997.0,2050.0,687.0,691.0,672.0,656.0,657.0,655.0,687.0,688.0,672.0,1300.0,1302.0,1302.0,687.0,691.0,672.0,656.0,657.0,655.0
1.0,3854.0,2013.0,1969.0,2050.0,2016.0,681.0,676.0,659.0,657.0,657.0,655.0,678.0,676.0,659.0,1281.0,1280.0,1293.0,681.0,676.0,659.0,657.0,657.0,655.0
1.0,3891.0,1989.0,1970.0,2016.0,1992.0,659.0,676.0,657.0,657.0,658.0,655.0,659.0,673.0,657.0,1290.0,1295.0,1306.0,659.0,676.0,657.0,657.0,658.0,655.0
1.0,3918.0,1988.0,1969.0,1992.0,1985.0,667.0,656.0,662.0,657.0,657.0,655.0,667.0,659.0,662.0,1312.0,1298.0,1308.0,667.0,656.0,662.0,657.0,657.0,655.0
1.0,3922.0,1985.0,1970.0,1985.0,1988.0,653.0,672.0,663.0,657.0,658.0,655.0,653.0,669.0,663.0,1304.0,1315.0,1303.0,653.0,672.0,663.0,657.0,658.0,655.0
1.0,3922.0,1937.0,1970.0,1988.0,1937.0,640.0,643.0,654.0,657.0,658.0,655.0,640.0,643.0,654.0,1318.0,1302.0,1302.0,640.0,643.0,654.0,657.0,658.0,655.0
1.0,3973.0,1952.0,1969.0,1937.0,1949.0,648.0,643.0,658.0,657.0,657.0,655.0,648.0,646.0,658.0,1331.0,1331.0,1311.0,648.0,643.0,658.0,657.0,657.0,655.0
1.0,3958.0,1988.0,1971.0,1949.0,1994.0,663.0,665.0,666.0,657.0,658.0,656.0,663.0,662.0,663.0,1323.0,1328.0,1307.0,663.0,665.0,666.0,657.0,658.0,656.0
1.0,3919.0,1982.0,1972.0,1994.0,1985.0,662.0,662.0,661.0,657.0,658.0,657.0,662.0,662.0,658.0,1308.0,1309.0,1302.0,662.0,662.0,661.0,657.0,658.0,657.0
1.0,3931.0,2009.0,1973.0,1985.0,2012.0,681.0,663.0,668.0,658.0,658.0,657.0,678.0,663.0,668.0,1309.0,1312.0,1310.0,681.0,663.0,668.0,658.0,658.0,657.0
1.0,3907.0,2015.0,1973.0,2012.0,2015.0,668.0,675.0,672.0,658.0,658.0,657.0,668.0,675.0,672.0,1293.0,1311.0,1303.0,668.0,675.0,672.0,658.0,658.0,657.0
1.0,3904.0,2001.0,1973.0,2015.0,2001.0,670.0,663.0,668.0,658.0,658.0,657.0,670.0,663.0,668.0,1306.0,1299.0,1299.0,670.0,663.0,668.0,658.0,658.0,657.0
1.0,3918.0,2018.0,1973.0,2001.0,2018.0,669.0,672.0,677.0,658.0,658.0,657.0,669.0,672.0,677.0,1304.0,1311.0,1303.0,669.0,672.0,677.0,658.0,658.0,657.0
1.0,3901.0,1996.0,1974.0,2018.0,1999.0,664.0,670.0,665.0,658.0,659.0,657.0,664.0,667.0,665.0,1305.0,1302.0,1294.0,664.0,670.0,665.0,658.0,659.0,657.0
1.0,3923.0,2020.0,1975.0,1999.0,2023.0,682.0,671.0,670.0,659.0,659.0,657.0,679.0,671.0,670.0,1310.0,1307.0,1306.0,682.0,671.0,670.0,659.0,659.0,657.0
1.0,3902.0,1986.0,1975.0,2023.0,1986.0,667.0,663.0,656.0,659.0,659.0,657.0,667.0,663.0,656.0,1295.0,1306.0,1301.0,667.0,663.0,656.0,659.0,659.0,657.0
1.0,3939.0,1963.0,1975.0,1986.0,1963.0,659.0,659.0,645.0,659.0,659.0,657.0,659.0,659.0,645.0,1310.0,1314.0,1315.0,659.0,659.0,645.0,659.0,659.0,657.0
1.0,3962.0,1992.0,1977.0,1963.0,1998.0,674.0,659.0,665.0,660.0,660.0,657.0,671.0,656.0,665.0,1318.0,1318.0,1326.0,674.0,659.0,665.0,660.0,660.0,657.0
1.0,3933.0,1981.0,1977.0,1998.0,1981.0,667.0,660.0,654.0,660.0,660.0,657.0,667.0,660.0,654.0,1306.0,1321.0,1306.0,667.0,660.0,654.0,660.0,660.0,657.0
1.0,3950.0,1986.0,1977.0,1981.0,1986.0,658.0,663.0,665.0,660.0,660.0,657.0,658.0,663.0,665.0,1313.0,1320.0,1317.0,658.0,663.0,665.0,660.0,660.0,657.0
1.0,3945.0,2048.0,1980.0,1986.0,2057.0,676.0,692.0,689.0,661.0,661.0,658.0,673.0,689.0,686.0,1322.0,1317.0,1306.0,676.0,692.0,689.0,661.0,661.0,658.0
1.0,3883.0,1982.0,1981.0,2057.0,1985.0,675.0,652.0,658.0,662.0,661.0,658.0,672.0,652.0,658.0,1307.0,1291.0,1285.0,675.0,652.0,658.0,662.0,661.0,658.0
1.0,3958.0,1993.0,1981.0,1985.0,1993.0,651.0,677.0,665.0,661.0,661.0,659.0,654.0,677.0,662.0,1311.0,1331.0,1316.0,651.0,677.0,665.0,661.0,661.0,659.0
1.0,3950.0,2041.0,1981.0,1993.0,2041.0,656.0,684.0,701.0,661.0,661.0,659.0,656.0,684.0,701.0,1332.0,1306.0,1312.0,656.0,684.0,701.0,661.0,661.0,659.0
1.0,3902.0,2025.0,1981.0,2041.0,2025.0,670.0,681.0,674.0,661.0,661.0,659.0,670.0,681.0,674.0,1327.0,1299.0,1276.0,670.0,681.0,674.0,661.0,661.0,659.0
1.0,3918.0,2003.0,1982.0,2025.0,2006.0,673.0,668.0,665.0,661.0,661.0,660.0,673.0,668.0,662.0,1313.0,1302.0,1303.0,673.0,668.0,665.0,661.0,661.0,660.0
1.0,3940.0,2027.0,1982.0,2006.0,2027.0,679.0,665.0,683.0,661.0,661.0,660.0,679.0,665.0,683.0,1310.0,1315.0,1315.0,679.0,665.0,683.0,661.0,661.0,660.0
1.0,3919.0,2027.0,1982.0,2027.0,2027.0,676.0,664.0,687.0,661.0,661.0,660.0,676.0,664.0,687.0,1304.0,1318.0,1297.0,676.0,664.0,687.0,661.0,661.0,660.0
1.0,3919.0,2004.0,1983.0,2027.0,2007.0,664.0,667.0,676.0,661.0,661.0,661.0,664.0,667.0,673.0,1307.0,1319.0,1293.0,664.0,667.0,676.0,661.0,661.0,661.0
1.0,3942.0,2001.0,1984.0,2007.0,2004.0,681.0,650.0,673.0,662.0,661.0,661.0,678.0,650.0,673.0,1319.0,1316.0,1307.0,681.0,650.0,673.0,662.0,661.0,661.0
1.0,3948.0,1974.0,1985.0,2004.0,1977.0,667.0,656.0,654.0,662.0,662.0,661.0,667.0,653.0,654.0,1305.0,1333.0,1310.0,667.0,656.0,654.0,662.0,662.0,661.0
1.0,3978.0,2000.0,1987.0,1977.0,2006.0,682.0,672.0,652.0,663.0,662.0,662.0,679.0,672.0,649.0,1319.0,1330.0,1329.0,682.0,672.0,652.0,663.0,662.0,662.0
1.0,3955.0,2016.0,1989.0,2006.0,2022.0,680.0,675.0,667.0,664.0,663.0,662.0,677.0,672.0,667.0,1307.0,1314.0,1334.0,680.0,675.0,667.0,664.0,663.0,662.0
1.0,3945.0,2004.0,1989.0,2022.0,2004.0,674.0,669.0,661.0,664.0,663.0,662.0,674.0,669.0,661.0,1312.0,1314.0,1319.0,674.0,669.0,661.0,664.0,663.0,662.0
1.0,3963.0,1997.0,1991.0,2004.0,2003.0,673.0,667.0,663.0,665.0,664.0,662.0,670.0,664.0,663.0,1318.0,1320.0,1325.0,673.0,667.0,663.0,665.0,664.0,662.0
1.0,3970.0,2002.0,1991.0,2003.0,2002.0,669.0,674.0,659.0,665.0,664.0,662.0,669.0,674.0,659.0,1322.0,1325.0,1323.0,669.0,674.0,659.0,665.0,664.0,662.0
1.0,3971.0,2081.0,1993.0,2002.0,2087.0,683.0,705.0,699.0,665.0,665.0,663.0,683.0,702.0,696.0,1326.0,1318.0,1327.0,683.0,705.0,699.0,665.0,665.0,663.0
1.0,3892.0,2003.0,1993.0,2087.0,2003.0,665.0,670.0,668.0,665.0,665.0,663.0,665.0,670.0,668.0,1312.0,1290.0,1290.0,665.0,670.0,668.0,665.0,665.0,663.0
1.0,3976.0,2048.0,1993.0,2003.0,2048.0,681.0,689.0,678.0,665.0,665.0,663.0,681.0,689.0,678.0,1330.0,1325.0,1321.0,681.0,689.0,678.0,665.0,665.0,663.0
1.0,3931.0,2034.0,1993.0,2048.0,2034.0,673.0,682.0,679.0,665.0,665.0,663.0,673.0,682.0,679.0,1314.0,1306.0,1311.0,673.0,682.0,679.0,665.0,665.0,663.0
1.0,3945.0,2025.0,1994.0,2034.0,2028.0,658.0,695.0,675.0,665.0,666.0,663.0,658.0,692.0,675.0,1322.0,1313.0,1310.0,658.0,695.0,675.0,665.0,666.0,663.0
1.0,3954.0,2059.0,1995.0,2028.0,2062.0,686.0,681.0,695.0,665.0,666.0,664.0,686.0,681.0,692.0,1337.0,1303.0,1314.0,686.0,681.0,695.0,665.0,666.0,664.0
1.0,3923.0,1961.0,1995.0,2062.0,1961.0,651.0,654.0,656.0,665.0,666.0,664.0,651.0,654.0,656.0,1309.0,1317.0,1297.0,651.0,654.0,656.0,665.0,666.0,664.0
1.0,4024.0,2044.0,1997.0,1961.0,2050.0,696.0,674.0,680.0,666.0,666.0,665.0,693.0,674.0,677.0,1344.0,1344.0,1336.0,696.0,674.0,680.0,666.0,666.0,665.0
1.0,3941.0,2032.0,2000.0,2050.0,2041.0,686.0,680.0,675.0,667.0,667.0,666.0,683.0,677.0,672.0,1302.0,1324.0,1315.0,686.0,680.0,675.0,667.0,667.0,666.0
1.0,3959.0,1975.0,2000.0,2041.0,1975.0,659.0,650.0,666.0,667.0,667.0,666.0,659.0,650.0,666.0,1315.0,1321.0,1323.0,659.0,650.0,666.0,667.0,667.0,666.0
1.0,4025.0,2010.0,2002.0,1975.0,2016.0,686.0,649.0,681.0,668.0,667.0,667.0,683.0,649.0,678.0,1342.0,1351.0,1332.0,686.0,649.0,681.0,668.0,667.0,667.0
1.0,3990.0,1962.0,2002.0,2016.0,1962.0,665.0,647.0,650.0,668.0,667.0,667.0,665.0,647.0,650.0,1318.0,1352.0,1320.0,665.0,647.0,650.0,668.0,667.0,667.0
1.0,4044.0,2054.0,2004.0,1962.0,2060.0,692.0,672.0,696.0,669.0,667.0,668.0,689.0,672.0,693.0,1339.0,1354.0,1351.0,692.0,672.0,696.0,669.0,667.0,668.0
1.0,3952.0,2045.0,2006.0,2060.0,2051.0,689.0,680.0,682.0,670.0,668.0,668.0,686.0,677.0,682.0,1315.0,1329.0,1308.0,689.0,680.0,682.0,670.0,668.0,668.0
1.0,3967.0,2007.0,2007.0,2051.0,2010.0,665.0,665.0,680.0,670.0,668.0,669.0,665.0,665.0,677.0,1321.0,1324.0,1322.0,665.0,665.0,680.0,670.0,668.0,669.0
1.0,4011.0,2046.0,2007.0,2010.0,2046.0,677.0,685.0,684.0,670.0,668.0,669.0,677.0,685.0,684.0,1345.0,1339.0,1327.0,677.0,685.0,684.0,670.0,668.0,669.0
1.0,3975.0,2061.0,2008.0,2046.0,2064.0,679.0,700.0,685.0,670.0,669.0,669.0,679.0,697.0,685.0,1333.0,1319.0,1323.0,679.0,700.0,685.0,670.0,669.0,669.0
1.0,3960.0,2039.0,2008.0,2064.0,2039.0,678.0,688.0,673.0,670.0,669.0,669.0,678.0,688.0,673.0,1331.0,1307.0,1322.0,678.0,688.0,673.0,670.0,669.0,669.0
1.0,3985.0,1987.0,2008.0,2039.0,1987.0,655.0,677.0,655.0,670.0,669.0,669.0,655.0,677.0,655.0,1332.0,1319.0,1334.0,655.0,677.0,655.0,670.0,669.0,669.0
1.0,4037.0,2010.0,2008.0,1987.0,2010.0,670.0,677.0,663.0,670.0,669.0,669.0,670.0,677.0,663.0,1355.0,1330.0,1352.0,670.0,677.0,663.0,670.0,669.0,669.0
1.0,4014.0,2004.0,2008.0,2010.0,2004.0,668.0,676.0,660.0,670.0,669.0,669.0,668.0,676.0,660.0,1340.0,1330.0,1344.0,668.0,676.0,660.0,670.0,669.0,669.0
1.0,4020.0,2027.0,2011.0,2004.0,2036.0,680.0,680.0,676.0,671.0,670.0,670.0,677.0,677.0,673.0,1342.0,1331.0,1347.0,680.0,680.0,676.0,671.0,670.0,670.0
1.0,3997.0,1969.0,2011.0,2036.0,1969.0,653.0,660.0,656.0,671.0,670.0,670.0,653.0,660.0,656.0,1333.0,1330.0,1334.0,653.0,660.0,656.0,671.0,670.0,670.0
1.0,4064.0,1999.0,2011.0,1969.0,1999.0,668.0,656.0,675.0,671.0,670.0,670.0,668.0,656.0,675.0,1360.0,1350.0,1354.0,668.0,656.0,675.0,671.0,670.0,670.0
1.0,4034.0,2003.0,2011.0,1999.0,2003.0,662.0,670.0,671.0,671.0,670.0,670.0,662.0,670.0,671.0,1345.0,1354.0,1335.0,662.0,670.0,671.0,671.0,670.0,670.0
1.0,4030.0,2015.0,2011.0,2003.0,2015.0,679.0,655.0,681.0,671.0,670.0,670.0,679.0,655.0,681.0,1351.0,1340.0,1339.0,679.0,655.0,681.0,671.0,670.0,670.0
1.0,4018.0,2024.0,2012.0,2015.0,2027.0,676.0,667.0,684.0,671.0,670.0,671.0,676.0,667.0,681.0,1334.0,1355.0,1329.0,676.0,667.0,684.0,671.0,670.0,671.0
1.0,4009.0,2034.0,2012.0,2027.0,2034.0,679.0,669.0,686.0,671.0,670.0,671.0,679.0,669.0,686.0,1337.0,1343.0,1329.0,679.0,669.0,686.0,671.0,670.0,671.0
1.0,4002.0,2023.0,2012.0,2034.0,2023.0,663.0,669.0,691.0,671.0,670.0,671.0,663.0,669.0,691.0,1334.0,1341.0,1327.0,663.0,669.0,691.0,671.0,670.0,671.0
1.0,4013.0,2035.0,2013.0,2023.0,2038.0,677.0,676.0,685.0,671.0,670.0,672.0,677.0,676.0,682.0,1350.0,1341.0,1322.0,677.0,676.0,685.0,671.0,670.0,672.0
1.0,4001.0,2050.0,2013.0,2038.0,2050.0,681.0,682.0,687.0,671.0,670.0,672.0,681.0,682.0,687.0,1336.0,1334.0,1331.0,681.0,682.0,687.0,671.0,670.0,672.0
1.0,3989.0,2017.0,2015.0,2050.0,2023.0,674.0,673.0,676.0,672.0,671.0,672.0,671.0,670.0,676.0,1332.0,1328.0,1329.0,674.0,673.0,676.0,672.0,671.0,672.0
1.0,4022.0,2041.0,2016.0,2023.0,2044.0,681.0,689.0,674.0,672.0,671.0,673.0,681.0,689.0,671.0,1342.0,1340.0,1340.0,681.0,689.0,674.0,672.0,671.0,673.0
1.0,4004.0,2016.0,2017.0,2044.0,2019.0,679.0,680.0,660.0,672.0,672.0,673.0,679.0,677.0,660.0,1335.0,1324.0,1345.0,679.0,680.0,660.0,672.0,672.0,673.0
1.0,4032.0,2012.0,2017.0,2019.0,2012.0,661.0,678.0,673.0,672.0,672.0,673.0,661.0,678.0,673.0,1337.0,1336.0,1359.0,661.0,678.0,673.0,672.0,672.0,673.0
1.0,4039.0,2023.0,2017.0,2012.0,2023.0,677.0,677.0,669.0,672.0,672.0,673.0,677.0,677.0,669.0,1355.0,1338.0,1346.0,677.0,677.0,669.0,672.0,672.0,673.0
1.0,4028.0,2020.0,2017.0,2023.0,2020.0,681.0,674.0,665.0,672.0,672.0,673.0,681.0,674.0,665.0,1339.0,1339.0,1350.0,681.0,674.0,665.0,672.0,672.0,673.0
1.0,4031.0,2005.0,2017.0,2020.0,2005.0,668.0,669.0,668.0,672.0,672.0,673.0,668.0,669.0,668.0,1335.0,1342.0,1354.0,668.0,669.0,668.0,672.0,672.0,673.0
1.0,4046.0,2026.0,2018.0,2005.0,2029.0,680.0,675.0,674.0,673.0,672.0,673.0,677.0,675.0,674.0,1348.0,1347.0,1351.0,680.0,675.0,674.0,673.0,672.0,673.0
1.0,4025.0,2069.0,2019.0,2029.0,2072.0,697.0,691.0,684.0,674.0,672.0,673.0,694.0,691.0,684.0,1339.0,1341.0,1345.0,697.0,691.0,684.0,674.0,672.0,673.0
1.0,3985.0,2076.0,2020.0,2072.0,2079.0,696.0,694.0,689.0,674.0,673.0,673.0,696.0,691.0,689.0,1325.0,1325.0,1335.0,696.0,694.0,689.0,674.0,673.0,673.0
1.0,3981.0,2068.0,2021.0,2079.0,2071.0,688.0,674.0,709.0,674.0,673.0,674.0,688.0,674.0,706.0,1326.0,1325.0,1330.0,688.0,674.0,709.0,674.0,673.0,674.0
1.0,3992.0,2050.0,2021.0,2071.0,2050.0,680.0,679.0,691.0,674.0,673.0,674.0,680.0,679.0,691.0,1334.0,1345.0,1313.0,680.0,679.0,691.0,674.0,673.0,674.0
1.0,4013.0,2039.0,2021.0,2050.0,2039.0,677.0,675.0,687.0,674.0,673.0,674.0,677.0,675.0,687.0,1342.0,1340.0,1331.0,677.0,675.0,687.0,674.0,673.0,674.0
1.0,4024.0,2081.0,2023.0,2039.0,2087.0,694.0,701.0,692.0,675.0,674.0,674.0,691.0,698.0,692.0,1345.0,1344.0,1335.0,694.0,701.0,692.0,675.0,674.0,674.0
1.0,3982.0,1999.0,2023.0,2087.0,1999.0,670.0,662.0,667.0,675.0,674.0,674.0,670.0,662.0,667.0,1331.0,1321.0,1330.0,670.0,662.0,667.0,675.0,674.0,674.0
1.0,4070.0,1995.0,2023.0,1999.0,1995.0,647.0,669.0,679.0,674.0,674.0,675.0,650.0,669.0,676.0,1355.0,1360.0,1355.0,647.0,669.0,679.0,674.0,674.0,675.0
1.0,4074.0,1999.0,2023.0,1995.0,1999.0,674.0,649.0,676.0,674.0,674.0,675.0,674.0,649.0,676.0,1375.0,1353.0,1346.0,674.0,649.0,676.0,674.0,674.0,675.0
1.0,4070.0,2058.0,2025.0,1999.0,2064.0,692.0,690.0,682.0,675.0,674.0,676.0,689.0,690.0,679.0,1348.0,1373.0,1349.0,692.0,690.0,682.0,675.0,674.0,676.0
1.0,4011.0,2043.0,2025.0,2064.0,2043.0,688.0,680.0,675.0,675.0,674.0,676.0,688.0,680.0,675.0,1333.0,1332.0,1346.0,688.0,680.0,675.0,675.0,674.0,676.0
1.0,4032.0,2047.0,2026.0,2043.0,2050.0,679.0,692.0,679.0,675.0,675.0,676.0,679.0,689.0,679.0,1337.0,1342.0,1353.0,679.0,692.0,679.0,675.0,675.0,676.0
1.0,4028.0,2089.0,2027.0,2050.0,2092.0,691.0,704.0,697.0,675.0,675.0,677.0,691.0,704.0,694.0,1346.0,1333.0,1349.0,691.0,704.0,697.0,675.0,675.0,677.0
1.0,3989.0,2075.0,2028.0,2092.0,2078.0,697.0,692.0,689.0,676.0,675.0,677.0,694.0,692.0,689.0,1334.0,1321.0,1334.0,697.0,692.0,689.0,676.0,675.0,677.0
1.0,4006.0,2041.0,2028.0,2078.0,2041.0,691.0,676.0,674.0,676.0,675.0,677.0,691.0,676.0,674.0,1331.0,1333.0,1342.0,691.0,676.0,674.0,676.0,675.0,677.0
1.0,4043.0,2095.0,2029.0,2041.0,2098.0,697.0,708.0,693.0,676.0,676.0,677.0,697.0,705.0,693.0,1337.0,1349.0,1357.0,697.0,708.0,693.0,676.0,676.0,677.0
1.0,3989.0,2059.0,2030.0,2098.0,2062.0,697.0,680.0,685.0,677.0,676.0,677.0,694.0,680.0,685.0,1331.0,1320.0,1338.0,697.0,680.0,685.0,677.0,676.0,677.0
1.0,4028.0,2035.0,2029.0,2062.0,2032.0,674.0,678.0,680.0,677.0,675.0,677.0,674.0,681.0,680.0,1334.0,1348.0,1346.0,674.0,678.0,680.0,677.0,675.0,677.0
1.0,4055.0,2030.0,2029.0,2032.0,2030.0,668.0,682.0,680.0,677.0,675.0,677.0,668.0,682.0,680.0,1357.0,1347.0,1351.0,668.0,682.0,680.0,677.0,675.0,677.0
1.0,4057.0,2049.0,2031.0,2030.0,2055.0,674.0,684.0,697.0,677.0,676.0,678.0,674.0,681.0,694.0,1363.0,1343.0,1351.0,674.0,684.0,697.0,677.0,676.0,678.0
1.0,4038.0,2052.0,2031.0,2055.0,2052.0,681.0,675.0,696.0,677.0,676.0,678.0,681.0,675.0,696.0,1357.0,1344.0,1337.0,681.0,675.0,696.0,677.0,676.0,678.0
1.0,4041.0,2033.0,2032.0,2052.0,2036.0,671.0,669.0,696.0,677.0,676.0,679.0,671.0,669.0,693.0,1350.0,1353.0,1338.0,671.0,669.0,696.0,677.0,676.0,679.0
1.0,4060.0,2039.0,2032.0,2036.0,2039.0,677.0,680.0,682.0,677.0,676.0,679.0,677.0,680.0,682.0,1360.0,1359.0,1341.0,677.0,680.0,682.0,677.0,676.0,679.0
1.0,4057.0,2003.0,2033.0,2039.0,2006.0,665.0,665.0,676.0,677.0,677.0,679.0,665.0,662.0,676.0,1354.0,1348.0,1355.0,665.0,665.0,676.0,677.0,677.0,679.0
1.0,4093.0,2062.0,2034.0,2006.0,2065.0,681.0,690.0,694.0,677.0,677.0,680.0,681.0,690.0,691.0,1366.0,1366.0,1361.0,681.0,690.0,694.0,677.0,677.0,680.0
1.0,4037.0,2026.0,2033.0,2065.0,2023.0,674.0,671.0,678.0,677.0,677.0,679.0,674.0,671.0,681.0,1350.0,1341.0,1346.0,674.0,671.0,678.0,677.0,677.0,679.0
1.0,4076.0,2081.0,2035.0,2023.0,2087.0,687.0,700.0,700.0,677.0,678.0,680.0,687.0,697.0,697.0,1357.0,1360.0,1359.0,687.0,700.0,700.0,677.0,678.0,680.0
1.0,4018.0,2090.0,2035.0,2087.0,2090.0,695.0,694.0,701.0,677.0,678.0,680.0,695.0,694.0,701.0,1344.0,1334.0,1340.0,695.0,694.0,701.0,677.0,678.0,680.0
1.0,4015.0,2091.0,2038.0,2090.0,2100.0,694.0,698.0,708.0,678.0,679.0,681.0,691.0,695.0,705.0,1336.0,1340.0,1339.0,694.0,698.0,708.0,678.0,679.0,681.0
1.0,4014.0,2058.0,2038.0,2100.0,2058.0,673.0,698.0,687.0,678.0,679.0,681.0,673.0,698.0,687.0,1340.0,1339.0,1335.0,673.0,698.0,687.0,678.0,679.0,681.0
1.0,4056.0,2087.0,2038.0,2058.0,2087.0,695.0,694.0,698.0,678.0,679.0,681.0,695.0,694.0,698.0,1361.0,1339.0,1356.0,695.0,694.0,698.0,678.0,679.0,681.0
1.0,4027.0,2079.0,2040.0,2087.0,2085.0,694.0,695.0,696.0,679.0,679.0,682.0,691.0,695.0,693.0,1339.0,1343.0,1345.0,694.0,695.0,696.0,679.0,679.0,682.0
1.0,4035.0,1998.0,2039.0,2085.0,1995.0,656.0,667.0,672.0,678.0,679.0,682.0,659.0,667.0,672.0,1343.0,1342.0,1350.0,656.0,667.0,672.0,678.0,679.0,682.0
1.0,4122.0,1926.0,2038.0,1995.0,1923.0,634.0,647.0,642.0,678.0,678.0,682.0,634.0,650.0,642.0,1378.0,1370.0,1374.0,634.0,647.0,642.0,678.0,678.0,682.0
1.0,4191.0,2010.0,2037.0,1923.0,2007.0,669.0,682.0,656.0,678.0,678.0,681.0,669.0,682.0,659.0,1400.0,1387.0,1404.0,669.0,682.0,656.0,678.0,678.0,681.0
1.0,4104.0,2038.0,2039.0,2007.0,2044.0,673.0,686.0,685.0,678.0,679.0,682.0,673.0,683.0,682.0,1365.0,1352.0,1387.0,673.0,686.0,685.0,678.0,679.0,682.0
1.0,4073.0,1987.0,2039.0,2044.0,1987.0,661.0,659.0,667.0,678.0,679.0,682.0,661.0,659.0,667.0,1361.0,1351.0,1361.0,661.0,659.0,667.0,678.0,679.0,682.0
1.0,4130.0,1987.0,2039.0,1987.0,1987.0,667.0,658.0,662.0,678.0,679.0,682.0,667.0,658.0,662.0,1373.0,1378.0,1379.0,667.0,658.0,662.0,678.0,679.0,682.0
1.0,4130.0,2090.0,2039.0,1987.0,2090.0,701.0,688.0,701.0,678.0,679.0,682.0,701.0,688.0,701.0,1367.0,1379.0,1384.0,701.0,688.0,701.0,678.0,679.0,682.0
1.0,4027.0,2016.0,2040.0,2090.0,2019.0,688.0,665.0,666.0,679.0,679.0,682.0,685.0,665.0,666.0,1333.0,1349.0,1345.0,688.0,665.0,666.0,679.0,679.0,682.0
1.0,4101.0,2047.0,2039.0,2019.0,2044.0,702.0,670.0,672.0,679.0,679.0,681.0,702.0,670.0,675.0,1349.0,1372.0,1380.0,702.0,670.0,672.0,679.0,679.0,681.0
1.0,4073.0,2061.0,2040.0,2044.0,2064.0,685.0,689.0,690.0,679.0,680.0,681.0,685.0,686.0,690.0,1335.0,1367.0,1371.0,685.0,689.0,690.0,679.0,680.0,681.0
1.0,4056.0,2074.0,2041.0,2064.0,2077.0,692.0,699.0,686.0,680.0,680.0,681.0,689.0,699.0,686.0,1352.0,1351.0,1353.0,692.0,699.0,686.0,680.0,680.0,681.0
1.0,4046.0,2100.0,2042.0,2077.0,2103.0,701.0,702.0,700.0,680.0,680.0,682.0,701.0,702.0,697.0,1348.0,1341.0,1357.0,701.0,702.0,700.0,680.0,680.0,682.0
1.0,4023.0,2050.0,2043.0,2103.0,2053.0,682.0,688.0,683.0,680.0,681.0,682.0,682.0,685.0,683.0,1339.0,1338.0,1346.0,682.0,688.0,683.0,680.0,681.0,682.0
1.0,4076.0,2077.0,2043.0,2053.0,2077.0,693.0,697.0,687.0,680.0,681.0,682.0,693.0,697.0,687.0,1358.0,1355.0,1363.0,693.0,697.0,687.0,680.0,681.0,682.0
1.0,4052.0,2056.0,2044.0,2077.0,2059.0,674.0,687.0,698.0,680.0,681.0,683.0,674.0,687.0,695.0,1347.0,1346.0,1359.0,674.0,687.0,698.0,680.0,681.0,683.0
1.0,4073.0,2047.0,2045.0,2059.0,2050.0,675.0,688.0,687.0,681.0,681.0,683.0,672.0,688.0,687.0,1366.0,1356.0,1351.0,675.0,688.0,687.0,681.0,681.0,683.0
1.0,4085.0,2045.0,2045.0,2050.0,2045.0,669.0,689.0,687.0,680.0,682.0,683.0,672.0,686.0,687.0,1368.0,1355.0,1362.0,669.0,689.0,687.0,680.0,682.0,683.0
1.0,4090.0,2078.0,2047.0,2045.0,2084.0,694.0,696.0,694.0,681.0,682.0,684.0,691.0,696.0,691.0,1371.0,1357.0,1362.0,694.0,696.0,694.0,681.0,682.0,684.0
1.0,4057.0,2061.0,2047.0,2084.0,2061.0,684.0,692.0,685.0,681.0,682.0,684.0,684.0,692.0,685.0,1349.0,1350.0,1358.0,684.0,692.0,685.0,681.0,682.0,684.0
1.0,4080.0,2068.0,2048.0,2061.0,2071.0,686.0,699.0,686.0,681.0,683.0,684.0,686.0,696.0,686.0,1359.0,1354.0,1367.0,686.0,699.0,686.0,681.0,683.0,684.0
1.0,4073.0,2050.0,2048.0,2071.0,2050.0,680.0,687.0,683.0,681.0,683.0,684.0,680.0,687.0,683.0,1357.0,1350.0,1366.0,680.0,687.0,683.0,681.0,683.0,684.0
1.0,4094.0,2092.0,2049.0,2050.0,2095.0,702.0,695.0,698.0,681.0,683.0,685.0,702.0,695.0,695.0,1363.0,1362.0,1369.0,702.0,695.0,698.0,681.0,683.0,685.0
1.0,4052.0,2032.0,2048.0,2095.0,2029.0,676.0,678.0,675.0,681.0,683.0,684.0,676.0,678.0,678.0,1341.0,1354.0,1357.0,676.0,678.0,675.0,681.0,683.0,684.0
1.0,4115.0,2050.0,2048.0,2029.0,2050.0,698.0,671.0,681.0,681.0,683.0,684.0,698.0,671.0,681.0,1367.0,1371.0,1377.0,698.0,671.0,681.0,681.0,683.0,684.0
1.0,4094.0,2058.0,2049.0,2050.0,2061.0,704.0,681.0,676.0,682.0,683.0,684.0,701.0,681.0,676.0,1345.0,1378.0,1371.0,704.0,681.0,676.0,682.0,683.0,684.0
1.0,4086.0,2062.0,2048.0,2061.0,2059.0,695.0,671.0,693.0,682.0,682.0,684.0,695.0,674.0,693.0,1342.0,1368.0,1376.0,695.0,671.0,693.0,682.0,682.0,684.0
1.0,4085.0,2103.0,2049.0,2059.0,2106.0,694.0,708.0,704.0,682.0,683.0,684.0,694.0,705.0,704.0,1351.0,1375.0,1359.0,694.0,708.0,704.0,682.0,683.0,684.0
1.0,4041.0,2070.0,2052.0,2106.0,2079.0,688.0,695.0,696.0,683.0,684.0,685.0,685.0,692.0,693.0,1352.0,1341.0,1348.0,688.0,695.0,696.0,683.0,684.0,685.0
1.0,4077.0,2057.0,2052.0,2079.0,2057.0,682.0,685.0,690.0,683.0,684.0,685.0,682.0,685.0,690.0,1361.0,1357.0,1359.0,682.0,685.0,690.0,683.0,684.0,685.0
1.0,4099.0,2012.0,2052.0,2057.0,2012.0,668.0,675.0,669.0,683.0,684.0,685.0,668.0,675.0,669.0,1367.0,1367.0,1365.0,668.0,675.0,669.0,683.0,684.0,685.0
1.0,4144.0,2019.0,2051.0,2012.0,2016.0,669.0,679.0,668.0,682.0,684.0,685.0,672.0,679.0,668.0,1381.0,1377.0,1386.0,669.0,679.0,668.0,682.0,684.0,685.0
1.0,4137.0,2078.0,2051.0,2016.0,2078.0,686.0,694.0,698.0,682.0,684.0,685.0,686.0,694.0,698.0,1377.0,1373.0,1387.0,686.0,694.0,698.0,682.0,684.0,685.0
1.0,4075.0,2063.0,2051.0,2078.0,2063.0,680.0,694.0,689.0,682.0,684.0,685.0,680.0,694.0,689.0,1360.0,1358.0,1357.0,680.0,694.0,689.0,682.0,684.0,685.0
1.0,4090.0,2117.0,2051.0,2063.0,2117.0,705.0,705.0,707.0,682.0,684.0,685.0,705.0,705.0,707.0,1366.0,1358.0,1366.0,705.0,705.0,707.0,682.0,684.0,685.0
1.0,4036.0,2131.0,2054.0,2117.0,2140.0,720.0,698.0,722.0,683.0,685.0,686.0,717.0,695.0,719.0,1341.0,1347.0,1348.0,720.0,698.0,722.0,683.0,685.0,686.0
1.0,4022.0,2078.0,2053.0,2140.0,2075.0,700.0,688.0,687.0,683.0,684.0,686.0,700.0,691.0,687.0,1329.0,1357.0,1336.0,700.0,688.0,687.0,683.0,684.0,686.0
1.0,4084.0,2080.0,2053.0,2075.0,2080.0,697.0,689.0,694.0,683.0,684.0,686.0,697.0,689.0,694.0,1349.0,1364.0,1371.0,697.0,689.0,694.0,683.0,684.0,686.0
1.0,4079.0,2076.0,2054.0,2080.0,2079.0,694.0,694.0,691.0,683.0,685.0,686.0,694.0,691.0,691.0,1352.0,1363.0,1364.0,694.0,694.0,691.0,683.0,685.0,686.0
1.0,4083.0,2123.0,2056.0,2079.0,2129.0,721.0,700.0,708.0,684.0,685.0,687.0,718.0,700.0,705.0,1355.0,1361.0,1367.0,721.0,700.0,708.0,684.0,685.0,687.0
1.0,4039.0,2054.0,2056.0,2129.0,2054.0,688.0,691.0,675.0,685.0,685.0,686.0,685.0,691.0,678.0,1331.0,1355.0,1353.0,688.0,691.0,675.0,685.0,685.0,686.0
1.0,4114.0,2079.0,2057.0,2054.0,2082.0,696.0,686.0,700.0,685.0,685.0,687.0,696.0,686.0,697.0,1367.0,1364.0,1383.0,696.0,686.0,700.0,685.0,685.0,687.0
1.0,4089.0,2124.0,2059.0,2082.0,2130.0,718.0,712.0,700.0,686.0,686.0,687.0,715.0,709.0,700.0,1359.0,1369.0,1361.0,718.0,712.0,700.0,686.0,686.0,687.0
1.0,4047.0,2030.0,2059.0,2130.0,2030.0,674.0,680.0,676.0,686.0,686.0,687.0,674.0,680.0,676.0,1340.0,1346.0,1361.0,674.0,680.0,676.0,686.0,686.0,687.0
1.0,4147.0,2088.0,2060.0,2030.0,2091.0,691.0,697.0,703.0,686.0,687.0,687.0,691.0,694.0,703.0,1384.0,1378.0,1385.0,691.0,697.0,703.0,686.0,687.0,687.0
1.0,4089.0,2081.0,2060.0,2091.0,2081.0,697.0,688.0,696.0,686.0,687.0,687.0,697.0,688.0,696.0,1367.0,1364.0,1358.0,697.0,688.0,696.0,686.0,687.0,687.0
1.0,4099.0,2036.0,2060.0,2081.0,2036.0,671.0,683.0,682.0,686.0,687.0,687.0,671.0,683.0,682.0,1361.0,1373.0,1365.0,671.0,683.0,682.0,686.0,687.0,687.0
1.0,4144.0,2110.0,2061.0,2036.0,2113.0,699.0,709.0,705.0,687.0,687.0,687.0,696.0,709.0,705.0,1387.0,1378.0,1379.0,699.0,709.0,705.0,687.0,687.0,687.0
1.0,4070.0,2108.0,2060.0,2113.0,2105.0,689.0,707.0,709.0,686.0,687.0,687.0,692.0,707.0,709.0,1362.0,1352.0,1356.0,689.0,707.0,709.0,686.0,687.0,687.0
1.0,4075.0,2066.0,2061.0,2105.0,2069.0,685.0,704.0,680.0,686.0,688.0,687.0,685.0,701.0,680.0,1369.0,1354.0,1352.0,685.0,704.0,680.0,686.0,688.0,687.0
1.0,4114.0,2119.0,2062.0,2069.0,2122.0,706.0,711.0,705.0,687.0,688.0,687.0,703.0,711.0,705.0,1373.0,1360.0,1381.0,706.0,711.0,705.0,687.0,688.0,687.0
1.0,4064.0,2117.0,2062.0,2122.0,2117.0,714.0,699.0,704.0,687.0,688.0,687.0,714.0,699.0,704.0,1355.0,1353.0,1356.0,714.0,699.0,704.0,687.0,688.0,687.0
1.0,4069.0,2116.0,2064.0,2117.0,2122.0,709.0,707.0,706.0,688.0,688.0,688.0,706.0,707.0,703.0,1347.0,1365.0,1357.0,709.0,707.0,706.0,688.0,688.0,688.0
1.0,4070.0,2090.0,2065.0,2122.0,2093.0,691.0,697.0,705.0,688.0,689.0,688.0,691.0,694.0,705.0,1355.0,1357.0,1358.0,691.0,697.0,705.0,688.0,689.0,688.0
1.0,4102.0,2085.0,2068.0,2093.0,2094.0,699.0,699.0,696.0,689.0,690.0,689.0,696.0,696.0,693.0,1373.0,1370.0,1359.0,699.0,699.0,696.0,689.0,690.0,689.0
1.0,4110.0,2084.0,2070.0,2094.0,2090.0,698.0,682.0,710.0,690.0,690.0,690.0,695.0,682.0,707.0,1368.0,1371.0,1371.0,698.0,682.0,710.0,690.0,690.0,690.0
1.0,4120.0,2086.0,2071.0,2090.0,2089.0,699.0,685.0,705.0,690.0,690.0,691.0,699.0,685.0,702.0,1372.0,1388.0,1360.0,699.0,685.0,705.0,690.0,690.0,691.0
1.0,4124.0,2068.0,2072.0,2089.0,2071.0,697.0,685.0,689.0,691.0,690.0,691.0,694.0,685.0,689.0,1371.0,1385.0,1368.0,697.0,685.0,689.0,691.0,690.0,691.0
1.0,4145.0,2095.0,2075.0,2071.0,2104.0,694.0,700.0,710.0,692.0,691.0,692.0,691.0,697.0,707.0,1376.0,1385.0,1384.0,694.0,700.0,710.0,692.0,691.0,692.0
1.0,4121.0,2097.0,2074.0,2104.0,2094.0,696.0,701.0,697.0,691.0,691.0,692.0,699.0,701.0,697.0,1382.0,1373.0,1366.0,696.0,701.0,697.0,691.0,691.0,692.0
1.0,4128.0,2047.0,2074.0,2094.0,2047.0,680.0,677.0,690.0,691.0,691.0,692.0,680.0,677.0,690.0,1377.0,1372.0,1379.0,680.0,677.0,690.0,691.0,691.0,692.0
1.0,4175.0,2122.0,2076.0,2047.0,2128.0,704.0,715.0,709.0,691.0,692.0,693.0,704.0,712.0,706.0,1393.0,1396.0,1386.0,704.0,715.0,709.0,691.0,692.0,693.0
1.0,4100.0,2104.0,2077.0,2128.0,2107.0,700.0,707.0,700.0,692.0,692.0,693.0,697.0,707.0,700.0,1369.0,1361.0,1370.0,700.0,707.0,700.0,692.0,692.0,693.0
1.0,4124.0,2089.0,2078.0,2107.0,2092.0,702.0,710.0,680.0,692.0,693.0,693.0,702.0,707.0,680.0,1376.0,1369.0,1379.0,702.0,710.0,680.0,692.0,693.0,693.0
1.0,4142.0,2094.0,2078.0,2092.0,2094.0,699.0,703.0,692.0,692.0,693.0,693.0,699.0,703.0,692.0,1374.0,1369.0,1399.0,699.0,703.0,692.0,692.0,693.0,693.0
1.0,4140.0,2094.0,2078.0,2094.0,2094.0,702.0,700.0,692.0,692.0,693.0,693.0,702.0,700.0,692.0,1377.0,1376.0,1387.0,702.0,700.0,692.0,692.0,693.0,693.0
1.0,4140.0,2049.0,2078.0,2094.0,2049.0,681.0,689.0,679.0,692.0,693.0,693.0,681.0,689.0,679.0,1374.0,1379.0,1387.0,681.0,689.0,679.0,692.0,693.0,693.0
1.0,4185.0,2062.0,2077.0,2049.0,2059.0,691.0,697.0,671.0,692.0,693.0,692.0,691.0,697.0,674.0,1395.0,1390.0,1400.0,691.0,697.0,671.0,692.0,693.0,692.0
1.0,4172.0,2104.0,2079.0,2059.0,2110.0,705.0,703.0,702.0,693.0,693.0,693.0,702.0,703.0,699.0,1385.0,1382.0,1405.0,705.0,703.0,702.0,693.0,693.0,693.0
1.0,4127.0,2059.0,2079.0,2110.0,2059.0,691.0,684.0,684.0,693.0,693.0,693.0,691.0,684.0,684.0,1374.0,1376.0,1377.0,691.0,684.0,684.0,693.0,693.0,693.0
1.0,4178.0,2137.0,2081.0,2059.0,2143.0,711.0,721.0,711.0,694.0,694.0,693.0,708.0,718.0,711.0,1388.0,1395.0,1395.0,711.0,721.0,711.0,694.0,694.0,693.0
1.0,4100.0,2082.0,2081.0,2143.0,2082.0,695.0,689.0,698.0,694.0,694.0,693.0,695.0,689.0,698.0,1371.0,1361.0,1368.0,695.0,689.0,698.0,694.0,694.0,693.0
1.0,4161.0,2076.0,2082.0,2082.0,2079.0,686.0,690.0,703.0,694.0,694.0,694.0,686.0,690.0,700.0,1387.0,1393.0,1381.0,686.0,690.0,703.0,694.0,694.0,694.0
1.0,4167.0,2068.0,2082.0,2079.0,2068.0,678.0,690.0,700.0,694.0,694.0,694.0,678.0,690.0,700.0,1396.0,1392.0,1379.0,678.0,690.0,700.0,694.0,694.0,694.0
1.0,4178.0,2107.0,2082.0,2068.0,2107.0,699.0,693.0,715.0,694.0,694.0,694.0,699.0,693.0,715.0,1404.0,1392.0,1382.0,699.0,693.0,715.0,694.0,694.0,694.0
1.0,4139.0,2108.0,2083.0,2107.0,2111.0,693.0,703.0,715.0,694.0,694.0,695.0,693.0,703.0,712.0,1383.0,1389.0,1367.0,693.0,703.0,715.0,694.0,694.0,695.0
1.0,4138.0,2082.0,2083.0,2111.0,2082.0,695.0,686.0,701.0,694.0,694.0,695.0,695.0,686.0,701.0,1389.0,1379.0,1370.0,695.0,686.0,701.0,694.0,694.0,695.0
1.0,4167.0,2104.0,2085.0,2082.0,2110.0,707.0,701.0,702.0,694.0,695.0,696.0,707.0,698.0,699.0,1387.0,1396.0,1384.0,707.0,701.0,702.0,694.0,695.0,696.0
1.0,4145.0,2081.0,2085.0,2110.0,2081.0,697.0,690.0,694.0,694.0,695.0,696.0,697.0,690.0,694.0,1375.0,1384.0,1386.0,697.0,690.0,694.0,694.0,695.0,696.0
1.0,4174.0,2127.0,2086.0,2081.0,2130.0,721.0,698.0,711.0,695.0,695.0,696.0,718.0,698.0,711.0,1385.0,1395.0,1394.0,721.0,698.0,711.0,695.0,695.0,696.0
1.0,4128.0,2101.0,2086.0,2130.0,2101.0,702.0,703.0,696.0,695.0,695.0,696.0,702.0,703.0,696.0,1364.0,1387.0,1377.0,702.0,703.0,696.0,695.0,695.0,696.0
1.0,4157.0,2059.0,2086.0,2101.0,2059.0,698.0,682.0,679.0,695.0,695.0,696.0,698.0,682.0,679.0,1383.0,1382.0,1392.0,698.0,682.0,679.0,695.0,695.0,696.0
1.0,4199.0,2066.0,2086.0,2059.0,2066.0,679.0,699.0,688.0,695.0,695.0,696.0,679.0,699.0,688.0,1387.0,1403.0,1409.0,679.0,699.0,688.0,695.0,695.0,696.0
1.0,4192.0,2074.0,2088.0,2066.0,2080.0,694.0,696.0,690.0,696.0,696.0,696.0,691.0,693.0,690.0,1406.0,1386.0,1400.0,694.0,696.0,690.0,696.0,696.0,696.0
1.0,4184.0,2071.0,2088.0,2080.0,2071.0,699.0,695.0,677.0,696.0,696.0,696.0,699.0,695.0,677.0,1394.0,1392.0,1398.0,699.0,695.0,677.0,696.0,696.0,696.0
1.0,4193.0,2111.0,2089.0,2071.0,2114.0,711.0,712.0,691.0,697.0,696.0,696.0,708.0,712.0,691.0,1389.0,1393.0,1411.0,711.0,712.0,691.0,697.0,696.0,696.0
1.0,4153.0,2098.0,2089.0,2114.0,2098.0,701.0,703.0,694.0,697.0,696.0,696.0,701.0,703.0,694.0,1380.0,1376.0,1397.0,701.0,703.0,694.0,697.0,696.0,696.0
1.0,4169.0,2128.0,2088.0,2098.0,2125.0,707.0,710.0,708.0,696.0,696.0,696.0,710.0,710.0,708.0,1390.0,1385.0,1394.0,707.0,710.0,708.0,696.0,696.0,696.0
1.0,4139.0,2121.0,2089.0,2125.0,2124.0,701.0,712.0,711.0,696.0,697.0,696.0,701.0,709.0,711.0,1381.0,1378.0,1380.0,701.0,712.0,711.0,696.0,697.0,696.0
1.0,4143.0,2147.0,2091.0,2124.0,2153.0,711.0,720.0,722.0,697.0,697.0,697.0,708.0,720.0,719.0,1387.0,1379.0,1377.0,711.0,720.0,722.0,697.0,697.0,697.0
1.0,4120.0,2113.0,2091.0,2153.0,2113.0,704.0,695.0,714.0,697.0,697.0,697.0,704.0,695.0,714.0,1380.0,1371.0,1369.0,704.0,695.0,714.0,697.0,697.0,697.0
1.0,4160.0,2152.0,2092.0,2113.0,2155.0,709.0,719.0,727.0,697.0,698.0,697.0,709.0,716.0,727.0,1387.0,1396.0,1377.0,709.0,719.0,727.0,697.0,698.0,697.0
1.0,4121.0,2113.0,2093.0,2155.0,2116.0,711.0,695.0,710.0,697.0,698.0,698.0,711.0,695.0,707.0,1382.0,1375.0,1364.0,711.0,695.0,710.0,697.0,698.0,698.0
1.0,4163.0,2090.0,2093.0,2116.0,2090.0,701.0,690.0,699.0,697.0,698.0,698.0,701.0,690.0,699.0,1380.0,1399.0,1384.0,701.0,690.0,699.0,697.0,698.0,698.0
1.0,4189.0,2107.0,2092.0,2090.0,2104.0,703.0,689.0,712.0,697.0,697.0,698.0,703.0,692.0,712.0,1390.0,1404.0,1395.0,703.0,689.0,712.0,697.0,697.0,698.0
1.0,4172.0,2096.0,2094.0,2104.0,2102.0,696.0,707.0,699.0,697.0,698.0,699.0,696.0,704.0,696.0,1388.0,1402.0,1382.0,696.0,707.0,699.0,697.0,698.0,699.0
1.0,4180.0,2095.0,2094.0,2102.0,2095.0,716.0,691.0,688.0,698.0,698.0,698.0,713.0,691.0,691.0,1395.0,1387.0,1398.0,716.0,691.0,688.0,698.0,698.0,698.0
1.0,4187.0,2123.0,2095.0,2095.0,2126.0,699.0,704.0,723.0,698.0,698.0,699.0,699.0,704.0,720.0,1378.0,1403.0,1406.0,699.0,704.0,723.0,698.0,698.0,699.0
1.0,4159.0,2090.0,2095.0,2126.0,2090.0,690.0,697.0,703.0,698.0,698.0,699.0,690.0,697.0,703.0,1395.0,1390.0,1374.0,690.0,697.0,703.0,698.0,698.0,699.0
1.0,4195.0,2106.0,2095.0,2090.0,2106.0,706.0,711.0,689.0,698.0,698.0,699.0,706.0,711.0,689.0,1404.0,1397.0,1394.0,706.0,711.0,689.0,698.0,698.0,699.0
1.0,4179.0,2127.0,2097.0,2106.0,2133.0,704.0,719.0,710.0,699.0,699.0,699.0,701.0,716.0,710.0,1388.0,1383.0,1408.0,704.0,719.0,710.0,699.0,699.0,699.0
1.0,4158.0,2117.0,2098.0,2133.0,2120.0,701.0,709.0,710.0,699.0,699.0,700.0,701.0,709.0,707.0,1393.0,1378.0,1387.0,701.0,709.0,710.0,699.0,699.0,700.0
1.0,4174.0,2080.0,2097.0,2120.0,2077.0,691.0,701.0,685.0,699.0,699.0,699.0,691.0,701.0,688.0,1396.0,1388.0,1390.0,691.0,701.0,685.0,699.0,699.0,699.0
1.0,4214.0,2168.0,2098.0,2077.0,2171.0,718.0,725.0,728.0,699.0,699.0,700.0,718.0,725.0,725.0,1406.0,1396.0,1412.0,718.0,725.0,728.0,699.0,699.0,700.0
1.0,4123.0,2133.0,2098.0,2171.0,2133.0,712.0,714.0,707.0,699.0,699.0,700.0,712.0,714.0,707.0,1379.0,1372.0,1372.0,712.0,714.0,707.0,699.0,699.0,700.0
1.0,4161.0,2098.0,2098.0,2133.0,2098.0,702.0,701.0,695.0,699.0,699.0,700.0,702.0,701.0,695.0,1385.0,1383.0,1393.0,702.0,701.0,695.0,699.0,699.0,700.0
1.0,4196.0,2084.0,2097.0,2098.0,2081.0,697.0,700.0,684.0,699.0,699.0,699.0,697.0,700.0,687.0,1395.0,1396.0,1405.0,697.0,700.0,684.0,699.0,699.0,699.0
1.0,4210.0,2058.0,2097.0,2081.0,2058.0,691.0,680.0,687.0,699.0,699.0,699.0,691.0,680.0,687.0,1400.0,1397.0,1413.0,691.0,680.0,687.0,699.0,699.0,699.0
1.0,4233.0,2028.0,2096.0,2058.0,2025.0,683.0,670.0,672.0,699.0,699.0,698.0,683.0,670.0,675.0,1406.0,1417.0,1410.0,683.0,670.0,672.0,699.0,699.0,698.0
1.0,4263.0,2102.0,2097.0,2025.0,2105.0,705.0,695.0,705.0,699.0,699.0,699.0,705.0,695.0,702.0,1414.0,1427.0,1422.0,705.0,695.0,705.0,699.0,699.0,699.0
1.0,4186.0,2115.0,2097.0,2105.0,2115.0,710.0,691.0,714.0,699.0,699.0,699.0,710.0,691.0,714.0,1392.0,1402.0,1392.0,710.0,691.0,714.0,699.0,699.0,699.0
1.0,4176.0,2090.0,2097.0,2115.0,2090.0,703.0,691.0,696.0,699.0,699.0,699.0,703.0,691.0,696.0,1387.0,1406.0,1383.0,703.0,691.0,696.0,699.0,699.0,699.0
1.0,4201.0,2108.0,2099.0,2090.0,2114.0,700.0,714.0,700.0,700.0,700.0,699.0,697.0,711.0,700.0,1394.0,1406.0,1401.0,700.0,714.0,700.0,700.0,700.0,699.0
1.0,4183.0,2133.0,2099.0,2114.0,2133.0,708.0,708.0,717.0,700.0,700.0,699.0,708.0,708.0,717.0,1400.0,1386.0,1397.0,708.0,708.0,717.0,700.0,700.0,699.0
1.0,4164.0,2176.0,2100.0,2133.0,2179.0,718.0,725.0,736.0,700.0,700.0,700.0,718.0,725.0,733.0,1392.0,1392.0,1380.0,718.0,725.0,736.0,700.0,700.0,700.0
1.0,4121.0,2175.0,2102.0,2179.0,2181.0,722.0,720.0,739.0,701.0,700.0,701.0,719.0,720.0,736.0,1382.0,1375.0,1364.0,722.0,720.0,739.0,701.0,700.0,701.0
1.0,4125.0,2098.0,2101.0,2181.0,2095.0,692.0,698.0,705.0,700.0,700.0,701.0,695.0,698.0,705.0,1381.0,1380.0,1364.0,692.0,698.0,705.0,700.0,700.0,701.0
1.0,4208.0,2155.0,2103.0,2095.0,2161.0,726.0,722.0,713.0,701.0,700.0,702.0,723.0,722.0,710.0,1408.0,1402.0,1398.0,726.0,722.0,713.0,701.0,700.0,702.0
1.0,4148.0,2129.0,2104.0,2161.0,2132.0,708.0,716.0,708.0,701.0,701.0,702.0,708.0,713.0,708.0,1377.0,1378.0,1393.0,708.0,716.0,708.0,701.0,701.0,702.0
1.0,4180.0,2107.0,2106.0,2132.0,2113.0,702.0,699.0,712.0,702.0,701.0,703.0,699.0,699.0,709.0,1395.0,1387.0,1398.0,702.0,699.0,712.0,702.0,701.0,703.0
1.0,4205.0,2056.0,2104.0,2113.0,2050.0,685.0,689.0,676.0,701.0,701.0,702.0,688.0,689.0,679.0,1404.0,1404.0,1397.0,685.0,689.0,676.0,701.0,701.0,702.0
1.0,4262.0,2084.0,2104.0,2050.0,2084.0,703.0,693.0,688.0,701.0,701.0,702.0,703.0,693.0,688.0,1418.0,1414.0,1430.0,703.0,693.0,688.0,701.0,701.0,702.0
1.0,4228.0,2115.0,2105.0,2084.0,2118.0,718.0,705.0,695.0,702.0,701.0,702.0,715.0,705.0,695.0,1400.0,1410.0,1418.0,718.0,705.0,695.0,702.0,701.0,702.0
1.0,4197.0,2138.0,2105.0,2118.0,2138.0,723.0,711.0,704.0,702.0,701.0,702.0,723.0,711.0,704.0,1388.0,1398.0,1411.0,723.0,711.0,704.0,702.0,701.0,702.0
1.0,4177.0,2135.0,2106.0,2138.0,2138.0,726.0,710.0,702.0,703.0,701.0,702.0,723.0,710.0,702.0,1383.0,1392.0,1402.0,726.0,710.0,702.0,703.0,701.0,702.0
1.0,4180.0,2118.0,2107.0,2138.0,2121.0,725.0,690.0,706.0,704.0,701.0,702.0,722.0,690.0,706.0,1383.0,1393.0,1404.0,725.0,690.0,706.0,704.0,701.0,702.0
1.0,4200.0,2127.0,2108.0,2121.0,2130.0,713.0,711.0,706.0,704.0,702.0,702.0,713.0,708.0,706.0,1387.0,1413.0,1400.0,713.0,711.0,706.0,704.0,702.0,702.0
1.0,4194.0,2180.0,2110.0,2130.0,2186.0,726.0,733.0,727.0,705.0,702.0,703.0,723.0,733.0,724.0,1399.0,1395.0,1400.0,726.0,733.0,727.0,705.0,702.0,703.0
1.0,4144.0,2178.0,2111.0,2186.0,2181.0,729.0,718.0,734.0,705.0,703.0,703.0,729.0,715.0,734.0,1389.0,1373.0,1382.0,729.0,718.0,734.0,705.0,703.0,703.0
1.0,4152.0,2133.0,2111.0,2181.0,2133.0,701.0,722.0,710.0,705.0,703.0,703.0,701.0,722.0,710.0,1386.0,1391.0,1375.0,701.0,722.0,710.0,705.0,703.0,703.0
1.0,4200.0,2118.0,2112.0,2133.0,2121.0,708.0,715.0,698.0,705.0,704.0,703.0,708.0,712.0,698.0,1414.0,1387.0,1399.0,708.0,715.0,698.0,705.0,704.0,703.0
1.0,4215.0,2128.0,2112.0,2121.0,2128.0,710.0,718.0,700.0,705.0,704.0,703.0,710.0,718.0,700.0,1407.0,1397.0,1411.0,710.0,718.0,700.0,705.0,704.0,703.0
1.0,4208.0,2084.0,2112.0,2128.0,2084.0,684.0,695.0,705.0,705.0,704.0,703.0,684.0,695.0,705.0,1405.0,1394.0,1409.0,684.0,695.0,705.0,705.0,704.0,703.0
1.0,4252.0,2166.0,2114.0,2084.0,2172.0,708.0,732.0,732.0,705.0,705.0,704.0,708.0,729.0,729.0,1431.0,1417.0,1404.0,708.0,732.0,732.0,705.0,705.0,704.0
1.0,4170.0,2144.0,2116.0,2172.0,2150.0,710.0,720.0,720.0,706.0,705.0,705.0,707.0,720.0,717.0,1407.0,1383.0,1380.0,710.0,720.0,720.0,706.0,705.0,705.0
1.0,4198.0,2090.0,2116.0,2150.0,2090.0,702.0,692.0,696.0,706.0,705.0,705.0,702.0,692.0,696.0,1408.0,1395.0,1395.0,702.0,692.0,696.0,706.0,705.0,705.0
1.0,4258.0,2120.0,2117.0,2090.0,2123.0,713.0,699.0,711.0,706.0,705.0,706.0,713.0,699.0,708.0,1416.0,1423.0,1419.0,713.0,699.0,711.0,706.0,705.0,706.0
1.0,4228.0,2095.0,2117.0,2123.0,2095.0,693.0,706.0,696.0,706.0,705.0,706.0,693.0,706.0,696.0,1405.0,1416.0,1407.0,693.0,706.0,696.0,706.0,705.0,706.0
1.0,4256.0,2170.0,2118.0,2095.0,2173.0,737.0,720.0,716.0,706.0,706.0,706.0,737.0,717.0,716.0,1425.0,1409.0,1422.0,737.0,720.0,716.0,706.0,706.0,706.0
1.0,4181.0,2114.0,2117.0,2173.0,2111.0,707.0,697.0,707.0,706.0,705.0,706.0,707.0,700.0,707.0,1381.0,1398.0,1402.0,707.0,697.0,707.0,706.0,705.0,706.0
1.0,4240.0,2128.0,2118.0,2111.0,2131.0,714.0,706.0,711.0,707.0,705.0,706.0,711.0,706.0,711.0,1411.0,1418.0,1411.0,714.0,706.0,711.0,707.0,705.0,706.0
1.0,4223.0,2139.0,2118.0,2131.0,2139.0,711.0,714.0,714.0,707.0,705.0,706.0,711.0,714.0,714.0,1407.0,1409.0,1407.0,711.0,714.0,714.0,707.0,705.0,706.0
1.0,4215.0,2118.0,2118.0,2139.0,2118.0,713.0,703.0,702.0,707.0,705.0,706.0,713.0,703.0,702.0,1410.0,1401.0,1404.0,713.0,703.0,702.0,707.0,705.0,706.0
1.0,4236.0,2094.0,2117.0,2118.0,2091.0,697.0,696.0,698.0,707.0,705.0,705.0,697.0,696.0,701.0,1408.0,1412.0,1416.0,697.0,696.0,698.0,707.0,705.0,705.0
1.0,4260.0,2131.0,2116.0,2091.0,2128.0,705.0,712.0,711.0,706.0,705.0,705.0,708.0,712.0,711.0,1424.0,1419.0,1417.0,705.0,712.0,711.0,706.0,705.0,705.0
1.0,4220.0,2125.0,2119.0,2128.0,2134.0,708.0,713.0,713.0,707.0,706.0,706.0,705.0,710.0,710.0,1413.0,1403.0,1404.0,708.0,713.0,713.0,707.0,706.0,706.0
1.0,4223.0,2076.0,2117.0,2134.0,2070.0,692.0,694.0,684.0,706.0,706.0,705.0,695.0,694.0,687.0,1413.0,1405.0,1405.0,692.0,694.0,684.0,706.0,706.0,705.0
1.0,4281.0,2120.0,2118.0,2070.0,2123.0,708.0,710.0,705.0,707.0,706.0,705.0,705.0,710.0,705.0,1426.0,1424.0,1431.0,708.0,710.0,705.0,707.0,706.0,705.0
1.0,4231.0,2153.0,2119.0,2123.0,2156.0,713.0,715.0,728.0,707.0,706.0,706.0,713.0,715.0,725.0,1413.0,1408.0,1410.0,713.0,715.0,728.0,707.0,706.0,706.0
1.0,4201.0,2130.0,2119.0,2156.0,2130.0,713.0,704.0,713.0,707.0,706.0,706.0,713.0,704.0,713.0,1408.0,1403.0,1390.0,713.0,704.0,713.0,707.0,706.0,706.0
1.0,4227.0,2131.0,2119.0,2130.0,2131.0,709.0,704.0,718.0,707.0,706.0,706.0,709.0,704.0,718.0,1408.0,1414.0,1405.0,709.0,704.0,718.0,707.0,706.0,706.0
1.0,4226.0,2123.0,2119.0,2131.0,2123.0,700.0,717.0,706.0,707.0,706.0,706.0,700.0,717.0,706.0,1412.0,1414.0,1400.0,700.0,717.0,706.0,707.0,706.0,706.0
1.0,4234.0,2140.0,2120.0,2123.0,2143.0,710.0,720.0,713.0,707.0,707.0,706.0,710.0,717.0,713.0,1421.0,1401.0,1412.0,710.0,720.0,713.0,707.0,707.0,706.0
1.0,4217.0,2189.0,2122.0,2143.0,2195.0,723.0,725.0,747.0,708.0,707.0,707.0,720.0,725.0,744.0,1411.0,1401.0,1405.0,723.0,725.0,747.0,708.0,707.0,707.0
1.0,4171.0,2226.0,2125.0,2195.0,2235.0,742.0,743.0,750.0,709.0,708.0,708.0,739.0,740.0,747.0,1401.0,1396.0,1374.0,742.0,743.0,750.0,709.0,708.0,708.0
1.0,4140.0,2165.0,2125.0,2235.0,2165.0,731.0,723.0,711.0,709.0,708.0,708.0,731.0,723.0,711.0,1385.0,1381.0,1374.0,731.0,723.0,711.0,709.0,708.0,708.0
1.0,4210.0,2131.0,2124.0,2165.0,2128.0,702.0,703.0,723.0,709.0,707.0,708.0,702.0,706.0,723.0,1396.0,1401.0,1413.0,702.0,703.0,723.0,709.0,707.0,708.0
1.0,4244.0,2155.0,2126.0,2128.0,2161.0,714.0,722.0,725.0,709.0,708.0,709.0,714.0,719.0,722.0,1425.0,1418.0,1401.0,714.0,722.0,725.0,709.0,708.0,709.0
1.0,4217.0,2135.0,2126.0,2161.0,2135.0,711.0,711.0,713.0,709.0,708.0,709.0,711.0,711.0,713.0,1413.0,1402.0,1402.0,711.0,711.0,713.0,709.0,708.0,709.0
1.0,4243.0,2124.0,2128.0,2135.0,2130.0,707.0,716.0,707.0,709.0,709.0,710.0,707.0,713.0,704.0,1416.0,1413.0,1414.0,707.0,716.0,707.0,709.0,709.0,710.0
1.0,4254.0,2121.0,2129.0,2130.0,2124.0,704.0,704.0,716.0,710.0,709.0,710.0,701.0,704.0,716.0,1420.0,1411.0,1423.0,704.0,704.0,716.0,710.0,709.0,710.0
1.0,4263.0,2107.0,2129.0,2124.0,2107.0,705.0,704.0,698.0,710.0,709.0,710.0,705.0,704.0,698.0,1426.0,1423.0,1414.0,705.0,704.0,698.0,710.0,709.0,710.0
1.0,4280.0,2129.0,2130.0,2107.0,2132.0,708.0,724.0,700.0,710.0,710.0,710.0,708.0,721.0,700.0,1425.0,1423.0,1432.0,708.0,724.0,700.0,710.0,710.0,710.0
1.0,4258.0,2152.0,2130.0,2132.0,2152.0,725.0,714.0,713.0,710.0,710.0,710.0,725.0,714.0,713.0,1422.0,1406.0,1430.0,725.0,714.0,713.0,710.0,710.0,710.0
1.0,4238.0,2196.0,2133.0,2152.0,2205.0,740.0,733.0,732.0,711.0,711.0,711.0,737.0,730.0,729.0,1405.0,1416.0,1417.0,740.0,733.0,732.0,711.0,711.0,711.0
1.0,4194.0,2186.0,2134.0,2205.0,2189.0,743.0,724.0,722.0,712.0,711.0,711.0,740.0,724.0,722.0,1393.0,1400.0,1401.0,743.0,724.0,722.0,712.0,711.0,711.0
1.0,4213.0,2131.0,2132.0,2189.0,2125.0,708.0,721.0,696.0,711.0,711.0,710.0,711.0,721.0,699.0,1393.0,1409.0,1411.0,708.0,721.0,696.0,711.0,711.0,710.0
1.0,4271.0,2202.0,2133.0,2125.0,2205.0,746.0,731.0,728.0,712.0,711.0,710.0,743.0,731.0,728.0,1425.0,1412.0,1434.0,746.0,731.0,728.0,712.0,711.0,710.0
1.0,4194.0,2209.0,2136.0,2205.0,2218.0,747.0,730.0,741.0,713.0,712.0,711.0,744.0,727.0,738.0,1390.0,1402.0,1402.0,747.0,730.0,741.0,713.0,712.0,711.0
1.0,4190.0,2201.0,2136.0,2218.0,2201.0,734.0,734.0,733.0,713.0,712.0,711.0,734.0,734.0,733.0,1392.0,1406.0,1392.0,734.0,734.0,733.0,713.0,712.0,711.0
1.0,4207.0,2155.0,2137.0,2201.0,2158.0,714.0,714.0,730.0,713.0,712.0,712.0,714.0,714.0,727.0,1405.0,1402.0,1400.0,714.0,714.0,730.0,713.0,712.0,712.0
1.0,4253.0,2114.0,2137.0,2158.0,2114.0,694.0,707.0,713.0,713.0,712.0,712.0,694.0,707.0,713.0,1425.0,1422.0,1406.0,694.0,707.0,713.0,713.0,712.0,712.0
1.0,4297.0,2131.0,2139.0,2114.0,2137.0,706.0,709.0,722.0,713.0,713.0,713.0,706.0,706.0,719.0,1445.0,1429.0,1423.0,706.0,709.0,722.0,713.0,713.0,713.0
1.0,4280.0,2083.0,2138.0,2137.0,2080.0,692.0,689.0,699.0,713.0,712.0,713.0,692.0,692.0,699.0,1433.0,1430.0,1417.0,692.0,689.0,699.0,713.0,712.0,713.0
1.0,4334.0,2079.0,2138.0,2080.0,2079.0,692.0,688.0,699.0,713.0,712.0,713.0,692.0,688.0,699.0,1447.0,1447.0,1440.0,692.0,688.0,699.0,713.0,712.0,713.0
1.0,4335.0,2157.0,2137.0,2079.0,2154.0,706.0,727.0,721.0,712.0,712.0,713.0,709.0,727.0,721.0,1447.0,1448.0,1440.0,706.0,727.0,721.0,712.0,712.0,713.0
1.0,4257.0,2132.0,2138.0,2154.0,2135.0,702.0,719.0,714.0,712.0,713.0,713.0,702.0,716.0,714.0,1430.0,1409.0,1418.0,702.0,719.0,714.0,712.0,713.0,713.0
1.0,4279.0,2178.0,2139.0,2135.0,2181.0,731.0,722.0,728.0,712.0,713.0,714.0,731.0,722.0,725.0,1434.0,1420.0,1425.0,731.0,722.0,728.0,712.0,713.0,714.0
1.0,4236.0,2182.0,2141.0,2181.0,2188.0,736.0,726.0,726.0,713.0,714.0,714.0,733.0,723.0,726.0,1405.0,1417.0,1414.0,736.0,726.0,726.0,713.0,714.0,714.0
1.0,4235.0,2170.0,2140.0,2188.0,2167.0,725.0,714.0,728.0,713.0,713.0,714.0,725.0,717.0,728.0,1403.0,1416.0,1416.0,725.0,714.0,728.0,713.0,713.0,714.0
1.0,4253.0,2173.0,2140.0,2167.0,2173.0,733.0,730.0,710.0,713.0,713.0,714.0,733.0,730.0,710.0,1414.0,1425.0,1414.0,733.0,730.0,710.0,713.0,713.0,714.0
1.0,4247.0,2223.0,2142.0,2173.0,2229.0,756.0,742.0,731.0,714.0,714.0,714.0,753.0,739.0,731.0,1406.0,1409.0,1432.0,756.0,742.0,731.0,714.0,714.0,714.0
1.0,4197.0,2152.0,2142.0,2229.0,2152.0,723.0,722.0,707.0,714.0,714.0,714.0,723.0,722.0,707.0,1386.0,1400.0,1411.0,723.0,722.0,707.0,714.0,714.0,714.0
1.0,4274.0,2155.0,2143.0,2152.0,2158.0,719.0,718.0,721.0,714.0,714.0,715.0,719.0,718.0,718.0,1419.0,1420.0,1435.0,719.0,718.0,721.0,714.0,714.0,715.0
1.0,4271.0,2131.0,2144.0,2158.0,2134.0,712.0,708.0,714.0,715.0,714.0,715.0,709.0,708.0,714.0,1423.0,1424.0,1424.0,712.0,708.0,714.0,715.0,714.0,715.0
1.0,4298.0,2107.0,2142.0,2134.0,2101.0,692.0,711.0,698.0,714.0,714.0,714.0,695.0,711.0,701.0,1433.0,1434.0,1431.0,692.0,711.0,698.0,714.0,714.0,714.0
1.0,4325.0,2168.0,2143.0,2101.0,2171.0,730.0,729.0,712.0,715.0,714.0,714.0,727.0,729.0,712.0,1450.0,1431.0,1444.0,730.0,729.0,712.0,715.0,714.0,714.0
1.0,4258.0,2122.0,2144.0,2171.0,2125.0,699.0,723.0,703.0,715.0,715.0,714.0,699.0,720.0,703.0,1415.0,1413.0,1430.0,699.0,723.0,703.0,715.0,715.0,714.0
1.0,4307.0,2137.0,2144.0,2125.0,2137.0,694.0,716.0,727.0,714.0,715.0,715.0,697.0,716.0,724.0,1446.0,1422.0,1439.0,694.0,716.0,727.0,714.0,715.0,715.0
1.0,4295.0,2198.0,2147.0,2137.0,2207.0,723.0,739.0,745.0,715.0,716.0,716.0,720.0,736.0,742.0,1448.0,1429.0,1418.0,723.0,739.0,745.0,715.0,716.0,716.0
1.0,4234.0,2175.0,2147.0,2207.0,2175.0,716.0,723.0,736.0,715.0,716.0,716.0,716.0,723.0,736.0,1422.0,1409.0,1403.0,716.0,723.0,736.0,715.0,716.0,716.0
1.0,4266.0,2170.0,2148.0,2175.0,2173.0,713.0,719.0,741.0,715.0,716.0,717.0,713.0,719.0,738.0,1429.0,1425.0,1412.0,713.0,719.0,741.0,715.0,716.0,717.0
1.0,4271.0,2184.0,2148.0,2173.0,2184.0,721.0,721.0,742.0,715.0,716.0,717.0,721.0,721.0,742.0,1432.0,1429.0,1410.0,721.0,721.0,742.0,715.0,716.0,717.0
1.0,4260.0,2181.0,2148.0,2184.0,2181.0,732.0,724.0,725.0,715.0,716.0,717.0,732.0,724.0,725.0,1424.0,1427.0,1409.0,732.0,724.0,725.0,715.0,716.0,717.0
1.0,4263.0,2174.0,2151.0,2181.0,2183.0,739.0,719.0,725.0,716.0,717.0,718.0,736.0,716.0,722.0,1413.0,1424.0,1426.0,739.0,719.0,725.0,716.0,717.0,718.0
1.0,4270.0,2119.0,2151.0,2183.0,2119.0,709.0,700.0,710.0,716.0,717.0,718.0,709.0,700.0,710.0,1409.0,1432.0,1429.0,709.0,700.0,710.0,716.0,717.0,718.0
1.0,4334.0,2197.0,2152.0,2119.0,2200.0,741.0,726.0,733.0,717.0,717.0,718.0,738.0,726.0,733.0,1439.0,1451.0,1444.0,741.0,726.0,733.0,717.0,717.0,718.0
1.0,4256.0,2146.0,2152.0,2200.0,2146.0,711.0,723.0,712.0,717.0,717.0,718.0,711.0,723.0,712.0,1410.0,1425.0,1421.0,711.0,723.0,712.0,717.0,717.0,718.0
1.0,4310.0,2173.0,2154.0,2146.0,2179.0,727.0,734.0,718.0,717.0,718.0,719.0,727.0,731.0,715.0,1440.0,1428.0,1442.0,727.0,734.0,718.0,717.0,718.0,719.0
1.0,4283.0,2126.0,2154.0,2179.0,2126.0,711.0,718.0,697.0,717.0,718.0,719.0,711.0,718.0,697.0,1424.0,1420.0,1439.0,711.0,718.0,697.0,717.0,718.0,719.0
1.0,4336.0,2114.0,2153.0,2126.0,2111.0,712.0,717.0,682.0,717.0,718.0,718.0,712.0,717.0,685.0,1440.0,1436.0,1460.0,712.0,717.0,682.0,717.0,718.0,718.0
1.0,4348.0,2135.0,2154.0,2111.0,2138.0,712.0,723.0,703.0,717.0,719.0,718.0,712.0,720.0,703.0,1439.0,1437.0,1472.0,712.0,723.0,703.0,717.0,719.0,718.0
1.0,4324.0,2199.0,2155.0,2138.0,2202.0,731.0,737.0,734.0,718.0,719.0,718.0,728.0,737.0,734.0,1439.0,1434.0,1451.0,731.0,737.0,734.0,718.0,719.0,718.0
1.0,4263.0,2211.0,2157.0,2202.0,2217.0,727.0,739.0,751.0,718.0,720.0,719.0,727.0,736.0,748.0,1423.0,1420.0,1420.0,727.0,739.0,751.0,718.0,720.0,719.0
1.0,4254.0,2186.0,2157.0,2217.0,2186.0,717.0,733.0,736.0,718.0,720.0,719.0,717.0,733.0,736.0,1427.0,1421.0,1406.0,717.0,733.0,736.0,718.0,720.0,719.0
1.0,4285.0,2200.0,2158.0,2186.0,2203.0,740.0,737.0,726.0,719.0,720.0,719.0,737.0,737.0,726.0,1437.0,1427.0,1421.0,740.0,737.0,726.0,719.0,720.0,719.0
1.0,4271.0,2204.0,2158.0,2203.0,2204.0,743.0,722.0,739.0,719.0,720.0,719.0,743.0,722.0,739.0,1417.0,1423.0,1431.0,743.0,722.0,739.0,719.0,720.0,719.0
1.0,4270.0,2201.0,2158.0,2204.0,2201.0,732.0,737.0,732.0,719.0,720.0,719.0,732.0,737.0,732.0,1414.0,1438.0,1418.0,732.0,737.0,732.0,719.0,720.0,719.0
1.0,4273.0,2226.0,2161.0,2201.0,2235.0,755.0,739.0,741.0,720.0,721.0,720.0,752.0,736.0,738.0,1425.0,1423.0,1425.0,755.0,739.0,741.0,720.0,721.0,720.0
1.0,4248.0,2187.0,2161.0,2235.0,2187.0,735.0,725.0,727.0,720.0,721.0,720.0,735.0,725.0,727.0,1405.0,1424.0,1419.0,735.0,725.0,727.0,720.0,721.0,720.0
1.0,4296.0,2181.0,2162.0,2187.0,2184.0,747.0,713.0,724.0,721.0,721.0,720.0,744.0,713.0,724.0,1425.0,1438.0,1433.0,747.0,713.0,724.0,721.0,721.0,720.0
1.0,4302.0,2161.0,2162.0,2184.0,2161.0,720.0,711.0,730.0,721.0,721.0,720.0,720.0,711.0,730.0,1416.0,1450.0,1436.0,720.0,711.0,730.0,721.0,721.0,720.0
1.0,4325.0,2136.0,2162.0,2161.0,2136.0,716.0,710.0,710.0,721.0,721.0,720.0,716.0,710.0,710.0,1443.0,1452.0,1430.0,716.0,710.0,710.0,721.0,721.0,720.0
1.0,4350.0,2179.0,2164.0,2136.0,2185.0,736.0,720.0,729.0,722.0,721.0,721.0,733.0,720.0,726.0,1447.0,1453.0,1450.0,736.0,720.0,729.0,722.0,721.0,721.0
1.0,4307.0,2129.0,2164.0,2185.0,2129.0,710.0,709.0,710.0,722.0,721.0,721.0,710.0,709.0,710.0,1430.0,1443.0,1434.0,710.0,709.0,710.0,722.0,721.0,721.0
1.0,4363.0,2233.0,2166.0,2129.0,2239.0,730.0,760.0,749.0,722.0,722.0,722.0,730.0,757.0,746.0,1456.0,1454.0,1453.0,730.0,760.0,749.0,722.0,722.0,722.0
1.0,4259.0,2189.0,2166.0,2239.0,2189.0,726.0,732.0,731.0,722.0,722.0,722.0,726.0,732.0,731.0,1436.0,1406.0,1417.0,726.0,732.0,731.0,722.0,722.0,722.0
1.0,4309.0,2195.0,2166.0,2189.0,2195.0,726.0,732.0,737.0,722.0,722.0,722.0,726.0,732.0,737.0,1440.0,1434.0,1435.0,726.0,732.0,737.0,722.0,722.0,722.0
1.0,4303.0,2227.0,2168.0,2195.0,2233.0,742.0,757.0,734.0,722.0,723.0,723.0,742.0,754.0,731.0,1440.0,1434.0,1429.0,742.0,757.0,734.0,722.0,723.0,723.0
1.0,4271.0,2208.0,2168.0,2233.0,2208.0,726.0,754.0,728.0,722.0,723.0,723.0,726.0,754.0,728.0,1424.0,1412.0,1435.0,726.0,754.0,728.0,722.0,723.0,723.0
1.0,4296.0,2204.0,2167.0,2208.0,2201.0,729.0,743.0,729.0,722.0,723.0,722.0,729.0,743.0,732.0,1440.0,1415.0,1441.0,729.0,743.0,729.0,722.0,723.0,722.0
1.0,4300.0,2218.0,2168.0,2201.0,2221.0,740.0,742.0,739.0,722.0,723.0,723.0,740.0,742.0,736.0,1437.0,1426.0,1437.0,740.0,742.0,739.0,722.0,723.0,723.0
1.0,4283.0,2165.0,2168.0,2221.0,2165.0,726.0,725.0,714.0,722.0,724.0,722.0,726.0,722.0,717.0,1426.0,1427.0,1430.0,726.0,725.0,714.0,722.0,724.0,722.0
1.0,4339.0,2194.0,2170.0,2165.0,2200.0,739.0,726.0,735.0,723.0,724.0,723.0,736.0,726.0,732.0,1440.0,1447.0,1452.0,739.0,726.0,735.0,723.0,724.0,723.0
1.0,4310.0,2202.0,2170.0,2200.0,2202.0,737.0,731.0,734.0,723.0,724.0,723.0,737.0,731.0,734.0,1430.0,1446.0,1434.0,737.0,731.0,734.0,723.0,724.0,723.0
1.0,4308.0,2161.0,2173.0,2202.0,2170.0,736.0,705.0,729.0,724.0,725.0,724.0,733.0,702.0,726.0,1432.0,1441.0,1435.0,736.0,705.0,729.0,724.0,725.0,724.0
1.0,4349.0,2176.0,2174.0,2170.0,2179.0,728.0,719.0,732.0,725.0,725.0,724.0,725.0,719.0,732.0,1436.0,1470.0,1443.0,728.0,719.0,732.0,725.0,725.0,724.0
1.0,4343.0,2161.0,2174.0,2179.0,2161.0,717.0,722.0,722.0,725.0,725.0,724.0,717.0,722.0,722.0,1447.0,1456.0,1440.0,717.0,722.0,722.0,725.0,725.0,724.0
1.0,4361.0,2145.0,2174.0,2161.0,2145.0,714.0,705.0,726.0,725.0,725.0,724.0,714.0,705.0,726.0,1458.0,1453.0,1450.0,714.0,705.0,726.0,725.0,725.0,724.0
1.0,4377.0,2208.0,2175.0,2145.0,2211.0,738.0,733.0,740.0,725.0,725.0,725.0,738.0,733.0,737.0,1461.0,1470.0,1446.0,738.0,733.0,740.0,725.0,725.0,725.0
1.0,4314.0,2145.0,2174.0,2211.0,2142.0,710.0,716.0,716.0,725.0,725.0,724.0,710.0,716.0,719.0,1437.0,1442.0,1435.0,710.0,716.0,716.0,725.0,725.0,724.0
1.0,4380.0,2211.0,2175.0,2142.0,2214.0,733.0,735.0,746.0,725.0,725.0,725.0,733.0,735.0,743.0,1465.0,1459.0,1456.0,733.0,735.0,746.0,725.0,725.0,725.0
1.0,4311.0,2185.0,2175.0,2214.0,2185.0,719.0,730.0,736.0,725.0,725.0,725.0,719.0,730.0,736.0,1442.0,1440.0,1429.0,719.0,730.0,736.0,725.0,725.0,725.0
1.0,4340.0,2203.0,2174.0,2185.0,2200.0,733.0,739.0,728.0,724.0,725.0,725.0,736.0,739.0,728.0,1456.0,1445.0,1439.0,733.0,739.0,728.0,724.0,725.0,725.0
1.0,4322.0,2217.0,2176.0,2200.0,2223.0,727.0,739.0,757.0,724.0,726.0,726.0,727.0,736.0,754.0,1439.0,1436.0,1447.0,727.0,739.0,757.0,724.0,726.0,726.0
1.0,4305.0,2183.0,2177.0,2223.0,2186.0,732.0,728.0,726.0,725.0,726.0,726.0,729.0,728.0,726.0,1445.0,1439.0,1421.0,732.0,728.0,726.0,725.0,726.0,726.0
1.0,4345.0,2184.0,2177.0,2186.0,2184.0,732.0,729.0,723.0,725.0,726.0,726.0,732.0,729.0,723.0,1443.0,1450.0,1452.0,732.0,729.0,723.0,725.0,726.0,726.0
1.0,4347.0,2200.0,2180.0,2184.0,2209.0,732.0,745.0,732.0,726.0,727.0,727.0,729.0,742.0,729.0,1443.0,1449.0,1455.0,732.0,745.0,732.0,726.0,727.0,727.0
1.0,4331.0,2211.0,2180.0,2209.0,2211.0,746.0,741.0,724.0,726.0,727.0,727.0,746.0,741.0,724.0,1446.0,1436.0,1449.0,746.0,741.0,724.0,726.0,727.0,727.0
1.0,4329.0,2251.0,2182.0,2211.0,2257.0,768.0,742.0,747.0,727.0,727.0,728.0,765.0,742.0,744.0,1432.0,1440.0,1457.0,768.0,742.0,747.0,727.0,727.0,728.0
1.0,4289.0,2166.0,2184.0,2257.0,2172.0,733.0,733.0,706.0,728.0,728.0,728.0,730.0,730.0,706.0,1413.0,1439.0,1437.0,733.0,733.0,706.0,728.0,728.0,728.0
1.0,4380.0,2189.0,2182.0,2172.0,2183.0,742.0,720.0,721.0,728.0,727.0,727.0,742.0,723.0,724.0,1451.0,1451.0,1478.0,742.0,720.0,721.0,728.0,727.0,727.0
1.0,4363.0,2185.0,2183.0,2183.0,2188.0,744.0,721.0,723.0,729.0,727.0,727.0,741.0,721.0,723.0,1442.0,1461.0,1460.0,744.0,721.0,723.0,729.0,727.0,727.0
1.0,4361.0,2210.0,2185.0,2188.0,2216.0,757.0,729.0,730.0,730.0,728.0,727.0,754.0,726.0,730.0,1443.0,1460.0,1458.0,757.0,729.0,730.0,730.0,728.0,727.0
1.0,4339.0,2193.0,2185.0,2216.0,2193.0,719.0,736.0,738.0,730.0,728.0,727.0,719.0,736.0,738.0,1433.0,1455.0,1451.0,719.0,736.0,738.0,730.0,728.0,727.0
1.0,4362.0,2161.0,2184.0,2193.0,2158.0,723.0,709.0,726.0,729.0,728.0,727.0,726.0,709.0,726.0,1471.0,1448.0,1443.0,723.0,709.0,726.0,729.0,728.0,727.0
1.0,4394.0,2246.0,2185.0,2158.0,2249.0,748.0,753.0,748.0,730.0,728.0,727.0,745.0,753.0,748.0,1464.0,1475.0,1455.0,748.0,753.0,748.0,730.0,728.0,727.0
1.0,4306.0,2244.0,2187.0,2249.0,2250.0,745.0,743.0,762.0,730.0,729.0,728.0,745.0,740.0,759.0,1442.0,1431.0,1433.0,745.0,743.0,762.0,730.0,729.0,728.0
1.0,4311.0,2210.0,2188.0,2250.0,2213.0,727.0,736.0,750.0,730.0,729.0,729.0,727.0,736.0,747.0,1445.0,1444.0,1422.0,727.0,736.0,750.0,730.0,729.0,729.0
1.0,4351.0,2202.0,2188.0,2213.0,2202.0,729.0,728.0,745.0,730.0,729.0,729.0,729.0,728.0,745.0,1463.0,1451.0,1437.0,729.0,728.0,745.0,730.0,729.0,729.0
1.0,4362.0,2165.0,2188.0,2202.0,2165.0,727.0,719.0,719.0,730.0,729.0,729.0,727.0,719.0,719.0,1461.0,1459.0,1442.0,727.0,719.0,719.0,730.0,729.0,729.0
1.0,4399.0,2183.0,2190.0,2165.0,2189.0,736.0,727.0,726.0,731.0,729.0,730.0,733.0,727.0,723.0,1463.0,1468.0,1468.0,736.0,727.0,726.0,731.0,729.0,730.0
1.0,4381.0,2212.0,2192.0,2189.0,2218.0,738.0,737.0,743.0,731.0,730.0,731.0,738.0,734.0,740.0,1457.0,1460.0,1464.0,738.0,737.0,743.0,731.0,730.0,731.0
1.0,4358.0,2225.0,2194.0,2218.0,2231.0,750.0,735.0,746.0,732.0,730.0,732.0,747.0,735.0,743.0,1455.0,1453.0,1450.0,750.0,735.0,746.0,732.0,730.0,732.0
1.0,4351.0,2185.0,2193.0,2231.0,2182.0,730.0,732.0,720.0,732.0,730.0,731.0,730.0,732.0,723.0,1446.0,1455.0,1450.0,730.0,732.0,720.0,732.0,730.0,731.0
1.0,4397.0,2228.0,2193.0,2182.0,2228.0,742.0,745.0,741.0,732.0,730.0,731.0,742.0,745.0,741.0,1466.0,1458.0,1473.0,742.0,745.0,741.0,732.0,730.0,731.0
1.0,4351.0,2244.0,2194.0,2228.0,2247.0,757.0,751.0,739.0,733.0,730.0,731.0,754.0,751.0,739.0,1454.0,1445.0,1452.0,757.0,751.0,739.0,733.0,730.0,731.0
1.0,4335.0,2248.0,2195.0,2247.0,2251.0,752.0,745.0,754.0,733.0,730.0,732.0,752.0,745.0,751.0,1442.0,1439.0,1454.0,752.0,745.0,754.0,733.0,730.0,732.0
1.0,4334.0,2215.0,2196.0,2251.0,2218.0,739.0,735.0,744.0,733.0,731.0,732.0,739.0,732.0,744.0,1447.0,1445.0,1442.0,739.0,735.0,744.0,733.0,731.0,732.0
1.0,4370.0,2210.0,2196.0,2218.0,2210.0,747.0,724.0,739.0,734.0,730.0,732.0,744.0,727.0,739.0,1460.0,1458.0,1452.0,747.0,724.0,739.0,734.0,730.0,732.0
1.0,4378.0,2187.0,2195.0,2210.0,2184.0,727.0,733.0,724.0,733.0,730.0,732.0,730.0,733.0,724.0,1455.0,1466.0,1457.0,727.0,733.0,724.0,733.0,730.0,732.0
1.0,4401.0,2214.0,2196.0,2184.0,2217.0,738.0,744.0,735.0,733.0,731.0,732.0,738.0,741.0,735.0,1472.0,1457.0,1472.0,738.0,744.0,735.0,733.0,731.0,732.0
1.0,4371.0,2166.0,2196.0,2217.0,2166.0,712.0,719.0,735.0,733.0,731.0,732.0,712.0,719.0,735.0,1461.0,1449.0,1461.0,712.0,719.0,735.0,733.0,731.0,732.0
1.0,4422.0,2165.0,2196.0,2166.0,2165.0,729.0,712.0,724.0,733.0,731.0,732.0,729.0,712.0,724.0,1487.0,1474.0,1461.0,729.0,712.0,724.0,733.0,731.0,732.0
1.0,4423.0,2219.0,2197.0,2165.0,2222.0,743.0,733.0,746.0,733.0,731.0,733.0,743.0,733.0,743.0,1470.0,1481.0,1472.0,743.0,733.0,746.0,733.0,731.0,733.0
1.0,4369.0,2223.0,2198.0,2222.0,2226.0,744.0,743.0,739.0,733.0,732.0,733.0,744.0,740.0,739.0,1456.0,1460.0,1453.0,744.0,743.0,739.0,733.0,732.0,733.0
1.0,4368.0,2182.0,2199.0,2226.0,2185.0,725.0,731.0,729.0,734.0,732.0,733.0,722.0,731.0,729.0,1455.0,1453.0,1460.0,725.0,731.0,729.0,734.0,732.0,733.0
1.0,4412.0,2223.0,2199.0,2185.0,2223.0,739.0,746.0,738.0,734.0,732.0,733.0,739.0,746.0,738.0,1477.0,1465.0,1470.0,739.0,746.0,738.0,734.0,732.0,733.0
1.0,4374.0,2204.0,2199.0,2223.0,2204.0,734.0,740.0,730.0,734.0,732.0,733.0,734.0,740.0,730.0,1463.0,1450.0,1461.0,734.0,740.0,730.0,734.0,732.0,733.0
1.0,4393.0,2210.0,2199.0,2204.0,2210.0,740.0,741.0,729.0,734.0,732.0,733.0,740.0,741.0,729.0,1468.0,1456.0,1469.0,740.0,741.0,729.0,734.0,732.0,733.0
1.0,4387.0,2247.0,2199.0,2210.0,2247.0,751.0,747.0,749.0,734.0,732.0,733.0,751.0,747.0,749.0,1462.0,1455.0,1470.0,751.0,747.0,749.0,734.0,732.0,733.0
1.0,4350.0,2203.0,2200.0,2247.0,2206.0,735.0,742.0,729.0,735.0,732.0,733.0,732.0,742.0,729.0,1451.0,1449.0,1450.0,735.0,742.0,729.0,735.0,732.0,733.0
1.0,4394.0,2232.0,2201.0,2206.0,2235.0,743.0,747.0,745.0,735.0,732.0,734.0,743.0,747.0,742.0,1470.0,1454.0,1470.0,743.0,747.0,745.0,735.0,732.0,734.0
1.0,4368.0,2204.0,2200.0,2235.0,2201.0,734.0,735.0,732.0,735.0,732.0,733.0,734.0,735.0,735.0,1462.0,1449.0,1457.0,734.0,735.0,732.0,735.0,732.0,733.0
1.0,4399.0,2225.0,2201.0,2201.0,2228.0,739.0,735.0,754.0,735.0,732.0,734.0,739.0,735.0,751.0,1471.0,1461.0,1467.0,739.0,735.0,754.0,735.0,732.0,734.0
1.0,4375.0,2210.0,2201.0,2228.0,2210.0,729.0,739.0,742.0,735.0,732.0,734.0,729.0,739.0,742.0,1466.0,1461.0,1448.0,729.0,739.0,742.0,735.0,732.0,734.0
1.0,4393.0,2180.0,2201.0,2210.0,2180.0,725.0,723.0,732.0,735.0,732.0,734.0,725.0,723.0,732.0,1476.0,1457.0,1460.0,725.0,723.0,732.0,735.0,732.0,734.0
1.0,4423.0,2173.0,2200.0,2180.0,2170.0,719.0,716.0,735.0,734.0,732.0,734.0,722.0,716.0,735.0,1480.0,1473.0,1470.0,719.0,716.0,735.0,734.0,732.0,734.0
1.0,4430.0,2201.0,2203.0,2170.0,2210.0,741.0,727.0,742.0,735.0,733.0,735.0,738.0,724.0,739.0,1483.0,1480.0,1467.0,741.0,727.0,742.0,735.0,733.0,735.0
1.0,4399.0,2187.0,2202.0,2210.0,2184.0,735.0,710.0,739.0,735.0,732.0,735.0,735.0,713.0,739.0,1464.0,1472.0,1463.0,735.0,710.0,739.0,735.0,732.0,735.0
1.0,4422.0,2266.0,2204.0,2184.0,2272.0,771.0,758.0,743.0,736.0,733.0,735.0,768.0,755.0,743.0,1470.0,1486.0,1466.0,771.0,758.0,743.0,736.0,733.0,735.0
1.0,4340.0,2204.0,2204.0,2272.0,2204.0,740.0,735.0,729.0,736.0,733.0,735.0,740.0,735.0,729.0,1437.0,1441.0,1462.0,740.0,735.0,729.0,736.0,733.0,735.0
1.0,4408.0,2213.0,2206.0,2204.0,2219.0,744.0,741.0,734.0,737.0,734.0,735.0,741.0,738.0,734.0,1468.0,1464.0,1476.0,744.0,741.0,734.0,737.0,734.0,735.0
1.0,4399.0,2231.0,2206.0,2219.0,2231.0,748.0,747.0,736.0,737.0,734.0,735.0,748.0,747.0,736.0,1467.0,1461.0,1471.0,748.0,747.0,736.0,737.0,734.0,735.0
1.0,4387.0,2266.0,2208.0,2231.0,2272.0,759.0,750.0,763.0,738.0,734.0,736.0,756.0,750.0,760.0,1463.0,1455.0,1469.0,759.0,750.0,763.0,738.0,734.0,736.0
1.0,4352.0,2172.0,2207.0,2272.0,2169.0,732.0,726.0,711.0,738.0,734.0,735.0,732.0,726.0,714.0,1455.0,1452.0,1445.0,732.0,726.0,711.0,738.0,734.0,735.0
1.0,4452.0,2295.0,2209.0,2169.0,2301.0,764.0,764.0,773.0,738.0,735.0,736.0,764.0,761.0,770.0,1482.0,1476.0,1494.0,764.0,764.0,773.0,738.0,735.0,736.0
1.0,4326.0,2233.0,2209.0,2301.0,2233.0,736.0,755.0,742.0,738.0,735.0,736.0,736.0,755.0,742.0,1450.0,1441.0,1435.0,736.0,755.0,742.0,738.0,735.0,736.0
1.0,4394.0,2222.0,2210.0,2233.0,2225.0,721.0,746.0,758.0,738.0,735.0,737.0,721.0,746.0,755.0,1478.0,1450.0,1466.0,721.0,746.0,758.0,738.0,735.0,737.0
1.0,4405.0,2142.0,2209.0,2225.0,2139.0,704.0,720.0,715.0,738.0,735.0,736.0,704.0,720.0,718.0,1493.0,1459.0,1453.0,704.0,720.0,715.0,738.0,735.0,736.0
1.0,4488.0,2217.0,2210.0,2139.0,2220.0,734.0,734.0,752.0,738.0,735.0,737.0,734.0,734.0,749.0,1510.0,1485.0,1493.0,734.0,734.0,752.0,738.0,735.0,737.0
1.0,4410.0,2170.0,2209.0,2220.0,2167.0,709.0,728.0,730.0,737.0,735.0,737.0,712.0,728.0,730.0,1480.0,1471.0,1459.0,709.0,728.0,730.0,737.0,735.0,737.0
1.0,4460.0,2194.0,2209.0,2167.0,2194.0,733.0,735.0,726.0,737.0,735.0,737.0,733.0,735.0,726.0,1502.0,1477.0,1481.0,733.0,735.0,726.0,737.0,735.0,737.0
1.0,4433.0,2270.0,2210.0,2194.0,2273.0,776.0,744.0,753.0,737.0,735.0,738.0,776.0,744.0,750.0,1478.0,1470.0,1485.0,776.0,744.0,753.0,737.0,735.0,738.0
1.0,4357.0,2213.0,2210.0,2273.0,2213.0,746.0,734.0,733.0,737.0,735.0,738.0,746.0,734.0,733.0,1435.0,1461.0,1461.0,746.0,734.0,733.0,737.0,735.0,738.0
1.0,4417.0,2253.0,2211.0,2213.0,2256.0,756.0,760.0,740.0,737.0,736.0,738.0,756.0,757.0,740.0,1465.0,1471.0,1481.0,756.0,760.0,740.0,737.0,736.0,738.0
1.0,4377.0,2240.0,2212.0,2256.0,2243.0,759.0,743.0,741.0,738.0,736.0,738.0,756.0,743.0,741.0,1455.0,1448.0,1474.0,759.0,743.0,741.0,738.0,736.0,738.0
1.0,4393.0,2237.0,2214.0,2243.0,2243.0,755.0,746.0,742.0,739.0,737.0,738.0,752.0,743.0,742.0,1455.0,1465.0,1473.0,755.0,746.0,742.0,739.0,737.0,738.0
1.0,4399.0,2230.0,2214.0,2243.0,2230.0,746.0,746.0,738.0,739.0,737.0,738.0,746.0,746.0,738.0,1462.0,1465.0,1472.0,746.0,746.0,738.0,739.0,737.0,738.0
1.0,4412.0,2225.0,2214.0,2230.0,2225.0,741.0,744.0,740.0,739.0,737.0,738.0,741.0,744.0,740.0,1471.0,1465.0,1476.0,741.0,744.0,740.0,739.0,737.0,738.0
1.0,4417.0,2204.0,2213.0,2225.0,2201.0,736.0,738.0,727.0,739.0,737.0,737.0,736.0,738.0,730.0,1476.0,1467.0,1474.0,736.0,738.0,727.0,739.0,737.0,737.0
1.0,4438.0,2200.0,2213.0,2201.0,2200.0,724.0,744.0,732.0,739.0,737.0,737.0,724.0,744.0,732.0,1481.0,1473.0,1484.0,724.0,744.0,732.0,739.0,737.0,737.0
1.0,4439.0,2202.0,2213.0,2200.0,2202.0,738.0,733.0,731.0,739.0,737.0,737.0,738.0,733.0,731.0,1493.0,1467.0,1479.0,738.0,733.0,731.0,739.0,737.0,737.0
1.0,4437.0,2205.0,2214.0,2202.0,2208.0,713.0,748.0,747.0,738.0,738.0,738.0,716.0,745.0,744.0,1479.0,1478.0,1480.0,713.0,748.0,747.0,738.0,738.0,738.0
1.0,4434.0,2184.0,2214.0,2208.0,2184.0,712.0,737.0,735.0,738.0,738.0,738.0,712.0,737.0,735.0,1501.0,1466.0,1467.0,712.0,737.0,735.0,738.0,738.0,738.0
1.0,4458.0,2243.0,2214.0,2184.0,2243.0,749.0,749.0,745.0,738.0,738.0,738.0,749.0,749.0,745.0,1502.0,1477.0,1479.0,749.0,749.0,745.0,738.0,738.0,738.0
1.0,4399.0,2275.0,2215.0,2243.0,2278.0,750.0,756.0,772.0,738.0,738.0,739.0,750.0,756.0,769.0,1465.0,1465.0,1469.0,750.0,756.0,772.0,738.0,738.0,739.0
1.0,4367.0,2254.0,2217.0,2278.0,2260.0,751.0,757.0,752.0,739.0,739.0,739.0,748.0,754.0,752.0,1464.0,1458.0,1445.0,751.0,757.0,752.0,739.0,739.0,739.0
1.0,4391.0,2323.0,2218.0,2260.0,2326.0,766.0,779.0,781.0,739.0,739.0,740.0,766.0,779.0,778.0,1466.0,1460.0,1465.0,766.0,779.0,781.0,739.0,739.0,740.0
1.0,4328.0,2240.0,2218.0,2326.0,2240.0,752.0,737.0,751.0,739.0,739.0,740.0,752.0,737.0,751.0,1451.0,1438.0,1439.0,752.0,737.0,751.0,739.0,739.0,740.0
1.0,4414.0,2251.0,2218.0,2240.0,2251.0,751.0,746.0,754.0,739.0,739.0,740.0,751.0,746.0,754.0,1465.0,1480.0,1469.0,751.0,746.0,754.0,739.0,739.0,740.0
1.0,4403.0,2251.0,2219.0,2251.0,2254.0,761.0,749.0,744.0,739.0,740.0,740.0,761.0,746.0,744.0,1466.0,1471.0,1466.0,761.0,749.0,744.0,739.0,740.0,740.0
1.0,4403.0,2259.0,2220.0,2254.0,2262.0,763.0,745.0,754.0,740.0,740.0,740.0,760.0,745.0,754.0,1456.0,1471.0,1476.0,763.0,745.0,754.0,740.0,740.0,740.0
1.0,4398.0,2264.0,2221.0,2262.0,2267.0,759.0,752.0,756.0,740.0,740.0,741.0,759.0,752.0,753.0,1457.0,1475.0,1466.0,759.0,752.0,756.0,740.0,740.0,741.0
1.0,4396.0,2210.0,2222.0,2267.0,2213.0,737.0,731.0,745.0,741.0,740.0,741.0,734.0,731.0,745.0,1461.0,1468.0,1467.0,737.0,731.0,745.0,741.0,740.0,741.0
1.0,4453.0,2182.0,2223.0,2213.0,2185.0,736.0,730.0,719.0,741.0,741.0,741.0,736.0,727.0,719.0,1486.0,1489.0,1478.0,736.0,730.0,719.0,741.0,741.0,741.0
1.0,4484.0,2211.0,2223.0,2185.0,2211.0,729.0,747.0,735.0,741.0,741.0,741.0,729.0,747.0,735.0,1487.0,1493.0,1504.0,729.0,747.0,735.0,741.0,741.0,741.0
1.0,4458.0,2220.0,2222.0,2211.0,2217.0,732.0,754.0,731.0,740.0,741.0,741.0,735.0,754.0,731.0,1494.0,1476.0,1488.0,732.0,754.0,731.0,740.0,741.0,741.0
1.0,4449.0,2259.0,2224.0,2217.0,2265.0,754.0,757.0,754.0,741.0,742.0,741.0,751.0,754.0,754.0,1488.0,1469.0,1492.0,754.0,757.0,754.0,741.0,742.0,741.0
1.0,4407.0,2254.0,2224.0,2265.0,2254.0,744.0,763.0,747.0,741.0,742.0,741.0,744.0,763.0,747.0,1469.0,1469.0,1469.0,744.0,763.0,747.0,741.0,742.0,741.0
1.0,4418.0,2297.0,2227.0,2254.0,2306.0,769.0,774.0,763.0,742.0,743.0,742.0,766.0,771.0,760.0,1479.0,1463.0,1476.0,769.0,774.0,763.0,742.0,743.0,742.0
1.0,4375.0,2241.0,2227.0,2306.0,2241.0,754.0,745.0,742.0,742.0,743.0,742.0,754.0,745.0,742.0,1457.0,1455.0,1463.0,754.0,745.0,742.0,742.0,743.0,742.0
1.0,4440.0,2261.0,2227.0,2241.0,2261.0,757.0,756.0,748.0,742.0,743.0,742.0,757.0,756.0,748.0,1472.0,1484.0,1484.0,757.0,756.0,748.0,742.0,743.0,742.0
1.0,4420.0,2275.0,2228.0,2261.0,2278.0,769.0,757.0,752.0,743.0,743.0,742.0,766.0,757.0,752.0,1469.0,1473.0,1478.0,769.0,757.0,752.0,743.0,743.0,742.0
1.0,4406.0,2319.0,2229.0,2278.0,2322.0,779.0,762.0,781.0,743.0,743.0,743.0,779.0,762.0,778.0,1460.0,1472.0,1474.0,779.0,762.0,781.0,743.0,743.0,743.0
1.0,4365.0,2261.0,2231.0,2322.0,2267.0,770.0,747.0,750.0,744.0,744.0,743.0,767.0,744.0,750.0,1450.0,1467.0,1448.0,770.0,747.0,750.0,744.0,744.0,743.0
1.0,4426.0,2278.0,2233.0,2267.0,2284.0,768.0,754.0,762.0,745.0,744.0,744.0,765.0,754.0,759.0,1462.0,1485.0,1479.0,768.0,754.0,762.0,745.0,744.0,744.0
1.0,4415.0,2250.0,2233.0,2284.0,2250.0,751.0,745.0,754.0,745.0,744.0,744.0,751.0,745.0,754.0,1467.0,1478.0,1470.0,751.0,745.0,754.0,745.0,744.0,744.0
1.0,4449.0,2221.0,2233.0,2250.0,2221.0,737.0,737.0,747.0,745.0,744.0,744.0,737.0,737.0,747.0,1484.0,1487.0,1478.0,737.0,737.0,747.0,745.0,744.0,744.0
1.0,4478.0,2228.0,2235.0,2221.0,2234.0,750.0,743.0,741.0,746.0,745.0,744.0,747.0,740.0,741.0,1498.0,1495.0,1485.0,750.0,743.0,741.0,746.0,745.0,744.0
1.0,4471.0,2229.0,2235.0,2234.0,2229.0,740.0,744.0,745.0,746.0,745.0,744.0,740.0,744.0,745.0,1488.0,1492.0,1491.0,740.0,744.0,745.0,746.0,745.0,744.0
1.0,4476.0,2237.0,2237.0,2229.0,2243.0,746.0,748.0,749.0,746.0,746.0,745.0,746.0,745.0,746.0,1498.0,1491.0,1487.0,746.0,748.0,749.0,746.0,746.0,745.0
1.0,4468.0,2338.0,2237.0,2243.0,2338.0,771.0,785.0,782.0,746.0,746.0,745.0,771.0,785.0,782.0,1492.0,1490.0,1486.0,771.0,785.0,782.0,746.0,746.0,745.0
1.0,4373.0,2303.0,2240.0,2338.0,2312.0,771.0,773.0,768.0,747.0,747.0,746.0,768.0,770.0,765.0,1467.0,1453.0,1453.0,771.0,773.0,768.0,747.0,747.0,746.0
1.0,4408.0,2245.0,2240.0,2312.0,2245.0,745.0,757.0,743.0,747.0,747.0,746.0,745.0,757.0,743.0,1470.0,1468.0,1470.0,745.0,757.0,743.0,747.0,747.0,746.0
1.0,4475.0,2268.0,2241.0,2245.0,2271.0,757.0,759.0,755.0,747.0,748.0,746.0,757.0,756.0,755.0,1496.0,1484.0,1495.0,757.0,759.0,755.0,747.0,748.0,746.0
1.0,4452.0,2260.0,2241.0,2271.0,2260.0,753.0,757.0,750.0,747.0,748.0,746.0,753.0,757.0,750.0,1484.0,1485.0,1483.0,753.0,757.0,750.0,747.0,748.0,746.0
1.0,4463.0,2287.0,2242.0,2260.0,2290.0,755.0,768.0,767.0,747.0,748.0,747.0,755.0,768.0,764.0,1488.0,1487.0,1488.0,755.0,768.0,767.0,747.0,748.0,747.0
1.0,4436.0,2249.0,2242.0,2290.0,2249.0,747.0,757.0,745.0,747.0,748.0,747.0,747.0,757.0,745.0,1486.0,1476.0,1474.0,747.0,757.0,745.0,747.0,748.0,747.0
1.0,4477.0,2233.0,2241.0,2249.0,2230.0,761.0,745.0,724.0,747.0,748.0,746.0,761.0,745.0,727.0,1494.0,1487.0,1496.0,761.0,745.0,724.0,747.0,748.0,746.0
1.0,4493.0,2238.0,2242.0,2230.0,2241.0,764.0,741.0,736.0,748.0,748.0,746.0,761.0,741.0,736.0,1480.0,1499.0,1514.0,764.0,741.0,736.0,748.0,748.0,746.0
1.0,4485.0,2228.0,2244.0,2241.0,2234.0,743.0,740.0,751.0,749.0,748.0,747.0,740.0,740.0,748.0,1480.0,1503.0,1502.0,743.0,740.0,751.0,749.0,748.0,747.0
1.0,4498.0,2272.0,2245.0,2234.0,2275.0,751.0,763.0,761.0,749.0,749.0,747.0,751.0,760.0,761.0,1504.0,1504.0,1490.0,751.0,763.0,761.0,749.0,749.0,747.0
1.0,4460.0,2242.0,2246.0,2275.0,2245.0,755.0,747.0,743.0,750.0,749.0,747.0,752.0,747.0,743.0,1496.0,1484.0,1480.0,755.0,747.0,743.0,750.0,749.0,747.0
1.0,4493.0,2215.0,2247.0,2245.0,2218.0,735.0,727.0,756.0,750.0,749.0,748.0,735.0,727.0,753.0,1495.0,1500.0,1498.0,735.0,727.0,756.0,750.0,749.0,748.0
1.0,4523.0,2249.0,2247.0,2218.0,2249.0,756.0,738.0,755.0,750.0,749.0,748.0,756.0,738.0,755.0,1515.0,1520.0,1488.0,756.0,738.0,755.0,750.0,749.0,748.0
1.0,4492.0,2281.0,2247.0,2249.0,2281.0,760.0,755.0,766.0,750.0,749.0,748.0,760.0,755.0,766.0,1494.0,1509.0,1489.0,760.0,755.0,766.0,750.0,749.0,748.0
1.0,4460.0,2293.0,2249.0,2281.0,2299.0,760.0,764.0,775.0,750.0,750.0,749.0,760.0,761.0,772.0,1490.0,1492.0,1478.0,760.0,764.0,775.0,750.0,750.0,749.0
1.0,4448.0,2305.0,2250.0,2299.0,2308.0,767.0,768.0,773.0,750.0,750.0,750.0,767.0,768.0,770.0,1490.0,1486.0,1472.0,767.0,768.0,773.0,750.0,750.0,750.0
1.0,4442.0,2315.0,2251.0,2308.0,2318.0,770.0,771.0,777.0,750.0,751.0,750.0,770.0,768.0,777.0,1483.0,1482.0,1477.0,770.0,771.0,777.0,750.0,751.0,750.0
1.0,4435.0,2303.0,2253.0,2318.0,2309.0,784.0,761.0,764.0,751.0,751.0,751.0,781.0,761.0,761.0,1480.0,1482.0,1473.0,784.0,761.0,764.0,751.0,751.0,751.0
1.0,4450.0,2297.0,2254.0,2309.0,2300.0,781.0,762.0,757.0,752.0,751.0,751.0,778.0,762.0,757.0,1469.0,1492.0,1489.0,781.0,762.0,757.0,752.0,751.0,751.0
1.0,4462.0,2228.0,2254.0,2300.0,2228.0,740.0,750.0,738.0,752.0,751.0,751.0,740.0,750.0,738.0,1475.0,1491.0,1496.0,740.0,750.0,738.0,752.0,751.0,751.0
1.0,4534.0,2266.0,2256.0,2228.0,2272.0,768.0,761.0,743.0,753.0,752.0,751.0,765.0,758.0,743.0,1516.0,1503.0,1515.0,768.0,761.0,743.0,753.0,752.0,751.0
1.0,4496.0,2219.0,2256.0,2272.0,2219.0,745.0,743.0,731.0,753.0,752.0,751.0,745.0,743.0,731.0,1491.0,1495.0,1510.0,745.0,743.0,731.0,753.0,752.0,751.0
1.0,4549.0,2233.0,2256.0,2219.0,2233.0,742.0,755.0,736.0,753.0,752.0,751.0,742.0,755.0,736.0,1514.0,1513.0,1522.0,742.0,755.0,736.0,753.0,752.0,751.0
1.0,4535.0,2230.0,2257.0,2233.0,2233.0,741.0,756.0,736.0,754.0,752.0,751.0,738.0,756.0,736.0,1517.0,1501.0,1517.0,741.0,756.0,736.0,754.0,752.0,751.0
1.0,4538.0,2240.0,2257.0,2233.0,2240.0,748.0,751.0,741.0,754.0,752.0,751.0,748.0,751.0,741.0,1521.0,1500.0,1517.0,748.0,751.0,741.0,754.0,752.0,751.0
1.0,4531.0,2237.0,2257.0,2240.0,2237.0,747.0,740.0,750.0,754.0,752.0,751.0,747.0,740.0,750.0,1514.0,1505.0,1512.0,747.0,740.0,750.0,754.0,752.0,751.0
1.0,4534.0,2259.0,2257.0,2237.0,2259.0,755.0,750.0,754.0,754.0,752.0,751.0,755.0,750.0,754.0,1515.0,1516.0,1503.0,755.0,750.0,754.0,754.0,752.0,751.0
1.0,4512.0,2272.0,2257.0,2259.0,2272.0,754.0,757.0,761.0,754.0,752.0,751.0,754.0,757.0,761.0,1507.0,1506.0,1499.0,754.0,757.0,761.0,754.0,752.0,751.0
1.0,4499.0,2303.0,2257.0,2272.0,2303.0,770.0,776.0,757.0,754.0,752.0,751.0,770.0,776.0,757.0,1508.0,1499.0,1492.0,770.0,776.0,757.0,754.0,752.0,751.0
1.0,4468.0,2289.0,2258.0,2303.0,2292.0,769.0,756.0,767.0,754.0,753.0,751.0,769.0,753.0,767.0,1492.0,1480.0,1496.0,769.0,756.0,767.0,754.0,753.0,751.0
1.0,4482.0,2327.0,2260.0,2292.0,2333.0,779.0,761.0,793.0,755.0,753.0,752.0,776.0,761.0,790.0,1493.0,1503.0,1486.0,779.0,761.0,793.0,755.0,753.0,752.0
1.0,4447.0,2268.0,2260.0,2333.0,2268.0,761.0,747.0,760.0,755.0,753.0,752.0,761.0,747.0,760.0,1486.0,1498.0,1463.0,761.0,747.0,760.0,755.0,753.0,752.0
1.0,4512.0,2260.0,2260.0,2268.0,2260.0,753.0,748.0,759.0,755.0,753.0,752.0,753.0,748.0,759.0,1504.0,1512.0,1496.0,753.0,748.0,759.0,755.0,753.0,752.0
1.0,4520.0,2280.0,2260.0,2260.0,2280.0,764.0,748.0,768.0,755.0,753.0,752.0,764.0,748.0,768.0,1512.0,1511.0,1497.0,764.0,748.0,768.0,755.0,753.0,752.0
1.0,4500.0,2271.0,2262.0,2280.0,2277.0,751.0,759.0,767.0,755.0,754.0,753.0,751.0,756.0,764.0,1501.0,1511.0,1488.0,751.0,759.0,767.0,755.0,754.0,753.0
1.0,4509.0,2295.0,2264.0,2277.0,2301.0,772.0,768.0,761.0,756.0,754.0,754.0,769.0,768.0,758.0,1514.0,1503.0,1492.0,772.0,768.0,761.0,756.0,754.0,754.0
1.0,4491.0,2298.0,2265.0,2301.0,2301.0,771.0,766.0,764.0,757.0,754.0,754.0,768.0,766.0,764.0,1496.0,1494.0,1501.0,771.0,766.0,764.0,757.0,754.0,754.0
1.0,4494.0,2251.0,2265.0,2301.0,2251.0,762.0,748.0,741.0,757.0,754.0,754.0,762.0,748.0,741.0,1500.0,1496.0,1498.0,762.0,748.0,741.0,757.0,754.0,754.0
1.0,4544.0,2254.0,2265.0,2251.0,2254.0,745.0,752.0,757.0,757.0,754.0,754.0,745.0,752.0,757.0,1509.0,1514.0,1521.0,745.0,752.0,757.0,757.0,754.0,754.0
1.0,4541.0,2288.0,2265.0,2254.0,2288.0,762.0,770.0,756.0,757.0,754.0,754.0,762.0,770.0,756.0,1526.0,1510.0,1505.0,762.0,770.0,756.0,757.0,754.0,754.0
1.0,4507.0,2299.0,2266.0,2288.0,2302.0,767.0,771.0,764.0,757.0,754.0,755.0,767.0,771.0,761.0,1509.0,1492.0,1506.0,767.0,771.0,764.0,757.0,754.0,755.0
1.0,4496.0,2306.0,2267.0,2302.0,2309.0,763.0,776.0,770.0,757.0,755.0,755.0,763.0,773.0,770.0,1504.0,1491.0,1501.0,763.0,776.0,770.0,757.0,755.0,755.0
1.0,4492.0,2321.0,2268.0,2309.0,2324.0,769.0,776.0,779.0,757.0,755.0,756.0,769.0,776.0,776.0,1508.0,1489.0,1495.0,769.0,776.0,779.0,757.0,755.0,756.0
1.0,4480.0,2303.0,2267.0,2324.0,2300.0,766.0,773.0,761.0,757.0,755.0,755.0,766.0,773.0,764.0,1502.0,1489.0,1489.0,766.0,773.0,761.0,757.0,755.0,755.0
1.0,4501.0,2315.0,2269.0,2300.0,2321.0,765.0,782.0,774.0,757.0,756.0,756.0,765.0,779.0,771.0,1505.0,1492.0,1504.0,765.0,782.0,774.0,757.0,756.0,756.0
1.0,4486.0,2275.0,2269.0,2321.0,2275.0,758.0,759.0,758.0,757.0,756.0,756.0,758.0,759.0,758.0,1506.0,1486.0,1494.0,758.0,759.0,758.0,757.0,756.0,756.0
1.0,4532.0,2288.0,2269.0,2275.0,2288.0,767.0,758.0,763.0,757.0,756.0,756.0,767.0,758.0,763.0,1513.0,1509.0,1510.0,767.0,758.0,763.0,757.0,756.0,756.0
1.0,4519.0,2219.0,2269.0,2288.0,2219.0,746.0,733.0,740.0,757.0,756.0,756.0,746.0,733.0,740.0,1504.0,1510.0,1505.0,746.0,733.0,740.0,757.0,756.0,756.0
1.0,4588.0,2247.0,2269.0,2219.0,2247.0,747.0,749.0,751.0,757.0,756.0,756.0,747.0,749.0,751.0,1525.0,1535.0,1528.0,747.0,749.0,751.0,757.0,756.0,756.0
1.0,4560.0,2266.0,2271.0,2247.0,2272.0,765.0,751.0,756.0,758.0,757.0,756.0,762.0,748.0,756.0,1524.0,1519.0,1517.0,765.0,751.0,756.0,758.0,757.0,756.0
1.0,4541.0,2244.0,2271.0,2272.0,2244.0,745.0,746.0,753.0,758.0,757.0,756.0,745.0,746.0,753.0,1509.0,1520.0,1512.0,745.0,746.0,753.0,758.0,757.0,756.0
1.0,4569.0,2322.0,2270.0,2244.0,2319.0,769.0,774.0,776.0,758.0,756.0,756.0,769.0,777.0,776.0,1529.0,1525.0,1515.0,769.0,774.0,776.0,758.0,756.0,756.0
1.0,4491.0,2330.0,2271.0,2319.0,2333.0,771.0,782.0,780.0,758.0,757.0,756.0,771.0,779.0,780.0,1505.0,1494.0,1492.0,771.0,782.0,780.0,758.0,757.0,756.0
1.0,4480.0,2336.0,2272.0,2333.0,2339.0,768.0,780.0,791.0,758.0,757.0,757.0,768.0,780.0,788.0,1503.0,1489.0,1488.0,768.0,780.0,791.0,758.0,757.0,757.0
1.0,4477.0,2296.0,2273.0,2339.0,2299.0,758.0,767.0,774.0,758.0,757.0,758.0,758.0,767.0,771.0,1506.0,1491.0,1480.0,758.0,767.0,774.0,758.0,757.0,758.0
1.0,4520.0,2320.0,2274.0,2299.0,2323.0,780.0,770.0,773.0,759.0,757.0,758.0,777.0,770.0,773.0,1516.0,1504.0,1500.0,780.0,770.0,773.0,759.0,757.0,758.0
1.0,4499.0,2307.0,2275.0,2323.0,2310.0,756.0,781.0,773.0,759.0,758.0,758.0,756.0,778.0,773.0,1497.0,1501.0,1501.0,756.0,781.0,773.0,759.0,758.0,758.0
1.0,4515.0,2321.0,2276.0,2310.0,2324.0,775.0,777.0,772.0,759.0,758.0,759.0,775.0,777.0,769.0,1521.0,1493.0,1501.0,775.0,777.0,772.0,759.0,758.0,759.0
1.0,4504.0,2278.0,2277.0,2324.0,2281.0,756.0,775.0,750.0,759.0,759.0,759.0,756.0,772.0,750.0,1502.0,1497.0,1505.0,756.0,775.0,750.0,759.0,759.0,759.0
1.0,4550.0,2296.0,2278.0,2281.0,2299.0,760.0,774.0,765.0,759.0,759.0,760.0,760.0,774.0,762.0,1521.0,1502.0,1527.0,760.0,774.0,765.0,759.0,759.0,760.0
1.0,4535.0,2261.0,2279.0,2299.0,2264.0,763.0,752.0,749.0,760.0,759.0,760.0,760.0,752.0,749.0,1517.0,1503.0,1515.0,763.0,752.0,749.0,760.0,759.0,760.0
1.0,4573.0,2297.0,2280.0,2264.0,2300.0,772.0,767.0,761.0,760.0,760.0,760.0,772.0,764.0,761.0,1517.0,1525.0,1531.0,772.0,767.0,761.0,760.0,760.0,760.0
1.0,4540.0,2298.0,2280.0,2300.0,2298.0,765.0,774.0,759.0,760.0,760.0,760.0,765.0,774.0,759.0,1508.0,1513.0,1519.0,765.0,774.0,759.0,760.0,760.0,760.0
1.0,4542.0,2275.0,2282.0,2298.0,2281.0,773.0,755.0,753.0,761.0,761.0,760.0,770.0,752.0,753.0,1515.0,1506.0,1521.0,773.0,755.0,753.0,761.0,761.0,760.0
1.0,4565.0,2343.0,2283.0,2281.0,2346.0,789.0,776.0,781.0,762.0,761.0,760.0,786.0,776.0,781.0,1510.0,1528.0,1527.0,789.0,776.0,781.0,762.0,761.0,760.0
1.0,4503.0,2299.0,2283.0,2346.0,2299.0,781.0,767.0,751.0,762.0,761.0,760.0,781.0,767.0,751.0,1497.0,1507.0,1499.0,781.0,767.0,751.0,762.0,761.0,760.0
1.0,4550.0,2293.0,2284.0,2299.0,2296.0,764.0,767.0,765.0,762.0,762.0,760.0,764.0,764.0,765.0,1505.0,1516.0,1529.0,764.0,767.0,765.0,762.0,762.0,760.0
1.0,4556.0,2311.0,2284.0,2296.0,2311.0,769.0,769.0,773.0,762.0,762.0,760.0,769.0,769.0,773.0,1522.0,1519.0,1515.0,769.0,769.0,773.0,762.0,762.0,760.0
1.0,4541.0,2252.0,2282.0,2311.0,2246.0,736.0,752.0,758.0,761.0,761.0,760.0,739.0,755.0,758.0,1517.0,1517.0,1507.0,736.0,752.0,758.0,761.0,761.0,760.0
1.0,4600.0,2336.0,2283.0,2246.0,2339.0,768.0,789.0,782.0,761.0,762.0,760.0,768.0,786.0,782.0,1547.0,1531.0,1522.0,768.0,789.0,782.0,761.0,762.0,760.0
1.0,4510.0,2311.0,2283.0,2339.0,2311.0,756.0,780.0,775.0,761.0,762.0,760.0,756.0,780.0,775.0,1515.0,1497.0,1498.0,756.0,780.0,775.0,761.0,762.0,760.0
1.0,4538.0,2304.0,2285.0,2311.0,2310.0,765.0,773.0,772.0,761.0,763.0,761.0,765.0,770.0,769.0,1527.0,1506.0,1505.0,765.0,773.0,772.0,761.0,763.0,761.0
1.0,4545.0,2302.0,2286.0,2310.0,2305.0,755.0,774.0,776.0,761.0,763.0,762.0,755.0,774.0,773.0,1518.0,1516.0,1511.0,755.0,774.0,776.0,761.0,763.0,762.0
1.0,4553.0,2234.0,2286.0,2305.0,2234.0,744.0,750.0,740.0,761.0,763.0,762.0,744.0,750.0,740.0,1528.0,1515.0,1510.0,744.0,750.0,740.0,761.0,763.0,762.0
1.0,4624.0,2288.0,2286.0,2234.0,2288.0,762.0,758.0,768.0,761.0,763.0,762.0,762.0,758.0,768.0,1539.0,1539.0,1546.0,762.0,758.0,768.0,761.0,763.0,762.0
1.0,4570.0,2234.0,2288.0,2288.0,2240.0,747.0,736.0,757.0,762.0,763.0,763.0,744.0,736.0,754.0,1521.0,1531.0,1518.0,747.0,736.0,757.0,762.0,763.0,763.0
1.0,4624.0,2291.0,2288.0,2240.0,2291.0,771.0,756.0,764.0,762.0,763.0,763.0,771.0,756.0,764.0,1539.0,1553.0,1532.0,771.0,756.0,764.0,762.0,763.0,763.0
1.0,4573.0,2324.0,2289.0,2291.0,2327.0,788.0,777.0,762.0,763.0,763.0,763.0,785.0,777.0,762.0,1515.0,1533.0,1525.0,788.0,777.0,762.0,763.0,763.0,763.0
1.0,4540.0,2323.0,2291.0,2327.0,2329.0,786.0,778.0,765.0,763.0,764.0,764.0,786.0,775.0,762.0,1501.0,1512.0,1527.0,786.0,778.0,765.0,763.0,764.0,764.0
1.0,4544.0,2337.0,2292.0,2329.0,2340.0,792.0,772.0,776.0,764.0,764.0,764.0,789.0,772.0,776.0,1503.0,1514.0,1527.0,792.0,772.0,776.0,764.0,764.0,764.0
1.0,4536.0,2336.0,2292.0,2340.0,2336.0,778.0,775.0,783.0,764.0,764.0,764.0,778.0,775.0,783.0,1500.0,1520.0,1516.0,778.0,775.0,783.0,764.0,764.0,764.0
1.0,4540.0,2305.0,2293.0,2336.0,2308.0,773.0,775.0,760.0,764.0,765.0,764.0,773.0,772.0,760.0,1514.0,1517.0,1509.0,773.0,775.0,760.0,764.0,765.0,764.0
1.0,4571.0,2343.0,2293.0,2308.0,2343.0,787.0,780.0,776.0,764.0,765.0,764.0,787.0,780.0,776.0,1519.0,1520.0,1532.0,787.0,780.0,776.0,764.0,765.0,764.0
1.0,4536.0,2315.0,2294.0,2343.0,2318.0,779.0,773.0,766.0,765.0,765.0,764.0,776.0,773.0,766.0,1505.0,1515.0,1516.0,779.0,773.0,766.0,765.0,765.0,764.0
1.0,4564.0,2272.0,2295.0,2318.0,2275.0,755.0,769.0,751.0,765.0,766.0,764.0,755.0,766.0,751.0,1516.0,1522.0,1526.0,755.0,769.0,751.0,765.0,766.0,764.0
1.0,4610.0,2312.0,2295.0,2275.0,2312.0,771.0,774.0,767.0,765.0,766.0,764.0,771.0,774.0,767.0,1540.0,1529.0,1541.0,771.0,774.0,767.0,765.0,766.0,764.0
1.0,4573.0,2253.0,2295.0,2312.0,2253.0,749.0,756.0,748.0,765.0,766.0,764.0,749.0,756.0,748.0,1524.0,1524.0,1525.0,749.0,756.0,748.0,765.0,766.0,764.0
1.0,4632.0,2269.0,2295.0,2253.0,2269.0,757.0,758.0,754.0,765.0,766.0,764.0,757.0,758.0,754.0,1546.0,1542.0,1544.0,757.0,758.0,754.0,765.0,766.0,764.0
1.0,4616.0,2301.0,2294.0,2269.0,2298.0,755.0,773.0,770.0,764.0,766.0,764.0,758.0,773.0,770.0,1538.0,1540.0,1538.0,755.0,773.0,770.0,764.0,766.0,764.0
1.0,4584.0,2286.0,2295.0,2298.0,2289.0,755.0,771.0,763.0,764.0,767.0,764.0,755.0,768.0,763.0,1537.0,1525.0,1522.0,755.0,771.0,763.0,764.0,767.0,764.0
1.0,4596.0,2326.0,2296.0,2289.0,2329.0,786.0,771.0,772.0,765.0,767.0,764.0,783.0,771.0,772.0,1537.0,1530.0,1529.0,786.0,771.0,772.0,765.0,767.0,764.0
1.0,4559.0,2375.0,2298.0,2329.0,2381.0,792.0,790.0,799.0,766.0,767.0,765.0,789.0,790.0,796.0,1509.0,1530.0,1520.0,792.0,790.0,799.0,766.0,767.0,765.0
1.0,4513.0,2357.0,2299.0,2381.0,2360.0,787.0,777.0,796.0,766.0,767.0,766.0,787.0,777.0,793.0,1506.0,1511.0,1496.0,787.0,777.0,796.0,766.0,767.0,766.0
1.0,4537.0,2380.0,2301.0,2360.0,2386.0,804.0,793.0,789.0,767.0,768.0,766.0,801.0,790.0,789.0,1511.0,1524.0,1502.0,804.0,793.0,789.0,767.0,768.0,766.0
1.0,4517.0,2283.0,2300.0,2386.0,2280.0,765.0,754.0,761.0,767.0,767.0,766.0,765.0,757.0,761.0,1497.0,1511.0,1509.0,765.0,754.0,761.0,767.0,767.0,766.0
1.0,4620.0,2304.0,2300.0,2280.0,2304.0,774.0,756.0,774.0,767.0,767.0,766.0,774.0,756.0,774.0,1536.0,1547.0,1537.0,774.0,756.0,774.0,767.0,767.0,766.0
1.0,4596.0,2298.0,2300.0,2304.0,2298.0,772.0,758.0,768.0,767.0,767.0,766.0,772.0,758.0,768.0,1527.0,1545.0,1524.0,772.0,758.0,768.0,767.0,767.0,766.0
1.0,4602.0,2281.0,2300.0,2298.0,2281.0,767.0,754.0,760.0,767.0,767.0,766.0,767.0,754.0,760.0,1529.0,1543.0,1530.0,767.0,754.0,760.0,767.0,767.0,766.0
1.0,4619.0,2318.0,2300.0,2281.0,2318.0,771.0,773.0,774.0,767.0,767.0,766.0,771.0,773.0,774.0,1534.0,1547.0,1538.0,771.0,773.0,774.0,767.0,767.0,766.0
1.0,4582.0,2247.0,2300.0,2318.0,2247.0,763.0,745.0,739.0,767.0,767.0,766.0,763.0,745.0,739.0,1530.0,1528.0,1524.0,763.0,745.0,739.0,767.0,767.0,766.0
1.0,4653.0,2232.0,2300.0,2247.0,2232.0,748.0,748.0,736.0,767.0,767.0,766.0,748.0,748.0,736.0,1538.0,1556.0,1559.0,748.0,748.0,736.0,767.0,767.0,766.0
1.0,4668.0,2253.0,2300.0,2232.0,2253.0,749.0,760.0,744.0,767.0,767.0,766.0,749.0,760.0,744.0,1553.0,1553.0,1562.0,749.0,760.0,744.0,767.0,767.0,766.0
1.0,4647.0,2317.0,2302.0,2253.0,2323.0,777.0,778.0,768.0,768.0,768.0,766.0,774.0,775.0,768.0,1552.0,1541.0,1554.0,777.0,778.0,768.0,768.0,768.0,766.0
1.0,4583.0,2320.0,2301.0,2323.0,2317.0,786.0,789.0,742.0,768.0,768.0,765.0,786.0,789.0,745.0,1527.0,1526.0,1530.0,786.0,789.0,742.0,768.0,768.0,765.0
1.0,4586.0,2301.0,2301.0,2317.0,2301.0,765.0,777.0,759.0,768.0,768.0,765.0,765.0,777.0,759.0,1518.0,1515.0,1553.0,765.0,777.0,759.0,768.0,768.0,765.0
1.0,4602.0,2348.0,2301.0,2301.0,2348.0,795.0,775.0,778.0,768.0,768.0,765.0,795.0,775.0,778.0,1539.0,1527.0,1536.0,795.0,775.0,778.0,768.0,768.0,765.0
1.0,4555.0,2281.0,2300.0,2348.0,2278.0,758.0,765.0,755.0,768.0,768.0,764.0,758.0,765.0,758.0,1509.0,1529.0,1517.0,758.0,765.0,755.0,768.0,768.0,764.0
1.0,4622.0,2371.0,2302.0,2278.0,2377.0,804.0,785.0,788.0,769.0,768.0,765.0,801.0,785.0,785.0,1546.0,1539.0,1537.0,804.0,785.0,788.0,769.0,768.0,765.0
1.0,4529.0,2350.0,2303.0,2377.0,2353.0,792.0,781.0,780.0,770.0,768.0,765.0,789.0,781.0,780.0,1503.0,1519.0,1507.0,792.0,781.0,780.0,770.0,768.0,765.0
1.0,4556.0,2338.0,2303.0,2353.0,2338.0,781.0,777.0,780.0,770.0,768.0,765.0,781.0,777.0,780.0,1518.0,1523.0,1515.0,781.0,777.0,780.0,770.0,768.0,765.0
1.0,4571.0,2312.0,2303.0,2338.0,2312.0,778.0,767.0,767.0,770.0,768.0,765.0,778.0,767.0,767.0,1529.0,1527.0,1515.0,778.0,767.0,767.0,770.0,768.0,765.0
1.0,4597.0,2302.0,2304.0,2312.0,2305.0,767.0,766.0,772.0,770.0,768.0,766.0,767.0,766.0,769.0,1532.0,1537.0,1528.0,767.0,766.0,772.0,770.0,768.0,766.0
1.0,4607.0,2286.0,2304.0,2305.0,2286.0,767.0,751.0,768.0,770.0,768.0,766.0,767.0,751.0,768.0,1543.0,1538.0,1526.0,767.0,751.0,768.0,770.0,768.0,766.0
1.0,4626.0,2298.0,2304.0,2286.0,2298.0,758.0,754.0,786.0,770.0,768.0,766.0,758.0,754.0,786.0,1543.0,1553.0,1530.0,758.0,754.0,786.0,770.0,768.0,766.0
1.0,4614.0,2288.0,2305.0,2298.0,2291.0,757.0,760.0,774.0,770.0,768.0,767.0,757.0,760.0,771.0,1552.0,1550.0,1512.0,757.0,760.0,774.0,770.0,768.0,767.0
1.0,4624.0,2285.0,2305.0,2291.0,2285.0,758.0,754.0,773.0,770.0,768.0,767.0,758.0,754.0,773.0,1553.0,1544.0,1527.0,758.0,754.0,773.0,770.0,768.0,767.0
1.0,4630.0,2346.0,2305.0,2285.0,2346.0,788.0,784.0,774.0,770.0,768.0,767.0,788.0,784.0,774.0,1552.0,1550.0,1528.0,788.0,784.0,774.0,770.0,768.0,767.0
1.0,4569.0,2330.0,2305.0,2346.0,2330.0,778.0,774.0,778.0,770.0,768.0,767.0,778.0,774.0,778.0,1522.0,1520.0,1527.0,778.0,774.0,778.0,770.0,768.0,767.0
1.0,4585.0,2370.0,2307.0,2330.0,2376.0,779.0,808.0,789.0,770.0,769.0,768.0,779.0,805.0,786.0,1532.0,1530.0,1523.0,779.0,808.0,789.0,770.0,769.0,768.0
1.0,4545.0,2345.0,2307.0,2376.0,2345.0,787.0,786.0,772.0,770.0,769.0,768.0,787.0,786.0,772.0,1531.0,1499.0,1515.0,787.0,786.0,772.0,770.0,769.0,768.0
1.0,4576.0,2356.0,2308.0,2345.0,2359.0,797.0,779.0,783.0,771.0,769.0,768.0,794.0,779.0,783.0,1523.0,1521.0,1532.0,797.0,779.0,783.0,771.0,769.0,768.0
1.0,4565.0,2319.0,2309.0,2359.0,2322.0,778.0,778.0,766.0,772.0,769.0,768.0,775.0,778.0,766.0,1516.0,1528.0,1521.0,778.0,778.0,766.0,772.0,769.0,768.0
1.0,4605.0,2325.0,2309.0,2322.0,2325.0,780.0,777.0,768.0,772.0,769.0,768.0,780.0,777.0,768.0,1538.0,1529.0,1538.0,780.0,777.0,768.0,772.0,769.0,768.0
1.0,4602.0,2312.0,2309.0,2325.0,2312.0,772.0,779.0,761.0,772.0,769.0,768.0,772.0,779.0,761.0,1536.0,1530.0,1536.0,772.0,779.0,761.0,772.0,769.0,768.0
1.0,4615.0,2280.0,2308.0,2312.0,2277.0,760.0,757.0,760.0,772.0,769.0,767.0,760.0,757.0,763.0,1544.0,1528.0,1543.0,760.0,757.0,760.0,772.0,769.0,767.0
1.0,4647.0,2315.0,2310.0,2277.0,2321.0,756.0,775.0,790.0,772.0,770.0,768.0,756.0,772.0,787.0,1556.0,1550.0,1541.0,756.0,775.0,790.0,772.0,770.0,768.0
1.0,4609.0,2295.0,2311.0,2321.0,2298.0,772.0,767.0,759.0,773.0,770.0,768.0,769.0,767.0,759.0,1560.0,1535.0,1514.0,772.0,767.0,759.0,773.0,770.0,768.0
1.0,4635.0,2329.0,2313.0,2298.0,2335.0,775.0,782.0,778.0,773.0,771.0,769.0,775.0,779.0,775.0,1547.0,1543.0,1545.0,775.0,782.0,778.0,773.0,771.0,769.0
1.0,4604.0,2345.0,2313.0,2335.0,2345.0,777.0,780.0,788.0,773.0,771.0,769.0,777.0,780.0,788.0,1544.0,1531.0,1529.0,777.0,780.0,788.0,773.0,771.0,769.0
1.0,4594.0,2339.0,2314.0,2345.0,2342.0,778.0,775.0,789.0,773.0,771.0,770.0,778.0,775.0,786.0,1542.0,1533.0,1519.0,778.0,775.0,789.0,773.0,771.0,770.0
1.0,4600.0,2310.0,2314.0,2342.0,2310.0,762.0,768.0,780.0,773.0,771.0,770.0,762.0,768.0,780.0,1541.0,1538.0,1521.0,762.0,768.0,780.0,773.0,771.0,770.0
1.0,4632.0,2362.0,2314.0,2310.0,2362.0,783.0,777.0,802.0,773.0,771.0,770.0,783.0,777.0,802.0,1557.0,1545.0,1530.0,783.0,777.0,802.0,773.0,771.0,770.0
1.0,4580.0,2365.0,2314.0,2362.0,2365.0,797.0,784.0,784.0,773.0,771.0,770.0,797.0,784.0,784.0,1536.0,1536.0,1508.0,797.0,784.0,784.0,773.0,771.0,770.0
1.0,4577.0,2318.0,2315.0,2365.0,2321.0,775.0,763.0,783.0,773.0,771.0,771.0,775.0,763.0,780.0,1522.0,1529.0,1526.0,775.0,763.0,783.0,773.0,771.0,771.0
1.0,4624.0,2348.0,2315.0,2321.0,2348.0,773.0,786.0,789.0,773.0,771.0,771.0,773.0,786.0,789.0,1544.0,1550.0,1530.0,773.0,786.0,789.0,773.0,771.0,771.0
1.0,4597.0,2374.0,2316.0,2348.0,2377.0,789.0,794.0,794.0,773.0,771.0,772.0,789.0,794.0,791.0,1546.0,1527.0,1524.0,789.0,794.0,794.0,773.0,771.0,772.0
1.0,4571.0,2350.0,2318.0,2377.0,2356.0,793.0,787.0,776.0,774.0,772.0,772.0,790.0,784.0,776.0,1530.0,1519.0,1522.0,793.0,787.0,776.0,774.0,772.0,772.0
1.0,4598.0,2314.0,2318.0,2356.0,2314.0,777.0,777.0,760.0,774.0,772.0,772.0,777.0,777.0,760.0,1529.0,1529.0,1540.0,777.0,777.0,760.0,774.0,772.0,772.0
1.0,4640.0,2297.0,2318.0,2314.0,2297.0,772.0,763.0,762.0,774.0,772.0,772.0,772.0,763.0,762.0,1545.0,1539.0,1556.0,772.0,763.0,762.0,774.0,772.0,772.0
1.0,4657.0,2300.0,2318.0,2297.0,2300.0,768.0,770.0,762.0,774.0,772.0,772.0,768.0,770.0,762.0,1550.0,1553.0,1554.0,768.0,770.0,762.0,774.0,772.0,772.0
1.0,4654.0,2328.0,2319.0,2300.0,2331.0,771.0,788.0,772.0,775.0,772.0,772.0,768.0,788.0,772.0,1554.0,1546.0,1554.0,771.0,788.0,772.0,775.0,772.0,772.0
1.0,4626.0,2261.0,2318.0,2331.0,2258.0,746.0,767.0,745.0,774.0,772.0,772.0,749.0,767.0,745.0,1554.0,1528.0,1544.0,746.0,767.0,745.0,774.0,772.0,772.0
1.0,4696.0,2292.0,2318.0,2258.0,2292.0,765.0,767.0,760.0,774.0,772.0,772.0,765.0,767.0,760.0,1576.0,1549.0,1571.0,765.0,767.0,760.0,774.0,772.0,772.0
1.0,4662.0,2368.0,2318.0,2292.0,2368.0,785.0,789.0,794.0,774.0,772.0,772.0,785.0,789.0,794.0,1557.0,1549.0,1556.0,785.0,789.0,794.0,774.0,772.0,772.0
1.0,4586.0,2328.0,2318.0,2368.0,2328.0,763.0,780.0,785.0,774.0,772.0,772.0,763.0,780.0,785.0,1537.0,1527.0,1522.0,763.0,780.0,785.0,774.0,772.0,772.0
1.0,4626.0,2316.0,2316.0,2328.0,2310.0,772.0,767.0,771.0,773.0,772.0,771.0,775.0,767.0,774.0,1559.0,1536.0,1531.0,772.0,767.0,771.0,773.0,772.0,771.0
1.0,4638.0,2346.0,2318.0,2310.0,2352.0,797.0,774.0,781.0,774.0,772.0,772.0,794.0,774.0,778.0,1547.0,1549.0,1542.0,797.0,774.0,781.0,774.0,772.0,772.0
1.0,4602.0,2355.0,2319.0,2352.0,2358.0,798.0,772.0,788.0,774.0,773.0,772.0,798.0,769.0,788.0,1525.0,1542.0,1535.0,798.0,772.0,788.0,774.0,773.0,772.0
1.0,4599.0,2296.0,2318.0,2358.0,2293.0,772.0,745.0,776.0,774.0,772.0,772.0,772.0,748.0,776.0,1524.0,1547.0,1528.0,772.0,745.0,776.0,774.0,772.0,772.0
1.0,4661.0,2365.0,2321.0,2293.0,2374.0,806.0,778.0,790.0,775.0,773.0,773.0,803.0,775.0,787.0,1550.0,1571.0,1540.0,806.0,778.0,790.0,775.0,773.0,773.0
1.0,4589.0,2341.0,2321.0,2374.0,2341.0,781.0,768.0,792.0,775.0,773.0,773.0,781.0,768.0,792.0,1519.0,1541.0,1529.0,781.0,768.0,792.0,775.0,773.0,773.0
1.0,4622.0,2350.0,2322.0,2341.0,2353.0,786.0,768.0,799.0,775.0,773.0,774.0,786.0,768.0,796.0,1544.0,1551.0,1527.0,786.0,768.0,799.0,775.0,773.0,774.0
1.0,4613.0,2305.0,2324.0,2353.0,2311.0,773.0,763.0,775.0,776.0,773.0,775.0,770.0,763.0,772.0,1539.0,1551.0,1523.0,773.0,763.0,775.0,776.0,773.0,775.0
1.0,4661.0,2309.0,2325.0,2311.0,2312.0,763.0,774.0,775.0,776.0,774.0,775.0,763.0,771.0,775.0,1555.0,1556.0,1550.0,763.0,774.0,775.0,776.0,774.0,775.0
1.0,4663.0,2318.0,2325.0,2312.0,2318.0,774.0,777.0,767.0,776.0,774.0,775.0,774.0,777.0,767.0,1565.0,1548.0,1550.0,774.0,777.0,767.0,776.0,774.0,775.0
1.0,4657.0,2374.0,2326.0,2318.0,2377.0,790.0,793.0,794.0,776.0,774.0,776.0,790.0,793.0,791.0,1554.0,1545.0,1558.0,790.0,793.0,794.0,776.0,774.0,776.0
1.0,4601.0,2327.0,2326.0,2377.0,2327.0,770.0,786.0,771.0,776.0,774.0,776.0,770.0,786.0,771.0,1538.0,1529.0,1534.0,770.0,786.0,771.0,776.0,774.0,776.0
1.0,4651.0,2364.0,2326.0,2327.0,2364.0,786.0,793.0,785.0,776.0,774.0,776.0,786.0,793.0,785.0,1558.0,1536.0,1557.0,786.0,793.0,785.0,776.0,774.0,776.0
1.0,4614.0,2391.0,2329.0,2364.0,2400.0,797.0,809.0,794.0,777.0,775.0,777.0,794.0,806.0,791.0,1542.0,1529.0,1543.0,797.0,809.0,794.0,777.0,775.0,777.0
1.0,4587.0,2350.0,2328.0,2400.0,2347.0,772.0,784.0,791.0,776.0,775.0,777.0,775.0,784.0,791.0,1534.0,1516.0,1537.0,772.0,784.0,791.0,776.0,775.0,777.0
1.0,4637.0,2375.0,2328.0,2347.0,2375.0,795.0,794.0,786.0,776.0,775.0,777.0,795.0,794.0,786.0,1556.0,1541.0,1540.0,795.0,794.0,786.0,776.0,775.0,777.0
1.0,4609.0,2330.0,2328.0,2375.0,2330.0,773.0,785.0,772.0,776.0,775.0,777.0,773.0,785.0,772.0,1533.0,1531.0,1545.0,773.0,785.0,772.0,776.0,775.0,777.0
1.0,4654.0,2280.0,2328.0,2330.0,2280.0,767.0,755.0,758.0,776.0,775.0,777.0,767.0,755.0,758.0,1555.0,1540.0,1559.0,767.0,755.0,758.0,776.0,775.0,777.0
1.0,4704.0,2332.0,2328.0,2280.0,2332.0,776.0,777.0,779.0,776.0,775.0,777.0,776.0,777.0,779.0,1561.0,1570.0,1573.0,776.0,777.0,779.0,776.0,775.0,777.0
1.0,4652.0,2338.0,2331.0,2332.0,2347.0,784.0,777.0,786.0,777.0,776.0,778.0,781.0,774.0,783.0,1552.0,1548.0,1552.0,784.0,777.0,786.0,777.0,776.0,778.0
1.0,4646.0,2300.0,2330.0,2347.0,2297.0,774.0,768.0,755.0,777.0,776.0,777.0,774.0,768.0,758.0,1547.0,1551.0,1548.0,774.0,768.0,755.0,777.0,776.0,777.0
1.0,4693.0,2326.0,2330.0,2297.0,2326.0,771.0,774.0,781.0,777.0,776.0,777.0,771.0,774.0,781.0,1557.0,1560.0,1576.0,771.0,774.0,781.0,777.0,776.0,777.0
1.0,4664.0,2316.0,2331.0,2326.0,2319.0,764.0,775.0,780.0,777.0,777.0,777.0,764.0,772.0,780.0,1560.0,1554.0,1550.0,764.0,775.0,780.0,777.0,777.0,777.0
1.0,4674.0,2344.0,2331.0,2319.0,2344.0,782.0,788.0,774.0,777.0,777.0,777.0,782.0,788.0,774.0,1567.0,1556.0,1551.0,782.0,788.0,774.0,777.0,777.0,777.0
1.0,4649.0,2405.0,2332.0,2344.0,2408.0,791.0,803.0,814.0,777.0,777.0,778.0,791.0,803.0,811.0,1549.0,1543.0,1557.0,791.0,803.0,814.0,777.0,777.0,778.0
1.0,4588.0,2356.0,2333.0,2408.0,2359.0,791.0,775.0,793.0,778.0,777.0,778.0,788.0,775.0,793.0,1540.0,1528.0,1520.0,791.0,775.0,793.0,778.0,777.0,778.0
1.0,4640.0,2357.0,2332.0,2359.0,2354.0,772.0,797.0,785.0,777.0,777.0,778.0,775.0,797.0,785.0,1543.0,1556.0,1541.0,772.0,797.0,785.0,777.0,777.0,778.0
1.0,4642.0,2387.0,2333.0,2354.0,2390.0,789.0,794.0,807.0,777.0,777.0,779.0,789.0,794.0,804.0,1559.0,1534.0,1549.0,789.0,794.0,807.0,777.0,777.0,779.0
1.0,4609.0,2337.0,2333.0,2390.0,2337.0,775.0,785.0,777.0,777.0,777.0,779.0,775.0,785.0,777.0,1542.0,1537.0,1530.0,775.0,785.0,777.0,777.0,777.0,779.0
1.0,4662.0,2378.0,2335.0,2337.0,2384.0,801.0,796.0,787.0,778.0,778.0,779.0,798.0,793.0,787.0,1556.0,1546.0,1560.0,801.0,796.0,787.0,778.0,778.0,779.0
1.0,4621.0,2378.0,2336.0,2384.0,2381.0,793.0,800.0,788.0,778.0,778.0,780.0,793.0,800.0,785.0,1533.0,1538.0,1550.0,793.0,800.0,788.0,778.0,778.0,780.0
1.0,4627.0,2335.0,2337.0,2381.0,2338.0,773.0,790.0,775.0,778.0,779.0,780.0,773.0,787.0,775.0,1541.0,1534.0,1552.0,773.0,790.0,775.0,778.0,779.0,780.0
1.0,4673.0,2314.0,2338.0,2338.0,2317.0,779.0,767.0,771.0,779.0,779.0,780.0,776.0,767.0,771.0,1561.0,1547.0,1565.0,779.0,767.0,771.0,779.0,779.0,780.0
1.0,4697.0,2335.0,2338.0,2317.0,2335.0,789.0,775.0,771.0,779.0,779.0,780.0,789.0,775.0,771.0,1558.0,1570.0,1569.0,789.0,775.0,771.0,779.0,779.0,780.0
1.0,4679.0,2286.0,2337.0,2335.0,2283.0,778.0,748.0,757.0,779.0,778.0,780.0,778.0,751.0,757.0,1548.0,1562.0,1569.0,778.0,748.0,757.0,779.0,778.0,780.0
1.0,4728.0,2288.0,2336.0,2283.0,2285.0,768.0,765.0,752.0,779.0,778.0,779.0,768.0,765.0,755.0,1559.0,1586.0,1583.0,768.0,765.0,752.0,779.0,778.0,779.0
1.0,4723.0,2297.0,2336.0,2285.0,2297.0,765.0,766.0,766.0,779.0,778.0,779.0,765.0,766.0,766.0,1569.0,1569.0,1585.0,765.0,766.0,766.0,779.0,778.0,779.0
1.0,4711.0,2316.0,2335.0,2297.0,2313.0,778.0,764.0,771.0,779.0,778.0,778.0,778.0,764.0,774.0,1572.0,1568.0,1571.0,778.0,764.0,771.0,779.0,778.0,778.0
1.0,4692.0,2390.0,2336.0,2313.0,2393.0,789.0,793.0,811.0,779.0,778.0,779.0,789.0,793.0,808.0,1559.0,1570.0,1563.0,789.0,793.0,811.0,779.0,778.0,779.0
1.0,4615.0,2390.0,2336.0,2393.0,2390.0,794.0,794.0,802.0,779.0,778.0,779.0,794.0,794.0,802.0,1548.0,1541.0,1526.0,794.0,794.0,802.0,779.0,778.0,779.0
1.0,4618.0,2394.0,2337.0,2390.0,2397.0,797.0,804.0,796.0,779.0,779.0,779.0,797.0,801.0,796.0,1543.0,1540.0,1535.0,797.0,804.0,796.0,779.0,779.0,779.0
1.0,4614.0,2421.0,2339.0,2397.0,2427.0,812.0,804.0,811.0,780.0,779.0,780.0,809.0,804.0,808.0,1540.0,1533.0,1541.0,812.0,804.0,811.0,780.0,779.0,780.0
1.0,4590.0,2405.0,2340.0,2427.0,2408.0,803.0,812.0,793.0,780.0,780.0,780.0,803.0,809.0,793.0,1528.0,1533.0,1529.0,803.0,812.0,793.0,780.0,780.0,780.0
1.0,4612.0,2370.0,2340.0,2408.0,2370.0,794.0,786.0,790.0,780.0,780.0,780.0,794.0,786.0,790.0,1537.0,1528.0,1547.0,794.0,786.0,790.0,780.0,780.0,780.0
1.0,4650.0,2367.0,2341.0,2370.0,2370.0,792.0,791.0,787.0,781.0,780.0,780.0,789.0,791.0,787.0,1546.0,1554.0,1550.0,792.0,791.0,787.0,781.0,780.0,780.0
1.0,4653.0,2340.0,2342.0,2370.0,2343.0,768.0,782.0,793.0,781.0,780.0,781.0,768.0,782.0,790.0,1551.0,1549.0,1553.0,768.0,782.0,793.0,781.0,780.0,781.0
1.0,4683.0,2344.0,2342.0,2343.0,2344.0,778.0,776.0,790.0,781.0,780.0,781.0,778.0,776.0,790.0,1575.0,1558.0,1550.0,778.0,776.0,790.0,781.0,780.0,781.0
1.0,4682.0,2379.0,2343.0,2344.0,2382.0,797.0,784.0,801.0,781.0,780.0,782.0,797.0,784.0,798.0,1565.0,1564.0,1553.0,797.0,784.0,801.0,781.0,780.0,782.0
1.0,4647.0,2381.0,2346.0,2382.0,2390.0,800.0,797.0,793.0,782.0,781.0,783.0,797.0,794.0,790.0,1546.0,1556.0,1545.0,800.0,797.0,793.0,782.0,781.0,783.0
1.0,4648.0,2367.0,2347.0,2390.0,2370.0,795.0,789.0,786.0,783.0,781.0,783.0,792.0,789.0,786.0,1546.0,1546.0,1556.0,795.0,789.0,786.0,783.0,781.0,783.0
1.0,4671.0,2318.0,2347.0,2370.0,2318.0,773.0,776.0,769.0,783.0,781.0,783.0,773.0,776.0,769.0,1554.0,1554.0,1563.0,773.0,776.0,769.0,783.0,781.0,783.0
1.0,4723.0,2375.0,2347.0,2318.0,2375.0,804.0,784.0,787.0,783.0,781.0,783.0,804.0,784.0,787.0,1576.0,1567.0,1580.0,804.0,784.0,787.0,783.0,781.0,783.0
1.0,4666.0,2346.0,2348.0,2375.0,2349.0,786.0,782.0,781.0,784.0,781.0,783.0,783.0,782.0,781.0,1545.0,1559.0,1562.0,786.0,782.0,781.0,784.0,781.0,783.0
1.0,4695.0,2334.0,2347.0,2349.0,2331.0,775.0,771.0,785.0,783.0,781.0,783.0,778.0,771.0,785.0,1566.0,1561.0,1568.0,775.0,771.0,785.0,783.0,781.0,783.0
1.0,4710.0,2382.0,2348.0,2331.0,2385.0,806.0,790.0,789.0,783.0,782.0,783.0,806.0,787.0,789.0,1574.0,1572.0,1564.0,806.0,790.0,789.0,783.0,782.0,783.0
1.0,4659.0,2350.0,2349.0,2385.0,2353.0,788.0,794.0,771.0,784.0,782.0,783.0,785.0,794.0,771.0,1543.0,1556.0,1560.0,788.0,794.0,771.0,784.0,782.0,783.0
1.0,4694.0,2330.0,2348.0,2353.0,2327.0,773.0,768.0,786.0,783.0,782.0,783.0,776.0,768.0,786.0,1564.0,1552.0,1578.0,773.0,768.0,786.0,783.0,782.0,783.0
1.0,4717.0,2317.0,2349.0,2327.0,2320.0,772.0,781.0,767.0,783.0,783.0,783.0,772.0,778.0,767.0,1576.0,1578.0,1563.0,772.0,781.0,767.0,783.0,783.0,783.0
1.0,4727.0,2354.0,2348.0,2320.0,2351.0,781.0,790.0,780.0,783.0,783.0,782.0,781.0,790.0,783.0,1577.0,1568.0,1582.0,781.0,790.0,780.0,783.0,783.0,782.0
1.0,4693.0,2354.0,2349.0,2351.0,2357.0,791.0,778.0,788.0,783.0,783.0,783.0,791.0,778.0,785.0,1568.0,1559.0,1566.0,791.0,778.0,788.0,783.0,783.0,783.0
1.0,4690.0,2381.0,2351.0,2357.0,2387.0,796.0,802.0,789.0,784.0,784.0,783.0,793.0,799.0,789.0,1558.0,1571.0,1561.0,796.0,802.0,789.0,784.0,784.0,783.0
1.0,4666.0,2350.0,2351.0,2387.0,2350.0,784.0,781.0,785.0,784.0,784.0,783.0,784.0,781.0,785.0,1556.0,1550.0,1560.0,784.0,781.0,785.0,784.0,784.0,783.0
1.0,4703.0,2365.0,2351.0,2350.0,2365.0,789.0,796.0,780.0,784.0,784.0,783.0,789.0,796.0,780.0,1568.0,1571.0,1564.0,789.0,796.0,780.0,784.0,784.0,783.0
1.0,4688.0,2382.0,2352.0,2365.0,2385.0,792.0,790.0,803.0,784.0,784.0,784.0,792.0,790.0,800.0,1563.0,1556.0,1569.0,792.0,790.0,803.0,784.0,784.0,784.0
1.0,4671.0,2375.0,2353.0,2385.0,2378.0,798.0,789.0,791.0,785.0,784.0,784.0,795.0,789.0,791.0,1560.0,1562.0,1549.0,798.0,789.0,791.0,785.0,784.0,784.0
1.0,4681.0,2385.0,2353.0,2378.0,2385.0,800.0,791.0,794.0,785.0,784.0,784.0,800.0,791.0,794.0,1557.0,1563.0,1561.0,800.0,791.0,794.0,785.0,784.0,784.0
1.0,4674.0,2326.0,2352.0,2385.0,2323.0,781.0,761.0,781.0,785.0,783.0,784.0,781.0,764.0,781.0,1555.0,1561.0,1558.0,781.0,761.0,781.0,785.0,783.0,784.0
1.0,4733.0,2452.0,2353.0,2323.0,2455.0,820.0,824.0,811.0,785.0,784.0,784.0,820.0,821.0,811.0,1574.0,1588.0,1571.0,820.0,824.0,811.0,785.0,784.0,784.0
1.0,4604.0,2374.0,2354.0,2455.0,2377.0,788.0,796.0,793.0,786.0,784.0,784.0,785.0,796.0,793.0,1535.0,1528.0,1541.0,788.0,796.0,793.0,786.0,784.0,784.0
1.0,4685.0,2369.0,2356.0,2377.0,2375.0,782.0,794.0,799.0,786.0,785.0,785.0,782.0,791.0,796.0,1570.0,1556.0,1559.0,782.0,794.0,799.0,786.0,785.0,785.0
1.0,4693.0,2390.0,2356.0,2375.0,2390.0,798.0,796.0,796.0,786.0,785.0,785.0,798.0,796.0,796.0,1576.0,1561.0,1556.0,798.0,796.0,796.0,786.0,785.0,785.0
1.0,4678.0,2353.0,2356.0,2390.0,2353.0,786.0,787.0,780.0,786.0,785.0,785.0,786.0,787.0,780.0,1560.0,1559.0,1559.0,786.0,787.0,780.0,786.0,785.0,785.0
1.0,4715.0,2337.0,2359.0,2353.0,2346.0,788.0,788.0,770.0,787.0,786.0,786.0,785.0,785.0,767.0,1572.0,1568.0,1575.0,788.0,788.0,770.0,787.0,786.0,786.0
1.0,4731.0,2361.0,2359.0,2346.0,2361.0,799.0,781.0,781.0,787.0,786.0,786.0,799.0,781.0,781.0,1573.0,1570.0,1588.0,799.0,781.0,781.0,787.0,786.0,786.0
1.0,4716.0,2355.0,2360.0,2361.0,2358.0,792.0,781.0,785.0,788.0,786.0,786.0,789.0,781.0,785.0,1562.0,1577.0,1577.0,792.0,781.0,785.0,788.0,786.0,786.0
1.0,4722.0,2365.0,2360.0,2358.0,2365.0,803.0,780.0,782.0,788.0,786.0,786.0,803.0,780.0,782.0,1572.0,1577.0,1573.0,803.0,780.0,782.0,788.0,786.0,786.0
1.0,4715.0,2395.0,2360.0,2365.0,2395.0,796.0,800.0,799.0,788.0,786.0,786.0,796.0,800.0,799.0,1561.0,1578.0,1576.0,796.0,800.0,799.0,788.0,786.0,786.0
1.0,4685.0,2429.0,2361.0,2395.0,2432.0,816.0,808.0,808.0,789.0,786.0,786.0,813.0,808.0,808.0,1568.0,1558.0,1559.0,816.0,808.0,808.0,789.0,786.0,786.0
1.0,4651.0,2379.0,2361.0,2432.0,2379.0,806.0,796.0,777.0,789.0,786.0,786.0,806.0,796.0,777.0,1551.0,1550.0,1550.0,806.0,796.0,777.0,789.0,786.0,786.0
1.0,4704.0,2434.0,2362.0,2379.0,2437.0,800.0,834.0,803.0,789.0,787.0,786.0,800.0,831.0,803.0,1561.0,1562.0,1581.0,800.0,834.0,803.0,789.0,787.0,786.0
1.0,4649.0,2420.0,2364.0,2437.0,2426.0,805.0,813.0,808.0,790.0,788.0,786.0,802.0,810.0,808.0,1567.0,1527.0,1555.0,805.0,813.0,808.0,790.0,788.0,786.0
1.0,4666.0,2365.0,2364.0,2426.0,2365.0,780.0,784.0,801.0,790.0,787.0,787.0,780.0,787.0,798.0,1565.0,1551.0,1550.0,780.0,784.0,801.0,790.0,787.0,787.0
1.0,4727.0,2392.0,2363.0,2365.0,2389.0,781.0,803.0,805.0,789.0,787.0,787.0,784.0,803.0,805.0,1590.0,1577.0,1560.0,781.0,803.0,805.0,789.0,787.0,787.0
1.0,4700.0,2408.0,2366.0,2389.0,2417.0,794.0,802.0,821.0,790.0,788.0,788.0,791.0,799.0,818.0,1586.0,1558.0,1556.0,794.0,802.0,821.0,790.0,788.0,788.0
1.0,4681.0,2330.0,2366.0,2417.0,2330.0,774.0,779.0,777.0,790.0,788.0,788.0,774.0,779.0,777.0,1576.0,1562.0,1543.0,774.0,779.0,777.0,790.0,788.0,788.0
1.0,4768.0,2331.0,2365.0,2330.0,2328.0,767.0,775.0,786.0,789.0,788.0,788.0,770.0,775.0,786.0,1596.0,1585.0,1587.0,767.0,775.0,786.0,789.0,788.0,788.0
1.0,4767.0,2363.0,2367.0,2328.0,2369.0,788.0,785.0,796.0,789.0,789.0,789.0,788.0,782.0,793.0,1600.0,1589.0,1578.0,788.0,785.0,796.0,789.0,789.0,789.0
1.0,4732.0,2404.0,2369.0,2369.0,2410.0,814.0,794.0,802.0,790.0,789.0,790.0,811.0,794.0,799.0,1579.0,1582.0,1571.0,814.0,794.0,802.0,790.0,789.0,790.0
1.0,4697.0,2368.0,2370.0,2410.0,2371.0,788.0,785.0,798.0,791.0,789.0,790.0,785.0,785.0,798.0,1556.0,1573.0,1568.0,788.0,785.0,798.0,791.0,789.0,790.0
1.0,4739.0,2389.0,2372.0,2371.0,2395.0,803.0,797.0,795.0,791.0,790.0,791.0,803.0,794.0,792.0,1585.0,1582.0,1572.0,803.0,797.0,795.0,791.0,790.0,791.0
1.0,4721.0,2412.0,2372.0,2395.0,2412.0,811.0,803.0,798.0,792.0,790.0,790.0,808.0,803.0,801.0,1570.0,1573.0,1578.0,811.0,803.0,798.0,792.0,790.0,790.0
1.0,4704.0,2420.0,2373.0,2412.0,2423.0,811.0,815.0,797.0,792.0,791.0,790.0,811.0,812.0,797.0,1565.0,1567.0,1572.0,811.0,815.0,797.0,792.0,791.0,790.0
1.0,4696.0,2429.0,2374.0,2423.0,2432.0,808.0,811.0,813.0,792.0,791.0,791.0,808.0,811.0,810.0,1565.0,1558.0,1573.0,808.0,811.0,813.0,792.0,791.0,791.0
1.0,4690.0,2404.0,2373.0,2432.0,2401.0,806.0,812.0,783.0,792.0,791.0,790.0,806.0,812.0,786.0,1568.0,1562.0,1560.0,806.0,812.0,783.0,792.0,791.0,790.0
1.0,4718.0,2398.0,2373.0,2401.0,2398.0,805.0,802.0,791.0,792.0,791.0,790.0,805.0,802.0,791.0,1570.0,1561.0,1587.0,805.0,802.0,791.0,792.0,791.0,790.0
1.0,4721.0,2381.0,2373.0,2398.0,2381.0,781.0,800.0,800.0,792.0,791.0,790.0,781.0,800.0,800.0,1571.0,1571.0,1579.0,781.0,800.0,800.0,792.0,791.0,790.0
1.0,4738.0,2365.0,2374.0,2381.0,2368.0,774.0,795.0,799.0,792.0,791.0,791.0,774.0,795.0,796.0,1595.0,1573.0,1570.0,774.0,795.0,799.0,792.0,791.0,791.0
1.0,4754.0,2391.0,2375.0,2368.0,2394.0,789.0,810.0,795.0,792.0,792.0,791.0,789.0,807.0,795.0,1602.0,1578.0,1574.0,789.0,810.0,795.0,792.0,792.0,791.0
1.0,4731.0,2370.0,2375.0,2394.0,2370.0,782.0,797.0,791.0,792.0,792.0,791.0,782.0,797.0,791.0,1587.0,1566.0,1578.0,782.0,797.0,791.0,792.0,792.0,791.0
1.0,4755.0,2389.0,2375.0,2370.0,2389.0,787.0,804.0,798.0,792.0,792.0,791.0,787.0,804.0,798.0,1594.0,1579.0,1582.0,787.0,804.0,798.0,792.0,792.0,791.0
1.0,4736.0,2382.0,2375.0,2389.0,2382.0,792.0,786.0,804.0,792.0,792.0,791.0,792.0,786.0,804.0,1589.0,1572.0,1575.0,792.0,786.0,804.0,792.0,792.0,791.0
1.0,4743.0,2396.0,2375.0,2382.0,2396.0,792.0,797.0,807.0,792.0,792.0,791.0,792.0,797.0,807.0,1584.0,1590.0,1569.0,792.0,797.0,807.0,792.0,792.0,791.0
1.0,4729.0,2413.0,2378.0,2396.0,2422.0,819.0,795.0,808.0,793.0,793.0,792.0,816.0,792.0,805.0,1584.0,1579.0,1566.0,819.0,795.0,808.0,793.0,793.0,792.0
1.0,4712.0,2408.0,2377.0,2422.0,2405.0,795.0,810.0,800.0,792.0,793.0,792.0,798.0,810.0,800.0,1560.0,1584.0,1568.0,795.0,810.0,800.0,792.0,793.0,792.0
1.0,4726.0,2359.0,2378.0,2405.0,2362.0,787.0,775.0,800.0,792.0,793.0,793.0,787.0,775.0,797.0,1581.0,1569.0,1576.0,787.0,775.0,800.0,792.0,793.0,793.0
1.0,4772.0,2391.0,2380.0,2362.0,2397.0,792.0,801.0,804.0,793.0,794.0,793.0,789.0,798.0,804.0,1589.0,1604.0,1579.0,792.0,801.0,804.0,793.0,794.0,793.0
1.0,4743.0,2425.0,2380.0,2397.0,2425.0,802.0,812.0,811.0,793.0,794.0,793.0,802.0,812.0,811.0,1587.0,1581.0,1575.0,802.0,812.0,811.0,793.0,794.0,793.0
1.0,4715.0,2444.0,2381.0,2425.0,2447.0,817.0,802.0,828.0,793.0,794.0,794.0,817.0,802.0,825.0,1577.0,1570.0,1568.0,817.0,802.0,828.0,793.0,794.0,794.0
1.0,4696.0,2391.0,2384.0,2447.0,2400.0,806.0,801.0,793.0,794.0,795.0,795.0,803.0,798.0,790.0,1562.0,1580.0,1554.0,806.0,801.0,793.0,794.0,795.0,795.0
1.0,4752.0,2335.0,2384.0,2400.0,2335.0,779.0,781.0,775.0,794.0,795.0,795.0,779.0,781.0,775.0,1576.0,1584.0,1592.0,779.0,781.0,775.0,794.0,795.0,795.0
1.0,4817.0,2396.0,2384.0,2335.0,2396.0,788.0,815.0,793.0,794.0,795.0,795.0,788.0,815.0,793.0,1603.0,1604.0,1610.0,788.0,815.0,793.0,794.0,795.0,795.0
1.0,4756.0,2354.0,2385.0,2396.0,2357.0,778.0,795.0,784.0,794.0,796.0,795.0,778.0,792.0,784.0,1594.0,1570.0,1592.0,778.0,795.0,784.0,794.0,796.0,795.0
1.0,4798.0,2417.0,2385.0,2357.0,2417.0,804.0,806.0,807.0,794.0,796.0,795.0,804.0,806.0,807.0,1604.0,1593.0,1601.0,804.0,806.0,807.0,794.0,796.0,795.0
1.0,4738.0,2408.0,2385.0,2417.0,2408.0,797.0,813.0,798.0,794.0,796.0,795.0,797.0,813.0,798.0,1578.0,1582.0,1578.0,797.0,813.0,798.0,794.0,796.0,795.0
1.0,4747.0,2391.0,2387.0,2408.0,2397.0,798.0,809.0,790.0,794.0,797.0,796.0,798.0,806.0,787.0,1585.0,1575.0,1587.0,798.0,809.0,790.0,794.0,797.0,796.0
1.0,4764.0,2427.0,2388.0,2397.0,2430.0,816.0,812.0,802.0,795.0,797.0,796.0,813.0,812.0,802.0,1584.0,1582.0,1598.0,816.0,812.0,802.0,795.0,797.0,796.0
1.0,4734.0,2429.0,2388.0,2430.0,2429.0,820.0,805.0,804.0,795.0,797.0,796.0,820.0,805.0,804.0,1569.0,1579.0,1586.0,820.0,805.0,804.0,795.0,797.0,796.0
1.0,4735.0,2458.0,2390.0,2429.0,2464.0,822.0,819.0,823.0,796.0,798.0,796.0,819.0,816.0,823.0,1565.0,1586.0,1584.0,822.0,819.0,823.0,796.0,798.0,796.0
1.0,4706.0,2459.0,2393.0,2464.0,2468.0,832.0,818.0,818.0,797.0,799.0,797.0,829.0,815.0,815.0,1566.0,1575.0,1565.0,832.0,818.0,818.0,797.0,799.0,797.0
1.0,4711.0,2434.0,2391.0,2468.0,2428.0,811.0,802.0,815.0,796.0,798.0,797.0,814.0,805.0,815.0,1559.0,1579.0,1573.0,811.0,802.0,815.0,796.0,798.0,797.0
1.0,4745.0,2415.0,2394.0,2428.0,2424.0,800.0,807.0,817.0,797.0,799.0,798.0,797.0,804.0,814.0,1577.0,1592.0,1576.0,800.0,807.0,817.0,797.0,799.0,798.0
1.0,4758.0,2432.0,2394.0,2424.0,2432.0,809.0,807.0,816.0,797.0,799.0,798.0,809.0,807.0,816.0,1591.0,1590.0,1577.0,809.0,807.0,816.0,797.0,799.0,798.0
1.0,4750.0,2395.0,2394.0,2432.0,2395.0,800.0,799.0,796.0,797.0,799.0,798.0,800.0,799.0,796.0,1582.0,1590.0,1578.0,800.0,799.0,796.0,797.0,799.0,798.0
1.0,4787.0,2432.0,2396.0,2395.0,2438.0,818.0,800.0,820.0,798.0,799.0,799.0,815.0,800.0,817.0,1591.0,1598.0,1598.0,818.0,800.0,820.0,798.0,799.0,799.0
1.0,4750.0,2398.0,2396.0,2438.0,2398.0,794.0,798.0,806.0,798.0,799.0,799.0,794.0,798.0,806.0,1576.0,1597.0,1577.0,794.0,798.0,806.0,798.0,799.0,799.0
1.0,4790.0,2376.0,2398.0,2398.0,2382.0,781.0,801.0,800.0,798.0,800.0,800.0,781.0,798.0,797.0,1600.0,1599.0,1591.0,781.0,801.0,800.0,798.0,800.0,800.0
1.0,4812.0,2381.0,2398.0,2382.0,2381.0,790.0,803.0,788.0,798.0,800.0,800.0,790.0,803.0,788.0,1613.0,1599.0,1600.0,790.0,803.0,788.0,798.0,800.0,800.0
1.0,4813.0,2389.0,2398.0,2381.0,2389.0,782.0,806.0,801.0,797.0,801.0,800.0,785.0,803.0,801.0,1604.0,1597.0,1612.0,782.0,806.0,801.0,797.0,801.0,800.0
1.0,4805.0,2412.0,2399.0,2389.0,2415.0,814.0,810.0,791.0,798.0,801.0,800.0,811.0,810.0,791.0,1609.0,1597.0,1599.0,814.0,810.0,791.0,798.0,801.0,800.0
1.0,4782.0,2475.0,2399.0,2415.0,2475.0,823.0,830.0,822.0,798.0,801.0,800.0,823.0,830.0,822.0,1580.0,1593.0,1609.0,823.0,830.0,822.0,798.0,801.0,800.0
1.0,4722.0,2443.0,2401.0,2475.0,2449.0,821.0,817.0,811.0,798.0,802.0,801.0,821.0,814.0,808.0,1571.0,1573.0,1578.0,821.0,817.0,811.0,798.0,802.0,801.0
1.0,4754.0,2433.0,2400.0,2449.0,2430.0,814.0,811.0,805.0,798.0,801.0,801.0,814.0,814.0,805.0,1573.0,1589.0,1592.0,814.0,811.0,805.0,798.0,801.0,801.0
1.0,4770.0,2412.0,2400.0,2430.0,2412.0,809.0,806.0,797.0,798.0,801.0,801.0,809.0,806.0,797.0,1580.0,1592.0,1598.0,809.0,806.0,797.0,798.0,801.0,801.0
1.0,4788.0,2416.0,2401.0,2412.0,2419.0,825.0,809.0,785.0,799.0,802.0,800.0,822.0,806.0,788.0,1585.0,1597.0,1606.0,825.0,809.0,785.0,799.0,802.0,800.0
1.0,4784.0,2388.0,2401.0,2419.0,2388.0,812.0,786.0,790.0,800.0,801.0,800.0,809.0,789.0,790.0,1572.0,1597.0,1615.0,812.0,786.0,790.0,800.0,801.0,800.0
1.0,4815.0,2389.0,2401.0,2388.0,2389.0,796.0,792.0,801.0,800.0,801.0,800.0,796.0,792.0,801.0,1588.0,1617.0,1610.0,796.0,792.0,801.0,800.0,801.0,800.0
1.0,4814.0,2387.0,2401.0,2389.0,2387.0,798.0,790.0,799.0,800.0,801.0,800.0,798.0,790.0,799.0,1604.0,1611.0,1599.0,798.0,790.0,799.0,800.0,801.0,800.0
1.0,4816.0,2442.0,2404.0,2387.0,2451.0,815.0,814.0,822.0,801.0,802.0,801.0,812.0,811.0,819.0,1602.0,1613.0,1601.0,815.0,814.0,822.0,801.0,802.0,801.0
1.0,4761.0,2397.0,2404.0,2451.0,2397.0,793.0,794.0,810.0,801.0,802.0,801.0,793.0,794.0,810.0,1588.0,1592.0,1581.0,793.0,794.0,810.0,801.0,802.0,801.0
1.0,4815.0,2392.0,2404.0,2397.0,2392.0,799.0,791.0,802.0,801.0,802.0,801.0,799.0,791.0,802.0,1610.0,1612.0,1593.0,799.0,791.0,802.0,801.0,802.0,801.0
1.0,4820.0,2417.0,2406.0,2392.0,2423.0,793.0,806.0,824.0,801.0,803.0,802.0,793.0,803.0,821.0,1604.0,1615.0,1601.0,793.0,806.0,824.0,801.0,803.0,802.0
1.0,4795.0,2412.0,2406.0,2423.0,2412.0,797.0,809.0,806.0,801.0,803.0,802.0,797.0,809.0,806.0,1610.0,1603.0,1582.0,797.0,809.0,806.0,801.0,803.0,802.0
1.0,4806.0,2515.0,2408.0,2412.0,2521.0,825.0,844.0,852.0,801.0,804.0,803.0,825.0,841.0,849.0,1606.0,1600.0,1600.0,825.0,844.0,852.0,801.0,804.0,803.0
1.0,4703.0,2503.0,2410.0,2521.0,2509.0,838.0,833.0,838.0,802.0,804.0,804.0,835.0,833.0,835.0,1578.0,1568.0,1557.0,838.0,833.0,838.0,802.0,804.0,804.0
1.0,4721.0,2434.0,2410.0,2509.0,2434.0,810.0,813.0,811.0,802.0,804.0,804.0,810.0,813.0,811.0,1568.0,1579.0,1574.0,810.0,813.0,811.0,802.0,804.0,804.0
1.0,4796.0,2460.0,2410.0,2434.0,2460.0,820.0,820.0,820.0,802.0,804.0,804.0,820.0,820.0,820.0,1596.0,1599.0,1601.0,820.0,820.0,820.0,802.0,804.0,804.0
1.0,4770.0,2402.0,2410.0,2460.0,2402.0,803.0,804.0,795.0,802.0,804.0,804.0,803.0,804.0,795.0,1586.0,1592.0,1592.0,803.0,804.0,795.0,802.0,804.0,804.0
1.0,4828.0,2426.0,2411.0,2402.0,2429.0,821.0,804.0,804.0,803.0,804.0,804.0,818.0,804.0,804.0,1603.0,1608.0,1617.0,821.0,804.0,804.0,803.0,804.0,804.0
1.0,4804.0,2405.0,2412.0,2429.0,2408.0,798.0,802.0,808.0,803.0,804.0,805.0,798.0,802.0,805.0,1588.0,1608.0,1608.0,798.0,802.0,808.0,803.0,804.0,805.0
1.0,4828.0,2414.0,2413.0,2408.0,2417.0,812.0,808.0,797.0,804.0,804.0,805.0,809.0,808.0,797.0,1611.0,1610.0,1607.0,812.0,808.0,797.0,804.0,804.0,805.0
1.0,4822.0,2364.0,2413.0,2417.0,2364.0,785.0,787.0,792.0,804.0,804.0,805.0,785.0,787.0,792.0,1600.0,1604.0,1618.0,785.0,787.0,792.0,804.0,804.0,805.0
1.0,4875.0,2437.0,2414.0,2364.0,2440.0,806.0,826.0,808.0,804.0,805.0,805.0,806.0,823.0,808.0,1627.0,1625.0,1623.0,806.0,826.0,808.0,804.0,805.0,805.0
1.0,4802.0,2467.0,2415.0,2440.0,2470.0,830.0,823.0,817.0,805.0,805.0,805.0,827.0,823.0,817.0,1606.0,1589.0,1607.0,830.0,823.0,817.0,805.0,805.0,805.0
1.0,4775.0,2448.0,2416.0,2470.0,2451.0,808.0,823.0,820.0,805.0,806.0,805.0,808.0,820.0,820.0,1585.0,1592.0,1598.0,808.0,823.0,820.0,805.0,806.0,805.0
1.0,4797.0,2450.0,2417.0,2451.0,2453.0,811.0,814.0,828.0,805.0,806.0,806.0,811.0,814.0,825.0,1607.0,1595.0,1595.0,811.0,814.0,828.0,805.0,806.0,806.0
1.0,4798.0,2439.0,2417.0,2453.0,2439.0,819.0,800.0,820.0,805.0,806.0,806.0,819.0,800.0,820.0,1604.0,1604.0,1590.0,819.0,800.0,820.0,805.0,806.0,806.0
1.0,4812.0,2430.0,2419.0,2439.0,2436.0,814.0,815.0,807.0,806.0,807.0,806.0,811.0,812.0,807.0,1596.0,1618.0,1598.0,814.0,815.0,807.0,806.0,807.0,806.0
1.0,4821.0,2477.0,2420.0,2436.0,2480.0,821.0,829.0,830.0,806.0,807.0,807.0,821.0,829.0,827.0,1604.0,1606.0,1611.0,821.0,829.0,830.0,806.0,807.0,807.0
1.0,4780.0,2453.0,2421.0,2480.0,2456.0,820.0,805.0,831.0,807.0,807.0,807.0,817.0,805.0,831.0,1597.0,1592.0,1591.0,820.0,805.0,831.0,807.0,807.0,807.0
1.0,4807.0,2432.0,2422.0,2456.0,2435.0,807.0,822.0,806.0,807.0,808.0,807.0,807.0,819.0,806.0,1601.0,1616.0,1590.0,807.0,822.0,806.0,807.0,808.0,807.0
1.0,4831.0,2483.0,2423.0,2435.0,2486.0,837.0,816.0,833.0,807.0,808.0,808.0,837.0,816.0,830.0,1614.0,1602.0,1615.0,837.0,816.0,833.0,807.0,808.0,808.0
1.0,4783.0,2407.0,2424.0,2486.0,2410.0,802.0,797.0,811.0,808.0,808.0,808.0,799.0,797.0,811.0,1584.0,1608.0,1591.0,802.0,797.0,811.0,808.0,808.0,808.0
1.0,4862.0,2421.0,2425.0,2410.0,2424.0,805.0,811.0,808.0,808.0,808.0,809.0,805.0,811.0,805.0,1622.0,1627.0,1613.0,805.0,811.0,808.0,808.0,808.0,809.0
1.0,4851.0,2409.0,2425.0,2424.0,2409.0,801.0,797.0,811.0,808.0,808.0,809.0,801.0,797.0,811.0,1619.0,1613.0,1619.0,801.0,797.0,811.0,808.0,808.0,809.0
1.0,4866.0,2422.0,2425.0,2409.0,2422.0,802.0,812.0,808.0,808.0,808.0,809.0,802.0,812.0,808.0,1623.0,1627.0,1616.0,802.0,812.0,808.0,808.0,808.0,809.0
1.0,4853.0,2466.0,2427.0,2422.0,2472.0,827.0,831.0,814.0,809.0,809.0,809.0,824.0,828.0,814.0,1622.0,1612.0,1619.0,827.0,831.0,814.0,809.0,809.0,809.0
1.0,4809.0,2478.0,2428.0,2472.0,2481.0,827.0,831.0,823.0,809.0,809.0,810.0,827.0,831.0,820.0,1600.0,1596.0,1613.0,827.0,831.0,823.0,809.0,809.0,810.0
1.0,4803.0,2448.0,2429.0,2481.0,2451.0,822.0,819.0,810.0,810.0,809.0,810.0,819.0,819.0,810.0,1600.0,1596.0,1607.0,822.0,819.0,810.0,810.0,809.0,810.0
1.0,4836.0,2431.0,2429.0,2451.0,2431.0,804.0,826.0,801.0,809.0,810.0,810.0,807.0,823.0,801.0,1608.0,1608.0,1620.0,804.0,826.0,801.0,809.0,810.0,810.0
1.0,4856.0,2450.0,2429.0,2431.0,2450.0,814.0,815.0,821.0,809.0,810.0,810.0,814.0,815.0,821.0,1623.0,1604.0,1629.0,814.0,815.0,821.0,809.0,810.0,810.0
1.0,4837.0,2513.0,2430.0,2450.0,2516.0,832.0,831.0,853.0,809.0,810.0,811.0,832.0,831.0,850.0,1613.0,1615.0,1609.0,832.0,831.0,853.0,809.0,810.0,811.0
1.0,4774.0,2425.0,2429.0,2516.0,2422.0,804.0,823.0,795.0,809.0,810.0,810.0,804.0,823.0,798.0,1595.0,1599.0,1580.0,804.0,823.0,795.0,809.0,810.0,810.0
1.0,4865.0,2458.0,2431.0,2422.0,2464.0,833.0,809.0,822.0,810.0,810.0,811.0,830.0,809.0,819.0,1623.0,1607.0,1635.0,833.0,809.0,822.0,810.0,810.0,811.0
1.0,4829.0,2449.0,2431.0,2464.0,2449.0,817.0,812.0,820.0,810.0,810.0,811.0,817.0,812.0,820.0,1597.0,1621.0,1611.0,817.0,812.0,820.0,810.0,810.0,811.0
1.0,4844.0,2437.0,2431.0,2449.0,2437.0,826.0,823.0,788.0,810.0,811.0,810.0,826.0,820.0,791.0,1613.0,1618.0,1613.0,826.0,823.0,788.0,810.0,811.0,810.0
1.0,4856.0,2475.0,2433.0,2437.0,2481.0,829.0,820.0,832.0,811.0,811.0,811.0,826.0,820.0,829.0,1604.0,1610.0,1642.0,829.0,820.0,832.0,811.0,811.0,811.0
1.0,4818.0,2407.0,2433.0,2481.0,2407.0,805.0,789.0,813.0,811.0,811.0,811.0,805.0,789.0,813.0,1604.0,1613.0,1601.0,805.0,789.0,813.0,811.0,811.0,811.0
1.0,4892.0,2416.0,2433.0,2407.0,2416.0,812.0,804.0,800.0,811.0,811.0,811.0,812.0,804.0,800.0,1628.0,1644.0,1620.0,812.0,804.0,800.0,811.0,811.0,811.0
1.0,4883.0,2443.0,2434.0,2416.0,2446.0,811.0,819.0,816.0,812.0,811.0,811.0,808.0,819.0,816.0,1621.0,1629.0,1633.0,811.0,819.0,816.0,812.0,811.0,811.0
1.0,4856.0,2480.0,2437.0,2446.0,2489.0,834.0,831.0,824.0,813.0,812.0,812.0,831.0,828.0,821.0,1625.0,1614.0,1617.0,834.0,831.0,824.0,813.0,812.0,812.0
1.0,4822.0,2468.0,2437.0,2489.0,2468.0,803.0,828.0,837.0,812.0,812.0,813.0,806.0,828.0,834.0,1605.0,1605.0,1612.0,803.0,828.0,837.0,812.0,812.0,813.0
1.0,4843.0,2509.0,2438.0,2468.0,2512.0,831.0,838.0,843.0,813.0,812.0,813.0,828.0,838.0,843.0,1633.0,1608.0,1602.0,831.0,838.0,843.0,813.0,812.0,813.0
1.0,4802.0,2484.0,2438.0,2512.0,2484.0,815.0,840.0,829.0,812.0,813.0,813.0,818.0,837.0,829.0,1608.0,1598.0,1596.0,815.0,840.0,829.0,812.0,813.0,813.0
1.0,4830.0,2502.0,2440.0,2484.0,2508.0,819.0,839.0,850.0,813.0,813.0,814.0,816.0,839.0,847.0,1621.0,1599.0,1610.0,819.0,839.0,850.0,813.0,813.0,814.0
1.0,4812.0,2472.0,2442.0,2508.0,2478.0,819.0,835.0,824.0,813.0,814.0,815.0,819.0,832.0,821.0,1620.0,1600.0,1592.0,819.0,835.0,824.0,813.0,814.0,815.0
1.0,4848.0,2459.0,2442.0,2478.0,2459.0,819.0,824.0,816.0,813.0,814.0,815.0,819.0,824.0,816.0,1620.0,1607.0,1621.0,819.0,824.0,816.0,813.0,814.0,815.0
1.0,4867.0,2409.0,2442.0,2459.0,2409.0,812.0,801.0,796.0,813.0,814.0,815.0,812.0,801.0,796.0,1620.0,1618.0,1629.0,812.0,801.0,796.0,813.0,814.0,815.0
1.0,4917.0,2418.0,2443.0,2409.0,2421.0,805.0,811.0,805.0,813.0,815.0,815.0,805.0,808.0,805.0,1627.0,1641.0,1649.0,805.0,811.0,805.0,813.0,815.0,815.0
1.0,4908.0,2434.0,2443.0,2421.0,2434.0,825.0,814.0,795.0,813.0,815.0,815.0,825.0,814.0,795.0,1634.0,1634.0,1640.0,825.0,814.0,795.0,813.0,815.0,815.0
1.0,4895.0,2423.0,2444.0,2434.0,2426.0,823.0,811.0,792.0,814.0,815.0,815.0,820.0,811.0,792.0,1614.0,1631.0,1650.0,823.0,811.0,792.0,814.0,815.0,815.0
1.0,4906.0,2424.0,2444.0,2426.0,2424.0,814.0,804.0,806.0,814.0,815.0,815.0,814.0,804.0,806.0,1619.0,1634.0,1653.0,814.0,804.0,806.0,814.0,815.0,815.0
1.0,4908.0,2417.0,2445.0,2424.0,2420.0,809.0,810.0,801.0,814.0,816.0,815.0,809.0,807.0,801.0,1628.0,1641.0,1639.0,809.0,810.0,801.0,814.0,816.0,815.0
1.0,4915.0,2413.0,2445.0,2420.0,2413.0,815.0,796.0,802.0,815.0,816.0,814.0,812.0,796.0,805.0,1633.0,1638.0,1644.0,815.0,796.0,802.0,815.0,816.0,814.0
1.0,4922.0,2423.0,2446.0,2413.0,2426.0,801.0,810.0,815.0,815.0,816.0,815.0,801.0,810.0,812.0,1630.0,1652.0,1640.0,801.0,810.0,815.0,815.0,816.0,815.0
1.0,4912.0,2480.0,2444.0,2426.0,2474.0,829.0,827.0,818.0,815.0,815.0,814.0,829.0,830.0,821.0,1644.0,1638.0,1630.0,829.0,827.0,818.0,815.0,815.0,814.0
1.0,4858.0,2491.0,2444.0,2474.0,2491.0,826.0,836.0,829.0,815.0,815.0,814.0,826.0,836.0,829.0,1616.0,1618.0,1624.0,826.0,836.0,829.0,815.0,815.0,814.0
1.0,4841.0,2464.0,2445.0,2491.0,2467.0,816.0,823.0,828.0,815.0,816.0,814.0,816.0,820.0,828.0,1619.0,1609.0,1613.0,816.0,823.0,828.0,815.0,816.0,814.0
1.0,4868.0,2451.0,2444.0,2467.0,2448.0,802.0,829.0,817.0,814.0,816.0,814.0,805.0,829.0,817.0,1629.0,1625.0,1614.0,802.0,829.0,817.0,814.0,816.0,814.0
1.0,4884.0,2486.0,2446.0,2448.0,2492.0,822.0,831.0,839.0,815.0,816.0,815.0,819.0,831.0,836.0,1640.0,1619.0,1625.0,822.0,831.0,839.0,815.0,816.0,815.0
1.0,4846.0,2471.0,2447.0,2492.0,2474.0,827.0,836.0,811.0,815.0,817.0,815.0,827.0,833.0,811.0,1623.0,1617.0,1606.0,827.0,836.0,811.0,815.0,817.0,815.0
1.0,4867.0,2419.0,2447.0,2474.0,2419.0,811.0,797.0,811.0,815.0,817.0,815.0,811.0,797.0,811.0,1618.0,1615.0,1634.0,811.0,797.0,811.0,815.0,817.0,815.0
1.0,4922.0,2444.0,2448.0,2419.0,2447.0,819.0,798.0,830.0,815.0,817.0,816.0,819.0,798.0,827.0,1634.0,1654.0,1634.0,819.0,798.0,830.0,815.0,817.0,816.0
1.0,4897.0,2425.0,2449.0,2447.0,2428.0,815.0,799.0,814.0,816.0,817.0,816.0,812.0,799.0,814.0,1626.0,1653.0,1618.0,815.0,799.0,814.0,816.0,817.0,816.0
1.0,4919.0,2445.0,2449.0,2428.0,2445.0,820.0,815.0,810.0,816.0,817.0,816.0,820.0,815.0,810.0,1633.0,1652.0,1634.0,820.0,815.0,810.0,816.0,817.0,816.0
1.0,4902.0,2423.0,2448.0,2445.0,2420.0,818.0,792.0,810.0,816.0,816.0,816.0,818.0,795.0,810.0,1628.0,1636.0,1638.0,818.0,792.0,810.0,816.0,816.0,816.0
1.0,4924.0,2431.0,2448.0,2420.0,2431.0,814.0,810.0,807.0,816.0,816.0,816.0,814.0,810.0,807.0,1630.0,1656.0,1638.0,814.0,810.0,807.0,816.0,816.0,816.0
1.0,4913.0,2467.0,2448.0,2431.0,2467.0,827.0,815.0,825.0,816.0,816.0,816.0,827.0,815.0,825.0,1634.0,1638.0,1641.0,827.0,815.0,825.0,816.0,816.0,816.0
1.0,4877.0,2401.0,2448.0,2467.0,2401.0,795.0,802.0,804.0,816.0,816.0,816.0,795.0,802.0,804.0,1621.0,1633.0,1623.0,795.0,802.0,804.0,816.0,816.0,816.0
1.0,4943.0,2470.0,2448.0,2401.0,2470.0,825.0,824.0,821.0,816.0,816.0,816.0,825.0,824.0,821.0,1653.0,1646.0,1644.0,825.0,824.0,821.0,816.0,816.0,816.0
1.0,4874.0,2451.0,2448.0,2470.0,2451.0,823.0,815.0,813.0,816.0,816.0,816.0,823.0,815.0,813.0,1623.0,1624.0,1627.0,823.0,815.0,813.0,816.0,816.0,816.0
1.0,4893.0,2470.0,2447.0,2451.0,2467.0,834.0,820.0,813.0,816.0,816.0,815.0,834.0,820.0,816.0,1625.0,1633.0,1635.0,834.0,820.0,813.0,816.0,816.0,815.0
1.0,4874.0,2472.0,2449.0,2467.0,2478.0,827.0,830.0,821.0,817.0,816.0,816.0,824.0,830.0,818.0,1614.0,1628.0,1632.0,827.0,830.0,821.0,817.0,816.0,816.0
1.0,4869.0,2429.0,2447.0,2478.0,2423.0,810.0,810.0,803.0,816.0,816.0,815.0,813.0,810.0,806.0,1624.0,1618.0,1627.0,810.0,810.0,803.0,816.0,816.0,815.0
1.0,4918.0,2435.0,2448.0,2423.0,2438.0,805.0,820.0,813.0,816.0,817.0,815.0,805.0,817.0,813.0,1638.0,1638.0,1642.0,805.0,820.0,813.0,816.0,817.0,815.0
1.0,4906.0,2458.0,2449.0,2438.0,2461.0,822.0,827.0,812.0,817.0,817.0,815.0,819.0,827.0,812.0,1643.0,1631.0,1632.0,822.0,827.0,812.0,817.0,817.0,815.0
1.0,4886.0,2453.0,2449.0,2461.0,2453.0,817.0,824.0,812.0,817.0,817.0,815.0,817.0,824.0,812.0,1629.0,1624.0,1633.0,817.0,824.0,812.0,817.0,817.0,815.0
1.0,4894.0,2416.0,2449.0,2453.0,2416.0,812.0,802.0,802.0,817.0,817.0,815.0,812.0,802.0,802.0,1634.0,1627.0,1633.0,812.0,802.0,802.0,817.0,817.0,815.0
1.0,4931.0,2439.0,2449.0,2416.0,2439.0,816.0,817.0,806.0,817.0,817.0,815.0,816.0,817.0,806.0,1639.0,1649.0,1643.0,816.0,817.0,806.0,817.0,817.0,815.0
1.0,4908.0,2458.0,2449.0,2439.0,2458.0,823.0,823.0,812.0,817.0,817.0,815.0,823.0,823.0,812.0,1635.0,1634.0,1639.0,823.0,823.0,812.0,817.0,817.0,815.0
1.0,4889.0,2512.0,2451.0,2458.0,2518.0,848.0,821.0,849.0,818.0,817.0,816.0,845.0,821.0,846.0,1628.0,1628.0,1633.0,848.0,821.0,849.0,818.0,817.0,816.0
1.0,4835.0,2516.0,2451.0,2518.0,2516.0,840.0,833.0,843.0,818.0,817.0,816.0,840.0,833.0,843.0,1606.0,1630.0,1599.0,840.0,833.0,843.0,818.0,817.0,816.0
1.0,4837.0,2509.0,2453.0,2516.0,2515.0,839.0,826.0,850.0,819.0,817.0,817.0,836.0,826.0,847.0,1614.0,1618.0,1605.0,839.0,826.0,850.0,819.0,817.0,817.0
1.0,4844.0,2521.0,2453.0,2515.0,2521.0,846.0,827.0,848.0,819.0,817.0,817.0,846.0,827.0,848.0,1618.0,1625.0,1601.0,846.0,827.0,848.0,819.0,817.0,817.0
1.0,4838.0,2521.0,2455.0,2521.0,2527.0,845.0,833.0,849.0,820.0,817.0,818.0,842.0,833.0,846.0,1611.0,1624.0,1603.0,845.0,833.0,849.0,820.0,817.0,818.0
1.0,4838.0,2484.0,2455.0,2527.0,2484.0,821.0,833.0,830.0,819.0,818.0,818.0,824.0,830.0,830.0,1615.0,1618.0,1605.0,821.0,833.0,830.0,819.0,818.0,818.0
1.0,4881.0,2483.0,2456.0,2484.0,2486.0,828.0,830.0,828.0,820.0,818.0,818.0,825.0,830.0,828.0,1636.0,1621.0,1624.0,828.0,830.0,828.0,820.0,818.0,818.0
1.0,4882.0,2480.0,2457.0,2486.0,2483.0,813.0,841.0,829.0,819.0,819.0,819.0,816.0,838.0,826.0,1632.0,1624.0,1626.0,813.0,841.0,829.0,819.0,819.0,819.0
1.0,4888.0,2450.0,2456.0,2483.0,2447.0,815.0,824.0,808.0,819.0,819.0,818.0,815.0,824.0,811.0,1644.0,1616.0,1628.0,815.0,824.0,808.0,819.0,819.0,818.0
1.0,4921.0,2463.0,2457.0,2447.0,2466.0,817.0,837.0,812.0,819.0,820.0,818.0,817.0,834.0,812.0,1642.0,1633.0,1646.0,817.0,837.0,812.0,819.0,820.0,818.0
1.0,4905.0,2469.0,2459.0,2466.0,2475.0,822.0,830.0,823.0,820.0,820.0,819.0,819.0,830.0,820.0,1640.0,1623.0,1642.0,822.0,830.0,823.0,820.0,820.0,819.0
1.0,4902.0,2489.0,2460.0,2475.0,2492.0,830.0,848.0,814.0,820.0,821.0,819.0,830.0,845.0,814.0,1638.0,1630.0,1634.0,830.0,848.0,814.0,820.0,821.0,819.0
1.0,4888.0,2475.0,2460.0,2492.0,2475.0,826.0,833.0,816.0,820.0,821.0,819.0,826.0,833.0,816.0,1630.0,1615.0,1643.0,826.0,833.0,816.0,820.0,821.0,819.0
1.0,4905.0,2507.0,2461.0,2475.0,2510.0,845.0,837.0,828.0,821.0,821.0,819.0,842.0,837.0,828.0,1634.0,1630.0,1641.0,845.0,837.0,828.0,821.0,821.0,819.0
1.0,4873.0,2455.0,2459.0,2510.0,2449.0,836.0,818.0,795.0,821.0,820.0,818.0,836.0,821.0,798.0,1618.0,1626.0,1629.0,836.0,818.0,795.0,821.0,820.0,818.0
1.0,4928.0,2505.0,2459.0,2449.0,2505.0,847.0,835.0,823.0,821.0,820.0,818.0,847.0,835.0,823.0,1627.0,1642.0,1659.0,847.0,835.0,823.0,821.0,820.0,818.0
1.0,4872.0,2514.0,2460.0,2505.0,2517.0,840.0,830.0,847.0,822.0,820.0,818.0,837.0,830.0,847.0,1616.0,1625.0,1631.0,840.0,830.0,847.0,822.0,820.0,818.0
1.0,4863.0,2516.0,2460.0,2517.0,2516.0,838.0,841.0,837.0,822.0,820.0,818.0,838.0,841.0,837.0,1626.0,1630.0,1607.0,838.0,841.0,837.0,822.0,820.0,818.0
1.0,4864.0,2481.0,2460.0,2516.0,2481.0,830.0,818.0,833.0,822.0,820.0,818.0,830.0,818.0,833.0,1628.0,1619.0,1617.0,830.0,818.0,833.0,822.0,820.0,818.0
1.0,4899.0,2486.0,2463.0,2481.0,2495.0,837.0,821.0,837.0,823.0,821.0,819.0,834.0,818.0,834.0,1636.0,1642.0,1621.0,837.0,821.0,837.0,823.0,821.0,819.0
1.0,4894.0,2505.0,2464.0,2495.0,2508.0,831.0,831.0,846.0,823.0,821.0,820.0,831.0,831.0,843.0,1632.0,1642.0,1620.0,831.0,831.0,846.0,823.0,821.0,820.0
1.0,4884.0,2438.0,2464.0,2508.0,2438.0,812.0,803.0,823.0,823.0,821.0,820.0,812.0,803.0,823.0,1638.0,1632.0,1614.0,812.0,803.0,823.0,823.0,821.0,820.0
1.0,4954.0,2439.0,2465.0,2438.0,2442.0,806.0,811.0,825.0,823.0,821.0,821.0,806.0,811.0,822.0,1657.0,1660.0,1637.0,806.0,811.0,825.0,823.0,821.0,821.0
1.0,4953.0,2469.0,2465.0,2442.0,2469.0,825.0,816.0,828.0,823.0,821.0,821.0,825.0,816.0,828.0,1663.0,1652.0,1638.0,825.0,816.0,828.0,823.0,821.0,821.0
1.0,4926.0,2484.0,2467.0,2469.0,2490.0,820.0,841.0,829.0,823.0,822.0,822.0,820.0,838.0,826.0,1644.0,1647.0,1635.0,820.0,841.0,829.0,823.0,822.0,822.0
1.0,4911.0,2491.0,2468.0,2490.0,2494.0,845.0,825.0,824.0,824.0,822.0,822.0,842.0,825.0,824.0,1649.0,1625.0,1637.0,845.0,825.0,824.0,824.0,822.0,822.0
1.0,4910.0,2463.0,2468.0,2494.0,2463.0,827.0,823.0,813.0,824.0,822.0,822.0,827.0,823.0,813.0,1627.0,1641.0,1642.0,827.0,823.0,813.0,824.0,822.0,822.0
1.0,4941.0,2501.0,2469.0,2463.0,2504.0,830.0,835.0,839.0,824.0,823.0,822.0,830.0,832.0,839.0,1645.0,1643.0,1653.0,830.0,835.0,839.0,824.0,823.0,822.0
1.0,4903.0,2528.0,2470.0,2504.0,2531.0,851.0,846.0,834.0,825.0,823.0,822.0,848.0,846.0,834.0,1642.0,1634.0,1627.0,851.0,846.0,834.0,825.0,823.0,822.0
1.0,4879.0,2558.0,2471.0,2531.0,2561.0,856.0,858.0,847.0,825.0,823.0,823.0,856.0,858.0,844.0,1624.0,1623.0,1632.0,856.0,858.0,847.0,825.0,823.0,823.0
1.0,4852.0,2484.0,2473.0,2561.0,2490.0,836.0,837.0,817.0,826.0,824.0,823.0,833.0,834.0,817.0,1619.0,1611.0,1622.0,836.0,837.0,817.0,826.0,824.0,823.0
1.0,4929.0,2516.0,2473.0,2490.0,2516.0,843.0,851.0,822.0,826.0,824.0,823.0,843.0,851.0,822.0,1642.0,1635.0,1652.0,843.0,851.0,822.0,826.0,824.0,823.0
1.0,4903.0,2456.0,2473.0,2516.0,2456.0,816.0,827.0,813.0,826.0,824.0,823.0,816.0,827.0,813.0,1635.0,1621.0,1647.0,816.0,827.0,813.0,826.0,824.0,823.0
1.0,4963.0,2477.0,2474.0,2456.0,2480.0,825.0,836.0,819.0,826.0,825.0,823.0,825.0,833.0,819.0,1662.0,1645.0,1656.0,825.0,836.0,819.0,826.0,825.0,823.0
1.0,4942.0,2457.0,2474.0,2480.0,2457.0,830.0,820.0,807.0,827.0,825.0,822.0,827.0,820.0,810.0,1653.0,1639.0,1650.0,830.0,820.0,807.0,827.0,825.0,822.0
1.0,4965.0,2459.0,2475.0,2457.0,2462.0,815.0,819.0,828.0,827.0,825.0,823.0,815.0,819.0,825.0,1651.0,1655.0,1659.0,815.0,819.0,828.0,827.0,825.0,823.0
1.0,4963.0,2430.0,2474.0,2462.0,2427.0,803.0,803.0,821.0,826.0,825.0,823.0,806.0,803.0,821.0,1666.0,1656.0,1641.0,803.0,803.0,821.0,826.0,825.0,823.0
1.0,4995.0,2475.0,2474.0,2427.0,2475.0,821.0,813.0,841.0,826.0,825.0,823.0,821.0,813.0,841.0,1675.0,1672.0,1648.0,821.0,813.0,841.0,826.0,825.0,823.0
1.0,4947.0,2529.0,2477.0,2475.0,2538.0,843.0,842.0,853.0,827.0,826.0,824.0,840.0,839.0,850.0,1657.0,1662.0,1628.0,843.0,842.0,853.0,827.0,826.0,824.0
1.0,4893.0,2514.0,2478.0,2538.0,2517.0,831.0,826.0,860.0,827.0,826.0,825.0,831.0,826.0,857.0,1638.0,1636.0,1619.0,831.0,826.0,860.0,827.0,826.0,825.0
1.0,4917.0,2492.0,2481.0,2517.0,2501.0,835.0,823.0,843.0,828.0,827.0,826.0,832.0,820.0,840.0,1650.0,1652.0,1615.0,835.0,823.0,843.0,828.0,827.0,826.0
1.0,4942.0,2519.0,2481.0,2501.0,2519.0,849.0,833.0,837.0,828.0,827.0,826.0,849.0,833.0,837.0,1649.0,1658.0,1635.0,849.0,833.0,837.0,828.0,827.0,826.0
1.0,4924.0,2483.0,2481.0,2519.0,2483.0,831.0,825.0,827.0,828.0,827.0,826.0,831.0,825.0,827.0,1635.0,1648.0,1641.0,831.0,825.0,827.0,828.0,827.0,826.0
1.0,4960.0,2555.0,2483.0,2483.0,2561.0,865.0,848.0,848.0,829.0,827.0,827.0,862.0,848.0,845.0,1653.0,1656.0,1651.0,865.0,848.0,848.0,829.0,827.0,827.0
1.0,4888.0,2514.0,2484.0,2561.0,2517.0,849.0,843.0,825.0,829.0,828.0,827.0,849.0,840.0,825.0,1622.0,1633.0,1633.0,849.0,843.0,825.0,829.0,828.0,827.0
1.0,4935.0,2547.0,2486.0,2517.0,2553.0,849.0,866.0,838.0,830.0,829.0,827.0,846.0,863.0,838.0,1638.0,1641.0,1656.0,849.0,866.0,838.0,830.0,829.0,827.0
1.0,4905.0,2476.0,2487.0,2553.0,2479.0,823.0,836.0,820.0,830.0,829.0,828.0,823.0,836.0,817.0,1641.0,1621.0,1643.0,823.0,836.0,820.0,830.0,829.0,828.0
1.0,4982.0,2471.0,2488.0,2479.0,2474.0,833.0,815.0,826.0,831.0,829.0,828.0,830.0,815.0,826.0,1667.0,1651.0,1664.0,833.0,815.0,826.0,831.0,829.0,828.0
1.0,4990.0,2484.0,2488.0,2474.0,2484.0,827.0,833.0,824.0,831.0,829.0,828.0,827.0,833.0,824.0,1660.0,1672.0,1658.0,827.0,833.0,824.0,831.0,829.0,828.0
1.0,4980.0,2502.0,2490.0,2484.0,2508.0,835.0,842.0,831.0,831.0,830.0,829.0,835.0,839.0,828.0,1666.0,1654.0,1660.0,835.0,842.0,831.0,831.0,830.0,829.0
1.0,4962.0,2481.0,2490.0,2508.0,2481.0,826.0,832.0,823.0,831.0,830.0,829.0,826.0,832.0,823.0,1658.0,1648.0,1656.0,826.0,832.0,823.0,831.0,830.0,829.0
1.0,4989.0,2446.0,2490.0,2481.0,2446.0,814.0,809.0,823.0,831.0,830.0,829.0,814.0,809.0,823.0,1667.0,1658.0,1664.0,814.0,809.0,823.0,831.0,830.0,829.0
1.0,5024.0,2485.0,2490.0,2446.0,2485.0,838.0,822.0,825.0,831.0,830.0,829.0,838.0,822.0,825.0,1679.0,1681.0,1664.0,838.0,822.0,825.0,831.0,830.0,829.0
1.0,4985.0,2529.0,2490.0,2485.0,2529.0,858.0,833.0,838.0,831.0,830.0,829.0,858.0,833.0,838.0,1655.0,1668.0,1662.0,858.0,833.0,838.0,831.0,830.0,829.0
1.0,4941.0,2551.0,2491.0,2529.0,2554.0,867.0,839.0,848.0,832.0,830.0,829.0,864.0,839.0,848.0,1635.0,1657.0,1649.0,867.0,839.0,848.0,832.0,830.0,829.0
1.0,4919.0,2512.0,2490.0,2554.0,2509.0,839.0,838.0,832.0,832.0,830.0,828.0,839.0,838.0,835.0,1629.0,1651.0,1639.0,839.0,838.0,832.0,832.0,830.0,828.0
1.0,4961.0,2504.0,2490.0,2509.0,2504.0,841.0,830.0,833.0,832.0,830.0,828.0,841.0,830.0,833.0,1657.0,1652.0,1652.0,841.0,830.0,833.0,832.0,830.0,828.0
1.0,4966.0,2542.0,2490.0,2504.0,2542.0,847.0,843.0,852.0,832.0,830.0,828.0,847.0,843.0,852.0,1655.0,1660.0,1651.0,847.0,843.0,852.0,832.0,830.0,828.0
1.0,4928.0,2532.0,2493.0,2542.0,2541.0,843.0,844.0,854.0,833.0,831.0,829.0,840.0,841.0,851.0,1649.0,1647.0,1632.0,843.0,844.0,854.0,833.0,831.0,829.0
1.0,4938.0,2489.0,2492.0,2541.0,2486.0,828.0,829.0,829.0,833.0,830.0,829.0,828.0,832.0,829.0,1656.0,1649.0,1633.0,828.0,829.0,829.0,833.0,830.0,829.0
1.0,4990.0,2515.0,2494.0,2486.0,2521.0,834.0,840.0,847.0,833.0,831.0,830.0,834.0,837.0,844.0,1671.0,1661.0,1658.0,834.0,840.0,847.0,833.0,831.0,830.0
1.0,4961.0,2464.0,2493.0,2521.0,2461.0,822.0,818.0,821.0,833.0,830.0,830.0,822.0,821.0,821.0,1665.0,1653.0,1643.0,822.0,818.0,821.0,833.0,830.0,830.0
1.0,5018.0,2525.0,2495.0,2461.0,2531.0,837.0,842.0,852.0,834.0,831.0,830.0,834.0,839.0,852.0,1677.0,1672.0,1669.0,837.0,842.0,852.0,834.0,831.0,830.0
1.0,4954.0,2501.0,2495.0,2531.0,2501.0,830.0,832.0,839.0,834.0,830.0,831.0,830.0,835.0,836.0,1665.0,1651.0,1638.0,830.0,832.0,839.0,834.0,830.0,831.0
1.0,4984.0,2447.0,2494.0,2501.0,2444.0,805.0,816.0,823.0,833.0,830.0,831.0,808.0,816.0,823.0,1672.0,1658.0,1654.0,805.0,816.0,823.0,833.0,830.0,831.0
1.0,5038.0,2493.0,2494.0,2444.0,2493.0,831.0,823.0,839.0,833.0,830.0,831.0,831.0,823.0,839.0,1694.0,1674.0,1670.0,831.0,823.0,839.0,833.0,830.0,831.0
1.0,4989.0,2501.0,2495.0,2493.0,2504.0,832.0,834.0,838.0,833.0,830.0,832.0,832.0,834.0,835.0,1668.0,1667.0,1654.0,832.0,834.0,838.0,833.0,830.0,832.0
1.0,4981.0,2505.0,2495.0,2504.0,2505.0,834.0,842.0,829.0,833.0,830.0,832.0,834.0,842.0,829.0,1667.0,1656.0,1658.0,834.0,842.0,829.0,833.0,830.0,832.0
1.0,4980.0,2532.0,2495.0,2505.0,2532.0,845.0,840.0,847.0,833.0,830.0,832.0,845.0,840.0,847.0,1665.0,1648.0,1667.0,845.0,840.0,847.0,833.0,830.0,832.0
1.0,4953.0,2519.0,2495.0,2532.0,2519.0,848.0,837.0,834.0,833.0,830.0,832.0,848.0,837.0,834.0,1654.0,1650.0,1649.0,848.0,837.0,834.0,833.0,830.0,832.0
1.0,4966.0,2524.0,2496.0,2519.0,2527.0,851.0,844.0,832.0,833.0,831.0,832.0,851.0,841.0,832.0,1651.0,1653.0,1662.0,851.0,844.0,832.0,833.0,831.0,832.0
1.0,4961.0,2497.0,2496.0,2527.0,2497.0,834.0,830.0,833.0,833.0,831.0,832.0,834.0,830.0,833.0,1648.0,1649.0,1664.0,834.0,830.0,833.0,833.0,831.0,832.0
1.0,4991.0,2508.0,2497.0,2497.0,2511.0,852.0,821.0,838.0,834.0,831.0,832.0,849.0,821.0,838.0,1665.0,1663.0,1663.0,852.0,821.0,838.0,834.0,831.0,832.0
1.0,4980.0,2499.0,2497.0,2511.0,2499.0,837.0,825.0,837.0,834.0,831.0,832.0,837.0,825.0,837.0,1650.0,1672.0,1658.0,837.0,825.0,837.0,834.0,831.0,832.0
1.0,4992.0,2504.0,2499.0,2499.0,2510.0,836.0,835.0,839.0,835.0,832.0,832.0,833.0,832.0,839.0,1665.0,1668.0,1659.0,836.0,835.0,839.0,835.0,832.0,832.0
1.0,4987.0,2524.0,2500.0,2510.0,2527.0,836.0,839.0,852.0,835.0,832.0,833.0,836.0,839.0,849.0,1669.0,1661.0,1657.0,836.0,839.0,852.0,835.0,832.0,833.0
1.0,4973.0,2529.0,2500.0,2527.0,2529.0,837.0,844.0,848.0,835.0,832.0,833.0,837.0,844.0,848.0,1669.0,1657.0,1647.0,837.0,844.0,848.0,835.0,832.0,833.0
1.0,4971.0,2548.0,2502.0,2529.0,2554.0,837.0,853.0,864.0,835.0,833.0,834.0,837.0,850.0,861.0,1668.0,1652.0,1651.0,837.0,853.0,864.0,835.0,833.0,834.0
1.0,4952.0,2487.0,2502.0,2554.0,2487.0,822.0,842.0,823.0,835.0,833.0,834.0,822.0,842.0,823.0,1668.0,1646.0,1638.0,822.0,842.0,823.0,835.0,833.0,834.0
1.0,5019.0,2532.0,2503.0,2487.0,2535.0,830.0,858.0,847.0,835.0,834.0,834.0,830.0,855.0,847.0,1683.0,1657.0,1679.0,830.0,858.0,847.0,835.0,834.0,834.0
1.0,4974.0,2561.0,2504.0,2535.0,2564.0,847.0,851.0,866.0,835.0,834.0,835.0,847.0,851.0,863.0,1675.0,1644.0,1655.0,847.0,851.0,866.0,835.0,834.0,835.0
1.0,4948.0,2556.0,2504.0,2564.0,2556.0,846.0,862.0,848.0,835.0,834.0,835.0,846.0,862.0,848.0,1658.0,1651.0,1639.0,846.0,862.0,848.0,835.0,834.0,835.0
1.0,4956.0,2571.0,2505.0,2556.0,2574.0,864.0,860.0,850.0,835.0,834.0,836.0,864.0,860.0,847.0,1659.0,1640.0,1657.0,864.0,860.0,850.0,835.0,834.0,836.0
1.0,4941.0,2495.0,2505.0,2574.0,2495.0,836.0,833.0,826.0,835.0,834.0,836.0,836.0,833.0,826.0,1641.0,1642.0,1658.0,836.0,833.0,826.0,835.0,834.0,836.0
1.0,5020.0,2521.0,2506.0,2495.0,2524.0,845.0,829.0,850.0,836.0,834.0,836.0,842.0,829.0,850.0,1669.0,1669.0,1682.0,845.0,829.0,850.0,836.0,834.0,836.0
1.0,4994.0,2460.0,2506.0,2524.0,2460.0,828.0,827.0,805.0,836.0,834.0,836.0,828.0,827.0,805.0,1663.0,1673.0,1658.0,828.0,827.0,805.0,836.0,834.0,836.0
1.0,5058.0,2499.0,2506.0,2460.0,2499.0,835.0,833.0,831.0,836.0,834.0,836.0,835.0,833.0,831.0,1680.0,1675.0,1703.0,835.0,833.0,831.0,836.0,834.0,836.0
1.0,5019.0,2521.0,2508.0,2499.0,2527.0,859.0,831.0,837.0,837.0,834.0,837.0,856.0,831.0,834.0,1673.0,1669.0,1677.0,859.0,831.0,837.0,837.0,834.0,837.0
1.0,4997.0,2470.0,2508.0,2527.0,2470.0,821.0,837.0,812.0,837.0,835.0,836.0,821.0,834.0,815.0,1652.0,1671.0,1674.0,821.0,837.0,812.0,837.0,835.0,836.0
1.0,5054.0,2499.0,2508.0,2470.0,2499.0,839.0,833.0,827.0,837.0,835.0,836.0,839.0,833.0,827.0,1690.0,1668.0,1696.0,839.0,833.0,827.0,837.0,835.0,836.0
1.0,5025.0,2559.0,2510.0,2499.0,2565.0,847.0,868.0,850.0,838.0,836.0,836.0,844.0,865.0,850.0,1672.0,1672.0,1681.0,847.0,868.0,850.0,838.0,836.0,836.0
1.0,4965.0,2514.0,2509.0,2565.0,2511.0,820.0,850.0,841.0,837.0,836.0,836.0,823.0,850.0,841.0,1667.0,1640.0,1658.0,820.0,850.0,841.0,837.0,836.0,836.0
1.0,5016.0,2491.0,2509.0,2511.0,2491.0,824.0,835.0,832.0,837.0,836.0,836.0,824.0,835.0,832.0,1691.0,1658.0,1667.0,824.0,835.0,832.0,837.0,836.0,836.0
1.0,5036.0,2525.0,2510.0,2491.0,2528.0,833.0,843.0,852.0,837.0,837.0,836.0,833.0,840.0,852.0,1687.0,1673.0,1676.0,833.0,843.0,852.0,837.0,837.0,836.0
1.0,5002.0,2536.0,2510.0,2528.0,2536.0,837.0,858.0,841.0,837.0,837.0,836.0,837.0,858.0,841.0,1678.0,1668.0,1656.0,837.0,858.0,841.0,837.0,837.0,836.0
1.0,4994.0,2514.0,2509.0,2536.0,2511.0,830.0,838.0,843.0,836.0,837.0,836.0,833.0,838.0,843.0,1674.0,1653.0,1667.0,830.0,838.0,843.0,836.0,837.0,836.0
1.0,5016.0,2566.0,2511.0,2511.0,2572.0,856.0,852.0,864.0,837.0,837.0,837.0,853.0,852.0,861.0,1678.0,1673.0,1665.0,856.0,852.0,864.0,837.0,837.0,837.0
1.0,4961.0,2522.0,2510.0,2572.0,2519.0,840.0,830.0,849.0,836.0,837.0,837.0,843.0,830.0,849.0,1655.0,1659.0,1647.0,840.0,830.0,849.0,836.0,837.0,837.0
1.0,5011.0,2547.0,2512.0,2519.0,2553.0,849.0,848.0,856.0,837.0,837.0,838.0,846.0,848.0,853.0,1668.0,1681.0,1662.0,849.0,848.0,856.0,837.0,837.0,838.0
1.0,4983.0,2512.0,2512.0,2553.0,2512.0,840.0,831.0,841.0,837.0,837.0,838.0,840.0,831.0,841.0,1662.0,1663.0,1658.0,840.0,831.0,841.0,837.0,837.0,838.0
1.0,5024.0,2504.0,2512.0,2512.0,2504.0,837.0,837.0,830.0,837.0,837.0,838.0,837.0,837.0,830.0,1671.0,1680.0,1673.0,837.0,837.0,830.0,837.0,837.0,838.0
1.0,5032.0,2509.0,2512.0,2504.0,2509.0,836.0,837.0,836.0,837.0,837.0,838.0,836.0,837.0,836.0,1674.0,1674.0,1684.0,836.0,837.0,836.0,837.0,837.0,838.0
1.0,5027.0,2546.0,2514.0,2509.0,2552.0,855.0,835.0,862.0,838.0,837.0,839.0,852.0,835.0,859.0,1675.0,1674.0,1678.0,855.0,835.0,862.0,838.0,837.0,839.0
1.0,4990.0,2504.0,2515.0,2552.0,2507.0,830.0,849.0,828.0,838.0,838.0,839.0,830.0,846.0,828.0,1659.0,1676.0,1655.0,830.0,849.0,828.0,838.0,838.0,839.0
1.0,5038.0,2558.0,2517.0,2507.0,2564.0,856.0,858.0,850.0,838.0,839.0,840.0,856.0,855.0,847.0,1684.0,1665.0,1689.0,856.0,858.0,850.0,838.0,839.0,840.0
1.0,4987.0,2495.0,2517.0,2564.0,2495.0,834.0,827.0,834.0,838.0,839.0,840.0,834.0,827.0,834.0,1658.0,1659.0,1670.0,834.0,827.0,834.0,838.0,839.0,840.0
1.0,5056.0,2492.0,2514.0,2495.0,2483.0,827.0,831.0,825.0,837.0,838.0,839.0,830.0,834.0,828.0,1680.0,1690.0,1686.0,827.0,831.0,825.0,837.0,838.0,839.0
1.0,5059.0,2548.0,2515.0,2483.0,2551.0,844.0,860.0,847.0,837.0,839.0,839.0,844.0,857.0,847.0,1684.0,1683.0,1692.0,844.0,860.0,847.0,837.0,839.0,839.0
1.0,4994.0,2572.0,2517.0,2551.0,2578.0,860.0,855.0,863.0,838.0,839.0,840.0,857.0,855.0,860.0,1667.0,1657.0,1670.0,860.0,855.0,863.0,838.0,839.0,840.0
1.0,4973.0,2494.0,2516.0,2578.0,2491.0,819.0,837.0,835.0,837.0,839.0,840.0,822.0,837.0,835.0,1654.0,1662.0,1657.0,819.0,837.0,835.0,837.0,839.0,840.0
1.0,5057.0,2515.0,2515.0,2491.0,2512.0,831.0,845.0,836.0,837.0,839.0,839.0,831.0,845.0,839.0,1692.0,1680.0,1685.0,831.0,845.0,836.0,837.0,839.0,839.0
1.0,5033.0,2540.0,2517.0,2512.0,2546.0,842.0,850.0,854.0,837.0,840.0,840.0,842.0,847.0,851.0,1680.0,1672.0,1681.0,842.0,850.0,854.0,837.0,840.0,840.0
1.0,5005.0,2534.0,2518.0,2546.0,2537.0,852.0,845.0,840.0,838.0,840.0,840.0,849.0,845.0,840.0,1669.0,1670.0,1666.0,852.0,845.0,840.0,838.0,840.0,840.0
1.0,5017.0,2543.0,2518.0,2537.0,2543.0,852.0,853.0,838.0,838.0,840.0,840.0,852.0,853.0,838.0,1662.0,1675.0,1680.0,852.0,853.0,838.0,838.0,840.0,840.0
1.0,5011.0,2535.0,2519.0,2543.0,2538.0,842.0,855.0,841.0,838.0,841.0,840.0,842.0,852.0,841.0,1662.0,1667.0,1682.0,842.0,855.0,841.0,838.0,841.0,840.0
1.0,5019.0,2557.0,2520.0,2538.0,2560.0,853.0,856.0,851.0,839.0,841.0,840.0,850.0,856.0,851.0,1672.0,1668.0,1679.0,853.0,856.0,851.0,839.0,841.0,840.0
1.0,5000.0,2532.0,2522.0,2560.0,2538.0,847.0,842.0,849.0,840.0,841.0,841.0,844.0,842.0,846.0,1664.0,1667.0,1669.0,847.0,842.0,849.0,840.0,841.0,841.0
1.0,5028.0,2537.0,2523.0,2538.0,2540.0,846.0,836.0,858.0,840.0,842.0,841.0,846.0,833.0,858.0,1673.0,1681.0,1674.0,846.0,836.0,858.0,840.0,842.0,841.0
1.0,5029.0,2571.0,2524.0,2540.0,2574.0,851.0,855.0,868.0,840.0,842.0,842.0,851.0,855.0,865.0,1674.0,1690.0,1665.0,851.0,855.0,868.0,840.0,842.0,842.0
1.0,4998.0,2591.0,2525.0,2574.0,2594.0,869.0,858.0,867.0,841.0,842.0,842.0,866.0,858.0,867.0,1669.0,1671.0,1658.0,869.0,858.0,867.0,841.0,842.0,842.0
1.0,4981.0,2581.0,2526.0,2594.0,2584.0,861.0,848.0,875.0,841.0,842.0,843.0,861.0,848.0,872.0,1654.0,1668.0,1659.0,861.0,848.0,875.0,841.0,842.0,843.0
1.0,4994.0,2574.0,2527.0,2584.0,2577.0,855.0,857.0,865.0,841.0,843.0,843.0,855.0,854.0,865.0,1662.0,1678.0,1654.0,855.0,857.0,865.0,841.0,843.0,843.0
1.0,5004.0,2572.0,2528.0,2577.0,2575.0,862.0,850.0,863.0,841.0,843.0,844.0,862.0,850.0,860.0,1668.0,1672.0,1664.0,862.0,850.0,863.0,841.0,843.0,844.0
1.0,5009.0,2553.0,2529.0,2575.0,2556.0,865.0,840.0,851.0,842.0,843.0,844.0,862.0,840.0,851.0,1661.0,1679.0,1669.0,865.0,840.0,851.0,842.0,843.0,844.0
1.0,5031.0,2470.0,2529.0,2556.0,2470.0,830.0,818.0,822.0,842.0,843.0,844.0,830.0,818.0,822.0,1661.0,1689.0,1681.0,830.0,818.0,822.0,842.0,843.0,844.0
1.0,5117.0,2497.0,2529.0,2470.0,2497.0,840.0,838.0,819.0,842.0,843.0,844.0,840.0,838.0,819.0,1696.0,1711.0,1710.0,840.0,838.0,819.0,842.0,843.0,844.0
1.0,5090.0,2498.0,2528.0,2497.0,2495.0,839.0,831.0,825.0,842.0,843.0,843.0,839.0,831.0,828.0,1686.0,1691.0,1713.0,839.0,831.0,825.0,842.0,843.0,843.0
1.0,5089.0,2510.0,2528.0,2495.0,2510.0,849.0,829.0,832.0,842.0,843.0,843.0,849.0,829.0,832.0,1687.0,1698.0,1704.0,849.0,829.0,832.0,842.0,843.0,843.0
1.0,5074.0,2551.0,2528.0,2510.0,2551.0,853.0,847.0,851.0,842.0,843.0,843.0,853.0,847.0,851.0,1677.0,1700.0,1697.0,853.0,847.0,851.0,842.0,843.0,843.0
1.0,5033.0,2585.0,2530.0,2551.0,2591.0,868.0,878.0,845.0,843.0,844.0,843.0,865.0,875.0,845.0,1673.0,1682.0,1678.0,868.0,878.0,845.0,843.0,844.0,843.0
1.0,4999.0,2529.0,2530.0,2591.0,2529.0,834.0,851.0,844.0,843.0,844.0,843.0,834.0,851.0,844.0,1661.0,1654.0,1684.0,834.0,851.0,844.0,843.0,844.0,843.0
1.0,5061.0,2616.0,2531.0,2529.0,2619.0,886.0,873.0,860.0,844.0,844.0,843.0,883.0,873.0,860.0,1695.0,1681.0,1685.0,886.0,873.0,860.0,844.0,844.0,843.0
1.0,4974.0,2590.0,2532.0,2619.0,2593.0,864.0,873.0,856.0,844.0,845.0,843.0,864.0,870.0,856.0,1646.0,1659.0,1669.0,864.0,873.0,856.0,844.0,845.0,843.0
1.0,5003.0,2567.0,2533.0,2593.0,2570.0,843.0,863.0,864.0,844.0,845.0,844.0,843.0,863.0,861.0,1668.0,1662.0,1673.0,843.0,863.0,864.0,844.0,845.0,844.0
1.0,5029.0,2552.0,2532.0,2570.0,2549.0,853.0,839.0,857.0,844.0,844.0,844.0,853.0,842.0,857.0,1689.0,1672.0,1668.0,853.0,839.0,857.0,844.0,844.0,844.0
1.0,5047.0,2558.0,2533.0,2549.0,2561.0,846.0,856.0,859.0,844.0,845.0,844.0,846.0,853.0,859.0,1679.0,1693.0,1675.0,846.0,856.0,859.0,844.0,845.0,844.0
1.0,5038.0,2510.0,2533.0,2561.0,2510.0,828.0,842.0,840.0,844.0,845.0,844.0,828.0,842.0,840.0,1686.0,1679.0,1673.0,828.0,842.0,840.0,844.0,845.0,844.0
1.0,5089.0,2490.0,2534.0,2510.0,2493.0,832.0,818.0,843.0,844.0,845.0,845.0,832.0,818.0,840.0,1704.0,1693.0,1692.0,832.0,818.0,843.0,844.0,845.0,845.0
1.0,5109.0,2513.0,2534.0,2493.0,2513.0,841.0,832.0,840.0,844.0,845.0,845.0,841.0,832.0,840.0,1700.0,1717.0,1692.0,841.0,832.0,840.0,844.0,845.0,845.0
1.0,5089.0,2494.0,2534.0,2513.0,2494.0,832.0,829.0,833.0,844.0,845.0,845.0,832.0,829.0,833.0,1691.0,1703.0,1695.0,832.0,829.0,833.0,844.0,845.0,845.0
1.0,5108.0,2550.0,2535.0,2494.0,2553.0,855.0,842.0,856.0,844.0,845.0,846.0,855.0,842.0,853.0,1700.0,1706.0,1702.0,855.0,842.0,856.0,844.0,845.0,846.0
1.0,5052.0,2525.0,2536.0,2553.0,2528.0,861.0,831.0,836.0,845.0,845.0,846.0,858.0,831.0,836.0,1677.0,1693.0,1682.0,861.0,831.0,836.0,845.0,845.0,846.0
1.0,5080.0,2536.0,2535.0,2528.0,2533.0,854.0,833.0,846.0,845.0,844.0,846.0,854.0,836.0,846.0,1674.0,1704.0,1702.0,854.0,833.0,846.0,845.0,844.0,846.0
1.0,5072.0,2589.0,2537.0,2533.0,2595.0,873.0,873.0,849.0,846.0,845.0,846.0,870.0,870.0,849.0,1681.0,1699.0,1692.0,873.0,873.0,849.0,846.0,845.0,846.0
1.0,5016.0,2565.0,2538.0,2595.0,2568.0,872.0,841.0,855.0,847.0,845.0,846.0,869.0,841.0,855.0,1665.0,1662.0,1689.0,872.0,841.0,855.0,847.0,845.0,846.0
1.0,5046.0,2567.0,2538.0,2568.0,2567.0,859.0,863.0,845.0,847.0,845.0,846.0,859.0,863.0,845.0,1669.0,1694.0,1683.0,859.0,863.0,845.0,847.0,845.0,846.0
1.0,5047.0,2641.0,2541.0,2567.0,2650.0,887.0,890.0,873.0,848.0,846.0,847.0,884.0,887.0,870.0,1682.0,1672.0,1693.0,887.0,890.0,873.0,848.0,846.0,847.0
1.0,4973.0,2567.0,2542.0,2650.0,2570.0,861.0,859.0,850.0,849.0,846.0,847.0,858.0,859.0,850.0,1657.0,1648.0,1668.0,861.0,859.0,850.0,849.0,846.0,847.0
1.0,5056.0,2578.0,2543.0,2570.0,2581.0,852.0,876.0,853.0,849.0,847.0,847.0,852.0,873.0,853.0,1686.0,1679.0,1691.0,852.0,876.0,853.0,849.0,847.0,847.0
1.0,5048.0,2536.0,2543.0,2581.0,2536.0,844.0,851.0,841.0,849.0,847.0,847.0,844.0,851.0,841.0,1695.0,1665.0,1688.0,844.0,851.0,841.0,849.0,847.0,847.0
1.0,5093.0,2539.0,2542.0,2536.0,2536.0,849.0,851.0,836.0,849.0,847.0,846.0,849.0,851.0,839.0,1703.0,1690.0,1700.0,849.0,851.0,836.0,849.0,847.0,846.0
1.0,5090.0,2555.0,2543.0,2536.0,2558.0,849.0,843.0,866.0,849.0,847.0,847.0,849.0,843.0,863.0,1698.0,1690.0,1702.0,849.0,843.0,866.0,849.0,847.0,847.0
1.0,5071.0,2532.0,2543.0,2558.0,2532.0,842.0,844.0,846.0,849.0,847.0,847.0,842.0,844.0,846.0,1698.0,1698.0,1675.0,842.0,844.0,846.0,849.0,847.0,847.0
1.0,5097.0,2463.0,2543.0,2532.0,2463.0,823.0,805.0,835.0,849.0,847.0,847.0,823.0,805.0,835.0,1705.0,1697.0,1695.0,823.0,805.0,835.0,849.0,847.0,847.0
1.0,5166.0,2574.0,2543.0,2463.0,2574.0,857.0,851.0,866.0,849.0,847.0,847.0,857.0,851.0,866.0,1724.0,1736.0,1706.0,857.0,851.0,866.0,849.0,847.0,847.0
1.0,5055.0,2566.0,2544.0,2574.0,2569.0,861.0,845.0,863.0,849.0,847.0,848.0,861.0,845.0,860.0,1690.0,1690.0,1675.0,861.0,845.0,863.0,849.0,847.0,848.0
1.0,5063.0,2601.0,2545.0,2569.0,2604.0,878.0,869.0,857.0,850.0,847.0,848.0,875.0,869.0,857.0,1686.0,1696.0,1681.0,878.0,869.0,857.0,850.0,847.0,848.0
1.0,5031.0,2596.0,2548.0,2604.0,2605.0,875.0,864.0,866.0,851.0,848.0,849.0,872.0,861.0,863.0,1672.0,1672.0,1687.0,875.0,864.0,866.0,851.0,848.0,849.0
1.0,5039.0,2613.0,2549.0,2605.0,2616.0,866.0,861.0,889.0,851.0,848.0,850.0,866.0,861.0,886.0,1678.0,1680.0,1681.0,866.0,861.0,889.0,851.0,848.0,850.0
1.0,5031.0,2577.0,2551.0,2616.0,2583.0,864.0,867.0,852.0,852.0,849.0,850.0,861.0,864.0,852.0,1687.0,1683.0,1661.0,864.0,867.0,852.0,852.0,849.0,850.0
1.0,5070.0,2598.0,2551.0,2583.0,2598.0,867.0,861.0,870.0,852.0,849.0,850.0,867.0,861.0,870.0,1692.0,1680.0,1698.0,867.0,861.0,870.0,852.0,849.0,850.0
1.0,5055.0,2580.0,2551.0,2598.0,2580.0,856.0,865.0,859.0,852.0,849.0,850.0,856.0,865.0,859.0,1689.0,1686.0,1680.0,856.0,865.0,859.0,852.0,849.0,850.0
1.0,5073.0,2547.0,2553.0,2580.0,2553.0,847.0,855.0,851.0,853.0,849.0,851.0,844.0,855.0,848.0,1700.0,1682.0,1691.0,847.0,855.0,851.0,853.0,849.0,851.0
1.0,5106.0,2537.0,2553.0,2553.0,2537.0,844.0,840.0,853.0,853.0,849.0,851.0,844.0,840.0,853.0,1712.0,1692.0,1702.0,844.0,840.0,853.0,853.0,849.0,851.0
1.0,5122.0,2530.0,2552.0,2537.0,2527.0,829.0,853.0,845.0,852.0,849.0,851.0,832.0,853.0,845.0,1715.0,1707.0,1700.0,829.0,853.0,845.0,852.0,849.0,851.0
1.0,5129.0,2532.0,2553.0,2527.0,2535.0,839.0,862.0,834.0,852.0,850.0,851.0,839.0,859.0,834.0,1727.0,1694.0,1708.0,839.0,862.0,834.0,852.0,850.0,851.0
1.0,5124.0,2523.0,2553.0,2535.0,2523.0,832.0,852.0,839.0,852.0,850.0,851.0,832.0,852.0,839.0,1717.0,1688.0,1719.0,832.0,852.0,839.0,852.0,850.0,851.0
1.0,5136.0,2574.0,2553.0,2523.0,2574.0,854.0,858.0,862.0,852.0,850.0,851.0,854.0,858.0,862.0,1724.0,1698.0,1714.0,854.0,858.0,862.0,852.0,850.0,851.0
1.0,5085.0,2580.0,2553.0,2574.0,2580.0,869.0,859.0,852.0,852.0,850.0,851.0,869.0,859.0,852.0,1702.0,1692.0,1691.0,869.0,859.0,852.0,852.0,850.0,851.0
1.0,5079.0,2537.0,2554.0,2580.0,2540.0,852.0,841.0,847.0,853.0,850.0,851.0,849.0,841.0,847.0,1687.0,1691.0,1701.0,852.0,841.0,847.0,853.0,850.0,851.0
1.0,5122.0,2592.0,2554.0,2540.0,2592.0,864.0,871.0,857.0,853.0,850.0,851.0,864.0,871.0,857.0,1707.0,1709.0,1706.0,864.0,871.0,857.0,853.0,850.0,851.0
1.0,5070.0,2579.0,2553.0,2592.0,2576.0,869.0,852.0,855.0,853.0,850.0,850.0,869.0,852.0,858.0,1695.0,1679.0,1696.0,869.0,852.0,855.0,853.0,850.0,850.0
1.0,5083.0,2601.0,2553.0,2576.0,2601.0,870.0,857.0,874.0,853.0,850.0,850.0,870.0,857.0,874.0,1690.0,1698.0,1695.0,870.0,857.0,874.0,853.0,850.0,850.0
1.0,5058.0,2564.0,2554.0,2601.0,2567.0,849.0,860.0,858.0,853.0,851.0,850.0,849.0,857.0,858.0,1689.0,1693.0,1676.0,849.0,860.0,858.0,853.0,851.0,850.0
1.0,5095.0,2600.0,2554.0,2567.0,2600.0,869.0,869.0,862.0,853.0,851.0,850.0,869.0,869.0,862.0,1710.0,1693.0,1692.0,869.0,869.0,862.0,853.0,851.0,850.0
1.0,5062.0,2569.0,2555.0,2600.0,2572.0,846.0,863.0,863.0,853.0,851.0,851.0,846.0,863.0,860.0,1690.0,1684.0,1688.0,846.0,863.0,863.0,853.0,851.0,851.0
1.0,5093.0,2530.0,2556.0,2572.0,2533.0,840.0,846.0,847.0,853.0,852.0,851.0,840.0,843.0,847.0,1713.0,1690.0,1690.0,840.0,846.0,847.0,853.0,852.0,851.0
1.0,5135.0,2551.0,2557.0,2533.0,2554.0,850.0,844.0,860.0,853.0,852.0,852.0,850.0,844.0,857.0,1719.0,1710.0,1706.0,850.0,844.0,860.0,853.0,852.0,852.0
1.0,5117.0,2533.0,2557.0,2554.0,2533.0,834.0,851.0,848.0,853.0,852.0,852.0,834.0,851.0,848.0,1709.0,1712.0,1696.0,834.0,851.0,848.0,853.0,852.0,852.0
1.0,5138.0,2528.0,2558.0,2533.0,2531.0,830.0,860.0,841.0,853.0,853.0,852.0,830.0,857.0,841.0,1725.0,1705.0,1708.0,830.0,860.0,841.0,853.0,853.0,852.0
1.0,5143.0,2544.0,2558.0,2531.0,2544.0,846.0,849.0,849.0,853.0,853.0,852.0,846.0,849.0,849.0,1729.0,1699.0,1715.0,846.0,849.0,849.0,853.0,853.0,852.0
1.0,5130.0,2570.0,2558.0,2544.0,2570.0,845.0,860.0,865.0,852.0,853.0,853.0,848.0,860.0,862.0,1713.0,1710.0,1707.0,845.0,860.0,865.0,852.0,853.0,853.0
1.0,5104.0,2590.0,2559.0,2570.0,2593.0,872.0,865.0,856.0,853.0,853.0,853.0,869.0,865.0,856.0,1711.0,1699.0,1694.0,872.0,865.0,856.0,853.0,853.0,853.0
1.0,5084.0,2599.0,2558.0,2593.0,2596.0,854.0,872.0,870.0,852.0,853.0,853.0,857.0,872.0,870.0,1687.0,1694.0,1703.0,854.0,872.0,870.0,852.0,853.0,853.0
1.0,5078.0,2606.0,2558.0,2596.0,2606.0,870.0,865.0,871.0,852.0,853.0,853.0,870.0,865.0,871.0,1702.0,1687.0,1689.0,870.0,865.0,871.0,852.0,853.0,853.0
1.0,5068.0,2549.0,2558.0,2606.0,2549.0,864.0,846.0,839.0,853.0,852.0,853.0,861.0,849.0,839.0,1686.0,1694.0,1688.0,864.0,846.0,839.0,853.0,852.0,853.0
1.0,5125.0,2578.0,2559.0,2549.0,2581.0,869.0,867.0,845.0,853.0,853.0,853.0,869.0,864.0,845.0,1695.0,1710.0,1720.0,869.0,867.0,845.0,853.0,853.0,853.0
1.0,5096.0,2583.0,2559.0,2581.0,2583.0,863.0,860.0,860.0,853.0,853.0,853.0,863.0,860.0,860.0,1690.0,1692.0,1714.0,863.0,860.0,860.0,853.0,853.0,853.0
1.0,5094.0,2558.0,2560.0,2583.0,2561.0,864.0,849.0,848.0,854.0,853.0,853.0,861.0,849.0,848.0,1696.0,1699.0,1699.0,864.0,849.0,848.0,854.0,853.0,853.0
1.0,5119.0,2528.0,2560.0,2561.0,2528.0,852.0,833.0,843.0,854.0,853.0,853.0,852.0,833.0,843.0,1698.0,1710.0,1711.0,852.0,833.0,843.0,854.0,853.0,853.0
1.0,5152.0,2543.0,2562.0,2528.0,2549.0,850.0,847.0,852.0,855.0,854.0,853.0,847.0,844.0,852.0,1710.0,1726.0,1716.0,850.0,847.0,852.0,855.0,854.0,853.0
1.0,5137.0,2564.0,2563.0,2549.0,2567.0,853.0,847.0,867.0,855.0,854.0,854.0,853.0,847.0,864.0,1715.0,1715.0,1707.0,853.0,847.0,867.0,855.0,854.0,854.0
1.0,5122.0,2521.0,2563.0,2567.0,2521.0,834.0,839.0,848.0,855.0,854.0,854.0,834.0,839.0,848.0,1712.0,1715.0,1695.0,834.0,839.0,848.0,855.0,854.0,854.0
1.0,5168.0,2574.0,2563.0,2521.0,2574.0,862.0,855.0,857.0,855.0,854.0,854.0,862.0,855.0,857.0,1731.0,1723.0,1714.0,862.0,855.0,857.0,855.0,854.0,854.0
1.0,5115.0,2573.0,2564.0,2574.0,2576.0,859.0,859.0,858.0,855.0,855.0,854.0,859.0,856.0,858.0,1703.0,1707.0,1705.0,859.0,859.0,858.0,855.0,855.0,854.0
1.0,5116.0,2612.0,2564.0,2576.0,2612.0,851.0,876.0,885.0,854.0,855.0,855.0,854.0,876.0,882.0,1706.0,1706.0,1704.0,851.0,876.0,885.0,854.0,855.0,855.0
1.0,5080.0,2641.0,2567.0,2612.0,2650.0,881.0,880.0,889.0,855.0,856.0,856.0,878.0,877.0,886.0,1711.0,1689.0,1680.0,881.0,880.0,889.0,855.0,856.0,856.0
1.0,5051.0,2643.0,2567.0,2650.0,2643.0,875.0,885.0,883.0,855.0,856.0,856.0,875.0,885.0,883.0,1684.0,1688.0,1679.0,875.0,885.0,883.0,855.0,856.0,856.0
1.0,5058.0,2587.0,2566.0,2643.0,2584.0,857.0,875.0,852.0,854.0,856.0,856.0,860.0,875.0,852.0,1690.0,1683.0,1685.0,857.0,875.0,852.0,854.0,856.0,856.0
1.0,5114.0,2635.0,2568.0,2584.0,2641.0,877.0,875.0,889.0,855.0,856.0,857.0,874.0,875.0,886.0,1705.0,1693.0,1716.0,877.0,875.0,889.0,855.0,856.0,857.0
1.0,5063.0,2598.0,2568.0,2641.0,2598.0,868.0,870.0,860.0,855.0,856.0,857.0,868.0,870.0,860.0,1688.0,1693.0,1682.0,868.0,870.0,860.0,855.0,856.0,857.0
1.0,5106.0,2601.0,2569.0,2598.0,2604.0,875.0,870.0,859.0,856.0,856.0,857.0,872.0,870.0,859.0,1697.0,1698.0,1711.0,875.0,870.0,859.0,856.0,856.0,857.0
1.0,5103.0,2561.0,2570.0,2604.0,2564.0,868.0,862.0,834.0,856.0,857.0,857.0,868.0,859.0,834.0,1693.0,1698.0,1712.0,868.0,862.0,834.0,856.0,857.0,857.0
1.0,5146.0,2522.0,2569.0,2564.0,2519.0,849.0,839.0,831.0,856.0,857.0,856.0,849.0,839.0,834.0,1700.0,1709.0,1737.0,849.0,839.0,831.0,856.0,857.0,856.0
1.0,5188.0,2548.0,2569.0,2519.0,2548.0,858.0,853.0,837.0,856.0,857.0,856.0,858.0,853.0,837.0,1719.0,1732.0,1737.0,858.0,853.0,837.0,856.0,857.0,856.0
1.0,5159.0,2594.0,2572.0,2548.0,2603.0,865.0,878.0,860.0,857.0,858.0,857.0,862.0,875.0,857.0,1710.0,1718.0,1731.0,865.0,878.0,860.0,857.0,858.0,857.0
1.0,5113.0,2572.0,2571.0,2603.0,2569.0,866.0,851.0,852.0,857.0,858.0,856.0,866.0,851.0,855.0,1706.0,1696.0,1711.0,866.0,851.0,852.0,857.0,858.0,856.0
1.0,5144.0,2593.0,2572.0,2569.0,2596.0,860.0,865.0,871.0,857.0,858.0,857.0,860.0,865.0,868.0,1705.0,1723.0,1716.0,860.0,865.0,871.0,857.0,858.0,857.0
1.0,5120.0,2597.0,2572.0,2596.0,2597.0,871.0,863.0,863.0,857.0,858.0,857.0,871.0,863.0,863.0,1711.0,1709.0,1700.0,871.0,863.0,863.0,857.0,858.0,857.0
1.0,5119.0,2607.0,2573.0,2597.0,2610.0,872.0,874.0,864.0,857.0,859.0,857.0,872.0,871.0,864.0,1700.0,1711.0,1708.0,872.0,874.0,864.0,857.0,859.0,857.0
1.0,5109.0,2622.0,2573.0,2610.0,2622.0,874.0,872.0,876.0,857.0,859.0,857.0,874.0,872.0,876.0,1699.0,1703.0,1707.0,874.0,872.0,876.0,857.0,859.0,857.0
1.0,5097.0,2616.0,2574.0,2622.0,2619.0,885.0,867.0,867.0,858.0,859.0,857.0,882.0,867.0,867.0,1697.0,1705.0,1695.0,885.0,867.0,867.0,858.0,859.0,857.0
1.0,5103.0,2618.0,2574.0,2619.0,2618.0,874.0,880.0,864.0,858.0,859.0,857.0,874.0,880.0,864.0,1689.0,1710.0,1704.0,874.0,880.0,864.0,858.0,859.0,857.0
1.0,5104.0,2636.0,2574.0,2618.0,2636.0,876.0,879.0,881.0,858.0,859.0,857.0,876.0,879.0,881.0,1700.0,1697.0,1707.0,876.0,879.0,881.0,858.0,859.0,857.0
1.0,5086.0,2554.0,2574.0,2636.0,2554.0,851.0,852.0,851.0,858.0,859.0,857.0,851.0,852.0,851.0,1698.0,1698.0,1690.0,851.0,852.0,851.0,858.0,859.0,857.0
1.0,5168.0,2562.0,2575.0,2554.0,2565.0,858.0,846.0,861.0,859.0,859.0,857.0,855.0,846.0,861.0,1723.0,1725.0,1720.0,858.0,846.0,861.0,859.0,859.0,857.0
1.0,5160.0,2547.0,2576.0,2565.0,2550.0,849.0,846.0,855.0,859.0,859.0,858.0,849.0,846.0,852.0,1719.0,1731.0,1710.0,849.0,846.0,855.0,859.0,859.0,858.0
1.0,5178.0,2582.0,2576.0,2550.0,2582.0,850.0,866.0,866.0,859.0,859.0,858.0,850.0,866.0,866.0,1728.0,1731.0,1719.0,850.0,866.0,866.0,859.0,859.0,858.0
1.0,5146.0,2580.0,2578.0,2582.0,2586.0,850.0,869.0,867.0,859.0,860.0,859.0,850.0,866.0,864.0,1727.0,1711.0,1708.0,850.0,869.0,867.0,859.0,860.0,859.0
1.0,5148.0,2624.0,2579.0,2586.0,2627.0,893.0,859.0,875.0,860.0,860.0,859.0,890.0,859.0,875.0,1727.0,1711.0,1710.0,893.0,859.0,875.0,860.0,860.0,859.0
1.0,5110.0,2615.0,2579.0,2627.0,2615.0,863.0,877.0,875.0,860.0,860.0,859.0,863.0,877.0,875.0,1687.0,1721.0,1702.0,863.0,877.0,875.0,860.0,860.0,859.0
1.0,5122.0,2612.0,2581.0,2615.0,2618.0,869.0,869.0,880.0,860.0,861.0,860.0,869.0,866.0,877.0,1717.0,1703.0,1702.0,869.0,869.0,880.0,860.0,861.0,860.0
1.0,5125.0,2581.0,2580.0,2618.0,2578.0,860.0,844.0,874.0,860.0,860.0,860.0,860.0,847.0,874.0,1711.0,1714.0,1700.0,860.0,844.0,874.0,860.0,860.0,860.0
1.0,5162.0,2641.0,2583.0,2578.0,2650.0,883.0,881.0,886.0,861.0,861.0,861.0,880.0,878.0,883.0,1720.0,1736.0,1706.0,883.0,881.0,886.0,861.0,861.0,861.0
1.0,5099.0,2588.0,2582.0,2650.0,2585.0,853.0,865.0,867.0,860.0,861.0,861.0,856.0,865.0,867.0,1700.0,1702.0,1697.0,853.0,865.0,867.0,860.0,861.0,861.0
1.0,5161.0,2631.0,2583.0,2585.0,2634.0,879.0,875.0,880.0,861.0,861.0,861.0,876.0,875.0,880.0,1727.0,1718.0,1716.0,879.0,875.0,880.0,861.0,861.0,861.0
1.0,5115.0,2613.0,2583.0,2634.0,2613.0,878.0,866.0,869.0,861.0,861.0,861.0,878.0,866.0,869.0,1704.0,1708.0,1703.0,878.0,866.0,869.0,861.0,861.0,861.0
1.0,5136.0,2581.0,2583.0,2613.0,2581.0,870.0,870.0,841.0,861.0,861.0,861.0,870.0,870.0,841.0,1705.0,1717.0,1714.0,870.0,870.0,841.0,861.0,861.0,861.0
1.0,5168.0,2592.0,2584.0,2581.0,2595.0,873.0,855.0,867.0,862.0,861.0,861.0,870.0,855.0,867.0,1713.0,1713.0,1742.0,873.0,855.0,867.0,862.0,861.0,861.0
1.0,5157.0,2615.0,2586.0,2595.0,2621.0,883.0,873.0,865.0,863.0,862.0,861.0,880.0,870.0,865.0,1713.0,1728.0,1716.0,883.0,873.0,865.0,863.0,862.0,861.0
1.0,5137.0,2632.0,2588.0,2621.0,2638.0,876.0,892.0,870.0,863.0,863.0,862.0,876.0,889.0,867.0,1706.0,1713.0,1718.0,876.0,892.0,870.0,863.0,863.0,862.0
1.0,5126.0,2622.0,2589.0,2638.0,2625.0,878.0,867.0,880.0,864.0,863.0,862.0,875.0,867.0,880.0,1713.0,1697.0,1716.0,878.0,867.0,880.0,864.0,863.0,862.0
1.0,5142.0,2577.0,2590.0,2625.0,2580.0,856.0,859.0,865.0,864.0,863.0,863.0,856.0,859.0,862.0,1714.0,1722.0,1706.0,856.0,859.0,865.0,864.0,863.0,863.0
1.0,5190.0,2597.0,2591.0,2580.0,2600.0,859.0,870.0,871.0,865.0,863.0,863.0,856.0,870.0,871.0,1736.0,1730.0,1724.0,859.0,870.0,871.0,865.0,863.0,863.0
1.0,5173.0,2630.0,2592.0,2600.0,2633.0,866.0,884.0,883.0,865.0,864.0,863.0,866.0,881.0,883.0,1736.0,1719.0,1718.0,866.0,884.0,883.0,865.0,864.0,863.0
1.0,5143.0,2607.0,2592.0,2633.0,2607.0,861.0,879.0,867.0,865.0,864.0,863.0,861.0,879.0,867.0,1729.0,1708.0,1706.0,861.0,879.0,867.0,865.0,864.0,863.0
1.0,5169.0,2635.0,2593.0,2607.0,2638.0,882.0,869.0,887.0,865.0,864.0,864.0,882.0,869.0,884.0,1734.0,1713.0,1722.0,882.0,869.0,887.0,865.0,864.0,864.0
1.0,5141.0,2589.0,2593.0,2638.0,2589.0,860.0,858.0,871.0,865.0,864.0,864.0,860.0,858.0,871.0,1713.0,1723.0,1705.0,860.0,858.0,871.0,865.0,864.0,864.0
1.0,5190.0,2633.0,2594.0,2589.0,2636.0,877.0,873.0,886.0,865.0,864.0,865.0,877.0,873.0,883.0,1735.0,1734.0,1721.0,877.0,873.0,886.0,865.0,864.0,865.0
1.0,5146.0,2634.0,2595.0,2636.0,2637.0,866.0,890.0,881.0,865.0,865.0,865.0,866.0,887.0,881.0,1718.0,1719.0,1709.0,866.0,890.0,881.0,865.0,865.0,865.0
1.0,5148.0,2613.0,2596.0,2637.0,2616.0,866.0,877.0,873.0,865.0,865.0,866.0,866.0,877.0,870.0,1729.0,1705.0,1714.0,866.0,877.0,873.0,865.0,865.0,866.0
1.0,5172.0,2581.0,2597.0,2616.0,2584.0,859.0,864.0,861.0,865.0,866.0,866.0,859.0,861.0,861.0,1729.0,1718.0,1725.0,859.0,864.0,861.0,865.0,866.0,866.0
1.0,5207.0,2578.0,2597.0,2584.0,2578.0,857.0,851.0,870.0,865.0,866.0,866.0,857.0,851.0,870.0,1736.0,1734.0,1737.0,857.0,851.0,870.0,865.0,866.0,866.0
1.0,5213.0,2623.0,2598.0,2578.0,2626.0,892.0,867.0,867.0,866.0,866.0,866.0,889.0,867.0,867.0,1738.0,1747.0,1728.0,892.0,867.0,867.0,866.0,866.0,866.0
1.0,5168.0,2567.0,2600.0,2626.0,2573.0,863.0,868.0,842.0,867.0,867.0,866.0,860.0,865.0,842.0,1706.0,1731.0,1731.0,863.0,868.0,842.0,867.0,867.0,866.0
1.0,5227.0,2609.0,2601.0,2573.0,2612.0,870.0,866.0,876.0,867.0,867.0,867.0,870.0,866.0,873.0,1738.0,1733.0,1756.0,870.0,866.0,876.0,867.0,867.0,867.0
1.0,5191.0,2635.0,2601.0,2612.0,2635.0,882.0,878.0,875.0,867.0,867.0,867.0,882.0,878.0,875.0,1731.0,1735.0,1725.0,882.0,878.0,875.0,867.0,867.0,867.0
1.0,5168.0,2637.0,2603.0,2635.0,2643.0,879.0,888.0,876.0,868.0,868.0,867.0,876.0,885.0,876.0,1719.0,1723.0,1726.0,879.0,888.0,876.0,868.0,868.0,867.0
1.0,5166.0,2653.0,2603.0,2643.0,2653.0,885.0,890.0,878.0,868.0,868.0,867.0,885.0,890.0,878.0,1725.0,1716.0,1725.0,885.0,890.0,878.0,868.0,868.0,867.0
1.0,5156.0,2641.0,2603.0,2653.0,2641.0,878.0,879.0,884.0,868.0,868.0,867.0,878.0,879.0,884.0,1719.0,1714.0,1723.0,878.0,879.0,884.0,868.0,868.0,867.0
1.0,5168.0,2618.0,2603.0,2641.0,2618.0,868.0,876.0,874.0,868.0,868.0,867.0,868.0,876.0,874.0,1726.0,1725.0,1717.0,868.0,876.0,874.0,868.0,868.0,867.0
1.0,5191.0,2647.0,2603.0,2618.0,2647.0,876.0,882.0,889.0,868.0,868.0,867.0,876.0,882.0,889.0,1736.0,1728.0,1727.0,876.0,882.0,889.0,868.0,868.0,867.0
1.0,5162.0,2635.0,2604.0,2647.0,2638.0,875.0,879.0,884.0,868.0,868.0,868.0,875.0,879.0,881.0,1728.0,1722.0,1712.0,875.0,879.0,884.0,868.0,868.0,868.0
1.0,5174.0,2613.0,2604.0,2638.0,2613.0,862.0,874.0,877.0,868.0,868.0,868.0,862.0,874.0,877.0,1729.0,1725.0,1720.0,862.0,874.0,877.0,868.0,868.0,868.0
1.0,5199.0,2649.0,2606.0,2613.0,2655.0,876.0,887.0,892.0,868.0,869.0,869.0,876.0,884.0,889.0,1742.0,1730.0,1727.0,876.0,887.0,892.0,868.0,869.0,869.0
1.0,5163.0,2623.0,2607.0,2655.0,2626.0,866.0,874.0,886.0,868.0,869.0,870.0,866.0,874.0,883.0,1728.0,1720.0,1715.0,866.0,874.0,886.0,868.0,869.0,870.0
1.0,5195.0,2622.0,2609.0,2626.0,2628.0,874.0,860.0,894.0,869.0,869.0,871.0,871.0,860.0,891.0,1738.0,1733.0,1724.0,874.0,860.0,894.0,869.0,869.0,871.0
1.0,5199.0,2611.0,2609.0,2628.0,2611.0,876.0,860.0,875.0,869.0,869.0,871.0,876.0,860.0,875.0,1733.0,1747.0,1719.0,876.0,860.0,875.0,869.0,869.0,871.0
1.0,5216.0,2590.0,2609.0,2611.0,2590.0,866.0,865.0,859.0,869.0,869.0,871.0,866.0,865.0,859.0,1731.0,1747.0,1738.0,866.0,865.0,859.0,869.0,869.0,871.0
1.0,5237.0,2564.0,2609.0,2590.0,2564.0,870.0,839.0,855.0,869.0,869.0,871.0,870.0,839.0,855.0,1741.0,1742.0,1754.0,870.0,839.0,855.0,869.0,869.0,871.0
1.0,5263.0,2664.0,2610.0,2564.0,2667.0,884.0,889.0,894.0,869.0,869.0,872.0,884.0,889.0,891.0,1737.0,1768.0,1758.0,884.0,889.0,894.0,869.0,869.0,872.0
1.0,5163.0,2631.0,2611.0,2667.0,2634.0,873.0,885.0,876.0,869.0,870.0,872.0,873.0,882.0,876.0,1723.0,1718.0,1722.0,873.0,885.0,876.0,869.0,870.0,872.0
1.0,5199.0,2633.0,2612.0,2634.0,2636.0,888.0,877.0,871.0,870.0,870.0,872.0,885.0,877.0,871.0,1734.0,1725.0,1740.0,888.0,877.0,871.0,870.0,870.0,872.0
1.0,5200.0,2660.0,2612.0,2636.0,2660.0,889.0,887.0,884.0,870.0,870.0,872.0,889.0,887.0,884.0,1722.0,1733.0,1745.0,889.0,887.0,884.0,870.0,870.0,872.0
1.0,5176.0,2645.0,2612.0,2660.0,2645.0,875.0,891.0,879.0,870.0,870.0,872.0,875.0,891.0,879.0,1721.0,1723.0,1732.0,875.0,891.0,879.0,870.0,870.0,872.0
1.0,5191.0,2609.0,2612.0,2645.0,2609.0,862.0,879.0,868.0,870.0,870.0,872.0,862.0,879.0,868.0,1735.0,1719.0,1737.0,862.0,879.0,868.0,870.0,870.0,872.0
1.0,5227.0,2643.0,2614.0,2609.0,2649.0,873.0,896.0,880.0,870.0,871.0,873.0,873.0,893.0,877.0,1748.0,1731.0,1748.0,873.0,896.0,880.0,870.0,871.0,873.0
1.0,5193.0,2594.0,2614.0,2649.0,2594.0,867.0,866.0,861.0,870.0,871.0,873.0,867.0,866.0,861.0,1737.0,1717.0,1739.0,867.0,866.0,861.0,870.0,871.0,873.0
1.0,5248.0,2630.0,2616.0,2594.0,2636.0,879.0,886.0,871.0,871.0,872.0,873.0,876.0,883.0,871.0,1743.0,1747.0,1758.0,879.0,886.0,871.0,871.0,872.0,873.0
1.0,5212.0,2602.0,2616.0,2636.0,2602.0,865.0,864.0,873.0,871.0,872.0,873.0,865.0,864.0,873.0,1734.0,1730.0,1748.0,865.0,864.0,873.0,871.0,872.0,873.0
1.0,5246.0,2600.0,2616.0,2602.0,2600.0,867.0,866.0,867.0,871.0,872.0,873.0,867.0,866.0,867.0,1748.0,1752.0,1746.0,867.0,866.0,867.0,871.0,872.0,873.0
1.0,5248.0,2601.0,2616.0,2600.0,2601.0,866.0,865.0,870.0,871.0,872.0,873.0,866.0,865.0,870.0,1746.0,1750.0,1752.0,866.0,865.0,870.0,871.0,872.0,873.0
1.0,5247.0,2619.0,2616.0,2601.0,2619.0,872.0,864.0,883.0,871.0,872.0,873.0,872.0,864.0,883.0,1747.0,1751.0,1749.0,872.0,864.0,883.0,871.0,872.0,873.0
1.0,5229.0,2629.0,2616.0,2619.0,2629.0,878.0,865.0,886.0,871.0,872.0,873.0,878.0,865.0,886.0,1741.0,1752.0,1736.0,878.0,865.0,886.0,871.0,872.0,873.0
1.0,5219.0,2665.0,2619.0,2629.0,2674.0,888.0,886.0,900.0,872.0,873.0,874.0,885.0,883.0,897.0,1735.0,1751.0,1733.0,888.0,886.0,900.0,872.0,873.0,874.0
1.0,5183.0,2689.0,2619.0,2674.0,2689.0,900.0,889.0,900.0,872.0,873.0,874.0,900.0,889.0,900.0,1728.0,1733.0,1722.0,900.0,889.0,900.0,872.0,873.0,874.0
1.0,5168.0,2652.0,2620.0,2689.0,2655.0,873.0,884.0,898.0,872.0,873.0,875.0,873.0,884.0,895.0,1716.0,1730.0,1722.0,873.0,884.0,898.0,872.0,873.0,875.0
1.0,5205.0,2682.0,2622.0,2655.0,2688.0,892.0,896.0,900.0,873.0,874.0,875.0,889.0,893.0,900.0,1743.0,1735.0,1727.0,892.0,896.0,900.0,873.0,874.0,875.0
1.0,5178.0,2621.0,2622.0,2688.0,2621.0,880.0,873.0,868.0,873.0,874.0,875.0,880.0,873.0,868.0,1727.0,1726.0,1725.0,880.0,873.0,868.0,873.0,874.0,875.0
1.0,5245.0,2656.0,2623.0,2621.0,2659.0,877.0,890.0,892.0,873.0,874.0,876.0,877.0,890.0,889.0,1739.0,1749.0,1757.0,877.0,890.0,892.0,873.0,874.0,876.0
1.0,5210.0,2630.0,2623.0,2659.0,2630.0,877.0,877.0,876.0,873.0,874.0,876.0,877.0,877.0,876.0,1742.0,1732.0,1736.0,877.0,877.0,876.0,873.0,874.0,876.0
1.0,5239.0,2632.0,2624.0,2630.0,2635.0,876.0,886.0,873.0,873.0,875.0,876.0,876.0,883.0,873.0,1742.0,1745.0,1752.0,876.0,886.0,873.0,873.0,875.0,876.0
1.0,5237.0,2600.0,2623.0,2635.0,2597.0,865.0,870.0,862.0,873.0,874.0,876.0,865.0,873.0,862.0,1743.0,1739.0,1755.0,865.0,870.0,862.0,873.0,874.0,876.0
1.0,5272.0,2602.0,2623.0,2597.0,2602.0,878.0,868.0,856.0,873.0,874.0,876.0,878.0,868.0,856.0,1754.0,1752.0,1766.0,878.0,868.0,856.0,873.0,874.0,876.0
1.0,5267.0,2670.0,2624.0,2602.0,2673.0,891.0,893.0,889.0,873.0,875.0,876.0,891.0,890.0,889.0,1741.0,1754.0,1772.0,891.0,893.0,889.0,873.0,875.0,876.0
1.0,5199.0,2655.0,2626.0,2673.0,2661.0,894.0,885.0,882.0,874.0,875.0,877.0,891.0,885.0,879.0,1728.0,1732.0,1739.0,894.0,885.0,882.0,874.0,875.0,877.0
1.0,5217.0,2694.0,2628.0,2661.0,2700.0,893.0,905.0,902.0,875.0,876.0,877.0,890.0,902.0,902.0,1728.0,1740.0,1749.0,893.0,905.0,902.0,875.0,876.0,877.0
1.0,5184.0,2665.0,2628.0,2700.0,2665.0,900.0,890.0,875.0,875.0,876.0,877.0,900.0,890.0,875.0,1732.0,1723.0,1729.0,900.0,890.0,875.0,875.0,876.0,877.0
1.0,5219.0,2633.0,2628.0,2665.0,2633.0,889.0,876.0,868.0,875.0,876.0,877.0,889.0,876.0,868.0,1725.0,1738.0,1756.0,889.0,876.0,868.0,875.0,876.0,877.0
1.0,5251.0,2631.0,2629.0,2633.0,2634.0,874.0,876.0,884.0,876.0,876.0,877.0,871.0,876.0,884.0,1736.0,1752.0,1763.0,874.0,876.0,884.0,876.0,876.0,877.0
1.0,5253.0,2673.0,2630.0,2634.0,2676.0,895.0,881.0,900.0,876.0,877.0,877.0,895.0,878.0,900.0,1754.0,1752.0,1747.0,895.0,881.0,900.0,876.0,877.0,877.0
1.0,5214.0,2620.0,2629.0,2676.0,2617.0,868.0,867.0,882.0,876.0,876.0,877.0,868.0,870.0,882.0,1733.0,1750.0,1731.0,868.0,867.0,882.0,876.0,876.0,877.0
1.0,5270.0,2603.0,2629.0,2617.0,2603.0,867.0,866.0,870.0,876.0,876.0,877.0,867.0,866.0,870.0,1760.0,1761.0,1749.0,867.0,866.0,870.0,876.0,876.0,877.0
1.0,5284.0,2609.0,2630.0,2603.0,2612.0,856.0,876.0,880.0,876.0,876.0,878.0,856.0,876.0,877.0,1761.0,1762.0,1761.0,856.0,876.0,880.0,876.0,876.0,878.0
1.0,5278.0,2620.0,2631.0,2612.0,2623.0,881.0,867.0,875.0,876.0,877.0,878.0,881.0,864.0,875.0,1772.0,1752.0,1754.0,881.0,867.0,875.0,876.0,877.0,878.0
1.0,5270.0,2599.0,2631.0,2623.0,2599.0,854.0,874.0,871.0,876.0,877.0,878.0,854.0,874.0,871.0,1747.0,1764.0,1759.0,854.0,874.0,871.0,876.0,877.0,878.0
1.0,5294.0,2702.0,2633.0,2599.0,2708.0,894.0,919.0,895.0,876.0,878.0,879.0,894.0,916.0,892.0,1774.0,1757.0,1763.0,894.0,919.0,895.0,876.0,878.0,879.0
1.0,5191.0,2598.0,2633.0,2708.0,2598.0,865.0,867.0,866.0,876.0,878.0,879.0,865.0,867.0,866.0,1734.0,1715.0,1742.0,865.0,867.0,866.0,876.0,878.0,879.0
1.0,5301.0,2651.0,2633.0,2598.0,2651.0,880.0,887.0,884.0,876.0,878.0,879.0,880.0,887.0,884.0,1763.0,1767.0,1771.0,880.0,887.0,884.0,876.0,878.0,879.0
1.0,5248.0,2702.0,2634.0,2651.0,2705.0,913.0,901.0,891.0,877.0,878.0,879.0,910.0,901.0,891.0,1748.0,1747.0,1753.0,913.0,901.0,891.0,877.0,878.0,879.0
1.0,5197.0,2659.0,2634.0,2705.0,2659.0,882.0,893.0,884.0,877.0,878.0,879.0,882.0,893.0,884.0,1718.0,1733.0,1746.0,882.0,893.0,884.0,877.0,878.0,879.0
1.0,5243.0,2673.0,2634.0,2659.0,2673.0,892.0,894.0,887.0,877.0,878.0,879.0,892.0,894.0,887.0,1749.0,1741.0,1753.0,892.0,894.0,887.0,877.0,878.0,879.0
1.0,5229.0,2643.0,2636.0,2673.0,2649.0,896.0,885.0,868.0,878.0,879.0,879.0,893.0,882.0,868.0,1739.0,1740.0,1750.0,896.0,885.0,868.0,878.0,879.0,879.0
1.0,5259.0,2703.0,2636.0,2649.0,2703.0,896.0,912.0,895.0,878.0,879.0,879.0,896.0,912.0,895.0,1738.0,1752.0,1769.0,896.0,912.0,895.0,878.0,879.0,879.0
1.0,5205.0,2609.0,2636.0,2703.0,2609.0,873.0,870.0,866.0,878.0,879.0,879.0,873.0,870.0,866.0,1738.0,1725.0,1742.0,873.0,870.0,866.0,878.0,879.0,879.0
1.0,5299.0,2663.0,2636.0,2609.0,2663.0,885.0,885.0,893.0,878.0,879.0,879.0,885.0,885.0,893.0,1761.0,1767.0,1771.0,885.0,885.0,893.0,878.0,879.0,879.0
1.0,5245.0,2611.0,2636.0,2663.0,2611.0,865.0,872.0,874.0,878.0,879.0,879.0,865.0,872.0,874.0,1749.0,1752.0,1744.0,865.0,872.0,874.0,878.0,879.0,879.0
1.0,5297.0,2582.0,2636.0,2611.0,2582.0,857.0,859.0,866.0,878.0,879.0,879.0,857.0,859.0,866.0,1769.0,1765.0,1763.0,857.0,859.0,866.0,878.0,879.0,879.0
1.0,5326.0,2609.0,2635.0,2582.0,2606.0,873.0,860.0,873.0,878.0,879.0,878.0,873.0,860.0,876.0,1777.0,1778.0,1771.0,873.0,860.0,873.0,878.0,879.0,878.0
1.0,5299.0,2609.0,2635.0,2606.0,2609.0,867.0,866.0,876.0,878.0,879.0,878.0,867.0,866.0,876.0,1761.0,1777.0,1761.0,867.0,866.0,876.0,878.0,879.0,878.0
1.0,5296.0,2631.0,2636.0,2609.0,2634.0,871.0,875.0,888.0,878.0,879.0,879.0,871.0,875.0,885.0,1767.0,1771.0,1758.0,871.0,875.0,888.0,878.0,879.0,879.0
1.0,5274.0,2659.0,2638.0,2634.0,2665.0,876.0,885.0,904.0,878.0,880.0,880.0,876.0,882.0,901.0,1763.0,1762.0,1749.0,876.0,885.0,904.0,878.0,880.0,880.0
1.0,5249.0,2718.0,2639.0,2665.0,2721.0,910.0,898.0,913.0,879.0,880.0,880.0,907.0,898.0,913.0,1758.0,1755.0,1736.0,910.0,898.0,913.0,879.0,880.0,880.0
1.0,5196.0,2683.0,2640.0,2721.0,2686.0,889.0,892.0,905.0,879.0,880.0,881.0,889.0,892.0,902.0,1727.0,1742.0,1727.0,889.0,892.0,905.0,879.0,880.0,881.0
1.0,5234.0,2695.0,2641.0,2686.0,2698.0,893.0,896.0,909.0,879.0,881.0,881.0,893.0,893.0,909.0,1748.0,1748.0,1738.0,893.0,896.0,909.0,879.0,881.0,881.0
1.0,5225.0,2690.0,2642.0,2698.0,2693.0,896.0,893.0,904.0,879.0,881.0,882.0,896.0,893.0,901.0,1744.0,1747.0,1734.0,896.0,893.0,904.0,879.0,881.0,882.0
1.0,5233.0,2703.0,2643.0,2693.0,2706.0,898.0,916.0,892.0,880.0,881.0,882.0,895.0,916.0,892.0,1741.0,1750.0,1742.0,898.0,916.0,892.0,880.0,881.0,882.0
1.0,5223.0,2642.0,2643.0,2706.0,2642.0,881.0,884.0,877.0,880.0,881.0,882.0,881.0,884.0,877.0,1742.0,1727.0,1754.0,881.0,884.0,877.0,880.0,881.0,882.0
1.0,5287.0,2677.0,2643.0,2642.0,2677.0,893.0,899.0,885.0,880.0,881.0,882.0,893.0,899.0,885.0,1759.0,1759.0,1769.0,893.0,899.0,885.0,880.0,881.0,882.0
1.0,5252.0,2674.0,2646.0,2677.0,2683.0,891.0,899.0,893.0,881.0,882.0,883.0,888.0,896.0,890.0,1747.0,1744.0,1761.0,891.0,899.0,893.0,881.0,882.0,883.0
1.0,5255.0,2597.0,2646.0,2683.0,2597.0,868.0,870.0,859.0,881.0,882.0,883.0,868.0,870.0,859.0,1752.0,1747.0,1756.0,868.0,870.0,859.0,881.0,882.0,883.0
1.0,5341.0,2616.0,2646.0,2597.0,2616.0,873.0,874.0,869.0,881.0,882.0,883.0,873.0,874.0,869.0,1775.0,1776.0,1790.0,873.0,874.0,869.0,881.0,882.0,883.0
1.0,5322.0,2646.0,2646.0,2616.0,2646.0,886.0,876.0,884.0,881.0,882.0,883.0,886.0,876.0,884.0,1770.0,1772.0,1780.0,886.0,876.0,884.0,881.0,882.0,883.0
1.0,5292.0,2586.0,2646.0,2646.0,2586.0,863.0,861.0,862.0,881.0,882.0,883.0,863.0,861.0,862.0,1757.0,1770.0,1765.0,863.0,861.0,862.0,881.0,882.0,883.0
1.0,5352.0,2621.0,2645.0,2586.0,2618.0,879.0,873.0,866.0,881.0,882.0,882.0,879.0,873.0,869.0,1780.0,1785.0,1787.0,879.0,873.0,866.0,881.0,882.0,882.0
1.0,5317.0,2666.0,2647.0,2618.0,2672.0,886.0,889.0,897.0,881.0,883.0,883.0,886.0,886.0,894.0,1764.0,1773.0,1780.0,886.0,889.0,897.0,881.0,883.0,883.0
1.0,5269.0,2695.0,2648.0,2672.0,2698.0,909.0,891.0,898.0,882.0,883.0,883.0,906.0,891.0,898.0,1757.0,1760.0,1752.0,909.0,891.0,898.0,882.0,883.0,883.0
1.0,5246.0,2722.0,2648.0,2698.0,2722.0,916.0,905.0,901.0,882.0,883.0,883.0,916.0,905.0,901.0,1737.0,1758.0,1751.0,916.0,905.0,901.0,882.0,883.0,883.0
1.0,5222.0,2636.0,2648.0,2722.0,2636.0,879.0,870.0,887.0,882.0,883.0,883.0,879.0,870.0,887.0,1730.0,1744.0,1748.0,879.0,870.0,887.0,882.0,883.0,883.0
1.0,5308.0,2672.0,2647.0,2636.0,2669.0,889.0,885.0,895.0,882.0,883.0,882.0,889.0,885.0,898.0,1767.0,1779.0,1762.0,889.0,885.0,895.0,882.0,883.0,882.0
1.0,5272.0,2699.0,2649.0,2669.0,2705.0,906.0,900.0,899.0,883.0,883.0,883.0,903.0,900.0,896.0,1757.0,1764.0,1751.0,906.0,900.0,899.0,883.0,883.0,883.0
1.0,5242.0,2685.0,2649.0,2705.0,2685.0,893.0,899.0,893.0,883.0,883.0,883.0,893.0,899.0,893.0,1743.0,1749.0,1750.0,893.0,899.0,893.0,883.0,883.0,883.0
1.0,5262.0,2701.0,2651.0,2685.0,2707.0,907.0,893.0,907.0,883.0,884.0,884.0,907.0,890.0,904.0,1756.0,1750.0,1756.0,907.0,893.0,907.0,883.0,884.0,884.0
1.0,5246.0,2697.0,2652.0,2707.0,2700.0,884.0,906.0,910.0,884.0,884.0,884.0,881.0,906.0,910.0,1742.0,1759.0,1745.0,884.0,906.0,910.0,884.0,884.0,884.0
1.0,5256.0,2641.0,2653.0,2700.0,2644.0,869.0,884.0,891.0,884.0,884.0,885.0,869.0,884.0,888.0,1768.0,1746.0,1742.0,869.0,884.0,891.0,884.0,884.0,885.0
1.0,5315.0,2606.0,2652.0,2644.0,2603.0,854.0,879.0,870.0,883.0,884.0,885.0,857.0,879.0,870.0,1783.0,1768.0,1764.0,854.0,879.0,870.0,883.0,884.0,885.0
1.0,5353.0,2633.0,2652.0,2603.0,2633.0,859.0,893.0,881.0,883.0,884.0,885.0,859.0,893.0,881.0,1795.0,1773.0,1785.0,859.0,893.0,881.0,883.0,884.0,885.0
1.0,5323.0,2673.0,2652.0,2633.0,2673.0,891.0,887.0,895.0,883.0,884.0,885.0,891.0,887.0,895.0,1790.0,1759.0,1774.0,891.0,887.0,895.0,883.0,884.0,885.0
1.0,5283.0,2658.0,2651.0,2673.0,2655.0,874.0,892.0,889.0,882.0,884.0,885.0,877.0,892.0,889.0,1758.0,1765.0,1760.0,874.0,892.0,889.0,882.0,884.0,885.0
1.0,5298.0,2638.0,2651.0,2655.0,2638.0,878.0,884.0,876.0,882.0,884.0,885.0,878.0,884.0,876.0,1772.0,1760.0,1766.0,878.0,884.0,876.0,882.0,884.0,885.0
1.0,5315.0,2698.0,2652.0,2638.0,2701.0,910.0,901.0,890.0,882.0,885.0,885.0,910.0,898.0,890.0,1768.0,1768.0,1779.0,910.0,901.0,890.0,882.0,885.0,885.0
1.0,5255.0,2738.0,2654.0,2701.0,2744.0,925.0,901.0,918.0,883.0,885.0,886.0,922.0,901.0,915.0,1736.0,1754.0,1765.0,925.0,901.0,918.0,883.0,885.0,886.0
1.0,5218.0,2712.0,2655.0,2744.0,2715.0,922.0,897.0,896.0,884.0,885.0,886.0,919.0,897.0,896.0,1724.0,1754.0,1740.0,922.0,897.0,896.0,884.0,885.0,886.0
1.0,5250.0,2661.0,2656.0,2715.0,2664.0,894.0,885.0,885.0,884.0,886.0,886.0,894.0,882.0,885.0,1730.0,1758.0,1762.0,894.0,885.0,885.0,884.0,886.0,886.0
1.0,5304.0,2646.0,2657.0,2664.0,2649.0,887.0,878.0,884.0,885.0,886.0,886.0,884.0,878.0,884.0,1758.0,1773.0,1773.0,887.0,878.0,884.0,885.0,886.0,886.0
1.0,5322.0,2704.0,2659.0,2649.0,2710.0,921.0,894.0,895.0,886.0,886.0,887.0,918.0,894.0,892.0,1768.0,1780.0,1774.0,921.0,894.0,895.0,886.0,886.0,887.0
1.0,5267.0,2675.0,2660.0,2710.0,2678.0,880.0,902.0,896.0,886.0,887.0,887.0,880.0,899.0,896.0,1737.0,1764.0,1766.0,880.0,902.0,896.0,886.0,887.0,887.0
1.0,5302.0,2675.0,2660.0,2678.0,2675.0,884.0,901.0,890.0,886.0,887.0,887.0,884.0,901.0,890.0,1778.0,1759.0,1765.0,884.0,901.0,890.0,886.0,887.0,887.0
1.0,5305.0,2634.0,2660.0,2675.0,2634.0,883.0,874.0,877.0,886.0,887.0,887.0,883.0,874.0,877.0,1774.0,1760.0,1771.0,883.0,874.0,877.0,886.0,887.0,887.0
1.0,5346.0,2676.0,2662.0,2634.0,2682.0,886.0,896.0,900.0,887.0,887.0,888.0,883.0,896.0,897.0,1775.0,1787.0,1784.0,886.0,896.0,900.0,887.0,887.0,888.0
1.0,5304.0,2654.0,2661.0,2682.0,2651.0,868.0,890.0,893.0,886.0,887.0,888.0,871.0,890.0,893.0,1775.0,1765.0,1764.0,868.0,890.0,893.0,886.0,887.0,888.0
1.0,5332.0,2720.0,2661.0,2651.0,2720.0,900.0,910.0,910.0,886.0,887.0,888.0,900.0,910.0,910.0,1790.0,1771.0,1771.0,900.0,910.0,910.0,886.0,887.0,888.0
1.0,5263.0,2653.0,2661.0,2720.0,2653.0,886.0,877.0,890.0,886.0,887.0,888.0,886.0,877.0,890.0,1758.0,1751.0,1754.0,886.0,877.0,890.0,886.0,887.0,888.0
1.0,5330.0,2676.0,2661.0,2653.0,2676.0,889.0,902.0,885.0,886.0,887.0,888.0,889.0,902.0,885.0,1772.0,1784.0,1774.0,889.0,902.0,885.0,886.0,887.0,888.0
1.0,5307.0,2695.0,2663.0,2676.0,2701.0,909.0,900.0,892.0,886.0,888.0,889.0,909.0,897.0,889.0,1769.0,1759.0,1779.0,909.0,900.0,892.0,886.0,888.0,889.0
1.0,5288.0,2704.0,2663.0,2701.0,2704.0,909.0,898.0,897.0,887.0,887.0,889.0,906.0,901.0,897.0,1749.0,1764.0,1775.0,909.0,898.0,897.0,887.0,887.0,889.0
1.0,5285.0,2693.0,2664.0,2704.0,2696.0,903.0,901.0,892.0,887.0,888.0,889.0,903.0,898.0,892.0,1752.0,1763.0,1770.0,903.0,901.0,892.0,887.0,888.0,889.0
1.0,5296.0,2692.0,2665.0,2696.0,2695.0,908.0,893.0,894.0,888.0,888.0,889.0,905.0,893.0,894.0,1758.0,1763.0,1775.0,908.0,893.0,894.0,888.0,888.0,889.0
1.0,5300.0,2662.0,2665.0,2695.0,2662.0,905.0,873.0,884.0,888.0,888.0,889.0,905.0,873.0,884.0,1756.0,1771.0,1773.0,905.0,873.0,884.0,888.0,888.0,889.0
1.0,5333.0,2658.0,2667.0,2662.0,2664.0,899.0,873.0,892.0,889.0,888.0,890.0,896.0,873.0,889.0,1759.0,1791.0,1783.0,899.0,873.0,892.0,889.0,888.0,890.0
1.0,5337.0,2675.0,2669.0,2664.0,2681.0,903.0,902.0,876.0,890.0,889.0,890.0,900.0,899.0,876.0,1768.0,1791.0,1778.0,903.0,902.0,876.0,890.0,889.0,890.0
1.0,5326.0,2641.0,2669.0,2681.0,2641.0,880.0,881.0,880.0,890.0,889.0,890.0,880.0,881.0,880.0,1767.0,1765.0,1794.0,880.0,881.0,880.0,890.0,889.0,890.0
1.0,5366.0,2663.0,2670.0,2641.0,2666.0,883.0,897.0,886.0,890.0,890.0,890.0,883.0,894.0,886.0,1790.0,1786.0,1790.0,883.0,897.0,886.0,890.0,890.0,890.0
1.0,5344.0,2670.0,2670.0,2666.0,2670.0,885.0,894.0,891.0,890.0,890.0,890.0,885.0,894.0,891.0,1787.0,1773.0,1784.0,885.0,894.0,891.0,890.0,890.0,890.0
1.0,5340.0,2719.0,2669.0,2670.0,2716.0,904.0,923.0,889.0,890.0,890.0,889.0,904.0,923.0,892.0,1785.0,1776.0,1779.0,904.0,923.0,889.0,890.0,890.0,889.0
1.0,5291.0,2686.0,2670.0,2716.0,2689.0,883.0,907.0,899.0,890.0,891.0,889.0,883.0,904.0,899.0,1766.0,1747.0,1778.0,883.0,907.0,899.0,890.0,891.0,889.0
1.0,5321.0,2708.0,2670.0,2689.0,2708.0,904.0,907.0,897.0,890.0,891.0,889.0,904.0,907.0,897.0,1787.0,1766.0,1768.0,904.0,907.0,897.0,890.0,891.0,889.0
1.0,5302.0,2716.0,2671.0,2708.0,2719.0,909.0,917.0,893.0,891.0,891.0,889.0,906.0,917.0,893.0,1766.0,1766.0,1770.0,909.0,917.0,893.0,891.0,891.0,889.0
1.0,5294.0,2744.0,2671.0,2719.0,2744.0,912.0,918.0,914.0,891.0,891.0,889.0,912.0,918.0,914.0,1764.0,1756.0,1774.0,912.0,918.0,914.0,891.0,891.0,889.0
1.0,5269.0,2718.0,2673.0,2744.0,2724.0,902.0,904.0,918.0,891.0,892.0,890.0,902.0,901.0,915.0,1761.0,1755.0,1753.0,902.0,904.0,918.0,891.0,892.0,890.0
1.0,5295.0,2684.0,2673.0,2724.0,2684.0,900.0,889.0,895.0,891.0,892.0,890.0,900.0,889.0,895.0,1771.0,1772.0,1752.0,900.0,889.0,895.0,891.0,892.0,890.0
1.0,5335.0,2752.0,2675.0,2684.0,2758.0,913.0,918.0,927.0,892.0,892.0,891.0,910.0,918.0,924.0,1773.0,1787.0,1775.0,913.0,918.0,927.0,892.0,892.0,891.0
1.0,5267.0,2686.0,2676.0,2758.0,2689.0,900.0,887.0,902.0,892.0,892.0,892.0,900.0,887.0,899.0,1763.0,1758.0,1746.0,900.0,887.0,902.0,892.0,892.0,892.0
1.0,5339.0,2696.0,2678.0,2689.0,2702.0,905.0,904.0,893.0,893.0,893.0,892.0,902.0,901.0,893.0,1776.0,1789.0,1774.0,905.0,904.0,893.0,893.0,893.0,892.0
1.0,5332.0,2622.0,2678.0,2702.0,2622.0,875.0,876.0,871.0,893.0,893.0,892.0,875.0,876.0,871.0,1774.0,1775.0,1783.0,875.0,876.0,871.0,893.0,893.0,892.0
1.0,5412.0,2713.0,2681.0,2622.0,2722.0,915.0,902.0,905.0,894.0,894.0,893.0,912.0,899.0,902.0,1804.0,1803.0,1805.0,915.0,902.0,905.0,894.0,894.0,893.0
1.0,5321.0,2649.0,2681.0,2722.0,2649.0,885.0,876.0,888.0,894.0,894.0,893.0,885.0,876.0,888.0,1767.0,1780.0,1774.0,885.0,876.0,888.0,894.0,894.0,893.0
1.0,5394.0,2711.0,2681.0,2649.0,2711.0,901.0,905.0,905.0,894.0,894.0,893.0,901.0,905.0,905.0,1797.0,1806.0,1791.0,901.0,905.0,905.0,894.0,894.0,893.0
1.0,5332.0,2743.0,2682.0,2711.0,2746.0,913.0,915.0,918.0,894.0,894.0,894.0,913.0,915.0,915.0,1781.0,1777.0,1774.0,913.0,915.0,918.0,894.0,894.0,894.0
1.0,5300.0,2703.0,2682.0,2746.0,2703.0,886.0,901.0,916.0,894.0,894.0,894.0,886.0,901.0,916.0,1769.0,1767.0,1764.0,886.0,901.0,916.0,894.0,894.0,894.0
1.0,5343.0,2729.0,2683.0,2703.0,2732.0,912.0,913.0,907.0,894.0,895.0,894.0,912.0,910.0,907.0,1796.0,1781.0,1766.0,912.0,913.0,907.0,894.0,895.0,894.0
1.0,5317.0,2721.0,2685.0,2732.0,2727.0,903.0,917.0,907.0,895.0,896.0,894.0,900.0,914.0,907.0,1770.0,1772.0,1775.0,903.0,917.0,907.0,895.0,896.0,894.0
1.0,5328.0,2714.0,2685.0,2727.0,2714.0,891.0,915.0,908.0,894.0,896.0,895.0,894.0,915.0,905.0,1782.0,1771.0,1775.0,891.0,915.0,908.0,894.0,896.0,895.0
1.0,5341.0,2700.0,2686.0,2714.0,2703.0,908.0,906.0,889.0,895.0,896.0,895.0,905.0,906.0,889.0,1791.0,1773.0,1777.0,908.0,906.0,889.0,895.0,896.0,895.0
1.0,5355.0,2721.0,2687.0,2703.0,2724.0,904.0,917.0,903.0,895.0,897.0,895.0,904.0,914.0,903.0,1777.0,1782.0,1796.0,904.0,917.0,903.0,895.0,897.0,895.0
1.0,5337.0,2643.0,2685.0,2724.0,2637.0,886.0,880.0,871.0,895.0,896.0,894.0,886.0,883.0,874.0,1781.0,1774.0,1782.0,886.0,880.0,871.0,895.0,896.0,894.0
1.0,5418.0,2696.0,2686.0,2637.0,2699.0,897.0,915.0,887.0,895.0,897.0,894.0,897.0,912.0,887.0,1799.0,1808.0,1811.0,897.0,915.0,887.0,895.0,897.0,894.0
1.0,5359.0,2689.0,2687.0,2699.0,2692.0,900.0,895.0,897.0,896.0,897.0,894.0,897.0,895.0,897.0,1788.0,1776.0,1795.0,900.0,895.0,897.0,896.0,897.0,894.0
1.0,5369.0,2705.0,2689.0,2692.0,2711.0,911.0,901.0,899.0,897.0,897.0,895.0,908.0,901.0,896.0,1788.0,1796.0,1785.0,911.0,901.0,899.0,897.0,897.0,895.0
1.0,5356.0,2722.0,2689.0,2711.0,2722.0,905.0,901.0,916.0,897.0,897.0,895.0,905.0,901.0,916.0,1780.0,1790.0,1786.0,905.0,901.0,916.0,897.0,897.0,895.0
1.0,5345.0,2727.0,2692.0,2722.0,2736.0,903.0,913.0,920.0,898.0,898.0,896.0,900.0,910.0,917.0,1786.0,1790.0,1769.0,903.0,913.0,920.0,898.0,898.0,896.0
1.0,5340.0,2682.0,2692.0,2736.0,2682.0,881.0,888.0,913.0,898.0,898.0,896.0,881.0,888.0,913.0,1791.0,1781.0,1768.0,881.0,888.0,913.0,898.0,898.0,896.0
1.0,5394.0,2689.0,2692.0,2682.0,2689.0,893.0,886.0,910.0,897.0,898.0,897.0,896.0,886.0,907.0,1813.0,1806.0,1775.0,893.0,886.0,910.0,897.0,898.0,897.0
1.0,5387.0,2706.0,2692.0,2689.0,2706.0,897.0,897.0,912.0,897.0,898.0,897.0,897.0,897.0,912.0,1798.0,1808.0,1781.0,897.0,897.0,912.0,897.0,898.0,897.0
1.0,5370.0,2702.0,2691.0,2706.0,2699.0,887.0,904.0,908.0,896.0,898.0,897.0,890.0,904.0,908.0,1794.0,1797.0,1779.0,887.0,904.0,908.0,896.0,898.0,897.0
1.0,5374.0,2726.0,2692.0,2699.0,2729.0,923.0,906.0,900.0,897.0,898.0,897.0,920.0,906.0,900.0,1801.0,1790.0,1783.0,923.0,906.0,900.0,897.0,898.0,897.0
1.0,5347.0,2649.0,2692.0,2729.0,2649.0,886.0,873.0,890.0,897.0,898.0,897.0,886.0,873.0,890.0,1768.0,1788.0,1791.0,886.0,873.0,890.0,897.0,898.0,897.0
1.0,5427.0,2697.0,2691.0,2649.0,2694.0,893.0,907.0,894.0,896.0,898.0,897.0,896.0,907.0,894.0,1805.0,1821.0,1801.0,893.0,907.0,894.0,896.0,898.0,897.0
1.0,5379.0,2710.0,2692.0,2694.0,2713.0,909.0,904.0,900.0,897.0,898.0,897.0,906.0,904.0,900.0,1795.0,1787.0,1797.0,909.0,904.0,900.0,897.0,898.0,897.0
1.0,5363.0,2666.0,2692.0,2713.0,2666.0,899.0,889.0,878.0,897.0,898.0,897.0,899.0,889.0,878.0,1782.0,1790.0,1791.0,899.0,889.0,878.0,897.0,898.0,897.0
1.0,5410.0,2686.0,2694.0,2666.0,2692.0,905.0,903.0,884.0,898.0,899.0,897.0,902.0,900.0,884.0,1792.0,1805.0,1813.0,905.0,903.0,884.0,898.0,899.0,897.0
1.0,5390.0,2686.0,2694.0,2692.0,2686.0,900.0,908.0,878.0,898.0,899.0,897.0,900.0,908.0,878.0,1789.0,1794.0,1807.0,900.0,908.0,878.0,898.0,899.0,897.0
1.0,5396.0,2719.0,2695.0,2686.0,2722.0,917.0,906.0,899.0,899.0,899.0,897.0,914.0,906.0,899.0,1794.0,1789.0,1813.0,917.0,906.0,899.0,899.0,899.0,897.0
1.0,5363.0,2674.0,2695.0,2722.0,2674.0,887.0,897.0,890.0,899.0,899.0,897.0,887.0,897.0,890.0,1780.0,1791.0,1792.0,887.0,897.0,890.0,899.0,899.0,897.0
1.0,5411.0,2712.0,2695.0,2674.0,2712.0,905.0,903.0,904.0,899.0,899.0,897.0,905.0,903.0,904.0,1810.0,1800.0,1801.0,905.0,903.0,904.0,899.0,899.0,897.0
1.0,5373.0,2718.0,2695.0,2712.0,2718.0,903.0,904.0,911.0,899.0,899.0,897.0,903.0,904.0,911.0,1792.0,1794.0,1787.0,903.0,904.0,911.0,899.0,899.0,897.0
1.0,5367.0,2695.0,2696.0,2718.0,2698.0,902.0,901.0,895.0,899.0,900.0,897.0,902.0,898.0,895.0,1794.0,1793.0,1780.0,902.0,901.0,895.0,899.0,900.0,897.0
1.0,5390.0,2722.0,2697.0,2698.0,2725.0,900.0,915.0,910.0,899.0,900.0,898.0,900.0,915.0,907.0,1795.0,1799.0,1796.0,900.0,915.0,910.0,899.0,900.0,898.0
1.0,5366.0,2704.0,2697.0,2725.0,2704.0,899.0,899.0,906.0,899.0,900.0,898.0,899.0,899.0,906.0,1797.0,1785.0,1784.0,899.0,899.0,906.0,899.0,900.0,898.0
1.0,5387.0,2722.0,2697.0,2704.0,2722.0,901.0,905.0,916.0,899.0,900.0,898.0,901.0,905.0,916.0,1798.0,1801.0,1788.0,901.0,905.0,916.0,899.0,900.0,898.0
1.0,5369.0,2701.0,2698.0,2722.0,2704.0,899.0,888.0,917.0,899.0,900.0,899.0,899.0,888.0,914.0,1796.0,1795.0,1778.0,899.0,888.0,917.0,899.0,900.0,899.0
1.0,5390.0,2733.0,2700.0,2704.0,2739.0,906.0,906.0,927.0,899.0,901.0,900.0,906.0,903.0,924.0,1798.0,1812.0,1780.0,906.0,906.0,927.0,899.0,901.0,900.0
1.0,5361.0,2682.0,2700.0,2739.0,2682.0,894.0,886.0,902.0,899.0,901.0,900.0,894.0,886.0,902.0,1791.0,1797.0,1773.0,894.0,886.0,902.0,899.0,901.0,900.0
1.0,5418.0,2720.0,2701.0,2682.0,2723.0,907.0,905.0,911.0,899.0,901.0,901.0,907.0,905.0,908.0,1803.0,1817.0,1798.0,907.0,905.0,911.0,899.0,901.0,901.0
1.0,5380.0,2706.0,2702.0,2723.0,2709.0,912.0,898.0,899.0,900.0,901.0,901.0,909.0,898.0,899.0,1790.0,1798.0,1792.0,912.0,898.0,899.0,900.0,901.0,901.0
1.0,5397.0,2722.0,2702.0,2709.0,2722.0,911.0,903.0,908.0,900.0,901.0,901.0,911.0,903.0,908.0,1788.0,1805.0,1804.0,911.0,903.0,908.0,900.0,901.0,901.0
1.0,5384.0,2751.0,2703.0,2722.0,2754.0,911.0,923.0,920.0,900.0,901.0,902.0,911.0,923.0,917.0,1789.0,1800.0,1795.0,911.0,923.0,920.0,900.0,901.0,902.0
1.0,5355.0,2702.0,2704.0,2754.0,2705.0,901.0,909.0,895.0,901.0,901.0,902.0,898.0,909.0,895.0,1789.0,1780.0,1786.0,901.0,909.0,895.0,901.0,901.0,902.0
1.0,5407.0,2741.0,2705.0,2705.0,2744.0,916.0,922.0,906.0,901.0,902.0,902.0,916.0,919.0,906.0,1802.0,1794.0,1811.0,916.0,922.0,906.0,901.0,902.0,902.0
1.0,5371.0,2770.0,2705.0,2744.0,2770.0,926.0,923.0,921.0,901.0,902.0,902.0,926.0,923.0,921.0,1787.0,1784.0,1800.0,926.0,923.0,921.0,901.0,902.0,902.0
1.0,5345.0,2755.0,2705.0,2770.0,2755.0,920.0,926.0,909.0,901.0,902.0,902.0,920.0,926.0,909.0,1777.0,1783.0,1785.0,920.0,926.0,909.0,901.0,902.0,902.0
1.0,5360.0,2704.0,2705.0,2755.0,2704.0,901.0,904.0,899.0,901.0,902.0,902.0,901.0,904.0,899.0,1783.0,1780.0,1797.0,901.0,904.0,899.0,901.0,902.0,902.0
1.0,5411.0,2720.0,2706.0,2704.0,2723.0,921.0,892.0,910.0,902.0,902.0,902.0,918.0,892.0,910.0,1802.0,1802.0,1807.0,921.0,892.0,910.0,902.0,902.0,902.0
1.0,5395.0,2670.0,2704.0,2723.0,2664.0,884.0,900.0,880.0,901.0,902.0,901.0,887.0,900.0,883.0,1785.0,1814.0,1796.0,884.0,900.0,880.0,901.0,902.0,901.0
1.0,5448.0,2715.0,2706.0,2664.0,2721.0,913.0,892.0,916.0,902.0,902.0,902.0,910.0,892.0,913.0,1819.0,1806.0,1823.0,913.0,892.0,916.0,902.0,902.0,902.0
1.0,5397.0,2709.0,2705.0,2721.0,2706.0,896.0,900.0,910.0,901.0,902.0,902.0,899.0,900.0,910.0,1793.0,1814.0,1790.0,896.0,900.0,910.0,901.0,902.0,902.0
1.0,5409.0,2712.0,2707.0,2706.0,2718.0,912.0,903.0,903.0,902.0,902.0,903.0,909.0,903.0,900.0,1807.0,1806.0,1796.0,912.0,903.0,903.0,902.0,902.0,903.0
1.0,5403.0,2746.0,2708.0,2718.0,2749.0,912.0,919.0,918.0,902.0,903.0,903.0,912.0,916.0,918.0,1794.0,1803.0,1806.0,912.0,919.0,918.0,902.0,903.0,903.0
1.0,5375.0,2728.0,2709.0,2749.0,2731.0,920.0,897.0,914.0,903.0,903.0,903.0,917.0,897.0,914.0,1794.0,1790.0,1791.0,920.0,897.0,914.0,903.0,903.0,903.0
1.0,5396.0,2719.0,2709.0,2731.0,2719.0,908.0,902.0,909.0,903.0,903.0,903.0,908.0,902.0,909.0,1789.0,1812.0,1795.0,908.0,902.0,909.0,903.0,903.0,903.0
1.0,5408.0,2764.0,2710.0,2719.0,2767.0,922.0,923.0,922.0,903.0,903.0,904.0,922.0,923.0,919.0,1801.0,1807.0,1800.0,922.0,923.0,922.0,903.0,903.0,904.0
1.0,5363.0,2749.0,2711.0,2767.0,2752.0,920.0,925.0,907.0,904.0,904.0,903.0,917.0,922.0,910.0,1787.0,1786.0,1790.0,920.0,925.0,907.0,904.0,904.0,903.0
1.0,5381.0,2763.0,2712.0,2752.0,2766.0,910.0,930.0,926.0,904.0,904.0,904.0,910.0,930.0,923.0,1792.0,1787.0,1802.0,910.0,930.0,926.0,904.0,904.0,904.0
1.0,5370.0,2769.0,2712.0,2766.0,2769.0,921.0,924.0,924.0,904.0,904.0,904.0,921.0,924.0,924.0,1802.0,1782.0,1786.0,921.0,924.0,924.0,904.0,904.0,904.0
1.0,5367.0,2701.0,2712.0,2769.0,2701.0,896.0,905.0,900.0,904.0,904.0,904.0,896.0,905.0,900.0,1791.0,1788.0,1788.0,896.0,905.0,900.0,904.0,904.0,904.0
1.0,5435.0,2748.0,2713.0,2701.0,2751.0,902.0,917.0,932.0,904.0,904.0,905.0,902.0,917.0,929.0,1816.0,1807.0,1812.0,902.0,917.0,932.0,904.0,904.0,905.0
1.0,5388.0,2730.0,2713.0,2751.0,2730.0,905.0,923.0,902.0,904.0,904.0,905.0,905.0,923.0,902.0,1810.0,1795.0,1783.0,905.0,923.0,902.0,904.0,904.0,905.0
1.0,5409.0,2749.0,2716.0,2730.0,2758.0,924.0,916.0,918.0,905.0,905.0,906.0,921.0,913.0,915.0,1807.0,1789.0,1813.0,924.0,916.0,918.0,905.0,905.0,906.0
1.0,5390.0,2668.0,2714.0,2758.0,2662.0,882.0,887.0,893.0,904.0,904.0,906.0,885.0,890.0,893.0,1791.0,1799.0,1800.0,882.0,887.0,893.0,904.0,904.0,906.0
1.0,5480.0,2723.0,2715.0,2662.0,2726.0,898.0,919.0,909.0,904.0,905.0,906.0,898.0,916.0,909.0,1830.0,1825.0,1825.0,898.0,919.0,909.0,904.0,905.0,906.0
1.0,5419.0,2716.0,2715.0,2726.0,2716.0,908.0,907.0,901.0,904.0,905.0,906.0,908.0,907.0,901.0,1814.0,1796.0,1809.0,908.0,907.0,901.0,904.0,905.0,906.0
1.0,5429.0,2699.0,2715.0,2716.0,2699.0,915.0,896.0,888.0,905.0,905.0,905.0,912.0,896.0,891.0,1804.0,1808.0,1817.0,915.0,896.0,888.0,905.0,905.0,905.0
1.0,5446.0,2737.0,2715.0,2699.0,2737.0,921.0,903.0,913.0,905.0,905.0,905.0,921.0,903.0,913.0,1800.0,1819.0,1827.0,921.0,903.0,913.0,905.0,905.0,905.0
1.0,5408.0,2703.0,2716.0,2737.0,2706.0,914.0,900.0,892.0,906.0,905.0,905.0,911.0,900.0,892.0,1794.0,1812.0,1802.0,914.0,900.0,892.0,906.0,905.0,905.0
1.0,5442.0,2765.0,2717.0,2706.0,2768.0,928.0,918.0,922.0,906.0,906.0,905.0,928.0,915.0,922.0,1804.0,1815.0,1823.0,928.0,918.0,922.0,906.0,906.0,905.0
1.0,5383.0,2746.0,2718.0,2768.0,2749.0,923.0,916.0,910.0,907.0,906.0,905.0,920.0,916.0,910.0,1790.0,1800.0,1793.0,923.0,916.0,910.0,907.0,906.0,905.0
1.0,5405.0,2731.0,2718.0,2749.0,2731.0,905.0,913.0,913.0,907.0,906.0,905.0,905.0,913.0,913.0,1798.0,1802.0,1805.0,905.0,913.0,913.0,907.0,906.0,905.0
1.0,5423.0,2723.0,2717.0,2731.0,2720.0,891.0,927.0,902.0,906.0,906.0,905.0,894.0,927.0,902.0,1816.0,1805.0,1802.0,891.0,927.0,902.0,906.0,906.0,905.0
1.0,5431.0,2760.0,2720.0,2720.0,2769.0,917.0,922.0,930.0,907.0,907.0,906.0,914.0,919.0,927.0,1827.0,1791.0,1813.0,917.0,922.0,930.0,907.0,907.0,906.0
1.0,5391.0,2761.0,2721.0,2769.0,2764.0,919.0,913.0,932.0,907.0,907.0,907.0,919.0,913.0,929.0,1804.0,1799.0,1788.0,919.0,913.0,932.0,907.0,907.0,907.0
1.0,5399.0,2718.0,2722.0,2764.0,2721.0,900.0,909.0,912.0,907.0,908.0,907.0,900.0,906.0,912.0,1802.0,1808.0,1789.0,900.0,909.0,912.0,907.0,908.0,907.0
1.0,5445.0,2768.0,2723.0,2721.0,2771.0,908.0,925.0,938.0,907.0,908.0,908.0,908.0,925.0,935.0,1821.0,1815.0,1809.0,908.0,925.0,938.0,907.0,908.0,908.0
1.0,5398.0,2713.0,2724.0,2771.0,2716.0,887.0,913.0,916.0,907.0,908.0,909.0,887.0,913.0,913.0,1813.0,1799.0,1786.0,887.0,913.0,916.0,907.0,908.0,909.0
1.0,5456.0,2701.0,2724.0,2716.0,2701.0,896.0,905.0,900.0,907.0,908.0,909.0,896.0,905.0,900.0,1834.0,1811.0,1811.0,896.0,905.0,900.0,907.0,908.0,909.0
1.0,5471.0,2734.0,2725.0,2701.0,2737.0,911.0,919.0,907.0,907.0,909.0,909.0,911.0,916.0,907.0,1825.0,1819.0,1827.0,911.0,919.0,907.0,907.0,909.0,909.0
1.0,5438.0,2749.0,2727.0,2737.0,2755.0,920.0,920.0,915.0,908.0,909.0,910.0,917.0,920.0,912.0,1810.0,1808.0,1820.0,920.0,920.0,915.0,908.0,909.0,910.0
1.0,5426.0,2759.0,2727.0,2755.0,2759.0,925.0,920.0,914.0,908.0,909.0,910.0,925.0,920.0,914.0,1804.0,1807.0,1815.0,925.0,920.0,914.0,908.0,909.0,910.0
1.0,5422.0,2766.0,2729.0,2759.0,2772.0,933.0,917.0,922.0,909.0,910.0,910.0,930.0,914.0,922.0,1799.0,1807.0,1816.0,933.0,917.0,922.0,909.0,910.0,910.0
1.0,5415.0,2779.0,2730.0,2772.0,2782.0,929.0,925.0,928.0,909.0,910.0,911.0,929.0,925.0,925.0,1794.0,1813.0,1808.0,929.0,925.0,928.0,909.0,910.0,911.0
1.0,5408.0,2777.0,2731.0,2782.0,2780.0,933.0,918.0,929.0,910.0,910.0,911.0,930.0,918.0,929.0,1798.0,1805.0,1805.0,933.0,918.0,929.0,910.0,910.0,911.0
1.0,5413.0,2726.0,2731.0,2780.0,2726.0,904.0,902.0,920.0,910.0,910.0,911.0,904.0,902.0,920.0,1797.0,1812.0,1804.0,904.0,902.0,920.0,910.0,910.0,911.0
1.0,5467.0,2703.0,2731.0,2726.0,2703.0,907.0,898.0,898.0,910.0,910.0,911.0,907.0,898.0,898.0,1826.0,1828.0,1813.0,907.0,898.0,898.0,910.0,910.0,911.0
1.0,5490.0,2749.0,2732.0,2703.0,2752.0,907.0,925.0,920.0,910.0,911.0,911.0,907.0,922.0,920.0,1823.0,1832.0,1835.0,907.0,925.0,920.0,910.0,911.0,911.0
1.0,5444.0,2727.0,2732.0,2752.0,2727.0,911.0,908.0,908.0,910.0,911.0,911.0,911.0,908.0,908.0,1823.0,1808.0,1813.0,911.0,908.0,908.0,910.0,911.0,911.0
1.0,5469.0,2743.0,2732.0,2727.0,2743.0,910.0,913.0,920.0,910.0,911.0,911.0,910.0,913.0,920.0,1819.0,1825.0,1825.0,910.0,913.0,920.0,910.0,911.0,911.0
1.0,5453.0,2728.0,2732.0,2743.0,2728.0,908.0,912.0,908.0,910.0,911.0,911.0,908.0,912.0,908.0,1820.0,1820.0,1813.0,908.0,912.0,908.0,910.0,911.0,911.0
1.0,5468.0,2768.0,2734.0,2728.0,2774.0,914.0,936.0,924.0,910.0,912.0,912.0,914.0,933.0,921.0,1822.0,1821.0,1825.0,914.0,936.0,924.0,910.0,912.0,912.0
1.0,5428.0,2738.0,2734.0,2774.0,2738.0,910.0,908.0,920.0,910.0,912.0,912.0,910.0,908.0,920.0,1816.0,1800.0,1812.0,910.0,908.0,920.0,910.0,912.0,912.0
1.0,5464.0,2761.0,2735.0,2738.0,2764.0,918.0,930.0,916.0,911.0,912.0,912.0,915.0,930.0,916.0,1820.0,1828.0,1816.0,918.0,930.0,916.0,911.0,912.0,912.0
1.0,5441.0,2809.0,2737.0,2764.0,2815.0,942.0,933.0,940.0,911.0,913.0,913.0,942.0,930.0,937.0,1815.0,1806.0,1820.0,942.0,933.0,940.0,911.0,913.0,913.0
1.0,5396.0,2766.0,2738.0,2815.0,2769.0,926.0,916.0,927.0,912.0,913.0,913.0,923.0,916.0,927.0,1791.0,1806.0,1799.0,926.0,916.0,927.0,912.0,913.0,913.0
1.0,5445.0,2793.0,2738.0,2769.0,2793.0,939.0,914.0,940.0,912.0,913.0,913.0,939.0,914.0,940.0,1810.0,1823.0,1812.0,939.0,914.0,940.0,912.0,913.0,913.0
1.0,5421.0,2791.0,2739.0,2793.0,2794.0,921.0,930.0,943.0,912.0,913.0,914.0,921.0,930.0,940.0,1797.0,1825.0,1799.0,921.0,930.0,943.0,912.0,913.0,914.0
1.0,5423.0,2731.0,2738.0,2794.0,2728.0,908.0,892.0,928.0,912.0,912.0,914.0,908.0,895.0,928.0,1815.0,1809.0,1799.0,908.0,892.0,928.0,912.0,912.0,914.0
1.0,5486.0,2726.0,2739.0,2728.0,2729.0,916.0,889.0,924.0,912.0,912.0,915.0,916.0,889.0,921.0,1828.0,1844.0,1814.0,916.0,889.0,924.0,912.0,912.0,915.0
1.0,5488.0,2721.0,2739.0,2729.0,2721.0,914.0,905.0,902.0,912.0,912.0,915.0,914.0,905.0,902.0,1820.0,1847.0,1821.0,914.0,905.0,902.0,912.0,912.0,915.0
1.0,5496.0,2707.0,2740.0,2721.0,2710.0,904.0,907.0,899.0,912.0,913.0,915.0,904.0,904.0,899.0,1822.0,1831.0,1843.0,904.0,907.0,899.0,912.0,913.0,915.0
1.0,5510.0,2722.0,2741.0,2710.0,2725.0,921.0,896.0,908.0,913.0,913.0,915.0,918.0,896.0,908.0,1832.0,1832.0,1846.0,921.0,896.0,908.0,913.0,913.0,915.0
1.0,5498.0,2721.0,2741.0,2725.0,2721.0,909.0,913.0,899.0,913.0,913.0,915.0,909.0,913.0,899.0,1818.0,1843.0,1837.0,909.0,913.0,899.0,913.0,913.0,915.0
1.0,5502.0,2715.0,2740.0,2721.0,2712.0,887.0,914.0,911.0,912.0,913.0,915.0,890.0,914.0,911.0,1830.0,1826.0,1846.0,887.0,914.0,911.0,912.0,913.0,915.0
1.0,5508.0,2747.0,2739.0,2712.0,2744.0,915.0,926.0,903.0,912.0,913.0,914.0,915.0,926.0,906.0,1849.0,1825.0,1834.0,915.0,926.0,903.0,912.0,913.0,914.0
1.0,5473.0,2735.0,2740.0,2744.0,2738.0,915.0,922.0,901.0,912.0,914.0,914.0,915.0,919.0,901.0,1821.0,1813.0,1839.0,915.0,922.0,901.0,912.0,914.0,914.0
1.0,5482.0,2766.0,2740.0,2738.0,2766.0,927.0,922.0,917.0,912.0,914.0,914.0,927.0,922.0,917.0,1821.0,1820.0,1841.0,927.0,922.0,917.0,912.0,914.0,914.0
1.0,5454.0,2792.0,2742.0,2766.0,2798.0,926.0,935.0,937.0,913.0,914.0,915.0,923.0,935.0,934.0,1809.0,1820.0,1825.0,926.0,935.0,937.0,913.0,914.0,915.0
1.0,5428.0,2832.0,2742.0,2798.0,2832.0,934.0,951.0,947.0,913.0,914.0,915.0,934.0,951.0,947.0,1813.0,1807.0,1808.0,934.0,951.0,947.0,913.0,914.0,915.0
1.0,5394.0,2757.0,2742.0,2832.0,2757.0,920.0,931.0,906.0,913.0,914.0,915.0,920.0,931.0,906.0,1805.0,1791.0,1798.0,920.0,931.0,906.0,913.0,914.0,915.0
1.0,5469.0,2811.0,2745.0,2757.0,2820.0,937.0,943.0,940.0,914.0,915.0,916.0,934.0,940.0,937.0,1819.0,1811.0,1839.0,937.0,943.0,940.0,914.0,915.0,916.0
1.0,5415.0,2804.0,2745.0,2820.0,2804.0,938.0,926.0,940.0,914.0,915.0,916.0,938.0,926.0,940.0,1805.0,1802.0,1808.0,938.0,926.0,940.0,914.0,915.0,916.0
1.0,5431.0,2763.0,2746.0,2804.0,2766.0,929.0,923.0,914.0,915.0,915.0,916.0,926.0,923.0,914.0,1804.0,1819.0,1808.0,929.0,923.0,914.0,915.0,915.0,916.0
1.0,5472.0,2696.0,2745.0,2766.0,2693.0,891.0,902.0,900.0,914.0,915.0,916.0,894.0,902.0,900.0,1816.0,1822.0,1834.0,891.0,902.0,900.0,914.0,915.0,916.0
1.0,5542.0,2732.0,2746.0,2693.0,2735.0,916.0,903.0,916.0,915.0,915.0,916.0,913.0,903.0,916.0,1851.0,1843.0,1848.0,916.0,903.0,916.0,915.0,915.0,916.0
1.0,5503.0,2754.0,2747.0,2735.0,2757.0,907.0,916.0,934.0,915.0,915.0,917.0,907.0,916.0,931.0,1829.0,1842.0,1832.0,907.0,916.0,934.0,915.0,915.0,917.0
1.0,5484.0,2803.0,2749.0,2757.0,2809.0,938.0,942.0,929.0,916.0,916.0,917.0,935.0,939.0,929.0,1838.0,1829.0,1817.0,938.0,942.0,929.0,916.0,916.0,917.0
1.0,5438.0,2807.0,2751.0,2809.0,2813.0,924.0,948.0,941.0,916.0,917.0,918.0,924.0,945.0,938.0,1810.0,1806.0,1822.0,924.0,948.0,941.0,916.0,917.0,918.0
1.0,5440.0,2777.0,2751.0,2813.0,2777.0,924.0,922.0,931.0,916.0,917.0,918.0,924.0,922.0,931.0,1824.0,1803.0,1813.0,924.0,922.0,931.0,916.0,917.0,918.0
1.0,5476.0,2780.0,2753.0,2777.0,2786.0,921.0,933.0,932.0,916.0,918.0,919.0,921.0,930.0,929.0,1824.0,1829.0,1823.0,921.0,933.0,932.0,916.0,918.0,919.0
1.0,5473.0,2761.0,2753.0,2786.0,2761.0,922.0,920.0,919.0,916.0,918.0,919.0,922.0,920.0,919.0,1827.0,1821.0,1825.0,922.0,920.0,919.0,916.0,918.0,919.0
1.0,5498.0,2783.0,2753.0,2761.0,2783.0,926.0,938.0,919.0,916.0,918.0,919.0,926.0,938.0,919.0,1826.0,1834.0,1838.0,926.0,938.0,919.0,916.0,918.0,919.0
1.0,5476.0,2759.0,2754.0,2783.0,2762.0,927.0,930.0,905.0,916.0,919.0,919.0,927.0,927.0,905.0,1822.0,1816.0,1838.0,927.0,930.0,905.0,916.0,919.0,919.0
1.0,5500.0,2775.0,2755.0,2762.0,2778.0,943.0,923.0,912.0,917.0,919.0,919.0,940.0,923.0,912.0,1821.0,1827.0,1852.0,943.0,923.0,912.0,917.0,919.0,919.0
1.0,5487.0,2790.0,2756.0,2778.0,2793.0,944.0,929.0,920.0,918.0,919.0,919.0,941.0,929.0,920.0,1808.0,1834.0,1845.0,944.0,929.0,920.0,918.0,919.0,919.0
1.0,5475.0,2780.0,2756.0,2793.0,2780.0,933.0,933.0,914.0,918.0,919.0,919.0,933.0,933.0,914.0,1810.0,1828.0,1837.0,933.0,933.0,914.0,918.0,919.0,919.0
1.0,5488.0,2813.0,2758.0,2780.0,2819.0,948.0,945.0,926.0,919.0,920.0,919.0,945.0,942.0,926.0,1821.0,1824.0,1843.0,948.0,945.0,926.0,919.0,920.0,919.0
1.0,5455.0,2777.0,2758.0,2819.0,2777.0,926.0,929.0,922.0,919.0,920.0,919.0,926.0,929.0,922.0,1809.0,1815.0,1831.0,926.0,929.0,922.0,919.0,920.0,919.0
1.0,5497.0,2763.0,2759.0,2777.0,2766.0,916.0,931.0,919.0,920.0,920.0,919.0,913.0,931.0,919.0,1831.0,1831.0,1835.0,916.0,931.0,919.0,920.0,920.0,919.0
1.0,5511.0,2814.0,2761.0,2766.0,2820.0,926.0,954.0,940.0,920.0,921.0,920.0,926.0,951.0,937.0,1844.0,1829.0,1838.0,926.0,954.0,940.0,920.0,921.0,920.0
1.0,5463.0,2728.0,2761.0,2820.0,2728.0,902.0,914.0,912.0,920.0,921.0,920.0,902.0,914.0,912.0,1834.0,1809.0,1820.0,902.0,914.0,912.0,920.0,921.0,920.0
1.0,5555.0,2781.0,2761.0,2728.0,2781.0,919.0,930.0,932.0,920.0,921.0,920.0,919.0,930.0,932.0,1858.0,1849.0,1848.0,919.0,930.0,932.0,920.0,921.0,920.0
1.0,5502.0,2768.0,2761.0,2781.0,2768.0,912.0,925.0,931.0,920.0,921.0,920.0,912.0,925.0,931.0,1841.0,1833.0,1828.0,912.0,925.0,931.0,920.0,921.0,920.0
1.0,5515.0,2818.0,2763.0,2768.0,2824.0,940.0,932.0,952.0,920.0,922.0,921.0,940.0,929.0,949.0,1848.0,1838.0,1829.0,940.0,932.0,952.0,920.0,922.0,921.0
1.0,5465.0,2791.0,2763.0,2824.0,2791.0,940.0,922.0,929.0,920.0,922.0,921.0,940.0,922.0,929.0,1820.0,1834.0,1811.0,940.0,922.0,929.0,920.0,922.0,921.0
1.0,5498.0,2790.0,2764.0,2791.0,2793.0,944.0,919.0,930.0,921.0,922.0,921.0,941.0,919.0,930.0,1820.0,1844.0,1834.0,944.0,919.0,930.0,921.0,922.0,921.0
1.0,5499.0,2785.0,2764.0,2793.0,2785.0,930.0,930.0,925.0,921.0,922.0,921.0,930.0,930.0,925.0,1819.0,1847.0,1833.0,930.0,930.0,925.0,921.0,922.0,921.0
1.0,5507.0,2766.0,2766.0,2785.0,2772.0,932.0,928.0,912.0,922.0,923.0,921.0,929.0,925.0,912.0,1833.0,1836.0,1838.0,932.0,928.0,912.0,922.0,923.0,921.0
1.0,5526.0,2734.0,2765.0,2772.0,2731.0,925.0,905.0,901.0,922.0,922.0,921.0,925.0,908.0,901.0,1834.0,1841.0,1851.0,925.0,905.0,901.0,922.0,922.0,921.0
1.0,5564.0,2750.0,2766.0,2731.0,2753.0,920.0,918.0,915.0,922.0,923.0,921.0,920.0,915.0,915.0,1841.0,1861.0,1862.0,920.0,918.0,915.0,922.0,923.0,921.0
1.0,5545.0,2791.0,2767.0,2753.0,2794.0,940.0,923.0,931.0,923.0,923.0,921.0,937.0,923.0,931.0,1846.0,1851.0,1848.0,940.0,923.0,931.0,923.0,923.0,921.0
1.0,5507.0,2785.0,2768.0,2794.0,2788.0,927.0,932.0,929.0,923.0,923.0,922.0,927.0,932.0,926.0,1829.0,1846.0,1832.0,927.0,932.0,929.0,923.0,923.0,922.0
1.0,5516.0,2765.0,2768.0,2788.0,2765.0,925.0,926.0,914.0,923.0,923.0,922.0,925.0,926.0,914.0,1842.0,1837.0,1837.0,925.0,926.0,914.0,923.0,923.0,922.0
1.0,5539.0,2786.0,2769.0,2765.0,2789.0,926.0,943.0,920.0,923.0,924.0,922.0,926.0,940.0,920.0,1844.0,1843.0,1852.0,926.0,943.0,920.0,923.0,924.0,922.0
1.0,5518.0,2788.0,2770.0,2789.0,2791.0,928.0,940.0,923.0,924.0,924.0,922.0,925.0,940.0,923.0,1843.0,1829.0,1846.0,928.0,940.0,923.0,924.0,924.0,922.0
1.0,5519.0,2794.0,2769.0,2791.0,2791.0,921.0,935.0,935.0,923.0,924.0,922.0,924.0,935.0,935.0,1844.0,1832.0,1843.0,921.0,935.0,935.0,923.0,924.0,922.0
1.0,5516.0,2777.0,2769.0,2791.0,2777.0,914.0,942.0,921.0,923.0,924.0,922.0,914.0,942.0,921.0,1848.0,1837.0,1831.0,914.0,942.0,921.0,923.0,924.0,922.0
1.0,5530.0,2803.0,2769.0,2777.0,2803.0,924.0,952.0,927.0,923.0,925.0,921.0,924.0,949.0,930.0,1855.0,1830.0,1845.0,924.0,952.0,927.0,923.0,925.0,921.0
1.0,5504.0,2800.0,2769.0,2803.0,2800.0,937.0,919.0,944.0,923.0,925.0,921.0,937.0,919.0,944.0,1845.0,1823.0,1836.0,937.0,919.0,944.0,923.0,925.0,921.0
1.0,5507.0,2806.0,2772.0,2800.0,2815.0,941.0,936.0,938.0,924.0,926.0,922.0,938.0,933.0,935.0,1832.0,1856.0,1819.0,941.0,936.0,938.0,924.0,926.0,922.0
1.0,5501.0,2782.0,2772.0,2815.0,2782.0,925.0,921.0,936.0,924.0,926.0,922.0,925.0,921.0,936.0,1831.0,1842.0,1828.0,925.0,921.0,936.0,924.0,926.0,922.0
1.0,5534.0,2784.0,2773.0,2782.0,2787.0,930.0,928.0,929.0,924.0,927.0,922.0,930.0,925.0,929.0,1847.0,1857.0,1830.0,930.0,928.0,929.0,924.0,927.0,922.0
1.0,5532.0,2771.0,2775.0,2787.0,2777.0,940.0,911.0,926.0,925.0,927.0,923.0,937.0,911.0,923.0,1842.0,1853.0,1837.0,940.0,911.0,926.0,925.0,927.0,923.0
1.0,5548.0,2766.0,2775.0,2777.0,2766.0,924.0,912.0,930.0,925.0,927.0,923.0,924.0,912.0,930.0,1835.0,1870.0,1843.0,924.0,912.0,930.0,925.0,927.0,923.0
1.0,5559.0,2793.0,2776.0,2766.0,2796.0,933.0,932.0,931.0,925.0,927.0,924.0,933.0,932.0,928.0,1851.0,1869.0,1839.0,933.0,932.0,931.0,925.0,927.0,924.0
1.0,5532.0,2764.0,2778.0,2796.0,2770.0,919.0,931.0,920.0,926.0,928.0,924.0,916.0,928.0,920.0,1842.0,1849.0,1841.0,919.0,931.0,920.0,926.0,928.0,924.0
1.0,5564.0,2784.0,2778.0,2770.0,2784.0,935.0,922.0,927.0,926.0,928.0,924.0,935.0,922.0,927.0,1859.0,1853.0,1852.0,935.0,922.0,927.0,926.0,928.0,924.0
1.0,5550.0,2810.0,2780.0,2784.0,2816.0,933.0,941.0,942.0,927.0,928.0,925.0,930.0,941.0,939.0,1843.0,1862.0,1845.0,933.0,941.0,942.0,927.0,928.0,925.0
1.0,5524.0,2795.0,2780.0,2816.0,2795.0,922.0,944.0,929.0,927.0,928.0,925.0,922.0,944.0,929.0,1848.0,1843.0,1833.0,922.0,944.0,929.0,927.0,928.0,925.0
1.0,5545.0,2828.0,2782.0,2795.0,2834.0,941.0,945.0,948.0,927.0,929.0,926.0,941.0,942.0,945.0,1859.0,1840.0,1846.0,941.0,945.0,948.0,927.0,929.0,926.0
1.0,5512.0,2825.0,2782.0,2834.0,2825.0,928.0,951.0,946.0,927.0,929.0,926.0,928.0,951.0,946.0,1840.0,1842.0,1830.0,928.0,951.0,946.0,927.0,929.0,926.0
1.0,5521.0,2754.0,2781.0,2825.0,2751.0,913.0,923.0,915.0,927.0,928.0,926.0,913.0,926.0,915.0,1853.0,1836.0,1832.0,913.0,923.0,915.0,927.0,928.0,926.0
1.0,5592.0,2782.0,2781.0,2751.0,2782.0,930.0,925.0,927.0,927.0,928.0,926.0,930.0,925.0,927.0,1868.0,1861.0,1863.0,930.0,925.0,927.0,927.0,928.0,926.0
1.0,5561.0,2784.0,2779.0,2782.0,2778.0,927.0,937.0,914.0,926.0,928.0,925.0,930.0,937.0,917.0,1851.0,1859.0,1851.0,927.0,937.0,914.0,926.0,928.0,925.0
1.0,5559.0,2762.0,2780.0,2778.0,2765.0,916.0,933.0,916.0,926.0,929.0,925.0,916.0,930.0,916.0,1851.0,1847.0,1861.0,916.0,933.0,916.0,926.0,929.0,925.0
1.0,5575.0,2769.0,2781.0,2765.0,2772.0,925.0,932.0,915.0,927.0,929.0,925.0,922.0,932.0,915.0,1862.0,1854.0,1859.0,925.0,932.0,915.0,927.0,929.0,925.0
1.0,5571.0,2779.0,2781.0,2772.0,2779.0,951.0,917.0,911.0,927.0,929.0,925.0,951.0,917.0,911.0,1856.0,1855.0,1860.0,951.0,917.0,911.0,927.0,929.0,925.0
1.0,5564.0,2801.0,2783.0,2779.0,2807.0,944.0,922.0,941.0,928.0,929.0,926.0,941.0,922.0,938.0,1830.0,1870.0,1864.0,944.0,922.0,941.0,928.0,929.0,926.0
1.0,5542.0,2773.0,2783.0,2807.0,2773.0,934.0,908.0,931.0,928.0,929.0,926.0,934.0,908.0,931.0,1840.0,1865.0,1837.0,934.0,908.0,931.0,928.0,929.0,926.0
1.0,5576.0,2823.0,2784.0,2773.0,2826.0,951.0,927.0,948.0,929.0,929.0,926.0,948.0,927.0,948.0,1850.0,1879.0,1847.0,951.0,927.0,948.0,929.0,929.0,926.0
1.0,5526.0,2798.0,2784.0,2826.0,2798.0,925.0,931.0,942.0,929.0,929.0,926.0,925.0,931.0,942.0,1836.0,1860.0,1830.0,925.0,931.0,942.0,929.0,929.0,926.0
1.0,5554.0,2811.0,2784.0,2798.0,2811.0,934.0,930.0,947.0,929.0,929.0,926.0,934.0,930.0,947.0,1862.0,1856.0,1836.0,934.0,930.0,947.0,929.0,929.0,926.0
1.0,5541.0,2827.0,2785.0,2811.0,2830.0,931.0,942.0,957.0,929.0,929.0,927.0,931.0,942.0,954.0,1853.0,1857.0,1831.0,931.0,942.0,957.0,929.0,929.0,927.0
1.0,5525.0,2824.0,2786.0,2830.0,2827.0,925.0,948.0,954.0,929.0,929.0,928.0,925.0,948.0,951.0,1856.0,1845.0,1824.0,925.0,948.0,954.0,929.0,929.0,928.0
1.0,5531.0,2850.0,2787.0,2827.0,2853.0,941.0,964.0,948.0,929.0,930.0,928.0,941.0,961.0,948.0,1862.0,1839.0,1830.0,941.0,964.0,948.0,929.0,930.0,928.0
1.0,5508.0,2804.0,2788.0,2853.0,2807.0,927.0,948.0,932.0,929.0,930.0,929.0,927.0,948.0,929.0,1846.0,1826.0,1836.0,927.0,948.0,932.0,929.0,930.0,929.0
1.0,5557.0,2810.0,2789.0,2807.0,2813.0,930.0,944.0,939.0,929.0,931.0,929.0,930.0,941.0,939.0,1860.0,1842.0,1855.0,930.0,944.0,939.0,929.0,931.0,929.0
1.0,5554.0,2771.0,2789.0,2813.0,2771.0,923.0,935.0,913.0,929.0,931.0,929.0,923.0,935.0,913.0,1857.0,1849.0,1848.0,923.0,935.0,913.0,929.0,931.0,929.0
1.0,5596.0,2769.0,2788.0,2771.0,2766.0,923.0,934.0,909.0,928.0,931.0,929.0,926.0,934.0,909.0,1864.0,1858.0,1874.0,923.0,934.0,909.0,928.0,931.0,929.0
1.0,5598.0,2810.0,2788.0,2766.0,2810.0,939.0,930.0,941.0,928.0,931.0,929.0,939.0,930.0,941.0,1861.0,1859.0,1878.0,939.0,930.0,941.0,928.0,931.0,929.0
1.0,5554.0,2776.0,2788.0,2810.0,2776.0,938.0,915.0,923.0,929.0,930.0,929.0,935.0,918.0,923.0,1845.0,1863.0,1846.0,938.0,915.0,923.0,929.0,930.0,929.0
1.0,5588.0,2835.0,2788.0,2776.0,2835.0,953.0,953.0,929.0,929.0,930.0,929.0,953.0,953.0,929.0,1849.0,1875.0,1864.0,953.0,953.0,929.0,929.0,930.0,929.0
1.0,5529.0,2839.0,2790.0,2835.0,2845.0,960.0,953.0,932.0,930.0,931.0,929.0,957.0,950.0,932.0,1834.0,1837.0,1858.0,960.0,953.0,932.0,930.0,931.0,929.0
1.0,5525.0,2846.0,2792.0,2845.0,2852.0,965.0,940.0,947.0,931.0,931.0,930.0,962.0,940.0,944.0,1830.0,1840.0,1855.0,965.0,940.0,947.0,931.0,931.0,930.0
1.0,5524.0,2809.0,2794.0,2852.0,2815.0,938.0,946.0,931.0,932.0,932.0,930.0,935.0,943.0,931.0,1828.0,1853.0,1843.0,938.0,946.0,931.0,932.0,932.0,930.0
1.0,5567.0,2812.0,2793.0,2815.0,2809.0,940.0,934.0,935.0,932.0,932.0,929.0,940.0,934.0,938.0,1858.0,1850.0,1859.0,940.0,934.0,935.0,932.0,932.0,929.0
1.0,5570.0,2803.0,2794.0,2809.0,2806.0,935.0,935.0,936.0,932.0,932.0,930.0,935.0,935.0,933.0,1856.0,1862.0,1852.0,935.0,935.0,936.0,932.0,932.0,930.0
1.0,5576.0,2826.0,2794.0,2806.0,2826.0,935.0,945.0,946.0,932.0,932.0,930.0,935.0,945.0,946.0,1861.0,1861.0,1854.0,935.0,945.0,946.0,932.0,932.0,930.0
1.0,5556.0,2770.0,2793.0,2826.0,2767.0,908.0,924.0,935.0,931.0,932.0,930.0,911.0,924.0,935.0,1861.0,1851.0,1844.0,908.0,924.0,935.0,931.0,932.0,930.0
1.0,5612.0,2808.0,2794.0,2767.0,2811.0,932.0,945.0,934.0,931.0,933.0,930.0,932.0,942.0,934.0,1885.0,1872.0,1855.0,932.0,945.0,934.0,931.0,933.0,930.0
1.0,5571.0,2813.0,2795.0,2811.0,2816.0,922.0,941.0,953.0,931.0,933.0,931.0,922.0,941.0,950.0,1861.0,1854.0,1856.0,922.0,941.0,953.0,931.0,933.0,931.0
1.0,5569.0,2807.0,2797.0,2816.0,2813.0,923.0,943.0,947.0,931.0,934.0,932.0,923.0,940.0,944.0,1871.0,1858.0,1840.0,923.0,943.0,947.0,931.0,934.0,932.0
1.0,5578.0,2793.0,2797.0,2813.0,2793.0,929.0,920.0,944.0,931.0,934.0,932.0,929.0,920.0,944.0,1870.0,1859.0,1849.0,929.0,920.0,944.0,931.0,934.0,932.0
1.0,5598.0,2810.0,2797.0,2793.0,2810.0,932.0,941.0,937.0,931.0,934.0,932.0,932.0,941.0,937.0,1864.0,1882.0,1852.0,932.0,941.0,937.0,931.0,934.0,932.0
1.0,5581.0,2878.0,2800.0,2810.0,2887.0,959.0,968.0,960.0,932.0,935.0,933.0,956.0,965.0,957.0,1861.0,1861.0,1859.0,959.0,968.0,960.0,932.0,935.0,933.0
1.0,5513.0,2800.0,2800.0,2887.0,2800.0,930.0,937.0,933.0,932.0,935.0,933.0,930.0,937.0,933.0,1837.0,1837.0,1839.0,930.0,937.0,933.0,932.0,935.0,933.0
1.0,5600.0,2850.0,2801.0,2800.0,2853.0,955.0,952.0,946.0,932.0,935.0,934.0,955.0,952.0,943.0,1866.0,1868.0,1866.0,955.0,952.0,946.0,932.0,935.0,934.0
1.0,5550.0,2808.0,2802.0,2853.0,2811.0,948.0,941.0,922.0,933.0,935.0,934.0,945.0,941.0,922.0,1841.0,1853.0,1856.0,948.0,941.0,922.0,933.0,935.0,934.0
1.0,5595.0,2842.0,2803.0,2811.0,2845.0,960.0,948.0,937.0,934.0,935.0,934.0,957.0,948.0,937.0,1851.0,1864.0,1880.0,960.0,948.0,937.0,934.0,935.0,934.0
1.0,5564.0,2820.0,2803.0,2845.0,2820.0,941.0,938.0,941.0,934.0,935.0,934.0,941.0,938.0,941.0,1842.0,1857.0,1865.0,941.0,938.0,941.0,934.0,935.0,934.0
1.0,5589.0,2832.0,2803.0,2820.0,2832.0,940.0,944.0,948.0,934.0,935.0,934.0,940.0,944.0,948.0,1861.0,1867.0,1861.0,940.0,944.0,948.0,934.0,935.0,934.0
1.0,5577.0,2835.0,2804.0,2832.0,2838.0,942.0,947.0,949.0,934.0,936.0,934.0,942.0,944.0,949.0,1862.0,1861.0,1854.0,942.0,947.0,949.0,934.0,936.0,934.0
1.0,5574.0,2813.0,2804.0,2838.0,2813.0,942.0,935.0,936.0,934.0,936.0,934.0,942.0,935.0,936.0,1860.0,1861.0,1853.0,942.0,935.0,936.0,934.0,936.0,934.0
1.0,5599.0,2761.0,2804.0,2813.0,2761.0,923.0,923.0,915.0,934.0,936.0,934.0,923.0,923.0,915.0,1860.0,1873.0,1866.0,923.0,923.0,915.0,934.0,936.0,934.0
1.0,5651.0,2795.0,2804.0,2761.0,2795.0,932.0,935.0,928.0,934.0,936.0,934.0,932.0,935.0,928.0,1879.0,1885.0,1887.0,932.0,935.0,928.0,934.0,936.0,934.0
1.0,5617.0,2771.0,2804.0,2795.0,2771.0,928.0,914.0,929.0,934.0,936.0,934.0,928.0,914.0,929.0,1870.0,1873.0,1874.0,928.0,914.0,929.0,934.0,936.0,934.0
1.0,5641.0,2806.0,2804.0,2771.0,2806.0,938.0,935.0,933.0,934.0,936.0,934.0,938.0,935.0,933.0,1874.0,1894.0,1873.0,938.0,935.0,933.0,934.0,936.0,934.0
1.0,5606.0,2872.0,2807.0,2806.0,2881.0,968.0,959.0,954.0,935.0,937.0,935.0,965.0,956.0,951.0,1864.0,1873.0,1869.0,968.0,959.0,954.0,935.0,937.0,935.0
1.0,5540.0,2792.0,2807.0,2881.0,2792.0,925.0,942.0,925.0,935.0,937.0,935.0,925.0,942.0,925.0,1837.0,1852.0,1851.0,925.0,942.0,925.0,935.0,937.0,935.0
1.0,5629.0,2887.0,2809.0,2792.0,2893.0,966.0,966.0,961.0,936.0,938.0,935.0,963.0,963.0,961.0,1880.0,1869.0,1880.0,966.0,966.0,961.0,936.0,938.0,935.0
1.0,5534.0,2877.0,2810.0,2893.0,2880.0,953.0,958.0,969.0,936.0,938.0,936.0,953.0,958.0,966.0,1842.0,1848.0,1844.0,953.0,958.0,969.0,936.0,938.0,936.0
1.0,5550.0,2858.0,2811.0,2880.0,2861.0,962.0,949.0,950.0,937.0,938.0,936.0,959.0,949.0,950.0,1855.0,1856.0,1839.0,962.0,949.0,950.0,937.0,938.0,936.0
1.0,5572.0,2825.0,2811.0,2861.0,2825.0,940.0,939.0,946.0,937.0,938.0,936.0,940.0,939.0,946.0,1849.0,1865.0,1858.0,940.0,939.0,946.0,937.0,938.0,936.0
1.0,5608.0,2847.0,2813.0,2825.0,2853.0,948.0,957.0,948.0,938.0,938.0,937.0,945.0,957.0,945.0,1871.0,1875.0,1862.0,948.0,957.0,948.0,938.0,938.0,937.0
1.0,5586.0,2849.0,2814.0,2853.0,2852.0,950.0,947.0,955.0,938.0,939.0,937.0,950.0,944.0,955.0,1866.0,1857.0,1863.0,950.0,947.0,955.0,938.0,939.0,937.0
1.0,5590.0,2808.0,2815.0,2852.0,2811.0,937.0,941.0,933.0,938.0,939.0,938.0,937.0,941.0,930.0,1864.0,1870.0,1856.0,937.0,941.0,933.0,938.0,939.0,938.0
1.0,5634.0,2829.0,2816.0,2811.0,2832.0,944.0,943.0,945.0,939.0,939.0,938.0,941.0,943.0,945.0,1877.0,1876.0,1881.0,944.0,943.0,945.0,939.0,939.0,938.0
1.0,5616.0,2750.0,2815.0,2832.0,2747.0,912.0,913.0,922.0,938.0,939.0,938.0,915.0,913.0,922.0,1873.0,1874.0,1869.0,912.0,913.0,922.0,938.0,939.0,938.0
1.0,5698.0,2758.0,2815.0,2747.0,2758.0,924.0,927.0,907.0,938.0,939.0,938.0,924.0,927.0,907.0,1902.0,1904.0,1892.0,924.0,927.0,907.0,938.0,939.0,938.0
1.0,5687.0,2831.0,2815.0,2758.0,2831.0,941.0,943.0,947.0,938.0,939.0,938.0,941.0,943.0,947.0,1890.0,1890.0,1907.0,941.0,943.0,947.0,938.0,939.0,938.0
1.0,5614.0,2784.0,2816.0,2831.0,2787.0,944.0,925.0,918.0,938.0,940.0,938.0,944.0,922.0,918.0,1873.0,1874.0,1867.0,944.0,925.0,918.0,938.0,940.0,938.0
1.0,5661.0,2884.0,2817.0,2787.0,2887.0,959.0,977.0,951.0,938.0,941.0,938.0,959.0,974.0,951.0,1870.0,1895.0,1896.0,959.0,977.0,951.0,938.0,941.0,938.0
1.0,5564.0,2814.0,2818.0,2887.0,2817.0,940.0,941.0,936.0,939.0,941.0,938.0,937.0,941.0,936.0,1855.0,1846.0,1863.0,940.0,941.0,936.0,939.0,941.0,938.0
1.0,5637.0,2839.0,2818.0,2817.0,2839.0,947.0,946.0,946.0,939.0,941.0,938.0,947.0,946.0,946.0,1877.0,1882.0,1878.0,947.0,946.0,946.0,939.0,941.0,938.0
1.0,5615.0,2905.0,2819.0,2839.0,2908.0,967.0,974.0,967.0,939.0,942.0,938.0,967.0,971.0,967.0,1870.0,1877.0,1868.0,967.0,974.0,967.0,939.0,942.0,938.0
1.0,5549.0,2868.0,2820.0,2908.0,2871.0,958.0,966.0,947.0,940.0,942.0,938.0,955.0,966.0,947.0,1850.0,1852.0,1847.0,958.0,966.0,947.0,940.0,942.0,938.0
1.0,5589.0,2878.0,2820.0,2871.0,2878.0,964.0,953.0,961.0,940.0,942.0,938.0,964.0,953.0,961.0,1862.0,1860.0,1867.0,964.0,953.0,961.0,940.0,942.0,938.0
1.0,5582.0,2868.0,2822.0,2878.0,2874.0,959.0,971.0,944.0,941.0,942.0,939.0,956.0,971.0,941.0,1856.0,1873.0,1853.0,959.0,971.0,944.0,941.0,942.0,939.0
1.0,5592.0,2822.0,2822.0,2874.0,2822.0,933.0,943.0,946.0,941.0,942.0,939.0,933.0,943.0,946.0,1864.0,1855.0,1873.0,933.0,943.0,946.0,941.0,942.0,939.0
1.0,5644.0,2825.0,2823.0,2822.0,2828.0,937.0,951.0,940.0,941.0,943.0,939.0,937.0,948.0,940.0,1890.0,1883.0,1871.0,937.0,951.0,940.0,941.0,943.0,939.0
1.0,5641.0,2815.0,2824.0,2828.0,2818.0,938.0,930.0,950.0,942.0,942.0,940.0,935.0,933.0,947.0,1886.0,1878.0,1877.0,938.0,930.0,950.0,942.0,942.0,940.0
1.0,5654.0,2847.0,2825.0,2818.0,2850.0,942.0,947.0,961.0,942.0,943.0,940.0,942.0,944.0,961.0,1888.0,1896.0,1870.0,942.0,947.0,961.0,942.0,943.0,940.0
1.0,5625.0,2807.0,2826.0,2850.0,2810.0,935.0,933.0,942.0,942.0,943.0,941.0,935.0,933.0,939.0,1884.0,1882.0,1859.0,935.0,933.0,942.0,942.0,943.0,941.0
1.0,5668.0,2825.0,2825.0,2810.0,2822.0,942.0,931.0,949.0,941.0,943.0,941.0,945.0,931.0,949.0,1891.0,1896.0,1881.0,942.0,931.0,949.0,941.0,943.0,941.0
1.0,5653.0,2866.0,2827.0,2822.0,2872.0,964.0,949.0,959.0,942.0,943.0,942.0,961.0,949.0,956.0,1881.0,1898.0,1874.0,964.0,949.0,959.0,942.0,943.0,942.0
1.0,5609.0,2834.0,2826.0,2872.0,2831.0,932.0,949.0,950.0,941.0,943.0,942.0,935.0,949.0,950.0,1862.0,1880.0,1867.0,932.0,949.0,950.0,941.0,943.0,942.0
1.0,5647.0,2849.0,2826.0,2831.0,2849.0,958.0,940.0,951.0,941.0,943.0,942.0,958.0,940.0,951.0,1891.0,1880.0,1876.0,958.0,940.0,951.0,941.0,943.0,942.0
1.0,5629.0,2859.0,2827.0,2849.0,2862.0,965.0,949.0,948.0,942.0,943.0,942.0,962.0,949.0,948.0,1865.0,1889.0,1875.0,965.0,949.0,948.0,942.0,943.0,942.0
1.0,5619.0,2907.0,2830.0,2862.0,2916.0,979.0,964.0,973.0,943.0,944.0,943.0,976.0,961.0,970.0,1861.0,1880.0,1878.0,979.0,964.0,973.0,943.0,944.0,943.0
1.0,5574.0,2862.0,2830.0,2916.0,2862.0,964.0,952.0,946.0,943.0,944.0,943.0,964.0,952.0,946.0,1850.0,1868.0,1856.0,964.0,952.0,946.0,943.0,944.0,943.0
1.0,5628.0,2881.0,2831.0,2862.0,2884.0,970.0,964.0,950.0,944.0,944.0,943.0,967.0,964.0,950.0,1865.0,1880.0,1883.0,970.0,964.0,950.0,944.0,944.0,943.0
1.0,5609.0,2833.0,2832.0,2884.0,2836.0,940.0,943.0,953.0,944.0,944.0,944.0,940.0,943.0,950.0,1862.0,1868.0,1879.0,940.0,943.0,953.0,944.0,944.0,944.0
1.0,5660.0,2835.0,2833.0,2836.0,2838.0,948.0,954.0,936.0,945.0,945.0,943.0,945.0,951.0,939.0,1892.0,1889.0,1879.0,948.0,954.0,936.0,945.0,945.0,943.0
1.0,5661.0,2830.0,2833.0,2838.0,2830.0,929.0,956.0,945.0,945.0,945.0,943.0,929.0,956.0,945.0,1887.0,1881.0,1893.0,929.0,956.0,945.0,945.0,945.0,943.0
1.0,5669.0,2779.0,2833.0,2830.0,2779.0,928.0,931.0,920.0,945.0,945.0,943.0,928.0,931.0,920.0,1906.0,1879.0,1884.0,928.0,931.0,920.0,945.0,945.0,943.0
1.0,5720.0,2798.0,2833.0,2779.0,2798.0,939.0,935.0,924.0,945.0,945.0,943.0,939.0,935.0,924.0,1907.0,1904.0,1909.0,939.0,935.0,924.0,945.0,945.0,943.0
1.0,5701.0,2852.0,2833.0,2798.0,2852.0,937.0,954.0,961.0,945.0,945.0,943.0,937.0,954.0,961.0,1896.0,1900.0,1905.0,937.0,954.0,961.0,945.0,945.0,943.0
1.0,5647.0,2861.0,2833.0,2852.0,2861.0,945.0,962.0,954.0,945.0,945.0,943.0,945.0,962.0,954.0,1898.0,1881.0,1868.0,945.0,962.0,954.0,945.0,945.0,943.0
1.0,5638.0,2863.0,2833.0,2861.0,2863.0,956.0,947.0,960.0,945.0,945.0,943.0,956.0,947.0,960.0,1890.0,1873.0,1875.0,956.0,947.0,960.0,945.0,945.0,943.0
1.0,5636.0,2891.0,2835.0,2863.0,2897.0,958.0,963.0,976.0,945.0,946.0,944.0,958.0,960.0,973.0,1879.0,1888.0,1869.0,958.0,963.0,976.0,945.0,946.0,944.0
1.0,5608.0,2898.0,2837.0,2897.0,2904.0,973.0,964.0,967.0,946.0,946.0,945.0,970.0,964.0,964.0,1877.0,1875.0,1856.0,973.0,964.0,967.0,946.0,946.0,945.0
1.0,5607.0,2846.0,2837.0,2904.0,2846.0,947.0,944.0,955.0,946.0,946.0,945.0,947.0,944.0,955.0,1865.0,1874.0,1868.0,947.0,944.0,955.0,946.0,946.0,945.0
1.0,5665.0,2867.0,2837.0,2846.0,2867.0,957.0,951.0,959.0,946.0,946.0,945.0,957.0,951.0,959.0,1891.0,1894.0,1880.0,957.0,951.0,959.0,946.0,946.0,945.0
1.0,5644.0,2861.0,2838.0,2867.0,2864.0,959.0,947.0,958.0,946.0,946.0,946.0,959.0,947.0,955.0,1881.0,1887.0,1876.0,959.0,947.0,958.0,946.0,946.0,946.0
1.0,5650.0,2806.0,2838.0,2864.0,2806.0,938.0,931.0,937.0,946.0,946.0,946.0,938.0,931.0,937.0,1879.0,1891.0,1880.0,938.0,931.0,937.0,946.0,946.0,946.0
1.0,5708.0,2822.0,2839.0,2806.0,2825.0,959.0,933.0,933.0,947.0,946.0,946.0,956.0,933.0,933.0,1900.0,1907.0,1901.0,959.0,933.0,933.0,947.0,946.0,946.0
1.0,5692.0,2827.0,2839.0,2825.0,2827.0,946.0,935.0,946.0,947.0,946.0,946.0,946.0,935.0,946.0,1882.0,1905.0,1905.0,946.0,935.0,946.0,947.0,946.0,946.0
1.0,5690.0,2811.0,2840.0,2827.0,2814.0,929.0,951.0,934.0,947.0,947.0,946.0,929.0,948.0,934.0,1895.0,1903.0,1892.0,929.0,951.0,934.0,947.0,947.0,946.0
1.0,5706.0,2838.0,2841.0,2814.0,2841.0,938.0,954.0,949.0,947.0,947.0,947.0,938.0,954.0,946.0,1912.0,1890.0,1904.0,938.0,954.0,949.0,947.0,947.0,947.0
1.0,5682.0,2830.0,2840.0,2841.0,2827.0,934.0,955.0,938.0,947.0,947.0,946.0,934.0,955.0,941.0,1903.0,1887.0,1892.0,934.0,955.0,938.0,947.0,947.0,946.0
1.0,5693.0,2825.0,2841.0,2827.0,2828.0,940.0,949.0,939.0,947.0,947.0,947.0,940.0,949.0,936.0,1907.0,1886.0,1900.0,940.0,949.0,939.0,947.0,947.0,947.0
1.0,5695.0,2850.0,2839.0,2828.0,2844.0,940.0,958.0,946.0,946.0,947.0,946.0,943.0,958.0,949.0,1901.0,1892.0,1902.0,940.0,958.0,946.0,946.0,947.0,946.0
1.0,5673.0,2854.0,2839.0,2844.0,2854.0,945.0,955.0,954.0,946.0,947.0,946.0,945.0,955.0,954.0,1898.0,1883.0,1892.0,945.0,955.0,954.0,946.0,947.0,946.0
1.0,5663.0,2877.0,2839.0,2854.0,2877.0,962.0,959.0,956.0,946.0,947.0,946.0,962.0,959.0,956.0,1893.0,1886.0,1884.0,962.0,959.0,956.0,946.0,947.0,946.0
1.0,5640.0,2870.0,2841.0,2877.0,2876.0,965.0,962.0,949.0,947.0,948.0,946.0,962.0,959.0,949.0,1876.0,1882.0,1882.0,965.0,962.0,949.0,947.0,948.0,946.0
1.0,5647.0,2892.0,2842.0,2876.0,2895.0,969.0,964.0,962.0,947.0,948.0,947.0,969.0,964.0,959.0,1876.0,1882.0,1889.0,969.0,964.0,962.0,947.0,948.0,947.0
1.0,5631.0,2831.0,2841.0,2895.0,2828.0,950.0,937.0,941.0,947.0,948.0,946.0,950.0,937.0,944.0,1872.0,1880.0,1879.0,950.0,937.0,941.0,947.0,948.0,946.0
1.0,5695.0,2857.0,2843.0,2828.0,2863.0,959.0,949.0,955.0,948.0,948.0,947.0,956.0,949.0,952.0,1891.0,1907.0,1897.0,959.0,949.0,955.0,948.0,948.0,947.0
1.0,5666.0,2829.0,2843.0,2863.0,2829.0,940.0,945.0,944.0,948.0,948.0,947.0,940.0,945.0,944.0,1885.0,1895.0,1886.0,940.0,945.0,944.0,948.0,948.0,947.0
1.0,5700.0,2848.0,2845.0,2829.0,2854.0,948.0,940.0,966.0,948.0,949.0,948.0,948.0,937.0,963.0,1904.0,1899.0,1897.0,948.0,940.0,966.0,948.0,949.0,948.0
1.0,5681.0,2818.0,2846.0,2854.0,2821.0,940.0,919.0,962.0,949.0,948.0,949.0,937.0,922.0,959.0,1896.0,1907.0,1878.0,940.0,919.0,962.0,949.0,948.0,949.0
1.0,5717.0,2853.0,2846.0,2821.0,2853.0,962.0,933.0,958.0,949.0,948.0,949.0,962.0,933.0,958.0,1907.0,1925.0,1885.0,962.0,933.0,958.0,949.0,948.0,949.0
1.0,5685.0,2850.0,2847.0,2853.0,2853.0,957.0,957.0,939.0,949.0,949.0,949.0,957.0,954.0,939.0,1885.0,1911.0,1889.0,957.0,957.0,939.0,949.0,949.0,949.0
1.0,5688.0,2843.0,2846.0,2853.0,2840.0,942.0,945.0,953.0,949.0,948.0,949.0,942.0,948.0,953.0,1890.0,1890.0,1908.0,942.0,945.0,953.0,949.0,948.0,949.0
1.0,5698.0,2839.0,2847.0,2840.0,2842.0,947.0,953.0,942.0,949.0,949.0,949.0,947.0,950.0,942.0,1905.0,1899.0,1894.0,947.0,953.0,942.0,949.0,949.0,949.0
1.0,5699.0,2922.0,2848.0,2842.0,2925.0,966.0,983.0,976.0,949.0,949.0,950.0,966.0,983.0,973.0,1900.0,1894.0,1905.0,966.0,983.0,976.0,949.0,949.0,950.0
1.0,5619.0,2881.0,2848.0,2925.0,2881.0,963.0,964.0,954.0,949.0,949.0,950.0,963.0,964.0,954.0,1881.0,1864.0,1874.0,963.0,964.0,954.0,949.0,949.0,950.0
1.0,5663.0,2861.0,2848.0,2881.0,2861.0,952.0,959.0,950.0,949.0,949.0,950.0,952.0,959.0,950.0,1884.0,1883.0,1896.0,952.0,959.0,950.0,949.0,949.0,950.0
1.0,5683.0,2873.0,2848.0,2861.0,2873.0,956.0,966.0,951.0,949.0,949.0,950.0,956.0,966.0,951.0,1895.0,1888.0,1900.0,956.0,966.0,951.0,949.0,949.0,950.0
1.0,5671.0,2904.0,2848.0,2873.0,2904.0,970.0,978.0,956.0,949.0,949.0,950.0,970.0,978.0,956.0,1891.0,1881.0,1899.0,970.0,978.0,956.0,949.0,949.0,950.0
1.0,5640.0,2874.0,2850.0,2904.0,2880.0,973.0,960.0,947.0,950.0,950.0,950.0,970.0,957.0,947.0,1877.0,1869.0,1894.0,973.0,960.0,947.0,950.0,950.0,950.0
1.0,5670.0,2871.0,2851.0,2880.0,2874.0,964.0,955.0,955.0,951.0,950.0,950.0,961.0,955.0,955.0,1877.0,1890.0,1903.0,964.0,955.0,955.0,951.0,950.0,950.0
1.0,5679.0,2887.0,2851.0,2874.0,2887.0,970.0,959.0,958.0,951.0,950.0,950.0,970.0,959.0,958.0,1889.0,1895.0,1895.0,970.0,959.0,958.0,951.0,950.0,950.0
1.0,5666.0,2828.0,2851.0,2887.0,2828.0,951.0,937.0,940.0,951.0,950.0,950.0,951.0,937.0,940.0,1883.0,1891.0,1892.0,951.0,937.0,940.0,951.0,950.0,950.0
1.0,5725.0,2895.0,2854.0,2828.0,2904.0,963.0,967.0,974.0,952.0,951.0,951.0,960.0,964.0,971.0,1902.0,1913.0,1910.0,963.0,967.0,974.0,952.0,951.0,951.0
1.0,5658.0,2848.0,2854.0,2904.0,2848.0,949.0,942.0,957.0,952.0,951.0,951.0,949.0,942.0,957.0,1893.0,1886.0,1879.0,949.0,942.0,957.0,952.0,951.0,951.0
1.0,5714.0,2853.0,2854.0,2848.0,2853.0,950.0,942.0,961.0,952.0,951.0,951.0,950.0,942.0,961.0,1907.0,1911.0,1896.0,950.0,942.0,961.0,952.0,951.0,951.0
1.0,5709.0,2864.0,2854.0,2853.0,2864.0,959.0,947.0,958.0,952.0,951.0,951.0,959.0,947.0,958.0,1906.0,1911.0,1892.0,959.0,947.0,958.0,952.0,951.0,951.0
1.0,5698.0,2857.0,2854.0,2864.0,2857.0,946.0,952.0,959.0,952.0,951.0,951.0,946.0,952.0,959.0,1897.0,1906.0,1895.0,946.0,952.0,959.0,952.0,951.0,951.0
1.0,5705.0,2898.0,2855.0,2857.0,2901.0,971.0,952.0,978.0,952.0,951.0,952.0,971.0,952.0,975.0,1910.0,1901.0,1894.0,971.0,952.0,978.0,952.0,951.0,952.0
1.0,5664.0,2847.0,2854.0,2901.0,2844.0,948.0,949.0,947.0,952.0,951.0,951.0,948.0,949.0,950.0,1885.0,1901.0,1878.0,948.0,949.0,947.0,952.0,951.0,951.0
1.0,5718.0,2883.0,2855.0,2844.0,2886.0,958.0,958.0,970.0,952.0,951.0,952.0,958.0,958.0,967.0,1908.0,1904.0,1906.0,958.0,958.0,970.0,952.0,951.0,952.0
1.0,5679.0,2901.0,2854.0,2886.0,2898.0,963.0,964.0,971.0,951.0,951.0,952.0,966.0,964.0,971.0,1898.0,1895.0,1886.0,963.0,964.0,971.0,951.0,951.0,952.0
1.0,5664.0,2835.0,2855.0,2898.0,2838.0,952.0,944.0,942.0,952.0,951.0,952.0,949.0,944.0,942.0,1890.0,1889.0,1885.0,952.0,944.0,942.0,952.0,951.0,952.0
1.0,5727.0,2872.0,2855.0,2838.0,2872.0,961.0,961.0,950.0,952.0,951.0,952.0,961.0,961.0,950.0,1904.0,1909.0,1914.0,961.0,961.0,950.0,952.0,951.0,952.0
1.0,5693.0,2841.0,2855.0,2872.0,2841.0,945.0,953.0,943.0,952.0,951.0,952.0,945.0,953.0,943.0,1895.0,1892.0,1906.0,945.0,953.0,943.0,952.0,951.0,952.0
1.0,5724.0,2832.0,2856.0,2841.0,2835.0,953.0,947.0,935.0,953.0,951.0,952.0,950.0,947.0,935.0,1911.0,1900.0,1913.0,953.0,947.0,935.0,953.0,951.0,952.0
1.0,5733.0,2889.0,2858.0,2835.0,2895.0,968.0,963.0,964.0,953.0,952.0,953.0,968.0,960.0,961.0,1906.0,1906.0,1921.0,968.0,963.0,964.0,953.0,952.0,953.0
1.0,5679.0,2864.0,2859.0,2895.0,2867.0,966.0,941.0,960.0,954.0,952.0,953.0,963.0,941.0,960.0,1891.0,1893.0,1895.0,966.0,941.0,960.0,954.0,952.0,953.0
1.0,5710.0,2845.0,2858.0,2867.0,2842.0,956.0,949.0,937.0,954.0,951.0,953.0,956.0,952.0,937.0,1896.0,1915.0,1899.0,956.0,949.0,937.0,954.0,951.0,953.0
1.0,5732.0,2875.0,2859.0,2842.0,2878.0,961.0,963.0,954.0,954.0,952.0,953.0,961.0,960.0,954.0,1906.0,1904.0,1922.0,961.0,963.0,954.0,954.0,952.0,953.0
1.0,5699.0,2872.0,2857.0,2878.0,2866.0,964.0,945.0,957.0,954.0,951.0,952.0,964.0,948.0,960.0,1901.0,1893.0,1905.0,964.0,945.0,957.0,954.0,951.0,952.0
1.0,5705.0,2887.0,2857.0,2866.0,2887.0,960.0,957.0,970.0,954.0,951.0,952.0,960.0,957.0,970.0,1898.0,1908.0,1899.0,960.0,957.0,970.0,954.0,951.0,952.0
1.0,5684.0,2921.0,2859.0,2887.0,2927.0,972.0,968.0,987.0,954.0,952.0,953.0,972.0,965.0,984.0,1902.0,1896.0,1886.0,972.0,968.0,987.0,954.0,952.0,953.0
1.0,5650.0,2846.0,2859.0,2927.0,2846.0,945.0,951.0,950.0,954.0,952.0,953.0,945.0,951.0,950.0,1890.0,1888.0,1872.0,945.0,951.0,950.0,954.0,952.0,953.0
1.0,5731.0,2887.0,2859.0,2846.0,2887.0,956.0,969.0,962.0,954.0,952.0,953.0,956.0,969.0,962.0,1917.0,1905.0,1909.0,956.0,969.0,962.0,954.0,952.0,953.0
1.0,5690.0,2880.0,2861.0,2887.0,2886.0,952.0,963.0,971.0,954.0,953.0,954.0,952.0,960.0,968.0,1906.0,1887.0,1897.0,952.0,963.0,971.0,954.0,953.0,954.0
1.0,5697.0,2847.0,2861.0,2886.0,2847.0,956.0,941.0,950.0,954.0,953.0,954.0,956.0,941.0,950.0,1910.0,1896.0,1891.0,956.0,941.0,950.0,954.0,953.0,954.0
1.0,5736.0,2892.0,2862.0,2847.0,2895.0,965.0,960.0,970.0,955.0,953.0,954.0,962.0,960.0,970.0,1906.0,1918.0,1912.0,965.0,960.0,970.0,955.0,953.0,954.0
1.0,5691.0,2875.0,2863.0,2895.0,2878.0,958.0,950.0,970.0,955.0,953.0,955.0,958.0,950.0,967.0,1900.0,1899.0,1892.0,958.0,950.0,970.0,955.0,953.0,955.0
1.0,5711.0,2845.0,2863.0,2878.0,2845.0,945.0,946.0,954.0,955.0,953.0,955.0,945.0,946.0,954.0,1907.0,1909.0,1895.0,945.0,946.0,954.0,955.0,953.0,955.0
1.0,5744.0,2904.0,2866.0,2845.0,2913.0,969.0,978.0,966.0,956.0,954.0,956.0,966.0,975.0,963.0,1920.0,1913.0,1911.0,969.0,978.0,966.0,956.0,954.0,956.0
1.0,5685.0,2883.0,2867.0,2913.0,2886.0,967.0,965.0,954.0,957.0,954.0,956.0,964.0,965.0,954.0,1899.0,1884.0,1902.0,967.0,965.0,954.0,957.0,954.0,956.0
1.0,5715.0,2900.0,2867.0,2886.0,2900.0,965.0,983.0,952.0,957.0,954.0,956.0,965.0,983.0,952.0,1904.0,1897.0,1914.0,965.0,983.0,952.0,957.0,954.0,956.0
1.0,5701.0,2894.0,2868.0,2900.0,2897.0,953.0,977.0,967.0,957.0,955.0,956.0,953.0,974.0,967.0,1906.0,1879.0,1916.0,953.0,977.0,967.0,957.0,955.0,956.0
1.0,5707.0,2885.0,2868.0,2897.0,2885.0,966.0,971.0,948.0,957.0,955.0,956.0,966.0,971.0,948.0,1918.0,1888.0,1901.0,966.0,971.0,948.0,957.0,955.0,956.0
1.0,5719.0,2909.0,2868.0,2885.0,2909.0,963.0,975.0,971.0,957.0,955.0,956.0,963.0,975.0,971.0,1905.0,1894.0,1920.0,963.0,975.0,971.0,957.0,955.0,956.0
1.0,5695.0,2902.0,2869.0,2909.0,2905.0,961.0,973.0,971.0,957.0,955.0,957.0,961.0,973.0,968.0,1908.0,1890.0,1897.0,961.0,973.0,971.0,957.0,955.0,957.0
1.0,5702.0,2848.0,2870.0,2905.0,2851.0,950.0,950.0,951.0,957.0,956.0,957.0,950.0,947.0,951.0,1910.0,1892.0,1900.0,950.0,950.0,951.0,957.0,956.0,957.0
1.0,5759.0,2912.0,2870.0,2851.0,2912.0,970.0,970.0,972.0,957.0,956.0,957.0,970.0,970.0,972.0,1921.0,1918.0,1920.0,970.0,970.0,972.0,957.0,956.0,957.0
1.0,5698.0,2905.0,2872.0,2912.0,2911.0,974.0,964.0,973.0,958.0,956.0,958.0,971.0,964.0,970.0,1901.0,1898.0,1899.0,974.0,964.0,973.0,958.0,956.0,958.0
1.0,5705.0,2882.0,2873.0,2911.0,2885.0,971.0,948.0,966.0,958.0,957.0,958.0,971.0,945.0,966.0,1900.0,1904.0,1901.0,971.0,948.0,966.0,958.0,957.0,958.0
1.0,5734.0,2849.0,2874.0,2885.0,2852.0,949.0,947.0,956.0,959.0,957.0,958.0,946.0,947.0,956.0,1903.0,1923.0,1908.0,949.0,947.0,956.0,959.0,957.0,958.0
1.0,5770.0,2834.0,2872.0,2852.0,2828.0,949.0,942.0,937.0,958.0,957.0,957.0,952.0,942.0,940.0,1928.0,1924.0,1918.0,949.0,942.0,937.0,958.0,957.0,957.0
1.0,5788.0,2935.0,2874.0,2828.0,2941.0,991.0,967.0,983.0,959.0,957.0,958.0,988.0,967.0,980.0,1925.0,1929.0,1934.0,991.0,967.0,983.0,959.0,957.0,958.0
1.0,5681.0,2899.0,2875.0,2941.0,2902.0,962.0,969.0,971.0,959.0,958.0,958.0,962.0,966.0,971.0,1886.0,1904.0,1891.0,962.0,969.0,971.0,959.0,958.0,958.0
1.0,5723.0,2947.0,2877.0,2902.0,2953.0,990.0,985.0,978.0,960.0,958.0,959.0,987.0,985.0,975.0,1915.0,1905.0,1903.0,990.0,985.0,978.0,960.0,958.0,959.0
1.0,5678.0,2921.0,2877.0,2953.0,2921.0,979.0,975.0,967.0,960.0,958.0,959.0,979.0,975.0,967.0,1890.0,1889.0,1899.0,979.0,975.0,967.0,960.0,958.0,959.0
1.0,5710.0,2916.0,2878.0,2921.0,2919.0,980.0,972.0,967.0,961.0,958.0,959.0,977.0,972.0,967.0,1901.0,1899.0,1910.0,980.0,972.0,967.0,961.0,958.0,959.0
1.0,5715.0,2923.0,2880.0,2919.0,2929.0,959.0,989.0,981.0,961.0,959.0,960.0,959.0,986.0,978.0,1903.0,1902.0,1910.0,959.0,989.0,981.0,961.0,959.0,960.0
1.0,5711.0,2931.0,2880.0,2929.0,2931.0,971.0,976.0,984.0,961.0,959.0,960.0,971.0,976.0,984.0,1924.0,1888.0,1899.0,971.0,976.0,984.0,961.0,959.0,960.0
1.0,5709.0,2878.0,2881.0,2931.0,2881.0,955.0,948.0,978.0,961.0,959.0,961.0,955.0,948.0,975.0,1912.0,1901.0,1896.0,955.0,948.0,978.0,961.0,959.0,961.0
1.0,5762.0,2906.0,2881.0,2881.0,2906.0,960.0,965.0,981.0,961.0,959.0,961.0,960.0,965.0,981.0,1928.0,1929.0,1905.0,960.0,965.0,981.0,961.0,959.0,961.0
1.0,5737.0,2868.0,2880.0,2906.0,2865.0,953.0,958.0,954.0,960.0,959.0,961.0,956.0,958.0,954.0,1923.0,1912.0,1902.0,953.0,958.0,954.0,960.0,959.0,961.0
1.0,5775.0,2900.0,2881.0,2865.0,2903.0,965.0,968.0,970.0,960.0,959.0,962.0,965.0,968.0,967.0,1927.0,1919.0,1929.0,965.0,968.0,970.0,960.0,959.0,962.0
1.0,5740.0,2851.0,2881.0,2903.0,2851.0,956.0,949.0,946.0,960.0,959.0,962.0,956.0,949.0,946.0,1915.0,1909.0,1916.0,956.0,949.0,946.0,960.0,959.0,962.0
1.0,5792.0,2853.0,2880.0,2851.0,2850.0,952.0,949.0,949.0,960.0,959.0,961.0,952.0,949.0,952.0,1924.0,1928.0,1940.0,952.0,949.0,949.0,960.0,959.0,961.0
1.0,5790.0,2881.0,2881.0,2850.0,2884.0,969.0,964.0,951.0,961.0,959.0,961.0,966.0,964.0,951.0,1928.0,1928.0,1934.0,969.0,964.0,951.0,961.0,959.0,961.0
1.0,5759.0,2912.0,2882.0,2884.0,2915.0,977.0,973.0,965.0,961.0,960.0,961.0,977.0,970.0,965.0,1914.0,1913.0,1932.0,977.0,973.0,965.0,961.0,960.0,961.0
1.0,5731.0,2912.0,2883.0,2915.0,2915.0,990.0,962.0,963.0,962.0,960.0,961.0,987.0,962.0,963.0,1906.0,1907.0,1918.0,990.0,962.0,963.0,962.0,960.0,961.0
1.0,5734.0,2925.0,2885.0,2915.0,2931.0,971.0,983.0,977.0,962.0,961.0,962.0,971.0,980.0,974.0,1896.0,1918.0,1920.0,971.0,983.0,977.0,962.0,961.0,962.0
1.0,5724.0,2959.0,2885.0,2931.0,2959.0,980.0,990.0,989.0,962.0,961.0,962.0,980.0,990.0,989.0,1915.0,1900.0,1909.0,980.0,990.0,989.0,962.0,961.0,962.0
1.0,5696.0,2948.0,2888.0,2959.0,2957.0,981.0,989.0,987.0,963.0,962.0,963.0,978.0,986.0,984.0,1906.0,1893.0,1897.0,981.0,989.0,987.0,963.0,962.0,963.0
1.0,5707.0,2927.0,2889.0,2957.0,2930.0,968.0,981.0,981.0,963.0,963.0,963.0,968.0,978.0,981.0,1908.0,1897.0,1902.0,968.0,981.0,981.0,963.0,963.0,963.0
1.0,5737.0,2925.0,2889.0,2930.0,2925.0,965.0,978.0,982.0,963.0,963.0,963.0,965.0,978.0,982.0,1921.0,1908.0,1908.0,965.0,978.0,982.0,963.0,963.0,963.0
1.0,5742.0,2892.0,2890.0,2925.0,2895.0,953.0,973.0,969.0,963.0,963.0,964.0,953.0,973.0,966.0,1924.0,1911.0,1907.0,953.0,973.0,969.0,963.0,963.0,964.0
1.0,5775.0,2880.0,2890.0,2895.0,2880.0,959.0,959.0,962.0,963.0,963.0,964.0,959.0,959.0,962.0,1936.0,1916.0,1923.0,959.0,959.0,962.0,963.0,963.0,964.0
1.0,5790.0,2839.0,2890.0,2880.0,2839.0,945.0,943.0,951.0,963.0,963.0,964.0,945.0,943.0,951.0,1930.0,1930.0,1930.0,945.0,943.0,951.0,963.0,963.0,964.0
1.0,5831.0,2916.0,2893.0,2839.0,2925.0,973.0,981.0,971.0,964.0,964.0,965.0,970.0,978.0,968.0,1944.0,1946.0,1941.0,973.0,981.0,971.0,964.0,964.0,965.0
1.0,5754.0,2903.0,2892.0,2925.0,2900.0,963.0,973.0,964.0,963.0,964.0,965.0,966.0,973.0,964.0,1919.0,1911.0,1924.0,963.0,973.0,964.0,963.0,964.0,965.0
1.0,5776.0,2904.0,2893.0,2900.0,2907.0,975.0,961.0,971.0,964.0,964.0,965.0,972.0,961.0,971.0,1926.0,1919.0,1931.0,975.0,961.0,971.0,964.0,964.0,965.0
1.0,5772.0,2944.0,2895.0,2907.0,2950.0,980.0,983.0,987.0,964.0,965.0,966.0,980.0,980.0,984.0,1917.0,1931.0,1924.0,980.0,983.0,987.0,964.0,965.0,966.0
1.0,5735.0,2873.0,2895.0,2950.0,2873.0,972.0,953.0,948.0,964.0,965.0,966.0,972.0,953.0,948.0,1912.0,1912.0,1911.0,972.0,953.0,948.0,964.0,965.0,966.0
1.0,5812.0,2911.0,2896.0,2873.0,2914.0,986.0,959.0,969.0,965.0,965.0,966.0,983.0,959.0,969.0,1920.0,1942.0,1950.0,986.0,959.0,969.0,965.0,965.0,966.0
1.0,5774.0,2915.0,2896.0,2914.0,2915.0,976.0,975.0,964.0,965.0,965.0,966.0,976.0,975.0,964.0,1909.0,1936.0,1929.0,976.0,975.0,964.0,965.0,965.0,966.0
1.0,5773.0,2945.0,2896.0,2915.0,2945.0,1004.0,971.0,970.0,966.0,965.0,965.0,1001.0,971.0,973.0,1919.0,1920.0,1934.0,1004.0,971.0,970.0,966.0,965.0,965.0
1.0,5743.0,2932.0,2898.0,2945.0,2938.0,984.0,967.0,987.0,966.0,966.0,966.0,984.0,964.0,984.0,1894.0,1924.0,1925.0,984.0,967.0,987.0,966.0,966.0,966.0
1.0,5756.0,2871.0,2898.0,2938.0,2871.0,956.0,959.0,956.0,966.0,966.0,966.0,956.0,959.0,956.0,1914.0,1931.0,1911.0,956.0,959.0,956.0,966.0,966.0,966.0
1.0,5823.0,2882.0,2898.0,2871.0,2882.0,958.0,960.0,964.0,966.0,966.0,966.0,958.0,960.0,964.0,1942.0,1939.0,1942.0,958.0,960.0,964.0,966.0,966.0,966.0
1.0,5812.0,2885.0,2898.0,2882.0,2885.0,960.0,955.0,970.0,966.0,966.0,966.0,960.0,955.0,970.0,1940.0,1938.0,1934.0,960.0,955.0,970.0,966.0,966.0,966.0
1.0,5809.0,2886.0,2898.0,2885.0,2886.0,959.0,966.0,961.0,966.0,966.0,966.0,959.0,966.0,961.0,1938.0,1943.0,1928.0,959.0,966.0,961.0,966.0,966.0,966.0
1.0,5808.0,2935.0,2899.0,2886.0,2938.0,982.0,979.0,977.0,967.0,966.0,966.0,979.0,979.0,977.0,1939.0,1932.0,1937.0,982.0,979.0,977.0,967.0,966.0,966.0
1.0,5759.0,2919.0,2901.0,2938.0,2925.0,967.0,977.0,981.0,967.0,967.0,967.0,967.0,974.0,978.0,1919.0,1919.0,1921.0,967.0,977.0,981.0,967.0,967.0,967.0
1.0,5778.0,2941.0,2901.0,2925.0,2941.0,976.0,976.0,989.0,967.0,967.0,967.0,976.0,976.0,989.0,1934.0,1924.0,1920.0,976.0,976.0,989.0,967.0,967.0,967.0
1.0,5762.0,2921.0,2903.0,2941.0,2927.0,977.0,976.0,974.0,968.0,967.0,968.0,974.0,976.0,971.0,1925.0,1925.0,1912.0,977.0,976.0,974.0,968.0,967.0,968.0
1.0,5782.0,2959.0,2903.0,2927.0,2959.0,983.0,987.0,989.0,968.0,967.0,968.0,983.0,987.0,989.0,1927.0,1925.0,1930.0,983.0,987.0,989.0,968.0,967.0,968.0
1.0,5750.0,2983.0,2906.0,2959.0,2992.0,993.0,996.0,1003.0,969.0,968.0,969.0,990.0,993.0,1000.0,1921.0,1914.0,1915.0,993.0,996.0,1003.0,969.0,968.0,969.0
1.0,5726.0,2960.0,2907.0,2992.0,2963.0,997.0,973.0,993.0,969.0,968.0,970.0,997.0,973.0,990.0,1914.0,1908.0,1904.0,997.0,973.0,993.0,969.0,968.0,970.0
1.0,5758.0,2986.0,2908.0,2963.0,2989.0,1003.0,986.0,1000.0,970.0,968.0,970.0,1000.0,986.0,1000.0,1910.0,1931.0,1917.0,1003.0,986.0,1000.0,970.0,968.0,970.0
1.0,5735.0,2908.0,2908.0,2989.0,2908.0,976.0,959.0,973.0,970.0,968.0,970.0,976.0,959.0,973.0,1907.0,1918.0,1910.0,976.0,959.0,973.0,970.0,968.0,970.0
1.0,5816.0,2938.0,2910.0,2908.0,2944.0,982.0,975.0,987.0,971.0,968.0,971.0,979.0,975.0,984.0,1934.0,1945.0,1937.0,982.0,975.0,987.0,971.0,968.0,971.0
1.0,5786.0,2898.0,2910.0,2944.0,2898.0,975.0,961.0,962.0,971.0,968.0,971.0,975.0,961.0,962.0,1931.0,1929.0,1926.0,975.0,961.0,962.0,971.0,968.0,971.0
1.0,5832.0,2843.0,2908.0,2898.0,2837.0,945.0,952.0,940.0,970.0,968.0,970.0,948.0,952.0,943.0,1938.0,1943.0,1951.0,945.0,952.0,940.0,970.0,968.0,970.0
1.0,5887.0,2915.0,2909.0,2837.0,2918.0,958.0,991.0,969.0,970.0,969.0,970.0,958.0,988.0,969.0,1965.0,1952.0,1970.0,958.0,991.0,969.0,970.0,969.0,970.0
1.0,5809.0,2889.0,2910.0,2918.0,2892.0,972.0,960.0,960.0,971.0,969.0,970.0,969.0,960.0,960.0,1952.0,1916.0,1941.0,972.0,960.0,960.0,971.0,969.0,970.0
1.0,5838.0,2854.0,2910.0,2892.0,2854.0,938.0,961.0,955.0,970.0,969.0,971.0,941.0,961.0,952.0,1941.0,1947.0,1950.0,938.0,961.0,955.0,970.0,969.0,971.0
1.0,5876.0,2931.0,2911.0,2854.0,2934.0,977.0,985.0,972.0,970.0,970.0,971.0,977.0,982.0,972.0,1972.0,1946.0,1958.0,977.0,985.0,972.0,970.0,970.0,971.0
1.0,5799.0,2902.0,2911.0,2934.0,2902.0,958.0,974.0,970.0,970.0,970.0,971.0,958.0,974.0,970.0,1933.0,1925.0,1941.0,958.0,974.0,970.0,970.0,970.0,971.0
1.0,5831.0,2912.0,2909.0,2902.0,2906.0,976.0,964.0,966.0,970.0,969.0,970.0,976.0,967.0,969.0,1952.0,1936.0,1943.0,976.0,964.0,966.0,970.0,969.0,970.0
1.0,5821.0,2949.0,2911.0,2906.0,2955.0,986.0,992.0,977.0,970.0,970.0,971.0,986.0,989.0,974.0,1934.0,1943.0,1944.0,986.0,992.0,977.0,970.0,970.0,971.0
1.0,5778.0,2969.0,2911.0,2955.0,2969.0,987.0,994.0,988.0,970.0,970.0,971.0,987.0,994.0,988.0,1924.0,1918.0,1936.0,987.0,994.0,988.0,970.0,970.0,971.0
1.0,5764.0,2930.0,2912.0,2969.0,2933.0,978.0,983.0,972.0,971.0,970.0,971.0,975.0,983.0,972.0,1923.0,1916.0,1925.0,978.0,983.0,972.0,971.0,970.0,971.0
1.0,5803.0,2969.0,2912.0,2933.0,2969.0,995.0,997.0,977.0,971.0,970.0,971.0,995.0,997.0,977.0,1935.0,1927.0,1941.0,995.0,997.0,977.0,971.0,970.0,971.0
1.0,5767.0,2997.0,2914.0,2969.0,3003.0,998.0,1001.0,1004.0,972.0,971.0,971.0,995.0,998.0,1004.0,1918.0,1913.0,1936.0,998.0,1001.0,1004.0,972.0,971.0,971.0
1.0,5739.0,2917.0,2914.0,3003.0,2917.0,979.0,967.0,971.0,972.0,971.0,971.0,979.0,967.0,971.0,1918.0,1912.0,1909.0,979.0,967.0,971.0,972.0,971.0,971.0
1.0,5825.0,2905.0,2915.0,2917.0,2908.0,967.0,962.0,979.0,972.0,971.0,972.0,967.0,962.0,976.0,1937.0,1946.0,1942.0,967.0,962.0,979.0,972.0,971.0,972.0
1.0,5837.0,2909.0,2916.0,2908.0,2912.0,974.0,963.0,975.0,973.0,971.0,972.0,971.0,963.0,975.0,1949.0,1951.0,1937.0,974.0,963.0,975.0,973.0,971.0,972.0
1.0,5836.0,2918.0,2917.0,2912.0,2921.0,970.0,972.0,979.0,973.0,972.0,972.0,970.0,969.0,979.0,1945.0,1950.0,1941.0,970.0,972.0,979.0,973.0,972.0,972.0
1.0,5830.0,2892.0,2918.0,2921.0,2895.0,972.0,954.0,969.0,973.0,972.0,973.0,972.0,954.0,966.0,1949.0,1944.0,1937.0,972.0,954.0,969.0,973.0,972.0,973.0
1.0,5859.0,2914.0,2918.0,2895.0,2914.0,969.0,971.0,974.0,973.0,972.0,973.0,969.0,971.0,974.0,1947.0,1962.0,1950.0,969.0,971.0,974.0,973.0,972.0,973.0
1.0,5840.0,2900.0,2918.0,2914.0,2900.0,963.0,972.0,965.0,973.0,972.0,973.0,963.0,972.0,965.0,1950.0,1945.0,1945.0,963.0,972.0,965.0,973.0,972.0,973.0
1.0,5854.0,2946.0,2918.0,2900.0,2946.0,976.0,987.0,983.0,973.0,972.0,973.0,976.0,987.0,983.0,1956.0,1944.0,1954.0,976.0,987.0,983.0,973.0,972.0,973.0
1.0,5808.0,2932.0,2918.0,2946.0,2932.0,990.0,970.0,972.0,973.0,972.0,973.0,990.0,970.0,972.0,1943.0,1929.0,1936.0,990.0,970.0,972.0,973.0,972.0,973.0
1.0,5822.0,2923.0,2918.0,2932.0,2923.0,986.0,971.0,966.0,973.0,972.0,973.0,986.0,971.0,966.0,1929.0,1946.0,1947.0,986.0,971.0,966.0,973.0,972.0,973.0
1.0,5831.0,2955.0,2919.0,2923.0,2958.0,997.0,982.0,979.0,974.0,972.0,973.0,994.0,982.0,979.0,1933.0,1945.0,1953.0,997.0,982.0,979.0,974.0,972.0,973.0
1.0,5799.0,2940.0,2918.0,2958.0,2937.0,986.0,990.0,961.0,974.0,972.0,972.0,986.0,990.0,964.0,1925.0,1934.0,1940.0,986.0,990.0,961.0,974.0,972.0,972.0
1.0,5817.0,2936.0,2918.0,2937.0,2936.0,992.0,983.0,961.0,974.0,972.0,972.0,992.0,983.0,961.0,1936.0,1926.0,1955.0,992.0,983.0,961.0,974.0,972.0,972.0
1.0,5818.0,2915.0,2919.0,2936.0,2918.0,984.0,971.0,963.0,975.0,972.0,972.0,981.0,971.0,963.0,1930.0,1933.0,1955.0,984.0,971.0,963.0,975.0,972.0,972.0
1.0,5839.0,2970.0,2922.0,2918.0,2979.0,992.0,997.0,990.0,976.0,973.0,973.0,989.0,994.0,987.0,1941.0,1945.0,1953.0,992.0,997.0,990.0,976.0,973.0,973.0
1.0,5787.0,2919.0,2923.0,2979.0,2922.0,967.0,983.0,972.0,976.0,974.0,973.0,967.0,980.0,972.0,1936.0,1922.0,1929.0,967.0,983.0,972.0,976.0,974.0,973.0
1.0,5847.0,2909.0,2923.0,2922.0,2909.0,967.0,977.0,965.0,976.0,974.0,973.0,967.0,977.0,965.0,1961.0,1939.0,1947.0,967.0,977.0,965.0,976.0,974.0,973.0
1.0,5860.0,2926.0,2923.0,2909.0,2926.0,971.0,986.0,969.0,976.0,974.0,973.0,971.0,986.0,969.0,1961.0,1945.0,1954.0,971.0,986.0,969.0,976.0,974.0,973.0
1.0,5843.0,2900.0,2923.0,2926.0,2900.0,960.0,964.0,976.0,976.0,974.0,973.0,960.0,964.0,976.0,1957.0,1936.0,1950.0,960.0,964.0,976.0,976.0,974.0,973.0
1.0,5869.0,2953.0,2923.0,2900.0,2953.0,977.0,985.0,991.0,976.0,974.0,973.0,977.0,985.0,991.0,1968.0,1958.0,1943.0,977.0,985.0,991.0,976.0,974.0,973.0
1.0,5816.0,2947.0,2924.0,2953.0,2950.0,969.0,978.0,1003.0,976.0,974.0,974.0,969.0,978.0,1000.0,1951.0,1937.0,1928.0,969.0,978.0,1003.0,976.0,974.0,974.0
1.0,5822.0,2980.0,2926.0,2950.0,2986.0,996.0,993.0,997.0,976.0,975.0,975.0,996.0,990.0,994.0,1959.0,1944.0,1919.0,996.0,993.0,997.0,976.0,975.0,975.0
1.0,5792.0,2922.0,2926.0,2986.0,2922.0,972.0,971.0,979.0,976.0,975.0,975.0,972.0,971.0,979.0,1932.0,1932.0,1928.0,972.0,971.0,979.0,976.0,975.0,975.0
1.0,5856.0,2936.0,2925.0,2922.0,2933.0,975.0,981.0,977.0,975.0,975.0,975.0,978.0,981.0,977.0,1956.0,1954.0,1946.0,975.0,981.0,977.0,975.0,975.0,975.0
1.0,5842.0,3001.0,2927.0,2933.0,3007.0,1008.0,1004.0,995.0,976.0,976.0,975.0,1005.0,1001.0,995.0,1950.0,1944.0,1948.0,1008.0,1004.0,995.0,976.0,976.0,975.0
1.0,5774.0,2966.0,2928.0,3007.0,2969.0,993.0,985.0,991.0,976.0,976.0,976.0,993.0,985.0,988.0,1920.0,1924.0,1930.0,993.0,985.0,991.0,976.0,976.0,976.0
1.0,5815.0,2926.0,2930.0,2969.0,2932.0,980.0,984.0,968.0,977.0,977.0,976.0,977.0,981.0,968.0,1935.0,1943.0,1937.0,980.0,984.0,968.0,977.0,977.0,976.0
1.0,5858.0,2880.0,2930.0,2932.0,2880.0,959.0,955.0,966.0,977.0,977.0,976.0,959.0,955.0,966.0,1951.0,1947.0,1960.0,959.0,955.0,966.0,977.0,977.0,976.0
1.0,5910.0,2928.0,2930.0,2880.0,2928.0,980.0,975.0,973.0,977.0,977.0,976.0,980.0,975.0,973.0,1972.0,1976.0,1962.0,980.0,975.0,973.0,977.0,977.0,976.0
1.0,5862.0,2885.0,2930.0,2928.0,2885.0,961.0,973.0,951.0,977.0,977.0,976.0,961.0,973.0,951.0,1951.0,1956.0,1955.0,961.0,973.0,951.0,977.0,977.0,976.0
1.0,5905.0,2933.0,2929.0,2885.0,2930.0,979.0,983.0,968.0,977.0,977.0,975.0,979.0,983.0,971.0,1970.0,1958.0,1977.0,979.0,983.0,968.0,977.0,977.0,975.0
1.0,5857.0,2944.0,2929.0,2930.0,2944.0,978.0,989.0,977.0,977.0,977.0,975.0,978.0,989.0,977.0,1952.0,1948.0,1957.0,978.0,989.0,977.0,977.0,977.0,975.0
1.0,5843.0,2909.0,2929.0,2944.0,2909.0,972.0,974.0,963.0,977.0,977.0,975.0,972.0,974.0,963.0,1953.0,1942.0,1948.0,972.0,974.0,963.0,977.0,977.0,975.0
1.0,5878.0,2940.0,2929.0,2909.0,2940.0,981.0,980.0,979.0,977.0,977.0,975.0,981.0,980.0,979.0,1959.0,1957.0,1962.0,981.0,980.0,979.0,977.0,977.0,975.0
1.0,5847.0,2991.0,2929.0,2940.0,2991.0,999.0,1002.0,990.0,977.0,977.0,975.0,999.0,1002.0,990.0,1950.0,1951.0,1946.0,999.0,1002.0,990.0,977.0,977.0,975.0
1.0,5796.0,2927.0,2928.0,2991.0,2924.0,973.0,978.0,973.0,977.0,977.0,974.0,973.0,978.0,976.0,1932.0,1929.0,1935.0,973.0,978.0,973.0,977.0,977.0,974.0
1.0,5860.0,2959.0,2928.0,2924.0,2959.0,993.0,975.0,991.0,977.0,977.0,974.0,993.0,975.0,991.0,1958.0,1953.0,1949.0,993.0,975.0,991.0,977.0,977.0,974.0
1.0,5825.0,2947.0,2929.0,2959.0,2950.0,987.0,986.0,977.0,977.0,978.0,974.0,987.0,983.0,977.0,1938.0,1956.0,1931.0,987.0,986.0,977.0,977.0,978.0,974.0
1.0,5837.0,2945.0,2929.0,2950.0,2945.0,983.0,980.0,982.0,977.0,978.0,974.0,983.0,980.0,982.0,1944.0,1948.0,1945.0,983.0,980.0,982.0,977.0,978.0,974.0
1.0,5842.0,2937.0,2930.0,2945.0,2940.0,991.0,970.0,979.0,977.0,978.0,975.0,991.0,970.0,976.0,1948.0,1954.0,1940.0,991.0,970.0,979.0,977.0,978.0,975.0
1.0,5850.0,2926.0,2931.0,2940.0,2929.0,974.0,971.0,984.0,978.0,978.0,975.0,971.0,971.0,984.0,1940.0,1964.0,1946.0,974.0,971.0,984.0,978.0,978.0,975.0
1.0,5864.0,2915.0,2931.0,2929.0,2915.0,976.0,963.0,976.0,978.0,978.0,975.0,976.0,963.0,976.0,1960.0,1963.0,1941.0,976.0,963.0,976.0,978.0,978.0,975.0
1.0,5878.0,2941.0,2932.0,2915.0,2944.0,977.0,969.0,998.0,978.0,978.0,976.0,977.0,969.0,995.0,1958.0,1971.0,1949.0,977.0,969.0,998.0,978.0,978.0,976.0
1.0,5852.0,2920.0,2933.0,2944.0,2923.0,979.0,976.0,968.0,979.0,978.0,976.0,976.0,976.0,968.0,1957.0,1965.0,1930.0,979.0,976.0,968.0,979.0,978.0,976.0
1.0,5876.0,2972.0,2934.0,2923.0,2975.0,990.0,991.0,994.0,979.0,978.0,977.0,990.0,991.0,991.0,1958.0,1958.0,1960.0,990.0,991.0,994.0,979.0,978.0,977.0
1.0,5827.0,2974.0,2936.0,2975.0,2980.0,985.0,1004.0,991.0,980.0,979.0,977.0,982.0,1001.0,991.0,1947.0,1943.0,1937.0,985.0,1004.0,991.0,980.0,979.0,977.0
1.0,5828.0,3012.0,2938.0,2980.0,3018.0,995.0,1016.0,1007.0,980.0,980.0,978.0,995.0,1013.0,1004.0,1955.0,1933.0,1940.0,995.0,1016.0,1007.0,980.0,980.0,978.0
1.0,5796.0,2964.0,2938.0,3018.0,2964.0,984.0,992.0,988.0,980.0,980.0,978.0,984.0,992.0,988.0,1945.0,1924.0,1927.0,984.0,992.0,988.0,980.0,980.0,978.0
1.0,5850.0,2989.0,2938.0,2964.0,2989.0,985.0,1009.0,995.0,980.0,980.0,978.0,985.0,1009.0,995.0,1956.0,1948.0,1946.0,985.0,1009.0,995.0,980.0,980.0,978.0
1.0,5825.0,3011.0,2940.0,2989.0,3017.0,998.0,1008.0,1011.0,980.0,981.0,979.0,998.0,1005.0,1008.0,1955.0,1931.0,1939.0,998.0,1008.0,1011.0,980.0,981.0,979.0
1.0,5803.0,2931.0,2939.0,3017.0,2928.0,977.0,981.0,970.0,980.0,980.0,979.0,977.0,984.0,970.0,1942.0,1935.0,1926.0,977.0,981.0,970.0,980.0,980.0,979.0
1.0,5889.0,2931.0,2938.0,2928.0,2928.0,981.0,968.0,979.0,980.0,980.0,978.0,981.0,968.0,982.0,1963.0,1959.0,1967.0,981.0,968.0,979.0,980.0,980.0,978.0
1.0,5886.0,2932.0,2939.0,2928.0,2935.0,981.0,976.0,978.0,980.0,980.0,979.0,981.0,976.0,975.0,1959.0,1972.0,1955.0,981.0,976.0,978.0,980.0,980.0,979.0
1.0,5882.0,2934.0,2939.0,2935.0,2934.0,981.0,975.0,978.0,980.0,980.0,979.0,981.0,975.0,978.0,1959.0,1964.0,1959.0,981.0,975.0,978.0,980.0,980.0,979.0
1.0,5883.0,2929.0,2939.0,2934.0,2929.0,982.0,973.0,974.0,980.0,980.0,979.0,982.0,973.0,974.0,1959.0,1965.0,1959.0,982.0,973.0,974.0,980.0,980.0,979.0
1.0,5888.0,2931.0,2940.0,2929.0,2934.0,989.0,963.0,982.0,981.0,980.0,979.0,986.0,963.0,982.0,1958.0,1967.0,1963.0,989.0,963.0,982.0,981.0,980.0,979.0
1.0,5886.0,2929.0,2941.0,2934.0,2932.0,977.0,974.0,981.0,981.0,981.0,979.0,977.0,971.0,981.0,1954.0,1977.0,1955.0,977.0,974.0,981.0,981.0,981.0,979.0
1.0,5891.0,2927.0,2941.0,2932.0,2927.0,977.0,974.0,976.0,981.0,981.0,979.0,977.0,974.0,976.0,1966.0,1969.0,1956.0,977.0,974.0,976.0,981.0,981.0,979.0
1.0,5896.0,2988.0,2943.0,2927.0,2994.0,1003.0,986.0,1005.0,982.0,981.0,980.0,1000.0,986.0,1002.0,1966.0,1969.0,1961.0,1003.0,986.0,1005.0,982.0,981.0,980.0
1.0,5835.0,2952.0,2942.0,2994.0,2949.0,971.0,987.0,991.0,981.0,981.0,980.0,974.0,987.0,991.0,1943.0,1957.0,1935.0,971.0,987.0,991.0,981.0,981.0,980.0
1.0,5877.0,2937.0,2942.0,2949.0,2937.0,970.0,984.0,983.0,981.0,981.0,980.0,970.0,984.0,983.0,1972.0,1956.0,1949.0,970.0,984.0,983.0,981.0,981.0,980.0
1.0,5889.0,3008.0,2944.0,2937.0,3014.0,1004.0,1001.0,1009.0,981.0,982.0,981.0,1004.0,998.0,1006.0,1973.0,1959.0,1957.0,1004.0,1001.0,1009.0,981.0,982.0,981.0
1.0,5818.0,2991.0,2944.0,3014.0,2991.0,989.0,1001.0,1001.0,981.0,982.0,981.0,989.0,1001.0,1001.0,1939.0,1945.0,1934.0,989.0,1001.0,1001.0,981.0,982.0,981.0
1.0,5841.0,2970.0,2945.0,2991.0,2973.0,989.0,1000.0,984.0,981.0,982.0,982.0,989.0,1000.0,981.0,1954.0,1945.0,1942.0,989.0,1000.0,984.0,981.0,982.0,982.0
1.0,5862.0,2967.0,2945.0,2973.0,2967.0,985.0,998.0,984.0,981.0,982.0,982.0,985.0,998.0,984.0,1954.0,1946.0,1962.0,985.0,998.0,984.0,981.0,982.0,982.0
1.0,5868.0,2959.0,2946.0,2967.0,2962.0,975.0,1004.0,983.0,981.0,983.0,982.0,975.0,1001.0,983.0,1958.0,1948.0,1962.0,975.0,1004.0,983.0,981.0,983.0,982.0
1.0,5876.0,2956.0,2946.0,2962.0,2956.0,981.0,994.0,981.0,981.0,983.0,982.0,981.0,994.0,981.0,1968.0,1945.0,1963.0,981.0,994.0,981.0,981.0,983.0,982.0
1.0,5882.0,2956.0,2946.0,2956.0,2956.0,985.0,985.0,986.0,981.0,983.0,982.0,985.0,985.0,986.0,1962.0,1955.0,1965.0,985.0,985.0,986.0,981.0,983.0,982.0
1.0,5882.0,2901.0,2947.0,2956.0,2904.0,987.0,963.0,954.0,982.0,983.0,982.0,984.0,963.0,954.0,1958.0,1964.0,1960.0,987.0,963.0,954.0,982.0,983.0,982.0
1.0,5937.0,2973.0,2948.0,2904.0,2976.0,987.0,1001.0,988.0,982.0,983.0,983.0,987.0,1001.0,985.0,1959.0,1986.0,1992.0,987.0,1001.0,988.0,982.0,983.0,983.0
1.0,5868.0,3002.0,2950.0,2976.0,3008.0,1012.0,992.0,1004.0,983.0,984.0,983.0,1009.0,989.0,1004.0,1959.0,1948.0,1961.0,1012.0,992.0,1004.0,983.0,984.0,983.0
1.0,5842.0,3002.0,2951.0,3008.0,3005.0,1012.0,999.0,994.0,984.0,984.0,983.0,1009.0,999.0,994.0,1937.0,1960.0,1945.0,1012.0,999.0,994.0,984.0,984.0,983.0
1.0,5848.0,2947.0,2951.0,3005.0,2947.0,998.0,967.0,982.0,984.0,984.0,983.0,998.0,967.0,982.0,1940.0,1953.0,1955.0,998.0,967.0,982.0,984.0,984.0,983.0
1.0,5906.0,2946.0,2951.0,2947.0,2946.0,972.0,985.0,989.0,984.0,984.0,983.0,972.0,985.0,989.0,1954.0,1985.0,1967.0,972.0,985.0,989.0,984.0,984.0,983.0
1.0,5907.0,2977.0,2951.0,2946.0,2977.0,993.0,992.0,992.0,984.0,984.0,983.0,993.0,992.0,992.0,1980.0,1967.0,1960.0,993.0,992.0,992.0,984.0,984.0,983.0
1.0,5876.0,2982.0,2951.0,2977.0,2982.0,999.0,986.0,997.0,984.0,984.0,983.0,999.0,986.0,997.0,1959.0,1960.0,1957.0,999.0,986.0,997.0,984.0,984.0,983.0
1.0,5871.0,2969.0,2951.0,2982.0,2969.0,987.0,992.0,990.0,984.0,984.0,983.0,987.0,992.0,990.0,1953.0,1966.0,1952.0,987.0,992.0,990.0,984.0,984.0,983.0
1.0,5884.0,2989.0,2952.0,2969.0,2992.0,976.0,1007.0,1009.0,984.0,984.0,984.0,976.0,1007.0,1006.0,1965.0,1960.0,1959.0,976.0,1007.0,1009.0,984.0,984.0,984.0
1.0,5864.0,3025.0,2954.0,2992.0,3031.0,999.0,1013.0,1019.0,984.0,985.0,985.0,999.0,1010.0,1016.0,1976.0,1945.0,1943.0,999.0,1013.0,1019.0,984.0,985.0,985.0
1.0,5831.0,2959.0,2955.0,3031.0,2962.0,989.0,983.0,990.0,985.0,985.0,985.0,986.0,983.0,990.0,1953.0,1942.0,1936.0,989.0,983.0,990.0,985.0,985.0,985.0
1.0,5903.0,2958.0,2956.0,2962.0,2961.0,976.0,995.0,990.0,985.0,986.0,985.0,976.0,992.0,990.0,1966.0,1972.0,1965.0,976.0,995.0,990.0,985.0,986.0,985.0
1.0,5907.0,2992.0,2957.0,2961.0,2995.0,999.0,1005.0,991.0,985.0,986.0,986.0,999.0,1005.0,988.0,1979.0,1963.0,1965.0,999.0,1005.0,991.0,985.0,986.0,986.0
1.0,5876.0,2978.0,2959.0,2995.0,2984.0,1000.0,1000.0,984.0,986.0,987.0,986.0,997.0,997.0,984.0,1956.0,1953.0,1967.0,1000.0,1000.0,984.0,986.0,987.0,986.0
1.0,5893.0,2954.0,2959.0,2984.0,2954.0,990.0,982.0,982.0,986.0,987.0,986.0,990.0,982.0,982.0,1958.0,1961.0,1974.0,990.0,982.0,982.0,986.0,987.0,986.0
1.0,5923.0,2977.0,2960.0,2954.0,2980.0,995.0,993.0,992.0,986.0,987.0,987.0,995.0,993.0,989.0,1968.0,1979.0,1976.0,995.0,993.0,992.0,986.0,987.0,987.0
1.0,5900.0,2979.0,2961.0,2980.0,2982.0,998.0,995.0,989.0,987.0,987.0,987.0,995.0,995.0,989.0,1963.0,1968.0,1969.0,998.0,995.0,989.0,987.0,987.0,987.0
1.0,5901.0,2944.0,2960.0,2982.0,2941.0,978.0,986.0,977.0,986.0,987.0,987.0,981.0,986.0,977.0,1963.0,1966.0,1972.0,978.0,986.0,977.0,986.0,987.0,987.0
1.0,5939.0,3000.0,2961.0,2941.0,3003.0,995.0,1005.0,1003.0,987.0,987.0,987.0,992.0,1005.0,1003.0,1980.0,1975.0,1984.0,995.0,1005.0,1003.0,987.0,987.0,987.0
1.0,5880.0,2958.0,2962.0,3003.0,2961.0,987.0,990.0,984.0,987.0,988.0,987.0,987.0,987.0,984.0,1966.0,1956.0,1958.0,987.0,990.0,984.0,987.0,988.0,987.0
1.0,5925.0,2934.0,2961.0,2961.0,2931.0,968.0,986.0,977.0,986.0,988.0,987.0,971.0,986.0,977.0,1974.0,1974.0,1977.0,968.0,986.0,977.0,986.0,988.0,987.0
1.0,5952.0,2964.0,2961.0,2931.0,2964.0,995.0,984.0,985.0,986.0,988.0,987.0,995.0,984.0,985.0,1990.0,1978.0,1984.0,995.0,984.0,985.0,986.0,988.0,987.0
1.0,5919.0,2924.0,2961.0,2964.0,2924.0,973.0,982.0,969.0,986.0,988.0,987.0,973.0,982.0,969.0,1963.0,1980.0,1976.0,973.0,982.0,969.0,986.0,988.0,987.0
1.0,5959.0,2946.0,2961.0,2924.0,2946.0,980.0,983.0,983.0,986.0,988.0,987.0,980.0,983.0,983.0,1985.0,1982.0,1992.0,980.0,983.0,983.0,986.0,988.0,987.0
1.0,5937.0,2965.0,2962.0,2946.0,2968.0,986.0,998.0,984.0,986.0,989.0,987.0,986.0,995.0,984.0,1978.0,1981.0,1978.0,986.0,998.0,984.0,986.0,989.0,987.0
1.0,5918.0,2955.0,2963.0,2968.0,2958.0,1001.0,986.0,971.0,987.0,989.0,987.0,998.0,986.0,971.0,1972.0,1969.0,1977.0,1001.0,986.0,971.0,987.0,989.0,987.0
1.0,5931.0,2978.0,2963.0,2958.0,2978.0,993.0,991.0,994.0,987.0,989.0,987.0,993.0,991.0,994.0,1960.0,1981.0,1990.0,993.0,991.0,994.0,987.0,989.0,987.0
1.0,5911.0,3020.0,2965.0,2978.0,3026.0,1001.0,1014.0,1011.0,987.0,990.0,988.0,1001.0,1011.0,1008.0,1968.0,1976.0,1967.0,1001.0,1014.0,1011.0,987.0,990.0,988.0
1.0,5869.0,3006.0,2966.0,3026.0,3009.0,1003.0,1001.0,1005.0,988.0,990.0,988.0,1000.0,1001.0,1005.0,1960.0,1956.0,1953.0,1003.0,1001.0,1005.0,988.0,990.0,988.0
1.0,5889.0,3005.0,2966.0,3009.0,3005.0,996.0,1006.0,1003.0,988.0,990.0,988.0,996.0,1006.0,1003.0,1961.0,1969.0,1959.0,996.0,1006.0,1003.0,988.0,990.0,988.0
1.0,5893.0,3024.0,2966.0,3005.0,3024.0,1008.0,1011.0,1005.0,988.0,990.0,988.0,1008.0,1011.0,1005.0,1968.0,1964.0,1961.0,1008.0,1011.0,1005.0,988.0,990.0,988.0
1.0,5874.0,3030.0,2968.0,3024.0,3036.0,1011.0,1007.0,1018.0,989.0,990.0,989.0,1008.0,1007.0,1015.0,1956.0,1959.0,1959.0,1011.0,1007.0,1018.0,989.0,990.0,989.0
1.0,5868.0,2983.0,2967.0,3036.0,2980.0,989.0,998.0,993.0,989.0,990.0,988.0,989.0,998.0,996.0,1956.0,1963.0,1949.0,989.0,998.0,993.0,989.0,990.0,988.0
1.0,5921.0,3006.0,2968.0,2980.0,3009.0,1002.0,996.0,1011.0,989.0,990.0,989.0,1002.0,996.0,1008.0,1978.0,1972.0,1971.0,1002.0,996.0,1011.0,989.0,990.0,989.0
1.0,5895.0,2963.0,2968.0,3009.0,2963.0,989.0,985.0,989.0,989.0,990.0,989.0,989.0,985.0,989.0,1965.0,1974.0,1956.0,989.0,985.0,989.0,989.0,990.0,989.0
1.0,5941.0,2955.0,2970.0,2963.0,2961.0,986.0,984.0,991.0,989.0,991.0,990.0,986.0,981.0,988.0,1978.0,1985.0,1978.0,986.0,984.0,991.0,989.0,991.0,990.0
1.0,5949.0,2977.0,2970.0,2961.0,2977.0,990.0,994.0,993.0,989.0,991.0,990.0,990.0,994.0,993.0,1981.0,1989.0,1979.0,990.0,994.0,993.0,989.0,991.0,990.0
1.0,5933.0,2962.0,2971.0,2977.0,2965.0,1000.0,979.0,986.0,990.0,991.0,990.0,997.0,979.0,986.0,1977.0,1979.0,1977.0,1000.0,979.0,986.0,990.0,991.0,990.0
1.0,5948.0,2930.0,2971.0,2965.0,2930.0,983.0,978.0,969.0,990.0,991.0,990.0,983.0,978.0,969.0,1970.0,1994.0,1984.0,983.0,978.0,969.0,990.0,991.0,990.0
1.0,5983.0,2978.0,2972.0,2930.0,2981.0,991.0,1006.0,984.0,990.0,992.0,990.0,991.0,1003.0,984.0,1987.0,1995.0,2001.0,991.0,1006.0,984.0,990.0,992.0,990.0
1.0,5935.0,2964.0,2972.0,2981.0,2964.0,996.0,980.0,988.0,990.0,992.0,990.0,996.0,980.0,988.0,1979.0,1970.0,1986.0,996.0,980.0,988.0,990.0,992.0,990.0
1.0,5952.0,2994.0,2972.0,2964.0,2994.0,995.0,1002.0,997.0,990.0,992.0,990.0,995.0,1002.0,997.0,1974.0,1996.0,1982.0,995.0,1002.0,997.0,990.0,992.0,990.0
1.0,5922.0,3050.0,2974.0,2994.0,3056.0,1033.0,1015.0,1008.0,991.0,993.0,990.0,1030.0,1012.0,1008.0,1975.0,1974.0,1973.0,1033.0,1015.0,1008.0,991.0,993.0,990.0
1.0,5866.0,2989.0,2975.0,3056.0,2992.0,996.0,1007.0,989.0,992.0,993.0,990.0,993.0,1007.0,989.0,1940.0,1964.0,1962.0,996.0,1007.0,989.0,992.0,993.0,990.0
1.0,5933.0,3047.0,2977.0,2992.0,3053.0,1021.0,1017.0,1015.0,992.0,994.0,991.0,1021.0,1014.0,1012.0,1980.0,1972.0,1981.0,1021.0,1017.0,1015.0,992.0,994.0,991.0
1.0,5878.0,3023.0,2977.0,3053.0,3023.0,1001.0,1016.0,1006.0,992.0,994.0,991.0,1001.0,1016.0,1006.0,1955.0,1965.0,1958.0,1001.0,1016.0,1006.0,992.0,994.0,991.0
1.0,5908.0,3011.0,2978.0,3023.0,3014.0,1006.0,1007.0,1001.0,993.0,994.0,991.0,1003.0,1007.0,1001.0,1975.0,1966.0,1967.0,1006.0,1007.0,1001.0,993.0,994.0,991.0
1.0,5920.0,3015.0,2979.0,3014.0,3018.0,1003.0,992.0,1023.0,993.0,994.0,992.0,1003.0,992.0,1020.0,1973.0,1975.0,1972.0,1003.0,992.0,1023.0,993.0,994.0,992.0
1.0,5919.0,3035.0,2979.0,3018.0,3035.0,1005.0,1015.0,1015.0,993.0,994.0,992.0,1005.0,1015.0,1015.0,1976.0,1990.0,1953.0,1005.0,1015.0,1015.0,993.0,994.0,992.0
1.0,5902.0,3028.0,2981.0,3035.0,3034.0,1011.0,1007.0,1016.0,994.0,994.0,993.0,1008.0,1007.0,1013.0,1974.0,1967.0,1961.0,1011.0,1007.0,1016.0,994.0,994.0,993.0
1.0,5909.0,2985.0,2981.0,3034.0,2985.0,991.0,989.0,1005.0,994.0,994.0,993.0,991.0,989.0,1005.0,1971.0,1975.0,1963.0,991.0,989.0,1005.0,994.0,994.0,993.0
1.0,5958.0,2988.0,2983.0,2985.0,2994.0,988.0,999.0,1007.0,994.0,995.0,994.0,988.0,996.0,1004.0,1991.0,1993.0,1974.0,988.0,999.0,1007.0,994.0,995.0,994.0
1.0,5955.0,3002.0,2984.0,2994.0,3005.0,1000.0,994.0,1011.0,994.0,995.0,995.0,1000.0,994.0,1008.0,1994.0,1986.0,1975.0,1000.0,994.0,1011.0,994.0,995.0,995.0
1.0,5947.0,2995.0,2984.0,3005.0,2995.0,998.0,997.0,1000.0,994.0,995.0,995.0,998.0,997.0,1000.0,1982.0,1991.0,1974.0,998.0,997.0,1000.0,994.0,995.0,995.0
1.0,5957.0,2941.0,2983.0,2995.0,2938.0,984.0,969.0,985.0,994.0,995.0,994.0,984.0,969.0,988.0,1984.0,1988.0,1985.0,984.0,969.0,985.0,994.0,995.0,994.0
1.0,6011.0,3042.0,2984.0,2938.0,3045.0,1015.0,1007.0,1023.0,994.0,995.0,995.0,1015.0,1007.0,1020.0,1998.0,2016.0,1997.0,1015.0,1007.0,1023.0,994.0,995.0,995.0
1.0,5907.0,3030.0,2987.0,3045.0,3039.0,1017.0,1011.0,1011.0,995.0,996.0,996.0,1014.0,1008.0,1008.0,1967.0,1978.0,1962.0,1017.0,1011.0,1011.0,995.0,996.0,996.0
1.0,5922.0,3003.0,2987.0,3039.0,3003.0,1006.0,1000.0,997.0,995.0,996.0,996.0,1006.0,1000.0,997.0,1968.0,1977.0,1977.0,1006.0,1000.0,997.0,995.0,996.0,996.0
1.0,5958.0,3029.0,2987.0,3003.0,3029.0,1016.0,1004.0,1009.0,995.0,996.0,996.0,1016.0,1004.0,1009.0,1979.0,1988.0,1991.0,1016.0,1004.0,1009.0,995.0,996.0,996.0
1.0,5932.0,3043.0,2989.0,3029.0,3049.0,1018.0,1016.0,1015.0,996.0,997.0,996.0,1015.0,1013.0,1015.0,1969.0,1984.0,1979.0,1018.0,1016.0,1015.0,996.0,997.0,996.0
1.0,5918.0,2995.0,2989.0,3049.0,2995.0,998.0,1005.0,992.0,996.0,997.0,996.0,998.0,1005.0,992.0,1970.0,1975.0,1973.0,998.0,1005.0,992.0,996.0,997.0,996.0
1.0,5972.0,3005.0,2989.0,2995.0,3005.0,1002.0,1017.0,986.0,996.0,997.0,996.0,1002.0,1017.0,986.0,1990.0,1986.0,1996.0,1002.0,1017.0,986.0,996.0,997.0,996.0
1.0,5962.0,3002.0,2990.0,3005.0,3005.0,1003.0,1003.0,999.0,997.0,997.0,996.0,1000.0,1003.0,999.0,1986.0,1974.0,2002.0,1003.0,1003.0,999.0,997.0,997.0,996.0
1.0,5965.0,2968.0,2990.0,3005.0,2968.0,984.0,993.0,991.0,997.0,997.0,996.0,984.0,993.0,991.0,1988.0,1988.0,1989.0,984.0,993.0,991.0,997.0,997.0,996.0
1.0,6002.0,2966.0,2990.0,2968.0,2966.0,989.0,1000.0,977.0,997.0,997.0,996.0,989.0,1000.0,977.0,2007.0,1998.0,1997.0,989.0,1000.0,977.0,997.0,997.0,996.0
1.0,6004.0,3002.0,2990.0,2966.0,3002.0,999.0,998.0,1005.0,997.0,997.0,996.0,999.0,998.0,1005.0,2002.0,1991.0,2011.0,999.0,998.0,1005.0,997.0,997.0,996.0
1.0,5968.0,3009.0,2992.0,3002.0,3015.0,987.0,1009.0,1019.0,997.0,998.0,997.0,987.0,1006.0,1016.0,1992.0,1993.0,1983.0,987.0,1009.0,1019.0,997.0,998.0,997.0
1.0,5961.0,2981.0,2991.0,3015.0,2978.0,997.0,985.0,996.0,997.0,997.0,997.0,997.0,988.0,996.0,2004.0,1985.0,1972.0,997.0,985.0,996.0,997.0,997.0,997.0
1.0,5995.0,3020.0,2991.0,2978.0,3020.0,1008.0,994.0,1018.0,997.0,997.0,997.0,1008.0,994.0,1018.0,1994.0,2006.0,1995.0,1008.0,994.0,1018.0,997.0,997.0,997.0
1.0,5953.0,3034.0,2994.0,3020.0,3043.0,1015.0,1011.0,1017.0,998.0,998.0,998.0,1012.0,1008.0,1014.0,1983.0,1997.0,1973.0,1015.0,1011.0,1017.0,998.0,998.0,998.0
1.0,5939.0,3011.0,2994.0,3043.0,3011.0,1010.0,999.0,1002.0,998.0,998.0,998.0,1010.0,999.0,1002.0,1979.0,1983.0,1977.0,1010.0,999.0,1002.0,998.0,998.0,998.0
1.0,5971.0,3028.0,2995.0,3011.0,3031.0,1016.0,997.0,1018.0,998.0,998.0,999.0,1016.0,997.0,1015.0,1984.0,1995.0,1992.0,1016.0,997.0,1018.0,998.0,998.0,999.0
1.0,5954.0,2980.0,2996.0,3031.0,2983.0,1001.0,983.0,999.0,999.0,998.0,999.0,998.0,983.0,999.0,1978.0,1997.0,1979.0,1001.0,983.0,999.0,999.0,998.0,999.0
1.0,6005.0,3005.0,2996.0,2983.0,3005.0,995.0,1007.0,1003.0,999.0,998.0,999.0,995.0,1007.0,1003.0,1996.0,2011.0,1998.0,995.0,1007.0,1003.0,999.0,998.0,999.0
1.0,5983.0,3038.0,2999.0,3005.0,3047.0,1012.0,1022.0,1013.0,1000.0,999.0,1000.0,1009.0,1019.0,1010.0,2002.0,1987.0,1994.0,1012.0,1022.0,1013.0,1000.0,999.0,1000.0
1.0,5950.0,3000.0,3000.0,3047.0,3003.0,993.0,1003.0,1007.0,1000.0,999.0,1001.0,993.0,1003.0,1004.0,1988.0,1975.0,1987.0,993.0,1003.0,1007.0,1000.0,999.0,1001.0
1.0,5997.0,2961.0,3000.0,3003.0,2961.0,976.0,996.0,989.0,1000.0,999.0,1001.0,976.0,996.0,989.0,2007.0,1994.0,1996.0,976.0,996.0,989.0,1000.0,999.0,1001.0
1.0,6039.0,2943.0,3000.0,2961.0,2943.0,969.0,994.0,980.0,999.0,1000.0,1001.0,972.0,991.0,980.0,2024.0,2001.0,2014.0,969.0,994.0,980.0,999.0,1000.0,1001.0
1.0,6057.0,3014.0,3000.0,2943.0,3014.0,995.0,1016.0,1003.0,999.0,1000.0,1001.0,995.0,1016.0,1003.0,2028.0,2006.0,2023.0,995.0,1016.0,1003.0,999.0,1000.0,1001.0
1.0,5986.0,2970.0,3000.0,3014.0,2970.0,982.0,1001.0,987.0,999.0,1000.0,1001.0,982.0,1001.0,987.0,2002.0,1984.0,2000.0,982.0,1001.0,987.0,999.0,1000.0,1001.0
1.0,6030.0,3018.0,2999.0,2970.0,3015.0,1013.0,1007.0,995.0,999.0,1000.0,1000.0,1013.0,1007.0,998.0,2015.0,1999.0,2016.0,1013.0,1007.0,995.0,999.0,1000.0,1000.0
1.0,5982.0,3018.0,3000.0,3015.0,3021.0,1007.0,1001.0,1013.0,999.0,1000.0,1001.0,1007.0,1001.0,1010.0,1984.0,1993.0,2005.0,1007.0,1001.0,1013.0,999.0,1000.0,1001.0
1.0,5979.0,3025.0,3000.0,3021.0,3025.0,999.0,1013.0,1013.0,999.0,1000.0,1001.0,999.0,1013.0,1013.0,1990.0,1999.0,1990.0,999.0,1013.0,1013.0,999.0,1000.0,1001.0
1.0,5975.0,3020.0,3000.0,3025.0,3020.0,995.0,1017.0,1008.0,999.0,1000.0,1001.0,995.0,1017.0,1008.0,1998.0,1987.0,1990.0,995.0,1017.0,1008.0,999.0,1000.0,1001.0
1.0,5980.0,2995.0,3000.0,3020.0,2995.0,995.0,1000.0,1000.0,999.0,1000.0,1001.0,995.0,1000.0,1000.0,2002.0,1983.0,1995.0,995.0,1000.0,1000.0,999.0,1000.0,1001.0
1.0,6005.0,3030.0,3000.0,2995.0,3030.0,1016.0,1000.0,1014.0,999.0,1000.0,1001.0,1016.0,1000.0,1014.0,2002.0,2000.0,2003.0,1016.0,1000.0,1014.0,999.0,1000.0,1001.0
1.0,5970.0,3035.0,3002.0,3030.0,3041.0,1022.0,1016.0,1003.0,1000.0,1001.0,1001.0,1019.0,1013.0,1003.0,1981.0,2000.0,1989.0,1022.0,1016.0,1003.0,1000.0,1001.0,1001.0
1.0,5965.0,2995.0,3002.0,3041.0,2995.0,1001.0,998.0,996.0,1000.0,1001.0,1001.0,1001.0,998.0,996.0,1978.0,1987.0,2000.0,1001.0,998.0,996.0,1000.0,1001.0,1001.0
1.0,6011.0,2968.0,3002.0,2995.0,2968.0,987.0,987.0,994.0,1000.0,1001.0,1001.0,987.0,987.0,994.0,1999.0,2005.0,2007.0,987.0,987.0,994.0,1000.0,1001.0,1001.0
1.0,6038.0,2991.0,3003.0,2968.0,2994.0,990.0,987.0,1017.0,1000.0,1001.0,1002.0,990.0,987.0,1014.0,2013.0,2016.0,2009.0,990.0,987.0,1017.0,1000.0,1001.0,1002.0
1.0,6015.0,3023.0,3005.0,2994.0,3029.0,1006.0,1005.0,1018.0,1000.0,1002.0,1003.0,1006.0,1002.0,1015.0,2010.0,2016.0,1989.0,1006.0,1005.0,1018.0,1000.0,1002.0,1003.0
1.0,5986.0,2986.0,3005.0,3029.0,2986.0,1004.0,985.0,997.0,1001.0,1001.0,1003.0,1001.0,988.0,997.0,1994.0,2001.0,1991.0,1004.0,985.0,997.0,1001.0,1001.0,1003.0
1.0,6029.0,3005.0,3006.0,2986.0,3008.0,993.0,1013.0,1002.0,1001.0,1002.0,1003.0,993.0,1010.0,1002.0,1999.0,2018.0,2012.0,993.0,1013.0,1002.0,1001.0,1002.0,1003.0
1.0,6010.0,3017.0,3006.0,3008.0,3017.0,1002.0,1005.0,1010.0,1001.0,1002.0,1003.0,1002.0,1005.0,1010.0,2010.0,1993.0,2007.0,1002.0,1005.0,1010.0,1001.0,1002.0,1003.0
1.0,6001.0,3017.0,3005.0,3017.0,3014.0,995.0,1014.0,1005.0,1000.0,1002.0,1003.0,998.0,1014.0,1005.0,2001.0,2001.0,1999.0,995.0,1014.0,1005.0,1000.0,1002.0,1003.0
1.0,6001.0,3015.0,3006.0,3014.0,3018.0,999.0,1020.0,999.0,1000.0,1002.0,1004.0,999.0,1020.0,996.0,2005.0,1992.0,2004.0,999.0,1020.0,999.0,1000.0,1002.0,1004.0
1.0,6000.0,3020.0,3005.0,3018.0,3017.0,1003.0,1014.0,1000.0,1000.0,1002.0,1003.0,1003.0,1014.0,1003.0,2001.0,1986.0,2013.0,1003.0,1014.0,1000.0,1000.0,1002.0,1003.0
1.0,5998.0,3070.0,3006.0,3017.0,3073.0,1038.0,1029.0,1006.0,1001.0,1002.0,1003.0,1035.0,1029.0,1006.0,1997.0,1992.0,2009.0,1038.0,1029.0,1006.0,1001.0,1002.0,1003.0
1.0,5945.0,3035.0,3007.0,3073.0,3038.0,1018.0,1023.0,997.0,1001.0,1003.0,1003.0,1018.0,1020.0,997.0,1965.0,1977.0,2003.0,1018.0,1023.0,997.0,1001.0,1003.0,1003.0
1.0,5983.0,3001.0,3007.0,3038.0,3001.0,1003.0,1003.0,995.0,1001.0,1003.0,1003.0,1003.0,1003.0,995.0,1985.0,1986.0,2012.0,1003.0,1003.0,995.0,1001.0,1003.0,1003.0
1.0,6020.0,3037.0,3007.0,3001.0,3037.0,1019.0,1016.0,1002.0,1001.0,1003.0,1003.0,1019.0,1016.0,1002.0,2000.0,2006.0,2014.0,1019.0,1016.0,1002.0,1001.0,1003.0,1003.0
1.0,5984.0,3043.0,3006.0,3037.0,3040.0,1021.0,1011.0,1008.0,1001.0,1003.0,1002.0,1021.0,1011.0,1011.0,1984.0,1993.0,2007.0,1021.0,1011.0,1008.0,1001.0,1003.0,1002.0
1.0,5978.0,2999.0,3007.0,3040.0,3002.0,1004.0,998.0,1000.0,1002.0,1003.0,1002.0,1001.0,998.0,1000.0,1982.0,1998.0,1998.0,1004.0,998.0,1000.0,1002.0,1003.0,1002.0
1.0,6019.0,2982.0,3007.0,3002.0,2982.0,1000.0,983.0,999.0,1002.0,1003.0,1002.0,1000.0,983.0,999.0,2002.0,2011.0,2006.0,1000.0,983.0,999.0,1002.0,1003.0,1002.0
1.0,6039.0,3009.0,3007.0,2982.0,3009.0,996.0,1008.0,1005.0,1002.0,1003.0,1002.0,996.0,1008.0,1005.0,2006.0,2026.0,2007.0,996.0,1008.0,1005.0,1002.0,1003.0,1002.0
1.0,6012.0,3047.0,3009.0,3009.0,3053.0,1010.0,1020.0,1023.0,1002.0,1004.0,1003.0,1010.0,1017.0,1020.0,2010.0,2001.0,2001.0,1010.0,1020.0,1023.0,1002.0,1004.0,1003.0
1.0,5974.0,3028.0,3009.0,3053.0,3028.0,1005.0,1010.0,1013.0,1002.0,1004.0,1003.0,1005.0,1010.0,1013.0,1996.0,1992.0,1986.0,1005.0,1010.0,1013.0,1002.0,1004.0,1003.0
1.0,5999.0,3054.0,3010.0,3028.0,3057.0,1012.0,1021.0,1024.0,1002.0,1005.0,1003.0,1012.0,1018.0,1024.0,2001.0,2002.0,1996.0,1012.0,1021.0,1024.0,1002.0,1005.0,1003.0
1.0,5973.0,3044.0,3011.0,3057.0,3047.0,1005.0,1011.0,1031.0,1002.0,1005.0,1004.0,1005.0,1011.0,1028.0,1994.0,1994.0,1985.0,1005.0,1011.0,1031.0,1002.0,1005.0,1004.0
1.0,5986.0,3059.0,3011.0,3047.0,3059.0,1018.0,1023.0,1018.0,1002.0,1005.0,1004.0,1018.0,1023.0,1018.0,2001.0,2004.0,1981.0,1018.0,1023.0,1018.0,1002.0,1005.0,1004.0
1.0,5974.0,3028.0,3011.0,3059.0,3028.0,1000.0,1016.0,1012.0,1002.0,1005.0,1004.0,1000.0,1016.0,1012.0,1988.0,1992.0,1994.0,1000.0,1016.0,1012.0,1002.0,1005.0,1004.0
1.0,6005.0,3071.0,3012.0,3028.0,3074.0,1017.0,1029.0,1028.0,1002.0,1006.0,1004.0,1017.0,1026.0,1028.0,2006.0,1999.0,2000.0,1017.0,1029.0,1028.0,1002.0,1006.0,1004.0
1.0,5962.0,3036.0,3013.0,3074.0,3039.0,1005.0,1019.0,1015.0,1002.0,1006.0,1005.0,1005.0,1019.0,1012.0,1989.0,1989.0,1984.0,1005.0,1019.0,1015.0,1002.0,1006.0,1005.0
1.0,6000.0,3010.0,3013.0,3039.0,3010.0,993.0,1005.0,1012.0,1002.0,1006.0,1005.0,993.0,1005.0,1012.0,2001.0,1999.0,2000.0,993.0,1005.0,1012.0,1002.0,1006.0,1005.0
1.0,6029.0,3045.0,3013.0,3010.0,3045.0,1018.0,1019.0,1008.0,1002.0,1006.0,1005.0,1018.0,1019.0,1008.0,2013.0,2013.0,2003.0,1018.0,1019.0,1008.0,1002.0,1006.0,1005.0
1.0,5994.0,3059.0,3015.0,3045.0,3065.0,1022.0,1023.0,1020.0,1003.0,1006.0,1006.0,1019.0,1023.0,1017.0,1988.0,1999.0,2007.0,1022.0,1023.0,1020.0,1003.0,1006.0,1006.0
1.0,5980.0,3019.0,3016.0,3065.0,3022.0,1007.0,1014.0,1001.0,1003.0,1007.0,1006.0,1007.0,1011.0,1001.0,1987.0,1995.0,1998.0,1007.0,1014.0,1001.0,1003.0,1007.0,1006.0
1.0,6026.0,3028.0,3017.0,3022.0,3031.0,1013.0,1014.0,1004.0,1004.0,1007.0,1006.0,1010.0,1014.0,1004.0,2002.0,2007.0,2017.0,1013.0,1014.0,1004.0,1004.0,1007.0,1006.0
1.0,6020.0,3048.0,3017.0,3031.0,3048.0,1017.0,1020.0,1011.0,1004.0,1007.0,1006.0,1017.0,1020.0,1011.0,1999.0,2007.0,2014.0,1017.0,1020.0,1011.0,1004.0,1007.0,1006.0
1.0,6003.0,2996.0,3018.0,3048.0,2999.0,999.0,1005.0,995.0,1004.0,1008.0,1006.0,999.0,1002.0,995.0,1995.0,2001.0,2007.0,999.0,1005.0,995.0,1004.0,1008.0,1006.0
1.0,6055.0,3039.0,3018.0,2999.0,3039.0,1009.0,1014.0,1016.0,1004.0,1008.0,1006.0,1009.0,1014.0,1016.0,2013.0,2019.0,2023.0,1009.0,1014.0,1016.0,1004.0,1008.0,1006.0
1.0,6015.0,3065.0,3018.0,3039.0,3065.0,1013.0,1029.0,1023.0,1004.0,1008.0,1006.0,1013.0,1029.0,1023.0,2003.0,2010.0,2002.0,1013.0,1029.0,1023.0,1004.0,1008.0,1006.0
1.0,5989.0,3054.0,3020.0,3065.0,3060.0,1017.0,1017.0,1026.0,1004.0,1009.0,1007.0,1017.0,1014.0,1023.0,1999.0,1995.0,1995.0,1017.0,1017.0,1026.0,1004.0,1009.0,1007.0
1.0,6000.0,3055.0,3020.0,3060.0,3055.0,1016.0,1031.0,1008.0,1004.0,1009.0,1007.0,1016.0,1031.0,1008.0,1995.0,2010.0,1995.0,1016.0,1031.0,1008.0,1004.0,1009.0,1007.0
1.0,6005.0,3038.0,3022.0,3055.0,3044.0,1019.0,1012.0,1013.0,1005.0,1010.0,1007.0,1016.0,1009.0,1013.0,1996.0,1996.0,2013.0,1019.0,1012.0,1013.0,1005.0,1010.0,1007.0
1.0,6022.0,3038.0,3022.0,3044.0,3038.0,1009.0,1004.0,1025.0,1005.0,1010.0,1007.0,1009.0,1004.0,1025.0,1996.0,2018.0,2008.0,1009.0,1004.0,1025.0,1005.0,1010.0,1007.0
1.0,6028.0,3061.0,3022.0,3038.0,3061.0,1031.0,1011.0,1019.0,1005.0,1010.0,1007.0,1031.0,1011.0,1019.0,2006.0,2026.0,1996.0,1031.0,1011.0,1019.0,1005.0,1010.0,1007.0
1.0,6005.0,3067.0,3024.0,3061.0,3073.0,1039.0,1015.0,1019.0,1006.0,1010.0,1008.0,1036.0,1015.0,1016.0,1984.0,2019.0,2002.0,1039.0,1015.0,1019.0,1006.0,1010.0,1008.0
1.0,5999.0,3062.0,3025.0,3073.0,3065.0,1025.0,1017.0,1023.0,1007.0,1010.0,1008.0,1022.0,1017.0,1023.0,1979.0,2015.0,2005.0,1025.0,1017.0,1023.0,1007.0,1010.0,1008.0
1.0,6010.0,3029.0,3028.0,3065.0,3038.0,1004.0,1018.0,1016.0,1008.0,1011.0,1009.0,1001.0,1015.0,1013.0,1996.0,2013.0,2001.0,1004.0,1018.0,1016.0,1008.0,1011.0,1009.0
1.0,6046.0,3029.0,3028.0,3038.0,3029.0,1009.0,1011.0,1009.0,1008.0,1011.0,1009.0,1009.0,1011.0,1009.0,2020.0,2015.0,2011.0,1009.0,1011.0,1009.0,1008.0,1011.0,1009.0
1.0,6055.0,3032.0,3028.0,3029.0,3032.0,1007.0,1023.0,1002.0,1008.0,1011.0,1009.0,1007.0,1023.0,1002.0,2015.0,2022.0,2018.0,1007.0,1023.0,1002.0,1008.0,1011.0,1009.0
1.0,6052.0,3079.0,3030.0,3032.0,3085.0,1029.0,1027.0,1029.0,1009.0,1011.0,1010.0,1026.0,1027.0,1026.0,2017.0,2010.0,2025.0,1029.0,1027.0,1029.0,1009.0,1011.0,1010.0
1.0,6005.0,3032.0,3031.0,3085.0,3035.0,1002.0,1028.0,1005.0,1009.0,1012.0,1010.0,1002.0,1025.0,1005.0,1998.0,2006.0,2001.0,1002.0,1028.0,1005.0,1009.0,1012.0,1010.0
1.0,6058.0,3048.0,3031.0,3035.0,3048.0,1020.0,1021.0,1007.0,1009.0,1012.0,1010.0,1020.0,1021.0,1007.0,2025.0,2008.0,2025.0,1020.0,1021.0,1007.0,1009.0,1012.0,1010.0
1.0,6045.0,3054.0,3031.0,3048.0,3054.0,1013.0,1024.0,1017.0,1009.0,1012.0,1010.0,1013.0,1024.0,1017.0,2007.0,2015.0,2023.0,1013.0,1024.0,1017.0,1009.0,1012.0,1010.0
1.0,6039.0,3045.0,3032.0,3054.0,3048.0,1019.0,1007.0,1022.0,1010.0,1012.0,1010.0,1016.0,1007.0,1022.0,2014.0,2012.0,2013.0,1019.0,1007.0,1022.0,1010.0,1012.0,1010.0
1.0,6048.0,3069.0,3034.0,3048.0,3075.0,1022.0,1021.0,1032.0,1010.0,1013.0,1011.0,1022.0,1018.0,1029.0,2011.0,2029.0,2008.0,1022.0,1021.0,1032.0,1010.0,1013.0,1011.0
1.0,6027.0,3042.0,3034.0,3075.0,3042.0,1026.0,1012.0,1004.0,1010.0,1013.0,1011.0,1026.0,1012.0,1004.0,2008.0,2018.0,2001.0,1026.0,1012.0,1004.0,1010.0,1013.0,1011.0
1.0,6060.0,3028.0,3034.0,3042.0,3028.0,1014.0,1006.0,1008.0,1010.0,1013.0,1011.0,1014.0,1006.0,1008.0,2004.0,2027.0,2029.0,1014.0,1006.0,1008.0,1010.0,1013.0,1011.0
1.0,6074.0,3045.0,3035.0,3028.0,3048.0,1020.0,1012.0,1016.0,1011.0,1013.0,1011.0,1017.0,1012.0,1016.0,2016.0,2033.0,2025.0,1020.0,1012.0,1016.0,1011.0,1013.0,1011.0
1.0,6057.0,3053.0,3036.0,3048.0,3056.0,1017.0,1024.0,1015.0,1011.0,1014.0,1011.0,1017.0,1021.0,1015.0,2013.0,2027.0,2017.0,1017.0,1024.0,1015.0,1011.0,1014.0,1011.0
1.0,6052.0,3027.0,3036.0,3056.0,3027.0,1006.0,1020.0,1001.0,1011.0,1014.0,1011.0,1006.0,1020.0,1001.0,2016.0,2018.0,2018.0,1006.0,1020.0,1001.0,1011.0,1014.0,1011.0
1.0,6081.0,3066.0,3038.0,3027.0,3072.0,1032.0,1024.0,1016.0,1012.0,1015.0,1011.0,1029.0,1021.0,1016.0,2027.0,2022.0,2032.0,1032.0,1024.0,1016.0,1012.0,1015.0,1011.0
1.0,6042.0,3057.0,3040.0,3072.0,3063.0,1032.0,1016.0,1015.0,1013.0,1015.0,1012.0,1029.0,1016.0,1012.0,2004.0,2021.0,2017.0,1032.0,1016.0,1015.0,1013.0,1015.0,1012.0
1.0,6057.0,3096.0,3041.0,3063.0,3099.0,1021.0,1041.0,1037.0,1013.0,1016.0,1012.0,1021.0,1038.0,1037.0,2007.0,2029.0,2021.0,1021.0,1041.0,1037.0,1013.0,1016.0,1012.0
1.0,6024.0,3081.0,3041.0,3099.0,3081.0,1027.0,1026.0,1028.0,1013.0,1016.0,1012.0,1027.0,1026.0,1028.0,2018.0,2007.0,1999.0,1027.0,1026.0,1028.0,1013.0,1016.0,1012.0
1.0,6042.0,3074.0,3043.0,3081.0,3080.0,1024.0,1029.0,1027.0,1014.0,1016.0,1013.0,1021.0,1029.0,1024.0,2012.0,2022.0,2008.0,1024.0,1029.0,1027.0,1014.0,1016.0,1013.0
1.0,6049.0,3037.0,3044.0,3080.0,3040.0,999.0,1009.0,1032.0,1014.0,1016.0,1014.0,999.0,1009.0,1029.0,2018.0,2019.0,2012.0,999.0,1009.0,1032.0,1014.0,1016.0,1014.0
1.0,6092.0,3114.0,3044.0,3040.0,3114.0,1029.0,1037.0,1048.0,1014.0,1016.0,1014.0,1029.0,1037.0,1048.0,2043.0,2039.0,2010.0,1029.0,1037.0,1048.0,1014.0,1016.0,1014.0
1.0,6018.0,3065.0,3045.0,3114.0,3068.0,1015.0,1021.0,1032.0,1014.0,1016.0,1015.0,1015.0,1021.0,1029.0,2013.0,2011.0,1994.0,1015.0,1021.0,1032.0,1014.0,1016.0,1015.0
1.0,6067.0,3044.0,3045.0,3068.0,3044.0,1009.0,1018.0,1017.0,1014.0,1016.0,1015.0,1009.0,1018.0,1017.0,2027.0,2027.0,2013.0,1009.0,1018.0,1017.0,1014.0,1016.0,1015.0
1.0,6091.0,3050.0,3046.0,3044.0,3053.0,1025.0,1008.0,1020.0,1014.0,1016.0,1016.0,1025.0,1008.0,1017.0,2033.0,2030.0,2028.0,1025.0,1008.0,1020.0,1014.0,1016.0,1016.0
1.0,6085.0,3042.0,3046.0,3053.0,3042.0,1017.0,1005.0,1020.0,1014.0,1016.0,1016.0,1017.0,1005.0,1020.0,2017.0,2040.0,2028.0,1017.0,1005.0,1020.0,1014.0,1016.0,1016.0
1.0,6096.0,3052.0,3046.0,3042.0,3052.0,1022.0,1010.0,1020.0,1014.0,1016.0,1016.0,1022.0,1010.0,1020.0,2025.0,2043.0,2028.0,1022.0,1010.0,1020.0,1014.0,1016.0,1016.0
1.0,6086.0,3026.0,3048.0,3052.0,3032.0,1019.0,1012.0,1001.0,1015.0,1017.0,1016.0,1016.0,1009.0,1001.0,2020.0,2038.0,2028.0,1019.0,1012.0,1001.0,1015.0,1017.0,1016.0
1.0,6112.0,3035.0,3048.0,3032.0,3035.0,1017.0,1009.0,1009.0,1015.0,1017.0,1016.0,1017.0,1009.0,1009.0,2026.0,2039.0,2047.0,1017.0,1009.0,1009.0,1015.0,1017.0,1016.0
1.0,6109.0,3065.0,3048.0,3035.0,3065.0,1033.0,1016.0,1016.0,1015.0,1017.0,1016.0,1033.0,1016.0,1016.0,2028.0,2042.0,2039.0,1033.0,1016.0,1016.0,1015.0,1017.0,1016.0
1.0,6079.0,3063.0,3049.0,3065.0,3066.0,1024.0,1026.0,1016.0,1016.0,1017.0,1016.0,1021.0,1026.0,1016.0,2012.0,2035.0,2032.0,1024.0,1026.0,1016.0,1016.0,1017.0,1016.0
1.0,6081.0,3131.0,3051.0,3066.0,3137.0,1062.0,1026.0,1049.0,1017.0,1017.0,1017.0,1059.0,1026.0,1046.0,2024.0,2025.0,2032.0,1062.0,1026.0,1049.0,1017.0,1017.0,1017.0
1.0,6016.0,3085.0,3052.0,3137.0,3088.0,1030.0,1039.0,1019.0,1017.0,1018.0,1017.0,1030.0,1036.0,1019.0,1989.0,2025.0,2002.0,1030.0,1039.0,1019.0,1017.0,1018.0,1017.0
1.0,6068.0,3116.0,3052.0,3088.0,3116.0,1034.0,1043.0,1039.0,1017.0,1018.0,1017.0,1034.0,1043.0,1039.0,2021.0,2015.0,2032.0,1034.0,1043.0,1039.0,1017.0,1018.0,1017.0
1.0,6040.0,3063.0,3053.0,3116.0,3066.0,1027.0,1022.0,1017.0,1018.0,1018.0,1017.0,1024.0,1022.0,1017.0,2017.0,2011.0,2012.0,1027.0,1022.0,1017.0,1018.0,1018.0,1017.0
1.0,6093.0,3031.0,3053.0,3066.0,3031.0,1002.0,1020.0,1009.0,1018.0,1018.0,1017.0,1002.0,1020.0,1009.0,2027.0,2032.0,2034.0,1002.0,1020.0,1009.0,1018.0,1018.0,1017.0
1.0,6128.0,3043.0,3053.0,3031.0,3043.0,1021.0,1019.0,1003.0,1018.0,1018.0,1017.0,1021.0,1019.0,1003.0,2052.0,2034.0,2042.0,1021.0,1019.0,1003.0,1018.0,1018.0,1017.0
1.0,6116.0,3111.0,3054.0,3043.0,3114.0,1020.0,1058.0,1036.0,1018.0,1019.0,1017.0,1020.0,1055.0,1036.0,2033.0,2035.0,2048.0,1020.0,1058.0,1036.0,1018.0,1019.0,1017.0
1.0,6048.0,3028.0,3054.0,3114.0,3028.0,1007.0,1011.0,1010.0,1018.0,1019.0,1017.0,1007.0,1011.0,1010.0,2034.0,1999.0,2015.0,1007.0,1011.0,1010.0,1018.0,1019.0,1017.0
1.0,6134.0,3098.0,3054.0,3028.0,3098.0,1031.0,1030.0,1037.0,1018.0,1019.0,1017.0,1031.0,1030.0,1037.0,2047.0,2046.0,2041.0,1031.0,1030.0,1037.0,1018.0,1019.0,1017.0
1.0,6064.0,3043.0,3055.0,3098.0,3046.0,1004.0,1008.0,1034.0,1018.0,1019.0,1018.0,1004.0,1008.0,1031.0,2023.0,2027.0,2014.0,1004.0,1008.0,1034.0,1018.0,1019.0,1018.0
1.0,6119.0,3044.0,3056.0,3046.0,3047.0,1024.0,1002.0,1021.0,1019.0,1019.0,1018.0,1021.0,1002.0,1021.0,2050.0,2049.0,2020.0,1024.0,1002.0,1021.0,1019.0,1019.0,1018.0
1.0,6121.0,3051.0,3056.0,3047.0,3051.0,1024.0,1010.0,1017.0,1019.0,1019.0,1018.0,1024.0,1010.0,1017.0,2033.0,2055.0,2033.0,1024.0,1010.0,1017.0,1019.0,1019.0,1018.0
1.0,6117.0,3121.0,3058.0,3051.0,3127.0,1051.0,1028.0,1048.0,1020.0,1019.0,1019.0,1048.0,1028.0,1045.0,2033.0,2047.0,2037.0,1051.0,1028.0,1048.0,1020.0,1019.0,1019.0
1.0,6047.0,3061.0,3059.0,3127.0,3064.0,1028.0,1005.0,1031.0,1020.0,1019.0,1020.0,1028.0,1005.0,1028.0,2009.0,2029.0,2009.0,1028.0,1005.0,1031.0,1020.0,1019.0,1020.0
1.0,6113.0,3115.0,3060.0,3064.0,3118.0,1054.0,1030.0,1034.0,1021.0,1019.0,1020.0,1051.0,1030.0,1034.0,2032.0,2052.0,2029.0,1054.0,1030.0,1034.0,1021.0,1019.0,1020.0
1.0,6062.0,3114.0,3060.0,3118.0,3114.0,1049.0,1038.0,1027.0,1021.0,1019.0,1020.0,1049.0,1038.0,1027.0,2009.0,2027.0,2026.0,1049.0,1038.0,1027.0,1021.0,1019.0,1020.0
1.0,6066.0,3111.0,3062.0,3114.0,3117.0,1042.0,1045.0,1030.0,1022.0,1020.0,1020.0,1039.0,1042.0,1030.0,2014.0,2019.0,2033.0,1042.0,1045.0,1030.0,1022.0,1020.0,1020.0
1.0,6069.0,3100.0,3063.0,3117.0,3103.0,1029.0,1038.0,1036.0,1022.0,1020.0,1021.0,1029.0,1038.0,1033.0,2024.0,2015.0,2030.0,1029.0,1038.0,1036.0,1022.0,1020.0,1021.0
1.0,6086.0,3096.0,3064.0,3103.0,3099.0,1026.0,1053.0,1020.0,1022.0,1021.0,1021.0,1026.0,1050.0,1020.0,2037.0,2022.0,2027.0,1026.0,1053.0,1020.0,1022.0,1021.0,1021.0
1.0,6093.0,3102.0,3065.0,3099.0,3105.0,1027.0,1046.0,1032.0,1022.0,1022.0,1021.0,1027.0,1043.0,1032.0,2040.0,2010.0,2043.0,1027.0,1046.0,1032.0,1022.0,1022.0,1021.0
1.0,6090.0,3078.0,3065.0,3105.0,3078.0,1014.0,1037.0,1027.0,1022.0,1022.0,1021.0,1014.0,1037.0,1027.0,2039.0,2020.0,2031.0,1014.0,1037.0,1027.0,1022.0,1022.0,1021.0
1.0,6117.0,3055.0,3065.0,3078.0,3055.0,1014.0,1029.0,1012.0,1022.0,1022.0,1021.0,1014.0,1029.0,1012.0,2052.0,2029.0,2036.0,1014.0,1029.0,1012.0,1022.0,1022.0,1021.0
1.0,6140.0,3028.0,3065.0,3055.0,3028.0,1002.0,1016.0,1010.0,1022.0,1022.0,1021.0,1002.0,1016.0,1010.0,2052.0,2037.0,2051.0,1002.0,1016.0,1010.0,1022.0,1022.0,1021.0
1.0,6167.0,3050.0,3066.0,3028.0,3053.0,1017.0,1022.0,1014.0,1022.0,1023.0,1021.0,1017.0,1019.0,1014.0,2064.0,2050.0,2053.0,1017.0,1022.0,1014.0,1022.0,1023.0,1021.0
1.0,6145.0,3070.0,3065.0,3053.0,3067.0,1029.0,1007.0,1031.0,1022.0,1022.0,1021.0,1029.0,1010.0,1031.0,2049.0,2047.0,2049.0,1029.0,1007.0,1031.0,1022.0,1022.0,1021.0
1.0,6128.0,3095.0,3066.0,3067.0,3098.0,1019.0,1035.0,1044.0,1022.0,1022.0,1022.0,1019.0,1035.0,1041.0,2037.0,2059.0,2032.0,1019.0,1035.0,1044.0,1022.0,1022.0,1022.0
1.0,6100.0,3124.0,3068.0,3098.0,3130.0,1045.0,1048.0,1037.0,1023.0,1023.0,1022.0,1042.0,1045.0,1037.0,2047.0,2031.0,2022.0,1045.0,1048.0,1037.0,1023.0,1023.0,1022.0
1.0,6074.0,3073.0,3069.0,3130.0,3076.0,1020.0,1017.0,1039.0,1023.0,1023.0,1023.0,1020.0,1017.0,1036.0,2024.0,2021.0,2029.0,1020.0,1017.0,1039.0,1023.0,1023.0,1023.0
1.0,6131.0,3116.0,3069.0,3076.0,3116.0,1031.0,1041.0,1044.0,1023.0,1023.0,1023.0,1031.0,1041.0,1044.0,2049.0,2052.0,2030.0,1031.0,1041.0,1044.0,1023.0,1023.0,1023.0
1.0,6091.0,3106.0,3072.0,3116.0,3115.0,1044.0,1033.0,1038.0,1024.0,1024.0,1024.0,1041.0,1030.0,1035.0,2038.0,2028.0,2025.0,1044.0,1033.0,1038.0,1024.0,1024.0,1024.0
1.0,6101.0,3104.0,3072.0,3115.0,3104.0,1033.0,1026.0,1045.0,1024.0,1024.0,1024.0,1033.0,1026.0,1045.0,2028.0,2039.0,2034.0,1033.0,1026.0,1045.0,1024.0,1024.0,1024.0
1.0,6112.0,3078.0,3072.0,3104.0,3078.0,1027.0,1025.0,1026.0,1024.0,1024.0,1024.0,1027.0,1025.0,1026.0,2039.0,2046.0,2027.0,1027.0,1025.0,1026.0,1024.0,1024.0,1024.0
1.0,6138.0,3066.0,3073.0,3078.0,3069.0,1020.0,1025.0,1024.0,1024.0,1024.0,1025.0,1020.0,1025.0,1021.0,2045.0,2047.0,2046.0,1020.0,1025.0,1024.0,1024.0,1024.0,1025.0
1.0,6150.0,3080.0,3073.0,3069.0,3080.0,1022.0,1024.0,1034.0,1024.0,1024.0,1025.0,1022.0,1024.0,1034.0,2052.0,2047.0,2051.0,1022.0,1024.0,1034.0,1024.0,1024.0,1025.0
1.0,6139.0,3079.0,3074.0,3080.0,3082.0,1018.0,1037.0,1027.0,1024.0,1025.0,1025.0,1018.0,1034.0,1027.0,2050.0,2048.0,2041.0,1018.0,1037.0,1027.0,1024.0,1025.0,1025.0
1.0,6140.0,3067.0,3075.0,3082.0,3070.0,1006.0,1037.0,1027.0,1024.0,1025.0,1026.0,1006.0,1037.0,1024.0,2054.0,2038.0,2048.0,1006.0,1037.0,1027.0,1024.0,1025.0,1026.0
1.0,6155.0,3029.0,3075.0,3070.0,3029.0,1014.0,1006.0,1009.0,1024.0,1025.0,1026.0,1014.0,1006.0,1009.0,2066.0,2038.0,2051.0,1014.0,1006.0,1009.0,1024.0,1025.0,1026.0
1.0,6196.0,3076.0,3075.0,3029.0,3076.0,1021.0,1034.0,1021.0,1024.0,1025.0,1026.0,1021.0,1034.0,1021.0,2058.0,2069.0,2069.0,1021.0,1034.0,1021.0,1024.0,1025.0,1026.0
1.0,6149.0,3035.0,3074.0,3076.0,3032.0,1011.0,1018.0,1003.0,1024.0,1025.0,1025.0,1011.0,1018.0,1006.0,2051.0,2041.0,2057.0,1011.0,1018.0,1003.0,1024.0,1025.0,1025.0
1.0,6190.0,3119.0,3074.0,3032.0,3119.0,1042.0,1042.0,1035.0,1024.0,1025.0,1025.0,1042.0,1042.0,1035.0,2061.0,2057.0,2072.0,1042.0,1042.0,1035.0,1024.0,1025.0,1025.0
1.0,6103.0,3082.0,3074.0,3119.0,3082.0,1030.0,1032.0,1020.0,1024.0,1025.0,1025.0,1030.0,1032.0,1020.0,2030.0,2033.0,2040.0,1030.0,1032.0,1020.0,1024.0,1025.0,1025.0
1.0,6140.0,3114.0,3076.0,3082.0,3120.0,1044.0,1044.0,1032.0,1025.0,1026.0,1025.0,1041.0,1041.0,1032.0,2042.0,2043.0,2055.0,1044.0,1044.0,1032.0,1025.0,1026.0,1025.0
1.0,6108.0,3097.0,3075.0,3120.0,3094.0,1043.0,1014.0,1037.0,1025.0,1025.0,1025.0,1043.0,1017.0,1037.0,2031.0,2034.0,2043.0,1043.0,1014.0,1037.0,1025.0,1025.0,1025.0
1.0,6131.0,3110.0,3076.0,3094.0,3113.0,1048.0,1022.0,1043.0,1026.0,1025.0,1025.0,1045.0,1022.0,1043.0,2032.0,2061.0,2038.0,1048.0,1022.0,1043.0,1026.0,1025.0,1025.0
1.0,6115.0,3082.0,3078.0,3113.0,3088.0,1016.0,1042.0,1030.0,1026.0,1026.0,1026.0,1016.0,1039.0,1027.0,2030.0,2053.0,2032.0,1016.0,1042.0,1030.0,1026.0,1026.0,1026.0
1.0,6146.0,3056.0,3078.0,3088.0,3056.0,1011.0,1014.0,1031.0,1026.0,1026.0,1026.0,1011.0,1014.0,1031.0,2062.0,2036.0,2048.0,1011.0,1014.0,1031.0,1026.0,1026.0,1026.0
1.0,6178.0,3098.0,3078.0,3056.0,3098.0,1024.0,1033.0,1041.0,1026.0,1026.0,1026.0,1024.0,1033.0,1041.0,2067.0,2064.0,2047.0,1024.0,1033.0,1041.0,1026.0,1026.0,1026.0
1.0,6136.0,3062.0,3078.0,3098.0,3062.0,1026.0,1008.0,1028.0,1026.0,1026.0,1026.0,1026.0,1008.0,1028.0,2054.0,2045.0,2037.0,1026.0,1008.0,1028.0,1026.0,1026.0,1026.0
1.0,6172.0,3067.0,3080.0,3062.0,3073.0,1004.0,1026.0,1043.0,1026.0,1027.0,1027.0,1004.0,1023.0,1040.0,2052.0,2070.0,2050.0,1004.0,1026.0,1043.0,1026.0,1027.0,1027.0
1.0,6167.0,3049.0,3080.0,3073.0,3049.0,998.0,1016.0,1035.0,1025.0,1027.0,1028.0,1001.0,1016.0,1032.0,2074.0,2055.0,2038.0,998.0,1016.0,1035.0,1025.0,1027.0,1028.0
1.0,6191.0,3067.0,3080.0,3049.0,3067.0,1014.0,1021.0,1032.0,1025.0,1027.0,1028.0,1014.0,1021.0,1032.0,2077.0,2065.0,2049.0,1014.0,1021.0,1032.0,1025.0,1027.0,1028.0
1.0,6173.0,3145.0,3081.0,3067.0,3148.0,1034.0,1047.0,1067.0,1025.0,1027.0,1029.0,1034.0,1047.0,1064.0,2061.0,2060.0,2052.0,1034.0,1047.0,1067.0,1025.0,1027.0,1029.0
1.0,6095.0,3132.0,3082.0,3148.0,3135.0,1039.0,1051.0,1045.0,1025.0,1028.0,1029.0,1039.0,1048.0,1045.0,2041.0,2034.0,2020.0,1039.0,1051.0,1045.0,1025.0,1028.0,1029.0
1.0,6111.0,3113.0,3082.0,3135.0,3113.0,1041.0,1045.0,1027.0,1025.0,1028.0,1029.0,1041.0,1045.0,1027.0,2036.0,2033.0,2042.0,1041.0,1045.0,1027.0,1025.0,1028.0,1029.0
1.0,6133.0,3124.0,3082.0,3113.0,3124.0,1045.0,1045.0,1034.0,1025.0,1028.0,1029.0,1045.0,1045.0,1034.0,2034.0,2039.0,2060.0,1045.0,1045.0,1034.0,1025.0,1028.0,1029.0
1.0,6122.0,3129.0,3083.0,3124.0,3132.0,1053.0,1046.0,1033.0,1026.0,1028.0,1029.0,1050.0,1046.0,1033.0,2030.0,2039.0,2053.0,1053.0,1046.0,1033.0,1026.0,1028.0,1029.0
1.0,6117.0,3138.0,3085.0,3132.0,3144.0,1046.0,1051.0,1047.0,1026.0,1029.0,1030.0,1046.0,1048.0,1044.0,2025.0,2038.0,2054.0,1046.0,1051.0,1047.0,1026.0,1029.0,1030.0
1.0,6111.0,3064.0,3085.0,3144.0,3064.0,1018.0,1030.0,1016.0,1026.0,1029.0,1030.0,1018.0,1030.0,1016.0,2032.0,2036.0,2043.0,1018.0,1030.0,1016.0,1026.0,1029.0,1030.0
1.0,6191.0,3078.0,3085.0,3064.0,3078.0,1043.0,1016.0,1019.0,1027.0,1028.0,1030.0,1040.0,1019.0,1019.0,2060.0,2057.0,2074.0,1043.0,1016.0,1019.0,1027.0,1028.0,1030.0
1.0,6177.0,3039.0,3085.0,3078.0,3039.0,1019.0,1012.0,1008.0,1027.0,1028.0,1030.0,1019.0,1012.0,1008.0,2038.0,2068.0,2071.0,1019.0,1012.0,1008.0,1027.0,1028.0,1030.0
1.0,6216.0,3036.0,3084.0,3039.0,3033.0,1007.0,1018.0,1008.0,1027.0,1028.0,1029.0,1007.0,1018.0,1011.0,2062.0,2072.0,2082.0,1007.0,1018.0,1008.0,1027.0,1028.0,1029.0
1.0,6219.0,3096.0,3085.0,3033.0,3099.0,1023.0,1033.0,1043.0,1027.0,1029.0,1029.0,1023.0,1030.0,1043.0,2074.0,2066.0,2079.0,1023.0,1033.0,1043.0,1027.0,1029.0,1029.0
1.0,6156.0,3102.0,3086.0,3099.0,3105.0,1027.0,1031.0,1047.0,1027.0,1029.0,1030.0,1027.0,1031.0,1044.0,2058.0,2054.0,2044.0,1027.0,1031.0,1047.0,1027.0,1029.0,1030.0
1.0,6153.0,3081.0,3087.0,3105.0,3084.0,1024.0,1039.0,1021.0,1027.0,1030.0,1030.0,1024.0,1036.0,1021.0,2054.0,2056.0,2043.0,1024.0,1039.0,1021.0,1027.0,1030.0,1030.0
1.0,6177.0,3067.0,3087.0,3084.0,3067.0,1020.0,1024.0,1023.0,1027.0,1030.0,1030.0,1020.0,1024.0,1023.0,2057.0,2051.0,2069.0,1020.0,1024.0,1023.0,1027.0,1030.0,1030.0
1.0,6194.0,3089.0,3087.0,3067.0,3089.0,1027.0,1023.0,1039.0,1027.0,1030.0,1030.0,1027.0,1023.0,1039.0,2061.0,2066.0,2067.0,1027.0,1023.0,1039.0,1027.0,1030.0,1030.0
1.0,6172.0,3127.0,3086.0,3089.0,3124.0,1042.0,1033.0,1049.0,1026.0,1030.0,1030.0,1045.0,1033.0,1049.0,2054.0,2067.0,2051.0,1042.0,1033.0,1049.0,1026.0,1030.0,1030.0
1.0,6134.0,3168.0,3087.0,3124.0,3171.0,1051.0,1051.0,1069.0,1026.0,1030.0,1031.0,1051.0,1051.0,1066.0,2036.0,2057.0,2041.0,1051.0,1051.0,1069.0,1026.0,1030.0,1031.0
1.0,6090.0,3134.0,3088.0,3171.0,3137.0,1051.0,1045.0,1041.0,1027.0,1030.0,1031.0,1048.0,1045.0,1041.0,2027.0,2039.0,2024.0,1051.0,1045.0,1041.0,1027.0,1030.0,1031.0
1.0,6127.0,3130.0,3088.0,3137.0,3130.0,1053.0,1034.0,1043.0,1027.0,1030.0,1031.0,1053.0,1034.0,1043.0,2030.0,2045.0,2052.0,1053.0,1034.0,1043.0,1027.0,1030.0,1031.0
1.0,6134.0,3123.0,3088.0,3130.0,3123.0,1046.0,1042.0,1035.0,1027.0,1030.0,1031.0,1046.0,1042.0,1035.0,2028.0,2056.0,2050.0,1046.0,1042.0,1035.0,1027.0,1030.0,1031.0
1.0,6141.0,3075.0,3088.0,3123.0,3075.0,1020.0,1030.0,1025.0,1027.0,1030.0,1031.0,1020.0,1030.0,1025.0,2035.0,2048.0,2058.0,1020.0,1030.0,1025.0,1027.0,1030.0,1031.0
1.0,6189.0,3108.0,3089.0,3075.0,3111.0,1045.0,1036.0,1030.0,1028.0,1030.0,1031.0,1042.0,1036.0,1030.0,2061.0,2060.0,2068.0,1045.0,1036.0,1030.0,1028.0,1030.0,1031.0
1.0,6156.0,3052.0,3089.0,3111.0,3052.0,1023.0,1020.0,1009.0,1028.0,1030.0,1031.0,1023.0,1020.0,1009.0,2039.0,2054.0,2063.0,1023.0,1020.0,1009.0,1028.0,1030.0,1031.0
1.0,6215.0,3070.0,3089.0,3052.0,3070.0,1025.0,1035.0,1010.0,1028.0,1030.0,1031.0,1025.0,1035.0,1010.0,2061.0,2070.0,2084.0,1025.0,1035.0,1010.0,1028.0,1030.0,1031.0
1.0,6197.0,3082.0,3091.0,3070.0,3088.0,1026.0,1024.0,1038.0,1029.0,1030.0,1032.0,1023.0,1024.0,1035.0,2059.0,2055.0,2083.0,1026.0,1024.0,1038.0,1029.0,1030.0,1032.0
1.0,6185.0,3049.0,3089.0,3088.0,3043.0,1009.0,1024.0,1010.0,1028.0,1030.0,1031.0,1012.0,1024.0,1013.0,2061.0,2066.0,2058.0,1009.0,1024.0,1010.0,1028.0,1030.0,1031.0
1.0,6224.0,3077.0,3089.0,3043.0,3077.0,1029.0,1031.0,1017.0,1028.0,1030.0,1031.0,1029.0,1031.0,1017.0,2075.0,2066.0,2083.0,1029.0,1031.0,1017.0,1028.0,1030.0,1031.0
1.0,6190.0,3086.0,3089.0,3077.0,3086.0,1028.0,1031.0,1027.0,1028.0,1030.0,1031.0,1028.0,1031.0,1027.0,2055.0,2059.0,2076.0,1028.0,1031.0,1027.0,1028.0,1030.0,1031.0
1.0,6181.0,3108.0,3089.0,3086.0,3108.0,1035.0,1032.0,1041.0,1028.0,1030.0,1031.0,1035.0,1032.0,1041.0,2056.0,2059.0,2066.0,1035.0,1032.0,1041.0,1028.0,1030.0,1031.0
1.0,6159.0,3174.0,3091.0,3108.0,3180.0,1065.0,1055.0,1060.0,1029.0,1031.0,1031.0,1062.0,1052.0,1060.0,2049.0,2058.0,2052.0,1065.0,1055.0,1060.0,1029.0,1031.0,1031.0
1.0,6093.0,3116.0,3091.0,3180.0,3116.0,1030.0,1038.0,1048.0,1029.0,1031.0,1031.0,1030.0,1038.0,1048.0,2022.0,2038.0,2033.0,1030.0,1038.0,1048.0,1029.0,1031.0,1031.0
1.0,6157.0,3127.0,3091.0,3116.0,3127.0,1045.0,1036.0,1046.0,1029.0,1031.0,1031.0,1045.0,1036.0,1046.0,2057.0,2055.0,2045.0,1045.0,1036.0,1046.0,1029.0,1031.0,1031.0
1.0,6146.0,3137.0,3093.0,3127.0,3143.0,1053.0,1040.0,1050.0,1030.0,1031.0,1032.0,1050.0,1040.0,1047.0,2042.0,2057.0,2047.0,1053.0,1040.0,1050.0,1030.0,1031.0,1032.0
1.0,6136.0,3145.0,3094.0,3143.0,3148.0,1047.0,1054.0,1047.0,1030.0,1032.0,1032.0,1047.0,1051.0,1047.0,2037.0,2053.0,2046.0,1047.0,1054.0,1047.0,1030.0,1032.0,1032.0
1.0,6134.0,3111.0,3094.0,3148.0,3111.0,1028.0,1044.0,1039.0,1030.0,1032.0,1032.0,1028.0,1044.0,1039.0,2043.0,2042.0,2049.0,1028.0,1044.0,1039.0,1030.0,1032.0,1032.0
1.0,6171.0,3066.0,3094.0,3111.0,3066.0,1017.0,1023.0,1026.0,1030.0,1032.0,1032.0,1017.0,1023.0,1026.0,2062.0,2052.0,2057.0,1017.0,1023.0,1026.0,1030.0,1032.0,1032.0
1.0,6216.0,3124.0,3096.0,3066.0,3130.0,1043.0,1038.0,1049.0,1031.0,1032.0,1033.0,1040.0,1038.0,1046.0,2073.0,2073.0,2070.0,1043.0,1038.0,1049.0,1031.0,1032.0,1033.0
1.0,6158.0,3121.0,3097.0,3130.0,3124.0,1035.0,1051.0,1038.0,1031.0,1033.0,1033.0,1035.0,1048.0,1038.0,2050.0,2058.0,2050.0,1035.0,1051.0,1038.0,1031.0,1033.0,1033.0
1.0,6167.0,3082.0,3097.0,3124.0,3082.0,1025.0,1032.0,1025.0,1031.0,1033.0,1033.0,1025.0,1032.0,1025.0,2058.0,2048.0,2061.0,1025.0,1032.0,1025.0,1031.0,1033.0,1033.0
1.0,6209.0,3166.0,3099.0,3082.0,3172.0,1064.0,1055.0,1053.0,1032.0,1033.0,1034.0,1061.0,1055.0,1050.0,2068.0,2067.0,2074.0,1064.0,1055.0,1053.0,1032.0,1033.0,1034.0
1.0,6125.0,3111.0,3099.0,3172.0,3111.0,1037.0,1038.0,1036.0,1032.0,1033.0,1034.0,1037.0,1038.0,1036.0,2032.0,2044.0,2049.0,1037.0,1038.0,1036.0,1032.0,1033.0,1034.0
1.0,6186.0,3102.0,3099.0,3111.0,3102.0,1035.0,1041.0,1026.0,1032.0,1033.0,1034.0,1035.0,1041.0,1026.0,2059.0,2061.0,2066.0,1035.0,1041.0,1026.0,1032.0,1033.0,1034.0
1.0,6195.0,3162.0,3101.0,3102.0,3168.0,1049.0,1056.0,1063.0,1032.0,1034.0,1035.0,1049.0,1053.0,1060.0,2061.0,2058.0,2076.0,1049.0,1056.0,1063.0,1032.0,1034.0,1035.0
1.0,6135.0,3121.0,3101.0,3168.0,3121.0,1032.0,1045.0,1044.0,1032.0,1034.0,1035.0,1032.0,1045.0,1044.0,2047.0,2046.0,2042.0,1032.0,1045.0,1044.0,1032.0,1034.0,1035.0
1.0,6182.0,3136.0,3102.0,3121.0,3139.0,1057.0,1047.0,1035.0,1032.0,1035.0,1035.0,1057.0,1044.0,1035.0,2064.0,2057.0,2061.0,1057.0,1047.0,1035.0,1032.0,1035.0,1035.0
1.0,6167.0,3117.0,3102.0,3139.0,3117.0,1057.0,1027.0,1033.0,1033.0,1034.0,1035.0,1054.0,1030.0,1033.0,2039.0,2058.0,2070.0,1057.0,1027.0,1033.0,1033.0,1034.0,1035.0
1.0,6189.0,3103.0,3104.0,3117.0,3109.0,1044.0,1036.0,1029.0,1034.0,1035.0,1035.0,1041.0,1033.0,1029.0,2042.0,2075.0,2072.0,1044.0,1036.0,1029.0,1034.0,1035.0,1035.0
1.0,6203.0,3096.0,3104.0,3109.0,3096.0,1031.0,1022.0,1043.0,1034.0,1035.0,1035.0,1031.0,1022.0,1043.0,2058.0,2069.0,2076.0,1031.0,1022.0,1043.0,1034.0,1035.0,1035.0
1.0,6216.0,3084.0,3104.0,3096.0,3084.0,1039.0,1016.0,1029.0,1034.0,1035.0,1035.0,1039.0,1016.0,1029.0,2071.0,2083.0,2062.0,1039.0,1016.0,1029.0,1034.0,1035.0,1035.0
1.0,6228.0,3072.0,3105.0,3084.0,3075.0,1037.0,1019.0,1019.0,1035.0,1035.0,1035.0,1034.0,1019.0,1019.0,2063.0,2089.0,2076.0,1037.0,1019.0,1019.0,1035.0,1035.0,1035.0
1.0,6240.0,3140.0,3106.0,3075.0,3143.0,1052.0,1047.0,1044.0,1036.0,1035.0,1035.0,1049.0,1047.0,1044.0,2068.0,2086.0,2086.0,1052.0,1047.0,1044.0,1036.0,1035.0,1035.0
1.0,6175.0,3119.0,3107.0,3143.0,3122.0,1029.0,1047.0,1046.0,1036.0,1036.0,1035.0,1029.0,1044.0,1046.0,2056.0,2058.0,2061.0,1029.0,1047.0,1046.0,1036.0,1036.0,1035.0
1.0,6199.0,3127.0,3107.0,3122.0,3127.0,1038.0,1046.0,1043.0,1036.0,1036.0,1035.0,1038.0,1046.0,1043.0,2079.0,2061.0,2059.0,1038.0,1046.0,1043.0,1036.0,1036.0,1035.0
1.0,6194.0,3092.0,3106.0,3127.0,3089.0,1022.0,1030.0,1037.0,1036.0,1035.0,1035.0,1022.0,1033.0,1037.0,2070.0,2062.0,2062.0,1022.0,1030.0,1037.0,1036.0,1035.0,1035.0
1.0,6229.0,3192.0,3107.0,3089.0,3195.0,1071.0,1063.0,1061.0,1036.0,1036.0,1035.0,1071.0,1060.0,1061.0,2086.0,2075.0,2068.0,1071.0,1063.0,1061.0,1036.0,1036.0,1035.0
1.0,6126.0,3158.0,3108.0,3195.0,3161.0,1041.0,1056.0,1064.0,1036.0,1036.0,1036.0,1041.0,1056.0,1061.0,2037.0,2045.0,2044.0,1041.0,1056.0,1064.0,1036.0,1036.0,1036.0
1.0,6163.0,3145.0,3108.0,3161.0,3145.0,1043.0,1051.0,1051.0,1036.0,1036.0,1036.0,1043.0,1051.0,1051.0,2067.0,2052.0,2044.0,1043.0,1051.0,1051.0,1036.0,1036.0,1036.0
1.0,6179.0,3146.0,3108.0,3145.0,3146.0,1050.0,1054.0,1042.0,1036.0,1036.0,1036.0,1050.0,1054.0,1042.0,2065.0,2057.0,2057.0,1050.0,1054.0,1042.0,1036.0,1036.0,1036.0
1.0,6178.0,3145.0,3111.0,3146.0,3154.0,1046.0,1055.0,1053.0,1037.0,1037.0,1037.0,1043.0,1052.0,1050.0,2058.0,2054.0,2066.0,1046.0,1055.0,1053.0,1037.0,1037.0,1037.0
1.0,6179.0,3116.0,3111.0,3154.0,3116.0,1039.0,1039.0,1038.0,1037.0,1037.0,1037.0,1039.0,1039.0,1038.0,2065.0,2056.0,2058.0,1039.0,1039.0,1038.0,1037.0,1037.0,1037.0
1.0,6217.0,3096.0,3111.0,3116.0,3096.0,1047.0,1028.0,1021.0,1037.0,1037.0,1037.0,1047.0,1028.0,1021.0,2072.0,2072.0,2073.0,1047.0,1028.0,1021.0,1037.0,1037.0,1037.0
1.0,6237.0,3104.0,3113.0,3096.0,3110.0,1042.0,1026.0,1042.0,1038.0,1037.0,1038.0,1039.0,1026.0,1039.0,2064.0,2083.0,2090.0,1042.0,1026.0,1042.0,1038.0,1037.0,1038.0
1.0,6229.0,3092.0,3113.0,3110.0,3092.0,1033.0,1027.0,1032.0,1038.0,1037.0,1038.0,1033.0,1027.0,1032.0,2072.0,2085.0,2072.0,1033.0,1027.0,1032.0,1038.0,1037.0,1038.0
1.0,6247.0,3110.0,3113.0,3092.0,3110.0,1042.0,1031.0,1037.0,1038.0,1037.0,1038.0,1042.0,1031.0,1037.0,2081.0,2084.0,2082.0,1042.0,1031.0,1037.0,1038.0,1037.0,1038.0
1.0,6229.0,3099.0,3114.0,3110.0,3102.0,1045.0,1031.0,1026.0,1039.0,1037.0,1038.0,1042.0,1031.0,1026.0,2072.0,2080.0,2077.0,1045.0,1031.0,1026.0,1039.0,1037.0,1038.0
1.0,6240.0,3095.0,3115.0,3102.0,3098.0,1039.0,1040.0,1019.0,1039.0,1038.0,1038.0,1039.0,1037.0,1019.0,2072.0,2080.0,2088.0,1039.0,1040.0,1019.0,1039.0,1038.0,1038.0
1.0,6247.0,3091.0,3114.0,3098.0,3088.0,1018.0,1039.0,1031.0,1039.0,1038.0,1037.0,1018.0,1039.0,1034.0,2078.0,2074.0,2095.0,1018.0,1039.0,1031.0,1039.0,1038.0,1037.0
1.0,6254.0,3159.0,3115.0,3088.0,3162.0,1054.0,1053.0,1055.0,1039.0,1038.0,1038.0,1054.0,1053.0,1052.0,2099.0,2075.0,2080.0,1054.0,1053.0,1055.0,1039.0,1038.0,1038.0
1.0,6183.0,3120.0,3114.0,3162.0,3117.0,1034.0,1046.0,1037.0,1039.0,1038.0,1037.0,1034.0,1046.0,1040.0,2063.0,2061.0,2059.0,1034.0,1046.0,1037.0,1039.0,1038.0,1037.0
1.0,6225.0,3123.0,3113.0,3117.0,3120.0,1017.0,1053.0,1050.0,1038.0,1038.0,1037.0,1020.0,1053.0,1050.0,2083.0,2068.0,2074.0,1017.0,1053.0,1050.0,1038.0,1038.0,1037.0
1.0,6219.0,3136.0,3114.0,3120.0,3139.0,1030.0,1063.0,1046.0,1038.0,1039.0,1037.0,1030.0,1060.0,1046.0,2097.0,2061.0,2061.0,1030.0,1063.0,1046.0,1038.0,1039.0,1037.0
1.0,6203.0,3164.0,3115.0,3139.0,3167.0,1058.0,1058.0,1051.0,1038.0,1039.0,1038.0,1058.0,1058.0,1048.0,2084.0,2054.0,2065.0,1058.0,1058.0,1051.0,1038.0,1039.0,1038.0
1.0,6178.0,3117.0,3115.0,3167.0,3117.0,1043.0,1033.0,1041.0,1038.0,1039.0,1038.0,1043.0,1033.0,1041.0,2056.0,2059.0,2063.0,1043.0,1033.0,1041.0,1038.0,1039.0,1038.0
1.0,6228.0,3129.0,3115.0,3117.0,3129.0,1046.0,1043.0,1040.0,1038.0,1039.0,1038.0,1046.0,1043.0,1040.0,2071.0,2084.0,2073.0,1046.0,1043.0,1040.0,1038.0,1039.0,1038.0
1.0,6216.0,3151.0,3118.0,3129.0,3160.0,1059.0,1040.0,1061.0,1039.0,1040.0,1039.0,1056.0,1037.0,1058.0,2068.0,2074.0,2074.0,1059.0,1040.0,1061.0,1039.0,1040.0,1039.0
1.0,6194.0,3174.0,3120.0,3160.0,3180.0,1065.0,1053.0,1062.0,1040.0,1040.0,1040.0,1062.0,1053.0,1059.0,2058.0,2080.0,2056.0,1065.0,1053.0,1062.0,1040.0,1040.0,1040.0
1.0,6180.0,3095.0,3120.0,3180.0,3095.0,1033.0,1019.0,1043.0,1040.0,1040.0,1040.0,1033.0,1019.0,1043.0,2055.0,2067.0,2058.0,1033.0,1019.0,1043.0,1040.0,1040.0,1040.0
1.0,6265.0,3102.0,3121.0,3095.0,3105.0,1041.0,1022.0,1042.0,1040.0,1040.0,1041.0,1041.0,1022.0,1039.0,2087.0,2101.0,2077.0,1041.0,1022.0,1042.0,1040.0,1040.0,1041.0
1.0,6258.0,3135.0,3122.0,3105.0,3138.0,1044.0,1050.0,1044.0,1041.0,1040.0,1041.0,1041.0,1050.0,1044.0,2079.0,2098.0,2081.0,1044.0,1050.0,1044.0,1041.0,1040.0,1041.0
1.0,6228.0,3121.0,3122.0,3138.0,3121.0,1036.0,1040.0,1045.0,1041.0,1040.0,1041.0,1036.0,1040.0,1045.0,2079.0,2070.0,2079.0,1036.0,1040.0,1045.0,1041.0,1040.0,1041.0
1.0,6245.0,3129.0,3122.0,3121.0,3129.0,1049.0,1038.0,1042.0,1041.0,1040.0,1041.0,1049.0,1038.0,1042.0,2087.0,2080.0,2078.0,1049.0,1038.0,1042.0,1041.0,1040.0,1041.0
1.0,6237.0,3217.0,3124.0,3129.0,3223.0,1078.0,1074.0,1071.0,1041.0,1041.0,1042.0,1078.0,1071.0,1068.0,2074.0,2082.0,2081.0,1078.0,1074.0,1071.0,1041.0,1041.0,1042.0
1.0,6149.0,3173.0,3125.0,3223.0,3176.0,1063.0,1064.0,1049.0,1042.0,1041.0,1042.0,1060.0,1064.0,1049.0,2045.0,2049.0,2055.0,1063.0,1064.0,1049.0,1042.0,1041.0,1042.0
1.0,6199.0,3180.0,3126.0,3176.0,3183.0,1059.0,1070.0,1054.0,1042.0,1042.0,1042.0,1059.0,1067.0,1054.0,2063.0,2059.0,2077.0,1059.0,1070.0,1054.0,1042.0,1042.0,1042.0
1.0,6195.0,3102.0,3125.0,3183.0,3099.0,1025.0,1048.0,1026.0,1042.0,1042.0,1041.0,1025.0,1048.0,1029.0,2067.0,2056.0,2072.0,1025.0,1048.0,1026.0,1042.0,1042.0,1041.0
1.0,6276.0,3118.0,3125.0,3099.0,3118.0,1039.0,1047.0,1032.0,1042.0,1042.0,1041.0,1039.0,1047.0,1032.0,2101.0,2078.0,2097.0,1039.0,1047.0,1032.0,1042.0,1042.0,1041.0
1.0,6257.0,3131.0,3125.0,3118.0,3131.0,1042.0,1043.0,1046.0,1042.0,1042.0,1041.0,1042.0,1043.0,1046.0,2087.0,2079.0,2091.0,1042.0,1043.0,1046.0,1042.0,1042.0,1041.0
1.0,6244.0,3117.0,3125.0,3131.0,3117.0,1045.0,1047.0,1025.0,1042.0,1042.0,1041.0,1045.0,1047.0,1025.0,2084.0,2083.0,2077.0,1045.0,1047.0,1025.0,1042.0,1042.0,1041.0
1.0,6258.0,3121.0,3125.0,3117.0,3121.0,1040.0,1041.0,1040.0,1042.0,1042.0,1041.0,1040.0,1041.0,1040.0,2081.0,2079.0,2098.0,1040.0,1041.0,1040.0,1042.0,1042.0,1041.0
1.0,6254.0,3185.0,3128.0,3121.0,3194.0,1059.0,1074.0,1061.0,1043.0,1043.0,1042.0,1056.0,1071.0,1058.0,2086.0,2085.0,2083.0,1059.0,1074.0,1061.0,1043.0,1043.0,1042.0
1.0,6190.0,3132.0,3128.0,3194.0,3132.0,1050.0,1040.0,1042.0,1043.0,1043.0,1042.0,1050.0,1040.0,1042.0,2070.0,2055.0,2065.0,1050.0,1040.0,1042.0,1043.0,1043.0,1042.0
1.0,6252.0,3189.0,3128.0,3132.0,3189.0,1065.0,1065.0,1059.0,1043.0,1043.0,1042.0,1065.0,1065.0,1059.0,2079.0,2089.0,2084.0,1065.0,1065.0,1059.0,1043.0,1043.0,1042.0
1.0,6195.0,3179.0,3131.0,3189.0,3188.0,1059.0,1062.0,1067.0,1044.0,1044.0,1043.0,1056.0,1059.0,1064.0,2064.0,2064.0,2067.0,1059.0,1062.0,1067.0,1044.0,1044.0,1043.0
1.0,6205.0,3176.0,3131.0,3188.0,3176.0,1059.0,1054.0,1063.0,1044.0,1044.0,1043.0,1059.0,1054.0,1063.0,2073.0,2070.0,2062.0,1059.0,1054.0,1063.0,1044.0,1044.0,1043.0
1.0,6217.0,3158.0,3131.0,3176.0,3158.0,1051.0,1053.0,1054.0,1044.0,1044.0,1043.0,1051.0,1053.0,1054.0,2073.0,2078.0,2066.0,1051.0,1053.0,1054.0,1044.0,1044.0,1043.0
1.0,6235.0,3145.0,3131.0,3158.0,3145.0,1039.0,1056.0,1050.0,1044.0,1044.0,1043.0,1039.0,1056.0,1050.0,2081.0,2079.0,2075.0,1039.0,1056.0,1050.0,1044.0,1044.0,1043.0
1.0,6248.0,3152.0,3132.0,3145.0,3155.0,1052.0,1046.0,1057.0,1044.0,1044.0,1044.0,1052.0,1046.0,1054.0,2093.0,2076.0,2079.0,1052.0,1046.0,1057.0,1044.0,1044.0,1044.0
1.0,6241.0,3149.0,3132.0,3155.0,3149.0,1035.0,1046.0,1068.0,1044.0,1044.0,1044.0,1035.0,1046.0,1068.0,2080.0,2086.0,2075.0,1035.0,1046.0,1068.0,1044.0,1044.0,1044.0
1.0,6247.0,3127.0,3133.0,3149.0,3130.0,1047.0,1044.0,1039.0,1044.0,1045.0,1044.0,1047.0,1041.0,1039.0,2097.0,2086.0,2064.0,1047.0,1044.0,1039.0,1044.0,1045.0,1044.0
1.0,6269.0,3154.0,3134.0,3130.0,3157.0,1052.0,1042.0,1063.0,1044.0,1045.0,1045.0,1052.0,1042.0,1060.0,2085.0,2091.0,2093.0,1052.0,1042.0,1063.0,1044.0,1045.0,1045.0
1.0,6245.0,3122.0,3135.0,3157.0,3125.0,1033.0,1047.0,1045.0,1044.0,1046.0,1045.0,1033.0,1044.0,1045.0,2080.0,2093.0,2072.0,1033.0,1047.0,1045.0,1044.0,1046.0,1045.0
1.0,6280.0,3138.0,3137.0,3125.0,3144.0,1048.0,1049.0,1047.0,1045.0,1046.0,1046.0,1045.0,1049.0,1044.0,2099.0,2091.0,2090.0,1048.0,1049.0,1047.0,1045.0,1046.0,1046.0
1.0,6267.0,3160.0,3137.0,3144.0,3160.0,1056.0,1058.0,1046.0,1045.0,1046.0,1046.0,1056.0,1058.0,1046.0,2087.0,2089.0,2091.0,1056.0,1058.0,1046.0,1045.0,1046.0,1046.0
1.0,6251.0,3112.0,3136.0,3160.0,3109.0,1038.0,1047.0,1024.0,1045.0,1046.0,1045.0,1038.0,1047.0,1027.0,2079.0,2080.0,2092.0,1038.0,1047.0,1024.0,1045.0,1046.0,1045.0
1.0,6299.0,3153.0,3136.0,3109.0,3153.0,1052.0,1048.0,1053.0,1045.0,1046.0,1045.0,1052.0,1048.0,1053.0,2097.0,2091.0,2111.0,1052.0,1048.0,1053.0,1045.0,1046.0,1045.0
1.0,6255.0,3193.0,3139.0,3153.0,3202.0,1064.0,1066.0,1072.0,1046.0,1047.0,1046.0,1061.0,1063.0,1069.0,2083.0,2090.0,2082.0,1064.0,1066.0,1072.0,1046.0,1047.0,1046.0
1.0,6215.0,3201.0,3139.0,3202.0,3201.0,1067.0,1072.0,1062.0,1046.0,1047.0,1046.0,1067.0,1072.0,1062.0,2074.0,2075.0,2066.0,1067.0,1072.0,1062.0,1046.0,1047.0,1046.0
1.0,6216.0,3172.0,3139.0,3201.0,3172.0,1064.0,1059.0,1049.0,1046.0,1047.0,1046.0,1064.0,1059.0,1049.0,2071.0,2069.0,2076.0,1064.0,1059.0,1049.0,1046.0,1047.0,1046.0
1.0,6245.0,3166.0,3139.0,3172.0,3166.0,1051.0,1057.0,1058.0,1046.0,1047.0,1046.0,1051.0,1057.0,1058.0,2074.0,2082.0,2089.0,1051.0,1057.0,1058.0,1046.0,1047.0,1046.0
1.0,6251.0,3162.0,3139.0,3166.0,3162.0,1046.0,1052.0,1064.0,1046.0,1047.0,1046.0,1046.0,1052.0,1064.0,2087.0,2084.0,2080.0,1046.0,1052.0,1064.0,1046.0,1047.0,1046.0
1.0,6255.0,3124.0,3139.0,3162.0,3124.0,1040.0,1035.0,1049.0,1046.0,1047.0,1046.0,1040.0,1035.0,1049.0,2092.0,2089.0,2074.0,1040.0,1035.0,1049.0,1046.0,1047.0,1046.0
1.0,6293.0,3183.0,3141.0,3124.0,3189.0,1062.0,1054.0,1073.0,1047.0,1047.0,1047.0,1059.0,1054.0,1070.0,2098.0,2106.0,2089.0,1062.0,1054.0,1073.0,1047.0,1047.0,1047.0
1.0,6234.0,3148.0,3142.0,3189.0,3151.0,1033.0,1055.0,1063.0,1046.0,1048.0,1048.0,1036.0,1052.0,1060.0,2079.0,2087.0,2068.0,1033.0,1055.0,1063.0,1046.0,1048.0,1048.0
1.0,6275.0,3131.0,3143.0,3151.0,3134.0,1048.0,1051.0,1035.0,1047.0,1048.0,1048.0,1045.0,1051.0,1035.0,2105.0,2089.0,2081.0,1048.0,1051.0,1035.0,1047.0,1048.0,1048.0
1.0,6295.0,3128.0,3144.0,3134.0,3131.0,1036.0,1046.0,1049.0,1047.0,1049.0,1048.0,1036.0,1043.0,1049.0,2093.0,2093.0,2109.0,1036.0,1046.0,1049.0,1047.0,1049.0,1048.0
1.0,6301.0,3126.0,3144.0,3131.0,3126.0,1047.0,1038.0,1041.0,1047.0,1049.0,1048.0,1047.0,1038.0,1041.0,2105.0,2101.0,2095.0,1047.0,1038.0,1041.0,1047.0,1049.0,1048.0
1.0,6306.0,3206.0,3145.0,3126.0,3209.0,1070.0,1060.0,1079.0,1047.0,1049.0,1049.0,1070.0,1060.0,1076.0,2094.0,2109.0,2103.0,1070.0,1060.0,1079.0,1047.0,1049.0,1049.0
1.0,6226.0,3194.0,3148.0,3209.0,3203.0,1060.0,1072.0,1071.0,1048.0,1050.0,1050.0,1057.0,1069.0,1068.0,2071.0,2087.0,2068.0,1060.0,1072.0,1071.0,1048.0,1050.0,1050.0
1.0,6241.0,3188.0,3148.0,3203.0,3188.0,1062.0,1068.0,1058.0,1048.0,1050.0,1050.0,1062.0,1068.0,1058.0,2084.0,2078.0,2079.0,1062.0,1068.0,1058.0,1048.0,1050.0,1050.0
1.0,6256.0,3144.0,3148.0,3188.0,3144.0,1055.0,1049.0,1040.0,1048.0,1050.0,1050.0,1055.0,1049.0,1040.0,2082.0,2082.0,2092.0,1055.0,1049.0,1040.0,1048.0,1050.0,1050.0
1.0,6300.0,3196.0,3151.0,3144.0,3205.0,1060.0,1075.0,1070.0,1049.0,1051.0,1051.0,1057.0,1072.0,1067.0,2089.0,2101.0,2110.0,1060.0,1075.0,1070.0,1049.0,1051.0,1051.0
1.0,6248.0,3222.0,3152.0,3205.0,3225.0,1076.0,1077.0,1072.0,1050.0,1051.0,1051.0,1073.0,1077.0,1072.0,2087.0,2078.0,2083.0,1076.0,1077.0,1072.0,1050.0,1051.0,1051.0
1.0,6231.0,3193.0,3154.0,3225.0,3199.0,1072.0,1070.0,1057.0,1051.0,1052.0,1051.0,1069.0,1067.0,1057.0,2074.0,2076.0,2081.0,1072.0,1070.0,1057.0,1051.0,1052.0,1051.0
1.0,6263.0,3136.0,3153.0,3199.0,3133.0,1040.0,1059.0,1034.0,1050.0,1052.0,1051.0,1043.0,1059.0,1034.0,2081.0,2086.0,2096.0,1040.0,1059.0,1034.0,1050.0,1052.0,1051.0
1.0,6326.0,3169.0,3154.0,3133.0,3172.0,1059.0,1060.0,1053.0,1051.0,1052.0,1051.0,1056.0,1060.0,1053.0,2110.0,2097.0,2119.0,1059.0,1060.0,1053.0,1051.0,1052.0,1051.0
1.0,6290.0,3130.0,3155.0,3172.0,3133.0,1041.0,1036.0,1056.0,1051.0,1052.0,1052.0,1041.0,1036.0,1053.0,2094.0,2096.0,2100.0,1041.0,1036.0,1056.0,1051.0,1052.0,1052.0
1.0,6332.0,3086.0,3153.0,3133.0,3080.0,1028.0,1034.0,1018.0,1050.0,1052.0,1051.0,1031.0,1034.0,1021.0,2112.0,2120.0,2100.0,1028.0,1034.0,1018.0,1050.0,1052.0,1051.0
1.0,6379.0,3128.0,3153.0,3080.0,3128.0,1035.0,1044.0,1049.0,1050.0,1052.0,1051.0,1035.0,1044.0,1049.0,2122.0,2122.0,2135.0,1035.0,1044.0,1049.0,1050.0,1052.0,1051.0
1.0,6331.0,3136.0,3153.0,3128.0,3136.0,1044.0,1041.0,1051.0,1050.0,1052.0,1051.0,1044.0,1041.0,1051.0,2115.0,2112.0,2104.0,1044.0,1041.0,1051.0,1050.0,1052.0,1051.0
1.0,6323.0,3158.0,3154.0,3136.0,3161.0,1050.0,1057.0,1054.0,1050.0,1053.0,1051.0,1050.0,1054.0,1054.0,2106.0,2115.0,2102.0,1050.0,1057.0,1054.0,1050.0,1053.0,1051.0
1.0,6301.0,3199.0,3155.0,3161.0,3202.0,1063.0,1066.0,1073.0,1050.0,1053.0,1052.0,1063.0,1066.0,1070.0,2100.0,2102.0,2099.0,1063.0,1066.0,1073.0,1050.0,1053.0,1052.0
1.0,6263.0,3190.0,3156.0,3202.0,3193.0,1061.0,1064.0,1068.0,1051.0,1053.0,1052.0,1058.0,1064.0,1068.0,2087.0,2093.0,2083.0,1061.0,1064.0,1068.0,1051.0,1053.0,1052.0
1.0,6275.0,3187.0,3158.0,3193.0,3193.0,1073.0,1048.0,1072.0,1051.0,1054.0,1053.0,1073.0,1045.0,1069.0,2092.0,2095.0,2088.0,1073.0,1048.0,1072.0,1051.0,1054.0,1053.0
1.0,6281.0,3238.0,3158.0,3193.0,3238.0,1079.0,1076.0,1083.0,1051.0,1054.0,1053.0,1079.0,1076.0,1083.0,2080.0,2114.0,2087.0,1079.0,1076.0,1083.0,1051.0,1054.0,1053.0
1.0,6236.0,3180.0,3158.0,3238.0,3180.0,1065.0,1056.0,1059.0,1051.0,1054.0,1053.0,1065.0,1056.0,1059.0,2074.0,2086.0,2076.0,1065.0,1056.0,1059.0,1051.0,1054.0,1053.0
1.0,6294.0,3158.0,3157.0,3180.0,3155.0,1056.0,1040.0,1059.0,1051.0,1053.0,1053.0,1056.0,1043.0,1059.0,2088.0,2106.0,2100.0,1056.0,1040.0,1059.0,1051.0,1053.0,1053.0
1.0,6316.0,3172.0,3159.0,3155.0,3178.0,1058.0,1056.0,1064.0,1052.0,1053.0,1054.0,1055.0,1056.0,1061.0,2097.0,2119.0,2100.0,1058.0,1056.0,1064.0,1052.0,1053.0,1054.0
1.0,6299.0,3176.0,3160.0,3178.0,3179.0,1055.0,1072.0,1052.0,1052.0,1054.0,1054.0,1055.0,1069.0,1052.0,2098.0,2103.0,2098.0,1055.0,1072.0,1052.0,1052.0,1054.0,1054.0
1.0,6301.0,3146.0,3160.0,3179.0,3146.0,1042.0,1061.0,1043.0,1052.0,1054.0,1054.0,1042.0,1061.0,1043.0,2101.0,2090.0,2110.0,1042.0,1061.0,1043.0,1052.0,1054.0,1054.0
1.0,6334.0,3133.0,3160.0,3146.0,3133.0,1042.0,1054.0,1037.0,1052.0,1054.0,1054.0,1042.0,1054.0,1037.0,2114.0,2101.0,2119.0,1042.0,1054.0,1037.0,1052.0,1054.0,1054.0
1.0,6347.0,3118.0,3160.0,3133.0,3118.0,1040.0,1044.0,1034.0,1052.0,1054.0,1054.0,1040.0,1044.0,1034.0,2114.0,2108.0,2125.0,1040.0,1044.0,1034.0,1052.0,1054.0,1054.0
1.0,6362.0,3139.0,3160.0,3118.0,3139.0,1052.0,1038.0,1049.0,1052.0,1054.0,1054.0,1052.0,1038.0,1049.0,2116.0,2118.0,2128.0,1052.0,1038.0,1049.0,1052.0,1054.0,1054.0
1.0,6341.0,3212.0,3161.0,3139.0,3215.0,1064.0,1078.0,1073.0,1052.0,1054.0,1055.0,1064.0,1078.0,1070.0,2104.0,2124.0,2113.0,1064.0,1078.0,1073.0,1052.0,1054.0,1055.0
1.0,6268.0,3145.0,3160.0,3215.0,3142.0,1054.0,1050.0,1038.0,1052.0,1054.0,1054.0,1054.0,1050.0,1041.0,2092.0,2084.0,2092.0,1054.0,1050.0,1038.0,1052.0,1054.0,1054.0
1.0,6338.0,3216.0,3161.0,3142.0,3219.0,1068.0,1067.0,1084.0,1052.0,1054.0,1055.0,1068.0,1067.0,1081.0,2102.0,2112.0,2124.0,1068.0,1067.0,1084.0,1052.0,1054.0,1055.0
1.0,6264.0,3159.0,3161.0,3219.0,3159.0,1050.0,1046.0,1063.0,1052.0,1054.0,1055.0,1050.0,1046.0,1063.0,2088.0,2095.0,2081.0,1050.0,1046.0,1063.0,1052.0,1054.0,1055.0
1.0,6324.0,3229.0,3162.0,3159.0,3232.0,1090.0,1077.0,1065.0,1053.0,1054.0,1055.0,1087.0,1077.0,1065.0,2106.0,2116.0,2102.0,1090.0,1077.0,1065.0,1053.0,1054.0,1055.0
1.0,6254.0,3245.0,3165.0,3232.0,3254.0,1087.0,1077.0,1090.0,1054.0,1055.0,1056.0,1084.0,1074.0,1087.0,2069.0,2085.0,2100.0,1087.0,1077.0,1090.0,1054.0,1055.0,1056.0
1.0,6241.0,3190.0,3165.0,3254.0,3190.0,1058.0,1057.0,1075.0,1054.0,1055.0,1056.0,1058.0,1057.0,1075.0,2075.0,2088.0,2078.0,1058.0,1057.0,1075.0,1054.0,1055.0,1056.0
1.0,6305.0,3194.0,3165.0,3190.0,3194.0,1061.0,1057.0,1076.0,1054.0,1055.0,1056.0,1061.0,1057.0,1076.0,2104.0,2108.0,2093.0,1061.0,1057.0,1076.0,1054.0,1055.0,1056.0
1.0,6301.0,3191.0,3168.0,3194.0,3200.0,1070.0,1060.0,1070.0,1055.0,1056.0,1057.0,1067.0,1057.0,1067.0,2101.0,2108.0,2092.0,1070.0,1060.0,1070.0,1055.0,1056.0,1057.0
1.0,6304.0,3127.0,3166.0,3200.0,3121.0,1038.0,1045.0,1038.0,1054.0,1056.0,1056.0,1041.0,1045.0,1041.0,2095.0,2108.0,2101.0,1038.0,1045.0,1038.0,1054.0,1056.0,1056.0
1.0,6377.0,3149.0,3167.0,3121.0,3152.0,1045.0,1058.0,1049.0,1055.0,1056.0,1056.0,1042.0,1058.0,1049.0,2124.0,2123.0,2130.0,1045.0,1058.0,1049.0,1055.0,1056.0,1056.0
1.0,6349.0,3176.0,3168.0,3152.0,3179.0,1056.0,1054.0,1069.0,1055.0,1056.0,1057.0,1056.0,1054.0,1066.0,2120.0,2110.0,2119.0,1056.0,1054.0,1069.0,1055.0,1056.0,1057.0
1.0,6325.0,3173.0,3168.0,3179.0,3173.0,1056.0,1061.0,1056.0,1055.0,1056.0,1057.0,1056.0,1061.0,1056.0,2109.0,2114.0,2102.0,1056.0,1061.0,1056.0,1055.0,1056.0,1057.0
1.0,6331.0,3196.0,3169.0,3173.0,3199.0,1064.0,1069.0,1066.0,1055.0,1056.0,1058.0,1064.0,1069.0,1063.0,2109.0,2107.0,2115.0,1064.0,1069.0,1066.0,1055.0,1056.0,1058.0
1.0,6308.0,3176.0,3170.0,3199.0,3179.0,1052.0,1066.0,1061.0,1055.0,1057.0,1058.0,1052.0,1063.0,1061.0,2101.0,2099.0,2108.0,1052.0,1066.0,1061.0,1055.0,1057.0,1058.0
1.0,6331.0,3196.0,3170.0,3179.0,3196.0,1060.0,1072.0,1064.0,1055.0,1057.0,1058.0,1060.0,1072.0,1064.0,2113.0,2105.0,2113.0,1060.0,1072.0,1064.0,1055.0,1057.0,1058.0
1.0,6314.0,3207.0,3170.0,3196.0,3207.0,1067.0,1074.0,1066.0,1055.0,1057.0,1058.0,1067.0,1074.0,1066.0,2105.0,2099.0,2110.0,1067.0,1074.0,1066.0,1055.0,1057.0,1058.0
1.0,6303.0,3206.0,3171.0,3207.0,3209.0,1081.0,1071.0,1057.0,1056.0,1057.0,1058.0,1078.0,1071.0,1057.0,2098.0,2097.0,2108.0,1081.0,1071.0,1057.0,1056.0,1057.0,1058.0
1.0,6304.0,3175.0,3171.0,3209.0,3175.0,1064.0,1060.0,1051.0,1056.0,1057.0,1058.0,1064.0,1060.0,1051.0,2087.0,2100.0,2117.0,1064.0,1060.0,1051.0,1056.0,1057.0,1058.0
1.0,6338.0,3206.0,3172.0,3175.0,3209.0,1070.0,1073.0,1066.0,1056.0,1058.0,1058.0,1070.0,1070.0,1066.0,2104.0,2111.0,2123.0,1070.0,1073.0,1066.0,1056.0,1058.0,1058.0
1.0,6307.0,3196.0,3173.0,3209.0,3199.0,1080.0,1056.0,1063.0,1057.0,1058.0,1058.0,1077.0,1056.0,1063.0,2098.0,2101.0,2108.0,1080.0,1056.0,1063.0,1057.0,1058.0,1058.0
1.0,6320.0,3187.0,3173.0,3199.0,3187.0,1068.0,1053.0,1066.0,1057.0,1058.0,1058.0,1068.0,1053.0,1066.0,2091.0,2118.0,2111.0,1068.0,1053.0,1066.0,1057.0,1058.0,1058.0
1.0,6332.0,3165.0,3174.0,3187.0,3168.0,1064.0,1053.0,1051.0,1058.0,1058.0,1058.0,1061.0,1053.0,1051.0,2103.0,2121.0,2108.0,1064.0,1053.0,1051.0,1058.0,1058.0,1058.0
1.0,6354.0,3195.0,3174.0,3168.0,3195.0,1060.0,1066.0,1069.0,1058.0,1058.0,1058.0,1060.0,1066.0,1069.0,2110.0,2121.0,2123.0,1060.0,1066.0,1069.0,1058.0,1058.0,1058.0
1.0,6327.0,3180.0,3176.0,3195.0,3186.0,1055.0,1065.0,1066.0,1058.0,1059.0,1059.0,1055.0,1062.0,1063.0,2114.0,2108.0,2105.0,1055.0,1065.0,1066.0,1058.0,1059.0,1059.0
1.0,6342.0,3193.0,3177.0,3186.0,3196.0,1061.0,1060.0,1075.0,1059.0,1059.0,1059.0,1058.0,1060.0,1075.0,2119.0,2112.0,2111.0,1061.0,1060.0,1075.0,1059.0,1059.0,1059.0
1.0,6335.0,3181.0,3176.0,3196.0,3178.0,1048.0,1069.0,1061.0,1058.0,1059.0,1059.0,1051.0,1069.0,1061.0,2116.0,2117.0,2102.0,1048.0,1069.0,1061.0,1058.0,1059.0,1059.0
1.0,6350.0,3157.0,3176.0,3178.0,3157.0,1048.0,1058.0,1051.0,1058.0,1059.0,1059.0,1048.0,1058.0,1051.0,2126.0,2108.0,2116.0,1048.0,1058.0,1051.0,1058.0,1059.0,1059.0
1.0,6371.0,3223.0,3176.0,3157.0,3223.0,1069.0,1071.0,1083.0,1058.0,1059.0,1059.0,1069.0,1071.0,1083.0,2126.0,2119.0,2126.0,1069.0,1071.0,1083.0,1058.0,1059.0,1059.0
1.0,6305.0,3256.0,3179.0,3223.0,3265.0,1077.0,1088.0,1100.0,1059.0,1060.0,1060.0,1074.0,1085.0,1097.0,2105.0,2106.0,2094.0,1077.0,1088.0,1100.0,1059.0,1060.0,1060.0
1.0,6272.0,3226.0,3179.0,3265.0,3226.0,1069.0,1084.0,1073.0,1059.0,1060.0,1060.0,1069.0,1084.0,1073.0,2100.0,2092.0,2080.0,1069.0,1084.0,1073.0,1059.0,1060.0,1060.0
1.0,6311.0,3240.0,3180.0,3226.0,3243.0,1068.0,1078.0,1097.0,1059.0,1060.0,1061.0,1068.0,1078.0,1094.0,2108.0,2096.0,2107.0,1068.0,1078.0,1097.0,1059.0,1060.0,1061.0
1.0,6297.0,3261.0,3180.0,3243.0,3261.0,1089.0,1085.0,1087.0,1059.0,1060.0,1061.0,1089.0,1085.0,1087.0,2109.0,2102.0,2086.0,1089.0,1085.0,1087.0,1059.0,1060.0,1061.0
1.0,6279.0,3168.0,3181.0,3261.0,3171.0,1053.0,1064.0,1054.0,1059.0,1060.0,1062.0,1053.0,1064.0,1051.0,2088.0,2095.0,2096.0,1053.0,1064.0,1054.0,1059.0,1060.0,1062.0
1.0,6372.0,3205.0,3183.0,3171.0,3211.0,1079.0,1078.0,1054.0,1060.0,1061.0,1062.0,1076.0,1075.0,1054.0,2124.0,2116.0,2132.0,1079.0,1078.0,1054.0,1060.0,1061.0,1062.0
1.0,6338.0,3190.0,3183.0,3211.0,3190.0,1064.0,1064.0,1062.0,1060.0,1061.0,1062.0,1064.0,1064.0,1062.0,2101.0,2105.0,2132.0,1064.0,1064.0,1062.0,1060.0,1061.0,1062.0
1.0,6359.0,3145.0,3184.0,3190.0,3148.0,1065.0,1040.0,1043.0,1061.0,1061.0,1062.0,1062.0,1040.0,1043.0,2116.0,2119.0,2124.0,1065.0,1040.0,1043.0,1061.0,1061.0,1062.0
1.0,6404.0,3165.0,3186.0,3148.0,3171.0,1048.0,1062.0,1061.0,1061.0,1062.0,1063.0,1048.0,1059.0,1058.0,2118.0,2143.0,2143.0,1048.0,1062.0,1061.0,1061.0,1062.0,1063.0
1.0,6387.0,3168.0,3186.0,3171.0,3168.0,1066.0,1051.0,1051.0,1061.0,1062.0,1063.0,1066.0,1051.0,1051.0,2135.0,2124.0,2128.0,1066.0,1051.0,1051.0,1061.0,1062.0,1063.0
1.0,6390.0,3143.0,3185.0,3168.0,3140.0,1057.0,1037.0,1046.0,1061.0,1062.0,1062.0,1057.0,1037.0,1049.0,2117.0,2135.0,2138.0,1057.0,1037.0,1046.0,1061.0,1062.0,1062.0
1.0,6415.0,3178.0,3185.0,3140.0,3178.0,1060.0,1064.0,1054.0,1061.0,1062.0,1062.0,1060.0,1064.0,1054.0,2126.0,2149.0,2140.0,1060.0,1064.0,1054.0,1061.0,1062.0,1062.0
1.0,6377.0,3194.0,3185.0,3178.0,3194.0,1074.0,1055.0,1065.0,1062.0,1061.0,1062.0,1071.0,1058.0,1065.0,2123.0,2122.0,2132.0,1074.0,1055.0,1065.0,1062.0,1061.0,1062.0
1.0,6361.0,3254.0,3187.0,3194.0,3260.0,1084.0,1083.0,1093.0,1062.0,1062.0,1063.0,1084.0,1080.0,1090.0,2112.0,2128.0,2121.0,1084.0,1083.0,1093.0,1062.0,1062.0,1063.0
1.0,6301.0,3239.0,3187.0,3260.0,3239.0,1072.0,1085.0,1082.0,1062.0,1062.0,1063.0,1072.0,1085.0,1082.0,2102.0,2103.0,2096.0,1072.0,1085.0,1082.0,1062.0,1062.0,1063.0
1.0,6322.0,3254.0,3188.0,3239.0,3257.0,1092.0,1086.0,1079.0,1062.0,1063.0,1063.0,1092.0,1083.0,1079.0,2114.0,2101.0,2107.0,1092.0,1086.0,1079.0,1062.0,1063.0,1063.0
1.0,6307.0,3216.0,3188.0,3257.0,3216.0,1067.0,1076.0,1073.0,1062.0,1063.0,1063.0,1067.0,1076.0,1073.0,2094.0,2103.0,2110.0,1067.0,1076.0,1073.0,1062.0,1063.0,1063.0
1.0,6348.0,3283.0,3191.0,3216.0,3292.0,1110.0,1101.0,1081.0,1063.0,1064.0,1064.0,1107.0,1098.0,1078.0,2119.0,2113.0,2116.0,1110.0,1101.0,1081.0,1063.0,1064.0,1064.0
1.0,6281.0,3205.0,3192.0,3292.0,3208.0,1068.0,1062.0,1078.0,1064.0,1064.0,1064.0,1065.0,1062.0,1078.0,2079.0,2091.0,2111.0,1068.0,1062.0,1078.0,1064.0,1064.0,1064.0
1.0,6368.0,3209.0,3192.0,3208.0,3209.0,1072.0,1071.0,1066.0,1064.0,1064.0,1064.0,1072.0,1071.0,1066.0,2124.0,2130.0,2114.0,1072.0,1071.0,1066.0,1064.0,1064.0,1064.0
1.0,6367.0,3190.0,3194.0,3209.0,3196.0,1065.0,1063.0,1068.0,1065.0,1064.0,1065.0,1062.0,1063.0,1065.0,2120.0,2121.0,2126.0,1065.0,1063.0,1068.0,1065.0,1064.0,1065.0
1.0,6386.0,3238.0,3196.0,3196.0,3244.0,1074.0,1083.0,1087.0,1065.0,1065.0,1066.0,1074.0,1080.0,1084.0,2130.0,2129.0,2127.0,1074.0,1083.0,1087.0,1065.0,1065.0,1066.0
1.0,6344.0,3154.0,3196.0,3244.0,3154.0,1046.0,1053.0,1055.0,1065.0,1065.0,1066.0,1046.0,1053.0,1055.0,2121.0,2112.0,2111.0,1046.0,1053.0,1055.0,1065.0,1065.0,1066.0
1.0,6434.0,3214.0,3196.0,3154.0,3214.0,1068.0,1073.0,1073.0,1065.0,1065.0,1066.0,1068.0,1073.0,1073.0,2149.0,2142.0,2143.0,1068.0,1073.0,1073.0,1065.0,1065.0,1066.0
1.0,6374.0,3194.0,3197.0,3214.0,3197.0,1067.0,1069.0,1061.0,1065.0,1066.0,1066.0,1067.0,1066.0,1061.0,2127.0,2122.0,2125.0,1067.0,1069.0,1061.0,1065.0,1066.0,1066.0
1.0,6394.0,3220.0,3198.0,3197.0,3223.0,1073.0,1080.0,1070.0,1066.0,1066.0,1066.0,1070.0,1080.0,1070.0,2128.0,2129.0,2137.0,1073.0,1080.0,1070.0,1066.0,1066.0,1066.0
1.0,6371.0,3219.0,3198.0,3223.0,3219.0,1076.0,1075.0,1068.0,1066.0,1066.0,1066.0,1076.0,1075.0,1068.0,2125.0,2118.0,2128.0,1076.0,1075.0,1068.0,1066.0,1066.0,1066.0
1.0,6375.0,3235.0,3199.0,3219.0,3238.0,1082.0,1076.0,1080.0,1066.0,1066.0,1067.0,1082.0,1076.0,1077.0,2122.0,2123.0,2130.0,1082.0,1076.0,1080.0,1066.0,1066.0,1067.0
1.0,6359.0,3144.0,3197.0,3238.0,3138.0,1054.0,1046.0,1038.0,1065.0,1066.0,1066.0,1057.0,1046.0,1041.0,2116.0,2122.0,2121.0,1054.0,1046.0,1038.0,1065.0,1066.0,1066.0
1.0,6453.0,3199.0,3197.0,3138.0,3199.0,1075.0,1065.0,1059.0,1066.0,1066.0,1065.0,1072.0,1065.0,1062.0,2141.0,2152.0,2160.0,1075.0,1065.0,1059.0,1066.0,1066.0,1065.0
1.0,6392.0,3174.0,3197.0,3199.0,3174.0,1056.0,1072.0,1046.0,1066.0,1066.0,1065.0,1056.0,1072.0,1046.0,2123.0,2133.0,2136.0,1056.0,1072.0,1046.0,1066.0,1066.0,1065.0
1.0,6417.0,3208.0,3198.0,3174.0,3211.0,1084.0,1075.0,1052.0,1066.0,1067.0,1065.0,1084.0,1072.0,1052.0,2142.0,2126.0,2149.0,1084.0,1075.0,1052.0,1066.0,1067.0,1065.0
1.0,6383.0,3190.0,3199.0,3211.0,3193.0,1076.0,1057.0,1060.0,1067.0,1067.0,1065.0,1073.0,1057.0,1060.0,2114.0,2126.0,2143.0,1076.0,1057.0,1060.0,1067.0,1067.0,1065.0
1.0,6404.0,3207.0,3199.0,3193.0,3207.0,1079.0,1064.0,1064.0,1067.0,1067.0,1065.0,1079.0,1064.0,1064.0,2125.0,2144.0,2135.0,1079.0,1064.0,1064.0,1067.0,1067.0,1065.0
1.0,6390.0,3168.0,3199.0,3207.0,3168.0,1053.0,1061.0,1054.0,1067.0,1067.0,1065.0,1053.0,1061.0,1054.0,2122.0,2137.0,2131.0,1053.0,1061.0,1054.0,1067.0,1067.0,1065.0
1.0,6429.0,3223.0,3200.0,3168.0,3226.0,1072.0,1088.0,1066.0,1067.0,1068.0,1065.0,1072.0,1085.0,1066.0,2148.0,2140.0,2141.0,1072.0,1088.0,1066.0,1067.0,1068.0,1065.0
1.0,6374.0,3198.0,3200.0,3226.0,3198.0,1062.0,1067.0,1069.0,1067.0,1068.0,1065.0,1062.0,1067.0,1069.0,2129.0,2116.0,2129.0,1062.0,1067.0,1069.0,1067.0,1068.0,1065.0
1.0,6402.0,3189.0,3201.0,3198.0,3192.0,1065.0,1069.0,1058.0,1068.0,1068.0,1065.0,1062.0,1069.0,1058.0,2139.0,2137.0,2126.0,1065.0,1069.0,1058.0,1068.0,1068.0,1065.0
1.0,6411.0,3261.0,3202.0,3192.0,3264.0,1082.0,1088.0,1094.0,1068.0,1068.0,1066.0,1082.0,1088.0,1091.0,2139.0,2135.0,2137.0,1082.0,1088.0,1094.0,1068.0,1068.0,1066.0
1.0,6342.0,3253.0,3202.0,3264.0,3253.0,1071.0,1091.0,1091.0,1068.0,1068.0,1066.0,1071.0,1091.0,1091.0,2122.0,2116.0,2104.0,1071.0,1091.0,1091.0,1068.0,1068.0,1066.0
1.0,6353.0,3256.0,3203.0,3253.0,3259.0,1082.0,1082.0,1095.0,1068.0,1068.0,1067.0,1082.0,1082.0,1092.0,2133.0,2113.0,2107.0,1082.0,1082.0,1095.0,1068.0,1068.0,1067.0
1.0,6350.0,3222.0,3204.0,3259.0,3225.0,1071.0,1077.0,1077.0,1068.0,1069.0,1067.0,1071.0,1074.0,1077.0,2122.0,2122.0,2106.0,1071.0,1077.0,1077.0,1068.0,1069.0,1067.0
1.0,6387.0,3257.0,3206.0,3225.0,3263.0,1089.0,1079.0,1095.0,1069.0,1069.0,1068.0,1086.0,1079.0,1092.0,2133.0,2130.0,2124.0,1089.0,1079.0,1095.0,1069.0,1069.0,1068.0
1.0,6355.0,3195.0,3206.0,3263.0,3195.0,1072.0,1052.0,1071.0,1069.0,1069.0,1068.0,1072.0,1052.0,1071.0,2118.0,2128.0,2109.0,1072.0,1052.0,1071.0,1069.0,1069.0,1068.0
1.0,6423.0,3275.0,3207.0,3195.0,3278.0,1106.0,1081.0,1091.0,1069.0,1069.0,1069.0,1106.0,1081.0,1088.0,2135.0,2155.0,2133.0,1106.0,1081.0,1091.0,1069.0,1069.0,1069.0
1.0,6343.0,3174.0,3207.0,3278.0,3174.0,1064.0,1048.0,1062.0,1069.0,1069.0,1069.0,1064.0,1048.0,1062.0,2101.0,2126.0,2116.0,1064.0,1048.0,1062.0,1069.0,1069.0,1069.0
1.0,6447.0,3216.0,3208.0,3174.0,3219.0,1086.0,1080.0,1053.0,1070.0,1070.0,1068.0,1083.0,1077.0,1056.0,2143.0,2159.0,2145.0,1086.0,1080.0,1053.0,1070.0,1070.0,1068.0
1.0,6405.0,3228.0,3209.0,3219.0,3231.0,1079.0,1076.0,1076.0,1070.0,1070.0,1069.0,1079.0,1076.0,1073.0,2124.0,2130.0,2151.0,1079.0,1076.0,1076.0,1070.0,1070.0,1069.0
1.0,6396.0,3170.0,3208.0,3231.0,3167.0,1056.0,1052.0,1059.0,1070.0,1070.0,1068.0,1056.0,1052.0,1062.0,2131.0,2134.0,2131.0,1056.0,1052.0,1059.0,1070.0,1070.0,1068.0
1.0,6457.0,3183.0,3209.0,3167.0,3186.0,1070.0,1064.0,1052.0,1071.0,1070.0,1068.0,1067.0,1064.0,1052.0,2154.0,2158.0,2145.0,1070.0,1064.0,1052.0,1071.0,1070.0,1068.0
1.0,6441.0,3187.0,3209.0,3186.0,3187.0,1069.0,1063.0,1055.0,1071.0,1070.0,1068.0,1069.0,1063.0,1055.0,2143.0,2146.0,2152.0,1069.0,1063.0,1055.0,1071.0,1070.0,1068.0
1.0,6440.0,3237.0,3209.0,3187.0,3237.0,1073.0,1090.0,1074.0,1071.0,1070.0,1068.0,1073.0,1090.0,1074.0,2144.0,2147.0,2149.0,1073.0,1090.0,1074.0,1071.0,1070.0,1068.0
1.0,6390.0,3248.0,3209.0,3237.0,3248.0,1074.0,1083.0,1091.0,1071.0,1070.0,1068.0,1074.0,1083.0,1091.0,2140.0,2120.0,2130.0,1074.0,1083.0,1091.0,1071.0,1070.0,1068.0
1.0,6379.0,3257.0,3209.0,3248.0,3257.0,1080.0,1099.0,1078.0,1071.0,1070.0,1068.0,1080.0,1099.0,1078.0,2139.0,2127.0,2113.0,1080.0,1099.0,1078.0,1071.0,1070.0,1068.0
1.0,6370.0,3220.0,3209.0,3257.0,3220.0,1073.0,1068.0,1079.0,1071.0,1070.0,1068.0,1073.0,1068.0,1079.0,2133.0,2111.0,2126.0,1073.0,1068.0,1079.0,1071.0,1070.0,1068.0
1.0,6407.0,3253.0,3209.0,3220.0,3253.0,1073.0,1084.0,1096.0,1071.0,1070.0,1068.0,1073.0,1084.0,1096.0,2140.0,2142.0,2125.0,1073.0,1084.0,1096.0,1071.0,1070.0,1068.0
1.0,6374.0,3282.0,3212.0,3253.0,3291.0,1085.0,1105.0,1101.0,1072.0,1071.0,1069.0,1082.0,1102.0,1098.0,2140.0,2126.0,2108.0,1085.0,1105.0,1101.0,1072.0,1071.0,1069.0
1.0,6345.0,3236.0,3212.0,3291.0,3236.0,1076.0,1080.0,1080.0,1072.0,1071.0,1069.0,1076.0,1080.0,1080.0,2131.0,2108.0,2106.0,1076.0,1080.0,1080.0,1072.0,1071.0,1069.0
1.0,6400.0,3208.0,3213.0,3236.0,3211.0,1065.0,1065.0,1081.0,1072.0,1071.0,1070.0,1065.0,1065.0,1078.0,2140.0,2133.0,2127.0,1065.0,1065.0,1081.0,1072.0,1071.0,1070.0
1.0,6428.0,3219.0,3213.0,3211.0,3219.0,1072.0,1068.0,1079.0,1072.0,1071.0,1070.0,1072.0,1068.0,1079.0,2151.0,2148.0,2129.0,1072.0,1068.0,1079.0,1072.0,1071.0,1070.0
1.0,6420.0,3185.0,3214.0,3219.0,3188.0,1068.0,1051.0,1069.0,1072.0,1071.0,1071.0,1068.0,1051.0,1066.0,2144.0,2145.0,2131.0,1068.0,1051.0,1069.0,1072.0,1071.0,1071.0
1.0,6454.0,3221.0,3215.0,3188.0,3224.0,1080.0,1074.0,1070.0,1072.0,1072.0,1071.0,1080.0,1071.0,1070.0,2148.0,2162.0,2144.0,1080.0,1074.0,1070.0,1072.0,1072.0,1071.0
1.0,6421.0,3245.0,3217.0,3224.0,3251.0,1094.0,1073.0,1084.0,1073.0,1072.0,1072.0,1091.0,1073.0,1081.0,2136.0,2142.0,2143.0,1094.0,1073.0,1084.0,1073.0,1072.0,1072.0
1.0,6400.0,3285.0,3219.0,3251.0,3291.0,1100.0,1091.0,1100.0,1074.0,1073.0,1072.0,1097.0,1088.0,1100.0,2125.0,2143.0,2132.0,1100.0,1091.0,1100.0,1074.0,1073.0,1072.0
1.0,6366.0,3267.0,3220.0,3291.0,3270.0,1097.0,1091.0,1082.0,1074.0,1073.0,1073.0,1097.0,1091.0,1079.0,2122.0,2128.0,2116.0,1097.0,1091.0,1082.0,1074.0,1073.0,1073.0
1.0,6390.0,3281.0,3221.0,3270.0,3284.0,1085.0,1106.0,1093.0,1074.0,1074.0,1073.0,1085.0,1103.0,1093.0,2125.0,2128.0,2137.0,1085.0,1106.0,1093.0,1074.0,1074.0,1073.0
1.0,6379.0,3249.0,3221.0,3284.0,3249.0,1082.0,1084.0,1083.0,1074.0,1074.0,1073.0,1082.0,1084.0,1083.0,2137.0,2116.0,2126.0,1082.0,1084.0,1083.0,1074.0,1074.0,1073.0
1.0,6414.0,3236.0,3221.0,3249.0,3236.0,1071.0,1090.0,1075.0,1074.0,1074.0,1073.0,1071.0,1090.0,1075.0,2140.0,2138.0,2136.0,1071.0,1090.0,1075.0,1074.0,1074.0,1073.0
1.0,6427.0,3264.0,3221.0,3236.0,3264.0,1081.0,1101.0,1082.0,1074.0,1074.0,1073.0,1081.0,1101.0,1082.0,2151.0,2132.0,2144.0,1081.0,1101.0,1082.0,1074.0,1074.0,1073.0
1.0,6399.0,3216.0,3221.0,3264.0,3216.0,1064.0,1083.0,1069.0,1074.0,1074.0,1073.0,1064.0,1083.0,1069.0,2141.0,2121.0,2137.0,1064.0,1083.0,1069.0,1074.0,1074.0,1073.0
1.0,6447.0,3207.0,3221.0,3216.0,3207.0,1063.0,1077.0,1067.0,1074.0,1074.0,1073.0,1063.0,1077.0,1067.0,2158.0,2139.0,2150.0,1063.0,1077.0,1067.0,1074.0,1074.0,1073.0
1.0,6456.0,3280.0,3222.0,3207.0,3283.0,1090.0,1094.0,1099.0,1074.0,1075.0,1073.0,1090.0,1091.0,1099.0,2159.0,2145.0,2152.0,1090.0,1094.0,1099.0,1074.0,1075.0,1073.0
1.0,6383.0,3237.0,3222.0,3283.0,3237.0,1075.0,1086.0,1076.0,1074.0,1075.0,1073.0,1075.0,1086.0,1076.0,2132.0,2131.0,2120.0,1075.0,1086.0,1076.0,1074.0,1075.0,1073.0
1.0,6429.0,3232.0,3222.0,3237.0,3232.0,1082.0,1064.0,1086.0,1074.0,1075.0,1073.0,1082.0,1064.0,1086.0,2147.0,2139.0,2143.0,1082.0,1064.0,1086.0,1074.0,1075.0,1073.0
1.0,6434.0,3201.0,3224.0,3232.0,3207.0,1076.0,1060.0,1071.0,1075.0,1075.0,1074.0,1073.0,1060.0,1068.0,2140.0,2161.0,2133.0,1076.0,1060.0,1071.0,1075.0,1075.0,1074.0
1.0,6465.0,3248.0,3224.0,3207.0,3248.0,1088.0,1079.0,1081.0,1075.0,1075.0,1074.0,1088.0,1079.0,1081.0,2149.0,2165.0,2151.0,1088.0,1079.0,1081.0,1075.0,1075.0,1074.0
1.0,6424.0,3275.0,3226.0,3248.0,3281.0,1098.0,1099.0,1084.0,1076.0,1076.0,1074.0,1095.0,1096.0,1084.0,2137.0,2146.0,2141.0,1098.0,1099.0,1084.0,1076.0,1076.0,1074.0
1.0,6397.0,3214.0,3226.0,3281.0,3214.0,1070.0,1068.0,1076.0,1076.0,1076.0,1074.0,1070.0,1068.0,1076.0,2130.0,2129.0,2138.0,1070.0,1068.0,1076.0,1076.0,1076.0,1074.0
1.0,6464.0,3318.0,3227.0,3214.0,3321.0,1116.0,1092.0,1113.0,1076.0,1076.0,1075.0,1116.0,1092.0,1110.0,2158.0,2160.0,2146.0,1116.0,1092.0,1113.0,1076.0,1076.0,1075.0
1.0,6360.0,3282.0,3228.0,3321.0,3285.0,1100.0,1094.0,1091.0,1077.0,1076.0,1075.0,1097.0,1094.0,1091.0,2112.0,2136.0,2112.0,1100.0,1094.0,1091.0,1077.0,1076.0,1075.0
1.0,6399.0,3269.0,3230.0,3285.0,3275.0,1089.0,1089.0,1097.0,1077.0,1077.0,1076.0,1089.0,1086.0,1094.0,2131.0,2134.0,2134.0,1089.0,1089.0,1097.0,1077.0,1077.0,1076.0
1.0,6415.0,3262.0,3232.0,3275.0,3268.0,1090.0,1082.0,1096.0,1078.0,1077.0,1077.0,1087.0,1082.0,1093.0,2142.0,2142.0,2131.0,1090.0,1082.0,1096.0,1078.0,1077.0,1077.0
1.0,6428.0,3281.0,3234.0,3268.0,3287.0,1085.0,1103.0,1099.0,1078.0,1078.0,1078.0,1085.0,1100.0,1096.0,2144.0,2149.0,2135.0,1085.0,1103.0,1099.0,1078.0,1078.0,1078.0
1.0,6415.0,3167.0,3234.0,3287.0,3167.0,1050.0,1060.0,1057.0,1078.0,1078.0,1078.0,1050.0,1060.0,1057.0,2149.0,2131.0,2135.0,1050.0,1060.0,1057.0,1078.0,1078.0,1078.0
1.0,6535.0,3248.0,3235.0,3167.0,3251.0,1072.0,1089.0,1090.0,1078.0,1078.0,1079.0,1072.0,1089.0,1087.0,2184.0,2174.0,2177.0,1072.0,1089.0,1090.0,1078.0,1078.0,1079.0
1.0,6454.0,3249.0,3236.0,3251.0,3252.0,1088.0,1092.0,1072.0,1078.0,1079.0,1079.0,1088.0,1089.0,1072.0,2162.0,2145.0,2147.0,1088.0,1092.0,1072.0,1078.0,1079.0,1079.0
1.0,6456.0,3229.0,3236.0,3252.0,3229.0,1072.0,1088.0,1069.0,1078.0,1079.0,1079.0,1072.0,1088.0,1069.0,2146.0,2145.0,2165.0,1072.0,1088.0,1069.0,1078.0,1079.0,1079.0
1.0,6479.0,3248.0,3236.0,3229.0,3248.0,1081.0,1088.0,1079.0,1078.0,1079.0,1079.0,1081.0,1088.0,1079.0,2162.0,2149.0,2168.0,1081.0,1088.0,1079.0,1078.0,1079.0,1079.0
1.0,6460.0,3259.0,3238.0,3248.0,3265.0,1091.0,1100.0,1074.0,1079.0,1080.0,1079.0,1088.0,1097.0,1074.0,2153.0,2149.0,2158.0,1091.0,1100.0,1074.0,1079.0,1080.0,1079.0
1.0,6449.0,3236.0,3239.0,3265.0,3239.0,1092.0,1077.0,1070.0,1079.0,1080.0,1080.0,1092.0,1077.0,1067.0,2146.0,2140.0,2163.0,1092.0,1077.0,1070.0,1079.0,1080.0,1080.0
1.0,6478.0,3294.0,3239.0,3239.0,3294.0,1109.0,1103.0,1082.0,1080.0,1080.0,1079.0,1106.0,1103.0,1085.0,2145.0,2163.0,2170.0,1109.0,1103.0,1082.0,1080.0,1080.0,1079.0
1.0,6423.0,3282.0,3239.0,3294.0,3282.0,1104.0,1093.0,1085.0,1080.0,1080.0,1079.0,1104.0,1093.0,1085.0,2131.0,2137.0,2155.0,1104.0,1093.0,1085.0,1080.0,1080.0,1079.0
1.0,6435.0,3251.0,3240.0,3282.0,3254.0,1102.0,1082.0,1070.0,1081.0,1080.0,1079.0,1099.0,1082.0,1070.0,2136.0,2147.0,2152.0,1102.0,1082.0,1070.0,1081.0,1080.0,1079.0
1.0,6466.0,3290.0,3241.0,3254.0,3293.0,1102.0,1092.0,1099.0,1081.0,1081.0,1079.0,1102.0,1089.0,1099.0,2141.0,2158.0,2167.0,1102.0,1092.0,1099.0,1081.0,1081.0,1079.0
1.0,6430.0,3290.0,3242.0,3293.0,3293.0,1100.0,1099.0,1094.0,1082.0,1081.0,1079.0,1097.0,1099.0,1094.0,2141.0,2151.0,2138.0,1100.0,1099.0,1094.0,1082.0,1081.0,1079.0
1.0,6433.0,3223.0,3242.0,3293.0,3223.0,1062.0,1072.0,1089.0,1081.0,1081.0,1080.0,1065.0,1072.0,1086.0,2146.0,2144.0,2143.0,1062.0,1072.0,1089.0,1081.0,1081.0,1080.0
1.0,6503.0,3255.0,3242.0,3223.0,3255.0,1072.0,1076.0,1107.0,1081.0,1081.0,1080.0,1072.0,1076.0,1107.0,2181.0,2171.0,2151.0,1072.0,1076.0,1107.0,1081.0,1081.0,1080.0
1.0,6471.0,3213.0,3243.0,3255.0,3216.0,1070.0,1067.0,1079.0,1081.0,1082.0,1080.0,1070.0,1064.0,1079.0,2171.0,2167.0,2133.0,1070.0,1067.0,1079.0,1081.0,1082.0,1080.0
1.0,6513.0,3257.0,3244.0,3216.0,3260.0,1091.0,1079.0,1090.0,1081.0,1082.0,1081.0,1091.0,1079.0,1087.0,2173.0,2179.0,2161.0,1091.0,1079.0,1090.0,1081.0,1082.0,1081.0
1.0,6472.0,3235.0,3244.0,3260.0,3235.0,1078.0,1081.0,1076.0,1081.0,1082.0,1081.0,1078.0,1081.0,1076.0,2152.0,2167.0,2153.0,1078.0,1081.0,1076.0,1081.0,1082.0,1081.0
1.0,6497.0,3217.0,3244.0,3235.0,3217.0,1067.0,1078.0,1072.0,1081.0,1082.0,1081.0,1067.0,1078.0,1072.0,2165.0,2165.0,2167.0,1067.0,1078.0,1072.0,1081.0,1082.0,1081.0
1.0,6515.0,3256.0,3247.0,3217.0,3265.0,1086.0,1095.0,1084.0,1082.0,1083.0,1082.0,1083.0,1092.0,1081.0,2176.0,2168.0,2171.0,1086.0,1095.0,1084.0,1082.0,1083.0,1082.0
1.0,6476.0,3283.0,3249.0,3265.0,3289.0,1085.0,1105.0,1099.0,1082.0,1084.0,1083.0,1085.0,1102.0,1096.0,2160.0,2154.0,2162.0,1085.0,1105.0,1099.0,1082.0,1084.0,1083.0
1.0,6458.0,3307.0,3249.0,3289.0,3307.0,1093.0,1113.0,1101.0,1082.0,1084.0,1083.0,1093.0,1113.0,1101.0,2161.0,2147.0,2150.0,1093.0,1113.0,1101.0,1082.0,1084.0,1083.0
1.0,6440.0,3274.0,3250.0,3307.0,3277.0,1106.0,1089.0,1082.0,1083.0,1084.0,1083.0,1103.0,1089.0,1082.0,2153.0,2139.0,2148.0,1106.0,1089.0,1082.0,1083.0,1084.0,1083.0
1.0,6473.0,3317.0,3251.0,3277.0,3320.0,1123.0,1098.0,1099.0,1084.0,1084.0,1083.0,1120.0,1098.0,1099.0,2143.0,2163.0,2167.0,1123.0,1098.0,1099.0,1084.0,1084.0,1083.0
1.0,6433.0,3275.0,3252.0,3320.0,3278.0,1093.0,1103.0,1082.0,1084.0,1085.0,1083.0,1093.0,1100.0,1082.0,2129.0,2154.0,2150.0,1093.0,1103.0,1082.0,1084.0,1085.0,1083.0
1.0,6478.0,3293.0,3253.0,3278.0,3296.0,1107.0,1103.0,1086.0,1085.0,1085.0,1083.0,1104.0,1103.0,1086.0,2159.0,2152.0,2167.0,1107.0,1103.0,1086.0,1085.0,1085.0,1083.0
1.0,6463.0,3282.0,3253.0,3296.0,3282.0,1108.0,1085.0,1089.0,1085.0,1085.0,1083.0,1108.0,1085.0,1089.0,2148.0,2152.0,2163.0,1108.0,1085.0,1089.0,1085.0,1085.0,1083.0
1.0,6477.0,3252.0,3253.0,3282.0,3252.0,1085.0,1086.0,1081.0,1085.0,1085.0,1083.0,1085.0,1086.0,1081.0,2147.0,2170.0,2160.0,1085.0,1086.0,1081.0,1085.0,1085.0,1083.0
1.0,6507.0,3177.0,3253.0,3252.0,3177.0,1067.0,1053.0,1057.0,1085.0,1085.0,1083.0,1067.0,1053.0,1057.0,2170.0,2169.0,2168.0,1067.0,1053.0,1057.0,1085.0,1085.0,1083.0
1.0,6582.0,3190.0,3252.0,3177.0,3187.0,1070.0,1062.0,1055.0,1085.0,1085.0,1082.0,1070.0,1062.0,1058.0,2188.0,2202.0,2192.0,1070.0,1062.0,1055.0,1085.0,1085.0,1082.0
1.0,6569.0,3249.0,3253.0,3187.0,3252.0,1079.0,1082.0,1091.0,1085.0,1085.0,1083.0,1079.0,1082.0,1088.0,2185.0,2193.0,2191.0,1079.0,1082.0,1091.0,1085.0,1085.0,1083.0
1.0,6507.0,3196.0,3253.0,3252.0,3196.0,1058.0,1064.0,1074.0,1085.0,1085.0,1083.0,1058.0,1064.0,1074.0,2176.0,2173.0,2158.0,1058.0,1064.0,1074.0,1085.0,1085.0,1083.0
1.0,6563.0,3231.0,3252.0,3196.0,3228.0,1059.0,1083.0,1086.0,1084.0,1085.0,1083.0,1062.0,1083.0,1086.0,2197.0,2191.0,2175.0,1059.0,1083.0,1086.0,1084.0,1085.0,1083.0
1.0,6528.0,3266.0,3252.0,3228.0,3266.0,1089.0,1087.0,1090.0,1084.0,1085.0,1083.0,1089.0,1087.0,1090.0,2193.0,2172.0,2163.0,1089.0,1087.0,1090.0,1084.0,1085.0,1083.0
1.0,6490.0,3265.0,3252.0,3266.0,3265.0,1082.0,1082.0,1101.0,1084.0,1085.0,1083.0,1082.0,1082.0,1101.0,2163.0,2168.0,2159.0,1082.0,1082.0,1101.0,1084.0,1085.0,1083.0
1.0,6491.0,3282.0,3252.0,3265.0,3282.0,1090.0,1095.0,1097.0,1084.0,1085.0,1083.0,1090.0,1095.0,1097.0,2170.0,2173.0,2148.0,1090.0,1095.0,1097.0,1084.0,1085.0,1083.0
1.0,6474.0,3305.0,3253.0,3282.0,3308.0,1107.0,1102.0,1099.0,1085.0,1085.0,1083.0,1104.0,1102.0,1099.0,2162.0,2160.0,2152.0,1107.0,1102.0,1099.0,1085.0,1085.0,1083.0
1.0,6451.0,3290.0,3254.0,3308.0,3293.0,1097.0,1104.0,1092.0,1085.0,1085.0,1084.0,1097.0,1104.0,1089.0,2148.0,2153.0,2150.0,1097.0,1104.0,1092.0,1085.0,1085.0,1084.0
1.0,6469.0,3271.0,3254.0,3293.0,3271.0,1090.0,1096.0,1085.0,1085.0,1085.0,1084.0,1090.0,1096.0,1085.0,2158.0,2151.0,2160.0,1090.0,1096.0,1085.0,1085.0,1085.0,1084.0
1.0,6491.0,3288.0,3256.0,3271.0,3294.0,1107.0,1095.0,1092.0,1086.0,1086.0,1084.0,1104.0,1092.0,1092.0,2165.0,2159.0,2167.0,1107.0,1095.0,1092.0,1086.0,1086.0,1084.0
1.0,6474.0,3270.0,3258.0,3294.0,3276.0,1100.0,1081.0,1095.0,1087.0,1086.0,1085.0,1097.0,1081.0,1092.0,2151.0,2163.0,2160.0,1100.0,1081.0,1095.0,1087.0,1086.0,1085.0
1.0,6498.0,3246.0,3256.0,3276.0,3240.0,1069.0,1093.0,1078.0,1086.0,1086.0,1084.0,1072.0,1093.0,1081.0,2161.0,2177.0,2160.0,1069.0,1093.0,1078.0,1086.0,1086.0,1084.0
1.0,6528.0,3231.0,3255.0,3240.0,3228.0,1085.0,1071.0,1072.0,1086.0,1085.0,1084.0,1085.0,1074.0,1072.0,2189.0,2165.0,2174.0,1085.0,1071.0,1072.0,1086.0,1085.0,1084.0
1.0,6537.0,3205.0,3256.0,3228.0,3208.0,1064.0,1072.0,1072.0,1086.0,1086.0,1084.0,1064.0,1069.0,1072.0,2173.0,2184.0,2180.0,1064.0,1072.0,1072.0,1086.0,1086.0,1084.0
1.0,6560.0,3190.0,3256.0,3208.0,3190.0,1062.0,1063.0,1065.0,1086.0,1086.0,1084.0,1062.0,1063.0,1065.0,2194.0,2186.0,2180.0,1062.0,1063.0,1065.0,1086.0,1086.0,1084.0
1.0,6578.0,3272.0,3256.0,3190.0,3272.0,1091.0,1093.0,1088.0,1086.0,1086.0,1084.0,1091.0,1093.0,1088.0,2196.0,2195.0,2187.0,1091.0,1093.0,1088.0,1086.0,1086.0,1084.0
1.0,6496.0,3261.0,3256.0,3272.0,3261.0,1087.0,1079.0,1095.0,1086.0,1086.0,1084.0,1087.0,1079.0,1095.0,2167.0,2165.0,2164.0,1087.0,1079.0,1095.0,1086.0,1086.0,1084.0
1.0,6507.0,3230.0,3256.0,3261.0,3230.0,1081.0,1073.0,1076.0,1086.0,1086.0,1084.0,1081.0,1073.0,1076.0,2171.0,2179.0,2157.0,1081.0,1073.0,1076.0,1086.0,1086.0,1084.0
1.0,6538.0,3255.0,3255.0,3230.0,3252.0,1081.0,1085.0,1086.0,1085.0,1086.0,1084.0,1084.0,1085.0,1086.0,2177.0,2185.0,2176.0,1081.0,1085.0,1086.0,1085.0,1086.0,1084.0
1.0,6513.0,3338.0,3256.0,3252.0,3341.0,1106.0,1119.0,1116.0,1086.0,1086.0,1084.0,1103.0,1119.0,1116.0,2174.0,2173.0,2166.0,1106.0,1119.0,1116.0,1086.0,1086.0,1084.0
1.0,6427.0,3343.0,3257.0,3341.0,3346.0,1118.0,1112.0,1116.0,1086.0,1086.0,1085.0,1118.0,1112.0,1113.0,2152.0,2139.0,2136.0,1118.0,1112.0,1116.0,1086.0,1086.0,1085.0
1.0,6425.0,3262.0,3257.0,3346.0,3262.0,1093.0,1079.0,1090.0,1086.0,1086.0,1085.0,1093.0,1079.0,1090.0,2140.0,2146.0,2139.0,1093.0,1079.0,1090.0,1086.0,1086.0,1085.0
1.0,6509.0,3263.0,3257.0,3262.0,3263.0,1085.0,1087.0,1091.0,1086.0,1086.0,1085.0,1085.0,1087.0,1091.0,2165.0,2179.0,2165.0,1085.0,1087.0,1091.0,1086.0,1086.0,1085.0
1.0,6508.0,3287.0,3259.0,3263.0,3293.0,1098.0,1108.0,1087.0,1087.0,1087.0,1085.0,1095.0,1105.0,1087.0,2173.0,2171.0,2164.0,1098.0,1108.0,1087.0,1087.0,1087.0,1085.0
1.0,6484.0,3284.0,3259.0,3293.0,3284.0,1086.0,1099.0,1099.0,1087.0,1087.0,1085.0,1086.0,1099.0,1099.0,2163.0,2153.0,2168.0,1086.0,1099.0,1099.0,1087.0,1087.0,1085.0
1.0,6493.0,3248.0,3260.0,3284.0,3251.0,1081.0,1084.0,1086.0,1087.0,1087.0,1086.0,1081.0,1084.0,1083.0,2175.0,2162.0,2156.0,1081.0,1084.0,1086.0,1087.0,1087.0,1086.0
1.0,6529.0,3278.0,3261.0,3251.0,3281.0,1094.0,1088.0,1099.0,1088.0,1087.0,1086.0,1091.0,1088.0,1099.0,2180.0,2177.0,2172.0,1094.0,1088.0,1099.0,1088.0,1087.0,1086.0
1.0,6502.0,3254.0,3261.0,3281.0,3254.0,1083.0,1084.0,1087.0,1088.0,1087.0,1086.0,1083.0,1084.0,1087.0,2170.0,2173.0,2159.0,1083.0,1084.0,1087.0,1088.0,1087.0,1086.0
1.0,6529.0,3256.0,3261.0,3254.0,3256.0,1079.0,1086.0,1091.0,1087.0,1087.0,1087.0,1082.0,1086.0,1088.0,2181.0,2177.0,2171.0,1079.0,1086.0,1091.0,1087.0,1087.0,1087.0
1.0,6527.0,3219.0,3261.0,3256.0,3219.0,1070.0,1068.0,1081.0,1087.0,1087.0,1087.0,1070.0,1068.0,1081.0,2182.0,2175.0,2170.0,1070.0,1068.0,1081.0,1087.0,1087.0,1087.0
1.0,6564.0,3277.0,3260.0,3219.0,3274.0,1088.0,1088.0,1098.0,1087.0,1086.0,1087.0,1088.0,1091.0,1098.0,2191.0,2193.0,2180.0,1088.0,1088.0,1098.0,1087.0,1086.0,1087.0
1.0,6506.0,3334.0,3262.0,3274.0,3340.0,1107.0,1114.0,1119.0,1087.0,1087.0,1088.0,1107.0,1111.0,1116.0,2173.0,2170.0,2163.0,1107.0,1114.0,1119.0,1087.0,1087.0,1088.0
1.0,6446.0,3256.0,3262.0,3340.0,3256.0,1093.0,1073.0,1090.0,1087.0,1087.0,1088.0,1093.0,1073.0,1090.0,2154.0,2147.0,2145.0,1093.0,1073.0,1090.0,1087.0,1087.0,1088.0
1.0,6530.0,3291.0,3262.0,3256.0,3291.0,1100.0,1091.0,1100.0,1087.0,1087.0,1088.0,1100.0,1091.0,1100.0,2168.0,2188.0,2174.0,1100.0,1091.0,1100.0,1087.0,1087.0,1088.0
1.0,6495.0,3273.0,3260.0,3291.0,3267.0,1086.0,1081.0,1100.0,1086.0,1086.0,1088.0,1089.0,1084.0,1100.0,2161.0,2170.0,2164.0,1086.0,1081.0,1100.0,1086.0,1086.0,1088.0
1.0,6513.0,3279.0,3262.0,3267.0,3285.0,1103.0,1097.0,1085.0,1087.0,1087.0,1088.0,1100.0,1094.0,1085.0,2172.0,2177.0,2164.0,1103.0,1097.0,1085.0,1087.0,1087.0,1088.0
1.0,6501.0,3257.0,3263.0,3285.0,3260.0,1095.0,1091.0,1074.0,1088.0,1087.0,1088.0,1092.0,1091.0,1074.0,2158.0,2164.0,2179.0,1095.0,1091.0,1074.0,1088.0,1087.0,1088.0
1.0,6529.0,3284.0,3264.0,3260.0,3287.0,1100.0,1097.0,1090.0,1088.0,1088.0,1088.0,1100.0,1094.0,1090.0,2169.0,2170.0,2190.0,1100.0,1097.0,1090.0,1088.0,1088.0,1088.0
1.0,6505.0,3289.0,3264.0,3287.0,3289.0,1099.0,1102.0,1088.0,1088.0,1088.0,1088.0,1099.0,1102.0,1088.0,2164.0,2167.0,2174.0,1099.0,1102.0,1088.0,1088.0,1088.0,1088.0
1.0,6503.0,3249.0,3264.0,3289.0,3249.0,1079.0,1086.0,1084.0,1088.0,1088.0,1088.0,1079.0,1086.0,1084.0,2165.0,2162.0,2176.0,1079.0,1086.0,1084.0,1088.0,1088.0,1088.0
1.0,6543.0,3270.0,3265.0,3249.0,3273.0,1090.0,1086.0,1097.0,1089.0,1088.0,1088.0,1087.0,1086.0,1097.0,2185.0,2178.0,2180.0,1090.0,1086.0,1097.0,1089.0,1088.0,1088.0
1.0,6522.0,3224.0,3264.0,3273.0,3221.0,1068.0,1085.0,1068.0,1088.0,1088.0,1088.0,1071.0,1085.0,1068.0,2177.0,2178.0,2167.0,1068.0,1085.0,1068.0,1088.0,1088.0,1088.0
1.0,6571.0,3326.0,3265.0,3221.0,3329.0,1105.0,1114.0,1110.0,1089.0,1088.0,1088.0,1102.0,1114.0,1110.0,2196.0,2179.0,2196.0,1105.0,1114.0,1110.0,1089.0,1088.0,1088.0
1.0,6466.0,3307.0,3265.0,3329.0,3307.0,1097.0,1105.0,1105.0,1089.0,1088.0,1088.0,1097.0,1105.0,1105.0,2162.0,2150.0,2154.0,1097.0,1105.0,1105.0,1089.0,1088.0,1088.0
1.0,6488.0,3241.0,3265.0,3307.0,3241.0,1064.0,1087.0,1090.0,1088.0,1088.0,1089.0,1067.0,1087.0,1087.0,2170.0,2159.0,2159.0,1064.0,1087.0,1090.0,1088.0,1088.0,1089.0
1.0,6554.0,3318.0,3266.0,3241.0,3321.0,1094.0,1115.0,1112.0,1088.0,1089.0,1089.0,1094.0,1112.0,1112.0,2200.0,2177.0,2177.0,1094.0,1115.0,1112.0,1088.0,1089.0,1089.0
1.0,6477.0,3328.0,3266.0,3321.0,3328.0,1111.0,1101.0,1116.0,1088.0,1089.0,1089.0,1111.0,1101.0,1116.0,2170.0,2152.0,2155.0,1111.0,1101.0,1116.0,1088.0,1089.0,1089.0
1.0,6470.0,3328.0,3267.0,3328.0,3331.0,1110.0,1111.0,1110.0,1088.0,1089.0,1090.0,1110.0,1111.0,1107.0,2153.0,2166.0,2151.0,1110.0,1111.0,1110.0,1088.0,1089.0,1090.0
1.0,6470.0,3290.0,3267.0,3331.0,3290.0,1097.0,1092.0,1101.0,1088.0,1089.0,1090.0,1097.0,1092.0,1101.0,2154.0,2156.0,2160.0,1097.0,1092.0,1101.0,1088.0,1089.0,1090.0
1.0,6511.0,3267.0,3267.0,3290.0,3267.0,1100.0,1087.0,1080.0,1088.0,1089.0,1090.0,1100.0,1087.0,1080.0,2167.0,2175.0,2169.0,1100.0,1087.0,1080.0,1088.0,1089.0,1090.0
1.0,6534.0,3285.0,3269.0,3267.0,3291.0,1117.0,1082.0,1092.0,1089.0,1089.0,1091.0,1114.0,1082.0,1089.0,2164.0,2180.0,2190.0,1117.0,1082.0,1092.0,1089.0,1089.0,1091.0
1.0,6516.0,3235.0,3270.0,3291.0,3238.0,1076.0,1078.0,1084.0,1089.0,1090.0,1091.0,1076.0,1075.0,1084.0,2150.0,2185.0,2181.0,1076.0,1078.0,1084.0,1089.0,1090.0,1091.0
1.0,6572.0,3295.0,3271.0,3238.0,3298.0,1103.0,1094.0,1101.0,1090.0,1090.0,1091.0,1100.0,1094.0,1101.0,2191.0,2192.0,2189.0,1103.0,1094.0,1101.0,1090.0,1090.0,1091.0
1.0,6515.0,3277.0,3273.0,3298.0,3283.0,1097.0,1102.0,1084.0,1090.0,1091.0,1092.0,1097.0,1099.0,1081.0,2167.0,2176.0,2172.0,1097.0,1102.0,1084.0,1090.0,1091.0,1092.0
1.0,6536.0,3263.0,3274.0,3283.0,3266.0,1088.0,1091.0,1087.0,1091.0,1091.0,1092.0,1085.0,1091.0,1087.0,2173.0,2171.0,2192.0,1088.0,1091.0,1087.0,1091.0,1091.0,1092.0
1.0,6556.0,3235.0,3273.0,3266.0,3232.0,1078.0,1086.0,1068.0,1091.0,1091.0,1091.0,1078.0,1086.0,1071.0,2185.0,2182.0,2189.0,1078.0,1086.0,1068.0,1091.0,1091.0,1091.0
1.0,6587.0,3283.0,3273.0,3232.0,3283.0,1086.0,1094.0,1103.0,1091.0,1091.0,1091.0,1086.0,1094.0,1103.0,2195.0,2187.0,2205.0,1086.0,1094.0,1103.0,1091.0,1091.0,1091.0
1.0,6536.0,3296.0,3273.0,3283.0,3296.0,1094.0,1104.0,1098.0,1091.0,1091.0,1091.0,1094.0,1104.0,1098.0,2187.0,2179.0,2170.0,1094.0,1104.0,1098.0,1091.0,1091.0,1091.0
1.0,6523.0,3298.0,3273.0,3296.0,3298.0,1095.0,1101.0,1102.0,1091.0,1091.0,1091.0,1095.0,1101.0,1102.0,2179.0,2169.0,2175.0,1095.0,1101.0,1102.0,1091.0,1091.0,1091.0
1.0,6521.0,3311.0,3274.0,3298.0,3314.0,1098.0,1103.0,1113.0,1091.0,1091.0,1092.0,1098.0,1103.0,1110.0,2178.0,2172.0,2171.0,1098.0,1103.0,1113.0,1091.0,1091.0,1092.0
1.0,6508.0,3308.0,3274.0,3314.0,3308.0,1099.0,1108.0,1101.0,1091.0,1091.0,1092.0,1099.0,1108.0,1101.0,2175.0,2170.0,2163.0,1099.0,1108.0,1101.0,1091.0,1091.0,1092.0
1.0,6514.0,3276.0,3274.0,3308.0,3276.0,1094.0,1091.0,1091.0,1091.0,1091.0,1092.0,1094.0,1091.0,1091.0,2174.0,2165.0,2175.0,1094.0,1091.0,1091.0,1091.0,1091.0,1092.0
1.0,6546.0,3343.0,3275.0,3276.0,3346.0,1119.0,1118.0,1109.0,1091.0,1092.0,1092.0,1119.0,1115.0,1109.0,2179.0,2182.0,2185.0,1119.0,1118.0,1109.0,1091.0,1092.0,1092.0
1.0,6479.0,3323.0,3277.0,3346.0,3329.0,1113.0,1100.0,1116.0,1092.0,1092.0,1093.0,1110.0,1100.0,1113.0,2154.0,2158.0,2167.0,1113.0,1100.0,1116.0,1092.0,1092.0,1093.0
1.0,6502.0,3286.0,3278.0,3329.0,3289.0,1083.0,1087.0,1119.0,1092.0,1092.0,1094.0,1083.0,1087.0,1116.0,2163.0,2176.0,2163.0,1083.0,1087.0,1119.0,1092.0,1092.0,1094.0
1.0,6545.0,3260.0,3278.0,3289.0,3260.0,1097.0,1064.0,1099.0,1092.0,1092.0,1094.0,1097.0,1064.0,1099.0,2193.0,2189.0,2163.0,1097.0,1064.0,1099.0,1092.0,1092.0,1094.0
1.0,6574.0,3243.0,3280.0,3260.0,3249.0,1084.0,1078.0,1087.0,1093.0,1092.0,1095.0,1081.0,1078.0,1084.0,2179.0,2212.0,2183.0,1084.0,1078.0,1087.0,1093.0,1092.0,1095.0
1.0,6591.0,3292.0,3281.0,3249.0,3295.0,1092.0,1103.0,1100.0,1093.0,1093.0,1095.0,1092.0,1100.0,1100.0,2195.0,2198.0,2198.0,1092.0,1103.0,1100.0,1093.0,1093.0,1095.0
1.0,6548.0,3314.0,3281.0,3295.0,3314.0,1113.0,1107.0,1094.0,1093.0,1093.0,1095.0,1113.0,1107.0,1094.0,2187.0,2176.0,2185.0,1113.0,1107.0,1094.0,1093.0,1093.0,1095.0
1.0,6529.0,3342.0,3284.0,3314.0,3351.0,1121.0,1114.0,1116.0,1094.0,1094.0,1096.0,1118.0,1111.0,1113.0,2166.0,2172.0,2191.0,1121.0,1114.0,1116.0,1094.0,1094.0,1096.0
1.0,6501.0,3350.0,3285.0,3351.0,3353.0,1113.0,1128.0,1112.0,1094.0,1095.0,1096.0,1113.0,1125.0,1112.0,2161.0,2168.0,2172.0,1113.0,1128.0,1112.0,1094.0,1095.0,1096.0
1.0,6502.0,3298.0,3284.0,3353.0,3295.0,1103.0,1101.0,1091.0,1094.0,1094.0,1096.0,1103.0,1104.0,1091.0,2169.0,2157.0,2176.0,1103.0,1101.0,1091.0,1094.0,1094.0,1096.0
1.0,6557.0,3297.0,3283.0,3295.0,3294.0,1101.0,1102.0,1091.0,1094.0,1094.0,1095.0,1101.0,1102.0,1094.0,2179.0,2181.0,2197.0,1101.0,1102.0,1091.0,1094.0,1094.0,1095.0
1.0,6555.0,3264.0,3284.0,3294.0,3267.0,1080.0,1104.0,1083.0,1094.0,1095.0,1095.0,1080.0,1101.0,1083.0,2181.0,2180.0,2194.0,1080.0,1104.0,1083.0,1094.0,1095.0,1095.0
1.0,6585.0,3330.0,3285.0,3267.0,3333.0,1122.0,1115.0,1096.0,1095.0,1095.0,1095.0,1119.0,1115.0,1096.0,2202.0,2181.0,2202.0,1122.0,1115.0,1096.0,1095.0,1095.0,1095.0
1.0,6522.0,3300.0,3285.0,3333.0,3300.0,1109.0,1105.0,1086.0,1095.0,1095.0,1095.0,1109.0,1105.0,1086.0,2163.0,2170.0,2189.0,1109.0,1105.0,1086.0,1095.0,1095.0,1095.0
1.0,6555.0,3260.0,3285.0,3300.0,3260.0,1076.0,1094.0,1090.0,1095.0,1095.0,1095.0,1076.0,1094.0,1090.0,2176.0,2180.0,2199.0,1076.0,1094.0,1090.0,1095.0,1095.0,1095.0
1.0,6595.0,3281.0,3285.0,3260.0,3281.0,1093.0,1092.0,1096.0,1095.0,1095.0,1095.0,1093.0,1092.0,1096.0,2209.0,2191.0,2195.0,1093.0,1092.0,1096.0,1095.0,1095.0,1095.0
1.0,6574.0,3291.0,3286.0,3281.0,3294.0,1086.0,1094.0,1114.0,1095.0,1095.0,1096.0,1086.0,1094.0,1111.0,2192.0,2193.0,2189.0,1086.0,1094.0,1114.0,1095.0,1095.0,1096.0
1.0,6564.0,3281.0,3286.0,3294.0,3281.0,1098.0,1089.0,1094.0,1095.0,1095.0,1096.0,1098.0,1089.0,1094.0,2199.0,2191.0,2174.0,1098.0,1089.0,1094.0,1095.0,1095.0,1096.0
1.0,6577.0,3348.0,3288.0,3281.0,3354.0,1117.0,1116.0,1121.0,1096.0,1096.0,1096.0,1114.0,1113.0,1121.0,2187.0,2196.0,2194.0,1117.0,1116.0,1121.0,1096.0,1096.0,1096.0
1.0,6510.0,3280.0,3289.0,3354.0,3283.0,1101.0,1082.0,1100.0,1096.0,1096.0,1097.0,1101.0,1082.0,1097.0,2171.0,2172.0,2167.0,1101.0,1082.0,1100.0,1096.0,1096.0,1097.0
1.0,6584.0,3309.0,3289.0,3283.0,3309.0,1097.0,1092.0,1120.0,1096.0,1096.0,1097.0,1097.0,1092.0,1120.0,2187.0,2206.0,2191.0,1097.0,1092.0,1120.0,1096.0,1096.0,1097.0
1.0,6558.0,3301.0,3289.0,3309.0,3301.0,1098.0,1089.0,1114.0,1096.0,1096.0,1097.0,1098.0,1089.0,1114.0,2191.0,2196.0,2171.0,1098.0,1089.0,1114.0,1096.0,1096.0,1097.0
1.0,6566.0,3363.0,3292.0,3301.0,3372.0,1124.0,1115.0,1133.0,1097.0,1097.0,1098.0,1121.0,1112.0,1130.0,2190.0,2199.0,2177.0,1124.0,1115.0,1133.0,1097.0,1097.0,1098.0
1.0,6504.0,3328.0,3292.0,3372.0,3328.0,1108.0,1103.0,1117.0,1097.0,1097.0,1098.0,1108.0,1103.0,1117.0,2167.0,2176.0,2161.0,1108.0,1103.0,1117.0,1097.0,1097.0,1098.0
1.0,6548.0,3334.0,3292.0,3328.0,3334.0,1109.0,1110.0,1115.0,1097.0,1097.0,1098.0,1109.0,1110.0,1115.0,2183.0,2188.0,2177.0,1109.0,1110.0,1115.0,1097.0,1097.0,1098.0
1.0,6542.0,3328.0,3293.0,3334.0,3331.0,1106.0,1104.0,1121.0,1097.0,1097.0,1099.0,1106.0,1104.0,1118.0,2182.0,2181.0,2179.0,1106.0,1104.0,1121.0,1097.0,1097.0,1099.0
1.0,6548.0,3302.0,3294.0,3331.0,3305.0,1094.0,1114.0,1097.0,1097.0,1098.0,1099.0,1094.0,1111.0,1097.0,2185.0,2187.0,2176.0,1094.0,1114.0,1097.0,1097.0,1098.0,1099.0
1.0,6577.0,3297.0,3295.0,3305.0,3300.0,1097.0,1101.0,1102.0,1097.0,1098.0,1100.0,1097.0,1101.0,1099.0,2197.0,2180.0,2200.0,1097.0,1101.0,1102.0,1097.0,1098.0,1100.0
1.0,6585.0,3314.0,3295.0,3300.0,3314.0,1102.0,1104.0,1108.0,1097.0,1098.0,1100.0,1102.0,1104.0,1108.0,2194.0,2193.0,2198.0,1102.0,1104.0,1108.0,1097.0,1098.0,1100.0
1.0,6571.0,3321.0,3296.0,3314.0,3324.0,1112.0,1107.0,1105.0,1098.0,1098.0,1100.0,1109.0,1107.0,1105.0,2189.0,2190.0,2192.0,1112.0,1107.0,1105.0,1098.0,1098.0,1100.0
1.0,6564.0,3311.0,3298.0,3324.0,3317.0,1114.0,1110.0,1093.0,1099.0,1099.0,1100.0,1111.0,1107.0,1093.0,2182.0,2187.0,2195.0,1114.0,1110.0,1093.0,1099.0,1099.0,1100.0
1.0,6577.0,3333.0,3300.0,3317.0,3339.0,1111.0,1128.0,1100.0,1099.0,1100.0,1101.0,1111.0,1125.0,1097.0,2183.0,2187.0,2207.0,1111.0,1128.0,1100.0,1099.0,1100.0,1101.0
1.0,6561.0,3340.0,3301.0,3339.0,3343.0,1123.0,1121.0,1099.0,1100.0,1100.0,1101.0,1120.0,1121.0,1099.0,2186.0,2172.0,2203.0,1123.0,1121.0,1099.0,1100.0,1100.0,1101.0
1.0,6560.0,3323.0,3301.0,3343.0,3323.0,1102.0,1110.0,1111.0,1100.0,1100.0,1101.0,1102.0,1110.0,1111.0,2177.0,2179.0,2204.0,1102.0,1110.0,1111.0,1100.0,1100.0,1101.0
1.0,6580.0,3354.0,3303.0,3323.0,3360.0,1115.0,1119.0,1126.0,1101.0,1100.0,1102.0,1112.0,1119.0,1123.0,2198.0,2190.0,2192.0,1115.0,1119.0,1126.0,1101.0,1100.0,1102.0
1.0,6549.0,3368.0,3304.0,3360.0,3371.0,1120.0,1126.0,1125.0,1101.0,1101.0,1102.0,1120.0,1123.0,1125.0,2188.0,2181.0,2180.0,1120.0,1126.0,1125.0,1101.0,1101.0,1102.0
1.0,6541.0,3317.0,3304.0,3371.0,3317.0,1091.0,1105.0,1121.0,1101.0,1101.0,1102.0,1091.0,1105.0,1121.0,2183.0,2177.0,2181.0,1091.0,1105.0,1121.0,1101.0,1101.0,1102.0
1.0,6595.0,3356.0,3304.0,3317.0,3356.0,1120.0,1121.0,1115.0,1101.0,1101.0,1102.0,1120.0,1121.0,1115.0,2212.0,2198.0,2185.0,1120.0,1121.0,1115.0,1101.0,1101.0,1102.0
1.0,6556.0,3271.0,3304.0,3356.0,3271.0,1086.0,1086.0,1099.0,1101.0,1101.0,1102.0,1086.0,1086.0,1099.0,2183.0,2182.0,2191.0,1086.0,1086.0,1099.0,1101.0,1101.0,1102.0
1.0,6641.0,3286.0,3304.0,3271.0,3286.0,1092.0,1091.0,1103.0,1101.0,1101.0,1102.0,1092.0,1091.0,1103.0,2217.0,2217.0,2207.0,1092.0,1091.0,1103.0,1101.0,1101.0,1102.0
1.0,6626.0,3307.0,3304.0,3286.0,3307.0,1097.0,1087.0,1123.0,1100.0,1101.0,1103.0,1100.0,1087.0,1120.0,2211.0,2212.0,2203.0,1097.0,1087.0,1123.0,1100.0,1101.0,1103.0
1.0,6605.0,3283.0,3305.0,3307.0,3286.0,1097.0,1097.0,1092.0,1101.0,1101.0,1103.0,1094.0,1097.0,1092.0,2203.0,2216.0,2186.0,1097.0,1097.0,1092.0,1101.0,1101.0,1103.0
1.0,6629.0,3251.0,3304.0,3286.0,3248.0,1083.0,1076.0,1089.0,1100.0,1101.0,1103.0,1086.0,1076.0,1089.0,2206.0,2206.0,2217.0,1083.0,1076.0,1089.0,1100.0,1101.0,1103.0
1.0,6664.0,3354.0,3306.0,3248.0,3360.0,1127.0,1104.0,1129.0,1101.0,1101.0,1104.0,1124.0,1104.0,1126.0,2217.0,2227.0,2220.0,1127.0,1104.0,1129.0,1101.0,1101.0,1104.0
1.0,6558.0,3346.0,3307.0,3360.0,3349.0,1117.0,1120.0,1112.0,1101.0,1102.0,1104.0,1117.0,1117.0,1112.0,2176.0,2199.0,2183.0,1117.0,1120.0,1112.0,1101.0,1102.0,1104.0
1.0,6572.0,3316.0,3309.0,3349.0,3322.0,1112.0,1104.0,1106.0,1102.0,1102.0,1105.0,1109.0,1104.0,1103.0,2186.0,2186.0,2200.0,1112.0,1104.0,1106.0,1102.0,1102.0,1105.0
1.0,6605.0,3359.0,3310.0,3322.0,3362.0,1134.0,1112.0,1116.0,1103.0,1102.0,1105.0,1131.0,1112.0,1116.0,2194.0,2202.0,2209.0,1134.0,1112.0,1116.0,1103.0,1102.0,1105.0
1.0,6568.0,3376.0,3313.0,3362.0,3385.0,1128.0,1129.0,1128.0,1104.0,1103.0,1106.0,1125.0,1126.0,1125.0,2175.0,2194.0,2199.0,1128.0,1129.0,1128.0,1104.0,1103.0,1106.0
1.0,6554.0,3351.0,3313.0,3385.0,3351.0,1121.0,1124.0,1106.0,1104.0,1103.0,1106.0,1121.0,1124.0,1106.0,2184.0,2180.0,2190.0,1121.0,1124.0,1106.0,1104.0,1103.0,1106.0
1.0,6588.0,3388.0,3315.0,3351.0,3394.0,1139.0,1137.0,1118.0,1105.0,1104.0,1106.0,1136.0,1134.0,1118.0,2191.0,2185.0,2212.0,1139.0,1137.0,1118.0,1105.0,1104.0,1106.0
1.0,6551.0,3304.0,3315.0,3394.0,3304.0,1102.0,1100.0,1102.0,1105.0,1104.0,1106.0,1102.0,1100.0,1102.0,2176.0,2175.0,2200.0,1102.0,1100.0,1102.0,1105.0,1104.0,1106.0
