id,inv,demand,forecast,received_shipment,order,Order_Supplier_0,Forecast_Retailer_0,Forecast_Retailer_1,Demand_Retailer_0,Demand_Retailer_1
0.0,0.0,837.0,837.0,0.0,2511.0,2511.0,585.0,252.0,585.0,252.0
0.0,0.0,954.0,896.0,2511.0,1968.0,1968.0,626.0,270.0,666.0,288.0
0.0,720.0,255.0,682.0,1968.0,0.0,0.0,478.0,204.0,182.0,73.0
0.0,2433.0,353.0,600.0,0.0,0.0,0.0,420.0,180.0,246.0,107.0
0.0,2080.0,256.0,531.0,0.0,0.0,0.0,371.0,160.0,178.0,78.0
0.0,1824.0,238.0,482.0,0.0,0.0,0.0,338.0,144.0,169.0,69.0
0.0,1586.0,395.0,470.0,0.0,219.0,219.0,329.0,141.0,275.0,120.0
0.0,1191.0,346.0,454.0,219.0,298.0,298.0,318.0,136.0,243.0,103.0
0.0,1064.0,436.0,452.0,298.0,430.0,430.0,316.0,136.0,304.0,132.0
0.0,926.0,427.0,450.0,430.0,421.0,421.0,315.0,135.0,299.0,128.0
0.0,929.0,304.0,436.0,421.0,262.0,262.0,305.0,131.0,213.0,91.0
0.0,1046.0,317.0,427.0,262.0,290.0,290.0,299.0,128.0,223.0,94.0
0.0,991.0,353.0,420.0,290.0,332.0,332.0,294.0,126.0,245.0,108.0
0.0,928.0,294.0,412.0,332.0,270.0,270.0,288.0,124.0,206.0,88.0
0.0,966.0,334.0,407.0,270.0,319.0,319.0,285.0,122.0,234.0,100.0
0.0,902.0,377.0,404.0,319.0,368.0,368.0,283.0,121.0,266.0,111.0
0.0,844.0,390.0,404.0,368.0,390.0,390.0,283.0,121.0,272.0,118.0
0.0,822.0,395.0,403.0,390.0,392.0,392.0,282.0,121.0,276.0,119.0
0.0,817.0,389.0,403.0,392.0,389.0,389.0,282.0,121.0,273.0,116.0
0.0,820.0,342.0,400.0,389.0,333.0,333.0,280.0,120.0,239.0,103.0
0.0,867.0,305.0,396.0,333.0,293.0,293.0,277.0,119.0,213.0,92.0
0.0,895.0,379.0,394.0,293.0,373.0,373.0,276.0,118.0,266.0,113.0
0.0,809.0,404.0,394.0,373.0,404.0,404.0,276.0,118.0,282.0,122.0
0.0,778.0,454.0,397.0,404.0,463.0,463.0,278.0,119.0,318.0,136.0
0.0,728.0,449.0,400.0,463.0,458.0,458.0,280.0,120.0,315.0,134.0
0.0,742.0,361.0,397.0,458.0,352.0,352.0,278.0,119.0,253.0,108.0
0.0,839.0,321.0,395.0,352.0,315.0,315.0,276.0,119.0,224.0,97.0
0.0,870.0,302.0,391.0,315.0,290.0,290.0,274.0,117.0,213.0,89.0
0.0,883.0,320.0,389.0,290.0,314.0,314.0,272.0,117.0,223.0,97.0
0.0,853.0,359.0,388.0,314.0,356.0,356.0,272.0,116.0,251.0,108.0
0.0,808.0,396.0,389.0,356.0,399.0,399.0,272.0,117.0,278.0,118.0
0.0,768.0,419.0,390.0,399.0,422.0,422.0,273.0,117.0,292.0,127.0
0.0,748.0,374.0,389.0,422.0,371.0,371.0,272.0,117.0,263.0,111.0
0.0,796.0,333.0,387.0,371.0,327.0,327.0,271.0,116.0,232.0,101.0
0.0,834.0,270.0,384.0,327.0,261.0,261.0,269.0,115.0,190.0,80.0
0.0,891.0,294.0,381.0,261.0,285.0,285.0,267.0,114.0,204.0,90.0
0.0,858.0,370.0,381.0,285.0,370.0,370.0,267.0,114.0,260.0,110.0
0.0,773.0,426.0,383.0,370.0,432.0,432.0,268.0,115.0,299.0,127.0
0.0,717.0,346.0,381.0,432.0,340.0,340.0,267.0,114.0,242.0,104.0
0.0,803.0,326.0,380.0,340.0,323.0,323.0,266.0,114.0,227.0,99.0
0.0,817.0,430.0,381.0,323.0,433.0,433.0,267.0,114.0,301.0,129.0
0.0,710.0,374.0,381.0,433.0,374.0,374.0,267.0,114.0,262.0,112.0
0.0,769.0,399.0,381.0,374.0,399.0,399.0,267.0,114.0,280.0,119.0
0.0,744.0,410.0,382.0,399.0,413.0,413.0,267.0,115.0,287.0,123.0
0.0,733.0,346.0,381.0,413.0,343.0,343.0,267.0,114.0,242.0,104.0
0.0,800.0,360.0,381.0,343.0,360.0,360.0,267.0,114.0,252.0,108.0
0.0,783.0,393.0,381.0,360.0,393.0,393.0,267.0,114.0,276.0,117.0
0.0,750.0,307.0,380.0,393.0,304.0,304.0,266.0,114.0,214.0,93.0
0.0,836.0,391.0,380.0,304.0,391.0,391.0,266.0,114.0,275.0,116.0
0.0,749.0,416.0,380.0,391.0,416.0,416.0,266.0,114.0,289.0,127.0
0.0,724.0,387.0,380.0,416.0,387.0,387.0,266.0,114.0,272.0,115.0
0.0,753.0,410.0,381.0,387.0,413.0,413.0,267.0,114.0,287.0,123.0
0.0,730.0,402.0,373.0,413.0,378.0,378.0,261.0,112.0,281.0,121.0
0.0,741.0,317.0,360.0,378.0,278.0,278.0,252.0,108.0,221.0,96.0
0.0,802.0,357.0,363.0,278.0,366.0,366.0,254.0,109.0,252.0,105.0
0.0,723.0,267.0,361.0,366.0,261.0,261.0,253.0,108.0,186.0,81.0
0.0,822.0,389.0,363.0,261.0,395.0,395.0,254.0,109.0,271.0,118.0
0.0,694.0,389.0,366.0,395.0,398.0,398.0,256.0,110.0,274.0,115.0
0.0,700.0,353.0,366.0,398.0,353.0,353.0,256.0,110.0,246.0,107.0
0.0,745.0,397.0,367.0,353.0,400.0,400.0,257.0,110.0,279.0,118.0
0.0,701.0,393.0,366.0,400.0,390.0,390.0,256.0,110.0,275.0,118.0
0.0,708.0,334.0,364.0,390.0,328.0,328.0,255.0,109.0,233.0,101.0
0.0,764.0,338.0,364.0,328.0,338.0,338.0,255.0,109.0,237.0,101.0
0.0,754.0,386.0,366.0,338.0,392.0,392.0,256.0,110.0,271.0,115.0
0.0,706.0,402.0,367.0,392.0,405.0,405.0,257.0,110.0,280.0,122.0
0.0,696.0,399.0,369.0,405.0,405.0,405.0,258.0,111.0,280.0,119.0
0.0,702.0,333.0,369.0,405.0,333.0,333.0,258.0,111.0,233.0,100.0
0.0,774.0,374.0,369.0,333.0,374.0,374.0,258.0,111.0,262.0,112.0
0.0,733.0,283.0,367.0,374.0,277.0,277.0,257.0,110.0,197.0,86.0
0.0,824.0,304.0,365.0,277.0,298.0,298.0,256.0,109.0,214.0,90.0
0.0,797.0,354.0,364.0,298.0,351.0,351.0,255.0,109.0,247.0,107.0
0.0,741.0,389.0,366.0,351.0,395.0,395.0,256.0,110.0,273.0,116.0
0.0,703.0,485.0,369.0,395.0,494.0,494.0,258.0,111.0,339.0,146.0
0.0,613.0,386.0,369.0,494.0,386.0,386.0,258.0,111.0,270.0,116.0
0.0,721.0,359.0,368.0,386.0,356.0,356.0,258.0,110.0,251.0,108.0
0.0,748.0,314.0,366.0,356.0,308.0,308.0,256.0,110.0,220.0,94.0
0.0,790.0,367.0,364.0,308.0,361.0,361.0,255.0,109.0,256.0,111.0
0.0,731.0,396.0,364.0,361.0,396.0,396.0,255.0,109.0,278.0,118.0
0.0,696.0,334.0,364.0,396.0,334.0,334.0,255.0,109.0,234.0,100.0
0.0,758.0,432.0,367.0,334.0,441.0,441.0,257.0,110.0,301.0,131.0
0.0,660.0,371.0,368.0,441.0,374.0,374.0,258.0,110.0,261.0,110.0
0.0,730.0,353.0,368.0,374.0,353.0,353.0,258.0,110.0,247.0,106.0
0.0,751.0,336.0,367.0,353.0,333.0,333.0,257.0,110.0,234.0,102.0
0.0,768.0,340.0,366.0,333.0,337.0,337.0,256.0,110.0,239.0,101.0
0.0,761.0,354.0,365.0,337.0,351.0,351.0,255.0,110.0,248.0,106.0
0.0,744.0,469.0,367.0,351.0,475.0,475.0,257.0,110.0,328.0,141.0
0.0,626.0,448.0,371.0,475.0,460.0,460.0,260.0,111.0,313.0,135.0
0.0,653.0,448.0,374.0,460.0,457.0,457.0,262.0,112.0,313.0,135.0
0.0,665.0,330.0,373.0,457.0,327.0,327.0,261.0,112.0,230.0,100.0
0.0,792.0,347.0,372.0,327.0,344.0,344.0,260.0,112.0,244.0,103.0
0.0,772.0,379.0,373.0,344.0,382.0,382.0,261.0,112.0,266.0,113.0
0.0,737.0,407.0,374.0,382.0,410.0,410.0,262.0,112.0,284.0,123.0
0.0,712.0,399.0,373.0,410.0,396.0,396.0,261.0,112.0,279.0,120.0
0.0,723.0,519.0,376.0,396.0,528.0,528.0,263.0,113.0,362.0,157.0
0.0,600.0,446.0,377.0,528.0,449.0,449.0,264.0,113.0,313.0,133.0
0.0,682.0,341.0,376.0,449.0,338.0,338.0,263.0,113.0,240.0,101.0
0.0,790.0,416.0,377.0,338.0,419.0,419.0,264.0,113.0,290.0,126.0
0.0,712.0,368.0,377.0,419.0,368.0,368.0,264.0,113.0,258.0,110.0
0.0,763.0,433.0,377.0,368.0,433.0,433.0,264.0,113.0,304.0,129.0
0.0,698.0,439.0,380.0,433.0,448.0,448.0,266.0,114.0,306.0,133.0
0.0,692.0,405.0,380.0,448.0,405.0,405.0,266.0,114.0,284.0,121.0
0.0,735.0,426.0,381.0,405.0,429.0,429.0,267.0,114.0,298.0,128.0
0.0,714.0,386.0,381.0,429.0,386.0,386.0,267.0,114.0,270.0,116.0
0.0,757.0,366.0,380.0,386.0,363.0,363.0,266.0,114.0,255.0,111.0
0.0,777.0,373.0,380.0,363.0,373.0,373.0,266.0,114.0,261.0,112.0
0.0,767.0,411.0,381.0,373.0,414.0,414.0,267.0,114.0,289.0,122.0
0.0,729.0,427.0,383.0,414.0,433.0,433.0,268.0,115.0,300.0,127.0
0.0,716.0,475.0,387.0,433.0,487.0,487.0,271.0,116.0,331.0,144.0
0.0,674.0,420.0,387.0,487.0,420.0,420.0,271.0,116.0,294.0,126.0
0.0,741.0,472.0,389.0,420.0,478.0,478.0,272.0,117.0,331.0,141.0
0.0,689.0,391.0,390.0,478.0,394.0,394.0,273.0,117.0,275.0,116.0
0.0,776.0,399.0,390.0,394.0,399.0,399.0,273.0,117.0,279.0,120.0
0.0,771.0,423.0,390.0,399.0,423.0,423.0,273.0,117.0,294.0,129.0
0.0,747.0,439.0,392.0,423.0,445.0,445.0,274.0,118.0,308.0,131.0
0.0,731.0,459.0,394.0,445.0,465.0,465.0,276.0,118.0,321.0,138.0
0.0,717.0,335.0,393.0,465.0,332.0,332.0,275.0,118.0,234.0,101.0
0.0,847.0,367.0,393.0,332.0,367.0,367.0,275.0,118.0,259.0,108.0
0.0,812.0,367.0,392.0,367.0,364.0,364.0,274.0,118.0,257.0,110.0
0.0,812.0,400.0,393.0,364.0,403.0,403.0,275.0,118.0,278.0,122.0
0.0,776.0,480.0,396.0,403.0,489.0,489.0,277.0,119.0,338.0,142.0
0.0,699.0,412.0,398.0,489.0,418.0,418.0,279.0,119.0,287.0,125.0
0.0,776.0,496.0,402.0,418.0,508.0,508.0,281.0,121.0,348.0,148.0
0.0,698.0,369.0,402.0,508.0,369.0,369.0,281.0,121.0,258.0,111.0
0.0,837.0,387.0,402.0,369.0,387.0,387.0,281.0,121.0,271.0,116.0
0.0,819.0,391.0,400.0,387.0,385.0,385.0,280.0,120.0,273.0,118.0
0.0,815.0,446.0,401.0,385.0,449.0,449.0,281.0,120.0,313.0,133.0
0.0,754.0,383.0,402.0,449.0,386.0,386.0,281.0,121.0,268.0,115.0
0.0,820.0,478.0,405.0,386.0,487.0,487.0,283.0,122.0,334.0,144.0
0.0,728.0,402.0,406.0,487.0,405.0,405.0,284.0,122.0,281.0,121.0
0.0,813.0,467.0,407.0,405.0,470.0,470.0,285.0,122.0,328.0,139.0
0.0,751.0,376.0,407.0,470.0,376.0,376.0,285.0,122.0,262.0,114.0
0.0,845.0,426.0,407.0,376.0,426.0,426.0,285.0,122.0,298.0,128.0
0.0,795.0,439.0,409.0,426.0,445.0,445.0,286.0,123.0,308.0,131.0
0.0,782.0,459.0,411.0,445.0,465.0,465.0,288.0,123.0,320.0,139.0
0.0,768.0,456.0,413.0,465.0,462.0,462.0,289.0,124.0,320.0,136.0
0.0,777.0,433.0,415.0,462.0,439.0,439.0,290.0,125.0,303.0,130.0
0.0,806.0,406.0,416.0,439.0,409.0,409.0,291.0,125.0,284.0,122.0
0.0,839.0,431.0,416.0,409.0,431.0,431.0,291.0,125.0,302.0,129.0
0.0,817.0,400.0,414.0,431.0,394.0,394.0,290.0,124.0,279.0,121.0
0.0,848.0,448.0,414.0,394.0,448.0,448.0,290.0,124.0,314.0,134.0
0.0,794.0,384.0,416.0,448.0,390.0,390.0,291.0,125.0,270.0,114.0
0.0,858.0,488.0,418.0,390.0,494.0,494.0,293.0,125.0,341.0,147.0
0.0,760.0,446.0,420.0,494.0,452.0,452.0,294.0,126.0,313.0,133.0
0.0,808.0,474.0,421.0,452.0,477.0,477.0,295.0,126.0,333.0,141.0
0.0,786.0,420.0,421.0,477.0,420.0,420.0,295.0,126.0,292.0,128.0
0.0,843.0,371.0,418.0,420.0,362.0,362.0,293.0,125.0,260.0,111.0
0.0,892.0,432.0,418.0,362.0,432.0,432.0,293.0,125.0,302.0,130.0
0.0,822.0,439.0,420.0,432.0,445.0,445.0,294.0,126.0,308.0,131.0
0.0,815.0,459.0,420.0,445.0,459.0,459.0,294.0,126.0,320.0,139.0
0.0,801.0,508.0,423.0,459.0,517.0,517.0,296.0,127.0,357.0,151.0
0.0,752.0,417.0,423.0,517.0,417.0,417.0,296.0,127.0,291.0,126.0
0.0,852.0,482.0,424.0,417.0,485.0,485.0,297.0,127.0,338.0,144.0
0.0,787.0,393.0,424.0,485.0,393.0,393.0,297.0,127.0,275.0,118.0
0.0,879.0,408.0,423.0,393.0,405.0,405.0,296.0,127.0,286.0,122.0
0.0,864.0,409.0,424.0,405.0,412.0,412.0,297.0,127.0,286.0,123.0
0.0,860.0,497.0,426.0,412.0,503.0,503.0,298.0,128.0,348.0,149.0
0.0,775.0,480.0,429.0,503.0,489.0,489.0,300.0,129.0,335.0,145.0
0.0,798.0,407.0,429.0,489.0,407.0,407.0,300.0,129.0,285.0,122.0
0.0,880.0,413.0,428.0,407.0,410.0,410.0,300.0,128.0,289.0,124.0
0.0,874.0,397.0,427.0,410.0,394.0,394.0,299.0,128.0,279.0,118.0
0.0,887.0,399.0,426.0,394.0,396.0,396.0,298.0,128.0,279.0,120.0
0.0,882.0,407.0,425.0,396.0,404.0,404.0,297.0,128.0,284.0,123.0
0.0,871.0,454.0,426.0,404.0,457.0,457.0,298.0,128.0,319.0,135.0
0.0,821.0,509.0,429.0,457.0,518.0,518.0,300.0,129.0,355.0,154.0
0.0,769.0,453.0,429.0,518.0,453.0,453.0,300.0,129.0,318.0,135.0
0.0,834.0,394.0,428.0,453.0,391.0,391.0,300.0,128.0,275.0,119.0
0.0,893.0,352.0,426.0,391.0,346.0,346.0,298.0,128.0,248.0,104.0
0.0,932.0,393.0,427.0,346.0,396.0,396.0,299.0,128.0,274.0,119.0
0.0,885.0,454.0,429.0,396.0,460.0,460.0,300.0,129.0,319.0,135.0
0.0,827.0,450.0,430.0,460.0,453.0,453.0,301.0,129.0,316.0,134.0
0.0,837.0,483.0,432.0,453.0,489.0,489.0,302.0,130.0,337.0,146.0
0.0,807.0,461.0,431.0,489.0,458.0,458.0,302.0,129.0,323.0,138.0
0.0,835.0,383.0,431.0,458.0,383.0,383.0,302.0,129.0,267.0,116.0
0.0,910.0,441.0,430.0,383.0,438.0,438.0,301.0,129.0,311.0,130.0
0.0,852.0,435.0,431.0,438.0,438.0,438.0,302.0,129.0,303.0,132.0
0.0,855.0,545.0,434.0,438.0,554.0,554.0,304.0,130.0,381.0,164.0
0.0,748.0,470.0,436.0,554.0,476.0,476.0,305.0,131.0,330.0,140.0
0.0,832.0,503.0,437.0,476.0,506.0,506.0,306.0,131.0,352.0,151.0
0.0,805.0,482.0,439.0,506.0,488.0,488.0,307.0,132.0,337.0,145.0
0.0,829.0,410.0,437.0,488.0,404.0,404.0,306.0,131.0,286.0,124.0
0.0,907.0,411.0,437.0,404.0,411.0,411.0,306.0,131.0,288.0,123.0
0.0,900.0,418.0,437.0,411.0,418.0,418.0,306.0,131.0,294.0,124.0
0.0,893.0,433.0,437.0,418.0,433.0,433.0,306.0,131.0,302.0,131.0
0.0,878.0,480.0,439.0,433.0,486.0,486.0,307.0,132.0,337.0,143.0
0.0,831.0,525.0,440.0,486.0,528.0,528.0,308.0,132.0,366.0,159.0
0.0,792.0,499.0,441.0,528.0,502.0,502.0,309.0,132.0,350.0,149.0
0.0,821.0,458.0,441.0,502.0,458.0,458.0,309.0,132.0,321.0,137.0
0.0,865.0,395.0,440.0,458.0,392.0,392.0,308.0,132.0,276.0,119.0
0.0,928.0,376.0,440.0,392.0,376.0,376.0,308.0,132.0,263.0,113.0
0.0,944.0,503.0,441.0,376.0,506.0,506.0,309.0,132.0,353.0,150.0
0.0,817.0,525.0,444.0,506.0,534.0,534.0,311.0,133.0,366.0,159.0
0.0,798.0,513.0,445.0,534.0,516.0,516.0,312.0,133.0,360.0,153.0
0.0,819.0,499.0,447.0,516.0,505.0,505.0,313.0,134.0,349.0,150.0
0.0,836.0,530.0,448.0,505.0,533.0,533.0,314.0,134.0,371.0,159.0
0.0,811.0,476.0,449.0,533.0,479.0,479.0,314.0,135.0,334.0,142.0
0.0,868.0,391.0,447.0,479.0,385.0,385.0,313.0,134.0,273.0,118.0
0.0,956.0,410.0,447.0,385.0,410.0,410.0,313.0,134.0,287.0,123.0
0.0,931.0,460.0,449.0,410.0,466.0,466.0,314.0,135.0,323.0,137.0
0.0,881.0,477.0,450.0,466.0,480.0,480.0,315.0,135.0,334.0,143.0
0.0,870.0,489.0,450.0,480.0,489.0,489.0,315.0,135.0,341.0,148.0
0.0,861.0,460.0,450.0,489.0,460.0,460.0,315.0,135.0,322.0,138.0
0.0,890.0,433.0,449.0,460.0,430.0,430.0,314.0,135.0,304.0,129.0
0.0,917.0,434.0,449.0,430.0,434.0,434.0,314.0,135.0,304.0,130.0
0.0,913.0,454.0,449.0,434.0,454.0,454.0,314.0,135.0,318.0,136.0
0.0,893.0,519.0,451.0,454.0,525.0,525.0,316.0,135.0,363.0,156.0
0.0,828.0,500.0,453.0,525.0,506.0,506.0,317.0,136.0,351.0,149.0
0.0,853.0,436.0,453.0,506.0,436.0,436.0,317.0,136.0,305.0,131.0
0.0,923.0,462.0,453.0,436.0,462.0,462.0,317.0,136.0,323.0,139.0
0.0,897.0,415.0,451.0,462.0,409.0,409.0,316.0,135.0,290.0,125.0
0.0,944.0,526.0,454.0,409.0,535.0,535.0,318.0,136.0,368.0,158.0
0.0,827.0,512.0,456.0,535.0,518.0,518.0,319.0,137.0,359.0,153.0
0.0,850.0,552.0,459.0,518.0,561.0,561.0,321.0,138.0,386.0,166.0
0.0,816.0,539.0,461.0,561.0,545.0,545.0,323.0,138.0,377.0,162.0
0.0,838.0,469.0,463.0,545.0,475.0,475.0,324.0,139.0,328.0,141.0
0.0,914.0,482.0,463.0,475.0,482.0,482.0,324.0,139.0,338.0,144.0
0.0,907.0,431.0,461.0,482.0,425.0,425.0,323.0,138.0,301.0,130.0
0.0,958.0,453.0,461.0,425.0,453.0,453.0,323.0,138.0,317.0,136.0
0.0,930.0,457.0,463.0,453.0,463.0,463.0,324.0,139.0,321.0,136.0
0.0,926.0,516.0,466.0,463.0,525.0,525.0,326.0,140.0,361.0,155.0
0.0,873.0,576.0,470.0,525.0,588.0,588.0,329.0,141.0,403.0,173.0
0.0,822.0,464.0,470.0,588.0,464.0,464.0,329.0,141.0,325.0,139.0
0.0,946.0,436.0,470.0,464.0,436.0,436.0,329.0,141.0,305.0,131.0
0.0,974.0,483.0,470.0,436.0,483.0,483.0,329.0,141.0,338.0,145.0
0.0,927.0,377.0,467.0,483.0,368.0,368.0,327.0,140.0,263.0,114.0
0.0,1033.0,512.0,470.0,368.0,521.0,521.0,329.0,141.0,360.0,152.0
0.0,889.0,489.0,471.0,521.0,492.0,492.0,330.0,141.0,340.0,149.0
0.0,921.0,517.0,473.0,492.0,523.0,523.0,331.0,142.0,363.0,154.0
0.0,896.0,510.0,472.0,523.0,507.0,507.0,330.0,142.0,357.0,153.0
0.0,909.0,493.0,473.0,507.0,496.0,496.0,331.0,142.0,345.0,148.0
0.0,923.0,418.0,471.0,496.0,412.0,412.0,330.0,141.0,292.0,126.0
0.0,1001.0,461.0,470.0,412.0,458.0,458.0,329.0,141.0,323.0,138.0
0.0,952.0,589.0,474.0,458.0,601.0,601.0,332.0,142.0,412.0,177.0
0.0,821.0,497.0,476.0,601.0,503.0,503.0,333.0,143.0,349.0,148.0
0.0,925.0,563.0,479.0,503.0,572.0,572.0,335.0,144.0,394.0,169.0
0.0,865.0,502.0,480.0,572.0,505.0,505.0,336.0,144.0,352.0,150.0
0.0,935.0,456.0,479.0,505.0,453.0,453.0,335.0,144.0,319.0,137.0
0.0,984.0,392.0,477.0,453.0,386.0,386.0,334.0,143.0,275.0,117.0
0.0,1045.0,478.0,476.0,386.0,475.0,475.0,333.0,143.0,335.0,143.0
0.0,953.0,513.0,477.0,475.0,516.0,516.0,334.0,143.0,358.0,155.0
0.0,915.0,517.0,480.0,516.0,526.0,526.0,336.0,144.0,363.0,154.0
0.0,914.0,515.0,483.0,526.0,524.0,524.0,338.0,145.0,360.0,155.0
0.0,925.0,497.0,483.0,524.0,497.0,497.0,338.0,145.0,348.0,149.0
0.0,952.0,428.0,480.0,497.0,419.0,419.0,336.0,144.0,301.0,127.0
0.0,1021.0,434.0,479.0,419.0,431.0,431.0,335.0,144.0,303.0,131.0
0.0,1006.0,471.0,478.0,431.0,468.0,468.0,335.0,143.0,330.0,141.0
0.0,966.0,505.0,477.0,468.0,502.0,502.0,334.0,143.0,353.0,152.0
0.0,929.0,522.0,479.0,502.0,528.0,528.0,335.0,144.0,366.0,156.0
0.0,909.0,492.0,480.0,528.0,495.0,495.0,336.0,144.0,343.0,149.0
0.0,945.0,574.0,484.0,495.0,586.0,586.0,339.0,145.0,404.0,170.0
0.0,866.0,550.0,486.0,586.0,556.0,556.0,340.0,146.0,384.0,166.0
0.0,902.0,447.0,484.0,556.0,441.0,441.0,339.0,145.0,313.0,134.0
0.0,1011.0,497.0,485.0,441.0,500.0,500.0,340.0,145.0,348.0,149.0
0.0,955.0,516.0,486.0,500.0,519.0,519.0,340.0,146.0,362.0,154.0
0.0,939.0,497.0,487.0,519.0,500.0,500.0,341.0,146.0,347.0,150.0
0.0,961.0,597.0,490.0,500.0,606.0,606.0,343.0,147.0,420.0,177.0
0.0,864.0,522.0,492.0,606.0,528.0,528.0,344.0,148.0,364.0,158.0
0.0,948.0,414.0,490.0,528.0,408.0,408.0,343.0,147.0,290.0,124.0
0.0,1062.0,534.0,490.0,408.0,534.0,534.0,343.0,147.0,375.0,159.0
0.0,936.0,470.0,491.0,534.0,473.0,473.0,344.0,147.0,327.0,143.0
0.0,1000.0,500.0,492.0,473.0,503.0,503.0,344.0,148.0,351.0,149.0
0.0,973.0,543.0,494.0,503.0,549.0,549.0,346.0,148.0,379.0,164.0
0.0,933.0,550.0,494.0,549.0,550.0,550.0,346.0,148.0,386.0,164.0
0.0,932.0,522.0,495.0,550.0,525.0,525.0,347.0,148.0,365.0,157.0
0.0,960.0,505.0,494.0,525.0,502.0,502.0,346.0,148.0,353.0,152.0
0.0,980.0,467.0,493.0,502.0,464.0,464.0,345.0,148.0,329.0,138.0
0.0,1015.0,444.0,493.0,464.0,444.0,444.0,345.0,148.0,310.0,134.0
0.0,1035.0,503.0,493.0,444.0,503.0,503.0,345.0,148.0,353.0,150.0
0.0,976.0,553.0,495.0,503.0,559.0,559.0,347.0,148.0,386.0,167.0
0.0,926.0,566.0,497.0,559.0,572.0,572.0,348.0,149.0,398.0,168.0
0.0,919.0,525.0,498.0,572.0,528.0,528.0,349.0,149.0,366.0,159.0
0.0,966.0,508.0,498.0,528.0,508.0,508.0,349.0,149.0,356.0,152.0
0.0,986.0,471.0,496.0,508.0,465.0,465.0,347.0,149.0,330.0,141.0
0.0,1023.0,545.0,498.0,465.0,551.0,551.0,349.0,149.0,380.0,165.0
0.0,943.0,487.0,499.0,551.0,490.0,490.0,349.0,150.0,342.0,145.0
0.0,1007.0,540.0,500.0,490.0,543.0,543.0,350.0,150.0,379.0,161.0
0.0,957.0,510.0,503.0,543.0,519.0,519.0,352.0,151.0,356.0,154.0
0.0,990.0,564.0,503.0,519.0,564.0,564.0,352.0,151.0,396.0,168.0
0.0,945.0,533.0,504.0,564.0,536.0,536.0,353.0,151.0,372.0,161.0
0.0,976.0,435.0,503.0,536.0,432.0,432.0,352.0,151.0,306.0,129.0
0.0,1077.0,507.0,503.0,432.0,507.0,507.0,352.0,151.0,355.0,152.0
0.0,1002.0,560.0,504.0,507.0,563.0,563.0,353.0,151.0,391.0,169.0
0.0,949.0,602.0,507.0,563.0,611.0,611.0,355.0,152.0,421.0,181.0
0.0,910.0,572.0,510.0,611.0,581.0,581.0,357.0,153.0,401.0,171.0
0.0,949.0,524.0,508.0,581.0,518.0,518.0,356.0,152.0,367.0,157.0
0.0,1006.0,509.0,508.0,518.0,509.0,509.0,356.0,152.0,356.0,153.0
0.0,1015.0,445.0,507.0,509.0,442.0,442.0,355.0,152.0,312.0,133.0
0.0,1079.0,500.0,506.0,442.0,497.0,497.0,354.0,152.0,350.0,150.0
0.0,1021.0,540.0,508.0,497.0,546.0,546.0,356.0,152.0,377.0,163.0
0.0,978.0,568.0,511.0,546.0,577.0,577.0,358.0,153.0,398.0,170.0
0.0,956.0,607.0,514.0,577.0,616.0,616.0,360.0,154.0,426.0,181.0
0.0,926.0,593.0,516.0,616.0,599.0,599.0,361.0,155.0,414.0,179.0
0.0,949.0,570.0,517.0,599.0,573.0,573.0,362.0,155.0,400.0,170.0
0.0,978.0,530.0,517.0,573.0,530.0,530.0,362.0,155.0,371.0,159.0
0.0,1021.0,506.0,517.0,530.0,506.0,506.0,362.0,155.0,354.0,152.0
0.0,1045.0,562.0,520.0,506.0,571.0,571.0,364.0,156.0,393.0,169.0
0.0,989.0,511.0,521.0,571.0,514.0,514.0,365.0,156.0,359.0,152.0
0.0,1049.0,552.0,523.0,514.0,558.0,558.0,366.0,157.0,385.0,167.0
0.0,1011.0,555.0,523.0,558.0,555.0,555.0,366.0,157.0,389.0,166.0
0.0,1014.0,522.0,523.0,555.0,522.0,522.0,366.0,157.0,365.0,157.0
0.0,1047.0,484.0,523.0,522.0,484.0,484.0,366.0,157.0,339.0,145.0
0.0,1085.0,474.0,521.0,484.0,468.0,468.0,365.0,156.0,330.0,144.0
0.0,1095.0,621.0,523.0,468.0,627.0,627.0,366.0,157.0,436.0,185.0
0.0,942.0,576.0,526.0,627.0,585.0,585.0,368.0,158.0,403.0,173.0
0.0,993.0,493.0,525.0,585.0,490.0,490.0,368.0,157.0,345.0,148.0
0.0,1085.0,531.0,526.0,490.0,534.0,534.0,368.0,158.0,372.0,159.0
0.0,1044.0,493.0,526.0,534.0,493.0,493.0,368.0,158.0,345.0,148.0
0.0,1085.0,484.0,523.0,493.0,475.0,475.0,366.0,157.0,340.0,144.0
0.0,1094.0,465.0,522.0,475.0,462.0,462.0,365.0,157.0,325.0,140.0
0.0,1104.0,562.0,524.0,462.0,568.0,568.0,367.0,157.0,393.0,169.0
0.0,1004.0,567.0,526.0,568.0,573.0,573.0,368.0,158.0,397.0,170.0
0.0,1005.0,612.0,528.0,573.0,618.0,618.0,370.0,158.0,428.0,184.0
0.0,966.0,557.0,530.0,618.0,563.0,563.0,371.0,159.0,391.0,166.0
0.0,1027.0,583.0,530.0,563.0,583.0,583.0,371.0,159.0,409.0,174.0
0.0,1007.0,506.0,530.0,583.0,506.0,506.0,371.0,159.0,353.0,153.0
0.0,1084.0,528.0,530.0,506.0,528.0,528.0,371.0,159.0,370.0,158.0
0.0,1062.0,590.0,531.0,528.0,593.0,593.0,372.0,159.0,412.0,178.0
0.0,1000.0,595.0,533.0,593.0,601.0,601.0,373.0,160.0,418.0,177.0
0.0,998.0,579.0,536.0,601.0,588.0,588.0,375.0,161.0,405.0,174.0
0.0,1020.0,543.0,537.0,588.0,546.0,546.0,376.0,161.0,380.0,163.0
0.0,1065.0,553.0,537.0,546.0,553.0,553.0,376.0,161.0,387.0,166.0
0.0,1058.0,512.0,536.0,553.0,509.0,509.0,375.0,161.0,358.0,154.0
0.0,1099.0,473.0,534.0,509.0,467.0,467.0,374.0,160.0,330.0,143.0
0.0,1135.0,594.0,537.0,467.0,603.0,603.0,376.0,161.0,417.0,177.0
0.0,1008.0,605.0,539.0,603.0,611.0,611.0,377.0,162.0,423.0,182.0
0.0,1006.0,570.0,540.0,611.0,573.0,573.0,378.0,162.0,399.0,171.0
0.0,1047.0,593.0,541.0,573.0,596.0,596.0,379.0,162.0,414.0,179.0
0.0,1027.0,519.0,541.0,596.0,519.0,519.0,379.0,162.0,363.0,156.0
0.0,1104.0,464.0,540.0,519.0,461.0,461.0,378.0,162.0,327.0,137.0
0.0,1159.0,560.0,540.0,461.0,560.0,560.0,378.0,162.0,392.0,168.0
0.0,1060.0,583.0,541.0,560.0,586.0,586.0,379.0,162.0,406.0,177.0
0.0,1037.0,615.0,544.0,586.0,624.0,624.0,381.0,163.0,431.0,184.0
0.0,1008.0,573.0,546.0,624.0,579.0,579.0,382.0,164.0,401.0,172.0
0.0,1059.0,547.0,546.0,579.0,547.0,547.0,382.0,164.0,383.0,164.0
0.0,1091.0,589.0,546.0,547.0,589.0,589.0,382.0,164.0,412.0,177.0
0.0,1049.0,441.0,543.0,589.0,432.0,432.0,380.0,163.0,310.0,131.0
0.0,1197.0,589.0,544.0,432.0,592.0,592.0,381.0,163.0,410.0,179.0
0.0,1040.0,530.0,544.0,592.0,530.0,530.0,381.0,163.0,372.0,158.0
0.0,1102.0,561.0,547.0,530.0,570.0,570.0,383.0,164.0,394.0,167.0
0.0,1071.0,573.0,548.0,570.0,576.0,576.0,384.0,164.0,400.0,173.0
0.0,1068.0,567.0,549.0,576.0,570.0,570.0,384.0,165.0,397.0,170.0
0.0,1077.0,524.0,547.0,570.0,518.0,518.0,383.0,164.0,367.0,157.0
0.0,1123.0,474.0,546.0,518.0,471.0,471.0,382.0,164.0,332.0,142.0
0.0,1167.0,602.0,546.0,471.0,602.0,602.0,382.0,164.0,422.0,180.0
0.0,1036.0,510.0,544.0,602.0,504.0,504.0,381.0,163.0,356.0,154.0
0.0,1128.0,659.0,547.0,504.0,668.0,668.0,383.0,164.0,460.0,199.0
0.0,973.0,606.0,549.0,668.0,612.0,612.0,384.0,165.0,426.0,180.0
0.0,1035.0,560.0,549.0,612.0,560.0,560.0,384.0,165.0,392.0,168.0
0.0,1087.0,581.0,550.0,560.0,584.0,584.0,385.0,165.0,408.0,173.0
0.0,1066.0,595.0,551.0,584.0,598.0,598.0,386.0,165.0,414.0,181.0
0.0,1055.0,536.0,550.0,598.0,533.0,533.0,385.0,165.0,375.0,161.0
0.0,1117.0,644.0,553.0,533.0,653.0,653.0,387.0,166.0,453.0,191.0
0.0,1006.0,569.0,554.0,653.0,572.0,572.0,388.0,166.0,397.0,172.0
0.0,1090.0,584.0,557.0,572.0,593.0,593.0,390.0,167.0,410.0,174.0
0.0,1078.0,583.0,556.0,593.0,580.0,580.0,389.0,167.0,408.0,175.0
0.0,1088.0,547.0,556.0,580.0,547.0,547.0,389.0,167.0,382.0,165.0
0.0,1121.0,461.0,554.0,547.0,455.0,455.0,388.0,166.0,323.0,138.0
0.0,1207.0,538.0,554.0,455.0,538.0,538.0,388.0,166.0,377.0,161.0
0.0,1124.0,530.0,556.0,538.0,536.0,536.0,389.0,167.0,372.0,158.0
0.0,1132.0,603.0,557.0,536.0,606.0,606.0,390.0,167.0,421.0,182.0
0.0,1065.0,619.0,560.0,606.0,628.0,628.0,392.0,168.0,433.0,186.0
0.0,1052.0,612.0,561.0,628.0,615.0,615.0,393.0,168.0,429.0,183.0
0.0,1068.0,560.0,561.0,615.0,560.0,560.0,393.0,168.0,392.0,168.0
0.0,1123.0,537.0,560.0,560.0,534.0,534.0,392.0,168.0,377.0,160.0
0.0,1146.0,543.0,560.0,534.0,543.0,543.0,392.0,168.0,380.0,163.0
0.0,1137.0,596.0,560.0,543.0,596.0,596.0,392.0,168.0,415.0,181.0
0.0,1084.0,582.0,561.0,596.0,585.0,585.0,393.0,168.0,408.0,174.0
0.0,1098.0,603.0,563.0,585.0,609.0,609.0,394.0,169.0,423.0,180.0
0.0,1080.0,570.0,563.0,609.0,570.0,570.0,394.0,169.0,399.0,171.0
0.0,1119.0,514.0,561.0,570.0,508.0,508.0,393.0,168.0,359.0,155.0
0.0,1175.0,509.0,560.0,508.0,506.0,506.0,392.0,168.0,355.0,154.0
0.0,1174.0,561.0,560.0,506.0,561.0,561.0,392.0,168.0,393.0,168.0
0.0,1119.0,500.0,559.0,561.0,497.0,497.0,391.0,168.0,351.0,149.0
0.0,1180.0,630.0,561.0,497.0,636.0,636.0,393.0,168.0,441.0,189.0
0.0,1047.0,665.0,566.0,636.0,680.0,680.0,396.0,170.0,465.0,200.0
0.0,1018.0,553.0,564.0,680.0,547.0,547.0,395.0,169.0,387.0,166.0
0.0,1145.0,560.0,563.0,547.0,557.0,557.0,394.0,169.0,391.0,169.0
0.0,1132.0,596.0,564.0,557.0,599.0,599.0,395.0,169.0,418.0,178.0
0.0,1093.0,614.0,564.0,599.0,614.0,614.0,395.0,169.0,430.0,184.0
0.0,1078.0,553.0,564.0,614.0,553.0,553.0,395.0,169.0,387.0,166.0
0.0,1139.0,623.0,568.0,553.0,635.0,635.0,398.0,170.0,436.0,187.0
0.0,1069.0,652.0,570.0,635.0,658.0,658.0,399.0,171.0,458.0,194.0
0.0,1052.0,615.0,570.0,658.0,615.0,615.0,399.0,171.0,428.0,187.0
0.0,1095.0,567.0,570.0,615.0,567.0,567.0,399.0,171.0,399.0,168.0
0.0,1143.0,574.0,570.0,567.0,574.0,574.0,399.0,171.0,402.0,172.0
0.0,1136.0,601.0,570.0,574.0,601.0,601.0,399.0,171.0,419.0,182.0
0.0,1109.0,603.0,571.0,601.0,606.0,606.0,400.0,171.0,422.0,181.0
0.0,1107.0,639.0,574.0,606.0,648.0,648.0,402.0,172.0,448.0,191.0
0.0,1074.0,649.0,576.0,648.0,655.0,655.0,403.0,173.0,455.0,194.0
0.0,1073.0,583.0,577.0,655.0,586.0,586.0,404.0,173.0,408.0,175.0
0.0,1145.0,613.0,577.0,586.0,613.0,613.0,404.0,173.0,428.0,185.0
0.0,1118.0,567.0,577.0,613.0,567.0,567.0,404.0,173.0,397.0,170.0
0.0,1164.0,566.0,577.0,567.0,566.0,566.0,404.0,173.0,396.0,170.0
0.0,1165.0,599.0,579.0,566.0,605.0,605.0,405.0,174.0,420.0,179.0
0.0,1132.0,605.0,581.0,605.0,611.0,611.0,407.0,174.0,423.0,182.0
0.0,1132.0,654.0,583.0,611.0,660.0,660.0,408.0,175.0,458.0,196.0
0.0,1089.0,593.0,584.0,660.0,596.0,596.0,409.0,175.0,414.0,179.0
0.0,1156.0,557.0,583.0,596.0,554.0,554.0,408.0,175.0,391.0,166.0
0.0,1195.0,537.0,581.0,554.0,531.0,531.0,407.0,174.0,375.0,162.0
0.0,1212.0,584.0,581.0,531.0,584.0,584.0,407.0,174.0,410.0,174.0
0.0,1159.0,646.0,583.0,584.0,652.0,652.0,408.0,175.0,452.0,194.0
0.0,1097.0,623.0,583.0,652.0,623.0,623.0,408.0,175.0,437.0,186.0
0.0,1126.0,657.0,586.0,623.0,666.0,666.0,410.0,176.0,459.0,198.0
0.0,1092.0,613.0,584.0,666.0,607.0,607.0,409.0,175.0,429.0,184.0
0.0,1145.0,588.0,586.0,607.0,594.0,594.0,410.0,176.0,412.0,176.0
0.0,1164.0,609.0,586.0,594.0,609.0,609.0,410.0,176.0,427.0,182.0
0.0,1149.0,570.0,586.0,609.0,570.0,570.0,410.0,176.0,399.0,171.0
0.0,1188.0,614.0,587.0,570.0,617.0,617.0,411.0,176.0,430.0,184.0
0.0,1144.0,677.0,591.0,617.0,689.0,689.0,414.0,177.0,472.0,205.0
0.0,1084.0,696.0,594.0,689.0,705.0,705.0,416.0,178.0,487.0,209.0
0.0,1077.0,636.0,596.0,705.0,642.0,642.0,417.0,179.0,447.0,189.0
0.0,1146.0,641.0,597.0,642.0,644.0,644.0,418.0,179.0,449.0,192.0
0.0,1147.0,566.0,596.0,644.0,563.0,563.0,417.0,179.0,396.0,170.0
0.0,1225.0,583.0,596.0,563.0,583.0,583.0,417.0,179.0,407.0,176.0
0.0,1205.0,633.0,597.0,583.0,636.0,636.0,418.0,179.0,444.0,189.0
0.0,1155.0,646.0,599.0,636.0,652.0,652.0,419.0,180.0,451.0,195.0
0.0,1145.0,672.0,601.0,652.0,678.0,678.0,421.0,180.0,470.0,202.0
0.0,1125.0,590.0,601.0,678.0,590.0,590.0,421.0,180.0,413.0,177.0
0.0,1213.0,593.0,601.0,590.0,593.0,593.0,421.0,180.0,415.0,178.0
0.0,1210.0,544.0,600.0,593.0,541.0,541.0,420.0,180.0,383.0,161.0
0.0,1259.0,569.0,600.0,541.0,569.0,569.0,420.0,180.0,398.0,171.0
0.0,1231.0,577.0,601.0,569.0,580.0,580.0,421.0,180.0,402.0,175.0
0.0,1223.0,599.0,603.0,580.0,605.0,605.0,422.0,181.0,420.0,179.0
0.0,1204.0,659.0,604.0,605.0,662.0,662.0,423.0,181.0,461.0,198.0
0.0,1150.0,678.0,609.0,662.0,693.0,693.0,426.0,183.0,474.0,204.0
0.0,1134.0,638.0,609.0,693.0,638.0,638.0,426.0,183.0,447.0,191.0
0.0,1189.0,600.0,607.0,638.0,594.0,594.0,425.0,182.0,421.0,179.0
0.0,1227.0,647.0,609.0,594.0,653.0,653.0,426.0,183.0,453.0,194.0
0.0,1174.0,620.0,610.0,653.0,623.0,623.0,427.0,183.0,434.0,186.0
0.0,1207.0,687.0,612.0,623.0,693.0,693.0,428.0,184.0,480.0,207.0
0.0,1143.0,660.0,613.0,693.0,663.0,663.0,429.0,184.0,463.0,197.0
0.0,1176.0,633.0,614.0,663.0,636.0,636.0,430.0,184.0,444.0,189.0
0.0,1206.0,590.0,614.0,636.0,590.0,590.0,430.0,184.0,413.0,177.0
0.0,1252.0,614.0,613.0,590.0,611.0,611.0,429.0,184.0,429.0,185.0
0.0,1228.0,577.0,613.0,611.0,577.0,577.0,429.0,184.0,404.0,173.0
0.0,1262.0,676.0,614.0,577.0,679.0,679.0,430.0,184.0,472.0,204.0
0.0,1163.0,679.0,616.0,679.0,685.0,685.0,431.0,185.0,477.0,202.0
0.0,1163.0,688.0,618.0,685.0,694.0,694.0,433.0,185.0,480.0,208.0
0.0,1160.0,626.0,619.0,694.0,629.0,629.0,433.0,186.0,438.0,188.0
0.0,1228.0,617.0,618.0,629.0,614.0,614.0,433.0,185.0,432.0,185.0
0.0,1240.0,571.0,617.0,614.0,568.0,568.0,432.0,185.0,401.0,170.0
0.0,1283.0,586.0,617.0,568.0,586.0,586.0,432.0,185.0,410.0,176.0
0.0,1265.0,673.0,617.0,586.0,673.0,673.0,432.0,185.0,470.0,203.0
0.0,1178.0,684.0,620.0,673.0,693.0,693.0,434.0,186.0,480.0,204.0
0.0,1167.0,663.0,622.0,693.0,669.0,669.0,435.0,187.0,464.0,199.0
0.0,1197.0,704.0,624.0,669.0,710.0,710.0,437.0,187.0,494.0,210.0
0.0,1162.0,610.0,624.0,710.0,610.0,610.0,437.0,187.0,427.0,183.0
0.0,1262.0,597.0,623.0,610.0,594.0,594.0,436.0,187.0,417.0,180.0
0.0,1275.0,623.0,623.0,594.0,623.0,623.0,436.0,187.0,437.0,186.0
0.0,1246.0,544.0,623.0,623.0,544.0,544.0,436.0,187.0,381.0,163.0
0.0,1325.0,721.0,627.0,544.0,733.0,733.0,439.0,188.0,504.0,217.0
0.0,1148.0,696.0,629.0,733.0,702.0,702.0,440.0,189.0,486.0,210.0
0.0,1185.0,617.0,628.0,702.0,614.0,614.0,440.0,188.0,432.0,185.0
0.0,1270.0,673.0,630.0,614.0,679.0,679.0,441.0,189.0,472.0,201.0
0.0,1211.0,593.0,628.0,679.0,587.0,587.0,440.0,188.0,414.0,179.0
0.0,1297.0,548.0,627.0,587.0,545.0,545.0,439.0,188.0,385.0,163.0
0.0,1336.0,672.0,629.0,545.0,678.0,678.0,440.0,189.0,469.0,203.0
0.0,1209.0,584.0,628.0,678.0,581.0,581.0,440.0,188.0,409.0,175.0
0.0,1303.0,624.0,629.0,581.0,627.0,627.0,440.0,189.0,438.0,186.0
0.0,1260.0,656.0,630.0,627.0,659.0,659.0,441.0,189.0,459.0,197.0
0.0,1231.0,611.0,629.0,659.0,608.0,608.0,440.0,189.0,427.0,184.0
0.0,1279.0,600.0,627.0,608.0,594.0,594.0,439.0,188.0,421.0,179.0
0.0,1287.0,586.0,626.0,594.0,583.0,583.0,438.0,188.0,410.0,176.0
0.0,1295.0,646.0,626.0,583.0,646.0,646.0,438.0,188.0,452.0,194.0
0.0,1232.0,674.0,628.0,646.0,680.0,680.0,440.0,188.0,471.0,203.0
0.0,1204.0,666.0,630.0,680.0,672.0,672.0,441.0,189.0,467.0,199.0
0.0,1218.0,695.0,630.0,672.0,695.0,695.0,441.0,189.0,485.0,210.0
0.0,1195.0,660.0,631.0,695.0,663.0,663.0,442.0,189.0,462.0,198.0
0.0,1230.0,663.0,631.0,663.0,663.0,663.0,442.0,189.0,464.0,199.0
0.0,1230.0,606.0,631.0,663.0,606.0,606.0,442.0,189.0,425.0,181.0
0.0,1287.0,624.0,631.0,606.0,624.0,624.0,442.0,189.0,437.0,187.0
0.0,1269.0,660.0,634.0,624.0,669.0,669.0,444.0,190.0,461.0,199.0
0.0,1233.0,720.0,637.0,669.0,729.0,729.0,446.0,191.0,506.0,214.0
0.0,1182.0,719.0,640.0,729.0,728.0,728.0,448.0,192.0,503.0,216.0
0.0,1192.0,627.0,640.0,728.0,627.0,627.0,448.0,192.0,440.0,187.0
0.0,1293.0,618.0,640.0,627.0,618.0,618.0,448.0,192.0,432.0,186.0
0.0,1302.0,637.0,639.0,618.0,634.0,634.0,447.0,192.0,446.0,191.0
0.0,1283.0,590.0,637.0,634.0,584.0,584.0,446.0,191.0,412.0,178.0
0.0,1327.0,722.0,640.0,584.0,731.0,731.0,448.0,192.0,507.0,215.0
0.0,1189.0,667.0,640.0,731.0,667.0,667.0,448.0,192.0,465.0,202.0
0.0,1253.0,696.0,642.0,667.0,702.0,702.0,449.0,193.0,488.0,208.0
0.0,1224.0,639.0,641.0,702.0,636.0,636.0,449.0,192.0,446.0,193.0
0.0,1287.0,650.0,640.0,636.0,647.0,647.0,448.0,192.0,455.0,195.0
0.0,1273.0,676.0,641.0,647.0,679.0,679.0,449.0,192.0,474.0,202.0
0.0,1244.0,640.0,643.0,679.0,646.0,646.0,450.0,193.0,449.0,191.0
0.0,1283.0,664.0,643.0,646.0,664.0,664.0,450.0,193.0,465.0,199.0
0.0,1265.0,708.0,646.0,664.0,717.0,717.0,452.0,194.0,495.0,213.0
0.0,1221.0,729.0,647.0,717.0,732.0,732.0,453.0,194.0,509.0,220.0
0.0,1209.0,565.0,644.0,732.0,556.0,556.0,451.0,193.0,396.0,169.0
0.0,1376.0,634.0,644.0,556.0,634.0,634.0,451.0,193.0,444.0,190.0
0.0,1298.0,586.0,643.0,634.0,583.0,583.0,450.0,193.0,411.0,175.0
0.0,1346.0,725.0,646.0,583.0,734.0,734.0,452.0,194.0,506.0,219.0
0.0,1204.0,679.0,647.0,734.0,682.0,682.0,453.0,194.0,475.0,204.0
0.0,1259.0,702.0,650.0,682.0,711.0,711.0,455.0,195.0,492.0,210.0
0.0,1239.0,681.0,650.0,711.0,681.0,681.0,455.0,195.0,477.0,204.0
0.0,1269.0,607.0,648.0,681.0,601.0,601.0,454.0,194.0,424.0,183.0
0.0,1343.0,610.0,647.0,601.0,607.0,607.0,453.0,194.0,427.0,183.0
0.0,1334.0,647.0,646.0,607.0,644.0,644.0,452.0,194.0,454.0,193.0
0.0,1294.0,666.0,647.0,644.0,669.0,669.0,453.0,194.0,465.0,201.0
0.0,1272.0,697.0,649.0,669.0,703.0,703.0,454.0,195.0,489.0,208.0
0.0,1244.0,742.0,651.0,703.0,748.0,748.0,456.0,195.0,519.0,223.0
0.0,1205.0,716.0,654.0,748.0,725.0,725.0,458.0,196.0,501.0,215.0
0.0,1237.0,709.0,654.0,725.0,709.0,709.0,458.0,196.0,496.0,213.0
0.0,1253.0,590.0,653.0,709.0,587.0,587.0,457.0,196.0,414.0,176.0
0.0,1372.0,607.0,652.0,587.0,604.0,604.0,456.0,196.0,424.0,183.0
0.0,1352.0,667.0,652.0,604.0,667.0,667.0,456.0,196.0,467.0,200.0
0.0,1289.0,713.0,654.0,667.0,719.0,719.0,458.0,196.0,499.0,214.0
0.0,1243.0,725.0,657.0,719.0,734.0,734.0,460.0,197.0,507.0,218.0
0.0,1237.0,611.0,657.0,734.0,611.0,611.0,460.0,197.0,429.0,182.0
0.0,1360.0,712.0,659.0,611.0,718.0,718.0,461.0,198.0,498.0,214.0
0.0,1259.0,693.0,660.0,718.0,696.0,696.0,462.0,198.0,484.0,209.0
0.0,1284.0,584.0,659.0,696.0,581.0,581.0,461.0,198.0,410.0,174.0
0.0,1396.0,631.0,659.0,581.0,631.0,631.0,461.0,198.0,442.0,189.0
0.0,1346.0,712.0,661.0,631.0,718.0,718.0,463.0,198.0,498.0,214.0
0.0,1265.0,674.0,663.0,718.0,680.0,680.0,464.0,199.0,473.0,201.0
0.0,1309.0,719.0,664.0,680.0,722.0,722.0,465.0,199.0,502.0,217.0
0.0,1270.0,637.0,664.0,722.0,637.0,637.0,465.0,199.0,445.0,192.0
0.0,1355.0,726.0,665.0,637.0,729.0,729.0,465.0,200.0,509.0,217.0
0.0,1266.0,604.0,663.0,729.0,598.0,598.0,464.0,199.0,424.0,180.0
0.0,1391.0,683.0,664.0,598.0,686.0,686.0,465.0,199.0,476.0,207.0
0.0,1306.0,666.0,664.0,686.0,666.0,666.0,465.0,199.0,466.0,200.0
0.0,1326.0,689.0,666.0,666.0,695.0,695.0,466.0,200.0,483.0,206.0
0.0,1303.0,700.0,667.0,695.0,703.0,703.0,467.0,200.0,491.0,209.0
0.0,1298.0,733.0,668.0,703.0,736.0,736.0,468.0,200.0,512.0,221.0
0.0,1268.0,692.0,667.0,736.0,689.0,689.0,467.0,200.0,484.0,208.0
0.0,1312.0,638.0,666.0,689.0,635.0,635.0,466.0,200.0,448.0,190.0
0.0,1363.0,739.0,668.0,635.0,745.0,745.0,468.0,200.0,517.0,222.0
0.0,1259.0,801.0,672.0,745.0,813.0,813.0,470.0,202.0,560.0,241.0
0.0,1203.0,679.0,673.0,813.0,682.0,682.0,471.0,202.0,475.0,204.0
0.0,1337.0,749.0,676.0,682.0,758.0,758.0,473.0,203.0,524.0,225.0
0.0,1270.0,571.0,673.0,758.0,562.0,562.0,471.0,202.0,401.0,170.0
0.0,1457.0,648.0,673.0,562.0,648.0,648.0,471.0,202.0,453.0,195.0
0.0,1371.0,639.0,671.0,648.0,633.0,633.0,470.0,201.0,447.0,192.0
0.0,1380.0,696.0,673.0,633.0,702.0,702.0,471.0,202.0,487.0,209.0
0.0,1317.0,734.0,674.0,702.0,737.0,737.0,472.0,202.0,513.0,221.0
0.0,1285.0,694.0,674.0,737.0,694.0,694.0,472.0,202.0,487.0,207.0
0.0,1328.0,697.0,676.0,694.0,703.0,703.0,473.0,203.0,488.0,209.0
0.0,1325.0,621.0,674.0,703.0,615.0,615.0,472.0,202.0,435.0,186.0
0.0,1407.0,620.0,673.0,615.0,617.0,617.0,471.0,202.0,435.0,185.0
0.0,1402.0,626.0,671.0,617.0,620.0,620.0,470.0,201.0,437.0,189.0
0.0,1393.0,690.0,673.0,620.0,696.0,696.0,471.0,202.0,482.0,208.0
0.0,1323.0,750.0,676.0,696.0,759.0,759.0,473.0,203.0,527.0,223.0
0.0,1269.0,742.0,679.0,759.0,751.0,751.0,475.0,204.0,519.0,223.0
0.0,1286.0,711.0,678.0,751.0,708.0,708.0,475.0,203.0,497.0,214.0
0.0,1326.0,733.0,680.0,708.0,739.0,739.0,476.0,204.0,514.0,219.0
0.0,1301.0,643.0,678.0,739.0,637.0,637.0,475.0,203.0,450.0,193.0
0.0,1397.0,660.0,677.0,637.0,657.0,657.0,474.0,203.0,461.0,199.0
0.0,1374.0,736.0,680.0,657.0,745.0,745.0,476.0,204.0,515.0,221.0
0.0,1295.0,689.0,682.0,745.0,695.0,695.0,477.0,205.0,483.0,206.0
0.0,1351.0,720.0,683.0,695.0,723.0,723.0,478.0,205.0,505.0,215.0
0.0,1326.0,707.0,684.0,723.0,710.0,710.0,479.0,205.0,493.0,214.0
0.0,1342.0,717.0,684.0,710.0,717.0,717.0,479.0,205.0,503.0,214.0
0.0,1335.0,610.0,682.0,717.0,604.0,604.0,477.0,205.0,427.0,183.0
0.0,1442.0,641.0,680.0,604.0,635.0,635.0,476.0,204.0,448.0,193.0
0.0,1405.0,655.0,680.0,635.0,655.0,655.0,476.0,204.0,461.0,194.0
0.0,1385.0,785.0,683.0,655.0,794.0,794.0,478.0,205.0,549.0,236.0
0.0,1255.0,709.0,686.0,794.0,718.0,718.0,480.0,206.0,495.0,214.0
0.0,1340.0,700.0,686.0,718.0,700.0,700.0,480.0,206.0,491.0,209.0
0.0,1358.0,667.0,684.0,700.0,661.0,661.0,479.0,205.0,466.0,201.0
0.0,1391.0,696.0,684.0,661.0,696.0,696.0,479.0,205.0,487.0,209.0
0.0,1356.0,723.0,686.0,696.0,729.0,729.0,480.0,206.0,507.0,216.0
0.0,1329.0,739.0,687.0,729.0,742.0,742.0,481.0,206.0,516.0,223.0
0.0,1319.0,746.0,688.0,742.0,749.0,749.0,482.0,206.0,522.0,224.0
0.0,1315.0,749.0,691.0,749.0,758.0,758.0,484.0,207.0,524.0,225.0
0.0,1315.0,752.0,693.0,758.0,758.0,758.0,485.0,208.0,528.0,224.0
0.0,1321.0,707.0,693.0,758.0,707.0,707.0,485.0,208.0,495.0,212.0
0.0,1372.0,686.0,693.0,707.0,686.0,686.0,485.0,208.0,478.0,208.0
0.0,1393.0,685.0,693.0,686.0,685.0,685.0,485.0,208.0,482.0,203.0
0.0,1394.0,683.0,694.0,685.0,686.0,686.0,486.0,208.0,476.0,207.0
0.0,1396.0,704.0,693.0,686.0,701.0,701.0,485.0,208.0,493.0,211.0
0.0,1378.0,780.0,697.0,701.0,792.0,792.0,488.0,209.0,548.0,232.0
0.0,1299.0,713.0,697.0,792.0,713.0,713.0,488.0,209.0,498.0,215.0
0.0,1378.0,624.0,697.0,713.0,624.0,624.0,488.0,209.0,438.0,186.0
0.0,1467.0,673.0,696.0,624.0,670.0,670.0,487.0,209.0,471.0,202.0
0.0,1418.0,717.0,697.0,670.0,720.0,720.0,488.0,209.0,502.0,215.0
0.0,1371.0,720.0,696.0,720.0,717.0,717.0,487.0,209.0,504.0,216.0
0.0,1371.0,813.0,699.0,717.0,822.0,822.0,489.0,210.0,569.0,244.0
0.0,1275.0,798.0,701.0,822.0,804.0,804.0,491.0,210.0,558.0,240.0
0.0,1299.0,748.0,702.0,804.0,751.0,751.0,491.0,211.0,524.0,224.0
0.0,1355.0,667.0,700.0,751.0,661.0,661.0,490.0,210.0,467.0,200.0
0.0,1439.0,667.0,699.0,661.0,664.0,664.0,489.0,210.0,467.0,200.0
0.0,1433.0,634.0,697.0,664.0,628.0,628.0,488.0,209.0,443.0,191.0
0.0,1463.0,727.0,700.0,628.0,736.0,736.0,490.0,210.0,511.0,216.0
0.0,1364.0,714.0,701.0,736.0,717.0,717.0,491.0,210.0,499.0,215.0
0.0,1386.0,830.0,704.0,717.0,839.0,839.0,493.0,211.0,581.0,249.0
0.0,1273.0,717.0,706.0,839.0,723.0,723.0,494.0,212.0,502.0,215.0
0.0,1395.0,749.0,706.0,723.0,749.0,749.0,494.0,212.0,525.0,224.0
0.0,1369.0,650.0,704.0,749.0,644.0,644.0,493.0,211.0,454.0,196.0
0.0,1468.0,697.0,704.0,644.0,697.0,697.0,493.0,211.0,488.0,209.0
0.0,1415.0,697.0,706.0,697.0,703.0,703.0,494.0,212.0,489.0,208.0
0.0,1415.0,758.0,709.0,703.0,767.0,767.0,496.0,213.0,530.0,228.0
0.0,1360.0,781.0,711.0,767.0,787.0,787.0,498.0,213.0,546.0,235.0
0.0,1346.0,763.0,713.0,787.0,769.0,769.0,499.0,214.0,535.0,228.0
0.0,1370.0,710.0,713.0,769.0,710.0,710.0,499.0,214.0,496.0,214.0
0.0,1429.0,687.0,711.0,710.0,681.0,681.0,498.0,213.0,481.0,206.0
0.0,1452.0,733.0,711.0,681.0,733.0,733.0,498.0,213.0,513.0,220.0
0.0,1400.0,700.0,711.0,733.0,700.0,700.0,498.0,213.0,489.0,211.0
0.0,1433.0,700.0,713.0,700.0,706.0,706.0,499.0,214.0,491.0,209.0
0.0,1433.0,776.0,714.0,706.0,779.0,779.0,500.0,214.0,543.0,233.0
0.0,1363.0,734.0,714.0,779.0,734.0,734.0,500.0,214.0,514.0,220.0
0.0,1408.0,729.0,716.0,734.0,735.0,735.0,501.0,215.0,510.0,219.0
0.0,1413.0,691.0,714.0,735.0,685.0,685.0,500.0,214.0,484.0,207.0
0.0,1457.0,679.0,714.0,685.0,679.0,679.0,500.0,214.0,475.0,204.0
0.0,1463.0,802.0,716.0,679.0,808.0,808.0,501.0,215.0,562.0,240.0
0.0,1340.0,782.0,719.0,808.0,791.0,791.0,503.0,216.0,547.0,235.0
0.0,1366.0,769.0,721.0,791.0,775.0,775.0,505.0,216.0,537.0,232.0
0.0,1388.0,794.0,724.0,775.0,803.0,803.0,507.0,217.0,558.0,236.0
0.0,1369.0,774.0,724.0,803.0,774.0,774.0,507.0,217.0,542.0,232.0
0.0,1398.0,663.0,723.0,774.0,660.0,660.0,506.0,217.0,464.0,199.0
0.0,1509.0,710.0,723.0,660.0,710.0,710.0,506.0,217.0,497.0,213.0
0.0,1459.0,732.0,724.0,710.0,735.0,735.0,507.0,217.0,511.0,221.0
0.0,1437.0,720.0,724.0,735.0,720.0,720.0,507.0,217.0,504.0,216.0
0.0,1452.0,703.0,724.0,720.0,703.0,703.0,507.0,217.0,492.0,211.0
0.0,1469.0,790.0,726.0,703.0,796.0,796.0,508.0,218.0,553.0,237.0
0.0,1382.0,726.0,726.0,796.0,726.0,726.0,508.0,218.0,508.0,218.0
0.0,1452.0,761.0,726.0,726.0,761.0,761.0,508.0,218.0,533.0,228.0
0.0,1417.0,710.0,724.0,761.0,704.0,704.0,507.0,217.0,497.0,213.0
0.0,1468.0,759.0,726.0,704.0,765.0,765.0,508.0,218.0,532.0,227.0
0.0,1413.0,737.0,727.0,765.0,740.0,740.0,509.0,218.0,516.0,221.0
0.0,1441.0,832.0,730.0,740.0,841.0,841.0,511.0,219.0,582.0,250.0
0.0,1349.0,783.0,731.0,841.0,786.0,786.0,512.0,219.0,547.0,236.0
0.0,1407.0,756.0,733.0,786.0,762.0,762.0,513.0,220.0,530.0,226.0
0.0,1437.0,718.0,731.0,762.0,712.0,712.0,512.0,219.0,502.0,216.0
0.0,1481.0,786.0,733.0,712.0,792.0,792.0,513.0,220.0,551.0,235.0
0.0,1407.0,730.0,734.0,792.0,733.0,733.0,514.0,220.0,511.0,219.0
0.0,1469.0,829.0,737.0,733.0,838.0,838.0,516.0,221.0,580.0,249.0
0.0,1373.0,737.0,738.0,838.0,740.0,740.0,517.0,221.0,516.0,221.0
0.0,1474.0,744.0,739.0,740.0,747.0,747.0,517.0,222.0,521.0,223.0
0.0,1470.0,740.0,737.0,747.0,734.0,734.0,516.0,221.0,519.0,221.0
0.0,1477.0,746.0,736.0,734.0,743.0,743.0,515.0,221.0,522.0,224.0
0.0,1465.0,809.0,737.0,743.0,812.0,812.0,516.0,221.0,565.0,244.0
0.0,1399.0,717.0,738.0,812.0,720.0,720.0,517.0,221.0,502.0,215.0
0.0,1494.0,765.0,740.0,720.0,771.0,771.0,518.0,222.0,536.0,229.0
0.0,1449.0,822.0,744.0,771.0,834.0,834.0,521.0,223.0,576.0,246.0
0.0,1398.0,763.0,744.0,834.0,763.0,763.0,521.0,223.0,532.0,231.0
0.0,1469.0,726.0,744.0,763.0,726.0,726.0,521.0,223.0,508.0,218.0
0.0,1506.0,753.0,743.0,726.0,750.0,750.0,520.0,223.0,529.0,224.0
0.0,1479.0,777.0,744.0,750.0,780.0,780.0,521.0,223.0,542.0,235.0
0.0,1452.0,794.0,746.0,780.0,800.0,800.0,522.0,224.0,557.0,237.0
0.0,1438.0,723.0,747.0,800.0,726.0,726.0,523.0,224.0,507.0,216.0
0.0,1515.0,793.0,749.0,726.0,799.0,799.0,524.0,225.0,554.0,239.0
0.0,1448.0,786.0,750.0,799.0,789.0,789.0,525.0,225.0,551.0,235.0
0.0,1461.0,739.0,750.0,789.0,739.0,739.0,525.0,225.0,517.0,222.0
0.0,1511.0,772.0,750.0,739.0,772.0,772.0,525.0,225.0,540.0,232.0
0.0,1478.0,740.0,749.0,772.0,737.0,737.0,524.0,225.0,518.0,222.0
0.0,1510.0,746.0,750.0,737.0,749.0,749.0,525.0,225.0,522.0,224.0
0.0,1501.0,740.0,751.0,749.0,743.0,743.0,526.0,225.0,517.0,223.0
0.0,1510.0,754.0,751.0,743.0,754.0,754.0,526.0,225.0,528.0,226.0
0.0,1499.0,793.0,753.0,754.0,799.0,799.0,527.0,226.0,556.0,237.0
0.0,1460.0,716.0,753.0,799.0,716.0,716.0,527.0,226.0,502.0,214.0
0.0,1543.0,763.0,753.0,716.0,763.0,763.0,527.0,226.0,534.0,229.0
0.0,1496.0,710.0,753.0,763.0,710.0,710.0,527.0,226.0,496.0,214.0
0.0,1549.0,833.0,754.0,710.0,836.0,836.0,528.0,226.0,583.0,250.0
0.0,1426.0,771.0,756.0,836.0,777.0,777.0,529.0,227.0,541.0,230.0
0.0,1491.0,779.0,758.0,777.0,785.0,785.0,531.0,227.0,544.0,235.0
0.0,1489.0,744.0,757.0,785.0,741.0,741.0,530.0,227.0,522.0,222.0
0.0,1530.0,703.0,756.0,741.0,700.0,700.0,529.0,227.0,491.0,212.0
0.0,1568.0,729.0,754.0,700.0,723.0,723.0,528.0,226.0,510.0,219.0
0.0,1539.0,708.0,753.0,723.0,705.0,705.0,527.0,226.0,497.0,211.0
0.0,1554.0,721.0,752.0,705.0,718.0,718.0,526.0,226.0,504.0,217.0
0.0,1538.0,779.0,754.0,718.0,785.0,785.0,528.0,226.0,545.0,234.0
0.0,1477.0,847.0,757.0,785.0,856.0,856.0,530.0,227.0,594.0,253.0
0.0,1415.0,792.0,758.0,856.0,795.0,795.0,531.0,227.0,553.0,239.0
0.0,1479.0,698.0,757.0,795.0,695.0,695.0,530.0,227.0,489.0,209.0
0.0,1576.0,779.0,759.0,695.0,785.0,785.0,531.0,228.0,546.0,233.0
0.0,1492.0,760.0,759.0,785.0,760.0,760.0,531.0,228.0,532.0,228.0
0.0,1517.0,771.0,760.0,760.0,774.0,774.0,532.0,228.0,540.0,231.0
0.0,1506.0,767.0,760.0,774.0,767.0,767.0,532.0,228.0,537.0,230.0
0.0,1513.0,805.0,761.0,767.0,808.0,808.0,533.0,228.0,562.0,243.0
0.0,1475.0,786.0,762.0,808.0,789.0,789.0,533.0,229.0,551.0,235.0
0.0,1497.0,780.0,763.0,789.0,783.0,783.0,534.0,229.0,546.0,234.0
0.0,1506.0,654.0,759.0,783.0,642.0,642.0,531.0,228.0,458.0,196.0
0.0,1635.0,872.0,761.0,642.0,878.0,878.0,533.0,228.0,609.0,263.0
0.0,1405.0,770.0,761.0,878.0,770.0,770.0,533.0,228.0,540.0,230.0
0.0,1513.0,837.0,763.0,770.0,843.0,843.0,534.0,229.0,587.0,250.0
0.0,1446.0,866.0,765.0,843.0,872.0,872.0,535.0,230.0,605.0,261.0
0.0,1423.0,711.0,764.0,872.0,708.0,708.0,535.0,229.0,498.0,213.0
0.0,1584.0,751.0,763.0,708.0,748.0,748.0,534.0,229.0,527.0,224.0
0.0,1541.0,769.0,764.0,748.0,772.0,772.0,535.0,229.0,537.0,232.0
0.0,1520.0,738.0,763.0,772.0,735.0,735.0,534.0,229.0,516.0,222.0
0.0,1554.0,733.0,763.0,735.0,733.0,733.0,534.0,229.0,513.0,220.0
0.0,1556.0,749.0,763.0,733.0,749.0,749.0,534.0,229.0,524.0,225.0
0.0,1540.0,800.0,763.0,749.0,800.0,800.0,534.0,229.0,560.0,240.0
0.0,1489.0,847.0,766.0,800.0,856.0,856.0,536.0,230.0,595.0,252.0
0.0,1442.0,714.0,764.0,856.0,708.0,708.0,535.0,229.0,499.0,215.0
0.0,1584.0,746.0,763.0,708.0,743.0,743.0,534.0,229.0,522.0,224.0
0.0,1546.0,762.0,763.0,743.0,762.0,762.0,534.0,229.0,533.0,229.0
0.0,1527.0,757.0,764.0,762.0,760.0,760.0,535.0,229.0,530.0,227.0
0.0,1532.0,813.0,766.0,760.0,819.0,819.0,536.0,230.0,570.0,243.0
0.0,1479.0,773.0,765.0,819.0,770.0,770.0,536.0,229.0,541.0,232.0
0.0,1525.0,743.0,764.0,770.0,740.0,740.0,535.0,229.0,519.0,224.0
0.0,1552.0,838.0,766.0,740.0,844.0,844.0,536.0,230.0,586.0,252.0
0.0,1454.0,803.0,767.0,844.0,806.0,806.0,537.0,230.0,562.0,241.0
0.0,1495.0,751.0,766.0,806.0,748.0,748.0,536.0,230.0,527.0,224.0
0.0,1550.0,817.0,767.0,748.0,820.0,820.0,537.0,230.0,571.0,246.0
0.0,1481.0,839.0,769.0,820.0,845.0,845.0,538.0,231.0,588.0,251.0
0.0,1462.0,856.0,771.0,845.0,862.0,862.0,540.0,231.0,599.0,257.0
0.0,1451.0,856.0,773.0,862.0,862.0,862.0,541.0,232.0,600.0,256.0
0.0,1457.0,767.0,773.0,862.0,767.0,767.0,541.0,232.0,535.0,232.0
0.0,1552.0,806.0,774.0,767.0,809.0,809.0,542.0,232.0,565.0,241.0
0.0,1513.0,813.0,774.0,809.0,813.0,813.0,542.0,232.0,569.0,244.0
0.0,1509.0,753.0,776.0,813.0,759.0,759.0,543.0,233.0,528.0,225.0
0.0,1569.0,848.0,777.0,759.0,851.0,851.0,544.0,233.0,592.0,256.0
0.0,1480.0,890.0,780.0,851.0,899.0,899.0,546.0,234.0,623.0,267.0
0.0,1441.0,802.0,780.0,899.0,802.0,802.0,546.0,234.0,561.0,241.0
0.0,1538.0,817.0,781.0,802.0,820.0,820.0,547.0,234.0,573.0,244.0
0.0,1523.0,797.0,781.0,820.0,797.0,797.0,547.0,234.0,558.0,239.0
0.0,1546.0,747.0,781.0,797.0,747.0,747.0,547.0,234.0,523.0,224.0
0.0,1596.0,866.0,784.0,747.0,875.0,875.0,549.0,235.0,606.0,260.0
0.0,1477.0,726.0,784.0,875.0,726.0,726.0,549.0,235.0,508.0,218.0
0.0,1626.0,832.0,787.0,726.0,841.0,841.0,551.0,236.0,583.0,249.0
0.0,1520.0,870.0,790.0,841.0,879.0,879.0,553.0,237.0,609.0,261.0
0.0,1491.0,734.0,789.0,879.0,731.0,731.0,552.0,237.0,514.0,220.0
0.0,1636.0,751.0,787.0,731.0,745.0,745.0,551.0,236.0,525.0,226.0
0.0,1616.0,768.0,787.0,745.0,768.0,768.0,551.0,236.0,539.0,229.0
0.0,1593.0,768.0,787.0,768.0,768.0,768.0,551.0,236.0,536.0,232.0
0.0,1593.0,867.0,790.0,768.0,876.0,876.0,553.0,237.0,608.0,259.0
0.0,1494.0,818.0,790.0,876.0,818.0,818.0,553.0,237.0,571.0,247.0
0.0,1552.0,806.0,791.0,818.0,809.0,809.0,554.0,237.0,565.0,241.0
0.0,1564.0,870.0,793.0,809.0,876.0,876.0,555.0,238.0,610.0,260.0
0.0,1503.0,746.0,793.0,876.0,746.0,746.0,555.0,238.0,521.0,225.0
0.0,1633.0,757.0,792.0,746.0,754.0,754.0,554.0,238.0,530.0,227.0
0.0,1622.0,823.0,793.0,754.0,826.0,826.0,555.0,238.0,576.0,247.0
0.0,1553.0,940.0,798.0,826.0,955.0,955.0,559.0,239.0,657.0,283.0
0.0,1439.0,839.0,797.0,955.0,836.0,836.0,558.0,239.0,587.0,252.0
0.0,1555.0,853.0,799.0,836.0,859.0,859.0,559.0,240.0,598.0,255.0
0.0,1538.0,808.0,799.0,859.0,808.0,808.0,559.0,240.0,565.0,243.0
0.0,1589.0,796.0,797.0,808.0,790.0,790.0,558.0,239.0,557.0,239.0
0.0,1601.0,809.0,799.0,790.0,815.0,815.0,559.0,240.0,567.0,242.0
0.0,1582.0,836.0,800.0,815.0,839.0,839.0,560.0,240.0,584.0,252.0
0.0,1561.0,850.0,802.0,839.0,856.0,856.0,561.0,241.0,596.0,254.0
0.0,1550.0,819.0,804.0,856.0,825.0,825.0,563.0,241.0,574.0,245.0
0.0,1587.0,862.0,806.0,825.0,868.0,868.0,564.0,242.0,603.0,259.0
0.0,1550.0,734.0,806.0,868.0,734.0,734.0,564.0,242.0,513.0,221.0
0.0,1684.0,791.0,806.0,734.0,791.0,791.0,564.0,242.0,554.0,237.0
0.0,1627.0,794.0,804.0,791.0,788.0,788.0,563.0,241.0,556.0,238.0
0.0,1624.0,803.0,806.0,788.0,809.0,809.0,564.0,242.0,563.0,240.0
0.0,1609.0,892.0,809.0,809.0,901.0,901.0,566.0,243.0,624.0,268.0
0.0,1526.0,855.0,811.0,901.0,861.0,861.0,568.0,243.0,597.0,258.0
0.0,1572.0,826.0,813.0,861.0,832.0,832.0,569.0,244.0,579.0,247.0
0.0,1607.0,839.0,813.0,832.0,839.0,839.0,569.0,244.0,587.0,252.0
0.0,1600.0,776.0,813.0,839.0,776.0,776.0,569.0,244.0,543.0,233.0
0.0,1663.0,787.0,814.0,776.0,790.0,790.0,570.0,244.0,552.0,235.0
0.0,1652.0,770.0,813.0,790.0,767.0,767.0,569.0,244.0,538.0,232.0
0.0,1672.0,859.0,813.0,767.0,859.0,859.0,569.0,244.0,602.0,257.0
0.0,1580.0,875.0,816.0,859.0,884.0,884.0,571.0,245.0,611.0,264.0
0.0,1564.0,857.0,817.0,884.0,860.0,860.0,572.0,245.0,601.0,256.0
0.0,1591.0,811.0,816.0,860.0,808.0,808.0,571.0,245.0,567.0,244.0
0.0,1640.0,807.0,816.0,808.0,807.0,807.0,571.0,245.0,565.0,242.0
0.0,1641.0,768.0,813.0,807.0,759.0,759.0,569.0,244.0,539.0,229.0
0.0,1680.0,849.0,815.0,759.0,855.0,855.0,570.0,245.0,593.0,256.0
0.0,1590.0,847.0,816.0,855.0,850.0,850.0,571.0,245.0,593.0,254.0
0.0,1598.0,879.0,817.0,850.0,882.0,882.0,572.0,245.0,616.0,263.0
0.0,1569.0,839.0,819.0,882.0,845.0,845.0,573.0,246.0,586.0,253.0
0.0,1612.0,891.0,820.0,845.0,894.0,894.0,574.0,246.0,625.0,266.0
0.0,1566.0,830.0,819.0,894.0,827.0,827.0,573.0,246.0,580.0,250.0
0.0,1630.0,770.0,817.0,827.0,764.0,764.0,572.0,245.0,539.0,231.0
0.0,1687.0,854.0,819.0,764.0,860.0,860.0,573.0,246.0,598.0,256.0
0.0,1597.0,844.0,820.0,860.0,847.0,847.0,574.0,246.0,592.0,252.0
0.0,1613.0,892.0,823.0,847.0,901.0,901.0,576.0,247.0,624.0,268.0
0.0,1568.0,847.0,822.0,901.0,844.0,844.0,575.0,247.0,593.0,254.0
0.0,1622.0,791.0,823.0,844.0,794.0,794.0,576.0,247.0,555.0,236.0
0.0,1675.0,839.0,823.0,794.0,839.0,839.0,576.0,247.0,587.0,252.0
0.0,1630.0,773.0,821.0,839.0,767.0,767.0,575.0,246.0,540.0,233.0
0.0,1696.0,776.0,822.0,767.0,779.0,779.0,575.0,247.0,543.0,233.0
0.0,1687.0,893.0,824.0,779.0,899.0,899.0,577.0,247.0,625.0,268.0
0.0,1573.0,923.0,827.0,899.0,932.0,932.0,579.0,248.0,646.0,277.0
0.0,1549.0,850.0,830.0,932.0,859.0,859.0,581.0,249.0,596.0,254.0
0.0,1631.0,870.0,830.0,859.0,870.0,870.0,581.0,249.0,609.0,261.0
0.0,1620.0,803.0,829.0,870.0,800.0,800.0,580.0,249.0,562.0,241.0
0.0,1687.0,847.0,830.0,800.0,850.0,850.0,581.0,249.0,593.0,254.0
0.0,1640.0,859.0,830.0,850.0,859.0,859.0,581.0,249.0,601.0,258.0
0.0,1631.0,832.0,831.0,859.0,835.0,835.0,582.0,249.0,581.0,251.0
0.0,1658.0,928.0,834.0,835.0,937.0,937.0,584.0,250.0,650.0,278.0
0.0,1565.0,857.0,836.0,937.0,863.0,863.0,585.0,251.0,600.0,257.0
0.0,1645.0,831.0,833.0,863.0,822.0,822.0,583.0,250.0,583.0,248.0
0.0,1677.0,912.0,834.0,822.0,915.0,915.0,584.0,250.0,637.0,275.0
0.0,1587.0,853.0,834.0,915.0,853.0,853.0,584.0,250.0,597.0,256.0
0.0,1649.0,823.0,834.0,853.0,823.0,823.0,584.0,250.0,576.0,247.0
0.0,1679.0,820.0,836.0,823.0,826.0,826.0,585.0,251.0,574.0,246.0
0.0,1682.0,986.0,839.0,826.0,995.0,995.0,587.0,252.0,691.0,295.0
0.0,1522.0,879.0,840.0,995.0,882.0,882.0,588.0,252.0,615.0,264.0
0.0,1638.0,830.0,839.0,882.0,827.0,827.0,587.0,252.0,581.0,249.0
0.0,1690.0,801.0,839.0,827.0,801.0,801.0,587.0,252.0,561.0,240.0
0.0,1716.0,860.0,839.0,801.0,860.0,860.0,587.0,252.0,602.0,258.0
0.0,1657.0,838.0,841.0,860.0,844.0,844.0,589.0,252.0,585.0,253.0
0.0,1679.0,882.0,843.0,844.0,888.0,888.0,590.0,253.0,618.0,264.0
0.0,1641.0,898.0,844.0,888.0,901.0,901.0,591.0,253.0,628.0,270.0
0.0,1631.0,841.0,846.0,901.0,847.0,847.0,592.0,254.0,589.0,252.0
0.0,1691.0,791.0,843.0,847.0,782.0,782.0,590.0,253.0,555.0,236.0
0.0,1747.0,866.0,844.0,782.0,869.0,869.0,591.0,253.0,604.0,262.0
0.0,1663.0,813.0,843.0,869.0,810.0,810.0,590.0,253.0,571.0,242.0
0.0,1719.0,870.0,844.0,810.0,873.0,873.0,591.0,253.0,607.0,263.0
0.0,1659.0,933.0,847.0,873.0,942.0,942.0,593.0,254.0,653.0,280.0
0.0,1599.0,995.0,851.0,942.0,1007.0,1007.0,596.0,255.0,697.0,298.0
0.0,1546.0,873.0,853.0,1007.0,879.0,879.0,597.0,256.0,612.0,261.0
0.0,1680.0,873.0,853.0,879.0,873.0,873.0,597.0,256.0,612.0,261.0
0.0,1686.0,790.0,851.0,873.0,784.0,784.0,596.0,255.0,552.0,238.0
0.0,1769.0,864.0,852.0,784.0,867.0,867.0,596.0,256.0,605.0,259.0
0.0,1689.0,860.0,853.0,867.0,863.0,863.0,597.0,256.0,602.0,258.0
0.0,1696.0,847.0,853.0,863.0,847.0,847.0,597.0,256.0,594.0,253.0
0.0,1712.0,969.0,857.0,847.0,981.0,981.0,600.0,257.0,678.0,291.0
0.0,1590.0,846.0,857.0,981.0,846.0,846.0,600.0,257.0,592.0,254.0
0.0,1725.0,886.0,858.0,846.0,889.0,889.0,601.0,257.0,619.0,267.0
0.0,1685.0,807.0,857.0,889.0,804.0,804.0,600.0,257.0,566.0,241.0
0.0,1767.0,879.0,857.0,804.0,879.0,879.0,600.0,257.0,614.0,265.0
0.0,1692.0,852.0,857.0,879.0,852.0,852.0,600.0,257.0,598.0,254.0
0.0,1719.0,844.0,857.0,852.0,844.0,844.0,600.0,257.0,591.0,253.0
0.0,1727.0,886.0,859.0,844.0,892.0,892.0,601.0,258.0,620.0,266.0
0.0,1685.0,902.0,860.0,892.0,905.0,905.0,602.0,258.0,631.0,271.0
0.0,1675.0,847.0,860.0,905.0,847.0,847.0,602.0,258.0,593.0,254.0
0.0,1733.0,786.0,858.0,847.0,780.0,780.0,601.0,257.0,549.0,237.0
0.0,1794.0,848.0,858.0,780.0,848.0,848.0,601.0,257.0,594.0,254.0
0.0,1726.0,835.0,859.0,848.0,838.0,838.0,601.0,258.0,585.0,250.0
0.0,1739.0,953.0,861.0,838.0,959.0,959.0,603.0,258.0,666.0,287.0
0.0,1624.0,847.0,863.0,959.0,853.0,853.0,604.0,259.0,594.0,253.0
0.0,1736.0,964.0,866.0,853.0,973.0,973.0,606.0,260.0,675.0,289.0
0.0,1625.0,791.0,864.0,973.0,785.0,785.0,605.0,259.0,552.0,239.0
0.0,1807.0,838.0,863.0,785.0,835.0,835.0,604.0,259.0,588.0,250.0
0.0,1754.0,788.0,861.0,835.0,782.0,782.0,603.0,258.0,552.0,236.0
0.0,1801.0,899.0,862.0,782.0,902.0,902.0,603.0,259.0,629.0,270.0
0.0,1684.0,903.0,864.0,902.0,909.0,909.0,605.0,259.0,631.0,272.0
0.0,1683.0,990.0,867.0,909.0,999.0,999.0,607.0,260.0,695.0,295.0
0.0,1602.0,867.0,867.0,999.0,867.0,867.0,607.0,260.0,607.0,260.0
0.0,1734.0,882.0,867.0,867.0,882.0,882.0,607.0,260.0,616.0,266.0
0.0,1719.0,841.0,866.0,882.0,838.0,838.0,606.0,260.0,590.0,251.0
0.0,1760.0,843.0,866.0,838.0,843.0,843.0,606.0,260.0,590.0,253.0
0.0,1755.0,899.0,867.0,843.0,902.0,902.0,607.0,260.0,628.0,271.0
0.0,1699.0,943.0,867.0,902.0,943.0,943.0,607.0,260.0,660.0,283.0
0.0,1658.0,896.0,869.0,943.0,902.0,902.0,608.0,261.0,628.0,268.0
0.0,1705.0,953.0,871.0,902.0,959.0,959.0,610.0,261.0,666.0,287.0
0.0,1654.0,826.0,871.0,959.0,826.0,826.0,610.0,261.0,578.0,248.0
0.0,1787.0,891.0,870.0,826.0,888.0,888.0,609.0,261.0,625.0,266.0
0.0,1722.0,873.0,869.0,888.0,870.0,870.0,608.0,261.0,611.0,262.0
0.0,1737.0,883.0,870.0,870.0,886.0,886.0,609.0,261.0,617.0,266.0
0.0,1724.0,972.0,873.0,886.0,981.0,981.0,611.0,262.0,682.0,290.0
0.0,1638.0,905.0,874.0,981.0,908.0,908.0,612.0,262.0,632.0,273.0
0.0,1714.0,888.0,876.0,908.0,894.0,894.0,613.0,263.0,622.0,266.0
0.0,1734.0,843.0,874.0,894.0,837.0,837.0,612.0,262.0,590.0,253.0
0.0,1785.0,821.0,873.0,837.0,818.0,818.0,611.0,262.0,576.0,245.0
0.0,1801.0,882.0,874.0,818.0,885.0,885.0,612.0,262.0,616.0,266.0
0.0,1737.0,902.0,876.0,885.0,908.0,908.0,613.0,263.0,632.0,270.0
0.0,1720.0,930.0,877.0,908.0,933.0,933.0,614.0,263.0,650.0,280.0
0.0,1698.0,941.0,880.0,933.0,950.0,950.0,616.0,264.0,660.0,281.0
0.0,1690.0,899.0,880.0,950.0,899.0,899.0,616.0,264.0,630.0,269.0
0.0,1741.0,830.0,878.0,899.0,824.0,824.0,615.0,263.0,580.0,250.0
0.0,1810.0,882.0,876.0,824.0,876.0,876.0,613.0,263.0,618.0,264.0
0.0,1752.0,884.0,876.0,876.0,884.0,884.0,613.0,263.0,619.0,265.0
0.0,1744.0,864.0,876.0,884.0,864.0,864.0,613.0,263.0,605.0,259.0
0.0,1764.0,936.0,879.0,864.0,945.0,945.0,615.0,264.0,655.0,281.0
0.0,1692.0,993.0,881.0,945.0,999.0,999.0,617.0,264.0,695.0,298.0
0.0,1644.0,860.0,881.0,999.0,860.0,860.0,617.0,264.0,602.0,258.0
0.0,1783.0,881.0,882.0,860.0,884.0,884.0,617.0,265.0,617.0,264.0
0.0,1762.0,858.0,880.0,884.0,852.0,852.0,616.0,264.0,600.0,258.0
0.0,1788.0,827.0,880.0,852.0,827.0,827.0,616.0,264.0,581.0,246.0
0.0,1813.0,903.0,880.0,827.0,903.0,903.0,616.0,264.0,630.0,273.0
0.0,1737.0,891.0,881.0,903.0,894.0,894.0,617.0,264.0,625.0,266.0
0.0,1749.0,977.0,883.0,894.0,983.0,983.0,618.0,265.0,683.0,294.0
0.0,1666.0,910.0,884.0,983.0,913.0,913.0,619.0,265.0,638.0,272.0
0.0,1739.0,876.0,886.0,913.0,882.0,882.0,620.0,266.0,613.0,263.0
0.0,1776.0,892.0,886.0,882.0,892.0,892.0,620.0,266.0,625.0,267.0
0.0,1766.0,873.0,884.0,892.0,867.0,867.0,619.0,265.0,610.0,263.0
0.0,1785.0,913.0,886.0,867.0,919.0,919.0,620.0,266.0,640.0,273.0
0.0,1739.0,972.0,890.0,919.0,984.0,984.0,623.0,267.0,680.0,292.0
0.0,1686.0,920.0,891.0,984.0,923.0,923.0,624.0,267.0,643.0,277.0
0.0,1750.0,896.0,893.0,923.0,902.0,902.0,625.0,268.0,628.0,268.0
0.0,1777.0,856.0,890.0,902.0,847.0,847.0,623.0,267.0,598.0,258.0
0.0,1823.0,876.0,891.0,847.0,879.0,879.0,624.0,267.0,613.0,263.0
0.0,1794.0,868.0,889.0,879.0,862.0,862.0,622.0,267.0,609.0,259.0
0.0,1805.0,913.0,891.0,862.0,919.0,919.0,624.0,267.0,639.0,274.0
0.0,1754.0,982.0,894.0,919.0,991.0,991.0,626.0,268.0,687.0,295.0
0.0,1691.0,880.0,896.0,991.0,886.0,886.0,627.0,269.0,617.0,263.0
0.0,1802.0,973.0,897.0,886.0,976.0,976.0,628.0,269.0,680.0,293.0
0.0,1715.0,917.0,897.0,976.0,917.0,917.0,628.0,269.0,642.0,275.0
0.0,1774.0,912.0,896.0,917.0,909.0,909.0,627.0,269.0,640.0,272.0
0.0,1779.0,864.0,896.0,909.0,864.0,864.0,627.0,269.0,605.0,259.0
0.0,1824.0,956.0,897.0,864.0,959.0,959.0,628.0,269.0,668.0,288.0
0.0,1732.0,966.0,900.0,959.0,975.0,975.0,630.0,270.0,678.0,288.0
0.0,1725.0,976.0,903.0,975.0,985.0,985.0,632.0,271.0,682.0,294.0
0.0,1724.0,1010.0,904.0,985.0,1013.0,1013.0,633.0,271.0,707.0,303.0
0.0,1699.0,939.0,904.0,1013.0,939.0,939.0,633.0,271.0,657.0,282.0
0.0,1773.0,907.0,904.0,939.0,907.0,907.0,633.0,271.0,635.0,272.0
0.0,1805.0,891.0,903.0,907.0,888.0,888.0,632.0,271.0,625.0,266.0
0.0,1821.0,902.0,905.0,888.0,908.0,908.0,634.0,271.0,630.0,272.0
0.0,1807.0,922.0,906.0,908.0,925.0,925.0,634.0,272.0,645.0,277.0
0.0,1793.0,982.0,907.0,925.0,985.0,985.0,635.0,272.0,687.0,295.0
0.0,1736.0,982.0,910.0,985.0,991.0,991.0,637.0,273.0,688.0,294.0
0.0,1739.0,918.0,909.0,991.0,915.0,915.0,636.0,273.0,643.0,275.0
0.0,1812.0,890.0,908.0,915.0,887.0,887.0,636.0,272.0,622.0,268.0
0.0,1837.0,926.0,909.0,887.0,929.0,929.0,636.0,273.0,649.0,277.0
0.0,1798.0,913.0,910.0,929.0,916.0,916.0,637.0,273.0,640.0,273.0
0.0,1814.0,949.0,913.0,916.0,958.0,958.0,639.0,274.0,663.0,286.0
0.0,1781.0,972.0,914.0,958.0,975.0,975.0,640.0,274.0,680.0,292.0
0.0,1767.0,926.0,914.0,975.0,926.0,926.0,640.0,274.0,648.0,278.0
0.0,1816.0,907.0,914.0,926.0,907.0,907.0,640.0,274.0,635.0,272.0
0.0,1835.0,874.0,913.0,907.0,871.0,871.0,639.0,274.0,613.0,261.0
0.0,1868.0,920.0,914.0,871.0,923.0,923.0,640.0,274.0,644.0,276.0
0.0,1819.0,956.0,916.0,923.0,962.0,962.0,641.0,275.0,669.0,287.0
0.0,1786.0,966.0,917.0,962.0,969.0,969.0,642.0,275.0,675.0,291.0
0.0,1782.0,1049.0,921.0,969.0,1061.0,1061.0,645.0,276.0,736.0,313.0
0.0,1702.0,879.0,921.0,1061.0,879.0,879.0,645.0,276.0,613.0,266.0
0.0,1884.0,886.0,920.0,879.0,883.0,883.0,644.0,276.0,621.0,265.0
0.0,1877.0,900.0,919.0,883.0,897.0,897.0,643.0,276.0,629.0,271.0
0.0,1860.0,906.0,919.0,897.0,906.0,906.0,643.0,276.0,635.0,271.0
0.0,1851.0,995.0,921.0,906.0,1001.0,1001.0,645.0,276.0,695.0,300.0
0.0,1762.0,927.0,923.0,1001.0,933.0,933.0,646.0,277.0,650.0,277.0
0.0,1836.0,960.0,926.0,933.0,969.0,969.0,648.0,278.0,672.0,288.0
0.0,1809.0,934.0,926.0,969.0,934.0,934.0,648.0,278.0,654.0,280.0
0.0,1844.0,999.0,928.0,934.0,1005.0,1005.0,650.0,278.0,699.0,300.0
0.0,1779.0,880.0,926.0,1005.0,874.0,874.0,648.0,278.0,617.0,263.0
0.0,1904.0,941.0,927.0,874.0,944.0,944.0,649.0,278.0,659.0,282.0
0.0,1837.0,980.0,929.0,944.0,986.0,986.0,650.0,279.0,685.0,295.0
0.0,1801.0,976.0,930.0,986.0,979.0,979.0,651.0,279.0,684.0,292.0
0.0,1811.0,968.0,932.0,979.0,974.0,974.0,652.0,280.0,677.0,291.0
0.0,1822.0,999.0,934.0,974.0,1005.0,1005.0,654.0,280.0,700.0,299.0
0.0,1797.0,854.0,932.0,1005.0,848.0,848.0,652.0,280.0,596.0,258.0
0.0,1948.0,904.0,931.0,848.0,901.0,901.0,652.0,279.0,633.0,271.0
0.0,1892.0,908.0,931.0,901.0,908.0,908.0,652.0,279.0,636.0,272.0
0.0,1885.0,959.0,933.0,908.0,965.0,965.0,653.0,280.0,673.0,286.0
0.0,1834.0,933.0,934.0,965.0,936.0,936.0,654.0,280.0,651.0,282.0
0.0,1866.0,927.0,936.0,936.0,933.0,933.0,655.0,281.0,650.0,277.0
0.0,1875.0,942.0,936.0,933.0,942.0,942.0,655.0,281.0,660.0,282.0
0.0,1866.0,957.0,936.0,942.0,957.0,957.0,655.0,281.0,669.0,288.0
0.0,1851.0,972.0,937.0,957.0,975.0,975.0,656.0,281.0,680.0,292.0
0.0,1836.0,885.0,936.0,975.0,882.0,882.0,655.0,281.0,621.0,264.0
0.0,1926.0,966.0,937.0,882.0,969.0,969.0,656.0,281.0,676.0,290.0
0.0,1842.0,1015.0,939.0,969.0,1021.0,1021.0,657.0,282.0,709.0,306.0
0.0,1796.0,1000.0,941.0,1021.0,1006.0,1006.0,659.0,282.0,700.0,300.0
0.0,1817.0,933.0,941.0,1006.0,933.0,933.0,659.0,282.0,653.0,280.0
0.0,1890.0,957.0,940.0,933.0,954.0,954.0,658.0,282.0,670.0,287.0
0.0,1866.0,878.0,939.0,954.0,875.0,875.0,657.0,282.0,616.0,262.0
0.0,1942.0,871.0,936.0,875.0,862.0,862.0,655.0,281.0,610.0,261.0
0.0,1946.0,897.0,936.0,862.0,897.0,897.0,655.0,281.0,628.0,269.0
0.0,1911.0,973.0,937.0,897.0,976.0,976.0,656.0,281.0,681.0,292.0
0.0,1835.0,1017.0,939.0,976.0,1023.0,1023.0,657.0,282.0,712.0,305.0
0.0,1794.0,1036.0,941.0,1023.0,1042.0,1042.0,659.0,282.0,725.0,311.0
0.0,1781.0,973.0,943.0,1042.0,979.0,979.0,660.0,283.0,681.0,292.0
0.0,1850.0,893.0,941.0,979.0,887.0,887.0,659.0,282.0,624.0,269.0
0.0,1936.0,901.0,940.0,887.0,898.0,898.0,658.0,282.0,632.0,269.0
0.0,1922.0,949.0,940.0,898.0,949.0,949.0,658.0,282.0,665.0,284.0
0.0,1871.0,916.0,940.0,949.0,916.0,916.0,658.0,282.0,639.0,277.0
0.0,1904.0,1043.0,943.0,916.0,1052.0,1052.0,660.0,283.0,732.0,311.0
0.0,1777.0,969.0,944.0,1052.0,972.0,972.0,661.0,283.0,676.0,293.0
0.0,1860.0,986.0,944.0,972.0,986.0,986.0,661.0,283.0,691.0,295.0
0.0,1846.0,863.0,943.0,986.0,860.0,860.0,660.0,283.0,605.0,258.0
0.0,1969.0,934.0,943.0,860.0,934.0,934.0,660.0,283.0,654.0,280.0
0.0,1895.0,963.0,944.0,934.0,966.0,966.0,661.0,283.0,672.0,291.0
0.0,1866.0,1015.0,946.0,966.0,1021.0,1021.0,662.0,284.0,712.0,303.0
0.0,1817.0,992.0,947.0,1021.0,995.0,995.0,663.0,284.0,693.0,299.0
0.0,1846.0,993.0,949.0,995.0,999.0,999.0,664.0,285.0,696.0,297.0
0.0,1848.0,1009.0,949.0,999.0,1009.0,1009.0,664.0,285.0,706.0,303.0
0.0,1838.0,923.0,947.0,1009.0,917.0,917.0,663.0,284.0,645.0,278.0
0.0,1924.0,926.0,947.0,917.0,926.0,926.0,663.0,284.0,648.0,278.0
0.0,1915.0,921.0,949.0,926.0,927.0,927.0,664.0,285.0,646.0,275.0
0.0,1920.0,969.0,950.0,927.0,972.0,972.0,665.0,285.0,679.0,290.0
0.0,1878.0,1029.0,952.0,972.0,1035.0,1035.0,666.0,286.0,719.0,310.0
0.0,1821.0,990.0,952.0,1035.0,990.0,990.0,666.0,286.0,693.0,297.0
0.0,1866.0,924.0,952.0,990.0,924.0,924.0,666.0,286.0,647.0,277.0
0.0,1932.0,946.0,952.0,924.0,946.0,946.0,666.0,286.0,662.0,284.0
0.0,1910.0,990.0,953.0,946.0,993.0,993.0,667.0,286.0,694.0,296.0
0.0,1866.0,968.0,953.0,993.0,968.0,968.0,667.0,286.0,678.0,290.0
0.0,1891.0,1000.0,954.0,968.0,1003.0,1003.0,668.0,286.0,699.0,301.0
0.0,1859.0,1020.0,956.0,1003.0,1026.0,1026.0,669.0,287.0,715.0,305.0
0.0,1842.0,969.0,956.0,1026.0,969.0,969.0,669.0,287.0,678.0,291.0
0.0,1899.0,973.0,956.0,969.0,973.0,973.0,669.0,287.0,681.0,292.0
0.0,1895.0,930.0,954.0,973.0,924.0,924.0,668.0,286.0,651.0,279.0
0.0,1938.0,940.0,954.0,924.0,940.0,940.0,668.0,286.0,657.0,283.0
0.0,1922.0,970.0,956.0,940.0,976.0,976.0,669.0,287.0,680.0,290.0
0.0,1892.0,988.0,957.0,976.0,991.0,991.0,670.0,287.0,690.0,298.0
0.0,1880.0,1025.0,960.0,991.0,1034.0,1034.0,672.0,288.0,717.0,308.0
0.0,1846.0,959.0,960.0,1034.0,959.0,959.0,672.0,288.0,671.0,288.0
0.0,1921.0,974.0,960.0,959.0,974.0,974.0,672.0,288.0,682.0,292.0
0.0,1906.0,1002.0,963.0,974.0,1011.0,1011.0,674.0,289.0,702.0,300.0
0.0,1878.0,963.0,963.0,1011.0,963.0,963.0,674.0,289.0,675.0,288.0
0.0,1926.0,1049.0,964.0,963.0,1052.0,1052.0,675.0,289.0,733.0,316.0
0.0,1840.0,1010.0,966.0,1052.0,1016.0,1016.0,676.0,290.0,707.0,303.0
0.0,1882.0,1020.0,967.0,1016.0,1023.0,1023.0,677.0,290.0,714.0,306.0
0.0,1878.0,983.0,968.0,1023.0,986.0,986.0,678.0,290.0,688.0,295.0
0.0,1918.0,966.0,967.0,986.0,963.0,963.0,677.0,290.0,676.0,290.0
0.0,1938.0,910.0,966.0,963.0,907.0,907.0,676.0,290.0,638.0,272.0
0.0,1991.0,916.0,965.0,907.0,913.0,913.0,675.0,290.0,640.0,276.0
0.0,1982.0,927.0,964.0,913.0,924.0,924.0,675.0,289.0,649.0,278.0
0.0,1968.0,1026.0,967.0,924.0,1035.0,1035.0,677.0,290.0,718.0,308.0
0.0,1866.0,1073.0,971.0,1035.0,1085.0,1085.0,680.0,291.0,751.0,322.0
0.0,1828.0,980.0,973.0,1085.0,986.0,986.0,681.0,292.0,687.0,293.0
0.0,1933.0,974.0,973.0,986.0,974.0,974.0,681.0,292.0,682.0,292.0
0.0,1945.0,950.0,972.0,974.0,947.0,947.0,680.0,292.0,665.0,285.0
0.0,1969.0,1019.0,971.0,947.0,1016.0,1016.0,680.0,291.0,713.0,306.0
0.0,1897.0,1000.0,972.0,1016.0,1003.0,1003.0,680.0,292.0,700.0,300.0
0.0,1913.0,971.0,973.0,1003.0,974.0,974.0,681.0,292.0,681.0,290.0
0.0,1945.0,1016.0,976.0,974.0,1025.0,1025.0,683.0,293.0,710.0,306.0
0.0,1903.0,983.0,976.0,1025.0,983.0,983.0,683.0,293.0,689.0,294.0
0.0,1945.0,1052.0,979.0,983.0,1061.0,1061.0,685.0,294.0,736.0,316.0
0.0,1876.0,954.0,977.0,1061.0,948.0,948.0,684.0,293.0,666.0,288.0
0.0,1983.0,939.0,976.0,948.0,936.0,936.0,683.0,293.0,659.0,280.0
0.0,1992.0,976.0,976.0,936.0,976.0,976.0,683.0,293.0,683.0,293.0
0.0,1952.0,1005.0,979.0,976.0,1014.0,1014.0,685.0,294.0,703.0,302.0
0.0,1923.0,1050.0,981.0,1014.0,1056.0,1056.0,687.0,294.0,734.0,316.0
0.0,1887.0,1030.0,983.0,1056.0,1036.0,1036.0,688.0,295.0,722.0,308.0
0.0,1913.0,934.0,981.0,1036.0,928.0,928.0,687.0,294.0,653.0,281.0
0.0,2015.0,971.0,980.0,928.0,968.0,968.0,686.0,294.0,680.0,291.0
0.0,1972.0,935.0,980.0,968.0,935.0,935.0,686.0,294.0,656.0,279.0
0.0,2005.0,1034.0,980.0,935.0,1034.0,1034.0,686.0,294.0,725.0,309.0
0.0,1906.0,980.0,981.0,1034.0,983.0,983.0,687.0,294.0,684.0,296.0
0.0,1960.0,1068.0,984.0,983.0,1077.0,1077.0,689.0,295.0,749.0,319.0
0.0,1875.0,1032.0,986.0,1077.0,1038.0,1038.0,690.0,296.0,722.0,310.0
0.0,1920.0,948.0,986.0,1038.0,948.0,948.0,690.0,296.0,663.0,285.0
0.0,2010.0,893.0,983.0,948.0,884.0,884.0,688.0,295.0,626.0,267.0
0.0,2065.0,989.0,983.0,884.0,989.0,989.0,688.0,295.0,692.0,297.0
0.0,1960.0,953.0,983.0,989.0,953.0,953.0,688.0,295.0,667.0,286.0
0.0,1996.0,1070.0,986.0,953.0,1079.0,1079.0,690.0,296.0,749.0,321.0
0.0,1879.0,1026.0,986.0,1079.0,1026.0,1026.0,690.0,296.0,718.0,308.0
0.0,1932.0,988.0,987.0,1026.0,991.0,991.0,691.0,296.0,692.0,296.0
0.0,1970.0,1015.0,987.0,991.0,1015.0,1015.0,691.0,296.0,709.0,306.0
0.0,1946.0,992.0,987.0,1015.0,992.0,992.0,691.0,296.0,696.0,296.0
0.0,1969.0,1045.0,988.0,992.0,1048.0,1048.0,692.0,296.0,730.0,315.0
0.0,1916.0,997.0,989.0,1048.0,1000.0,1000.0,692.0,297.0,699.0,298.0
0.0,1967.0,1050.0,991.0,1000.0,1056.0,1056.0,694.0,297.0,734.0,316.0
0.0,1917.0,1054.0,993.0,1056.0,1060.0,1060.0,695.0,298.0,740.0,314.0
0.0,1919.0,990.0,993.0,1060.0,990.0,990.0,695.0,298.0,693.0,297.0
0.0,1989.0,1062.0,994.0,990.0,1065.0,1065.0,696.0,298.0,742.0,320.0
0.0,1917.0,1007.0,994.0,1065.0,1007.0,1007.0,696.0,298.0,705.0,302.0
0.0,1975.0,999.0,996.0,1007.0,1005.0,1005.0,697.0,299.0,699.0,300.0
0.0,1983.0,1027.0,996.0,1005.0,1027.0,1027.0,697.0,299.0,720.0,307.0
0.0,1961.0,1078.0,997.0,1027.0,1081.0,1081.0,698.0,299.0,753.0,325.0
0.0,1910.0,1132.0,1001.0,1081.0,1144.0,1144.0,701.0,300.0,792.0,340.0
0.0,1859.0,997.0,1000.0,1144.0,994.0,994.0,700.0,300.0,700.0,297.0
0.0,2006.0,1023.0,1000.0,994.0,1023.0,1023.0,700.0,300.0,716.0,307.0
0.0,1977.0,980.0,1000.0,1023.0,980.0,980.0,700.0,300.0,685.0,295.0
0.0,2020.0,1036.0,1000.0,980.0,1036.0,1036.0,700.0,300.0,724.0,312.0
0.0,1964.0,1065.0,1003.0,1036.0,1074.0,1074.0,702.0,301.0,746.0,319.0
0.0,1935.0,1040.0,1004.0,1074.0,1043.0,1043.0,703.0,301.0,728.0,312.0
0.0,1969.0,1033.0,1007.0,1043.0,1042.0,1042.0,705.0,302.0,724.0,309.0
0.0,1979.0,1035.0,1009.0,1042.0,1041.0,1041.0,706.0,303.0,724.0,311.0
0.0,1986.0,997.0,1009.0,1041.0,997.0,997.0,706.0,303.0,697.0,300.0
0.0,2030.0,1026.0,1007.0,997.0,1020.0,1020.0,705.0,302.0,718.0,308.0
0.0,2001.0,924.0,1007.0,1020.0,924.0,924.0,705.0,302.0,648.0,276.0
0.0,2097.0,1033.0,1007.0,924.0,1033.0,1033.0,705.0,302.0,722.0,311.0
0.0,1988.0,1110.0,1011.0,1033.0,1122.0,1122.0,708.0,303.0,777.0,333.0
0.0,1911.0,1040.0,1011.0,1122.0,1040.0,1040.0,708.0,303.0,728.0,312.0
0.0,1993.0,1032.0,1012.0,1040.0,1035.0,1035.0,708.0,304.0,723.0,309.0
0.0,2001.0,1000.0,1013.0,1035.0,1003.0,1003.0,709.0,304.0,700.0,300.0
0.0,2036.0,1010.0,1013.0,1003.0,1010.0,1010.0,709.0,304.0,707.0,303.0
0.0,2029.0,1013.0,1013.0,1010.0,1013.0,1013.0,709.0,304.0,710.0,303.0
0.0,2026.0,1067.0,1013.0,1013.0,1067.0,1067.0,709.0,304.0,747.0,320.0
0.0,1972.0,1087.0,1016.0,1067.0,1096.0,1096.0,711.0,305.0,760.0,327.0
0.0,1952.0,1088.0,1019.0,1096.0,1097.0,1097.0,713.0,306.0,761.0,327.0
0.0,1960.0,1004.0,1019.0,1097.0,1004.0,1004.0,713.0,306.0,704.0,300.0
0.0,2053.0,991.0,1019.0,1004.0,991.0,991.0,713.0,306.0,694.0,297.0
0.0,2066.0,1014.0,1018.0,991.0,1011.0,1011.0,713.0,305.0,709.0,305.0
0.0,2043.0,1027.0,1018.0,1011.0,1027.0,1027.0,713.0,305.0,719.0,308.0
0.0,2027.0,1076.0,1021.0,1027.0,1085.0,1085.0,715.0,306.0,753.0,323.0
0.0,1978.0,1110.0,1023.0,1085.0,1116.0,1116.0,716.0,307.0,779.0,331.0
0.0,1953.0,1069.0,1026.0,1116.0,1078.0,1078.0,718.0,308.0,747.0,322.0
0.0,2000.0,1132.0,1028.0,1078.0,1138.0,1138.0,720.0,308.0,792.0,340.0
0.0,1946.0,1053.0,1030.0,1138.0,1059.0,1059.0,721.0,309.0,738.0,315.0
0.0,2031.0,1023.0,1029.0,1059.0,1020.0,1020.0,720.0,309.0,715.0,308.0
0.0,2067.0,1014.0,1028.0,1020.0,1011.0,1011.0,720.0,308.0,710.0,304.0
0.0,2073.0,1046.0,1030.0,1011.0,1052.0,1052.0,721.0,309.0,733.0,313.0
0.0,2038.0,1032.0,1033.0,1052.0,1041.0,1041.0,723.0,310.0,722.0,310.0
0.0,2058.0,1090.0,1034.0,1041.0,1093.0,1093.0,724.0,310.0,762.0,328.0
0.0,2009.0,1068.0,1037.0,1093.0,1077.0,1077.0,726.0,311.0,749.0,319.0
0.0,2034.0,1014.0,1036.0,1077.0,1011.0,1011.0,725.0,311.0,709.0,305.0
0.0,2097.0,976.0,1034.0,1011.0,970.0,970.0,724.0,310.0,682.0,294.0
0.0,2132.0,978.0,1034.0,970.0,978.0,978.0,724.0,310.0,685.0,293.0
0.0,2124.0,1036.0,1035.0,978.0,1039.0,1039.0,725.0,310.0,726.0,310.0
0.0,2066.0,1106.0,1037.0,1039.0,1112.0,1112.0,726.0,311.0,775.0,331.0
0.0,1999.0,1082.0,1038.0,1112.0,1085.0,1085.0,727.0,311.0,756.0,326.0
0.0,2029.0,1007.0,1038.0,1085.0,1007.0,1007.0,727.0,311.0,705.0,302.0
0.0,2107.0,1079.0,1039.0,1007.0,1082.0,1082.0,727.0,312.0,755.0,324.0
0.0,2035.0,993.0,1037.0,1082.0,987.0,987.0,726.0,311.0,694.0,299.0
0.0,2124.0,971.0,1037.0,987.0,971.0,971.0,726.0,311.0,682.0,289.0
0.0,2140.0,1125.0,1039.0,971.0,1131.0,1131.0,727.0,312.0,786.0,339.0
0.0,1986.0,1049.0,1039.0,1131.0,1049.0,1049.0,727.0,312.0,735.0,314.0
0.0,2068.0,1051.0,1040.0,1049.0,1054.0,1054.0,728.0,312.0,736.0,315.0
0.0,2066.0,1100.0,1042.0,1054.0,1106.0,1106.0,729.0,313.0,769.0,331.0
0.0,2020.0,1064.0,1041.0,1106.0,1061.0,1061.0,729.0,312.0,745.0,319.0
0.0,2062.0,1054.0,1040.0,1061.0,1051.0,1051.0,728.0,312.0,739.0,315.0
0.0,2069.0,987.0,1040.0,1051.0,987.0,987.0,728.0,312.0,691.0,296.0
0.0,2133.0,978.0,1039.0,987.0,975.0,975.0,727.0,312.0,685.0,293.0
0.0,2142.0,1128.0,1041.0,975.0,1134.0,1134.0,729.0,312.0,788.0,340.0
0.0,1989.0,1083.0,1043.0,1134.0,1089.0,1089.0,730.0,313.0,759.0,324.0
0.0,2040.0,1027.0,1042.0,1089.0,1024.0,1024.0,729.0,313.0,719.0,308.0
0.0,2102.0,1023.0,1041.0,1024.0,1020.0,1020.0,729.0,312.0,716.0,307.0
0.0,2103.0,1032.0,1041.0,1020.0,1032.0,1032.0,729.0,312.0,722.0,310.0
0.0,2091.0,1043.0,1041.0,1032.0,1043.0,1043.0,729.0,312.0,730.0,313.0
0.0,2080.0,1044.0,1043.0,1043.0,1050.0,1050.0,730.0,313.0,731.0,313.0
0.0,2079.0,1081.0,1044.0,1050.0,1084.0,1084.0,731.0,313.0,758.0,323.0
0.0,2048.0,1085.0,1047.0,1084.0,1094.0,1094.0,733.0,314.0,759.0,326.0
0.0,2047.0,1051.0,1047.0,1094.0,1051.0,1051.0,733.0,314.0,736.0,315.0
0.0,2090.0,1047.0,1046.0,1051.0,1044.0,1044.0,732.0,314.0,733.0,314.0
0.0,2094.0,1018.0,1046.0,1044.0,1018.0,1018.0,732.0,314.0,712.0,306.0
0.0,2120.0,1080.0,1046.0,1018.0,1080.0,1080.0,732.0,314.0,757.0,323.0
0.0,2058.0,1057.0,1047.0,1080.0,1060.0,1060.0,733.0,314.0,739.0,318.0
0.0,2081.0,1097.0,1049.0,1060.0,1103.0,1103.0,734.0,315.0,769.0,328.0
0.0,2044.0,1113.0,1051.0,1103.0,1119.0,1119.0,736.0,315.0,778.0,335.0
0.0,2034.0,1033.0,1050.0,1119.0,1030.0,1030.0,735.0,315.0,725.0,308.0
0.0,2120.0,1053.0,1050.0,1030.0,1053.0,1053.0,735.0,315.0,736.0,317.0
0.0,2097.0,1038.0,1049.0,1053.0,1035.0,1035.0,734.0,315.0,727.0,311.0
0.0,2112.0,1038.0,1050.0,1035.0,1041.0,1041.0,735.0,315.0,727.0,311.0
0.0,2109.0,1182.0,1053.0,1041.0,1191.0,1191.0,737.0,316.0,828.0,354.0
0.0,1968.0,1132.0,1056.0,1191.0,1141.0,1141.0,739.0,317.0,791.0,341.0
0.0,2027.0,1009.0,1054.0,1141.0,1003.0,1003.0,738.0,316.0,706.0,303.0
0.0,2159.0,1132.0,1056.0,1003.0,1138.0,1138.0,739.0,317.0,793.0,339.0
0.0,2030.0,1047.0,1054.0,1138.0,1041.0,1041.0,738.0,316.0,732.0,315.0
0.0,2121.0,1044.0,1054.0,1041.0,1044.0,1044.0,738.0,316.0,731.0,313.0
0.0,2118.0,1080.0,1053.0,1044.0,1077.0,1077.0,737.0,316.0,755.0,325.0
0.0,2082.0,1052.0,1053.0,1077.0,1052.0,1052.0,737.0,316.0,736.0,316.0
0.0,2107.0,1138.0,1056.0,1052.0,1147.0,1147.0,739.0,317.0,798.0,340.0
0.0,2021.0,1088.0,1057.0,1147.0,1091.0,1091.0,740.0,317.0,760.0,328.0
0.0,2080.0,1060.0,1057.0,1091.0,1060.0,1060.0,740.0,317.0,742.0,318.0
0.0,2111.0,1036.0,1057.0,1060.0,1036.0,1036.0,740.0,317.0,725.0,311.0
0.0,2135.0,1052.0,1057.0,1036.0,1052.0,1052.0,740.0,317.0,736.0,316.0
0.0,2119.0,1014.0,1056.0,1052.0,1011.0,1011.0,739.0,317.0,711.0,303.0
0.0,2157.0,1120.0,1057.0,1011.0,1123.0,1123.0,740.0,317.0,783.0,337.0
0.0,2048.0,1156.0,1061.0,1123.0,1168.0,1168.0,743.0,318.0,810.0,346.0
0.0,2015.0,1149.0,1064.0,1168.0,1158.0,1158.0,745.0,319.0,804.0,345.0
0.0,2034.0,1027.0,1064.0,1158.0,1027.0,1027.0,745.0,319.0,719.0,308.0
0.0,2165.0,1077.0,1063.0,1027.0,1074.0,1074.0,744.0,319.0,753.0,324.0
0.0,2115.0,1176.0,1066.0,1074.0,1185.0,1185.0,746.0,320.0,825.0,351.0
0.0,2013.0,1062.0,1067.0,1185.0,1065.0,1065.0,747.0,320.0,743.0,319.0
0.0,2136.0,1050.0,1066.0,1065.0,1047.0,1047.0,746.0,320.0,735.0,315.0
0.0,2151.0,1138.0,1069.0,1047.0,1147.0,1147.0,748.0,321.0,796.0,342.0
0.0,2060.0,1126.0,1072.0,1147.0,1135.0,1135.0,750.0,322.0,788.0,338.0
0.0,2081.0,1139.0,1072.0,1135.0,1139.0,1139.0,750.0,322.0,797.0,342.0
0.0,2077.0,1070.0,1073.0,1139.0,1073.0,1073.0,751.0,322.0,749.0,321.0
0.0,2146.0,1034.0,1072.0,1073.0,1031.0,1031.0,750.0,322.0,724.0,310.0
0.0,2185.0,1024.0,1070.0,1031.0,1018.0,1018.0,749.0,321.0,716.0,308.0
0.0,2192.0,1049.0,1070.0,1018.0,1049.0,1049.0,749.0,321.0,734.0,315.0
0.0,2161.0,1097.0,1071.0,1049.0,1100.0,1100.0,750.0,321.0,768.0,329.0
0.0,2113.0,1102.0,1073.0,1100.0,1108.0,1108.0,751.0,322.0,773.0,329.0
0.0,2111.0,1116.0,1076.0,1108.0,1125.0,1125.0,753.0,323.0,781.0,335.0
0.0,2103.0,1070.0,1074.0,1125.0,1064.0,1064.0,752.0,322.0,748.0,322.0
0.0,2158.0,1037.0,1074.0,1064.0,1037.0,1037.0,752.0,322.0,725.0,312.0
0.0,2185.0,1047.0,1074.0,1037.0,1047.0,1047.0,752.0,322.0,734.0,313.0
0.0,2175.0,1096.0,1076.0,1047.0,1102.0,1102.0,753.0,323.0,768.0,328.0
0.0,2126.0,1112.0,1077.0,1102.0,1115.0,1115.0,754.0,323.0,777.0,335.0
0.0,2116.0,1100.0,1079.0,1115.0,1106.0,1106.0,755.0,324.0,770.0,330.0
0.0,2131.0,1142.0,1080.0,1106.0,1145.0,1145.0,756.0,324.0,801.0,341.0
0.0,2095.0,1137.0,1081.0,1145.0,1140.0,1140.0,757.0,324.0,794.0,343.0
0.0,2103.0,1080.0,1081.0,1140.0,1080.0,1080.0,757.0,324.0,756.0,324.0
0.0,2163.0,1077.0,1082.0,1080.0,1080.0,1080.0,757.0,325.0,755.0,322.0
0.0,2166.0,1102.0,1083.0,1080.0,1105.0,1105.0,758.0,325.0,771.0,331.0
0.0,2144.0,1109.0,1084.0,1105.0,1112.0,1112.0,759.0,325.0,776.0,333.0
0.0,2140.0,1089.0,1084.0,1112.0,1089.0,1089.0,759.0,325.0,762.0,327.0
0.0,2163.0,1054.0,1084.0,1089.0,1054.0,1054.0,759.0,325.0,738.0,316.0
0.0,2198.0,1091.0,1084.0,1054.0,1091.0,1091.0,759.0,325.0,764.0,327.0
0.0,2161.0,1035.0,1083.0,1091.0,1032.0,1032.0,758.0,325.0,726.0,309.0
0.0,2217.0,1046.0,1083.0,1032.0,1046.0,1046.0,758.0,325.0,732.0,314.0
0.0,2203.0,1120.0,1084.0,1046.0,1123.0,1123.0,759.0,325.0,783.0,337.0
0.0,2129.0,1143.0,1087.0,1123.0,1152.0,1152.0,761.0,326.0,801.0,342.0
0.0,2109.0,1125.0,1089.0,1152.0,1131.0,1131.0,762.0,327.0,786.0,339.0
0.0,2136.0,1090.0,1086.0,1131.0,1081.0,1081.0,760.0,326.0,764.0,326.0
0.0,2177.0,1117.0,1086.0,1081.0,1117.0,1117.0,760.0,326.0,782.0,335.0
0.0,2141.0,1013.0,1086.0,1117.0,1013.0,1013.0,760.0,326.0,709.0,304.0
0.0,2245.0,1076.0,1086.0,1013.0,1076.0,1076.0,760.0,326.0,752.0,324.0
0.0,2182.0,1087.0,1086.0,1076.0,1087.0,1087.0,760.0,326.0,762.0,325.0
0.0,2171.0,1112.0,1087.0,1087.0,1115.0,1115.0,761.0,326.0,777.0,335.0
0.0,2146.0,1131.0,1089.0,1115.0,1137.0,1137.0,762.0,327.0,792.0,339.0
0.0,2130.0,1136.0,1090.0,1137.0,1139.0,1139.0,763.0,327.0,796.0,340.0
0.0,2131.0,1040.0,1088.0,1139.0,1034.0,1034.0,762.0,326.0,727.0,313.0
0.0,2230.0,1038.0,1087.0,1034.0,1035.0,1035.0,761.0,326.0,727.0,311.0
0.0,2226.0,1110.0,1088.0,1035.0,1113.0,1113.0,762.0,326.0,777.0,333.0
0.0,2151.0,1117.0,1090.0,1113.0,1123.0,1123.0,763.0,327.0,783.0,334.0
0.0,2147.0,1118.0,1091.0,1123.0,1121.0,1121.0,764.0,327.0,781.0,337.0
0.0,2152.0,1169.0,1094.0,1121.0,1178.0,1178.0,766.0,328.0,818.0,351.0
0.0,2104.0,1124.0,1094.0,1178.0,1124.0,1124.0,766.0,328.0,787.0,337.0
0.0,2158.0,1120.0,1093.0,1124.0,1117.0,1117.0,765.0,328.0,786.0,334.0
0.0,2162.0,1056.0,1091.0,1117.0,1050.0,1050.0,764.0,327.0,738.0,318.0
0.0,2223.0,1057.0,1092.0,1050.0,1060.0,1060.0,764.0,328.0,740.0,317.0
0.0,2216.0,1135.0,1093.0,1060.0,1138.0,1138.0,765.0,328.0,795.0,340.0
0.0,2141.0,1119.0,1092.0,1138.0,1116.0,1116.0,764.0,328.0,782.0,337.0
0.0,2160.0,1183.0,1094.0,1116.0,1189.0,1189.0,766.0,328.0,828.0,355.0
0.0,2093.0,1120.0,1096.0,1189.0,1126.0,1126.0,767.0,329.0,785.0,335.0
0.0,2162.0,1059.0,1094.0,1126.0,1053.0,1053.0,766.0,328.0,740.0,319.0
0.0,2229.0,1067.0,1093.0,1053.0,1064.0,1064.0,765.0,328.0,746.0,321.0
0.0,2215.0,1070.0,1092.0,1064.0,1067.0,1067.0,764.0,328.0,750.0,320.0
0.0,2209.0,1134.0,1093.0,1067.0,1137.0,1137.0,765.0,328.0,793.0,341.0
0.0,2142.0,1153.0,1096.0,1137.0,1162.0,1162.0,767.0,329.0,809.0,344.0
0.0,2126.0,1165.0,1098.0,1162.0,1171.0,1171.0,769.0,329.0,814.0,351.0
0.0,2123.0,1119.0,1099.0,1171.0,1122.0,1122.0,769.0,330.0,784.0,335.0
0.0,2175.0,1116.0,1100.0,1122.0,1119.0,1119.0,770.0,330.0,782.0,334.0
0.0,2181.0,1070.0,1099.0,1119.0,1067.0,1067.0,769.0,330.0,748.0,322.0
0.0,2230.0,1094.0,1099.0,1067.0,1094.0,1094.0,769.0,330.0,766.0,328.0
0.0,2203.0,1099.0,1099.0,1094.0,1099.0,1099.0,769.0,330.0,769.0,330.0
0.0,2198.0,1146.0,1101.0,1099.0,1152.0,1152.0,771.0,330.0,802.0,344.0
0.0,2151.0,1140.0,1103.0,1152.0,1146.0,1146.0,772.0,331.0,799.0,341.0
0.0,2163.0,1097.0,1103.0,1146.0,1097.0,1097.0,772.0,331.0,768.0,329.0
0.0,2212.0,1120.0,1103.0,1097.0,1120.0,1120.0,772.0,331.0,782.0,338.0
0.0,2189.0,1034.0,1102.0,1120.0,1031.0,1031.0,771.0,331.0,725.0,309.0
0.0,2275.0,1063.0,1100.0,1031.0,1057.0,1057.0,770.0,330.0,743.0,320.0
0.0,2243.0,1146.0,1100.0,1057.0,1146.0,1146.0,770.0,330.0,803.0,343.0
0.0,2154.0,1169.0,1103.0,1146.0,1178.0,1178.0,772.0,331.0,819.0,350.0
0.0,2131.0,1177.0,1104.0,1178.0,1180.0,1180.0,773.0,331.0,823.0,354.0
0.0,2132.0,1171.0,1106.0,1180.0,1177.0,1177.0,774.0,332.0,821.0,350.0
0.0,2141.0,1117.0,1106.0,1177.0,1117.0,1117.0,774.0,332.0,782.0,335.0
0.0,2201.0,1133.0,1107.0,1117.0,1136.0,1136.0,775.0,332.0,792.0,341.0
0.0,2185.0,1162.0,1109.0,1136.0,1168.0,1168.0,776.0,333.0,814.0,348.0
0.0,2159.0,1139.0,1110.0,1168.0,1142.0,1142.0,777.0,333.0,798.0,341.0
0.0,2188.0,1169.0,1112.0,1142.0,1175.0,1175.0,778.0,334.0,817.0,352.0
0.0,2161.0,1153.0,1114.0,1175.0,1159.0,1159.0,780.0,334.0,807.0,346.0
0.0,2183.0,1124.0,1114.0,1159.0,1124.0,1124.0,780.0,334.0,787.0,337.0
0.0,2218.0,1065.0,1113.0,1124.0,1062.0,1062.0,779.0,334.0,747.0,318.0
0.0,2277.0,1079.0,1112.0,1062.0,1076.0,1076.0,778.0,334.0,754.0,325.0
0.0,2260.0,1086.0,1112.0,1076.0,1086.0,1086.0,778.0,334.0,760.0,326.0
0.0,2250.0,1136.0,1112.0,1086.0,1136.0,1136.0,778.0,334.0,795.0,341.0
0.0,2200.0,1209.0,1116.0,1136.0,1221.0,1221.0,781.0,335.0,847.0,362.0
0.0,2127.0,1206.0,1119.0,1221.0,1215.0,1215.0,783.0,336.0,844.0,362.0
0.0,2142.0,1182.0,1120.0,1215.0,1185.0,1185.0,784.0,336.0,826.0,356.0
0.0,2175.0,1170.0,1121.0,1185.0,1173.0,1173.0,785.0,336.0,820.0,350.0
0.0,2190.0,1061.0,1120.0,1173.0,1058.0,1058.0,784.0,336.0,744.0,317.0
0.0,2302.0,1070.0,1119.0,1058.0,1067.0,1067.0,783.0,336.0,748.0,322.0
0.0,2290.0,1186.0,1121.0,1067.0,1192.0,1192.0,785.0,336.0,830.0,356.0
0.0,2171.0,1136.0,1123.0,1192.0,1142.0,1142.0,786.0,337.0,796.0,340.0
0.0,2227.0,1180.0,1124.0,1142.0,1183.0,1183.0,787.0,337.0,825.0,355.0
0.0,2189.0,1111.0,1124.0,1183.0,1111.0,1111.0,787.0,337.0,778.0,333.0
0.0,2261.0,1112.0,1124.0,1111.0,1112.0,1112.0,787.0,337.0,778.0,334.0
0.0,2260.0,1100.0,1123.0,1112.0,1097.0,1097.0,786.0,337.0,771.0,329.0
0.0,2272.0,1093.0,1123.0,1097.0,1093.0,1093.0,786.0,337.0,765.0,328.0
0.0,2276.0,1193.0,1124.0,1093.0,1196.0,1196.0,787.0,337.0,834.0,359.0
0.0,2176.0,1228.0,1127.0,1196.0,1237.0,1237.0,789.0,338.0,859.0,369.0
0.0,2144.0,1187.0,1130.0,1237.0,1196.0,1196.0,791.0,339.0,832.0,355.0
0.0,2194.0,1126.0,1130.0,1196.0,1126.0,1126.0,791.0,339.0,788.0,338.0
0.0,2264.0,1143.0,1130.0,1126.0,1143.0,1143.0,791.0,339.0,801.0,342.0
0.0,2247.0,1094.0,1129.0,1143.0,1091.0,1091.0,790.0,339.0,765.0,329.0
0.0,2296.0,1123.0,1129.0,1091.0,1123.0,1123.0,790.0,339.0,786.0,337.0
0.0,2264.0,1173.0,1130.0,1123.0,1176.0,1176.0,791.0,339.0,820.0,353.0
0.0,2214.0,1220.0,1134.0,1176.0,1232.0,1232.0,794.0,340.0,856.0,364.0
0.0,2170.0,1253.0,1137.0,1232.0,1262.0,1262.0,796.0,341.0,877.0,376.0
0.0,2149.0,1169.0,1137.0,1262.0,1169.0,1169.0,796.0,341.0,817.0,352.0
0.0,2242.0,1110.0,1137.0,1169.0,1110.0,1110.0,796.0,341.0,778.0,332.0
0.0,2301.0,1038.0,1134.0,1110.0,1029.0,1029.0,794.0,340.0,726.0,312.0
0.0,2373.0,1134.0,1134.0,1029.0,1134.0,1134.0,794.0,340.0,794.0,340.0
0.0,2268.0,1141.0,1136.0,1134.0,1147.0,1147.0,795.0,341.0,799.0,342.0
0.0,2261.0,1196.0,1137.0,1147.0,1199.0,1199.0,796.0,341.0,837.0,359.0
0.0,2212.0,1165.0,1139.0,1199.0,1171.0,1171.0,797.0,342.0,816.0,349.0
0.0,2246.0,1187.0,1141.0,1171.0,1193.0,1193.0,799.0,342.0,830.0,357.0
0.0,2230.0,1140.0,1140.0,1193.0,1137.0,1137.0,798.0,342.0,798.0,342.0
0.0,2283.0,1170.0,1141.0,1137.0,1173.0,1173.0,799.0,342.0,819.0,351.0
0.0,2250.0,1195.0,1143.0,1173.0,1201.0,1201.0,800.0,343.0,838.0,357.0
0.0,2228.0,1141.0,1144.0,1201.0,1144.0,1144.0,801.0,343.0,799.0,342.0
0.0,2288.0,1130.0,1146.0,1144.0,1136.0,1136.0,802.0,344.0,790.0,340.0
0.0,2302.0,1253.0,1149.0,1136.0,1262.0,1262.0,804.0,345.0,877.0,376.0
0.0,2185.0,1219.0,1150.0,1262.0,1222.0,1222.0,805.0,345.0,854.0,365.0
0.0,2228.0,1177.0,1150.0,1222.0,1177.0,1177.0,805.0,345.0,825.0,352.0
0.0,2273.0,1160.0,1150.0,1177.0,1160.0,1160.0,805.0,345.0,811.0,349.0
0.0,2290.0,1180.0,1150.0,1160.0,1180.0,1180.0,805.0,345.0,827.0,353.0
0.0,2270.0,1169.0,1151.0,1180.0,1172.0,1172.0,806.0,345.0,816.0,353.0
0.0,2281.0,1210.0,1153.0,1172.0,1216.0,1216.0,807.0,346.0,848.0,362.0
0.0,2243.0,1227.0,1154.0,1216.0,1230.0,1230.0,808.0,346.0,860.0,367.0
0.0,2232.0,1134.0,1154.0,1230.0,1134.0,1134.0,808.0,346.0,794.0,340.0
0.0,2328.0,1209.0,1154.0,1134.0,1209.0,1209.0,808.0,346.0,845.0,364.0
0.0,2253.0,1068.0,1153.0,1209.0,1065.0,1065.0,807.0,346.0,749.0,319.0
0.0,2394.0,1206.0,1154.0,1065.0,1209.0,1209.0,808.0,346.0,843.0,363.0
0.0,2253.0,1107.0,1156.0,1209.0,1113.0,1113.0,809.0,347.0,775.0,332.0
0.0,2355.0,1191.0,1157.0,1113.0,1194.0,1194.0,810.0,347.0,833.0,358.0
0.0,2277.0,1214.0,1160.0,1194.0,1223.0,1223.0,812.0,348.0,851.0,363.0
0.0,2257.0,1207.0,1161.0,1223.0,1210.0,1210.0,813.0,348.0,844.0,363.0
0.0,2273.0,1168.0,1161.0,1210.0,1168.0,1168.0,813.0,348.0,820.0,348.0
0.0,2315.0,1176.0,1160.0,1168.0,1173.0,1173.0,812.0,348.0,823.0,353.0
0.0,2307.0,1130.0,1160.0,1173.0,1130.0,1130.0,812.0,348.0,790.0,340.0
0.0,2350.0,1167.0,1159.0,1130.0,1164.0,1164.0,811.0,348.0,817.0,350.0
0.0,2313.0,1263.0,1163.0,1164.0,1275.0,1275.0,814.0,349.0,884.0,379.0
0.0,2214.0,1252.0,1167.0,1275.0,1264.0,1264.0,817.0,350.0,877.0,375.0
0.0,2237.0,1177.0,1167.0,1264.0,1177.0,1177.0,817.0,350.0,824.0,353.0
0.0,2324.0,1200.0,1167.0,1177.0,1200.0,1200.0,817.0,350.0,841.0,359.0
0.0,2301.0,1197.0,1168.0,1200.0,1200.0,1200.0,818.0,350.0,836.0,361.0
0.0,2304.0,1143.0,1169.0,1200.0,1146.0,1146.0,818.0,351.0,800.0,343.0
0.0,2361.0,1182.0,1170.0,1146.0,1185.0,1185.0,819.0,351.0,828.0,354.0
0.0,2325.0,1213.0,1172.0,1185.0,1219.0,1219.0,820.0,352.0,849.0,364.0
0.0,2297.0,1191.0,1174.0,1219.0,1197.0,1197.0,822.0,352.0,835.0,356.0
0.0,2325.0,1155.0,1173.0,1197.0,1152.0,1152.0,821.0,352.0,808.0,347.0
0.0,2367.0,1160.0,1172.0,1152.0,1157.0,1157.0,820.0,352.0,812.0,348.0
0.0,2359.0,1114.0,1170.0,1157.0,1108.0,1108.0,819.0,351.0,781.0,333.0
0.0,2402.0,1144.0,1171.0,1108.0,1147.0,1147.0,820.0,351.0,801.0,343.0
0.0,2366.0,1185.0,1171.0,1147.0,1185.0,1185.0,820.0,351.0,828.0,357.0
0.0,2328.0,1148.0,1173.0,1185.0,1154.0,1154.0,821.0,352.0,804.0,344.0
0.0,2365.0,1231.0,1174.0,1154.0,1234.0,1234.0,822.0,352.0,861.0,370.0
0.0,2288.0,1176.0,1174.0,1234.0,1176.0,1176.0,822.0,352.0,823.0,353.0
0.0,2346.0,1138.0,1173.0,1176.0,1135.0,1135.0,821.0,352.0,798.0,340.0
0.0,2384.0,1147.0,1171.0,1135.0,1141.0,1141.0,820.0,351.0,801.0,346.0
0.0,2372.0,1172.0,1171.0,1141.0,1172.0,1172.0,820.0,351.0,821.0,351.0
0.0,2341.0,1279.0,1174.0,1172.0,1288.0,1288.0,822.0,352.0,895.0,384.0
0.0,2234.0,1159.0,1177.0,1288.0,1168.0,1168.0,824.0,353.0,812.0,347.0
0.0,2363.0,1240.0,1179.0,1168.0,1246.0,1246.0,825.0,354.0,868.0,372.0
0.0,2291.0,1220.0,1180.0,1246.0,1223.0,1223.0,826.0,354.0,855.0,365.0
0.0,2317.0,1210.0,1181.0,1223.0,1213.0,1213.0,827.0,354.0,847.0,363.0
0.0,2330.0,1151.0,1180.0,1213.0,1148.0,1148.0,826.0,354.0,806.0,345.0
0.0,2392.0,1118.0,1179.0,1148.0,1115.0,1115.0,825.0,354.0,782.0,336.0
0.0,2422.0,1196.0,1180.0,1115.0,1199.0,1199.0,826.0,354.0,838.0,358.0
0.0,2341.0,1220.0,1181.0,1199.0,1223.0,1223.0,827.0,354.0,852.0,368.0
0.0,2320.0,1236.0,1182.0,1223.0,1239.0,1239.0,827.0,355.0,866.0,370.0
0.0,2307.0,1217.0,1183.0,1239.0,1220.0,1220.0,828.0,355.0,853.0,364.0
0.0,2329.0,1210.0,1185.0,1220.0,1216.0,1216.0,830.0,355.0,846.0,364.0
0.0,2339.0,1173.0,1183.0,1216.0,1167.0,1167.0,828.0,355.0,822.0,351.0
0.0,2382.0,1148.0,1182.0,1167.0,1145.0,1145.0,827.0,355.0,803.0,345.0
0.0,2401.0,1247.0,1183.0,1145.0,1250.0,1250.0,828.0,355.0,874.0,373.0
0.0,2299.0,1219.0,1184.0,1250.0,1222.0,1222.0,829.0,355.0,852.0,367.0
0.0,2330.0,1239.0,1186.0,1222.0,1245.0,1245.0,830.0,356.0,868.0,371.0
0.0,2313.0,1263.0,1187.0,1245.0,1266.0,1266.0,831.0,356.0,883.0,380.0
0.0,2295.0,1166.0,1187.0,1266.0,1166.0,1166.0,831.0,356.0,817.0,349.0
0.0,2395.0,1186.0,1186.0,1166.0,1183.0,1183.0,830.0,356.0,830.0,356.0
0.0,2375.0,1181.0,1187.0,1183.0,1184.0,1184.0,831.0,356.0,827.0,354.0
0.0,2377.0,1187.0,1186.0,1184.0,1184.0,1184.0,830.0,356.0,831.0,356.0
0.0,2374.0,1269.0,1190.0,1184.0,1281.0,1281.0,833.0,357.0,889.0,380.0
0.0,2289.0,1140.0,1189.0,1281.0,1137.0,1137.0,832.0,357.0,797.0,343.0
0.0,2430.0,1162.0,1190.0,1137.0,1165.0,1165.0,833.0,357.0,814.0,348.0
0.0,2405.0,1206.0,1190.0,1165.0,1206.0,1206.0,833.0,357.0,844.0,362.0
0.0,2364.0,1190.0,1190.0,1206.0,1190.0,1190.0,833.0,357.0,833.0,357.0
0.0,2380.0,1133.0,1188.0,1190.0,1127.0,1127.0,832.0,356.0,792.0,341.0
0.0,2437.0,1244.0,1190.0,1127.0,1250.0,1250.0,833.0,357.0,872.0,372.0
0.0,2320.0,1297.0,1192.0,1250.0,1303.0,1303.0,834.0,358.0,907.0,390.0
0.0,2273.0,1280.0,1195.0,1303.0,1289.0,1289.0,837.0,358.0,896.0,384.0
0.0,2296.0,1219.0,1196.0,1289.0,1222.0,1222.0,837.0,359.0,854.0,365.0
0.0,2366.0,1164.0,1194.0,1222.0,1158.0,1158.0,836.0,358.0,814.0,350.0
0.0,2424.0,1097.0,1191.0,1158.0,1088.0,1088.0,834.0,357.0,768.0,329.0
0.0,2485.0,1091.0,1190.0,1088.0,1088.0,1088.0,833.0,357.0,765.0,326.0
0.0,2482.0,1174.0,1189.0,1088.0,1171.0,1171.0,832.0,357.0,821.0,353.0
0.0,2396.0,1226.0,1190.0,1171.0,1229.0,1229.0,833.0,357.0,859.0,367.0
0.0,2341.0,1277.0,1193.0,1229.0,1286.0,1286.0,835.0,358.0,894.0,383.0
0.0,2293.0,1147.0,1191.0,1286.0,1141.0,1141.0,834.0,357.0,802.0,345.0
0.0,2432.0,1137.0,1190.0,1141.0,1134.0,1134.0,833.0,357.0,795.0,342.0
0.0,2436.0,1212.0,1190.0,1134.0,1212.0,1212.0,833.0,357.0,849.0,363.0
0.0,2358.0,1207.0,1191.0,1212.0,1210.0,1210.0,834.0,357.0,845.0,362.0
0.0,2363.0,1200.0,1193.0,1210.0,1206.0,1206.0,835.0,358.0,841.0,359.0
0.0,2373.0,1275.0,1196.0,1206.0,1284.0,1284.0,837.0,359.0,892.0,383.0
0.0,2304.0,1232.0,1197.0,1284.0,1235.0,1235.0,838.0,359.0,861.0,371.0
0.0,2356.0,1260.0,1199.0,1235.0,1266.0,1266.0,839.0,360.0,883.0,377.0
0.0,2331.0,1189.0,1199.0,1266.0,1189.0,1189.0,839.0,360.0,832.0,357.0
0.0,2408.0,1167.0,1198.0,1189.0,1164.0,1164.0,839.0,359.0,817.0,350.0
0.0,2430.0,1180.0,1198.0,1164.0,1180.0,1180.0,839.0,359.0,826.0,354.0
0.0,2414.0,1183.0,1199.0,1180.0,1186.0,1186.0,839.0,360.0,828.0,355.0
0.0,2411.0,1203.0,1200.0,1186.0,1206.0,1206.0,840.0,360.0,843.0,360.0
0.0,2394.0,1244.0,1201.0,1206.0,1247.0,1247.0,841.0,360.0,870.0,374.0
0.0,2356.0,1269.0,1201.0,1247.0,1269.0,1269.0,841.0,360.0,888.0,381.0
0.0,2334.0,1227.0,1203.0,1269.0,1233.0,1233.0,842.0,361.0,860.0,367.0
0.0,2376.0,1156.0,1201.0,1233.0,1150.0,1150.0,841.0,360.0,808.0,348.0
0.0,2453.0,1174.0,1200.0,1150.0,1171.0,1171.0,840.0,360.0,821.0,353.0
0.0,2429.0,1194.0,1200.0,1171.0,1194.0,1194.0,840.0,360.0,836.0,358.0
0.0,2406.0,1300.0,1203.0,1194.0,1309.0,1309.0,842.0,361.0,912.0,388.0
0.0,2300.0,1288.0,1206.0,1309.0,1297.0,1297.0,844.0,362.0,901.0,387.0
0.0,2321.0,1222.0,1206.0,1297.0,1222.0,1222.0,844.0,362.0,855.0,367.0
0.0,2396.0,1197.0,1206.0,1222.0,1197.0,1197.0,844.0,362.0,838.0,359.0
0.0,2421.0,1227.0,1206.0,1197.0,1227.0,1227.0,844.0,362.0,859.0,368.0
0.0,2391.0,1203.0,1206.0,1227.0,1203.0,1203.0,844.0,362.0,842.0,361.0
0.0,2415.0,1224.0,1206.0,1203.0,1224.0,1224.0,844.0,362.0,857.0,367.0
0.0,2394.0,1273.0,1207.0,1224.0,1276.0,1276.0,845.0,362.0,890.0,383.0
0.0,2345.0,1255.0,1210.0,1276.0,1264.0,1264.0,847.0,363.0,880.0,375.0
0.0,2366.0,1250.0,1210.0,1264.0,1250.0,1250.0,847.0,363.0,875.0,375.0
0.0,2380.0,1161.0,1209.0,1250.0,1158.0,1158.0,846.0,363.0,812.0,349.0
0.0,2469.0,1207.0,1208.0,1158.0,1204.0,1204.0,846.0,362.0,845.0,362.0
0.0,2420.0,1159.0,1206.0,1204.0,1153.0,1153.0,844.0,362.0,812.0,347.0
0.0,2465.0,1223.0,1207.0,1153.0,1226.0,1226.0,845.0,362.0,855.0,368.0
0.0,2395.0,1252.0,1208.0,1226.0,1255.0,1255.0,846.0,362.0,877.0,375.0
0.0,2369.0,1300.0,1210.0,1255.0,1306.0,1306.0,847.0,363.0,909.0,391.0
0.0,2324.0,1254.0,1212.0,1306.0,1260.0,1260.0,848.0,364.0,879.0,375.0
0.0,2376.0,1231.0,1211.0,1260.0,1228.0,1228.0,848.0,363.0,862.0,369.0
0.0,2405.0,1174.0,1212.0,1228.0,1177.0,1177.0,848.0,364.0,822.0,352.0
0.0,2459.0,1183.0,1213.0,1177.0,1186.0,1186.0,849.0,364.0,829.0,354.0
0.0,2453.0,1247.0,1213.0,1186.0,1247.0,1247.0,849.0,364.0,873.0,374.0
0.0,2392.0,1320.0,1216.0,1247.0,1329.0,1329.0,851.0,365.0,924.0,396.0
0.0,2319.0,1289.0,1219.0,1329.0,1298.0,1298.0,853.0,366.0,902.0,387.0
0.0,2359.0,1153.0,1217.0,1298.0,1147.0,1147.0,852.0,365.0,806.0,347.0
0.0,2504.0,1184.0,1214.0,1147.0,1175.0,1175.0,850.0,364.0,829.0,355.0
0.0,2467.0,1221.0,1213.0,1175.0,1218.0,1218.0,849.0,364.0,855.0,366.0
0.0,2421.0,1197.0,1213.0,1218.0,1197.0,1197.0,849.0,364.0,837.0,360.0
0.0,2442.0,1247.0,1214.0,1197.0,1250.0,1250.0,850.0,364.0,874.0,373.0
0.0,2392.0,1311.0,1219.0,1250.0,1326.0,1326.0,853.0,366.0,918.0,393.0
0.0,2331.0,1291.0,1223.0,1326.0,1303.0,1303.0,856.0,367.0,904.0,387.0
0.0,2366.0,1212.0,1223.0,1303.0,1212.0,1212.0,856.0,367.0,848.0,364.0
0.0,2457.0,1229.0,1223.0,1212.0,1229.0,1229.0,856.0,367.0,860.0,369.0
0.0,2440.0,1213.0,1223.0,1229.0,1213.0,1213.0,856.0,367.0,848.0,365.0
0.0,2456.0,1269.0,1224.0,1213.0,1272.0,1272.0,857.0,367.0,888.0,381.0
0.0,2400.0,1296.0,1227.0,1272.0,1305.0,1305.0,859.0,368.0,907.0,389.0
0.0,2376.0,1309.0,1230.0,1305.0,1318.0,1318.0,861.0,369.0,917.0,392.0
0.0,2372.0,1335.0,1232.0,1318.0,1341.0,1341.0,862.0,370.0,934.0,401.0
0.0,2355.0,1323.0,1234.0,1341.0,1329.0,1329.0,864.0,370.0,925.0,398.0
0.0,2373.0,1262.0,1234.0,1329.0,1262.0,1262.0,864.0,370.0,883.0,379.0
0.0,2440.0,1259.0,1234.0,1262.0,1259.0,1259.0,864.0,370.0,882.0,377.0
0.0,2443.0,1214.0,1234.0,1259.0,1214.0,1214.0,864.0,370.0,849.0,365.0
0.0,2488.0,1250.0,1234.0,1214.0,1250.0,1250.0,864.0,370.0,876.0,374.0
0.0,2452.0,1249.0,1236.0,1250.0,1255.0,1255.0,865.0,371.0,875.0,374.0
0.0,2453.0,1346.0,1240.0,1255.0,1358.0,1358.0,868.0,372.0,942.0,404.0
0.0,2362.0,1253.0,1241.0,1358.0,1256.0,1256.0,869.0,372.0,876.0,377.0
0.0,2467.0,1229.0,1241.0,1256.0,1229.0,1229.0,869.0,372.0,860.0,369.0
0.0,2494.0,1317.0,1243.0,1229.0,1323.0,1323.0,870.0,373.0,923.0,394.0
0.0,2406.0,1197.0,1241.0,1323.0,1191.0,1191.0,869.0,372.0,837.0,360.0
0.0,2532.0,1264.0,1243.0,1191.0,1270.0,1270.0,870.0,373.0,886.0,378.0
0.0,2459.0,1305.0,1246.0,1270.0,1314.0,1314.0,872.0,374.0,913.0,392.0
0.0,2424.0,1277.0,1247.0,1314.0,1280.0,1280.0,873.0,374.0,895.0,382.0
0.0,2461.0,1245.0,1248.0,1280.0,1248.0,1248.0,874.0,374.0,870.0,375.0
0.0,2496.0,1299.0,1248.0,1248.0,1299.0,1299.0,874.0,374.0,909.0,390.0
0.0,2445.0,1227.0,1247.0,1299.0,1224.0,1224.0,873.0,374.0,860.0,367.0
0.0,2517.0,1257.0,1247.0,1224.0,1257.0,1257.0,873.0,374.0,879.0,378.0
0.0,2484.0,1276.0,1249.0,1257.0,1282.0,1282.0,874.0,375.0,894.0,382.0
0.0,2465.0,1276.0,1250.0,1282.0,1279.0,1279.0,875.0,375.0,893.0,383.0
0.0,2471.0,1316.0,1252.0,1279.0,1322.0,1322.0,876.0,376.0,921.0,395.0
0.0,2434.0,1325.0,1254.0,1322.0,1331.0,1331.0,878.0,376.0,928.0,397.0
0.0,2431.0,1248.0,1254.0,1331.0,1248.0,1248.0,878.0,376.0,874.0,374.0
0.0,2514.0,1216.0,1253.0,1248.0,1213.0,1213.0,877.0,376.0,850.0,366.0
0.0,2546.0,1252.0,1253.0,1213.0,1252.0,1252.0,877.0,376.0,876.0,376.0
0.0,2507.0,1285.0,1256.0,1252.0,1294.0,1294.0,879.0,377.0,899.0,386.0
0.0,2474.0,1304.0,1257.0,1294.0,1307.0,1307.0,880.0,377.0,914.0,390.0
0.0,2464.0,1319.0,1260.0,1307.0,1328.0,1328.0,882.0,378.0,923.0,396.0
0.0,2452.0,1269.0,1261.0,1328.0,1272.0,1272.0,883.0,378.0,889.0,380.0
0.0,2511.0,1169.0,1260.0,1272.0,1166.0,1166.0,882.0,378.0,817.0,352.0
0.0,2614.0,1240.0,1259.0,1166.0,1237.0,1237.0,881.0,378.0,867.0,373.0
0.0,2540.0,1249.0,1259.0,1237.0,1249.0,1249.0,881.0,378.0,874.0,375.0
0.0,2528.0,1324.0,1260.0,1249.0,1327.0,1327.0,882.0,378.0,928.0,396.0
0.0,2453.0,1280.0,1262.0,1327.0,1286.0,1286.0,883.0,379.0,895.0,385.0
0.0,2500.0,1272.0,1264.0,1286.0,1278.0,1278.0,885.0,379.0,892.0,380.0
0.0,2514.0,1274.0,1264.0,1278.0,1274.0,1274.0,885.0,379.0,892.0,382.0
0.0,2518.0,1220.0,1263.0,1274.0,1217.0,1217.0,884.0,379.0,853.0,367.0
0.0,2572.0,1258.0,1262.0,1217.0,1255.0,1255.0,883.0,379.0,880.0,378.0
0.0,2531.0,1256.0,1264.0,1255.0,1262.0,1262.0,885.0,379.0,881.0,375.0
0.0,2530.0,1305.0,1266.0,1262.0,1311.0,1311.0,886.0,380.0,912.0,393.0
0.0,2487.0,1293.0,1267.0,1311.0,1296.0,1296.0,887.0,380.0,906.0,387.0
0.0,2505.0,1253.0,1269.0,1296.0,1259.0,1259.0,888.0,381.0,876.0,377.0
0.0,2548.0,1282.0,1269.0,1259.0,1282.0,1282.0,888.0,381.0,897.0,385.0
0.0,2525.0,1257.0,1269.0,1282.0,1257.0,1257.0,888.0,381.0,880.0,377.0
0.0,2550.0,1197.0,1266.0,1257.0,1188.0,1188.0,886.0,380.0,839.0,358.0
0.0,2610.0,1212.0,1266.0,1188.0,1212.0,1212.0,886.0,380.0,848.0,364.0
0.0,2586.0,1226.0,1266.0,1212.0,1226.0,1226.0,886.0,380.0,858.0,368.0
0.0,2572.0,1320.0,1269.0,1226.0,1329.0,1329.0,888.0,381.0,923.0,397.0
0.0,2478.0,1326.0,1270.0,1329.0,1329.0,1329.0,889.0,381.0,929.0,397.0
0.0,2481.0,1363.0,1270.0,1329.0,1363.0,1363.0,889.0,381.0,953.0,410.0
0.0,2447.0,1275.0,1270.0,1363.0,1275.0,1275.0,889.0,381.0,894.0,381.0
0.0,2535.0,1224.0,1268.0,1275.0,1218.0,1218.0,888.0,380.0,856.0,368.0
0.0,2586.0,1217.0,1266.0,1218.0,1211.0,1211.0,886.0,380.0,853.0,364.0
0.0,2587.0,1262.0,1266.0,1211.0,1262.0,1262.0,886.0,380.0,883.0,379.0
0.0,2536.0,1299.0,1267.0,1262.0,1302.0,1302.0,887.0,380.0,907.0,392.0
0.0,2499.0,1350.0,1269.0,1302.0,1356.0,1356.0,888.0,381.0,947.0,403.0
0.0,2451.0,1283.0,1270.0,1356.0,1286.0,1286.0,889.0,381.0,899.0,384.0
0.0,2524.0,1302.0,1271.0,1286.0,1305.0,1305.0,890.0,381.0,909.0,393.0
0.0,2508.0,1264.0,1270.0,1305.0,1261.0,1261.0,889.0,381.0,886.0,378.0
0.0,2549.0,1249.0,1269.0,1261.0,1246.0,1246.0,888.0,381.0,874.0,375.0
0.0,2561.0,1247.0,1270.0,1246.0,1250.0,1250.0,889.0,381.0,874.0,373.0
0.0,2560.0,1340.0,1270.0,1250.0,1340.0,1340.0,889.0,381.0,936.0,404.0
0.0,2470.0,1368.0,1273.0,1340.0,1377.0,1377.0,891.0,382.0,957.0,411.0
0.0,2442.0,1277.0,1273.0,1377.0,1277.0,1277.0,891.0,382.0,894.0,383.0
0.0,2542.0,1243.0,1273.0,1277.0,1243.0,1243.0,891.0,382.0,872.0,371.0
0.0,2576.0,1249.0,1272.0,1243.0,1246.0,1246.0,890.0,382.0,873.0,376.0
0.0,2570.0,1265.0,1273.0,1246.0,1268.0,1268.0,891.0,382.0,886.0,379.0
0.0,2551.0,1251.0,1271.0,1268.0,1245.0,1245.0,890.0,381.0,875.0,376.0
0.0,2568.0,1307.0,1273.0,1245.0,1313.0,1313.0,891.0,382.0,916.0,391.0
0.0,2506.0,1282.0,1273.0,1313.0,1282.0,1282.0,891.0,382.0,895.0,387.0
0.0,2537.0,1313.0,1274.0,1282.0,1316.0,1316.0,892.0,382.0,920.0,393.0
0.0,2506.0,1253.0,1273.0,1316.0,1250.0,1250.0,891.0,382.0,876.0,377.0
0.0,2569.0,1268.0,1273.0,1250.0,1268.0,1268.0,891.0,382.0,888.0,380.0
0.0,2551.0,1277.0,1272.0,1268.0,1274.0,1274.0,890.0,382.0,895.0,382.0
0.0,2542.0,1302.0,1273.0,1274.0,1305.0,1305.0,891.0,382.0,910.0,392.0
0.0,2514.0,1378.0,1276.0,1305.0,1387.0,1387.0,893.0,383.0,966.0,412.0
0.0,2441.0,1293.0,1277.0,1387.0,1296.0,1296.0,894.0,383.0,904.0,389.0
0.0,2535.0,1303.0,1277.0,1296.0,1303.0,1303.0,894.0,383.0,912.0,391.0
0.0,2528.0,1323.0,1277.0,1303.0,1323.0,1323.0,894.0,383.0,926.0,397.0
0.0,2508.0,1238.0,1276.0,1323.0,1235.0,1235.0,893.0,383.0,866.0,372.0
0.0,2593.0,1238.0,1276.0,1235.0,1238.0,1238.0,893.0,383.0,869.0,369.0
0.0,2590.0,1280.0,1277.0,1238.0,1283.0,1283.0,894.0,383.0,895.0,385.0
0.0,2548.0,1371.0,1280.0,1283.0,1380.0,1380.0,896.0,384.0,959.0,412.0
0.0,2460.0,1375.0,1283.0,1380.0,1384.0,1384.0,898.0,385.0,964.0,411.0
0.0,2465.0,1330.0,1283.0,1384.0,1330.0,1330.0,898.0,385.0,931.0,399.0
0.0,2519.0,1306.0,1283.0,1330.0,1306.0,1306.0,898.0,385.0,912.0,394.0
0.0,2543.0,1264.0,1283.0,1306.0,1264.0,1264.0,898.0,385.0,885.0,379.0
0.0,2585.0,1290.0,1283.0,1264.0,1290.0,1290.0,898.0,385.0,903.0,387.0
0.0,2559.0,1293.0,1284.0,1290.0,1296.0,1296.0,899.0,385.0,906.0,387.0
0.0,2556.0,1359.0,1286.0,1296.0,1365.0,1365.0,900.0,386.0,950.0,409.0
0.0,2493.0,1350.0,1289.0,1365.0,1359.0,1359.0,902.0,387.0,947.0,403.0
0.0,2508.0,1264.0,1287.0,1359.0,1258.0,1258.0,901.0,386.0,884.0,380.0
0.0,2603.0,1276.0,1287.0,1258.0,1276.0,1276.0,901.0,386.0,893.0,383.0
0.0,2585.0,1290.0,1288.0,1276.0,1293.0,1293.0,902.0,386.0,904.0,386.0
0.0,2571.0,1281.0,1288.0,1293.0,1281.0,1281.0,902.0,386.0,897.0,384.0
0.0,2583.0,1332.0,1290.0,1281.0,1338.0,1338.0,903.0,387.0,933.0,399.0
0.0,2532.0,1335.0,1292.0,1338.0,1341.0,1341.0,904.0,388.0,933.0,402.0
0.0,2535.0,1356.0,1294.0,1341.0,1362.0,1362.0,906.0,388.0,949.0,407.0
0.0,2520.0,1356.0,1297.0,1362.0,1365.0,1365.0,908.0,389.0,949.0,407.0
0.0,2526.0,1281.0,1297.0,1365.0,1281.0,1281.0,908.0,389.0,898.0,383.0
0.0,2610.0,1273.0,1296.0,1281.0,1270.0,1270.0,907.0,389.0,891.0,382.0
0.0,2618.0,1253.0,1293.0,1270.0,1244.0,1244.0,905.0,388.0,875.0,378.0
0.0,2635.0,1340.0,1294.0,1244.0,1343.0,1343.0,906.0,388.0,939.0,401.0
0.0,2539.0,1340.0,1297.0,1343.0,1349.0,1349.0,908.0,389.0,938.0,402.0
0.0,2542.0,1353.0,1300.0,1349.0,1362.0,1362.0,910.0,390.0,948.0,405.0
0.0,2538.0,1359.0,1301.0,1362.0,1362.0,1362.0,911.0,390.0,950.0,409.0
0.0,2541.0,1307.0,1301.0,1362.0,1307.0,1307.0,911.0,390.0,916.0,391.0
0.0,2596.0,1284.0,1300.0,1307.0,1281.0,1281.0,910.0,390.0,898.0,386.0
0.0,2619.0,1335.0,1301.0,1281.0,1338.0,1338.0,911.0,390.0,935.0,400.0
0.0,2565.0,1341.0,1302.0,1338.0,1344.0,1344.0,911.0,391.0,939.0,402.0
0.0,2562.0,1317.0,1303.0,1344.0,1320.0,1320.0,912.0,391.0,923.0,394.0
0.0,2589.0,1353.0,1305.0,1320.0,1359.0,1359.0,913.0,392.0,946.0,407.0
0.0,2556.0,1306.0,1306.0,1359.0,1309.0,1309.0,914.0,392.0,915.0,391.0
0.0,2609.0,1277.0,1304.0,1309.0,1271.0,1271.0,913.0,391.0,893.0,384.0
0.0,2641.0,1309.0,1304.0,1271.0,1309.0,1309.0,913.0,391.0,915.0,394.0
0.0,2603.0,1376.0,1306.0,1309.0,1382.0,1382.0,914.0,392.0,965.0,411.0
0.0,2536.0,1357.0,1307.0,1382.0,1360.0,1360.0,915.0,392.0,949.0,408.0
0.0,2561.0,1319.0,1309.0,1360.0,1325.0,1325.0,916.0,393.0,924.0,395.0
0.0,2602.0,1345.0,1310.0,1325.0,1348.0,1348.0,917.0,393.0,940.0,405.0
0.0,2582.0,1364.0,1313.0,1348.0,1373.0,1373.0,919.0,394.0,956.0,408.0
0.0,2566.0,1297.0,1313.0,1373.0,1297.0,1297.0,919.0,394.0,908.0,389.0
0.0,2642.0,1337.0,1314.0,1297.0,1340.0,1340.0,920.0,394.0,937.0,400.0
0.0,2602.0,1261.0,1313.0,1340.0,1258.0,1258.0,919.0,394.0,882.0,379.0
0.0,2681.0,1335.0,1314.0,1258.0,1338.0,1338.0,920.0,394.0,933.0,402.0
0.0,2604.0,1331.0,1316.0,1338.0,1337.0,1337.0,921.0,395.0,933.0,398.0
0.0,2611.0,1347.0,1317.0,1337.0,1350.0,1350.0,922.0,395.0,944.0,403.0
0.0,2601.0,1286.0,1317.0,1350.0,1286.0,1286.0,922.0,395.0,900.0,386.0
0.0,2665.0,1377.0,1317.0,1286.0,1377.0,1377.0,922.0,395.0,964.0,413.0
0.0,2574.0,1253.0,1316.0,1377.0,1250.0,1250.0,921.0,395.0,877.0,376.0
0.0,2698.0,1329.0,1316.0,1250.0,1329.0,1329.0,921.0,395.0,930.0,399.0
0.0,2619.0,1413.0,1318.0,1329.0,1419.0,1419.0,923.0,395.0,988.0,425.0
0.0,2535.0,1357.0,1320.0,1419.0,1363.0,1363.0,924.0,396.0,952.0,405.0
0.0,2597.0,1370.0,1323.0,1363.0,1379.0,1379.0,926.0,397.0,958.0,412.0
0.0,2590.0,1442.0,1326.0,1379.0,1451.0,1451.0,928.0,398.0,1009.0,433.0
0.0,2527.0,1339.0,1326.0,1451.0,1339.0,1339.0,928.0,398.0,937.0,402.0
0.0,2639.0,1337.0,1324.0,1339.0,1331.0,1331.0,927.0,397.0,936.0,401.0
0.0,2641.0,1297.0,1324.0,1331.0,1297.0,1297.0,927.0,397.0,909.0,388.0
0.0,2675.0,1349.0,1324.0,1297.0,1349.0,1349.0,927.0,397.0,943.0,406.0
0.0,2623.0,1449.0,1328.0,1349.0,1461.0,1461.0,930.0,398.0,1014.0,435.0
0.0,2523.0,1417.0,1331.0,1461.0,1426.0,1426.0,932.0,399.0,994.0,423.0
0.0,2567.0,1377.0,1333.0,1426.0,1383.0,1383.0,933.0,400.0,963.0,414.0
0.0,2616.0,1301.0,1331.0,1383.0,1295.0,1295.0,932.0,399.0,910.0,391.0
0.0,2698.0,1300.0,1330.0,1295.0,1297.0,1297.0,931.0,399.0,912.0,388.0
0.0,2693.0,1332.0,1332.0,1297.0,1338.0,1338.0,932.0,400.0,930.0,402.0
0.0,2658.0,1320.0,1333.0,1338.0,1323.0,1323.0,933.0,400.0,925.0,395.0
0.0,2676.0,1425.0,1336.0,1323.0,1434.0,1434.0,935.0,401.0,997.0,428.0
0.0,2574.0,1399.0,1337.0,1434.0,1402.0,1402.0,936.0,401.0,980.0,419.0
0.0,2609.0,1363.0,1338.0,1402.0,1366.0,1366.0,937.0,401.0,953.0,410.0
0.0,2648.0,1414.0,1340.0,1366.0,1420.0,1420.0,938.0,402.0,991.0,423.0
0.0,2600.0,1264.0,1337.0,1420.0,1255.0,1255.0,936.0,401.0,884.0,380.0
0.0,2756.0,1317.0,1337.0,1255.0,1317.0,1317.0,936.0,401.0,923.0,394.0
0.0,2694.0,1302.0,1337.0,1317.0,1302.0,1302.0,936.0,401.0,912.0,390.0
0.0,2709.0,1399.0,1340.0,1302.0,1408.0,1408.0,938.0,402.0,978.0,421.0
0.0,2612.0,1369.0,1342.0,1408.0,1375.0,1375.0,939.0,403.0,958.0,411.0
0.0,2651.0,1379.0,1343.0,1375.0,1382.0,1382.0,940.0,403.0,965.0,414.0
0.0,2647.0,1284.0,1342.0,1382.0,1281.0,1281.0,939.0,403.0,898.0,386.0
0.0,2745.0,1334.0,1341.0,1281.0,1331.0,1331.0,939.0,402.0,934.0,400.0
0.0,2692.0,1311.0,1340.0,1331.0,1308.0,1308.0,938.0,402.0,920.0,391.0
0.0,2712.0,1336.0,1341.0,1308.0,1339.0,1339.0,939.0,402.0,933.0,403.0
0.0,2684.0,1408.0,1343.0,1339.0,1414.0,1414.0,940.0,403.0,987.0,421.0
0.0,2615.0,1395.0,1344.0,1414.0,1398.0,1398.0,941.0,403.0,974.0,421.0
0.0,2634.0,1356.0,1344.0,1398.0,1356.0,1356.0,941.0,403.0,950.0,406.0
0.0,2676.0,1379.0,1346.0,1356.0,1385.0,1385.0,942.0,404.0,965.0,414.0
0.0,2653.0,1324.0,1346.0,1385.0,1324.0,1324.0,942.0,404.0,927.0,397.0
0.0,2714.0,1264.0,1344.0,1324.0,1258.0,1258.0,941.0,403.0,885.0,379.0
0.0,2774.0,1350.0,1346.0,1258.0,1356.0,1356.0,942.0,404.0,946.0,404.0
0.0,2682.0,1402.0,1348.0,1356.0,1408.0,1408.0,944.0,404.0,980.0,422.0
0.0,2636.0,1447.0,1349.0,1408.0,1450.0,1450.0,944.0,405.0,1014.0,433.0
0.0,2597.0,1356.0,1349.0,1450.0,1356.0,1356.0,944.0,405.0,949.0,407.0
0.0,2691.0,1390.0,1350.0,1356.0,1393.0,1393.0,945.0,405.0,974.0,416.0
0.0,2657.0,1337.0,1350.0,1393.0,1337.0,1337.0,945.0,405.0,936.0,401.0
0.0,2713.0,1379.0,1350.0,1337.0,1379.0,1379.0,945.0,405.0,963.0,416.0
0.0,2671.0,1397.0,1353.0,1379.0,1406.0,1406.0,947.0,406.0,979.0,418.0
0.0,2653.0,1370.0,1353.0,1406.0,1370.0,1370.0,947.0,406.0,960.0,410.0
0.0,2689.0,1433.0,1357.0,1370.0,1445.0,1445.0,950.0,407.0,1003.0,430.0
0.0,2626.0,1402.0,1357.0,1445.0,1402.0,1402.0,950.0,407.0,980.0,422.0
0.0,2669.0,1316.0,1357.0,1402.0,1316.0,1316.0,950.0,407.0,921.0,395.0
0.0,2755.0,1389.0,1359.0,1316.0,1395.0,1395.0,951.0,408.0,972.0,417.0
0.0,2682.0,1297.0,1359.0,1395.0,1297.0,1297.0,951.0,408.0,908.0,389.0
0.0,2780.0,1356.0,1359.0,1297.0,1356.0,1356.0,951.0,408.0,949.0,407.0
0.0,2721.0,1481.0,1363.0,1356.0,1493.0,1493.0,954.0,409.0,1037.0,444.0
0.0,2596.0,1393.0,1364.0,1493.0,1396.0,1396.0,955.0,409.0,976.0,417.0
0.0,2696.0,1383.0,1363.0,1396.0,1380.0,1380.0,954.0,409.0,967.0,416.0
0.0,2709.0,1367.0,1363.0,1380.0,1367.0,1367.0,954.0,409.0,958.0,409.0
0.0,2722.0,1339.0,1363.0,1367.0,1339.0,1339.0,954.0,409.0,936.0,403.0
0.0,2750.0,1408.0,1362.0,1339.0,1405.0,1405.0,953.0,409.0,986.0,422.0
0.0,2681.0,1407.0,1363.0,1405.0,1410.0,1410.0,954.0,409.0,986.0,421.0
0.0,2679.0,1379.0,1364.0,1410.0,1382.0,1382.0,955.0,409.0,963.0,416.0
0.0,2710.0,1439.0,1367.0,1382.0,1448.0,1448.0,957.0,410.0,1009.0,430.0
0.0,2653.0,1416.0,1369.0,1448.0,1422.0,1422.0,958.0,411.0,990.0,426.0
0.0,2685.0,1317.0,1366.0,1422.0,1308.0,1308.0,956.0,410.0,922.0,395.0
0.0,2790.0,1330.0,1364.0,1308.0,1324.0,1324.0,955.0,409.0,930.0,400.0
0.0,2768.0,1283.0,1363.0,1324.0,1280.0,1280.0,954.0,409.0,899.0,384.0
0.0,2809.0,1425.0,1364.0,1280.0,1428.0,1428.0,955.0,409.0,997.0,428.0
0.0,2664.0,1339.0,1366.0,1428.0,1345.0,1345.0,956.0,410.0,937.0,402.0
0.0,2753.0,1399.0,1367.0,1345.0,1402.0,1402.0,957.0,410.0,980.0,419.0
0.0,2699.0,1415.0,1369.0,1402.0,1421.0,1421.0,958.0,411.0,989.0,426.0
0.0,2686.0,1328.0,1367.0,1421.0,1322.0,1322.0,957.0,410.0,929.0,399.0
0.0,2779.0,1316.0,1365.0,1322.0,1310.0,1310.0,955.0,410.0,922.0,394.0
0.0,2785.0,1347.0,1364.0,1310.0,1344.0,1344.0,955.0,409.0,943.0,404.0
0.0,2748.0,1338.0,1363.0,1344.0,1335.0,1335.0,954.0,409.0,936.0,402.0
0.0,2754.0,1364.0,1366.0,1335.0,1373.0,1373.0,956.0,410.0,956.0,408.0
0.0,2725.0,1486.0,1369.0,1373.0,1495.0,1495.0,958.0,411.0,1041.0,445.0
0.0,2612.0,1368.0,1370.0,1495.0,1371.0,1371.0,959.0,411.0,958.0,410.0
0.0,2739.0,1354.0,1369.0,1371.0,1351.0,1351.0,958.0,411.0,948.0,406.0
0.0,2756.0,1313.0,1367.0,1351.0,1307.0,1307.0,957.0,410.0,918.0,395.0
0.0,2794.0,1386.0,1368.0,1307.0,1389.0,1389.0,958.0,410.0,970.0,416.0
0.0,2715.0,1386.0,1370.0,1389.0,1392.0,1392.0,959.0,411.0,972.0,414.0
0.0,2718.0,1420.0,1371.0,1392.0,1423.0,1423.0,960.0,411.0,993.0,427.0
0.0,2690.0,1432.0,1374.0,1423.0,1441.0,1441.0,962.0,412.0,1001.0,431.0
0.0,2681.0,1346.0,1374.0,1441.0,1346.0,1346.0,962.0,412.0,942.0,404.0
0.0,2776.0,1304.0,1372.0,1346.0,1298.0,1298.0,960.0,412.0,914.0,390.0
0.0,2818.0,1356.0,1371.0,1298.0,1353.0,1353.0,960.0,411.0,949.0,407.0
0.0,2760.0,1376.0,1372.0,1353.0,1379.0,1379.0,960.0,412.0,963.0,413.0
0.0,2737.0,1388.0,1372.0,1379.0,1388.0,1388.0,960.0,412.0,972.0,416.0
0.0,2728.0,1435.0,1374.0,1388.0,1441.0,1441.0,962.0,412.0,1004.0,431.0
0.0,2681.0,1412.0,1377.0,1441.0,1421.0,1421.0,964.0,413.0,987.0,425.0
0.0,2710.0,1423.0,1379.0,1421.0,1429.0,1429.0,965.0,414.0,997.0,426.0
0.0,2708.0,1393.0,1378.0,1429.0,1390.0,1390.0,965.0,413.0,975.0,418.0
0.0,2744.0,1382.0,1377.0,1390.0,1379.0,1379.0,964.0,413.0,967.0,415.0
0.0,2752.0,1394.0,1377.0,1379.0,1394.0,1394.0,964.0,413.0,976.0,418.0
0.0,2737.0,1313.0,1376.0,1394.0,1310.0,1310.0,963.0,413.0,920.0,393.0
0.0,2818.0,1428.0,1377.0,1310.0,1431.0,1431.0,964.0,413.0,998.0,430.0
0.0,2700.0,1341.0,1377.0,1431.0,1341.0,1341.0,964.0,413.0,939.0,402.0
0.0,2790.0,1392.0,1377.0,1341.0,1392.0,1392.0,964.0,413.0,974.0,418.0
0.0,2739.0,1388.0,1377.0,1392.0,1388.0,1388.0,964.0,413.0,972.0,416.0
0.0,2743.0,1357.0,1376.0,1388.0,1354.0,1354.0,963.0,413.0,951.0,406.0
0.0,2774.0,1440.0,1377.0,1354.0,1443.0,1443.0,964.0,413.0,1007.0,433.0
0.0,2688.0,1377.0,1377.0,1443.0,1377.0,1377.0,964.0,413.0,965.0,412.0
0.0,2754.0,1401.0,1378.0,1377.0,1404.0,1404.0,965.0,413.0,981.0,420.0
0.0,2730.0,1414.0,1380.0,1404.0,1420.0,1420.0,966.0,414.0,989.0,425.0
0.0,2720.0,1518.0,1383.0,1420.0,1527.0,1527.0,968.0,415.0,1062.0,456.0
0.0,2622.0,1404.0,1382.0,1527.0,1401.0,1401.0,967.0,415.0,984.0,420.0
0.0,2745.0,1383.0,1382.0,1401.0,1383.0,1383.0,967.0,415.0,968.0,415.0
0.0,2763.0,1337.0,1381.0,1383.0,1334.0,1334.0,967.0,414.0,936.0,401.0
0.0,2809.0,1416.0,1382.0,1334.0,1419.0,1419.0,967.0,415.0,991.0,425.0
0.0,2727.0,1435.0,1383.0,1419.0,1438.0,1438.0,968.0,415.0,1004.0,431.0
0.0,2711.0,1461.0,1384.0,1438.0,1464.0,1464.0,969.0,415.0,1023.0,438.0
0.0,2688.0,1413.0,1384.0,1464.0,1413.0,1413.0,969.0,415.0,989.0,424.0
0.0,2739.0,1383.0,1384.0,1413.0,1383.0,1383.0,969.0,415.0,968.0,415.0
0.0,2769.0,1339.0,1383.0,1383.0,1336.0,1336.0,968.0,415.0,936.0,403.0
0.0,2813.0,1407.0,1383.0,1336.0,1407.0,1407.0,968.0,415.0,985.0,422.0
0.0,2742.0,1393.0,1384.0,1407.0,1396.0,1396.0,969.0,415.0,976.0,417.0
0.0,2756.0,1379.0,1386.0,1396.0,1385.0,1385.0,970.0,416.0,966.0,413.0
0.0,2773.0,1466.0,1389.0,1385.0,1475.0,1475.0,972.0,417.0,1026.0,440.0
0.0,2692.0,1498.0,1390.0,1475.0,1501.0,1501.0,973.0,417.0,1047.0,451.0
0.0,2669.0,1434.0,1392.0,1501.0,1440.0,1440.0,974.0,418.0,1005.0,429.0
0.0,2736.0,1400.0,1392.0,1440.0,1400.0,1400.0,974.0,418.0,980.0,420.0
0.0,2776.0,1403.0,1392.0,1400.0,1403.0,1403.0,974.0,418.0,982.0,421.0
0.0,2773.0,1417.0,1393.0,1403.0,1420.0,1420.0,975.0,418.0,991.0,426.0
0.0,2759.0,1445.0,1396.0,1420.0,1454.0,1454.0,977.0,419.0,1013.0,432.0
0.0,2734.0,1379.0,1397.0,1454.0,1382.0,1382.0,978.0,419.0,965.0,414.0
0.0,2809.0,1387.0,1397.0,1382.0,1387.0,1387.0,978.0,419.0,970.0,417.0
0.0,2804.0,1424.0,1399.0,1387.0,1430.0,1430.0,979.0,420.0,998.0,426.0
0.0,2767.0,1433.0,1397.0,1430.0,1427.0,1427.0,978.0,419.0,1002.0,431.0
0.0,2764.0,1409.0,1399.0,1427.0,1415.0,1415.0,979.0,420.0,987.0,422.0
0.0,2782.0,1417.0,1400.0,1415.0,1420.0,1420.0,980.0,420.0,992.0,425.0
0.0,2780.0,1475.0,1403.0,1420.0,1484.0,1484.0,982.0,421.0,1032.0,443.0
0.0,2725.0,1409.0,1403.0,1484.0,1409.0,1409.0,982.0,421.0,987.0,422.0
0.0,2800.0,1390.0,1403.0,1409.0,1390.0,1390.0,982.0,421.0,973.0,417.0
0.0,2819.0,1359.0,1402.0,1390.0,1356.0,1356.0,981.0,421.0,950.0,409.0
0.0,2850.0,1413.0,1402.0,1356.0,1413.0,1413.0,981.0,421.0,989.0,424.0
0.0,2793.0,1412.0,1403.0,1413.0,1415.0,1415.0,982.0,421.0,989.0,423.0
0.0,2794.0,1422.0,1406.0,1415.0,1431.0,1431.0,984.0,422.0,994.0,428.0
0.0,2787.0,1437.0,1407.0,1431.0,1440.0,1440.0,985.0,422.0,1007.0,430.0
0.0,2781.0,1459.0,1409.0,1440.0,1465.0,1465.0,986.0,423.0,1020.0,439.0
0.0,2762.0,1426.0,1409.0,1465.0,1426.0,1426.0,986.0,423.0,999.0,427.0
0.0,2801.0,1414.0,1409.0,1426.0,1414.0,1414.0,986.0,423.0,990.0,424.0
0.0,2813.0,1385.0,1408.0,1414.0,1382.0,1382.0,986.0,422.0,969.0,416.0
0.0,2842.0,1394.0,1407.0,1382.0,1391.0,1391.0,985.0,422.0,976.0,418.0
0.0,2830.0,1457.0,1409.0,1391.0,1463.0,1463.0,986.0,423.0,1021.0,436.0
0.0,2764.0,1420.0,1410.0,1463.0,1423.0,1423.0,987.0,423.0,994.0,426.0
0.0,2807.0,1452.0,1410.0,1423.0,1452.0,1452.0,987.0,423.0,1015.0,437.0
0.0,2778.0,1475.0,1414.0,1452.0,1487.0,1487.0,990.0,424.0,1032.0,443.0
0.0,2755.0,1433.0,1414.0,1487.0,1433.0,1433.0,990.0,424.0,1003.0,430.0
0.0,2809.0,1447.0,1416.0,1433.0,1453.0,1453.0,991.0,425.0,1015.0,432.0
0.0,2795.0,1496.0,1418.0,1453.0,1502.0,1502.0,993.0,425.0,1046.0,450.0
0.0,2752.0,1465.0,1420.0,1502.0,1471.0,1471.0,994.0,426.0,1026.0,439.0
0.0,2789.0,1486.0,1422.0,1471.0,1492.0,1492.0,995.0,427.0,1039.0,447.0
0.0,2774.0,1556.0,1424.0,1492.0,1562.0,1562.0,997.0,427.0,1091.0,465.0
0.0,2710.0,1472.0,1426.0,1562.0,1478.0,1478.0,998.0,428.0,1029.0,443.0
0.0,2800.0,1393.0,1426.0,1478.0,1393.0,1393.0,998.0,428.0,975.0,418.0
0.0,2885.0,1440.0,1426.0,1393.0,1440.0,1440.0,998.0,428.0,1009.0,431.0
0.0,2838.0,1378.0,1424.0,1440.0,1372.0,1372.0,997.0,427.0,965.0,413.0
0.0,2900.0,1476.0,1425.0,1372.0,1479.0,1479.0,997.0,428.0,1032.0,444.0
0.0,2796.0,1413.0,1426.0,1479.0,1416.0,1416.0,998.0,428.0,989.0,424.0
0.0,2862.0,1486.0,1429.0,1416.0,1495.0,1495.0,1000.0,429.0,1040.0,446.0
0.0,2792.0,1499.0,1430.0,1495.0,1502.0,1502.0,1001.0,429.0,1050.0,449.0
0.0,2788.0,1428.0,1430.0,1502.0,1428.0,1428.0,1001.0,429.0,1000.0,428.0
0.0,2862.0,1456.0,1430.0,1428.0,1456.0,1456.0,1001.0,429.0,1019.0,437.0
0.0,2834.0,1466.0,1431.0,1456.0,1469.0,1469.0,1002.0,429.0,1027.0,439.0
0.0,2824.0,1429.0,1432.0,1469.0,1432.0,1432.0,1002.0,430.0,998.0,431.0
0.0,2864.0,1528.0,1436.0,1432.0,1540.0,1540.0,1005.0,431.0,1070.0,458.0
0.0,2768.0,1475.0,1437.0,1540.0,1478.0,1478.0,1006.0,431.0,1033.0,442.0
0.0,2833.0,1475.0,1439.0,1478.0,1481.0,1481.0,1007.0,432.0,1031.0,444.0
0.0,2836.0,1400.0,1439.0,1481.0,1400.0,1400.0,1007.0,432.0,980.0,420.0
0.0,2917.0,1430.0,1437.0,1400.0,1424.0,1424.0,1006.0,431.0,1001.0,429.0
0.0,2887.0,1342.0,1434.0,1424.0,1333.0,1333.0,1004.0,430.0,940.0,402.0
0.0,2969.0,1490.0,1436.0,1333.0,1496.0,1496.0,1005.0,431.0,1043.0,447.0
0.0,2812.0,1473.0,1437.0,1496.0,1476.0,1476.0,1006.0,431.0,1032.0,441.0
0.0,2835.0,1472.0,1439.0,1476.0,1478.0,1478.0,1007.0,432.0,1029.0,443.0
0.0,2839.0,1460.0,1440.0,1478.0,1463.0,1463.0,1008.0,432.0,1023.0,437.0
0.0,2857.0,1461.0,1440.0,1463.0,1461.0,1461.0,1008.0,432.0,1023.0,438.0
0.0,2859.0,1419.0,1440.0,1461.0,1419.0,1419.0,1008.0,432.0,994.0,425.0
0.0,2901.0,1452.0,1442.0,1419.0,1458.0,1458.0,1009.0,433.0,1015.0,437.0
0.0,2868.0,1377.0,1441.0,1458.0,1374.0,1374.0,1009.0,432.0,963.0,414.0
0.0,2949.0,1489.0,1442.0,1374.0,1492.0,1492.0,1009.0,433.0,1043.0,446.0
0.0,2834.0,1533.0,1444.0,1492.0,1539.0,1539.0,1011.0,433.0,1072.0,461.0
0.0,2793.0,1523.0,1446.0,1539.0,1529.0,1529.0,1012.0,434.0,1068.0,455.0
0.0,2809.0,1456.0,1446.0,1529.0,1456.0,1456.0,1012.0,434.0,1018.0,438.0
0.0,2882.0,1364.0,1446.0,1456.0,1364.0,1364.0,1012.0,434.0,955.0,409.0
0.0,2974.0,1426.0,1446.0,1364.0,1426.0,1426.0,1012.0,434.0,998.0,428.0
0.0,2912.0,1473.0,1448.0,1426.0,1479.0,1479.0,1014.0,434.0,1031.0,442.0
0.0,2865.0,1499.0,1450.0,1479.0,1505.0,1505.0,1015.0,435.0,1050.0,449.0
0.0,2845.0,1486.0,1451.0,1505.0,1489.0,1489.0,1016.0,435.0,1039.0,447.0
0.0,2864.0,1519.0,1453.0,1489.0,1525.0,1525.0,1017.0,436.0,1064.0,455.0
0.0,2834.0,1401.0,1453.0,1525.0,1401.0,1401.0,1017.0,436.0,981.0,420.0
0.0,2958.0,1437.0,1452.0,1401.0,1434.0,1434.0,1016.0,436.0,1006.0,431.0
0.0,2922.0,1489.0,1453.0,1434.0,1492.0,1492.0,1017.0,436.0,1042.0,447.0
0.0,2867.0,1503.0,1454.0,1492.0,1506.0,1506.0,1018.0,436.0,1052.0,451.0
0.0,2856.0,1562.0,1459.0,1506.0,1577.0,1577.0,1021.0,438.0,1093.0,469.0
0.0,2800.0,1465.0,1460.0,1577.0,1468.0,1468.0,1022.0,438.0,1026.0,439.0
0.0,2912.0,1583.0,1462.0,1468.0,1589.0,1589.0,1023.0,439.0,1107.0,476.0
0.0,2797.0,1411.0,1462.0,1589.0,1411.0,1411.0,1023.0,439.0,988.0,423.0
0.0,2975.0,1446.0,1462.0,1411.0,1446.0,1446.0,1023.0,439.0,1012.0,434.0
0.0,2940.0,1460.0,1461.0,1446.0,1457.0,1457.0,1023.0,438.0,1022.0,438.0
0.0,2926.0,1483.0,1463.0,1457.0,1489.0,1489.0,1024.0,439.0,1039.0,444.0
0.0,2900.0,1478.0,1463.0,1489.0,1478.0,1478.0,1024.0,439.0,1035.0,443.0
0.0,2911.0,1454.0,1463.0,1478.0,1454.0,1454.0,1024.0,439.0,1018.0,436.0
0.0,2935.0,1497.0,1463.0,1454.0,1497.0,1497.0,1024.0,439.0,1048.0,449.0
0.0,2892.0,1442.0,1462.0,1497.0,1439.0,1439.0,1023.0,439.0,1009.0,433.0
0.0,2947.0,1467.0,1460.0,1439.0,1461.0,1461.0,1022.0,438.0,1028.0,439.0
0.0,2919.0,1436.0,1460.0,1461.0,1436.0,1436.0,1022.0,438.0,1004.0,432.0
0.0,2944.0,1501.0,1462.0,1436.0,1507.0,1507.0,1023.0,439.0,1050.0,451.0
0.0,2879.0,1467.0,1463.0,1507.0,1470.0,1470.0,1024.0,439.0,1027.0,440.0
0.0,2919.0,1496.0,1464.0,1470.0,1499.0,1499.0,1025.0,439.0,1046.0,450.0
0.0,2893.0,1544.0,1466.0,1499.0,1550.0,1550.0,1026.0,440.0,1082.0,462.0
0.0,2848.0,1457.0,1467.0,1550.0,1460.0,1460.0,1027.0,440.0,1021.0,436.0
0.0,2941.0,1453.0,1466.0,1460.0,1450.0,1450.0,1026.0,440.0,1017.0,436.0
0.0,2948.0,1441.0,1465.0,1450.0,1438.0,1438.0,1025.0,440.0,1008.0,433.0
0.0,2957.0,1491.0,1466.0,1438.0,1494.0,1494.0,1026.0,440.0,1045.0,446.0
0.0,2904.0,1503.0,1467.0,1494.0,1506.0,1506.0,1027.0,440.0,1052.0,451.0
0.0,2895.0,1502.0,1467.0,1506.0,1502.0,1502.0,1027.0,440.0,1050.0,452.0
0.0,2899.0,1493.0,1469.0,1502.0,1499.0,1499.0,1028.0,441.0,1046.0,447.0
0.0,2908.0,1448.0,1467.0,1499.0,1442.0,1442.0,1027.0,440.0,1013.0,435.0
0.0,2959.0,1405.0,1466.0,1442.0,1402.0,1402.0,1026.0,440.0,985.0,420.0
0.0,2996.0,1476.0,1466.0,1402.0,1476.0,1476.0,1026.0,440.0,1033.0,443.0
0.0,2922.0,1488.0,1467.0,1476.0,1491.0,1491.0,1027.0,440.0,1040.0,448.0
0.0,2910.0,1497.0,1469.0,1491.0,1503.0,1503.0,1028.0,441.0,1049.0,448.0
0.0,2904.0,1574.0,1473.0,1503.0,1586.0,1586.0,1031.0,442.0,1102.0,472.0
0.0,2833.0,1497.0,1474.0,1586.0,1500.0,1500.0,1032.0,442.0,1048.0,449.0
0.0,2922.0,1463.0,1473.0,1500.0,1460.0,1460.0,1031.0,442.0,1024.0,439.0
0.0,2959.0,1437.0,1473.0,1460.0,1437.0,1437.0,1031.0,442.0,1006.0,431.0
0.0,2982.0,1438.0,1473.0,1437.0,1438.0,1438.0,1031.0,442.0,1006.0,432.0
0.0,2981.0,1485.0,1473.0,1438.0,1485.0,1485.0,1031.0,442.0,1040.0,445.0
0.0,2934.0,1544.0,1476.0,1485.0,1553.0,1553.0,1033.0,443.0,1080.0,464.0
0.0,2875.0,1437.0,1474.0,1553.0,1431.0,1431.0,1032.0,442.0,1006.0,431.0
0.0,2991.0,1459.0,1477.0,1431.0,1468.0,1468.0,1034.0,443.0,1022.0,437.0
0.0,2963.0,1471.0,1476.0,1468.0,1468.0,1468.0,1033.0,443.0,1030.0,441.0
0.0,2960.0,1466.0,1474.0,1468.0,1460.0,1460.0,1032.0,442.0,1025.0,441.0
0.0,2962.0,1501.0,1474.0,1460.0,1501.0,1501.0,1032.0,442.0,1051.0,450.0
0.0,2921.0,1486.0,1475.0,1501.0,1489.0,1489.0,1033.0,442.0,1040.0,446.0
0.0,2936.0,1515.0,1478.0,1489.0,1524.0,1524.0,1035.0,443.0,1060.0,455.0
0.0,2910.0,1519.0,1480.0,1524.0,1525.0,1525.0,1036.0,444.0,1064.0,455.0
0.0,2915.0,1543.0,1481.0,1525.0,1546.0,1546.0,1037.0,444.0,1079.0,464.0
0.0,2897.0,1492.0,1481.0,1546.0,1492.0,1492.0,1037.0,444.0,1044.0,448.0
0.0,2951.0,1550.0,1483.0,1492.0,1556.0,1556.0,1038.0,445.0,1086.0,464.0
0.0,2893.0,1500.0,1482.0,1556.0,1497.0,1497.0,1037.0,445.0,1050.0,450.0
0.0,2949.0,1533.0,1484.0,1497.0,1539.0,1539.0,1039.0,445.0,1073.0,460.0
0.0,2913.0,1543.0,1486.0,1539.0,1549.0,1549.0,1040.0,446.0,1081.0,462.0
0.0,2909.0,1540.0,1487.0,1549.0,1543.0,1543.0,1041.0,446.0,1077.0,463.0
0.0,2918.0,1511.0,1487.0,1543.0,1511.0,1511.0,1041.0,446.0,1058.0,453.0
0.0,2950.0,1417.0,1484.0,1511.0,1408.0,1408.0,1039.0,445.0,992.0,425.0
0.0,3044.0,1409.0,1484.0,1408.0,1409.0,1409.0,1039.0,445.0,986.0,423.0
0.0,3043.0,1454.0,1481.0,1409.0,1445.0,1445.0,1037.0,444.0,1018.0,436.0
0.0,2998.0,1530.0,1483.0,1445.0,1536.0,1536.0,1038.0,445.0,1070.0,460.0
0.0,2913.0,1586.0,1486.0,1536.0,1595.0,1595.0,1040.0,446.0,1112.0,474.0
0.0,2863.0,1542.0,1487.0,1595.0,1545.0,1545.0,1041.0,446.0,1078.0,464.0
0.0,2916.0,1514.0,1488.0,1545.0,1517.0,1517.0,1042.0,446.0,1061.0,453.0
0.0,2947.0,1483.0,1489.0,1517.0,1486.0,1486.0,1042.0,447.0,1038.0,445.0
0.0,2981.0,1447.0,1488.0,1486.0,1444.0,1444.0,1042.0,446.0,1013.0,434.0
0.0,3020.0,1487.0,1488.0,1444.0,1487.0,1487.0,1042.0,446.0,1041.0,446.0
0.0,2977.0,1529.0,1490.0,1487.0,1535.0,1535.0,1043.0,447.0,1071.0,458.0
0.0,2935.0,1575.0,1492.0,1535.0,1581.0,1581.0,1044.0,448.0,1101.0,474.0
0.0,2895.0,1500.0,1493.0,1581.0,1503.0,1503.0,1045.0,448.0,1051.0,449.0
0.0,2976.0,1500.0,1493.0,1503.0,1500.0,1500.0,1045.0,448.0,1050.0,450.0
0.0,2979.0,1461.0,1493.0,1500.0,1461.0,1461.0,1045.0,448.0,1023.0,438.0
0.0,3018.0,1569.0,1494.0,1461.0,1572.0,1572.0,1046.0,448.0,1097.0,472.0
0.0,2910.0,1507.0,1494.0,1572.0,1507.0,1507.0,1046.0,448.0,1054.0,453.0
0.0,2975.0,1515.0,1494.0,1507.0,1515.0,1515.0,1046.0,448.0,1061.0,454.0
0.0,2967.0,1551.0,1497.0,1515.0,1560.0,1560.0,1048.0,449.0,1087.0,464.0
0.0,2931.0,1575.0,1499.0,1560.0,1581.0,1581.0,1049.0,450.0,1102.0,473.0
0.0,2916.0,1466.0,1499.0,1581.0,1466.0,1466.0,1049.0,450.0,1026.0,440.0
0.0,3031.0,1513.0,1499.0,1466.0,1513.0,1513.0,1049.0,450.0,1059.0,454.0
0.0,2984.0,1520.0,1499.0,1513.0,1520.0,1520.0,1049.0,450.0,1064.0,456.0
0.0,2977.0,1466.0,1499.0,1520.0,1466.0,1466.0,1049.0,450.0,1026.0,440.0
0.0,3031.0,1441.0,1499.0,1466.0,1441.0,1441.0,1049.0,450.0,1009.0,432.0
0.0,3056.0,1589.0,1502.0,1441.0,1598.0,1598.0,1051.0,451.0,1112.0,477.0
0.0,2908.0,1580.0,1504.0,1598.0,1586.0,1586.0,1053.0,451.0,1105.0,475.0
0.0,2926.0,1567.0,1506.0,1586.0,1573.0,1573.0,1054.0,452.0,1098.0,469.0
0.0,2945.0,1546.0,1507.0,1573.0,1549.0,1549.0,1055.0,452.0,1083.0,463.0
0.0,2972.0,1491.0,1505.0,1549.0,1485.0,1485.0,1053.0,452.0,1043.0,448.0
0.0,3030.0,1484.0,1504.0,1485.0,1481.0,1481.0,1053.0,451.0,1039.0,445.0
0.0,3031.0,1504.0,1506.0,1481.0,1510.0,1510.0,1054.0,452.0,1054.0,450.0
0.0,3008.0,1542.0,1507.0,1510.0,1545.0,1545.0,1055.0,452.0,1078.0,464.0
0.0,2976.0,1530.0,1510.0,1545.0,1539.0,1539.0,1057.0,453.0,1072.0,458.0
0.0,2991.0,1569.0,1511.0,1539.0,1572.0,1572.0,1058.0,453.0,1097.0,472.0
0.0,2961.0,1537.0,1511.0,1572.0,1537.0,1537.0,1058.0,453.0,1076.0,461.0
0.0,2996.0,1486.0,1512.0,1537.0,1489.0,1489.0,1058.0,454.0,1041.0,445.0
0.0,3047.0,1533.0,1513.0,1489.0,1536.0,1536.0,1059.0,454.0,1074.0,459.0
0.0,3003.0,1514.0,1514.0,1536.0,1517.0,1517.0,1060.0,454.0,1058.0,456.0
0.0,3025.0,1568.0,1516.0,1517.0,1574.0,1574.0,1061.0,455.0,1099.0,469.0
0.0,2974.0,1521.0,1516.0,1574.0,1521.0,1521.0,1061.0,455.0,1065.0,456.0
0.0,3027.0,1510.0,1517.0,1521.0,1513.0,1513.0,1062.0,455.0,1057.0,453.0
0.0,3038.0,1511.0,1517.0,1513.0,1511.0,1511.0,1062.0,455.0,1058.0,453.0
0.0,3040.0,1448.0,1516.0,1511.0,1445.0,1445.0,1061.0,455.0,1013.0,435.0
0.0,3103.0,1486.0,1514.0,1445.0,1480.0,1480.0,1060.0,454.0,1040.0,446.0
0.0,3062.0,1595.0,1516.0,1480.0,1601.0,1601.0,1061.0,455.0,1117.0,478.0
0.0,2947.0,1543.0,1516.0,1601.0,1543.0,1543.0,1061.0,455.0,1080.0,463.0
0.0,3005.0,1563.0,1517.0,1543.0,1566.0,1566.0,1062.0,455.0,1093.0,470.0
0.0,2985.0,1480.0,1516.0,1566.0,1477.0,1477.0,1061.0,455.0,1037.0,443.0
0.0,3071.0,1543.0,1516.0,1477.0,1543.0,1543.0,1061.0,455.0,1080.0,463.0
0.0,3005.0,1467.0,1514.0,1543.0,1461.0,1461.0,1060.0,454.0,1026.0,441.0
0.0,3081.0,1414.0,1513.0,1461.0,1411.0,1411.0,1059.0,454.0,991.0,423.0
0.0,3128.0,1529.0,1516.0,1411.0,1538.0,1538.0,1061.0,455.0,1069.0,460.0
0.0,3010.0,1525.0,1517.0,1538.0,1528.0,1528.0,1062.0,455.0,1067.0,458.0
0.0,3023.0,1542.0,1519.0,1528.0,1548.0,1548.0,1063.0,456.0,1080.0,462.0
0.0,3009.0,1519.0,1519.0,1548.0,1519.0,1519.0,1063.0,456.0,1063.0,456.0
0.0,3038.0,1517.0,1517.0,1519.0,1511.0,1511.0,1062.0,455.0,1061.0,456.0
0.0,3040.0,1490.0,1517.0,1511.0,1490.0,1490.0,1062.0,455.0,1044.0,446.0
0.0,3061.0,1506.0,1516.0,1490.0,1503.0,1503.0,1061.0,455.0,1054.0,452.0
0.0,3045.0,1522.0,1517.0,1503.0,1525.0,1525.0,1062.0,455.0,1064.0,458.0
0.0,3026.0,1682.0,1522.0,1525.0,1697.0,1697.0,1065.0,457.0,1178.0,504.0
0.0,2869.0,1560.0,1523.0,1697.0,1563.0,1563.0,1066.0,457.0,1093.0,467.0
0.0,3006.0,1561.0,1524.0,1563.0,1564.0,1564.0,1067.0,457.0,1091.0,470.0
0.0,3008.0,1527.0,1523.0,1564.0,1524.0,1524.0,1066.0,457.0,1071.0,456.0
0.0,3045.0,1510.0,1523.0,1524.0,1510.0,1510.0,1066.0,457.0,1057.0,453.0
0.0,3059.0,1560.0,1524.0,1510.0,1563.0,1563.0,1067.0,457.0,1091.0,469.0
0.0,3009.0,1600.0,1527.0,1563.0,1609.0,1609.0,1069.0,458.0,1121.0,479.0
0.0,2972.0,1503.0,1526.0,1609.0,1500.0,1500.0,1068.0,458.0,1052.0,451.0
0.0,3078.0,1576.0,1527.0,1500.0,1579.0,1579.0,1069.0,458.0,1101.0,475.0
0.0,3002.0,1582.0,1528.0,1579.0,1585.0,1585.0,1070.0,458.0,1108.0,474.0
0.0,2999.0,1517.0,1527.0,1585.0,1514.0,1514.0,1069.0,458.0,1062.0,455.0
0.0,3067.0,1496.0,1526.0,1514.0,1493.0,1493.0,1068.0,458.0,1048.0,448.0
0.0,3085.0,1509.0,1527.0,1493.0,1512.0,1512.0,1069.0,458.0,1055.0,454.0
0.0,3069.0,1519.0,1527.0,1512.0,1519.0,1519.0,1069.0,458.0,1063.0,456.0
0.0,3062.0,1640.0,1529.0,1519.0,1646.0,1646.0,1070.0,459.0,1149.0,491.0
0.0,2941.0,1619.0,1532.0,1646.0,1628.0,1628.0,1072.0,460.0,1133.0,486.0
0.0,2968.0,1555.0,1534.0,1628.0,1561.0,1561.0,1074.0,460.0,1088.0,467.0
0.0,3041.0,1544.0,1533.0,1561.0,1541.0,1541.0,1073.0,460.0,1080.0,464.0
0.0,3058.0,1516.0,1533.0,1541.0,1516.0,1516.0,1073.0,460.0,1062.0,454.0
0.0,3083.0,1561.0,1532.0,1516.0,1558.0,1558.0,1072.0,460.0,1093.0,468.0
0.0,3038.0,1536.0,1532.0,1558.0,1536.0,1536.0,1072.0,460.0,1075.0,461.0
0.0,3060.0,1621.0,1534.0,1536.0,1627.0,1627.0,1074.0,460.0,1134.0,487.0
0.0,2975.0,1618.0,1537.0,1627.0,1627.0,1627.0,1076.0,461.0,1132.0,486.0
0.0,2984.0,1556.0,1539.0,1627.0,1562.0,1562.0,1077.0,462.0,1089.0,467.0
0.0,3055.0,1543.0,1538.0,1562.0,1540.0,1540.0,1077.0,461.0,1080.0,463.0
0.0,3074.0,1508.0,1537.0,1540.0,1505.0,1505.0,1076.0,461.0,1056.0,452.0
0.0,3106.0,1519.0,1537.0,1505.0,1519.0,1519.0,1076.0,461.0,1063.0,456.0
0.0,3092.0,1616.0,1539.0,1519.0,1622.0,1622.0,1077.0,462.0,1132.0,484.0
0.0,2995.0,1587.0,1540.0,1622.0,1590.0,1590.0,1078.0,462.0,1110.0,477.0
0.0,3030.0,1574.0,1541.0,1590.0,1577.0,1577.0,1079.0,462.0,1102.0,472.0
0.0,3046.0,1549.0,1542.0,1577.0,1552.0,1552.0,1079.0,463.0,1085.0,464.0
0.0,3074.0,1533.0,1541.0,1552.0,1530.0,1530.0,1079.0,462.0,1073.0,460.0
0.0,3093.0,1518.0,1541.0,1530.0,1518.0,1518.0,1079.0,462.0,1063.0,455.0
0.0,3105.0,1516.0,1541.0,1518.0,1516.0,1516.0,1079.0,462.0,1061.0,455.0
0.0,3107.0,1569.0,1542.0,1516.0,1572.0,1572.0,1079.0,463.0,1098.0,471.0
0.0,3054.0,1580.0,1544.0,1572.0,1586.0,1586.0,1081.0,463.0,1106.0,474.0
0.0,3046.0,1692.0,1549.0,1586.0,1707.0,1707.0,1084.0,465.0,1185.0,507.0
0.0,2940.0,1515.0,1547.0,1707.0,1509.0,1509.0,1083.0,464.0,1060.0,455.0
0.0,3132.0,1556.0,1547.0,1509.0,1556.0,1556.0,1083.0,464.0,1089.0,467.0
0.0,3085.0,1525.0,1547.0,1556.0,1525.0,1525.0,1083.0,464.0,1067.0,458.0
0.0,3116.0,1543.0,1547.0,1525.0,1543.0,1543.0,1083.0,464.0,1081.0,462.0
0.0,3098.0,1541.0,1547.0,1543.0,1541.0,1541.0,1083.0,464.0,1079.0,462.0
0.0,3100.0,1621.0,1550.0,1541.0,1630.0,1630.0,1085.0,465.0,1134.0,487.0
0.0,3020.0,1646.0,1556.0,1630.0,1664.0,1664.0,1089.0,467.0,1153.0,493.0
0.0,3004.0,1563.0,1556.0,1664.0,1563.0,1563.0,1089.0,467.0,1094.0,469.0
0.0,3105.0,1583.0,1557.0,1563.0,1586.0,1586.0,1090.0,467.0,1109.0,474.0
0.0,3085.0,1520.0,1557.0,1586.0,1520.0,1520.0,1090.0,467.0,1064.0,456.0
0.0,3151.0,1514.0,1556.0,1520.0,1511.0,1511.0,1089.0,467.0,1060.0,454.0
0.0,3157.0,1527.0,1557.0,1511.0,1530.0,1530.0,1090.0,467.0,1069.0,458.0
0.0,3141.0,1694.0,1560.0,1530.0,1703.0,1703.0,1092.0,468.0,1186.0,508.0
0.0,2977.0,1613.0,1563.0,1703.0,1622.0,1622.0,1094.0,469.0,1128.0,485.0
0.0,3067.0,1536.0,1563.0,1622.0,1536.0,1536.0,1094.0,469.0,1075.0,461.0
0.0,3153.0,1515.0,1560.0,1536.0,1506.0,1506.0,1092.0,468.0,1061.0,454.0
0.0,3174.0,1616.0,1560.0,1506.0,1616.0,1616.0,1092.0,468.0,1130.0,486.0
0.0,3064.0,1546.0,1560.0,1616.0,1546.0,1546.0,1092.0,468.0,1082.0,464.0
0.0,3134.0,1527.0,1560.0,1546.0,1527.0,1527.0,1092.0,468.0,1069.0,458.0
0.0,3153.0,1575.0,1562.0,1527.0,1581.0,1581.0,1093.0,469.0,1103.0,472.0
0.0,3105.0,1642.0,1563.0,1581.0,1645.0,1645.0,1094.0,469.0,1150.0,492.0
0.0,3044.0,1570.0,1563.0,1645.0,1570.0,1570.0,1094.0,469.0,1098.0,472.0
0.0,3119.0,1579.0,1564.0,1570.0,1582.0,1582.0,1095.0,469.0,1104.0,475.0
0.0,3110.0,1577.0,1564.0,1582.0,1577.0,1577.0,1095.0,469.0,1104.0,473.0
0.0,3115.0,1544.0,1563.0,1577.0,1541.0,1541.0,1094.0,469.0,1083.0,461.0
0.0,3148.0,1666.0,1566.0,1541.0,1675.0,1675.0,1096.0,470.0,1166.0,500.0
0.0,3023.0,1612.0,1569.0,1675.0,1621.0,1621.0,1098.0,471.0,1127.0,485.0
0.0,3086.0,1597.0,1570.0,1621.0,1600.0,1600.0,1099.0,471.0,1119.0,478.0
0.0,3110.0,1650.0,1573.0,1600.0,1659.0,1659.0,1101.0,472.0,1155.0,495.0
0.0,3060.0,1512.0,1570.0,1659.0,1503.0,1503.0,1099.0,471.0,1060.0,452.0
0.0,3207.0,1564.0,1569.0,1503.0,1561.0,1561.0,1098.0,471.0,1094.0,470.0
0.0,3146.0,1540.0,1569.0,1561.0,1540.0,1540.0,1098.0,471.0,1078.0,462.0
0.0,3167.0,1599.0,1570.0,1540.0,1602.0,1602.0,1099.0,471.0,1120.0,479.0
0.0,3108.0,1590.0,1571.0,1602.0,1593.0,1593.0,1100.0,471.0,1111.0,479.0
0.0,3120.0,1633.0,1573.0,1593.0,1639.0,1639.0,1101.0,472.0,1144.0,489.0
0.0,3080.0,1606.0,1574.0,1639.0,1609.0,1609.0,1102.0,472.0,1123.0,483.0
0.0,3113.0,1618.0,1574.0,1609.0,1618.0,1618.0,1102.0,472.0,1133.0,485.0
0.0,3104.0,1577.0,1573.0,1618.0,1574.0,1574.0,1101.0,472.0,1106.0,471.0
0.0,3145.0,1587.0,1574.0,1574.0,1590.0,1590.0,1102.0,472.0,1109.0,478.0
0.0,3132.0,1602.0,1575.0,1590.0,1605.0,1605.0,1103.0,472.0,1122.0,480.0
0.0,3120.0,1599.0,1577.0,1605.0,1605.0,1605.0,1104.0,473.0,1120.0,479.0
0.0,3126.0,1609.0,1579.0,1605.0,1615.0,1615.0,1105.0,474.0,1125.0,484.0
0.0,3122.0,1594.0,1578.0,1615.0,1591.0,1591.0,1105.0,473.0,1116.0,478.0
0.0,3143.0,1557.0,1577.0,1591.0,1554.0,1554.0,1104.0,473.0,1090.0,467.0
0.0,3177.0,1606.0,1578.0,1554.0,1609.0,1609.0,1105.0,473.0,1124.0,482.0
0.0,3125.0,1559.0,1579.0,1609.0,1562.0,1562.0,1105.0,474.0,1091.0,468.0
0.0,3175.0,1629.0,1580.0,1562.0,1632.0,1632.0,1106.0,474.0,1142.0,487.0
0.0,3108.0,1640.0,1583.0,1632.0,1649.0,1649.0,1108.0,475.0,1147.0,493.0
0.0,3100.0,1594.0,1584.0,1649.0,1597.0,1597.0,1109.0,475.0,1117.0,477.0
0.0,3155.0,1579.0,1584.0,1597.0,1579.0,1579.0,1109.0,475.0,1103.0,476.0
0.0,3173.0,1536.0,1583.0,1579.0,1533.0,1533.0,1108.0,475.0,1077.0,459.0
0.0,3216.0,1474.0,1579.0,1533.0,1462.0,1462.0,1105.0,474.0,1031.0,443.0
0.0,3275.0,1592.0,1580.0,1462.0,1595.0,1595.0,1106.0,474.0,1113.0,479.0
0.0,3145.0,1612.0,1582.0,1595.0,1618.0,1618.0,1107.0,475.0,1129.0,483.0
0.0,3128.0,1609.0,1583.0,1618.0,1612.0,1612.0,1108.0,475.0,1127.0,482.0
0.0,3137.0,1595.0,1584.0,1612.0,1598.0,1598.0,1109.0,475.0,1115.0,480.0
0.0,3154.0,1589.0,1586.0,1598.0,1595.0,1595.0,1110.0,476.0,1112.0,477.0
0.0,3163.0,1549.0,1584.0,1595.0,1543.0,1543.0,1109.0,475.0,1083.0,466.0
0.0,3209.0,1552.0,1582.0,1543.0,1546.0,1546.0,1107.0,475.0,1088.0,464.0
0.0,3200.0,1585.0,1583.0,1546.0,1588.0,1588.0,1108.0,475.0,1110.0,475.0
0.0,3161.0,1561.0,1582.0,1588.0,1558.0,1558.0,1107.0,475.0,1092.0,469.0
0.0,3188.0,1665.0,1585.0,1558.0,1674.0,1674.0,1109.0,476.0,1165.0,500.0
0.0,3081.0,1668.0,1587.0,1674.0,1674.0,1674.0,1111.0,476.0,1167.0,501.0
0.0,3087.0,1655.0,1590.0,1674.0,1664.0,1664.0,1113.0,477.0,1158.0,497.0
0.0,3106.0,1627.0,1589.0,1664.0,1624.0,1624.0,1112.0,477.0,1140.0,487.0
0.0,3143.0,1524.0,1587.0,1624.0,1518.0,1518.0,1111.0,476.0,1066.0,458.0
0.0,3243.0,1599.0,1589.0,1518.0,1605.0,1605.0,1112.0,477.0,1120.0,479.0
0.0,3162.0,1612.0,1590.0,1605.0,1615.0,1615.0,1113.0,477.0,1127.0,485.0
0.0,3155.0,1610.0,1590.0,1615.0,1610.0,1610.0,1113.0,477.0,1127.0,483.0
0.0,3160.0,1639.0,1592.0,1610.0,1645.0,1645.0,1114.0,478.0,1148.0,491.0
0.0,3131.0,1620.0,1594.0,1645.0,1626.0,1626.0,1116.0,478.0,1133.0,487.0
0.0,3156.0,1556.0,1593.0,1626.0,1553.0,1553.0,1115.0,478.0,1089.0,467.0
0.0,3226.0,1567.0,1592.0,1553.0,1564.0,1564.0,1114.0,478.0,1098.0,469.0
0.0,3212.0,1566.0,1592.0,1564.0,1566.0,1566.0,1114.0,478.0,1096.0,470.0
0.0,3210.0,1709.0,1594.0,1566.0,1715.0,1715.0,1116.0,478.0,1196.0,513.0
0.0,3067.0,1676.0,1596.0,1715.0,1682.0,1682.0,1117.0,479.0,1174.0,502.0
0.0,3106.0,1689.0,1599.0,1682.0,1698.0,1698.0,1119.0,480.0,1182.0,507.0
0.0,3099.0,1574.0,1597.0,1698.0,1568.0,1568.0,1118.0,479.0,1101.0,473.0
0.0,3223.0,1641.0,1597.0,1568.0,1641.0,1641.0,1118.0,479.0,1149.0,492.0
0.0,3150.0,1540.0,1597.0,1641.0,1540.0,1540.0,1118.0,479.0,1078.0,462.0
0.0,3251.0,1653.0,1597.0,1540.0,1653.0,1653.0,1118.0,479.0,1157.0,496.0
0.0,3138.0,1615.0,1599.0,1653.0,1621.0,1621.0,1119.0,480.0,1131.0,484.0
0.0,3176.0,1683.0,1601.0,1621.0,1689.0,1689.0,1121.0,480.0,1177.0,506.0
0.0,3114.0,1626.0,1603.0,1689.0,1632.0,1632.0,1122.0,481.0,1140.0,486.0
0.0,3177.0,1613.0,1603.0,1632.0,1613.0,1613.0,1122.0,481.0,1129.0,484.0
0.0,3196.0,1586.0,1603.0,1613.0,1586.0,1586.0,1122.0,481.0,1110.0,476.0
0.0,3223.0,1671.0,1604.0,1586.0,1674.0,1674.0,1123.0,481.0,1168.0,503.0
0.0,3138.0,1584.0,1603.0,1674.0,1581.0,1581.0,1122.0,481.0,1109.0,475.0
0.0,3228.0,1591.0,1603.0,1581.0,1591.0,1591.0,1122.0,481.0,1116.0,475.0
0.0,3218.0,1707.0,1606.0,1591.0,1716.0,1716.0,1124.0,482.0,1194.0,513.0
0.0,3102.0,1649.0,1606.0,1716.0,1649.0,1649.0,1124.0,482.0,1155.0,494.0
0.0,3169.0,1654.0,1607.0,1649.0,1657.0,1657.0,1125.0,482.0,1157.0,497.0
0.0,3164.0,1560.0,1607.0,1657.0,1560.0,1560.0,1125.0,482.0,1091.0,469.0
0.0,3261.0,1564.0,1606.0,1560.0,1561.0,1561.0,1124.0,482.0,1097.0,467.0
0.0,3257.0,1604.0,1606.0,1561.0,1604.0,1604.0,1124.0,482.0,1123.0,481.0
0.0,3214.0,1598.0,1607.0,1604.0,1601.0,1601.0,1125.0,482.0,1117.0,481.0
0.0,3220.0,1712.0,1609.0,1601.0,1718.0,1718.0,1126.0,483.0,1199.0,513.0
0.0,3109.0,1726.0,1612.0,1718.0,1735.0,1735.0,1128.0,484.0,1208.0,518.0
0.0,3101.0,1671.0,1613.0,1735.0,1674.0,1674.0,1129.0,484.0,1171.0,500.0
0.0,3165.0,1601.0,1612.0,1674.0,1598.0,1598.0,1128.0,484.0,1120.0,481.0
0.0,3238.0,1593.0,1612.0,1598.0,1593.0,1593.0,1128.0,484.0,1115.0,478.0
0.0,3243.0,1668.0,1614.0,1593.0,1674.0,1674.0,1130.0,484.0,1166.0,502.0
0.0,3168.0,1647.0,1616.0,1674.0,1653.0,1653.0,1131.0,485.0,1155.0,492.0
0.0,3195.0,1630.0,1619.0,1653.0,1639.0,1639.0,1133.0,486.0,1141.0,489.0
0.0,3218.0,1553.0,1619.0,1639.0,1553.0,1553.0,1133.0,486.0,1086.0,467.0
0.0,3304.0,1663.0,1619.0,1553.0,1663.0,1663.0,1133.0,486.0,1165.0,498.0
0.0,3194.0,1614.0,1619.0,1663.0,1614.0,1614.0,1133.0,486.0,1130.0,484.0
0.0,3243.0,1660.0,1620.0,1614.0,1663.0,1663.0,1134.0,486.0,1161.0,499.0
0.0,3197.0,1591.0,1620.0,1663.0,1591.0,1591.0,1134.0,486.0,1114.0,477.0
0.0,3269.0,1689.0,1623.0,1591.0,1698.0,1698.0,1136.0,487.0,1184.0,505.0
0.0,3171.0,1732.0,1627.0,1698.0,1744.0,1744.0,1139.0,488.0,1212.0,520.0
0.0,3137.0,1715.0,1629.0,1744.0,1721.0,1721.0,1140.0,489.0,1200.0,515.0
0.0,3166.0,1693.0,1632.0,1721.0,1702.0,1702.0,1142.0,490.0,1184.0,509.0
0.0,3194.0,1646.0,1631.0,1702.0,1643.0,1643.0,1142.0,489.0,1152.0,494.0
0.0,3250.0,1583.0,1630.0,1643.0,1580.0,1580.0,1141.0,489.0,1109.0,474.0
0.0,3310.0,1554.0,1628.0,1580.0,1548.0,1548.0,1140.0,488.0,1087.0,467.0
0.0,3336.0,1656.0,1629.0,1548.0,1659.0,1659.0,1140.0,489.0,1159.0,497.0
0.0,3228.0,1676.0,1631.0,1659.0,1682.0,1682.0,1142.0,489.0,1173.0,503.0
0.0,3211.0,1679.0,1633.0,1682.0,1685.0,1685.0,1143.0,490.0,1176.0,503.0
0.0,3214.0,1660.0,1634.0,1685.0,1663.0,1663.0,1144.0,490.0,1163.0,497.0
0.0,3239.0,1649.0,1634.0,1663.0,1649.0,1649.0,1144.0,490.0,1152.0,497.0
0.0,3253.0,1627.0,1634.0,1649.0,1627.0,1627.0,1144.0,490.0,1139.0,488.0
0.0,3275.0,1515.0,1633.0,1627.0,1512.0,1512.0,1143.0,490.0,1062.0,453.0
0.0,3387.0,1641.0,1634.0,1512.0,1644.0,1644.0,1144.0,490.0,1150.0,491.0
0.0,3258.0,1663.0,1636.0,1644.0,1669.0,1669.0,1145.0,491.0,1163.0,500.0
0.0,3239.0,1706.0,1639.0,1669.0,1715.0,1715.0,1147.0,492.0,1194.0,512.0
0.0,3202.0,1666.0,1637.0,1715.0,1660.0,1660.0,1146.0,491.0,1166.0,500.0
0.0,3251.0,1653.0,1637.0,1660.0,1653.0,1653.0,1146.0,491.0,1158.0,495.0
0.0,3258.0,1629.0,1636.0,1653.0,1626.0,1626.0,1145.0,491.0,1140.0,489.0
0.0,3282.0,1588.0,1636.0,1626.0,1588.0,1588.0,1145.0,491.0,1112.0,476.0
0.0,3320.0,1732.0,1638.0,1588.0,1738.0,1738.0,1147.0,491.0,1211.0,521.0
0.0,3176.0,1739.0,1642.0,1738.0,1751.0,1751.0,1149.0,493.0,1218.0,521.0
0.0,3175.0,1660.0,1642.0,1751.0,1660.0,1660.0,1149.0,493.0,1162.0,498.0
0.0,3266.0,1636.0,1643.0,1660.0,1639.0,1639.0,1150.0,493.0,1145.0,491.0
0.0,3290.0,1631.0,1641.0,1639.0,1625.0,1625.0,1149.0,492.0,1141.0,490.0
0.0,3298.0,1563.0,1640.0,1625.0,1560.0,1560.0,1148.0,492.0,1096.0,467.0
0.0,3360.0,1613.0,1640.0,1560.0,1613.0,1613.0,1148.0,492.0,1129.0,484.0
0.0,3307.0,1647.0,1641.0,1613.0,1650.0,1650.0,1149.0,492.0,1151.0,496.0
0.0,3273.0,1717.0,1643.0,1650.0,1723.0,1723.0,1150.0,493.0,1203.0,514.0
0.0,3206.0,1709.0,1644.0,1723.0,1712.0,1712.0,1151.0,493.0,1196.0,513.0
0.0,3220.0,1700.0,1647.0,1712.0,1709.0,1709.0,1153.0,494.0,1191.0,509.0
0.0,3232.0,1621.0,1646.0,1709.0,1618.0,1618.0,1152.0,494.0,1134.0,487.0
0.0,3320.0,1637.0,1644.0,1618.0,1631.0,1631.0,1151.0,493.0,1146.0,491.0
0.0,3301.0,1631.0,1644.0,1631.0,1631.0,1631.0,1151.0,493.0,1142.0,489.0
0.0,3301.0,1671.0,1647.0,1631.0,1680.0,1680.0,1153.0,494.0,1171.0,500.0
0.0,3261.0,1705.0,1650.0,1680.0,1714.0,1714.0,1155.0,495.0,1193.0,512.0
0.0,3236.0,1676.0,1651.0,1714.0,1679.0,1679.0,1156.0,495.0,1174.0,502.0
0.0,3274.0,1700.0,1653.0,1679.0,1706.0,1706.0,1157.0,496.0,1189.0,511.0
0.0,3253.0,1603.0,1650.0,1706.0,1594.0,1594.0,1155.0,495.0,1123.0,480.0
0.0,3356.0,1678.0,1650.0,1594.0,1678.0,1678.0,1155.0,495.0,1174.0,504.0
0.0,3272.0,1632.0,1649.0,1678.0,1629.0,1629.0,1154.0,495.0,1142.0,490.0
0.0,3318.0,1691.0,1650.0,1629.0,1694.0,1694.0,1155.0,495.0,1185.0,506.0
0.0,3256.0,1676.0,1653.0,1694.0,1685.0,1685.0,1157.0,496.0,1172.0,504.0
0.0,3274.0,1756.0,1654.0,1685.0,1759.0,1759.0,1158.0,496.0,1230.0,526.0
0.0,3203.0,1697.0,1654.0,1759.0,1697.0,1697.0,1158.0,496.0,1187.0,510.0
0.0,3265.0,1677.0,1656.0,1697.0,1683.0,1683.0,1159.0,497.0,1175.0,502.0
0.0,3285.0,1652.0,1657.0,1683.0,1655.0,1655.0,1160.0,497.0,1155.0,497.0
0.0,3316.0,1650.0,1657.0,1655.0,1650.0,1650.0,1160.0,497.0,1155.0,495.0
0.0,3321.0,1647.0,1658.0,1650.0,1650.0,1650.0,1161.0,497.0,1153.0,494.0
0.0,3324.0,1696.0,1659.0,1650.0,1699.0,1699.0,1161.0,498.0,1188.0,508.0
0.0,3278.0,1693.0,1660.0,1699.0,1696.0,1696.0,1162.0,498.0,1184.0,509.0
0.0,3284.0,1703.0,1661.0,1696.0,1706.0,1706.0,1163.0,498.0,1192.0,511.0
0.0,3277.0,1677.0,1660.0,1706.0,1674.0,1674.0,1162.0,498.0,1176.0,501.0
0.0,3306.0,1630.0,1658.0,1674.0,1624.0,1624.0,1161.0,497.0,1140.0,490.0
0.0,3350.0,1613.0,1657.0,1624.0,1610.0,1610.0,1160.0,497.0,1128.0,485.0
0.0,3361.0,1739.0,1659.0,1610.0,1745.0,1745.0,1161.0,498.0,1218.0,521.0
0.0,3232.0,1720.0,1661.0,1745.0,1726.0,1726.0,1163.0,498.0,1204.0,516.0
0.0,3257.0,1707.0,1664.0,1726.0,1716.0,1716.0,1165.0,499.0,1194.0,513.0
0.0,3276.0,1702.0,1665.0,1716.0,1705.0,1705.0,1166.0,499.0,1192.0,510.0
0.0,3290.0,1586.0,1663.0,1705.0,1580.0,1580.0,1164.0,499.0,1111.0,475.0
0.0,3409.0,1600.0,1661.0,1580.0,1594.0,1594.0,1163.0,498.0,1119.0,481.0
0.0,3389.0,1691.0,1663.0,1594.0,1697.0,1697.0,1164.0,499.0,1184.0,507.0
0.0,3292.0,1640.0,1663.0,1697.0,1640.0,1640.0,1164.0,499.0,1148.0,492.0
0.0,3349.0,1719.0,1664.0,1640.0,1722.0,1722.0,1165.0,499.0,1203.0,516.0
0.0,3270.0,1692.0,1667.0,1722.0,1701.0,1701.0,1167.0,500.0,1184.0,508.0
0.0,3300.0,1677.0,1668.0,1701.0,1680.0,1680.0,1168.0,500.0,1174.0,503.0
0.0,3324.0,1677.0,1668.0,1680.0,1677.0,1677.0,1168.0,500.0,1174.0,503.0
0.0,3327.0,1617.0,1667.0,1677.0,1614.0,1614.0,1167.0,500.0,1133.0,484.0
0.0,3387.0,1633.0,1666.0,1614.0,1630.0,1630.0,1166.0,500.0,1143.0,490.0
0.0,3368.0,1737.0,1667.0,1630.0,1740.0,1740.0,1167.0,500.0,1215.0,522.0
0.0,3261.0,1717.0,1669.0,1740.0,1723.0,1723.0,1168.0,501.0,1203.0,514.0
0.0,3284.0,1756.0,1673.0,1723.0,1768.0,1768.0,1171.0,502.0,1229.0,527.0
0.0,3251.0,1726.0,1673.0,1768.0,1726.0,1726.0,1171.0,502.0,1208.0,518.0
0.0,3293.0,1696.0,1671.0,1726.0,1690.0,1690.0,1170.0,501.0,1187.0,509.0
0.0,3323.0,1702.0,1673.0,1690.0,1708.0,1708.0,1171.0,502.0,1191.0,511.0
0.0,3311.0,1654.0,1673.0,1708.0,1654.0,1654.0,1171.0,502.0,1159.0,495.0
0.0,3365.0,1679.0,1674.0,1654.0,1682.0,1682.0,1172.0,502.0,1173.0,506.0
0.0,3340.0,1726.0,1677.0,1682.0,1735.0,1735.0,1174.0,503.0,1210.0,516.0
0.0,3296.0,1678.0,1678.0,1735.0,1681.0,1681.0,1175.0,503.0,1173.0,505.0
0.0,3353.0,1770.0,1680.0,1681.0,1776.0,1776.0,1176.0,504.0,1241.0,529.0
0.0,3264.0,1660.0,1680.0,1776.0,1660.0,1660.0,1176.0,504.0,1161.0,499.0
0.0,3380.0,1633.0,1677.0,1660.0,1624.0,1624.0,1174.0,503.0,1142.0,491.0
0.0,3407.0,1605.0,1676.0,1624.0,1602.0,1602.0,1173.0,503.0,1125.0,480.0
0.0,3426.0,1732.0,1678.0,1602.0,1738.0,1738.0,1175.0,503.0,1211.0,521.0
0.0,3296.0,1745.0,1680.0,1738.0,1751.0,1751.0,1176.0,504.0,1223.0,522.0
0.0,3289.0,1736.0,1683.0,1751.0,1745.0,1745.0,1178.0,505.0,1214.0,522.0
0.0,3304.0,1697.0,1683.0,1745.0,1697.0,1697.0,1178.0,505.0,1188.0,509.0
0.0,3352.0,1606.0,1681.0,1697.0,1600.0,1600.0,1177.0,504.0,1123.0,483.0
0.0,3443.0,1712.0,1681.0,1600.0,1712.0,1712.0,1177.0,504.0,1199.0,513.0
0.0,3331.0,1724.0,1682.0,1712.0,1727.0,1727.0,1177.0,505.0,1207.0,517.0
0.0,3319.0,1735.0,1684.0,1727.0,1741.0,1741.0,1179.0,505.0,1214.0,521.0
0.0,3311.0,1700.0,1685.0,1741.0,1703.0,1703.0,1179.0,506.0,1190.0,510.0
0.0,3352.0,1734.0,1687.0,1703.0,1740.0,1740.0,1181.0,506.0,1215.0,519.0
0.0,3321.0,1730.0,1687.0,1740.0,1730.0,1730.0,1181.0,506.0,1210.0,520.0
0.0,3331.0,1736.0,1689.0,1730.0,1742.0,1742.0,1182.0,507.0,1216.0,520.0
0.0,3325.0,1566.0,1686.0,1742.0,1557.0,1557.0,1180.0,506.0,1096.0,470.0
0.0,3501.0,1700.0,1686.0,1557.0,1700.0,1700.0,1180.0,506.0,1190.0,510.0
0.0,3358.0,1672.0,1686.0,1700.0,1672.0,1672.0,1180.0,506.0,1170.0,502.0
0.0,3386.0,1760.0,1687.0,1672.0,1763.0,1763.0,1181.0,506.0,1232.0,528.0
0.0,3298.0,1771.0,1690.0,1763.0,1780.0,1780.0,1183.0,507.0,1241.0,530.0
0.0,3290.0,1747.0,1691.0,1780.0,1750.0,1750.0,1184.0,507.0,1223.0,524.0
0.0,3323.0,1694.0,1691.0,1750.0,1694.0,1694.0,1184.0,507.0,1186.0,508.0
0.0,3379.0,1724.0,1692.0,1694.0,1727.0,1727.0,1184.0,508.0,1207.0,517.0
0.0,3349.0,1741.0,1693.0,1727.0,1744.0,1744.0,1185.0,508.0,1220.0,521.0
0.0,3335.0,1706.0,1693.0,1744.0,1706.0,1706.0,1185.0,508.0,1194.0,512.0
0.0,3373.0,1717.0,1694.0,1706.0,1720.0,1720.0,1186.0,508.0,1201.0,516.0
0.0,3362.0,1669.0,1696.0,1720.0,1675.0,1675.0,1187.0,509.0,1169.0,500.0
0.0,3413.0,1693.0,1696.0,1675.0,1693.0,1693.0,1187.0,509.0,1184.0,509.0
0.0,3395.0,1687.0,1694.0,1693.0,1681.0,1681.0,1186.0,508.0,1181.0,506.0
0.0,3401.0,1724.0,1694.0,1681.0,1724.0,1724.0,1186.0,508.0,1207.0,517.0
0.0,3358.0,1641.0,1694.0,1724.0,1641.0,1641.0,1186.0,508.0,1148.0,493.0
0.0,3441.0,1665.0,1696.0,1641.0,1671.0,1671.0,1187.0,509.0,1166.0,499.0
0.0,3417.0,1747.0,1698.0,1671.0,1753.0,1753.0,1189.0,509.0,1223.0,524.0
0.0,3341.0,1699.0,1698.0,1753.0,1699.0,1699.0,1189.0,509.0,1189.0,510.0
0.0,3395.0,1692.0,1699.0,1699.0,1695.0,1695.0,1189.0,510.0,1185.0,507.0
0.0,3402.0,1707.0,1699.0,1695.0,1707.0,1707.0,1189.0,510.0,1195.0,512.0
0.0,3390.0,1610.0,1697.0,1707.0,1604.0,1604.0,1188.0,509.0,1126.0,484.0
0.0,3487.0,1634.0,1697.0,1604.0,1634.0,1634.0,1188.0,509.0,1145.0,489.0
0.0,3457.0,1720.0,1697.0,1634.0,1720.0,1720.0,1188.0,509.0,1203.0,517.0
0.0,3371.0,1779.0,1700.0,1720.0,1788.0,1788.0,1190.0,510.0,1245.0,534.0
0.0,3312.0,1703.0,1702.0,1788.0,1709.0,1709.0,1191.0,511.0,1193.0,510.0
0.0,3397.0,1730.0,1701.0,1709.0,1727.0,1727.0,1191.0,510.0,1211.0,519.0
0.0,3376.0,1671.0,1701.0,1727.0,1671.0,1671.0,1191.0,510.0,1169.0,502.0
0.0,3432.0,1675.0,1699.0,1671.0,1669.0,1669.0,1189.0,510.0,1174.0,501.0
0.0,3428.0,1741.0,1700.0,1669.0,1744.0,1744.0,1190.0,510.0,1220.0,521.0
0.0,3356.0,1660.0,1699.0,1744.0,1657.0,1657.0,1189.0,510.0,1161.0,499.0
0.0,3440.0,1706.0,1699.0,1657.0,1706.0,1706.0,1189.0,510.0,1194.0,512.0
0.0,3391.0,1733.0,1700.0,1706.0,1736.0,1736.0,1190.0,510.0,1212.0,521.0
0.0,3364.0,1734.0,1701.0,1736.0,1737.0,1737.0,1191.0,510.0,1215.0,519.0
0.0,3366.0,1731.0,1701.0,1737.0,1731.0,1731.0,1191.0,510.0,1212.0,519.0
0.0,3372.0,1659.0,1701.0,1731.0,1659.0,1659.0,1191.0,510.0,1161.0,498.0
0.0,3444.0,1657.0,1699.0,1659.0,1651.0,1651.0,1189.0,510.0,1161.0,496.0
0.0,3446.0,1717.0,1700.0,1651.0,1720.0,1720.0,1190.0,510.0,1200.0,517.0
0.0,3380.0,1760.0,1703.0,1720.0,1769.0,1769.0,1192.0,511.0,1234.0,526.0
0.0,3340.0,1719.0,1704.0,1769.0,1722.0,1722.0,1193.0,511.0,1202.0,517.0
0.0,3390.0,1806.0,1706.0,1722.0,1812.0,1812.0,1194.0,512.0,1265.0,541.0
0.0,3306.0,1714.0,1706.0,1812.0,1714.0,1714.0,1194.0,512.0,1200.0,514.0
0.0,3404.0,1760.0,1706.0,1714.0,1760.0,1760.0,1194.0,512.0,1232.0,528.0
0.0,3358.0,1733.0,1707.0,1760.0,1736.0,1736.0,1195.0,512.0,1212.0,521.0
0.0,3385.0,1769.0,1710.0,1736.0,1778.0,1778.0,1197.0,513.0,1240.0,529.0
0.0,3352.0,1802.0,1711.0,1778.0,1805.0,1805.0,1198.0,513.0,1260.0,542.0
0.0,3328.0,1740.0,1712.0,1805.0,1743.0,1743.0,1198.0,514.0,1218.0,522.0
0.0,3393.0,1747.0,1713.0,1743.0,1750.0,1750.0,1199.0,514.0,1223.0,524.0
0.0,3389.0,1736.0,1713.0,1750.0,1736.0,1736.0,1199.0,514.0,1216.0,520.0
0.0,3403.0,1610.0,1710.0,1736.0,1601.0,1601.0,1197.0,513.0,1125.0,485.0
0.0,3529.0,1673.0,1710.0,1601.0,1673.0,1673.0,1197.0,513.0,1173.0,500.0
0.0,3457.0,1687.0,1708.0,1673.0,1681.0,1681.0,1196.0,512.0,1180.0,507.0
0.0,3443.0,1794.0,1713.0,1681.0,1809.0,1809.0,1199.0,514.0,1256.0,538.0
0.0,3330.0,1720.0,1713.0,1809.0,1720.0,1720.0,1199.0,514.0,1204.0,516.0
0.0,3419.0,1760.0,1714.0,1720.0,1763.0,1763.0,1200.0,514.0,1231.0,529.0
0.0,3379.0,1759.0,1714.0,1763.0,1759.0,1759.0,1200.0,514.0,1231.0,528.0
0.0,3383.0,1697.0,1713.0,1759.0,1694.0,1694.0,1199.0,514.0,1187.0,510.0
0.0,3445.0,1679.0,1713.0,1694.0,1679.0,1679.0,1199.0,514.0,1177.0,502.0
0.0,3460.0,1809.0,1714.0,1679.0,1812.0,1812.0,1200.0,514.0,1265.0,544.0
0.0,3330.0,1762.0,1716.0,1812.0,1768.0,1768.0,1201.0,515.0,1234.0,528.0
0.0,3380.0,1783.0,1716.0,1768.0,1783.0,1783.0,1201.0,515.0,1248.0,535.0
0.0,3365.0,1766.0,1717.0,1783.0,1769.0,1769.0,1202.0,515.0,1235.0,531.0
0.0,3382.0,1658.0,1716.0,1769.0,1655.0,1655.0,1201.0,515.0,1162.0,496.0
0.0,3493.0,1699.0,1717.0,1655.0,1702.0,1702.0,1202.0,515.0,1188.0,511.0
0.0,3449.0,1703.0,1717.0,1702.0,1703.0,1703.0,1202.0,515.0,1192.0,511.0
0.0,3448.0,1760.0,1718.0,1703.0,1763.0,1763.0,1203.0,515.0,1233.0,527.0
0.0,3391.0,1797.0,1720.0,1763.0,1803.0,1803.0,1204.0,516.0,1259.0,538.0
0.0,3357.0,1810.0,1723.0,1803.0,1819.0,1819.0,1206.0,517.0,1267.0,543.0
0.0,3350.0,1725.0,1724.0,1819.0,1728.0,1728.0,1207.0,517.0,1206.0,519.0
0.0,3444.0,1776.0,1724.0,1728.0,1776.0,1776.0,1207.0,517.0,1243.0,533.0
0.0,3396.0,1727.0,1725.0,1776.0,1730.0,1730.0,1207.0,518.0,1209.0,518.0
0.0,3445.0,1715.0,1726.0,1730.0,1718.0,1718.0,1208.0,518.0,1201.0,514.0
0.0,3460.0,1734.0,1726.0,1718.0,1734.0,1734.0,1208.0,518.0,1214.0,520.0
0.0,3444.0,1789.0,1730.0,1734.0,1801.0,1801.0,1211.0,519.0,1252.0,537.0
0.0,3389.0,1803.0,1733.0,1801.0,1812.0,1812.0,1213.0,520.0,1262.0,541.0
0.0,3387.0,1712.0,1733.0,1812.0,1712.0,1712.0,1213.0,520.0,1198.0,514.0
0.0,3487.0,1742.0,1732.0,1712.0,1739.0,1739.0,1212.0,520.0,1219.0,523.0
0.0,3457.0,1687.0,1731.0,1739.0,1684.0,1684.0,1212.0,519.0,1181.0,506.0
0.0,3509.0,1694.0,1731.0,1684.0,1694.0,1694.0,1212.0,519.0,1185.0,509.0
0.0,3499.0,1734.0,1732.0,1694.0,1737.0,1737.0,1212.0,520.0,1215.0,519.0
0.0,3459.0,1813.0,1734.0,1737.0,1819.0,1819.0,1214.0,520.0,1269.0,544.0
0.0,3383.0,1790.0,1736.0,1819.0,1796.0,1796.0,1215.0,521.0,1253.0,537.0
0.0,3412.0,1830.0,1739.0,1796.0,1839.0,1839.0,1217.0,522.0,1282.0,548.0
0.0,3378.0,1747.0,1740.0,1839.0,1750.0,1750.0,1218.0,522.0,1223.0,524.0
0.0,3470.0,1760.0,1740.0,1750.0,1760.0,1760.0,1218.0,522.0,1233.0,527.0
0.0,3460.0,1688.0,1739.0,1760.0,1685.0,1685.0,1217.0,522.0,1181.0,507.0
0.0,3532.0,1803.0,1740.0,1685.0,1806.0,1806.0,1218.0,522.0,1261.0,542.0
0.0,3414.0,1681.0,1741.0,1806.0,1684.0,1684.0,1219.0,522.0,1177.0,504.0
0.0,3539.0,1749.0,1743.0,1684.0,1755.0,1755.0,1220.0,523.0,1225.0,524.0
0.0,3474.0,1763.0,1744.0,1755.0,1766.0,1766.0,1221.0,523.0,1235.0,528.0
0.0,3466.0,1760.0,1744.0,1766.0,1760.0,1760.0,1221.0,523.0,1232.0,528.0
0.0,3472.0,1654.0,1743.0,1760.0,1651.0,1651.0,1220.0,523.0,1157.0,497.0
0.0,3578.0,1726.0,1741.0,1651.0,1720.0,1720.0,1219.0,522.0,1207.0,519.0
0.0,3503.0,1823.0,1743.0,1720.0,1829.0,1829.0,1220.0,523.0,1278.0,545.0
0.0,3400.0,1806.0,1744.0,1829.0,1809.0,1809.0,1221.0,523.0,1262.0,544.0
0.0,3423.0,1770.0,1744.0,1809.0,1770.0,1770.0,1221.0,523.0,1240.0,530.0
0.0,3462.0,1800.0,1746.0,1770.0,1806.0,1806.0,1222.0,524.0,1260.0,540.0
0.0,3432.0,1684.0,1743.0,1806.0,1675.0,1675.0,1220.0,523.0,1180.0,504.0
0.0,3554.0,1719.0,1743.0,1675.0,1719.0,1719.0,1220.0,523.0,1203.0,516.0
0.0,3510.0,1690.0,1741.0,1719.0,1684.0,1684.0,1219.0,522.0,1182.0,508.0
0.0,3539.0,1762.0,1742.0,1684.0,1765.0,1765.0,1219.0,523.0,1233.0,529.0
0.0,3461.0,1793.0,1746.0,1765.0,1805.0,1805.0,1222.0,524.0,1255.0,538.0
0.0,3433.0,1902.0,1750.0,1805.0,1914.0,1914.0,1225.0,525.0,1332.0,570.0
0.0,3336.0,1720.0,1750.0,1914.0,1720.0,1720.0,1225.0,525.0,1205.0,515.0
0.0,3530.0,1780.0,1750.0,1720.0,1780.0,1780.0,1225.0,525.0,1246.0,534.0
0.0,3470.0,1707.0,1750.0,1780.0,1707.0,1707.0,1225.0,525.0,1195.0,512.0
0.0,3543.0,1706.0,1749.0,1707.0,1703.0,1703.0,1224.0,525.0,1193.0,513.0
0.0,3544.0,1817.0,1750.0,1703.0,1820.0,1820.0,1225.0,525.0,1273.0,544.0
0.0,3430.0,1797.0,1752.0,1820.0,1803.0,1803.0,1226.0,526.0,1257.0,540.0
0.0,3453.0,1833.0,1754.0,1803.0,1839.0,1839.0,1228.0,526.0,1283.0,550.0
0.0,3423.0,1802.0,1754.0,1839.0,1802.0,1802.0,1228.0,526.0,1261.0,541.0
0.0,3460.0,1766.0,1754.0,1802.0,1766.0,1766.0,1228.0,526.0,1236.0,530.0
0.0,3496.0,1733.0,1754.0,1766.0,1733.0,1733.0,1228.0,526.0,1212.0,521.0
0.0,3529.0,1678.0,1753.0,1733.0,1675.0,1675.0,1227.0,526.0,1176.0,502.0
0.0,3584.0,1789.0,1754.0,1675.0,1792.0,1792.0,1228.0,526.0,1252.0,537.0
0.0,3470.0,1789.0,1757.0,1792.0,1798.0,1798.0,1230.0,527.0,1253.0,536.0
0.0,3473.0,1846.0,1760.0,1798.0,1855.0,1855.0,1232.0,528.0,1292.0,554.0
0.0,3425.0,1782.0,1760.0,1855.0,1782.0,1782.0,1232.0,528.0,1247.0,535.0
0.0,3498.0,1737.0,1759.0,1782.0,1734.0,1734.0,1231.0,528.0,1215.0,522.0
0.0,3543.0,1744.0,1757.0,1734.0,1738.0,1738.0,1230.0,527.0,1221.0,523.0
0.0,3533.0,1752.0,1757.0,1738.0,1752.0,1752.0,1230.0,527.0,1226.0,526.0
0.0,3519.0,1798.0,1758.0,1752.0,1801.0,1801.0,1231.0,527.0,1259.0,539.0
0.0,3473.0,1842.0,1760.0,1801.0,1848.0,1848.0,1232.0,528.0,1289.0,553.0
0.0,3432.0,1809.0,1763.0,1848.0,1818.0,1818.0,1234.0,529.0,1267.0,542.0
0.0,3471.0,1749.0,1763.0,1818.0,1749.0,1749.0,1234.0,529.0,1224.0,525.0
0.0,3540.0,1770.0,1762.0,1749.0,1767.0,1767.0,1233.0,529.0,1239.0,531.0
0.0,3519.0,1782.0,1762.0,1767.0,1782.0,1782.0,1233.0,529.0,1247.0,535.0
0.0,3504.0,1784.0,1763.0,1782.0,1787.0,1787.0,1234.0,529.0,1250.0,534.0
0.0,3502.0,1760.0,1763.0,1787.0,1760.0,1760.0,1234.0,529.0,1232.0,528.0
0.0,3529.0,1778.0,1766.0,1760.0,1787.0,1787.0,1236.0,530.0,1243.0,535.0
0.0,3511.0,1829.0,1767.0,1787.0,1832.0,1832.0,1237.0,530.0,1280.0,549.0
0.0,3469.0,1846.0,1770.0,1832.0,1855.0,1855.0,1239.0,531.0,1293.0,553.0
0.0,3455.0,1773.0,1769.0,1855.0,1770.0,1770.0,1238.0,531.0,1241.0,532.0
0.0,3537.0,1759.0,1769.0,1770.0,1759.0,1759.0,1238.0,531.0,1231.0,528.0
0.0,3548.0,1800.0,1768.0,1759.0,1797.0,1797.0,1238.0,530.0,1259.0,541.0
0.0,3507.0,1767.0,1769.0,1797.0,1770.0,1770.0,1238.0,531.0,1238.0,529.0
0.0,3537.0,1852.0,1770.0,1770.0,1855.0,1855.0,1239.0,531.0,1295.0,557.0
0.0,3455.0,1885.0,1774.0,1855.0,1897.0,1897.0,1242.0,532.0,1319.0,566.0
0.0,3425.0,1830.0,1774.0,1897.0,1830.0,1830.0,1242.0,532.0,1282.0,548.0
0.0,3492.0,1783.0,1776.0,1830.0,1789.0,1789.0,1243.0,533.0,1249.0,534.0
0.0,3539.0,1746.0,1776.0,1789.0,1746.0,1746.0,1243.0,533.0,1222.0,524.0
0.0,3582.0,1802.0,1777.0,1746.0,1805.0,1805.0,1244.0,533.0,1260.0,542.0
0.0,3526.0,1791.0,1777.0,1805.0,1791.0,1791.0,1244.0,533.0,1254.0,537.0
0.0,3540.0,1865.0,1782.0,1791.0,1880.0,1880.0,1247.0,535.0,1306.0,559.0
0.0,3466.0,1783.0,1783.0,1880.0,1786.0,1786.0,1248.0,535.0,1248.0,535.0
0.0,3563.0,1817.0,1783.0,1786.0,1817.0,1817.0,1248.0,535.0,1272.0,545.0
0.0,3532.0,1733.0,1781.0,1817.0,1727.0,1727.0,1247.0,534.0,1212.0,521.0
0.0,3616.0,1760.0,1781.0,1727.0,1760.0,1760.0,1247.0,534.0,1232.0,528.0
0.0,3583.0,1839.0,1782.0,1760.0,1842.0,1842.0,1247.0,535.0,1288.0,551.0
0.0,3504.0,1840.0,1785.0,1842.0,1849.0,1849.0,1249.0,536.0,1288.0,552.0
0.0,3506.0,1883.0,1788.0,1849.0,1892.0,1892.0,1252.0,536.0,1318.0,565.0
0.0,3472.0,1830.0,1791.0,1892.0,1839.0,1839.0,1254.0,537.0,1283.0,547.0
0.0,3534.0,1780.0,1791.0,1839.0,1780.0,1780.0,1254.0,537.0,1244.0,536.0
0.0,3593.0,1737.0,1790.0,1780.0,1734.0,1734.0,1253.0,537.0,1217.0,520.0
0.0,3636.0,1705.0,1786.0,1734.0,1693.0,1693.0,1250.0,536.0,1194.0,511.0
0.0,3665.0,1730.0,1786.0,1693.0,1730.0,1730.0,1250.0,536.0,1211.0,519.0
0.0,3628.0,1757.0,1786.0,1730.0,1757.0,1757.0,1250.0,536.0,1230.0,527.0
0.0,3601.0,1840.0,1789.0,1757.0,1849.0,1849.0,1252.0,537.0,1287.0,553.0
0.0,3518.0,1885.0,1792.0,1849.0,1894.0,1894.0,1254.0,538.0,1320.0,565.0
0.0,3482.0,1763.0,1791.0,1894.0,1760.0,1760.0,1254.0,537.0,1233.0,530.0
0.0,3613.0,1747.0,1790.0,1760.0,1744.0,1744.0,1253.0,537.0,1224.0,523.0
0.0,3626.0,1800.0,1790.0,1744.0,1800.0,1800.0,1253.0,537.0,1260.0,540.0
0.0,3570.0,1734.0,1788.0,1800.0,1728.0,1728.0,1252.0,536.0,1213.0,521.0
0.0,3636.0,1799.0,1789.0,1728.0,1802.0,1802.0,1252.0,537.0,1260.0,539.0
0.0,3565.0,1893.0,1792.0,1802.0,1902.0,1902.0,1254.0,538.0,1325.0,568.0
0.0,3474.0,1848.0,1795.0,1902.0,1857.0,1857.0,1256.0,539.0,1293.0,555.0
0.0,3528.0,1802.0,1796.0,1857.0,1805.0,1805.0,1257.0,539.0,1261.0,541.0
0.0,3583.0,1784.0,1796.0,1805.0,1784.0,1784.0,1257.0,539.0,1249.0,535.0
0.0,3604.0,1743.0,1793.0,1784.0,1734.0,1734.0,1255.0,538.0,1221.0,522.0
0.0,3645.0,1778.0,1793.0,1734.0,1778.0,1778.0,1255.0,538.0,1245.0,533.0
0.0,3601.0,1859.0,1796.0,1778.0,1868.0,1868.0,1257.0,539.0,1300.0,559.0
0.0,3520.0,1807.0,1797.0,1868.0,1810.0,1810.0,1258.0,539.0,1266.0,541.0
0.0,3581.0,1875.0,1799.0,1810.0,1881.0,1881.0,1259.0,540.0,1312.0,563.0
0.0,3516.0,1817.0,1800.0,1881.0,1820.0,1820.0,1260.0,540.0,1272.0,545.0
0.0,3580.0,1744.0,1797.0,1820.0,1735.0,1735.0,1258.0,539.0,1220.0,524.0
0.0,3656.0,1767.0,1797.0,1735.0,1767.0,1767.0,1258.0,539.0,1238.0,529.0
0.0,3624.0,1757.0,1797.0,1767.0,1757.0,1757.0,1258.0,539.0,1230.0,527.0
0.0,3634.0,1826.0,1798.0,1757.0,1829.0,1829.0,1259.0,539.0,1277.0,549.0
0.0,3565.0,1823.0,1799.0,1829.0,1826.0,1826.0,1259.0,540.0,1277.0,546.0
0.0,3571.0,1882.0,1800.0,1826.0,1885.0,1885.0,1260.0,540.0,1316.0,566.0
0.0,3515.0,1784.0,1801.0,1885.0,1787.0,1787.0,1261.0,540.0,1249.0,535.0
0.0,3616.0,1809.0,1802.0,1787.0,1812.0,1812.0,1261.0,541.0,1267.0,542.0
0.0,3594.0,1807.0,1801.0,1812.0,1804.0,1804.0,1261.0,540.0,1265.0,542.0
0.0,3599.0,1846.0,1801.0,1804.0,1846.0,1846.0,1261.0,540.0,1292.0,554.0
0.0,3557.0,1834.0,1803.0,1846.0,1840.0,1840.0,1262.0,541.0,1284.0,550.0
0.0,3569.0,1875.0,1804.0,1840.0,1878.0,1878.0,1263.0,541.0,1312.0,563.0
0.0,3534.0,1879.0,1806.0,1878.0,1885.0,1885.0,1264.0,542.0,1316.0,563.0
0.0,3533.0,1768.0,1806.0,1885.0,1768.0,1768.0,1264.0,542.0,1238.0,530.0
0.0,3650.0,1727.0,1804.0,1768.0,1721.0,1721.0,1263.0,541.0,1207.0,520.0
0.0,3691.0,1795.0,1802.0,1721.0,1789.0,1789.0,1261.0,541.0,1258.0,537.0
0.0,3617.0,1780.0,1801.0,1789.0,1777.0,1777.0,1261.0,540.0,1246.0,534.0
0.0,3626.0,1743.0,1800.0,1777.0,1740.0,1740.0,1260.0,540.0,1219.0,524.0
0.0,3660.0,1853.0,1803.0,1740.0,1862.0,1862.0,1262.0,541.0,1299.0,554.0
0.0,3547.0,1837.0,1803.0,1862.0,1837.0,1837.0,1262.0,541.0,1286.0,551.0
0.0,3572.0,1879.0,1804.0,1837.0,1882.0,1882.0,1263.0,541.0,1314.0,565.0
0.0,3530.0,1761.0,1803.0,1882.0,1758.0,1758.0,1262.0,541.0,1234.0,527.0
0.0,3651.0,1799.0,1803.0,1758.0,1799.0,1799.0,1262.0,541.0,1257.0,542.0
0.0,3610.0,1817.0,1803.0,1799.0,1817.0,1817.0,1262.0,541.0,1272.0,545.0
0.0,3592.0,1872.0,1806.0,1817.0,1881.0,1881.0,1264.0,542.0,1312.0,560.0
0.0,3537.0,1859.0,1807.0,1881.0,1862.0,1862.0,1265.0,542.0,1300.0,559.0
0.0,3559.0,1840.0,1807.0,1862.0,1840.0,1840.0,1265.0,542.0,1288.0,552.0
0.0,3581.0,1829.0,1807.0,1840.0,1829.0,1829.0,1265.0,542.0,1280.0,549.0
0.0,3592.0,1872.0,1807.0,1829.0,1872.0,1872.0,1265.0,542.0,1310.0,562.0
0.0,3549.0,1859.0,1807.0,1872.0,1859.0,1859.0,1265.0,542.0,1302.0,557.0
0.0,3562.0,1721.0,1807.0,1859.0,1721.0,1721.0,1265.0,542.0,1204.0,517.0
0.0,3700.0,1895.0,1810.0,1721.0,1904.0,1904.0,1267.0,543.0,1326.0,569.0
0.0,3526.0,1935.0,1814.0,1904.0,1947.0,1947.0,1270.0,544.0,1355.0,580.0
0.0,3495.0,1850.0,1816.0,1947.0,1856.0,1856.0,1271.0,545.0,1296.0,554.0
0.0,3592.0,1895.0,1819.0,1856.0,1904.0,1904.0,1273.0,546.0,1326.0,569.0
0.0,3553.0,1810.0,1819.0,1904.0,1810.0,1810.0,1273.0,546.0,1267.0,543.0
0.0,3647.0,1790.0,1817.0,1810.0,1784.0,1784.0,1272.0,545.0,1252.0,538.0
0.0,3667.0,1860.0,1819.0,1784.0,1866.0,1866.0,1273.0,546.0,1303.0,557.0
0.0,3591.0,1817.0,1820.0,1866.0,1820.0,1820.0,1274.0,546.0,1273.0,544.0
0.0,3640.0,1889.0,1822.0,1820.0,1895.0,1895.0,1275.0,547.0,1321.0,568.0
0.0,3571.0,1882.0,1824.0,1895.0,1888.0,1888.0,1277.0,547.0,1317.0,565.0
0.0,3584.0,1877.0,1826.0,1888.0,1883.0,1883.0,1278.0,548.0,1315.0,562.0
0.0,3595.0,1774.0,1824.0,1883.0,1768.0,1768.0,1277.0,547.0,1240.0,534.0
0.0,3704.0,1796.0,1823.0,1768.0,1793.0,1793.0,1276.0,547.0,1259.0,537.0
0.0,3676.0,1800.0,1823.0,1793.0,1800.0,1800.0,1276.0,547.0,1260.0,540.0
0.0,3669.0,1813.0,1823.0,1800.0,1813.0,1813.0,1276.0,547.0,1269.0,544.0
0.0,3656.0,1920.0,1827.0,1813.0,1932.0,1932.0,1279.0,548.0,1344.0,576.0
0.0,3549.0,1883.0,1829.0,1932.0,1889.0,1889.0,1280.0,549.0,1318.0,565.0
0.0,3598.0,1917.0,1830.0,1889.0,1920.0,1920.0,1281.0,549.0,1342.0,575.0
0.0,3570.0,1860.0,1830.0,1920.0,1860.0,1860.0,1281.0,549.0,1301.0,559.0
0.0,3630.0,1798.0,1829.0,1860.0,1795.0,1795.0,1280.0,549.0,1260.0,538.0
0.0,3692.0,1861.0,1830.0,1795.0,1864.0,1864.0,1281.0,549.0,1304.0,557.0
0.0,3626.0,1895.0,1833.0,1864.0,1904.0,1904.0,1283.0,550.0,1326.0,569.0
0.0,3595.0,1833.0,1834.0,1904.0,1836.0,1836.0,1284.0,550.0,1281.0,552.0
0.0,3666.0,1896.0,1837.0,1836.0,1905.0,1905.0,1286.0,551.0,1329.0,567.0
0.0,3606.0,1849.0,1837.0,1905.0,1849.0,1849.0,1286.0,551.0,1293.0,556.0
0.0,3662.0,1926.0,1840.0,1849.0,1935.0,1935.0,1288.0,552.0,1349.0,577.0
0.0,3585.0,1819.0,1838.0,1935.0,1813.0,1813.0,1287.0,551.0,1272.0,547.0
0.0,3701.0,1790.0,1839.0,1813.0,1793.0,1793.0,1287.0,552.0,1253.0,537.0
0.0,3724.0,1872.0,1840.0,1793.0,1875.0,1875.0,1288.0,552.0,1311.0,561.0
0.0,3645.0,1985.0,1843.0,1875.0,1994.0,1994.0,1290.0,553.0,1389.0,596.0
0.0,3535.0,1912.0,1844.0,1994.0,1915.0,1915.0,1291.0,553.0,1337.0,575.0
0.0,3617.0,1811.0,1844.0,1915.0,1811.0,1811.0,1291.0,553.0,1270.0,541.0
0.0,3721.0,1905.0,1844.0,1811.0,1905.0,1905.0,1291.0,553.0,1331.0,574.0
0.0,3627.0,1801.0,1843.0,1905.0,1798.0,1798.0,1290.0,553.0,1262.0,539.0
0.0,3731.0,1796.0,1843.0,1798.0,1796.0,1796.0,1290.0,553.0,1258.0,538.0
0.0,3733.0,1850.0,1846.0,1796.0,1859.0,1859.0,1292.0,554.0,1294.0,556.0
0.0,3679.0,1917.0,1848.0,1859.0,1923.0,1923.0,1294.0,554.0,1342.0,575.0
0.0,3621.0,1962.0,1852.0,1923.0,1974.0,1974.0,1296.0,556.0,1373.0,589.0
0.0,3582.0,1910.0,1854.0,1974.0,1916.0,1916.0,1298.0,556.0,1337.0,573.0
0.0,3646.0,1889.0,1856.0,1916.0,1895.0,1895.0,1299.0,557.0,1323.0,566.0
0.0,3673.0,1813.0,1855.0,1895.0,1810.0,1810.0,1298.0,557.0,1268.0,545.0
0.0,3755.0,1852.0,1854.0,1810.0,1849.0,1849.0,1298.0,556.0,1296.0,556.0
0.0,3713.0,1893.0,1857.0,1849.0,1902.0,1902.0,1300.0,557.0,1327.0,566.0
0.0,3669.0,1926.0,1860.0,1902.0,1935.0,1935.0,1302.0,558.0,1347.0,579.0
0.0,3645.0,1862.0,1860.0,1935.0,1862.0,1862.0,1302.0,558.0,1304.0,558.0
0.0,3718.0,1860.0,1860.0,1862.0,1860.0,1860.0,1302.0,558.0,1302.0,558.0
0.0,3720.0,1826.0,1860.0,1860.0,1826.0,1826.0,1302.0,558.0,1278.0,548.0
0.0,3754.0,1843.0,1860.0,1826.0,1843.0,1843.0,1302.0,558.0,1290.0,553.0
0.0,3737.0,1779.0,1859.0,1843.0,1776.0,1776.0,1301.0,558.0,1244.0,535.0
0.0,3801.0,1872.0,1859.0,1776.0,1872.0,1872.0,1301.0,558.0,1310.0,562.0
0.0,3705.0,1867.0,1859.0,1872.0,1867.0,1867.0,1301.0,558.0,1307.0,560.0
0.0,3710.0,1988.0,1864.0,1867.0,2003.0,2003.0,1305.0,559.0,1392.0,596.0
0.0,3589.0,1866.0,1863.0,2003.0,1863.0,1863.0,1304.0,559.0,1306.0,560.0
0.0,3726.0,1897.0,1863.0,1863.0,1897.0,1897.0,1304.0,559.0,1328.0,569.0
0.0,3692.0,1806.0,1862.0,1897.0,1803.0,1803.0,1303.0,559.0,1263.0,543.0
0.0,3783.0,1807.0,1860.0,1803.0,1801.0,1801.0,1302.0,558.0,1266.0,541.0
0.0,3779.0,1890.0,1862.0,1801.0,1896.0,1896.0,1303.0,559.0,1322.0,568.0
0.0,3690.0,1876.0,1863.0,1896.0,1879.0,1879.0,1304.0,559.0,1314.0,562.0
0.0,3710.0,1889.0,1864.0,1879.0,1892.0,1892.0,1305.0,559.0,1323.0,566.0
0.0,3700.0,1900.0,1866.0,1892.0,1906.0,1906.0,1306.0,560.0,1329.0,571.0
0.0,3692.0,1900.0,1866.0,1906.0,1900.0,1900.0,1306.0,560.0,1330.0,570.0
0.0,3698.0,1856.0,1866.0,1900.0,1856.0,1856.0,1306.0,560.0,1299.0,557.0
0.0,3742.0,1830.0,1864.0,1856.0,1824.0,1824.0,1305.0,559.0,1280.0,550.0
0.0,3768.0,1923.0,1867.0,1824.0,1932.0,1932.0,1307.0,560.0,1348.0,575.0
0.0,3669.0,1950.0,1870.0,1932.0,1959.0,1959.0,1309.0,561.0,1365.0,585.0
0.0,3651.0,1922.0,1873.0,1959.0,1931.0,1931.0,1311.0,562.0,1345.0,577.0
0.0,3688.0,1910.0,1874.0,1931.0,1913.0,1913.0,1312.0,562.0,1338.0,572.0
0.0,3709.0,1771.0,1871.0,1913.0,1762.0,1762.0,1310.0,561.0,1238.0,533.0
0.0,3851.0,1849.0,1870.0,1762.0,1846.0,1846.0,1309.0,561.0,1294.0,555.0
0.0,3764.0,1850.0,1870.0,1846.0,1850.0,1850.0,1309.0,561.0,1296.0,554.0
0.0,3760.0,1924.0,1870.0,1850.0,1924.0,1924.0,1309.0,561.0,1346.0,578.0
0.0,3686.0,1923.0,1873.0,1924.0,1932.0,1932.0,1311.0,562.0,1347.0,576.0
0.0,3687.0,1852.0,1873.0,1932.0,1852.0,1852.0,1311.0,562.0,1296.0,556.0
0.0,3767.0,1916.0,1873.0,1852.0,1916.0,1916.0,1311.0,562.0,1342.0,574.0
0.0,3703.0,1966.0,1876.0,1916.0,1975.0,1975.0,1313.0,563.0,1375.0,591.0
0.0,3653.0,1843.0,1875.0,1975.0,1840.0,1840.0,1312.0,563.0,1290.0,553.0
0.0,3785.0,1813.0,1874.0,1840.0,1810.0,1810.0,1312.0,562.0,1268.0,545.0
0.0,3812.0,1919.0,1874.0,1810.0,1919.0,1919.0,1312.0,562.0,1343.0,576.0
0.0,3703.0,1912.0,1876.0,1919.0,1918.0,1918.0,1313.0,563.0,1339.0,573.0
0.0,3710.0,1923.0,1879.0,1918.0,1932.0,1932.0,1315.0,564.0,1346.0,577.0
0.0,3705.0,1929.0,1880.0,1932.0,1932.0,1932.0,1316.0,564.0,1351.0,578.0
0.0,3708.0,1889.0,1877.0,1932.0,1880.0,1880.0,1314.0,563.0,1321.0,568.0
0.0,3751.0,1869.0,1877.0,1880.0,1869.0,1869.0,1314.0,563.0,1307.0,562.0
0.0,3762.0,1872.0,1878.0,1869.0,1875.0,1875.0,1314.0,564.0,1311.0,561.0
0.0,3759.0,1856.0,1877.0,1875.0,1853.0,1853.0,1314.0,563.0,1298.0,558.0
0.0,3778.0,1909.0,1879.0,1853.0,1915.0,1915.0,1315.0,564.0,1338.0,571.0
0.0,3722.0,1909.0,1881.0,1915.0,1915.0,1915.0,1317.0,564.0,1335.0,574.0
0.0,3728.0,1976.0,1883.0,1915.0,1982.0,1982.0,1318.0,565.0,1383.0,593.0
0.0,3667.0,1818.0,1882.0,1982.0,1815.0,1815.0,1317.0,565.0,1274.0,544.0
0.0,3831.0,1942.0,1881.0,1815.0,1939.0,1939.0,1317.0,564.0,1359.0,583.0
0.0,3704.0,1858.0,1880.0,1939.0,1855.0,1855.0,1316.0,564.0,1300.0,558.0
0.0,3785.0,1884.0,1880.0,1855.0,1884.0,1884.0,1316.0,564.0,1319.0,565.0
0.0,3756.0,1904.0,1882.0,1884.0,1910.0,1910.0,1317.0,565.0,1334.0,570.0
0.0,3736.0,1896.0,1883.0,1910.0,1899.0,1899.0,1318.0,565.0,1328.0,568.0
0.0,3750.0,1849.0,1882.0,1899.0,1846.0,1846.0,1317.0,565.0,1293.0,556.0
0.0,3800.0,1864.0,1881.0,1846.0,1861.0,1861.0,1317.0,564.0,1305.0,559.0
0.0,3782.0,1882.0,1881.0,1861.0,1882.0,1882.0,1317.0,564.0,1317.0,565.0
0.0,3761.0,1873.0,1882.0,1882.0,1876.0,1876.0,1317.0,565.0,1311.0,562.0
0.0,3770.0,1886.0,1883.0,1876.0,1889.0,1889.0,1318.0,565.0,1321.0,565.0
0.0,3760.0,1897.0,1883.0,1889.0,1897.0,1897.0,1318.0,565.0,1326.0,571.0
0.0,3752.0,1892.0,1886.0,1897.0,1901.0,1901.0,1320.0,566.0,1326.0,566.0
0.0,3757.0,1848.0,1886.0,1901.0,1848.0,1848.0,1320.0,566.0,1294.0,554.0
0.0,3810.0,1916.0,1886.0,1848.0,1916.0,1916.0,1320.0,566.0,1341.0,575.0
0.0,3742.0,1884.0,1884.0,1916.0,1878.0,1878.0,1319.0,565.0,1318.0,566.0
0.0,3774.0,1883.0,1884.0,1878.0,1883.0,1883.0,1319.0,565.0,1318.0,565.0
0.0,3769.0,1943.0,1886.0,1883.0,1949.0,1949.0,1320.0,566.0,1361.0,582.0
0.0,3709.0,1952.0,1889.0,1949.0,1961.0,1961.0,1322.0,567.0,1366.0,586.0
0.0,3706.0,2000.0,1892.0,1961.0,2009.0,2009.0,1324.0,568.0,1400.0,600.0
0.0,3667.0,1923.0,1893.0,2009.0,1926.0,1926.0,1325.0,568.0,1347.0,576.0
0.0,3753.0,1857.0,1893.0,1926.0,1857.0,1857.0,1325.0,568.0,1299.0,558.0
0.0,3822.0,1856.0,1892.0,1857.0,1853.0,1853.0,1324.0,568.0,1299.0,557.0
0.0,3823.0,1884.0,1891.0,1853.0,1881.0,1881.0,1324.0,567.0,1319.0,565.0
0.0,3792.0,1927.0,1892.0,1881.0,1930.0,1930.0,1324.0,568.0,1349.0,578.0
0.0,3746.0,1889.0,1893.0,1930.0,1892.0,1892.0,1325.0,568.0,1323.0,566.0
0.0,3787.0,1947.0,1894.0,1892.0,1950.0,1950.0,1326.0,568.0,1362.0,585.0
0.0,3732.0,1970.0,1896.0,1950.0,1976.0,1976.0,1327.0,569.0,1380.0,590.0
0.0,3712.0,1910.0,1895.0,1976.0,1907.0,1907.0,1326.0,569.0,1336.0,574.0
0.0,3778.0,1838.0,1893.0,1907.0,1832.0,1832.0,1325.0,568.0,1286.0,552.0
0.0,3847.0,1785.0,1891.0,1832.0,1779.0,1779.0,1324.0,567.0,1251.0,534.0
0.0,3894.0,1942.0,1894.0,1779.0,1951.0,1951.0,1326.0,568.0,1359.0,583.0
0.0,3731.0,1992.0,1897.0,1951.0,2001.0,2001.0,1328.0,569.0,1394.0,598.0
0.0,3690.0,2020.0,1900.0,2001.0,2029.0,2029.0,1330.0,570.0,1414.0,606.0
0.0,3671.0,1909.0,1900.0,2029.0,1909.0,1909.0,1330.0,570.0,1336.0,573.0
0.0,3791.0,1920.0,1900.0,1909.0,1920.0,1920.0,1330.0,570.0,1344.0,576.0
0.0,3780.0,1934.0,1901.0,1920.0,1937.0,1937.0,1331.0,570.0,1355.0,579.0
0.0,3766.0,1910.0,1901.0,1937.0,1910.0,1910.0,1331.0,570.0,1337.0,573.0
0.0,3793.0,1899.0,1900.0,1910.0,1896.0,1896.0,1330.0,570.0,1328.0,571.0
0.0,3804.0,1930.0,1902.0,1896.0,1936.0,1936.0,1331.0,571.0,1352.0,578.0
0.0,3770.0,1982.0,1905.0,1936.0,1991.0,1991.0,1333.0,572.0,1387.0,595.0
0.0,3724.0,1872.0,1904.0,1991.0,1869.0,1869.0,1333.0,571.0,1310.0,562.0
0.0,3843.0,1907.0,1904.0,1869.0,1907.0,1907.0,1333.0,571.0,1335.0,572.0
0.0,3805.0,1855.0,1903.0,1907.0,1852.0,1852.0,1332.0,571.0,1300.0,555.0
0.0,3857.0,1914.0,1903.0,1852.0,1914.0,1914.0,1332.0,571.0,1340.0,574.0
0.0,3795.0,1899.0,1903.0,1914.0,1899.0,1899.0,1332.0,571.0,1329.0,570.0
0.0,3810.0,1917.0,1903.0,1899.0,1917.0,1917.0,1332.0,571.0,1340.0,577.0
0.0,3792.0,1904.0,1904.0,1917.0,1907.0,1907.0,1333.0,571.0,1334.0,570.0
0.0,3805.0,2010.0,1907.0,1907.0,2019.0,2019.0,1335.0,572.0,1407.0,603.0
0.0,3702.0,1934.0,1907.0,2019.0,1934.0,1934.0,1335.0,572.0,1354.0,580.0
0.0,3787.0,1862.0,1907.0,1934.0,1862.0,1862.0,1335.0,572.0,1303.0,559.0
0.0,3859.0,1863.0,1904.0,1862.0,1854.0,1854.0,1333.0,571.0,1304.0,559.0
0.0,3858.0,1866.0,1906.0,1854.0,1872.0,1872.0,1334.0,572.0,1307.0,559.0
0.0,3846.0,1926.0,1906.0,1872.0,1926.0,1926.0,1334.0,572.0,1348.0,578.0
0.0,3792.0,1902.0,1906.0,1926.0,1902.0,1902.0,1334.0,572.0,1331.0,571.0
0.0,3816.0,1978.0,1907.0,1902.0,1981.0,1981.0,1335.0,572.0,1383.0,595.0
0.0,3740.0,1896.0,1907.0,1981.0,1896.0,1896.0,1335.0,572.0,1327.0,569.0
0.0,3825.0,1912.0,1907.0,1896.0,1912.0,1912.0,1335.0,572.0,1338.0,574.0
0.0,3809.0,1850.0,1908.0,1912.0,1853.0,1853.0,1336.0,572.0,1295.0,555.0
0.0,3871.0,1963.0,1910.0,1853.0,1969.0,1969.0,1337.0,573.0,1376.0,587.0
0.0,3761.0,1986.0,1912.0,1969.0,1992.0,1992.0,1338.0,574.0,1389.0,597.0
0.0,3744.0,1999.0,1914.0,1992.0,2005.0,2005.0,1340.0,574.0,1399.0,600.0
0.0,3737.0,1961.0,1916.0,2005.0,1967.0,1967.0,1341.0,575.0,1374.0,587.0
0.0,3781.0,1930.0,1916.0,1967.0,1930.0,1930.0,1341.0,575.0,1351.0,579.0
0.0,3818.0,1890.0,1916.0,1930.0,1890.0,1890.0,1341.0,575.0,1323.0,567.0
0.0,3858.0,1895.0,1917.0,1890.0,1898.0,1898.0,1342.0,575.0,1325.0,570.0
0.0,3853.0,1937.0,1917.0,1898.0,1937.0,1937.0,1342.0,575.0,1356.0,581.0
0.0,3814.0,1999.0,1920.0,1937.0,2008.0,2008.0,1344.0,576.0,1400.0,599.0
0.0,3752.0,1986.0,1922.0,2008.0,1992.0,1992.0,1345.0,577.0,1390.0,596.0
0.0,3774.0,2029.0,1923.0,1992.0,2032.0,2032.0,1346.0,577.0,1421.0,608.0
0.0,3737.0,1916.0,1923.0,2032.0,1916.0,1916.0,1346.0,577.0,1341.0,575.0
0.0,3853.0,1924.0,1921.0,1916.0,1918.0,1918.0,1345.0,576.0,1346.0,578.0
0.0,3845.0,1920.0,1921.0,1918.0,1920.0,1920.0,1345.0,576.0,1344.0,576.0
0.0,3843.0,1906.0,1922.0,1920.0,1909.0,1909.0,1345.0,577.0,1334.0,572.0
0.0,3857.0,1977.0,1924.0,1909.0,1983.0,1983.0,1347.0,577.0,1384.0,593.0
0.0,3789.0,2080.0,1928.0,1983.0,2092.0,2092.0,1350.0,578.0,1456.0,624.0
0.0,3692.0,1974.0,1929.0,2092.0,1977.0,1977.0,1350.0,579.0,1383.0,591.0
0.0,3810.0,1926.0,1930.0,1977.0,1929.0,1929.0,1351.0,579.0,1348.0,578.0
0.0,3861.0,1933.0,1930.0,1929.0,1933.0,1933.0,1351.0,579.0,1353.0,580.0
0.0,3857.0,2016.0,1930.0,1933.0,2016.0,2016.0,1351.0,579.0,1410.0,606.0
0.0,3774.0,1950.0,1931.0,2016.0,1953.0,1953.0,1352.0,579.0,1365.0,585.0
0.0,3840.0,1967.0,1934.0,1953.0,1976.0,1976.0,1354.0,580.0,1379.0,588.0
0.0,3826.0,2043.0,1939.0,1976.0,2058.0,2058.0,1357.0,582.0,1429.0,614.0
0.0,3759.0,1960.0,1939.0,2058.0,1960.0,1960.0,1357.0,582.0,1373.0,587.0
0.0,3857.0,1989.0,1939.0,1960.0,1989.0,1989.0,1357.0,582.0,1392.0,597.0
0.0,3828.0,1923.0,1937.0,1989.0,1917.0,1917.0,1356.0,581.0,1344.0,579.0
0.0,3894.0,1920.0,1937.0,1917.0,1920.0,1920.0,1356.0,581.0,1345.0,575.0
0.0,3891.0,1989.0,1939.0,1920.0,1995.0,1995.0,1357.0,582.0,1393.0,596.0
0.0,3822.0,1982.0,1940.0,1995.0,1985.0,1985.0,1358.0,582.0,1387.0,595.0
0.0,3835.0,1993.0,1941.0,1985.0,1996.0,1996.0,1359.0,582.0,1394.0,599.0
0.0,3827.0,1929.0,1942.0,1996.0,1932.0,1932.0,1359.0,583.0,1351.0,578.0
0.0,3894.0,1944.0,1942.0,1932.0,1944.0,1944.0,1359.0,583.0,1361.0,583.0
0.0,3882.0,1921.0,1941.0,1944.0,1918.0,1918.0,1359.0,582.0,1344.0,577.0
0.0,3905.0,1926.0,1942.0,1918.0,1929.0,1929.0,1359.0,583.0,1349.0,577.0
0.0,3897.0,2032.0,1944.0,1929.0,2038.0,2038.0,1361.0,583.0,1421.0,611.0
0.0,3794.0,2020.0,1947.0,2038.0,2029.0,2029.0,1363.0,584.0,1414.0,606.0
0.0,3812.0,2054.0,1950.0,2029.0,2063.0,2063.0,1365.0,585.0,1440.0,614.0
0.0,3787.0,1976.0,1952.0,2063.0,1982.0,1982.0,1366.0,586.0,1382.0,594.0
0.0,3874.0,1957.0,1953.0,1982.0,1960.0,1960.0,1367.0,586.0,1371.0,586.0
0.0,3899.0,1916.0,1953.0,1960.0,1916.0,1916.0,1367.0,586.0,1341.0,575.0
0.0,3943.0,1890.0,1950.0,1916.0,1881.0,1881.0,1365.0,585.0,1324.0,566.0
0.0,3969.0,1944.0,1950.0,1881.0,1944.0,1944.0,1365.0,585.0,1361.0,583.0
0.0,3906.0,2035.0,1954.0,1944.0,2047.0,2047.0,1368.0,586.0,1424.0,611.0
0.0,3815.0,2033.0,1957.0,2047.0,2042.0,2042.0,1370.0,587.0,1423.0,610.0
0.0,3829.0,1967.0,1959.0,2042.0,1973.0,1973.0,1371.0,588.0,1376.0,591.0
0.0,3904.0,1922.0,1959.0,1973.0,1922.0,1922.0,1371.0,588.0,1345.0,577.0
0.0,3955.0,1886.0,1959.0,1922.0,1886.0,1886.0,1371.0,588.0,1320.0,566.0
0.0,3991.0,1947.0,1958.0,1886.0,1944.0,1944.0,1371.0,587.0,1363.0,584.0
0.0,3930.0,1936.0,1959.0,1944.0,1939.0,1939.0,1371.0,588.0,1355.0,581.0
0.0,3938.0,2075.0,1962.0,1939.0,2084.0,2084.0,1373.0,589.0,1452.0,623.0
0.0,3802.0,2046.0,1966.0,2084.0,2058.0,2058.0,1376.0,590.0,1433.0,613.0
0.0,3840.0,2006.0,1967.0,2058.0,2009.0,2009.0,1377.0,590.0,1404.0,602.0
0.0,3892.0,1907.0,1966.0,2009.0,1904.0,1904.0,1376.0,590.0,1334.0,573.0
0.0,3994.0,1910.0,1963.0,1904.0,1901.0,1901.0,1374.0,589.0,1338.0,572.0
0.0,3988.0,1962.0,1963.0,1901.0,1962.0,1962.0,1374.0,589.0,1373.0,589.0
0.0,3927.0,1920.0,1963.0,1962.0,1920.0,1920.0,1374.0,589.0,1344.0,576.0
0.0,3969.0,2092.0,1967.0,1920.0,2104.0,2104.0,1377.0,590.0,1465.0,627.0
0.0,3797.0,2039.0,1970.0,2104.0,2048.0,2048.0,1379.0,591.0,1427.0,612.0
0.0,3862.0,2062.0,1973.0,2048.0,2071.0,2071.0,1381.0,592.0,1442.0,620.0
0.0,3848.0,1890.0,1970.0,2071.0,1881.0,1881.0,1379.0,591.0,1324.0,566.0
0.0,4029.0,1967.0,1970.0,1881.0,1967.0,1967.0,1379.0,591.0,1377.0,590.0
0.0,3943.0,1939.0,1968.0,1967.0,1933.0,1933.0,1378.0,590.0,1356.0,583.0
0.0,3971.0,1936.0,1969.0,1933.0,1939.0,1939.0,1378.0,591.0,1355.0,581.0
0.0,3968.0,2005.0,1970.0,1939.0,2008.0,2008.0,1379.0,591.0,1404.0,601.0
0.0,3902.0,2059.0,1973.0,2008.0,2068.0,2068.0,1381.0,592.0,1441.0,618.0
0.0,3851.0,2030.0,1975.0,2068.0,2036.0,2036.0,1382.0,593.0,1420.0,610.0
0.0,3889.0,1974.0,1975.0,2036.0,1974.0,1974.0,1382.0,593.0,1382.0,592.0
0.0,3951.0,1960.0,1973.0,1974.0,1954.0,1954.0,1381.0,592.0,1373.0,587.0
0.0,3965.0,1986.0,1973.0,1954.0,1986.0,1986.0,1381.0,592.0,1390.0,596.0
0.0,3933.0,1940.0,1973.0,1986.0,1940.0,1940.0,1381.0,592.0,1358.0,582.0
0.0,3979.0,2031.0,1975.0,1940.0,2037.0,2037.0,1382.0,593.0,1421.0,610.0
0.0,3888.0,1943.0,1974.0,2037.0,1940.0,1940.0,1382.0,592.0,1361.0,582.0
0.0,3982.0,1949.0,1974.0,1940.0,1949.0,1949.0,1382.0,592.0,1364.0,585.0
0.0,3973.0,1997.0,1974.0,1949.0,1997.0,1997.0,1382.0,592.0,1396.0,601.0
0.0,3925.0,1901.0,1972.0,1997.0,1895.0,1895.0,1380.0,592.0,1332.0,569.0
0.0,4021.0,1911.0,1970.0,1895.0,1905.0,1905.0,1379.0,591.0,1337.0,574.0
0.0,4005.0,1990.0,1970.0,1905.0,1990.0,1990.0,1379.0,591.0,1393.0,597.0
0.0,3920.0,1997.0,1972.0,1990.0,2003.0,2003.0,1380.0,592.0,1399.0,598.0
0.0,3913.0,2072.0,1975.0,2003.0,2081.0,2081.0,1382.0,593.0,1450.0,622.0
0.0,3844.0,2035.0,1976.0,2081.0,2038.0,2038.0,1383.0,593.0,1425.0,610.0
0.0,3890.0,1943.0,1975.0,2038.0,1940.0,1940.0,1382.0,593.0,1359.0,584.0
0.0,3985.0,1927.0,1974.0,1940.0,1924.0,1924.0,1382.0,592.0,1348.0,579.0
0.0,3998.0,1966.0,1974.0,1924.0,1966.0,1966.0,1382.0,592.0,1377.0,589.0
0.0,3956.0,1990.0,1976.0,1966.0,1996.0,1996.0,1383.0,593.0,1393.0,597.0
0.0,3932.0,2009.0,1977.0,1996.0,2012.0,2012.0,1384.0,593.0,1405.0,604.0
0.0,3919.0,1980.0,1979.0,2012.0,1986.0,1986.0,1385.0,594.0,1387.0,593.0
0.0,3951.0,1980.0,1977.0,1986.0,1974.0,1974.0,1384.0,593.0,1386.0,594.0
0.0,3957.0,1952.0,1976.0,1974.0,1949.0,1949.0,1383.0,593.0,1368.0,584.0
0.0,3979.0,1940.0,1973.0,1949.0,1931.0,1931.0,1381.0,592.0,1356.0,584.0
0.0,3988.0,1932.0,1973.0,1931.0,1932.0,1932.0,1381.0,592.0,1352.0,580.0
0.0,3987.0,2007.0,1974.0,1932.0,2010.0,2010.0,1382.0,592.0,1406.0,601.0
0.0,3912.0,1947.0,1974.0,2010.0,1947.0,1947.0,1382.0,592.0,1363.0,584.0
0.0,3975.0,2006.0,1976.0,1947.0,2012.0,2012.0,1383.0,593.0,1403.0,603.0
0.0,3916.0,2059.0,1979.0,2012.0,2068.0,2068.0,1385.0,594.0,1443.0,616.0
0.0,3869.0,1964.0,1977.0,2068.0,1958.0,1958.0,1384.0,593.0,1374.0,590.0
0.0,3973.0,1910.0,1975.0,1958.0,1904.0,1904.0,1382.0,593.0,1338.0,572.0
0.0,4021.0,1968.0,1975.0,1904.0,1968.0,1968.0,1382.0,593.0,1378.0,590.0
0.0,3957.0,1956.0,1976.0,1968.0,1959.0,1959.0,1383.0,593.0,1369.0,587.0
0.0,3969.0,2063.0,1979.0,1959.0,2072.0,2072.0,1385.0,594.0,1444.0,619.0
0.0,3865.0,2023.0,1980.0,2072.0,2026.0,2026.0,1386.0,594.0,1415.0,608.0
0.0,3914.0,2076.0,1983.0,2026.0,2085.0,2085.0,1388.0,595.0,1453.0,623.0
0.0,3864.0,1981.0,1981.0,2085.0,1975.0,1975.0,1387.0,594.0,1388.0,593.0
0.0,3968.0,2003.0,1980.0,1975.0,2000.0,2000.0,1386.0,594.0,1402.0,601.0
0.0,3940.0,1999.0,1980.0,2000.0,1999.0,1999.0,1386.0,594.0,1399.0,600.0
0.0,3941.0,1995.0,1983.0,1999.0,2004.0,2004.0,1388.0,595.0,1397.0,598.0
0.0,3945.0,2035.0,1984.0,2004.0,2038.0,2038.0,1389.0,595.0,1423.0,612.0
0.0,3914.0,2030.0,1986.0,2038.0,2036.0,2036.0,1390.0,596.0,1422.0,608.0
0.0,3922.0,2071.0,1989.0,2036.0,2080.0,2080.0,1392.0,597.0,1449.0,622.0
0.0,3887.0,2020.0,1987.0,2080.0,2014.0,2014.0,1391.0,596.0,1413.0,607.0
0.0,3947.0,2026.0,1987.0,2014.0,2026.0,2026.0,1391.0,596.0,1418.0,608.0
0.0,3935.0,1944.0,1985.0,2026.0,1938.0,1938.0,1389.0,596.0,1362.0,582.0
0.0,4017.0,2040.0,1987.0,1938.0,2046.0,2046.0,1391.0,596.0,1428.0,612.0
0.0,3915.0,2088.0,1990.0,2046.0,2097.0,2097.0,1393.0,597.0,1460.0,628.0
0.0,3873.0,2062.0,1993.0,2097.0,2071.0,2071.0,1395.0,598.0,1445.0,617.0
0.0,3908.0,1994.0,1993.0,2071.0,1994.0,1994.0,1395.0,598.0,1394.0,600.0
0.0,3985.0,1996.0,1993.0,1994.0,1996.0,1996.0,1395.0,598.0,1397.0,599.0
0.0,3983.0,1980.0,1992.0,1996.0,1977.0,1977.0,1394.0,598.0,1387.0,593.0
0.0,3999.0,1993.0,1991.0,1977.0,1990.0,1990.0,1394.0,597.0,1395.0,598.0
0.0,3983.0,2016.0,1992.0,1990.0,2019.0,2019.0,1394.0,598.0,1412.0,604.0
0.0,3957.0,2077.0,1994.0,2019.0,2083.0,2083.0,1396.0,598.0,1453.0,624.0
0.0,3899.0,2008.0,1994.0,2083.0,2008.0,2008.0,1396.0,598.0,1406.0,602.0
0.0,3974.0,1999.0,1996.0,2008.0,2005.0,2005.0,1397.0,599.0,1400.0,599.0
0.0,3983.0,2004.0,1996.0,2005.0,2004.0,2004.0,1397.0,599.0,1403.0,601.0
0.0,3984.0,1931.0,1995.0,2004.0,1928.0,1928.0,1396.0,599.0,1352.0,579.0
0.0,4057.0,1999.0,1996.0,1928.0,2002.0,2002.0,1397.0,599.0,1399.0,600.0
0.0,3986.0,2079.0,1997.0,2002.0,2082.0,2082.0,1398.0,599.0,1454.0,625.0
0.0,3909.0,2026.0,2000.0,2082.0,2035.0,2035.0,1400.0,600.0,1418.0,608.0
0.0,3965.0,2068.0,2003.0,2035.0,2077.0,2077.0,1402.0,601.0,1449.0,619.0
0.0,3932.0,2106.0,2006.0,2077.0,2115.0,2115.0,1404.0,602.0,1473.0,633.0
0.0,3903.0,1987.0,2005.0,2115.0,1984.0,1984.0,1403.0,602.0,1391.0,596.0
0.0,4031.0,2014.0,2004.0,1984.0,2011.0,2011.0,1403.0,601.0,1410.0,604.0
0.0,4001.0,2000.0,2003.0,2011.0,1997.0,1997.0,1402.0,601.0,1399.0,601.0
0.0,4012.0,1995.0,2004.0,1997.0,1998.0,1998.0,1403.0,601.0,1397.0,598.0
0.0,4014.0,2013.0,2006.0,1998.0,2019.0,2019.0,1404.0,602.0,1410.0,603.0
0.0,3999.0,2063.0,2007.0,2019.0,2066.0,2066.0,1405.0,602.0,1443.0,620.0
0.0,3955.0,2060.0,2009.0,2066.0,2066.0,2066.0,1406.0,603.0,1443.0,617.0
0.0,3961.0,2009.0,2009.0,2066.0,2009.0,2009.0,1406.0,603.0,1406.0,603.0
0.0,4018.0,1980.0,2009.0,2009.0,1980.0,1980.0,1406.0,603.0,1386.0,594.0
0.0,4047.0,2086.0,2011.0,1980.0,2092.0,2092.0,1408.0,603.0,1459.0,627.0
0.0,3941.0,2032.0,2013.0,2092.0,2038.0,2038.0,1409.0,604.0,1423.0,609.0
0.0,4001.0,2080.0,2016.0,2038.0,2089.0,2089.0,1411.0,605.0,1456.0,624.0
0.0,3959.0,2029.0,2017.0,2089.0,2032.0,2032.0,1412.0,605.0,1421.0,608.0
0.0,4019.0,2042.0,2017.0,2032.0,2042.0,2042.0,1412.0,605.0,1428.0,614.0
0.0,4009.0,1997.0,2019.0,2042.0,2003.0,2003.0,1413.0,606.0,1398.0,599.0
0.0,4054.0,1938.0,2017.0,2003.0,1932.0,1932.0,1412.0,605.0,1357.0,581.0
0.0,4119.0,2020.0,2017.0,1932.0,2020.0,2020.0,1412.0,605.0,1415.0,605.0
0.0,4031.0,2034.0,2018.0,2020.0,2037.0,2037.0,1413.0,605.0,1423.0,611.0
0.0,4017.0,2072.0,2021.0,2037.0,2081.0,2081.0,1415.0,606.0,1450.0,622.0
0.0,3982.0,2063.0,2023.0,2081.0,2069.0,2069.0,1416.0,607.0,1445.0,618.0
0.0,4000.0,2070.0,2026.0,2069.0,2079.0,2079.0,1418.0,608.0,1449.0,621.0
0.0,3999.0,2016.0,2024.0,2079.0,2010.0,2010.0,1417.0,607.0,1410.0,606.0
0.0,4062.0,1943.0,2023.0,2010.0,1940.0,1940.0,1416.0,607.0,1361.0,582.0
0.0,4129.0,1983.0,2021.0,1940.0,1977.0,1977.0,1415.0,606.0,1387.0,596.0
0.0,4086.0,2041.0,2023.0,1977.0,2047.0,2047.0,1416.0,607.0,1430.0,611.0
0.0,4022.0,2041.0,2023.0,2047.0,2041.0,2041.0,1416.0,607.0,1429.0,612.0
0.0,4028.0,2087.0,2024.0,2041.0,2090.0,2090.0,1417.0,607.0,1461.0,626.0
0.0,3982.0,2042.0,2026.0,2090.0,2048.0,2048.0,1418.0,608.0,1429.0,613.0
0.0,4030.0,2053.0,2026.0,2048.0,2053.0,2053.0,1418.0,608.0,1437.0,616.0
0.0,4025.0,2001.0,2026.0,2053.0,2001.0,2001.0,1418.0,608.0,1401.0,600.0
0.0,4077.0,1960.0,2023.0,2001.0,1951.0,1951.0,1416.0,607.0,1373.0,587.0
0.0,4118.0,2034.0,2023.0,1951.0,2034.0,2034.0,1416.0,607.0,1424.0,610.0
0.0,4035.0,2119.0,2026.0,2034.0,2128.0,2128.0,1418.0,608.0,1482.0,637.0
0.0,3950.0,2066.0,2027.0,2128.0,2069.0,2069.0,1419.0,608.0,1446.0,620.0
0.0,4012.0,2058.0,2028.0,2069.0,2061.0,2061.0,1420.0,608.0,1441.0,617.0
0.0,4023.0,2046.0,2027.0,2061.0,2043.0,2043.0,1419.0,608.0,1432.0,614.0
0.0,4038.0,2038.0,2027.0,2043.0,2038.0,2038.0,1419.0,608.0,1428.0,610.0
0.0,4043.0,2000.0,2027.0,2038.0,2000.0,2000.0,1419.0,608.0,1400.0,600.0
0.0,4081.0,2048.0,2027.0,2000.0,2048.0,2048.0,1419.0,608.0,1432.0,616.0
0.0,4033.0,2023.0,2029.0,2048.0,2029.0,2029.0,1420.0,609.0,1417.0,606.0
0.0,4058.0,2036.0,2030.0,2029.0,2039.0,2039.0,1421.0,609.0,1425.0,611.0
0.0,4051.0,1999.0,2029.0,2039.0,1996.0,1996.0,1420.0,609.0,1399.0,600.0
0.0,4091.0,2006.0,2027.0,1996.0,2000.0,2000.0,1419.0,608.0,1403.0,603.0
0.0,4081.0,2060.0,2029.0,2000.0,2066.0,2066.0,1420.0,609.0,1443.0,617.0
0.0,4021.0,2044.0,2030.0,2066.0,2047.0,2047.0,1421.0,609.0,1431.0,613.0
0.0,4043.0,2080.0,2031.0,2047.0,2083.0,2083.0,1422.0,609.0,1455.0,625.0
0.0,4010.0,2056.0,2033.0,2083.0,2062.0,2062.0,1423.0,610.0,1441.0,615.0
0.0,4037.0,2092.0,2036.0,2062.0,2101.0,2101.0,1425.0,611.0,1463.0,629.0
0.0,4007.0,2060.0,2034.0,2101.0,2054.0,2054.0,1424.0,610.0,1442.0,618.0
0.0,4048.0,2021.0,2034.0,2054.0,2021.0,2021.0,1424.0,610.0,1415.0,606.0
0.0,4081.0,1974.0,2033.0,2021.0,1971.0,1971.0,1423.0,610.0,1383.0,591.0
0.0,4128.0,2026.0,2031.0,1971.0,2020.0,2020.0,1422.0,609.0,1417.0,609.0
0.0,4073.0,2047.0,2033.0,2020.0,2053.0,2053.0,1423.0,610.0,1434.0,613.0
0.0,4046.0,2098.0,2034.0,2053.0,2101.0,2101.0,1424.0,610.0,1467.0,631.0
0.0,4001.0,2067.0,2036.0,2101.0,2073.0,2073.0,1425.0,611.0,1448.0,619.0
0.0,4035.0,2047.0,2037.0,2073.0,2050.0,2050.0,1426.0,611.0,1433.0,614.0
0.0,4061.0,2010.0,2037.0,2050.0,2010.0,2010.0,1426.0,611.0,1407.0,603.0
0.0,4101.0,2016.0,2036.0,2010.0,2013.0,2013.0,1425.0,611.0,1411.0,605.0
0.0,4095.0,2033.0,2036.0,2013.0,2033.0,2033.0,1425.0,611.0,1422.0,611.0
0.0,4075.0,2085.0,2037.0,2033.0,2088.0,2088.0,1426.0,611.0,1460.0,625.0
0.0,4023.0,2155.0,2040.0,2088.0,2164.0,2164.0,1428.0,612.0,1509.0,646.0
0.0,3956.0,2057.0,2040.0,2164.0,2057.0,2057.0,1428.0,612.0,1439.0,618.0
0.0,4063.0,2066.0,2040.0,2057.0,2066.0,2066.0,1428.0,612.0,1445.0,621.0
0.0,4054.0,2058.0,2040.0,2066.0,2058.0,2058.0,1428.0,612.0,1443.0,615.0
0.0,4062.0,2009.0,2039.0,2058.0,2006.0,2006.0,1427.0,612.0,1405.0,604.0
0.0,4111.0,2037.0,2039.0,2006.0,2037.0,2037.0,1427.0,612.0,1426.0,611.0
0.0,4080.0,2099.0,2041.0,2037.0,2105.0,2105.0,1429.0,612.0,1469.0,630.0
0.0,4018.0,2110.0,2044.0,2105.0,2119.0,2119.0,1431.0,613.0,1477.0,633.0
0.0,4013.0,2100.0,2046.0,2119.0,2106.0,2106.0,1432.0,614.0,1471.0,629.0
0.0,4032.0,2110.0,2047.0,2106.0,2113.0,2113.0,1433.0,614.0,1476.0,634.0
0.0,4028.0,2057.0,2047.0,2113.0,2057.0,2057.0,1433.0,614.0,1440.0,617.0
0.0,4084.0,2039.0,2047.0,2057.0,2039.0,2039.0,1433.0,614.0,1427.0,612.0
0.0,4102.0,2043.0,2046.0,2039.0,2040.0,2040.0,1432.0,614.0,1431.0,612.0
0.0,4098.0,2057.0,2047.0,2040.0,2060.0,2060.0,1433.0,614.0,1439.0,618.0
0.0,4081.0,2097.0,2050.0,2060.0,2106.0,2106.0,1435.0,615.0,1470.0,627.0
0.0,4044.0,2066.0,2051.0,2106.0,2069.0,2069.0,1436.0,615.0,1445.0,621.0
0.0,4084.0,2112.0,2053.0,2069.0,2118.0,2118.0,1437.0,616.0,1479.0,633.0
0.0,4041.0,2032.0,2053.0,2118.0,2032.0,2032.0,1437.0,616.0,1422.0,610.0
0.0,4127.0,2075.0,2053.0,2032.0,2075.0,2075.0,1437.0,616.0,1452.0,623.0
0.0,4084.0,2043.0,2053.0,2075.0,2043.0,2043.0,1437.0,616.0,1430.0,613.0
0.0,4116.0,2097.0,2053.0,2043.0,2097.0,2097.0,1437.0,616.0,1466.0,631.0
0.0,4062.0,2226.0,2057.0,2097.0,2238.0,2238.0,1440.0,617.0,1559.0,667.0
0.0,3933.0,2077.0,2060.0,2238.0,2086.0,2086.0,1442.0,618.0,1455.0,622.0
0.0,4094.0,2073.0,2060.0,2086.0,2073.0,2073.0,1442.0,618.0,1450.0,623.0
0.0,4107.0,2081.0,2060.0,2073.0,2081.0,2081.0,1442.0,618.0,1458.0,623.0
0.0,4099.0,2003.0,2059.0,2081.0,2000.0,2000.0,1441.0,618.0,1402.0,601.0
0.0,4177.0,2043.0,2059.0,2000.0,2043.0,2043.0,1441.0,618.0,1430.0,613.0
0.0,4134.0,2006.0,2057.0,2043.0,2000.0,2000.0,1440.0,617.0,1403.0,603.0
0.0,4171.0,2122.0,2059.0,2000.0,2128.0,2128.0,1441.0,618.0,1486.0,636.0
0.0,4049.0,2052.0,2060.0,2128.0,2055.0,2055.0,1442.0,618.0,1435.0,617.0
0.0,4125.0,2129.0,2062.0,2055.0,2135.0,2135.0,1443.0,619.0,1491.0,638.0
0.0,4051.0,2062.0,2063.0,2135.0,2065.0,2065.0,1444.0,619.0,1443.0,619.0
0.0,4124.0,2056.0,2063.0,2065.0,2056.0,2056.0,1444.0,619.0,1440.0,616.0
0.0,4133.0,2097.0,2064.0,2056.0,2100.0,2100.0,1445.0,619.0,1467.0,630.0
0.0,4092.0,2029.0,2066.0,2100.0,2035.0,2035.0,1446.0,620.0,1420.0,609.0
0.0,4163.0,2156.0,2067.0,2035.0,2159.0,2159.0,1447.0,620.0,1508.0,648.0
0.0,4042.0,2142.0,2069.0,2159.0,2148.0,2148.0,1448.0,621.0,1501.0,641.0
0.0,4059.0,2089.0,2069.0,2148.0,2089.0,2089.0,1448.0,621.0,1462.0,627.0
0.0,4118.0,2053.0,2069.0,2089.0,2053.0,2053.0,1448.0,621.0,1437.0,616.0
0.0,4154.0,2031.0,2067.0,2053.0,2025.0,2025.0,1447.0,620.0,1421.0,610.0
0.0,4176.0,2046.0,2067.0,2025.0,2046.0,2046.0,1447.0,620.0,1432.0,614.0
0.0,4155.0,2143.0,2070.0,2046.0,2152.0,2152.0,1449.0,621.0,1502.0,641.0
0.0,4058.0,2133.0,2073.0,2152.0,2142.0,2142.0,1451.0,622.0,1492.0,641.0
0.0,4077.0,2174.0,2076.0,2142.0,2183.0,2183.0,1453.0,623.0,1521.0,653.0
0.0,4045.0,2043.0,2076.0,2183.0,2043.0,2043.0,1453.0,623.0,1430.0,613.0
0.0,4185.0,2090.0,2076.0,2043.0,2090.0,2090.0,1453.0,623.0,1463.0,627.0
0.0,4138.0,2139.0,2077.0,2090.0,2142.0,2142.0,1454.0,623.0,1498.0,641.0
0.0,4089.0,2037.0,2077.0,2142.0,2037.0,2037.0,1454.0,623.0,1426.0,611.0
0.0,4194.0,2112.0,2079.0,2037.0,2118.0,2118.0,1455.0,624.0,1477.0,635.0
0.0,4119.0,2166.0,2082.0,2118.0,2175.0,2175.0,1457.0,625.0,1516.0,650.0
0.0,4071.0,2148.0,2084.0,2175.0,2154.0,2154.0,1459.0,625.0,1505.0,643.0
0.0,4098.0,2106.0,2084.0,2154.0,2106.0,2106.0,1459.0,625.0,1472.0,634.0
0.0,4146.0,2075.0,2083.0,2106.0,2072.0,2072.0,1458.0,625.0,1454.0,621.0
0.0,4177.0,2044.0,2083.0,2072.0,2044.0,2044.0,1458.0,625.0,1431.0,613.0
0.0,4205.0,2089.0,2083.0,2044.0,2089.0,2089.0,1458.0,625.0,1462.0,627.0
0.0,4160.0,2082.0,2083.0,2089.0,2082.0,2082.0,1458.0,625.0,1458.0,624.0
0.0,4167.0,2037.0,2084.0,2082.0,2040.0,2040.0,1459.0,625.0,1426.0,611.0
0.0,4212.0,2132.0,2086.0,2040.0,2138.0,2138.0,1460.0,626.0,1491.0,641.0
0.0,4120.0,2088.0,2086.0,2138.0,2088.0,2088.0,1460.0,626.0,1462.0,626.0
0.0,4170.0,2109.0,2086.0,2088.0,2109.0,2109.0,1460.0,626.0,1476.0,633.0
0.0,4149.0,2110.0,2086.0,2109.0,2110.0,2110.0,1460.0,626.0,1477.0,633.0
0.0,4148.0,2113.0,2086.0,2110.0,2113.0,2113.0,1460.0,626.0,1479.0,634.0
0.0,4145.0,2137.0,2087.0,2113.0,2140.0,2140.0,1461.0,626.0,1495.0,642.0
0.0,4121.0,2060.0,2087.0,2140.0,2060.0,2060.0,1461.0,626.0,1443.0,617.0
0.0,4201.0,2116.0,2089.0,2060.0,2122.0,2122.0,1462.0,627.0,1482.0,634.0
0.0,4145.0,2102.0,2090.0,2122.0,2105.0,2105.0,1463.0,627.0,1471.0,631.0
0.0,4165.0,2066.0,2089.0,2105.0,2063.0,2063.0,1462.0,627.0,1446.0,620.0
0.0,4204.0,2090.0,2090.0,2063.0,2093.0,2093.0,1463.0,627.0,1463.0,627.0
0.0,4177.0,2074.0,2089.0,2093.0,2071.0,2071.0,1462.0,627.0,1452.0,622.0
0.0,4196.0,2110.0,2090.0,2071.0,2113.0,2113.0,1463.0,627.0,1476.0,634.0
0.0,4157.0,2106.0,2091.0,2113.0,2109.0,2109.0,1464.0,627.0,1474.0,632.0
0.0,4164.0,2168.0,2093.0,2109.0,2174.0,2174.0,1465.0,628.0,1519.0,649.0
0.0,4105.0,2119.0,2094.0,2174.0,2122.0,2122.0,1466.0,628.0,1481.0,638.0
0.0,4160.0,2018.0,2090.0,2122.0,2006.0,2006.0,1463.0,627.0,1413.0,605.0
0.0,4264.0,2080.0,2090.0,2006.0,2080.0,2080.0,1463.0,627.0,1456.0,624.0
0.0,4190.0,2034.0,2089.0,2080.0,2031.0,2031.0,1462.0,627.0,1425.0,609.0
0.0,4236.0,2089.0,2090.0,2031.0,2092.0,2092.0,1463.0,627.0,1462.0,627.0
0.0,4178.0,2162.0,2093.0,2092.0,2171.0,2171.0,1465.0,628.0,1513.0,649.0
0.0,4108.0,2106.0,2094.0,2171.0,2109.0,2109.0,1466.0,628.0,1473.0,633.0
0.0,4173.0,2116.0,2096.0,2109.0,2122.0,2122.0,1467.0,629.0,1483.0,633.0
0.0,4166.0,2081.0,2095.0,2122.0,2078.0,2078.0,1466.0,629.0,1456.0,625.0
0.0,4207.0,2043.0,2095.0,2078.0,2043.0,2043.0,1466.0,629.0,1430.0,613.0
0.0,4242.0,2083.0,2094.0,2043.0,2080.0,2080.0,1466.0,628.0,1457.0,626.0
0.0,4202.0,2195.0,2097.0,2080.0,2204.0,2204.0,1468.0,629.0,1538.0,657.0
0.0,4087.0,2148.0,2099.0,2204.0,2154.0,2154.0,1469.0,630.0,1502.0,646.0
0.0,4143.0,2169.0,2100.0,2154.0,2172.0,2172.0,1470.0,630.0,1519.0,650.0
0.0,4128.0,2116.0,2102.0,2172.0,2122.0,2122.0,1471.0,631.0,1480.0,636.0
0.0,4184.0,2136.0,2101.0,2122.0,2133.0,2133.0,1471.0,630.0,1495.0,641.0
0.0,4170.0,2047.0,2099.0,2133.0,2041.0,2041.0,1469.0,630.0,1434.0,613.0
0.0,4256.0,2173.0,2100.0,2041.0,2176.0,2176.0,1470.0,630.0,1520.0,653.0
0.0,4124.0,2179.0,2103.0,2176.0,2188.0,2188.0,1472.0,631.0,1527.0,652.0
0.0,4121.0,2110.0,2105.0,2188.0,2116.0,2116.0,1473.0,632.0,1476.0,634.0
0.0,4199.0,2176.0,2107.0,2116.0,2182.0,2182.0,1475.0,632.0,1522.0,654.0
0.0,4139.0,2109.0,2107.0,2182.0,2109.0,2109.0,1475.0,632.0,1478.0,631.0
0.0,4212.0,2163.0,2107.0,2109.0,2163.0,2163.0,1475.0,632.0,1513.0,650.0
0.0,4158.0,2037.0,2104.0,2163.0,2028.0,2028.0,1473.0,631.0,1426.0,611.0
0.0,4284.0,2001.0,2104.0,2028.0,2001.0,2001.0,1473.0,631.0,1400.0,601.0
0.0,4311.0,2150.0,2105.0,2001.0,2153.0,2153.0,1473.0,632.0,1506.0,644.0
0.0,4162.0,2177.0,2106.0,2153.0,2180.0,2180.0,1474.0,632.0,1525.0,652.0
0.0,4138.0,2150.0,2107.0,2180.0,2153.0,2153.0,1475.0,632.0,1504.0,646.0
0.0,4168.0,2186.0,2109.0,2153.0,2192.0,2192.0,1476.0,633.0,1531.0,655.0
0.0,4135.0,2140.0,2109.0,2192.0,2140.0,2140.0,1476.0,633.0,1498.0,642.0
0.0,4187.0,2091.0,2107.0,2140.0,2085.0,2085.0,1475.0,632.0,1463.0,628.0
0.0,4236.0,2147.0,2109.0,2085.0,2153.0,2153.0,1476.0,633.0,1504.0,643.0
0.0,4174.0,2119.0,2109.0,2153.0,2119.0,2119.0,1476.0,633.0,1483.0,636.0
0.0,4208.0,2159.0,2112.0,2119.0,2168.0,2168.0,1478.0,634.0,1511.0,648.0
0.0,4168.0,2189.0,2113.0,2168.0,2192.0,2192.0,1479.0,634.0,1531.0,658.0
0.0,4147.0,2077.0,2113.0,2192.0,2077.0,2077.0,1479.0,634.0,1454.0,623.0
0.0,4262.0,2083.0,2114.0,2077.0,2086.0,2086.0,1480.0,634.0,1459.0,624.0
0.0,4256.0,2042.0,2113.0,2086.0,2039.0,2039.0,1479.0,634.0,1431.0,611.0
0.0,4300.0,2148.0,2113.0,2039.0,2148.0,2148.0,1479.0,634.0,1501.0,647.0
0.0,4191.0,2202.0,2116.0,2148.0,2211.0,2211.0,1481.0,635.0,1543.0,659.0
0.0,4137.0,2178.0,2117.0,2211.0,2181.0,2181.0,1482.0,635.0,1522.0,656.0
0.0,4170.0,2134.0,2117.0,2181.0,2134.0,2134.0,1482.0,635.0,1495.0,639.0
0.0,4217.0,2216.0,2119.0,2134.0,2222.0,2222.0,1483.0,636.0,1552.0,664.0
0.0,4135.0,2123.0,2120.0,2222.0,2126.0,2126.0,1484.0,636.0,1487.0,636.0
0.0,4234.0,2141.0,2120.0,2126.0,2141.0,2141.0,1484.0,636.0,1497.0,644.0
0.0,4219.0,2132.0,2121.0,2141.0,2135.0,2135.0,1485.0,636.0,1492.0,640.0
0.0,4228.0,2153.0,2123.0,2135.0,2159.0,2159.0,1486.0,637.0,1508.0,645.0
0.0,4210.0,2142.0,2123.0,2159.0,2142.0,2142.0,1486.0,637.0,1498.0,644.0
0.0,4227.0,2094.0,2124.0,2142.0,2097.0,2097.0,1487.0,637.0,1466.0,628.0
0.0,4275.0,2149.0,2124.0,2097.0,2149.0,2149.0,1487.0,637.0,1505.0,644.0
0.0,4223.0,2097.0,2124.0,2149.0,2097.0,2097.0,1487.0,637.0,1468.0,629.0
0.0,4275.0,2082.0,2123.0,2097.0,2079.0,2079.0,1486.0,637.0,1459.0,623.0
0.0,4290.0,2182.0,2124.0,2079.0,2185.0,2185.0,1487.0,637.0,1526.0,656.0
0.0,4187.0,2168.0,2127.0,2185.0,2177.0,2177.0,1489.0,638.0,1516.0,652.0
0.0,4204.0,2149.0,2129.0,2177.0,2155.0,2155.0,1490.0,639.0,1505.0,644.0
0.0,4232.0,2181.0,2131.0,2155.0,2187.0,2187.0,1492.0,639.0,1526.0,655.0
0.0,4206.0,2197.0,2133.0,2187.0,2203.0,2203.0,1493.0,640.0,1539.0,658.0
0.0,4196.0,2193.0,2134.0,2203.0,2196.0,2196.0,1494.0,640.0,1536.0,657.0
0.0,4206.0,2154.0,2134.0,2196.0,2154.0,2154.0,1494.0,640.0,1507.0,647.0
0.0,4248.0,2153.0,2136.0,2154.0,2159.0,2159.0,1495.0,641.0,1507.0,646.0
0.0,4249.0,2128.0,2136.0,2159.0,2128.0,2128.0,1495.0,641.0,1490.0,638.0
0.0,4280.0,2188.0,2139.0,2128.0,2197.0,2197.0,1497.0,642.0,1531.0,657.0
0.0,4220.0,2189.0,2141.0,2197.0,2195.0,2195.0,1499.0,642.0,1531.0,658.0
0.0,4228.0,2116.0,2140.0,2195.0,2113.0,2113.0,1498.0,642.0,1482.0,634.0
0.0,4307.0,2124.0,2139.0,2113.0,2121.0,2121.0,1497.0,642.0,1487.0,637.0
0.0,4296.0,2119.0,2139.0,2121.0,2119.0,2119.0,1497.0,642.0,1482.0,637.0
0.0,4298.0,2149.0,2139.0,2119.0,2149.0,2149.0,1497.0,642.0,1505.0,644.0
0.0,4268.0,2186.0,2140.0,2149.0,2189.0,2189.0,1498.0,642.0,1530.0,656.0
0.0,4231.0,2176.0,2143.0,2189.0,2185.0,2185.0,1500.0,643.0,1523.0,653.0
0.0,4244.0,2203.0,2143.0,2185.0,2203.0,2203.0,1500.0,643.0,1542.0,661.0
0.0,4226.0,2134.0,2142.0,2203.0,2131.0,2131.0,1499.0,643.0,1494.0,640.0
0.0,4295.0,2147.0,2143.0,2131.0,2150.0,2150.0,1500.0,643.0,1503.0,644.0
0.0,4279.0,2188.0,2143.0,2150.0,2188.0,2188.0,1500.0,643.0,1532.0,656.0
0.0,4241.0,2216.0,2145.0,2188.0,2222.0,2222.0,1501.0,644.0,1550.0,666.0
0.0,4213.0,2120.0,2144.0,2222.0,2117.0,2117.0,1501.0,643.0,1483.0,637.0
0.0,4315.0,2216.0,2147.0,2117.0,2225.0,2225.0,1503.0,644.0,1552.0,664.0
0.0,4216.0,2224.0,2152.0,2225.0,2239.0,2239.0,1506.0,646.0,1556.0,668.0
0.0,4217.0,2195.0,2153.0,2239.0,2198.0,2198.0,1507.0,646.0,1537.0,658.0
0.0,4261.0,2177.0,2153.0,2198.0,2177.0,2177.0,1507.0,646.0,1524.0,653.0
0.0,4282.0,2070.0,2151.0,2177.0,2064.0,2064.0,1506.0,645.0,1448.0,622.0
0.0,4389.0,2171.0,2151.0,2064.0,2171.0,2171.0,1506.0,645.0,1520.0,651.0
0.0,4282.0,2197.0,2152.0,2171.0,2200.0,2200.0,1506.0,646.0,1539.0,658.0
0.0,4256.0,2236.0,2155.0,2200.0,2245.0,2245.0,1508.0,647.0,1564.0,672.0
0.0,4220.0,2189.0,2156.0,2245.0,2192.0,2192.0,1509.0,647.0,1533.0,656.0
0.0,4276.0,2214.0,2157.0,2192.0,2217.0,2217.0,1510.0,647.0,1551.0,663.0
0.0,4254.0,2175.0,2157.0,2217.0,2175.0,2175.0,1510.0,647.0,1521.0,654.0
0.0,4296.0,2164.0,2157.0,2175.0,2164.0,2164.0,1510.0,647.0,1514.0,650.0
0.0,4307.0,2117.0,2158.0,2164.0,2120.0,2120.0,1511.0,647.0,1483.0,634.0
0.0,4354.0,2153.0,2160.0,2120.0,2159.0,2159.0,1512.0,648.0,1508.0,645.0
0.0,4321.0,2166.0,2162.0,2159.0,2172.0,2172.0,1513.0,649.0,1515.0,651.0
0.0,4314.0,2230.0,2163.0,2172.0,2233.0,2233.0,1514.0,649.0,1562.0,668.0
0.0,4256.0,2167.0,2163.0,2233.0,2167.0,2167.0,1514.0,649.0,1517.0,650.0
0.0,4322.0,2146.0,2162.0,2167.0,2143.0,2143.0,1513.0,649.0,1502.0,644.0
0.0,4343.0,2156.0,2163.0,2143.0,2159.0,2159.0,1514.0,649.0,1509.0,647.0
0.0,4330.0,2217.0,2163.0,2159.0,2217.0,2217.0,1514.0,649.0,1552.0,665.0
0.0,4272.0,2193.0,2164.0,2217.0,2196.0,2196.0,1515.0,649.0,1536.0,657.0
0.0,4296.0,2255.0,2166.0,2196.0,2261.0,2261.0,1516.0,650.0,1577.0,678.0
0.0,4237.0,2190.0,2167.0,2261.0,2193.0,2193.0,1517.0,650.0,1534.0,656.0
0.0,4308.0,2199.0,2168.0,2193.0,2202.0,2202.0,1518.0,650.0,1538.0,661.0
0.0,4302.0,2173.0,2169.0,2202.0,2176.0,2176.0,1518.0,651.0,1521.0,652.0
0.0,4331.0,2140.0,2170.0,2176.0,2143.0,2143.0,1519.0,651.0,1499.0,641.0
0.0,4367.0,2146.0,2170.0,2143.0,2146.0,2146.0,1519.0,651.0,1502.0,644.0
0.0,4364.0,2225.0,2172.0,2146.0,2231.0,2231.0,1520.0,652.0,1556.0,669.0
0.0,4285.0,2278.0,2176.0,2231.0,2290.0,2290.0,1523.0,653.0,1595.0,683.0
0.0,4238.0,2220.0,2176.0,2290.0,2220.0,2220.0,1523.0,653.0,1554.0,666.0
0.0,4308.0,2203.0,2177.0,2220.0,2206.0,2206.0,1524.0,653.0,1543.0,660.0
0.0,4325.0,2131.0,2177.0,2206.0,2131.0,2131.0,1524.0,653.0,1492.0,639.0
0.0,4400.0,2180.0,2177.0,2131.0,2180.0,2180.0,1524.0,653.0,1526.0,654.0
0.0,4351.0,2094.0,2174.0,2180.0,2085.0,2085.0,1522.0,652.0,1465.0,629.0
0.0,4437.0,2193.0,2175.0,2085.0,2196.0,2196.0,1522.0,653.0,1535.0,658.0
0.0,4329.0,2197.0,2176.0,2196.0,2200.0,2200.0,1523.0,653.0,1538.0,659.0
0.0,4328.0,2246.0,2177.0,2200.0,2249.0,2249.0,1524.0,653.0,1571.0,675.0
0.0,4282.0,2192.0,2179.0,2249.0,2198.0,2198.0,1525.0,654.0,1535.0,657.0
0.0,4339.0,2134.0,2177.0,2198.0,2128.0,2128.0,1524.0,653.0,1494.0,640.0
0.0,4403.0,2228.0,2179.0,2128.0,2234.0,2234.0,1525.0,654.0,1560.0,668.0
0.0,4303.0,2193.0,2180.0,2234.0,2196.0,2196.0,1526.0,654.0,1536.0,657.0
0.0,4344.0,2193.0,2181.0,2196.0,2196.0,2196.0,1527.0,654.0,1534.0,659.0
0.0,4347.0,2236.0,2183.0,2196.0,2242.0,2242.0,1528.0,655.0,1567.0,669.0
0.0,4307.0,2330.0,2187.0,2242.0,2342.0,2342.0,1531.0,656.0,1631.0,699.0
0.0,4219.0,2167.0,2187.0,2342.0,2167.0,2167.0,1531.0,656.0,1517.0,650.0
0.0,4394.0,2203.0,2187.0,2167.0,2203.0,2203.0,1531.0,656.0,1542.0,661.0
0.0,4358.0,2182.0,2187.0,2203.0,2182.0,2182.0,1531.0,656.0,1527.0,655.0
0.0,4379.0,2167.0,2187.0,2182.0,2167.0,2167.0,1531.0,656.0,1517.0,650.0
0.0,4394.0,2233.0,2189.0,2167.0,2239.0,2239.0,1532.0,657.0,1562.0,671.0
0.0,4328.0,2210.0,2190.0,2239.0,2213.0,2213.0,1533.0,657.0,1548.0,662.0
0.0,4357.0,2217.0,2190.0,2213.0,2217.0,2217.0,1533.0,657.0,1552.0,665.0
0.0,4353.0,2168.0,2190.0,2217.0,2168.0,2168.0,1533.0,657.0,1518.0,650.0
0.0,4402.0,2206.0,2190.0,2168.0,2206.0,2206.0,1533.0,657.0,1544.0,662.0
0.0,4364.0,2163.0,2189.0,2206.0,2160.0,2160.0,1532.0,657.0,1514.0,649.0
0.0,4407.0,2147.0,2188.0,2160.0,2144.0,2144.0,1532.0,656.0,1502.0,645.0
0.0,4420.0,2193.0,2188.0,2144.0,2193.0,2193.0,1532.0,656.0,1535.0,658.0
0.0,4371.0,2229.0,2191.0,2193.0,2238.0,2238.0,1534.0,657.0,1560.0,669.0
0.0,4335.0,2226.0,2193.0,2238.0,2232.0,2232.0,1535.0,658.0,1559.0,667.0
0.0,4347.0,2232.0,2193.0,2232.0,2232.0,2232.0,1535.0,658.0,1563.0,669.0
0.0,4347.0,2103.0,2190.0,2232.0,2094.0,2094.0,1533.0,657.0,1470.0,633.0
0.0,4476.0,2134.0,2190.0,2094.0,2134.0,2134.0,1533.0,657.0,1495.0,639.0
0.0,4436.0,2183.0,2189.0,2134.0,2180.0,2180.0,1532.0,657.0,1528.0,655.0
0.0,4387.0,2187.0,2189.0,2180.0,2187.0,2187.0,1532.0,657.0,1531.0,656.0
0.0,4380.0,2236.0,2190.0,2187.0,2239.0,2239.0,1533.0,657.0,1564.0,672.0
0.0,4331.0,2273.0,2193.0,2239.0,2282.0,2282.0,1535.0,658.0,1593.0,680.0
0.0,4297.0,2197.0,2194.0,2282.0,2200.0,2200.0,1536.0,658.0,1537.0,660.0
0.0,4382.0,2169.0,2194.0,2200.0,2169.0,2169.0,1536.0,658.0,1518.0,651.0
0.0,4413.0,2155.0,2193.0,2169.0,2152.0,2152.0,1535.0,658.0,1510.0,645.0
0.0,4427.0,2184.0,2193.0,2152.0,2184.0,2184.0,1535.0,658.0,1529.0,655.0
0.0,4395.0,2220.0,2194.0,2184.0,2223.0,2223.0,1536.0,658.0,1553.0,667.0
0.0,4359.0,2253.0,2197.0,2223.0,2262.0,2262.0,1538.0,659.0,1578.0,675.0
0.0,4329.0,2164.0,2196.0,2262.0,2161.0,2161.0,1537.0,659.0,1515.0,649.0
0.0,4427.0,2281.0,2197.0,2161.0,2284.0,2284.0,1538.0,659.0,1595.0,686.0
0.0,4307.0,2244.0,2197.0,2284.0,2244.0,2244.0,1538.0,659.0,1571.0,673.0
0.0,4347.0,2206.0,2197.0,2244.0,2206.0,2206.0,1538.0,659.0,1544.0,662.0
0.0,4385.0,2206.0,2197.0,2206.0,2206.0,2206.0,1538.0,659.0,1544.0,662.0
0.0,4385.0,2247.0,2199.0,2206.0,2253.0,2253.0,1539.0,660.0,1574.0,673.0
0.0,4344.0,2318.0,2203.0,2253.0,2330.0,2330.0,1542.0,661.0,1622.0,696.0
0.0,4279.0,2179.0,2203.0,2330.0,2179.0,2179.0,1542.0,661.0,1526.0,653.0
0.0,4430.0,2224.0,2203.0,2179.0,2224.0,2224.0,1542.0,661.0,1557.0,667.0
0.0,4385.0,2220.0,2202.0,2224.0,2217.0,2217.0,1541.0,661.0,1553.0,667.0
0.0,4389.0,2147.0,2200.0,2217.0,2141.0,2141.0,1540.0,660.0,1502.0,645.0
0.0,4459.0,2190.0,2200.0,2141.0,2190.0,2190.0,1540.0,660.0,1533.0,657.0
0.0,4410.0,2223.0,2202.0,2190.0,2229.0,2229.0,1541.0,661.0,1557.0,666.0
0.0,4377.0,2234.0,2203.0,2229.0,2237.0,2237.0,1542.0,661.0,1565.0,669.0
0.0,4372.0,2273.0,2207.0,2237.0,2285.0,2285.0,1545.0,662.0,1591.0,682.0
0.0,4336.0,2226.0,2207.0,2285.0,2226.0,2226.0,1545.0,662.0,1557.0,669.0
0.0,4395.0,2190.0,2207.0,2226.0,2190.0,2190.0,1545.0,662.0,1533.0,657.0
0.0,4431.0,2228.0,2207.0,2190.0,2228.0,2228.0,1545.0,662.0,1561.0,667.0
0.0,4393.0,2203.0,2207.0,2228.0,2203.0,2203.0,1545.0,662.0,1541.0,662.0
0.0,4418.0,2223.0,2209.0,2203.0,2229.0,2229.0,1546.0,663.0,1557.0,666.0
0.0,4398.0,2220.0,2208.0,2229.0,2217.0,2217.0,1546.0,662.0,1554.0,666.0
0.0,4407.0,2318.0,2211.0,2217.0,2327.0,2327.0,1548.0,663.0,1621.0,697.0
0.0,4306.0,2204.0,2211.0,2327.0,2204.0,2204.0,1548.0,663.0,1543.0,661.0
0.0,4429.0,2197.0,2210.0,2204.0,2194.0,2194.0,1547.0,663.0,1538.0,659.0
0.0,4436.0,2145.0,2207.0,2194.0,2136.0,2136.0,1545.0,662.0,1502.0,643.0
0.0,4485.0,2204.0,2207.0,2136.0,2204.0,2204.0,1545.0,662.0,1543.0,661.0
0.0,4417.0,2226.0,2207.0,2204.0,2226.0,2226.0,1545.0,662.0,1559.0,667.0
0.0,4395.0,2209.0,2208.0,2226.0,2212.0,2212.0,1546.0,662.0,1546.0,663.0
0.0,4412.0,2216.0,2210.0,2212.0,2222.0,2222.0,1547.0,663.0,1552.0,664.0
0.0,4408.0,2244.0,2210.0,2222.0,2244.0,2244.0,1547.0,663.0,1571.0,673.0
0.0,4386.0,2256.0,2210.0,2244.0,2256.0,2256.0,1547.0,663.0,1577.0,679.0
0.0,4374.0,2206.0,2210.0,2256.0,2206.0,2206.0,1547.0,663.0,1544.0,662.0
0.0,4424.0,2213.0,2211.0,2206.0,2216.0,2216.0,1548.0,663.0,1550.0,663.0
0.0,4417.0,2237.0,2212.0,2216.0,2240.0,2240.0,1548.0,664.0,1566.0,671.0
0.0,4396.0,2322.0,2214.0,2240.0,2328.0,2328.0,1550.0,664.0,1625.0,697.0
0.0,4314.0,2223.0,2216.0,2328.0,2229.0,2229.0,1551.0,665.0,1557.0,666.0
0.0,4419.0,2292.0,2218.0,2229.0,2298.0,2298.0,1553.0,665.0,1603.0,689.0
0.0,4356.0,2170.0,2217.0,2298.0,2167.0,2167.0,1552.0,665.0,1519.0,651.0
0.0,4484.0,2189.0,2216.0,2167.0,2186.0,2186.0,1551.0,665.0,1533.0,656.0
0.0,4462.0,2209.0,2216.0,2186.0,2209.0,2209.0,1551.0,665.0,1546.0,663.0
0.0,4439.0,2271.0,2219.0,2209.0,2280.0,2280.0,1553.0,666.0,1589.0,682.0
0.0,4377.0,2245.0,2221.0,2280.0,2251.0,2251.0,1555.0,666.0,1570.0,675.0
0.0,4412.0,2272.0,2223.0,2251.0,2278.0,2278.0,1556.0,667.0,1592.0,680.0
0.0,4391.0,2272.0,2224.0,2278.0,2275.0,2275.0,1557.0,667.0,1589.0,683.0
0.0,4397.0,2207.0,2224.0,2275.0,2207.0,2207.0,1557.0,667.0,1544.0,663.0
0.0,4465.0,2188.0,2223.0,2207.0,2185.0,2185.0,1556.0,667.0,1533.0,655.0
0.0,4484.0,2158.0,2221.0,2185.0,2152.0,2152.0,1555.0,666.0,1511.0,647.0
0.0,4511.0,2196.0,2222.0,2152.0,2199.0,2199.0,1555.0,667.0,1537.0,659.0
0.0,4467.0,2293.0,2224.0,2199.0,2299.0,2299.0,1557.0,667.0,1605.0,688.0
0.0,4373.0,2233.0,2226.0,2299.0,2239.0,2239.0,1558.0,668.0,1564.0,669.0
0.0,4439.0,2303.0,2227.0,2239.0,2306.0,2306.0,1559.0,668.0,1611.0,692.0
0.0,4375.0,2178.0,2226.0,2306.0,2175.0,2175.0,1558.0,668.0,1526.0,652.0
0.0,4503.0,2256.0,2227.0,2175.0,2259.0,2259.0,1559.0,668.0,1578.0,678.0
0.0,4422.0,2202.0,2226.0,2259.0,2199.0,2199.0,1558.0,668.0,1543.0,659.0
0.0,4479.0,2273.0,2227.0,2199.0,2276.0,2276.0,1559.0,668.0,1589.0,684.0
0.0,4405.0,2295.0,2228.0,2276.0,2298.0,2298.0,1560.0,668.0,1608.0,687.0
0.0,4386.0,2240.0,2229.0,2298.0,2243.0,2243.0,1560.0,669.0,1568.0,672.0
0.0,4444.0,2275.0,2230.0,2243.0,2278.0,2278.0,1561.0,669.0,1592.0,683.0
0.0,4412.0,2173.0,2227.0,2278.0,2164.0,2164.0,1559.0,668.0,1520.0,653.0
0.0,4517.0,2227.0,2227.0,2164.0,2227.0,2227.0,1559.0,668.0,1559.0,668.0
0.0,4454.0,2246.0,2228.0,2227.0,2249.0,2249.0,1560.0,668.0,1573.0,673.0
0.0,4435.0,2241.0,2229.0,2249.0,2244.0,2244.0,1560.0,669.0,1569.0,672.0
0.0,4443.0,2266.0,2231.0,2244.0,2272.0,2272.0,1562.0,669.0,1585.0,681.0
0.0,4421.0,2323.0,2233.0,2272.0,2329.0,2329.0,1563.0,670.0,1628.0,695.0
0.0,4370.0,2314.0,2236.0,2329.0,2323.0,2323.0,1565.0,671.0,1619.0,695.0
0.0,4385.0,2248.0,2236.0,2323.0,2248.0,2248.0,1565.0,671.0,1574.0,674.0
0.0,4460.0,2203.0,2234.0,2248.0,2197.0,2197.0,1564.0,670.0,1542.0,661.0
0.0,4505.0,2186.0,2233.0,2197.0,2183.0,2183.0,1563.0,670.0,1529.0,657.0
0.0,4516.0,2259.0,2234.0,2183.0,2262.0,2262.0,1564.0,670.0,1582.0,677.0
0.0,4440.0,2296.0,2236.0,2262.0,2302.0,2302.0,1565.0,671.0,1608.0,688.0
0.0,4406.0,2281.0,2237.0,2302.0,2284.0,2284.0,1566.0,671.0,1595.0,686.0
0.0,4427.0,2237.0,2237.0,2284.0,2237.0,2237.0,1566.0,671.0,1566.0,671.0
0.0,4474.0,2267.0,2239.0,2237.0,2273.0,2273.0,1567.0,672.0,1588.0,679.0
0.0,4444.0,2220.0,2237.0,2273.0,2214.0,2214.0,1566.0,671.0,1553.0,667.0
0.0,4497.0,2228.0,2237.0,2214.0,2228.0,2228.0,1566.0,671.0,1560.0,668.0
0.0,4483.0,2269.0,2239.0,2228.0,2275.0,2275.0,1567.0,672.0,1589.0,680.0
0.0,4442.0,2266.0,2241.0,2275.0,2272.0,2272.0,1569.0,672.0,1585.0,681.0
0.0,4451.0,2283.0,2243.0,2272.0,2289.0,2289.0,1570.0,673.0,1599.0,684.0
0.0,4440.0,2332.0,2244.0,2289.0,2335.0,2335.0,1571.0,673.0,1632.0,700.0
0.0,4397.0,2230.0,2244.0,2335.0,2230.0,2230.0,1571.0,673.0,1561.0,669.0
0.0,4502.0,2250.0,2246.0,2230.0,2256.0,2256.0,1572.0,674.0,1575.0,675.0
0.0,4482.0,2176.0,2244.0,2256.0,2170.0,2170.0,1571.0,673.0,1522.0,654.0
0.0,4562.0,2252.0,2244.0,2170.0,2252.0,2252.0,1571.0,673.0,1576.0,676.0
0.0,4480.0,2286.0,2246.0,2252.0,2292.0,2292.0,1572.0,674.0,1601.0,685.0
0.0,4446.0,2326.0,2247.0,2292.0,2329.0,2329.0,1573.0,674.0,1628.0,698.0
0.0,4412.0,2333.0,2250.0,2329.0,2342.0,2342.0,1575.0,675.0,1634.0,699.0
0.0,4408.0,2263.0,2249.0,2342.0,2260.0,2260.0,1574.0,675.0,1584.0,679.0
0.0,4487.0,2290.0,2250.0,2260.0,2293.0,2293.0,1575.0,675.0,1603.0,687.0
0.0,4457.0,2231.0,2249.0,2293.0,2228.0,2228.0,1574.0,675.0,1562.0,669.0
0.0,4519.0,2265.0,2250.0,2228.0,2268.0,2268.0,1575.0,675.0,1584.0,681.0
0.0,4482.0,2361.0,2254.0,2268.0,2373.0,2373.0,1578.0,676.0,1652.0,709.0
0.0,4389.0,2293.0,2256.0,2373.0,2299.0,2299.0,1579.0,677.0,1606.0,687.0
0.0,4469.0,2303.0,2256.0,2299.0,2303.0,2303.0,1579.0,677.0,1613.0,690.0
0.0,4465.0,2252.0,2256.0,2303.0,2252.0,2252.0,1579.0,677.0,1576.0,676.0
0.0,4516.0,2253.0,2256.0,2252.0,2253.0,2253.0,1579.0,677.0,1577.0,676.0
0.0,4515.0,2224.0,2254.0,2253.0,2218.0,2218.0,1578.0,676.0,1556.0,668.0
0.0,4544.0,2273.0,2256.0,2218.0,2279.0,2279.0,1579.0,677.0,1592.0,681.0
0.0,4489.0,2283.0,2257.0,2279.0,2286.0,2286.0,1580.0,677.0,1597.0,686.0
0.0,4485.0,2346.0,2261.0,2286.0,2358.0,2358.0,1583.0,678.0,1642.0,704.0
0.0,4425.0,2255.0,2263.0,2358.0,2261.0,2261.0,1584.0,679.0,1579.0,676.0
0.0,4528.0,2247.0,2262.0,2261.0,2244.0,2244.0,1583.0,679.0,1573.0,674.0
0.0,4542.0,2247.0,2262.0,2244.0,2247.0,2247.0,1583.0,679.0,1573.0,674.0
0.0,4539.0,2272.0,2261.0,2247.0,2269.0,2269.0,1583.0,678.0,1590.0,682.0
0.0,4514.0,2266.0,2263.0,2269.0,2272.0,2272.0,1584.0,679.0,1587.0,679.0
0.0,4517.0,2266.0,2263.0,2272.0,2266.0,2266.0,1584.0,679.0,1586.0,680.0
0.0,4523.0,2333.0,2266.0,2266.0,2342.0,2342.0,1586.0,680.0,1632.0,701.0
0.0,4456.0,2259.0,2266.0,2342.0,2259.0,2259.0,1586.0,680.0,1581.0,678.0
0.0,4539.0,2240.0,2264.0,2259.0,2234.0,2234.0,1585.0,679.0,1568.0,672.0
0.0,4558.0,2217.0,2264.0,2234.0,2217.0,2217.0,1585.0,679.0,1551.0,666.0
0.0,4575.0,2271.0,2264.0,2217.0,2271.0,2271.0,1585.0,679.0,1590.0,681.0
0.0,4521.0,2279.0,2266.0,2271.0,2285.0,2285.0,1586.0,680.0,1597.0,682.0
0.0,4513.0,2259.0,2267.0,2285.0,2262.0,2262.0,1587.0,680.0,1581.0,678.0
0.0,4539.0,2330.0,2269.0,2262.0,2336.0,2336.0,1588.0,681.0,1630.0,700.0
0.0,4471.0,2322.0,2270.0,2336.0,2325.0,2325.0,1589.0,681.0,1626.0,696.0
0.0,4485.0,2203.0,2269.0,2325.0,2200.0,2200.0,1588.0,681.0,1541.0,662.0
0.0,4607.0,2262.0,2267.0,2200.0,2256.0,2256.0,1587.0,680.0,1583.0,679.0
0.0,4545.0,2191.0,2265.0,2256.0,2185.0,2185.0,1585.0,680.0,1534.0,657.0
0.0,4610.0,2300.0,2266.0,2185.0,2303.0,2303.0,1586.0,680.0,1611.0,689.0
0.0,4495.0,2317.0,2269.0,2303.0,2326.0,2326.0,1588.0,681.0,1621.0,696.0
0.0,4481.0,2259.0,2270.0,2326.0,2262.0,2262.0,1589.0,681.0,1582.0,677.0
0.0,4548.0,2336.0,2271.0,2262.0,2339.0,2339.0,1590.0,681.0,1634.0,702.0
0.0,4474.0,2256.0,2270.0,2339.0,2253.0,2253.0,1589.0,681.0,1579.0,677.0
0.0,4557.0,2299.0,2270.0,2253.0,2299.0,2299.0,1589.0,681.0,1609.0,690.0
0.0,4511.0,2247.0,2271.0,2299.0,2250.0,2250.0,1590.0,681.0,1573.0,674.0
0.0,4563.0,2300.0,2272.0,2250.0,2303.0,2303.0,1590.0,682.0,1611.0,689.0
0.0,4513.0,2327.0,2273.0,2303.0,2330.0,2330.0,1591.0,682.0,1628.0,699.0
0.0,4489.0,2316.0,2276.0,2330.0,2325.0,2325.0,1593.0,683.0,1622.0,694.0
0.0,4503.0,2277.0,2276.0,2325.0,2277.0,2277.0,1593.0,683.0,1594.0,683.0
0.0,4551.0,2293.0,2276.0,2277.0,2293.0,2293.0,1593.0,683.0,1606.0,687.0
0.0,4535.0,2243.0,2276.0,2293.0,2243.0,2243.0,1593.0,683.0,1569.0,674.0
0.0,4585.0,2224.0,2273.0,2243.0,2215.0,2215.0,1591.0,682.0,1556.0,668.0
0.0,4604.0,2289.0,2274.0,2215.0,2292.0,2292.0,1592.0,682.0,1603.0,686.0
0.0,4530.0,2340.0,2276.0,2292.0,2346.0,2346.0,1593.0,683.0,1639.0,701.0
0.0,4482.0,2283.0,2278.0,2346.0,2289.0,2289.0,1595.0,683.0,1597.0,686.0
0.0,4545.0,2302.0,2279.0,2289.0,2305.0,2305.0,1595.0,684.0,1612.0,690.0
0.0,4532.0,2331.0,2280.0,2305.0,2334.0,2334.0,1596.0,684.0,1632.0,699.0
0.0,4506.0,2307.0,2280.0,2334.0,2307.0,2307.0,1596.0,684.0,1615.0,692.0
0.0,4533.0,2214.0,2277.0,2307.0,2205.0,2205.0,1594.0,683.0,1549.0,665.0
0.0,4626.0,2372.0,2279.0,2205.0,2378.0,2378.0,1595.0,684.0,1661.0,711.0
0.0,4459.0,2283.0,2279.0,2378.0,2283.0,2283.0,1595.0,684.0,1598.0,685.0
0.0,4554.0,2330.0,2281.0,2283.0,2336.0,2336.0,1597.0,684.0,1630.0,700.0
0.0,4507.0,2325.0,2283.0,2336.0,2331.0,2331.0,1598.0,685.0,1628.0,697.0
0.0,4518.0,2323.0,2281.0,2331.0,2317.0,2317.0,1597.0,684.0,1626.0,697.0
0.0,4526.0,2312.0,2282.0,2317.0,2315.0,2315.0,1597.0,685.0,1618.0,694.0
0.0,4531.0,2238.0,2280.0,2315.0,2232.0,2232.0,1596.0,684.0,1566.0,672.0
0.0,4608.0,2304.0,2282.0,2232.0,2310.0,2310.0,1597.0,685.0,1614.0,690.0
0.0,4536.0,2380.0,2284.0,2310.0,2386.0,2386.0,1599.0,685.0,1666.0,714.0
0.0,4466.0,2322.0,2286.0,2386.0,2328.0,2328.0,1600.0,686.0,1626.0,696.0
0.0,4530.0,2298.0,2286.0,2328.0,2298.0,2298.0,1600.0,686.0,1609.0,689.0
0.0,4560.0,2289.0,2287.0,2298.0,2292.0,2292.0,1601.0,686.0,1600.0,689.0
0.0,4569.0,2228.0,2284.0,2292.0,2219.0,2219.0,1599.0,685.0,1561.0,667.0
0.0,4633.0,2289.0,2285.0,2219.0,2292.0,2292.0,1599.0,686.0,1602.0,687.0
0.0,4563.0,2223.0,2284.0,2292.0,2220.0,2220.0,1599.0,685.0,1556.0,667.0
0.0,4632.0,2343.0,2286.0,2220.0,2349.0,2349.0,1600.0,686.0,1639.0,704.0
0.0,4509.0,2342.0,2287.0,2349.0,2345.0,2345.0,1601.0,686.0,1640.0,702.0
0.0,4516.0,2326.0,2289.0,2345.0,2332.0,2332.0,1602.0,687.0,1629.0,697.0
0.0,4535.0,2286.0,2289.0,2332.0,2286.0,2286.0,1602.0,687.0,1600.0,686.0
0.0,4581.0,2224.0,2287.0,2286.0,2218.0,2218.0,1601.0,686.0,1556.0,668.0
0.0,4643.0,2240.0,2287.0,2218.0,2240.0,2240.0,1601.0,686.0,1568.0,672.0
0.0,4621.0,2289.0,2287.0,2240.0,2289.0,2289.0,1601.0,686.0,1602.0,687.0
0.0,4572.0,2371.0,2290.0,2289.0,2380.0,2380.0,1603.0,687.0,1659.0,712.0
0.0,4490.0,2309.0,2291.0,2380.0,2312.0,2312.0,1604.0,687.0,1617.0,692.0
0.0,4561.0,2375.0,2293.0,2312.0,2381.0,2381.0,1605.0,688.0,1661.0,714.0
0.0,4498.0,2327.0,2294.0,2381.0,2330.0,2330.0,1606.0,688.0,1630.0,697.0
0.0,4552.0,2303.0,2294.0,2330.0,2303.0,2303.0,1606.0,688.0,1612.0,691.0
0.0,4579.0,2332.0,2294.0,2303.0,2332.0,2332.0,1606.0,688.0,1632.0,700.0
0.0,4550.0,2319.0,2296.0,2332.0,2325.0,2325.0,1607.0,689.0,1624.0,695.0
0.0,4563.0,2338.0,2297.0,2325.0,2341.0,2341.0,1608.0,689.0,1635.0,703.0
0.0,4550.0,2292.0,2300.0,2341.0,2301.0,2301.0,1610.0,690.0,1605.0,687.0
0.0,4599.0,2369.0,2301.0,2301.0,2372.0,2372.0,1611.0,690.0,1657.0,712.0
0.0,4531.0,2303.0,2301.0,2372.0,2303.0,2303.0,1611.0,690.0,1612.0,691.0
0.0,4600.0,2307.0,2302.0,2303.0,2310.0,2310.0,1611.0,691.0,1616.0,691.0
0.0,4596.0,2251.0,2300.0,2310.0,2245.0,2245.0,1610.0,690.0,1575.0,676.0
0.0,4655.0,2367.0,2303.0,2245.0,2376.0,2376.0,1612.0,691.0,1658.0,709.0
0.0,4533.0,2312.0,2303.0,2376.0,2312.0,2312.0,1612.0,691.0,1618.0,694.0
0.0,4597.0,2358.0,2304.0,2312.0,2361.0,2361.0,1613.0,691.0,1650.0,708.0
0.0,4551.0,2415.0,2307.0,2361.0,2424.0,2424.0,1615.0,692.0,1689.0,726.0
0.0,4497.0,2304.0,2306.0,2424.0,2301.0,2301.0,1614.0,692.0,1615.0,689.0
0.0,4617.0,2307.0,2306.0,2301.0,2307.0,2307.0,1614.0,692.0,1615.0,692.0
0.0,4611.0,2282.0,2306.0,2307.0,2282.0,2282.0,1614.0,692.0,1597.0,685.0
0.0,4636.0,2277.0,2306.0,2282.0,2277.0,2277.0,1614.0,692.0,1594.0,683.0
0.0,4641.0,2403.0,2309.0,2277.0,2412.0,2412.0,1616.0,693.0,1682.0,721.0
0.0,4515.0,2366.0,2312.0,2412.0,2375.0,2375.0,1618.0,694.0,1656.0,710.0
0.0,4561.0,2357.0,2313.0,2375.0,2360.0,2360.0,1619.0,694.0,1651.0,706.0
0.0,4579.0,2334.0,2313.0,2360.0,2334.0,2334.0,1619.0,694.0,1634.0,700.0
0.0,4605.0,2322.0,2314.0,2334.0,2325.0,2325.0,1620.0,694.0,1623.0,699.0
0.0,4617.0,2271.0,2313.0,2325.0,2268.0,2268.0,1619.0,694.0,1592.0,679.0
0.0,4671.0,2382.0,2314.0,2268.0,2385.0,2385.0,1620.0,694.0,1665.0,717.0
0.0,4557.0,2371.0,2316.0,2385.0,2377.0,2377.0,1621.0,695.0,1661.0,710.0
0.0,4571.0,2312.0,2317.0,2377.0,2315.0,2315.0,1622.0,695.0,1617.0,695.0
0.0,4636.0,2318.0,2316.0,2315.0,2315.0,2315.0,1621.0,695.0,1625.0,693.0
0.0,4633.0,2344.0,2317.0,2315.0,2347.0,2347.0,1622.0,695.0,1640.0,704.0
0.0,4604.0,2317.0,2317.0,2347.0,2317.0,2317.0,1622.0,695.0,1622.0,695.0
0.0,4634.0,2313.0,2317.0,2317.0,2313.0,2313.0,1622.0,695.0,1618.0,695.0
0.0,4638.0,2401.0,2319.0,2313.0,2407.0,2407.0,1623.0,696.0,1682.0,719.0
0.0,4550.0,2340.0,2319.0,2407.0,2340.0,2340.0,1623.0,696.0,1639.0,701.0
0.0,4617.0,2376.0,2322.0,2340.0,2385.0,2385.0,1625.0,697.0,1663.0,713.0
0.0,4581.0,2332.0,2323.0,2385.0,2335.0,2335.0,1626.0,697.0,1632.0,700.0
0.0,4634.0,2307.0,2321.0,2335.0,2301.0,2301.0,1625.0,696.0,1614.0,693.0
0.0,4662.0,2359.0,2322.0,2301.0,2362.0,2362.0,1625.0,697.0,1652.0,707.0
0.0,4604.0,2402.0,2323.0,2362.0,2405.0,2405.0,1626.0,697.0,1682.0,720.0
0.0,4564.0,2420.0,2326.0,2405.0,2429.0,2429.0,1628.0,698.0,1694.0,726.0
0.0,4549.0,2392.0,2329.0,2429.0,2401.0,2401.0,1630.0,699.0,1674.0,718.0
0.0,4586.0,2369.0,2331.0,2401.0,2375.0,2375.0,1632.0,699.0,1659.0,710.0
0.0,4618.0,2398.0,2334.0,2375.0,2407.0,2407.0,1634.0,700.0,1678.0,720.0
0.0,4595.0,2362.0,2334.0,2407.0,2362.0,2362.0,1634.0,700.0,1651.0,711.0
0.0,4640.0,2258.0,2333.0,2362.0,2255.0,2255.0,1633.0,700.0,1582.0,676.0
0.0,4744.0,2354.0,2333.0,2255.0,2354.0,2354.0,1633.0,700.0,1649.0,705.0
0.0,4645.0,2346.0,2334.0,2354.0,2349.0,2349.0,1634.0,700.0,1640.0,706.0
0.0,4653.0,2295.0,2336.0,2349.0,2301.0,2301.0,1635.0,701.0,1607.0,688.0
0.0,4707.0,2386.0,2339.0,2301.0,2395.0,2395.0,1637.0,702.0,1670.0,716.0
0.0,4622.0,2393.0,2340.0,2395.0,2396.0,2396.0,1638.0,702.0,1676.0,717.0
0.0,4624.0,2366.0,2340.0,2396.0,2366.0,2366.0,1638.0,702.0,1656.0,710.0
0.0,4654.0,2293.0,2340.0,2366.0,2293.0,2293.0,1638.0,702.0,1605.0,688.0
0.0,4727.0,2305.0,2339.0,2293.0,2302.0,2302.0,1637.0,702.0,1613.0,692.0
0.0,4715.0,2322.0,2339.0,2302.0,2322.0,2322.0,1637.0,702.0,1625.0,697.0
0.0,4695.0,2385.0,2340.0,2322.0,2388.0,2388.0,1638.0,702.0,1670.0,715.0
0.0,4632.0,2320.0,2340.0,2388.0,2320.0,2320.0,1638.0,702.0,1624.0,696.0
0.0,4700.0,2362.0,2341.0,2320.0,2365.0,2365.0,1639.0,702.0,1652.0,710.0
0.0,4658.0,2341.0,2341.0,2365.0,2341.0,2341.0,1639.0,702.0,1639.0,702.0
0.0,4682.0,2303.0,2341.0,2341.0,2303.0,2303.0,1639.0,702.0,1612.0,691.0
0.0,4720.0,2321.0,2340.0,2303.0,2318.0,2318.0,1638.0,702.0,1627.0,694.0
0.0,4702.0,2302.0,2340.0,2318.0,2302.0,2302.0,1638.0,702.0,1611.0,691.0
0.0,4718.0,2337.0,2341.0,2302.0,2340.0,2340.0,1639.0,702.0,1634.0,703.0
0.0,4683.0,2353.0,2343.0,2340.0,2359.0,2359.0,1640.0,703.0,1648.0,705.0
0.0,4670.0,2331.0,2343.0,2359.0,2331.0,2331.0,1640.0,703.0,1632.0,699.0
0.0,4698.0,2354.0,2343.0,2331.0,2354.0,2354.0,1640.0,703.0,1648.0,706.0
0.0,4675.0,2303.0,2342.0,2354.0,2300.0,2300.0,1639.0,703.0,1612.0,691.0
0.0,4726.0,2292.0,2340.0,2300.0,2286.0,2286.0,1638.0,702.0,1605.0,687.0
0.0,4734.0,2355.0,2340.0,2286.0,2355.0,2355.0,1638.0,702.0,1647.0,708.0
0.0,4665.0,2394.0,2343.0,2355.0,2403.0,2403.0,1640.0,703.0,1677.0,717.0
0.0,4626.0,2343.0,2343.0,2403.0,2343.0,2343.0,1640.0,703.0,1641.0,702.0
0.0,4686.0,2383.0,2346.0,2343.0,2392.0,2392.0,1642.0,704.0,1667.0,716.0
0.0,4646.0,2350.0,2344.0,2392.0,2344.0,2344.0,1641.0,703.0,1645.0,705.0
0.0,4688.0,2301.0,2343.0,2344.0,2298.0,2298.0,1640.0,703.0,1612.0,689.0
0.0,4731.0,2290.0,2342.0,2298.0,2287.0,2287.0,1639.0,703.0,1602.0,688.0
0.0,4739.0,2401.0,2343.0,2287.0,2404.0,2404.0,1640.0,703.0,1682.0,719.0
0.0,4625.0,2340.0,2343.0,2404.0,2340.0,2340.0,1640.0,703.0,1636.0,704.0
0.0,4689.0,2447.0,2347.0,2340.0,2459.0,2459.0,1643.0,704.0,1716.0,731.0
0.0,4582.0,2350.0,2346.0,2459.0,2347.0,2347.0,1642.0,704.0,1644.0,706.0
0.0,4691.0,2317.0,2346.0,2347.0,2317.0,2317.0,1642.0,704.0,1621.0,696.0
0.0,4721.0,2317.0,2346.0,2317.0,2317.0,2317.0,1642.0,704.0,1623.0,694.0
0.0,4721.0,2326.0,2346.0,2317.0,2326.0,2326.0,1642.0,704.0,1628.0,698.0
0.0,4712.0,2340.0,2346.0,2326.0,2340.0,2340.0,1642.0,704.0,1638.0,702.0
0.0,4698.0,2466.0,2348.0,2340.0,2472.0,2472.0,1644.0,704.0,1726.0,740.0
0.0,4572.0,2449.0,2351.0,2472.0,2458.0,2458.0,1646.0,705.0,1713.0,736.0
0.0,4595.0,2439.0,2352.0,2458.0,2442.0,2442.0,1646.0,706.0,1708.0,731.0
0.0,4614.0,2349.0,2352.0,2442.0,2349.0,2349.0,1646.0,706.0,1644.0,705.0
0.0,4707.0,2443.0,2353.0,2349.0,2446.0,2446.0,1647.0,706.0,1711.0,732.0
0.0,4613.0,2295.0,2353.0,2446.0,2295.0,2295.0,1647.0,706.0,1606.0,689.0
0.0,4764.0,2402.0,2354.0,2295.0,2405.0,2405.0,1648.0,706.0,1681.0,721.0
0.0,4657.0,2464.0,2356.0,2405.0,2470.0,2470.0,1649.0,707.0,1726.0,738.0
0.0,4598.0,2401.0,2356.0,2470.0,2401.0,2401.0,1649.0,707.0,1681.0,720.0
0.0,4667.0,2372.0,2356.0,2401.0,2372.0,2372.0,1649.0,707.0,1660.0,712.0
0.0,4696.0,2404.0,2356.0,2372.0,2404.0,2404.0,1649.0,707.0,1683.0,721.0
0.0,4664.0,2388.0,2356.0,2404.0,2388.0,2388.0,1649.0,707.0,1672.0,716.0
0.0,4680.0,2321.0,2354.0,2388.0,2315.0,2315.0,1648.0,706.0,1624.0,697.0
0.0,4747.0,2334.0,2354.0,2315.0,2334.0,2334.0,1648.0,706.0,1634.0,700.0
0.0,4728.0,2440.0,2357.0,2334.0,2449.0,2449.0,1650.0,707.0,1708.0,732.0
0.0,4622.0,2473.0,2360.0,2449.0,2482.0,2482.0,1652.0,708.0,1733.0,740.0
0.0,4598.0,2420.0,2361.0,2482.0,2423.0,2423.0,1653.0,708.0,1693.0,727.0
0.0,4660.0,2356.0,2363.0,2423.0,2362.0,2362.0,1654.0,709.0,1650.0,706.0
0.0,4727.0,2324.0,2361.0,2362.0,2318.0,2318.0,1653.0,708.0,1626.0,698.0
0.0,4765.0,2309.0,2360.0,2318.0,2306.0,2306.0,1652.0,708.0,1617.0,692.0
0.0,4774.0,2389.0,2360.0,2306.0,2389.0,2389.0,1652.0,708.0,1670.0,719.0
0.0,4691.0,2416.0,2363.0,2389.0,2425.0,2425.0,1654.0,709.0,1693.0,723.0
0.0,4664.0,2447.0,2365.0,2425.0,2453.0,2453.0,1656.0,709.0,1712.0,735.0
0.0,4642.0,2400.0,2367.0,2453.0,2406.0,2406.0,1657.0,710.0,1681.0,719.0
0.0,4695.0,2369.0,2366.0,2406.0,2366.0,2366.0,1656.0,710.0,1658.0,711.0
0.0,4732.0,2357.0,2367.0,2366.0,2360.0,2360.0,1657.0,710.0,1649.0,708.0
0.0,4741.0,2396.0,2367.0,2360.0,2396.0,2396.0,1657.0,710.0,1677.0,719.0
0.0,4705.0,2354.0,2368.0,2396.0,2357.0,2357.0,1658.0,710.0,1648.0,706.0
0.0,4747.0,2409.0,2370.0,2357.0,2415.0,2415.0,1659.0,711.0,1688.0,721.0
0.0,4695.0,2386.0,2371.0,2415.0,2389.0,2389.0,1660.0,711.0,1669.0,717.0
0.0,4724.0,2354.0,2373.0,2389.0,2360.0,2360.0,1661.0,712.0,1648.0,706.0
0.0,4759.0,2297.0,2371.0,2360.0,2291.0,2291.0,1660.0,711.0,1608.0,689.0
0.0,4822.0,2356.0,2371.0,2291.0,2356.0,2356.0,1660.0,711.0,1649.0,707.0
0.0,4757.0,2441.0,2374.0,2356.0,2450.0,2450.0,1662.0,712.0,1710.0,731.0
0.0,4672.0,2348.0,2373.0,2450.0,2345.0,2345.0,1661.0,712.0,1644.0,704.0
0.0,4774.0,2388.0,2375.0,2345.0,2394.0,2394.0,1663.0,712.0,1670.0,718.0
0.0,4731.0,2407.0,2377.0,2394.0,2413.0,2413.0,1664.0,713.0,1687.0,720.0
0.0,4718.0,2392.0,2378.0,2413.0,2395.0,2395.0,1665.0,713.0,1672.0,720.0
0.0,4739.0,2376.0,2377.0,2395.0,2373.0,2373.0,1664.0,713.0,1663.0,713.0
0.0,4758.0,2390.0,2379.0,2373.0,2396.0,2396.0,1665.0,714.0,1674.0,716.0
0.0,4741.0,2432.0,2380.0,2396.0,2435.0,2435.0,1666.0,714.0,1702.0,730.0
0.0,4705.0,2379.0,2380.0,2435.0,2379.0,2379.0,1666.0,714.0,1666.0,713.0
0.0,4761.0,2445.0,2383.0,2379.0,2454.0,2454.0,1668.0,715.0,1710.0,735.0
0.0,4695.0,2444.0,2386.0,2454.0,2453.0,2453.0,1670.0,716.0,1710.0,734.0
0.0,4705.0,2423.0,2386.0,2453.0,2423.0,2423.0,1670.0,716.0,1697.0,726.0
0.0,4735.0,2442.0,2388.0,2423.0,2448.0,2448.0,1672.0,716.0,1708.0,734.0
0.0,4716.0,2340.0,2386.0,2448.0,2334.0,2334.0,1670.0,716.0,1639.0,701.0
0.0,4824.0,2356.0,2386.0,2334.0,2356.0,2356.0,1670.0,716.0,1649.0,707.0
0.0,4802.0,2402.0,2387.0,2356.0,2405.0,2405.0,1671.0,716.0,1680.0,722.0
0.0,4756.0,2482.0,2391.0,2405.0,2494.0,2494.0,1674.0,717.0,1737.0,745.0
0.0,4679.0,2476.0,2394.0,2494.0,2485.0,2485.0,1676.0,718.0,1735.0,741.0
0.0,4697.0,2419.0,2396.0,2485.0,2425.0,2425.0,1677.0,719.0,1692.0,727.0
0.0,4763.0,2437.0,2394.0,2425.0,2431.0,2431.0,1676.0,718.0,1706.0,731.0
0.0,4751.0,2373.0,2393.0,2431.0,2370.0,2370.0,1675.0,718.0,1662.0,711.0
0.0,4809.0,2374.0,2392.0,2370.0,2371.0,2371.0,1674.0,718.0,1661.0,713.0
0.0,4805.0,2393.0,2393.0,2371.0,2396.0,2396.0,1675.0,718.0,1675.0,718.0
0.0,4783.0,2476.0,2394.0,2396.0,2479.0,2479.0,1676.0,718.0,1734.0,742.0
0.0,4703.0,2444.0,2397.0,2479.0,2453.0,2453.0,1678.0,719.0,1710.0,734.0
0.0,4738.0,2410.0,2397.0,2453.0,2410.0,2410.0,1678.0,719.0,1687.0,723.0
0.0,4781.0,2403.0,2396.0,2410.0,2400.0,2400.0,1677.0,719.0,1681.0,722.0
0.0,4788.0,2374.0,2395.0,2400.0,2371.0,2371.0,1676.0,719.0,1662.0,712.0
0.0,4814.0,2364.0,2394.0,2371.0,2361.0,2361.0,1676.0,718.0,1655.0,709.0
0.0,4821.0,2383.0,2394.0,2361.0,2383.0,2383.0,1676.0,718.0,1667.0,716.0
0.0,4799.0,2430.0,2396.0,2383.0,2436.0,2436.0,1677.0,719.0,1702.0,728.0
0.0,4752.0,2452.0,2397.0,2436.0,2455.0,2455.0,1678.0,719.0,1716.0,736.0
0.0,4736.0,2454.0,2400.0,2455.0,2463.0,2463.0,1680.0,720.0,1719.0,735.0
0.0,4737.0,2449.0,2400.0,2463.0,2449.0,2449.0,1680.0,720.0,1714.0,735.0
0.0,4751.0,2295.0,2397.0,2449.0,2286.0,2286.0,1678.0,719.0,1607.0,688.0
0.0,4905.0,2356.0,2396.0,2286.0,2353.0,2353.0,1677.0,719.0,1648.0,708.0
0.0,4835.0,2435.0,2397.0,2353.0,2438.0,2438.0,1678.0,719.0,1703.0,732.0
0.0,4753.0,2389.0,2399.0,2438.0,2395.0,2395.0,1679.0,720.0,1673.0,716.0
0.0,4802.0,2476.0,2402.0,2395.0,2485.0,2485.0,1681.0,721.0,1733.0,743.0
0.0,4721.0,2426.0,2403.0,2485.0,2429.0,2429.0,1682.0,721.0,1699.0,727.0
0.0,4780.0,2416.0,2402.0,2429.0,2413.0,2413.0,1681.0,721.0,1691.0,725.0
0.0,4793.0,2380.0,2401.0,2413.0,2377.0,2377.0,1681.0,720.0,1665.0,715.0
0.0,4826.0,2334.0,2400.0,2377.0,2331.0,2331.0,1680.0,720.0,1635.0,699.0
0.0,4869.0,2435.0,2401.0,2331.0,2438.0,2438.0,1681.0,720.0,1703.0,732.0
0.0,4765.0,2436.0,2403.0,2438.0,2442.0,2442.0,1682.0,721.0,1706.0,730.0
0.0,4767.0,2453.0,2403.0,2442.0,2453.0,2453.0,1682.0,721.0,1716.0,737.0
0.0,4756.0,2450.0,2406.0,2453.0,2459.0,2459.0,1684.0,722.0,1716.0,734.0
0.0,4759.0,2454.0,2406.0,2459.0,2454.0,2454.0,1684.0,722.0,1719.0,735.0
0.0,4764.0,2401.0,2407.0,2454.0,2404.0,2404.0,1685.0,722.0,1681.0,720.0
0.0,4817.0,2413.0,2407.0,2404.0,2413.0,2413.0,1685.0,722.0,1688.0,725.0
0.0,4808.0,2392.0,2410.0,2413.0,2401.0,2401.0,1687.0,723.0,1675.0,717.0
0.0,4829.0,2447.0,2411.0,2401.0,2450.0,2450.0,1688.0,723.0,1712.0,735.0
0.0,4783.0,2466.0,2412.0,2450.0,2469.0,2469.0,1688.0,724.0,1727.0,739.0
0.0,4767.0,2406.0,2413.0,2469.0,2409.0,2409.0,1689.0,724.0,1684.0,722.0
0.0,4830.0,2323.0,2412.0,2409.0,2320.0,2320.0,1688.0,724.0,1626.0,697.0
0.0,4916.0,2394.0,2412.0,2320.0,2394.0,2394.0,1688.0,724.0,1675.0,719.0
0.0,4842.0,2403.0,2412.0,2394.0,2403.0,2403.0,1688.0,724.0,1683.0,720.0
0.0,4833.0,2390.0,2412.0,2403.0,2390.0,2390.0,1688.0,724.0,1673.0,717.0
0.0,4846.0,2432.0,2413.0,2390.0,2435.0,2435.0,1689.0,724.0,1702.0,730.0
0.0,4804.0,2506.0,2414.0,2435.0,2509.0,2509.0,1690.0,724.0,1753.0,753.0
0.0,4733.0,2440.0,2416.0,2509.0,2446.0,2446.0,1691.0,725.0,1709.0,731.0
0.0,4802.0,2410.0,2414.0,2446.0,2404.0,2404.0,1690.0,724.0,1687.0,723.0
0.0,4838.0,2453.0,2414.0,2404.0,2453.0,2453.0,1690.0,724.0,1717.0,736.0
0.0,4789.0,2389.0,2414.0,2453.0,2389.0,2389.0,1690.0,724.0,1672.0,717.0
0.0,4853.0,2391.0,2413.0,2389.0,2388.0,2388.0,1689.0,724.0,1673.0,718.0
0.0,4851.0,2476.0,2416.0,2388.0,2485.0,2485.0,1691.0,725.0,1735.0,741.0
0.0,4763.0,2528.0,2419.0,2485.0,2537.0,2537.0,1693.0,726.0,1769.0,759.0
0.0,4720.0,2446.0,2420.0,2537.0,2449.0,2449.0,1694.0,726.0,1713.0,733.0
0.0,4811.0,2427.0,2419.0,2449.0,2424.0,2424.0,1693.0,726.0,1698.0,729.0
0.0,4833.0,2447.0,2419.0,2424.0,2447.0,2447.0,1693.0,726.0,1713.0,734.0
0.0,4810.0,2482.0,2420.0,2447.0,2485.0,2485.0,1694.0,726.0,1738.0,744.0
0.0,4775.0,2472.0,2420.0,2485.0,2472.0,2472.0,1694.0,726.0,1728.0,744.0
0.0,4788.0,2490.0,2423.0,2472.0,2499.0,2499.0,1696.0,727.0,1744.0,746.0
0.0,4770.0,2420.0,2423.0,2499.0,2420.0,2420.0,1696.0,727.0,1695.0,725.0
0.0,4849.0,2515.0,2426.0,2420.0,2524.0,2524.0,1698.0,728.0,1760.0,755.0
0.0,4754.0,2477.0,2426.0,2524.0,2477.0,2477.0,1698.0,728.0,1734.0,743.0
0.0,4801.0,2364.0,2424.0,2477.0,2358.0,2358.0,1697.0,727.0,1654.0,710.0
0.0,4914.0,2441.0,2424.0,2358.0,2441.0,2441.0,1697.0,727.0,1709.0,732.0
0.0,4831.0,2463.0,2426.0,2441.0,2469.0,2469.0,1698.0,728.0,1725.0,738.0
0.0,4809.0,2487.0,2428.0,2469.0,2493.0,2493.0,1700.0,728.0,1740.0,747.0
0.0,4791.0,2562.0,2432.0,2493.0,2574.0,2574.0,1702.0,730.0,1794.0,768.0
0.0,4722.0,2484.0,2434.0,2574.0,2490.0,2490.0,1704.0,730.0,1740.0,744.0
0.0,4812.0,2449.0,2434.0,2490.0,2449.0,2449.0,1704.0,730.0,1712.0,737.0
0.0,4853.0,2440.0,2434.0,2449.0,2440.0,2440.0,1704.0,730.0,1708.0,732.0
0.0,4862.0,2399.0,2433.0,2440.0,2396.0,2396.0,1703.0,730.0,1681.0,718.0
0.0,4903.0,2463.0,2433.0,2396.0,2463.0,2463.0,1703.0,730.0,1724.0,739.0
0.0,4836.0,2448.0,2436.0,2463.0,2457.0,2457.0,1705.0,731.0,1713.0,735.0
0.0,4851.0,2517.0,2439.0,2457.0,2526.0,2526.0,1707.0,732.0,1762.0,755.0
0.0,4791.0,2447.0,2440.0,2526.0,2450.0,2450.0,1708.0,732.0,1713.0,734.0
0.0,4870.0,2480.0,2441.0,2450.0,2483.0,2483.0,1709.0,732.0,1735.0,745.0
0.0,4840.0,2434.0,2440.0,2483.0,2431.0,2431.0,1708.0,732.0,1706.0,728.0
0.0,4889.0,2463.0,2441.0,2431.0,2466.0,2466.0,1709.0,732.0,1722.0,741.0
0.0,4857.0,2500.0,2443.0,2466.0,2506.0,2506.0,1710.0,733.0,1751.0,749.0
0.0,4823.0,2437.0,2444.0,2506.0,2440.0,2440.0,1711.0,733.0,1707.0,730.0
0.0,4892.0,2511.0,2447.0,2440.0,2520.0,2520.0,1713.0,734.0,1757.0,754.0
0.0,4821.0,2472.0,2448.0,2520.0,2475.0,2475.0,1714.0,734.0,1729.0,743.0
0.0,4869.0,2413.0,2447.0,2475.0,2410.0,2410.0,1713.0,734.0,1690.0,723.0
0.0,4931.0,2383.0,2446.0,2410.0,2380.0,2380.0,1712.0,734.0,1668.0,715.0
0.0,4958.0,2461.0,2446.0,2380.0,2461.0,2461.0,1712.0,734.0,1723.0,738.0
0.0,4877.0,2477.0,2447.0,2461.0,2480.0,2480.0,1713.0,734.0,1734.0,743.0
0.0,4861.0,2476.0,2448.0,2480.0,2479.0,2479.0,1714.0,734.0,1732.0,744.0
0.0,4865.0,2460.0,2449.0,2479.0,2463.0,2463.0,1714.0,735.0,1723.0,737.0
0.0,4884.0,2470.0,2450.0,2463.0,2473.0,2473.0,1715.0,735.0,1730.0,740.0
0.0,4877.0,2443.0,2450.0,2473.0,2443.0,2443.0,1715.0,735.0,1710.0,733.0
0.0,4907.0,2463.0,2450.0,2443.0,2463.0,2463.0,1715.0,735.0,1724.0,739.0
0.0,4887.0,2430.0,2451.0,2463.0,2433.0,2433.0,1716.0,735.0,1699.0,731.0
0.0,4920.0,2506.0,2454.0,2433.0,2515.0,2515.0,1718.0,736.0,1754.0,752.0
0.0,4847.0,2452.0,2456.0,2515.0,2458.0,2458.0,1719.0,737.0,1717.0,735.0
0.0,4910.0,2503.0,2457.0,2458.0,2506.0,2506.0,1720.0,737.0,1753.0,750.0
0.0,4865.0,2506.0,2460.0,2506.0,2515.0,2515.0,1722.0,738.0,1754.0,752.0
0.0,4865.0,2433.0,2460.0,2515.0,2433.0,2433.0,1722.0,738.0,1703.0,730.0
0.0,4947.0,2429.0,2458.0,2433.0,2423.0,2423.0,1721.0,737.0,1699.0,730.0
0.0,4951.0,2453.0,2459.0,2423.0,2456.0,2456.0,1721.0,738.0,1717.0,736.0
0.0,4921.0,2476.0,2460.0,2456.0,2479.0,2479.0,1722.0,738.0,1734.0,742.0
0.0,4901.0,2503.0,2461.0,2479.0,2506.0,2506.0,1723.0,738.0,1753.0,750.0
0.0,4877.0,2530.0,2463.0,2506.0,2536.0,2536.0,1724.0,739.0,1770.0,760.0
0.0,4853.0,2506.0,2466.0,2536.0,2515.0,2515.0,1726.0,740.0,1754.0,752.0
0.0,4883.0,2487.0,2466.0,2515.0,2487.0,2487.0,1726.0,740.0,1741.0,746.0
0.0,4911.0,2484.0,2466.0,2487.0,2484.0,2484.0,1726.0,740.0,1739.0,745.0
0.0,4914.0,2437.0,2464.0,2484.0,2431.0,2431.0,1725.0,739.0,1706.0,731.0
0.0,4961.0,2451.0,2466.0,2431.0,2457.0,2457.0,1726.0,740.0,1716.0,735.0
0.0,4941.0,2459.0,2466.0,2457.0,2459.0,2459.0,1726.0,740.0,1721.0,738.0
0.0,4939.0,2487.0,2466.0,2459.0,2487.0,2487.0,1726.0,740.0,1741.0,746.0
0.0,4911.0,2466.0,2466.0,2487.0,2466.0,2466.0,1726.0,740.0,1726.0,740.0
0.0,4932.0,2514.0,2466.0,2466.0,2514.0,2514.0,1726.0,740.0,1760.0,754.0
0.0,4884.0,2427.0,2466.0,2514.0,2427.0,2427.0,1726.0,740.0,1700.0,727.0
0.0,4971.0,2392.0,2464.0,2427.0,2386.0,2386.0,1725.0,739.0,1675.0,717.0
0.0,5006.0,2496.0,2464.0,2386.0,2496.0,2496.0,1725.0,739.0,1745.0,751.0
0.0,4896.0,2528.0,2467.0,2496.0,2537.0,2537.0,1727.0,740.0,1771.0,757.0
0.0,4864.0,2482.0,2468.0,2537.0,2485.0,2485.0,1728.0,740.0,1736.0,746.0
0.0,4919.0,2522.0,2469.0,2485.0,2525.0,2525.0,1728.0,741.0,1766.0,756.0
0.0,4882.0,2453.0,2469.0,2525.0,2453.0,2453.0,1728.0,741.0,1716.0,737.0
0.0,4954.0,2490.0,2467.0,2453.0,2484.0,2484.0,1727.0,740.0,1743.0,747.0
0.0,4917.0,2479.0,2467.0,2484.0,2479.0,2479.0,1727.0,740.0,1735.0,744.0
0.0,4922.0,2520.0,2469.0,2479.0,2526.0,2526.0,1728.0,741.0,1764.0,756.0
0.0,4881.0,2528.0,2470.0,2526.0,2531.0,2531.0,1729.0,741.0,1771.0,757.0
0.0,4879.0,2493.0,2472.0,2531.0,2499.0,2499.0,1730.0,742.0,1744.0,749.0
0.0,4917.0,2474.0,2472.0,2499.0,2474.0,2474.0,1730.0,742.0,1732.0,742.0
0.0,4942.0,2451.0,2473.0,2474.0,2454.0,2454.0,1731.0,742.0,1716.0,735.0
0.0,4965.0,2423.0,2470.0,2454.0,2414.0,2414.0,1729.0,741.0,1695.0,728.0
0.0,4996.0,2444.0,2470.0,2414.0,2444.0,2444.0,1729.0,741.0,1711.0,733.0
0.0,4966.0,2480.0,2470.0,2444.0,2480.0,2480.0,1729.0,741.0,1736.0,744.0
0.0,4930.0,2496.0,2472.0,2480.0,2502.0,2502.0,1730.0,742.0,1748.0,748.0
0.0,4914.0,2506.0,2473.0,2502.0,2509.0,2509.0,1731.0,742.0,1754.0,752.0
0.0,4910.0,2394.0,2470.0,2509.0,2385.0,2385.0,1729.0,741.0,1675.0,719.0
0.0,5025.0,2420.0,2470.0,2385.0,2420.0,2420.0,1729.0,741.0,1694.0,726.0
0.0,4990.0,2507.0,2470.0,2420.0,2507.0,2507.0,1729.0,741.0,1755.0,752.0
0.0,4903.0,2415.0,2469.0,2507.0,2412.0,2412.0,1728.0,741.0,1692.0,723.0
0.0,4995.0,2498.0,2470.0,2412.0,2501.0,2501.0,1729.0,741.0,1747.0,751.0
0.0,4909.0,2444.0,2472.0,2501.0,2450.0,2450.0,1730.0,742.0,1712.0,732.0
0.0,4966.0,2478.0,2472.0,2450.0,2478.0,2478.0,1730.0,742.0,1735.0,743.0
0.0,4938.0,2488.0,2472.0,2478.0,2488.0,2488.0,1730.0,742.0,1742.0,746.0
0.0,4928.0,2500.0,2473.0,2488.0,2503.0,2503.0,1731.0,742.0,1751.0,749.0
0.0,4916.0,2469.0,2473.0,2503.0,2469.0,2469.0,1731.0,742.0,1728.0,741.0
0.0,4950.0,2467.0,2473.0,2469.0,2467.0,2467.0,1731.0,742.0,1727.0,740.0
0.0,4952.0,2442.0,2473.0,2467.0,2442.0,2442.0,1731.0,742.0,1709.0,733.0
0.0,4977.0,2582.0,2475.0,2442.0,2588.0,2588.0,1732.0,743.0,1806.0,776.0
0.0,4837.0,2509.0,2477.0,2588.0,2515.0,2515.0,1734.0,743.0,1755.0,754.0
0.0,4916.0,2513.0,2477.0,2515.0,2513.0,2513.0,1734.0,743.0,1760.0,753.0
0.0,4918.0,2486.0,2477.0,2513.0,2486.0,2486.0,1734.0,743.0,1740.0,746.0
0.0,4945.0,2472.0,2477.0,2486.0,2472.0,2472.0,1734.0,743.0,1730.0,742.0
0.0,4959.0,2422.0,2476.0,2472.0,2419.0,2419.0,1733.0,743.0,1697.0,725.0
0.0,5009.0,2512.0,2477.0,2419.0,2515.0,2515.0,1734.0,743.0,1757.0,755.0
0.0,4916.0,2512.0,2478.0,2515.0,2515.0,2515.0,1735.0,743.0,1759.0,753.0
0.0,4919.0,2511.0,2480.0,2515.0,2517.0,2517.0,1736.0,744.0,1759.0,752.0
0.0,4923.0,2509.0,2480.0,2517.0,2509.0,2509.0,1736.0,744.0,1754.0,755.0
0.0,4931.0,2444.0,2479.0,2509.0,2441.0,2441.0,1735.0,744.0,1712.0,732.0
0.0,4996.0,2540.0,2479.0,2441.0,2540.0,2540.0,1735.0,744.0,1779.0,761.0
0.0,4897.0,2499.0,2479.0,2540.0,2499.0,2499.0,1735.0,744.0,1749.0,750.0
0.0,4938.0,2507.0,2479.0,2499.0,2507.0,2507.0,1735.0,744.0,1753.0,754.0
0.0,4930.0,2451.0,2479.0,2507.0,2451.0,2451.0,1735.0,744.0,1717.0,734.0
0.0,4986.0,2489.0,2480.0,2451.0,2492.0,2492.0,1736.0,744.0,1741.0,748.0
0.0,4948.0,2507.0,2480.0,2492.0,2507.0,2507.0,1736.0,744.0,1756.0,751.0
0.0,4933.0,2550.0,2483.0,2507.0,2559.0,2559.0,1738.0,745.0,1786.0,764.0
0.0,4890.0,2480.0,2483.0,2559.0,2480.0,2480.0,1738.0,745.0,1736.0,744.0
0.0,4969.0,2536.0,2484.0,2480.0,2539.0,2539.0,1739.0,745.0,1774.0,762.0
0.0,4913.0,2521.0,2484.0,2539.0,2521.0,2521.0,1739.0,745.0,1765.0,756.0
0.0,4931.0,2503.0,2486.0,2521.0,2509.0,2509.0,1740.0,746.0,1753.0,750.0
0.0,4949.0,2565.0,2489.0,2509.0,2574.0,2574.0,1742.0,747.0,1795.0,770.0
0.0,4893.0,2453.0,2487.0,2574.0,2447.0,2447.0,1741.0,746.0,1716.0,737.0
0.0,5014.0,2507.0,2487.0,2447.0,2507.0,2507.0,1741.0,746.0,1755.0,752.0
0.0,4954.0,2523.0,2488.0,2507.0,2526.0,2526.0,1742.0,746.0,1767.0,756.0
0.0,4938.0,2483.0,2487.0,2526.0,2480.0,2480.0,1741.0,746.0,1737.0,746.0
0.0,4981.0,2593.0,2490.0,2480.0,2602.0,2602.0,1743.0,747.0,1815.0,778.0
0.0,4868.0,2533.0,2491.0,2602.0,2536.0,2536.0,1744.0,747.0,1774.0,759.0
0.0,4937.0,2506.0,2491.0,2536.0,2506.0,2506.0,1744.0,747.0,1754.0,752.0
0.0,4967.0,2580.0,2493.0,2506.0,2586.0,2586.0,1745.0,748.0,1807.0,773.0
0.0,4893.0,2537.0,2493.0,2586.0,2537.0,2537.0,1745.0,748.0,1776.0,761.0
0.0,4942.0,2491.0,2493.0,2537.0,2491.0,2491.0,1745.0,748.0,1744.0,747.0
0.0,4988.0,2459.0,2493.0,2491.0,2459.0,2459.0,1745.0,748.0,1721.0,738.0
0.0,5020.0,2529.0,2494.0,2459.0,2532.0,2532.0,1746.0,748.0,1769.0,760.0
0.0,4950.0,2530.0,2496.0,2532.0,2536.0,2536.0,1747.0,749.0,1772.0,758.0
0.0,4952.0,2574.0,2499.0,2536.0,2583.0,2583.0,1749.0,750.0,1801.0,773.0
0.0,4914.0,2573.0,2500.0,2583.0,2576.0,2576.0,1750.0,750.0,1800.0,773.0
0.0,4924.0,2534.0,2501.0,2576.0,2537.0,2537.0,1751.0,750.0,1775.0,759.0
0.0,4966.0,2434.0,2500.0,2537.0,2431.0,2431.0,1750.0,750.0,1705.0,729.0
0.0,5069.0,2433.0,2500.0,2431.0,2433.0,2433.0,1750.0,750.0,1701.0,732.0
0.0,5067.0,2458.0,2501.0,2433.0,2461.0,2461.0,1751.0,750.0,1721.0,737.0
0.0,5042.0,2593.0,2503.0,2461.0,2599.0,2599.0,1752.0,751.0,1816.0,777.0
0.0,4910.0,2561.0,2506.0,2599.0,2570.0,2570.0,1754.0,752.0,1791.0,770.0
0.0,4948.0,2542.0,2506.0,2570.0,2542.0,2542.0,1754.0,752.0,1780.0,762.0
0.0,4976.0,2480.0,2507.0,2542.0,2483.0,2483.0,1755.0,752.0,1735.0,745.0
0.0,5038.0,2458.0,2507.0,2483.0,2458.0,2458.0,1755.0,752.0,1722.0,736.0
0.0,5063.0,2550.0,2508.0,2458.0,2553.0,2553.0,1756.0,752.0,1784.0,766.0
0.0,4971.0,2521.0,2509.0,2553.0,2524.0,2524.0,1756.0,753.0,1765.0,756.0
0.0,5003.0,2547.0,2510.0,2524.0,2550.0,2550.0,1757.0,753.0,1784.0,763.0
0.0,4980.0,2550.0,2511.0,2550.0,2553.0,2553.0,1758.0,753.0,1784.0,766.0
0.0,4980.0,2543.0,2513.0,2553.0,2549.0,2549.0,1759.0,754.0,1782.0,761.0
0.0,4990.0,2503.0,2512.0,2549.0,2500.0,2500.0,1758.0,754.0,1751.0,752.0
0.0,5036.0,2483.0,2511.0,2500.0,2480.0,2480.0,1758.0,753.0,1738.0,745.0
0.0,5053.0,2476.0,2510.0,2480.0,2473.0,2473.0,1757.0,753.0,1732.0,744.0
0.0,5057.0,2615.0,2513.0,2473.0,2624.0,2624.0,1759.0,754.0,1832.0,783.0
0.0,4915.0,2590.0,2516.0,2624.0,2599.0,2599.0,1761.0,755.0,1812.0,778.0
0.0,4949.0,2548.0,2517.0,2599.0,2551.0,2551.0,1762.0,755.0,1783.0,765.0
0.0,5000.0,2514.0,2517.0,2551.0,2514.0,2514.0,1762.0,755.0,1760.0,754.0
0.0,5037.0,2487.0,2517.0,2514.0,2487.0,2487.0,1762.0,755.0,1741.0,746.0
0.0,5064.0,2454.0,2516.0,2487.0,2451.0,2451.0,1761.0,755.0,1719.0,735.0
0.0,5097.0,2602.0,2518.0,2451.0,2608.0,2608.0,1763.0,755.0,1820.0,782.0
0.0,4946.0,2543.0,2520.0,2608.0,2549.0,2549.0,1764.0,756.0,1781.0,762.0
0.0,5011.0,2523.0,2520.0,2549.0,2523.0,2523.0,1764.0,756.0,1766.0,757.0
0.0,5037.0,2575.0,2521.0,2523.0,2578.0,2578.0,1765.0,756.0,1801.0,774.0
0.0,4985.0,2562.0,2523.0,2578.0,2568.0,2568.0,1766.0,757.0,1794.0,768.0
0.0,5001.0,2498.0,2523.0,2568.0,2498.0,2498.0,1766.0,757.0,1749.0,749.0
0.0,5071.0,2471.0,2523.0,2498.0,2471.0,2471.0,1766.0,757.0,1730.0,741.0
0.0,5098.0,2479.0,2523.0,2471.0,2479.0,2479.0,1766.0,757.0,1735.0,744.0
0.0,5090.0,2529.0,2522.0,2479.0,2526.0,2526.0,1765.0,757.0,1770.0,759.0
0.0,5040.0,2569.0,2523.0,2526.0,2572.0,2572.0,1766.0,757.0,1799.0,770.0
0.0,4997.0,2599.0,2524.0,2572.0,2602.0,2602.0,1767.0,757.0,1818.0,781.0
0.0,4970.0,2575.0,2526.0,2602.0,2581.0,2581.0,1768.0,758.0,1802.0,773.0
0.0,4997.0,2487.0,2526.0,2581.0,2487.0,2487.0,1768.0,758.0,1741.0,746.0
0.0,5091.0,2521.0,2524.0,2487.0,2515.0,2515.0,1767.0,757.0,1765.0,756.0
0.0,5057.0,2469.0,2525.0,2515.0,2472.0,2472.0,1767.0,758.0,1728.0,741.0
0.0,5103.0,2553.0,2526.0,2472.0,2556.0,2556.0,1768.0,758.0,1787.0,766.0
0.0,5022.0,2507.0,2526.0,2556.0,2507.0,2507.0,1768.0,758.0,1755.0,752.0
0.0,5071.0,2613.0,2528.0,2507.0,2619.0,2619.0,1770.0,758.0,1829.0,784.0
0.0,4965.0,2663.0,2529.0,2619.0,2666.0,2666.0,1770.0,759.0,1865.0,798.0
0.0,4921.0,2526.0,2529.0,2666.0,2526.0,2526.0,1770.0,759.0,1768.0,758.0
0.0,5061.0,2487.0,2529.0,2526.0,2487.0,2487.0,1770.0,759.0,1741.0,746.0
0.0,5100.0,2520.0,2527.0,2487.0,2514.0,2514.0,1769.0,758.0,1763.0,757.0
0.0,5067.0,2529.0,2527.0,2514.0,2529.0,2529.0,1769.0,758.0,1770.0,759.0
0.0,5052.0,2612.0,2530.0,2529.0,2621.0,2621.0,1771.0,759.0,1829.0,783.0
0.0,4969.0,2639.0,2533.0,2621.0,2648.0,2648.0,1773.0,760.0,1848.0,791.0
0.0,4951.0,2556.0,2534.0,2648.0,2559.0,2559.0,1774.0,760.0,1787.0,769.0
0.0,5043.0,2560.0,2534.0,2559.0,2560.0,2560.0,1774.0,760.0,1792.0,768.0
0.0,5042.0,2484.0,2533.0,2560.0,2481.0,2481.0,1773.0,760.0,1740.0,744.0
0.0,5118.0,2534.0,2532.0,2481.0,2531.0,2531.0,1772.0,760.0,1774.0,760.0
0.0,5065.0,2546.0,2532.0,2531.0,2546.0,2546.0,1772.0,760.0,1782.0,764.0
0.0,5050.0,2572.0,2535.0,2546.0,2581.0,2581.0,1774.0,761.0,1800.0,772.0
0.0,5024.0,2552.0,2537.0,2581.0,2558.0,2558.0,1776.0,761.0,1785.0,767.0
0.0,5053.0,2580.0,2540.0,2558.0,2589.0,2589.0,1778.0,762.0,1808.0,772.0
0.0,5031.0,2520.0,2538.0,2589.0,2514.0,2514.0,1777.0,761.0,1763.0,757.0
0.0,5100.0,2488.0,2537.0,2514.0,2485.0,2485.0,1776.0,761.0,1743.0,745.0
0.0,5126.0,2584.0,2537.0,2485.0,2584.0,2584.0,1776.0,761.0,1808.0,776.0
0.0,5027.0,2554.0,2539.0,2584.0,2560.0,2560.0,1777.0,762.0,1789.0,765.0
0.0,5057.0,2563.0,2541.0,2560.0,2569.0,2569.0,1779.0,762.0,1793.0,770.0
0.0,5054.0,2624.0,2543.0,2569.0,2630.0,2630.0,1780.0,763.0,1838.0,786.0
0.0,4999.0,2556.0,2543.0,2630.0,2556.0,2556.0,1780.0,763.0,1790.0,766.0
0.0,5073.0,2549.0,2543.0,2556.0,2549.0,2549.0,1780.0,763.0,1784.0,765.0
0.0,5080.0,2587.0,2544.0,2549.0,2590.0,2590.0,1781.0,763.0,1809.0,778.0
0.0,5042.0,2578.0,2544.0,2590.0,2578.0,2578.0,1781.0,763.0,1805.0,773.0
0.0,5054.0,2567.0,2546.0,2578.0,2573.0,2573.0,1782.0,764.0,1798.0,769.0
0.0,5065.0,2646.0,2549.0,2573.0,2655.0,2655.0,1784.0,765.0,1852.0,794.0
0.0,4992.0,2689.0,2553.0,2655.0,2701.0,2701.0,1787.0,766.0,1882.0,807.0
0.0,4958.0,2597.0,2553.0,2701.0,2597.0,2597.0,1787.0,766.0,1818.0,779.0
0.0,5062.0,2552.0,2552.0,2597.0,2549.0,2549.0,1786.0,766.0,1786.0,766.0
0.0,5107.0,2616.0,2553.0,2549.0,2619.0,2619.0,1787.0,766.0,1832.0,784.0
0.0,5040.0,2560.0,2554.0,2619.0,2563.0,2563.0,1788.0,766.0,1790.0,770.0
0.0,5099.0,2596.0,2556.0,2563.0,2602.0,2602.0,1789.0,767.0,1819.0,777.0
0.0,5066.0,2597.0,2559.0,2602.0,2606.0,2606.0,1791.0,768.0,1817.0,780.0
0.0,5071.0,2612.0,2559.0,2606.0,2612.0,2612.0,1791.0,768.0,1829.0,783.0
0.0,5065.0,2531.0,2559.0,2612.0,2531.0,2531.0,1791.0,768.0,1772.0,759.0
0.0,5146.0,2586.0,2560.0,2531.0,2589.0,2589.0,1792.0,768.0,1810.0,776.0
0.0,5091.0,2530.0,2559.0,2589.0,2527.0,2527.0,1791.0,768.0,1771.0,759.0
0.0,5150.0,2526.0,2559.0,2527.0,2526.0,2526.0,1791.0,768.0,1767.0,759.0
0.0,5151.0,2579.0,2560.0,2526.0,2582.0,2582.0,1792.0,768.0,1806.0,773.0
0.0,5098.0,2576.0,2562.0,2582.0,2582.0,2582.0,1793.0,769.0,1803.0,773.0
0.0,5104.0,2618.0,2564.0,2582.0,2624.0,2624.0,1795.0,769.0,1832.0,786.0
0.0,5068.0,2612.0,2566.0,2624.0,2618.0,2618.0,1796.0,770.0,1829.0,783.0
0.0,5080.0,2568.0,2566.0,2618.0,2568.0,2568.0,1796.0,770.0,1798.0,770.0
0.0,5130.0,2518.0,2564.0,2568.0,2512.0,2512.0,1795.0,769.0,1762.0,756.0
0.0,5180.0,2547.0,2564.0,2512.0,2547.0,2547.0,1795.0,769.0,1782.0,765.0
0.0,5145.0,2559.0,2566.0,2547.0,2565.0,2565.0,1796.0,770.0,1792.0,767.0
0.0,5133.0,2592.0,2567.0,2565.0,2595.0,2595.0,1797.0,770.0,1815.0,777.0
0.0,5106.0,2622.0,2570.0,2595.0,2631.0,2631.0,1799.0,771.0,1835.0,787.0
0.0,5079.0,2586.0,2570.0,2631.0,2586.0,2586.0,1799.0,771.0,1811.0,775.0
0.0,5124.0,2557.0,2571.0,2586.0,2560.0,2560.0,1800.0,771.0,1788.0,769.0
0.0,5153.0,2518.0,2570.0,2560.0,2515.0,2515.0,1799.0,771.0,1764.0,754.0
0.0,5195.0,2493.0,2566.0,2515.0,2481.0,2481.0,1796.0,770.0,1745.0,748.0
0.0,5217.0,2537.0,2567.0,2481.0,2540.0,2540.0,1797.0,770.0,1776.0,761.0
0.0,5161.0,2662.0,2570.0,2540.0,2671.0,2671.0,1799.0,771.0,1863.0,799.0
0.0,5039.0,2596.0,2571.0,2671.0,2599.0,2599.0,1800.0,771.0,1816.0,780.0
0.0,5114.0,2589.0,2573.0,2599.0,2595.0,2595.0,1801.0,772.0,1813.0,776.0
0.0,5124.0,2578.0,2572.0,2595.0,2575.0,2575.0,1800.0,772.0,1805.0,773.0
0.0,5141.0,2553.0,2570.0,2575.0,2547.0,2547.0,1799.0,771.0,1788.0,765.0
0.0,5163.0,2509.0,2570.0,2547.0,2509.0,2509.0,1799.0,771.0,1755.0,754.0
0.0,5201.0,2655.0,2571.0,2509.0,2658.0,2658.0,1800.0,771.0,1857.0,798.0
0.0,5055.0,2566.0,2573.0,2658.0,2572.0,2572.0,1801.0,772.0,1797.0,769.0
0.0,5147.0,2610.0,2574.0,2572.0,2613.0,2613.0,1802.0,772.0,1826.0,784.0
0.0,5109.0,2627.0,2576.0,2613.0,2633.0,2633.0,1803.0,773.0,1840.0,787.0
0.0,5095.0,2629.0,2577.0,2633.0,2632.0,2632.0,1804.0,773.0,1841.0,788.0
0.0,5099.0,2583.0,2577.0,2632.0,2583.0,2583.0,1804.0,773.0,1807.0,776.0
0.0,5148.0,2527.0,2576.0,2583.0,2524.0,2524.0,1803.0,773.0,1770.0,757.0
0.0,5204.0,2578.0,2577.0,2524.0,2581.0,2581.0,1804.0,773.0,1803.0,775.0
0.0,5150.0,2636.0,2580.0,2581.0,2645.0,2645.0,1806.0,774.0,1846.0,790.0
0.0,5095.0,2607.0,2581.0,2645.0,2610.0,2610.0,1807.0,774.0,1824.0,783.0
0.0,5133.0,2620.0,2582.0,2610.0,2623.0,2623.0,1807.0,775.0,1835.0,785.0
0.0,5123.0,2562.0,2582.0,2623.0,2562.0,2562.0,1807.0,775.0,1793.0,769.0
0.0,5184.0,2589.0,2581.0,2562.0,2586.0,2586.0,1807.0,774.0,1811.0,778.0
0.0,5157.0,2503.0,2580.0,2586.0,2500.0,2500.0,1806.0,774.0,1752.0,751.0
0.0,5240.0,2594.0,2581.0,2500.0,2597.0,2597.0,1807.0,774.0,1816.0,778.0
0.0,5146.0,2582.0,2581.0,2597.0,2582.0,2582.0,1807.0,774.0,1807.0,775.0
0.0,5161.0,2617.0,2582.0,2582.0,2620.0,2620.0,1807.0,775.0,1833.0,784.0
0.0,5126.0,2652.0,2583.0,2620.0,2655.0,2655.0,1808.0,775.0,1857.0,795.0
0.0,5094.0,2610.0,2583.0,2655.0,2610.0,2610.0,1808.0,775.0,1827.0,783.0
0.0,5139.0,2584.0,2580.0,2610.0,2575.0,2575.0,1806.0,774.0,1807.0,777.0
0.0,5165.0,2524.0,2580.0,2575.0,2524.0,2524.0,1806.0,774.0,1768.0,756.0
0.0,5216.0,2587.0,2580.0,2524.0,2587.0,2587.0,1806.0,774.0,1810.0,777.0
0.0,5153.0,2633.0,2580.0,2587.0,2633.0,2633.0,1806.0,774.0,1843.0,790.0
0.0,5107.0,2630.0,2582.0,2633.0,2636.0,2636.0,1807.0,775.0,1842.0,788.0
0.0,5110.0,2604.0,2582.0,2636.0,2604.0,2604.0,1807.0,775.0,1823.0,781.0
0.0,5142.0,2623.0,2583.0,2604.0,2626.0,2626.0,1808.0,775.0,1837.0,786.0
0.0,5123.0,2586.0,2582.0,2626.0,2583.0,2583.0,1807.0,775.0,1809.0,777.0
0.0,5163.0,2619.0,2583.0,2583.0,2622.0,2622.0,1808.0,775.0,1832.0,787.0
0.0,5127.0,2606.0,2584.0,2622.0,2609.0,2609.0,1809.0,775.0,1825.0,781.0
0.0,5143.0,2649.0,2586.0,2609.0,2655.0,2655.0,1810.0,776.0,1855.0,794.0
0.0,5103.0,2642.0,2589.0,2655.0,2651.0,2651.0,1812.0,777.0,1849.0,793.0
0.0,5116.0,2647.0,2590.0,2651.0,2650.0,2650.0,1813.0,777.0,1854.0,793.0
0.0,5120.0,2636.0,2591.0,2650.0,2639.0,2639.0,1814.0,777.0,1843.0,793.0
0.0,5134.0,2567.0,2590.0,2639.0,2564.0,2564.0,1813.0,777.0,1797.0,770.0
0.0,5206.0,2603.0,2590.0,2564.0,2603.0,2603.0,1813.0,777.0,1822.0,781.0
0.0,5167.0,2635.0,2591.0,2603.0,2638.0,2638.0,1814.0,777.0,1845.0,790.0
0.0,5135.0,2688.0,2594.0,2638.0,2697.0,2697.0,1816.0,778.0,1881.0,807.0
0.0,5085.0,2630.0,2596.0,2697.0,2636.0,2636.0,1817.0,779.0,1842.0,788.0
0.0,5152.0,2624.0,2597.0,2636.0,2627.0,2627.0,1818.0,779.0,1836.0,788.0
0.0,5164.0,2610.0,2597.0,2627.0,2610.0,2610.0,1818.0,779.0,1827.0,783.0
0.0,5181.0,2538.0,2596.0,2610.0,2535.0,2535.0,1817.0,779.0,1778.0,760.0
0.0,5253.0,2516.0,2594.0,2535.0,2510.0,2510.0,1816.0,778.0,1760.0,756.0
0.0,5272.0,2603.0,2596.0,2510.0,2609.0,2609.0,1817.0,779.0,1823.0,780.0
0.0,5179.0,2608.0,2597.0,2609.0,2611.0,2611.0,1818.0,779.0,1824.0,784.0
0.0,5180.0,2619.0,2600.0,2611.0,2628.0,2628.0,1820.0,780.0,1834.0,785.0
0.0,5172.0,2630.0,2601.0,2628.0,2633.0,2633.0,1821.0,780.0,1841.0,789.0
0.0,5170.0,2627.0,2600.0,2633.0,2624.0,2624.0,1820.0,780.0,1838.0,789.0
0.0,5176.0,2612.0,2601.0,2624.0,2615.0,2615.0,1821.0,780.0,1828.0,784.0
0.0,5188.0,2626.0,2602.0,2615.0,2629.0,2629.0,1821.0,781.0,1839.0,787.0
0.0,5177.0,2551.0,2601.0,2629.0,2548.0,2548.0,1821.0,780.0,1786.0,765.0
0.0,5255.0,2723.0,2604.0,2548.0,2732.0,2732.0,1823.0,781.0,1906.0,817.0
0.0,5080.0,2669.0,2607.0,2732.0,2678.0,2678.0,1825.0,782.0,1868.0,801.0
0.0,5143.0,2666.0,2607.0,2678.0,2666.0,2666.0,1825.0,782.0,1866.0,800.0
0.0,5155.0,2603.0,2609.0,2666.0,2609.0,2609.0,1826.0,783.0,1822.0,781.0
0.0,5218.0,2624.0,2609.0,2609.0,2624.0,2624.0,1826.0,783.0,1838.0,786.0
0.0,5203.0,2649.0,2609.0,2624.0,2649.0,2649.0,1826.0,783.0,1854.0,795.0
0.0,5178.0,2628.0,2609.0,2649.0,2628.0,2628.0,1826.0,783.0,1840.0,788.0
0.0,5199.0,2705.0,2612.0,2628.0,2714.0,2714.0,1828.0,784.0,1893.0,812.0
0.0,5122.0,2584.0,2613.0,2714.0,2587.0,2587.0,1829.0,784.0,1809.0,775.0
0.0,5252.0,2632.0,2614.0,2587.0,2635.0,2635.0,1830.0,784.0,1841.0,791.0
0.0,5207.0,2605.0,2613.0,2635.0,2602.0,2602.0,1829.0,784.0,1826.0,779.0
0.0,5237.0,2558.0,2612.0,2602.0,2555.0,2555.0,1828.0,784.0,1790.0,768.0
0.0,5281.0,2650.0,2613.0,2555.0,2653.0,2653.0,1829.0,784.0,1856.0,794.0
0.0,5186.0,2636.0,2614.0,2653.0,2639.0,2639.0,1830.0,784.0,1844.0,792.0
0.0,5203.0,2640.0,2616.0,2639.0,2646.0,2646.0,1831.0,785.0,1848.0,792.0
0.0,5202.0,2720.0,2620.0,2646.0,2732.0,2732.0,1834.0,786.0,1905.0,815.0
0.0,5128.0,2633.0,2620.0,2732.0,2633.0,2633.0,1834.0,786.0,1843.0,790.0
0.0,5227.0,2660.0,2621.0,2633.0,2663.0,2663.0,1835.0,786.0,1861.0,799.0
0.0,5200.0,2638.0,2622.0,2663.0,2641.0,2641.0,1835.0,787.0,1847.0,791.0
0.0,5225.0,2557.0,2620.0,2641.0,2551.0,2551.0,1834.0,786.0,1791.0,766.0
0.0,5309.0,2610.0,2620.0,2551.0,2610.0,2610.0,1834.0,786.0,1827.0,783.0
0.0,5250.0,2663.0,2621.0,2610.0,2666.0,2666.0,1835.0,786.0,1863.0,800.0
0.0,5197.0,2739.0,2626.0,2666.0,2754.0,2754.0,1838.0,788.0,1917.0,822.0
0.0,5124.0,2663.0,2627.0,2754.0,2666.0,2666.0,1839.0,788.0,1865.0,798.0
0.0,5215.0,2590.0,2627.0,2666.0,2590.0,2590.0,1839.0,788.0,1813.0,777.0
0.0,5291.0,2578.0,2626.0,2590.0,2575.0,2575.0,1838.0,788.0,1804.0,774.0
0.0,5303.0,2574.0,2624.0,2575.0,2568.0,2568.0,1837.0,787.0,1802.0,772.0
0.0,5304.0,2613.0,2624.0,2568.0,2613.0,2613.0,1837.0,787.0,1829.0,784.0
0.0,5259.0,2621.0,2626.0,2613.0,2627.0,2627.0,1838.0,788.0,1835.0,786.0
0.0,5251.0,2617.0,2626.0,2627.0,2617.0,2617.0,1838.0,788.0,1832.0,785.0
0.0,5261.0,2617.0,2626.0,2617.0,2617.0,2617.0,1838.0,788.0,1832.0,785.0
0.0,5261.0,2624.0,2626.0,2617.0,2624.0,2624.0,1838.0,788.0,1837.0,787.0
0.0,5254.0,2667.0,2626.0,2624.0,2667.0,2667.0,1838.0,788.0,1867.0,800.0
0.0,5211.0,2568.0,2624.0,2667.0,2562.0,2562.0,1837.0,787.0,1797.0,771.0
0.0,5310.0,2645.0,2624.0,2562.0,2645.0,2645.0,1837.0,787.0,1852.0,793.0
0.0,5227.0,2712.0,2627.0,2645.0,2721.0,2721.0,1839.0,788.0,1899.0,813.0
0.0,5160.0,2706.0,2629.0,2721.0,2712.0,2712.0,1840.0,789.0,1894.0,812.0
0.0,5175.0,2643.0,2629.0,2712.0,2643.0,2643.0,1840.0,789.0,1850.0,793.0
0.0,5244.0,2670.0,2629.0,2643.0,2670.0,2670.0,1840.0,789.0,1869.0,801.0
0.0,5217.0,2626.0,2629.0,2670.0,2626.0,2626.0,1840.0,789.0,1838.0,788.0
0.0,5261.0,2636.0,2629.0,2626.0,2636.0,2636.0,1840.0,789.0,1845.0,791.0
0.0,5251.0,2600.0,2629.0,2636.0,2600.0,2600.0,1840.0,789.0,1820.0,780.0
0.0,5287.0,2696.0,2632.0,2600.0,2705.0,2705.0,1842.0,790.0,1887.0,809.0
0.0,5191.0,2703.0,2636.0,2705.0,2715.0,2715.0,1845.0,791.0,1892.0,811.0
0.0,5193.0,2669.0,2637.0,2715.0,2672.0,2672.0,1846.0,791.0,1869.0,800.0
0.0,5239.0,2624.0,2637.0,2672.0,2624.0,2624.0,1846.0,791.0,1837.0,787.0
0.0,5287.0,2569.0,2636.0,2624.0,2566.0,2566.0,1845.0,791.0,1798.0,771.0
0.0,5342.0,2616.0,2636.0,2566.0,2616.0,2616.0,1845.0,791.0,1831.0,785.0
0.0,5292.0,2630.0,2636.0,2616.0,2630.0,2630.0,1845.0,791.0,1841.0,789.0
0.0,5278.0,2684.0,2637.0,2630.0,2687.0,2687.0,1846.0,791.0,1880.0,804.0
0.0,5224.0,2676.0,2638.0,2687.0,2679.0,2679.0,1847.0,791.0,1871.0,805.0
0.0,5235.0,2722.0,2641.0,2679.0,2731.0,2731.0,1849.0,792.0,1905.0,817.0
0.0,5192.0,2679.0,2640.0,2731.0,2676.0,2676.0,1848.0,792.0,1875.0,804.0
0.0,5244.0,2583.0,2639.0,2676.0,2580.0,2580.0,1847.0,792.0,1809.0,774.0
0.0,5337.0,2659.0,2639.0,2580.0,2659.0,2659.0,1847.0,792.0,1861.0,798.0
0.0,5258.0,2657.0,2640.0,2659.0,2660.0,2660.0,1848.0,792.0,1861.0,796.0
0.0,5260.0,2637.0,2640.0,2660.0,2637.0,2637.0,1848.0,792.0,1846.0,791.0
0.0,5283.0,2667.0,2640.0,2637.0,2667.0,2667.0,1848.0,792.0,1865.0,802.0
0.0,5253.0,2656.0,2641.0,2667.0,2659.0,2659.0,1849.0,792.0,1859.0,797.0
0.0,5264.0,2608.0,2639.0,2659.0,2602.0,2602.0,1847.0,792.0,1827.0,781.0
0.0,5315.0,2587.0,2639.0,2602.0,2587.0,2587.0,1847.0,792.0,1811.0,776.0
0.0,5330.0,2660.0,2640.0,2587.0,2663.0,2663.0,1848.0,792.0,1863.0,797.0
0.0,5257.0,2692.0,2641.0,2663.0,2695.0,2695.0,1849.0,792.0,1883.0,809.0
0.0,5228.0,2739.0,2644.0,2695.0,2748.0,2748.0,1851.0,793.0,1917.0,822.0
0.0,5184.0,2712.0,2646.0,2748.0,2718.0,2718.0,1852.0,794.0,1899.0,813.0
0.0,5220.0,2750.0,2648.0,2718.0,2756.0,2756.0,1854.0,794.0,1924.0,826.0
0.0,5188.0,2646.0,2648.0,2756.0,2646.0,2646.0,1854.0,794.0,1852.0,794.0
0.0,5298.0,2613.0,2646.0,2646.0,2607.0,2607.0,1852.0,794.0,1830.0,783.0
0.0,5331.0,2596.0,2646.0,2607.0,2596.0,2596.0,1852.0,794.0,1817.0,779.0
0.0,5342.0,2606.0,2644.0,2596.0,2600.0,2600.0,1851.0,793.0,1823.0,783.0
0.0,5332.0,2657.0,2644.0,2600.0,2657.0,2657.0,1851.0,793.0,1860.0,797.0
0.0,5275.0,2652.0,2647.0,2657.0,2661.0,2661.0,1853.0,794.0,1856.0,796.0
0.0,5280.0,2629.0,2647.0,2661.0,2629.0,2629.0,1853.0,794.0,1840.0,789.0
0.0,5312.0,2615.0,2646.0,2629.0,2612.0,2612.0,1852.0,794.0,1832.0,783.0
0.0,5326.0,2643.0,2644.0,2612.0,2637.0,2637.0,1851.0,793.0,1849.0,794.0
0.0,5295.0,2681.0,2644.0,2637.0,2681.0,2681.0,1851.0,793.0,1877.0,804.0
0.0,5251.0,2673.0,2646.0,2681.0,2679.0,2679.0,1852.0,794.0,1870.0,803.0
0.0,5259.0,2726.0,2649.0,2679.0,2735.0,2735.0,1854.0,795.0,1910.0,816.0
0.0,5212.0,2672.0,2651.0,2735.0,2678.0,2678.0,1856.0,795.0,1870.0,802.0
0.0,5275.0,2664.0,2652.0,2678.0,2667.0,2667.0,1856.0,796.0,1865.0,799.0
0.0,5289.0,2624.0,2652.0,2667.0,2624.0,2624.0,1856.0,796.0,1837.0,787.0
0.0,5332.0,2746.0,2654.0,2624.0,2752.0,2752.0,1858.0,796.0,1922.0,824.0
0.0,5210.0,2641.0,2654.0,2752.0,2641.0,2641.0,1858.0,796.0,1849.0,792.0
0.0,5321.0,2697.0,2656.0,2641.0,2703.0,2703.0,1859.0,797.0,1889.0,808.0
0.0,5265.0,2709.0,2657.0,2703.0,2712.0,2712.0,1860.0,797.0,1895.0,814.0
0.0,5259.0,2616.0,2658.0,2712.0,2619.0,2619.0,1861.0,797.0,1831.0,785.0
0.0,5355.0,2630.0,2657.0,2619.0,2627.0,2627.0,1860.0,797.0,1841.0,789.0
0.0,5344.0,2691.0,2657.0,2627.0,2691.0,2691.0,1860.0,797.0,1884.0,807.0
0.0,5280.0,2677.0,2657.0,2691.0,2677.0,2677.0,1860.0,797.0,1874.0,803.0
0.0,5294.0,2656.0,2657.0,2677.0,2656.0,2656.0,1860.0,797.0,1859.0,797.0
0.0,5315.0,2663.0,2657.0,2656.0,2663.0,2663.0,1860.0,797.0,1864.0,799.0
0.0,5308.0,2717.0,2659.0,2663.0,2723.0,2723.0,1861.0,798.0,1903.0,814.0
0.0,5254.0,2722.0,2660.0,2723.0,2725.0,2725.0,1862.0,798.0,1904.0,818.0
0.0,5255.0,2667.0,2661.0,2725.0,2670.0,2670.0,1863.0,798.0,1868.0,799.0
0.0,5313.0,2624.0,2660.0,2670.0,2621.0,2621.0,1862.0,798.0,1836.0,788.0
0.0,5359.0,2674.0,2660.0,2621.0,2674.0,2674.0,1862.0,798.0,1874.0,800.0
0.0,5306.0,2674.0,2660.0,2674.0,2674.0,2674.0,1862.0,798.0,1870.0,804.0
0.0,5306.0,2700.0,2661.0,2674.0,2703.0,2703.0,1863.0,798.0,1891.0,809.0
0.0,5280.0,2729.0,2664.0,2703.0,2738.0,2738.0,1865.0,799.0,1910.0,819.0
0.0,5254.0,2676.0,2666.0,2738.0,2682.0,2682.0,1866.0,800.0,1874.0,802.0
0.0,5316.0,2749.0,2667.0,2682.0,2752.0,2752.0,1867.0,800.0,1923.0,826.0
0.0,5249.0,2677.0,2667.0,2752.0,2677.0,2677.0,1867.0,800.0,1874.0,803.0
0.0,5324.0,2667.0,2667.0,2677.0,2667.0,2667.0,1867.0,800.0,1867.0,800.0
0.0,5334.0,2693.0,2667.0,2667.0,2693.0,2693.0,1867.0,800.0,1885.0,808.0
0.0,5308.0,2662.0,2667.0,2693.0,2662.0,2662.0,1867.0,800.0,1863.0,799.0
0.0,5339.0,2732.0,2670.0,2662.0,2741.0,2741.0,1869.0,801.0,1913.0,819.0
0.0,5269.0,2739.0,2671.0,2741.0,2742.0,2742.0,1870.0,801.0,1916.0,823.0
0.0,5271.0,2699.0,2672.0,2742.0,2702.0,2702.0,1870.0,802.0,1890.0,809.0
0.0,5314.0,2705.0,2673.0,2702.0,2708.0,2708.0,1871.0,802.0,1894.0,811.0
0.0,5311.0,2677.0,2673.0,2708.0,2677.0,2677.0,1871.0,802.0,1874.0,803.0
0.0,5342.0,2657.0,2673.0,2677.0,2657.0,2657.0,1871.0,802.0,1860.0,797.0
0.0,5362.0,2750.0,2676.0,2657.0,2759.0,2759.0,1873.0,803.0,1925.0,825.0
0.0,5269.0,2699.0,2678.0,2759.0,2705.0,2705.0,1875.0,803.0,1888.0,811.0
0.0,5329.0,2760.0,2680.0,2705.0,2766.0,2766.0,1876.0,804.0,1933.0,827.0
0.0,5274.0,2735.0,2681.0,2766.0,2738.0,2738.0,1877.0,804.0,1913.0,822.0
0.0,5305.0,2633.0,2679.0,2738.0,2627.0,2627.0,1875.0,804.0,1844.0,789.0
0.0,5410.0,2657.0,2677.0,2627.0,2651.0,2651.0,1874.0,803.0,1859.0,798.0
0.0,5380.0,2689.0,2677.0,2651.0,2689.0,2689.0,1874.0,803.0,1881.0,808.0
0.0,5342.0,2680.0,2677.0,2689.0,2680.0,2680.0,1874.0,803.0,1877.0,803.0
0.0,5351.0,2776.0,2680.0,2680.0,2785.0,2785.0,1876.0,804.0,1943.0,833.0
0.0,5255.0,2645.0,2681.0,2785.0,2648.0,2648.0,1877.0,804.0,1852.0,793.0
0.0,5395.0,2693.0,2683.0,2648.0,2699.0,2699.0,1878.0,805.0,1886.0,807.0
0.0,5350.0,2730.0,2684.0,2699.0,2733.0,2733.0,1879.0,805.0,1910.0,820.0
0.0,5319.0,2679.0,2685.0,2733.0,2682.0,2682.0,1879.0,806.0,1875.0,804.0
0.0,5373.0,2737.0,2687.0,2682.0,2743.0,2743.0,1881.0,806.0,1917.0,820.0
0.0,5318.0,2689.0,2689.0,2743.0,2695.0,2695.0,1882.0,807.0,1881.0,808.0
0.0,5372.0,2759.0,2691.0,2695.0,2765.0,2765.0,1884.0,807.0,1933.0,826.0
0.0,5308.0,2719.0,2691.0,2765.0,2719.0,2719.0,1884.0,807.0,1901.0,818.0
0.0,5354.0,2745.0,2693.0,2719.0,2751.0,2751.0,1885.0,808.0,1922.0,823.0
0.0,5328.0,2668.0,2692.0,2751.0,2665.0,2665.0,1884.0,808.0,1867.0,801.0
0.0,5411.0,2624.0,2691.0,2665.0,2621.0,2621.0,1884.0,807.0,1837.0,787.0
0.0,5452.0,2643.0,2690.0,2621.0,2640.0,2640.0,1883.0,807.0,1852.0,791.0
0.0,5430.0,2733.0,2693.0,2640.0,2742.0,2742.0,1885.0,808.0,1912.0,821.0
0.0,5337.0,2681.0,2691.0,2742.0,2675.0,2675.0,1884.0,807.0,1876.0,805.0
0.0,5398.0,2669.0,2692.0,2675.0,2672.0,2672.0,1884.0,808.0,1869.0,800.0
0.0,5404.0,2729.0,2693.0,2672.0,2732.0,2732.0,1885.0,808.0,1910.0,819.0
0.0,5347.0,2733.0,2693.0,2732.0,2733.0,2733.0,1885.0,808.0,1914.0,819.0
0.0,5346.0,2705.0,2694.0,2733.0,2708.0,2708.0,1886.0,808.0,1892.0,813.0
0.0,5374.0,2696.0,2696.0,2708.0,2702.0,2702.0,1887.0,809.0,1888.0,808.0
0.0,5386.0,2699.0,2696.0,2702.0,2699.0,2699.0,1887.0,809.0,1889.0,810.0
0.0,5389.0,2726.0,2697.0,2699.0,2729.0,2729.0,1888.0,809.0,1908.0,818.0
0.0,5362.0,2782.0,2700.0,2729.0,2791.0,2791.0,1890.0,810.0,1947.0,835.0
0.0,5309.0,2735.0,2700.0,2791.0,2735.0,2735.0,1890.0,810.0,1913.0,822.0
0.0,5365.0,2716.0,2700.0,2735.0,2716.0,2716.0,1890.0,810.0,1901.0,815.0
0.0,5384.0,2678.0,2700.0,2716.0,2678.0,2678.0,1890.0,810.0,1876.0,802.0
0.0,5422.0,2654.0,2700.0,2678.0,2654.0,2654.0,1890.0,810.0,1858.0,796.0
0.0,5446.0,2726.0,2702.0,2654.0,2732.0,2732.0,1891.0,811.0,1907.0,819.0
0.0,5374.0,2792.0,2704.0,2732.0,2798.0,2798.0,1893.0,811.0,1956.0,836.0
0.0,5314.0,2804.0,2706.0,2798.0,2810.0,2810.0,1894.0,812.0,1962.0,842.0
0.0,5308.0,2765.0,2707.0,2810.0,2768.0,2768.0,1895.0,812.0,1933.0,832.0
0.0,5353.0,2723.0,2707.0,2768.0,2723.0,2723.0,1895.0,812.0,1906.0,817.0
0.0,5398.0,2712.0,2709.0,2723.0,2718.0,2718.0,1896.0,813.0,1899.0,813.0
0.0,5409.0,2683.0,2707.0,2718.0,2677.0,2677.0,1895.0,812.0,1877.0,806.0
0.0,5444.0,2727.0,2707.0,2677.0,2727.0,2727.0,1895.0,812.0,1910.0,817.0
0.0,5394.0,2740.0,2709.0,2727.0,2746.0,2746.0,1896.0,813.0,1919.0,821.0
0.0,5381.0,2731.0,2710.0,2746.0,2734.0,2734.0,1897.0,813.0,1912.0,819.0
0.0,5396.0,2779.0,2712.0,2734.0,2785.0,2785.0,1898.0,814.0,1945.0,834.0
0.0,5351.0,2740.0,2713.0,2785.0,2743.0,2743.0,1899.0,814.0,1918.0,822.0
0.0,5396.0,2686.0,2712.0,2743.0,2683.0,2683.0,1898.0,814.0,1879.0,807.0
0.0,5453.0,2725.0,2712.0,2683.0,2725.0,2725.0,1898.0,814.0,1908.0,817.0
0.0,5411.0,2756.0,2713.0,2725.0,2759.0,2759.0,1899.0,814.0,1929.0,827.0
0.0,5380.0,2753.0,2714.0,2759.0,2756.0,2756.0,1900.0,814.0,1926.0,827.0
0.0,5386.0,2755.0,2716.0,2756.0,2761.0,2761.0,1901.0,815.0,1930.0,825.0
0.0,5387.0,2688.0,2715.0,2761.0,2685.0,2685.0,1900.0,815.0,1881.0,807.0
0.0,5460.0,2723.0,2716.0,2685.0,2726.0,2726.0,1901.0,815.0,1906.0,817.0
0.0,5422.0,2668.0,2713.0,2726.0,2659.0,2659.0,1899.0,814.0,1867.0,801.0
0.0,5480.0,2670.0,2713.0,2659.0,2670.0,2670.0,1899.0,814.0,1870.0,800.0
0.0,5469.0,2767.0,2715.0,2670.0,2773.0,2773.0,1900.0,815.0,1937.0,830.0
0.0,5372.0,2755.0,2717.0,2773.0,2761.0,2761.0,1902.0,815.0,1929.0,826.0
0.0,5390.0,2739.0,2717.0,2761.0,2739.0,2739.0,1902.0,815.0,1916.0,823.0
0.0,5412.0,2726.0,2719.0,2739.0,2732.0,2732.0,1903.0,816.0,1908.0,818.0
0.0,5425.0,2715.0,2717.0,2732.0,2709.0,2709.0,1902.0,815.0,1900.0,815.0
0.0,5442.0,2666.0,2718.0,2709.0,2669.0,2669.0,1902.0,816.0,1866.0,800.0
0.0,5485.0,2662.0,2717.0,2669.0,2659.0,2659.0,1902.0,815.0,1863.0,799.0
0.0,5492.0,2763.0,2719.0,2659.0,2769.0,2769.0,1903.0,816.0,1934.0,829.0
0.0,5388.0,2806.0,2720.0,2769.0,2809.0,2809.0,1904.0,816.0,1964.0,842.0
0.0,5351.0,2757.0,2720.0,2809.0,2757.0,2757.0,1904.0,816.0,1930.0,827.0
0.0,5403.0,2753.0,2722.0,2757.0,2759.0,2759.0,1905.0,817.0,1928.0,825.0
0.0,5407.0,2760.0,2722.0,2759.0,2760.0,2760.0,1905.0,817.0,1932.0,828.0
0.0,5406.0,2703.0,2722.0,2760.0,2703.0,2703.0,1905.0,817.0,1892.0,811.0
0.0,5463.0,2727.0,2722.0,2703.0,2727.0,2727.0,1905.0,817.0,1909.0,818.0
0.0,5439.0,2736.0,2723.0,2727.0,2739.0,2739.0,1906.0,817.0,1916.0,820.0
0.0,5430.0,2825.0,2727.0,2739.0,2837.0,2837.0,1909.0,818.0,1977.0,848.0
0.0,5344.0,2808.0,2730.0,2837.0,2817.0,2817.0,1911.0,819.0,1965.0,843.0
0.0,5373.0,2754.0,2730.0,2817.0,2754.0,2754.0,1911.0,819.0,1929.0,825.0
0.0,5436.0,2746.0,2732.0,2754.0,2752.0,2752.0,1912.0,820.0,1920.0,826.0
0.0,5444.0,2700.0,2732.0,2752.0,2700.0,2700.0,1912.0,820.0,1891.0,809.0
0.0,5496.0,2757.0,2733.0,2700.0,2760.0,2760.0,1913.0,820.0,1930.0,827.0
0.0,5439.0,2674.0,2732.0,2760.0,2671.0,2671.0,1912.0,820.0,1871.0,803.0
0.0,5525.0,2777.0,2733.0,2671.0,2780.0,2780.0,1913.0,820.0,1945.0,832.0
0.0,5419.0,2776.0,2734.0,2780.0,2779.0,2779.0,1914.0,820.0,1942.0,834.0
0.0,5423.0,2822.0,2737.0,2779.0,2831.0,2831.0,1916.0,821.0,1977.0,845.0
0.0,5380.0,2726.0,2737.0,2831.0,2726.0,2726.0,1916.0,821.0,1908.0,818.0
0.0,5485.0,2709.0,2736.0,2726.0,2706.0,2706.0,1915.0,821.0,1895.0,814.0
0.0,5502.0,2659.0,2734.0,2706.0,2653.0,2653.0,1914.0,820.0,1860.0,799.0
0.0,5549.0,2763.0,2734.0,2653.0,2763.0,2763.0,1914.0,820.0,1935.0,828.0
0.0,5439.0,2819.0,2737.0,2763.0,2828.0,2828.0,1916.0,821.0,1973.0,846.0
0.0,5383.0,2763.0,2740.0,2828.0,2772.0,2772.0,1918.0,822.0,1935.0,828.0
0.0,5448.0,2788.0,2740.0,2772.0,2788.0,2788.0,1918.0,822.0,1950.0,838.0
0.0,5432.0,2658.0,2739.0,2788.0,2655.0,2655.0,1917.0,822.0,1861.0,797.0
0.0,5562.0,2690.0,2736.0,2655.0,2681.0,2681.0,1915.0,821.0,1884.0,806.0
0.0,5527.0,2694.0,2734.0,2681.0,2688.0,2688.0,1914.0,820.0,1885.0,809.0
0.0,5514.0,2699.0,2734.0,2688.0,2699.0,2699.0,1914.0,820.0,1889.0,810.0
0.0,5503.0,2759.0,2735.0,2699.0,2762.0,2762.0,1914.0,821.0,1931.0,828.0
0.0,5443.0,2760.0,2737.0,2762.0,2766.0,2766.0,1916.0,821.0,1931.0,829.0
0.0,5445.0,2767.0,2737.0,2766.0,2767.0,2767.0,1916.0,821.0,1938.0,829.0
0.0,5444.0,2787.0,2739.0,2767.0,2793.0,2793.0,1917.0,822.0,1952.0,835.0
0.0,5424.0,2726.0,2739.0,2793.0,2726.0,2726.0,1917.0,822.0,1907.0,819.0
0.0,5491.0,2765.0,2737.0,2726.0,2759.0,2759.0,1916.0,821.0,1935.0,830.0
0.0,5452.0,2797.0,2739.0,2759.0,2803.0,2803.0,1917.0,822.0,1959.0,838.0
0.0,5414.0,2839.0,2742.0,2803.0,2848.0,2848.0,1919.0,823.0,1987.0,852.0
0.0,5378.0,2772.0,2743.0,2848.0,2775.0,2775.0,1920.0,823.0,1941.0,831.0
0.0,5454.0,2863.0,2745.0,2775.0,2869.0,2869.0,1921.0,824.0,2003.0,860.0
0.0,5366.0,2812.0,2746.0,2869.0,2815.0,2815.0,1922.0,824.0,1969.0,843.0
0.0,5423.0,2741.0,2746.0,2815.0,2741.0,2741.0,1922.0,824.0,1919.0,822.0
0.0,5497.0,2742.0,2747.0,2741.0,2745.0,2745.0,1923.0,824.0,1917.0,825.0
0.0,5496.0,2730.0,2747.0,2745.0,2730.0,2730.0,1923.0,824.0,1911.0,819.0
0.0,5511.0,2881.0,2751.0,2730.0,2893.0,2893.0,1926.0,825.0,2017.0,864.0
0.0,5360.0,2873.0,2755.0,2893.0,2885.0,2885.0,1928.0,827.0,2012.0,861.0
0.0,5380.0,2730.0,2754.0,2885.0,2727.0,2727.0,1928.0,826.0,1910.0,820.0
0.0,5535.0,2764.0,2754.0,2727.0,2764.0,2764.0,1928.0,826.0,1935.0,829.0
0.0,5498.0,2782.0,2756.0,2764.0,2788.0,2788.0,1929.0,827.0,1948.0,834.0
0.0,5480.0,2709.0,2755.0,2788.0,2706.0,2706.0,1928.0,827.0,1896.0,813.0
0.0,5559.0,2723.0,2755.0,2706.0,2723.0,2723.0,1928.0,827.0,1906.0,817.0
0.0,5542.0,2782.0,2757.0,2723.0,2788.0,2788.0,1930.0,827.0,1946.0,836.0
0.0,5483.0,2815.0,2760.0,2788.0,2824.0,2824.0,1932.0,828.0,1972.0,843.0
0.0,5456.0,2810.0,2761.0,2824.0,2813.0,2813.0,1933.0,828.0,1966.0,844.0
0.0,5470.0,2798.0,2761.0,2813.0,2798.0,2798.0,1933.0,828.0,1959.0,839.0
0.0,5485.0,2786.0,2762.0,2798.0,2789.0,2789.0,1933.0,829.0,1950.0,836.0
0.0,5497.0,2750.0,2762.0,2789.0,2750.0,2750.0,1933.0,829.0,1925.0,825.0
0.0,5536.0,2772.0,2762.0,2750.0,2772.0,2772.0,1933.0,829.0,1941.0,831.0
0.0,5514.0,2818.0,2764.0,2772.0,2824.0,2824.0,1935.0,829.0,1971.0,847.0
0.0,5468.0,2852.0,2766.0,2824.0,2858.0,2858.0,1936.0,830.0,1998.0,854.0
0.0,5440.0,2843.0,2769.0,2858.0,2852.0,2852.0,1938.0,831.0,1989.0,854.0
0.0,5455.0,2712.0,2766.0,2852.0,2703.0,2703.0,1936.0,830.0,1900.0,812.0
0.0,5595.0,2727.0,2764.0,2703.0,2721.0,2721.0,1935.0,829.0,1908.0,819.0
0.0,5571.0,2776.0,2765.0,2721.0,2779.0,2779.0,1935.0,830.0,1943.0,833.0
0.0,5516.0,2744.0,2765.0,2779.0,2744.0,2744.0,1935.0,830.0,1921.0,823.0
0.0,5551.0,2839.0,2767.0,2744.0,2845.0,2845.0,1937.0,830.0,1987.0,852.0
0.0,5456.0,2797.0,2769.0,2845.0,2803.0,2803.0,1938.0,831.0,1958.0,839.0
0.0,5504.0,2779.0,2770.0,2803.0,2782.0,2782.0,1939.0,831.0,1945.0,834.0
0.0,5528.0,2796.0,2771.0,2782.0,2799.0,2799.0,1940.0,831.0,1957.0,839.0
0.0,5514.0,2749.0,2770.0,2799.0,2746.0,2746.0,1939.0,831.0,1924.0,825.0
0.0,5564.0,2730.0,2769.0,2746.0,2727.0,2727.0,1938.0,831.0,1912.0,818.0
0.0,5580.0,2747.0,2769.0,2727.0,2747.0,2747.0,1938.0,831.0,1923.0,824.0
0.0,5560.0,2859.0,2772.0,2747.0,2868.0,2868.0,1940.0,832.0,2001.0,858.0
0.0,5448.0,2780.0,2774.0,2868.0,2786.0,2786.0,1942.0,832.0,1945.0,835.0
0.0,5536.0,2842.0,2776.0,2786.0,2848.0,2848.0,1943.0,833.0,1990.0,852.0
0.0,5480.0,2787.0,2775.0,2848.0,2784.0,2784.0,1942.0,833.0,1951.0,836.0
0.0,5541.0,2760.0,2775.0,2784.0,2760.0,2760.0,1942.0,833.0,1932.0,828.0
0.0,5565.0,2760.0,2774.0,2760.0,2757.0,2757.0,1942.0,832.0,1932.0,828.0
0.0,5565.0,2766.0,2777.0,2757.0,2775.0,2775.0,1944.0,833.0,1937.0,829.0
0.0,5556.0,2779.0,2779.0,2775.0,2785.0,2785.0,1945.0,834.0,1944.0,835.0
0.0,5552.0,2783.0,2780.0,2785.0,2786.0,2786.0,1946.0,834.0,1949.0,834.0
0.0,5554.0,2846.0,2783.0,2786.0,2855.0,2855.0,1948.0,835.0,1992.0,854.0
0.0,5494.0,2835.0,2784.0,2855.0,2838.0,2838.0,1949.0,835.0,1985.0,850.0
0.0,5514.0,2824.0,2786.0,2838.0,2830.0,2830.0,1950.0,836.0,1976.0,848.0
0.0,5528.0,2771.0,2786.0,2830.0,2771.0,2771.0,1950.0,836.0,1940.0,831.0
0.0,5587.0,2774.0,2786.0,2771.0,2774.0,2774.0,1950.0,836.0,1942.0,832.0
0.0,5584.0,2855.0,2787.0,2774.0,2858.0,2858.0,1951.0,836.0,1997.0,858.0
0.0,5503.0,2837.0,2789.0,2858.0,2843.0,2843.0,1952.0,837.0,1987.0,850.0
0.0,5524.0,2786.0,2789.0,2843.0,2786.0,2786.0,1952.0,837.0,1950.0,836.0
0.0,5581.0,2797.0,2788.0,2786.0,2794.0,2794.0,1952.0,836.0,1958.0,839.0
0.0,5570.0,2734.0,2787.0,2794.0,2731.0,2731.0,1951.0,836.0,1913.0,821.0
0.0,5630.0,2767.0,2786.0,2731.0,2764.0,2764.0,1950.0,836.0,1938.0,829.0
0.0,5594.0,2823.0,2786.0,2764.0,2823.0,2823.0,1950.0,836.0,1976.0,847.0
0.0,5535.0,2839.0,2787.0,2823.0,2842.0,2842.0,1951.0,836.0,1987.0,852.0
0.0,5519.0,2819.0,2789.0,2842.0,2825.0,2825.0,1952.0,837.0,1974.0,845.0
0.0,5542.0,2804.0,2790.0,2825.0,2807.0,2807.0,1953.0,837.0,1964.0,840.0
0.0,5563.0,2866.0,2790.0,2807.0,2866.0,2866.0,1953.0,837.0,2006.0,860.0
0.0,5504.0,2829.0,2790.0,2866.0,2829.0,2829.0,1953.0,837.0,1979.0,850.0
0.0,5541.0,2737.0,2790.0,2829.0,2737.0,2737.0,1953.0,837.0,1916.0,821.0
0.0,5633.0,2754.0,2790.0,2737.0,2754.0,2754.0,1953.0,837.0,1928.0,826.0
0.0,5616.0,2824.0,2790.0,2754.0,2824.0,2824.0,1953.0,837.0,1978.0,846.0
0.0,5546.0,2898.0,2794.0,2824.0,2910.0,2910.0,1956.0,838.0,2026.0,872.0
0.0,5472.0,2843.0,2796.0,2910.0,2849.0,2849.0,1957.0,839.0,1992.0,851.0
0.0,5539.0,2828.0,2797.0,2849.0,2831.0,2831.0,1958.0,839.0,1980.0,848.0
0.0,5560.0,2803.0,2797.0,2831.0,2803.0,2803.0,1958.0,839.0,1962.0,841.0
0.0,5588.0,2716.0,2794.0,2803.0,2707.0,2707.0,1956.0,838.0,1900.0,816.0
0.0,5675.0,2816.0,2796.0,2707.0,2822.0,2822.0,1957.0,839.0,1971.0,845.0
0.0,5566.0,2864.0,2797.0,2822.0,2867.0,2867.0,1958.0,839.0,2006.0,858.0
0.0,5524.0,2855.0,2799.0,2867.0,2861.0,2861.0,1959.0,840.0,1998.0,857.0
0.0,5536.0,2796.0,2800.0,2861.0,2799.0,2799.0,1960.0,840.0,1957.0,839.0
0.0,5601.0,2841.0,2800.0,2799.0,2841.0,2841.0,1960.0,840.0,1989.0,852.0
0.0,5559.0,2727.0,2797.0,2841.0,2718.0,2718.0,1958.0,839.0,1908.0,819.0
0.0,5673.0,2723.0,2796.0,2718.0,2720.0,2720.0,1957.0,839.0,1906.0,817.0
0.0,5668.0,2839.0,2797.0,2720.0,2842.0,2842.0,1958.0,839.0,1987.0,852.0
0.0,5549.0,2840.0,2800.0,2842.0,2849.0,2849.0,1960.0,840.0,1989.0,851.0
0.0,5551.0,2826.0,2800.0,2849.0,2826.0,2826.0,1960.0,840.0,1977.0,849.0
0.0,5574.0,2796.0,2801.0,2826.0,2799.0,2799.0,1961.0,840.0,1958.0,838.0
0.0,5604.0,2788.0,2800.0,2799.0,2785.0,2785.0,1960.0,840.0,1951.0,837.0
0.0,5615.0,2734.0,2800.0,2785.0,2734.0,2734.0,1960.0,840.0,1915.0,819.0
0.0,5666.0,2819.0,2800.0,2734.0,2819.0,2819.0,1960.0,840.0,1972.0,847.0
0.0,5581.0,2809.0,2800.0,2819.0,2809.0,2809.0,1960.0,840.0,1966.0,843.0
0.0,5591.0,2786.0,2801.0,2809.0,2789.0,2789.0,1961.0,840.0,1951.0,835.0
0.0,5614.0,2901.0,2804.0,2789.0,2910.0,2910.0,1963.0,841.0,2030.0,871.0
0.0,5502.0,2835.0,2806.0,2910.0,2841.0,2841.0,1964.0,842.0,1985.0,850.0
0.0,5577.0,2770.0,2804.0,2841.0,2764.0,2764.0,1963.0,841.0,1938.0,832.0
0.0,5648.0,2785.0,2804.0,2764.0,2785.0,2785.0,1963.0,841.0,1949.0,836.0
0.0,5627.0,2758.0,2803.0,2785.0,2755.0,2755.0,1962.0,841.0,1932.0,826.0
0.0,5654.0,2773.0,2803.0,2755.0,2773.0,2773.0,1962.0,841.0,1941.0,832.0
0.0,5636.0,2869.0,2804.0,2773.0,2872.0,2872.0,1963.0,841.0,2007.0,862.0
0.0,5540.0,2892.0,2807.0,2872.0,2901.0,2901.0,1965.0,842.0,2024.0,868.0
0.0,5520.0,2813.0,2809.0,2901.0,2819.0,2819.0,1966.0,843.0,1969.0,844.0
0.0,5608.0,2849.0,2810.0,2819.0,2852.0,2852.0,1967.0,843.0,1995.0,854.0
0.0,5578.0,2825.0,2810.0,2852.0,2825.0,2825.0,1967.0,843.0,1976.0,849.0
0.0,5605.0,2806.0,2810.0,2825.0,2806.0,2806.0,1967.0,843.0,1966.0,840.0
0.0,5624.0,2824.0,2809.0,2806.0,2821.0,2821.0,1966.0,843.0,1976.0,848.0
0.0,5606.0,2943.0,2812.0,2821.0,2952.0,2952.0,1968.0,844.0,2060.0,883.0
0.0,5484.0,2833.0,2813.0,2952.0,2836.0,2836.0,1969.0,844.0,1984.0,849.0
0.0,5603.0,2874.0,2814.0,2836.0,2877.0,2877.0,1970.0,844.0,2011.0,863.0
0.0,5565.0,2810.0,2814.0,2877.0,2810.0,2810.0,1970.0,844.0,1967.0,843.0
0.0,5632.0,2890.0,2815.0,2810.0,2893.0,2893.0,1970.0,845.0,2023.0,867.0
0.0,5552.0,2826.0,2816.0,2893.0,2829.0,2829.0,1971.0,845.0,1979.0,847.0
0.0,5619.0,2889.0,2817.0,2829.0,2892.0,2892.0,1972.0,845.0,2021.0,868.0
0.0,5559.0,2873.0,2820.0,2892.0,2882.0,2882.0,1974.0,846.0,2011.0,862.0
0.0,5578.0,2843.0,2822.0,2882.0,2849.0,2849.0,1975.0,847.0,1991.0,852.0
0.0,5617.0,2878.0,2823.0,2849.0,2881.0,2881.0,1976.0,847.0,2015.0,863.0
0.0,5588.0,2799.0,2822.0,2881.0,2796.0,2796.0,1975.0,847.0,1959.0,840.0
0.0,5670.0,2857.0,2823.0,2796.0,2860.0,2860.0,1976.0,847.0,2000.0,857.0
0.0,5609.0,2823.0,2823.0,2860.0,2823.0,2823.0,1976.0,847.0,1977.0,846.0
0.0,5646.0,2816.0,2822.0,2823.0,2813.0,2813.0,1975.0,847.0,1970.0,846.0
0.0,5653.0,2857.0,2823.0,2813.0,2860.0,2860.0,1976.0,847.0,2000.0,857.0
0.0,5609.0,2878.0,2826.0,2860.0,2887.0,2887.0,1978.0,848.0,2014.0,864.0
0.0,5591.0,2827.0,2827.0,2887.0,2830.0,2830.0,1979.0,848.0,1980.0,847.0
0.0,5651.0,2783.0,2826.0,2830.0,2780.0,2780.0,1978.0,848.0,1948.0,835.0
0.0,5698.0,2820.0,2824.0,2780.0,2814.0,2814.0,1977.0,847.0,1973.0,847.0
0.0,5658.0,2807.0,2823.0,2814.0,2804.0,2804.0,1976.0,847.0,1964.0,843.0
0.0,5665.0,2882.0,2825.0,2804.0,2888.0,2888.0,1977.0,848.0,2018.0,864.0
0.0,5587.0,2840.0,2826.0,2888.0,2843.0,2843.0,1978.0,848.0,1989.0,851.0
0.0,5635.0,2816.0,2827.0,2843.0,2819.0,2819.0,1979.0,848.0,1970.0,846.0
0.0,5662.0,2895.0,2829.0,2819.0,2901.0,2901.0,1980.0,849.0,2027.0,868.0
0.0,5586.0,2850.0,2829.0,2901.0,2850.0,2850.0,1980.0,849.0,1995.0,855.0
0.0,5637.0,2853.0,2829.0,2850.0,2853.0,2853.0,1980.0,849.0,1997.0,856.0
0.0,5634.0,2836.0,2829.0,2853.0,2836.0,2836.0,1980.0,849.0,1985.0,851.0
0.0,5651.0,2804.0,2829.0,2836.0,2804.0,2804.0,1980.0,849.0,1963.0,841.0
0.0,5683.0,2947.0,2833.0,2804.0,2959.0,2959.0,1983.0,850.0,2063.0,884.0
0.0,5540.0,2860.0,2836.0,2959.0,2869.0,2869.0,1985.0,851.0,2001.0,859.0
0.0,5639.0,2875.0,2836.0,2869.0,2875.0,2875.0,1985.0,851.0,2013.0,862.0
0.0,5633.0,2833.0,2836.0,2875.0,2833.0,2833.0,1985.0,851.0,1983.0,850.0
0.0,5675.0,2879.0,2837.0,2833.0,2882.0,2882.0,1986.0,851.0,2013.0,866.0
0.0,5629.0,2859.0,2839.0,2882.0,2865.0,2865.0,1987.0,852.0,2002.0,857.0
0.0,5652.0,2853.0,2840.0,2865.0,2856.0,2856.0,1988.0,852.0,1998.0,855.0
0.0,5664.0,2883.0,2843.0,2856.0,2892.0,2892.0,1990.0,853.0,2018.0,865.0
0.0,5637.0,2929.0,2844.0,2892.0,2932.0,2932.0,1991.0,853.0,2049.0,880.0
0.0,5600.0,2866.0,2846.0,2932.0,2872.0,2872.0,1992.0,854.0,2007.0,859.0
0.0,5666.0,2830.0,2846.0,2872.0,2830.0,2830.0,1992.0,854.0,1982.0,848.0
0.0,5708.0,2797.0,2844.0,2830.0,2791.0,2791.0,1991.0,853.0,1956.0,841.0
0.0,5741.0,2855.0,2845.0,2791.0,2858.0,2858.0,1991.0,854.0,1999.0,856.0
0.0,5677.0,2826.0,2846.0,2858.0,2829.0,2829.0,1992.0,854.0,1978.0,848.0
0.0,5709.0,2878.0,2847.0,2829.0,2881.0,2881.0,1993.0,854.0,2014.0,864.0
0.0,5660.0,2879.0,2850.0,2881.0,2888.0,2888.0,1995.0,855.0,2016.0,863.0
0.0,5662.0,2882.0,2852.0,2888.0,2888.0,2888.0,1996.0,856.0,2016.0,866.0
0.0,5668.0,2833.0,2852.0,2888.0,2833.0,2833.0,1996.0,856.0,1983.0,850.0
0.0,5723.0,2796.0,2850.0,2833.0,2790.0,2790.0,1995.0,855.0,1958.0,838.0
0.0,5760.0,2857.0,2850.0,2790.0,2857.0,2857.0,1995.0,855.0,2001.0,856.0
0.0,5693.0,2875.0,2851.0,2857.0,2878.0,2878.0,1996.0,855.0,2010.0,865.0
0.0,5675.0,2889.0,2852.0,2878.0,2892.0,2892.0,1996.0,856.0,2023.0,866.0
0.0,5664.0,2850.0,2853.0,2892.0,2853.0,2853.0,1997.0,856.0,1995.0,855.0
0.0,5706.0,2917.0,2855.0,2853.0,2923.0,2923.0,1998.0,857.0,2041.0,876.0
0.0,5642.0,2888.0,2854.0,2923.0,2885.0,2885.0,1998.0,856.0,2024.0,864.0
0.0,5677.0,2886.0,2855.0,2885.0,2889.0,2889.0,1998.0,857.0,2019.0,867.0
0.0,5676.0,2916.0,2856.0,2889.0,2919.0,2919.0,1999.0,857.0,2041.0,875.0
0.0,5649.0,2879.0,2857.0,2919.0,2882.0,2882.0,2000.0,857.0,2016.0,863.0
0.0,5689.0,2889.0,2857.0,2882.0,2889.0,2889.0,2000.0,857.0,2022.0,867.0
0.0,5682.0,2946.0,2859.0,2889.0,2952.0,2952.0,2001.0,858.0,2062.0,884.0
0.0,5625.0,2880.0,2859.0,2952.0,2880.0,2880.0,2001.0,858.0,2016.0,864.0
0.0,5697.0,2893.0,2860.0,2880.0,2896.0,2896.0,2002.0,858.0,2025.0,868.0
0.0,5684.0,2788.0,2859.0,2896.0,2785.0,2785.0,2001.0,858.0,1951.0,837.0
0.0,5792.0,2887.0,2859.0,2785.0,2887.0,2887.0,2001.0,858.0,2021.0,866.0
0.0,5690.0,2867.0,2860.0,2887.0,2870.0,2870.0,2002.0,858.0,2008.0,859.0
0.0,5710.0,2869.0,2860.0,2870.0,2869.0,2869.0,2002.0,858.0,2008.0,861.0
0.0,5711.0,2892.0,2862.0,2869.0,2898.0,2898.0,2003.0,859.0,2023.0,869.0
0.0,5688.0,2858.0,2862.0,2898.0,2858.0,2858.0,2003.0,859.0,2001.0,857.0
0.0,5728.0,2849.0,2862.0,2858.0,2849.0,2849.0,2003.0,859.0,1994.0,855.0
0.0,5737.0,2830.0,2861.0,2849.0,2827.0,2827.0,2003.0,858.0,1980.0,850.0
0.0,5756.0,2830.0,2861.0,2827.0,2830.0,2830.0,2003.0,858.0,1981.0,849.0
0.0,5753.0,2872.0,2863.0,2830.0,2878.0,2878.0,2004.0,859.0,2011.0,861.0
0.0,5711.0,2847.0,2863.0,2878.0,2847.0,2847.0,2004.0,859.0,1994.0,853.0
0.0,5742.0,2918.0,2866.0,2847.0,2927.0,2927.0,2006.0,860.0,2041.0,877.0
0.0,5671.0,2912.0,2866.0,2927.0,2912.0,2912.0,2006.0,860.0,2039.0,873.0
0.0,5686.0,2859.0,2866.0,2912.0,2859.0,2859.0,2006.0,860.0,2001.0,858.0
0.0,5739.0,2819.0,2866.0,2859.0,2819.0,2819.0,2006.0,860.0,1973.0,846.0
0.0,5779.0,2849.0,2866.0,2819.0,2849.0,2849.0,2006.0,860.0,1993.0,856.0
0.0,5749.0,2808.0,2865.0,2849.0,2805.0,2805.0,2005.0,860.0,1966.0,842.0
0.0,5790.0,2924.0,2866.0,2805.0,2927.0,2927.0,2006.0,860.0,2048.0,876.0
0.0,5671.0,2942.0,2869.0,2927.0,2951.0,2951.0,2008.0,861.0,2058.0,884.0
0.0,5656.0,2850.0,2869.0,2951.0,2850.0,2850.0,2008.0,861.0,1996.0,854.0
0.0,5757.0,2897.0,2869.0,2850.0,2897.0,2897.0,2008.0,861.0,2027.0,870.0
0.0,5710.0,2823.0,2867.0,2897.0,2817.0,2817.0,2007.0,860.0,1976.0,847.0
0.0,5784.0,2843.0,2867.0,2817.0,2843.0,2843.0,2007.0,860.0,1989.0,854.0
0.0,5758.0,2923.0,2869.0,2843.0,2929.0,2929.0,2008.0,861.0,2048.0,875.0
0.0,5678.0,2907.0,2869.0,2929.0,2907.0,2907.0,2008.0,861.0,2035.0,872.0
0.0,5700.0,2921.0,2870.0,2907.0,2924.0,2924.0,2009.0,861.0,2043.0,878.0
0.0,5686.0,2929.0,2872.0,2924.0,2935.0,2935.0,2010.0,862.0,2051.0,878.0
0.0,5681.0,2844.0,2871.0,2935.0,2841.0,2841.0,2010.0,861.0,1990.0,854.0
0.0,5772.0,2896.0,2870.0,2841.0,2893.0,2893.0,2009.0,861.0,2027.0,869.0
0.0,5717.0,2828.0,2870.0,2893.0,2828.0,2828.0,2009.0,861.0,1980.0,848.0
0.0,5782.0,2910.0,2871.0,2828.0,2913.0,2913.0,2010.0,861.0,2038.0,872.0
0.0,5700.0,2889.0,2873.0,2913.0,2895.0,2895.0,2011.0,862.0,2023.0,866.0
0.0,5724.0,2943.0,2874.0,2895.0,2946.0,2946.0,2012.0,862.0,2059.0,884.0
0.0,5676.0,2870.0,2876.0,2946.0,2876.0,2876.0,2013.0,863.0,2010.0,860.0
0.0,5752.0,2899.0,2876.0,2876.0,2899.0,2899.0,2013.0,863.0,2029.0,870.0
0.0,5729.0,2857.0,2876.0,2899.0,2857.0,2857.0,2013.0,863.0,2000.0,857.0
0.0,5771.0,2878.0,2876.0,2857.0,2878.0,2878.0,2013.0,863.0,2015.0,863.0
0.0,5750.0,2893.0,2877.0,2878.0,2896.0,2896.0,2014.0,863.0,2023.0,870.0
0.0,5735.0,2940.0,2879.0,2896.0,2946.0,2946.0,2015.0,864.0,2060.0,880.0
0.0,5691.0,2897.0,2880.0,2946.0,2900.0,2900.0,2016.0,864.0,2027.0,870.0
0.0,5740.0,2899.0,2880.0,2900.0,2899.0,2899.0,2016.0,864.0,2029.0,870.0
0.0,5741.0,2857.0,2880.0,2899.0,2857.0,2857.0,2016.0,864.0,2000.0,857.0
0.0,5783.0,2837.0,2880.0,2857.0,2837.0,2837.0,2016.0,864.0,1988.0,849.0
0.0,5803.0,2820.0,2877.0,2837.0,2811.0,2811.0,2014.0,863.0,1972.0,848.0
0.0,5820.0,2917.0,2879.0,2811.0,2923.0,2923.0,2015.0,864.0,2043.0,874.0
0.0,5714.0,2923.0,2879.0,2923.0,2923.0,2923.0,2015.0,864.0,2046.0,877.0
0.0,5714.0,2902.0,2879.0,2923.0,2902.0,2902.0,2015.0,864.0,2031.0,871.0
0.0,5735.0,2930.0,2880.0,2902.0,2933.0,2933.0,2016.0,864.0,2050.0,880.0
0.0,5707.0,2887.0,2880.0,2933.0,2887.0,2887.0,2016.0,864.0,2021.0,866.0
0.0,5753.0,2877.0,2879.0,2887.0,2874.0,2874.0,2015.0,864.0,2015.0,862.0
0.0,5763.0,2842.0,2877.0,2874.0,2836.0,2836.0,2014.0,863.0,1989.0,853.0
0.0,5795.0,2953.0,2879.0,2836.0,2959.0,2959.0,2015.0,864.0,2067.0,886.0
0.0,5678.0,2922.0,2881.0,2959.0,2928.0,2928.0,2017.0,864.0,2045.0,877.0
0.0,5715.0,2923.0,2882.0,2928.0,2926.0,2926.0,2017.0,865.0,2046.0,877.0
0.0,5720.0,2959.0,2884.0,2926.0,2965.0,2965.0,2019.0,865.0,2071.0,888.0
0.0,5687.0,2926.0,2885.0,2965.0,2929.0,2929.0,2019.0,866.0,2048.0,878.0
0.0,5726.0,2849.0,2884.0,2929.0,2846.0,2846.0,2019.0,865.0,1994.0,855.0
0.0,5806.0,2904.0,2886.0,2846.0,2910.0,2910.0,2020.0,866.0,2034.0,870.0
0.0,5748.0,2874.0,2886.0,2910.0,2874.0,2874.0,2020.0,866.0,2012.0,862.0
0.0,5784.0,2969.0,2888.0,2874.0,2975.0,2975.0,2022.0,866.0,2078.0,891.0
0.0,5689.0,2959.0,2890.0,2975.0,2965.0,2965.0,2023.0,867.0,2070.0,889.0
0.0,5705.0,2922.0,2892.0,2965.0,2928.0,2928.0,2024.0,868.0,2046.0,876.0
0.0,5748.0,2862.0,2892.0,2928.0,2862.0,2862.0,2024.0,868.0,2003.0,859.0
0.0,5814.0,2844.0,2890.0,2862.0,2838.0,2838.0,2023.0,867.0,1990.0,854.0
0.0,5832.0,2864.0,2890.0,2838.0,2864.0,2864.0,2023.0,867.0,2007.0,857.0
0.0,5806.0,2909.0,2890.0,2864.0,2909.0,2909.0,2023.0,867.0,2034.0,875.0
0.0,5761.0,2890.0,2892.0,2909.0,2896.0,2896.0,2024.0,868.0,2024.0,866.0
0.0,5780.0,2976.0,2894.0,2896.0,2982.0,2982.0,2026.0,868.0,2083.0,893.0
0.0,5700.0,2935.0,2897.0,2982.0,2944.0,2944.0,2028.0,869.0,2053.0,882.0
0.0,5747.0,2882.0,2896.0,2944.0,2879.0,2879.0,2027.0,869.0,2019.0,863.0
0.0,5809.0,2909.0,2896.0,2879.0,2909.0,2909.0,2027.0,869.0,2036.0,873.0
0.0,5779.0,2912.0,2897.0,2909.0,2915.0,2915.0,2028.0,869.0,2036.0,876.0
0.0,5776.0,2923.0,2897.0,2915.0,2923.0,2923.0,2028.0,869.0,2047.0,876.0
0.0,5768.0,2952.0,2900.0,2923.0,2961.0,2961.0,2030.0,870.0,2067.0,885.0
0.0,5739.0,2927.0,2901.0,2961.0,2930.0,2930.0,2031.0,870.0,2048.0,879.0
0.0,5773.0,2840.0,2900.0,2930.0,2837.0,2837.0,2030.0,870.0,1989.0,851.0
0.0,5863.0,2870.0,2899.0,2837.0,2867.0,2867.0,2029.0,870.0,2009.0,861.0
0.0,5830.0,2867.0,2897.0,2867.0,2861.0,2861.0,2028.0,869.0,2006.0,861.0
0.0,5830.0,2907.0,2897.0,2861.0,2907.0,2907.0,2028.0,869.0,2035.0,872.0
0.0,5784.0,2954.0,2900.0,2907.0,2963.0,2963.0,2030.0,870.0,2069.0,885.0
0.0,5737.0,2922.0,2900.0,2963.0,2922.0,2922.0,2030.0,870.0,2044.0,878.0
0.0,5778.0,3035.0,2904.0,2922.0,3047.0,3047.0,2033.0,871.0,2124.0,911.0
0.0,5665.0,2980.0,2906.0,3047.0,2986.0,2986.0,2034.0,872.0,2087.0,893.0
0.0,5732.0,2888.0,2906.0,2986.0,2888.0,2888.0,2034.0,872.0,2022.0,866.0
0.0,5830.0,2891.0,2904.0,2888.0,2885.0,2885.0,2033.0,871.0,2024.0,867.0
0.0,5827.0,2905.0,2905.0,2885.0,2908.0,2908.0,2033.0,872.0,2033.0,872.0
0.0,5807.0,2890.0,2905.0,2908.0,2890.0,2890.0,2033.0,872.0,2023.0,867.0
0.0,5825.0,2935.0,2906.0,2890.0,2938.0,2938.0,2034.0,872.0,2055.0,880.0
0.0,5780.0,2963.0,2907.0,2938.0,2966.0,2966.0,2035.0,872.0,2073.0,890.0
0.0,5755.0,2916.0,2909.0,2966.0,2922.0,2922.0,2036.0,873.0,2042.0,874.0
0.0,5805.0,2923.0,2908.0,2922.0,2920.0,2920.0,2036.0,872.0,2045.0,878.0
0.0,5804.0,2885.0,2907.0,2920.0,2882.0,2882.0,2035.0,872.0,2019.0,866.0
0.0,5839.0,2913.0,2908.0,2882.0,2916.0,2916.0,2036.0,872.0,2039.0,874.0
0.0,5808.0,2916.0,2909.0,2916.0,2919.0,2919.0,2036.0,873.0,2042.0,874.0
0.0,5808.0,2995.0,2912.0,2919.0,3004.0,3004.0,2038.0,874.0,2096.0,899.0
0.0,5732.0,3011.0,2916.0,3004.0,3023.0,3023.0,2041.0,875.0,2108.0,903.0
0.0,5725.0,2891.0,2916.0,3023.0,2891.0,2891.0,2041.0,875.0,2023.0,868.0
0.0,5857.0,2960.0,2916.0,2891.0,2960.0,2960.0,2041.0,875.0,2073.0,887.0
0.0,5788.0,2939.0,2917.0,2960.0,2942.0,2942.0,2042.0,875.0,2057.0,882.0
0.0,5809.0,2923.0,2917.0,2942.0,2923.0,2923.0,2042.0,875.0,2046.0,877.0
0.0,5828.0,2959.0,2919.0,2923.0,2965.0,2965.0,2043.0,876.0,2070.0,889.0
0.0,5792.0,2933.0,2919.0,2965.0,2933.0,2933.0,2043.0,876.0,2054.0,879.0
0.0,5824.0,2971.0,2922.0,2933.0,2980.0,2980.0,2045.0,877.0,2078.0,893.0
0.0,5786.0,2976.0,2922.0,2980.0,2976.0,2976.0,2045.0,877.0,2084.0,892.0
0.0,5790.0,2927.0,2922.0,2976.0,2927.0,2927.0,2045.0,877.0,2049.0,878.0
0.0,5839.0,2864.0,2921.0,2927.0,2861.0,2861.0,2045.0,876.0,2004.0,860.0
0.0,5902.0,2916.0,2920.0,2861.0,2913.0,2913.0,2044.0,876.0,2041.0,875.0
0.0,5847.0,2914.0,2920.0,2913.0,2914.0,2914.0,2044.0,876.0,2042.0,872.0
0.0,5846.0,3009.0,2923.0,2914.0,3018.0,3018.0,2046.0,877.0,2106.0,903.0
0.0,5751.0,2963.0,2924.0,3018.0,2966.0,2966.0,2047.0,877.0,2072.0,891.0
0.0,5806.0,3024.0,2927.0,2966.0,3033.0,3033.0,2049.0,878.0,2116.0,908.0
0.0,5748.0,2861.0,2925.0,3033.0,2855.0,2855.0,2047.0,878.0,2004.0,857.0
0.0,5920.0,2949.0,2925.0,2855.0,2949.0,2949.0,2047.0,878.0,2064.0,885.0
0.0,5826.0,2889.0,2924.0,2949.0,2886.0,2886.0,2047.0,877.0,2022.0,867.0
0.0,5886.0,2987.0,2927.0,2886.0,2996.0,2996.0,2049.0,878.0,2092.0,895.0
0.0,5785.0,3015.0,2930.0,2996.0,3024.0,3024.0,2051.0,879.0,2110.0,905.0
0.0,5766.0,2982.0,2932.0,3024.0,2988.0,2988.0,2052.0,880.0,2087.0,895.0
0.0,5808.0,2999.0,2934.0,2988.0,3005.0,3005.0,2054.0,880.0,2098.0,901.0
0.0,5797.0,2942.0,2935.0,3005.0,2945.0,2945.0,2054.0,881.0,2060.0,882.0
0.0,5860.0,2981.0,2935.0,2945.0,2981.0,2981.0,2054.0,881.0,2087.0,894.0
0.0,5824.0,2920.0,2934.0,2981.0,2917.0,2917.0,2054.0,880.0,2044.0,876.0
0.0,5885.0,2876.0,2934.0,2917.0,2876.0,2876.0,2054.0,880.0,2013.0,863.0
0.0,5926.0,2946.0,2936.0,2876.0,2952.0,2952.0,2055.0,881.0,2062.0,884.0
0.0,5856.0,2929.0,2936.0,2952.0,2929.0,2929.0,2055.0,881.0,2050.0,879.0
0.0,5879.0,2971.0,2937.0,2929.0,2974.0,2974.0,2056.0,881.0,2081.0,890.0
0.0,5837.0,2893.0,2936.0,2974.0,2890.0,2890.0,2055.0,881.0,2024.0,869.0
0.0,5918.0,2906.0,2935.0,2890.0,2903.0,2903.0,2054.0,881.0,2034.0,872.0
0.0,5902.0,2933.0,2937.0,2903.0,2939.0,2939.0,2056.0,881.0,2054.0,879.0
0.0,5872.0,2982.0,2939.0,2939.0,2988.0,2988.0,2057.0,882.0,2087.0,895.0
0.0,5829.0,2969.0,2941.0,2988.0,2975.0,2975.0,2059.0,882.0,2077.0,892.0
0.0,5848.0,2947.0,2942.0,2975.0,2950.0,2950.0,2059.0,883.0,2063.0,884.0
0.0,5876.0,2991.0,2943.0,2950.0,2994.0,2994.0,2060.0,883.0,2095.0,896.0
0.0,5835.0,2896.0,2942.0,2994.0,2893.0,2893.0,2059.0,883.0,2027.0,869.0
0.0,5933.0,2894.0,2939.0,2893.0,2885.0,2885.0,2057.0,882.0,2026.0,868.0
0.0,5932.0,2930.0,2939.0,2885.0,2930.0,2930.0,2057.0,882.0,2050.0,880.0
0.0,5887.0,3044.0,2941.0,2930.0,3050.0,3050.0,2059.0,882.0,2130.0,914.0
0.0,5773.0,2967.0,2943.0,3050.0,2973.0,2973.0,2060.0,883.0,2078.0,889.0
0.0,5856.0,2995.0,2944.0,2973.0,2998.0,2998.0,2061.0,883.0,2095.0,900.0
0.0,5834.0,2985.0,2946.0,2998.0,2991.0,2991.0,2062.0,884.0,2091.0,894.0
0.0,5847.0,2985.0,2947.0,2991.0,2988.0,2988.0,2063.0,884.0,2087.0,898.0
0.0,5853.0,2932.0,2947.0,2988.0,2932.0,2932.0,2063.0,884.0,2054.0,878.0
0.0,5909.0,2902.0,2946.0,2932.0,2899.0,2899.0,2062.0,884.0,2031.0,871.0
0.0,5939.0,2944.0,2947.0,2899.0,2947.0,2947.0,2063.0,884.0,2061.0,883.0
0.0,5894.0,2970.0,2949.0,2947.0,2976.0,2976.0,2064.0,885.0,2078.0,892.0
0.0,5871.0,3090.0,2952.0,2976.0,3099.0,3099.0,2066.0,886.0,2163.0,927.0
0.0,5757.0,2983.0,2953.0,3099.0,2986.0,2986.0,2067.0,886.0,2089.0,894.0
0.0,5873.0,2909.0,2952.0,2986.0,2906.0,2906.0,2066.0,886.0,2035.0,874.0
0.0,5950.0,2904.0,2949.0,2906.0,2895.0,2895.0,2064.0,885.0,2034.0,870.0
0.0,5952.0,2987.0,2951.0,2895.0,2993.0,2993.0,2066.0,885.0,2090.0,897.0
0.0,5860.0,2989.0,2952.0,2993.0,2992.0,2992.0,2066.0,886.0,2093.0,896.0
0.0,5864.0,2993.0,2953.0,2992.0,2996.0,2996.0,2067.0,886.0,2095.0,898.0
0.0,5863.0,3022.0,2955.0,2996.0,3028.0,3028.0,2068.0,887.0,2115.0,907.0
0.0,5837.0,3003.0,2956.0,3028.0,3006.0,3006.0,2069.0,887.0,2102.0,901.0
0.0,5862.0,2984.0,2957.0,3006.0,2987.0,2987.0,2070.0,887.0,2090.0,894.0
0.0,5884.0,2962.0,2956.0,2987.0,2959.0,2959.0,2069.0,887.0,2073.0,889.0
0.0,5909.0,2955.0,2956.0,2959.0,2955.0,2955.0,2069.0,887.0,2068.0,887.0
0.0,5913.0,3009.0,2957.0,2955.0,3012.0,3012.0,2070.0,887.0,2105.0,904.0
0.0,5859.0,2956.0,2959.0,3012.0,2962.0,2962.0,2071.0,888.0,2070.0,886.0
0.0,5915.0,3024.0,2961.0,2962.0,3030.0,3030.0,2073.0,888.0,2116.0,908.0
0.0,5853.0,2973.0,2963.0,3030.0,2979.0,2979.0,2074.0,889.0,2082.0,891.0
0.0,5910.0,3050.0,2963.0,2979.0,3050.0,3050.0,2074.0,889.0,2136.0,914.0
0.0,5839.0,2910.0,2963.0,3050.0,2910.0,2910.0,2074.0,889.0,2036.0,874.0
0.0,5979.0,2951.0,2961.0,2910.0,2945.0,2945.0,2073.0,888.0,2065.0,886.0
0.0,5938.0,2977.0,2963.0,2945.0,2983.0,2983.0,2074.0,889.0,2086.0,891.0
0.0,5906.0,2990.0,2964.0,2983.0,2993.0,2993.0,2075.0,889.0,2091.0,899.0
0.0,5899.0,2996.0,2966.0,2993.0,3002.0,3002.0,2076.0,890.0,2098.0,898.0
0.0,5896.0,2990.0,2966.0,3002.0,2990.0,2990.0,2076.0,890.0,2094.0,896.0
0.0,5908.0,2937.0,2964.0,2990.0,2931.0,2931.0,2075.0,889.0,2055.0,882.0
0.0,5961.0,2941.0,2964.0,2931.0,2941.0,2941.0,2075.0,889.0,2058.0,883.0
0.0,5951.0,2928.0,2963.0,2941.0,2925.0,2925.0,2074.0,889.0,2051.0,877.0
0.0,5964.0,3006.0,2963.0,2925.0,3006.0,3006.0,2074.0,889.0,2103.0,903.0
0.0,5883.0,3006.0,2964.0,3006.0,3009.0,3009.0,2075.0,889.0,2105.0,901.0
0.0,5883.0,2973.0,2966.0,3009.0,2979.0,2979.0,2076.0,890.0,2081.0,892.0
0.0,5919.0,2947.0,2966.0,2979.0,2947.0,2947.0,2076.0,890.0,2064.0,883.0
0.0,5951.0,2893.0,2966.0,2947.0,2893.0,2893.0,2076.0,890.0,2025.0,868.0
0.0,6005.0,2930.0,2966.0,2893.0,2930.0,2930.0,2076.0,890.0,2051.0,879.0
0.0,5968.0,2921.0,2964.0,2930.0,2915.0,2915.0,2075.0,889.0,2044.0,877.0
0.0,5977.0,3009.0,2967.0,2915.0,3018.0,3018.0,2077.0,890.0,2105.0,904.0
0.0,5883.0,2989.0,2969.0,3018.0,2995.0,2995.0,2078.0,891.0,2093.0,896.0
0.0,5912.0,3027.0,2970.0,2995.0,3030.0,3030.0,2079.0,891.0,2121.0,906.0
0.0,5880.0,2959.0,2970.0,3030.0,2959.0,2959.0,2079.0,891.0,2071.0,888.0
0.0,5951.0,3049.0,2971.0,2959.0,3052.0,3052.0,2080.0,891.0,2133.0,916.0
0.0,5861.0,2983.0,2972.0,3052.0,2986.0,2986.0,2080.0,892.0,2088.0,895.0
0.0,5930.0,2990.0,2972.0,2986.0,2990.0,2990.0,2080.0,892.0,2093.0,897.0
0.0,5926.0,3022.0,2974.0,2990.0,3028.0,3028.0,2082.0,892.0,2115.0,907.0
0.0,5894.0,3052.0,2977.0,3028.0,3061.0,3061.0,2084.0,893.0,2136.0,916.0
0.0,5870.0,3060.0,2980.0,3061.0,3069.0,3069.0,2086.0,894.0,2143.0,917.0
0.0,5871.0,3003.0,2979.0,3069.0,3000.0,3000.0,2085.0,894.0,2102.0,901.0
0.0,5937.0,3007.0,2980.0,3000.0,3010.0,3010.0,2086.0,894.0,2105.0,902.0
0.0,5930.0,2999.0,2980.0,3010.0,2999.0,2999.0,2086.0,894.0,2099.0,900.0
0.0,5941.0,2929.0,2979.0,2999.0,2926.0,2926.0,2085.0,894.0,2050.0,879.0
0.0,6011.0,3062.0,2980.0,2926.0,3065.0,3065.0,2086.0,894.0,2142.0,920.0
0.0,5875.0,3016.0,2982.0,3065.0,3022.0,3022.0,2087.0,895.0,2112.0,904.0
0.0,5924.0,3051.0,2984.0,3022.0,3057.0,3057.0,2089.0,895.0,2135.0,916.0
0.0,5895.0,3006.0,2986.0,3057.0,3012.0,3012.0,2090.0,896.0,2105.0,901.0
0.0,5946.0,2996.0,2987.0,3012.0,2999.0,2999.0,2091.0,896.0,2097.0,899.0
0.0,5962.0,2928.0,2983.0,2999.0,2916.0,2916.0,2088.0,895.0,2050.0,878.0
0.0,6033.0,2996.0,2983.0,2916.0,2996.0,2996.0,2088.0,895.0,2095.0,901.0
0.0,5953.0,2963.0,2984.0,2996.0,2966.0,2966.0,2089.0,895.0,2075.0,888.0
0.0,5986.0,3051.0,2987.0,2966.0,3060.0,3060.0,2091.0,896.0,2135.0,916.0
0.0,5901.0,3025.0,2989.0,3060.0,3031.0,3031.0,2092.0,897.0,2117.0,908.0
0.0,5936.0,2973.0,2987.0,3031.0,2967.0,2967.0,2091.0,896.0,2081.0,892.0
0.0,5994.0,2940.0,2987.0,2967.0,2940.0,2940.0,2091.0,896.0,2057.0,883.0
0.0,6021.0,2955.0,2986.0,2940.0,2952.0,2952.0,2090.0,896.0,2071.0,884.0
0.0,6006.0,2907.0,2984.0,2952.0,2901.0,2901.0,2089.0,895.0,2033.0,874.0
0.0,6051.0,3039.0,2985.0,2901.0,3042.0,3042.0,2089.0,896.0,2128.0,911.0
0.0,5913.0,3016.0,2986.0,3042.0,3019.0,3019.0,2090.0,896.0,2112.0,904.0
0.0,5939.0,3021.0,2987.0,3019.0,3024.0,3024.0,2091.0,896.0,2113.0,908.0
0.0,5937.0,3017.0,2987.0,3024.0,3017.0,3017.0,2091.0,896.0,2112.0,905.0
0.0,5944.0,3019.0,2989.0,3017.0,3025.0,3025.0,2092.0,897.0,2114.0,905.0
0.0,5942.0,2940.0,2987.0,3025.0,2934.0,2934.0,2091.0,896.0,2057.0,883.0
0.0,6027.0,3020.0,2987.0,2934.0,3020.0,3020.0,2091.0,896.0,2114.0,906.0
0.0,5941.0,3018.0,2987.0,3020.0,3018.0,3018.0,2091.0,896.0,2113.0,905.0
0.0,5943.0,3036.0,2990.0,3018.0,3045.0,3045.0,2093.0,897.0,2127.0,909.0
0.0,5925.0,3017.0,2991.0,3045.0,3020.0,3020.0,2094.0,897.0,2110.0,907.0
0.0,5953.0,3006.0,2992.0,3020.0,3009.0,3009.0,2094.0,898.0,2105.0,901.0
0.0,5967.0,3049.0,2993.0,3009.0,3052.0,3052.0,2095.0,898.0,2135.0,914.0
0.0,5927.0,2989.0,2993.0,3052.0,2989.0,2989.0,2095.0,898.0,2092.0,897.0
0.0,5990.0,2916.0,2991.0,2989.0,2910.0,2910.0,2094.0,897.0,2040.0,876.0
0.0,6063.0,3006.0,2993.0,2910.0,3012.0,3012.0,2095.0,898.0,2104.0,902.0
0.0,5967.0,3007.0,2993.0,3012.0,3007.0,3007.0,2095.0,898.0,2104.0,903.0
0.0,5972.0,3087.0,2997.0,3007.0,3099.0,3099.0,2098.0,899.0,2163.0,924.0
0.0,5892.0,3013.0,2997.0,3099.0,3013.0,3013.0,2098.0,899.0,2107.0,906.0
0.0,5978.0,3032.0,2997.0,3013.0,3032.0,3032.0,2098.0,899.0,2123.0,909.0
0.0,5959.0,2953.0,2997.0,3032.0,2953.0,2953.0,2098.0,899.0,2066.0,887.0
0.0,6038.0,2966.0,2997.0,2953.0,2966.0,2966.0,2098.0,899.0,2077.0,889.0
0.0,6025.0,3040.0,3000.0,2966.0,3049.0,3049.0,2100.0,900.0,2128.0,912.0
0.0,5951.0,3070.0,3003.0,3049.0,3079.0,3079.0,2102.0,901.0,2150.0,920.0
0.0,5930.0,3056.0,3006.0,3079.0,3065.0,3065.0,2104.0,902.0,2139.0,917.0
0.0,5953.0,3044.0,3006.0,3065.0,3044.0,3044.0,2104.0,902.0,2132.0,912.0
0.0,5974.0,2996.0,3006.0,3044.0,2996.0,2996.0,2104.0,902.0,2097.0,899.0
0.0,6022.0,2966.0,3005.0,2996.0,2963.0,2963.0,2103.0,902.0,2075.0,891.0
0.0,6052.0,3050.0,3007.0,2963.0,3056.0,3056.0,2105.0,902.0,2136.0,914.0
0.0,5965.0,3009.0,3006.0,3056.0,3006.0,3006.0,2104.0,902.0,2106.0,903.0
0.0,6012.0,3080.0,3007.0,3006.0,3083.0,3083.0,2105.0,902.0,2155.0,925.0
0.0,5938.0,3019.0,3009.0,3083.0,3025.0,3025.0,2106.0,903.0,2113.0,906.0
0.0,6002.0,3040.0,3009.0,3025.0,3040.0,3040.0,2106.0,903.0,2129.0,911.0
0.0,5987.0,2996.0,3007.0,3040.0,2990.0,2990.0,2105.0,902.0,2096.0,900.0
0.0,6031.0,2978.0,3006.0,2990.0,2975.0,2975.0,2104.0,902.0,2086.0,892.0
0.0,6043.0,2976.0,3006.0,2975.0,2976.0,2976.0,2104.0,902.0,2083.0,893.0
0.0,6042.0,2974.0,3005.0,2976.0,2971.0,2971.0,2103.0,902.0,2081.0,893.0
0.0,6044.0,3062.0,3006.0,2971.0,3065.0,3065.0,2104.0,902.0,2144.0,918.0
0.0,5953.0,3108.0,3010.0,3065.0,3120.0,3120.0,2107.0,903.0,2175.0,933.0
0.0,5910.0,3078.0,3010.0,3120.0,3078.0,3078.0,2107.0,903.0,2153.0,925.0
0.0,5952.0,2939.0,3009.0,3078.0,2936.0,2936.0,2106.0,903.0,2058.0,881.0
0.0,6091.0,2966.0,3007.0,2936.0,2960.0,2960.0,2105.0,902.0,2075.0,891.0
0.0,6061.0,3010.0,3007.0,2960.0,3010.0,3010.0,2105.0,902.0,2107.0,903.0
0.0,6011.0,3017.0,3007.0,3010.0,3017.0,3017.0,2105.0,902.0,2112.0,905.0
0.0,6004.0,3076.0,3010.0,3017.0,3085.0,3085.0,2107.0,903.0,2153.0,923.0
0.0,5945.0,3047.0,3011.0,3085.0,3050.0,3050.0,2108.0,903.0,2134.0,913.0
0.0,5983.0,3072.0,3013.0,3050.0,3078.0,3078.0,2109.0,904.0,2149.0,923.0
0.0,5961.0,2968.0,3012.0,3078.0,2965.0,2965.0,2108.0,904.0,2079.0,889.0
0.0,6071.0,3016.0,3011.0,2965.0,3013.0,3013.0,2108.0,903.0,2111.0,905.0
0.0,6020.0,2990.0,3012.0,3013.0,2993.0,2993.0,2108.0,904.0,2093.0,897.0
0.0,6043.0,3066.0,3014.0,2993.0,3072.0,3072.0,2110.0,904.0,2146.0,920.0
0.0,5970.0,3073.0,3016.0,3072.0,3079.0,3079.0,2111.0,905.0,2152.0,921.0
0.0,5969.0,3096.0,3020.0,3079.0,3108.0,3108.0,2114.0,906.0,2168.0,928.0
0.0,5952.0,3084.0,3021.0,3108.0,3087.0,3087.0,2115.0,906.0,2157.0,927.0
0.0,5976.0,3036.0,3021.0,3087.0,3036.0,3036.0,2115.0,906.0,2125.0,911.0
0.0,6027.0,3105.0,3023.0,3036.0,3111.0,3111.0,2116.0,907.0,2175.0,930.0
0.0,5958.0,2991.0,3023.0,3111.0,2991.0,2991.0,2116.0,907.0,2093.0,898.0
0.0,6078.0,3017.0,3023.0,2991.0,3017.0,3017.0,2116.0,907.0,2112.0,905.0
0.0,6052.0,3135.0,3026.0,3017.0,3144.0,3144.0,2118.0,908.0,2195.0,940.0
0.0,5934.0,3019.0,3026.0,3144.0,3019.0,3019.0,2118.0,908.0,2113.0,906.0
0.0,6059.0,3087.0,3027.0,3019.0,3090.0,3090.0,2119.0,908.0,2160.0,927.0
0.0,5991.0,3043.0,3027.0,3090.0,3043.0,3043.0,2119.0,908.0,2130.0,913.0
0.0,6038.0,3003.0,3027.0,3043.0,3003.0,3003.0,2119.0,908.0,2102.0,901.0
0.0,6078.0,3039.0,3028.0,3003.0,3042.0,3042.0,2120.0,908.0,2127.0,912.0
0.0,6042.0,3066.0,3029.0,3042.0,3069.0,3069.0,2120.0,909.0,2146.0,920.0
0.0,6018.0,3083.0,3030.0,3069.0,3086.0,3086.0,2121.0,909.0,2160.0,923.0
0.0,6004.0,3081.0,3033.0,3086.0,3090.0,3090.0,2123.0,910.0,2156.0,925.0
0.0,6009.0,3127.0,3036.0,3090.0,3136.0,3136.0,2125.0,911.0,2188.0,939.0
0.0,5972.0,3007.0,3036.0,3136.0,3007.0,3007.0,2125.0,911.0,2105.0,902.0
0.0,6101.0,2986.0,3033.0,3007.0,2977.0,2977.0,2123.0,910.0,2089.0,897.0
0.0,6122.0,3073.0,3034.0,2977.0,3076.0,3076.0,2124.0,910.0,2152.0,921.0
0.0,6026.0,3013.0,3034.0,3076.0,3013.0,3013.0,2124.0,910.0,2109.0,904.0
0.0,6089.0,3165.0,3039.0,3013.0,3180.0,3180.0,2127.0,912.0,2215.0,950.0
0.0,5937.0,3052.0,3040.0,3180.0,3055.0,3055.0,2128.0,912.0,2137.0,915.0
0.0,6065.0,3069.0,3040.0,3055.0,3069.0,3069.0,2128.0,912.0,2147.0,922.0
0.0,6051.0,3124.0,3042.0,3069.0,3130.0,3130.0,2129.0,913.0,2188.0,936.0
0.0,5996.0,3067.0,3042.0,3130.0,3067.0,3067.0,2129.0,913.0,2147.0,920.0
0.0,6059.0,3063.0,3043.0,3067.0,3066.0,3066.0,2130.0,913.0,2144.0,919.0
0.0,6063.0,3056.0,3043.0,3066.0,3056.0,3056.0,2130.0,913.0,2140.0,916.0
0.0,6073.0,3071.0,3046.0,3056.0,3080.0,3080.0,2132.0,914.0,2148.0,923.0
0.0,6058.0,3057.0,3046.0,3080.0,3057.0,3057.0,2132.0,914.0,2140.0,917.0
0.0,6081.0,3019.0,3046.0,3057.0,3019.0,3019.0,2132.0,914.0,2113.0,906.0
0.0,6119.0,2984.0,3044.0,3019.0,2978.0,2978.0,2131.0,913.0,2088.0,896.0
0.0,6154.0,3082.0,3046.0,2978.0,3088.0,3088.0,2132.0,914.0,2158.0,924.0
0.0,6050.0,3013.0,3045.0,3088.0,3010.0,3010.0,2131.0,914.0,2109.0,904.0
0.0,6125.0,3022.0,3046.0,3010.0,3025.0,3025.0,2132.0,914.0,2115.0,907.0
0.0,6113.0,3077.0,3047.0,3025.0,3080.0,3080.0,2133.0,914.0,2153.0,924.0
0.0,6061.0,3143.0,3050.0,3080.0,3152.0,3152.0,2135.0,915.0,2202.0,941.0
0.0,5998.0,3102.0,3053.0,3152.0,3111.0,3111.0,2137.0,916.0,2171.0,931.0
0.0,6048.0,3070.0,3053.0,3111.0,3070.0,3070.0,2137.0,916.0,2149.0,921.0
0.0,6089.0,3004.0,3051.0,3070.0,2998.0,2998.0,2136.0,915.0,2102.0,902.0
0.0,6155.0,3021.0,3050.0,2998.0,3018.0,3018.0,2135.0,915.0,2116.0,905.0
0.0,6132.0,3083.0,3053.0,3018.0,3092.0,3092.0,2137.0,916.0,2158.0,925.0
0.0,6067.0,3122.0,3056.0,3092.0,3131.0,3131.0,2139.0,917.0,2185.0,937.0
0.0,6037.0,3141.0,3058.0,3131.0,3147.0,3147.0,2141.0,917.0,2198.0,943.0
0.0,6027.0,3074.0,3059.0,3147.0,3077.0,3077.0,2141.0,918.0,2152.0,922.0
0.0,6100.0,3080.0,3060.0,3077.0,3083.0,3083.0,2142.0,918.0,2157.0,923.0
0.0,6097.0,3032.0,3059.0,3083.0,3029.0,3029.0,2141.0,918.0,2121.0,911.0
0.0,6148.0,3064.0,3059.0,3029.0,3064.0,3064.0,2141.0,918.0,2145.0,919.0
0.0,6113.0,3060.0,3060.0,3064.0,3063.0,3063.0,2142.0,918.0,2143.0,917.0
0.0,6117.0,3077.0,3062.0,3063.0,3083.0,3083.0,2143.0,919.0,2153.0,924.0
0.0,6103.0,3182.0,3066.0,3083.0,3194.0,3194.0,2146.0,920.0,2228.0,954.0
0.0,6004.0,3077.0,3066.0,3194.0,3077.0,3077.0,2146.0,920.0,2154.0,923.0
0.0,6121.0,3030.0,3065.0,3077.0,3027.0,3027.0,2145.0,920.0,2120.0,910.0
0.0,6168.0,3063.0,3064.0,3027.0,3060.0,3060.0,2145.0,919.0,2144.0,919.0
0.0,6132.0,3023.0,3063.0,3060.0,3020.0,3020.0,2144.0,919.0,2117.0,906.0
0.0,6169.0,3135.0,3065.0,3020.0,3141.0,3141.0,2145.0,920.0,2194.0,941.0
0.0,6054.0,3087.0,3064.0,3141.0,3084.0,3084.0,2145.0,919.0,2161.0,926.0
0.0,6108.0,3082.0,3066.0,3084.0,3088.0,3088.0,2146.0,920.0,2158.0,924.0
0.0,6110.0,3107.0,3068.0,3088.0,3113.0,3113.0,2148.0,920.0,2174.0,933.0
0.0,6091.0,3047.0,3066.0,3113.0,3041.0,3041.0,2146.0,920.0,2134.0,913.0
0.0,6157.0,3066.0,3067.0,3041.0,3069.0,3069.0,2147.0,920.0,2144.0,922.0
0.0,6132.0,3030.0,3066.0,3069.0,3027.0,3027.0,2146.0,920.0,2123.0,907.0
0.0,6171.0,3056.0,3066.0,3027.0,3056.0,3056.0,2146.0,920.0,2139.0,917.0
0.0,6142.0,3123.0,3069.0,3056.0,3132.0,3132.0,2148.0,921.0,2185.0,938.0
0.0,6075.0,3196.0,3072.0,3132.0,3205.0,3205.0,2150.0,922.0,2237.0,959.0
0.0,6011.0,3099.0,3073.0,3205.0,3102.0,3102.0,2151.0,922.0,2170.0,929.0
0.0,6117.0,3026.0,3072.0,3102.0,3023.0,3023.0,2150.0,922.0,2117.0,909.0
0.0,6193.0,3046.0,3070.0,3023.0,3040.0,3040.0,2149.0,921.0,2132.0,914.0
0.0,6170.0,3057.0,3069.0,3040.0,3054.0,3054.0,2148.0,921.0,2141.0,916.0
0.0,6153.0,3032.0,3070.0,3054.0,3035.0,3035.0,2149.0,921.0,2122.0,910.0
0.0,6175.0,3145.0,3073.0,3035.0,3154.0,3154.0,2151.0,922.0,2201.0,944.0
0.0,6065.0,3090.0,3073.0,3154.0,3090.0,3090.0,2151.0,922.0,2164.0,926.0
0.0,6129.0,3072.0,3074.0,3090.0,3075.0,3075.0,2152.0,922.0,2148.0,924.0
0.0,6147.0,3027.0,3072.0,3075.0,3021.0,3021.0,2150.0,922.0,2120.0,907.0
0.0,6195.0,3095.0,3073.0,3021.0,3098.0,3098.0,2151.0,922.0,2166.0,929.0
0.0,6121.0,3034.0,3072.0,3098.0,3031.0,3031.0,2150.0,922.0,2124.0,910.0
0.0,6185.0,3061.0,3070.0,3031.0,3055.0,3055.0,2149.0,921.0,2142.0,919.0
0.0,6155.0,3140.0,3072.0,3055.0,3146.0,3146.0,2150.0,922.0,2199.0,941.0
0.0,6070.0,3155.0,3074.0,3146.0,3161.0,3161.0,2152.0,922.0,2207.0,948.0
0.0,6061.0,3076.0,3074.0,3161.0,3076.0,3076.0,2152.0,922.0,2154.0,922.0
0.0,6146.0,3097.0,3074.0,3076.0,3097.0,3097.0,2152.0,922.0,2168.0,929.0
0.0,6125.0,3009.0,3074.0,3097.0,3009.0,3009.0,2152.0,922.0,2105.0,904.0
0.0,6213.0,3083.0,3075.0,3009.0,3086.0,3086.0,2152.0,923.0,2159.0,924.0
0.0,6139.0,3089.0,3077.0,3086.0,3095.0,3095.0,2154.0,923.0,2161.0,928.0
0.0,6136.0,3162.0,3079.0,3095.0,3168.0,3168.0,2155.0,924.0,2215.0,947.0
0.0,6069.0,3094.0,3080.0,3168.0,3097.0,3097.0,2156.0,924.0,2167.0,927.0
0.0,6143.0,3139.0,3083.0,3097.0,3148.0,3148.0,2158.0,925.0,2196.0,943.0
0.0,6101.0,3033.0,3081.0,3148.0,3027.0,3027.0,2157.0,924.0,2123.0,910.0
0.0,6216.0,3034.0,3080.0,3027.0,3031.0,3031.0,2156.0,924.0,2124.0,910.0
0.0,6209.0,3072.0,3079.0,3031.0,3069.0,3069.0,2155.0,924.0,2150.0,922.0
0.0,6168.0,3150.0,3080.0,3069.0,3153.0,3153.0,2156.0,924.0,2204.0,946.0
0.0,6087.0,3084.0,3082.0,3153.0,3090.0,3090.0,2157.0,925.0,2160.0,924.0
0.0,6156.0,3080.0,3083.0,3090.0,3083.0,3083.0,2158.0,925.0,2157.0,923.0
0.0,6166.0,3074.0,3083.0,3083.0,3074.0,3074.0,2158.0,925.0,2152.0,922.0
0.0,6175.0,3067.0,3082.0,3074.0,3064.0,3064.0,2157.0,925.0,2146.0,921.0
0.0,6182.0,3026.0,3080.0,3064.0,3020.0,3020.0,2156.0,924.0,2117.0,909.0
0.0,6220.0,3051.0,3079.0,3020.0,3048.0,3048.0,2155.0,924.0,2137.0,914.0
0.0,6189.0,3115.0,3080.0,3048.0,3118.0,3118.0,2156.0,924.0,2179.0,936.0
0.0,6122.0,3136.0,3082.0,3118.0,3142.0,3142.0,2157.0,925.0,2196.0,940.0
0.0,6104.0,3171.0,3084.0,3142.0,3177.0,3177.0,2159.0,925.0,2219.0,952.0
0.0,6075.0,3160.0,3086.0,3177.0,3166.0,3166.0,2160.0,926.0,2213.0,947.0
0.0,6092.0,3113.0,3086.0,3166.0,3113.0,3113.0,2160.0,926.0,2177.0,936.0
0.0,6145.0,3037.0,3084.0,3113.0,3031.0,3031.0,2159.0,925.0,2127.0,910.0
0.0,6221.0,3116.0,3084.0,3031.0,3116.0,3116.0,2159.0,925.0,2181.0,935.0
0.0,6136.0,3086.0,3086.0,3116.0,3092.0,3092.0,2160.0,926.0,2161.0,925.0
0.0,6166.0,3047.0,3086.0,3092.0,3047.0,3047.0,2160.0,926.0,2133.0,914.0
0.0,6211.0,3060.0,3086.0,3047.0,3060.0,3060.0,2160.0,926.0,2142.0,918.0
0.0,6198.0,3133.0,3086.0,3060.0,3133.0,3133.0,2160.0,926.0,2193.0,940.0
0.0,6125.0,3118.0,3086.0,3133.0,3118.0,3118.0,2160.0,926.0,2181.0,937.0
0.0,6140.0,3041.0,3086.0,3118.0,3041.0,3041.0,2160.0,926.0,2130.0,911.0
0.0,6217.0,3080.0,3086.0,3041.0,3080.0,3080.0,2160.0,926.0,2156.0,924.0
0.0,6178.0,3103.0,3086.0,3080.0,3103.0,3103.0,2160.0,926.0,2170.0,933.0
0.0,6155.0,3172.0,3089.0,3103.0,3181.0,3181.0,2162.0,927.0,2222.0,950.0
0.0,6086.0,3172.0,3091.0,3181.0,3178.0,3178.0,2164.0,927.0,2220.0,952.0
0.0,6095.0,3228.0,3094.0,3178.0,3237.0,3237.0,2166.0,928.0,2259.0,969.0
0.0,6045.0,3131.0,3094.0,3237.0,3131.0,3131.0,2166.0,928.0,2192.0,939.0
0.0,6151.0,3060.0,3092.0,3131.0,3054.0,3054.0,2164.0,928.0,2142.0,918.0
0.0,6222.0,3044.0,3091.0,3054.0,3041.0,3041.0,2164.0,927.0,2131.0,913.0
0.0,6232.0,3031.0,3091.0,3041.0,3031.0,3031.0,2164.0,927.0,2122.0,909.0
0.0,6242.0,3175.0,3093.0,3031.0,3181.0,3181.0,2165.0,928.0,2221.0,954.0
0.0,6098.0,3116.0,3094.0,3181.0,3119.0,3119.0,2166.0,928.0,2182.0,934.0
0.0,6163.0,3108.0,3096.0,3119.0,3114.0,3114.0,2167.0,929.0,2176.0,932.0
0.0,6174.0,3133.0,3096.0,3114.0,3133.0,3133.0,2167.0,929.0,2193.0,940.0
0.0,6155.0,2997.0,3094.0,3133.0,2991.0,2991.0,2166.0,928.0,2097.0,900.0
0.0,6291.0,3067.0,3094.0,2991.0,3067.0,3067.0,2166.0,928.0,2147.0,920.0
0.0,6215.0,3087.0,3095.0,3067.0,3090.0,3090.0,2166.0,929.0,2162.0,925.0
0.0,6195.0,3110.0,3096.0,3090.0,3113.0,3113.0,2167.0,929.0,2177.0,933.0
0.0,6175.0,3191.0,3099.0,3113.0,3200.0,3200.0,2169.0,930.0,2233.0,958.0
0.0,6097.0,3074.0,3099.0,3200.0,3074.0,3074.0,2169.0,930.0,2152.0,922.0
0.0,6223.0,3103.0,3097.0,3074.0,3097.0,3097.0,2168.0,929.0,2171.0,932.0
0.0,6194.0,3074.0,3096.0,3097.0,3071.0,3071.0,2167.0,929.0,2151.0,923.0
0.0,6217.0,3116.0,3097.0,3071.0,3119.0,3119.0,2168.0,929.0,2182.0,934.0
0.0,6172.0,3103.0,3097.0,3119.0,3103.0,3103.0,2168.0,929.0,2172.0,931.0
0.0,6188.0,3145.0,3100.0,3103.0,3154.0,3154.0,2170.0,930.0,2201.0,944.0
0.0,6146.0,3175.0,3102.0,3154.0,3181.0,3181.0,2171.0,931.0,2223.0,952.0
0.0,6125.0,3206.0,3104.0,3181.0,3212.0,3212.0,2173.0,931.0,2244.0,962.0
0.0,6100.0,3080.0,3103.0,3212.0,3077.0,3077.0,2172.0,931.0,2157.0,923.0
0.0,6232.0,3097.0,3103.0,3077.0,3097.0,3097.0,2172.0,931.0,2168.0,929.0
0.0,6212.0,3111.0,3102.0,3097.0,3108.0,3108.0,2171.0,931.0,2177.0,934.0
0.0,6198.0,3155.0,3104.0,3108.0,3161.0,3161.0,2173.0,931.0,2208.0,947.0
0.0,6151.0,3195.0,3107.0,3161.0,3204.0,3204.0,2175.0,932.0,2236.0,959.0
0.0,6117.0,3222.0,3110.0,3204.0,3231.0,3231.0,2177.0,933.0,2255.0,967.0
0.0,6099.0,3159.0,3110.0,3231.0,3159.0,3159.0,2177.0,933.0,2211.0,948.0
0.0,6171.0,3066.0,3110.0,3159.0,3066.0,3066.0,2177.0,933.0,2146.0,920.0
0.0,6264.0,3110.0,3110.0,3066.0,3110.0,3110.0,2177.0,933.0,2177.0,933.0
0.0,6220.0,3170.0,3113.0,3110.0,3179.0,3179.0,2179.0,934.0,2220.0,950.0
0.0,6160.0,3142.0,3114.0,3179.0,3145.0,3145.0,2180.0,934.0,2198.0,944.0
0.0,6197.0,3192.0,3117.0,3145.0,3201.0,3201.0,2182.0,935.0,2234.0,958.0
0.0,6150.0,3169.0,3119.0,3201.0,3175.0,3175.0,2183.0,936.0,2220.0,949.0
0.0,6182.0,3096.0,3119.0,3175.0,3096.0,3096.0,2183.0,936.0,2167.0,929.0
0.0,6261.0,3033.0,3117.0,3096.0,3027.0,3027.0,2182.0,935.0,2121.0,912.0
0.0,6324.0,3103.0,3116.0,3027.0,3100.0,3100.0,2181.0,935.0,2174.0,929.0
0.0,6248.0,3159.0,3116.0,3100.0,3159.0,3159.0,2181.0,935.0,2211.0,948.0
0.0,6189.0,3112.0,3116.0,3159.0,3112.0,3112.0,2181.0,935.0,2178.0,934.0
0.0,6236.0,3123.0,3117.0,3112.0,3126.0,3126.0,2182.0,935.0,2185.0,938.0
0.0,6225.0,3156.0,3118.0,3126.0,3159.0,3159.0,2182.0,936.0,2209.0,947.0
0.0,6195.0,3146.0,3119.0,3159.0,3149.0,3149.0,2183.0,936.0,2203.0,943.0
0.0,6208.0,3093.0,3120.0,3149.0,3096.0,3096.0,2184.0,936.0,2164.0,929.0
0.0,6264.0,3149.0,3122.0,3096.0,3155.0,3155.0,2185.0,937.0,2205.0,944.0
0.0,6211.0,3071.0,3120.0,3155.0,3065.0,3065.0,2184.0,936.0,2149.0,922.0
0.0,6295.0,3160.0,3121.0,3065.0,3163.0,3163.0,2185.0,936.0,2213.0,947.0
0.0,6200.0,3165.0,3123.0,3163.0,3171.0,3171.0,2186.0,937.0,2214.0,951.0
0.0,6198.0,3229.0,3127.0,3171.0,3241.0,3241.0,2189.0,938.0,2262.0,967.0
0.0,6140.0,3230.0,3129.0,3241.0,3236.0,3236.0,2190.0,939.0,2261.0,969.0
0.0,6151.0,3091.0,3127.0,3236.0,3085.0,3085.0,2189.0,938.0,2163.0,928.0
0.0,6296.0,3104.0,3126.0,3085.0,3101.0,3101.0,2188.0,938.0,2174.0,930.0
0.0,6277.0,3073.0,3123.0,3101.0,3064.0,3064.0,2186.0,937.0,2149.0,924.0
0.0,6305.0,3167.0,3124.0,3064.0,3170.0,3170.0,2187.0,937.0,2217.0,950.0
0.0,6202.0,3178.0,3126.0,3170.0,3184.0,3184.0,2188.0,938.0,2226.0,952.0
0.0,6194.0,3201.0,3129.0,3184.0,3210.0,3210.0,2190.0,939.0,2240.0,961.0
0.0,6177.0,3179.0,3132.0,3210.0,3188.0,3188.0,2192.0,940.0,2225.0,954.0
0.0,6208.0,3194.0,3133.0,3188.0,3197.0,3197.0,2193.0,940.0,2236.0,958.0
0.0,6202.0,3120.0,3133.0,3197.0,3120.0,3120.0,2193.0,940.0,2184.0,936.0
0.0,6279.0,3146.0,3133.0,3120.0,3146.0,3146.0,2193.0,940.0,2203.0,943.0
0.0,6253.0,3133.0,3133.0,3146.0,3133.0,3133.0,2193.0,940.0,2193.0,940.0
0.0,6266.0,3241.0,3137.0,3133.0,3253.0,3253.0,2196.0,941.0,2267.0,974.0
0.0,6158.0,3164.0,3140.0,3253.0,3173.0,3173.0,2198.0,942.0,2216.0,948.0
0.0,6247.0,3182.0,3142.0,3173.0,3188.0,3188.0,2199.0,943.0,2226.0,956.0
0.0,6238.0,3180.0,3143.0,3188.0,3183.0,3183.0,2200.0,943.0,2227.0,953.0
0.0,6246.0,3154.0,3142.0,3183.0,3151.0,3151.0,2199.0,943.0,2208.0,946.0
0.0,6275.0,3094.0,3143.0,3151.0,3097.0,3097.0,2200.0,943.0,2166.0,928.0
0.0,6332.0,3169.0,3144.0,3097.0,3172.0,3172.0,2201.0,943.0,2219.0,950.0
0.0,6260.0,3165.0,3146.0,3172.0,3171.0,3171.0,2202.0,944.0,2214.0,951.0
0.0,6267.0,3208.0,3147.0,3171.0,3211.0,3211.0,2203.0,944.0,2246.0,962.0
0.0,6230.0,3186.0,3149.0,3211.0,3192.0,3192.0,2204.0,945.0,2229.0,957.0
0.0,6255.0,3113.0,3149.0,3192.0,3113.0,3113.0,2204.0,945.0,2179.0,934.0
0.0,6334.0,3133.0,3147.0,3113.0,3127.0,3127.0,2203.0,944.0,2192.0,941.0
0.0,6314.0,3117.0,3146.0,3127.0,3114.0,3114.0,2202.0,944.0,2183.0,934.0
0.0,6324.0,3139.0,3147.0,3114.0,3142.0,3142.0,2203.0,944.0,2198.0,941.0
0.0,6299.0,3190.0,3149.0,3142.0,3196.0,3196.0,2204.0,945.0,2232.0,958.0
0.0,6251.0,3187.0,3150.0,3196.0,3190.0,3190.0,2205.0,945.0,2232.0,955.0
0.0,6260.0,3196.0,3151.0,3190.0,3199.0,3199.0,2206.0,945.0,2236.0,960.0
0.0,6254.0,3136.0,3150.0,3199.0,3133.0,3133.0,2205.0,945.0,2196.0,940.0
0.0,6317.0,3077.0,3147.0,3133.0,3068.0,3068.0,2203.0,944.0,2152.0,925.0
0.0,6373.0,3129.0,3147.0,3068.0,3129.0,3129.0,2203.0,944.0,2192.0,937.0
0.0,6312.0,3201.0,3149.0,3129.0,3207.0,3207.0,2204.0,945.0,2240.0,961.0
0.0,6240.0,3144.0,3150.0,3207.0,3147.0,3147.0,2205.0,945.0,2201.0,943.0
0.0,6303.0,3174.0,3150.0,3147.0,3174.0,3174.0,2205.0,945.0,2222.0,952.0
0.0,6276.0,3135.0,3150.0,3174.0,3135.0,3135.0,2205.0,945.0,2194.0,941.0
0.0,6315.0,3143.0,3149.0,3135.0,3140.0,3140.0,2204.0,945.0,2200.0,943.0
0.0,6307.0,3123.0,3147.0,3140.0,3117.0,3117.0,2203.0,944.0,2185.0,938.0
0.0,6324.0,3156.0,3149.0,3117.0,3162.0,3162.0,2204.0,945.0,2210.0,946.0
0.0,6285.0,3195.0,3152.0,3162.0,3204.0,3204.0,2206.0,946.0,2236.0,959.0
0.0,6252.0,3163.0,3153.0,3204.0,3166.0,3166.0,2207.0,946.0,2215.0,948.0
0.0,6293.0,3180.0,3154.0,3166.0,3183.0,3183.0,2208.0,946.0,2224.0,956.0
0.0,6279.0,3146.0,3154.0,3183.0,3146.0,3146.0,2208.0,946.0,2202.0,944.0
0.0,6316.0,3167.0,3156.0,3146.0,3173.0,3173.0,2209.0,947.0,2218.0,949.0
0.0,6295.0,3087.0,3154.0,3173.0,3081.0,3081.0,2208.0,946.0,2160.0,927.0
0.0,6381.0,3114.0,3153.0,3081.0,3111.0,3111.0,2207.0,946.0,2182.0,932.0
0.0,6348.0,3197.0,3156.0,3111.0,3206.0,3206.0,2209.0,947.0,2237.0,960.0
0.0,6262.0,3262.0,3157.0,3206.0,3265.0,3265.0,2210.0,947.0,2283.0,979.0
0.0,6206.0,3200.0,3160.0,3265.0,3209.0,3209.0,2212.0,948.0,2241.0,959.0
0.0,6271.0,3190.0,3160.0,3209.0,3190.0,3190.0,2212.0,948.0,2232.0,958.0
0.0,6290.0,3187.0,3161.0,3190.0,3190.0,3190.0,2213.0,948.0,2231.0,956.0
0.0,6293.0,3073.0,3157.0,3190.0,3061.0,3061.0,2210.0,947.0,2151.0,922.0
0.0,6410.0,3183.0,3157.0,3061.0,3183.0,3183.0,2210.0,947.0,2228.0,955.0
0.0,6288.0,3147.0,3159.0,3183.0,3153.0,3153.0,2211.0,948.0,2203.0,944.0
0.0,6324.0,3165.0,3159.0,3153.0,3165.0,3165.0,2211.0,948.0,2216.0,949.0
0.0,6312.0,3302.0,3164.0,3165.0,3317.0,3317.0,2215.0,949.0,2312.0,990.0
0.0,6175.0,3266.0,3166.0,3317.0,3272.0,3272.0,2216.0,950.0,2285.0,981.0
0.0,6226.0,3179.0,3166.0,3272.0,3179.0,3179.0,2216.0,950.0,2225.0,954.0
0.0,6319.0,3200.0,3166.0,3179.0,3200.0,3200.0,2216.0,950.0,2240.0,960.0
0.0,6298.0,3143.0,3165.0,3200.0,3140.0,3140.0,2215.0,950.0,2200.0,943.0
0.0,6355.0,3233.0,3166.0,3140.0,3236.0,3236.0,2216.0,950.0,2264.0,969.0
0.0,6262.0,3150.0,3166.0,3236.0,3150.0,3150.0,2216.0,950.0,2205.0,945.0
0.0,6348.0,3258.0,3169.0,3150.0,3267.0,3267.0,2218.0,951.0,2279.0,979.0
0.0,6240.0,3246.0,3170.0,3267.0,3249.0,3249.0,2219.0,951.0,2272.0,974.0
0.0,6261.0,3179.0,3169.0,3249.0,3176.0,3176.0,2218.0,951.0,2226.0,953.0
0.0,6331.0,3166.0,3169.0,3176.0,3166.0,3166.0,2218.0,951.0,2216.0,950.0
0.0,6341.0,3213.0,3170.0,3166.0,3216.0,3216.0,2219.0,951.0,2248.0,965.0
0.0,6294.0,3181.0,3170.0,3216.0,3181.0,3181.0,2219.0,951.0,2227.0,954.0
0.0,6329.0,3172.0,3170.0,3181.0,3172.0,3172.0,2219.0,951.0,2220.0,952.0
0.0,6338.0,3286.0,3174.0,3172.0,3298.0,3298.0,2222.0,952.0,2300.0,986.0
0.0,6224.0,3217.0,3175.0,3298.0,3220.0,3220.0,2222.0,953.0,2253.0,964.0
0.0,6305.0,3222.0,3176.0,3220.0,3225.0,3225.0,2223.0,953.0,2256.0,966.0
0.0,6303.0,3213.0,3176.0,3225.0,3213.0,3213.0,2223.0,953.0,2249.0,964.0
0.0,6315.0,3090.0,3174.0,3213.0,3084.0,3084.0,2222.0,952.0,2162.0,928.0
0.0,6438.0,3199.0,3176.0,3084.0,3205.0,3205.0,2223.0,953.0,2240.0,959.0
0.0,6323.0,3229.0,3177.0,3205.0,3232.0,3232.0,2224.0,953.0,2259.0,970.0
0.0,6299.0,3242.0,3180.0,3232.0,3251.0,3251.0,2226.0,954.0,2269.0,973.0
0.0,6289.0,3214.0,3182.0,3251.0,3220.0,3220.0,2227.0,955.0,2251.0,963.0
0.0,6326.0,3214.0,3182.0,3220.0,3214.0,3214.0,2227.0,955.0,2250.0,964.0
0.0,6332.0,3184.0,3182.0,3214.0,3184.0,3184.0,2227.0,955.0,2229.0,955.0
0.0,6362.0,3196.0,3182.0,3184.0,3196.0,3196.0,2227.0,955.0,2237.0,959.0
0.0,6350.0,3203.0,3183.0,3196.0,3206.0,3206.0,2228.0,955.0,2243.0,960.0
0.0,6343.0,3238.0,3186.0,3206.0,3247.0,3247.0,2230.0,956.0,2266.0,972.0
0.0,6311.0,3243.0,3189.0,3247.0,3252.0,3252.0,2232.0,957.0,2269.0,974.0
0.0,6315.0,3276.0,3190.0,3252.0,3279.0,3279.0,2233.0,957.0,2294.0,982.0
0.0,6291.0,3157.0,3190.0,3279.0,3157.0,3157.0,2233.0,957.0,2211.0,946.0
0.0,6413.0,3176.0,3190.0,3157.0,3176.0,3176.0,2233.0,957.0,2223.0,953.0
0.0,6394.0,3133.0,3190.0,3176.0,3133.0,3133.0,2233.0,957.0,2193.0,940.0
0.0,6437.0,3193.0,3191.0,3133.0,3196.0,3196.0,2234.0,957.0,2233.0,960.0
0.0,6377.0,3248.0,3194.0,3196.0,3257.0,3257.0,2236.0,958.0,2275.0,973.0
0.0,6325.0,3241.0,3196.0,3257.0,3247.0,3247.0,2237.0,959.0,2267.0,974.0
0.0,6341.0,3191.0,3196.0,3247.0,3191.0,3191.0,2237.0,959.0,2234.0,957.0
0.0,6397.0,3118.0,3194.0,3191.0,3112.0,3112.0,2236.0,958.0,2182.0,936.0
0.0,6470.0,3182.0,3194.0,3112.0,3182.0,3182.0,2236.0,958.0,2227.0,955.0
0.0,6400.0,3216.0,3196.0,3182.0,3222.0,3222.0,2237.0,959.0,2252.0,964.0
0.0,6366.0,3245.0,3197.0,3222.0,3248.0,3248.0,2238.0,959.0,2270.0,975.0
0.0,6343.0,3262.0,3200.0,3248.0,3271.0,3271.0,2240.0,960.0,2286.0,976.0
0.0,6329.0,3222.0,3203.0,3271.0,3231.0,3231.0,2242.0,961.0,2254.0,968.0
0.0,6378.0,3250.0,3204.0,3231.0,3253.0,3253.0,2243.0,961.0,2276.0,974.0
0.0,6359.0,3223.0,3203.0,3253.0,3220.0,3220.0,2242.0,961.0,2255.0,968.0
0.0,6389.0,3260.0,3204.0,3220.0,3263.0,3263.0,2243.0,961.0,2281.0,979.0
0.0,6349.0,3173.0,3204.0,3263.0,3173.0,3173.0,2243.0,961.0,2223.0,950.0
0.0,6439.0,3249.0,3205.0,3173.0,3252.0,3252.0,2243.0,962.0,2273.0,976.0
0.0,6363.0,3246.0,3209.0,3252.0,3258.0,3258.0,2246.0,963.0,2272.0,974.0
0.0,6369.0,3184.0,3209.0,3258.0,3184.0,3184.0,2246.0,963.0,2229.0,955.0
0.0,6443.0,3232.0,3210.0,3184.0,3235.0,3235.0,2247.0,963.0,2263.0,969.0
0.0,6395.0,3167.0,3210.0,3235.0,3167.0,3167.0,2247.0,963.0,2217.0,950.0
0.0,6463.0,3246.0,3209.0,3167.0,3243.0,3243.0,2246.0,963.0,2271.0,975.0
0.0,6384.0,3196.0,3207.0,3243.0,3190.0,3190.0,2245.0,962.0,2237.0,959.0
0.0,6431.0,3187.0,3207.0,3190.0,3187.0,3187.0,2245.0,962.0,2231.0,956.0
0.0,6434.0,3240.0,3209.0,3187.0,3246.0,3246.0,2246.0,963.0,2268.0,972.0
0.0,6381.0,3194.0,3210.0,3246.0,3197.0,3197.0,2247.0,963.0,2237.0,957.0
0.0,6433.0,3240.0,3210.0,3197.0,3240.0,3240.0,2247.0,963.0,2268.0,972.0
0.0,6390.0,3225.0,3211.0,3240.0,3228.0,3228.0,2248.0,963.0,2256.0,969.0
0.0,6405.0,3220.0,3210.0,3228.0,3217.0,3217.0,2247.0,963.0,2256.0,964.0
0.0,6413.0,3127.0,3208.0,3217.0,3121.0,3121.0,2246.0,962.0,2187.0,940.0
0.0,6503.0,3201.0,3209.0,3121.0,3204.0,3204.0,2246.0,963.0,2241.0,960.0
0.0,6423.0,3246.0,3210.0,3204.0,3249.0,3249.0,2247.0,963.0,2273.0,973.0
0.0,6381.0,3329.0,3213.0,3249.0,3338.0,3338.0,2249.0,964.0,2330.0,999.0
0.0,6301.0,3260.0,3214.0,3338.0,3263.0,3263.0,2250.0,964.0,2283.0,977.0
0.0,6379.0,3217.0,3214.0,3263.0,3217.0,3217.0,2250.0,964.0,2250.0,967.0
0.0,6425.0,3144.0,3212.0,3217.0,3138.0,3138.0,2248.0,964.0,2202.0,942.0
0.0,6498.0,3206.0,3212.0,3138.0,3206.0,3206.0,2248.0,964.0,2244.0,962.0
0.0,6430.0,3231.0,3212.0,3206.0,3231.0,3231.0,2248.0,964.0,2262.0,969.0
0.0,6405.0,3269.0,3213.0,3231.0,3272.0,3272.0,2249.0,964.0,2289.0,980.0
0.0,6367.0,3258.0,3216.0,3272.0,3267.0,3267.0,2251.0,965.0,2280.0,978.0
0.0,6381.0,3312.0,3219.0,3267.0,3321.0,3321.0,2253.0,966.0,2317.0,995.0
0.0,6336.0,3170.0,3217.0,3321.0,3164.0,3164.0,2252.0,965.0,2218.0,952.0
0.0,6487.0,3237.0,3217.0,3164.0,3237.0,3237.0,2252.0,965.0,2266.0,971.0
0.0,6414.0,3269.0,3219.0,3237.0,3275.0,3275.0,2253.0,966.0,2289.0,980.0
0.0,6382.0,3217.0,3219.0,3275.0,3217.0,3217.0,2253.0,966.0,2252.0,965.0
0.0,6440.0,3227.0,3219.0,3217.0,3227.0,3227.0,2253.0,966.0,2260.0,967.0
0.0,6430.0,3272.0,3220.0,3227.0,3275.0,3275.0,2254.0,966.0,2289.0,983.0
0.0,6385.0,3265.0,3222.0,3275.0,3271.0,3271.0,2255.0,967.0,2286.0,979.0
0.0,6395.0,3186.0,3220.0,3271.0,3180.0,3180.0,2254.0,966.0,2229.0,957.0
0.0,6480.0,3234.0,3220.0,3180.0,3234.0,3234.0,2254.0,966.0,2264.0,970.0
0.0,6426.0,3273.0,3220.0,3234.0,3273.0,3273.0,2254.0,966.0,2291.0,982.0
0.0,6387.0,3218.0,3222.0,3273.0,3224.0,3224.0,2255.0,967.0,2253.0,965.0
0.0,6442.0,3298.0,3224.0,3224.0,3304.0,3304.0,2257.0,967.0,2307.0,991.0
0.0,6368.0,3309.0,3227.0,3304.0,3318.0,3318.0,2259.0,968.0,2317.0,992.0
0.0,6363.0,3264.0,3229.0,3318.0,3270.0,3270.0,2260.0,969.0,2286.0,978.0
0.0,6417.0,3214.0,3229.0,3270.0,3214.0,3214.0,2260.0,969.0,2249.0,965.0
0.0,6473.0,3226.0,3227.0,3214.0,3220.0,3220.0,2259.0,968.0,2258.0,968.0
0.0,6461.0,3256.0,3229.0,3220.0,3262.0,3262.0,2260.0,969.0,2280.0,976.0
0.0,6425.0,3273.0,3232.0,3262.0,3282.0,3282.0,2262.0,970.0,2291.0,982.0
0.0,6414.0,3262.0,3234.0,3282.0,3268.0,3268.0,2264.0,970.0,2284.0,978.0
0.0,6434.0,3224.0,3234.0,3268.0,3224.0,3224.0,2264.0,970.0,2255.0,969.0
0.0,6478.0,3221.0,3233.0,3224.0,3218.0,3218.0,2263.0,970.0,2257.0,964.0
0.0,6481.0,3253.0,3233.0,3218.0,3253.0,3253.0,2263.0,970.0,2277.0,976.0
0.0,6446.0,3203.0,3233.0,3253.0,3203.0,3203.0,2263.0,970.0,2242.0,961.0
0.0,6496.0,3249.0,3233.0,3203.0,3249.0,3249.0,2263.0,970.0,2274.0,975.0
0.0,6450.0,3270.0,3233.0,3249.0,3270.0,3270.0,2263.0,970.0,2287.0,983.0
0.0,6429.0,3273.0,3234.0,3270.0,3276.0,3276.0,2264.0,970.0,2291.0,982.0
0.0,6426.0,3292.0,3236.0,3276.0,3298.0,3298.0,2265.0,971.0,2306.0,986.0
0.0,6410.0,3267.0,3237.0,3298.0,3270.0,3270.0,2266.0,971.0,2287.0,980.0
0.0,6441.0,3273.0,3237.0,3270.0,3273.0,3273.0,2266.0,971.0,2290.0,983.0
0.0,6438.0,3203.0,3237.0,3273.0,3203.0,3203.0,2266.0,971.0,2242.0,961.0
0.0,6508.0,3229.0,3237.0,3203.0,3229.0,3229.0,2266.0,971.0,2260.0,969.0
0.0,6482.0,3267.0,3239.0,3229.0,3273.0,3273.0,2267.0,972.0,2288.0,979.0
0.0,6444.0,3237.0,3239.0,3273.0,3237.0,3237.0,2267.0,972.0,2266.0,971.0
0.0,6480.0,3289.0,3241.0,3237.0,3295.0,3295.0,2269.0,972.0,2301.0,988.0
0.0,6428.0,3276.0,3243.0,3295.0,3282.0,3282.0,2270.0,973.0,2294.0,982.0
0.0,6447.0,3256.0,3243.0,3282.0,3256.0,3256.0,2270.0,973.0,2280.0,976.0
0.0,6473.0,3211.0,3243.0,3256.0,3211.0,3211.0,2270.0,973.0,2248.0,963.0
0.0,6518.0,3273.0,3244.0,3211.0,3276.0,3276.0,2271.0,973.0,2289.0,984.0
0.0,6456.0,3246.0,3244.0,3276.0,3246.0,3246.0,2271.0,973.0,2273.0,973.0
0.0,6486.0,3262.0,3245.0,3246.0,3265.0,3265.0,2271.0,974.0,2283.0,979.0
0.0,6470.0,3252.0,3247.0,3265.0,3258.0,3258.0,2273.0,974.0,2276.0,976.0
0.0,6483.0,3340.0,3250.0,3258.0,3349.0,3349.0,2275.0,975.0,2339.0,1001.0
0.0,6401.0,3230.0,3250.0,3349.0,3230.0,3230.0,2275.0,975.0,2261.0,969.0
0.0,6520.0,3167.0,3247.0,3230.0,3158.0,3158.0,2273.0,974.0,2217.0,950.0
0.0,6583.0,3159.0,3245.0,3158.0,3153.0,3153.0,2271.0,974.0,2210.0,949.0
0.0,6582.0,3296.0,3246.0,3153.0,3299.0,3299.0,2272.0,974.0,2308.0,988.0
0.0,6439.0,3295.0,3249.0,3299.0,3304.0,3304.0,2274.0,975.0,2306.0,989.0
0.0,6443.0,3388.0,3253.0,3304.0,3400.0,3400.0,2277.0,976.0,2371.0,1017.0
0.0,6359.0,3216.0,3253.0,3400.0,3216.0,3216.0,2277.0,976.0,2251.0,965.0
0.0,6543.0,3267.0,3253.0,3216.0,3267.0,3267.0,2277.0,976.0,2287.0,980.0
0.0,6492.0,3184.0,3251.0,3267.0,3178.0,3178.0,2276.0,975.0,2228.0,956.0
0.0,6575.0,3251.0,3250.0,3178.0,3248.0,3248.0,2275.0,975.0,2278.0,973.0
0.0,6502.0,3265.0,3252.0,3248.0,3271.0,3271.0,2276.0,976.0,2284.0,981.0
0.0,6485.0,3346.0,3254.0,3271.0,3352.0,3352.0,2278.0,976.0,2341.0,1005.0
0.0,6410.0,3333.0,3255.0,3352.0,3336.0,3336.0,2278.0,977.0,2334.0,999.0
0.0,6429.0,3223.0,3255.0,3336.0,3223.0,3223.0,2278.0,977.0,2256.0,967.0
0.0,6542.0,3257.0,3256.0,3223.0,3260.0,3260.0,2279.0,977.0,2280.0,977.0
0.0,6508.0,3261.0,3256.0,3260.0,3261.0,3261.0,2279.0,977.0,2283.0,978.0
0.0,6507.0,3206.0,3254.0,3261.0,3200.0,3200.0,2278.0,976.0,2244.0,962.0
0.0,6562.0,3246.0,3256.0,3200.0,3252.0,3252.0,2279.0,977.0,2272.0,974.0
0.0,6516.0,3260.0,3256.0,3252.0,3260.0,3260.0,2279.0,977.0,2283.0,977.0
0.0,6508.0,3227.0,3255.0,3260.0,3224.0,3224.0,2278.0,977.0,2258.0,969.0
0.0,6541.0,3275.0,3256.0,3224.0,3278.0,3278.0,2279.0,977.0,2293.0,982.0
0.0,6490.0,3263.0,3256.0,3278.0,3263.0,3263.0,2279.0,977.0,2284.0,979.0
0.0,6505.0,3188.0,3253.0,3263.0,3179.0,3179.0,2277.0,976.0,2230.0,958.0
0.0,6580.0,3223.0,3253.0,3179.0,3223.0,3223.0,2277.0,976.0,2258.0,965.0
0.0,6536.0,3269.0,3253.0,3223.0,3269.0,3269.0,2277.0,976.0,2286.0,983.0
0.0,6490.0,3306.0,3255.0,3269.0,3312.0,3312.0,2278.0,977.0,2315.0,991.0
0.0,6453.0,3303.0,3256.0,3312.0,3306.0,3306.0,2279.0,977.0,2313.0,990.0
0.0,6462.0,3303.0,3256.0,3306.0,3303.0,3303.0,2279.0,977.0,2310.0,993.0
0.0,6465.0,3203.0,3256.0,3303.0,3203.0,3203.0,2279.0,977.0,2244.0,959.0
0.0,6565.0,3240.0,3256.0,3203.0,3240.0,3240.0,2279.0,977.0,2268.0,972.0
0.0,6528.0,3337.0,3257.0,3240.0,3340.0,3340.0,2280.0,977.0,2335.0,1002.0
0.0,6431.0,3303.0,3259.0,3340.0,3309.0,3309.0,2281.0,978.0,2313.0,990.0
0.0,6468.0,3342.0,3262.0,3309.0,3351.0,3351.0,2283.0,979.0,2339.0,1003.0
0.0,6435.0,3297.0,3263.0,3351.0,3300.0,3300.0,2284.0,979.0,2308.0,989.0
0.0,6489.0,3259.0,3263.0,3300.0,3259.0,3259.0,2284.0,979.0,2281.0,978.0
0.0,6530.0,3253.0,3262.0,3259.0,3250.0,3250.0,2283.0,979.0,2277.0,976.0
0.0,6536.0,3291.0,3262.0,3250.0,3291.0,3291.0,2283.0,979.0,2304.0,987.0
0.0,6495.0,3211.0,3260.0,3291.0,3205.0,3205.0,2282.0,978.0,2247.0,964.0
0.0,6575.0,3293.0,3261.0,3205.0,3296.0,3296.0,2283.0,978.0,2306.0,987.0
0.0,6487.0,3376.0,3264.0,3296.0,3385.0,3385.0,2285.0,979.0,2363.0,1013.0
0.0,6407.0,3310.0,3266.0,3385.0,3316.0,3316.0,2286.0,980.0,2318.0,992.0
0.0,6482.0,3280.0,3266.0,3316.0,3280.0,3280.0,2286.0,980.0,2296.0,984.0
0.0,6518.0,3278.0,3267.0,3280.0,3281.0,3281.0,2287.0,980.0,2293.0,985.0
0.0,6520.0,3241.0,3266.0,3281.0,3238.0,3238.0,2286.0,980.0,2270.0,971.0
0.0,6560.0,3273.0,3266.0,3238.0,3273.0,3273.0,2286.0,980.0,2291.0,982.0
0.0,6525.0,3342.0,3267.0,3273.0,3345.0,3345.0,2287.0,980.0,2338.0,1004.0
0.0,6456.0,3358.0,3270.0,3345.0,3367.0,3367.0,2289.0,981.0,2350.0,1008.0
0.0,6443.0,3327.0,3272.0,3367.0,3333.0,3333.0,2290.0,982.0,2330.0,997.0
0.0,6483.0,3296.0,3273.0,3333.0,3299.0,3299.0,2291.0,982.0,2308.0,988.0
0.0,6520.0,3295.0,3273.0,3299.0,3295.0,3295.0,2291.0,982.0,2304.0,991.0
0.0,6524.0,3261.0,3273.0,3295.0,3261.0,3261.0,2291.0,982.0,2283.0,978.0
0.0,6558.0,3261.0,3272.0,3261.0,3258.0,3258.0,2290.0,982.0,2284.0,977.0
0.0,6558.0,3273.0,3273.0,3258.0,3276.0,3276.0,2291.0,982.0,2292.0,981.0
0.0,6543.0,3362.0,3276.0,3276.0,3371.0,3371.0,2293.0,983.0,2353.0,1009.0
0.0,6457.0,3339.0,3280.0,3371.0,3351.0,3351.0,2296.0,984.0,2337.0,1002.0
0.0,6489.0,3259.0,3279.0,3351.0,3256.0,3256.0,2295.0,984.0,2281.0,978.0
0.0,6581.0,3299.0,3279.0,3256.0,3299.0,3299.0,2295.0,984.0,2309.0,990.0
0.0,6538.0,3253.0,3277.0,3299.0,3247.0,3247.0,2294.0,983.0,2276.0,977.0
0.0,6584.0,3260.0,3277.0,3247.0,3260.0,3260.0,2294.0,983.0,2282.0,978.0
0.0,6571.0,3302.0,3278.0,3260.0,3305.0,3305.0,2295.0,983.0,2312.0,990.0
0.0,6529.0,3328.0,3281.0,3305.0,3337.0,3337.0,2297.0,984.0,2328.0,1000.0
0.0,6506.0,3313.0,3282.0,3337.0,3316.0,3316.0,2297.0,985.0,2320.0,993.0
0.0,6530.0,3310.0,3283.0,3316.0,3313.0,3313.0,2298.0,985.0,2318.0,992.0
0.0,6536.0,3296.0,3282.0,3313.0,3293.0,3293.0,2297.0,985.0,2306.0,990.0
0.0,6553.0,3286.0,3281.0,3293.0,3283.0,3283.0,2297.0,984.0,2300.0,986.0
0.0,6560.0,3293.0,3283.0,3283.0,3299.0,3299.0,2298.0,985.0,2306.0,987.0
0.0,6550.0,3290.0,3283.0,3299.0,3290.0,3290.0,2298.0,985.0,2303.0,987.0
0.0,6559.0,3393.0,3286.0,3290.0,3402.0,3402.0,2300.0,986.0,2375.0,1018.0
0.0,6456.0,3386.0,3289.0,3402.0,3395.0,3395.0,2302.0,987.0,2370.0,1016.0
0.0,6472.0,3319.0,3290.0,3395.0,3322.0,3322.0,2303.0,987.0,2322.0,997.0
0.0,6548.0,3330.0,3292.0,3322.0,3336.0,3336.0,2304.0,988.0,2332.0,998.0
0.0,6540.0,3233.0,3292.0,3336.0,3233.0,3233.0,2304.0,988.0,2263.0,970.0
0.0,6643.0,3240.0,3291.0,3233.0,3237.0,3237.0,2304.0,987.0,2267.0,973.0
0.0,6636.0,3337.0,3293.0,3237.0,3343.0,3343.0,2305.0,988.0,2337.0,1000.0
0.0,6536.0,3298.0,3294.0,3343.0,3301.0,3301.0,2306.0,988.0,2308.0,990.0
0.0,6581.0,3363.0,3297.0,3301.0,3372.0,3372.0,2308.0,989.0,2353.0,1010.0
0.0,6519.0,3314.0,3299.0,3372.0,3320.0,3320.0,2309.0,990.0,2321.0,993.0
0.0,6577.0,3296.0,3299.0,3320.0,3296.0,3296.0,2309.0,990.0,2307.0,989.0
0.0,6601.0,3301.0,3299.0,3296.0,3301.0,3301.0,2309.0,990.0,2311.0,990.0
0.0,6596.0,3257.0,3297.0,3301.0,3251.0,3251.0,2308.0,989.0,2279.0,978.0
0.0,6640.0,3353.0,3300.0,3251.0,3362.0,3362.0,2310.0,990.0,2349.0,1004.0
0.0,6538.0,3303.0,3301.0,3362.0,3306.0,3306.0,2311.0,990.0,2311.0,992.0
0.0,6597.0,3323.0,3301.0,3306.0,3323.0,3323.0,2311.0,990.0,2326.0,997.0
0.0,6580.0,3335.0,3302.0,3323.0,3338.0,3338.0,2311.0,991.0,2334.0,1001.0
0.0,6568.0,3290.0,3300.0,3338.0,3284.0,3284.0,2310.0,990.0,2303.0,987.0
0.0,6616.0,3306.0,3301.0,3284.0,3309.0,3309.0,2311.0,990.0,2314.0,992.0
0.0,6594.0,3259.0,3301.0,3309.0,3259.0,3259.0,2311.0,990.0,2281.0,978.0
0.0,6644.0,3324.0,3303.0,3259.0,3330.0,3330.0,2312.0,991.0,2328.0,996.0
0.0,6579.0,3350.0,3303.0,3330.0,3350.0,3350.0,2312.0,991.0,2346.0,1004.0
0.0,6559.0,3353.0,3306.0,3350.0,3362.0,3362.0,2314.0,992.0,2346.0,1007.0
0.0,6556.0,3338.0,3307.0,3362.0,3341.0,3341.0,2315.0,992.0,2337.0,1001.0
0.0,6580.0,3288.0,3306.0,3341.0,3285.0,3285.0,2314.0,992.0,2301.0,987.0
0.0,6633.0,3291.0,3305.0,3285.0,3288.0,3288.0,2313.0,992.0,2304.0,987.0
0.0,6627.0,3291.0,3306.0,3288.0,3294.0,3294.0,2314.0,992.0,2304.0,987.0
0.0,6624.0,3240.0,3304.0,3294.0,3234.0,3234.0,2313.0,991.0,2268.0,972.0
0.0,6678.0,3319.0,3306.0,3234.0,3325.0,3325.0,2314.0,992.0,2323.0,996.0
0.0,6593.0,3352.0,3307.0,3325.0,3355.0,3355.0,2315.0,992.0,2345.0,1007.0
0.0,6566.0,3405.0,3309.0,3355.0,3411.0,3411.0,2316.0,993.0,2384.0,1021.0
0.0,6516.0,3253.0,3307.0,3411.0,3247.0,3247.0,2315.0,992.0,2278.0,975.0
0.0,6674.0,3342.0,3307.0,3247.0,3342.0,3342.0,2315.0,992.0,2337.0,1005.0
0.0,6579.0,3292.0,3307.0,3342.0,3292.0,3292.0,2315.0,992.0,2304.0,988.0
0.0,6629.0,3387.0,3309.0,3292.0,3393.0,3393.0,2316.0,993.0,2373.0,1014.0
0.0,6534.0,3432.0,3312.0,3393.0,3441.0,3441.0,2318.0,994.0,2402.0,1030.0
0.0,6495.0,3424.0,3315.0,3441.0,3433.0,3433.0,2320.0,995.0,2396.0,1028.0
0.0,6512.0,3297.0,3316.0,3433.0,3300.0,3300.0,2321.0,995.0,2308.0,989.0
0.0,6648.0,3359.0,3316.0,3300.0,3359.0,3359.0,2321.0,995.0,2351.0,1008.0
0.0,6589.0,3253.0,3314.0,3359.0,3247.0,3247.0,2320.0,994.0,2276.0,977.0
0.0,6695.0,3326.0,3315.0,3247.0,3329.0,3329.0,2320.0,995.0,2329.0,997.0
0.0,6616.0,3392.0,3317.0,3329.0,3398.0,3398.0,2322.0,995.0,2375.0,1017.0
0.0,6553.0,3386.0,3320.0,3398.0,3395.0,3395.0,2324.0,996.0,2370.0,1016.0
0.0,6565.0,3443.0,3323.0,3395.0,3452.0,3452.0,2326.0,997.0,2410.0,1033.0
0.0,6517.0,3365.0,3324.0,3452.0,3368.0,3368.0,2327.0,997.0,2354.0,1011.0
0.0,6604.0,3274.0,3323.0,3368.0,3271.0,3271.0,2326.0,997.0,2293.0,981.0
0.0,6698.0,3322.0,3323.0,3271.0,3322.0,3322.0,2326.0,997.0,2326.0,996.0
0.0,6647.0,3316.0,3323.0,3322.0,3316.0,3316.0,2326.0,997.0,2321.0,995.0
0.0,6653.0,3350.0,3324.0,3316.0,3353.0,3353.0,2327.0,997.0,2343.0,1007.0
0.0,6619.0,3399.0,3327.0,3353.0,3408.0,3408.0,2329.0,998.0,2381.0,1018.0
0.0,6573.0,3367.0,3328.0,3408.0,3370.0,3370.0,2330.0,998.0,2356.0,1011.0
0.0,6614.0,3320.0,3329.0,3370.0,3323.0,3323.0,2330.0,999.0,2324.0,996.0
0.0,6664.0,3337.0,3327.0,3323.0,3331.0,3331.0,2329.0,998.0,2336.0,1001.0
0.0,6650.0,3286.0,3326.0,3331.0,3283.0,3283.0,2328.0,998.0,2300.0,986.0
0.0,6695.0,3306.0,3326.0,3283.0,3306.0,3306.0,2328.0,998.0,2314.0,992.0
0.0,6672.0,3320.0,3326.0,3306.0,3320.0,3320.0,2328.0,998.0,2324.0,996.0
0.0,6658.0,3435.0,3329.0,3320.0,3444.0,3444.0,2330.0,999.0,2405.0,1030.0
0.0,6543.0,3372.0,3332.0,3444.0,3381.0,3381.0,2332.0,1000.0,2359.0,1013.0
0.0,6615.0,3346.0,3332.0,3381.0,3346.0,3346.0,2332.0,1000.0,2343.0,1003.0
0.0,6650.0,3309.0,3332.0,3346.0,3309.0,3309.0,2332.0,1000.0,2316.0,993.0
0.0,6687.0,3324.0,3331.0,3309.0,3321.0,3321.0,2332.0,999.0,2326.0,998.0
0.0,6672.0,3284.0,3330.0,3321.0,3281.0,3281.0,2331.0,999.0,2299.0,985.0
0.0,6709.0,3337.0,3331.0,3281.0,3340.0,3340.0,2332.0,999.0,2337.0,1000.0
0.0,6653.0,3396.0,3333.0,3340.0,3402.0,3402.0,2333.0,1000.0,2378.0,1018.0
0.0,6597.0,3355.0,3336.0,3402.0,3364.0,3364.0,2335.0,1001.0,2347.0,1008.0
0.0,6644.0,3363.0,3336.0,3364.0,3363.0,3363.0,2335.0,1001.0,2354.0,1009.0
0.0,6645.0,3296.0,3336.0,3363.0,3296.0,3296.0,2335.0,1001.0,2307.0,989.0
0.0,6712.0,3363.0,3336.0,3296.0,3363.0,3363.0,2335.0,1001.0,2355.0,1008.0
0.0,6645.0,3291.0,3335.0,3363.0,3288.0,3288.0,2334.0,1001.0,2303.0,988.0
0.0,6717.0,3313.0,3336.0,3288.0,3316.0,3316.0,2335.0,1001.0,2319.0,994.0
0.0,6692.0,3327.0,3336.0,3316.0,3327.0,3327.0,2335.0,1001.0,2330.0,997.0
0.0,6681.0,3386.0,3339.0,3327.0,3395.0,3395.0,2337.0,1002.0,2369.0,1017.0
0.0,6622.0,3377.0,3340.0,3395.0,3380.0,3380.0,2338.0,1002.0,2365.0,1012.0
0.0,6640.0,3343.0,3339.0,3380.0,3340.0,3340.0,2337.0,1002.0,2340.0,1003.0
0.0,6677.0,3258.0,3337.0,3340.0,3252.0,3252.0,2336.0,1001.0,2280.0,978.0
0.0,6759.0,3263.0,3336.0,3252.0,3260.0,3260.0,2335.0,1001.0,2285.0,978.0
0.0,6748.0,3349.0,3337.0,3260.0,3352.0,3352.0,2336.0,1001.0,2343.0,1006.0
0.0,6659.0,3420.0,3340.0,3352.0,3429.0,3429.0,2338.0,1002.0,2395.0,1025.0
0.0,6591.0,3419.0,3342.0,3429.0,3425.0,3425.0,2339.0,1003.0,2393.0,1026.0
0.0,6601.0,3406.0,3346.0,3425.0,3418.0,3418.0,2342.0,1004.0,2384.0,1022.0
0.0,6620.0,3397.0,3347.0,3418.0,3400.0,3400.0,2343.0,1004.0,2379.0,1018.0
0.0,6641.0,3309.0,3346.0,3400.0,3306.0,3306.0,2342.0,1004.0,2316.0,993.0
0.0,6732.0,3338.0,3344.0,3306.0,3332.0,3332.0,2341.0,1003.0,2336.0,1002.0
0.0,6700.0,3353.0,3347.0,3332.0,3362.0,3362.0,2343.0,1004.0,2348.0,1005.0
0.0,6679.0,3397.0,3347.0,3362.0,3397.0,3397.0,2343.0,1004.0,2377.0,1020.0
0.0,6644.0,3387.0,3350.0,3397.0,3396.0,3396.0,2345.0,1005.0,2372.0,1015.0
0.0,6654.0,3392.0,3350.0,3396.0,3392.0,3392.0,2345.0,1005.0,2374.0,1018.0
0.0,6658.0,3274.0,3347.0,3392.0,3265.0,3265.0,2343.0,1004.0,2292.0,982.0
0.0,6776.0,3353.0,3346.0,3265.0,3350.0,3350.0,2342.0,1004.0,2346.0,1007.0
0.0,6688.0,3294.0,3346.0,3350.0,3294.0,3294.0,2342.0,1004.0,2306.0,988.0
0.0,6744.0,3344.0,3344.0,3294.0,3338.0,3338.0,2341.0,1003.0,2341.0,1003.0
0.0,6694.0,3379.0,3347.0,3338.0,3388.0,3388.0,2343.0,1004.0,2365.0,1014.0
0.0,6653.0,3360.0,3348.0,3388.0,3363.0,3363.0,2344.0,1004.0,2352.0,1008.0
0.0,6681.0,3293.0,3346.0,3363.0,3287.0,3287.0,2342.0,1004.0,2306.0,987.0
0.0,6751.0,3384.0,3346.0,3287.0,3384.0,3384.0,2342.0,1004.0,2369.0,1015.0
0.0,6654.0,3353.0,3344.0,3384.0,3347.0,3347.0,2341.0,1003.0,2346.0,1007.0
0.0,6685.0,3343.0,3344.0,3347.0,3343.0,3343.0,2341.0,1003.0,2340.0,1003.0
0.0,6689.0,3317.0,3344.0,3343.0,3317.0,3317.0,2341.0,1003.0,2322.0,995.0
0.0,6715.0,3396.0,3346.0,3317.0,3402.0,3402.0,2342.0,1004.0,2378.0,1018.0
0.0,6636.0,3458.0,3349.0,3402.0,3467.0,3467.0,2344.0,1005.0,2420.0,1038.0
0.0,6580.0,3343.0,3349.0,3467.0,3343.0,3343.0,2344.0,1005.0,2340.0,1003.0
0.0,6704.0,3303.0,3347.0,3343.0,3297.0,3297.0,2343.0,1004.0,2311.0,992.0
0.0,6744.0,3353.0,3347.0,3297.0,3353.0,3353.0,2343.0,1004.0,2347.0,1006.0
0.0,6688.0,3352.0,3347.0,3353.0,3352.0,3352.0,2343.0,1004.0,2346.0,1006.0
0.0,6689.0,3397.0,3349.0,3352.0,3403.0,3403.0,2344.0,1005.0,2379.0,1018.0
0.0,6644.0,3410.0,3350.0,3403.0,3413.0,3413.0,2345.0,1005.0,2386.0,1024.0
0.0,6637.0,3478.0,3354.0,3413.0,3490.0,3490.0,2348.0,1006.0,2435.0,1043.0
0.0,6572.0,3416.0,3356.0,3490.0,3422.0,3422.0,2349.0,1007.0,2392.0,1024.0
0.0,6646.0,3318.0,3353.0,3422.0,3309.0,3309.0,2347.0,1006.0,2321.0,997.0
0.0,6750.0,3294.0,3352.0,3309.0,3291.0,3291.0,2346.0,1006.0,2308.0,986.0
0.0,6765.0,3392.0,3353.0,3291.0,3395.0,3395.0,2347.0,1006.0,2372.0,1020.0
0.0,6664.0,3336.0,3353.0,3395.0,3336.0,3336.0,2347.0,1006.0,2336.0,1000.0
0.0,6723.0,3414.0,3356.0,3336.0,3423.0,3423.0,2349.0,1007.0,2391.0,1023.0
0.0,6645.0,3465.0,3359.0,3423.0,3474.0,3474.0,2351.0,1008.0,2425.0,1040.0
0.0,6603.0,3405.0,3360.0,3474.0,3408.0,3408.0,2352.0,1008.0,2382.0,1023.0
0.0,6672.0,3363.0,3360.0,3408.0,3363.0,3363.0,2352.0,1008.0,2355.0,1008.0
0.0,6717.0,3398.0,3360.0,3363.0,3398.0,3398.0,2352.0,1008.0,2377.0,1021.0
0.0,6682.0,3374.0,3360.0,3398.0,3374.0,3374.0,2352.0,1008.0,2362.0,1012.0
0.0,6706.0,3353.0,3361.0,3374.0,3356.0,3356.0,2353.0,1008.0,2348.0,1005.0
0.0,6727.0,3425.0,3363.0,3356.0,3431.0,3431.0,2354.0,1009.0,2398.0,1027.0
0.0,6658.0,3465.0,3366.0,3431.0,3474.0,3474.0,2356.0,1010.0,2425.0,1040.0
0.0,6624.0,3373.0,3367.0,3474.0,3376.0,3376.0,2357.0,1010.0,2360.0,1013.0
0.0,6725.0,3329.0,3367.0,3376.0,3329.0,3329.0,2357.0,1010.0,2330.0,999.0
0.0,6772.0,3361.0,3367.0,3329.0,3361.0,3361.0,2357.0,1010.0,2353.0,1008.0
0.0,6740.0,3394.0,3367.0,3361.0,3394.0,3394.0,2357.0,1010.0,2376.0,1018.0
0.0,6707.0,3393.0,3368.0,3394.0,3396.0,3396.0,2358.0,1010.0,2375.0,1018.0
0.0,6708.0,3474.0,3373.0,3396.0,3489.0,3489.0,2361.0,1012.0,2432.0,1042.0
0.0,6630.0,3405.0,3375.0,3489.0,3411.0,3411.0,2362.0,1013.0,2383.0,1022.0
0.0,6714.0,3486.0,3377.0,3411.0,3492.0,3492.0,2364.0,1013.0,2440.0,1046.0
0.0,6639.0,3397.0,3377.0,3492.0,3397.0,3397.0,2364.0,1013.0,2377.0,1020.0
0.0,6734.0,3387.0,3377.0,3397.0,3387.0,3387.0,2364.0,1013.0,2373.0,1014.0
0.0,6744.0,3291.0,3374.0,3387.0,3282.0,3282.0,2362.0,1012.0,2303.0,988.0
0.0,6840.0,3358.0,3373.0,3282.0,3355.0,3355.0,2361.0,1012.0,2350.0,1008.0
0.0,6764.0,3406.0,3376.0,3355.0,3415.0,3415.0,2363.0,1013.0,2386.0,1020.0
0.0,6713.0,3455.0,3377.0,3415.0,3458.0,3458.0,2364.0,1013.0,2417.0,1038.0
0.0,6673.0,3505.0,3380.0,3458.0,3514.0,3514.0,2366.0,1014.0,2453.0,1052.0
0.0,6626.0,3328.0,3379.0,3514.0,3325.0,3325.0,2365.0,1014.0,2331.0,997.0
0.0,6812.0,3313.0,3377.0,3325.0,3307.0,3307.0,2364.0,1013.0,2318.0,995.0
0.0,6824.0,3382.0,3377.0,3307.0,3382.0,3382.0,2364.0,1013.0,2367.0,1015.0
0.0,6749.0,3413.0,3380.0,3382.0,3422.0,3422.0,2366.0,1014.0,2389.0,1024.0
0.0,6718.0,3426.0,3382.0,3422.0,3432.0,3432.0,2367.0,1015.0,2399.0,1027.0
0.0,6714.0,3413.0,3384.0,3432.0,3419.0,3419.0,2369.0,1015.0,2388.0,1025.0
0.0,6733.0,3389.0,3385.0,3419.0,3392.0,3392.0,2369.0,1016.0,2373.0,1016.0
0.0,6763.0,3373.0,3385.0,3392.0,3373.0,3373.0,2369.0,1016.0,2361.0,1012.0
0.0,6782.0,3350.0,3384.0,3373.0,3347.0,3347.0,2369.0,1015.0,2345.0,1005.0
0.0,6805.0,3354.0,3386.0,3347.0,3360.0,3360.0,2370.0,1016.0,2348.0,1006.0
0.0,6798.0,3357.0,3386.0,3360.0,3357.0,3357.0,2370.0,1016.0,2350.0,1007.0
0.0,6801.0,3420.0,3387.0,3357.0,3423.0,3423.0,2371.0,1016.0,2395.0,1025.0
0.0,6738.0,3409.0,3387.0,3423.0,3409.0,3409.0,2371.0,1016.0,2385.0,1024.0
0.0,6752.0,3447.0,3390.0,3409.0,3456.0,3456.0,2373.0,1017.0,2414.0,1033.0
0.0,6714.0,3410.0,3390.0,3456.0,3410.0,3410.0,2373.0,1017.0,2388.0,1022.0
0.0,6760.0,3347.0,3389.0,3410.0,3344.0,3344.0,2372.0,1017.0,2341.0,1006.0
0.0,6823.0,3350.0,3389.0,3344.0,3350.0,3350.0,2372.0,1017.0,2345.0,1005.0
0.0,6817.0,3380.0,3390.0,3350.0,3383.0,3383.0,2373.0,1017.0,2367.0,1013.0
0.0,6787.0,3479.0,3393.0,3383.0,3488.0,3488.0,2375.0,1018.0,2435.0,1044.0
0.0,6691.0,3486.0,3396.0,3488.0,3495.0,3495.0,2377.0,1019.0,2440.0,1046.0
0.0,6693.0,3474.0,3397.0,3495.0,3477.0,3477.0,2378.0,1019.0,2433.0,1041.0
0.0,6714.0,3366.0,3396.0,3477.0,3363.0,3363.0,2377.0,1019.0,2355.0,1011.0
0.0,6825.0,3327.0,3393.0,3363.0,3318.0,3318.0,2375.0,1018.0,2329.0,998.0
0.0,6861.0,3370.0,3392.0,3318.0,3367.0,3367.0,2374.0,1018.0,2359.0,1011.0
0.0,6809.0,3458.0,3394.0,3367.0,3464.0,3464.0,2376.0,1018.0,2420.0,1038.0
0.0,6718.0,3395.0,3397.0,3464.0,3404.0,3404.0,2378.0,1019.0,2377.0,1018.0
0.0,6787.0,3417.0,3397.0,3404.0,3417.0,3417.0,2378.0,1019.0,2392.0,1025.0
0.0,6774.0,3448.0,3399.0,3417.0,3454.0,3454.0,2379.0,1020.0,2413.0,1035.0
0.0,6743.0,3368.0,3399.0,3454.0,3368.0,3368.0,2379.0,1020.0,2357.0,1011.0
0.0,6829.0,3348.0,3396.0,3368.0,3339.0,3339.0,2377.0,1019.0,2345.0,1003.0
0.0,6849.0,3409.0,3396.0,3339.0,3409.0,3409.0,2377.0,1019.0,2386.0,1023.0
0.0,6779.0,3387.0,3397.0,3409.0,3390.0,3390.0,2378.0,1019.0,2371.0,1016.0
0.0,6801.0,3469.0,3398.0,3390.0,3472.0,3472.0,2379.0,1019.0,2427.0,1042.0
0.0,6722.0,3432.0,3399.0,3472.0,3435.0,3435.0,2379.0,1020.0,2403.0,1029.0
0.0,6762.0,3397.0,3400.0,3435.0,3400.0,3400.0,2380.0,1020.0,2378.0,1019.0
0.0,6800.0,3445.0,3400.0,3400.0,3445.0,3445.0,2380.0,1020.0,2412.0,1033.0
0.0,6755.0,3437.0,3400.0,3445.0,3437.0,3437.0,2380.0,1020.0,2405.0,1032.0
0.0,6763.0,3429.0,3401.0,3437.0,3432.0,3432.0,2381.0,1020.0,2399.0,1030.0
0.0,6771.0,3422.0,3403.0,3432.0,3428.0,3428.0,2382.0,1021.0,2396.0,1026.0
0.0,6781.0,3452.0,3404.0,3428.0,3455.0,3455.0,2383.0,1021.0,2416.0,1036.0
0.0,6757.0,3409.0,3404.0,3455.0,3409.0,3409.0,2383.0,1021.0,2386.0,1023.0
0.0,6803.0,3413.0,3405.0,3409.0,3416.0,3416.0,2383.0,1022.0,2389.0,1024.0
0.0,6799.0,3340.0,3403.0,3416.0,3334.0,3334.0,2382.0,1021.0,2338.0,1002.0
0.0,6875.0,3373.0,3402.0,3334.0,3370.0,3370.0,2381.0,1021.0,2361.0,1012.0
0.0,6836.0,3374.0,3400.0,3370.0,3368.0,3368.0,2380.0,1020.0,2361.0,1013.0
0.0,6832.0,3433.0,3400.0,3368.0,3433.0,3433.0,2380.0,1020.0,2403.0,1030.0
0.0,6767.0,3435.0,3401.0,3433.0,3438.0,3438.0,2381.0,1020.0,2405.0,1030.0
0.0,6765.0,3496.0,3406.0,3438.0,3511.0,3511.0,2384.0,1022.0,2447.0,1049.0
0.0,6707.0,3482.0,3407.0,3511.0,3485.0,3485.0,2385.0,1022.0,2437.0,1045.0
0.0,6736.0,3393.0,3407.0,3485.0,3393.0,3393.0,2385.0,1022.0,2375.0,1018.0
0.0,6828.0,3401.0,3406.0,3393.0,3398.0,3398.0,2384.0,1022.0,2382.0,1019.0
0.0,6820.0,3377.0,3404.0,3398.0,3371.0,3371.0,2383.0,1021.0,2363.0,1014.0
0.0,6841.0,3468.0,3406.0,3371.0,3474.0,3474.0,2384.0,1022.0,2426.0,1042.0
0.0,6744.0,3418.0,3409.0,3474.0,3427.0,3427.0,2386.0,1023.0,2394.0,1024.0
0.0,6800.0,3482.0,3410.0,3427.0,3485.0,3485.0,2387.0,1023.0,2436.0,1046.0
0.0,6745.0,3409.0,3410.0,3485.0,3409.0,3409.0,2387.0,1023.0,2386.0,1023.0
0.0,6821.0,3439.0,3410.0,3409.0,3439.0,3439.0,2387.0,1023.0,2407.0,1032.0
0.0,6791.0,3364.0,3410.0,3439.0,3364.0,3364.0,2387.0,1023.0,2355.0,1009.0
0.0,6866.0,3330.0,3409.0,3364.0,3327.0,3327.0,2386.0,1023.0,2332.0,998.0
0.0,6900.0,3363.0,3409.0,3327.0,3363.0,3363.0,2386.0,1023.0,2354.0,1009.0
0.0,6864.0,3473.0,3410.0,3363.0,3476.0,3476.0,2387.0,1023.0,2430.0,1043.0
0.0,6754.0,3456.0,3413.0,3476.0,3465.0,3465.0,2389.0,1024.0,2421.0,1035.0
0.0,6774.0,3415.0,3414.0,3465.0,3418.0,3418.0,2390.0,1024.0,2388.0,1027.0
0.0,6824.0,3397.0,3413.0,3418.0,3394.0,3394.0,2389.0,1024.0,2378.0,1019.0
0.0,6845.0,3343.0,3412.0,3394.0,3340.0,3340.0,2388.0,1024.0,2341.0,1002.0
0.0,6896.0,3368.0,3410.0,3340.0,3362.0,3362.0,2387.0,1023.0,2357.0,1011.0
0.0,6868.0,3459.0,3412.0,3362.0,3465.0,3465.0,2388.0,1024.0,2422.0,1037.0
0.0,6771.0,3439.0,3413.0,3465.0,3442.0,3442.0,2389.0,1024.0,2406.0,1033.0
0.0,6797.0,3486.0,3416.0,3442.0,3495.0,3495.0,2391.0,1025.0,2442.0,1044.0
0.0,6753.0,3383.0,3416.0,3495.0,3383.0,3383.0,2391.0,1025.0,2368.0,1015.0
0.0,6865.0,3427.0,3415.0,3383.0,3424.0,3424.0,2390.0,1025.0,2398.0,1029.0
0.0,6821.0,3388.0,3413.0,3424.0,3382.0,3382.0,2389.0,1024.0,2371.0,1017.0
0.0,6857.0,3432.0,3412.0,3382.0,3429.0,3429.0,2388.0,1024.0,2402.0,1030.0
0.0,6807.0,3509.0,3415.0,3429.0,3518.0,3518.0,2390.0,1025.0,2458.0,1051.0
0.0,6727.0,3502.0,3419.0,3518.0,3514.0,3514.0,2393.0,1026.0,2451.0,1051.0
0.0,6743.0,3499.0,3421.0,3514.0,3505.0,3505.0,2395.0,1026.0,2448.0,1051.0
0.0,6758.0,3439.0,3420.0,3505.0,3436.0,3436.0,2394.0,1026.0,2407.0,1032.0
0.0,6824.0,3360.0,3420.0,3436.0,3360.0,3360.0,2394.0,1026.0,2352.0,1008.0
0.0,6900.0,3422.0,3420.0,3360.0,3422.0,3422.0,2394.0,1026.0,2395.0,1027.0
0.0,6838.0,3381.0,3419.0,3422.0,3378.0,3378.0,2393.0,1026.0,2368.0,1013.0
0.0,6879.0,3453.0,3420.0,3378.0,3456.0,3456.0,2394.0,1026.0,2416.0,1037.0
0.0,6804.0,3500.0,3423.0,3456.0,3509.0,3509.0,2396.0,1027.0,2450.0,1050.0
0.0,6760.0,3489.0,3425.0,3509.0,3495.0,3495.0,2397.0,1028.0,2443.0,1046.0
0.0,6780.0,3433.0,3426.0,3495.0,3436.0,3436.0,2398.0,1028.0,2404.0,1029.0
0.0,6842.0,3457.0,3426.0,3436.0,3457.0,3457.0,2398.0,1028.0,2420.0,1037.0
0.0,6821.0,3412.0,3425.0,3457.0,3409.0,3409.0,2397.0,1028.0,2387.0,1025.0
0.0,6866.0,3359.0,3424.0,3409.0,3356.0,3356.0,2397.0,1027.0,2351.0,1008.0
0.0,6916.0,3475.0,3425.0,3356.0,3478.0,3478.0,2397.0,1028.0,2432.0,1043.0
0.0,6797.0,3450.0,3425.0,3478.0,3450.0,3450.0,2397.0,1028.0,2415.0,1035.0
0.0,6825.0,3490.0,3426.0,3450.0,3493.0,3493.0,2398.0,1028.0,2442.0,1048.0
0.0,6785.0,3486.0,3427.0,3493.0,3489.0,3489.0,2399.0,1028.0,2441.0,1045.0
0.0,6792.0,3495.0,3429.0,3489.0,3501.0,3501.0,2400.0,1029.0,2447.0,1048.0
0.0,6786.0,3442.0,3429.0,3501.0,3442.0,3442.0,2400.0,1029.0,2409.0,1033.0
0.0,6845.0,3435.0,3429.0,3442.0,3435.0,3435.0,2400.0,1029.0,2402.0,1033.0
0.0,6852.0,3471.0,3432.0,3435.0,3480.0,3480.0,2402.0,1030.0,2431.0,1040.0
0.0,6816.0,3483.0,3434.0,3480.0,3489.0,3489.0,2404.0,1030.0,2437.0,1046.0
0.0,6813.0,3463.0,3436.0,3489.0,3469.0,3469.0,2405.0,1031.0,2426.0,1037.0
0.0,6839.0,3440.0,3436.0,3469.0,3440.0,3440.0,2405.0,1031.0,2408.0,1032.0
0.0,6868.0,3483.0,3437.0,3440.0,3486.0,3486.0,2406.0,1031.0,2436.0,1047.0
0.0,6825.0,3447.0,3436.0,3486.0,3444.0,3444.0,2405.0,1031.0,2415.0,1032.0
0.0,6864.0,3437.0,3435.0,3444.0,3434.0,3434.0,2404.0,1031.0,2405.0,1032.0
0.0,6871.0,3495.0,3437.0,3434.0,3501.0,3501.0,2406.0,1031.0,2446.0,1049.0
0.0,6810.0,3456.0,3438.0,3501.0,3459.0,3459.0,2406.0,1032.0,2419.0,1037.0
0.0,6855.0,3434.0,3439.0,3459.0,3437.0,3437.0,2407.0,1032.0,2405.0,1029.0
0.0,6880.0,3420.0,3439.0,3437.0,3420.0,3420.0,2407.0,1032.0,2393.0,1027.0
0.0,6897.0,3479.0,3439.0,3420.0,3479.0,3479.0,2407.0,1032.0,2436.0,1043.0
0.0,6838.0,3403.0,3437.0,3479.0,3397.0,3397.0,2406.0,1031.0,2381.0,1022.0
0.0,6914.0,3472.0,3439.0,3397.0,3478.0,3478.0,2407.0,1032.0,2431.0,1041.0
0.0,6839.0,3500.0,3440.0,3478.0,3503.0,3503.0,2408.0,1032.0,2449.0,1051.0
0.0,6817.0,3473.0,3443.0,3503.0,3482.0,3482.0,2410.0,1033.0,2432.0,1041.0
0.0,6847.0,3486.0,3446.0,3482.0,3495.0,3495.0,2412.0,1034.0,2440.0,1046.0
0.0,6843.0,3529.0,3449.0,3495.0,3538.0,3538.0,2414.0,1035.0,2470.0,1059.0
0.0,6809.0,3439.0,3447.0,3538.0,3433.0,3433.0,2413.0,1034.0,2407.0,1032.0
0.0,6908.0,3441.0,3447.0,3433.0,3441.0,3441.0,2413.0,1034.0,2409.0,1032.0
0.0,6900.0,3454.0,3449.0,3441.0,3460.0,3460.0,2414.0,1035.0,2418.0,1036.0
0.0,6887.0,3470.0,3450.0,3460.0,3473.0,3473.0,2415.0,1035.0,2430.0,1040.0
0.0,6877.0,3557.0,3454.0,3473.0,3569.0,3569.0,2418.0,1036.0,2488.0,1069.0
0.0,6793.0,3505.0,3457.0,3569.0,3514.0,3514.0,2420.0,1037.0,2455.0,1050.0
0.0,6857.0,3491.0,3457.0,3514.0,3491.0,3491.0,2420.0,1037.0,2444.0,1047.0
0.0,6880.0,3424.0,3457.0,3491.0,3424.0,3424.0,2420.0,1037.0,2397.0,1027.0
0.0,6947.0,3459.0,3456.0,3424.0,3456.0,3456.0,2419.0,1037.0,2421.0,1038.0
0.0,6912.0,3452.0,3457.0,3456.0,3455.0,3455.0,2420.0,1037.0,2415.0,1037.0
0.0,6916.0,3497.0,3459.0,3455.0,3503.0,3503.0,2421.0,1038.0,2448.0,1049.0
0.0,6874.0,3508.0,3461.0,3503.0,3514.0,3514.0,2423.0,1038.0,2455.0,1053.0
0.0,6869.0,3509.0,3463.0,3514.0,3515.0,3515.0,2424.0,1039.0,2457.0,1052.0
0.0,6874.0,3474.0,3462.0,3515.0,3471.0,3471.0,2423.0,1039.0,2432.0,1042.0
0.0,6915.0,3463.0,3462.0,3471.0,3463.0,3463.0,2423.0,1039.0,2423.0,1040.0
0.0,6923.0,3480.0,3461.0,3463.0,3477.0,3477.0,2423.0,1038.0,2436.0,1044.0
0.0,6906.0,3426.0,3460.0,3477.0,3423.0,3423.0,2422.0,1038.0,2398.0,1028.0
0.0,6957.0,3453.0,3463.0,3423.0,3462.0,3462.0,2424.0,1039.0,2418.0,1035.0
0.0,6927.0,3555.0,3466.0,3462.0,3564.0,3564.0,2426.0,1040.0,2488.0,1067.0
0.0,6834.0,3463.0,3467.0,3564.0,3466.0,3466.0,2427.0,1040.0,2425.0,1038.0
0.0,6935.0,3499.0,3467.0,3466.0,3499.0,3499.0,2427.0,1040.0,2447.0,1052.0
0.0,6902.0,3569.0,3469.0,3499.0,3575.0,3575.0,2428.0,1041.0,2499.0,1070.0
0.0,6832.0,3477.0,3469.0,3575.0,3477.0,3477.0,2428.0,1041.0,2434.0,1043.0
0.0,6930.0,3463.0,3469.0,3477.0,3463.0,3463.0,2428.0,1041.0,2425.0,1038.0
0.0,6944.0,3423.0,3469.0,3463.0,3423.0,3423.0,2428.0,1041.0,2395.0,1028.0
0.0,6984.0,3503.0,3470.0,3423.0,3506.0,3506.0,2429.0,1041.0,2453.0,1050.0
0.0,6904.0,3529.0,3473.0,3506.0,3538.0,3538.0,2431.0,1042.0,2471.0,1058.0
0.0,6881.0,3520.0,3474.0,3538.0,3523.0,3523.0,2432.0,1042.0,2462.0,1058.0
0.0,6899.0,3433.0,3474.0,3523.0,3433.0,3433.0,2432.0,1042.0,2405.0,1028.0
0.0,6989.0,3448.0,3473.0,3433.0,3445.0,3445.0,2431.0,1042.0,2413.0,1035.0
0.0,6974.0,3515.0,3474.0,3445.0,3518.0,3518.0,2432.0,1042.0,2461.0,1054.0
0.0,6904.0,3526.0,3474.0,3518.0,3526.0,3526.0,2432.0,1042.0,2466.0,1060.0
0.0,6896.0,3530.0,3476.0,3526.0,3536.0,3536.0,2433.0,1043.0,2472.0,1058.0
0.0,6892.0,3559.0,3479.0,3536.0,3568.0,3568.0,2435.0,1044.0,2491.0,1068.0
0.0,6869.0,3509.0,3479.0,3568.0,3509.0,3509.0,2435.0,1044.0,2457.0,1052.0
0.0,6928.0,3460.0,3479.0,3509.0,3460.0,3460.0,2435.0,1044.0,2421.0,1039.0
0.0,6977.0,3435.0,3479.0,3460.0,3435.0,3435.0,2435.0,1044.0,2404.0,1031.0
0.0,7002.0,3469.0,3479.0,3435.0,3469.0,3469.0,2435.0,1044.0,2428.0,1041.0
0.0,6968.0,3517.0,3480.0,3469.0,3520.0,3520.0,2436.0,1044.0,2463.0,1054.0
0.0,6920.0,3522.0,3481.0,3520.0,3525.0,3525.0,2437.0,1044.0,2464.0,1058.0
0.0,6918.0,3499.0,3482.0,3525.0,3502.0,3502.0,2437.0,1045.0,2450.0,1049.0
0.0,6944.0,3463.0,3482.0,3502.0,3463.0,3463.0,2437.0,1045.0,2423.0,1040.0
0.0,6983.0,3519.0,3483.0,3463.0,3522.0,3522.0,2438.0,1045.0,2464.0,1055.0
0.0,6927.0,3493.0,3484.0,3522.0,3496.0,3496.0,2439.0,1045.0,2446.0,1047.0
0.0,6956.0,3515.0,3486.0,3496.0,3521.0,3521.0,2440.0,1046.0,2459.0,1056.0
0.0,6937.0,3477.0,3486.0,3521.0,3477.0,3477.0,2440.0,1046.0,2434.0,1043.0
0.0,6981.0,3573.0,3489.0,3477.0,3582.0,3582.0,2442.0,1047.0,2501.0,1072.0
0.0,6885.0,3544.0,3490.0,3582.0,3547.0,3547.0,2443.0,1047.0,2482.0,1062.0
0.0,6923.0,3510.0,3490.0,3547.0,3510.0,3510.0,2443.0,1047.0,2457.0,1053.0
0.0,6960.0,3519.0,3492.0,3510.0,3525.0,3525.0,2444.0,1048.0,2462.0,1057.0
0.0,6951.0,3506.0,3492.0,3525.0,3506.0,3506.0,2444.0,1048.0,2454.0,1052.0
0.0,6970.0,3403.0,3489.0,3506.0,3394.0,3394.0,2442.0,1047.0,2383.0,1020.0
0.0,7073.0,3529.0,3491.0,3394.0,3535.0,3535.0,2444.0,1047.0,2469.0,1060.0
0.0,6938.0,3563.0,3493.0,3535.0,3569.0,3569.0,2445.0,1048.0,2496.0,1067.0
0.0,6910.0,3513.0,3494.0,3569.0,3516.0,3516.0,2446.0,1048.0,2457.0,1056.0
0.0,6966.0,3515.0,3496.0,3516.0,3521.0,3521.0,2447.0,1049.0,2461.0,1054.0
0.0,6967.0,3454.0,3493.0,3521.0,3445.0,3445.0,2445.0,1048.0,2419.0,1035.0
0.0,7034.0,3446.0,3493.0,3445.0,3446.0,3446.0,2445.0,1048.0,2411.0,1035.0
0.0,7033.0,3519.0,3493.0,3446.0,3519.0,3519.0,2445.0,1048.0,2463.0,1056.0
0.0,6960.0,3556.0,3496.0,3519.0,3565.0,3565.0,2447.0,1049.0,2489.0,1067.0
0.0,6923.0,3537.0,3497.0,3565.0,3540.0,3540.0,2448.0,1049.0,2477.0,1060.0
0.0,6951.0,3546.0,3499.0,3540.0,3552.0,3552.0,2449.0,1050.0,2481.0,1065.0
0.0,6945.0,3536.0,3500.0,3552.0,3539.0,3539.0,2450.0,1050.0,2476.0,1060.0
0.0,6961.0,3460.0,3499.0,3539.0,3457.0,3457.0,2449.0,1050.0,2421.0,1039.0
0.0,7040.0,3400.0,3496.0,3457.0,3391.0,3391.0,2447.0,1049.0,2381.0,1019.0
0.0,7097.0,3463.0,3496.0,3391.0,3463.0,3463.0,2447.0,1049.0,2424.0,1039.0
0.0,7025.0,3522.0,3497.0,3463.0,3525.0,3525.0,2448.0,1049.0,2464.0,1058.0
0.0,6966.0,3477.0,3497.0,3525.0,3477.0,3477.0,2448.0,1049.0,2434.0,1043.0
0.0,7014.0,3591.0,3500.0,3477.0,3600.0,3600.0,2450.0,1050.0,2513.0,1078.0
0.0,6900.0,3553.0,3503.0,3600.0,3562.0,3562.0,2452.0,1051.0,2488.0,1065.0
0.0,6947.0,3456.0,3500.0,3562.0,3447.0,3447.0,2450.0,1050.0,2418.0,1038.0
0.0,7053.0,3492.0,3501.0,3447.0,3495.0,3495.0,2451.0,1050.0,2444.0,1048.0
0.0,7008.0,3477.0,3500.0,3495.0,3474.0,3474.0,2450.0,1050.0,2434.0,1043.0
0.0,7026.0,3418.0,3497.0,3474.0,3409.0,3409.0,2448.0,1049.0,2393.0,1025.0
0.0,7082.0,3555.0,3499.0,3409.0,3561.0,3561.0,2449.0,1050.0,2489.0,1066.0
0.0,6936.0,3503.0,3500.0,3561.0,3506.0,3506.0,2450.0,1050.0,2451.0,1052.0
0.0,6994.0,3523.0,3502.0,3506.0,3529.0,3529.0,2451.0,1051.0,2467.0,1056.0
0.0,6977.0,3507.0,3502.0,3529.0,3507.0,3507.0,2451.0,1051.0,2455.0,1052.0
0.0,6999.0,3466.0,3500.0,3507.0,3460.0,3460.0,2450.0,1050.0,2425.0,1041.0
0.0,7040.0,3431.0,3499.0,3460.0,3428.0,3428.0,2449.0,1050.0,2403.0,1028.0
0.0,7069.0,3512.0,3500.0,3428.0,3515.0,3515.0,2450.0,1050.0,2457.0,1055.0
0.0,6985.0,3535.0,3502.0,3515.0,3541.0,3541.0,2451.0,1051.0,2475.0,1060.0
0.0,6965.0,3635.0,3505.0,3541.0,3644.0,3644.0,2453.0,1052.0,2544.0,1091.0
0.0,6871.0,3517.0,3504.0,3644.0,3514.0,3514.0,2453.0,1051.0,2462.0,1055.0
0.0,6998.0,3510.0,3504.0,3514.0,3510.0,3510.0,2453.0,1051.0,2457.0,1053.0
0.0,7002.0,3495.0,3503.0,3510.0,3492.0,3492.0,2452.0,1051.0,2448.0,1047.0
0.0,7017.0,3481.0,3503.0,3492.0,3481.0,3481.0,2452.0,1051.0,2437.0,1044.0
0.0,7028.0,3568.0,3504.0,3481.0,3571.0,3571.0,2453.0,1051.0,2496.0,1072.0
0.0,6941.0,3562.0,3507.0,3571.0,3571.0,3571.0,2455.0,1052.0,2492.0,1070.0
0.0,6950.0,3593.0,3509.0,3571.0,3599.0,3599.0,2456.0,1053.0,2517.0,1076.0
0.0,6928.0,3544.0,3510.0,3599.0,3547.0,3547.0,2457.0,1053.0,2481.0,1063.0
0.0,6983.0,3516.0,3510.0,3547.0,3516.0,3516.0,2457.0,1053.0,2461.0,1055.0
0.0,7014.0,3481.0,3509.0,3516.0,3478.0,3478.0,2456.0,1053.0,2437.0,1044.0
0.0,7049.0,3492.0,3510.0,3478.0,3495.0,3495.0,2457.0,1053.0,2445.0,1047.0
0.0,7035.0,3482.0,3509.0,3495.0,3479.0,3479.0,2456.0,1053.0,2436.0,1046.0
0.0,7048.0,3565.0,3510.0,3479.0,3568.0,3568.0,2457.0,1053.0,2494.0,1071.0
0.0,6962.0,3594.0,3512.0,3568.0,3600.0,3600.0,2458.0,1054.0,2517.0,1077.0
0.0,6936.0,3576.0,3514.0,3600.0,3582.0,3582.0,2460.0,1054.0,2502.0,1074.0
0.0,6960.0,3539.0,3513.0,3582.0,3536.0,3536.0,2459.0,1054.0,2477.0,1062.0
0.0,7003.0,3483.0,3512.0,3536.0,3480.0,3480.0,2458.0,1054.0,2439.0,1044.0
0.0,7056.0,3476.0,3512.0,3480.0,3476.0,3476.0,2458.0,1054.0,2433.0,1043.0
0.0,7060.0,3533.0,3512.0,3476.0,3533.0,3533.0,2458.0,1054.0,2473.0,1060.0
0.0,7003.0,3593.0,3513.0,3533.0,3596.0,3596.0,2459.0,1054.0,2514.0,1079.0
0.0,6943.0,3593.0,3517.0,3596.0,3605.0,3605.0,2462.0,1055.0,2516.0,1077.0
0.0,6946.0,3474.0,3516.0,3605.0,3471.0,3471.0,2461.0,1055.0,2433.0,1041.0
0.0,7077.0,3533.0,3516.0,3471.0,3533.0,3533.0,2461.0,1055.0,2473.0,1060.0
0.0,7015.0,3487.0,3515.0,3533.0,3484.0,3484.0,2460.0,1055.0,2440.0,1047.0
0.0,7061.0,3502.0,3514.0,3484.0,3499.0,3499.0,2460.0,1054.0,2451.0,1051.0
0.0,7043.0,3592.0,3517.0,3499.0,3601.0,3601.0,2462.0,1055.0,2514.0,1078.0
0.0,6950.0,3570.0,3520.0,3601.0,3579.0,3579.0,2464.0,1056.0,2501.0,1069.0
0.0,6981.0,3580.0,3520.0,3579.0,3580.0,3580.0,2464.0,1056.0,2504.0,1076.0
0.0,6980.0,3583.0,3521.0,3580.0,3586.0,3586.0,2465.0,1056.0,2509.0,1074.0
0.0,6977.0,3517.0,3521.0,3586.0,3517.0,3517.0,2465.0,1056.0,2462.0,1055.0
0.0,7046.0,3543.0,3521.0,3517.0,3543.0,3543.0,2465.0,1056.0,2480.0,1063.0
0.0,7020.0,3500.0,3520.0,3543.0,3497.0,3497.0,2464.0,1056.0,2449.0,1051.0
0.0,7063.0,3547.0,3522.0,3497.0,3553.0,3553.0,2465.0,1057.0,2484.0,1063.0
0.0,7013.0,3602.0,3526.0,3553.0,3614.0,3614.0,2468.0,1058.0,2522.0,1080.0
0.0,6964.0,3613.0,3529.0,3614.0,3622.0,3622.0,2470.0,1059.0,2529.0,1084.0
0.0,6965.0,3590.0,3530.0,3622.0,3593.0,3593.0,2471.0,1059.0,2514.0,1076.0
0.0,6997.0,3510.0,3530.0,3593.0,3510.0,3510.0,2471.0,1059.0,2455.0,1055.0
0.0,7080.0,3553.0,3530.0,3510.0,3553.0,3553.0,2471.0,1059.0,2489.0,1064.0
0.0,7037.0,3533.0,3530.0,3553.0,3533.0,3533.0,2471.0,1059.0,2472.0,1061.0
0.0,7057.0,3565.0,3532.0,3533.0,3571.0,3571.0,2472.0,1060.0,2495.0,1070.0
0.0,7025.0,3555.0,3533.0,3571.0,3558.0,3558.0,2473.0,1060.0,2489.0,1066.0
0.0,7041.0,3534.0,3534.0,3558.0,3537.0,3537.0,2474.0,1060.0,2472.0,1062.0
0.0,7065.0,3634.0,3538.0,3537.0,3646.0,3646.0,2477.0,1061.0,2544.0,1090.0
0.0,6968.0,3602.0,3539.0,3646.0,3605.0,3605.0,2477.0,1062.0,2522.0,1080.0
0.0,7012.0,3595.0,3540.0,3605.0,3598.0,3598.0,2478.0,1062.0,2515.0,1080.0
0.0,7022.0,3556.0,3541.0,3598.0,3559.0,3559.0,2479.0,1062.0,2489.0,1067.0
0.0,7064.0,3610.0,3543.0,3559.0,3616.0,3616.0,2480.0,1063.0,2529.0,1081.0
0.0,7013.0,3593.0,3546.0,3616.0,3602.0,3602.0,2482.0,1064.0,2514.0,1079.0
0.0,7036.0,3625.0,3550.0,3602.0,3637.0,3637.0,2485.0,1065.0,2538.0,1087.0
0.0,7013.0,3580.0,3551.0,3637.0,3583.0,3583.0,2486.0,1065.0,2507.0,1073.0
0.0,7070.0,3595.0,3552.0,3583.0,3598.0,3598.0,2486.0,1066.0,2514.0,1081.0
0.0,7058.0,3478.0,3549.0,3598.0,3469.0,3469.0,2484.0,1065.0,2435.0,1043.0
0.0,7178.0,3562.0,3550.0,3469.0,3565.0,3565.0,2485.0,1065.0,2494.0,1068.0
0.0,7085.0,3523.0,3550.0,3565.0,3523.0,3523.0,2485.0,1065.0,2466.0,1057.0
0.0,7127.0,3600.0,3552.0,3523.0,3606.0,3606.0,2486.0,1066.0,2519.0,1081.0
0.0,7050.0,3616.0,3554.0,3606.0,3622.0,3622.0,2488.0,1066.0,2531.0,1085.0
0.0,7040.0,3559.0,3554.0,3622.0,3559.0,3559.0,2488.0,1066.0,2491.0,1068.0
0.0,7103.0,3471.0,3553.0,3559.0,3468.0,3468.0,2487.0,1066.0,2431.0,1040.0
0.0,7191.0,3523.0,3552.0,3468.0,3520.0,3520.0,2486.0,1066.0,2465.0,1058.0
0.0,7136.0,3563.0,3552.0,3520.0,3563.0,3563.0,2486.0,1066.0,2494.0,1069.0
0.0,7093.0,3557.0,3553.0,3563.0,3560.0,3560.0,2487.0,1066.0,2491.0,1066.0
0.0,7099.0,3656.0,3556.0,3560.0,3665.0,3665.0,2489.0,1067.0,2559.0,1097.0
0.0,7003.0,3553.0,3557.0,3665.0,3556.0,3556.0,2490.0,1067.0,2488.0,1065.0
0.0,7115.0,3555.0,3559.0,3556.0,3561.0,3561.0,2491.0,1068.0,2487.0,1068.0
0.0,7116.0,3557.0,3559.0,3561.0,3557.0,3557.0,2491.0,1068.0,2490.0,1067.0
0.0,7120.0,3606.0,3559.0,3557.0,3606.0,3606.0,2491.0,1068.0,2524.0,1082.0
0.0,7071.0,3542.0,3557.0,3606.0,3536.0,3536.0,2490.0,1067.0,2479.0,1063.0
0.0,7135.0,3594.0,3559.0,3536.0,3600.0,3600.0,2491.0,1068.0,2516.0,1078.0
0.0,7077.0,3608.0,3561.0,3600.0,3614.0,3614.0,2493.0,1068.0,2525.0,1083.0
0.0,7069.0,3672.0,3566.0,3614.0,3687.0,3687.0,2496.0,1070.0,2570.0,1102.0
0.0,7011.0,3602.0,3566.0,3687.0,3602.0,3602.0,2496.0,1070.0,2522.0,1080.0
0.0,7096.0,3569.0,3566.0,3602.0,3569.0,3569.0,2496.0,1070.0,2498.0,1071.0
0.0,7129.0,3532.0,3565.0,3569.0,3529.0,3529.0,2495.0,1070.0,2471.0,1061.0
0.0,7166.0,3520.0,3566.0,3529.0,3523.0,3523.0,2496.0,1070.0,2465.0,1055.0
0.0,7175.0,3522.0,3566.0,3523.0,3522.0,3522.0,2496.0,1070.0,2465.0,1057.0
0.0,7176.0,3612.0,3567.0,3522.0,3615.0,3615.0,2497.0,1070.0,2527.0,1085.0
0.0,7086.0,3595.0,3570.0,3615.0,3604.0,3604.0,2499.0,1071.0,2518.0,1077.0
0.0,7106.0,3633.0,3570.0,3604.0,3633.0,3633.0,2499.0,1071.0,2543.0,1090.0
0.0,7077.0,3564.0,3570.0,3633.0,3564.0,3564.0,2499.0,1071.0,2495.0,1069.0
0.0,7146.0,3514.0,3569.0,3564.0,3511.0,3511.0,2498.0,1071.0,2459.0,1055.0
0.0,7196.0,3600.0,3570.0,3511.0,3603.0,3603.0,2499.0,1071.0,2521.0,1079.0
0.0,7107.0,3580.0,3570.0,3603.0,3580.0,3580.0,2499.0,1071.0,2506.0,1074.0
0.0,7130.0,3620.0,3572.0,3580.0,3626.0,3626.0,2500.0,1072.0,2533.0,1087.0
0.0,7090.0,3593.0,3574.0,3626.0,3599.0,3599.0,2502.0,1072.0,2517.0,1076.0
0.0,7123.0,3582.0,3574.0,3599.0,3582.0,3582.0,2502.0,1072.0,2505.0,1077.0
0.0,7140.0,3568.0,3574.0,3582.0,3568.0,3568.0,2502.0,1072.0,2500.0,1068.0
0.0,7154.0,3564.0,3573.0,3568.0,3561.0,3561.0,2501.0,1072.0,2494.0,1070.0
0.0,7158.0,3539.0,3572.0,3561.0,3536.0,3536.0,2500.0,1072.0,2477.0,1062.0
0.0,7180.0,3586.0,3573.0,3536.0,3589.0,3589.0,2501.0,1072.0,2511.0,1075.0
0.0,7130.0,3593.0,3574.0,3589.0,3596.0,3596.0,2502.0,1072.0,2513.0,1080.0
0.0,7126.0,3584.0,3576.0,3596.0,3590.0,3590.0,2503.0,1073.0,2510.0,1074.0
0.0,7138.0,3667.0,3577.0,3590.0,3670.0,3670.0,2504.0,1073.0,2568.0,1099.0
0.0,7061.0,3597.0,3577.0,3670.0,3597.0,3597.0,2504.0,1073.0,2517.0,1080.0
0.0,7134.0,3566.0,3579.0,3597.0,3572.0,3572.0,2505.0,1074.0,2496.0,1070.0
0.0,7165.0,3511.0,3576.0,3572.0,3502.0,3502.0,2503.0,1073.0,2459.0,1052.0
0.0,7226.0,3652.0,3577.0,3502.0,3655.0,3655.0,2504.0,1073.0,2554.0,1098.0
0.0,7076.0,3643.0,3578.0,3655.0,3646.0,3646.0,2505.0,1073.0,2551.0,1092.0
0.0,7088.0,3582.0,3579.0,3646.0,3585.0,3585.0,2505.0,1074.0,2507.0,1075.0
0.0,7152.0,3593.0,3579.0,3585.0,3593.0,3593.0,2505.0,1074.0,2515.0,1078.0
0.0,7144.0,3559.0,3577.0,3593.0,3553.0,3553.0,2504.0,1073.0,2491.0,1068.0
0.0,7178.0,3564.0,3576.0,3553.0,3561.0,3561.0,2503.0,1073.0,2494.0,1070.0
0.0,7167.0,3537.0,3576.0,3561.0,3537.0,3537.0,2503.0,1073.0,2478.0,1059.0
0.0,7191.0,3587.0,3576.0,3537.0,3587.0,3587.0,2503.0,1073.0,2511.0,1076.0
0.0,7141.0,3608.0,3578.0,3587.0,3614.0,3614.0,2505.0,1073.0,2524.0,1084.0
0.0,7120.0,3563.0,3578.0,3614.0,3563.0,3563.0,2505.0,1073.0,2494.0,1069.0
0.0,7171.0,3580.0,3579.0,3563.0,3583.0,3583.0,2505.0,1074.0,2507.0,1073.0
0.0,7154.0,3567.0,3579.0,3583.0,3567.0,3567.0,2505.0,1074.0,2497.0,1070.0
0.0,7170.0,3623.0,3579.0,3567.0,3623.0,3623.0,2505.0,1074.0,2536.0,1087.0
0.0,7114.0,3527.0,3578.0,3623.0,3524.0,3524.0,2505.0,1073.0,2469.0,1058.0
0.0,7210.0,3653.0,3581.0,3524.0,3662.0,3662.0,2507.0,1074.0,2557.0,1096.0
0.0,7081.0,3659.0,3584.0,3662.0,3668.0,3668.0,2509.0,1075.0,2560.0,1099.0
0.0,7084.0,3624.0,3586.0,3668.0,3630.0,3630.0,2510.0,1076.0,2538.0,1086.0
0.0,7128.0,3650.0,3587.0,3630.0,3653.0,3653.0,2511.0,1076.0,2554.0,1096.0
0.0,7108.0,3640.0,3587.0,3653.0,3640.0,3640.0,2511.0,1076.0,2548.0,1092.0
0.0,7121.0,3538.0,3586.0,3640.0,3535.0,3535.0,2510.0,1076.0,2479.0,1059.0
0.0,7223.0,3577.0,3587.0,3535.0,3580.0,3580.0,2511.0,1076.0,2503.0,1074.0
0.0,7181.0,3604.0,3587.0,3580.0,3604.0,3604.0,2511.0,1076.0,2523.0,1081.0
0.0,7157.0,3636.0,3589.0,3604.0,3642.0,3642.0,2512.0,1077.0,2546.0,1090.0
0.0,7125.0,3640.0,3590.0,3642.0,3643.0,3643.0,2513.0,1077.0,2547.0,1093.0
0.0,7127.0,3606.0,3590.0,3643.0,3606.0,3606.0,2513.0,1077.0,2524.0,1082.0
0.0,7164.0,3524.0,3589.0,3606.0,3521.0,3521.0,2512.0,1077.0,2468.0,1056.0
0.0,7246.0,3576.0,3587.0,3521.0,3570.0,3570.0,2511.0,1076.0,2502.0,1074.0
0.0,7191.0,3546.0,3586.0,3570.0,3543.0,3543.0,2510.0,1076.0,2483.0,1063.0
0.0,7215.0,3615.0,3587.0,3543.0,3618.0,3618.0,2511.0,1076.0,2529.0,1086.0
0.0,7143.0,3650.0,3589.0,3618.0,3656.0,3656.0,2512.0,1077.0,2556.0,1094.0
0.0,7111.0,3646.0,3591.0,3656.0,3652.0,3652.0,2514.0,1077.0,2552.0,1094.0
0.0,7121.0,3583.0,3593.0,3652.0,3589.0,3589.0,2515.0,1078.0,2509.0,1074.0
0.0,7190.0,3592.0,3593.0,3589.0,3592.0,3592.0,2515.0,1078.0,2514.0,1078.0
0.0,7187.0,3511.0,3590.0,3592.0,3502.0,3502.0,2513.0,1077.0,2457.0,1054.0
0.0,7268.0,3560.0,3590.0,3502.0,3560.0,3560.0,2513.0,1077.0,2493.0,1067.0
0.0,7210.0,3659.0,3591.0,3560.0,3662.0,3662.0,2514.0,1077.0,2560.0,1099.0
0.0,7111.0,3686.0,3594.0,3662.0,3695.0,3695.0,2516.0,1078.0,2580.0,1106.0
0.0,7087.0,3663.0,3596.0,3695.0,3669.0,3669.0,2517.0,1079.0,2565.0,1098.0
0.0,7119.0,3612.0,3596.0,3669.0,3612.0,3612.0,2517.0,1079.0,2528.0,1084.0
0.0,7176.0,3564.0,3596.0,3612.0,3564.0,3564.0,2517.0,1079.0,2495.0,1069.0
0.0,7224.0,3610.0,3596.0,3564.0,3610.0,3610.0,2517.0,1079.0,2527.0,1083.0
0.0,7178.0,3655.0,3597.0,3610.0,3658.0,3658.0,2518.0,1079.0,2557.0,1098.0
0.0,7133.0,3614.0,3597.0,3658.0,3614.0,3614.0,2518.0,1079.0,2530.0,1084.0
0.0,7177.0,3625.0,3599.0,3614.0,3631.0,3631.0,2519.0,1080.0,2538.0,1087.0
0.0,7166.0,3640.0,3601.0,3631.0,3646.0,3646.0,2521.0,1080.0,2547.0,1093.0
0.0,7157.0,3634.0,3602.0,3646.0,3637.0,3637.0,2521.0,1081.0,2545.0,1089.0
0.0,7169.0,3660.0,3603.0,3637.0,3663.0,3663.0,2522.0,1081.0,2563.0,1097.0
0.0,7146.0,3520.0,3602.0,3663.0,3517.0,3517.0,2521.0,1081.0,2463.0,1057.0
0.0,7289.0,3540.0,3600.0,3517.0,3534.0,3534.0,2520.0,1080.0,2479.0,1061.0
0.0,7266.0,3591.0,3600.0,3534.0,3591.0,3591.0,2520.0,1080.0,2514.0,1077.0
0.0,7209.0,3669.0,3601.0,3591.0,3672.0,3672.0,2521.0,1080.0,2567.0,1102.0
0.0,7131.0,3682.0,3604.0,3672.0,3691.0,3691.0,2523.0,1081.0,2577.0,1105.0
0.0,7121.0,3591.0,3603.0,3691.0,3588.0,3588.0,2522.0,1081.0,2513.0,1078.0
0.0,7221.0,3560.0,3602.0,3588.0,3557.0,3557.0,2521.0,1081.0,2493.0,1067.0
0.0,7249.0,3503.0,3600.0,3557.0,3497.0,3497.0,2520.0,1080.0,2451.0,1052.0
0.0,7303.0,3633.0,3601.0,3497.0,3636.0,3636.0,2521.0,1080.0,2544.0,1089.0
0.0,7167.0,3603.0,3602.0,3636.0,3606.0,3606.0,2521.0,1081.0,2522.0,1081.0
0.0,7200.0,3649.0,3603.0,3606.0,3652.0,3652.0,2522.0,1081.0,2553.0,1096.0
0.0,7157.0,3652.0,3606.0,3652.0,3661.0,3661.0,2524.0,1082.0,2558.0,1094.0
0.0,7157.0,3626.0,3607.0,3661.0,3629.0,3629.0,2525.0,1082.0,2538.0,1088.0
0.0,7192.0,3639.0,3607.0,3629.0,3639.0,3639.0,2525.0,1082.0,2546.0,1093.0
0.0,7182.0,3563.0,3607.0,3639.0,3563.0,3563.0,2525.0,1082.0,2494.0,1069.0
0.0,7258.0,3566.0,3607.0,3563.0,3566.0,3566.0,2525.0,1082.0,2496.0,1070.0
0.0,7255.0,3597.0,3607.0,3566.0,3597.0,3597.0,2525.0,1082.0,2518.0,1079.0
0.0,7224.0,3677.0,3609.0,3597.0,3683.0,3683.0,2526.0,1083.0,2575.0,1102.0
0.0,7144.0,3663.0,3611.0,3683.0,3669.0,3669.0,2528.0,1083.0,2563.0,1100.0
0.0,7164.0,3641.0,3611.0,3669.0,3641.0,3641.0,2528.0,1083.0,2549.0,1092.0
0.0,7192.0,3593.0,3610.0,3641.0,3590.0,3590.0,2527.0,1083.0,2517.0,1076.0
0.0,7240.0,3590.0,3609.0,3590.0,3587.0,3587.0,2526.0,1083.0,2512.0,1078.0
0.0,7240.0,3613.0,3608.0,3587.0,3610.0,3610.0,2526.0,1082.0,2529.0,1084.0
0.0,7214.0,3726.0,3610.0,3610.0,3732.0,3732.0,2527.0,1083.0,2607.0,1119.0
0.0,7098.0,3668.0,3613.0,3732.0,3677.0,3677.0,2529.0,1084.0,2569.0,1099.0
0.0,7162.0,3663.0,3614.0,3677.0,3666.0,3666.0,2530.0,1084.0,2563.0,1100.0
0.0,7176.0,3657.0,3615.0,3666.0,3660.0,3660.0,2530.0,1085.0,2560.0,1097.0
0.0,7185.0,3603.0,3614.0,3660.0,3600.0,3600.0,2530.0,1084.0,2522.0,1081.0
0.0,7242.0,3623.0,3614.0,3600.0,3623.0,3623.0,2530.0,1084.0,2536.0,1087.0
0.0,7219.0,3599.0,3614.0,3623.0,3599.0,3599.0,2530.0,1084.0,2519.0,1080.0
0.0,7243.0,3650.0,3616.0,3599.0,3656.0,3656.0,2531.0,1085.0,2556.0,1094.0
0.0,7192.0,3639.0,3617.0,3656.0,3642.0,3642.0,2532.0,1085.0,2546.0,1093.0
0.0,7209.0,3642.0,3620.0,3642.0,3651.0,3651.0,2534.0,1086.0,2550.0,1092.0
0.0,7209.0,3629.0,3620.0,3651.0,3629.0,3629.0,2534.0,1086.0,2540.0,1089.0
0.0,7231.0,3629.0,3619.0,3629.0,3626.0,3626.0,2533.0,1086.0,2540.0,1089.0
0.0,7231.0,3597.0,3619.0,3626.0,3597.0,3597.0,2533.0,1086.0,2518.0,1079.0
0.0,7260.0,3644.0,3620.0,3597.0,3647.0,3647.0,2534.0,1086.0,2552.0,1092.0
0.0,7213.0,3613.0,3620.0,3647.0,3613.0,3613.0,2534.0,1086.0,2527.0,1086.0
0.0,7247.0,3699.0,3623.0,3613.0,3708.0,3708.0,2536.0,1087.0,2589.0,1110.0
0.0,7161.0,3660.0,3626.0,3708.0,3669.0,3669.0,2538.0,1088.0,2563.0,1097.0
0.0,7209.0,3652.0,3626.0,3669.0,3652.0,3652.0,2538.0,1088.0,2556.0,1096.0
0.0,7226.0,3619.0,3624.0,3652.0,3613.0,3613.0,2537.0,1087.0,2533.0,1086.0
0.0,7259.0,3673.0,3624.0,3613.0,3673.0,3673.0,2537.0,1087.0,2571.0,1102.0
0.0,7199.0,3630.0,3624.0,3673.0,3630.0,3630.0,2537.0,1087.0,2541.0,1089.0
0.0,7242.0,3587.0,3625.0,3630.0,3590.0,3590.0,2537.0,1088.0,2511.0,1076.0
0.0,7285.0,3712.0,3627.0,3590.0,3718.0,3718.0,2539.0,1088.0,2598.0,1114.0
0.0,7163.0,3707.0,3628.0,3718.0,3710.0,3710.0,2540.0,1088.0,2595.0,1112.0
0.0,7174.0,3668.0,3629.0,3710.0,3671.0,3671.0,2540.0,1089.0,2568.0,1100.0
0.0,7216.0,3617.0,3629.0,3671.0,3617.0,3617.0,2540.0,1089.0,2532.0,1085.0
0.0,7270.0,3653.0,3629.0,3617.0,3653.0,3653.0,2540.0,1089.0,2557.0,1096.0
0.0,7234.0,3595.0,3629.0,3653.0,3595.0,3595.0,2540.0,1089.0,2516.0,1079.0
0.0,7292.0,3583.0,3627.0,3595.0,3577.0,3577.0,2539.0,1088.0,2507.0,1076.0
0.0,7304.0,3671.0,3630.0,3577.0,3680.0,3680.0,2541.0,1089.0,2569.0,1102.0
0.0,7210.0,3658.0,3632.0,3680.0,3664.0,3664.0,2542.0,1090.0,2561.0,1097.0
0.0,7232.0,3673.0,3633.0,3664.0,3676.0,3676.0,2543.0,1090.0,2570.0,1103.0
0.0,7223.0,3650.0,3633.0,3676.0,3650.0,3650.0,2543.0,1090.0,2555.0,1095.0
0.0,7249.0,3650.0,3633.0,3650.0,3650.0,3650.0,2543.0,1090.0,2557.0,1093.0
0.0,7249.0,3638.0,3633.0,3650.0,3638.0,3638.0,2543.0,1090.0,2544.0,1094.0
0.0,7261.0,3625.0,3635.0,3638.0,3631.0,3631.0,2544.0,1091.0,2538.0,1087.0
0.0,7274.0,3716.0,3639.0,3631.0,3728.0,3728.0,2547.0,1092.0,2602.0,1114.0
0.0,7189.0,3716.0,3640.0,3728.0,3719.0,3719.0,2548.0,1092.0,2600.0,1116.0
0.0,7201.0,3692.0,3642.0,3719.0,3698.0,3698.0,2549.0,1093.0,2585.0,1107.0
0.0,7228.0,3689.0,3643.0,3698.0,3692.0,3692.0,2550.0,1093.0,2582.0,1107.0
0.0,7237.0,3622.0,3643.0,3692.0,3622.0,3622.0,2550.0,1093.0,2535.0,1087.0
0.0,7307.0,3642.0,3643.0,3622.0,3642.0,3642.0,2550.0,1093.0,2549.0,1093.0
0.0,7287.0,3778.0,3646.0,3642.0,3787.0,3787.0,2552.0,1094.0,2644.0,1134.0
0.0,7151.0,3724.0,3649.0,3787.0,3733.0,3733.0,2554.0,1095.0,2606.0,1118.0
0.0,7214.0,3726.0,3652.0,3733.0,3735.0,3735.0,2556.0,1096.0,2608.0,1118.0
0.0,7221.0,3666.0,3653.0,3735.0,3669.0,3669.0,2557.0,1096.0,2567.0,1099.0
0.0,7290.0,3639.0,3652.0,3669.0,3636.0,3636.0,2556.0,1096.0,2547.0,1092.0
0.0,7320.0,3579.0,3650.0,3636.0,3573.0,3573.0,2555.0,1095.0,2504.0,1075.0
0.0,7377.0,3579.0,3649.0,3573.0,3576.0,3576.0,2554.0,1095.0,2506.0,1073.0
0.0,7371.0,3698.0,3652.0,3576.0,3707.0,3707.0,2556.0,1096.0,2587.0,1111.0
0.0,7249.0,3721.0,3654.0,3707.0,3727.0,3727.0,2558.0,1096.0,2604.0,1117.0
0.0,7235.0,3676.0,3649.347819556429,3727.0,3662.0,3662.0,2553.596482693789,1095.75133686264,2574.0,1102.0
0.0,7286.0,3707.0,3658.747148461787,3662.0,3735.0,3735.0,2560.095337076217,1098.65181138557,2594.0,1113.0
0.0,7241.0,3673.0,3651.5188771583385,3735.0,3652.0,3652.0,2555.110767967974,1096.4081091903645,2572.0,1101.0
0.0,7303.0,3611.0,3627.0014859405474,3652.0,3537.0,3537.0,2538.15031092295,1088.8511750175971,2527.0,1084.0
0.0,7344.0,3591.0,3607.148030825319,3537.0,3531.0,3531.0,2524.3944365782363,1082.7535942470827,2515.0,1076.0
0.0,7290.0,3720.0,3643.4858416751795,3531.0,3829.0,3829.0,2549.5283548097186,1093.9574868654609,2604.0,1116.0
0.0,7101.0,3715.0,3657.605082080997,3829.0,3758.0,3758.0,2559.2950163549826,1098.3100657260143,2601.0,1114.0
0.0,7215.0,3665.0,3648.5446644471936,3758.0,3638.0,3638.0,2553.0454960220586,1095.499168425135,2564.0,1101.0
0.0,7308.0,3670.0,3646.091910547093,3638.0,3662.0,3662.0,2551.3611712617576,1094.7307392853356,2569.0,1101.0
0.0,7276.0,3649.0,3637.7752161177477,3662.0,3625.0,3625.0,2545.6160772056655,1092.1591389120822,2554.0,1095.0
0.0,7289.0,3600.0,3615.8929862580703,3625.0,3534.0,3534.0,2530.463687997391,1085.4292982606794,2520.0,1080.0
0.0,7314.0,3596.0,3604.1776328366873,3534.0,3560.0,3560.0,2522.353962744841,1081.8236700918465,2516.0,1080.0
0.0,7252.0,3723.0,3642.353827499891,3560.0,3838.0,3838.0,2548.7542676206913,1093.5995598791997,2607.0,1116.0
0.0,7089.0,3680.0,3645.51170800217,3838.0,3690.0,3690.0,2550.948397356881,1094.5633106452892,2575.0,1105.0
0.0,7247.0,3755.0,3671.137849207468,3690.0,3831.0,3831.0,2568.6352922569613,1102.5025569505071,2630.0,1125.0
0.0,7182.0,3652.0,3650.268475339064,3831.0,3590.0,3590.0,2554.230146239663,1096.0383290994012,2556.0,1096.0
0.0,7361.0,3637.0,3635.724387035093,3590.0,3593.0,3593.0,2544.182670406247,1091.541716628846,2546.0,1091.0
0.0,7314.0,3614.0,3620.668395793603,3593.0,3569.0,3569.0,2533.7742277692937,1086.8941680243095,2529.0,1085.0
0.0,7293.0,3719.0,3649.3183896339615,3569.0,3805.0,3805.0,2553.5822934876896,1095.7360961462718,2604.0,1115.0
0.0,7143.0,3702.0,3657.0033574239674,3805.0,3725.0,3725.0,2558.9029487915654,1098.100408632402,2590.0,1112.0
0.0,7246.0,3700.0,3659.9335892533154,3725.0,3709.0,3709.0,2560.932401241618,1099.0011880116972,2590.0,1110.0
0.0,7271.0,3761.0,3681.046567520956,3709.0,3824.0,3824.0,2575.4981162749145,1105.5484512460414,2632.0,1129.0
0.0,7219.0,3719.0,3677.4783587415504,3824.0,3708.0,3708.0,2573.048795316936,1104.4295634246143,2605.0,1114.0
0.0,7324.0,3607.0,3639.0224745770306,3708.0,3492.0,3492.0,2546.461192920574,1092.5612816564567,2524.0,1083.0
0.0,7425.0,3643.0,3633.3196578515704,3492.0,3626.0,3626.0,2542.5291989196735,1090.7904589318969,2551.0,1092.0
0.0,7274.0,3660.0,3636.1270590681006,3626.0,3668.0,3668.0,2544.4749020555864,1091.6521570125144,2562.0,1098.0
0.0,7240.0,3769.0,3672.4958666169773,3668.0,3878.0,3878.0,2569.5738257450494,1102.922040871928,2638.0,1131.0
0.0,7139.0,3756.0,3685.2094200362603,3878.0,3794.0,3794.0,2578.3622900214546,1106.8471300148058,2628.0,1128.0
0.0,7261.0,3690.0,3670.482013385811,3794.0,3646.0,3646.0,2568.210012051825,1102.2720013339863,2584.0,1106.0
0.0,7365.0,3653.0,3652.277049252665,3646.0,3599.0,3599.0,2555.6408668083996,1096.6361824442658,2556.0,1097.0
0.0,7358.0,3637.0,3637.6309230024635,3599.0,3593.0,3593.0,2545.5219334731037,1092.1089895293599,2546.0,1091.0
0.0,7320.0,3603.0,3617.540129783194,3593.0,3543.0,3543.0,2531.6039062010123,1085.9362235821818,2523.0,1080.0
0.0,7310.0,3656.0,3627.1696319946964,3543.0,3684.0,3684.0,2538.2683783169587,1088.9012536777377,2559.0,1097.0
0.0,7197.0,3640.0,3625.087858994572,3684.0,3634.0,3634.0,2536.8238511397362,1088.2640078548357,2548.0,1092.0
0.0,7241.0,3685.0,3639.8307184313135,3634.0,3730.0,3730.0,2547.0175087941298,1092.8132096371837,2579.0,1106.0
0.0,7190.0,3703.0,3652.661764980023,3730.0,3741.0,3741.0,2555.8913722923608,1096.770392687662,2591.0,1112.0
0.0,7217.0,3743.0,3670.820539152151,3741.0,3798.0,3798.0,2568.425720982689,1102.3948181694618,2622.0,1121.0
0.0,7215.0,3717.0,3671.9424930038695,3798.0,3720.0,3720.0,2569.2068202793816,1102.7356727244876,2602.0,1115.0
0.0,7296.0,3684.0,3662.631774382848,3720.0,3656.0,3656.0,2562.791880201862,1099.839894180986,2578.0,1106.0
0.0,7332.0,3719.0,3669.622509880922,3656.0,3740.0,3740.0,2567.6260437254523,1101.9964661554695,2604.0,1115.0
0.0,7269.0,3683.0,3661.357555591465,3740.0,3658.0,3658.0,2561.9246557239617,1099.4328998675032,2578.0,1105.0
0.0,7326.0,3752.0,3680.060320064187,3658.0,3808.0,3808.0,2574.8305306270167,1105.2297894371704,2625.0,1127.0
0.0,7232.0,3809.0,3704.638876613384,3808.0,3883.0,3883.0,2591.7653481066004,1112.873528506784,2667.0,1142.0
0.0,7231.0,3671.0,3674.457749224264,3883.0,3580.0,3580.0,2570.9588242529617,1103.4989249713021,2570.0,1101.0
0.0,7443.0,3660.0,3657.186581262652,3580.0,3608.0,3608.0,2559.0361788372074,1098.1504024254443,2562.0,1098.0
0.0,7363.0,3668.0,3651.616272735685,3608.0,3652.0,3652.0,2555.1993515116337,1096.4169212240513,2567.0,1101.0
0.0,7303.0,3693.0,3656.719615969261,3652.0,3708.0,3708.0,2558.7266561553192,1097.9929598139418,2585.0,1108.0
0.0,7262.0,3699.0,3660.4282216203137,3708.0,3710.0,3710.0,2561.280432768897,1099.1477888514169,2590.0,1109.0
0.0,7271.0,3732.0,3672.9603779104937,3710.0,3770.0,3770.0,2569.92373816709,1103.0366397434034,2612.0,1120.0
0.0,7249.0,3743.0,3682.1145240931937,3770.0,3770.0,3770.0,2576.24179566529,1105.872728427904,2620.0,1123.0
1.0,0.0,837.0,837.0,0.0,2511.0,2511.0,585.0,252.0,585.0,252.0
1.0,0.0,954.0,896.0,2511.0,1968.0,1968.0,626.0,270.0,666.0,288.0
1.0,720.0,255.0,682.0,1968.0,0.0,0.0,478.0,204.0,182.0,73.0
1.0,2433.0,353.0,600.0,0.0,0.0,0.0,420.0,180.0,246.0,107.0
1.0,2080.0,256.0,531.0,0.0,0.0,0.0,371.0,160.0,178.0,78.0
1.0,1824.0,238.0,482.0,0.0,0.0,0.0,338.0,144.0,169.0,69.0
1.0,1586.0,395.0,470.0,0.0,219.0,219.0,329.0,141.0,275.0,120.0
1.0,1191.0,346.0,454.0,219.0,298.0,298.0,318.0,136.0,243.0,103.0
1.0,1064.0,436.0,452.0,298.0,430.0,430.0,316.0,136.0,304.0,132.0
1.0,926.0,427.0,450.0,430.0,421.0,421.0,315.0,135.0,299.0,128.0
1.0,929.0,304.0,436.0,421.0,262.0,262.0,305.0,131.0,213.0,91.0
1.0,1046.0,317.0,427.0,262.0,290.0,290.0,299.0,128.0,223.0,94.0
1.0,991.0,353.0,420.0,290.0,332.0,332.0,294.0,126.0,245.0,108.0
1.0,928.0,294.0,412.0,332.0,270.0,270.0,288.0,124.0,206.0,88.0
1.0,966.0,334.0,407.0,270.0,319.0,319.0,285.0,122.0,234.0,100.0
1.0,902.0,377.0,404.0,319.0,368.0,368.0,283.0,121.0,266.0,111.0
1.0,844.0,390.0,404.0,368.0,390.0,390.0,283.0,121.0,272.0,118.0
1.0,822.0,395.0,403.0,390.0,392.0,392.0,282.0,121.0,276.0,119.0
1.0,817.0,389.0,403.0,392.0,389.0,389.0,282.0,121.0,273.0,116.0
1.0,820.0,342.0,400.0,389.0,333.0,333.0,280.0,120.0,239.0,103.0
1.0,867.0,305.0,396.0,333.0,293.0,293.0,277.0,119.0,213.0,92.0
1.0,895.0,379.0,394.0,293.0,373.0,373.0,276.0,118.0,266.0,113.0
1.0,809.0,404.0,394.0,373.0,404.0,404.0,276.0,118.0,282.0,122.0
1.0,778.0,454.0,397.0,404.0,463.0,463.0,278.0,119.0,318.0,136.0
1.0,728.0,449.0,400.0,463.0,458.0,458.0,280.0,120.0,315.0,134.0
1.0,742.0,361.0,397.0,458.0,352.0,352.0,278.0,119.0,253.0,108.0
1.0,839.0,321.0,395.0,352.0,315.0,315.0,276.0,119.0,224.0,97.0
1.0,870.0,302.0,391.0,315.0,290.0,290.0,274.0,117.0,213.0,89.0
1.0,883.0,320.0,389.0,290.0,314.0,314.0,272.0,117.0,223.0,97.0
1.0,853.0,359.0,388.0,314.0,356.0,356.0,272.0,116.0,251.0,108.0
1.0,808.0,396.0,389.0,356.0,399.0,399.0,272.0,117.0,278.0,118.0
1.0,768.0,419.0,390.0,399.0,422.0,422.0,273.0,117.0,292.0,127.0
1.0,748.0,374.0,389.0,422.0,371.0,371.0,272.0,117.0,263.0,111.0
1.0,796.0,333.0,387.0,371.0,327.0,327.0,271.0,116.0,232.0,101.0
1.0,834.0,270.0,384.0,327.0,261.0,261.0,269.0,115.0,190.0,80.0
1.0,891.0,294.0,381.0,261.0,285.0,285.0,267.0,114.0,204.0,90.0
1.0,858.0,370.0,381.0,285.0,370.0,370.0,267.0,114.0,260.0,110.0
1.0,773.0,426.0,383.0,370.0,432.0,432.0,268.0,115.0,299.0,127.0
1.0,717.0,346.0,381.0,432.0,340.0,340.0,267.0,114.0,242.0,104.0
1.0,803.0,326.0,380.0,340.0,323.0,323.0,266.0,114.0,227.0,99.0
1.0,817.0,430.0,381.0,323.0,433.0,433.0,267.0,114.0,301.0,129.0
1.0,710.0,374.0,381.0,433.0,374.0,374.0,267.0,114.0,262.0,112.0
1.0,769.0,399.0,381.0,374.0,399.0,399.0,267.0,114.0,280.0,119.0
1.0,744.0,410.0,382.0,399.0,413.0,413.0,267.0,115.0,287.0,123.0
1.0,733.0,346.0,381.0,413.0,343.0,343.0,267.0,114.0,242.0,104.0
1.0,800.0,360.0,381.0,343.0,360.0,360.0,267.0,114.0,252.0,108.0
1.0,783.0,393.0,381.0,360.0,393.0,393.0,267.0,114.0,276.0,117.0
1.0,750.0,307.0,380.0,393.0,304.0,304.0,266.0,114.0,214.0,93.0
1.0,836.0,391.0,380.0,304.0,391.0,391.0,266.0,114.0,275.0,116.0
1.0,749.0,416.0,380.0,391.0,416.0,416.0,266.0,114.0,289.0,127.0
1.0,724.0,387.0,380.0,416.0,387.0,387.0,266.0,114.0,272.0,115.0
1.0,753.0,410.0,381.0,387.0,413.0,413.0,267.0,114.0,287.0,123.0
1.0,730.0,402.0,373.0,413.0,378.0,378.0,261.0,112.0,281.0,121.0
1.0,741.0,317.0,360.0,378.0,278.0,278.0,252.0,108.0,221.0,96.0
1.0,802.0,357.0,363.0,278.0,366.0,366.0,254.0,109.0,252.0,105.0
1.0,723.0,267.0,361.0,366.0,261.0,261.0,253.0,108.0,186.0,81.0
1.0,822.0,389.0,363.0,261.0,395.0,395.0,254.0,109.0,271.0,118.0
1.0,694.0,389.0,366.0,395.0,398.0,398.0,256.0,110.0,274.0,115.0
1.0,700.0,353.0,366.0,398.0,353.0,353.0,256.0,110.0,246.0,107.0
1.0,745.0,397.0,367.0,353.0,400.0,400.0,257.0,110.0,279.0,118.0
1.0,701.0,393.0,366.0,400.0,390.0,390.0,256.0,110.0,275.0,118.0
1.0,708.0,334.0,364.0,390.0,328.0,328.0,255.0,109.0,233.0,101.0
1.0,764.0,338.0,364.0,328.0,338.0,338.0,255.0,109.0,237.0,101.0
1.0,754.0,386.0,366.0,338.0,392.0,392.0,256.0,110.0,271.0,115.0
1.0,706.0,402.0,367.0,392.0,405.0,405.0,257.0,110.0,280.0,122.0
1.0,696.0,399.0,369.0,405.0,405.0,405.0,258.0,111.0,280.0,119.0
1.0,702.0,333.0,369.0,405.0,333.0,333.0,258.0,111.0,233.0,100.0
1.0,774.0,374.0,369.0,333.0,374.0,374.0,258.0,111.0,262.0,112.0
1.0,733.0,283.0,367.0,374.0,277.0,277.0,257.0,110.0,197.0,86.0
1.0,824.0,304.0,365.0,277.0,298.0,298.0,256.0,109.0,214.0,90.0
1.0,797.0,354.0,364.0,298.0,351.0,351.0,255.0,109.0,247.0,107.0
1.0,741.0,389.0,366.0,351.0,395.0,395.0,256.0,110.0,273.0,116.0
1.0,703.0,485.0,369.0,395.0,494.0,494.0,258.0,111.0,339.0,146.0
1.0,613.0,386.0,369.0,494.0,386.0,386.0,258.0,111.0,270.0,116.0
1.0,721.0,359.0,368.0,386.0,356.0,356.0,258.0,110.0,251.0,108.0
1.0,748.0,314.0,366.0,356.0,308.0,308.0,256.0,110.0,220.0,94.0
1.0,790.0,367.0,364.0,308.0,361.0,361.0,255.0,109.0,256.0,111.0
1.0,731.0,396.0,364.0,361.0,396.0,396.0,255.0,109.0,278.0,118.0
1.0,696.0,334.0,364.0,396.0,334.0,334.0,255.0,109.0,234.0,100.0
1.0,758.0,432.0,367.0,334.0,441.0,441.0,257.0,110.0,301.0,131.0
1.0,660.0,371.0,368.0,441.0,374.0,374.0,258.0,110.0,261.0,110.0
1.0,730.0,353.0,368.0,374.0,353.0,353.0,258.0,110.0,247.0,106.0
1.0,751.0,336.0,367.0,353.0,333.0,333.0,257.0,110.0,234.0,102.0
1.0,768.0,340.0,366.0,333.0,337.0,337.0,256.0,110.0,239.0,101.0
1.0,761.0,354.0,365.0,337.0,351.0,351.0,255.0,110.0,248.0,106.0
1.0,744.0,469.0,367.0,351.0,475.0,475.0,257.0,110.0,328.0,141.0
1.0,626.0,448.0,371.0,475.0,460.0,460.0,260.0,111.0,313.0,135.0
1.0,653.0,448.0,374.0,460.0,457.0,457.0,262.0,112.0,313.0,135.0
1.0,665.0,330.0,373.0,457.0,327.0,327.0,261.0,112.0,230.0,100.0
1.0,792.0,347.0,372.0,327.0,344.0,344.0,260.0,112.0,244.0,103.0
1.0,772.0,379.0,373.0,344.0,382.0,382.0,261.0,112.0,266.0,113.0
1.0,737.0,407.0,374.0,382.0,410.0,410.0,262.0,112.0,284.0,123.0
1.0,712.0,399.0,373.0,410.0,396.0,396.0,261.0,112.0,279.0,120.0
1.0,723.0,519.0,376.0,396.0,528.0,528.0,263.0,113.0,362.0,157.0
1.0,600.0,446.0,377.0,528.0,449.0,449.0,264.0,113.0,313.0,133.0
1.0,682.0,341.0,376.0,449.0,338.0,338.0,263.0,113.0,240.0,101.0
1.0,790.0,416.0,377.0,338.0,419.0,419.0,264.0,113.0,290.0,126.0
1.0,712.0,368.0,377.0,419.0,368.0,368.0,264.0,113.0,258.0,110.0
1.0,763.0,433.0,377.0,368.0,433.0,433.0,264.0,113.0,304.0,129.0
1.0,698.0,439.0,380.0,433.0,448.0,448.0,266.0,114.0,306.0,133.0
1.0,692.0,405.0,380.0,448.0,405.0,405.0,266.0,114.0,284.0,121.0
1.0,735.0,426.0,381.0,405.0,429.0,429.0,267.0,114.0,298.0,128.0
1.0,714.0,386.0,381.0,429.0,386.0,386.0,267.0,114.0,270.0,116.0
1.0,757.0,366.0,380.0,386.0,363.0,363.0,266.0,114.0,255.0,111.0
1.0,777.0,373.0,380.0,363.0,373.0,373.0,266.0,114.0,261.0,112.0
1.0,767.0,411.0,381.0,373.0,414.0,414.0,267.0,114.0,289.0,122.0
1.0,729.0,427.0,383.0,414.0,433.0,433.0,268.0,115.0,300.0,127.0
1.0,716.0,475.0,387.0,433.0,487.0,487.0,271.0,116.0,331.0,144.0
1.0,674.0,420.0,387.0,487.0,420.0,420.0,271.0,116.0,294.0,126.0
1.0,741.0,472.0,389.0,420.0,478.0,478.0,272.0,117.0,331.0,141.0
1.0,689.0,391.0,390.0,478.0,394.0,394.0,273.0,117.0,275.0,116.0
1.0,776.0,399.0,390.0,394.0,399.0,399.0,273.0,117.0,279.0,120.0
1.0,771.0,423.0,390.0,399.0,423.0,423.0,273.0,117.0,294.0,129.0
1.0,747.0,439.0,392.0,423.0,445.0,445.0,274.0,118.0,308.0,131.0
1.0,731.0,459.0,394.0,445.0,465.0,465.0,276.0,118.0,321.0,138.0
1.0,717.0,335.0,393.0,465.0,332.0,332.0,275.0,118.0,234.0,101.0
1.0,847.0,367.0,393.0,332.0,367.0,367.0,275.0,118.0,259.0,108.0
1.0,812.0,367.0,392.0,367.0,364.0,364.0,274.0,118.0,257.0,110.0
1.0,812.0,400.0,393.0,364.0,403.0,403.0,275.0,118.0,278.0,122.0
1.0,776.0,480.0,396.0,403.0,489.0,489.0,277.0,119.0,338.0,142.0
1.0,699.0,412.0,398.0,489.0,418.0,418.0,279.0,119.0,287.0,125.0
1.0,776.0,496.0,402.0,418.0,508.0,508.0,281.0,121.0,348.0,148.0
1.0,698.0,369.0,402.0,508.0,369.0,369.0,281.0,121.0,258.0,111.0
1.0,837.0,387.0,402.0,369.0,387.0,387.0,281.0,121.0,271.0,116.0
1.0,819.0,391.0,400.0,387.0,385.0,385.0,280.0,120.0,273.0,118.0
1.0,815.0,446.0,401.0,385.0,449.0,449.0,281.0,120.0,313.0,133.0
1.0,754.0,383.0,402.0,449.0,386.0,386.0,281.0,121.0,268.0,115.0
1.0,820.0,478.0,405.0,386.0,487.0,487.0,283.0,122.0,334.0,144.0
1.0,728.0,402.0,406.0,487.0,405.0,405.0,284.0,122.0,281.0,121.0
1.0,813.0,467.0,407.0,405.0,470.0,470.0,285.0,122.0,328.0,139.0
1.0,751.0,376.0,407.0,470.0,376.0,376.0,285.0,122.0,262.0,114.0
1.0,845.0,426.0,407.0,376.0,426.0,426.0,285.0,122.0,298.0,128.0
1.0,795.0,439.0,409.0,426.0,445.0,445.0,286.0,123.0,308.0,131.0
1.0,782.0,459.0,411.0,445.0,465.0,465.0,288.0,123.0,320.0,139.0
1.0,768.0,456.0,413.0,465.0,462.0,462.0,289.0,124.0,320.0,136.0
1.0,777.0,433.0,415.0,462.0,439.0,439.0,290.0,125.0,303.0,130.0
1.0,806.0,406.0,416.0,439.0,409.0,409.0,291.0,125.0,284.0,122.0
1.0,839.0,431.0,416.0,409.0,431.0,431.0,291.0,125.0,302.0,129.0
1.0,817.0,400.0,414.0,431.0,394.0,394.0,290.0,124.0,279.0,121.0
1.0,848.0,448.0,414.0,394.0,448.0,448.0,290.0,124.0,314.0,134.0
1.0,794.0,384.0,416.0,448.0,390.0,390.0,291.0,125.0,270.0,114.0
1.0,858.0,488.0,418.0,390.0,494.0,494.0,293.0,125.0,341.0,147.0
1.0,760.0,446.0,420.0,494.0,452.0,452.0,294.0,126.0,313.0,133.0
1.0,808.0,474.0,421.0,452.0,477.0,477.0,295.0,126.0,333.0,141.0
1.0,786.0,420.0,421.0,477.0,420.0,420.0,295.0,126.0,292.0,128.0
1.0,843.0,371.0,418.0,420.0,362.0,362.0,293.0,125.0,260.0,111.0
1.0,892.0,432.0,418.0,362.0,432.0,432.0,293.0,125.0,302.0,130.0
1.0,822.0,439.0,420.0,432.0,445.0,445.0,294.0,126.0,308.0,131.0
1.0,815.0,459.0,420.0,445.0,459.0,459.0,294.0,126.0,320.0,139.0
1.0,801.0,508.0,423.0,459.0,517.0,517.0,296.0,127.0,357.0,151.0
1.0,752.0,417.0,423.0,517.0,417.0,417.0,296.0,127.0,291.0,126.0
1.0,852.0,482.0,424.0,417.0,485.0,485.0,297.0,127.0,338.0,144.0
1.0,787.0,393.0,424.0,485.0,393.0,393.0,297.0,127.0,275.0,118.0
1.0,879.0,408.0,423.0,393.0,405.0,405.0,296.0,127.0,286.0,122.0
1.0,864.0,409.0,424.0,405.0,412.0,412.0,297.0,127.0,286.0,123.0
1.0,860.0,497.0,426.0,412.0,503.0,503.0,298.0,128.0,348.0,149.0
1.0,775.0,480.0,429.0,503.0,489.0,489.0,300.0,129.0,335.0,145.0
1.0,798.0,407.0,429.0,489.0,407.0,407.0,300.0,129.0,285.0,122.0
1.0,880.0,413.0,428.0,407.0,410.0,410.0,300.0,128.0,289.0,124.0
1.0,874.0,397.0,427.0,410.0,394.0,394.0,299.0,128.0,279.0,118.0
1.0,887.0,399.0,426.0,394.0,396.0,396.0,298.0,128.0,279.0,120.0
1.0,882.0,407.0,425.0,396.0,404.0,404.0,297.0,128.0,284.0,123.0
1.0,871.0,454.0,426.0,404.0,457.0,457.0,298.0,128.0,319.0,135.0
1.0,821.0,509.0,429.0,457.0,518.0,518.0,300.0,129.0,355.0,154.0
1.0,769.0,453.0,429.0,518.0,453.0,453.0,300.0,129.0,318.0,135.0
1.0,834.0,394.0,428.0,453.0,391.0,391.0,300.0,128.0,275.0,119.0
1.0,893.0,352.0,426.0,391.0,346.0,346.0,298.0,128.0,248.0,104.0
1.0,932.0,393.0,427.0,346.0,396.0,396.0,299.0,128.0,274.0,119.0
1.0,885.0,454.0,429.0,396.0,460.0,460.0,300.0,129.0,319.0,135.0
1.0,827.0,450.0,430.0,460.0,453.0,453.0,301.0,129.0,316.0,134.0
1.0,837.0,483.0,432.0,453.0,489.0,489.0,302.0,130.0,337.0,146.0
1.0,807.0,461.0,431.0,489.0,458.0,458.0,302.0,129.0,323.0,138.0
1.0,835.0,383.0,431.0,458.0,383.0,383.0,302.0,129.0,267.0,116.0
1.0,910.0,441.0,430.0,383.0,438.0,438.0,301.0,129.0,311.0,130.0
1.0,852.0,435.0,431.0,438.0,438.0,438.0,302.0,129.0,303.0,132.0
1.0,855.0,545.0,434.0,438.0,554.0,554.0,304.0,130.0,381.0,164.0
1.0,748.0,470.0,436.0,554.0,476.0,476.0,305.0,131.0,330.0,140.0
1.0,832.0,503.0,437.0,476.0,506.0,506.0,306.0,131.0,352.0,151.0
1.0,805.0,482.0,439.0,506.0,488.0,488.0,307.0,132.0,337.0,145.0
1.0,829.0,410.0,437.0,488.0,404.0,404.0,306.0,131.0,286.0,124.0
1.0,907.0,411.0,437.0,404.0,411.0,411.0,306.0,131.0,288.0,123.0
1.0,900.0,418.0,437.0,411.0,418.0,418.0,306.0,131.0,294.0,124.0
1.0,893.0,433.0,437.0,418.0,433.0,433.0,306.0,131.0,302.0,131.0
1.0,878.0,480.0,439.0,433.0,486.0,486.0,307.0,132.0,337.0,143.0
1.0,831.0,525.0,440.0,486.0,528.0,528.0,308.0,132.0,366.0,159.0
1.0,792.0,499.0,441.0,528.0,502.0,502.0,309.0,132.0,350.0,149.0
1.0,821.0,458.0,441.0,502.0,458.0,458.0,309.0,132.0,321.0,137.0
1.0,865.0,395.0,440.0,458.0,392.0,392.0,308.0,132.0,276.0,119.0
1.0,928.0,376.0,440.0,392.0,376.0,376.0,308.0,132.0,263.0,113.0
1.0,944.0,503.0,441.0,376.0,506.0,506.0,309.0,132.0,353.0,150.0
1.0,817.0,525.0,444.0,506.0,534.0,534.0,311.0,133.0,366.0,159.0
1.0,798.0,513.0,445.0,534.0,516.0,516.0,312.0,133.0,360.0,153.0
1.0,819.0,499.0,447.0,516.0,505.0,505.0,313.0,134.0,349.0,150.0
1.0,836.0,530.0,448.0,505.0,533.0,533.0,314.0,134.0,371.0,159.0
1.0,811.0,476.0,449.0,533.0,479.0,479.0,314.0,135.0,334.0,142.0
1.0,868.0,391.0,447.0,479.0,385.0,385.0,313.0,134.0,273.0,118.0
1.0,956.0,410.0,447.0,385.0,410.0,410.0,313.0,134.0,287.0,123.0
1.0,931.0,460.0,449.0,410.0,466.0,466.0,314.0,135.0,323.0,137.0
1.0,881.0,477.0,450.0,466.0,480.0,480.0,315.0,135.0,334.0,143.0
1.0,870.0,489.0,450.0,480.0,489.0,489.0,315.0,135.0,341.0,148.0
1.0,861.0,460.0,450.0,489.0,460.0,460.0,315.0,135.0,322.0,138.0
1.0,890.0,433.0,449.0,460.0,430.0,430.0,314.0,135.0,304.0,129.0
1.0,917.0,434.0,449.0,430.0,434.0,434.0,314.0,135.0,304.0,130.0
1.0,913.0,454.0,449.0,434.0,454.0,454.0,314.0,135.0,318.0,136.0
1.0,893.0,519.0,451.0,454.0,525.0,525.0,316.0,135.0,363.0,156.0
1.0,828.0,500.0,453.0,525.0,506.0,506.0,317.0,136.0,351.0,149.0
1.0,853.0,436.0,453.0,506.0,436.0,436.0,317.0,136.0,305.0,131.0
1.0,923.0,462.0,453.0,436.0,462.0,462.0,317.0,136.0,323.0,139.0
1.0,897.0,415.0,451.0,462.0,409.0,409.0,316.0,135.0,290.0,125.0
1.0,944.0,526.0,454.0,409.0,535.0,535.0,318.0,136.0,368.0,158.0
1.0,827.0,512.0,456.0,535.0,518.0,518.0,319.0,137.0,359.0,153.0
1.0,850.0,552.0,459.0,518.0,561.0,561.0,321.0,138.0,386.0,166.0
1.0,816.0,539.0,461.0,561.0,545.0,545.0,323.0,138.0,377.0,162.0
1.0,838.0,469.0,463.0,545.0,475.0,475.0,324.0,139.0,328.0,141.0
1.0,914.0,482.0,463.0,475.0,482.0,482.0,324.0,139.0,338.0,144.0
1.0,907.0,431.0,461.0,482.0,425.0,425.0,323.0,138.0,301.0,130.0
1.0,958.0,453.0,461.0,425.0,453.0,453.0,323.0,138.0,317.0,136.0
1.0,930.0,457.0,463.0,453.0,463.0,463.0,324.0,139.0,321.0,136.0
1.0,926.0,516.0,466.0,463.0,525.0,525.0,326.0,140.0,361.0,155.0
1.0,873.0,576.0,470.0,525.0,588.0,588.0,329.0,141.0,403.0,173.0
1.0,822.0,464.0,470.0,588.0,464.0,464.0,329.0,141.0,325.0,139.0
1.0,946.0,436.0,470.0,464.0,436.0,436.0,329.0,141.0,305.0,131.0
1.0,974.0,483.0,470.0,436.0,483.0,483.0,329.0,141.0,338.0,145.0
1.0,927.0,377.0,467.0,483.0,368.0,368.0,327.0,140.0,263.0,114.0
1.0,1033.0,512.0,470.0,368.0,521.0,521.0,329.0,141.0,360.0,152.0
1.0,889.0,489.0,471.0,521.0,492.0,492.0,330.0,141.0,340.0,149.0
1.0,921.0,517.0,473.0,492.0,523.0,523.0,331.0,142.0,363.0,154.0
1.0,896.0,510.0,472.0,523.0,507.0,507.0,330.0,142.0,357.0,153.0
1.0,909.0,493.0,473.0,507.0,496.0,496.0,331.0,142.0,345.0,148.0
1.0,923.0,418.0,471.0,496.0,412.0,412.0,330.0,141.0,292.0,126.0
1.0,1001.0,461.0,470.0,412.0,458.0,458.0,329.0,141.0,323.0,138.0
1.0,952.0,589.0,474.0,458.0,601.0,601.0,332.0,142.0,412.0,177.0
1.0,821.0,497.0,476.0,601.0,503.0,503.0,333.0,143.0,349.0,148.0
1.0,925.0,563.0,479.0,503.0,572.0,572.0,335.0,144.0,394.0,169.0
1.0,865.0,502.0,480.0,572.0,505.0,505.0,336.0,144.0,352.0,150.0
1.0,935.0,456.0,479.0,505.0,453.0,453.0,335.0,144.0,319.0,137.0
1.0,984.0,392.0,477.0,453.0,386.0,386.0,334.0,143.0,275.0,117.0
1.0,1045.0,478.0,476.0,386.0,475.0,475.0,333.0,143.0,335.0,143.0
1.0,953.0,513.0,477.0,475.0,516.0,516.0,334.0,143.0,358.0,155.0
1.0,915.0,517.0,480.0,516.0,526.0,526.0,336.0,144.0,363.0,154.0
1.0,914.0,515.0,483.0,526.0,524.0,524.0,338.0,145.0,360.0,155.0
1.0,925.0,497.0,483.0,524.0,497.0,497.0,338.0,145.0,348.0,149.0
1.0,952.0,428.0,480.0,497.0,419.0,419.0,336.0,144.0,301.0,127.0
1.0,1021.0,434.0,479.0,419.0,431.0,431.0,335.0,144.0,303.0,131.0
1.0,1006.0,471.0,478.0,431.0,468.0,468.0,335.0,143.0,330.0,141.0
1.0,966.0,505.0,477.0,468.0,502.0,502.0,334.0,143.0,353.0,152.0
1.0,929.0,522.0,479.0,502.0,528.0,528.0,335.0,144.0,366.0,156.0
1.0,909.0,492.0,480.0,528.0,495.0,495.0,336.0,144.0,343.0,149.0
1.0,945.0,574.0,484.0,495.0,586.0,586.0,339.0,145.0,404.0,170.0
1.0,866.0,550.0,486.0,586.0,556.0,556.0,340.0,146.0,384.0,166.0
1.0,902.0,447.0,484.0,556.0,441.0,441.0,339.0,145.0,313.0,134.0
1.0,1011.0,497.0,485.0,441.0,500.0,500.0,340.0,145.0,348.0,149.0
1.0,955.0,516.0,486.0,500.0,519.0,519.0,340.0,146.0,362.0,154.0
1.0,939.0,497.0,487.0,519.0,500.0,500.0,341.0,146.0,347.0,150.0
1.0,961.0,597.0,490.0,500.0,606.0,606.0,343.0,147.0,420.0,177.0
1.0,864.0,522.0,492.0,606.0,528.0,528.0,344.0,148.0,364.0,158.0
1.0,948.0,414.0,490.0,528.0,408.0,408.0,343.0,147.0,290.0,124.0
1.0,1062.0,534.0,490.0,408.0,534.0,534.0,343.0,147.0,375.0,159.0
1.0,936.0,470.0,491.0,534.0,473.0,473.0,344.0,147.0,327.0,143.0
1.0,1000.0,500.0,492.0,473.0,503.0,503.0,344.0,148.0,351.0,149.0
1.0,973.0,543.0,494.0,503.0,549.0,549.0,346.0,148.0,379.0,164.0
1.0,933.0,550.0,494.0,549.0,550.0,550.0,346.0,148.0,386.0,164.0
1.0,932.0,522.0,495.0,550.0,525.0,525.0,347.0,148.0,365.0,157.0
1.0,960.0,505.0,494.0,525.0,502.0,502.0,346.0,148.0,353.0,152.0
1.0,980.0,467.0,493.0,502.0,464.0,464.0,345.0,148.0,329.0,138.0
1.0,1015.0,444.0,493.0,464.0,444.0,444.0,345.0,148.0,310.0,134.0
1.0,1035.0,503.0,493.0,444.0,503.0,503.0,345.0,148.0,353.0,150.0
1.0,976.0,553.0,495.0,503.0,559.0,559.0,347.0,148.0,386.0,167.0
1.0,926.0,566.0,497.0,559.0,572.0,572.0,348.0,149.0,398.0,168.0
1.0,919.0,525.0,498.0,572.0,528.0,528.0,349.0,149.0,366.0,159.0
1.0,966.0,508.0,498.0,528.0,508.0,508.0,349.0,149.0,356.0,152.0
1.0,986.0,471.0,496.0,508.0,465.0,465.0,347.0,149.0,330.0,141.0
1.0,1023.0,545.0,498.0,465.0,551.0,551.0,349.0,149.0,380.0,165.0
1.0,943.0,487.0,499.0,551.0,490.0,490.0,349.0,150.0,342.0,145.0
1.0,1007.0,540.0,500.0,490.0,543.0,543.0,350.0,150.0,379.0,161.0
1.0,957.0,510.0,503.0,543.0,519.0,519.0,352.0,151.0,356.0,154.0
1.0,990.0,564.0,503.0,519.0,564.0,564.0,352.0,151.0,396.0,168.0
1.0,945.0,533.0,504.0,564.0,536.0,536.0,353.0,151.0,372.0,161.0
1.0,976.0,435.0,503.0,536.0,432.0,432.0,352.0,151.0,306.0,129.0
1.0,1077.0,507.0,503.0,432.0,507.0,507.0,352.0,151.0,355.0,152.0
1.0,1002.0,560.0,504.0,507.0,563.0,563.0,353.0,151.0,391.0,169.0
1.0,949.0,602.0,507.0,563.0,611.0,611.0,355.0,152.0,421.0,181.0
1.0,910.0,572.0,510.0,611.0,581.0,581.0,357.0,153.0,401.0,171.0
1.0,949.0,524.0,508.0,581.0,518.0,518.0,356.0,152.0,367.0,157.0
1.0,1006.0,509.0,508.0,518.0,509.0,509.0,356.0,152.0,356.0,153.0
1.0,1015.0,445.0,507.0,509.0,442.0,442.0,355.0,152.0,312.0,133.0
1.0,1079.0,500.0,506.0,442.0,497.0,497.0,354.0,152.0,350.0,150.0
1.0,1021.0,540.0,508.0,497.0,546.0,546.0,356.0,152.0,377.0,163.0
1.0,978.0,568.0,511.0,546.0,577.0,577.0,358.0,153.0,398.0,170.0
1.0,956.0,607.0,514.0,577.0,616.0,616.0,360.0,154.0,426.0,181.0
1.0,926.0,593.0,516.0,616.0,599.0,599.0,361.0,155.0,414.0,179.0
1.0,949.0,570.0,517.0,599.0,573.0,573.0,362.0,155.0,400.0,170.0
1.0,978.0,530.0,517.0,573.0,530.0,530.0,362.0,155.0,371.0,159.0
1.0,1021.0,506.0,517.0,530.0,506.0,506.0,362.0,155.0,354.0,152.0
1.0,1045.0,562.0,520.0,506.0,571.0,571.0,364.0,156.0,393.0,169.0
1.0,989.0,511.0,521.0,571.0,514.0,514.0,365.0,156.0,359.0,152.0
1.0,1049.0,552.0,523.0,514.0,558.0,558.0,366.0,157.0,385.0,167.0
1.0,1011.0,555.0,523.0,558.0,555.0,555.0,366.0,157.0,389.0,166.0
1.0,1014.0,522.0,523.0,555.0,522.0,522.0,366.0,157.0,365.0,157.0
1.0,1047.0,484.0,523.0,522.0,484.0,484.0,366.0,157.0,339.0,145.0
1.0,1085.0,474.0,521.0,484.0,468.0,468.0,365.0,156.0,330.0,144.0
1.0,1095.0,621.0,523.0,468.0,627.0,627.0,366.0,157.0,436.0,185.0
1.0,942.0,576.0,526.0,627.0,585.0,585.0,368.0,158.0,403.0,173.0
1.0,993.0,493.0,525.0,585.0,490.0,490.0,368.0,157.0,345.0,148.0
1.0,1085.0,531.0,526.0,490.0,534.0,534.0,368.0,158.0,372.0,159.0
1.0,1044.0,493.0,526.0,534.0,493.0,493.0,368.0,158.0,345.0,148.0
1.0,1085.0,484.0,523.0,493.0,475.0,475.0,366.0,157.0,340.0,144.0
1.0,1094.0,465.0,522.0,475.0,462.0,462.0,365.0,157.0,325.0,140.0
1.0,1104.0,562.0,524.0,462.0,568.0,568.0,367.0,157.0,393.0,169.0
1.0,1004.0,567.0,526.0,568.0,573.0,573.0,368.0,158.0,397.0,170.0
1.0,1005.0,612.0,528.0,573.0,618.0,618.0,370.0,158.0,428.0,184.0
1.0,966.0,557.0,530.0,618.0,563.0,563.0,371.0,159.0,391.0,166.0
1.0,1027.0,583.0,530.0,563.0,583.0,583.0,371.0,159.0,409.0,174.0
1.0,1007.0,506.0,530.0,583.0,506.0,506.0,371.0,159.0,353.0,153.0
1.0,1084.0,528.0,530.0,506.0,528.0,528.0,371.0,159.0,370.0,158.0
1.0,1062.0,590.0,531.0,528.0,593.0,593.0,372.0,159.0,412.0,178.0
1.0,1000.0,595.0,533.0,593.0,601.0,601.0,373.0,160.0,418.0,177.0
1.0,998.0,579.0,536.0,601.0,588.0,588.0,375.0,161.0,405.0,174.0
1.0,1020.0,543.0,537.0,588.0,546.0,546.0,376.0,161.0,380.0,163.0
1.0,1065.0,553.0,537.0,546.0,553.0,553.0,376.0,161.0,387.0,166.0
1.0,1058.0,512.0,536.0,553.0,509.0,509.0,375.0,161.0,358.0,154.0
1.0,1099.0,473.0,534.0,509.0,467.0,467.0,374.0,160.0,330.0,143.0
1.0,1135.0,594.0,537.0,467.0,603.0,603.0,376.0,161.0,417.0,177.0
1.0,1008.0,605.0,539.0,603.0,611.0,611.0,377.0,162.0,423.0,182.0
1.0,1006.0,570.0,540.0,611.0,573.0,573.0,378.0,162.0,399.0,171.0
1.0,1047.0,593.0,541.0,573.0,596.0,596.0,379.0,162.0,414.0,179.0
1.0,1027.0,519.0,541.0,596.0,519.0,519.0,379.0,162.0,363.0,156.0
1.0,1104.0,464.0,540.0,519.0,461.0,461.0,378.0,162.0,327.0,137.0
1.0,1159.0,560.0,540.0,461.0,560.0,560.0,378.0,162.0,392.0,168.0
1.0,1060.0,583.0,541.0,560.0,586.0,586.0,379.0,162.0,406.0,177.0
1.0,1037.0,615.0,544.0,586.0,624.0,624.0,381.0,163.0,431.0,184.0
1.0,1008.0,573.0,546.0,624.0,579.0,579.0,382.0,164.0,401.0,172.0
1.0,1059.0,547.0,546.0,579.0,547.0,547.0,382.0,164.0,383.0,164.0
1.0,1091.0,589.0,546.0,547.0,589.0,589.0,382.0,164.0,412.0,177.0
1.0,1049.0,441.0,543.0,589.0,432.0,432.0,380.0,163.0,310.0,131.0
1.0,1197.0,589.0,544.0,432.0,592.0,592.0,381.0,163.0,410.0,179.0
1.0,1040.0,530.0,544.0,592.0,530.0,530.0,381.0,163.0,372.0,158.0
1.0,1102.0,561.0,547.0,530.0,570.0,570.0,383.0,164.0,394.0,167.0
1.0,1071.0,573.0,548.0,570.0,576.0,576.0,384.0,164.0,400.0,173.0
1.0,1068.0,567.0,549.0,576.0,570.0,570.0,384.0,165.0,397.0,170.0
1.0,1077.0,524.0,547.0,570.0,518.0,518.0,383.0,164.0,367.0,157.0
1.0,1123.0,474.0,546.0,518.0,471.0,471.0,382.0,164.0,332.0,142.0
1.0,1167.0,602.0,546.0,471.0,602.0,602.0,382.0,164.0,422.0,180.0
1.0,1036.0,510.0,544.0,602.0,504.0,504.0,381.0,163.0,356.0,154.0
1.0,1128.0,659.0,547.0,504.0,668.0,668.0,383.0,164.0,460.0,199.0
1.0,973.0,606.0,549.0,668.0,612.0,612.0,384.0,165.0,426.0,180.0
1.0,1035.0,560.0,549.0,612.0,560.0,560.0,384.0,165.0,392.0,168.0
1.0,1087.0,581.0,550.0,560.0,584.0,584.0,385.0,165.0,408.0,173.0
1.0,1066.0,595.0,551.0,584.0,598.0,598.0,386.0,165.0,414.0,181.0
1.0,1055.0,536.0,550.0,598.0,533.0,533.0,385.0,165.0,375.0,161.0
1.0,1117.0,644.0,553.0,533.0,653.0,653.0,387.0,166.0,453.0,191.0
1.0,1006.0,569.0,554.0,653.0,572.0,572.0,388.0,166.0,397.0,172.0
1.0,1090.0,584.0,557.0,572.0,593.0,593.0,390.0,167.0,410.0,174.0
1.0,1078.0,583.0,556.0,593.0,580.0,580.0,389.0,167.0,408.0,175.0
1.0,1088.0,547.0,556.0,580.0,547.0,547.0,389.0,167.0,382.0,165.0
1.0,1121.0,461.0,554.0,547.0,455.0,455.0,388.0,166.0,323.0,138.0
1.0,1207.0,538.0,554.0,455.0,538.0,538.0,388.0,166.0,377.0,161.0
1.0,1124.0,530.0,556.0,538.0,536.0,536.0,389.0,167.0,372.0,158.0
1.0,1132.0,603.0,557.0,536.0,606.0,606.0,390.0,167.0,421.0,182.0
1.0,1065.0,619.0,560.0,606.0,628.0,628.0,392.0,168.0,433.0,186.0
1.0,1052.0,612.0,561.0,628.0,615.0,615.0,393.0,168.0,429.0,183.0
1.0,1068.0,560.0,561.0,615.0,560.0,560.0,393.0,168.0,392.0,168.0
1.0,1123.0,537.0,560.0,560.0,534.0,534.0,392.0,168.0,377.0,160.0
1.0,1146.0,543.0,560.0,534.0,543.0,543.0,392.0,168.0,380.0,163.0
1.0,1137.0,596.0,560.0,543.0,596.0,596.0,392.0,168.0,415.0,181.0
1.0,1084.0,582.0,561.0,596.0,585.0,585.0,393.0,168.0,408.0,174.0
1.0,1098.0,603.0,563.0,585.0,609.0,609.0,394.0,169.0,423.0,180.0
1.0,1080.0,570.0,563.0,609.0,570.0,570.0,394.0,169.0,399.0,171.0
1.0,1119.0,514.0,561.0,570.0,508.0,508.0,393.0,168.0,359.0,155.0
1.0,1175.0,509.0,560.0,508.0,506.0,506.0,392.0,168.0,355.0,154.0
1.0,1174.0,561.0,560.0,506.0,561.0,561.0,392.0,168.0,393.0,168.0
1.0,1119.0,500.0,559.0,561.0,497.0,497.0,391.0,168.0,351.0,149.0
1.0,1180.0,630.0,561.0,497.0,636.0,636.0,393.0,168.0,441.0,189.0
1.0,1047.0,665.0,566.0,636.0,680.0,680.0,396.0,170.0,465.0,200.0
1.0,1018.0,553.0,564.0,680.0,547.0,547.0,395.0,169.0,387.0,166.0
1.0,1145.0,560.0,563.0,547.0,557.0,557.0,394.0,169.0,391.0,169.0
1.0,1132.0,596.0,564.0,557.0,599.0,599.0,395.0,169.0,418.0,178.0
1.0,1093.0,614.0,564.0,599.0,614.0,614.0,395.0,169.0,430.0,184.0
1.0,1078.0,553.0,564.0,614.0,553.0,553.0,395.0,169.0,387.0,166.0
1.0,1139.0,623.0,568.0,553.0,635.0,635.0,398.0,170.0,436.0,187.0
1.0,1069.0,652.0,570.0,635.0,658.0,658.0,399.0,171.0,458.0,194.0
1.0,1052.0,615.0,570.0,658.0,615.0,615.0,399.0,171.0,428.0,187.0
1.0,1095.0,567.0,570.0,615.0,567.0,567.0,399.0,171.0,399.0,168.0
1.0,1143.0,574.0,570.0,567.0,574.0,574.0,399.0,171.0,402.0,172.0
1.0,1136.0,601.0,570.0,574.0,601.0,601.0,399.0,171.0,419.0,182.0
1.0,1109.0,603.0,571.0,601.0,606.0,606.0,400.0,171.0,422.0,181.0
1.0,1107.0,639.0,574.0,606.0,648.0,648.0,402.0,172.0,448.0,191.0
1.0,1074.0,649.0,576.0,648.0,655.0,655.0,403.0,173.0,455.0,194.0
1.0,1073.0,583.0,577.0,655.0,586.0,586.0,404.0,173.0,408.0,175.0
1.0,1145.0,613.0,577.0,586.0,613.0,613.0,404.0,173.0,428.0,185.0
1.0,1118.0,567.0,577.0,613.0,567.0,567.0,404.0,173.0,397.0,170.0
1.0,1164.0,566.0,577.0,567.0,566.0,566.0,404.0,173.0,396.0,170.0
1.0,1165.0,599.0,579.0,566.0,605.0,605.0,405.0,174.0,420.0,179.0
1.0,1132.0,605.0,581.0,605.0,611.0,611.0,407.0,174.0,423.0,182.0
1.0,1132.0,654.0,583.0,611.0,660.0,660.0,408.0,175.0,458.0,196.0
1.0,1089.0,593.0,584.0,660.0,596.0,596.0,409.0,175.0,414.0,179.0
1.0,1156.0,557.0,583.0,596.0,554.0,554.0,408.0,175.0,391.0,166.0
1.0,1195.0,537.0,581.0,554.0,531.0,531.0,407.0,174.0,375.0,162.0
1.0,1212.0,584.0,581.0,531.0,584.0,584.0,407.0,174.0,410.0,174.0
1.0,1159.0,646.0,583.0,584.0,652.0,652.0,408.0,175.0,452.0,194.0
1.0,1097.0,623.0,583.0,652.0,623.0,623.0,408.0,175.0,437.0,186.0
1.0,1126.0,657.0,586.0,623.0,666.0,666.0,410.0,176.0,459.0,198.0
1.0,1092.0,613.0,584.0,666.0,607.0,607.0,409.0,175.0,429.0,184.0
1.0,1145.0,588.0,586.0,607.0,594.0,594.0,410.0,176.0,412.0,176.0
1.0,1164.0,609.0,586.0,594.0,609.0,609.0,410.0,176.0,427.0,182.0
1.0,1149.0,570.0,586.0,609.0,570.0,570.0,410.0,176.0,399.0,171.0
1.0,1188.0,614.0,587.0,570.0,617.0,617.0,411.0,176.0,430.0,184.0
1.0,1144.0,677.0,591.0,617.0,689.0,689.0,414.0,177.0,472.0,205.0
1.0,1084.0,696.0,594.0,689.0,705.0,705.0,416.0,178.0,487.0,209.0
1.0,1077.0,636.0,596.0,705.0,642.0,642.0,417.0,179.0,447.0,189.0
1.0,1146.0,641.0,597.0,642.0,644.0,644.0,418.0,179.0,449.0,192.0
1.0,1147.0,566.0,596.0,644.0,563.0,563.0,417.0,179.0,396.0,170.0
1.0,1225.0,583.0,596.0,563.0,583.0,583.0,417.0,179.0,407.0,176.0
1.0,1205.0,633.0,597.0,583.0,636.0,636.0,418.0,179.0,444.0,189.0
1.0,1155.0,646.0,599.0,636.0,652.0,652.0,419.0,180.0,451.0,195.0
1.0,1145.0,672.0,601.0,652.0,678.0,678.0,421.0,180.0,470.0,202.0
1.0,1125.0,590.0,601.0,678.0,590.0,590.0,421.0,180.0,413.0,177.0
1.0,1213.0,593.0,601.0,590.0,593.0,593.0,421.0,180.0,415.0,178.0
1.0,1210.0,544.0,600.0,593.0,541.0,541.0,420.0,180.0,383.0,161.0
1.0,1259.0,569.0,600.0,541.0,569.0,569.0,420.0,180.0,398.0,171.0
1.0,1231.0,577.0,601.0,569.0,580.0,580.0,421.0,180.0,402.0,175.0
1.0,1223.0,599.0,603.0,580.0,605.0,605.0,422.0,181.0,420.0,179.0
1.0,1204.0,659.0,604.0,605.0,662.0,662.0,423.0,181.0,461.0,198.0
1.0,1150.0,678.0,609.0,662.0,693.0,693.0,426.0,183.0,474.0,204.0
1.0,1134.0,638.0,609.0,693.0,638.0,638.0,426.0,183.0,447.0,191.0
1.0,1189.0,600.0,607.0,638.0,594.0,594.0,425.0,182.0,421.0,179.0
1.0,1227.0,647.0,609.0,594.0,653.0,653.0,426.0,183.0,453.0,194.0
1.0,1174.0,620.0,610.0,653.0,623.0,623.0,427.0,183.0,434.0,186.0
1.0,1207.0,687.0,612.0,623.0,693.0,693.0,428.0,184.0,480.0,207.0
1.0,1143.0,660.0,613.0,693.0,663.0,663.0,429.0,184.0,463.0,197.0
1.0,1176.0,633.0,614.0,663.0,636.0,636.0,430.0,184.0,444.0,189.0
1.0,1206.0,590.0,614.0,636.0,590.0,590.0,430.0,184.0,413.0,177.0
1.0,1252.0,614.0,613.0,590.0,611.0,611.0,429.0,184.0,429.0,185.0
1.0,1228.0,577.0,613.0,611.0,577.0,577.0,429.0,184.0,404.0,173.0
1.0,1262.0,676.0,614.0,577.0,679.0,679.0,430.0,184.0,472.0,204.0
1.0,1163.0,679.0,616.0,679.0,685.0,685.0,431.0,185.0,477.0,202.0
1.0,1163.0,688.0,618.0,685.0,694.0,694.0,433.0,185.0,480.0,208.0
1.0,1160.0,626.0,619.0,694.0,629.0,629.0,433.0,186.0,438.0,188.0
1.0,1228.0,617.0,618.0,629.0,614.0,614.0,433.0,185.0,432.0,185.0
1.0,1240.0,571.0,617.0,614.0,568.0,568.0,432.0,185.0,401.0,170.0
1.0,1283.0,586.0,617.0,568.0,586.0,586.0,432.0,185.0,410.0,176.0
1.0,1265.0,673.0,617.0,586.0,673.0,673.0,432.0,185.0,470.0,203.0
1.0,1178.0,684.0,620.0,673.0,693.0,693.0,434.0,186.0,480.0,204.0
1.0,1167.0,663.0,622.0,693.0,669.0,669.0,435.0,187.0,464.0,199.0
1.0,1197.0,704.0,624.0,669.0,710.0,710.0,437.0,187.0,494.0,210.0
1.0,1162.0,610.0,624.0,710.0,610.0,610.0,437.0,187.0,427.0,183.0
1.0,1262.0,597.0,623.0,610.0,594.0,594.0,436.0,187.0,417.0,180.0
1.0,1275.0,623.0,623.0,594.0,623.0,623.0,436.0,187.0,437.0,186.0
1.0,1246.0,544.0,623.0,623.0,544.0,544.0,436.0,187.0,381.0,163.0
1.0,1325.0,721.0,627.0,544.0,733.0,733.0,439.0,188.0,504.0,217.0
1.0,1148.0,696.0,629.0,733.0,702.0,702.0,440.0,189.0,486.0,210.0
1.0,1185.0,617.0,628.0,702.0,614.0,614.0,440.0,188.0,432.0,185.0
1.0,1270.0,673.0,630.0,614.0,679.0,679.0,441.0,189.0,472.0,201.0
1.0,1211.0,593.0,628.0,679.0,587.0,587.0,440.0,188.0,414.0,179.0
1.0,1297.0,548.0,627.0,587.0,545.0,545.0,439.0,188.0,385.0,163.0
1.0,1336.0,672.0,629.0,545.0,678.0,678.0,440.0,189.0,469.0,203.0
1.0,1209.0,584.0,628.0,678.0,581.0,581.0,440.0,188.0,409.0,175.0
1.0,1303.0,624.0,629.0,581.0,627.0,627.0,440.0,189.0,438.0,186.0
1.0,1260.0,656.0,630.0,627.0,659.0,659.0,441.0,189.0,459.0,197.0
1.0,1231.0,611.0,629.0,659.0,608.0,608.0,440.0,189.0,427.0,184.0
1.0,1279.0,600.0,627.0,608.0,594.0,594.0,439.0,188.0,421.0,179.0
1.0,1287.0,586.0,626.0,594.0,583.0,583.0,438.0,188.0,410.0,176.0
1.0,1295.0,646.0,626.0,583.0,646.0,646.0,438.0,188.0,452.0,194.0
1.0,1232.0,674.0,628.0,646.0,680.0,680.0,440.0,188.0,471.0,203.0
1.0,1204.0,666.0,630.0,680.0,672.0,672.0,441.0,189.0,467.0,199.0
1.0,1218.0,695.0,630.0,672.0,695.0,695.0,441.0,189.0,485.0,210.0
1.0,1195.0,660.0,631.0,695.0,663.0,663.0,442.0,189.0,462.0,198.0
1.0,1230.0,663.0,631.0,663.0,663.0,663.0,442.0,189.0,464.0,199.0
1.0,1230.0,606.0,631.0,663.0,606.0,606.0,442.0,189.0,425.0,181.0
1.0,1287.0,624.0,631.0,606.0,624.0,624.0,442.0,189.0,437.0,187.0
1.0,1269.0,660.0,634.0,624.0,669.0,669.0,444.0,190.0,461.0,199.0
1.0,1233.0,720.0,637.0,669.0,729.0,729.0,446.0,191.0,506.0,214.0
1.0,1182.0,719.0,640.0,729.0,728.0,728.0,448.0,192.0,503.0,216.0
1.0,1192.0,627.0,640.0,728.0,627.0,627.0,448.0,192.0,440.0,187.0
1.0,1293.0,618.0,640.0,627.0,618.0,618.0,448.0,192.0,432.0,186.0
1.0,1302.0,637.0,639.0,618.0,634.0,634.0,447.0,192.0,446.0,191.0
1.0,1283.0,590.0,637.0,634.0,584.0,584.0,446.0,191.0,412.0,178.0
1.0,1327.0,722.0,640.0,584.0,731.0,731.0,448.0,192.0,507.0,215.0
1.0,1189.0,667.0,640.0,731.0,667.0,667.0,448.0,192.0,465.0,202.0
1.0,1253.0,696.0,642.0,667.0,702.0,702.0,449.0,193.0,488.0,208.0
1.0,1224.0,639.0,641.0,702.0,636.0,636.0,449.0,192.0,446.0,193.0
1.0,1287.0,650.0,640.0,636.0,647.0,647.0,448.0,192.0,455.0,195.0
1.0,1273.0,676.0,641.0,647.0,679.0,679.0,449.0,192.0,474.0,202.0
1.0,1244.0,640.0,643.0,679.0,646.0,646.0,450.0,193.0,449.0,191.0
1.0,1283.0,664.0,643.0,646.0,664.0,664.0,450.0,193.0,465.0,199.0
1.0,1265.0,708.0,646.0,664.0,717.0,717.0,452.0,194.0,495.0,213.0
1.0,1221.0,729.0,647.0,717.0,732.0,732.0,453.0,194.0,509.0,220.0
1.0,1209.0,565.0,644.0,732.0,556.0,556.0,451.0,193.0,396.0,169.0
1.0,1376.0,634.0,644.0,556.0,634.0,634.0,451.0,193.0,444.0,190.0
1.0,1298.0,586.0,643.0,634.0,583.0,583.0,450.0,193.0,411.0,175.0
1.0,1346.0,725.0,646.0,583.0,734.0,734.0,452.0,194.0,506.0,219.0
1.0,1204.0,679.0,647.0,734.0,682.0,682.0,453.0,194.0,475.0,204.0
1.0,1259.0,702.0,650.0,682.0,711.0,711.0,455.0,195.0,492.0,210.0
1.0,1239.0,681.0,650.0,711.0,681.0,681.0,455.0,195.0,477.0,204.0
1.0,1269.0,607.0,648.0,681.0,601.0,601.0,454.0,194.0,424.0,183.0
1.0,1343.0,610.0,647.0,601.0,607.0,607.0,453.0,194.0,427.0,183.0
1.0,1334.0,647.0,646.0,607.0,644.0,644.0,452.0,194.0,454.0,193.0
1.0,1294.0,666.0,647.0,644.0,669.0,669.0,453.0,194.0,465.0,201.0
1.0,1272.0,697.0,649.0,669.0,703.0,703.0,454.0,195.0,489.0,208.0
1.0,1244.0,742.0,651.0,703.0,748.0,748.0,456.0,195.0,519.0,223.0
1.0,1205.0,716.0,654.0,748.0,725.0,725.0,458.0,196.0,501.0,215.0
1.0,1237.0,709.0,654.0,725.0,709.0,709.0,458.0,196.0,496.0,213.0
1.0,1253.0,590.0,653.0,709.0,587.0,587.0,457.0,196.0,414.0,176.0
1.0,1372.0,607.0,652.0,587.0,604.0,604.0,456.0,196.0,424.0,183.0
1.0,1352.0,667.0,652.0,604.0,667.0,667.0,456.0,196.0,467.0,200.0
1.0,1289.0,713.0,654.0,667.0,719.0,719.0,458.0,196.0,499.0,214.0
1.0,1243.0,725.0,657.0,719.0,734.0,734.0,460.0,197.0,507.0,218.0
1.0,1237.0,611.0,657.0,734.0,611.0,611.0,460.0,197.0,429.0,182.0
1.0,1360.0,712.0,659.0,611.0,718.0,718.0,461.0,198.0,498.0,214.0
1.0,1259.0,693.0,660.0,718.0,696.0,696.0,462.0,198.0,484.0,209.0
1.0,1284.0,584.0,659.0,696.0,581.0,581.0,461.0,198.0,410.0,174.0
1.0,1396.0,631.0,659.0,581.0,631.0,631.0,461.0,198.0,442.0,189.0
1.0,1346.0,712.0,661.0,631.0,718.0,718.0,463.0,198.0,498.0,214.0
1.0,1265.0,674.0,663.0,718.0,680.0,680.0,464.0,199.0,473.0,201.0
1.0,1309.0,719.0,664.0,680.0,722.0,722.0,465.0,199.0,502.0,217.0
1.0,1270.0,637.0,664.0,722.0,637.0,637.0,465.0,199.0,445.0,192.0
1.0,1355.0,726.0,665.0,637.0,729.0,729.0,465.0,200.0,509.0,217.0
1.0,1266.0,604.0,663.0,729.0,598.0,598.0,464.0,199.0,424.0,180.0
1.0,1391.0,683.0,664.0,598.0,686.0,686.0,465.0,199.0,476.0,207.0
1.0,1306.0,666.0,664.0,686.0,666.0,666.0,465.0,199.0,466.0,200.0
1.0,1326.0,689.0,666.0,666.0,695.0,695.0,466.0,200.0,483.0,206.0
1.0,1303.0,700.0,667.0,695.0,703.0,703.0,467.0,200.0,491.0,209.0
1.0,1298.0,733.0,668.0,703.0,736.0,736.0,468.0,200.0,512.0,221.0
1.0,1268.0,692.0,667.0,736.0,689.0,689.0,467.0,200.0,484.0,208.0
1.0,1312.0,638.0,666.0,689.0,635.0,635.0,466.0,200.0,448.0,190.0
1.0,1363.0,739.0,668.0,635.0,745.0,745.0,468.0,200.0,517.0,222.0
1.0,1259.0,801.0,672.0,745.0,813.0,813.0,470.0,202.0,560.0,241.0
1.0,1203.0,679.0,673.0,813.0,682.0,682.0,471.0,202.0,475.0,204.0
1.0,1337.0,749.0,676.0,682.0,758.0,758.0,473.0,203.0,524.0,225.0
1.0,1270.0,571.0,673.0,758.0,562.0,562.0,471.0,202.0,401.0,170.0
1.0,1457.0,648.0,673.0,562.0,648.0,648.0,471.0,202.0,453.0,195.0
1.0,1371.0,639.0,671.0,648.0,633.0,633.0,470.0,201.0,447.0,192.0
1.0,1380.0,696.0,673.0,633.0,702.0,702.0,471.0,202.0,487.0,209.0
1.0,1317.0,734.0,674.0,702.0,737.0,737.0,472.0,202.0,513.0,221.0
1.0,1285.0,694.0,674.0,737.0,694.0,694.0,472.0,202.0,487.0,207.0
1.0,1328.0,697.0,676.0,694.0,703.0,703.0,473.0,203.0,488.0,209.0
1.0,1325.0,621.0,674.0,703.0,615.0,615.0,472.0,202.0,435.0,186.0
1.0,1407.0,620.0,673.0,615.0,617.0,617.0,471.0,202.0,435.0,185.0
1.0,1402.0,626.0,671.0,617.0,620.0,620.0,470.0,201.0,437.0,189.0
1.0,1393.0,690.0,673.0,620.0,696.0,696.0,471.0,202.0,482.0,208.0
1.0,1323.0,750.0,676.0,696.0,759.0,759.0,473.0,203.0,527.0,223.0
1.0,1269.0,742.0,679.0,759.0,751.0,751.0,475.0,204.0,519.0,223.0
1.0,1286.0,711.0,678.0,751.0,708.0,708.0,475.0,203.0,497.0,214.0
1.0,1326.0,733.0,680.0,708.0,739.0,739.0,476.0,204.0,514.0,219.0
1.0,1301.0,643.0,678.0,739.0,637.0,637.0,475.0,203.0,450.0,193.0
1.0,1397.0,660.0,677.0,637.0,657.0,657.0,474.0,203.0,461.0,199.0
1.0,1374.0,736.0,680.0,657.0,745.0,745.0,476.0,204.0,515.0,221.0
1.0,1295.0,689.0,682.0,745.0,695.0,695.0,477.0,205.0,483.0,206.0
1.0,1351.0,720.0,683.0,695.0,723.0,723.0,478.0,205.0,505.0,215.0
1.0,1326.0,707.0,684.0,723.0,710.0,710.0,479.0,205.0,493.0,214.0
1.0,1342.0,717.0,684.0,710.0,717.0,717.0,479.0,205.0,503.0,214.0
1.0,1335.0,610.0,682.0,717.0,604.0,604.0,477.0,205.0,427.0,183.0
1.0,1442.0,641.0,680.0,604.0,635.0,635.0,476.0,204.0,448.0,193.0
1.0,1405.0,655.0,680.0,635.0,655.0,655.0,476.0,204.0,461.0,194.0
1.0,1385.0,785.0,683.0,655.0,794.0,794.0,478.0,205.0,549.0,236.0
1.0,1255.0,709.0,686.0,794.0,718.0,718.0,480.0,206.0,495.0,214.0
1.0,1340.0,700.0,686.0,718.0,700.0,700.0,480.0,206.0,491.0,209.0
1.0,1358.0,667.0,684.0,700.0,661.0,661.0,479.0,205.0,466.0,201.0
1.0,1391.0,696.0,684.0,661.0,696.0,696.0,479.0,205.0,487.0,209.0
1.0,1356.0,723.0,686.0,696.0,729.0,729.0,480.0,206.0,507.0,216.0
1.0,1329.0,739.0,687.0,729.0,742.0,742.0,481.0,206.0,516.0,223.0
1.0,1319.0,746.0,688.0,742.0,749.0,749.0,482.0,206.0,522.0,224.0
1.0,1315.0,749.0,691.0,749.0,758.0,758.0,484.0,207.0,524.0,225.0
1.0,1315.0,752.0,693.0,758.0,758.0,758.0,485.0,208.0,528.0,224.0
1.0,1321.0,707.0,693.0,758.0,707.0,707.0,485.0,208.0,495.0,212.0
1.0,1372.0,686.0,693.0,707.0,686.0,686.0,485.0,208.0,478.0,208.0
1.0,1393.0,685.0,693.0,686.0,685.0,685.0,485.0,208.0,482.0,203.0
1.0,1394.0,683.0,694.0,685.0,686.0,686.0,486.0,208.0,476.0,207.0
1.0,1396.0,704.0,693.0,686.0,701.0,701.0,485.0,208.0,493.0,211.0
1.0,1378.0,780.0,697.0,701.0,792.0,792.0,488.0,209.0,548.0,232.0
1.0,1299.0,713.0,697.0,792.0,713.0,713.0,488.0,209.0,498.0,215.0
1.0,1378.0,624.0,697.0,713.0,624.0,624.0,488.0,209.0,438.0,186.0
1.0,1467.0,673.0,696.0,624.0,670.0,670.0,487.0,209.0,471.0,202.0
1.0,1418.0,717.0,697.0,670.0,720.0,720.0,488.0,209.0,502.0,215.0
1.0,1371.0,720.0,696.0,720.0,717.0,717.0,487.0,209.0,504.0,216.0
1.0,1371.0,813.0,699.0,717.0,822.0,822.0,489.0,210.0,569.0,244.0
1.0,1275.0,798.0,701.0,822.0,804.0,804.0,491.0,210.0,558.0,240.0
1.0,1299.0,748.0,702.0,804.0,751.0,751.0,491.0,211.0,524.0,224.0
1.0,1355.0,667.0,700.0,751.0,661.0,661.0,490.0,210.0,467.0,200.0
1.0,1439.0,667.0,699.0,661.0,664.0,664.0,489.0,210.0,467.0,200.0
1.0,1433.0,634.0,697.0,664.0,628.0,628.0,488.0,209.0,443.0,191.0
1.0,1463.0,727.0,700.0,628.0,736.0,736.0,490.0,210.0,511.0,216.0
1.0,1364.0,714.0,701.0,736.0,717.0,717.0,491.0,210.0,499.0,215.0
1.0,1386.0,830.0,704.0,717.0,839.0,839.0,493.0,211.0,581.0,249.0
1.0,1273.0,717.0,706.0,839.0,723.0,723.0,494.0,212.0,502.0,215.0
1.0,1395.0,749.0,706.0,723.0,749.0,749.0,494.0,212.0,525.0,224.0
1.0,1369.0,650.0,704.0,749.0,644.0,644.0,493.0,211.0,454.0,196.0
1.0,1468.0,697.0,704.0,644.0,697.0,697.0,493.0,211.0,488.0,209.0
1.0,1415.0,697.0,706.0,697.0,703.0,703.0,494.0,212.0,489.0,208.0
1.0,1415.0,758.0,709.0,703.0,767.0,767.0,496.0,213.0,530.0,228.0
1.0,1360.0,781.0,711.0,767.0,787.0,787.0,498.0,213.0,546.0,235.0
1.0,1346.0,763.0,713.0,787.0,769.0,769.0,499.0,214.0,535.0,228.0
1.0,1370.0,710.0,713.0,769.0,710.0,710.0,499.0,214.0,496.0,214.0
1.0,1429.0,687.0,711.0,710.0,681.0,681.0,498.0,213.0,481.0,206.0
1.0,1452.0,733.0,711.0,681.0,733.0,733.0,498.0,213.0,513.0,220.0
1.0,1400.0,700.0,711.0,733.0,700.0,700.0,498.0,213.0,489.0,211.0
1.0,1433.0,700.0,713.0,700.0,706.0,706.0,499.0,214.0,491.0,209.0
1.0,1433.0,776.0,714.0,706.0,779.0,779.0,500.0,214.0,543.0,233.0
1.0,1363.0,734.0,714.0,779.0,734.0,734.0,500.0,214.0,514.0,220.0
1.0,1408.0,729.0,716.0,734.0,735.0,735.0,501.0,215.0,510.0,219.0
1.0,1413.0,691.0,714.0,735.0,685.0,685.0,500.0,214.0,484.0,207.0
1.0,1457.0,679.0,714.0,685.0,679.0,679.0,500.0,214.0,475.0,204.0
1.0,1463.0,802.0,716.0,679.0,808.0,808.0,501.0,215.0,562.0,240.0
1.0,1340.0,782.0,719.0,808.0,791.0,791.0,503.0,216.0,547.0,235.0
1.0,1366.0,769.0,721.0,791.0,775.0,775.0,505.0,216.0,537.0,232.0
1.0,1388.0,794.0,724.0,775.0,803.0,803.0,507.0,217.0,558.0,236.0
1.0,1369.0,774.0,724.0,803.0,774.0,774.0,507.0,217.0,542.0,232.0
1.0,1398.0,663.0,723.0,774.0,660.0,660.0,506.0,217.0,464.0,199.0
1.0,1509.0,710.0,723.0,660.0,710.0,710.0,506.0,217.0,497.0,213.0
1.0,1459.0,732.0,724.0,710.0,735.0,735.0,507.0,217.0,511.0,221.0
1.0,1437.0,720.0,724.0,735.0,720.0,720.0,507.0,217.0,504.0,216.0
1.0,1452.0,703.0,724.0,720.0,703.0,703.0,507.0,217.0,492.0,211.0
1.0,1469.0,790.0,726.0,703.0,796.0,796.0,508.0,218.0,553.0,237.0
1.0,1382.0,726.0,726.0,796.0,726.0,726.0,508.0,218.0,508.0,218.0
1.0,1452.0,761.0,726.0,726.0,761.0,761.0,508.0,218.0,533.0,228.0
1.0,1417.0,710.0,724.0,761.0,704.0,704.0,507.0,217.0,497.0,213.0
1.0,1468.0,759.0,726.0,704.0,765.0,765.0,508.0,218.0,532.0,227.0
1.0,1413.0,737.0,727.0,765.0,740.0,740.0,509.0,218.0,516.0,221.0
1.0,1441.0,832.0,730.0,740.0,841.0,841.0,511.0,219.0,582.0,250.0
1.0,1349.0,783.0,731.0,841.0,786.0,786.0,512.0,219.0,547.0,236.0
1.0,1407.0,756.0,733.0,786.0,762.0,762.0,513.0,220.0,530.0,226.0
1.0,1437.0,718.0,731.0,762.0,712.0,712.0,512.0,219.0,502.0,216.0
1.0,1481.0,786.0,733.0,712.0,792.0,792.0,513.0,220.0,551.0,235.0
1.0,1407.0,730.0,734.0,792.0,733.0,733.0,514.0,220.0,511.0,219.0
1.0,1469.0,829.0,737.0,733.0,838.0,838.0,516.0,221.0,580.0,249.0
1.0,1373.0,737.0,738.0,838.0,740.0,740.0,517.0,221.0,516.0,221.0
1.0,1474.0,744.0,739.0,740.0,747.0,747.0,517.0,222.0,521.0,223.0
1.0,1470.0,740.0,737.0,747.0,734.0,734.0,516.0,221.0,519.0,221.0
1.0,1477.0,746.0,736.0,734.0,743.0,743.0,515.0,221.0,522.0,224.0
1.0,1465.0,809.0,737.0,743.0,812.0,812.0,516.0,221.0,565.0,244.0
1.0,1399.0,717.0,738.0,812.0,720.0,720.0,517.0,221.0,502.0,215.0
1.0,1494.0,765.0,740.0,720.0,771.0,771.0,518.0,222.0,536.0,229.0
1.0,1449.0,822.0,744.0,771.0,834.0,834.0,521.0,223.0,576.0,246.0
1.0,1398.0,763.0,744.0,834.0,763.0,763.0,521.0,223.0,532.0,231.0
1.0,1469.0,726.0,744.0,763.0,726.0,726.0,521.0,223.0,508.0,218.0
1.0,1506.0,753.0,743.0,726.0,750.0,750.0,520.0,223.0,529.0,224.0
1.0,1479.0,777.0,744.0,750.0,780.0,780.0,521.0,223.0,542.0,235.0
1.0,1452.0,794.0,746.0,780.0,800.0,800.0,522.0,224.0,557.0,237.0
1.0,1438.0,723.0,747.0,800.0,726.0,726.0,523.0,224.0,507.0,216.0
1.0,1515.0,793.0,749.0,726.0,799.0,799.0,524.0,225.0,554.0,239.0
1.0,1448.0,786.0,750.0,799.0,789.0,789.0,525.0,225.0,551.0,235.0
1.0,1461.0,739.0,750.0,789.0,739.0,739.0,525.0,225.0,517.0,222.0
1.0,1511.0,772.0,750.0,739.0,772.0,772.0,525.0,225.0,540.0,232.0
1.0,1478.0,740.0,749.0,772.0,737.0,737.0,524.0,225.0,518.0,222.0
1.0,1510.0,746.0,750.0,737.0,749.0,749.0,525.0,225.0,522.0,224.0
1.0,1501.0,740.0,751.0,749.0,743.0,743.0,526.0,225.0,517.0,223.0
1.0,1510.0,754.0,751.0,743.0,754.0,754.0,526.0,225.0,528.0,226.0
1.0,1499.0,793.0,753.0,754.0,799.0,799.0,527.0,226.0,556.0,237.0
1.0,1460.0,716.0,753.0,799.0,716.0,716.0,527.0,226.0,502.0,214.0
1.0,1543.0,763.0,753.0,716.0,763.0,763.0,527.0,226.0,534.0,229.0
1.0,1496.0,710.0,753.0,763.0,710.0,710.0,527.0,226.0,496.0,214.0
1.0,1549.0,833.0,754.0,710.0,836.0,836.0,528.0,226.0,583.0,250.0
1.0,1426.0,771.0,756.0,836.0,777.0,777.0,529.0,227.0,541.0,230.0
1.0,1491.0,779.0,758.0,777.0,785.0,785.0,531.0,227.0,544.0,235.0
1.0,1489.0,744.0,757.0,785.0,741.0,741.0,530.0,227.0,522.0,222.0
1.0,1530.0,703.0,756.0,741.0,700.0,700.0,529.0,227.0,491.0,212.0
1.0,1568.0,729.0,754.0,700.0,723.0,723.0,528.0,226.0,510.0,219.0
1.0,1539.0,708.0,753.0,723.0,705.0,705.0,527.0,226.0,497.0,211.0
1.0,1554.0,721.0,752.0,705.0,718.0,718.0,526.0,226.0,504.0,217.0
1.0,1538.0,779.0,754.0,718.0,785.0,785.0,528.0,226.0,545.0,234.0
1.0,1477.0,847.0,757.0,785.0,856.0,856.0,530.0,227.0,594.0,253.0
1.0,1415.0,792.0,758.0,856.0,795.0,795.0,531.0,227.0,553.0,239.0
1.0,1479.0,698.0,757.0,795.0,695.0,695.0,530.0,227.0,489.0,209.0
1.0,1576.0,779.0,759.0,695.0,785.0,785.0,531.0,228.0,546.0,233.0
1.0,1492.0,760.0,759.0,785.0,760.0,760.0,531.0,228.0,532.0,228.0
1.0,1517.0,771.0,760.0,760.0,774.0,774.0,532.0,228.0,540.0,231.0
1.0,1506.0,767.0,760.0,774.0,767.0,767.0,532.0,228.0,537.0,230.0
1.0,1513.0,805.0,761.0,767.0,808.0,808.0,533.0,228.0,562.0,243.0
1.0,1475.0,786.0,762.0,808.0,789.0,789.0,533.0,229.0,551.0,235.0
1.0,1497.0,780.0,763.0,789.0,783.0,783.0,534.0,229.0,546.0,234.0
1.0,1506.0,654.0,759.0,783.0,642.0,642.0,531.0,228.0,458.0,196.0
1.0,1635.0,872.0,761.0,642.0,878.0,878.0,533.0,228.0,609.0,263.0
1.0,1405.0,770.0,761.0,878.0,770.0,770.0,533.0,228.0,540.0,230.0
1.0,1513.0,837.0,763.0,770.0,843.0,843.0,534.0,229.0,587.0,250.0
1.0,1446.0,866.0,765.0,843.0,872.0,872.0,535.0,230.0,605.0,261.0
1.0,1423.0,711.0,764.0,872.0,708.0,708.0,535.0,229.0,498.0,213.0
1.0,1584.0,751.0,763.0,708.0,748.0,748.0,534.0,229.0,527.0,224.0
1.0,1541.0,769.0,764.0,748.0,772.0,772.0,535.0,229.0,537.0,232.0
1.0,1520.0,738.0,763.0,772.0,735.0,735.0,534.0,229.0,516.0,222.0
1.0,1554.0,733.0,763.0,735.0,733.0,733.0,534.0,229.0,513.0,220.0
1.0,1556.0,749.0,763.0,733.0,749.0,749.0,534.0,229.0,524.0,225.0
1.0,1540.0,800.0,763.0,749.0,800.0,800.0,534.0,229.0,560.0,240.0
1.0,1489.0,847.0,766.0,800.0,856.0,856.0,536.0,230.0,595.0,252.0
1.0,1442.0,714.0,764.0,856.0,708.0,708.0,535.0,229.0,499.0,215.0
1.0,1584.0,746.0,763.0,708.0,743.0,743.0,534.0,229.0,522.0,224.0
1.0,1546.0,762.0,763.0,743.0,762.0,762.0,534.0,229.0,533.0,229.0
1.0,1527.0,757.0,764.0,762.0,760.0,760.0,535.0,229.0,530.0,227.0
1.0,1532.0,813.0,766.0,760.0,819.0,819.0,536.0,230.0,570.0,243.0
1.0,1479.0,773.0,765.0,819.0,770.0,770.0,536.0,229.0,541.0,232.0
1.0,1525.0,743.0,764.0,770.0,740.0,740.0,535.0,229.0,519.0,224.0
1.0,1552.0,838.0,766.0,740.0,844.0,844.0,536.0,230.0,586.0,252.0
1.0,1454.0,803.0,767.0,844.0,806.0,806.0,537.0,230.0,562.0,241.0
1.0,1495.0,751.0,766.0,806.0,748.0,748.0,536.0,230.0,527.0,224.0
1.0,1550.0,817.0,767.0,748.0,820.0,820.0,537.0,230.0,571.0,246.0
1.0,1481.0,839.0,769.0,820.0,845.0,845.0,538.0,231.0,588.0,251.0
1.0,1462.0,856.0,771.0,845.0,862.0,862.0,540.0,231.0,599.0,257.0
1.0,1451.0,856.0,773.0,862.0,862.0,862.0,541.0,232.0,600.0,256.0
1.0,1457.0,767.0,773.0,862.0,767.0,767.0,541.0,232.0,535.0,232.0
1.0,1552.0,806.0,774.0,767.0,809.0,809.0,542.0,232.0,565.0,241.0
1.0,1513.0,813.0,774.0,809.0,813.0,813.0,542.0,232.0,569.0,244.0
1.0,1509.0,753.0,776.0,813.0,759.0,759.0,543.0,233.0,528.0,225.0
1.0,1569.0,848.0,777.0,759.0,851.0,851.0,544.0,233.0,592.0,256.0
1.0,1480.0,890.0,780.0,851.0,899.0,899.0,546.0,234.0,623.0,267.0
1.0,1441.0,802.0,780.0,899.0,802.0,802.0,546.0,234.0,561.0,241.0
1.0,1538.0,817.0,781.0,802.0,820.0,820.0,547.0,234.0,573.0,244.0
1.0,1523.0,797.0,781.0,820.0,797.0,797.0,547.0,234.0,558.0,239.0
1.0,1546.0,747.0,781.0,797.0,747.0,747.0,547.0,234.0,523.0,224.0
1.0,1596.0,866.0,784.0,747.0,875.0,875.0,549.0,235.0,606.0,260.0
1.0,1477.0,726.0,784.0,875.0,726.0,726.0,549.0,235.0,508.0,218.0
1.0,1626.0,832.0,787.0,726.0,841.0,841.0,551.0,236.0,583.0,249.0
1.0,1520.0,870.0,790.0,841.0,879.0,879.0,553.0,237.0,609.0,261.0
1.0,1491.0,734.0,789.0,879.0,731.0,731.0,552.0,237.0,514.0,220.0
1.0,1636.0,751.0,787.0,731.0,745.0,745.0,551.0,236.0,525.0,226.0
1.0,1616.0,768.0,787.0,745.0,768.0,768.0,551.0,236.0,539.0,229.0
1.0,1593.0,768.0,787.0,768.0,768.0,768.0,551.0,236.0,536.0,232.0
1.0,1593.0,867.0,790.0,768.0,876.0,876.0,553.0,237.0,608.0,259.0
1.0,1494.0,818.0,790.0,876.0,818.0,818.0,553.0,237.0,571.0,247.0
1.0,1552.0,806.0,791.0,818.0,809.0,809.0,554.0,237.0,565.0,241.0
1.0,1564.0,870.0,793.0,809.0,876.0,876.0,555.0,238.0,610.0,260.0
1.0,1503.0,746.0,793.0,876.0,746.0,746.0,555.0,238.0,521.0,225.0
1.0,1633.0,757.0,792.0,746.0,754.0,754.0,554.0,238.0,530.0,227.0
1.0,1622.0,823.0,793.0,754.0,826.0,826.0,555.0,238.0,576.0,247.0
1.0,1553.0,940.0,798.0,826.0,955.0,955.0,559.0,239.0,657.0,283.0
1.0,1439.0,839.0,797.0,955.0,836.0,836.0,558.0,239.0,587.0,252.0
1.0,1555.0,853.0,799.0,836.0,859.0,859.0,559.0,240.0,598.0,255.0
1.0,1538.0,808.0,799.0,859.0,808.0,808.0,559.0,240.0,565.0,243.0
1.0,1589.0,796.0,797.0,808.0,790.0,790.0,558.0,239.0,557.0,239.0
1.0,1601.0,809.0,799.0,790.0,815.0,815.0,559.0,240.0,567.0,242.0
1.0,1582.0,836.0,800.0,815.0,839.0,839.0,560.0,240.0,584.0,252.0
1.0,1561.0,850.0,802.0,839.0,856.0,856.0,561.0,241.0,596.0,254.0
1.0,1550.0,819.0,804.0,856.0,825.0,825.0,563.0,241.0,574.0,245.0
1.0,1587.0,862.0,806.0,825.0,868.0,868.0,564.0,242.0,603.0,259.0
1.0,1550.0,734.0,806.0,868.0,734.0,734.0,564.0,242.0,513.0,221.0
1.0,1684.0,791.0,806.0,734.0,791.0,791.0,564.0,242.0,554.0,237.0
1.0,1627.0,794.0,804.0,791.0,788.0,788.0,563.0,241.0,556.0,238.0
1.0,1624.0,803.0,806.0,788.0,809.0,809.0,564.0,242.0,563.0,240.0
1.0,1609.0,892.0,809.0,809.0,901.0,901.0,566.0,243.0,624.0,268.0
1.0,1526.0,855.0,811.0,901.0,861.0,861.0,568.0,243.0,597.0,258.0
1.0,1572.0,826.0,813.0,861.0,832.0,832.0,569.0,244.0,579.0,247.0
1.0,1607.0,839.0,813.0,832.0,839.0,839.0,569.0,244.0,587.0,252.0
1.0,1600.0,776.0,813.0,839.0,776.0,776.0,569.0,244.0,543.0,233.0
1.0,1663.0,787.0,814.0,776.0,790.0,790.0,570.0,244.0,552.0,235.0
1.0,1652.0,770.0,813.0,790.0,767.0,767.0,569.0,244.0,538.0,232.0
1.0,1672.0,859.0,813.0,767.0,859.0,859.0,569.0,244.0,602.0,257.0
1.0,1580.0,875.0,816.0,859.0,884.0,884.0,571.0,245.0,611.0,264.0
1.0,1564.0,857.0,817.0,884.0,860.0,860.0,572.0,245.0,601.0,256.0
1.0,1591.0,811.0,816.0,860.0,808.0,808.0,571.0,245.0,567.0,244.0
1.0,1640.0,807.0,816.0,808.0,807.0,807.0,571.0,245.0,565.0,242.0
1.0,1641.0,768.0,813.0,807.0,759.0,759.0,569.0,244.0,539.0,229.0
1.0,1680.0,849.0,815.0,759.0,855.0,855.0,570.0,245.0,593.0,256.0
1.0,1590.0,847.0,816.0,855.0,850.0,850.0,571.0,245.0,593.0,254.0
1.0,1598.0,879.0,817.0,850.0,882.0,882.0,572.0,245.0,616.0,263.0
1.0,1569.0,839.0,819.0,882.0,845.0,845.0,573.0,246.0,586.0,253.0
1.0,1612.0,891.0,820.0,845.0,894.0,894.0,574.0,246.0,625.0,266.0
1.0,1566.0,830.0,819.0,894.0,827.0,827.0,573.0,246.0,580.0,250.0
1.0,1630.0,770.0,817.0,827.0,764.0,764.0,572.0,245.0,539.0,231.0
1.0,1687.0,854.0,819.0,764.0,860.0,860.0,573.0,246.0,598.0,256.0
1.0,1597.0,844.0,820.0,860.0,847.0,847.0,574.0,246.0,592.0,252.0
1.0,1613.0,892.0,823.0,847.0,901.0,901.0,576.0,247.0,624.0,268.0
1.0,1568.0,847.0,822.0,901.0,844.0,844.0,575.0,247.0,593.0,254.0
1.0,1622.0,791.0,823.0,844.0,794.0,794.0,576.0,247.0,555.0,236.0
1.0,1675.0,839.0,823.0,794.0,839.0,839.0,576.0,247.0,587.0,252.0
1.0,1630.0,773.0,821.0,839.0,767.0,767.0,575.0,246.0,540.0,233.0
1.0,1696.0,776.0,822.0,767.0,779.0,779.0,575.0,247.0,543.0,233.0
1.0,1687.0,893.0,824.0,779.0,899.0,899.0,577.0,247.0,625.0,268.0
1.0,1573.0,923.0,827.0,899.0,932.0,932.0,579.0,248.0,646.0,277.0
1.0,1549.0,850.0,830.0,932.0,859.0,859.0,581.0,249.0,596.0,254.0
1.0,1631.0,870.0,830.0,859.0,870.0,870.0,581.0,249.0,609.0,261.0
1.0,1620.0,803.0,829.0,870.0,800.0,800.0,580.0,249.0,562.0,241.0
1.0,1687.0,847.0,830.0,800.0,850.0,850.0,581.0,249.0,593.0,254.0
1.0,1640.0,859.0,830.0,850.0,859.0,859.0,581.0,249.0,601.0,258.0
1.0,1631.0,832.0,831.0,859.0,835.0,835.0,582.0,249.0,581.0,251.0
1.0,1658.0,928.0,834.0,835.0,937.0,937.0,584.0,250.0,650.0,278.0
1.0,1565.0,857.0,836.0,937.0,863.0,863.0,585.0,251.0,600.0,257.0
1.0,1645.0,831.0,833.0,863.0,822.0,822.0,583.0,250.0,583.0,248.0
1.0,1677.0,912.0,834.0,822.0,915.0,915.0,584.0,250.0,637.0,275.0
1.0,1587.0,853.0,834.0,915.0,853.0,853.0,584.0,250.0,597.0,256.0
1.0,1649.0,823.0,834.0,853.0,823.0,823.0,584.0,250.0,576.0,247.0
1.0,1679.0,820.0,836.0,823.0,826.0,826.0,585.0,251.0,574.0,246.0
1.0,1682.0,986.0,839.0,826.0,995.0,995.0,587.0,252.0,691.0,295.0
1.0,1522.0,879.0,840.0,995.0,882.0,882.0,588.0,252.0,615.0,264.0
1.0,1638.0,830.0,839.0,882.0,827.0,827.0,587.0,252.0,581.0,249.0
1.0,1690.0,801.0,839.0,827.0,801.0,801.0,587.0,252.0,561.0,240.0
1.0,1716.0,860.0,839.0,801.0,860.0,860.0,587.0,252.0,602.0,258.0
1.0,1657.0,838.0,841.0,860.0,844.0,844.0,589.0,252.0,585.0,253.0
1.0,1679.0,882.0,843.0,844.0,888.0,888.0,590.0,253.0,618.0,264.0
1.0,1641.0,898.0,844.0,888.0,901.0,901.0,591.0,253.0,628.0,270.0
1.0,1631.0,841.0,846.0,901.0,847.0,847.0,592.0,254.0,589.0,252.0
1.0,1691.0,791.0,843.0,847.0,782.0,782.0,590.0,253.0,555.0,236.0
1.0,1747.0,866.0,844.0,782.0,869.0,869.0,591.0,253.0,604.0,262.0
1.0,1663.0,813.0,843.0,869.0,810.0,810.0,590.0,253.0,571.0,242.0
1.0,1719.0,870.0,844.0,810.0,873.0,873.0,591.0,253.0,607.0,263.0
1.0,1659.0,933.0,847.0,873.0,942.0,942.0,593.0,254.0,653.0,280.0
1.0,1599.0,995.0,851.0,942.0,1007.0,1007.0,596.0,255.0,697.0,298.0
1.0,1546.0,873.0,853.0,1007.0,879.0,879.0,597.0,256.0,612.0,261.0
1.0,1680.0,873.0,853.0,879.0,873.0,873.0,597.0,256.0,612.0,261.0
1.0,1686.0,790.0,851.0,873.0,784.0,784.0,596.0,255.0,552.0,238.0
1.0,1769.0,864.0,852.0,784.0,867.0,867.0,596.0,256.0,605.0,259.0
1.0,1689.0,860.0,853.0,867.0,863.0,863.0,597.0,256.0,602.0,258.0
1.0,1696.0,847.0,853.0,863.0,847.0,847.0,597.0,256.0,594.0,253.0
1.0,1712.0,969.0,857.0,847.0,981.0,981.0,600.0,257.0,678.0,291.0
1.0,1590.0,846.0,857.0,981.0,846.0,846.0,600.0,257.0,592.0,254.0
1.0,1725.0,886.0,858.0,846.0,889.0,889.0,601.0,257.0,619.0,267.0
1.0,1685.0,807.0,857.0,889.0,804.0,804.0,600.0,257.0,566.0,241.0
1.0,1767.0,879.0,857.0,804.0,879.0,879.0,600.0,257.0,614.0,265.0
1.0,1692.0,852.0,857.0,879.0,852.0,852.0,600.0,257.0,598.0,254.0
1.0,1719.0,844.0,857.0,852.0,844.0,844.0,600.0,257.0,591.0,253.0
1.0,1727.0,886.0,859.0,844.0,892.0,892.0,601.0,258.0,620.0,266.0
1.0,1685.0,902.0,860.0,892.0,905.0,905.0,602.0,258.0,631.0,271.0
1.0,1675.0,847.0,860.0,905.0,847.0,847.0,602.0,258.0,593.0,254.0
1.0,1733.0,786.0,858.0,847.0,780.0,780.0,601.0,257.0,549.0,237.0
1.0,1794.0,848.0,858.0,780.0,848.0,848.0,601.0,257.0,594.0,254.0
1.0,1726.0,835.0,859.0,848.0,838.0,838.0,601.0,258.0,585.0,250.0
1.0,1739.0,953.0,861.0,838.0,959.0,959.0,603.0,258.0,666.0,287.0
1.0,1624.0,847.0,863.0,959.0,853.0,853.0,604.0,259.0,594.0,253.0
1.0,1736.0,964.0,866.0,853.0,973.0,973.0,606.0,260.0,675.0,289.0
1.0,1625.0,791.0,864.0,973.0,785.0,785.0,605.0,259.0,552.0,239.0
1.0,1807.0,838.0,863.0,785.0,835.0,835.0,604.0,259.0,588.0,250.0
1.0,1754.0,788.0,861.0,835.0,782.0,782.0,603.0,258.0,552.0,236.0
1.0,1801.0,899.0,862.0,782.0,902.0,902.0,603.0,259.0,629.0,270.0
1.0,1684.0,903.0,864.0,902.0,909.0,909.0,605.0,259.0,631.0,272.0
1.0,1683.0,990.0,867.0,909.0,999.0,999.0,607.0,260.0,695.0,295.0
1.0,1602.0,867.0,867.0,999.0,867.0,867.0,607.0,260.0,607.0,260.0
1.0,1734.0,882.0,867.0,867.0,882.0,882.0,607.0,260.0,616.0,266.0
1.0,1719.0,841.0,866.0,882.0,838.0,838.0,606.0,260.0,590.0,251.0
1.0,1760.0,843.0,866.0,838.0,843.0,843.0,606.0,260.0,590.0,253.0
1.0,1755.0,899.0,867.0,843.0,902.0,902.0,607.0,260.0,628.0,271.0
1.0,1699.0,943.0,867.0,902.0,943.0,943.0,607.0,260.0,660.0,283.0
1.0,1658.0,896.0,869.0,943.0,902.0,902.0,608.0,261.0,628.0,268.0
1.0,1705.0,953.0,871.0,902.0,959.0,959.0,610.0,261.0,666.0,287.0
1.0,1654.0,826.0,871.0,959.0,826.0,826.0,610.0,261.0,578.0,248.0
1.0,1787.0,891.0,870.0,826.0,888.0,888.0,609.0,261.0,625.0,266.0
1.0,1722.0,873.0,869.0,888.0,870.0,870.0,608.0,261.0,611.0,262.0
1.0,1737.0,883.0,870.0,870.0,886.0,886.0,609.0,261.0,617.0,266.0
1.0,1724.0,972.0,873.0,886.0,981.0,981.0,611.0,262.0,682.0,290.0
1.0,1638.0,905.0,874.0,981.0,908.0,908.0,612.0,262.0,632.0,273.0
1.0,1714.0,888.0,876.0,908.0,894.0,894.0,613.0,263.0,622.0,266.0
1.0,1734.0,843.0,874.0,894.0,837.0,837.0,612.0,262.0,590.0,253.0
1.0,1785.0,821.0,873.0,837.0,818.0,818.0,611.0,262.0,576.0,245.0
1.0,1801.0,882.0,874.0,818.0,885.0,885.0,612.0,262.0,616.0,266.0
1.0,1737.0,902.0,876.0,885.0,908.0,908.0,613.0,263.0,632.0,270.0
1.0,1720.0,930.0,877.0,908.0,933.0,933.0,614.0,263.0,650.0,280.0
1.0,1698.0,941.0,880.0,933.0,950.0,950.0,616.0,264.0,660.0,281.0
1.0,1690.0,899.0,880.0,950.0,899.0,899.0,616.0,264.0,630.0,269.0
1.0,1741.0,830.0,878.0,899.0,824.0,824.0,615.0,263.0,580.0,250.0
1.0,1810.0,882.0,876.0,824.0,876.0,876.0,613.0,263.0,618.0,264.0
1.0,1752.0,884.0,876.0,876.0,884.0,884.0,613.0,263.0,619.0,265.0
1.0,1744.0,864.0,876.0,884.0,864.0,864.0,613.0,263.0,605.0,259.0
1.0,1764.0,936.0,879.0,864.0,945.0,945.0,615.0,264.0,655.0,281.0
1.0,1692.0,993.0,881.0,945.0,999.0,999.0,617.0,264.0,695.0,298.0
1.0,1644.0,860.0,881.0,999.0,860.0,860.0,617.0,264.0,602.0,258.0
1.0,1783.0,881.0,882.0,860.0,884.0,884.0,617.0,265.0,617.0,264.0
1.0,1762.0,858.0,880.0,884.0,852.0,852.0,616.0,264.0,600.0,258.0
1.0,1788.0,827.0,880.0,852.0,827.0,827.0,616.0,264.0,581.0,246.0
1.0,1813.0,903.0,880.0,827.0,903.0,903.0,616.0,264.0,630.0,273.0
1.0,1737.0,891.0,881.0,903.0,894.0,894.0,617.0,264.0,625.0,266.0
1.0,1749.0,977.0,883.0,894.0,983.0,983.0,618.0,265.0,683.0,294.0
1.0,1666.0,910.0,884.0,983.0,913.0,913.0,619.0,265.0,638.0,272.0
1.0,1739.0,876.0,886.0,913.0,882.0,882.0,620.0,266.0,613.0,263.0
1.0,1776.0,892.0,886.0,882.0,892.0,892.0,620.0,266.0,625.0,267.0
1.0,1766.0,873.0,884.0,892.0,867.0,867.0,619.0,265.0,610.0,263.0
1.0,1785.0,913.0,886.0,867.0,919.0,919.0,620.0,266.0,640.0,273.0
1.0,1739.0,972.0,890.0,919.0,984.0,984.0,623.0,267.0,680.0,292.0
1.0,1686.0,920.0,891.0,984.0,923.0,923.0,624.0,267.0,643.0,277.0
1.0,1750.0,896.0,893.0,923.0,902.0,902.0,625.0,268.0,628.0,268.0
1.0,1777.0,856.0,890.0,902.0,847.0,847.0,623.0,267.0,598.0,258.0
1.0,1823.0,876.0,891.0,847.0,879.0,879.0,624.0,267.0,613.0,263.0
1.0,1794.0,868.0,889.0,879.0,862.0,862.0,622.0,267.0,609.0,259.0
1.0,1805.0,913.0,891.0,862.0,919.0,919.0,624.0,267.0,639.0,274.0
1.0,1754.0,982.0,894.0,919.0,991.0,991.0,626.0,268.0,687.0,295.0
1.0,1691.0,880.0,896.0,991.0,886.0,886.0,627.0,269.0,617.0,263.0
1.0,1802.0,973.0,897.0,886.0,976.0,976.0,628.0,269.0,680.0,293.0
1.0,1715.0,917.0,897.0,976.0,917.0,917.0,628.0,269.0,642.0,275.0
1.0,1774.0,912.0,896.0,917.0,909.0,909.0,627.0,269.0,640.0,272.0
1.0,1779.0,864.0,896.0,909.0,864.0,864.0,627.0,269.0,605.0,259.0
1.0,1824.0,956.0,897.0,864.0,959.0,959.0,628.0,269.0,668.0,288.0
1.0,1732.0,966.0,900.0,959.0,975.0,975.0,630.0,270.0,678.0,288.0
1.0,1725.0,976.0,903.0,975.0,985.0,985.0,632.0,271.0,682.0,294.0
1.0,1724.0,1010.0,904.0,985.0,1013.0,1013.0,633.0,271.0,707.0,303.0
1.0,1699.0,939.0,904.0,1013.0,939.0,939.0,633.0,271.0,657.0,282.0
1.0,1773.0,907.0,904.0,939.0,907.0,907.0,633.0,271.0,635.0,272.0
1.0,1805.0,891.0,903.0,907.0,888.0,888.0,632.0,271.0,625.0,266.0
1.0,1821.0,902.0,905.0,888.0,908.0,908.0,634.0,271.0,630.0,272.0
1.0,1807.0,922.0,906.0,908.0,925.0,925.0,634.0,272.0,645.0,277.0
1.0,1793.0,982.0,907.0,925.0,985.0,985.0,635.0,272.0,687.0,295.0
1.0,1736.0,982.0,910.0,985.0,991.0,991.0,637.0,273.0,688.0,294.0
1.0,1739.0,918.0,909.0,991.0,915.0,915.0,636.0,273.0,643.0,275.0
1.0,1812.0,890.0,908.0,915.0,887.0,887.0,636.0,272.0,622.0,268.0
1.0,1837.0,926.0,909.0,887.0,929.0,929.0,636.0,273.0,649.0,277.0
1.0,1798.0,913.0,910.0,929.0,916.0,916.0,637.0,273.0,640.0,273.0
1.0,1814.0,949.0,913.0,916.0,958.0,958.0,639.0,274.0,663.0,286.0
1.0,1781.0,972.0,914.0,958.0,975.0,975.0,640.0,274.0,680.0,292.0
1.0,1767.0,926.0,914.0,975.0,926.0,926.0,640.0,274.0,648.0,278.0
1.0,1816.0,907.0,914.0,926.0,907.0,907.0,640.0,274.0,635.0,272.0
1.0,1835.0,874.0,913.0,907.0,871.0,871.0,639.0,274.0,613.0,261.0
1.0,1868.0,920.0,914.0,871.0,923.0,923.0,640.0,274.0,644.0,276.0
1.0,1819.0,956.0,916.0,923.0,962.0,962.0,641.0,275.0,669.0,287.0
1.0,1786.0,966.0,917.0,962.0,969.0,969.0,642.0,275.0,675.0,291.0
1.0,1782.0,1049.0,921.0,969.0,1061.0,1061.0,645.0,276.0,736.0,313.0
1.0,1702.0,879.0,921.0,1061.0,879.0,879.0,645.0,276.0,613.0,266.0
1.0,1884.0,886.0,920.0,879.0,883.0,883.0,644.0,276.0,621.0,265.0
1.0,1877.0,900.0,919.0,883.0,897.0,897.0,643.0,276.0,629.0,271.0
1.0,1860.0,906.0,919.0,897.0,906.0,906.0,643.0,276.0,635.0,271.0
1.0,1851.0,995.0,921.0,906.0,1001.0,1001.0,645.0,276.0,695.0,300.0
1.0,1762.0,927.0,923.0,1001.0,933.0,933.0,646.0,277.0,650.0,277.0
1.0,1836.0,960.0,926.0,933.0,969.0,969.0,648.0,278.0,672.0,288.0
1.0,1809.0,934.0,926.0,969.0,934.0,934.0,648.0,278.0,654.0,280.0
1.0,1844.0,999.0,928.0,934.0,1005.0,1005.0,650.0,278.0,699.0,300.0
1.0,1779.0,880.0,926.0,1005.0,874.0,874.0,648.0,278.0,617.0,263.0
1.0,1904.0,941.0,927.0,874.0,944.0,944.0,649.0,278.0,659.0,282.0
1.0,1837.0,980.0,929.0,944.0,986.0,986.0,650.0,279.0,685.0,295.0
1.0,1801.0,976.0,930.0,986.0,979.0,979.0,651.0,279.0,684.0,292.0
1.0,1811.0,968.0,932.0,979.0,974.0,974.0,652.0,280.0,677.0,291.0
1.0,1822.0,999.0,934.0,974.0,1005.0,1005.0,654.0,280.0,700.0,299.0
1.0,1797.0,854.0,932.0,1005.0,848.0,848.0,652.0,280.0,596.0,258.0
1.0,1948.0,904.0,931.0,848.0,901.0,901.0,652.0,279.0,633.0,271.0
1.0,1892.0,908.0,931.0,901.0,908.0,908.0,652.0,279.0,636.0,272.0
1.0,1885.0,959.0,933.0,908.0,965.0,965.0,653.0,280.0,673.0,286.0
1.0,1834.0,933.0,934.0,965.0,936.0,936.0,654.0,280.0,651.0,282.0
1.0,1866.0,927.0,936.0,936.0,933.0,933.0,655.0,281.0,650.0,277.0
1.0,1875.0,942.0,936.0,933.0,942.0,942.0,655.0,281.0,660.0,282.0
1.0,1866.0,957.0,936.0,942.0,957.0,957.0,655.0,281.0,669.0,288.0
1.0,1851.0,972.0,937.0,957.0,975.0,975.0,656.0,281.0,680.0,292.0
1.0,1836.0,885.0,936.0,975.0,882.0,882.0,655.0,281.0,621.0,264.0
1.0,1926.0,966.0,937.0,882.0,969.0,969.0,656.0,281.0,676.0,290.0
1.0,1842.0,1015.0,939.0,969.0,1021.0,1021.0,657.0,282.0,709.0,306.0
1.0,1796.0,1000.0,941.0,1021.0,1006.0,1006.0,659.0,282.0,700.0,300.0
1.0,1817.0,933.0,941.0,1006.0,933.0,933.0,659.0,282.0,653.0,280.0
1.0,1890.0,957.0,940.0,933.0,954.0,954.0,658.0,282.0,670.0,287.0
1.0,1866.0,878.0,939.0,954.0,875.0,875.0,657.0,282.0,616.0,262.0
1.0,1942.0,871.0,936.0,875.0,862.0,862.0,655.0,281.0,610.0,261.0
1.0,1946.0,897.0,936.0,862.0,897.0,897.0,655.0,281.0,628.0,269.0
1.0,1911.0,973.0,937.0,897.0,976.0,976.0,656.0,281.0,681.0,292.0
1.0,1835.0,1017.0,939.0,976.0,1023.0,1023.0,657.0,282.0,712.0,305.0
1.0,1794.0,1036.0,941.0,1023.0,1042.0,1042.0,659.0,282.0,725.0,311.0
1.0,1781.0,973.0,943.0,1042.0,979.0,979.0,660.0,283.0,681.0,292.0
1.0,1850.0,893.0,941.0,979.0,887.0,887.0,659.0,282.0,624.0,269.0
1.0,1936.0,901.0,940.0,887.0,898.0,898.0,658.0,282.0,632.0,269.0
1.0,1922.0,949.0,940.0,898.0,949.0,949.0,658.0,282.0,665.0,284.0
1.0,1871.0,916.0,940.0,949.0,916.0,916.0,658.0,282.0,639.0,277.0
1.0,1904.0,1043.0,943.0,916.0,1052.0,1052.0,660.0,283.0,732.0,311.0
1.0,1777.0,969.0,944.0,1052.0,972.0,972.0,661.0,283.0,676.0,293.0
1.0,1860.0,986.0,944.0,972.0,986.0,986.0,661.0,283.0,691.0,295.0
1.0,1846.0,863.0,943.0,986.0,860.0,860.0,660.0,283.0,605.0,258.0
1.0,1969.0,934.0,943.0,860.0,934.0,934.0,660.0,283.0,654.0,280.0
1.0,1895.0,963.0,944.0,934.0,966.0,966.0,661.0,283.0,672.0,291.0
1.0,1866.0,1015.0,946.0,966.0,1021.0,1021.0,662.0,284.0,712.0,303.0
1.0,1817.0,992.0,947.0,1021.0,995.0,995.0,663.0,284.0,693.0,299.0
1.0,1846.0,993.0,949.0,995.0,999.0,999.0,664.0,285.0,696.0,297.0
1.0,1848.0,1009.0,949.0,999.0,1009.0,1009.0,664.0,285.0,706.0,303.0
1.0,1838.0,923.0,947.0,1009.0,917.0,917.0,663.0,284.0,645.0,278.0
1.0,1924.0,926.0,947.0,917.0,926.0,926.0,663.0,284.0,648.0,278.0
1.0,1915.0,921.0,949.0,926.0,927.0,927.0,664.0,285.0,646.0,275.0
1.0,1920.0,969.0,950.0,927.0,972.0,972.0,665.0,285.0,679.0,290.0
1.0,1878.0,1029.0,952.0,972.0,1035.0,1035.0,666.0,286.0,719.0,310.0
1.0,1821.0,990.0,952.0,1035.0,990.0,990.0,666.0,286.0,693.0,297.0
1.0,1866.0,924.0,952.0,990.0,924.0,924.0,666.0,286.0,647.0,277.0
1.0,1932.0,946.0,952.0,924.0,946.0,946.0,666.0,286.0,662.0,284.0
1.0,1910.0,990.0,953.0,946.0,993.0,993.0,667.0,286.0,694.0,296.0
1.0,1866.0,968.0,953.0,993.0,968.0,968.0,667.0,286.0,678.0,290.0
1.0,1891.0,1000.0,954.0,968.0,1003.0,1003.0,668.0,286.0,699.0,301.0
1.0,1859.0,1020.0,956.0,1003.0,1026.0,1026.0,669.0,287.0,715.0,305.0
1.0,1842.0,969.0,956.0,1026.0,969.0,969.0,669.0,287.0,678.0,291.0
1.0,1899.0,973.0,956.0,969.0,973.0,973.0,669.0,287.0,681.0,292.0
1.0,1895.0,930.0,954.0,973.0,924.0,924.0,668.0,286.0,651.0,279.0
1.0,1938.0,940.0,954.0,924.0,940.0,940.0,668.0,286.0,657.0,283.0
1.0,1922.0,970.0,956.0,940.0,976.0,976.0,669.0,287.0,680.0,290.0
1.0,1892.0,988.0,957.0,976.0,991.0,991.0,670.0,287.0,690.0,298.0
1.0,1880.0,1025.0,960.0,991.0,1034.0,1034.0,672.0,288.0,717.0,308.0
1.0,1846.0,959.0,960.0,1034.0,959.0,959.0,672.0,288.0,671.0,288.0
1.0,1921.0,974.0,960.0,959.0,974.0,974.0,672.0,288.0,682.0,292.0
1.0,1906.0,1002.0,963.0,974.0,1011.0,1011.0,674.0,289.0,702.0,300.0
1.0,1878.0,963.0,963.0,1011.0,963.0,963.0,674.0,289.0,675.0,288.0
1.0,1926.0,1049.0,964.0,963.0,1052.0,1052.0,675.0,289.0,733.0,316.0
1.0,1840.0,1010.0,966.0,1052.0,1016.0,1016.0,676.0,290.0,707.0,303.0
1.0,1882.0,1020.0,967.0,1016.0,1023.0,1023.0,677.0,290.0,714.0,306.0
1.0,1878.0,983.0,968.0,1023.0,986.0,986.0,678.0,290.0,688.0,295.0
1.0,1918.0,966.0,967.0,986.0,963.0,963.0,677.0,290.0,676.0,290.0
1.0,1938.0,910.0,966.0,963.0,907.0,907.0,676.0,290.0,638.0,272.0
1.0,1991.0,916.0,965.0,907.0,913.0,913.0,675.0,290.0,640.0,276.0
1.0,1982.0,927.0,964.0,913.0,924.0,924.0,675.0,289.0,649.0,278.0
1.0,1968.0,1026.0,967.0,924.0,1035.0,1035.0,677.0,290.0,718.0,308.0
1.0,1866.0,1073.0,971.0,1035.0,1085.0,1085.0,680.0,291.0,751.0,322.0
1.0,1828.0,980.0,973.0,1085.0,986.0,986.0,681.0,292.0,687.0,293.0
1.0,1933.0,974.0,973.0,986.0,974.0,974.0,681.0,292.0,682.0,292.0
1.0,1945.0,950.0,972.0,974.0,947.0,947.0,680.0,292.0,665.0,285.0
1.0,1969.0,1019.0,971.0,947.0,1016.0,1016.0,680.0,291.0,713.0,306.0
1.0,1897.0,1000.0,972.0,1016.0,1003.0,1003.0,680.0,292.0,700.0,300.0
1.0,1913.0,971.0,973.0,1003.0,974.0,974.0,681.0,292.0,681.0,290.0
1.0,1945.0,1016.0,976.0,974.0,1025.0,1025.0,683.0,293.0,710.0,306.0
1.0,1903.0,983.0,976.0,1025.0,983.0,983.0,683.0,293.0,689.0,294.0
1.0,1945.0,1052.0,979.0,983.0,1061.0,1061.0,685.0,294.0,736.0,316.0
1.0,1876.0,954.0,977.0,1061.0,948.0,948.0,684.0,293.0,666.0,288.0
1.0,1983.0,939.0,976.0,948.0,936.0,936.0,683.0,293.0,659.0,280.0
1.0,1992.0,976.0,976.0,936.0,976.0,976.0,683.0,293.0,683.0,293.0
1.0,1952.0,1005.0,979.0,976.0,1014.0,1014.0,685.0,294.0,703.0,302.0
1.0,1923.0,1050.0,981.0,1014.0,1056.0,1056.0,687.0,294.0,734.0,316.0
1.0,1887.0,1030.0,983.0,1056.0,1036.0,1036.0,688.0,295.0,722.0,308.0
1.0,1913.0,934.0,981.0,1036.0,928.0,928.0,687.0,294.0,653.0,281.0
1.0,2015.0,971.0,980.0,928.0,968.0,968.0,686.0,294.0,680.0,291.0
1.0,1972.0,935.0,980.0,968.0,935.0,935.0,686.0,294.0,656.0,279.0
1.0,2005.0,1034.0,980.0,935.0,1034.0,1034.0,686.0,294.0,725.0,309.0
1.0,1906.0,980.0,981.0,1034.0,983.0,983.0,687.0,294.0,684.0,296.0
1.0,1960.0,1068.0,984.0,983.0,1077.0,1077.0,689.0,295.0,749.0,319.0
1.0,1875.0,1032.0,986.0,1077.0,1038.0,1038.0,690.0,296.0,722.0,310.0
1.0,1920.0,948.0,986.0,1038.0,948.0,948.0,690.0,296.0,663.0,285.0
1.0,2010.0,893.0,983.0,948.0,884.0,884.0,688.0,295.0,626.0,267.0
1.0,2065.0,989.0,983.0,884.0,989.0,989.0,688.0,295.0,692.0,297.0
1.0,1960.0,953.0,983.0,989.0,953.0,953.0,688.0,295.0,667.0,286.0
1.0,1996.0,1070.0,986.0,953.0,1079.0,1079.0,690.0,296.0,749.0,321.0
1.0,1879.0,1026.0,986.0,1079.0,1026.0,1026.0,690.0,296.0,718.0,308.0
1.0,1932.0,988.0,987.0,1026.0,991.0,991.0,691.0,296.0,692.0,296.0
1.0,1970.0,1015.0,987.0,991.0,1015.0,1015.0,691.0,296.0,709.0,306.0
1.0,1946.0,992.0,987.0,1015.0,992.0,992.0,691.0,296.0,696.0,296.0
1.0,1969.0,1045.0,988.0,992.0,1048.0,1048.0,692.0,296.0,730.0,315.0
1.0,1916.0,997.0,989.0,1048.0,1000.0,1000.0,692.0,297.0,699.0,298.0
1.0,1967.0,1050.0,991.0,1000.0,1056.0,1056.0,694.0,297.0,734.0,316.0
1.0,1917.0,1054.0,993.0,1056.0,1060.0,1060.0,695.0,298.0,740.0,314.0
1.0,1919.0,990.0,993.0,1060.0,990.0,990.0,695.0,298.0,693.0,297.0
1.0,1989.0,1062.0,994.0,990.0,1065.0,1065.0,696.0,298.0,742.0,320.0
1.0,1917.0,1007.0,994.0,1065.0,1007.0,1007.0,696.0,298.0,705.0,302.0
1.0,1975.0,999.0,996.0,1007.0,1005.0,1005.0,697.0,299.0,699.0,300.0
1.0,1983.0,1027.0,996.0,1005.0,1027.0,1027.0,697.0,299.0,720.0,307.0
1.0,1961.0,1078.0,997.0,1027.0,1081.0,1081.0,698.0,299.0,753.0,325.0
1.0,1910.0,1132.0,1001.0,1081.0,1144.0,1144.0,701.0,300.0,792.0,340.0
1.0,1859.0,997.0,1000.0,1144.0,994.0,994.0,700.0,300.0,700.0,297.0
1.0,2006.0,1023.0,1000.0,994.0,1023.0,1023.0,700.0,300.0,716.0,307.0
1.0,1977.0,980.0,1000.0,1023.0,980.0,980.0,700.0,300.0,685.0,295.0
1.0,2020.0,1036.0,1000.0,980.0,1036.0,1036.0,700.0,300.0,724.0,312.0
1.0,1964.0,1065.0,1003.0,1036.0,1074.0,1074.0,702.0,301.0,746.0,319.0
1.0,1935.0,1040.0,1004.0,1074.0,1043.0,1043.0,703.0,301.0,728.0,312.0
1.0,1969.0,1033.0,1007.0,1043.0,1042.0,1042.0,705.0,302.0,724.0,309.0
1.0,1979.0,1035.0,1009.0,1042.0,1041.0,1041.0,706.0,303.0,724.0,311.0
1.0,1986.0,997.0,1009.0,1041.0,997.0,997.0,706.0,303.0,697.0,300.0
1.0,2030.0,1026.0,1007.0,997.0,1020.0,1020.0,705.0,302.0,718.0,308.0
1.0,2001.0,924.0,1007.0,1020.0,924.0,924.0,705.0,302.0,648.0,276.0
1.0,2097.0,1033.0,1007.0,924.0,1033.0,1033.0,705.0,302.0,722.0,311.0
1.0,1988.0,1110.0,1011.0,1033.0,1122.0,1122.0,708.0,303.0,777.0,333.0
1.0,1911.0,1040.0,1011.0,1122.0,1040.0,1040.0,708.0,303.0,728.0,312.0
1.0,1993.0,1032.0,1012.0,1040.0,1035.0,1035.0,708.0,304.0,723.0,309.0
1.0,2001.0,1000.0,1013.0,1035.0,1003.0,1003.0,709.0,304.0,700.0,300.0
1.0,2036.0,1010.0,1013.0,1003.0,1010.0,1010.0,709.0,304.0,707.0,303.0
1.0,2029.0,1013.0,1013.0,1010.0,1013.0,1013.0,709.0,304.0,710.0,303.0
1.0,2026.0,1067.0,1013.0,1013.0,1067.0,1067.0,709.0,304.0,747.0,320.0
1.0,1972.0,1087.0,1016.0,1067.0,1096.0,1096.0,711.0,305.0,760.0,327.0
1.0,1952.0,1088.0,1019.0,1096.0,1097.0,1097.0,713.0,306.0,761.0,327.0
1.0,1960.0,1004.0,1019.0,1097.0,1004.0,1004.0,713.0,306.0,704.0,300.0
1.0,2053.0,991.0,1019.0,1004.0,991.0,991.0,713.0,306.0,694.0,297.0
1.0,2066.0,1014.0,1018.0,991.0,1011.0,1011.0,713.0,305.0,709.0,305.0
1.0,2043.0,1027.0,1018.0,1011.0,1027.0,1027.0,713.0,305.0,719.0,308.0
1.0,2027.0,1076.0,1021.0,1027.0,1085.0,1085.0,715.0,306.0,753.0,323.0
1.0,1978.0,1110.0,1023.0,1085.0,1116.0,1116.0,716.0,307.0,779.0,331.0
1.0,1953.0,1069.0,1026.0,1116.0,1078.0,1078.0,718.0,308.0,747.0,322.0
1.0,2000.0,1132.0,1028.0,1078.0,1138.0,1138.0,720.0,308.0,792.0,340.0
1.0,1946.0,1053.0,1030.0,1138.0,1059.0,1059.0,721.0,309.0,738.0,315.0
1.0,2031.0,1023.0,1029.0,1059.0,1020.0,1020.0,720.0,309.0,715.0,308.0
1.0,2067.0,1014.0,1028.0,1020.0,1011.0,1011.0,720.0,308.0,710.0,304.0
1.0,2073.0,1046.0,1030.0,1011.0,1052.0,1052.0,721.0,309.0,733.0,313.0
1.0,2038.0,1032.0,1033.0,1052.0,1041.0,1041.0,723.0,310.0,722.0,310.0
1.0,2058.0,1090.0,1034.0,1041.0,1093.0,1093.0,724.0,310.0,762.0,328.0
1.0,2009.0,1068.0,1037.0,1093.0,1077.0,1077.0,726.0,311.0,749.0,319.0
1.0,2034.0,1014.0,1036.0,1077.0,1011.0,1011.0,725.0,311.0,709.0,305.0
1.0,2097.0,976.0,1034.0,1011.0,970.0,970.0,724.0,310.0,682.0,294.0
1.0,2132.0,978.0,1034.0,970.0,978.0,978.0,724.0,310.0,685.0,293.0
1.0,2124.0,1036.0,1035.0,978.0,1039.0,1039.0,725.0,310.0,726.0,310.0
1.0,2066.0,1106.0,1037.0,1039.0,1112.0,1112.0,726.0,311.0,775.0,331.0
1.0,1999.0,1082.0,1038.0,1112.0,1085.0,1085.0,727.0,311.0,756.0,326.0
1.0,2029.0,1007.0,1038.0,1085.0,1007.0,1007.0,727.0,311.0,705.0,302.0
1.0,2107.0,1079.0,1039.0,1007.0,1082.0,1082.0,727.0,312.0,755.0,324.0
1.0,2035.0,993.0,1037.0,1082.0,987.0,987.0,726.0,311.0,694.0,299.0
1.0,2124.0,971.0,1037.0,987.0,971.0,971.0,726.0,311.0,682.0,289.0
1.0,2140.0,1125.0,1039.0,971.0,1131.0,1131.0,727.0,312.0,786.0,339.0
1.0,1986.0,1049.0,1039.0,1131.0,1049.0,1049.0,727.0,312.0,735.0,314.0
1.0,2068.0,1051.0,1040.0,1049.0,1054.0,1054.0,728.0,312.0,736.0,315.0
1.0,2066.0,1100.0,1042.0,1054.0,1106.0,1106.0,729.0,313.0,769.0,331.0
1.0,2020.0,1064.0,1041.0,1106.0,1061.0,1061.0,729.0,312.0,745.0,319.0
1.0,2062.0,1054.0,1040.0,1061.0,1051.0,1051.0,728.0,312.0,739.0,315.0
1.0,2069.0,987.0,1040.0,1051.0,987.0,987.0,728.0,312.0,691.0,296.0
1.0,2133.0,978.0,1039.0,987.0,975.0,975.0,727.0,312.0,685.0,293.0
1.0,2142.0,1128.0,1041.0,975.0,1134.0,1134.0,729.0,312.0,788.0,340.0
1.0,1989.0,1083.0,1043.0,1134.0,1089.0,1089.0,730.0,313.0,759.0,324.0
1.0,2040.0,1027.0,1042.0,1089.0,1024.0,1024.0,729.0,313.0,719.0,308.0
1.0,2102.0,1023.0,1041.0,1024.0,1020.0,1020.0,729.0,312.0,716.0,307.0
1.0,2103.0,1032.0,1041.0,1020.0,1032.0,1032.0,729.0,312.0,722.0,310.0
1.0,2091.0,1043.0,1041.0,1032.0,1043.0,1043.0,729.0,312.0,730.0,313.0
1.0,2080.0,1044.0,1043.0,1043.0,1050.0,1050.0,730.0,313.0,731.0,313.0
1.0,2079.0,1081.0,1044.0,1050.0,1084.0,1084.0,731.0,313.0,758.0,323.0
1.0,2048.0,1085.0,1047.0,1084.0,1094.0,1094.0,733.0,314.0,759.0,326.0
1.0,2047.0,1051.0,1047.0,1094.0,1051.0,1051.0,733.0,314.0,736.0,315.0
1.0,2090.0,1047.0,1046.0,1051.0,1044.0,1044.0,732.0,314.0,733.0,314.0
1.0,2094.0,1018.0,1046.0,1044.0,1018.0,1018.0,732.0,314.0,712.0,306.0
1.0,2120.0,1080.0,1046.0,1018.0,1080.0,1080.0,732.0,314.0,757.0,323.0
1.0,2058.0,1057.0,1047.0,1080.0,1060.0,1060.0,733.0,314.0,739.0,318.0
1.0,2081.0,1097.0,1049.0,1060.0,1103.0,1103.0,734.0,315.0,769.0,328.0
1.0,2044.0,1113.0,1051.0,1103.0,1119.0,1119.0,736.0,315.0,778.0,335.0
1.0,2034.0,1033.0,1050.0,1119.0,1030.0,1030.0,735.0,315.0,725.0,308.0
1.0,2120.0,1053.0,1050.0,1030.0,1053.0,1053.0,735.0,315.0,736.0,317.0
1.0,2097.0,1038.0,1049.0,1053.0,1035.0,1035.0,734.0,315.0,727.0,311.0
1.0,2112.0,1038.0,1050.0,1035.0,1041.0,1041.0,735.0,315.0,727.0,311.0
1.0,2109.0,1182.0,1053.0,1041.0,1191.0,1191.0,737.0,316.0,828.0,354.0
1.0,1968.0,1132.0,1056.0,1191.0,1141.0,1141.0,739.0,317.0,791.0,341.0
1.0,2027.0,1009.0,1054.0,1141.0,1003.0,1003.0,738.0,316.0,706.0,303.0
1.0,2159.0,1132.0,1056.0,1003.0,1138.0,1138.0,739.0,317.0,793.0,339.0
1.0,2030.0,1047.0,1054.0,1138.0,1041.0,1041.0,738.0,316.0,732.0,315.0
1.0,2121.0,1044.0,1054.0,1041.0,1044.0,1044.0,738.0,316.0,731.0,313.0
1.0,2118.0,1080.0,1053.0,1044.0,1077.0,1077.0,737.0,316.0,755.0,325.0
1.0,2082.0,1052.0,1053.0,1077.0,1052.0,1052.0,737.0,316.0,736.0,316.0
1.0,2107.0,1138.0,1056.0,1052.0,1147.0,1147.0,739.0,317.0,798.0,340.0
1.0,2021.0,1088.0,1057.0,1147.0,1091.0,1091.0,740.0,317.0,760.0,328.0
1.0,2080.0,1060.0,1057.0,1091.0,1060.0,1060.0,740.0,317.0,742.0,318.0
1.0,2111.0,1036.0,1057.0,1060.0,1036.0,1036.0,740.0,317.0,725.0,311.0
1.0,2135.0,1052.0,1057.0,1036.0,1052.0,1052.0,740.0,317.0,736.0,316.0
1.0,2119.0,1014.0,1056.0,1052.0,1011.0,1011.0,739.0,317.0,711.0,303.0
1.0,2157.0,1120.0,1057.0,1011.0,1123.0,1123.0,740.0,317.0,783.0,337.0
1.0,2048.0,1156.0,1061.0,1123.0,1168.0,1168.0,743.0,318.0,810.0,346.0
1.0,2015.0,1149.0,1064.0,1168.0,1158.0,1158.0,745.0,319.0,804.0,345.0
1.0,2034.0,1027.0,1064.0,1158.0,1027.0,1027.0,745.0,319.0,719.0,308.0
1.0,2165.0,1077.0,1063.0,1027.0,1074.0,1074.0,744.0,319.0,753.0,324.0
1.0,2115.0,1176.0,1066.0,1074.0,1185.0,1185.0,746.0,320.0,825.0,351.0
1.0,2013.0,1062.0,1067.0,1185.0,1065.0,1065.0,747.0,320.0,743.0,319.0
1.0,2136.0,1050.0,1066.0,1065.0,1047.0,1047.0,746.0,320.0,735.0,315.0
1.0,2151.0,1138.0,1069.0,1047.0,1147.0,1147.0,748.0,321.0,796.0,342.0
1.0,2060.0,1126.0,1072.0,1147.0,1135.0,1135.0,750.0,322.0,788.0,338.0
1.0,2081.0,1139.0,1072.0,1135.0,1139.0,1139.0,750.0,322.0,797.0,342.0
1.0,2077.0,1070.0,1073.0,1139.0,1073.0,1073.0,751.0,322.0,749.0,321.0
1.0,2146.0,1034.0,1072.0,1073.0,1031.0,1031.0,750.0,322.0,724.0,310.0
1.0,2185.0,1024.0,1070.0,1031.0,1018.0,1018.0,749.0,321.0,716.0,308.0
1.0,2192.0,1049.0,1070.0,1018.0,1049.0,1049.0,749.0,321.0,734.0,315.0
1.0,2161.0,1097.0,1071.0,1049.0,1100.0,1100.0,750.0,321.0,768.0,329.0
1.0,2113.0,1102.0,1073.0,1100.0,1108.0,1108.0,751.0,322.0,773.0,329.0
1.0,2111.0,1116.0,1076.0,1108.0,1125.0,1125.0,753.0,323.0,781.0,335.0
1.0,2103.0,1070.0,1074.0,1125.0,1064.0,1064.0,752.0,322.0,748.0,322.0
1.0,2158.0,1037.0,1074.0,1064.0,1037.0,1037.0,752.0,322.0,725.0,312.0
1.0,2185.0,1047.0,1074.0,1037.0,1047.0,1047.0,752.0,322.0,734.0,313.0
1.0,2175.0,1096.0,1076.0,1047.0,1102.0,1102.0,753.0,323.0,768.0,328.0
1.0,2126.0,1112.0,1077.0,1102.0,1115.0,1115.0,754.0,323.0,777.0,335.0
1.0,2116.0,1100.0,1079.0,1115.0,1106.0,1106.0,755.0,324.0,770.0,330.0
1.0,2131.0,1142.0,1080.0,1106.0,1145.0,1145.0,756.0,324.0,801.0,341.0
1.0,2095.0,1137.0,1081.0,1145.0,1140.0,1140.0,757.0,324.0,794.0,343.0
1.0,2103.0,1080.0,1081.0,1140.0,1080.0,1080.0,757.0,324.0,756.0,324.0
1.0,2163.0,1077.0,1082.0,1080.0,1080.0,1080.0,757.0,325.0,755.0,322.0
1.0,2166.0,1102.0,1083.0,1080.0,1105.0,1105.0,758.0,325.0,771.0,331.0
1.0,2144.0,1109.0,1084.0,1105.0,1112.0,1112.0,759.0,325.0,776.0,333.0
1.0,2140.0,1089.0,1084.0,1112.0,1089.0,1089.0,759.0,325.0,762.0,327.0
1.0,2163.0,1054.0,1084.0,1089.0,1054.0,1054.0,759.0,325.0,738.0,316.0
1.0,2198.0,1091.0,1084.0,1054.0,1091.0,1091.0,759.0,325.0,764.0,327.0
1.0,2161.0,1035.0,1083.0,1091.0,1032.0,1032.0,758.0,325.0,726.0,309.0
1.0,2217.0,1046.0,1083.0,1032.0,1046.0,1046.0,758.0,325.0,732.0,314.0
1.0,2203.0,1120.0,1084.0,1046.0,1123.0,1123.0,759.0,325.0,783.0,337.0
1.0,2129.0,1143.0,1087.0,1123.0,1152.0,1152.0,761.0,326.0,801.0,342.0
1.0,2109.0,1125.0,1089.0,1152.0,1131.0,1131.0,762.0,327.0,786.0,339.0
1.0,2136.0,1090.0,1086.0,1131.0,1081.0,1081.0,760.0,326.0,764.0,326.0
1.0,2177.0,1117.0,1086.0,1081.0,1117.0,1117.0,760.0,326.0,782.0,335.0
1.0,2141.0,1013.0,1086.0,1117.0,1013.0,1013.0,760.0,326.0,709.0,304.0
1.0,2245.0,1076.0,1086.0,1013.0,1076.0,1076.0,760.0,326.0,752.0,324.0
1.0,2182.0,1087.0,1086.0,1076.0,1087.0,1087.0,760.0,326.0,762.0,325.0
1.0,2171.0,1112.0,1087.0,1087.0,1115.0,1115.0,761.0,326.0,777.0,335.0
1.0,2146.0,1131.0,1089.0,1115.0,1137.0,1137.0,762.0,327.0,792.0,339.0
1.0,2130.0,1136.0,1090.0,1137.0,1139.0,1139.0,763.0,327.0,796.0,340.0
1.0,2131.0,1040.0,1088.0,1139.0,1034.0,1034.0,762.0,326.0,727.0,313.0
1.0,2230.0,1038.0,1087.0,1034.0,1035.0,1035.0,761.0,326.0,727.0,311.0
1.0,2226.0,1110.0,1088.0,1035.0,1113.0,1113.0,762.0,326.0,777.0,333.0
1.0,2151.0,1117.0,1090.0,1113.0,1123.0,1123.0,763.0,327.0,783.0,334.0
1.0,2147.0,1118.0,1091.0,1123.0,1121.0,1121.0,764.0,327.0,781.0,337.0
1.0,2152.0,1169.0,1094.0,1121.0,1178.0,1178.0,766.0,328.0,818.0,351.0
1.0,2104.0,1124.0,1094.0,1178.0,1124.0,1124.0,766.0,328.0,787.0,337.0
1.0,2158.0,1120.0,1093.0,1124.0,1117.0,1117.0,765.0,328.0,786.0,334.0
1.0,2162.0,1056.0,1091.0,1117.0,1050.0,1050.0,764.0,327.0,738.0,318.0
1.0,2223.0,1057.0,1092.0,1050.0,1060.0,1060.0,764.0,328.0,740.0,317.0
1.0,2216.0,1135.0,1093.0,1060.0,1138.0,1138.0,765.0,328.0,795.0,340.0
1.0,2141.0,1119.0,1092.0,1138.0,1116.0,1116.0,764.0,328.0,782.0,337.0
1.0,2160.0,1183.0,1094.0,1116.0,1189.0,1189.0,766.0,328.0,828.0,355.0
1.0,2093.0,1120.0,1096.0,1189.0,1126.0,1126.0,767.0,329.0,785.0,335.0
1.0,2162.0,1059.0,1094.0,1126.0,1053.0,1053.0,766.0,328.0,740.0,319.0
1.0,2229.0,1067.0,1093.0,1053.0,1064.0,1064.0,765.0,328.0,746.0,321.0
1.0,2215.0,1070.0,1092.0,1064.0,1067.0,1067.0,764.0,328.0,750.0,320.0
1.0,2209.0,1134.0,1093.0,1067.0,1137.0,1137.0,765.0,328.0,793.0,341.0
1.0,2142.0,1153.0,1096.0,1137.0,1162.0,1162.0,767.0,329.0,809.0,344.0
1.0,2126.0,1165.0,1098.0,1162.0,1171.0,1171.0,769.0,329.0,814.0,351.0
1.0,2123.0,1119.0,1099.0,1171.0,1122.0,1122.0,769.0,330.0,784.0,335.0
1.0,2175.0,1116.0,1100.0,1122.0,1119.0,1119.0,770.0,330.0,782.0,334.0
1.0,2181.0,1070.0,1099.0,1119.0,1067.0,1067.0,769.0,330.0,748.0,322.0
1.0,2230.0,1094.0,1099.0,1067.0,1094.0,1094.0,769.0,330.0,766.0,328.0
1.0,2203.0,1099.0,1099.0,1094.0,1099.0,1099.0,769.0,330.0,769.0,330.0
1.0,2198.0,1146.0,1101.0,1099.0,1152.0,1152.0,771.0,330.0,802.0,344.0
1.0,2151.0,1140.0,1103.0,1152.0,1146.0,1146.0,772.0,331.0,799.0,341.0
1.0,2163.0,1097.0,1103.0,1146.0,1097.0,1097.0,772.0,331.0,768.0,329.0
1.0,2212.0,1120.0,1103.0,1097.0,1120.0,1120.0,772.0,331.0,782.0,338.0
1.0,2189.0,1034.0,1102.0,1120.0,1031.0,1031.0,771.0,331.0,725.0,309.0
1.0,2275.0,1063.0,1100.0,1031.0,1057.0,1057.0,770.0,330.0,743.0,320.0
1.0,2243.0,1146.0,1100.0,1057.0,1146.0,1146.0,770.0,330.0,803.0,343.0
1.0,2154.0,1169.0,1103.0,1146.0,1178.0,1178.0,772.0,331.0,819.0,350.0
1.0,2131.0,1177.0,1104.0,1178.0,1180.0,1180.0,773.0,331.0,823.0,354.0
1.0,2132.0,1171.0,1106.0,1180.0,1177.0,1177.0,774.0,332.0,821.0,350.0
1.0,2141.0,1117.0,1106.0,1177.0,1117.0,1117.0,774.0,332.0,782.0,335.0
1.0,2201.0,1133.0,1107.0,1117.0,1136.0,1136.0,775.0,332.0,792.0,341.0
1.0,2185.0,1162.0,1109.0,1136.0,1168.0,1168.0,776.0,333.0,814.0,348.0
1.0,2159.0,1139.0,1110.0,1168.0,1142.0,1142.0,777.0,333.0,798.0,341.0
1.0,2188.0,1169.0,1112.0,1142.0,1175.0,1175.0,778.0,334.0,817.0,352.0
1.0,2161.0,1153.0,1114.0,1175.0,1159.0,1159.0,780.0,334.0,807.0,346.0
1.0,2183.0,1124.0,1114.0,1159.0,1124.0,1124.0,780.0,334.0,787.0,337.0
1.0,2218.0,1065.0,1113.0,1124.0,1062.0,1062.0,779.0,334.0,747.0,318.0
1.0,2277.0,1079.0,1112.0,1062.0,1076.0,1076.0,778.0,334.0,754.0,325.0
1.0,2260.0,1086.0,1112.0,1076.0,1086.0,1086.0,778.0,334.0,760.0,326.0
1.0,2250.0,1136.0,1112.0,1086.0,1136.0,1136.0,778.0,334.0,795.0,341.0
1.0,2200.0,1209.0,1116.0,1136.0,1221.0,1221.0,781.0,335.0,847.0,362.0
1.0,2127.0,1206.0,1119.0,1221.0,1215.0,1215.0,783.0,336.0,844.0,362.0
1.0,2142.0,1182.0,1120.0,1215.0,1185.0,1185.0,784.0,336.0,826.0,356.0
1.0,2175.0,1170.0,1121.0,1185.0,1173.0,1173.0,785.0,336.0,820.0,350.0
1.0,2190.0,1061.0,1120.0,1173.0,1058.0,1058.0,784.0,336.0,744.0,317.0
1.0,2302.0,1070.0,1119.0,1058.0,1067.0,1067.0,783.0,336.0,748.0,322.0
1.0,2290.0,1186.0,1121.0,1067.0,1192.0,1192.0,785.0,336.0,830.0,356.0
1.0,2171.0,1136.0,1123.0,1192.0,1142.0,1142.0,786.0,337.0,796.0,340.0
1.0,2227.0,1180.0,1124.0,1142.0,1183.0,1183.0,787.0,337.0,825.0,355.0
1.0,2189.0,1111.0,1124.0,1183.0,1111.0,1111.0,787.0,337.0,778.0,333.0
1.0,2261.0,1112.0,1124.0,1111.0,1112.0,1112.0,787.0,337.0,778.0,334.0
1.0,2260.0,1100.0,1123.0,1112.0,1097.0,1097.0,786.0,337.0,771.0,329.0
1.0,2272.0,1093.0,1123.0,1097.0,1093.0,1093.0,786.0,337.0,765.0,328.0
1.0,2276.0,1193.0,1124.0,1093.0,1196.0,1196.0,787.0,337.0,834.0,359.0
1.0,2176.0,1228.0,1127.0,1196.0,1237.0,1237.0,789.0,338.0,859.0,369.0
1.0,2144.0,1187.0,1130.0,1237.0,1196.0,1196.0,791.0,339.0,832.0,355.0
1.0,2194.0,1126.0,1130.0,1196.0,1126.0,1126.0,791.0,339.0,788.0,338.0
1.0,2264.0,1143.0,1130.0,1126.0,1143.0,1143.0,791.0,339.0,801.0,342.0
1.0,2247.0,1094.0,1129.0,1143.0,1091.0,1091.0,790.0,339.0,765.0,329.0
1.0,2296.0,1123.0,1129.0,1091.0,1123.0,1123.0,790.0,339.0,786.0,337.0
1.0,2264.0,1173.0,1130.0,1123.0,1176.0,1176.0,791.0,339.0,820.0,353.0
1.0,2214.0,1220.0,1134.0,1176.0,1232.0,1232.0,794.0,340.0,856.0,364.0
1.0,2170.0,1253.0,1137.0,1232.0,1262.0,1262.0,796.0,341.0,877.0,376.0
1.0,2149.0,1169.0,1137.0,1262.0,1169.0,1169.0,796.0,341.0,817.0,352.0
1.0,2242.0,1110.0,1137.0,1169.0,1110.0,1110.0,796.0,341.0,778.0,332.0
1.0,2301.0,1038.0,1134.0,1110.0,1029.0,1029.0,794.0,340.0,726.0,312.0
1.0,2373.0,1134.0,1134.0,1029.0,1134.0,1134.0,794.0,340.0,794.0,340.0
1.0,2268.0,1141.0,1136.0,1134.0,1147.0,1147.0,795.0,341.0,799.0,342.0
1.0,2261.0,1196.0,1137.0,1147.0,1199.0,1199.0,796.0,341.0,837.0,359.0
1.0,2212.0,1165.0,1139.0,1199.0,1171.0,1171.0,797.0,342.0,816.0,349.0
1.0,2246.0,1187.0,1141.0,1171.0,1193.0,1193.0,799.0,342.0,830.0,357.0
1.0,2230.0,1140.0,1140.0,1193.0,1137.0,1137.0,798.0,342.0,798.0,342.0
1.0,2283.0,1170.0,1141.0,1137.0,1173.0,1173.0,799.0,342.0,819.0,351.0
1.0,2250.0,1195.0,1143.0,1173.0,1201.0,1201.0,800.0,343.0,838.0,357.0
1.0,2228.0,1141.0,1144.0,1201.0,1144.0,1144.0,801.0,343.0,799.0,342.0
1.0,2288.0,1130.0,1146.0,1144.0,1136.0,1136.0,802.0,344.0,790.0,340.0
1.0,2302.0,1253.0,1149.0,1136.0,1262.0,1262.0,804.0,345.0,877.0,376.0
1.0,2185.0,1219.0,1150.0,1262.0,1222.0,1222.0,805.0,345.0,854.0,365.0
1.0,2228.0,1177.0,1150.0,1222.0,1177.0,1177.0,805.0,345.0,825.0,352.0
1.0,2273.0,1160.0,1150.0,1177.0,1160.0,1160.0,805.0,345.0,811.0,349.0
1.0,2290.0,1180.0,1150.0,1160.0,1180.0,1180.0,805.0,345.0,827.0,353.0
1.0,2270.0,1169.0,1151.0,1180.0,1172.0,1172.0,806.0,345.0,816.0,353.0
1.0,2281.0,1210.0,1153.0,1172.0,1216.0,1216.0,807.0,346.0,848.0,362.0
1.0,2243.0,1227.0,1154.0,1216.0,1230.0,1230.0,808.0,346.0,860.0,367.0
1.0,2232.0,1134.0,1154.0,1230.0,1134.0,1134.0,808.0,346.0,794.0,340.0
1.0,2328.0,1209.0,1154.0,1134.0,1209.0,1209.0,808.0,346.0,845.0,364.0
1.0,2253.0,1068.0,1153.0,1209.0,1065.0,1065.0,807.0,346.0,749.0,319.0
1.0,2394.0,1206.0,1154.0,1065.0,1209.0,1209.0,808.0,346.0,843.0,363.0
1.0,2253.0,1107.0,1156.0,1209.0,1113.0,1113.0,809.0,347.0,775.0,332.0
1.0,2355.0,1191.0,1157.0,1113.0,1194.0,1194.0,810.0,347.0,833.0,358.0
1.0,2277.0,1214.0,1160.0,1194.0,1223.0,1223.0,812.0,348.0,851.0,363.0
1.0,2257.0,1207.0,1161.0,1223.0,1210.0,1210.0,813.0,348.0,844.0,363.0
1.0,2273.0,1168.0,1161.0,1210.0,1168.0,1168.0,813.0,348.0,820.0,348.0
1.0,2315.0,1176.0,1160.0,1168.0,1173.0,1173.0,812.0,348.0,823.0,353.0
1.0,2307.0,1130.0,1160.0,1173.0,1130.0,1130.0,812.0,348.0,790.0,340.0
1.0,2350.0,1167.0,1159.0,1130.0,1164.0,1164.0,811.0,348.0,817.0,350.0
1.0,2313.0,1263.0,1163.0,1164.0,1275.0,1275.0,814.0,349.0,884.0,379.0
1.0,2214.0,1252.0,1167.0,1275.0,1264.0,1264.0,817.0,350.0,877.0,375.0
1.0,2237.0,1177.0,1167.0,1264.0,1177.0,1177.0,817.0,350.0,824.0,353.0
1.0,2324.0,1200.0,1167.0,1177.0,1200.0,1200.0,817.0,350.0,841.0,359.0
1.0,2301.0,1197.0,1168.0,1200.0,1200.0,1200.0,818.0,350.0,836.0,361.0
1.0,2304.0,1143.0,1169.0,1200.0,1146.0,1146.0,818.0,351.0,800.0,343.0
1.0,2361.0,1182.0,1170.0,1146.0,1185.0,1185.0,819.0,351.0,828.0,354.0
1.0,2325.0,1213.0,1172.0,1185.0,1219.0,1219.0,820.0,352.0,849.0,364.0
1.0,2297.0,1191.0,1174.0,1219.0,1197.0,1197.0,822.0,352.0,835.0,356.0
1.0,2325.0,1155.0,1173.0,1197.0,1152.0,1152.0,821.0,352.0,808.0,347.0
1.0,2367.0,1160.0,1172.0,1152.0,1157.0,1157.0,820.0,352.0,812.0,348.0
1.0,2359.0,1114.0,1170.0,1157.0,1108.0,1108.0,819.0,351.0,781.0,333.0
1.0,2402.0,1144.0,1171.0,1108.0,1147.0,1147.0,820.0,351.0,801.0,343.0
1.0,2366.0,1185.0,1171.0,1147.0,1185.0,1185.0,820.0,351.0,828.0,357.0
1.0,2328.0,1148.0,1173.0,1185.0,1154.0,1154.0,821.0,352.0,804.0,344.0
1.0,2365.0,1231.0,1174.0,1154.0,1234.0,1234.0,822.0,352.0,861.0,370.0
1.0,2288.0,1176.0,1174.0,1234.0,1176.0,1176.0,822.0,352.0,823.0,353.0
1.0,2346.0,1138.0,1173.0,1176.0,1135.0,1135.0,821.0,352.0,798.0,340.0
1.0,2384.0,1147.0,1171.0,1135.0,1141.0,1141.0,820.0,351.0,801.0,346.0
1.0,2372.0,1172.0,1171.0,1141.0,1172.0,1172.0,820.0,351.0,821.0,351.0
1.0,2341.0,1279.0,1174.0,1172.0,1288.0,1288.0,822.0,352.0,895.0,384.0
1.0,2234.0,1159.0,1177.0,1288.0,1168.0,1168.0,824.0,353.0,812.0,347.0
1.0,2363.0,1240.0,1179.0,1168.0,1246.0,1246.0,825.0,354.0,868.0,372.0
1.0,2291.0,1220.0,1180.0,1246.0,1223.0,1223.0,826.0,354.0,855.0,365.0
1.0,2317.0,1210.0,1181.0,1223.0,1213.0,1213.0,827.0,354.0,847.0,363.0
1.0,2330.0,1151.0,1180.0,1213.0,1148.0,1148.0,826.0,354.0,806.0,345.0
1.0,2392.0,1118.0,1179.0,1148.0,1115.0,1115.0,825.0,354.0,782.0,336.0
1.0,2422.0,1196.0,1180.0,1115.0,1199.0,1199.0,826.0,354.0,838.0,358.0
1.0,2341.0,1220.0,1181.0,1199.0,1223.0,1223.0,827.0,354.0,852.0,368.0
1.0,2320.0,1236.0,1182.0,1223.0,1239.0,1239.0,827.0,355.0,866.0,370.0
1.0,2307.0,1217.0,1183.0,1239.0,1220.0,1220.0,828.0,355.0,853.0,364.0
1.0,2329.0,1210.0,1185.0,1220.0,1216.0,1216.0,830.0,355.0,846.0,364.0
1.0,2339.0,1173.0,1183.0,1216.0,1167.0,1167.0,828.0,355.0,822.0,351.0
1.0,2382.0,1148.0,1182.0,1167.0,1145.0,1145.0,827.0,355.0,803.0,345.0
1.0,2401.0,1247.0,1183.0,1145.0,1250.0,1250.0,828.0,355.0,874.0,373.0
1.0,2299.0,1219.0,1184.0,1250.0,1222.0,1222.0,829.0,355.0,852.0,367.0
1.0,2330.0,1239.0,1186.0,1222.0,1245.0,1245.0,830.0,356.0,868.0,371.0
1.0,2313.0,1263.0,1187.0,1245.0,1266.0,1266.0,831.0,356.0,883.0,380.0
1.0,2295.0,1166.0,1187.0,1266.0,1166.0,1166.0,831.0,356.0,817.0,349.0
1.0,2395.0,1186.0,1186.0,1166.0,1183.0,1183.0,830.0,356.0,830.0,356.0
1.0,2375.0,1181.0,1187.0,1183.0,1184.0,1184.0,831.0,356.0,827.0,354.0
1.0,2377.0,1187.0,1186.0,1184.0,1184.0,1184.0,830.0,356.0,831.0,356.0
1.0,2374.0,1269.0,1190.0,1184.0,1281.0,1281.0,833.0,357.0,889.0,380.0
1.0,2289.0,1140.0,1189.0,1281.0,1137.0,1137.0,832.0,357.0,797.0,343.0
1.0,2430.0,1162.0,1190.0,1137.0,1165.0,1165.0,833.0,357.0,814.0,348.0
1.0,2405.0,1206.0,1190.0,1165.0,1206.0,1206.0,833.0,357.0,844.0,362.0
1.0,2364.0,1190.0,1190.0,1206.0,1190.0,1190.0,833.0,357.0,833.0,357.0
1.0,2380.0,1133.0,1188.0,1190.0,1127.0,1127.0,832.0,356.0,792.0,341.0
1.0,2437.0,1244.0,1190.0,1127.0,1250.0,1250.0,833.0,357.0,872.0,372.0
1.0,2320.0,1297.0,1192.0,1250.0,1303.0,1303.0,834.0,358.0,907.0,390.0
1.0,2273.0,1280.0,1195.0,1303.0,1289.0,1289.0,837.0,358.0,896.0,384.0
1.0,2296.0,1219.0,1196.0,1289.0,1222.0,1222.0,837.0,359.0,854.0,365.0
1.0,2366.0,1164.0,1194.0,1222.0,1158.0,1158.0,836.0,358.0,814.0,350.0
1.0,2424.0,1097.0,1191.0,1158.0,1088.0,1088.0,834.0,357.0,768.0,329.0
1.0,2485.0,1091.0,1190.0,1088.0,1088.0,1088.0,833.0,357.0,765.0,326.0
1.0,2482.0,1174.0,1189.0,1088.0,1171.0,1171.0,832.0,357.0,821.0,353.0
1.0,2396.0,1226.0,1190.0,1171.0,1229.0,1229.0,833.0,357.0,859.0,367.0
1.0,2341.0,1277.0,1193.0,1229.0,1286.0,1286.0,835.0,358.0,894.0,383.0
1.0,2293.0,1147.0,1191.0,1286.0,1141.0,1141.0,834.0,357.0,802.0,345.0
1.0,2432.0,1137.0,1190.0,1141.0,1134.0,1134.0,833.0,357.0,795.0,342.0
1.0,2436.0,1212.0,1190.0,1134.0,1212.0,1212.0,833.0,357.0,849.0,363.0
1.0,2358.0,1207.0,1191.0,1212.0,1210.0,1210.0,834.0,357.0,845.0,362.0
1.0,2363.0,1200.0,1193.0,1210.0,1206.0,1206.0,835.0,358.0,841.0,359.0
1.0,2373.0,1275.0,1196.0,1206.0,1284.0,1284.0,837.0,359.0,892.0,383.0
1.0,2304.0,1232.0,1197.0,1284.0,1235.0,1235.0,838.0,359.0,861.0,371.0
1.0,2356.0,1260.0,1199.0,1235.0,1266.0,1266.0,839.0,360.0,883.0,377.0
1.0,2331.0,1189.0,1199.0,1266.0,1189.0,1189.0,839.0,360.0,832.0,357.0
1.0,2408.0,1167.0,1198.0,1189.0,1164.0,1164.0,839.0,359.0,817.0,350.0
1.0,2430.0,1180.0,1198.0,1164.0,1180.0,1180.0,839.0,359.0,826.0,354.0
1.0,2414.0,1183.0,1199.0,1180.0,1186.0,1186.0,839.0,360.0,828.0,355.0
1.0,2411.0,1203.0,1200.0,1186.0,1206.0,1206.0,840.0,360.0,843.0,360.0
1.0,2394.0,1244.0,1201.0,1206.0,1247.0,1247.0,841.0,360.0,870.0,374.0
1.0,2356.0,1269.0,1201.0,1247.0,1269.0,1269.0,841.0,360.0,888.0,381.0
1.0,2334.0,1227.0,1203.0,1269.0,1233.0,1233.0,842.0,361.0,860.0,367.0
1.0,2376.0,1156.0,1201.0,1233.0,1150.0,1150.0,841.0,360.0,808.0,348.0
1.0,2453.0,1174.0,1200.0,1150.0,1171.0,1171.0,840.0,360.0,821.0,353.0
1.0,2429.0,1194.0,1200.0,1171.0,1194.0,1194.0,840.0,360.0,836.0,358.0
1.0,2406.0,1300.0,1203.0,1194.0,1309.0,1309.0,842.0,361.0,912.0,388.0
1.0,2300.0,1288.0,1206.0,1309.0,1297.0,1297.0,844.0,362.0,901.0,387.0
1.0,2321.0,1222.0,1206.0,1297.0,1222.0,1222.0,844.0,362.0,855.0,367.0
1.0,2396.0,1197.0,1206.0,1222.0,1197.0,1197.0,844.0,362.0,838.0,359.0
1.0,2421.0,1227.0,1206.0,1197.0,1227.0,1227.0,844.0,362.0,859.0,368.0
1.0,2391.0,1203.0,1206.0,1227.0,1203.0,1203.0,844.0,362.0,842.0,361.0
1.0,2415.0,1224.0,1206.0,1203.0,1224.0,1224.0,844.0,362.0,857.0,367.0
1.0,2394.0,1273.0,1207.0,1224.0,1276.0,1276.0,845.0,362.0,890.0,383.0
1.0,2345.0,1255.0,1210.0,1276.0,1264.0,1264.0,847.0,363.0,880.0,375.0
1.0,2366.0,1250.0,1210.0,1264.0,1250.0,1250.0,847.0,363.0,875.0,375.0
1.0,2380.0,1161.0,1209.0,1250.0,1158.0,1158.0,846.0,363.0,812.0,349.0
1.0,2469.0,1207.0,1208.0,1158.0,1204.0,1204.0,846.0,362.0,845.0,362.0
1.0,2420.0,1159.0,1206.0,1204.0,1153.0,1153.0,844.0,362.0,812.0,347.0
1.0,2465.0,1223.0,1207.0,1153.0,1226.0,1226.0,845.0,362.0,855.0,368.0
1.0,2395.0,1252.0,1208.0,1226.0,1255.0,1255.0,846.0,362.0,877.0,375.0
1.0,2369.0,1300.0,1210.0,1255.0,1306.0,1306.0,847.0,363.0,909.0,391.0
1.0,2324.0,1254.0,1212.0,1306.0,1260.0,1260.0,848.0,364.0,879.0,375.0
1.0,2376.0,1231.0,1211.0,1260.0,1228.0,1228.0,848.0,363.0,862.0,369.0
1.0,2405.0,1174.0,1212.0,1228.0,1177.0,1177.0,848.0,364.0,822.0,352.0
1.0,2459.0,1183.0,1213.0,1177.0,1186.0,1186.0,849.0,364.0,829.0,354.0
1.0,2453.0,1247.0,1213.0,1186.0,1247.0,1247.0,849.0,364.0,873.0,374.0
1.0,2392.0,1320.0,1216.0,1247.0,1329.0,1329.0,851.0,365.0,924.0,396.0
1.0,2319.0,1289.0,1219.0,1329.0,1298.0,1298.0,853.0,366.0,902.0,387.0
1.0,2359.0,1153.0,1217.0,1298.0,1147.0,1147.0,852.0,365.0,806.0,347.0
1.0,2504.0,1184.0,1214.0,1147.0,1175.0,1175.0,850.0,364.0,829.0,355.0
1.0,2467.0,1221.0,1213.0,1175.0,1218.0,1218.0,849.0,364.0,855.0,366.0
1.0,2421.0,1197.0,1213.0,1218.0,1197.0,1197.0,849.0,364.0,837.0,360.0
1.0,2442.0,1247.0,1214.0,1197.0,1250.0,1250.0,850.0,364.0,874.0,373.0
1.0,2392.0,1311.0,1219.0,1250.0,1326.0,1326.0,853.0,366.0,918.0,393.0
1.0,2331.0,1291.0,1223.0,1326.0,1303.0,1303.0,856.0,367.0,904.0,387.0
1.0,2366.0,1212.0,1223.0,1303.0,1212.0,1212.0,856.0,367.0,848.0,364.0
1.0,2457.0,1229.0,1223.0,1212.0,1229.0,1229.0,856.0,367.0,860.0,369.0
1.0,2440.0,1213.0,1223.0,1229.0,1213.0,1213.0,856.0,367.0,848.0,365.0
1.0,2456.0,1269.0,1224.0,1213.0,1272.0,1272.0,857.0,367.0,888.0,381.0
1.0,2400.0,1296.0,1227.0,1272.0,1305.0,1305.0,859.0,368.0,907.0,389.0
1.0,2376.0,1309.0,1230.0,1305.0,1318.0,1318.0,861.0,369.0,917.0,392.0
1.0,2372.0,1335.0,1232.0,1318.0,1341.0,1341.0,862.0,370.0,934.0,401.0
1.0,2355.0,1323.0,1234.0,1341.0,1329.0,1329.0,864.0,370.0,925.0,398.0
1.0,2373.0,1262.0,1234.0,1329.0,1262.0,1262.0,864.0,370.0,883.0,379.0
1.0,2440.0,1259.0,1234.0,1262.0,1259.0,1259.0,864.0,370.0,882.0,377.0
1.0,2443.0,1214.0,1234.0,1259.0,1214.0,1214.0,864.0,370.0,849.0,365.0
1.0,2488.0,1250.0,1234.0,1214.0,1250.0,1250.0,864.0,370.0,876.0,374.0
1.0,2452.0,1249.0,1236.0,1250.0,1255.0,1255.0,865.0,371.0,875.0,374.0
1.0,2453.0,1346.0,1240.0,1255.0,1358.0,1358.0,868.0,372.0,942.0,404.0
1.0,2362.0,1253.0,1241.0,1358.0,1256.0,1256.0,869.0,372.0,876.0,377.0
1.0,2467.0,1229.0,1241.0,1256.0,1229.0,1229.0,869.0,372.0,860.0,369.0
1.0,2494.0,1317.0,1243.0,1229.0,1323.0,1323.0,870.0,373.0,923.0,394.0
1.0,2406.0,1197.0,1241.0,1323.0,1191.0,1191.0,869.0,372.0,837.0,360.0
1.0,2532.0,1264.0,1243.0,1191.0,1270.0,1270.0,870.0,373.0,886.0,378.0
1.0,2459.0,1305.0,1246.0,1270.0,1314.0,1314.0,872.0,374.0,913.0,392.0
1.0,2424.0,1277.0,1247.0,1314.0,1280.0,1280.0,873.0,374.0,895.0,382.0
1.0,2461.0,1245.0,1248.0,1280.0,1248.0,1248.0,874.0,374.0,870.0,375.0
1.0,2496.0,1299.0,1248.0,1248.0,1299.0,1299.0,874.0,374.0,909.0,390.0
1.0,2445.0,1227.0,1247.0,1299.0,1224.0,1224.0,873.0,374.0,860.0,367.0
1.0,2517.0,1257.0,1247.0,1224.0,1257.0,1257.0,873.0,374.0,879.0,378.0
1.0,2484.0,1276.0,1249.0,1257.0,1282.0,1282.0,874.0,375.0,894.0,382.0
1.0,2465.0,1276.0,1250.0,1282.0,1279.0,1279.0,875.0,375.0,893.0,383.0
1.0,2471.0,1316.0,1252.0,1279.0,1322.0,1322.0,876.0,376.0,921.0,395.0
1.0,2434.0,1325.0,1254.0,1322.0,1331.0,1331.0,878.0,376.0,928.0,397.0
1.0,2431.0,1248.0,1254.0,1331.0,1248.0,1248.0,878.0,376.0,874.0,374.0
1.0,2514.0,1216.0,1253.0,1248.0,1213.0,1213.0,877.0,376.0,850.0,366.0
1.0,2546.0,1252.0,1253.0,1213.0,1252.0,1252.0,877.0,376.0,876.0,376.0
1.0,2507.0,1285.0,1256.0,1252.0,1294.0,1294.0,879.0,377.0,899.0,386.0
1.0,2474.0,1304.0,1257.0,1294.0,1307.0,1307.0,880.0,377.0,914.0,390.0
1.0,2464.0,1319.0,1260.0,1307.0,1328.0,1328.0,882.0,378.0,923.0,396.0
1.0,2452.0,1269.0,1261.0,1328.0,1272.0,1272.0,883.0,378.0,889.0,380.0
1.0,2511.0,1169.0,1260.0,1272.0,1166.0,1166.0,882.0,378.0,817.0,352.0
1.0,2614.0,1240.0,1259.0,1166.0,1237.0,1237.0,881.0,378.0,867.0,373.0
1.0,2540.0,1249.0,1259.0,1237.0,1249.0,1249.0,881.0,378.0,874.0,375.0
1.0,2528.0,1324.0,1260.0,1249.0,1327.0,1327.0,882.0,378.0,928.0,396.0
1.0,2453.0,1280.0,1262.0,1327.0,1286.0,1286.0,883.0,379.0,895.0,385.0
1.0,2500.0,1272.0,1264.0,1286.0,1278.0,1278.0,885.0,379.0,892.0,380.0
1.0,2514.0,1274.0,1264.0,1278.0,1274.0,1274.0,885.0,379.0,892.0,382.0
1.0,2518.0,1220.0,1263.0,1274.0,1217.0,1217.0,884.0,379.0,853.0,367.0
1.0,2572.0,1258.0,1262.0,1217.0,1255.0,1255.0,883.0,379.0,880.0,378.0
1.0,2531.0,1256.0,1264.0,1255.0,1262.0,1262.0,885.0,379.0,881.0,375.0
1.0,2530.0,1305.0,1266.0,1262.0,1311.0,1311.0,886.0,380.0,912.0,393.0
1.0,2487.0,1293.0,1267.0,1311.0,1296.0,1296.0,887.0,380.0,906.0,387.0
1.0,2505.0,1253.0,1269.0,1296.0,1259.0,1259.0,888.0,381.0,876.0,377.0
1.0,2548.0,1282.0,1269.0,1259.0,1282.0,1282.0,888.0,381.0,897.0,385.0
1.0,2525.0,1257.0,1269.0,1282.0,1257.0,1257.0,888.0,381.0,880.0,377.0
1.0,2550.0,1197.0,1266.0,1257.0,1188.0,1188.0,886.0,380.0,839.0,358.0
1.0,2610.0,1212.0,1266.0,1188.0,1212.0,1212.0,886.0,380.0,848.0,364.0
1.0,2586.0,1226.0,1266.0,1212.0,1226.0,1226.0,886.0,380.0,858.0,368.0
1.0,2572.0,1320.0,1269.0,1226.0,1329.0,1329.0,888.0,381.0,923.0,397.0
1.0,2478.0,1326.0,1270.0,1329.0,1329.0,1329.0,889.0,381.0,929.0,397.0
1.0,2481.0,1363.0,1270.0,1329.0,1363.0,1363.0,889.0,381.0,953.0,410.0
1.0,2447.0,1275.0,1270.0,1363.0,1275.0,1275.0,889.0,381.0,894.0,381.0
1.0,2535.0,1224.0,1268.0,1275.0,1218.0,1218.0,888.0,380.0,856.0,368.0
1.0,2586.0,1217.0,1266.0,1218.0,1211.0,1211.0,886.0,380.0,853.0,364.0
1.0,2587.0,1262.0,1266.0,1211.0,1262.0,1262.0,886.0,380.0,883.0,379.0
1.0,2536.0,1299.0,1267.0,1262.0,1302.0,1302.0,887.0,380.0,907.0,392.0
1.0,2499.0,1350.0,1269.0,1302.0,1356.0,1356.0,888.0,381.0,947.0,403.0
1.0,2451.0,1283.0,1270.0,1356.0,1286.0,1286.0,889.0,381.0,899.0,384.0
1.0,2524.0,1302.0,1271.0,1286.0,1305.0,1305.0,890.0,381.0,909.0,393.0
1.0,2508.0,1264.0,1270.0,1305.0,1261.0,1261.0,889.0,381.0,886.0,378.0
1.0,2549.0,1249.0,1269.0,1261.0,1246.0,1246.0,888.0,381.0,874.0,375.0
1.0,2561.0,1247.0,1270.0,1246.0,1250.0,1250.0,889.0,381.0,874.0,373.0
1.0,2560.0,1340.0,1270.0,1250.0,1340.0,1340.0,889.0,381.0,936.0,404.0
1.0,2470.0,1368.0,1273.0,1340.0,1377.0,1377.0,891.0,382.0,957.0,411.0
1.0,2442.0,1277.0,1273.0,1377.0,1277.0,1277.0,891.0,382.0,894.0,383.0
1.0,2542.0,1243.0,1273.0,1277.0,1243.0,1243.0,891.0,382.0,872.0,371.0
1.0,2576.0,1249.0,1272.0,1243.0,1246.0,1246.0,890.0,382.0,873.0,376.0
1.0,2570.0,1265.0,1273.0,1246.0,1268.0,1268.0,891.0,382.0,886.0,379.0
1.0,2551.0,1251.0,1271.0,1268.0,1245.0,1245.0,890.0,381.0,875.0,376.0
1.0,2568.0,1307.0,1273.0,1245.0,1313.0,1313.0,891.0,382.0,916.0,391.0
1.0,2506.0,1282.0,1273.0,1313.0,1282.0,1282.0,891.0,382.0,895.0,387.0
1.0,2537.0,1313.0,1274.0,1282.0,1316.0,1316.0,892.0,382.0,920.0,393.0
1.0,2506.0,1253.0,1273.0,1316.0,1250.0,1250.0,891.0,382.0,876.0,377.0
1.0,2569.0,1268.0,1273.0,1250.0,1268.0,1268.0,891.0,382.0,888.0,380.0
1.0,2551.0,1277.0,1272.0,1268.0,1274.0,1274.0,890.0,382.0,895.0,382.0
1.0,2542.0,1302.0,1273.0,1274.0,1305.0,1305.0,891.0,382.0,910.0,392.0
1.0,2514.0,1378.0,1276.0,1305.0,1387.0,1387.0,893.0,383.0,966.0,412.0
1.0,2441.0,1293.0,1277.0,1387.0,1296.0,1296.0,894.0,383.0,904.0,389.0
1.0,2535.0,1303.0,1277.0,1296.0,1303.0,1303.0,894.0,383.0,912.0,391.0
1.0,2528.0,1323.0,1277.0,1303.0,1323.0,1323.0,894.0,383.0,926.0,397.0
1.0,2508.0,1238.0,1276.0,1323.0,1235.0,1235.0,893.0,383.0,866.0,372.0
1.0,2593.0,1238.0,1276.0,1235.0,1238.0,1238.0,893.0,383.0,869.0,369.0
1.0,2590.0,1280.0,1277.0,1238.0,1283.0,1283.0,894.0,383.0,895.0,385.0
1.0,2548.0,1371.0,1280.0,1283.0,1380.0,1380.0,896.0,384.0,959.0,412.0
1.0,2460.0,1375.0,1283.0,1380.0,1384.0,1384.0,898.0,385.0,964.0,411.0
1.0,2465.0,1330.0,1283.0,1384.0,1330.0,1330.0,898.0,385.0,931.0,399.0
1.0,2519.0,1306.0,1283.0,1330.0,1306.0,1306.0,898.0,385.0,912.0,394.0
1.0,2543.0,1264.0,1283.0,1306.0,1264.0,1264.0,898.0,385.0,885.0,379.0
1.0,2585.0,1290.0,1283.0,1264.0,1290.0,1290.0,898.0,385.0,903.0,387.0
1.0,2559.0,1293.0,1284.0,1290.0,1296.0,1296.0,899.0,385.0,906.0,387.0
1.0,2556.0,1359.0,1286.0,1296.0,1365.0,1365.0,900.0,386.0,950.0,409.0
1.0,2493.0,1350.0,1289.0,1365.0,1359.0,1359.0,902.0,387.0,947.0,403.0
1.0,2508.0,1264.0,1287.0,1359.0,1258.0,1258.0,901.0,386.0,884.0,380.0
1.0,2603.0,1276.0,1287.0,1258.0,1276.0,1276.0,901.0,386.0,893.0,383.0
1.0,2585.0,1290.0,1288.0,1276.0,1293.0,1293.0,902.0,386.0,904.0,386.0
1.0,2571.0,1281.0,1288.0,1293.0,1281.0,1281.0,902.0,386.0,897.0,384.0
1.0,2583.0,1332.0,1290.0,1281.0,1338.0,1338.0,903.0,387.0,933.0,399.0
1.0,2532.0,1335.0,1292.0,1338.0,1341.0,1341.0,904.0,388.0,933.0,402.0
1.0,2535.0,1356.0,1294.0,1341.0,1362.0,1362.0,906.0,388.0,949.0,407.0
1.0,2520.0,1356.0,1297.0,1362.0,1365.0,1365.0,908.0,389.0,949.0,407.0
1.0,2526.0,1281.0,1297.0,1365.0,1281.0,1281.0,908.0,389.0,898.0,383.0
1.0,2610.0,1273.0,1296.0,1281.0,1270.0,1270.0,907.0,389.0,891.0,382.0
1.0,2618.0,1253.0,1293.0,1270.0,1244.0,1244.0,905.0,388.0,875.0,378.0
1.0,2635.0,1340.0,1294.0,1244.0,1343.0,1343.0,906.0,388.0,939.0,401.0
1.0,2539.0,1340.0,1297.0,1343.0,1349.0,1349.0,908.0,389.0,938.0,402.0
1.0,2542.0,1353.0,1300.0,1349.0,1362.0,1362.0,910.0,390.0,948.0,405.0
1.0,2538.0,1359.0,1301.0,1362.0,1362.0,1362.0,911.0,390.0,950.0,409.0
1.0,2541.0,1307.0,1301.0,1362.0,1307.0,1307.0,911.0,390.0,916.0,391.0
1.0,2596.0,1284.0,1300.0,1307.0,1281.0,1281.0,910.0,390.0,898.0,386.0
1.0,2619.0,1335.0,1301.0,1281.0,1338.0,1338.0,911.0,390.0,935.0,400.0
1.0,2565.0,1341.0,1302.0,1338.0,1344.0,1344.0,911.0,391.0,939.0,402.0
1.0,2562.0,1317.0,1303.0,1344.0,1320.0,1320.0,912.0,391.0,923.0,394.0
1.0,2589.0,1353.0,1305.0,1320.0,1359.0,1359.0,913.0,392.0,946.0,407.0
1.0,2556.0,1306.0,1306.0,1359.0,1309.0,1309.0,914.0,392.0,915.0,391.0
1.0,2609.0,1277.0,1304.0,1309.0,1271.0,1271.0,913.0,391.0,893.0,384.0
1.0,2641.0,1309.0,1304.0,1271.0,1309.0,1309.0,913.0,391.0,915.0,394.0
1.0,2603.0,1376.0,1306.0,1309.0,1382.0,1382.0,914.0,392.0,965.0,411.0
1.0,2536.0,1357.0,1307.0,1382.0,1360.0,1360.0,915.0,392.0,949.0,408.0
1.0,2561.0,1319.0,1309.0,1360.0,1325.0,1325.0,916.0,393.0,924.0,395.0
1.0,2602.0,1345.0,1310.0,1325.0,1348.0,1348.0,917.0,393.0,940.0,405.0
1.0,2582.0,1364.0,1313.0,1348.0,1373.0,1373.0,919.0,394.0,956.0,408.0
1.0,2566.0,1297.0,1313.0,1373.0,1297.0,1297.0,919.0,394.0,908.0,389.0
1.0,2642.0,1337.0,1314.0,1297.0,1340.0,1340.0,920.0,394.0,937.0,400.0
1.0,2602.0,1261.0,1313.0,1340.0,1258.0,1258.0,919.0,394.0,882.0,379.0
1.0,2681.0,1335.0,1314.0,1258.0,1338.0,1338.0,920.0,394.0,933.0,402.0
1.0,2604.0,1331.0,1316.0,1338.0,1337.0,1337.0,921.0,395.0,933.0,398.0
1.0,2611.0,1347.0,1317.0,1337.0,1350.0,1350.0,922.0,395.0,944.0,403.0
1.0,2601.0,1286.0,1317.0,1350.0,1286.0,1286.0,922.0,395.0,900.0,386.0
1.0,2665.0,1377.0,1317.0,1286.0,1377.0,1377.0,922.0,395.0,964.0,413.0
1.0,2574.0,1253.0,1316.0,1377.0,1250.0,1250.0,921.0,395.0,877.0,376.0
1.0,2698.0,1329.0,1316.0,1250.0,1329.0,1329.0,921.0,395.0,930.0,399.0
1.0,2619.0,1413.0,1318.0,1329.0,1419.0,1419.0,923.0,395.0,988.0,425.0
1.0,2535.0,1357.0,1320.0,1419.0,1363.0,1363.0,924.0,396.0,952.0,405.0
1.0,2597.0,1370.0,1323.0,1363.0,1379.0,1379.0,926.0,397.0,958.0,412.0
1.0,2590.0,1442.0,1326.0,1379.0,1451.0,1451.0,928.0,398.0,1009.0,433.0
1.0,2527.0,1339.0,1326.0,1451.0,1339.0,1339.0,928.0,398.0,937.0,402.0
1.0,2639.0,1337.0,1324.0,1339.0,1331.0,1331.0,927.0,397.0,936.0,401.0
1.0,2641.0,1297.0,1324.0,1331.0,1297.0,1297.0,927.0,397.0,909.0,388.0
1.0,2675.0,1349.0,1324.0,1297.0,1349.0,1349.0,927.0,397.0,943.0,406.0
1.0,2623.0,1449.0,1328.0,1349.0,1461.0,1461.0,930.0,398.0,1014.0,435.0
1.0,2523.0,1417.0,1331.0,1461.0,1426.0,1426.0,932.0,399.0,994.0,423.0
1.0,2567.0,1377.0,1333.0,1426.0,1383.0,1383.0,933.0,400.0,963.0,414.0
1.0,2616.0,1301.0,1331.0,1383.0,1295.0,1295.0,932.0,399.0,910.0,391.0
1.0,2698.0,1300.0,1330.0,1295.0,1297.0,1297.0,931.0,399.0,912.0,388.0
1.0,2693.0,1332.0,1332.0,1297.0,1338.0,1338.0,932.0,400.0,930.0,402.0
1.0,2658.0,1320.0,1333.0,1338.0,1323.0,1323.0,933.0,400.0,925.0,395.0
1.0,2676.0,1425.0,1336.0,1323.0,1434.0,1434.0,935.0,401.0,997.0,428.0
1.0,2574.0,1399.0,1337.0,1434.0,1402.0,1402.0,936.0,401.0,980.0,419.0
1.0,2609.0,1363.0,1338.0,1402.0,1366.0,1366.0,937.0,401.0,953.0,410.0
1.0,2648.0,1414.0,1340.0,1366.0,1420.0,1420.0,938.0,402.0,991.0,423.0
1.0,2600.0,1264.0,1337.0,1420.0,1255.0,1255.0,936.0,401.0,884.0,380.0
1.0,2756.0,1317.0,1337.0,1255.0,1317.0,1317.0,936.0,401.0,923.0,394.0
1.0,2694.0,1302.0,1337.0,1317.0,1302.0,1302.0,936.0,401.0,912.0,390.0
1.0,2709.0,1399.0,1340.0,1302.0,1408.0,1408.0,938.0,402.0,978.0,421.0
1.0,2612.0,1369.0,1342.0,1408.0,1375.0,1375.0,939.0,403.0,958.0,411.0
1.0,2651.0,1379.0,1343.0,1375.0,1382.0,1382.0,940.0,403.0,965.0,414.0
1.0,2647.0,1284.0,1342.0,1382.0,1281.0,1281.0,939.0,403.0,898.0,386.0
1.0,2745.0,1334.0,1341.0,1281.0,1331.0,1331.0,939.0,402.0,934.0,400.0
1.0,2692.0,1311.0,1340.0,1331.0,1308.0,1308.0,938.0,402.0,920.0,391.0
1.0,2712.0,1336.0,1341.0,1308.0,1339.0,1339.0,939.0,402.0,933.0,403.0
1.0,2684.0,1408.0,1343.0,1339.0,1414.0,1414.0,940.0,403.0,987.0,421.0
1.0,2615.0,1395.0,1344.0,1414.0,1398.0,1398.0,941.0,403.0,974.0,421.0
1.0,2634.0,1356.0,1344.0,1398.0,1356.0,1356.0,941.0,403.0,950.0,406.0
1.0,2676.0,1379.0,1346.0,1356.0,1385.0,1385.0,942.0,404.0,965.0,414.0
1.0,2653.0,1324.0,1346.0,1385.0,1324.0,1324.0,942.0,404.0,927.0,397.0
1.0,2714.0,1264.0,1344.0,1324.0,1258.0,1258.0,941.0,403.0,885.0,379.0
1.0,2774.0,1350.0,1346.0,1258.0,1356.0,1356.0,942.0,404.0,946.0,404.0
1.0,2682.0,1402.0,1348.0,1356.0,1408.0,1408.0,944.0,404.0,980.0,422.0
1.0,2636.0,1447.0,1349.0,1408.0,1450.0,1450.0,944.0,405.0,1014.0,433.0
1.0,2597.0,1356.0,1349.0,1450.0,1356.0,1356.0,944.0,405.0,949.0,407.0
1.0,2691.0,1390.0,1350.0,1356.0,1393.0,1393.0,945.0,405.0,974.0,416.0
1.0,2657.0,1337.0,1350.0,1393.0,1337.0,1337.0,945.0,405.0,936.0,401.0
1.0,2713.0,1379.0,1350.0,1337.0,1379.0,1379.0,945.0,405.0,963.0,416.0
1.0,2671.0,1397.0,1353.0,1379.0,1406.0,1406.0,947.0,406.0,979.0,418.0
1.0,2653.0,1370.0,1353.0,1406.0,1370.0,1370.0,947.0,406.0,960.0,410.0
1.0,2689.0,1433.0,1357.0,1370.0,1445.0,1445.0,950.0,407.0,1003.0,430.0
1.0,2626.0,1402.0,1357.0,1445.0,1402.0,1402.0,950.0,407.0,980.0,422.0
1.0,2669.0,1316.0,1357.0,1402.0,1316.0,1316.0,950.0,407.0,921.0,395.0
1.0,2755.0,1389.0,1359.0,1316.0,1395.0,1395.0,951.0,408.0,972.0,417.0
1.0,2682.0,1297.0,1359.0,1395.0,1297.0,1297.0,951.0,408.0,908.0,389.0
1.0,2780.0,1356.0,1359.0,1297.0,1356.0,1356.0,951.0,408.0,949.0,407.0
1.0,2721.0,1481.0,1363.0,1356.0,1493.0,1493.0,954.0,409.0,1037.0,444.0
1.0,2596.0,1393.0,1364.0,1493.0,1396.0,1396.0,955.0,409.0,976.0,417.0
1.0,2696.0,1383.0,1363.0,1396.0,1380.0,1380.0,954.0,409.0,967.0,416.0
1.0,2709.0,1367.0,1363.0,1380.0,1367.0,1367.0,954.0,409.0,958.0,409.0
1.0,2722.0,1339.0,1363.0,1367.0,1339.0,1339.0,954.0,409.0,936.0,403.0
1.0,2750.0,1408.0,1362.0,1339.0,1405.0,1405.0,953.0,409.0,986.0,422.0
1.0,2681.0,1407.0,1363.0,1405.0,1410.0,1410.0,954.0,409.0,986.0,421.0
1.0,2679.0,1379.0,1364.0,1410.0,1382.0,1382.0,955.0,409.0,963.0,416.0
1.0,2710.0,1439.0,1367.0,1382.0,1448.0,1448.0,957.0,410.0,1009.0,430.0
1.0,2653.0,1416.0,1369.0,1448.0,1422.0,1422.0,958.0,411.0,990.0,426.0
1.0,2685.0,1317.0,1366.0,1422.0,1308.0,1308.0,956.0,410.0,922.0,395.0
1.0,2790.0,1330.0,1364.0,1308.0,1324.0,1324.0,955.0,409.0,930.0,400.0
1.0,2768.0,1283.0,1363.0,1324.0,1280.0,1280.0,954.0,409.0,899.0,384.0
1.0,2809.0,1425.0,1364.0,1280.0,1428.0,1428.0,955.0,409.0,997.0,428.0
1.0,2664.0,1339.0,1366.0,1428.0,1345.0,1345.0,956.0,410.0,937.0,402.0
1.0,2753.0,1399.0,1367.0,1345.0,1402.0,1402.0,957.0,410.0,980.0,419.0
1.0,2699.0,1415.0,1369.0,1402.0,1421.0,1421.0,958.0,411.0,989.0,426.0
1.0,2686.0,1328.0,1367.0,1421.0,1322.0,1322.0,957.0,410.0,929.0,399.0
1.0,2779.0,1316.0,1365.0,1322.0,1310.0,1310.0,955.0,410.0,922.0,394.0
1.0,2785.0,1347.0,1364.0,1310.0,1344.0,1344.0,955.0,409.0,943.0,404.0
1.0,2748.0,1338.0,1363.0,1344.0,1335.0,1335.0,954.0,409.0,936.0,402.0
1.0,2754.0,1364.0,1366.0,1335.0,1373.0,1373.0,956.0,410.0,956.0,408.0
1.0,2725.0,1486.0,1369.0,1373.0,1495.0,1495.0,958.0,411.0,1041.0,445.0
1.0,2612.0,1368.0,1370.0,1495.0,1371.0,1371.0,959.0,411.0,958.0,410.0
1.0,2739.0,1354.0,1369.0,1371.0,1351.0,1351.0,958.0,411.0,948.0,406.0
1.0,2756.0,1313.0,1367.0,1351.0,1307.0,1307.0,957.0,410.0,918.0,395.0
1.0,2794.0,1386.0,1368.0,1307.0,1389.0,1389.0,958.0,410.0,970.0,416.0
1.0,2715.0,1386.0,1370.0,1389.0,1392.0,1392.0,959.0,411.0,972.0,414.0
1.0,2718.0,1420.0,1371.0,1392.0,1423.0,1423.0,960.0,411.0,993.0,427.0
1.0,2690.0,1432.0,1374.0,1423.0,1441.0,1441.0,962.0,412.0,1001.0,431.0
1.0,2681.0,1346.0,1374.0,1441.0,1346.0,1346.0,962.0,412.0,942.0,404.0
1.0,2776.0,1304.0,1372.0,1346.0,1298.0,1298.0,960.0,412.0,914.0,390.0
1.0,2818.0,1356.0,1371.0,1298.0,1353.0,1353.0,960.0,411.0,949.0,407.0
1.0,2760.0,1376.0,1372.0,1353.0,1379.0,1379.0,960.0,412.0,963.0,413.0
1.0,2737.0,1388.0,1372.0,1379.0,1388.0,1388.0,960.0,412.0,972.0,416.0
1.0,2728.0,1435.0,1374.0,1388.0,1441.0,1441.0,962.0,412.0,1004.0,431.0
1.0,2681.0,1412.0,1377.0,1441.0,1421.0,1421.0,964.0,413.0,987.0,425.0
1.0,2710.0,1423.0,1379.0,1421.0,1429.0,1429.0,965.0,414.0,997.0,426.0
1.0,2708.0,1393.0,1378.0,1429.0,1390.0,1390.0,965.0,413.0,975.0,418.0
1.0,2744.0,1382.0,1377.0,1390.0,1379.0,1379.0,964.0,413.0,967.0,415.0
1.0,2752.0,1394.0,1377.0,1379.0,1394.0,1394.0,964.0,413.0,976.0,418.0
1.0,2737.0,1313.0,1376.0,1394.0,1310.0,1310.0,963.0,413.0,920.0,393.0
1.0,2818.0,1428.0,1377.0,1310.0,1431.0,1431.0,964.0,413.0,998.0,430.0
1.0,2700.0,1341.0,1377.0,1431.0,1341.0,1341.0,964.0,413.0,939.0,402.0
1.0,2790.0,1392.0,1377.0,1341.0,1392.0,1392.0,964.0,413.0,974.0,418.0
1.0,2739.0,1388.0,1377.0,1392.0,1388.0,1388.0,964.0,413.0,972.0,416.0
1.0,2743.0,1357.0,1376.0,1388.0,1354.0,1354.0,963.0,413.0,951.0,406.0
1.0,2774.0,1440.0,1377.0,1354.0,1443.0,1443.0,964.0,413.0,1007.0,433.0
1.0,2688.0,1377.0,1377.0,1443.0,1377.0,1377.0,964.0,413.0,965.0,412.0
1.0,2754.0,1401.0,1378.0,1377.0,1404.0,1404.0,965.0,413.0,981.0,420.0
1.0,2730.0,1414.0,1380.0,1404.0,1420.0,1420.0,966.0,414.0,989.0,425.0
1.0,2720.0,1518.0,1383.0,1420.0,1527.0,1527.0,968.0,415.0,1062.0,456.0
1.0,2622.0,1404.0,1382.0,1527.0,1401.0,1401.0,967.0,415.0,984.0,420.0
1.0,2745.0,1383.0,1382.0,1401.0,1383.0,1383.0,967.0,415.0,968.0,415.0
1.0,2763.0,1337.0,1381.0,1383.0,1334.0,1334.0,967.0,414.0,936.0,401.0
1.0,2809.0,1416.0,1382.0,1334.0,1419.0,1419.0,967.0,415.0,991.0,425.0
1.0,2727.0,1435.0,1383.0,1419.0,1438.0,1438.0,968.0,415.0,1004.0,431.0
1.0,2711.0,1461.0,1384.0,1438.0,1464.0,1464.0,969.0,415.0,1023.0,438.0
1.0,2688.0,1413.0,1384.0,1464.0,1413.0,1413.0,969.0,415.0,989.0,424.0
1.0,2739.0,1383.0,1384.0,1413.0,1383.0,1383.0,969.0,415.0,968.0,415.0
1.0,2769.0,1339.0,1383.0,1383.0,1336.0,1336.0,968.0,415.0,936.0,403.0
1.0,2813.0,1407.0,1383.0,1336.0,1407.0,1407.0,968.0,415.0,985.0,422.0
1.0,2742.0,1393.0,1384.0,1407.0,1396.0,1396.0,969.0,415.0,976.0,417.0
1.0,2756.0,1379.0,1386.0,1396.0,1385.0,1385.0,970.0,416.0,966.0,413.0
1.0,2773.0,1466.0,1389.0,1385.0,1475.0,1475.0,972.0,417.0,1026.0,440.0
1.0,2692.0,1498.0,1390.0,1475.0,1501.0,1501.0,973.0,417.0,1047.0,451.0
1.0,2669.0,1434.0,1392.0,1501.0,1440.0,1440.0,974.0,418.0,1005.0,429.0
1.0,2736.0,1400.0,1392.0,1440.0,1400.0,1400.0,974.0,418.0,980.0,420.0
1.0,2776.0,1403.0,1392.0,1400.0,1403.0,1403.0,974.0,418.0,982.0,421.0
1.0,2773.0,1417.0,1393.0,1403.0,1420.0,1420.0,975.0,418.0,991.0,426.0
1.0,2759.0,1445.0,1396.0,1420.0,1454.0,1454.0,977.0,419.0,1013.0,432.0
1.0,2734.0,1379.0,1397.0,1454.0,1382.0,1382.0,978.0,419.0,965.0,414.0
1.0,2809.0,1387.0,1397.0,1382.0,1387.0,1387.0,978.0,419.0,970.0,417.0
1.0,2804.0,1424.0,1399.0,1387.0,1430.0,1430.0,979.0,420.0,998.0,426.0
1.0,2767.0,1433.0,1397.0,1430.0,1427.0,1427.0,978.0,419.0,1002.0,431.0
1.0,2764.0,1409.0,1399.0,1427.0,1415.0,1415.0,979.0,420.0,987.0,422.0
1.0,2782.0,1417.0,1400.0,1415.0,1420.0,1420.0,980.0,420.0,992.0,425.0
1.0,2780.0,1475.0,1403.0,1420.0,1484.0,1484.0,982.0,421.0,1032.0,443.0
1.0,2725.0,1409.0,1403.0,1484.0,1409.0,1409.0,982.0,421.0,987.0,422.0
1.0,2800.0,1390.0,1403.0,1409.0,1390.0,1390.0,982.0,421.0,973.0,417.0
1.0,2819.0,1359.0,1402.0,1390.0,1356.0,1356.0,981.0,421.0,950.0,409.0
1.0,2850.0,1413.0,1402.0,1356.0,1413.0,1413.0,981.0,421.0,989.0,424.0
1.0,2793.0,1412.0,1403.0,1413.0,1415.0,1415.0,982.0,421.0,989.0,423.0
1.0,2794.0,1422.0,1406.0,1415.0,1431.0,1431.0,984.0,422.0,994.0,428.0
1.0,2787.0,1437.0,1407.0,1431.0,1440.0,1440.0,985.0,422.0,1007.0,430.0
1.0,2781.0,1459.0,1409.0,1440.0,1465.0,1465.0,986.0,423.0,1020.0,439.0
1.0,2762.0,1426.0,1409.0,1465.0,1426.0,1426.0,986.0,423.0,999.0,427.0
1.0,2801.0,1414.0,1409.0,1426.0,1414.0,1414.0,986.0,423.0,990.0,424.0
1.0,2813.0,1385.0,1408.0,1414.0,1382.0,1382.0,986.0,422.0,969.0,416.0
1.0,2842.0,1394.0,1407.0,1382.0,1391.0,1391.0,985.0,422.0,976.0,418.0
1.0,2830.0,1457.0,1409.0,1391.0,1463.0,1463.0,986.0,423.0,1021.0,436.0
1.0,2764.0,1420.0,1410.0,1463.0,1423.0,1423.0,987.0,423.0,994.0,426.0
1.0,2807.0,1452.0,1410.0,1423.0,1452.0,1452.0,987.0,423.0,1015.0,437.0
1.0,2778.0,1475.0,1414.0,1452.0,1487.0,1487.0,990.0,424.0,1032.0,443.0
1.0,2755.0,1433.0,1414.0,1487.0,1433.0,1433.0,990.0,424.0,1003.0,430.0
1.0,2809.0,1447.0,1416.0,1433.0,1453.0,1453.0,991.0,425.0,1015.0,432.0
1.0,2795.0,1496.0,1418.0,1453.0,1502.0,1502.0,993.0,425.0,1046.0,450.0
1.0,2752.0,1465.0,1420.0,1502.0,1471.0,1471.0,994.0,426.0,1026.0,439.0
1.0,2789.0,1486.0,1422.0,1471.0,1492.0,1492.0,995.0,427.0,1039.0,447.0
1.0,2774.0,1556.0,1424.0,1492.0,1562.0,1562.0,997.0,427.0,1091.0,465.0
1.0,2710.0,1472.0,1426.0,1562.0,1478.0,1478.0,998.0,428.0,1029.0,443.0
1.0,2800.0,1393.0,1426.0,1478.0,1393.0,1393.0,998.0,428.0,975.0,418.0
1.0,2885.0,1440.0,1426.0,1393.0,1440.0,1440.0,998.0,428.0,1009.0,431.0
1.0,2838.0,1378.0,1424.0,1440.0,1372.0,1372.0,997.0,427.0,965.0,413.0
1.0,2900.0,1476.0,1425.0,1372.0,1479.0,1479.0,997.0,428.0,1032.0,444.0
1.0,2796.0,1413.0,1426.0,1479.0,1416.0,1416.0,998.0,428.0,989.0,424.0
1.0,2862.0,1486.0,1429.0,1416.0,1495.0,1495.0,1000.0,429.0,1040.0,446.0
1.0,2792.0,1499.0,1430.0,1495.0,1502.0,1502.0,1001.0,429.0,1050.0,449.0
1.0,2788.0,1428.0,1430.0,1502.0,1428.0,1428.0,1001.0,429.0,1000.0,428.0
1.0,2862.0,1456.0,1430.0,1428.0,1456.0,1456.0,1001.0,429.0,1019.0,437.0
1.0,2834.0,1466.0,1431.0,1456.0,1469.0,1469.0,1002.0,429.0,1027.0,439.0
1.0,2824.0,1429.0,1432.0,1469.0,1432.0,1432.0,1002.0,430.0,998.0,431.0
1.0,2864.0,1528.0,1436.0,1432.0,1540.0,1540.0,1005.0,431.0,1070.0,458.0
1.0,2768.0,1475.0,1437.0,1540.0,1478.0,1478.0,1006.0,431.0,1033.0,442.0
1.0,2833.0,1475.0,1439.0,1478.0,1481.0,1481.0,1007.0,432.0,1031.0,444.0
1.0,2836.0,1400.0,1439.0,1481.0,1400.0,1400.0,1007.0,432.0,980.0,420.0
1.0,2917.0,1430.0,1437.0,1400.0,1424.0,1424.0,1006.0,431.0,1001.0,429.0
1.0,2887.0,1342.0,1434.0,1424.0,1333.0,1333.0,1004.0,430.0,940.0,402.0
1.0,2969.0,1490.0,1436.0,1333.0,1496.0,1496.0,1005.0,431.0,1043.0,447.0
1.0,2812.0,1473.0,1437.0,1496.0,1476.0,1476.0,1006.0,431.0,1032.0,441.0
1.0,2835.0,1472.0,1439.0,1476.0,1478.0,1478.0,1007.0,432.0,1029.0,443.0
1.0,2839.0,1460.0,1440.0,1478.0,1463.0,1463.0,1008.0,432.0,1023.0,437.0
1.0,2857.0,1461.0,1440.0,1463.0,1461.0,1461.0,1008.0,432.0,1023.0,438.0
1.0,2859.0,1419.0,1440.0,1461.0,1419.0,1419.0,1008.0,432.0,994.0,425.0
1.0,2901.0,1452.0,1442.0,1419.0,1458.0,1458.0,1009.0,433.0,1015.0,437.0
1.0,2868.0,1377.0,1441.0,1458.0,1374.0,1374.0,1009.0,432.0,963.0,414.0
1.0,2949.0,1489.0,1442.0,1374.0,1492.0,1492.0,1009.0,433.0,1043.0,446.0
1.0,2834.0,1533.0,1444.0,1492.0,1539.0,1539.0,1011.0,433.0,1072.0,461.0
1.0,2793.0,1523.0,1446.0,1539.0,1529.0,1529.0,1012.0,434.0,1068.0,455.0
1.0,2809.0,1456.0,1446.0,1529.0,1456.0,1456.0,1012.0,434.0,1018.0,438.0
1.0,2882.0,1364.0,1446.0,1456.0,1364.0,1364.0,1012.0,434.0,955.0,409.0
1.0,2974.0,1426.0,1446.0,1364.0,1426.0,1426.0,1012.0,434.0,998.0,428.0
1.0,2912.0,1473.0,1448.0,1426.0,1479.0,1479.0,1014.0,434.0,1031.0,442.0
1.0,2865.0,1499.0,1450.0,1479.0,1505.0,1505.0,1015.0,435.0,1050.0,449.0
1.0,2845.0,1486.0,1451.0,1505.0,1489.0,1489.0,1016.0,435.0,1039.0,447.0
1.0,2864.0,1519.0,1453.0,1489.0,1525.0,1525.0,1017.0,436.0,1064.0,455.0
1.0,2834.0,1401.0,1453.0,1525.0,1401.0,1401.0,1017.0,436.0,981.0,420.0
1.0,2958.0,1437.0,1452.0,1401.0,1434.0,1434.0,1016.0,436.0,1006.0,431.0
1.0,2922.0,1489.0,1453.0,1434.0,1492.0,1492.0,1017.0,436.0,1042.0,447.0
1.0,2867.0,1503.0,1454.0,1492.0,1506.0,1506.0,1018.0,436.0,1052.0,451.0
1.0,2856.0,1562.0,1459.0,1506.0,1577.0,1577.0,1021.0,438.0,1093.0,469.0
1.0,2800.0,1465.0,1460.0,1577.0,1468.0,1468.0,1022.0,438.0,1026.0,439.0
1.0,2912.0,1583.0,1462.0,1468.0,1589.0,1589.0,1023.0,439.0,1107.0,476.0
1.0,2797.0,1411.0,1462.0,1589.0,1411.0,1411.0,1023.0,439.0,988.0,423.0
1.0,2975.0,1446.0,1462.0,1411.0,1446.0,1446.0,1023.0,439.0,1012.0,434.0
1.0,2940.0,1460.0,1461.0,1446.0,1457.0,1457.0,1023.0,438.0,1022.0,438.0
1.0,2926.0,1483.0,1463.0,1457.0,1489.0,1489.0,1024.0,439.0,1039.0,444.0
1.0,2900.0,1478.0,1463.0,1489.0,1478.0,1478.0,1024.0,439.0,1035.0,443.0
1.0,2911.0,1454.0,1463.0,1478.0,1454.0,1454.0,1024.0,439.0,1018.0,436.0
1.0,2935.0,1497.0,1463.0,1454.0,1497.0,1497.0,1024.0,439.0,1048.0,449.0
1.0,2892.0,1442.0,1462.0,1497.0,1439.0,1439.0,1023.0,439.0,1009.0,433.0
1.0,2947.0,1467.0,1460.0,1439.0,1461.0,1461.0,1022.0,438.0,1028.0,439.0
1.0,2919.0,1436.0,1460.0,1461.0,1436.0,1436.0,1022.0,438.0,1004.0,432.0
1.0,2944.0,1501.0,1462.0,1436.0,1507.0,1507.0,1023.0,439.0,1050.0,451.0
1.0,2879.0,1467.0,1463.0,1507.0,1470.0,1470.0,1024.0,439.0,1027.0,440.0
1.0,2919.0,1496.0,1464.0,1470.0,1499.0,1499.0,1025.0,439.0,1046.0,450.0
1.0,2893.0,1544.0,1466.0,1499.0,1550.0,1550.0,1026.0,440.0,1082.0,462.0
1.0,2848.0,1457.0,1467.0,1550.0,1460.0,1460.0,1027.0,440.0,1021.0,436.0
1.0,2941.0,1453.0,1466.0,1460.0,1450.0,1450.0,1026.0,440.0,1017.0,436.0
1.0,2948.0,1441.0,1465.0,1450.0,1438.0,1438.0,1025.0,440.0,1008.0,433.0
1.0,2957.0,1491.0,1466.0,1438.0,1494.0,1494.0,1026.0,440.0,1045.0,446.0
1.0,2904.0,1503.0,1467.0,1494.0,1506.0,1506.0,1027.0,440.0,1052.0,451.0
1.0,2895.0,1502.0,1467.0,1506.0,1502.0,1502.0,1027.0,440.0,1050.0,452.0
1.0,2899.0,1493.0,1469.0,1502.0,1499.0,1499.0,1028.0,441.0,1046.0,447.0
1.0,2908.0,1448.0,1467.0,1499.0,1442.0,1442.0,1027.0,440.0,1013.0,435.0
1.0,2959.0,1405.0,1466.0,1442.0,1402.0,1402.0,1026.0,440.0,985.0,420.0
1.0,2996.0,1476.0,1466.0,1402.0,1476.0,1476.0,1026.0,440.0,1033.0,443.0
1.0,2922.0,1488.0,1467.0,1476.0,1491.0,1491.0,1027.0,440.0,1040.0,448.0
1.0,2910.0,1497.0,1469.0,1491.0,1503.0,1503.0,1028.0,441.0,1049.0,448.0
1.0,2904.0,1574.0,1473.0,1503.0,1586.0,1586.0,1031.0,442.0,1102.0,472.0
1.0,2833.0,1497.0,1474.0,1586.0,1500.0,1500.0,1032.0,442.0,1048.0,449.0
1.0,2922.0,1463.0,1473.0,1500.0,1460.0,1460.0,1031.0,442.0,1024.0,439.0
1.0,2959.0,1437.0,1473.0,1460.0,1437.0,1437.0,1031.0,442.0,1006.0,431.0
1.0,2982.0,1438.0,1473.0,1437.0,1438.0,1438.0,1031.0,442.0,1006.0,432.0
1.0,2981.0,1485.0,1473.0,1438.0,1485.0,1485.0,1031.0,442.0,1040.0,445.0
1.0,2934.0,1544.0,1476.0,1485.0,1553.0,1553.0,1033.0,443.0,1080.0,464.0
1.0,2875.0,1437.0,1474.0,1553.0,1431.0,1431.0,1032.0,442.0,1006.0,431.0
1.0,2991.0,1459.0,1477.0,1431.0,1468.0,1468.0,1034.0,443.0,1022.0,437.0
1.0,2963.0,1471.0,1476.0,1468.0,1468.0,1468.0,1033.0,443.0,1030.0,441.0
1.0,2960.0,1466.0,1474.0,1468.0,1460.0,1460.0,1032.0,442.0,1025.0,441.0
1.0,2962.0,1501.0,1474.0,1460.0,1501.0,1501.0,1032.0,442.0,1051.0,450.0
1.0,2921.0,1486.0,1475.0,1501.0,1489.0,1489.0,1033.0,442.0,1040.0,446.0
1.0,2936.0,1515.0,1478.0,1489.0,1524.0,1524.0,1035.0,443.0,1060.0,455.0
1.0,2910.0,1519.0,1480.0,1524.0,1525.0,1525.0,1036.0,444.0,1064.0,455.0
1.0,2915.0,1543.0,1481.0,1525.0,1546.0,1546.0,1037.0,444.0,1079.0,464.0
1.0,2897.0,1492.0,1481.0,1546.0,1492.0,1492.0,1037.0,444.0,1044.0,448.0
1.0,2951.0,1550.0,1483.0,1492.0,1556.0,1556.0,1038.0,445.0,1086.0,464.0
1.0,2893.0,1500.0,1482.0,1556.0,1497.0,1497.0,1037.0,445.0,1050.0,450.0
1.0,2949.0,1533.0,1484.0,1497.0,1539.0,1539.0,1039.0,445.0,1073.0,460.0
1.0,2913.0,1543.0,1486.0,1539.0,1549.0,1549.0,1040.0,446.0,1081.0,462.0
1.0,2909.0,1540.0,1487.0,1549.0,1543.0,1543.0,1041.0,446.0,1077.0,463.0
1.0,2918.0,1511.0,1487.0,1543.0,1511.0,1511.0,1041.0,446.0,1058.0,453.0
1.0,2950.0,1417.0,1484.0,1511.0,1408.0,1408.0,1039.0,445.0,992.0,425.0
1.0,3044.0,1409.0,1484.0,1408.0,1409.0,1409.0,1039.0,445.0,986.0,423.0
1.0,3043.0,1454.0,1481.0,1409.0,1445.0,1445.0,1037.0,444.0,1018.0,436.0
1.0,2998.0,1530.0,1483.0,1445.0,1536.0,1536.0,1038.0,445.0,1070.0,460.0
1.0,2913.0,1586.0,1486.0,1536.0,1595.0,1595.0,1040.0,446.0,1112.0,474.0
1.0,2863.0,1542.0,1487.0,1595.0,1545.0,1545.0,1041.0,446.0,1078.0,464.0
1.0,2916.0,1514.0,1488.0,1545.0,1517.0,1517.0,1042.0,446.0,1061.0,453.0
1.0,2947.0,1483.0,1489.0,1517.0,1486.0,1486.0,1042.0,447.0,1038.0,445.0
1.0,2981.0,1447.0,1488.0,1486.0,1444.0,1444.0,1042.0,446.0,1013.0,434.0
1.0,3020.0,1487.0,1488.0,1444.0,1487.0,1487.0,1042.0,446.0,1041.0,446.0
1.0,2977.0,1529.0,1490.0,1487.0,1535.0,1535.0,1043.0,447.0,1071.0,458.0
1.0,2935.0,1575.0,1492.0,1535.0,1581.0,1581.0,1044.0,448.0,1101.0,474.0
1.0,2895.0,1500.0,1493.0,1581.0,1503.0,1503.0,1045.0,448.0,1051.0,449.0
1.0,2976.0,1500.0,1493.0,1503.0,1500.0,1500.0,1045.0,448.0,1050.0,450.0
1.0,2979.0,1461.0,1493.0,1500.0,1461.0,1461.0,1045.0,448.0,1023.0,438.0
1.0,3018.0,1569.0,1494.0,1461.0,1572.0,1572.0,1046.0,448.0,1097.0,472.0
1.0,2910.0,1507.0,1494.0,1572.0,1507.0,1507.0,1046.0,448.0,1054.0,453.0
1.0,2975.0,1515.0,1494.0,1507.0,1515.0,1515.0,1046.0,448.0,1061.0,454.0
1.0,2967.0,1551.0,1497.0,1515.0,1560.0,1560.0,1048.0,449.0,1087.0,464.0
1.0,2931.0,1575.0,1499.0,1560.0,1581.0,1581.0,1049.0,450.0,1102.0,473.0
1.0,2916.0,1466.0,1499.0,1581.0,1466.0,1466.0,1049.0,450.0,1026.0,440.0
1.0,3031.0,1513.0,1499.0,1466.0,1513.0,1513.0,1049.0,450.0,1059.0,454.0
1.0,2984.0,1520.0,1499.0,1513.0,1520.0,1520.0,1049.0,450.0,1064.0,456.0
1.0,2977.0,1466.0,1499.0,1520.0,1466.0,1466.0,1049.0,450.0,1026.0,440.0
1.0,3031.0,1441.0,1499.0,1466.0,1441.0,1441.0,1049.0,450.0,1009.0,432.0
1.0,3056.0,1589.0,1502.0,1441.0,1598.0,1598.0,1051.0,451.0,1112.0,477.0
1.0,2908.0,1580.0,1504.0,1598.0,1586.0,1586.0,1053.0,451.0,1105.0,475.0
1.0,2926.0,1567.0,1506.0,1586.0,1573.0,1573.0,1054.0,452.0,1098.0,469.0
1.0,2945.0,1546.0,1507.0,1573.0,1549.0,1549.0,1055.0,452.0,1083.0,463.0
1.0,2972.0,1491.0,1505.0,1549.0,1485.0,1485.0,1053.0,452.0,1043.0,448.0
1.0,3030.0,1484.0,1504.0,1485.0,1481.0,1481.0,1053.0,451.0,1039.0,445.0
1.0,3031.0,1504.0,1506.0,1481.0,1510.0,1510.0,1054.0,452.0,1054.0,450.0
1.0,3008.0,1542.0,1507.0,1510.0,1545.0,1545.0,1055.0,452.0,1078.0,464.0
1.0,2976.0,1530.0,1510.0,1545.0,1539.0,1539.0,1057.0,453.0,1072.0,458.0
1.0,2991.0,1569.0,1511.0,1539.0,1572.0,1572.0,1058.0,453.0,1097.0,472.0
1.0,2961.0,1537.0,1511.0,1572.0,1537.0,1537.0,1058.0,453.0,1076.0,461.0
1.0,2996.0,1486.0,1512.0,1537.0,1489.0,1489.0,1058.0,454.0,1041.0,445.0
1.0,3047.0,1533.0,1513.0,1489.0,1536.0,1536.0,1059.0,454.0,1074.0,459.0
1.0,3003.0,1514.0,1514.0,1536.0,1517.0,1517.0,1060.0,454.0,1058.0,456.0
1.0,3025.0,1568.0,1516.0,1517.0,1574.0,1574.0,1061.0,455.0,1099.0,469.0
1.0,2974.0,1521.0,1516.0,1574.0,1521.0,1521.0,1061.0,455.0,1065.0,456.0
1.0,3027.0,1510.0,1517.0,1521.0,1513.0,1513.0,1062.0,455.0,1057.0,453.0
1.0,3038.0,1511.0,1517.0,1513.0,1511.0,1511.0,1062.0,455.0,1058.0,453.0
1.0,3040.0,1448.0,1516.0,1511.0,1445.0,1445.0,1061.0,455.0,1013.0,435.0
1.0,3103.0,1486.0,1514.0,1445.0,1480.0,1480.0,1060.0,454.0,1040.0,446.0
1.0,3062.0,1595.0,1516.0,1480.0,1601.0,1601.0,1061.0,455.0,1117.0,478.0
1.0,2947.0,1543.0,1516.0,1601.0,1543.0,1543.0,1061.0,455.0,1080.0,463.0
1.0,3005.0,1563.0,1517.0,1543.0,1566.0,1566.0,1062.0,455.0,1093.0,470.0
1.0,2985.0,1480.0,1516.0,1566.0,1477.0,1477.0,1061.0,455.0,1037.0,443.0
1.0,3071.0,1543.0,1516.0,1477.0,1543.0,1543.0,1061.0,455.0,1080.0,463.0
1.0,3005.0,1467.0,1514.0,1543.0,1461.0,1461.0,1060.0,454.0,1026.0,441.0
1.0,3081.0,1414.0,1513.0,1461.0,1411.0,1411.0,1059.0,454.0,991.0,423.0
1.0,3128.0,1529.0,1516.0,1411.0,1538.0,1538.0,1061.0,455.0,1069.0,460.0
1.0,3010.0,1525.0,1517.0,1538.0,1528.0,1528.0,1062.0,455.0,1067.0,458.0
1.0,3023.0,1542.0,1519.0,1528.0,1548.0,1548.0,1063.0,456.0,1080.0,462.0
1.0,3009.0,1519.0,1519.0,1548.0,1519.0,1519.0,1063.0,456.0,1063.0,456.0
1.0,3038.0,1517.0,1517.0,1519.0,1511.0,1511.0,1062.0,455.0,1061.0,456.0
1.0,3040.0,1490.0,1517.0,1511.0,1490.0,1490.0,1062.0,455.0,1044.0,446.0
1.0,3061.0,1506.0,1516.0,1490.0,1503.0,1503.0,1061.0,455.0,1054.0,452.0
1.0,3045.0,1522.0,1517.0,1503.0,1525.0,1525.0,1062.0,455.0,1064.0,458.0
1.0,3026.0,1682.0,1522.0,1525.0,1697.0,1697.0,1065.0,457.0,1178.0,504.0
1.0,2869.0,1560.0,1523.0,1697.0,1563.0,1563.0,1066.0,457.0,1093.0,467.0
1.0,3006.0,1561.0,1524.0,1563.0,1564.0,1564.0,1067.0,457.0,1091.0,470.0
1.0,3008.0,1527.0,1523.0,1564.0,1524.0,1524.0,1066.0,457.0,1071.0,456.0
1.0,3045.0,1510.0,1523.0,1524.0,1510.0,1510.0,1066.0,457.0,1057.0,453.0
1.0,3059.0,1560.0,1524.0,1510.0,1563.0,1563.0,1067.0,457.0,1091.0,469.0
1.0,3009.0,1600.0,1527.0,1563.0,1609.0,1609.0,1069.0,458.0,1121.0,479.0
1.0,2972.0,1503.0,1526.0,1609.0,1500.0,1500.0,1068.0,458.0,1052.0,451.0
1.0,3078.0,1576.0,1527.0,1500.0,1579.0,1579.0,1069.0,458.0,1101.0,475.0
1.0,3002.0,1582.0,1528.0,1579.0,1585.0,1585.0,1070.0,458.0,1108.0,474.0
1.0,2999.0,1517.0,1527.0,1585.0,1514.0,1514.0,1069.0,458.0,1062.0,455.0
1.0,3067.0,1496.0,1526.0,1514.0,1493.0,1493.0,1068.0,458.0,1048.0,448.0
1.0,3085.0,1509.0,1527.0,1493.0,1512.0,1512.0,1069.0,458.0,1055.0,454.0
1.0,3069.0,1519.0,1527.0,1512.0,1519.0,1519.0,1069.0,458.0,1063.0,456.0
1.0,3062.0,1640.0,1529.0,1519.0,1646.0,1646.0,1070.0,459.0,1149.0,491.0
1.0,2941.0,1619.0,1532.0,1646.0,1628.0,1628.0,1072.0,460.0,1133.0,486.0
1.0,2968.0,1555.0,1534.0,1628.0,1561.0,1561.0,1074.0,460.0,1088.0,467.0
1.0,3041.0,1544.0,1533.0,1561.0,1541.0,1541.0,1073.0,460.0,1080.0,464.0
1.0,3058.0,1516.0,1533.0,1541.0,1516.0,1516.0,1073.0,460.0,1062.0,454.0
1.0,3083.0,1561.0,1532.0,1516.0,1558.0,1558.0,1072.0,460.0,1093.0,468.0
1.0,3038.0,1536.0,1532.0,1558.0,1536.0,1536.0,1072.0,460.0,1075.0,461.0
1.0,3060.0,1621.0,1534.0,1536.0,1627.0,1627.0,1074.0,460.0,1134.0,487.0
1.0,2975.0,1618.0,1537.0,1627.0,1627.0,1627.0,1076.0,461.0,1132.0,486.0
1.0,2984.0,1556.0,1539.0,1627.0,1562.0,1562.0,1077.0,462.0,1089.0,467.0
1.0,3055.0,1543.0,1538.0,1562.0,1540.0,1540.0,1077.0,461.0,1080.0,463.0
1.0,3074.0,1508.0,1537.0,1540.0,1505.0,1505.0,1076.0,461.0,1056.0,452.0
1.0,3106.0,1519.0,1537.0,1505.0,1519.0,1519.0,1076.0,461.0,1063.0,456.0
1.0,3092.0,1616.0,1539.0,1519.0,1622.0,1622.0,1077.0,462.0,1132.0,484.0
1.0,2995.0,1587.0,1540.0,1622.0,1590.0,1590.0,1078.0,462.0,1110.0,477.0
1.0,3030.0,1574.0,1541.0,1590.0,1577.0,1577.0,1079.0,462.0,1102.0,472.0
1.0,3046.0,1549.0,1542.0,1577.0,1552.0,1552.0,1079.0,463.0,1085.0,464.0
1.0,3074.0,1533.0,1541.0,1552.0,1530.0,1530.0,1079.0,462.0,1073.0,460.0
1.0,3093.0,1518.0,1541.0,1530.0,1518.0,1518.0,1079.0,462.0,1063.0,455.0
1.0,3105.0,1516.0,1541.0,1518.0,1516.0,1516.0,1079.0,462.0,1061.0,455.0
1.0,3107.0,1569.0,1542.0,1516.0,1572.0,1572.0,1079.0,463.0,1098.0,471.0
1.0,3054.0,1580.0,1544.0,1572.0,1586.0,1586.0,1081.0,463.0,1106.0,474.0
1.0,3046.0,1692.0,1549.0,1586.0,1707.0,1707.0,1084.0,465.0,1185.0,507.0
1.0,2940.0,1515.0,1547.0,1707.0,1509.0,1509.0,1083.0,464.0,1060.0,455.0
1.0,3132.0,1556.0,1547.0,1509.0,1556.0,1556.0,1083.0,464.0,1089.0,467.0
1.0,3085.0,1525.0,1547.0,1556.0,1525.0,1525.0,1083.0,464.0,1067.0,458.0
1.0,3116.0,1543.0,1547.0,1525.0,1543.0,1543.0,1083.0,464.0,1081.0,462.0
1.0,3098.0,1541.0,1547.0,1543.0,1541.0,1541.0,1083.0,464.0,1079.0,462.0
1.0,3100.0,1621.0,1550.0,1541.0,1630.0,1630.0,1085.0,465.0,1134.0,487.0
1.0,3020.0,1646.0,1556.0,1630.0,1664.0,1664.0,1089.0,467.0,1153.0,493.0
1.0,3004.0,1563.0,1556.0,1664.0,1563.0,1563.0,1089.0,467.0,1094.0,469.0
1.0,3105.0,1583.0,1557.0,1563.0,1586.0,1586.0,1090.0,467.0,1109.0,474.0
1.0,3085.0,1520.0,1557.0,1586.0,1520.0,1520.0,1090.0,467.0,1064.0,456.0
1.0,3151.0,1514.0,1556.0,1520.0,1511.0,1511.0,1089.0,467.0,1060.0,454.0
1.0,3157.0,1527.0,1557.0,1511.0,1530.0,1530.0,1090.0,467.0,1069.0,458.0
1.0,3141.0,1694.0,1560.0,1530.0,1703.0,1703.0,1092.0,468.0,1186.0,508.0
1.0,2977.0,1613.0,1563.0,1703.0,1622.0,1622.0,1094.0,469.0,1128.0,485.0
1.0,3067.0,1536.0,1563.0,1622.0,1536.0,1536.0,1094.0,469.0,1075.0,461.0
1.0,3153.0,1515.0,1560.0,1536.0,1506.0,1506.0,1092.0,468.0,1061.0,454.0
1.0,3174.0,1616.0,1560.0,1506.0,1616.0,1616.0,1092.0,468.0,1130.0,486.0
1.0,3064.0,1546.0,1560.0,1616.0,1546.0,1546.0,1092.0,468.0,1082.0,464.0
1.0,3134.0,1527.0,1560.0,1546.0,1527.0,1527.0,1092.0,468.0,1069.0,458.0
1.0,3153.0,1575.0,1562.0,1527.0,1581.0,1581.0,1093.0,469.0,1103.0,472.0
1.0,3105.0,1642.0,1563.0,1581.0,1645.0,1645.0,1094.0,469.0,1150.0,492.0
1.0,3044.0,1570.0,1563.0,1645.0,1570.0,1570.0,1094.0,469.0,1098.0,472.0
1.0,3119.0,1579.0,1564.0,1570.0,1582.0,1582.0,1095.0,469.0,1104.0,475.0
1.0,3110.0,1577.0,1564.0,1582.0,1577.0,1577.0,1095.0,469.0,1104.0,473.0
1.0,3115.0,1544.0,1563.0,1577.0,1541.0,1541.0,1094.0,469.0,1083.0,461.0
1.0,3148.0,1666.0,1566.0,1541.0,1675.0,1675.0,1096.0,470.0,1166.0,500.0
1.0,3023.0,1612.0,1569.0,1675.0,1621.0,1621.0,1098.0,471.0,1127.0,485.0
1.0,3086.0,1597.0,1570.0,1621.0,1600.0,1600.0,1099.0,471.0,1119.0,478.0
1.0,3110.0,1650.0,1573.0,1600.0,1659.0,1659.0,1101.0,472.0,1155.0,495.0
1.0,3060.0,1512.0,1570.0,1659.0,1503.0,1503.0,1099.0,471.0,1060.0,452.0
1.0,3207.0,1564.0,1569.0,1503.0,1561.0,1561.0,1098.0,471.0,1094.0,470.0
1.0,3146.0,1540.0,1569.0,1561.0,1540.0,1540.0,1098.0,471.0,1078.0,462.0
1.0,3167.0,1599.0,1570.0,1540.0,1602.0,1602.0,1099.0,471.0,1120.0,479.0
1.0,3108.0,1590.0,1571.0,1602.0,1593.0,1593.0,1100.0,471.0,1111.0,479.0
1.0,3120.0,1633.0,1573.0,1593.0,1639.0,1639.0,1101.0,472.0,1144.0,489.0
1.0,3080.0,1606.0,1574.0,1639.0,1609.0,1609.0,1102.0,472.0,1123.0,483.0
1.0,3113.0,1618.0,1574.0,1609.0,1618.0,1618.0,1102.0,472.0,1133.0,485.0
1.0,3104.0,1577.0,1573.0,1618.0,1574.0,1574.0,1101.0,472.0,1106.0,471.0
1.0,3145.0,1587.0,1574.0,1574.0,1590.0,1590.0,1102.0,472.0,1109.0,478.0
1.0,3132.0,1602.0,1575.0,1590.0,1605.0,1605.0,1103.0,472.0,1122.0,480.0
1.0,3120.0,1599.0,1577.0,1605.0,1605.0,1605.0,1104.0,473.0,1120.0,479.0
1.0,3126.0,1609.0,1579.0,1605.0,1615.0,1615.0,1105.0,474.0,1125.0,484.0
1.0,3122.0,1594.0,1578.0,1615.0,1591.0,1591.0,1105.0,473.0,1116.0,478.0
1.0,3143.0,1557.0,1577.0,1591.0,1554.0,1554.0,1104.0,473.0,1090.0,467.0
1.0,3177.0,1606.0,1578.0,1554.0,1609.0,1609.0,1105.0,473.0,1124.0,482.0
1.0,3125.0,1559.0,1579.0,1609.0,1562.0,1562.0,1105.0,474.0,1091.0,468.0
1.0,3175.0,1629.0,1580.0,1562.0,1632.0,1632.0,1106.0,474.0,1142.0,487.0
1.0,3108.0,1640.0,1583.0,1632.0,1649.0,1649.0,1108.0,475.0,1147.0,493.0
1.0,3100.0,1594.0,1584.0,1649.0,1597.0,1597.0,1109.0,475.0,1117.0,477.0
1.0,3155.0,1579.0,1584.0,1597.0,1579.0,1579.0,1109.0,475.0,1103.0,476.0
1.0,3173.0,1536.0,1583.0,1579.0,1533.0,1533.0,1108.0,475.0,1077.0,459.0
1.0,3216.0,1474.0,1579.0,1533.0,1462.0,1462.0,1105.0,474.0,1031.0,443.0
1.0,3275.0,1592.0,1580.0,1462.0,1595.0,1595.0,1106.0,474.0,1113.0,479.0
1.0,3145.0,1612.0,1582.0,1595.0,1618.0,1618.0,1107.0,475.0,1129.0,483.0
1.0,3128.0,1609.0,1583.0,1618.0,1612.0,1612.0,1108.0,475.0,1127.0,482.0
1.0,3137.0,1595.0,1584.0,1612.0,1598.0,1598.0,1109.0,475.0,1115.0,480.0
1.0,3154.0,1589.0,1586.0,1598.0,1595.0,1595.0,1110.0,476.0,1112.0,477.0
1.0,3163.0,1549.0,1584.0,1595.0,1543.0,1543.0,1109.0,475.0,1083.0,466.0
1.0,3209.0,1552.0,1582.0,1543.0,1546.0,1546.0,1107.0,475.0,1088.0,464.0
1.0,3200.0,1585.0,1583.0,1546.0,1588.0,1588.0,1108.0,475.0,1110.0,475.0
1.0,3161.0,1561.0,1582.0,1588.0,1558.0,1558.0,1107.0,475.0,1092.0,469.0
1.0,3188.0,1665.0,1585.0,1558.0,1674.0,1674.0,1109.0,476.0,1165.0,500.0
1.0,3081.0,1668.0,1587.0,1674.0,1674.0,1674.0,1111.0,476.0,1167.0,501.0
1.0,3087.0,1655.0,1590.0,1674.0,1664.0,1664.0,1113.0,477.0,1158.0,497.0
1.0,3106.0,1627.0,1589.0,1664.0,1624.0,1624.0,1112.0,477.0,1140.0,487.0
1.0,3143.0,1524.0,1587.0,1624.0,1518.0,1518.0,1111.0,476.0,1066.0,458.0
1.0,3243.0,1599.0,1589.0,1518.0,1605.0,1605.0,1112.0,477.0,1120.0,479.0
1.0,3162.0,1612.0,1590.0,1605.0,1615.0,1615.0,1113.0,477.0,1127.0,485.0
1.0,3155.0,1610.0,1590.0,1615.0,1610.0,1610.0,1113.0,477.0,1127.0,483.0
1.0,3160.0,1639.0,1592.0,1610.0,1645.0,1645.0,1114.0,478.0,1148.0,491.0
1.0,3131.0,1620.0,1594.0,1645.0,1626.0,1626.0,1116.0,478.0,1133.0,487.0
1.0,3156.0,1556.0,1593.0,1626.0,1553.0,1553.0,1115.0,478.0,1089.0,467.0
1.0,3226.0,1567.0,1592.0,1553.0,1564.0,1564.0,1114.0,478.0,1098.0,469.0
1.0,3212.0,1566.0,1592.0,1564.0,1566.0,1566.0,1114.0,478.0,1096.0,470.0
1.0,3210.0,1709.0,1594.0,1566.0,1715.0,1715.0,1116.0,478.0,1196.0,513.0
1.0,3067.0,1676.0,1596.0,1715.0,1682.0,1682.0,1117.0,479.0,1174.0,502.0
1.0,3106.0,1689.0,1599.0,1682.0,1698.0,1698.0,1119.0,480.0,1182.0,507.0
1.0,3099.0,1574.0,1597.0,1698.0,1568.0,1568.0,1118.0,479.0,1101.0,473.0
1.0,3223.0,1641.0,1597.0,1568.0,1641.0,1641.0,1118.0,479.0,1149.0,492.0
1.0,3150.0,1540.0,1597.0,1641.0,1540.0,1540.0,1118.0,479.0,1078.0,462.0
1.0,3251.0,1653.0,1597.0,1540.0,1653.0,1653.0,1118.0,479.0,1157.0,496.0
1.0,3138.0,1615.0,1599.0,1653.0,1621.0,1621.0,1119.0,480.0,1131.0,484.0
1.0,3176.0,1683.0,1601.0,1621.0,1689.0,1689.0,1121.0,480.0,1177.0,506.0
1.0,3114.0,1626.0,1603.0,1689.0,1632.0,1632.0,1122.0,481.0,1140.0,486.0
1.0,3177.0,1613.0,1603.0,1632.0,1613.0,1613.0,1122.0,481.0,1129.0,484.0
1.0,3196.0,1586.0,1603.0,1613.0,1586.0,1586.0,1122.0,481.0,1110.0,476.0
1.0,3223.0,1671.0,1604.0,1586.0,1674.0,1674.0,1123.0,481.0,1168.0,503.0
1.0,3138.0,1584.0,1603.0,1674.0,1581.0,1581.0,1122.0,481.0,1109.0,475.0
1.0,3228.0,1591.0,1603.0,1581.0,1591.0,1591.0,1122.0,481.0,1116.0,475.0
1.0,3218.0,1707.0,1606.0,1591.0,1716.0,1716.0,1124.0,482.0,1194.0,513.0
1.0,3102.0,1649.0,1606.0,1716.0,1649.0,1649.0,1124.0,482.0,1155.0,494.0
1.0,3169.0,1654.0,1607.0,1649.0,1657.0,1657.0,1125.0,482.0,1157.0,497.0
1.0,3164.0,1560.0,1607.0,1657.0,1560.0,1560.0,1125.0,482.0,1091.0,469.0
1.0,3261.0,1564.0,1606.0,1560.0,1561.0,1561.0,1124.0,482.0,1097.0,467.0
1.0,3257.0,1604.0,1606.0,1561.0,1604.0,1604.0,1124.0,482.0,1123.0,481.0
1.0,3214.0,1598.0,1607.0,1604.0,1601.0,1601.0,1125.0,482.0,1117.0,481.0
1.0,3220.0,1712.0,1609.0,1601.0,1718.0,1718.0,1126.0,483.0,1199.0,513.0
1.0,3109.0,1726.0,1612.0,1718.0,1735.0,1735.0,1128.0,484.0,1208.0,518.0
1.0,3101.0,1671.0,1613.0,1735.0,1674.0,1674.0,1129.0,484.0,1171.0,500.0
1.0,3165.0,1601.0,1612.0,1674.0,1598.0,1598.0,1128.0,484.0,1120.0,481.0
1.0,3238.0,1593.0,1612.0,1598.0,1593.0,1593.0,1128.0,484.0,1115.0,478.0
1.0,3243.0,1668.0,1614.0,1593.0,1674.0,1674.0,1130.0,484.0,1166.0,502.0
1.0,3168.0,1647.0,1616.0,1674.0,1653.0,1653.0,1131.0,485.0,1155.0,492.0
1.0,3195.0,1630.0,1619.0,1653.0,1639.0,1639.0,1133.0,486.0,1141.0,489.0
1.0,3218.0,1553.0,1619.0,1639.0,1553.0,1553.0,1133.0,486.0,1086.0,467.0
1.0,3304.0,1663.0,1619.0,1553.0,1663.0,1663.0,1133.0,486.0,1165.0,498.0
1.0,3194.0,1614.0,1619.0,1663.0,1614.0,1614.0,1133.0,486.0,1130.0,484.0
1.0,3243.0,1660.0,1620.0,1614.0,1663.0,1663.0,1134.0,486.0,1161.0,499.0
1.0,3197.0,1591.0,1620.0,1663.0,1591.0,1591.0,1134.0,486.0,1114.0,477.0
1.0,3269.0,1689.0,1623.0,1591.0,1698.0,1698.0,1136.0,487.0,1184.0,505.0
1.0,3171.0,1732.0,1627.0,1698.0,1744.0,1744.0,1139.0,488.0,1212.0,520.0
1.0,3137.0,1715.0,1629.0,1744.0,1721.0,1721.0,1140.0,489.0,1200.0,515.0
1.0,3166.0,1693.0,1632.0,1721.0,1702.0,1702.0,1142.0,490.0,1184.0,509.0
1.0,3194.0,1646.0,1631.0,1702.0,1643.0,1643.0,1142.0,489.0,1152.0,494.0
1.0,3250.0,1583.0,1630.0,1643.0,1580.0,1580.0,1141.0,489.0,1109.0,474.0
1.0,3310.0,1554.0,1628.0,1580.0,1548.0,1548.0,1140.0,488.0,1087.0,467.0
1.0,3336.0,1656.0,1629.0,1548.0,1659.0,1659.0,1140.0,489.0,1159.0,497.0
1.0,3228.0,1676.0,1631.0,1659.0,1682.0,1682.0,1142.0,489.0,1173.0,503.0
1.0,3211.0,1679.0,1633.0,1682.0,1685.0,1685.0,1143.0,490.0,1176.0,503.0
1.0,3214.0,1660.0,1634.0,1685.0,1663.0,1663.0,1144.0,490.0,1163.0,497.0
1.0,3239.0,1649.0,1634.0,1663.0,1649.0,1649.0,1144.0,490.0,1152.0,497.0
1.0,3253.0,1627.0,1634.0,1649.0,1627.0,1627.0,1144.0,490.0,1139.0,488.0
1.0,3275.0,1515.0,1633.0,1627.0,1512.0,1512.0,1143.0,490.0,1062.0,453.0
1.0,3387.0,1641.0,1634.0,1512.0,1644.0,1644.0,1144.0,490.0,1150.0,491.0
1.0,3258.0,1663.0,1636.0,1644.0,1669.0,1669.0,1145.0,491.0,1163.0,500.0
1.0,3239.0,1706.0,1639.0,1669.0,1715.0,1715.0,1147.0,492.0,1194.0,512.0
1.0,3202.0,1666.0,1637.0,1715.0,1660.0,1660.0,1146.0,491.0,1166.0,500.0
1.0,3251.0,1653.0,1637.0,1660.0,1653.0,1653.0,1146.0,491.0,1158.0,495.0
1.0,3258.0,1629.0,1636.0,1653.0,1626.0,1626.0,1145.0,491.0,1140.0,489.0
1.0,3282.0,1588.0,1636.0,1626.0,1588.0,1588.0,1145.0,491.0,1112.0,476.0
1.0,3320.0,1732.0,1638.0,1588.0,1738.0,1738.0,1147.0,491.0,1211.0,521.0
1.0,3176.0,1739.0,1642.0,1738.0,1751.0,1751.0,1149.0,493.0,1218.0,521.0
1.0,3175.0,1660.0,1642.0,1751.0,1660.0,1660.0,1149.0,493.0,1162.0,498.0
1.0,3266.0,1636.0,1643.0,1660.0,1639.0,1639.0,1150.0,493.0,1145.0,491.0
1.0,3290.0,1631.0,1641.0,1639.0,1625.0,1625.0,1149.0,492.0,1141.0,490.0
1.0,3298.0,1563.0,1640.0,1625.0,1560.0,1560.0,1148.0,492.0,1096.0,467.0
1.0,3360.0,1613.0,1640.0,1560.0,1613.0,1613.0,1148.0,492.0,1129.0,484.0
1.0,3307.0,1647.0,1641.0,1613.0,1650.0,1650.0,1149.0,492.0,1151.0,496.0
1.0,3273.0,1717.0,1643.0,1650.0,1723.0,1723.0,1150.0,493.0,1203.0,514.0
1.0,3206.0,1709.0,1644.0,1723.0,1712.0,1712.0,1151.0,493.0,1196.0,513.0
1.0,3220.0,1700.0,1647.0,1712.0,1709.0,1709.0,1153.0,494.0,1191.0,509.0
1.0,3232.0,1621.0,1646.0,1709.0,1618.0,1618.0,1152.0,494.0,1134.0,487.0
1.0,3320.0,1637.0,1644.0,1618.0,1631.0,1631.0,1151.0,493.0,1146.0,491.0
1.0,3301.0,1631.0,1644.0,1631.0,1631.0,1631.0,1151.0,493.0,1142.0,489.0
1.0,3301.0,1671.0,1647.0,1631.0,1680.0,1680.0,1153.0,494.0,1171.0,500.0
1.0,3261.0,1705.0,1650.0,1680.0,1714.0,1714.0,1155.0,495.0,1193.0,512.0
1.0,3236.0,1676.0,1651.0,1714.0,1679.0,1679.0,1156.0,495.0,1174.0,502.0
1.0,3274.0,1700.0,1653.0,1679.0,1706.0,1706.0,1157.0,496.0,1189.0,511.0
1.0,3253.0,1603.0,1650.0,1706.0,1594.0,1594.0,1155.0,495.0,1123.0,480.0
1.0,3356.0,1678.0,1650.0,1594.0,1678.0,1678.0,1155.0,495.0,1174.0,504.0
1.0,3272.0,1632.0,1649.0,1678.0,1629.0,1629.0,1154.0,495.0,1142.0,490.0
1.0,3318.0,1691.0,1650.0,1629.0,1694.0,1694.0,1155.0,495.0,1185.0,506.0
1.0,3256.0,1676.0,1653.0,1694.0,1685.0,1685.0,1157.0,496.0,1172.0,504.0
1.0,3274.0,1756.0,1654.0,1685.0,1759.0,1759.0,1158.0,496.0,1230.0,526.0
1.0,3203.0,1697.0,1654.0,1759.0,1697.0,1697.0,1158.0,496.0,1187.0,510.0
1.0,3265.0,1677.0,1656.0,1697.0,1683.0,1683.0,1159.0,497.0,1175.0,502.0
1.0,3285.0,1652.0,1657.0,1683.0,1655.0,1655.0,1160.0,497.0,1155.0,497.0
1.0,3316.0,1650.0,1657.0,1655.0,1650.0,1650.0,1160.0,497.0,1155.0,495.0
1.0,3321.0,1647.0,1658.0,1650.0,1650.0,1650.0,1161.0,497.0,1153.0,494.0
1.0,3324.0,1696.0,1659.0,1650.0,1699.0,1699.0,1161.0,498.0,1188.0,508.0
1.0,3278.0,1693.0,1660.0,1699.0,1696.0,1696.0,1162.0,498.0,1184.0,509.0
1.0,3284.0,1703.0,1661.0,1696.0,1706.0,1706.0,1163.0,498.0,1192.0,511.0
1.0,3277.0,1677.0,1660.0,1706.0,1674.0,1674.0,1162.0,498.0,1176.0,501.0
1.0,3306.0,1630.0,1658.0,1674.0,1624.0,1624.0,1161.0,497.0,1140.0,490.0
1.0,3350.0,1613.0,1657.0,1624.0,1610.0,1610.0,1160.0,497.0,1128.0,485.0
1.0,3361.0,1739.0,1659.0,1610.0,1745.0,1745.0,1161.0,498.0,1218.0,521.0
1.0,3232.0,1720.0,1661.0,1745.0,1726.0,1726.0,1163.0,498.0,1204.0,516.0
1.0,3257.0,1707.0,1664.0,1726.0,1716.0,1716.0,1165.0,499.0,1194.0,513.0
1.0,3276.0,1702.0,1665.0,1716.0,1705.0,1705.0,1166.0,499.0,1192.0,510.0
1.0,3290.0,1586.0,1663.0,1705.0,1580.0,1580.0,1164.0,499.0,1111.0,475.0
1.0,3409.0,1600.0,1661.0,1580.0,1594.0,1594.0,1163.0,498.0,1119.0,481.0
1.0,3389.0,1691.0,1663.0,1594.0,1697.0,1697.0,1164.0,499.0,1184.0,507.0
1.0,3292.0,1640.0,1663.0,1697.0,1640.0,1640.0,1164.0,499.0,1148.0,492.0
1.0,3349.0,1719.0,1664.0,1640.0,1722.0,1722.0,1165.0,499.0,1203.0,516.0
1.0,3270.0,1692.0,1667.0,1722.0,1701.0,1701.0,1167.0,500.0,1184.0,508.0
1.0,3300.0,1677.0,1668.0,1701.0,1680.0,1680.0,1168.0,500.0,1174.0,503.0
1.0,3324.0,1677.0,1668.0,1680.0,1677.0,1677.0,1168.0,500.0,1174.0,503.0
1.0,3327.0,1617.0,1667.0,1677.0,1614.0,1614.0,1167.0,500.0,1133.0,484.0
1.0,3387.0,1633.0,1666.0,1614.0,1630.0,1630.0,1166.0,500.0,1143.0,490.0
1.0,3368.0,1737.0,1667.0,1630.0,1740.0,1740.0,1167.0,500.0,1215.0,522.0
1.0,3261.0,1717.0,1669.0,1740.0,1723.0,1723.0,1168.0,501.0,1203.0,514.0
1.0,3284.0,1756.0,1673.0,1723.0,1768.0,1768.0,1171.0,502.0,1229.0,527.0
1.0,3251.0,1726.0,1673.0,1768.0,1726.0,1726.0,1171.0,502.0,1208.0,518.0
1.0,3293.0,1696.0,1671.0,1726.0,1690.0,1690.0,1170.0,501.0,1187.0,509.0
1.0,3323.0,1702.0,1673.0,1690.0,1708.0,1708.0,1171.0,502.0,1191.0,511.0
1.0,3311.0,1654.0,1673.0,1708.0,1654.0,1654.0,1171.0,502.0,1159.0,495.0
1.0,3365.0,1679.0,1674.0,1654.0,1682.0,1682.0,1172.0,502.0,1173.0,506.0
1.0,3340.0,1726.0,1677.0,1682.0,1735.0,1735.0,1174.0,503.0,1210.0,516.0
1.0,3296.0,1678.0,1678.0,1735.0,1681.0,1681.0,1175.0,503.0,1173.0,505.0
1.0,3353.0,1770.0,1680.0,1681.0,1776.0,1776.0,1176.0,504.0,1241.0,529.0
1.0,3264.0,1660.0,1680.0,1776.0,1660.0,1660.0,1176.0,504.0,1161.0,499.0
1.0,3380.0,1633.0,1677.0,1660.0,1624.0,1624.0,1174.0,503.0,1142.0,491.0
1.0,3407.0,1605.0,1676.0,1624.0,1602.0,1602.0,1173.0,503.0,1125.0,480.0
1.0,3426.0,1732.0,1678.0,1602.0,1738.0,1738.0,1175.0,503.0,1211.0,521.0
1.0,3296.0,1745.0,1680.0,1738.0,1751.0,1751.0,1176.0,504.0,1223.0,522.0
1.0,3289.0,1736.0,1683.0,1751.0,1745.0,1745.0,1178.0,505.0,1214.0,522.0
1.0,3304.0,1697.0,1683.0,1745.0,1697.0,1697.0,1178.0,505.0,1188.0,509.0
1.0,3352.0,1606.0,1681.0,1697.0,1600.0,1600.0,1177.0,504.0,1123.0,483.0
1.0,3443.0,1712.0,1681.0,1600.0,1712.0,1712.0,1177.0,504.0,1199.0,513.0
1.0,3331.0,1724.0,1682.0,1712.0,1727.0,1727.0,1177.0,505.0,1207.0,517.0
1.0,3319.0,1735.0,1684.0,1727.0,1741.0,1741.0,1179.0,505.0,1214.0,521.0
1.0,3311.0,1700.0,1685.0,1741.0,1703.0,1703.0,1179.0,506.0,1190.0,510.0
1.0,3352.0,1734.0,1687.0,1703.0,1740.0,1740.0,1181.0,506.0,1215.0,519.0
1.0,3321.0,1730.0,1687.0,1740.0,1730.0,1730.0,1181.0,506.0,1210.0,520.0
1.0,3331.0,1736.0,1689.0,1730.0,1742.0,1742.0,1182.0,507.0,1216.0,520.0
1.0,3325.0,1566.0,1686.0,1742.0,1557.0,1557.0,1180.0,506.0,1096.0,470.0
1.0,3501.0,1700.0,1686.0,1557.0,1700.0,1700.0,1180.0,506.0,1190.0,510.0
1.0,3358.0,1672.0,1686.0,1700.0,1672.0,1672.0,1180.0,506.0,1170.0,502.0
1.0,3386.0,1760.0,1687.0,1672.0,1763.0,1763.0,1181.0,506.0,1232.0,528.0
1.0,3298.0,1771.0,1690.0,1763.0,1780.0,1780.0,1183.0,507.0,1241.0,530.0
1.0,3290.0,1747.0,1691.0,1780.0,1750.0,1750.0,1184.0,507.0,1223.0,524.0
1.0,3323.0,1694.0,1691.0,1750.0,1694.0,1694.0,1184.0,507.0,1186.0,508.0
1.0,3379.0,1724.0,1692.0,1694.0,1727.0,1727.0,1184.0,508.0,1207.0,517.0
1.0,3349.0,1741.0,1693.0,1727.0,1744.0,1744.0,1185.0,508.0,1220.0,521.0
1.0,3335.0,1706.0,1693.0,1744.0,1706.0,1706.0,1185.0,508.0,1194.0,512.0
1.0,3373.0,1717.0,1694.0,1706.0,1720.0,1720.0,1186.0,508.0,1201.0,516.0
1.0,3362.0,1669.0,1696.0,1720.0,1675.0,1675.0,1187.0,509.0,1169.0,500.0
1.0,3413.0,1693.0,1696.0,1675.0,1693.0,1693.0,1187.0,509.0,1184.0,509.0
1.0,3395.0,1687.0,1694.0,1693.0,1681.0,1681.0,1186.0,508.0,1181.0,506.0
1.0,3401.0,1724.0,1694.0,1681.0,1724.0,1724.0,1186.0,508.0,1207.0,517.0
1.0,3358.0,1641.0,1694.0,1724.0,1641.0,1641.0,1186.0,508.0,1148.0,493.0
1.0,3441.0,1665.0,1696.0,1641.0,1671.0,1671.0,1187.0,509.0,1166.0,499.0
1.0,3417.0,1747.0,1698.0,1671.0,1753.0,1753.0,1189.0,509.0,1223.0,524.0
1.0,3341.0,1699.0,1698.0,1753.0,1699.0,1699.0,1189.0,509.0,1189.0,510.0
1.0,3395.0,1692.0,1699.0,1699.0,1695.0,1695.0,1189.0,510.0,1185.0,507.0
1.0,3402.0,1707.0,1699.0,1695.0,1707.0,1707.0,1189.0,510.0,1195.0,512.0
1.0,3390.0,1610.0,1697.0,1707.0,1604.0,1604.0,1188.0,509.0,1126.0,484.0
1.0,3487.0,1634.0,1697.0,1604.0,1634.0,1634.0,1188.0,509.0,1145.0,489.0
1.0,3457.0,1720.0,1697.0,1634.0,1720.0,1720.0,1188.0,509.0,1203.0,517.0
1.0,3371.0,1779.0,1700.0,1720.0,1788.0,1788.0,1190.0,510.0,1245.0,534.0
1.0,3312.0,1703.0,1702.0,1788.0,1709.0,1709.0,1191.0,511.0,1193.0,510.0
1.0,3397.0,1730.0,1701.0,1709.0,1727.0,1727.0,1191.0,510.0,1211.0,519.0
1.0,3376.0,1671.0,1701.0,1727.0,1671.0,1671.0,1191.0,510.0,1169.0,502.0
1.0,3432.0,1675.0,1699.0,1671.0,1669.0,1669.0,1189.0,510.0,1174.0,501.0
1.0,3428.0,1741.0,1700.0,1669.0,1744.0,1744.0,1190.0,510.0,1220.0,521.0
1.0,3356.0,1660.0,1699.0,1744.0,1657.0,1657.0,1189.0,510.0,1161.0,499.0
1.0,3440.0,1706.0,1699.0,1657.0,1706.0,1706.0,1189.0,510.0,1194.0,512.0
1.0,3391.0,1733.0,1700.0,1706.0,1736.0,1736.0,1190.0,510.0,1212.0,521.0
1.0,3364.0,1734.0,1701.0,1736.0,1737.0,1737.0,1191.0,510.0,1215.0,519.0
1.0,3366.0,1731.0,1701.0,1737.0,1731.0,1731.0,1191.0,510.0,1212.0,519.0
1.0,3372.0,1659.0,1701.0,1731.0,1659.0,1659.0,1191.0,510.0,1161.0,498.0
1.0,3444.0,1657.0,1699.0,1659.0,1651.0,1651.0,1189.0,510.0,1161.0,496.0
1.0,3446.0,1717.0,1700.0,1651.0,1720.0,1720.0,1190.0,510.0,1200.0,517.0
1.0,3380.0,1760.0,1703.0,1720.0,1769.0,1769.0,1192.0,511.0,1234.0,526.0
1.0,3340.0,1719.0,1704.0,1769.0,1722.0,1722.0,1193.0,511.0,1202.0,517.0
1.0,3390.0,1806.0,1706.0,1722.0,1812.0,1812.0,1194.0,512.0,1265.0,541.0
1.0,3306.0,1714.0,1706.0,1812.0,1714.0,1714.0,1194.0,512.0,1200.0,514.0
1.0,3404.0,1760.0,1706.0,1714.0,1760.0,1760.0,1194.0,512.0,1232.0,528.0
1.0,3358.0,1733.0,1707.0,1760.0,1736.0,1736.0,1195.0,512.0,1212.0,521.0
1.0,3385.0,1769.0,1710.0,1736.0,1778.0,1778.0,1197.0,513.0,1240.0,529.0
1.0,3352.0,1802.0,1711.0,1778.0,1805.0,1805.0,1198.0,513.0,1260.0,542.0
1.0,3328.0,1740.0,1712.0,1805.0,1743.0,1743.0,1198.0,514.0,1218.0,522.0
1.0,3393.0,1747.0,1713.0,1743.0,1750.0,1750.0,1199.0,514.0,1223.0,524.0
1.0,3389.0,1736.0,1713.0,1750.0,1736.0,1736.0,1199.0,514.0,1216.0,520.0
1.0,3403.0,1610.0,1710.0,1736.0,1601.0,1601.0,1197.0,513.0,1125.0,485.0
1.0,3529.0,1673.0,1710.0,1601.0,1673.0,1673.0,1197.0,513.0,1173.0,500.0
1.0,3457.0,1687.0,1708.0,1673.0,1681.0,1681.0,1196.0,512.0,1180.0,507.0
1.0,3443.0,1794.0,1713.0,1681.0,1809.0,1809.0,1199.0,514.0,1256.0,538.0
1.0,3330.0,1720.0,1713.0,1809.0,1720.0,1720.0,1199.0,514.0,1204.0,516.0
1.0,3419.0,1760.0,1714.0,1720.0,1763.0,1763.0,1200.0,514.0,1231.0,529.0
1.0,3379.0,1759.0,1714.0,1763.0,1759.0,1759.0,1200.0,514.0,1231.0,528.0
1.0,3383.0,1697.0,1713.0,1759.0,1694.0,1694.0,1199.0,514.0,1187.0,510.0
1.0,3445.0,1679.0,1713.0,1694.0,1679.0,1679.0,1199.0,514.0,1177.0,502.0
1.0,3460.0,1809.0,1714.0,1679.0,1812.0,1812.0,1200.0,514.0,1265.0,544.0
1.0,3330.0,1762.0,1716.0,1812.0,1768.0,1768.0,1201.0,515.0,1234.0,528.0
1.0,3380.0,1783.0,1716.0,1768.0,1783.0,1783.0,1201.0,515.0,1248.0,535.0
1.0,3365.0,1766.0,1717.0,1783.0,1769.0,1769.0,1202.0,515.0,1235.0,531.0
1.0,3382.0,1658.0,1716.0,1769.0,1655.0,1655.0,1201.0,515.0,1162.0,496.0
1.0,3493.0,1699.0,1717.0,1655.0,1702.0,1702.0,1202.0,515.0,1188.0,511.0
1.0,3449.0,1703.0,1717.0,1702.0,1703.0,1703.0,1202.0,515.0,1192.0,511.0
1.0,3448.0,1760.0,1718.0,1703.0,1763.0,1763.0,1203.0,515.0,1233.0,527.0
1.0,3391.0,1797.0,1720.0,1763.0,1803.0,1803.0,1204.0,516.0,1259.0,538.0
1.0,3357.0,1810.0,1723.0,1803.0,1819.0,1819.0,1206.0,517.0,1267.0,543.0
1.0,3350.0,1725.0,1724.0,1819.0,1728.0,1728.0,1207.0,517.0,1206.0,519.0
1.0,3444.0,1776.0,1724.0,1728.0,1776.0,1776.0,1207.0,517.0,1243.0,533.0
1.0,3396.0,1727.0,1725.0,1776.0,1730.0,1730.0,1207.0,518.0,1209.0,518.0
1.0,3445.0,1715.0,1726.0,1730.0,1718.0,1718.0,1208.0,518.0,1201.0,514.0
1.0,3460.0,1734.0,1726.0,1718.0,1734.0,1734.0,1208.0,518.0,1214.0,520.0
1.0,3444.0,1789.0,1730.0,1734.0,1801.0,1801.0,1211.0,519.0,1252.0,537.0
1.0,3389.0,1803.0,1733.0,1801.0,1812.0,1812.0,1213.0,520.0,1262.0,541.0
1.0,3387.0,1712.0,1733.0,1812.0,1712.0,1712.0,1213.0,520.0,1198.0,514.0
1.0,3487.0,1742.0,1732.0,1712.0,1739.0,1739.0,1212.0,520.0,1219.0,523.0
1.0,3457.0,1687.0,1731.0,1739.0,1684.0,1684.0,1212.0,519.0,1181.0,506.0
1.0,3509.0,1694.0,1731.0,1684.0,1694.0,1694.0,1212.0,519.0,1185.0,509.0
1.0,3499.0,1734.0,1732.0,1694.0,1737.0,1737.0,1212.0,520.0,1215.0,519.0
1.0,3459.0,1813.0,1734.0,1737.0,1819.0,1819.0,1214.0,520.0,1269.0,544.0
1.0,3383.0,1790.0,1736.0,1819.0,1796.0,1796.0,1215.0,521.0,1253.0,537.0
1.0,3412.0,1830.0,1739.0,1796.0,1839.0,1839.0,1217.0,522.0,1282.0,548.0
1.0,3378.0,1747.0,1740.0,1839.0,1750.0,1750.0,1218.0,522.0,1223.0,524.0
1.0,3470.0,1760.0,1740.0,1750.0,1760.0,1760.0,1218.0,522.0,1233.0,527.0
1.0,3460.0,1688.0,1739.0,1760.0,1685.0,1685.0,1217.0,522.0,1181.0,507.0
1.0,3532.0,1803.0,1740.0,1685.0,1806.0,1806.0,1218.0,522.0,1261.0,542.0
1.0,3414.0,1681.0,1741.0,1806.0,1684.0,1684.0,1219.0,522.0,1177.0,504.0
1.0,3539.0,1749.0,1743.0,1684.0,1755.0,1755.0,1220.0,523.0,1225.0,524.0
1.0,3474.0,1763.0,1744.0,1755.0,1766.0,1766.0,1221.0,523.0,1235.0,528.0
1.0,3466.0,1760.0,1744.0,1766.0,1760.0,1760.0,1221.0,523.0,1232.0,528.0
1.0,3472.0,1654.0,1743.0,1760.0,1651.0,1651.0,1220.0,523.0,1157.0,497.0
1.0,3578.0,1726.0,1741.0,1651.0,1720.0,1720.0,1219.0,522.0,1207.0,519.0
1.0,3503.0,1823.0,1743.0,1720.0,1829.0,1829.0,1220.0,523.0,1278.0,545.0
1.0,3400.0,1806.0,1744.0,1829.0,1809.0,1809.0,1221.0,523.0,1262.0,544.0
1.0,3423.0,1770.0,1744.0,1809.0,1770.0,1770.0,1221.0,523.0,1240.0,530.0
1.0,3462.0,1800.0,1746.0,1770.0,1806.0,1806.0,1222.0,524.0,1260.0,540.0
1.0,3432.0,1684.0,1743.0,1806.0,1675.0,1675.0,1220.0,523.0,1180.0,504.0
1.0,3554.0,1719.0,1743.0,1675.0,1719.0,1719.0,1220.0,523.0,1203.0,516.0
1.0,3510.0,1690.0,1741.0,1719.0,1684.0,1684.0,1219.0,522.0,1182.0,508.0
1.0,3539.0,1762.0,1742.0,1684.0,1765.0,1765.0,1219.0,523.0,1233.0,529.0
1.0,3461.0,1793.0,1746.0,1765.0,1805.0,1805.0,1222.0,524.0,1255.0,538.0
1.0,3433.0,1902.0,1750.0,1805.0,1914.0,1914.0,1225.0,525.0,1332.0,570.0
1.0,3336.0,1720.0,1750.0,1914.0,1720.0,1720.0,1225.0,525.0,1205.0,515.0
1.0,3530.0,1780.0,1750.0,1720.0,1780.0,1780.0,1225.0,525.0,1246.0,534.0
1.0,3470.0,1707.0,1750.0,1780.0,1707.0,1707.0,1225.0,525.0,1195.0,512.0
1.0,3543.0,1706.0,1749.0,1707.0,1703.0,1703.0,1224.0,525.0,1193.0,513.0
1.0,3544.0,1817.0,1750.0,1703.0,1820.0,1820.0,1225.0,525.0,1273.0,544.0
1.0,3430.0,1797.0,1752.0,1820.0,1803.0,1803.0,1226.0,526.0,1257.0,540.0
1.0,3453.0,1833.0,1754.0,1803.0,1839.0,1839.0,1228.0,526.0,1283.0,550.0
1.0,3423.0,1802.0,1754.0,1839.0,1802.0,1802.0,1228.0,526.0,1261.0,541.0
1.0,3460.0,1766.0,1754.0,1802.0,1766.0,1766.0,1228.0,526.0,1236.0,530.0
1.0,3496.0,1733.0,1754.0,1766.0,1733.0,1733.0,1228.0,526.0,1212.0,521.0
1.0,3529.0,1678.0,1753.0,1733.0,1675.0,1675.0,1227.0,526.0,1176.0,502.0
1.0,3584.0,1789.0,1754.0,1675.0,1792.0,1792.0,1228.0,526.0,1252.0,537.0
1.0,3470.0,1789.0,1757.0,1792.0,1798.0,1798.0,1230.0,527.0,1253.0,536.0
1.0,3473.0,1846.0,1760.0,1798.0,1855.0,1855.0,1232.0,528.0,1292.0,554.0
1.0,3425.0,1782.0,1760.0,1855.0,1782.0,1782.0,1232.0,528.0,1247.0,535.0
1.0,3498.0,1737.0,1759.0,1782.0,1734.0,1734.0,1231.0,528.0,1215.0,522.0
1.0,3543.0,1744.0,1757.0,1734.0,1738.0,1738.0,1230.0,527.0,1221.0,523.0
1.0,3533.0,1752.0,1757.0,1738.0,1752.0,1752.0,1230.0,527.0,1226.0,526.0
1.0,3519.0,1798.0,1758.0,1752.0,1801.0,1801.0,1231.0,527.0,1259.0,539.0
1.0,3473.0,1842.0,1760.0,1801.0,1848.0,1848.0,1232.0,528.0,1289.0,553.0
1.0,3432.0,1809.0,1763.0,1848.0,1818.0,1818.0,1234.0,529.0,1267.0,542.0
1.0,3471.0,1749.0,1763.0,1818.0,1749.0,1749.0,1234.0,529.0,1224.0,525.0
1.0,3540.0,1770.0,1762.0,1749.0,1767.0,1767.0,1233.0,529.0,1239.0,531.0
1.0,3519.0,1782.0,1762.0,1767.0,1782.0,1782.0,1233.0,529.0,1247.0,535.0
1.0,3504.0,1784.0,1763.0,1782.0,1787.0,1787.0,1234.0,529.0,1250.0,534.0
1.0,3502.0,1760.0,1763.0,1787.0,1760.0,1760.0,1234.0,529.0,1232.0,528.0
1.0,3529.0,1778.0,1766.0,1760.0,1787.0,1787.0,1236.0,530.0,1243.0,535.0
1.0,3511.0,1829.0,1767.0,1787.0,1832.0,1832.0,1237.0,530.0,1280.0,549.0
1.0,3469.0,1846.0,1770.0,1832.0,1855.0,1855.0,1239.0,531.0,1293.0,553.0
1.0,3455.0,1773.0,1769.0,1855.0,1770.0,1770.0,1238.0,531.0,1241.0,532.0
1.0,3537.0,1759.0,1769.0,1770.0,1759.0,1759.0,1238.0,531.0,1231.0,528.0
1.0,3548.0,1800.0,1768.0,1759.0,1797.0,1797.0,1238.0,530.0,1259.0,541.0
1.0,3507.0,1767.0,1769.0,1797.0,1770.0,1770.0,1238.0,531.0,1238.0,529.0
1.0,3537.0,1852.0,1770.0,1770.0,1855.0,1855.0,1239.0,531.0,1295.0,557.0
1.0,3455.0,1885.0,1774.0,1855.0,1897.0,1897.0,1242.0,532.0,1319.0,566.0
1.0,3425.0,1830.0,1774.0,1897.0,1830.0,1830.0,1242.0,532.0,1282.0,548.0
1.0,3492.0,1783.0,1776.0,1830.0,1789.0,1789.0,1243.0,533.0,1249.0,534.0
1.0,3539.0,1746.0,1776.0,1789.0,1746.0,1746.0,1243.0,533.0,1222.0,524.0
1.0,3582.0,1802.0,1777.0,1746.0,1805.0,1805.0,1244.0,533.0,1260.0,542.0
1.0,3526.0,1791.0,1777.0,1805.0,1791.0,1791.0,1244.0,533.0,1254.0,537.0
1.0,3540.0,1865.0,1782.0,1791.0,1880.0,1880.0,1247.0,535.0,1306.0,559.0
1.0,3466.0,1783.0,1783.0,1880.0,1786.0,1786.0,1248.0,535.0,1248.0,535.0
1.0,3563.0,1817.0,1783.0,1786.0,1817.0,1817.0,1248.0,535.0,1272.0,545.0
1.0,3532.0,1733.0,1781.0,1817.0,1727.0,1727.0,1247.0,534.0,1212.0,521.0
1.0,3616.0,1760.0,1781.0,1727.0,1760.0,1760.0,1247.0,534.0,1232.0,528.0
1.0,3583.0,1839.0,1782.0,1760.0,1842.0,1842.0,1247.0,535.0,1288.0,551.0
1.0,3504.0,1840.0,1785.0,1842.0,1849.0,1849.0,1249.0,536.0,1288.0,552.0
1.0,3506.0,1883.0,1788.0,1849.0,1892.0,1892.0,1252.0,536.0,1318.0,565.0
1.0,3472.0,1830.0,1791.0,1892.0,1839.0,1839.0,1254.0,537.0,1283.0,547.0
1.0,3534.0,1780.0,1791.0,1839.0,1780.0,1780.0,1254.0,537.0,1244.0,536.0
1.0,3593.0,1737.0,1790.0,1780.0,1734.0,1734.0,1253.0,537.0,1217.0,520.0
1.0,3636.0,1705.0,1786.0,1734.0,1693.0,1693.0,1250.0,536.0,1194.0,511.0
1.0,3665.0,1730.0,1786.0,1693.0,1730.0,1730.0,1250.0,536.0,1211.0,519.0
1.0,3628.0,1757.0,1786.0,1730.0,1757.0,1757.0,1250.0,536.0,1230.0,527.0
1.0,3601.0,1840.0,1789.0,1757.0,1849.0,1849.0,1252.0,537.0,1287.0,553.0
1.0,3518.0,1885.0,1792.0,1849.0,1894.0,1894.0,1254.0,538.0,1320.0,565.0
1.0,3482.0,1763.0,1791.0,1894.0,1760.0,1760.0,1254.0,537.0,1233.0,530.0
1.0,3613.0,1747.0,1790.0,1760.0,1744.0,1744.0,1253.0,537.0,1224.0,523.0
1.0,3626.0,1800.0,1790.0,1744.0,1800.0,1800.0,1253.0,537.0,1260.0,540.0
1.0,3570.0,1734.0,1788.0,1800.0,1728.0,1728.0,1252.0,536.0,1213.0,521.0
1.0,3636.0,1799.0,1789.0,1728.0,1802.0,1802.0,1252.0,537.0,1260.0,539.0
1.0,3565.0,1893.0,1792.0,1802.0,1902.0,1902.0,1254.0,538.0,1325.0,568.0
1.0,3474.0,1848.0,1795.0,1902.0,1857.0,1857.0,1256.0,539.0,1293.0,555.0
1.0,3528.0,1802.0,1796.0,1857.0,1805.0,1805.0,1257.0,539.0,1261.0,541.0
1.0,3583.0,1784.0,1796.0,1805.0,1784.0,1784.0,1257.0,539.0,1249.0,535.0
1.0,3604.0,1743.0,1793.0,1784.0,1734.0,1734.0,1255.0,538.0,1221.0,522.0
1.0,3645.0,1778.0,1793.0,1734.0,1778.0,1778.0,1255.0,538.0,1245.0,533.0
1.0,3601.0,1859.0,1796.0,1778.0,1868.0,1868.0,1257.0,539.0,1300.0,559.0
1.0,3520.0,1807.0,1797.0,1868.0,1810.0,1810.0,1258.0,539.0,1266.0,541.0
1.0,3581.0,1875.0,1799.0,1810.0,1881.0,1881.0,1259.0,540.0,1312.0,563.0
1.0,3516.0,1817.0,1800.0,1881.0,1820.0,1820.0,1260.0,540.0,1272.0,545.0
1.0,3580.0,1744.0,1797.0,1820.0,1735.0,1735.0,1258.0,539.0,1220.0,524.0
1.0,3656.0,1767.0,1797.0,1735.0,1767.0,1767.0,1258.0,539.0,1238.0,529.0
1.0,3624.0,1757.0,1797.0,1767.0,1757.0,1757.0,1258.0,539.0,1230.0,527.0
1.0,3634.0,1826.0,1798.0,1757.0,1829.0,1829.0,1259.0,539.0,1277.0,549.0
1.0,3565.0,1823.0,1799.0,1829.0,1826.0,1826.0,1259.0,540.0,1277.0,546.0
1.0,3571.0,1882.0,1800.0,1826.0,1885.0,1885.0,1260.0,540.0,1316.0,566.0
1.0,3515.0,1784.0,1801.0,1885.0,1787.0,1787.0,1261.0,540.0,1249.0,535.0
1.0,3616.0,1809.0,1802.0,1787.0,1812.0,1812.0,1261.0,541.0,1267.0,542.0
1.0,3594.0,1807.0,1801.0,1812.0,1804.0,1804.0,1261.0,540.0,1265.0,542.0
1.0,3599.0,1846.0,1801.0,1804.0,1846.0,1846.0,1261.0,540.0,1292.0,554.0
1.0,3557.0,1834.0,1803.0,1846.0,1840.0,1840.0,1262.0,541.0,1284.0,550.0
1.0,3569.0,1875.0,1804.0,1840.0,1878.0,1878.0,1263.0,541.0,1312.0,563.0
1.0,3534.0,1879.0,1806.0,1878.0,1885.0,1885.0,1264.0,542.0,1316.0,563.0
1.0,3533.0,1768.0,1806.0,1885.0,1768.0,1768.0,1264.0,542.0,1238.0,530.0
1.0,3650.0,1727.0,1804.0,1768.0,1721.0,1721.0,1263.0,541.0,1207.0,520.0
1.0,3691.0,1795.0,1802.0,1721.0,1789.0,1789.0,1261.0,541.0,1258.0,537.0
1.0,3617.0,1780.0,1801.0,1789.0,1777.0,1777.0,1261.0,540.0,1246.0,534.0
1.0,3626.0,1743.0,1800.0,1777.0,1740.0,1740.0,1260.0,540.0,1219.0,524.0
1.0,3660.0,1853.0,1803.0,1740.0,1862.0,1862.0,1262.0,541.0,1299.0,554.0
1.0,3547.0,1837.0,1803.0,1862.0,1837.0,1837.0,1262.0,541.0,1286.0,551.0
1.0,3572.0,1879.0,1804.0,1837.0,1882.0,1882.0,1263.0,541.0,1314.0,565.0
1.0,3530.0,1761.0,1803.0,1882.0,1758.0,1758.0,1262.0,541.0,1234.0,527.0
1.0,3651.0,1799.0,1803.0,1758.0,1799.0,1799.0,1262.0,541.0,1257.0,542.0
1.0,3610.0,1817.0,1803.0,1799.0,1817.0,1817.0,1262.0,541.0,1272.0,545.0
1.0,3592.0,1872.0,1806.0,1817.0,1881.0,1881.0,1264.0,542.0,1312.0,560.0
1.0,3537.0,1859.0,1807.0,1881.0,1862.0,1862.0,1265.0,542.0,1300.0,559.0
1.0,3559.0,1840.0,1807.0,1862.0,1840.0,1840.0,1265.0,542.0,1288.0,552.0
1.0,3581.0,1829.0,1807.0,1840.0,1829.0,1829.0,1265.0,542.0,1280.0,549.0
1.0,3592.0,1872.0,1807.0,1829.0,1872.0,1872.0,1265.0,542.0,1310.0,562.0
1.0,3549.0,1859.0,1807.0,1872.0,1859.0,1859.0,1265.0,542.0,1302.0,557.0
1.0,3562.0,1721.0,1807.0,1859.0,1721.0,1721.0,1265.0,542.0,1204.0,517.0
1.0,3700.0,1895.0,1810.0,1721.0,1904.0,1904.0,1267.0,543.0,1326.0,569.0
1.0,3526.0,1935.0,1814.0,1904.0,1947.0,1947.0,1270.0,544.0,1355.0,580.0
1.0,3495.0,1850.0,1816.0,1947.0,1856.0,1856.0,1271.0,545.0,1296.0,554.0
1.0,3592.0,1895.0,1819.0,1856.0,1904.0,1904.0,1273.0,546.0,1326.0,569.0
1.0,3553.0,1810.0,1819.0,1904.0,1810.0,1810.0,1273.0,546.0,1267.0,543.0
1.0,3647.0,1790.0,1817.0,1810.0,1784.0,1784.0,1272.0,545.0,1252.0,538.0
1.0,3667.0,1860.0,1819.0,1784.0,1866.0,1866.0,1273.0,546.0,1303.0,557.0
1.0,3591.0,1817.0,1820.0,1866.0,1820.0,1820.0,1274.0,546.0,1273.0,544.0
1.0,3640.0,1889.0,1822.0,1820.0,1895.0,1895.0,1275.0,547.0,1321.0,568.0
1.0,3571.0,1882.0,1824.0,1895.0,1888.0,1888.0,1277.0,547.0,1317.0,565.0
1.0,3584.0,1877.0,1826.0,1888.0,1883.0,1883.0,1278.0,548.0,1315.0,562.0
1.0,3595.0,1774.0,1824.0,1883.0,1768.0,1768.0,1277.0,547.0,1240.0,534.0
1.0,3704.0,1796.0,1823.0,1768.0,1793.0,1793.0,1276.0,547.0,1259.0,537.0
1.0,3676.0,1800.0,1823.0,1793.0,1800.0,1800.0,1276.0,547.0,1260.0,540.0
1.0,3669.0,1813.0,1823.0,1800.0,1813.0,1813.0,1276.0,547.0,1269.0,544.0
1.0,3656.0,1920.0,1827.0,1813.0,1932.0,1932.0,1279.0,548.0,1344.0,576.0
1.0,3549.0,1883.0,1829.0,1932.0,1889.0,1889.0,1280.0,549.0,1318.0,565.0
1.0,3598.0,1917.0,1830.0,1889.0,1920.0,1920.0,1281.0,549.0,1342.0,575.0
1.0,3570.0,1860.0,1830.0,1920.0,1860.0,1860.0,1281.0,549.0,1301.0,559.0
1.0,3630.0,1798.0,1829.0,1860.0,1795.0,1795.0,1280.0,549.0,1260.0,538.0
1.0,3692.0,1861.0,1830.0,1795.0,1864.0,1864.0,1281.0,549.0,1304.0,557.0
1.0,3626.0,1895.0,1833.0,1864.0,1904.0,1904.0,1283.0,550.0,1326.0,569.0
1.0,3595.0,1833.0,1834.0,1904.0,1836.0,1836.0,1284.0,550.0,1281.0,552.0
1.0,3666.0,1896.0,1837.0,1836.0,1905.0,1905.0,1286.0,551.0,1329.0,567.0
1.0,3606.0,1849.0,1837.0,1905.0,1849.0,1849.0,1286.0,551.0,1293.0,556.0
1.0,3662.0,1926.0,1840.0,1849.0,1935.0,1935.0,1288.0,552.0,1349.0,577.0
1.0,3585.0,1819.0,1838.0,1935.0,1813.0,1813.0,1287.0,551.0,1272.0,547.0
1.0,3701.0,1790.0,1839.0,1813.0,1793.0,1793.0,1287.0,552.0,1253.0,537.0
1.0,3724.0,1872.0,1840.0,1793.0,1875.0,1875.0,1288.0,552.0,1311.0,561.0
1.0,3645.0,1985.0,1843.0,1875.0,1994.0,1994.0,1290.0,553.0,1389.0,596.0
1.0,3535.0,1912.0,1844.0,1994.0,1915.0,1915.0,1291.0,553.0,1337.0,575.0
1.0,3617.0,1811.0,1844.0,1915.0,1811.0,1811.0,1291.0,553.0,1270.0,541.0
1.0,3721.0,1905.0,1844.0,1811.0,1905.0,1905.0,1291.0,553.0,1331.0,574.0
1.0,3627.0,1801.0,1843.0,1905.0,1798.0,1798.0,1290.0,553.0,1262.0,539.0
1.0,3731.0,1796.0,1843.0,1798.0,1796.0,1796.0,1290.0,553.0,1258.0,538.0
1.0,3733.0,1850.0,1846.0,1796.0,1859.0,1859.0,1292.0,554.0,1294.0,556.0
1.0,3679.0,1917.0,1848.0,1859.0,1923.0,1923.0,1294.0,554.0,1342.0,575.0
1.0,3621.0,1962.0,1852.0,1923.0,1974.0,1974.0,1296.0,556.0,1373.0,589.0
1.0,3582.0,1910.0,1854.0,1974.0,1916.0,1916.0,1298.0,556.0,1337.0,573.0
1.0,3646.0,1889.0,1856.0,1916.0,1895.0,1895.0,1299.0,557.0,1323.0,566.0
1.0,3673.0,1813.0,1855.0,1895.0,1810.0,1810.0,1298.0,557.0,1268.0,545.0
1.0,3755.0,1852.0,1854.0,1810.0,1849.0,1849.0,1298.0,556.0,1296.0,556.0
1.0,3713.0,1893.0,1857.0,1849.0,1902.0,1902.0,1300.0,557.0,1327.0,566.0
1.0,3669.0,1926.0,1860.0,1902.0,1935.0,1935.0,1302.0,558.0,1347.0,579.0
1.0,3645.0,1862.0,1860.0,1935.0,1862.0,1862.0,1302.0,558.0,1304.0,558.0
1.0,3718.0,1860.0,1860.0,1862.0,1860.0,1860.0,1302.0,558.0,1302.0,558.0
1.0,3720.0,1826.0,1860.0,1860.0,1826.0,1826.0,1302.0,558.0,1278.0,548.0
1.0,3754.0,1843.0,1860.0,1826.0,1843.0,1843.0,1302.0,558.0,1290.0,553.0
1.0,3737.0,1779.0,1859.0,1843.0,1776.0,1776.0,1301.0,558.0,1244.0,535.0
1.0,3801.0,1872.0,1859.0,1776.0,1872.0,1872.0,1301.0,558.0,1310.0,562.0
1.0,3705.0,1867.0,1859.0,1872.0,1867.0,1867.0,1301.0,558.0,1307.0,560.0
1.0,3710.0,1988.0,1864.0,1867.0,2003.0,2003.0,1305.0,559.0,1392.0,596.0
1.0,3589.0,1866.0,1863.0,2003.0,1863.0,1863.0,1304.0,559.0,1306.0,560.0
1.0,3726.0,1897.0,1863.0,1863.0,1897.0,1897.0,1304.0,559.0,1328.0,569.0
1.0,3692.0,1806.0,1862.0,1897.0,1803.0,1803.0,1303.0,559.0,1263.0,543.0
1.0,3783.0,1807.0,1860.0,1803.0,1801.0,1801.0,1302.0,558.0,1266.0,541.0
1.0,3779.0,1890.0,1862.0,1801.0,1896.0,1896.0,1303.0,559.0,1322.0,568.0
1.0,3690.0,1876.0,1863.0,1896.0,1879.0,1879.0,1304.0,559.0,1314.0,562.0
1.0,3710.0,1889.0,1864.0,1879.0,1892.0,1892.0,1305.0,559.0,1323.0,566.0
1.0,3700.0,1900.0,1866.0,1892.0,1906.0,1906.0,1306.0,560.0,1329.0,571.0
1.0,3692.0,1900.0,1866.0,1906.0,1900.0,1900.0,1306.0,560.0,1330.0,570.0
1.0,3698.0,1856.0,1866.0,1900.0,1856.0,1856.0,1306.0,560.0,1299.0,557.0
1.0,3742.0,1830.0,1864.0,1856.0,1824.0,1824.0,1305.0,559.0,1280.0,550.0
1.0,3768.0,1923.0,1867.0,1824.0,1932.0,1932.0,1307.0,560.0,1348.0,575.0
1.0,3669.0,1950.0,1870.0,1932.0,1959.0,1959.0,1309.0,561.0,1365.0,585.0
1.0,3651.0,1922.0,1873.0,1959.0,1931.0,1931.0,1311.0,562.0,1345.0,577.0
1.0,3688.0,1910.0,1874.0,1931.0,1913.0,1913.0,1312.0,562.0,1338.0,572.0
1.0,3709.0,1771.0,1871.0,1913.0,1762.0,1762.0,1310.0,561.0,1238.0,533.0
1.0,3851.0,1849.0,1870.0,1762.0,1846.0,1846.0,1309.0,561.0,1294.0,555.0
1.0,3764.0,1850.0,1870.0,1846.0,1850.0,1850.0,1309.0,561.0,1296.0,554.0
1.0,3760.0,1924.0,1870.0,1850.0,1924.0,1924.0,1309.0,561.0,1346.0,578.0
1.0,3686.0,1923.0,1873.0,1924.0,1932.0,1932.0,1311.0,562.0,1347.0,576.0
1.0,3687.0,1852.0,1873.0,1932.0,1852.0,1852.0,1311.0,562.0,1296.0,556.0
1.0,3767.0,1916.0,1873.0,1852.0,1916.0,1916.0,1311.0,562.0,1342.0,574.0
1.0,3703.0,1966.0,1876.0,1916.0,1975.0,1975.0,1313.0,563.0,1375.0,591.0
1.0,3653.0,1843.0,1875.0,1975.0,1840.0,1840.0,1312.0,563.0,1290.0,553.0
1.0,3785.0,1813.0,1874.0,1840.0,1810.0,1810.0,1312.0,562.0,1268.0,545.0
1.0,3812.0,1919.0,1874.0,1810.0,1919.0,1919.0,1312.0,562.0,1343.0,576.0
1.0,3703.0,1912.0,1876.0,1919.0,1918.0,1918.0,1313.0,563.0,1339.0,573.0
1.0,3710.0,1923.0,1879.0,1918.0,1932.0,1932.0,1315.0,564.0,1346.0,577.0
1.0,3705.0,1929.0,1880.0,1932.0,1932.0,1932.0,1316.0,564.0,1351.0,578.0
1.0,3708.0,1889.0,1877.0,1932.0,1880.0,1880.0,1314.0,563.0,1321.0,568.0
1.0,3751.0,1869.0,1877.0,1880.0,1869.0,1869.0,1314.0,563.0,1307.0,562.0
1.0,3762.0,1872.0,1878.0,1869.0,1875.0,1875.0,1314.0,564.0,1311.0,561.0
1.0,3759.0,1856.0,1877.0,1875.0,1853.0,1853.0,1314.0,563.0,1298.0,558.0
1.0,3778.0,1909.0,1879.0,1853.0,1915.0,1915.0,1315.0,564.0,1338.0,571.0
1.0,3722.0,1909.0,1881.0,1915.0,1915.0,1915.0,1317.0,564.0,1335.0,574.0
1.0,3728.0,1976.0,1883.0,1915.0,1982.0,1982.0,1318.0,565.0,1383.0,593.0
1.0,3667.0,1818.0,1882.0,1982.0,1815.0,1815.0,1317.0,565.0,1274.0,544.0
1.0,3831.0,1942.0,1881.0,1815.0,1939.0,1939.0,1317.0,564.0,1359.0,583.0
1.0,3704.0,1858.0,1880.0,1939.0,1855.0,1855.0,1316.0,564.0,1300.0,558.0
1.0,3785.0,1884.0,1880.0,1855.0,1884.0,1884.0,1316.0,564.0,1319.0,565.0
1.0,3756.0,1904.0,1882.0,1884.0,1910.0,1910.0,1317.0,565.0,1334.0,570.0
1.0,3736.0,1896.0,1883.0,1910.0,1899.0,1899.0,1318.0,565.0,1328.0,568.0
1.0,3750.0,1849.0,1882.0,1899.0,1846.0,1846.0,1317.0,565.0,1293.0,556.0
1.0,3800.0,1864.0,1881.0,1846.0,1861.0,1861.0,1317.0,564.0,1305.0,559.0
1.0,3782.0,1882.0,1881.0,1861.0,1882.0,1882.0,1317.0,564.0,1317.0,565.0
1.0,3761.0,1873.0,1882.0,1882.0,1876.0,1876.0,1317.0,565.0,1311.0,562.0
1.0,3770.0,1886.0,1883.0,1876.0,1889.0,1889.0,1318.0,565.0,1321.0,565.0
1.0,3760.0,1897.0,1883.0,1889.0,1897.0,1897.0,1318.0,565.0,1326.0,571.0
1.0,3752.0,1892.0,1886.0,1897.0,1901.0,1901.0,1320.0,566.0,1326.0,566.0
1.0,3757.0,1848.0,1886.0,1901.0,1848.0,1848.0,1320.0,566.0,1294.0,554.0
1.0,3810.0,1916.0,1886.0,1848.0,1916.0,1916.0,1320.0,566.0,1341.0,575.0
1.0,3742.0,1884.0,1884.0,1916.0,1878.0,1878.0,1319.0,565.0,1318.0,566.0
1.0,3774.0,1883.0,1884.0,1878.0,1883.0,1883.0,1319.0,565.0,1318.0,565.0
1.0,3769.0,1943.0,1886.0,1883.0,1949.0,1949.0,1320.0,566.0,1361.0,582.0
1.0,3709.0,1952.0,1889.0,1949.0,1961.0,1961.0,1322.0,567.0,1366.0,586.0
1.0,3706.0,2000.0,1892.0,1961.0,2009.0,2009.0,1324.0,568.0,1400.0,600.0
1.0,3667.0,1923.0,1893.0,2009.0,1926.0,1926.0,1325.0,568.0,1347.0,576.0
1.0,3753.0,1857.0,1893.0,1926.0,1857.0,1857.0,1325.0,568.0,1299.0,558.0
1.0,3822.0,1856.0,1892.0,1857.0,1853.0,1853.0,1324.0,568.0,1299.0,557.0
1.0,3823.0,1884.0,1891.0,1853.0,1881.0,1881.0,1324.0,567.0,1319.0,565.0
1.0,3792.0,1927.0,1892.0,1881.0,1930.0,1930.0,1324.0,568.0,1349.0,578.0
1.0,3746.0,1889.0,1893.0,1930.0,1892.0,1892.0,1325.0,568.0,1323.0,566.0
1.0,3787.0,1947.0,1894.0,1892.0,1950.0,1950.0,1326.0,568.0,1362.0,585.0
1.0,3732.0,1970.0,1896.0,1950.0,1976.0,1976.0,1327.0,569.0,1380.0,590.0
1.0,3712.0,1910.0,1895.0,1976.0,1907.0,1907.0,1326.0,569.0,1336.0,574.0
1.0,3778.0,1838.0,1893.0,1907.0,1832.0,1832.0,1325.0,568.0,1286.0,552.0
1.0,3847.0,1785.0,1891.0,1832.0,1779.0,1779.0,1324.0,567.0,1251.0,534.0
1.0,3894.0,1942.0,1894.0,1779.0,1951.0,1951.0,1326.0,568.0,1359.0,583.0
1.0,3731.0,1992.0,1897.0,1951.0,2001.0,2001.0,1328.0,569.0,1394.0,598.0
1.0,3690.0,2020.0,1900.0,2001.0,2029.0,2029.0,1330.0,570.0,1414.0,606.0
1.0,3671.0,1909.0,1900.0,2029.0,1909.0,1909.0,1330.0,570.0,1336.0,573.0
1.0,3791.0,1920.0,1900.0,1909.0,1920.0,1920.0,1330.0,570.0,1344.0,576.0
1.0,3780.0,1934.0,1901.0,1920.0,1937.0,1937.0,1331.0,570.0,1355.0,579.0
1.0,3766.0,1910.0,1901.0,1937.0,1910.0,1910.0,1331.0,570.0,1337.0,573.0
1.0,3793.0,1899.0,1900.0,1910.0,1896.0,1896.0,1330.0,570.0,1328.0,571.0
1.0,3804.0,1930.0,1902.0,1896.0,1936.0,1936.0,1331.0,571.0,1352.0,578.0
1.0,3770.0,1982.0,1905.0,1936.0,1991.0,1991.0,1333.0,572.0,1387.0,595.0
1.0,3724.0,1872.0,1904.0,1991.0,1869.0,1869.0,1333.0,571.0,1310.0,562.0
1.0,3843.0,1907.0,1904.0,1869.0,1907.0,1907.0,1333.0,571.0,1335.0,572.0
1.0,3805.0,1855.0,1903.0,1907.0,1852.0,1852.0,1332.0,571.0,1300.0,555.0
1.0,3857.0,1914.0,1903.0,1852.0,1914.0,1914.0,1332.0,571.0,1340.0,574.0
1.0,3795.0,1899.0,1903.0,1914.0,1899.0,1899.0,1332.0,571.0,1329.0,570.0
1.0,3810.0,1917.0,1903.0,1899.0,1917.0,1917.0,1332.0,571.0,1340.0,577.0
1.0,3792.0,1904.0,1904.0,1917.0,1907.0,1907.0,1333.0,571.0,1334.0,570.0
1.0,3805.0,2010.0,1907.0,1907.0,2019.0,2019.0,1335.0,572.0,1407.0,603.0
1.0,3702.0,1934.0,1907.0,2019.0,1934.0,1934.0,1335.0,572.0,1354.0,580.0
1.0,3787.0,1862.0,1907.0,1934.0,1862.0,1862.0,1335.0,572.0,1303.0,559.0
1.0,3859.0,1863.0,1904.0,1862.0,1854.0,1854.0,1333.0,571.0,1304.0,559.0
1.0,3858.0,1866.0,1906.0,1854.0,1872.0,1872.0,1334.0,572.0,1307.0,559.0
1.0,3846.0,1926.0,1906.0,1872.0,1926.0,1926.0,1334.0,572.0,1348.0,578.0
1.0,3792.0,1902.0,1906.0,1926.0,1902.0,1902.0,1334.0,572.0,1331.0,571.0
1.0,3816.0,1978.0,1907.0,1902.0,1981.0,1981.0,1335.0,572.0,1383.0,595.0
1.0,3740.0,1896.0,1907.0,1981.0,1896.0,1896.0,1335.0,572.0,1327.0,569.0
1.0,3825.0,1912.0,1907.0,1896.0,1912.0,1912.0,1335.0,572.0,1338.0,574.0
1.0,3809.0,1850.0,1908.0,1912.0,1853.0,1853.0,1336.0,572.0,1295.0,555.0
1.0,3871.0,1963.0,1910.0,1853.0,1969.0,1969.0,1337.0,573.0,1376.0,587.0
1.0,3761.0,1986.0,1912.0,1969.0,1992.0,1992.0,1338.0,574.0,1389.0,597.0
1.0,3744.0,1999.0,1914.0,1992.0,2005.0,2005.0,1340.0,574.0,1399.0,600.0
1.0,3737.0,1961.0,1916.0,2005.0,1967.0,1967.0,1341.0,575.0,1374.0,587.0
1.0,3781.0,1930.0,1916.0,1967.0,1930.0,1930.0,1341.0,575.0,1351.0,579.0
1.0,3818.0,1890.0,1916.0,1930.0,1890.0,1890.0,1341.0,575.0,1323.0,567.0
1.0,3858.0,1895.0,1917.0,1890.0,1898.0,1898.0,1342.0,575.0,1325.0,570.0
1.0,3853.0,1937.0,1917.0,1898.0,1937.0,1937.0,1342.0,575.0,1356.0,581.0
1.0,3814.0,1999.0,1920.0,1937.0,2008.0,2008.0,1344.0,576.0,1400.0,599.0
1.0,3752.0,1986.0,1922.0,2008.0,1992.0,1992.0,1345.0,577.0,1390.0,596.0
1.0,3774.0,2029.0,1923.0,1992.0,2032.0,2032.0,1346.0,577.0,1421.0,608.0
1.0,3737.0,1916.0,1923.0,2032.0,1916.0,1916.0,1346.0,577.0,1341.0,575.0
1.0,3853.0,1924.0,1921.0,1916.0,1918.0,1918.0,1345.0,576.0,1346.0,578.0
1.0,3845.0,1920.0,1921.0,1918.0,1920.0,1920.0,1345.0,576.0,1344.0,576.0
1.0,3843.0,1906.0,1922.0,1920.0,1909.0,1909.0,1345.0,577.0,1334.0,572.0
1.0,3857.0,1977.0,1924.0,1909.0,1983.0,1983.0,1347.0,577.0,1384.0,593.0
1.0,3789.0,2080.0,1928.0,1983.0,2092.0,2092.0,1350.0,578.0,1456.0,624.0
1.0,3692.0,1974.0,1929.0,2092.0,1977.0,1977.0,1350.0,579.0,1383.0,591.0
1.0,3810.0,1926.0,1930.0,1977.0,1929.0,1929.0,1351.0,579.0,1348.0,578.0
1.0,3861.0,1933.0,1930.0,1929.0,1933.0,1933.0,1351.0,579.0,1353.0,580.0
1.0,3857.0,2016.0,1930.0,1933.0,2016.0,2016.0,1351.0,579.0,1410.0,606.0
1.0,3774.0,1950.0,1931.0,2016.0,1953.0,1953.0,1352.0,579.0,1365.0,585.0
1.0,3840.0,1967.0,1934.0,1953.0,1976.0,1976.0,1354.0,580.0,1379.0,588.0
1.0,3826.0,2043.0,1939.0,1976.0,2058.0,2058.0,1357.0,582.0,1429.0,614.0
1.0,3759.0,1960.0,1939.0,2058.0,1960.0,1960.0,1357.0,582.0,1373.0,587.0
1.0,3857.0,1989.0,1939.0,1960.0,1989.0,1989.0,1357.0,582.0,1392.0,597.0
1.0,3828.0,1923.0,1937.0,1989.0,1917.0,1917.0,1356.0,581.0,1344.0,579.0
1.0,3894.0,1920.0,1937.0,1917.0,1920.0,1920.0,1356.0,581.0,1345.0,575.0
1.0,3891.0,1989.0,1939.0,1920.0,1995.0,1995.0,1357.0,582.0,1393.0,596.0
1.0,3822.0,1982.0,1940.0,1995.0,1985.0,1985.0,1358.0,582.0,1387.0,595.0
1.0,3835.0,1993.0,1941.0,1985.0,1996.0,1996.0,1359.0,582.0,1394.0,599.0
1.0,3827.0,1929.0,1942.0,1996.0,1932.0,1932.0,1359.0,583.0,1351.0,578.0
1.0,3894.0,1944.0,1942.0,1932.0,1944.0,1944.0,1359.0,583.0,1361.0,583.0
1.0,3882.0,1921.0,1941.0,1944.0,1918.0,1918.0,1359.0,582.0,1344.0,577.0
1.0,3905.0,1926.0,1942.0,1918.0,1929.0,1929.0,1359.0,583.0,1349.0,577.0
1.0,3897.0,2032.0,1944.0,1929.0,2038.0,2038.0,1361.0,583.0,1421.0,611.0
1.0,3794.0,2020.0,1947.0,2038.0,2029.0,2029.0,1363.0,584.0,1414.0,606.0
1.0,3812.0,2054.0,1950.0,2029.0,2063.0,2063.0,1365.0,585.0,1440.0,614.0
1.0,3787.0,1976.0,1952.0,2063.0,1982.0,1982.0,1366.0,586.0,1382.0,594.0
1.0,3874.0,1957.0,1953.0,1982.0,1960.0,1960.0,1367.0,586.0,1371.0,586.0
1.0,3899.0,1916.0,1953.0,1960.0,1916.0,1916.0,1367.0,586.0,1341.0,575.0
1.0,3943.0,1890.0,1950.0,1916.0,1881.0,1881.0,1365.0,585.0,1324.0,566.0
1.0,3969.0,1944.0,1950.0,1881.0,1944.0,1944.0,1365.0,585.0,1361.0,583.0
1.0,3906.0,2035.0,1954.0,1944.0,2047.0,2047.0,1368.0,586.0,1424.0,611.0
1.0,3815.0,2033.0,1957.0,2047.0,2042.0,2042.0,1370.0,587.0,1423.0,610.0
1.0,3829.0,1967.0,1959.0,2042.0,1973.0,1973.0,1371.0,588.0,1376.0,591.0
1.0,3904.0,1922.0,1959.0,1973.0,1922.0,1922.0,1371.0,588.0,1345.0,577.0
1.0,3955.0,1886.0,1959.0,1922.0,1886.0,1886.0,1371.0,588.0,1320.0,566.0
1.0,3991.0,1947.0,1958.0,1886.0,1944.0,1944.0,1371.0,587.0,1363.0,584.0
1.0,3930.0,1936.0,1959.0,1944.0,1939.0,1939.0,1371.0,588.0,1355.0,581.0
1.0,3938.0,2075.0,1962.0,1939.0,2084.0,2084.0,1373.0,589.0,1452.0,623.0
1.0,3802.0,2046.0,1966.0,2084.0,2058.0,2058.0,1376.0,590.0,1433.0,613.0
1.0,3840.0,2006.0,1967.0,2058.0,2009.0,2009.0,1377.0,590.0,1404.0,602.0
1.0,3892.0,1907.0,1966.0,2009.0,1904.0,1904.0,1376.0,590.0,1334.0,573.0
1.0,3994.0,1910.0,1963.0,1904.0,1901.0,1901.0,1374.0,589.0,1338.0,572.0
1.0,3988.0,1962.0,1963.0,1901.0,1962.0,1962.0,1374.0,589.0,1373.0,589.0
1.0,3927.0,1920.0,1963.0,1962.0,1920.0,1920.0,1374.0,589.0,1344.0,576.0
1.0,3969.0,2092.0,1967.0,1920.0,2104.0,2104.0,1377.0,590.0,1465.0,627.0
1.0,3797.0,2039.0,1970.0,2104.0,2048.0,2048.0,1379.0,591.0,1427.0,612.0
1.0,3862.0,2062.0,1973.0,2048.0,2071.0,2071.0,1381.0,592.0,1442.0,620.0
1.0,3848.0,1890.0,1970.0,2071.0,1881.0,1881.0,1379.0,591.0,1324.0,566.0
1.0,4029.0,1967.0,1970.0,1881.0,1967.0,1967.0,1379.0,591.0,1377.0,590.0
1.0,3943.0,1939.0,1968.0,1967.0,1933.0,1933.0,1378.0,590.0,1356.0,583.0
1.0,3971.0,1936.0,1969.0,1933.0,1939.0,1939.0,1378.0,591.0,1355.0,581.0
1.0,3968.0,2005.0,1970.0,1939.0,2008.0,2008.0,1379.0,591.0,1404.0,601.0
1.0,3902.0,2059.0,1973.0,2008.0,2068.0,2068.0,1381.0,592.0,1441.0,618.0
1.0,3851.0,2030.0,1975.0,2068.0,2036.0,2036.0,1382.0,593.0,1420.0,610.0
1.0,3889.0,1974.0,1975.0,2036.0,1974.0,1974.0,1382.0,593.0,1382.0,592.0
1.0,3951.0,1960.0,1973.0,1974.0,1954.0,1954.0,1381.0,592.0,1373.0,587.0
1.0,3965.0,1986.0,1973.0,1954.0,1986.0,1986.0,1381.0,592.0,1390.0,596.0
1.0,3933.0,1940.0,1973.0,1986.0,1940.0,1940.0,1381.0,592.0,1358.0,582.0
1.0,3979.0,2031.0,1975.0,1940.0,2037.0,2037.0,1382.0,593.0,1421.0,610.0
1.0,3888.0,1943.0,1974.0,2037.0,1940.0,1940.0,1382.0,592.0,1361.0,582.0
1.0,3982.0,1949.0,1974.0,1940.0,1949.0,1949.0,1382.0,592.0,1364.0,585.0
1.0,3973.0,1997.0,1974.0,1949.0,1997.0,1997.0,1382.0,592.0,1396.0,601.0
1.0,3925.0,1901.0,1972.0,1997.0,1895.0,1895.0,1380.0,592.0,1332.0,569.0
1.0,4021.0,1911.0,1970.0,1895.0,1905.0,1905.0,1379.0,591.0,1337.0,574.0
1.0,4005.0,1990.0,1970.0,1905.0,1990.0,1990.0,1379.0,591.0,1393.0,597.0
1.0,3920.0,1997.0,1972.0,1990.0,2003.0,2003.0,1380.0,592.0,1399.0,598.0
1.0,3913.0,2072.0,1975.0,2003.0,2081.0,2081.0,1382.0,593.0,1450.0,622.0
1.0,3844.0,2035.0,1976.0,2081.0,2038.0,2038.0,1383.0,593.0,1425.0,610.0
1.0,3890.0,1943.0,1975.0,2038.0,1940.0,1940.0,1382.0,593.0,1359.0,584.0
1.0,3985.0,1927.0,1974.0,1940.0,1924.0,1924.0,1382.0,592.0,1348.0,579.0
1.0,3998.0,1966.0,1974.0,1924.0,1966.0,1966.0,1382.0,592.0,1377.0,589.0
1.0,3956.0,1990.0,1976.0,1966.0,1996.0,1996.0,1383.0,593.0,1393.0,597.0
1.0,3932.0,2009.0,1977.0,1996.0,2012.0,2012.0,1384.0,593.0,1405.0,604.0
1.0,3919.0,1980.0,1979.0,2012.0,1986.0,1986.0,1385.0,594.0,1387.0,593.0
1.0,3951.0,1980.0,1977.0,1986.0,1974.0,1974.0,1384.0,593.0,1386.0,594.0
1.0,3957.0,1952.0,1976.0,1974.0,1949.0,1949.0,1383.0,593.0,1368.0,584.0
1.0,3979.0,1940.0,1973.0,1949.0,1931.0,1931.0,1381.0,592.0,1356.0,584.0
1.0,3988.0,1932.0,1973.0,1931.0,1932.0,1932.0,1381.0,592.0,1352.0,580.0
1.0,3987.0,2007.0,1974.0,1932.0,2010.0,2010.0,1382.0,592.0,1406.0,601.0
1.0,3912.0,1947.0,1974.0,2010.0,1947.0,1947.0,1382.0,592.0,1363.0,584.0
1.0,3975.0,2006.0,1976.0,1947.0,2012.0,2012.0,1383.0,593.0,1403.0,603.0
1.0,3916.0,2059.0,1979.0,2012.0,2068.0,2068.0,1385.0,594.0,1443.0,616.0
1.0,3869.0,1964.0,1977.0,2068.0,1958.0,1958.0,1384.0,593.0,1374.0,590.0
1.0,3973.0,1910.0,1975.0,1958.0,1904.0,1904.0,1382.0,593.0,1338.0,572.0
1.0,4021.0,1968.0,1975.0,1904.0,1968.0,1968.0,1382.0,593.0,1378.0,590.0
1.0,3957.0,1956.0,1976.0,1968.0,1959.0,1959.0,1383.0,593.0,1369.0,587.0
1.0,3969.0,2063.0,1979.0,1959.0,2072.0,2072.0,1385.0,594.0,1444.0,619.0
1.0,3865.0,2023.0,1980.0,2072.0,2026.0,2026.0,1386.0,594.0,1415.0,608.0
1.0,3914.0,2076.0,1983.0,2026.0,2085.0,2085.0,1388.0,595.0,1453.0,623.0
1.0,3864.0,1981.0,1981.0,2085.0,1975.0,1975.0,1387.0,594.0,1388.0,593.0
1.0,3968.0,2003.0,1980.0,1975.0,2000.0,2000.0,1386.0,594.0,1402.0,601.0
1.0,3940.0,1999.0,1980.0,2000.0,1999.0,1999.0,1386.0,594.0,1399.0,600.0
1.0,3941.0,1995.0,1983.0,1999.0,2004.0,2004.0,1388.0,595.0,1397.0,598.0
1.0,3945.0,2035.0,1984.0,2004.0,2038.0,2038.0,1389.0,595.0,1423.0,612.0
1.0,3914.0,2030.0,1986.0,2038.0,2036.0,2036.0,1390.0,596.0,1422.0,608.0
1.0,3922.0,2071.0,1989.0,2036.0,2080.0,2080.0,1392.0,597.0,1449.0,622.0
1.0,3887.0,2020.0,1987.0,2080.0,2014.0,2014.0,1391.0,596.0,1413.0,607.0
1.0,3947.0,2026.0,1987.0,2014.0,2026.0,2026.0,1391.0,596.0,1418.0,608.0
1.0,3935.0,1944.0,1985.0,2026.0,1938.0,1938.0,1389.0,596.0,1362.0,582.0
1.0,4017.0,2040.0,1987.0,1938.0,2046.0,2046.0,1391.0,596.0,1428.0,612.0
1.0,3915.0,2088.0,1990.0,2046.0,2097.0,2097.0,1393.0,597.0,1460.0,628.0
1.0,3873.0,2062.0,1993.0,2097.0,2071.0,2071.0,1395.0,598.0,1445.0,617.0
1.0,3908.0,1994.0,1993.0,2071.0,1994.0,1994.0,1395.0,598.0,1394.0,600.0
1.0,3985.0,1996.0,1993.0,1994.0,1996.0,1996.0,1395.0,598.0,1397.0,599.0
1.0,3983.0,1980.0,1992.0,1996.0,1977.0,1977.0,1394.0,598.0,1387.0,593.0
1.0,3999.0,1993.0,1991.0,1977.0,1990.0,1990.0,1394.0,597.0,1395.0,598.0
1.0,3983.0,2016.0,1992.0,1990.0,2019.0,2019.0,1394.0,598.0,1412.0,604.0
1.0,3957.0,2077.0,1994.0,2019.0,2083.0,2083.0,1396.0,598.0,1453.0,624.0
1.0,3899.0,2008.0,1994.0,2083.0,2008.0,2008.0,1396.0,598.0,1406.0,602.0
1.0,3974.0,1999.0,1996.0,2008.0,2005.0,2005.0,1397.0,599.0,1400.0,599.0
1.0,3983.0,2004.0,1996.0,2005.0,2004.0,2004.0,1397.0,599.0,1403.0,601.0
1.0,3984.0,1931.0,1995.0,2004.0,1928.0,1928.0,1396.0,599.0,1352.0,579.0
1.0,4057.0,1999.0,1996.0,1928.0,2002.0,2002.0,1397.0,599.0,1399.0,600.0
1.0,3986.0,2079.0,1997.0,2002.0,2082.0,2082.0,1398.0,599.0,1454.0,625.0
1.0,3909.0,2026.0,2000.0,2082.0,2035.0,2035.0,1400.0,600.0,1418.0,608.0
1.0,3965.0,2068.0,2003.0,2035.0,2077.0,2077.0,1402.0,601.0,1449.0,619.0
1.0,3932.0,2106.0,2006.0,2077.0,2115.0,2115.0,1404.0,602.0,1473.0,633.0
1.0,3903.0,1987.0,2005.0,2115.0,1984.0,1984.0,1403.0,602.0,1391.0,596.0
1.0,4031.0,2014.0,2004.0,1984.0,2011.0,2011.0,1403.0,601.0,1410.0,604.0
1.0,4001.0,2000.0,2003.0,2011.0,1997.0,1997.0,1402.0,601.0,1399.0,601.0
1.0,4012.0,1995.0,2004.0,1997.0,1998.0,1998.0,1403.0,601.0,1397.0,598.0
1.0,4014.0,2013.0,2006.0,1998.0,2019.0,2019.0,1404.0,602.0,1410.0,603.0
1.0,3999.0,2063.0,2007.0,2019.0,2066.0,2066.0,1405.0,602.0,1443.0,620.0
1.0,3955.0,2060.0,2009.0,2066.0,2066.0,2066.0,1406.0,603.0,1443.0,617.0
1.0,3961.0,2009.0,2009.0,2066.0,2009.0,2009.0,1406.0,603.0,1406.0,603.0
1.0,4018.0,1980.0,2009.0,2009.0,1980.0,1980.0,1406.0,603.0,1386.0,594.0
1.0,4047.0,2086.0,2011.0,1980.0,2092.0,2092.0,1408.0,603.0,1459.0,627.0
1.0,3941.0,2032.0,2013.0,2092.0,2038.0,2038.0,1409.0,604.0,1423.0,609.0
1.0,4001.0,2080.0,2016.0,2038.0,2089.0,2089.0,1411.0,605.0,1456.0,624.0
1.0,3959.0,2029.0,2017.0,2089.0,2032.0,2032.0,1412.0,605.0,1421.0,608.0
1.0,4019.0,2042.0,2017.0,2032.0,2042.0,2042.0,1412.0,605.0,1428.0,614.0
1.0,4009.0,1997.0,2019.0,2042.0,2003.0,2003.0,1413.0,606.0,1398.0,599.0
1.0,4054.0,1938.0,2017.0,2003.0,1932.0,1932.0,1412.0,605.0,1357.0,581.0
1.0,4119.0,2020.0,2017.0,1932.0,2020.0,2020.0,1412.0,605.0,1415.0,605.0
1.0,4031.0,2034.0,2018.0,2020.0,2037.0,2037.0,1413.0,605.0,1423.0,611.0
1.0,4017.0,2072.0,2021.0,2037.0,2081.0,2081.0,1415.0,606.0,1450.0,622.0
1.0,3982.0,2063.0,2023.0,2081.0,2069.0,2069.0,1416.0,607.0,1445.0,618.0
1.0,4000.0,2070.0,2026.0,2069.0,2079.0,2079.0,1418.0,608.0,1449.0,621.0
1.0,3999.0,2016.0,2024.0,2079.0,2010.0,2010.0,1417.0,607.0,1410.0,606.0
1.0,4062.0,1943.0,2023.0,2010.0,1940.0,1940.0,1416.0,607.0,1361.0,582.0
1.0,4129.0,1983.0,2021.0,1940.0,1977.0,1977.0,1415.0,606.0,1387.0,596.0
1.0,4086.0,2041.0,2023.0,1977.0,2047.0,2047.0,1416.0,607.0,1430.0,611.0
1.0,4022.0,2041.0,2023.0,2047.0,2041.0,2041.0,1416.0,607.0,1429.0,612.0
1.0,4028.0,2087.0,2024.0,2041.0,2090.0,2090.0,1417.0,607.0,1461.0,626.0
1.0,3982.0,2042.0,2026.0,2090.0,2048.0,2048.0,1418.0,608.0,1429.0,613.0
1.0,4030.0,2053.0,2026.0,2048.0,2053.0,2053.0,1418.0,608.0,1437.0,616.0
1.0,4025.0,2001.0,2026.0,2053.0,2001.0,2001.0,1418.0,608.0,1401.0,600.0
1.0,4077.0,1960.0,2023.0,2001.0,1951.0,1951.0,1416.0,607.0,1373.0,587.0
1.0,4118.0,2034.0,2023.0,1951.0,2034.0,2034.0,1416.0,607.0,1424.0,610.0
1.0,4035.0,2119.0,2026.0,2034.0,2128.0,2128.0,1418.0,608.0,1482.0,637.0
1.0,3950.0,2066.0,2027.0,2128.0,2069.0,2069.0,1419.0,608.0,1446.0,620.0
1.0,4012.0,2058.0,2028.0,2069.0,2061.0,2061.0,1420.0,608.0,1441.0,617.0
1.0,4023.0,2046.0,2027.0,2061.0,2043.0,2043.0,1419.0,608.0,1432.0,614.0
1.0,4038.0,2038.0,2027.0,2043.0,2038.0,2038.0,1419.0,608.0,1428.0,610.0
1.0,4043.0,2000.0,2027.0,2038.0,2000.0,2000.0,1419.0,608.0,1400.0,600.0
1.0,4081.0,2048.0,2027.0,2000.0,2048.0,2048.0,1419.0,608.0,1432.0,616.0
1.0,4033.0,2023.0,2029.0,2048.0,2029.0,2029.0,1420.0,609.0,1417.0,606.0
1.0,4058.0,2036.0,2030.0,2029.0,2039.0,2039.0,1421.0,609.0,1425.0,611.0
1.0,4051.0,1999.0,2029.0,2039.0,1996.0,1996.0,1420.0,609.0,1399.0,600.0
1.0,4091.0,2006.0,2027.0,1996.0,2000.0,2000.0,1419.0,608.0,1403.0,603.0
1.0,4081.0,2060.0,2029.0,2000.0,2066.0,2066.0,1420.0,609.0,1443.0,617.0
1.0,4021.0,2044.0,2030.0,2066.0,2047.0,2047.0,1421.0,609.0,1431.0,613.0
1.0,4043.0,2080.0,2031.0,2047.0,2083.0,2083.0,1422.0,609.0,1455.0,625.0
1.0,4010.0,2056.0,2033.0,2083.0,2062.0,2062.0,1423.0,610.0,1441.0,615.0
1.0,4037.0,2092.0,2036.0,2062.0,2101.0,2101.0,1425.0,611.0,1463.0,629.0
1.0,4007.0,2060.0,2034.0,2101.0,2054.0,2054.0,1424.0,610.0,1442.0,618.0
1.0,4048.0,2021.0,2034.0,2054.0,2021.0,2021.0,1424.0,610.0,1415.0,606.0
1.0,4081.0,1974.0,2033.0,2021.0,1971.0,1971.0,1423.0,610.0,1383.0,591.0
1.0,4128.0,2026.0,2031.0,1971.0,2020.0,2020.0,1422.0,609.0,1417.0,609.0
1.0,4073.0,2047.0,2033.0,2020.0,2053.0,2053.0,1423.0,610.0,1434.0,613.0
1.0,4046.0,2098.0,2034.0,2053.0,2101.0,2101.0,1424.0,610.0,1467.0,631.0
1.0,4001.0,2067.0,2036.0,2101.0,2073.0,2073.0,1425.0,611.0,1448.0,619.0
1.0,4035.0,2047.0,2037.0,2073.0,2050.0,2050.0,1426.0,611.0,1433.0,614.0
1.0,4061.0,2010.0,2037.0,2050.0,2010.0,2010.0,1426.0,611.0,1407.0,603.0
1.0,4101.0,2016.0,2036.0,2010.0,2013.0,2013.0,1425.0,611.0,1411.0,605.0
1.0,4095.0,2033.0,2036.0,2013.0,2033.0,2033.0,1425.0,611.0,1422.0,611.0
1.0,4075.0,2085.0,2037.0,2033.0,2088.0,2088.0,1426.0,611.0,1460.0,625.0
1.0,4023.0,2155.0,2040.0,2088.0,2164.0,2164.0,1428.0,612.0,1509.0,646.0
1.0,3956.0,2057.0,2040.0,2164.0,2057.0,2057.0,1428.0,612.0,1439.0,618.0
1.0,4063.0,2066.0,2040.0,2057.0,2066.0,2066.0,1428.0,612.0,1445.0,621.0
1.0,4054.0,2058.0,2040.0,2066.0,2058.0,2058.0,1428.0,612.0,1443.0,615.0
1.0,4062.0,2009.0,2039.0,2058.0,2006.0,2006.0,1427.0,612.0,1405.0,604.0
1.0,4111.0,2037.0,2039.0,2006.0,2037.0,2037.0,1427.0,612.0,1426.0,611.0
1.0,4080.0,2099.0,2041.0,2037.0,2105.0,2105.0,1429.0,612.0,1469.0,630.0
1.0,4018.0,2110.0,2044.0,2105.0,2119.0,2119.0,1431.0,613.0,1477.0,633.0
1.0,4013.0,2100.0,2046.0,2119.0,2106.0,2106.0,1432.0,614.0,1471.0,629.0
1.0,4032.0,2110.0,2047.0,2106.0,2113.0,2113.0,1433.0,614.0,1476.0,634.0
1.0,4028.0,2057.0,2047.0,2113.0,2057.0,2057.0,1433.0,614.0,1440.0,617.0
1.0,4084.0,2039.0,2047.0,2057.0,2039.0,2039.0,1433.0,614.0,1427.0,612.0
1.0,4102.0,2043.0,2046.0,2039.0,2040.0,2040.0,1432.0,614.0,1431.0,612.0
1.0,4098.0,2057.0,2047.0,2040.0,2060.0,2060.0,1433.0,614.0,1439.0,618.0
1.0,4081.0,2097.0,2050.0,2060.0,2106.0,2106.0,1435.0,615.0,1470.0,627.0
1.0,4044.0,2066.0,2051.0,2106.0,2069.0,2069.0,1436.0,615.0,1445.0,621.0
1.0,4084.0,2112.0,2053.0,2069.0,2118.0,2118.0,1437.0,616.0,1479.0,633.0
1.0,4041.0,2032.0,2053.0,2118.0,2032.0,2032.0,1437.0,616.0,1422.0,610.0
1.0,4127.0,2075.0,2053.0,2032.0,2075.0,2075.0,1437.0,616.0,1452.0,623.0
1.0,4084.0,2043.0,2053.0,2075.0,2043.0,2043.0,1437.0,616.0,1430.0,613.0
1.0,4116.0,2097.0,2053.0,2043.0,2097.0,2097.0,1437.0,616.0,1466.0,631.0
1.0,4062.0,2226.0,2057.0,2097.0,2238.0,2238.0,1440.0,617.0,1559.0,667.0
1.0,3933.0,2077.0,2060.0,2238.0,2086.0,2086.0,1442.0,618.0,1455.0,622.0
1.0,4094.0,2073.0,2060.0,2086.0,2073.0,2073.0,1442.0,618.0,1450.0,623.0
1.0,4107.0,2081.0,2060.0,2073.0,2081.0,2081.0,1442.0,618.0,1458.0,623.0
1.0,4099.0,2003.0,2059.0,2081.0,2000.0,2000.0,1441.0,618.0,1402.0,601.0
1.0,4177.0,2043.0,2059.0,2000.0,2043.0,2043.0,1441.0,618.0,1430.0,613.0
1.0,4134.0,2006.0,2057.0,2043.0,2000.0,2000.0,1440.0,617.0,1403.0,603.0
1.0,4171.0,2122.0,2059.0,2000.0,2128.0,2128.0,1441.0,618.0,1486.0,636.0
1.0,4049.0,2052.0,2060.0,2128.0,2055.0,2055.0,1442.0,618.0,1435.0,617.0
1.0,4125.0,2129.0,2062.0,2055.0,2135.0,2135.0,1443.0,619.0,1491.0,638.0
1.0,4051.0,2062.0,2063.0,2135.0,2065.0,2065.0,1444.0,619.0,1443.0,619.0
1.0,4124.0,2056.0,2063.0,2065.0,2056.0,2056.0,1444.0,619.0,1440.0,616.0
1.0,4133.0,2097.0,2064.0,2056.0,2100.0,2100.0,1445.0,619.0,1467.0,630.0
1.0,4092.0,2029.0,2066.0,2100.0,2035.0,2035.0,1446.0,620.0,1420.0,609.0
1.0,4163.0,2156.0,2067.0,2035.0,2159.0,2159.0,1447.0,620.0,1508.0,648.0
1.0,4042.0,2142.0,2069.0,2159.0,2148.0,2148.0,1448.0,621.0,1501.0,641.0
1.0,4059.0,2089.0,2069.0,2148.0,2089.0,2089.0,1448.0,621.0,1462.0,627.0
1.0,4118.0,2053.0,2069.0,2089.0,2053.0,2053.0,1448.0,621.0,1437.0,616.0
1.0,4154.0,2031.0,2067.0,2053.0,2025.0,2025.0,1447.0,620.0,1421.0,610.0
1.0,4176.0,2046.0,2067.0,2025.0,2046.0,2046.0,1447.0,620.0,1432.0,614.0
1.0,4155.0,2143.0,2070.0,2046.0,2152.0,2152.0,1449.0,621.0,1502.0,641.0
1.0,4058.0,2133.0,2073.0,2152.0,2142.0,2142.0,1451.0,622.0,1492.0,641.0
1.0,4077.0,2174.0,2076.0,2142.0,2183.0,2183.0,1453.0,623.0,1521.0,653.0
1.0,4045.0,2043.0,2076.0,2183.0,2043.0,2043.0,1453.0,623.0,1430.0,613.0
1.0,4185.0,2090.0,2076.0,2043.0,2090.0,2090.0,1453.0,623.0,1463.0,627.0
1.0,4138.0,2139.0,2077.0,2090.0,2142.0,2142.0,1454.0,623.0,1498.0,641.0
1.0,4089.0,2037.0,2077.0,2142.0,2037.0,2037.0,1454.0,623.0,1426.0,611.0
1.0,4194.0,2112.0,2079.0,2037.0,2118.0,2118.0,1455.0,624.0,1477.0,635.0
1.0,4119.0,2166.0,2082.0,2118.0,2175.0,2175.0,1457.0,625.0,1516.0,650.0
1.0,4071.0,2148.0,2084.0,2175.0,2154.0,2154.0,1459.0,625.0,1505.0,643.0
1.0,4098.0,2106.0,2084.0,2154.0,2106.0,2106.0,1459.0,625.0,1472.0,634.0
1.0,4146.0,2075.0,2083.0,2106.0,2072.0,2072.0,1458.0,625.0,1454.0,621.0
1.0,4177.0,2044.0,2083.0,2072.0,2044.0,2044.0,1458.0,625.0,1431.0,613.0
1.0,4205.0,2089.0,2083.0,2044.0,2089.0,2089.0,1458.0,625.0,1462.0,627.0
1.0,4160.0,2082.0,2083.0,2089.0,2082.0,2082.0,1458.0,625.0,1458.0,624.0
1.0,4167.0,2037.0,2084.0,2082.0,2040.0,2040.0,1459.0,625.0,1426.0,611.0
1.0,4212.0,2132.0,2086.0,2040.0,2138.0,2138.0,1460.0,626.0,1491.0,641.0
1.0,4120.0,2088.0,2086.0,2138.0,2088.0,2088.0,1460.0,626.0,1462.0,626.0
1.0,4170.0,2109.0,2086.0,2088.0,2109.0,2109.0,1460.0,626.0,1476.0,633.0
1.0,4149.0,2110.0,2086.0,2109.0,2110.0,2110.0,1460.0,626.0,1477.0,633.0
1.0,4148.0,2113.0,2086.0,2110.0,2113.0,2113.0,1460.0,626.0,1479.0,634.0
1.0,4145.0,2137.0,2087.0,2113.0,2140.0,2140.0,1461.0,626.0,1495.0,642.0
1.0,4121.0,2060.0,2087.0,2140.0,2060.0,2060.0,1461.0,626.0,1443.0,617.0
1.0,4201.0,2116.0,2089.0,2060.0,2122.0,2122.0,1462.0,627.0,1482.0,634.0
1.0,4145.0,2102.0,2090.0,2122.0,2105.0,2105.0,1463.0,627.0,1471.0,631.0
1.0,4165.0,2066.0,2089.0,2105.0,2063.0,2063.0,1462.0,627.0,1446.0,620.0
1.0,4204.0,2090.0,2090.0,2063.0,2093.0,2093.0,1463.0,627.0,1463.0,627.0
1.0,4177.0,2074.0,2089.0,2093.0,2071.0,2071.0,1462.0,627.0,1452.0,622.0
1.0,4196.0,2110.0,2090.0,2071.0,2113.0,2113.0,1463.0,627.0,1476.0,634.0
1.0,4157.0,2106.0,2091.0,2113.0,2109.0,2109.0,1464.0,627.0,1474.0,632.0
1.0,4164.0,2168.0,2093.0,2109.0,2174.0,2174.0,1465.0,628.0,1519.0,649.0
1.0,4105.0,2119.0,2094.0,2174.0,2122.0,2122.0,1466.0,628.0,1481.0,638.0
1.0,4160.0,2018.0,2090.0,2122.0,2006.0,2006.0,1463.0,627.0,1413.0,605.0
1.0,4264.0,2080.0,2090.0,2006.0,2080.0,2080.0,1463.0,627.0,1456.0,624.0
1.0,4190.0,2034.0,2089.0,2080.0,2031.0,2031.0,1462.0,627.0,1425.0,609.0
1.0,4236.0,2089.0,2090.0,2031.0,2092.0,2092.0,1463.0,627.0,1462.0,627.0
1.0,4178.0,2162.0,2093.0,2092.0,2171.0,2171.0,1465.0,628.0,1513.0,649.0
1.0,4108.0,2106.0,2094.0,2171.0,2109.0,2109.0,1466.0,628.0,1473.0,633.0
1.0,4173.0,2116.0,2096.0,2109.0,2122.0,2122.0,1467.0,629.0,1483.0,633.0
1.0,4166.0,2081.0,2095.0,2122.0,2078.0,2078.0,1466.0,629.0,1456.0,625.0
1.0,4207.0,2043.0,2095.0,2078.0,2043.0,2043.0,1466.0,629.0,1430.0,613.0
1.0,4242.0,2083.0,2094.0,2043.0,2080.0,2080.0,1466.0,628.0,1457.0,626.0
1.0,4202.0,2195.0,2097.0,2080.0,2204.0,2204.0,1468.0,629.0,1538.0,657.0
1.0,4087.0,2148.0,2099.0,2204.0,2154.0,2154.0,1469.0,630.0,1502.0,646.0
1.0,4143.0,2169.0,2100.0,2154.0,2172.0,2172.0,1470.0,630.0,1519.0,650.0
1.0,4128.0,2116.0,2102.0,2172.0,2122.0,2122.0,1471.0,631.0,1480.0,636.0
1.0,4184.0,2136.0,2101.0,2122.0,2133.0,2133.0,1471.0,630.0,1495.0,641.0
1.0,4170.0,2047.0,2099.0,2133.0,2041.0,2041.0,1469.0,630.0,1434.0,613.0
1.0,4256.0,2173.0,2100.0,2041.0,2176.0,2176.0,1470.0,630.0,1520.0,653.0
1.0,4124.0,2179.0,2103.0,2176.0,2188.0,2188.0,1472.0,631.0,1527.0,652.0
1.0,4121.0,2110.0,2105.0,2188.0,2116.0,2116.0,1473.0,632.0,1476.0,634.0
1.0,4199.0,2176.0,2107.0,2116.0,2182.0,2182.0,1475.0,632.0,1522.0,654.0
1.0,4139.0,2109.0,2107.0,2182.0,2109.0,2109.0,1475.0,632.0,1478.0,631.0
1.0,4212.0,2163.0,2107.0,2109.0,2163.0,2163.0,1475.0,632.0,1513.0,650.0
1.0,4158.0,2037.0,2104.0,2163.0,2028.0,2028.0,1473.0,631.0,1426.0,611.0
1.0,4284.0,2001.0,2104.0,2028.0,2001.0,2001.0,1473.0,631.0,1400.0,601.0
1.0,4311.0,2150.0,2105.0,2001.0,2153.0,2153.0,1473.0,632.0,1506.0,644.0
1.0,4162.0,2177.0,2106.0,2153.0,2180.0,2180.0,1474.0,632.0,1525.0,652.0
1.0,4138.0,2150.0,2107.0,2180.0,2153.0,2153.0,1475.0,632.0,1504.0,646.0
1.0,4168.0,2186.0,2109.0,2153.0,2192.0,2192.0,1476.0,633.0,1531.0,655.0
1.0,4135.0,2140.0,2109.0,2192.0,2140.0,2140.0,1476.0,633.0,1498.0,642.0
1.0,4187.0,2091.0,2107.0,2140.0,2085.0,2085.0,1475.0,632.0,1463.0,628.0
1.0,4236.0,2147.0,2109.0,2085.0,2153.0,2153.0,1476.0,633.0,1504.0,643.0
1.0,4174.0,2119.0,2109.0,2153.0,2119.0,2119.0,1476.0,633.0,1483.0,636.0
1.0,4208.0,2159.0,2112.0,2119.0,2168.0,2168.0,1478.0,634.0,1511.0,648.0
1.0,4168.0,2189.0,2113.0,2168.0,2192.0,2192.0,1479.0,634.0,1531.0,658.0
1.0,4147.0,2077.0,2113.0,2192.0,2077.0,2077.0,1479.0,634.0,1454.0,623.0
1.0,4262.0,2083.0,2114.0,2077.0,2086.0,2086.0,1480.0,634.0,1459.0,624.0
1.0,4256.0,2042.0,2113.0,2086.0,2039.0,2039.0,1479.0,634.0,1431.0,611.0
1.0,4300.0,2148.0,2113.0,2039.0,2148.0,2148.0,1479.0,634.0,1501.0,647.0
1.0,4191.0,2202.0,2116.0,2148.0,2211.0,2211.0,1481.0,635.0,1543.0,659.0
1.0,4137.0,2178.0,2117.0,2211.0,2181.0,2181.0,1482.0,635.0,1522.0,656.0
1.0,4170.0,2134.0,2117.0,2181.0,2134.0,2134.0,1482.0,635.0,1495.0,639.0
1.0,4217.0,2216.0,2119.0,2134.0,2222.0,2222.0,1483.0,636.0,1552.0,664.0
1.0,4135.0,2123.0,2120.0,2222.0,2126.0,2126.0,1484.0,636.0,1487.0,636.0
1.0,4234.0,2141.0,2120.0,2126.0,2141.0,2141.0,1484.0,636.0,1497.0,644.0
1.0,4219.0,2132.0,2121.0,2141.0,2135.0,2135.0,1485.0,636.0,1492.0,640.0
1.0,4228.0,2153.0,2123.0,2135.0,2159.0,2159.0,1486.0,637.0,1508.0,645.0
1.0,4210.0,2142.0,2123.0,2159.0,2142.0,2142.0,1486.0,637.0,1498.0,644.0
1.0,4227.0,2094.0,2124.0,2142.0,2097.0,2097.0,1487.0,637.0,1466.0,628.0
1.0,4275.0,2149.0,2124.0,2097.0,2149.0,2149.0,1487.0,637.0,1505.0,644.0
1.0,4223.0,2097.0,2124.0,2149.0,2097.0,2097.0,1487.0,637.0,1468.0,629.0
1.0,4275.0,2082.0,2123.0,2097.0,2079.0,2079.0,1486.0,637.0,1459.0,623.0
1.0,4290.0,2182.0,2124.0,2079.0,2185.0,2185.0,1487.0,637.0,1526.0,656.0
1.0,4187.0,2168.0,2127.0,2185.0,2177.0,2177.0,1489.0,638.0,1516.0,652.0
1.0,4204.0,2149.0,2129.0,2177.0,2155.0,2155.0,1490.0,639.0,1505.0,644.0
1.0,4232.0,2181.0,2131.0,2155.0,2187.0,2187.0,1492.0,639.0,1526.0,655.0
1.0,4206.0,2197.0,2133.0,2187.0,2203.0,2203.0,1493.0,640.0,1539.0,658.0
1.0,4196.0,2193.0,2134.0,2203.0,2196.0,2196.0,1494.0,640.0,1536.0,657.0
1.0,4206.0,2154.0,2134.0,2196.0,2154.0,2154.0,1494.0,640.0,1507.0,647.0
1.0,4248.0,2153.0,2136.0,2154.0,2159.0,2159.0,1495.0,641.0,1507.0,646.0
1.0,4249.0,2128.0,2136.0,2159.0,2128.0,2128.0,1495.0,641.0,1490.0,638.0
1.0,4280.0,2188.0,2139.0,2128.0,2197.0,2197.0,1497.0,642.0,1531.0,657.0
1.0,4220.0,2189.0,2141.0,2197.0,2195.0,2195.0,1499.0,642.0,1531.0,658.0
1.0,4228.0,2116.0,2140.0,2195.0,2113.0,2113.0,1498.0,642.0,1482.0,634.0
1.0,4307.0,2124.0,2139.0,2113.0,2121.0,2121.0,1497.0,642.0,1487.0,637.0
1.0,4296.0,2119.0,2139.0,2121.0,2119.0,2119.0,1497.0,642.0,1482.0,637.0
1.0,4298.0,2149.0,2139.0,2119.0,2149.0,2149.0,1497.0,642.0,1505.0,644.0
1.0,4268.0,2186.0,2140.0,2149.0,2189.0,2189.0,1498.0,642.0,1530.0,656.0
1.0,4231.0,2176.0,2143.0,2189.0,2185.0,2185.0,1500.0,643.0,1523.0,653.0
1.0,4244.0,2203.0,2143.0,2185.0,2203.0,2203.0,1500.0,643.0,1542.0,661.0
1.0,4226.0,2134.0,2142.0,2203.0,2131.0,2131.0,1499.0,643.0,1494.0,640.0
1.0,4295.0,2147.0,2143.0,2131.0,2150.0,2150.0,1500.0,643.0,1503.0,644.0
1.0,4279.0,2188.0,2143.0,2150.0,2188.0,2188.0,1500.0,643.0,1532.0,656.0
1.0,4241.0,2216.0,2145.0,2188.0,2222.0,2222.0,1501.0,644.0,1550.0,666.0
1.0,4213.0,2120.0,2144.0,2222.0,2117.0,2117.0,1501.0,643.0,1483.0,637.0
1.0,4315.0,2216.0,2147.0,2117.0,2225.0,2225.0,1503.0,644.0,1552.0,664.0
1.0,4216.0,2224.0,2152.0,2225.0,2239.0,2239.0,1506.0,646.0,1556.0,668.0
1.0,4217.0,2195.0,2153.0,2239.0,2198.0,2198.0,1507.0,646.0,1537.0,658.0
1.0,4261.0,2177.0,2153.0,2198.0,2177.0,2177.0,1507.0,646.0,1524.0,653.0
1.0,4282.0,2070.0,2151.0,2177.0,2064.0,2064.0,1506.0,645.0,1448.0,622.0
1.0,4389.0,2171.0,2151.0,2064.0,2171.0,2171.0,1506.0,645.0,1520.0,651.0
1.0,4282.0,2197.0,2152.0,2171.0,2200.0,2200.0,1506.0,646.0,1539.0,658.0
1.0,4256.0,2236.0,2155.0,2200.0,2245.0,2245.0,1508.0,647.0,1564.0,672.0
1.0,4220.0,2189.0,2156.0,2245.0,2192.0,2192.0,1509.0,647.0,1533.0,656.0
1.0,4276.0,2214.0,2157.0,2192.0,2217.0,2217.0,1510.0,647.0,1551.0,663.0
1.0,4254.0,2175.0,2157.0,2217.0,2175.0,2175.0,1510.0,647.0,1521.0,654.0
1.0,4296.0,2164.0,2157.0,2175.0,2164.0,2164.0,1510.0,647.0,1514.0,650.0
1.0,4307.0,2117.0,2158.0,2164.0,2120.0,2120.0,1511.0,647.0,1483.0,634.0
1.0,4354.0,2153.0,2160.0,2120.0,2159.0,2159.0,1512.0,648.0,1508.0,645.0
1.0,4321.0,2166.0,2162.0,2159.0,2172.0,2172.0,1513.0,649.0,1515.0,651.0
1.0,4314.0,2230.0,2163.0,2172.0,2233.0,2233.0,1514.0,649.0,1562.0,668.0
1.0,4256.0,2167.0,2163.0,2233.0,2167.0,2167.0,1514.0,649.0,1517.0,650.0
1.0,4322.0,2146.0,2162.0,2167.0,2143.0,2143.0,1513.0,649.0,1502.0,644.0
1.0,4343.0,2156.0,2163.0,2143.0,2159.0,2159.0,1514.0,649.0,1509.0,647.0
1.0,4330.0,2217.0,2163.0,2159.0,2217.0,2217.0,1514.0,649.0,1552.0,665.0
1.0,4272.0,2193.0,2164.0,2217.0,2196.0,2196.0,1515.0,649.0,1536.0,657.0
1.0,4296.0,2255.0,2166.0,2196.0,2261.0,2261.0,1516.0,650.0,1577.0,678.0
1.0,4237.0,2190.0,2167.0,2261.0,2193.0,2193.0,1517.0,650.0,1534.0,656.0
1.0,4308.0,2199.0,2168.0,2193.0,2202.0,2202.0,1518.0,650.0,1538.0,661.0
1.0,4302.0,2173.0,2169.0,2202.0,2176.0,2176.0,1518.0,651.0,1521.0,652.0
1.0,4331.0,2140.0,2170.0,2176.0,2143.0,2143.0,1519.0,651.0,1499.0,641.0
1.0,4367.0,2146.0,2170.0,2143.0,2146.0,2146.0,1519.0,651.0,1502.0,644.0
1.0,4364.0,2225.0,2172.0,2146.0,2231.0,2231.0,1520.0,652.0,1556.0,669.0
1.0,4285.0,2278.0,2176.0,2231.0,2290.0,2290.0,1523.0,653.0,1595.0,683.0
1.0,4238.0,2220.0,2176.0,2290.0,2220.0,2220.0,1523.0,653.0,1554.0,666.0
1.0,4308.0,2203.0,2177.0,2220.0,2206.0,2206.0,1524.0,653.0,1543.0,660.0
1.0,4325.0,2131.0,2177.0,2206.0,2131.0,2131.0,1524.0,653.0,1492.0,639.0
1.0,4400.0,2180.0,2177.0,2131.0,2180.0,2180.0,1524.0,653.0,1526.0,654.0
1.0,4351.0,2094.0,2174.0,2180.0,2085.0,2085.0,1522.0,652.0,1465.0,629.0
1.0,4437.0,2193.0,2175.0,2085.0,2196.0,2196.0,1522.0,653.0,1535.0,658.0
1.0,4329.0,2197.0,2176.0,2196.0,2200.0,2200.0,1523.0,653.0,1538.0,659.0
1.0,4328.0,2246.0,2177.0,2200.0,2249.0,2249.0,1524.0,653.0,1571.0,675.0
1.0,4282.0,2192.0,2179.0,2249.0,2198.0,2198.0,1525.0,654.0,1535.0,657.0
1.0,4339.0,2134.0,2177.0,2198.0,2128.0,2128.0,1524.0,653.0,1494.0,640.0
1.0,4403.0,2228.0,2179.0,2128.0,2234.0,2234.0,1525.0,654.0,1560.0,668.0
1.0,4303.0,2193.0,2180.0,2234.0,2196.0,2196.0,1526.0,654.0,1536.0,657.0
1.0,4344.0,2193.0,2181.0,2196.0,2196.0,2196.0,1527.0,654.0,1534.0,659.0
1.0,4347.0,2236.0,2183.0,2196.0,2242.0,2242.0,1528.0,655.0,1567.0,669.0
1.0,4307.0,2330.0,2187.0,2242.0,2342.0,2342.0,1531.0,656.0,1631.0,699.0
1.0,4219.0,2167.0,2187.0,2342.0,2167.0,2167.0,1531.0,656.0,1517.0,650.0
1.0,4394.0,2203.0,2187.0,2167.0,2203.0,2203.0,1531.0,656.0,1542.0,661.0
1.0,4358.0,2182.0,2187.0,2203.0,2182.0,2182.0,1531.0,656.0,1527.0,655.0
1.0,4379.0,2167.0,2187.0,2182.0,2167.0,2167.0,1531.0,656.0,1517.0,650.0
1.0,4394.0,2233.0,2189.0,2167.0,2239.0,2239.0,1532.0,657.0,1562.0,671.0
1.0,4328.0,2210.0,2190.0,2239.0,2213.0,2213.0,1533.0,657.0,1548.0,662.0
1.0,4357.0,2217.0,2190.0,2213.0,2217.0,2217.0,1533.0,657.0,1552.0,665.0
1.0,4353.0,2168.0,2190.0,2217.0,2168.0,2168.0,1533.0,657.0,1518.0,650.0
1.0,4402.0,2206.0,2190.0,2168.0,2206.0,2206.0,1533.0,657.0,1544.0,662.0
1.0,4364.0,2163.0,2189.0,2206.0,2160.0,2160.0,1532.0,657.0,1514.0,649.0
1.0,4407.0,2147.0,2188.0,2160.0,2144.0,2144.0,1532.0,656.0,1502.0,645.0
1.0,4420.0,2193.0,2188.0,2144.0,2193.0,2193.0,1532.0,656.0,1535.0,658.0
1.0,4371.0,2229.0,2191.0,2193.0,2238.0,2238.0,1534.0,657.0,1560.0,669.0
1.0,4335.0,2226.0,2193.0,2238.0,2232.0,2232.0,1535.0,658.0,1559.0,667.0
1.0,4347.0,2232.0,2193.0,2232.0,2232.0,2232.0,1535.0,658.0,1563.0,669.0
1.0,4347.0,2103.0,2190.0,2232.0,2094.0,2094.0,1533.0,657.0,1470.0,633.0
1.0,4476.0,2134.0,2190.0,2094.0,2134.0,2134.0,1533.0,657.0,1495.0,639.0
1.0,4436.0,2183.0,2189.0,2134.0,2180.0,2180.0,1532.0,657.0,1528.0,655.0
1.0,4387.0,2187.0,2189.0,2180.0,2187.0,2187.0,1532.0,657.0,1531.0,656.0
1.0,4380.0,2236.0,2190.0,2187.0,2239.0,2239.0,1533.0,657.0,1564.0,672.0
1.0,4331.0,2273.0,2193.0,2239.0,2282.0,2282.0,1535.0,658.0,1593.0,680.0
1.0,4297.0,2197.0,2194.0,2282.0,2200.0,2200.0,1536.0,658.0,1537.0,660.0
1.0,4382.0,2169.0,2194.0,2200.0,2169.0,2169.0,1536.0,658.0,1518.0,651.0
1.0,4413.0,2155.0,2193.0,2169.0,2152.0,2152.0,1535.0,658.0,1510.0,645.0
1.0,4427.0,2184.0,2193.0,2152.0,2184.0,2184.0,1535.0,658.0,1529.0,655.0
1.0,4395.0,2220.0,2194.0,2184.0,2223.0,2223.0,1536.0,658.0,1553.0,667.0
1.0,4359.0,2253.0,2197.0,2223.0,2262.0,2262.0,1538.0,659.0,1578.0,675.0
1.0,4329.0,2164.0,2196.0,2262.0,2161.0,2161.0,1537.0,659.0,1515.0,649.0
1.0,4427.0,2281.0,2197.0,2161.0,2284.0,2284.0,1538.0,659.0,1595.0,686.0
1.0,4307.0,2244.0,2197.0,2284.0,2244.0,2244.0,1538.0,659.0,1571.0,673.0
1.0,4347.0,2206.0,2197.0,2244.0,2206.0,2206.0,1538.0,659.0,1544.0,662.0
1.0,4385.0,2206.0,2197.0,2206.0,2206.0,2206.0,1538.0,659.0,1544.0,662.0
1.0,4385.0,2247.0,2199.0,2206.0,2253.0,2253.0,1539.0,660.0,1574.0,673.0
1.0,4344.0,2318.0,2203.0,2253.0,2330.0,2330.0,1542.0,661.0,1622.0,696.0
1.0,4279.0,2179.0,2203.0,2330.0,2179.0,2179.0,1542.0,661.0,1526.0,653.0
1.0,4430.0,2224.0,2203.0,2179.0,2224.0,2224.0,1542.0,661.0,1557.0,667.0
1.0,4385.0,2220.0,2202.0,2224.0,2217.0,2217.0,1541.0,661.0,1553.0,667.0
1.0,4389.0,2147.0,2200.0,2217.0,2141.0,2141.0,1540.0,660.0,1502.0,645.0
1.0,4459.0,2190.0,2200.0,2141.0,2190.0,2190.0,1540.0,660.0,1533.0,657.0
1.0,4410.0,2223.0,2202.0,2190.0,2229.0,2229.0,1541.0,661.0,1557.0,666.0
1.0,4377.0,2234.0,2203.0,2229.0,2237.0,2237.0,1542.0,661.0,1565.0,669.0
1.0,4372.0,2273.0,2207.0,2237.0,2285.0,2285.0,1545.0,662.0,1591.0,682.0
1.0,4336.0,2226.0,2207.0,2285.0,2226.0,2226.0,1545.0,662.0,1557.0,669.0
1.0,4395.0,2190.0,2207.0,2226.0,2190.0,2190.0,1545.0,662.0,1533.0,657.0
1.0,4431.0,2228.0,2207.0,2190.0,2228.0,2228.0,1545.0,662.0,1561.0,667.0
1.0,4393.0,2203.0,2207.0,2228.0,2203.0,2203.0,1545.0,662.0,1541.0,662.0
1.0,4418.0,2223.0,2209.0,2203.0,2229.0,2229.0,1546.0,663.0,1557.0,666.0
1.0,4398.0,2220.0,2208.0,2229.0,2217.0,2217.0,1546.0,662.0,1554.0,666.0
1.0,4407.0,2318.0,2211.0,2217.0,2327.0,2327.0,1548.0,663.0,1621.0,697.0
1.0,4306.0,2204.0,2211.0,2327.0,2204.0,2204.0,1548.0,663.0,1543.0,661.0
1.0,4429.0,2197.0,2210.0,2204.0,2194.0,2194.0,1547.0,663.0,1538.0,659.0
1.0,4436.0,2145.0,2207.0,2194.0,2136.0,2136.0,1545.0,662.0,1502.0,643.0
1.0,4485.0,2204.0,2207.0,2136.0,2204.0,2204.0,1545.0,662.0,1543.0,661.0
1.0,4417.0,2226.0,2207.0,2204.0,2226.0,2226.0,1545.0,662.0,1559.0,667.0
1.0,4395.0,2209.0,2208.0,2226.0,2212.0,2212.0,1546.0,662.0,1546.0,663.0
1.0,4412.0,2216.0,2210.0,2212.0,2222.0,2222.0,1547.0,663.0,1552.0,664.0
1.0,4408.0,2244.0,2210.0,2222.0,2244.0,2244.0,1547.0,663.0,1571.0,673.0
1.0,4386.0,2256.0,2210.0,2244.0,2256.0,2256.0,1547.0,663.0,1577.0,679.0
1.0,4374.0,2206.0,2210.0,2256.0,2206.0,2206.0,1547.0,663.0,1544.0,662.0
1.0,4424.0,2213.0,2211.0,2206.0,2216.0,2216.0,1548.0,663.0,1550.0,663.0
1.0,4417.0,2237.0,2212.0,2216.0,2240.0,2240.0,1548.0,664.0,1566.0,671.0
1.0,4396.0,2322.0,2214.0,2240.0,2328.0,2328.0,1550.0,664.0,1625.0,697.0
1.0,4314.0,2223.0,2216.0,2328.0,2229.0,2229.0,1551.0,665.0,1557.0,666.0
1.0,4419.0,2292.0,2218.0,2229.0,2298.0,2298.0,1553.0,665.0,1603.0,689.0
1.0,4356.0,2170.0,2217.0,2298.0,2167.0,2167.0,1552.0,665.0,1519.0,651.0
1.0,4484.0,2189.0,2216.0,2167.0,2186.0,2186.0,1551.0,665.0,1533.0,656.0
1.0,4462.0,2209.0,2216.0,2186.0,2209.0,2209.0,1551.0,665.0,1546.0,663.0
1.0,4439.0,2271.0,2219.0,2209.0,2280.0,2280.0,1553.0,666.0,1589.0,682.0
1.0,4377.0,2245.0,2221.0,2280.0,2251.0,2251.0,1555.0,666.0,1570.0,675.0
1.0,4412.0,2272.0,2223.0,2251.0,2278.0,2278.0,1556.0,667.0,1592.0,680.0
1.0,4391.0,2272.0,2224.0,2278.0,2275.0,2275.0,1557.0,667.0,1589.0,683.0
1.0,4397.0,2207.0,2224.0,2275.0,2207.0,2207.0,1557.0,667.0,1544.0,663.0
1.0,4465.0,2188.0,2223.0,2207.0,2185.0,2185.0,1556.0,667.0,1533.0,655.0
1.0,4484.0,2158.0,2221.0,2185.0,2152.0,2152.0,1555.0,666.0,1511.0,647.0
1.0,4511.0,2196.0,2222.0,2152.0,2199.0,2199.0,1555.0,667.0,1537.0,659.0
1.0,4467.0,2293.0,2224.0,2199.0,2299.0,2299.0,1557.0,667.0,1605.0,688.0
1.0,4373.0,2233.0,2226.0,2299.0,2239.0,2239.0,1558.0,668.0,1564.0,669.0
1.0,4439.0,2303.0,2227.0,2239.0,2306.0,2306.0,1559.0,668.0,1611.0,692.0
1.0,4375.0,2178.0,2226.0,2306.0,2175.0,2175.0,1558.0,668.0,1526.0,652.0
1.0,4503.0,2256.0,2227.0,2175.0,2259.0,2259.0,1559.0,668.0,1578.0,678.0
1.0,4422.0,2202.0,2226.0,2259.0,2199.0,2199.0,1558.0,668.0,1543.0,659.0
1.0,4479.0,2273.0,2227.0,2199.0,2276.0,2276.0,1559.0,668.0,1589.0,684.0
1.0,4405.0,2295.0,2228.0,2276.0,2298.0,2298.0,1560.0,668.0,1608.0,687.0
1.0,4386.0,2240.0,2229.0,2298.0,2243.0,2243.0,1560.0,669.0,1568.0,672.0
1.0,4444.0,2275.0,2230.0,2243.0,2278.0,2278.0,1561.0,669.0,1592.0,683.0
1.0,4412.0,2173.0,2227.0,2278.0,2164.0,2164.0,1559.0,668.0,1520.0,653.0
1.0,4517.0,2227.0,2227.0,2164.0,2227.0,2227.0,1559.0,668.0,1559.0,668.0
1.0,4454.0,2246.0,2228.0,2227.0,2249.0,2249.0,1560.0,668.0,1573.0,673.0
1.0,4435.0,2241.0,2229.0,2249.0,2244.0,2244.0,1560.0,669.0,1569.0,672.0
1.0,4443.0,2266.0,2231.0,2244.0,2272.0,2272.0,1562.0,669.0,1585.0,681.0
1.0,4421.0,2323.0,2233.0,2272.0,2329.0,2329.0,1563.0,670.0,1628.0,695.0
1.0,4370.0,2314.0,2236.0,2329.0,2323.0,2323.0,1565.0,671.0,1619.0,695.0
1.0,4385.0,2248.0,2236.0,2323.0,2248.0,2248.0,1565.0,671.0,1574.0,674.0
1.0,4460.0,2203.0,2234.0,2248.0,2197.0,2197.0,1564.0,670.0,1542.0,661.0
1.0,4505.0,2186.0,2233.0,2197.0,2183.0,2183.0,1563.0,670.0,1529.0,657.0
1.0,4516.0,2259.0,2234.0,2183.0,2262.0,2262.0,1564.0,670.0,1582.0,677.0
1.0,4440.0,2296.0,2236.0,2262.0,2302.0,2302.0,1565.0,671.0,1608.0,688.0
1.0,4406.0,2281.0,2237.0,2302.0,2284.0,2284.0,1566.0,671.0,1595.0,686.0
1.0,4427.0,2237.0,2237.0,2284.0,2237.0,2237.0,1566.0,671.0,1566.0,671.0
1.0,4474.0,2267.0,2239.0,2237.0,2273.0,2273.0,1567.0,672.0,1588.0,679.0
1.0,4444.0,2220.0,2237.0,2273.0,2214.0,2214.0,1566.0,671.0,1553.0,667.0
1.0,4497.0,2228.0,2237.0,2214.0,2228.0,2228.0,1566.0,671.0,1560.0,668.0
1.0,4483.0,2269.0,2239.0,2228.0,2275.0,2275.0,1567.0,672.0,1589.0,680.0
1.0,4442.0,2266.0,2241.0,2275.0,2272.0,2272.0,1569.0,672.0,1585.0,681.0
1.0,4451.0,2283.0,2243.0,2272.0,2289.0,2289.0,1570.0,673.0,1599.0,684.0
1.0,4440.0,2332.0,2244.0,2289.0,2335.0,2335.0,1571.0,673.0,1632.0,700.0
1.0,4397.0,2230.0,2244.0,2335.0,2230.0,2230.0,1571.0,673.0,1561.0,669.0
1.0,4502.0,2250.0,2246.0,2230.0,2256.0,2256.0,1572.0,674.0,1575.0,675.0
1.0,4482.0,2176.0,2244.0,2256.0,2170.0,2170.0,1571.0,673.0,1522.0,654.0
1.0,4562.0,2252.0,2244.0,2170.0,2252.0,2252.0,1571.0,673.0,1576.0,676.0
1.0,4480.0,2286.0,2246.0,2252.0,2292.0,2292.0,1572.0,674.0,1601.0,685.0
1.0,4446.0,2326.0,2247.0,2292.0,2329.0,2329.0,1573.0,674.0,1628.0,698.0
1.0,4412.0,2333.0,2250.0,2329.0,2342.0,2342.0,1575.0,675.0,1634.0,699.0
1.0,4408.0,2263.0,2249.0,2342.0,2260.0,2260.0,1574.0,675.0,1584.0,679.0
1.0,4487.0,2290.0,2250.0,2260.0,2293.0,2293.0,1575.0,675.0,1603.0,687.0
1.0,4457.0,2231.0,2249.0,2293.0,2228.0,2228.0,1574.0,675.0,1562.0,669.0
1.0,4519.0,2265.0,2250.0,2228.0,2268.0,2268.0,1575.0,675.0,1584.0,681.0
1.0,4482.0,2361.0,2254.0,2268.0,2373.0,2373.0,1578.0,676.0,1652.0,709.0
1.0,4389.0,2293.0,2256.0,2373.0,2299.0,2299.0,1579.0,677.0,1606.0,687.0
1.0,4469.0,2303.0,2256.0,2299.0,2303.0,2303.0,1579.0,677.0,1613.0,690.0
1.0,4465.0,2252.0,2256.0,2303.0,2252.0,2252.0,1579.0,677.0,1576.0,676.0
1.0,4516.0,2253.0,2256.0,2252.0,2253.0,2253.0,1579.0,677.0,1577.0,676.0
1.0,4515.0,2224.0,2254.0,2253.0,2218.0,2218.0,1578.0,676.0,1556.0,668.0
1.0,4544.0,2273.0,2256.0,2218.0,2279.0,2279.0,1579.0,677.0,1592.0,681.0
1.0,4489.0,2283.0,2257.0,2279.0,2286.0,2286.0,1580.0,677.0,1597.0,686.0
1.0,4485.0,2346.0,2261.0,2286.0,2358.0,2358.0,1583.0,678.0,1642.0,704.0
1.0,4425.0,2255.0,2263.0,2358.0,2261.0,2261.0,1584.0,679.0,1579.0,676.0
1.0,4528.0,2247.0,2262.0,2261.0,2244.0,2244.0,1583.0,679.0,1573.0,674.0
1.0,4542.0,2247.0,2262.0,2244.0,2247.0,2247.0,1583.0,679.0,1573.0,674.0
1.0,4539.0,2272.0,2261.0,2247.0,2269.0,2269.0,1583.0,678.0,1590.0,682.0
1.0,4514.0,2266.0,2263.0,2269.0,2272.0,2272.0,1584.0,679.0,1587.0,679.0
1.0,4517.0,2266.0,2263.0,2272.0,2266.0,2266.0,1584.0,679.0,1586.0,680.0
1.0,4523.0,2333.0,2266.0,2266.0,2342.0,2342.0,1586.0,680.0,1632.0,701.0
1.0,4456.0,2259.0,2266.0,2342.0,2259.0,2259.0,1586.0,680.0,1581.0,678.0
1.0,4539.0,2240.0,2264.0,2259.0,2234.0,2234.0,1585.0,679.0,1568.0,672.0
1.0,4558.0,2217.0,2264.0,2234.0,2217.0,2217.0,1585.0,679.0,1551.0,666.0
1.0,4575.0,2271.0,2264.0,2217.0,2271.0,2271.0,1585.0,679.0,1590.0,681.0
1.0,4521.0,2279.0,2266.0,2271.0,2285.0,2285.0,1586.0,680.0,1597.0,682.0
1.0,4513.0,2259.0,2267.0,2285.0,2262.0,2262.0,1587.0,680.0,1581.0,678.0
1.0,4539.0,2330.0,2269.0,2262.0,2336.0,2336.0,1588.0,681.0,1630.0,700.0
1.0,4471.0,2322.0,2270.0,2336.0,2325.0,2325.0,1589.0,681.0,1626.0,696.0
1.0,4485.0,2203.0,2269.0,2325.0,2200.0,2200.0,1588.0,681.0,1541.0,662.0
1.0,4607.0,2262.0,2267.0,2200.0,2256.0,2256.0,1587.0,680.0,1583.0,679.0
1.0,4545.0,2191.0,2265.0,2256.0,2185.0,2185.0,1585.0,680.0,1534.0,657.0
1.0,4610.0,2300.0,2266.0,2185.0,2303.0,2303.0,1586.0,680.0,1611.0,689.0
1.0,4495.0,2317.0,2269.0,2303.0,2326.0,2326.0,1588.0,681.0,1621.0,696.0
1.0,4481.0,2259.0,2270.0,2326.0,2262.0,2262.0,1589.0,681.0,1582.0,677.0
1.0,4548.0,2336.0,2271.0,2262.0,2339.0,2339.0,1590.0,681.0,1634.0,702.0
1.0,4474.0,2256.0,2270.0,2339.0,2253.0,2253.0,1589.0,681.0,1579.0,677.0
1.0,4557.0,2299.0,2270.0,2253.0,2299.0,2299.0,1589.0,681.0,1609.0,690.0
1.0,4511.0,2247.0,2271.0,2299.0,2250.0,2250.0,1590.0,681.0,1573.0,674.0
1.0,4563.0,2300.0,2272.0,2250.0,2303.0,2303.0,1590.0,682.0,1611.0,689.0
1.0,4513.0,2327.0,2273.0,2303.0,2330.0,2330.0,1591.0,682.0,1628.0,699.0
1.0,4489.0,2316.0,2276.0,2330.0,2325.0,2325.0,1593.0,683.0,1622.0,694.0
1.0,4503.0,2277.0,2276.0,2325.0,2277.0,2277.0,1593.0,683.0,1594.0,683.0
1.0,4551.0,2293.0,2276.0,2277.0,2293.0,2293.0,1593.0,683.0,1606.0,687.0
1.0,4535.0,2243.0,2276.0,2293.0,2243.0,2243.0,1593.0,683.0,1569.0,674.0
1.0,4585.0,2224.0,2273.0,2243.0,2215.0,2215.0,1591.0,682.0,1556.0,668.0
1.0,4604.0,2289.0,2274.0,2215.0,2292.0,2292.0,1592.0,682.0,1603.0,686.0
1.0,4530.0,2340.0,2276.0,2292.0,2346.0,2346.0,1593.0,683.0,1639.0,701.0
1.0,4482.0,2283.0,2278.0,2346.0,2289.0,2289.0,1595.0,683.0,1597.0,686.0
1.0,4545.0,2302.0,2279.0,2289.0,2305.0,2305.0,1595.0,684.0,1612.0,690.0
1.0,4532.0,2331.0,2280.0,2305.0,2334.0,2334.0,1596.0,684.0,1632.0,699.0
1.0,4506.0,2307.0,2280.0,2334.0,2307.0,2307.0,1596.0,684.0,1615.0,692.0
1.0,4533.0,2214.0,2277.0,2307.0,2205.0,2205.0,1594.0,683.0,1549.0,665.0
1.0,4626.0,2372.0,2279.0,2205.0,2378.0,2378.0,1595.0,684.0,1661.0,711.0
1.0,4459.0,2283.0,2279.0,2378.0,2283.0,2283.0,1595.0,684.0,1598.0,685.0
1.0,4554.0,2330.0,2281.0,2283.0,2336.0,2336.0,1597.0,684.0,1630.0,700.0
1.0,4507.0,2325.0,2283.0,2336.0,2331.0,2331.0,1598.0,685.0,1628.0,697.0
1.0,4518.0,2323.0,2281.0,2331.0,2317.0,2317.0,1597.0,684.0,1626.0,697.0
1.0,4526.0,2312.0,2282.0,2317.0,2315.0,2315.0,1597.0,685.0,1618.0,694.0
1.0,4531.0,2238.0,2280.0,2315.0,2232.0,2232.0,1596.0,684.0,1566.0,672.0
1.0,4608.0,2304.0,2282.0,2232.0,2310.0,2310.0,1597.0,685.0,1614.0,690.0
1.0,4536.0,2380.0,2284.0,2310.0,2386.0,2386.0,1599.0,685.0,1666.0,714.0
1.0,4466.0,2322.0,2286.0,2386.0,2328.0,2328.0,1600.0,686.0,1626.0,696.0
1.0,4530.0,2298.0,2286.0,2328.0,2298.0,2298.0,1600.0,686.0,1609.0,689.0
1.0,4560.0,2289.0,2287.0,2298.0,2292.0,2292.0,1601.0,686.0,1600.0,689.0
1.0,4569.0,2228.0,2284.0,2292.0,2219.0,2219.0,1599.0,685.0,1561.0,667.0
1.0,4633.0,2289.0,2285.0,2219.0,2292.0,2292.0,1599.0,686.0,1602.0,687.0
1.0,4563.0,2223.0,2284.0,2292.0,2220.0,2220.0,1599.0,685.0,1556.0,667.0
1.0,4632.0,2343.0,2286.0,2220.0,2349.0,2349.0,1600.0,686.0,1639.0,704.0
1.0,4509.0,2342.0,2287.0,2349.0,2345.0,2345.0,1601.0,686.0,1640.0,702.0
1.0,4516.0,2326.0,2289.0,2345.0,2332.0,2332.0,1602.0,687.0,1629.0,697.0
1.0,4535.0,2286.0,2289.0,2332.0,2286.0,2286.0,1602.0,687.0,1600.0,686.0
1.0,4581.0,2224.0,2287.0,2286.0,2218.0,2218.0,1601.0,686.0,1556.0,668.0
1.0,4643.0,2240.0,2287.0,2218.0,2240.0,2240.0,1601.0,686.0,1568.0,672.0
1.0,4621.0,2289.0,2287.0,2240.0,2289.0,2289.0,1601.0,686.0,1602.0,687.0
1.0,4572.0,2371.0,2290.0,2289.0,2380.0,2380.0,1603.0,687.0,1659.0,712.0
1.0,4490.0,2309.0,2291.0,2380.0,2312.0,2312.0,1604.0,687.0,1617.0,692.0
1.0,4561.0,2375.0,2293.0,2312.0,2381.0,2381.0,1605.0,688.0,1661.0,714.0
1.0,4498.0,2327.0,2294.0,2381.0,2330.0,2330.0,1606.0,688.0,1630.0,697.0
1.0,4552.0,2303.0,2294.0,2330.0,2303.0,2303.0,1606.0,688.0,1612.0,691.0
1.0,4579.0,2332.0,2294.0,2303.0,2332.0,2332.0,1606.0,688.0,1632.0,700.0
1.0,4550.0,2319.0,2296.0,2332.0,2325.0,2325.0,1607.0,689.0,1624.0,695.0
1.0,4563.0,2338.0,2297.0,2325.0,2341.0,2341.0,1608.0,689.0,1635.0,703.0
1.0,4550.0,2292.0,2300.0,2341.0,2301.0,2301.0,1610.0,690.0,1605.0,687.0
1.0,4599.0,2369.0,2301.0,2301.0,2372.0,2372.0,1611.0,690.0,1657.0,712.0
1.0,4531.0,2303.0,2301.0,2372.0,2303.0,2303.0,1611.0,690.0,1612.0,691.0
1.0,4600.0,2307.0,2302.0,2303.0,2310.0,2310.0,1611.0,691.0,1616.0,691.0
1.0,4596.0,2251.0,2300.0,2310.0,2245.0,2245.0,1610.0,690.0,1575.0,676.0
1.0,4655.0,2367.0,2303.0,2245.0,2376.0,2376.0,1612.0,691.0,1658.0,709.0
1.0,4533.0,2312.0,2303.0,2376.0,2312.0,2312.0,1612.0,691.0,1618.0,694.0
1.0,4597.0,2358.0,2304.0,2312.0,2361.0,2361.0,1613.0,691.0,1650.0,708.0
1.0,4551.0,2415.0,2307.0,2361.0,2424.0,2424.0,1615.0,692.0,1689.0,726.0
1.0,4497.0,2304.0,2306.0,2424.0,2301.0,2301.0,1614.0,692.0,1615.0,689.0
1.0,4617.0,2307.0,2306.0,2301.0,2307.0,2307.0,1614.0,692.0,1615.0,692.0
1.0,4611.0,2282.0,2306.0,2307.0,2282.0,2282.0,1614.0,692.0,1597.0,685.0
1.0,4636.0,2277.0,2306.0,2282.0,2277.0,2277.0,1614.0,692.0,1594.0,683.0
1.0,4641.0,2403.0,2309.0,2277.0,2412.0,2412.0,1616.0,693.0,1682.0,721.0
1.0,4515.0,2366.0,2312.0,2412.0,2375.0,2375.0,1618.0,694.0,1656.0,710.0
1.0,4561.0,2357.0,2313.0,2375.0,2360.0,2360.0,1619.0,694.0,1651.0,706.0
1.0,4579.0,2334.0,2313.0,2360.0,2334.0,2334.0,1619.0,694.0,1634.0,700.0
1.0,4605.0,2322.0,2314.0,2334.0,2325.0,2325.0,1620.0,694.0,1623.0,699.0
1.0,4617.0,2271.0,2313.0,2325.0,2268.0,2268.0,1619.0,694.0,1592.0,679.0
1.0,4671.0,2382.0,2314.0,2268.0,2385.0,2385.0,1620.0,694.0,1665.0,717.0
1.0,4557.0,2371.0,2316.0,2385.0,2377.0,2377.0,1621.0,695.0,1661.0,710.0
1.0,4571.0,2312.0,2317.0,2377.0,2315.0,2315.0,1622.0,695.0,1617.0,695.0
1.0,4636.0,2318.0,2316.0,2315.0,2315.0,2315.0,1621.0,695.0,1625.0,693.0
1.0,4633.0,2344.0,2317.0,2315.0,2347.0,2347.0,1622.0,695.0,1640.0,704.0
1.0,4604.0,2317.0,2317.0,2347.0,2317.0,2317.0,1622.0,695.0,1622.0,695.0
1.0,4634.0,2313.0,2317.0,2317.0,2313.0,2313.0,1622.0,695.0,1618.0,695.0
1.0,4638.0,2401.0,2319.0,2313.0,2407.0,2407.0,1623.0,696.0,1682.0,719.0
1.0,4550.0,2340.0,2319.0,2407.0,2340.0,2340.0,1623.0,696.0,1639.0,701.0
1.0,4617.0,2376.0,2322.0,2340.0,2385.0,2385.0,1625.0,697.0,1663.0,713.0
1.0,4581.0,2332.0,2323.0,2385.0,2335.0,2335.0,1626.0,697.0,1632.0,700.0
1.0,4634.0,2307.0,2321.0,2335.0,2301.0,2301.0,1625.0,696.0,1614.0,693.0
1.0,4662.0,2359.0,2322.0,2301.0,2362.0,2362.0,1625.0,697.0,1652.0,707.0
1.0,4604.0,2402.0,2323.0,2362.0,2405.0,2405.0,1626.0,697.0,1682.0,720.0
1.0,4564.0,2420.0,2326.0,2405.0,2429.0,2429.0,1628.0,698.0,1694.0,726.0
1.0,4549.0,2392.0,2329.0,2429.0,2401.0,2401.0,1630.0,699.0,1674.0,718.0
1.0,4586.0,2369.0,2331.0,2401.0,2375.0,2375.0,1632.0,699.0,1659.0,710.0
1.0,4618.0,2398.0,2334.0,2375.0,2407.0,2407.0,1634.0,700.0,1678.0,720.0
1.0,4595.0,2362.0,2334.0,2407.0,2362.0,2362.0,1634.0,700.0,1651.0,711.0
1.0,4640.0,2258.0,2333.0,2362.0,2255.0,2255.0,1633.0,700.0,1582.0,676.0
1.0,4744.0,2354.0,2333.0,2255.0,2354.0,2354.0,1633.0,700.0,1649.0,705.0
1.0,4645.0,2346.0,2334.0,2354.0,2349.0,2349.0,1634.0,700.0,1640.0,706.0
1.0,4653.0,2295.0,2336.0,2349.0,2301.0,2301.0,1635.0,701.0,1607.0,688.0
1.0,4707.0,2386.0,2339.0,2301.0,2395.0,2395.0,1637.0,702.0,1670.0,716.0
1.0,4622.0,2393.0,2340.0,2395.0,2396.0,2396.0,1638.0,702.0,1676.0,717.0
1.0,4624.0,2366.0,2340.0,2396.0,2366.0,2366.0,1638.0,702.0,1656.0,710.0
1.0,4654.0,2293.0,2340.0,2366.0,2293.0,2293.0,1638.0,702.0,1605.0,688.0
1.0,4727.0,2305.0,2339.0,2293.0,2302.0,2302.0,1637.0,702.0,1613.0,692.0
1.0,4715.0,2322.0,2339.0,2302.0,2322.0,2322.0,1637.0,702.0,1625.0,697.0
1.0,4695.0,2385.0,2340.0,2322.0,2388.0,2388.0,1638.0,702.0,1670.0,715.0
1.0,4632.0,2320.0,2340.0,2388.0,2320.0,2320.0,1638.0,702.0,1624.0,696.0
1.0,4700.0,2362.0,2341.0,2320.0,2365.0,2365.0,1639.0,702.0,1652.0,710.0
1.0,4658.0,2341.0,2341.0,2365.0,2341.0,2341.0,1639.0,702.0,1639.0,702.0
1.0,4682.0,2303.0,2341.0,2341.0,2303.0,2303.0,1639.0,702.0,1612.0,691.0
1.0,4720.0,2321.0,2340.0,2303.0,2318.0,2318.0,1638.0,702.0,1627.0,694.0
1.0,4702.0,2302.0,2340.0,2318.0,2302.0,2302.0,1638.0,702.0,1611.0,691.0
1.0,4718.0,2337.0,2341.0,2302.0,2340.0,2340.0,1639.0,702.0,1634.0,703.0
1.0,4683.0,2353.0,2343.0,2340.0,2359.0,2359.0,1640.0,703.0,1648.0,705.0
1.0,4670.0,2331.0,2343.0,2359.0,2331.0,2331.0,1640.0,703.0,1632.0,699.0
1.0,4698.0,2354.0,2343.0,2331.0,2354.0,2354.0,1640.0,703.0,1648.0,706.0
1.0,4675.0,2303.0,2342.0,2354.0,2300.0,2300.0,1639.0,703.0,1612.0,691.0
1.0,4726.0,2292.0,2340.0,2300.0,2286.0,2286.0,1638.0,702.0,1605.0,687.0
1.0,4734.0,2355.0,2340.0,2286.0,2355.0,2355.0,1638.0,702.0,1647.0,708.0
1.0,4665.0,2394.0,2343.0,2355.0,2403.0,2403.0,1640.0,703.0,1677.0,717.0
1.0,4626.0,2343.0,2343.0,2403.0,2343.0,2343.0,1640.0,703.0,1641.0,702.0
1.0,4686.0,2383.0,2346.0,2343.0,2392.0,2392.0,1642.0,704.0,1667.0,716.0
1.0,4646.0,2350.0,2344.0,2392.0,2344.0,2344.0,1641.0,703.0,1645.0,705.0
1.0,4688.0,2301.0,2343.0,2344.0,2298.0,2298.0,1640.0,703.0,1612.0,689.0
1.0,4731.0,2290.0,2342.0,2298.0,2287.0,2287.0,1639.0,703.0,1602.0,688.0
1.0,4739.0,2401.0,2343.0,2287.0,2404.0,2404.0,1640.0,703.0,1682.0,719.0
1.0,4625.0,2340.0,2343.0,2404.0,2340.0,2340.0,1640.0,703.0,1636.0,704.0
1.0,4689.0,2447.0,2347.0,2340.0,2459.0,2459.0,1643.0,704.0,1716.0,731.0
1.0,4582.0,2350.0,2346.0,2459.0,2347.0,2347.0,1642.0,704.0,1644.0,706.0
1.0,4691.0,2317.0,2346.0,2347.0,2317.0,2317.0,1642.0,704.0,1621.0,696.0
1.0,4721.0,2317.0,2346.0,2317.0,2317.0,2317.0,1642.0,704.0,1623.0,694.0
1.0,4721.0,2326.0,2346.0,2317.0,2326.0,2326.0,1642.0,704.0,1628.0,698.0
1.0,4712.0,2340.0,2346.0,2326.0,2340.0,2340.0,1642.0,704.0,1638.0,702.0
1.0,4698.0,2466.0,2348.0,2340.0,2472.0,2472.0,1644.0,704.0,1726.0,740.0
1.0,4572.0,2449.0,2351.0,2472.0,2458.0,2458.0,1646.0,705.0,1713.0,736.0
1.0,4595.0,2439.0,2352.0,2458.0,2442.0,2442.0,1646.0,706.0,1708.0,731.0
1.0,4614.0,2349.0,2352.0,2442.0,2349.0,2349.0,1646.0,706.0,1644.0,705.0
1.0,4707.0,2443.0,2353.0,2349.0,2446.0,2446.0,1647.0,706.0,1711.0,732.0
1.0,4613.0,2295.0,2353.0,2446.0,2295.0,2295.0,1647.0,706.0,1606.0,689.0
1.0,4764.0,2402.0,2354.0,2295.0,2405.0,2405.0,1648.0,706.0,1681.0,721.0
1.0,4657.0,2464.0,2356.0,2405.0,2470.0,2470.0,1649.0,707.0,1726.0,738.0
1.0,4598.0,2401.0,2356.0,2470.0,2401.0,2401.0,1649.0,707.0,1681.0,720.0
1.0,4667.0,2372.0,2356.0,2401.0,2372.0,2372.0,1649.0,707.0,1660.0,712.0
1.0,4696.0,2404.0,2356.0,2372.0,2404.0,2404.0,1649.0,707.0,1683.0,721.0
1.0,4664.0,2388.0,2356.0,2404.0,2388.0,2388.0,1649.0,707.0,1672.0,716.0
1.0,4680.0,2321.0,2354.0,2388.0,2315.0,2315.0,1648.0,706.0,1624.0,697.0
1.0,4747.0,2334.0,2354.0,2315.0,2334.0,2334.0,1648.0,706.0,1634.0,700.0
1.0,4728.0,2440.0,2357.0,2334.0,2449.0,2449.0,1650.0,707.0,1708.0,732.0
1.0,4622.0,2473.0,2360.0,2449.0,2482.0,2482.0,1652.0,708.0,1733.0,740.0
1.0,4598.0,2420.0,2361.0,2482.0,2423.0,2423.0,1653.0,708.0,1693.0,727.0
1.0,4660.0,2356.0,2363.0,2423.0,2362.0,2362.0,1654.0,709.0,1650.0,706.0
1.0,4727.0,2324.0,2361.0,2362.0,2318.0,2318.0,1653.0,708.0,1626.0,698.0
1.0,4765.0,2309.0,2360.0,2318.0,2306.0,2306.0,1652.0,708.0,1617.0,692.0
1.0,4774.0,2389.0,2360.0,2306.0,2389.0,2389.0,1652.0,708.0,1670.0,719.0
1.0,4691.0,2416.0,2363.0,2389.0,2425.0,2425.0,1654.0,709.0,1693.0,723.0
1.0,4664.0,2447.0,2365.0,2425.0,2453.0,2453.0,1656.0,709.0,1712.0,735.0
1.0,4642.0,2400.0,2367.0,2453.0,2406.0,2406.0,1657.0,710.0,1681.0,719.0
1.0,4695.0,2369.0,2366.0,2406.0,2366.0,2366.0,1656.0,710.0,1658.0,711.0
1.0,4732.0,2357.0,2367.0,2366.0,2360.0,2360.0,1657.0,710.0,1649.0,708.0
1.0,4741.0,2396.0,2367.0,2360.0,2396.0,2396.0,1657.0,710.0,1677.0,719.0
1.0,4705.0,2354.0,2368.0,2396.0,2357.0,2357.0,1658.0,710.0,1648.0,706.0
1.0,4747.0,2409.0,2370.0,2357.0,2415.0,2415.0,1659.0,711.0,1688.0,721.0
1.0,4695.0,2386.0,2371.0,2415.0,2389.0,2389.0,1660.0,711.0,1669.0,717.0
1.0,4724.0,2354.0,2373.0,2389.0,2360.0,2360.0,1661.0,712.0,1648.0,706.0
1.0,4759.0,2297.0,2371.0,2360.0,2291.0,2291.0,1660.0,711.0,1608.0,689.0
1.0,4822.0,2356.0,2371.0,2291.0,2356.0,2356.0,1660.0,711.0,1649.0,707.0
1.0,4757.0,2441.0,2374.0,2356.0,2450.0,2450.0,1662.0,712.0,1710.0,731.0
1.0,4672.0,2348.0,2373.0,2450.0,2345.0,2345.0,1661.0,712.0,1644.0,704.0
1.0,4774.0,2388.0,2375.0,2345.0,2394.0,2394.0,1663.0,712.0,1670.0,718.0
1.0,4731.0,2407.0,2377.0,2394.0,2413.0,2413.0,1664.0,713.0,1687.0,720.0
1.0,4718.0,2392.0,2378.0,2413.0,2395.0,2395.0,1665.0,713.0,1672.0,720.0
1.0,4739.0,2376.0,2377.0,2395.0,2373.0,2373.0,1664.0,713.0,1663.0,713.0
1.0,4758.0,2390.0,2379.0,2373.0,2396.0,2396.0,1665.0,714.0,1674.0,716.0
1.0,4741.0,2432.0,2380.0,2396.0,2435.0,2435.0,1666.0,714.0,1702.0,730.0
1.0,4705.0,2379.0,2380.0,2435.0,2379.0,2379.0,1666.0,714.0,1666.0,713.0
1.0,4761.0,2445.0,2383.0,2379.0,2454.0,2454.0,1668.0,715.0,1710.0,735.0
1.0,4695.0,2444.0,2386.0,2454.0,2453.0,2453.0,1670.0,716.0,1710.0,734.0
1.0,4705.0,2423.0,2386.0,2453.0,2423.0,2423.0,1670.0,716.0,1697.0,726.0
1.0,4735.0,2442.0,2388.0,2423.0,2448.0,2448.0,1672.0,716.0,1708.0,734.0
1.0,4716.0,2340.0,2386.0,2448.0,2334.0,2334.0,1670.0,716.0,1639.0,701.0
1.0,4824.0,2356.0,2386.0,2334.0,2356.0,2356.0,1670.0,716.0,1649.0,707.0
1.0,4802.0,2402.0,2387.0,2356.0,2405.0,2405.0,1671.0,716.0,1680.0,722.0
1.0,4756.0,2482.0,2391.0,2405.0,2494.0,2494.0,1674.0,717.0,1737.0,745.0
1.0,4679.0,2476.0,2394.0,2494.0,2485.0,2485.0,1676.0,718.0,1735.0,741.0
1.0,4697.0,2419.0,2396.0,2485.0,2425.0,2425.0,1677.0,719.0,1692.0,727.0
1.0,4763.0,2437.0,2394.0,2425.0,2431.0,2431.0,1676.0,718.0,1706.0,731.0
1.0,4751.0,2373.0,2393.0,2431.0,2370.0,2370.0,1675.0,718.0,1662.0,711.0
1.0,4809.0,2374.0,2392.0,2370.0,2371.0,2371.0,1674.0,718.0,1661.0,713.0
1.0,4805.0,2393.0,2393.0,2371.0,2396.0,2396.0,1675.0,718.0,1675.0,718.0
1.0,4783.0,2476.0,2394.0,2396.0,2479.0,2479.0,1676.0,718.0,1734.0,742.0
1.0,4703.0,2444.0,2397.0,2479.0,2453.0,2453.0,1678.0,719.0,1710.0,734.0
1.0,4738.0,2410.0,2397.0,2453.0,2410.0,2410.0,1678.0,719.0,1687.0,723.0
1.0,4781.0,2403.0,2396.0,2410.0,2400.0,2400.0,1677.0,719.0,1681.0,722.0
1.0,4788.0,2374.0,2395.0,2400.0,2371.0,2371.0,1676.0,719.0,1662.0,712.0
1.0,4814.0,2364.0,2394.0,2371.0,2361.0,2361.0,1676.0,718.0,1655.0,709.0
1.0,4821.0,2383.0,2394.0,2361.0,2383.0,2383.0,1676.0,718.0,1667.0,716.0
1.0,4799.0,2430.0,2396.0,2383.0,2436.0,2436.0,1677.0,719.0,1702.0,728.0
1.0,4752.0,2452.0,2397.0,2436.0,2455.0,2455.0,1678.0,719.0,1716.0,736.0
1.0,4736.0,2454.0,2400.0,2455.0,2463.0,2463.0,1680.0,720.0,1719.0,735.0
1.0,4737.0,2449.0,2400.0,2463.0,2449.0,2449.0,1680.0,720.0,1714.0,735.0
1.0,4751.0,2295.0,2397.0,2449.0,2286.0,2286.0,1678.0,719.0,1607.0,688.0
1.0,4905.0,2356.0,2396.0,2286.0,2353.0,2353.0,1677.0,719.0,1648.0,708.0
1.0,4835.0,2435.0,2397.0,2353.0,2438.0,2438.0,1678.0,719.0,1703.0,732.0
1.0,4753.0,2389.0,2399.0,2438.0,2395.0,2395.0,1679.0,720.0,1673.0,716.0
1.0,4802.0,2476.0,2402.0,2395.0,2485.0,2485.0,1681.0,721.0,1733.0,743.0
1.0,4721.0,2426.0,2403.0,2485.0,2429.0,2429.0,1682.0,721.0,1699.0,727.0
1.0,4780.0,2416.0,2402.0,2429.0,2413.0,2413.0,1681.0,721.0,1691.0,725.0
1.0,4793.0,2380.0,2401.0,2413.0,2377.0,2377.0,1681.0,720.0,1665.0,715.0
1.0,4826.0,2334.0,2400.0,2377.0,2331.0,2331.0,1680.0,720.0,1635.0,699.0
1.0,4869.0,2435.0,2401.0,2331.0,2438.0,2438.0,1681.0,720.0,1703.0,732.0
1.0,4765.0,2436.0,2403.0,2438.0,2442.0,2442.0,1682.0,721.0,1706.0,730.0
1.0,4767.0,2453.0,2403.0,2442.0,2453.0,2453.0,1682.0,721.0,1716.0,737.0
1.0,4756.0,2450.0,2406.0,2453.0,2459.0,2459.0,1684.0,722.0,1716.0,734.0
1.0,4759.0,2454.0,2406.0,2459.0,2454.0,2454.0,1684.0,722.0,1719.0,735.0
1.0,4764.0,2401.0,2407.0,2454.0,2404.0,2404.0,1685.0,722.0,1681.0,720.0
1.0,4817.0,2413.0,2407.0,2404.0,2413.0,2413.0,1685.0,722.0,1688.0,725.0
1.0,4808.0,2392.0,2410.0,2413.0,2401.0,2401.0,1687.0,723.0,1675.0,717.0
1.0,4829.0,2447.0,2411.0,2401.0,2450.0,2450.0,1688.0,723.0,1712.0,735.0
1.0,4783.0,2466.0,2412.0,2450.0,2469.0,2469.0,1688.0,724.0,1727.0,739.0
1.0,4767.0,2406.0,2413.0,2469.0,2409.0,2409.0,1689.0,724.0,1684.0,722.0
1.0,4830.0,2323.0,2412.0,2409.0,2320.0,2320.0,1688.0,724.0,1626.0,697.0
1.0,4916.0,2394.0,2412.0,2320.0,2394.0,2394.0,1688.0,724.0,1675.0,719.0
1.0,4842.0,2403.0,2412.0,2394.0,2403.0,2403.0,1688.0,724.0,1683.0,720.0
1.0,4833.0,2390.0,2412.0,2403.0,2390.0,2390.0,1688.0,724.0,1673.0,717.0
1.0,4846.0,2432.0,2413.0,2390.0,2435.0,2435.0,1689.0,724.0,1702.0,730.0
1.0,4804.0,2506.0,2414.0,2435.0,2509.0,2509.0,1690.0,724.0,1753.0,753.0
1.0,4733.0,2440.0,2416.0,2509.0,2446.0,2446.0,1691.0,725.0,1709.0,731.0
1.0,4802.0,2410.0,2414.0,2446.0,2404.0,2404.0,1690.0,724.0,1687.0,723.0
1.0,4838.0,2453.0,2414.0,2404.0,2453.0,2453.0,1690.0,724.0,1717.0,736.0
1.0,4789.0,2389.0,2414.0,2453.0,2389.0,2389.0,1690.0,724.0,1672.0,717.0
1.0,4853.0,2391.0,2413.0,2389.0,2388.0,2388.0,1689.0,724.0,1673.0,718.0
1.0,4851.0,2476.0,2416.0,2388.0,2485.0,2485.0,1691.0,725.0,1735.0,741.0
1.0,4763.0,2528.0,2419.0,2485.0,2537.0,2537.0,1693.0,726.0,1769.0,759.0
1.0,4720.0,2446.0,2420.0,2537.0,2449.0,2449.0,1694.0,726.0,1713.0,733.0
1.0,4811.0,2427.0,2419.0,2449.0,2424.0,2424.0,1693.0,726.0,1698.0,729.0
1.0,4833.0,2447.0,2419.0,2424.0,2447.0,2447.0,1693.0,726.0,1713.0,734.0
1.0,4810.0,2482.0,2420.0,2447.0,2485.0,2485.0,1694.0,726.0,1738.0,744.0
1.0,4775.0,2472.0,2420.0,2485.0,2472.0,2472.0,1694.0,726.0,1728.0,744.0
1.0,4788.0,2490.0,2423.0,2472.0,2499.0,2499.0,1696.0,727.0,1744.0,746.0
1.0,4770.0,2420.0,2423.0,2499.0,2420.0,2420.0,1696.0,727.0,1695.0,725.0
1.0,4849.0,2515.0,2426.0,2420.0,2524.0,2524.0,1698.0,728.0,1760.0,755.0
1.0,4754.0,2477.0,2426.0,2524.0,2477.0,2477.0,1698.0,728.0,1734.0,743.0
1.0,4801.0,2364.0,2424.0,2477.0,2358.0,2358.0,1697.0,727.0,1654.0,710.0
1.0,4914.0,2441.0,2424.0,2358.0,2441.0,2441.0,1697.0,727.0,1709.0,732.0
1.0,4831.0,2463.0,2426.0,2441.0,2469.0,2469.0,1698.0,728.0,1725.0,738.0
1.0,4809.0,2487.0,2428.0,2469.0,2493.0,2493.0,1700.0,728.0,1740.0,747.0
1.0,4791.0,2562.0,2432.0,2493.0,2574.0,2574.0,1702.0,730.0,1794.0,768.0
1.0,4722.0,2484.0,2434.0,2574.0,2490.0,2490.0,1704.0,730.0,1740.0,744.0
1.0,4812.0,2449.0,2434.0,2490.0,2449.0,2449.0,1704.0,730.0,1712.0,737.0
1.0,4853.0,2440.0,2434.0,2449.0,2440.0,2440.0,1704.0,730.0,1708.0,732.0
1.0,4862.0,2399.0,2433.0,2440.0,2396.0,2396.0,1703.0,730.0,1681.0,718.0
1.0,4903.0,2463.0,2433.0,2396.0,2463.0,2463.0,1703.0,730.0,1724.0,739.0
1.0,4836.0,2448.0,2436.0,2463.0,2457.0,2457.0,1705.0,731.0,1713.0,735.0
1.0,4851.0,2517.0,2439.0,2457.0,2526.0,2526.0,1707.0,732.0,1762.0,755.0
1.0,4791.0,2447.0,2440.0,2526.0,2450.0,2450.0,1708.0,732.0,1713.0,734.0
1.0,4870.0,2480.0,2441.0,2450.0,2483.0,2483.0,1709.0,732.0,1735.0,745.0
1.0,4840.0,2434.0,2440.0,2483.0,2431.0,2431.0,1708.0,732.0,1706.0,728.0
1.0,4889.0,2463.0,2441.0,2431.0,2466.0,2466.0,1709.0,732.0,1722.0,741.0
1.0,4857.0,2500.0,2443.0,2466.0,2506.0,2506.0,1710.0,733.0,1751.0,749.0
1.0,4823.0,2437.0,2444.0,2506.0,2440.0,2440.0,1711.0,733.0,1707.0,730.0
1.0,4892.0,2511.0,2447.0,2440.0,2520.0,2520.0,1713.0,734.0,1757.0,754.0
1.0,4821.0,2472.0,2448.0,2520.0,2475.0,2475.0,1714.0,734.0,1729.0,743.0
1.0,4869.0,2413.0,2447.0,2475.0,2410.0,2410.0,1713.0,734.0,1690.0,723.0
1.0,4931.0,2383.0,2446.0,2410.0,2380.0,2380.0,1712.0,734.0,1668.0,715.0
1.0,4958.0,2461.0,2446.0,2380.0,2461.0,2461.0,1712.0,734.0,1723.0,738.0
1.0,4877.0,2477.0,2447.0,2461.0,2480.0,2480.0,1713.0,734.0,1734.0,743.0
1.0,4861.0,2476.0,2448.0,2480.0,2479.0,2479.0,1714.0,734.0,1732.0,744.0
1.0,4865.0,2460.0,2449.0,2479.0,2463.0,2463.0,1714.0,735.0,1723.0,737.0
1.0,4884.0,2470.0,2450.0,2463.0,2473.0,2473.0,1715.0,735.0,1730.0,740.0
1.0,4877.0,2443.0,2450.0,2473.0,2443.0,2443.0,1715.0,735.0,1710.0,733.0
1.0,4907.0,2463.0,2450.0,2443.0,2463.0,2463.0,1715.0,735.0,1724.0,739.0
1.0,4887.0,2430.0,2451.0,2463.0,2433.0,2433.0,1716.0,735.0,1699.0,731.0
1.0,4920.0,2506.0,2454.0,2433.0,2515.0,2515.0,1718.0,736.0,1754.0,752.0
1.0,4847.0,2452.0,2456.0,2515.0,2458.0,2458.0,1719.0,737.0,1717.0,735.0
1.0,4910.0,2503.0,2457.0,2458.0,2506.0,2506.0,1720.0,737.0,1753.0,750.0
1.0,4865.0,2506.0,2460.0,2506.0,2515.0,2515.0,1722.0,738.0,1754.0,752.0
1.0,4865.0,2433.0,2460.0,2515.0,2433.0,2433.0,1722.0,738.0,1703.0,730.0
1.0,4947.0,2429.0,2458.0,2433.0,2423.0,2423.0,1721.0,737.0,1699.0,730.0
1.0,4951.0,2453.0,2459.0,2423.0,2456.0,2456.0,1721.0,738.0,1717.0,736.0
1.0,4921.0,2476.0,2460.0,2456.0,2479.0,2479.0,1722.0,738.0,1734.0,742.0
1.0,4901.0,2503.0,2461.0,2479.0,2506.0,2506.0,1723.0,738.0,1753.0,750.0
1.0,4877.0,2530.0,2463.0,2506.0,2536.0,2536.0,1724.0,739.0,1770.0,760.0
1.0,4853.0,2506.0,2466.0,2536.0,2515.0,2515.0,1726.0,740.0,1754.0,752.0
1.0,4883.0,2487.0,2466.0,2515.0,2487.0,2487.0,1726.0,740.0,1741.0,746.0
1.0,4911.0,2484.0,2466.0,2487.0,2484.0,2484.0,1726.0,740.0,1739.0,745.0
1.0,4914.0,2437.0,2464.0,2484.0,2431.0,2431.0,1725.0,739.0,1706.0,731.0
1.0,4961.0,2451.0,2466.0,2431.0,2457.0,2457.0,1726.0,740.0,1716.0,735.0
1.0,4941.0,2459.0,2466.0,2457.0,2459.0,2459.0,1726.0,740.0,1721.0,738.0
1.0,4939.0,2487.0,2466.0,2459.0,2487.0,2487.0,1726.0,740.0,1741.0,746.0
1.0,4911.0,2466.0,2466.0,2487.0,2466.0,2466.0,1726.0,740.0,1726.0,740.0
1.0,4932.0,2514.0,2466.0,2466.0,2514.0,2514.0,1726.0,740.0,1760.0,754.0
1.0,4884.0,2427.0,2466.0,2514.0,2427.0,2427.0,1726.0,740.0,1700.0,727.0
1.0,4971.0,2392.0,2464.0,2427.0,2386.0,2386.0,1725.0,739.0,1675.0,717.0
1.0,5006.0,2496.0,2464.0,2386.0,2496.0,2496.0,1725.0,739.0,1745.0,751.0
1.0,4896.0,2528.0,2467.0,2496.0,2537.0,2537.0,1727.0,740.0,1771.0,757.0
1.0,4864.0,2482.0,2468.0,2537.0,2485.0,2485.0,1728.0,740.0,1736.0,746.0
1.0,4919.0,2522.0,2469.0,2485.0,2525.0,2525.0,1728.0,741.0,1766.0,756.0
1.0,4882.0,2453.0,2469.0,2525.0,2453.0,2453.0,1728.0,741.0,1716.0,737.0
1.0,4954.0,2490.0,2467.0,2453.0,2484.0,2484.0,1727.0,740.0,1743.0,747.0
1.0,4917.0,2479.0,2467.0,2484.0,2479.0,2479.0,1727.0,740.0,1735.0,744.0
1.0,4922.0,2520.0,2469.0,2479.0,2526.0,2526.0,1728.0,741.0,1764.0,756.0
1.0,4881.0,2528.0,2470.0,2526.0,2531.0,2531.0,1729.0,741.0,1771.0,757.0
1.0,4879.0,2493.0,2472.0,2531.0,2499.0,2499.0,1730.0,742.0,1744.0,749.0
1.0,4917.0,2474.0,2472.0,2499.0,2474.0,2474.0,1730.0,742.0,1732.0,742.0
1.0,4942.0,2451.0,2473.0,2474.0,2454.0,2454.0,1731.0,742.0,1716.0,735.0
1.0,4965.0,2423.0,2470.0,2454.0,2414.0,2414.0,1729.0,741.0,1695.0,728.0
1.0,4996.0,2444.0,2470.0,2414.0,2444.0,2444.0,1729.0,741.0,1711.0,733.0
1.0,4966.0,2480.0,2470.0,2444.0,2480.0,2480.0,1729.0,741.0,1736.0,744.0
1.0,4930.0,2496.0,2472.0,2480.0,2502.0,2502.0,1730.0,742.0,1748.0,748.0
1.0,4914.0,2506.0,2473.0,2502.0,2509.0,2509.0,1731.0,742.0,1754.0,752.0
1.0,4910.0,2394.0,2470.0,2509.0,2385.0,2385.0,1729.0,741.0,1675.0,719.0
1.0,5025.0,2420.0,2470.0,2385.0,2420.0,2420.0,1729.0,741.0,1694.0,726.0
1.0,4990.0,2507.0,2470.0,2420.0,2507.0,2507.0,1729.0,741.0,1755.0,752.0
1.0,4903.0,2415.0,2469.0,2507.0,2412.0,2412.0,1728.0,741.0,1692.0,723.0
1.0,4995.0,2498.0,2470.0,2412.0,2501.0,2501.0,1729.0,741.0,1747.0,751.0
1.0,4909.0,2444.0,2472.0,2501.0,2450.0,2450.0,1730.0,742.0,1712.0,732.0
1.0,4966.0,2478.0,2472.0,2450.0,2478.0,2478.0,1730.0,742.0,1735.0,743.0
1.0,4938.0,2488.0,2472.0,2478.0,2488.0,2488.0,1730.0,742.0,1742.0,746.0
1.0,4928.0,2500.0,2473.0,2488.0,2503.0,2503.0,1731.0,742.0,1751.0,749.0
1.0,4916.0,2469.0,2473.0,2503.0,2469.0,2469.0,1731.0,742.0,1728.0,741.0
1.0,4950.0,2467.0,2473.0,2469.0,2467.0,2467.0,1731.0,742.0,1727.0,740.0
1.0,4952.0,2442.0,2473.0,2467.0,2442.0,2442.0,1731.0,742.0,1709.0,733.0
1.0,4977.0,2582.0,2475.0,2442.0,2588.0,2588.0,1732.0,743.0,1806.0,776.0
1.0,4837.0,2509.0,2477.0,2588.0,2515.0,2515.0,1734.0,743.0,1755.0,754.0
1.0,4916.0,2513.0,2477.0,2515.0,2513.0,2513.0,1734.0,743.0,1760.0,753.0
1.0,4918.0,2486.0,2477.0,2513.0,2486.0,2486.0,1734.0,743.0,1740.0,746.0
1.0,4945.0,2472.0,2477.0,2486.0,2472.0,2472.0,1734.0,743.0,1730.0,742.0
1.0,4959.0,2422.0,2476.0,2472.0,2419.0,2419.0,1733.0,743.0,1697.0,725.0
1.0,5009.0,2512.0,2477.0,2419.0,2515.0,2515.0,1734.0,743.0,1757.0,755.0
1.0,4916.0,2512.0,2478.0,2515.0,2515.0,2515.0,1735.0,743.0,1759.0,753.0
1.0,4919.0,2511.0,2480.0,2515.0,2517.0,2517.0,1736.0,744.0,1759.0,752.0
1.0,4923.0,2509.0,2480.0,2517.0,2509.0,2509.0,1736.0,744.0,1754.0,755.0
1.0,4931.0,2444.0,2479.0,2509.0,2441.0,2441.0,1735.0,744.0,1712.0,732.0
1.0,4996.0,2540.0,2479.0,2441.0,2540.0,2540.0,1735.0,744.0,1779.0,761.0
1.0,4897.0,2499.0,2479.0,2540.0,2499.0,2499.0,1735.0,744.0,1749.0,750.0
1.0,4938.0,2507.0,2479.0,2499.0,2507.0,2507.0,1735.0,744.0,1753.0,754.0
1.0,4930.0,2451.0,2479.0,2507.0,2451.0,2451.0,1735.0,744.0,1717.0,734.0
1.0,4986.0,2489.0,2480.0,2451.0,2492.0,2492.0,1736.0,744.0,1741.0,748.0
1.0,4948.0,2507.0,2480.0,2492.0,2507.0,2507.0,1736.0,744.0,1756.0,751.0
1.0,4933.0,2550.0,2483.0,2507.0,2559.0,2559.0,1738.0,745.0,1786.0,764.0
1.0,4890.0,2480.0,2483.0,2559.0,2480.0,2480.0,1738.0,745.0,1736.0,744.0
1.0,4969.0,2536.0,2484.0,2480.0,2539.0,2539.0,1739.0,745.0,1774.0,762.0
1.0,4913.0,2521.0,2484.0,2539.0,2521.0,2521.0,1739.0,745.0,1765.0,756.0
1.0,4931.0,2503.0,2486.0,2521.0,2509.0,2509.0,1740.0,746.0,1753.0,750.0
1.0,4949.0,2565.0,2489.0,2509.0,2574.0,2574.0,1742.0,747.0,1795.0,770.0
1.0,4893.0,2453.0,2487.0,2574.0,2447.0,2447.0,1741.0,746.0,1716.0,737.0
1.0,5014.0,2507.0,2487.0,2447.0,2507.0,2507.0,1741.0,746.0,1755.0,752.0
1.0,4954.0,2523.0,2488.0,2507.0,2526.0,2526.0,1742.0,746.0,1767.0,756.0
1.0,4938.0,2483.0,2487.0,2526.0,2480.0,2480.0,1741.0,746.0,1737.0,746.0
1.0,4981.0,2593.0,2490.0,2480.0,2602.0,2602.0,1743.0,747.0,1815.0,778.0
1.0,4868.0,2533.0,2491.0,2602.0,2536.0,2536.0,1744.0,747.0,1774.0,759.0
1.0,4937.0,2506.0,2491.0,2536.0,2506.0,2506.0,1744.0,747.0,1754.0,752.0
1.0,4967.0,2580.0,2493.0,2506.0,2586.0,2586.0,1745.0,748.0,1807.0,773.0
1.0,4893.0,2537.0,2493.0,2586.0,2537.0,2537.0,1745.0,748.0,1776.0,761.0
1.0,4942.0,2491.0,2493.0,2537.0,2491.0,2491.0,1745.0,748.0,1744.0,747.0
1.0,4988.0,2459.0,2493.0,2491.0,2459.0,2459.0,1745.0,748.0,1721.0,738.0
1.0,5020.0,2529.0,2494.0,2459.0,2532.0,2532.0,1746.0,748.0,1769.0,760.0
1.0,4950.0,2530.0,2496.0,2532.0,2536.0,2536.0,1747.0,749.0,1772.0,758.0
1.0,4952.0,2574.0,2499.0,2536.0,2583.0,2583.0,1749.0,750.0,1801.0,773.0
1.0,4914.0,2573.0,2500.0,2583.0,2576.0,2576.0,1750.0,750.0,1800.0,773.0
1.0,4924.0,2534.0,2501.0,2576.0,2537.0,2537.0,1751.0,750.0,1775.0,759.0
1.0,4966.0,2434.0,2500.0,2537.0,2431.0,2431.0,1750.0,750.0,1705.0,729.0
1.0,5069.0,2433.0,2500.0,2431.0,2433.0,2433.0,1750.0,750.0,1701.0,732.0
1.0,5067.0,2458.0,2501.0,2433.0,2461.0,2461.0,1751.0,750.0,1721.0,737.0
1.0,5042.0,2593.0,2503.0,2461.0,2599.0,2599.0,1752.0,751.0,1816.0,777.0
1.0,4910.0,2561.0,2506.0,2599.0,2570.0,2570.0,1754.0,752.0,1791.0,770.0
1.0,4948.0,2542.0,2506.0,2570.0,2542.0,2542.0,1754.0,752.0,1780.0,762.0
1.0,4976.0,2480.0,2507.0,2542.0,2483.0,2483.0,1755.0,752.0,1735.0,745.0
1.0,5038.0,2458.0,2507.0,2483.0,2458.0,2458.0,1755.0,752.0,1722.0,736.0
1.0,5063.0,2550.0,2508.0,2458.0,2553.0,2553.0,1756.0,752.0,1784.0,766.0
1.0,4971.0,2521.0,2509.0,2553.0,2524.0,2524.0,1756.0,753.0,1765.0,756.0
1.0,5003.0,2547.0,2510.0,2524.0,2550.0,2550.0,1757.0,753.0,1784.0,763.0
1.0,4980.0,2550.0,2511.0,2550.0,2553.0,2553.0,1758.0,753.0,1784.0,766.0
1.0,4980.0,2543.0,2513.0,2553.0,2549.0,2549.0,1759.0,754.0,1782.0,761.0
1.0,4990.0,2503.0,2512.0,2549.0,2500.0,2500.0,1758.0,754.0,1751.0,752.0
1.0,5036.0,2483.0,2511.0,2500.0,2480.0,2480.0,1758.0,753.0,1738.0,745.0
1.0,5053.0,2476.0,2510.0,2480.0,2473.0,2473.0,1757.0,753.0,1732.0,744.0
1.0,5057.0,2615.0,2513.0,2473.0,2624.0,2624.0,1759.0,754.0,1832.0,783.0
1.0,4915.0,2590.0,2516.0,2624.0,2599.0,2599.0,1761.0,755.0,1812.0,778.0
1.0,4949.0,2548.0,2517.0,2599.0,2551.0,2551.0,1762.0,755.0,1783.0,765.0
1.0,5000.0,2514.0,2517.0,2551.0,2514.0,2514.0,1762.0,755.0,1760.0,754.0
1.0,5037.0,2487.0,2517.0,2514.0,2487.0,2487.0,1762.0,755.0,1741.0,746.0
1.0,5064.0,2454.0,2516.0,2487.0,2451.0,2451.0,1761.0,755.0,1719.0,735.0
1.0,5097.0,2602.0,2518.0,2451.0,2608.0,2608.0,1763.0,755.0,1820.0,782.0
1.0,4946.0,2543.0,2520.0,2608.0,2549.0,2549.0,1764.0,756.0,1781.0,762.0
1.0,5011.0,2523.0,2520.0,2549.0,2523.0,2523.0,1764.0,756.0,1766.0,757.0
1.0,5037.0,2575.0,2521.0,2523.0,2578.0,2578.0,1765.0,756.0,1801.0,774.0
1.0,4985.0,2562.0,2523.0,2578.0,2568.0,2568.0,1766.0,757.0,1794.0,768.0
1.0,5001.0,2498.0,2523.0,2568.0,2498.0,2498.0,1766.0,757.0,1749.0,749.0
1.0,5071.0,2471.0,2523.0,2498.0,2471.0,2471.0,1766.0,757.0,1730.0,741.0
1.0,5098.0,2479.0,2523.0,2471.0,2479.0,2479.0,1766.0,757.0,1735.0,744.0
1.0,5090.0,2529.0,2522.0,2479.0,2526.0,2526.0,1765.0,757.0,1770.0,759.0
1.0,5040.0,2569.0,2523.0,2526.0,2572.0,2572.0,1766.0,757.0,1799.0,770.0
1.0,4997.0,2599.0,2524.0,2572.0,2602.0,2602.0,1767.0,757.0,1818.0,781.0
1.0,4970.0,2575.0,2526.0,2602.0,2581.0,2581.0,1768.0,758.0,1802.0,773.0
1.0,4997.0,2487.0,2526.0,2581.0,2487.0,2487.0,1768.0,758.0,1741.0,746.0
1.0,5091.0,2521.0,2524.0,2487.0,2515.0,2515.0,1767.0,757.0,1765.0,756.0
1.0,5057.0,2469.0,2525.0,2515.0,2472.0,2472.0,1767.0,758.0,1728.0,741.0
1.0,5103.0,2553.0,2526.0,2472.0,2556.0,2556.0,1768.0,758.0,1787.0,766.0
1.0,5022.0,2507.0,2526.0,2556.0,2507.0,2507.0,1768.0,758.0,1755.0,752.0
1.0,5071.0,2613.0,2528.0,2507.0,2619.0,2619.0,1770.0,758.0,1829.0,784.0
1.0,4965.0,2663.0,2529.0,2619.0,2666.0,2666.0,1770.0,759.0,1865.0,798.0
1.0,4921.0,2526.0,2529.0,2666.0,2526.0,2526.0,1770.0,759.0,1768.0,758.0
1.0,5061.0,2487.0,2529.0,2526.0,2487.0,2487.0,1770.0,759.0,1741.0,746.0
1.0,5100.0,2520.0,2527.0,2487.0,2514.0,2514.0,1769.0,758.0,1763.0,757.0
1.0,5067.0,2529.0,2527.0,2514.0,2529.0,2529.0,1769.0,758.0,1770.0,759.0
1.0,5052.0,2612.0,2530.0,2529.0,2621.0,2621.0,1771.0,759.0,1829.0,783.0
1.0,4969.0,2639.0,2533.0,2621.0,2648.0,2648.0,1773.0,760.0,1848.0,791.0
1.0,4951.0,2556.0,2534.0,2648.0,2559.0,2559.0,1774.0,760.0,1787.0,769.0
1.0,5043.0,2560.0,2534.0,2559.0,2560.0,2560.0,1774.0,760.0,1792.0,768.0
1.0,5042.0,2484.0,2533.0,2560.0,2481.0,2481.0,1773.0,760.0,1740.0,744.0
1.0,5118.0,2534.0,2532.0,2481.0,2531.0,2531.0,1772.0,760.0,1774.0,760.0
1.0,5065.0,2546.0,2532.0,2531.0,2546.0,2546.0,1772.0,760.0,1782.0,764.0
1.0,5050.0,2572.0,2535.0,2546.0,2581.0,2581.0,1774.0,761.0,1800.0,772.0
1.0,5024.0,2552.0,2537.0,2581.0,2558.0,2558.0,1776.0,761.0,1785.0,767.0
1.0,5053.0,2580.0,2540.0,2558.0,2589.0,2589.0,1778.0,762.0,1808.0,772.0
1.0,5031.0,2520.0,2538.0,2589.0,2514.0,2514.0,1777.0,761.0,1763.0,757.0
1.0,5100.0,2488.0,2537.0,2514.0,2485.0,2485.0,1776.0,761.0,1743.0,745.0
1.0,5126.0,2584.0,2537.0,2485.0,2584.0,2584.0,1776.0,761.0,1808.0,776.0
1.0,5027.0,2554.0,2539.0,2584.0,2560.0,2560.0,1777.0,762.0,1789.0,765.0
1.0,5057.0,2563.0,2541.0,2560.0,2569.0,2569.0,1779.0,762.0,1793.0,770.0
1.0,5054.0,2624.0,2543.0,2569.0,2630.0,2630.0,1780.0,763.0,1838.0,786.0
1.0,4999.0,2556.0,2543.0,2630.0,2556.0,2556.0,1780.0,763.0,1790.0,766.0
1.0,5073.0,2549.0,2543.0,2556.0,2549.0,2549.0,1780.0,763.0,1784.0,765.0
1.0,5080.0,2587.0,2544.0,2549.0,2590.0,2590.0,1781.0,763.0,1809.0,778.0
1.0,5042.0,2578.0,2544.0,2590.0,2578.0,2578.0,1781.0,763.0,1805.0,773.0
1.0,5054.0,2567.0,2546.0,2578.0,2573.0,2573.0,1782.0,764.0,1798.0,769.0
1.0,5065.0,2646.0,2549.0,2573.0,2655.0,2655.0,1784.0,765.0,1852.0,794.0
1.0,4992.0,2689.0,2553.0,2655.0,2701.0,2701.0,1787.0,766.0,1882.0,807.0
1.0,4958.0,2597.0,2553.0,2701.0,2597.0,2597.0,1787.0,766.0,1818.0,779.0
1.0,5062.0,2552.0,2552.0,2597.0,2549.0,2549.0,1786.0,766.0,1786.0,766.0
1.0,5107.0,2616.0,2553.0,2549.0,2619.0,2619.0,1787.0,766.0,1832.0,784.0
1.0,5040.0,2560.0,2554.0,2619.0,2563.0,2563.0,1788.0,766.0,1790.0,770.0
1.0,5099.0,2596.0,2556.0,2563.0,2602.0,2602.0,1789.0,767.0,1819.0,777.0
1.0,5066.0,2597.0,2559.0,2602.0,2606.0,2606.0,1791.0,768.0,1817.0,780.0
1.0,5071.0,2612.0,2559.0,2606.0,2612.0,2612.0,1791.0,768.0,1829.0,783.0
1.0,5065.0,2531.0,2559.0,2612.0,2531.0,2531.0,1791.0,768.0,1772.0,759.0
1.0,5146.0,2586.0,2560.0,2531.0,2589.0,2589.0,1792.0,768.0,1810.0,776.0
1.0,5091.0,2530.0,2559.0,2589.0,2527.0,2527.0,1791.0,768.0,1771.0,759.0
1.0,5150.0,2526.0,2559.0,2527.0,2526.0,2526.0,1791.0,768.0,1767.0,759.0
1.0,5151.0,2579.0,2560.0,2526.0,2582.0,2582.0,1792.0,768.0,1806.0,773.0
1.0,5098.0,2576.0,2562.0,2582.0,2582.0,2582.0,1793.0,769.0,1803.0,773.0
1.0,5104.0,2618.0,2564.0,2582.0,2624.0,2624.0,1795.0,769.0,1832.0,786.0
1.0,5068.0,2612.0,2566.0,2624.0,2618.0,2618.0,1796.0,770.0,1829.0,783.0
1.0,5080.0,2568.0,2566.0,2618.0,2568.0,2568.0,1796.0,770.0,1798.0,770.0
1.0,5130.0,2518.0,2564.0,2568.0,2512.0,2512.0,1795.0,769.0,1762.0,756.0
1.0,5180.0,2547.0,2564.0,2512.0,2547.0,2547.0,1795.0,769.0,1782.0,765.0
1.0,5145.0,2559.0,2566.0,2547.0,2565.0,2565.0,1796.0,770.0,1792.0,767.0
1.0,5133.0,2592.0,2567.0,2565.0,2595.0,2595.0,1797.0,770.0,1815.0,777.0
1.0,5106.0,2622.0,2570.0,2595.0,2631.0,2631.0,1799.0,771.0,1835.0,787.0
1.0,5079.0,2586.0,2570.0,2631.0,2586.0,2586.0,1799.0,771.0,1811.0,775.0
1.0,5124.0,2557.0,2571.0,2586.0,2560.0,2560.0,1800.0,771.0,1788.0,769.0
1.0,5153.0,2518.0,2570.0,2560.0,2515.0,2515.0,1799.0,771.0,1764.0,754.0
1.0,5195.0,2493.0,2566.0,2515.0,2481.0,2481.0,1796.0,770.0,1745.0,748.0
1.0,5217.0,2537.0,2567.0,2481.0,2540.0,2540.0,1797.0,770.0,1776.0,761.0
1.0,5161.0,2662.0,2570.0,2540.0,2671.0,2671.0,1799.0,771.0,1863.0,799.0
1.0,5039.0,2596.0,2571.0,2671.0,2599.0,2599.0,1800.0,771.0,1816.0,780.0
1.0,5114.0,2589.0,2573.0,2599.0,2595.0,2595.0,1801.0,772.0,1813.0,776.0
1.0,5124.0,2578.0,2572.0,2595.0,2575.0,2575.0,1800.0,772.0,1805.0,773.0
1.0,5141.0,2553.0,2570.0,2575.0,2547.0,2547.0,1799.0,771.0,1788.0,765.0
1.0,5163.0,2509.0,2570.0,2547.0,2509.0,2509.0,1799.0,771.0,1755.0,754.0
1.0,5201.0,2655.0,2571.0,2509.0,2658.0,2658.0,1800.0,771.0,1857.0,798.0
1.0,5055.0,2566.0,2573.0,2658.0,2572.0,2572.0,1801.0,772.0,1797.0,769.0
1.0,5147.0,2610.0,2574.0,2572.0,2613.0,2613.0,1802.0,772.0,1826.0,784.0
1.0,5109.0,2627.0,2576.0,2613.0,2633.0,2633.0,1803.0,773.0,1840.0,787.0
1.0,5095.0,2629.0,2577.0,2633.0,2632.0,2632.0,1804.0,773.0,1841.0,788.0
1.0,5099.0,2583.0,2577.0,2632.0,2583.0,2583.0,1804.0,773.0,1807.0,776.0
1.0,5148.0,2527.0,2576.0,2583.0,2524.0,2524.0,1803.0,773.0,1770.0,757.0
1.0,5204.0,2578.0,2577.0,2524.0,2581.0,2581.0,1804.0,773.0,1803.0,775.0
1.0,5150.0,2636.0,2580.0,2581.0,2645.0,2645.0,1806.0,774.0,1846.0,790.0
1.0,5095.0,2607.0,2581.0,2645.0,2610.0,2610.0,1807.0,774.0,1824.0,783.0
1.0,5133.0,2620.0,2582.0,2610.0,2623.0,2623.0,1807.0,775.0,1835.0,785.0
1.0,5123.0,2562.0,2582.0,2623.0,2562.0,2562.0,1807.0,775.0,1793.0,769.0
1.0,5184.0,2589.0,2581.0,2562.0,2586.0,2586.0,1807.0,774.0,1811.0,778.0
1.0,5157.0,2503.0,2580.0,2586.0,2500.0,2500.0,1806.0,774.0,1752.0,751.0
1.0,5240.0,2594.0,2581.0,2500.0,2597.0,2597.0,1807.0,774.0,1816.0,778.0
1.0,5146.0,2582.0,2581.0,2597.0,2582.0,2582.0,1807.0,774.0,1807.0,775.0
1.0,5161.0,2617.0,2582.0,2582.0,2620.0,2620.0,1807.0,775.0,1833.0,784.0
1.0,5126.0,2652.0,2583.0,2620.0,2655.0,2655.0,1808.0,775.0,1857.0,795.0
1.0,5094.0,2610.0,2583.0,2655.0,2610.0,2610.0,1808.0,775.0,1827.0,783.0
1.0,5139.0,2584.0,2580.0,2610.0,2575.0,2575.0,1806.0,774.0,1807.0,777.0
1.0,5165.0,2524.0,2580.0,2575.0,2524.0,2524.0,1806.0,774.0,1768.0,756.0
1.0,5216.0,2587.0,2580.0,2524.0,2587.0,2587.0,1806.0,774.0,1810.0,777.0
1.0,5153.0,2633.0,2580.0,2587.0,2633.0,2633.0,1806.0,774.0,1843.0,790.0
1.0,5107.0,2630.0,2582.0,2633.0,2636.0,2636.0,1807.0,775.0,1842.0,788.0
1.0,5110.0,2604.0,2582.0,2636.0,2604.0,2604.0,1807.0,775.0,1823.0,781.0
1.0,5142.0,2623.0,2583.0,2604.0,2626.0,2626.0,1808.0,775.0,1837.0,786.0
1.0,5123.0,2586.0,2582.0,2626.0,2583.0,2583.0,1807.0,775.0,1809.0,777.0
1.0,5163.0,2619.0,2583.0,2583.0,2622.0,2622.0,1808.0,775.0,1832.0,787.0
1.0,5127.0,2606.0,2584.0,2622.0,2609.0,2609.0,1809.0,775.0,1825.0,781.0
1.0,5143.0,2649.0,2586.0,2609.0,2655.0,2655.0,1810.0,776.0,1855.0,794.0
1.0,5103.0,2642.0,2589.0,2655.0,2651.0,2651.0,1812.0,777.0,1849.0,793.0
1.0,5116.0,2647.0,2590.0,2651.0,2650.0,2650.0,1813.0,777.0,1854.0,793.0
1.0,5120.0,2636.0,2591.0,2650.0,2639.0,2639.0,1814.0,777.0,1843.0,793.0
1.0,5134.0,2567.0,2590.0,2639.0,2564.0,2564.0,1813.0,777.0,1797.0,770.0
1.0,5206.0,2603.0,2590.0,2564.0,2603.0,2603.0,1813.0,777.0,1822.0,781.0
1.0,5167.0,2635.0,2591.0,2603.0,2638.0,2638.0,1814.0,777.0,1845.0,790.0
1.0,5135.0,2688.0,2594.0,2638.0,2697.0,2697.0,1816.0,778.0,1881.0,807.0
1.0,5085.0,2630.0,2596.0,2697.0,2636.0,2636.0,1817.0,779.0,1842.0,788.0
1.0,5152.0,2624.0,2597.0,2636.0,2627.0,2627.0,1818.0,779.0,1836.0,788.0
1.0,5164.0,2610.0,2597.0,2627.0,2610.0,2610.0,1818.0,779.0,1827.0,783.0
1.0,5181.0,2538.0,2596.0,2610.0,2535.0,2535.0,1817.0,779.0,1778.0,760.0
1.0,5253.0,2516.0,2594.0,2535.0,2510.0,2510.0,1816.0,778.0,1760.0,756.0
1.0,5272.0,2603.0,2596.0,2510.0,2609.0,2609.0,1817.0,779.0,1823.0,780.0
1.0,5179.0,2608.0,2597.0,2609.0,2611.0,2611.0,1818.0,779.0,1824.0,784.0
1.0,5180.0,2619.0,2600.0,2611.0,2628.0,2628.0,1820.0,780.0,1834.0,785.0
1.0,5172.0,2630.0,2601.0,2628.0,2633.0,2633.0,1821.0,780.0,1841.0,789.0
1.0,5170.0,2627.0,2600.0,2633.0,2624.0,2624.0,1820.0,780.0,1838.0,789.0
1.0,5176.0,2612.0,2601.0,2624.0,2615.0,2615.0,1821.0,780.0,1828.0,784.0
1.0,5188.0,2626.0,2602.0,2615.0,2629.0,2629.0,1821.0,781.0,1839.0,787.0
1.0,5177.0,2551.0,2601.0,2629.0,2548.0,2548.0,1821.0,780.0,1786.0,765.0
1.0,5255.0,2723.0,2604.0,2548.0,2732.0,2732.0,1823.0,781.0,1906.0,817.0
1.0,5080.0,2669.0,2607.0,2732.0,2678.0,2678.0,1825.0,782.0,1868.0,801.0
1.0,5143.0,2666.0,2607.0,2678.0,2666.0,2666.0,1825.0,782.0,1866.0,800.0
1.0,5155.0,2603.0,2609.0,2666.0,2609.0,2609.0,1826.0,783.0,1822.0,781.0
1.0,5218.0,2624.0,2609.0,2609.0,2624.0,2624.0,1826.0,783.0,1838.0,786.0
1.0,5203.0,2649.0,2609.0,2624.0,2649.0,2649.0,1826.0,783.0,1854.0,795.0
1.0,5178.0,2628.0,2609.0,2649.0,2628.0,2628.0,1826.0,783.0,1840.0,788.0
1.0,5199.0,2705.0,2612.0,2628.0,2714.0,2714.0,1828.0,784.0,1893.0,812.0
1.0,5122.0,2584.0,2613.0,2714.0,2587.0,2587.0,1829.0,784.0,1809.0,775.0
1.0,5252.0,2632.0,2614.0,2587.0,2635.0,2635.0,1830.0,784.0,1841.0,791.0
1.0,5207.0,2605.0,2613.0,2635.0,2602.0,2602.0,1829.0,784.0,1826.0,779.0
1.0,5237.0,2558.0,2612.0,2602.0,2555.0,2555.0,1828.0,784.0,1790.0,768.0
1.0,5281.0,2650.0,2613.0,2555.0,2653.0,2653.0,1829.0,784.0,1856.0,794.0
1.0,5186.0,2636.0,2614.0,2653.0,2639.0,2639.0,1830.0,784.0,1844.0,792.0
1.0,5203.0,2640.0,2616.0,2639.0,2646.0,2646.0,1831.0,785.0,1848.0,792.0
1.0,5202.0,2720.0,2620.0,2646.0,2732.0,2732.0,1834.0,786.0,1905.0,815.0
1.0,5128.0,2633.0,2620.0,2732.0,2633.0,2633.0,1834.0,786.0,1843.0,790.0
1.0,5227.0,2660.0,2621.0,2633.0,2663.0,2663.0,1835.0,786.0,1861.0,799.0
1.0,5200.0,2638.0,2622.0,2663.0,2641.0,2641.0,1835.0,787.0,1847.0,791.0
1.0,5225.0,2557.0,2620.0,2641.0,2551.0,2551.0,1834.0,786.0,1791.0,766.0
1.0,5309.0,2610.0,2620.0,2551.0,2610.0,2610.0,1834.0,786.0,1827.0,783.0
1.0,5250.0,2663.0,2621.0,2610.0,2666.0,2666.0,1835.0,786.0,1863.0,800.0
1.0,5197.0,2739.0,2626.0,2666.0,2754.0,2754.0,1838.0,788.0,1917.0,822.0
1.0,5124.0,2663.0,2627.0,2754.0,2666.0,2666.0,1839.0,788.0,1865.0,798.0
1.0,5215.0,2590.0,2627.0,2666.0,2590.0,2590.0,1839.0,788.0,1813.0,777.0
1.0,5291.0,2578.0,2626.0,2590.0,2575.0,2575.0,1838.0,788.0,1804.0,774.0
1.0,5303.0,2574.0,2624.0,2575.0,2568.0,2568.0,1837.0,787.0,1802.0,772.0
1.0,5304.0,2613.0,2624.0,2568.0,2613.0,2613.0,1837.0,787.0,1829.0,784.0
1.0,5259.0,2621.0,2626.0,2613.0,2627.0,2627.0,1838.0,788.0,1835.0,786.0
1.0,5251.0,2617.0,2626.0,2627.0,2617.0,2617.0,1838.0,788.0,1832.0,785.0
1.0,5261.0,2617.0,2626.0,2617.0,2617.0,2617.0,1838.0,788.0,1832.0,785.0
1.0,5261.0,2624.0,2626.0,2617.0,2624.0,2624.0,1838.0,788.0,1837.0,787.0
1.0,5254.0,2667.0,2626.0,2624.0,2667.0,2667.0,1838.0,788.0,1867.0,800.0
1.0,5211.0,2568.0,2624.0,2667.0,2562.0,2562.0,1837.0,787.0,1797.0,771.0
1.0,5310.0,2645.0,2624.0,2562.0,2645.0,2645.0,1837.0,787.0,1852.0,793.0
1.0,5227.0,2712.0,2627.0,2645.0,2721.0,2721.0,1839.0,788.0,1899.0,813.0
1.0,5160.0,2706.0,2629.0,2721.0,2712.0,2712.0,1840.0,789.0,1894.0,812.0
1.0,5175.0,2643.0,2629.0,2712.0,2643.0,2643.0,1840.0,789.0,1850.0,793.0
1.0,5244.0,2670.0,2629.0,2643.0,2670.0,2670.0,1840.0,789.0,1869.0,801.0
1.0,5217.0,2626.0,2629.0,2670.0,2626.0,2626.0,1840.0,789.0,1838.0,788.0
1.0,5261.0,2636.0,2629.0,2626.0,2636.0,2636.0,1840.0,789.0,1845.0,791.0
1.0,5251.0,2600.0,2629.0,2636.0,2600.0,2600.0,1840.0,789.0,1820.0,780.0
1.0,5287.0,2696.0,2632.0,2600.0,2705.0,2705.0,1842.0,790.0,1887.0,809.0
1.0,5191.0,2703.0,2636.0,2705.0,2715.0,2715.0,1845.0,791.0,1892.0,811.0
1.0,5193.0,2669.0,2637.0,2715.0,2672.0,2672.0,1846.0,791.0,1869.0,800.0
1.0,5239.0,2624.0,2637.0,2672.0,2624.0,2624.0,1846.0,791.0,1837.0,787.0
1.0,5287.0,2569.0,2636.0,2624.0,2566.0,2566.0,1845.0,791.0,1798.0,771.0
1.0,5342.0,2616.0,2636.0,2566.0,2616.0,2616.0,1845.0,791.0,1831.0,785.0
1.0,5292.0,2630.0,2636.0,2616.0,2630.0,2630.0,1845.0,791.0,1841.0,789.0
1.0,5278.0,2684.0,2637.0,2630.0,2687.0,2687.0,1846.0,791.0,1880.0,804.0
1.0,5224.0,2676.0,2638.0,2687.0,2679.0,2679.0,1847.0,791.0,1871.0,805.0
1.0,5235.0,2722.0,2641.0,2679.0,2731.0,2731.0,1849.0,792.0,1905.0,817.0
1.0,5192.0,2679.0,2640.0,2731.0,2676.0,2676.0,1848.0,792.0,1875.0,804.0
1.0,5244.0,2583.0,2639.0,2676.0,2580.0,2580.0,1847.0,792.0,1809.0,774.0
1.0,5337.0,2659.0,2639.0,2580.0,2659.0,2659.0,1847.0,792.0,1861.0,798.0
1.0,5258.0,2657.0,2640.0,2659.0,2660.0,2660.0,1848.0,792.0,1861.0,796.0
1.0,5260.0,2637.0,2640.0,2660.0,2637.0,2637.0,1848.0,792.0,1846.0,791.0
1.0,5283.0,2667.0,2640.0,2637.0,2667.0,2667.0,1848.0,792.0,1865.0,802.0
1.0,5253.0,2656.0,2641.0,2667.0,2659.0,2659.0,1849.0,792.0,1859.0,797.0
1.0,5264.0,2608.0,2639.0,2659.0,2602.0,2602.0,1847.0,792.0,1827.0,781.0
1.0,5315.0,2587.0,2639.0,2602.0,2587.0,2587.0,1847.0,792.0,1811.0,776.0
1.0,5330.0,2660.0,2640.0,2587.0,2663.0,2663.0,1848.0,792.0,1863.0,797.0
1.0,5257.0,2692.0,2641.0,2663.0,2695.0,2695.0,1849.0,792.0,1883.0,809.0
1.0,5228.0,2739.0,2644.0,2695.0,2748.0,2748.0,1851.0,793.0,1917.0,822.0
1.0,5184.0,2712.0,2646.0,2748.0,2718.0,2718.0,1852.0,794.0,1899.0,813.0
1.0,5220.0,2750.0,2648.0,2718.0,2756.0,2756.0,1854.0,794.0,1924.0,826.0
1.0,5188.0,2646.0,2648.0,2756.0,2646.0,2646.0,1854.0,794.0,1852.0,794.0
1.0,5298.0,2613.0,2646.0,2646.0,2607.0,2607.0,1852.0,794.0,1830.0,783.0
1.0,5331.0,2596.0,2646.0,2607.0,2596.0,2596.0,1852.0,794.0,1817.0,779.0
1.0,5342.0,2606.0,2644.0,2596.0,2600.0,2600.0,1851.0,793.0,1823.0,783.0
1.0,5332.0,2657.0,2644.0,2600.0,2657.0,2657.0,1851.0,793.0,1860.0,797.0
1.0,5275.0,2652.0,2647.0,2657.0,2661.0,2661.0,1853.0,794.0,1856.0,796.0
1.0,5280.0,2629.0,2647.0,2661.0,2629.0,2629.0,1853.0,794.0,1840.0,789.0
1.0,5312.0,2615.0,2646.0,2629.0,2612.0,2612.0,1852.0,794.0,1832.0,783.0
1.0,5326.0,2643.0,2644.0,2612.0,2637.0,2637.0,1851.0,793.0,1849.0,794.0
1.0,5295.0,2681.0,2644.0,2637.0,2681.0,2681.0,1851.0,793.0,1877.0,804.0
1.0,5251.0,2673.0,2646.0,2681.0,2679.0,2679.0,1852.0,794.0,1870.0,803.0
1.0,5259.0,2726.0,2649.0,2679.0,2735.0,2735.0,1854.0,795.0,1910.0,816.0
1.0,5212.0,2672.0,2651.0,2735.0,2678.0,2678.0,1856.0,795.0,1870.0,802.0
1.0,5275.0,2664.0,2652.0,2678.0,2667.0,2667.0,1856.0,796.0,1865.0,799.0
1.0,5289.0,2624.0,2652.0,2667.0,2624.0,2624.0,1856.0,796.0,1837.0,787.0
1.0,5332.0,2746.0,2654.0,2624.0,2752.0,2752.0,1858.0,796.0,1922.0,824.0
1.0,5210.0,2641.0,2654.0,2752.0,2641.0,2641.0,1858.0,796.0,1849.0,792.0
1.0,5321.0,2697.0,2656.0,2641.0,2703.0,2703.0,1859.0,797.0,1889.0,808.0
1.0,5265.0,2709.0,2657.0,2703.0,2712.0,2712.0,1860.0,797.0,1895.0,814.0
1.0,5259.0,2616.0,2658.0,2712.0,2619.0,2619.0,1861.0,797.0,1831.0,785.0
1.0,5355.0,2630.0,2657.0,2619.0,2627.0,2627.0,1860.0,797.0,1841.0,789.0
1.0,5344.0,2691.0,2657.0,2627.0,2691.0,2691.0,1860.0,797.0,1884.0,807.0
1.0,5280.0,2677.0,2657.0,2691.0,2677.0,2677.0,1860.0,797.0,1874.0,803.0
1.0,5294.0,2656.0,2657.0,2677.0,2656.0,2656.0,1860.0,797.0,1859.0,797.0
1.0,5315.0,2663.0,2657.0,2656.0,2663.0,2663.0,1860.0,797.0,1864.0,799.0
1.0,5308.0,2717.0,2659.0,2663.0,2723.0,2723.0,1861.0,798.0,1903.0,814.0
1.0,5254.0,2722.0,2660.0,2723.0,2725.0,2725.0,1862.0,798.0,1904.0,818.0
1.0,5255.0,2667.0,2661.0,2725.0,2670.0,2670.0,1863.0,798.0,1868.0,799.0
1.0,5313.0,2624.0,2660.0,2670.0,2621.0,2621.0,1862.0,798.0,1836.0,788.0
1.0,5359.0,2674.0,2660.0,2621.0,2674.0,2674.0,1862.0,798.0,1874.0,800.0
1.0,5306.0,2674.0,2660.0,2674.0,2674.0,2674.0,1862.0,798.0,1870.0,804.0
1.0,5306.0,2700.0,2661.0,2674.0,2703.0,2703.0,1863.0,798.0,1891.0,809.0
1.0,5280.0,2729.0,2664.0,2703.0,2738.0,2738.0,1865.0,799.0,1910.0,819.0
1.0,5254.0,2676.0,2666.0,2738.0,2682.0,2682.0,1866.0,800.0,1874.0,802.0
1.0,5316.0,2749.0,2667.0,2682.0,2752.0,2752.0,1867.0,800.0,1923.0,826.0
1.0,5249.0,2677.0,2667.0,2752.0,2677.0,2677.0,1867.0,800.0,1874.0,803.0
1.0,5324.0,2667.0,2667.0,2677.0,2667.0,2667.0,1867.0,800.0,1867.0,800.0
1.0,5334.0,2693.0,2667.0,2667.0,2693.0,2693.0,1867.0,800.0,1885.0,808.0
1.0,5308.0,2662.0,2667.0,2693.0,2662.0,2662.0,1867.0,800.0,1863.0,799.0
1.0,5339.0,2732.0,2670.0,2662.0,2741.0,2741.0,1869.0,801.0,1913.0,819.0
1.0,5269.0,2739.0,2671.0,2741.0,2742.0,2742.0,1870.0,801.0,1916.0,823.0
1.0,5271.0,2699.0,2672.0,2742.0,2702.0,2702.0,1870.0,802.0,1890.0,809.0
1.0,5314.0,2705.0,2673.0,2702.0,2708.0,2708.0,1871.0,802.0,1894.0,811.0
1.0,5311.0,2677.0,2673.0,2708.0,2677.0,2677.0,1871.0,802.0,1874.0,803.0
1.0,5342.0,2657.0,2673.0,2677.0,2657.0,2657.0,1871.0,802.0,1860.0,797.0
1.0,5362.0,2750.0,2676.0,2657.0,2759.0,2759.0,1873.0,803.0,1925.0,825.0
1.0,5269.0,2699.0,2678.0,2759.0,2705.0,2705.0,1875.0,803.0,1888.0,811.0
1.0,5329.0,2760.0,2680.0,2705.0,2766.0,2766.0,1876.0,804.0,1933.0,827.0
1.0,5274.0,2735.0,2681.0,2766.0,2738.0,2738.0,1877.0,804.0,1913.0,822.0
1.0,5305.0,2633.0,2679.0,2738.0,2627.0,2627.0,1875.0,804.0,1844.0,789.0
1.0,5410.0,2657.0,2677.0,2627.0,2651.0,2651.0,1874.0,803.0,1859.0,798.0
1.0,5380.0,2689.0,2677.0,2651.0,2689.0,2689.0,1874.0,803.0,1881.0,808.0
1.0,5342.0,2680.0,2677.0,2689.0,2680.0,2680.0,1874.0,803.0,1877.0,803.0
1.0,5351.0,2776.0,2680.0,2680.0,2785.0,2785.0,1876.0,804.0,1943.0,833.0
1.0,5255.0,2645.0,2681.0,2785.0,2648.0,2648.0,1877.0,804.0,1852.0,793.0
1.0,5395.0,2693.0,2683.0,2648.0,2699.0,2699.0,1878.0,805.0,1886.0,807.0
1.0,5350.0,2730.0,2684.0,2699.0,2733.0,2733.0,1879.0,805.0,1910.0,820.0
1.0,5319.0,2679.0,2685.0,2733.0,2682.0,2682.0,1879.0,806.0,1875.0,804.0
1.0,5373.0,2737.0,2687.0,2682.0,2743.0,2743.0,1881.0,806.0,1917.0,820.0
1.0,5318.0,2689.0,2689.0,2743.0,2695.0,2695.0,1882.0,807.0,1881.0,808.0
1.0,5372.0,2759.0,2691.0,2695.0,2765.0,2765.0,1884.0,807.0,1933.0,826.0
1.0,5308.0,2719.0,2691.0,2765.0,2719.0,2719.0,1884.0,807.0,1901.0,818.0
1.0,5354.0,2745.0,2693.0,2719.0,2751.0,2751.0,1885.0,808.0,1922.0,823.0
1.0,5328.0,2668.0,2692.0,2751.0,2665.0,2665.0,1884.0,808.0,1867.0,801.0
1.0,5411.0,2624.0,2691.0,2665.0,2621.0,2621.0,1884.0,807.0,1837.0,787.0
1.0,5452.0,2643.0,2690.0,2621.0,2640.0,2640.0,1883.0,807.0,1852.0,791.0
1.0,5430.0,2733.0,2693.0,2640.0,2742.0,2742.0,1885.0,808.0,1912.0,821.0
1.0,5337.0,2681.0,2691.0,2742.0,2675.0,2675.0,1884.0,807.0,1876.0,805.0
1.0,5398.0,2669.0,2692.0,2675.0,2672.0,2672.0,1884.0,808.0,1869.0,800.0
1.0,5404.0,2729.0,2693.0,2672.0,2732.0,2732.0,1885.0,808.0,1910.0,819.0
1.0,5347.0,2733.0,2693.0,2732.0,2733.0,2733.0,1885.0,808.0,1914.0,819.0
1.0,5346.0,2705.0,2694.0,2733.0,2708.0,2708.0,1886.0,808.0,1892.0,813.0
1.0,5374.0,2696.0,2696.0,2708.0,2702.0,2702.0,1887.0,809.0,1888.0,808.0
1.0,5386.0,2699.0,2696.0,2702.0,2699.0,2699.0,1887.0,809.0,1889.0,810.0
1.0,5389.0,2726.0,2697.0,2699.0,2729.0,2729.0,1888.0,809.0,1908.0,818.0
1.0,5362.0,2782.0,2700.0,2729.0,2791.0,2791.0,1890.0,810.0,1947.0,835.0
1.0,5309.0,2735.0,2700.0,2791.0,2735.0,2735.0,1890.0,810.0,1913.0,822.0
1.0,5365.0,2716.0,2700.0,2735.0,2716.0,2716.0,1890.0,810.0,1901.0,815.0
1.0,5384.0,2678.0,2700.0,2716.0,2678.0,2678.0,1890.0,810.0,1876.0,802.0
1.0,5422.0,2654.0,2700.0,2678.0,2654.0,2654.0,1890.0,810.0,1858.0,796.0
1.0,5446.0,2726.0,2702.0,2654.0,2732.0,2732.0,1891.0,811.0,1907.0,819.0
1.0,5374.0,2792.0,2704.0,2732.0,2798.0,2798.0,1893.0,811.0,1956.0,836.0
1.0,5314.0,2804.0,2706.0,2798.0,2810.0,2810.0,1894.0,812.0,1962.0,842.0
1.0,5308.0,2765.0,2707.0,2810.0,2768.0,2768.0,1895.0,812.0,1933.0,832.0
1.0,5353.0,2723.0,2707.0,2768.0,2723.0,2723.0,1895.0,812.0,1906.0,817.0
1.0,5398.0,2712.0,2709.0,2723.0,2718.0,2718.0,1896.0,813.0,1899.0,813.0
1.0,5409.0,2683.0,2707.0,2718.0,2677.0,2677.0,1895.0,812.0,1877.0,806.0
1.0,5444.0,2727.0,2707.0,2677.0,2727.0,2727.0,1895.0,812.0,1910.0,817.0
1.0,5394.0,2740.0,2709.0,2727.0,2746.0,2746.0,1896.0,813.0,1919.0,821.0
1.0,5381.0,2731.0,2710.0,2746.0,2734.0,2734.0,1897.0,813.0,1912.0,819.0
1.0,5396.0,2779.0,2712.0,2734.0,2785.0,2785.0,1898.0,814.0,1945.0,834.0
1.0,5351.0,2740.0,2713.0,2785.0,2743.0,2743.0,1899.0,814.0,1918.0,822.0
1.0,5396.0,2686.0,2712.0,2743.0,2683.0,2683.0,1898.0,814.0,1879.0,807.0
1.0,5453.0,2725.0,2712.0,2683.0,2725.0,2725.0,1898.0,814.0,1908.0,817.0
1.0,5411.0,2756.0,2713.0,2725.0,2759.0,2759.0,1899.0,814.0,1929.0,827.0
1.0,5380.0,2753.0,2714.0,2759.0,2756.0,2756.0,1900.0,814.0,1926.0,827.0
1.0,5386.0,2755.0,2716.0,2756.0,2761.0,2761.0,1901.0,815.0,1930.0,825.0
1.0,5387.0,2688.0,2715.0,2761.0,2685.0,2685.0,1900.0,815.0,1881.0,807.0
1.0,5460.0,2723.0,2716.0,2685.0,2726.0,2726.0,1901.0,815.0,1906.0,817.0
1.0,5422.0,2668.0,2713.0,2726.0,2659.0,2659.0,1899.0,814.0,1867.0,801.0
1.0,5480.0,2670.0,2713.0,2659.0,2670.0,2670.0,1899.0,814.0,1870.0,800.0
1.0,5469.0,2767.0,2715.0,2670.0,2773.0,2773.0,1900.0,815.0,1937.0,830.0
1.0,5372.0,2755.0,2717.0,2773.0,2761.0,2761.0,1902.0,815.0,1929.0,826.0
1.0,5390.0,2739.0,2717.0,2761.0,2739.0,2739.0,1902.0,815.0,1916.0,823.0
1.0,5412.0,2726.0,2719.0,2739.0,2732.0,2732.0,1903.0,816.0,1908.0,818.0
1.0,5425.0,2715.0,2717.0,2732.0,2709.0,2709.0,1902.0,815.0,1900.0,815.0
1.0,5442.0,2666.0,2718.0,2709.0,2669.0,2669.0,1902.0,816.0,1866.0,800.0
1.0,5485.0,2662.0,2717.0,2669.0,2659.0,2659.0,1902.0,815.0,1863.0,799.0
1.0,5492.0,2763.0,2719.0,2659.0,2769.0,2769.0,1903.0,816.0,1934.0,829.0
1.0,5388.0,2806.0,2720.0,2769.0,2809.0,2809.0,1904.0,816.0,1964.0,842.0
1.0,5351.0,2757.0,2720.0,2809.0,2757.0,2757.0,1904.0,816.0,1930.0,827.0
1.0,5403.0,2753.0,2722.0,2757.0,2759.0,2759.0,1905.0,817.0,1928.0,825.0
1.0,5407.0,2760.0,2722.0,2759.0,2760.0,2760.0,1905.0,817.0,1932.0,828.0
1.0,5406.0,2703.0,2722.0,2760.0,2703.0,2703.0,1905.0,817.0,1892.0,811.0
1.0,5463.0,2727.0,2722.0,2703.0,2727.0,2727.0,1905.0,817.0,1909.0,818.0
1.0,5439.0,2736.0,2723.0,2727.0,2739.0,2739.0,1906.0,817.0,1916.0,820.0
1.0,5430.0,2825.0,2727.0,2739.0,2837.0,2837.0,1909.0,818.0,1977.0,848.0
1.0,5344.0,2808.0,2730.0,2837.0,2817.0,2817.0,1911.0,819.0,1965.0,843.0
1.0,5373.0,2754.0,2730.0,2817.0,2754.0,2754.0,1911.0,819.0,1929.0,825.0
1.0,5436.0,2746.0,2732.0,2754.0,2752.0,2752.0,1912.0,820.0,1920.0,826.0
1.0,5444.0,2700.0,2732.0,2752.0,2700.0,2700.0,1912.0,820.0,1891.0,809.0
1.0,5496.0,2757.0,2733.0,2700.0,2760.0,2760.0,1913.0,820.0,1930.0,827.0
1.0,5439.0,2674.0,2732.0,2760.0,2671.0,2671.0,1912.0,820.0,1871.0,803.0
1.0,5525.0,2777.0,2733.0,2671.0,2780.0,2780.0,1913.0,820.0,1945.0,832.0
1.0,5419.0,2776.0,2734.0,2780.0,2779.0,2779.0,1914.0,820.0,1942.0,834.0
1.0,5423.0,2822.0,2737.0,2779.0,2831.0,2831.0,1916.0,821.0,1977.0,845.0
1.0,5380.0,2726.0,2737.0,2831.0,2726.0,2726.0,1916.0,821.0,1908.0,818.0
1.0,5485.0,2709.0,2736.0,2726.0,2706.0,2706.0,1915.0,821.0,1895.0,814.0
1.0,5502.0,2659.0,2734.0,2706.0,2653.0,2653.0,1914.0,820.0,1860.0,799.0
1.0,5549.0,2763.0,2734.0,2653.0,2763.0,2763.0,1914.0,820.0,1935.0,828.0
1.0,5439.0,2819.0,2737.0,2763.0,2828.0,2828.0,1916.0,821.0,1973.0,846.0
1.0,5383.0,2763.0,2740.0,2828.0,2772.0,2772.0,1918.0,822.0,1935.0,828.0
1.0,5448.0,2788.0,2740.0,2772.0,2788.0,2788.0,1918.0,822.0,1950.0,838.0
1.0,5432.0,2658.0,2739.0,2788.0,2655.0,2655.0,1917.0,822.0,1861.0,797.0
1.0,5562.0,2690.0,2736.0,2655.0,2681.0,2681.0,1915.0,821.0,1884.0,806.0
1.0,5527.0,2694.0,2734.0,2681.0,2688.0,2688.0,1914.0,820.0,1885.0,809.0
1.0,5514.0,2699.0,2734.0,2688.0,2699.0,2699.0,1914.0,820.0,1889.0,810.0
1.0,5503.0,2759.0,2735.0,2699.0,2762.0,2762.0,1914.0,821.0,1931.0,828.0
1.0,5443.0,2760.0,2737.0,2762.0,2766.0,2766.0,1916.0,821.0,1931.0,829.0
1.0,5445.0,2767.0,2737.0,2766.0,2767.0,2767.0,1916.0,821.0,1938.0,829.0
1.0,5444.0,2787.0,2739.0,2767.0,2793.0,2793.0,1917.0,822.0,1952.0,835.0
1.0,5424.0,2726.0,2739.0,2793.0,2726.0,2726.0,1917.0,822.0,1907.0,819.0
1.0,5491.0,2765.0,2737.0,2726.0,2759.0,2759.0,1916.0,821.0,1935.0,830.0
1.0,5452.0,2797.0,2739.0,2759.0,2803.0,2803.0,1917.0,822.0,1959.0,838.0
1.0,5414.0,2839.0,2742.0,2803.0,2848.0,2848.0,1919.0,823.0,1987.0,852.0
1.0,5378.0,2772.0,2743.0,2848.0,2775.0,2775.0,1920.0,823.0,1941.0,831.0
1.0,5454.0,2863.0,2745.0,2775.0,2869.0,2869.0,1921.0,824.0,2003.0,860.0
1.0,5366.0,2812.0,2746.0,2869.0,2815.0,2815.0,1922.0,824.0,1969.0,843.0
1.0,5423.0,2741.0,2746.0,2815.0,2741.0,2741.0,1922.0,824.0,1919.0,822.0
1.0,5497.0,2742.0,2747.0,2741.0,2745.0,2745.0,1923.0,824.0,1917.0,825.0
1.0,5496.0,2730.0,2747.0,2745.0,2730.0,2730.0,1923.0,824.0,1911.0,819.0
1.0,5511.0,2881.0,2751.0,2730.0,2893.0,2893.0,1926.0,825.0,2017.0,864.0
1.0,5360.0,2873.0,2755.0,2893.0,2885.0,2885.0,1928.0,827.0,2012.0,861.0
1.0,5380.0,2730.0,2754.0,2885.0,2727.0,2727.0,1928.0,826.0,1910.0,820.0
1.0,5535.0,2764.0,2754.0,2727.0,2764.0,2764.0,1928.0,826.0,1935.0,829.0
1.0,5498.0,2782.0,2756.0,2764.0,2788.0,2788.0,1929.0,827.0,1948.0,834.0
1.0,5480.0,2709.0,2755.0,2788.0,2706.0,2706.0,1928.0,827.0,1896.0,813.0
1.0,5559.0,2723.0,2755.0,2706.0,2723.0,2723.0,1928.0,827.0,1906.0,817.0
1.0,5542.0,2782.0,2757.0,2723.0,2788.0,2788.0,1930.0,827.0,1946.0,836.0
1.0,5483.0,2815.0,2760.0,2788.0,2824.0,2824.0,1932.0,828.0,1972.0,843.0
1.0,5456.0,2810.0,2761.0,2824.0,2813.0,2813.0,1933.0,828.0,1966.0,844.0
1.0,5470.0,2798.0,2761.0,2813.0,2798.0,2798.0,1933.0,828.0,1959.0,839.0
1.0,5485.0,2786.0,2762.0,2798.0,2789.0,2789.0,1933.0,829.0,1950.0,836.0
1.0,5497.0,2750.0,2762.0,2789.0,2750.0,2750.0,1933.0,829.0,1925.0,825.0
1.0,5536.0,2772.0,2762.0,2750.0,2772.0,2772.0,1933.0,829.0,1941.0,831.0
1.0,5514.0,2818.0,2764.0,2772.0,2824.0,2824.0,1935.0,829.0,1971.0,847.0
1.0,5468.0,2852.0,2766.0,2824.0,2858.0,2858.0,1936.0,830.0,1998.0,854.0
1.0,5440.0,2843.0,2769.0,2858.0,2852.0,2852.0,1938.0,831.0,1989.0,854.0
1.0,5455.0,2712.0,2766.0,2852.0,2703.0,2703.0,1936.0,830.0,1900.0,812.0
1.0,5595.0,2727.0,2764.0,2703.0,2721.0,2721.0,1935.0,829.0,1908.0,819.0
1.0,5571.0,2776.0,2765.0,2721.0,2779.0,2779.0,1935.0,830.0,1943.0,833.0
1.0,5516.0,2744.0,2765.0,2779.0,2744.0,2744.0,1935.0,830.0,1921.0,823.0
1.0,5551.0,2839.0,2767.0,2744.0,2845.0,2845.0,1937.0,830.0,1987.0,852.0
1.0,5456.0,2797.0,2769.0,2845.0,2803.0,2803.0,1938.0,831.0,1958.0,839.0
1.0,5504.0,2779.0,2770.0,2803.0,2782.0,2782.0,1939.0,831.0,1945.0,834.0
1.0,5528.0,2796.0,2771.0,2782.0,2799.0,2799.0,1940.0,831.0,1957.0,839.0
1.0,5514.0,2749.0,2770.0,2799.0,2746.0,2746.0,1939.0,831.0,1924.0,825.0
1.0,5564.0,2730.0,2769.0,2746.0,2727.0,2727.0,1938.0,831.0,1912.0,818.0
1.0,5580.0,2747.0,2769.0,2727.0,2747.0,2747.0,1938.0,831.0,1923.0,824.0
1.0,5560.0,2859.0,2772.0,2747.0,2868.0,2868.0,1940.0,832.0,2001.0,858.0
1.0,5448.0,2780.0,2774.0,2868.0,2786.0,2786.0,1942.0,832.0,1945.0,835.0
1.0,5536.0,2842.0,2776.0,2786.0,2848.0,2848.0,1943.0,833.0,1990.0,852.0
1.0,5480.0,2787.0,2775.0,2848.0,2784.0,2784.0,1942.0,833.0,1951.0,836.0
1.0,5541.0,2760.0,2775.0,2784.0,2760.0,2760.0,1942.0,833.0,1932.0,828.0
1.0,5565.0,2760.0,2774.0,2760.0,2757.0,2757.0,1942.0,832.0,1932.0,828.0
1.0,5565.0,2766.0,2777.0,2757.0,2775.0,2775.0,1944.0,833.0,1937.0,829.0
1.0,5556.0,2779.0,2779.0,2775.0,2785.0,2785.0,1945.0,834.0,1944.0,835.0
1.0,5552.0,2783.0,2780.0,2785.0,2786.0,2786.0,1946.0,834.0,1949.0,834.0
1.0,5554.0,2846.0,2783.0,2786.0,2855.0,2855.0,1948.0,835.0,1992.0,854.0
1.0,5494.0,2835.0,2784.0,2855.0,2838.0,2838.0,1949.0,835.0,1985.0,850.0
1.0,5514.0,2824.0,2786.0,2838.0,2830.0,2830.0,1950.0,836.0,1976.0,848.0
1.0,5528.0,2771.0,2786.0,2830.0,2771.0,2771.0,1950.0,836.0,1940.0,831.0
1.0,5587.0,2774.0,2786.0,2771.0,2774.0,2774.0,1950.0,836.0,1942.0,832.0
1.0,5584.0,2855.0,2787.0,2774.0,2858.0,2858.0,1951.0,836.0,1997.0,858.0
1.0,5503.0,2837.0,2789.0,2858.0,2843.0,2843.0,1952.0,837.0,1987.0,850.0
1.0,5524.0,2786.0,2789.0,2843.0,2786.0,2786.0,1952.0,837.0,1950.0,836.0
1.0,5581.0,2797.0,2788.0,2786.0,2794.0,2794.0,1952.0,836.0,1958.0,839.0
1.0,5570.0,2734.0,2787.0,2794.0,2731.0,2731.0,1951.0,836.0,1913.0,821.0
1.0,5630.0,2767.0,2786.0,2731.0,2764.0,2764.0,1950.0,836.0,1938.0,829.0
1.0,5594.0,2823.0,2786.0,2764.0,2823.0,2823.0,1950.0,836.0,1976.0,847.0
1.0,5535.0,2839.0,2787.0,2823.0,2842.0,2842.0,1951.0,836.0,1987.0,852.0
1.0,5519.0,2819.0,2789.0,2842.0,2825.0,2825.0,1952.0,837.0,1974.0,845.0
1.0,5542.0,2804.0,2790.0,2825.0,2807.0,2807.0,1953.0,837.0,1964.0,840.0
1.0,5563.0,2866.0,2790.0,2807.0,2866.0,2866.0,1953.0,837.0,2006.0,860.0
1.0,5504.0,2829.0,2790.0,2866.0,2829.0,2829.0,1953.0,837.0,1979.0,850.0
1.0,5541.0,2737.0,2790.0,2829.0,2737.0,2737.0,1953.0,837.0,1916.0,821.0
1.0,5633.0,2754.0,2790.0,2737.0,2754.0,2754.0,1953.0,837.0,1928.0,826.0
1.0,5616.0,2824.0,2790.0,2754.0,2824.0,2824.0,1953.0,837.0,1978.0,846.0
1.0,5546.0,2898.0,2794.0,2824.0,2910.0,2910.0,1956.0,838.0,2026.0,872.0
1.0,5472.0,2843.0,2796.0,2910.0,2849.0,2849.0,1957.0,839.0,1992.0,851.0
1.0,5539.0,2828.0,2797.0,2849.0,2831.0,2831.0,1958.0,839.0,1980.0,848.0
1.0,5560.0,2803.0,2797.0,2831.0,2803.0,2803.0,1958.0,839.0,1962.0,841.0
1.0,5588.0,2716.0,2794.0,2803.0,2707.0,2707.0,1956.0,838.0,1900.0,816.0
1.0,5675.0,2816.0,2796.0,2707.0,2822.0,2822.0,1957.0,839.0,1971.0,845.0
1.0,5566.0,2864.0,2797.0,2822.0,2867.0,2867.0,1958.0,839.0,2006.0,858.0
1.0,5524.0,2855.0,2799.0,2867.0,2861.0,2861.0,1959.0,840.0,1998.0,857.0
1.0,5536.0,2796.0,2800.0,2861.0,2799.0,2799.0,1960.0,840.0,1957.0,839.0
1.0,5601.0,2841.0,2800.0,2799.0,2841.0,2841.0,1960.0,840.0,1989.0,852.0
1.0,5559.0,2727.0,2797.0,2841.0,2718.0,2718.0,1958.0,839.0,1908.0,819.0
1.0,5673.0,2723.0,2796.0,2718.0,2720.0,2720.0,1957.0,839.0,1906.0,817.0
1.0,5668.0,2839.0,2797.0,2720.0,2842.0,2842.0,1958.0,839.0,1987.0,852.0
1.0,5549.0,2840.0,2800.0,2842.0,2849.0,2849.0,1960.0,840.0,1989.0,851.0
1.0,5551.0,2826.0,2800.0,2849.0,2826.0,2826.0,1960.0,840.0,1977.0,849.0
1.0,5574.0,2796.0,2801.0,2826.0,2799.0,2799.0,1961.0,840.0,1958.0,838.0
1.0,5604.0,2788.0,2800.0,2799.0,2785.0,2785.0,1960.0,840.0,1951.0,837.0
1.0,5615.0,2734.0,2800.0,2785.0,2734.0,2734.0,1960.0,840.0,1915.0,819.0
1.0,5666.0,2819.0,2800.0,2734.0,2819.0,2819.0,1960.0,840.0,1972.0,847.0
1.0,5581.0,2809.0,2800.0,2819.0,2809.0,2809.0,1960.0,840.0,1966.0,843.0
1.0,5591.0,2786.0,2801.0,2809.0,2789.0,2789.0,1961.0,840.0,1951.0,835.0
1.0,5614.0,2901.0,2804.0,2789.0,2910.0,2910.0,1963.0,841.0,2030.0,871.0
1.0,5502.0,2835.0,2806.0,2910.0,2841.0,2841.0,1964.0,842.0,1985.0,850.0
1.0,5577.0,2770.0,2804.0,2841.0,2764.0,2764.0,1963.0,841.0,1938.0,832.0
1.0,5648.0,2785.0,2804.0,2764.0,2785.0,2785.0,1963.0,841.0,1949.0,836.0
1.0,5627.0,2758.0,2803.0,2785.0,2755.0,2755.0,1962.0,841.0,1932.0,826.0
1.0,5654.0,2773.0,2803.0,2755.0,2773.0,2773.0,1962.0,841.0,1941.0,832.0
1.0,5636.0,2869.0,2804.0,2773.0,2872.0,2872.0,1963.0,841.0,2007.0,862.0
1.0,5540.0,2892.0,2807.0,2872.0,2901.0,2901.0,1965.0,842.0,2024.0,868.0
1.0,5520.0,2813.0,2809.0,2901.0,2819.0,2819.0,1966.0,843.0,1969.0,844.0
1.0,5608.0,2849.0,2810.0,2819.0,2852.0,2852.0,1967.0,843.0,1995.0,854.0
1.0,5578.0,2825.0,2810.0,2852.0,2825.0,2825.0,1967.0,843.0,1976.0,849.0
1.0,5605.0,2806.0,2810.0,2825.0,2806.0,2806.0,1967.0,843.0,1966.0,840.0
1.0,5624.0,2824.0,2809.0,2806.0,2821.0,2821.0,1966.0,843.0,1976.0,848.0
1.0,5606.0,2943.0,2812.0,2821.0,2952.0,2952.0,1968.0,844.0,2060.0,883.0
1.0,5484.0,2833.0,2813.0,2952.0,2836.0,2836.0,1969.0,844.0,1984.0,849.0
1.0,5603.0,2874.0,2814.0,2836.0,2877.0,2877.0,1970.0,844.0,2011.0,863.0
1.0,5565.0,2810.0,2814.0,2877.0,2810.0,2810.0,1970.0,844.0,1967.0,843.0
1.0,5632.0,2890.0,2815.0,2810.0,2893.0,2893.0,1970.0,845.0,2023.0,867.0
1.0,5552.0,2826.0,2816.0,2893.0,2829.0,2829.0,1971.0,845.0,1979.0,847.0
1.0,5619.0,2889.0,2817.0,2829.0,2892.0,2892.0,1972.0,845.0,2021.0,868.0
1.0,5559.0,2873.0,2820.0,2892.0,2882.0,2882.0,1974.0,846.0,2011.0,862.0
1.0,5578.0,2843.0,2822.0,2882.0,2849.0,2849.0,1975.0,847.0,1991.0,852.0
1.0,5617.0,2878.0,2823.0,2849.0,2881.0,2881.0,1976.0,847.0,2015.0,863.0
1.0,5588.0,2799.0,2822.0,2881.0,2796.0,2796.0,1975.0,847.0,1959.0,840.0
1.0,5670.0,2857.0,2823.0,2796.0,2860.0,2860.0,1976.0,847.0,2000.0,857.0
1.0,5609.0,2823.0,2823.0,2860.0,2823.0,2823.0,1976.0,847.0,1977.0,846.0
1.0,5646.0,2816.0,2822.0,2823.0,2813.0,2813.0,1975.0,847.0,1970.0,846.0
1.0,5653.0,2857.0,2823.0,2813.0,2860.0,2860.0,1976.0,847.0,2000.0,857.0
1.0,5609.0,2878.0,2826.0,2860.0,2887.0,2887.0,1978.0,848.0,2014.0,864.0
1.0,5591.0,2827.0,2827.0,2887.0,2830.0,2830.0,1979.0,848.0,1980.0,847.0
1.0,5651.0,2783.0,2826.0,2830.0,2780.0,2780.0,1978.0,848.0,1948.0,835.0
1.0,5698.0,2820.0,2824.0,2780.0,2814.0,2814.0,1977.0,847.0,1973.0,847.0
1.0,5658.0,2807.0,2823.0,2814.0,2804.0,2804.0,1976.0,847.0,1964.0,843.0
1.0,5665.0,2882.0,2825.0,2804.0,2888.0,2888.0,1977.0,848.0,2018.0,864.0
1.0,5587.0,2840.0,2826.0,2888.0,2843.0,2843.0,1978.0,848.0,1989.0,851.0
1.0,5635.0,2816.0,2827.0,2843.0,2819.0,2819.0,1979.0,848.0,1970.0,846.0
1.0,5662.0,2895.0,2829.0,2819.0,2901.0,2901.0,1980.0,849.0,2027.0,868.0
1.0,5586.0,2850.0,2829.0,2901.0,2850.0,2850.0,1980.0,849.0,1995.0,855.0
1.0,5637.0,2853.0,2829.0,2850.0,2853.0,2853.0,1980.0,849.0,1997.0,856.0
1.0,5634.0,2836.0,2829.0,2853.0,2836.0,2836.0,1980.0,849.0,1985.0,851.0
1.0,5651.0,2804.0,2829.0,2836.0,2804.0,2804.0,1980.0,849.0,1963.0,841.0
1.0,5683.0,2947.0,2833.0,2804.0,2959.0,2959.0,1983.0,850.0,2063.0,884.0
1.0,5540.0,2860.0,2836.0,2959.0,2869.0,2869.0,1985.0,851.0,2001.0,859.0
1.0,5639.0,2875.0,2836.0,2869.0,2875.0,2875.0,1985.0,851.0,2013.0,862.0
1.0,5633.0,2833.0,2836.0,2875.0,2833.0,2833.0,1985.0,851.0,1983.0,850.0
1.0,5675.0,2879.0,2837.0,2833.0,2882.0,2882.0,1986.0,851.0,2013.0,866.0
1.0,5629.0,2859.0,2839.0,2882.0,2865.0,2865.0,1987.0,852.0,2002.0,857.0
1.0,5652.0,2853.0,2840.0,2865.0,2856.0,2856.0,1988.0,852.0,1998.0,855.0
1.0,5664.0,2883.0,2843.0,2856.0,2892.0,2892.0,1990.0,853.0,2018.0,865.0
1.0,5637.0,2929.0,2844.0,2892.0,2932.0,2932.0,1991.0,853.0,2049.0,880.0
1.0,5600.0,2866.0,2846.0,2932.0,2872.0,2872.0,1992.0,854.0,2007.0,859.0
1.0,5666.0,2830.0,2846.0,2872.0,2830.0,2830.0,1992.0,854.0,1982.0,848.0
1.0,5708.0,2797.0,2844.0,2830.0,2791.0,2791.0,1991.0,853.0,1956.0,841.0
1.0,5741.0,2855.0,2845.0,2791.0,2858.0,2858.0,1991.0,854.0,1999.0,856.0
1.0,5677.0,2826.0,2846.0,2858.0,2829.0,2829.0,1992.0,854.0,1978.0,848.0
1.0,5709.0,2878.0,2847.0,2829.0,2881.0,2881.0,1993.0,854.0,2014.0,864.0
1.0,5660.0,2879.0,2850.0,2881.0,2888.0,2888.0,1995.0,855.0,2016.0,863.0
1.0,5662.0,2882.0,2852.0,2888.0,2888.0,2888.0,1996.0,856.0,2016.0,866.0
1.0,5668.0,2833.0,2852.0,2888.0,2833.0,2833.0,1996.0,856.0,1983.0,850.0
1.0,5723.0,2796.0,2850.0,2833.0,2790.0,2790.0,1995.0,855.0,1958.0,838.0
1.0,5760.0,2857.0,2850.0,2790.0,2857.0,2857.0,1995.0,855.0,2001.0,856.0
1.0,5693.0,2875.0,2851.0,2857.0,2878.0,2878.0,1996.0,855.0,2010.0,865.0
1.0,5675.0,2889.0,2852.0,2878.0,2892.0,2892.0,1996.0,856.0,2023.0,866.0
1.0,5664.0,2850.0,2853.0,2892.0,2853.0,2853.0,1997.0,856.0,1995.0,855.0
1.0,5706.0,2917.0,2855.0,2853.0,2923.0,2923.0,1998.0,857.0,2041.0,876.0
1.0,5642.0,2888.0,2854.0,2923.0,2885.0,2885.0,1998.0,856.0,2024.0,864.0
1.0,5677.0,2886.0,2855.0,2885.0,2889.0,2889.0,1998.0,857.0,2019.0,867.0
1.0,5676.0,2916.0,2856.0,2889.0,2919.0,2919.0,1999.0,857.0,2041.0,875.0
1.0,5649.0,2879.0,2857.0,2919.0,2882.0,2882.0,2000.0,857.0,2016.0,863.0
1.0,5689.0,2889.0,2857.0,2882.0,2889.0,2889.0,2000.0,857.0,2022.0,867.0
1.0,5682.0,2946.0,2859.0,2889.0,2952.0,2952.0,2001.0,858.0,2062.0,884.0
1.0,5625.0,2880.0,2859.0,2952.0,2880.0,2880.0,2001.0,858.0,2016.0,864.0
1.0,5697.0,2893.0,2860.0,2880.0,2896.0,2896.0,2002.0,858.0,2025.0,868.0
1.0,5684.0,2788.0,2859.0,2896.0,2785.0,2785.0,2001.0,858.0,1951.0,837.0
1.0,5792.0,2887.0,2859.0,2785.0,2887.0,2887.0,2001.0,858.0,2021.0,866.0
1.0,5690.0,2867.0,2860.0,2887.0,2870.0,2870.0,2002.0,858.0,2008.0,859.0
1.0,5710.0,2869.0,2860.0,2870.0,2869.0,2869.0,2002.0,858.0,2008.0,861.0
1.0,5711.0,2892.0,2862.0,2869.0,2898.0,2898.0,2003.0,859.0,2023.0,869.0
1.0,5688.0,2858.0,2862.0,2898.0,2858.0,2858.0,2003.0,859.0,2001.0,857.0
1.0,5728.0,2849.0,2862.0,2858.0,2849.0,2849.0,2003.0,859.0,1994.0,855.0
1.0,5737.0,2830.0,2861.0,2849.0,2827.0,2827.0,2003.0,858.0,1980.0,850.0
1.0,5756.0,2830.0,2861.0,2827.0,2830.0,2830.0,2003.0,858.0,1981.0,849.0
1.0,5753.0,2872.0,2863.0,2830.0,2878.0,2878.0,2004.0,859.0,2011.0,861.0
1.0,5711.0,2847.0,2863.0,2878.0,2847.0,2847.0,2004.0,859.0,1994.0,853.0
1.0,5742.0,2918.0,2866.0,2847.0,2927.0,2927.0,2006.0,860.0,2041.0,877.0
1.0,5671.0,2912.0,2866.0,2927.0,2912.0,2912.0,2006.0,860.0,2039.0,873.0
1.0,5686.0,2859.0,2866.0,2912.0,2859.0,2859.0,2006.0,860.0,2001.0,858.0
1.0,5739.0,2819.0,2866.0,2859.0,2819.0,2819.0,2006.0,860.0,1973.0,846.0
1.0,5779.0,2849.0,2866.0,2819.0,2849.0,2849.0,2006.0,860.0,1993.0,856.0
1.0,5749.0,2808.0,2865.0,2849.0,2805.0,2805.0,2005.0,860.0,1966.0,842.0
1.0,5790.0,2924.0,2866.0,2805.0,2927.0,2927.0,2006.0,860.0,2048.0,876.0
1.0,5671.0,2942.0,2869.0,2927.0,2951.0,2951.0,2008.0,861.0,2058.0,884.0
1.0,5656.0,2850.0,2869.0,2951.0,2850.0,2850.0,2008.0,861.0,1996.0,854.0
1.0,5757.0,2897.0,2869.0,2850.0,2897.0,2897.0,2008.0,861.0,2027.0,870.0
1.0,5710.0,2823.0,2867.0,2897.0,2817.0,2817.0,2007.0,860.0,1976.0,847.0
1.0,5784.0,2843.0,2867.0,2817.0,2843.0,2843.0,2007.0,860.0,1989.0,854.0
1.0,5758.0,2923.0,2869.0,2843.0,2929.0,2929.0,2008.0,861.0,2048.0,875.0
1.0,5678.0,2907.0,2869.0,2929.0,2907.0,2907.0,2008.0,861.0,2035.0,872.0
1.0,5700.0,2921.0,2870.0,2907.0,2924.0,2924.0,2009.0,861.0,2043.0,878.0
1.0,5686.0,2929.0,2872.0,2924.0,2935.0,2935.0,2010.0,862.0,2051.0,878.0
1.0,5681.0,2844.0,2871.0,2935.0,2841.0,2841.0,2010.0,861.0,1990.0,854.0
1.0,5772.0,2896.0,2870.0,2841.0,2893.0,2893.0,2009.0,861.0,2027.0,869.0
1.0,5717.0,2828.0,2870.0,2893.0,2828.0,2828.0,2009.0,861.0,1980.0,848.0
1.0,5782.0,2910.0,2871.0,2828.0,2913.0,2913.0,2010.0,861.0,2038.0,872.0
1.0,5700.0,2889.0,2873.0,2913.0,2895.0,2895.0,2011.0,862.0,2023.0,866.0
1.0,5724.0,2943.0,2874.0,2895.0,2946.0,2946.0,2012.0,862.0,2059.0,884.0
1.0,5676.0,2870.0,2876.0,2946.0,2876.0,2876.0,2013.0,863.0,2010.0,860.0
1.0,5752.0,2899.0,2876.0,2876.0,2899.0,2899.0,2013.0,863.0,2029.0,870.0
1.0,5729.0,2857.0,2876.0,2899.0,2857.0,2857.0,2013.0,863.0,2000.0,857.0
1.0,5771.0,2878.0,2876.0,2857.0,2878.0,2878.0,2013.0,863.0,2015.0,863.0
1.0,5750.0,2893.0,2877.0,2878.0,2896.0,2896.0,2014.0,863.0,2023.0,870.0
1.0,5735.0,2940.0,2879.0,2896.0,2946.0,2946.0,2015.0,864.0,2060.0,880.0
1.0,5691.0,2897.0,2880.0,2946.0,2900.0,2900.0,2016.0,864.0,2027.0,870.0
1.0,5740.0,2899.0,2880.0,2900.0,2899.0,2899.0,2016.0,864.0,2029.0,870.0
1.0,5741.0,2857.0,2880.0,2899.0,2857.0,2857.0,2016.0,864.0,2000.0,857.0
1.0,5783.0,2837.0,2880.0,2857.0,2837.0,2837.0,2016.0,864.0,1988.0,849.0
1.0,5803.0,2820.0,2877.0,2837.0,2811.0,2811.0,2014.0,863.0,1972.0,848.0
1.0,5820.0,2917.0,2879.0,2811.0,2923.0,2923.0,2015.0,864.0,2043.0,874.0
1.0,5714.0,2923.0,2879.0,2923.0,2923.0,2923.0,2015.0,864.0,2046.0,877.0
1.0,5714.0,2902.0,2879.0,2923.0,2902.0,2902.0,2015.0,864.0,2031.0,871.0
1.0,5735.0,2930.0,2880.0,2902.0,2933.0,2933.0,2016.0,864.0,2050.0,880.0
1.0,5707.0,2887.0,2880.0,2933.0,2887.0,2887.0,2016.0,864.0,2021.0,866.0
1.0,5753.0,2877.0,2879.0,2887.0,2874.0,2874.0,2015.0,864.0,2015.0,862.0
1.0,5763.0,2842.0,2877.0,2874.0,2836.0,2836.0,2014.0,863.0,1989.0,853.0
1.0,5795.0,2953.0,2879.0,2836.0,2959.0,2959.0,2015.0,864.0,2067.0,886.0
1.0,5678.0,2922.0,2881.0,2959.0,2928.0,2928.0,2017.0,864.0,2045.0,877.0
1.0,5715.0,2923.0,2882.0,2928.0,2926.0,2926.0,2017.0,865.0,2046.0,877.0
1.0,5720.0,2959.0,2884.0,2926.0,2965.0,2965.0,2019.0,865.0,2071.0,888.0
1.0,5687.0,2926.0,2885.0,2965.0,2929.0,2929.0,2019.0,866.0,2048.0,878.0
1.0,5726.0,2849.0,2884.0,2929.0,2846.0,2846.0,2019.0,865.0,1994.0,855.0
1.0,5806.0,2904.0,2886.0,2846.0,2910.0,2910.0,2020.0,866.0,2034.0,870.0
1.0,5748.0,2874.0,2886.0,2910.0,2874.0,2874.0,2020.0,866.0,2012.0,862.0
1.0,5784.0,2969.0,2888.0,2874.0,2975.0,2975.0,2022.0,866.0,2078.0,891.0
1.0,5689.0,2959.0,2890.0,2975.0,2965.0,2965.0,2023.0,867.0,2070.0,889.0
1.0,5705.0,2922.0,2892.0,2965.0,2928.0,2928.0,2024.0,868.0,2046.0,876.0
1.0,5748.0,2862.0,2892.0,2928.0,2862.0,2862.0,2024.0,868.0,2003.0,859.0
1.0,5814.0,2844.0,2890.0,2862.0,2838.0,2838.0,2023.0,867.0,1990.0,854.0
1.0,5832.0,2864.0,2890.0,2838.0,2864.0,2864.0,2023.0,867.0,2007.0,857.0
1.0,5806.0,2909.0,2890.0,2864.0,2909.0,2909.0,2023.0,867.0,2034.0,875.0
1.0,5761.0,2890.0,2892.0,2909.0,2896.0,2896.0,2024.0,868.0,2024.0,866.0
1.0,5780.0,2976.0,2894.0,2896.0,2982.0,2982.0,2026.0,868.0,2083.0,893.0
1.0,5700.0,2935.0,2897.0,2982.0,2944.0,2944.0,2028.0,869.0,2053.0,882.0
1.0,5747.0,2882.0,2896.0,2944.0,2879.0,2879.0,2027.0,869.0,2019.0,863.0
1.0,5809.0,2909.0,2896.0,2879.0,2909.0,2909.0,2027.0,869.0,2036.0,873.0
1.0,5779.0,2912.0,2897.0,2909.0,2915.0,2915.0,2028.0,869.0,2036.0,876.0
1.0,5776.0,2923.0,2897.0,2915.0,2923.0,2923.0,2028.0,869.0,2047.0,876.0
1.0,5768.0,2952.0,2900.0,2923.0,2961.0,2961.0,2030.0,870.0,2067.0,885.0
1.0,5739.0,2927.0,2901.0,2961.0,2930.0,2930.0,2031.0,870.0,2048.0,879.0
1.0,5773.0,2840.0,2900.0,2930.0,2837.0,2837.0,2030.0,870.0,1989.0,851.0
1.0,5863.0,2870.0,2899.0,2837.0,2867.0,2867.0,2029.0,870.0,2009.0,861.0
1.0,5830.0,2867.0,2897.0,2867.0,2861.0,2861.0,2028.0,869.0,2006.0,861.0
1.0,5830.0,2907.0,2897.0,2861.0,2907.0,2907.0,2028.0,869.0,2035.0,872.0
1.0,5784.0,2954.0,2900.0,2907.0,2963.0,2963.0,2030.0,870.0,2069.0,885.0
1.0,5737.0,2922.0,2900.0,2963.0,2922.0,2922.0,2030.0,870.0,2044.0,878.0
1.0,5778.0,3035.0,2904.0,2922.0,3047.0,3047.0,2033.0,871.0,2124.0,911.0
1.0,5665.0,2980.0,2906.0,3047.0,2986.0,2986.0,2034.0,872.0,2087.0,893.0
1.0,5732.0,2888.0,2906.0,2986.0,2888.0,2888.0,2034.0,872.0,2022.0,866.0
1.0,5830.0,2891.0,2904.0,2888.0,2885.0,2885.0,2033.0,871.0,2024.0,867.0
1.0,5827.0,2905.0,2905.0,2885.0,2908.0,2908.0,2033.0,872.0,2033.0,872.0
1.0,5807.0,2890.0,2905.0,2908.0,2890.0,2890.0,2033.0,872.0,2023.0,867.0
1.0,5825.0,2935.0,2906.0,2890.0,2938.0,2938.0,2034.0,872.0,2055.0,880.0
1.0,5780.0,2963.0,2907.0,2938.0,2966.0,2966.0,2035.0,872.0,2073.0,890.0
1.0,5755.0,2916.0,2909.0,2966.0,2922.0,2922.0,2036.0,873.0,2042.0,874.0
1.0,5805.0,2923.0,2908.0,2922.0,2920.0,2920.0,2036.0,872.0,2045.0,878.0
1.0,5804.0,2885.0,2907.0,2920.0,2882.0,2882.0,2035.0,872.0,2019.0,866.0
1.0,5839.0,2913.0,2908.0,2882.0,2916.0,2916.0,2036.0,872.0,2039.0,874.0
1.0,5808.0,2916.0,2909.0,2916.0,2919.0,2919.0,2036.0,873.0,2042.0,874.0
1.0,5808.0,2995.0,2912.0,2919.0,3004.0,3004.0,2038.0,874.0,2096.0,899.0
1.0,5732.0,3011.0,2916.0,3004.0,3023.0,3023.0,2041.0,875.0,2108.0,903.0
1.0,5725.0,2891.0,2916.0,3023.0,2891.0,2891.0,2041.0,875.0,2023.0,868.0
1.0,5857.0,2960.0,2916.0,2891.0,2960.0,2960.0,2041.0,875.0,2073.0,887.0
1.0,5788.0,2939.0,2917.0,2960.0,2942.0,2942.0,2042.0,875.0,2057.0,882.0
1.0,5809.0,2923.0,2917.0,2942.0,2923.0,2923.0,2042.0,875.0,2046.0,877.0
1.0,5828.0,2959.0,2919.0,2923.0,2965.0,2965.0,2043.0,876.0,2070.0,889.0
1.0,5792.0,2933.0,2919.0,2965.0,2933.0,2933.0,2043.0,876.0,2054.0,879.0
1.0,5824.0,2971.0,2922.0,2933.0,2980.0,2980.0,2045.0,877.0,2078.0,893.0
1.0,5786.0,2976.0,2922.0,2980.0,2976.0,2976.0,2045.0,877.0,2084.0,892.0
1.0,5790.0,2927.0,2922.0,2976.0,2927.0,2927.0,2045.0,877.0,2049.0,878.0
1.0,5839.0,2864.0,2921.0,2927.0,2861.0,2861.0,2045.0,876.0,2004.0,860.0
1.0,5902.0,2916.0,2920.0,2861.0,2913.0,2913.0,2044.0,876.0,2041.0,875.0
1.0,5847.0,2914.0,2920.0,2913.0,2914.0,2914.0,2044.0,876.0,2042.0,872.0
1.0,5846.0,3009.0,2923.0,2914.0,3018.0,3018.0,2046.0,877.0,2106.0,903.0
1.0,5751.0,2963.0,2924.0,3018.0,2966.0,2966.0,2047.0,877.0,2072.0,891.0
1.0,5806.0,3024.0,2927.0,2966.0,3033.0,3033.0,2049.0,878.0,2116.0,908.0
1.0,5748.0,2861.0,2925.0,3033.0,2855.0,2855.0,2047.0,878.0,2004.0,857.0
1.0,5920.0,2949.0,2925.0,2855.0,2949.0,2949.0,2047.0,878.0,2064.0,885.0
1.0,5826.0,2889.0,2924.0,2949.0,2886.0,2886.0,2047.0,877.0,2022.0,867.0
1.0,5886.0,2987.0,2927.0,2886.0,2996.0,2996.0,2049.0,878.0,2092.0,895.0
1.0,5785.0,3015.0,2930.0,2996.0,3024.0,3024.0,2051.0,879.0,2110.0,905.0
1.0,5766.0,2982.0,2932.0,3024.0,2988.0,2988.0,2052.0,880.0,2087.0,895.0
1.0,5808.0,2999.0,2934.0,2988.0,3005.0,3005.0,2054.0,880.0,2098.0,901.0
1.0,5797.0,2942.0,2935.0,3005.0,2945.0,2945.0,2054.0,881.0,2060.0,882.0
1.0,5860.0,2981.0,2935.0,2945.0,2981.0,2981.0,2054.0,881.0,2087.0,894.0
1.0,5824.0,2920.0,2934.0,2981.0,2917.0,2917.0,2054.0,880.0,2044.0,876.0
1.0,5885.0,2876.0,2934.0,2917.0,2876.0,2876.0,2054.0,880.0,2013.0,863.0
1.0,5926.0,2946.0,2936.0,2876.0,2952.0,2952.0,2055.0,881.0,2062.0,884.0
1.0,5856.0,2929.0,2936.0,2952.0,2929.0,2929.0,2055.0,881.0,2050.0,879.0
1.0,5879.0,2971.0,2937.0,2929.0,2974.0,2974.0,2056.0,881.0,2081.0,890.0
1.0,5837.0,2893.0,2936.0,2974.0,2890.0,2890.0,2055.0,881.0,2024.0,869.0
1.0,5918.0,2906.0,2935.0,2890.0,2903.0,2903.0,2054.0,881.0,2034.0,872.0
1.0,5902.0,2933.0,2937.0,2903.0,2939.0,2939.0,2056.0,881.0,2054.0,879.0
1.0,5872.0,2982.0,2939.0,2939.0,2988.0,2988.0,2057.0,882.0,2087.0,895.0
1.0,5829.0,2969.0,2941.0,2988.0,2975.0,2975.0,2059.0,882.0,2077.0,892.0
1.0,5848.0,2947.0,2942.0,2975.0,2950.0,2950.0,2059.0,883.0,2063.0,884.0
1.0,5876.0,2991.0,2943.0,2950.0,2994.0,2994.0,2060.0,883.0,2095.0,896.0
1.0,5835.0,2896.0,2942.0,2994.0,2893.0,2893.0,2059.0,883.0,2027.0,869.0
1.0,5933.0,2894.0,2939.0,2893.0,2885.0,2885.0,2057.0,882.0,2026.0,868.0
1.0,5932.0,2930.0,2939.0,2885.0,2930.0,2930.0,2057.0,882.0,2050.0,880.0
1.0,5887.0,3044.0,2941.0,2930.0,3050.0,3050.0,2059.0,882.0,2130.0,914.0
1.0,5773.0,2967.0,2943.0,3050.0,2973.0,2973.0,2060.0,883.0,2078.0,889.0
1.0,5856.0,2995.0,2944.0,2973.0,2998.0,2998.0,2061.0,883.0,2095.0,900.0
1.0,5834.0,2985.0,2946.0,2998.0,2991.0,2991.0,2062.0,884.0,2091.0,894.0
1.0,5847.0,2985.0,2947.0,2991.0,2988.0,2988.0,2063.0,884.0,2087.0,898.0
1.0,5853.0,2932.0,2947.0,2988.0,2932.0,2932.0,2063.0,884.0,2054.0,878.0
1.0,5909.0,2902.0,2946.0,2932.0,2899.0,2899.0,2062.0,884.0,2031.0,871.0
1.0,5939.0,2944.0,2947.0,2899.0,2947.0,2947.0,2063.0,884.0,2061.0,883.0
1.0,5894.0,2970.0,2949.0,2947.0,2976.0,2976.0,2064.0,885.0,2078.0,892.0
1.0,5871.0,3090.0,2952.0,2976.0,3099.0,3099.0,2066.0,886.0,2163.0,927.0
1.0,5757.0,2983.0,2953.0,3099.0,2986.0,2986.0,2067.0,886.0,2089.0,894.0
1.0,5873.0,2909.0,2952.0,2986.0,2906.0,2906.0,2066.0,886.0,2035.0,874.0
1.0,5950.0,2904.0,2949.0,2906.0,2895.0,2895.0,2064.0,885.0,2034.0,870.0
1.0,5952.0,2987.0,2951.0,2895.0,2993.0,2993.0,2066.0,885.0,2090.0,897.0
1.0,5860.0,2989.0,2952.0,2993.0,2992.0,2992.0,2066.0,886.0,2093.0,896.0
1.0,5864.0,2993.0,2953.0,2992.0,2996.0,2996.0,2067.0,886.0,2095.0,898.0
1.0,5863.0,3022.0,2955.0,2996.0,3028.0,3028.0,2068.0,887.0,2115.0,907.0
1.0,5837.0,3003.0,2956.0,3028.0,3006.0,3006.0,2069.0,887.0,2102.0,901.0
1.0,5862.0,2984.0,2957.0,3006.0,2987.0,2987.0,2070.0,887.0,2090.0,894.0
1.0,5884.0,2962.0,2956.0,2987.0,2959.0,2959.0,2069.0,887.0,2073.0,889.0
1.0,5909.0,2955.0,2956.0,2959.0,2955.0,2955.0,2069.0,887.0,2068.0,887.0
1.0,5913.0,3009.0,2957.0,2955.0,3012.0,3012.0,2070.0,887.0,2105.0,904.0
1.0,5859.0,2956.0,2959.0,3012.0,2962.0,2962.0,2071.0,888.0,2070.0,886.0
1.0,5915.0,3024.0,2961.0,2962.0,3030.0,3030.0,2073.0,888.0,2116.0,908.0
1.0,5853.0,2973.0,2963.0,3030.0,2979.0,2979.0,2074.0,889.0,2082.0,891.0
1.0,5910.0,3050.0,2963.0,2979.0,3050.0,3050.0,2074.0,889.0,2136.0,914.0
1.0,5839.0,2910.0,2963.0,3050.0,2910.0,2910.0,2074.0,889.0,2036.0,874.0
1.0,5979.0,2951.0,2961.0,2910.0,2945.0,2945.0,2073.0,888.0,2065.0,886.0
1.0,5938.0,2977.0,2963.0,2945.0,2983.0,2983.0,2074.0,889.0,2086.0,891.0
1.0,5906.0,2990.0,2964.0,2983.0,2993.0,2993.0,2075.0,889.0,2091.0,899.0
1.0,5899.0,2996.0,2966.0,2993.0,3002.0,3002.0,2076.0,890.0,2098.0,898.0
1.0,5896.0,2990.0,2966.0,3002.0,2990.0,2990.0,2076.0,890.0,2094.0,896.0
1.0,5908.0,2937.0,2964.0,2990.0,2931.0,2931.0,2075.0,889.0,2055.0,882.0
1.0,5961.0,2941.0,2964.0,2931.0,2941.0,2941.0,2075.0,889.0,2058.0,883.0
1.0,5951.0,2928.0,2963.0,2941.0,2925.0,2925.0,2074.0,889.0,2051.0,877.0
1.0,5964.0,3006.0,2963.0,2925.0,3006.0,3006.0,2074.0,889.0,2103.0,903.0
1.0,5883.0,3006.0,2964.0,3006.0,3009.0,3009.0,2075.0,889.0,2105.0,901.0
1.0,5883.0,2973.0,2966.0,3009.0,2979.0,2979.0,2076.0,890.0,2081.0,892.0
1.0,5919.0,2947.0,2966.0,2979.0,2947.0,2947.0,2076.0,890.0,2064.0,883.0
1.0,5951.0,2893.0,2966.0,2947.0,2893.0,2893.0,2076.0,890.0,2025.0,868.0
1.0,6005.0,2930.0,2966.0,2893.0,2930.0,2930.0,2076.0,890.0,2051.0,879.0
1.0,5968.0,2921.0,2964.0,2930.0,2915.0,2915.0,2075.0,889.0,2044.0,877.0
1.0,5977.0,3009.0,2967.0,2915.0,3018.0,3018.0,2077.0,890.0,2105.0,904.0
1.0,5883.0,2989.0,2969.0,3018.0,2995.0,2995.0,2078.0,891.0,2093.0,896.0
1.0,5912.0,3027.0,2970.0,2995.0,3030.0,3030.0,2079.0,891.0,2121.0,906.0
1.0,5880.0,2959.0,2970.0,3030.0,2959.0,2959.0,2079.0,891.0,2071.0,888.0
1.0,5951.0,3049.0,2971.0,2959.0,3052.0,3052.0,2080.0,891.0,2133.0,916.0
1.0,5861.0,2983.0,2972.0,3052.0,2986.0,2986.0,2080.0,892.0,2088.0,895.0
1.0,5930.0,2990.0,2972.0,2986.0,2990.0,2990.0,2080.0,892.0,2093.0,897.0
1.0,5926.0,3022.0,2974.0,2990.0,3028.0,3028.0,2082.0,892.0,2115.0,907.0
1.0,5894.0,3052.0,2977.0,3028.0,3061.0,3061.0,2084.0,893.0,2136.0,916.0
1.0,5870.0,3060.0,2980.0,3061.0,3069.0,3069.0,2086.0,894.0,2143.0,917.0
1.0,5871.0,3003.0,2979.0,3069.0,3000.0,3000.0,2085.0,894.0,2102.0,901.0
1.0,5937.0,3007.0,2980.0,3000.0,3010.0,3010.0,2086.0,894.0,2105.0,902.0
1.0,5930.0,2999.0,2980.0,3010.0,2999.0,2999.0,2086.0,894.0,2099.0,900.0
1.0,5941.0,2929.0,2979.0,2999.0,2926.0,2926.0,2085.0,894.0,2050.0,879.0
1.0,6011.0,3062.0,2980.0,2926.0,3065.0,3065.0,2086.0,894.0,2142.0,920.0
1.0,5875.0,3016.0,2982.0,3065.0,3022.0,3022.0,2087.0,895.0,2112.0,904.0
1.0,5924.0,3051.0,2984.0,3022.0,3057.0,3057.0,2089.0,895.0,2135.0,916.0
1.0,5895.0,3006.0,2986.0,3057.0,3012.0,3012.0,2090.0,896.0,2105.0,901.0
1.0,5946.0,2996.0,2987.0,3012.0,2999.0,2999.0,2091.0,896.0,2097.0,899.0
1.0,5962.0,2928.0,2983.0,2999.0,2916.0,2916.0,2088.0,895.0,2050.0,878.0
1.0,6033.0,2996.0,2983.0,2916.0,2996.0,2996.0,2088.0,895.0,2095.0,901.0
1.0,5953.0,2963.0,2984.0,2996.0,2966.0,2966.0,2089.0,895.0,2075.0,888.0
1.0,5986.0,3051.0,2987.0,2966.0,3060.0,3060.0,2091.0,896.0,2135.0,916.0
1.0,5901.0,3025.0,2989.0,3060.0,3031.0,3031.0,2092.0,897.0,2117.0,908.0
1.0,5936.0,2973.0,2987.0,3031.0,2967.0,2967.0,2091.0,896.0,2081.0,892.0
1.0,5994.0,2940.0,2987.0,2967.0,2940.0,2940.0,2091.0,896.0,2057.0,883.0
1.0,6021.0,2955.0,2986.0,2940.0,2952.0,2952.0,2090.0,896.0,2071.0,884.0
1.0,6006.0,2907.0,2984.0,2952.0,2901.0,2901.0,2089.0,895.0,2033.0,874.0
1.0,6051.0,3039.0,2985.0,2901.0,3042.0,3042.0,2089.0,896.0,2128.0,911.0
1.0,5913.0,3016.0,2986.0,3042.0,3019.0,3019.0,2090.0,896.0,2112.0,904.0
1.0,5939.0,3021.0,2987.0,3019.0,3024.0,3024.0,2091.0,896.0,2113.0,908.0
1.0,5937.0,3017.0,2987.0,3024.0,3017.0,3017.0,2091.0,896.0,2112.0,905.0
1.0,5944.0,3019.0,2989.0,3017.0,3025.0,3025.0,2092.0,897.0,2114.0,905.0
1.0,5942.0,2940.0,2987.0,3025.0,2934.0,2934.0,2091.0,896.0,2057.0,883.0
1.0,6027.0,3020.0,2987.0,2934.0,3020.0,3020.0,2091.0,896.0,2114.0,906.0
1.0,5941.0,3018.0,2987.0,3020.0,3018.0,3018.0,2091.0,896.0,2113.0,905.0
1.0,5943.0,3036.0,2990.0,3018.0,3045.0,3045.0,2093.0,897.0,2127.0,909.0
1.0,5925.0,3017.0,2991.0,3045.0,3020.0,3020.0,2094.0,897.0,2110.0,907.0
1.0,5953.0,3006.0,2992.0,3020.0,3009.0,3009.0,2094.0,898.0,2105.0,901.0
1.0,5967.0,3049.0,2993.0,3009.0,3052.0,3052.0,2095.0,898.0,2135.0,914.0
1.0,5927.0,2989.0,2993.0,3052.0,2989.0,2989.0,2095.0,898.0,2092.0,897.0
1.0,5990.0,2916.0,2991.0,2989.0,2910.0,2910.0,2094.0,897.0,2040.0,876.0
1.0,6063.0,3006.0,2993.0,2910.0,3012.0,3012.0,2095.0,898.0,2104.0,902.0
1.0,5967.0,3007.0,2993.0,3012.0,3007.0,3007.0,2095.0,898.0,2104.0,903.0
1.0,5972.0,3087.0,2997.0,3007.0,3099.0,3099.0,2098.0,899.0,2163.0,924.0
1.0,5892.0,3013.0,2997.0,3099.0,3013.0,3013.0,2098.0,899.0,2107.0,906.0
1.0,5978.0,3032.0,2997.0,3013.0,3032.0,3032.0,2098.0,899.0,2123.0,909.0
1.0,5959.0,2953.0,2997.0,3032.0,2953.0,2953.0,2098.0,899.0,2066.0,887.0
1.0,6038.0,2966.0,2997.0,2953.0,2966.0,2966.0,2098.0,899.0,2077.0,889.0
1.0,6025.0,3040.0,3000.0,2966.0,3049.0,3049.0,2100.0,900.0,2128.0,912.0
1.0,5951.0,3070.0,3003.0,3049.0,3079.0,3079.0,2102.0,901.0,2150.0,920.0
1.0,5930.0,3056.0,3006.0,3079.0,3065.0,3065.0,2104.0,902.0,2139.0,917.0
1.0,5953.0,3044.0,3006.0,3065.0,3044.0,3044.0,2104.0,902.0,2132.0,912.0
1.0,5974.0,2996.0,3006.0,3044.0,2996.0,2996.0,2104.0,902.0,2097.0,899.0
1.0,6022.0,2966.0,3005.0,2996.0,2963.0,2963.0,2103.0,902.0,2075.0,891.0
1.0,6052.0,3050.0,3007.0,2963.0,3056.0,3056.0,2105.0,902.0,2136.0,914.0
1.0,5965.0,3009.0,3006.0,3056.0,3006.0,3006.0,2104.0,902.0,2106.0,903.0
1.0,6012.0,3080.0,3007.0,3006.0,3083.0,3083.0,2105.0,902.0,2155.0,925.0
1.0,5938.0,3019.0,3009.0,3083.0,3025.0,3025.0,2106.0,903.0,2113.0,906.0
1.0,6002.0,3040.0,3009.0,3025.0,3040.0,3040.0,2106.0,903.0,2129.0,911.0
1.0,5987.0,2996.0,3007.0,3040.0,2990.0,2990.0,2105.0,902.0,2096.0,900.0
1.0,6031.0,2978.0,3006.0,2990.0,2975.0,2975.0,2104.0,902.0,2086.0,892.0
1.0,6043.0,2976.0,3006.0,2975.0,2976.0,2976.0,2104.0,902.0,2083.0,893.0
1.0,6042.0,2974.0,3005.0,2976.0,2971.0,2971.0,2103.0,902.0,2081.0,893.0
1.0,6044.0,3062.0,3006.0,2971.0,3065.0,3065.0,2104.0,902.0,2144.0,918.0
1.0,5953.0,3108.0,3010.0,3065.0,3120.0,3120.0,2107.0,903.0,2175.0,933.0
1.0,5910.0,3078.0,3010.0,3120.0,3078.0,3078.0,2107.0,903.0,2153.0,925.0
1.0,5952.0,2939.0,3009.0,3078.0,2936.0,2936.0,2106.0,903.0,2058.0,881.0
1.0,6091.0,2966.0,3007.0,2936.0,2960.0,2960.0,2105.0,902.0,2075.0,891.0
1.0,6061.0,3010.0,3007.0,2960.0,3010.0,3010.0,2105.0,902.0,2107.0,903.0
1.0,6011.0,3017.0,3007.0,3010.0,3017.0,3017.0,2105.0,902.0,2112.0,905.0
1.0,6004.0,3076.0,3010.0,3017.0,3085.0,3085.0,2107.0,903.0,2153.0,923.0
1.0,5945.0,3047.0,3011.0,3085.0,3050.0,3050.0,2108.0,903.0,2134.0,913.0
1.0,5983.0,3072.0,3013.0,3050.0,3078.0,3078.0,2109.0,904.0,2149.0,923.0
1.0,5961.0,2968.0,3012.0,3078.0,2965.0,2965.0,2108.0,904.0,2079.0,889.0
1.0,6071.0,3016.0,3011.0,2965.0,3013.0,3013.0,2108.0,903.0,2111.0,905.0
1.0,6020.0,2990.0,3012.0,3013.0,2993.0,2993.0,2108.0,904.0,2093.0,897.0
1.0,6043.0,3066.0,3014.0,2993.0,3072.0,3072.0,2110.0,904.0,2146.0,920.0
1.0,5970.0,3073.0,3016.0,3072.0,3079.0,3079.0,2111.0,905.0,2152.0,921.0
1.0,5969.0,3096.0,3020.0,3079.0,3108.0,3108.0,2114.0,906.0,2168.0,928.0
1.0,5952.0,3084.0,3021.0,3108.0,3087.0,3087.0,2115.0,906.0,2157.0,927.0
1.0,5976.0,3036.0,3021.0,3087.0,3036.0,3036.0,2115.0,906.0,2125.0,911.0
1.0,6027.0,3105.0,3023.0,3036.0,3111.0,3111.0,2116.0,907.0,2175.0,930.0
1.0,5958.0,2991.0,3023.0,3111.0,2991.0,2991.0,2116.0,907.0,2093.0,898.0
1.0,6078.0,3017.0,3023.0,2991.0,3017.0,3017.0,2116.0,907.0,2112.0,905.0
1.0,6052.0,3135.0,3026.0,3017.0,3144.0,3144.0,2118.0,908.0,2195.0,940.0
1.0,5934.0,3019.0,3026.0,3144.0,3019.0,3019.0,2118.0,908.0,2113.0,906.0
1.0,6059.0,3087.0,3027.0,3019.0,3090.0,3090.0,2119.0,908.0,2160.0,927.0
1.0,5991.0,3043.0,3027.0,3090.0,3043.0,3043.0,2119.0,908.0,2130.0,913.0
1.0,6038.0,3003.0,3027.0,3043.0,3003.0,3003.0,2119.0,908.0,2102.0,901.0
1.0,6078.0,3039.0,3028.0,3003.0,3042.0,3042.0,2120.0,908.0,2127.0,912.0
1.0,6042.0,3066.0,3029.0,3042.0,3069.0,3069.0,2120.0,909.0,2146.0,920.0
1.0,6018.0,3083.0,3030.0,3069.0,3086.0,3086.0,2121.0,909.0,2160.0,923.0
1.0,6004.0,3081.0,3033.0,3086.0,3090.0,3090.0,2123.0,910.0,2156.0,925.0
1.0,6009.0,3127.0,3036.0,3090.0,3136.0,3136.0,2125.0,911.0,2188.0,939.0
1.0,5972.0,3007.0,3036.0,3136.0,3007.0,3007.0,2125.0,911.0,2105.0,902.0
1.0,6101.0,2986.0,3033.0,3007.0,2977.0,2977.0,2123.0,910.0,2089.0,897.0
1.0,6122.0,3073.0,3034.0,2977.0,3076.0,3076.0,2124.0,910.0,2152.0,921.0
1.0,6026.0,3013.0,3034.0,3076.0,3013.0,3013.0,2124.0,910.0,2109.0,904.0
1.0,6089.0,3165.0,3039.0,3013.0,3180.0,3180.0,2127.0,912.0,2215.0,950.0
1.0,5937.0,3052.0,3040.0,3180.0,3055.0,3055.0,2128.0,912.0,2137.0,915.0
1.0,6065.0,3069.0,3040.0,3055.0,3069.0,3069.0,2128.0,912.0,2147.0,922.0
1.0,6051.0,3124.0,3042.0,3069.0,3130.0,3130.0,2129.0,913.0,2188.0,936.0
1.0,5996.0,3067.0,3042.0,3130.0,3067.0,3067.0,2129.0,913.0,2147.0,920.0
1.0,6059.0,3063.0,3043.0,3067.0,3066.0,3066.0,2130.0,913.0,2144.0,919.0
1.0,6063.0,3056.0,3043.0,3066.0,3056.0,3056.0,2130.0,913.0,2140.0,916.0
1.0,6073.0,3071.0,3046.0,3056.0,3080.0,3080.0,2132.0,914.0,2148.0,923.0
1.0,6058.0,3057.0,3046.0,3080.0,3057.0,3057.0,2132.0,914.0,2140.0,917.0
1.0,6081.0,3019.0,3046.0,3057.0,3019.0,3019.0,2132.0,914.0,2113.0,906.0
1.0,6119.0,2984.0,3044.0,3019.0,2978.0,2978.0,2131.0,913.0,2088.0,896.0
1.0,6154.0,3082.0,3046.0,2978.0,3088.0,3088.0,2132.0,914.0,2158.0,924.0
1.0,6050.0,3013.0,3045.0,3088.0,3010.0,3010.0,2131.0,914.0,2109.0,904.0
1.0,6125.0,3022.0,3046.0,3010.0,3025.0,3025.0,2132.0,914.0,2115.0,907.0
1.0,6113.0,3077.0,3047.0,3025.0,3080.0,3080.0,2133.0,914.0,2153.0,924.0
1.0,6061.0,3143.0,3050.0,3080.0,3152.0,3152.0,2135.0,915.0,2202.0,941.0
1.0,5998.0,3102.0,3053.0,3152.0,3111.0,3111.0,2137.0,916.0,2171.0,931.0
1.0,6048.0,3070.0,3053.0,3111.0,3070.0,3070.0,2137.0,916.0,2149.0,921.0
1.0,6089.0,3004.0,3051.0,3070.0,2998.0,2998.0,2136.0,915.0,2102.0,902.0
1.0,6155.0,3021.0,3050.0,2998.0,3018.0,3018.0,2135.0,915.0,2116.0,905.0
1.0,6132.0,3083.0,3053.0,3018.0,3092.0,3092.0,2137.0,916.0,2158.0,925.0
1.0,6067.0,3122.0,3056.0,3092.0,3131.0,3131.0,2139.0,917.0,2185.0,937.0
1.0,6037.0,3141.0,3058.0,3131.0,3147.0,3147.0,2141.0,917.0,2198.0,943.0
1.0,6027.0,3074.0,3059.0,3147.0,3077.0,3077.0,2141.0,918.0,2152.0,922.0
1.0,6100.0,3080.0,3060.0,3077.0,3083.0,3083.0,2142.0,918.0,2157.0,923.0
1.0,6097.0,3032.0,3059.0,3083.0,3029.0,3029.0,2141.0,918.0,2121.0,911.0
1.0,6148.0,3064.0,3059.0,3029.0,3064.0,3064.0,2141.0,918.0,2145.0,919.0
1.0,6113.0,3060.0,3060.0,3064.0,3063.0,3063.0,2142.0,918.0,2143.0,917.0
1.0,6117.0,3077.0,3062.0,3063.0,3083.0,3083.0,2143.0,919.0,2153.0,924.0
1.0,6103.0,3182.0,3066.0,3083.0,3194.0,3194.0,2146.0,920.0,2228.0,954.0
1.0,6004.0,3077.0,3066.0,3194.0,3077.0,3077.0,2146.0,920.0,2154.0,923.0
1.0,6121.0,3030.0,3065.0,3077.0,3027.0,3027.0,2145.0,920.0,2120.0,910.0
1.0,6168.0,3063.0,3064.0,3027.0,3060.0,3060.0,2145.0,919.0,2144.0,919.0
1.0,6132.0,3023.0,3063.0,3060.0,3020.0,3020.0,2144.0,919.0,2117.0,906.0
1.0,6169.0,3135.0,3065.0,3020.0,3141.0,3141.0,2145.0,920.0,2194.0,941.0
1.0,6054.0,3087.0,3064.0,3141.0,3084.0,3084.0,2145.0,919.0,2161.0,926.0
1.0,6108.0,3082.0,3066.0,3084.0,3088.0,3088.0,2146.0,920.0,2158.0,924.0
1.0,6110.0,3107.0,3068.0,3088.0,3113.0,3113.0,2148.0,920.0,2174.0,933.0
1.0,6091.0,3047.0,3066.0,3113.0,3041.0,3041.0,2146.0,920.0,2134.0,913.0
1.0,6157.0,3066.0,3067.0,3041.0,3069.0,3069.0,2147.0,920.0,2144.0,922.0
1.0,6132.0,3030.0,3066.0,3069.0,3027.0,3027.0,2146.0,920.0,2123.0,907.0
1.0,6171.0,3056.0,3066.0,3027.0,3056.0,3056.0,2146.0,920.0,2139.0,917.0
1.0,6142.0,3123.0,3069.0,3056.0,3132.0,3132.0,2148.0,921.0,2185.0,938.0
1.0,6075.0,3196.0,3072.0,3132.0,3205.0,3205.0,2150.0,922.0,2237.0,959.0
1.0,6011.0,3099.0,3073.0,3205.0,3102.0,3102.0,2151.0,922.0,2170.0,929.0
1.0,6117.0,3026.0,3072.0,3102.0,3023.0,3023.0,2150.0,922.0,2117.0,909.0
1.0,6193.0,3046.0,3070.0,3023.0,3040.0,3040.0,2149.0,921.0,2132.0,914.0
1.0,6170.0,3057.0,3069.0,3040.0,3054.0,3054.0,2148.0,921.0,2141.0,916.0
1.0,6153.0,3032.0,3070.0,3054.0,3035.0,3035.0,2149.0,921.0,2122.0,910.0
1.0,6175.0,3145.0,3073.0,3035.0,3154.0,3154.0,2151.0,922.0,2201.0,944.0
1.0,6065.0,3090.0,3073.0,3154.0,3090.0,3090.0,2151.0,922.0,2164.0,926.0
1.0,6129.0,3072.0,3074.0,3090.0,3075.0,3075.0,2152.0,922.0,2148.0,924.0
1.0,6147.0,3027.0,3072.0,3075.0,3021.0,3021.0,2150.0,922.0,2120.0,907.0
1.0,6195.0,3095.0,3073.0,3021.0,3098.0,3098.0,2151.0,922.0,2166.0,929.0
1.0,6121.0,3034.0,3072.0,3098.0,3031.0,3031.0,2150.0,922.0,2124.0,910.0
1.0,6185.0,3061.0,3070.0,3031.0,3055.0,3055.0,2149.0,921.0,2142.0,919.0
1.0,6155.0,3140.0,3072.0,3055.0,3146.0,3146.0,2150.0,922.0,2199.0,941.0
1.0,6070.0,3155.0,3074.0,3146.0,3161.0,3161.0,2152.0,922.0,2207.0,948.0
1.0,6061.0,3076.0,3074.0,3161.0,3076.0,3076.0,2152.0,922.0,2154.0,922.0
1.0,6146.0,3097.0,3074.0,3076.0,3097.0,3097.0,2152.0,922.0,2168.0,929.0
1.0,6125.0,3009.0,3074.0,3097.0,3009.0,3009.0,2152.0,922.0,2105.0,904.0
1.0,6213.0,3083.0,3075.0,3009.0,3086.0,3086.0,2152.0,923.0,2159.0,924.0
1.0,6139.0,3089.0,3077.0,3086.0,3095.0,3095.0,2154.0,923.0,2161.0,928.0
1.0,6136.0,3162.0,3079.0,3095.0,3168.0,3168.0,2155.0,924.0,2215.0,947.0
1.0,6069.0,3094.0,3080.0,3168.0,3097.0,3097.0,2156.0,924.0,2167.0,927.0
1.0,6143.0,3139.0,3083.0,3097.0,3148.0,3148.0,2158.0,925.0,2196.0,943.0
1.0,6101.0,3033.0,3081.0,3148.0,3027.0,3027.0,2157.0,924.0,2123.0,910.0
1.0,6216.0,3034.0,3080.0,3027.0,3031.0,3031.0,2156.0,924.0,2124.0,910.0
1.0,6209.0,3072.0,3079.0,3031.0,3069.0,3069.0,2155.0,924.0,2150.0,922.0
1.0,6168.0,3150.0,3080.0,3069.0,3153.0,3153.0,2156.0,924.0,2204.0,946.0
1.0,6087.0,3084.0,3082.0,3153.0,3090.0,3090.0,2157.0,925.0,2160.0,924.0
1.0,6156.0,3080.0,3083.0,3090.0,3083.0,3083.0,2158.0,925.0,2157.0,923.0
1.0,6166.0,3074.0,3083.0,3083.0,3074.0,3074.0,2158.0,925.0,2152.0,922.0
1.0,6175.0,3067.0,3082.0,3074.0,3064.0,3064.0,2157.0,925.0,2146.0,921.0
1.0,6182.0,3026.0,3080.0,3064.0,3020.0,3020.0,2156.0,924.0,2117.0,909.0
1.0,6220.0,3051.0,3079.0,3020.0,3048.0,3048.0,2155.0,924.0,2137.0,914.0
1.0,6189.0,3115.0,3080.0,3048.0,3118.0,3118.0,2156.0,924.0,2179.0,936.0
1.0,6122.0,3136.0,3082.0,3118.0,3142.0,3142.0,2157.0,925.0,2196.0,940.0
1.0,6104.0,3171.0,3084.0,3142.0,3177.0,3177.0,2159.0,925.0,2219.0,952.0
1.0,6075.0,3160.0,3086.0,3177.0,3166.0,3166.0,2160.0,926.0,2213.0,947.0
1.0,6092.0,3113.0,3086.0,3166.0,3113.0,3113.0,2160.0,926.0,2177.0,936.0
1.0,6145.0,3037.0,3084.0,3113.0,3031.0,3031.0,2159.0,925.0,2127.0,910.0
1.0,6221.0,3116.0,3084.0,3031.0,3116.0,3116.0,2159.0,925.0,2181.0,935.0
1.0,6136.0,3086.0,3086.0,3116.0,3092.0,3092.0,2160.0,926.0,2161.0,925.0
1.0,6166.0,3047.0,3086.0,3092.0,3047.0,3047.0,2160.0,926.0,2133.0,914.0
1.0,6211.0,3060.0,3086.0,3047.0,3060.0,3060.0,2160.0,926.0,2142.0,918.0
1.0,6198.0,3133.0,3086.0,3060.0,3133.0,3133.0,2160.0,926.0,2193.0,940.0
1.0,6125.0,3118.0,3086.0,3133.0,3118.0,3118.0,2160.0,926.0,2181.0,937.0
1.0,6140.0,3041.0,3086.0,3118.0,3041.0,3041.0,2160.0,926.0,2130.0,911.0
1.0,6217.0,3080.0,3086.0,3041.0,3080.0,3080.0,2160.0,926.0,2156.0,924.0
1.0,6178.0,3103.0,3086.0,3080.0,3103.0,3103.0,2160.0,926.0,2170.0,933.0
1.0,6155.0,3172.0,3089.0,3103.0,3181.0,3181.0,2162.0,927.0,2222.0,950.0
1.0,6086.0,3172.0,3091.0,3181.0,3178.0,3178.0,2164.0,927.0,2220.0,952.0
1.0,6095.0,3228.0,3094.0,3178.0,3237.0,3237.0,2166.0,928.0,2259.0,969.0
1.0,6045.0,3131.0,3094.0,3237.0,3131.0,3131.0,2166.0,928.0,2192.0,939.0
1.0,6151.0,3060.0,3092.0,3131.0,3054.0,3054.0,2164.0,928.0,2142.0,918.0
1.0,6222.0,3044.0,3091.0,3054.0,3041.0,3041.0,2164.0,927.0,2131.0,913.0
1.0,6232.0,3031.0,3091.0,3041.0,3031.0,3031.0,2164.0,927.0,2122.0,909.0
1.0,6242.0,3175.0,3093.0,3031.0,3181.0,3181.0,2165.0,928.0,2221.0,954.0
1.0,6098.0,3116.0,3094.0,3181.0,3119.0,3119.0,2166.0,928.0,2182.0,934.0
1.0,6163.0,3108.0,3096.0,3119.0,3114.0,3114.0,2167.0,929.0,2176.0,932.0
1.0,6174.0,3133.0,3096.0,3114.0,3133.0,3133.0,2167.0,929.0,2193.0,940.0
1.0,6155.0,2997.0,3094.0,3133.0,2991.0,2991.0,2166.0,928.0,2097.0,900.0
1.0,6291.0,3067.0,3094.0,2991.0,3067.0,3067.0,2166.0,928.0,2147.0,920.0
1.0,6215.0,3087.0,3095.0,3067.0,3090.0,3090.0,2166.0,929.0,2162.0,925.0
1.0,6195.0,3110.0,3096.0,3090.0,3113.0,3113.0,2167.0,929.0,2177.0,933.0
1.0,6175.0,3191.0,3099.0,3113.0,3200.0,3200.0,2169.0,930.0,2233.0,958.0
1.0,6097.0,3074.0,3099.0,3200.0,3074.0,3074.0,2169.0,930.0,2152.0,922.0
1.0,6223.0,3103.0,3097.0,3074.0,3097.0,3097.0,2168.0,929.0,2171.0,932.0
1.0,6194.0,3074.0,3096.0,3097.0,3071.0,3071.0,2167.0,929.0,2151.0,923.0
1.0,6217.0,3116.0,3097.0,3071.0,3119.0,3119.0,2168.0,929.0,2182.0,934.0
1.0,6172.0,3103.0,3097.0,3119.0,3103.0,3103.0,2168.0,929.0,2172.0,931.0
1.0,6188.0,3145.0,3100.0,3103.0,3154.0,3154.0,2170.0,930.0,2201.0,944.0
1.0,6146.0,3175.0,3102.0,3154.0,3181.0,3181.0,2171.0,931.0,2223.0,952.0
1.0,6125.0,3206.0,3104.0,3181.0,3212.0,3212.0,2173.0,931.0,2244.0,962.0
1.0,6100.0,3080.0,3103.0,3212.0,3077.0,3077.0,2172.0,931.0,2157.0,923.0
1.0,6232.0,3097.0,3103.0,3077.0,3097.0,3097.0,2172.0,931.0,2168.0,929.0
1.0,6212.0,3111.0,3102.0,3097.0,3108.0,3108.0,2171.0,931.0,2177.0,934.0
1.0,6198.0,3155.0,3104.0,3108.0,3161.0,3161.0,2173.0,931.0,2208.0,947.0
1.0,6151.0,3195.0,3107.0,3161.0,3204.0,3204.0,2175.0,932.0,2236.0,959.0
1.0,6117.0,3222.0,3110.0,3204.0,3231.0,3231.0,2177.0,933.0,2255.0,967.0
1.0,6099.0,3159.0,3110.0,3231.0,3159.0,3159.0,2177.0,933.0,2211.0,948.0
1.0,6171.0,3066.0,3110.0,3159.0,3066.0,3066.0,2177.0,933.0,2146.0,920.0
1.0,6264.0,3110.0,3110.0,3066.0,3110.0,3110.0,2177.0,933.0,2177.0,933.0
1.0,6220.0,3170.0,3113.0,3110.0,3179.0,3179.0,2179.0,934.0,2220.0,950.0
1.0,6160.0,3142.0,3114.0,3179.0,3145.0,3145.0,2180.0,934.0,2198.0,944.0
1.0,6197.0,3192.0,3117.0,3145.0,3201.0,3201.0,2182.0,935.0,2234.0,958.0
1.0,6150.0,3169.0,3119.0,3201.0,3175.0,3175.0,2183.0,936.0,2220.0,949.0
1.0,6182.0,3096.0,3119.0,3175.0,3096.0,3096.0,2183.0,936.0,2167.0,929.0
1.0,6261.0,3033.0,3117.0,3096.0,3027.0,3027.0,2182.0,935.0,2121.0,912.0
1.0,6324.0,3103.0,3116.0,3027.0,3100.0,3100.0,2181.0,935.0,2174.0,929.0
1.0,6248.0,3159.0,3116.0,3100.0,3159.0,3159.0,2181.0,935.0,2211.0,948.0
1.0,6189.0,3112.0,3116.0,3159.0,3112.0,3112.0,2181.0,935.0,2178.0,934.0
1.0,6236.0,3123.0,3117.0,3112.0,3126.0,3126.0,2182.0,935.0,2185.0,938.0
1.0,6225.0,3156.0,3118.0,3126.0,3159.0,3159.0,2182.0,936.0,2209.0,947.0
1.0,6195.0,3146.0,3119.0,3159.0,3149.0,3149.0,2183.0,936.0,2203.0,943.0
1.0,6208.0,3093.0,3120.0,3149.0,3096.0,3096.0,2184.0,936.0,2164.0,929.0
1.0,6264.0,3149.0,3122.0,3096.0,3155.0,3155.0,2185.0,937.0,2205.0,944.0
1.0,6211.0,3071.0,3120.0,3155.0,3065.0,3065.0,2184.0,936.0,2149.0,922.0
1.0,6295.0,3160.0,3121.0,3065.0,3163.0,3163.0,2185.0,936.0,2213.0,947.0
1.0,6200.0,3165.0,3123.0,3163.0,3171.0,3171.0,2186.0,937.0,2214.0,951.0
1.0,6198.0,3229.0,3127.0,3171.0,3241.0,3241.0,2189.0,938.0,2262.0,967.0
1.0,6140.0,3230.0,3129.0,3241.0,3236.0,3236.0,2190.0,939.0,2261.0,969.0
1.0,6151.0,3091.0,3127.0,3236.0,3085.0,3085.0,2189.0,938.0,2163.0,928.0
1.0,6296.0,3104.0,3126.0,3085.0,3101.0,3101.0,2188.0,938.0,2174.0,930.0
1.0,6277.0,3073.0,3123.0,3101.0,3064.0,3064.0,2186.0,937.0,2149.0,924.0
1.0,6305.0,3167.0,3124.0,3064.0,3170.0,3170.0,2187.0,937.0,2217.0,950.0
1.0,6202.0,3178.0,3126.0,3170.0,3184.0,3184.0,2188.0,938.0,2226.0,952.0
1.0,6194.0,3201.0,3129.0,3184.0,3210.0,3210.0,2190.0,939.0,2240.0,961.0
1.0,6177.0,3179.0,3132.0,3210.0,3188.0,3188.0,2192.0,940.0,2225.0,954.0
1.0,6208.0,3194.0,3133.0,3188.0,3197.0,3197.0,2193.0,940.0,2236.0,958.0
1.0,6202.0,3120.0,3133.0,3197.0,3120.0,3120.0,2193.0,940.0,2184.0,936.0
1.0,6279.0,3146.0,3133.0,3120.0,3146.0,3146.0,2193.0,940.0,2203.0,943.0
1.0,6253.0,3133.0,3133.0,3146.0,3133.0,3133.0,2193.0,940.0,2193.0,940.0
1.0,6266.0,3241.0,3137.0,3133.0,3253.0,3253.0,2196.0,941.0,2267.0,974.0
1.0,6158.0,3164.0,3140.0,3253.0,3173.0,3173.0,2198.0,942.0,2216.0,948.0
1.0,6247.0,3182.0,3142.0,3173.0,3188.0,3188.0,2199.0,943.0,2226.0,956.0
1.0,6238.0,3180.0,3143.0,3188.0,3183.0,3183.0,2200.0,943.0,2227.0,953.0
1.0,6246.0,3154.0,3142.0,3183.0,3151.0,3151.0,2199.0,943.0,2208.0,946.0
1.0,6275.0,3094.0,3143.0,3151.0,3097.0,3097.0,2200.0,943.0,2166.0,928.0
1.0,6332.0,3169.0,3144.0,3097.0,3172.0,3172.0,2201.0,943.0,2219.0,950.0
1.0,6260.0,3165.0,3146.0,3172.0,3171.0,3171.0,2202.0,944.0,2214.0,951.0
1.0,6267.0,3208.0,3147.0,3171.0,3211.0,3211.0,2203.0,944.0,2246.0,962.0
1.0,6230.0,3186.0,3149.0,3211.0,3192.0,3192.0,2204.0,945.0,2229.0,957.0
1.0,6255.0,3113.0,3149.0,3192.0,3113.0,3113.0,2204.0,945.0,2179.0,934.0
1.0,6334.0,3133.0,3147.0,3113.0,3127.0,3127.0,2203.0,944.0,2192.0,941.0
1.0,6314.0,3117.0,3146.0,3127.0,3114.0,3114.0,2202.0,944.0,2183.0,934.0
1.0,6324.0,3139.0,3147.0,3114.0,3142.0,3142.0,2203.0,944.0,2198.0,941.0
1.0,6299.0,3190.0,3149.0,3142.0,3196.0,3196.0,2204.0,945.0,2232.0,958.0
1.0,6251.0,3187.0,3150.0,3196.0,3190.0,3190.0,2205.0,945.0,2232.0,955.0
1.0,6260.0,3196.0,3151.0,3190.0,3199.0,3199.0,2206.0,945.0,2236.0,960.0
1.0,6254.0,3136.0,3150.0,3199.0,3133.0,3133.0,2205.0,945.0,2196.0,940.0
1.0,6317.0,3077.0,3147.0,3133.0,3068.0,3068.0,2203.0,944.0,2152.0,925.0
1.0,6373.0,3129.0,3147.0,3068.0,3129.0,3129.0,2203.0,944.0,2192.0,937.0
1.0,6312.0,3201.0,3149.0,3129.0,3207.0,3207.0,2204.0,945.0,2240.0,961.0
1.0,6240.0,3144.0,3150.0,3207.0,3147.0,3147.0,2205.0,945.0,2201.0,943.0
1.0,6303.0,3174.0,3150.0,3147.0,3174.0,3174.0,2205.0,945.0,2222.0,952.0
1.0,6276.0,3135.0,3150.0,3174.0,3135.0,3135.0,2205.0,945.0,2194.0,941.0
1.0,6315.0,3143.0,3149.0,3135.0,3140.0,3140.0,2204.0,945.0,2200.0,943.0
1.0,6307.0,3123.0,3147.0,3140.0,3117.0,3117.0,2203.0,944.0,2185.0,938.0
1.0,6324.0,3156.0,3149.0,3117.0,3162.0,3162.0,2204.0,945.0,2210.0,946.0
1.0,6285.0,3195.0,3152.0,3162.0,3204.0,3204.0,2206.0,946.0,2236.0,959.0
1.0,6252.0,3163.0,3153.0,3204.0,3166.0,3166.0,2207.0,946.0,2215.0,948.0
1.0,6293.0,3180.0,3154.0,3166.0,3183.0,3183.0,2208.0,946.0,2224.0,956.0
1.0,6279.0,3146.0,3154.0,3183.0,3146.0,3146.0,2208.0,946.0,2202.0,944.0
1.0,6316.0,3167.0,3156.0,3146.0,3173.0,3173.0,2209.0,947.0,2218.0,949.0
1.0,6295.0,3087.0,3154.0,3173.0,3081.0,3081.0,2208.0,946.0,2160.0,927.0
1.0,6381.0,3114.0,3153.0,3081.0,3111.0,3111.0,2207.0,946.0,2182.0,932.0
1.0,6348.0,3197.0,3156.0,3111.0,3206.0,3206.0,2209.0,947.0,2237.0,960.0
1.0,6262.0,3262.0,3157.0,3206.0,3265.0,3265.0,2210.0,947.0,2283.0,979.0
1.0,6206.0,3200.0,3160.0,3265.0,3209.0,3209.0,2212.0,948.0,2241.0,959.0
1.0,6271.0,3190.0,3160.0,3209.0,3190.0,3190.0,2212.0,948.0,2232.0,958.0
1.0,6290.0,3187.0,3161.0,3190.0,3190.0,3190.0,2213.0,948.0,2231.0,956.0
1.0,6293.0,3073.0,3157.0,3190.0,3061.0,3061.0,2210.0,947.0,2151.0,922.0
1.0,6410.0,3183.0,3157.0,3061.0,3183.0,3183.0,2210.0,947.0,2228.0,955.0
1.0,6288.0,3147.0,3159.0,3183.0,3153.0,3153.0,2211.0,948.0,2203.0,944.0
1.0,6324.0,3165.0,3159.0,3153.0,3165.0,3165.0,2211.0,948.0,2216.0,949.0
1.0,6312.0,3302.0,3164.0,3165.0,3317.0,3317.0,2215.0,949.0,2312.0,990.0
1.0,6175.0,3266.0,3166.0,3317.0,3272.0,3272.0,2216.0,950.0,2285.0,981.0
1.0,6226.0,3179.0,3166.0,3272.0,3179.0,3179.0,2216.0,950.0,2225.0,954.0
1.0,6319.0,3200.0,3166.0,3179.0,3200.0,3200.0,2216.0,950.0,2240.0,960.0
1.0,6298.0,3143.0,3165.0,3200.0,3140.0,3140.0,2215.0,950.0,2200.0,943.0
1.0,6355.0,3233.0,3166.0,3140.0,3236.0,3236.0,2216.0,950.0,2264.0,969.0
1.0,6262.0,3150.0,3166.0,3236.0,3150.0,3150.0,2216.0,950.0,2205.0,945.0
1.0,6348.0,3258.0,3169.0,3150.0,3267.0,3267.0,2218.0,951.0,2279.0,979.0
1.0,6240.0,3246.0,3170.0,3267.0,3249.0,3249.0,2219.0,951.0,2272.0,974.0
1.0,6261.0,3179.0,3169.0,3249.0,3176.0,3176.0,2218.0,951.0,2226.0,953.0
1.0,6331.0,3166.0,3169.0,3176.0,3166.0,3166.0,2218.0,951.0,2216.0,950.0
1.0,6341.0,3213.0,3170.0,3166.0,3216.0,3216.0,2219.0,951.0,2248.0,965.0
1.0,6294.0,3181.0,3170.0,3216.0,3181.0,3181.0,2219.0,951.0,2227.0,954.0
1.0,6329.0,3172.0,3170.0,3181.0,3172.0,3172.0,2219.0,951.0,2220.0,952.0
1.0,6338.0,3286.0,3174.0,3172.0,3298.0,3298.0,2222.0,952.0,2300.0,986.0
1.0,6224.0,3217.0,3175.0,3298.0,3220.0,3220.0,2222.0,953.0,2253.0,964.0
1.0,6305.0,3222.0,3176.0,3220.0,3225.0,3225.0,2223.0,953.0,2256.0,966.0
1.0,6303.0,3213.0,3176.0,3225.0,3213.0,3213.0,2223.0,953.0,2249.0,964.0
1.0,6315.0,3090.0,3174.0,3213.0,3084.0,3084.0,2222.0,952.0,2162.0,928.0
1.0,6438.0,3199.0,3176.0,3084.0,3205.0,3205.0,2223.0,953.0,2240.0,959.0
1.0,6323.0,3229.0,3177.0,3205.0,3232.0,3232.0,2224.0,953.0,2259.0,970.0
1.0,6299.0,3242.0,3180.0,3232.0,3251.0,3251.0,2226.0,954.0,2269.0,973.0
1.0,6289.0,3214.0,3182.0,3251.0,3220.0,3220.0,2227.0,955.0,2251.0,963.0
1.0,6326.0,3214.0,3182.0,3220.0,3214.0,3214.0,2227.0,955.0,2250.0,964.0
1.0,6332.0,3184.0,3182.0,3214.0,3184.0,3184.0,2227.0,955.0,2229.0,955.0
1.0,6362.0,3196.0,3182.0,3184.0,3196.0,3196.0,2227.0,955.0,2237.0,959.0
1.0,6350.0,3203.0,3183.0,3196.0,3206.0,3206.0,2228.0,955.0,2243.0,960.0
1.0,6343.0,3238.0,3186.0,3206.0,3247.0,3247.0,2230.0,956.0,2266.0,972.0
1.0,6311.0,3243.0,3189.0,3247.0,3252.0,3252.0,2232.0,957.0,2269.0,974.0
1.0,6315.0,3276.0,3190.0,3252.0,3279.0,3279.0,2233.0,957.0,2294.0,982.0
1.0,6291.0,3157.0,3190.0,3279.0,3157.0,3157.0,2233.0,957.0,2211.0,946.0
1.0,6413.0,3176.0,3190.0,3157.0,3176.0,3176.0,2233.0,957.0,2223.0,953.0
1.0,6394.0,3133.0,3190.0,3176.0,3133.0,3133.0,2233.0,957.0,2193.0,940.0
1.0,6437.0,3193.0,3191.0,3133.0,3196.0,3196.0,2234.0,957.0,2233.0,960.0
1.0,6377.0,3248.0,3194.0,3196.0,3257.0,3257.0,2236.0,958.0,2275.0,973.0
1.0,6325.0,3241.0,3196.0,3257.0,3247.0,3247.0,2237.0,959.0,2267.0,974.0
1.0,6341.0,3191.0,3196.0,3247.0,3191.0,3191.0,2237.0,959.0,2234.0,957.0
1.0,6397.0,3118.0,3194.0,3191.0,3112.0,3112.0,2236.0,958.0,2182.0,936.0
1.0,6470.0,3182.0,3194.0,3112.0,3182.0,3182.0,2236.0,958.0,2227.0,955.0
1.0,6400.0,3216.0,3196.0,3182.0,3222.0,3222.0,2237.0,959.0,2252.0,964.0
1.0,6366.0,3245.0,3197.0,3222.0,3248.0,3248.0,2238.0,959.0,2270.0,975.0
1.0,6343.0,3262.0,3200.0,3248.0,3271.0,3271.0,2240.0,960.0,2286.0,976.0
1.0,6329.0,3222.0,3203.0,3271.0,3231.0,3231.0,2242.0,961.0,2254.0,968.0
1.0,6378.0,3250.0,3204.0,3231.0,3253.0,3253.0,2243.0,961.0,2276.0,974.0
1.0,6359.0,3223.0,3203.0,3253.0,3220.0,3220.0,2242.0,961.0,2255.0,968.0
1.0,6389.0,3260.0,3204.0,3220.0,3263.0,3263.0,2243.0,961.0,2281.0,979.0
1.0,6349.0,3173.0,3204.0,3263.0,3173.0,3173.0,2243.0,961.0,2223.0,950.0
1.0,6439.0,3249.0,3205.0,3173.0,3252.0,3252.0,2243.0,962.0,2273.0,976.0
1.0,6363.0,3246.0,3209.0,3252.0,3258.0,3258.0,2246.0,963.0,2272.0,974.0
1.0,6369.0,3184.0,3209.0,3258.0,3184.0,3184.0,2246.0,963.0,2229.0,955.0
1.0,6443.0,3232.0,3210.0,3184.0,3235.0,3235.0,2247.0,963.0,2263.0,969.0
1.0,6395.0,3167.0,3210.0,3235.0,3167.0,3167.0,2247.0,963.0,2217.0,950.0
1.0,6463.0,3246.0,3209.0,3167.0,3243.0,3243.0,2246.0,963.0,2271.0,975.0
1.0,6384.0,3196.0,3207.0,3243.0,3190.0,3190.0,2245.0,962.0,2237.0,959.0
1.0,6431.0,3187.0,3207.0,3190.0,3187.0,3187.0,2245.0,962.0,2231.0,956.0
1.0,6434.0,3240.0,3209.0,3187.0,3246.0,3246.0,2246.0,963.0,2268.0,972.0
1.0,6381.0,3194.0,3210.0,3246.0,3197.0,3197.0,2247.0,963.0,2237.0,957.0
1.0,6433.0,3240.0,3210.0,3197.0,3240.0,3240.0,2247.0,963.0,2268.0,972.0
1.0,6390.0,3225.0,3211.0,3240.0,3228.0,3228.0,2248.0,963.0,2256.0,969.0
1.0,6405.0,3220.0,3210.0,3228.0,3217.0,3217.0,2247.0,963.0,2256.0,964.0
1.0,6413.0,3127.0,3208.0,3217.0,3121.0,3121.0,2246.0,962.0,2187.0,940.0
1.0,6503.0,3201.0,3209.0,3121.0,3204.0,3204.0,2246.0,963.0,2241.0,960.0
1.0,6423.0,3246.0,3210.0,3204.0,3249.0,3249.0,2247.0,963.0,2273.0,973.0
1.0,6381.0,3329.0,3213.0,3249.0,3338.0,3338.0,2249.0,964.0,2330.0,999.0
1.0,6301.0,3260.0,3214.0,3338.0,3263.0,3263.0,2250.0,964.0,2283.0,977.0
1.0,6379.0,3217.0,3214.0,3263.0,3217.0,3217.0,2250.0,964.0,2250.0,967.0
1.0,6425.0,3144.0,3212.0,3217.0,3138.0,3138.0,2248.0,964.0,2202.0,942.0
1.0,6498.0,3206.0,3212.0,3138.0,3206.0,3206.0,2248.0,964.0,2244.0,962.0
1.0,6430.0,3231.0,3212.0,3206.0,3231.0,3231.0,2248.0,964.0,2262.0,969.0
1.0,6405.0,3269.0,3213.0,3231.0,3272.0,3272.0,2249.0,964.0,2289.0,980.0
1.0,6367.0,3258.0,3216.0,3272.0,3267.0,3267.0,2251.0,965.0,2280.0,978.0
1.0,6381.0,3312.0,3219.0,3267.0,3321.0,3321.0,2253.0,966.0,2317.0,995.0
1.0,6336.0,3170.0,3217.0,3321.0,3164.0,3164.0,2252.0,965.0,2218.0,952.0
1.0,6487.0,3237.0,3217.0,3164.0,3237.0,3237.0,2252.0,965.0,2266.0,971.0
1.0,6414.0,3269.0,3219.0,3237.0,3275.0,3275.0,2253.0,966.0,2289.0,980.0
1.0,6382.0,3217.0,3219.0,3275.0,3217.0,3217.0,2253.0,966.0,2252.0,965.0
1.0,6440.0,3227.0,3219.0,3217.0,3227.0,3227.0,2253.0,966.0,2260.0,967.0
1.0,6430.0,3272.0,3220.0,3227.0,3275.0,3275.0,2254.0,966.0,2289.0,983.0
1.0,6385.0,3265.0,3222.0,3275.0,3271.0,3271.0,2255.0,967.0,2286.0,979.0
1.0,6395.0,3186.0,3220.0,3271.0,3180.0,3180.0,2254.0,966.0,2229.0,957.0
1.0,6480.0,3234.0,3220.0,3180.0,3234.0,3234.0,2254.0,966.0,2264.0,970.0
1.0,6426.0,3273.0,3220.0,3234.0,3273.0,3273.0,2254.0,966.0,2291.0,982.0
1.0,6387.0,3218.0,3222.0,3273.0,3224.0,3224.0,2255.0,967.0,2253.0,965.0
1.0,6442.0,3298.0,3224.0,3224.0,3304.0,3304.0,2257.0,967.0,2307.0,991.0
1.0,6368.0,3309.0,3227.0,3304.0,3318.0,3318.0,2259.0,968.0,2317.0,992.0
1.0,6363.0,3264.0,3229.0,3318.0,3270.0,3270.0,2260.0,969.0,2286.0,978.0
1.0,6417.0,3214.0,3229.0,3270.0,3214.0,3214.0,2260.0,969.0,2249.0,965.0
1.0,6473.0,3226.0,3227.0,3214.0,3220.0,3220.0,2259.0,968.0,2258.0,968.0
1.0,6461.0,3256.0,3229.0,3220.0,3262.0,3262.0,2260.0,969.0,2280.0,976.0
1.0,6425.0,3273.0,3232.0,3262.0,3282.0,3282.0,2262.0,970.0,2291.0,982.0
1.0,6414.0,3262.0,3234.0,3282.0,3268.0,3268.0,2264.0,970.0,2284.0,978.0
1.0,6434.0,3224.0,3234.0,3268.0,3224.0,3224.0,2264.0,970.0,2255.0,969.0
1.0,6478.0,3221.0,3233.0,3224.0,3218.0,3218.0,2263.0,970.0,2257.0,964.0
1.0,6481.0,3253.0,3233.0,3218.0,3253.0,3253.0,2263.0,970.0,2277.0,976.0
1.0,6446.0,3203.0,3233.0,3253.0,3203.0,3203.0,2263.0,970.0,2242.0,961.0
1.0,6496.0,3249.0,3233.0,3203.0,3249.0,3249.0,2263.0,970.0,2274.0,975.0
1.0,6450.0,3270.0,3233.0,3249.0,3270.0,3270.0,2263.0,970.0,2287.0,983.0
1.0,6429.0,3273.0,3234.0,3270.0,3276.0,3276.0,2264.0,970.0,2291.0,982.0
1.0,6426.0,3292.0,3236.0,3276.0,3298.0,3298.0,2265.0,971.0,2306.0,986.0
1.0,6410.0,3267.0,3237.0,3298.0,3270.0,3270.0,2266.0,971.0,2287.0,980.0
1.0,6441.0,3273.0,3237.0,3270.0,3273.0,3273.0,2266.0,971.0,2290.0,983.0
1.0,6438.0,3203.0,3237.0,3273.0,3203.0,3203.0,2266.0,971.0,2242.0,961.0
1.0,6508.0,3229.0,3237.0,3203.0,3229.0,3229.0,2266.0,971.0,2260.0,969.0
1.0,6482.0,3267.0,3239.0,3229.0,3273.0,3273.0,2267.0,972.0,2288.0,979.0
1.0,6444.0,3237.0,3239.0,3273.0,3237.0,3237.0,2267.0,972.0,2266.0,971.0
1.0,6480.0,3289.0,3241.0,3237.0,3295.0,3295.0,2269.0,972.0,2301.0,988.0
1.0,6428.0,3276.0,3243.0,3295.0,3282.0,3282.0,2270.0,973.0,2294.0,982.0
1.0,6447.0,3256.0,3243.0,3282.0,3256.0,3256.0,2270.0,973.0,2280.0,976.0
1.0,6473.0,3211.0,3243.0,3256.0,3211.0,3211.0,2270.0,973.0,2248.0,963.0
1.0,6518.0,3273.0,3244.0,3211.0,3276.0,3276.0,2271.0,973.0,2289.0,984.0
1.0,6456.0,3246.0,3244.0,3276.0,3246.0,3246.0,2271.0,973.0,2273.0,973.0
1.0,6486.0,3262.0,3245.0,3246.0,3265.0,3265.0,2271.0,974.0,2283.0,979.0
1.0,6470.0,3252.0,3247.0,3265.0,3258.0,3258.0,2273.0,974.0,2276.0,976.0
1.0,6483.0,3340.0,3250.0,3258.0,3349.0,3349.0,2275.0,975.0,2339.0,1001.0
1.0,6401.0,3230.0,3250.0,3349.0,3230.0,3230.0,2275.0,975.0,2261.0,969.0
1.0,6520.0,3167.0,3247.0,3230.0,3158.0,3158.0,2273.0,974.0,2217.0,950.0
1.0,6583.0,3159.0,3245.0,3158.0,3153.0,3153.0,2271.0,974.0,2210.0,949.0
1.0,6582.0,3296.0,3246.0,3153.0,3299.0,3299.0,2272.0,974.0,2308.0,988.0
1.0,6439.0,3295.0,3249.0,3299.0,3304.0,3304.0,2274.0,975.0,2306.0,989.0
1.0,6443.0,3388.0,3253.0,3304.0,3400.0,3400.0,2277.0,976.0,2371.0,1017.0
1.0,6359.0,3216.0,3253.0,3400.0,3216.0,3216.0,2277.0,976.0,2251.0,965.0
1.0,6543.0,3267.0,3253.0,3216.0,3267.0,3267.0,2277.0,976.0,2287.0,980.0
1.0,6492.0,3184.0,3251.0,3267.0,3178.0,3178.0,2276.0,975.0,2228.0,956.0
1.0,6575.0,3251.0,3250.0,3178.0,3248.0,3248.0,2275.0,975.0,2278.0,973.0
1.0,6502.0,3265.0,3252.0,3248.0,3271.0,3271.0,2276.0,976.0,2284.0,981.0
1.0,6485.0,3346.0,3254.0,3271.0,3352.0,3352.0,2278.0,976.0,2341.0,1005.0
1.0,6410.0,3333.0,3255.0,3352.0,3336.0,3336.0,2278.0,977.0,2334.0,999.0
1.0,6429.0,3223.0,3255.0,3336.0,3223.0,3223.0,2278.0,977.0,2256.0,967.0
1.0,6542.0,3257.0,3256.0,3223.0,3260.0,3260.0,2279.0,977.0,2280.0,977.0
1.0,6508.0,3261.0,3256.0,3260.0,3261.0,3261.0,2279.0,977.0,2283.0,978.0
1.0,6507.0,3206.0,3254.0,3261.0,3200.0,3200.0,2278.0,976.0,2244.0,962.0
1.0,6562.0,3246.0,3256.0,3200.0,3252.0,3252.0,2279.0,977.0,2272.0,974.0
1.0,6516.0,3260.0,3256.0,3252.0,3260.0,3260.0,2279.0,977.0,2283.0,977.0
1.0,6508.0,3227.0,3255.0,3260.0,3224.0,3224.0,2278.0,977.0,2258.0,969.0
1.0,6541.0,3275.0,3256.0,3224.0,3278.0,3278.0,2279.0,977.0,2293.0,982.0
1.0,6490.0,3263.0,3256.0,3278.0,3263.0,3263.0,2279.0,977.0,2284.0,979.0
1.0,6505.0,3188.0,3253.0,3263.0,3179.0,3179.0,2277.0,976.0,2230.0,958.0
1.0,6580.0,3223.0,3253.0,3179.0,3223.0,3223.0,2277.0,976.0,2258.0,965.0
1.0,6536.0,3269.0,3253.0,3223.0,3269.0,3269.0,2277.0,976.0,2286.0,983.0
1.0,6490.0,3306.0,3255.0,3269.0,3312.0,3312.0,2278.0,977.0,2315.0,991.0
1.0,6453.0,3303.0,3256.0,3312.0,3306.0,3306.0,2279.0,977.0,2313.0,990.0
1.0,6462.0,3303.0,3256.0,3306.0,3303.0,3303.0,2279.0,977.0,2310.0,993.0
1.0,6465.0,3203.0,3256.0,3303.0,3203.0,3203.0,2279.0,977.0,2244.0,959.0
1.0,6565.0,3240.0,3256.0,3203.0,3240.0,3240.0,2279.0,977.0,2268.0,972.0
1.0,6528.0,3337.0,3257.0,3240.0,3340.0,3340.0,2280.0,977.0,2335.0,1002.0
1.0,6431.0,3303.0,3259.0,3340.0,3309.0,3309.0,2281.0,978.0,2313.0,990.0
1.0,6468.0,3342.0,3262.0,3309.0,3351.0,3351.0,2283.0,979.0,2339.0,1003.0
1.0,6435.0,3297.0,3263.0,3351.0,3300.0,3300.0,2284.0,979.0,2308.0,989.0
1.0,6489.0,3259.0,3263.0,3300.0,3259.0,3259.0,2284.0,979.0,2281.0,978.0
1.0,6530.0,3253.0,3262.0,3259.0,3250.0,3250.0,2283.0,979.0,2277.0,976.0
1.0,6536.0,3291.0,3262.0,3250.0,3291.0,3291.0,2283.0,979.0,2304.0,987.0
1.0,6495.0,3211.0,3260.0,3291.0,3205.0,3205.0,2282.0,978.0,2247.0,964.0
1.0,6575.0,3293.0,3261.0,3205.0,3296.0,3296.0,2283.0,978.0,2306.0,987.0
1.0,6487.0,3376.0,3264.0,3296.0,3385.0,3385.0,2285.0,979.0,2363.0,1013.0
1.0,6407.0,3310.0,3266.0,3385.0,3316.0,3316.0,2286.0,980.0,2318.0,992.0
1.0,6482.0,3280.0,3266.0,3316.0,3280.0,3280.0,2286.0,980.0,2296.0,984.0
1.0,6518.0,3278.0,3267.0,3280.0,3281.0,3281.0,2287.0,980.0,2293.0,985.0
1.0,6520.0,3241.0,3266.0,3281.0,3238.0,3238.0,2286.0,980.0,2270.0,971.0
1.0,6560.0,3273.0,3266.0,3238.0,3273.0,3273.0,2286.0,980.0,2291.0,982.0
1.0,6525.0,3342.0,3267.0,3273.0,3345.0,3345.0,2287.0,980.0,2338.0,1004.0
1.0,6456.0,3358.0,3270.0,3345.0,3367.0,3367.0,2289.0,981.0,2350.0,1008.0
1.0,6443.0,3327.0,3272.0,3367.0,3333.0,3333.0,2290.0,982.0,2330.0,997.0
1.0,6483.0,3296.0,3273.0,3333.0,3299.0,3299.0,2291.0,982.0,2308.0,988.0
1.0,6520.0,3295.0,3273.0,3299.0,3295.0,3295.0,2291.0,982.0,2304.0,991.0
1.0,6524.0,3261.0,3273.0,3295.0,3261.0,3261.0,2291.0,982.0,2283.0,978.0
1.0,6558.0,3261.0,3272.0,3261.0,3258.0,3258.0,2290.0,982.0,2284.0,977.0
1.0,6558.0,3273.0,3273.0,3258.0,3276.0,3276.0,2291.0,982.0,2292.0,981.0
1.0,6543.0,3362.0,3276.0,3276.0,3371.0,3371.0,2293.0,983.0,2353.0,1009.0
1.0,6457.0,3339.0,3280.0,3371.0,3351.0,3351.0,2296.0,984.0,2337.0,1002.0
1.0,6489.0,3259.0,3279.0,3351.0,3256.0,3256.0,2295.0,984.0,2281.0,978.0
1.0,6581.0,3299.0,3279.0,3256.0,3299.0,3299.0,2295.0,984.0,2309.0,990.0
1.0,6538.0,3253.0,3277.0,3299.0,3247.0,3247.0,2294.0,983.0,2276.0,977.0
1.0,6584.0,3260.0,3277.0,3247.0,3260.0,3260.0,2294.0,983.0,2282.0,978.0
1.0,6571.0,3302.0,3278.0,3260.0,3305.0,3305.0,2295.0,983.0,2312.0,990.0
1.0,6529.0,3328.0,3281.0,3305.0,3337.0,3337.0,2297.0,984.0,2328.0,1000.0
1.0,6506.0,3313.0,3282.0,3337.0,3316.0,3316.0,2297.0,985.0,2320.0,993.0
1.0,6530.0,3310.0,3283.0,3316.0,3313.0,3313.0,2298.0,985.0,2318.0,992.0
1.0,6536.0,3296.0,3282.0,3313.0,3293.0,3293.0,2297.0,985.0,2306.0,990.0
1.0,6553.0,3286.0,3281.0,3293.0,3283.0,3283.0,2297.0,984.0,2300.0,986.0
1.0,6560.0,3293.0,3283.0,3283.0,3299.0,3299.0,2298.0,985.0,2306.0,987.0
1.0,6550.0,3290.0,3283.0,3299.0,3290.0,3290.0,2298.0,985.0,2303.0,987.0
1.0,6559.0,3393.0,3286.0,3290.0,3402.0,3402.0,2300.0,986.0,2375.0,1018.0
1.0,6456.0,3386.0,3289.0,3402.0,3395.0,3395.0,2302.0,987.0,2370.0,1016.0
1.0,6472.0,3319.0,3290.0,3395.0,3322.0,3322.0,2303.0,987.0,2322.0,997.0
1.0,6548.0,3330.0,3292.0,3322.0,3336.0,3336.0,2304.0,988.0,2332.0,998.0
1.0,6540.0,3233.0,3292.0,3336.0,3233.0,3233.0,2304.0,988.0,2263.0,970.0
1.0,6643.0,3240.0,3291.0,3233.0,3237.0,3237.0,2304.0,987.0,2267.0,973.0
1.0,6636.0,3337.0,3293.0,3237.0,3343.0,3343.0,2305.0,988.0,2337.0,1000.0
1.0,6536.0,3298.0,3294.0,3343.0,3301.0,3301.0,2306.0,988.0,2308.0,990.0
1.0,6581.0,3363.0,3297.0,3301.0,3372.0,3372.0,2308.0,989.0,2353.0,1010.0
1.0,6519.0,3314.0,3299.0,3372.0,3320.0,3320.0,2309.0,990.0,2321.0,993.0
1.0,6577.0,3296.0,3299.0,3320.0,3296.0,3296.0,2309.0,990.0,2307.0,989.0
1.0,6601.0,3301.0,3299.0,3296.0,3301.0,3301.0,2309.0,990.0,2311.0,990.0
1.0,6596.0,3257.0,3297.0,3301.0,3251.0,3251.0,2308.0,989.0,2279.0,978.0
1.0,6640.0,3353.0,3300.0,3251.0,3362.0,3362.0,2310.0,990.0,2349.0,1004.0
1.0,6538.0,3303.0,3301.0,3362.0,3306.0,3306.0,2311.0,990.0,2311.0,992.0
1.0,6597.0,3323.0,3301.0,3306.0,3323.0,3323.0,2311.0,990.0,2326.0,997.0
1.0,6580.0,3335.0,3302.0,3323.0,3338.0,3338.0,2311.0,991.0,2334.0,1001.0
1.0,6568.0,3290.0,3300.0,3338.0,3284.0,3284.0,2310.0,990.0,2303.0,987.0
1.0,6616.0,3306.0,3301.0,3284.0,3309.0,3309.0,2311.0,990.0,2314.0,992.0
1.0,6594.0,3259.0,3301.0,3309.0,3259.0,3259.0,2311.0,990.0,2281.0,978.0
1.0,6644.0,3324.0,3303.0,3259.0,3330.0,3330.0,2312.0,991.0,2328.0,996.0
1.0,6579.0,3350.0,3303.0,3330.0,3350.0,3350.0,2312.0,991.0,2346.0,1004.0
1.0,6559.0,3353.0,3306.0,3350.0,3362.0,3362.0,2314.0,992.0,2346.0,1007.0
1.0,6556.0,3338.0,3307.0,3362.0,3341.0,3341.0,2315.0,992.0,2337.0,1001.0
1.0,6580.0,3288.0,3306.0,3341.0,3285.0,3285.0,2314.0,992.0,2301.0,987.0
1.0,6633.0,3291.0,3305.0,3285.0,3288.0,3288.0,2313.0,992.0,2304.0,987.0
1.0,6627.0,3291.0,3306.0,3288.0,3294.0,3294.0,2314.0,992.0,2304.0,987.0
1.0,6624.0,3240.0,3304.0,3294.0,3234.0,3234.0,2313.0,991.0,2268.0,972.0
1.0,6678.0,3319.0,3306.0,3234.0,3325.0,3325.0,2314.0,992.0,2323.0,996.0
1.0,6593.0,3352.0,3307.0,3325.0,3355.0,3355.0,2315.0,992.0,2345.0,1007.0
1.0,6566.0,3405.0,3309.0,3355.0,3411.0,3411.0,2316.0,993.0,2384.0,1021.0
1.0,6516.0,3253.0,3307.0,3411.0,3247.0,3247.0,2315.0,992.0,2278.0,975.0
1.0,6674.0,3342.0,3307.0,3247.0,3342.0,3342.0,2315.0,992.0,2337.0,1005.0
1.0,6579.0,3292.0,3307.0,3342.0,3292.0,3292.0,2315.0,992.0,2304.0,988.0
1.0,6629.0,3387.0,3309.0,3292.0,3393.0,3393.0,2316.0,993.0,2373.0,1014.0
1.0,6534.0,3432.0,3312.0,3393.0,3441.0,3441.0,2318.0,994.0,2402.0,1030.0
1.0,6495.0,3424.0,3315.0,3441.0,3433.0,3433.0,2320.0,995.0,2396.0,1028.0
1.0,6512.0,3297.0,3316.0,3433.0,3300.0,3300.0,2321.0,995.0,2308.0,989.0
1.0,6648.0,3359.0,3316.0,3300.0,3359.0,3359.0,2321.0,995.0,2351.0,1008.0
1.0,6589.0,3253.0,3314.0,3359.0,3247.0,3247.0,2320.0,994.0,2276.0,977.0
1.0,6695.0,3326.0,3315.0,3247.0,3329.0,3329.0,2320.0,995.0,2329.0,997.0
1.0,6616.0,3392.0,3317.0,3329.0,3398.0,3398.0,2322.0,995.0,2375.0,1017.0
1.0,6553.0,3386.0,3320.0,3398.0,3395.0,3395.0,2324.0,996.0,2370.0,1016.0
1.0,6565.0,3443.0,3323.0,3395.0,3452.0,3452.0,2326.0,997.0,2410.0,1033.0
1.0,6517.0,3365.0,3324.0,3452.0,3368.0,3368.0,2327.0,997.0,2354.0,1011.0
1.0,6604.0,3274.0,3323.0,3368.0,3271.0,3271.0,2326.0,997.0,2293.0,981.0
1.0,6698.0,3322.0,3323.0,3271.0,3322.0,3322.0,2326.0,997.0,2326.0,996.0
1.0,6647.0,3316.0,3323.0,3322.0,3316.0,3316.0,2326.0,997.0,2321.0,995.0
1.0,6653.0,3350.0,3324.0,3316.0,3353.0,3353.0,2327.0,997.0,2343.0,1007.0
1.0,6619.0,3399.0,3327.0,3353.0,3408.0,3408.0,2329.0,998.0,2381.0,1018.0
1.0,6573.0,3367.0,3328.0,3408.0,3370.0,3370.0,2330.0,998.0,2356.0,1011.0
1.0,6614.0,3320.0,3329.0,3370.0,3323.0,3323.0,2330.0,999.0,2324.0,996.0
1.0,6664.0,3337.0,3327.0,3323.0,3331.0,3331.0,2329.0,998.0,2336.0,1001.0
1.0,6650.0,3286.0,3326.0,3331.0,3283.0,3283.0,2328.0,998.0,2300.0,986.0
1.0,6695.0,3306.0,3326.0,3283.0,3306.0,3306.0,2328.0,998.0,2314.0,992.0
1.0,6672.0,3320.0,3326.0,3306.0,3320.0,3320.0,2328.0,998.0,2324.0,996.0
1.0,6658.0,3435.0,3329.0,3320.0,3444.0,3444.0,2330.0,999.0,2405.0,1030.0
1.0,6543.0,3372.0,3332.0,3444.0,3381.0,3381.0,2332.0,1000.0,2359.0,1013.0
1.0,6615.0,3346.0,3332.0,3381.0,3346.0,3346.0,2332.0,1000.0,2343.0,1003.0
1.0,6650.0,3309.0,3332.0,3346.0,3309.0,3309.0,2332.0,1000.0,2316.0,993.0
1.0,6687.0,3324.0,3331.0,3309.0,3321.0,3321.0,2332.0,999.0,2326.0,998.0
1.0,6672.0,3284.0,3330.0,3321.0,3281.0,3281.0,2331.0,999.0,2299.0,985.0
1.0,6709.0,3337.0,3331.0,3281.0,3340.0,3340.0,2332.0,999.0,2337.0,1000.0
1.0,6653.0,3396.0,3333.0,3340.0,3402.0,3402.0,2333.0,1000.0,2378.0,1018.0
1.0,6597.0,3355.0,3336.0,3402.0,3364.0,3364.0,2335.0,1001.0,2347.0,1008.0
1.0,6644.0,3363.0,3336.0,3364.0,3363.0,3363.0,2335.0,1001.0,2354.0,1009.0
1.0,6645.0,3296.0,3336.0,3363.0,3296.0,3296.0,2335.0,1001.0,2307.0,989.0
1.0,6712.0,3363.0,3336.0,3296.0,3363.0,3363.0,2335.0,1001.0,2355.0,1008.0
1.0,6645.0,3291.0,3335.0,3363.0,3288.0,3288.0,2334.0,1001.0,2303.0,988.0
1.0,6717.0,3313.0,3336.0,3288.0,3316.0,3316.0,2335.0,1001.0,2319.0,994.0
1.0,6692.0,3327.0,3336.0,3316.0,3327.0,3327.0,2335.0,1001.0,2330.0,997.0
1.0,6681.0,3386.0,3339.0,3327.0,3395.0,3395.0,2337.0,1002.0,2369.0,1017.0
1.0,6622.0,3377.0,3340.0,3395.0,3380.0,3380.0,2338.0,1002.0,2365.0,1012.0
1.0,6640.0,3343.0,3339.0,3380.0,3340.0,3340.0,2337.0,1002.0,2340.0,1003.0
1.0,6677.0,3258.0,3337.0,3340.0,3252.0,3252.0,2336.0,1001.0,2280.0,978.0
1.0,6759.0,3263.0,3336.0,3252.0,3260.0,3260.0,2335.0,1001.0,2285.0,978.0
1.0,6748.0,3349.0,3337.0,3260.0,3352.0,3352.0,2336.0,1001.0,2343.0,1006.0
1.0,6659.0,3420.0,3340.0,3352.0,3429.0,3429.0,2338.0,1002.0,2395.0,1025.0
1.0,6591.0,3419.0,3342.0,3429.0,3425.0,3425.0,2339.0,1003.0,2393.0,1026.0
1.0,6601.0,3406.0,3346.0,3425.0,3418.0,3418.0,2342.0,1004.0,2384.0,1022.0
1.0,6620.0,3397.0,3347.0,3418.0,3400.0,3400.0,2343.0,1004.0,2379.0,1018.0
1.0,6641.0,3309.0,3346.0,3400.0,3306.0,3306.0,2342.0,1004.0,2316.0,993.0
1.0,6732.0,3338.0,3344.0,3306.0,3332.0,3332.0,2341.0,1003.0,2336.0,1002.0
1.0,6700.0,3353.0,3347.0,3332.0,3362.0,3362.0,2343.0,1004.0,2348.0,1005.0
1.0,6679.0,3397.0,3347.0,3362.0,3397.0,3397.0,2343.0,1004.0,2377.0,1020.0
1.0,6644.0,3387.0,3350.0,3397.0,3396.0,3396.0,2345.0,1005.0,2372.0,1015.0
1.0,6654.0,3392.0,3350.0,3396.0,3392.0,3392.0,2345.0,1005.0,2374.0,1018.0
1.0,6658.0,3274.0,3347.0,3392.0,3265.0,3265.0,2343.0,1004.0,2292.0,982.0
1.0,6776.0,3353.0,3346.0,3265.0,3350.0,3350.0,2342.0,1004.0,2346.0,1007.0
1.0,6688.0,3294.0,3346.0,3350.0,3294.0,3294.0,2342.0,1004.0,2306.0,988.0
1.0,6744.0,3344.0,3344.0,3294.0,3338.0,3338.0,2341.0,1003.0,2341.0,1003.0
1.0,6694.0,3379.0,3347.0,3338.0,3388.0,3388.0,2343.0,1004.0,2365.0,1014.0
1.0,6653.0,3360.0,3348.0,3388.0,3363.0,3363.0,2344.0,1004.0,2352.0,1008.0
1.0,6681.0,3293.0,3346.0,3363.0,3287.0,3287.0,2342.0,1004.0,2306.0,987.0
1.0,6751.0,3384.0,3346.0,3287.0,3384.0,3384.0,2342.0,1004.0,2369.0,1015.0
1.0,6654.0,3353.0,3344.0,3384.0,3347.0,3347.0,2341.0,1003.0,2346.0,1007.0
1.0,6685.0,3343.0,3344.0,3347.0,3343.0,3343.0,2341.0,1003.0,2340.0,1003.0
1.0,6689.0,3317.0,3344.0,3343.0,3317.0,3317.0,2341.0,1003.0,2322.0,995.0
1.0,6715.0,3396.0,3346.0,3317.0,3402.0,3402.0,2342.0,1004.0,2378.0,1018.0
1.0,6636.0,3458.0,3349.0,3402.0,3467.0,3467.0,2344.0,1005.0,2420.0,1038.0
1.0,6580.0,3343.0,3349.0,3467.0,3343.0,3343.0,2344.0,1005.0,2340.0,1003.0
1.0,6704.0,3303.0,3347.0,3343.0,3297.0,3297.0,2343.0,1004.0,2311.0,992.0
1.0,6744.0,3353.0,3347.0,3297.0,3353.0,3353.0,2343.0,1004.0,2347.0,1006.0
1.0,6688.0,3352.0,3347.0,3353.0,3352.0,3352.0,2343.0,1004.0,2346.0,1006.0
1.0,6689.0,3397.0,3349.0,3352.0,3403.0,3403.0,2344.0,1005.0,2379.0,1018.0
1.0,6644.0,3410.0,3350.0,3403.0,3413.0,3413.0,2345.0,1005.0,2386.0,1024.0
1.0,6637.0,3478.0,3354.0,3413.0,3490.0,3490.0,2348.0,1006.0,2435.0,1043.0
1.0,6572.0,3416.0,3356.0,3490.0,3422.0,3422.0,2349.0,1007.0,2392.0,1024.0
1.0,6646.0,3318.0,3353.0,3422.0,3309.0,3309.0,2347.0,1006.0,2321.0,997.0
1.0,6750.0,3294.0,3352.0,3309.0,3291.0,3291.0,2346.0,1006.0,2308.0,986.0
1.0,6765.0,3392.0,3353.0,3291.0,3395.0,3395.0,2347.0,1006.0,2372.0,1020.0
1.0,6664.0,3336.0,3353.0,3395.0,3336.0,3336.0,2347.0,1006.0,2336.0,1000.0
1.0,6723.0,3414.0,3356.0,3336.0,3423.0,3423.0,2349.0,1007.0,2391.0,1023.0
1.0,6645.0,3465.0,3359.0,3423.0,3474.0,3474.0,2351.0,1008.0,2425.0,1040.0
1.0,6603.0,3405.0,3360.0,3474.0,3408.0,3408.0,2352.0,1008.0,2382.0,1023.0
1.0,6672.0,3363.0,3360.0,3408.0,3363.0,3363.0,2352.0,1008.0,2355.0,1008.0
1.0,6717.0,3398.0,3360.0,3363.0,3398.0,3398.0,2352.0,1008.0,2377.0,1021.0
1.0,6682.0,3374.0,3360.0,3398.0,3374.0,3374.0,2352.0,1008.0,2362.0,1012.0
1.0,6706.0,3353.0,3361.0,3374.0,3356.0,3356.0,2353.0,1008.0,2348.0,1005.0
1.0,6727.0,3425.0,3363.0,3356.0,3431.0,3431.0,2354.0,1009.0,2398.0,1027.0
1.0,6658.0,3465.0,3366.0,3431.0,3474.0,3474.0,2356.0,1010.0,2425.0,1040.0
1.0,6624.0,3373.0,3367.0,3474.0,3376.0,3376.0,2357.0,1010.0,2360.0,1013.0
1.0,6725.0,3329.0,3367.0,3376.0,3329.0,3329.0,2357.0,1010.0,2330.0,999.0
1.0,6772.0,3361.0,3367.0,3329.0,3361.0,3361.0,2357.0,1010.0,2353.0,1008.0
1.0,6740.0,3394.0,3367.0,3361.0,3394.0,3394.0,2357.0,1010.0,2376.0,1018.0
1.0,6707.0,3393.0,3368.0,3394.0,3396.0,3396.0,2358.0,1010.0,2375.0,1018.0
1.0,6708.0,3474.0,3373.0,3396.0,3489.0,3489.0,2361.0,1012.0,2432.0,1042.0
1.0,6630.0,3405.0,3375.0,3489.0,3411.0,3411.0,2362.0,1013.0,2383.0,1022.0
1.0,6714.0,3486.0,3377.0,3411.0,3492.0,3492.0,2364.0,1013.0,2440.0,1046.0
1.0,6639.0,3397.0,3377.0,3492.0,3397.0,3397.0,2364.0,1013.0,2377.0,1020.0
1.0,6734.0,3387.0,3377.0,3397.0,3387.0,3387.0,2364.0,1013.0,2373.0,1014.0
1.0,6744.0,3291.0,3374.0,3387.0,3282.0,3282.0,2362.0,1012.0,2303.0,988.0
1.0,6840.0,3358.0,3373.0,3282.0,3355.0,3355.0,2361.0,1012.0,2350.0,1008.0
1.0,6764.0,3406.0,3376.0,3355.0,3415.0,3415.0,2363.0,1013.0,2386.0,1020.0
1.0,6713.0,3455.0,3377.0,3415.0,3458.0,3458.0,2364.0,1013.0,2417.0,1038.0
1.0,6673.0,3505.0,3380.0,3458.0,3514.0,3514.0,2366.0,1014.0,2453.0,1052.0
1.0,6626.0,3328.0,3379.0,3514.0,3325.0,3325.0,2365.0,1014.0,2331.0,997.0
1.0,6812.0,3313.0,3377.0,3325.0,3307.0,3307.0,2364.0,1013.0,2318.0,995.0
1.0,6824.0,3382.0,3377.0,3307.0,3382.0,3382.0,2364.0,1013.0,2367.0,1015.0
1.0,6749.0,3413.0,3380.0,3382.0,3422.0,3422.0,2366.0,1014.0,2389.0,1024.0
1.0,6718.0,3426.0,3382.0,3422.0,3432.0,3432.0,2367.0,1015.0,2399.0,1027.0
1.0,6714.0,3413.0,3384.0,3432.0,3419.0,3419.0,2369.0,1015.0,2388.0,1025.0
1.0,6733.0,3389.0,3385.0,3419.0,3392.0,3392.0,2369.0,1016.0,2373.0,1016.0
1.0,6763.0,3373.0,3385.0,3392.0,3373.0,3373.0,2369.0,1016.0,2361.0,1012.0
1.0,6782.0,3350.0,3384.0,3373.0,3347.0,3347.0,2369.0,1015.0,2345.0,1005.0
1.0,6805.0,3354.0,3386.0,3347.0,3360.0,3360.0,2370.0,1016.0,2348.0,1006.0
1.0,6798.0,3357.0,3386.0,3360.0,3357.0,3357.0,2370.0,1016.0,2350.0,1007.0
1.0,6801.0,3420.0,3387.0,3357.0,3423.0,3423.0,2371.0,1016.0,2395.0,1025.0
1.0,6738.0,3409.0,3387.0,3423.0,3409.0,3409.0,2371.0,1016.0,2385.0,1024.0
1.0,6752.0,3447.0,3390.0,3409.0,3456.0,3456.0,2373.0,1017.0,2414.0,1033.0
1.0,6714.0,3410.0,3390.0,3456.0,3410.0,3410.0,2373.0,1017.0,2388.0,1022.0
1.0,6760.0,3347.0,3389.0,3410.0,3344.0,3344.0,2372.0,1017.0,2341.0,1006.0
1.0,6823.0,3350.0,3389.0,3344.0,3350.0,3350.0,2372.0,1017.0,2345.0,1005.0
1.0,6817.0,3380.0,3390.0,3350.0,3383.0,3383.0,2373.0,1017.0,2367.0,1013.0
1.0,6787.0,3479.0,3393.0,3383.0,3488.0,3488.0,2375.0,1018.0,2435.0,1044.0
1.0,6691.0,3486.0,3396.0,3488.0,3495.0,3495.0,2377.0,1019.0,2440.0,1046.0
1.0,6693.0,3474.0,3397.0,3495.0,3477.0,3477.0,2378.0,1019.0,2433.0,1041.0
1.0,6714.0,3366.0,3396.0,3477.0,3363.0,3363.0,2377.0,1019.0,2355.0,1011.0
1.0,6825.0,3327.0,3393.0,3363.0,3318.0,3318.0,2375.0,1018.0,2329.0,998.0
1.0,6861.0,3370.0,3392.0,3318.0,3367.0,3367.0,2374.0,1018.0,2359.0,1011.0
1.0,6809.0,3458.0,3394.0,3367.0,3464.0,3464.0,2376.0,1018.0,2420.0,1038.0
1.0,6718.0,3395.0,3397.0,3464.0,3404.0,3404.0,2378.0,1019.0,2377.0,1018.0
1.0,6787.0,3417.0,3397.0,3404.0,3417.0,3417.0,2378.0,1019.0,2392.0,1025.0
1.0,6774.0,3448.0,3399.0,3417.0,3454.0,3454.0,2379.0,1020.0,2413.0,1035.0
1.0,6743.0,3368.0,3399.0,3454.0,3368.0,3368.0,2379.0,1020.0,2357.0,1011.0
1.0,6829.0,3348.0,3396.0,3368.0,3339.0,3339.0,2377.0,1019.0,2345.0,1003.0
1.0,6849.0,3409.0,3396.0,3339.0,3409.0,3409.0,2377.0,1019.0,2386.0,1023.0
1.0,6779.0,3387.0,3397.0,3409.0,3390.0,3390.0,2378.0,1019.0,2371.0,1016.0
1.0,6801.0,3469.0,3398.0,3390.0,3472.0,3472.0,2379.0,1019.0,2427.0,1042.0
1.0,6722.0,3432.0,3399.0,3472.0,3435.0,3435.0,2379.0,1020.0,2403.0,1029.0
1.0,6762.0,3397.0,3400.0,3435.0,3400.0,3400.0,2380.0,1020.0,2378.0,1019.0
1.0,6800.0,3445.0,3400.0,3400.0,3445.0,3445.0,2380.0,1020.0,2412.0,1033.0
1.0,6755.0,3437.0,3400.0,3445.0,3437.0,3437.0,2380.0,1020.0,2405.0,1032.0
1.0,6763.0,3429.0,3401.0,3437.0,3432.0,3432.0,2381.0,1020.0,2399.0,1030.0
1.0,6771.0,3422.0,3403.0,3432.0,3428.0,3428.0,2382.0,1021.0,2396.0,1026.0
1.0,6781.0,3452.0,3404.0,3428.0,3455.0,3455.0,2383.0,1021.0,2416.0,1036.0
1.0,6757.0,3409.0,3404.0,3455.0,3409.0,3409.0,2383.0,1021.0,2386.0,1023.0
1.0,6803.0,3413.0,3405.0,3409.0,3416.0,3416.0,2383.0,1022.0,2389.0,1024.0
1.0,6799.0,3340.0,3403.0,3416.0,3334.0,3334.0,2382.0,1021.0,2338.0,1002.0
1.0,6875.0,3373.0,3402.0,3334.0,3370.0,3370.0,2381.0,1021.0,2361.0,1012.0
1.0,6836.0,3374.0,3400.0,3370.0,3368.0,3368.0,2380.0,1020.0,2361.0,1013.0
1.0,6832.0,3433.0,3400.0,3368.0,3433.0,3433.0,2380.0,1020.0,2403.0,1030.0
1.0,6767.0,3435.0,3401.0,3433.0,3438.0,3438.0,2381.0,1020.0,2405.0,1030.0
1.0,6765.0,3496.0,3406.0,3438.0,3511.0,3511.0,2384.0,1022.0,2447.0,1049.0
1.0,6707.0,3482.0,3407.0,3511.0,3485.0,3485.0,2385.0,1022.0,2437.0,1045.0
1.0,6736.0,3393.0,3407.0,3485.0,3393.0,3393.0,2385.0,1022.0,2375.0,1018.0
1.0,6828.0,3401.0,3406.0,3393.0,3398.0,3398.0,2384.0,1022.0,2382.0,1019.0
1.0,6820.0,3377.0,3404.0,3398.0,3371.0,3371.0,2383.0,1021.0,2363.0,1014.0
1.0,6841.0,3468.0,3406.0,3371.0,3474.0,3474.0,2384.0,1022.0,2426.0,1042.0
1.0,6744.0,3418.0,3409.0,3474.0,3427.0,3427.0,2386.0,1023.0,2394.0,1024.0
1.0,6800.0,3482.0,3410.0,3427.0,3485.0,3485.0,2387.0,1023.0,2436.0,1046.0
1.0,6745.0,3409.0,3410.0,3485.0,3409.0,3409.0,2387.0,1023.0,2386.0,1023.0
1.0,6821.0,3439.0,3410.0,3409.0,3439.0,3439.0,2387.0,1023.0,2407.0,1032.0
1.0,6791.0,3364.0,3410.0,3439.0,3364.0,3364.0,2387.0,1023.0,2355.0,1009.0
1.0,6866.0,3330.0,3409.0,3364.0,3327.0,3327.0,2386.0,1023.0,2332.0,998.0
1.0,6900.0,3363.0,3409.0,3327.0,3363.0,3363.0,2386.0,1023.0,2354.0,1009.0
1.0,6864.0,3473.0,3410.0,3363.0,3476.0,3476.0,2387.0,1023.0,2430.0,1043.0
1.0,6754.0,3456.0,3413.0,3476.0,3465.0,3465.0,2389.0,1024.0,2421.0,1035.0
1.0,6774.0,3415.0,3414.0,3465.0,3418.0,3418.0,2390.0,1024.0,2388.0,1027.0
1.0,6824.0,3397.0,3413.0,3418.0,3394.0,3394.0,2389.0,1024.0,2378.0,1019.0
1.0,6845.0,3343.0,3412.0,3394.0,3340.0,3340.0,2388.0,1024.0,2341.0,1002.0
1.0,6896.0,3368.0,3410.0,3340.0,3362.0,3362.0,2387.0,1023.0,2357.0,1011.0
1.0,6868.0,3459.0,3412.0,3362.0,3465.0,3465.0,2388.0,1024.0,2422.0,1037.0
1.0,6771.0,3439.0,3413.0,3465.0,3442.0,3442.0,2389.0,1024.0,2406.0,1033.0
1.0,6797.0,3486.0,3416.0,3442.0,3495.0,3495.0,2391.0,1025.0,2442.0,1044.0
1.0,6753.0,3383.0,3416.0,3495.0,3383.0,3383.0,2391.0,1025.0,2368.0,1015.0
1.0,6865.0,3427.0,3415.0,3383.0,3424.0,3424.0,2390.0,1025.0,2398.0,1029.0
1.0,6821.0,3388.0,3413.0,3424.0,3382.0,3382.0,2389.0,1024.0,2371.0,1017.0
1.0,6857.0,3432.0,3412.0,3382.0,3429.0,3429.0,2388.0,1024.0,2402.0,1030.0
1.0,6807.0,3509.0,3415.0,3429.0,3518.0,3518.0,2390.0,1025.0,2458.0,1051.0
1.0,6727.0,3502.0,3419.0,3518.0,3514.0,3514.0,2393.0,1026.0,2451.0,1051.0
1.0,6743.0,3499.0,3421.0,3514.0,3505.0,3505.0,2395.0,1026.0,2448.0,1051.0
1.0,6758.0,3439.0,3420.0,3505.0,3436.0,3436.0,2394.0,1026.0,2407.0,1032.0
1.0,6824.0,3360.0,3420.0,3436.0,3360.0,3360.0,2394.0,1026.0,2352.0,1008.0
1.0,6900.0,3422.0,3420.0,3360.0,3422.0,3422.0,2394.0,1026.0,2395.0,1027.0
1.0,6838.0,3381.0,3419.0,3422.0,3378.0,3378.0,2393.0,1026.0,2368.0,1013.0
1.0,6879.0,3453.0,3420.0,3378.0,3456.0,3456.0,2394.0,1026.0,2416.0,1037.0
1.0,6804.0,3500.0,3423.0,3456.0,3509.0,3509.0,2396.0,1027.0,2450.0,1050.0
1.0,6760.0,3489.0,3425.0,3509.0,3495.0,3495.0,2397.0,1028.0,2443.0,1046.0
1.0,6780.0,3433.0,3426.0,3495.0,3436.0,3436.0,2398.0,1028.0,2404.0,1029.0
1.0,6842.0,3457.0,3426.0,3436.0,3457.0,3457.0,2398.0,1028.0,2420.0,1037.0
1.0,6821.0,3412.0,3425.0,3457.0,3409.0,3409.0,2397.0,1028.0,2387.0,1025.0
1.0,6866.0,3359.0,3424.0,3409.0,3356.0,3356.0,2397.0,1027.0,2351.0,1008.0
1.0,6916.0,3475.0,3425.0,3356.0,3478.0,3478.0,2397.0,1028.0,2432.0,1043.0
1.0,6797.0,3450.0,3425.0,3478.0,3450.0,3450.0,2397.0,1028.0,2415.0,1035.0
1.0,6825.0,3490.0,3426.0,3450.0,3493.0,3493.0,2398.0,1028.0,2442.0,1048.0
1.0,6785.0,3486.0,3427.0,3493.0,3489.0,3489.0,2399.0,1028.0,2441.0,1045.0
1.0,6792.0,3495.0,3429.0,3489.0,3501.0,3501.0,2400.0,1029.0,2447.0,1048.0
1.0,6786.0,3442.0,3429.0,3501.0,3442.0,3442.0,2400.0,1029.0,2409.0,1033.0
1.0,6845.0,3435.0,3429.0,3442.0,3435.0,3435.0,2400.0,1029.0,2402.0,1033.0
1.0,6852.0,3471.0,3432.0,3435.0,3480.0,3480.0,2402.0,1030.0,2431.0,1040.0
1.0,6816.0,3483.0,3434.0,3480.0,3489.0,3489.0,2404.0,1030.0,2437.0,1046.0
1.0,6813.0,3463.0,3436.0,3489.0,3469.0,3469.0,2405.0,1031.0,2426.0,1037.0
1.0,6839.0,3440.0,3436.0,3469.0,3440.0,3440.0,2405.0,1031.0,2408.0,1032.0
1.0,6868.0,3483.0,3437.0,3440.0,3486.0,3486.0,2406.0,1031.0,2436.0,1047.0
1.0,6825.0,3447.0,3436.0,3486.0,3444.0,3444.0,2405.0,1031.0,2415.0,1032.0
1.0,6864.0,3437.0,3435.0,3444.0,3434.0,3434.0,2404.0,1031.0,2405.0,1032.0
1.0,6871.0,3495.0,3437.0,3434.0,3501.0,3501.0,2406.0,1031.0,2446.0,1049.0
1.0,6810.0,3456.0,3438.0,3501.0,3459.0,3459.0,2406.0,1032.0,2419.0,1037.0
1.0,6855.0,3434.0,3439.0,3459.0,3437.0,3437.0,2407.0,1032.0,2405.0,1029.0
1.0,6880.0,3420.0,3439.0,3437.0,3420.0,3420.0,2407.0,1032.0,2393.0,1027.0
1.0,6897.0,3479.0,3439.0,3420.0,3479.0,3479.0,2407.0,1032.0,2436.0,1043.0
1.0,6838.0,3403.0,3437.0,3479.0,3397.0,3397.0,2406.0,1031.0,2381.0,1022.0
1.0,6914.0,3472.0,3439.0,3397.0,3478.0,3478.0,2407.0,1032.0,2431.0,1041.0
1.0,6839.0,3500.0,3440.0,3478.0,3503.0,3503.0,2408.0,1032.0,2449.0,1051.0
1.0,6817.0,3473.0,3443.0,3503.0,3482.0,3482.0,2410.0,1033.0,2432.0,1041.0
1.0,6847.0,3486.0,3446.0,3482.0,3495.0,3495.0,2412.0,1034.0,2440.0,1046.0
1.0,6843.0,3529.0,3449.0,3495.0,3538.0,3538.0,2414.0,1035.0,2470.0,1059.0
1.0,6809.0,3439.0,3447.0,3538.0,3433.0,3433.0,2413.0,1034.0,2407.0,1032.0
1.0,6908.0,3441.0,3447.0,3433.0,3441.0,3441.0,2413.0,1034.0,2409.0,1032.0
1.0,6900.0,3454.0,3449.0,3441.0,3460.0,3460.0,2414.0,1035.0,2418.0,1036.0
1.0,6887.0,3470.0,3450.0,3460.0,3473.0,3473.0,2415.0,1035.0,2430.0,1040.0
1.0,6877.0,3557.0,3454.0,3473.0,3569.0,3569.0,2418.0,1036.0,2488.0,1069.0
1.0,6793.0,3505.0,3457.0,3569.0,3514.0,3514.0,2420.0,1037.0,2455.0,1050.0
1.0,6857.0,3491.0,3457.0,3514.0,3491.0,3491.0,2420.0,1037.0,2444.0,1047.0
1.0,6880.0,3424.0,3457.0,3491.0,3424.0,3424.0,2420.0,1037.0,2397.0,1027.0
1.0,6947.0,3459.0,3456.0,3424.0,3456.0,3456.0,2419.0,1037.0,2421.0,1038.0
1.0,6912.0,3452.0,3457.0,3456.0,3455.0,3455.0,2420.0,1037.0,2415.0,1037.0
1.0,6916.0,3497.0,3459.0,3455.0,3503.0,3503.0,2421.0,1038.0,2448.0,1049.0
1.0,6874.0,3508.0,3461.0,3503.0,3514.0,3514.0,2423.0,1038.0,2455.0,1053.0
1.0,6869.0,3509.0,3463.0,3514.0,3515.0,3515.0,2424.0,1039.0,2457.0,1052.0
1.0,6874.0,3474.0,3462.0,3515.0,3471.0,3471.0,2423.0,1039.0,2432.0,1042.0
1.0,6915.0,3463.0,3462.0,3471.0,3463.0,3463.0,2423.0,1039.0,2423.0,1040.0
1.0,6923.0,3480.0,3461.0,3463.0,3477.0,3477.0,2423.0,1038.0,2436.0,1044.0
1.0,6906.0,3426.0,3460.0,3477.0,3423.0,3423.0,2422.0,1038.0,2398.0,1028.0
1.0,6957.0,3453.0,3463.0,3423.0,3462.0,3462.0,2424.0,1039.0,2418.0,1035.0
1.0,6927.0,3555.0,3466.0,3462.0,3564.0,3564.0,2426.0,1040.0,2488.0,1067.0
1.0,6834.0,3463.0,3467.0,3564.0,3466.0,3466.0,2427.0,1040.0,2425.0,1038.0
1.0,6935.0,3499.0,3467.0,3466.0,3499.0,3499.0,2427.0,1040.0,2447.0,1052.0
1.0,6902.0,3569.0,3469.0,3499.0,3575.0,3575.0,2428.0,1041.0,2499.0,1070.0
1.0,6832.0,3477.0,3469.0,3575.0,3477.0,3477.0,2428.0,1041.0,2434.0,1043.0
1.0,6930.0,3463.0,3469.0,3477.0,3463.0,3463.0,2428.0,1041.0,2425.0,1038.0
1.0,6944.0,3423.0,3469.0,3463.0,3423.0,3423.0,2428.0,1041.0,2395.0,1028.0
1.0,6984.0,3503.0,3470.0,3423.0,3506.0,3506.0,2429.0,1041.0,2453.0,1050.0
1.0,6904.0,3529.0,3473.0,3506.0,3538.0,3538.0,2431.0,1042.0,2471.0,1058.0
1.0,6881.0,3520.0,3474.0,3538.0,3523.0,3523.0,2432.0,1042.0,2462.0,1058.0
1.0,6899.0,3433.0,3474.0,3523.0,3433.0,3433.0,2432.0,1042.0,2405.0,1028.0
1.0,6989.0,3448.0,3473.0,3433.0,3445.0,3445.0,2431.0,1042.0,2413.0,1035.0
1.0,6974.0,3515.0,3474.0,3445.0,3518.0,3518.0,2432.0,1042.0,2461.0,1054.0
1.0,6904.0,3526.0,3474.0,3518.0,3526.0,3526.0,2432.0,1042.0,2466.0,1060.0
1.0,6896.0,3530.0,3476.0,3526.0,3536.0,3536.0,2433.0,1043.0,2472.0,1058.0
1.0,6892.0,3559.0,3479.0,3536.0,3568.0,3568.0,2435.0,1044.0,2491.0,1068.0
1.0,6869.0,3509.0,3479.0,3568.0,3509.0,3509.0,2435.0,1044.0,2457.0,1052.0
1.0,6928.0,3460.0,3479.0,3509.0,3460.0,3460.0,2435.0,1044.0,2421.0,1039.0
1.0,6977.0,3435.0,3479.0,3460.0,3435.0,3435.0,2435.0,1044.0,2404.0,1031.0
1.0,7002.0,3469.0,3479.0,3435.0,3469.0,3469.0,2435.0,1044.0,2428.0,1041.0
1.0,6968.0,3517.0,3480.0,3469.0,3520.0,3520.0,2436.0,1044.0,2463.0,1054.0
1.0,6920.0,3522.0,3481.0,3520.0,3525.0,3525.0,2437.0,1044.0,2464.0,1058.0
1.0,6918.0,3499.0,3482.0,3525.0,3502.0,3502.0,2437.0,1045.0,2450.0,1049.0
1.0,6944.0,3463.0,3482.0,3502.0,3463.0,3463.0,2437.0,1045.0,2423.0,1040.0
1.0,6983.0,3519.0,3483.0,3463.0,3522.0,3522.0,2438.0,1045.0,2464.0,1055.0
1.0,6927.0,3493.0,3484.0,3522.0,3496.0,3496.0,2439.0,1045.0,2446.0,1047.0
1.0,6956.0,3515.0,3486.0,3496.0,3521.0,3521.0,2440.0,1046.0,2459.0,1056.0
1.0,6937.0,3477.0,3486.0,3521.0,3477.0,3477.0,2440.0,1046.0,2434.0,1043.0
1.0,6981.0,3573.0,3489.0,3477.0,3582.0,3582.0,2442.0,1047.0,2501.0,1072.0
1.0,6885.0,3544.0,3490.0,3582.0,3547.0,3547.0,2443.0,1047.0,2482.0,1062.0
1.0,6923.0,3510.0,3490.0,3547.0,3510.0,3510.0,2443.0,1047.0,2457.0,1053.0
1.0,6960.0,3519.0,3492.0,3510.0,3525.0,3525.0,2444.0,1048.0,2462.0,1057.0
1.0,6951.0,3506.0,3492.0,3525.0,3506.0,3506.0,2444.0,1048.0,2454.0,1052.0
1.0,6970.0,3403.0,3489.0,3506.0,3394.0,3394.0,2442.0,1047.0,2383.0,1020.0
1.0,7073.0,3529.0,3491.0,3394.0,3535.0,3535.0,2444.0,1047.0,2469.0,1060.0
1.0,6938.0,3563.0,3493.0,3535.0,3569.0,3569.0,2445.0,1048.0,2496.0,1067.0
1.0,6910.0,3513.0,3494.0,3569.0,3516.0,3516.0,2446.0,1048.0,2457.0,1056.0
1.0,6966.0,3515.0,3496.0,3516.0,3521.0,3521.0,2447.0,1049.0,2461.0,1054.0
1.0,6967.0,3454.0,3493.0,3521.0,3445.0,3445.0,2445.0,1048.0,2419.0,1035.0
1.0,7034.0,3446.0,3493.0,3445.0,3446.0,3446.0,2445.0,1048.0,2411.0,1035.0
1.0,7033.0,3519.0,3493.0,3446.0,3519.0,3519.0,2445.0,1048.0,2463.0,1056.0
1.0,6960.0,3556.0,3496.0,3519.0,3565.0,3565.0,2447.0,1049.0,2489.0,1067.0
1.0,6923.0,3537.0,3497.0,3565.0,3540.0,3540.0,2448.0,1049.0,2477.0,1060.0
1.0,6951.0,3546.0,3499.0,3540.0,3552.0,3552.0,2449.0,1050.0,2481.0,1065.0
1.0,6945.0,3536.0,3500.0,3552.0,3539.0,3539.0,2450.0,1050.0,2476.0,1060.0
1.0,6961.0,3460.0,3499.0,3539.0,3457.0,3457.0,2449.0,1050.0,2421.0,1039.0
1.0,7040.0,3400.0,3496.0,3457.0,3391.0,3391.0,2447.0,1049.0,2381.0,1019.0
1.0,7097.0,3463.0,3496.0,3391.0,3463.0,3463.0,2447.0,1049.0,2424.0,1039.0
1.0,7025.0,3522.0,3497.0,3463.0,3525.0,3525.0,2448.0,1049.0,2464.0,1058.0
1.0,6966.0,3477.0,3497.0,3525.0,3477.0,3477.0,2448.0,1049.0,2434.0,1043.0
1.0,7014.0,3591.0,3500.0,3477.0,3600.0,3600.0,2450.0,1050.0,2513.0,1078.0
1.0,6900.0,3553.0,3503.0,3600.0,3562.0,3562.0,2452.0,1051.0,2488.0,1065.0
1.0,6947.0,3456.0,3500.0,3562.0,3447.0,3447.0,2450.0,1050.0,2418.0,1038.0
1.0,7053.0,3492.0,3501.0,3447.0,3495.0,3495.0,2451.0,1050.0,2444.0,1048.0
1.0,7008.0,3477.0,3500.0,3495.0,3474.0,3474.0,2450.0,1050.0,2434.0,1043.0
1.0,7026.0,3418.0,3497.0,3474.0,3409.0,3409.0,2448.0,1049.0,2393.0,1025.0
1.0,7082.0,3555.0,3499.0,3409.0,3561.0,3561.0,2449.0,1050.0,2489.0,1066.0
1.0,6936.0,3503.0,3500.0,3561.0,3506.0,3506.0,2450.0,1050.0,2451.0,1052.0
1.0,6994.0,3523.0,3502.0,3506.0,3529.0,3529.0,2451.0,1051.0,2467.0,1056.0
1.0,6977.0,3507.0,3502.0,3529.0,3507.0,3507.0,2451.0,1051.0,2455.0,1052.0
1.0,6999.0,3466.0,3500.0,3507.0,3460.0,3460.0,2450.0,1050.0,2425.0,1041.0
1.0,7040.0,3431.0,3499.0,3460.0,3428.0,3428.0,2449.0,1050.0,2403.0,1028.0
1.0,7069.0,3512.0,3500.0,3428.0,3515.0,3515.0,2450.0,1050.0,2457.0,1055.0
1.0,6985.0,3535.0,3502.0,3515.0,3541.0,3541.0,2451.0,1051.0,2475.0,1060.0
1.0,6965.0,3635.0,3505.0,3541.0,3644.0,3644.0,2453.0,1052.0,2544.0,1091.0
1.0,6871.0,3517.0,3504.0,3644.0,3514.0,3514.0,2453.0,1051.0,2462.0,1055.0
1.0,6998.0,3510.0,3504.0,3514.0,3510.0,3510.0,2453.0,1051.0,2457.0,1053.0
1.0,7002.0,3495.0,3503.0,3510.0,3492.0,3492.0,2452.0,1051.0,2448.0,1047.0
1.0,7017.0,3481.0,3503.0,3492.0,3481.0,3481.0,2452.0,1051.0,2437.0,1044.0
1.0,7028.0,3568.0,3504.0,3481.0,3571.0,3571.0,2453.0,1051.0,2496.0,1072.0
1.0,6941.0,3562.0,3507.0,3571.0,3571.0,3571.0,2455.0,1052.0,2492.0,1070.0
1.0,6950.0,3593.0,3509.0,3571.0,3599.0,3599.0,2456.0,1053.0,2517.0,1076.0
1.0,6928.0,3544.0,3510.0,3599.0,3547.0,3547.0,2457.0,1053.0,2481.0,1063.0
1.0,6983.0,3516.0,3510.0,3547.0,3516.0,3516.0,2457.0,1053.0,2461.0,1055.0
1.0,7014.0,3481.0,3509.0,3516.0,3478.0,3478.0,2456.0,1053.0,2437.0,1044.0
1.0,7049.0,3492.0,3510.0,3478.0,3495.0,3495.0,2457.0,1053.0,2445.0,1047.0
1.0,7035.0,3482.0,3509.0,3495.0,3479.0,3479.0,2456.0,1053.0,2436.0,1046.0
1.0,7048.0,3565.0,3510.0,3479.0,3568.0,3568.0,2457.0,1053.0,2494.0,1071.0
1.0,6962.0,3594.0,3512.0,3568.0,3600.0,3600.0,2458.0,1054.0,2517.0,1077.0
1.0,6936.0,3576.0,3514.0,3600.0,3582.0,3582.0,2460.0,1054.0,2502.0,1074.0
1.0,6960.0,3539.0,3513.0,3582.0,3536.0,3536.0,2459.0,1054.0,2477.0,1062.0
1.0,7003.0,3483.0,3512.0,3536.0,3480.0,3480.0,2458.0,1054.0,2439.0,1044.0
1.0,7056.0,3476.0,3512.0,3480.0,3476.0,3476.0,2458.0,1054.0,2433.0,1043.0
1.0,7060.0,3533.0,3512.0,3476.0,3533.0,3533.0,2458.0,1054.0,2473.0,1060.0
1.0,7003.0,3593.0,3513.0,3533.0,3596.0,3596.0,2459.0,1054.0,2514.0,1079.0
1.0,6943.0,3593.0,3517.0,3596.0,3605.0,3605.0,2462.0,1055.0,2516.0,1077.0
1.0,6946.0,3474.0,3516.0,3605.0,3471.0,3471.0,2461.0,1055.0,2433.0,1041.0
1.0,7077.0,3533.0,3516.0,3471.0,3533.0,3533.0,2461.0,1055.0,2473.0,1060.0
1.0,7015.0,3487.0,3515.0,3533.0,3484.0,3484.0,2460.0,1055.0,2440.0,1047.0
1.0,7061.0,3502.0,3514.0,3484.0,3499.0,3499.0,2460.0,1054.0,2451.0,1051.0
1.0,7043.0,3592.0,3517.0,3499.0,3601.0,3601.0,2462.0,1055.0,2514.0,1078.0
1.0,6950.0,3570.0,3520.0,3601.0,3579.0,3579.0,2464.0,1056.0,2501.0,1069.0
1.0,6981.0,3580.0,3520.0,3579.0,3580.0,3580.0,2464.0,1056.0,2504.0,1076.0
1.0,6980.0,3583.0,3521.0,3580.0,3586.0,3586.0,2465.0,1056.0,2509.0,1074.0
1.0,6977.0,3517.0,3521.0,3586.0,3517.0,3517.0,2465.0,1056.0,2462.0,1055.0
1.0,7046.0,3543.0,3521.0,3517.0,3543.0,3543.0,2465.0,1056.0,2480.0,1063.0
1.0,7020.0,3500.0,3520.0,3543.0,3497.0,3497.0,2464.0,1056.0,2449.0,1051.0
1.0,7063.0,3547.0,3522.0,3497.0,3553.0,3553.0,2465.0,1057.0,2484.0,1063.0
1.0,7013.0,3602.0,3526.0,3553.0,3614.0,3614.0,2468.0,1058.0,2522.0,1080.0
1.0,6964.0,3613.0,3529.0,3614.0,3622.0,3622.0,2470.0,1059.0,2529.0,1084.0
1.0,6965.0,3590.0,3530.0,3622.0,3593.0,3593.0,2471.0,1059.0,2514.0,1076.0
1.0,6997.0,3510.0,3530.0,3593.0,3510.0,3510.0,2471.0,1059.0,2455.0,1055.0
1.0,7080.0,3553.0,3530.0,3510.0,3553.0,3553.0,2471.0,1059.0,2489.0,1064.0
1.0,7037.0,3533.0,3530.0,3553.0,3533.0,3533.0,2471.0,1059.0,2472.0,1061.0
1.0,7057.0,3565.0,3532.0,3533.0,3571.0,3571.0,2472.0,1060.0,2495.0,1070.0
1.0,7025.0,3555.0,3533.0,3571.0,3558.0,3558.0,2473.0,1060.0,2489.0,1066.0
1.0,7041.0,3534.0,3534.0,3558.0,3537.0,3537.0,2474.0,1060.0,2472.0,1062.0
1.0,7065.0,3634.0,3538.0,3537.0,3646.0,3646.0,2477.0,1061.0,2544.0,1090.0
1.0,6968.0,3602.0,3539.0,3646.0,3605.0,3605.0,2477.0,1062.0,2522.0,1080.0
1.0,7012.0,3595.0,3540.0,3605.0,3598.0,3598.0,2478.0,1062.0,2515.0,1080.0
1.0,7022.0,3556.0,3541.0,3598.0,3559.0,3559.0,2479.0,1062.0,2489.0,1067.0
1.0,7064.0,3610.0,3543.0,3559.0,3616.0,3616.0,2480.0,1063.0,2529.0,1081.0
1.0,7013.0,3593.0,3546.0,3616.0,3602.0,3602.0,2482.0,1064.0,2514.0,1079.0
1.0,7036.0,3625.0,3550.0,3602.0,3637.0,3637.0,2485.0,1065.0,2538.0,1087.0
1.0,7013.0,3580.0,3551.0,3637.0,3583.0,3583.0,2486.0,1065.0,2507.0,1073.0
1.0,7070.0,3595.0,3552.0,3583.0,3598.0,3598.0,2486.0,1066.0,2514.0,1081.0
1.0,7058.0,3478.0,3549.0,3598.0,3469.0,3469.0,2484.0,1065.0,2435.0,1043.0
1.0,7178.0,3562.0,3550.0,3469.0,3565.0,3565.0,2485.0,1065.0,2494.0,1068.0
1.0,7085.0,3523.0,3550.0,3565.0,3523.0,3523.0,2485.0,1065.0,2466.0,1057.0
1.0,7127.0,3600.0,3552.0,3523.0,3606.0,3606.0,2486.0,1066.0,2519.0,1081.0
1.0,7050.0,3616.0,3554.0,3606.0,3622.0,3622.0,2488.0,1066.0,2531.0,1085.0
1.0,7040.0,3559.0,3554.0,3622.0,3559.0,3559.0,2488.0,1066.0,2491.0,1068.0
1.0,7103.0,3471.0,3553.0,3559.0,3468.0,3468.0,2487.0,1066.0,2431.0,1040.0
1.0,7191.0,3523.0,3552.0,3468.0,3520.0,3520.0,2486.0,1066.0,2465.0,1058.0
1.0,7136.0,3563.0,3552.0,3520.0,3563.0,3563.0,2486.0,1066.0,2494.0,1069.0
1.0,7093.0,3557.0,3553.0,3563.0,3560.0,3560.0,2487.0,1066.0,2491.0,1066.0
1.0,7099.0,3656.0,3556.0,3560.0,3665.0,3665.0,2489.0,1067.0,2559.0,1097.0
1.0,7003.0,3553.0,3557.0,3665.0,3556.0,3556.0,2490.0,1067.0,2488.0,1065.0
1.0,7115.0,3555.0,3559.0,3556.0,3561.0,3561.0,2491.0,1068.0,2487.0,1068.0
1.0,7116.0,3557.0,3559.0,3561.0,3557.0,3557.0,2491.0,1068.0,2490.0,1067.0
1.0,7120.0,3606.0,3559.0,3557.0,3606.0,3606.0,2491.0,1068.0,2524.0,1082.0
1.0,7071.0,3542.0,3557.0,3606.0,3536.0,3536.0,2490.0,1067.0,2479.0,1063.0
1.0,7135.0,3594.0,3559.0,3536.0,3600.0,3600.0,2491.0,1068.0,2516.0,1078.0
1.0,7077.0,3608.0,3561.0,3600.0,3614.0,3614.0,2493.0,1068.0,2525.0,1083.0
1.0,7069.0,3672.0,3566.0,3614.0,3687.0,3687.0,2496.0,1070.0,2570.0,1102.0
1.0,7011.0,3602.0,3566.0,3687.0,3602.0,3602.0,2496.0,1070.0,2522.0,1080.0
1.0,7096.0,3569.0,3566.0,3602.0,3569.0,3569.0,2496.0,1070.0,2498.0,1071.0
1.0,7129.0,3532.0,3565.0,3569.0,3529.0,3529.0,2495.0,1070.0,2471.0,1061.0
1.0,7166.0,3520.0,3566.0,3529.0,3523.0,3523.0,2496.0,1070.0,2465.0,1055.0
1.0,7175.0,3522.0,3566.0,3523.0,3522.0,3522.0,2496.0,1070.0,2465.0,1057.0
1.0,7176.0,3612.0,3567.0,3522.0,3615.0,3615.0,2497.0,1070.0,2527.0,1085.0
1.0,7086.0,3595.0,3570.0,3615.0,3604.0,3604.0,2499.0,1071.0,2518.0,1077.0
1.0,7106.0,3633.0,3570.0,3604.0,3633.0,3633.0,2499.0,1071.0,2543.0,1090.0
1.0,7077.0,3564.0,3570.0,3633.0,3564.0,3564.0,2499.0,1071.0,2495.0,1069.0
1.0,7146.0,3514.0,3569.0,3564.0,3511.0,3511.0,2498.0,1071.0,2459.0,1055.0
1.0,7196.0,3600.0,3570.0,3511.0,3603.0,3603.0,2499.0,1071.0,2521.0,1079.0
1.0,7107.0,3580.0,3570.0,3603.0,3580.0,3580.0,2499.0,1071.0,2506.0,1074.0
1.0,7130.0,3620.0,3572.0,3580.0,3626.0,3626.0,2500.0,1072.0,2533.0,1087.0
1.0,7090.0,3593.0,3574.0,3626.0,3599.0,3599.0,2502.0,1072.0,2517.0,1076.0
1.0,7123.0,3582.0,3574.0,3599.0,3582.0,3582.0,2502.0,1072.0,2505.0,1077.0
1.0,7140.0,3568.0,3574.0,3582.0,3568.0,3568.0,2502.0,1072.0,2500.0,1068.0
1.0,7154.0,3564.0,3573.0,3568.0,3561.0,3561.0,2501.0,1072.0,2494.0,1070.0
1.0,7158.0,3539.0,3572.0,3561.0,3536.0,3536.0,2500.0,1072.0,2477.0,1062.0
1.0,7180.0,3586.0,3573.0,3536.0,3589.0,3589.0,2501.0,1072.0,2511.0,1075.0
1.0,7130.0,3593.0,3574.0,3589.0,3596.0,3596.0,2502.0,1072.0,2513.0,1080.0
1.0,7126.0,3584.0,3576.0,3596.0,3590.0,3590.0,2503.0,1073.0,2510.0,1074.0
1.0,7138.0,3667.0,3577.0,3590.0,3670.0,3670.0,2504.0,1073.0,2568.0,1099.0
1.0,7061.0,3597.0,3577.0,3670.0,3597.0,3597.0,2504.0,1073.0,2517.0,1080.0
1.0,7134.0,3566.0,3579.0,3597.0,3572.0,3572.0,2505.0,1074.0,2496.0,1070.0
1.0,7165.0,3511.0,3576.0,3572.0,3502.0,3502.0,2503.0,1073.0,2459.0,1052.0
1.0,7226.0,3652.0,3577.0,3502.0,3655.0,3655.0,2504.0,1073.0,2554.0,1098.0
1.0,7076.0,3643.0,3578.0,3655.0,3646.0,3646.0,2505.0,1073.0,2551.0,1092.0
1.0,7088.0,3582.0,3579.0,3646.0,3585.0,3585.0,2505.0,1074.0,2507.0,1075.0
1.0,7152.0,3593.0,3579.0,3585.0,3593.0,3593.0,2505.0,1074.0,2515.0,1078.0
1.0,7144.0,3559.0,3577.0,3593.0,3553.0,3553.0,2504.0,1073.0,2491.0,1068.0
1.0,7178.0,3564.0,3576.0,3553.0,3561.0,3561.0,2503.0,1073.0,2494.0,1070.0
1.0,7167.0,3537.0,3576.0,3561.0,3537.0,3537.0,2503.0,1073.0,2478.0,1059.0
1.0,7191.0,3587.0,3576.0,3537.0,3587.0,3587.0,2503.0,1073.0,2511.0,1076.0
1.0,7141.0,3608.0,3578.0,3587.0,3614.0,3614.0,2505.0,1073.0,2524.0,1084.0
1.0,7120.0,3563.0,3578.0,3614.0,3563.0,3563.0,2505.0,1073.0,2494.0,1069.0
1.0,7171.0,3580.0,3579.0,3563.0,3583.0,3583.0,2505.0,1074.0,2507.0,1073.0
1.0,7154.0,3567.0,3579.0,3583.0,3567.0,3567.0,2505.0,1074.0,2497.0,1070.0
1.0,7170.0,3623.0,3579.0,3567.0,3623.0,3623.0,2505.0,1074.0,2536.0,1087.0
1.0,7114.0,3527.0,3578.0,3623.0,3524.0,3524.0,2505.0,1073.0,2469.0,1058.0
1.0,7210.0,3653.0,3581.0,3524.0,3662.0,3662.0,2507.0,1074.0,2557.0,1096.0
1.0,7081.0,3659.0,3584.0,3662.0,3668.0,3668.0,2509.0,1075.0,2560.0,1099.0
1.0,7084.0,3624.0,3586.0,3668.0,3630.0,3630.0,2510.0,1076.0,2538.0,1086.0
1.0,7128.0,3650.0,3587.0,3630.0,3653.0,3653.0,2511.0,1076.0,2554.0,1096.0
1.0,7108.0,3640.0,3587.0,3653.0,3640.0,3640.0,2511.0,1076.0,2548.0,1092.0
1.0,7121.0,3538.0,3586.0,3640.0,3535.0,3535.0,2510.0,1076.0,2479.0,1059.0
1.0,7223.0,3577.0,3587.0,3535.0,3580.0,3580.0,2511.0,1076.0,2503.0,1074.0
1.0,7181.0,3604.0,3587.0,3580.0,3604.0,3604.0,2511.0,1076.0,2523.0,1081.0
1.0,7157.0,3636.0,3589.0,3604.0,3642.0,3642.0,2512.0,1077.0,2546.0,1090.0
1.0,7125.0,3640.0,3590.0,3642.0,3643.0,3643.0,2513.0,1077.0,2547.0,1093.0
1.0,7127.0,3606.0,3590.0,3643.0,3606.0,3606.0,2513.0,1077.0,2524.0,1082.0
1.0,7164.0,3524.0,3589.0,3606.0,3521.0,3521.0,2512.0,1077.0,2468.0,1056.0
1.0,7246.0,3576.0,3587.0,3521.0,3570.0,3570.0,2511.0,1076.0,2502.0,1074.0
1.0,7191.0,3546.0,3586.0,3570.0,3543.0,3543.0,2510.0,1076.0,2483.0,1063.0
1.0,7215.0,3615.0,3587.0,3543.0,3618.0,3618.0,2511.0,1076.0,2529.0,1086.0
1.0,7143.0,3650.0,3589.0,3618.0,3656.0,3656.0,2512.0,1077.0,2556.0,1094.0
1.0,7111.0,3646.0,3591.0,3656.0,3652.0,3652.0,2514.0,1077.0,2552.0,1094.0
1.0,7121.0,3583.0,3593.0,3652.0,3589.0,3589.0,2515.0,1078.0,2509.0,1074.0
1.0,7190.0,3592.0,3593.0,3589.0,3592.0,3592.0,2515.0,1078.0,2514.0,1078.0
1.0,7187.0,3511.0,3590.0,3592.0,3502.0,3502.0,2513.0,1077.0,2457.0,1054.0
1.0,7268.0,3560.0,3590.0,3502.0,3560.0,3560.0,2513.0,1077.0,2493.0,1067.0
1.0,7210.0,3659.0,3591.0,3560.0,3662.0,3662.0,2514.0,1077.0,2560.0,1099.0
1.0,7111.0,3686.0,3594.0,3662.0,3695.0,3695.0,2516.0,1078.0,2580.0,1106.0
1.0,7087.0,3663.0,3596.0,3695.0,3669.0,3669.0,2517.0,1079.0,2565.0,1098.0
1.0,7119.0,3612.0,3596.0,3669.0,3612.0,3612.0,2517.0,1079.0,2528.0,1084.0
1.0,7176.0,3564.0,3596.0,3612.0,3564.0,3564.0,2517.0,1079.0,2495.0,1069.0
1.0,7224.0,3610.0,3596.0,3564.0,3610.0,3610.0,2517.0,1079.0,2527.0,1083.0
1.0,7178.0,3655.0,3597.0,3610.0,3658.0,3658.0,2518.0,1079.0,2557.0,1098.0
1.0,7133.0,3614.0,3597.0,3658.0,3614.0,3614.0,2518.0,1079.0,2530.0,1084.0
1.0,7177.0,3625.0,3599.0,3614.0,3631.0,3631.0,2519.0,1080.0,2538.0,1087.0
1.0,7166.0,3640.0,3601.0,3631.0,3646.0,3646.0,2521.0,1080.0,2547.0,1093.0
1.0,7157.0,3634.0,3602.0,3646.0,3637.0,3637.0,2521.0,1081.0,2545.0,1089.0
1.0,7169.0,3660.0,3603.0,3637.0,3663.0,3663.0,2522.0,1081.0,2563.0,1097.0
1.0,7146.0,3520.0,3602.0,3663.0,3517.0,3517.0,2521.0,1081.0,2463.0,1057.0
1.0,7289.0,3540.0,3600.0,3517.0,3534.0,3534.0,2520.0,1080.0,2479.0,1061.0
1.0,7266.0,3591.0,3600.0,3534.0,3591.0,3591.0,2520.0,1080.0,2514.0,1077.0
1.0,7209.0,3669.0,3601.0,3591.0,3672.0,3672.0,2521.0,1080.0,2567.0,1102.0
1.0,7131.0,3682.0,3604.0,3672.0,3691.0,3691.0,2523.0,1081.0,2577.0,1105.0
1.0,7121.0,3591.0,3603.0,3691.0,3588.0,3588.0,2522.0,1081.0,2513.0,1078.0
1.0,7221.0,3560.0,3602.0,3588.0,3557.0,3557.0,2521.0,1081.0,2493.0,1067.0
1.0,7249.0,3503.0,3600.0,3557.0,3497.0,3497.0,2520.0,1080.0,2451.0,1052.0
1.0,7303.0,3633.0,3601.0,3497.0,3636.0,3636.0,2521.0,1080.0,2544.0,1089.0
1.0,7167.0,3603.0,3602.0,3636.0,3606.0,3606.0,2521.0,1081.0,2522.0,1081.0
1.0,7200.0,3649.0,3603.0,3606.0,3652.0,3652.0,2522.0,1081.0,2553.0,1096.0
1.0,7157.0,3652.0,3606.0,3652.0,3661.0,3661.0,2524.0,1082.0,2558.0,1094.0
1.0,7157.0,3626.0,3607.0,3661.0,3629.0,3629.0,2525.0,1082.0,2538.0,1088.0
1.0,7192.0,3639.0,3607.0,3629.0,3639.0,3639.0,2525.0,1082.0,2546.0,1093.0
1.0,7182.0,3563.0,3607.0,3639.0,3563.0,3563.0,2525.0,1082.0,2494.0,1069.0
1.0,7258.0,3566.0,3607.0,3563.0,3566.0,3566.0,2525.0,1082.0,2496.0,1070.0
1.0,7255.0,3597.0,3607.0,3566.0,3597.0,3597.0,2525.0,1082.0,2518.0,1079.0
1.0,7224.0,3677.0,3609.0,3597.0,3683.0,3683.0,2526.0,1083.0,2575.0,1102.0
1.0,7144.0,3663.0,3611.0,3683.0,3669.0,3669.0,2528.0,1083.0,2563.0,1100.0
1.0,7164.0,3641.0,3611.0,3669.0,3641.0,3641.0,2528.0,1083.0,2549.0,1092.0
1.0,7192.0,3593.0,3610.0,3641.0,3590.0,3590.0,2527.0,1083.0,2517.0,1076.0
1.0,7240.0,3590.0,3609.0,3590.0,3587.0,3587.0,2526.0,1083.0,2512.0,1078.0
1.0,7240.0,3613.0,3608.0,3587.0,3610.0,3610.0,2526.0,1082.0,2529.0,1084.0
1.0,7214.0,3726.0,3610.0,3610.0,3732.0,3732.0,2527.0,1083.0,2607.0,1119.0
1.0,7098.0,3668.0,3613.0,3732.0,3677.0,3677.0,2529.0,1084.0,2569.0,1099.0
1.0,7162.0,3663.0,3614.0,3677.0,3666.0,3666.0,2530.0,1084.0,2563.0,1100.0
1.0,7176.0,3657.0,3615.0,3666.0,3660.0,3660.0,2530.0,1085.0,2560.0,1097.0
1.0,7185.0,3603.0,3614.0,3660.0,3600.0,3600.0,2530.0,1084.0,2522.0,1081.0
1.0,7242.0,3623.0,3614.0,3600.0,3623.0,3623.0,2530.0,1084.0,2536.0,1087.0
1.0,7219.0,3599.0,3614.0,3623.0,3599.0,3599.0,2530.0,1084.0,2519.0,1080.0
1.0,7243.0,3650.0,3616.0,3599.0,3656.0,3656.0,2531.0,1085.0,2556.0,1094.0
1.0,7192.0,3639.0,3617.0,3656.0,3642.0,3642.0,2532.0,1085.0,2546.0,1093.0
1.0,7209.0,3642.0,3620.0,3642.0,3651.0,3651.0,2534.0,1086.0,2550.0,1092.0
1.0,7209.0,3629.0,3620.0,3651.0,3629.0,3629.0,2534.0,1086.0,2540.0,1089.0
1.0,7231.0,3629.0,3619.0,3629.0,3626.0,3626.0,2533.0,1086.0,2540.0,1089.0
1.0,7231.0,3597.0,3619.0,3626.0,3597.0,3597.0,2533.0,1086.0,2518.0,1079.0
1.0,7260.0,3644.0,3620.0,3597.0,3647.0,3647.0,2534.0,1086.0,2552.0,1092.0
1.0,7213.0,3613.0,3620.0,3647.0,3613.0,3613.0,2534.0,1086.0,2527.0,1086.0
1.0,7247.0,3699.0,3623.0,3613.0,3708.0,3708.0,2536.0,1087.0,2589.0,1110.0
1.0,7161.0,3660.0,3626.0,3708.0,3669.0,3669.0,2538.0,1088.0,2563.0,1097.0
1.0,7209.0,3652.0,3626.0,3669.0,3652.0,3652.0,2538.0,1088.0,2556.0,1096.0
1.0,7226.0,3619.0,3624.0,3652.0,3613.0,3613.0,2537.0,1087.0,2533.0,1086.0
1.0,7259.0,3673.0,3624.0,3613.0,3673.0,3673.0,2537.0,1087.0,2571.0,1102.0
1.0,7199.0,3630.0,3624.0,3673.0,3630.0,3630.0,2537.0,1087.0,2541.0,1089.0
1.0,7242.0,3587.0,3625.0,3630.0,3590.0,3590.0,2537.0,1088.0,2511.0,1076.0
1.0,7285.0,3712.0,3627.0,3590.0,3718.0,3718.0,2539.0,1088.0,2598.0,1114.0
1.0,7163.0,3707.0,3628.0,3718.0,3710.0,3710.0,2540.0,1088.0,2595.0,1112.0
1.0,7174.0,3668.0,3629.0,3710.0,3671.0,3671.0,2540.0,1089.0,2568.0,1100.0
1.0,7216.0,3617.0,3629.0,3671.0,3617.0,3617.0,2540.0,1089.0,2532.0,1085.0
1.0,7270.0,3653.0,3629.0,3617.0,3653.0,3653.0,2540.0,1089.0,2557.0,1096.0
1.0,7234.0,3595.0,3629.0,3653.0,3595.0,3595.0,2540.0,1089.0,2516.0,1079.0
1.0,7292.0,3583.0,3627.0,3595.0,3577.0,3577.0,2539.0,1088.0,2507.0,1076.0
1.0,7304.0,3671.0,3630.0,3577.0,3680.0,3680.0,2541.0,1089.0,2569.0,1102.0
1.0,7210.0,3658.0,3632.0,3680.0,3664.0,3664.0,2542.0,1090.0,2561.0,1097.0
1.0,7232.0,3673.0,3633.0,3664.0,3676.0,3676.0,2543.0,1090.0,2570.0,1103.0
1.0,7223.0,3650.0,3633.0,3676.0,3650.0,3650.0,2543.0,1090.0,2555.0,1095.0
1.0,7249.0,3650.0,3633.0,3650.0,3650.0,3650.0,2543.0,1090.0,2557.0,1093.0
1.0,7249.0,3638.0,3633.0,3650.0,3638.0,3638.0,2543.0,1090.0,2544.0,1094.0
1.0,7261.0,3625.0,3635.0,3638.0,3631.0,3631.0,2544.0,1091.0,2538.0,1087.0
1.0,7274.0,3716.0,3639.0,3631.0,3728.0,3728.0,2547.0,1092.0,2602.0,1114.0
1.0,7189.0,3716.0,3640.0,3728.0,3719.0,3719.0,2548.0,1092.0,2600.0,1116.0
1.0,7201.0,3692.0,3642.0,3719.0,3698.0,3698.0,2549.0,1093.0,2585.0,1107.0
1.0,7228.0,3689.0,3643.0,3698.0,3692.0,3692.0,2550.0,1093.0,2582.0,1107.0
1.0,7237.0,3622.0,3643.0,3692.0,3622.0,3622.0,2550.0,1093.0,2535.0,1087.0
1.0,7307.0,3642.0,3643.0,3622.0,3642.0,3642.0,2550.0,1093.0,2549.0,1093.0
1.0,7287.0,3778.0,3646.0,3642.0,3787.0,3787.0,2552.0,1094.0,2644.0,1134.0
1.0,7151.0,3724.0,3649.0,3787.0,3733.0,3733.0,2554.0,1095.0,2606.0,1118.0
1.0,7214.0,3726.0,3652.0,3733.0,3735.0,3735.0,2556.0,1096.0,2608.0,1118.0
1.0,7221.0,3666.0,3653.0,3735.0,3669.0,3669.0,2557.0,1096.0,2567.0,1099.0
1.0,7290.0,3639.0,3652.0,3669.0,3636.0,3636.0,2556.0,1096.0,2547.0,1092.0
1.0,7320.0,3579.0,3650.0,3636.0,3573.0,3573.0,2555.0,1095.0,2504.0,1075.0
1.0,7377.0,3579.0,3649.0,3573.0,3576.0,3576.0,2554.0,1095.0,2506.0,1073.0
1.0,7371.0,3698.0,3652.0,3576.0,3707.0,3707.0,2556.0,1096.0,2587.0,1111.0
1.0,7249.0,3721.0,3654.0,3707.0,3727.0,3727.0,2558.0,1096.0,2604.0,1117.0
1.0,7235.0,3676.0,3636.255613854256,3727.0,3623.0,3623.0,2545.073571059441,1091.1820427948153,2574.0,1102.0
1.0,7286.0,3707.0,3643.7596729046163,3623.0,3730.0,3730.0,2550.2739480930095,1093.485724811607,2594.0,1113.0
1.0,7202.0,3673.0,3639.6109695319547,3730.0,3660.0,3660.0,2547.34226012396,1092.268709407995,2572.0,1101.0
1.0,7259.0,3611.0,3622.379967109405,3660.0,3559.0,3559.0,2535.298165003441,1087.0818021059633,2527.0,1084.0
1.0,7308.0,3591.0,3606.519369232279,3559.0,3544.0,3544.0,2524.2261789924205,1082.2931902398586,2515.0,1076.0
1.0,7276.0,3720.0,3630.0748400819894,3544.0,3790.0,3790.0,2540.74526923237,1089.3295708496196,2604.0,1116.0
1.0,7100.0,3715.0,3641.416486778694,3790.0,3749.0,3749.0,2548.6733561477713,1092.743130630923,2601.0,1114.0
1.0,7175.0,3665.0,3636.7586452628807,3749.0,3652.0,3652.0,2545.3969529658916,1091.361692296989,2564.0,1101.0
1.0,7259.0,3670.0,3635.2411327742643,3652.0,3664.0,3664.0,2544.3038891239353,1090.937243650329,2569.0,1101.0
1.0,7241.0,3649.0,3629.2659870730085,3664.0,3632.0,3632.0,2540.126355861208,1089.1396312118006,2554.0,1095.0
1.0,7256.0,3600.0,3613.1802812778687,3632.0,3551.0,3551.0,2528.892827388654,1084.2874538892147,2520.0,1080.0
1.0,7288.0,3596.0,3602.9371586596067,3551.0,3566.0,3566.0,2521.7694829470856,1081.167675712521,2516.0,1080.0
1.0,7243.0,3723.0,3628.4376803857695,3566.0,3799.0,3799.0,2539.631350557263,1088.8063298285063,2607.0,1116.0
1.0,7086.0,3680.0,3632.5096942349555,3799.0,3693.0,3693.0,2542.4832159924654,1090.0264782424902,2575.0,1105.0
1.0,7205.0,3755.0,3651.794772201206,3693.0,3813.0,3813.0,2555.890992813593,1095.9037793876125,2630.0,1125.0
1.0,7143.0,3652.0,3639.2953591560067,3813.0,3614.0,3614.0,2547.132804343226,1092.1625548127809,2556.0,1096.0
1.0,7304.0,3637.0,3628.746229399364,3614.0,3605.0,3605.0,2539.737109639934,1089.0091197594302,2546.0,1091.0
1.0,7281.0,3614.0,3616.848677195395,3605.0,3579.0,3579.0,2531.442165750557,1085.406511444838,2529.0,1085.0
1.0,7272.0,3719.0,3635.457936471764,3579.0,3774.0,3774.0,2544.4734501368225,1090.9844863349413,2604.0,1115.0
1.0,7132.0,3702.0,3641.983110471325,3774.0,3722.0,3722.0,2549.045987798648,1092.9371226726764,2590.0,1112.0
1.0,7204.0,3700.0,3645.1284993965137,3722.0,3709.0,3709.0,2551.210666682643,1093.917832713871,2590.0,1110.0
1.0,7226.0,3761.0,3660.6539479197177,3709.0,3808.0,3808.0,2562.009130997483,1098.6448169222344,2632.0,1129.0
1.0,7174.0,3719.0,3659.607368454574,3808.0,3716.0,3716.0,2561.2380796385983,1098.3692888159758,2605.0,1114.0
1.0,7263.0,3607.0,3633.4122970093003,3716.0,3528.0,3528.0,2542.9393824694826,1090.4729145398176,2524.0,1083.0
1.0,7372.0,3643.0,3626.952473992048,3528.0,3624.0,3624.0,2538.4429385501344,1088.5095354419138,2551.0,1092.0
1.0,7257.0,3660.0,3627.2611358476815,3624.0,3661.0,3661.0,2538.7137708967866,1088.5473649508947,2562.0,1098.0
1.0,7221.0,3769.0,3652.4807431556355,3661.0,3844.0,3844.0,2556.3420940740148,1096.1386490816205,2638.0,1131.0
1.0,7113.0,3756.0,3663.397793102027,3844.0,3789.0,3789.0,2563.9412718922176,1099.4565212098094,2628.0,1128.0
1.0,7201.0,3690.0,3654.897136018992,3789.0,3665.0,3665.0,2557.9595480758035,1096.9375879431886,2584.0,1106.0
1.0,7300.0,3653.0,3642.1648094188786,3665.0,3614.0,3614.0,2549.05469931123,1093.1101101076488,2556.0,1097.0
1.0,7312.0,3637.0,3630.5813176599295,3614.0,3603.0,3603.0,2540.9755963453317,1089.6057213145978,2546.0,1091.0
1.0,7289.0,3603.0,3614.73396217309,3603.0,3555.0,3555.0,2529.9400072978633,1084.7939548752265,2523.0,1080.0
1.0,7289.0,3656.0,3619.318984776398,3555.0,3670.0,3670.0,2533.2061810520904,1086.1128037243075,2559.0,1097.0
1.0,7188.0,3640.0,3617.510731434148,3670.0,3635.0,3635.0,2531.978913718957,1085.5318177151912,2548.0,1092.0
1.0,7218.0,3685.0,3627.8195508852195,3635.0,3716.0,3716.0,2539.195939918935,1088.6236109662846,2579.0,1106.0
1.0,7168.0,3703.0,3637.90847083369,3716.0,3733.0,3733.0,2546.2327632014512,1091.6757076322388,2591.0,1112.0
1.0,7181.0,3743.0,3652.028489536072,3733.0,3785.0,3785.0,2556.0382305754893,1095.9902589605824,2622.0,1121.0
1.0,7171.0,3717.0,3654.560517751406,3785.0,3725.0,3725.0,2557.769049734381,1096.791468017025,2602.0,1115.0
1.0,7239.0,3684.0,3648.9618625651583,3725.0,3667.0,3667.0,2553.8294331599714,1095.132429405187,2578.0,1106.0
1.0,7280.0,3719.0,3653.5928651128556,3667.0,3733.0,3733.0,2557.036358729195,1096.5565063836607,2604.0,1115.0
1.0,7228.0,3683.0,3648.0459287644962,3733.0,3666.0,3666.0,2553.168150159434,1094.8777786050623,2578.0,1105.0
1.0,7278.0,3752.0,3660.751277254971,3666.0,3791.0,3791.0,2562.031041771553,1098.7202354834178,2625.0,1127.0
1.0,7192.0,3809.0,3678.7093288032383,3791.0,3862.0,3862.0,2574.5118344583943,1104.197494344844,2667.0,1142.0
1.0,7174.0,3671.0,3659.5706138929077,3862.0,3614.0,3614.0,2561.1566566942956,1098.413957198612,2570.0,1101.0
1.0,7365.0,3660.0,3646.6241401187426,3614.0,3621.0,3621.0,2552.1111203013393,1094.5130198174033,2562.0,1098.0
1.0,7319.0,3668.0,3641.007677347709,3621.0,3651.0,3651.0,2548.223838798728,1092.7838385489808,2567.0,1101.0
1.0,7272.0,3693.0,3643.368720103788,3651.0,3700.0,3700.0,2549.910803411327,1093.457916692461,2585.0,1108.0
1.0,7230.0,3699.0,3645.748182386761,3700.0,3706.0,3706.0,2551.5919438497945,1094.1562385369666,2590.0,1109.0
1.0,7231.0,3732.0,3654.753955350061,3706.0,3760.0,3760.0,2557.8804844994916,1096.8734708505697,2612.0,1120.0
1.0,7205.0,3743.0,3662.0350409624007,3760.0,3764.0,3764.0,2562.940668876983,1099.0943720854173,2620.0,1123.0
2.0,0.0,840.0,840.0,0.0,2520.0,2520.0,588.0,252.0,588.0,252.0
2.0,0.0,957.0,898.0,2520.0,1971.0,1971.0,628.0,270.0,669.0,288.0
2.0,723.0,250.0,682.0,1971.0,0.0,0.0,478.0,204.0,177.0,73.0
2.0,2444.0,353.0,600.0,0.0,0.0,0.0,420.0,180.0,246.0,107.0
2.0,2091.0,256.0,532.0,0.0,0.0,0.0,372.0,160.0,178.0,78.0
2.0,1835.0,238.0,482.0,0.0,0.0,0.0,338.0,144.0,169.0,69.0
2.0,1597.0,395.0,470.0,0.0,208.0,208.0,329.0,141.0,275.0,120.0
2.0,1202.0,349.0,454.0,208.0,301.0,301.0,318.0,136.0,246.0,103.0
2.0,1061.0,436.0,453.0,301.0,433.0,433.0,317.0,136.0,304.0,132.0
2.0,926.0,424.0,450.0,433.0,415.0,415.0,315.0,135.0,296.0,128.0
2.0,935.0,304.0,437.0,415.0,265.0,265.0,306.0,131.0,213.0,91.0
2.0,1046.0,317.0,427.0,265.0,287.0,287.0,299.0,128.0,223.0,94.0
2.0,994.0,353.0,421.0,287.0,335.0,335.0,295.0,126.0,245.0,108.0
2.0,928.0,294.0,412.0,335.0,267.0,267.0,288.0,124.0,206.0,88.0
2.0,969.0,334.0,407.0,267.0,319.0,319.0,285.0,122.0,234.0,100.0
2.0,902.0,377.0,404.0,319.0,368.0,368.0,283.0,121.0,266.0,111.0
2.0,844.0,390.0,404.0,368.0,390.0,390.0,283.0,121.0,272.0,118.0
2.0,822.0,395.0,403.0,390.0,392.0,392.0,282.0,121.0,276.0,119.0
2.0,817.0,392.0,403.0,392.0,392.0,392.0,282.0,121.0,276.0,116.0
2.0,817.0,339.0,400.0,392.0,330.0,330.0,280.0,120.0,236.0,103.0
2.0,870.0,305.0,396.0,330.0,293.0,293.0,277.0,119.0,213.0,92.0
2.0,895.0,379.0,394.0,293.0,373.0,373.0,276.0,118.0,266.0,113.0
2.0,809.0,407.0,394.0,373.0,407.0,407.0,276.0,118.0,285.0,122.0
2.0,775.0,451.0,397.0,407.0,460.0,460.0,278.0,119.0,315.0,136.0
2.0,731.0,449.0,400.0,460.0,458.0,458.0,280.0,120.0,315.0,134.0
2.0,742.0,361.0,398.0,458.0,355.0,355.0,279.0,119.0,253.0,108.0
2.0,839.0,321.0,396.0,355.0,315.0,315.0,277.0,119.0,224.0,97.0
2.0,873.0,302.0,391.0,315.0,287.0,287.0,274.0,117.0,213.0,89.0
2.0,886.0,320.0,389.0,287.0,314.0,314.0,272.0,117.0,223.0,97.0
2.0,853.0,360.0,388.0,314.0,357.0,357.0,272.0,116.0,252.0,108.0
2.0,807.0,396.0,389.0,357.0,399.0,399.0,272.0,117.0,278.0,118.0
2.0,768.0,419.0,390.0,399.0,422.0,422.0,273.0,117.0,292.0,127.0
2.0,748.0,374.0,389.0,422.0,371.0,371.0,272.0,117.0,263.0,111.0
2.0,796.0,333.0,387.0,371.0,327.0,327.0,271.0,116.0,232.0,101.0
2.0,834.0,270.0,384.0,327.0,261.0,261.0,269.0,115.0,190.0,80.0
2.0,891.0,297.0,381.0,261.0,288.0,288.0,267.0,114.0,207.0,90.0
2.0,855.0,367.0,381.0,288.0,367.0,367.0,267.0,114.0,257.0,110.0
2.0,776.0,426.0,383.0,367.0,432.0,432.0,268.0,115.0,299.0,127.0
2.0,717.0,346.0,381.0,432.0,340.0,340.0,267.0,114.0,242.0,104.0
2.0,803.0,330.0,380.0,340.0,327.0,327.0,266.0,114.0,231.0,99.0
2.0,813.0,427.0,381.0,327.0,430.0,430.0,267.0,114.0,298.0,129.0
2.0,713.0,375.0,381.0,430.0,375.0,375.0,267.0,114.0,263.0,112.0
2.0,768.0,399.0,381.0,375.0,399.0,399.0,267.0,114.0,280.0,119.0
2.0,744.0,413.0,383.0,399.0,419.0,419.0,268.0,115.0,290.0,123.0
2.0,730.0,343.0,381.0,419.0,337.0,337.0,267.0,114.0,239.0,104.0
2.0,806.0,360.0,381.0,337.0,360.0,360.0,267.0,114.0,252.0,108.0
2.0,783.0,393.0,381.0,360.0,393.0,393.0,267.0,114.0,276.0,117.0
2.0,750.0,307.0,380.0,393.0,304.0,304.0,266.0,114.0,214.0,93.0
2.0,836.0,391.0,380.0,304.0,391.0,391.0,266.0,114.0,275.0,116.0
2.0,749.0,416.0,380.0,391.0,416.0,416.0,266.0,114.0,289.0,127.0
2.0,724.0,387.0,381.0,416.0,390.0,390.0,267.0,114.0,272.0,115.0
2.0,753.0,410.0,381.0,390.0,410.0,410.0,267.0,114.0,287.0,123.0
2.0,733.0,403.0,373.0,410.0,379.0,379.0,261.0,112.0,282.0,121.0
2.0,740.0,317.0,360.0,379.0,278.0,278.0,252.0,108.0,221.0,96.0
2.0,802.0,357.0,363.0,278.0,366.0,366.0,254.0,109.0,252.0,105.0
2.0,723.0,267.0,361.0,366.0,261.0,261.0,253.0,108.0,186.0,81.0
2.0,822.0,390.0,364.0,261.0,399.0,399.0,255.0,109.0,272.0,118.0
2.0,693.0,389.0,367.0,399.0,398.0,398.0,257.0,110.0,274.0,115.0
2.0,703.0,356.0,366.0,398.0,353.0,353.0,256.0,110.0,249.0,107.0
2.0,745.0,394.0,367.0,353.0,397.0,397.0,257.0,110.0,276.0,118.0
2.0,704.0,394.0,366.0,397.0,391.0,391.0,256.0,110.0,276.0,118.0
2.0,707.0,334.0,364.0,391.0,328.0,328.0,255.0,109.0,233.0,101.0
2.0,764.0,341.0,364.0,328.0,341.0,341.0,255.0,109.0,240.0,101.0
2.0,751.0,383.0,366.0,341.0,389.0,389.0,256.0,110.0,268.0,115.0
2.0,709.0,402.0,367.0,389.0,405.0,405.0,257.0,110.0,280.0,122.0
2.0,696.0,399.0,369.0,405.0,405.0,405.0,258.0,111.0,280.0,119.0
2.0,702.0,333.0,369.0,405.0,333.0,333.0,258.0,111.0,233.0,100.0
2.0,774.0,375.0,369.0,333.0,375.0,375.0,258.0,111.0,263.0,112.0
2.0,732.0,283.0,367.0,375.0,277.0,277.0,257.0,110.0,197.0,86.0
2.0,824.0,304.0,365.0,277.0,298.0,298.0,256.0,109.0,214.0,90.0
2.0,797.0,354.0,364.0,298.0,351.0,351.0,255.0,109.0,247.0,107.0
2.0,741.0,389.0,366.0,351.0,395.0,395.0,256.0,110.0,273.0,116.0
2.0,703.0,485.0,369.0,395.0,494.0,494.0,258.0,111.0,339.0,146.0
2.0,613.0,386.0,369.0,494.0,386.0,386.0,258.0,111.0,270.0,116.0
2.0,721.0,359.0,368.0,386.0,356.0,356.0,258.0,110.0,251.0,108.0
2.0,748.0,314.0,366.0,356.0,308.0,308.0,256.0,110.0,220.0,94.0
2.0,790.0,367.0,364.0,308.0,361.0,361.0,255.0,109.0,256.0,111.0
2.0,731.0,396.0,364.0,361.0,396.0,396.0,255.0,109.0,278.0,118.0
2.0,696.0,334.0,364.0,396.0,334.0,334.0,255.0,109.0,234.0,100.0
2.0,758.0,435.0,367.0,334.0,444.0,444.0,257.0,110.0,304.0,131.0
2.0,657.0,368.0,368.0,444.0,371.0,371.0,258.0,110.0,258.0,110.0
2.0,733.0,353.0,368.0,371.0,353.0,353.0,258.0,110.0,247.0,106.0
2.0,751.0,336.0,367.0,353.0,333.0,333.0,257.0,110.0,234.0,102.0
2.0,768.0,340.0,366.0,333.0,337.0,337.0,256.0,110.0,239.0,101.0
2.0,761.0,355.0,366.0,337.0,355.0,355.0,256.0,110.0,249.0,106.0
2.0,743.0,469.0,367.0,355.0,472.0,472.0,257.0,110.0,328.0,141.0
2.0,629.0,448.0,371.0,472.0,460.0,460.0,260.0,111.0,313.0,135.0
2.0,653.0,448.0,374.0,460.0,457.0,457.0,262.0,112.0,313.0,135.0
2.0,665.0,333.0,373.0,457.0,330.0,330.0,261.0,112.0,233.0,100.0
2.0,789.0,347.0,372.0,330.0,344.0,344.0,260.0,112.0,244.0,103.0
2.0,772.0,376.0,373.0,344.0,379.0,379.0,261.0,112.0,263.0,113.0
2.0,740.0,407.0,374.0,379.0,410.0,410.0,262.0,112.0,284.0,123.0
2.0,712.0,399.0,373.0,410.0,396.0,396.0,261.0,112.0,279.0,120.0
2.0,723.0,519.0,376.0,396.0,528.0,528.0,263.0,113.0,362.0,157.0
2.0,600.0,446.0,377.0,528.0,449.0,449.0,264.0,113.0,313.0,133.0
2.0,682.0,341.0,376.0,449.0,338.0,338.0,263.0,113.0,240.0,101.0
2.0,790.0,416.0,377.0,338.0,419.0,419.0,264.0,113.0,290.0,126.0
2.0,712.0,368.0,377.0,419.0,368.0,368.0,264.0,113.0,258.0,110.0
2.0,763.0,433.0,378.0,368.0,436.0,436.0,265.0,113.0,304.0,129.0
2.0,698.0,440.0,380.0,436.0,446.0,446.0,266.0,114.0,307.0,133.0
2.0,694.0,405.0,380.0,446.0,405.0,405.0,266.0,114.0,284.0,121.0
2.0,735.0,426.0,381.0,405.0,429.0,429.0,267.0,114.0,298.0,128.0
2.0,714.0,386.0,381.0,429.0,386.0,386.0,267.0,114.0,270.0,116.0
2.0,757.0,366.0,380.0,386.0,363.0,363.0,266.0,114.0,255.0,111.0
2.0,777.0,373.0,380.0,363.0,373.0,373.0,266.0,114.0,261.0,112.0
2.0,767.0,411.0,381.0,373.0,414.0,414.0,267.0,114.0,289.0,122.0
2.0,729.0,428.0,383.0,414.0,434.0,434.0,268.0,115.0,301.0,127.0
2.0,715.0,475.0,387.0,434.0,487.0,487.0,271.0,116.0,331.0,144.0
2.0,674.0,421.0,387.0,487.0,421.0,421.0,271.0,116.0,295.0,126.0
2.0,740.0,472.0,389.0,421.0,478.0,478.0,272.0,117.0,331.0,141.0
2.0,689.0,391.0,390.0,478.0,394.0,394.0,273.0,117.0,275.0,116.0
2.0,776.0,399.0,390.0,394.0,399.0,399.0,273.0,117.0,279.0,120.0
2.0,771.0,423.0,390.0,399.0,423.0,423.0,273.0,117.0,294.0,129.0
2.0,747.0,439.0,393.0,423.0,448.0,448.0,275.0,118.0,308.0,131.0
2.0,731.0,459.0,394.0,448.0,462.0,462.0,276.0,118.0,321.0,138.0
2.0,720.0,335.0,393.0,462.0,332.0,332.0,275.0,118.0,234.0,101.0
2.0,847.0,368.0,393.0,332.0,368.0,368.0,275.0,118.0,260.0,108.0
2.0,811.0,367.0,393.0,368.0,367.0,367.0,275.0,118.0,257.0,110.0
2.0,812.0,400.0,393.0,367.0,400.0,400.0,275.0,118.0,278.0,122.0
2.0,779.0,480.0,396.0,400.0,489.0,489.0,277.0,119.0,338.0,142.0
2.0,699.0,412.0,398.0,489.0,418.0,418.0,279.0,119.0,287.0,125.0
2.0,776.0,496.0,402.0,418.0,508.0,508.0,281.0,121.0,348.0,148.0
2.0,698.0,369.0,402.0,508.0,369.0,369.0,281.0,121.0,258.0,111.0
2.0,837.0,387.0,402.0,369.0,387.0,387.0,281.0,121.0,271.0,116.0
2.0,819.0,392.0,400.0,387.0,386.0,386.0,280.0,120.0,274.0,118.0
2.0,814.0,446.0,401.0,386.0,449.0,449.0,281.0,120.0,313.0,133.0
2.0,754.0,383.0,402.0,449.0,386.0,386.0,281.0,121.0,268.0,115.0
2.0,820.0,479.0,406.0,386.0,491.0,491.0,284.0,122.0,335.0,144.0
2.0,727.0,402.0,406.0,491.0,402.0,402.0,284.0,122.0,281.0,121.0
2.0,816.0,467.0,407.0,402.0,470.0,470.0,285.0,122.0,328.0,139.0
2.0,751.0,376.0,408.0,470.0,379.0,379.0,286.0,122.0,262.0,114.0
2.0,845.0,426.0,407.0,379.0,423.0,423.0,285.0,122.0,298.0,128.0
2.0,798.0,439.0,409.0,423.0,445.0,445.0,286.0,123.0,308.0,131.0
2.0,782.0,459.0,411.0,445.0,465.0,465.0,288.0,123.0,320.0,139.0
2.0,768.0,459.0,413.0,465.0,465.0,465.0,289.0,124.0,323.0,136.0
2.0,774.0,430.0,416.0,465.0,439.0,439.0,291.0,125.0,300.0,130.0
2.0,809.0,406.0,416.0,439.0,406.0,406.0,291.0,125.0,284.0,122.0
2.0,842.0,431.0,416.0,406.0,431.0,431.0,291.0,125.0,302.0,129.0
2.0,817.0,400.0,414.0,431.0,394.0,394.0,290.0,124.0,279.0,121.0
2.0,848.0,451.0,414.0,394.0,451.0,451.0,290.0,124.0,317.0,134.0
2.0,791.0,381.0,416.0,451.0,387.0,387.0,291.0,125.0,267.0,114.0
2.0,861.0,488.0,418.0,387.0,494.0,494.0,293.0,125.0,341.0,147.0
2.0,760.0,446.0,420.0,494.0,452.0,452.0,294.0,126.0,313.0,133.0
2.0,808.0,474.0,421.0,452.0,477.0,477.0,295.0,126.0,333.0,141.0
2.0,786.0,420.0,421.0,477.0,420.0,420.0,295.0,126.0,292.0,128.0
2.0,843.0,371.0,418.0,420.0,362.0,362.0,293.0,125.0,260.0,111.0
2.0,892.0,432.0,418.0,362.0,432.0,432.0,293.0,125.0,302.0,130.0
2.0,822.0,439.0,420.0,432.0,445.0,445.0,294.0,126.0,308.0,131.0
2.0,815.0,459.0,421.0,445.0,462.0,462.0,295.0,126.0,320.0,139.0
2.0,801.0,508.0,424.0,462.0,517.0,517.0,297.0,127.0,357.0,151.0
2.0,755.0,421.0,423.0,517.0,418.0,418.0,296.0,127.0,295.0,126.0
2.0,851.0,479.0,424.0,418.0,482.0,482.0,297.0,127.0,335.0,144.0
2.0,790.0,394.0,424.0,482.0,394.0,394.0,297.0,127.0,276.0,118.0
2.0,878.0,408.0,423.0,394.0,405.0,405.0,296.0,127.0,286.0,122.0
2.0,864.0,409.0,424.0,405.0,412.0,412.0,297.0,127.0,286.0,123.0
2.0,860.0,497.0,427.0,412.0,506.0,506.0,299.0,128.0,348.0,149.0
2.0,775.0,480.0,429.0,506.0,486.0,486.0,300.0,129.0,335.0,145.0
2.0,801.0,407.0,429.0,486.0,407.0,407.0,300.0,129.0,285.0,122.0
2.0,880.0,413.0,428.0,407.0,410.0,410.0,300.0,128.0,289.0,124.0
2.0,874.0,397.0,427.0,410.0,394.0,394.0,299.0,128.0,279.0,118.0
2.0,887.0,399.0,426.0,394.0,396.0,396.0,298.0,128.0,279.0,120.0
2.0,882.0,407.0,426.0,396.0,407.0,407.0,298.0,128.0,284.0,123.0
2.0,871.0,454.0,426.0,407.0,454.0,454.0,298.0,128.0,319.0,135.0
2.0,824.0,509.0,429.0,454.0,518.0,518.0,300.0,129.0,355.0,154.0
2.0,769.0,453.0,429.0,518.0,453.0,453.0,300.0,129.0,318.0,135.0
2.0,834.0,394.0,428.0,453.0,391.0,391.0,300.0,128.0,275.0,119.0
2.0,893.0,352.0,426.0,391.0,346.0,346.0,298.0,128.0,248.0,104.0
2.0,932.0,393.0,427.0,346.0,396.0,396.0,299.0,128.0,274.0,119.0
2.0,885.0,454.0,429.0,396.0,460.0,460.0,300.0,129.0,319.0,135.0
2.0,827.0,450.0,430.0,460.0,453.0,453.0,301.0,129.0,316.0,134.0
2.0,837.0,483.0,432.0,453.0,489.0,489.0,302.0,130.0,337.0,146.0
2.0,807.0,461.0,431.0,489.0,458.0,458.0,302.0,129.0,323.0,138.0
2.0,835.0,383.0,431.0,458.0,383.0,383.0,302.0,129.0,267.0,116.0
2.0,910.0,441.0,430.0,383.0,438.0,438.0,301.0,129.0,311.0,130.0
2.0,852.0,435.0,431.0,438.0,438.0,438.0,302.0,129.0,303.0,132.0
2.0,855.0,545.0,434.0,438.0,554.0,554.0,304.0,130.0,381.0,164.0
2.0,748.0,470.0,436.0,554.0,476.0,476.0,305.0,131.0,330.0,140.0
2.0,832.0,503.0,437.0,476.0,506.0,506.0,306.0,131.0,352.0,151.0
2.0,805.0,482.0,439.0,506.0,488.0,488.0,307.0,132.0,337.0,145.0
2.0,829.0,410.0,437.0,488.0,404.0,404.0,306.0,131.0,286.0,124.0
2.0,907.0,411.0,437.0,404.0,411.0,411.0,306.0,131.0,288.0,123.0
2.0,900.0,418.0,437.0,411.0,418.0,418.0,306.0,131.0,294.0,124.0
2.0,893.0,433.0,437.0,418.0,433.0,433.0,306.0,131.0,302.0,131.0
2.0,878.0,480.0,439.0,433.0,486.0,486.0,307.0,132.0,337.0,143.0
2.0,831.0,525.0,440.0,486.0,528.0,528.0,308.0,132.0,366.0,159.0
2.0,792.0,500.0,441.0,528.0,503.0,503.0,309.0,132.0,351.0,149.0
2.0,820.0,458.0,441.0,503.0,458.0,458.0,309.0,132.0,321.0,137.0
2.0,865.0,395.0,440.0,458.0,392.0,392.0,308.0,132.0,276.0,119.0
2.0,928.0,376.0,440.0,392.0,376.0,376.0,308.0,132.0,263.0,113.0
2.0,944.0,503.0,441.0,376.0,506.0,506.0,309.0,132.0,353.0,150.0
2.0,817.0,525.0,444.0,506.0,534.0,534.0,311.0,133.0,366.0,159.0
2.0,798.0,513.0,445.0,534.0,516.0,516.0,312.0,133.0,360.0,153.0
2.0,819.0,500.0,447.0,516.0,506.0,506.0,313.0,134.0,350.0,150.0
2.0,835.0,531.0,448.0,506.0,534.0,534.0,314.0,134.0,372.0,159.0
2.0,810.0,476.0,449.0,534.0,479.0,479.0,314.0,135.0,334.0,142.0
2.0,868.0,392.0,447.0,479.0,386.0,386.0,313.0,134.0,274.0,118.0
2.0,955.0,410.0,447.0,386.0,410.0,410.0,313.0,134.0,287.0,123.0
2.0,931.0,460.0,449.0,410.0,466.0,466.0,314.0,135.0,323.0,137.0
2.0,881.0,477.0,450.0,466.0,480.0,480.0,315.0,135.0,334.0,143.0
2.0,870.0,489.0,450.0,480.0,489.0,489.0,315.0,135.0,341.0,148.0
2.0,861.0,460.0,450.0,489.0,460.0,460.0,315.0,135.0,322.0,138.0
2.0,890.0,433.0,449.0,460.0,430.0,430.0,314.0,135.0,304.0,129.0
2.0,917.0,434.0,450.0,430.0,437.0,437.0,315.0,135.0,304.0,130.0
2.0,913.0,454.0,449.0,437.0,451.0,451.0,314.0,135.0,318.0,136.0
2.0,896.0,519.0,451.0,451.0,525.0,525.0,316.0,135.0,363.0,156.0
2.0,828.0,500.0,453.0,525.0,506.0,506.0,317.0,136.0,351.0,149.0
2.0,853.0,436.0,453.0,506.0,436.0,436.0,317.0,136.0,305.0,131.0
2.0,923.0,462.0,453.0,436.0,462.0,462.0,317.0,136.0,323.0,139.0
2.0,897.0,415.0,451.0,462.0,409.0,409.0,316.0,135.0,290.0,125.0
2.0,944.0,526.0,454.0,409.0,535.0,535.0,318.0,136.0,368.0,158.0
2.0,827.0,512.0,456.0,535.0,518.0,518.0,319.0,137.0,359.0,153.0
2.0,850.0,552.0,459.0,518.0,561.0,561.0,321.0,138.0,386.0,166.0
2.0,816.0,539.0,461.0,561.0,545.0,545.0,323.0,138.0,377.0,162.0
2.0,838.0,469.0,463.0,545.0,475.0,475.0,324.0,139.0,328.0,141.0
2.0,914.0,482.0,463.0,475.0,482.0,482.0,324.0,139.0,338.0,144.0
2.0,907.0,431.0,461.0,482.0,425.0,425.0,323.0,138.0,301.0,130.0
2.0,958.0,453.0,461.0,425.0,453.0,453.0,323.0,138.0,317.0,136.0
2.0,930.0,457.0,463.0,453.0,463.0,463.0,324.0,139.0,321.0,136.0
2.0,926.0,516.0,466.0,463.0,525.0,525.0,326.0,140.0,361.0,155.0
2.0,873.0,576.0,470.0,525.0,588.0,588.0,329.0,141.0,403.0,173.0
2.0,822.0,464.0,470.0,588.0,464.0,464.0,329.0,141.0,325.0,139.0
2.0,946.0,436.0,470.0,464.0,436.0,436.0,329.0,141.0,305.0,131.0
2.0,974.0,483.0,470.0,436.0,483.0,483.0,329.0,141.0,338.0,145.0
2.0,927.0,378.0,468.0,483.0,372.0,372.0,328.0,140.0,264.0,114.0
2.0,1032.0,512.0,470.0,372.0,518.0,518.0,329.0,141.0,360.0,152.0
2.0,892.0,489.0,471.0,518.0,492.0,492.0,330.0,141.0,340.0,149.0
2.0,921.0,518.0,473.0,492.0,524.0,524.0,331.0,142.0,364.0,154.0
2.0,895.0,510.0,473.0,524.0,510.0,510.0,331.0,142.0,357.0,153.0
2.0,909.0,493.0,473.0,510.0,493.0,493.0,331.0,142.0,345.0,148.0
2.0,926.0,418.0,471.0,493.0,412.0,412.0,330.0,141.0,292.0,126.0
2.0,1001.0,461.0,470.0,412.0,458.0,458.0,329.0,141.0,323.0,138.0
2.0,952.0,589.0,474.0,458.0,601.0,601.0,332.0,142.0,412.0,177.0
2.0,821.0,500.0,476.0,601.0,506.0,506.0,333.0,143.0,352.0,148.0
2.0,922.0,560.0,479.0,506.0,569.0,569.0,335.0,144.0,391.0,169.0
2.0,868.0,502.0,480.0,569.0,505.0,505.0,336.0,144.0,352.0,150.0
2.0,935.0,456.0,480.0,505.0,456.0,456.0,336.0,144.0,319.0,137.0
2.0,984.0,392.0,477.0,456.0,383.0,383.0,334.0,143.0,275.0,117.0
2.0,1048.0,478.0,477.0,383.0,478.0,478.0,334.0,143.0,335.0,143.0
2.0,953.0,513.0,477.0,478.0,513.0,513.0,334.0,143.0,358.0,155.0
2.0,918.0,517.0,480.0,513.0,526.0,526.0,336.0,144.0,363.0,154.0
2.0,914.0,515.0,483.0,526.0,524.0,524.0,338.0,145.0,360.0,155.0
2.0,925.0,497.0,483.0,524.0,497.0,497.0,338.0,145.0,348.0,149.0
2.0,952.0,428.0,480.0,497.0,419.0,419.0,336.0,144.0,301.0,127.0
2.0,1021.0,434.0,479.0,419.0,431.0,431.0,335.0,144.0,303.0,131.0
2.0,1006.0,471.0,478.0,431.0,468.0,468.0,335.0,143.0,330.0,141.0
2.0,966.0,505.0,478.0,468.0,505.0,505.0,335.0,143.0,353.0,152.0
2.0,929.0,522.0,479.0,505.0,525.0,525.0,335.0,144.0,366.0,156.0
2.0,912.0,492.0,480.0,525.0,495.0,495.0,336.0,144.0,343.0,149.0
2.0,945.0,574.0,484.0,495.0,586.0,586.0,339.0,145.0,404.0,170.0
2.0,866.0,550.0,486.0,586.0,556.0,556.0,340.0,146.0,384.0,166.0
2.0,902.0,447.0,485.0,556.0,444.0,444.0,340.0,145.0,313.0,134.0
2.0,1011.0,497.0,485.0,444.0,497.0,497.0,340.0,145.0,348.0,149.0
2.0,958.0,516.0,486.0,497.0,519.0,519.0,340.0,146.0,362.0,154.0
2.0,939.0,497.0,487.0,519.0,500.0,500.0,341.0,146.0,347.0,150.0
2.0,961.0,597.0,490.0,500.0,606.0,606.0,343.0,147.0,420.0,177.0
2.0,864.0,522.0,492.0,606.0,528.0,528.0,344.0,148.0,364.0,158.0
2.0,948.0,414.0,490.0,528.0,408.0,408.0,343.0,147.0,290.0,124.0
2.0,1062.0,534.0,490.0,408.0,534.0,534.0,343.0,147.0,375.0,159.0
2.0,936.0,470.0,491.0,534.0,473.0,473.0,344.0,147.0,327.0,143.0
2.0,1000.0,500.0,492.0,473.0,503.0,503.0,344.0,148.0,351.0,149.0
2.0,973.0,543.0,494.0,503.0,549.0,549.0,346.0,148.0,379.0,164.0
2.0,933.0,550.0,494.0,549.0,550.0,550.0,346.0,148.0,386.0,164.0
2.0,932.0,522.0,495.0,550.0,525.0,525.0,347.0,148.0,365.0,157.0
2.0,960.0,508.0,494.0,525.0,505.0,505.0,346.0,148.0,356.0,152.0
2.0,977.0,464.0,493.0,505.0,461.0,461.0,345.0,148.0,326.0,138.0
2.0,1018.0,444.0,493.0,461.0,444.0,444.0,345.0,148.0,310.0,134.0
2.0,1035.0,504.0,493.0,444.0,504.0,504.0,345.0,148.0,354.0,150.0
2.0,975.0,553.0,495.0,504.0,559.0,559.0,347.0,148.0,386.0,167.0
2.0,926.0,566.0,497.0,559.0,572.0,572.0,348.0,149.0,398.0,168.0
2.0,919.0,525.0,498.0,572.0,528.0,528.0,349.0,149.0,366.0,159.0
2.0,966.0,508.0,498.0,528.0,508.0,508.0,349.0,149.0,356.0,152.0
2.0,986.0,471.0,497.0,508.0,468.0,468.0,348.0,149.0,330.0,141.0
2.0,1023.0,545.0,498.0,468.0,548.0,548.0,349.0,149.0,380.0,165.0
2.0,946.0,487.0,499.0,548.0,490.0,490.0,349.0,150.0,342.0,145.0
2.0,1007.0,540.0,500.0,490.0,543.0,543.0,350.0,150.0,379.0,161.0
2.0,957.0,511.0,503.0,543.0,520.0,520.0,352.0,151.0,357.0,154.0
2.0,989.0,564.0,504.0,520.0,567.0,567.0,353.0,151.0,396.0,168.0
2.0,945.0,533.0,504.0,567.0,533.0,533.0,353.0,151.0,372.0,161.0
2.0,979.0,435.0,503.0,533.0,432.0,432.0,352.0,151.0,306.0,129.0
2.0,1077.0,507.0,503.0,432.0,507.0,507.0,352.0,151.0,355.0,152.0
2.0,1002.0,560.0,504.0,507.0,563.0,563.0,353.0,151.0,391.0,169.0
2.0,949.0,602.0,507.0,563.0,611.0,611.0,355.0,152.0,421.0,181.0
2.0,910.0,572.0,510.0,611.0,581.0,581.0,357.0,153.0,401.0,171.0
2.0,949.0,524.0,508.0,581.0,518.0,518.0,356.0,152.0,367.0,157.0
2.0,1006.0,509.0,508.0,518.0,509.0,509.0,356.0,152.0,356.0,153.0
2.0,1015.0,445.0,507.0,509.0,442.0,442.0,355.0,152.0,312.0,133.0
2.0,1079.0,500.0,507.0,442.0,500.0,500.0,355.0,152.0,350.0,150.0
2.0,1021.0,540.0,508.0,500.0,543.0,543.0,356.0,152.0,377.0,163.0
2.0,981.0,568.0,511.0,543.0,577.0,577.0,358.0,153.0,398.0,170.0
2.0,956.0,608.0,514.0,577.0,617.0,617.0,360.0,154.0,427.0,181.0
2.0,925.0,593.0,516.0,617.0,599.0,599.0,361.0,155.0,414.0,179.0
2.0,949.0,570.0,517.0,599.0,573.0,573.0,362.0,155.0,400.0,170.0
2.0,978.0,531.0,517.0,573.0,531.0,531.0,362.0,155.0,372.0,159.0
2.0,1020.0,509.0,517.0,531.0,509.0,509.0,362.0,155.0,357.0,152.0
2.0,1042.0,559.0,520.0,509.0,568.0,568.0,364.0,156.0,390.0,169.0
2.0,992.0,511.0,521.0,568.0,514.0,514.0,365.0,156.0,359.0,152.0
2.0,1049.0,552.0,523.0,514.0,558.0,558.0,366.0,157.0,385.0,167.0
2.0,1011.0,555.0,524.0,558.0,558.0,558.0,367.0,157.0,389.0,166.0
2.0,1014.0,522.0,523.0,558.0,519.0,519.0,366.0,157.0,365.0,157.0
2.0,1050.0,485.0,523.0,519.0,485.0,485.0,366.0,157.0,340.0,145.0
2.0,1084.0,478.0,521.0,485.0,472.0,472.0,365.0,156.0,334.0,144.0
2.0,1091.0,621.0,523.0,472.0,627.0,627.0,366.0,157.0,436.0,185.0
2.0,942.0,573.0,526.0,627.0,582.0,582.0,368.0,158.0,400.0,173.0
2.0,996.0,493.0,525.0,582.0,490.0,490.0,368.0,157.0,345.0,148.0
2.0,1085.0,531.0,526.0,490.0,534.0,534.0,368.0,158.0,372.0,159.0
2.0,1044.0,493.0,526.0,534.0,493.0,493.0,368.0,158.0,345.0,148.0
2.0,1085.0,484.0,523.0,493.0,475.0,475.0,366.0,157.0,340.0,144.0
2.0,1094.0,465.0,523.0,475.0,465.0,465.0,366.0,157.0,325.0,140.0
2.0,1104.0,563.0,525.0,465.0,569.0,569.0,368.0,157.0,394.0,169.0
2.0,1006.0,570.0,526.0,569.0,573.0,573.0,368.0,158.0,400.0,170.0
2.0,1005.0,609.0,528.0,573.0,615.0,615.0,370.0,158.0,425.0,184.0
2.0,969.0,558.0,530.0,615.0,564.0,564.0,371.0,159.0,392.0,166.0
2.0,1026.0,583.0,530.0,564.0,583.0,583.0,371.0,159.0,409.0,174.0
2.0,1007.0,506.0,530.0,583.0,506.0,506.0,371.0,159.0,353.0,153.0
2.0,1084.0,528.0,530.0,506.0,528.0,528.0,371.0,159.0,370.0,158.0
2.0,1062.0,591.0,531.0,528.0,594.0,594.0,372.0,159.0,413.0,178.0
2.0,999.0,595.0,534.0,594.0,604.0,604.0,374.0,160.0,418.0,177.0
2.0,998.0,579.0,536.0,604.0,585.0,585.0,375.0,161.0,405.0,174.0
2.0,1023.0,543.0,537.0,585.0,546.0,546.0,376.0,161.0,380.0,163.0
2.0,1065.0,553.0,537.0,546.0,553.0,553.0,376.0,161.0,387.0,166.0
2.0,1058.0,512.0,536.0,553.0,509.0,509.0,375.0,161.0,358.0,154.0
2.0,1099.0,473.0,535.0,509.0,470.0,470.0,375.0,160.0,330.0,143.0
2.0,1135.0,594.0,537.0,470.0,600.0,600.0,376.0,161.0,417.0,177.0
2.0,1011.0,606.0,540.0,600.0,615.0,615.0,378.0,162.0,424.0,182.0
2.0,1005.0,570.0,540.0,615.0,570.0,570.0,378.0,162.0,399.0,171.0
2.0,1050.0,596.0,541.0,570.0,599.0,599.0,379.0,162.0,417.0,179.0
2.0,1024.0,517.0,541.0,599.0,517.0,517.0,379.0,162.0,361.0,156.0
2.0,1106.0,464.0,540.0,517.0,461.0,461.0,378.0,162.0,327.0,137.0
2.0,1159.0,560.0,540.0,461.0,560.0,560.0,378.0,162.0,392.0,168.0
2.0,1060.0,586.0,541.0,560.0,589.0,589.0,379.0,162.0,409.0,177.0
2.0,1034.0,612.0,544.0,589.0,621.0,621.0,381.0,163.0,428.0,184.0
2.0,1011.0,577.0,546.0,621.0,583.0,583.0,382.0,164.0,405.0,172.0
2.0,1055.0,544.0,546.0,583.0,544.0,544.0,382.0,164.0,380.0,164.0
2.0,1094.0,589.0,546.0,544.0,589.0,589.0,382.0,164.0,412.0,177.0
2.0,1049.0,441.0,543.0,589.0,432.0,432.0,380.0,163.0,310.0,131.0
2.0,1197.0,592.0,544.0,432.0,595.0,595.0,381.0,163.0,413.0,179.0
2.0,1037.0,527.0,544.0,595.0,527.0,527.0,381.0,163.0,369.0,158.0
2.0,1105.0,561.0,547.0,527.0,570.0,570.0,383.0,164.0,394.0,167.0
2.0,1071.0,573.0,548.0,570.0,576.0,576.0,384.0,164.0,400.0,173.0
2.0,1068.0,570.0,549.0,576.0,573.0,573.0,384.0,165.0,400.0,170.0
2.0,1074.0,522.0,548.0,573.0,519.0,519.0,384.0,164.0,365.0,157.0
2.0,1125.0,477.0,546.0,519.0,471.0,471.0,382.0,164.0,335.0,142.0
2.0,1167.0,600.0,546.0,471.0,600.0,600.0,382.0,164.0,420.0,180.0
2.0,1038.0,510.0,544.0,600.0,504.0,504.0,381.0,163.0,356.0,154.0
2.0,1128.0,662.0,547.0,504.0,671.0,671.0,383.0,164.0,463.0,199.0
2.0,970.0,603.0,549.0,671.0,609.0,609.0,384.0,165.0,423.0,180.0
2.0,1038.0,561.0,549.0,609.0,561.0,561.0,384.0,165.0,393.0,168.0
2.0,1086.0,581.0,550.0,561.0,584.0,584.0,385.0,165.0,408.0,173.0
2.0,1066.0,598.0,551.0,584.0,601.0,601.0,386.0,165.0,417.0,181.0
2.0,1052.0,533.0,550.0,601.0,530.0,530.0,385.0,165.0,372.0,161.0
2.0,1120.0,644.0,553.0,530.0,653.0,653.0,387.0,166.0,453.0,191.0
2.0,1006.0,569.0,554.0,653.0,572.0,572.0,388.0,166.0,397.0,172.0
2.0,1090.0,584.0,557.0,572.0,593.0,593.0,390.0,167.0,410.0,174.0
2.0,1078.0,583.0,556.0,593.0,580.0,580.0,389.0,167.0,408.0,175.0
2.0,1088.0,550.0,556.0,580.0,550.0,550.0,389.0,167.0,385.0,165.0
2.0,1118.0,458.0,554.0,550.0,452.0,452.0,388.0,166.0,320.0,138.0
2.0,1210.0,538.0,555.0,452.0,541.0,541.0,389.0,166.0,377.0,161.0
2.0,1124.0,530.0,556.0,541.0,533.0,533.0,389.0,167.0,372.0,158.0
2.0,1135.0,603.0,558.0,533.0,609.0,609.0,391.0,167.0,421.0,182.0
2.0,1065.0,619.0,561.0,609.0,628.0,628.0,393.0,168.0,433.0,186.0
2.0,1055.0,612.0,561.0,628.0,612.0,612.0,393.0,168.0,429.0,183.0
2.0,1071.0,561.0,561.0,612.0,561.0,561.0,393.0,168.0,393.0,168.0
2.0,1122.0,537.0,560.0,561.0,534.0,534.0,392.0,168.0,377.0,160.0
2.0,1146.0,544.0,560.0,534.0,544.0,544.0,392.0,168.0,381.0,163.0
2.0,1136.0,596.0,560.0,544.0,596.0,596.0,392.0,168.0,415.0,181.0
2.0,1084.0,582.0,561.0,596.0,585.0,585.0,393.0,168.0,408.0,174.0
2.0,1098.0,604.0,563.0,585.0,610.0,610.0,394.0,169.0,424.0,180.0
2.0,1079.0,570.0,563.0,610.0,570.0,570.0,394.0,169.0,399.0,171.0
2.0,1119.0,514.0,561.0,570.0,508.0,508.0,393.0,168.0,359.0,155.0
2.0,1175.0,509.0,560.0,508.0,506.0,506.0,392.0,168.0,355.0,154.0
2.0,1174.0,561.0,560.0,506.0,561.0,561.0,392.0,168.0,393.0,168.0
2.0,1119.0,504.0,560.0,561.0,504.0,504.0,392.0,168.0,355.0,149.0
2.0,1176.0,627.0,561.0,504.0,630.0,630.0,393.0,168.0,438.0,189.0
2.0,1053.0,665.0,566.0,630.0,680.0,680.0,396.0,170.0,465.0,200.0
2.0,1018.0,554.0,564.0,680.0,548.0,548.0,395.0,169.0,388.0,166.0
2.0,1144.0,563.0,564.0,548.0,563.0,563.0,395.0,169.0,394.0,169.0
2.0,1129.0,594.0,564.0,563.0,594.0,594.0,395.0,169.0,416.0,178.0
2.0,1098.0,614.0,564.0,594.0,614.0,614.0,395.0,169.0,430.0,184.0
2.0,1078.0,556.0,565.0,614.0,559.0,559.0,396.0,169.0,390.0,166.0
2.0,1136.0,624.0,568.0,559.0,633.0,633.0,398.0,170.0,437.0,187.0
2.0,1071.0,650.0,570.0,633.0,656.0,656.0,399.0,171.0,456.0,194.0
2.0,1054.0,615.0,570.0,656.0,615.0,615.0,399.0,171.0,428.0,187.0
2.0,1095.0,567.0,570.0,615.0,567.0,567.0,399.0,171.0,399.0,168.0
2.0,1143.0,575.0,570.0,567.0,575.0,575.0,399.0,171.0,403.0,172.0
2.0,1135.0,604.0,571.0,575.0,607.0,607.0,400.0,171.0,422.0,182.0
2.0,1106.0,603.0,571.0,607.0,603.0,603.0,400.0,171.0,422.0,181.0
2.0,1110.0,636.0,574.0,603.0,645.0,645.0,402.0,172.0,445.0,191.0
2.0,1077.0,649.0,576.0,645.0,655.0,655.0,403.0,173.0,455.0,194.0
2.0,1073.0,586.0,577.0,655.0,589.0,589.0,404.0,173.0,411.0,175.0
2.0,1142.0,610.0,578.0,589.0,613.0,613.0,405.0,173.0,425.0,185.0
2.0,1121.0,567.0,578.0,613.0,567.0,567.0,405.0,173.0,397.0,170.0
2.0,1167.0,567.0,577.0,567.0,564.0,564.0,404.0,173.0,397.0,170.0
2.0,1167.0,599.0,580.0,564.0,608.0,608.0,406.0,174.0,420.0,179.0
2.0,1132.0,606.0,581.0,608.0,609.0,609.0,407.0,174.0,424.0,182.0
2.0,1134.0,657.0,583.0,609.0,663.0,663.0,408.0,175.0,461.0,196.0
2.0,1086.0,593.0,584.0,663.0,596.0,596.0,409.0,175.0,414.0,179.0
2.0,1156.0,554.0,583.0,596.0,551.0,551.0,408.0,175.0,388.0,166.0
2.0,1198.0,540.0,581.0,551.0,534.0,534.0,407.0,174.0,378.0,162.0
2.0,1209.0,581.0,581.0,534.0,581.0,581.0,407.0,174.0,407.0,174.0
2.0,1162.0,650.0,583.0,581.0,656.0,656.0,408.0,175.0,456.0,194.0
2.0,1093.0,620.0,583.0,656.0,620.0,620.0,408.0,175.0,434.0,186.0
2.0,1129.0,660.0,586.0,620.0,669.0,669.0,410.0,176.0,462.0,198.0
2.0,1089.0,611.0,585.0,669.0,608.0,608.0,410.0,175.0,427.0,184.0
2.0,1147.0,591.0,586.0,608.0,594.0,594.0,410.0,176.0,415.0,176.0
2.0,1164.0,606.0,586.0,594.0,606.0,606.0,410.0,176.0,424.0,182.0
2.0,1152.0,571.0,586.0,606.0,571.0,571.0,410.0,176.0,400.0,171.0
2.0,1187.0,618.0,587.0,571.0,621.0,621.0,411.0,176.0,434.0,184.0
2.0,1140.0,675.0,591.0,621.0,687.0,687.0,414.0,177.0,470.0,205.0
2.0,1086.0,696.0,594.0,687.0,705.0,705.0,416.0,178.0,487.0,209.0
2.0,1077.0,636.0,596.0,705.0,642.0,642.0,417.0,179.0,447.0,189.0
2.0,1146.0,641.0,597.0,642.0,644.0,644.0,418.0,179.0,449.0,192.0
2.0,1147.0,566.0,596.0,644.0,563.0,563.0,417.0,179.0,396.0,170.0
2.0,1225.0,586.0,596.0,563.0,586.0,586.0,417.0,179.0,410.0,176.0
2.0,1202.0,631.0,597.0,586.0,634.0,634.0,418.0,179.0,442.0,189.0
2.0,1157.0,649.0,599.0,634.0,655.0,655.0,419.0,180.0,454.0,195.0
2.0,1142.0,669.0,601.0,655.0,675.0,675.0,421.0,180.0,467.0,202.0
2.0,1128.0,591.0,601.0,675.0,591.0,591.0,421.0,180.0,414.0,177.0
2.0,1212.0,596.0,601.0,591.0,596.0,596.0,421.0,180.0,418.0,178.0
2.0,1207.0,541.0,600.0,596.0,538.0,538.0,420.0,180.0,380.0,161.0
2.0,1262.0,569.0,600.0,538.0,569.0,569.0,420.0,180.0,398.0,171.0
2.0,1231.0,581.0,601.0,569.0,584.0,584.0,421.0,180.0,406.0,175.0
2.0,1219.0,600.0,603.0,584.0,606.0,606.0,422.0,181.0,421.0,179.0
2.0,1203.0,657.0,605.0,606.0,663.0,663.0,424.0,181.0,459.0,198.0
2.0,1152.0,679.0,609.0,663.0,691.0,691.0,426.0,183.0,475.0,204.0
2.0,1136.0,638.0,609.0,691.0,638.0,638.0,426.0,183.0,447.0,191.0
2.0,1189.0,603.0,607.0,638.0,597.0,597.0,425.0,182.0,424.0,179.0
2.0,1224.0,644.0,610.0,597.0,653.0,653.0,427.0,183.0,450.0,194.0
2.0,1177.0,623.0,610.0,653.0,623.0,623.0,427.0,183.0,437.0,186.0
2.0,1207.0,687.0,613.0,623.0,696.0,696.0,429.0,184.0,480.0,207.0
2.0,1143.0,657.0,613.0,696.0,657.0,657.0,429.0,184.0,460.0,197.0
2.0,1182.0,634.0,614.0,657.0,637.0,637.0,430.0,184.0,445.0,189.0
2.0,1205.0,591.0,614.0,637.0,591.0,591.0,430.0,184.0,414.0,177.0
2.0,1251.0,617.0,613.0,591.0,614.0,614.0,429.0,184.0,432.0,185.0
2.0,1225.0,574.0,613.0,614.0,574.0,574.0,429.0,184.0,401.0,173.0
2.0,1265.0,679.0,614.0,574.0,682.0,682.0,430.0,184.0,475.0,204.0
2.0,1160.0,676.0,617.0,682.0,685.0,685.0,432.0,185.0,474.0,202.0
2.0,1166.0,689.0,618.0,685.0,692.0,692.0,433.0,185.0,481.0,208.0
2.0,1162.0,627.0,619.0,692.0,630.0,630.0,433.0,186.0,439.0,188.0
2.0,1227.0,617.0,618.0,630.0,614.0,614.0,433.0,185.0,432.0,185.0
2.0,1240.0,571.0,617.0,614.0,568.0,568.0,432.0,185.0,401.0,170.0
2.0,1283.0,586.0,617.0,568.0,586.0,586.0,432.0,185.0,410.0,176.0
2.0,1265.0,673.0,618.0,586.0,676.0,676.0,433.0,185.0,470.0,203.0
2.0,1178.0,687.0,620.0,676.0,693.0,693.0,434.0,186.0,483.0,204.0
2.0,1167.0,660.0,623.0,693.0,669.0,669.0,436.0,187.0,461.0,199.0
2.0,1200.0,704.0,624.0,669.0,707.0,707.0,437.0,187.0,494.0,210.0
2.0,1165.0,611.0,624.0,707.0,611.0,611.0,437.0,187.0,428.0,183.0
2.0,1261.0,601.0,623.0,611.0,598.0,598.0,436.0,187.0,421.0,180.0
2.0,1271.0,620.0,624.0,598.0,623.0,623.0,437.0,187.0,434.0,186.0
2.0,1249.0,544.0,624.0,623.0,544.0,544.0,437.0,187.0,381.0,163.0
2.0,1328.0,722.0,627.0,544.0,731.0,731.0,439.0,188.0,505.0,217.0
2.0,1150.0,699.0,630.0,731.0,708.0,708.0,441.0,189.0,489.0,210.0
2.0,1182.0,614.0,628.0,708.0,608.0,608.0,440.0,188.0,429.0,185.0
2.0,1276.0,673.0,630.0,608.0,679.0,679.0,441.0,189.0,472.0,201.0
2.0,1211.0,594.0,628.0,679.0,588.0,588.0,440.0,188.0,415.0,179.0
2.0,1296.0,548.0,627.0,588.0,545.0,545.0,439.0,188.0,385.0,163.0
2.0,1336.0,672.0,629.0,545.0,678.0,678.0,440.0,189.0,469.0,203.0
2.0,1209.0,585.0,628.0,678.0,582.0,582.0,440.0,188.0,410.0,175.0
2.0,1302.0,624.0,630.0,582.0,630.0,630.0,441.0,189.0,438.0,186.0
2.0,1260.0,657.0,630.0,630.0,657.0,657.0,441.0,189.0,460.0,197.0
2.0,1233.0,614.0,629.0,657.0,611.0,611.0,440.0,189.0,430.0,184.0
2.0,1276.0,600.0,627.0,611.0,594.0,594.0,439.0,188.0,421.0,179.0
2.0,1287.0,583.0,626.0,594.0,580.0,580.0,438.0,188.0,407.0,176.0
2.0,1298.0,646.0,626.0,580.0,646.0,646.0,438.0,188.0,452.0,194.0
2.0,1232.0,677.0,628.0,646.0,683.0,683.0,440.0,188.0,474.0,203.0
2.0,1201.0,666.0,630.0,683.0,672.0,672.0,441.0,189.0,467.0,199.0
2.0,1218.0,692.0,631.0,672.0,695.0,695.0,442.0,189.0,482.0,210.0
2.0,1198.0,663.0,631.0,695.0,663.0,663.0,442.0,189.0,465.0,198.0
2.0,1230.0,663.0,631.0,663.0,663.0,663.0,442.0,189.0,464.0,199.0
2.0,1230.0,603.0,631.0,663.0,603.0,603.0,442.0,189.0,422.0,181.0
2.0,1290.0,624.0,631.0,603.0,624.0,624.0,442.0,189.0,437.0,187.0
2.0,1269.0,663.0,634.0,624.0,672.0,672.0,444.0,190.0,464.0,199.0
2.0,1230.0,720.0,637.0,672.0,729.0,729.0,446.0,191.0,506.0,214.0
2.0,1182.0,716.0,640.0,729.0,725.0,725.0,448.0,192.0,500.0,216.0
2.0,1195.0,627.0,640.0,725.0,627.0,627.0,448.0,192.0,440.0,187.0
2.0,1293.0,618.0,640.0,627.0,618.0,618.0,448.0,192.0,432.0,186.0
2.0,1302.0,637.0,639.0,618.0,634.0,634.0,447.0,192.0,446.0,191.0
2.0,1283.0,591.0,638.0,634.0,588.0,588.0,447.0,191.0,413.0,178.0
2.0,1326.0,722.0,640.0,588.0,728.0,728.0,448.0,192.0,507.0,215.0
2.0,1192.0,667.0,640.0,728.0,667.0,667.0,448.0,192.0,465.0,202.0
2.0,1253.0,696.0,642.0,667.0,702.0,702.0,449.0,193.0,488.0,208.0
2.0,1224.0,642.0,641.0,702.0,639.0,639.0,449.0,192.0,449.0,193.0
2.0,1284.0,650.0,641.0,639.0,650.0,650.0,449.0,192.0,455.0,195.0
2.0,1273.0,674.0,641.0,650.0,674.0,674.0,449.0,192.0,472.0,202.0
2.0,1249.0,640.0,643.0,674.0,646.0,646.0,450.0,193.0,449.0,191.0
2.0,1283.0,664.0,644.0,646.0,667.0,667.0,451.0,193.0,465.0,199.0
2.0,1265.0,708.0,646.0,667.0,714.0,714.0,452.0,194.0,495.0,213.0
2.0,1224.0,729.0,647.0,714.0,732.0,732.0,453.0,194.0,509.0,220.0
2.0,1209.0,566.0,645.0,732.0,560.0,560.0,452.0,193.0,397.0,169.0
2.0,1375.0,634.0,644.0,560.0,631.0,631.0,451.0,193.0,444.0,190.0
2.0,1301.0,586.0,643.0,631.0,583.0,583.0,450.0,193.0,411.0,175.0
2.0,1346.0,729.0,646.0,583.0,738.0,738.0,452.0,194.0,510.0,219.0
2.0,1200.0,676.0,647.0,738.0,679.0,679.0,453.0,194.0,472.0,204.0
2.0,1262.0,703.0,650.0,679.0,712.0,712.0,455.0,195.0,493.0,210.0
2.0,1238.0,684.0,650.0,712.0,684.0,684.0,455.0,195.0,480.0,204.0
2.0,1266.0,607.0,648.0,684.0,601.0,601.0,454.0,194.0,424.0,183.0
2.0,1343.0,607.0,647.0,601.0,604.0,604.0,453.0,194.0,424.0,183.0
2.0,1337.0,647.0,646.0,604.0,644.0,644.0,452.0,194.0,454.0,193.0
2.0,1294.0,666.0,647.0,644.0,669.0,669.0,453.0,194.0,465.0,201.0
2.0,1272.0,697.0,649.0,669.0,703.0,703.0,454.0,195.0,489.0,208.0
2.0,1244.0,742.0,651.0,703.0,748.0,748.0,456.0,195.0,519.0,223.0
2.0,1205.0,716.0,654.0,748.0,725.0,725.0,458.0,196.0,501.0,215.0
2.0,1237.0,709.0,654.0,725.0,709.0,709.0,458.0,196.0,496.0,213.0
2.0,1253.0,591.0,653.0,709.0,588.0,588.0,457.0,196.0,415.0,176.0
2.0,1371.0,611.0,653.0,588.0,611.0,611.0,457.0,196.0,428.0,183.0
2.0,1348.0,667.0,653.0,611.0,667.0,667.0,457.0,196.0,467.0,200.0
2.0,1292.0,711.0,654.0,667.0,714.0,714.0,458.0,196.0,497.0,214.0
2.0,1248.0,725.0,657.0,714.0,734.0,734.0,460.0,197.0,507.0,218.0
2.0,1237.0,614.0,657.0,734.0,614.0,614.0,460.0,197.0,432.0,182.0
2.0,1357.0,709.0,659.0,614.0,715.0,715.0,461.0,198.0,495.0,214.0
2.0,1262.0,693.0,660.0,715.0,696.0,696.0,462.0,198.0,484.0,209.0
2.0,1284.0,584.0,659.0,696.0,581.0,581.0,461.0,198.0,410.0,174.0
2.0,1396.0,631.0,660.0,581.0,634.0,634.0,462.0,198.0,442.0,189.0
2.0,1346.0,713.0,661.0,634.0,716.0,716.0,463.0,198.0,499.0,214.0
2.0,1267.0,674.0,663.0,716.0,680.0,680.0,464.0,199.0,473.0,201.0
2.0,1309.0,719.0,664.0,680.0,722.0,722.0,465.0,199.0,502.0,217.0
2.0,1270.0,638.0,664.0,722.0,638.0,638.0,465.0,199.0,446.0,192.0
2.0,1354.0,726.0,666.0,638.0,732.0,732.0,466.0,200.0,509.0,217.0
2.0,1266.0,605.0,663.0,732.0,596.0,596.0,464.0,199.0,425.0,180.0
2.0,1393.0,683.0,664.0,596.0,686.0,686.0,465.0,199.0,476.0,207.0
2.0,1306.0,666.0,664.0,686.0,666.0,666.0,465.0,199.0,466.0,200.0
2.0,1326.0,693.0,666.0,666.0,699.0,699.0,466.0,200.0,487.0,206.0
2.0,1299.0,700.0,667.0,699.0,703.0,703.0,467.0,200.0,491.0,209.0
2.0,1298.0,733.0,668.0,703.0,736.0,736.0,468.0,200.0,512.0,221.0
2.0,1268.0,690.0,667.0,736.0,687.0,687.0,467.0,200.0,482.0,208.0
2.0,1314.0,638.0,666.0,687.0,635.0,635.0,466.0,200.0,448.0,190.0
2.0,1363.0,740.0,668.0,635.0,746.0,746.0,468.0,200.0,518.0,222.0
2.0,1258.0,802.0,672.0,746.0,814.0,814.0,470.0,202.0,561.0,241.0
2.0,1202.0,682.0,673.0,814.0,685.0,685.0,471.0,202.0,478.0,204.0
2.0,1334.0,749.0,676.0,685.0,758.0,758.0,473.0,203.0,524.0,225.0
2.0,1270.0,568.0,673.0,758.0,559.0,559.0,471.0,202.0,398.0,170.0
2.0,1460.0,651.0,673.0,559.0,651.0,651.0,471.0,202.0,456.0,195.0
2.0,1368.0,636.0,671.0,651.0,630.0,630.0,470.0,201.0,444.0,192.0
2.0,1383.0,699.0,673.0,630.0,705.0,705.0,471.0,202.0,490.0,209.0
2.0,1314.0,734.0,674.0,705.0,737.0,737.0,472.0,202.0,513.0,221.0
2.0,1285.0,691.0,674.0,737.0,691.0,691.0,472.0,202.0,484.0,207.0
2.0,1331.0,700.0,676.0,691.0,706.0,706.0,473.0,203.0,491.0,209.0
2.0,1322.0,618.0,674.0,706.0,612.0,612.0,472.0,202.0,432.0,186.0
2.0,1410.0,621.0,673.0,612.0,618.0,618.0,471.0,202.0,436.0,185.0
2.0,1401.0,627.0,671.0,618.0,621.0,621.0,470.0,201.0,438.0,189.0
2.0,1392.0,691.0,674.0,621.0,700.0,700.0,472.0,202.0,483.0,208.0
2.0,1322.0,750.0,676.0,700.0,756.0,756.0,473.0,203.0,527.0,223.0
2.0,1272.0,742.0,679.0,756.0,751.0,751.0,475.0,204.0,519.0,223.0
2.0,1286.0,714.0,678.0,751.0,711.0,711.0,475.0,203.0,500.0,214.0
2.0,1323.0,733.0,680.0,711.0,739.0,739.0,476.0,204.0,514.0,219.0
2.0,1301.0,641.0,678.0,739.0,635.0,635.0,475.0,203.0,448.0,193.0
2.0,1399.0,663.0,678.0,635.0,663.0,663.0,475.0,203.0,464.0,199.0
2.0,1371.0,733.0,680.0,663.0,739.0,739.0,476.0,204.0,512.0,221.0
2.0,1301.0,689.0,683.0,739.0,698.0,698.0,478.0,205.0,483.0,206.0
2.0,1351.0,720.0,683.0,698.0,720.0,720.0,478.0,205.0,505.0,215.0
2.0,1329.0,710.0,684.0,720.0,713.0,713.0,479.0,205.0,496.0,214.0
2.0,1339.0,715.0,684.0,713.0,715.0,715.0,479.0,205.0,501.0,214.0
2.0,1337.0,610.0,683.0,715.0,607.0,607.0,478.0,205.0,427.0,183.0
2.0,1442.0,641.0,681.0,607.0,635.0,635.0,477.0,204.0,448.0,193.0
2.0,1408.0,655.0,680.0,635.0,652.0,652.0,476.0,204.0,461.0,194.0
2.0,1388.0,785.0,683.0,652.0,794.0,794.0,478.0,205.0,549.0,236.0
2.0,1255.0,709.0,686.0,794.0,718.0,718.0,480.0,206.0,495.0,214.0
2.0,1340.0,700.0,686.0,718.0,700.0,700.0,480.0,206.0,491.0,209.0
2.0,1358.0,667.0,685.0,700.0,664.0,664.0,480.0,205.0,466.0,201.0
2.0,1391.0,696.0,684.0,664.0,693.0,693.0,479.0,205.0,487.0,209.0
2.0,1359.0,723.0,687.0,693.0,732.0,732.0,481.0,206.0,507.0,216.0
2.0,1329.0,740.0,687.0,732.0,740.0,740.0,481.0,206.0,517.0,223.0
2.0,1321.0,749.0,688.0,740.0,752.0,752.0,482.0,206.0,525.0,224.0
2.0,1312.0,749.0,691.0,752.0,758.0,758.0,484.0,207.0,524.0,225.0
2.0,1315.0,749.0,694.0,758.0,758.0,758.0,486.0,208.0,525.0,224.0
2.0,1324.0,707.0,694.0,758.0,707.0,707.0,486.0,208.0,495.0,212.0
2.0,1375.0,686.0,694.0,707.0,686.0,686.0,486.0,208.0,478.0,208.0
2.0,1396.0,685.0,693.0,686.0,682.0,682.0,485.0,208.0,482.0,203.0
2.0,1397.0,686.0,694.0,682.0,689.0,689.0,486.0,208.0,479.0,207.0
2.0,1393.0,701.0,694.0,689.0,701.0,701.0,486.0,208.0,490.0,211.0
2.0,1381.0,784.0,697.0,701.0,793.0,793.0,488.0,209.0,552.0,232.0
2.0,1298.0,710.0,697.0,793.0,710.0,710.0,488.0,209.0,495.0,215.0
2.0,1381.0,625.0,697.0,710.0,625.0,625.0,488.0,209.0,439.0,186.0
2.0,1466.0,673.0,697.0,625.0,673.0,673.0,488.0,209.0,471.0,202.0
2.0,1418.0,720.0,697.0,673.0,720.0,720.0,488.0,209.0,505.0,215.0
2.0,1371.0,718.0,697.0,720.0,718.0,718.0,488.0,209.0,502.0,216.0
2.0,1373.0,813.0,699.0,718.0,819.0,819.0,489.0,210.0,569.0,244.0
2.0,1278.0,798.0,701.0,819.0,804.0,804.0,491.0,210.0,558.0,240.0
2.0,1299.0,748.0,703.0,804.0,754.0,754.0,492.0,211.0,524.0,224.0
2.0,1355.0,670.0,700.0,754.0,661.0,661.0,490.0,210.0,470.0,200.0
2.0,1439.0,664.0,699.0,661.0,661.0,661.0,489.0,210.0,464.0,200.0
2.0,1436.0,634.0,697.0,661.0,628.0,628.0,488.0,209.0,443.0,191.0
2.0,1463.0,727.0,700.0,628.0,736.0,736.0,490.0,210.0,511.0,216.0
2.0,1364.0,714.0,701.0,736.0,717.0,717.0,491.0,210.0,499.0,215.0
2.0,1386.0,830.0,705.0,717.0,842.0,842.0,494.0,211.0,581.0,249.0
2.0,1273.0,720.0,706.0,842.0,723.0,723.0,494.0,212.0,505.0,215.0
2.0,1395.0,746.0,706.0,723.0,746.0,746.0,494.0,212.0,522.0,224.0
2.0,1372.0,650.0,704.0,746.0,644.0,644.0,493.0,211.0,454.0,196.0
2.0,1468.0,697.0,704.0,644.0,697.0,697.0,493.0,211.0,488.0,209.0
2.0,1415.0,697.0,706.0,697.0,703.0,703.0,494.0,212.0,489.0,208.0
2.0,1415.0,758.0,709.0,703.0,767.0,767.0,496.0,213.0,530.0,228.0
2.0,1360.0,782.0,711.0,767.0,788.0,788.0,498.0,213.0,547.0,235.0
2.0,1345.0,763.0,713.0,788.0,769.0,769.0,499.0,214.0,535.0,228.0
2.0,1370.0,710.0,713.0,769.0,710.0,710.0,499.0,214.0,496.0,214.0
2.0,1429.0,687.0,711.0,710.0,681.0,681.0,498.0,213.0,481.0,206.0
2.0,1452.0,733.0,711.0,681.0,733.0,733.0,498.0,213.0,513.0,220.0
2.0,1400.0,703.0,711.0,733.0,703.0,703.0,498.0,213.0,492.0,211.0
2.0,1430.0,697.0,713.0,703.0,703.0,703.0,499.0,214.0,488.0,209.0
2.0,1436.0,776.0,714.0,703.0,779.0,779.0,500.0,214.0,543.0,233.0
2.0,1363.0,734.0,714.0,779.0,734.0,734.0,500.0,214.0,514.0,220.0
2.0,1408.0,730.0,716.0,734.0,736.0,736.0,501.0,215.0,511.0,219.0
2.0,1412.0,691.0,714.0,736.0,685.0,685.0,500.0,214.0,484.0,207.0
2.0,1457.0,680.0,714.0,685.0,680.0,680.0,500.0,214.0,476.0,204.0
2.0,1462.0,802.0,716.0,680.0,808.0,808.0,501.0,215.0,562.0,240.0
2.0,1340.0,782.0,719.0,808.0,791.0,791.0,503.0,216.0,547.0,235.0
2.0,1366.0,772.0,721.0,791.0,778.0,778.0,505.0,216.0,540.0,232.0
2.0,1385.0,791.0,724.0,778.0,800.0,800.0,507.0,217.0,555.0,236.0
2.0,1372.0,774.0,724.0,800.0,774.0,774.0,507.0,217.0,542.0,232.0
2.0,1398.0,663.0,723.0,774.0,660.0,660.0,506.0,217.0,464.0,199.0
2.0,1509.0,710.0,723.0,660.0,710.0,710.0,506.0,217.0,497.0,213.0
2.0,1459.0,733.0,724.0,710.0,736.0,736.0,507.0,217.0,512.0,221.0
2.0,1436.0,721.0,725.0,736.0,724.0,724.0,508.0,217.0,505.0,216.0
2.0,1451.0,703.0,724.0,724.0,700.0,700.0,507.0,217.0,492.0,211.0
2.0,1472.0,793.0,726.0,700.0,799.0,799.0,508.0,218.0,556.0,237.0
2.0,1379.0,723.0,726.0,799.0,723.0,723.0,508.0,218.0,505.0,218.0
2.0,1455.0,764.0,726.0,723.0,764.0,764.0,508.0,218.0,536.0,228.0
2.0,1414.0,707.0,724.0,764.0,701.0,701.0,507.0,217.0,494.0,213.0
2.0,1471.0,759.0,726.0,701.0,765.0,765.0,508.0,218.0,532.0,227.0
2.0,1413.0,737.0,727.0,765.0,740.0,740.0,509.0,218.0,516.0,221.0
2.0,1441.0,833.0,730.0,740.0,842.0,842.0,511.0,219.0,583.0,250.0
2.0,1348.0,786.0,731.0,842.0,789.0,789.0,512.0,219.0,550.0,236.0
2.0,1404.0,753.0,733.0,789.0,759.0,759.0,513.0,220.0,527.0,226.0
2.0,1440.0,721.0,731.0,759.0,715.0,715.0,512.0,219.0,505.0,216.0
2.0,1478.0,786.0,733.0,715.0,792.0,792.0,513.0,220.0,551.0,235.0
2.0,1407.0,727.0,734.0,792.0,730.0,730.0,514.0,220.0,508.0,219.0
2.0,1472.0,829.0,737.0,730.0,838.0,838.0,516.0,221.0,580.0,249.0
2.0,1373.0,737.0,738.0,838.0,740.0,740.0,517.0,221.0,516.0,221.0
2.0,1474.0,744.0,739.0,740.0,747.0,747.0,517.0,222.0,521.0,223.0
2.0,1470.0,743.0,737.0,747.0,737.0,737.0,516.0,221.0,522.0,221.0
2.0,1474.0,744.0,736.0,737.0,741.0,741.0,515.0,221.0,520.0,224.0
2.0,1467.0,809.0,737.0,741.0,812.0,812.0,516.0,221.0,565.0,244.0
2.0,1399.0,717.0,738.0,812.0,720.0,720.0,517.0,221.0,502.0,215.0
2.0,1494.0,769.0,740.0,720.0,775.0,775.0,518.0,222.0,540.0,229.0
2.0,1445.0,820.0,744.0,775.0,832.0,832.0,521.0,223.0,574.0,246.0
2.0,1400.0,763.0,744.0,832.0,763.0,763.0,521.0,223.0,532.0,231.0
2.0,1469.0,730.0,744.0,763.0,730.0,730.0,521.0,223.0,512.0,218.0
2.0,1502.0,751.0,743.0,730.0,748.0,748.0,520.0,223.0,527.0,224.0
2.0,1481.0,780.0,744.0,748.0,783.0,783.0,521.0,223.0,545.0,235.0
2.0,1449.0,791.0,746.0,783.0,797.0,797.0,522.0,224.0,554.0,237.0
2.0,1441.0,723.0,747.0,797.0,726.0,726.0,523.0,224.0,507.0,216.0
2.0,1515.0,794.0,749.0,726.0,800.0,800.0,524.0,225.0,555.0,239.0
2.0,1447.0,789.0,750.0,800.0,792.0,792.0,525.0,225.0,554.0,235.0
2.0,1458.0,736.0,750.0,792.0,736.0,736.0,525.0,225.0,514.0,222.0
2.0,1514.0,773.0,750.0,736.0,773.0,773.0,525.0,225.0,541.0,232.0
2.0,1477.0,741.0,750.0,773.0,741.0,741.0,525.0,225.0,519.0,222.0
2.0,1509.0,749.0,750.0,741.0,749.0,749.0,525.0,225.0,525.0,224.0
2.0,1501.0,738.0,751.0,749.0,741.0,741.0,526.0,225.0,515.0,223.0
2.0,1512.0,754.0,751.0,741.0,754.0,754.0,526.0,225.0,528.0,226.0
2.0,1499.0,796.0,753.0,754.0,802.0,802.0,527.0,226.0,559.0,237.0
2.0,1457.0,713.0,754.0,802.0,716.0,716.0,528.0,226.0,499.0,214.0
2.0,1546.0,764.0,753.0,716.0,761.0,761.0,527.0,226.0,535.0,229.0
2.0,1498.0,713.0,753.0,761.0,713.0,713.0,527.0,226.0,499.0,214.0
2.0,1546.0,830.0,754.0,713.0,833.0,833.0,528.0,226.0,580.0,250.0
2.0,1429.0,771.0,757.0,833.0,780.0,780.0,530.0,227.0,541.0,230.0
2.0,1491.0,779.0,758.0,780.0,782.0,782.0,531.0,227.0,544.0,235.0
2.0,1492.0,744.0,757.0,782.0,741.0,741.0,530.0,227.0,522.0,222.0
2.0,1530.0,706.0,756.0,741.0,703.0,703.0,529.0,227.0,494.0,212.0
2.0,1565.0,727.0,754.0,703.0,721.0,721.0,528.0,226.0,508.0,219.0
2.0,1541.0,708.0,753.0,721.0,705.0,705.0,527.0,226.0,497.0,211.0
2.0,1554.0,721.0,753.0,705.0,721.0,721.0,527.0,226.0,504.0,217.0
2.0,1538.0,779.0,754.0,721.0,782.0,782.0,528.0,226.0,545.0,234.0
2.0,1480.0,851.0,757.0,782.0,860.0,860.0,530.0,227.0,598.0,253.0
2.0,1411.0,792.0,758.0,860.0,795.0,795.0,531.0,227.0,553.0,239.0
2.0,1479.0,695.0,758.0,795.0,695.0,695.0,531.0,227.0,486.0,209.0
2.0,1579.0,779.0,760.0,695.0,785.0,785.0,532.0,228.0,546.0,233.0
2.0,1495.0,761.0,759.0,785.0,758.0,758.0,531.0,228.0,533.0,228.0
2.0,1519.0,771.0,760.0,758.0,774.0,774.0,532.0,228.0,540.0,231.0
2.0,1506.0,767.0,760.0,774.0,767.0,767.0,532.0,228.0,537.0,230.0
2.0,1513.0,809.0,761.0,767.0,812.0,812.0,533.0,228.0,566.0,243.0
2.0,1471.0,783.0,763.0,812.0,789.0,789.0,534.0,229.0,548.0,235.0
2.0,1500.0,783.0,763.0,789.0,783.0,783.0,534.0,229.0,549.0,234.0
2.0,1506.0,651.0,760.0,783.0,642.0,642.0,532.0,228.0,455.0,196.0
2.0,1638.0,875.0,761.0,642.0,878.0,878.0,533.0,228.0,612.0,263.0
2.0,1405.0,767.0,761.0,878.0,767.0,767.0,533.0,228.0,537.0,230.0
2.0,1516.0,837.0,764.0,767.0,846.0,846.0,535.0,229.0,587.0,250.0
2.0,1446.0,866.0,766.0,846.0,872.0,872.0,536.0,230.0,605.0,261.0
2.0,1426.0,711.0,764.0,872.0,705.0,705.0,535.0,229.0,498.0,213.0
2.0,1587.0,751.0,763.0,705.0,748.0,748.0,534.0,229.0,527.0,224.0
2.0,1541.0,769.0,764.0,748.0,772.0,772.0,535.0,229.0,537.0,232.0
2.0,1520.0,741.0,764.0,772.0,741.0,741.0,535.0,229.0,519.0,222.0
2.0,1551.0,733.0,764.0,741.0,733.0,733.0,535.0,229.0,513.0,220.0
2.0,1559.0,750.0,764.0,733.0,750.0,750.0,535.0,229.0,525.0,225.0
2.0,1542.0,801.0,764.0,750.0,801.0,801.0,535.0,229.0,561.0,240.0
2.0,1491.0,844.0,766.0,801.0,850.0,850.0,536.0,230.0,592.0,252.0
2.0,1448.0,717.0,765.0,850.0,714.0,714.0,536.0,229.0,502.0,215.0
2.0,1581.0,743.0,764.0,714.0,740.0,740.0,535.0,229.0,519.0,224.0
2.0,1552.0,763.0,764.0,740.0,763.0,763.0,535.0,229.0,534.0,229.0
2.0,1529.0,757.0,764.0,763.0,757.0,757.0,535.0,229.0,530.0,227.0
2.0,1535.0,813.0,766.0,757.0,819.0,819.0,536.0,230.0,570.0,243.0
2.0,1479.0,773.0,765.0,819.0,770.0,770.0,536.0,229.0,541.0,232.0
2.0,1525.0,744.0,764.0,770.0,741.0,741.0,535.0,229.0,520.0,224.0
2.0,1551.0,838.0,767.0,741.0,847.0,847.0,537.0,230.0,586.0,252.0
2.0,1454.0,803.0,767.0,847.0,803.0,803.0,537.0,230.0,562.0,241.0
2.0,1498.0,755.0,766.0,803.0,752.0,752.0,536.0,230.0,531.0,224.0
2.0,1546.0,817.0,767.0,752.0,820.0,820.0,537.0,230.0,571.0,246.0
2.0,1481.0,836.0,769.0,820.0,842.0,842.0,538.0,231.0,585.0,251.0
2.0,1465.0,857.0,771.0,842.0,863.0,863.0,540.0,231.0,600.0,257.0
2.0,1450.0,856.0,773.0,863.0,862.0,862.0,541.0,232.0,600.0,256.0
2.0,1457.0,771.0,774.0,862.0,774.0,774.0,542.0,232.0,539.0,232.0
2.0,1548.0,803.0,774.0,774.0,803.0,803.0,542.0,232.0,562.0,241.0
2.0,1519.0,816.0,775.0,803.0,819.0,819.0,543.0,232.0,572.0,244.0
2.0,1506.0,751.0,776.0,819.0,754.0,754.0,543.0,233.0,526.0,225.0
2.0,1574.0,849.0,777.0,754.0,852.0,852.0,544.0,233.0,593.0,256.0
2.0,1479.0,893.0,781.0,852.0,905.0,905.0,547.0,234.0,626.0,267.0
2.0,1438.0,800.0,780.0,905.0,797.0,797.0,546.0,234.0,559.0,241.0
2.0,1543.0,817.0,781.0,797.0,820.0,820.0,547.0,234.0,573.0,244.0
2.0,1523.0,797.0,781.0,820.0,797.0,797.0,547.0,234.0,558.0,239.0
2.0,1546.0,747.0,781.0,797.0,747.0,747.0,547.0,234.0,523.0,224.0
2.0,1596.0,867.0,784.0,747.0,876.0,876.0,549.0,235.0,607.0,260.0
2.0,1476.0,726.0,784.0,876.0,726.0,726.0,549.0,235.0,508.0,218.0
2.0,1626.0,836.0,787.0,726.0,845.0,845.0,551.0,236.0,587.0,249.0
2.0,1516.0,870.0,790.0,845.0,879.0,879.0,553.0,237.0,609.0,261.0
2.0,1491.0,731.0,789.0,879.0,728.0,728.0,552.0,237.0,511.0,220.0
2.0,1639.0,751.0,787.0,728.0,745.0,745.0,551.0,236.0,525.0,226.0
2.0,1616.0,771.0,787.0,745.0,771.0,771.0,551.0,236.0,542.0,229.0
2.0,1590.0,769.0,788.0,771.0,772.0,772.0,552.0,236.0,537.0,232.0
2.0,1592.0,867.0,790.0,772.0,873.0,873.0,553.0,237.0,608.0,259.0
2.0,1497.0,816.0,791.0,873.0,819.0,819.0,554.0,237.0,569.0,247.0
2.0,1554.0,806.0,791.0,819.0,806.0,806.0,554.0,237.0,565.0,241.0
2.0,1567.0,870.0,794.0,806.0,879.0,879.0,556.0,238.0,610.0,260.0
2.0,1503.0,750.0,793.0,879.0,747.0,747.0,555.0,238.0,525.0,225.0
2.0,1632.0,755.0,792.0,747.0,752.0,752.0,554.0,238.0,528.0,227.0
2.0,1624.0,826.0,793.0,752.0,829.0,829.0,555.0,238.0,579.0,247.0
2.0,1550.0,938.0,798.0,829.0,953.0,953.0,559.0,239.0,655.0,283.0
2.0,1441.0,839.0,797.0,953.0,836.0,836.0,558.0,239.0,587.0,252.0
2.0,1555.0,853.0,800.0,836.0,862.0,862.0,560.0,240.0,598.0,255.0
2.0,1538.0,811.0,799.0,862.0,808.0,808.0,559.0,240.0,568.0,243.0
2.0,1589.0,793.0,797.0,808.0,787.0,787.0,558.0,239.0,554.0,239.0
2.0,1604.0,810.0,800.0,787.0,819.0,819.0,560.0,240.0,568.0,242.0
2.0,1581.0,836.0,801.0,819.0,839.0,839.0,561.0,240.0,584.0,252.0
2.0,1564.0,851.0,803.0,839.0,857.0,857.0,562.0,241.0,597.0,254.0
2.0,1552.0,819.0,804.0,857.0,822.0,822.0,563.0,241.0,574.0,245.0
2.0,1590.0,862.0,807.0,822.0,871.0,871.0,565.0,242.0,603.0,259.0
2.0,1550.0,737.0,806.0,871.0,734.0,734.0,564.0,242.0,516.0,221.0
2.0,1684.0,791.0,806.0,734.0,791.0,791.0,564.0,242.0,554.0,237.0
2.0,1627.0,791.0,805.0,791.0,788.0,788.0,564.0,241.0,553.0,238.0
2.0,1627.0,804.0,807.0,788.0,810.0,810.0,565.0,242.0,564.0,240.0
2.0,1611.0,893.0,810.0,810.0,902.0,902.0,567.0,243.0,625.0,268.0
2.0,1528.0,855.0,811.0,902.0,858.0,858.0,568.0,243.0,597.0,258.0
2.0,1575.0,826.0,813.0,858.0,832.0,832.0,569.0,244.0,579.0,247.0
2.0,1607.0,839.0,813.0,832.0,839.0,839.0,569.0,244.0,587.0,252.0
2.0,1600.0,776.0,813.0,839.0,776.0,776.0,569.0,244.0,543.0,233.0
2.0,1663.0,787.0,814.0,776.0,790.0,790.0,570.0,244.0,552.0,235.0
2.0,1652.0,771.0,813.0,790.0,768.0,768.0,569.0,244.0,539.0,232.0
2.0,1671.0,860.0,814.0,768.0,863.0,863.0,570.0,244.0,603.0,257.0
2.0,1579.0,875.0,816.0,863.0,881.0,881.0,571.0,245.0,611.0,264.0
2.0,1567.0,857.0,817.0,881.0,860.0,860.0,572.0,245.0,601.0,256.0
2.0,1591.0,814.0,817.0,860.0,814.0,814.0,572.0,245.0,570.0,244.0
2.0,1637.0,804.0,816.0,814.0,801.0,801.0,571.0,245.0,562.0,242.0
2.0,1647.0,768.0,814.0,801.0,762.0,762.0,570.0,244.0,539.0,229.0
2.0,1680.0,849.0,816.0,762.0,855.0,855.0,571.0,245.0,593.0,256.0
2.0,1593.0,851.0,816.0,855.0,851.0,851.0,571.0,245.0,597.0,254.0
2.0,1597.0,879.0,817.0,851.0,882.0,882.0,572.0,245.0,616.0,263.0
2.0,1569.0,840.0,819.0,882.0,846.0,846.0,573.0,246.0,587.0,253.0
2.0,1611.0,888.0,820.0,846.0,891.0,891.0,574.0,246.0,622.0,266.0
2.0,1569.0,834.0,819.0,891.0,831.0,831.0,573.0,246.0,584.0,250.0
2.0,1626.0,768.0,818.0,831.0,765.0,765.0,573.0,245.0,537.0,231.0
2.0,1689.0,857.0,819.0,765.0,860.0,860.0,573.0,246.0,601.0,256.0
2.0,1597.0,841.0,820.0,860.0,844.0,844.0,574.0,246.0,589.0,252.0
2.0,1616.0,892.0,823.0,844.0,901.0,901.0,576.0,247.0,624.0,268.0
2.0,1568.0,848.0,823.0,901.0,848.0,848.0,576.0,247.0,594.0,254.0
2.0,1621.0,791.0,823.0,848.0,791.0,791.0,576.0,247.0,555.0,236.0
2.0,1678.0,839.0,823.0,791.0,839.0,839.0,576.0,247.0,587.0,252.0
2.0,1630.0,773.0,821.0,839.0,767.0,767.0,575.0,246.0,540.0,233.0
2.0,1696.0,776.0,823.0,767.0,782.0,782.0,576.0,247.0,543.0,233.0
2.0,1687.0,893.0,825.0,782.0,899.0,899.0,578.0,247.0,625.0,268.0
2.0,1576.0,924.0,828.0,899.0,933.0,933.0,580.0,248.0,647.0,277.0
2.0,1551.0,850.0,830.0,933.0,856.0,856.0,581.0,249.0,596.0,254.0
2.0,1634.0,870.0,830.0,856.0,870.0,870.0,581.0,249.0,609.0,261.0
2.0,1620.0,803.0,830.0,870.0,803.0,803.0,581.0,249.0,562.0,241.0
2.0,1687.0,850.0,830.0,803.0,850.0,850.0,581.0,249.0,596.0,254.0
2.0,1640.0,860.0,830.0,850.0,860.0,860.0,581.0,249.0,602.0,258.0
2.0,1630.0,832.0,831.0,860.0,835.0,835.0,582.0,249.0,581.0,251.0
2.0,1658.0,925.0,835.0,835.0,937.0,937.0,585.0,250.0,647.0,278.0
2.0,1568.0,858.0,836.0,937.0,861.0,861.0,585.0,251.0,601.0,257.0
2.0,1647.0,832.0,834.0,861.0,826.0,826.0,584.0,250.0,584.0,248.0
2.0,1676.0,913.0,835.0,826.0,916.0,916.0,585.0,250.0,638.0,275.0
2.0,1589.0,853.0,835.0,916.0,853.0,853.0,585.0,250.0,597.0,256.0
2.0,1652.0,823.0,835.0,853.0,823.0,823.0,585.0,250.0,576.0,247.0
2.0,1682.0,823.0,836.0,823.0,826.0,826.0,585.0,251.0,577.0,246.0
2.0,1682.0,983.0,839.0,826.0,992.0,992.0,587.0,252.0,688.0,295.0
2.0,1525.0,883.0,840.0,992.0,886.0,886.0,588.0,252.0,619.0,264.0
2.0,1634.0,827.0,840.0,886.0,827.0,827.0,588.0,252.0,578.0,249.0
2.0,1693.0,801.0,840.0,827.0,801.0,801.0,588.0,252.0,561.0,240.0
2.0,1719.0,860.0,840.0,801.0,860.0,860.0,588.0,252.0,602.0,258.0
2.0,1660.0,839.0,841.0,860.0,842.0,842.0,589.0,252.0,586.0,253.0
2.0,1681.0,886.0,843.0,842.0,892.0,892.0,590.0,253.0,622.0,264.0
2.0,1637.0,895.0,845.0,892.0,901.0,901.0,592.0,253.0,625.0,270.0
2.0,1634.0,841.0,846.0,901.0,844.0,844.0,592.0,254.0,589.0,252.0
2.0,1694.0,791.0,844.0,844.0,785.0,785.0,591.0,253.0,555.0,236.0
2.0,1747.0,866.0,844.0,785.0,866.0,866.0,591.0,253.0,604.0,262.0
2.0,1666.0,813.0,844.0,866.0,813.0,813.0,591.0,253.0,571.0,242.0
2.0,1719.0,874.0,844.0,813.0,874.0,874.0,591.0,253.0,611.0,263.0
2.0,1658.0,934.0,847.0,874.0,943.0,943.0,593.0,254.0,654.0,280.0
2.0,1598.0,992.0,851.0,943.0,1004.0,1004.0,596.0,255.0,694.0,298.0
2.0,1549.0,877.0,853.0,1004.0,883.0,883.0,597.0,256.0,616.0,261.0
2.0,1676.0,870.0,854.0,883.0,873.0,873.0,598.0,256.0,609.0,261.0
2.0,1689.0,790.0,851.0,873.0,781.0,781.0,596.0,255.0,552.0,238.0
2.0,1772.0,864.0,853.0,781.0,870.0,870.0,597.0,256.0,605.0,259.0
2.0,1689.0,864.0,853.0,870.0,864.0,864.0,597.0,256.0,606.0,258.0
2.0,1695.0,844.0,854.0,864.0,847.0,847.0,598.0,256.0,591.0,253.0
2.0,1715.0,973.0,858.0,847.0,985.0,985.0,601.0,257.0,682.0,291.0
2.0,1589.0,847.0,858.0,985.0,847.0,847.0,601.0,257.0,593.0,254.0
2.0,1727.0,883.0,858.0,847.0,883.0,883.0,601.0,257.0,616.0,267.0
2.0,1691.0,807.0,857.0,883.0,804.0,804.0,600.0,257.0,566.0,241.0
2.0,1767.0,879.0,857.0,804.0,879.0,879.0,600.0,257.0,614.0,265.0
2.0,1692.0,852.0,857.0,879.0,852.0,852.0,600.0,257.0,598.0,254.0
2.0,1719.0,847.0,857.0,852.0,847.0,847.0,600.0,257.0,594.0,253.0
2.0,1724.0,884.0,860.0,847.0,893.0,893.0,602.0,258.0,618.0,266.0
2.0,1687.0,906.0,860.0,893.0,906.0,906.0,602.0,258.0,635.0,271.0
2.0,1674.0,847.0,860.0,906.0,847.0,847.0,602.0,258.0,593.0,254.0
2.0,1733.0,786.0,858.0,847.0,780.0,780.0,601.0,257.0,549.0,237.0
2.0,1794.0,848.0,858.0,780.0,848.0,848.0,601.0,257.0,594.0,254.0
2.0,1726.0,833.0,860.0,848.0,839.0,839.0,602.0,258.0,583.0,250.0
2.0,1741.0,956.0,861.0,839.0,959.0,959.0,603.0,258.0,669.0,287.0
2.0,1624.0,844.0,863.0,959.0,850.0,850.0,604.0,259.0,591.0,253.0
2.0,1739.0,965.0,867.0,850.0,977.0,977.0,607.0,260.0,676.0,289.0
2.0,1624.0,794.0,864.0,977.0,785.0,785.0,605.0,259.0,555.0,239.0
2.0,1807.0,838.0,863.0,785.0,835.0,835.0,604.0,259.0,588.0,250.0
2.0,1754.0,785.0,861.0,835.0,779.0,779.0,603.0,258.0,549.0,236.0
2.0,1804.0,899.0,863.0,779.0,905.0,905.0,604.0,259.0,629.0,270.0
2.0,1684.0,906.0,864.0,905.0,909.0,909.0,605.0,259.0,634.0,272.0
2.0,1683.0,988.0,867.0,909.0,997.0,997.0,607.0,260.0,693.0,295.0
2.0,1604.0,870.0,867.0,997.0,870.0,870.0,607.0,260.0,610.0,260.0
2.0,1731.0,880.0,868.0,870.0,883.0,883.0,608.0,260.0,614.0,266.0
2.0,1721.0,842.0,867.0,883.0,839.0,839.0,607.0,260.0,591.0,251.0
2.0,1762.0,843.0,866.0,839.0,840.0,840.0,606.0,260.0,590.0,253.0
2.0,1758.0,899.0,867.0,840.0,902.0,902.0,607.0,260.0,628.0,271.0
2.0,1699.0,943.0,868.0,902.0,946.0,946.0,608.0,260.0,660.0,283.0
2.0,1658.0,896.0,869.0,946.0,899.0,899.0,608.0,261.0,628.0,268.0
2.0,1708.0,957.0,871.0,899.0,963.0,963.0,610.0,261.0,670.0,287.0
2.0,1650.0,826.0,871.0,963.0,826.0,826.0,610.0,261.0,578.0,248.0
2.0,1787.0,891.0,870.0,826.0,888.0,888.0,609.0,261.0,625.0,266.0
2.0,1722.0,873.0,870.0,888.0,873.0,873.0,609.0,261.0,611.0,262.0
2.0,1737.0,881.0,870.0,873.0,881.0,881.0,609.0,261.0,615.0,266.0
2.0,1729.0,972.0,874.0,881.0,984.0,984.0,612.0,262.0,682.0,290.0
2.0,1638.0,905.0,874.0,984.0,905.0,905.0,612.0,262.0,632.0,273.0
2.0,1717.0,891.0,876.0,905.0,897.0,897.0,613.0,263.0,625.0,266.0
2.0,1731.0,840.0,874.0,897.0,834.0,834.0,612.0,262.0,587.0,253.0
2.0,1788.0,822.0,874.0,834.0,822.0,822.0,612.0,262.0,577.0,245.0
2.0,1800.0,883.0,874.0,822.0,883.0,883.0,612.0,262.0,617.0,266.0
2.0,1739.0,902.0,877.0,883.0,911.0,911.0,614.0,263.0,632.0,270.0
2.0,1720.0,930.0,877.0,911.0,930.0,930.0,614.0,263.0,650.0,280.0
2.0,1701.0,944.0,880.0,930.0,953.0,953.0,616.0,264.0,663.0,281.0
2.0,1687.0,896.0,880.0,953.0,896.0,896.0,616.0,264.0,627.0,269.0
2.0,1744.0,830.0,878.0,896.0,824.0,824.0,615.0,263.0,580.0,250.0
2.0,1810.0,885.0,877.0,824.0,882.0,882.0,614.0,263.0,621.0,264.0
2.0,1749.0,884.0,877.0,882.0,884.0,884.0,614.0,263.0,619.0,265.0
2.0,1747.0,864.0,877.0,884.0,864.0,864.0,614.0,263.0,605.0,259.0
2.0,1767.0,934.0,880.0,864.0,943.0,943.0,616.0,264.0,653.0,281.0
2.0,1697.0,993.0,881.0,943.0,996.0,996.0,617.0,264.0,695.0,298.0
2.0,1647.0,860.0,881.0,996.0,860.0,860.0,617.0,264.0,602.0,258.0
2.0,1783.0,884.0,883.0,860.0,890.0,890.0,618.0,265.0,620.0,264.0
2.0,1759.0,855.0,880.0,890.0,846.0,846.0,616.0,264.0,597.0,258.0
2.0,1794.0,827.0,880.0,846.0,827.0,827.0,616.0,264.0,581.0,246.0
2.0,1813.0,903.0,880.0,827.0,903.0,903.0,616.0,264.0,630.0,273.0
2.0,1737.0,891.0,881.0,903.0,894.0,894.0,617.0,264.0,625.0,266.0
2.0,1749.0,980.0,884.0,894.0,989.0,989.0,619.0,265.0,686.0,294.0
2.0,1663.0,908.0,884.0,989.0,908.0,908.0,619.0,265.0,636.0,272.0
2.0,1744.0,879.0,886.0,908.0,885.0,885.0,620.0,266.0,616.0,263.0
2.0,1773.0,890.0,886.0,885.0,890.0,890.0,620.0,266.0,623.0,267.0
2.0,1768.0,876.0,885.0,890.0,873.0,873.0,620.0,265.0,613.0,263.0
2.0,1782.0,910.0,886.0,873.0,913.0,913.0,620.0,266.0,637.0,273.0
2.0,1745.0,975.0,890.0,913.0,987.0,987.0,623.0,267.0,683.0,292.0
2.0,1683.0,920.0,891.0,987.0,923.0,923.0,624.0,267.0,643.0,277.0
2.0,1750.0,893.0,893.0,923.0,899.0,899.0,625.0,268.0,625.0,268.0
2.0,1780.0,856.0,890.0,899.0,847.0,847.0,623.0,267.0,598.0,258.0
2.0,1823.0,880.0,891.0,847.0,883.0,883.0,624.0,267.0,617.0,263.0
2.0,1790.0,868.0,890.0,883.0,865.0,865.0,623.0,267.0,609.0,259.0
2.0,1805.0,910.0,891.0,865.0,913.0,913.0,624.0,267.0,636.0,274.0
2.0,1760.0,982.0,894.0,913.0,991.0,991.0,626.0,268.0,687.0,295.0
2.0,1691.0,880.0,896.0,991.0,886.0,886.0,627.0,269.0,617.0,263.0
2.0,1802.0,973.0,897.0,886.0,976.0,976.0,628.0,269.0,680.0,293.0
2.0,1715.0,917.0,897.0,976.0,917.0,917.0,628.0,269.0,642.0,275.0
2.0,1774.0,912.0,896.0,917.0,909.0,909.0,627.0,269.0,640.0,272.0
2.0,1779.0,864.0,896.0,909.0,864.0,864.0,627.0,269.0,605.0,259.0
2.0,1824.0,956.0,897.0,864.0,959.0,959.0,628.0,269.0,668.0,288.0
2.0,1732.0,966.0,900.0,959.0,975.0,975.0,630.0,270.0,678.0,288.0
2.0,1725.0,977.0,903.0,975.0,986.0,986.0,632.0,271.0,683.0,294.0
2.0,1723.0,1010.0,904.0,986.0,1013.0,1013.0,633.0,271.0,707.0,303.0
2.0,1699.0,940.0,904.0,1013.0,940.0,940.0,633.0,271.0,658.0,282.0
2.0,1772.0,908.0,905.0,940.0,911.0,911.0,634.0,271.0,636.0,272.0
2.0,1804.0,892.0,904.0,911.0,889.0,889.0,633.0,271.0,626.0,266.0
2.0,1823.0,902.0,905.0,889.0,905.0,905.0,634.0,271.0,630.0,272.0
2.0,1810.0,926.0,906.0,905.0,929.0,929.0,634.0,272.0,649.0,277.0
2.0,1789.0,979.0,908.0,929.0,985.0,985.0,636.0,272.0,684.0,295.0
2.0,1739.0,983.0,910.0,985.0,989.0,989.0,637.0,273.0,689.0,294.0
2.0,1741.0,918.0,909.0,989.0,915.0,915.0,636.0,273.0,643.0,275.0
2.0,1812.0,893.0,908.0,915.0,890.0,890.0,636.0,272.0,625.0,268.0
2.0,1834.0,923.0,909.0,890.0,926.0,926.0,636.0,273.0,646.0,277.0
2.0,1801.0,913.0,910.0,926.0,916.0,916.0,637.0,273.0,640.0,273.0
2.0,1814.0,952.0,913.0,916.0,961.0,961.0,639.0,274.0,666.0,286.0
2.0,1778.0,969.0,914.0,961.0,972.0,972.0,640.0,274.0,677.0,292.0
2.0,1770.0,926.0,915.0,972.0,929.0,929.0,641.0,274.0,648.0,278.0
2.0,1816.0,908.0,914.0,929.0,905.0,905.0,640.0,274.0,636.0,272.0
2.0,1837.0,874.0,913.0,905.0,871.0,871.0,639.0,274.0,613.0,261.0
2.0,1868.0,920.0,914.0,871.0,923.0,923.0,640.0,274.0,644.0,276.0
2.0,1819.0,957.0,916.0,923.0,963.0,963.0,641.0,275.0,670.0,287.0
2.0,1785.0,967.0,918.0,963.0,973.0,973.0,643.0,275.0,676.0,291.0
2.0,1781.0,1049.0,921.0,973.0,1058.0,1058.0,645.0,276.0,736.0,313.0
2.0,1705.0,879.0,921.0,1058.0,879.0,879.0,645.0,276.0,613.0,266.0
2.0,1884.0,890.0,920.0,879.0,887.0,887.0,644.0,276.0,625.0,265.0
2.0,1873.0,901.0,919.0,887.0,898.0,898.0,643.0,276.0,630.0,271.0
2.0,1859.0,904.0,920.0,898.0,907.0,907.0,644.0,276.0,633.0,271.0
2.0,1853.0,998.0,921.0,907.0,1001.0,1001.0,645.0,276.0,698.0,300.0
2.0,1762.0,927.0,923.0,1001.0,933.0,933.0,646.0,277.0,650.0,277.0
2.0,1836.0,957.0,926.0,933.0,966.0,966.0,648.0,278.0,669.0,288.0
2.0,1812.0,937.0,926.0,966.0,937.0,937.0,648.0,278.0,657.0,280.0
2.0,1841.0,997.0,928.0,937.0,1003.0,1003.0,650.0,278.0,697.0,300.0
2.0,1781.0,880.0,927.0,1003.0,877.0,877.0,649.0,278.0,617.0,263.0
2.0,1904.0,941.0,927.0,877.0,941.0,941.0,649.0,278.0,659.0,282.0
2.0,1840.0,984.0,929.0,941.0,990.0,990.0,650.0,279.0,689.0,295.0
2.0,1797.0,976.0,931.0,990.0,982.0,982.0,652.0,279.0,684.0,292.0
2.0,1811.0,965.0,933.0,982.0,971.0,971.0,653.0,280.0,674.0,291.0
2.0,1828.0,999.0,934.0,971.0,1002.0,1002.0,654.0,280.0,700.0,299.0
2.0,1800.0,858.0,932.0,1002.0,852.0,852.0,652.0,280.0,600.0,258.0
2.0,1944.0,905.0,931.0,852.0,902.0,902.0,652.0,279.0,634.0,271.0
2.0,1891.0,908.0,931.0,902.0,908.0,908.0,652.0,279.0,636.0,272.0
2.0,1885.0,956.0,934.0,908.0,965.0,965.0,654.0,280.0,670.0,286.0
2.0,1837.0,936.0,934.0,965.0,936.0,936.0,654.0,280.0,654.0,282.0
2.0,1866.0,925.0,936.0,936.0,931.0,931.0,655.0,281.0,648.0,277.0
2.0,1877.0,942.0,937.0,931.0,945.0,945.0,656.0,281.0,660.0,282.0
2.0,1866.0,961.0,936.0,945.0,958.0,958.0,655.0,281.0,673.0,288.0
2.0,1850.0,970.0,938.0,958.0,976.0,976.0,657.0,281.0,678.0,292.0
2.0,1838.0,885.0,936.0,976.0,879.0,879.0,655.0,281.0,621.0,264.0
2.0,1929.0,970.0,937.0,879.0,973.0,973.0,656.0,281.0,680.0,290.0
2.0,1838.0,1015.0,940.0,973.0,1024.0,1024.0,658.0,282.0,709.0,306.0
2.0,1796.0,1000.0,941.0,1024.0,1003.0,1003.0,659.0,282.0,700.0,300.0
2.0,1820.0,931.0,941.0,1003.0,931.0,931.0,659.0,282.0,651.0,280.0
2.0,1892.0,957.0,941.0,931.0,957.0,957.0,659.0,282.0,670.0,287.0
2.0,1866.0,879.0,940.0,957.0,876.0,876.0,658.0,282.0,617.0,262.0
2.0,1944.0,871.0,937.0,876.0,862.0,862.0,656.0,281.0,610.0,261.0
2.0,1949.0,897.0,936.0,862.0,894.0,894.0,655.0,281.0,628.0,269.0
2.0,1914.0,976.0,937.0,894.0,979.0,979.0,656.0,281.0,684.0,292.0
2.0,1832.0,1014.0,940.0,979.0,1023.0,1023.0,658.0,282.0,709.0,305.0
2.0,1797.0,1036.0,942.0,1023.0,1042.0,1042.0,660.0,282.0,725.0,311.0
2.0,1784.0,976.0,943.0,1042.0,979.0,979.0,660.0,283.0,684.0,292.0
2.0,1850.0,893.0,941.0,979.0,887.0,887.0,659.0,282.0,624.0,269.0
2.0,1936.0,901.0,940.0,887.0,898.0,898.0,658.0,282.0,632.0,269.0
2.0,1922.0,946.0,940.0,898.0,946.0,946.0,658.0,282.0,662.0,284.0
2.0,1874.0,917.0,941.0,946.0,920.0,920.0,659.0,282.0,640.0,277.0
2.0,1903.0,1043.0,943.0,920.0,1049.0,1049.0,660.0,283.0,732.0,311.0
2.0,1780.0,972.0,944.0,1049.0,975.0,975.0,661.0,283.0,679.0,293.0
2.0,1857.0,983.0,944.0,975.0,983.0,983.0,661.0,283.0,688.0,295.0
2.0,1849.0,864.0,943.0,983.0,861.0,861.0,660.0,283.0,606.0,258.0
2.0,1968.0,935.0,943.0,861.0,935.0,935.0,660.0,283.0,655.0,280.0
2.0,1894.0,966.0,944.0,935.0,969.0,969.0,661.0,283.0,675.0,291.0
2.0,1863.0,1013.0,947.0,969.0,1022.0,1022.0,663.0,284.0,710.0,303.0
2.0,1819.0,992.0,948.0,1022.0,995.0,995.0,664.0,284.0,693.0,299.0
2.0,1849.0,994.0,949.0,995.0,997.0,997.0,664.0,285.0,697.0,297.0
2.0,1850.0,1013.0,950.0,997.0,1016.0,1016.0,665.0,285.0,710.0,303.0
2.0,1834.0,920.0,947.0,1016.0,911.0,911.0,663.0,284.0,642.0,278.0
2.0,1930.0,930.0,948.0,911.0,933.0,933.0,664.0,284.0,652.0,278.0
2.0,1911.0,918.0,949.0,933.0,921.0,921.0,664.0,285.0,643.0,275.0
2.0,1926.0,970.0,950.0,921.0,973.0,973.0,665.0,285.0,680.0,290.0
2.0,1877.0,1029.0,953.0,973.0,1038.0,1038.0,667.0,286.0,719.0,310.0
2.0,1821.0,993.0,953.0,1038.0,993.0,993.0,667.0,286.0,696.0,297.0
2.0,1866.0,924.0,953.0,993.0,924.0,924.0,667.0,286.0,647.0,277.0
2.0,1935.0,943.0,953.0,924.0,943.0,943.0,667.0,286.0,659.0,284.0
2.0,1916.0,990.0,953.0,943.0,990.0,990.0,667.0,286.0,694.0,296.0
2.0,1869.0,968.0,953.0,990.0,968.0,968.0,667.0,286.0,678.0,290.0
2.0,1891.0,1000.0,954.0,968.0,1003.0,1003.0,668.0,286.0,699.0,301.0
2.0,1859.0,1021.0,957.0,1003.0,1030.0,1030.0,670.0,287.0,716.0,305.0
2.0,1841.0,970.0,956.0,1030.0,967.0,967.0,669.0,287.0,679.0,291.0
2.0,1901.0,974.0,956.0,967.0,974.0,974.0,669.0,287.0,682.0,292.0
2.0,1894.0,930.0,955.0,974.0,927.0,927.0,669.0,286.0,651.0,279.0
2.0,1938.0,940.0,954.0,927.0,937.0,937.0,668.0,286.0,657.0,283.0
2.0,1925.0,974.0,957.0,937.0,983.0,983.0,670.0,287.0,684.0,290.0
2.0,1888.0,989.0,958.0,983.0,992.0,992.0,671.0,287.0,691.0,298.0
2.0,1882.0,1022.0,960.0,992.0,1028.0,1028.0,672.0,288.0,714.0,308.0
2.0,1852.0,960.0,960.0,1028.0,960.0,960.0,672.0,288.0,672.0,288.0
2.0,1920.0,977.0,961.0,960.0,980.0,980.0,673.0,288.0,685.0,292.0
2.0,1903.0,1003.0,963.0,980.0,1009.0,1009.0,674.0,289.0,703.0,300.0
2.0,1880.0,960.0,963.0,1009.0,960.0,960.0,674.0,289.0,672.0,288.0
2.0,1929.0,1049.0,964.0,960.0,1052.0,1052.0,675.0,289.0,733.0,316.0
2.0,1840.0,1014.0,966.0,1052.0,1020.0,1020.0,676.0,290.0,711.0,303.0
2.0,1878.0,1017.0,968.0,1020.0,1023.0,1023.0,678.0,290.0,711.0,306.0
2.0,1881.0,986.0,968.0,1023.0,986.0,986.0,678.0,290.0,691.0,295.0
2.0,1918.0,963.0,967.0,986.0,960.0,960.0,677.0,290.0,673.0,290.0
2.0,1941.0,911.0,966.0,960.0,908.0,908.0,676.0,290.0,639.0,272.0
2.0,1990.0,919.0,966.0,908.0,919.0,919.0,676.0,290.0,643.0,276.0
2.0,1979.0,924.0,964.0,919.0,918.0,918.0,675.0,289.0,646.0,278.0
2.0,1974.0,1026.0,967.0,918.0,1035.0,1035.0,677.0,290.0,718.0,308.0
2.0,1866.0,1076.0,971.0,1035.0,1088.0,1088.0,680.0,291.0,754.0,322.0
2.0,1825.0,980.0,973.0,1088.0,986.0,986.0,681.0,292.0,687.0,293.0
2.0,1933.0,975.0,973.0,986.0,975.0,975.0,681.0,292.0,683.0,292.0
2.0,1944.0,948.0,972.0,975.0,945.0,945.0,680.0,292.0,663.0,285.0
2.0,1971.0,1020.0,971.0,945.0,1017.0,1017.0,680.0,291.0,714.0,306.0
2.0,1896.0,1000.0,972.0,1017.0,1003.0,1003.0,680.0,292.0,700.0,300.0
2.0,1913.0,971.0,974.0,1003.0,977.0,977.0,682.0,292.0,681.0,290.0
2.0,1945.0,1019.0,976.0,977.0,1025.0,1025.0,683.0,293.0,713.0,306.0
2.0,1903.0,980.0,977.0,1025.0,983.0,983.0,684.0,293.0,686.0,294.0
2.0,1948.0,1053.0,979.0,983.0,1059.0,1059.0,685.0,294.0,737.0,316.0
2.0,1878.0,957.0,977.0,1059.0,951.0,951.0,684.0,293.0,669.0,288.0
2.0,1980.0,940.0,977.0,951.0,940.0,940.0,684.0,293.0,660.0,280.0
2.0,1991.0,973.0,977.0,940.0,973.0,973.0,684.0,293.0,680.0,293.0
2.0,1958.0,1005.0,980.0,973.0,1014.0,1014.0,686.0,294.0,703.0,302.0
2.0,1926.0,1053.0,981.0,1014.0,1056.0,1056.0,687.0,294.0,737.0,316.0
2.0,1887.0,1027.0,983.0,1056.0,1033.0,1033.0,688.0,295.0,719.0,308.0
2.0,1916.0,938.0,981.0,1033.0,932.0,932.0,687.0,294.0,657.0,281.0
2.0,2011.0,968.0,981.0,932.0,968.0,968.0,687.0,294.0,677.0,291.0
2.0,1975.0,938.0,980.0,968.0,935.0,935.0,686.0,294.0,659.0,279.0
2.0,2005.0,1031.0,980.0,935.0,1031.0,1031.0,686.0,294.0,722.0,309.0
2.0,1909.0,983.0,981.0,1031.0,986.0,986.0,687.0,294.0,687.0,296.0
2.0,1957.0,1066.0,984.0,986.0,1075.0,1075.0,689.0,295.0,747.0,319.0
2.0,1877.0,1032.0,986.0,1075.0,1038.0,1038.0,690.0,296.0,722.0,310.0
2.0,1920.0,951.0,986.0,1038.0,951.0,951.0,690.0,296.0,666.0,285.0
2.0,2007.0,891.0,983.0,951.0,882.0,882.0,688.0,295.0,624.0,267.0
2.0,2067.0,989.0,983.0,882.0,989.0,989.0,688.0,295.0,692.0,297.0
2.0,1960.0,954.0,984.0,989.0,957.0,957.0,689.0,295.0,668.0,286.0
2.0,1995.0,1070.0,986.0,957.0,1076.0,1076.0,690.0,296.0,749.0,321.0
2.0,1882.0,1026.0,987.0,1076.0,1029.0,1029.0,691.0,296.0,718.0,308.0
2.0,1932.0,991.0,987.0,1029.0,991.0,991.0,691.0,296.0,695.0,296.0
2.0,1970.0,1012.0,987.0,991.0,1012.0,1012.0,691.0,296.0,706.0,306.0
2.0,1949.0,995.0,987.0,1012.0,995.0,995.0,691.0,296.0,699.0,296.0
2.0,1966.0,1045.0,988.0,995.0,1048.0,1048.0,692.0,296.0,730.0,315.0
2.0,1916.0,995.0,989.0,1048.0,998.0,998.0,692.0,297.0,697.0,298.0
2.0,1969.0,1051.0,991.0,998.0,1057.0,1057.0,694.0,297.0,735.0,316.0
2.0,1916.0,1054.0,993.0,1057.0,1060.0,1060.0,695.0,298.0,740.0,314.0
2.0,1919.0,990.0,994.0,1060.0,993.0,993.0,696.0,298.0,693.0,297.0
2.0,1989.0,1062.0,995.0,993.0,1065.0,1065.0,697.0,298.0,742.0,320.0
2.0,1920.0,1008.0,994.0,1065.0,1005.0,1005.0,696.0,298.0,706.0,302.0
2.0,1977.0,1003.0,996.0,1005.0,1009.0,1009.0,697.0,299.0,703.0,300.0
2.0,1979.0,1025.0,997.0,1009.0,1028.0,1028.0,698.0,299.0,718.0,307.0
2.0,1963.0,1079.0,998.0,1028.0,1082.0,1082.0,699.0,299.0,754.0,325.0
2.0,1912.0,1132.0,1001.0,1082.0,1141.0,1141.0,701.0,300.0,792.0,340.0
2.0,1862.0,997.0,1000.0,1141.0,994.0,994.0,700.0,300.0,700.0,297.0
2.0,2006.0,1024.0,1000.0,994.0,1024.0,1024.0,700.0,300.0,717.0,307.0
2.0,1976.0,983.0,1000.0,1024.0,983.0,983.0,700.0,300.0,688.0,295.0
2.0,2017.0,1033.0,1001.0,983.0,1036.0,1036.0,701.0,300.0,721.0,312.0
2.0,1967.0,1069.0,1003.0,1036.0,1075.0,1075.0,702.0,301.0,750.0,319.0
2.0,1934.0,1037.0,1005.0,1075.0,1043.0,1043.0,704.0,301.0,725.0,312.0
2.0,1972.0,1036.0,1007.0,1043.0,1042.0,1042.0,705.0,302.0,727.0,309.0
2.0,1979.0,1033.0,1010.0,1042.0,1042.0,1042.0,707.0,303.0,722.0,311.0
2.0,1988.0,1000.0,1009.0,1042.0,997.0,997.0,706.0,303.0,700.0,300.0
2.0,2030.0,1024.0,1008.0,997.0,1021.0,1021.0,706.0,302.0,716.0,308.0
2.0,2003.0,927.0,1007.0,1021.0,924.0,924.0,705.0,302.0,651.0,276.0
2.0,2097.0,1030.0,1008.0,924.0,1033.0,1033.0,706.0,302.0,719.0,311.0
2.0,1991.0,1110.0,1011.0,1033.0,1119.0,1119.0,708.0,303.0,777.0,333.0
2.0,1914.0,1043.0,1011.0,1119.0,1043.0,1043.0,708.0,303.0,731.0,312.0
2.0,1990.0,1030.0,1013.0,1043.0,1036.0,1036.0,709.0,304.0,721.0,309.0
2.0,2003.0,1001.0,1013.0,1036.0,1001.0,1001.0,709.0,304.0,701.0,300.0
2.0,2038.0,1010.0,1013.0,1001.0,1010.0,1010.0,709.0,304.0,707.0,303.0
2.0,2029.0,1014.0,1013.0,1010.0,1014.0,1014.0,709.0,304.0,711.0,303.0
2.0,2025.0,1067.0,1014.0,1014.0,1070.0,1070.0,710.0,304.0,747.0,320.0
2.0,1972.0,1090.0,1016.0,1070.0,1096.0,1096.0,711.0,305.0,763.0,327.0
2.0,1952.0,1089.0,1019.0,1096.0,1098.0,1098.0,713.0,306.0,762.0,327.0
2.0,1959.0,1001.0,1020.0,1098.0,1004.0,1004.0,714.0,306.0,701.0,300.0
2.0,2056.0,991.0,1020.0,1004.0,991.0,991.0,714.0,306.0,694.0,297.0
2.0,2069.0,1017.0,1018.0,991.0,1011.0,1011.0,713.0,305.0,712.0,305.0
2.0,2043.0,1027.0,1018.0,1011.0,1027.0,1027.0,713.0,305.0,719.0,308.0
2.0,2027.0,1074.0,1021.0,1027.0,1083.0,1083.0,715.0,306.0,751.0,323.0
2.0,1980.0,1110.0,1024.0,1083.0,1119.0,1119.0,717.0,307.0,779.0,331.0
2.0,1953.0,1072.0,1027.0,1119.0,1081.0,1081.0,719.0,308.0,750.0,322.0
2.0,2000.0,1130.0,1028.0,1081.0,1133.0,1133.0,720.0,308.0,790.0,340.0
2.0,1951.0,1053.0,1030.0,1133.0,1059.0,1059.0,721.0,309.0,738.0,315.0
2.0,2031.0,1024.0,1029.0,1059.0,1021.0,1021.0,720.0,309.0,716.0,308.0
2.0,2066.0,1014.0,1028.0,1021.0,1011.0,1011.0,720.0,308.0,710.0,304.0
2.0,2073.0,1049.0,1030.0,1011.0,1055.0,1055.0,721.0,309.0,736.0,313.0
2.0,2035.0,1029.0,1033.0,1055.0,1038.0,1038.0,723.0,310.0,719.0,310.0
2.0,2061.0,1093.0,1035.0,1038.0,1099.0,1099.0,725.0,310.0,765.0,328.0
2.0,2006.0,1066.0,1037.0,1099.0,1072.0,1072.0,726.0,311.0,747.0,319.0
2.0,2039.0,1014.0,1036.0,1072.0,1011.0,1011.0,725.0,311.0,709.0,305.0
2.0,2097.0,979.0,1035.0,1011.0,976.0,976.0,725.0,310.0,685.0,294.0
2.0,2129.0,978.0,1035.0,976.0,978.0,978.0,725.0,310.0,685.0,293.0
2.0,2127.0,1034.0,1035.0,978.0,1034.0,1034.0,725.0,310.0,724.0,310.0
2.0,2071.0,1107.0,1037.0,1034.0,1113.0,1113.0,726.0,311.0,776.0,331.0
2.0,1998.0,1082.0,1038.0,1113.0,1085.0,1085.0,727.0,311.0,756.0,326.0
2.0,2029.0,1007.0,1038.0,1085.0,1007.0,1007.0,727.0,311.0,705.0,302.0
2.0,2107.0,1082.0,1039.0,1007.0,1085.0,1085.0,727.0,312.0,758.0,324.0
2.0,2032.0,993.0,1038.0,1085.0,990.0,990.0,727.0,311.0,694.0,299.0
2.0,2124.0,971.0,1037.0,990.0,968.0,968.0,726.0,311.0,682.0,289.0
2.0,2143.0,1122.0,1039.0,968.0,1128.0,1128.0,727.0,312.0,783.0,339.0
2.0,1989.0,1049.0,1040.0,1128.0,1052.0,1052.0,728.0,312.0,735.0,314.0
2.0,2068.0,1054.0,1040.0,1052.0,1054.0,1054.0,728.0,312.0,739.0,315.0
2.0,2066.0,1100.0,1042.0,1054.0,1106.0,1106.0,729.0,313.0,769.0,331.0
2.0,2020.0,1061.0,1041.0,1106.0,1058.0,1058.0,729.0,312.0,742.0,319.0
2.0,2065.0,1057.0,1040.0,1058.0,1054.0,1054.0,728.0,312.0,742.0,315.0
2.0,2066.0,985.0,1040.0,1054.0,985.0,985.0,728.0,312.0,689.0,296.0
2.0,2135.0,978.0,1039.0,985.0,975.0,975.0,727.0,312.0,685.0,293.0
2.0,2142.0,1132.0,1041.0,975.0,1138.0,1138.0,729.0,312.0,792.0,340.0
2.0,1985.0,1081.0,1043.0,1138.0,1087.0,1087.0,730.0,313.0,757.0,324.0
2.0,2042.0,1028.0,1043.0,1087.0,1028.0,1028.0,730.0,313.0,720.0,308.0
2.0,2101.0,1024.0,1041.0,1028.0,1018.0,1018.0,729.0,312.0,717.0,307.0
2.0,2105.0,1033.0,1041.0,1018.0,1033.0,1033.0,729.0,312.0,723.0,310.0
2.0,2090.0,1044.0,1041.0,1033.0,1044.0,1044.0,729.0,312.0,731.0,313.0
2.0,2079.0,1047.0,1043.0,1044.0,1053.0,1053.0,730.0,313.0,734.0,313.0
2.0,2076.0,1078.0,1044.0,1053.0,1081.0,1081.0,731.0,313.0,755.0,323.0
2.0,2051.0,1085.0,1047.0,1081.0,1094.0,1094.0,733.0,314.0,759.0,326.0
2.0,2047.0,1054.0,1047.0,1094.0,1054.0,1054.0,733.0,314.0,739.0,315.0
2.0,2087.0,1044.0,1046.0,1054.0,1041.0,1041.0,732.0,314.0,730.0,314.0
2.0,2097.0,1021.0,1046.0,1041.0,1021.0,1021.0,732.0,314.0,715.0,306.0
2.0,2117.0,1077.0,1047.0,1021.0,1080.0,1080.0,733.0,314.0,754.0,323.0
2.0,2061.0,1057.0,1047.0,1080.0,1057.0,1057.0,733.0,314.0,739.0,318.0
2.0,2084.0,1098.0,1050.0,1057.0,1107.0,1107.0,735.0,315.0,770.0,328.0
2.0,2043.0,1114.0,1051.0,1107.0,1117.0,1117.0,736.0,315.0,779.0,335.0
2.0,2036.0,1034.0,1051.0,1117.0,1034.0,1034.0,736.0,315.0,726.0,308.0
2.0,2119.0,1056.0,1050.0,1034.0,1053.0,1053.0,735.0,315.0,739.0,317.0
2.0,2097.0,1035.0,1049.0,1053.0,1032.0,1032.0,734.0,315.0,724.0,311.0
2.0,2115.0,1041.0,1050.0,1032.0,1044.0,1044.0,735.0,315.0,730.0,311.0
2.0,2106.0,1179.0,1053.0,1044.0,1188.0,1188.0,737.0,316.0,825.0,354.0
2.0,1971.0,1135.0,1056.0,1188.0,1144.0,1144.0,739.0,317.0,794.0,341.0
2.0,2024.0,1007.0,1055.0,1144.0,1004.0,1004.0,739.0,316.0,704.0,303.0
2.0,2161.0,1133.0,1057.0,1004.0,1139.0,1139.0,740.0,317.0,794.0,339.0
2.0,2032.0,1047.0,1055.0,1139.0,1041.0,1041.0,739.0,316.0,732.0,315.0
2.0,2124.0,1045.0,1054.0,1041.0,1042.0,1042.0,738.0,316.0,732.0,313.0
2.0,2120.0,1083.0,1054.0,1042.0,1083.0,1083.0,738.0,316.0,758.0,325.0
2.0,2079.0,1053.0,1054.0,1083.0,1053.0,1053.0,738.0,316.0,737.0,316.0
2.0,2109.0,1136.0,1056.0,1053.0,1142.0,1142.0,739.0,317.0,796.0,340.0
2.0,2026.0,1089.0,1057.0,1142.0,1092.0,1092.0,740.0,317.0,761.0,328.0
2.0,2079.0,1060.0,1057.0,1092.0,1060.0,1060.0,740.0,317.0,742.0,318.0
2.0,2111.0,1037.0,1057.0,1060.0,1037.0,1037.0,740.0,317.0,726.0,311.0
2.0,2134.0,1053.0,1057.0,1037.0,1053.0,1053.0,740.0,317.0,737.0,316.0
2.0,2118.0,1014.0,1056.0,1053.0,1011.0,1011.0,739.0,317.0,711.0,303.0
2.0,2157.0,1123.0,1058.0,1011.0,1129.0,1129.0,741.0,317.0,786.0,337.0
2.0,2045.0,1153.0,1061.0,1129.0,1162.0,1162.0,743.0,318.0,807.0,346.0
2.0,2021.0,1150.0,1064.0,1162.0,1159.0,1159.0,745.0,319.0,805.0,345.0
2.0,2033.0,1027.0,1064.0,1159.0,1027.0,1027.0,745.0,319.0,719.0,308.0
2.0,2165.0,1080.0,1064.0,1027.0,1080.0,1080.0,745.0,319.0,756.0,324.0
2.0,2112.0,1173.0,1066.0,1080.0,1179.0,1179.0,746.0,320.0,822.0,351.0
2.0,2019.0,1066.0,1067.0,1179.0,1069.0,1069.0,747.0,320.0,747.0,319.0
2.0,2132.0,1047.0,1066.0,1069.0,1044.0,1044.0,746.0,320.0,732.0,315.0
2.0,2154.0,1139.0,1069.0,1044.0,1148.0,1148.0,748.0,321.0,797.0,342.0
2.0,2059.0,1127.0,1072.0,1148.0,1136.0,1136.0,750.0,322.0,789.0,338.0
2.0,2080.0,1139.0,1073.0,1136.0,1142.0,1142.0,751.0,322.0,797.0,342.0
2.0,2077.0,1073.0,1073.0,1142.0,1073.0,1073.0,751.0,322.0,752.0,321.0
2.0,2146.0,1031.0,1073.0,1073.0,1031.0,1031.0,751.0,322.0,721.0,310.0
2.0,2188.0,1027.0,1071.0,1031.0,1021.0,1021.0,750.0,321.0,719.0,308.0
2.0,2192.0,1047.0,1071.0,1021.0,1047.0,1047.0,750.0,321.0,732.0,315.0
2.0,2166.0,1101.0,1071.0,1047.0,1101.0,1101.0,750.0,321.0,772.0,329.0
2.0,2112.0,1099.0,1074.0,1101.0,1108.0,1108.0,752.0,322.0,770.0,329.0
2.0,2114.0,1117.0,1077.0,1108.0,1126.0,1126.0,754.0,323.0,782.0,335.0
2.0,2105.0,1070.0,1075.0,1126.0,1064.0,1064.0,753.0,322.0,748.0,322.0
2.0,2161.0,1041.0,1074.0,1064.0,1038.0,1038.0,752.0,322.0,729.0,312.0
2.0,2184.0,1044.0,1074.0,1038.0,1044.0,1044.0,752.0,322.0,731.0,313.0
2.0,2178.0,1096.0,1076.0,1044.0,1102.0,1102.0,753.0,323.0,768.0,328.0
2.0,2126.0,1112.0,1077.0,1102.0,1115.0,1115.0,754.0,323.0,777.0,335.0
2.0,2116.0,1103.0,1079.0,1115.0,1109.0,1109.0,755.0,324.0,773.0,330.0
2.0,2128.0,1139.0,1080.0,1109.0,1142.0,1142.0,756.0,324.0,798.0,341.0
2.0,2098.0,1141.0,1081.0,1142.0,1144.0,1144.0,757.0,324.0,798.0,343.0
2.0,2099.0,1080.0,1081.0,1144.0,1080.0,1080.0,757.0,324.0,756.0,324.0
2.0,2163.0,1075.0,1083.0,1080.0,1081.0,1081.0,758.0,325.0,753.0,322.0
2.0,2168.0,1106.0,1083.0,1081.0,1106.0,1106.0,758.0,325.0,775.0,331.0
2.0,2143.0,1106.0,1085.0,1106.0,1112.0,1112.0,760.0,325.0,773.0,333.0
2.0,2143.0,1090.0,1085.0,1112.0,1090.0,1090.0,760.0,325.0,763.0,327.0
2.0,2165.0,1054.0,1085.0,1090.0,1054.0,1054.0,760.0,325.0,738.0,316.0
2.0,2201.0,1091.0,1085.0,1054.0,1091.0,1091.0,760.0,325.0,764.0,327.0
2.0,2164.0,1035.0,1084.0,1091.0,1032.0,1032.0,759.0,325.0,726.0,309.0
2.0,2220.0,1046.0,1084.0,1032.0,1046.0,1046.0,759.0,325.0,732.0,314.0
2.0,2206.0,1120.0,1084.0,1046.0,1120.0,1120.0,759.0,325.0,783.0,337.0
2.0,2132.0,1143.0,1087.0,1120.0,1152.0,1152.0,761.0,326.0,801.0,342.0
2.0,2109.0,1128.0,1089.0,1152.0,1134.0,1134.0,762.0,327.0,789.0,339.0
2.0,2133.0,1090.0,1087.0,1134.0,1084.0,1084.0,761.0,326.0,764.0,326.0
2.0,2177.0,1114.0,1087.0,1084.0,1114.0,1114.0,761.0,326.0,779.0,335.0
2.0,2147.0,1013.0,1087.0,1114.0,1013.0,1013.0,761.0,326.0,709.0,304.0
2.0,2248.0,1080.0,1086.0,1013.0,1077.0,1077.0,760.0,326.0,756.0,324.0
2.0,2181.0,1085.0,1087.0,1077.0,1088.0,1088.0,761.0,326.0,760.0,325.0
2.0,2173.0,1112.0,1087.0,1088.0,1112.0,1112.0,761.0,326.0,777.0,335.0
2.0,2149.0,1134.0,1089.0,1112.0,1140.0,1140.0,762.0,327.0,795.0,339.0
2.0,2127.0,1136.0,1090.0,1140.0,1139.0,1139.0,763.0,327.0,796.0,340.0
2.0,2131.0,1040.0,1088.0,1139.0,1034.0,1034.0,762.0,326.0,727.0,313.0
2.0,2230.0,1035.0,1087.0,1034.0,1032.0,1032.0,761.0,326.0,724.0,311.0
2.0,2229.0,1114.0,1088.0,1032.0,1117.0,1117.0,762.0,326.0,781.0,333.0
2.0,2147.0,1117.0,1090.0,1117.0,1123.0,1123.0,763.0,327.0,783.0,334.0
2.0,2147.0,1119.0,1091.0,1123.0,1122.0,1122.0,764.0,327.0,782.0,337.0
2.0,2151.0,1166.0,1094.0,1122.0,1175.0,1175.0,766.0,328.0,815.0,351.0
2.0,2107.0,1127.0,1094.0,1175.0,1127.0,1127.0,766.0,328.0,790.0,337.0
2.0,2155.0,1117.0,1094.0,1127.0,1117.0,1117.0,766.0,328.0,783.0,334.0
2.0,2165.0,1057.0,1091.0,1117.0,1048.0,1048.0,764.0,327.0,739.0,318.0
2.0,2225.0,1061.0,1093.0,1048.0,1067.0,1067.0,765.0,328.0,744.0,317.0
2.0,2212.0,1133.0,1093.0,1067.0,1133.0,1133.0,765.0,328.0,793.0,340.0
2.0,2146.0,1123.0,1093.0,1133.0,1123.0,1123.0,765.0,328.0,786.0,337.0
2.0,2156.0,1181.0,1094.0,1123.0,1184.0,1184.0,766.0,328.0,826.0,355.0
2.0,2098.0,1121.0,1096.0,1184.0,1127.0,1127.0,767.0,329.0,786.0,335.0
2.0,2161.0,1060.0,1094.0,1127.0,1054.0,1054.0,766.0,328.0,741.0,319.0
2.0,2228.0,1070.0,1093.0,1054.0,1067.0,1067.0,765.0,328.0,749.0,321.0
2.0,2212.0,1070.0,1093.0,1067.0,1070.0,1070.0,765.0,328.0,750.0,320.0
2.0,2209.0,1131.0,1093.0,1070.0,1131.0,1131.0,765.0,328.0,790.0,341.0
2.0,2148.0,1154.0,1096.0,1131.0,1163.0,1163.0,767.0,329.0,810.0,344.0
2.0,2125.0,1169.0,1098.0,1163.0,1175.0,1175.0,769.0,329.0,818.0,351.0
2.0,2119.0,1119.0,1100.0,1175.0,1125.0,1125.0,770.0,330.0,784.0,335.0
2.0,2175.0,1114.0,1100.0,1125.0,1114.0,1114.0,770.0,330.0,780.0,334.0
2.0,2186.0,1074.0,1100.0,1114.0,1074.0,1074.0,770.0,330.0,752.0,322.0
2.0,2226.0,1091.0,1099.0,1074.0,1088.0,1088.0,769.0,330.0,763.0,328.0
2.0,2209.0,1103.0,1100.0,1088.0,1106.0,1106.0,770.0,330.0,773.0,330.0
2.0,2194.0,1143.0,1101.0,1106.0,1146.0,1146.0,771.0,330.0,799.0,344.0
2.0,2157.0,1140.0,1103.0,1146.0,1146.0,1146.0,772.0,331.0,799.0,341.0
2.0,2163.0,1097.0,1103.0,1146.0,1097.0,1097.0,772.0,331.0,768.0,329.0
2.0,2212.0,1124.0,1104.0,1097.0,1127.0,1127.0,773.0,331.0,786.0,338.0
2.0,2185.0,1035.0,1103.0,1127.0,1032.0,1032.0,772.0,331.0,726.0,309.0
2.0,2277.0,1063.0,1101.0,1032.0,1057.0,1057.0,771.0,330.0,743.0,320.0
2.0,2246.0,1143.0,1101.0,1057.0,1143.0,1143.0,771.0,330.0,800.0,343.0
2.0,2160.0,1169.0,1103.0,1143.0,1175.0,1175.0,772.0,331.0,819.0,350.0
2.0,2134.0,1177.0,1104.0,1175.0,1180.0,1180.0,773.0,331.0,823.0,354.0
2.0,2132.0,1171.0,1106.0,1180.0,1177.0,1177.0,774.0,332.0,821.0,350.0
2.0,2141.0,1121.0,1106.0,1177.0,1121.0,1121.0,774.0,332.0,786.0,335.0
2.0,2197.0,1130.0,1107.0,1121.0,1133.0,1133.0,775.0,332.0,789.0,341.0
2.0,2188.0,1163.0,1109.0,1133.0,1169.0,1169.0,776.0,333.0,815.0,348.0
2.0,2158.0,1139.0,1110.0,1169.0,1142.0,1142.0,777.0,333.0,798.0,341.0
2.0,2188.0,1173.0,1113.0,1142.0,1182.0,1182.0,779.0,334.0,821.0,352.0
2.0,2157.0,1150.0,1114.0,1182.0,1153.0,1153.0,780.0,334.0,804.0,346.0
2.0,2189.0,1124.0,1114.0,1153.0,1124.0,1124.0,780.0,334.0,787.0,337.0
2.0,2218.0,1065.0,1113.0,1124.0,1062.0,1062.0,779.0,334.0,747.0,318.0
2.0,2277.0,1083.0,1113.0,1062.0,1083.0,1083.0,779.0,334.0,758.0,325.0
2.0,2256.0,1086.0,1113.0,1083.0,1086.0,1086.0,779.0,334.0,760.0,326.0
2.0,2253.0,1137.0,1113.0,1086.0,1137.0,1137.0,779.0,334.0,796.0,341.0
2.0,2202.0,1206.0,1117.0,1137.0,1218.0,1218.0,782.0,335.0,844.0,362.0
2.0,2133.0,1206.0,1119.0,1218.0,1212.0,1212.0,783.0,336.0,844.0,362.0
2.0,2145.0,1182.0,1121.0,1212.0,1188.0,1188.0,785.0,336.0,826.0,356.0
2.0,2175.0,1170.0,1121.0,1188.0,1170.0,1170.0,785.0,336.0,820.0,350.0
2.0,2193.0,1061.0,1120.0,1170.0,1058.0,1058.0,784.0,336.0,744.0,317.0
2.0,2302.0,1070.0,1119.0,1058.0,1067.0,1067.0,783.0,336.0,748.0,322.0
2.0,2290.0,1187.0,1121.0,1067.0,1193.0,1193.0,785.0,336.0,831.0,356.0
2.0,2170.0,1137.0,1124.0,1193.0,1146.0,1146.0,787.0,337.0,797.0,340.0
2.0,2226.0,1180.0,1125.0,1146.0,1183.0,1183.0,788.0,337.0,825.0,355.0
2.0,2192.0,1111.0,1125.0,1183.0,1111.0,1111.0,788.0,337.0,778.0,333.0
2.0,2264.0,1113.0,1125.0,1111.0,1113.0,1113.0,788.0,337.0,779.0,334.0
2.0,2262.0,1103.0,1124.0,1113.0,1100.0,1100.0,787.0,337.0,774.0,329.0
2.0,2272.0,1091.0,1123.0,1100.0,1088.0,1088.0,786.0,337.0,763.0,328.0
2.0,2281.0,1194.0,1124.0,1088.0,1197.0,1197.0,787.0,337.0,835.0,359.0
2.0,2175.0,1228.0,1128.0,1197.0,1240.0,1240.0,790.0,338.0,859.0,369.0
2.0,2144.0,1190.0,1130.0,1240.0,1196.0,1196.0,791.0,339.0,835.0,355.0
2.0,2194.0,1126.0,1130.0,1196.0,1126.0,1126.0,791.0,339.0,788.0,338.0
2.0,2264.0,1140.0,1130.0,1126.0,1140.0,1140.0,791.0,339.0,798.0,342.0
2.0,2250.0,1095.0,1129.0,1140.0,1092.0,1092.0,790.0,339.0,766.0,329.0
2.0,2295.0,1124.0,1129.0,1092.0,1124.0,1124.0,790.0,339.0,787.0,337.0
2.0,2263.0,1173.0,1131.0,1124.0,1179.0,1179.0,792.0,339.0,820.0,353.0
2.0,2214.0,1220.0,1134.0,1179.0,1229.0,1229.0,794.0,340.0,856.0,364.0
2.0,2173.0,1257.0,1137.0,1229.0,1266.0,1266.0,796.0,341.0,881.0,376.0
2.0,2145.0,1167.0,1138.0,1266.0,1170.0,1170.0,797.0,341.0,815.0,352.0
2.0,2244.0,1113.0,1137.0,1170.0,1110.0,1110.0,796.0,341.0,781.0,332.0
2.0,2301.0,1035.0,1134.0,1110.0,1026.0,1026.0,794.0,340.0,723.0,312.0
2.0,2376.0,1135.0,1135.0,1026.0,1138.0,1138.0,795.0,340.0,795.0,340.0
2.0,2267.0,1144.0,1136.0,1138.0,1147.0,1147.0,795.0,341.0,802.0,342.0
2.0,2261.0,1194.0,1138.0,1147.0,1200.0,1200.0,797.0,341.0,835.0,359.0
2.0,2214.0,1166.0,1140.0,1200.0,1172.0,1172.0,798.0,342.0,817.0,349.0
2.0,2248.0,1187.0,1141.0,1172.0,1190.0,1190.0,799.0,342.0,830.0,357.0
2.0,2233.0,1140.0,1141.0,1190.0,1140.0,1140.0,799.0,342.0,798.0,342.0
2.0,2283.0,1174.0,1141.0,1140.0,1174.0,1174.0,799.0,342.0,823.0,351.0
2.0,2249.0,1192.0,1144.0,1174.0,1201.0,1201.0,801.0,343.0,835.0,357.0
2.0,2231.0,1141.0,1144.0,1201.0,1141.0,1141.0,801.0,343.0,799.0,342.0
2.0,2291.0,1130.0,1146.0,1141.0,1136.0,1136.0,802.0,344.0,790.0,340.0
2.0,2302.0,1256.0,1150.0,1136.0,1268.0,1268.0,805.0,345.0,880.0,376.0
2.0,2182.0,1219.0,1151.0,1268.0,1222.0,1222.0,806.0,345.0,854.0,365.0
2.0,2231.0,1174.0,1151.0,1222.0,1174.0,1174.0,806.0,345.0,822.0,352.0
2.0,2279.0,1164.0,1151.0,1174.0,1164.0,1164.0,806.0,345.0,815.0,349.0
2.0,2289.0,1177.0,1151.0,1164.0,1177.0,1177.0,806.0,345.0,824.0,353.0
2.0,2276.0,1172.0,1151.0,1177.0,1172.0,1172.0,806.0,345.0,819.0,353.0
2.0,2281.0,1210.0,1153.0,1172.0,1216.0,1216.0,807.0,346.0,848.0,362.0
2.0,2243.0,1224.0,1154.0,1216.0,1227.0,1227.0,808.0,346.0,857.0,367.0
2.0,2235.0,1134.0,1154.0,1227.0,1134.0,1134.0,808.0,346.0,794.0,340.0
2.0,2328.0,1209.0,1155.0,1134.0,1212.0,1212.0,809.0,346.0,845.0,364.0
2.0,2253.0,1069.0,1154.0,1212.0,1066.0,1066.0,808.0,346.0,750.0,319.0
2.0,2396.0,1206.0,1155.0,1066.0,1209.0,1209.0,809.0,346.0,843.0,363.0
2.0,2256.0,1111.0,1156.0,1209.0,1114.0,1114.0,809.0,347.0,779.0,332.0
2.0,2354.0,1189.0,1158.0,1114.0,1195.0,1195.0,811.0,347.0,831.0,358.0
2.0,2279.0,1217.0,1161.0,1195.0,1226.0,1226.0,813.0,348.0,854.0,363.0
2.0,2257.0,1207.0,1161.0,1226.0,1207.0,1207.0,813.0,348.0,844.0,363.0
2.0,2276.0,1165.0,1161.0,1207.0,1165.0,1165.0,813.0,348.0,817.0,348.0
2.0,2318.0,1177.0,1161.0,1165.0,1177.0,1177.0,813.0,348.0,824.0,353.0
2.0,2306.0,1131.0,1160.0,1177.0,1128.0,1128.0,812.0,348.0,791.0,340.0
2.0,2352.0,1167.0,1160.0,1128.0,1167.0,1167.0,812.0,348.0,817.0,350.0
2.0,2313.0,1266.0,1164.0,1167.0,1278.0,1278.0,815.0,349.0,887.0,379.0
2.0,2214.0,1249.0,1167.0,1278.0,1258.0,1258.0,817.0,350.0,874.0,375.0
2.0,2243.0,1177.0,1167.0,1258.0,1177.0,1177.0,817.0,350.0,824.0,353.0
2.0,2324.0,1201.0,1168.0,1177.0,1204.0,1204.0,818.0,350.0,842.0,359.0
2.0,2300.0,1198.0,1168.0,1204.0,1198.0,1198.0,818.0,350.0,837.0,361.0
2.0,2306.0,1146.0,1169.0,1198.0,1149.0,1149.0,818.0,351.0,803.0,343.0
2.0,2358.0,1183.0,1170.0,1149.0,1186.0,1186.0,819.0,351.0,829.0,354.0
2.0,2324.0,1210.0,1173.0,1186.0,1219.0,1219.0,821.0,352.0,846.0,364.0
2.0,2300.0,1191.0,1174.0,1219.0,1194.0,1194.0,822.0,352.0,835.0,356.0
2.0,2328.0,1158.0,1174.0,1194.0,1158.0,1158.0,822.0,352.0,811.0,347.0
2.0,2364.0,1157.0,1173.0,1158.0,1154.0,1154.0,821.0,352.0,809.0,348.0
2.0,2365.0,1114.0,1171.0,1154.0,1108.0,1108.0,820.0,351.0,781.0,333.0
2.0,2405.0,1144.0,1171.0,1108.0,1144.0,1144.0,820.0,351.0,801.0,343.0
2.0,2369.0,1186.0,1172.0,1144.0,1189.0,1189.0,821.0,351.0,829.0,357.0
2.0,2327.0,1151.0,1173.0,1189.0,1154.0,1154.0,821.0,352.0,807.0,344.0
2.0,2365.0,1229.0,1175.0,1154.0,1235.0,1235.0,823.0,352.0,859.0,370.0
2.0,2290.0,1176.0,1175.0,1235.0,1176.0,1176.0,823.0,352.0,823.0,353.0
2.0,2349.0,1138.0,1174.0,1176.0,1135.0,1135.0,822.0,352.0,798.0,340.0
2.0,2387.0,1150.0,1171.0,1135.0,1141.0,1141.0,820.0,351.0,804.0,346.0
2.0,2372.0,1169.0,1171.0,1141.0,1169.0,1169.0,820.0,351.0,818.0,351.0
2.0,2344.0,1279.0,1174.0,1169.0,1288.0,1288.0,822.0,352.0,895.0,384.0
2.0,2234.0,1159.0,1177.0,1288.0,1168.0,1168.0,824.0,353.0,812.0,347.0
2.0,2363.0,1240.0,1180.0,1168.0,1249.0,1249.0,826.0,354.0,868.0,372.0
2.0,2291.0,1220.0,1181.0,1249.0,1223.0,1223.0,827.0,354.0,855.0,365.0
2.0,2320.0,1211.0,1181.0,1223.0,1211.0,1211.0,827.0,354.0,848.0,363.0
2.0,2332.0,1151.0,1181.0,1211.0,1151.0,1151.0,827.0,354.0,806.0,345.0
2.0,2392.0,1118.0,1180.0,1151.0,1115.0,1115.0,826.0,354.0,782.0,336.0
2.0,2425.0,1197.0,1180.0,1115.0,1197.0,1197.0,826.0,354.0,839.0,358.0
2.0,2343.0,1220.0,1181.0,1197.0,1223.0,1223.0,827.0,354.0,852.0,368.0
2.0,2320.0,1236.0,1183.0,1223.0,1242.0,1242.0,828.0,355.0,866.0,370.0
2.0,2307.0,1217.0,1184.0,1242.0,1220.0,1220.0,829.0,355.0,853.0,364.0
2.0,2332.0,1210.0,1185.0,1220.0,1213.0,1213.0,830.0,355.0,846.0,364.0
2.0,2342.0,1174.0,1184.0,1213.0,1171.0,1171.0,829.0,355.0,823.0,351.0
2.0,2381.0,1148.0,1183.0,1171.0,1145.0,1145.0,828.0,355.0,803.0,345.0
2.0,2404.0,1247.0,1184.0,1145.0,1250.0,1250.0,829.0,355.0,874.0,373.0
2.0,2302.0,1220.0,1184.0,1250.0,1220.0,1220.0,829.0,355.0,853.0,367.0
2.0,2332.0,1240.0,1186.0,1220.0,1246.0,1246.0,830.0,356.0,869.0,371.0
2.0,2312.0,1264.0,1188.0,1246.0,1270.0,1270.0,832.0,356.0,884.0,380.0
2.0,2294.0,1170.0,1187.0,1270.0,1167.0,1167.0,831.0,356.0,821.0,349.0
2.0,2394.0,1183.0,1186.0,1167.0,1180.0,1180.0,830.0,356.0,827.0,356.0
2.0,2378.0,1184.0,1187.0,1180.0,1187.0,1187.0,831.0,356.0,830.0,354.0
2.0,2374.0,1187.0,1187.0,1187.0,1187.0,1187.0,831.0,356.0,831.0,356.0
2.0,2374.0,1267.0,1190.0,1187.0,1276.0,1276.0,833.0,357.0,887.0,380.0
2.0,2294.0,1141.0,1190.0,1276.0,1141.0,1141.0,833.0,357.0,798.0,343.0
2.0,2429.0,1163.0,1190.0,1141.0,1163.0,1163.0,833.0,357.0,815.0,348.0
2.0,2407.0,1207.0,1191.0,1163.0,1210.0,1210.0,834.0,357.0,845.0,362.0
2.0,2363.0,1190.0,1190.0,1210.0,1187.0,1187.0,833.0,357.0,833.0,357.0
2.0,2383.0,1133.0,1188.0,1187.0,1127.0,1127.0,832.0,356.0,792.0,341.0
2.0,2437.0,1244.0,1190.0,1127.0,1250.0,1250.0,833.0,357.0,872.0,372.0
2.0,2320.0,1300.0,1193.0,1250.0,1309.0,1309.0,835.0,358.0,910.0,390.0
2.0,2270.0,1277.0,1195.0,1309.0,1283.0,1283.0,837.0,358.0,893.0,384.0
2.0,2302.0,1220.0,1197.0,1283.0,1226.0,1226.0,838.0,359.0,855.0,365.0
2.0,2365.0,1164.0,1194.0,1226.0,1155.0,1155.0,836.0,358.0,814.0,350.0
2.0,2427.0,1097.0,1191.0,1155.0,1088.0,1088.0,834.0,357.0,768.0,329.0
2.0,2485.0,1091.0,1190.0,1088.0,1088.0,1088.0,833.0,357.0,765.0,326.0
2.0,2482.0,1177.0,1190.0,1088.0,1177.0,1177.0,833.0,357.0,824.0,353.0
2.0,2393.0,1223.0,1190.0,1177.0,1223.0,1223.0,833.0,357.0,856.0,367.0
2.0,2347.0,1277.0,1193.0,1223.0,1286.0,1286.0,835.0,358.0,894.0,383.0
2.0,2293.0,1147.0,1191.0,1286.0,1141.0,1141.0,834.0,357.0,802.0,345.0
2.0,2432.0,1140.0,1190.0,1141.0,1137.0,1137.0,833.0,357.0,798.0,342.0
2.0,2433.0,1210.0,1191.0,1137.0,1213.0,1213.0,834.0,357.0,847.0,363.0
2.0,2360.0,1207.0,1191.0,1213.0,1207.0,1207.0,834.0,357.0,845.0,362.0
2.0,2366.0,1201.0,1193.0,1207.0,1207.0,1207.0,835.0,358.0,842.0,359.0
2.0,2372.0,1275.0,1196.0,1207.0,1284.0,1284.0,837.0,359.0,892.0,383.0
2.0,2304.0,1232.0,1197.0,1284.0,1235.0,1235.0,838.0,359.0,861.0,371.0
2.0,2356.0,1260.0,1199.0,1235.0,1266.0,1266.0,839.0,360.0,883.0,377.0
2.0,2331.0,1193.0,1200.0,1266.0,1196.0,1196.0,840.0,360.0,836.0,357.0
2.0,2404.0,1164.0,1198.0,1196.0,1158.0,1158.0,839.0,359.0,814.0,350.0
2.0,2436.0,1180.0,1198.0,1158.0,1180.0,1180.0,839.0,359.0,826.0,354.0
2.0,2414.0,1183.0,1200.0,1180.0,1189.0,1189.0,840.0,360.0,828.0,355.0
2.0,2411.0,1204.0,1200.0,1189.0,1204.0,1204.0,840.0,360.0,844.0,360.0
2.0,2396.0,1244.0,1201.0,1204.0,1247.0,1247.0,841.0,360.0,870.0,374.0
2.0,2356.0,1270.0,1201.0,1247.0,1270.0,1270.0,841.0,360.0,889.0,381.0
2.0,2333.0,1228.0,1203.0,1270.0,1234.0,1234.0,842.0,361.0,861.0,367.0
2.0,2375.0,1156.0,1201.0,1234.0,1150.0,1150.0,841.0,360.0,808.0,348.0
2.0,2453.0,1174.0,1200.0,1150.0,1171.0,1171.0,840.0,360.0,821.0,353.0
2.0,2429.0,1194.0,1200.0,1171.0,1194.0,1194.0,840.0,360.0,836.0,358.0
2.0,2406.0,1301.0,1203.0,1194.0,1310.0,1310.0,842.0,361.0,913.0,388.0
2.0,2299.0,1289.0,1206.0,1310.0,1298.0,1298.0,844.0,362.0,902.0,387.0
2.0,2320.0,1226.0,1207.0,1298.0,1229.0,1229.0,845.0,362.0,859.0,367.0
2.0,2392.0,1195.0,1206.0,1229.0,1192.0,1192.0,844.0,362.0,836.0,359.0
2.0,2426.0,1228.0,1206.0,1192.0,1228.0,1228.0,844.0,362.0,860.0,368.0
2.0,2390.0,1203.0,1206.0,1228.0,1203.0,1203.0,844.0,362.0,842.0,361.0
2.0,2415.0,1228.0,1206.0,1203.0,1228.0,1228.0,844.0,362.0,861.0,367.0
2.0,2390.0,1273.0,1208.0,1228.0,1279.0,1279.0,846.0,362.0,890.0,383.0
2.0,2345.0,1253.0,1210.0,1279.0,1259.0,1259.0,847.0,363.0,878.0,375.0
2.0,2371.0,1250.0,1210.0,1259.0,1250.0,1250.0,847.0,363.0,875.0,375.0
2.0,2380.0,1162.0,1209.0,1250.0,1159.0,1159.0,846.0,363.0,813.0,349.0
2.0,2468.0,1207.0,1208.0,1159.0,1204.0,1204.0,846.0,362.0,845.0,362.0
2.0,2420.0,1162.0,1207.0,1204.0,1159.0,1159.0,845.0,362.0,815.0,347.0
2.0,2462.0,1221.0,1207.0,1159.0,1221.0,1221.0,845.0,362.0,853.0,368.0
2.0,2400.0,1253.0,1208.0,1221.0,1256.0,1256.0,846.0,362.0,878.0,375.0
2.0,2368.0,1303.0,1211.0,1256.0,1312.0,1312.0,848.0,363.0,912.0,391.0
2.0,2321.0,1254.0,1213.0,1312.0,1260.0,1260.0,849.0,364.0,879.0,375.0
2.0,2379.0,1228.0,1211.0,1260.0,1222.0,1222.0,848.0,363.0,859.0,369.0
2.0,2411.0,1177.0,1213.0,1222.0,1183.0,1183.0,849.0,364.0,825.0,352.0
2.0,2456.0,1180.0,1213.0,1183.0,1180.0,1180.0,849.0,364.0,826.0,354.0
2.0,2459.0,1251.0,1214.0,1180.0,1254.0,1254.0,850.0,364.0,877.0,374.0
2.0,2388.0,1317.0,1216.0,1254.0,1323.0,1323.0,851.0,365.0,921.0,396.0
2.0,2325.0,1290.0,1219.0,1323.0,1299.0,1299.0,853.0,366.0,903.0,387.0
2.0,2358.0,1153.0,1217.0,1299.0,1147.0,1147.0,852.0,365.0,806.0,347.0
2.0,2504.0,1187.0,1215.0,1147.0,1181.0,1181.0,851.0,364.0,832.0,355.0
2.0,2464.0,1218.0,1214.0,1181.0,1215.0,1215.0,850.0,364.0,852.0,366.0
2.0,2427.0,1201.0,1214.0,1215.0,1201.0,1201.0,850.0,364.0,841.0,360.0
2.0,2441.0,1247.0,1215.0,1201.0,1250.0,1250.0,851.0,364.0,874.0,373.0
2.0,2395.0,1309.0,1220.0,1250.0,1324.0,1324.0,854.0,366.0,916.0,393.0
2.0,2336.0,1291.0,1223.0,1324.0,1300.0,1300.0,856.0,367.0,904.0,387.0
2.0,2369.0,1213.0,1224.0,1300.0,1216.0,1216.0,857.0,367.0,849.0,364.0
2.0,2456.0,1230.0,1224.0,1216.0,1230.0,1230.0,857.0,367.0,861.0,369.0
2.0,2442.0,1216.0,1223.0,1230.0,1213.0,1213.0,856.0,367.0,851.0,365.0
2.0,2456.0,1266.0,1225.0,1213.0,1272.0,1272.0,858.0,367.0,885.0,381.0
2.0,2403.0,1297.0,1228.0,1272.0,1306.0,1306.0,860.0,368.0,908.0,389.0
2.0,2378.0,1312.0,1230.0,1306.0,1318.0,1318.0,861.0,369.0,920.0,392.0
2.0,2372.0,1332.0,1233.0,1318.0,1341.0,1341.0,863.0,370.0,931.0,401.0
2.0,2358.0,1326.0,1234.0,1341.0,1329.0,1329.0,864.0,370.0,928.0,398.0
2.0,2373.0,1263.0,1234.0,1329.0,1263.0,1263.0,864.0,370.0,884.0,379.0
2.0,2439.0,1256.0,1235.0,1263.0,1259.0,1259.0,865.0,370.0,879.0,377.0
2.0,2446.0,1217.0,1234.0,1259.0,1214.0,1214.0,864.0,370.0,852.0,365.0
2.0,2488.0,1247.0,1235.0,1214.0,1250.0,1250.0,865.0,370.0,873.0,374.0
2.0,2455.0,1250.0,1237.0,1250.0,1256.0,1256.0,866.0,371.0,876.0,374.0
2.0,2455.0,1350.0,1240.0,1256.0,1359.0,1359.0,868.0,372.0,946.0,404.0
2.0,2361.0,1251.0,1241.0,1359.0,1254.0,1254.0,869.0,372.0,874.0,377.0
2.0,2469.0,1232.0,1241.0,1254.0,1232.0,1232.0,869.0,372.0,863.0,369.0
2.0,2491.0,1317.0,1243.0,1232.0,1323.0,1323.0,870.0,373.0,923.0,394.0
2.0,2406.0,1198.0,1242.0,1323.0,1195.0,1195.0,870.0,372.0,838.0,360.0
2.0,2531.0,1261.0,1243.0,1195.0,1264.0,1264.0,870.0,373.0,883.0,378.0
2.0,2465.0,1306.0,1246.0,1264.0,1315.0,1315.0,872.0,374.0,914.0,392.0
2.0,2423.0,1280.0,1247.0,1315.0,1283.0,1283.0,873.0,374.0,898.0,382.0
2.0,2458.0,1242.0,1248.0,1283.0,1245.0,1245.0,874.0,374.0,867.0,375.0
2.0,2499.0,1300.0,1248.0,1245.0,1300.0,1300.0,874.0,374.0,910.0,390.0
2.0,2444.0,1231.0,1247.0,1300.0,1228.0,1228.0,873.0,374.0,864.0,367.0
2.0,2513.0,1254.0,1248.0,1228.0,1257.0,1257.0,874.0,374.0,876.0,378.0
2.0,2487.0,1276.0,1250.0,1257.0,1282.0,1282.0,875.0,375.0,894.0,382.0
2.0,2468.0,1279.0,1250.0,1282.0,1279.0,1279.0,875.0,375.0,896.0,383.0
2.0,2471.0,1314.0,1253.0,1279.0,1323.0,1323.0,877.0,376.0,919.0,395.0
2.0,2436.0,1326.0,1254.0,1323.0,1329.0,1329.0,878.0,376.0,929.0,397.0
2.0,2433.0,1248.0,1254.0,1329.0,1248.0,1248.0,878.0,376.0,874.0,374.0
2.0,2514.0,1220.0,1253.0,1248.0,1217.0,1217.0,877.0,376.0,854.0,366.0
2.0,2542.0,1253.0,1253.0,1217.0,1253.0,1253.0,877.0,376.0,877.0,376.0
2.0,2506.0,1282.0,1256.0,1253.0,1291.0,1291.0,879.0,377.0,896.0,386.0
2.0,2477.0,1304.0,1257.0,1291.0,1307.0,1307.0,880.0,377.0,914.0,390.0
2.0,2464.0,1319.0,1260.0,1307.0,1328.0,1328.0,882.0,378.0,923.0,396.0
2.0,2452.0,1269.0,1261.0,1328.0,1272.0,1272.0,883.0,378.0,889.0,380.0
2.0,2511.0,1170.0,1260.0,1272.0,1167.0,1167.0,882.0,378.0,818.0,352.0
2.0,2613.0,1240.0,1259.0,1167.0,1237.0,1237.0,881.0,378.0,867.0,373.0
2.0,2540.0,1250.0,1259.0,1237.0,1250.0,1250.0,881.0,378.0,875.0,375.0
2.0,2527.0,1324.0,1260.0,1250.0,1327.0,1327.0,882.0,378.0,928.0,396.0
2.0,2453.0,1284.0,1263.0,1327.0,1293.0,1293.0,884.0,379.0,899.0,385.0
2.0,2496.0,1269.0,1264.0,1293.0,1272.0,1272.0,885.0,379.0,889.0,380.0
2.0,2520.0,1274.0,1264.0,1272.0,1274.0,1274.0,885.0,379.0,892.0,382.0
2.0,2518.0,1220.0,1263.0,1274.0,1217.0,1217.0,884.0,379.0,853.0,367.0
2.0,2572.0,1261.0,1263.0,1217.0,1261.0,1261.0,884.0,379.0,883.0,378.0
2.0,2528.0,1253.0,1264.0,1261.0,1256.0,1256.0,885.0,379.0,878.0,375.0
2.0,2536.0,1309.0,1267.0,1256.0,1318.0,1318.0,887.0,380.0,916.0,393.0
2.0,2483.0,1294.0,1268.0,1318.0,1297.0,1297.0,888.0,380.0,907.0,387.0
2.0,2507.0,1250.0,1269.0,1297.0,1253.0,1253.0,888.0,381.0,873.0,377.0
2.0,2554.0,1286.0,1270.0,1253.0,1289.0,1289.0,889.0,381.0,901.0,385.0
2.0,2521.0,1254.0,1269.0,1289.0,1251.0,1251.0,888.0,381.0,877.0,377.0
2.0,2556.0,1198.0,1267.0,1251.0,1192.0,1192.0,887.0,380.0,840.0,358.0
2.0,2609.0,1213.0,1267.0,1192.0,1213.0,1213.0,887.0,380.0,849.0,364.0
2.0,2588.0,1227.0,1267.0,1213.0,1227.0,1227.0,887.0,380.0,859.0,368.0
2.0,2574.0,1320.0,1269.0,1227.0,1326.0,1326.0,888.0,381.0,923.0,397.0
2.0,2481.0,1327.0,1270.0,1326.0,1330.0,1330.0,889.0,381.0,930.0,397.0
2.0,2480.0,1364.0,1271.0,1330.0,1367.0,1367.0,890.0,381.0,954.0,410.0
2.0,2446.0,1278.0,1270.0,1367.0,1275.0,1275.0,889.0,381.0,897.0,381.0
2.0,2535.0,1224.0,1268.0,1275.0,1218.0,1218.0,888.0,380.0,856.0,368.0
2.0,2586.0,1214.0,1267.0,1218.0,1211.0,1211.0,887.0,380.0,850.0,364.0
2.0,2590.0,1263.0,1267.0,1211.0,1263.0,1263.0,887.0,380.0,884.0,379.0
2.0,2538.0,1303.0,1267.0,1263.0,1303.0,1303.0,887.0,380.0,911.0,392.0
2.0,2498.0,1351.0,1270.0,1303.0,1360.0,1360.0,889.0,381.0,948.0,403.0
2.0,2450.0,1280.0,1270.0,1360.0,1280.0,1280.0,889.0,381.0,896.0,384.0
2.0,2530.0,1306.0,1271.0,1280.0,1309.0,1309.0,890.0,381.0,913.0,393.0
2.0,2504.0,1264.0,1270.0,1309.0,1261.0,1261.0,889.0,381.0,886.0,378.0
2.0,2549.0,1250.0,1270.0,1261.0,1250.0,1250.0,889.0,381.0,875.0,375.0
2.0,2560.0,1244.0,1270.0,1250.0,1244.0,1244.0,889.0,381.0,871.0,373.0
2.0,2566.0,1341.0,1270.0,1244.0,1341.0,1341.0,889.0,381.0,937.0,404.0
2.0,2469.0,1369.0,1274.0,1341.0,1381.0,1381.0,892.0,382.0,958.0,411.0
2.0,2441.0,1280.0,1274.0,1381.0,1280.0,1280.0,892.0,382.0,897.0,383.0
2.0,2542.0,1240.0,1273.0,1280.0,1237.0,1237.0,891.0,382.0,869.0,371.0
2.0,2582.0,1253.0,1273.0,1237.0,1253.0,1253.0,891.0,382.0,877.0,376.0
2.0,2566.0,1263.0,1273.0,1253.0,1263.0,1263.0,891.0,382.0,884.0,379.0
2.0,2556.0,1251.0,1271.0,1263.0,1245.0,1245.0,890.0,381.0,875.0,376.0
2.0,2568.0,1307.0,1273.0,1245.0,1313.0,1313.0,891.0,382.0,916.0,391.0
2.0,2506.0,1285.0,1274.0,1313.0,1288.0,1288.0,892.0,382.0,898.0,387.0
2.0,2534.0,1310.0,1274.0,1288.0,1310.0,1310.0,892.0,382.0,917.0,393.0
2.0,2512.0,1256.0,1274.0,1310.0,1256.0,1256.0,892.0,382.0,879.0,377.0
2.0,2566.0,1265.0,1273.0,1256.0,1262.0,1262.0,891.0,382.0,885.0,380.0
2.0,2557.0,1280.0,1273.0,1262.0,1280.0,1280.0,891.0,382.0,898.0,382.0
2.0,2539.0,1299.0,1273.0,1280.0,1299.0,1299.0,891.0,382.0,907.0,392.0
2.0,2520.0,1382.0,1277.0,1299.0,1394.0,1394.0,894.0,383.0,970.0,412.0
2.0,2437.0,1291.0,1277.0,1394.0,1291.0,1291.0,894.0,383.0,902.0,389.0
2.0,2540.0,1303.0,1277.0,1291.0,1303.0,1303.0,894.0,383.0,912.0,391.0
2.0,2528.0,1327.0,1278.0,1303.0,1330.0,1330.0,895.0,383.0,930.0,397.0
2.0,2504.0,1238.0,1277.0,1330.0,1235.0,1235.0,894.0,383.0,866.0,372.0
2.0,2596.0,1235.0,1276.0,1235.0,1232.0,1232.0,893.0,383.0,866.0,369.0
2.0,2596.0,1283.0,1278.0,1232.0,1289.0,1289.0,895.0,383.0,898.0,385.0
2.0,2545.0,1369.0,1280.0,1289.0,1375.0,1375.0,896.0,384.0,957.0,412.0
2.0,2465.0,1375.0,1283.0,1375.0,1384.0,1384.0,898.0,385.0,964.0,411.0
2.0,2465.0,1330.0,1283.0,1384.0,1330.0,1330.0,898.0,385.0,931.0,399.0
2.0,2519.0,1309.0,1283.0,1330.0,1309.0,1309.0,898.0,385.0,915.0,394.0
2.0,2540.0,1264.0,1283.0,1309.0,1264.0,1264.0,898.0,385.0,885.0,379.0
2.0,2585.0,1290.0,1284.0,1264.0,1293.0,1293.0,899.0,385.0,903.0,387.0
2.0,2559.0,1294.0,1285.0,1293.0,1297.0,1297.0,900.0,385.0,907.0,387.0
2.0,2558.0,1359.0,1287.0,1297.0,1365.0,1365.0,901.0,386.0,950.0,409.0
2.0,2496.0,1348.0,1289.0,1365.0,1354.0,1354.0,902.0,387.0,945.0,403.0
2.0,2513.0,1267.0,1288.0,1354.0,1264.0,1264.0,902.0,386.0,887.0,380.0
2.0,2600.0,1273.0,1287.0,1264.0,1270.0,1270.0,901.0,386.0,890.0,383.0
2.0,2591.0,1290.0,1288.0,1270.0,1293.0,1293.0,902.0,386.0,904.0,386.0
2.0,2571.0,1281.0,1288.0,1293.0,1281.0,1281.0,902.0,386.0,897.0,384.0
2.0,2583.0,1333.0,1290.0,1281.0,1339.0,1339.0,903.0,387.0,934.0,399.0
2.0,2531.0,1338.0,1293.0,1339.0,1347.0,1347.0,905.0,388.0,936.0,402.0
2.0,2532.0,1357.0,1295.0,1347.0,1363.0,1363.0,907.0,388.0,950.0,407.0
2.0,2522.0,1354.0,1297.0,1363.0,1360.0,1360.0,908.0,389.0,947.0,407.0
2.0,2531.0,1285.0,1297.0,1360.0,1285.0,1285.0,908.0,389.0,902.0,383.0
2.0,2606.0,1270.0,1296.0,1285.0,1267.0,1267.0,907.0,389.0,888.0,382.0
2.0,2621.0,1257.0,1294.0,1267.0,1251.0,1251.0,906.0,388.0,879.0,378.0
2.0,2631.0,1340.0,1295.0,1251.0,1343.0,1343.0,907.0,388.0,939.0,401.0
2.0,2542.0,1337.0,1297.0,1343.0,1343.0,1343.0,908.0,389.0,935.0,402.0
2.0,2548.0,1357.0,1300.0,1343.0,1366.0,1366.0,910.0,390.0,952.0,405.0
2.0,2534.0,1360.0,1301.0,1366.0,1363.0,1363.0,911.0,390.0,951.0,409.0
2.0,2540.0,1305.0,1301.0,1363.0,1305.0,1305.0,911.0,390.0,914.0,391.0
2.0,2598.0,1284.0,1300.0,1305.0,1281.0,1281.0,910.0,390.0,898.0,386.0
2.0,2619.0,1336.0,1301.0,1281.0,1339.0,1339.0,911.0,390.0,936.0,400.0
2.0,2564.0,1341.0,1303.0,1339.0,1347.0,1347.0,912.0,391.0,939.0,402.0
2.0,2562.0,1317.0,1303.0,1347.0,1317.0,1317.0,912.0,391.0,923.0,394.0
2.0,2592.0,1353.0,1306.0,1317.0,1362.0,1362.0,914.0,392.0,946.0,407.0
2.0,2556.0,1306.0,1307.0,1362.0,1309.0,1309.0,915.0,392.0,915.0,391.0
2.0,2612.0,1277.0,1305.0,1309.0,1271.0,1271.0,914.0,391.0,893.0,384.0
2.0,2644.0,1313.0,1304.0,1271.0,1310.0,1310.0,913.0,391.0,919.0,394.0
2.0,2602.0,1373.0,1306.0,1310.0,1379.0,1379.0,914.0,392.0,962.0,411.0
2.0,2539.0,1357.0,1308.0,1379.0,1363.0,1363.0,916.0,392.0,949.0,408.0
2.0,2561.0,1319.0,1310.0,1363.0,1325.0,1325.0,917.0,393.0,924.0,395.0
2.0,2605.0,1346.0,1311.0,1325.0,1349.0,1349.0,918.0,393.0,941.0,405.0
2.0,2584.0,1367.0,1313.0,1349.0,1373.0,1373.0,919.0,394.0,959.0,408.0
2.0,2566.0,1298.0,1313.0,1373.0,1298.0,1298.0,919.0,394.0,909.0,389.0
2.0,2641.0,1335.0,1314.0,1298.0,1338.0,1338.0,920.0,394.0,935.0,400.0
2.0,2604.0,1264.0,1313.0,1338.0,1261.0,1261.0,919.0,394.0,885.0,379.0
2.0,2678.0,1336.0,1314.0,1261.0,1339.0,1339.0,920.0,394.0,934.0,402.0
2.0,2603.0,1331.0,1316.0,1339.0,1337.0,1337.0,921.0,395.0,933.0,398.0
2.0,2611.0,1345.0,1317.0,1337.0,1348.0,1348.0,922.0,395.0,942.0,403.0
2.0,2603.0,1286.0,1317.0,1348.0,1286.0,1286.0,922.0,395.0,900.0,386.0
2.0,2665.0,1377.0,1317.0,1286.0,1377.0,1377.0,922.0,395.0,964.0,413.0
2.0,2574.0,1254.0,1317.0,1377.0,1254.0,1254.0,922.0,395.0,878.0,376.0
2.0,2697.0,1330.0,1317.0,1254.0,1330.0,1330.0,922.0,395.0,931.0,399.0
2.0,2621.0,1414.0,1318.0,1330.0,1417.0,1417.0,923.0,395.0,989.0,425.0
2.0,2537.0,1357.0,1321.0,1417.0,1366.0,1366.0,925.0,396.0,952.0,405.0
2.0,2597.0,1373.0,1323.0,1366.0,1379.0,1379.0,926.0,397.0,961.0,412.0
2.0,2590.0,1443.0,1327.0,1379.0,1455.0,1455.0,929.0,398.0,1010.0,433.0
2.0,2526.0,1337.0,1326.0,1455.0,1334.0,1334.0,928.0,398.0,935.0,402.0
2.0,2644.0,1338.0,1325.0,1334.0,1335.0,1335.0,928.0,397.0,937.0,401.0
2.0,2640.0,1301.0,1324.0,1335.0,1298.0,1298.0,927.0,397.0,913.0,388.0
2.0,2674.0,1346.0,1325.0,1298.0,1349.0,1349.0,928.0,397.0,940.0,406.0
2.0,2626.0,1452.0,1328.0,1349.0,1461.0,1461.0,930.0,398.0,1017.0,435.0
2.0,2523.0,1414.0,1331.0,1461.0,1423.0,1423.0,932.0,399.0,991.0,423.0
2.0,2570.0,1377.0,1333.0,1423.0,1383.0,1383.0,933.0,400.0,963.0,414.0
2.0,2616.0,1304.0,1331.0,1383.0,1298.0,1298.0,932.0,399.0,913.0,391.0
2.0,2695.0,1297.0,1331.0,1298.0,1297.0,1297.0,932.0,399.0,909.0,388.0
2.0,2696.0,1336.0,1333.0,1297.0,1342.0,1342.0,933.0,400.0,934.0,402.0
2.0,2657.0,1317.0,1333.0,1342.0,1317.0,1317.0,933.0,400.0,922.0,395.0
2.0,2682.0,1425.0,1336.0,1317.0,1434.0,1434.0,935.0,401.0,997.0,428.0
2.0,2574.0,1402.0,1338.0,1434.0,1408.0,1408.0,937.0,401.0,983.0,419.0
2.0,2606.0,1360.0,1338.0,1408.0,1360.0,1360.0,937.0,401.0,950.0,410.0
2.0,2654.0,1414.0,1340.0,1360.0,1420.0,1420.0,938.0,402.0,991.0,423.0
2.0,2600.0,1264.0,1338.0,1420.0,1258.0,1258.0,937.0,401.0,884.0,380.0
2.0,2756.0,1321.0,1337.0,1258.0,1318.0,1318.0,936.0,401.0,927.0,394.0
2.0,2693.0,1300.0,1338.0,1318.0,1303.0,1303.0,937.0,401.0,910.0,390.0
2.0,2711.0,1402.0,1340.0,1303.0,1408.0,1408.0,938.0,402.0,981.0,421.0
2.0,2612.0,1367.0,1343.0,1408.0,1376.0,1376.0,940.0,403.0,956.0,411.0
2.0,2653.0,1380.0,1343.0,1376.0,1380.0,1380.0,940.0,403.0,966.0,414.0
2.0,2649.0,1287.0,1343.0,1380.0,1287.0,1287.0,940.0,403.0,901.0,386.0
2.0,2742.0,1335.0,1341.0,1287.0,1329.0,1329.0,939.0,402.0,935.0,400.0
2.0,2694.0,1308.0,1341.0,1329.0,1308.0,1308.0,939.0,402.0,917.0,391.0
2.0,2715.0,1340.0,1341.0,1308.0,1340.0,1340.0,939.0,402.0,937.0,403.0
2.0,2683.0,1406.0,1344.0,1340.0,1415.0,1415.0,941.0,403.0,985.0,421.0
2.0,2617.0,1399.0,1345.0,1415.0,1402.0,1402.0,942.0,403.0,978.0,421.0
2.0,2633.0,1353.0,1345.0,1402.0,1353.0,1353.0,942.0,403.0,947.0,406.0
2.0,2682.0,1383.0,1347.0,1353.0,1389.0,1389.0,943.0,404.0,969.0,414.0
2.0,2652.0,1325.0,1346.0,1389.0,1322.0,1322.0,942.0,404.0,928.0,397.0
2.0,2716.0,1261.0,1345.0,1322.0,1258.0,1258.0,942.0,403.0,882.0,379.0
2.0,2777.0,1350.0,1347.0,1258.0,1356.0,1356.0,943.0,404.0,946.0,404.0
2.0,2685.0,1403.0,1348.0,1356.0,1406.0,1406.0,944.0,404.0,981.0,422.0
2.0,2638.0,1448.0,1350.0,1406.0,1454.0,1454.0,945.0,405.0,1015.0,433.0
2.0,2596.0,1356.0,1350.0,1454.0,1356.0,1356.0,945.0,405.0,949.0,407.0
2.0,2694.0,1391.0,1351.0,1356.0,1394.0,1394.0,946.0,405.0,975.0,416.0
2.0,2659.0,1337.0,1351.0,1394.0,1337.0,1337.0,946.0,405.0,936.0,401.0
2.0,2716.0,1380.0,1351.0,1337.0,1380.0,1380.0,946.0,405.0,964.0,416.0
2.0,2673.0,1401.0,1353.0,1380.0,1407.0,1407.0,947.0,406.0,983.0,418.0
2.0,2652.0,1368.0,1354.0,1407.0,1371.0,1371.0,948.0,406.0,958.0,410.0
2.0,2691.0,1434.0,1357.0,1371.0,1443.0,1443.0,950.0,407.0,1004.0,430.0
2.0,2628.0,1403.0,1358.0,1443.0,1406.0,1406.0,951.0,407.0,981.0,422.0
2.0,2668.0,1316.0,1358.0,1406.0,1316.0,1316.0,951.0,407.0,921.0,395.0
2.0,2758.0,1392.0,1359.0,1316.0,1395.0,1395.0,951.0,408.0,975.0,417.0
2.0,2682.0,1298.0,1360.0,1395.0,1301.0,1301.0,952.0,408.0,909.0,389.0
2.0,2779.0,1356.0,1359.0,1301.0,1353.0,1353.0,951.0,408.0,949.0,407.0
2.0,2724.0,1479.0,1363.0,1353.0,1491.0,1491.0,954.0,409.0,1035.0,444.0
2.0,2598.0,1394.0,1364.0,1491.0,1397.0,1397.0,955.0,409.0,977.0,417.0
2.0,2695.0,1387.0,1364.0,1397.0,1387.0,1387.0,955.0,409.0,971.0,416.0
2.0,2705.0,1365.0,1364.0,1387.0,1365.0,1365.0,955.0,409.0,956.0,409.0
2.0,2727.0,1343.0,1363.0,1365.0,1340.0,1340.0,954.0,409.0,940.0,403.0
2.0,2749.0,1408.0,1363.0,1340.0,1408.0,1408.0,954.0,409.0,986.0,422.0
2.0,2681.0,1404.0,1364.0,1408.0,1407.0,1407.0,955.0,409.0,983.0,421.0
2.0,2685.0,1382.0,1365.0,1407.0,1385.0,1385.0,956.0,409.0,966.0,416.0
2.0,2710.0,1440.0,1367.0,1385.0,1446.0,1446.0,957.0,410.0,1010.0,430.0
2.0,2655.0,1416.0,1369.0,1446.0,1422.0,1422.0,958.0,411.0,990.0,426.0
2.0,2685.0,1317.0,1366.0,1422.0,1308.0,1308.0,956.0,410.0,922.0,395.0
2.0,2790.0,1331.0,1364.0,1308.0,1325.0,1325.0,955.0,409.0,931.0,400.0
2.0,2767.0,1284.0,1363.0,1325.0,1281.0,1281.0,954.0,409.0,900.0,384.0
2.0,2808.0,1422.0,1365.0,1281.0,1428.0,1428.0,956.0,409.0,994.0,428.0
2.0,2667.0,1342.0,1366.0,1428.0,1345.0,1345.0,956.0,410.0,940.0,402.0
2.0,2753.0,1399.0,1367.0,1345.0,1402.0,1402.0,957.0,410.0,980.0,419.0
2.0,2699.0,1416.0,1369.0,1402.0,1422.0,1422.0,958.0,411.0,990.0,426.0
2.0,2685.0,1328.0,1367.0,1422.0,1322.0,1322.0,957.0,410.0,929.0,399.0
2.0,2779.0,1317.0,1366.0,1322.0,1314.0,1314.0,956.0,410.0,923.0,394.0
2.0,2784.0,1348.0,1365.0,1314.0,1345.0,1345.0,956.0,409.0,944.0,404.0
2.0,2750.0,1338.0,1364.0,1345.0,1335.0,1335.0,955.0,409.0,936.0,402.0
2.0,2757.0,1364.0,1366.0,1335.0,1370.0,1370.0,956.0,410.0,956.0,408.0
2.0,2728.0,1483.0,1369.0,1370.0,1492.0,1492.0,958.0,411.0,1038.0,445.0
2.0,2615.0,1371.0,1370.0,1492.0,1374.0,1374.0,959.0,411.0,961.0,410.0
2.0,2736.0,1354.0,1370.0,1374.0,1354.0,1354.0,959.0,411.0,948.0,406.0
2.0,2756.0,1313.0,1368.0,1354.0,1307.0,1307.0,958.0,410.0,918.0,395.0
2.0,2797.0,1386.0,1368.0,1307.0,1386.0,1386.0,958.0,410.0,970.0,416.0
2.0,2718.0,1383.0,1370.0,1386.0,1389.0,1389.0,959.0,411.0,969.0,414.0
2.0,2721.0,1420.0,1371.0,1389.0,1423.0,1423.0,960.0,411.0,993.0,427.0
2.0,2690.0,1435.0,1374.0,1423.0,1444.0,1444.0,962.0,412.0,1004.0,431.0
2.0,2678.0,1346.0,1374.0,1444.0,1346.0,1346.0,962.0,412.0,942.0,404.0
2.0,2776.0,1304.0,1373.0,1346.0,1301.0,1301.0,961.0,412.0,914.0,390.0
2.0,2818.0,1353.0,1371.0,1301.0,1347.0,1347.0,960.0,411.0,946.0,407.0
2.0,2766.0,1380.0,1373.0,1347.0,1386.0,1386.0,961.0,412.0,967.0,413.0
2.0,2733.0,1388.0,1373.0,1386.0,1388.0,1388.0,961.0,412.0,972.0,416.0
2.0,2731.0,1433.0,1374.0,1388.0,1436.0,1436.0,962.0,412.0,1002.0,431.0
2.0,2686.0,1416.0,1377.0,1436.0,1425.0,1425.0,964.0,413.0,991.0,425.0
2.0,2706.0,1423.0,1379.0,1425.0,1429.0,1429.0,965.0,414.0,997.0,426.0
2.0,2708.0,1394.0,1378.0,1429.0,1391.0,1391.0,965.0,413.0,976.0,418.0
2.0,2743.0,1380.0,1377.0,1391.0,1377.0,1377.0,964.0,413.0,965.0,415.0
2.0,2754.0,1398.0,1378.0,1377.0,1401.0,1401.0,965.0,413.0,980.0,418.0
2.0,2733.0,1314.0,1377.0,1401.0,1311.0,1311.0,964.0,413.0,921.0,393.0
2.0,2820.0,1429.0,1378.0,1311.0,1432.0,1432.0,965.0,413.0,999.0,430.0
2.0,2702.0,1338.0,1377.0,1432.0,1335.0,1335.0,964.0,413.0,936.0,402.0
2.0,2796.0,1393.0,1377.0,1335.0,1393.0,1393.0,964.0,413.0,975.0,418.0
2.0,2738.0,1391.0,1378.0,1393.0,1394.0,1394.0,965.0,413.0,975.0,416.0
2.0,2740.0,1357.0,1377.0,1394.0,1354.0,1354.0,964.0,413.0,951.0,406.0
2.0,2777.0,1438.0,1377.0,1354.0,1438.0,1438.0,964.0,413.0,1005.0,433.0
2.0,2693.0,1377.0,1378.0,1438.0,1380.0,1380.0,965.0,413.0,965.0,412.0
2.0,2754.0,1401.0,1378.0,1380.0,1401.0,1401.0,965.0,413.0,981.0,420.0
2.0,2733.0,1417.0,1381.0,1401.0,1426.0,1426.0,967.0,414.0,992.0,425.0
2.0,2717.0,1518.0,1384.0,1426.0,1527.0,1527.0,969.0,415.0,1062.0,456.0
2.0,2625.0,1404.0,1383.0,1527.0,1401.0,1401.0,968.0,415.0,984.0,420.0
2.0,2748.0,1383.0,1383.0,1401.0,1383.0,1383.0,968.0,415.0,968.0,415.0
2.0,2766.0,1334.0,1381.0,1383.0,1328.0,1328.0,967.0,414.0,933.0,401.0
2.0,2815.0,1420.0,1383.0,1328.0,1426.0,1426.0,968.0,415.0,995.0,425.0
2.0,2723.0,1433.0,1384.0,1426.0,1436.0,1436.0,969.0,415.0,1002.0,431.0
2.0,2716.0,1464.0,1385.0,1436.0,1467.0,1467.0,970.0,415.0,1026.0,438.0
2.0,2688.0,1413.0,1385.0,1467.0,1413.0,1413.0,970.0,415.0,989.0,424.0
2.0,2742.0,1384.0,1385.0,1413.0,1384.0,1384.0,970.0,415.0,969.0,415.0
2.0,2771.0,1340.0,1383.0,1384.0,1334.0,1334.0,968.0,415.0,937.0,403.0
2.0,2815.0,1408.0,1383.0,1334.0,1408.0,1408.0,968.0,415.0,986.0,422.0
2.0,2741.0,1390.0,1384.0,1408.0,1393.0,1393.0,969.0,415.0,973.0,417.0
2.0,2759.0,1379.0,1386.0,1393.0,1385.0,1385.0,970.0,416.0,966.0,413.0
2.0,2773.0,1467.0,1389.0,1385.0,1476.0,1476.0,972.0,417.0,1027.0,440.0
2.0,2691.0,1499.0,1390.0,1476.0,1502.0,1502.0,973.0,417.0,1048.0,451.0
2.0,2668.0,1437.0,1393.0,1502.0,1446.0,1446.0,975.0,418.0,1008.0,429.0
2.0,2733.0,1400.0,1393.0,1446.0,1400.0,1400.0,975.0,418.0,980.0,420.0
2.0,2779.0,1403.0,1393.0,1400.0,1403.0,1403.0,975.0,418.0,982.0,421.0
2.0,2776.0,1417.0,1394.0,1403.0,1420.0,1420.0,976.0,418.0,991.0,426.0
2.0,2762.0,1443.0,1396.0,1420.0,1449.0,1449.0,977.0,419.0,1011.0,432.0
2.0,2739.0,1382.0,1397.0,1449.0,1385.0,1385.0,978.0,419.0,968.0,414.0
2.0,2806.0,1384.0,1397.0,1385.0,1384.0,1384.0,978.0,419.0,967.0,417.0
2.0,2807.0,1424.0,1399.0,1384.0,1430.0,1430.0,979.0,420.0,998.0,426.0
2.0,2767.0,1434.0,1398.0,1430.0,1431.0,1431.0,979.0,419.0,1003.0,431.0
2.0,2763.0,1410.0,1399.0,1431.0,1413.0,1413.0,979.0,420.0,988.0,422.0
2.0,2784.0,1421.0,1400.0,1413.0,1424.0,1424.0,980.0,420.0,996.0,425.0
2.0,2776.0,1476.0,1403.0,1424.0,1485.0,1485.0,982.0,421.0,1033.0,443.0
2.0,2724.0,1406.0,1404.0,1485.0,1409.0,1409.0,983.0,421.0,984.0,422.0
2.0,2803.0,1390.0,1404.0,1409.0,1390.0,1390.0,983.0,421.0,973.0,417.0
2.0,2822.0,1363.0,1403.0,1390.0,1360.0,1360.0,982.0,421.0,954.0,409.0
2.0,2849.0,1411.0,1403.0,1360.0,1411.0,1411.0,982.0,421.0,987.0,424.0
2.0,2798.0,1412.0,1403.0,1411.0,1412.0,1412.0,982.0,421.0,989.0,423.0
2.0,2797.0,1425.0,1406.0,1412.0,1434.0,1434.0,984.0,422.0,997.0,428.0
2.0,2784.0,1438.0,1407.0,1434.0,1441.0,1441.0,985.0,422.0,1008.0,430.0
2.0,2780.0,1459.0,1409.0,1441.0,1465.0,1465.0,986.0,423.0,1020.0,439.0
2.0,2762.0,1423.0,1410.0,1465.0,1426.0,1426.0,987.0,423.0,996.0,427.0
2.0,2804.0,1414.0,1409.0,1426.0,1411.0,1411.0,986.0,423.0,990.0,424.0
2.0,2816.0,1388.0,1408.0,1411.0,1385.0,1385.0,986.0,422.0,972.0,416.0
2.0,2839.0,1391.0,1408.0,1385.0,1391.0,1391.0,986.0,422.0,973.0,418.0
2.0,2833.0,1457.0,1410.0,1391.0,1463.0,1463.0,987.0,423.0,1021.0,436.0
2.0,2767.0,1423.0,1410.0,1463.0,1423.0,1423.0,987.0,423.0,997.0,426.0
2.0,2807.0,1449.0,1411.0,1423.0,1452.0,1452.0,988.0,423.0,1012.0,437.0
2.0,2781.0,1475.0,1414.0,1452.0,1484.0,1484.0,990.0,424.0,1032.0,443.0
2.0,2758.0,1436.0,1414.0,1484.0,1436.0,1436.0,990.0,424.0,1006.0,430.0
2.0,2806.0,1444.0,1416.0,1436.0,1450.0,1450.0,991.0,425.0,1012.0,432.0
2.0,2798.0,1496.0,1418.0,1450.0,1502.0,1502.0,993.0,425.0,1046.0,450.0
2.0,2752.0,1466.0,1420.0,1502.0,1472.0,1472.0,994.0,426.0,1027.0,439.0
2.0,2788.0,1489.0,1423.0,1472.0,1498.0,1498.0,996.0,427.0,1042.0,447.0
2.0,2771.0,1553.0,1424.0,1498.0,1556.0,1556.0,997.0,427.0,1088.0,465.0
2.0,2716.0,1475.0,1426.0,1556.0,1481.0,1481.0,998.0,428.0,1032.0,443.0
2.0,2797.0,1390.0,1426.0,1481.0,1390.0,1390.0,998.0,428.0,972.0,418.0
2.0,2888.0,1441.0,1427.0,1390.0,1444.0,1444.0,999.0,428.0,1010.0,431.0
2.0,2837.0,1379.0,1424.0,1444.0,1370.0,1370.0,997.0,427.0,966.0,413.0
2.0,2902.0,1477.0,1426.0,1370.0,1483.0,1483.0,998.0,428.0,1033.0,444.0
2.0,2795.0,1414.0,1426.0,1483.0,1414.0,1414.0,998.0,428.0,990.0,424.0
2.0,2864.0,1487.0,1429.0,1414.0,1496.0,1496.0,1000.0,429.0,1041.0,446.0
2.0,2791.0,1499.0,1430.0,1496.0,1502.0,1502.0,1001.0,429.0,1050.0,449.0
2.0,2788.0,1428.0,1430.0,1502.0,1428.0,1428.0,1001.0,429.0,1000.0,428.0
2.0,2862.0,1457.0,1430.0,1428.0,1457.0,1457.0,1001.0,429.0,1020.0,437.0
2.0,2833.0,1467.0,1431.0,1457.0,1470.0,1470.0,1002.0,429.0,1028.0,439.0
2.0,2823.0,1432.0,1433.0,1470.0,1438.0,1438.0,1003.0,430.0,1001.0,431.0
2.0,2861.0,1525.0,1436.0,1438.0,1534.0,1534.0,1005.0,431.0,1067.0,458.0
2.0,2774.0,1476.0,1437.0,1534.0,1479.0,1479.0,1006.0,431.0,1034.0,442.0
2.0,2832.0,1476.0,1439.0,1479.0,1482.0,1482.0,1007.0,432.0,1032.0,444.0
2.0,2835.0,1400.0,1439.0,1482.0,1400.0,1400.0,1007.0,432.0,980.0,420.0
2.0,2917.0,1430.0,1438.0,1400.0,1427.0,1427.0,1007.0,431.0,1001.0,429.0
2.0,2887.0,1342.0,1435.0,1427.0,1333.0,1333.0,1005.0,430.0,940.0,402.0
2.0,2972.0,1493.0,1437.0,1333.0,1499.0,1499.0,1006.0,431.0,1046.0,447.0
2.0,2812.0,1474.0,1438.0,1499.0,1477.0,1477.0,1007.0,431.0,1033.0,441.0
2.0,2837.0,1473.0,1439.0,1477.0,1476.0,1476.0,1007.0,432.0,1030.0,443.0
2.0,2841.0,1457.0,1440.0,1476.0,1460.0,1460.0,1008.0,432.0,1020.0,437.0
2.0,2860.0,1461.0,1440.0,1460.0,1461.0,1461.0,1008.0,432.0,1023.0,438.0
2.0,2859.0,1420.0,1441.0,1461.0,1423.0,1423.0,1009.0,432.0,995.0,425.0
2.0,2900.0,1452.0,1443.0,1423.0,1458.0,1458.0,1010.0,433.0,1015.0,437.0
2.0,2871.0,1377.0,1441.0,1458.0,1371.0,1371.0,1009.0,432.0,963.0,414.0
2.0,2952.0,1489.0,1443.0,1371.0,1495.0,1495.0,1010.0,433.0,1043.0,446.0
2.0,2834.0,1537.0,1444.0,1495.0,1540.0,1540.0,1011.0,433.0,1076.0,461.0
2.0,2792.0,1520.0,1447.0,1540.0,1529.0,1529.0,1013.0,434.0,1065.0,455.0
2.0,2812.0,1460.0,1447.0,1529.0,1460.0,1460.0,1013.0,434.0,1022.0,438.0
2.0,2881.0,1362.0,1446.0,1460.0,1359.0,1359.0,1012.0,434.0,953.0,409.0
2.0,2979.0,1430.0,1447.0,1359.0,1433.0,1433.0,1013.0,434.0,1002.0,428.0
2.0,2908.0,1470.0,1448.0,1433.0,1473.0,1473.0,1014.0,434.0,1028.0,442.0
2.0,2871.0,1500.0,1450.0,1473.0,1506.0,1506.0,1015.0,435.0,1051.0,449.0
2.0,2844.0,1487.0,1451.0,1506.0,1490.0,1490.0,1016.0,435.0,1040.0,447.0
2.0,2863.0,1522.0,1454.0,1490.0,1531.0,1531.0,1018.0,436.0,1067.0,455.0
2.0,2831.0,1398.0,1453.0,1531.0,1395.0,1395.0,1017.0,436.0,978.0,420.0
2.0,2964.0,1437.0,1453.0,1395.0,1437.0,1437.0,1017.0,436.0,1006.0,431.0
2.0,2922.0,1493.0,1454.0,1437.0,1496.0,1496.0,1018.0,436.0,1046.0,447.0
2.0,2866.0,1501.0,1455.0,1496.0,1504.0,1504.0,1019.0,436.0,1050.0,451.0
2.0,2861.0,1563.0,1459.0,1504.0,1575.0,1575.0,1021.0,438.0,1094.0,469.0
2.0,2802.0,1466.0,1460.0,1575.0,1469.0,1469.0,1022.0,438.0,1027.0,439.0
2.0,2911.0,1586.0,1463.0,1469.0,1595.0,1595.0,1024.0,439.0,1110.0,476.0
2.0,2794.0,1411.0,1463.0,1595.0,1411.0,1411.0,1024.0,439.0,988.0,423.0
2.0,2978.0,1447.0,1463.0,1411.0,1447.0,1447.0,1024.0,439.0,1013.0,434.0
2.0,2942.0,1460.0,1462.0,1447.0,1457.0,1457.0,1024.0,438.0,1022.0,438.0
2.0,2929.0,1480.0,1463.0,1457.0,1483.0,1483.0,1024.0,439.0,1036.0,444.0
2.0,2906.0,1481.0,1464.0,1483.0,1484.0,1484.0,1025.0,439.0,1038.0,443.0
2.0,2908.0,1452.0,1463.0,1484.0,1449.0,1449.0,1024.0,439.0,1016.0,436.0
2.0,2940.0,1501.0,1464.0,1449.0,1504.0,1504.0,1025.0,439.0,1052.0,449.0
2.0,2888.0,1440.0,1463.0,1504.0,1437.0,1437.0,1024.0,439.0,1007.0,433.0
2.0,2952.0,1467.0,1461.0,1437.0,1461.0,1461.0,1023.0,438.0,1028.0,439.0
2.0,2922.0,1440.0,1460.0,1461.0,1437.0,1437.0,1022.0,438.0,1008.0,432.0
2.0,2943.0,1499.0,1463.0,1437.0,1508.0,1508.0,1024.0,439.0,1048.0,451.0
2.0,2881.0,1470.0,1463.0,1508.0,1470.0,1470.0,1024.0,439.0,1030.0,440.0
2.0,2919.0,1496.0,1465.0,1470.0,1502.0,1502.0,1026.0,439.0,1046.0,450.0
2.0,2893.0,1544.0,1467.0,1502.0,1550.0,1550.0,1027.0,440.0,1082.0,462.0
2.0,2851.0,1455.0,1467.0,1550.0,1455.0,1455.0,1027.0,440.0,1019.0,436.0
2.0,2946.0,1454.0,1467.0,1455.0,1454.0,1454.0,1027.0,440.0,1018.0,436.0
2.0,2947.0,1441.0,1466.0,1454.0,1438.0,1438.0,1026.0,440.0,1008.0,433.0
2.0,2960.0,1491.0,1467.0,1438.0,1494.0,1494.0,1027.0,440.0,1045.0,446.0
2.0,2907.0,1507.0,1467.0,1494.0,1507.0,1507.0,1027.0,440.0,1056.0,451.0
2.0,2894.0,1499.0,1468.0,1507.0,1502.0,1502.0,1028.0,440.0,1047.0,452.0
2.0,2902.0,1493.0,1470.0,1502.0,1499.0,1499.0,1029.0,441.0,1046.0,447.0
2.0,2911.0,1448.0,1468.0,1499.0,1442.0,1442.0,1028.0,440.0,1013.0,435.0
2.0,2962.0,1405.0,1467.0,1442.0,1402.0,1402.0,1027.0,440.0,985.0,420.0
2.0,2999.0,1480.0,1467.0,1402.0,1480.0,1480.0,1027.0,440.0,1037.0,443.0
2.0,2921.0,1489.0,1468.0,1480.0,1492.0,1492.0,1028.0,440.0,1041.0,448.0
2.0,2912.0,1498.0,1470.0,1492.0,1504.0,1504.0,1029.0,441.0,1050.0,448.0
2.0,2906.0,1572.0,1474.0,1504.0,1584.0,1584.0,1032.0,442.0,1100.0,472.0
2.0,2838.0,1501.0,1474.0,1584.0,1501.0,1501.0,1032.0,442.0,1052.0,449.0
2.0,2921.0,1460.0,1474.0,1501.0,1460.0,1460.0,1032.0,442.0,1021.0,439.0
2.0,2962.0,1438.0,1473.0,1460.0,1435.0,1435.0,1031.0,442.0,1007.0,431.0
2.0,2984.0,1441.0,1473.0,1435.0,1441.0,1441.0,1031.0,442.0,1009.0,432.0
2.0,2978.0,1483.0,1473.0,1441.0,1483.0,1483.0,1031.0,442.0,1038.0,445.0
2.0,2936.0,1547.0,1476.0,1483.0,1556.0,1556.0,1033.0,443.0,1083.0,464.0
2.0,2872.0,1438.0,1475.0,1556.0,1435.0,1435.0,1033.0,442.0,1007.0,431.0
2.0,2990.0,1459.0,1477.0,1435.0,1465.0,1465.0,1034.0,443.0,1022.0,437.0
2.0,2966.0,1468.0,1477.0,1465.0,1468.0,1468.0,1034.0,443.0,1027.0,441.0
2.0,2963.0,1470.0,1475.0,1468.0,1464.0,1464.0,1033.0,442.0,1029.0,441.0
2.0,2961.0,1498.0,1475.0,1464.0,1498.0,1498.0,1033.0,442.0,1048.0,450.0
2.0,2927.0,1490.0,1475.0,1498.0,1490.0,1490.0,1033.0,442.0,1044.0,446.0
2.0,2935.0,1515.0,1478.0,1490.0,1524.0,1524.0,1035.0,443.0,1060.0,455.0
2.0,2910.0,1519.0,1480.0,1524.0,1525.0,1525.0,1036.0,444.0,1064.0,455.0
2.0,2915.0,1544.0,1481.0,1525.0,1547.0,1547.0,1037.0,444.0,1080.0,464.0
2.0,2896.0,1493.0,1481.0,1547.0,1493.0,1493.0,1037.0,444.0,1045.0,448.0
2.0,2950.0,1550.0,1483.0,1493.0,1556.0,1556.0,1038.0,445.0,1086.0,464.0
2.0,2893.0,1501.0,1483.0,1556.0,1501.0,1501.0,1038.0,445.0,1051.0,450.0
2.0,2948.0,1530.0,1485.0,1501.0,1536.0,1536.0,1040.0,445.0,1070.0,460.0
2.0,2919.0,1546.0,1487.0,1536.0,1552.0,1552.0,1041.0,446.0,1084.0,462.0
2.0,2909.0,1538.0,1488.0,1552.0,1541.0,1541.0,1042.0,446.0,1075.0,463.0
2.0,2923.0,1511.0,1488.0,1541.0,1511.0,1511.0,1042.0,446.0,1058.0,453.0
2.0,2953.0,1421.0,1485.0,1511.0,1412.0,1412.0,1040.0,445.0,996.0,425.0
2.0,3043.0,1407.0,1484.0,1412.0,1404.0,1404.0,1039.0,445.0,984.0,423.0
2.0,3048.0,1455.0,1481.0,1404.0,1446.0,1446.0,1037.0,444.0,1019.0,436.0
2.0,2997.0,1533.0,1484.0,1446.0,1542.0,1542.0,1039.0,445.0,1073.0,460.0
2.0,2910.0,1587.0,1487.0,1542.0,1596.0,1596.0,1041.0,446.0,1113.0,474.0
2.0,2865.0,1542.0,1488.0,1596.0,1545.0,1545.0,1042.0,446.0,1078.0,464.0
2.0,2919.0,1511.0,1488.0,1545.0,1511.0,1511.0,1042.0,446.0,1058.0,453.0
2.0,2953.0,1484.0,1489.0,1511.0,1487.0,1487.0,1042.0,447.0,1039.0,445.0
2.0,2980.0,1447.0,1488.0,1487.0,1444.0,1444.0,1042.0,446.0,1013.0,434.0
2.0,3020.0,1487.0,1488.0,1444.0,1487.0,1487.0,1042.0,446.0,1041.0,446.0
2.0,2977.0,1529.0,1490.0,1487.0,1535.0,1535.0,1043.0,447.0,1071.0,458.0
2.0,2935.0,1576.0,1493.0,1535.0,1585.0,1585.0,1045.0,448.0,1102.0,474.0
2.0,2894.0,1500.0,1494.0,1585.0,1503.0,1503.0,1046.0,448.0,1051.0,449.0
2.0,2979.0,1501.0,1494.0,1503.0,1501.0,1501.0,1046.0,448.0,1051.0,450.0
2.0,2981.0,1461.0,1493.0,1501.0,1458.0,1458.0,1045.0,448.0,1023.0,438.0
2.0,3021.0,1570.0,1494.0,1458.0,1573.0,1573.0,1046.0,448.0,1098.0,472.0
2.0,2909.0,1511.0,1494.0,1573.0,1511.0,1511.0,1046.0,448.0,1058.0,453.0
2.0,2971.0,1516.0,1495.0,1511.0,1519.0,1519.0,1047.0,448.0,1062.0,454.0
2.0,2966.0,1551.0,1497.0,1519.0,1557.0,1557.0,1048.0,449.0,1087.0,464.0
2.0,2934.0,1575.0,1500.0,1557.0,1584.0,1584.0,1050.0,450.0,1102.0,473.0
2.0,2916.0,1464.0,1500.0,1584.0,1464.0,1464.0,1050.0,450.0,1024.0,440.0
2.0,3036.0,1514.0,1500.0,1464.0,1514.0,1514.0,1050.0,450.0,1060.0,454.0
2.0,2986.0,1523.0,1500.0,1514.0,1523.0,1523.0,1050.0,450.0,1067.0,456.0
2.0,2977.0,1463.0,1500.0,1523.0,1463.0,1463.0,1050.0,450.0,1023.0,440.0
2.0,3037.0,1441.0,1500.0,1463.0,1441.0,1441.0,1050.0,450.0,1009.0,432.0
2.0,3059.0,1593.0,1503.0,1441.0,1602.0,1602.0,1052.0,451.0,1116.0,477.0
2.0,2907.0,1580.0,1504.0,1602.0,1583.0,1583.0,1053.0,451.0,1105.0,475.0
2.0,2929.0,1568.0,1506.0,1583.0,1574.0,1574.0,1054.0,452.0,1099.0,469.0
2.0,2944.0,1546.0,1507.0,1574.0,1549.0,1549.0,1055.0,452.0,1083.0,463.0
2.0,2972.0,1492.0,1506.0,1549.0,1489.0,1489.0,1054.0,452.0,1044.0,448.0
2.0,3029.0,1481.0,1505.0,1489.0,1478.0,1478.0,1054.0,451.0,1036.0,445.0
2.0,3037.0,1504.0,1506.0,1478.0,1507.0,1507.0,1054.0,452.0,1054.0,450.0
2.0,3011.0,1542.0,1508.0,1507.0,1548.0,1548.0,1056.0,452.0,1078.0,464.0
2.0,2976.0,1530.0,1510.0,1548.0,1536.0,1536.0,1057.0,453.0,1072.0,458.0
2.0,2994.0,1572.0,1511.0,1536.0,1575.0,1575.0,1058.0,453.0,1100.0,472.0
2.0,2958.0,1538.0,1511.0,1575.0,1538.0,1538.0,1058.0,453.0,1077.0,461.0
2.0,2995.0,1483.0,1513.0,1538.0,1489.0,1489.0,1059.0,454.0,1038.0,445.0
2.0,3050.0,1533.0,1514.0,1489.0,1536.0,1536.0,1060.0,454.0,1074.0,459.0
2.0,3006.0,1517.0,1514.0,1536.0,1517.0,1517.0,1060.0,454.0,1061.0,456.0
2.0,3025.0,1566.0,1517.0,1517.0,1575.0,1575.0,1062.0,455.0,1097.0,469.0
2.0,2976.0,1521.0,1517.0,1575.0,1521.0,1521.0,1062.0,455.0,1065.0,456.0
2.0,3030.0,1514.0,1517.0,1521.0,1514.0,1514.0,1062.0,455.0,1061.0,453.0
2.0,3037.0,1511.0,1517.0,1514.0,1511.0,1511.0,1062.0,455.0,1058.0,453.0
2.0,3040.0,1448.0,1516.0,1511.0,1445.0,1445.0,1061.0,455.0,1013.0,435.0
2.0,3103.0,1483.0,1514.0,1445.0,1477.0,1477.0,1060.0,454.0,1037.0,446.0
2.0,3065.0,1596.0,1517.0,1477.0,1605.0,1605.0,1062.0,455.0,1118.0,478.0
2.0,2946.0,1543.0,1517.0,1605.0,1543.0,1543.0,1062.0,455.0,1080.0,463.0
2.0,3008.0,1563.0,1517.0,1543.0,1563.0,1563.0,1062.0,455.0,1093.0,470.0
2.0,2988.0,1484.0,1517.0,1563.0,1484.0,1484.0,1062.0,455.0,1041.0,443.0
2.0,3067.0,1544.0,1517.0,1484.0,1544.0,1544.0,1062.0,455.0,1081.0,463.0
2.0,3007.0,1467.0,1515.0,1544.0,1461.0,1461.0,1061.0,454.0,1026.0,441.0
2.0,3084.0,1414.0,1514.0,1461.0,1411.0,1411.0,1060.0,454.0,991.0,423.0
2.0,3131.0,1529.0,1516.0,1411.0,1535.0,1535.0,1061.0,455.0,1069.0,460.0
2.0,3013.0,1523.0,1518.0,1535.0,1529.0,1529.0,1063.0,455.0,1065.0,458.0
2.0,3025.0,1543.0,1520.0,1529.0,1549.0,1549.0,1064.0,456.0,1081.0,462.0
2.0,3011.0,1519.0,1520.0,1549.0,1519.0,1519.0,1064.0,456.0,1063.0,456.0
2.0,3041.0,1518.0,1518.0,1519.0,1512.0,1512.0,1063.0,455.0,1062.0,456.0
2.0,3042.0,1493.0,1517.0,1512.0,1490.0,1490.0,1062.0,455.0,1047.0,446.0
2.0,3061.0,1507.0,1517.0,1490.0,1507.0,1507.0,1062.0,455.0,1055.0,452.0
2.0,3044.0,1520.0,1517.0,1507.0,1520.0,1520.0,1062.0,455.0,1062.0,458.0
2.0,3031.0,1682.0,1523.0,1520.0,1700.0,1700.0,1066.0,457.0,1178.0,504.0
2.0,2869.0,1561.0,1524.0,1700.0,1564.0,1564.0,1067.0,457.0,1094.0,467.0
2.0,3008.0,1564.0,1524.0,1564.0,1564.0,1564.0,1067.0,457.0,1094.0,470.0
2.0,3008.0,1524.0,1523.0,1564.0,1521.0,1521.0,1066.0,457.0,1068.0,456.0
2.0,3048.0,1510.0,1523.0,1521.0,1510.0,1510.0,1066.0,457.0,1057.0,453.0
2.0,3059.0,1561.0,1524.0,1510.0,1564.0,1564.0,1067.0,457.0,1092.0,469.0
2.0,3008.0,1604.0,1527.0,1564.0,1613.0,1613.0,1069.0,458.0,1125.0,479.0
2.0,2968.0,1500.0,1526.0,1613.0,1497.0,1497.0,1068.0,458.0,1049.0,451.0
2.0,3081.0,1579.0,1527.0,1497.0,1582.0,1582.0,1069.0,458.0,1104.0,475.0
2.0,2999.0,1582.0,1528.0,1582.0,1585.0,1585.0,1070.0,458.0,1108.0,474.0
2.0,2999.0,1515.0,1528.0,1585.0,1515.0,1515.0,1070.0,458.0,1060.0,455.0
2.0,3069.0,1497.0,1527.0,1515.0,1494.0,1494.0,1069.0,458.0,1049.0,448.0
2.0,3087.0,1509.0,1527.0,1494.0,1509.0,1509.0,1069.0,458.0,1055.0,454.0
2.0,3072.0,1519.0,1527.0,1509.0,1519.0,1519.0,1069.0,458.0,1063.0,456.0
2.0,3062.0,1644.0,1530.0,1519.0,1653.0,1653.0,1071.0,459.0,1153.0,491.0
2.0,2937.0,1619.0,1533.0,1653.0,1628.0,1628.0,1073.0,460.0,1133.0,486.0
2.0,2971.0,1552.0,1534.0,1628.0,1555.0,1555.0,1074.0,460.0,1085.0,467.0
2.0,3047.0,1544.0,1534.0,1555.0,1544.0,1544.0,1074.0,460.0,1080.0,464.0
2.0,3058.0,1520.0,1533.0,1544.0,1517.0,1517.0,1073.0,460.0,1066.0,454.0
2.0,3082.0,1561.0,1533.0,1517.0,1561.0,1561.0,1073.0,460.0,1093.0,468.0
2.0,3038.0,1536.0,1533.0,1561.0,1536.0,1536.0,1073.0,460.0,1075.0,461.0
2.0,3063.0,1619.0,1534.0,1536.0,1622.0,1622.0,1074.0,460.0,1132.0,487.0
2.0,2980.0,1619.0,1537.0,1622.0,1628.0,1628.0,1076.0,461.0,1133.0,486.0
2.0,2983.0,1559.0,1539.0,1628.0,1565.0,1565.0,1077.0,462.0,1092.0,467.0
2.0,3052.0,1543.0,1538.0,1565.0,1540.0,1540.0,1077.0,461.0,1080.0,463.0
2.0,3074.0,1508.0,1538.0,1540.0,1508.0,1508.0,1077.0,461.0,1056.0,452.0
2.0,3106.0,1517.0,1537.0,1508.0,1514.0,1514.0,1076.0,461.0,1061.0,456.0
2.0,3097.0,1616.0,1539.0,1514.0,1622.0,1622.0,1077.0,462.0,1132.0,484.0
2.0,2995.0,1587.0,1540.0,1622.0,1590.0,1590.0,1078.0,462.0,1110.0,477.0
2.0,3030.0,1578.0,1541.0,1590.0,1581.0,1581.0,1079.0,462.0,1106.0,472.0
2.0,3042.0,1546.0,1542.0,1581.0,1549.0,1549.0,1079.0,463.0,1082.0,464.0
2.0,3077.0,1533.0,1541.0,1549.0,1530.0,1530.0,1079.0,462.0,1073.0,460.0
2.0,3093.0,1518.0,1541.0,1530.0,1518.0,1518.0,1079.0,462.0,1063.0,455.0
2.0,3105.0,1516.0,1541.0,1518.0,1516.0,1516.0,1079.0,462.0,1061.0,455.0
2.0,3107.0,1573.0,1543.0,1516.0,1579.0,1579.0,1080.0,463.0,1102.0,471.0
2.0,3050.0,1577.0,1545.0,1579.0,1583.0,1583.0,1082.0,463.0,1103.0,474.0
2.0,3052.0,1693.0,1549.0,1583.0,1705.0,1705.0,1084.0,465.0,1186.0,507.0
2.0,2942.0,1515.0,1547.0,1705.0,1509.0,1509.0,1083.0,464.0,1060.0,455.0
2.0,3132.0,1557.0,1547.0,1509.0,1557.0,1557.0,1083.0,464.0,1090.0,467.0
2.0,3084.0,1528.0,1547.0,1557.0,1528.0,1528.0,1083.0,464.0,1070.0,458.0
2.0,3113.0,1544.0,1548.0,1528.0,1547.0,1547.0,1084.0,464.0,1082.0,462.0
2.0,3097.0,1538.0,1548.0,1547.0,1538.0,1538.0,1084.0,464.0,1076.0,462.0
2.0,3106.0,1622.0,1551.0,1538.0,1631.0,1631.0,1086.0,465.0,1135.0,487.0
2.0,3022.0,1647.0,1556.0,1631.0,1662.0,1662.0,1089.0,467.0,1154.0,493.0
2.0,3006.0,1567.0,1556.0,1662.0,1567.0,1567.0,1089.0,467.0,1098.0,469.0
2.0,3101.0,1584.0,1557.0,1567.0,1587.0,1587.0,1090.0,467.0,1110.0,474.0
2.0,3084.0,1518.0,1557.0,1587.0,1518.0,1518.0,1090.0,467.0,1062.0,456.0
2.0,3153.0,1514.0,1557.0,1518.0,1514.0,1514.0,1090.0,467.0,1060.0,454.0
2.0,3157.0,1527.0,1557.0,1514.0,1527.0,1527.0,1090.0,467.0,1069.0,458.0
2.0,3144.0,1695.0,1561.0,1527.0,1707.0,1707.0,1093.0,468.0,1187.0,508.0
2.0,2976.0,1614.0,1563.0,1707.0,1620.0,1620.0,1094.0,469.0,1129.0,485.0
2.0,3069.0,1540.0,1563.0,1620.0,1540.0,1540.0,1094.0,469.0,1079.0,461.0
2.0,3149.0,1516.0,1560.0,1540.0,1507.0,1507.0,1092.0,468.0,1062.0,454.0
2.0,3173.0,1614.0,1561.0,1507.0,1617.0,1617.0,1093.0,468.0,1128.0,486.0
2.0,3066.0,1546.0,1561.0,1617.0,1546.0,1546.0,1093.0,468.0,1082.0,464.0
2.0,3137.0,1527.0,1561.0,1546.0,1527.0,1527.0,1093.0,468.0,1069.0,458.0
2.0,3156.0,1576.0,1563.0,1527.0,1582.0,1582.0,1094.0,469.0,1104.0,472.0
2.0,3107.0,1643.0,1564.0,1582.0,1646.0,1646.0,1095.0,469.0,1151.0,492.0
2.0,3046.0,1573.0,1563.0,1646.0,1570.0,1570.0,1094.0,469.0,1101.0,472.0
2.0,3119.0,1579.0,1564.0,1570.0,1582.0,1582.0,1095.0,469.0,1104.0,475.0
2.0,3110.0,1577.0,1564.0,1582.0,1577.0,1577.0,1095.0,469.0,1104.0,473.0
2.0,3115.0,1541.0,1564.0,1577.0,1541.0,1541.0,1095.0,469.0,1080.0,461.0
2.0,3151.0,1667.0,1567.0,1541.0,1676.0,1676.0,1097.0,470.0,1167.0,500.0
2.0,3025.0,1615.0,1569.0,1676.0,1621.0,1621.0,1098.0,471.0,1130.0,485.0
2.0,3086.0,1598.0,1571.0,1621.0,1604.0,1604.0,1100.0,471.0,1120.0,478.0
2.0,3109.0,1650.0,1573.0,1604.0,1656.0,1656.0,1101.0,472.0,1155.0,495.0
2.0,3063.0,1509.0,1571.0,1656.0,1503.0,1503.0,1100.0,471.0,1057.0,452.0
2.0,3210.0,1564.0,1570.0,1503.0,1561.0,1561.0,1099.0,471.0,1094.0,470.0
2.0,3149.0,1540.0,1570.0,1561.0,1540.0,1540.0,1099.0,471.0,1078.0,462.0
2.0,3170.0,1599.0,1570.0,1540.0,1599.0,1599.0,1099.0,471.0,1120.0,479.0
2.0,3111.0,1593.0,1571.0,1599.0,1596.0,1596.0,1100.0,471.0,1114.0,479.0
2.0,3117.0,1633.0,1573.0,1596.0,1639.0,1639.0,1101.0,472.0,1144.0,489.0
2.0,3080.0,1607.0,1574.0,1639.0,1610.0,1610.0,1102.0,472.0,1124.0,483.0
2.0,3112.0,1618.0,1574.0,1610.0,1618.0,1618.0,1102.0,472.0,1133.0,485.0
2.0,3104.0,1574.0,1574.0,1618.0,1574.0,1574.0,1102.0,472.0,1103.0,471.0
2.0,3148.0,1590.0,1574.0,1574.0,1590.0,1590.0,1102.0,472.0,1112.0,478.0
2.0,3132.0,1599.0,1575.0,1590.0,1602.0,1602.0,1103.0,472.0,1119.0,480.0
2.0,3123.0,1602.0,1577.0,1602.0,1608.0,1608.0,1104.0,473.0,1123.0,479.0
2.0,3123.0,1610.0,1579.0,1608.0,1616.0,1616.0,1105.0,474.0,1126.0,484.0
2.0,3121.0,1594.0,1578.0,1616.0,1591.0,1591.0,1105.0,473.0,1116.0,478.0
2.0,3143.0,1555.0,1578.0,1591.0,1555.0,1555.0,1105.0,473.0,1088.0,467.0
2.0,3179.0,1609.0,1578.0,1555.0,1609.0,1609.0,1105.0,473.0,1127.0,482.0
2.0,3125.0,1560.0,1579.0,1609.0,1563.0,1563.0,1105.0,474.0,1092.0,468.0
2.0,3174.0,1626.0,1581.0,1563.0,1632.0,1632.0,1107.0,474.0,1139.0,487.0
2.0,3111.0,1643.0,1583.0,1632.0,1649.0,1649.0,1108.0,475.0,1150.0,493.0
2.0,3100.0,1594.0,1584.0,1649.0,1597.0,1597.0,1109.0,475.0,1117.0,477.0
2.0,3155.0,1579.0,1584.0,1597.0,1579.0,1579.0,1109.0,475.0,1103.0,476.0
2.0,3173.0,1533.0,1584.0,1579.0,1533.0,1533.0,1109.0,475.0,1074.0,459.0
2.0,3219.0,1477.0,1580.0,1533.0,1465.0,1465.0,1106.0,474.0,1034.0,443.0
2.0,3275.0,1592.0,1581.0,1465.0,1595.0,1595.0,1107.0,474.0,1113.0,479.0
2.0,3148.0,1610.0,1583.0,1595.0,1616.0,1616.0,1108.0,475.0,1127.0,483.0
2.0,3133.0,1610.0,1584.0,1616.0,1613.0,1613.0,1109.0,475.0,1128.0,482.0
2.0,3139.0,1595.0,1584.0,1613.0,1595.0,1595.0,1109.0,475.0,1115.0,480.0
2.0,3157.0,1592.0,1586.0,1595.0,1598.0,1598.0,1110.0,476.0,1115.0,477.0
2.0,3160.0,1550.0,1584.0,1598.0,1544.0,1544.0,1109.0,475.0,1084.0,466.0
2.0,3208.0,1552.0,1583.0,1544.0,1549.0,1549.0,1108.0,475.0,1088.0,464.0
2.0,3200.0,1583.0,1583.0,1549.0,1583.0,1583.0,1108.0,475.0,1108.0,475.0
2.0,3166.0,1565.0,1583.0,1583.0,1565.0,1565.0,1108.0,475.0,1096.0,469.0
2.0,3184.0,1666.0,1586.0,1565.0,1675.0,1675.0,1110.0,476.0,1166.0,500.0
2.0,3083.0,1665.0,1588.0,1675.0,1671.0,1671.0,1112.0,476.0,1164.0,501.0
2.0,3093.0,1655.0,1590.0,1671.0,1661.0,1661.0,1113.0,477.0,1158.0,497.0
2.0,3109.0,1627.0,1590.0,1661.0,1627.0,1627.0,1113.0,477.0,1140.0,487.0
2.0,3143.0,1525.0,1587.0,1627.0,1516.0,1516.0,1111.0,476.0,1067.0,458.0
2.0,3245.0,1599.0,1589.0,1516.0,1605.0,1605.0,1112.0,477.0,1120.0,479.0
2.0,3162.0,1612.0,1590.0,1605.0,1615.0,1615.0,1113.0,477.0,1127.0,485.0
2.0,3155.0,1610.0,1590.0,1615.0,1610.0,1610.0,1113.0,477.0,1127.0,483.0
2.0,3160.0,1640.0,1593.0,1610.0,1649.0,1649.0,1115.0,478.0,1149.0,491.0
2.0,3130.0,1624.0,1594.0,1649.0,1627.0,1627.0,1116.0,478.0,1137.0,487.0
2.0,3155.0,1554.0,1594.0,1627.0,1554.0,1554.0,1116.0,478.0,1087.0,467.0
2.0,3228.0,1571.0,1593.0,1554.0,1568.0,1568.0,1115.0,478.0,1102.0,469.0
2.0,3211.0,1563.0,1593.0,1568.0,1563.0,1563.0,1115.0,478.0,1093.0,470.0
2.0,3216.0,1709.0,1594.0,1563.0,1712.0,1712.0,1116.0,478.0,1196.0,513.0
2.0,3070.0,1676.0,1597.0,1712.0,1685.0,1685.0,1118.0,479.0,1174.0,502.0
2.0,3106.0,1689.0,1600.0,1685.0,1698.0,1698.0,1120.0,480.0,1182.0,507.0
2.0,3102.0,1574.0,1597.0,1698.0,1565.0,1565.0,1118.0,479.0,1101.0,473.0
2.0,3226.0,1644.0,1598.0,1565.0,1647.0,1647.0,1119.0,479.0,1152.0,492.0
2.0,3147.0,1538.0,1597.0,1647.0,1535.0,1535.0,1118.0,479.0,1076.0,462.0
2.0,3256.0,1653.0,1597.0,1535.0,1653.0,1653.0,1118.0,479.0,1157.0,496.0
2.0,3138.0,1616.0,1599.0,1653.0,1622.0,1622.0,1119.0,480.0,1132.0,484.0
2.0,3175.0,1686.0,1601.0,1622.0,1692.0,1692.0,1121.0,480.0,1180.0,506.0
2.0,3111.0,1624.0,1603.0,1692.0,1630.0,1630.0,1122.0,481.0,1138.0,486.0
2.0,3179.0,1613.0,1603.0,1630.0,1613.0,1613.0,1122.0,481.0,1129.0,484.0
2.0,3196.0,1586.0,1603.0,1613.0,1586.0,1586.0,1122.0,481.0,1110.0,476.0
2.0,3223.0,1674.0,1604.0,1586.0,1677.0,1677.0,1123.0,481.0,1171.0,503.0
2.0,3135.0,1582.0,1604.0,1677.0,1582.0,1582.0,1123.0,481.0,1107.0,475.0
2.0,3230.0,1591.0,1603.0,1582.0,1588.0,1588.0,1122.0,481.0,1116.0,475.0
2.0,3221.0,1710.0,1606.0,1588.0,1719.0,1719.0,1124.0,482.0,1197.0,513.0
2.0,3099.0,1650.0,1607.0,1719.0,1653.0,1653.0,1125.0,482.0,1156.0,494.0
2.0,3168.0,1651.0,1608.0,1653.0,1654.0,1654.0,1126.0,482.0,1154.0,497.0
2.0,3170.0,1564.0,1607.0,1654.0,1561.0,1561.0,1125.0,482.0,1095.0,469.0
2.0,3260.0,1562.0,1606.0,1561.0,1559.0,1559.0,1124.0,482.0,1095.0,467.0
2.0,3259.0,1604.0,1607.0,1559.0,1607.0,1607.0,1125.0,482.0,1123.0,481.0
2.0,3214.0,1599.0,1607.0,1607.0,1599.0,1599.0,1125.0,482.0,1118.0,481.0
2.0,3222.0,1712.0,1609.0,1599.0,1718.0,1718.0,1126.0,483.0,1199.0,513.0
2.0,3109.0,1727.0,1613.0,1718.0,1739.0,1739.0,1129.0,484.0,1209.0,518.0
2.0,3100.0,1671.0,1613.0,1739.0,1671.0,1671.0,1129.0,484.0,1171.0,500.0
2.0,3168.0,1605.0,1613.0,1671.0,1605.0,1605.0,1129.0,484.0,1124.0,481.0
2.0,3234.0,1594.0,1613.0,1605.0,1594.0,1594.0,1129.0,484.0,1116.0,478.0
2.0,3245.0,1669.0,1614.0,1594.0,1672.0,1672.0,1130.0,484.0,1167.0,502.0
2.0,3170.0,1644.0,1617.0,1672.0,1653.0,1653.0,1132.0,485.0,1152.0,492.0
2.0,3198.0,1630.0,1620.0,1653.0,1639.0,1639.0,1134.0,486.0,1141.0,489.0
2.0,3221.0,1556.0,1619.0,1639.0,1553.0,1553.0,1133.0,486.0,1089.0,467.0
2.0,3304.0,1660.0,1620.0,1553.0,1663.0,1663.0,1134.0,486.0,1162.0,498.0
2.0,3197.0,1614.0,1620.0,1663.0,1614.0,1614.0,1134.0,486.0,1130.0,484.0
2.0,3246.0,1661.0,1621.0,1614.0,1664.0,1664.0,1135.0,486.0,1162.0,499.0
2.0,3199.0,1591.0,1621.0,1664.0,1591.0,1591.0,1135.0,486.0,1114.0,477.0
2.0,3272.0,1689.0,1624.0,1591.0,1698.0,1698.0,1137.0,487.0,1184.0,505.0
2.0,3174.0,1732.0,1627.0,1698.0,1741.0,1741.0,1139.0,488.0,1212.0,520.0
2.0,3140.0,1716.0,1630.0,1741.0,1725.0,1725.0,1141.0,489.0,1201.0,515.0
2.0,3165.0,1697.0,1633.0,1725.0,1706.0,1706.0,1143.0,490.0,1188.0,509.0
2.0,3193.0,1646.0,1631.0,1706.0,1640.0,1640.0,1142.0,489.0,1152.0,494.0
2.0,3253.0,1584.0,1630.0,1640.0,1581.0,1581.0,1141.0,489.0,1110.0,474.0
2.0,3309.0,1552.0,1628.0,1581.0,1546.0,1546.0,1140.0,488.0,1085.0,467.0
2.0,3338.0,1660.0,1629.0,1546.0,1663.0,1663.0,1140.0,489.0,1163.0,497.0
2.0,3224.0,1676.0,1631.0,1663.0,1682.0,1682.0,1142.0,489.0,1173.0,503.0
2.0,3211.0,1679.0,1633.0,1682.0,1685.0,1685.0,1143.0,490.0,1176.0,503.0
2.0,3214.0,1658.0,1634.0,1685.0,1661.0,1661.0,1144.0,490.0,1161.0,497.0
2.0,3241.0,1653.0,1635.0,1661.0,1656.0,1656.0,1145.0,490.0,1156.0,497.0
2.0,3249.0,1627.0,1634.0,1656.0,1624.0,1624.0,1144.0,490.0,1139.0,488.0
2.0,3278.0,1515.0,1633.0,1624.0,1512.0,1512.0,1143.0,490.0,1062.0,453.0
2.0,3387.0,1641.0,1634.0,1512.0,1644.0,1644.0,1144.0,490.0,1150.0,491.0
2.0,3258.0,1664.0,1636.0,1644.0,1670.0,1670.0,1145.0,491.0,1164.0,500.0
2.0,3238.0,1706.0,1639.0,1670.0,1715.0,1715.0,1147.0,492.0,1194.0,512.0
2.0,3202.0,1664.0,1638.0,1715.0,1661.0,1661.0,1147.0,491.0,1164.0,500.0
2.0,3253.0,1657.0,1638.0,1661.0,1657.0,1657.0,1147.0,491.0,1162.0,495.0
2.0,3257.0,1627.0,1637.0,1657.0,1624.0,1624.0,1146.0,491.0,1138.0,489.0
2.0,3287.0,1588.0,1637.0,1624.0,1588.0,1588.0,1146.0,491.0,1112.0,476.0
2.0,3323.0,1736.0,1638.0,1588.0,1739.0,1739.0,1147.0,491.0,1215.0,521.0
2.0,3175.0,1737.0,1643.0,1739.0,1752.0,1752.0,1150.0,493.0,1216.0,521.0
2.0,3177.0,1661.0,1643.0,1752.0,1661.0,1661.0,1150.0,493.0,1163.0,498.0
2.0,3268.0,1636.0,1643.0,1661.0,1636.0,1636.0,1150.0,493.0,1145.0,491.0
2.0,3293.0,1635.0,1642.0,1636.0,1632.0,1632.0,1150.0,492.0,1145.0,490.0
2.0,3294.0,1561.0,1641.0,1632.0,1558.0,1558.0,1149.0,492.0,1094.0,467.0
2.0,3365.0,1614.0,1641.0,1558.0,1614.0,1614.0,1149.0,492.0,1130.0,484.0
2.0,3309.0,1651.0,1642.0,1614.0,1654.0,1654.0,1150.0,492.0,1155.0,496.0
2.0,3272.0,1717.0,1643.0,1654.0,1720.0,1720.0,1150.0,493.0,1203.0,514.0
2.0,3209.0,1707.0,1645.0,1720.0,1713.0,1713.0,1152.0,493.0,1194.0,513.0
2.0,3222.0,1703.0,1647.0,1713.0,1709.0,1709.0,1153.0,494.0,1194.0,509.0
2.0,3232.0,1622.0,1646.0,1709.0,1619.0,1619.0,1152.0,494.0,1135.0,487.0
2.0,3319.0,1635.0,1645.0,1619.0,1632.0,1632.0,1152.0,493.0,1144.0,491.0
2.0,3303.0,1631.0,1645.0,1632.0,1631.0,1631.0,1152.0,493.0,1142.0,489.0
2.0,3304.0,1674.0,1647.0,1631.0,1680.0,1680.0,1153.0,494.0,1174.0,500.0
2.0,3261.0,1702.0,1650.0,1680.0,1711.0,1711.0,1155.0,495.0,1190.0,512.0
2.0,3239.0,1676.0,1651.0,1711.0,1679.0,1679.0,1156.0,495.0,1174.0,502.0
2.0,3274.0,1704.0,1653.0,1679.0,1710.0,1710.0,1157.0,496.0,1193.0,511.0
2.0,3249.0,1601.0,1651.0,1710.0,1595.0,1595.0,1156.0,495.0,1121.0,480.0
2.0,3358.0,1681.0,1650.0,1595.0,1678.0,1678.0,1155.0,495.0,1177.0,504.0
2.0,3272.0,1630.0,1650.0,1678.0,1630.0,1630.0,1155.0,495.0,1140.0,490.0
2.0,3320.0,1691.0,1651.0,1630.0,1694.0,1694.0,1156.0,495.0,1185.0,506.0
2.0,3259.0,1676.0,1653.0,1694.0,1682.0,1682.0,1157.0,496.0,1172.0,504.0
2.0,3277.0,1760.0,1654.0,1682.0,1763.0,1763.0,1158.0,496.0,1234.0,526.0
2.0,3199.0,1694.0,1655.0,1763.0,1697.0,1697.0,1159.0,496.0,1184.0,510.0
2.0,3268.0,1677.0,1657.0,1697.0,1683.0,1683.0,1160.0,497.0,1175.0,502.0
2.0,3288.0,1652.0,1658.0,1683.0,1655.0,1655.0,1161.0,497.0,1155.0,497.0
2.0,3319.0,1651.0,1658.0,1655.0,1651.0,1651.0,1161.0,497.0,1156.0,495.0
2.0,3323.0,1651.0,1658.0,1651.0,1651.0,1651.0,1161.0,497.0,1157.0,494.0
2.0,3323.0,1694.0,1660.0,1651.0,1700.0,1700.0,1162.0,498.0,1186.0,508.0
2.0,3280.0,1693.0,1661.0,1700.0,1696.0,1696.0,1163.0,498.0,1184.0,509.0
2.0,3287.0,1706.0,1661.0,1696.0,1706.0,1706.0,1163.0,498.0,1195.0,511.0
2.0,3277.0,1674.0,1660.0,1706.0,1671.0,1671.0,1162.0,498.0,1173.0,501.0
2.0,3309.0,1631.0,1658.0,1671.0,1625.0,1625.0,1161.0,497.0,1141.0,490.0
2.0,3349.0,1614.0,1657.0,1625.0,1611.0,1611.0,1160.0,497.0,1129.0,485.0
2.0,3360.0,1739.0,1659.0,1611.0,1745.0,1745.0,1161.0,498.0,1218.0,521.0
2.0,3232.0,1720.0,1661.0,1745.0,1726.0,1726.0,1163.0,498.0,1204.0,516.0
2.0,3257.0,1710.0,1664.0,1726.0,1719.0,1719.0,1165.0,499.0,1197.0,513.0
2.0,3273.0,1703.0,1665.0,1719.0,1706.0,1706.0,1166.0,499.0,1193.0,510.0
2.0,3289.0,1587.0,1664.0,1706.0,1584.0,1584.0,1165.0,499.0,1112.0,475.0
2.0,3408.0,1600.0,1662.0,1584.0,1594.0,1594.0,1164.0,498.0,1119.0,481.0
2.0,3392.0,1691.0,1663.0,1594.0,1694.0,1694.0,1164.0,499.0,1184.0,507.0
2.0,3295.0,1640.0,1663.0,1694.0,1640.0,1640.0,1164.0,499.0,1148.0,492.0
2.0,3349.0,1716.0,1664.0,1640.0,1719.0,1719.0,1165.0,499.0,1200.0,516.0
2.0,3273.0,1692.0,1668.0,1719.0,1704.0,1704.0,1168.0,500.0,1184.0,508.0
2.0,3300.0,1680.0,1668.0,1704.0,1680.0,1680.0,1168.0,500.0,1177.0,503.0
2.0,3324.0,1678.0,1668.0,1680.0,1678.0,1678.0,1168.0,500.0,1175.0,503.0
2.0,3326.0,1617.0,1667.0,1678.0,1614.0,1614.0,1167.0,500.0,1133.0,484.0
2.0,3387.0,1633.0,1667.0,1614.0,1633.0,1633.0,1167.0,500.0,1143.0,490.0
2.0,3368.0,1734.0,1668.0,1633.0,1737.0,1737.0,1168.0,500.0,1212.0,522.0
2.0,3267.0,1720.0,1670.0,1737.0,1726.0,1726.0,1169.0,501.0,1206.0,514.0
2.0,3284.0,1757.0,1673.0,1726.0,1766.0,1766.0,1171.0,502.0,1230.0,527.0
2.0,3253.0,1726.0,1673.0,1766.0,1726.0,1726.0,1171.0,502.0,1208.0,518.0
2.0,3293.0,1694.0,1672.0,1726.0,1691.0,1691.0,1171.0,501.0,1185.0,509.0
2.0,3325.0,1706.0,1673.0,1691.0,1709.0,1709.0,1171.0,502.0,1195.0,511.0
2.0,3310.0,1651.0,1673.0,1709.0,1651.0,1651.0,1171.0,502.0,1156.0,495.0
2.0,3368.0,1682.0,1674.0,1651.0,1685.0,1685.0,1172.0,502.0,1176.0,506.0
2.0,3337.0,1727.0,1677.0,1685.0,1736.0,1736.0,1174.0,503.0,1211.0,516.0
2.0,3295.0,1676.0,1678.0,1736.0,1679.0,1679.0,1175.0,503.0,1171.0,505.0
2.0,3355.0,1771.0,1681.0,1679.0,1780.0,1780.0,1177.0,504.0,1242.0,529.0
2.0,3263.0,1660.0,1680.0,1780.0,1657.0,1657.0,1176.0,504.0,1161.0,499.0
2.0,3383.0,1636.0,1678.0,1657.0,1630.0,1630.0,1175.0,503.0,1145.0,491.0
2.0,3404.0,1602.0,1677.0,1630.0,1599.0,1599.0,1174.0,503.0,1122.0,480.0
2.0,3432.0,1736.0,1678.0,1599.0,1739.0,1739.0,1175.0,503.0,1215.0,521.0
2.0,3295.0,1743.0,1681.0,1739.0,1752.0,1752.0,1177.0,504.0,1221.0,522.0
2.0,3291.0,1736.0,1683.0,1752.0,1742.0,1742.0,1178.0,505.0,1214.0,522.0
2.0,3307.0,1700.0,1683.0,1742.0,1700.0,1700.0,1178.0,505.0,1191.0,509.0
2.0,3349.0,1607.0,1681.0,1700.0,1601.0,1601.0,1177.0,504.0,1124.0,483.0
2.0,3442.0,1710.0,1681.0,1601.0,1710.0,1710.0,1177.0,504.0,1197.0,513.0
2.0,3333.0,1727.0,1683.0,1710.0,1733.0,1733.0,1178.0,505.0,1210.0,517.0
2.0,3316.0,1732.0,1684.0,1733.0,1735.0,1735.0,1179.0,505.0,1211.0,521.0
2.0,3317.0,1701.0,1686.0,1735.0,1707.0,1707.0,1180.0,506.0,1191.0,510.0
2.0,3351.0,1737.0,1687.0,1707.0,1740.0,1740.0,1181.0,506.0,1218.0,519.0
2.0,3321.0,1728.0,1688.0,1740.0,1731.0,1731.0,1182.0,506.0,1208.0,520.0
2.0,3333.0,1737.0,1690.0,1731.0,1743.0,1743.0,1183.0,507.0,1217.0,520.0
2.0,3327.0,1569.0,1686.0,1743.0,1557.0,1557.0,1180.0,506.0,1099.0,470.0
2.0,3501.0,1700.0,1686.0,1557.0,1700.0,1700.0,1180.0,506.0,1190.0,510.0
2.0,3358.0,1673.0,1686.0,1700.0,1673.0,1673.0,1180.0,506.0,1171.0,502.0
2.0,3385.0,1757.0,1687.0,1673.0,1760.0,1760.0,1181.0,506.0,1229.0,528.0
2.0,3301.0,1774.0,1690.0,1760.0,1783.0,1783.0,1183.0,507.0,1244.0,530.0
2.0,3287.0,1744.0,1691.0,1783.0,1747.0,1747.0,1184.0,507.0,1220.0,524.0
2.0,3326.0,1694.0,1691.0,1747.0,1694.0,1694.0,1184.0,507.0,1186.0,508.0
2.0,3379.0,1728.0,1693.0,1694.0,1734.0,1734.0,1185.0,508.0,1211.0,517.0
2.0,3345.0,1738.0,1693.0,1734.0,1738.0,1738.0,1185.0,508.0,1217.0,521.0
2.0,3341.0,1707.0,1694.0,1738.0,1710.0,1710.0,1186.0,508.0,1195.0,512.0
2.0,3372.0,1717.0,1695.0,1710.0,1720.0,1720.0,1187.0,508.0,1201.0,516.0
2.0,3365.0,1669.0,1697.0,1720.0,1675.0,1675.0,1188.0,509.0,1169.0,500.0
2.0,3416.0,1696.0,1696.0,1675.0,1693.0,1693.0,1187.0,509.0,1187.0,509.0
2.0,3395.0,1685.0,1695.0,1693.0,1682.0,1682.0,1187.0,508.0,1179.0,506.0
2.0,3403.0,1727.0,1695.0,1682.0,1727.0,1727.0,1187.0,508.0,1210.0,517.0
2.0,3358.0,1641.0,1694.0,1727.0,1638.0,1638.0,1186.0,508.0,1148.0,493.0
2.0,3444.0,1666.0,1696.0,1638.0,1672.0,1672.0,1187.0,509.0,1167.0,499.0
2.0,3416.0,1747.0,1698.0,1672.0,1753.0,1753.0,1189.0,509.0,1223.0,524.0
2.0,3341.0,1699.0,1698.0,1753.0,1699.0,1699.0,1189.0,509.0,1189.0,510.0
2.0,3395.0,1689.0,1700.0,1699.0,1695.0,1695.0,1190.0,510.0,1182.0,507.0
2.0,3405.0,1707.0,1700.0,1695.0,1707.0,1707.0,1190.0,510.0,1195.0,512.0
2.0,3393.0,1611.0,1698.0,1707.0,1605.0,1605.0,1189.0,509.0,1127.0,484.0
2.0,3489.0,1638.0,1697.0,1605.0,1635.0,1635.0,1188.0,509.0,1149.0,489.0
2.0,3456.0,1717.0,1697.0,1635.0,1717.0,1717.0,1188.0,509.0,1200.0,517.0
2.0,3374.0,1779.0,1701.0,1717.0,1791.0,1791.0,1191.0,510.0,1245.0,534.0
2.0,3312.0,1704.0,1703.0,1791.0,1710.0,1710.0,1192.0,511.0,1194.0,510.0
2.0,3399.0,1731.0,1702.0,1710.0,1728.0,1728.0,1192.0,510.0,1212.0,519.0
2.0,3378.0,1674.0,1701.0,1728.0,1671.0,1671.0,1191.0,510.0,1172.0,502.0
2.0,3432.0,1675.0,1700.0,1671.0,1672.0,1672.0,1190.0,510.0,1174.0,501.0
2.0,3428.0,1738.0,1700.0,1672.0,1738.0,1738.0,1190.0,510.0,1217.0,521.0
2.0,3362.0,1660.0,1700.0,1738.0,1660.0,1660.0,1190.0,510.0,1161.0,499.0
2.0,3440.0,1709.0,1700.0,1660.0,1709.0,1709.0,1190.0,510.0,1197.0,512.0
2.0,3391.0,1733.0,1701.0,1709.0,1736.0,1736.0,1191.0,510.0,1212.0,521.0
2.0,3367.0,1731.0,1701.0,1736.0,1731.0,1731.0,1191.0,510.0,1212.0,519.0
2.0,3372.0,1731.0,1701.0,1731.0,1731.0,1731.0,1191.0,510.0,1212.0,519.0
2.0,3372.0,1660.0,1701.0,1731.0,1660.0,1660.0,1191.0,510.0,1162.0,498.0
2.0,3443.0,1657.0,1700.0,1660.0,1654.0,1654.0,1190.0,510.0,1161.0,496.0
2.0,3446.0,1721.0,1701.0,1654.0,1724.0,1724.0,1191.0,510.0,1204.0,517.0
2.0,3379.0,1757.0,1703.0,1724.0,1763.0,1763.0,1192.0,511.0,1231.0,526.0
2.0,3346.0,1722.0,1705.0,1763.0,1728.0,1728.0,1194.0,511.0,1205.0,517.0
2.0,3387.0,1806.0,1707.0,1728.0,1812.0,1812.0,1195.0,512.0,1265.0,541.0
2.0,3309.0,1712.0,1706.0,1812.0,1709.0,1709.0,1194.0,512.0,1198.0,514.0
2.0,3409.0,1763.0,1707.0,1709.0,1766.0,1766.0,1195.0,512.0,1235.0,528.0
2.0,3355.0,1730.0,1707.0,1766.0,1730.0,1730.0,1195.0,512.0,1209.0,521.0
2.0,3391.0,1769.0,1710.0,1730.0,1778.0,1778.0,1197.0,513.0,1240.0,529.0
2.0,3352.0,1803.0,1711.0,1778.0,1806.0,1806.0,1198.0,513.0,1261.0,542.0
2.0,3327.0,1744.0,1713.0,1806.0,1750.0,1750.0,1199.0,514.0,1222.0,522.0
2.0,3389.0,1747.0,1713.0,1750.0,1747.0,1747.0,1199.0,514.0,1223.0,524.0
2.0,3392.0,1733.0,1713.0,1747.0,1733.0,1733.0,1199.0,514.0,1213.0,520.0
2.0,3406.0,1614.0,1711.0,1733.0,1608.0,1608.0,1198.0,513.0,1129.0,485.0
2.0,3525.0,1670.0,1710.0,1608.0,1667.0,1667.0,1197.0,513.0,1170.0,500.0
2.0,3463.0,1687.0,1708.0,1667.0,1681.0,1681.0,1196.0,512.0,1180.0,507.0
2.0,3443.0,1795.0,1713.0,1681.0,1810.0,1810.0,1199.0,514.0,1257.0,538.0
2.0,3329.0,1721.0,1714.0,1810.0,1724.0,1724.0,1200.0,514.0,1205.0,516.0
2.0,3418.0,1763.0,1715.0,1724.0,1766.0,1766.0,1201.0,514.0,1234.0,529.0
2.0,3379.0,1760.0,1715.0,1766.0,1760.0,1760.0,1201.0,514.0,1232.0,528.0
2.0,3385.0,1697.0,1714.0,1760.0,1694.0,1694.0,1200.0,514.0,1187.0,510.0
2.0,3448.0,1677.0,1713.0,1694.0,1674.0,1674.0,1199.0,514.0,1175.0,502.0
2.0,3465.0,1810.0,1714.0,1674.0,1813.0,1813.0,1200.0,514.0,1266.0,544.0
2.0,3329.0,1763.0,1716.0,1813.0,1769.0,1769.0,1201.0,515.0,1235.0,528.0
2.0,3379.0,1786.0,1717.0,1769.0,1789.0,1789.0,1202.0,515.0,1251.0,535.0
2.0,3362.0,1764.0,1717.0,1789.0,1764.0,1764.0,1202.0,515.0,1233.0,531.0
2.0,3387.0,1662.0,1717.0,1764.0,1662.0,1662.0,1202.0,515.0,1166.0,496.0
2.0,3489.0,1696.0,1717.0,1662.0,1696.0,1696.0,1202.0,515.0,1185.0,511.0
2.0,3455.0,1704.0,1717.0,1696.0,1704.0,1704.0,1202.0,515.0,1193.0,511.0
2.0,3447.0,1760.0,1718.0,1704.0,1763.0,1763.0,1203.0,515.0,1233.0,527.0
2.0,3391.0,1797.0,1720.0,1763.0,1803.0,1803.0,1204.0,516.0,1259.0,538.0
2.0,3357.0,1810.0,1723.0,1803.0,1819.0,1819.0,1206.0,517.0,1267.0,543.0
2.0,3350.0,1726.0,1724.0,1819.0,1729.0,1729.0,1207.0,517.0,1207.0,519.0
2.0,3443.0,1777.0,1724.0,1729.0,1777.0,1777.0,1207.0,517.0,1244.0,533.0
2.0,3395.0,1730.0,1726.0,1777.0,1736.0,1736.0,1208.0,518.0,1212.0,518.0
2.0,3442.0,1713.0,1726.0,1736.0,1713.0,1713.0,1208.0,518.0,1199.0,514.0
2.0,3465.0,1738.0,1727.0,1713.0,1741.0,1741.0,1209.0,518.0,1218.0,520.0
2.0,3440.0,1790.0,1730.0,1741.0,1799.0,1799.0,1211.0,519.0,1253.0,537.0
2.0,3391.0,1803.0,1733.0,1799.0,1812.0,1812.0,1213.0,520.0,1262.0,541.0
2.0,3387.0,1713.0,1733.0,1812.0,1713.0,1713.0,1213.0,520.0,1199.0,514.0
2.0,3486.0,1740.0,1733.0,1713.0,1740.0,1740.0,1213.0,520.0,1217.0,523.0
2.0,3459.0,1688.0,1731.0,1740.0,1682.0,1682.0,1212.0,519.0,1182.0,506.0
2.0,3511.0,1697.0,1731.0,1682.0,1697.0,1697.0,1212.0,519.0,1188.0,509.0
2.0,3496.0,1734.0,1733.0,1697.0,1740.0,1740.0,1213.0,520.0,1215.0,519.0
2.0,3459.0,1810.0,1735.0,1740.0,1816.0,1816.0,1215.0,520.0,1266.0,544.0
2.0,3389.0,1793.0,1736.0,1816.0,1796.0,1796.0,1215.0,521.0,1256.0,537.0
2.0,3412.0,1827.0,1740.0,1796.0,1839.0,1839.0,1218.0,522.0,1279.0,548.0
2.0,3381.0,1750.0,1740.0,1839.0,1750.0,1750.0,1218.0,522.0,1226.0,524.0
2.0,3470.0,1757.0,1741.0,1750.0,1760.0,1760.0,1219.0,522.0,1230.0,527.0
2.0,3463.0,1688.0,1740.0,1760.0,1685.0,1685.0,1218.0,522.0,1181.0,507.0
2.0,3535.0,1804.0,1741.0,1685.0,1807.0,1807.0,1219.0,522.0,1262.0,542.0
2.0,3416.0,1684.0,1741.0,1807.0,1684.0,1684.0,1219.0,522.0,1180.0,504.0
2.0,3539.0,1750.0,1743.0,1684.0,1756.0,1756.0,1220.0,523.0,1226.0,524.0
2.0,3473.0,1760.0,1744.0,1756.0,1763.0,1763.0,1221.0,523.0,1232.0,528.0
2.0,3469.0,1760.0,1744.0,1763.0,1760.0,1760.0,1221.0,523.0,1232.0,528.0
2.0,3472.0,1657.0,1743.0,1760.0,1654.0,1654.0,1220.0,523.0,1160.0,497.0
2.0,3575.0,1727.0,1741.0,1654.0,1721.0,1721.0,1219.0,522.0,1208.0,519.0
2.0,3502.0,1821.0,1744.0,1721.0,1830.0,1830.0,1221.0,523.0,1276.0,545.0
2.0,3402.0,1809.0,1744.0,1830.0,1809.0,1809.0,1221.0,523.0,1265.0,544.0
2.0,3423.0,1767.0,1745.0,1809.0,1770.0,1770.0,1222.0,523.0,1237.0,530.0
2.0,3465.0,1804.0,1746.0,1770.0,1807.0,1807.0,1222.0,524.0,1264.0,540.0
2.0,3431.0,1681.0,1744.0,1807.0,1675.0,1675.0,1221.0,523.0,1177.0,504.0
2.0,3557.0,1720.0,1743.0,1675.0,1717.0,1717.0,1220.0,523.0,1204.0,516.0
2.0,3512.0,1691.0,1741.0,1717.0,1685.0,1685.0,1219.0,522.0,1183.0,508.0
2.0,3538.0,1766.0,1743.0,1685.0,1772.0,1772.0,1220.0,523.0,1237.0,529.0
2.0,3457.0,1793.0,1746.0,1772.0,1802.0,1802.0,1222.0,524.0,1255.0,538.0
2.0,3436.0,1903.0,1750.0,1802.0,1915.0,1915.0,1225.0,525.0,1333.0,570.0
2.0,3335.0,1717.0,1751.0,1915.0,1720.0,1720.0,1226.0,525.0,1202.0,515.0
2.0,3533.0,1780.0,1751.0,1720.0,1780.0,1780.0,1226.0,525.0,1246.0,534.0
2.0,3473.0,1708.0,1750.0,1780.0,1705.0,1705.0,1225.0,525.0,1196.0,512.0
2.0,3545.0,1706.0,1750.0,1705.0,1706.0,1706.0,1225.0,525.0,1193.0,513.0
2.0,3544.0,1818.0,1751.0,1706.0,1821.0,1821.0,1226.0,525.0,1274.0,544.0
2.0,3432.0,1797.0,1753.0,1821.0,1803.0,1803.0,1227.0,526.0,1257.0,540.0
2.0,3456.0,1833.0,1755.0,1803.0,1839.0,1839.0,1229.0,526.0,1283.0,550.0
2.0,3426.0,1803.0,1755.0,1839.0,1803.0,1803.0,1229.0,526.0,1262.0,541.0
2.0,3462.0,1767.0,1755.0,1803.0,1767.0,1767.0,1229.0,526.0,1237.0,530.0
2.0,3498.0,1737.0,1754.0,1767.0,1734.0,1734.0,1228.0,526.0,1216.0,521.0
2.0,3528.0,1679.0,1753.0,1734.0,1676.0,1676.0,1227.0,526.0,1177.0,502.0
2.0,3583.0,1786.0,1755.0,1676.0,1792.0,1792.0,1229.0,526.0,1249.0,537.0
2.0,3473.0,1790.0,1757.0,1792.0,1796.0,1796.0,1230.0,527.0,1254.0,536.0
2.0,3475.0,1846.0,1760.0,1796.0,1855.0,1855.0,1232.0,528.0,1292.0,554.0
2.0,3425.0,1786.0,1760.0,1855.0,1786.0,1786.0,1232.0,528.0,1251.0,535.0
2.0,3494.0,1738.0,1759.0,1786.0,1735.0,1735.0,1231.0,528.0,1216.0,522.0
2.0,3542.0,1741.0,1758.0,1735.0,1738.0,1738.0,1231.0,527.0,1218.0,523.0
2.0,3536.0,1756.0,1758.0,1738.0,1756.0,1756.0,1231.0,527.0,1230.0,526.0
2.0,3518.0,1798.0,1758.0,1756.0,1798.0,1798.0,1231.0,527.0,1259.0,539.0
2.0,3476.0,1839.0,1761.0,1798.0,1848.0,1848.0,1233.0,528.0,1286.0,553.0
2.0,3435.0,1813.0,1763.0,1848.0,1819.0,1819.0,1234.0,529.0,1271.0,542.0
2.0,3470.0,1750.0,1763.0,1819.0,1750.0,1750.0,1234.0,529.0,1225.0,525.0
2.0,3539.0,1771.0,1763.0,1750.0,1771.0,1771.0,1234.0,529.0,1240.0,531.0
2.0,3518.0,1780.0,1763.0,1771.0,1780.0,1780.0,1234.0,529.0,1245.0,535.0
2.0,3509.0,1784.0,1764.0,1780.0,1787.0,1787.0,1235.0,529.0,1250.0,534.0
2.0,3505.0,1764.0,1764.0,1787.0,1764.0,1764.0,1235.0,529.0,1236.0,528.0
2.0,3528.0,1779.0,1766.0,1764.0,1785.0,1785.0,1236.0,530.0,1244.0,535.0
2.0,3513.0,1826.0,1768.0,1785.0,1832.0,1832.0,1238.0,530.0,1277.0,549.0
2.0,3472.0,1849.0,1770.0,1832.0,1855.0,1855.0,1239.0,531.0,1296.0,553.0
2.0,3455.0,1774.0,1770.0,1855.0,1774.0,1774.0,1239.0,531.0,1242.0,532.0
2.0,3536.0,1757.0,1769.0,1774.0,1754.0,1754.0,1238.0,531.0,1229.0,528.0
2.0,3553.0,1804.0,1768.0,1754.0,1801.0,1801.0,1238.0,530.0,1263.0,541.0
2.0,3503.0,1765.0,1769.0,1801.0,1768.0,1768.0,1238.0,531.0,1236.0,529.0
2.0,3539.0,1853.0,1771.0,1768.0,1859.0,1859.0,1240.0,531.0,1296.0,557.0
2.0,3454.0,1889.0,1774.0,1859.0,1898.0,1898.0,1242.0,532.0,1323.0,566.0
2.0,3424.0,1828.0,1775.0,1898.0,1831.0,1831.0,1243.0,532.0,1280.0,548.0
2.0,3494.0,1786.0,1777.0,1831.0,1792.0,1792.0,1244.0,533.0,1252.0,534.0
2.0,3539.0,1746.0,1777.0,1792.0,1746.0,1746.0,1244.0,533.0,1222.0,524.0
2.0,3585.0,1799.0,1777.0,1746.0,1799.0,1799.0,1244.0,533.0,1257.0,542.0
2.0,3532.0,1794.0,1778.0,1799.0,1797.0,1797.0,1245.0,533.0,1257.0,537.0
2.0,3537.0,1863.0,1783.0,1797.0,1878.0,1878.0,1248.0,535.0,1304.0,559.0
2.0,3471.0,1787.0,1784.0,1878.0,1790.0,1790.0,1249.0,535.0,1252.0,535.0
2.0,3562.0,1818.0,1784.0,1790.0,1818.0,1818.0,1249.0,535.0,1273.0,545.0
2.0,3534.0,1734.0,1782.0,1818.0,1728.0,1728.0,1248.0,534.0,1213.0,521.0
2.0,3618.0,1760.0,1781.0,1728.0,1757.0,1757.0,1247.0,534.0,1232.0,528.0
2.0,3586.0,1837.0,1783.0,1757.0,1843.0,1843.0,1248.0,535.0,1286.0,551.0
2.0,3506.0,1840.0,1786.0,1843.0,1849.0,1849.0,1250.0,536.0,1288.0,552.0
2.0,3509.0,1884.0,1788.0,1849.0,1890.0,1890.0,1252.0,536.0,1319.0,565.0
2.0,3474.0,1831.0,1791.0,1890.0,1840.0,1840.0,1254.0,537.0,1284.0,547.0
2.0,3533.0,1780.0,1791.0,1840.0,1780.0,1780.0,1254.0,537.0,1244.0,536.0
2.0,3593.0,1740.0,1791.0,1780.0,1740.0,1740.0,1254.0,537.0,1220.0,520.0
2.0,3633.0,1703.0,1787.0,1740.0,1691.0,1691.0,1251.0,536.0,1192.0,511.0
2.0,3670.0,1734.0,1787.0,1691.0,1734.0,1734.0,1251.0,536.0,1215.0,519.0
2.0,3627.0,1755.0,1787.0,1734.0,1755.0,1755.0,1251.0,536.0,1228.0,527.0
2.0,3606.0,1843.0,1790.0,1755.0,1852.0,1852.0,1253.0,537.0,1290.0,553.0
2.0,3518.0,1882.0,1793.0,1852.0,1891.0,1891.0,1255.0,538.0,1317.0,565.0
2.0,3488.0,1767.0,1791.0,1891.0,1761.0,1761.0,1254.0,537.0,1237.0,530.0
2.0,3612.0,1748.0,1791.0,1761.0,1748.0,1748.0,1254.0,537.0,1225.0,523.0
2.0,3625.0,1800.0,1790.0,1748.0,1797.0,1797.0,1253.0,537.0,1260.0,540.0
2.0,3573.0,1735.0,1788.0,1797.0,1729.0,1729.0,1252.0,536.0,1214.0,521.0
2.0,3635.0,1796.0,1790.0,1729.0,1802.0,1802.0,1253.0,537.0,1257.0,539.0
2.0,3568.0,1894.0,1793.0,1802.0,1903.0,1903.0,1255.0,538.0,1326.0,568.0
2.0,3476.0,1849.0,1796.0,1903.0,1858.0,1858.0,1257.0,539.0,1294.0,555.0
2.0,3530.0,1806.0,1796.0,1858.0,1806.0,1806.0,1257.0,539.0,1265.0,541.0
2.0,3582.0,1785.0,1796.0,1806.0,1785.0,1785.0,1257.0,539.0,1250.0,535.0
2.0,3603.0,1741.0,1794.0,1785.0,1735.0,1735.0,1256.0,538.0,1219.0,522.0
2.0,3647.0,1778.0,1794.0,1735.0,1778.0,1778.0,1256.0,538.0,1245.0,533.0
2.0,3604.0,1862.0,1796.0,1778.0,1868.0,1868.0,1257.0,539.0,1303.0,559.0
2.0,3520.0,1807.0,1797.0,1868.0,1810.0,1810.0,1258.0,539.0,1266.0,541.0
2.0,3581.0,1873.0,1800.0,1810.0,1882.0,1882.0,1260.0,540.0,1310.0,563.0
2.0,3518.0,1820.0,1800.0,1882.0,1820.0,1820.0,1260.0,540.0,1275.0,545.0
2.0,3580.0,1742.0,1798.0,1820.0,1736.0,1736.0,1259.0,539.0,1218.0,524.0
2.0,3658.0,1771.0,1797.0,1736.0,1768.0,1768.0,1258.0,539.0,1242.0,529.0
2.0,3623.0,1757.0,1797.0,1768.0,1757.0,1757.0,1258.0,539.0,1230.0,527.0
2.0,3634.0,1826.0,1798.0,1757.0,1829.0,1829.0,1259.0,539.0,1277.0,549.0
2.0,3565.0,1820.0,1800.0,1829.0,1826.0,1826.0,1260.0,540.0,1274.0,546.0
2.0,3574.0,1882.0,1801.0,1826.0,1885.0,1885.0,1261.0,540.0,1316.0,566.0
2.0,3518.0,1787.0,1801.0,1885.0,1787.0,1787.0,1261.0,540.0,1252.0,535.0
2.0,3616.0,1807.0,1803.0,1787.0,1813.0,1813.0,1262.0,541.0,1265.0,542.0
2.0,3596.0,1807.0,1801.0,1813.0,1801.0,1801.0,1261.0,540.0,1265.0,542.0
2.0,3602.0,1847.0,1801.0,1801.0,1847.0,1847.0,1261.0,540.0,1293.0,554.0
2.0,3556.0,1838.0,1803.0,1847.0,1844.0,1844.0,1262.0,541.0,1288.0,550.0
2.0,3565.0,1872.0,1805.0,1844.0,1878.0,1878.0,1264.0,541.0,1309.0,563.0
2.0,3537.0,1879.0,1807.0,1878.0,1885.0,1885.0,1265.0,542.0,1316.0,563.0
2.0,3536.0,1768.0,1807.0,1885.0,1768.0,1768.0,1265.0,542.0,1238.0,530.0
2.0,3653.0,1731.0,1804.0,1768.0,1722.0,1722.0,1263.0,541.0,1211.0,520.0
2.0,3690.0,1795.0,1803.0,1722.0,1792.0,1792.0,1262.0,541.0,1258.0,537.0
2.0,3617.0,1778.0,1801.0,1792.0,1772.0,1772.0,1261.0,540.0,1244.0,534.0
2.0,3631.0,1746.0,1801.0,1772.0,1746.0,1746.0,1261.0,540.0,1222.0,524.0
2.0,3657.0,1851.0,1803.0,1746.0,1857.0,1857.0,1262.0,541.0,1297.0,554.0
2.0,3552.0,1841.0,1804.0,1857.0,1844.0,1844.0,1263.0,541.0,1290.0,551.0
2.0,3568.0,1879.0,1805.0,1844.0,1882.0,1882.0,1264.0,541.0,1314.0,565.0
2.0,3533.0,1761.0,1804.0,1882.0,1758.0,1758.0,1263.0,541.0,1234.0,527.0
2.0,3654.0,1799.0,1804.0,1758.0,1799.0,1799.0,1263.0,541.0,1257.0,542.0
2.0,3613.0,1818.0,1804.0,1799.0,1818.0,1818.0,1263.0,541.0,1273.0,545.0
2.0,3594.0,1873.0,1807.0,1818.0,1882.0,1882.0,1265.0,542.0,1313.0,560.0
2.0,3539.0,1859.0,1808.0,1882.0,1862.0,1862.0,1266.0,542.0,1300.0,559.0
2.0,3562.0,1841.0,1808.0,1862.0,1841.0,1841.0,1266.0,542.0,1289.0,552.0
2.0,3583.0,1830.0,1808.0,1841.0,1830.0,1830.0,1266.0,542.0,1281.0,549.0
2.0,3594.0,1873.0,1808.0,1830.0,1873.0,1873.0,1266.0,542.0,1311.0,562.0
2.0,3551.0,1857.0,1808.0,1873.0,1857.0,1857.0,1266.0,542.0,1300.0,557.0
2.0,3567.0,1721.0,1807.0,1857.0,1718.0,1718.0,1265.0,542.0,1204.0,517.0
2.0,3703.0,1896.0,1810.0,1718.0,1905.0,1905.0,1267.0,543.0,1327.0,569.0
2.0,3525.0,1936.0,1814.0,1905.0,1948.0,1948.0,1270.0,544.0,1356.0,580.0
2.0,3494.0,1853.0,1817.0,1948.0,1862.0,1862.0,1272.0,545.0,1299.0,554.0
2.0,3589.0,1896.0,1820.0,1862.0,1905.0,1905.0,1274.0,546.0,1327.0,569.0
2.0,3555.0,1807.0,1819.0,1905.0,1804.0,1804.0,1273.0,546.0,1264.0,543.0
2.0,3653.0,1791.0,1817.0,1804.0,1785.0,1785.0,1272.0,545.0,1253.0,538.0
2.0,3666.0,1861.0,1819.0,1785.0,1867.0,1867.0,1273.0,546.0,1304.0,557.0
2.0,3590.0,1818.0,1820.0,1867.0,1821.0,1821.0,1274.0,546.0,1274.0,544.0
2.0,3639.0,1889.0,1823.0,1821.0,1898.0,1898.0,1276.0,547.0,1321.0,568.0
2.0,3571.0,1883.0,1825.0,1898.0,1889.0,1889.0,1278.0,547.0,1318.0,565.0
2.0,3586.0,1877.0,1827.0,1889.0,1883.0,1883.0,1279.0,548.0,1315.0,562.0
2.0,3598.0,1777.0,1824.0,1883.0,1768.0,1768.0,1277.0,547.0,1243.0,534.0
2.0,3704.0,1793.0,1823.0,1768.0,1790.0,1790.0,1276.0,547.0,1256.0,537.0
2.0,3679.0,1800.0,1823.0,1790.0,1800.0,1800.0,1276.0,547.0,1260.0,540.0
2.0,3669.0,1817.0,1824.0,1800.0,1820.0,1820.0,1277.0,547.0,1273.0,544.0
2.0,3652.0,1921.0,1827.0,1820.0,1930.0,1930.0,1279.0,548.0,1345.0,576.0
2.0,3551.0,1880.0,1829.0,1930.0,1886.0,1886.0,1280.0,549.0,1315.0,565.0
2.0,3601.0,1921.0,1830.0,1886.0,1924.0,1924.0,1281.0,549.0,1346.0,575.0
2.0,3566.0,1860.0,1831.0,1924.0,1863.0,1863.0,1282.0,549.0,1301.0,559.0
2.0,3630.0,1798.0,1830.0,1863.0,1795.0,1795.0,1281.0,549.0,1260.0,538.0
2.0,3695.0,1858.0,1831.0,1795.0,1861.0,1861.0,1282.0,549.0,1301.0,557.0
2.0,3632.0,1896.0,1834.0,1861.0,1905.0,1905.0,1284.0,550.0,1327.0,569.0
2.0,3597.0,1837.0,1834.0,1905.0,1837.0,1837.0,1284.0,550.0,1285.0,552.0
2.0,3665.0,1897.0,1837.0,1837.0,1906.0,1906.0,1286.0,551.0,1330.0,567.0
2.0,3605.0,1846.0,1838.0,1906.0,1849.0,1849.0,1287.0,551.0,1290.0,556.0
2.0,3665.0,1926.0,1840.0,1849.0,1932.0,1932.0,1288.0,552.0,1349.0,577.0
2.0,3588.0,1823.0,1838.0,1932.0,1817.0,1817.0,1287.0,551.0,1276.0,547.0
2.0,3697.0,1791.0,1839.0,1817.0,1794.0,1794.0,1287.0,552.0,1254.0,537.0
2.0,3723.0,1873.0,1840.0,1794.0,1876.0,1876.0,1288.0,552.0,1312.0,561.0
2.0,3644.0,1986.0,1844.0,1876.0,1998.0,1998.0,1291.0,553.0,1390.0,596.0
2.0,3534.0,1913.0,1845.0,1998.0,1916.0,1916.0,1292.0,553.0,1338.0,575.0
2.0,3619.0,1812.0,1844.0,1916.0,1809.0,1809.0,1291.0,553.0,1271.0,541.0
2.0,3723.0,1906.0,1845.0,1809.0,1909.0,1909.0,1292.0,553.0,1332.0,574.0
2.0,3626.0,1801.0,1844.0,1909.0,1798.0,1798.0,1291.0,553.0,1262.0,539.0
2.0,3734.0,1793.0,1844.0,1798.0,1793.0,1793.0,1291.0,553.0,1255.0,538.0
2.0,3739.0,1854.0,1847.0,1793.0,1863.0,1863.0,1293.0,554.0,1298.0,556.0
2.0,3678.0,1914.0,1848.0,1863.0,1917.0,1917.0,1294.0,554.0,1339.0,575.0
2.0,3627.0,1965.0,1853.0,1917.0,1980.0,1980.0,1297.0,556.0,1376.0,589.0
2.0,3579.0,1911.0,1855.0,1980.0,1917.0,1917.0,1299.0,556.0,1338.0,573.0
2.0,3648.0,1886.0,1856.0,1917.0,1889.0,1889.0,1299.0,557.0,1320.0,566.0
2.0,3679.0,1817.0,1856.0,1889.0,1817.0,1817.0,1299.0,557.0,1272.0,545.0
2.0,3751.0,1853.0,1855.0,1817.0,1850.0,1850.0,1299.0,556.0,1297.0,556.0
2.0,3715.0,1890.0,1857.0,1850.0,1896.0,1896.0,1300.0,557.0,1324.0,566.0
2.0,3675.0,1929.0,1860.0,1896.0,1938.0,1938.0,1302.0,558.0,1350.0,579.0
2.0,3642.0,1862.0,1861.0,1938.0,1865.0,1865.0,1303.0,558.0,1304.0,558.0
2.0,3718.0,1858.0,1861.0,1865.0,1858.0,1858.0,1303.0,558.0,1300.0,558.0
2.0,3725.0,1826.0,1860.0,1858.0,1823.0,1823.0,1302.0,558.0,1278.0,548.0
2.0,3757.0,1844.0,1860.0,1823.0,1844.0,1844.0,1302.0,558.0,1291.0,553.0
2.0,3736.0,1783.0,1860.0,1844.0,1783.0,1783.0,1302.0,558.0,1248.0,535.0
2.0,3797.0,1873.0,1860.0,1783.0,1873.0,1873.0,1302.0,558.0,1311.0,562.0
2.0,3707.0,1868.0,1860.0,1873.0,1868.0,1868.0,1302.0,558.0,1308.0,560.0
2.0,3712.0,1989.0,1864.0,1868.0,2001.0,2001.0,1305.0,559.0,1393.0,596.0
2.0,3591.0,1867.0,1864.0,2001.0,1867.0,1867.0,1305.0,559.0,1307.0,560.0
2.0,3725.0,1894.0,1863.0,1867.0,1891.0,1891.0,1304.0,559.0,1325.0,569.0
2.0,3698.0,1809.0,1863.0,1891.0,1809.0,1809.0,1304.0,559.0,1266.0,543.0
2.0,3780.0,1808.0,1861.0,1809.0,1802.0,1802.0,1303.0,558.0,1267.0,541.0
2.0,3781.0,1890.0,1863.0,1802.0,1896.0,1896.0,1304.0,559.0,1322.0,568.0
2.0,3693.0,1877.0,1864.0,1896.0,1880.0,1880.0,1305.0,559.0,1315.0,562.0
2.0,3712.0,1887.0,1864.0,1880.0,1887.0,1887.0,1305.0,559.0,1321.0,566.0
2.0,3705.0,1900.0,1866.0,1887.0,1906.0,1906.0,1306.0,560.0,1329.0,571.0
2.0,3692.0,1903.0,1866.0,1906.0,1903.0,1903.0,1306.0,560.0,1333.0,570.0
2.0,3695.0,1854.0,1866.0,1903.0,1854.0,1854.0,1306.0,560.0,1297.0,557.0
2.0,3744.0,1834.0,1864.0,1854.0,1828.0,1828.0,1305.0,559.0,1284.0,550.0
2.0,3764.0,1923.0,1867.0,1828.0,1932.0,1932.0,1307.0,560.0,1348.0,575.0
2.0,3669.0,1950.0,1871.0,1932.0,1962.0,1962.0,1310.0,561.0,1365.0,585.0
2.0,3651.0,1920.0,1873.0,1962.0,1926.0,1926.0,1311.0,562.0,1343.0,577.0
2.0,3693.0,1911.0,1874.0,1926.0,1914.0,1914.0,1312.0,562.0,1339.0,572.0
2.0,3708.0,1775.0,1871.0,1914.0,1766.0,1766.0,1310.0,561.0,1242.0,533.0
2.0,3847.0,1846.0,1871.0,1766.0,1846.0,1846.0,1310.0,561.0,1291.0,555.0
2.0,3767.0,1854.0,1870.0,1846.0,1851.0,1851.0,1309.0,561.0,1300.0,554.0
2.0,3759.0,1921.0,1871.0,1851.0,1924.0,1924.0,1310.0,561.0,1343.0,578.0
2.0,3689.0,1927.0,1874.0,1924.0,1936.0,1936.0,1312.0,562.0,1351.0,576.0
2.0,3686.0,1853.0,1874.0,1936.0,1853.0,1853.0,1312.0,562.0,1297.0,556.0
2.0,3769.0,1914.0,1874.0,1853.0,1914.0,1914.0,1312.0,562.0,1340.0,574.0
2.0,3708.0,1970.0,1877.0,1914.0,1979.0,1979.0,1314.0,563.0,1379.0,591.0
2.0,3652.0,1841.0,1876.0,1979.0,1838.0,1838.0,1313.0,563.0,1288.0,553.0
2.0,3790.0,1816.0,1874.0,1838.0,1810.0,1810.0,1312.0,562.0,1271.0,545.0
2.0,3812.0,1920.0,1874.0,1810.0,1920.0,1920.0,1312.0,562.0,1344.0,576.0
2.0,3702.0,1912.0,1877.0,1920.0,1921.0,1921.0,1314.0,563.0,1339.0,573.0
2.0,3710.0,1923.0,1879.0,1921.0,1929.0,1929.0,1315.0,564.0,1346.0,577.0
2.0,3708.0,1926.0,1880.0,1929.0,1929.0,1929.0,1316.0,564.0,1348.0,578.0
2.0,3711.0,1890.0,1878.0,1929.0,1884.0,1884.0,1315.0,563.0,1322.0,568.0
2.0,3750.0,1873.0,1877.0,1884.0,1870.0,1870.0,1314.0,563.0,1311.0,562.0
2.0,3761.0,1873.0,1879.0,1870.0,1879.0,1879.0,1315.0,564.0,1312.0,561.0
2.0,3758.0,1857.0,1877.0,1879.0,1851.0,1851.0,1314.0,563.0,1299.0,558.0
2.0,3780.0,1907.0,1880.0,1851.0,1916.0,1916.0,1316.0,564.0,1336.0,571.0
2.0,3724.0,1913.0,1881.0,1916.0,1916.0,1916.0,1317.0,564.0,1339.0,574.0
2.0,3727.0,1976.0,1884.0,1916.0,1985.0,1985.0,1319.0,565.0,1383.0,593.0
2.0,3667.0,1815.0,1883.0,1985.0,1812.0,1812.0,1318.0,565.0,1271.0,544.0
2.0,3837.0,1943.0,1881.0,1812.0,1937.0,1937.0,1317.0,564.0,1360.0,583.0
2.0,3706.0,1862.0,1881.0,1937.0,1862.0,1862.0,1317.0,564.0,1304.0,558.0
2.0,3781.0,1885.0,1881.0,1862.0,1885.0,1885.0,1317.0,564.0,1320.0,565.0
2.0,3758.0,1905.0,1883.0,1885.0,1911.0,1911.0,1318.0,565.0,1335.0,570.0
2.0,3738.0,1893.0,1884.0,1911.0,1896.0,1896.0,1319.0,565.0,1325.0,568.0
2.0,3756.0,1853.0,1883.0,1896.0,1850.0,1850.0,1318.0,565.0,1297.0,556.0
2.0,3799.0,1862.0,1881.0,1850.0,1856.0,1856.0,1317.0,564.0,1303.0,559.0
2.0,3787.0,1886.0,1881.0,1856.0,1886.0,1886.0,1317.0,564.0,1321.0,565.0
2.0,3757.0,1874.0,1883.0,1886.0,1880.0,1880.0,1318.0,565.0,1312.0,562.0
2.0,3769.0,1883.0,1883.0,1880.0,1883.0,1883.0,1318.0,565.0,1318.0,565.0
2.0,3766.0,1900.0,1884.0,1883.0,1903.0,1903.0,1319.0,565.0,1329.0,571.0
2.0,3749.0,1893.0,1887.0,1903.0,1902.0,1902.0,1321.0,566.0,1327.0,566.0
2.0,3759.0,1845.0,1886.0,1902.0,1842.0,1842.0,1320.0,566.0,1291.0,554.0
2.0,3816.0,1919.0,1887.0,1842.0,1922.0,1922.0,1321.0,566.0,1344.0,575.0
2.0,3739.0,1885.0,1885.0,1922.0,1879.0,1879.0,1320.0,565.0,1319.0,566.0
2.0,3776.0,1883.0,1885.0,1879.0,1883.0,1883.0,1320.0,565.0,1318.0,565.0
2.0,3772.0,1941.0,1886.0,1883.0,1944.0,1944.0,1320.0,566.0,1359.0,582.0
2.0,3714.0,1952.0,1889.0,1944.0,1961.0,1961.0,1322.0,567.0,1366.0,586.0
2.0,3706.0,2003.0,1893.0,1961.0,2015.0,2015.0,1325.0,568.0,1403.0,600.0
2.0,3664.0,1921.0,1893.0,2015.0,1921.0,1921.0,1325.0,568.0,1345.0,576.0
2.0,3758.0,1861.0,1893.0,1921.0,1861.0,1861.0,1325.0,568.0,1303.0,558.0
2.0,3818.0,1856.0,1893.0,1861.0,1856.0,1856.0,1325.0,568.0,1299.0,557.0
2.0,3823.0,1882.0,1892.0,1856.0,1879.0,1879.0,1325.0,567.0,1317.0,565.0
2.0,3797.0,1930.0,1893.0,1879.0,1933.0,1933.0,1325.0,568.0,1352.0,578.0
2.0,3746.0,1887.0,1893.0,1933.0,1887.0,1887.0,1325.0,568.0,1321.0,566.0
2.0,3792.0,1951.0,1895.0,1887.0,1957.0,1957.0,1327.0,568.0,1366.0,585.0
2.0,3728.0,1968.0,1897.0,1957.0,1974.0,1974.0,1328.0,569.0,1378.0,590.0
2.0,3717.0,1913.0,1896.0,1974.0,1910.0,1910.0,1327.0,569.0,1339.0,574.0
2.0,3778.0,1839.0,1894.0,1910.0,1833.0,1833.0,1326.0,568.0,1287.0,552.0
2.0,3849.0,1782.0,1891.0,1833.0,1773.0,1773.0,1324.0,567.0,1248.0,534.0
2.0,3900.0,1946.0,1895.0,1773.0,1958.0,1958.0,1327.0,568.0,1363.0,583.0
2.0,3727.0,1990.0,1897.0,1958.0,1996.0,1996.0,1328.0,569.0,1392.0,598.0
2.0,3695.0,2021.0,1901.0,1996.0,2033.0,2033.0,1331.0,570.0,1415.0,606.0
2.0,3670.0,1910.0,1901.0,2033.0,1910.0,1910.0,1331.0,570.0,1337.0,573.0
2.0,3793.0,1921.0,1900.0,1910.0,1918.0,1918.0,1330.0,570.0,1345.0,576.0
2.0,3782.0,1934.0,1902.0,1918.0,1940.0,1940.0,1332.0,570.0,1355.0,579.0
2.0,3766.0,1911.0,1902.0,1940.0,1911.0,1911.0,1332.0,570.0,1338.0,573.0
2.0,3795.0,1903.0,1901.0,1911.0,1900.0,1900.0,1331.0,570.0,1332.0,571.0
2.0,3803.0,1931.0,1903.0,1900.0,1937.0,1937.0,1332.0,571.0,1353.0,578.0
2.0,3772.0,1983.0,1906.0,1937.0,1992.0,1992.0,1334.0,572.0,1388.0,595.0
2.0,3726.0,1870.0,1904.0,1992.0,1864.0,1864.0,1333.0,571.0,1308.0,562.0
2.0,3848.0,1907.0,1904.0,1864.0,1907.0,1907.0,1333.0,571.0,1335.0,572.0
2.0,3805.0,1855.0,1903.0,1907.0,1852.0,1852.0,1332.0,571.0,1300.0,555.0
2.0,3857.0,1915.0,1903.0,1852.0,1915.0,1915.0,1332.0,571.0,1341.0,574.0
2.0,3794.0,1900.0,1903.0,1915.0,1900.0,1900.0,1332.0,571.0,1330.0,570.0
2.0,3809.0,1920.0,1904.0,1900.0,1923.0,1923.0,1333.0,571.0,1343.0,577.0
2.0,3789.0,1901.0,1904.0,1923.0,1901.0,1901.0,1333.0,571.0,1331.0,570.0
2.0,3811.0,2010.0,1908.0,1901.0,2022.0,2022.0,1336.0,572.0,1407.0,603.0
2.0,3702.0,1937.0,1908.0,2022.0,1937.0,1937.0,1336.0,572.0,1357.0,580.0
2.0,3787.0,1860.0,1907.0,1937.0,1857.0,1857.0,1335.0,572.0,1301.0,559.0
2.0,3864.0,1867.0,1905.0,1857.0,1861.0,1861.0,1334.0,571.0,1308.0,559.0
2.0,3854.0,1863.0,1906.0,1861.0,1866.0,1866.0,1334.0,572.0,1304.0,559.0
2.0,3852.0,1926.0,1906.0,1866.0,1926.0,1926.0,1334.0,572.0,1348.0,578.0
2.0,3792.0,1906.0,1907.0,1926.0,1909.0,1909.0,1335.0,572.0,1335.0,571.0
2.0,3812.0,1979.0,1908.0,1909.0,1982.0,1982.0,1336.0,572.0,1384.0,595.0
2.0,3742.0,1896.0,1908.0,1982.0,1896.0,1896.0,1336.0,572.0,1327.0,569.0
2.0,3828.0,1913.0,1908.0,1896.0,1913.0,1913.0,1336.0,572.0,1339.0,574.0
2.0,3811.0,1850.0,1908.0,1913.0,1850.0,1850.0,1336.0,572.0,1295.0,555.0
2.0,3874.0,1961.0,1910.0,1850.0,1967.0,1967.0,1337.0,573.0,1374.0,587.0
2.0,3763.0,1989.0,1913.0,1967.0,1998.0,1998.0,1339.0,574.0,1392.0,597.0
2.0,3741.0,1997.0,1914.0,1998.0,2000.0,2000.0,1340.0,574.0,1397.0,600.0
2.0,3742.0,1961.0,1917.0,2000.0,1970.0,1970.0,1342.0,575.0,1374.0,587.0
2.0,3781.0,1934.0,1917.0,1970.0,1934.0,1934.0,1342.0,575.0,1355.0,579.0
2.0,3817.0,1891.0,1917.0,1934.0,1891.0,1891.0,1342.0,575.0,1324.0,567.0
2.0,3860.0,1893.0,1918.0,1891.0,1896.0,1896.0,1343.0,575.0,1323.0,570.0
2.0,3858.0,1940.0,1918.0,1896.0,1940.0,1940.0,1343.0,575.0,1359.0,581.0
2.0,3814.0,1999.0,1920.0,1940.0,2005.0,2005.0,1344.0,576.0,1400.0,599.0
2.0,3755.0,1983.0,1923.0,2005.0,1992.0,1992.0,1346.0,577.0,1387.0,596.0
2.0,3777.0,2029.0,1924.0,1992.0,2032.0,2032.0,1347.0,577.0,1421.0,608.0
2.0,3740.0,1916.0,1923.0,2032.0,1913.0,1913.0,1346.0,577.0,1341.0,575.0
2.0,3856.0,1924.0,1921.0,1913.0,1918.0,1918.0,1345.0,576.0,1346.0,578.0
2.0,3845.0,1920.0,1921.0,1918.0,1920.0,1920.0,1345.0,576.0,1344.0,576.0
2.0,3843.0,1909.0,1923.0,1920.0,1915.0,1915.0,1346.0,577.0,1337.0,572.0
2.0,3854.0,1974.0,1925.0,1915.0,1980.0,1980.0,1348.0,577.0,1381.0,593.0
2.0,3795.0,2084.0,1928.0,1980.0,2093.0,2093.0,1350.0,578.0,1460.0,624.0
2.0,3691.0,1971.0,1930.0,2093.0,1977.0,1977.0,1351.0,579.0,1380.0,591.0
2.0,3813.0,1930.0,1930.0,1977.0,1930.0,1930.0,1351.0,579.0,1352.0,578.0
2.0,3860.0,1934.0,1930.0,1930.0,1934.0,1934.0,1351.0,579.0,1354.0,580.0
2.0,3856.0,2014.0,1931.0,1934.0,2017.0,2017.0,1352.0,579.0,1408.0,606.0
2.0,3776.0,1953.0,1931.0,2017.0,1953.0,1953.0,1352.0,579.0,1368.0,585.0
2.0,3840.0,1967.0,1934.0,1953.0,1976.0,1976.0,1354.0,580.0,1379.0,588.0
2.0,3826.0,2043.0,1940.0,1976.0,2061.0,2061.0,1358.0,582.0,1429.0,614.0
2.0,3759.0,1958.0,1940.0,2061.0,1958.0,1958.0,1358.0,582.0,1371.0,587.0
2.0,3862.0,1990.0,1940.0,1958.0,1990.0,1990.0,1358.0,582.0,1393.0,597.0
2.0,3830.0,1927.0,1937.0,1990.0,1918.0,1918.0,1356.0,581.0,1348.0,579.0
2.0,3893.0,1917.0,1938.0,1918.0,1920.0,1920.0,1357.0,581.0,1342.0,575.0
2.0,3894.0,1990.0,1940.0,1920.0,1996.0,1996.0,1358.0,582.0,1394.0,596.0
2.0,3824.0,1986.0,1940.0,1996.0,1986.0,1986.0,1358.0,582.0,1391.0,595.0
2.0,3834.0,1993.0,1941.0,1986.0,1996.0,1996.0,1359.0,582.0,1394.0,599.0
2.0,3827.0,1927.0,1943.0,1996.0,1933.0,1933.0,1360.0,583.0,1349.0,578.0
2.0,3896.0,1944.0,1943.0,1933.0,1944.0,1944.0,1360.0,583.0,1361.0,583.0
2.0,3885.0,1925.0,1941.0,1944.0,1919.0,1919.0,1359.0,582.0,1348.0,577.0
2.0,3904.0,1924.0,1943.0,1919.0,1930.0,1930.0,1360.0,583.0,1347.0,577.0
2.0,3899.0,2036.0,1945.0,1930.0,2042.0,2042.0,1362.0,583.0,1425.0,611.0
2.0,3793.0,2021.0,1948.0,2042.0,2030.0,2030.0,1364.0,584.0,1415.0,606.0
2.0,3814.0,2054.0,1951.0,2030.0,2063.0,2063.0,1366.0,585.0,1440.0,614.0
2.0,3790.0,1976.0,1953.0,2063.0,1982.0,1982.0,1367.0,586.0,1382.0,594.0
2.0,3877.0,1955.0,1953.0,1982.0,1955.0,1955.0,1367.0,586.0,1369.0,586.0
2.0,3904.0,1916.0,1953.0,1955.0,1916.0,1916.0,1367.0,586.0,1341.0,575.0
2.0,3943.0,1891.0,1951.0,1916.0,1885.0,1885.0,1366.0,585.0,1325.0,566.0
2.0,3968.0,1944.0,1951.0,1885.0,1944.0,1944.0,1366.0,585.0,1361.0,583.0
2.0,3909.0,2036.0,1954.0,1944.0,2045.0,2045.0,1368.0,586.0,1425.0,611.0
2.0,3817.0,2034.0,1957.0,2045.0,2043.0,2043.0,1370.0,587.0,1424.0,610.0
2.0,3828.0,1971.0,1960.0,2043.0,1980.0,1980.0,1372.0,588.0,1380.0,591.0
2.0,3900.0,1923.0,1960.0,1980.0,1923.0,1923.0,1372.0,588.0,1346.0,577.0
2.0,3957.0,1883.0,1960.0,1923.0,1883.0,1883.0,1372.0,588.0,1317.0,566.0
2.0,3997.0,1947.0,1958.0,1883.0,1941.0,1941.0,1371.0,587.0,1363.0,584.0
2.0,3933.0,1940.0,1960.0,1941.0,1946.0,1946.0,1372.0,588.0,1359.0,581.0
2.0,3934.0,2076.0,1963.0,1946.0,2085.0,2085.0,1374.0,589.0,1453.0,623.0
2.0,3804.0,2044.0,1967.0,2085.0,2056.0,2056.0,1377.0,590.0,1431.0,613.0
2.0,3845.0,2010.0,1967.0,2056.0,2010.0,2010.0,1377.0,590.0,1408.0,602.0
2.0,3891.0,1907.0,1966.0,2010.0,1904.0,1904.0,1376.0,590.0,1334.0,573.0
2.0,3994.0,1910.0,1964.0,1904.0,1904.0,1904.0,1375.0,589.0,1338.0,572.0
2.0,3988.0,1963.0,1964.0,1904.0,1963.0,1963.0,1375.0,589.0,1374.0,589.0
2.0,3929.0,1921.0,1964.0,1963.0,1921.0,1921.0,1375.0,589.0,1345.0,576.0
2.0,3971.0,2090.0,1967.0,1921.0,2099.0,2099.0,1377.0,590.0,1463.0,627.0
2.0,3802.0,2039.0,1970.0,2099.0,2048.0,2048.0,1379.0,591.0,1427.0,612.0
2.0,3862.0,2065.0,1973.0,2048.0,2074.0,2074.0,1381.0,592.0,1445.0,620.0
2.0,3845.0,1890.0,1971.0,2074.0,1884.0,1884.0,1380.0,591.0,1324.0,566.0
2.0,4029.0,1965.0,1970.0,1884.0,1962.0,1962.0,1379.0,591.0,1375.0,590.0
2.0,3948.0,1940.0,1968.0,1962.0,1934.0,1934.0,1378.0,590.0,1357.0,583.0
2.0,3970.0,1940.0,1969.0,1934.0,1943.0,1943.0,1378.0,591.0,1359.0,581.0
2.0,3964.0,2006.0,1971.0,1943.0,2012.0,2012.0,1380.0,591.0,1405.0,601.0
2.0,3901.0,2056.0,1973.0,2012.0,2062.0,2062.0,1381.0,592.0,1438.0,618.0
2.0,3857.0,2033.0,1976.0,2062.0,2042.0,2042.0,1383.0,593.0,1423.0,610.0
2.0,3886.0,1974.0,1976.0,2042.0,1974.0,1974.0,1383.0,593.0,1382.0,592.0
2.0,3954.0,1960.0,1973.0,1974.0,1951.0,1951.0,1381.0,592.0,1373.0,587.0
2.0,3968.0,1986.0,1974.0,1951.0,1989.0,1989.0,1382.0,592.0,1390.0,596.0
2.0,3933.0,1941.0,1974.0,1989.0,1941.0,1941.0,1382.0,592.0,1359.0,582.0
2.0,3981.0,2029.0,1976.0,1941.0,2035.0,2035.0,1383.0,593.0,1419.0,610.0
2.0,3893.0,1944.0,1974.0,2035.0,1938.0,1938.0,1382.0,592.0,1362.0,582.0
2.0,3984.0,1950.0,1974.0,1938.0,1950.0,1950.0,1382.0,592.0,1365.0,585.0
2.0,3972.0,2001.0,1974.0,1950.0,2001.0,2001.0,1382.0,592.0,1400.0,601.0
2.0,3921.0,1899.0,1973.0,2001.0,1896.0,1896.0,1381.0,592.0,1330.0,569.0
2.0,4023.0,1914.0,1971.0,1896.0,1908.0,1908.0,1380.0,591.0,1340.0,574.0
2.0,4005.0,1991.0,1971.0,1908.0,1991.0,1991.0,1380.0,591.0,1394.0,597.0
2.0,3922.0,1997.0,1973.0,1991.0,2003.0,2003.0,1381.0,592.0,1399.0,598.0
2.0,3916.0,2069.0,1976.0,2003.0,2078.0,2078.0,1383.0,593.0,1447.0,622.0
2.0,3850.0,2036.0,1977.0,2078.0,2039.0,2039.0,1384.0,593.0,1426.0,610.0
2.0,3892.0,1946.0,1976.0,2039.0,1943.0,1943.0,1383.0,593.0,1362.0,584.0
2.0,3985.0,1928.0,1974.0,1943.0,1922.0,1922.0,1382.0,592.0,1349.0,579.0
2.0,4000.0,1963.0,1975.0,1922.0,1966.0,1966.0,1383.0,592.0,1374.0,589.0
2.0,3959.0,1994.0,1976.0,1966.0,1997.0,1997.0,1383.0,593.0,1397.0,597.0
2.0,3931.0,2010.0,1977.0,1997.0,2013.0,2013.0,1384.0,593.0,1406.0,604.0
2.0,3918.0,1981.0,1979.0,2013.0,1987.0,1987.0,1385.0,594.0,1388.0,593.0
2.0,3950.0,1978.0,1977.0,1987.0,1972.0,1972.0,1384.0,593.0,1384.0,594.0
2.0,3959.0,1952.0,1977.0,1972.0,1952.0,1952.0,1384.0,593.0,1368.0,584.0
2.0,3979.0,1944.0,1974.0,1952.0,1935.0,1935.0,1382.0,592.0,1360.0,584.0
2.0,3987.0,1933.0,1973.0,1935.0,1930.0,1930.0,1381.0,592.0,1353.0,580.0
2.0,3989.0,2005.0,1974.0,1930.0,2008.0,2008.0,1382.0,592.0,1404.0,601.0
2.0,3914.0,1950.0,1975.0,2008.0,1953.0,1953.0,1383.0,592.0,1366.0,584.0
2.0,3972.0,2007.0,1977.0,1953.0,2013.0,2013.0,1384.0,593.0,1404.0,603.0
2.0,3918.0,2060.0,1980.0,2013.0,2069.0,2069.0,1386.0,594.0,1444.0,616.0
2.0,3871.0,1964.0,1978.0,2069.0,1958.0,1958.0,1385.0,593.0,1374.0,590.0
2.0,3976.0,1908.0,1976.0,1958.0,1902.0,1902.0,1383.0,593.0,1336.0,572.0
2.0,4026.0,1968.0,1976.0,1902.0,1968.0,1968.0,1383.0,593.0,1378.0,590.0
2.0,3960.0,1959.0,1977.0,1968.0,1962.0,1962.0,1384.0,593.0,1372.0,587.0
2.0,3969.0,2063.0,1980.0,1962.0,2072.0,2072.0,1386.0,594.0,1444.0,619.0
2.0,3868.0,2024.0,1981.0,2072.0,2027.0,2027.0,1387.0,594.0,1416.0,608.0
2.0,3916.0,2076.0,1984.0,2027.0,2085.0,2085.0,1389.0,595.0,1453.0,623.0
2.0,3867.0,1982.0,1982.0,2085.0,1976.0,1976.0,1388.0,594.0,1389.0,593.0
2.0,3970.0,2001.0,1981.0,1976.0,1998.0,1998.0,1387.0,594.0,1400.0,601.0
2.0,3945.0,2000.0,1981.0,1998.0,2000.0,2000.0,1387.0,594.0,1400.0,600.0
2.0,3943.0,1996.0,1983.0,2000.0,2002.0,2002.0,1388.0,595.0,1398.0,598.0
2.0,3947.0,2039.0,1985.0,2002.0,2045.0,2045.0,1390.0,595.0,1427.0,612.0
2.0,3910.0,2030.0,1987.0,2045.0,2036.0,2036.0,1391.0,596.0,1422.0,608.0
2.0,3925.0,2072.0,1990.0,2036.0,2081.0,2081.0,1393.0,597.0,1450.0,622.0
2.0,3889.0,2021.0,1988.0,2081.0,2015.0,2015.0,1392.0,596.0,1414.0,607.0
2.0,3949.0,2026.0,1988.0,2015.0,2026.0,2026.0,1392.0,596.0,1418.0,608.0
2.0,3938.0,1941.0,1986.0,2026.0,1935.0,1935.0,1390.0,596.0,1359.0,582.0
2.0,4023.0,2040.0,1988.0,1935.0,2046.0,2046.0,1392.0,596.0,1428.0,612.0
2.0,3918.0,2092.0,1991.0,2046.0,2101.0,2101.0,1394.0,597.0,1464.0,628.0
2.0,3872.0,2060.0,1993.0,2101.0,2066.0,2066.0,1395.0,598.0,1443.0,617.0
2.0,3913.0,1997.0,1994.0,2066.0,2000.0,2000.0,1396.0,598.0,1397.0,600.0
2.0,3982.0,1997.0,1994.0,2000.0,1997.0,1997.0,1396.0,598.0,1398.0,599.0
2.0,3985.0,1980.0,1993.0,1997.0,1977.0,1977.0,1395.0,598.0,1387.0,593.0
2.0,4002.0,1993.0,1991.0,1977.0,1987.0,1987.0,1394.0,597.0,1395.0,598.0
2.0,3986.0,2013.0,1993.0,1987.0,2019.0,2019.0,1395.0,598.0,1409.0,604.0
2.0,3960.0,2080.0,1994.0,2019.0,2083.0,2083.0,1396.0,598.0,1456.0,624.0
2.0,3899.0,2008.0,1995.0,2083.0,2011.0,2011.0,1397.0,598.0,1406.0,602.0
2.0,3974.0,2000.0,1997.0,2011.0,2006.0,2006.0,1398.0,599.0,1401.0,599.0
2.0,3985.0,2002.0,1996.0,2006.0,1999.0,1999.0,1397.0,599.0,1401.0,601.0
2.0,3989.0,1932.0,1996.0,1999.0,1932.0,1932.0,1397.0,599.0,1353.0,579.0
2.0,4056.0,2002.0,1997.0,1932.0,2005.0,2005.0,1398.0,599.0,1402.0,600.0
2.0,3986.0,2079.0,1998.0,2005.0,2082.0,2082.0,1399.0,599.0,1454.0,625.0
2.0,3912.0,2024.0,2000.0,2082.0,2030.0,2030.0,1400.0,600.0,1416.0,608.0
2.0,3970.0,2069.0,2004.0,2030.0,2081.0,2081.0,1403.0,601.0,1450.0,619.0
2.0,3931.0,2109.0,2006.0,2081.0,2115.0,2115.0,1404.0,602.0,1476.0,633.0
2.0,3903.0,1988.0,2006.0,2115.0,1988.0,1988.0,1404.0,602.0,1392.0,596.0
2.0,4030.0,2011.0,2004.0,1988.0,2005.0,2005.0,1403.0,601.0,1407.0,604.0
2.0,4007.0,2003.0,2004.0,2005.0,2003.0,2003.0,1403.0,601.0,1402.0,601.0
2.0,4009.0,1993.0,2004.0,2003.0,1993.0,1993.0,1403.0,601.0,1395.0,598.0
2.0,4019.0,2014.0,2007.0,1993.0,2023.0,2023.0,1405.0,602.0,1411.0,603.0
2.0,3998.0,2067.0,2008.0,2023.0,2070.0,2070.0,1406.0,602.0,1447.0,620.0
2.0,3954.0,2061.0,2010.0,2070.0,2067.0,2067.0,1407.0,603.0,1444.0,617.0
2.0,3963.0,2010.0,2010.0,2067.0,2010.0,2010.0,1407.0,603.0,1407.0,603.0
2.0,4020.0,1981.0,2010.0,2010.0,1981.0,1981.0,1407.0,603.0,1387.0,594.0
2.0,4049.0,2087.0,2011.0,1981.0,2090.0,2090.0,1408.0,603.0,1460.0,627.0
2.0,3943.0,2032.0,2013.0,2090.0,2038.0,2038.0,1409.0,604.0,1423.0,609.0
2.0,4001.0,2081.0,2016.0,2038.0,2090.0,2090.0,1411.0,605.0,1457.0,624.0
2.0,3958.0,2030.0,2018.0,2090.0,2036.0,2036.0,1413.0,605.0,1422.0,608.0
2.0,4018.0,2039.0,2018.0,2036.0,2039.0,2039.0,1413.0,605.0,1425.0,614.0
2.0,4015.0,2001.0,2020.0,2039.0,2007.0,2007.0,1414.0,606.0,1402.0,599.0
2.0,4053.0,1935.0,2018.0,2007.0,1929.0,1929.0,1413.0,605.0,1354.0,581.0
2.0,4125.0,2023.0,2017.0,1929.0,2020.0,2020.0,1412.0,605.0,1418.0,605.0
2.0,4031.0,2034.0,2018.0,2020.0,2037.0,2037.0,1413.0,605.0,1423.0,611.0
2.0,4017.0,2072.0,2021.0,2037.0,2081.0,2081.0,1415.0,606.0,1450.0,622.0
2.0,3982.0,2063.0,2024.0,2081.0,2072.0,2072.0,1417.0,607.0,1445.0,618.0
2.0,4000.0,2068.0,2026.0,2072.0,2074.0,2074.0,1418.0,608.0,1447.0,621.0
2.0,4004.0,2020.0,2025.0,2074.0,2017.0,2017.0,1418.0,607.0,1414.0,606.0
2.0,4058.0,1943.0,2024.0,2017.0,1940.0,1940.0,1417.0,607.0,1361.0,582.0
2.0,4132.0,1983.0,2021.0,1940.0,1974.0,1974.0,1415.0,606.0,1387.0,596.0
2.0,4089.0,2038.0,2023.0,1974.0,2044.0,2044.0,1416.0,607.0,1427.0,611.0
2.0,4025.0,2044.0,2024.0,2044.0,2047.0,2047.0,1417.0,607.0,1432.0,612.0
2.0,4025.0,2084.0,2025.0,2047.0,2087.0,2087.0,1418.0,607.0,1458.0,626.0
2.0,3988.0,2046.0,2026.0,2087.0,2049.0,2049.0,1418.0,608.0,1433.0,613.0
2.0,4029.0,2053.0,2027.0,2049.0,2056.0,2056.0,1419.0,608.0,1437.0,616.0
2.0,4025.0,2002.0,2026.0,2056.0,1999.0,1999.0,1418.0,608.0,1402.0,600.0
2.0,4079.0,1957.0,2024.0,1999.0,1951.0,1951.0,1417.0,607.0,1370.0,587.0
2.0,4121.0,2034.0,2024.0,1951.0,2034.0,2034.0,1417.0,607.0,1424.0,610.0
2.0,4038.0,2123.0,2026.0,2034.0,2129.0,2129.0,1418.0,608.0,1486.0,637.0
2.0,3949.0,2064.0,2028.0,2129.0,2070.0,2070.0,1420.0,608.0,1444.0,620.0
2.0,4014.0,2058.0,2028.0,2070.0,2058.0,2058.0,1420.0,608.0,1441.0,617.0
2.0,4026.0,2047.0,2027.0,2058.0,2044.0,2044.0,1419.0,608.0,1433.0,614.0
2.0,4037.0,2042.0,2027.0,2044.0,2042.0,2042.0,1419.0,608.0,1432.0,610.0
2.0,4039.0,2000.0,2027.0,2042.0,2000.0,2000.0,1419.0,608.0,1400.0,600.0
2.0,4081.0,2049.0,2028.0,2000.0,2052.0,2052.0,1420.0,608.0,1433.0,616.0
2.0,4032.0,2020.0,2029.0,2052.0,2023.0,2023.0,1420.0,609.0,1414.0,606.0
2.0,4064.0,2040.0,2030.0,2023.0,2043.0,2043.0,1421.0,609.0,1429.0,611.0
2.0,4047.0,1996.0,2030.0,2043.0,1996.0,1996.0,1421.0,609.0,1396.0,600.0
2.0,4094.0,2010.0,2028.0,1996.0,2004.0,2004.0,1420.0,608.0,1407.0,603.0
2.0,4080.0,2057.0,2030.0,2004.0,2063.0,2063.0,1421.0,609.0,1440.0,617.0
2.0,4027.0,2048.0,2030.0,2063.0,2048.0,2048.0,1421.0,609.0,1435.0,613.0
2.0,4042.0,2081.0,2031.0,2048.0,2084.0,2084.0,1422.0,609.0,1456.0,625.0
2.0,4009.0,2053.0,2034.0,2084.0,2062.0,2062.0,1424.0,610.0,1438.0,615.0
2.0,4040.0,2096.0,2036.0,2062.0,2102.0,2102.0,1425.0,611.0,1467.0,629.0
2.0,4006.0,2057.0,2035.0,2102.0,2054.0,2054.0,1425.0,610.0,1439.0,618.0
2.0,4051.0,2024.0,2035.0,2054.0,2024.0,2024.0,1425.0,610.0,1418.0,606.0
2.0,4081.0,1972.0,2034.0,2024.0,1969.0,1969.0,1424.0,610.0,1381.0,591.0
2.0,4133.0,2026.0,2031.0,1969.0,2017.0,2017.0,1422.0,609.0,1417.0,609.0
2.0,4076.0,2047.0,2033.0,2017.0,2053.0,2053.0,1423.0,610.0,1434.0,613.0
2.0,4046.0,2099.0,2034.0,2053.0,2102.0,2102.0,1424.0,610.0,1468.0,631.0
2.0,4000.0,2067.0,2036.0,2102.0,2073.0,2073.0,1425.0,611.0,1448.0,619.0
2.0,4035.0,2051.0,2037.0,2073.0,2054.0,2054.0,1426.0,611.0,1437.0,614.0
2.0,4057.0,2010.0,2037.0,2054.0,2010.0,2010.0,1426.0,611.0,1407.0,603.0
2.0,4101.0,2014.0,2036.0,2010.0,2011.0,2011.0,1425.0,611.0,1409.0,605.0
2.0,4097.0,2037.0,2036.0,2011.0,2037.0,2037.0,1425.0,611.0,1426.0,611.0
2.0,4071.0,2086.0,2037.0,2037.0,2089.0,2089.0,1426.0,611.0,1461.0,625.0
2.0,4022.0,2152.0,2040.0,2089.0,2161.0,2161.0,1428.0,612.0,1506.0,646.0
2.0,3959.0,2060.0,2040.0,2161.0,2060.0,2060.0,1428.0,612.0,1442.0,618.0
2.0,4060.0,2063.0,2040.0,2060.0,2063.0,2063.0,1428.0,612.0,1442.0,621.0
2.0,4057.0,2059.0,2040.0,2063.0,2059.0,2059.0,1428.0,612.0,1444.0,615.0
2.0,4061.0,2013.0,2040.0,2059.0,2013.0,2013.0,1428.0,612.0,1409.0,604.0
2.0,4107.0,2038.0,2040.0,2013.0,2038.0,2038.0,1428.0,612.0,1427.0,611.0
2.0,4082.0,2096.0,2041.0,2038.0,2099.0,2099.0,1429.0,612.0,1466.0,630.0
2.0,4024.0,2110.0,2044.0,2099.0,2119.0,2119.0,1431.0,613.0,1477.0,633.0
2.0,4013.0,2101.0,2047.0,2119.0,2110.0,2110.0,1433.0,614.0,1472.0,629.0
2.0,4031.0,2110.0,2048.0,2110.0,2113.0,2113.0,1434.0,614.0,1476.0,634.0
2.0,4031.0,2058.0,2047.0,2113.0,2055.0,2055.0,1433.0,614.0,1441.0,617.0
2.0,4086.0,2040.0,2047.0,2055.0,2040.0,2040.0,1433.0,614.0,1428.0,612.0
2.0,4101.0,2047.0,2047.0,2040.0,2047.0,2047.0,1433.0,614.0,1435.0,612.0
2.0,4094.0,2054.0,2047.0,2047.0,2054.0,2054.0,1433.0,614.0,1436.0,618.0
2.0,4087.0,2098.0,2050.0,2054.0,2107.0,2107.0,1435.0,615.0,1471.0,627.0
2.0,4043.0,2067.0,2051.0,2107.0,2070.0,2070.0,1436.0,615.0,1446.0,621.0
2.0,4083.0,2112.0,2053.0,2070.0,2118.0,2118.0,1437.0,616.0,1479.0,633.0
2.0,4041.0,2033.0,2053.0,2118.0,2033.0,2033.0,1437.0,616.0,1423.0,610.0
2.0,4126.0,2076.0,2053.0,2033.0,2076.0,2076.0,1437.0,616.0,1453.0,623.0
2.0,4083.0,2044.0,2053.0,2076.0,2044.0,2044.0,1437.0,616.0,1431.0,613.0
2.0,4115.0,2101.0,2054.0,2044.0,2104.0,2104.0,1438.0,616.0,1470.0,631.0
2.0,4058.0,2226.0,2058.0,2104.0,2238.0,2238.0,1441.0,617.0,1559.0,667.0
2.0,3936.0,2078.0,2060.0,2238.0,2084.0,2084.0,1442.0,618.0,1456.0,622.0
2.0,4096.0,2071.0,2061.0,2084.0,2074.0,2074.0,1443.0,618.0,1448.0,623.0
2.0,4109.0,2085.0,2060.0,2074.0,2082.0,2082.0,1442.0,618.0,1462.0,623.0
2.0,4098.0,2000.0,2060.0,2082.0,2000.0,2000.0,1442.0,618.0,1399.0,601.0
2.0,4180.0,2043.0,2059.0,2000.0,2040.0,2040.0,1441.0,618.0,1430.0,613.0
2.0,4137.0,2009.0,2058.0,2040.0,2006.0,2006.0,1441.0,617.0,1406.0,603.0
2.0,4168.0,2122.0,2060.0,2006.0,2128.0,2128.0,1442.0,618.0,1486.0,636.0
2.0,4052.0,2050.0,2061.0,2128.0,2053.0,2053.0,1443.0,618.0,1433.0,617.0
2.0,4130.0,2130.0,2063.0,2053.0,2136.0,2136.0,1444.0,619.0,1492.0,638.0
2.0,4053.0,2066.0,2063.0,2136.0,2066.0,2066.0,1444.0,619.0,1447.0,619.0
2.0,4123.0,2054.0,2063.0,2066.0,2054.0,2054.0,1444.0,619.0,1438.0,616.0
2.0,4135.0,2097.0,2065.0,2054.0,2103.0,2103.0,1446.0,619.0,1467.0,630.0
2.0,4092.0,2032.0,2066.0,2103.0,2035.0,2035.0,1446.0,620.0,1423.0,609.0
2.0,4163.0,2157.0,2068.0,2035.0,2163.0,2163.0,1448.0,620.0,1509.0,648.0
2.0,4041.0,2140.0,2070.0,2163.0,2146.0,2146.0,1449.0,621.0,1499.0,641.0
2.0,4064.0,2090.0,2070.0,2146.0,2090.0,2090.0,1449.0,621.0,1463.0,627.0
2.0,4120.0,2054.0,2070.0,2090.0,2054.0,2054.0,1449.0,621.0,1438.0,616.0
2.0,4156.0,2034.0,2068.0,2054.0,2028.0,2028.0,1448.0,620.0,1424.0,610.0
2.0,4176.0,2046.0,2068.0,2028.0,2046.0,2046.0,1448.0,620.0,1432.0,614.0
2.0,4158.0,2140.0,2070.0,2046.0,2146.0,2146.0,1449.0,621.0,1499.0,641.0
2.0,4064.0,2136.0,2074.0,2146.0,2148.0,2148.0,1452.0,622.0,1495.0,641.0
2.0,4074.0,2175.0,2077.0,2148.0,2184.0,2184.0,1454.0,623.0,1522.0,653.0
2.0,4047.0,2043.0,2077.0,2184.0,2043.0,2043.0,1454.0,623.0,1430.0,613.0
2.0,4188.0,2091.0,2077.0,2043.0,2091.0,2091.0,1454.0,623.0,1464.0,627.0
2.0,4140.0,2140.0,2077.0,2091.0,2140.0,2140.0,1454.0,623.0,1499.0,641.0
2.0,4091.0,2038.0,2077.0,2140.0,2038.0,2038.0,1454.0,623.0,1427.0,611.0
2.0,4193.0,2113.0,2080.0,2038.0,2122.0,2122.0,1456.0,624.0,1478.0,635.0
2.0,4118.0,2167.0,2083.0,2122.0,2176.0,2176.0,1458.0,625.0,1517.0,650.0
2.0,4073.0,2146.0,2084.0,2176.0,2149.0,2149.0,1459.0,625.0,1503.0,643.0
2.0,4103.0,2110.0,2085.0,2149.0,2113.0,2113.0,1460.0,625.0,1476.0,634.0
2.0,4142.0,2075.0,2084.0,2113.0,2072.0,2072.0,1459.0,625.0,1454.0,621.0
2.0,4180.0,2044.0,2083.0,2072.0,2041.0,2041.0,1458.0,625.0,1431.0,613.0
2.0,4208.0,2090.0,2084.0,2041.0,2093.0,2093.0,1459.0,625.0,1463.0,627.0
2.0,4159.0,2079.0,2084.0,2093.0,2079.0,2079.0,1459.0,625.0,1455.0,624.0
2.0,4173.0,2041.0,2084.0,2079.0,2041.0,2041.0,1459.0,625.0,1430.0,611.0
2.0,4211.0,2133.0,2087.0,2041.0,2142.0,2142.0,1461.0,626.0,1492.0,641.0
2.0,4119.0,2088.0,2086.0,2142.0,2085.0,2085.0,1460.0,626.0,1462.0,626.0
2.0,4173.0,2110.0,2086.0,2085.0,2110.0,2110.0,1460.0,626.0,1477.0,633.0
2.0,4148.0,2110.0,2087.0,2110.0,2113.0,2113.0,1461.0,626.0,1477.0,633.0
2.0,4148.0,2113.0,2087.0,2113.0,2113.0,2113.0,1461.0,626.0,1479.0,634.0
2.0,4148.0,2137.0,2088.0,2113.0,2140.0,2140.0,1462.0,626.0,1495.0,642.0
2.0,4124.0,2058.0,2088.0,2140.0,2058.0,2058.0,1462.0,626.0,1441.0,617.0
2.0,4206.0,2117.0,2090.0,2058.0,2123.0,2123.0,1463.0,627.0,1483.0,634.0
2.0,4147.0,2106.0,2091.0,2123.0,2109.0,2109.0,1464.0,627.0,1475.0,631.0
2.0,4164.0,2067.0,2090.0,2109.0,2064.0,2064.0,1463.0,627.0,1447.0,620.0
2.0,4206.0,2090.0,2090.0,2064.0,2090.0,2090.0,1463.0,627.0,1463.0,627.0
2.0,4180.0,2072.0,2090.0,2090.0,2072.0,2072.0,1463.0,627.0,1450.0,622.0
2.0,4198.0,2110.0,2091.0,2072.0,2113.0,2113.0,1464.0,627.0,1476.0,634.0
2.0,4160.0,2109.0,2091.0,2113.0,2109.0,2109.0,1464.0,627.0,1477.0,632.0
2.0,4164.0,2166.0,2094.0,2109.0,2175.0,2175.0,1466.0,628.0,1517.0,649.0
2.0,4107.0,2123.0,2094.0,2175.0,2123.0,2123.0,1466.0,628.0,1485.0,638.0
2.0,4159.0,2016.0,2091.0,2123.0,2007.0,2007.0,1464.0,627.0,1411.0,605.0
2.0,4266.0,2080.0,2091.0,2007.0,2080.0,2080.0,1464.0,627.0,1456.0,624.0
2.0,4193.0,2037.0,2090.0,2080.0,2034.0,2034.0,1463.0,627.0,1428.0,609.0
2.0,4236.0,2090.0,2090.0,2034.0,2090.0,2090.0,1463.0,627.0,1463.0,627.0
2.0,4180.0,2162.0,2093.0,2090.0,2171.0,2171.0,1465.0,628.0,1513.0,649.0
2.0,4108.0,2107.0,2094.0,2171.0,2110.0,2110.0,1466.0,628.0,1474.0,633.0
2.0,4172.0,2114.0,2097.0,2110.0,2123.0,2123.0,1468.0,629.0,1481.0,633.0
2.0,4168.0,2084.0,2096.0,2123.0,2081.0,2081.0,1467.0,629.0,1459.0,625.0
2.0,4207.0,2044.0,2096.0,2081.0,2044.0,2044.0,1467.0,629.0,1431.0,613.0
2.0,4244.0,2084.0,2094.0,2044.0,2078.0,2078.0,1466.0,628.0,1458.0,626.0
2.0,4204.0,2196.0,2097.0,2078.0,2205.0,2205.0,1468.0,629.0,1539.0,657.0
2.0,4086.0,2149.0,2099.0,2205.0,2155.0,2155.0,1469.0,630.0,1503.0,646.0
2.0,4142.0,2170.0,2100.0,2155.0,2173.0,2173.0,1470.0,630.0,1520.0,650.0
2.0,4127.0,2116.0,2103.0,2173.0,2125.0,2125.0,1472.0,631.0,1480.0,636.0
2.0,4184.0,2137.0,2101.0,2125.0,2131.0,2131.0,1471.0,630.0,1496.0,641.0
2.0,4172.0,2048.0,2100.0,2131.0,2045.0,2045.0,1470.0,630.0,1435.0,613.0
2.0,4255.0,2174.0,2101.0,2045.0,2177.0,2177.0,1471.0,630.0,1521.0,653.0
2.0,4126.0,2177.0,2104.0,2177.0,2186.0,2186.0,1473.0,631.0,1525.0,652.0
2.0,4126.0,2110.0,2106.0,2186.0,2116.0,2116.0,1474.0,632.0,1476.0,634.0
2.0,4202.0,2179.0,2108.0,2116.0,2185.0,2185.0,1476.0,632.0,1525.0,654.0
2.0,4139.0,2110.0,2107.0,2185.0,2107.0,2107.0,1475.0,632.0,1479.0,631.0
2.0,4214.0,2161.0,2108.0,2107.0,2164.0,2164.0,1476.0,632.0,1511.0,650.0
2.0,4160.0,2041.0,2105.0,2164.0,2032.0,2032.0,1474.0,631.0,1430.0,611.0
2.0,4283.0,2001.0,2104.0,2032.0,1998.0,1998.0,1473.0,631.0,1400.0,601.0
2.0,4314.0,2151.0,2106.0,1998.0,2157.0,2157.0,1474.0,632.0,1507.0,644.0
2.0,4161.0,2174.0,2106.0,2157.0,2174.0,2174.0,1474.0,632.0,1522.0,652.0
2.0,4144.0,2154.0,2108.0,2174.0,2160.0,2160.0,1476.0,632.0,1508.0,646.0
2.0,4164.0,2187.0,2110.0,2160.0,2193.0,2193.0,1477.0,633.0,1532.0,655.0
2.0,4137.0,2141.0,2110.0,2193.0,2141.0,2141.0,1477.0,633.0,1499.0,642.0
2.0,4189.0,2091.0,2108.0,2141.0,2085.0,2085.0,1476.0,632.0,1463.0,628.0
2.0,4239.0,2145.0,2109.0,2085.0,2148.0,2148.0,1476.0,633.0,1502.0,643.0
2.0,4179.0,2123.0,2110.0,2148.0,2126.0,2126.0,1477.0,633.0,1487.0,636.0
2.0,4204.0,2156.0,2113.0,2126.0,2165.0,2165.0,1479.0,634.0,1508.0,648.0
2.0,4174.0,2193.0,2114.0,2165.0,2196.0,2196.0,1480.0,634.0,1535.0,658.0
2.0,4146.0,2078.0,2114.0,2196.0,2078.0,2078.0,1480.0,634.0,1455.0,623.0
2.0,4264.0,2080.0,2114.0,2078.0,2080.0,2080.0,1480.0,634.0,1456.0,624.0
2.0,4262.0,2042.0,2113.0,2080.0,2039.0,2039.0,1479.0,634.0,1431.0,611.0
2.0,4300.0,2152.0,2114.0,2039.0,2155.0,2155.0,1480.0,634.0,1505.0,647.0
2.0,4187.0,2199.0,2116.0,2155.0,2205.0,2205.0,1481.0,635.0,1540.0,659.0
2.0,4143.0,2182.0,2117.0,2205.0,2185.0,2185.0,1482.0,635.0,1526.0,656.0
2.0,4166.0,2132.0,2118.0,2185.0,2135.0,2135.0,1483.0,635.0,1493.0,639.0
2.0,4219.0,2217.0,2120.0,2135.0,2223.0,2223.0,1484.0,636.0,1553.0,664.0
2.0,4137.0,2123.0,2121.0,2223.0,2126.0,2126.0,1485.0,636.0,1487.0,636.0
2.0,4237.0,2144.0,2121.0,2126.0,2144.0,2144.0,1485.0,636.0,1500.0,644.0
2.0,4219.0,2133.0,2121.0,2144.0,2133.0,2133.0,1485.0,636.0,1493.0,640.0
2.0,4230.0,2153.0,2123.0,2133.0,2159.0,2159.0,1486.0,637.0,1508.0,645.0
2.0,4210.0,2143.0,2124.0,2159.0,2146.0,2146.0,1487.0,637.0,1499.0,644.0
2.0,4226.0,2094.0,2124.0,2146.0,2094.0,2094.0,1487.0,637.0,1466.0,628.0
2.0,4278.0,2146.0,2125.0,2094.0,2149.0,2149.0,1488.0,637.0,1502.0,644.0
2.0,4226.0,2098.0,2125.0,2149.0,2098.0,2098.0,1488.0,637.0,1469.0,629.0
2.0,4277.0,2082.0,2124.0,2098.0,2079.0,2079.0,1487.0,637.0,1459.0,623.0
2.0,4293.0,2183.0,2124.0,2079.0,2183.0,2183.0,1487.0,637.0,1527.0,656.0
2.0,4189.0,2172.0,2128.0,2183.0,2184.0,2184.0,1490.0,638.0,1520.0,652.0
2.0,4200.0,2150.0,2129.0,2184.0,2153.0,2153.0,1490.0,639.0,1506.0,644.0
2.0,4234.0,2182.0,2131.0,2153.0,2188.0,2188.0,1492.0,639.0,1527.0,655.0
2.0,4205.0,2198.0,2134.0,2188.0,2207.0,2207.0,1494.0,640.0,1540.0,658.0
2.0,4195.0,2194.0,2134.0,2207.0,2194.0,2194.0,1494.0,640.0,1537.0,657.0
2.0,4208.0,2151.0,2135.0,2194.0,2154.0,2154.0,1495.0,640.0,1504.0,647.0
2.0,4251.0,2157.0,2136.0,2154.0,2160.0,2160.0,1495.0,641.0,1511.0,646.0
2.0,4248.0,2126.0,2137.0,2160.0,2129.0,2129.0,1496.0,641.0,1488.0,638.0
2.0,4282.0,2189.0,2140.0,2129.0,2198.0,2198.0,1498.0,642.0,1532.0,657.0
2.0,4222.0,2193.0,2141.0,2198.0,2196.0,2196.0,1499.0,642.0,1535.0,658.0
2.0,4227.0,2117.0,2140.0,2196.0,2114.0,2114.0,1498.0,642.0,1483.0,634.0
2.0,4306.0,2122.0,2140.0,2114.0,2122.0,2122.0,1498.0,642.0,1485.0,637.0
2.0,4298.0,2123.0,2139.0,2122.0,2120.0,2120.0,1497.0,642.0,1486.0,637.0
2.0,4297.0,2146.0,2140.0,2120.0,2149.0,2149.0,1498.0,642.0,1502.0,644.0
2.0,4271.0,2189.0,2141.0,2149.0,2192.0,2192.0,1499.0,642.0,1533.0,656.0
2.0,4231.0,2174.0,2143.0,2192.0,2180.0,2180.0,1500.0,643.0,1521.0,653.0
2.0,4249.0,2206.0,2144.0,2180.0,2209.0,2209.0,1501.0,643.0,1545.0,661.0
2.0,4223.0,2132.0,2143.0,2209.0,2129.0,2129.0,1500.0,643.0,1492.0,640.0
2.0,4300.0,2151.0,2144.0,2129.0,2154.0,2154.0,1501.0,643.0,1507.0,644.0
2.0,4278.0,2186.0,2144.0,2154.0,2186.0,2186.0,1501.0,643.0,1530.0,656.0
2.0,4246.0,2220.0,2146.0,2186.0,2226.0,2226.0,1502.0,644.0,1554.0,666.0
2.0,4212.0,2120.0,2145.0,2226.0,2117.0,2117.0,1502.0,643.0,1483.0,637.0
2.0,4318.0,2214.0,2148.0,2117.0,2223.0,2223.0,1504.0,644.0,1550.0,664.0
2.0,4221.0,2228.0,2153.0,2223.0,2243.0,2243.0,1507.0,646.0,1560.0,668.0
2.0,4216.0,2196.0,2154.0,2243.0,2199.0,2199.0,1508.0,646.0,1538.0,658.0
2.0,4263.0,2178.0,2154.0,2199.0,2178.0,2178.0,1508.0,646.0,1525.0,653.0
2.0,4284.0,2070.0,2151.0,2178.0,2061.0,2061.0,1506.0,645.0,1448.0,622.0
2.0,4392.0,2172.0,2151.0,2061.0,2172.0,2172.0,1506.0,645.0,1521.0,651.0
2.0,4281.0,2195.0,2153.0,2172.0,2201.0,2201.0,1507.0,646.0,1537.0,658.0
2.0,4258.0,2240.0,2156.0,2201.0,2249.0,2249.0,1509.0,647.0,1568.0,672.0
2.0,4219.0,2190.0,2157.0,2249.0,2193.0,2193.0,1510.0,647.0,1534.0,656.0
2.0,4278.0,2215.0,2158.0,2193.0,2218.0,2218.0,1511.0,647.0,1552.0,663.0
2.0,4256.0,2172.0,2158.0,2218.0,2172.0,2172.0,1511.0,647.0,1518.0,654.0
2.0,4302.0,2168.0,2158.0,2172.0,2168.0,2168.0,1511.0,647.0,1518.0,650.0
2.0,4306.0,2118.0,2158.0,2168.0,2118.0,2118.0,1511.0,647.0,1484.0,634.0
2.0,4356.0,2150.0,2160.0,2118.0,2156.0,2156.0,1512.0,648.0,1505.0,645.0
2.0,4324.0,2170.0,2163.0,2156.0,2179.0,2179.0,1514.0,649.0,1519.0,651.0
2.0,4310.0,2230.0,2164.0,2179.0,2233.0,2233.0,1515.0,649.0,1562.0,668.0
2.0,4259.0,2168.0,2164.0,2233.0,2168.0,2168.0,1515.0,649.0,1518.0,650.0
2.0,4324.0,2144.0,2163.0,2168.0,2141.0,2141.0,1514.0,649.0,1500.0,644.0
2.0,4348.0,2159.0,2163.0,2141.0,2159.0,2159.0,1514.0,649.0,1512.0,647.0
2.0,4330.0,2218.0,2163.0,2159.0,2218.0,2218.0,1514.0,649.0,1553.0,665.0
2.0,4271.0,2194.0,2164.0,2218.0,2197.0,2197.0,1515.0,649.0,1537.0,657.0
2.0,4295.0,2256.0,2167.0,2197.0,2265.0,2265.0,1517.0,650.0,1578.0,678.0
2.0,4236.0,2191.0,2168.0,2265.0,2194.0,2194.0,1518.0,650.0,1535.0,656.0
2.0,4310.0,2196.0,2168.0,2194.0,2196.0,2196.0,1518.0,650.0,1535.0,661.0
2.0,4308.0,2177.0,2170.0,2196.0,2183.0,2183.0,1519.0,651.0,1525.0,652.0
2.0,4327.0,2140.0,2170.0,2183.0,2140.0,2140.0,1519.0,651.0,1499.0,641.0
2.0,4370.0,2147.0,2170.0,2140.0,2147.0,2147.0,1519.0,651.0,1503.0,644.0
2.0,4363.0,2226.0,2173.0,2147.0,2235.0,2235.0,1521.0,652.0,1557.0,669.0
2.0,4284.0,2279.0,2177.0,2235.0,2291.0,2291.0,1524.0,653.0,1596.0,683.0
2.0,4240.0,2221.0,2177.0,2291.0,2221.0,2221.0,1524.0,653.0,1555.0,666.0
2.0,4310.0,2203.0,2178.0,2221.0,2206.0,2206.0,1525.0,653.0,1543.0,660.0
2.0,4328.0,2132.0,2177.0,2206.0,2129.0,2129.0,1524.0,653.0,1493.0,639.0
2.0,4402.0,2181.0,2177.0,2129.0,2181.0,2181.0,1524.0,653.0,1527.0,654.0
2.0,4350.0,2092.0,2175.0,2181.0,2086.0,2086.0,1523.0,652.0,1463.0,629.0
2.0,4439.0,2194.0,2176.0,2086.0,2197.0,2197.0,1523.0,653.0,1536.0,658.0
2.0,4331.0,2201.0,2177.0,2197.0,2204.0,2204.0,1524.0,653.0,1542.0,659.0
2.0,4327.0,2247.0,2178.0,2204.0,2250.0,2250.0,1525.0,653.0,1572.0,675.0
2.0,4284.0,2193.0,2180.0,2250.0,2199.0,2199.0,1526.0,654.0,1536.0,657.0
2.0,4341.0,2132.0,2178.0,2199.0,2126.0,2126.0,1525.0,653.0,1492.0,640.0
2.0,4408.0,2231.0,2180.0,2126.0,2237.0,2237.0,1526.0,654.0,1563.0,668.0
2.0,4303.0,2194.0,2181.0,2237.0,2197.0,2197.0,1527.0,654.0,1537.0,657.0
2.0,4346.0,2194.0,2182.0,2197.0,2197.0,2197.0,1528.0,654.0,1535.0,659.0
2.0,4349.0,2233.0,2184.0,2197.0,2239.0,2239.0,1529.0,655.0,1564.0,669.0
2.0,4313.0,2333.0,2188.0,2239.0,2345.0,2345.0,1532.0,656.0,1634.0,699.0
2.0,4219.0,2165.0,2187.0,2345.0,2162.0,2162.0,1531.0,656.0,1515.0,650.0
2.0,4399.0,2207.0,2188.0,2162.0,2210.0,2210.0,1532.0,656.0,1546.0,661.0
2.0,4354.0,2183.0,2187.0,2210.0,2180.0,2180.0,1531.0,656.0,1528.0,655.0
2.0,4381.0,2168.0,2188.0,2180.0,2171.0,2171.0,1532.0,656.0,1518.0,650.0
2.0,4393.0,2233.0,2190.0,2171.0,2239.0,2239.0,1533.0,657.0,1562.0,671.0
2.0,4331.0,2207.0,2190.0,2239.0,2207.0,2207.0,1533.0,657.0,1545.0,662.0
2.0,4363.0,2221.0,2190.0,2207.0,2221.0,2221.0,1533.0,657.0,1556.0,665.0
2.0,4349.0,2168.0,2191.0,2221.0,2171.0,2171.0,1534.0,657.0,1518.0,650.0
2.0,4402.0,2206.0,2191.0,2171.0,2206.0,2206.0,1534.0,657.0,1544.0,662.0
2.0,4367.0,2160.0,2190.0,2206.0,2157.0,2157.0,1533.0,657.0,1511.0,649.0
2.0,4413.0,2151.0,2188.0,2157.0,2145.0,2145.0,1532.0,656.0,1506.0,645.0
2.0,4419.0,2194.0,2189.0,2145.0,2197.0,2197.0,1533.0,656.0,1536.0,658.0
2.0,4370.0,2230.0,2192.0,2197.0,2239.0,2239.0,1535.0,657.0,1561.0,669.0
2.0,4337.0,2226.0,2193.0,2239.0,2229.0,2229.0,1535.0,658.0,1559.0,667.0
2.0,4350.0,2230.0,2194.0,2229.0,2233.0,2233.0,1536.0,658.0,1561.0,669.0
2.0,4349.0,2107.0,2191.0,2233.0,2098.0,2098.0,1534.0,657.0,1474.0,633.0
2.0,4475.0,2134.0,2190.0,2098.0,2131.0,2131.0,1533.0,657.0,1495.0,639.0
2.0,4439.0,2184.0,2190.0,2131.0,2184.0,2184.0,1533.0,657.0,1529.0,655.0
2.0,4386.0,2188.0,2190.0,2184.0,2188.0,2188.0,1533.0,657.0,1532.0,656.0
2.0,4382.0,2236.0,2191.0,2188.0,2239.0,2239.0,1534.0,657.0,1564.0,672.0
2.0,4334.0,2273.0,2194.0,2239.0,2282.0,2282.0,1536.0,658.0,1593.0,680.0
2.0,4300.0,2194.0,2195.0,2282.0,2197.0,2197.0,1537.0,658.0,1534.0,660.0
2.0,4388.0,2170.0,2195.0,2197.0,2170.0,2170.0,1537.0,658.0,1519.0,651.0
2.0,4415.0,2155.0,2194.0,2170.0,2152.0,2152.0,1536.0,658.0,1510.0,645.0
2.0,4430.0,2188.0,2194.0,2152.0,2188.0,2188.0,1536.0,658.0,1533.0,655.0
2.0,4394.0,2220.0,2195.0,2188.0,2223.0,2223.0,1537.0,658.0,1553.0,667.0
2.0,4362.0,2253.0,2197.0,2223.0,2259.0,2259.0,1538.0,659.0,1578.0,675.0
2.0,4332.0,2161.0,2196.0,2259.0,2158.0,2158.0,1537.0,659.0,1512.0,649.0
2.0,4430.0,2282.0,2198.0,2158.0,2288.0,2288.0,1539.0,659.0,1596.0,686.0
2.0,4306.0,2245.0,2197.0,2288.0,2242.0,2242.0,1538.0,659.0,1572.0,673.0
2.0,4349.0,2207.0,2198.0,2242.0,2210.0,2210.0,1539.0,659.0,1545.0,662.0
2.0,4384.0,2210.0,2198.0,2210.0,2210.0,2210.0,1539.0,659.0,1548.0,662.0
2.0,4384.0,2248.0,2200.0,2210.0,2254.0,2254.0,1540.0,660.0,1575.0,673.0
2.0,4346.0,2319.0,2203.0,2254.0,2328.0,2328.0,1542.0,661.0,1623.0,696.0
2.0,4281.0,2177.0,2204.0,2328.0,2180.0,2180.0,1543.0,661.0,1524.0,653.0
2.0,4432.0,2224.0,2204.0,2180.0,2224.0,2224.0,1543.0,661.0,1557.0,667.0
2.0,4388.0,2224.0,2203.0,2224.0,2221.0,2221.0,1542.0,661.0,1557.0,667.0
2.0,4388.0,2148.0,2201.0,2221.0,2142.0,2142.0,1541.0,660.0,1503.0,645.0
2.0,4461.0,2191.0,2201.0,2142.0,2191.0,2191.0,1541.0,660.0,1534.0,657.0
2.0,4412.0,2224.0,2203.0,2191.0,2230.0,2230.0,1542.0,661.0,1558.0,666.0
2.0,4379.0,2235.0,2204.0,2230.0,2238.0,2238.0,1543.0,661.0,1566.0,669.0
2.0,4374.0,2273.0,2207.0,2238.0,2282.0,2282.0,1545.0,662.0,1591.0,682.0
2.0,4339.0,2224.0,2208.0,2282.0,2227.0,2227.0,1546.0,662.0,1555.0,669.0
2.0,4397.0,2191.0,2207.0,2227.0,2188.0,2188.0,1545.0,662.0,1534.0,657.0
2.0,4433.0,2231.0,2207.0,2188.0,2231.0,2231.0,1545.0,662.0,1564.0,667.0
2.0,4390.0,2201.0,2207.0,2231.0,2201.0,2201.0,1545.0,662.0,1539.0,662.0
2.0,4420.0,2224.0,2210.0,2201.0,2233.0,2233.0,1547.0,663.0,1558.0,666.0
2.0,4397.0,2221.0,2208.0,2233.0,2215.0,2215.0,1546.0,662.0,1555.0,666.0
2.0,4409.0,2322.0,2211.0,2215.0,2331.0,2331.0,1548.0,663.0,1625.0,697.0
2.0,4302.0,2205.0,2211.0,2331.0,2205.0,2205.0,1548.0,663.0,1544.0,661.0
2.0,4428.0,2198.0,2211.0,2205.0,2198.0,2198.0,1548.0,663.0,1539.0,659.0
2.0,4435.0,2143.0,2207.0,2198.0,2131.0,2131.0,1545.0,662.0,1500.0,643.0
2.0,4490.0,2207.0,2208.0,2131.0,2210.0,2210.0,1546.0,662.0,1546.0,661.0
2.0,4414.0,2224.0,2208.0,2210.0,2224.0,2224.0,1546.0,662.0,1557.0,667.0
2.0,4400.0,2212.0,2208.0,2224.0,2212.0,2212.0,1546.0,662.0,1549.0,663.0
2.0,4412.0,2213.0,2210.0,2212.0,2219.0,2219.0,1547.0,663.0,1549.0,664.0
2.0,4411.0,2245.0,2210.0,2219.0,2245.0,2245.0,1547.0,663.0,1572.0,673.0
2.0,4385.0,2260.0,2211.0,2245.0,2263.0,2263.0,1548.0,663.0,1581.0,679.0
2.0,4370.0,2207.0,2211.0,2263.0,2207.0,2207.0,1548.0,663.0,1545.0,662.0
2.0,4426.0,2211.0,2211.0,2207.0,2211.0,2211.0,1548.0,663.0,1548.0,663.0
2.0,4422.0,2241.0,2213.0,2211.0,2247.0,2247.0,1549.0,664.0,1570.0,671.0
2.0,4392.0,2323.0,2215.0,2247.0,2329.0,2329.0,1551.0,664.0,1626.0,697.0
2.0,4316.0,2224.0,2217.0,2329.0,2230.0,2230.0,1552.0,665.0,1558.0,666.0
2.0,4421.0,2293.0,2218.0,2230.0,2296.0,2296.0,1553.0,665.0,1604.0,689.0
2.0,4358.0,2167.0,2217.0,2296.0,2164.0,2164.0,1552.0,665.0,1516.0,651.0
2.0,4487.0,2193.0,2217.0,2164.0,2193.0,2193.0,1552.0,665.0,1537.0,656.0
2.0,4458.0,2210.0,2217.0,2193.0,2210.0,2210.0,1552.0,665.0,1547.0,663.0
2.0,4441.0,2272.0,2220.0,2210.0,2281.0,2281.0,1554.0,666.0,1590.0,682.0
2.0,4379.0,2246.0,2221.0,2281.0,2249.0,2249.0,1555.0,666.0,1571.0,675.0
2.0,4414.0,2270.0,2224.0,2249.0,2279.0,2279.0,1557.0,667.0,1590.0,680.0
2.0,4393.0,2273.0,2225.0,2279.0,2276.0,2276.0,1558.0,667.0,1590.0,683.0
2.0,4399.0,2211.0,2224.0,2276.0,2208.0,2208.0,1557.0,667.0,1548.0,663.0
2.0,4464.0,2188.0,2223.0,2208.0,2185.0,2185.0,1556.0,667.0,1533.0,655.0
2.0,4484.0,2158.0,2222.0,2185.0,2155.0,2155.0,1556.0,666.0,1511.0,647.0
2.0,4511.0,2196.0,2223.0,2155.0,2199.0,2199.0,1556.0,667.0,1537.0,659.0
2.0,4470.0,2293.0,2225.0,2199.0,2299.0,2299.0,1558.0,667.0,1605.0,688.0
2.0,4376.0,2230.0,2227.0,2299.0,2236.0,2236.0,1559.0,668.0,1561.0,669.0
2.0,4445.0,2304.0,2228.0,2236.0,2307.0,2307.0,1560.0,668.0,1612.0,692.0
2.0,4377.0,2181.0,2227.0,2307.0,2178.0,2178.0,1559.0,668.0,1529.0,652.0
2.0,4503.0,2256.0,2228.0,2178.0,2259.0,2259.0,1560.0,668.0,1578.0,678.0
2.0,4425.0,2202.0,2227.0,2259.0,2199.0,2199.0,1559.0,668.0,1543.0,659.0
2.0,4482.0,2273.0,2227.0,2199.0,2273.0,2273.0,1559.0,668.0,1589.0,684.0
2.0,4408.0,2292.0,2228.0,2273.0,2295.0,2295.0,1560.0,668.0,1605.0,687.0
2.0,4389.0,2244.0,2230.0,2295.0,2250.0,2250.0,1561.0,669.0,1572.0,672.0
2.0,4440.0,2276.0,2230.0,2250.0,2276.0,2276.0,1561.0,669.0,1593.0,683.0
2.0,4414.0,2170.0,2227.0,2276.0,2161.0,2161.0,1559.0,668.0,1517.0,653.0
2.0,4520.0,2230.0,2228.0,2161.0,2233.0,2233.0,1560.0,668.0,1562.0,668.0
2.0,4451.0,2244.0,2228.0,2233.0,2244.0,2244.0,1560.0,668.0,1571.0,673.0
2.0,4440.0,2242.0,2230.0,2244.0,2248.0,2248.0,1561.0,669.0,1570.0,672.0
2.0,4442.0,2270.0,2231.0,2248.0,2273.0,2273.0,1562.0,669.0,1589.0,681.0
2.0,4420.0,2324.0,2234.0,2273.0,2333.0,2333.0,1564.0,670.0,1629.0,695.0
2.0,4369.0,2314.0,2236.0,2333.0,2320.0,2320.0,1565.0,671.0,1619.0,695.0
2.0,4388.0,2248.0,2236.0,2320.0,2248.0,2248.0,1565.0,671.0,1574.0,674.0
2.0,4460.0,2201.0,2234.0,2248.0,2195.0,2195.0,1564.0,670.0,1540.0,661.0
2.0,4507.0,2190.0,2234.0,2195.0,2190.0,2190.0,1564.0,670.0,1533.0,657.0
2.0,4512.0,2260.0,2235.0,2190.0,2263.0,2263.0,1565.0,670.0,1583.0,677.0
2.0,4442.0,2297.0,2237.0,2263.0,2303.0,2303.0,1566.0,671.0,1609.0,688.0
2.0,4408.0,2282.0,2238.0,2303.0,2285.0,2285.0,1567.0,671.0,1596.0,686.0
2.0,4429.0,2238.0,2238.0,2285.0,2238.0,2238.0,1567.0,671.0,1567.0,671.0
2.0,4476.0,2265.0,2240.0,2238.0,2271.0,2271.0,1568.0,672.0,1586.0,679.0
2.0,4449.0,2221.0,2237.0,2271.0,2212.0,2212.0,1566.0,671.0,1554.0,667.0
2.0,4499.0,2231.0,2238.0,2212.0,2234.0,2234.0,1567.0,671.0,1563.0,668.0
2.0,4480.0,2267.0,2240.0,2234.0,2273.0,2273.0,1568.0,672.0,1587.0,680.0
2.0,4447.0,2270.0,2241.0,2273.0,2273.0,2273.0,1569.0,672.0,1589.0,681.0
2.0,4450.0,2284.0,2243.0,2273.0,2290.0,2290.0,1570.0,673.0,1600.0,684.0
2.0,4439.0,2330.0,2245.0,2290.0,2336.0,2336.0,1572.0,673.0,1630.0,700.0
2.0,4399.0,2234.0,2245.0,2336.0,2234.0,2234.0,1572.0,673.0,1565.0,669.0
2.0,4501.0,2251.0,2246.0,2234.0,2254.0,2254.0,1572.0,674.0,1576.0,675.0
2.0,4484.0,2177.0,2245.0,2254.0,2174.0,2174.0,1572.0,673.0,1523.0,654.0
2.0,4561.0,2253.0,2244.0,2174.0,2250.0,2250.0,1571.0,673.0,1577.0,676.0
2.0,4482.0,2287.0,2247.0,2250.0,2296.0,2296.0,1573.0,674.0,1602.0,685.0
2.0,4445.0,2327.0,2248.0,2296.0,2330.0,2330.0,1574.0,674.0,1629.0,698.0
2.0,4414.0,2334.0,2250.0,2330.0,2340.0,2340.0,1575.0,675.0,1635.0,699.0
2.0,4410.0,2261.0,2250.0,2340.0,2261.0,2261.0,1575.0,675.0,1582.0,679.0
2.0,4489.0,2294.0,2250.0,2261.0,2294.0,2294.0,1575.0,675.0,1607.0,687.0
2.0,4456.0,2229.0,2250.0,2294.0,2229.0,2229.0,1575.0,675.0,1560.0,669.0
2.0,4521.0,2269.0,2251.0,2229.0,2272.0,2272.0,1576.0,675.0,1588.0,681.0
2.0,4481.0,2362.0,2254.0,2272.0,2371.0,2371.0,1578.0,676.0,1653.0,709.0
2.0,4391.0,2293.0,2256.0,2371.0,2299.0,2299.0,1579.0,677.0,1606.0,687.0
2.0,4469.0,2300.0,2257.0,2299.0,2303.0,2303.0,1580.0,677.0,1610.0,690.0
2.0,4468.0,2253.0,2257.0,2303.0,2253.0,2253.0,1580.0,677.0,1577.0,676.0
2.0,4518.0,2254.0,2257.0,2253.0,2254.0,2254.0,1580.0,677.0,1578.0,676.0
2.0,4517.0,2228.0,2255.0,2254.0,2222.0,2222.0,1579.0,676.0,1560.0,668.0
2.0,4543.0,2274.0,2257.0,2222.0,2280.0,2280.0,1580.0,677.0,1593.0,681.0
2.0,4491.0,2284.0,2258.0,2280.0,2287.0,2287.0,1581.0,677.0,1598.0,686.0
2.0,4487.0,2347.0,2262.0,2287.0,2359.0,2359.0,1584.0,678.0,1643.0,704.0
2.0,4427.0,2256.0,2264.0,2359.0,2262.0,2262.0,1585.0,679.0,1580.0,676.0
2.0,4530.0,2245.0,2263.0,2262.0,2242.0,2242.0,1584.0,679.0,1571.0,674.0
2.0,4547.0,2251.0,2263.0,2242.0,2251.0,2251.0,1584.0,679.0,1577.0,674.0
2.0,4538.0,2270.0,2262.0,2251.0,2267.0,2267.0,1584.0,678.0,1588.0,682.0
2.0,4519.0,2267.0,2264.0,2267.0,2273.0,2273.0,1585.0,679.0,1588.0,679.0
2.0,4519.0,2269.0,2264.0,2273.0,2269.0,2269.0,1585.0,679.0,1589.0,680.0
2.0,4523.0,2333.0,2267.0,2269.0,2342.0,2342.0,1587.0,680.0,1632.0,701.0
2.0,4459.0,2260.0,2267.0,2342.0,2260.0,2260.0,1587.0,680.0,1582.0,678.0
2.0,4541.0,2237.0,2265.0,2260.0,2231.0,2231.0,1586.0,679.0,1565.0,672.0
2.0,4564.0,2220.0,2265.0,2231.0,2220.0,2220.0,1586.0,679.0,1554.0,666.0
2.0,4575.0,2272.0,2265.0,2220.0,2272.0,2272.0,1586.0,679.0,1591.0,681.0
2.0,4523.0,2277.0,2267.0,2272.0,2283.0,2283.0,1587.0,680.0,1595.0,682.0
2.0,4518.0,2263.0,2267.0,2283.0,2263.0,2263.0,1587.0,680.0,1585.0,678.0
2.0,4538.0,2331.0,2270.0,2263.0,2340.0,2340.0,1589.0,681.0,1631.0,700.0
2.0,4470.0,2323.0,2271.0,2340.0,2326.0,2326.0,1590.0,681.0,1627.0,696.0
2.0,4487.0,2204.0,2270.0,2326.0,2201.0,2201.0,1589.0,681.0,1542.0,662.0
2.0,4609.0,2263.0,2268.0,2201.0,2257.0,2257.0,1588.0,680.0,1584.0,679.0
2.0,4547.0,2192.0,2266.0,2257.0,2186.0,2186.0,1586.0,680.0,1535.0,657.0
2.0,4612.0,2301.0,2267.0,2186.0,2304.0,2304.0,1587.0,680.0,1612.0,689.0
2.0,4497.0,2318.0,2270.0,2304.0,2327.0,2327.0,1589.0,681.0,1622.0,696.0
2.0,4483.0,2260.0,2271.0,2327.0,2263.0,2263.0,1590.0,681.0,1583.0,677.0
2.0,4550.0,2337.0,2272.0,2263.0,2340.0,2340.0,1591.0,681.0,1635.0,702.0
2.0,4476.0,2256.0,2271.0,2340.0,2253.0,2253.0,1590.0,681.0,1579.0,677.0
2.0,4560.0,2299.0,2271.0,2253.0,2299.0,2299.0,1590.0,681.0,1609.0,690.0
2.0,4514.0,2248.0,2271.0,2299.0,2248.0,2248.0,1590.0,681.0,1574.0,674.0
2.0,4565.0,2301.0,2273.0,2248.0,2307.0,2307.0,1591.0,682.0,1612.0,689.0
2.0,4512.0,2328.0,2274.0,2307.0,2331.0,2331.0,1592.0,682.0,1629.0,699.0
2.0,4491.0,2317.0,2277.0,2331.0,2326.0,2326.0,1594.0,683.0,1623.0,694.0
2.0,4505.0,2278.0,2277.0,2326.0,2278.0,2278.0,1594.0,683.0,1595.0,683.0
2.0,4553.0,2293.0,2277.0,2278.0,2293.0,2293.0,1594.0,683.0,1606.0,687.0
2.0,4538.0,2244.0,2276.0,2293.0,2241.0,2241.0,1593.0,683.0,1570.0,674.0
2.0,4587.0,2225.0,2274.0,2241.0,2219.0,2219.0,1592.0,682.0,1557.0,668.0
2.0,4603.0,2290.0,2275.0,2219.0,2293.0,2293.0,1593.0,682.0,1604.0,686.0
2.0,4532.0,2341.0,2277.0,2293.0,2347.0,2347.0,1594.0,683.0,1640.0,701.0
2.0,4484.0,2284.0,2278.0,2347.0,2287.0,2287.0,1595.0,683.0,1598.0,686.0
2.0,4547.0,2303.0,2280.0,2287.0,2309.0,2309.0,1596.0,684.0,1613.0,690.0
2.0,4531.0,2331.0,2281.0,2309.0,2334.0,2334.0,1597.0,684.0,1632.0,699.0
2.0,4509.0,2307.0,2280.0,2334.0,2304.0,2304.0,1596.0,684.0,1615.0,692.0
2.0,4536.0,2215.0,2278.0,2304.0,2209.0,2209.0,1595.0,683.0,1550.0,665.0
2.0,4625.0,2373.0,2280.0,2209.0,2379.0,2379.0,1596.0,684.0,1662.0,711.0
2.0,4461.0,2284.0,2280.0,2379.0,2284.0,2284.0,1596.0,684.0,1599.0,685.0
2.0,4556.0,2331.0,2282.0,2284.0,2337.0,2337.0,1598.0,684.0,1631.0,700.0
2.0,4509.0,2326.0,2283.0,2337.0,2329.0,2329.0,1598.0,685.0,1629.0,697.0
2.0,4520.0,2324.0,2282.0,2329.0,2321.0,2321.0,1598.0,684.0,1627.0,697.0
2.0,4525.0,2313.0,2283.0,2321.0,2316.0,2316.0,1598.0,685.0,1619.0,694.0
2.0,4533.0,2238.0,2281.0,2316.0,2232.0,2232.0,1597.0,684.0,1566.0,672.0
2.0,4611.0,2304.0,2283.0,2232.0,2310.0,2310.0,1598.0,685.0,1614.0,690.0
2.0,4539.0,2378.0,2285.0,2310.0,2384.0,2384.0,1600.0,685.0,1664.0,714.0
2.0,4471.0,2326.0,2287.0,2384.0,2332.0,2332.0,1601.0,686.0,1630.0,696.0
2.0,4529.0,2298.0,2287.0,2332.0,2298.0,2298.0,1601.0,686.0,1609.0,689.0
2.0,4563.0,2290.0,2287.0,2298.0,2290.0,2290.0,1601.0,686.0,1601.0,689.0
2.0,4571.0,2228.0,2285.0,2290.0,2222.0,2222.0,1600.0,685.0,1561.0,667.0
2.0,4633.0,2289.0,2286.0,2222.0,2292.0,2292.0,1600.0,686.0,1602.0,687.0
2.0,4566.0,2224.0,2285.0,2292.0,2221.0,2221.0,1600.0,685.0,1557.0,667.0
2.0,4634.0,2344.0,2287.0,2221.0,2350.0,2350.0,1601.0,686.0,1640.0,704.0
2.0,4511.0,2343.0,2288.0,2350.0,2346.0,2346.0,1602.0,686.0,1641.0,702.0
2.0,4518.0,2327.0,2290.0,2346.0,2333.0,2333.0,1603.0,687.0,1630.0,697.0
2.0,4537.0,2287.0,2290.0,2333.0,2287.0,2287.0,1603.0,687.0,1601.0,686.0
2.0,4583.0,2225.0,2288.0,2287.0,2219.0,2219.0,1602.0,686.0,1557.0,668.0
2.0,4645.0,2241.0,2287.0,2219.0,2238.0,2238.0,1601.0,686.0,1569.0,672.0
2.0,4623.0,2289.0,2288.0,2238.0,2292.0,2292.0,1602.0,686.0,1602.0,687.0
2.0,4572.0,2372.0,2291.0,2292.0,2381.0,2381.0,1604.0,687.0,1660.0,712.0
2.0,4492.0,2309.0,2292.0,2381.0,2312.0,2312.0,1605.0,687.0,1617.0,692.0
2.0,4564.0,2376.0,2294.0,2312.0,2382.0,2382.0,1606.0,688.0,1662.0,714.0
2.0,4500.0,2327.0,2295.0,2382.0,2330.0,2330.0,1607.0,688.0,1630.0,697.0
2.0,4555.0,2301.0,2294.0,2330.0,2298.0,2298.0,1606.0,688.0,1610.0,691.0
2.0,4584.0,2336.0,2295.0,2298.0,2339.0,2339.0,1607.0,688.0,1636.0,700.0
2.0,4546.0,2320.0,2297.0,2339.0,2326.0,2326.0,1608.0,689.0,1625.0,695.0
2.0,4565.0,2339.0,2298.0,2326.0,2342.0,2342.0,1609.0,689.0,1636.0,703.0
2.0,4552.0,2293.0,2301.0,2342.0,2302.0,2302.0,1611.0,690.0,1606.0,687.0
2.0,4601.0,2369.0,2301.0,2302.0,2369.0,2369.0,1611.0,690.0,1657.0,712.0
2.0,4534.0,2303.0,2301.0,2369.0,2303.0,2303.0,1611.0,690.0,1612.0,691.0
2.0,4600.0,2307.0,2303.0,2303.0,2313.0,2313.0,1612.0,691.0,1616.0,691.0
2.0,4596.0,2251.0,2301.0,2313.0,2245.0,2245.0,1611.0,690.0,1575.0,676.0
2.0,4658.0,2368.0,2303.0,2245.0,2374.0,2374.0,1612.0,691.0,1659.0,709.0
2.0,4535.0,2313.0,2303.0,2374.0,2313.0,2313.0,1612.0,691.0,1619.0,694.0
2.0,4596.0,2359.0,2305.0,2313.0,2365.0,2365.0,1614.0,691.0,1651.0,708.0
2.0,4550.0,2416.0,2307.0,2365.0,2422.0,2422.0,1615.0,692.0,1690.0,726.0
2.0,4499.0,2305.0,2307.0,2422.0,2305.0,2305.0,1615.0,692.0,1616.0,689.0
2.0,4616.0,2307.0,2307.0,2305.0,2307.0,2307.0,1615.0,692.0,1615.0,692.0
2.0,4614.0,2283.0,2307.0,2307.0,2283.0,2283.0,1615.0,692.0,1598.0,685.0
2.0,4638.0,2278.0,2307.0,2283.0,2278.0,2278.0,1615.0,692.0,1595.0,683.0
2.0,4643.0,2403.0,2310.0,2278.0,2412.0,2412.0,1617.0,693.0,1682.0,721.0
2.0,4518.0,2364.0,2313.0,2412.0,2373.0,2373.0,1619.0,694.0,1654.0,710.0
2.0,4566.0,2358.0,2314.0,2373.0,2361.0,2361.0,1620.0,694.0,1652.0,706.0
2.0,4581.0,2335.0,2314.0,2361.0,2335.0,2335.0,1620.0,694.0,1635.0,700.0
2.0,4607.0,2326.0,2314.0,2335.0,2326.0,2326.0,1620.0,694.0,1627.0,699.0
2.0,4616.0,2271.0,2314.0,2326.0,2271.0,2271.0,1620.0,694.0,1592.0,679.0
2.0,4671.0,2383.0,2315.0,2271.0,2386.0,2386.0,1621.0,694.0,1666.0,717.0
2.0,4559.0,2371.0,2316.0,2386.0,2374.0,2374.0,1621.0,695.0,1661.0,710.0
2.0,4574.0,2313.0,2318.0,2374.0,2319.0,2319.0,1623.0,695.0,1618.0,695.0
2.0,4635.0,2318.0,2317.0,2319.0,2315.0,2315.0,1622.0,695.0,1625.0,693.0
2.0,4636.0,2341.0,2318.0,2315.0,2344.0,2344.0,1623.0,695.0,1637.0,704.0
2.0,4610.0,2317.0,2318.0,2344.0,2317.0,2317.0,1623.0,695.0,1622.0,695.0
2.0,4637.0,2317.0,2317.0,2317.0,2314.0,2314.0,1622.0,695.0,1622.0,695.0
2.0,4637.0,2401.0,2320.0,2314.0,2410.0,2410.0,1624.0,696.0,1682.0,719.0
2.0,4550.0,2338.0,2320.0,2410.0,2338.0,2338.0,1624.0,696.0,1637.0,701.0
2.0,4622.0,2377.0,2323.0,2338.0,2386.0,2386.0,1626.0,697.0,1664.0,713.0
2.0,4583.0,2336.0,2323.0,2386.0,2336.0,2336.0,1626.0,697.0,1636.0,700.0
2.0,4633.0,2308.0,2321.0,2336.0,2302.0,2302.0,1625.0,696.0,1615.0,693.0
2.0,4661.0,2357.0,2323.0,2302.0,2363.0,2363.0,1626.0,697.0,1650.0,707.0
2.0,4606.0,2406.0,2324.0,2363.0,2409.0,2409.0,1627.0,697.0,1686.0,720.0
2.0,4563.0,2418.0,2327.0,2409.0,2427.0,2427.0,1629.0,698.0,1692.0,726.0
2.0,4554.0,2393.0,2330.0,2427.0,2402.0,2402.0,1631.0,699.0,1675.0,718.0
2.0,4588.0,2370.0,2331.0,2402.0,2373.0,2373.0,1632.0,699.0,1660.0,710.0
2.0,4620.0,2402.0,2335.0,2373.0,2414.0,2414.0,1635.0,700.0,1682.0,720.0
2.0,4591.0,2363.0,2335.0,2414.0,2363.0,2363.0,1635.0,700.0,1652.0,711.0
2.0,4642.0,2259.0,2334.0,2363.0,2256.0,2256.0,1634.0,700.0,1583.0,676.0
2.0,4746.0,2351.0,2334.0,2256.0,2351.0,2351.0,1634.0,700.0,1646.0,705.0
2.0,4651.0,2350.0,2335.0,2351.0,2353.0,2353.0,1635.0,700.0,1644.0,706.0
2.0,4652.0,2296.0,2337.0,2353.0,2302.0,2302.0,1636.0,701.0,1608.0,688.0
2.0,4709.0,2386.0,2340.0,2302.0,2395.0,2395.0,1638.0,702.0,1670.0,716.0
2.0,4625.0,2394.0,2341.0,2395.0,2397.0,2397.0,1639.0,702.0,1677.0,717.0
2.0,4626.0,2367.0,2341.0,2397.0,2367.0,2367.0,1639.0,702.0,1657.0,710.0
2.0,4656.0,2294.0,2341.0,2367.0,2294.0,2294.0,1639.0,702.0,1606.0,688.0
2.0,4729.0,2305.0,2340.0,2294.0,2302.0,2302.0,1638.0,702.0,1613.0,692.0
2.0,4718.0,2323.0,2340.0,2302.0,2323.0,2323.0,1638.0,702.0,1626.0,697.0
2.0,4697.0,2386.0,2341.0,2323.0,2389.0,2389.0,1639.0,702.0,1671.0,715.0
2.0,4634.0,2320.0,2341.0,2389.0,2320.0,2320.0,1639.0,702.0,1624.0,696.0
2.0,4703.0,2362.0,2341.0,2320.0,2362.0,2362.0,1639.0,702.0,1652.0,710.0
2.0,4661.0,2342.0,2341.0,2362.0,2342.0,2342.0,1639.0,702.0,1640.0,702.0
2.0,4681.0,2304.0,2342.0,2342.0,2307.0,2307.0,1640.0,702.0,1613.0,691.0
2.0,4719.0,2318.0,2341.0,2307.0,2315.0,2315.0,1639.0,702.0,1624.0,694.0
2.0,4708.0,2303.0,2341.0,2315.0,2303.0,2303.0,1639.0,702.0,1612.0,691.0
2.0,4720.0,2341.0,2341.0,2303.0,2341.0,2341.0,1639.0,702.0,1638.0,703.0
2.0,4682.0,2353.0,2344.0,2341.0,2362.0,2362.0,1641.0,703.0,1648.0,705.0
2.0,4670.0,2332.0,2343.0,2362.0,2329.0,2329.0,1640.0,703.0,1633.0,699.0
2.0,4700.0,2354.0,2344.0,2329.0,2357.0,2357.0,1641.0,703.0,1648.0,706.0
2.0,4675.0,2304.0,2343.0,2357.0,2301.0,2301.0,1640.0,703.0,1613.0,691.0
2.0,4728.0,2293.0,2340.0,2301.0,2284.0,2284.0,1638.0,702.0,1606.0,687.0
2.0,4736.0,2356.0,2341.0,2284.0,2359.0,2359.0,1639.0,702.0,1648.0,708.0
2.0,4664.0,2394.0,2343.0,2359.0,2400.0,2400.0,1640.0,703.0,1677.0,717.0
2.0,4629.0,2344.0,2344.0,2400.0,2347.0,2347.0,1641.0,703.0,1642.0,702.0
2.0,4685.0,2384.0,2347.0,2347.0,2393.0,2393.0,1643.0,704.0,1668.0,716.0
2.0,4648.0,2347.0,2345.0,2393.0,2341.0,2341.0,1642.0,703.0,1642.0,705.0
2.0,4694.0,2305.0,2344.0,2341.0,2302.0,2302.0,1641.0,703.0,1616.0,689.0
2.0,4730.0,2291.0,2343.0,2302.0,2288.0,2288.0,1640.0,703.0,1603.0,688.0
2.0,4741.0,2401.0,2344.0,2288.0,2404.0,2404.0,1641.0,703.0,1682.0,719.0
2.0,4628.0,2341.0,2344.0,2404.0,2341.0,2341.0,1641.0,703.0,1637.0,704.0
2.0,4691.0,2444.0,2348.0,2341.0,2456.0,2456.0,1644.0,704.0,1713.0,731.0
2.0,4588.0,2353.0,2347.0,2456.0,2350.0,2350.0,1643.0,704.0,1647.0,706.0
2.0,4691.0,2317.0,2346.0,2350.0,2314.0,2314.0,1642.0,704.0,1621.0,696.0
2.0,4724.0,2315.0,2346.0,2314.0,2315.0,2315.0,1642.0,704.0,1621.0,694.0
2.0,4723.0,2327.0,2346.0,2315.0,2327.0,2327.0,1642.0,704.0,1629.0,698.0
2.0,4711.0,2340.0,2347.0,2327.0,2343.0,2343.0,1643.0,704.0,1638.0,702.0
2.0,4698.0,2467.0,2349.0,2343.0,2473.0,2473.0,1645.0,704.0,1727.0,740.0
2.0,4574.0,2452.0,2351.0,2473.0,2458.0,2458.0,1646.0,705.0,1716.0,736.0
2.0,4595.0,2436.0,2353.0,2458.0,2442.0,2442.0,1647.0,706.0,1705.0,731.0
2.0,4617.0,2353.0,2353.0,2442.0,2353.0,2353.0,1647.0,706.0,1648.0,705.0
2.0,4706.0,2444.0,2354.0,2353.0,2447.0,2447.0,1648.0,706.0,1712.0,732.0
2.0,4615.0,2295.0,2353.0,2447.0,2292.0,2292.0,1647.0,706.0,1606.0,689.0
2.0,4767.0,2400.0,2355.0,2292.0,2406.0,2406.0,1649.0,706.0,1679.0,721.0
2.0,4659.0,2468.0,2357.0,2406.0,2474.0,2474.0,1650.0,707.0,1730.0,738.0
2.0,4597.0,2402.0,2357.0,2474.0,2402.0,2402.0,1650.0,707.0,1682.0,720.0
2.0,4669.0,2370.0,2356.0,2402.0,2367.0,2367.0,1649.0,707.0,1658.0,712.0
2.0,4701.0,2404.0,2357.0,2367.0,2407.0,2407.0,1650.0,707.0,1683.0,721.0
2.0,4664.0,2391.0,2357.0,2407.0,2391.0,2391.0,1650.0,707.0,1675.0,716.0
2.0,4680.0,2321.0,2355.0,2391.0,2315.0,2315.0,1649.0,706.0,1624.0,697.0
2.0,4750.0,2334.0,2354.0,2315.0,2331.0,2331.0,1648.0,706.0,1634.0,700.0
2.0,4731.0,2440.0,2358.0,2331.0,2452.0,2452.0,1651.0,707.0,1708.0,732.0
2.0,4622.0,2470.0,2360.0,2452.0,2476.0,2476.0,1652.0,708.0,1730.0,740.0
2.0,4604.0,2421.0,2361.0,2476.0,2424.0,2424.0,1653.0,708.0,1694.0,727.0
2.0,4659.0,2356.0,2363.0,2424.0,2362.0,2362.0,1654.0,709.0,1650.0,706.0
2.0,4727.0,2325.0,2361.0,2362.0,2319.0,2319.0,1653.0,708.0,1627.0,698.0
2.0,4764.0,2310.0,2360.0,2319.0,2307.0,2307.0,1652.0,708.0,1618.0,692.0
2.0,4773.0,2393.0,2361.0,2307.0,2396.0,2396.0,1653.0,708.0,1674.0,719.0
2.0,4687.0,2413.0,2363.0,2396.0,2419.0,2419.0,1654.0,709.0,1690.0,723.0
2.0,4670.0,2450.0,2365.0,2419.0,2456.0,2456.0,1656.0,709.0,1715.0,735.0
2.0,4639.0,2401.0,2367.0,2456.0,2407.0,2407.0,1657.0,710.0,1682.0,719.0
2.0,4694.0,2370.0,2367.0,2407.0,2370.0,2370.0,1657.0,710.0,1659.0,711.0
2.0,4731.0,2354.0,2367.0,2370.0,2354.0,2354.0,1657.0,710.0,1646.0,708.0
2.0,4747.0,2400.0,2368.0,2354.0,2403.0,2403.0,1658.0,710.0,1681.0,719.0
2.0,4701.0,2354.0,2368.0,2403.0,2354.0,2354.0,1658.0,710.0,1648.0,706.0
2.0,4750.0,2406.0,2370.0,2354.0,2412.0,2412.0,1659.0,711.0,1685.0,721.0
2.0,4698.0,2386.0,2371.0,2412.0,2389.0,2389.0,1660.0,711.0,1669.0,717.0
2.0,4724.0,2357.0,2373.0,2389.0,2363.0,2363.0,1661.0,712.0,1651.0,706.0
2.0,4756.0,2295.0,2371.0,2363.0,2289.0,2289.0,1660.0,711.0,1606.0,689.0
2.0,4824.0,2357.0,2371.0,2289.0,2357.0,2357.0,1660.0,711.0,1650.0,707.0
2.0,4756.0,2444.0,2374.0,2357.0,2453.0,2453.0,1662.0,712.0,1713.0,731.0
2.0,4669.0,2348.0,2374.0,2453.0,2348.0,2348.0,1662.0,712.0,1644.0,704.0
2.0,4774.0,2389.0,2375.0,2348.0,2392.0,2392.0,1663.0,712.0,1671.0,718.0
2.0,4733.0,2404.0,2378.0,2392.0,2413.0,2413.0,1665.0,713.0,1684.0,720.0
2.0,4721.0,2396.0,2378.0,2413.0,2396.0,2396.0,1665.0,713.0,1676.0,720.0
2.0,4738.0,2373.0,2378.0,2396.0,2373.0,2373.0,1665.0,713.0,1660.0,713.0
2.0,4761.0,2390.0,2379.0,2373.0,2393.0,2393.0,1665.0,714.0,1674.0,716.0
2.0,4744.0,2436.0,2380.0,2393.0,2439.0,2439.0,1666.0,714.0,1706.0,730.0
2.0,4701.0,2377.0,2381.0,2439.0,2380.0,2380.0,1667.0,714.0,1664.0,713.0
2.0,4763.0,2449.0,2383.0,2380.0,2455.0,2455.0,1668.0,715.0,1714.0,735.0
2.0,4694.0,2445.0,2387.0,2455.0,2457.0,2457.0,1671.0,716.0,1711.0,734.0
2.0,4704.0,2420.0,2387.0,2457.0,2420.0,2420.0,1671.0,716.0,1694.0,726.0
2.0,4741.0,2443.0,2388.0,2420.0,2446.0,2446.0,1672.0,716.0,1709.0,734.0
2.0,4718.0,2340.0,2387.0,2446.0,2337.0,2337.0,1671.0,716.0,1639.0,701.0
2.0,4824.0,2357.0,2387.0,2337.0,2357.0,2357.0,1671.0,716.0,1650.0,707.0
2.0,4804.0,2402.0,2388.0,2357.0,2405.0,2405.0,1672.0,716.0,1680.0,722.0
2.0,4759.0,2482.0,2391.0,2405.0,2491.0,2491.0,1674.0,717.0,1737.0,745.0
2.0,4682.0,2477.0,2394.0,2491.0,2486.0,2486.0,1676.0,718.0,1736.0,741.0
2.0,4696.0,2419.0,2396.0,2486.0,2425.0,2425.0,1677.0,719.0,1692.0,727.0
2.0,4763.0,2438.0,2395.0,2425.0,2435.0,2435.0,1677.0,718.0,1707.0,731.0
2.0,4750.0,2374.0,2394.0,2435.0,2371.0,2371.0,1676.0,718.0,1663.0,711.0
2.0,4811.0,2374.0,2393.0,2371.0,2371.0,2371.0,1675.0,718.0,1661.0,713.0
2.0,4808.0,2396.0,2394.0,2371.0,2399.0,2399.0,1676.0,718.0,1678.0,718.0
2.0,4783.0,2473.0,2394.0,2399.0,2473.0,2473.0,1676.0,718.0,1731.0,742.0
2.0,4709.0,2445.0,2397.0,2473.0,2454.0,2454.0,1678.0,719.0,1711.0,734.0
2.0,4737.0,2411.0,2397.0,2454.0,2411.0,2411.0,1678.0,719.0,1688.0,723.0
2.0,4780.0,2407.0,2396.0,2411.0,2404.0,2404.0,1677.0,719.0,1685.0,722.0
2.0,4784.0,2372.0,2396.0,2404.0,2372.0,2372.0,1677.0,719.0,1660.0,712.0
2.0,4816.0,2365.0,2395.0,2372.0,2362.0,2362.0,1677.0,718.0,1656.0,709.0
2.0,4823.0,2387.0,2395.0,2362.0,2387.0,2387.0,1677.0,718.0,1671.0,716.0
2.0,4798.0,2431.0,2396.0,2387.0,2434.0,2434.0,1677.0,719.0,1703.0,728.0
2.0,4754.0,2450.0,2398.0,2434.0,2456.0,2456.0,1679.0,719.0,1714.0,736.0
2.0,4738.0,2458.0,2401.0,2456.0,2467.0,2467.0,1681.0,720.0,1723.0,735.0
2.0,4736.0,2450.0,2401.0,2467.0,2450.0,2450.0,1681.0,720.0,1715.0,735.0
2.0,4753.0,2296.0,2397.0,2450.0,2284.0,2284.0,1678.0,719.0,1608.0,688.0
2.0,4907.0,2357.0,2396.0,2284.0,2354.0,2354.0,1677.0,719.0,1649.0,708.0
2.0,4834.0,2436.0,2397.0,2354.0,2439.0,2439.0,1678.0,719.0,1704.0,732.0
2.0,4752.0,2389.0,2399.0,2439.0,2395.0,2395.0,1679.0,720.0,1673.0,716.0
2.0,4802.0,2477.0,2403.0,2395.0,2489.0,2489.0,1682.0,721.0,1734.0,743.0
2.0,4720.0,2424.0,2403.0,2489.0,2424.0,2424.0,1682.0,721.0,1697.0,727.0
2.0,4785.0,2419.0,2403.0,2424.0,2419.0,2419.0,1682.0,721.0,1694.0,725.0
2.0,4790.0,2381.0,2401.0,2419.0,2375.0,2375.0,1681.0,720.0,1666.0,715.0
2.0,4828.0,2335.0,2400.0,2375.0,2332.0,2332.0,1680.0,720.0,1636.0,699.0
2.0,4868.0,2436.0,2401.0,2332.0,2439.0,2439.0,1681.0,720.0,1704.0,732.0
2.0,4764.0,2436.0,2403.0,2439.0,2442.0,2442.0,1682.0,721.0,1706.0,730.0
2.0,4767.0,2453.0,2404.0,2442.0,2456.0,2456.0,1683.0,721.0,1716.0,737.0
2.0,4756.0,2451.0,2406.0,2456.0,2457.0,2457.0,1684.0,722.0,1717.0,734.0
2.0,4761.0,2451.0,2407.0,2457.0,2454.0,2454.0,1685.0,722.0,1716.0,735.0
2.0,4767.0,2405.0,2407.0,2454.0,2405.0,2405.0,1685.0,722.0,1685.0,720.0
2.0,4816.0,2414.0,2408.0,2405.0,2417.0,2417.0,1686.0,722.0,1689.0,725.0
2.0,4807.0,2393.0,2410.0,2417.0,2399.0,2399.0,1687.0,723.0,1676.0,717.0
2.0,4831.0,2447.0,2411.0,2399.0,2450.0,2450.0,1688.0,723.0,1712.0,735.0
2.0,4783.0,2464.0,2413.0,2450.0,2470.0,2470.0,1689.0,724.0,1725.0,739.0
2.0,4769.0,2410.0,2414.0,2470.0,2413.0,2413.0,1690.0,724.0,1688.0,722.0
2.0,4829.0,2321.0,2413.0,2413.0,2318.0,2318.0,1689.0,724.0,1624.0,697.0
2.0,4921.0,2398.0,2413.0,2318.0,2398.0,2398.0,1689.0,724.0,1679.0,719.0
2.0,4841.0,2401.0,2413.0,2398.0,2401.0,2401.0,1689.0,724.0,1681.0,720.0
2.0,4838.0,2393.0,2413.0,2401.0,2393.0,2393.0,1689.0,724.0,1676.0,717.0
2.0,4846.0,2433.0,2414.0,2393.0,2436.0,2436.0,1690.0,724.0,1703.0,730.0
2.0,4806.0,2507.0,2414.0,2436.0,2507.0,2507.0,1690.0,724.0,1754.0,753.0
2.0,4735.0,2440.0,2416.0,2507.0,2446.0,2446.0,1691.0,725.0,1709.0,731.0
2.0,4802.0,2411.0,2415.0,2446.0,2408.0,2408.0,1691.0,724.0,1688.0,723.0
2.0,4837.0,2454.0,2415.0,2408.0,2454.0,2454.0,1691.0,724.0,1718.0,736.0
2.0,4791.0,2387.0,2414.0,2454.0,2384.0,2384.0,1690.0,724.0,1670.0,717.0
2.0,4858.0,2394.0,2414.0,2384.0,2394.0,2394.0,1690.0,724.0,1676.0,718.0
2.0,4848.0,2474.0,2417.0,2394.0,2483.0,2483.0,1692.0,725.0,1733.0,741.0
2.0,4768.0,2532.0,2420.0,2483.0,2541.0,2541.0,1694.0,726.0,1773.0,759.0
2.0,4719.0,2444.0,2421.0,2541.0,2447.0,2447.0,1695.0,726.0,1711.0,733.0
2.0,4816.0,2431.0,2420.0,2447.0,2428.0,2428.0,1694.0,726.0,1702.0,729.0
2.0,4832.0,2445.0,2419.0,2428.0,2442.0,2442.0,1693.0,726.0,1711.0,734.0
2.0,4815.0,2483.0,2420.0,2442.0,2486.0,2486.0,1694.0,726.0,1739.0,744.0
2.0,4774.0,2476.0,2421.0,2486.0,2479.0,2479.0,1695.0,726.0,1732.0,744.0
2.0,4784.0,2491.0,2423.0,2479.0,2497.0,2497.0,1696.0,727.0,1745.0,746.0
2.0,4772.0,2420.0,2424.0,2497.0,2423.0,2423.0,1697.0,727.0,1695.0,725.0
2.0,4849.0,2513.0,2427.0,2423.0,2522.0,2522.0,1699.0,728.0,1758.0,755.0
2.0,4759.0,2478.0,2427.0,2522.0,2478.0,2478.0,1699.0,728.0,1735.0,743.0
2.0,4803.0,2365.0,2425.0,2478.0,2359.0,2359.0,1698.0,727.0,1655.0,710.0
2.0,4916.0,2445.0,2425.0,2359.0,2445.0,2445.0,1698.0,727.0,1713.0,732.0
2.0,4830.0,2464.0,2427.0,2445.0,2470.0,2470.0,1699.0,728.0,1726.0,738.0
2.0,4811.0,2487.0,2428.0,2470.0,2490.0,2490.0,1700.0,728.0,1740.0,747.0
2.0,4794.0,2563.0,2433.0,2490.0,2578.0,2578.0,1703.0,730.0,1795.0,768.0
2.0,4721.0,2485.0,2434.0,2578.0,2488.0,2488.0,1704.0,730.0,1741.0,744.0
2.0,4814.0,2449.0,2435.0,2488.0,2452.0,2452.0,1705.0,730.0,1712.0,737.0
2.0,4853.0,2441.0,2435.0,2452.0,2441.0,2441.0,1705.0,730.0,1709.0,732.0
2.0,4864.0,2397.0,2434.0,2441.0,2394.0,2394.0,1704.0,730.0,1679.0,718.0
2.0,4908.0,2467.0,2434.0,2394.0,2467.0,2467.0,1704.0,730.0,1728.0,739.0
2.0,4835.0,2446.0,2437.0,2467.0,2455.0,2455.0,1706.0,731.0,1711.0,735.0
2.0,4856.0,2517.0,2440.0,2455.0,2526.0,2526.0,1708.0,732.0,1762.0,755.0
2.0,4794.0,2450.0,2440.0,2526.0,2450.0,2450.0,1708.0,732.0,1716.0,734.0
2.0,4870.0,2480.0,2442.0,2450.0,2486.0,2486.0,1710.0,732.0,1735.0,745.0
2.0,4840.0,2431.0,2441.0,2486.0,2428.0,2428.0,1709.0,732.0,1703.0,728.0
2.0,4895.0,2467.0,2441.0,2428.0,2467.0,2467.0,1709.0,732.0,1726.0,741.0
2.0,4856.0,2500.0,2444.0,2467.0,2509.0,2509.0,1711.0,733.0,1751.0,749.0
2.0,4823.0,2437.0,2444.0,2509.0,2437.0,2437.0,1711.0,733.0,1707.0,730.0
2.0,4895.0,2512.0,2448.0,2437.0,2524.0,2524.0,1714.0,734.0,1758.0,754.0
2.0,4820.0,2470.0,2448.0,2524.0,2470.0,2470.0,1714.0,734.0,1727.0,743.0
2.0,4874.0,2417.0,2448.0,2470.0,2417.0,2417.0,1714.0,734.0,1694.0,723.0
2.0,4927.0,2380.0,2447.0,2417.0,2377.0,2377.0,1713.0,734.0,1665.0,715.0
2.0,4964.0,2461.0,2447.0,2377.0,2461.0,2461.0,1713.0,734.0,1723.0,738.0
2.0,4880.0,2481.0,2447.0,2461.0,2481.0,2481.0,1713.0,734.0,1738.0,743.0
2.0,4860.0,2476.0,2448.0,2481.0,2479.0,2479.0,1714.0,734.0,1732.0,744.0
2.0,4865.0,2458.0,2450.0,2479.0,2464.0,2464.0,1715.0,735.0,1721.0,737.0
2.0,4886.0,2470.0,2451.0,2464.0,2473.0,2473.0,1716.0,735.0,1730.0,740.0
2.0,4880.0,2444.0,2451.0,2473.0,2444.0,2444.0,1716.0,735.0,1711.0,733.0
2.0,4909.0,2464.0,2451.0,2444.0,2464.0,2464.0,1716.0,735.0,1725.0,739.0
2.0,4889.0,2434.0,2451.0,2464.0,2434.0,2434.0,1716.0,735.0,1703.0,731.0
2.0,4919.0,2507.0,2455.0,2434.0,2519.0,2519.0,1719.0,736.0,1755.0,752.0
2.0,4846.0,2453.0,2457.0,2519.0,2459.0,2459.0,1720.0,737.0,1718.0,735.0
2.0,4912.0,2504.0,2458.0,2459.0,2507.0,2507.0,1721.0,737.0,1754.0,750.0
2.0,4867.0,2507.0,2460.0,2507.0,2513.0,2513.0,1722.0,738.0,1755.0,752.0
2.0,4867.0,2434.0,2461.0,2513.0,2437.0,2437.0,1723.0,738.0,1704.0,730.0
2.0,4946.0,2430.0,2458.0,2437.0,2421.0,2421.0,1721.0,737.0,1700.0,730.0
2.0,4953.0,2454.0,2460.0,2421.0,2460.0,2460.0,1722.0,738.0,1718.0,736.0
2.0,4920.0,2477.0,2461.0,2460.0,2480.0,2480.0,1723.0,738.0,1735.0,742.0
2.0,4903.0,2501.0,2461.0,2480.0,2501.0,2501.0,1723.0,738.0,1751.0,750.0
2.0,4882.0,2534.0,2464.0,2501.0,2543.0,2543.0,1725.0,739.0,1774.0,760.0
2.0,4849.0,2507.0,2467.0,2543.0,2516.0,2516.0,1727.0,740.0,1755.0,752.0
2.0,4885.0,2488.0,2467.0,2516.0,2488.0,2488.0,1727.0,740.0,1742.0,746.0
2.0,4913.0,2482.0,2466.0,2488.0,2479.0,2479.0,1726.0,740.0,1737.0,745.0
2.0,4919.0,2438.0,2465.0,2479.0,2435.0,2435.0,1726.0,739.0,1707.0,731.0
2.0,4960.0,2455.0,2466.0,2435.0,2458.0,2458.0,1726.0,740.0,1720.0,735.0
2.0,4940.0,2460.0,2467.0,2458.0,2463.0,2463.0,1727.0,740.0,1722.0,738.0
2.0,4938.0,2488.0,2467.0,2463.0,2488.0,2488.0,1727.0,740.0,1742.0,746.0
2.0,4913.0,2467.0,2467.0,2488.0,2467.0,2467.0,1727.0,740.0,1727.0,740.0
2.0,4934.0,2515.0,2467.0,2467.0,2515.0,2515.0,1727.0,740.0,1761.0,754.0
2.0,4886.0,2424.0,2467.0,2515.0,2424.0,2424.0,1727.0,740.0,1697.0,727.0
2.0,4977.0,2396.0,2464.0,2424.0,2387.0,2387.0,1725.0,739.0,1679.0,717.0
2.0,5005.0,2497.0,2465.0,2387.0,2500.0,2500.0,1726.0,739.0,1746.0,751.0
2.0,4895.0,2529.0,2468.0,2500.0,2538.0,2538.0,1728.0,740.0,1772.0,757.0
2.0,4866.0,2482.0,2468.0,2538.0,2482.0,2482.0,1728.0,740.0,1736.0,746.0
2.0,4922.0,2520.0,2470.0,2482.0,2526.0,2526.0,1729.0,741.0,1764.0,756.0
2.0,4884.0,2457.0,2470.0,2526.0,2457.0,2457.0,1729.0,741.0,1720.0,737.0
2.0,4953.0,2488.0,2468.0,2457.0,2482.0,2482.0,1728.0,740.0,1741.0,747.0
2.0,4922.0,2480.0,2468.0,2482.0,2480.0,2480.0,1728.0,740.0,1736.0,744.0
2.0,4924.0,2524.0,2470.0,2480.0,2530.0,2530.0,1729.0,741.0,1768.0,756.0
2.0,4880.0,2526.0,2471.0,2530.0,2529.0,2529.0,1730.0,741.0,1769.0,757.0
2.0,4884.0,2496.0,2473.0,2529.0,2502.0,2502.0,1731.0,742.0,1747.0,749.0
2.0,4917.0,2474.0,2473.0,2502.0,2474.0,2474.0,1731.0,742.0,1732.0,742.0
2.0,4945.0,2451.0,2473.0,2474.0,2451.0,2451.0,1731.0,742.0,1716.0,735.0
2.0,4968.0,2424.0,2471.0,2451.0,2418.0,2418.0,1730.0,741.0,1696.0,728.0
2.0,4995.0,2445.0,2471.0,2418.0,2445.0,2445.0,1730.0,741.0,1712.0,733.0
2.0,4968.0,2481.0,2471.0,2445.0,2481.0,2481.0,1730.0,741.0,1737.0,744.0
2.0,4932.0,2497.0,2473.0,2481.0,2503.0,2503.0,1731.0,742.0,1749.0,748.0
2.0,4916.0,2507.0,2473.0,2503.0,2507.0,2507.0,1731.0,742.0,1755.0,752.0
2.0,4912.0,2395.0,2471.0,2507.0,2389.0,2389.0,1730.0,741.0,1676.0,719.0
2.0,5024.0,2421.0,2471.0,2389.0,2421.0,2421.0,1730.0,741.0,1695.0,726.0
2.0,4992.0,2507.0,2471.0,2421.0,2507.0,2507.0,1730.0,741.0,1755.0,752.0
2.0,4906.0,2416.0,2470.0,2507.0,2413.0,2413.0,1729.0,741.0,1693.0,723.0
2.0,4997.0,2499.0,2471.0,2413.0,2502.0,2502.0,1730.0,741.0,1748.0,751.0
2.0,4911.0,2445.0,2473.0,2502.0,2451.0,2451.0,1731.0,742.0,1713.0,732.0
2.0,4968.0,2478.0,2473.0,2451.0,2478.0,2478.0,1731.0,742.0,1735.0,743.0
2.0,4941.0,2488.0,2473.0,2478.0,2488.0,2488.0,1731.0,742.0,1742.0,746.0
2.0,4931.0,2501.0,2474.0,2488.0,2504.0,2504.0,1732.0,742.0,1752.0,749.0
2.0,4918.0,2470.0,2474.0,2504.0,2470.0,2470.0,1732.0,742.0,1729.0,741.0
2.0,4952.0,2468.0,2474.0,2470.0,2468.0,2468.0,1732.0,742.0,1728.0,740.0
2.0,4954.0,2443.0,2474.0,2468.0,2443.0,2443.0,1732.0,742.0,1710.0,733.0
2.0,4979.0,2583.0,2476.0,2443.0,2589.0,2589.0,1733.0,743.0,1807.0,776.0
2.0,4839.0,2510.0,2477.0,2589.0,2513.0,2513.0,1734.0,743.0,1756.0,754.0
2.0,4918.0,2513.0,2477.0,2513.0,2513.0,2513.0,1734.0,743.0,1760.0,753.0
2.0,4918.0,2487.0,2478.0,2513.0,2490.0,2490.0,1735.0,743.0,1741.0,746.0
2.0,4944.0,2473.0,2477.0,2490.0,2470.0,2470.0,1734.0,743.0,1731.0,742.0
2.0,4961.0,2422.0,2476.0,2470.0,2419.0,2419.0,1733.0,743.0,1697.0,725.0
2.0,5009.0,2512.0,2477.0,2419.0,2515.0,2515.0,1734.0,743.0,1757.0,755.0
2.0,4916.0,2513.0,2479.0,2515.0,2519.0,2519.0,1736.0,743.0,1760.0,753.0
2.0,4918.0,2508.0,2480.0,2519.0,2511.0,2511.0,1736.0,744.0,1756.0,752.0
2.0,4929.0,2512.0,2481.0,2511.0,2515.0,2515.0,1737.0,744.0,1757.0,755.0
2.0,4928.0,2445.0,2480.0,2515.0,2442.0,2442.0,1736.0,744.0,1713.0,732.0
2.0,4998.0,2537.0,2480.0,2442.0,2537.0,2537.0,1736.0,744.0,1776.0,761.0
2.0,4903.0,2500.0,2480.0,2537.0,2500.0,2500.0,1736.0,744.0,1750.0,750.0
2.0,4940.0,2511.0,2480.0,2500.0,2511.0,2511.0,1736.0,744.0,1757.0,754.0
2.0,4929.0,2452.0,2480.0,2511.0,2452.0,2452.0,1736.0,744.0,1718.0,734.0
2.0,4988.0,2489.0,2480.0,2452.0,2489.0,2489.0,1736.0,744.0,1741.0,748.0
2.0,4951.0,2505.0,2481.0,2489.0,2508.0,2508.0,1737.0,744.0,1754.0,751.0
2.0,4935.0,2554.0,2483.0,2508.0,2560.0,2560.0,1738.0,745.0,1790.0,764.0
2.0,4889.0,2481.0,2483.0,2560.0,2481.0,2481.0,1738.0,745.0,1737.0,744.0
2.0,4968.0,2533.0,2484.0,2481.0,2536.0,2536.0,1739.0,745.0,1771.0,762.0
2.0,4916.0,2524.0,2484.0,2536.0,2524.0,2524.0,1739.0,745.0,1768.0,756.0
2.0,4928.0,2504.0,2486.0,2524.0,2510.0,2510.0,1740.0,746.0,1754.0,750.0
2.0,4948.0,2565.0,2490.0,2510.0,2577.0,2577.0,1743.0,747.0,1795.0,770.0
2.0,4893.0,2454.0,2488.0,2577.0,2448.0,2448.0,1742.0,746.0,1717.0,737.0
2.0,5016.0,2507.0,2488.0,2448.0,2507.0,2507.0,1742.0,746.0,1755.0,752.0
2.0,4957.0,2524.0,2488.0,2507.0,2524.0,2524.0,1742.0,746.0,1768.0,756.0
2.0,4940.0,2483.0,2488.0,2524.0,2483.0,2483.0,1742.0,746.0,1737.0,746.0
2.0,4981.0,2594.0,2491.0,2483.0,2603.0,2603.0,1744.0,747.0,1816.0,778.0
2.0,4870.0,2531.0,2491.0,2603.0,2531.0,2531.0,1744.0,747.0,1772.0,759.0
2.0,4942.0,2509.0,2492.0,2531.0,2512.0,2512.0,1745.0,747.0,1757.0,752.0
2.0,4964.0,2578.0,2493.0,2512.0,2581.0,2581.0,1745.0,748.0,1805.0,773.0
2.0,4898.0,2541.0,2494.0,2581.0,2544.0,2544.0,1746.0,748.0,1780.0,761.0
2.0,4938.0,2491.0,2494.0,2544.0,2491.0,2491.0,1746.0,748.0,1744.0,747.0
2.0,4991.0,2460.0,2493.0,2491.0,2457.0,2457.0,1745.0,748.0,1722.0,738.0
2.0,5022.0,2530.0,2494.0,2457.0,2533.0,2533.0,1746.0,748.0,1770.0,760.0
2.0,4949.0,2530.0,2497.0,2533.0,2539.0,2539.0,1748.0,749.0,1772.0,758.0
2.0,4952.0,2572.0,2500.0,2539.0,2581.0,2581.0,1750.0,750.0,1799.0,773.0
2.0,4919.0,2577.0,2501.0,2581.0,2580.0,2580.0,1751.0,750.0,1804.0,773.0
2.0,4923.0,2531.0,2501.0,2580.0,2531.0,2531.0,1751.0,750.0,1772.0,759.0
2.0,4972.0,2435.0,2500.0,2531.0,2432.0,2432.0,1750.0,750.0,1706.0,729.0
2.0,5068.0,2436.0,2501.0,2432.0,2439.0,2439.0,1751.0,750.0,1704.0,732.0
2.0,5064.0,2456.0,2501.0,2439.0,2456.0,2456.0,1751.0,750.0,1719.0,737.0
2.0,5047.0,2593.0,2504.0,2456.0,2602.0,2602.0,1753.0,751.0,1816.0,777.0
2.0,4910.0,2565.0,2506.0,2602.0,2571.0,2571.0,1754.0,752.0,1795.0,770.0
2.0,4947.0,2543.0,2507.0,2571.0,2546.0,2546.0,1755.0,752.0,1781.0,762.0
2.0,4975.0,2478.0,2508.0,2546.0,2481.0,2481.0,1756.0,752.0,1733.0,745.0
2.0,5043.0,2461.0,2507.0,2481.0,2458.0,2458.0,1755.0,752.0,1725.0,736.0
2.0,5063.0,2551.0,2508.0,2458.0,2554.0,2554.0,1756.0,752.0,1785.0,766.0
2.0,4970.0,2522.0,2509.0,2554.0,2525.0,2525.0,1756.0,753.0,1766.0,756.0
2.0,5002.0,2548.0,2510.0,2525.0,2551.0,2551.0,1757.0,753.0,1785.0,763.0
2.0,4979.0,2551.0,2512.0,2551.0,2557.0,2557.0,1759.0,753.0,1785.0,766.0
2.0,4979.0,2541.0,2514.0,2557.0,2547.0,2547.0,1760.0,754.0,1780.0,761.0
2.0,4995.0,2504.0,2513.0,2547.0,2501.0,2501.0,1759.0,754.0,1752.0,752.0
2.0,5038.0,2484.0,2512.0,2501.0,2481.0,2481.0,1759.0,753.0,1739.0,745.0
2.0,5055.0,2480.0,2511.0,2481.0,2477.0,2477.0,1758.0,753.0,1736.0,744.0
2.0,5056.0,2613.0,2514.0,2477.0,2622.0,2622.0,1760.0,754.0,1830.0,783.0
2.0,4920.0,2594.0,2516.0,2622.0,2600.0,2600.0,1761.0,755.0,1816.0,778.0
2.0,4948.0,2546.0,2518.0,2600.0,2552.0,2552.0,1763.0,755.0,1781.0,765.0
2.0,5002.0,2518.0,2518.0,2552.0,2518.0,2518.0,1763.0,755.0,1764.0,754.0
2.0,5036.0,2485.0,2518.0,2518.0,2485.0,2485.0,1763.0,755.0,1739.0,746.0
2.0,5069.0,2458.0,2517.0,2485.0,2455.0,2455.0,1762.0,755.0,1723.0,735.0
2.0,5096.0,2603.0,2518.0,2455.0,2606.0,2606.0,1763.0,755.0,1821.0,782.0
2.0,4948.0,2544.0,2521.0,2606.0,2553.0,2553.0,1765.0,756.0,1782.0,762.0
2.0,5010.0,2524.0,2521.0,2553.0,2524.0,2524.0,1765.0,756.0,1767.0,757.0
2.0,5039.0,2576.0,2522.0,2524.0,2579.0,2579.0,1766.0,756.0,1802.0,774.0
2.0,4987.0,2563.0,2523.0,2579.0,2566.0,2566.0,1766.0,757.0,1795.0,768.0
2.0,5003.0,2498.0,2524.0,2566.0,2501.0,2501.0,1767.0,757.0,1749.0,749.0
2.0,5071.0,2472.0,2524.0,2501.0,2472.0,2472.0,1767.0,757.0,1731.0,741.0
2.0,5100.0,2480.0,2523.0,2472.0,2477.0,2477.0,1766.0,757.0,1736.0,744.0
2.0,5092.0,2527.0,2523.0,2477.0,2527.0,2527.0,1766.0,757.0,1768.0,759.0
2.0,5042.0,2573.0,2524.0,2527.0,2576.0,2576.0,1767.0,757.0,1803.0,770.0
2.0,4996.0,2597.0,2525.0,2576.0,2600.0,2600.0,1768.0,757.0,1816.0,781.0
2.0,4975.0,2579.0,2527.0,2600.0,2585.0,2585.0,1769.0,758.0,1806.0,773.0
2.0,4996.0,2488.0,2527.0,2585.0,2488.0,2488.0,1769.0,758.0,1742.0,746.0
2.0,5093.0,2522.0,2525.0,2488.0,2516.0,2516.0,1768.0,757.0,1766.0,756.0
2.0,5059.0,2470.0,2526.0,2516.0,2473.0,2473.0,1768.0,758.0,1729.0,741.0
2.0,5105.0,2553.0,2527.0,2473.0,2556.0,2556.0,1769.0,758.0,1787.0,766.0
2.0,5025.0,2507.0,2527.0,2556.0,2507.0,2507.0,1769.0,758.0,1755.0,752.0
2.0,5074.0,2614.0,2528.0,2507.0,2617.0,2617.0,1770.0,758.0,1830.0,784.0
2.0,4967.0,2664.0,2530.0,2617.0,2670.0,2670.0,1771.0,759.0,1866.0,798.0
2.0,4920.0,2527.0,2530.0,2670.0,2527.0,2527.0,1771.0,759.0,1769.0,758.0
2.0,5063.0,2484.0,2530.0,2527.0,2484.0,2484.0,1771.0,759.0,1738.0,746.0
2.0,5106.0,2523.0,2528.0,2484.0,2517.0,2517.0,1770.0,758.0,1766.0,757.0
2.0,5067.0,2530.0,2528.0,2517.0,2530.0,2530.0,1770.0,758.0,1771.0,759.0
2.0,5054.0,2613.0,2531.0,2530.0,2622.0,2622.0,1772.0,759.0,1830.0,783.0
2.0,4971.0,2636.0,2534.0,2622.0,2645.0,2645.0,1774.0,760.0,1845.0,791.0
2.0,4957.0,2560.0,2534.0,2645.0,2560.0,2560.0,1774.0,760.0,1791.0,769.0
2.0,5042.0,2561.0,2535.0,2560.0,2564.0,2564.0,1775.0,760.0,1793.0,768.0
2.0,5041.0,2485.0,2534.0,2564.0,2482.0,2482.0,1774.0,760.0,1741.0,744.0
2.0,5120.0,2535.0,2533.0,2482.0,2532.0,2532.0,1773.0,760.0,1775.0,760.0
2.0,5067.0,2547.0,2533.0,2532.0,2547.0,2547.0,1773.0,760.0,1783.0,764.0
2.0,5052.0,2573.0,2536.0,2547.0,2582.0,2582.0,1775.0,761.0,1801.0,772.0
2.0,5026.0,2553.0,2538.0,2582.0,2559.0,2559.0,1777.0,761.0,1786.0,767.0
2.0,5055.0,2581.0,2540.0,2559.0,2587.0,2587.0,1778.0,762.0,1809.0,772.0
2.0,5033.0,2521.0,2538.0,2587.0,2515.0,2515.0,1777.0,761.0,1764.0,757.0
2.0,5099.0,2489.0,2537.0,2515.0,2486.0,2486.0,1776.0,761.0,1744.0,745.0
2.0,5125.0,2584.0,2538.0,2486.0,2587.0,2587.0,1777.0,761.0,1808.0,776.0
2.0,5027.0,2555.0,2540.0,2587.0,2561.0,2561.0,1778.0,762.0,1790.0,765.0
2.0,5059.0,2563.0,2541.0,2561.0,2566.0,2566.0,1779.0,762.0,1793.0,770.0
2.0,5057.0,2624.0,2543.0,2566.0,2630.0,2630.0,1780.0,763.0,1838.0,786.0
2.0,4999.0,2554.0,2544.0,2630.0,2557.0,2557.0,1781.0,763.0,1788.0,766.0
2.0,5075.0,2553.0,2544.0,2557.0,2553.0,2553.0,1781.0,763.0,1788.0,765.0
2.0,5079.0,2587.0,2544.0,2553.0,2587.0,2587.0,1781.0,763.0,1809.0,778.0
2.0,5045.0,2579.0,2545.0,2587.0,2582.0,2582.0,1782.0,763.0,1806.0,773.0
2.0,5053.0,2565.0,2547.0,2582.0,2571.0,2571.0,1783.0,764.0,1796.0,769.0
2.0,5070.0,2647.0,2550.0,2571.0,2656.0,2656.0,1785.0,765.0,1853.0,794.0
2.0,4994.0,2693.0,2554.0,2656.0,2705.0,2705.0,1788.0,766.0,1886.0,807.0
2.0,4957.0,2598.0,2554.0,2705.0,2598.0,2598.0,1788.0,766.0,1819.0,779.0
2.0,5064.0,2553.0,2553.0,2598.0,2550.0,2550.0,1787.0,766.0,1787.0,766.0
2.0,5109.0,2617.0,2554.0,2550.0,2620.0,2620.0,1788.0,766.0,1833.0,784.0
2.0,5042.0,2560.0,2555.0,2620.0,2563.0,2563.0,1789.0,766.0,1790.0,770.0
2.0,5102.0,2593.0,2557.0,2563.0,2599.0,2599.0,1790.0,767.0,1816.0,777.0
2.0,5072.0,2600.0,2560.0,2599.0,2609.0,2609.0,1792.0,768.0,1820.0,780.0
2.0,5071.0,2610.0,2560.0,2609.0,2610.0,2610.0,1792.0,768.0,1827.0,783.0
2.0,5070.0,2531.0,2560.0,2610.0,2531.0,2531.0,1792.0,768.0,1772.0,759.0
2.0,5149.0,2590.0,2561.0,2531.0,2593.0,2593.0,1793.0,768.0,1814.0,776.0
2.0,5090.0,2531.0,2560.0,2593.0,2528.0,2528.0,1792.0,768.0,1772.0,759.0
2.0,5152.0,2527.0,2560.0,2528.0,2527.0,2527.0,1792.0,768.0,1768.0,759.0
2.0,5153.0,2580.0,2561.0,2527.0,2583.0,2583.0,1793.0,768.0,1807.0,773.0
2.0,5100.0,2574.0,2563.0,2583.0,2580.0,2580.0,1794.0,769.0,1801.0,773.0
2.0,5109.0,2619.0,2565.0,2580.0,2625.0,2625.0,1796.0,769.0,1833.0,786.0
2.0,5070.0,2613.0,2567.0,2625.0,2619.0,2619.0,1797.0,770.0,1830.0,783.0
2.0,5082.0,2568.0,2567.0,2619.0,2568.0,2568.0,1797.0,770.0,1798.0,770.0
2.0,5133.0,2518.0,2565.0,2568.0,2512.0,2512.0,1796.0,769.0,1762.0,756.0
2.0,5183.0,2551.0,2565.0,2512.0,2551.0,2551.0,1796.0,769.0,1786.0,765.0
2.0,5144.0,2559.0,2567.0,2551.0,2565.0,2565.0,1797.0,770.0,1792.0,767.0
2.0,5136.0,2593.0,2568.0,2565.0,2596.0,2596.0,1798.0,770.0,1816.0,777.0
2.0,5108.0,2622.0,2571.0,2596.0,2631.0,2631.0,1800.0,771.0,1835.0,787.0
2.0,5082.0,2584.0,2571.0,2631.0,2584.0,2584.0,1800.0,771.0,1809.0,775.0
2.0,5129.0,2560.0,2572.0,2584.0,2563.0,2563.0,1801.0,771.0,1791.0,769.0
2.0,5153.0,2519.0,2570.0,2563.0,2513.0,2513.0,1799.0,771.0,1765.0,754.0
2.0,5197.0,2494.0,2567.0,2513.0,2485.0,2485.0,1797.0,770.0,1746.0,748.0
2.0,5216.0,2538.0,2567.0,2485.0,2538.0,2538.0,1797.0,770.0,1777.0,761.0
2.0,5163.0,2663.0,2571.0,2538.0,2675.0,2675.0,1800.0,771.0,1864.0,799.0
2.0,5038.0,2597.0,2572.0,2675.0,2600.0,2600.0,1801.0,771.0,1817.0,780.0
2.0,5116.0,2590.0,2574.0,2600.0,2596.0,2596.0,1802.0,772.0,1814.0,776.0
2.0,5126.0,2575.0,2573.0,2596.0,2572.0,2572.0,1801.0,772.0,1802.0,773.0
2.0,5147.0,2554.0,2571.0,2572.0,2548.0,2548.0,1800.0,771.0,1789.0,765.0
2.0,5165.0,2513.0,2570.0,2548.0,2510.0,2510.0,1799.0,771.0,1759.0,754.0
2.0,5200.0,2656.0,2572.0,2510.0,2662.0,2662.0,1801.0,771.0,1858.0,798.0
2.0,5054.0,2567.0,2574.0,2662.0,2573.0,2573.0,1802.0,772.0,1798.0,769.0
2.0,5149.0,2611.0,2575.0,2573.0,2614.0,2614.0,1803.0,772.0,1827.0,784.0
2.0,5111.0,2628.0,2577.0,2614.0,2634.0,2634.0,1804.0,773.0,1841.0,787.0
2.0,5097.0,2630.0,2578.0,2634.0,2633.0,2633.0,1805.0,773.0,1842.0,788.0
2.0,5101.0,2580.0,2578.0,2633.0,2580.0,2580.0,1805.0,773.0,1804.0,776.0
2.0,5154.0,2531.0,2577.0,2580.0,2528.0,2528.0,1804.0,773.0,1774.0,757.0
2.0,5203.0,2576.0,2578.0,2528.0,2579.0,2579.0,1805.0,773.0,1801.0,775.0
2.0,5155.0,2640.0,2581.0,2579.0,2649.0,2649.0,1807.0,774.0,1850.0,790.0
2.0,5094.0,2607.0,2581.0,2649.0,2607.0,2607.0,1807.0,774.0,1824.0,783.0
2.0,5136.0,2618.0,2583.0,2607.0,2624.0,2624.0,1808.0,775.0,1833.0,785.0
2.0,5125.0,2563.0,2583.0,2624.0,2563.0,2563.0,1808.0,775.0,1794.0,769.0
2.0,5186.0,2593.0,2582.0,2563.0,2590.0,2590.0,1808.0,774.0,1815.0,778.0
2.0,5156.0,2501.0,2581.0,2590.0,2498.0,2498.0,1807.0,774.0,1750.0,751.0
2.0,5245.0,2598.0,2582.0,2498.0,2601.0,2601.0,1808.0,774.0,1820.0,778.0
2.0,5145.0,2583.0,2582.0,2601.0,2583.0,2583.0,1808.0,774.0,1808.0,775.0
2.0,5163.0,2618.0,2583.0,2583.0,2621.0,2621.0,1808.0,775.0,1834.0,784.0
2.0,5128.0,2653.0,2584.0,2621.0,2656.0,2656.0,1809.0,775.0,1858.0,795.0
2.0,5096.0,2608.0,2584.0,2656.0,2608.0,2608.0,1809.0,775.0,1825.0,783.0
2.0,5144.0,2588.0,2581.0,2608.0,2579.0,2579.0,1807.0,774.0,1811.0,777.0
2.0,5164.0,2524.0,2580.0,2579.0,2521.0,2521.0,1806.0,774.0,1768.0,756.0
2.0,5219.0,2588.0,2581.0,2521.0,2591.0,2591.0,1807.0,774.0,1811.0,777.0
2.0,5152.0,2634.0,2581.0,2591.0,2634.0,2634.0,1807.0,774.0,1844.0,790.0
2.0,5109.0,2631.0,2583.0,2634.0,2637.0,2637.0,1808.0,775.0,1843.0,788.0
2.0,5112.0,2605.0,2583.0,2637.0,2605.0,2605.0,1808.0,775.0,1824.0,781.0
2.0,5144.0,2621.0,2583.0,2605.0,2621.0,2621.0,1808.0,775.0,1835.0,786.0
2.0,5128.0,2590.0,2583.0,2621.0,2590.0,2590.0,1808.0,775.0,1813.0,777.0
2.0,5159.0,2620.0,2584.0,2590.0,2623.0,2623.0,1809.0,775.0,1833.0,787.0
2.0,5129.0,2607.0,2585.0,2623.0,2610.0,2610.0,1810.0,775.0,1826.0,781.0
2.0,5145.0,2650.0,2587.0,2610.0,2656.0,2656.0,1811.0,776.0,1856.0,794.0
2.0,5105.0,2640.0,2590.0,2656.0,2649.0,2649.0,1813.0,777.0,1847.0,793.0
2.0,5121.0,2647.0,2591.0,2649.0,2650.0,2650.0,1814.0,777.0,1854.0,793.0
2.0,5123.0,2640.0,2591.0,2650.0,2640.0,2640.0,1814.0,777.0,1847.0,793.0
2.0,5133.0,2567.0,2591.0,2640.0,2567.0,2567.0,1814.0,777.0,1797.0,770.0
2.0,5206.0,2604.0,2591.0,2567.0,2604.0,2604.0,1814.0,777.0,1823.0,781.0
2.0,5169.0,2633.0,2592.0,2604.0,2636.0,2636.0,1815.0,777.0,1843.0,790.0
2.0,5140.0,2692.0,2595.0,2636.0,2701.0,2701.0,1817.0,778.0,1885.0,807.0
2.0,5084.0,2631.0,2597.0,2701.0,2637.0,2637.0,1818.0,779.0,1843.0,788.0
2.0,5154.0,2624.0,2598.0,2637.0,2627.0,2627.0,1819.0,779.0,1836.0,788.0
2.0,5167.0,2610.0,2598.0,2627.0,2610.0,2610.0,1819.0,779.0,1827.0,783.0
2.0,5184.0,2539.0,2597.0,2610.0,2536.0,2536.0,1818.0,779.0,1779.0,760.0
2.0,5255.0,2517.0,2595.0,2536.0,2511.0,2511.0,1817.0,778.0,1761.0,756.0
2.0,5274.0,2604.0,2597.0,2511.0,2610.0,2610.0,1818.0,779.0,1824.0,780.0
2.0,5181.0,2609.0,2598.0,2610.0,2612.0,2612.0,1819.0,779.0,1825.0,784.0
2.0,5182.0,2620.0,2601.0,2612.0,2629.0,2629.0,1821.0,780.0,1835.0,785.0
2.0,5174.0,2627.0,2602.0,2629.0,2630.0,2630.0,1822.0,780.0,1838.0,789.0
2.0,5176.0,2631.0,2601.0,2630.0,2628.0,2628.0,1821.0,780.0,1842.0,789.0
2.0,5175.0,2613.0,2602.0,2628.0,2616.0,2616.0,1822.0,780.0,1829.0,784.0
2.0,5190.0,2627.0,2603.0,2616.0,2630.0,2630.0,1822.0,781.0,1840.0,787.0
2.0,5179.0,2548.0,2602.0,2630.0,2545.0,2545.0,1822.0,780.0,1783.0,765.0
2.0,5261.0,2727.0,2605.0,2545.0,2736.0,2736.0,1824.0,781.0,1910.0,817.0
2.0,5079.0,2670.0,2608.0,2736.0,2679.0,2679.0,1826.0,782.0,1869.0,801.0
2.0,5145.0,2667.0,2608.0,2679.0,2667.0,2667.0,1826.0,782.0,1867.0,800.0
2.0,5157.0,2604.0,2610.0,2667.0,2610.0,2610.0,1827.0,783.0,1823.0,781.0
2.0,5220.0,2625.0,2610.0,2610.0,2625.0,2625.0,1827.0,783.0,1839.0,786.0
2.0,5205.0,2650.0,2610.0,2625.0,2650.0,2650.0,1827.0,783.0,1855.0,795.0
2.0,5180.0,2628.0,2610.0,2650.0,2628.0,2628.0,1827.0,783.0,1840.0,788.0
2.0,5202.0,2706.0,2613.0,2628.0,2715.0,2715.0,1829.0,784.0,1894.0,812.0
2.0,5124.0,2584.0,2614.0,2715.0,2587.0,2587.0,1830.0,784.0,1809.0,775.0
2.0,5255.0,2632.0,2614.0,2587.0,2632.0,2632.0,1830.0,784.0,1841.0,791.0
2.0,5210.0,2605.0,2614.0,2632.0,2605.0,2605.0,1830.0,784.0,1826.0,779.0
2.0,5237.0,2559.0,2613.0,2605.0,2556.0,2556.0,1829.0,784.0,1791.0,768.0
2.0,5283.0,2647.0,2614.0,2556.0,2650.0,2650.0,1830.0,784.0,1853.0,794.0
2.0,5192.0,2637.0,2615.0,2650.0,2640.0,2640.0,1831.0,784.0,1845.0,792.0
2.0,5205.0,2644.0,2616.0,2640.0,2647.0,2647.0,1831.0,785.0,1852.0,792.0
2.0,5201.0,2720.0,2620.0,2647.0,2732.0,2732.0,1834.0,786.0,1905.0,815.0
2.0,5128.0,2634.0,2621.0,2732.0,2637.0,2637.0,1835.0,786.0,1844.0,790.0
2.0,5226.0,2660.0,2622.0,2637.0,2663.0,2663.0,1836.0,786.0,1861.0,799.0
2.0,5203.0,2636.0,2623.0,2663.0,2639.0,2639.0,1836.0,787.0,1845.0,791.0
2.0,5230.0,2558.0,2621.0,2639.0,2552.0,2552.0,1835.0,786.0,1792.0,766.0
2.0,5311.0,2611.0,2621.0,2552.0,2611.0,2611.0,1835.0,786.0,1828.0,783.0
2.0,5252.0,2664.0,2622.0,2611.0,2667.0,2667.0,1836.0,786.0,1864.0,800.0
2.0,5199.0,2743.0,2627.0,2667.0,2758.0,2758.0,1839.0,788.0,1921.0,822.0
2.0,5123.0,2664.0,2628.0,2758.0,2667.0,2667.0,1840.0,788.0,1866.0,798.0
2.0,5217.0,2588.0,2627.0,2667.0,2585.0,2585.0,1839.0,788.0,1811.0,777.0
2.0,5296.0,2582.0,2627.0,2585.0,2582.0,2582.0,1839.0,788.0,1808.0,774.0
2.0,5299.0,2572.0,2625.0,2582.0,2566.0,2566.0,1838.0,787.0,1800.0,772.0
2.0,5309.0,2614.0,2625.0,2566.0,2614.0,2614.0,1838.0,787.0,1830.0,784.0
2.0,5261.0,2625.0,2626.0,2614.0,2628.0,2628.0,1838.0,788.0,1839.0,786.0
2.0,5250.0,2618.0,2626.0,2628.0,2618.0,2618.0,1838.0,788.0,1833.0,785.0
2.0,5260.0,2618.0,2627.0,2618.0,2621.0,2621.0,1839.0,788.0,1833.0,785.0
2.0,5260.0,2625.0,2626.0,2621.0,2622.0,2622.0,1838.0,788.0,1838.0,787.0
2.0,5256.0,2667.0,2627.0,2622.0,2670.0,2670.0,1839.0,788.0,1867.0,800.0
2.0,5211.0,2568.0,2625.0,2670.0,2562.0,2562.0,1838.0,787.0,1797.0,771.0
2.0,5313.0,2643.0,2625.0,2562.0,2643.0,2643.0,1838.0,787.0,1850.0,793.0
2.0,5232.0,2716.0,2628.0,2643.0,2725.0,2725.0,1840.0,788.0,1903.0,813.0
2.0,5159.0,2704.0,2630.0,2725.0,2710.0,2710.0,1841.0,789.0,1892.0,812.0
2.0,5180.0,2647.0,2630.0,2710.0,2647.0,2647.0,1841.0,789.0,1854.0,793.0
2.0,5243.0,2671.0,2630.0,2647.0,2671.0,2671.0,1841.0,789.0,1870.0,801.0
2.0,5219.0,2627.0,2630.0,2671.0,2627.0,2627.0,1841.0,789.0,1839.0,788.0
2.0,5263.0,2637.0,2630.0,2627.0,2637.0,2637.0,1841.0,789.0,1846.0,791.0
2.0,5253.0,2601.0,2630.0,2637.0,2601.0,2601.0,1841.0,789.0,1821.0,780.0
2.0,5289.0,2697.0,2633.0,2601.0,2706.0,2706.0,1843.0,790.0,1888.0,809.0
2.0,5193.0,2703.0,2637.0,2706.0,2715.0,2715.0,1846.0,791.0,1892.0,811.0
2.0,5196.0,2670.0,2637.0,2715.0,2670.0,2670.0,1846.0,791.0,1870.0,800.0
2.0,5241.0,2625.0,2638.0,2670.0,2628.0,2628.0,1847.0,791.0,1838.0,787.0
2.0,5286.0,2567.0,2637.0,2628.0,2564.0,2564.0,1846.0,791.0,1796.0,771.0
2.0,5347.0,2616.0,2637.0,2564.0,2616.0,2616.0,1846.0,791.0,1831.0,785.0
2.0,5295.0,2630.0,2637.0,2616.0,2630.0,2630.0,1846.0,791.0,1841.0,789.0
2.0,5281.0,2684.0,2638.0,2630.0,2687.0,2687.0,1847.0,791.0,1880.0,804.0
2.0,5227.0,2680.0,2638.0,2687.0,2680.0,2680.0,1847.0,791.0,1875.0,805.0
2.0,5234.0,2722.0,2642.0,2680.0,2734.0,2734.0,1850.0,792.0,1905.0,817.0
2.0,5192.0,2680.0,2641.0,2734.0,2677.0,2677.0,1849.0,792.0,1876.0,804.0
2.0,5246.0,2584.0,2640.0,2677.0,2581.0,2581.0,1848.0,792.0,1810.0,774.0
2.0,5339.0,2660.0,2640.0,2581.0,2660.0,2660.0,1848.0,792.0,1862.0,798.0
2.0,5260.0,2654.0,2641.0,2660.0,2657.0,2657.0,1849.0,792.0,1858.0,796.0
2.0,5266.0,2638.0,2641.0,2657.0,2638.0,2638.0,1849.0,792.0,1847.0,791.0
2.0,5285.0,2671.0,2641.0,2638.0,2671.0,2671.0,1849.0,792.0,1869.0,802.0
2.0,5252.0,2657.0,2641.0,2671.0,2657.0,2657.0,1849.0,792.0,1860.0,797.0
2.0,5266.0,2609.0,2640.0,2657.0,2606.0,2606.0,1848.0,792.0,1828.0,781.0
2.0,5314.0,2588.0,2640.0,2606.0,2588.0,2588.0,1848.0,792.0,1812.0,776.0
2.0,5332.0,2658.0,2641.0,2588.0,2661.0,2661.0,1849.0,792.0,1861.0,797.0
2.0,5262.0,2696.0,2642.0,2661.0,2699.0,2699.0,1850.0,792.0,1887.0,809.0
2.0,5227.0,2740.0,2645.0,2699.0,2749.0,2749.0,1852.0,793.0,1918.0,822.0
2.0,5186.0,2713.0,2647.0,2749.0,2719.0,2719.0,1853.0,794.0,1900.0,813.0
2.0,5222.0,2751.0,2649.0,2719.0,2757.0,2757.0,1855.0,794.0,1925.0,826.0
2.0,5190.0,2646.0,2649.0,2757.0,2646.0,2646.0,1855.0,794.0,1852.0,794.0
2.0,5301.0,2614.0,2647.0,2646.0,2608.0,2608.0,1853.0,794.0,1831.0,783.0
2.0,5333.0,2597.0,2647.0,2608.0,2597.0,2597.0,1853.0,794.0,1818.0,779.0
2.0,5344.0,2607.0,2645.0,2597.0,2601.0,2601.0,1852.0,793.0,1824.0,783.0
2.0,5334.0,2658.0,2645.0,2601.0,2658.0,2658.0,1852.0,793.0,1861.0,797.0
2.0,5277.0,2650.0,2647.0,2658.0,2656.0,2656.0,1853.0,794.0,1854.0,796.0
2.0,5285.0,2633.0,2648.0,2656.0,2636.0,2636.0,1854.0,794.0,1844.0,789.0
2.0,5308.0,2616.0,2647.0,2636.0,2613.0,2613.0,1853.0,794.0,1833.0,783.0
2.0,5328.0,2643.0,2645.0,2613.0,2637.0,2637.0,1852.0,793.0,1849.0,794.0
2.0,5298.0,2682.0,2645.0,2637.0,2682.0,2682.0,1852.0,793.0,1878.0,804.0
2.0,5253.0,2674.0,2647.0,2682.0,2680.0,2680.0,1853.0,794.0,1871.0,803.0
2.0,5261.0,2727.0,2650.0,2680.0,2736.0,2736.0,1855.0,795.0,1911.0,816.0
2.0,5214.0,2670.0,2651.0,2736.0,2673.0,2673.0,1856.0,795.0,1868.0,802.0
2.0,5280.0,2668.0,2653.0,2673.0,2674.0,2674.0,1857.0,796.0,1869.0,799.0
2.0,5285.0,2625.0,2653.0,2674.0,2625.0,2625.0,1857.0,796.0,1838.0,787.0
2.0,5334.0,2746.0,2655.0,2625.0,2752.0,2752.0,1859.0,796.0,1922.0,824.0
2.0,5213.0,2642.0,2655.0,2752.0,2642.0,2642.0,1859.0,796.0,1850.0,792.0
2.0,5323.0,2698.0,2657.0,2642.0,2704.0,2704.0,1860.0,797.0,1890.0,808.0
2.0,5267.0,2707.0,2658.0,2704.0,2710.0,2710.0,1861.0,797.0,1893.0,814.0
2.0,5264.0,2619.0,2658.0,2710.0,2619.0,2619.0,1861.0,797.0,1834.0,785.0
2.0,5355.0,2631.0,2658.0,2619.0,2631.0,2631.0,1861.0,797.0,1842.0,789.0
2.0,5343.0,2692.0,2658.0,2631.0,2692.0,2692.0,1861.0,797.0,1885.0,807.0
2.0,5282.0,2674.0,2658.0,2692.0,2674.0,2674.0,1861.0,797.0,1871.0,803.0
2.0,5300.0,2660.0,2658.0,2674.0,2660.0,2660.0,1861.0,797.0,1863.0,797.0
2.0,5314.0,2660.0,2658.0,2660.0,2660.0,2660.0,1861.0,797.0,1861.0,799.0
2.0,5314.0,2721.0,2660.0,2660.0,2727.0,2727.0,1862.0,798.0,1907.0,814.0
2.0,5253.0,2723.0,2661.0,2727.0,2726.0,2726.0,1863.0,798.0,1905.0,818.0
2.0,5257.0,2667.0,2662.0,2726.0,2670.0,2670.0,1864.0,798.0,1868.0,799.0
2.0,5316.0,2625.0,2661.0,2670.0,2622.0,2622.0,1863.0,798.0,1837.0,788.0
2.0,5361.0,2675.0,2661.0,2622.0,2675.0,2675.0,1863.0,798.0,1875.0,800.0
2.0,5308.0,2675.0,2661.0,2675.0,2675.0,2675.0,1863.0,798.0,1871.0,804.0
2.0,5308.0,2701.0,2662.0,2675.0,2704.0,2704.0,1864.0,798.0,1892.0,809.0
2.0,5282.0,2730.0,2665.0,2704.0,2739.0,2739.0,1866.0,799.0,1911.0,819.0
2.0,5256.0,2674.0,2667.0,2739.0,2680.0,2680.0,1867.0,800.0,1872.0,802.0
2.0,5321.0,2753.0,2668.0,2680.0,2756.0,2756.0,1868.0,800.0,1927.0,826.0
2.0,5248.0,2678.0,2668.0,2756.0,2678.0,2678.0,1868.0,800.0,1875.0,803.0
2.0,5326.0,2668.0,2668.0,2678.0,2668.0,2668.0,1868.0,800.0,1868.0,800.0
2.0,5336.0,2693.0,2668.0,2668.0,2693.0,2693.0,1868.0,800.0,1885.0,808.0
2.0,5311.0,2660.0,2667.0,2693.0,2657.0,2657.0,1867.0,800.0,1861.0,799.0
2.0,5344.0,2736.0,2670.0,2657.0,2745.0,2745.0,1869.0,801.0,1917.0,819.0
2.0,5265.0,2740.0,2671.0,2745.0,2743.0,2743.0,1870.0,801.0,1917.0,823.0
2.0,5270.0,2700.0,2673.0,2743.0,2706.0,2706.0,1871.0,802.0,1891.0,809.0
2.0,5313.0,2706.0,2674.0,2706.0,2709.0,2709.0,1872.0,802.0,1895.0,811.0
2.0,5313.0,2677.0,2674.0,2709.0,2677.0,2677.0,1872.0,802.0,1874.0,803.0
2.0,5345.0,2658.0,2674.0,2677.0,2658.0,2658.0,1872.0,802.0,1861.0,797.0
2.0,5364.0,2750.0,2677.0,2658.0,2759.0,2759.0,1874.0,803.0,1925.0,825.0
2.0,5272.0,2699.0,2678.0,2759.0,2702.0,2702.0,1875.0,803.0,1888.0,811.0
2.0,5332.0,2761.0,2681.0,2702.0,2770.0,2770.0,1877.0,804.0,1934.0,827.0
2.0,5273.0,2736.0,2681.0,2770.0,2736.0,2736.0,1877.0,804.0,1914.0,822.0
2.0,5307.0,2634.0,2680.0,2736.0,2631.0,2631.0,1876.0,804.0,1845.0,789.0
2.0,5409.0,2658.0,2678.0,2631.0,2652.0,2652.0,1875.0,803.0,1860.0,798.0
2.0,5382.0,2690.0,2677.0,2652.0,2687.0,2687.0,1874.0,803.0,1882.0,808.0
2.0,5344.0,2680.0,2678.0,2687.0,2683.0,2683.0,1875.0,803.0,1877.0,803.0
2.0,5351.0,2777.0,2681.0,2683.0,2786.0,2786.0,1877.0,804.0,1944.0,833.0
2.0,5257.0,2643.0,2682.0,2786.0,2646.0,2646.0,1878.0,804.0,1850.0,793.0
2.0,5400.0,2694.0,2684.0,2646.0,2700.0,2700.0,1879.0,805.0,1887.0,807.0
2.0,5352.0,2731.0,2685.0,2700.0,2734.0,2734.0,1880.0,805.0,1911.0,820.0
2.0,5321.0,2683.0,2686.0,2734.0,2686.0,2686.0,1880.0,806.0,1879.0,804.0
2.0,5372.0,2738.0,2688.0,2686.0,2744.0,2744.0,1882.0,806.0,1918.0,820.0
2.0,5320.0,2690.0,2690.0,2744.0,2696.0,2696.0,1883.0,807.0,1882.0,808.0
2.0,5374.0,2757.0,2691.0,2696.0,2760.0,2760.0,1884.0,807.0,1931.0,826.0
2.0,5313.0,2723.0,2692.0,2760.0,2726.0,2726.0,1885.0,807.0,1905.0,818.0
2.0,5350.0,2746.0,2694.0,2726.0,2752.0,2752.0,1886.0,808.0,1923.0,823.0
2.0,5330.0,2668.0,2693.0,2752.0,2665.0,2665.0,1885.0,808.0,1867.0,801.0
2.0,5414.0,2625.0,2691.0,2665.0,2619.0,2619.0,1884.0,807.0,1838.0,787.0
2.0,5454.0,2641.0,2691.0,2619.0,2641.0,2641.0,1884.0,807.0,1850.0,791.0
2.0,5432.0,2737.0,2694.0,2641.0,2746.0,2746.0,1886.0,808.0,1916.0,821.0
2.0,5336.0,2682.0,2692.0,2746.0,2676.0,2676.0,1885.0,807.0,1877.0,805.0
2.0,5400.0,2670.0,2693.0,2676.0,2673.0,2673.0,1885.0,808.0,1870.0,800.0
2.0,5406.0,2730.0,2693.0,2673.0,2730.0,2730.0,1885.0,808.0,1911.0,819.0
2.0,5349.0,2731.0,2694.0,2730.0,2734.0,2734.0,1886.0,808.0,1912.0,819.0
2.0,5348.0,2706.0,2695.0,2734.0,2709.0,2709.0,1887.0,808.0,1893.0,813.0
2.0,5376.0,2697.0,2697.0,2709.0,2703.0,2703.0,1888.0,809.0,1889.0,808.0
2.0,5388.0,2700.0,2697.0,2703.0,2700.0,2700.0,1888.0,809.0,1890.0,810.0
2.0,5391.0,2730.0,2698.0,2700.0,2733.0,2733.0,1889.0,809.0,1912.0,818.0
2.0,5361.0,2783.0,2700.0,2733.0,2789.0,2789.0,1890.0,810.0,1948.0,835.0
2.0,5311.0,2736.0,2701.0,2789.0,2739.0,2739.0,1891.0,810.0,1914.0,822.0
2.0,5364.0,2716.0,2701.0,2739.0,2716.0,2716.0,1891.0,810.0,1901.0,815.0
2.0,5387.0,2679.0,2701.0,2716.0,2679.0,2679.0,1891.0,810.0,1877.0,802.0
2.0,5424.0,2655.0,2701.0,2679.0,2655.0,2655.0,1891.0,810.0,1859.0,796.0
2.0,5448.0,2727.0,2703.0,2655.0,2733.0,2733.0,1892.0,811.0,1908.0,819.0
2.0,5376.0,2792.0,2704.0,2733.0,2795.0,2795.0,1893.0,811.0,1956.0,836.0
2.0,5317.0,2802.0,2707.0,2795.0,2811.0,2811.0,1895.0,812.0,1960.0,842.0
2.0,5310.0,2769.0,2708.0,2811.0,2772.0,2772.0,1896.0,812.0,1937.0,832.0
2.0,5352.0,2724.0,2708.0,2772.0,2724.0,2724.0,1896.0,812.0,1907.0,817.0
2.0,5400.0,2713.0,2709.0,2724.0,2716.0,2716.0,1896.0,813.0,1900.0,813.0
2.0,5411.0,2684.0,2708.0,2716.0,2681.0,2681.0,1896.0,812.0,1878.0,806.0
2.0,5443.0,2728.0,2708.0,2681.0,2728.0,2728.0,1896.0,812.0,1911.0,817.0
2.0,5396.0,2741.0,2710.0,2728.0,2747.0,2747.0,1897.0,813.0,1920.0,821.0
2.0,5383.0,2732.0,2711.0,2747.0,2735.0,2735.0,1898.0,813.0,1913.0,819.0
2.0,5398.0,2780.0,2713.0,2735.0,2786.0,2786.0,1899.0,814.0,1946.0,834.0
2.0,5353.0,2741.0,2713.0,2786.0,2741.0,2741.0,1899.0,814.0,1919.0,822.0
2.0,5398.0,2687.0,2713.0,2741.0,2687.0,2687.0,1899.0,814.0,1880.0,807.0
2.0,5452.0,2723.0,2713.0,2687.0,2723.0,2723.0,1899.0,814.0,1906.0,817.0
2.0,5416.0,2760.0,2714.0,2723.0,2763.0,2763.0,1900.0,814.0,1933.0,827.0
2.0,5379.0,2754.0,2715.0,2763.0,2757.0,2757.0,1901.0,814.0,1927.0,827.0
2.0,5388.0,2753.0,2717.0,2757.0,2759.0,2759.0,1902.0,815.0,1928.0,825.0
2.0,5392.0,2692.0,2716.0,2759.0,2689.0,2689.0,1901.0,815.0,1885.0,807.0
2.0,5459.0,2724.0,2717.0,2689.0,2727.0,2727.0,1902.0,815.0,1907.0,817.0
2.0,5424.0,2669.0,2714.0,2727.0,2660.0,2660.0,1900.0,814.0,1868.0,801.0
2.0,5482.0,2670.0,2714.0,2660.0,2670.0,2670.0,1900.0,814.0,1870.0,800.0
2.0,5472.0,2767.0,2716.0,2670.0,2773.0,2773.0,1901.0,815.0,1937.0,830.0
2.0,5375.0,2756.0,2718.0,2773.0,2762.0,2762.0,1903.0,815.0,1930.0,826.0
2.0,5392.0,2740.0,2718.0,2762.0,2740.0,2740.0,1903.0,815.0,1917.0,823.0
2.0,5414.0,2726.0,2720.0,2740.0,2732.0,2732.0,1904.0,816.0,1908.0,818.0
2.0,5428.0,2716.0,2718.0,2732.0,2710.0,2710.0,1903.0,815.0,1901.0,815.0
2.0,5444.0,2667.0,2719.0,2710.0,2670.0,2670.0,1903.0,816.0,1867.0,800.0
2.0,5487.0,2663.0,2718.0,2670.0,2660.0,2660.0,1903.0,815.0,1864.0,799.0
2.0,5494.0,2764.0,2719.0,2660.0,2767.0,2767.0,1903.0,816.0,1935.0,829.0
2.0,5390.0,2807.0,2721.0,2767.0,2813.0,2813.0,1905.0,816.0,1965.0,842.0
2.0,5350.0,2757.0,2721.0,2813.0,2757.0,2757.0,1905.0,816.0,1930.0,827.0
2.0,5406.0,2754.0,2723.0,2757.0,2760.0,2760.0,1906.0,817.0,1929.0,825.0
2.0,5409.0,2761.0,2723.0,2760.0,2761.0,2761.0,1906.0,817.0,1933.0,828.0
2.0,5408.0,2704.0,2723.0,2761.0,2704.0,2704.0,1906.0,817.0,1893.0,811.0
2.0,5465.0,2728.0,2723.0,2704.0,2728.0,2728.0,1906.0,817.0,1910.0,818.0
2.0,5441.0,2734.0,2724.0,2728.0,2737.0,2737.0,1907.0,817.0,1914.0,820.0
2.0,5435.0,2829.0,2727.0,2737.0,2838.0,2838.0,1909.0,818.0,1981.0,848.0
2.0,5343.0,2809.0,2731.0,2838.0,2821.0,2821.0,1912.0,819.0,1966.0,843.0
2.0,5372.0,2751.0,2731.0,2821.0,2751.0,2751.0,1912.0,819.0,1926.0,825.0
2.0,5442.0,2750.0,2733.0,2751.0,2756.0,2756.0,1913.0,820.0,1924.0,826.0
2.0,5443.0,2701.0,2733.0,2756.0,2701.0,2701.0,1913.0,820.0,1892.0,809.0
2.0,5498.0,2758.0,2734.0,2701.0,2761.0,2761.0,1914.0,820.0,1931.0,827.0
2.0,5441.0,2675.0,2733.0,2761.0,2672.0,2672.0,1913.0,820.0,1872.0,803.0
2.0,5527.0,2778.0,2734.0,2672.0,2781.0,2781.0,1914.0,820.0,1946.0,832.0
2.0,5421.0,2777.0,2735.0,2781.0,2780.0,2780.0,1915.0,820.0,1943.0,834.0
2.0,5425.0,2823.0,2738.0,2780.0,2832.0,2832.0,1917.0,821.0,1978.0,845.0
2.0,5382.0,2726.0,2737.0,2832.0,2723.0,2723.0,1916.0,821.0,1908.0,818.0
2.0,5488.0,2710.0,2737.0,2723.0,2710.0,2710.0,1916.0,821.0,1896.0,814.0
2.0,5501.0,2660.0,2734.0,2710.0,2651.0,2651.0,1914.0,820.0,1861.0,799.0
2.0,5551.0,2764.0,2735.0,2651.0,2767.0,2767.0,1915.0,820.0,1936.0,828.0
2.0,5438.0,2817.0,2738.0,2767.0,2826.0,2826.0,1917.0,821.0,1971.0,846.0
2.0,5388.0,2767.0,2740.0,2826.0,2773.0,2773.0,1918.0,822.0,1939.0,828.0
2.0,5447.0,2789.0,2741.0,2773.0,2792.0,2792.0,1919.0,822.0,1951.0,838.0
2.0,5431.0,2659.0,2740.0,2792.0,2656.0,2656.0,1918.0,822.0,1862.0,797.0
2.0,5564.0,2691.0,2737.0,2656.0,2682.0,2682.0,1916.0,821.0,1885.0,806.0
2.0,5529.0,2695.0,2735.0,2682.0,2689.0,2689.0,1915.0,820.0,1886.0,809.0
2.0,5516.0,2700.0,2735.0,2689.0,2700.0,2700.0,1915.0,820.0,1890.0,810.0
2.0,5505.0,2760.0,2736.0,2700.0,2763.0,2763.0,1915.0,821.0,1932.0,828.0
2.0,5445.0,2761.0,2737.0,2763.0,2764.0,2764.0,1916.0,821.0,1932.0,829.0
2.0,5447.0,2768.0,2738.0,2764.0,2771.0,2771.0,1917.0,821.0,1939.0,829.0
2.0,5443.0,2785.0,2740.0,2771.0,2791.0,2791.0,1918.0,822.0,1950.0,835.0
2.0,5429.0,2730.0,2740.0,2791.0,2730.0,2730.0,1918.0,822.0,1911.0,819.0
2.0,5490.0,2766.0,2738.0,2730.0,2760.0,2760.0,1917.0,821.0,1936.0,830.0
2.0,5454.0,2798.0,2740.0,2760.0,2804.0,2804.0,1918.0,822.0,1960.0,838.0
2.0,5416.0,2840.0,2743.0,2804.0,2849.0,2849.0,1920.0,823.0,1988.0,852.0
2.0,5380.0,2773.0,2744.0,2849.0,2776.0,2776.0,1921.0,823.0,1942.0,831.0
2.0,5456.0,2864.0,2746.0,2776.0,2870.0,2870.0,1922.0,824.0,2004.0,860.0
2.0,5368.0,2813.0,2747.0,2870.0,2816.0,2816.0,1923.0,824.0,1970.0,843.0
2.0,5425.0,2741.0,2747.0,2816.0,2741.0,2741.0,1923.0,824.0,1919.0,822.0
2.0,5500.0,2743.0,2748.0,2741.0,2746.0,2746.0,1924.0,824.0,1918.0,825.0
2.0,5498.0,2731.0,2748.0,2746.0,2731.0,2731.0,1924.0,824.0,1912.0,819.0
2.0,5513.0,2882.0,2751.0,2731.0,2891.0,2891.0,1926.0,825.0,2018.0,864.0
2.0,5362.0,2874.0,2756.0,2891.0,2889.0,2889.0,1929.0,827.0,2013.0,861.0
2.0,5379.0,2731.0,2755.0,2889.0,2728.0,2728.0,1929.0,826.0,1911.0,820.0
2.0,5537.0,2765.0,2755.0,2728.0,2765.0,2765.0,1929.0,826.0,1936.0,829.0
2.0,5500.0,2783.0,2756.0,2765.0,2786.0,2786.0,1929.0,827.0,1949.0,834.0
2.0,5482.0,2710.0,2756.0,2786.0,2710.0,2710.0,1929.0,827.0,1897.0,813.0
2.0,5558.0,2723.0,2756.0,2710.0,2723.0,2723.0,1929.0,827.0,1906.0,817.0
2.0,5545.0,2783.0,2758.0,2723.0,2789.0,2789.0,1931.0,827.0,1947.0,836.0
2.0,5485.0,2816.0,2761.0,2789.0,2825.0,2825.0,1933.0,828.0,1973.0,843.0
2.0,5458.0,2811.0,2762.0,2825.0,2814.0,2814.0,1934.0,828.0,1967.0,844.0
2.0,5472.0,2798.0,2762.0,2814.0,2798.0,2798.0,1934.0,828.0,1959.0,839.0
2.0,5488.0,2787.0,2763.0,2798.0,2790.0,2790.0,1934.0,829.0,1951.0,836.0
2.0,5499.0,2751.0,2763.0,2790.0,2751.0,2751.0,1934.0,829.0,1926.0,825.0
2.0,5538.0,2770.0,2763.0,2751.0,2770.0,2770.0,1934.0,829.0,1939.0,831.0
2.0,5519.0,2822.0,2765.0,2770.0,2828.0,2828.0,1936.0,829.0,1975.0,847.0
2.0,5467.0,2850.0,2767.0,2828.0,2856.0,2856.0,1937.0,830.0,1996.0,854.0
2.0,5445.0,2846.0,2770.0,2856.0,2855.0,2855.0,1939.0,831.0,1992.0,854.0
2.0,5455.0,2712.0,2767.0,2855.0,2703.0,2703.0,1937.0,830.0,1900.0,812.0
2.0,5598.0,2728.0,2765.0,2703.0,2722.0,2722.0,1936.0,829.0,1909.0,819.0
2.0,5573.0,2777.0,2766.0,2722.0,2780.0,2780.0,1936.0,830.0,1944.0,833.0
2.0,5518.0,2745.0,2766.0,2780.0,2745.0,2745.0,1936.0,830.0,1922.0,823.0
2.0,5553.0,2840.0,2768.0,2745.0,2846.0,2846.0,1938.0,830.0,1988.0,852.0
2.0,5458.0,2797.0,2770.0,2846.0,2803.0,2803.0,1939.0,831.0,1958.0,839.0
2.0,5507.0,2780.0,2771.0,2803.0,2783.0,2783.0,1940.0,831.0,1946.0,834.0
2.0,5530.0,2797.0,2771.0,2783.0,2797.0,2797.0,1940.0,831.0,1958.0,839.0
2.0,5516.0,2750.0,2771.0,2797.0,2750.0,2750.0,1940.0,831.0,1925.0,825.0
2.0,5563.0,2728.0,2770.0,2750.0,2725.0,2725.0,1939.0,831.0,1910.0,818.0
2.0,5585.0,2751.0,2770.0,2725.0,2751.0,2751.0,1939.0,831.0,1927.0,824.0
2.0,5559.0,2860.0,2773.0,2751.0,2869.0,2869.0,1941.0,832.0,2002.0,858.0
2.0,5450.0,2781.0,2775.0,2869.0,2787.0,2787.0,1943.0,832.0,1946.0,835.0
2.0,5538.0,2843.0,2777.0,2787.0,2849.0,2849.0,1944.0,833.0,1991.0,852.0
2.0,5482.0,2788.0,2776.0,2849.0,2785.0,2785.0,1943.0,833.0,1952.0,836.0
2.0,5543.0,2761.0,2776.0,2785.0,2761.0,2761.0,1943.0,833.0,1933.0,828.0
2.0,5567.0,2761.0,2775.0,2761.0,2758.0,2758.0,1943.0,832.0,1933.0,828.0
2.0,5567.0,2767.0,2777.0,2758.0,2773.0,2773.0,1944.0,833.0,1938.0,829.0
2.0,5558.0,2780.0,2780.0,2773.0,2789.0,2789.0,1946.0,834.0,1945.0,835.0
2.0,5551.0,2784.0,2781.0,2789.0,2787.0,2787.0,1947.0,834.0,1950.0,834.0
2.0,5556.0,2847.0,2784.0,2787.0,2856.0,2856.0,1949.0,835.0,1993.0,854.0
2.0,5496.0,2836.0,2785.0,2856.0,2839.0,2839.0,1950.0,835.0,1986.0,850.0
2.0,5516.0,2824.0,2787.0,2839.0,2830.0,2830.0,1951.0,836.0,1976.0,848.0
2.0,5531.0,2771.0,2787.0,2830.0,2771.0,2771.0,1951.0,836.0,1940.0,831.0
2.0,5590.0,2775.0,2787.0,2771.0,2775.0,2775.0,1951.0,836.0,1943.0,832.0
2.0,5586.0,2856.0,2788.0,2775.0,2859.0,2859.0,1952.0,836.0,1998.0,858.0
2.0,5505.0,2838.0,2790.0,2859.0,2844.0,2844.0,1953.0,837.0,1988.0,850.0
2.0,5526.0,2786.0,2790.0,2844.0,2786.0,2786.0,1953.0,837.0,1950.0,836.0
2.0,5584.0,2798.0,2788.0,2786.0,2792.0,2792.0,1952.0,836.0,1959.0,839.0
2.0,5572.0,2735.0,2788.0,2792.0,2735.0,2735.0,1952.0,836.0,1914.0,821.0
2.0,5629.0,2767.0,2787.0,2735.0,2764.0,2764.0,1951.0,836.0,1938.0,829.0
2.0,5597.0,2824.0,2787.0,2764.0,2824.0,2824.0,1951.0,836.0,1977.0,847.0
2.0,5537.0,2837.0,2788.0,2824.0,2840.0,2840.0,1952.0,836.0,1985.0,852.0
2.0,5524.0,2823.0,2790.0,2840.0,2829.0,2829.0,1953.0,837.0,1978.0,845.0
2.0,5541.0,2802.0,2791.0,2829.0,2805.0,2805.0,1954.0,837.0,1962.0,840.0
2.0,5568.0,2867.0,2791.0,2805.0,2867.0,2867.0,1954.0,837.0,2007.0,860.0
2.0,5506.0,2833.0,2790.0,2867.0,2830.0,2830.0,1953.0,837.0,1983.0,850.0
2.0,5540.0,2738.0,2791.0,2830.0,2741.0,2741.0,1954.0,837.0,1917.0,821.0
2.0,5632.0,2755.0,2790.0,2741.0,2752.0,2752.0,1953.0,837.0,1929.0,826.0
2.0,5618.0,2824.0,2791.0,2752.0,2827.0,2827.0,1954.0,837.0,1978.0,846.0
2.0,5546.0,2899.0,2794.0,2827.0,2908.0,2908.0,1956.0,838.0,2027.0,872.0
2.0,5474.0,2841.0,2797.0,2908.0,2850.0,2850.0,1958.0,839.0,1990.0,851.0
2.0,5541.0,2831.0,2798.0,2850.0,2834.0,2834.0,1959.0,839.0,1983.0,848.0
2.0,5560.0,2804.0,2798.0,2834.0,2804.0,2804.0,1959.0,839.0,1963.0,841.0
2.0,5590.0,2717.0,2795.0,2804.0,2708.0,2708.0,1957.0,838.0,1901.0,816.0
2.0,5677.0,2816.0,2797.0,2708.0,2822.0,2822.0,1958.0,839.0,1971.0,845.0
2.0,5569.0,2865.0,2798.0,2822.0,2868.0,2868.0,1959.0,839.0,2007.0,858.0
2.0,5526.0,2853.0,2800.0,2868.0,2859.0,2859.0,1960.0,840.0,1996.0,857.0
2.0,5541.0,2800.0,2800.0,2859.0,2800.0,2800.0,1960.0,840.0,1961.0,839.0
2.0,5600.0,2842.0,2801.0,2800.0,2845.0,2845.0,1961.0,840.0,1990.0,852.0
2.0,5558.0,2728.0,2798.0,2845.0,2719.0,2719.0,1959.0,839.0,1909.0,819.0
2.0,5675.0,2724.0,2796.0,2719.0,2718.0,2718.0,1957.0,839.0,1907.0,817.0
2.0,5670.0,2840.0,2798.0,2718.0,2846.0,2846.0,1959.0,839.0,1988.0,852.0
2.0,5548.0,2841.0,2801.0,2846.0,2850.0,2850.0,1961.0,840.0,1990.0,851.0
2.0,5553.0,2827.0,2801.0,2850.0,2827.0,2827.0,1961.0,840.0,1978.0,849.0
2.0,5576.0,2794.0,2802.0,2827.0,2797.0,2797.0,1962.0,840.0,1956.0,838.0
2.0,5609.0,2791.0,2801.0,2797.0,2788.0,2788.0,1961.0,840.0,1954.0,837.0
2.0,5615.0,2735.0,2800.0,2788.0,2732.0,2732.0,1960.0,840.0,1916.0,819.0
2.0,5668.0,2819.0,2801.0,2732.0,2822.0,2822.0,1961.0,840.0,1972.0,847.0
2.0,5581.0,2810.0,2801.0,2822.0,2810.0,2810.0,1961.0,840.0,1967.0,843.0
2.0,5593.0,2784.0,2802.0,2810.0,2787.0,2787.0,1962.0,840.0,1949.0,835.0
2.0,5619.0,2902.0,2805.0,2787.0,2911.0,2911.0,1964.0,841.0,2031.0,871.0
2.0,5504.0,2839.0,2807.0,2911.0,2845.0,2845.0,1965.0,842.0,1989.0,850.0
2.0,5576.0,2770.0,2805.0,2845.0,2764.0,2764.0,1964.0,841.0,1938.0,832.0
2.0,5651.0,2786.0,2805.0,2764.0,2786.0,2786.0,1964.0,841.0,1950.0,836.0
2.0,5629.0,2759.0,2804.0,2786.0,2756.0,2756.0,1963.0,841.0,1933.0,826.0
2.0,5656.0,2774.0,2804.0,2756.0,2774.0,2774.0,1963.0,841.0,1942.0,832.0
2.0,5638.0,2870.0,2805.0,2774.0,2873.0,2873.0,1964.0,841.0,2008.0,862.0
2.0,5542.0,2893.0,2808.0,2873.0,2902.0,2902.0,1966.0,842.0,2025.0,868.0
2.0,5522.0,2814.0,2809.0,2902.0,2817.0,2817.0,1966.0,843.0,1970.0,844.0
2.0,5610.0,2850.0,2810.0,2817.0,2853.0,2853.0,1967.0,843.0,1996.0,854.0
2.0,5577.0,2826.0,2811.0,2853.0,2829.0,2829.0,1968.0,843.0,1977.0,849.0
2.0,5604.0,2804.0,2810.0,2829.0,2801.0,2801.0,1967.0,843.0,1964.0,840.0
2.0,5629.0,2827.0,2810.0,2801.0,2827.0,2827.0,1967.0,843.0,1979.0,848.0
2.0,5603.0,2944.0,2813.0,2827.0,2953.0,2953.0,1969.0,844.0,2061.0,883.0
2.0,5486.0,2834.0,2814.0,2953.0,2837.0,2837.0,1970.0,844.0,1985.0,849.0
2.0,5605.0,2874.0,2815.0,2837.0,2877.0,2877.0,1971.0,844.0,2011.0,863.0
2.0,5568.0,2808.0,2814.0,2877.0,2805.0,2805.0,1970.0,844.0,1965.0,843.0
2.0,5637.0,2894.0,2816.0,2805.0,2900.0,2900.0,1971.0,845.0,2027.0,867.0
2.0,5548.0,2827.0,2817.0,2900.0,2830.0,2830.0,1972.0,845.0,1980.0,847.0
2.0,5621.0,2890.0,2818.0,2830.0,2893.0,2893.0,1973.0,845.0,2022.0,868.0
2.0,5561.0,2874.0,2821.0,2893.0,2883.0,2883.0,1975.0,846.0,2012.0,862.0
2.0,5580.0,2841.0,2823.0,2883.0,2847.0,2847.0,1976.0,847.0,1989.0,852.0
2.0,5622.0,2881.0,2824.0,2847.0,2884.0,2884.0,1977.0,847.0,2018.0,863.0
2.0,5588.0,2800.0,2823.0,2884.0,2797.0,2797.0,1976.0,847.0,1960.0,840.0
2.0,5672.0,2858.0,2824.0,2797.0,2861.0,2861.0,1977.0,847.0,2001.0,857.0
2.0,5611.0,2824.0,2824.0,2861.0,2824.0,2824.0,1977.0,847.0,1978.0,846.0
2.0,5648.0,2817.0,2823.0,2824.0,2814.0,2814.0,1976.0,847.0,1971.0,846.0
2.0,5655.0,2857.0,2824.0,2814.0,2860.0,2860.0,1977.0,847.0,2000.0,857.0
2.0,5612.0,2879.0,2826.0,2860.0,2885.0,2885.0,1978.0,848.0,2015.0,864.0
2.0,5593.0,2828.0,2827.0,2885.0,2831.0,2831.0,1979.0,848.0,1981.0,847.0
2.0,5650.0,2780.0,2827.0,2831.0,2780.0,2780.0,1979.0,848.0,1945.0,835.0
2.0,5701.0,2824.0,2825.0,2780.0,2818.0,2818.0,1978.0,847.0,1977.0,847.0
2.0,5657.0,2808.0,2824.0,2818.0,2805.0,2805.0,1977.0,847.0,1965.0,843.0
2.0,5667.0,2883.0,2826.0,2805.0,2889.0,2889.0,1978.0,848.0,2019.0,864.0
2.0,5589.0,2838.0,2827.0,2889.0,2841.0,2841.0,1979.0,848.0,1987.0,851.0
2.0,5640.0,2820.0,2828.0,2841.0,2823.0,2823.0,1980.0,848.0,1974.0,846.0
2.0,5661.0,2896.0,2830.0,2823.0,2902.0,2902.0,1981.0,849.0,2028.0,868.0
2.0,5588.0,2848.0,2830.0,2902.0,2848.0,2848.0,1981.0,849.0,1993.0,855.0
2.0,5642.0,2856.0,2830.0,2848.0,2856.0,2856.0,1981.0,849.0,2000.0,856.0
2.0,5634.0,2837.0,2830.0,2856.0,2837.0,2837.0,1981.0,849.0,1986.0,851.0
2.0,5653.0,2805.0,2830.0,2837.0,2805.0,2805.0,1981.0,849.0,1964.0,841.0
2.0,5685.0,2945.0,2834.0,2805.0,2957.0,2957.0,1984.0,850.0,2061.0,884.0
2.0,5545.0,2864.0,2837.0,2957.0,2873.0,2873.0,1986.0,851.0,2005.0,859.0
2.0,5638.0,2876.0,2837.0,2873.0,2876.0,2876.0,1986.0,851.0,2014.0,862.0
2.0,5635.0,2831.0,2837.0,2876.0,2831.0,2831.0,1986.0,851.0,1981.0,850.0
2.0,5680.0,2883.0,2838.0,2831.0,2886.0,2886.0,1987.0,851.0,2017.0,866.0
2.0,5628.0,2860.0,2840.0,2886.0,2866.0,2866.0,1988.0,852.0,2003.0,857.0
2.0,5654.0,2854.0,2840.0,2866.0,2854.0,2854.0,1988.0,852.0,1999.0,855.0
2.0,5666.0,2884.0,2843.0,2854.0,2893.0,2893.0,1990.0,853.0,2019.0,865.0
2.0,5636.0,2930.0,2845.0,2893.0,2936.0,2936.0,1992.0,853.0,2050.0,880.0
2.0,5599.0,2867.0,2847.0,2936.0,2873.0,2873.0,1993.0,854.0,2008.0,859.0
2.0,5668.0,2830.0,2847.0,2873.0,2830.0,2830.0,1993.0,854.0,1982.0,848.0
2.0,5711.0,2798.0,2845.0,2830.0,2792.0,2792.0,1992.0,853.0,1957.0,841.0
2.0,5743.0,2856.0,2846.0,2792.0,2859.0,2859.0,1992.0,854.0,2000.0,856.0
2.0,5679.0,2827.0,2847.0,2859.0,2830.0,2830.0,1993.0,854.0,1979.0,848.0
2.0,5711.0,2876.0,2848.0,2830.0,2879.0,2879.0,1994.0,854.0,2012.0,864.0
2.0,5665.0,2883.0,2851.0,2879.0,2892.0,2892.0,1996.0,855.0,2020.0,863.0
2.0,5661.0,2883.0,2853.0,2892.0,2889.0,2889.0,1997.0,856.0,2017.0,866.0
2.0,5670.0,2834.0,2853.0,2889.0,2834.0,2834.0,1997.0,856.0,1984.0,850.0
2.0,5725.0,2797.0,2851.0,2834.0,2791.0,2791.0,1996.0,855.0,1959.0,838.0
2.0,5762.0,2855.0,2851.0,2791.0,2855.0,2855.0,1996.0,855.0,1999.0,856.0
2.0,5698.0,2879.0,2851.0,2855.0,2879.0,2879.0,1996.0,855.0,2014.0,865.0
2.0,5674.0,2890.0,2853.0,2879.0,2896.0,2896.0,1997.0,856.0,2024.0,866.0
2.0,5663.0,2851.0,2854.0,2896.0,2854.0,2854.0,1998.0,856.0,1996.0,855.0
2.0,5708.0,2917.0,2856.0,2854.0,2923.0,2923.0,1999.0,857.0,2041.0,876.0
2.0,5645.0,2888.0,2854.0,2923.0,2882.0,2882.0,1998.0,856.0,2024.0,864.0
2.0,5680.0,2884.0,2856.0,2882.0,2890.0,2890.0,1999.0,857.0,2017.0,867.0
2.0,5678.0,2920.0,2857.0,2890.0,2923.0,2923.0,2000.0,857.0,2045.0,875.0
2.0,5648.0,2880.0,2858.0,2923.0,2883.0,2883.0,2001.0,857.0,2017.0,863.0
2.0,5691.0,2890.0,2858.0,2883.0,2890.0,2890.0,2001.0,857.0,2023.0,867.0
2.0,5684.0,2944.0,2860.0,2890.0,2950.0,2950.0,2002.0,858.0,2060.0,884.0
2.0,5630.0,2881.0,2860.0,2950.0,2881.0,2881.0,2002.0,858.0,2017.0,864.0
2.0,5699.0,2897.0,2860.0,2881.0,2897.0,2897.0,2002.0,858.0,2029.0,868.0
2.0,5683.0,2789.0,2860.0,2897.0,2789.0,2789.0,2002.0,858.0,1952.0,837.0
2.0,5791.0,2888.0,2860.0,2789.0,2888.0,2888.0,2002.0,858.0,2022.0,866.0
2.0,5692.0,2868.0,2861.0,2888.0,2871.0,2871.0,2003.0,858.0,2009.0,859.0
2.0,5712.0,2870.0,2861.0,2871.0,2870.0,2870.0,2003.0,858.0,2009.0,861.0
2.0,5713.0,2893.0,2863.0,2870.0,2899.0,2899.0,2004.0,859.0,2024.0,869.0
2.0,5690.0,2859.0,2863.0,2899.0,2859.0,2859.0,2004.0,859.0,2002.0,857.0
2.0,5730.0,2850.0,2863.0,2859.0,2850.0,2850.0,2004.0,859.0,1995.0,855.0
2.0,5739.0,2831.0,2862.0,2850.0,2828.0,2828.0,2004.0,858.0,1981.0,850.0
2.0,5758.0,2831.0,2862.0,2828.0,2831.0,2831.0,2004.0,858.0,1982.0,849.0
2.0,5755.0,2873.0,2864.0,2831.0,2879.0,2879.0,2005.0,859.0,2012.0,861.0
2.0,5713.0,2848.0,2864.0,2879.0,2848.0,2848.0,2005.0,859.0,1995.0,853.0
2.0,5744.0,2919.0,2867.0,2848.0,2928.0,2928.0,2007.0,860.0,2042.0,877.0
2.0,5673.0,2910.0,2867.0,2928.0,2910.0,2910.0,2007.0,860.0,2037.0,873.0
2.0,5691.0,2863.0,2867.0,2910.0,2863.0,2863.0,2007.0,860.0,2005.0,858.0
2.0,5738.0,2820.0,2867.0,2863.0,2820.0,2820.0,2007.0,860.0,1974.0,846.0
2.0,5781.0,2850.0,2867.0,2820.0,2850.0,2850.0,2007.0,860.0,1994.0,856.0
2.0,5751.0,2808.0,2866.0,2850.0,2805.0,2805.0,2006.0,860.0,1966.0,842.0
2.0,5793.0,2925.0,2867.0,2805.0,2928.0,2928.0,2007.0,860.0,2049.0,876.0
2.0,5673.0,2943.0,2870.0,2928.0,2952.0,2952.0,2009.0,861.0,2059.0,884.0
2.0,5658.0,2851.0,2870.0,2952.0,2851.0,2851.0,2009.0,861.0,1997.0,854.0
2.0,5759.0,2898.0,2870.0,2851.0,2898.0,2898.0,2009.0,861.0,2028.0,870.0
2.0,5712.0,2823.0,2868.0,2898.0,2817.0,2817.0,2008.0,860.0,1976.0,847.0
2.0,5787.0,2844.0,2868.0,2817.0,2844.0,2844.0,2008.0,860.0,1990.0,854.0
2.0,5760.0,2921.0,2870.0,2844.0,2927.0,2927.0,2009.0,861.0,2046.0,875.0
2.0,5683.0,2911.0,2870.0,2927.0,2911.0,2911.0,2009.0,861.0,2039.0,872.0
2.0,5699.0,2922.0,2871.0,2911.0,2925.0,2925.0,2010.0,861.0,2044.0,878.0
2.0,5688.0,2930.0,2873.0,2925.0,2936.0,2936.0,2011.0,862.0,2052.0,878.0
2.0,5683.0,2845.0,2871.0,2936.0,2839.0,2839.0,2010.0,861.0,1991.0,854.0
2.0,5774.0,2897.0,2871.0,2839.0,2897.0,2897.0,2010.0,861.0,2028.0,869.0
2.0,5716.0,2825.0,2870.0,2897.0,2822.0,2822.0,2009.0,861.0,1977.0,848.0
2.0,5788.0,2914.0,2872.0,2822.0,2920.0,2920.0,2011.0,861.0,2042.0,872.0
2.0,5696.0,2890.0,2874.0,2920.0,2896.0,2896.0,2012.0,862.0,2024.0,866.0
2.0,5726.0,2944.0,2875.0,2896.0,2947.0,2947.0,2013.0,862.0,2060.0,884.0
2.0,5678.0,2868.0,2877.0,2947.0,2874.0,2874.0,2014.0,863.0,2008.0,860.0
2.0,5757.0,2903.0,2877.0,2874.0,2903.0,2903.0,2014.0,863.0,2033.0,870.0
2.0,5728.0,2858.0,2877.0,2903.0,2858.0,2858.0,2014.0,863.0,2001.0,857.0
2.0,5773.0,2878.0,2877.0,2858.0,2878.0,2878.0,2014.0,863.0,2015.0,863.0
2.0,5753.0,2894.0,2877.0,2878.0,2894.0,2894.0,2014.0,863.0,2024.0,870.0
2.0,5737.0,2941.0,2880.0,2894.0,2950.0,2950.0,2016.0,864.0,2061.0,880.0
2.0,5690.0,2898.0,2881.0,2950.0,2901.0,2901.0,2017.0,864.0,2028.0,870.0
2.0,5742.0,2900.0,2881.0,2901.0,2900.0,2900.0,2017.0,864.0,2030.0,870.0
2.0,5743.0,2857.0,2881.0,2900.0,2857.0,2857.0,2017.0,864.0,2000.0,857.0
2.0,5786.0,2835.0,2881.0,2857.0,2835.0,2835.0,2017.0,864.0,1986.0,849.0
2.0,5808.0,2824.0,2878.0,2835.0,2815.0,2815.0,2015.0,863.0,1976.0,848.0
2.0,5819.0,2918.0,2880.0,2815.0,2924.0,2924.0,2016.0,864.0,2044.0,874.0
2.0,5716.0,2924.0,2880.0,2924.0,2924.0,2924.0,2016.0,864.0,2047.0,877.0
2.0,5716.0,2903.0,2880.0,2924.0,2903.0,2903.0,2016.0,864.0,2032.0,871.0
2.0,5737.0,2931.0,2881.0,2903.0,2934.0,2934.0,2017.0,864.0,2051.0,880.0
2.0,5709.0,2888.0,2881.0,2934.0,2888.0,2888.0,2017.0,864.0,2022.0,866.0
2.0,5755.0,2878.0,2880.0,2888.0,2875.0,2875.0,2016.0,864.0,2016.0,862.0
2.0,5765.0,2840.0,2878.0,2875.0,2834.0,2834.0,2015.0,863.0,1987.0,853.0
2.0,5800.0,2957.0,2880.0,2834.0,2963.0,2963.0,2016.0,864.0,2071.0,886.0
2.0,5677.0,2923.0,2882.0,2963.0,2929.0,2929.0,2018.0,864.0,2046.0,877.0
2.0,5717.0,2924.0,2883.0,2929.0,2927.0,2927.0,2018.0,865.0,2047.0,877.0
2.0,5722.0,2960.0,2885.0,2927.0,2966.0,2966.0,2020.0,865.0,2072.0,888.0
2.0,5689.0,2927.0,2886.0,2966.0,2930.0,2930.0,2020.0,866.0,2049.0,878.0
2.0,5728.0,2850.0,2885.0,2930.0,2847.0,2847.0,2020.0,865.0,1995.0,855.0
2.0,5808.0,2902.0,2886.0,2847.0,2905.0,2905.0,2020.0,866.0,2032.0,870.0
2.0,5753.0,2878.0,2887.0,2905.0,2881.0,2881.0,2021.0,866.0,2016.0,862.0
2.0,5780.0,2967.0,2889.0,2881.0,2973.0,2973.0,2023.0,866.0,2076.0,891.0
2.0,5694.0,2963.0,2891.0,2973.0,2969.0,2969.0,2024.0,867.0,2074.0,889.0
2.0,5704.0,2923.0,2893.0,2969.0,2929.0,2929.0,2025.0,868.0,2047.0,876.0
2.0,5750.0,2863.0,2893.0,2929.0,2863.0,2863.0,2025.0,868.0,2004.0,859.0
2.0,5816.0,2845.0,2891.0,2863.0,2839.0,2839.0,2024.0,867.0,1991.0,854.0
2.0,5834.0,2865.0,2891.0,2839.0,2865.0,2865.0,2024.0,867.0,2008.0,857.0
2.0,5808.0,2910.0,2891.0,2865.0,2910.0,2910.0,2024.0,867.0,2035.0,875.0
2.0,5763.0,2891.0,2893.0,2910.0,2897.0,2897.0,2025.0,868.0,2025.0,866.0
2.0,5782.0,2977.0,2895.0,2897.0,2983.0,2983.0,2027.0,868.0,2084.0,893.0
2.0,5702.0,2936.0,2898.0,2983.0,2945.0,2945.0,2029.0,869.0,2054.0,882.0
2.0,5749.0,2883.0,2897.0,2945.0,2880.0,2880.0,2028.0,869.0,2020.0,863.0
2.0,5811.0,2907.0,2897.0,2880.0,2907.0,2907.0,2028.0,869.0,2034.0,873.0
2.0,5784.0,2916.0,2897.0,2907.0,2916.0,2916.0,2028.0,869.0,2040.0,876.0
2.0,5775.0,2924.0,2898.0,2916.0,2927.0,2927.0,2029.0,869.0,2048.0,876.0
2.0,5767.0,2953.0,2901.0,2927.0,2962.0,2962.0,2031.0,870.0,2068.0,885.0
2.0,5741.0,2927.0,2902.0,2962.0,2930.0,2930.0,2032.0,870.0,2048.0,879.0
2.0,5776.0,2841.0,2901.0,2930.0,2838.0,2838.0,2031.0,870.0,1990.0,851.0
2.0,5865.0,2871.0,2900.0,2838.0,2868.0,2868.0,2030.0,870.0,2010.0,861.0
2.0,5832.0,2868.0,2898.0,2868.0,2862.0,2862.0,2029.0,869.0,2007.0,861.0
2.0,5832.0,2907.0,2898.0,2862.0,2907.0,2907.0,2029.0,869.0,2035.0,872.0
2.0,5787.0,2955.0,2901.0,2907.0,2964.0,2964.0,2031.0,870.0,2070.0,885.0
2.0,5739.0,2923.0,2901.0,2964.0,2923.0,2923.0,2031.0,870.0,2045.0,878.0
2.0,5780.0,3036.0,2905.0,2923.0,3048.0,3048.0,2034.0,871.0,2125.0,911.0
2.0,5667.0,2981.0,2907.0,3048.0,2987.0,2987.0,2035.0,872.0,2088.0,893.0
2.0,5734.0,2888.0,2907.0,2987.0,2888.0,2888.0,2035.0,872.0,2022.0,866.0
2.0,5833.0,2891.0,2905.0,2888.0,2885.0,2885.0,2034.0,871.0,2024.0,867.0
2.0,5830.0,2906.0,2906.0,2885.0,2909.0,2909.0,2034.0,872.0,2034.0,872.0
2.0,5809.0,2891.0,2906.0,2909.0,2891.0,2891.0,2034.0,872.0,2024.0,867.0
2.0,5827.0,2936.0,2907.0,2891.0,2939.0,2939.0,2035.0,872.0,2056.0,880.0
2.0,5782.0,2964.0,2908.0,2939.0,2967.0,2967.0,2036.0,872.0,2074.0,890.0
2.0,5757.0,2914.0,2910.0,2967.0,2920.0,2920.0,2037.0,873.0,2040.0,874.0
2.0,5810.0,2927.0,2908.0,2920.0,2921.0,2921.0,2036.0,872.0,2049.0,878.0
2.0,5803.0,2886.0,2908.0,2921.0,2886.0,2886.0,2036.0,872.0,2020.0,866.0
2.0,5838.0,2914.0,2908.0,2886.0,2914.0,2914.0,2036.0,872.0,2040.0,874.0
2.0,5810.0,2917.0,2910.0,2914.0,2923.0,2923.0,2037.0,873.0,2043.0,874.0
2.0,5807.0,2996.0,2913.0,2923.0,3005.0,3005.0,2039.0,874.0,2097.0,899.0
2.0,5734.0,3009.0,2917.0,3005.0,3021.0,3021.0,2042.0,875.0,2106.0,903.0
2.0,5730.0,2895.0,2917.0,3021.0,2895.0,2895.0,2042.0,875.0,2027.0,868.0
2.0,5856.0,2961.0,2917.0,2895.0,2961.0,2961.0,2042.0,875.0,2074.0,887.0
2.0,5790.0,2940.0,2918.0,2961.0,2943.0,2943.0,2043.0,875.0,2058.0,882.0
2.0,5811.0,2924.0,2918.0,2943.0,2924.0,2924.0,2043.0,875.0,2047.0,877.0
2.0,5830.0,2959.0,2920.0,2924.0,2965.0,2965.0,2044.0,876.0,2070.0,889.0
2.0,5795.0,2934.0,2920.0,2965.0,2934.0,2934.0,2044.0,876.0,2055.0,879.0
2.0,5826.0,2972.0,2923.0,2934.0,2981.0,2981.0,2046.0,877.0,2079.0,893.0
2.0,5788.0,2977.0,2923.0,2981.0,2977.0,2977.0,2046.0,877.0,2085.0,892.0
2.0,5792.0,2928.0,2923.0,2977.0,2928.0,2928.0,2046.0,877.0,2050.0,878.0
2.0,5841.0,2865.0,2922.0,2928.0,2862.0,2862.0,2046.0,876.0,2005.0,860.0
2.0,5904.0,2917.0,2921.0,2862.0,2914.0,2914.0,2045.0,876.0,2042.0,875.0
2.0,5849.0,2912.0,2921.0,2914.0,2912.0,2912.0,2045.0,876.0,2040.0,872.0
2.0,5851.0,3010.0,2924.0,2912.0,3019.0,3019.0,2047.0,877.0,2107.0,903.0
2.0,5753.0,2967.0,2925.0,3019.0,2970.0,2970.0,2048.0,877.0,2076.0,891.0
2.0,5805.0,3025.0,2928.0,2970.0,3034.0,3034.0,2050.0,878.0,2117.0,908.0
2.0,5750.0,2862.0,2926.0,3034.0,2856.0,2856.0,2048.0,878.0,2005.0,857.0
2.0,5922.0,2950.0,2926.0,2856.0,2950.0,2950.0,2048.0,878.0,2065.0,885.0
2.0,5828.0,2887.0,2925.0,2950.0,2884.0,2884.0,2048.0,877.0,2020.0,867.0
2.0,5891.0,2991.0,2927.0,2884.0,2997.0,2997.0,2049.0,878.0,2096.0,895.0
2.0,5784.0,3016.0,2931.0,2997.0,3028.0,3028.0,2052.0,879.0,2111.0,905.0
2.0,5765.0,2983.0,2933.0,3028.0,2989.0,2989.0,2053.0,880.0,2088.0,895.0
2.0,5810.0,2999.0,2935.0,2989.0,3005.0,3005.0,2055.0,880.0,2098.0,901.0
2.0,5800.0,2940.0,2936.0,3005.0,2943.0,2943.0,2055.0,881.0,2058.0,882.0
2.0,5865.0,2985.0,2936.0,2943.0,2985.0,2985.0,2055.0,881.0,2091.0,894.0
2.0,5823.0,2921.0,2935.0,2985.0,2918.0,2918.0,2055.0,880.0,2045.0,876.0
2.0,5887.0,2874.0,2935.0,2918.0,2874.0,2874.0,2055.0,880.0,2011.0,863.0
2.0,5931.0,2950.0,2937.0,2874.0,2956.0,2956.0,2056.0,881.0,2066.0,884.0
2.0,5855.0,2930.0,2937.0,2956.0,2930.0,2930.0,2056.0,881.0,2051.0,879.0
2.0,5881.0,2971.0,2937.0,2930.0,2971.0,2971.0,2056.0,881.0,2081.0,890.0
2.0,5840.0,2894.0,2937.0,2971.0,2894.0,2894.0,2056.0,881.0,2025.0,869.0
2.0,5917.0,2907.0,2936.0,2894.0,2904.0,2904.0,2055.0,881.0,2035.0,872.0
2.0,5904.0,2934.0,2938.0,2904.0,2940.0,2940.0,2057.0,881.0,2055.0,879.0
2.0,5874.0,2980.0,2940.0,2940.0,2986.0,2986.0,2058.0,882.0,2085.0,895.0
2.0,5834.0,2973.0,2941.0,2986.0,2976.0,2976.0,2059.0,882.0,2081.0,892.0
2.0,5847.0,2947.0,2943.0,2976.0,2953.0,2953.0,2060.0,883.0,2063.0,884.0
2.0,5876.0,2991.0,2943.0,2953.0,2991.0,2991.0,2060.0,883.0,2095.0,896.0
2.0,5838.0,2894.0,2943.0,2991.0,2894.0,2894.0,2060.0,883.0,2025.0,869.0
2.0,5935.0,2898.0,2940.0,2894.0,2889.0,2889.0,2058.0,882.0,2030.0,868.0
2.0,5931.0,2931.0,2940.0,2889.0,2931.0,2931.0,2058.0,882.0,2051.0,880.0
2.0,5889.0,3045.0,2942.0,2931.0,3051.0,3051.0,2060.0,882.0,2131.0,914.0
2.0,5775.0,2968.0,2944.0,3051.0,2974.0,2974.0,2061.0,883.0,2079.0,889.0
2.0,5858.0,2996.0,2945.0,2974.0,2999.0,2999.0,2062.0,883.0,2096.0,900.0
2.0,5836.0,2986.0,2947.0,2999.0,2992.0,2992.0,2063.0,884.0,2092.0,894.0
2.0,5849.0,2986.0,2948.0,2992.0,2989.0,2989.0,2064.0,884.0,2088.0,898.0
2.0,5855.0,2933.0,2947.0,2989.0,2930.0,2930.0,2063.0,884.0,2055.0,878.0
2.0,5911.0,2903.0,2947.0,2930.0,2903.0,2903.0,2063.0,884.0,2032.0,871.0
2.0,5938.0,2945.0,2948.0,2903.0,2948.0,2948.0,2064.0,884.0,2062.0,883.0
2.0,5896.0,2971.0,2950.0,2948.0,2977.0,2977.0,2065.0,885.0,2079.0,892.0
2.0,5873.0,3091.0,2953.0,2977.0,3100.0,3100.0,2067.0,886.0,2164.0,927.0
2.0,5759.0,2984.0,2954.0,3100.0,2987.0,2987.0,2068.0,886.0,2090.0,894.0
2.0,5875.0,2910.0,2953.0,2987.0,2907.0,2907.0,2067.0,886.0,2036.0,874.0
2.0,5952.0,2905.0,2950.0,2907.0,2896.0,2896.0,2065.0,885.0,2035.0,870.0
2.0,5954.0,2987.0,2952.0,2896.0,2993.0,2993.0,2067.0,885.0,2090.0,897.0
2.0,5863.0,2990.0,2953.0,2993.0,2993.0,2993.0,2067.0,886.0,2094.0,896.0
2.0,5866.0,2994.0,2954.0,2993.0,2997.0,2997.0,2068.0,886.0,2096.0,898.0
2.0,5865.0,3023.0,2956.0,2997.0,3029.0,3029.0,2069.0,887.0,2116.0,907.0
2.0,5839.0,3004.0,2957.0,3029.0,3007.0,3007.0,2070.0,887.0,2103.0,901.0
2.0,5864.0,2985.0,2957.0,3007.0,2985.0,2985.0,2070.0,887.0,2091.0,894.0
2.0,5886.0,2963.0,2957.0,2985.0,2963.0,2963.0,2070.0,887.0,2074.0,889.0
2.0,5908.0,2956.0,2957.0,2963.0,2956.0,2956.0,2070.0,887.0,2069.0,887.0
2.0,5915.0,3010.0,2958.0,2956.0,3013.0,3013.0,2071.0,887.0,2106.0,904.0
2.0,5861.0,2957.0,2960.0,3013.0,2963.0,2963.0,2072.0,888.0,2071.0,886.0
2.0,5917.0,3024.0,2962.0,2963.0,3030.0,3030.0,2074.0,888.0,2116.0,908.0
2.0,5856.0,2974.0,2964.0,3030.0,2980.0,2980.0,2075.0,889.0,2083.0,891.0
2.0,5912.0,3051.0,2964.0,2980.0,3051.0,3051.0,2075.0,889.0,2137.0,914.0
2.0,5841.0,2911.0,2963.0,3051.0,2908.0,2908.0,2074.0,889.0,2037.0,874.0
2.0,5981.0,2952.0,2961.0,2908.0,2946.0,2946.0,2073.0,888.0,2066.0,886.0
2.0,5937.0,2975.0,2964.0,2946.0,2984.0,2984.0,2075.0,889.0,2084.0,891.0
2.0,5908.0,2994.0,2965.0,2984.0,2997.0,2997.0,2076.0,889.0,2095.0,899.0
2.0,5898.0,2997.0,2967.0,2997.0,3003.0,3003.0,2077.0,890.0,2099.0,898.0
2.0,5898.0,2988.0,2967.0,3003.0,2988.0,2988.0,2077.0,890.0,2092.0,896.0
2.0,5913.0,2941.0,2965.0,2988.0,2935.0,2935.0,2076.0,889.0,2059.0,882.0
2.0,5960.0,2942.0,2964.0,2935.0,2939.0,2939.0,2075.0,889.0,2059.0,883.0
2.0,5953.0,2929.0,2964.0,2939.0,2929.0,2929.0,2075.0,889.0,2052.0,877.0
2.0,5963.0,3007.0,2964.0,2929.0,3007.0,3007.0,2075.0,889.0,2104.0,903.0
2.0,5885.0,3003.0,2965.0,3007.0,3006.0,3006.0,2076.0,889.0,2102.0,901.0
2.0,5889.0,2977.0,2966.0,3006.0,2980.0,2980.0,2076.0,890.0,2085.0,892.0
2.0,5918.0,2948.0,2967.0,2980.0,2951.0,2951.0,2077.0,890.0,2065.0,883.0
2.0,5950.0,2891.0,2967.0,2951.0,2891.0,2891.0,2077.0,890.0,2023.0,868.0
2.0,6010.0,2931.0,2967.0,2891.0,2931.0,2931.0,2077.0,890.0,2052.0,879.0
2.0,5970.0,2925.0,2965.0,2931.0,2919.0,2919.0,2076.0,889.0,2048.0,877.0
2.0,5976.0,3009.0,2968.0,2919.0,3018.0,3018.0,2078.0,890.0,2105.0,904.0
2.0,5886.0,2990.0,2970.0,3018.0,2996.0,2996.0,2079.0,891.0,2094.0,896.0
2.0,5914.0,3028.0,2971.0,2996.0,3031.0,3031.0,2080.0,891.0,2122.0,906.0
2.0,5882.0,2957.0,2971.0,3031.0,2957.0,2957.0,2080.0,891.0,2069.0,888.0
2.0,5956.0,3050.0,2972.0,2957.0,3053.0,3053.0,2081.0,891.0,2134.0,916.0
2.0,5863.0,2987.0,2973.0,3053.0,2990.0,2990.0,2081.0,892.0,2092.0,895.0
2.0,5929.0,2991.0,2973.0,2990.0,2991.0,2991.0,2081.0,892.0,2094.0,897.0
2.0,5928.0,3023.0,2975.0,2991.0,3029.0,3029.0,2083.0,892.0,2116.0,907.0
2.0,5896.0,3050.0,2978.0,3029.0,3059.0,3059.0,2085.0,893.0,2134.0,916.0
2.0,5875.0,3064.0,2981.0,3059.0,3073.0,3073.0,2087.0,894.0,2147.0,917.0
2.0,5870.0,3004.0,2980.0,3073.0,3001.0,3001.0,2086.0,894.0,2103.0,901.0
2.0,5939.0,3007.0,2981.0,3001.0,3010.0,3010.0,2087.0,894.0,2105.0,902.0
2.0,5933.0,3000.0,2981.0,3010.0,3000.0,3000.0,2087.0,894.0,2100.0,900.0
2.0,5943.0,2930.0,2980.0,3000.0,2927.0,2927.0,2086.0,894.0,2051.0,879.0
2.0,6013.0,3063.0,2981.0,2927.0,3066.0,3066.0,2087.0,894.0,2143.0,920.0
2.0,5877.0,3016.0,2983.0,3066.0,3022.0,3022.0,2088.0,895.0,2112.0,904.0
2.0,5927.0,3052.0,2985.0,3022.0,3058.0,3058.0,2090.0,895.0,2136.0,916.0
2.0,5897.0,3003.0,2987.0,3058.0,3009.0,3009.0,2091.0,896.0,2102.0,901.0
2.0,5952.0,3000.0,2987.0,3009.0,3000.0,3000.0,2091.0,896.0,2101.0,899.0
2.0,5961.0,2929.0,2984.0,3000.0,2920.0,2920.0,2089.0,895.0,2051.0,878.0
2.0,6032.0,2997.0,2984.0,2920.0,2997.0,2997.0,2089.0,895.0,2096.0,901.0
2.0,5955.0,2964.0,2985.0,2997.0,2967.0,2967.0,2090.0,895.0,2076.0,888.0
2.0,5988.0,3049.0,2988.0,2967.0,3058.0,3058.0,2092.0,896.0,2133.0,916.0
2.0,5906.0,3029.0,2990.0,3058.0,3035.0,3035.0,2093.0,897.0,2121.0,908.0
2.0,5935.0,2974.0,2988.0,3035.0,2968.0,2968.0,2092.0,896.0,2082.0,892.0
2.0,5996.0,2940.0,2988.0,2968.0,2940.0,2940.0,2092.0,896.0,2057.0,883.0
2.0,6024.0,2952.0,2987.0,2940.0,2949.0,2949.0,2091.0,896.0,2068.0,884.0
2.0,6012.0,2911.0,2984.0,2949.0,2902.0,2902.0,2089.0,895.0,2037.0,874.0
2.0,6050.0,3040.0,2986.0,2902.0,3046.0,3046.0,2090.0,896.0,2129.0,911.0
2.0,5912.0,3017.0,2987.0,3046.0,3020.0,3020.0,2091.0,896.0,2113.0,904.0
2.0,5941.0,3019.0,2988.0,3020.0,3022.0,3022.0,2092.0,896.0,2111.0,908.0
2.0,5942.0,3020.0,2988.0,3022.0,3020.0,3020.0,2092.0,896.0,2115.0,905.0
2.0,5944.0,3020.0,2990.0,3020.0,3026.0,3026.0,2093.0,897.0,2115.0,905.0
2.0,5944.0,2941.0,2988.0,3026.0,2935.0,2935.0,2092.0,896.0,2058.0,883.0
2.0,6029.0,3021.0,2988.0,2935.0,3021.0,3021.0,2092.0,896.0,2115.0,906.0
2.0,5943.0,3018.0,2988.0,3021.0,3018.0,3018.0,2092.0,896.0,2113.0,905.0
2.0,5946.0,3034.0,2990.0,3018.0,3040.0,3040.0,2093.0,897.0,2125.0,909.0
2.0,5930.0,3021.0,2991.0,3040.0,3024.0,3024.0,2094.0,897.0,2114.0,907.0
2.0,5949.0,3007.0,2993.0,3024.0,3013.0,3013.0,2095.0,898.0,2106.0,901.0
2.0,5966.0,3047.0,2994.0,3013.0,3050.0,3050.0,2096.0,898.0,2133.0,914.0
2.0,5932.0,2990.0,2993.0,3050.0,2987.0,2987.0,2095.0,898.0,2093.0,897.0
2.0,5992.0,2917.0,2991.0,2987.0,2911.0,2911.0,2094.0,897.0,2041.0,876.0
2.0,6062.0,3010.0,2993.0,2911.0,3016.0,3016.0,2095.0,898.0,2108.0,902.0
2.0,5963.0,3008.0,2994.0,3016.0,3011.0,3011.0,2096.0,898.0,2105.0,903.0
2.0,5971.0,3088.0,2997.0,3011.0,3097.0,3097.0,2098.0,899.0,2164.0,924.0
2.0,5894.0,3014.0,2997.0,3097.0,3014.0,3014.0,2098.0,899.0,2108.0,906.0
2.0,5977.0,3033.0,2998.0,3014.0,3036.0,3036.0,2099.0,899.0,2124.0,909.0
2.0,5958.0,2954.0,2998.0,3036.0,2954.0,2954.0,2099.0,899.0,2067.0,887.0
2.0,6040.0,2967.0,2998.0,2954.0,2967.0,2967.0,2099.0,899.0,2078.0,889.0
2.0,6027.0,3038.0,3001.0,2967.0,3047.0,3047.0,2101.0,900.0,2126.0,912.0
2.0,5956.0,3073.0,3004.0,3047.0,3082.0,3082.0,2103.0,901.0,2153.0,920.0
2.0,5930.0,3057.0,3007.0,3082.0,3066.0,3066.0,2105.0,902.0,2140.0,917.0
2.0,5955.0,3042.0,3007.0,3066.0,3042.0,3042.0,2105.0,902.0,2130.0,912.0
2.0,5979.0,3000.0,3007.0,3042.0,3000.0,3000.0,2105.0,902.0,2101.0,899.0
2.0,6021.0,2967.0,3006.0,3000.0,2964.0,2964.0,2104.0,902.0,2076.0,891.0
2.0,6054.0,3051.0,3008.0,2964.0,3057.0,3057.0,2106.0,902.0,2137.0,914.0
2.0,5967.0,3010.0,3007.0,3057.0,3007.0,3007.0,2105.0,902.0,2107.0,903.0
2.0,6014.0,3081.0,3008.0,3007.0,3084.0,3084.0,2106.0,902.0,2156.0,925.0
2.0,5940.0,3020.0,3010.0,3084.0,3026.0,3026.0,2107.0,903.0,2114.0,906.0
2.0,6004.0,3041.0,3010.0,3026.0,3041.0,3041.0,2107.0,903.0,2130.0,911.0
2.0,5989.0,2997.0,3008.0,3041.0,2991.0,2991.0,2106.0,902.0,2097.0,900.0
2.0,6033.0,2979.0,3007.0,2991.0,2976.0,2976.0,2105.0,902.0,2087.0,892.0
2.0,6045.0,2977.0,3007.0,2976.0,2977.0,2977.0,2105.0,902.0,2084.0,893.0
2.0,6044.0,2975.0,3006.0,2977.0,2972.0,2972.0,2104.0,902.0,2082.0,893.0
2.0,6046.0,3063.0,3007.0,2972.0,3066.0,3066.0,2105.0,902.0,2145.0,918.0
2.0,5955.0,3109.0,3011.0,3066.0,3121.0,3121.0,2108.0,903.0,2176.0,933.0
2.0,5912.0,3079.0,3011.0,3121.0,3079.0,3079.0,2108.0,903.0,2154.0,925.0
2.0,5954.0,2940.0,3010.0,3079.0,2937.0,2937.0,2107.0,903.0,2059.0,881.0
2.0,6093.0,2967.0,3008.0,2937.0,2961.0,2961.0,2106.0,902.0,2076.0,891.0
2.0,6063.0,3011.0,3008.0,2961.0,3011.0,3011.0,2106.0,902.0,2108.0,903.0
2.0,6013.0,3017.0,3008.0,3011.0,3017.0,3017.0,2106.0,902.0,2112.0,905.0
2.0,6007.0,3077.0,3011.0,3017.0,3086.0,3086.0,2108.0,903.0,2154.0,923.0
2.0,5947.0,3045.0,3012.0,3086.0,3048.0,3048.0,2109.0,903.0,2132.0,913.0
2.0,5988.0,3076.0,3014.0,3048.0,3082.0,3082.0,2110.0,904.0,2153.0,923.0
2.0,5960.0,2969.0,3013.0,3082.0,2966.0,2966.0,2109.0,904.0,2080.0,889.0
2.0,6073.0,3017.0,3012.0,2966.0,3014.0,3014.0,2109.0,903.0,2112.0,905.0
2.0,6022.0,2991.0,3013.0,3014.0,2994.0,2994.0,2109.0,904.0,2094.0,897.0
2.0,6045.0,3067.0,3015.0,2994.0,3073.0,3073.0,2111.0,904.0,2147.0,920.0
2.0,5972.0,3074.0,3017.0,3073.0,3080.0,3080.0,2112.0,905.0,2153.0,921.0
2.0,5971.0,3094.0,3021.0,3080.0,3106.0,3106.0,2115.0,906.0,2166.0,928.0
2.0,5957.0,3088.0,3022.0,3106.0,3091.0,3091.0,2116.0,906.0,2161.0,927.0
2.0,5975.0,3037.0,3022.0,3091.0,3037.0,3037.0,2116.0,906.0,2126.0,911.0
2.0,6029.0,3106.0,3024.0,3037.0,3112.0,3112.0,2117.0,907.0,2176.0,930.0
2.0,5960.0,2992.0,3024.0,3112.0,2992.0,2992.0,2117.0,907.0,2094.0,898.0
2.0,6080.0,3018.0,3024.0,2992.0,3018.0,3018.0,2117.0,907.0,2113.0,905.0
2.0,6054.0,3136.0,3027.0,3018.0,3145.0,3145.0,2119.0,908.0,2196.0,940.0
2.0,5936.0,3020.0,3027.0,3145.0,3020.0,3020.0,2119.0,908.0,2114.0,906.0
2.0,6061.0,3088.0,3028.0,3020.0,3091.0,3091.0,2120.0,908.0,2161.0,927.0
2.0,5993.0,3043.0,3028.0,3091.0,3043.0,3043.0,2120.0,908.0,2130.0,913.0
2.0,6041.0,3004.0,3028.0,3043.0,3004.0,3004.0,2120.0,908.0,2103.0,901.0
2.0,6080.0,3040.0,3028.0,3004.0,3040.0,3040.0,2120.0,908.0,2128.0,912.0
2.0,6044.0,3067.0,3030.0,3040.0,3073.0,3073.0,2121.0,909.0,2147.0,920.0
2.0,6017.0,3081.0,3031.0,3073.0,3084.0,3084.0,2122.0,909.0,2158.0,923.0
2.0,6009.0,3085.0,3034.0,3084.0,3094.0,3094.0,2124.0,910.0,2160.0,925.0
2.0,6008.0,3128.0,3037.0,3094.0,3137.0,3137.0,2126.0,911.0,2189.0,939.0
2.0,5974.0,3008.0,3037.0,3137.0,3008.0,3008.0,2126.0,911.0,2106.0,902.0
2.0,6103.0,2987.0,3034.0,3008.0,2978.0,2978.0,2124.0,910.0,2090.0,897.0
2.0,6124.0,3074.0,3035.0,2978.0,3077.0,3077.0,2125.0,910.0,2153.0,921.0
2.0,6028.0,3014.0,3035.0,3077.0,3014.0,3014.0,2125.0,910.0,2110.0,904.0
2.0,6091.0,3166.0,3040.0,3014.0,3181.0,3181.0,2128.0,912.0,2216.0,950.0
2.0,5939.0,3053.0,3041.0,3181.0,3056.0,3056.0,2129.0,912.0,2138.0,915.0
2.0,6067.0,3070.0,3041.0,3056.0,3070.0,3070.0,2129.0,912.0,2148.0,922.0
2.0,6053.0,3125.0,3043.0,3070.0,3131.0,3131.0,2130.0,913.0,2189.0,936.0
2.0,5998.0,3068.0,3043.0,3131.0,3068.0,3068.0,2130.0,913.0,2148.0,920.0
2.0,6061.0,3063.0,3044.0,3068.0,3066.0,3066.0,2131.0,913.0,2144.0,919.0
2.0,6066.0,3057.0,3044.0,3066.0,3057.0,3057.0,2131.0,913.0,2141.0,916.0
2.0,6075.0,3072.0,3047.0,3057.0,3081.0,3081.0,2133.0,914.0,2149.0,923.0
2.0,6060.0,3058.0,3047.0,3081.0,3058.0,3058.0,2133.0,914.0,2141.0,917.0
2.0,6083.0,3020.0,3047.0,3058.0,3020.0,3020.0,2133.0,914.0,2114.0,906.0
2.0,6121.0,2984.0,3045.0,3020.0,2978.0,2978.0,2132.0,913.0,2088.0,896.0
2.0,6157.0,3083.0,3047.0,2978.0,3089.0,3089.0,2133.0,914.0,2159.0,924.0
2.0,6052.0,3014.0,3046.0,3089.0,3011.0,3011.0,2132.0,914.0,2110.0,904.0
2.0,6127.0,3023.0,3046.0,3011.0,3023.0,3023.0,2132.0,914.0,2116.0,907.0
2.0,6115.0,3078.0,3048.0,3023.0,3084.0,3084.0,2134.0,914.0,2154.0,924.0
2.0,6060.0,3143.0,3051.0,3084.0,3152.0,3152.0,2136.0,915.0,2202.0,941.0
2.0,6001.0,3103.0,3054.0,3152.0,3112.0,3112.0,2138.0,916.0,2172.0,931.0
2.0,6050.0,3071.0,3054.0,3112.0,3071.0,3071.0,2138.0,916.0,2150.0,921.0
2.0,6091.0,3005.0,3051.0,3071.0,2996.0,2996.0,2136.0,915.0,2103.0,902.0
2.0,6157.0,3022.0,3051.0,2996.0,3022.0,3022.0,2136.0,915.0,2117.0,905.0
2.0,6131.0,3084.0,3054.0,3022.0,3093.0,3093.0,2138.0,916.0,2159.0,925.0
2.0,6069.0,3123.0,3057.0,3093.0,3132.0,3132.0,2140.0,917.0,2186.0,937.0
2.0,6039.0,3142.0,3059.0,3132.0,3148.0,3148.0,2142.0,917.0,2199.0,943.0
2.0,6029.0,3075.0,3060.0,3148.0,3078.0,3078.0,2142.0,918.0,2153.0,922.0
2.0,6102.0,3078.0,3060.0,3078.0,3078.0,3078.0,2142.0,918.0,2155.0,923.0
2.0,6102.0,3036.0,3060.0,3078.0,3036.0,3036.0,2142.0,918.0,2125.0,911.0
2.0,6144.0,3065.0,3060.0,3036.0,3065.0,3065.0,2142.0,918.0,2146.0,919.0
2.0,6115.0,3060.0,3061.0,3065.0,3063.0,3063.0,2143.0,918.0,2143.0,917.0
2.0,6120.0,3078.0,3063.0,3063.0,3084.0,3084.0,2144.0,919.0,2154.0,924.0
2.0,6105.0,3183.0,3067.0,3084.0,3195.0,3195.0,2147.0,920.0,2229.0,954.0
2.0,6006.0,3078.0,3067.0,3195.0,3078.0,3078.0,2147.0,920.0,2155.0,923.0
2.0,6123.0,3031.0,3066.0,3078.0,3028.0,3028.0,2146.0,920.0,2121.0,910.0
2.0,6170.0,3064.0,3065.0,3028.0,3061.0,3061.0,2146.0,919.0,2145.0,919.0
2.0,6134.0,3024.0,3064.0,3061.0,3021.0,3021.0,2145.0,919.0,2118.0,906.0
2.0,6171.0,3136.0,3066.0,3021.0,3142.0,3142.0,2146.0,920.0,2195.0,941.0
2.0,6056.0,3085.0,3065.0,3142.0,3082.0,3082.0,2146.0,919.0,2159.0,926.0
2.0,6113.0,3086.0,3067.0,3082.0,3092.0,3092.0,2147.0,920.0,2162.0,924.0
2.0,6109.0,3108.0,3069.0,3092.0,3114.0,3114.0,2149.0,920.0,2175.0,933.0
2.0,6093.0,3048.0,3067.0,3114.0,3042.0,3042.0,2147.0,920.0,2135.0,913.0
2.0,6159.0,3067.0,3068.0,3042.0,3070.0,3070.0,2148.0,920.0,2145.0,922.0
2.0,6134.0,3031.0,3067.0,3070.0,3028.0,3028.0,2147.0,920.0,2124.0,907.0
2.0,6173.0,3057.0,3067.0,3028.0,3057.0,3057.0,2147.0,920.0,2140.0,917.0
2.0,6144.0,3124.0,3070.0,3057.0,3133.0,3133.0,2149.0,921.0,2186.0,938.0
2.0,6077.0,3197.0,3073.0,3133.0,3206.0,3206.0,2151.0,922.0,2238.0,959.0
2.0,6013.0,3100.0,3074.0,3206.0,3103.0,3103.0,2152.0,922.0,2171.0,929.0
2.0,6119.0,3027.0,3073.0,3103.0,3024.0,3024.0,2151.0,922.0,2118.0,909.0
2.0,6195.0,3047.0,3071.0,3024.0,3041.0,3041.0,2150.0,921.0,2133.0,914.0
2.0,6172.0,3058.0,3070.0,3041.0,3055.0,3055.0,2149.0,921.0,2142.0,916.0
2.0,6155.0,3033.0,3071.0,3055.0,3036.0,3036.0,2150.0,921.0,2123.0,910.0
2.0,6177.0,3146.0,3074.0,3036.0,3155.0,3155.0,2152.0,922.0,2202.0,944.0
2.0,6067.0,3090.0,3074.0,3155.0,3090.0,3090.0,2152.0,922.0,2164.0,926.0
2.0,6132.0,3073.0,3075.0,3090.0,3076.0,3076.0,2153.0,922.0,2149.0,924.0
2.0,6149.0,3028.0,3073.0,3076.0,3022.0,3022.0,2151.0,922.0,2121.0,907.0
2.0,6197.0,3096.0,3074.0,3022.0,3099.0,3099.0,2152.0,922.0,2167.0,929.0
2.0,6123.0,3035.0,3073.0,3099.0,3032.0,3032.0,2151.0,922.0,2125.0,910.0
2.0,6187.0,3062.0,3071.0,3032.0,3056.0,3056.0,2150.0,921.0,2143.0,919.0
2.0,6157.0,3141.0,3073.0,3056.0,3147.0,3147.0,2151.0,922.0,2200.0,941.0
2.0,6072.0,3156.0,3074.0,3147.0,3159.0,3159.0,2152.0,922.0,2208.0,948.0
2.0,6063.0,3074.0,3075.0,3159.0,3077.0,3077.0,2153.0,922.0,2152.0,922.0
2.0,6148.0,3100.0,3075.0,3077.0,3100.0,3100.0,2153.0,922.0,2171.0,929.0
2.0,6125.0,3010.0,3074.0,3100.0,3007.0,3007.0,2152.0,922.0,2106.0,904.0
2.0,6215.0,3084.0,3076.0,3007.0,3090.0,3090.0,2153.0,923.0,2160.0,924.0
2.0,6138.0,3089.0,3078.0,3090.0,3095.0,3095.0,2155.0,923.0,2161.0,928.0
2.0,6139.0,3160.0,3080.0,3095.0,3166.0,3166.0,2156.0,924.0,2213.0,947.0
2.0,6074.0,3098.0,3081.0,3166.0,3101.0,3101.0,2157.0,924.0,2171.0,927.0
2.0,6142.0,3140.0,3083.0,3101.0,3146.0,3146.0,2158.0,925.0,2197.0,943.0
2.0,6103.0,3031.0,3082.0,3146.0,3028.0,3028.0,2158.0,924.0,2121.0,910.0
2.0,6218.0,3038.0,3080.0,3028.0,3032.0,3032.0,2156.0,924.0,2128.0,910.0
2.0,6208.0,3073.0,3080.0,3032.0,3073.0,3073.0,2156.0,924.0,2151.0,922.0
2.0,6167.0,3151.0,3081.0,3073.0,3154.0,3154.0,2157.0,924.0,2205.0,946.0
2.0,6089.0,3085.0,3083.0,3154.0,3091.0,3091.0,2158.0,925.0,2161.0,924.0
2.0,6158.0,3081.0,3084.0,3091.0,3084.0,3084.0,2159.0,925.0,2158.0,923.0
2.0,6168.0,3075.0,3084.0,3084.0,3075.0,3075.0,2159.0,925.0,2153.0,922.0
2.0,6177.0,3068.0,3083.0,3075.0,3065.0,3065.0,2158.0,925.0,2147.0,921.0
2.0,6184.0,3027.0,3081.0,3065.0,3021.0,3021.0,2157.0,924.0,2118.0,909.0
2.0,6222.0,3052.0,3080.0,3021.0,3049.0,3049.0,2156.0,924.0,2138.0,914.0
2.0,6191.0,3116.0,3081.0,3049.0,3119.0,3119.0,2157.0,924.0,2180.0,936.0
2.0,6124.0,3137.0,3083.0,3119.0,3143.0,3143.0,2158.0,925.0,2197.0,940.0
2.0,6106.0,3169.0,3085.0,3143.0,3175.0,3175.0,2160.0,925.0,2217.0,952.0
2.0,6080.0,3164.0,3087.0,3175.0,3170.0,3170.0,2161.0,926.0,2217.0,947.0
2.0,6091.0,3114.0,3087.0,3170.0,3114.0,3114.0,2161.0,926.0,2178.0,936.0
2.0,6147.0,3038.0,3084.0,3114.0,3029.0,3029.0,2159.0,925.0,2128.0,910.0
2.0,6223.0,3117.0,3085.0,3029.0,3120.0,3120.0,2160.0,925.0,2182.0,935.0
2.0,6135.0,3086.0,3087.0,3120.0,3092.0,3092.0,2161.0,926.0,2161.0,925.0
2.0,6169.0,3048.0,3087.0,3092.0,3048.0,3048.0,2161.0,926.0,2134.0,914.0
2.0,6213.0,3061.0,3087.0,3048.0,3061.0,3061.0,2161.0,926.0,2143.0,918.0
2.0,6200.0,3134.0,3087.0,3061.0,3134.0,3134.0,2161.0,926.0,2194.0,940.0
2.0,6127.0,3116.0,3087.0,3134.0,3116.0,3116.0,2161.0,926.0,2179.0,937.0
2.0,6145.0,3045.0,3087.0,3116.0,3045.0,3045.0,2161.0,926.0,2134.0,911.0
2.0,6216.0,3081.0,3086.0,3045.0,3078.0,3078.0,2160.0,926.0,2157.0,924.0
2.0,6180.0,3104.0,3087.0,3078.0,3107.0,3107.0,2161.0,926.0,2171.0,933.0
2.0,6154.0,3173.0,3090.0,3107.0,3182.0,3182.0,2163.0,927.0,2223.0,950.0
2.0,6088.0,3172.0,3092.0,3182.0,3178.0,3178.0,2165.0,927.0,2220.0,952.0
2.0,6098.0,3229.0,3095.0,3178.0,3238.0,3238.0,2167.0,928.0,2260.0,969.0
2.0,6047.0,3132.0,3095.0,3238.0,3132.0,3132.0,2167.0,928.0,2193.0,939.0
2.0,6153.0,3061.0,3093.0,3132.0,3055.0,3055.0,2165.0,928.0,2143.0,918.0
2.0,6224.0,3045.0,3091.0,3055.0,3039.0,3039.0,2164.0,927.0,2132.0,913.0
2.0,6234.0,3032.0,3091.0,3039.0,3032.0,3032.0,2164.0,927.0,2123.0,909.0
2.0,6241.0,3176.0,3094.0,3032.0,3185.0,3185.0,2166.0,928.0,2222.0,954.0
2.0,6097.0,3117.0,3095.0,3185.0,3120.0,3120.0,2167.0,928.0,2183.0,934.0
2.0,6165.0,3109.0,3097.0,3120.0,3115.0,3115.0,2168.0,929.0,2177.0,932.0
2.0,6176.0,3134.0,3097.0,3115.0,3134.0,3134.0,2168.0,929.0,2194.0,940.0
2.0,6157.0,2998.0,3095.0,3134.0,2992.0,2992.0,2167.0,928.0,2098.0,900.0
2.0,6293.0,3067.0,3095.0,2992.0,3067.0,3067.0,2167.0,928.0,2147.0,920.0
2.0,6218.0,3085.0,3096.0,3067.0,3088.0,3088.0,2167.0,929.0,2160.0,925.0
2.0,6200.0,3114.0,3097.0,3088.0,3117.0,3117.0,2168.0,929.0,2181.0,933.0
2.0,6174.0,3192.0,3100.0,3117.0,3201.0,3201.0,2170.0,930.0,2234.0,958.0
2.0,6099.0,3075.0,3100.0,3201.0,3075.0,3075.0,2170.0,930.0,2153.0,922.0
2.0,6225.0,3104.0,3098.0,3075.0,3098.0,3098.0,2169.0,929.0,2172.0,932.0
2.0,6196.0,3075.0,3097.0,3098.0,3072.0,3072.0,2168.0,929.0,2152.0,923.0
2.0,6219.0,3117.0,3098.0,3072.0,3120.0,3120.0,2169.0,929.0,2183.0,934.0
2.0,6174.0,3104.0,3098.0,3120.0,3104.0,3104.0,2169.0,929.0,2173.0,931.0
2.0,6190.0,3146.0,3101.0,3104.0,3155.0,3155.0,2171.0,930.0,2202.0,944.0
2.0,6148.0,3176.0,3103.0,3155.0,3182.0,3182.0,2172.0,931.0,2224.0,952.0
2.0,6127.0,3204.0,3105.0,3182.0,3210.0,3210.0,2174.0,931.0,2242.0,962.0
2.0,6105.0,3084.0,3104.0,3210.0,3081.0,3081.0,2173.0,931.0,2161.0,923.0
2.0,6231.0,3098.0,3103.0,3081.0,3095.0,3095.0,2172.0,931.0,2169.0,929.0
2.0,6214.0,3112.0,3103.0,3095.0,3112.0,3112.0,2172.0,931.0,2178.0,934.0
2.0,6197.0,3156.0,3105.0,3112.0,3162.0,3162.0,2174.0,931.0,2209.0,947.0
2.0,6153.0,3196.0,3108.0,3162.0,3205.0,3205.0,2176.0,932.0,2237.0,959.0
2.0,6119.0,3223.0,3111.0,3205.0,3232.0,3232.0,2178.0,933.0,2256.0,967.0
2.0,6101.0,3160.0,3111.0,3232.0,3160.0,3160.0,2178.0,933.0,2212.0,948.0
2.0,6173.0,3067.0,3111.0,3160.0,3067.0,3067.0,2178.0,933.0,2147.0,920.0
2.0,6266.0,3111.0,3111.0,3067.0,3111.0,3111.0,2178.0,933.0,2178.0,933.0
2.0,6222.0,3171.0,3114.0,3111.0,3180.0,3180.0,2180.0,934.0,2221.0,950.0
2.0,6162.0,3143.0,3114.0,3180.0,3143.0,3143.0,2180.0,934.0,2199.0,944.0
2.0,6199.0,3193.0,3118.0,3143.0,3205.0,3205.0,2183.0,935.0,2235.0,958.0
2.0,6149.0,3170.0,3120.0,3205.0,3176.0,3176.0,2184.0,936.0,2221.0,949.0
2.0,6184.0,3097.0,3120.0,3176.0,3097.0,3097.0,2184.0,936.0,2168.0,929.0
2.0,6263.0,3034.0,3118.0,3097.0,3028.0,3028.0,2183.0,935.0,2122.0,912.0
2.0,6326.0,3104.0,3117.0,3028.0,3101.0,3101.0,2182.0,935.0,2175.0,929.0
2.0,6250.0,3160.0,3117.0,3101.0,3160.0,3160.0,2182.0,935.0,2212.0,948.0
2.0,6191.0,3113.0,3117.0,3160.0,3113.0,3113.0,2182.0,935.0,2179.0,934.0
2.0,6238.0,3124.0,3118.0,3113.0,3127.0,3127.0,2183.0,935.0,2186.0,938.0
2.0,6227.0,3157.0,3119.0,3127.0,3160.0,3160.0,2183.0,936.0,2210.0,947.0
2.0,6197.0,3147.0,3120.0,3160.0,3150.0,3150.0,2184.0,936.0,2204.0,943.0
2.0,6210.0,3090.0,3121.0,3150.0,3093.0,3093.0,2185.0,936.0,2161.0,929.0
2.0,6270.0,3153.0,3123.0,3093.0,3159.0,3159.0,2186.0,937.0,2209.0,944.0
2.0,6210.0,3072.0,3121.0,3159.0,3066.0,3066.0,2185.0,936.0,2150.0,922.0
2.0,6297.0,3158.0,3122.0,3066.0,3161.0,3161.0,2186.0,936.0,2211.0,947.0
2.0,6205.0,3169.0,3124.0,3161.0,3175.0,3175.0,2187.0,937.0,2218.0,951.0
2.0,6197.0,3230.0,3127.0,3175.0,3239.0,3239.0,2189.0,938.0,2263.0,967.0
2.0,6142.0,3231.0,3130.0,3239.0,3240.0,3240.0,2191.0,939.0,2262.0,969.0
2.0,6150.0,3092.0,3128.0,3240.0,3086.0,3086.0,2190.0,938.0,2164.0,928.0
2.0,6298.0,3105.0,3127.0,3086.0,3102.0,3102.0,2189.0,938.0,2175.0,930.0
2.0,6279.0,3074.0,3124.0,3102.0,3065.0,3065.0,2187.0,937.0,2150.0,924.0
2.0,6307.0,3168.0,3125.0,3065.0,3171.0,3171.0,2188.0,937.0,2218.0,950.0
2.0,6204.0,3179.0,3127.0,3171.0,3185.0,3185.0,2189.0,938.0,2227.0,952.0
2.0,6196.0,3202.0,3130.0,3185.0,3211.0,3211.0,2191.0,939.0,2241.0,961.0
2.0,6179.0,3180.0,3133.0,3211.0,3189.0,3189.0,2193.0,940.0,2226.0,954.0
2.0,6210.0,3195.0,3134.0,3189.0,3198.0,3198.0,2194.0,940.0,2237.0,958.0
2.0,6204.0,3121.0,3134.0,3198.0,3121.0,3121.0,2194.0,940.0,2185.0,936.0
2.0,6281.0,3147.0,3134.0,3121.0,3147.0,3147.0,2194.0,940.0,2204.0,943.0
2.0,6255.0,3134.0,3134.0,3147.0,3134.0,3134.0,2194.0,940.0,2194.0,940.0
2.0,6268.0,3242.0,3138.0,3134.0,3254.0,3254.0,2197.0,941.0,2268.0,974.0
2.0,6160.0,3165.0,3141.0,3254.0,3174.0,3174.0,2199.0,942.0,2217.0,948.0
2.0,6249.0,3183.0,3143.0,3174.0,3189.0,3189.0,2200.0,943.0,2227.0,956.0
2.0,6240.0,3181.0,3144.0,3189.0,3184.0,3184.0,2201.0,943.0,2228.0,953.0
2.0,6248.0,3155.0,3143.0,3184.0,3152.0,3152.0,2200.0,943.0,2209.0,946.0
2.0,6277.0,3095.0,3144.0,3152.0,3098.0,3098.0,2201.0,943.0,2167.0,928.0
2.0,6334.0,3170.0,3145.0,3098.0,3173.0,3173.0,2202.0,943.0,2220.0,950.0
2.0,6262.0,3166.0,3147.0,3173.0,3172.0,3172.0,2203.0,944.0,2215.0,951.0
2.0,6269.0,3209.0,3148.0,3172.0,3212.0,3212.0,2204.0,944.0,2247.0,962.0
2.0,6232.0,3187.0,3150.0,3212.0,3193.0,3193.0,2205.0,945.0,2230.0,957.0
2.0,6257.0,3114.0,3150.0,3193.0,3114.0,3114.0,2205.0,945.0,2180.0,934.0
2.0,6336.0,3134.0,3148.0,3114.0,3128.0,3128.0,2204.0,944.0,2193.0,941.0
2.0,6316.0,3118.0,3147.0,3128.0,3115.0,3115.0,2203.0,944.0,2184.0,934.0
2.0,6326.0,3140.0,3148.0,3115.0,3143.0,3143.0,2204.0,944.0,2199.0,941.0
2.0,6301.0,3191.0,3150.0,3143.0,3197.0,3197.0,2205.0,945.0,2233.0,958.0
2.0,6253.0,3188.0,3151.0,3197.0,3191.0,3191.0,2206.0,945.0,2233.0,955.0
2.0,6262.0,3197.0,3152.0,3191.0,3200.0,3200.0,2207.0,945.0,2237.0,960.0
2.0,6256.0,3137.0,3151.0,3200.0,3134.0,3134.0,2206.0,945.0,2197.0,940.0
2.0,6319.0,3078.0,3148.0,3134.0,3069.0,3069.0,2204.0,944.0,2153.0,925.0
2.0,6375.0,3130.0,3148.0,3069.0,3130.0,3130.0,2204.0,944.0,2193.0,937.0
2.0,6314.0,3202.0,3150.0,3130.0,3208.0,3208.0,2205.0,945.0,2241.0,961.0
2.0,6242.0,3145.0,3151.0,3208.0,3148.0,3148.0,2206.0,945.0,2202.0,943.0
2.0,6305.0,3175.0,3151.0,3148.0,3175.0,3175.0,2206.0,945.0,2223.0,952.0
2.0,6278.0,3136.0,3151.0,3175.0,3136.0,3136.0,2206.0,945.0,2195.0,941.0
2.0,6317.0,3144.0,3150.0,3136.0,3141.0,3141.0,2205.0,945.0,2201.0,943.0
2.0,6309.0,3124.0,3148.0,3141.0,3118.0,3118.0,2204.0,944.0,2186.0,938.0
2.0,6326.0,3157.0,3150.0,3118.0,3163.0,3163.0,2205.0,945.0,2211.0,946.0
2.0,6287.0,3196.0,3153.0,3163.0,3205.0,3205.0,2207.0,946.0,2237.0,959.0
2.0,6254.0,3164.0,3154.0,3205.0,3167.0,3167.0,2208.0,946.0,2216.0,948.0
2.0,6295.0,3181.0,3154.0,3167.0,3181.0,3181.0,2208.0,946.0,2225.0,956.0
2.0,6281.0,3147.0,3155.0,3181.0,3150.0,3150.0,2209.0,946.0,2203.0,944.0
2.0,6315.0,3168.0,3157.0,3150.0,3174.0,3174.0,2210.0,947.0,2219.0,949.0
2.0,6297.0,3088.0,3155.0,3174.0,3082.0,3082.0,2209.0,946.0,2161.0,927.0
2.0,6383.0,3115.0,3154.0,3082.0,3112.0,3112.0,2208.0,946.0,2183.0,932.0
2.0,6350.0,3198.0,3157.0,3112.0,3207.0,3207.0,2210.0,947.0,2238.0,960.0
2.0,6264.0,3263.0,3158.0,3207.0,3266.0,3266.0,2211.0,947.0,2284.0,979.0
2.0,6208.0,3201.0,3161.0,3266.0,3210.0,3210.0,2213.0,948.0,2242.0,959.0
2.0,6273.0,3191.0,3161.0,3210.0,3191.0,3191.0,2213.0,948.0,2233.0,958.0
2.0,6292.0,3188.0,3162.0,3191.0,3191.0,3191.0,2214.0,948.0,2232.0,956.0
2.0,6295.0,3074.0,3158.0,3191.0,3062.0,3062.0,2211.0,947.0,2152.0,922.0
2.0,6412.0,3184.0,3158.0,3062.0,3184.0,3184.0,2211.0,947.0,2229.0,955.0
2.0,6290.0,3147.0,3160.0,3184.0,3153.0,3153.0,2212.0,948.0,2203.0,944.0
2.0,6327.0,3166.0,3160.0,3153.0,3166.0,3166.0,2212.0,948.0,2217.0,949.0
2.0,6314.0,3303.0,3165.0,3166.0,3318.0,3318.0,2216.0,949.0,2313.0,990.0
2.0,6177.0,3267.0,3167.0,3318.0,3273.0,3273.0,2217.0,950.0,2286.0,981.0
2.0,6228.0,3180.0,3167.0,3273.0,3180.0,3180.0,2217.0,950.0,2226.0,954.0
2.0,6321.0,3201.0,3167.0,3180.0,3201.0,3201.0,2217.0,950.0,2241.0,960.0
2.0,6300.0,3144.0,3166.0,3201.0,3141.0,3141.0,2216.0,950.0,2201.0,943.0
2.0,6357.0,3234.0,3167.0,3141.0,3237.0,3237.0,2217.0,950.0,2265.0,969.0
2.0,6264.0,3151.0,3167.0,3237.0,3151.0,3151.0,2217.0,950.0,2206.0,945.0
2.0,6350.0,3259.0,3170.0,3151.0,3268.0,3268.0,2219.0,951.0,2280.0,979.0
2.0,6242.0,3247.0,3171.0,3268.0,3250.0,3250.0,2220.0,951.0,2273.0,974.0
2.0,6263.0,3180.0,3170.0,3250.0,3177.0,3177.0,2219.0,951.0,2227.0,953.0
2.0,6333.0,3167.0,3170.0,3177.0,3167.0,3167.0,2219.0,951.0,2217.0,950.0
2.0,6343.0,3214.0,3171.0,3167.0,3217.0,3217.0,2220.0,951.0,2249.0,965.0
2.0,6296.0,3182.0,3171.0,3217.0,3182.0,3182.0,2220.0,951.0,2228.0,954.0
2.0,6331.0,3173.0,3171.0,3182.0,3173.0,3173.0,2220.0,951.0,2221.0,952.0
2.0,6340.0,3287.0,3175.0,3173.0,3299.0,3299.0,2223.0,952.0,2301.0,986.0
2.0,6226.0,3218.0,3176.0,3299.0,3221.0,3221.0,2223.0,953.0,2254.0,964.0
2.0,6307.0,3223.0,3177.0,3221.0,3226.0,3226.0,2224.0,953.0,2257.0,966.0
2.0,6305.0,3214.0,3177.0,3226.0,3214.0,3214.0,2224.0,953.0,2250.0,964.0
2.0,6317.0,3090.0,3175.0,3214.0,3084.0,3084.0,2223.0,952.0,2162.0,928.0
2.0,6441.0,3200.0,3177.0,3084.0,3206.0,3206.0,2224.0,953.0,2241.0,959.0
2.0,6325.0,3230.0,3178.0,3206.0,3233.0,3233.0,2225.0,953.0,2260.0,970.0
2.0,6301.0,3242.0,3181.0,3233.0,3251.0,3251.0,2227.0,954.0,2269.0,973.0
2.0,6292.0,3215.0,3183.0,3251.0,3221.0,3221.0,2228.0,955.0,2252.0,963.0
2.0,6328.0,3215.0,3183.0,3221.0,3215.0,3215.0,2228.0,955.0,2251.0,964.0
2.0,6334.0,3185.0,3183.0,3215.0,3185.0,3185.0,2228.0,955.0,2230.0,955.0
2.0,6364.0,3197.0,3183.0,3185.0,3197.0,3197.0,2228.0,955.0,2238.0,959.0
2.0,6352.0,3204.0,3184.0,3197.0,3207.0,3207.0,2229.0,955.0,2244.0,960.0
2.0,6345.0,3239.0,3187.0,3207.0,3248.0,3248.0,2231.0,956.0,2267.0,972.0
2.0,6313.0,3244.0,3190.0,3248.0,3253.0,3253.0,2233.0,957.0,2270.0,974.0
2.0,6317.0,3277.0,3191.0,3253.0,3280.0,3280.0,2234.0,957.0,2295.0,982.0
2.0,6293.0,3155.0,3191.0,3280.0,3155.0,3155.0,2234.0,957.0,2209.0,946.0
2.0,6418.0,3177.0,3191.0,3155.0,3177.0,3177.0,2234.0,957.0,2224.0,953.0
2.0,6396.0,3134.0,3191.0,3177.0,3134.0,3134.0,2234.0,957.0,2194.0,940.0
2.0,6439.0,3197.0,3192.0,3134.0,3200.0,3200.0,2235.0,957.0,2237.0,960.0
2.0,6376.0,3249.0,3195.0,3200.0,3258.0,3258.0,2237.0,958.0,2276.0,973.0
2.0,6327.0,3242.0,3197.0,3258.0,3248.0,3248.0,2238.0,959.0,2268.0,974.0
2.0,6343.0,3192.0,3197.0,3248.0,3192.0,3192.0,2238.0,959.0,2235.0,957.0
2.0,6399.0,3119.0,3195.0,3192.0,3113.0,3113.0,2237.0,958.0,2183.0,936.0
2.0,6472.0,3183.0,3195.0,3113.0,3183.0,3183.0,2237.0,958.0,2228.0,955.0
2.0,6402.0,3217.0,3197.0,3183.0,3223.0,3223.0,2238.0,959.0,2253.0,964.0
2.0,6368.0,3246.0,3198.0,3223.0,3249.0,3249.0,2239.0,959.0,2271.0,975.0
2.0,6345.0,3260.0,3201.0,3249.0,3269.0,3269.0,2241.0,960.0,2284.0,976.0
2.0,6334.0,3226.0,3204.0,3269.0,3235.0,3235.0,2243.0,961.0,2258.0,968.0
2.0,6377.0,3251.0,3205.0,3235.0,3254.0,3254.0,2244.0,961.0,2277.0,974.0
2.0,6361.0,3224.0,3204.0,3254.0,3221.0,3221.0,2243.0,961.0,2256.0,968.0
2.0,6391.0,3261.0,3205.0,3221.0,3264.0,3264.0,2244.0,961.0,2282.0,979.0
2.0,6351.0,3174.0,3205.0,3264.0,3174.0,3174.0,2244.0,961.0,2224.0,950.0
2.0,6441.0,3250.0,3206.0,3174.0,3253.0,3253.0,2244.0,962.0,2274.0,976.0
2.0,6365.0,3247.0,3210.0,3253.0,3259.0,3259.0,2247.0,963.0,2273.0,974.0
2.0,6371.0,3185.0,3210.0,3259.0,3185.0,3185.0,2247.0,963.0,2230.0,955.0
2.0,6445.0,3233.0,3211.0,3185.0,3236.0,3236.0,2248.0,963.0,2264.0,969.0
2.0,6397.0,3168.0,3211.0,3236.0,3168.0,3168.0,2248.0,963.0,2218.0,950.0
2.0,6465.0,3247.0,3210.0,3168.0,3244.0,3244.0,2247.0,963.0,2272.0,975.0
2.0,6386.0,3194.0,3208.0,3244.0,3188.0,3188.0,2246.0,962.0,2235.0,959.0
2.0,6436.0,3191.0,3208.0,3188.0,3191.0,3191.0,2246.0,962.0,2235.0,956.0
2.0,6433.0,3241.0,3210.0,3191.0,3247.0,3247.0,2247.0,963.0,2269.0,972.0
2.0,6383.0,3195.0,3211.0,3247.0,3198.0,3198.0,2248.0,963.0,2238.0,957.0
2.0,6435.0,3241.0,3211.0,3198.0,3241.0,3241.0,2248.0,963.0,2269.0,972.0
2.0,6392.0,3226.0,3212.0,3241.0,3229.0,3229.0,2249.0,963.0,2257.0,969.0
2.0,6407.0,3218.0,3211.0,3229.0,3215.0,3215.0,2248.0,963.0,2254.0,964.0
2.0,6418.0,3130.0,3209.0,3215.0,3124.0,3124.0,2247.0,962.0,2190.0,940.0
2.0,6503.0,3202.0,3210.0,3124.0,3205.0,3205.0,2247.0,963.0,2242.0,960.0
2.0,6425.0,3247.0,3211.0,3205.0,3250.0,3250.0,2248.0,963.0,2274.0,973.0
2.0,6383.0,3330.0,3214.0,3250.0,3339.0,3339.0,2250.0,964.0,2331.0,999.0
2.0,6303.0,3261.0,3215.0,3339.0,3264.0,3264.0,2251.0,964.0,2284.0,977.0
2.0,6381.0,3218.0,3215.0,3264.0,3218.0,3218.0,2251.0,964.0,2251.0,967.0
2.0,6427.0,3145.0,3213.0,3218.0,3139.0,3139.0,2249.0,964.0,2203.0,942.0
2.0,6500.0,3207.0,3213.0,3139.0,3207.0,3207.0,2249.0,964.0,2245.0,962.0
2.0,6432.0,3232.0,3213.0,3207.0,3232.0,3232.0,2249.0,964.0,2263.0,969.0
2.0,6407.0,3267.0,3214.0,3232.0,3270.0,3270.0,2250.0,964.0,2287.0,980.0
2.0,6372.0,3262.0,3217.0,3270.0,3271.0,3271.0,2252.0,965.0,2284.0,978.0
2.0,6380.0,3313.0,3220.0,3271.0,3322.0,3322.0,2254.0,966.0,2318.0,995.0
2.0,6338.0,3171.0,3218.0,3322.0,3165.0,3165.0,2253.0,965.0,2219.0,952.0
2.0,6489.0,3238.0,3218.0,3165.0,3238.0,3238.0,2253.0,965.0,2267.0,971.0
2.0,6416.0,3270.0,3220.0,3238.0,3276.0,3276.0,2254.0,966.0,2290.0,980.0
2.0,6384.0,3218.0,3220.0,3276.0,3218.0,3218.0,2254.0,966.0,2253.0,965.0
2.0,6442.0,3228.0,3220.0,3218.0,3228.0,3228.0,2254.0,966.0,2261.0,967.0
2.0,6432.0,3273.0,3221.0,3228.0,3276.0,3276.0,2255.0,966.0,2290.0,983.0
2.0,6387.0,3266.0,3223.0,3276.0,3272.0,3272.0,2256.0,967.0,2287.0,979.0
2.0,6397.0,3187.0,3221.0,3272.0,3181.0,3181.0,2255.0,966.0,2230.0,957.0
2.0,6482.0,3235.0,3221.0,3181.0,3235.0,3235.0,2255.0,966.0,2265.0,970.0
2.0,6428.0,3274.0,3221.0,3235.0,3274.0,3274.0,2255.0,966.0,2292.0,982.0
2.0,6389.0,3219.0,3223.0,3274.0,3225.0,3225.0,2256.0,967.0,2254.0,965.0
2.0,6444.0,3299.0,3225.0,3225.0,3305.0,3305.0,2258.0,967.0,2308.0,991.0
2.0,6370.0,3310.0,3228.0,3305.0,3319.0,3319.0,2260.0,968.0,2318.0,992.0
2.0,6365.0,3265.0,3230.0,3319.0,3271.0,3271.0,2261.0,969.0,2287.0,978.0
2.0,6419.0,3215.0,3230.0,3271.0,3215.0,3215.0,2261.0,969.0,2250.0,965.0
2.0,6475.0,3227.0,3228.0,3215.0,3221.0,3221.0,2260.0,968.0,2259.0,968.0
2.0,6463.0,3257.0,3230.0,3221.0,3263.0,3263.0,2261.0,969.0,2281.0,976.0
2.0,6427.0,3274.0,3233.0,3263.0,3283.0,3283.0,2263.0,970.0,2292.0,982.0
2.0,6416.0,3263.0,3234.0,3283.0,3266.0,3266.0,2264.0,970.0,2285.0,978.0
2.0,6436.0,3225.0,3235.0,3266.0,3228.0,3228.0,2265.0,970.0,2256.0,969.0
2.0,6477.0,3222.0,3234.0,3228.0,3219.0,3219.0,2264.0,970.0,2258.0,964.0
2.0,6483.0,3254.0,3234.0,3219.0,3254.0,3254.0,2264.0,970.0,2278.0,976.0
2.0,6448.0,3204.0,3234.0,3254.0,3204.0,3204.0,2264.0,970.0,2243.0,961.0
2.0,6498.0,3250.0,3234.0,3204.0,3250.0,3250.0,2264.0,970.0,2275.0,975.0
2.0,6452.0,3271.0,3234.0,3250.0,3271.0,3271.0,2264.0,970.0,2288.0,983.0
2.0,6431.0,3274.0,3235.0,3271.0,3277.0,3277.0,2265.0,970.0,2292.0,982.0
2.0,6428.0,3293.0,3237.0,3277.0,3299.0,3299.0,2266.0,971.0,2307.0,986.0
2.0,6412.0,3268.0,3238.0,3299.0,3271.0,3271.0,2267.0,971.0,2288.0,980.0
2.0,6443.0,3274.0,3238.0,3271.0,3274.0,3274.0,2267.0,971.0,2291.0,983.0
2.0,6440.0,3203.0,3238.0,3274.0,3203.0,3203.0,2267.0,971.0,2242.0,961.0
2.0,6511.0,3230.0,3238.0,3203.0,3230.0,3230.0,2267.0,971.0,2261.0,969.0
2.0,6484.0,3268.0,3240.0,3230.0,3274.0,3274.0,2268.0,972.0,2289.0,979.0
2.0,6446.0,3238.0,3240.0,3274.0,3238.0,3238.0,2268.0,972.0,2267.0,971.0
2.0,6482.0,3290.0,3242.0,3238.0,3296.0,3296.0,2270.0,972.0,2302.0,988.0
2.0,6430.0,3277.0,3244.0,3296.0,3283.0,3283.0,2271.0,973.0,2295.0,982.0
2.0,6449.0,3257.0,3244.0,3283.0,3257.0,3257.0,2271.0,973.0,2281.0,976.0
2.0,6475.0,3212.0,3244.0,3257.0,3212.0,3212.0,2271.0,973.0,2249.0,963.0
2.0,6520.0,3274.0,3245.0,3212.0,3277.0,3277.0,2272.0,973.0,2290.0,984.0
2.0,6458.0,3247.0,3245.0,3277.0,3247.0,3247.0,2272.0,973.0,2274.0,973.0
2.0,6488.0,3263.0,3246.0,3247.0,3266.0,3266.0,2272.0,974.0,2284.0,979.0
2.0,6472.0,3253.0,3248.0,3266.0,3259.0,3259.0,2274.0,974.0,2277.0,976.0
2.0,6485.0,3341.0,3251.0,3259.0,3350.0,3350.0,2276.0,975.0,2340.0,1001.0
2.0,6403.0,3231.0,3251.0,3350.0,3231.0,3231.0,2276.0,975.0,2262.0,969.0
2.0,6522.0,3168.0,3248.0,3231.0,3159.0,3159.0,2274.0,974.0,2218.0,950.0
2.0,6585.0,3160.0,3246.0,3159.0,3154.0,3154.0,2272.0,974.0,2211.0,949.0
2.0,6584.0,3296.0,3247.0,3154.0,3299.0,3299.0,2273.0,974.0,2308.0,988.0
2.0,6442.0,3296.0,3250.0,3299.0,3305.0,3305.0,2275.0,975.0,2307.0,989.0
2.0,6445.0,3389.0,3254.0,3305.0,3401.0,3401.0,2278.0,976.0,2372.0,1017.0
2.0,6361.0,3217.0,3254.0,3401.0,3217.0,3217.0,2278.0,976.0,2252.0,965.0
2.0,6545.0,3268.0,3254.0,3217.0,3268.0,3268.0,2278.0,976.0,2288.0,980.0
2.0,6494.0,3185.0,3252.0,3268.0,3179.0,3179.0,2277.0,975.0,2229.0,956.0
2.0,6577.0,3249.0,3251.0,3179.0,3246.0,3246.0,2276.0,975.0,2276.0,973.0
2.0,6507.0,3269.0,3253.0,3246.0,3275.0,3275.0,2277.0,976.0,2288.0,981.0
2.0,6484.0,3347.0,3254.0,3275.0,3350.0,3350.0,2278.0,976.0,2342.0,1005.0
2.0,6412.0,3334.0,3256.0,3350.0,3340.0,3340.0,2279.0,977.0,2335.0,999.0
2.0,6428.0,3224.0,3256.0,3340.0,3224.0,3224.0,2279.0,977.0,2257.0,967.0
2.0,6544.0,3258.0,3257.0,3224.0,3261.0,3261.0,2280.0,977.0,2281.0,977.0
2.0,6510.0,3262.0,3257.0,3261.0,3262.0,3262.0,2280.0,977.0,2284.0,978.0
2.0,6509.0,3207.0,3255.0,3262.0,3201.0,3201.0,2279.0,976.0,2245.0,962.0
2.0,6564.0,3247.0,3257.0,3201.0,3253.0,3253.0,2280.0,977.0,2273.0,974.0
2.0,6518.0,3261.0,3257.0,3253.0,3261.0,3261.0,2280.0,977.0,2284.0,977.0
2.0,6510.0,3228.0,3256.0,3261.0,3225.0,3225.0,2279.0,977.0,2259.0,969.0
2.0,6543.0,3276.0,3257.0,3225.0,3279.0,3279.0,2280.0,977.0,2294.0,982.0
2.0,6492.0,3260.0,3257.0,3279.0,3260.0,3260.0,2280.0,977.0,2281.0,979.0
2.0,6511.0,3192.0,3254.0,3260.0,3183.0,3183.0,2278.0,976.0,2234.0,958.0
2.0,6579.0,3224.0,3254.0,3183.0,3224.0,3224.0,2278.0,976.0,2259.0,965.0
2.0,6538.0,3270.0,3254.0,3224.0,3270.0,3270.0,2278.0,976.0,2287.0,983.0
2.0,6492.0,3307.0,3256.0,3270.0,3313.0,3313.0,2279.0,977.0,2316.0,991.0
2.0,6455.0,3304.0,3257.0,3313.0,3307.0,3307.0,2280.0,977.0,2314.0,990.0
2.0,6464.0,3304.0,3257.0,3307.0,3304.0,3304.0,2280.0,977.0,2311.0,993.0
2.0,6467.0,3204.0,3257.0,3304.0,3204.0,3204.0,2280.0,977.0,2245.0,959.0
2.0,6567.0,3241.0,3257.0,3204.0,3241.0,3241.0,2280.0,977.0,2269.0,972.0
2.0,6530.0,3338.0,3258.0,3241.0,3341.0,3341.0,2281.0,977.0,2336.0,1002.0
2.0,6433.0,3304.0,3260.0,3341.0,3310.0,3310.0,2282.0,978.0,2314.0,990.0
2.0,6470.0,3343.0,3263.0,3310.0,3352.0,3352.0,2284.0,979.0,2340.0,1003.0
2.0,6437.0,3298.0,3264.0,3352.0,3301.0,3301.0,2285.0,979.0,2309.0,989.0
2.0,6491.0,3260.0,3263.0,3301.0,3257.0,3257.0,2284.0,979.0,2282.0,978.0
2.0,6532.0,3254.0,3263.0,3257.0,3254.0,3254.0,2284.0,979.0,2278.0,976.0
2.0,6535.0,3292.0,3263.0,3254.0,3292.0,3292.0,2284.0,979.0,2305.0,987.0
2.0,6497.0,3212.0,3261.0,3292.0,3206.0,3206.0,2283.0,978.0,2248.0,964.0
2.0,6577.0,3294.0,3262.0,3206.0,3297.0,3297.0,2284.0,978.0,2307.0,987.0
2.0,6489.0,3377.0,3265.0,3297.0,3386.0,3386.0,2286.0,979.0,2364.0,1013.0
2.0,6409.0,3311.0,3267.0,3386.0,3317.0,3317.0,2287.0,980.0,2319.0,992.0
2.0,6484.0,3281.0,3267.0,3317.0,3281.0,3281.0,2287.0,980.0,2297.0,984.0
2.0,6520.0,3279.0,3268.0,3281.0,3282.0,3282.0,2288.0,980.0,2294.0,985.0
2.0,6522.0,3242.0,3267.0,3282.0,3239.0,3239.0,2287.0,980.0,2271.0,971.0
2.0,6562.0,3274.0,3267.0,3239.0,3274.0,3274.0,2287.0,980.0,2292.0,982.0
2.0,6527.0,3343.0,3268.0,3274.0,3346.0,3346.0,2288.0,980.0,2339.0,1004.0
2.0,6458.0,3359.0,3271.0,3346.0,3368.0,3368.0,2290.0,981.0,2351.0,1008.0
2.0,6445.0,3328.0,3273.0,3368.0,3334.0,3334.0,2291.0,982.0,2331.0,997.0
2.0,6485.0,3297.0,3274.0,3334.0,3300.0,3300.0,2292.0,982.0,2309.0,988.0
2.0,6522.0,3296.0,3274.0,3300.0,3296.0,3296.0,2292.0,982.0,2305.0,991.0
2.0,6526.0,3262.0,3274.0,3296.0,3262.0,3262.0,2292.0,982.0,2284.0,978.0
2.0,6560.0,3262.0,3273.0,3262.0,3259.0,3259.0,2291.0,982.0,2285.0,977.0
2.0,6560.0,3274.0,3274.0,3259.0,3277.0,3277.0,2292.0,982.0,2293.0,981.0
2.0,6545.0,3363.0,3277.0,3277.0,3372.0,3372.0,2294.0,983.0,2354.0,1009.0
2.0,6459.0,3340.0,3281.0,3372.0,3352.0,3352.0,2297.0,984.0,2338.0,1002.0
2.0,6491.0,3260.0,3280.0,3352.0,3257.0,3257.0,2296.0,984.0,2282.0,978.0
2.0,6583.0,3300.0,3280.0,3257.0,3300.0,3300.0,2296.0,984.0,2310.0,990.0
2.0,6540.0,3254.0,3278.0,3300.0,3248.0,3248.0,2295.0,983.0,2277.0,977.0
2.0,6586.0,3261.0,3278.0,3248.0,3261.0,3261.0,2295.0,983.0,2283.0,978.0
2.0,6573.0,3303.0,3279.0,3261.0,3306.0,3306.0,2296.0,983.0,2313.0,990.0
2.0,6531.0,3329.0,3282.0,3306.0,3338.0,3338.0,2298.0,984.0,2329.0,1000.0
2.0,6508.0,3314.0,3283.0,3338.0,3317.0,3317.0,2298.0,985.0,2321.0,993.0
2.0,6532.0,3311.0,3284.0,3317.0,3314.0,3314.0,2299.0,985.0,2319.0,992.0
2.0,6538.0,3297.0,3283.0,3314.0,3294.0,3294.0,2298.0,985.0,2307.0,990.0
2.0,6555.0,3287.0,3282.0,3294.0,3284.0,3284.0,2298.0,984.0,2301.0,986.0
2.0,6562.0,3294.0,3284.0,3284.0,3300.0,3300.0,2299.0,985.0,2307.0,987.0
2.0,6552.0,3291.0,3284.0,3300.0,3291.0,3291.0,2299.0,985.0,2304.0,987.0
2.0,6561.0,3394.0,3287.0,3291.0,3403.0,3403.0,2301.0,986.0,2376.0,1018.0
2.0,6458.0,3387.0,3290.0,3403.0,3396.0,3396.0,2303.0,987.0,2371.0,1016.0
2.0,6474.0,3320.0,3291.0,3396.0,3323.0,3323.0,2304.0,987.0,2323.0,997.0
2.0,6550.0,3331.0,3293.0,3323.0,3337.0,3337.0,2305.0,988.0,2333.0,998.0
2.0,6542.0,3233.0,3293.0,3337.0,3233.0,3233.0,2305.0,988.0,2263.0,970.0
2.0,6646.0,3240.0,3292.0,3233.0,3237.0,3237.0,2305.0,987.0,2267.0,973.0
2.0,6639.0,3338.0,3294.0,3237.0,3344.0,3344.0,2306.0,988.0,2338.0,1000.0
2.0,6538.0,3299.0,3295.0,3344.0,3302.0,3302.0,2307.0,988.0,2309.0,990.0
2.0,6583.0,3364.0,3298.0,3302.0,3373.0,3373.0,2309.0,989.0,2354.0,1010.0
2.0,6521.0,3315.0,3300.0,3373.0,3321.0,3321.0,2310.0,990.0,2322.0,993.0
2.0,6579.0,3297.0,3300.0,3321.0,3297.0,3297.0,2310.0,990.0,2308.0,989.0
2.0,6603.0,3302.0,3300.0,3297.0,3302.0,3302.0,2310.0,990.0,2312.0,990.0
2.0,6598.0,3258.0,3298.0,3302.0,3252.0,3252.0,2309.0,989.0,2280.0,978.0
2.0,6642.0,3354.0,3301.0,3252.0,3363.0,3363.0,2311.0,990.0,2350.0,1004.0
2.0,6540.0,3304.0,3302.0,3363.0,3307.0,3307.0,2312.0,990.0,2312.0,992.0
2.0,6599.0,3324.0,3302.0,3307.0,3324.0,3324.0,2312.0,990.0,2327.0,997.0
2.0,6582.0,3336.0,3303.0,3324.0,3339.0,3339.0,2312.0,991.0,2335.0,1001.0
2.0,6570.0,3291.0,3301.0,3339.0,3285.0,3285.0,2311.0,990.0,2304.0,987.0
2.0,6618.0,3307.0,3302.0,3285.0,3310.0,3310.0,2312.0,990.0,2315.0,992.0
2.0,6596.0,3260.0,3302.0,3310.0,3260.0,3260.0,2312.0,990.0,2282.0,978.0
2.0,6646.0,3325.0,3303.0,3260.0,3328.0,3328.0,2312.0,991.0,2329.0,996.0
2.0,6581.0,3351.0,3304.0,3328.0,3354.0,3354.0,2313.0,991.0,2347.0,1004.0
2.0,6558.0,3354.0,3307.0,3354.0,3363.0,3363.0,2315.0,992.0,2347.0,1007.0
2.0,6558.0,3339.0,3308.0,3363.0,3342.0,3342.0,2316.0,992.0,2338.0,1001.0
2.0,6582.0,3289.0,3307.0,3342.0,3286.0,3286.0,2315.0,992.0,2302.0,987.0
2.0,6635.0,3292.0,3306.0,3286.0,3289.0,3289.0,2314.0,992.0,2305.0,987.0
2.0,6629.0,3292.0,3306.0,3289.0,3292.0,3292.0,2314.0,992.0,2305.0,987.0
2.0,6626.0,3238.0,3305.0,3292.0,3235.0,3235.0,2314.0,991.0,2266.0,972.0
2.0,6680.0,3323.0,3307.0,3235.0,3329.0,3329.0,2315.0,992.0,2327.0,996.0
2.0,6592.0,3353.0,3308.0,3329.0,3356.0,3356.0,2316.0,992.0,2346.0,1007.0
2.0,6568.0,3406.0,3310.0,3356.0,3412.0,3412.0,2317.0,993.0,2385.0,1021.0
2.0,6518.0,3254.0,3308.0,3412.0,3248.0,3248.0,2316.0,992.0,2279.0,975.0
2.0,6676.0,3343.0,3308.0,3248.0,3343.0,3343.0,2316.0,992.0,2338.0,1005.0
2.0,6581.0,3293.0,3308.0,3343.0,3293.0,3293.0,2316.0,992.0,2305.0,988.0
2.0,6631.0,3388.0,3310.0,3293.0,3394.0,3394.0,2317.0,993.0,2374.0,1014.0
2.0,6536.0,3433.0,3313.0,3394.0,3442.0,3442.0,2319.0,994.0,2403.0,1030.0
2.0,6497.0,3425.0,3316.0,3442.0,3434.0,3434.0,2321.0,995.0,2397.0,1028.0
2.0,6514.0,3298.0,3317.0,3434.0,3301.0,3301.0,2322.0,995.0,2309.0,989.0
2.0,6650.0,3360.0,3317.0,3301.0,3360.0,3360.0,2322.0,995.0,2352.0,1008.0
2.0,6591.0,3254.0,3314.0,3360.0,3245.0,3245.0,2320.0,994.0,2277.0,977.0
2.0,6697.0,3327.0,3316.0,3245.0,3333.0,3333.0,2321.0,995.0,2330.0,997.0
2.0,6615.0,3393.0,3318.0,3333.0,3399.0,3399.0,2323.0,995.0,2376.0,1017.0
2.0,6555.0,3387.0,3320.0,3399.0,3393.0,3393.0,2324.0,996.0,2371.0,1016.0
2.0,6567.0,3444.0,3324.0,3393.0,3456.0,3456.0,2327.0,997.0,2411.0,1033.0
2.0,6516.0,3366.0,3325.0,3456.0,3369.0,3369.0,2328.0,997.0,2355.0,1011.0
2.0,6606.0,3275.0,3324.0,3369.0,3272.0,3272.0,2327.0,997.0,2294.0,981.0
2.0,6700.0,3323.0,3324.0,3272.0,3323.0,3323.0,2327.0,997.0,2327.0,996.0
2.0,6649.0,3317.0,3324.0,3323.0,3317.0,3317.0,2327.0,997.0,2322.0,995.0
2.0,6655.0,3351.0,3325.0,3317.0,3354.0,3354.0,2328.0,997.0,2344.0,1007.0
2.0,6621.0,3400.0,3328.0,3354.0,3409.0,3409.0,2330.0,998.0,2382.0,1018.0
2.0,6575.0,3368.0,3328.0,3409.0,3368.0,3368.0,2330.0,998.0,2357.0,1011.0
2.0,6616.0,3321.0,3330.0,3368.0,3327.0,3327.0,2331.0,999.0,2325.0,996.0
2.0,6663.0,3335.0,3328.0,3327.0,3329.0,3329.0,2330.0,998.0,2334.0,1001.0
2.0,6655.0,3290.0,3327.0,3329.0,3287.0,3287.0,2329.0,998.0,2304.0,986.0
2.0,6694.0,3307.0,3327.0,3287.0,3307.0,3307.0,2329.0,998.0,2315.0,992.0
2.0,6674.0,3321.0,3326.0,3307.0,3318.0,3318.0,2328.0,998.0,2325.0,996.0
2.0,6660.0,3436.0,3330.0,3318.0,3448.0,3448.0,2331.0,999.0,2406.0,1030.0
2.0,6542.0,3373.0,3333.0,3448.0,3382.0,3382.0,2333.0,1000.0,2360.0,1013.0
2.0,6617.0,3347.0,3333.0,3382.0,3347.0,3347.0,2333.0,1000.0,2344.0,1003.0
2.0,6652.0,3310.0,3333.0,3347.0,3310.0,3310.0,2333.0,1000.0,2317.0,993.0
2.0,6689.0,3325.0,3332.0,3310.0,3322.0,3322.0,2333.0,999.0,2327.0,998.0
2.0,6674.0,3285.0,3331.0,3322.0,3282.0,3282.0,2332.0,999.0,2300.0,985.0
2.0,6711.0,3338.0,3332.0,3282.0,3341.0,3341.0,2333.0,999.0,2338.0,1000.0
2.0,6655.0,3397.0,3334.0,3341.0,3403.0,3403.0,2334.0,1000.0,2379.0,1018.0
2.0,6599.0,3356.0,3337.0,3403.0,3365.0,3365.0,2336.0,1001.0,2348.0,1008.0
2.0,6646.0,3364.0,3337.0,3365.0,3364.0,3364.0,2336.0,1001.0,2355.0,1009.0
2.0,6647.0,3297.0,3337.0,3364.0,3297.0,3297.0,2336.0,1001.0,2308.0,989.0
2.0,6714.0,3364.0,3337.0,3297.0,3364.0,3364.0,2336.0,1001.0,2356.0,1008.0
2.0,6647.0,3292.0,3337.0,3364.0,3292.0,3292.0,2336.0,1001.0,2304.0,988.0
2.0,6719.0,3314.0,3337.0,3292.0,3314.0,3314.0,2336.0,1001.0,2320.0,994.0
2.0,6697.0,3328.0,3337.0,3314.0,3328.0,3328.0,2336.0,1001.0,2331.0,997.0
2.0,6683.0,3387.0,3340.0,3328.0,3396.0,3396.0,2338.0,1002.0,2370.0,1017.0
2.0,6624.0,3378.0,3341.0,3396.0,3381.0,3381.0,2339.0,1002.0,2366.0,1012.0
2.0,6642.0,3344.0,3340.0,3381.0,3341.0,3341.0,2338.0,1002.0,2341.0,1003.0
2.0,6679.0,3259.0,3338.0,3341.0,3253.0,3253.0,2337.0,1001.0,2281.0,978.0
2.0,6761.0,3264.0,3337.0,3253.0,3261.0,3261.0,2336.0,1001.0,2286.0,978.0
2.0,6750.0,3350.0,3338.0,3261.0,3353.0,3353.0,2337.0,1001.0,2344.0,1006.0
2.0,6661.0,3421.0,3341.0,3353.0,3430.0,3430.0,2339.0,1002.0,2396.0,1025.0
2.0,6593.0,3420.0,3343.0,3430.0,3426.0,3426.0,2340.0,1003.0,2394.0,1026.0
2.0,6603.0,3407.0,3347.0,3426.0,3419.0,3419.0,2343.0,1004.0,2385.0,1022.0
2.0,6622.0,3398.0,3348.0,3419.0,3401.0,3401.0,2344.0,1004.0,2380.0,1018.0
2.0,6643.0,3310.0,3347.0,3401.0,3307.0,3307.0,2343.0,1004.0,2317.0,993.0
2.0,6734.0,3339.0,3345.0,3307.0,3333.0,3333.0,2342.0,1003.0,2337.0,1002.0
2.0,6702.0,3354.0,3348.0,3333.0,3363.0,3363.0,2344.0,1004.0,2349.0,1005.0
2.0,6681.0,3398.0,3348.0,3363.0,3398.0,3398.0,2344.0,1004.0,2378.0,1020.0
2.0,6646.0,3388.0,3351.0,3398.0,3397.0,3397.0,2346.0,1005.0,2373.0,1015.0
2.0,6656.0,3394.0,3351.0,3397.0,3394.0,3394.0,2346.0,1005.0,2376.0,1018.0
2.0,6659.0,3275.0,3348.0,3394.0,3266.0,3266.0,2344.0,1004.0,2293.0,982.0
2.0,6778.0,3354.0,3347.0,3266.0,3351.0,3351.0,2343.0,1004.0,2347.0,1007.0
2.0,6690.0,3295.0,3347.0,3351.0,3295.0,3295.0,2343.0,1004.0,2307.0,988.0
2.0,6746.0,3345.0,3345.0,3295.0,3339.0,3339.0,2342.0,1003.0,2342.0,1003.0
2.0,6696.0,3380.0,3348.0,3339.0,3389.0,3389.0,2344.0,1004.0,2366.0,1014.0
2.0,6655.0,3361.0,3349.0,3389.0,3364.0,3364.0,2345.0,1004.0,2353.0,1008.0
2.0,6683.0,3294.0,3347.0,3364.0,3288.0,3288.0,2343.0,1004.0,2307.0,987.0
2.0,6753.0,3385.0,3347.0,3288.0,3385.0,3385.0,2343.0,1004.0,2370.0,1015.0
2.0,6656.0,3354.0,3345.0,3385.0,3348.0,3348.0,2342.0,1003.0,2347.0,1007.0
2.0,6687.0,3344.0,3345.0,3348.0,3344.0,3344.0,2342.0,1003.0,2341.0,1003.0
2.0,6691.0,3318.0,3345.0,3344.0,3318.0,3318.0,2342.0,1003.0,2323.0,995.0
2.0,6717.0,3397.0,3347.0,3318.0,3403.0,3403.0,2343.0,1004.0,2379.0,1018.0
2.0,6638.0,3459.0,3350.0,3403.0,3468.0,3468.0,2345.0,1005.0,2421.0,1038.0
2.0,6582.0,3344.0,3350.0,3468.0,3344.0,3344.0,2345.0,1005.0,2341.0,1003.0
2.0,6706.0,3304.0,3348.0,3344.0,3298.0,3298.0,2344.0,1004.0,2312.0,992.0
2.0,6746.0,3354.0,3348.0,3298.0,3354.0,3354.0,2344.0,1004.0,2348.0,1006.0
2.0,6690.0,3353.0,3348.0,3354.0,3353.0,3353.0,2344.0,1004.0,2347.0,1006.0
2.0,6691.0,3398.0,3350.0,3353.0,3404.0,3404.0,2345.0,1005.0,2380.0,1018.0
2.0,6646.0,3411.0,3351.0,3404.0,3414.0,3414.0,2346.0,1005.0,2387.0,1024.0
2.0,6639.0,3479.0,3355.0,3414.0,3491.0,3491.0,2349.0,1006.0,2436.0,1043.0
2.0,6574.0,3417.0,3357.0,3491.0,3423.0,3423.0,2350.0,1007.0,2393.0,1024.0
2.0,6648.0,3322.0,3355.0,3423.0,3316.0,3316.0,2349.0,1006.0,2325.0,997.0
2.0,6749.0,3292.0,3354.0,3316.0,3289.0,3289.0,2348.0,1006.0,2306.0,986.0
2.0,6773.0,3393.0,3354.0,3289.0,3393.0,3393.0,2348.0,1006.0,2373.0,1020.0
2.0,6669.0,3337.0,3354.0,3393.0,3337.0,3337.0,2348.0,1006.0,2337.0,1000.0
2.0,6725.0,3415.0,3357.0,3337.0,3424.0,3424.0,2350.0,1007.0,2392.0,1023.0
2.0,6647.0,3466.0,3360.0,3424.0,3475.0,3475.0,2352.0,1008.0,2426.0,1040.0
2.0,6605.0,3406.0,3361.0,3475.0,3409.0,3409.0,2353.0,1008.0,2383.0,1023.0
2.0,6674.0,3367.0,3361.0,3409.0,3367.0,3367.0,2353.0,1008.0,2359.0,1008.0
2.0,6716.0,3396.0,3361.0,3367.0,3396.0,3396.0,2353.0,1008.0,2375.0,1021.0
2.0,6687.0,3375.0,3361.0,3396.0,3375.0,3375.0,2353.0,1008.0,2363.0,1012.0
2.0,6708.0,3354.0,3362.0,3375.0,3357.0,3357.0,2354.0,1008.0,2349.0,1005.0
2.0,6729.0,3426.0,3364.0,3357.0,3432.0,3432.0,2355.0,1009.0,2399.0,1027.0
2.0,6660.0,3466.0,3367.0,3432.0,3475.0,3475.0,2357.0,1010.0,2426.0,1040.0
2.0,6626.0,3374.0,3368.0,3475.0,3377.0,3377.0,2358.0,1010.0,2361.0,1013.0
2.0,6727.0,3330.0,3368.0,3377.0,3330.0,3330.0,2358.0,1010.0,2331.0,999.0
2.0,6774.0,3362.0,3368.0,3330.0,3362.0,3362.0,2358.0,1010.0,2354.0,1008.0
2.0,6742.0,3395.0,3368.0,3362.0,3395.0,3395.0,2358.0,1010.0,2377.0,1018.0
2.0,6709.0,3394.0,3369.0,3395.0,3397.0,3397.0,2359.0,1010.0,2376.0,1018.0
2.0,6710.0,3476.0,3374.0,3397.0,3491.0,3491.0,2362.0,1012.0,2434.0,1042.0
2.0,6631.0,3406.0,3376.0,3491.0,3412.0,3412.0,2363.0,1013.0,2384.0,1022.0
2.0,6716.0,3487.0,3378.0,3412.0,3493.0,3493.0,2365.0,1013.0,2441.0,1046.0
2.0,6641.0,3398.0,3378.0,3493.0,3398.0,3398.0,2365.0,1013.0,2378.0,1020.0
2.0,6736.0,3388.0,3378.0,3398.0,3388.0,3388.0,2365.0,1013.0,2374.0,1014.0
2.0,6746.0,3292.0,3375.0,3388.0,3283.0,3283.0,2363.0,1012.0,2304.0,988.0
2.0,6842.0,3359.0,3374.0,3283.0,3356.0,3356.0,2362.0,1012.0,2351.0,1008.0
2.0,6766.0,3407.0,3377.0,3356.0,3416.0,3416.0,2364.0,1013.0,2387.0,1020.0
2.0,6715.0,3456.0,3378.0,3416.0,3459.0,3459.0,2365.0,1013.0,2418.0,1038.0
2.0,6675.0,3506.0,3381.0,3459.0,3515.0,3515.0,2367.0,1014.0,2454.0,1052.0
2.0,6628.0,3329.0,3380.0,3515.0,3326.0,3326.0,2366.0,1014.0,2332.0,997.0
2.0,6814.0,3314.0,3378.0,3326.0,3308.0,3308.0,2365.0,1013.0,2319.0,995.0
2.0,6826.0,3383.0,3378.0,3308.0,3383.0,3383.0,2365.0,1013.0,2368.0,1015.0
2.0,6751.0,3414.0,3381.0,3383.0,3423.0,3423.0,2367.0,1014.0,2390.0,1024.0
2.0,6720.0,3427.0,3383.0,3423.0,3433.0,3433.0,2368.0,1015.0,2400.0,1027.0
2.0,6716.0,3414.0,3385.0,3433.0,3420.0,3420.0,2370.0,1015.0,2389.0,1025.0
2.0,6735.0,3390.0,3386.0,3420.0,3393.0,3393.0,2370.0,1016.0,2374.0,1016.0
2.0,6765.0,3374.0,3386.0,3393.0,3374.0,3374.0,2370.0,1016.0,2362.0,1012.0
2.0,6784.0,3351.0,3385.0,3374.0,3348.0,3348.0,2370.0,1015.0,2346.0,1005.0
2.0,6807.0,3355.0,3387.0,3348.0,3361.0,3361.0,2371.0,1016.0,2349.0,1006.0
2.0,6800.0,3358.0,3387.0,3361.0,3358.0,3358.0,2371.0,1016.0,2351.0,1007.0
2.0,6803.0,3421.0,3388.0,3358.0,3424.0,3424.0,2372.0,1016.0,2396.0,1025.0
2.0,6740.0,3410.0,3388.0,3424.0,3410.0,3410.0,2372.0,1016.0,2386.0,1024.0
2.0,6754.0,3448.0,3391.0,3410.0,3457.0,3457.0,2374.0,1017.0,2415.0,1033.0
2.0,6716.0,3411.0,3391.0,3457.0,3411.0,3411.0,2374.0,1017.0,2389.0,1022.0
2.0,6762.0,3348.0,3390.0,3411.0,3345.0,3345.0,2373.0,1017.0,2342.0,1006.0
2.0,6825.0,3351.0,3390.0,3345.0,3351.0,3351.0,2373.0,1017.0,2346.0,1005.0
2.0,6819.0,3381.0,3391.0,3351.0,3384.0,3384.0,2374.0,1017.0,2368.0,1013.0
2.0,6789.0,3480.0,3394.0,3384.0,3489.0,3489.0,2376.0,1018.0,2436.0,1044.0
2.0,6693.0,3487.0,3397.0,3489.0,3496.0,3496.0,2378.0,1019.0,2441.0,1046.0
2.0,6695.0,3475.0,3398.0,3496.0,3478.0,3478.0,2379.0,1019.0,2434.0,1041.0
2.0,6716.0,3367.0,3397.0,3478.0,3364.0,3364.0,2378.0,1019.0,2356.0,1011.0
2.0,6827.0,3328.0,3394.0,3364.0,3319.0,3319.0,2376.0,1018.0,2330.0,998.0
2.0,6863.0,3371.0,3393.0,3319.0,3368.0,3368.0,2375.0,1018.0,2360.0,1011.0
2.0,6811.0,3459.0,3395.0,3368.0,3465.0,3465.0,2377.0,1018.0,2421.0,1038.0
2.0,6720.0,3396.0,3398.0,3465.0,3405.0,3405.0,2379.0,1019.0,2378.0,1018.0
2.0,6789.0,3418.0,3398.0,3405.0,3418.0,3418.0,2379.0,1019.0,2393.0,1025.0
2.0,6776.0,3449.0,3400.0,3418.0,3455.0,3455.0,2380.0,1020.0,2414.0,1035.0
2.0,6745.0,3369.0,3400.0,3455.0,3369.0,3369.0,2380.0,1020.0,2358.0,1011.0
2.0,6831.0,3349.0,3397.0,3369.0,3340.0,3340.0,2378.0,1019.0,2346.0,1003.0
2.0,6851.0,3410.0,3397.0,3340.0,3410.0,3410.0,2378.0,1019.0,2387.0,1023.0
2.0,6781.0,3388.0,3398.0,3410.0,3391.0,3391.0,2379.0,1019.0,2372.0,1016.0
2.0,6803.0,3470.0,3399.0,3391.0,3473.0,3473.0,2380.0,1019.0,2428.0,1042.0
2.0,6724.0,3433.0,3400.0,3473.0,3436.0,3436.0,2380.0,1020.0,2404.0,1029.0
2.0,6764.0,3398.0,3401.0,3436.0,3401.0,3401.0,2381.0,1020.0,2379.0,1019.0
2.0,6802.0,3446.0,3401.0,3401.0,3446.0,3446.0,2381.0,1020.0,2413.0,1033.0
2.0,6757.0,3438.0,3401.0,3446.0,3438.0,3438.0,2381.0,1020.0,2406.0,1032.0
2.0,6765.0,3430.0,3402.0,3438.0,3433.0,3433.0,2382.0,1020.0,2400.0,1030.0
2.0,6773.0,3423.0,3404.0,3433.0,3429.0,3429.0,2383.0,1021.0,2397.0,1026.0
2.0,6783.0,3453.0,3405.0,3429.0,3456.0,3456.0,2384.0,1021.0,2417.0,1036.0
2.0,6759.0,3410.0,3405.0,3456.0,3410.0,3410.0,2384.0,1021.0,2387.0,1023.0
2.0,6805.0,3414.0,3406.0,3410.0,3417.0,3417.0,2384.0,1022.0,2390.0,1024.0
2.0,6801.0,3341.0,3404.0,3417.0,3335.0,3335.0,2383.0,1021.0,2339.0,1002.0
2.0,6877.0,3374.0,3403.0,3335.0,3371.0,3371.0,2382.0,1021.0,2362.0,1012.0
2.0,6838.0,3375.0,3401.0,3371.0,3369.0,3369.0,2381.0,1020.0,2362.0,1013.0
2.0,6834.0,3434.0,3401.0,3369.0,3434.0,3434.0,2381.0,1020.0,2404.0,1030.0
2.0,6769.0,3436.0,3402.0,3434.0,3439.0,3439.0,2382.0,1020.0,2406.0,1030.0
2.0,6767.0,3498.0,3407.0,3439.0,3513.0,3513.0,2385.0,1022.0,2449.0,1049.0
2.0,6708.0,3483.0,3408.0,3513.0,3486.0,3486.0,2386.0,1022.0,2438.0,1045.0
2.0,6738.0,3394.0,3408.0,3486.0,3394.0,3394.0,2386.0,1022.0,2376.0,1018.0
2.0,6830.0,3402.0,3407.0,3394.0,3399.0,3399.0,2385.0,1022.0,2383.0,1019.0
2.0,6822.0,3378.0,3405.0,3399.0,3372.0,3372.0,2384.0,1021.0,2364.0,1014.0
2.0,6843.0,3470.0,3408.0,3372.0,3479.0,3479.0,2386.0,1022.0,2428.0,1042.0
2.0,6745.0,3420.0,3410.0,3479.0,3426.0,3426.0,2387.0,1023.0,2396.0,1024.0
2.0,6804.0,3483.0,3411.0,3426.0,3486.0,3486.0,2388.0,1023.0,2437.0,1046.0
2.0,6747.0,3410.0,3411.0,3486.0,3410.0,3410.0,2388.0,1023.0,2387.0,1023.0
2.0,6823.0,3440.0,3411.0,3410.0,3440.0,3440.0,2388.0,1023.0,2408.0,1032.0
2.0,6793.0,3365.0,3411.0,3440.0,3365.0,3365.0,2388.0,1023.0,2356.0,1009.0
2.0,6868.0,3331.0,3410.0,3365.0,3328.0,3328.0,2387.0,1023.0,2333.0,998.0
2.0,6902.0,3364.0,3410.0,3328.0,3364.0,3364.0,2387.0,1023.0,2355.0,1009.0
2.0,6866.0,3474.0,3412.0,3364.0,3480.0,3480.0,2389.0,1023.0,2431.0,1043.0
2.0,6756.0,3457.0,3414.0,3480.0,3463.0,3463.0,2390.0,1024.0,2422.0,1035.0
2.0,6779.0,3419.0,3415.0,3463.0,3422.0,3422.0,2391.0,1024.0,2392.0,1027.0
2.0,6823.0,3395.0,3414.0,3422.0,3392.0,3392.0,2390.0,1024.0,2376.0,1019.0
2.0,6850.0,3344.0,3413.0,3392.0,3341.0,3341.0,2389.0,1024.0,2342.0,1002.0
2.0,6898.0,3372.0,3411.0,3341.0,3366.0,3366.0,2388.0,1023.0,2361.0,1011.0
2.0,6867.0,3457.0,3413.0,3366.0,3463.0,3463.0,2389.0,1024.0,2420.0,1037.0
2.0,6776.0,3440.0,3414.0,3463.0,3443.0,3443.0,2390.0,1024.0,2407.0,1033.0
2.0,6799.0,3487.0,3417.0,3443.0,3496.0,3496.0,2392.0,1025.0,2443.0,1044.0
2.0,6755.0,3384.0,3417.0,3496.0,3384.0,3384.0,2392.0,1025.0,2369.0,1015.0
2.0,6867.0,3431.0,3417.0,3384.0,3431.0,3431.0,2392.0,1025.0,2402.0,1029.0
2.0,6820.0,3386.0,3414.0,3431.0,3377.0,3377.0,2390.0,1024.0,2369.0,1017.0
2.0,6865.0,3433.0,3414.0,3377.0,3433.0,3433.0,2390.0,1024.0,2403.0,1030.0
2.0,6809.0,3510.0,3417.0,3433.0,3519.0,3519.0,2392.0,1025.0,2459.0,1051.0
2.0,6732.0,3503.0,3420.0,3519.0,3512.0,3512.0,2394.0,1026.0,2452.0,1051.0
2.0,6748.0,3500.0,3422.0,3512.0,3506.0,3506.0,2396.0,1026.0,2449.0,1051.0
2.0,6760.0,3440.0,3421.0,3506.0,3437.0,3437.0,2395.0,1026.0,2408.0,1032.0
2.0,6826.0,3361.0,3421.0,3437.0,3361.0,3361.0,2395.0,1026.0,2353.0,1008.0
2.0,6902.0,3424.0,3421.0,3361.0,3424.0,3424.0,2395.0,1026.0,2397.0,1027.0
2.0,6839.0,3382.0,3420.0,3424.0,3379.0,3379.0,2394.0,1026.0,2369.0,1013.0
2.0,6881.0,3454.0,3421.0,3379.0,3457.0,3457.0,2395.0,1026.0,2417.0,1037.0
2.0,6806.0,3501.0,3424.0,3457.0,3510.0,3510.0,2397.0,1027.0,2451.0,1050.0
2.0,6762.0,3490.0,3426.0,3510.0,3496.0,3496.0,2398.0,1028.0,2444.0,1046.0
2.0,6782.0,3434.0,3427.0,3496.0,3437.0,3437.0,2399.0,1028.0,2405.0,1029.0
2.0,6844.0,3458.0,3427.0,3437.0,3458.0,3458.0,2399.0,1028.0,2421.0,1037.0
2.0,6823.0,3413.0,3426.0,3458.0,3410.0,3410.0,2398.0,1028.0,2388.0,1025.0
2.0,6868.0,3360.0,3425.0,3410.0,3357.0,3357.0,2398.0,1027.0,2352.0,1008.0
2.0,6918.0,3476.0,3426.0,3357.0,3479.0,3479.0,2398.0,1028.0,2433.0,1043.0
2.0,6799.0,3454.0,3427.0,3479.0,3457.0,3457.0,2399.0,1028.0,2419.0,1035.0
2.0,6824.0,3488.0,3427.0,3457.0,3488.0,3488.0,2399.0,1028.0,2440.0,1048.0
2.0,6793.0,3487.0,3428.0,3488.0,3490.0,3490.0,2400.0,1028.0,2442.0,1045.0
2.0,6794.0,3497.0,3430.0,3490.0,3503.0,3503.0,2401.0,1029.0,2449.0,1048.0
2.0,6787.0,3444.0,3430.0,3503.0,3444.0,3444.0,2401.0,1029.0,2411.0,1033.0
2.0,6846.0,3439.0,3431.0,3444.0,3442.0,3442.0,2402.0,1029.0,2406.0,1033.0
2.0,6851.0,3469.0,3433.0,3442.0,3475.0,3475.0,2403.0,1030.0,2429.0,1040.0
2.0,6824.0,3487.0,3435.0,3475.0,3493.0,3493.0,2405.0,1030.0,2441.0,1046.0
2.0,6812.0,3461.0,3437.0,3493.0,3467.0,3467.0,2406.0,1031.0,2424.0,1037.0
2.0,6844.0,3441.0,3437.0,3467.0,3441.0,3441.0,2406.0,1031.0,2409.0,1032.0
2.0,6870.0,3484.0,3438.0,3441.0,3487.0,3487.0,2407.0,1031.0,2437.0,1047.0
2.0,6827.0,3448.0,3437.0,3487.0,3445.0,3445.0,2406.0,1031.0,2416.0,1032.0
2.0,6866.0,3438.0,3437.0,3445.0,3438.0,3438.0,2406.0,1031.0,2406.0,1032.0
2.0,6873.0,3496.0,3438.0,3438.0,3499.0,3499.0,2407.0,1031.0,2447.0,1049.0
2.0,6815.0,3457.0,3440.0,3499.0,3463.0,3463.0,2408.0,1032.0,2420.0,1037.0
2.0,6857.0,3435.0,3440.0,3463.0,3435.0,3435.0,2408.0,1032.0,2406.0,1029.0
2.0,6885.0,3421.0,3440.0,3435.0,3421.0,3421.0,2408.0,1032.0,2394.0,1027.0
2.0,6899.0,3480.0,3441.0,3421.0,3483.0,3483.0,2409.0,1032.0,2437.0,1043.0
2.0,6840.0,3404.0,3438.0,3483.0,3395.0,3395.0,2407.0,1031.0,2382.0,1022.0
2.0,6919.0,3473.0,3440.0,3395.0,3479.0,3479.0,2408.0,1032.0,2432.0,1041.0
2.0,6841.0,3501.0,3441.0,3479.0,3504.0,3504.0,2409.0,1032.0,2450.0,1051.0
2.0,6819.0,3474.0,3444.0,3504.0,3483.0,3483.0,2411.0,1033.0,2433.0,1041.0
2.0,6849.0,3487.0,3447.0,3483.0,3496.0,3496.0,2413.0,1034.0,2441.0,1046.0
2.0,6845.0,3530.0,3450.0,3496.0,3539.0,3539.0,2415.0,1035.0,2471.0,1059.0
2.0,6811.0,3440.0,3448.0,3539.0,3434.0,3434.0,2414.0,1034.0,2408.0,1032.0
2.0,6910.0,3442.0,3448.0,3434.0,3442.0,3442.0,2414.0,1034.0,2410.0,1032.0
2.0,6902.0,3455.0,3450.0,3442.0,3461.0,3461.0,2415.0,1035.0,2419.0,1036.0
2.0,6889.0,3471.0,3451.0,3461.0,3474.0,3474.0,2416.0,1035.0,2431.0,1040.0
2.0,6879.0,3558.0,3455.0,3474.0,3570.0,3570.0,2419.0,1036.0,2489.0,1069.0
2.0,6795.0,3506.0,3457.0,3570.0,3512.0,3512.0,2420.0,1037.0,2456.0,1050.0
2.0,6859.0,3492.0,3458.0,3512.0,3495.0,3495.0,2421.0,1037.0,2445.0,1047.0
2.0,6879.0,3425.0,3458.0,3495.0,3425.0,3425.0,2421.0,1037.0,2398.0,1027.0
2.0,6949.0,3460.0,3457.0,3425.0,3457.0,3457.0,2420.0,1037.0,2422.0,1038.0
2.0,6914.0,3453.0,3458.0,3457.0,3456.0,3456.0,2421.0,1037.0,2416.0,1037.0
2.0,6918.0,3501.0,3460.0,3456.0,3507.0,3507.0,2422.0,1038.0,2452.0,1049.0
2.0,6873.0,3506.0,3462.0,3507.0,3512.0,3512.0,2424.0,1038.0,2453.0,1053.0
2.0,6874.0,3510.0,3464.0,3512.0,3516.0,3516.0,2425.0,1039.0,2458.0,1052.0
2.0,6876.0,3475.0,3463.0,3516.0,3472.0,3472.0,2424.0,1039.0,2433.0,1042.0
2.0,6917.0,3464.0,3463.0,3472.0,3464.0,3464.0,2424.0,1039.0,2424.0,1040.0
2.0,6925.0,3481.0,3462.0,3464.0,3478.0,3478.0,2424.0,1038.0,2437.0,1044.0
2.0,6908.0,3427.0,3462.0,3478.0,3427.0,3427.0,2424.0,1038.0,2399.0,1028.0
2.0,6959.0,3454.0,3464.0,3427.0,3460.0,3460.0,2425.0,1039.0,2419.0,1035.0
2.0,6932.0,3556.0,3467.0,3460.0,3565.0,3565.0,2427.0,1040.0,2489.0,1067.0
2.0,6836.0,3464.0,3468.0,3565.0,3467.0,3467.0,2428.0,1040.0,2426.0,1038.0
2.0,6937.0,3500.0,3468.0,3467.0,3500.0,3500.0,2428.0,1040.0,2448.0,1052.0
2.0,6904.0,3570.0,3470.0,3500.0,3576.0,3576.0,2429.0,1041.0,2500.0,1070.0
2.0,6834.0,3478.0,3470.0,3576.0,3478.0,3478.0,2429.0,1041.0,2435.0,1043.0
2.0,6932.0,3464.0,3470.0,3478.0,3464.0,3464.0,2429.0,1041.0,2426.0,1038.0
2.0,6946.0,3424.0,3470.0,3464.0,3424.0,3424.0,2429.0,1041.0,2396.0,1028.0
2.0,6986.0,3504.0,3471.0,3424.0,3507.0,3507.0,2430.0,1041.0,2454.0,1050.0
2.0,6906.0,3530.0,3474.0,3507.0,3539.0,3539.0,2432.0,1042.0,2472.0,1058.0
2.0,6883.0,3522.0,3475.0,3539.0,3525.0,3525.0,2433.0,1042.0,2464.0,1058.0
2.0,6900.0,3434.0,3475.0,3525.0,3434.0,3434.0,2433.0,1042.0,2406.0,1028.0
2.0,6991.0,3449.0,3474.0,3434.0,3446.0,3446.0,2432.0,1042.0,2414.0,1035.0
2.0,6976.0,3517.0,3475.0,3446.0,3520.0,3520.0,2433.0,1042.0,2463.0,1054.0
2.0,6905.0,3527.0,3475.0,3520.0,3527.0,3527.0,2433.0,1042.0,2467.0,1060.0
2.0,6898.0,3531.0,3477.0,3527.0,3537.0,3537.0,2434.0,1043.0,2473.0,1058.0
2.0,6894.0,3560.0,3480.0,3537.0,3569.0,3569.0,2436.0,1044.0,2492.0,1068.0
2.0,6871.0,3510.0,3480.0,3569.0,3510.0,3510.0,2436.0,1044.0,2458.0,1052.0
2.0,6930.0,3461.0,3480.0,3510.0,3461.0,3461.0,2436.0,1044.0,2422.0,1039.0
2.0,6979.0,3436.0,3480.0,3461.0,3436.0,3436.0,2436.0,1044.0,2405.0,1031.0
2.0,7004.0,3470.0,3480.0,3436.0,3470.0,3470.0,2436.0,1044.0,2429.0,1041.0
2.0,6970.0,3518.0,3481.0,3470.0,3521.0,3521.0,2437.0,1044.0,2464.0,1054.0
2.0,6922.0,3523.0,3482.0,3521.0,3526.0,3526.0,2438.0,1044.0,2465.0,1058.0
2.0,6920.0,3500.0,3483.0,3526.0,3503.0,3503.0,2438.0,1045.0,2451.0,1049.0
2.0,6946.0,3464.0,3483.0,3503.0,3464.0,3464.0,2438.0,1045.0,2424.0,1040.0
2.0,6985.0,3520.0,3484.0,3464.0,3523.0,3523.0,2439.0,1045.0,2465.0,1055.0
2.0,6929.0,3494.0,3485.0,3523.0,3497.0,3497.0,2440.0,1045.0,2447.0,1047.0
2.0,6958.0,3516.0,3487.0,3497.0,3522.0,3522.0,2441.0,1046.0,2460.0,1056.0
2.0,6939.0,3478.0,3487.0,3522.0,3478.0,3478.0,2441.0,1046.0,2435.0,1043.0
2.0,6983.0,3574.0,3490.0,3478.0,3583.0,3583.0,2443.0,1047.0,2502.0,1072.0
2.0,6887.0,3545.0,3491.0,3583.0,3548.0,3548.0,2444.0,1047.0,2483.0,1062.0
2.0,6925.0,3511.0,3491.0,3548.0,3511.0,3511.0,2444.0,1047.0,2458.0,1053.0
2.0,6962.0,3520.0,3493.0,3511.0,3526.0,3526.0,2445.0,1048.0,2463.0,1057.0
2.0,6953.0,3507.0,3493.0,3526.0,3507.0,3507.0,2445.0,1048.0,2455.0,1052.0
2.0,6972.0,3404.0,3491.0,3507.0,3398.0,3398.0,2444.0,1047.0,2384.0,1020.0
2.0,7075.0,3530.0,3492.0,3398.0,3533.0,3533.0,2445.0,1047.0,2470.0,1060.0
2.0,6943.0,3564.0,3494.0,3533.0,3570.0,3570.0,2446.0,1048.0,2497.0,1067.0
2.0,6912.0,3514.0,3495.0,3570.0,3517.0,3517.0,2447.0,1048.0,2458.0,1056.0
2.0,6968.0,3516.0,3497.0,3517.0,3522.0,3522.0,2448.0,1049.0,2462.0,1054.0
2.0,6969.0,3455.0,3494.0,3522.0,3446.0,3446.0,2446.0,1048.0,2420.0,1035.0
2.0,7036.0,3447.0,3494.0,3446.0,3447.0,3447.0,2446.0,1048.0,2412.0,1035.0
2.0,7035.0,3520.0,3494.0,3447.0,3520.0,3520.0,2446.0,1048.0,2464.0,1056.0
2.0,6962.0,3557.0,3497.0,3520.0,3566.0,3566.0,2448.0,1049.0,2490.0,1067.0
2.0,6925.0,3538.0,3498.0,3566.0,3541.0,3541.0,2449.0,1049.0,2478.0,1060.0
2.0,6953.0,3547.0,3500.0,3541.0,3553.0,3553.0,2450.0,1050.0,2482.0,1065.0
2.0,6947.0,3537.0,3501.0,3553.0,3540.0,3540.0,2451.0,1050.0,2477.0,1060.0
2.0,6963.0,3461.0,3500.0,3540.0,3458.0,3458.0,2450.0,1050.0,2422.0,1039.0
2.0,7042.0,3401.0,3497.0,3458.0,3392.0,3392.0,2448.0,1049.0,2382.0,1019.0
2.0,7099.0,3464.0,3497.0,3392.0,3464.0,3464.0,2448.0,1049.0,2425.0,1039.0
2.0,7027.0,3523.0,3498.0,3464.0,3526.0,3526.0,2449.0,1049.0,2465.0,1058.0
2.0,6968.0,3478.0,3498.0,3526.0,3478.0,3478.0,2449.0,1049.0,2435.0,1043.0
2.0,7016.0,3592.0,3501.0,3478.0,3601.0,3601.0,2451.0,1050.0,2514.0,1078.0
2.0,6902.0,3554.0,3504.0,3601.0,3563.0,3563.0,2453.0,1051.0,2489.0,1065.0
2.0,6949.0,3457.0,3501.0,3563.0,3448.0,3448.0,2451.0,1050.0,2419.0,1038.0
2.0,7055.0,3493.0,3502.0,3448.0,3496.0,3496.0,2452.0,1050.0,2445.0,1048.0
2.0,7010.0,3478.0,3501.0,3496.0,3475.0,3475.0,2451.0,1050.0,2435.0,1043.0
2.0,7028.0,3419.0,3498.0,3475.0,3410.0,3410.0,2449.0,1049.0,2394.0,1025.0
2.0,7084.0,3556.0,3500.0,3410.0,3562.0,3562.0,2450.0,1050.0,2490.0,1066.0
2.0,6938.0,3504.0,3501.0,3562.0,3507.0,3507.0,2451.0,1050.0,2452.0,1052.0
2.0,6996.0,3524.0,3503.0,3507.0,3530.0,3530.0,2452.0,1051.0,2468.0,1056.0
2.0,6979.0,3508.0,3503.0,3530.0,3508.0,3508.0,2452.0,1051.0,2456.0,1052.0
2.0,7001.0,3467.0,3501.0,3508.0,3461.0,3461.0,2451.0,1050.0,2426.0,1041.0
2.0,7042.0,3432.0,3500.0,3461.0,3429.0,3429.0,2450.0,1050.0,2404.0,1028.0
2.0,7071.0,3513.0,3501.0,3429.0,3516.0,3516.0,2451.0,1050.0,2458.0,1055.0
2.0,6987.0,3537.0,3504.0,3516.0,3546.0,3546.0,2453.0,1051.0,2477.0,1060.0
2.0,6966.0,3636.0,3506.0,3546.0,3642.0,3642.0,2454.0,1052.0,2545.0,1091.0
2.0,6876.0,3518.0,3505.0,3642.0,3515.0,3515.0,2454.0,1051.0,2463.0,1055.0
2.0,7000.0,3511.0,3505.0,3515.0,3511.0,3511.0,2454.0,1051.0,2458.0,1053.0
2.0,7004.0,3496.0,3504.0,3511.0,3493.0,3493.0,2453.0,1051.0,2449.0,1047.0
2.0,7019.0,3482.0,3504.0,3493.0,3482.0,3482.0,2453.0,1051.0,2438.0,1044.0
2.0,7030.0,3570.0,3505.0,3482.0,3573.0,3573.0,2454.0,1051.0,2498.0,1072.0
2.0,6942.0,3566.0,3508.0,3573.0,3575.0,3575.0,2456.0,1052.0,2496.0,1070.0
2.0,6949.0,3591.0,3510.0,3575.0,3597.0,3597.0,2457.0,1053.0,2515.0,1076.0
2.0,6933.0,3548.0,3511.0,3597.0,3551.0,3551.0,2458.0,1053.0,2485.0,1063.0
2.0,6982.0,3517.0,3511.0,3551.0,3517.0,3517.0,2458.0,1053.0,2462.0,1055.0
2.0,7016.0,3479.0,3510.0,3517.0,3476.0,3476.0,2457.0,1053.0,2435.0,1044.0
2.0,7054.0,3493.0,3511.0,3476.0,3496.0,3496.0,2458.0,1053.0,2446.0,1047.0
2.0,7037.0,3483.0,3510.0,3496.0,3480.0,3480.0,2457.0,1053.0,2437.0,1046.0
2.0,7050.0,3566.0,3511.0,3480.0,3569.0,3569.0,2458.0,1053.0,2495.0,1071.0
2.0,6964.0,3595.0,3513.0,3569.0,3601.0,3601.0,2459.0,1054.0,2518.0,1077.0
2.0,6938.0,3580.0,3515.0,3601.0,3586.0,3586.0,2461.0,1054.0,2506.0,1074.0
2.0,6959.0,3537.0,3514.0,3586.0,3534.0,3534.0,2460.0,1054.0,2475.0,1062.0
2.0,7008.0,3484.0,3513.0,3534.0,3481.0,3481.0,2459.0,1054.0,2440.0,1044.0
2.0,7058.0,3477.0,3513.0,3481.0,3477.0,3477.0,2459.0,1054.0,2434.0,1043.0
2.0,7062.0,3534.0,3513.0,3477.0,3534.0,3534.0,2459.0,1054.0,2474.0,1060.0
2.0,7005.0,3594.0,3514.0,3534.0,3597.0,3597.0,2460.0,1054.0,2515.0,1079.0
2.0,6945.0,3594.0,3518.0,3597.0,3606.0,3606.0,2463.0,1055.0,2517.0,1077.0
2.0,6948.0,3475.0,3517.0,3606.0,3472.0,3472.0,2462.0,1055.0,2434.0,1041.0
2.0,7079.0,3534.0,3517.0,3472.0,3534.0,3534.0,2462.0,1055.0,2474.0,1060.0
2.0,7017.0,3488.0,3516.0,3534.0,3485.0,3485.0,2461.0,1055.0,2441.0,1047.0
2.0,7063.0,3503.0,3515.0,3485.0,3500.0,3500.0,2461.0,1054.0,2452.0,1051.0
2.0,7045.0,3593.0,3518.0,3500.0,3602.0,3602.0,2463.0,1055.0,2515.0,1078.0
2.0,6952.0,3571.0,3521.0,3602.0,3580.0,3580.0,2465.0,1056.0,2502.0,1069.0
2.0,6983.0,3581.0,3522.0,3580.0,3584.0,3584.0,2466.0,1056.0,2505.0,1076.0
2.0,6982.0,3584.0,3522.0,3584.0,3584.0,3584.0,2466.0,1056.0,2510.0,1074.0
2.0,6982.0,3518.0,3522.0,3584.0,3518.0,3518.0,2466.0,1056.0,2463.0,1055.0
2.0,7048.0,3544.0,3522.0,3518.0,3544.0,3544.0,2466.0,1056.0,2481.0,1063.0
2.0,7022.0,3501.0,3521.0,3544.0,3498.0,3498.0,2465.0,1056.0,2450.0,1051.0
2.0,7065.0,3548.0,3523.0,3498.0,3554.0,3554.0,2466.0,1057.0,2485.0,1063.0
2.0,7015.0,3603.0,3527.0,3554.0,3615.0,3615.0,2469.0,1058.0,2523.0,1080.0
2.0,6966.0,3614.0,3530.0,3615.0,3623.0,3623.0,2471.0,1059.0,2530.0,1084.0
2.0,6967.0,3591.0,3531.0,3623.0,3594.0,3594.0,2472.0,1059.0,2515.0,1076.0
2.0,6999.0,3511.0,3531.0,3594.0,3511.0,3511.0,2472.0,1059.0,2456.0,1055.0
2.0,7082.0,3554.0,3531.0,3511.0,3554.0,3554.0,2472.0,1059.0,2490.0,1064.0
2.0,7039.0,3537.0,3531.0,3554.0,3537.0,3537.0,2472.0,1059.0,2476.0,1061.0
2.0,7056.0,3563.0,3533.0,3537.0,3569.0,3569.0,2473.0,1060.0,2493.0,1070.0
2.0,7030.0,3556.0,3534.0,3569.0,3559.0,3559.0,2474.0,1060.0,2490.0,1066.0
2.0,7043.0,3535.0,3535.0,3559.0,3538.0,3538.0,2475.0,1060.0,2473.0,1062.0
2.0,7067.0,3636.0,3539.0,3538.0,3648.0,3648.0,2478.0,1061.0,2546.0,1090.0
2.0,6969.0,3603.0,3540.0,3648.0,3606.0,3606.0,2478.0,1062.0,2523.0,1080.0
2.0,7014.0,3596.0,3541.0,3606.0,3599.0,3599.0,2479.0,1062.0,2516.0,1080.0
2.0,7024.0,3557.0,3542.0,3599.0,3560.0,3560.0,2480.0,1062.0,2490.0,1067.0
2.0,7066.0,3611.0,3544.0,3560.0,3617.0,3617.0,2481.0,1063.0,2530.0,1081.0
2.0,7015.0,3594.0,3547.0,3617.0,3603.0,3603.0,2483.0,1064.0,2515.0,1079.0
2.0,7038.0,3626.0,3551.0,3603.0,3638.0,3638.0,2486.0,1065.0,2539.0,1087.0
2.0,7015.0,3581.0,3552.0,3638.0,3584.0,3584.0,2487.0,1065.0,2508.0,1073.0
2.0,7072.0,3596.0,3553.0,3584.0,3599.0,3599.0,2487.0,1066.0,2515.0,1081.0
2.0,7060.0,3483.0,3550.0,3599.0,3474.0,3474.0,2485.0,1065.0,2440.0,1043.0
2.0,7176.0,3560.0,3551.0,3474.0,3563.0,3563.0,2486.0,1065.0,2492.0,1068.0
2.0,7090.0,3524.0,3551.0,3563.0,3524.0,3524.0,2486.0,1065.0,2467.0,1057.0
2.0,7129.0,3604.0,3553.0,3524.0,3610.0,3610.0,2487.0,1066.0,2523.0,1081.0
2.0,7049.0,3614.0,3555.0,3610.0,3620.0,3620.0,2489.0,1066.0,2529.0,1085.0
2.0,7045.0,3560.0,3555.0,3620.0,3560.0,3560.0,2489.0,1066.0,2492.0,1068.0
2.0,7105.0,3472.0,3554.0,3560.0,3469.0,3469.0,2488.0,1066.0,2432.0,1040.0
2.0,7193.0,3524.0,3553.0,3469.0,3521.0,3521.0,2487.0,1066.0,2466.0,1058.0
2.0,7138.0,3567.0,3553.0,3521.0,3567.0,3567.0,2487.0,1066.0,2498.0,1069.0
2.0,7092.0,3555.0,3554.0,3567.0,3558.0,3558.0,2488.0,1066.0,2489.0,1066.0
2.0,7104.0,3657.0,3557.0,3558.0,3666.0,3666.0,2490.0,1067.0,2560.0,1097.0
2.0,7005.0,3554.0,3558.0,3666.0,3557.0,3557.0,2491.0,1067.0,2489.0,1065.0
2.0,7117.0,3556.0,3560.0,3557.0,3562.0,3562.0,2492.0,1068.0,2488.0,1068.0
2.0,7118.0,3558.0,3560.0,3562.0,3558.0,3558.0,2492.0,1068.0,2491.0,1067.0
2.0,7122.0,3607.0,3560.0,3558.0,3607.0,3607.0,2492.0,1068.0,2525.0,1082.0
2.0,7073.0,3543.0,3558.0,3607.0,3537.0,3537.0,2491.0,1067.0,2480.0,1063.0
2.0,7137.0,3595.0,3560.0,3537.0,3601.0,3601.0,2492.0,1068.0,2517.0,1078.0
2.0,7079.0,3609.0,3562.0,3601.0,3615.0,3615.0,2494.0,1068.0,2526.0,1083.0
2.0,7071.0,3673.0,3567.0,3615.0,3688.0,3688.0,2497.0,1070.0,2571.0,1102.0
2.0,7013.0,3603.0,3568.0,3688.0,3606.0,3606.0,2498.0,1070.0,2523.0,1080.0
2.0,7098.0,3570.0,3567.0,3606.0,3567.0,3567.0,2497.0,1070.0,2499.0,1071.0
2.0,7134.0,3533.0,3566.0,3567.0,3530.0,3530.0,2496.0,1070.0,2472.0,1061.0
2.0,7168.0,3521.0,3567.0,3530.0,3524.0,3524.0,2497.0,1070.0,2466.0,1055.0
2.0,7177.0,3523.0,3567.0,3524.0,3523.0,3523.0,2497.0,1070.0,2466.0,1057.0
2.0,7178.0,3613.0,3568.0,3523.0,3616.0,3616.0,2498.0,1070.0,2528.0,1085.0
2.0,7088.0,3596.0,3571.0,3616.0,3605.0,3605.0,2500.0,1071.0,2519.0,1077.0
2.0,7108.0,3634.0,3571.0,3605.0,3634.0,3634.0,2500.0,1071.0,2544.0,1090.0
2.0,7079.0,3565.0,3571.0,3634.0,3565.0,3565.0,2500.0,1071.0,2496.0,1069.0
2.0,7148.0,3515.0,3570.0,3565.0,3512.0,3512.0,2499.0,1071.0,2460.0,1055.0
2.0,7198.0,3601.0,3571.0,3512.0,3604.0,3604.0,2500.0,1071.0,2522.0,1079.0
2.0,7109.0,3581.0,3571.0,3604.0,3581.0,3581.0,2500.0,1071.0,2507.0,1074.0
2.0,7132.0,3621.0,3573.0,3581.0,3627.0,3627.0,2501.0,1072.0,2534.0,1087.0
2.0,7092.0,3595.0,3575.0,3627.0,3601.0,3601.0,2503.0,1072.0,2519.0,1076.0
2.0,7124.0,3583.0,3575.0,3601.0,3583.0,3583.0,2503.0,1072.0,2506.0,1077.0
2.0,7142.0,3569.0,3575.0,3583.0,3569.0,3569.0,2503.0,1072.0,2501.0,1068.0
2.0,7156.0,3565.0,3574.0,3569.0,3562.0,3562.0,2502.0,1072.0,2495.0,1070.0
2.0,7160.0,3540.0,3573.0,3562.0,3537.0,3537.0,2501.0,1072.0,2478.0,1062.0
2.0,7182.0,3587.0,3574.0,3537.0,3590.0,3590.0,2502.0,1072.0,2512.0,1075.0
2.0,7132.0,3594.0,3575.0,3590.0,3597.0,3597.0,2503.0,1072.0,2514.0,1080.0
2.0,7128.0,3585.0,3577.0,3597.0,3591.0,3591.0,2504.0,1073.0,2511.0,1074.0
2.0,7140.0,3668.0,3578.0,3591.0,3671.0,3671.0,2505.0,1073.0,2569.0,1099.0
2.0,7063.0,3598.0,3579.0,3671.0,3601.0,3601.0,2506.0,1073.0,2518.0,1080.0
2.0,7136.0,3567.0,3580.0,3601.0,3570.0,3570.0,2506.0,1074.0,2497.0,1070.0
2.0,7170.0,3513.0,3577.0,3570.0,3504.0,3504.0,2504.0,1073.0,2461.0,1052.0
2.0,7227.0,3656.0,3578.0,3504.0,3659.0,3659.0,2505.0,1073.0,2558.0,1098.0
2.0,7075.0,3641.0,3579.0,3659.0,3644.0,3644.0,2506.0,1073.0,2549.0,1092.0
2.0,7093.0,3587.0,3580.0,3644.0,3590.0,3590.0,2506.0,1074.0,2512.0,1075.0
2.0,7150.0,3591.0,3580.0,3590.0,3591.0,3591.0,2506.0,1074.0,2513.0,1078.0
2.0,7149.0,3560.0,3578.0,3591.0,3554.0,3554.0,2505.0,1073.0,2492.0,1068.0
2.0,7180.0,3565.0,3577.0,3554.0,3562.0,3562.0,2504.0,1073.0,2495.0,1070.0
2.0,7169.0,3538.0,3577.0,3562.0,3538.0,3538.0,2504.0,1073.0,2479.0,1059.0
2.0,7193.0,3588.0,3577.0,3538.0,3588.0,3588.0,2504.0,1073.0,2512.0,1076.0
2.0,7143.0,3609.0,3579.0,3588.0,3615.0,3615.0,2506.0,1073.0,2525.0,1084.0
2.0,7122.0,3564.0,3579.0,3615.0,3564.0,3564.0,2506.0,1073.0,2495.0,1069.0
2.0,7173.0,3582.0,3580.0,3564.0,3585.0,3585.0,2506.0,1074.0,2509.0,1073.0
2.0,7155.0,3568.0,3580.0,3585.0,3568.0,3568.0,2506.0,1074.0,2498.0,1070.0
2.0,7172.0,3624.0,3580.0,3568.0,3624.0,3624.0,2506.0,1074.0,2537.0,1087.0
2.0,7116.0,3528.0,3579.0,3624.0,3525.0,3525.0,2506.0,1073.0,2470.0,1058.0
2.0,7212.0,3654.0,3582.0,3525.0,3663.0,3663.0,2508.0,1074.0,2558.0,1096.0
2.0,7083.0,3663.0,3585.0,3663.0,3672.0,3672.0,2510.0,1075.0,2564.0,1099.0
2.0,7083.0,3622.0,3587.0,3672.0,3628.0,3628.0,2511.0,1076.0,2536.0,1086.0
2.0,7133.0,3654.0,3588.0,3628.0,3657.0,3657.0,2512.0,1076.0,2558.0,1096.0
2.0,7107.0,3638.0,3588.0,3657.0,3638.0,3638.0,2512.0,1076.0,2546.0,1092.0
2.0,7126.0,3539.0,3588.0,3638.0,3539.0,3539.0,2512.0,1076.0,2480.0,1059.0
2.0,7225.0,3578.0,3588.0,3539.0,3578.0,3578.0,2512.0,1076.0,2504.0,1074.0
2.0,7186.0,3605.0,3588.0,3578.0,3605.0,3605.0,2512.0,1076.0,2524.0,1081.0
2.0,7159.0,3637.0,3590.0,3605.0,3643.0,3643.0,2513.0,1077.0,2547.0,1090.0
2.0,7127.0,3641.0,3591.0,3643.0,3644.0,3644.0,2514.0,1077.0,2548.0,1093.0
2.0,7129.0,3607.0,3591.0,3644.0,3607.0,3607.0,2514.0,1077.0,2525.0,1082.0
2.0,7166.0,3525.0,3590.0,3607.0,3522.0,3522.0,2513.0,1077.0,2469.0,1056.0
2.0,7248.0,3577.0,3588.0,3522.0,3571.0,3571.0,2512.0,1076.0,2503.0,1074.0
2.0,7193.0,3548.0,3587.0,3571.0,3545.0,3545.0,2511.0,1076.0,2485.0,1063.0
2.0,7216.0,3616.0,3588.0,3545.0,3619.0,3619.0,2512.0,1076.0,2530.0,1086.0
2.0,7145.0,3651.0,3590.0,3619.0,3657.0,3657.0,2513.0,1077.0,2557.0,1094.0
2.0,7113.0,3648.0,3592.0,3657.0,3654.0,3654.0,2515.0,1077.0,2554.0,1094.0
2.0,7122.0,3584.0,3594.0,3654.0,3590.0,3590.0,2516.0,1078.0,2510.0,1074.0
2.0,7192.0,3593.0,3594.0,3590.0,3593.0,3593.0,2516.0,1078.0,2515.0,1078.0
2.0,7189.0,3512.0,3592.0,3593.0,3506.0,3506.0,2515.0,1077.0,2458.0,1054.0
2.0,7270.0,3561.0,3591.0,3506.0,3558.0,3558.0,2514.0,1077.0,2494.0,1067.0
2.0,7215.0,3660.0,3592.0,3558.0,3663.0,3663.0,2515.0,1077.0,2561.0,1099.0
2.0,7113.0,3687.0,3595.0,3663.0,3696.0,3696.0,2517.0,1078.0,2581.0,1106.0
2.0,7089.0,3664.0,3597.0,3696.0,3670.0,3670.0,2518.0,1079.0,2566.0,1098.0
2.0,7121.0,3614.0,3597.0,3670.0,3614.0,3614.0,2518.0,1079.0,2530.0,1084.0
2.0,7177.0,3565.0,3597.0,3614.0,3565.0,3565.0,2518.0,1079.0,2496.0,1069.0
2.0,7226.0,3611.0,3597.0,3565.0,3611.0,3611.0,2518.0,1079.0,2528.0,1083.0
2.0,7180.0,3656.0,3598.0,3611.0,3659.0,3659.0,2519.0,1079.0,2558.0,1098.0
2.0,7135.0,3618.0,3599.0,3659.0,3621.0,3621.0,2520.0,1079.0,2534.0,1084.0
2.0,7176.0,3624.0,3600.0,3621.0,3627.0,3627.0,2520.0,1080.0,2537.0,1087.0
2.0,7173.0,3644.0,3602.0,3627.0,3650.0,3650.0,2522.0,1080.0,2551.0,1093.0
2.0,7156.0,3632.0,3603.0,3650.0,3635.0,3635.0,2522.0,1081.0,2543.0,1089.0
2.0,7174.0,3661.0,3604.0,3635.0,3664.0,3664.0,2523.0,1081.0,2564.0,1097.0
2.0,7148.0,3521.0,3603.0,3664.0,3518.0,3518.0,2522.0,1081.0,2464.0,1057.0
2.0,7291.0,3541.0,3601.0,3518.0,3535.0,3535.0,2521.0,1080.0,2480.0,1061.0
2.0,7268.0,3592.0,3601.0,3535.0,3592.0,3592.0,2521.0,1080.0,2515.0,1077.0
2.0,7211.0,3671.0,3602.0,3592.0,3674.0,3674.0,2522.0,1080.0,2569.0,1102.0
2.0,7132.0,3684.0,3605.0,3674.0,3693.0,3693.0,2524.0,1081.0,2579.0,1105.0
2.0,7122.0,3592.0,3604.0,3693.0,3589.0,3589.0,2523.0,1081.0,2514.0,1078.0
2.0,7223.0,3561.0,3603.0,3589.0,3558.0,3558.0,2522.0,1081.0,2494.0,1067.0
2.0,7251.0,3504.0,3601.0,3558.0,3498.0,3498.0,2521.0,1080.0,2452.0,1052.0
2.0,7305.0,3634.0,3602.0,3498.0,3637.0,3637.0,2522.0,1080.0,2545.0,1089.0
2.0,7169.0,3607.0,3604.0,3637.0,3613.0,3613.0,2523.0,1081.0,2526.0,1081.0
2.0,7199.0,3650.0,3605.0,3613.0,3653.0,3653.0,2524.0,1081.0,2554.0,1096.0
2.0,7162.0,3650.0,3607.0,3653.0,3656.0,3656.0,2525.0,1082.0,2556.0,1094.0
2.0,7165.0,3627.0,3608.0,3656.0,3630.0,3630.0,2526.0,1082.0,2539.0,1088.0
2.0,7194.0,3640.0,3608.0,3630.0,3640.0,3640.0,2526.0,1082.0,2547.0,1093.0
2.0,7184.0,3564.0,3608.0,3640.0,3564.0,3564.0,2526.0,1082.0,2495.0,1069.0
2.0,7260.0,3567.0,3608.0,3564.0,3567.0,3567.0,2526.0,1082.0,2497.0,1070.0
2.0,7257.0,3598.0,3608.0,3567.0,3598.0,3598.0,2526.0,1082.0,2519.0,1079.0
2.0,7226.0,3678.0,3610.0,3598.0,3684.0,3684.0,2527.0,1083.0,2576.0,1102.0
2.0,7146.0,3667.0,3612.0,3684.0,3673.0,3673.0,2529.0,1083.0,2567.0,1100.0
2.0,7163.0,3642.0,3612.0,3673.0,3642.0,3642.0,2529.0,1083.0,2550.0,1092.0
2.0,7194.0,3591.0,3611.0,3642.0,3588.0,3588.0,2528.0,1083.0,2515.0,1076.0
2.0,7245.0,3591.0,3610.0,3588.0,3588.0,3588.0,2527.0,1083.0,2513.0,1078.0
2.0,7242.0,3614.0,3609.0,3588.0,3611.0,3611.0,2527.0,1082.0,2530.0,1084.0
2.0,7216.0,3727.0,3611.0,3611.0,3733.0,3733.0,2528.0,1083.0,2608.0,1119.0
2.0,7100.0,3669.0,3614.0,3733.0,3678.0,3678.0,2530.0,1084.0,2570.0,1099.0
2.0,7164.0,3664.0,3615.0,3678.0,3667.0,3667.0,2531.0,1084.0,2564.0,1100.0
2.0,7178.0,3658.0,3617.0,3667.0,3664.0,3664.0,2532.0,1085.0,2561.0,1097.0
2.0,7187.0,3604.0,3615.0,3664.0,3598.0,3598.0,2531.0,1084.0,2523.0,1081.0
2.0,7247.0,3624.0,3615.0,3598.0,3624.0,3624.0,2531.0,1084.0,2537.0,1087.0
2.0,7221.0,3600.0,3615.0,3624.0,3600.0,3600.0,2531.0,1084.0,2520.0,1080.0
2.0,7245.0,3651.0,3618.0,3600.0,3660.0,3660.0,2533.0,1085.0,2557.0,1094.0
2.0,7194.0,3640.0,3618.0,3660.0,3640.0,3640.0,2533.0,1085.0,2547.0,1093.0
2.0,7214.0,3643.0,3621.0,3640.0,3652.0,3652.0,2535.0,1086.0,2551.0,1092.0
2.0,7211.0,3633.0,3621.0,3652.0,3633.0,3633.0,2535.0,1086.0,2544.0,1089.0
2.0,7230.0,3627.0,3621.0,3633.0,3627.0,3627.0,2535.0,1086.0,2538.0,1089.0
2.0,7236.0,3599.0,3620.0,3627.0,3596.0,3596.0,2534.0,1086.0,2520.0,1079.0
2.0,7264.0,3645.0,3621.0,3596.0,3648.0,3648.0,2535.0,1086.0,2553.0,1092.0
2.0,7215.0,3614.0,3621.0,3648.0,3614.0,3614.0,2535.0,1086.0,2528.0,1086.0
2.0,7249.0,3700.0,3625.0,3614.0,3712.0,3712.0,2538.0,1087.0,2590.0,1110.0
2.0,7163.0,3661.0,3627.0,3712.0,3667.0,3667.0,2539.0,1088.0,2564.0,1097.0
2.0,7214.0,3653.0,3627.0,3667.0,3653.0,3653.0,2539.0,1088.0,2557.0,1096.0
2.0,7228.0,3620.0,3625.0,3653.0,3614.0,3614.0,2538.0,1087.0,2534.0,1086.0
2.0,7261.0,3674.0,3625.0,3614.0,3674.0,3674.0,2538.0,1087.0,2572.0,1102.0
2.0,7201.0,3631.0,3625.0,3674.0,3631.0,3631.0,2538.0,1087.0,2542.0,1089.0
2.0,7244.0,3588.0,3627.0,3631.0,3594.0,3594.0,2539.0,1088.0,2512.0,1076.0
2.0,7287.0,3714.0,3628.0,3594.0,3717.0,3717.0,2540.0,1088.0,2600.0,1114.0
2.0,7167.0,3709.0,3629.0,3717.0,3712.0,3712.0,2541.0,1088.0,2597.0,1112.0
2.0,7175.0,3669.0,3630.0,3712.0,3672.0,3672.0,2541.0,1089.0,2569.0,1100.0
2.0,7218.0,3619.0,3630.0,3672.0,3619.0,3619.0,2541.0,1089.0,2534.0,1085.0
2.0,7271.0,3654.0,3630.0,3619.0,3654.0,3654.0,2541.0,1089.0,2558.0,1096.0
2.0,7236.0,3596.0,3630.0,3654.0,3596.0,3596.0,2541.0,1089.0,2517.0,1079.0
2.0,7294.0,3584.0,3628.0,3596.0,3578.0,3578.0,2540.0,1088.0,2508.0,1076.0
2.0,7306.0,3673.0,3631.0,3578.0,3682.0,3682.0,2542.0,1089.0,2571.0,1102.0
2.0,7211.0,3659.0,3633.0,3682.0,3665.0,3665.0,2543.0,1090.0,2562.0,1097.0
2.0,7234.0,3674.0,3635.0,3665.0,3680.0,3680.0,2545.0,1090.0,2571.0,1103.0
2.0,7225.0,3651.0,3634.0,3680.0,3648.0,3648.0,2544.0,1090.0,2556.0,1095.0
2.0,7254.0,3651.0,3634.0,3648.0,3651.0,3651.0,2544.0,1090.0,2558.0,1093.0
2.0,7251.0,3639.0,3634.0,3651.0,3639.0,3639.0,2544.0,1090.0,2545.0,1094.0
2.0,7263.0,3626.0,3636.0,3639.0,3632.0,3632.0,2545.0,1091.0,2539.0,1087.0
2.0,7276.0,3717.0,3640.0,3632.0,3729.0,3729.0,2548.0,1092.0,2603.0,1114.0
2.0,7191.0,3717.0,3641.0,3729.0,3720.0,3720.0,2549.0,1092.0,2601.0,1116.0
2.0,7203.0,3693.0,3643.0,3720.0,3699.0,3699.0,2550.0,1093.0,2586.0,1107.0
2.0,7230.0,3693.0,3644.0,3699.0,3696.0,3696.0,2551.0,1093.0,2586.0,1107.0
2.0,7236.0,3620.0,3644.0,3696.0,3620.0,3620.0,2551.0,1093.0,2533.0,1087.0
2.0,7312.0,3643.0,3644.0,3620.0,3643.0,3643.0,2551.0,1093.0,2550.0,1093.0
2.0,7289.0,3779.0,3647.0,3643.0,3788.0,3788.0,2553.0,1094.0,2645.0,1134.0
2.0,7153.0,3725.0,3650.0,3788.0,3734.0,3734.0,2555.0,1095.0,2607.0,1118.0
2.0,7216.0,3727.0,3653.0,3734.0,3736.0,3736.0,2557.0,1096.0,2609.0,1118.0
2.0,7223.0,3667.0,3654.0,3736.0,3670.0,3670.0,2558.0,1096.0,2568.0,1099.0
2.0,7292.0,3640.0,3653.0,3670.0,3637.0,3637.0,2557.0,1096.0,2548.0,1092.0
2.0,7322.0,3580.0,3651.0,3637.0,3574.0,3574.0,2556.0,1095.0,2505.0,1075.0
2.0,7379.0,3580.0,3650.0,3574.0,3577.0,3577.0,2555.0,1095.0,2507.0,1073.0
2.0,7373.0,3699.0,3653.0,3577.0,3708.0,3708.0,2557.0,1096.0,2588.0,1111.0
2.0,7251.0,3723.0,3655.0,3708.0,3729.0,3729.0,2559.0,1096.0,2606.0,1117.0
2.0,7236.0,3677.0,3646.425643827993,3729.0,3651.0,3651.0,2552.5304352680255,1093.8952085599676,2575.0,1102.0
2.0,7288.0,3711.0,3656.041944668497,3651.0,3740.0,3740.0,2559.247619459169,1096.7943252093278,2598.0,1113.0
2.0,7228.0,3671.0,3647.9955814518835,3740.0,3647.0,3647.0,2553.6116232739246,1094.383958177959,2570.0,1101.0
2.0,7297.0,3612.0,3624.5799106190734,3647.0,3542.0,3542.0,2537.274830250252,1087.3050803688216,2528.0,1084.0
2.0,7332.0,3592.0,3605.6780979032715,3542.0,3535.0,3535.0,2524.0925365996773,1081.5855613035942,2516.0,1076.0
2.0,7282.0,3721.0,3640.4297834556864,3535.0,3825.0,3825.0,2548.414678153606,1092.0151053020802,2605.0,1116.0
2.0,7096.0,3716.0,3654.0907536400837,3825.0,3757.0,3757.0,2557.90765541583,1096.1830982242534,2602.0,1114.0
2.0,7205.0,3666.0,3645.380565539138,3757.0,3640.0,3640.0,2551.8076185674527,1093.5729469716853,2565.0,1101.0
2.0,7296.0,3671.0,3643.08764773254,3640.0,3664.0,3664.0,2550.207888145925,1092.8797595866151,2570.0,1101.0
2.0,7265.0,3650.0,3635.049358373134,3664.0,3626.0,3626.0,2544.6017342285522,1090.447624144582,2555.0,1095.0
2.0,7279.0,3601.0,3614.0196207840963,3626.0,3538.0,3538.0,2529.9214841739813,1084.098136610115,2521.0,1080.0
2.0,7304.0,3597.0,3602.5006247566625,3538.0,3563.0,3563.0,2521.92233689597,1080.5782878606924,2517.0,1080.0
2.0,7245.0,3727.0,3640.147196739207,3563.0,3839.0,3839.0,2548.21499244746,1091.9322042917472,2611.0,1116.0
2.0,7081.0,3681.0,3642.81661281555,3839.0,3690.0,3690.0,2550.0413458434778,1092.7752669720721,2576.0,1105.0
2.0,7239.0,3753.0,3666.626432295095,3690.0,3824.0,3824.0,2566.6480067209677,1099.9784255741274,2628.0,1125.0
2.0,7176.0,3656.0,3647.8213428872823,3824.0,3600.0,3600.0,2553.458615628366,1094.3627272589163,2560.0,1096.0
2.0,7344.0,3635.0,3632.6807308160096,3600.0,3589.0,3589.0,2542.923832910653,1089.756897905357,2544.0,1091.0
2.0,7309.0,3615.0,3618.283863594036,3589.0,3572.0,3572.0,2532.909870392289,1085.3739932017472,2530.0,1085.0
2.0,7283.0,3720.0,3645.9080007679268,3572.0,3803.0,3803.0,2552.2249811699985,1093.6830195979285,2605.0,1115.0
2.0,7135.0,3703.0,3653.2104205702167,3803.0,3724.0,3724.0,2557.306584604539,1095.903835965678,2591.0,1112.0
2.0,7235.0,3704.0,3656.995083640495,3724.0,3716.0,3716.0,2559.908242760771,1097.0868408797241,2594.0,1110.0
2.0,7255.0,3759.0,3675.823433351736,3716.0,3816.0,3816.0,2573.075285163827,1102.748148187909,2630.0,1129.0
2.0,7212.0,3720.0,3672.8649822066313,3816.0,3711.0,3711.0,2570.9417280677944,1101.923254138837,2606.0,1114.0
2.0,7308.0,3608.0,3636.1096466833205,3711.0,3497.0,3497.0,2545.2827585495615,1090.8268881337588,2525.0,1083.0
2.0,7411.0,3644.0,3630.697426255157,3497.0,3628.0,3628.0,2541.559704553064,1089.1377217020931,2552.0,1092.0
2.0,7264.0,3661.0,3633.2707525928445,3628.0,3669.0,3669.0,2543.3906135165216,1089.8801390763228,2563.0,1098.0
2.0,7231.0,3770.0,3667.9005996203514,3669.0,3874.0,3874.0,2567.5879391248504,1100.312660495501,2639.0,1131.0
2.0,7130.0,3757.0,3679.962712568952,3874.0,3793.0,3793.0,2575.9634819098,1103.9992306591523,2629.0,1128.0
2.0,7247.0,3692.0,3666.5568716414987,3793.0,3652.0,3652.0,2566.5324339556814,1100.0244376858172,2586.0,1106.0
2.0,7348.0,3654.0,3648.8837657025224,3652.0,3601.0,3601.0,2554.2273841396436,1094.6563815628788,2557.0,1097.0
2.0,7346.0,3638.0,3634.779564930891,3601.0,3596.0,3596.0,2544.4104994301224,1090.3690655007688,2547.0,1091.0
2.0,7309.0,3604.0,3615.557441068441,3596.0,3546.0,3546.0,2531.0032993956875,1084.554141672754,2524.0,1080.0
2.0,7301.0,3657.0,3624.693379641566,3546.0,3684.0,3684.0,2537.427903918527,1087.265475723039,2560.0,1097.0
2.0,7190.0,3641.0,3622.772431369132,3684.0,3636.0,3636.0,2536.074999422748,1086.6974319463839,2549.0,1092.0
2.0,7233.0,3686.0,3636.9438283972895,3636.0,3728.0,3728.0,2545.9766903116524,1090.9671380856369,2580.0,1106.0
2.0,7183.0,3704.0,3649.2013793763435,3728.0,3740.0,3740.0,2554.522472671176,1094.6789067051675,2592.0,1112.0
2.0,7207.0,3744.0,3666.8138363330077,3740.0,3798.0,3798.0,2566.766682553931,1100.0471537790768,2623.0,1121.0
2.0,7203.0,3718.0,3667.847448048838,3798.0,3721.0,3721.0,2567.4579403960024,1100.3895076528356,2603.0,1115.0
2.0,7283.0,3688.0,3659.647641907178,3721.0,3663.0,3663.0,2561.724626726592,1097.9230151805862,2582.0,1106.0
2.0,7316.0,3717.0,3665.079719545961,3663.0,3733.0,3733.0,2565.544172923299,1099.5355466226622,2602.0,1115.0
2.0,7262.0,3685.0,3657.6073494381612,3733.0,3663.0,3663.0,2560.320455591427,1097.286893846734,2580.0,1105.0
2.0,7310.0,3753.0,3675.075768885128,3663.0,3805.0,3805.0,2572.55786513438,1102.517903750748,2626.0,1127.0
2.0,7220.0,3810.0,3698.245210523348,3805.0,3879.0,3879.0,2588.7011455759025,1109.5440649474453,2668.0,1142.0
2.0,7215.0,3672.0,3669.860703726963,3879.0,3588.0,3588.0,2568.8121323347536,1101.0485713922092,2571.0,1101.0
2.0,7422.0,3661.0,3653.4145582926094,3588.0,3611.0,3611.0,2557.376469649986,1096.0380886426233,2563.0,1098.0
2.0,7349.0,3669.0,3647.8781483372322,3611.0,3653.0,3653.0,2553.5672890197748,1094.3108593174572,2568.0,1101.0
2.0,7291.0,3695.0,3652.9955433136993,3653.0,3710.0,3710.0,2557.1573732651805,1095.8381700485186,2587.0,1108.0
2.0,7249.0,3700.0,3656.5433533696196,3710.0,3711.0,3711.0,2559.620680818923,1096.9226725506965,2591.0,1109.0
2.0,7259.0,3734.0,3668.6290640543966,3711.0,3770.0,3770.0,2568.058450014203,1100.5706140401935,2614.0,1120.0
2.0,7236.0,3744.0,3677.178005486231,3770.0,3769.0,3769.0,2574.0061724555453,1103.171833030686,2621.0,1123.0
