id,inv,demand,forecast,received_shipment,order,Order_Supplier_0,Forecast_Retailer_0,Forecast_Retailer_1,Demand_Retailer_0,Demand_Retailer_1
0.0,0.0,999.0,999.0,0.0,2997.0,2997.0,702.0,297.0,702.0,297.0
0.0,0.0,999.0,999.0,2997.0,1998.0,1998.0,702.0,297.0,702.0,297.0
0.0,999.0,17.0,672.0,1998.0,0.0,0.0,474.0,198.0,17.0,0.0
0.0,2980.0,344.0,590.0,0.0,0.0,0.0,416.0,174.0,244.0,100.0
0.0,2636.0,346.0,541.0,0.0,0.0,0.0,381.0,160.0,240.0,106.0
0.0,2290.0,354.0,510.0,0.0,0.0,0.0,360.0,150.0,252.0,102.0
0.0,1936.0,363.0,489.0,0.0,0.0,0.0,345.0,144.0,255.0,108.0
0.0,1573.0,358.0,473.0,0.0,204.0,204.0,334.0,139.0,258.0,100.0
0.0,1215.0,350.0,459.0,204.0,308.0,308.0,324.0,135.0,245.0,105.0
0.0,1069.0,352.0,448.0,308.0,319.0,319.0,316.0,132.0,243.0,109.0
0.0,1025.0,349.0,439.0,319.0,322.0,322.0,309.0,130.0,246.0,103.0
0.0,995.0,358.0,433.0,322.0,340.0,340.0,305.0,128.0,252.0,106.0
0.0,959.0,345.0,425.0,340.0,321.0,321.0,299.0,126.0,235.0,110.0
0.0,954.0,355.0,421.0,321.0,343.0,343.0,296.0,125.0,250.0,105.0
0.0,920.0,344.0,416.0,343.0,329.0,329.0,292.0,124.0,239.0,105.0
0.0,919.0,349.0,411.0,329.0,334.0,334.0,289.0,122.0,244.0,105.0
0.0,899.0,347.0,407.0,334.0,335.0,335.0,286.0,121.0,244.0,103.0
0.0,886.0,352.0,404.0,335.0,343.0,343.0,284.0,120.0,247.0,105.0
0.0,869.0,351.0,401.0,343.0,342.0,342.0,282.0,119.0,247.0,104.0
0.0,861.0,355.0,400.0,342.0,352.0,352.0,281.0,119.0,249.0,106.0
0.0,848.0,346.0,397.0,352.0,337.0,337.0,279.0,118.0,243.0,103.0
0.0,854.0,360.0,395.0,337.0,354.0,354.0,277.0,118.0,250.0,110.0
0.0,831.0,337.0,393.0,354.0,331.0,331.0,276.0,117.0,241.0,96.0
0.0,848.0,351.0,391.0,331.0,345.0,345.0,275.0,116.0,246.0,105.0
0.0,828.0,352.0,390.0,345.0,349.0,349.0,274.0,116.0,249.0,103.0
0.0,821.0,350.0,387.0,349.0,341.0,341.0,272.0,115.0,245.0,105.0
0.0,820.0,346.0,386.0,341.0,343.0,343.0,271.0,115.0,242.0,104.0
0.0,815.0,346.0,384.0,343.0,340.0,340.0,270.0,114.0,242.0,104.0
0.0,812.0,352.0,383.0,340.0,349.0,349.0,269.0,114.0,244.0,108.0
0.0,800.0,352.0,383.0,349.0,352.0,352.0,269.0,114.0,248.0,104.0
0.0,797.0,347.0,382.0,352.0,344.0,344.0,268.0,114.0,242.0,105.0
0.0,802.0,352.0,380.0,344.0,346.0,346.0,267.0,113.0,246.0,106.0
0.0,794.0,352.0,380.0,346.0,352.0,352.0,267.0,113.0,246.0,106.0
0.0,788.0,355.0,379.0,352.0,352.0,352.0,266.0,113.0,249.0,106.0
0.0,785.0,356.0,379.0,352.0,356.0,356.0,266.0,113.0,250.0,106.0
0.0,781.0,351.0,378.0,356.0,348.0,348.0,265.0,113.0,247.0,104.0
0.0,786.0,345.0,376.0,348.0,339.0,339.0,264.0,112.0,242.0,103.0
0.0,789.0,346.0,376.0,339.0,346.0,346.0,264.0,112.0,240.0,106.0
0.0,782.0,356.0,375.0,346.0,353.0,353.0,263.0,112.0,250.0,106.0
0.0,772.0,356.0,375.0,353.0,356.0,356.0,263.0,112.0,249.0,107.0
0.0,769.0,341.0,374.0,356.0,338.0,338.0,262.0,112.0,234.0,107.0
0.0,784.0,352.0,373.0,338.0,349.0,349.0,262.0,111.0,251.0,101.0
0.0,770.0,357.0,373.0,349.0,357.0,357.0,262.0,111.0,248.0,109.0
0.0,762.0,353.0,372.0,357.0,350.0,350.0,261.0,111.0,245.0,108.0
0.0,766.0,354.0,372.0,350.0,354.0,354.0,261.0,111.0,244.0,110.0
0.0,762.0,349.0,372.0,354.0,349.0,349.0,261.0,111.0,242.0,107.0
0.0,767.0,365.0,371.0,349.0,362.0,362.0,260.0,111.0,251.0,114.0
0.0,751.0,362.0,371.0,362.0,362.0,362.0,260.0,111.0,255.0,107.0
0.0,751.0,366.0,371.0,362.0,366.0,366.0,260.0,111.0,256.0,110.0
0.0,747.0,366.0,371.0,366.0,366.0,366.0,260.0,111.0,256.0,110.0
0.0,747.0,365.0,371.0,366.0,365.0,365.0,260.0,111.0,257.0,108.0
0.0,748.0,360.0,371.0,365.0,360.0,360.0,260.0,111.0,250.0,110.0
0.0,753.0,372.0,359.0,360.0,336.0,336.0,251.0,108.0,258.0,114.0
0.0,741.0,382.0,347.0,336.0,346.0,346.0,243.0,104.0,266.0,116.0
0.0,695.0,368.0,354.0,346.0,389.0,389.0,248.0,106.0,257.0,111.0
0.0,673.0,380.0,354.0,389.0,380.0,380.0,248.0,106.0,267.0,113.0
0.0,682.0,387.0,356.0,380.0,393.0,393.0,249.0,107.0,272.0,115.0
0.0,675.0,391.0,356.0,393.0,391.0,391.0,249.0,107.0,272.0,119.0
0.0,677.0,378.0,356.0,391.0,378.0,378.0,249.0,107.0,268.0,110.0
0.0,690.0,381.0,356.0,378.0,381.0,381.0,249.0,107.0,269.0,112.0
0.0,687.0,385.0,357.0,381.0,388.0,388.0,250.0,107.0,274.0,111.0
0.0,683.0,383.0,357.0,388.0,383.0,383.0,250.0,107.0,268.0,115.0
0.0,688.0,402.0,359.0,383.0,408.0,408.0,251.0,108.0,284.0,118.0
0.0,669.0,389.0,360.0,408.0,392.0,392.0,252.0,108.0,271.0,118.0
0.0,688.0,392.0,360.0,392.0,392.0,392.0,252.0,108.0,277.0,115.0
0.0,688.0,387.0,361.0,392.0,390.0,390.0,253.0,108.0,271.0,116.0
0.0,693.0,397.0,362.0,390.0,400.0,400.0,254.0,108.0,282.0,115.0
0.0,686.0,394.0,363.0,400.0,397.0,397.0,254.0,109.0,280.0,114.0
0.0,692.0,390.0,364.0,397.0,393.0,393.0,255.0,109.0,273.0,117.0
0.0,699.0,377.0,364.0,393.0,377.0,377.0,255.0,109.0,263.0,114.0
0.0,715.0,387.0,365.0,377.0,390.0,390.0,256.0,109.0,269.0,118.0
0.0,705.0,384.0,365.0,390.0,384.0,384.0,256.0,109.0,272.0,112.0
0.0,711.0,392.0,367.0,384.0,398.0,398.0,257.0,110.0,276.0,116.0
0.0,703.0,386.0,367.0,398.0,386.0,386.0,257.0,110.0,265.0,121.0
0.0,715.0,393.0,368.0,386.0,396.0,396.0,258.0,110.0,279.0,114.0
0.0,708.0,376.0,368.0,396.0,376.0,376.0,258.0,110.0,263.0,113.0
0.0,728.0,385.0,369.0,376.0,388.0,388.0,258.0,111.0,269.0,116.0
0.0,719.0,386.0,370.0,388.0,389.0,389.0,259.0,111.0,273.0,113.0
0.0,721.0,393.0,371.0,389.0,396.0,396.0,260.0,111.0,273.0,120.0
0.0,717.0,391.0,371.0,396.0,391.0,391.0,260.0,111.0,279.0,112.0
0.0,722.0,389.0,372.0,391.0,392.0,392.0,261.0,111.0,274.0,115.0
0.0,724.0,383.0,373.0,392.0,386.0,386.0,261.0,112.0,268.0,115.0
0.0,733.0,387.0,374.0,386.0,390.0,390.0,262.0,112.0,273.0,114.0
0.0,732.0,383.0,374.0,390.0,383.0,383.0,262.0,112.0,266.0,117.0
0.0,739.0,380.0,375.0,383.0,383.0,383.0,263.0,112.0,268.0,112.0
0.0,742.0,387.0,375.0,383.0,387.0,387.0,263.0,112.0,274.0,113.0
0.0,738.0,386.0,376.0,387.0,389.0,389.0,264.0,112.0,276.0,110.0
0.0,739.0,389.0,376.0,389.0,389.0,389.0,264.0,112.0,276.0,113.0
0.0,739.0,385.0,378.0,389.0,391.0,391.0,265.0,113.0,269.0,116.0
0.0,743.0,391.0,378.0,391.0,391.0,391.0,265.0,113.0,276.0,115.0
0.0,743.0,389.0,379.0,391.0,392.0,392.0,266.0,113.0,269.0,120.0
0.0,745.0,393.0,379.0,392.0,393.0,393.0,266.0,113.0,274.0,119.0
0.0,744.0,385.0,381.0,393.0,391.0,391.0,267.0,114.0,268.0,117.0
0.0,752.0,380.0,381.0,391.0,380.0,380.0,267.0,114.0,263.0,117.0
0.0,763.0,388.0,381.0,380.0,388.0,388.0,267.0,114.0,267.0,121.0
0.0,755.0,393.0,382.0,388.0,396.0,396.0,268.0,114.0,274.0,119.0
0.0,750.0,387.0,383.0,396.0,390.0,390.0,268.0,115.0,268.0,119.0
0.0,759.0,384.0,384.0,390.0,387.0,387.0,269.0,115.0,268.0,116.0
0.0,765.0,381.0,384.0,387.0,381.0,381.0,269.0,115.0,263.0,118.0
0.0,771.0,387.0,384.0,381.0,387.0,387.0,269.0,115.0,264.0,123.0
0.0,765.0,394.0,385.0,387.0,397.0,397.0,270.0,115.0,275.0,119.0
0.0,758.0,403.0,385.0,397.0,403.0,403.0,270.0,115.0,282.0,121.0
0.0,752.0,396.0,387.0,403.0,402.0,402.0,271.0,116.0,276.0,120.0
0.0,759.0,400.0,387.0,402.0,400.0,400.0,271.0,116.0,278.0,122.0
0.0,761.0,411.0,388.0,400.0,414.0,414.0,272.0,116.0,286.0,125.0
0.0,750.0,406.0,388.0,414.0,406.0,406.0,272.0,116.0,282.0,124.0
0.0,758.0,408.0,389.0,406.0,411.0,411.0,272.0,117.0,284.0,124.0
0.0,756.0,422.0,390.0,411.0,425.0,425.0,273.0,117.0,295.0,127.0
0.0,745.0,405.0,390.0,425.0,405.0,405.0,273.0,117.0,281.0,124.0
0.0,765.0,422.0,391.0,405.0,425.0,425.0,274.0,117.0,295.0,127.0
0.0,748.0,422.0,391.0,425.0,422.0,422.0,274.0,117.0,295.0,127.0
0.0,751.0,421.0,393.0,422.0,427.0,427.0,275.0,118.0,296.0,125.0
0.0,752.0,428.0,393.0,427.0,428.0,428.0,275.0,118.0,300.0,128.0
0.0,751.0,429.0,394.0,428.0,432.0,432.0,276.0,118.0,298.0,131.0
0.0,750.0,432.0,395.0,432.0,435.0,435.0,276.0,119.0,304.0,128.0
0.0,750.0,422.0,396.0,435.0,425.0,425.0,277.0,119.0,294.0,128.0
0.0,763.0,437.0,396.0,425.0,437.0,437.0,277.0,119.0,306.0,131.0
0.0,751.0,429.0,397.0,437.0,432.0,432.0,278.0,119.0,300.0,129.0
0.0,759.0,430.0,398.0,432.0,433.0,433.0,278.0,120.0,303.0,127.0
0.0,761.0,430.0,398.0,433.0,430.0,430.0,278.0,120.0,300.0,130.0
0.0,764.0,426.0,399.0,430.0,429.0,429.0,279.0,120.0,301.0,125.0
0.0,768.0,426.0,400.0,429.0,429.0,429.0,280.0,120.0,298.0,128.0
0.0,771.0,422.0,400.0,429.0,422.0,422.0,280.0,120.0,297.0,125.0
0.0,778.0,413.0,402.0,422.0,419.0,419.0,281.0,121.0,287.0,126.0
0.0,787.0,419.0,402.0,419.0,419.0,419.0,281.0,121.0,295.0,124.0
0.0,787.0,413.0,402.0,419.0,413.0,413.0,281.0,121.0,289.0,124.0
0.0,793.0,416.0,403.0,413.0,419.0,419.0,282.0,121.0,286.0,130.0
0.0,790.0,419.0,403.0,419.0,419.0,419.0,282.0,121.0,297.0,122.0
0.0,790.0,417.0,405.0,419.0,423.0,423.0,283.0,122.0,291.0,126.0
0.0,792.0,418.0,405.0,423.0,418.0,418.0,283.0,122.0,292.0,126.0
0.0,797.0,413.0,405.0,418.0,413.0,413.0,283.0,122.0,289.0,124.0
0.0,802.0,422.0,406.0,413.0,425.0,425.0,284.0,122.0,296.0,126.0
0.0,793.0,423.0,406.0,425.0,423.0,423.0,284.0,122.0,299.0,124.0
0.0,795.0,427.0,408.0,423.0,433.0,433.0,285.0,123.0,301.0,126.0
0.0,791.0,425.0,408.0,433.0,425.0,425.0,285.0,123.0,298.0,127.0
0.0,799.0,421.0,409.0,425.0,424.0,424.0,286.0,123.0,300.0,121.0
0.0,803.0,427.0,410.0,424.0,430.0,430.0,287.0,123.0,305.0,122.0
0.0,800.0,427.0,410.0,430.0,427.0,427.0,287.0,123.0,303.0,124.0
0.0,803.0,407.0,411.0,427.0,410.0,410.0,287.0,124.0,284.0,123.0
0.0,823.0,423.0,412.0,410.0,426.0,426.0,288.0,124.0,300.0,123.0
0.0,810.0,423.0,412.0,426.0,423.0,423.0,288.0,124.0,298.0,125.0
0.0,813.0,419.0,413.0,423.0,422.0,422.0,289.0,124.0,294.0,125.0
0.0,817.0,425.0,413.0,422.0,425.0,425.0,289.0,124.0,297.0,128.0
0.0,814.0,420.0,414.0,425.0,423.0,423.0,290.0,124.0,293.0,127.0
0.0,819.0,423.0,415.0,423.0,426.0,426.0,290.0,125.0,295.0,128.0
0.0,819.0,414.0,416.0,426.0,417.0,417.0,291.0,125.0,289.0,125.0
0.0,831.0,412.0,416.0,417.0,412.0,412.0,291.0,125.0,285.0,127.0
0.0,836.0,414.0,416.0,412.0,414.0,414.0,291.0,125.0,290.0,124.0
0.0,834.0,421.0,417.0,414.0,424.0,424.0,292.0,125.0,288.0,133.0
0.0,827.0,427.0,417.0,424.0,427.0,427.0,292.0,125.0,300.0,127.0
0.0,824.0,421.0,419.0,427.0,427.0,427.0,293.0,126.0,292.0,129.0
0.0,830.0,429.0,419.0,427.0,429.0,429.0,293.0,126.0,298.0,131.0
0.0,828.0,422.0,420.0,429.0,425.0,425.0,294.0,126.0,293.0,129.0
0.0,835.0,433.0,420.0,425.0,433.0,433.0,294.0,126.0,299.0,134.0
0.0,827.0,434.0,421.0,433.0,437.0,437.0,295.0,126.0,301.0,133.0
0.0,826.0,432.0,422.0,437.0,435.0,435.0,295.0,127.0,300.0,132.0
0.0,831.0,437.0,422.0,435.0,437.0,437.0,295.0,127.0,307.0,130.0
0.0,829.0,445.0,423.0,437.0,448.0,448.0,296.0,127.0,311.0,134.0
0.0,821.0,444.0,423.0,448.0,444.0,444.0,296.0,127.0,306.0,138.0
0.0,825.0,440.0,424.0,444.0,443.0,443.0,297.0,127.0,303.0,137.0
0.0,829.0,455.0,425.0,443.0,458.0,458.0,297.0,128.0,321.0,134.0
0.0,817.0,450.0,426.0,458.0,453.0,453.0,298.0,128.0,316.0,134.0
0.0,825.0,457.0,426.0,453.0,457.0,457.0,298.0,128.0,320.0,137.0
0.0,821.0,461.0,427.0,457.0,464.0,464.0,299.0,128.0,319.0,142.0
0.0,817.0,473.0,428.0,464.0,476.0,476.0,299.0,129.0,332.0,141.0
0.0,808.0,461.0,429.0,476.0,464.0,464.0,300.0,129.0,321.0,140.0
0.0,823.0,464.0,429.0,464.0,464.0,464.0,300.0,129.0,325.0,139.0
0.0,823.0,455.0,429.0,464.0,455.0,455.0,300.0,129.0,315.0,140.0
0.0,832.0,471.0,430.0,455.0,474.0,474.0,301.0,129.0,332.0,139.0
0.0,816.0,463.0,430.0,474.0,463.0,463.0,301.0,129.0,325.0,138.0
0.0,827.0,466.0,432.0,463.0,472.0,472.0,302.0,130.0,328.0,138.0
0.0,824.0,458.0,432.0,472.0,458.0,458.0,302.0,130.0,320.0,138.0
0.0,838.0,465.0,433.0,458.0,468.0,468.0,303.0,130.0,323.0,142.0
0.0,831.0,459.0,433.0,468.0,459.0,459.0,303.0,130.0,323.0,136.0
0.0,840.0,459.0,435.0,459.0,465.0,465.0,304.0,131.0,320.0,139.0
0.0,840.0,456.0,435.0,465.0,456.0,456.0,304.0,131.0,319.0,137.0
0.0,849.0,445.0,436.0,456.0,448.0,448.0,305.0,131.0,310.0,135.0
0.0,860.0,466.0,436.0,448.0,466.0,466.0,305.0,131.0,324.0,142.0
0.0,842.0,443.0,437.0,466.0,446.0,446.0,306.0,131.0,308.0,135.0
0.0,865.0,457.0,438.0,446.0,460.0,460.0,306.0,132.0,319.0,138.0
0.0,854.0,452.0,439.0,460.0,455.0,455.0,307.0,132.0,316.0,136.0
0.0,862.0,454.0,439.0,455.0,454.0,454.0,307.0,132.0,316.0,138.0
0.0,863.0,459.0,440.0,454.0,462.0,462.0,308.0,132.0,321.0,138.0
0.0,858.0,453.0,441.0,462.0,456.0,456.0,308.0,133.0,321.0,132.0
0.0,867.0,451.0,441.0,456.0,451.0,451.0,308.0,133.0,317.0,134.0
0.0,872.0,455.0,442.0,451.0,458.0,458.0,309.0,133.0,325.0,130.0
0.0,868.0,450.0,442.0,458.0,450.0,450.0,309.0,133.0,318.0,132.0
0.0,876.0,462.0,443.0,450.0,465.0,465.0,310.0,133.0,326.0,136.0
0.0,864.0,454.0,443.0,465.0,454.0,454.0,310.0,133.0,324.0,130.0
0.0,875.0,452.0,444.0,454.0,455.0,455.0,310.0,134.0,317.0,135.0
0.0,877.0,449.0,445.0,455.0,452.0,452.0,311.0,134.0,313.0,136.0
0.0,883.0,447.0,445.0,452.0,447.0,447.0,311.0,134.0,313.0,134.0
0.0,888.0,458.0,446.0,447.0,461.0,461.0,312.0,134.0,322.0,136.0
0.0,877.0,458.0,447.0,461.0,461.0,461.0,312.0,135.0,320.0,138.0
0.0,880.0,448.0,448.0,461.0,451.0,451.0,313.0,135.0,315.0,133.0
0.0,893.0,463.0,448.0,451.0,463.0,463.0,313.0,135.0,326.0,137.0
0.0,881.0,442.0,448.0,463.0,442.0,442.0,313.0,135.0,309.0,133.0
0.0,902.0,456.0,449.0,442.0,459.0,459.0,314.0,135.0,315.0,141.0
0.0,888.0,446.0,449.0,459.0,446.0,446.0,314.0,135.0,312.0,134.0
0.0,901.0,458.0,451.0,446.0,464.0,464.0,315.0,136.0,320.0,138.0
0.0,889.0,450.0,452.0,464.0,453.0,453.0,316.0,136.0,312.0,138.0
0.0,903.0,450.0,452.0,453.0,450.0,450.0,316.0,136.0,314.0,136.0
0.0,906.0,449.0,452.0,450.0,449.0,449.0,316.0,136.0,313.0,136.0
0.0,907.0,464.0,453.0,449.0,467.0,467.0,317.0,136.0,322.0,142.0
0.0,892.0,469.0,453.0,467.0,469.0,469.0,317.0,136.0,327.0,142.0
0.0,890.0,460.0,455.0,469.0,466.0,466.0,318.0,137.0,321.0,139.0
0.0,899.0,471.0,455.0,466.0,471.0,471.0,318.0,137.0,329.0,142.0
0.0,894.0,463.0,456.0,471.0,466.0,466.0,319.0,137.0,322.0,141.0
0.0,902.0,476.0,456.0,466.0,476.0,476.0,319.0,137.0,331.0,145.0
0.0,892.0,483.0,457.0,476.0,486.0,486.0,320.0,137.0,339.0,144.0
0.0,885.0,485.0,458.0,486.0,488.0,488.0,320.0,138.0,339.0,146.0
0.0,886.0,494.0,459.0,488.0,497.0,497.0,321.0,138.0,351.0,143.0
0.0,880.0,481.0,460.0,497.0,484.0,484.0,322.0,138.0,336.0,145.0
0.0,896.0,497.0,460.0,484.0,497.0,497.0,322.0,138.0,347.0,150.0
0.0,883.0,485.0,461.0,497.0,488.0,488.0,323.0,138.0,342.0,143.0
0.0,895.0,499.0,461.0,488.0,499.0,499.0,323.0,138.0,350.0,149.0
0.0,884.0,494.0,462.0,499.0,497.0,497.0,323.0,139.0,345.0,149.0
0.0,889.0,488.0,463.0,497.0,491.0,491.0,324.0,139.0,343.0,145.0
0.0,898.0,494.0,463.0,491.0,494.0,494.0,324.0,139.0,345.0,149.0
0.0,895.0,510.0,464.0,494.0,513.0,513.0,325.0,139.0,363.0,147.0
0.0,879.0,497.0,464.0,513.0,497.0,497.0,325.0,139.0,345.0,152.0
0.0,895.0,488.0,466.0,497.0,494.0,494.0,326.0,140.0,336.0,152.0
0.0,904.0,494.0,466.0,494.0,494.0,494.0,326.0,140.0,345.0,149.0
0.0,904.0,496.0,466.0,494.0,496.0,496.0,326.0,140.0,347.0,149.0
0.0,902.0,493.0,467.0,496.0,496.0,496.0,327.0,140.0,341.0,152.0
0.0,905.0,498.0,467.0,496.0,498.0,498.0,327.0,140.0,351.0,147.0
0.0,903.0,492.0,468.0,498.0,495.0,495.0,328.0,140.0,346.0,146.0
0.0,909.0,489.0,469.0,495.0,492.0,492.0,328.0,141.0,344.0,145.0
0.0,915.0,491.0,470.0,492.0,494.0,494.0,329.0,141.0,342.0,149.0
0.0,916.0,484.0,470.0,494.0,484.0,484.0,329.0,141.0,337.0,147.0
0.0,926.0,487.0,471.0,484.0,490.0,490.0,330.0,141.0,338.0,149.0
0.0,923.0,483.0,471.0,490.0,483.0,483.0,330.0,141.0,338.0,145.0
0.0,930.0,494.0,473.0,483.0,500.0,500.0,331.0,142.0,347.0,147.0
0.0,919.0,497.0,473.0,500.0,497.0,497.0,331.0,142.0,352.0,145.0
0.0,922.0,483.0,474.0,497.0,486.0,486.0,332.0,142.0,337.0,146.0
0.0,936.0,488.0,474.0,486.0,488.0,488.0,332.0,142.0,341.0,147.0
0.0,934.0,483.0,474.0,488.0,483.0,483.0,332.0,142.0,336.0,147.0
0.0,939.0,483.0,476.0,483.0,489.0,489.0,333.0,143.0,339.0,144.0
0.0,939.0,475.0,476.0,489.0,475.0,475.0,333.0,143.0,333.0,142.0
0.0,953.0,486.0,476.0,475.0,486.0,486.0,333.0,143.0,339.0,147.0
0.0,942.0,491.0,477.0,486.0,494.0,494.0,334.0,143.0,350.0,141.0
0.0,937.0,488.0,478.0,494.0,491.0,491.0,334.0,144.0,345.0,143.0
0.0,943.0,491.0,479.0,491.0,494.0,494.0,335.0,144.0,350.0,141.0
0.0,943.0,483.0,480.0,494.0,486.0,486.0,336.0,144.0,340.0,143.0
0.0,954.0,496.0,480.0,486.0,496.0,496.0,336.0,144.0,353.0,143.0
0.0,944.0,484.0,481.0,496.0,487.0,487.0,337.0,144.0,342.0,142.0
0.0,956.0,488.0,481.0,487.0,488.0,488.0,337.0,144.0,342.0,146.0
0.0,955.0,498.0,482.0,488.0,501.0,501.0,338.0,144.0,351.0,147.0
0.0,945.0,482.0,483.0,501.0,485.0,485.0,338.0,145.0,341.0,141.0
0.0,964.0,476.0,484.0,485.0,479.0,479.0,339.0,145.0,333.0,143.0
0.0,973.0,485.0,484.0,479.0,485.0,485.0,339.0,145.0,343.0,142.0
0.0,967.0,486.0,485.0,485.0,489.0,489.0,340.0,145.0,339.0,147.0
0.0,966.0,495.0,485.0,489.0,495.0,495.0,340.0,145.0,347.0,148.0
0.0,960.0,481.0,486.0,495.0,484.0,484.0,341.0,145.0,336.0,145.0
0.0,974.0,498.0,487.0,484.0,501.0,501.0,341.0,146.0,348.0,150.0
0.0,960.0,494.0,488.0,501.0,497.0,497.0,342.0,146.0,347.0,147.0
0.0,967.0,497.0,488.0,497.0,497.0,497.0,342.0,146.0,345.0,152.0
0.0,967.0,500.0,489.0,497.0,503.0,503.0,343.0,146.0,348.0,152.0
0.0,964.0,500.0,489.0,503.0,500.0,500.0,343.0,146.0,349.0,151.0
0.0,967.0,515.0,491.0,500.0,521.0,521.0,344.0,147.0,362.0,153.0
0.0,952.0,509.0,491.0,521.0,509.0,509.0,344.0,147.0,355.0,154.0
0.0,964.0,509.0,492.0,509.0,512.0,512.0,345.0,147.0,355.0,154.0
0.0,964.0,505.0,492.0,512.0,505.0,505.0,345.0,147.0,355.0,150.0
0.0,971.0,522.0,492.0,505.0,522.0,522.0,345.0,147.0,364.0,158.0
0.0,954.0,519.0,493.0,522.0,522.0,522.0,346.0,147.0,364.0,155.0
0.0,957.0,530.0,494.0,522.0,533.0,533.0,346.0,148.0,372.0,158.0
0.0,949.0,524.0,495.0,533.0,527.0,527.0,347.0,148.0,365.0,159.0
0.0,958.0,525.0,495.0,527.0,525.0,525.0,347.0,148.0,371.0,154.0
0.0,960.0,522.0,495.0,525.0,522.0,522.0,347.0,148.0,363.0,159.0
0.0,963.0,526.0,496.0,522.0,529.0,529.0,348.0,148.0,367.0,159.0
0.0,959.0,548.0,498.0,529.0,554.0,554.0,349.0,149.0,386.0,162.0
0.0,940.0,533.0,498.0,554.0,533.0,533.0,349.0,149.0,375.0,158.0
0.0,961.0,533.0,498.0,533.0,533.0,533.0,349.0,149.0,370.0,163.0
0.0,961.0,522.0,499.0,533.0,525.0,525.0,350.0,149.0,364.0,158.0
0.0,972.0,528.0,499.0,525.0,528.0,528.0,350.0,149.0,368.0,160.0
0.0,969.0,528.0,501.0,528.0,534.0,534.0,351.0,150.0,368.0,160.0
0.0,969.0,531.0,501.0,534.0,531.0,531.0,351.0,150.0,371.0,160.0
0.0,972.0,525.0,501.0,531.0,525.0,525.0,351.0,150.0,363.0,162.0
0.0,978.0,521.0,502.0,525.0,524.0,524.0,352.0,150.0,360.0,161.0
0.0,982.0,533.0,503.0,524.0,536.0,536.0,352.0,151.0,375.0,158.0
0.0,973.0,529.0,504.0,536.0,532.0,532.0,353.0,151.0,367.0,162.0
0.0,980.0,531.0,504.0,532.0,531.0,531.0,353.0,151.0,367.0,164.0
0.0,981.0,525.0,505.0,531.0,528.0,528.0,354.0,151.0,364.0,161.0
0.0,987.0,525.0,506.0,528.0,528.0,528.0,354.0,152.0,366.0,159.0
0.0,990.0,510.0,507.0,528.0,513.0,513.0,355.0,152.0,353.0,157.0
0.0,1008.0,528.0,507.0,513.0,528.0,528.0,355.0,152.0,370.0,158.0
0.0,993.0,519.0,507.0,528.0,519.0,519.0,355.0,152.0,362.0,157.0
0.0,1002.0,517.0,509.0,519.0,523.0,523.0,356.0,153.0,363.0,154.0
0.0,1004.0,522.0,509.0,523.0,522.0,522.0,356.0,153.0,368.0,154.0
0.0,1005.0,534.0,510.0,522.0,537.0,537.0,357.0,153.0,374.0,160.0
0.0,993.0,521.0,511.0,537.0,524.0,524.0,358.0,153.0,363.0,158.0
0.0,1009.0,519.0,511.0,524.0,519.0,519.0,358.0,153.0,365.0,154.0
0.0,1014.0,525.0,513.0,519.0,531.0,531.0,359.0,154.0,371.0,154.0
0.0,1008.0,527.0,513.0,531.0,527.0,527.0,359.0,154.0,374.0,153.0
0.0,1012.0,522.0,513.0,527.0,522.0,522.0,359.0,154.0,363.0,159.0
0.0,1017.0,527.0,514.0,522.0,530.0,530.0,360.0,154.0,372.0,155.0
0.0,1012.0,517.0,515.0,530.0,520.0,520.0,360.0,155.0,365.0,152.0
0.0,1025.0,522.0,516.0,520.0,525.0,525.0,361.0,155.0,367.0,155.0
0.0,1023.0,518.0,516.0,525.0,518.0,518.0,361.0,155.0,362.0,156.0
0.0,1030.0,526.0,516.0,518.0,526.0,526.0,361.0,155.0,368.0,158.0
0.0,1022.0,526.0,518.0,526.0,532.0,532.0,362.0,156.0,372.0,154.0
0.0,1022.0,521.0,519.0,532.0,524.0,524.0,363.0,156.0,366.0,155.0
0.0,1033.0,525.0,519.0,524.0,525.0,525.0,363.0,156.0,369.0,156.0
0.0,1032.0,507.0,519.0,525.0,507.0,507.0,363.0,156.0,347.0,160.0
0.0,1050.0,521.0,520.0,507.0,524.0,524.0,364.0,156.0,365.0,156.0
0.0,1036.0,526.0,521.0,524.0,529.0,529.0,364.0,157.0,368.0,158.0
0.0,1034.0,521.0,522.0,529.0,524.0,524.0,365.0,157.0,365.0,156.0
0.0,1042.0,527.0,522.0,524.0,527.0,527.0,365.0,157.0,368.0,159.0
0.0,1039.0,527.0,522.0,527.0,527.0,527.0,365.0,157.0,370.0,157.0
0.0,1039.0,539.0,523.0,527.0,542.0,542.0,366.0,157.0,376.0,163.0
0.0,1027.0,537.0,524.0,542.0,540.0,540.0,366.0,158.0,373.0,164.0
0.0,1032.0,534.0,525.0,540.0,537.0,537.0,367.0,158.0,374.0,160.0
0.0,1038.0,552.0,525.0,537.0,552.0,552.0,367.0,158.0,387.0,165.0
0.0,1023.0,536.0,526.0,552.0,539.0,539.0,368.0,158.0,377.0,159.0
0.0,1039.0,559.0,526.0,539.0,559.0,559.0,368.0,158.0,392.0,167.0
0.0,1019.0,554.0,527.0,559.0,557.0,557.0,369.0,158.0,390.0,164.0
0.0,1024.0,551.0,528.0,557.0,554.0,554.0,369.0,159.0,385.0,166.0
0.0,1030.0,556.0,529.0,554.0,559.0,559.0,370.0,159.0,389.0,167.0
0.0,1028.0,561.0,529.0,559.0,561.0,561.0,370.0,159.0,391.0,170.0
0.0,1026.0,567.0,530.0,561.0,570.0,570.0,371.0,159.0,396.0,171.0
0.0,1020.0,567.0,531.0,570.0,570.0,570.0,371.0,160.0,398.0,169.0
0.0,1023.0,562.0,532.0,570.0,565.0,565.0,372.0,160.0,392.0,170.0
0.0,1031.0,560.0,532.0,565.0,560.0,560.0,372.0,160.0,393.0,167.0
0.0,1036.0,566.0,532.0,560.0,566.0,566.0,372.0,160.0,396.0,170.0
0.0,1030.0,575.0,533.0,566.0,578.0,578.0,373.0,160.0,402.0,173.0
0.0,1021.0,561.0,534.0,578.0,564.0,564.0,374.0,160.0,393.0,168.0
0.0,1038.0,569.0,535.0,564.0,572.0,572.0,374.0,161.0,398.0,171.0
0.0,1033.0,559.0,536.0,572.0,562.0,562.0,375.0,161.0,391.0,168.0
0.0,1046.0,567.0,536.0,562.0,567.0,567.0,375.0,161.0,395.0,172.0
0.0,1041.0,564.0,537.0,567.0,567.0,567.0,376.0,161.0,390.0,174.0
0.0,1044.0,566.0,538.0,567.0,569.0,569.0,376.0,162.0,395.0,171.0
0.0,1045.0,552.0,538.0,569.0,552.0,552.0,376.0,162.0,383.0,169.0
0.0,1062.0,563.0,539.0,552.0,566.0,566.0,377.0,162.0,392.0,171.0
0.0,1051.0,562.0,539.0,566.0,562.0,562.0,377.0,162.0,391.0,171.0
0.0,1055.0,565.0,540.0,562.0,568.0,568.0,378.0,162.0,391.0,174.0
0.0,1052.0,559.0,540.0,568.0,559.0,559.0,378.0,162.0,391.0,168.0
0.0,1061.0,565.0,542.0,559.0,571.0,571.0,379.0,163.0,395.0,170.0
0.0,1055.0,558.0,542.0,571.0,558.0,558.0,379.0,163.0,386.0,172.0
0.0,1068.0,574.0,543.0,558.0,577.0,577.0,380.0,163.0,399.0,175.0
0.0,1052.0,552.0,545.0,577.0,558.0,558.0,381.0,164.0,384.0,168.0
0.0,1077.0,558.0,545.0,558.0,558.0,558.0,381.0,164.0,390.0,168.0
0.0,1077.0,560.0,545.0,558.0,560.0,560.0,381.0,164.0,393.0,167.0
0.0,1075.0,571.0,546.0,560.0,574.0,574.0,382.0,164.0,402.0,169.0
0.0,1064.0,559.0,547.0,574.0,562.0,562.0,383.0,164.0,394.0,165.0
0.0,1079.0,561.0,548.0,562.0,564.0,564.0,383.0,165.0,394.0,167.0
0.0,1080.0,556.0,548.0,564.0,556.0,556.0,383.0,165.0,386.0,170.0
0.0,1088.0,562.0,549.0,556.0,565.0,565.0,384.0,165.0,391.0,171.0
0.0,1082.0,559.0,549.0,565.0,559.0,559.0,384.0,165.0,394.0,165.0
0.0,1088.0,567.0,551.0,559.0,573.0,573.0,385.0,166.0,401.0,166.0
0.0,1080.0,556.0,551.0,573.0,556.0,556.0,385.0,166.0,392.0,164.0
0.0,1097.0,541.0,552.0,556.0,544.0,544.0,386.0,166.0,382.0,159.0
0.0,1112.0,564.0,552.0,544.0,564.0,564.0,386.0,166.0,400.0,164.0
0.0,1092.0,556.0,553.0,564.0,559.0,559.0,387.0,166.0,386.0,170.0
0.0,1100.0,555.0,554.0,559.0,558.0,558.0,387.0,167.0,387.0,168.0
0.0,1104.0,557.0,555.0,558.0,560.0,560.0,388.0,167.0,394.0,163.0
0.0,1105.0,557.0,555.0,560.0,557.0,557.0,388.0,167.0,390.0,167.0
0.0,1108.0,553.0,556.0,557.0,556.0,556.0,389.0,167.0,387.0,166.0
0.0,1112.0,563.0,556.0,556.0,563.0,563.0,389.0,167.0,393.0,170.0
0.0,1105.0,559.0,557.0,563.0,562.0,562.0,390.0,167.0,394.0,165.0
0.0,1109.0,563.0,558.0,562.0,566.0,566.0,390.0,168.0,399.0,164.0
0.0,1108.0,553.0,559.0,566.0,556.0,556.0,391.0,168.0,388.0,165.0
0.0,1121.0,576.0,559.0,556.0,576.0,576.0,391.0,168.0,407.0,169.0
0.0,1101.0,574.0,560.0,576.0,577.0,577.0,392.0,168.0,405.0,169.0
0.0,1103.0,574.0,560.0,577.0,574.0,574.0,392.0,168.0,399.0,175.0
0.0,1106.0,573.0,561.0,574.0,576.0,576.0,393.0,168.0,400.0,173.0
0.0,1107.0,575.0,562.0,576.0,578.0,578.0,393.0,169.0,404.0,171.0
0.0,1108.0,583.0,563.0,578.0,586.0,586.0,394.0,169.0,409.0,174.0
0.0,1103.0,585.0,563.0,586.0,585.0,585.0,394.0,169.0,411.0,174.0
0.0,1104.0,590.0,563.0,585.0,590.0,590.0,394.0,169.0,409.0,181.0
0.0,1099.0,595.0,564.0,590.0,598.0,598.0,395.0,169.0,421.0,174.0
0.0,1094.0,592.0,565.0,598.0,595.0,595.0,396.0,169.0,418.0,174.0
0.0,1100.0,598.0,566.0,595.0,601.0,601.0,396.0,170.0,419.0,179.0
0.0,1097.0,599.0,566.0,601.0,599.0,599.0,396.0,170.0,421.0,178.0
0.0,1099.0,604.0,567.0,599.0,607.0,607.0,397.0,170.0,428.0,176.0
0.0,1094.0,589.0,568.0,607.0,592.0,592.0,398.0,170.0,414.0,175.0
0.0,1112.0,601.0,568.0,592.0,601.0,601.0,398.0,170.0,419.0,182.0
0.0,1103.0,603.0,568.0,601.0,603.0,603.0,398.0,170.0,423.0,180.0
0.0,1101.0,605.0,570.0,603.0,611.0,611.0,399.0,171.0,424.0,181.0
0.0,1099.0,601.0,570.0,611.0,601.0,601.0,399.0,171.0,418.0,183.0
0.0,1109.0,604.0,571.0,601.0,607.0,607.0,400.0,171.0,425.0,179.0
0.0,1106.0,594.0,571.0,607.0,594.0,594.0,400.0,171.0,411.0,183.0
0.0,1119.0,591.0,572.0,594.0,594.0,594.0,401.0,171.0,409.0,182.0
0.0,1122.0,594.0,573.0,594.0,597.0,597.0,401.0,172.0,414.0,180.0
0.0,1122.0,595.0,574.0,597.0,598.0,598.0,402.0,172.0,415.0,180.0
0.0,1124.0,596.0,574.0,598.0,596.0,596.0,402.0,172.0,413.0,183.0
0.0,1126.0,594.0,575.0,596.0,597.0,597.0,403.0,172.0,412.0,182.0
0.0,1128.0,587.0,575.0,597.0,587.0,587.0,403.0,172.0,410.0,177.0
0.0,1138.0,596.0,576.0,587.0,599.0,599.0,403.0,173.0,414.0,182.0
0.0,1129.0,590.0,577.0,599.0,593.0,593.0,404.0,173.0,410.0,180.0
0.0,1138.0,599.0,577.0,593.0,599.0,599.0,404.0,173.0,419.0,180.0
0.0,1132.0,597.0,578.0,599.0,600.0,600.0,405.0,173.0,419.0,178.0
0.0,1134.0,598.0,578.0,600.0,598.0,598.0,405.0,173.0,417.0,181.0
0.0,1136.0,593.0,579.0,598.0,596.0,596.0,406.0,173.0,415.0,178.0
0.0,1141.0,598.0,580.0,596.0,601.0,601.0,406.0,174.0,417.0,181.0
0.0,1139.0,599.0,581.0,601.0,602.0,602.0,407.0,174.0,419.0,180.0
0.0,1141.0,604.0,581.0,602.0,604.0,604.0,407.0,174.0,420.0,184.0
0.0,1139.0,601.0,582.0,604.0,604.0,604.0,408.0,174.0,424.0,177.0
0.0,1142.0,592.0,583.0,604.0,595.0,595.0,408.0,175.0,415.0,177.0
0.0,1154.0,595.0,584.0,595.0,598.0,598.0,409.0,175.0,418.0,177.0
0.0,1154.0,595.0,584.0,598.0,595.0,595.0,409.0,175.0,420.0,175.0
0.0,1157.0,595.0,584.0,595.0,595.0,595.0,409.0,175.0,413.0,182.0
0.0,1157.0,589.0,585.0,595.0,592.0,592.0,410.0,175.0,416.0,173.0
0.0,1163.0,583.0,586.0,592.0,586.0,586.0,410.0,176.0,410.0,173.0
0.0,1172.0,597.0,587.0,586.0,600.0,600.0,411.0,176.0,422.0,175.0
0.0,1161.0,581.0,587.0,600.0,581.0,581.0,411.0,176.0,409.0,172.0
0.0,1180.0,593.0,588.0,581.0,596.0,596.0,412.0,176.0,416.0,177.0
0.0,1168.0,590.0,588.0,596.0,590.0,590.0,412.0,176.0,410.0,180.0
0.0,1174.0,591.0,590.0,590.0,597.0,597.0,413.0,177.0,417.0,174.0
0.0,1173.0,592.0,590.0,597.0,592.0,592.0,413.0,177.0,414.0,178.0
0.0,1178.0,594.0,591.0,592.0,597.0,597.0,414.0,177.0,414.0,180.0
0.0,1176.0,599.0,591.0,597.0,599.0,599.0,414.0,177.0,418.0,181.0
0.0,1174.0,600.0,592.0,599.0,603.0,603.0,414.0,178.0,421.0,179.0
0.0,1173.0,599.0,593.0,603.0,602.0,602.0,415.0,178.0,419.0,180.0
0.0,1177.0,587.0,593.0,602.0,587.0,587.0,415.0,178.0,407.0,180.0
0.0,1192.0,601.0,593.0,587.0,601.0,601.0,415.0,178.0,419.0,182.0
0.0,1178.0,611.0,594.0,601.0,614.0,614.0,416.0,178.0,429.0,182.0
0.0,1168.0,607.0,595.0,614.0,610.0,610.0,416.0,179.0,425.0,182.0
0.0,1175.0,617.0,596.0,610.0,620.0,620.0,417.0,179.0,436.0,181.0
0.0,1168.0,618.0,597.0,620.0,621.0,621.0,418.0,179.0,437.0,181.0
0.0,1170.0,624.0,597.0,621.0,624.0,624.0,418.0,179.0,437.0,187.0
0.0,1167.0,611.0,597.0,624.0,611.0,611.0,418.0,179.0,430.0,181.0
0.0,1180.0,634.0,598.0,611.0,637.0,637.0,419.0,179.0,448.0,186.0
0.0,1157.0,631.0,600.0,637.0,637.0,637.0,420.0,180.0,445.0,186.0
0.0,1163.0,630.0,600.0,637.0,630.0,630.0,420.0,180.0,443.0,187.0
0.0,1170.0,635.0,601.0,630.0,638.0,638.0,421.0,180.0,452.0,183.0
0.0,1165.0,633.0,601.0,638.0,633.0,633.0,421.0,180.0,441.0,192.0
0.0,1170.0,632.0,602.0,633.0,635.0,635.0,421.0,181.0,441.0,191.0
0.0,1171.0,632.0,603.0,635.0,635.0,635.0,422.0,181.0,442.0,190.0
0.0,1174.0,641.0,603.0,635.0,641.0,641.0,422.0,181.0,451.0,190.0
0.0,1168.0,626.0,604.0,641.0,629.0,629.0,423.0,181.0,438.0,188.0
0.0,1183.0,646.0,604.0,629.0,646.0,646.0,423.0,181.0,453.0,193.0
0.0,1166.0,624.0,604.0,646.0,624.0,624.0,423.0,181.0,437.0,187.0
0.0,1188.0,638.0,606.0,624.0,644.0,644.0,424.0,182.0,447.0,191.0
0.0,1174.0,636.0,607.0,644.0,639.0,639.0,425.0,182.0,442.0,194.0
0.0,1182.0,632.0,607.0,639.0,632.0,632.0,425.0,182.0,441.0,191.0
0.0,1189.0,637.0,608.0,632.0,640.0,640.0,426.0,182.0,443.0,194.0
0.0,1184.0,624.0,608.0,640.0,624.0,624.0,426.0,182.0,435.0,189.0
0.0,1200.0,637.0,609.0,624.0,640.0,640.0,427.0,182.0,447.0,190.0
0.0,1187.0,624.0,611.0,640.0,630.0,630.0,428.0,183.0,438.0,186.0
0.0,1203.0,628.0,611.0,630.0,628.0,628.0,428.0,183.0,439.0,189.0
0.0,1205.0,634.0,612.0,628.0,637.0,637.0,429.0,183.0,442.0,192.0
0.0,1199.0,638.0,612.0,637.0,638.0,638.0,429.0,183.0,447.0,191.0
0.0,1198.0,633.0,613.0,638.0,636.0,636.0,430.0,183.0,443.0,190.0
0.0,1203.0,646.0,614.0,636.0,649.0,649.0,430.0,184.0,452.0,194.0
0.0,1193.0,635.0,615.0,649.0,638.0,638.0,431.0,184.0,445.0,190.0
0.0,1207.0,646.0,615.0,638.0,646.0,646.0,431.0,184.0,449.0,197.0
0.0,1199.0,628.0,616.0,646.0,631.0,631.0,432.0,184.0,439.0,189.0
0.0,1217.0,632.0,616.0,631.0,632.0,632.0,432.0,184.0,445.0,187.0
0.0,1216.0,630.0,618.0,632.0,636.0,636.0,433.0,185.0,443.0,187.0
0.0,1218.0,632.0,618.0,636.0,632.0,632.0,433.0,185.0,444.0,188.0
0.0,1222.0,634.0,619.0,632.0,637.0,637.0,434.0,185.0,442.0,192.0
0.0,1220.0,633.0,619.0,637.0,633.0,633.0,434.0,185.0,445.0,188.0
0.0,1224.0,631.0,621.0,633.0,637.0,637.0,435.0,186.0,443.0,188.0
0.0,1226.0,629.0,621.0,637.0,629.0,629.0,435.0,186.0,441.0,188.0
0.0,1234.0,629.0,622.0,629.0,632.0,632.0,436.0,186.0,436.0,193.0
0.0,1234.0,625.0,622.0,632.0,625.0,625.0,436.0,186.0,436.0,189.0
0.0,1241.0,623.0,623.0,625.0,626.0,626.0,436.0,187.0,432.0,191.0
0.0,1243.0,632.0,624.0,626.0,635.0,635.0,437.0,187.0,444.0,188.0
0.0,1237.0,629.0,624.0,635.0,629.0,629.0,437.0,187.0,435.0,194.0
0.0,1243.0,625.0,626.0,629.0,631.0,631.0,438.0,188.0,440.0,185.0
0.0,1247.0,623.0,626.0,631.0,623.0,623.0,438.0,188.0,434.0,189.0
0.0,1255.0,618.0,627.0,623.0,621.0,621.0,439.0,188.0,429.0,189.0
0.0,1260.0,629.0,627.0,621.0,629.0,629.0,439.0,188.0,437.0,192.0
0.0,1252.0,633.0,627.0,629.0,633.0,633.0,439.0,188.0,445.0,188.0
0.0,1248.0,641.0,629.0,633.0,647.0,647.0,440.0,189.0,450.0,191.0
0.0,1240.0,637.0,630.0,647.0,640.0,640.0,441.0,189.0,446.0,191.0
0.0,1250.0,636.0,630.0,640.0,636.0,636.0,441.0,189.0,446.0,190.0
0.0,1254.0,646.0,631.0,636.0,649.0,649.0,442.0,189.0,449.0,197.0
0.0,1244.0,644.0,631.0,649.0,644.0,644.0,442.0,189.0,453.0,191.0
0.0,1249.0,645.0,633.0,644.0,651.0,651.0,443.0,190.0,453.0,192.0
0.0,1248.0,637.0,633.0,651.0,637.0,637.0,443.0,190.0,446.0,191.0
0.0,1262.0,652.0,633.0,637.0,652.0,652.0,443.0,190.0,458.0,194.0
0.0,1247.0,658.0,634.0,652.0,661.0,661.0,444.0,190.0,460.0,198.0
0.0,1241.0,669.0,634.0,661.0,669.0,669.0,444.0,190.0,473.0,196.0
0.0,1233.0,661.0,636.0,669.0,667.0,667.0,445.0,191.0,465.0,196.0
0.0,1241.0,672.0,636.0,667.0,672.0,672.0,445.0,191.0,475.0,197.0
0.0,1236.0,661.0,636.0,672.0,661.0,661.0,445.0,191.0,465.0,196.0
0.0,1247.0,665.0,637.0,661.0,668.0,668.0,446.0,191.0,466.0,199.0
0.0,1243.0,650.0,637.0,668.0,650.0,650.0,446.0,191.0,453.0,197.0
0.0,1261.0,666.0,638.0,650.0,669.0,669.0,447.0,191.0,469.0,197.0
0.0,1245.0,670.0,639.0,669.0,673.0,673.0,447.0,192.0,472.0,198.0
0.0,1244.0,673.0,640.0,673.0,676.0,676.0,448.0,192.0,474.0,199.0
0.0,1244.0,666.0,640.0,676.0,666.0,666.0,448.0,192.0,467.0,199.0
0.0,1254.0,666.0,641.0,666.0,669.0,669.0,449.0,192.0,466.0,200.0
0.0,1254.0,661.0,641.0,669.0,661.0,661.0,449.0,192.0,461.0,200.0
0.0,1262.0,663.0,641.0,661.0,663.0,663.0,449.0,192.0,462.0,201.0
0.0,1260.0,660.0,643.0,663.0,666.0,666.0,450.0,193.0,460.0,200.0
0.0,1263.0,666.0,643.0,666.0,666.0,666.0,450.0,193.0,464.0,202.0
0.0,1263.0,668.0,644.0,666.0,671.0,671.0,451.0,193.0,468.0,200.0
0.0,1261.0,667.0,644.0,671.0,667.0,667.0,451.0,193.0,465.0,202.0
0.0,1265.0,660.0,645.0,667.0,663.0,663.0,451.0,194.0,459.0,201.0
0.0,1272.0,669.0,646.0,663.0,672.0,672.0,452.0,194.0,466.0,203.0
0.0,1266.0,667.0,646.0,672.0,667.0,667.0,452.0,194.0,464.0,203.0
0.0,1271.0,666.0,647.0,667.0,669.0,669.0,453.0,194.0,460.0,206.0
0.0,1272.0,671.0,647.0,669.0,671.0,671.0,453.0,194.0,472.0,199.0
0.0,1270.0,657.0,648.0,671.0,660.0,660.0,453.0,195.0,456.0,201.0
0.0,1284.0,661.0,649.0,660.0,664.0,664.0,454.0,195.0,464.0,197.0
0.0,1283.0,668.0,649.0,664.0,668.0,668.0,454.0,195.0,471.0,197.0
0.0,1279.0,661.0,649.0,668.0,661.0,661.0,454.0,195.0,459.0,202.0
0.0,1286.0,671.0,650.0,661.0,674.0,674.0,455.0,195.0,470.0,201.0
0.0,1276.0,672.0,651.0,674.0,675.0,675.0,455.0,196.0,471.0,201.0
0.0,1278.0,668.0,652.0,675.0,671.0,671.0,456.0,196.0,470.0,198.0
0.0,1285.0,655.0,652.0,671.0,655.0,655.0,456.0,196.0,457.0,198.0
0.0,1301.0,659.0,652.0,655.0,659.0,659.0,456.0,196.0,461.0,198.0
0.0,1297.0,677.0,653.0,659.0,680.0,680.0,457.0,196.0,472.0,205.0
0.0,1279.0,660.0,654.0,680.0,663.0,663.0,458.0,196.0,464.0,196.0
0.0,1299.0,664.0,655.0,663.0,667.0,667.0,458.0,197.0,465.0,199.0
0.0,1298.0,660.0,656.0,667.0,663.0,663.0,459.0,197.0,463.0,197.0
0.0,1305.0,663.0,656.0,663.0,663.0,663.0,459.0,197.0,467.0,196.0
0.0,1305.0,664.0,657.0,663.0,667.0,667.0,460.0,197.0,457.0,207.0
0.0,1304.0,661.0,657.0,667.0,661.0,661.0,460.0,197.0,462.0,199.0
0.0,1310.0,661.0,658.0,661.0,664.0,664.0,460.0,198.0,461.0,200.0
0.0,1310.0,660.0,659.0,664.0,663.0,663.0,461.0,198.0,462.0,198.0
0.0,1314.0,659.0,660.0,663.0,662.0,662.0,462.0,198.0,461.0,198.0
0.0,1318.0,677.0,660.0,662.0,677.0,677.0,462.0,198.0,472.0,205.0
0.0,1303.0,660.0,661.0,677.0,663.0,663.0,463.0,198.0,460.0,200.0
0.0,1320.0,679.0,662.0,663.0,682.0,682.0,463.0,199.0,478.0,201.0
0.0,1304.0,681.0,663.0,682.0,684.0,684.0,464.0,199.0,477.0,204.0
0.0,1305.0,670.0,663.0,684.0,670.0,670.0,464.0,199.0,466.0,204.0
0.0,1319.0,675.0,664.0,670.0,678.0,678.0,465.0,199.0,473.0,202.0
0.0,1314.0,682.0,664.0,678.0,682.0,682.0,465.0,199.0,480.0,202.0
0.0,1310.0,679.0,665.0,682.0,682.0,682.0,465.0,200.0,475.0,204.0
0.0,1313.0,684.0,666.0,682.0,687.0,687.0,466.0,200.0,481.0,203.0
0.0,1311.0,690.0,667.0,687.0,693.0,693.0,467.0,200.0,482.0,208.0
0.0,1308.0,694.0,667.0,693.0,694.0,694.0,467.0,200.0,492.0,202.0
0.0,1307.0,689.0,667.0,694.0,689.0,689.0,467.0,200.0,485.0,204.0
0.0,1312.0,704.0,669.0,689.0,710.0,710.0,468.0,201.0,500.0,204.0
0.0,1297.0,697.0,669.0,710.0,697.0,697.0,468.0,201.0,491.0,206.0
0.0,1310.0,698.0,670.0,697.0,701.0,701.0,469.0,201.0,494.0,204.0
0.0,1309.0,709.0,671.0,701.0,712.0,712.0,470.0,201.0,498.0,211.0
0.0,1301.0,704.0,671.0,712.0,704.0,704.0,470.0,201.0,498.0,206.0
0.0,1309.0,709.0,673.0,704.0,715.0,715.0,471.0,202.0,496.0,213.0
0.0,1304.0,698.0,673.0,715.0,698.0,698.0,471.0,202.0,490.0,208.0
0.0,1321.0,708.0,674.0,698.0,711.0,711.0,472.0,202.0,499.0,209.0
0.0,1311.0,711.0,674.0,711.0,711.0,711.0,472.0,202.0,497.0,214.0
0.0,1311.0,699.0,675.0,711.0,702.0,702.0,473.0,202.0,489.0,210.0
0.0,1323.0,695.0,676.0,702.0,698.0,698.0,473.0,203.0,485.0,210.0
0.0,1330.0,699.0,677.0,698.0,702.0,702.0,474.0,203.0,490.0,209.0
0.0,1329.0,698.0,677.0,702.0,698.0,698.0,474.0,203.0,485.0,213.0
0.0,1333.0,690.0,678.0,698.0,693.0,693.0,475.0,203.0,479.0,211.0
0.0,1341.0,696.0,678.0,693.0,696.0,696.0,475.0,203.0,488.0,208.0
0.0,1338.0,698.0,679.0,696.0,701.0,701.0,475.0,204.0,488.0,210.0
0.0,1336.0,706.0,680.0,701.0,709.0,709.0,476.0,204.0,495.0,211.0
0.0,1331.0,697.0,681.0,709.0,700.0,700.0,477.0,204.0,488.0,209.0
0.0,1343.0,704.0,681.0,700.0,704.0,704.0,477.0,204.0,494.0,210.0
0.0,1339.0,694.0,682.0,704.0,697.0,697.0,478.0,204.0,482.0,212.0
0.0,1349.0,695.0,682.0,697.0,695.0,695.0,478.0,204.0,488.0,207.0
0.0,1351.0,702.0,683.0,695.0,705.0,705.0,479.0,204.0,492.0,210.0
0.0,1344.0,707.0,684.0,705.0,710.0,710.0,479.0,205.0,496.0,211.0
0.0,1342.0,700.0,685.0,710.0,703.0,703.0,480.0,205.0,490.0,210.0
0.0,1352.0,703.0,685.0,703.0,703.0,703.0,480.0,205.0,496.0,207.0
0.0,1352.0,700.0,686.0,703.0,703.0,703.0,481.0,205.0,487.0,213.0
0.0,1355.0,703.0,686.0,703.0,703.0,703.0,481.0,205.0,494.0,209.0
0.0,1355.0,700.0,687.0,703.0,703.0,703.0,481.0,206.0,491.0,209.0
0.0,1358.0,690.0,688.0,703.0,693.0,693.0,482.0,206.0,483.0,207.0
0.0,1371.0,706.0,688.0,693.0,706.0,706.0,482.0,206.0,492.0,214.0
0.0,1358.0,694.0,689.0,706.0,697.0,697.0,483.0,206.0,486.0,208.0
0.0,1370.0,692.0,689.0,697.0,692.0,692.0,483.0,206.0,481.0,211.0
0.0,1375.0,696.0,691.0,692.0,702.0,702.0,484.0,207.0,490.0,206.0
0.0,1371.0,698.0,691.0,702.0,698.0,698.0,484.0,207.0,487.0,211.0
0.0,1375.0,696.0,691.0,698.0,696.0,696.0,484.0,207.0,481.0,215.0
0.0,1377.0,693.0,692.0,696.0,696.0,696.0,485.0,207.0,483.0,210.0
0.0,1380.0,699.0,693.0,696.0,702.0,702.0,485.0,208.0,488.0,211.0
0.0,1377.0,700.0,694.0,702.0,703.0,703.0,486.0,208.0,491.0,209.0
0.0,1379.0,699.0,694.0,703.0,699.0,699.0,486.0,208.0,487.0,212.0
0.0,1383.0,703.0,695.0,699.0,706.0,706.0,487.0,208.0,488.0,215.0
0.0,1379.0,709.0,695.0,706.0,709.0,709.0,487.0,208.0,496.0,213.0
0.0,1376.0,706.0,697.0,709.0,712.0,712.0,488.0,209.0,491.0,215.0
0.0,1379.0,709.0,697.0,712.0,709.0,709.0,488.0,209.0,498.0,211.0
0.0,1382.0,708.0,698.0,709.0,711.0,711.0,489.0,209.0,491.0,217.0
0.0,1383.0,713.0,698.0,711.0,713.0,713.0,489.0,209.0,502.0,211.0
0.0,1381.0,707.0,699.0,713.0,710.0,710.0,490.0,209.0,497.0,210.0
0.0,1387.0,720.0,700.0,710.0,723.0,723.0,490.0,210.0,508.0,212.0
0.0,1377.0,710.0,701.0,723.0,713.0,713.0,491.0,210.0,498.0,212.0
0.0,1390.0,724.0,701.0,713.0,724.0,724.0,491.0,210.0,505.0,219.0
0.0,1379.0,732.0,702.0,724.0,735.0,735.0,492.0,210.0,513.0,219.0
0.0,1371.0,728.0,703.0,735.0,731.0,731.0,492.0,211.0,512.0,216.0
0.0,1378.0,728.0,704.0,731.0,731.0,731.0,493.0,211.0,510.0,218.0
0.0,1381.0,738.0,704.0,731.0,738.0,738.0,493.0,211.0,516.0,222.0
0.0,1374.0,729.0,704.0,738.0,729.0,729.0,493.0,211.0,511.0,218.0
0.0,1383.0,740.0,706.0,729.0,746.0,746.0,494.0,212.0,521.0,219.0
0.0,1372.0,734.0,706.0,746.0,734.0,734.0,494.0,212.0,513.0,221.0
0.0,1384.0,734.0,706.0,734.0,734.0,734.0,494.0,212.0,515.0,219.0
0.0,1384.0,739.0,707.0,734.0,742.0,742.0,495.0,212.0,520.0,219.0
0.0,1379.0,732.0,707.0,742.0,732.0,732.0,495.0,212.0,515.0,217.0
0.0,1389.0,728.0,709.0,732.0,734.0,734.0,496.0,213.0,511.0,217.0
0.0,1393.0,734.0,709.0,734.0,734.0,734.0,496.0,213.0,514.0,220.0
0.0,1393.0,733.0,709.0,734.0,733.0,733.0,496.0,213.0,516.0,217.0
0.0,1394.0,735.0,710.0,733.0,738.0,738.0,497.0,213.0,511.0,224.0
0.0,1392.0,734.0,710.0,738.0,734.0,734.0,497.0,213.0,515.0,219.0
0.0,1396.0,729.0,712.0,734.0,735.0,735.0,498.0,214.0,508.0,221.0
0.0,1401.0,731.0,712.0,735.0,731.0,731.0,498.0,214.0,509.0,222.0
0.0,1405.0,736.0,713.0,731.0,739.0,739.0,499.0,214.0,514.0,222.0
0.0,1400.0,728.0,713.0,739.0,728.0,728.0,499.0,214.0,505.0,223.0
0.0,1411.0,735.0,714.0,728.0,738.0,738.0,500.0,214.0,514.0,221.0
0.0,1404.0,735.0,715.0,738.0,738.0,738.0,500.0,215.0,514.0,221.0
0.0,1407.0,727.0,715.0,738.0,727.0,727.0,500.0,215.0,507.0,220.0
0.0,1418.0,725.0,716.0,727.0,728.0,728.0,501.0,215.0,508.0,217.0
0.0,1420.0,727.0,716.0,728.0,727.0,727.0,501.0,215.0,505.0,222.0
0.0,1421.0,736.0,717.0,727.0,739.0,739.0,502.0,215.0,513.0,223.0
0.0,1412.0,728.0,718.0,739.0,731.0,731.0,502.0,216.0,511.0,217.0
0.0,1423.0,726.0,718.0,731.0,726.0,726.0,502.0,216.0,507.0,219.0
0.0,1428.0,731.0,719.0,726.0,734.0,734.0,503.0,216.0,513.0,218.0
0.0,1423.0,744.0,719.0,734.0,744.0,744.0,503.0,216.0,527.0,217.0
0.0,1413.0,740.0,720.0,744.0,743.0,743.0,504.0,216.0,518.0,222.0
0.0,1417.0,735.0,720.0,743.0,735.0,735.0,504.0,216.0,517.0,218.0
0.0,1425.0,734.0,722.0,735.0,740.0,740.0,505.0,217.0,517.0,217.0
0.0,1426.0,736.0,722.0,740.0,736.0,736.0,505.0,217.0,516.0,220.0
0.0,1430.0,729.0,723.0,736.0,732.0,732.0,506.0,217.0,509.0,220.0
0.0,1437.0,734.0,723.0,732.0,734.0,734.0,506.0,217.0,509.0,225.0
0.0,1435.0,735.0,725.0,734.0,741.0,741.0,507.0,218.0,514.0,221.0
0.0,1434.0,729.0,725.0,741.0,729.0,729.0,507.0,218.0,510.0,219.0
0.0,1446.0,731.0,726.0,729.0,734.0,734.0,508.0,218.0,511.0,220.0
0.0,1444.0,722.0,726.0,734.0,722.0,722.0,508.0,218.0,506.0,216.0
0.0,1456.0,730.0,727.0,722.0,733.0,733.0,509.0,218.0,508.0,222.0
0.0,1448.0,729.0,727.0,733.0,729.0,729.0,509.0,218.0,509.0,220.0
0.0,1452.0,721.0,728.0,729.0,724.0,724.0,509.0,219.0,499.0,222.0
0.0,1460.0,724.0,729.0,724.0,727.0,727.0,510.0,219.0,505.0,219.0
0.0,1460.0,742.0,729.0,727.0,742.0,742.0,510.0,219.0,517.0,225.0
0.0,1445.0,746.0,730.0,742.0,749.0,749.0,511.0,219.0,520.0,226.0
0.0,1441.0,757.0,730.0,749.0,757.0,757.0,511.0,219.0,526.0,231.0
0.0,1433.0,742.0,732.0,757.0,748.0,748.0,512.0,220.0,517.0,225.0
0.0,1448.0,751.0,732.0,748.0,751.0,751.0,512.0,220.0,526.0,225.0
0.0,1445.0,756.0,733.0,751.0,759.0,759.0,513.0,220.0,526.0,230.0
0.0,1440.0,752.0,734.0,759.0,755.0,755.0,513.0,221.0,524.0,228.0
0.0,1447.0,744.0,734.0,755.0,744.0,744.0,513.0,221.0,520.0,224.0
0.0,1458.0,758.0,735.0,744.0,761.0,761.0,514.0,221.0,533.0,225.0
0.0,1444.0,749.0,735.0,761.0,749.0,749.0,514.0,221.0,524.0,225.0
0.0,1456.0,763.0,736.0,749.0,766.0,766.0,515.0,221.0,533.0,230.0
0.0,1442.0,771.0,737.0,766.0,774.0,774.0,515.0,222.0,541.0,230.0
0.0,1437.0,760.0,737.0,774.0,760.0,760.0,515.0,222.0,531.0,229.0
0.0,1451.0,774.0,738.0,760.0,777.0,777.0,516.0,222.0,542.0,232.0
0.0,1437.0,776.0,738.0,777.0,776.0,776.0,516.0,222.0,545.0,231.0
0.0,1438.0,772.0,739.0,776.0,775.0,775.0,517.0,222.0,545.0,227.0
0.0,1442.0,772.0,740.0,775.0,775.0,775.0,518.0,222.0,543.0,229.0
0.0,1445.0,776.0,741.0,775.0,779.0,779.0,518.0,223.0,547.0,229.0
0.0,1444.0,774.0,742.0,779.0,777.0,777.0,519.0,223.0,548.0,226.0
0.0,1449.0,776.0,742.0,777.0,776.0,776.0,519.0,223.0,543.0,233.0
0.0,1450.0,778.0,743.0,776.0,781.0,781.0,520.0,223.0,547.0,231.0
0.0,1448.0,770.0,744.0,781.0,773.0,773.0,520.0,224.0,538.0,232.0
0.0,1459.0,767.0,745.0,773.0,770.0,770.0,521.0,224.0,538.0,229.0
0.0,1465.0,768.0,745.0,770.0,768.0,768.0,521.0,224.0,538.0,230.0
0.0,1467.0,767.0,746.0,768.0,770.0,770.0,522.0,224.0,536.0,231.0
0.0,1468.0,761.0,746.0,770.0,761.0,761.0,522.0,224.0,533.0,228.0
0.0,1477.0,762.0,747.0,761.0,765.0,765.0,523.0,224.0,533.0,229.0
0.0,1476.0,754.0,747.0,765.0,754.0,754.0,523.0,224.0,528.0,226.0
0.0,1487.0,763.0,749.0,754.0,769.0,769.0,524.0,225.0,536.0,227.0
0.0,1478.0,764.0,749.0,769.0,764.0,764.0,524.0,225.0,533.0,231.0
0.0,1483.0,768.0,750.0,764.0,771.0,771.0,525.0,225.0,535.0,233.0
0.0,1479.0,778.0,750.0,771.0,778.0,778.0,525.0,225.0,546.0,232.0
0.0,1472.0,763.0,751.0,778.0,766.0,766.0,526.0,225.0,534.0,229.0
0.0,1487.0,764.0,752.0,766.0,767.0,767.0,526.0,226.0,538.0,226.0
0.0,1489.0,774.0,753.0,767.0,777.0,777.0,527.0,226.0,546.0,228.0
0.0,1482.0,772.0,754.0,777.0,775.0,775.0,528.0,226.0,540.0,232.0
0.0,1487.0,776.0,754.0,775.0,776.0,776.0,528.0,226.0,545.0,231.0
0.0,1486.0,764.0,754.0,776.0,764.0,764.0,528.0,226.0,537.0,227.0
0.0,1498.0,772.0,756.0,764.0,778.0,778.0,529.0,227.0,544.0,228.0
0.0,1490.0,762.0,756.0,778.0,762.0,762.0,529.0,227.0,535.0,227.0
0.0,1506.0,759.0,757.0,762.0,762.0,762.0,530.0,227.0,534.0,225.0
0.0,1509.0,773.0,757.0,762.0,773.0,773.0,530.0,227.0,542.0,231.0
0.0,1498.0,762.0,758.0,773.0,765.0,765.0,531.0,227.0,533.0,229.0
0.0,1509.0,771.0,758.0,765.0,771.0,771.0,531.0,227.0,542.0,229.0
0.0,1503.0,775.0,759.0,771.0,778.0,778.0,532.0,227.0,545.0,230.0
0.0,1499.0,759.0,760.0,778.0,762.0,762.0,532.0,228.0,529.0,230.0
0.0,1518.0,762.0,761.0,762.0,765.0,765.0,533.0,228.0,530.0,232.0
0.0,1518.0,773.0,761.0,765.0,773.0,773.0,533.0,228.0,541.0,232.0
0.0,1510.0,762.0,762.0,773.0,765.0,765.0,534.0,228.0,532.0,230.0
0.0,1521.0,776.0,763.0,765.0,779.0,779.0,534.0,229.0,541.0,235.0
0.0,1510.0,760.0,764.0,779.0,763.0,763.0,535.0,229.0,529.0,231.0
0.0,1529.0,778.0,765.0,763.0,781.0,781.0,536.0,229.0,539.0,239.0
0.0,1514.0,768.0,765.0,781.0,768.0,768.0,536.0,229.0,535.0,233.0
0.0,1527.0,771.0,765.0,768.0,771.0,771.0,536.0,229.0,541.0,230.0
0.0,1524.0,776.0,767.0,771.0,782.0,782.0,537.0,230.0,541.0,235.0
0.0,1519.0,775.0,767.0,782.0,775.0,775.0,537.0,230.0,539.0,236.0
0.0,1526.0,774.0,767.0,775.0,774.0,774.0,537.0,230.0,539.0,235.0
0.0,1527.0,792.0,768.0,774.0,795.0,795.0,538.0,230.0,552.0,240.0
0.0,1509.0,789.0,768.0,795.0,789.0,789.0,538.0,230.0,553.0,236.0
0.0,1515.0,790.0,770.0,789.0,796.0,796.0,539.0,231.0,552.0,238.0
0.0,1514.0,795.0,770.0,796.0,795.0,795.0,539.0,231.0,557.0,238.0
0.0,1515.0,804.0,771.0,795.0,807.0,807.0,540.0,231.0,561.0,243.0
0.0,1506.0,793.0,771.0,807.0,793.0,793.0,540.0,231.0,553.0,240.0
0.0,1520.0,795.0,773.0,793.0,801.0,801.0,541.0,232.0,556.0,239.0
0.0,1518.0,813.0,774.0,801.0,816.0,816.0,542.0,232.0,570.0,243.0
0.0,1506.0,802.0,774.0,816.0,802.0,802.0,542.0,232.0,564.0,238.0
0.0,1520.0,816.0,774.0,802.0,816.0,816.0,542.0,232.0,571.0,245.0
0.0,1506.0,805.0,775.0,816.0,808.0,808.0,543.0,232.0,562.0,243.0
0.0,1517.0,819.0,776.0,808.0,822.0,822.0,543.0,233.0,574.0,245.0
0.0,1506.0,807.0,777.0,822.0,810.0,810.0,544.0,233.0,566.0,241.0
0.0,1521.0,814.0,777.0,810.0,814.0,814.0,544.0,233.0,569.0,245.0
0.0,1517.0,806.0,779.0,814.0,812.0,812.0,545.0,234.0,566.0,240.0
0.0,1525.0,803.0,779.0,812.0,803.0,803.0,545.0,234.0,559.0,244.0
0.0,1534.0,795.0,779.0,803.0,795.0,795.0,545.0,234.0,557.0,238.0
0.0,1542.0,802.0,780.0,795.0,805.0,805.0,546.0,234.0,557.0,245.0
0.0,1535.0,812.0,780.0,805.0,812.0,812.0,546.0,234.0,571.0,241.0
0.0,1528.0,808.0,782.0,812.0,814.0,814.0,547.0,235.0,566.0,242.0
0.0,1532.0,803.0,782.0,814.0,803.0,803.0,547.0,235.0,561.0,242.0
0.0,1543.0,802.0,783.0,803.0,805.0,805.0,548.0,235.0,558.0,244.0
0.0,1544.0,808.0,784.0,805.0,811.0,811.0,549.0,235.0,567.0,241.0
0.0,1541.0,803.0,785.0,811.0,806.0,806.0,549.0,236.0,562.0,241.0
0.0,1549.0,792.0,785.0,806.0,792.0,792.0,549.0,236.0,554.0,238.0
0.0,1563.0,807.0,786.0,792.0,810.0,810.0,550.0,236.0,569.0,238.0
0.0,1548.0,798.0,786.0,810.0,798.0,798.0,550.0,236.0,562.0,236.0
0.0,1560.0,791.0,787.0,798.0,794.0,794.0,551.0,236.0,550.0,241.0
0.0,1567.0,802.0,788.0,794.0,805.0,805.0,551.0,237.0,563.0,239.0
0.0,1559.0,801.0,788.0,805.0,801.0,801.0,551.0,237.0,562.0,239.0
0.0,1563.0,805.0,789.0,801.0,808.0,808.0,552.0,237.0,567.0,238.0
0.0,1559.0,799.0,789.0,808.0,799.0,799.0,552.0,237.0,563.0,236.0
0.0,1568.0,800.0,790.0,799.0,803.0,803.0,553.0,237.0,560.0,240.0
0.0,1567.0,797.0,790.0,803.0,797.0,797.0,553.0,237.0,565.0,232.0
0.0,1573.0,800.0,791.0,797.0,803.0,803.0,554.0,237.0,563.0,237.0
0.0,1570.0,802.0,792.0,803.0,805.0,805.0,554.0,238.0,563.0,239.0
0.0,1571.0,800.0,793.0,805.0,803.0,803.0,555.0,238.0,559.0,241.0
0.0,1576.0,812.0,793.0,803.0,812.0,812.0,555.0,238.0,569.0,243.0
0.0,1567.0,794.0,794.0,812.0,797.0,797.0,556.0,238.0,555.0,239.0
0.0,1585.0,799.0,795.0,797.0,802.0,802.0,556.0,239.0,557.0,242.0
0.0,1583.0,789.0,795.0,802.0,789.0,789.0,556.0,239.0,552.0,237.0
0.0,1596.0,802.0,796.0,789.0,805.0,805.0,557.0,239.0,560.0,242.0
0.0,1583.0,810.0,796.0,805.0,810.0,810.0,557.0,239.0,564.0,246.0
0.0,1578.0,800.0,797.0,810.0,803.0,803.0,558.0,239.0,560.0,240.0
0.0,1588.0,806.0,798.0,803.0,809.0,809.0,558.0,240.0,565.0,241.0
0.0,1585.0,800.0,799.0,809.0,803.0,803.0,559.0,240.0,560.0,240.0
0.0,1594.0,804.0,799.0,803.0,804.0,804.0,559.0,240.0,563.0,241.0
0.0,1593.0,804.0,800.0,804.0,807.0,807.0,560.0,240.0,562.0,242.0
0.0,1593.0,807.0,800.0,807.0,807.0,807.0,560.0,240.0,563.0,244.0
0.0,1593.0,814.0,801.0,807.0,817.0,817.0,561.0,240.0,569.0,245.0
0.0,1586.0,809.0,801.0,817.0,809.0,809.0,561.0,240.0,567.0,242.0
0.0,1594.0,806.0,803.0,809.0,812.0,812.0,562.0,241.0,561.0,245.0
0.0,1597.0,824.0,803.0,812.0,824.0,824.0,562.0,241.0,577.0,247.0
0.0,1585.0,831.0,804.0,824.0,834.0,834.0,563.0,241.0,581.0,250.0
0.0,1578.0,825.0,804.0,834.0,825.0,825.0,563.0,241.0,574.0,251.0
0.0,1587.0,822.0,805.0,825.0,825.0,825.0,564.0,241.0,578.0,244.0
0.0,1590.0,832.0,806.0,825.0,835.0,835.0,564.0,242.0,580.0,252.0
0.0,1583.0,829.0,806.0,835.0,829.0,829.0,564.0,242.0,581.0,248.0
0.0,1589.0,837.0,807.0,829.0,840.0,840.0,565.0,242.0,588.0,249.0
0.0,1581.0,835.0,807.0,840.0,835.0,835.0,565.0,242.0,580.0,255.0
0.0,1586.0,837.0,808.0,835.0,840.0,840.0,566.0,242.0,586.0,251.0
0.0,1584.0,835.0,809.0,840.0,838.0,838.0,566.0,243.0,585.0,250.0
0.0,1589.0,839.0,809.0,838.0,839.0,839.0,566.0,243.0,586.0,253.0
0.0,1588.0,836.0,810.0,839.0,839.0,839.0,567.0,243.0,584.0,252.0
0.0,1591.0,843.0,810.0,839.0,843.0,843.0,567.0,243.0,587.0,256.0
0.0,1587.0,833.0,810.0,843.0,833.0,833.0,567.0,243.0,581.0,252.0
0.0,1597.0,846.0,812.0,833.0,852.0,852.0,568.0,244.0,593.0,253.0
0.0,1584.0,845.0,812.0,852.0,845.0,845.0,568.0,244.0,592.0,253.0
0.0,1591.0,830.0,813.0,845.0,833.0,833.0,569.0,244.0,581.0,249.0
0.0,1606.0,838.0,813.0,833.0,838.0,838.0,569.0,244.0,583.0,255.0
0.0,1601.0,833.0,814.0,838.0,836.0,836.0,570.0,244.0,582.0,251.0
0.0,1606.0,841.0,815.0,836.0,844.0,844.0,570.0,245.0,584.0,257.0
0.0,1601.0,829.0,815.0,844.0,829.0,829.0,570.0,245.0,578.0,251.0
0.0,1616.0,841.0,816.0,829.0,844.0,844.0,571.0,245.0,590.0,251.0
0.0,1604.0,838.0,816.0,844.0,838.0,838.0,571.0,245.0,582.0,256.0
0.0,1610.0,835.0,817.0,838.0,838.0,838.0,572.0,245.0,586.0,249.0
0.0,1613.0,839.0,818.0,838.0,842.0,842.0,572.0,246.0,589.0,250.0
0.0,1612.0,842.0,819.0,842.0,845.0,845.0,573.0,246.0,590.0,252.0
0.0,1612.0,833.0,819.0,845.0,833.0,833.0,573.0,246.0,580.0,253.0
0.0,1624.0,845.0,820.0,833.0,848.0,848.0,574.0,246.0,596.0,249.0
0.0,1612.0,840.0,821.0,848.0,843.0,843.0,574.0,247.0,591.0,249.0
0.0,1620.0,839.0,822.0,843.0,842.0,842.0,575.0,247.0,592.0,247.0
0.0,1624.0,845.0,823.0,842.0,848.0,848.0,576.0,247.0,597.0,248.0
0.0,1621.0,844.0,823.0,848.0,844.0,844.0,576.0,247.0,590.0,254.0
0.0,1625.0,835.0,824.0,844.0,838.0,838.0,577.0,247.0,590.0,245.0
0.0,1634.0,834.0,825.0,838.0,837.0,837.0,577.0,248.0,586.0,248.0
0.0,1638.0,838.0,826.0,837.0,841.0,841.0,578.0,248.0,591.0,247.0
0.0,1637.0,837.0,826.0,841.0,837.0,837.0,578.0,248.0,590.0,247.0
0.0,1641.0,835.0,827.0,837.0,838.0,838.0,579.0,248.0,583.0,252.0
0.0,1643.0,845.0,827.0,838.0,845.0,845.0,579.0,248.0,597.0,248.0
0.0,1636.0,829.0,828.0,845.0,832.0,832.0,580.0,248.0,582.0,247.0
0.0,1652.0,837.0,829.0,832.0,840.0,840.0,580.0,249.0,586.0,251.0
0.0,1647.0,831.0,830.0,840.0,834.0,834.0,581.0,249.0,582.0,249.0
0.0,1656.0,830.0,830.0,834.0,830.0,830.0,581.0,249.0,582.0,248.0
0.0,1660.0,833.0,831.0,830.0,836.0,836.0,582.0,249.0,584.0,249.0
0.0,1657.0,840.0,831.0,836.0,840.0,840.0,582.0,249.0,588.0,252.0
0.0,1653.0,833.0,832.0,840.0,836.0,836.0,583.0,249.0,583.0,250.0
0.0,1660.0,825.0,833.0,836.0,828.0,828.0,583.0,250.0,572.0,253.0
0.0,1671.0,842.0,833.0,828.0,842.0,842.0,583.0,250.0,591.0,251.0
0.0,1657.0,836.0,834.0,842.0,839.0,839.0,584.0,250.0,583.0,253.0
0.0,1663.0,843.0,834.0,839.0,843.0,843.0,584.0,250.0,584.0,259.0
0.0,1659.0,843.0,835.0,843.0,846.0,846.0,585.0,250.0,590.0,253.0
0.0,1659.0,855.0,836.0,846.0,858.0,858.0,585.0,251.0,595.0,260.0
0.0,1650.0,850.0,837.0,858.0,853.0,853.0,586.0,251.0,588.0,262.0
0.0,1658.0,866.0,837.0,853.0,866.0,866.0,586.0,251.0,609.0,257.0
0.0,1645.0,851.0,838.0,866.0,854.0,854.0,586.0,252.0,592.0,259.0
0.0,1660.0,849.0,839.0,854.0,852.0,852.0,587.0,252.0,592.0,257.0
0.0,1665.0,861.0,839.0,852.0,861.0,861.0,587.0,252.0,600.0,261.0
0.0,1656.0,874.0,840.0,861.0,877.0,877.0,588.0,252.0,611.0,263.0
0.0,1643.0,870.0,840.0,877.0,870.0,870.0,588.0,252.0,609.0,261.0
0.0,1650.0,868.0,842.0,870.0,874.0,874.0,589.0,253.0,607.0,261.0
0.0,1652.0,876.0,842.0,874.0,876.0,876.0,589.0,253.0,613.0,263.0
0.0,1650.0,871.0,843.0,876.0,874.0,874.0,590.0,253.0,609.0,262.0
0.0,1655.0,877.0,843.0,874.0,877.0,877.0,590.0,253.0,612.0,265.0
0.0,1652.0,875.0,845.0,877.0,881.0,881.0,591.0,254.0,610.0,265.0
0.0,1654.0,881.0,845.0,881.0,881.0,881.0,591.0,254.0,619.0,262.0
0.0,1654.0,880.0,846.0,881.0,883.0,883.0,592.0,254.0,621.0,259.0
0.0,1655.0,878.0,847.0,883.0,881.0,881.0,593.0,254.0,608.0,270.0
0.0,1660.0,877.0,847.0,881.0,877.0,877.0,593.0,254.0,616.0,261.0
0.0,1664.0,879.0,848.0,877.0,882.0,882.0,593.0,255.0,615.0,264.0
0.0,1662.0,870.0,849.0,882.0,873.0,873.0,594.0,255.0,609.0,261.0
0.0,1674.0,872.0,849.0,873.0,872.0,872.0,594.0,255.0,608.0,264.0
0.0,1675.0,874.0,850.0,872.0,877.0,877.0,595.0,255.0,608.0,266.0
0.0,1673.0,868.0,850.0,877.0,868.0,868.0,595.0,255.0,603.0,265.0
0.0,1682.0,877.0,852.0,868.0,883.0,883.0,596.0,256.0,612.0,265.0
0.0,1673.0,868.0,852.0,883.0,868.0,868.0,596.0,256.0,605.0,263.0
0.0,1688.0,872.0,853.0,868.0,875.0,875.0,597.0,256.0,611.0,261.0
0.0,1684.0,876.0,853.0,875.0,876.0,876.0,597.0,256.0,611.0,265.0
0.0,1683.0,871.0,854.0,876.0,874.0,874.0,598.0,256.0,610.0,261.0
0.0,1688.0,870.0,855.0,874.0,873.0,873.0,598.0,257.0,610.0,260.0
0.0,1692.0,865.0,856.0,873.0,868.0,868.0,599.0,257.0,606.0,259.0
0.0,1700.0,873.0,856.0,868.0,873.0,873.0,599.0,257.0,612.0,261.0
0.0,1695.0,874.0,856.0,873.0,874.0,874.0,599.0,257.0,610.0,264.0
0.0,1694.0,865.0,857.0,874.0,868.0,868.0,600.0,257.0,607.0,258.0
0.0,1703.0,871.0,858.0,868.0,874.0,874.0,600.0,258.0,612.0,259.0
0.0,1700.0,874.0,858.0,874.0,874.0,874.0,600.0,258.0,617.0,257.0
0.0,1700.0,870.0,859.0,874.0,873.0,873.0,601.0,258.0,612.0,258.0
0.0,1704.0,884.0,860.0,873.0,887.0,887.0,602.0,258.0,621.0,263.0
0.0,1693.0,865.0,860.0,887.0,865.0,865.0,602.0,258.0,608.0,257.0
0.0,1715.0,874.0,861.0,865.0,877.0,877.0,602.0,259.0,615.0,259.0
0.0,1706.0,864.0,862.0,877.0,867.0,867.0,603.0,259.0,608.0,256.0
0.0,1719.0,871.0,862.0,867.0,871.0,871.0,603.0,259.0,613.0,258.0
0.0,1715.0,865.0,863.0,871.0,868.0,868.0,604.0,259.0,604.0,261.0
0.0,1721.0,869.0,863.0,868.0,869.0,869.0,604.0,259.0,615.0,254.0
0.0,1720.0,863.0,864.0,869.0,866.0,866.0,605.0,259.0,607.0,256.0
0.0,1726.0,871.0,865.0,866.0,874.0,874.0,605.0,260.0,614.0,257.0
0.0,1721.0,862.0,865.0,874.0,862.0,862.0,605.0,260.0,600.0,262.0
0.0,1733.0,862.0,866.0,862.0,865.0,865.0,606.0,260.0,604.0,258.0
0.0,1733.0,865.0,866.0,865.0,865.0,865.0,606.0,260.0,605.0,260.0
0.0,1733.0,861.0,867.0,865.0,864.0,864.0,607.0,260.0,604.0,257.0
0.0,1737.0,870.0,867.0,864.0,870.0,870.0,607.0,260.0,607.0,263.0
0.0,1731.0,869.0,869.0,870.0,875.0,875.0,608.0,261.0,608.0,261.0
0.0,1732.0,877.0,869.0,875.0,877.0,877.0,608.0,261.0,613.0,264.0
0.0,1730.0,878.0,870.0,877.0,881.0,881.0,609.0,261.0,612.0,266.0
0.0,1729.0,884.0,870.0,881.0,884.0,884.0,609.0,261.0,615.0,269.0
0.0,1726.0,881.0,871.0,884.0,884.0,884.0,610.0,261.0,617.0,264.0
0.0,1729.0,888.0,871.0,884.0,888.0,888.0,610.0,261.0,623.0,265.0
0.0,1725.0,890.0,872.0,888.0,893.0,893.0,610.0,262.0,621.0,269.0
0.0,1723.0,896.0,873.0,893.0,899.0,899.0,611.0,262.0,627.0,269.0
0.0,1720.0,896.0,874.0,899.0,899.0,899.0,612.0,262.0,626.0,270.0
0.0,1723.0,905.0,874.0,899.0,905.0,905.0,612.0,262.0,634.0,271.0
0.0,1717.0,899.0,874.0,905.0,899.0,899.0,612.0,262.0,631.0,268.0
0.0,1723.0,906.0,875.0,899.0,909.0,909.0,613.0,262.0,636.0,270.0
0.0,1716.0,903.0,876.0,909.0,906.0,906.0,613.0,263.0,630.0,273.0
0.0,1722.0,909.0,877.0,906.0,912.0,912.0,614.0,263.0,636.0,273.0
0.0,1719.0,906.0,877.0,912.0,906.0,906.0,614.0,263.0,635.0,271.0
0.0,1725.0,915.0,878.0,906.0,918.0,918.0,615.0,263.0,639.0,276.0
0.0,1716.0,915.0,878.0,918.0,915.0,915.0,615.0,263.0,640.0,275.0
0.0,1719.0,911.0,880.0,915.0,917.0,917.0,616.0,264.0,637.0,274.0
0.0,1723.0,910.0,880.0,917.0,910.0,910.0,616.0,264.0,636.0,274.0
0.0,1730.0,918.0,881.0,910.0,921.0,921.0,617.0,264.0,640.0,278.0
0.0,1722.0,917.0,881.0,921.0,917.0,917.0,617.0,264.0,642.0,275.0
0.0,1726.0,913.0,883.0,917.0,919.0,919.0,618.0,265.0,639.0,274.0
0.0,1730.0,925.0,883.0,919.0,925.0,925.0,618.0,265.0,647.0,278.0
0.0,1724.0,913.0,884.0,925.0,916.0,916.0,619.0,265.0,636.0,277.0
0.0,1736.0,917.0,885.0,916.0,920.0,920.0,620.0,265.0,638.0,279.0
0.0,1735.0,910.0,885.0,920.0,910.0,910.0,620.0,265.0,635.0,275.0
0.0,1745.0,910.0,887.0,910.0,916.0,916.0,621.0,266.0,634.0,276.0
0.0,1745.0,911.0,887.0,916.0,911.0,911.0,621.0,266.0,637.0,274.0
0.0,1750.0,908.0,888.0,911.0,911.0,911.0,622.0,266.0,633.0,275.0
0.0,1753.0,913.0,888.0,911.0,913.0,913.0,622.0,266.0,638.0,275.0
0.0,1751.0,904.0,889.0,913.0,907.0,907.0,622.0,267.0,631.0,273.0
0.0,1760.0,908.0,890.0,907.0,911.0,911.0,623.0,267.0,636.0,272.0
0.0,1759.0,908.0,890.0,911.0,908.0,908.0,623.0,267.0,636.0,272.0
0.0,1762.0,916.0,891.0,908.0,919.0,919.0,624.0,267.0,645.0,271.0
0.0,1754.0,898.0,892.0,919.0,901.0,901.0,625.0,267.0,631.0,267.0
0.0,1775.0,895.0,893.0,901.0,898.0,898.0,625.0,268.0,627.0,268.0
0.0,1781.0,906.0,893.0,898.0,906.0,906.0,625.0,268.0,636.0,270.0
0.0,1773.0,907.0,894.0,906.0,910.0,910.0,626.0,268.0,636.0,271.0
0.0,1772.0,907.0,894.0,910.0,907.0,907.0,626.0,268.0,639.0,268.0
0.0,1775.0,902.0,895.0,907.0,905.0,905.0,627.0,268.0,635.0,267.0
0.0,1780.0,912.0,896.0,905.0,915.0,915.0,627.0,269.0,643.0,269.0
0.0,1773.0,906.0,897.0,915.0,909.0,909.0,628.0,269.0,638.0,268.0
0.0,1782.0,905.0,897.0,909.0,905.0,905.0,628.0,269.0,636.0,269.0
0.0,1786.0,904.0,898.0,905.0,907.0,907.0,629.0,269.0,630.0,274.0
0.0,1787.0,901.0,899.0,907.0,904.0,904.0,629.0,270.0,633.0,268.0
0.0,1793.0,897.0,899.0,904.0,897.0,897.0,629.0,270.0,629.0,268.0
0.0,1800.0,898.0,900.0,897.0,901.0,901.0,630.0,270.0,629.0,269.0
0.0,1799.0,899.0,900.0,901.0,899.0,899.0,630.0,270.0,626.0,273.0
0.0,1801.0,898.0,901.0,899.0,901.0,901.0,631.0,270.0,628.0,270.0
0.0,1802.0,897.0,902.0,901.0,900.0,900.0,631.0,271.0,631.0,266.0
0.0,1806.0,898.0,903.0,900.0,901.0,901.0,632.0,271.0,630.0,268.0
0.0,1808.0,905.0,903.0,901.0,905.0,905.0,632.0,271.0,634.0,271.0
0.0,1804.0,910.0,904.0,905.0,913.0,913.0,633.0,271.0,636.0,274.0
0.0,1799.0,909.0,904.0,913.0,909.0,909.0,633.0,271.0,635.0,274.0
0.0,1803.0,907.0,906.0,909.0,913.0,913.0,634.0,272.0,634.0,273.0
0.0,1805.0,916.0,906.0,913.0,916.0,916.0,634.0,272.0,644.0,272.0
0.0,1802.0,918.0,907.0,916.0,921.0,921.0,635.0,272.0,640.0,278.0
0.0,1800.0,926.0,907.0,921.0,926.0,926.0,635.0,272.0,647.0,279.0
0.0,1795.0,925.0,908.0,926.0,928.0,928.0,636.0,272.0,649.0,276.0
0.0,1796.0,930.0,908.0,928.0,930.0,930.0,636.0,272.0,653.0,277.0
0.0,1794.0,928.0,910.0,930.0,934.0,934.0,637.0,273.0,652.0,276.0
0.0,1796.0,935.0,910.0,934.0,935.0,935.0,637.0,273.0,655.0,280.0
0.0,1795.0,938.0,911.0,935.0,941.0,941.0,638.0,273.0,658.0,280.0
0.0,1792.0,945.0,911.0,941.0,945.0,945.0,638.0,273.0,661.0,284.0
0.0,1788.0,937.0,911.0,945.0,937.0,937.0,638.0,273.0,657.0,280.0
0.0,1796.0,948.0,913.0,937.0,954.0,954.0,639.0,274.0,662.0,286.0
0.0,1785.0,933.0,913.0,954.0,933.0,933.0,639.0,274.0,655.0,278.0
0.0,1806.0,939.0,914.0,933.0,942.0,942.0,640.0,274.0,657.0,282.0
0.0,1800.0,941.0,914.0,942.0,941.0,941.0,640.0,274.0,656.0,285.0
0.0,1801.0,948.0,914.0,941.0,948.0,948.0,640.0,274.0,659.0,289.0
0.0,1794.0,955.0,916.0,948.0,961.0,961.0,641.0,275.0,670.0,285.0
0.0,1787.0,942.0,916.0,961.0,942.0,942.0,641.0,275.0,658.0,284.0
0.0,1806.0,949.0,917.0,942.0,952.0,952.0,642.0,275.0,663.0,286.0
0.0,1799.0,947.0,917.0,952.0,947.0,947.0,642.0,275.0,662.0,285.0
0.0,1804.0,940.0,917.0,947.0,940.0,940.0,642.0,275.0,655.0,285.0
0.0,1811.0,952.0,918.0,940.0,955.0,955.0,643.0,275.0,667.0,285.0
0.0,1799.0,945.0,918.0,955.0,945.0,945.0,643.0,275.0,660.0,285.0
0.0,1809.0,934.0,920.0,945.0,940.0,940.0,644.0,276.0,649.0,285.0
0.0,1820.0,950.0,920.0,940.0,950.0,950.0,644.0,276.0,664.0,286.0
0.0,1810.0,936.0,921.0,950.0,939.0,939.0,645.0,276.0,652.0,284.0
0.0,1824.0,948.0,921.0,939.0,948.0,948.0,645.0,276.0,659.0,289.0
0.0,1815.0,946.0,923.0,948.0,952.0,952.0,646.0,277.0,660.0,286.0
0.0,1817.0,943.0,923.0,952.0,943.0,943.0,646.0,277.0,659.0,284.0
0.0,1826.0,947.0,924.0,943.0,950.0,950.0,647.0,277.0,662.0,285.0
0.0,1822.0,948.0,924.0,950.0,948.0,948.0,647.0,277.0,664.0,284.0
0.0,1824.0,937.0,925.0,948.0,940.0,940.0,647.0,278.0,651.0,286.0
0.0,1835.0,938.0,926.0,940.0,941.0,941.0,648.0,278.0,657.0,281.0
0.0,1837.0,945.0,926.0,941.0,945.0,945.0,648.0,278.0,663.0,282.0
0.0,1833.0,943.0,927.0,945.0,946.0,946.0,649.0,278.0,660.0,283.0
0.0,1835.0,941.0,928.0,946.0,944.0,944.0,649.0,279.0,659.0,282.0
0.0,1840.0,943.0,929.0,944.0,946.0,946.0,650.0,279.0,663.0,280.0
0.0,1841.0,943.0,929.0,946.0,943.0,943.0,650.0,279.0,663.0,280.0
0.0,1844.0,938.0,930.0,943.0,941.0,941.0,651.0,279.0,655.0,283.0
0.0,1849.0,940.0,930.0,941.0,940.0,940.0,651.0,279.0,662.0,278.0
0.0,1850.0,939.0,931.0,940.0,942.0,942.0,651.0,280.0,655.0,284.0
0.0,1851.0,929.0,932.0,942.0,932.0,932.0,652.0,280.0,651.0,278.0
0.0,1864.0,934.0,932.0,932.0,934.0,934.0,652.0,280.0,654.0,280.0
0.0,1862.0,941.0,933.0,934.0,944.0,944.0,653.0,280.0,656.0,285.0
0.0,1855.0,939.0,934.0,944.0,942.0,942.0,653.0,281.0,658.0,281.0
0.0,1860.0,933.0,935.0,942.0,936.0,936.0,654.0,281.0,654.0,279.0
0.0,1869.0,934.0,935.0,936.0,934.0,934.0,654.0,281.0,652.0,282.0
0.0,1871.0,940.0,936.0,934.0,943.0,943.0,655.0,281.0,654.0,286.0
0.0,1865.0,933.0,937.0,943.0,936.0,936.0,655.0,282.0,653.0,280.0
0.0,1875.0,933.0,938.0,936.0,936.0,936.0,656.0,282.0,652.0,281.0
0.0,1878.0,942.0,938.0,936.0,942.0,942.0,656.0,282.0,659.0,283.0
0.0,1872.0,942.0,938.0,942.0,942.0,942.0,656.0,282.0,653.0,289.0
0.0,1872.0,949.0,939.0,942.0,952.0,952.0,657.0,282.0,666.0,283.0
0.0,1865.0,957.0,940.0,952.0,960.0,960.0,657.0,283.0,674.0,283.0
0.0,1860.0,953.0,941.0,960.0,956.0,956.0,658.0,283.0,670.0,283.0
0.0,1867.0,948.0,941.0,956.0,948.0,948.0,658.0,283.0,663.0,285.0
0.0,1875.0,957.0,942.0,948.0,960.0,960.0,659.0,283.0,669.0,288.0
0.0,1866.0,959.0,942.0,960.0,959.0,959.0,659.0,283.0,669.0,290.0
0.0,1867.0,961.0,943.0,959.0,964.0,964.0,659.0,284.0,673.0,288.0
0.0,1865.0,970.0,944.0,964.0,973.0,973.0,660.0,284.0,683.0,287.0
0.0,1859.0,972.0,944.0,973.0,972.0,972.0,660.0,284.0,682.0,290.0
0.0,1860.0,966.0,945.0,972.0,969.0,969.0,661.0,284.0,680.0,286.0
0.0,1866.0,980.0,945.0,969.0,980.0,980.0,661.0,284.0,684.0,296.0
0.0,1855.0,983.0,946.0,980.0,986.0,986.0,662.0,284.0,692.0,291.0
0.0,1852.0,985.0,948.0,986.0,991.0,991.0,663.0,285.0,693.0,292.0
0.0,1853.0,979.0,948.0,991.0,979.0,979.0,663.0,285.0,685.0,294.0
0.0,1865.0,972.0,949.0,979.0,975.0,975.0,664.0,285.0,682.0,290.0
0.0,1872.0,980.0,949.0,975.0,980.0,980.0,664.0,285.0,689.0,291.0
0.0,1867.0,968.0,949.0,980.0,968.0,968.0,664.0,285.0,673.0,295.0
0.0,1879.0,976.0,950.0,968.0,979.0,979.0,665.0,285.0,683.0,293.0
0.0,1871.0,982.0,951.0,979.0,985.0,985.0,665.0,286.0,686.0,296.0
0.0,1868.0,978.0,952.0,985.0,981.0,981.0,666.0,286.0,682.0,296.0
0.0,1875.0,973.0,952.0,981.0,973.0,973.0,666.0,286.0,679.0,294.0
0.0,1883.0,982.0,952.0,973.0,982.0,982.0,666.0,286.0,681.0,301.0
0.0,1874.0,976.0,953.0,982.0,979.0,979.0,667.0,286.0,678.0,298.0
0.0,1880.0,982.0,954.0,979.0,985.0,985.0,667.0,287.0,687.0,295.0
0.0,1877.0,973.0,955.0,985.0,976.0,976.0,668.0,287.0,677.0,296.0
0.0,1889.0,977.0,955.0,976.0,977.0,977.0,668.0,287.0,682.0,295.0
0.0,1888.0,979.0,956.0,977.0,982.0,982.0,669.0,287.0,680.0,299.0
0.0,1886.0,982.0,956.0,982.0,982.0,982.0,669.0,287.0,687.0,295.0
0.0,1886.0,968.0,957.0,982.0,971.0,971.0,669.0,288.0,670.0,298.0
0.0,1900.0,977.0,958.0,971.0,980.0,980.0,670.0,288.0,680.0,297.0
0.0,1894.0,985.0,958.0,980.0,985.0,985.0,670.0,288.0,689.0,296.0
0.0,1889.0,975.0,959.0,985.0,978.0,978.0,671.0,288.0,681.0,294.0
0.0,1899.0,971.0,960.0,978.0,974.0,974.0,671.0,289.0,679.0,292.0
0.0,1906.0,978.0,961.0,974.0,981.0,981.0,672.0,289.0,685.0,293.0
0.0,1902.0,983.0,961.0,981.0,983.0,983.0,672.0,289.0,688.0,295.0
0.0,1900.0,982.0,962.0,983.0,985.0,985.0,673.0,289.0,683.0,299.0
0.0,1901.0,972.0,963.0,985.0,975.0,975.0,673.0,290.0,681.0,291.0
0.0,1914.0,972.0,963.0,975.0,972.0,972.0,673.0,290.0,680.0,292.0
0.0,1917.0,970.0,964.0,972.0,973.0,973.0,674.0,290.0,681.0,289.0
0.0,1919.0,976.0,964.0,973.0,976.0,976.0,674.0,290.0,681.0,295.0
0.0,1916.0,965.0,965.0,976.0,968.0,968.0,675.0,290.0,673.0,292.0
0.0,1927.0,972.0,966.0,968.0,975.0,975.0,675.0,291.0,680.0,292.0
0.0,1923.0,972.0,967.0,975.0,975.0,975.0,676.0,291.0,680.0,292.0
0.0,1926.0,972.0,967.0,975.0,972.0,972.0,676.0,291.0,680.0,292.0
0.0,1929.0,972.0,967.0,972.0,972.0,972.0,676.0,291.0,679.0,293.0
0.0,1929.0,971.0,968.0,972.0,974.0,974.0,677.0,291.0,682.0,289.0
0.0,1930.0,973.0,970.0,974.0,979.0,979.0,678.0,292.0,682.0,291.0
0.0,1931.0,981.0,970.0,979.0,981.0,981.0,678.0,292.0,691.0,290.0
0.0,1929.0,982.0,971.0,981.0,985.0,985.0,679.0,292.0,686.0,296.0
0.0,1928.0,969.0,971.0,985.0,969.0,969.0,679.0,292.0,674.0,295.0
0.0,1944.0,965.0,972.0,969.0,968.0,968.0,680.0,292.0,670.0,295.0
0.0,1948.0,979.0,973.0,968.0,982.0,982.0,680.0,293.0,686.0,293.0
0.0,1937.0,980.0,974.0,982.0,983.0,983.0,681.0,293.0,685.0,295.0
0.0,1939.0,974.0,974.0,983.0,974.0,974.0,681.0,293.0,682.0,292.0
0.0,1948.0,994.0,974.0,974.0,994.0,994.0,681.0,293.0,693.0,301.0
0.0,1928.0,985.0,976.0,994.0,991.0,991.0,682.0,294.0,688.0,297.0
0.0,1937.0,996.0,976.0,991.0,996.0,996.0,682.0,294.0,699.0,297.0
0.0,1932.0,995.0,977.0,996.0,998.0,998.0,683.0,294.0,695.0,300.0
0.0,1933.0,1006.0,977.0,998.0,1006.0,1006.0,683.0,294.0,704.0,302.0
0.0,1925.0,993.0,978.0,1006.0,996.0,996.0,684.0,294.0,694.0,299.0
0.0,1938.0,1003.0,979.0,996.0,1006.0,1006.0,684.0,295.0,705.0,298.0
0.0,1931.0,1004.0,979.0,1006.0,1004.0,1004.0,684.0,295.0,705.0,299.0
0.0,1933.0,1000.0,980.0,1004.0,1003.0,1003.0,685.0,295.0,701.0,299.0
0.0,1937.0,1020.0,980.0,1003.0,1020.0,1020.0,685.0,295.0,720.0,300.0
0.0,1920.0,1011.0,981.0,1020.0,1014.0,1014.0,686.0,295.0,707.0,304.0
0.0,1929.0,1024.0,981.0,1014.0,1024.0,1024.0,686.0,295.0,719.0,305.0
0.0,1919.0,1008.0,983.0,1024.0,1014.0,1014.0,687.0,296.0,707.0,301.0
0.0,1935.0,1016.0,983.0,1014.0,1016.0,1016.0,687.0,296.0,712.0,304.0
0.0,1933.0,1026.0,984.0,1016.0,1029.0,1029.0,688.0,296.0,718.0,308.0
0.0,1923.0,1014.0,985.0,1029.0,1017.0,1017.0,689.0,296.0,710.0,304.0
0.0,1938.0,1018.0,986.0,1017.0,1021.0,1021.0,689.0,297.0,712.0,306.0
0.0,1937.0,1012.0,987.0,1021.0,1015.0,1015.0,690.0,297.0,709.0,303.0
0.0,1946.0,1011.0,987.0,1015.0,1011.0,1011.0,690.0,297.0,704.0,307.0
0.0,1950.0,1011.0,987.0,1011.0,1011.0,1011.0,690.0,297.0,705.0,306.0
0.0,1950.0,1013.0,988.0,1011.0,1016.0,1016.0,691.0,297.0,705.0,308.0
0.0,1948.0,1010.0,988.0,1016.0,1010.0,1010.0,691.0,297.0,706.0,304.0
0.0,1954.0,1006.0,990.0,1010.0,1012.0,1012.0,692.0,298.0,703.0,303.0
0.0,1958.0,1014.0,990.0,1012.0,1014.0,1014.0,692.0,298.0,708.0,306.0
0.0,1956.0,1014.0,991.0,1014.0,1017.0,1017.0,693.0,298.0,705.0,309.0
0.0,1956.0,1018.0,991.0,1017.0,1018.0,1018.0,693.0,298.0,708.0,310.0
0.0,1955.0,1012.0,992.0,1018.0,1015.0,1015.0,694.0,298.0,708.0,304.0
0.0,1961.0,1009.0,993.0,1015.0,1012.0,1012.0,694.0,299.0,703.0,306.0
0.0,1967.0,1006.0,994.0,1012.0,1009.0,1009.0,695.0,299.0,702.0,304.0
0.0,1973.0,1012.0,994.0,1009.0,1012.0,1012.0,695.0,299.0,707.0,305.0
0.0,1970.0,1022.0,995.0,1012.0,1025.0,1025.0,696.0,299.0,712.0,310.0
0.0,1960.0,1016.0,995.0,1025.0,1016.0,1016.0,696.0,299.0,712.0,304.0
0.0,1969.0,1014.0,997.0,1016.0,1020.0,1020.0,697.0,300.0,710.0,304.0
0.0,1971.0,1020.0,997.0,1020.0,1020.0,1020.0,697.0,300.0,717.0,303.0
0.0,1971.0,1005.0,998.0,1020.0,1008.0,1008.0,698.0,300.0,703.0,302.0
0.0,1986.0,1013.0,998.0,1008.0,1013.0,1013.0,698.0,300.0,713.0,300.0
0.0,1981.0,1008.0,999.0,1013.0,1011.0,1011.0,699.0,300.0,702.0,306.0
0.0,1986.0,1012.0,1000.0,1011.0,1015.0,1015.0,699.0,301.0,708.0,304.0
0.0,1985.0,1012.0,1001.0,1015.0,1015.0,1015.0,700.0,301.0,711.0,301.0
0.0,1988.0,1012.0,1002.0,1015.0,1015.0,1015.0,701.0,301.0,712.0,300.0
0.0,1991.0,1011.0,1002.0,1015.0,1011.0,1011.0,701.0,301.0,704.0,307.0
0.0,1995.0,1005.0,1003.0,1011.0,1008.0,1008.0,702.0,301.0,703.0,302.0
0.0,2001.0,1014.0,1004.0,1008.0,1017.0,1017.0,702.0,302.0,711.0,303.0
0.0,1995.0,1000.0,1005.0,1017.0,1003.0,1003.0,703.0,302.0,696.0,304.0
0.0,2012.0,1015.0,1005.0,1003.0,1015.0,1015.0,703.0,302.0,707.0,308.0
0.0,2000.0,1006.0,1005.0,1015.0,1006.0,1006.0,703.0,302.0,702.0,304.0
0.0,2009.0,1001.0,1007.0,1006.0,1007.0,1007.0,704.0,303.0,700.0,301.0
0.0,2014.0,1012.0,1007.0,1007.0,1012.0,1012.0,704.0,303.0,708.0,304.0
0.0,2009.0,1012.0,1008.0,1012.0,1015.0,1015.0,705.0,303.0,708.0,304.0
0.0,2009.0,1008.0,1008.0,1015.0,1008.0,1008.0,705.0,303.0,706.0,302.0
0.0,2016.0,1020.0,1009.0,1008.0,1023.0,1023.0,706.0,303.0,711.0,309.0
0.0,2004.0,1021.0,1010.0,1023.0,1024.0,1024.0,706.0,304.0,715.0,306.0
0.0,2006.0,1013.0,1011.0,1024.0,1016.0,1016.0,707.0,304.0,708.0,305.0
0.0,2017.0,1033.0,1011.0,1016.0,1033.0,1033.0,707.0,304.0,726.0,307.0
0.0,2000.0,1030.0,1012.0,1033.0,1033.0,1033.0,708.0,304.0,723.0,307.0
0.0,2003.0,1030.0,1012.0,1033.0,1030.0,1030.0,708.0,304.0,720.0,310.0
0.0,2006.0,1031.0,1013.0,1030.0,1034.0,1034.0,709.0,304.0,721.0,310.0
0.0,2005.0,1034.0,1013.0,1034.0,1034.0,1034.0,709.0,304.0,732.0,302.0
0.0,2005.0,1033.0,1015.0,1034.0,1039.0,1039.0,710.0,305.0,726.0,307.0
0.0,2006.0,1034.0,1015.0,1039.0,1034.0,1034.0,710.0,305.0,725.0,309.0
0.0,2011.0,1046.0,1016.0,1034.0,1049.0,1049.0,711.0,305.0,736.0,310.0
0.0,1999.0,1047.0,1016.0,1049.0,1047.0,1047.0,711.0,305.0,736.0,311.0
0.0,2001.0,1053.0,1017.0,1047.0,1056.0,1056.0,712.0,305.0,742.0,311.0
0.0,1995.0,1050.0,1018.0,1056.0,1053.0,1053.0,712.0,306.0,739.0,311.0
0.0,2001.0,1048.0,1019.0,1053.0,1051.0,1051.0,713.0,306.0,735.0,313.0
0.0,2006.0,1063.0,1020.0,1051.0,1066.0,1066.0,714.0,306.0,750.0,313.0
0.0,1994.0,1044.0,1020.0,1066.0,1044.0,1044.0,714.0,306.0,733.0,311.0
0.0,2016.0,1048.0,1020.0,1044.0,1048.0,1048.0,714.0,306.0,732.0,316.0
0.0,2012.0,1049.0,1021.0,1048.0,1052.0,1052.0,715.0,306.0,734.0,315.0
0.0,2011.0,1056.0,1022.0,1052.0,1059.0,1059.0,715.0,307.0,740.0,316.0
0.0,2007.0,1040.0,1023.0,1059.0,1043.0,1043.0,716.0,307.0,726.0,314.0
0.0,2026.0,1046.0,1023.0,1043.0,1046.0,1046.0,716.0,307.0,730.0,316.0
0.0,2023.0,1048.0,1024.0,1046.0,1051.0,1051.0,717.0,307.0,732.0,316.0
0.0,2021.0,1027.0,1024.0,1051.0,1027.0,1027.0,717.0,307.0,715.0,312.0
0.0,2045.0,1042.0,1024.0,1027.0,1042.0,1042.0,717.0,307.0,727.0,315.0
0.0,2030.0,1047.0,1026.0,1042.0,1053.0,1053.0,718.0,308.0,733.0,314.0
0.0,2025.0,1046.0,1026.0,1053.0,1046.0,1046.0,718.0,308.0,730.0,316.0
0.0,2032.0,1037.0,1027.0,1046.0,1040.0,1040.0,719.0,308.0,722.0,315.0
0.0,2041.0,1059.0,1027.0,1040.0,1059.0,1059.0,719.0,308.0,741.0,318.0
0.0,2022.0,1037.0,1028.0,1059.0,1040.0,1040.0,720.0,308.0,724.0,313.0
0.0,2044.0,1044.0,1028.0,1040.0,1044.0,1044.0,720.0,308.0,731.0,313.0
0.0,2040.0,1040.0,1030.0,1044.0,1046.0,1046.0,721.0,309.0,730.0,310.0
0.0,2044.0,1049.0,1030.0,1046.0,1049.0,1049.0,721.0,309.0,735.0,314.0
0.0,2041.0,1051.0,1030.0,1049.0,1051.0,1051.0,721.0,309.0,730.0,321.0
0.0,2039.0,1048.0,1031.0,1051.0,1051.0,1051.0,722.0,309.0,732.0,316.0
0.0,2042.0,1051.0,1031.0,1051.0,1051.0,1051.0,722.0,309.0,736.0,315.0
0.0,2042.0,1044.0,1033.0,1051.0,1050.0,1050.0,723.0,310.0,732.0,312.0
0.0,2049.0,1048.0,1033.0,1050.0,1048.0,1048.0,723.0,310.0,735.0,313.0
0.0,2051.0,1039.0,1034.0,1048.0,1042.0,1042.0,724.0,310.0,721.0,318.0
0.0,2060.0,1053.0,1034.0,1042.0,1053.0,1053.0,724.0,310.0,736.0,317.0
0.0,2049.0,1037.0,1035.0,1053.0,1040.0,1040.0,724.0,311.0,724.0,313.0
0.0,2065.0,1034.0,1035.0,1040.0,1034.0,1034.0,724.0,311.0,720.0,314.0
0.0,2071.0,1055.0,1036.0,1034.0,1058.0,1058.0,725.0,311.0,738.0,317.0
0.0,2050.0,1039.0,1036.0,1058.0,1039.0,1039.0,725.0,311.0,722.0,317.0
0.0,2069.0,1040.0,1037.0,1039.0,1043.0,1043.0,726.0,311.0,728.0,312.0
0.0,2068.0,1042.0,1038.0,1043.0,1045.0,1045.0,726.0,312.0,727.0,315.0
0.0,2069.0,1039.0,1039.0,1045.0,1042.0,1042.0,727.0,312.0,724.0,315.0
0.0,2075.0,1043.0,1039.0,1042.0,1043.0,1043.0,727.0,312.0,732.0,311.0
0.0,2074.0,1041.0,1040.0,1043.0,1044.0,1044.0,728.0,312.0,723.0,318.0
0.0,2076.0,1047.0,1040.0,1044.0,1047.0,1047.0,728.0,312.0,733.0,314.0
0.0,2073.0,1046.0,1042.0,1047.0,1052.0,1052.0,729.0,313.0,732.0,314.0
0.0,2074.0,1055.0,1042.0,1052.0,1055.0,1055.0,729.0,313.0,740.0,315.0
0.0,2071.0,1052.0,1043.0,1055.0,1055.0,1055.0,730.0,313.0,732.0,320.0
0.0,2074.0,1058.0,1043.0,1055.0,1058.0,1058.0,730.0,313.0,743.0,315.0
0.0,2071.0,1064.0,1045.0,1058.0,1070.0,1070.0,731.0,314.0,748.0,316.0
0.0,2065.0,1064.0,1045.0,1070.0,1064.0,1064.0,731.0,314.0,747.0,317.0
0.0,2071.0,1062.0,1046.0,1064.0,1065.0,1065.0,732.0,314.0,745.0,317.0
0.0,2073.0,1069.0,1046.0,1065.0,1069.0,1069.0,732.0,314.0,750.0,319.0
0.0,2069.0,1083.0,1047.0,1069.0,1086.0,1086.0,733.0,314.0,763.0,320.0
0.0,2055.0,1076.0,1049.0,1086.0,1082.0,1082.0,734.0,315.0,760.0,316.0
0.0,2065.0,1069.0,1049.0,1082.0,1069.0,1069.0,734.0,315.0,752.0,317.0
0.0,2078.0,1080.0,1050.0,1069.0,1083.0,1083.0,735.0,315.0,761.0,319.0
0.0,2067.0,1083.0,1050.0,1083.0,1083.0,1083.0,735.0,315.0,758.0,325.0
0.0,2067.0,1077.0,1051.0,1083.0,1080.0,1080.0,736.0,315.0,757.0,320.0
0.0,2073.0,1086.0,1052.0,1080.0,1089.0,1089.0,736.0,316.0,762.0,324.0
0.0,2067.0,1082.0,1053.0,1089.0,1085.0,1085.0,737.0,316.0,761.0,321.0
0.0,2074.0,1086.0,1053.0,1085.0,1086.0,1086.0,737.0,316.0,766.0,320.0
0.0,2073.0,1087.0,1053.0,1086.0,1087.0,1087.0,737.0,316.0,760.0,327.0
0.0,2072.0,1086.0,1054.0,1087.0,1089.0,1089.0,738.0,316.0,763.0,323.0
0.0,2073.0,1088.0,1056.0,1089.0,1094.0,1094.0,739.0,317.0,764.0,324.0
0.0,2074.0,1085.0,1056.0,1094.0,1085.0,1085.0,739.0,317.0,761.0,324.0
0.0,2083.0,1084.0,1056.0,1085.0,1084.0,1084.0,739.0,317.0,759.0,325.0
0.0,2084.0,1087.0,1057.0,1084.0,1090.0,1090.0,740.0,317.0,763.0,324.0
0.0,2081.0,1083.0,1058.0,1090.0,1086.0,1086.0,741.0,317.0,762.0,321.0
0.0,2088.0,1087.0,1058.0,1086.0,1087.0,1087.0,741.0,317.0,763.0,324.0
0.0,2087.0,1085.0,1060.0,1087.0,1091.0,1091.0,742.0,318.0,758.0,327.0
0.0,2089.0,1081.0,1061.0,1091.0,1084.0,1084.0,743.0,318.0,754.0,327.0
0.0,2099.0,1077.0,1061.0,1084.0,1077.0,1077.0,743.0,318.0,751.0,326.0
0.0,2106.0,1078.0,1062.0,1077.0,1081.0,1081.0,744.0,318.0,755.0,323.0
0.0,2105.0,1075.0,1062.0,1081.0,1075.0,1075.0,744.0,318.0,752.0,323.0
0.0,2111.0,1072.0,1063.0,1075.0,1075.0,1075.0,744.0,319.0,750.0,322.0
0.0,2114.0,1085.0,1064.0,1075.0,1088.0,1088.0,745.0,319.0,760.0,325.0
0.0,2104.0,1077.0,1064.0,1088.0,1077.0,1077.0,745.0,319.0,755.0,322.0
0.0,2115.0,1090.0,1065.0,1077.0,1093.0,1093.0,746.0,319.0,761.0,329.0
0.0,2102.0,1077.0,1065.0,1093.0,1077.0,1077.0,746.0,319.0,753.0,324.0
0.0,2118.0,1090.0,1067.0,1077.0,1096.0,1096.0,747.0,320.0,764.0,326.0
0.0,2105.0,1080.0,1068.0,1096.0,1083.0,1083.0,748.0,320.0,757.0,323.0
0.0,2121.0,1088.0,1068.0,1083.0,1088.0,1088.0,748.0,320.0,765.0,323.0
0.0,2116.0,1086.0,1069.0,1088.0,1089.0,1089.0,749.0,320.0,759.0,327.0
0.0,2118.0,1087.0,1069.0,1089.0,1087.0,1087.0,749.0,320.0,760.0,327.0
0.0,2120.0,1078.0,1071.0,1087.0,1084.0,1084.0,750.0,321.0,754.0,324.0
0.0,2129.0,1082.0,1071.0,1084.0,1082.0,1082.0,750.0,321.0,758.0,324.0
0.0,2131.0,1084.0,1072.0,1082.0,1087.0,1087.0,751.0,321.0,758.0,326.0
0.0,2129.0,1089.0,1073.0,1087.0,1092.0,1092.0,752.0,321.0,760.0,329.0
0.0,2127.0,1070.0,1073.0,1092.0,1070.0,1070.0,752.0,321.0,748.0,322.0
0.0,2149.0,1085.0,1074.0,1070.0,1088.0,1088.0,753.0,321.0,760.0,325.0
0.0,2134.0,1079.0,1075.0,1088.0,1082.0,1082.0,753.0,322.0,751.0,328.0
0.0,2143.0,1083.0,1076.0,1082.0,1086.0,1086.0,754.0,322.0,758.0,325.0
0.0,2142.0,1077.0,1076.0,1086.0,1077.0,1077.0,754.0,322.0,748.0,329.0
0.0,2151.0,1083.0,1077.0,1077.0,1086.0,1086.0,754.0,323.0,757.0,326.0
0.0,2145.0,1071.0,1078.0,1086.0,1074.0,1074.0,755.0,323.0,749.0,322.0
0.0,2160.0,1083.0,1078.0,1074.0,1083.0,1083.0,755.0,323.0,757.0,326.0
0.0,2151.0,1077.0,1079.0,1083.0,1080.0,1080.0,756.0,323.0,753.0,324.0
0.0,2157.0,1085.0,1079.0,1080.0,1085.0,1085.0,756.0,323.0,757.0,328.0
0.0,2152.0,1086.0,1080.0,1085.0,1089.0,1089.0,757.0,323.0,755.0,331.0
0.0,2151.0,1088.0,1081.0,1089.0,1091.0,1091.0,757.0,324.0,759.0,329.0
0.0,2152.0,1084.0,1081.0,1091.0,1084.0,1084.0,757.0,324.0,757.0,327.0
0.0,2159.0,1101.0,1082.0,1084.0,1104.0,1104.0,758.0,324.0,768.0,333.0
0.0,2142.0,1100.0,1082.0,1104.0,1100.0,1100.0,758.0,324.0,774.0,326.0
0.0,2146.0,1095.0,1083.0,1100.0,1098.0,1098.0,758.0,325.0,768.0,327.0
0.0,2151.0,1098.0,1083.0,1098.0,1098.0,1098.0,758.0,325.0,766.0,332.0
0.0,2151.0,1101.0,1084.0,1098.0,1104.0,1104.0,759.0,325.0,772.0,329.0
0.0,2148.0,1118.0,1084.0,1104.0,1118.0,1118.0,759.0,325.0,784.0,334.0
0.0,2134.0,1111.0,1086.0,1118.0,1117.0,1117.0,760.0,326.0,781.0,330.0
0.0,2141.0,1113.0,1086.0,1117.0,1113.0,1113.0,760.0,326.0,782.0,331.0
0.0,2145.0,1118.0,1087.0,1113.0,1121.0,1121.0,761.0,326.0,785.0,333.0
0.0,2140.0,1116.0,1087.0,1121.0,1116.0,1116.0,761.0,326.0,781.0,335.0
0.0,2145.0,1111.0,1087.0,1116.0,1111.0,1111.0,761.0,326.0,780.0,331.0
0.0,2150.0,1120.0,1089.0,1111.0,1126.0,1126.0,762.0,327.0,785.0,335.0
0.0,2141.0,1120.0,1089.0,1126.0,1120.0,1120.0,762.0,327.0,785.0,335.0
0.0,2147.0,1112.0,1090.0,1120.0,1115.0,1115.0,763.0,327.0,780.0,332.0
0.0,2155.0,1108.0,1090.0,1115.0,1108.0,1108.0,763.0,327.0,771.0,337.0
0.0,2162.0,1124.0,1091.0,1108.0,1127.0,1127.0,763.0,328.0,787.0,337.0
0.0,2146.0,1113.0,1092.0,1127.0,1116.0,1116.0,764.0,328.0,782.0,331.0
0.0,2160.0,1108.0,1092.0,1116.0,1108.0,1108.0,764.0,328.0,775.0,333.0
0.0,2168.0,1112.0,1092.0,1108.0,1112.0,1112.0,764.0,328.0,782.0,330.0
0.0,2164.0,1117.0,1093.0,1112.0,1120.0,1120.0,765.0,328.0,778.0,339.0
0.0,2159.0,1117.0,1093.0,1120.0,1117.0,1117.0,765.0,328.0,782.0,335.0
0.0,2162.0,1114.0,1094.0,1117.0,1117.0,1117.0,766.0,328.0,782.0,332.0
0.0,2165.0,1107.0,1095.0,1117.0,1110.0,1110.0,766.0,329.0,777.0,330.0
0.0,2175.0,1114.0,1096.0,1110.0,1117.0,1117.0,767.0,329.0,781.0,333.0
0.0,2171.0,1115.0,1096.0,1117.0,1115.0,1115.0,767.0,329.0,784.0,331.0
0.0,2173.0,1122.0,1097.0,1115.0,1125.0,1125.0,768.0,329.0,782.0,340.0
0.0,2166.0,1125.0,1097.0,1125.0,1125.0,1125.0,768.0,329.0,789.0,336.0
0.0,2166.0,1117.0,1099.0,1125.0,1123.0,1123.0,769.0,330.0,785.0,332.0
0.0,2174.0,1111.0,1099.0,1123.0,1111.0,1111.0,769.0,330.0,777.0,334.0
0.0,2186.0,1122.0,1100.0,1111.0,1125.0,1125.0,770.0,330.0,791.0,331.0
0.0,2175.0,1110.0,1100.0,1125.0,1110.0,1110.0,770.0,330.0,776.0,334.0
0.0,2190.0,1115.0,1101.0,1110.0,1118.0,1118.0,771.0,330.0,779.0,336.0
0.0,2185.0,1114.0,1102.0,1118.0,1117.0,1117.0,771.0,331.0,780.0,334.0
0.0,2189.0,1113.0,1102.0,1117.0,1113.0,1113.0,771.0,331.0,780.0,333.0
0.0,2193.0,1122.0,1103.0,1113.0,1125.0,1125.0,772.0,331.0,788.0,334.0
0.0,2184.0,1117.0,1103.0,1125.0,1117.0,1117.0,772.0,331.0,786.0,331.0
0.0,2192.0,1117.0,1104.0,1117.0,1120.0,1120.0,773.0,331.0,784.0,333.0
0.0,2192.0,1112.0,1104.0,1120.0,1112.0,1112.0,773.0,331.0,776.0,336.0
0.0,2200.0,1111.0,1105.0,1112.0,1114.0,1114.0,774.0,331.0,775.0,336.0
0.0,2201.0,1116.0,1106.0,1114.0,1119.0,1119.0,774.0,332.0,777.0,339.0
0.0,2199.0,1115.0,1107.0,1119.0,1118.0,1118.0,775.0,332.0,781.0,334.0
0.0,2203.0,1110.0,1107.0,1118.0,1110.0,1110.0,775.0,332.0,775.0,335.0
0.0,2211.0,1115.0,1107.0,1110.0,1115.0,1115.0,775.0,332.0,779.0,336.0
0.0,2206.0,1114.0,1108.0,1115.0,1117.0,1117.0,776.0,332.0,778.0,336.0
0.0,2207.0,1113.0,1109.0,1117.0,1116.0,1116.0,776.0,333.0,777.0,336.0
0.0,2211.0,1122.0,1110.0,1116.0,1125.0,1125.0,777.0,333.0,786.0,336.0
0.0,2205.0,1108.0,1110.0,1125.0,1108.0,1108.0,777.0,333.0,775.0,333.0
0.0,2222.0,1131.0,1111.0,1108.0,1134.0,1134.0,778.0,333.0,789.0,342.0
0.0,2199.0,1114.0,1112.0,1134.0,1117.0,1117.0,778.0,334.0,774.0,340.0
0.0,2219.0,1122.0,1113.0,1117.0,1125.0,1125.0,779.0,334.0,781.0,341.0
0.0,2214.0,1113.0,1113.0,1125.0,1113.0,1113.0,779.0,334.0,777.0,336.0
0.0,2226.0,1121.0,1114.0,1113.0,1124.0,1124.0,780.0,334.0,786.0,335.0
0.0,2218.0,1133.0,1114.0,1124.0,1133.0,1133.0,780.0,334.0,791.0,342.0
0.0,2209.0,1136.0,1115.0,1133.0,1139.0,1139.0,781.0,334.0,795.0,341.0
0.0,2206.0,1138.0,1116.0,1139.0,1141.0,1141.0,781.0,335.0,798.0,340.0
0.0,2207.0,1143.0,1117.0,1141.0,1146.0,1146.0,782.0,335.0,801.0,342.0
0.0,2205.0,1141.0,1117.0,1146.0,1141.0,1141.0,782.0,335.0,794.0,347.0
0.0,2210.0,1138.0,1118.0,1141.0,1141.0,1141.0,783.0,335.0,795.0,343.0
0.0,2213.0,1151.0,1119.0,1141.0,1154.0,1154.0,783.0,336.0,807.0,344.0
0.0,2203.0,1153.0,1120.0,1154.0,1156.0,1156.0,784.0,336.0,810.0,343.0
0.0,2204.0,1151.0,1120.0,1156.0,1151.0,1151.0,784.0,336.0,807.0,344.0
0.0,2209.0,1144.0,1120.0,1151.0,1144.0,1144.0,784.0,336.0,801.0,343.0
0.0,2216.0,1146.0,1122.0,1144.0,1152.0,1152.0,785.0,337.0,803.0,343.0
0.0,2214.0,1147.0,1122.0,1152.0,1147.0,1147.0,785.0,337.0,804.0,343.0
0.0,2219.0,1162.0,1123.0,1147.0,1165.0,1165.0,786.0,337.0,817.0,345.0
0.0,2204.0,1155.0,1123.0,1165.0,1155.0,1155.0,786.0,337.0,806.0,349.0
0.0,2214.0,1149.0,1124.0,1155.0,1152.0,1152.0,787.0,337.0,805.0,344.0
0.0,2220.0,1148.0,1125.0,1152.0,1151.0,1151.0,787.0,338.0,803.0,345.0
0.0,2224.0,1144.0,1126.0,1151.0,1147.0,1147.0,788.0,338.0,803.0,341.0
0.0,2231.0,1153.0,1126.0,1147.0,1153.0,1153.0,788.0,338.0,808.0,345.0
0.0,2225.0,1147.0,1127.0,1153.0,1150.0,1150.0,789.0,338.0,800.0,347.0
0.0,2231.0,1146.0,1127.0,1150.0,1146.0,1146.0,789.0,338.0,802.0,344.0
0.0,2235.0,1147.0,1129.0,1146.0,1153.0,1153.0,790.0,339.0,802.0,345.0
0.0,2234.0,1153.0,1129.0,1153.0,1153.0,1153.0,790.0,339.0,807.0,346.0
0.0,2234.0,1146.0,1130.0,1153.0,1149.0,1149.0,791.0,339.0,805.0,341.0
0.0,2241.0,1153.0,1130.0,1149.0,1153.0,1153.0,791.0,339.0,807.0,346.0
0.0,2237.0,1143.0,1131.0,1153.0,1146.0,1146.0,791.0,340.0,800.0,343.0
0.0,2247.0,1142.0,1132.0,1146.0,1145.0,1145.0,792.0,340.0,795.0,347.0
0.0,2251.0,1146.0,1132.0,1145.0,1146.0,1146.0,792.0,340.0,803.0,343.0
0.0,2250.0,1147.0,1132.0,1146.0,1147.0,1147.0,792.0,340.0,805.0,342.0
0.0,2249.0,1147.0,1133.0,1147.0,1150.0,1150.0,793.0,340.0,798.0,349.0
0.0,2249.0,1153.0,1134.0,1150.0,1156.0,1156.0,793.0,341.0,808.0,345.0
0.0,2246.0,1142.0,1135.0,1156.0,1145.0,1145.0,794.0,341.0,802.0,340.0
0.0,2260.0,1148.0,1135.0,1145.0,1148.0,1148.0,794.0,341.0,805.0,343.0
0.0,2257.0,1156.0,1136.0,1148.0,1159.0,1159.0,795.0,341.0,810.0,346.0
0.0,2249.0,1152.0,1136.0,1159.0,1152.0,1152.0,795.0,341.0,809.0,343.0
0.0,2256.0,1153.0,1137.0,1152.0,1156.0,1156.0,796.0,341.0,811.0,342.0
0.0,2255.0,1144.0,1138.0,1156.0,1147.0,1147.0,796.0,342.0,803.0,341.0
0.0,2267.0,1152.0,1138.0,1147.0,1152.0,1152.0,796.0,342.0,809.0,343.0
0.0,2262.0,1151.0,1139.0,1152.0,1154.0,1154.0,797.0,342.0,810.0,341.0
0.0,2263.0,1130.0,1139.0,1154.0,1130.0,1130.0,797.0,342.0,789.0,341.0
0.0,2287.0,1146.0,1140.0,1130.0,1149.0,1149.0,798.0,342.0,801.0,345.0
0.0,2271.0,1158.0,1140.0,1149.0,1158.0,1158.0,798.0,342.0,811.0,347.0
0.0,2262.0,1150.0,1141.0,1158.0,1153.0,1153.0,799.0,342.0,807.0,343.0
0.0,2270.0,1143.0,1142.0,1153.0,1146.0,1146.0,799.0,343.0,798.0,345.0
0.0,2280.0,1142.0,1143.0,1146.0,1145.0,1145.0,800.0,343.0,799.0,343.0
0.0,2284.0,1142.0,1143.0,1145.0,1142.0,1142.0,800.0,343.0,797.0,345.0
0.0,2287.0,1150.0,1143.0,1142.0,1150.0,1150.0,800.0,343.0,802.0,348.0
0.0,2279.0,1146.0,1144.0,1150.0,1149.0,1149.0,801.0,343.0,797.0,349.0
0.0,2283.0,1148.0,1145.0,1149.0,1151.0,1151.0,801.0,344.0,798.0,350.0
0.0,2284.0,1153.0,1146.0,1151.0,1156.0,1156.0,802.0,344.0,809.0,344.0
0.0,2282.0,1157.0,1146.0,1156.0,1157.0,1157.0,802.0,344.0,809.0,348.0
0.0,2281.0,1161.0,1147.0,1157.0,1164.0,1164.0,803.0,344.0,810.0,351.0
0.0,2277.0,1163.0,1147.0,1164.0,1163.0,1163.0,803.0,344.0,810.0,353.0
0.0,2278.0,1178.0,1149.0,1163.0,1184.0,1184.0,804.0,345.0,828.0,350.0
0.0,2263.0,1170.0,1150.0,1184.0,1173.0,1173.0,805.0,345.0,820.0,350.0
0.0,2277.0,1168.0,1150.0,1173.0,1168.0,1168.0,805.0,345.0,818.0,350.0
0.0,2282.0,1181.0,1150.0,1168.0,1181.0,1181.0,805.0,345.0,828.0,353.0
0.0,2269.0,1177.0,1151.0,1181.0,1180.0,1180.0,806.0,345.0,826.0,351.0
0.0,2273.0,1179.0,1152.0,1180.0,1182.0,1182.0,807.0,345.0,828.0,351.0
0.0,2274.0,1181.0,1153.0,1182.0,1184.0,1184.0,807.0,346.0,827.0,354.0
0.0,2275.0,1178.0,1153.0,1184.0,1178.0,1178.0,807.0,346.0,824.0,354.0
0.0,2281.0,1192.0,1154.0,1178.0,1195.0,1195.0,808.0,346.0,836.0,356.0
0.0,2267.0,1183.0,1154.0,1195.0,1183.0,1183.0,808.0,346.0,827.0,356.0
0.0,2279.0,1184.0,1156.0,1183.0,1190.0,1190.0,809.0,347.0,831.0,353.0
0.0,2278.0,1189.0,1157.0,1190.0,1192.0,1192.0,810.0,347.0,835.0,354.0
0.0,2279.0,1179.0,1157.0,1192.0,1179.0,1179.0,810.0,347.0,826.0,353.0
0.0,2292.0,1188.0,1157.0,1179.0,1188.0,1188.0,810.0,347.0,828.0,360.0
0.0,2283.0,1188.0,1158.0,1188.0,1191.0,1191.0,811.0,347.0,833.0,355.0
0.0,2283.0,1181.0,1159.0,1191.0,1184.0,1184.0,811.0,348.0,824.0,357.0
0.0,2293.0,1183.0,1160.0,1184.0,1186.0,1186.0,812.0,348.0,826.0,357.0
0.0,2294.0,1183.0,1160.0,1186.0,1183.0,1183.0,812.0,348.0,830.0,353.0
0.0,2297.0,1181.0,1160.0,1183.0,1181.0,1181.0,812.0,348.0,822.0,359.0
0.0,2299.0,1175.0,1161.0,1181.0,1178.0,1178.0,813.0,348.0,822.0,353.0
0.0,2305.0,1187.0,1162.0,1178.0,1190.0,1190.0,813.0,349.0,833.0,354.0
0.0,2296.0,1181.0,1163.0,1190.0,1184.0,1184.0,814.0,349.0,828.0,353.0
0.0,2305.0,1182.0,1163.0,1184.0,1182.0,1182.0,814.0,349.0,825.0,357.0
0.0,2307.0,1185.0,1164.0,1182.0,1188.0,1188.0,815.0,349.0,829.0,356.0
0.0,2304.0,1187.0,1164.0,1188.0,1187.0,1187.0,815.0,349.0,836.0,351.0
0.0,2305.0,1175.0,1166.0,1187.0,1181.0,1181.0,816.0,350.0,821.0,354.0
0.0,2317.0,1187.0,1166.0,1181.0,1187.0,1187.0,816.0,350.0,831.0,356.0
0.0,2311.0,1192.0,1167.0,1187.0,1195.0,1195.0,817.0,350.0,839.0,353.0
0.0,2306.0,1189.0,1168.0,1195.0,1192.0,1192.0,818.0,350.0,831.0,358.0
0.0,2312.0,1185.0,1168.0,1192.0,1185.0,1185.0,818.0,350.0,835.0,350.0
0.0,2319.0,1182.0,1169.0,1185.0,1185.0,1185.0,819.0,350.0,828.0,354.0
0.0,2322.0,1187.0,1170.0,1185.0,1190.0,1190.0,819.0,351.0,829.0,358.0
0.0,2320.0,1187.0,1171.0,1190.0,1190.0,1190.0,820.0,351.0,834.0,353.0
0.0,2323.0,1187.0,1171.0,1190.0,1187.0,1187.0,820.0,351.0,835.0,352.0
0.0,2326.0,1182.0,1171.0,1187.0,1182.0,1182.0,820.0,351.0,829.0,353.0
0.0,2331.0,1177.0,1173.0,1182.0,1183.0,1183.0,821.0,352.0,826.0,351.0
0.0,2336.0,1176.0,1173.0,1183.0,1176.0,1176.0,821.0,352.0,823.0,353.0
0.0,2343.0,1182.0,1173.0,1176.0,1182.0,1182.0,821.0,352.0,828.0,354.0
0.0,2337.0,1181.0,1174.0,1182.0,1184.0,1184.0,822.0,352.0,826.0,355.0
0.0,2338.0,1178.0,1175.0,1184.0,1181.0,1181.0,823.0,352.0,825.0,353.0
0.0,2344.0,1183.0,1175.0,1181.0,1183.0,1183.0,823.0,352.0,831.0,352.0
0.0,2342.0,1183.0,1176.0,1183.0,1186.0,1186.0,823.0,353.0,828.0,355.0
0.0,2342.0,1184.0,1177.0,1186.0,1187.0,1187.0,824.0,353.0,830.0,354.0
0.0,2344.0,1195.0,1178.0,1187.0,1198.0,1198.0,825.0,353.0,834.0,361.0
0.0,2336.0,1184.0,1178.0,1198.0,1184.0,1184.0,825.0,353.0,832.0,352.0
0.0,2350.0,1179.0,1180.0,1184.0,1185.0,1185.0,826.0,354.0,822.0,357.0
0.0,2355.0,1180.0,1180.0,1185.0,1180.0,1180.0,826.0,354.0,825.0,355.0
0.0,2360.0,1198.0,1181.0,1180.0,1201.0,1201.0,827.0,354.0,840.0,358.0
0.0,2342.0,1190.0,1181.0,1201.0,1190.0,1190.0,827.0,354.0,826.0,364.0
0.0,2353.0,1192.0,1182.0,1190.0,1195.0,1195.0,828.0,354.0,830.0,362.0
0.0,2351.0,1203.0,1183.0,1195.0,1206.0,1206.0,828.0,355.0,843.0,360.0
0.0,2343.0,1204.0,1184.0,1206.0,1207.0,1207.0,829.0,355.0,845.0,359.0
0.0,2345.0,1199.0,1184.0,1207.0,1199.0,1199.0,829.0,355.0,837.0,362.0
0.0,2353.0,1206.0,1185.0,1199.0,1209.0,1209.0,830.0,355.0,841.0,365.0
0.0,2346.0,1200.0,1185.0,1209.0,1200.0,1200.0,830.0,355.0,838.0,362.0
0.0,2355.0,1203.0,1186.0,1200.0,1206.0,1206.0,830.0,356.0,841.0,362.0
0.0,2352.0,1211.0,1187.0,1206.0,1214.0,1214.0,831.0,356.0,846.0,365.0
0.0,2347.0,1218.0,1187.0,1214.0,1218.0,1218.0,831.0,356.0,852.0,366.0
0.0,2343.0,1213.0,1188.0,1218.0,1216.0,1216.0,832.0,356.0,850.0,363.0
0.0,2348.0,1222.0,1189.0,1216.0,1225.0,1225.0,832.0,357.0,857.0,365.0
0.0,2342.0,1228.0,1190.0,1225.0,1231.0,1231.0,833.0,357.0,864.0,364.0
0.0,2339.0,1226.0,1190.0,1231.0,1226.0,1226.0,833.0,357.0,860.0,366.0
0.0,2344.0,1226.0,1191.0,1226.0,1229.0,1229.0,834.0,357.0,860.0,366.0
0.0,2344.0,1223.0,1191.0,1229.0,1223.0,1223.0,834.0,357.0,856.0,367.0
0.0,2350.0,1224.0,1193.0,1223.0,1230.0,1230.0,835.0,358.0,858.0,366.0
0.0,2349.0,1228.0,1194.0,1230.0,1231.0,1231.0,836.0,358.0,861.0,367.0
0.0,2351.0,1225.0,1194.0,1231.0,1225.0,1225.0,836.0,358.0,853.0,372.0
0.0,2357.0,1224.0,1195.0,1225.0,1227.0,1227.0,837.0,358.0,854.0,370.0
0.0,2358.0,1220.0,1196.0,1227.0,1223.0,1223.0,837.0,359.0,852.0,368.0
0.0,2365.0,1222.0,1197.0,1223.0,1225.0,1225.0,838.0,359.0,853.0,369.0
0.0,2366.0,1222.0,1197.0,1225.0,1222.0,1222.0,838.0,359.0,855.0,367.0
0.0,2369.0,1224.0,1198.0,1222.0,1227.0,1227.0,839.0,359.0,855.0,369.0
0.0,2367.0,1224.0,1199.0,1227.0,1227.0,1227.0,839.0,360.0,859.0,365.0
0.0,2370.0,1219.0,1200.0,1227.0,1222.0,1222.0,840.0,360.0,854.0,365.0
0.0,2378.0,1227.0,1201.0,1222.0,1230.0,1230.0,841.0,360.0,861.0,366.0
0.0,2373.0,1229.0,1201.0,1230.0,1229.0,1229.0,841.0,360.0,861.0,368.0
0.0,2374.0,1220.0,1202.0,1229.0,1223.0,1223.0,841.0,361.0,852.0,368.0
0.0,2383.0,1219.0,1203.0,1223.0,1222.0,1222.0,842.0,361.0,856.0,363.0
0.0,2387.0,1208.0,1203.0,1222.0,1208.0,1208.0,842.0,361.0,843.0,365.0
0.0,2401.0,1215.0,1204.0,1208.0,1218.0,1218.0,843.0,361.0,853.0,362.0
0.0,2394.0,1218.0,1204.0,1218.0,1218.0,1218.0,843.0,361.0,855.0,363.0
0.0,2394.0,1207.0,1204.0,1218.0,1207.0,1207.0,843.0,361.0,845.0,362.0
0.0,2405.0,1213.0,1206.0,1207.0,1219.0,1219.0,844.0,362.0,851.0,362.0
0.0,2399.0,1223.0,1206.0,1219.0,1223.0,1223.0,844.0,362.0,861.0,362.0
0.0,2395.0,1213.0,1207.0,1223.0,1216.0,1216.0,845.0,362.0,848.0,365.0
0.0,2405.0,1228.0,1207.0,1216.0,1228.0,1228.0,845.0,362.0,862.0,366.0
0.0,2393.0,1216.0,1208.0,1228.0,1219.0,1219.0,846.0,362.0,855.0,361.0
0.0,2405.0,1220.0,1209.0,1219.0,1223.0,1223.0,846.0,363.0,855.0,365.0
0.0,2404.0,1217.0,1210.0,1223.0,1220.0,1220.0,847.0,363.0,852.0,365.0
0.0,2410.0,1222.0,1210.0,1220.0,1222.0,1222.0,847.0,363.0,858.0,364.0
0.0,2408.0,1203.0,1211.0,1222.0,1206.0,1206.0,848.0,363.0,844.0,359.0
0.0,2427.0,1230.0,1211.0,1206.0,1230.0,1230.0,848.0,363.0,862.0,368.0
0.0,2403.0,1209.0,1213.0,1230.0,1215.0,1215.0,849.0,364.0,846.0,363.0
0.0,2424.0,1214.0,1213.0,1215.0,1214.0,1214.0,849.0,364.0,848.0,366.0
0.0,2425.0,1218.0,1214.0,1214.0,1221.0,1221.0,850.0,364.0,854.0,364.0
0.0,2421.0,1217.0,1214.0,1221.0,1217.0,1217.0,850.0,364.0,852.0,365.0
0.0,2425.0,1225.0,1214.0,1217.0,1225.0,1225.0,850.0,364.0,857.0,368.0
0.0,2417.0,1220.0,1215.0,1225.0,1223.0,1223.0,851.0,364.0,857.0,363.0
0.0,2422.0,1217.0,1217.0,1223.0,1223.0,1223.0,852.0,365.0,852.0,365.0
0.0,2428.0,1214.0,1217.0,1223.0,1214.0,1214.0,852.0,365.0,846.0,368.0
0.0,2437.0,1222.0,1217.0,1214.0,1222.0,1222.0,852.0,365.0,854.0,368.0
0.0,2429.0,1226.0,1218.0,1222.0,1229.0,1229.0,853.0,365.0,856.0,370.0
0.0,2425.0,1233.0,1218.0,1229.0,1233.0,1233.0,853.0,365.0,860.0,373.0
0.0,2421.0,1218.0,1219.0,1233.0,1221.0,1221.0,853.0,366.0,850.0,368.0
0.0,2436.0,1242.0,1220.0,1221.0,1245.0,1245.0,854.0,366.0,866.0,376.0
0.0,2415.0,1247.0,1220.0,1245.0,1247.0,1247.0,854.0,366.0,875.0,372.0
0.0,2413.0,1250.0,1221.0,1247.0,1253.0,1253.0,855.0,366.0,876.0,374.0
0.0,2410.0,1238.0,1222.0,1253.0,1241.0,1241.0,856.0,366.0,865.0,373.0
0.0,2425.0,1251.0,1223.0,1241.0,1254.0,1254.0,856.0,367.0,877.0,374.0
0.0,2415.0,1240.0,1223.0,1254.0,1240.0,1240.0,856.0,367.0,864.0,376.0
0.0,2429.0,1259.0,1224.0,1240.0,1262.0,1262.0,857.0,367.0,886.0,373.0
0.0,2410.0,1251.0,1224.0,1262.0,1251.0,1251.0,857.0,367.0,869.0,382.0
0.0,2421.0,1253.0,1225.0,1251.0,1256.0,1256.0,858.0,367.0,880.0,373.0
0.0,2419.0,1265.0,1226.0,1256.0,1268.0,1268.0,858.0,368.0,887.0,378.0
0.0,2410.0,1261.0,1227.0,1268.0,1264.0,1264.0,859.0,368.0,885.0,376.0
0.0,2417.0,1263.0,1227.0,1264.0,1263.0,1263.0,859.0,368.0,884.0,379.0
0.0,2418.0,1256.0,1227.0,1263.0,1256.0,1256.0,859.0,368.0,874.0,382.0
0.0,2425.0,1261.0,1229.0,1256.0,1267.0,1267.0,860.0,369.0,879.0,382.0
0.0,2420.0,1261.0,1229.0,1267.0,1261.0,1261.0,860.0,369.0,881.0,380.0
0.0,2426.0,1256.0,1230.0,1261.0,1259.0,1259.0,861.0,369.0,880.0,376.0
0.0,2431.0,1266.0,1230.0,1259.0,1266.0,1266.0,861.0,369.0,885.0,381.0
0.0,2424.0,1267.0,1231.0,1266.0,1270.0,1270.0,862.0,369.0,883.0,384.0
0.0,2423.0,1264.0,1233.0,1270.0,1270.0,1270.0,863.0,370.0,886.0,378.0
0.0,2429.0,1263.0,1233.0,1270.0,1263.0,1263.0,863.0,370.0,882.0,381.0
0.0,2436.0,1254.0,1233.0,1263.0,1254.0,1254.0,863.0,370.0,873.0,381.0
0.0,2445.0,1264.0,1234.0,1254.0,1267.0,1267.0,864.0,370.0,885.0,379.0
0.0,2435.0,1248.0,1235.0,1267.0,1251.0,1251.0,864.0,371.0,873.0,375.0
0.0,2454.0,1249.0,1236.0,1251.0,1252.0,1252.0,865.0,371.0,876.0,373.0
0.0,2456.0,1251.0,1236.0,1252.0,1251.0,1251.0,865.0,371.0,879.0,372.0
0.0,2457.0,1239.0,1236.0,1251.0,1239.0,1239.0,865.0,371.0,865.0,374.0
0.0,2469.0,1260.0,1237.0,1239.0,1263.0,1263.0,866.0,371.0,880.0,380.0
0.0,2448.0,1254.0,1238.0,1263.0,1257.0,1257.0,866.0,372.0,878.0,376.0
0.0,2457.0,1251.0,1239.0,1257.0,1254.0,1254.0,867.0,372.0,876.0,375.0
0.0,2463.0,1252.0,1239.0,1254.0,1252.0,1252.0,867.0,372.0,880.0,372.0
0.0,2465.0,1251.0,1240.0,1252.0,1254.0,1254.0,868.0,372.0,872.0,379.0
0.0,2466.0,1257.0,1241.0,1254.0,1260.0,1260.0,868.0,373.0,881.0,376.0
0.0,2463.0,1259.0,1242.0,1260.0,1262.0,1262.0,869.0,373.0,887.0,372.0
0.0,2464.0,1253.0,1242.0,1262.0,1253.0,1253.0,869.0,373.0,877.0,376.0
0.0,2473.0,1249.0,1243.0,1253.0,1252.0,1252.0,870.0,373.0,875.0,374.0
0.0,2477.0,1249.0,1243.0,1252.0,1249.0,1249.0,870.0,373.0,877.0,372.0
0.0,2480.0,1260.0,1245.0,1249.0,1266.0,1266.0,871.0,374.0,885.0,375.0
0.0,2469.0,1245.0,1245.0,1266.0,1245.0,1245.0,871.0,374.0,873.0,372.0
0.0,2490.0,1250.0,1246.0,1245.0,1253.0,1253.0,872.0,374.0,879.0,371.0
0.0,2485.0,1252.0,1246.0,1253.0,1252.0,1252.0,872.0,374.0,878.0,374.0
0.0,2486.0,1256.0,1247.0,1252.0,1259.0,1259.0,873.0,374.0,882.0,374.0
0.0,2482.0,1255.0,1247.0,1259.0,1255.0,1255.0,873.0,374.0,882.0,373.0
0.0,2486.0,1243.0,1248.0,1255.0,1246.0,1246.0,874.0,374.0,872.0,371.0
0.0,2498.0,1242.0,1249.0,1246.0,1245.0,1245.0,874.0,375.0,869.0,373.0
0.0,2502.0,1252.0,1249.0,1245.0,1252.0,1252.0,874.0,375.0,879.0,373.0
0.0,2495.0,1261.0,1250.0,1252.0,1264.0,1264.0,875.0,375.0,883.0,378.0
0.0,2486.0,1247.0,1250.0,1264.0,1247.0,1247.0,875.0,375.0,869.0,378.0
0.0,2503.0,1255.0,1251.0,1247.0,1258.0,1258.0,876.0,375.0,882.0,373.0
0.0,2495.0,1248.0,1252.0,1258.0,1251.0,1251.0,876.0,376.0,874.0,374.0
0.0,2505.0,1249.0,1253.0,1251.0,1252.0,1252.0,877.0,376.0,875.0,374.0
0.0,2507.0,1256.0,1253.0,1252.0,1256.0,1256.0,877.0,376.0,877.0,379.0
0.0,2503.0,1265.0,1254.0,1256.0,1268.0,1268.0,878.0,376.0,887.0,378.0
0.0,2494.0,1269.0,1254.0,1268.0,1269.0,1269.0,878.0,376.0,890.0,379.0
0.0,2493.0,1277.0,1255.0,1269.0,1280.0,1280.0,879.0,376.0,891.0,386.0
0.0,2485.0,1283.0,1255.0,1280.0,1283.0,1283.0,879.0,376.0,900.0,383.0
0.0,2482.0,1281.0,1257.0,1283.0,1287.0,1287.0,880.0,377.0,896.0,385.0
0.0,2484.0,1286.0,1257.0,1287.0,1286.0,1286.0,880.0,377.0,901.0,385.0
0.0,2485.0,1287.0,1258.0,1286.0,1290.0,1290.0,881.0,377.0,901.0,386.0
0.0,2484.0,1284.0,1258.0,1290.0,1284.0,1284.0,881.0,377.0,898.0,386.0
0.0,2490.0,1284.0,1259.0,1284.0,1287.0,1287.0,882.0,377.0,901.0,383.0
0.0,2490.0,1287.0,1260.0,1287.0,1290.0,1290.0,882.0,378.0,900.0,387.0
0.0,2490.0,1288.0,1260.0,1290.0,1288.0,1288.0,882.0,378.0,899.0,389.0
0.0,2492.0,1290.0,1261.0,1288.0,1293.0,1293.0,883.0,378.0,904.0,386.0
0.0,2490.0,1304.0,1261.0,1293.0,1304.0,1304.0,883.0,378.0,912.0,392.0
0.0,2479.0,1300.0,1262.0,1304.0,1303.0,1303.0,884.0,378.0,913.0,387.0
0.0,2483.0,1291.0,1262.0,1303.0,1291.0,1291.0,884.0,378.0,902.0,389.0
0.0,2495.0,1291.0,1264.0,1291.0,1297.0,1297.0,885.0,379.0,904.0,387.0
0.0,2495.0,1294.0,1264.0,1297.0,1294.0,1294.0,885.0,379.0,905.0,389.0
0.0,2498.0,1290.0,1265.0,1294.0,1293.0,1293.0,886.0,379.0,904.0,386.0
0.0,2502.0,1300.0,1265.0,1293.0,1300.0,1300.0,886.0,379.0,907.0,393.0
0.0,2495.0,1292.0,1265.0,1300.0,1292.0,1292.0,886.0,379.0,902.0,390.0
0.0,2503.0,1283.0,1266.0,1292.0,1286.0,1286.0,887.0,379.0,896.0,387.0
0.0,2512.0,1292.0,1267.0,1286.0,1295.0,1295.0,887.0,380.0,904.0,388.0
0.0,2506.0,1294.0,1268.0,1295.0,1297.0,1297.0,888.0,380.0,903.0,391.0
0.0,2507.0,1295.0,1268.0,1297.0,1295.0,1295.0,888.0,380.0,900.0,395.0
0.0,2509.0,1295.0,1269.0,1295.0,1298.0,1298.0,889.0,380.0,908.0,387.0
0.0,2509.0,1283.0,1270.0,1298.0,1286.0,1286.0,889.0,381.0,901.0,382.0
0.0,2524.0,1282.0,1271.0,1286.0,1285.0,1285.0,890.0,381.0,897.0,385.0
0.0,2528.0,1286.0,1271.0,1285.0,1286.0,1286.0,890.0,381.0,904.0,382.0
0.0,2527.0,1285.0,1272.0,1286.0,1288.0,1288.0,891.0,381.0,899.0,386.0
0.0,2528.0,1282.0,1272.0,1288.0,1282.0,1282.0,891.0,381.0,898.0,384.0
0.0,2534.0,1290.0,1273.0,1282.0,1293.0,1293.0,891.0,382.0,901.0,389.0
0.0,2526.0,1294.0,1274.0,1293.0,1297.0,1297.0,892.0,382.0,912.0,382.0
0.0,2525.0,1296.0,1275.0,1297.0,1299.0,1299.0,893.0,382.0,911.0,385.0
0.0,2526.0,1292.0,1275.0,1299.0,1292.0,1292.0,893.0,382.0,903.0,389.0
0.0,2533.0,1288.0,1276.0,1292.0,1291.0,1291.0,894.0,382.0,906.0,382.0
0.0,2537.0,1289.0,1276.0,1291.0,1289.0,1289.0,894.0,382.0,905.0,384.0
0.0,2539.0,1286.0,1278.0,1289.0,1292.0,1292.0,895.0,383.0,902.0,384.0
0.0,2542.0,1295.0,1278.0,1292.0,1295.0,1295.0,895.0,383.0,909.0,386.0
0.0,2539.0,1288.0,1279.0,1295.0,1291.0,1291.0,896.0,383.0,904.0,384.0
0.0,2546.0,1284.0,1279.0,1291.0,1284.0,1284.0,896.0,383.0,903.0,381.0
0.0,2553.0,1275.0,1280.0,1284.0,1278.0,1278.0,897.0,383.0,894.0,381.0
0.0,2562.0,1277.0,1281.0,1278.0,1280.0,1280.0,897.0,384.0,893.0,384.0
0.0,2563.0,1287.0,1281.0,1280.0,1287.0,1287.0,897.0,384.0,900.0,387.0
0.0,2556.0,1283.0,1282.0,1287.0,1286.0,1286.0,898.0,384.0,898.0,385.0
0.0,2560.0,1287.0,1282.0,1286.0,1287.0,1287.0,898.0,384.0,902.0,385.0
0.0,2559.0,1285.0,1284.0,1287.0,1291.0,1291.0,899.0,385.0,901.0,384.0
0.0,2561.0,1287.0,1284.0,1291.0,1287.0,1287.0,899.0,385.0,905.0,382.0
0.0,2565.0,1276.0,1284.0,1287.0,1276.0,1276.0,899.0,385.0,888.0,388.0
0.0,2576.0,1299.0,1285.0,1276.0,1302.0,1302.0,900.0,385.0,907.0,392.0
0.0,2553.0,1282.0,1285.0,1302.0,1282.0,1282.0,900.0,385.0,897.0,385.0
0.0,2573.0,1298.0,1287.0,1282.0,1304.0,1304.0,901.0,386.0,911.0,387.0
0.0,2557.0,1294.0,1288.0,1304.0,1297.0,1297.0,902.0,386.0,907.0,387.0
0.0,2567.0,1307.0,1288.0,1297.0,1307.0,1307.0,902.0,386.0,913.0,394.0
0.0,2557.0,1301.0,1288.0,1307.0,1301.0,1301.0,902.0,386.0,908.0,393.0
0.0,2563.0,1308.0,1290.0,1301.0,1314.0,1314.0,903.0,387.0,917.0,391.0
0.0,2556.0,1300.0,1290.0,1314.0,1300.0,1300.0,903.0,387.0,907.0,393.0
0.0,2570.0,1317.0,1291.0,1300.0,1320.0,1320.0,904.0,387.0,923.0,394.0
0.0,2553.0,1320.0,1291.0,1320.0,1320.0,1320.0,904.0,387.0,922.0,398.0
0.0,2553.0,1307.0,1291.0,1320.0,1307.0,1307.0,904.0,387.0,911.0,396.0
0.0,2566.0,1326.0,1293.0,1307.0,1332.0,1332.0,905.0,388.0,932.0,394.0
0.0,2547.0,1329.0,1294.0,1332.0,1332.0,1332.0,906.0,388.0,933.0,396.0
0.0,2550.0,1325.0,1294.0,1332.0,1325.0,1325.0,906.0,388.0,926.0,399.0
0.0,2557.0,1334.0,1295.0,1325.0,1337.0,1337.0,907.0,388.0,933.0,401.0
0.0,2548.0,1324.0,1295.0,1337.0,1324.0,1324.0,907.0,388.0,928.0,396.0
0.0,2561.0,1317.0,1296.0,1324.0,1320.0,1320.0,907.0,389.0,919.0,398.0
0.0,2568.0,1326.0,1297.0,1320.0,1329.0,1329.0,908.0,389.0,927.0,399.0
0.0,2562.0,1332.0,1297.0,1329.0,1332.0,1332.0,908.0,389.0,933.0,399.0
0.0,2559.0,1330.0,1298.0,1332.0,1333.0,1333.0,909.0,389.0,928.0,402.0
0.0,2561.0,1331.0,1298.0,1333.0,1331.0,1331.0,909.0,389.0,930.0,401.0
0.0,2563.0,1329.0,1300.0,1331.0,1335.0,1335.0,910.0,390.0,928.0,401.0
0.0,2565.0,1329.0,1300.0,1335.0,1329.0,1329.0,910.0,390.0,929.0,400.0
0.0,2571.0,1327.0,1300.0,1329.0,1327.0,1327.0,910.0,390.0,924.0,403.0
0.0,2573.0,1324.0,1301.0,1327.0,1327.0,1327.0,911.0,390.0,921.0,403.0
0.0,2576.0,1325.0,1302.0,1327.0,1328.0,1328.0,911.0,391.0,925.0,400.0
0.0,2578.0,1322.0,1303.0,1328.0,1325.0,1325.0,912.0,391.0,922.0,400.0
0.0,2584.0,1324.0,1303.0,1325.0,1324.0,1324.0,912.0,391.0,925.0,399.0
0.0,2585.0,1319.0,1303.0,1324.0,1319.0,1319.0,912.0,391.0,918.0,401.0
0.0,2590.0,1320.0,1305.0,1319.0,1326.0,1326.0,913.0,392.0,921.0,399.0
0.0,2589.0,1323.0,1305.0,1326.0,1323.0,1323.0,913.0,392.0,927.0,396.0
0.0,2592.0,1325.0,1306.0,1323.0,1328.0,1328.0,914.0,392.0,926.0,399.0
0.0,2590.0,1329.0,1306.0,1328.0,1329.0,1329.0,914.0,392.0,928.0,401.0
0.0,2589.0,1324.0,1308.0,1329.0,1330.0,1330.0,915.0,393.0,924.0,400.0
0.0,2594.0,1327.0,1308.0,1330.0,1327.0,1327.0,915.0,393.0,931.0,396.0
0.0,2597.0,1333.0,1309.0,1327.0,1336.0,1336.0,916.0,393.0,930.0,403.0
0.0,2591.0,1327.0,1309.0,1336.0,1327.0,1327.0,916.0,393.0,932.0,395.0
0.0,2600.0,1313.0,1310.0,1327.0,1316.0,1316.0,916.0,394.0,919.0,394.0
0.0,2614.0,1319.0,1311.0,1316.0,1322.0,1322.0,917.0,394.0,924.0,395.0
0.0,2611.0,1329.0,1311.0,1322.0,1329.0,1329.0,917.0,394.0,932.0,397.0
0.0,2604.0,1325.0,1312.0,1329.0,1328.0,1328.0,918.0,394.0,928.0,397.0
0.0,2608.0,1326.0,1312.0,1328.0,1326.0,1326.0,918.0,394.0,931.0,395.0
0.0,2610.0,1319.0,1314.0,1326.0,1325.0,1325.0,919.0,395.0,926.0,393.0
0.0,2617.0,1318.0,1314.0,1325.0,1318.0,1318.0,919.0,395.0,923.0,395.0
0.0,2624.0,1320.0,1315.0,1318.0,1323.0,1323.0,920.0,395.0,928.0,392.0
0.0,2622.0,1316.0,1315.0,1323.0,1316.0,1316.0,920.0,395.0,919.0,397.0
0.0,2629.0,1322.0,1317.0,1316.0,1328.0,1328.0,921.0,396.0,926.0,396.0
0.0,2623.0,1318.0,1317.0,1328.0,1318.0,1318.0,921.0,396.0,924.0,394.0
0.0,2633.0,1309.0,1317.0,1318.0,1309.0,1309.0,921.0,396.0,915.0,394.0
0.0,2642.0,1312.0,1318.0,1309.0,1315.0,1315.0,922.0,396.0,920.0,392.0
0.0,2639.0,1324.0,1318.0,1315.0,1324.0,1324.0,922.0,396.0,930.0,394.0
0.0,2630.0,1318.0,1319.0,1324.0,1321.0,1321.0,923.0,396.0,923.0,395.0
0.0,2636.0,1316.0,1319.0,1321.0,1316.0,1316.0,923.0,396.0,919.0,397.0
0.0,2641.0,1319.0,1321.0,1316.0,1325.0,1325.0,924.0,397.0,924.0,395.0
0.0,2638.0,1327.0,1321.0,1325.0,1327.0,1327.0,924.0,397.0,927.0,400.0
0.0,2636.0,1322.0,1321.0,1327.0,1322.0,1322.0,924.0,397.0,924.0,398.0
0.0,2641.0,1335.0,1322.0,1322.0,1338.0,1338.0,925.0,397.0,934.0,401.0
0.0,2628.0,1342.0,1322.0,1338.0,1342.0,1342.0,925.0,397.0,941.0,401.0
0.0,2624.0,1334.0,1324.0,1342.0,1340.0,1340.0,926.0,398.0,935.0,399.0
0.0,2632.0,1345.0,1324.0,1340.0,1345.0,1345.0,926.0,398.0,945.0,400.0
0.0,2627.0,1340.0,1325.0,1345.0,1343.0,1343.0,927.0,398.0,940.0,400.0
0.0,2632.0,1349.0,1325.0,1343.0,1349.0,1349.0,927.0,398.0,947.0,402.0
0.0,2626.0,1352.0,1326.0,1349.0,1355.0,1355.0,928.0,398.0,950.0,402.0
0.0,2623.0,1363.0,1326.0,1355.0,1363.0,1363.0,928.0,398.0,955.0,408.0
0.0,2615.0,1356.0,1327.0,1363.0,1359.0,1359.0,929.0,398.0,952.0,404.0
0.0,2622.0,1356.0,1328.0,1359.0,1359.0,1359.0,929.0,399.0,950.0,406.0
0.0,2625.0,1358.0,1329.0,1359.0,1361.0,1361.0,930.0,399.0,954.0,404.0
0.0,2626.0,1363.0,1329.0,1361.0,1363.0,1363.0,930.0,399.0,954.0,409.0
0.0,2624.0,1357.0,1330.0,1363.0,1360.0,1360.0,931.0,399.0,951.0,406.0
0.0,2630.0,1365.0,1330.0,1360.0,1365.0,1365.0,931.0,399.0,952.0,413.0
0.0,2625.0,1362.0,1332.0,1365.0,1368.0,1368.0,932.0,400.0,952.0,410.0
0.0,2628.0,1362.0,1332.0,1368.0,1362.0,1362.0,932.0,400.0,954.0,408.0
0.0,2634.0,1357.0,1332.0,1362.0,1357.0,1357.0,932.0,400.0,949.0,408.0
0.0,2639.0,1351.0,1333.0,1357.0,1354.0,1354.0,933.0,400.0,944.0,407.0
0.0,2645.0,1353.0,1333.0,1354.0,1353.0,1353.0,933.0,400.0,945.0,408.0
0.0,2646.0,1366.0,1334.0,1353.0,1369.0,1369.0,934.0,400.0,950.0,416.0
0.0,2633.0,1363.0,1334.0,1369.0,1363.0,1363.0,934.0,400.0,952.0,411.0
0.0,2639.0,1370.0,1336.0,1363.0,1376.0,1376.0,935.0,401.0,958.0,412.0
0.0,2632.0,1361.0,1336.0,1376.0,1361.0,1361.0,935.0,401.0,950.0,411.0
0.0,2647.0,1373.0,1337.0,1361.0,1376.0,1376.0,936.0,401.0,955.0,418.0
0.0,2635.0,1366.0,1338.0,1376.0,1369.0,1369.0,937.0,401.0,953.0,413.0
0.0,2645.0,1361.0,1339.0,1369.0,1364.0,1364.0,937.0,402.0,951.0,410.0
0.0,2653.0,1361.0,1340.0,1364.0,1364.0,1364.0,938.0,402.0,949.0,412.0
0.0,2656.0,1361.0,1340.0,1364.0,1361.0,1361.0,938.0,402.0,950.0,411.0
0.0,2659.0,1367.0,1341.0,1361.0,1370.0,1370.0,939.0,402.0,957.0,410.0
0.0,2653.0,1356.0,1342.0,1370.0,1359.0,1359.0,939.0,403.0,946.0,410.0
0.0,2667.0,1356.0,1342.0,1359.0,1356.0,1356.0,939.0,403.0,950.0,406.0
0.0,2670.0,1364.0,1343.0,1356.0,1367.0,1367.0,940.0,403.0,959.0,405.0
0.0,2662.0,1360.0,1343.0,1367.0,1360.0,1360.0,940.0,403.0,950.0,410.0
0.0,2669.0,1357.0,1344.0,1360.0,1360.0,1360.0,941.0,403.0,948.0,409.0
0.0,2672.0,1364.0,1345.0,1360.0,1367.0,1367.0,941.0,404.0,955.0,409.0
0.0,2668.0,1358.0,1346.0,1367.0,1361.0,1361.0,942.0,404.0,953.0,405.0
0.0,2677.0,1361.0,1346.0,1361.0,1361.0,1361.0,942.0,404.0,955.0,406.0
0.0,2677.0,1360.0,1347.0,1361.0,1363.0,1363.0,943.0,404.0,950.0,410.0
0.0,2678.0,1360.0,1347.0,1363.0,1360.0,1360.0,943.0,404.0,955.0,405.0
0.0,2681.0,1356.0,1349.0,1360.0,1362.0,1362.0,944.0,405.0,952.0,404.0
0.0,2685.0,1347.0,1349.0,1362.0,1347.0,1347.0,944.0,405.0,945.0,402.0
0.0,2700.0,1346.0,1350.0,1347.0,1349.0,1349.0,945.0,405.0,945.0,401.0
0.0,2701.0,1361.0,1350.0,1349.0,1361.0,1361.0,945.0,405.0,953.0,408.0
0.0,2689.0,1353.0,1351.0,1361.0,1356.0,1356.0,946.0,405.0,948.0,405.0
0.0,2697.0,1353.0,1352.0,1356.0,1356.0,1356.0,946.0,406.0,949.0,404.0
0.0,2700.0,1357.0,1353.0,1356.0,1360.0,1360.0,947.0,406.0,949.0,408.0
0.0,2699.0,1362.0,1353.0,1360.0,1362.0,1362.0,947.0,406.0,953.0,409.0
0.0,2697.0,1349.0,1354.0,1362.0,1352.0,1352.0,948.0,406.0,943.0,406.0
0.0,2710.0,1354.0,1355.0,1352.0,1357.0,1357.0,948.0,407.0,946.0,408.0
0.0,2708.0,1352.0,1356.0,1357.0,1355.0,1355.0,949.0,407.0,945.0,407.0
0.0,2713.0,1370.0,1356.0,1355.0,1370.0,1370.0,949.0,407.0,963.0,407.0
0.0,2698.0,1358.0,1357.0,1370.0,1361.0,1361.0,950.0,407.0,949.0,409.0
0.0,2710.0,1368.0,1357.0,1361.0,1368.0,1368.0,950.0,407.0,958.0,410.0
0.0,2703.0,1366.0,1358.0,1368.0,1369.0,1369.0,951.0,407.0,958.0,408.0
0.0,2705.0,1379.0,1359.0,1369.0,1382.0,1382.0,951.0,408.0,969.0,410.0
0.0,2695.0,1369.0,1359.0,1382.0,1369.0,1369.0,951.0,408.0,956.0,413.0
0.0,2708.0,1384.0,1360.0,1369.0,1387.0,1387.0,952.0,408.0,969.0,415.0
0.0,2693.0,1387.0,1361.0,1387.0,1390.0,1390.0,953.0,408.0,974.0,413.0
0.0,2693.0,1394.0,1362.0,1390.0,1397.0,1397.0,953.0,409.0,979.0,415.0
0.0,2689.0,1386.0,1362.0,1397.0,1386.0,1386.0,953.0,409.0,974.0,412.0
0.0,2700.0,1389.0,1363.0,1386.0,1392.0,1392.0,954.0,409.0,973.0,416.0
0.0,2697.0,1403.0,1364.0,1392.0,1406.0,1406.0,955.0,409.0,986.0,417.0
0.0,2686.0,1385.0,1364.0,1406.0,1385.0,1385.0,955.0,409.0,969.0,416.0
0.0,2707.0,1403.0,1365.0,1385.0,1406.0,1406.0,955.0,410.0,984.0,419.0
0.0,2689.0,1399.0,1366.0,1406.0,1402.0,1402.0,956.0,410.0,982.0,417.0
0.0,2696.0,1399.0,1367.0,1402.0,1402.0,1402.0,957.0,410.0,980.0,419.0
0.0,2699.0,1402.0,1367.0,1402.0,1402.0,1402.0,957.0,410.0,981.0,421.0
0.0,2699.0,1397.0,1368.0,1402.0,1400.0,1400.0,958.0,410.0,977.0,420.0
0.0,2704.0,1404.0,1369.0,1400.0,1407.0,1407.0,958.0,411.0,983.0,421.0
0.0,2700.0,1393.0,1370.0,1407.0,1396.0,1396.0,959.0,411.0,970.0,423.0
0.0,2714.0,1394.0,1370.0,1396.0,1394.0,1394.0,959.0,411.0,971.0,423.0
0.0,2716.0,1395.0,1371.0,1394.0,1398.0,1398.0,960.0,411.0,974.0,421.0
0.0,2715.0,1402.0,1372.0,1398.0,1405.0,1405.0,960.0,412.0,976.0,426.0
0.0,2711.0,1393.0,1372.0,1405.0,1393.0,1393.0,960.0,412.0,973.0,420.0
0.0,2723.0,1400.0,1373.0,1393.0,1403.0,1403.0,961.0,412.0,982.0,418.0
0.0,2716.0,1389.0,1373.0,1403.0,1389.0,1389.0,961.0,412.0,969.0,420.0
0.0,2730.0,1398.0,1374.0,1389.0,1401.0,1401.0,962.0,412.0,975.0,423.0
0.0,2721.0,1396.0,1374.0,1401.0,1396.0,1396.0,962.0,412.0,977.0,419.0
0.0,2726.0,1403.0,1375.0,1396.0,1406.0,1406.0,963.0,412.0,983.0,420.0
0.0,2719.0,1391.0,1376.0,1406.0,1394.0,1394.0,963.0,413.0,970.0,421.0
0.0,2734.0,1389.0,1377.0,1394.0,1392.0,1392.0,964.0,413.0,971.0,418.0
0.0,2739.0,1393.0,1377.0,1392.0,1393.0,1393.0,964.0,413.0,975.0,418.0
0.0,2738.0,1400.0,1378.0,1393.0,1403.0,1403.0,965.0,413.0,980.0,420.0
0.0,2731.0,1395.0,1379.0,1403.0,1398.0,1398.0,965.0,414.0,974.0,421.0
0.0,2739.0,1404.0,1380.0,1398.0,1407.0,1407.0,966.0,414.0,982.0,422.0
0.0,2733.0,1401.0,1380.0,1407.0,1401.0,1401.0,966.0,414.0,985.0,416.0
0.0,2739.0,1391.0,1381.0,1401.0,1394.0,1394.0,967.0,414.0,979.0,412.0
0.0,2749.0,1398.0,1381.0,1394.0,1398.0,1398.0,967.0,414.0,979.0,419.0
0.0,2745.0,1385.0,1381.0,1398.0,1385.0,1385.0,967.0,414.0,967.0,418.0
0.0,2758.0,1392.0,1383.0,1385.0,1398.0,1398.0,968.0,415.0,974.0,418.0
0.0,2751.0,1388.0,1383.0,1398.0,1388.0,1388.0,968.0,415.0,969.0,419.0
0.0,2761.0,1387.0,1384.0,1388.0,1390.0,1390.0,969.0,415.0,970.0,417.0
0.0,2762.0,1390.0,1384.0,1390.0,1390.0,1390.0,969.0,415.0,975.0,415.0
0.0,2762.0,1383.0,1386.0,1390.0,1389.0,1389.0,970.0,416.0,969.0,414.0
0.0,2769.0,1394.0,1386.0,1389.0,1394.0,1394.0,970.0,416.0,977.0,417.0
0.0,2764.0,1386.0,1386.0,1394.0,1386.0,1386.0,970.0,416.0,969.0,417.0
0.0,2772.0,1386.0,1387.0,1386.0,1389.0,1389.0,971.0,416.0,963.0,423.0
0.0,2772.0,1386.0,1388.0,1389.0,1389.0,1389.0,971.0,417.0,968.0,418.0
0.0,2775.0,1383.0,1388.0,1389.0,1383.0,1383.0,971.0,417.0,965.0,418.0
0.0,2781.0,1388.0,1389.0,1383.0,1391.0,1391.0,972.0,417.0,970.0,418.0
0.0,2776.0,1402.0,1390.0,1391.0,1405.0,1405.0,973.0,417.0,981.0,421.0
0.0,2765.0,1398.0,1391.0,1405.0,1401.0,1401.0,973.0,418.0,979.0,419.0
0.0,2772.0,1392.0,1391.0,1401.0,1392.0,1392.0,973.0,418.0,977.0,415.0
0.0,2781.0,1392.0,1392.0,1392.0,1395.0,1395.0,974.0,418.0,972.0,420.0
0.0,2781.0,1413.0,1393.0,1395.0,1416.0,1416.0,975.0,418.0,994.0,419.0
0.0,2763.0,1411.0,1393.0,1416.0,1411.0,1411.0,975.0,418.0,986.0,425.0
0.0,2768.0,1419.0,1395.0,1411.0,1425.0,1425.0,976.0,419.0,996.0,423.0
0.0,2760.0,1406.0,1395.0,1425.0,1406.0,1406.0,976.0,419.0,987.0,419.0
0.0,2779.0,1406.0,1396.0,1406.0,1409.0,1409.0,977.0,419.0,988.0,418.0
0.0,2779.0,1429.0,1396.0,1409.0,1429.0,1429.0,977.0,419.0,1007.0,422.0
0.0,2759.0,1415.0,1396.0,1429.0,1415.0,1415.0,977.0,419.0,990.0,425.0
0.0,2773.0,1424.0,1397.0,1415.0,1427.0,1427.0,978.0,419.0,1002.0,422.0
0.0,2764.0,1421.0,1398.0,1427.0,1424.0,1424.0,978.0,420.0,997.0,424.0
0.0,2770.0,1420.0,1399.0,1424.0,1423.0,1423.0,979.0,420.0,996.0,424.0
0.0,2774.0,1441.0,1399.0,1423.0,1441.0,1441.0,979.0,420.0,1013.0,428.0
0.0,2756.0,1422.0,1400.0,1441.0,1425.0,1425.0,980.0,420.0,997.0,425.0
0.0,2775.0,1437.0,1400.0,1425.0,1437.0,1437.0,980.0,420.0,1008.0,429.0
0.0,2763.0,1431.0,1401.0,1437.0,1434.0,1434.0,981.0,420.0,1006.0,425.0
0.0,2769.0,1427.0,1401.0,1434.0,1427.0,1427.0,981.0,420.0,999.0,428.0
0.0,2776.0,1418.0,1402.0,1427.0,1421.0,1421.0,981.0,421.0,992.0,426.0
0.0,2785.0,1419.0,1403.0,1421.0,1422.0,1422.0,982.0,421.0,992.0,427.0
0.0,2787.0,1427.0,1403.0,1422.0,1427.0,1427.0,982.0,421.0,998.0,429.0
0.0,2782.0,1425.0,1404.0,1427.0,1428.0,1428.0,983.0,421.0,999.0,426.0
0.0,2784.0,1430.0,1404.0,1428.0,1430.0,1430.0,983.0,421.0,1002.0,428.0
0.0,2782.0,1427.0,1405.0,1430.0,1430.0,1430.0,984.0,421.0,996.0,431.0
0.0,2785.0,1427.0,1405.0,1430.0,1427.0,1427.0,984.0,421.0,999.0,428.0
0.0,2788.0,1426.0,1405.0,1427.0,1426.0,1426.0,984.0,421.0,1000.0,426.0
0.0,2789.0,1430.0,1407.0,1426.0,1436.0,1436.0,985.0,422.0,1002.0,428.0
0.0,2785.0,1429.0,1407.0,1436.0,1429.0,1429.0,985.0,422.0,998.0,431.0
0.0,2792.0,1426.0,1408.0,1429.0,1429.0,1429.0,986.0,422.0,994.0,432.0
0.0,2795.0,1437.0,1408.0,1429.0,1437.0,1437.0,986.0,422.0,1003.0,434.0
0.0,2787.0,1428.0,1409.0,1437.0,1431.0,1431.0,987.0,422.0,998.0,430.0
0.0,2796.0,1426.0,1410.0,1431.0,1429.0,1429.0,987.0,423.0,997.0,429.0
0.0,2801.0,1423.0,1411.0,1429.0,1426.0,1426.0,988.0,423.0,996.0,427.0
0.0,2807.0,1438.0,1411.0,1426.0,1438.0,1438.0,988.0,423.0,1007.0,431.0
0.0,2795.0,1436.0,1412.0,1438.0,1439.0,1439.0,989.0,423.0,1007.0,429.0
0.0,2797.0,1427.0,1412.0,1439.0,1427.0,1427.0,989.0,423.0,1000.0,427.0
0.0,2809.0,1418.0,1412.0,1427.0,1418.0,1418.0,989.0,423.0,990.0,428.0
0.0,2818.0,1428.0,1414.0,1418.0,1434.0,1434.0,990.0,424.0,1002.0,426.0
0.0,2808.0,1426.0,1414.0,1434.0,1426.0,1426.0,990.0,424.0,998.0,428.0
0.0,2816.0,1435.0,1415.0,1426.0,1438.0,1438.0,991.0,424.0,1002.0,433.0
0.0,2807.0,1426.0,1415.0,1438.0,1426.0,1426.0,991.0,424.0,999.0,427.0
0.0,2819.0,1438.0,1417.0,1426.0,1444.0,1444.0,992.0,425.0,1010.0,428.0
0.0,2807.0,1425.0,1417.0,1444.0,1425.0,1425.0,992.0,425.0,997.0,428.0
0.0,2826.0,1435.0,1418.0,1425.0,1438.0,1438.0,993.0,425.0,1002.0,433.0
0.0,2816.0,1419.0,1418.0,1438.0,1419.0,1419.0,993.0,425.0,990.0,429.0
0.0,2835.0,1409.0,1420.0,1419.0,1415.0,1415.0,994.0,426.0,982.0,427.0
0.0,2845.0,1428.0,1420.0,1415.0,1428.0,1428.0,994.0,426.0,998.0,430.0
0.0,2832.0,1424.0,1421.0,1428.0,1427.0,1427.0,995.0,426.0,995.0,429.0
0.0,2836.0,1430.0,1421.0,1427.0,1430.0,1430.0,995.0,426.0,1000.0,430.0
0.0,2833.0,1419.0,1422.0,1430.0,1422.0,1422.0,996.0,426.0,992.0,427.0
0.0,2844.0,1420.0,1423.0,1422.0,1423.0,1423.0,996.0,427.0,993.0,427.0
0.0,2846.0,1417.0,1423.0,1423.0,1417.0,1417.0,996.0,427.0,990.0,427.0
0.0,2852.0,1436.0,1424.0,1417.0,1439.0,1439.0,997.0,427.0,1004.0,432.0
0.0,2833.0,1436.0,1424.0,1439.0,1436.0,1436.0,997.0,427.0,1003.0,433.0
0.0,2836.0,1431.0,1425.0,1436.0,1434.0,1434.0,998.0,427.0,1001.0,430.0
0.0,2841.0,1433.0,1426.0,1434.0,1436.0,1436.0,998.0,428.0,1002.0,431.0
0.0,2842.0,1435.0,1426.0,1436.0,1435.0,1435.0,998.0,428.0,1004.0,431.0
0.0,2843.0,1433.0,1427.0,1435.0,1436.0,1436.0,999.0,428.0,1001.0,432.0
0.0,2845.0,1453.0,1427.0,1436.0,1453.0,1453.0,999.0,428.0,1016.0,437.0
0.0,2828.0,1455.0,1429.0,1453.0,1461.0,1461.0,1000.0,429.0,1019.0,436.0
0.0,2826.0,1452.0,1429.0,1461.0,1452.0,1452.0,1000.0,429.0,1019.0,433.0
0.0,2835.0,1446.0,1429.0,1452.0,1446.0,1446.0,1000.0,429.0,1013.0,433.0
0.0,2841.0,1453.0,1430.0,1446.0,1456.0,1456.0,1001.0,429.0,1020.0,433.0
0.0,2834.0,1467.0,1430.0,1456.0,1467.0,1467.0,1001.0,429.0,1032.0,435.0
0.0,2823.0,1469.0,1432.0,1467.0,1475.0,1475.0,1002.0,430.0,1036.0,433.0
0.0,2821.0,1464.0,1432.0,1475.0,1464.0,1464.0,1002.0,430.0,1026.0,438.0
0.0,2832.0,1462.0,1433.0,1464.0,1465.0,1465.0,1003.0,430.0,1025.0,437.0
0.0,2834.0,1457.0,1433.0,1465.0,1457.0,1457.0,1003.0,430.0,1017.0,440.0
0.0,2842.0,1455.0,1433.0,1457.0,1455.0,1455.0,1003.0,430.0,1019.0,436.0
0.0,2844.0,1466.0,1435.0,1455.0,1472.0,1472.0,1004.0,431.0,1028.0,438.0
0.0,2833.0,1462.0,1436.0,1472.0,1465.0,1465.0,1005.0,431.0,1026.0,436.0
0.0,2843.0,1466.0,1436.0,1465.0,1466.0,1466.0,1005.0,431.0,1028.0,438.0
0.0,2842.0,1461.0,1437.0,1466.0,1464.0,1464.0,1006.0,431.0,1022.0,439.0
0.0,2847.0,1459.0,1438.0,1464.0,1462.0,1462.0,1006.0,432.0,1019.0,440.0
0.0,2852.0,1454.0,1438.0,1462.0,1454.0,1454.0,1006.0,432.0,1015.0,439.0
0.0,2860.0,1464.0,1439.0,1454.0,1467.0,1467.0,1007.0,432.0,1025.0,439.0
0.0,2850.0,1452.0,1439.0,1467.0,1452.0,1452.0,1007.0,432.0,1017.0,435.0
0.0,2865.0,1467.0,1440.0,1452.0,1470.0,1470.0,1008.0,432.0,1026.0,441.0
0.0,2850.0,1457.0,1441.0,1470.0,1460.0,1460.0,1008.0,433.0,1017.0,440.0
0.0,2863.0,1462.0,1442.0,1460.0,1465.0,1465.0,1009.0,433.0,1028.0,434.0
0.0,2861.0,1460.0,1442.0,1465.0,1460.0,1460.0,1009.0,433.0,1021.0,439.0
0.0,2866.0,1459.0,1443.0,1460.0,1462.0,1462.0,1010.0,433.0,1022.0,437.0
0.0,2867.0,1463.0,1443.0,1462.0,1463.0,1463.0,1010.0,433.0,1025.0,438.0
0.0,2866.0,1461.0,1443.0,1463.0,1461.0,1461.0,1010.0,433.0,1020.0,441.0
0.0,2868.0,1455.0,1444.0,1461.0,1458.0,1458.0,1011.0,433.0,1016.0,439.0
0.0,2874.0,1459.0,1445.0,1458.0,1462.0,1462.0,1011.0,434.0,1021.0,438.0
0.0,2873.0,1469.0,1446.0,1462.0,1472.0,1472.0,1012.0,434.0,1030.0,439.0
0.0,2866.0,1461.0,1446.0,1472.0,1461.0,1461.0,1012.0,434.0,1021.0,440.0
0.0,2877.0,1454.0,1446.0,1461.0,1454.0,1454.0,1012.0,434.0,1015.0,439.0
0.0,2884.0,1461.0,1447.0,1454.0,1464.0,1464.0,1013.0,434.0,1025.0,436.0
0.0,2877.0,1459.0,1448.0,1464.0,1462.0,1462.0,1013.0,435.0,1021.0,438.0
0.0,2882.0,1453.0,1449.0,1462.0,1456.0,1456.0,1014.0,435.0,1017.0,436.0
0.0,2891.0,1459.0,1449.0,1456.0,1459.0,1459.0,1014.0,435.0,1022.0,437.0
0.0,2888.0,1454.0,1449.0,1459.0,1454.0,1454.0,1014.0,435.0,1019.0,435.0
0.0,2893.0,1462.0,1450.0,1454.0,1465.0,1465.0,1015.0,435.0,1019.0,443.0
0.0,2885.0,1464.0,1450.0,1465.0,1464.0,1464.0,1015.0,435.0,1023.0,441.0
0.0,2886.0,1461.0,1452.0,1464.0,1467.0,1467.0,1016.0,436.0,1022.0,439.0
0.0,2889.0,1466.0,1452.0,1467.0,1466.0,1466.0,1016.0,436.0,1023.0,443.0
0.0,2890.0,1466.0,1453.0,1466.0,1469.0,1469.0,1017.0,436.0,1023.0,443.0
0.0,2890.0,1463.0,1454.0,1469.0,1466.0,1466.0,1018.0,436.0,1026.0,437.0
0.0,2896.0,1469.0,1455.0,1466.0,1472.0,1472.0,1018.0,437.0,1026.0,443.0
0.0,2893.0,1446.0,1455.0,1472.0,1446.0,1446.0,1018.0,437.0,1006.0,440.0
0.0,2919.0,1462.0,1456.0,1446.0,1465.0,1465.0,1019.0,437.0,1021.0,441.0
0.0,2903.0,1459.0,1456.0,1465.0,1459.0,1459.0,1019.0,437.0,1014.0,445.0
0.0,2909.0,1459.0,1458.0,1459.0,1465.0,1465.0,1020.0,438.0,1020.0,439.0
0.0,2909.0,1473.0,1458.0,1465.0,1473.0,1473.0,1020.0,438.0,1031.0,442.0
0.0,2901.0,1466.0,1459.0,1473.0,1469.0,1469.0,1021.0,438.0,1026.0,440.0
0.0,2908.0,1473.0,1459.0,1469.0,1473.0,1473.0,1021.0,438.0,1030.0,443.0
0.0,2904.0,1482.0,1460.0,1473.0,1485.0,1485.0,1022.0,438.0,1040.0,442.0
0.0,2895.0,1469.0,1461.0,1485.0,1472.0,1472.0,1022.0,439.0,1027.0,442.0
0.0,2911.0,1477.0,1462.0,1472.0,1480.0,1480.0,1023.0,439.0,1036.0,441.0
0.0,2906.0,1485.0,1462.0,1480.0,1485.0,1485.0,1023.0,439.0,1044.0,441.0
0.0,2901.0,1487.0,1463.0,1485.0,1490.0,1490.0,1024.0,439.0,1042.0,445.0
0.0,2899.0,1487.0,1463.0,1490.0,1487.0,1487.0,1024.0,439.0,1041.0,446.0
0.0,2902.0,1490.0,1464.0,1487.0,1493.0,1493.0,1025.0,439.0,1045.0,445.0
0.0,2899.0,1498.0,1465.0,1493.0,1501.0,1501.0,1025.0,440.0,1054.0,444.0
0.0,2894.0,1495.0,1465.0,1501.0,1495.0,1495.0,1025.0,440.0,1050.0,445.0
0.0,2900.0,1501.0,1466.0,1495.0,1504.0,1504.0,1026.0,440.0,1053.0,448.0
0.0,2894.0,1500.0,1466.0,1504.0,1500.0,1500.0,1026.0,440.0,1051.0,449.0
0.0,2898.0,1499.0,1467.0,1500.0,1502.0,1502.0,1027.0,440.0,1053.0,446.0
0.0,2899.0,1491.0,1469.0,1502.0,1497.0,1497.0,1028.0,441.0,1044.0,447.0
0.0,2910.0,1497.0,1469.0,1497.0,1497.0,1497.0,1028.0,441.0,1051.0,446.0
0.0,2910.0,1498.0,1470.0,1497.0,1501.0,1501.0,1029.0,441.0,1051.0,447.0
0.0,2909.0,1487.0,1470.0,1501.0,1487.0,1487.0,1029.0,441.0,1035.0,452.0
0.0,2923.0,1504.0,1470.0,1487.0,1504.0,1504.0,1029.0,441.0,1054.0,450.0
0.0,2906.0,1498.0,1472.0,1504.0,1504.0,1504.0,1030.0,442.0,1051.0,447.0
0.0,2912.0,1490.0,1472.0,1504.0,1490.0,1490.0,1030.0,442.0,1041.0,449.0
0.0,2926.0,1490.0,1473.0,1490.0,1493.0,1493.0,1031.0,442.0,1042.0,448.0
0.0,2926.0,1503.0,1473.0,1493.0,1503.0,1503.0,1031.0,442.0,1047.0,456.0
0.0,2916.0,1492.0,1474.0,1503.0,1495.0,1495.0,1032.0,442.0,1047.0,445.0
0.0,2927.0,1497.0,1475.0,1495.0,1500.0,1500.0,1032.0,443.0,1046.0,451.0
0.0,2925.0,1497.0,1476.0,1500.0,1500.0,1500.0,1033.0,443.0,1050.0,447.0
0.0,2928.0,1494.0,1476.0,1500.0,1494.0,1494.0,1033.0,443.0,1050.0,444.0
0.0,2934.0,1490.0,1477.0,1494.0,1493.0,1493.0,1034.0,443.0,1042.0,448.0
0.0,2938.0,1492.0,1477.0,1493.0,1492.0,1492.0,1034.0,443.0,1047.0,445.0
0.0,2939.0,1492.0,1478.0,1492.0,1495.0,1495.0,1035.0,443.0,1047.0,445.0
0.0,2939.0,1504.0,1479.0,1495.0,1507.0,1507.0,1035.0,444.0,1053.0,451.0
0.0,2930.0,1501.0,1480.0,1507.0,1504.0,1504.0,1036.0,444.0,1050.0,451.0
0.0,2936.0,1503.0,1480.0,1504.0,1503.0,1503.0,1036.0,444.0,1050.0,453.0
0.0,2937.0,1493.0,1481.0,1503.0,1496.0,1496.0,1037.0,444.0,1048.0,445.0
0.0,2947.0,1499.0,1481.0,1496.0,1499.0,1499.0,1037.0,444.0,1051.0,448.0
0.0,2944.0,1501.0,1483.0,1499.0,1507.0,1507.0,1038.0,445.0,1054.0,447.0
0.0,2942.0,1493.0,1483.0,1507.0,1493.0,1493.0,1038.0,445.0,1043.0,450.0
0.0,2956.0,1499.0,1484.0,1493.0,1502.0,1502.0,1039.0,445.0,1052.0,447.0
0.0,2950.0,1490.0,1484.0,1502.0,1490.0,1490.0,1039.0,445.0,1038.0,452.0
0.0,2962.0,1497.0,1486.0,1490.0,1503.0,1503.0,1040.0,446.0,1047.0,450.0
0.0,2955.0,1497.0,1487.0,1503.0,1500.0,1500.0,1041.0,446.0,1049.0,448.0
0.0,2961.0,1490.0,1487.0,1500.0,1490.0,1490.0,1041.0,446.0,1044.0,446.0
0.0,2971.0,1492.0,1487.0,1490.0,1492.0,1492.0,1041.0,446.0,1037.0,455.0
0.0,2969.0,1495.0,1488.0,1492.0,1498.0,1498.0,1042.0,446.0,1050.0,445.0
0.0,2966.0,1498.0,1488.0,1498.0,1498.0,1498.0,1042.0,446.0,1049.0,449.0
0.0,2966.0,1492.0,1490.0,1498.0,1498.0,1498.0,1043.0,447.0,1043.0,449.0
0.0,2972.0,1499.0,1490.0,1498.0,1499.0,1499.0,1043.0,447.0,1048.0,451.0
0.0,2971.0,1494.0,1491.0,1499.0,1497.0,1497.0,1044.0,447.0,1039.0,455.0
0.0,2976.0,1503.0,1491.0,1497.0,1503.0,1503.0,1044.0,447.0,1049.0,454.0
0.0,2970.0,1507.0,1492.0,1503.0,1510.0,1510.0,1045.0,447.0,1052.0,455.0
0.0,2966.0,1497.0,1493.0,1510.0,1500.0,1500.0,1045.0,448.0,1045.0,452.0
0.0,2979.0,1517.0,1494.0,1500.0,1520.0,1520.0,1046.0,448.0,1061.0,456.0
0.0,2962.0,1511.0,1494.0,1520.0,1511.0,1511.0,1046.0,448.0,1052.0,459.0
0.0,2971.0,1514.0,1496.0,1511.0,1520.0,1520.0,1047.0,449.0,1060.0,454.0
0.0,2968.0,1507.0,1496.0,1520.0,1507.0,1507.0,1047.0,449.0,1052.0,455.0
0.0,2981.0,1514.0,1497.0,1507.0,1517.0,1517.0,1048.0,449.0,1060.0,454.0
0.0,2974.0,1513.0,1497.0,1517.0,1513.0,1513.0,1048.0,449.0,1058.0,455.0
0.0,2978.0,1519.0,1499.0,1513.0,1525.0,1525.0,1049.0,450.0,1060.0,459.0
0.0,2972.0,1524.0,1499.0,1525.0,1524.0,1524.0,1049.0,450.0,1068.0,456.0
0.0,2973.0,1527.0,1500.0,1524.0,1530.0,1530.0,1050.0,450.0,1065.0,462.0
0.0,2970.0,1529.0,1500.0,1530.0,1529.0,1529.0,1050.0,450.0,1072.0,457.0
0.0,2971.0,1536.0,1502.0,1529.0,1542.0,1542.0,1051.0,451.0,1076.0,460.0
0.0,2964.0,1526.0,1502.0,1542.0,1526.0,1526.0,1051.0,451.0,1067.0,459.0
0.0,2980.0,1529.0,1502.0,1526.0,1529.0,1529.0,1051.0,451.0,1071.0,458.0
0.0,2977.0,1534.0,1503.0,1529.0,1537.0,1537.0,1052.0,451.0,1074.0,460.0
0.0,2972.0,1532.0,1504.0,1537.0,1535.0,1535.0,1052.0,452.0,1075.0,457.0
0.0,2977.0,1529.0,1505.0,1535.0,1532.0,1532.0,1053.0,452.0,1070.0,459.0
0.0,2983.0,1536.0,1505.0,1532.0,1536.0,1536.0,1053.0,452.0,1077.0,459.0
0.0,2979.0,1532.0,1505.0,1536.0,1532.0,1532.0,1053.0,452.0,1071.0,461.0
0.0,2983.0,1536.0,1506.0,1532.0,1539.0,1539.0,1054.0,452.0,1077.0,459.0
0.0,2979.0,1533.0,1508.0,1539.0,1539.0,1539.0,1055.0,453.0,1072.0,461.0
0.0,2985.0,1531.0,1508.0,1539.0,1531.0,1531.0,1055.0,453.0,1073.0,458.0
0.0,2993.0,1526.0,1509.0,1531.0,1529.0,1529.0,1056.0,453.0,1070.0,456.0
0.0,2998.0,1537.0,1509.0,1529.0,1537.0,1537.0,1056.0,453.0,1077.0,460.0
0.0,2990.0,1535.0,1510.0,1537.0,1538.0,1538.0,1057.0,453.0,1075.0,460.0
0.0,2992.0,1532.0,1511.0,1538.0,1535.0,1535.0,1057.0,454.0,1071.0,461.0
0.0,2998.0,1520.0,1512.0,1535.0,1523.0,1523.0,1058.0,454.0,1064.0,456.0
0.0,3013.0,1515.0,1512.0,1523.0,1515.0,1515.0,1058.0,454.0,1062.0,453.0
0.0,3021.0,1519.0,1512.0,1515.0,1519.0,1519.0,1058.0,454.0,1062.0,457.0
0.0,3017.0,1525.0,1512.0,1519.0,1525.0,1525.0,1058.0,454.0,1064.0,461.0
0.0,3011.0,1524.0,1514.0,1525.0,1530.0,1530.0,1059.0,455.0,1066.0,458.0
0.0,3012.0,1530.0,1514.0,1530.0,1530.0,1530.0,1059.0,455.0,1073.0,457.0
0.0,3012.0,1521.0,1515.0,1530.0,1524.0,1524.0,1060.0,455.0,1063.0,458.0
0.0,3021.0,1539.0,1515.0,1524.0,1539.0,1539.0,1060.0,455.0,1081.0,458.0
0.0,3006.0,1538.0,1516.0,1539.0,1541.0,1541.0,1061.0,455.0,1076.0,462.0
0.0,3007.0,1538.0,1517.0,1541.0,1541.0,1541.0,1061.0,456.0,1080.0,458.0
0.0,3010.0,1524.0,1518.0,1541.0,1527.0,1527.0,1062.0,456.0,1070.0,454.0
0.0,3027.0,1533.0,1518.0,1527.0,1533.0,1533.0,1062.0,456.0,1076.0,457.0
0.0,3021.0,1522.0,1518.0,1533.0,1522.0,1522.0,1062.0,456.0,1067.0,455.0
0.0,3032.0,1543.0,1519.0,1522.0,1546.0,1546.0,1063.0,456.0,1081.0,462.0
0.0,3011.0,1522.0,1520.0,1546.0,1525.0,1525.0,1064.0,456.0,1065.0,457.0
0.0,3035.0,1527.0,1520.0,1525.0,1527.0,1527.0,1064.0,456.0,1070.0,457.0
0.0,3033.0,1533.0,1522.0,1527.0,1539.0,1539.0,1065.0,457.0,1075.0,458.0
0.0,3027.0,1540.0,1522.0,1539.0,1540.0,1540.0,1065.0,457.0,1082.0,458.0
0.0,3026.0,1527.0,1523.0,1540.0,1530.0,1530.0,1066.0,457.0,1067.0,460.0
0.0,3039.0,1529.0,1523.0,1530.0,1529.0,1529.0,1066.0,457.0,1068.0,461.0
0.0,3040.0,1514.0,1523.0,1529.0,1514.0,1514.0,1066.0,457.0,1056.0,458.0
0.0,3055.0,1532.0,1525.0,1514.0,1538.0,1538.0,1067.0,458.0,1077.0,455.0
0.0,3037.0,1527.0,1525.0,1538.0,1527.0,1527.0,1067.0,458.0,1068.0,459.0
0.0,3048.0,1520.0,1526.0,1527.0,1523.0,1523.0,1068.0,458.0,1059.0,461.0
0.0,3055.0,1537.0,1526.0,1523.0,1537.0,1537.0,1068.0,458.0,1075.0,462.0
0.0,3041.0,1536.0,1527.0,1537.0,1539.0,1539.0,1069.0,458.0,1072.0,464.0
0.0,3042.0,1536.0,1527.0,1539.0,1536.0,1536.0,1069.0,458.0,1073.0,463.0
0.0,3045.0,1537.0,1528.0,1536.0,1540.0,1540.0,1069.0,459.0,1071.0,466.0
0.0,3044.0,1548.0,1529.0,1540.0,1551.0,1551.0,1070.0,459.0,1081.0,467.0
0.0,3036.0,1543.0,1529.0,1551.0,1543.0,1543.0,1070.0,459.0,1078.0,465.0
0.0,3044.0,1553.0,1530.0,1543.0,1556.0,1556.0,1071.0,459.0,1085.0,468.0
0.0,3034.0,1553.0,1530.0,1556.0,1553.0,1553.0,1071.0,459.0,1088.0,465.0
0.0,3037.0,1558.0,1532.0,1553.0,1564.0,1564.0,1072.0,460.0,1093.0,465.0
0.0,3032.0,1559.0,1533.0,1564.0,1562.0,1562.0,1073.0,460.0,1091.0,468.0
0.0,3037.0,1562.0,1533.0,1562.0,1562.0,1562.0,1073.0,460.0,1096.0,466.0
0.0,3037.0,1556.0,1534.0,1562.0,1559.0,1559.0,1074.0,460.0,1086.0,470.0
0.0,3043.0,1561.0,1534.0,1559.0,1561.0,1561.0,1074.0,460.0,1092.0,469.0
0.0,3041.0,1565.0,1534.0,1561.0,1565.0,1565.0,1074.0,460.0,1099.0,466.0
0.0,3037.0,1571.0,1536.0,1565.0,1577.0,1577.0,1075.0,461.0,1102.0,469.0
0.0,3031.0,1570.0,1537.0,1577.0,1573.0,1573.0,1076.0,461.0,1100.0,470.0
0.0,3038.0,1574.0,1537.0,1573.0,1574.0,1574.0,1076.0,461.0,1105.0,469.0
0.0,3037.0,1567.0,1538.0,1574.0,1570.0,1570.0,1077.0,461.0,1096.0,471.0
0.0,3044.0,1574.0,1539.0,1570.0,1577.0,1577.0,1077.0,462.0,1104.0,470.0
0.0,3040.0,1566.0,1540.0,1577.0,1569.0,1569.0,1078.0,462.0,1094.0,472.0
0.0,3051.0,1570.0,1540.0,1569.0,1570.0,1570.0,1078.0,462.0,1101.0,469.0
0.0,3050.0,1571.0,1541.0,1570.0,1574.0,1574.0,1079.0,462.0,1101.0,470.0
0.0,3049.0,1566.0,1541.0,1574.0,1566.0,1566.0,1079.0,462.0,1096.0,470.0
0.0,3057.0,1574.0,1543.0,1566.0,1580.0,1580.0,1080.0,463.0,1104.0,470.0
0.0,3049.0,1570.0,1543.0,1580.0,1570.0,1570.0,1080.0,463.0,1103.0,467.0
0.0,3059.0,1570.0,1544.0,1570.0,1573.0,1573.0,1081.0,463.0,1100.0,470.0
0.0,3059.0,1567.0,1544.0,1573.0,1567.0,1567.0,1081.0,463.0,1096.0,471.0
0.0,3065.0,1557.0,1545.0,1567.0,1560.0,1560.0,1082.0,463.0,1087.0,470.0
0.0,3075.0,1561.0,1546.0,1560.0,1564.0,1564.0,1082.0,464.0,1093.0,468.0
0.0,3074.0,1562.0,1547.0,1564.0,1565.0,1565.0,1083.0,464.0,1096.0,466.0
0.0,3076.0,1562.0,1547.0,1565.0,1562.0,1562.0,1083.0,464.0,1095.0,467.0
0.0,3079.0,1571.0,1548.0,1562.0,1574.0,1574.0,1084.0,464.0,1100.0,471.0
0.0,3070.0,1562.0,1549.0,1574.0,1565.0,1565.0,1085.0,464.0,1095.0,467.0
0.0,3082.0,1562.0,1550.0,1565.0,1565.0,1565.0,1085.0,465.0,1095.0,467.0
0.0,3085.0,1565.0,1551.0,1565.0,1568.0,1568.0,1086.0,465.0,1099.0,466.0
0.0,3085.0,1572.0,1551.0,1568.0,1572.0,1572.0,1086.0,465.0,1104.0,468.0
0.0,3081.0,1562.0,1552.0,1572.0,1565.0,1565.0,1087.0,465.0,1093.0,469.0
0.0,3091.0,1566.0,1552.0,1565.0,1566.0,1566.0,1087.0,465.0,1098.0,468.0
0.0,3090.0,1567.0,1552.0,1566.0,1567.0,1567.0,1087.0,465.0,1100.0,467.0
0.0,3089.0,1563.0,1554.0,1567.0,1569.0,1569.0,1088.0,466.0,1097.0,466.0
0.0,3093.0,1563.0,1554.0,1569.0,1563.0,1563.0,1088.0,466.0,1098.0,465.0
0.0,3099.0,1557.0,1555.0,1563.0,1560.0,1560.0,1089.0,466.0,1090.0,467.0
0.0,3105.0,1573.0,1555.0,1560.0,1573.0,1573.0,1089.0,466.0,1104.0,469.0
0.0,3092.0,1559.0,1556.0,1573.0,1562.0,1562.0,1090.0,466.0,1089.0,470.0
0.0,3106.0,1561.0,1557.0,1562.0,1564.0,1564.0,1090.0,467.0,1092.0,469.0
0.0,3107.0,1563.0,1557.0,1564.0,1563.0,1563.0,1090.0,467.0,1095.0,468.0
0.0,3108.0,1560.0,1558.0,1563.0,1563.0,1563.0,1091.0,467.0,1093.0,467.0
0.0,3111.0,1565.0,1558.0,1563.0,1565.0,1565.0,1091.0,467.0,1091.0,474.0
0.0,3109.0,1560.0,1559.0,1565.0,1563.0,1563.0,1092.0,467.0,1088.0,472.0
0.0,3114.0,1561.0,1560.0,1563.0,1564.0,1564.0,1092.0,468.0,1093.0,468.0
0.0,3116.0,1559.0,1561.0,1564.0,1562.0,1562.0,1093.0,468.0,1089.0,470.0
0.0,3121.0,1573.0,1561.0,1562.0,1573.0,1573.0,1093.0,468.0,1098.0,475.0
0.0,3110.0,1560.0,1562.0,1573.0,1563.0,1563.0,1094.0,468.0,1088.0,472.0
0.0,3123.0,1571.0,1563.0,1563.0,1574.0,1574.0,1094.0,469.0,1098.0,473.0
0.0,3115.0,1574.0,1564.0,1574.0,1577.0,1577.0,1095.0,469.0,1102.0,472.0
0.0,3115.0,1574.0,1564.0,1577.0,1574.0,1574.0,1095.0,469.0,1101.0,473.0
0.0,3118.0,1571.0,1565.0,1574.0,1574.0,1574.0,1096.0,469.0,1095.0,476.0
0.0,3121.0,1579.0,1565.0,1574.0,1579.0,1579.0,1096.0,469.0,1099.0,480.0
0.0,3116.0,1582.0,1565.0,1579.0,1582.0,1582.0,1096.0,469.0,1107.0,475.0
0.0,3113.0,1584.0,1567.0,1582.0,1590.0,1590.0,1097.0,470.0,1104.0,480.0
0.0,3111.0,1592.0,1567.0,1590.0,1592.0,1592.0,1097.0,470.0,1118.0,474.0
0.0,3109.0,1587.0,1567.0,1592.0,1587.0,1587.0,1097.0,470.0,1104.0,483.0
0.0,3114.0,1599.0,1568.0,1587.0,1602.0,1602.0,1098.0,470.0,1121.0,478.0
0.0,3102.0,1589.0,1569.0,1602.0,1592.0,1592.0,1098.0,471.0,1110.0,479.0
0.0,3115.0,1597.0,1570.0,1592.0,1600.0,1600.0,1099.0,471.0,1118.0,479.0
0.0,3110.0,1595.0,1570.0,1600.0,1595.0,1595.0,1099.0,471.0,1118.0,477.0
0.0,3115.0,1610.0,1571.0,1595.0,1613.0,1613.0,1100.0,471.0,1125.0,485.0
0.0,3100.0,1605.0,1572.0,1613.0,1608.0,1608.0,1100.0,472.0,1121.0,484.0
0.0,3108.0,1601.0,1572.0,1608.0,1601.0,1601.0,1100.0,472.0,1117.0,484.0
0.0,3115.0,1601.0,1573.0,1601.0,1604.0,1604.0,1101.0,472.0,1121.0,480.0
0.0,3115.0,1610.0,1573.0,1604.0,1610.0,1610.0,1101.0,472.0,1124.0,486.0
0.0,3109.0,1597.0,1575.0,1610.0,1603.0,1603.0,1102.0,473.0,1114.0,483.0
0.0,3122.0,1604.0,1575.0,1603.0,1604.0,1604.0,1102.0,473.0,1127.0,477.0
0.0,3121.0,1591.0,1575.0,1604.0,1591.0,1591.0,1102.0,473.0,1110.0,481.0
0.0,3134.0,1610.0,1576.0,1591.0,1613.0,1613.0,1103.0,473.0,1125.0,485.0
0.0,3115.0,1604.0,1576.0,1613.0,1604.0,1604.0,1103.0,473.0,1121.0,483.0
0.0,3124.0,1605.0,1577.0,1604.0,1608.0,1608.0,1103.0,474.0,1123.0,482.0
0.0,3123.0,1597.0,1578.0,1608.0,1600.0,1600.0,1104.0,474.0,1116.0,481.0
0.0,3134.0,1600.0,1578.0,1600.0,1600.0,1600.0,1104.0,474.0,1117.0,483.0
0.0,3134.0,1597.0,1579.0,1600.0,1600.0,1600.0,1105.0,474.0,1120.0,477.0
0.0,3137.0,1598.0,1580.0,1600.0,1601.0,1601.0,1105.0,475.0,1118.0,480.0
0.0,3139.0,1589.0,1581.0,1601.0,1592.0,1592.0,1106.0,475.0,1111.0,478.0
0.0,3151.0,1609.0,1581.0,1592.0,1609.0,1609.0,1106.0,475.0,1120.0,489.0
0.0,3134.0,1591.0,1581.0,1609.0,1591.0,1591.0,1106.0,475.0,1112.0,479.0
0.0,3152.0,1597.0,1583.0,1591.0,1603.0,1603.0,1107.0,476.0,1118.0,479.0
0.0,3146.0,1608.0,1583.0,1603.0,1608.0,1608.0,1107.0,476.0,1128.0,480.0
0.0,3141.0,1604.0,1584.0,1608.0,1607.0,1607.0,1108.0,476.0,1127.0,477.0
0.0,3145.0,1599.0,1584.0,1607.0,1599.0,1599.0,1108.0,476.0,1120.0,479.0
0.0,3153.0,1598.0,1585.0,1599.0,1601.0,1601.0,1109.0,476.0,1119.0,479.0
0.0,3154.0,1598.0,1586.0,1601.0,1601.0,1601.0,1109.0,477.0,1122.0,476.0
0.0,3157.0,1597.0,1587.0,1601.0,1600.0,1600.0,1110.0,477.0,1118.0,479.0
0.0,3161.0,1603.0,1587.0,1600.0,1603.0,1603.0,1110.0,477.0,1125.0,478.0
0.0,3158.0,1601.0,1587.0,1603.0,1601.0,1601.0,1110.0,477.0,1119.0,482.0
0.0,3160.0,1595.0,1589.0,1601.0,1601.0,1601.0,1111.0,478.0,1121.0,474.0
0.0,3166.0,1600.0,1589.0,1601.0,1600.0,1600.0,1111.0,478.0,1120.0,480.0
0.0,3167.0,1584.0,1590.0,1600.0,1587.0,1587.0,1112.0,478.0,1109.0,475.0
0.0,3183.0,1607.0,1590.0,1587.0,1607.0,1607.0,1112.0,478.0,1129.0,478.0
0.0,3163.0,1599.0,1591.0,1607.0,1602.0,1602.0,1113.0,478.0,1123.0,476.0
0.0,3171.0,1590.0,1591.0,1602.0,1590.0,1590.0,1113.0,478.0,1110.0,480.0
0.0,3183.0,1599.0,1593.0,1590.0,1605.0,1605.0,1114.0,479.0,1119.0,480.0
0.0,3174.0,1588.0,1593.0,1605.0,1588.0,1588.0,1114.0,479.0,1110.0,478.0
0.0,3191.0,1587.0,1594.0,1588.0,1590.0,1590.0,1115.0,479.0,1113.0,474.0
0.0,3192.0,1596.0,1594.0,1590.0,1596.0,1596.0,1115.0,479.0,1115.0,481.0
0.0,3186.0,1605.0,1595.0,1596.0,1608.0,1608.0,1116.0,479.0,1121.0,484.0
0.0,3177.0,1593.0,1595.0,1608.0,1593.0,1593.0,1116.0,479.0,1111.0,482.0
0.0,3192.0,1599.0,1596.0,1593.0,1602.0,1602.0,1116.0,480.0,1117.0,482.0
0.0,3186.0,1593.0,1597.0,1602.0,1596.0,1596.0,1117.0,480.0,1112.0,481.0
0.0,3195.0,1605.0,1597.0,1596.0,1605.0,1605.0,1117.0,480.0,1124.0,481.0
0.0,3186.0,1610.0,1598.0,1605.0,1613.0,1613.0,1118.0,480.0,1122.0,488.0
0.0,3181.0,1613.0,1598.0,1613.0,1613.0,1613.0,1118.0,480.0,1123.0,490.0
0.0,3181.0,1620.0,1599.0,1613.0,1623.0,1623.0,1119.0,480.0,1135.0,485.0
0.0,3174.0,1627.0,1600.0,1623.0,1630.0,1630.0,1119.0,481.0,1141.0,486.0
0.0,3170.0,1620.0,1601.0,1630.0,1623.0,1623.0,1120.0,481.0,1131.0,489.0
0.0,3180.0,1627.0,1601.0,1623.0,1627.0,1627.0,1120.0,481.0,1141.0,486.0
0.0,3176.0,1637.0,1602.0,1627.0,1640.0,1640.0,1121.0,481.0,1138.0,499.0
0.0,3166.0,1635.0,1603.0,1640.0,1638.0,1638.0,1121.0,482.0,1145.0,490.0
0.0,3171.0,1639.0,1604.0,1638.0,1642.0,1642.0,1122.0,482.0,1149.0,490.0
0.0,3170.0,1634.0,1604.0,1642.0,1634.0,1634.0,1122.0,482.0,1146.0,488.0
0.0,3178.0,1651.0,1605.0,1634.0,1654.0,1654.0,1123.0,482.0,1156.0,495.0
0.0,3161.0,1636.0,1605.0,1654.0,1636.0,1636.0,1123.0,482.0,1145.0,491.0
0.0,3179.0,1640.0,1606.0,1636.0,1643.0,1643.0,1124.0,482.0,1149.0,491.0
0.0,3175.0,1648.0,1608.0,1643.0,1654.0,1654.0,1125.0,483.0,1155.0,493.0
0.0,3170.0,1643.0,1608.0,1654.0,1643.0,1643.0,1125.0,483.0,1151.0,492.0
0.0,3181.0,1628.0,1609.0,1643.0,1631.0,1631.0,1126.0,483.0,1138.0,490.0
0.0,3196.0,1648.0,1609.0,1631.0,1648.0,1648.0,1126.0,483.0,1150.0,498.0
0.0,3179.0,1636.0,1611.0,1648.0,1642.0,1642.0,1127.0,484.0,1140.0,496.0
0.0,3191.0,1630.0,1611.0,1642.0,1630.0,1630.0,1127.0,484.0,1140.0,490.0
0.0,3203.0,1632.0,1611.0,1630.0,1632.0,1632.0,1127.0,484.0,1140.0,492.0
0.0,3201.0,1638.0,1612.0,1632.0,1641.0,1641.0,1128.0,484.0,1144.0,494.0
0.0,3195.0,1629.0,1612.0,1641.0,1629.0,1629.0,1128.0,484.0,1141.0,488.0
0.0,3207.0,1627.0,1613.0,1629.0,1630.0,1630.0,1129.0,484.0,1136.0,491.0
0.0,3209.0,1635.0,1614.0,1630.0,1638.0,1638.0,1129.0,485.0,1143.0,492.0
0.0,3204.0,1635.0,1615.0,1638.0,1638.0,1638.0,1130.0,485.0,1143.0,492.0
0.0,3207.0,1636.0,1615.0,1638.0,1636.0,1636.0,1130.0,485.0,1142.0,494.0
0.0,3209.0,1629.0,1615.0,1636.0,1629.0,1629.0,1130.0,485.0,1136.0,493.0
0.0,3216.0,1620.0,1616.0,1629.0,1623.0,1623.0,1131.0,485.0,1133.0,487.0
0.0,3225.0,1629.0,1617.0,1623.0,1632.0,1632.0,1131.0,486.0,1142.0,487.0
0.0,3219.0,1640.0,1618.0,1632.0,1643.0,1643.0,1132.0,486.0,1147.0,493.0
0.0,3211.0,1643.0,1618.0,1643.0,1643.0,1643.0,1132.0,486.0,1151.0,492.0
0.0,3211.0,1635.0,1619.0,1643.0,1638.0,1638.0,1133.0,486.0,1148.0,487.0
0.0,3219.0,1633.0,1619.0,1638.0,1633.0,1633.0,1133.0,486.0,1147.0,486.0
0.0,3224.0,1635.0,1621.0,1633.0,1641.0,1641.0,1134.0,487.0,1145.0,490.0
0.0,3222.0,1643.0,1621.0,1641.0,1643.0,1643.0,1134.0,487.0,1153.0,490.0
0.0,3220.0,1631.0,1622.0,1643.0,1634.0,1634.0,1135.0,487.0,1141.0,490.0
0.0,3232.0,1634.0,1622.0,1634.0,1634.0,1634.0,1135.0,487.0,1149.0,485.0
0.0,3232.0,1627.0,1623.0,1634.0,1630.0,1630.0,1135.0,488.0,1136.0,491.0
0.0,3239.0,1634.0,1624.0,1630.0,1637.0,1637.0,1136.0,488.0,1149.0,485.0
0.0,3235.0,1627.0,1625.0,1637.0,1630.0,1630.0,1137.0,488.0,1141.0,486.0
0.0,3245.0,1622.0,1625.0,1630.0,1622.0,1622.0,1137.0,488.0,1137.0,485.0
0.0,3253.0,1637.0,1625.0,1622.0,1637.0,1637.0,1137.0,488.0,1147.0,490.0
0.0,3238.0,1625.0,1626.0,1637.0,1628.0,1628.0,1138.0,488.0,1136.0,489.0
0.0,3250.0,1626.0,1627.0,1628.0,1629.0,1629.0,1138.0,489.0,1139.0,487.0
0.0,3252.0,1635.0,1628.0,1629.0,1638.0,1638.0,1139.0,489.0,1146.0,489.0
0.0,3246.0,1623.0,1628.0,1638.0,1623.0,1623.0,1139.0,489.0,1138.0,485.0
0.0,3261.0,1627.0,1629.0,1623.0,1630.0,1630.0,1140.0,489.0,1137.0,490.0
0.0,3257.0,1631.0,1629.0,1630.0,1631.0,1631.0,1140.0,489.0,1140.0,491.0
0.0,3256.0,1635.0,1630.0,1631.0,1638.0,1638.0,1141.0,489.0,1145.0,490.0
0.0,3252.0,1628.0,1631.0,1638.0,1631.0,1631.0,1141.0,490.0,1137.0,491.0
0.0,3262.0,1638.0,1632.0,1631.0,1641.0,1641.0,1142.0,490.0,1149.0,489.0
0.0,3255.0,1647.0,1632.0,1641.0,1647.0,1647.0,1142.0,490.0,1148.0,499.0
0.0,3249.0,1638.0,1633.0,1647.0,1641.0,1641.0,1143.0,490.0,1146.0,492.0
0.0,3258.0,1646.0,1633.0,1641.0,1646.0,1646.0,1143.0,490.0,1149.0,497.0
0.0,3253.0,1645.0,1634.0,1646.0,1648.0,1648.0,1144.0,490.0,1152.0,493.0
0.0,3254.0,1658.0,1635.0,1648.0,1661.0,1661.0,1144.0,491.0,1165.0,493.0
0.0,3244.0,1657.0,1636.0,1661.0,1660.0,1660.0,1145.0,491.0,1159.0,498.0
0.0,3248.0,1656.0,1636.0,1660.0,1656.0,1656.0,1145.0,491.0,1159.0,497.0
0.0,3252.0,1659.0,1636.0,1656.0,1659.0,1659.0,1145.0,491.0,1161.0,498.0
0.0,3249.0,1672.0,1637.0,1659.0,1675.0,1675.0,1146.0,491.0,1167.0,505.0
0.0,3236.0,1667.0,1637.0,1675.0,1667.0,1667.0,1146.0,491.0,1170.0,497.0
0.0,3244.0,1671.0,1639.0,1667.0,1677.0,1677.0,1147.0,492.0,1167.0,504.0
0.0,3240.0,1677.0,1639.0,1677.0,1677.0,1677.0,1147.0,492.0,1175.0,502.0
0.0,3240.0,1676.0,1640.0,1677.0,1679.0,1679.0,1148.0,492.0,1172.0,504.0
0.0,3241.0,1669.0,1640.0,1679.0,1669.0,1669.0,1148.0,492.0,1169.0,500.0
0.0,3251.0,1664.0,1640.0,1669.0,1664.0,1664.0,1148.0,492.0,1163.0,501.0
0.0,3256.0,1678.0,1641.0,1664.0,1681.0,1681.0,1148.0,493.0,1173.0,505.0
0.0,3242.0,1687.0,1642.0,1681.0,1690.0,1690.0,1149.0,493.0,1182.0,505.0
0.0,3236.0,1673.0,1643.0,1690.0,1676.0,1676.0,1150.0,493.0,1167.0,506.0
0.0,3253.0,1678.0,1643.0,1676.0,1678.0,1678.0,1150.0,493.0,1172.0,506.0
0.0,3251.0,1682.0,1645.0,1678.0,1688.0,1688.0,1151.0,494.0,1178.0,504.0
0.0,3247.0,1679.0,1646.0,1688.0,1682.0,1682.0,1152.0,494.0,1176.0,503.0
0.0,3256.0,1673.0,1646.0,1682.0,1673.0,1673.0,1152.0,494.0,1171.0,502.0
0.0,3265.0,1683.0,1647.0,1673.0,1686.0,1686.0,1153.0,494.0,1172.0,511.0
0.0,3255.0,1675.0,1649.0,1686.0,1681.0,1681.0,1154.0,495.0,1173.0,502.0
0.0,3266.0,1667.0,1649.0,1681.0,1667.0,1667.0,1154.0,495.0,1167.0,500.0
0.0,3280.0,1657.0,1649.0,1667.0,1657.0,1657.0,1154.0,495.0,1157.0,500.0
0.0,3290.0,1669.0,1650.0,1657.0,1672.0,1672.0,1155.0,495.0,1162.0,507.0
0.0,3278.0,1676.0,1650.0,1672.0,1676.0,1676.0,1155.0,495.0,1171.0,505.0
0.0,3274.0,1673.0,1652.0,1676.0,1679.0,1679.0,1156.0,496.0,1171.0,502.0
0.0,3277.0,1664.0,1652.0,1679.0,1664.0,1664.0,1156.0,496.0,1165.0,499.0
0.0,3292.0,1663.0,1653.0,1664.0,1666.0,1666.0,1157.0,496.0,1164.0,499.0
0.0,3293.0,1667.0,1653.0,1666.0,1667.0,1667.0,1157.0,496.0,1164.0,503.0
0.0,3292.0,1661.0,1653.0,1667.0,1661.0,1661.0,1157.0,496.0,1161.0,500.0
0.0,3298.0,1661.0,1655.0,1661.0,1667.0,1667.0,1158.0,497.0,1168.0,493.0
0.0,3298.0,1663.0,1655.0,1667.0,1663.0,1663.0,1158.0,497.0,1165.0,498.0
0.0,3302.0,1666.0,1655.0,1663.0,1666.0,1666.0,1158.0,497.0,1169.0,497.0
0.0,3299.0,1664.0,1656.0,1666.0,1667.0,1667.0,1159.0,497.0,1165.0,499.0
0.0,3301.0,1668.0,1656.0,1667.0,1668.0,1668.0,1159.0,497.0,1170.0,498.0
0.0,3300.0,1676.0,1657.0,1668.0,1679.0,1679.0,1160.0,497.0,1180.0,496.0
0.0,3292.0,1663.0,1658.0,1679.0,1666.0,1666.0,1160.0,498.0,1168.0,495.0
0.0,3308.0,1667.0,1659.0,1666.0,1670.0,1670.0,1161.0,498.0,1168.0,499.0
0.0,3307.0,1667.0,1660.0,1670.0,1670.0,1670.0,1162.0,498.0,1165.0,502.0
0.0,3310.0,1653.0,1660.0,1670.0,1653.0,1653.0,1162.0,498.0,1159.0,494.0
0.0,3327.0,1672.0,1660.0,1653.0,1672.0,1672.0,1162.0,498.0,1174.0,498.0
0.0,3308.0,1671.0,1662.0,1672.0,1677.0,1677.0,1163.0,499.0,1171.0,500.0
0.0,3309.0,1660.0,1662.0,1677.0,1660.0,1660.0,1163.0,499.0,1161.0,499.0
0.0,3326.0,1668.0,1663.0,1660.0,1671.0,1671.0,1164.0,499.0,1168.0,500.0
0.0,3318.0,1660.0,1663.0,1671.0,1660.0,1660.0,1164.0,499.0,1161.0,499.0
0.0,3329.0,1667.0,1665.0,1660.0,1673.0,1673.0,1165.0,500.0,1169.0,498.0
0.0,3322.0,1660.0,1665.0,1673.0,1660.0,1660.0,1165.0,500.0,1160.0,500.0
0.0,3335.0,1668.0,1666.0,1660.0,1671.0,1671.0,1166.0,500.0,1168.0,500.0
0.0,3327.0,1677.0,1666.0,1671.0,1677.0,1677.0,1166.0,500.0,1178.0,499.0
0.0,3321.0,1679.0,1667.0,1677.0,1682.0,1682.0,1167.0,500.0,1175.0,504.0
0.0,3319.0,1675.0,1667.0,1682.0,1675.0,1675.0,1167.0,500.0,1170.0,505.0
0.0,3326.0,1684.0,1668.0,1675.0,1687.0,1687.0,1168.0,500.0,1182.0,502.0
0.0,3317.0,1690.0,1670.0,1687.0,1696.0,1696.0,1169.0,501.0,1186.0,504.0
0.0,3314.0,1689.0,1670.0,1696.0,1689.0,1689.0,1169.0,501.0,1186.0,503.0
0.0,3321.0,1685.0,1671.0,1689.0,1688.0,1688.0,1170.0,501.0,1183.0,502.0
0.0,3325.0,1692.0,1671.0,1688.0,1692.0,1692.0,1170.0,501.0,1184.0,508.0
0.0,3321.0,1697.0,1672.0,1692.0,1700.0,1700.0,1171.0,501.0,1189.0,508.0
0.0,3316.0,1712.0,1673.0,1700.0,1715.0,1715.0,1171.0,502.0,1201.0,511.0
0.0,3304.0,1692.0,1673.0,1715.0,1692.0,1692.0,1171.0,502.0,1182.0,510.0
0.0,3327.0,1709.0,1674.0,1692.0,1712.0,1712.0,1172.0,502.0,1200.0,509.0
0.0,3310.0,1704.0,1674.0,1712.0,1704.0,1704.0,1172.0,502.0,1194.0,510.0
0.0,3318.0,1718.0,1675.0,1704.0,1721.0,1721.0,1173.0,502.0,1204.0,514.0
0.0,3304.0,1705.0,1676.0,1721.0,1708.0,1708.0,1174.0,502.0,1195.0,510.0
0.0,3320.0,1703.0,1677.0,1708.0,1706.0,1706.0,1174.0,503.0,1189.0,514.0
0.0,3325.0,1717.0,1678.0,1706.0,1720.0,1720.0,1175.0,503.0,1204.0,513.0
0.0,3314.0,1701.0,1678.0,1720.0,1701.0,1701.0,1175.0,503.0,1190.0,511.0
0.0,3333.0,1719.0,1679.0,1701.0,1722.0,1722.0,1176.0,503.0,1201.0,518.0
0.0,3315.0,1709.0,1679.0,1722.0,1709.0,1709.0,1176.0,503.0,1193.0,516.0
0.0,3328.0,1710.0,1680.0,1709.0,1713.0,1713.0,1176.0,504.0,1196.0,514.0
0.0,3327.0,1705.0,1681.0,1713.0,1708.0,1708.0,1177.0,504.0,1193.0,512.0
0.0,3335.0,1708.0,1681.0,1708.0,1708.0,1708.0,1177.0,504.0,1192.0,516.0
0.0,3335.0,1704.0,1681.0,1708.0,1704.0,1704.0,1177.0,504.0,1192.0,512.0
0.0,3339.0,1708.0,1682.0,1704.0,1711.0,1711.0,1178.0,504.0,1192.0,516.0
0.0,3335.0,1710.0,1682.0,1711.0,1710.0,1710.0,1178.0,504.0,1197.0,513.0
0.0,3336.0,1706.0,1684.0,1710.0,1712.0,1712.0,1179.0,505.0,1194.0,512.0
0.0,3340.0,1704.0,1685.0,1712.0,1707.0,1707.0,1180.0,505.0,1192.0,512.0
0.0,3348.0,1710.0,1685.0,1707.0,1710.0,1710.0,1180.0,505.0,1199.0,511.0
0.0,3345.0,1699.0,1685.0,1710.0,1699.0,1699.0,1180.0,505.0,1187.0,512.0
0.0,3356.0,1707.0,1686.0,1699.0,1710.0,1710.0,1181.0,505.0,1195.0,512.0
0.0,3348.0,1706.0,1688.0,1710.0,1712.0,1712.0,1182.0,506.0,1194.0,512.0
0.0,3352.0,1714.0,1688.0,1712.0,1714.0,1714.0,1182.0,506.0,1200.0,514.0
0.0,3350.0,1706.0,1689.0,1714.0,1709.0,1709.0,1183.0,506.0,1192.0,514.0
0.0,3358.0,1705.0,1689.0,1709.0,1705.0,1705.0,1183.0,506.0,1196.0,509.0
0.0,3362.0,1703.0,1691.0,1705.0,1709.0,1709.0,1184.0,507.0,1192.0,511.0
0.0,3364.0,1711.0,1692.0,1709.0,1714.0,1714.0,1185.0,507.0,1202.0,509.0
0.0,3362.0,1704.0,1692.0,1714.0,1704.0,1704.0,1185.0,507.0,1195.0,509.0
0.0,3372.0,1704.0,1693.0,1704.0,1707.0,1707.0,1186.0,507.0,1196.0,508.0
0.0,3372.0,1703.0,1694.0,1707.0,1706.0,1706.0,1186.0,508.0,1192.0,511.0
0.0,3376.0,1703.0,1694.0,1706.0,1703.0,1703.0,1186.0,508.0,1195.0,508.0
0.0,3379.0,1696.0,1695.0,1703.0,1699.0,1699.0,1187.0,508.0,1186.0,510.0
0.0,3386.0,1705.0,1695.0,1699.0,1705.0,1705.0,1187.0,508.0,1194.0,511.0
0.0,3380.0,1696.0,1696.0,1705.0,1699.0,1699.0,1188.0,508.0,1189.0,507.0
0.0,3389.0,1697.0,1697.0,1699.0,1700.0,1700.0,1188.0,509.0,1185.0,512.0
0.0,3391.0,1692.0,1697.0,1700.0,1692.0,1692.0,1188.0,509.0,1185.0,507.0
0.0,3399.0,1694.0,1698.0,1692.0,1697.0,1697.0,1189.0,509.0,1186.0,508.0
0.0,3397.0,1698.0,1698.0,1697.0,1698.0,1698.0,1189.0,509.0,1184.0,514.0
0.0,3396.0,1690.0,1699.0,1698.0,1693.0,1693.0,1190.0,509.0,1183.0,507.0
0.0,3404.0,1707.0,1700.0,1693.0,1710.0,1710.0,1190.0,510.0,1198.0,509.0
0.0,3390.0,1696.0,1701.0,1710.0,1699.0,1699.0,1191.0,510.0,1185.0,511.0
0.0,3404.0,1703.0,1701.0,1699.0,1703.0,1703.0,1191.0,510.0,1190.0,513.0
0.0,3400.0,1700.0,1701.0,1703.0,1700.0,1700.0,1191.0,510.0,1186.0,514.0
0.0,3403.0,1709.0,1703.0,1700.0,1715.0,1715.0,1192.0,511.0,1200.0,509.0
0.0,3394.0,1714.0,1703.0,1715.0,1714.0,1714.0,1192.0,511.0,1203.0,511.0
0.0,3395.0,1713.0,1704.0,1714.0,1716.0,1716.0,1193.0,511.0,1200.0,513.0
0.0,3396.0,1719.0,1704.0,1716.0,1719.0,1719.0,1193.0,511.0,1205.0,514.0
0.0,3393.0,1719.0,1704.0,1719.0,1719.0,1719.0,1193.0,511.0,1202.0,517.0
0.0,3393.0,1719.0,1706.0,1719.0,1725.0,1725.0,1194.0,512.0,1205.0,514.0
0.0,3393.0,1725.0,1706.0,1725.0,1725.0,1725.0,1194.0,512.0,1209.0,516.0
0.0,3393.0,1728.0,1707.0,1725.0,1731.0,1731.0,1195.0,512.0,1214.0,514.0
0.0,3390.0,1738.0,1707.0,1731.0,1738.0,1738.0,1195.0,512.0,1219.0,519.0
0.0,3383.0,1739.0,1708.0,1738.0,1742.0,1742.0,1196.0,512.0,1219.0,520.0
0.0,3382.0,1747.0,1708.0,1742.0,1747.0,1747.0,1196.0,512.0,1229.0,518.0
0.0,3377.0,1738.0,1709.0,1747.0,1741.0,1741.0,1197.0,512.0,1221.0,517.0
0.0,3386.0,1749.0,1710.0,1741.0,1752.0,1752.0,1197.0,513.0,1225.0,524.0
0.0,3378.0,1744.0,1711.0,1752.0,1747.0,1747.0,1198.0,513.0,1224.0,520.0
0.0,3386.0,1740.0,1711.0,1747.0,1740.0,1740.0,1198.0,513.0,1216.0,524.0
0.0,3393.0,1744.0,1712.0,1740.0,1747.0,1747.0,1199.0,513.0,1220.0,524.0
0.0,3389.0,1741.0,1713.0,1747.0,1744.0,1744.0,1199.0,514.0,1216.0,525.0
0.0,3395.0,1754.0,1714.0,1744.0,1757.0,1757.0,1200.0,514.0,1226.0,528.0
0.0,3385.0,1744.0,1714.0,1757.0,1744.0,1744.0,1200.0,514.0,1219.0,525.0
0.0,3398.0,1754.0,1715.0,1744.0,1757.0,1757.0,1201.0,514.0,1225.0,529.0
0.0,3388.0,1749.0,1715.0,1757.0,1749.0,1749.0,1201.0,514.0,1224.0,525.0
0.0,3396.0,1736.0,1717.0,1749.0,1742.0,1742.0,1202.0,515.0,1213.0,523.0
0.0,3409.0,1735.0,1717.0,1742.0,1735.0,1735.0,1202.0,515.0,1211.0,524.0
0.0,3416.0,1731.0,1717.0,1735.0,1731.0,1731.0,1202.0,515.0,1210.0,521.0
0.0,3420.0,1741.0,1718.0,1731.0,1744.0,1744.0,1203.0,515.0,1219.0,522.0
0.0,3410.0,1743.0,1718.0,1744.0,1743.0,1743.0,1203.0,515.0,1216.0,527.0
0.0,3411.0,1726.0,1719.0,1743.0,1729.0,1729.0,1204.0,515.0,1208.0,518.0
0.0,3428.0,1739.0,1720.0,1729.0,1742.0,1742.0,1204.0,516.0,1214.0,525.0
0.0,3418.0,1750.0,1721.0,1742.0,1753.0,1753.0,1205.0,516.0,1226.0,524.0
0.0,3410.0,1749.0,1721.0,1753.0,1749.0,1749.0,1205.0,516.0,1226.0,523.0
0.0,3414.0,1738.0,1722.0,1749.0,1741.0,1741.0,1206.0,516.0,1214.0,524.0
0.0,3425.0,1743.0,1723.0,1741.0,1746.0,1746.0,1206.0,517.0,1221.0,522.0
0.0,3423.0,1743.0,1723.0,1746.0,1743.0,1743.0,1206.0,517.0,1220.0,523.0
0.0,3426.0,1731.0,1724.0,1743.0,1734.0,1734.0,1207.0,517.0,1211.0,520.0
0.0,3438.0,1745.0,1724.0,1734.0,1745.0,1745.0,1207.0,517.0,1218.0,527.0
0.0,3427.0,1739.0,1726.0,1745.0,1745.0,1745.0,1208.0,518.0,1216.0,523.0
0.0,3433.0,1741.0,1726.0,1745.0,1741.0,1741.0,1208.0,518.0,1222.0,519.0
0.0,3437.0,1735.0,1726.0,1741.0,1735.0,1735.0,1208.0,518.0,1215.0,520.0
0.0,3443.0,1733.0,1727.0,1735.0,1736.0,1736.0,1209.0,518.0,1210.0,523.0
0.0,3445.0,1742.0,1727.0,1736.0,1742.0,1742.0,1209.0,518.0,1221.0,521.0
0.0,3439.0,1733.0,1729.0,1742.0,1739.0,1739.0,1210.0,519.0,1213.0,520.0
0.0,3448.0,1732.0,1729.0,1739.0,1732.0,1732.0,1210.0,519.0,1212.0,520.0
0.0,3455.0,1728.0,1730.0,1732.0,1731.0,1731.0,1211.0,519.0,1208.0,520.0
0.0,3459.0,1740.0,1730.0,1731.0,1740.0,1740.0,1211.0,519.0,1215.0,525.0
0.0,3450.0,1737.0,1732.0,1740.0,1743.0,1743.0,1212.0,520.0,1219.0,518.0
0.0,3453.0,1734.0,1732.0,1743.0,1734.0,1734.0,1212.0,520.0,1215.0,519.0
0.0,3462.0,1741.0,1733.0,1734.0,1744.0,1744.0,1213.0,520.0,1220.0,521.0
0.0,3455.0,1726.0,1733.0,1744.0,1726.0,1726.0,1213.0,520.0,1203.0,523.0
0.0,3473.0,1732.0,1734.0,1726.0,1735.0,1735.0,1214.0,520.0,1209.0,523.0
0.0,3467.0,1736.0,1735.0,1735.0,1739.0,1739.0,1214.0,521.0,1211.0,525.0
0.0,3466.0,1731.0,1736.0,1739.0,1734.0,1734.0,1215.0,521.0,1214.0,517.0
0.0,3474.0,1742.0,1736.0,1734.0,1742.0,1742.0,1215.0,521.0,1223.0,519.0
0.0,3466.0,1741.0,1737.0,1742.0,1744.0,1744.0,1216.0,521.0,1216.0,525.0
0.0,3467.0,1739.0,1737.0,1744.0,1739.0,1739.0,1216.0,521.0,1215.0,524.0
0.0,3472.0,1751.0,1738.0,1739.0,1754.0,1754.0,1216.0,522.0,1230.0,521.0
0.0,3460.0,1746.0,1739.0,1754.0,1749.0,1749.0,1217.0,522.0,1222.0,524.0
0.0,3468.0,1756.0,1739.0,1749.0,1756.0,1756.0,1217.0,522.0,1232.0,524.0
0.0,3461.0,1756.0,1740.0,1756.0,1759.0,1759.0,1218.0,522.0,1228.0,528.0
0.0,3461.0,1763.0,1740.0,1759.0,1763.0,1763.0,1218.0,522.0,1238.0,525.0
0.0,3457.0,1761.0,1742.0,1763.0,1767.0,1767.0,1219.0,523.0,1234.0,527.0
0.0,3459.0,1773.0,1742.0,1767.0,1773.0,1773.0,1219.0,523.0,1244.0,529.0
0.0,3453.0,1769.0,1743.0,1773.0,1772.0,1772.0,1220.0,523.0,1242.0,527.0
0.0,3457.0,1779.0,1743.0,1772.0,1779.0,1779.0,1220.0,523.0,1254.0,525.0
0.0,3450.0,1775.0,1743.0,1779.0,1775.0,1775.0,1220.0,523.0,1242.0,533.0
0.0,3454.0,1766.0,1744.0,1775.0,1769.0,1769.0,1221.0,523.0,1239.0,527.0
0.0,3463.0,1777.0,1745.0,1769.0,1780.0,1780.0,1221.0,524.0,1242.0,535.0
0.0,3455.0,1771.0,1746.0,1780.0,1774.0,1774.0,1222.0,524.0,1241.0,530.0
0.0,3464.0,1779.0,1746.0,1774.0,1779.0,1779.0,1222.0,524.0,1249.0,530.0
0.0,3459.0,1771.0,1747.0,1779.0,1774.0,1774.0,1223.0,524.0,1240.0,531.0
0.0,3467.0,1788.0,1747.0,1774.0,1788.0,1788.0,1223.0,524.0,1253.0,535.0
0.0,3453.0,1774.0,1748.0,1788.0,1777.0,1777.0,1224.0,524.0,1243.0,531.0
0.0,3467.0,1772.0,1748.0,1777.0,1772.0,1772.0,1224.0,524.0,1237.0,535.0
0.0,3472.0,1773.0,1749.0,1772.0,1776.0,1776.0,1224.0,525.0,1242.0,531.0
0.0,3471.0,1770.0,1750.0,1776.0,1773.0,1773.0,1225.0,525.0,1237.0,533.0
0.0,3477.0,1779.0,1750.0,1773.0,1779.0,1779.0,1225.0,525.0,1243.0,536.0
0.0,3471.0,1772.0,1751.0,1779.0,1775.0,1775.0,1226.0,525.0,1235.0,537.0
0.0,3478.0,1784.0,1752.0,1775.0,1787.0,1787.0,1226.0,526.0,1247.0,537.0
0.0,3469.0,1773.0,1753.0,1787.0,1776.0,1776.0,1227.0,526.0,1237.0,536.0
0.0,3483.0,1776.0,1753.0,1776.0,1776.0,1776.0,1227.0,526.0,1241.0,535.0
0.0,3483.0,1776.0,1754.0,1776.0,1779.0,1779.0,1228.0,526.0,1243.0,533.0
0.0,3483.0,1772.0,1754.0,1779.0,1772.0,1772.0,1228.0,526.0,1239.0,533.0
0.0,3490.0,1774.0,1755.0,1772.0,1777.0,1777.0,1228.0,527.0,1240.0,534.0
0.0,3488.0,1784.0,1756.0,1777.0,1787.0,1787.0,1229.0,527.0,1251.0,533.0
0.0,3481.0,1776.0,1757.0,1787.0,1779.0,1779.0,1230.0,527.0,1243.0,533.0
0.0,3492.0,1781.0,1757.0,1779.0,1781.0,1781.0,1230.0,527.0,1245.0,536.0
0.0,3490.0,1774.0,1759.0,1781.0,1780.0,1780.0,1231.0,528.0,1239.0,535.0
0.0,3497.0,1771.0,1759.0,1780.0,1771.0,1771.0,1231.0,528.0,1240.0,531.0
0.0,3506.0,1780.0,1760.0,1771.0,1783.0,1783.0,1232.0,528.0,1249.0,531.0
0.0,3497.0,1777.0,1760.0,1783.0,1777.0,1777.0,1232.0,528.0,1244.0,533.0
0.0,3503.0,1782.0,1761.0,1777.0,1785.0,1785.0,1233.0,528.0,1250.0,532.0
0.0,3498.0,1771.0,1761.0,1785.0,1771.0,1771.0,1233.0,528.0,1241.0,530.0
0.0,3512.0,1778.0,1763.0,1771.0,1784.0,1784.0,1234.0,529.0,1246.0,532.0
0.0,3505.0,1775.0,1763.0,1784.0,1775.0,1775.0,1234.0,529.0,1242.0,533.0
0.0,3514.0,1770.0,1764.0,1775.0,1773.0,1773.0,1235.0,529.0,1241.0,529.0
0.0,3519.0,1783.0,1765.0,1773.0,1786.0,1786.0,1236.0,529.0,1246.0,537.0
0.0,3509.0,1771.0,1765.0,1786.0,1771.0,1771.0,1236.0,529.0,1242.0,529.0
0.0,3524.0,1768.0,1767.0,1771.0,1774.0,1774.0,1237.0,530.0,1240.0,528.0
0.0,3527.0,1764.0,1767.0,1774.0,1764.0,1764.0,1237.0,530.0,1230.0,534.0
0.0,3537.0,1774.0,1767.0,1764.0,1774.0,1774.0,1237.0,530.0,1238.0,536.0
0.0,3527.0,1779.0,1768.0,1774.0,1782.0,1782.0,1238.0,530.0,1249.0,530.0
0.0,3522.0,1768.0,1769.0,1782.0,1771.0,1771.0,1239.0,530.0,1236.0,532.0
0.0,3536.0,1773.0,1770.0,1771.0,1776.0,1776.0,1239.0,531.0,1243.0,530.0
0.0,3534.0,1774.0,1771.0,1776.0,1777.0,1777.0,1240.0,531.0,1239.0,535.0
0.0,3536.0,1776.0,1771.0,1777.0,1776.0,1776.0,1240.0,531.0,1241.0,535.0
0.0,3537.0,1768.0,1771.0,1776.0,1768.0,1768.0,1240.0,531.0,1236.0,532.0
0.0,3545.0,1775.0,1773.0,1768.0,1781.0,1781.0,1241.0,532.0,1240.0,535.0
0.0,3538.0,1794.0,1773.0,1781.0,1794.0,1794.0,1241.0,532.0,1258.0,536.0
0.0,3525.0,1788.0,1774.0,1794.0,1791.0,1791.0,1242.0,532.0,1249.0,539.0
0.0,3531.0,1783.0,1774.0,1791.0,1783.0,1783.0,1242.0,532.0,1250.0,533.0
0.0,3539.0,1787.0,1775.0,1783.0,1790.0,1790.0,1243.0,532.0,1251.0,536.0
0.0,3535.0,1799.0,1776.0,1790.0,1802.0,1802.0,1243.0,533.0,1264.0,535.0
0.0,3526.0,1792.0,1777.0,1802.0,1795.0,1795.0,1244.0,533.0,1256.0,536.0
0.0,3536.0,1799.0,1777.0,1795.0,1799.0,1799.0,1244.0,533.0,1262.0,537.0
0.0,3532.0,1800.0,1777.0,1799.0,1800.0,1800.0,1244.0,533.0,1259.0,541.0
0.0,3531.0,1800.0,1778.0,1800.0,1803.0,1803.0,1244.0,534.0,1260.0,540.0
0.0,3531.0,1817.0,1779.0,1803.0,1820.0,1820.0,1245.0,534.0,1277.0,540.0
0.0,3517.0,1807.0,1780.0,1820.0,1810.0,1810.0,1246.0,534.0,1267.0,540.0
0.0,3530.0,1815.0,1780.0,1810.0,1815.0,1815.0,1246.0,534.0,1269.0,546.0
0.0,3525.0,1805.0,1781.0,1815.0,1808.0,1808.0,1247.0,534.0,1266.0,539.0
0.0,3535.0,1815.0,1782.0,1808.0,1818.0,1818.0,1247.0,535.0,1274.0,541.0
0.0,3528.0,1808.0,1783.0,1818.0,1811.0,1811.0,1248.0,535.0,1268.0,540.0
0.0,3538.0,1814.0,1783.0,1811.0,1814.0,1814.0,1248.0,535.0,1271.0,543.0
0.0,3535.0,1807.0,1783.0,1814.0,1807.0,1807.0,1248.0,535.0,1267.0,540.0
0.0,3542.0,1811.0,1784.0,1807.0,1814.0,1814.0,1249.0,535.0,1267.0,544.0
0.0,3538.0,1800.0,1784.0,1814.0,1800.0,1800.0,1249.0,535.0,1263.0,537.0
0.0,3552.0,1801.0,1786.0,1800.0,1807.0,1807.0,1250.0,536.0,1257.0,544.0
0.0,3551.0,1807.0,1786.0,1807.0,1807.0,1807.0,1250.0,536.0,1265.0,542.0
0.0,3551.0,1820.0,1787.0,1807.0,1823.0,1823.0,1251.0,536.0,1276.0,544.0
0.0,3538.0,1802.0,1787.0,1823.0,1802.0,1802.0,1251.0,536.0,1258.0,544.0
0.0,3559.0,1811.0,1788.0,1802.0,1814.0,1814.0,1252.0,536.0,1263.0,548.0
0.0,3550.0,1814.0,1788.0,1814.0,1814.0,1814.0,1252.0,536.0,1268.0,546.0
0.0,3550.0,1814.0,1790.0,1814.0,1820.0,1820.0,1253.0,537.0,1269.0,545.0
0.0,3550.0,1821.0,1791.0,1820.0,1824.0,1824.0,1254.0,537.0,1278.0,543.0
0.0,3549.0,1804.0,1791.0,1824.0,1804.0,1804.0,1254.0,537.0,1262.0,542.0
0.0,3569.0,1813.0,1791.0,1804.0,1813.0,1813.0,1254.0,537.0,1264.0,549.0
0.0,3560.0,1814.0,1792.0,1813.0,1817.0,1817.0,1255.0,537.0,1270.0,544.0
0.0,3559.0,1813.0,1793.0,1817.0,1816.0,1816.0,1255.0,538.0,1269.0,544.0
0.0,3563.0,1819.0,1794.0,1816.0,1822.0,1822.0,1256.0,538.0,1275.0,544.0
0.0,3560.0,1813.0,1794.0,1822.0,1813.0,1813.0,1256.0,538.0,1272.0,541.0
0.0,3569.0,1810.0,1795.0,1813.0,1813.0,1813.0,1257.0,538.0,1263.0,547.0
0.0,3572.0,1810.0,1795.0,1813.0,1810.0,1810.0,1257.0,538.0,1268.0,542.0
0.0,3575.0,1806.0,1797.0,1810.0,1812.0,1812.0,1258.0,539.0,1268.0,538.0
0.0,3579.0,1812.0,1797.0,1812.0,1812.0,1812.0,1258.0,539.0,1270.0,542.0
0.0,3579.0,1805.0,1797.0,1812.0,1805.0,1805.0,1258.0,539.0,1260.0,545.0
0.0,3586.0,1804.0,1798.0,1805.0,1807.0,1807.0,1259.0,539.0,1255.0,549.0
0.0,3587.0,1803.0,1799.0,1807.0,1806.0,1806.0,1259.0,540.0,1259.0,544.0
0.0,3591.0,1806.0,1799.0,1806.0,1806.0,1806.0,1259.0,540.0,1265.0,541.0
0.0,3591.0,1802.0,1800.0,1806.0,1805.0,1805.0,1260.0,540.0,1261.0,541.0
0.0,3595.0,1801.0,1800.0,1805.0,1801.0,1801.0,1260.0,540.0,1256.0,545.0
0.0,3599.0,1800.0,1801.0,1801.0,1803.0,1803.0,1261.0,540.0,1258.0,542.0
0.0,3600.0,1800.0,1802.0,1803.0,1803.0,1803.0,1261.0,541.0,1255.0,545.0
0.0,3603.0,1802.0,1802.0,1803.0,1802.0,1802.0,1261.0,541.0,1260.0,542.0
0.0,3604.0,1800.0,1803.0,1802.0,1803.0,1803.0,1262.0,541.0,1258.0,542.0
0.0,3606.0,1807.0,1803.0,1803.0,1807.0,1807.0,1262.0,541.0,1263.0,544.0
0.0,3602.0,1807.0,1804.0,1807.0,1810.0,1810.0,1262.0,542.0,1263.0,544.0
0.0,3602.0,1811.0,1805.0,1810.0,1814.0,1814.0,1263.0,542.0,1269.0,542.0
0.0,3601.0,1810.0,1806.0,1814.0,1813.0,1813.0,1264.0,542.0,1267.0,543.0
0.0,3605.0,1820.0,1806.0,1813.0,1820.0,1820.0,1264.0,542.0,1278.0,542.0
0.0,3598.0,1832.0,1807.0,1820.0,1835.0,1835.0,1265.0,542.0,1282.0,550.0
0.0,3586.0,1824.0,1807.0,1835.0,1824.0,1824.0,1265.0,542.0,1281.0,543.0
0.0,3597.0,1822.0,1809.0,1824.0,1828.0,1828.0,1266.0,543.0,1276.0,546.0
0.0,3599.0,1829.0,1809.0,1828.0,1829.0,1829.0,1266.0,543.0,1286.0,543.0
0.0,3598.0,1829.0,1810.0,1829.0,1832.0,1832.0,1267.0,543.0,1279.0,550.0
0.0,3598.0,1832.0,1810.0,1832.0,1832.0,1832.0,1267.0,543.0,1283.0,549.0
0.0,3598.0,1827.0,1811.0,1832.0,1830.0,1830.0,1268.0,543.0,1282.0,545.0
0.0,3603.0,1839.0,1812.0,1830.0,1842.0,1842.0,1268.0,544.0,1292.0,547.0
0.0,3594.0,1846.0,1813.0,1842.0,1849.0,1849.0,1269.0,544.0,1298.0,548.0
0.0,3590.0,1855.0,1814.0,1849.0,1858.0,1858.0,1270.0,544.0,1301.0,554.0
0.0,3584.0,1851.0,1814.0,1858.0,1851.0,1851.0,1270.0,544.0,1300.0,551.0
0.0,3591.0,1848.0,1815.0,1851.0,1851.0,1851.0,1271.0,544.0,1295.0,553.0
0.0,3594.0,1843.0,1816.0,1851.0,1846.0,1846.0,1271.0,545.0,1292.0,551.0
0.0,3602.0,1844.0,1817.0,1846.0,1847.0,1847.0,1272.0,545.0,1293.0,551.0
0.0,3604.0,1849.0,1817.0,1847.0,1849.0,1849.0,1272.0,545.0,1297.0,552.0
0.0,3602.0,1848.0,1817.0,1849.0,1848.0,1848.0,1272.0,545.0,1291.0,557.0
0.0,3603.0,1855.0,1818.0,1848.0,1858.0,1858.0,1273.0,545.0,1302.0,553.0
0.0,3596.0,1836.0,1820.0,1858.0,1842.0,1842.0,1274.0,546.0,1287.0,549.0
0.0,3618.0,1842.0,1820.0,1842.0,1842.0,1842.0,1274.0,546.0,1289.0,553.0
0.0,3618.0,1841.0,1821.0,1842.0,1844.0,1844.0,1275.0,546.0,1290.0,551.0
0.0,3619.0,1858.0,1821.0,1844.0,1858.0,1858.0,1275.0,546.0,1300.0,558.0
0.0,3605.0,1831.0,1821.0,1858.0,1831.0,1831.0,1275.0,546.0,1280.0,551.0
0.0,3632.0,1838.0,1823.0,1831.0,1844.0,1844.0,1276.0,547.0,1284.0,554.0
0.0,3625.0,1849.0,1824.0,1844.0,1852.0,1852.0,1277.0,547.0,1296.0,553.0
0.0,3620.0,1836.0,1824.0,1852.0,1836.0,1836.0,1277.0,547.0,1284.0,552.0
0.0,3636.0,1852.0,1824.0,1836.0,1852.0,1852.0,1277.0,547.0,1300.0,552.0
0.0,3620.0,1842.0,1825.0,1852.0,1845.0,1845.0,1278.0,547.0,1284.0,558.0
0.0,3630.0,1847.0,1825.0,1845.0,1847.0,1847.0,1278.0,547.0,1296.0,551.0
0.0,3628.0,1843.0,1827.0,1847.0,1849.0,1849.0,1279.0,548.0,1288.0,555.0
0.0,3632.0,1849.0,1827.0,1849.0,1849.0,1849.0,1279.0,548.0,1294.0,555.0
0.0,3632.0,1837.0,1827.0,1849.0,1837.0,1837.0,1279.0,548.0,1285.0,552.0
0.0,3644.0,1839.0,1828.0,1837.0,1842.0,1842.0,1280.0,548.0,1283.0,556.0
0.0,3642.0,1850.0,1828.0,1842.0,1850.0,1850.0,1280.0,548.0,1297.0,553.0
0.0,3634.0,1839.0,1829.0,1850.0,1842.0,1842.0,1281.0,548.0,1288.0,551.0
0.0,3645.0,1839.0,1830.0,1842.0,1842.0,1842.0,1281.0,549.0,1289.0,550.0
0.0,3648.0,1838.0,1830.0,1842.0,1838.0,1838.0,1281.0,549.0,1285.0,553.0
0.0,3652.0,1840.0,1831.0,1838.0,1843.0,1843.0,1282.0,549.0,1285.0,555.0
0.0,3650.0,1851.0,1831.0,1843.0,1851.0,1851.0,1282.0,549.0,1298.0,553.0
0.0,3642.0,1839.0,1832.0,1851.0,1842.0,1842.0,1283.0,549.0,1284.0,555.0
0.0,3654.0,1839.0,1833.0,1842.0,1842.0,1842.0,1283.0,550.0,1288.0,551.0
0.0,3657.0,1850.0,1834.0,1842.0,1853.0,1853.0,1284.0,550.0,1298.0,552.0
0.0,3649.0,1836.0,1834.0,1853.0,1836.0,1836.0,1284.0,550.0,1284.0,552.0
0.0,3666.0,1844.0,1835.0,1836.0,1847.0,1847.0,1285.0,550.0,1288.0,556.0
0.0,3658.0,1842.0,1836.0,1847.0,1845.0,1845.0,1286.0,550.0,1287.0,555.0
0.0,3663.0,1843.0,1837.0,1845.0,1846.0,1846.0,1286.0,551.0,1287.0,556.0
0.0,3665.0,1837.0,1838.0,1846.0,1840.0,1840.0,1287.0,551.0,1282.0,555.0
0.0,3674.0,1850.0,1838.0,1840.0,1850.0,1850.0,1287.0,551.0,1294.0,556.0
0.0,3664.0,1844.0,1839.0,1850.0,1847.0,1847.0,1288.0,551.0,1288.0,556.0
0.0,3670.0,1845.0,1840.0,1847.0,1848.0,1848.0,1288.0,552.0,1288.0,557.0
0.0,3672.0,1844.0,1841.0,1848.0,1847.0,1847.0,1289.0,552.0,1283.0,561.0
0.0,3676.0,1850.0,1841.0,1847.0,1850.0,1850.0,1289.0,552.0,1289.0,561.0
0.0,3673.0,1846.0,1842.0,1850.0,1849.0,1849.0,1289.0,553.0,1289.0,557.0
0.0,3677.0,1844.0,1842.0,1849.0,1844.0,1844.0,1289.0,553.0,1286.0,558.0
0.0,3682.0,1864.0,1843.0,1844.0,1867.0,1867.0,1290.0,553.0,1303.0,561.0
0.0,3662.0,1862.0,1843.0,1867.0,1862.0,1862.0,1290.0,553.0,1304.0,558.0
0.0,3667.0,1862.0,1845.0,1862.0,1868.0,1868.0,1291.0,554.0,1306.0,556.0
0.0,3667.0,1861.0,1845.0,1868.0,1861.0,1861.0,1291.0,554.0,1303.0,558.0
0.0,3674.0,1862.0,1846.0,1861.0,1865.0,1865.0,1292.0,554.0,1306.0,556.0
0.0,3673.0,1873.0,1846.0,1865.0,1873.0,1873.0,1292.0,554.0,1312.0,561.0
0.0,3665.0,1873.0,1847.0,1873.0,1876.0,1876.0,1293.0,554.0,1313.0,560.0
0.0,3665.0,1874.0,1848.0,1876.0,1877.0,1877.0,1293.0,555.0,1316.0,558.0
0.0,3667.0,1871.0,1848.0,1877.0,1871.0,1871.0,1293.0,555.0,1310.0,561.0
0.0,3673.0,1882.0,1848.0,1871.0,1882.0,1882.0,1293.0,555.0,1321.0,561.0
0.0,3662.0,1885.0,1849.0,1882.0,1888.0,1888.0,1294.0,555.0,1323.0,562.0
0.0,3659.0,1879.0,1849.0,1888.0,1879.0,1879.0,1294.0,555.0,1317.0,562.0
0.0,3668.0,1885.0,1851.0,1879.0,1891.0,1891.0,1295.0,556.0,1324.0,561.0
0.0,3662.0,1883.0,1852.0,1891.0,1886.0,1886.0,1296.0,556.0,1322.0,561.0
0.0,3670.0,1890.0,1852.0,1886.0,1890.0,1890.0,1296.0,556.0,1325.0,565.0
0.0,3666.0,1882.0,1852.0,1890.0,1882.0,1882.0,1296.0,556.0,1316.0,566.0
0.0,3674.0,1878.0,1853.0,1882.0,1881.0,1881.0,1297.0,556.0,1316.0,562.0
0.0,3678.0,1873.0,1855.0,1881.0,1879.0,1879.0,1298.0,557.0,1312.0,561.0
0.0,3686.0,1880.0,1855.0,1879.0,1880.0,1880.0,1298.0,557.0,1320.0,560.0
0.0,3685.0,1869.0,1855.0,1880.0,1869.0,1869.0,1298.0,557.0,1309.0,560.0
0.0,3696.0,1869.0,1856.0,1869.0,1872.0,1872.0,1299.0,557.0,1308.0,561.0
0.0,3696.0,1884.0,1856.0,1872.0,1884.0,1884.0,1299.0,557.0,1317.0,567.0
0.0,3684.0,1877.0,1857.0,1884.0,1880.0,1880.0,1300.0,557.0,1314.0,563.0
0.0,3691.0,1880.0,1858.0,1880.0,1883.0,1883.0,1300.0,558.0,1317.0,563.0
0.0,3691.0,1872.0,1859.0,1883.0,1875.0,1875.0,1301.0,558.0,1308.0,564.0
0.0,3702.0,1876.0,1859.0,1875.0,1876.0,1876.0,1301.0,558.0,1316.0,560.0
0.0,3701.0,1883.0,1860.0,1876.0,1886.0,1886.0,1302.0,558.0,1317.0,566.0
0.0,3694.0,1874.0,1860.0,1886.0,1874.0,1874.0,1302.0,558.0,1314.0,560.0
0.0,3706.0,1872.0,1860.0,1874.0,1872.0,1872.0,1302.0,558.0,1312.0,560.0
0.0,3708.0,1875.0,1861.0,1872.0,1878.0,1878.0,1303.0,558.0,1316.0,559.0
0.0,3705.0,1884.0,1863.0,1878.0,1890.0,1890.0,1304.0,559.0,1321.0,563.0
0.0,3699.0,1882.0,1863.0,1890.0,1882.0,1882.0,1304.0,559.0,1321.0,561.0
0.0,3707.0,1870.0,1864.0,1882.0,1873.0,1873.0,1305.0,559.0,1309.0,561.0
0.0,3719.0,1873.0,1864.0,1873.0,1873.0,1873.0,1305.0,559.0,1311.0,562.0
0.0,3719.0,1877.0,1865.0,1873.0,1880.0,1880.0,1306.0,559.0,1317.0,560.0
0.0,3715.0,1877.0,1865.0,1880.0,1877.0,1877.0,1306.0,559.0,1316.0,561.0
0.0,3718.0,1877.0,1867.0,1877.0,1883.0,1883.0,1307.0,560.0,1315.0,562.0
0.0,3718.0,1880.0,1867.0,1883.0,1880.0,1880.0,1307.0,560.0,1317.0,563.0
0.0,3721.0,1877.0,1868.0,1880.0,1880.0,1880.0,1308.0,560.0,1316.0,561.0
0.0,3724.0,1873.0,1868.0,1880.0,1873.0,1873.0,1308.0,560.0,1307.0,566.0
0.0,3731.0,1873.0,1868.0,1873.0,1873.0,1873.0,1308.0,560.0,1308.0,565.0
0.0,3731.0,1879.0,1870.0,1873.0,1885.0,1885.0,1309.0,561.0,1314.0,565.0
0.0,3725.0,1876.0,1870.0,1885.0,1876.0,1876.0,1309.0,561.0,1310.0,566.0
0.0,3734.0,1867.0,1871.0,1876.0,1870.0,1870.0,1310.0,561.0,1305.0,562.0
0.0,3743.0,1877.0,1871.0,1870.0,1877.0,1877.0,1310.0,561.0,1310.0,567.0
0.0,3736.0,1871.0,1871.0,1877.0,1871.0,1871.0,1310.0,561.0,1308.0,563.0
0.0,3742.0,1874.0,1872.0,1871.0,1877.0,1877.0,1311.0,561.0,1314.0,560.0
0.0,3739.0,1879.0,1874.0,1877.0,1885.0,1885.0,1312.0,562.0,1315.0,564.0
0.0,3737.0,1883.0,1874.0,1885.0,1883.0,1883.0,1312.0,562.0,1316.0,567.0
0.0,3739.0,1879.0,1875.0,1883.0,1882.0,1882.0,1313.0,562.0,1315.0,564.0
0.0,3743.0,1878.0,1875.0,1882.0,1878.0,1878.0,1313.0,562.0,1311.0,567.0
0.0,3747.0,1886.0,1876.0,1878.0,1889.0,1889.0,1314.0,562.0,1315.0,571.0
0.0,3739.0,1900.0,1876.0,1889.0,1900.0,1900.0,1314.0,562.0,1334.0,566.0
0.0,3728.0,1887.0,1876.0,1900.0,1887.0,1887.0,1314.0,562.0,1318.0,569.0
0.0,3741.0,1905.0,1878.0,1887.0,1911.0,1911.0,1315.0,563.0,1337.0,568.0
0.0,3723.0,1897.0,1879.0,1911.0,1900.0,1900.0,1316.0,563.0,1329.0,568.0
0.0,3737.0,1904.0,1879.0,1900.0,1904.0,1904.0,1316.0,563.0,1327.0,577.0
0.0,3733.0,1909.0,1880.0,1904.0,1912.0,1912.0,1317.0,563.0,1341.0,568.0
0.0,3728.0,1919.0,1881.0,1912.0,1922.0,1922.0,1317.0,564.0,1345.0,574.0
0.0,3721.0,1906.0,1882.0,1922.0,1909.0,1909.0,1318.0,564.0,1336.0,570.0
0.0,3737.0,1925.0,1882.0,1909.0,1925.0,1925.0,1318.0,564.0,1346.0,579.0
0.0,3721.0,1912.0,1884.0,1925.0,1918.0,1918.0,1319.0,565.0,1339.0,573.0
0.0,3734.0,1914.0,1884.0,1918.0,1914.0,1914.0,1319.0,565.0,1344.0,570.0
0.0,3738.0,1916.0,1884.0,1914.0,1916.0,1916.0,1319.0,565.0,1342.0,574.0
0.0,3736.0,1917.0,1885.0,1916.0,1920.0,1920.0,1320.0,565.0,1340.0,577.0
0.0,3735.0,1918.0,1885.0,1920.0,1918.0,1918.0,1320.0,565.0,1346.0,572.0
0.0,3737.0,1915.0,1887.0,1918.0,1921.0,1921.0,1321.0,566.0,1342.0,573.0
0.0,3740.0,1910.0,1887.0,1921.0,1910.0,1910.0,1321.0,566.0,1340.0,570.0
0.0,3751.0,1910.0,1887.0,1910.0,1910.0,1910.0,1321.0,566.0,1340.0,570.0
0.0,3751.0,1918.0,1888.0,1910.0,1921.0,1921.0,1322.0,566.0,1339.0,579.0
0.0,3743.0,1913.0,1888.0,1921.0,1913.0,1913.0,1322.0,566.0,1338.0,575.0
0.0,3751.0,1909.0,1890.0,1913.0,1915.0,1915.0,1323.0,567.0,1334.0,575.0
0.0,3755.0,1910.0,1890.0,1915.0,1910.0,1910.0,1323.0,567.0,1340.0,570.0
0.0,3760.0,1924.0,1891.0,1910.0,1927.0,1927.0,1324.0,567.0,1346.0,578.0
0.0,3746.0,1906.0,1891.0,1927.0,1906.0,1906.0,1324.0,567.0,1333.0,573.0
0.0,3767.0,1905.0,1893.0,1906.0,1911.0,1911.0,1325.0,568.0,1329.0,576.0
0.0,3768.0,1920.0,1893.0,1911.0,1920.0,1920.0,1325.0,568.0,1346.0,574.0
0.0,3759.0,1917.0,1894.0,1920.0,1920.0,1920.0,1326.0,568.0,1338.0,579.0
0.0,3762.0,1907.0,1894.0,1920.0,1907.0,1907.0,1326.0,568.0,1337.0,570.0
0.0,3775.0,1905.0,1895.0,1907.0,1908.0,1908.0,1327.0,568.0,1336.0,569.0
0.0,3777.0,1908.0,1896.0,1908.0,1911.0,1911.0,1327.0,569.0,1337.0,571.0
0.0,3777.0,1914.0,1897.0,1911.0,1917.0,1917.0,1328.0,569.0,1342.0,572.0
0.0,3774.0,1915.0,1897.0,1917.0,1915.0,1915.0,1328.0,569.0,1345.0,570.0
0.0,3776.0,1916.0,1897.0,1915.0,1916.0,1916.0,1328.0,569.0,1342.0,574.0
0.0,3775.0,1912.0,1898.0,1916.0,1915.0,1915.0,1329.0,569.0,1343.0,569.0
0.0,3779.0,1901.0,1899.0,1915.0,1904.0,1904.0,1329.0,570.0,1330.0,571.0
0.0,3793.0,1902.0,1900.0,1904.0,1905.0,1905.0,1330.0,570.0,1333.0,569.0
0.0,3795.0,1915.0,1900.0,1905.0,1915.0,1915.0,1330.0,570.0,1342.0,573.0
0.0,3785.0,1904.0,1900.0,1915.0,1904.0,1904.0,1330.0,570.0,1326.0,578.0
0.0,3796.0,1908.0,1901.0,1904.0,1911.0,1911.0,1331.0,570.0,1336.0,572.0
0.0,3792.0,1903.0,1902.0,1911.0,1906.0,1906.0,1331.0,571.0,1334.0,569.0
0.0,3800.0,1908.0,1903.0,1906.0,1911.0,1911.0,1332.0,571.0,1338.0,570.0
0.0,3798.0,1909.0,1903.0,1911.0,1909.0,1909.0,1332.0,571.0,1337.0,572.0
0.0,3800.0,1910.0,1904.0,1909.0,1913.0,1913.0,1333.0,571.0,1339.0,571.0
0.0,3799.0,1916.0,1904.0,1913.0,1916.0,1916.0,1333.0,571.0,1338.0,578.0
0.0,3796.0,1910.0,1905.0,1916.0,1913.0,1913.0,1334.0,571.0,1334.0,576.0
0.0,3802.0,1909.0,1906.0,1913.0,1912.0,1912.0,1334.0,572.0,1333.0,576.0
0.0,3806.0,1916.0,1907.0,1912.0,1919.0,1919.0,1335.0,572.0,1340.0,576.0
0.0,3802.0,1923.0,1908.0,1919.0,1926.0,1926.0,1336.0,572.0,1346.0,577.0
0.0,3798.0,1906.0,1908.0,1926.0,1906.0,1906.0,1336.0,572.0,1329.0,577.0
0.0,3818.0,1913.0,1909.0,1906.0,1916.0,1916.0,1336.0,573.0,1337.0,576.0
0.0,3811.0,1927.0,1910.0,1916.0,1930.0,1930.0,1337.0,573.0,1347.0,580.0
0.0,3800.0,1926.0,1911.0,1930.0,1929.0,1929.0,1338.0,573.0,1347.0,579.0
0.0,3804.0,1929.0,1911.0,1929.0,1929.0,1929.0,1338.0,573.0,1346.0,583.0
0.0,3804.0,1932.0,1912.0,1929.0,1935.0,1935.0,1338.0,574.0,1350.0,582.0
0.0,3801.0,1934.0,1913.0,1935.0,1937.0,1937.0,1339.0,574.0,1354.0,580.0
0.0,3802.0,1935.0,1913.0,1937.0,1935.0,1935.0,1339.0,574.0,1349.0,586.0
0.0,3804.0,1930.0,1914.0,1935.0,1933.0,1933.0,1340.0,574.0,1352.0,578.0
0.0,3809.0,1947.0,1916.0,1933.0,1953.0,1953.0,1341.0,575.0,1364.0,583.0
0.0,3795.0,1944.0,1916.0,1953.0,1944.0,1944.0,1341.0,575.0,1363.0,581.0
0.0,3804.0,1949.0,1916.0,1944.0,1949.0,1949.0,1341.0,575.0,1366.0,583.0
0.0,3799.0,1955.0,1917.0,1949.0,1958.0,1958.0,1342.0,575.0,1368.0,587.0
0.0,3793.0,1941.0,1917.0,1958.0,1941.0,1941.0,1342.0,575.0,1361.0,580.0
0.0,3810.0,1956.0,1919.0,1941.0,1962.0,1962.0,1343.0,576.0,1371.0,585.0
0.0,3795.0,1948.0,1919.0,1962.0,1948.0,1948.0,1343.0,576.0,1364.0,584.0
0.0,3809.0,1946.0,1920.0,1948.0,1949.0,1949.0,1344.0,576.0,1363.0,583.0
0.0,3811.0,1953.0,1920.0,1949.0,1953.0,1953.0,1344.0,576.0,1365.0,588.0
0.0,3807.0,1944.0,1920.0,1953.0,1944.0,1944.0,1344.0,576.0,1359.0,585.0
0.0,3816.0,1955.0,1922.0,1944.0,1961.0,1961.0,1345.0,577.0,1367.0,588.0
0.0,3805.0,1947.0,1922.0,1961.0,1947.0,1947.0,1345.0,577.0,1362.0,585.0
0.0,3819.0,1948.0,1923.0,1947.0,1951.0,1951.0,1346.0,577.0,1360.0,588.0
0.0,3818.0,1954.0,1923.0,1951.0,1954.0,1954.0,1346.0,577.0,1369.0,585.0
0.0,3815.0,1952.0,1925.0,1954.0,1958.0,1958.0,1347.0,578.0,1365.0,587.0
0.0,3817.0,1941.0,1925.0,1958.0,1941.0,1941.0,1347.0,578.0,1361.0,580.0
0.0,3834.0,1937.0,1926.0,1941.0,1940.0,1940.0,1348.0,578.0,1355.0,582.0
0.0,3838.0,1950.0,1926.0,1940.0,1950.0,1950.0,1348.0,578.0,1363.0,587.0
0.0,3828.0,1935.0,1926.0,1950.0,1935.0,1935.0,1348.0,578.0,1353.0,582.0
0.0,3843.0,1936.0,1927.0,1935.0,1939.0,1939.0,1349.0,578.0,1356.0,580.0
0.0,3842.0,1948.0,1928.0,1939.0,1951.0,1951.0,1349.0,579.0,1362.0,586.0
0.0,3833.0,1942.0,1929.0,1951.0,1945.0,1945.0,1350.0,579.0,1360.0,582.0
0.0,3842.0,1945.0,1929.0,1945.0,1945.0,1945.0,1350.0,579.0,1362.0,583.0
0.0,3842.0,1945.0,1929.0,1945.0,1945.0,1945.0,1350.0,579.0,1361.0,584.0
0.0,3842.0,1954.0,1931.0,1945.0,1960.0,1960.0,1351.0,580.0,1371.0,583.0
0.0,3833.0,1944.0,1932.0,1960.0,1947.0,1947.0,1352.0,580.0,1365.0,579.0
0.0,3849.0,1951.0,1932.0,1947.0,1951.0,1951.0,1352.0,580.0,1372.0,579.0
0.0,3845.0,1949.0,1933.0,1951.0,1952.0,1952.0,1353.0,580.0,1367.0,582.0
0.0,3847.0,1955.0,1933.0,1952.0,1955.0,1955.0,1353.0,580.0,1367.0,588.0
0.0,3844.0,1943.0,1935.0,1955.0,1949.0,1949.0,1354.0,581.0,1358.0,585.0
0.0,3856.0,1941.0,1935.0,1949.0,1941.0,1941.0,1354.0,581.0,1360.0,581.0
0.0,3864.0,1945.0,1935.0,1941.0,1945.0,1945.0,1354.0,581.0,1362.0,583.0
0.0,3860.0,1941.0,1936.0,1945.0,1944.0,1944.0,1355.0,581.0,1363.0,578.0
0.0,3864.0,1941.0,1937.0,1944.0,1944.0,1944.0,1356.0,581.0,1357.0,584.0
0.0,3867.0,1948.0,1938.0,1944.0,1951.0,1951.0,1356.0,582.0,1365.0,583.0
0.0,3863.0,1949.0,1939.0,1951.0,1952.0,1952.0,1357.0,582.0,1365.0,584.0
0.0,3865.0,1943.0,1939.0,1952.0,1943.0,1943.0,1357.0,582.0,1362.0,581.0
0.0,3874.0,1945.0,1940.0,1943.0,1948.0,1948.0,1358.0,582.0,1359.0,586.0
0.0,3872.0,1944.0,1940.0,1948.0,1944.0,1944.0,1358.0,582.0,1359.0,585.0
0.0,3876.0,1941.0,1941.0,1944.0,1944.0,1944.0,1358.0,583.0,1355.0,586.0
0.0,3879.0,1957.0,1942.0,1944.0,1960.0,1960.0,1359.0,583.0,1370.0,587.0
0.0,3866.0,1938.0,1942.0,1960.0,1938.0,1938.0,1359.0,583.0,1353.0,585.0
0.0,3888.0,1948.0,1943.0,1938.0,1951.0,1951.0,1360.0,583.0,1359.0,589.0
0.0,3878.0,1945.0,1943.0,1951.0,1945.0,1945.0,1360.0,583.0,1362.0,583.0
0.0,3884.0,1950.0,1945.0,1945.0,1956.0,1956.0,1361.0,584.0,1362.0,588.0
0.0,3879.0,1960.0,1945.0,1956.0,1960.0,1960.0,1361.0,584.0,1372.0,588.0
0.0,3875.0,1959.0,1946.0,1960.0,1962.0,1962.0,1362.0,584.0,1371.0,588.0
0.0,3876.0,1962.0,1946.0,1962.0,1962.0,1962.0,1362.0,584.0,1371.0,591.0
0.0,3876.0,1968.0,1947.0,1962.0,1971.0,1971.0,1363.0,584.0,1376.0,592.0
0.0,3870.0,1966.0,1947.0,1971.0,1966.0,1966.0,1363.0,584.0,1373.0,593.0
0.0,3875.0,1972.0,1949.0,1966.0,1978.0,1978.0,1364.0,585.0,1378.0,594.0
0.0,3869.0,1980.0,1949.0,1978.0,1980.0,1980.0,1364.0,585.0,1390.0,590.0
0.0,3867.0,1972.0,1950.0,1980.0,1975.0,1975.0,1365.0,585.0,1379.0,593.0
0.0,3875.0,1983.0,1950.0,1975.0,1983.0,1983.0,1365.0,585.0,1387.0,596.0
0.0,3867.0,1981.0,1951.0,1983.0,1984.0,1984.0,1366.0,585.0,1392.0,589.0
0.0,3869.0,1980.0,1952.0,1984.0,1983.0,1983.0,1366.0,586.0,1386.0,594.0
0.0,3873.0,1982.0,1952.0,1983.0,1982.0,1982.0,1366.0,586.0,1388.0,594.0
0.0,3874.0,1987.0,1953.0,1982.0,1990.0,1990.0,1367.0,586.0,1387.0,600.0
0.0,3869.0,1981.0,1953.0,1990.0,1981.0,1981.0,1367.0,586.0,1387.0,594.0
0.0,3878.0,1988.0,1955.0,1981.0,1994.0,1994.0,1368.0,587.0,1391.0,597.0
0.0,3871.0,1984.0,1955.0,1994.0,1984.0,1984.0,1368.0,587.0,1389.0,595.0
0.0,3881.0,1997.0,1956.0,1984.0,2000.0,2000.0,1369.0,587.0,1399.0,598.0
0.0,3868.0,1987.0,1956.0,2000.0,1987.0,1987.0,1369.0,587.0,1389.0,598.0
0.0,3881.0,1981.0,1957.0,1987.0,1984.0,1984.0,1370.0,587.0,1387.0,594.0
0.0,3887.0,1982.0,1957.0,1984.0,1982.0,1982.0,1370.0,587.0,1390.0,592.0
0.0,3889.0,1982.0,1959.0,1982.0,1988.0,1988.0,1371.0,588.0,1387.0,595.0
0.0,3889.0,1984.0,1959.0,1988.0,1984.0,1984.0,1371.0,588.0,1388.0,596.0
0.0,3893.0,1985.0,1960.0,1984.0,1988.0,1988.0,1372.0,588.0,1385.0,600.0
0.0,3892.0,1978.0,1960.0,1988.0,1978.0,1978.0,1372.0,588.0,1385.0,593.0
0.0,3902.0,1979.0,1962.0,1978.0,1985.0,1985.0,1373.0,589.0,1382.0,597.0
0.0,3901.0,1982.0,1962.0,1985.0,1982.0,1982.0,1373.0,589.0,1390.0,592.0
0.0,3904.0,1969.0,1963.0,1982.0,1972.0,1972.0,1374.0,589.0,1375.0,594.0
0.0,3917.0,1983.0,1963.0,1972.0,1983.0,1983.0,1374.0,589.0,1384.0,599.0
0.0,3906.0,1975.0,1964.0,1983.0,1978.0,1978.0,1375.0,589.0,1385.0,590.0
0.0,3914.0,1983.0,1965.0,1978.0,1986.0,1986.0,1375.0,590.0,1390.0,593.0
0.0,3909.0,1976.0,1966.0,1986.0,1979.0,1979.0,1376.0,590.0,1384.0,592.0
0.0,3919.0,1977.0,1966.0,1979.0,1977.0,1977.0,1376.0,590.0,1387.0,590.0
0.0,3921.0,1983.0,1966.0,1977.0,1983.0,1983.0,1376.0,590.0,1388.0,595.0
0.0,3915.0,1970.0,1966.0,1983.0,1970.0,1970.0,1376.0,590.0,1379.0,591.0
0.0,3928.0,1987.0,1968.0,1970.0,1993.0,1993.0,1377.0,591.0,1394.0,593.0
0.0,3911.0,1982.0,1968.0,1993.0,1982.0,1982.0,1377.0,591.0,1389.0,593.0
0.0,3922.0,1975.0,1969.0,1982.0,1978.0,1978.0,1378.0,591.0,1383.0,592.0
0.0,3929.0,1989.0,1970.0,1978.0,1992.0,1992.0,1379.0,591.0,1396.0,593.0
0.0,3918.0,1981.0,1970.0,1992.0,1981.0,1981.0,1379.0,591.0,1392.0,589.0
0.0,3929.0,1974.0,1972.0,1981.0,1980.0,1980.0,1380.0,592.0,1383.0,591.0
0.0,3936.0,1984.0,1972.0,1980.0,1984.0,1984.0,1380.0,592.0,1393.0,591.0
0.0,3932.0,1978.0,1973.0,1984.0,1981.0,1981.0,1381.0,592.0,1387.0,591.0
0.0,3938.0,1979.0,1973.0,1981.0,1979.0,1979.0,1381.0,592.0,1390.0,589.0
0.0,3940.0,1975.0,1973.0,1979.0,1975.0,1975.0,1381.0,592.0,1380.0,595.0
0.0,3944.0,1969.0,1974.0,1975.0,1972.0,1972.0,1382.0,592.0,1380.0,589.0
0.0,3950.0,1974.0,1974.0,1972.0,1974.0,1974.0,1382.0,592.0,1382.0,592.0
0.0,3948.0,1975.0,1976.0,1974.0,1981.0,1981.0,1383.0,593.0,1380.0,595.0
0.0,3947.0,1971.0,1976.0,1981.0,1971.0,1971.0,1383.0,593.0,1375.0,596.0
0.0,3957.0,1984.0,1977.0,1971.0,1987.0,1987.0,1384.0,593.0,1388.0,596.0
0.0,3944.0,1981.0,1977.0,1987.0,1981.0,1981.0,1384.0,593.0,1382.0,599.0
0.0,3950.0,1983.0,1978.0,1981.0,1986.0,1986.0,1385.0,593.0,1388.0,595.0
0.0,3948.0,1981.0,1979.0,1986.0,1984.0,1984.0,1385.0,594.0,1384.0,597.0
0.0,3953.0,1984.0,1979.0,1984.0,1984.0,1984.0,1385.0,594.0,1389.0,595.0
0.0,3953.0,1983.0,1980.0,1984.0,1986.0,1986.0,1386.0,594.0,1385.0,598.0
0.0,3954.0,1993.0,1980.0,1986.0,1993.0,1993.0,1386.0,594.0,1396.0,597.0
0.0,3947.0,1990.0,1980.0,1993.0,1990.0,1990.0,1386.0,594.0,1388.0,602.0
0.0,3950.0,1994.0,1981.0,1990.0,1997.0,1997.0,1387.0,594.0,1395.0,599.0
0.0,3946.0,2007.0,1981.0,1997.0,2007.0,2007.0,1387.0,594.0,1406.0,601.0
0.0,3936.0,2008.0,1982.0,2007.0,2011.0,2011.0,1387.0,595.0,1404.0,604.0
0.0,3935.0,2013.0,1983.0,2011.0,2016.0,2016.0,1388.0,595.0,1409.0,604.0
0.0,3933.0,2011.0,1983.0,2016.0,2011.0,2011.0,1388.0,595.0,1404.0,607.0
0.0,3938.0,2001.0,1984.0,2011.0,2004.0,2004.0,1389.0,595.0,1400.0,601.0
0.0,3948.0,2016.0,1985.0,2004.0,2019.0,2019.0,1389.0,596.0,1410.0,606.0
0.0,3936.0,2012.0,1985.0,2019.0,2012.0,2012.0,1389.0,596.0,1410.0,602.0
0.0,3943.0,2027.0,1986.0,2012.0,2030.0,2030.0,1390.0,596.0,1422.0,605.0
0.0,3928.0,2026.0,1987.0,2030.0,2029.0,2029.0,1391.0,596.0,1416.0,610.0
0.0,3932.0,2022.0,1987.0,2029.0,2022.0,2022.0,1391.0,596.0,1418.0,604.0
0.0,3939.0,2016.0,1988.0,2022.0,2019.0,2019.0,1392.0,596.0,1411.0,605.0
0.0,3945.0,2020.0,1989.0,2019.0,2023.0,2023.0,1392.0,597.0,1413.0,607.0
0.0,3944.0,2024.0,1989.0,2023.0,2024.0,2024.0,1392.0,597.0,1416.0,608.0
0.0,3943.0,2023.0,1990.0,2024.0,2026.0,2026.0,1393.0,597.0,1414.0,609.0
0.0,3944.0,2018.0,1990.0,2026.0,2018.0,2018.0,1393.0,597.0,1410.0,608.0
0.0,3952.0,2029.0,1992.0,2018.0,2035.0,2035.0,1394.0,598.0,1422.0,607.0
0.0,3941.0,2010.0,1992.0,2035.0,2010.0,2010.0,1394.0,598.0,1406.0,604.0
0.0,3966.0,2017.0,1993.0,2010.0,2020.0,2020.0,1395.0,598.0,1408.0,609.0
0.0,3959.0,2023.0,1993.0,2020.0,2023.0,2023.0,1395.0,598.0,1411.0,612.0
0.0,3956.0,2013.0,1995.0,2023.0,2019.0,2019.0,1396.0,599.0,1406.0,607.0
0.0,3966.0,2010.0,1995.0,2019.0,2010.0,2010.0,1396.0,599.0,1405.0,605.0
0.0,3975.0,2017.0,1996.0,2010.0,2020.0,2020.0,1397.0,599.0,1414.0,603.0
0.0,3968.0,2013.0,1996.0,2020.0,2013.0,2013.0,1397.0,599.0,1406.0,607.0
0.0,3975.0,2011.0,1997.0,2013.0,2014.0,2014.0,1398.0,599.0,1405.0,606.0
0.0,3977.0,2019.0,1998.0,2014.0,2022.0,2022.0,1398.0,600.0,1414.0,605.0
0.0,3972.0,2008.0,1998.0,2022.0,2008.0,2008.0,1398.0,600.0,1405.0,603.0
0.0,3986.0,2018.0,1999.0,2008.0,2021.0,2021.0,1399.0,600.0,1413.0,605.0
0.0,3976.0,2010.0,1999.0,2021.0,2010.0,2010.0,1399.0,600.0,1410.0,600.0
0.0,3987.0,2015.0,2000.0,2010.0,2018.0,2018.0,1400.0,600.0,1413.0,602.0
0.0,3982.0,2015.0,2001.0,2018.0,2018.0,2018.0,1400.0,601.0,1411.0,604.0
0.0,3985.0,2008.0,2002.0,2018.0,2011.0,2011.0,1401.0,601.0,1405.0,603.0
0.0,3995.0,2016.0,2002.0,2011.0,2016.0,2016.0,1401.0,601.0,1412.0,604.0
0.0,3990.0,2021.0,2003.0,2016.0,2024.0,2024.0,1402.0,601.0,1417.0,604.0
0.0,3985.0,2019.0,2004.0,2024.0,2022.0,2022.0,1402.0,602.0,1419.0,600.0
0.0,3990.0,2008.0,2005.0,2022.0,2011.0,2011.0,1403.0,602.0,1408.0,600.0
0.0,4004.0,2019.0,2005.0,2011.0,2019.0,2019.0,1403.0,602.0,1417.0,602.0
0.0,3996.0,2010.0,2005.0,2019.0,2010.0,2010.0,1403.0,602.0,1405.0,605.0
0.0,4005.0,2006.0,2006.0,2010.0,2009.0,2009.0,1404.0,602.0,1402.0,604.0
0.0,4009.0,2007.0,2007.0,2009.0,2010.0,2010.0,1404.0,603.0,1402.0,605.0
0.0,4011.0,2006.0,2007.0,2010.0,2006.0,2006.0,1404.0,603.0,1402.0,604.0
0.0,4015.0,2015.0,2008.0,2006.0,2018.0,2018.0,1405.0,603.0,1411.0,604.0
0.0,4006.0,2008.0,2009.0,2018.0,2011.0,2011.0,1406.0,603.0,1405.0,603.0
0.0,4016.0,2021.0,2009.0,2011.0,2021.0,2021.0,1406.0,603.0,1417.0,604.0
0.0,4006.0,2014.0,2011.0,2021.0,2020.0,2020.0,1407.0,604.0,1411.0,603.0
0.0,4013.0,2014.0,2011.0,2020.0,2014.0,2014.0,1407.0,604.0,1410.0,604.0
0.0,4019.0,2015.0,2012.0,2014.0,2018.0,2018.0,1408.0,604.0,1408.0,607.0
0.0,4018.0,2027.0,2012.0,2018.0,2027.0,2027.0,1408.0,604.0,1413.0,614.0
0.0,4009.0,2021.0,2013.0,2027.0,2024.0,2024.0,1409.0,604.0,1417.0,604.0
0.0,4015.0,2028.0,2014.0,2024.0,2031.0,2031.0,1409.0,605.0,1416.0,612.0
0.0,4011.0,2025.0,2015.0,2031.0,2028.0,2028.0,1410.0,605.0,1417.0,608.0
0.0,4017.0,2034.0,2015.0,2028.0,2034.0,2034.0,1410.0,605.0,1419.0,615.0
0.0,4011.0,2041.0,2016.0,2034.0,2044.0,2044.0,1411.0,605.0,1431.0,610.0
0.0,4004.0,2030.0,2016.0,2044.0,2030.0,2030.0,1411.0,605.0,1423.0,607.0
0.0,4018.0,2034.0,2018.0,2030.0,2040.0,2040.0,1412.0,606.0,1424.0,610.0
0.0,4014.0,2040.0,2018.0,2040.0,2040.0,2040.0,1412.0,606.0,1426.0,614.0
0.0,4014.0,2052.0,2019.0,2040.0,2055.0,2055.0,1413.0,606.0,1436.0,616.0
0.0,4002.0,2053.0,2019.0,2055.0,2053.0,2053.0,1413.0,606.0,1434.0,619.0
0.0,4004.0,2052.0,2021.0,2053.0,2058.0,2058.0,1414.0,607.0,1435.0,617.0
0.0,4005.0,2054.0,2021.0,2058.0,2054.0,2054.0,1414.0,607.0,1438.0,616.0
0.0,4009.0,2050.0,2022.0,2054.0,2053.0,2053.0,1415.0,607.0,1436.0,614.0
0.0,4013.0,2052.0,2022.0,2053.0,2052.0,2052.0,1415.0,607.0,1432.0,620.0
0.0,4014.0,2051.0,2022.0,2052.0,2051.0,2051.0,1415.0,607.0,1435.0,616.0
0.0,4015.0,2052.0,2024.0,2051.0,2058.0,2058.0,1416.0,608.0,1433.0,619.0
0.0,4014.0,2068.0,2024.0,2058.0,2068.0,2068.0,1416.0,608.0,1450.0,618.0
0.0,4004.0,2066.0,2025.0,2068.0,2069.0,2069.0,1417.0,608.0,1446.0,620.0
0.0,4006.0,2056.0,2025.0,2069.0,2056.0,2056.0,1417.0,608.0,1438.0,618.0
0.0,4019.0,2068.0,2026.0,2056.0,2071.0,2071.0,1418.0,608.0,1450.0,618.0
0.0,4007.0,2060.0,2028.0,2071.0,2066.0,2066.0,1419.0,609.0,1441.0,619.0
0.0,4018.0,2048.0,2028.0,2066.0,2048.0,2048.0,1419.0,609.0,1431.0,617.0
0.0,4036.0,2047.0,2028.0,2048.0,2047.0,2047.0,1419.0,609.0,1428.0,619.0
0.0,4037.0,2058.0,2029.0,2047.0,2061.0,2061.0,1420.0,609.0,1437.0,621.0
0.0,4026.0,2050.0,2030.0,2061.0,2053.0,2053.0,1420.0,610.0,1433.0,617.0
0.0,4037.0,2052.0,2031.0,2053.0,2055.0,2055.0,1421.0,610.0,1437.0,615.0
0.0,4038.0,2046.0,2031.0,2055.0,2046.0,2046.0,1421.0,610.0,1429.0,617.0
0.0,4047.0,2065.0,2032.0,2046.0,2068.0,2068.0,1422.0,610.0,1444.0,621.0
0.0,4028.0,2045.0,2033.0,2068.0,2048.0,2048.0,1423.0,610.0,1432.0,613.0
0.0,4051.0,2059.0,2034.0,2048.0,2062.0,2062.0,1423.0,611.0,1442.0,617.0
0.0,4040.0,2055.0,2035.0,2062.0,2058.0,2058.0,1424.0,611.0,1441.0,614.0
0.0,4047.0,2047.0,2035.0,2058.0,2047.0,2047.0,1424.0,611.0,1435.0,612.0
0.0,4058.0,2059.0,2036.0,2047.0,2062.0,2062.0,1425.0,611.0,1438.0,621.0
0.0,4046.0,2060.0,2037.0,2062.0,2063.0,2063.0,1425.0,612.0,1446.0,614.0
0.0,4048.0,2059.0,2038.0,2063.0,2062.0,2062.0,1426.0,612.0,1445.0,614.0
0.0,4052.0,2056.0,2039.0,2062.0,2059.0,2059.0,1427.0,612.0,1439.0,617.0
0.0,4058.0,2060.0,2039.0,2059.0,2060.0,2060.0,1427.0,612.0,1441.0,619.0
0.0,4057.0,2048.0,2040.0,2060.0,2051.0,2051.0,1428.0,612.0,1436.0,612.0
0.0,4069.0,2058.0,2041.0,2051.0,2061.0,2061.0,1428.0,613.0,1444.0,614.0
0.0,4062.0,2050.0,2042.0,2061.0,2053.0,2053.0,1429.0,613.0,1437.0,613.0
0.0,4073.0,2051.0,2042.0,2053.0,2051.0,2051.0,1429.0,613.0,1437.0,614.0
0.0,4075.0,2041.0,2043.0,2051.0,2044.0,2044.0,1430.0,613.0,1431.0,610.0
0.0,4085.0,2041.0,2043.0,2044.0,2041.0,2041.0,1430.0,613.0,1429.0,612.0
0.0,4088.0,2042.0,2045.0,2041.0,2048.0,2048.0,1431.0,614.0,1431.0,611.0
0.0,4087.0,2056.0,2045.0,2048.0,2056.0,2056.0,1431.0,614.0,1442.0,614.0
0.0,4079.0,2040.0,2046.0,2056.0,2043.0,2043.0,1432.0,614.0,1429.0,611.0
0.0,4095.0,2047.0,2046.0,2043.0,2047.0,2047.0,1432.0,614.0,1431.0,616.0
0.0,4091.0,2038.0,2047.0,2047.0,2041.0,2041.0,1433.0,614.0,1430.0,608.0
0.0,4100.0,2045.0,2047.0,2041.0,2045.0,2045.0,1433.0,614.0,1431.0,614.0
0.0,4096.0,2047.0,2048.0,2045.0,2050.0,2050.0,1433.0,615.0,1433.0,614.0
0.0,4094.0,2052.0,2049.0,2050.0,2055.0,2055.0,1434.0,615.0,1436.0,616.0
0.0,4092.0,2053.0,2049.0,2055.0,2053.0,2053.0,1434.0,615.0,1440.0,613.0
0.0,4094.0,2060.0,2050.0,2053.0,2063.0,2063.0,1435.0,615.0,1442.0,618.0
0.0,4087.0,2063.0,2051.0,2063.0,2066.0,2066.0,1436.0,615.0,1445.0,618.0
0.0,4087.0,2063.0,2051.0,2066.0,2063.0,2063.0,1436.0,615.0,1442.0,621.0
0.0,4090.0,2058.0,2052.0,2063.0,2061.0,2061.0,1436.0,616.0,1438.0,620.0
0.0,4095.0,2064.0,2053.0,2061.0,2067.0,2067.0,1437.0,616.0,1447.0,617.0
0.0,4092.0,2069.0,2053.0,2067.0,2069.0,2069.0,1437.0,616.0,1449.0,620.0
0.0,4090.0,2081.0,2054.0,2069.0,2084.0,2084.0,1438.0,616.0,1456.0,625.0
0.0,4078.0,2082.0,2054.0,2084.0,2082.0,2082.0,1438.0,616.0,1457.0,625.0
0.0,4080.0,2078.0,2056.0,2082.0,2084.0,2084.0,1439.0,617.0,1453.0,625.0
0.0,4084.0,2081.0,2056.0,2084.0,2081.0,2081.0,1439.0,617.0,1458.0,623.0
0.0,4087.0,2078.0,2057.0,2081.0,2081.0,2081.0,1440.0,617.0,1454.0,624.0
0.0,4090.0,2084.0,2057.0,2081.0,2084.0,2084.0,1440.0,617.0,1458.0,626.0
0.0,4087.0,2096.0,2057.0,2084.0,2096.0,2096.0,1440.0,617.0,1466.0,630.0
0.0,4075.0,2095.0,2058.0,2096.0,2098.0,2098.0,1441.0,617.0,1470.0,625.0
0.0,4076.0,2094.0,2060.0,2098.0,2100.0,2100.0,1442.0,618.0,1465.0,629.0
0.0,4080.0,2095.0,2060.0,2100.0,2095.0,2095.0,1442.0,618.0,1469.0,626.0
0.0,4085.0,2093.0,2061.0,2095.0,2096.0,2096.0,1443.0,618.0,1466.0,627.0
0.0,4087.0,2093.0,2061.0,2096.0,2093.0,2093.0,1443.0,618.0,1463.0,630.0
0.0,4090.0,2094.0,2062.0,2093.0,2097.0,2097.0,1444.0,618.0,1467.0,627.0
0.0,4089.0,2083.0,2063.0,2097.0,2086.0,2086.0,1444.0,619.0,1454.0,629.0
0.0,4103.0,2090.0,2063.0,2086.0,2090.0,2090.0,1444.0,619.0,1463.0,627.0
0.0,4099.0,2083.0,2064.0,2090.0,2086.0,2086.0,1445.0,619.0,1456.0,627.0
0.0,4106.0,2081.0,2064.0,2086.0,2081.0,2081.0,1445.0,619.0,1452.0,629.0
0.0,4111.0,2097.0,2065.0,2081.0,2100.0,2100.0,1446.0,619.0,1465.0,632.0
0.0,4095.0,2078.0,2066.0,2100.0,2081.0,2081.0,1446.0,620.0,1448.0,630.0
0.0,4117.0,2091.0,2066.0,2081.0,2091.0,2091.0,1446.0,620.0,1463.0,628.0
0.0,4107.0,2093.0,2067.0,2091.0,2096.0,2096.0,1447.0,620.0,1468.0,625.0
0.0,4105.0,2087.0,2067.0,2096.0,2087.0,2087.0,1447.0,620.0,1457.0,630.0
0.0,4114.0,2084.0,2068.0,2087.0,2087.0,2087.0,1448.0,620.0,1457.0,627.0
0.0,4117.0,2079.0,2069.0,2087.0,2082.0,2082.0,1448.0,621.0,1453.0,626.0
0.0,4125.0,2084.0,2069.0,2082.0,2084.0,2084.0,1448.0,621.0,1458.0,626.0
0.0,4123.0,2094.0,2070.0,2084.0,2097.0,2097.0,1449.0,621.0,1468.0,626.0
0.0,4113.0,2085.0,2070.0,2097.0,2085.0,2085.0,1449.0,621.0,1457.0,628.0
0.0,4125.0,2080.0,2071.0,2085.0,2083.0,2083.0,1450.0,621.0,1455.0,625.0
0.0,4130.0,2071.0,2072.0,2083.0,2074.0,2074.0,1450.0,622.0,1450.0,621.0
0.0,4142.0,2095.0,2072.0,2074.0,2095.0,2095.0,1450.0,622.0,1469.0,626.0
0.0,4121.0,2084.0,2073.0,2095.0,2087.0,2087.0,1451.0,622.0,1462.0,622.0
0.0,4132.0,2089.0,2073.0,2087.0,2089.0,2089.0,1451.0,622.0,1461.0,628.0
0.0,4130.0,2092.0,2074.0,2089.0,2095.0,2095.0,1452.0,622.0,1464.0,628.0
0.0,4127.0,2084.0,2075.0,2095.0,2087.0,2087.0,1452.0,623.0,1459.0,625.0
0.0,4138.0,2077.0,2075.0,2087.0,2077.0,2077.0,1452.0,623.0,1456.0,621.0
0.0,4148.0,2094.0,2076.0,2077.0,2097.0,2097.0,1453.0,623.0,1470.0,624.0
0.0,4131.0,2078.0,2077.0,2097.0,2081.0,2081.0,1454.0,623.0,1453.0,625.0
0.0,4150.0,2081.0,2077.0,2081.0,2081.0,2081.0,1454.0,623.0,1460.0,621.0
0.0,4150.0,2081.0,2078.0,2081.0,2084.0,2084.0,1454.0,624.0,1456.0,625.0
0.0,4150.0,2084.0,2079.0,2084.0,2087.0,2087.0,1455.0,624.0,1458.0,626.0
0.0,4150.0,2082.0,2079.0,2087.0,2082.0,2082.0,1455.0,624.0,1455.0,627.0
0.0,4155.0,2075.0,2080.0,2082.0,2078.0,2078.0,1456.0,624.0,1449.0,626.0
0.0,4162.0,2080.0,2081.0,2078.0,2083.0,2083.0,1456.0,625.0,1458.0,622.0
0.0,4160.0,2080.0,2082.0,2083.0,2083.0,2083.0,1457.0,625.0,1456.0,624.0
0.0,4163.0,2085.0,2082.0,2083.0,2085.0,2085.0,1457.0,625.0,1458.0,627.0
0.0,4161.0,2083.0,2082.0,2085.0,2083.0,2083.0,1457.0,625.0,1456.0,627.0
0.0,4163.0,2082.0,2083.0,2083.0,2085.0,2085.0,1458.0,625.0,1457.0,625.0
0.0,4164.0,2088.0,2084.0,2085.0,2091.0,2091.0,1458.0,626.0,1463.0,625.0
0.0,4161.0,2094.0,2085.0,2091.0,2097.0,2097.0,1459.0,626.0,1467.0,627.0
0.0,4158.0,2096.0,2085.0,2097.0,2096.0,2096.0,1459.0,626.0,1471.0,625.0
0.0,4159.0,2109.0,2086.0,2096.0,2112.0,2112.0,1460.0,626.0,1478.0,631.0
0.0,4146.0,2108.0,2086.0,2112.0,2108.0,2108.0,1460.0,626.0,1479.0,629.0
0.0,4150.0,2102.0,2087.0,2108.0,2105.0,2105.0,1461.0,626.0,1473.0,629.0
0.0,4156.0,2113.0,2087.0,2105.0,2113.0,2113.0,1461.0,626.0,1479.0,634.0
0.0,4148.0,2110.0,2089.0,2113.0,2116.0,2116.0,1462.0,627.0,1479.0,631.0
0.0,4151.0,2120.0,2089.0,2116.0,2120.0,2120.0,1462.0,627.0,1484.0,636.0
0.0,4147.0,2117.0,2090.0,2120.0,2120.0,2120.0,1463.0,627.0,1484.0,633.0
0.0,4150.0,2134.0,2090.0,2120.0,2134.0,2134.0,1463.0,627.0,1496.0,638.0
0.0,4136.0,2120.0,2091.0,2134.0,2123.0,2123.0,1464.0,627.0,1485.0,635.0
0.0,4150.0,2128.0,2092.0,2123.0,2131.0,2131.0,1464.0,628.0,1490.0,638.0
0.0,4145.0,2117.0,2093.0,2131.0,2120.0,2120.0,1465.0,628.0,1481.0,636.0
0.0,4159.0,2117.0,2093.0,2120.0,2117.0,2117.0,1465.0,628.0,1480.0,637.0
0.0,4162.0,2131.0,2093.0,2117.0,2131.0,2131.0,1465.0,628.0,1489.0,642.0
0.0,4148.0,2124.0,2094.0,2131.0,2127.0,2127.0,1466.0,628.0,1484.0,640.0
0.0,4155.0,2125.0,2095.0,2127.0,2128.0,2128.0,1466.0,629.0,1489.0,636.0
0.0,4157.0,2128.0,2096.0,2128.0,2131.0,2131.0,1467.0,629.0,1490.0,638.0
0.0,4157.0,2126.0,2096.0,2131.0,2126.0,2126.0,1467.0,629.0,1484.0,642.0
0.0,4162.0,2122.0,2097.0,2126.0,2125.0,2125.0,1468.0,629.0,1480.0,642.0
0.0,4166.0,2129.0,2098.0,2125.0,2132.0,2132.0,1468.0,630.0,1489.0,640.0
0.0,4162.0,2119.0,2099.0,2132.0,2122.0,2122.0,1469.0,630.0,1480.0,639.0
0.0,4175.0,2126.0,2099.0,2122.0,2126.0,2126.0,1469.0,630.0,1485.0,641.0
0.0,4171.0,2117.0,2100.0,2126.0,2120.0,2120.0,1470.0,630.0,1481.0,636.0
0.0,4180.0,2134.0,2100.0,2120.0,2134.0,2134.0,1470.0,630.0,1493.0,641.0
0.0,4166.0,2113.0,2101.0,2134.0,2116.0,2116.0,1470.0,631.0,1474.0,639.0
0.0,4187.0,2121.0,2102.0,2116.0,2124.0,2124.0,1471.0,631.0,1481.0,640.0
0.0,4182.0,2120.0,2103.0,2124.0,2123.0,2123.0,1472.0,631.0,1485.0,635.0
0.0,4186.0,2129.0,2103.0,2123.0,2129.0,2129.0,1472.0,631.0,1491.0,638.0
0.0,4180.0,2118.0,2103.0,2129.0,2118.0,2118.0,1472.0,631.0,1479.0,639.0
0.0,4191.0,2130.0,2105.0,2118.0,2136.0,2136.0,1473.0,632.0,1492.0,638.0
0.0,4179.0,2118.0,2106.0,2136.0,2121.0,2121.0,1474.0,632.0,1482.0,636.0
0.0,4197.0,2123.0,2106.0,2121.0,2123.0,2123.0,1474.0,632.0,1484.0,639.0
0.0,4195.0,2121.0,2106.0,2123.0,2121.0,2121.0,1474.0,632.0,1482.0,639.0
0.0,4197.0,2124.0,2108.0,2121.0,2130.0,2130.0,1475.0,633.0,1489.0,635.0
0.0,4194.0,2119.0,2108.0,2130.0,2119.0,2119.0,1475.0,633.0,1486.0,633.0
0.0,4205.0,2118.0,2109.0,2119.0,2121.0,2121.0,1476.0,633.0,1480.0,638.0
0.0,4206.0,2124.0,2109.0,2121.0,2124.0,2124.0,1476.0,633.0,1487.0,637.0
0.0,4203.0,2115.0,2110.0,2124.0,2118.0,2118.0,1477.0,633.0,1481.0,634.0
0.0,4212.0,2112.0,2111.0,2118.0,2115.0,2115.0,1477.0,634.0,1479.0,633.0
0.0,4218.0,2121.0,2112.0,2115.0,2124.0,2124.0,1478.0,634.0,1488.0,633.0
0.0,4212.0,2112.0,2112.0,2124.0,2112.0,2112.0,1478.0,634.0,1479.0,633.0
0.0,4224.0,2116.0,2112.0,2112.0,2116.0,2116.0,1478.0,634.0,1480.0,636.0
0.0,4220.0,2109.0,2113.0,2116.0,2112.0,2112.0,1479.0,634.0,1474.0,635.0
0.0,4227.0,2115.0,2114.0,2112.0,2118.0,2118.0,1479.0,635.0,1480.0,635.0
0.0,4224.0,2114.0,2115.0,2118.0,2117.0,2117.0,1480.0,635.0,1480.0,634.0
0.0,4228.0,2116.0,2115.0,2117.0,2116.0,2116.0,1480.0,635.0,1484.0,632.0
0.0,4229.0,2116.0,2116.0,2116.0,2119.0,2119.0,1481.0,635.0,1476.0,640.0
0.0,4229.0,2118.0,2116.0,2119.0,2118.0,2118.0,1481.0,635.0,1485.0,633.0
0.0,4230.0,2122.0,2118.0,2118.0,2128.0,2128.0,1482.0,636.0,1485.0,637.0
0.0,4226.0,2133.0,2119.0,2128.0,2136.0,2136.0,1483.0,636.0,1495.0,638.0
0.0,4221.0,2134.0,2119.0,2136.0,2134.0,2134.0,1483.0,636.0,1494.0,640.0
0.0,4223.0,2131.0,2120.0,2134.0,2134.0,2134.0,1484.0,636.0,1495.0,636.0
0.0,4226.0,2133.0,2120.0,2134.0,2133.0,2133.0,1484.0,636.0,1498.0,635.0
0.0,4227.0,2131.0,2121.0,2133.0,2134.0,2134.0,1484.0,637.0,1492.0,639.0
0.0,4229.0,2135.0,2122.0,2134.0,2138.0,2138.0,1485.0,637.0,1496.0,639.0
0.0,4228.0,2149.0,2122.0,2138.0,2149.0,2149.0,1485.0,637.0,1507.0,642.0
0.0,4217.0,2142.0,2123.0,2149.0,2145.0,2145.0,1486.0,637.0,1499.0,643.0
0.0,4224.0,2145.0,2123.0,2145.0,2145.0,2145.0,1486.0,637.0,1503.0,642.0
0.0,4224.0,2147.0,2125.0,2145.0,2153.0,2153.0,1487.0,638.0,1506.0,641.0
0.0,4222.0,2146.0,2125.0,2153.0,2146.0,2146.0,1487.0,638.0,1503.0,643.0
0.0,4229.0,2144.0,2125.0,2146.0,2144.0,2144.0,1487.0,638.0,1506.0,638.0
0.0,4231.0,2150.0,2126.0,2144.0,2153.0,2153.0,1488.0,638.0,1505.0,645.0
0.0,4225.0,2158.0,2126.0,2153.0,2158.0,2158.0,1488.0,638.0,1512.0,646.0
0.0,4220.0,2169.0,2127.0,2158.0,2172.0,2172.0,1489.0,638.0,1517.0,652.0
0.0,4209.0,2169.0,2128.0,2172.0,2172.0,2172.0,1490.0,638.0,1524.0,645.0
0.0,4212.0,2162.0,2129.0,2172.0,2165.0,2165.0,1490.0,639.0,1516.0,646.0
0.0,4222.0,2154.0,2130.0,2165.0,2157.0,2157.0,1491.0,639.0,1506.0,648.0
0.0,4233.0,2162.0,2130.0,2157.0,2162.0,2162.0,1491.0,639.0,1515.0,647.0
0.0,4228.0,2155.0,2130.0,2162.0,2155.0,2155.0,1491.0,639.0,1510.0,645.0
0.0,4235.0,2159.0,2131.0,2155.0,2162.0,2162.0,1492.0,639.0,1505.0,654.0
0.0,4231.0,2159.0,2131.0,2162.0,2159.0,2159.0,1492.0,639.0,1514.0,645.0
0.0,4234.0,2150.0,2132.0,2159.0,2153.0,2153.0,1493.0,639.0,1504.0,646.0
0.0,4243.0,2153.0,2133.0,2153.0,2156.0,2156.0,1493.0,640.0,1506.0,647.0
0.0,4243.0,2154.0,2134.0,2156.0,2157.0,2157.0,1494.0,640.0,1506.0,648.0
0.0,4245.0,2162.0,2134.0,2157.0,2162.0,2162.0,1494.0,640.0,1512.0,650.0
0.0,4240.0,2155.0,2134.0,2162.0,2155.0,2155.0,1494.0,640.0,1504.0,651.0
0.0,4247.0,2161.0,2135.0,2155.0,2164.0,2164.0,1495.0,640.0,1511.0,650.0
0.0,4241.0,2147.0,2137.0,2164.0,2153.0,2153.0,1496.0,641.0,1498.0,649.0
0.0,4258.0,2157.0,2137.0,2153.0,2157.0,2157.0,1496.0,641.0,1511.0,646.0
0.0,4254.0,2158.0,2137.0,2157.0,2158.0,2158.0,1496.0,641.0,1505.0,653.0
0.0,4253.0,2154.0,2138.0,2158.0,2157.0,2157.0,1497.0,641.0,1505.0,649.0
0.0,4257.0,2144.0,2138.0,2157.0,2144.0,2144.0,1497.0,641.0,1500.0,644.0
0.0,4270.0,2151.0,2139.0,2144.0,2154.0,2154.0,1497.0,642.0,1502.0,649.0
0.0,4263.0,2147.0,2140.0,2154.0,2150.0,2150.0,1498.0,642.0,1501.0,646.0
0.0,4270.0,2162.0,2140.0,2150.0,2162.0,2162.0,1498.0,642.0,1514.0,648.0
0.0,4258.0,2158.0,2141.0,2162.0,2161.0,2161.0,1499.0,642.0,1504.0,654.0
0.0,4262.0,2162.0,2142.0,2161.0,2165.0,2165.0,1499.0,643.0,1512.0,650.0
0.0,4261.0,2157.0,2143.0,2165.0,2160.0,2160.0,1500.0,643.0,1511.0,646.0
0.0,4269.0,2155.0,2143.0,2160.0,2155.0,2155.0,1500.0,643.0,1508.0,647.0
0.0,4274.0,2148.0,2143.0,2155.0,2148.0,2148.0,1500.0,643.0,1502.0,646.0
0.0,4281.0,2161.0,2145.0,2148.0,2167.0,2167.0,1501.0,644.0,1514.0,647.0
0.0,4268.0,2151.0,2145.0,2167.0,2151.0,2151.0,1501.0,644.0,1506.0,645.0
0.0,4284.0,2147.0,2146.0,2151.0,2150.0,2150.0,1502.0,644.0,1502.0,645.0
0.0,4288.0,2151.0,2146.0,2150.0,2151.0,2151.0,1502.0,644.0,1506.0,645.0
0.0,4287.0,2145.0,2147.0,2151.0,2148.0,2148.0,1503.0,644.0,1504.0,641.0
0.0,4293.0,2152.0,2147.0,2148.0,2152.0,2152.0,1503.0,644.0,1505.0,647.0
0.0,4289.0,2155.0,2149.0,2152.0,2161.0,2161.0,1504.0,645.0,1510.0,645.0
0.0,4286.0,2150.0,2149.0,2161.0,2150.0,2150.0,1504.0,645.0,1501.0,649.0
0.0,4297.0,2160.0,2150.0,2150.0,2163.0,2163.0,1505.0,645.0,1510.0,650.0
0.0,4287.0,2139.0,2150.0,2163.0,2139.0,2139.0,1505.0,645.0,1493.0,646.0
0.0,4311.0,2157.0,2152.0,2139.0,2163.0,2163.0,1506.0,646.0,1510.0,647.0
0.0,4293.0,2153.0,2152.0,2163.0,2153.0,2153.0,1506.0,646.0,1501.0,652.0
0.0,4303.0,2176.0,2152.0,2153.0,2176.0,2176.0,1506.0,646.0,1526.0,650.0
0.0,4280.0,2166.0,2153.0,2176.0,2169.0,2169.0,1507.0,646.0,1516.0,650.0
0.0,4290.0,2167.0,2154.0,2169.0,2170.0,2170.0,1507.0,647.0,1517.0,650.0
0.0,4292.0,2173.0,2155.0,2170.0,2176.0,2176.0,1508.0,647.0,1524.0,649.0
0.0,4289.0,2174.0,2155.0,2176.0,2174.0,2174.0,1508.0,647.0,1521.0,653.0
0.0,4291.0,2173.0,2156.0,2174.0,2176.0,2176.0,1509.0,647.0,1525.0,648.0
0.0,4292.0,2184.0,2157.0,2176.0,2187.0,2187.0,1509.0,648.0,1528.0,656.0
0.0,4284.0,2181.0,2158.0,2187.0,2184.0,2184.0,1510.0,648.0,1529.0,652.0
0.0,4290.0,2181.0,2158.0,2184.0,2181.0,2181.0,1510.0,648.0,1531.0,650.0
0.0,4293.0,2191.0,2159.0,2181.0,2194.0,2194.0,1511.0,648.0,1534.0,657.0
0.0,4283.0,2187.0,2159.0,2194.0,2187.0,2187.0,1511.0,648.0,1533.0,654.0
0.0,4290.0,2190.0,2161.0,2187.0,2196.0,2196.0,1512.0,649.0,1535.0,655.0
0.0,4287.0,2197.0,2161.0,2196.0,2197.0,2197.0,1512.0,649.0,1541.0,656.0
0.0,4286.0,2190.0,2162.0,2197.0,2193.0,2193.0,1513.0,649.0,1532.0,658.0
0.0,4293.0,2202.0,2162.0,2193.0,2202.0,2202.0,1513.0,649.0,1542.0,660.0
0.0,4284.0,2195.0,2162.0,2202.0,2195.0,2195.0,1513.0,649.0,1537.0,658.0
0.0,4291.0,2193.0,2164.0,2195.0,2199.0,2199.0,1514.0,650.0,1536.0,657.0
0.0,4293.0,2184.0,2164.0,2199.0,2184.0,2184.0,1514.0,650.0,1531.0,653.0
0.0,4308.0,2190.0,2165.0,2184.0,2193.0,2193.0,1515.0,650.0,1533.0,657.0
0.0,4302.0,2188.0,2165.0,2193.0,2188.0,2188.0,1515.0,650.0,1533.0,655.0
0.0,4307.0,2188.0,2166.0,2188.0,2191.0,2191.0,1516.0,650.0,1529.0,659.0
0.0,4307.0,2191.0,2167.0,2191.0,2194.0,2194.0,1516.0,651.0,1533.0,658.0
0.0,4307.0,2187.0,2168.0,2194.0,2190.0,2190.0,1517.0,651.0,1529.0,658.0
0.0,4314.0,2191.0,2168.0,2190.0,2191.0,2191.0,1517.0,651.0,1533.0,658.0
0.0,4313.0,2193.0,2169.0,2191.0,2196.0,2196.0,1518.0,651.0,1536.0,657.0
0.0,4311.0,2199.0,2169.0,2196.0,2199.0,2199.0,1518.0,651.0,1537.0,662.0
0.0,4308.0,2194.0,2170.0,2199.0,2197.0,2197.0,1519.0,651.0,1534.0,660.0
0.0,4313.0,2194.0,2171.0,2197.0,2197.0,2197.0,1519.0,652.0,1536.0,658.0
0.0,4316.0,2185.0,2172.0,2197.0,2188.0,2188.0,1520.0,652.0,1528.0,657.0
0.0,4328.0,2189.0,2172.0,2188.0,2189.0,2189.0,1520.0,652.0,1530.0,659.0
0.0,4327.0,2193.0,2173.0,2189.0,2196.0,2196.0,1521.0,652.0,1531.0,662.0
0.0,4323.0,2200.0,2174.0,2196.0,2203.0,2203.0,1521.0,653.0,1540.0,660.0
0.0,4319.0,2196.0,2175.0,2203.0,2199.0,2199.0,1522.0,653.0,1541.0,655.0
0.0,4326.0,2184.0,2176.0,2199.0,2187.0,2187.0,1523.0,653.0,1526.0,658.0
0.0,4341.0,2185.0,2176.0,2187.0,2185.0,2185.0,1523.0,653.0,1528.0,657.0
0.0,4343.0,2195.0,2177.0,2185.0,2198.0,2198.0,1524.0,653.0,1540.0,655.0
0.0,4333.0,2202.0,2177.0,2198.0,2202.0,2202.0,1524.0,653.0,1542.0,660.0
0.0,4329.0,2186.0,2178.0,2202.0,2189.0,2189.0,1525.0,653.0,1529.0,657.0
0.0,4345.0,2192.0,2179.0,2189.0,2195.0,2195.0,1525.0,654.0,1534.0,658.0
0.0,4342.0,2185.0,2180.0,2195.0,2188.0,2188.0,1526.0,654.0,1531.0,654.0
0.0,4352.0,2196.0,2180.0,2188.0,2196.0,2196.0,1526.0,654.0,1538.0,658.0
0.0,4344.0,2189.0,2180.0,2196.0,2189.0,2189.0,1526.0,654.0,1527.0,662.0
0.0,4351.0,2195.0,2182.0,2189.0,2201.0,2201.0,1527.0,655.0,1534.0,661.0
0.0,4345.0,2187.0,2183.0,2201.0,2190.0,2190.0,1528.0,655.0,1529.0,658.0
0.0,4359.0,2193.0,2183.0,2190.0,2193.0,2193.0,1528.0,655.0,1532.0,661.0
0.0,4356.0,2191.0,2185.0,2193.0,2197.0,2197.0,1529.0,656.0,1532.0,659.0
0.0,4358.0,2187.0,2185.0,2197.0,2187.0,2187.0,1529.0,656.0,1532.0,655.0
0.0,4368.0,2181.0,2185.0,2187.0,2181.0,2181.0,1529.0,656.0,1523.0,658.0
0.0,4374.0,2193.0,2186.0,2181.0,2196.0,2196.0,1530.0,656.0,1536.0,657.0
0.0,4362.0,2187.0,2187.0,2196.0,2190.0,2190.0,1531.0,656.0,1528.0,659.0
0.0,4371.0,2197.0,2187.0,2190.0,2197.0,2197.0,1531.0,656.0,1539.0,658.0
0.0,4364.0,2192.0,2189.0,2197.0,2198.0,2198.0,1532.0,657.0,1535.0,657.0
0.0,4369.0,2191.0,2189.0,2198.0,2191.0,2191.0,1532.0,657.0,1535.0,656.0
0.0,4376.0,2198.0,2189.0,2191.0,2198.0,2198.0,1532.0,657.0,1540.0,658.0
0.0,4369.0,2199.0,2190.0,2198.0,2202.0,2202.0,1533.0,657.0,1538.0,661.0
0.0,4368.0,2211.0,2190.0,2202.0,2211.0,2211.0,1533.0,657.0,1548.0,663.0
0.0,4359.0,2205.0,2192.0,2211.0,2211.0,2211.0,1534.0,658.0,1544.0,661.0
0.0,4365.0,2219.0,2192.0,2211.0,2219.0,2219.0,1534.0,658.0,1556.0,663.0
0.0,4357.0,2209.0,2193.0,2219.0,2212.0,2212.0,1535.0,658.0,1548.0,661.0
0.0,4367.0,2222.0,2193.0,2212.0,2222.0,2222.0,1535.0,658.0,1554.0,668.0
0.0,4357.0,2216.0,2194.0,2222.0,2219.0,2219.0,1536.0,658.0,1552.0,664.0
0.0,4363.0,2218.0,2195.0,2219.0,2221.0,2221.0,1536.0,659.0,1556.0,662.0
0.0,4364.0,2222.0,2196.0,2221.0,2225.0,2225.0,1537.0,659.0,1556.0,666.0
0.0,4363.0,2225.0,2196.0,2225.0,2225.0,2225.0,1537.0,659.0,1562.0,663.0
0.0,4363.0,2224.0,2196.0,2225.0,2224.0,2224.0,1537.0,659.0,1562.0,662.0
0.0,4364.0,2232.0,2197.0,2224.0,2235.0,2235.0,1538.0,659.0,1563.0,669.0
0.0,4356.0,2225.0,2197.0,2235.0,2225.0,2225.0,1538.0,659.0,1557.0,668.0
0.0,4366.0,2218.0,2199.0,2225.0,2224.0,2224.0,1539.0,660.0,1552.0,666.0
0.0,4373.0,2236.0,2199.0,2224.0,2236.0,2236.0,1539.0,660.0,1565.0,671.0
0.0,4361.0,2225.0,2200.0,2236.0,2228.0,2228.0,1540.0,660.0,1556.0,669.0
0.0,4372.0,2231.0,2200.0,2228.0,2231.0,2231.0,1540.0,660.0,1562.0,669.0
0.0,4369.0,2217.0,2202.0,2231.0,2223.0,2223.0,1541.0,661.0,1552.0,665.0
0.0,4383.0,2230.0,2202.0,2223.0,2230.0,2230.0,1541.0,661.0,1565.0,665.0
0.0,4376.0,2226.0,2203.0,2230.0,2229.0,2229.0,1542.0,661.0,1558.0,668.0
0.0,4380.0,2220.0,2203.0,2229.0,2220.0,2220.0,1542.0,661.0,1554.0,666.0
0.0,4389.0,2224.0,2204.0,2220.0,2227.0,2227.0,1543.0,661.0,1556.0,668.0
0.0,4385.0,2232.0,2204.0,2227.0,2232.0,2232.0,1543.0,661.0,1563.0,669.0
0.0,4380.0,2221.0,2206.0,2232.0,2227.0,2227.0,1544.0,662.0,1553.0,668.0
0.0,4391.0,2215.0,2206.0,2227.0,2215.0,2215.0,1544.0,662.0,1547.0,668.0
0.0,4403.0,2227.0,2206.0,2215.0,2227.0,2227.0,1544.0,662.0,1560.0,667.0
0.0,4391.0,2238.0,2207.0,2227.0,2241.0,2241.0,1545.0,662.0,1563.0,675.0
0.0,4380.0,2219.0,2207.0,2241.0,2219.0,2219.0,1545.0,662.0,1552.0,667.0
0.0,4402.0,2225.0,2208.0,2219.0,2228.0,2228.0,1546.0,662.0,1561.0,664.0
0.0,4396.0,2227.0,2209.0,2228.0,2230.0,2230.0,1546.0,663.0,1559.0,668.0
0.0,4397.0,2226.0,2210.0,2230.0,2229.0,2229.0,1547.0,663.0,1556.0,670.0
0.0,4401.0,2229.0,2210.0,2229.0,2229.0,2229.0,1547.0,663.0,1561.0,668.0
0.0,4401.0,2226.0,2211.0,2229.0,2229.0,2229.0,1548.0,663.0,1557.0,669.0
0.0,4404.0,2231.0,2212.0,2229.0,2234.0,2234.0,1548.0,664.0,1564.0,667.0
0.0,4402.0,2221.0,2212.0,2234.0,2221.0,2221.0,1548.0,664.0,1552.0,669.0
0.0,4415.0,2226.0,2213.0,2221.0,2229.0,2229.0,1549.0,664.0,1559.0,667.0
0.0,4410.0,2225.0,2213.0,2229.0,2225.0,2225.0,1549.0,664.0,1552.0,673.0
0.0,4414.0,2219.0,2214.0,2225.0,2222.0,2222.0,1550.0,664.0,1553.0,666.0
0.0,4420.0,2239.0,2215.0,2222.0,2242.0,2242.0,1550.0,665.0,1570.0,669.0
0.0,4403.0,2218.0,2216.0,2242.0,2221.0,2221.0,1551.0,665.0,1550.0,668.0
0.0,4427.0,2227.0,2216.0,2221.0,2227.0,2227.0,1551.0,665.0,1558.0,669.0
0.0,4421.0,2225.0,2217.0,2227.0,2228.0,2228.0,1552.0,665.0,1554.0,671.0
0.0,4423.0,2215.0,2217.0,2228.0,2215.0,2215.0,1552.0,665.0,1547.0,668.0
0.0,4436.0,2215.0,2217.0,2215.0,2215.0,2215.0,1552.0,665.0,1547.0,668.0
0.0,4436.0,2213.0,2219.0,2215.0,2219.0,2219.0,1553.0,666.0,1544.0,669.0
0.0,4438.0,2219.0,2219.0,2219.0,2219.0,2219.0,1553.0,666.0,1555.0,664.0
0.0,4438.0,2221.0,2219.0,2219.0,2221.0,2221.0,1553.0,666.0,1548.0,673.0
0.0,4436.0,2222.0,2220.0,2221.0,2225.0,2225.0,1554.0,666.0,1554.0,668.0
0.0,4435.0,2223.0,2221.0,2225.0,2226.0,2226.0,1554.0,667.0,1550.0,673.0
0.0,4437.0,2231.0,2222.0,2226.0,2234.0,2234.0,1555.0,667.0,1561.0,670.0
0.0,4432.0,2237.0,2222.0,2234.0,2237.0,2237.0,1555.0,667.0,1566.0,671.0
0.0,4429.0,2244.0,2223.0,2237.0,2247.0,2247.0,1556.0,667.0,1569.0,675.0
0.0,4422.0,2240.0,2224.0,2247.0,2243.0,2243.0,1556.0,668.0,1567.0,673.0
0.0,4429.0,2245.0,2225.0,2243.0,2248.0,2248.0,1557.0,668.0,1571.0,674.0
0.0,4427.0,2256.0,2225.0,2248.0,2256.0,2256.0,1557.0,668.0,1578.0,678.0
0.0,4419.0,2259.0,2226.0,2256.0,2262.0,2262.0,1558.0,668.0,1585.0,674.0
0.0,4416.0,2242.0,2227.0,2262.0,2245.0,2245.0,1558.0,669.0,1570.0,672.0
0.0,4436.0,2245.0,2228.0,2245.0,2248.0,2248.0,1559.0,669.0,1574.0,671.0
0.0,4436.0,2253.0,2228.0,2248.0,2253.0,2253.0,1559.0,669.0,1578.0,675.0
0.0,4431.0,2250.0,2229.0,2253.0,2253.0,2253.0,1560.0,669.0,1575.0,675.0
0.0,4434.0,2263.0,2229.0,2253.0,2263.0,2263.0,1560.0,669.0,1588.0,675.0
0.0,4424.0,2262.0,2231.0,2263.0,2268.0,2268.0,1561.0,670.0,1586.0,676.0
0.0,4425.0,2255.0,2231.0,2268.0,2255.0,2255.0,1561.0,670.0,1580.0,675.0
0.0,4438.0,2249.0,2231.0,2255.0,2249.0,2249.0,1561.0,670.0,1579.0,670.0
0.0,4444.0,2263.0,2232.0,2249.0,2266.0,2266.0,1562.0,670.0,1588.0,675.0
0.0,4430.0,2258.0,2233.0,2266.0,2261.0,2261.0,1563.0,670.0,1581.0,677.0
0.0,4438.0,2263.0,2233.0,2261.0,2263.0,2263.0,1563.0,670.0,1587.0,676.0
0.0,4436.0,2257.0,2233.0,2263.0,2257.0,2257.0,1563.0,670.0,1581.0,676.0
0.0,4442.0,2266.0,2235.0,2257.0,2272.0,2272.0,1564.0,671.0,1589.0,677.0
0.0,4433.0,2261.0,2236.0,2272.0,2264.0,2264.0,1565.0,671.0,1586.0,675.0
0.0,4444.0,2250.0,2236.0,2264.0,2250.0,2250.0,1565.0,671.0,1572.0,678.0
0.0,4458.0,2269.0,2236.0,2250.0,2269.0,2269.0,1565.0,671.0,1588.0,681.0
0.0,4439.0,2256.0,2238.0,2269.0,2262.0,2262.0,1566.0,672.0,1577.0,679.0
0.0,4452.0,2255.0,2238.0,2262.0,2255.0,2255.0,1566.0,672.0,1577.0,678.0
0.0,4459.0,2262.0,2239.0,2255.0,2265.0,2265.0,1567.0,672.0,1581.0,681.0
0.0,4452.0,2254.0,2239.0,2265.0,2254.0,2254.0,1567.0,672.0,1577.0,677.0
0.0,4463.0,2251.0,2240.0,2254.0,2254.0,2254.0,1568.0,672.0,1573.0,678.0
0.0,4466.0,2259.0,2241.0,2254.0,2262.0,2262.0,1568.0,673.0,1581.0,678.0
0.0,4461.0,2260.0,2241.0,2262.0,2260.0,2260.0,1568.0,673.0,1585.0,675.0
0.0,4463.0,2248.0,2242.0,2260.0,2251.0,2251.0,1569.0,673.0,1572.0,676.0
0.0,4475.0,2256.0,2242.0,2251.0,2256.0,2256.0,1569.0,673.0,1579.0,677.0
0.0,4470.0,2253.0,2242.0,2256.0,2253.0,2253.0,1569.0,673.0,1573.0,680.0
0.0,4473.0,2252.0,2243.0,2253.0,2255.0,2255.0,1570.0,673.0,1576.0,676.0
0.0,4474.0,2261.0,2244.0,2255.0,2264.0,2264.0,1570.0,674.0,1584.0,677.0
0.0,4468.0,2252.0,2245.0,2264.0,2255.0,2255.0,1571.0,674.0,1576.0,676.0
0.0,4480.0,2264.0,2245.0,2255.0,2264.0,2264.0,1571.0,674.0,1586.0,678.0
0.0,4471.0,2262.0,2246.0,2264.0,2265.0,2265.0,1572.0,674.0,1582.0,680.0
0.0,4473.0,2265.0,2246.0,2265.0,2265.0,2265.0,1572.0,674.0,1587.0,678.0
0.0,4473.0,2267.0,2247.0,2265.0,2270.0,2270.0,1573.0,674.0,1589.0,678.0
0.0,4471.0,2258.0,2248.0,2270.0,2261.0,2261.0,1573.0,675.0,1578.0,680.0
0.0,4483.0,2256.0,2248.0,2261.0,2256.0,2256.0,1573.0,675.0,1576.0,680.0
0.0,4488.0,2254.0,2249.0,2256.0,2257.0,2257.0,1574.0,675.0,1578.0,676.0
0.0,4490.0,2254.0,2249.0,2257.0,2254.0,2254.0,1574.0,675.0,1575.0,679.0
0.0,4493.0,2257.0,2250.0,2254.0,2260.0,2260.0,1575.0,675.0,1578.0,679.0
0.0,4490.0,2262.0,2251.0,2260.0,2265.0,2265.0,1575.0,676.0,1582.0,680.0
0.0,4488.0,2255.0,2252.0,2265.0,2258.0,2258.0,1576.0,676.0,1577.0,678.0
0.0,4498.0,2264.0,2253.0,2258.0,2267.0,2267.0,1577.0,676.0,1582.0,682.0
0.0,4492.0,2259.0,2253.0,2267.0,2259.0,2259.0,1577.0,676.0,1579.0,680.0
0.0,4500.0,2255.0,2254.0,2259.0,2258.0,2258.0,1578.0,676.0,1577.0,678.0
0.0,4504.0,2256.0,2255.0,2258.0,2259.0,2259.0,1578.0,677.0,1578.0,678.0
0.0,4506.0,2266.0,2256.0,2259.0,2269.0,2269.0,1579.0,677.0,1584.0,682.0
0.0,4499.0,2270.0,2256.0,2269.0,2270.0,2270.0,1579.0,677.0,1589.0,681.0
0.0,4498.0,2269.0,2257.0,2270.0,2272.0,2272.0,1580.0,677.0,1585.0,684.0
0.0,4499.0,2258.0,2257.0,2272.0,2258.0,2258.0,1580.0,677.0,1577.0,681.0
0.0,4513.0,2271.0,2258.0,2258.0,2274.0,2274.0,1580.0,678.0,1591.0,680.0
0.0,4500.0,2274.0,2259.0,2274.0,2277.0,2277.0,1581.0,678.0,1595.0,679.0
0.0,4500.0,2278.0,2259.0,2277.0,2278.0,2278.0,1581.0,678.0,1596.0,682.0
0.0,4499.0,2282.0,2259.0,2278.0,2282.0,2282.0,1581.0,678.0,1597.0,685.0
0.0,4495.0,2290.0,2260.0,2282.0,2293.0,2293.0,1582.0,678.0,1605.0,685.0
0.0,4487.0,2276.0,2260.0,2293.0,2276.0,2276.0,1582.0,678.0,1594.0,682.0
0.0,4504.0,2296.0,2262.0,2276.0,2302.0,2302.0,1583.0,679.0,1610.0,686.0
0.0,4484.0,2285.0,2262.0,2302.0,2285.0,2285.0,1583.0,679.0,1597.0,688.0
0.0,4501.0,2292.0,2263.0,2285.0,2295.0,2295.0,1584.0,679.0,1607.0,685.0
0.0,4494.0,2301.0,2263.0,2295.0,2301.0,2301.0,1584.0,679.0,1613.0,688.0
0.0,4488.0,2296.0,2264.0,2301.0,2299.0,2299.0,1585.0,679.0,1608.0,688.0
0.0,4493.0,2295.0,2265.0,2299.0,2298.0,2298.0,1585.0,680.0,1610.0,685.0
0.0,4497.0,2299.0,2266.0,2298.0,2302.0,2302.0,1586.0,680.0,1613.0,686.0
0.0,4496.0,2293.0,2266.0,2302.0,2293.0,2293.0,1586.0,680.0,1605.0,688.0
0.0,4505.0,2293.0,2267.0,2293.0,2296.0,2296.0,1587.0,680.0,1605.0,688.0
0.0,4505.0,2300.0,2268.0,2296.0,2303.0,2303.0,1587.0,681.0,1613.0,687.0
0.0,4501.0,2298.0,2269.0,2303.0,2301.0,2301.0,1588.0,681.0,1607.0,691.0
0.0,4506.0,2298.0,2269.0,2301.0,2298.0,2298.0,1588.0,681.0,1610.0,688.0
0.0,4509.0,2293.0,2270.0,2298.0,2296.0,2296.0,1589.0,681.0,1606.0,687.0
0.0,4514.0,2293.0,2270.0,2296.0,2293.0,2293.0,1589.0,681.0,1604.0,689.0
0.0,4517.0,2285.0,2272.0,2293.0,2291.0,2291.0,1590.0,682.0,1598.0,687.0
0.0,4525.0,2291.0,2272.0,2291.0,2291.0,2291.0,1590.0,682.0,1601.0,690.0
0.0,4525.0,2282.0,2272.0,2291.0,2282.0,2282.0,1590.0,682.0,1597.0,685.0
0.0,4534.0,2281.0,2273.0,2282.0,2284.0,2284.0,1591.0,682.0,1594.0,687.0
0.0,4535.0,2291.0,2273.0,2284.0,2291.0,2291.0,1591.0,682.0,1603.0,688.0
0.0,4528.0,2288.0,2275.0,2291.0,2294.0,2294.0,1592.0,683.0,1599.0,689.0
0.0,4531.0,2294.0,2275.0,2294.0,2294.0,2294.0,1592.0,683.0,1607.0,687.0
0.0,4531.0,2288.0,2276.0,2294.0,2291.0,2291.0,1593.0,683.0,1603.0,685.0
0.0,4537.0,2293.0,2276.0,2291.0,2293.0,2293.0,1593.0,683.0,1609.0,684.0
0.0,4535.0,2299.0,2277.0,2293.0,2302.0,2302.0,1594.0,683.0,1610.0,689.0
0.0,4529.0,2286.0,2277.0,2302.0,2286.0,2286.0,1594.0,683.0,1604.0,682.0
0.0,4545.0,2294.0,2279.0,2286.0,2300.0,2300.0,1595.0,684.0,1605.0,689.0
0.0,4537.0,2296.0,2279.0,2300.0,2296.0,2296.0,1595.0,684.0,1607.0,689.0
0.0,4541.0,2289.0,2280.0,2296.0,2292.0,2292.0,1596.0,684.0,1602.0,687.0
0.0,4548.0,2289.0,2280.0,2292.0,2289.0,2289.0,1596.0,684.0,1603.0,686.0
0.0,4551.0,2289.0,2280.0,2289.0,2289.0,2289.0,1596.0,684.0,1605.0,684.0
0.0,4551.0,2293.0,2281.0,2289.0,2296.0,2296.0,1597.0,684.0,1605.0,688.0
0.0,4547.0,2291.0,2282.0,2296.0,2294.0,2294.0,1597.0,685.0,1605.0,686.0
0.0,4552.0,2295.0,2283.0,2294.0,2298.0,2298.0,1598.0,685.0,1605.0,690.0
0.0,4551.0,2293.0,2283.0,2298.0,2293.0,2293.0,1598.0,685.0,1606.0,687.0
0.0,4556.0,2299.0,2284.0,2293.0,2302.0,2302.0,1599.0,685.0,1609.0,690.0
0.0,4550.0,2292.0,2285.0,2302.0,2295.0,2295.0,1600.0,685.0,1601.0,691.0
0.0,4560.0,2293.0,2286.0,2295.0,2296.0,2296.0,1600.0,686.0,1601.0,692.0
0.0,4562.0,2298.0,2286.0,2296.0,2298.0,2298.0,1600.0,686.0,1608.0,690.0
0.0,4560.0,2288.0,2287.0,2298.0,2291.0,2291.0,1601.0,686.0,1599.0,689.0
0.0,4570.0,2297.0,2287.0,2291.0,2297.0,2297.0,1601.0,686.0,1606.0,691.0
0.0,4564.0,2301.0,2289.0,2297.0,2307.0,2307.0,1602.0,687.0,1607.0,694.0
0.0,4560.0,2299.0,2289.0,2307.0,2299.0,2299.0,1602.0,687.0,1610.0,689.0
0.0,4568.0,2304.0,2290.0,2299.0,2307.0,2307.0,1603.0,687.0,1612.0,692.0
0.0,4563.0,2309.0,2290.0,2307.0,2309.0,2309.0,1603.0,687.0,1610.0,699.0
0.0,4561.0,2300.0,2291.0,2309.0,2303.0,2303.0,1604.0,687.0,1608.0,692.0
0.0,4570.0,2312.0,2293.0,2303.0,2318.0,2318.0,1605.0,688.0,1619.0,693.0
0.0,4561.0,2310.0,2293.0,2318.0,2310.0,2310.0,1605.0,688.0,1615.0,695.0
0.0,4569.0,2308.0,2294.0,2310.0,2311.0,2311.0,1606.0,688.0,1614.0,694.0
0.0,4571.0,2318.0,2295.0,2311.0,2321.0,2321.0,1606.0,689.0,1621.0,697.0
0.0,4564.0,2318.0,2296.0,2321.0,2321.0,2321.0,1607.0,689.0,1624.0,694.0
0.0,4567.0,2327.0,2296.0,2321.0,2327.0,2327.0,1607.0,689.0,1634.0,693.0
0.0,4561.0,2330.0,2297.0,2327.0,2333.0,2333.0,1608.0,689.0,1632.0,698.0
0.0,4558.0,2336.0,2297.0,2333.0,2336.0,2336.0,1608.0,689.0,1636.0,700.0
0.0,4555.0,2331.0,2299.0,2336.0,2337.0,2337.0,1609.0,690.0,1635.0,696.0
0.0,4560.0,2326.0,2300.0,2337.0,2329.0,2329.0,1610.0,690.0,1631.0,695.0
0.0,4571.0,2327.0,2300.0,2329.0,2327.0,2327.0,1610.0,690.0,1628.0,699.0
0.0,4573.0,2333.0,2300.0,2327.0,2333.0,2333.0,1610.0,690.0,1632.0,701.0
0.0,4567.0,2333.0,2302.0,2333.0,2339.0,2339.0,1611.0,691.0,1633.0,700.0
0.0,4567.0,2342.0,2302.0,2339.0,2342.0,2342.0,1611.0,691.0,1643.0,699.0
0.0,4564.0,2330.0,2303.0,2342.0,2333.0,2333.0,1612.0,691.0,1634.0,696.0
0.0,4576.0,2339.0,2303.0,2333.0,2339.0,2339.0,1612.0,691.0,1636.0,703.0
0.0,4570.0,2331.0,2304.0,2339.0,2334.0,2334.0,1613.0,691.0,1633.0,698.0
0.0,4578.0,2325.0,2305.0,2334.0,2328.0,2328.0,1613.0,692.0,1627.0,698.0
0.0,4587.0,2324.0,2306.0,2328.0,2327.0,2327.0,1614.0,692.0,1626.0,698.0
0.0,4591.0,2334.0,2306.0,2327.0,2334.0,2334.0,1614.0,692.0,1634.0,700.0
0.0,4584.0,2332.0,2307.0,2334.0,2335.0,2335.0,1615.0,692.0,1632.0,700.0
0.0,4586.0,2325.0,2307.0,2335.0,2325.0,2325.0,1615.0,692.0,1628.0,697.0
0.0,4596.0,2326.0,2309.0,2325.0,2332.0,2332.0,1616.0,693.0,1630.0,696.0
0.0,4595.0,2319.0,2309.0,2332.0,2319.0,2319.0,1616.0,693.0,1622.0,697.0
0.0,4608.0,2325.0,2310.0,2319.0,2328.0,2328.0,1617.0,693.0,1629.0,696.0
0.0,4602.0,2338.0,2311.0,2328.0,2341.0,2341.0,1618.0,693.0,1637.0,701.0
0.0,4592.0,2325.0,2311.0,2341.0,2325.0,2325.0,1618.0,693.0,1630.0,695.0
0.0,4608.0,2323.0,2312.0,2325.0,2326.0,2326.0,1618.0,694.0,1625.0,698.0
0.0,4610.0,2338.0,2313.0,2326.0,2341.0,2341.0,1619.0,694.0,1643.0,695.0
0.0,4598.0,2320.0,2314.0,2341.0,2323.0,2323.0,1620.0,694.0,1629.0,691.0
0.0,4619.0,2335.0,2314.0,2323.0,2335.0,2335.0,1620.0,694.0,1638.0,697.0
0.0,4607.0,2324.0,2315.0,2335.0,2327.0,2327.0,1621.0,694.0,1627.0,697.0
0.0,4618.0,2322.0,2315.0,2327.0,2322.0,2322.0,1621.0,694.0,1625.0,697.0
0.0,4623.0,2324.0,2316.0,2322.0,2327.0,2327.0,1621.0,695.0,1626.0,698.0
0.0,4621.0,2330.0,2317.0,2327.0,2333.0,2333.0,1622.0,695.0,1634.0,696.0
0.0,4618.0,2323.0,2317.0,2333.0,2323.0,2323.0,1622.0,695.0,1625.0,698.0
0.0,4628.0,2317.0,2318.0,2323.0,2320.0,2320.0,1623.0,695.0,1620.0,697.0
0.0,4634.0,2327.0,2318.0,2320.0,2327.0,2327.0,1623.0,695.0,1629.0,698.0
0.0,4627.0,2318.0,2320.0,2327.0,2324.0,2324.0,1624.0,696.0,1626.0,692.0
0.0,4636.0,2321.0,2320.0,2324.0,2321.0,2321.0,1624.0,696.0,1626.0,695.0
0.0,4639.0,2322.0,2320.0,2321.0,2322.0,2322.0,1624.0,696.0,1624.0,698.0
0.0,4638.0,2320.0,2321.0,2322.0,2323.0,2323.0,1625.0,696.0,1622.0,698.0
0.0,4640.0,2329.0,2321.0,2323.0,2329.0,2329.0,1625.0,696.0,1628.0,701.0
0.0,4634.0,2316.0,2321.0,2329.0,2316.0,2316.0,1625.0,696.0,1616.0,700.0
0.0,4647.0,2325.0,2323.0,2316.0,2331.0,2331.0,1626.0,697.0,1625.0,700.0
0.0,4638.0,2331.0,2323.0,2331.0,2331.0,2331.0,1626.0,697.0,1631.0,700.0
0.0,4638.0,2331.0,2324.0,2331.0,2334.0,2334.0,1627.0,697.0,1632.0,699.0
0.0,4638.0,2330.0,2324.0,2334.0,2330.0,2330.0,1627.0,697.0,1631.0,699.0
0.0,4642.0,2338.0,2325.0,2330.0,2341.0,2341.0,1628.0,697.0,1633.0,705.0
0.0,4634.0,2337.0,2326.0,2341.0,2340.0,2340.0,1628.0,698.0,1634.0,703.0
0.0,4638.0,2340.0,2327.0,2340.0,2343.0,2343.0,1629.0,698.0,1638.0,702.0
0.0,4638.0,2338.0,2327.0,2343.0,2338.0,2338.0,1629.0,698.0,1637.0,701.0
0.0,4643.0,2352.0,2328.0,2338.0,2355.0,2355.0,1630.0,698.0,1645.0,707.0
0.0,4629.0,2350.0,2328.0,2355.0,2350.0,2350.0,1630.0,698.0,1644.0,706.0
0.0,4634.0,2340.0,2329.0,2350.0,2343.0,2343.0,1631.0,698.0,1638.0,702.0
0.0,4644.0,2355.0,2330.0,2343.0,2358.0,2358.0,1631.0,699.0,1647.0,708.0
0.0,4632.0,2344.0,2331.0,2358.0,2347.0,2347.0,1632.0,699.0,1638.0,706.0
0.0,4646.0,2363.0,2331.0,2347.0,2363.0,2363.0,1632.0,699.0,1653.0,710.0
0.0,4630.0,2360.0,2331.0,2363.0,2360.0,2360.0,1632.0,699.0,1652.0,708.0
0.0,4633.0,2365.0,2333.0,2360.0,2371.0,2371.0,1633.0,700.0,1657.0,708.0
0.0,4628.0,2377.0,2333.0,2371.0,2377.0,2377.0,1633.0,700.0,1666.0,711.0
0.0,4622.0,2367.0,2334.0,2377.0,2370.0,2370.0,1634.0,700.0,1655.0,712.0
0.0,4632.0,2369.0,2334.0,2370.0,2369.0,2369.0,1634.0,700.0,1659.0,710.0
0.0,4633.0,2365.0,2336.0,2369.0,2371.0,2371.0,1635.0,701.0,1655.0,710.0
0.0,4637.0,2371.0,2336.0,2371.0,2371.0,2371.0,1635.0,701.0,1661.0,710.0
0.0,4637.0,2375.0,2337.0,2371.0,2378.0,2378.0,1636.0,701.0,1666.0,709.0
0.0,4633.0,2379.0,2337.0,2378.0,2379.0,2379.0,1636.0,701.0,1665.0,714.0
0.0,4632.0,2364.0,2338.0,2379.0,2367.0,2367.0,1637.0,701.0,1656.0,708.0
0.0,4647.0,2369.0,2339.0,2367.0,2372.0,2372.0,1637.0,702.0,1662.0,707.0
0.0,4645.0,2353.0,2340.0,2372.0,2356.0,2356.0,1638.0,702.0,1645.0,708.0
0.0,4664.0,2367.0,2340.0,2356.0,2367.0,2367.0,1638.0,702.0,1657.0,710.0
0.0,4653.0,2354.0,2340.0,2367.0,2354.0,2354.0,1638.0,702.0,1640.0,714.0
0.0,4666.0,2366.0,2341.0,2354.0,2369.0,2369.0,1639.0,702.0,1657.0,709.0
0.0,4654.0,2358.0,2342.0,2369.0,2361.0,2361.0,1639.0,703.0,1645.0,713.0
0.0,4665.0,2363.0,2343.0,2361.0,2366.0,2366.0,1640.0,703.0,1654.0,709.0
0.0,4663.0,2362.0,2343.0,2366.0,2362.0,2362.0,1640.0,703.0,1650.0,712.0
0.0,4667.0,2372.0,2344.0,2362.0,2375.0,2375.0,1641.0,703.0,1663.0,709.0
0.0,4657.0,2359.0,2345.0,2375.0,2362.0,2362.0,1641.0,704.0,1649.0,710.0
0.0,4673.0,2358.0,2345.0,2362.0,2358.0,2358.0,1641.0,704.0,1650.0,708.0
0.0,4677.0,2375.0,2346.0,2358.0,2378.0,2378.0,1642.0,704.0,1663.0,712.0
0.0,4660.0,2363.0,2346.0,2378.0,2363.0,2363.0,1642.0,704.0,1655.0,708.0
0.0,4675.0,2366.0,2348.0,2363.0,2372.0,2372.0,1643.0,705.0,1657.0,709.0
0.0,4672.0,2357.0,2348.0,2372.0,2357.0,2357.0,1643.0,705.0,1653.0,704.0
0.0,4687.0,2356.0,2349.0,2357.0,2359.0,2359.0,1644.0,705.0,1654.0,702.0
0.0,4688.0,2366.0,2349.0,2359.0,2366.0,2366.0,1644.0,705.0,1654.0,712.0
0.0,4681.0,2358.0,2350.0,2366.0,2361.0,2361.0,1645.0,705.0,1654.0,704.0
0.0,4689.0,2363.0,2351.0,2361.0,2366.0,2366.0,1645.0,706.0,1657.0,706.0
0.0,4687.0,2367.0,2352.0,2366.0,2370.0,2370.0,1646.0,706.0,1660.0,707.0
0.0,4686.0,2358.0,2353.0,2370.0,2361.0,2361.0,1647.0,706.0,1654.0,704.0
0.0,4698.0,2366.0,2353.0,2361.0,2366.0,2366.0,1647.0,706.0,1660.0,706.0
0.0,4693.0,2356.0,2354.0,2366.0,2359.0,2359.0,1648.0,706.0,1646.0,710.0
0.0,4703.0,2369.0,2355.0,2359.0,2372.0,2372.0,1648.0,707.0,1661.0,708.0
0.0,4693.0,2359.0,2356.0,2372.0,2362.0,2362.0,1649.0,707.0,1653.0,706.0
0.0,4706.0,2363.0,2357.0,2362.0,2366.0,2366.0,1650.0,707.0,1660.0,703.0
0.0,4705.0,2364.0,2357.0,2366.0,2364.0,2364.0,1650.0,707.0,1655.0,709.0
0.0,4707.0,2357.0,2358.0,2364.0,2360.0,2360.0,1651.0,707.0,1649.0,708.0
0.0,4714.0,2359.0,2358.0,2360.0,2359.0,2359.0,1651.0,707.0,1653.0,706.0
0.0,4715.0,2350.0,2358.0,2359.0,2350.0,2350.0,1651.0,707.0,1644.0,706.0
0.0,4724.0,2358.0,2360.0,2350.0,2364.0,2364.0,1652.0,708.0,1649.0,709.0
0.0,4716.0,2363.0,2360.0,2364.0,2363.0,2363.0,1652.0,708.0,1655.0,708.0
0.0,4717.0,2361.0,2361.0,2363.0,2364.0,2364.0,1653.0,708.0,1652.0,709.0
0.0,4719.0,2357.0,2361.0,2364.0,2357.0,2357.0,1653.0,708.0,1646.0,711.0
0.0,4726.0,2376.0,2361.0,2357.0,2376.0,2376.0,1653.0,708.0,1660.0,716.0
0.0,4707.0,2368.0,2363.0,2376.0,2374.0,2374.0,1654.0,709.0,1653.0,715.0
0.0,4715.0,2373.0,2363.0,2374.0,2373.0,2373.0,1654.0,709.0,1659.0,714.0
0.0,4716.0,2385.0,2363.0,2373.0,2385.0,2385.0,1654.0,709.0,1669.0,716.0
0.0,4704.0,2380.0,2364.0,2385.0,2383.0,2383.0,1655.0,709.0,1662.0,718.0
0.0,4709.0,2384.0,2364.0,2383.0,2384.0,2384.0,1655.0,709.0,1670.0,714.0
0.0,4708.0,2382.0,2365.0,2384.0,2385.0,2385.0,1656.0,709.0,1668.0,714.0
0.0,4710.0,2394.0,2366.0,2385.0,2397.0,2397.0,1656.0,710.0,1678.0,716.0
0.0,4701.0,2387.0,2367.0,2397.0,2390.0,2390.0,1657.0,710.0,1669.0,718.0
0.0,4711.0,2390.0,2367.0,2390.0,2390.0,2390.0,1657.0,710.0,1669.0,721.0
0.0,4711.0,2392.0,2367.0,2390.0,2392.0,2392.0,1657.0,710.0,1672.0,720.0
0.0,4709.0,2408.0,2368.0,2392.0,2411.0,2411.0,1658.0,710.0,1689.0,719.0
0.0,4693.0,2405.0,2369.0,2411.0,2408.0,2408.0,1658.0,711.0,1686.0,719.0
0.0,4699.0,2407.0,2370.0,2408.0,2410.0,2410.0,1659.0,711.0,1687.0,720.0
0.0,4700.0,2403.0,2370.0,2410.0,2403.0,2403.0,1659.0,711.0,1682.0,721.0
0.0,4707.0,2412.0,2371.0,2403.0,2415.0,2415.0,1660.0,711.0,1686.0,726.0
0.0,4698.0,2398.0,2371.0,2415.0,2398.0,2398.0,1660.0,711.0,1678.0,720.0
0.0,4715.0,2400.0,2372.0,2398.0,2403.0,2403.0,1660.0,712.0,1677.0,723.0
0.0,4713.0,2406.0,2373.0,2403.0,2409.0,2409.0,1661.0,712.0,1683.0,723.0
0.0,4710.0,2408.0,2373.0,2409.0,2408.0,2408.0,1661.0,712.0,1680.0,728.0
0.0,4711.0,2400.0,2375.0,2408.0,2406.0,2406.0,1662.0,713.0,1679.0,721.0
0.0,4719.0,2405.0,2375.0,2406.0,2405.0,2405.0,1662.0,713.0,1682.0,723.0
0.0,4720.0,2405.0,2376.0,2405.0,2408.0,2408.0,1663.0,713.0,1682.0,723.0
0.0,4720.0,2400.0,2377.0,2408.0,2403.0,2403.0,1664.0,713.0,1675.0,725.0
0.0,4728.0,2386.0,2377.0,2403.0,2386.0,2386.0,1664.0,713.0,1665.0,721.0
0.0,4745.0,2389.0,2378.0,2386.0,2392.0,2392.0,1664.0,714.0,1673.0,716.0
0.0,4742.0,2397.0,2378.0,2392.0,2397.0,2397.0,1664.0,714.0,1678.0,719.0
0.0,4737.0,2405.0,2379.0,2397.0,2408.0,2408.0,1665.0,714.0,1687.0,718.0
0.0,4729.0,2397.0,2380.0,2408.0,2400.0,2400.0,1666.0,714.0,1676.0,721.0
0.0,4740.0,2403.0,2380.0,2400.0,2403.0,2403.0,1666.0,714.0,1686.0,717.0
0.0,4737.0,2382.0,2380.0,2403.0,2382.0,2382.0,1666.0,714.0,1667.0,715.0
0.0,4758.0,2404.0,2382.0,2382.0,2410.0,2410.0,1667.0,715.0,1687.0,717.0
0.0,4736.0,2393.0,2382.0,2410.0,2393.0,2393.0,1667.0,715.0,1673.0,720.0
0.0,4753.0,2393.0,2383.0,2393.0,2396.0,2396.0,1668.0,715.0,1674.0,719.0
0.0,4753.0,2397.0,2383.0,2396.0,2397.0,2397.0,1668.0,715.0,1680.0,717.0
0.0,4752.0,2399.0,2385.0,2397.0,2405.0,2405.0,1669.0,716.0,1680.0,719.0
0.0,4750.0,2391.0,2385.0,2405.0,2391.0,2391.0,1669.0,716.0,1676.0,715.0
0.0,4764.0,2399.0,2386.0,2391.0,2402.0,2402.0,1670.0,716.0,1683.0,716.0
0.0,4756.0,2391.0,2386.0,2402.0,2391.0,2391.0,1670.0,716.0,1674.0,717.0
0.0,4767.0,2391.0,2386.0,2391.0,2391.0,2391.0,1670.0,716.0,1678.0,713.0
0.0,4767.0,2390.0,2387.0,2391.0,2393.0,2393.0,1671.0,716.0,1672.0,718.0
0.0,4768.0,2393.0,2388.0,2393.0,2396.0,2396.0,1671.0,717.0,1680.0,713.0
0.0,4768.0,2379.0,2388.0,2396.0,2379.0,2379.0,1671.0,717.0,1666.0,713.0
0.0,4785.0,2385.0,2389.0,2379.0,2388.0,2388.0,1672.0,717.0,1670.0,715.0
0.0,4779.0,2384.0,2389.0,2388.0,2384.0,2384.0,1672.0,717.0,1671.0,713.0
0.0,4783.0,2394.0,2389.0,2384.0,2394.0,2394.0,1672.0,717.0,1677.0,717.0
0.0,4773.0,2378.0,2390.0,2394.0,2381.0,2381.0,1673.0,717.0,1663.0,715.0
0.0,4789.0,2403.0,2391.0,2381.0,2406.0,2406.0,1673.0,718.0,1684.0,719.0
0.0,4767.0,2396.0,2392.0,2406.0,2399.0,2399.0,1674.0,718.0,1675.0,721.0
0.0,4777.0,2394.0,2392.0,2399.0,2394.0,2394.0,1674.0,718.0,1676.0,718.0
0.0,4782.0,2390.0,2393.0,2394.0,2393.0,2393.0,1675.0,718.0,1665.0,725.0
0.0,4786.0,2396.0,2393.0,2393.0,2396.0,2396.0,1675.0,718.0,1677.0,719.0
0.0,4783.0,2405.0,2395.0,2396.0,2411.0,2411.0,1676.0,719.0,1683.0,722.0
0.0,4774.0,2411.0,2395.0,2411.0,2411.0,2411.0,1676.0,719.0,1691.0,720.0
0.0,4774.0,2405.0,2396.0,2411.0,2408.0,2408.0,1677.0,719.0,1680.0,725.0
0.0,4780.0,2418.0,2396.0,2408.0,2418.0,2418.0,1677.0,719.0,1695.0,723.0
0.0,4770.0,2418.0,2397.0,2418.0,2421.0,2421.0,1678.0,719.0,1690.0,728.0
0.0,4770.0,2424.0,2397.0,2421.0,2424.0,2424.0,1678.0,719.0,1698.0,726.0
0.0,4767.0,2418.0,2399.0,2424.0,2424.0,2424.0,1679.0,720.0,1693.0,725.0
0.0,4773.0,2435.0,2399.0,2424.0,2435.0,2435.0,1679.0,720.0,1706.0,729.0
0.0,4762.0,2426.0,2400.0,2435.0,2429.0,2429.0,1680.0,720.0,1691.0,735.0
0.0,4771.0,2433.0,2400.0,2429.0,2433.0,2433.0,1680.0,720.0,1706.0,727.0
0.0,4767.0,2446.0,2402.0,2433.0,2452.0,2452.0,1681.0,721.0,1712.0,734.0
0.0,4754.0,2438.0,2403.0,2452.0,2441.0,2441.0,1682.0,721.0,1707.0,731.0
0.0,4768.0,2445.0,2403.0,2441.0,2445.0,2445.0,1682.0,721.0,1706.0,739.0
0.0,4764.0,2437.0,2403.0,2445.0,2437.0,2437.0,1682.0,721.0,1707.0,730.0
0.0,4772.0,2436.0,2405.0,2437.0,2442.0,2442.0,1683.0,722.0,1706.0,730.0
0.0,4773.0,2441.0,2405.0,2442.0,2441.0,2441.0,1683.0,722.0,1707.0,734.0
0.0,4774.0,2443.0,2406.0,2441.0,2446.0,2446.0,1684.0,722.0,1709.0,734.0
0.0,4772.0,2446.0,2406.0,2446.0,2446.0,2446.0,1684.0,722.0,1713.0,733.0
0.0,4772.0,2430.0,2407.0,2446.0,2433.0,2433.0,1685.0,722.0,1697.0,733.0
0.0,4788.0,2446.0,2407.0,2433.0,2446.0,2446.0,1685.0,722.0,1714.0,732.0
0.0,4775.0,2436.0,2409.0,2446.0,2442.0,2442.0,1686.0,723.0,1702.0,734.0
0.0,4785.0,2434.0,2409.0,2442.0,2434.0,2434.0,1686.0,723.0,1703.0,731.0
0.0,4793.0,2436.0,2410.0,2434.0,2439.0,2439.0,1687.0,723.0,1705.0,731.0
0.0,4791.0,2436.0,2410.0,2439.0,2436.0,2436.0,1687.0,723.0,1700.0,736.0
0.0,4794.0,2435.0,2411.0,2436.0,2438.0,2438.0,1688.0,723.0,1705.0,730.0
0.0,4795.0,2429.0,2412.0,2438.0,2432.0,2432.0,1688.0,724.0,1698.0,731.0
0.0,4804.0,2431.0,2413.0,2432.0,2434.0,2434.0,1689.0,724.0,1700.0,731.0
0.0,4805.0,2441.0,2413.0,2434.0,2441.0,2441.0,1689.0,724.0,1705.0,736.0
0.0,4798.0,2429.0,2414.0,2441.0,2432.0,2432.0,1690.0,724.0,1700.0,729.0
0.0,4810.0,2428.0,2415.0,2432.0,2431.0,2431.0,1690.0,725.0,1702.0,726.0
0.0,4814.0,2435.0,2416.0,2431.0,2438.0,2438.0,1691.0,725.0,1707.0,728.0
0.0,4810.0,2440.0,2416.0,2438.0,2440.0,2440.0,1691.0,725.0,1707.0,733.0
0.0,4808.0,2431.0,2417.0,2440.0,2434.0,2434.0,1692.0,725.0,1704.0,727.0
0.0,4817.0,2438.0,2417.0,2434.0,2438.0,2438.0,1692.0,725.0,1709.0,729.0
0.0,4813.0,2420.0,2419.0,2438.0,2426.0,2426.0,1693.0,726.0,1693.0,727.0
0.0,4831.0,2439.0,2419.0,2426.0,2439.0,2439.0,1693.0,726.0,1710.0,729.0
0.0,4818.0,2440.0,2420.0,2439.0,2443.0,2443.0,1694.0,726.0,1716.0,724.0
0.0,4817.0,2429.0,2420.0,2443.0,2429.0,2429.0,1694.0,726.0,1698.0,731.0
0.0,4831.0,2445.0,2422.0,2429.0,2451.0,2451.0,1695.0,727.0,1716.0,729.0
0.0,4815.0,2418.0,2422.0,2451.0,2418.0,2418.0,1695.0,727.0,1693.0,725.0
0.0,4848.0,2426.0,2423.0,2418.0,2429.0,2429.0,1696.0,727.0,1698.0,728.0
0.0,4840.0,2439.0,2423.0,2429.0,2439.0,2439.0,1696.0,727.0,1706.0,733.0
0.0,4830.0,2429.0,2425.0,2439.0,2435.0,2435.0,1697.0,728.0,1700.0,729.0
0.0,4840.0,2424.0,2426.0,2435.0,2427.0,2427.0,1698.0,728.0,1695.0,729.0
0.0,4851.0,2433.0,2426.0,2427.0,2433.0,2433.0,1698.0,728.0,1702.0,731.0
0.0,4845.0,2431.0,2428.0,2433.0,2437.0,2437.0,1699.0,729.0,1700.0,731.0
0.0,4847.0,2428.0,2428.0,2437.0,2428.0,2428.0,1699.0,729.0,1704.0,724.0
0.0,4856.0,2426.0,2429.0,2428.0,2429.0,2429.0,1700.0,729.0,1697.0,729.0
0.0,4858.0,2417.0,2429.0,2429.0,2417.0,2417.0,1700.0,729.0,1689.0,728.0
0.0,4870.0,2438.0,2429.0,2417.0,2438.0,2438.0,1700.0,729.0,1705.0,733.0
0.0,4849.0,2439.0,2430.0,2438.0,2442.0,2442.0,1701.0,729.0,1709.0,730.0
0.0,4848.0,2429.0,2432.0,2442.0,2435.0,2435.0,1702.0,730.0,1700.0,729.0
0.0,4861.0,2441.0,2432.0,2435.0,2441.0,2441.0,1702.0,730.0,1710.0,731.0
0.0,4855.0,2435.0,2432.0,2441.0,2435.0,2435.0,1702.0,730.0,1700.0,735.0
0.0,4861.0,2440.0,2433.0,2435.0,2443.0,2443.0,1703.0,730.0,1705.0,735.0
0.0,4856.0,2443.0,2433.0,2443.0,2443.0,2443.0,1703.0,730.0,1709.0,734.0
0.0,4856.0,2447.0,2435.0,2443.0,2453.0,2453.0,1704.0,731.0,1714.0,733.0
0.0,4852.0,2443.0,2435.0,2453.0,2443.0,2443.0,1704.0,731.0,1711.0,732.0
0.0,4862.0,2467.0,2436.0,2443.0,2470.0,2470.0,1705.0,731.0,1729.0,738.0
0.0,4838.0,2460.0,2436.0,2470.0,2460.0,2460.0,1705.0,731.0,1723.0,737.0
0.0,4848.0,2466.0,2437.0,2460.0,2469.0,2469.0,1706.0,731.0,1726.0,740.0
0.0,4842.0,2470.0,2437.0,2469.0,2470.0,2470.0,1706.0,731.0,1731.0,739.0
0.0,4841.0,2471.0,2438.0,2470.0,2474.0,2474.0,1706.0,732.0,1732.0,739.0
0.0,4840.0,2468.0,2439.0,2474.0,2471.0,2471.0,1707.0,732.0,1729.0,739.0
0.0,4846.0,2467.0,2439.0,2471.0,2467.0,2467.0,1707.0,732.0,1728.0,739.0
0.0,4850.0,2471.0,2440.0,2467.0,2474.0,2474.0,1708.0,732.0,1729.0,742.0
0.0,4846.0,2475.0,2440.0,2474.0,2475.0,2475.0,1708.0,732.0,1730.0,745.0
0.0,4845.0,2475.0,2441.0,2475.0,2478.0,2478.0,1709.0,732.0,1731.0,744.0
0.0,4845.0,2469.0,2441.0,2478.0,2469.0,2469.0,1709.0,732.0,1730.0,739.0
0.0,4854.0,2470.0,2442.0,2469.0,2473.0,2473.0,1709.0,733.0,1728.0,742.0
0.0,4853.0,2476.0,2443.0,2473.0,2479.0,2479.0,1710.0,733.0,1735.0,741.0
0.0,4850.0,2467.0,2443.0,2479.0,2467.0,2467.0,1710.0,733.0,1723.0,744.0
0.0,4862.0,2472.0,2444.0,2467.0,2475.0,2475.0,1711.0,733.0,1725.0,747.0
0.0,4857.0,2468.0,2445.0,2475.0,2471.0,2471.0,1711.0,734.0,1727.0,741.0
0.0,4864.0,2467.0,2445.0,2471.0,2467.0,2467.0,1711.0,734.0,1722.0,745.0
0.0,4868.0,2483.0,2446.0,2467.0,2486.0,2486.0,1712.0,734.0,1739.0,744.0
0.0,4852.0,2475.0,2447.0,2486.0,2478.0,2478.0,1713.0,734.0,1729.0,746.0
0.0,4863.0,2465.0,2447.0,2478.0,2465.0,2465.0,1713.0,734.0,1724.0,741.0
0.0,4876.0,2463.0,2449.0,2465.0,2469.0,2469.0,1714.0,735.0,1721.0,742.0
0.0,4878.0,2471.0,2449.0,2469.0,2471.0,2471.0,1714.0,735.0,1729.0,742.0
0.0,4876.0,2472.0,2450.0,2471.0,2475.0,2475.0,1715.0,735.0,1730.0,742.0
0.0,4875.0,2471.0,2450.0,2475.0,2471.0,2471.0,1715.0,735.0,1728.0,743.0
0.0,4879.0,2474.0,2452.0,2471.0,2480.0,2480.0,1716.0,736.0,1729.0,745.0
0.0,4876.0,2457.0,2452.0,2480.0,2457.0,2457.0,1716.0,736.0,1718.0,739.0
0.0,4899.0,2470.0,2452.0,2457.0,2470.0,2470.0,1716.0,736.0,1731.0,739.0
0.0,4886.0,2476.0,2453.0,2470.0,2479.0,2479.0,1717.0,736.0,1733.0,743.0
0.0,4880.0,2471.0,2454.0,2479.0,2474.0,2474.0,1717.0,737.0,1731.0,740.0
0.0,4888.0,2464.0,2455.0,2474.0,2467.0,2467.0,1718.0,737.0,1724.0,740.0
0.0,4898.0,2475.0,2455.0,2467.0,2475.0,2475.0,1718.0,737.0,1735.0,740.0
0.0,4890.0,2463.0,2456.0,2475.0,2466.0,2466.0,1719.0,737.0,1722.0,741.0
0.0,4902.0,2458.0,2456.0,2466.0,2458.0,2458.0,1719.0,737.0,1725.0,733.0
0.0,4910.0,2467.0,2457.0,2458.0,2470.0,2470.0,1719.0,738.0,1731.0,736.0
0.0,4901.0,2458.0,2458.0,2470.0,2461.0,2461.0,1720.0,738.0,1721.0,737.0
0.0,4913.0,2474.0,2459.0,2461.0,2477.0,2477.0,1721.0,738.0,1739.0,735.0
0.0,4900.0,2463.0,2459.0,2477.0,2463.0,2463.0,1721.0,738.0,1726.0,737.0
0.0,4914.0,2458.0,2459.0,2463.0,2458.0,2458.0,1721.0,738.0,1714.0,744.0
0.0,4919.0,2466.0,2460.0,2458.0,2469.0,2469.0,1722.0,738.0,1730.0,736.0
0.0,4911.0,2459.0,2460.0,2469.0,2459.0,2459.0,1722.0,738.0,1723.0,736.0
0.0,4921.0,2460.0,2462.0,2459.0,2466.0,2466.0,1723.0,739.0,1722.0,738.0
0.0,4920.0,2465.0,2462.0,2466.0,2465.0,2465.0,1723.0,739.0,1727.0,738.0
0.0,4921.0,2466.0,2463.0,2465.0,2469.0,2469.0,1724.0,739.0,1728.0,738.0
0.0,4920.0,2463.0,2463.0,2469.0,2463.0,2463.0,1724.0,739.0,1723.0,740.0
0.0,4926.0,2467.0,2464.0,2463.0,2470.0,2470.0,1725.0,739.0,1728.0,739.0
0.0,4922.0,2471.0,2465.0,2470.0,2474.0,2474.0,1725.0,740.0,1731.0,740.0
0.0,4921.0,2475.0,2466.0,2474.0,2478.0,2478.0,1726.0,740.0,1732.0,743.0
0.0,4920.0,2468.0,2466.0,2478.0,2468.0,2468.0,1726.0,740.0,1731.0,737.0
0.0,4930.0,2469.0,2467.0,2468.0,2472.0,2472.0,1727.0,740.0,1731.0,738.0
0.0,4929.0,2489.0,2467.0,2472.0,2489.0,2489.0,1727.0,740.0,1741.0,748.0
0.0,4912.0,2487.0,2468.0,2489.0,2490.0,2490.0,1728.0,740.0,1744.0,743.0
0.0,4914.0,2485.0,2470.0,2490.0,2491.0,2491.0,1729.0,741.0,1740.0,745.0
0.0,4919.0,2488.0,2470.0,2491.0,2488.0,2488.0,1729.0,741.0,1746.0,742.0
0.0,4922.0,2495.0,2470.0,2488.0,2495.0,2495.0,1729.0,741.0,1749.0,746.0
0.0,4915.0,2489.0,2471.0,2495.0,2492.0,2492.0,1730.0,741.0,1743.0,746.0
0.0,4921.0,2500.0,2471.0,2492.0,2500.0,2500.0,1730.0,741.0,1747.0,753.0
0.0,4913.0,2505.0,2471.0,2500.0,2505.0,2505.0,1730.0,741.0,1754.0,751.0
0.0,4908.0,2507.0,2473.0,2505.0,2513.0,2513.0,1731.0,742.0,1756.0,751.0
0.0,4906.0,2498.0,2473.0,2513.0,2498.0,2498.0,1731.0,742.0,1750.0,748.0
0.0,4921.0,2504.0,2474.0,2498.0,2507.0,2507.0,1732.0,742.0,1752.0,752.0
0.0,4915.0,2505.0,2474.0,2507.0,2505.0,2505.0,1732.0,742.0,1753.0,752.0
0.0,4917.0,2502.0,2475.0,2505.0,2505.0,2505.0,1733.0,742.0,1751.0,751.0
0.0,4920.0,2515.0,2476.0,2505.0,2518.0,2518.0,1733.0,743.0,1762.0,753.0
0.0,4910.0,2503.0,2477.0,2518.0,2506.0,2506.0,1734.0,743.0,1753.0,750.0
0.0,4925.0,2504.0,2477.0,2506.0,2504.0,2504.0,1734.0,743.0,1750.0,754.0
0.0,4927.0,2511.0,2478.0,2504.0,2514.0,2514.0,1735.0,743.0,1753.0,758.0
0.0,4920.0,2510.0,2478.0,2514.0,2510.0,2510.0,1735.0,743.0,1756.0,754.0
0.0,4924.0,2504.0,2480.0,2510.0,2510.0,2510.0,1736.0,744.0,1749.0,755.0
0.0,4930.0,2507.0,2480.0,2510.0,2507.0,2507.0,1736.0,744.0,1752.0,755.0
0.0,4933.0,2511.0,2480.0,2507.0,2511.0,2511.0,1736.0,744.0,1751.0,760.0
0.0,4929.0,2509.0,2481.0,2511.0,2512.0,2512.0,1737.0,744.0,1755.0,754.0
0.0,4931.0,2501.0,2482.0,2512.0,2504.0,2504.0,1737.0,745.0,1748.0,753.0
0.0,4942.0,2502.0,2483.0,2504.0,2505.0,2505.0,1738.0,745.0,1749.0,753.0
0.0,4944.0,2503.0,2483.0,2505.0,2503.0,2503.0,1738.0,745.0,1748.0,755.0
0.0,4946.0,2507.0,2484.0,2503.0,2510.0,2510.0,1739.0,745.0,1753.0,754.0
0.0,4942.0,2508.0,2484.0,2510.0,2508.0,2508.0,1739.0,745.0,1756.0,752.0
0.0,4944.0,2498.0,2485.0,2508.0,2501.0,2501.0,1740.0,745.0,1748.0,750.0
0.0,4954.0,2520.0,2487.0,2501.0,2526.0,2526.0,1741.0,746.0,1766.0,754.0
0.0,4935.0,2516.0,2487.0,2526.0,2516.0,2516.0,1741.0,746.0,1765.0,751.0
0.0,4945.0,2500.0,2488.0,2516.0,2503.0,2503.0,1742.0,746.0,1746.0,754.0
0.0,4961.0,2510.0,2488.0,2503.0,2510.0,2510.0,1742.0,746.0,1759.0,751.0
0.0,4954.0,2495.0,2490.0,2510.0,2501.0,2501.0,1743.0,747.0,1747.0,748.0
0.0,4969.0,2499.0,2490.0,2501.0,2499.0,2499.0,1743.0,747.0,1751.0,748.0
0.0,4971.0,2512.0,2491.0,2499.0,2515.0,2515.0,1744.0,747.0,1761.0,751.0
0.0,4958.0,2514.0,2491.0,2515.0,2514.0,2514.0,1744.0,747.0,1757.0,757.0
0.0,4959.0,2492.0,2492.0,2514.0,2495.0,2495.0,1744.0,748.0,1745.0,747.0
0.0,4981.0,2501.0,2493.0,2495.0,2504.0,2504.0,1745.0,748.0,1754.0,747.0
0.0,4975.0,2492.0,2493.0,2504.0,2492.0,2492.0,1745.0,748.0,1738.0,754.0
0.0,4987.0,2487.0,2493.0,2492.0,2487.0,2487.0,1745.0,748.0,1741.0,746.0
0.0,4992.0,2501.0,2494.0,2487.0,2504.0,2504.0,1746.0,748.0,1750.0,751.0
0.0,4978.0,2493.0,2495.0,2504.0,2496.0,2496.0,1746.0,749.0,1743.0,750.0
0.0,4989.0,2505.0,2496.0,2496.0,2508.0,2508.0,1747.0,749.0,1756.0,749.0
0.0,4980.0,2500.0,2496.0,2508.0,2500.0,2500.0,1747.0,749.0,1747.0,753.0
0.0,4988.0,2501.0,2497.0,2500.0,2504.0,2504.0,1748.0,749.0,1755.0,746.0
0.0,4987.0,2502.0,2498.0,2504.0,2505.0,2505.0,1748.0,750.0,1747.0,755.0
0.0,4989.0,2501.0,2499.0,2505.0,2504.0,2504.0,1749.0,750.0,1749.0,752.0
0.0,4993.0,2504.0,2499.0,2504.0,2504.0,2504.0,1749.0,750.0,1753.0,751.0
0.0,4993.0,2513.0,2500.0,2504.0,2516.0,2516.0,1750.0,750.0,1759.0,754.0
0.0,4984.0,2516.0,2501.0,2516.0,2519.0,2519.0,1750.0,751.0,1763.0,753.0
0.0,4984.0,2499.0,2502.0,2519.0,2502.0,2502.0,1751.0,751.0,1749.0,750.0
0.0,5004.0,2512.0,2502.0,2502.0,2512.0,2512.0,1751.0,751.0,1759.0,753.0
0.0,4994.0,2519.0,2503.0,2512.0,2522.0,2522.0,1752.0,751.0,1767.0,752.0
0.0,4987.0,2510.0,2503.0,2522.0,2510.0,2510.0,1752.0,751.0,1758.0,752.0
0.0,4999.0,2528.0,2505.0,2510.0,2534.0,2534.0,1753.0,752.0,1773.0,755.0
0.0,4981.0,2528.0,2505.0,2534.0,2528.0,2528.0,1753.0,752.0,1773.0,755.0
0.0,4987.0,2520.0,2506.0,2528.0,2523.0,2523.0,1754.0,752.0,1765.0,755.0
0.0,4995.0,2525.0,2506.0,2523.0,2525.0,2525.0,1754.0,752.0,1765.0,760.0
0.0,4993.0,2532.0,2506.0,2525.0,2532.0,2532.0,1754.0,752.0,1774.0,758.0
0.0,4986.0,2545.0,2508.0,2532.0,2551.0,2551.0,1755.0,753.0,1786.0,759.0
0.0,4973.0,2534.0,2509.0,2551.0,2537.0,2537.0,1756.0,753.0,1777.0,757.0
0.0,4990.0,2542.0,2509.0,2537.0,2542.0,2542.0,1756.0,753.0,1782.0,760.0
0.0,4985.0,2536.0,2510.0,2542.0,2539.0,2539.0,1757.0,753.0,1780.0,756.0
0.0,4991.0,2544.0,2510.0,2539.0,2544.0,2544.0,1757.0,753.0,1780.0,764.0
0.0,4986.0,2542.0,2511.0,2544.0,2545.0,2545.0,1758.0,753.0,1779.0,763.0
0.0,4988.0,2543.0,2512.0,2545.0,2546.0,2546.0,1758.0,754.0,1778.0,765.0
0.0,4990.0,2535.0,2512.0,2546.0,2535.0,2535.0,1758.0,754.0,1774.0,761.0
0.0,5001.0,2535.0,2513.0,2535.0,2538.0,2538.0,1759.0,754.0,1772.0,763.0
0.0,5001.0,2544.0,2513.0,2538.0,2544.0,2544.0,1759.0,754.0,1777.0,767.0
0.0,4995.0,2535.0,2514.0,2544.0,2538.0,2538.0,1760.0,754.0,1773.0,762.0
0.0,5004.0,2541.0,2515.0,2538.0,2544.0,2544.0,1760.0,755.0,1778.0,763.0
0.0,5001.0,2534.0,2516.0,2544.0,2537.0,2537.0,1761.0,755.0,1772.0,762.0
0.0,5011.0,2531.0,2516.0,2537.0,2531.0,2531.0,1761.0,755.0,1769.0,762.0
0.0,5017.0,2531.0,2516.0,2531.0,2531.0,2531.0,1761.0,755.0,1768.0,763.0
0.0,5017.0,2537.0,2517.0,2531.0,2540.0,2540.0,1762.0,755.0,1771.0,766.0
0.0,5011.0,2541.0,2517.0,2540.0,2541.0,2541.0,1762.0,755.0,1778.0,763.0
0.0,5010.0,2534.0,2519.0,2541.0,2540.0,2540.0,1763.0,756.0,1772.0,762.0
0.0,5017.0,2541.0,2519.0,2540.0,2541.0,2541.0,1763.0,756.0,1778.0,763.0
0.0,5016.0,2529.0,2519.0,2541.0,2529.0,2529.0,1763.0,756.0,1767.0,762.0
0.0,5028.0,2548.0,2520.0,2529.0,2551.0,2551.0,1764.0,756.0,1782.0,766.0
0.0,5009.0,2534.0,2520.0,2551.0,2534.0,2534.0,1764.0,756.0,1772.0,762.0
0.0,5026.0,2531.0,2520.0,2534.0,2531.0,2531.0,1764.0,756.0,1771.0,760.0
0.0,5029.0,2535.0,2522.0,2531.0,2541.0,2541.0,1765.0,757.0,1775.0,760.0
0.0,5025.0,2547.0,2522.0,2541.0,2547.0,2547.0,1765.0,757.0,1780.0,767.0
0.0,5019.0,2538.0,2523.0,2547.0,2541.0,2541.0,1766.0,757.0,1775.0,763.0
0.0,5028.0,2544.0,2524.0,2541.0,2547.0,2547.0,1766.0,758.0,1781.0,763.0
0.0,5025.0,2526.0,2524.0,2547.0,2526.0,2526.0,1766.0,758.0,1767.0,759.0
0.0,5046.0,2534.0,2525.0,2526.0,2537.0,2537.0,1767.0,758.0,1774.0,760.0
0.0,5038.0,2541.0,2525.0,2537.0,2541.0,2541.0,1767.0,758.0,1781.0,760.0
0.0,5034.0,2542.0,2526.0,2541.0,2545.0,2545.0,1768.0,758.0,1779.0,763.0
0.0,5033.0,2529.0,2527.0,2545.0,2532.0,2532.0,1769.0,758.0,1771.0,758.0
0.0,5049.0,2536.0,2528.0,2532.0,2539.0,2539.0,1769.0,759.0,1776.0,760.0
0.0,5045.0,2540.0,2529.0,2539.0,2543.0,2543.0,1770.0,759.0,1779.0,761.0
0.0,5044.0,2531.0,2529.0,2543.0,2531.0,2531.0,1770.0,759.0,1769.0,762.0
0.0,5056.0,2533.0,2530.0,2531.0,2536.0,2536.0,1771.0,759.0,1772.0,761.0
0.0,5054.0,2534.0,2530.0,2536.0,2534.0,2534.0,1771.0,759.0,1774.0,760.0
0.0,5056.0,2530.0,2531.0,2534.0,2533.0,2533.0,1771.0,760.0,1774.0,756.0
0.0,5060.0,2530.0,2532.0,2533.0,2533.0,2533.0,1772.0,760.0,1769.0,761.0
0.0,5063.0,2539.0,2532.0,2533.0,2539.0,2539.0,1772.0,760.0,1779.0,760.0
0.0,5057.0,2545.0,2533.0,2539.0,2548.0,2548.0,1773.0,760.0,1780.0,765.0
0.0,5051.0,2545.0,2534.0,2548.0,2548.0,2548.0,1774.0,760.0,1785.0,760.0
0.0,5054.0,2541.0,2534.0,2548.0,2541.0,2541.0,1774.0,760.0,1777.0,764.0
0.0,5061.0,2541.0,2535.0,2541.0,2544.0,2544.0,1774.0,761.0,1779.0,762.0
0.0,5061.0,2534.0,2536.0,2544.0,2537.0,2537.0,1775.0,761.0,1773.0,761.0
0.0,5071.0,2553.0,2536.0,2537.0,2553.0,2553.0,1775.0,761.0,1785.0,768.0
0.0,5055.0,2546.0,2536.0,2553.0,2546.0,2546.0,1775.0,761.0,1781.0,765.0
0.0,5062.0,2546.0,2538.0,2546.0,2552.0,2552.0,1776.0,762.0,1780.0,766.0
0.0,5062.0,2556.0,2538.0,2552.0,2556.0,2556.0,1776.0,762.0,1790.0,766.0
0.0,5058.0,2555.0,2538.0,2556.0,2555.0,2555.0,1776.0,762.0,1792.0,763.0
0.0,5059.0,2567.0,2539.0,2555.0,2570.0,2570.0,1777.0,762.0,1798.0,769.0
0.0,5047.0,2579.0,2540.0,2570.0,2582.0,2582.0,1778.0,762.0,1809.0,770.0
0.0,5038.0,2578.0,2541.0,2582.0,2581.0,2581.0,1778.0,763.0,1809.0,769.0
0.0,5042.0,2569.0,2542.0,2581.0,2572.0,2572.0,1779.0,763.0,1801.0,768.0
0.0,5054.0,2578.0,2542.0,2572.0,2578.0,2578.0,1779.0,763.0,1807.0,771.0
0.0,5048.0,2573.0,2542.0,2578.0,2573.0,2573.0,1779.0,763.0,1800.0,773.0
0.0,5053.0,2572.0,2543.0,2573.0,2575.0,2575.0,1780.0,763.0,1803.0,769.0
0.0,5054.0,2574.0,2544.0,2575.0,2577.0,2577.0,1780.0,764.0,1804.0,770.0
0.0,5055.0,2573.0,2545.0,2577.0,2576.0,2576.0,1781.0,764.0,1804.0,769.0
0.0,5059.0,2581.0,2546.0,2576.0,2584.0,2584.0,1782.0,764.0,1808.0,773.0
0.0,5054.0,2578.0,2546.0,2584.0,2578.0,2578.0,1782.0,764.0,1807.0,771.0
0.0,5060.0,2571.0,2547.0,2578.0,2574.0,2574.0,1783.0,764.0,1795.0,776.0
0.0,5067.0,2570.0,2547.0,2574.0,2570.0,2570.0,1783.0,764.0,1795.0,775.0
0.0,5071.0,2570.0,2548.0,2570.0,2573.0,2573.0,1783.0,765.0,1799.0,771.0
0.0,5071.0,2581.0,2549.0,2573.0,2584.0,2584.0,1784.0,765.0,1806.0,775.0
0.0,5063.0,2567.0,2549.0,2584.0,2567.0,2567.0,1784.0,765.0,1793.0,774.0
0.0,5080.0,2574.0,2550.0,2567.0,2577.0,2577.0,1785.0,765.0,1796.0,778.0
0.0,5073.0,2581.0,2552.0,2577.0,2587.0,2587.0,1786.0,766.0,1807.0,774.0
0.0,5069.0,2575.0,2552.0,2587.0,2575.0,2575.0,1786.0,766.0,1800.0,775.0
0.0,5081.0,2569.0,2553.0,2575.0,2572.0,2572.0,1787.0,766.0,1796.0,773.0
0.0,5087.0,2585.0,2553.0,2572.0,2585.0,2585.0,1787.0,766.0,1811.0,774.0
0.0,5074.0,2570.0,2554.0,2585.0,2573.0,2573.0,1788.0,766.0,1797.0,773.0
0.0,5089.0,2571.0,2555.0,2573.0,2574.0,2574.0,1788.0,767.0,1796.0,775.0
0.0,5091.0,2569.0,2556.0,2574.0,2572.0,2572.0,1789.0,767.0,1799.0,770.0
0.0,5096.0,2571.0,2556.0,2572.0,2571.0,2571.0,1789.0,767.0,1797.0,774.0
0.0,5097.0,2563.0,2556.0,2571.0,2563.0,2563.0,1789.0,767.0,1792.0,771.0
0.0,5105.0,2582.0,2557.0,2563.0,2585.0,2585.0,1790.0,767.0,1807.0,775.0
0.0,5086.0,2570.0,2558.0,2585.0,2573.0,2573.0,1790.0,768.0,1797.0,773.0
0.0,5101.0,2574.0,2559.0,2573.0,2577.0,2577.0,1791.0,768.0,1802.0,772.0
0.0,5100.0,2573.0,2559.0,2577.0,2573.0,2573.0,1791.0,768.0,1798.0,775.0
0.0,5104.0,2574.0,2560.0,2573.0,2577.0,2577.0,1792.0,768.0,1798.0,776.0
0.0,5103.0,2571.0,2561.0,2577.0,2574.0,2574.0,1792.0,769.0,1796.0,775.0
0.0,5109.0,2563.0,2561.0,2574.0,2563.0,2563.0,1792.0,769.0,1793.0,770.0
0.0,5120.0,2578.0,2562.0,2563.0,2581.0,2581.0,1793.0,769.0,1808.0,770.0
0.0,5105.0,2574.0,2563.0,2581.0,2577.0,2577.0,1794.0,769.0,1799.0,775.0
0.0,5112.0,2574.0,2563.0,2577.0,2574.0,2574.0,1794.0,769.0,1802.0,772.0
0.0,5115.0,2566.0,2564.0,2574.0,2569.0,2569.0,1794.0,770.0,1795.0,771.0
0.0,5123.0,2566.0,2565.0,2569.0,2569.0,2569.0,1795.0,770.0,1796.0,770.0
0.0,5126.0,2566.0,2565.0,2569.0,2566.0,2566.0,1795.0,770.0,1794.0,772.0
0.0,5129.0,2567.0,2566.0,2566.0,2570.0,2570.0,1796.0,770.0,1793.0,774.0
0.0,5128.0,2570.0,2567.0,2570.0,2573.0,2573.0,1796.0,771.0,1801.0,769.0
0.0,5128.0,2569.0,2568.0,2573.0,2572.0,2572.0,1797.0,771.0,1796.0,773.0
0.0,5132.0,2573.0,2568.0,2572.0,2573.0,2573.0,1797.0,771.0,1801.0,772.0
0.0,5131.0,2588.0,2569.0,2573.0,2591.0,2591.0,1798.0,771.0,1811.0,777.0
0.0,5116.0,2574.0,2569.0,2591.0,2574.0,2574.0,1798.0,771.0,1804.0,770.0
0.0,5133.0,2574.0,2570.0,2574.0,2577.0,2577.0,1798.0,772.0,1798.0,776.0
0.0,5133.0,2590.0,2571.0,2577.0,2593.0,2593.0,1799.0,772.0,1815.0,775.0
0.0,5120.0,2582.0,2572.0,2593.0,2585.0,2585.0,1800.0,772.0,1803.0,779.0
0.0,5131.0,2585.0,2572.0,2585.0,2585.0,2585.0,1800.0,772.0,1809.0,776.0
0.0,5131.0,2595.0,2573.0,2585.0,2598.0,2598.0,1801.0,772.0,1821.0,774.0
0.0,5121.0,2595.0,2575.0,2598.0,2601.0,2601.0,1802.0,773.0,1820.0,775.0
0.0,5124.0,2591.0,2575.0,2601.0,2591.0,2591.0,1802.0,773.0,1813.0,778.0
0.0,5134.0,2602.0,2575.0,2591.0,2602.0,2602.0,1802.0,773.0,1823.0,779.0
0.0,5123.0,2602.0,2576.0,2602.0,2605.0,2605.0,1803.0,773.0,1828.0,774.0
0.0,5123.0,2600.0,2576.0,2605.0,2600.0,2600.0,1803.0,773.0,1822.0,778.0
0.0,5128.0,2604.0,2577.0,2600.0,2607.0,2607.0,1803.0,774.0,1825.0,779.0
0.0,5124.0,2618.0,2578.0,2607.0,2621.0,2621.0,1804.0,774.0,1839.0,779.0
0.0,5113.0,2606.0,2579.0,2621.0,2609.0,2609.0,1805.0,774.0,1825.0,781.0
0.0,5128.0,2603.0,2579.0,2609.0,2603.0,2603.0,1805.0,774.0,1819.0,784.0
0.0,5134.0,2606.0,2579.0,2603.0,2606.0,2606.0,1805.0,774.0,1828.0,778.0
0.0,5131.0,2603.0,2581.0,2606.0,2609.0,2609.0,1806.0,775.0,1825.0,778.0
0.0,5134.0,2606.0,2581.0,2609.0,2606.0,2606.0,1806.0,775.0,1826.0,780.0
0.0,5137.0,2615.0,2582.0,2606.0,2618.0,2618.0,1807.0,775.0,1832.0,783.0
0.0,5128.0,2605.0,2582.0,2618.0,2605.0,2605.0,1807.0,775.0,1828.0,777.0
0.0,5141.0,2602.0,2583.0,2605.0,2605.0,2605.0,1808.0,775.0,1823.0,779.0
0.0,5144.0,2614.0,2583.0,2605.0,2614.0,2614.0,1808.0,775.0,1828.0,786.0
0.0,5135.0,2607.0,2584.0,2614.0,2610.0,2610.0,1809.0,775.0,1823.0,784.0
0.0,5142.0,2598.0,2585.0,2610.0,2601.0,2601.0,1809.0,776.0,1816.0,782.0
0.0,5154.0,2610.0,2586.0,2601.0,2613.0,2613.0,1810.0,776.0,1824.0,786.0
0.0,5145.0,2607.0,2586.0,2613.0,2607.0,2607.0,1810.0,776.0,1826.0,781.0
0.0,5151.0,2606.0,2586.0,2607.0,2606.0,2606.0,1810.0,776.0,1823.0,783.0
0.0,5152.0,2615.0,2587.0,2606.0,2618.0,2618.0,1811.0,776.0,1828.0,787.0
0.0,5143.0,2607.0,2587.0,2618.0,2607.0,2607.0,1811.0,776.0,1827.0,780.0
0.0,5154.0,2614.0,2589.0,2607.0,2620.0,2620.0,1812.0,777.0,1831.0,783.0
0.0,5147.0,2599.0,2589.0,2620.0,2599.0,2599.0,1812.0,777.0,1816.0,783.0
0.0,5168.0,2600.0,2590.0,2599.0,2603.0,2603.0,1813.0,777.0,1820.0,780.0
0.0,5167.0,2607.0,2590.0,2603.0,2607.0,2607.0,1813.0,777.0,1822.0,785.0
0.0,5163.0,2604.0,2591.0,2607.0,2607.0,2607.0,1814.0,777.0,1822.0,782.0
0.0,5166.0,2608.0,2591.0,2607.0,2608.0,2608.0,1814.0,777.0,1829.0,779.0
0.0,5165.0,2597.0,2593.0,2608.0,2603.0,2603.0,1815.0,778.0,1816.0,781.0
0.0,5176.0,2609.0,2593.0,2603.0,2609.0,2609.0,1815.0,778.0,1830.0,779.0
0.0,5170.0,2596.0,2594.0,2609.0,2599.0,2599.0,1816.0,778.0,1817.0,779.0
0.0,5183.0,2601.0,2594.0,2599.0,2601.0,2601.0,1816.0,778.0,1822.0,779.0
0.0,5181.0,2597.0,2594.0,2601.0,2597.0,2597.0,1816.0,778.0,1817.0,780.0
0.0,5185.0,2608.0,2595.0,2597.0,2611.0,2611.0,1817.0,778.0,1823.0,785.0
0.0,5174.0,2603.0,2595.0,2611.0,2603.0,2603.0,1817.0,778.0,1823.0,780.0
0.0,5182.0,2591.0,2596.0,2603.0,2594.0,2594.0,1817.0,779.0,1811.0,780.0
0.0,5194.0,2615.0,2597.0,2594.0,2618.0,2618.0,1818.0,779.0,1830.0,785.0
0.0,5173.0,2596.0,2597.0,2618.0,2596.0,2596.0,1818.0,779.0,1815.0,781.0
0.0,5195.0,2619.0,2598.0,2596.0,2622.0,2622.0,1819.0,779.0,1831.0,788.0
0.0,5172.0,2595.0,2599.0,2622.0,2598.0,2598.0,1819.0,780.0,1812.0,783.0
0.0,5199.0,2609.0,2600.0,2598.0,2612.0,2612.0,1820.0,780.0,1826.0,783.0
0.0,5188.0,2608.0,2600.0,2612.0,2608.0,2608.0,1820.0,780.0,1822.0,786.0
0.0,5192.0,2610.0,2601.0,2608.0,2613.0,2613.0,1821.0,780.0,1823.0,787.0
0.0,5190.0,2598.0,2602.0,2613.0,2601.0,2601.0,1821.0,781.0,1815.0,783.0
0.0,5205.0,2601.0,2602.0,2601.0,2601.0,2601.0,1821.0,781.0,1821.0,780.0
0.0,5205.0,2617.0,2603.0,2601.0,2620.0,2620.0,1822.0,781.0,1834.0,783.0
0.0,5189.0,2621.0,2604.0,2620.0,2624.0,2624.0,1823.0,781.0,1831.0,790.0
0.0,5188.0,2623.0,2604.0,2624.0,2623.0,2623.0,1823.0,781.0,1836.0,787.0
0.0,5189.0,2626.0,2606.0,2623.0,2632.0,2632.0,1824.0,782.0,1839.0,787.0
0.0,5186.0,2625.0,2606.0,2632.0,2625.0,2625.0,1824.0,782.0,1840.0,785.0
0.0,5193.0,2623.0,2607.0,2625.0,2626.0,2626.0,1825.0,782.0,1837.0,786.0
0.0,5195.0,2635.0,2607.0,2626.0,2635.0,2635.0,1825.0,782.0,1847.0,788.0
0.0,5186.0,2633.0,2608.0,2635.0,2636.0,2636.0,1826.0,782.0,1845.0,788.0
0.0,5188.0,2642.0,2609.0,2636.0,2645.0,2645.0,1826.0,783.0,1853.0,789.0
0.0,5182.0,2639.0,2610.0,2645.0,2642.0,2642.0,1827.0,783.0,1848.0,791.0
0.0,5188.0,2646.0,2610.0,2642.0,2646.0,2646.0,1827.0,783.0,1853.0,793.0
0.0,5184.0,2643.0,2611.0,2646.0,2646.0,2646.0,1828.0,783.0,1853.0,790.0
0.0,5187.0,2642.0,2612.0,2646.0,2645.0,2645.0,1828.0,784.0,1853.0,789.0
0.0,5191.0,2631.0,2613.0,2645.0,2634.0,2634.0,1829.0,784.0,1845.0,786.0
0.0,5205.0,2643.0,2613.0,2634.0,2643.0,2643.0,1829.0,784.0,1853.0,790.0
0.0,5196.0,2645.0,2614.0,2643.0,2648.0,2648.0,1830.0,784.0,1851.0,794.0
0.0,5194.0,2649.0,2614.0,2648.0,2649.0,2649.0,1830.0,784.0,1858.0,791.0
0.0,5193.0,2644.0,2616.0,2649.0,2650.0,2650.0,1831.0,785.0,1852.0,792.0
0.0,5198.0,2640.0,2616.0,2650.0,2640.0,2640.0,1831.0,785.0,1850.0,790.0
0.0,5208.0,2643.0,2617.0,2640.0,2646.0,2646.0,1832.0,785.0,1849.0,794.0
0.0,5205.0,2643.0,2617.0,2646.0,2643.0,2643.0,1832.0,785.0,1849.0,794.0
0.0,5208.0,2637.0,2617.0,2643.0,2637.0,2637.0,1832.0,785.0,1845.0,792.0
0.0,5214.0,2644.0,2619.0,2637.0,2650.0,2650.0,1833.0,786.0,1850.0,794.0
0.0,5207.0,2636.0,2619.0,2650.0,2636.0,2636.0,1833.0,786.0,1844.0,792.0
0.0,5221.0,2643.0,2620.0,2636.0,2646.0,2646.0,1834.0,786.0,1853.0,790.0
0.0,5214.0,2637.0,2620.0,2646.0,2637.0,2637.0,1834.0,786.0,1844.0,793.0
0.0,5223.0,2637.0,2621.0,2637.0,2640.0,2640.0,1835.0,786.0,1847.0,790.0
0.0,5223.0,2640.0,2621.0,2640.0,2640.0,2640.0,1835.0,786.0,1847.0,793.0
0.0,5223.0,2633.0,2622.0,2640.0,2636.0,2636.0,1835.0,787.0,1843.0,790.0
0.0,5230.0,2634.0,2623.0,2636.0,2637.0,2637.0,1836.0,787.0,1844.0,790.0
0.0,5232.0,2643.0,2623.0,2637.0,2643.0,2643.0,1836.0,787.0,1854.0,789.0
0.0,5226.0,2631.0,2624.0,2643.0,2634.0,2634.0,1837.0,787.0,1840.0,791.0
0.0,5238.0,2647.0,2624.0,2634.0,2647.0,2647.0,1837.0,787.0,1851.0,796.0
0.0,5225.0,2638.0,2625.0,2647.0,2641.0,2641.0,1838.0,787.0,1845.0,793.0
0.0,5234.0,2639.0,2626.0,2641.0,2642.0,2642.0,1838.0,788.0,1849.0,790.0
0.0,5236.0,2653.0,2627.0,2642.0,2656.0,2656.0,1839.0,788.0,1859.0,794.0
0.0,5225.0,2637.0,2627.0,2656.0,2637.0,2637.0,1839.0,788.0,1845.0,792.0
0.0,5244.0,2636.0,2628.0,2637.0,2639.0,2639.0,1840.0,788.0,1845.0,791.0
0.0,5245.0,2636.0,2629.0,2639.0,2639.0,2639.0,1840.0,789.0,1844.0,792.0
0.0,5248.0,2631.0,2630.0,2639.0,2634.0,2634.0,1841.0,789.0,1839.0,792.0
0.0,5256.0,2638.0,2630.0,2634.0,2638.0,2638.0,1841.0,789.0,1848.0,790.0
0.0,5252.0,2639.0,2631.0,2638.0,2642.0,2642.0,1842.0,789.0,1842.0,797.0
0.0,5251.0,2643.0,2632.0,2642.0,2646.0,2646.0,1842.0,790.0,1851.0,792.0
0.0,5250.0,2639.0,2633.0,2646.0,2642.0,2642.0,1843.0,790.0,1845.0,794.0
0.0,5257.0,2633.0,2633.0,2642.0,2633.0,2633.0,1843.0,790.0,1843.0,790.0
0.0,5266.0,2644.0,2634.0,2633.0,2647.0,2647.0,1844.0,790.0,1850.0,794.0
0.0,5255.0,2651.0,2634.0,2647.0,2651.0,2651.0,1844.0,790.0,1851.0,800.0
0.0,5251.0,2636.0,2635.0,2651.0,2639.0,2639.0,1845.0,790.0,1844.0,792.0
0.0,5266.0,2645.0,2636.0,2639.0,2648.0,2648.0,1845.0,791.0,1850.0,795.0
0.0,5260.0,2647.0,2637.0,2648.0,2650.0,2650.0,1846.0,791.0,1852.0,795.0
0.0,5261.0,2644.0,2637.0,2650.0,2644.0,2644.0,1846.0,791.0,1851.0,793.0
0.0,5267.0,2644.0,2638.0,2644.0,2647.0,2647.0,1847.0,791.0,1845.0,799.0
0.0,5267.0,2648.0,2639.0,2647.0,2651.0,2651.0,1847.0,792.0,1853.0,795.0
0.0,5266.0,2646.0,2640.0,2651.0,2649.0,2649.0,1848.0,792.0,1852.0,794.0
0.0,5271.0,2656.0,2640.0,2649.0,2656.0,2656.0,1848.0,792.0,1858.0,798.0
0.0,5264.0,2662.0,2640.0,2656.0,2662.0,2662.0,1848.0,792.0,1861.0,801.0
0.0,5258.0,2655.0,2641.0,2662.0,2658.0,2658.0,1849.0,792.0,1860.0,795.0
0.0,5265.0,2655.0,2642.0,2658.0,2658.0,2658.0,1849.0,793.0,1857.0,798.0
0.0,5268.0,2656.0,2642.0,2658.0,2656.0,2656.0,1849.0,793.0,1860.0,796.0
0.0,5270.0,2661.0,2643.0,2656.0,2664.0,2664.0,1850.0,793.0,1862.0,799.0
0.0,5265.0,2676.0,2643.0,2664.0,2676.0,2676.0,1850.0,793.0,1873.0,803.0
0.0,5253.0,2670.0,2644.0,2676.0,2673.0,2673.0,1851.0,793.0,1869.0,801.0
0.0,5259.0,2680.0,2645.0,2673.0,2683.0,2683.0,1851.0,794.0,1876.0,804.0
0.0,5252.0,2669.0,2645.0,2683.0,2669.0,2669.0,1851.0,794.0,1871.0,798.0
0.0,5266.0,2669.0,2646.0,2669.0,2672.0,2672.0,1852.0,794.0,1871.0,798.0
0.0,5266.0,2684.0,2646.0,2672.0,2684.0,2684.0,1852.0,794.0,1882.0,802.0
0.0,5254.0,2680.0,2647.0,2684.0,2683.0,2683.0,1853.0,794.0,1880.0,800.0
0.0,5258.0,2674.0,2648.0,2683.0,2677.0,2677.0,1853.0,795.0,1874.0,800.0
0.0,5267.0,2668.0,2649.0,2677.0,2671.0,2671.0,1854.0,795.0,1867.0,801.0
0.0,5276.0,2672.0,2649.0,2671.0,2672.0,2672.0,1854.0,795.0,1871.0,801.0
0.0,5275.0,2674.0,2649.0,2672.0,2674.0,2674.0,1854.0,795.0,1868.0,806.0
0.0,5273.0,2670.0,2650.0,2674.0,2673.0,2673.0,1855.0,795.0,1872.0,798.0
0.0,5277.0,2671.0,2650.0,2673.0,2671.0,2671.0,1855.0,795.0,1870.0,801.0
0.0,5279.0,2674.0,2652.0,2671.0,2680.0,2680.0,1856.0,796.0,1876.0,798.0
0.0,5276.0,2676.0,2652.0,2680.0,2676.0,2676.0,1856.0,796.0,1877.0,799.0
0.0,5280.0,2672.0,2653.0,2676.0,2675.0,2675.0,1857.0,796.0,1869.0,803.0
0.0,5284.0,2675.0,2653.0,2675.0,2675.0,2675.0,1857.0,796.0,1869.0,806.0
0.0,5284.0,2668.0,2653.0,2675.0,2668.0,2668.0,1857.0,796.0,1867.0,801.0
0.0,5291.0,2675.0,2655.0,2668.0,2681.0,2681.0,1858.0,797.0,1874.0,801.0
0.0,5284.0,2669.0,2655.0,2681.0,2669.0,2669.0,1858.0,797.0,1870.0,799.0
0.0,5296.0,2673.0,2656.0,2669.0,2676.0,2676.0,1859.0,797.0,1872.0,801.0
0.0,5292.0,2680.0,2657.0,2676.0,2683.0,2683.0,1860.0,797.0,1876.0,804.0
0.0,5288.0,2673.0,2657.0,2683.0,2673.0,2673.0,1860.0,797.0,1873.0,800.0
0.0,5298.0,2673.0,2659.0,2673.0,2679.0,2679.0,1861.0,798.0,1871.0,802.0
0.0,5298.0,2679.0,2659.0,2679.0,2679.0,2679.0,1861.0,798.0,1877.0,802.0
0.0,5298.0,2672.0,2660.0,2679.0,2675.0,2675.0,1862.0,798.0,1873.0,799.0
0.0,5305.0,2682.0,2660.0,2675.0,2682.0,2682.0,1862.0,798.0,1880.0,802.0
0.0,5298.0,2674.0,2660.0,2682.0,2674.0,2674.0,1862.0,798.0,1870.0,804.0
0.0,5306.0,2670.0,2661.0,2674.0,2673.0,2673.0,1863.0,798.0,1872.0,798.0
0.0,5310.0,2676.0,2663.0,2673.0,2682.0,2682.0,1864.0,799.0,1875.0,801.0
0.0,5307.0,2676.0,2663.0,2682.0,2676.0,2676.0,1864.0,799.0,1875.0,801.0
0.0,5313.0,2680.0,2664.0,2676.0,2683.0,2683.0,1865.0,799.0,1875.0,805.0
0.0,5309.0,2680.0,2664.0,2683.0,2680.0,2680.0,1865.0,799.0,1877.0,803.0
0.0,5312.0,2676.0,2665.0,2680.0,2679.0,2679.0,1866.0,799.0,1876.0,800.0
0.0,5316.0,2666.0,2665.0,2679.0,2666.0,2666.0,1866.0,799.0,1865.0,801.0
0.0,5329.0,2668.0,2667.0,2666.0,2674.0,2674.0,1867.0,800.0,1868.0,800.0
0.0,5327.0,2675.0,2667.0,2674.0,2675.0,2675.0,1867.0,800.0,1868.0,807.0
0.0,5326.0,2666.0,2668.0,2675.0,2669.0,2669.0,1868.0,800.0,1865.0,801.0
0.0,5335.0,2676.0,2668.0,2669.0,2676.0,2676.0,1868.0,800.0,1868.0,808.0
0.0,5328.0,2678.0,2668.0,2676.0,2678.0,2678.0,1868.0,800.0,1877.0,801.0
0.0,5326.0,2684.0,2670.0,2678.0,2690.0,2690.0,1869.0,801.0,1880.0,804.0
0.0,5320.0,2673.0,2670.0,2690.0,2673.0,2673.0,1869.0,801.0,1865.0,808.0
0.0,5337.0,2683.0,2671.0,2673.0,2686.0,2686.0,1870.0,801.0,1870.0,813.0
0.0,5327.0,2674.0,2671.0,2686.0,2674.0,2674.0,1870.0,801.0,1871.0,803.0
0.0,5339.0,2676.0,2671.0,2674.0,2676.0,2676.0,1870.0,801.0,1870.0,806.0
0.0,5337.0,2687.0,2673.0,2676.0,2693.0,2693.0,1871.0,802.0,1878.0,809.0
0.0,5326.0,2679.0,2673.0,2693.0,2679.0,2679.0,1871.0,802.0,1871.0,808.0
0.0,5340.0,2693.0,2674.0,2679.0,2696.0,2696.0,1872.0,802.0,1882.0,811.0
0.0,5326.0,2689.0,2674.0,2696.0,2689.0,2689.0,1872.0,802.0,1881.0,808.0
0.0,5333.0,2694.0,2676.0,2689.0,2700.0,2700.0,1873.0,803.0,1885.0,809.0
0.0,5328.0,2697.0,2676.0,2700.0,2697.0,2697.0,1873.0,803.0,1888.0,809.0
0.0,5331.0,2710.0,2677.0,2697.0,2713.0,2713.0,1874.0,803.0,1894.0,816.0
0.0,5318.0,2710.0,2677.0,2713.0,2710.0,2710.0,1874.0,803.0,1899.0,811.0
0.0,5321.0,2709.0,2679.0,2710.0,2715.0,2715.0,1875.0,804.0,1897.0,812.0
0.0,5322.0,2709.0,2679.0,2715.0,2709.0,2709.0,1875.0,804.0,1899.0,810.0
0.0,5328.0,2704.0,2680.0,2709.0,2707.0,2707.0,1876.0,804.0,1890.0,814.0
0.0,5333.0,2711.0,2680.0,2707.0,2711.0,2711.0,1876.0,804.0,1897.0,814.0
0.0,5329.0,2715.0,2680.0,2711.0,2715.0,2715.0,1876.0,804.0,1901.0,814.0
0.0,5325.0,2707.0,2682.0,2715.0,2713.0,2713.0,1877.0,805.0,1896.0,811.0
0.0,5333.0,2713.0,2682.0,2713.0,2713.0,2713.0,1877.0,805.0,1901.0,812.0
0.0,5333.0,2722.0,2683.0,2713.0,2725.0,2725.0,1878.0,805.0,1904.0,818.0
0.0,5324.0,2717.0,2684.0,2725.0,2720.0,2720.0,1879.0,805.0,1907.0,810.0
0.0,5332.0,2709.0,2685.0,2720.0,2712.0,2712.0,1879.0,806.0,1897.0,812.0
0.0,5343.0,2713.0,2686.0,2712.0,2716.0,2716.0,1880.0,806.0,1899.0,814.0
0.0,5342.0,2713.0,2686.0,2716.0,2713.0,2713.0,1880.0,806.0,1896.0,817.0
0.0,5345.0,2701.0,2687.0,2713.0,2704.0,2704.0,1881.0,806.0,1890.0,811.0
0.0,5357.0,2705.0,2688.0,2704.0,2708.0,2708.0,1881.0,807.0,1893.0,812.0
0.0,5356.0,2707.0,2688.0,2708.0,2707.0,2707.0,1881.0,807.0,1896.0,811.0
0.0,5357.0,2708.0,2689.0,2707.0,2711.0,2711.0,1882.0,807.0,1892.0,816.0
0.0,5356.0,2713.0,2689.0,2711.0,2713.0,2713.0,1882.0,807.0,1899.0,814.0
0.0,5354.0,2704.0,2690.0,2713.0,2707.0,2707.0,1883.0,807.0,1893.0,811.0
0.0,5363.0,2699.0,2691.0,2707.0,2702.0,2702.0,1883.0,808.0,1888.0,811.0
0.0,5371.0,2708.0,2692.0,2702.0,2711.0,2711.0,1884.0,808.0,1897.0,811.0
0.0,5365.0,2714.0,2692.0,2711.0,2714.0,2714.0,1884.0,808.0,1900.0,814.0
0.0,5362.0,2704.0,2692.0,2714.0,2704.0,2704.0,1884.0,808.0,1889.0,815.0
0.0,5372.0,2706.0,2694.0,2704.0,2712.0,2712.0,1885.0,809.0,1893.0,813.0
0.0,5370.0,2708.0,2694.0,2712.0,2708.0,2708.0,1885.0,809.0,1897.0,811.0
0.0,5374.0,2710.0,2695.0,2708.0,2713.0,2713.0,1886.0,809.0,1899.0,811.0
0.0,5372.0,2710.0,2695.0,2713.0,2710.0,2710.0,1886.0,809.0,1899.0,811.0
0.0,5375.0,2713.0,2696.0,2710.0,2716.0,2716.0,1887.0,809.0,1901.0,812.0
0.0,5372.0,2708.0,2697.0,2716.0,2711.0,2711.0,1887.0,810.0,1896.0,812.0
0.0,5380.0,2709.0,2698.0,2711.0,2712.0,2712.0,1888.0,810.0,1900.0,809.0
0.0,5382.0,2710.0,2698.0,2712.0,2710.0,2710.0,1888.0,810.0,1899.0,811.0
0.0,5384.0,2702.0,2698.0,2710.0,2702.0,2702.0,1888.0,810.0,1894.0,808.0
0.0,5392.0,2706.0,2699.0,2702.0,2709.0,2709.0,1889.0,810.0,1898.0,808.0
0.0,5388.0,2713.0,2699.0,2709.0,2713.0,2713.0,1889.0,810.0,1900.0,813.0
0.0,5384.0,2708.0,2700.0,2713.0,2711.0,2711.0,1890.0,810.0,1899.0,809.0
0.0,5389.0,2708.0,2701.0,2711.0,2711.0,2711.0,1890.0,811.0,1892.0,816.0
0.0,5392.0,2709.0,2702.0,2711.0,2712.0,2712.0,1891.0,811.0,1900.0,809.0
0.0,5394.0,2709.0,2703.0,2712.0,2712.0,2712.0,1892.0,811.0,1897.0,812.0
0.0,5397.0,2708.0,2703.0,2712.0,2708.0,2708.0,1892.0,811.0,1893.0,815.0
0.0,5401.0,2701.0,2703.0,2708.0,2701.0,2701.0,1892.0,811.0,1892.0,809.0
0.0,5408.0,2700.0,2704.0,2701.0,2703.0,2703.0,1892.0,812.0,1886.0,814.0
0.0,5409.0,2706.0,2705.0,2703.0,2709.0,2709.0,1893.0,812.0,1893.0,813.0
0.0,5406.0,2715.0,2706.0,2709.0,2718.0,2718.0,1894.0,812.0,1899.0,816.0
0.0,5400.0,2709.0,2706.0,2718.0,2709.0,2709.0,1894.0,812.0,1895.0,814.0
0.0,5409.0,2722.0,2707.0,2709.0,2725.0,2725.0,1895.0,812.0,1899.0,823.0
0.0,5396.0,2721.0,2707.0,2725.0,2721.0,2721.0,1895.0,812.0,1903.0,818.0
0.0,5400.0,2726.0,2709.0,2721.0,2732.0,2732.0,1896.0,813.0,1910.0,816.0
0.0,5395.0,2726.0,2709.0,2732.0,2726.0,2726.0,1896.0,813.0,1909.0,817.0
0.0,5401.0,2719.0,2710.0,2726.0,2722.0,2722.0,1897.0,813.0,1899.0,820.0
0.0,5408.0,2728.0,2710.0,2722.0,2728.0,2728.0,1897.0,813.0,1911.0,817.0
0.0,5402.0,2739.0,2711.0,2728.0,2742.0,2742.0,1898.0,813.0,1914.0,825.0
0.0,5391.0,2742.0,2711.0,2742.0,2742.0,2742.0,1898.0,813.0,1921.0,821.0
0.0,5391.0,2741.0,2713.0,2742.0,2747.0,2747.0,1899.0,814.0,1919.0,822.0
0.0,5392.0,2747.0,2713.0,2747.0,2747.0,2747.0,1899.0,814.0,1927.0,820.0
0.0,5392.0,2745.0,2714.0,2747.0,2748.0,2748.0,1900.0,814.0,1922.0,823.0
0.0,5394.0,2746.0,2714.0,2748.0,2746.0,2746.0,1900.0,814.0,1916.0,830.0
0.0,5396.0,2747.0,2716.0,2746.0,2753.0,2753.0,1901.0,815.0,1920.0,827.0
0.0,5395.0,2753.0,2716.0,2753.0,2753.0,2753.0,1901.0,815.0,1927.0,826.0
0.0,5395.0,2744.0,2717.0,2753.0,2747.0,2747.0,1902.0,815.0,1920.0,824.0
0.0,5404.0,2757.0,2717.0,2747.0,2757.0,2757.0,1902.0,815.0,1928.0,829.0
0.0,5394.0,2749.0,2718.0,2757.0,2752.0,2752.0,1902.0,816.0,1924.0,825.0
0.0,5402.0,2751.0,2719.0,2752.0,2754.0,2754.0,1903.0,816.0,1929.0,822.0
0.0,5403.0,2746.0,2719.0,2754.0,2746.0,2746.0,1903.0,816.0,1922.0,824.0
0.0,5411.0,2738.0,2720.0,2746.0,2741.0,2741.0,1904.0,816.0,1916.0,822.0
0.0,5419.0,2743.0,2720.0,2741.0,2743.0,2743.0,1904.0,816.0,1918.0,825.0
0.0,5417.0,2743.0,2722.0,2743.0,2749.0,2749.0,1905.0,817.0,1917.0,826.0
0.0,5417.0,2751.0,2722.0,2749.0,2751.0,2751.0,1905.0,817.0,1924.0,827.0
0.0,5415.0,2746.0,2723.0,2751.0,2749.0,2749.0,1906.0,817.0,1918.0,828.0
0.0,5420.0,2743.0,2723.0,2749.0,2743.0,2743.0,1906.0,817.0,1918.0,825.0
0.0,5426.0,2734.0,2724.0,2743.0,2737.0,2737.0,1906.0,818.0,1913.0,821.0
0.0,5435.0,2741.0,2725.0,2737.0,2744.0,2744.0,1907.0,818.0,1917.0,824.0
0.0,5431.0,2747.0,2726.0,2744.0,2750.0,2750.0,1908.0,818.0,1924.0,823.0
0.0,5428.0,2753.0,2726.0,2750.0,2753.0,2753.0,1908.0,818.0,1927.0,826.0
0.0,5425.0,2748.0,2727.0,2753.0,2751.0,2751.0,1909.0,818.0,1925.0,823.0
0.0,5430.0,2746.0,2728.0,2751.0,2749.0,2749.0,1909.0,819.0,1926.0,820.0
0.0,5435.0,2742.0,2729.0,2749.0,2745.0,2745.0,1910.0,819.0,1921.0,821.0
0.0,5442.0,2742.0,2729.0,2745.0,2742.0,2742.0,1910.0,819.0,1921.0,821.0
0.0,5445.0,2742.0,2730.0,2742.0,2745.0,2745.0,1911.0,819.0,1922.0,820.0
0.0,5445.0,2755.0,2730.0,2745.0,2755.0,2755.0,1911.0,819.0,1931.0,824.0
0.0,5435.0,2743.0,2732.0,2755.0,2749.0,2749.0,1912.0,820.0,1922.0,821.0
0.0,5447.0,2745.0,2732.0,2749.0,2745.0,2745.0,1912.0,820.0,1927.0,818.0
0.0,5451.0,2743.0,2733.0,2745.0,2746.0,2746.0,1913.0,820.0,1921.0,822.0
0.0,5453.0,2744.0,2733.0,2746.0,2744.0,2744.0,1913.0,820.0,1925.0,819.0
0.0,5455.0,2739.0,2734.0,2744.0,2742.0,2742.0,1914.0,820.0,1916.0,823.0
0.0,5460.0,2735.0,2735.0,2742.0,2738.0,2738.0,1914.0,821.0,1916.0,819.0
0.0,5467.0,2734.0,2735.0,2738.0,2734.0,2734.0,1914.0,821.0,1914.0,820.0
0.0,5471.0,2727.0,2736.0,2734.0,2730.0,2730.0,1915.0,821.0,1909.0,818.0
0.0,5478.0,2744.0,2736.0,2730.0,2744.0,2744.0,1915.0,821.0,1924.0,820.0
0.0,5464.0,2751.0,2737.0,2744.0,2754.0,2754.0,1916.0,821.0,1927.0,824.0
0.0,5457.0,2743.0,2737.0,2754.0,2743.0,2743.0,1916.0,821.0,1918.0,825.0
0.0,5468.0,2736.0,2738.0,2743.0,2739.0,2739.0,1916.0,822.0,1912.0,824.0
0.0,5475.0,2743.0,2739.0,2739.0,2746.0,2746.0,1917.0,822.0,1921.0,822.0
0.0,5471.0,2748.0,2740.0,2746.0,2751.0,2751.0,1918.0,822.0,1924.0,824.0
0.0,5469.0,2750.0,2740.0,2751.0,2750.0,2750.0,1918.0,822.0,1921.0,829.0
0.0,5470.0,2752.0,2742.0,2750.0,2758.0,2758.0,1919.0,823.0,1924.0,828.0
0.0,5468.0,2752.0,2742.0,2758.0,2752.0,2752.0,1919.0,823.0,1923.0,829.0
0.0,5474.0,2751.0,2743.0,2752.0,2754.0,2754.0,1920.0,823.0,1923.0,828.0
0.0,5475.0,2749.0,2743.0,2754.0,2749.0,2749.0,1920.0,823.0,1921.0,828.0
0.0,5480.0,2758.0,2743.0,2749.0,2758.0,2758.0,1920.0,823.0,1928.0,830.0
0.0,5471.0,2752.0,2745.0,2758.0,2758.0,2758.0,1921.0,824.0,1925.0,827.0
0.0,5477.0,2763.0,2745.0,2758.0,2763.0,2763.0,1921.0,824.0,1930.0,833.0
0.0,5472.0,2760.0,2746.0,2763.0,2763.0,2763.0,1922.0,824.0,1927.0,833.0
0.0,5475.0,2772.0,2746.0,2763.0,2772.0,2772.0,1922.0,824.0,1942.0,830.0
0.0,5466.0,2779.0,2747.0,2772.0,2782.0,2782.0,1923.0,824.0,1949.0,830.0
0.0,5459.0,2774.0,2748.0,2782.0,2777.0,2777.0,1923.0,825.0,1941.0,833.0
0.0,5467.0,2775.0,2748.0,2777.0,2775.0,2775.0,1923.0,825.0,1942.0,833.0
0.0,5469.0,2782.0,2749.0,2775.0,2785.0,2785.0,1924.0,825.0,1943.0,839.0
0.0,5462.0,2782.0,2749.0,2785.0,2782.0,2782.0,1924.0,825.0,1951.0,831.0
0.0,5465.0,2789.0,2750.0,2782.0,2792.0,2792.0,1925.0,825.0,1954.0,835.0
0.0,5458.0,2784.0,2752.0,2792.0,2790.0,2790.0,1926.0,826.0,1947.0,837.0
0.0,5466.0,2782.0,2752.0,2790.0,2782.0,2782.0,1926.0,826.0,1949.0,833.0
0.0,5474.0,2775.0,2752.0,2782.0,2775.0,2775.0,1926.0,826.0,1940.0,835.0
0.0,5481.0,2789.0,2753.0,2775.0,2792.0,2792.0,1927.0,826.0,1950.0,839.0
0.0,5467.0,2787.0,2753.0,2792.0,2787.0,2787.0,1927.0,826.0,1950.0,837.0
0.0,5472.0,2773.0,2755.0,2787.0,2779.0,2779.0,1928.0,827.0,1938.0,835.0
0.0,5486.0,2778.0,2755.0,2779.0,2778.0,2778.0,1928.0,827.0,1943.0,835.0
0.0,5487.0,2781.0,2755.0,2778.0,2781.0,2781.0,1928.0,827.0,1940.0,841.0
0.0,5484.0,2780.0,2756.0,2781.0,2783.0,2783.0,1929.0,827.0,1945.0,835.0
0.0,5485.0,2778.0,2757.0,2783.0,2781.0,2781.0,1929.0,828.0,1939.0,839.0
0.0,5490.0,2782.0,2758.0,2781.0,2785.0,2785.0,1930.0,828.0,1946.0,836.0
0.0,5489.0,2777.0,2758.0,2785.0,2777.0,2777.0,1930.0,828.0,1941.0,836.0
0.0,5497.0,2778.0,2759.0,2777.0,2781.0,2781.0,1931.0,828.0,1940.0,838.0
0.0,5496.0,2777.0,2760.0,2781.0,2780.0,2780.0,1931.0,829.0,1941.0,836.0
0.0,5500.0,2782.0,2761.0,2780.0,2785.0,2785.0,1932.0,829.0,1946.0,836.0
0.0,5498.0,2778.0,2761.0,2785.0,2778.0,2778.0,1932.0,829.0,1944.0,834.0
0.0,5505.0,2780.0,2761.0,2778.0,2780.0,2780.0,1932.0,829.0,1943.0,837.0
0.0,5503.0,2778.0,2762.0,2780.0,2781.0,2781.0,1933.0,829.0,1946.0,832.0
0.0,5505.0,2780.0,2763.0,2781.0,2783.0,2783.0,1933.0,830.0,1947.0,833.0
0.0,5506.0,2780.0,2764.0,2783.0,2783.0,2783.0,1934.0,830.0,1944.0,836.0
0.0,5509.0,2787.0,2764.0,2783.0,2787.0,2787.0,1934.0,830.0,1951.0,836.0
0.0,5505.0,2778.0,2765.0,2787.0,2781.0,2781.0,1935.0,830.0,1947.0,831.0
0.0,5514.0,2780.0,2766.0,2781.0,2783.0,2783.0,1935.0,831.0,1949.0,831.0
0.0,5515.0,2774.0,2766.0,2783.0,2774.0,2774.0,1935.0,831.0,1944.0,830.0
0.0,5524.0,2778.0,2767.0,2774.0,2781.0,2781.0,1936.0,831.0,1949.0,829.0
0.0,5520.0,2774.0,2767.0,2781.0,2774.0,2774.0,1936.0,831.0,1941.0,833.0
0.0,5527.0,2784.0,2768.0,2774.0,2787.0,2787.0,1937.0,831.0,1954.0,830.0
0.0,5517.0,2774.0,2770.0,2787.0,2780.0,2780.0,1938.0,832.0,1944.0,830.0
0.0,5530.0,2778.0,2770.0,2780.0,2778.0,2778.0,1938.0,832.0,1947.0,831.0
0.0,5532.0,2771.0,2771.0,2778.0,2774.0,2774.0,1939.0,832.0,1939.0,832.0
0.0,5539.0,2776.0,2771.0,2774.0,2776.0,2776.0,1939.0,832.0,1943.0,833.0
0.0,5537.0,2775.0,2771.0,2776.0,2775.0,2775.0,1939.0,832.0,1944.0,831.0
0.0,5538.0,2762.0,2773.0,2775.0,2768.0,2768.0,1940.0,833.0,1932.0,830.0
0.0,5551.0,2772.0,2773.0,2768.0,2772.0,2772.0,1940.0,833.0,1942.0,830.0
0.0,5547.0,2770.0,2774.0,2772.0,2773.0,2773.0,1941.0,833.0,1938.0,832.0
0.0,5549.0,2772.0,2774.0,2773.0,2772.0,2772.0,1941.0,833.0,1939.0,833.0
0.0,5550.0,2783.0,2774.0,2772.0,2783.0,2783.0,1941.0,833.0,1945.0,838.0
0.0,5539.0,2772.0,2775.0,2783.0,2775.0,2775.0,1942.0,833.0,1940.0,832.0
0.0,5550.0,2780.0,2775.0,2775.0,2780.0,2780.0,1942.0,833.0,1943.0,837.0
0.0,5545.0,2787.0,2777.0,2780.0,2793.0,2793.0,1943.0,834.0,1951.0,836.0
0.0,5538.0,2780.0,2777.0,2793.0,2780.0,2780.0,1943.0,834.0,1943.0,837.0
0.0,5551.0,2792.0,2778.0,2780.0,2795.0,2795.0,1944.0,834.0,1955.0,837.0
0.0,5539.0,2802.0,2778.0,2795.0,2802.0,2802.0,1944.0,834.0,1961.0,841.0
0.0,5532.0,2784.0,2779.0,2802.0,2787.0,2787.0,1945.0,834.0,1947.0,837.0
0.0,5550.0,2801.0,2779.0,2787.0,2801.0,2801.0,1945.0,834.0,1961.0,840.0
0.0,5536.0,2802.0,2781.0,2801.0,2808.0,2808.0,1946.0,835.0,1962.0,840.0
0.0,5535.0,2813.0,2781.0,2808.0,2813.0,2813.0,1946.0,835.0,1971.0,842.0
0.0,5530.0,2806.0,2781.0,2813.0,2806.0,2806.0,1946.0,835.0,1963.0,843.0
0.0,5537.0,2820.0,2782.0,2806.0,2823.0,2823.0,1947.0,835.0,1970.0,850.0
0.0,5523.0,2817.0,2783.0,2823.0,2820.0,2820.0,1948.0,835.0,1972.0,845.0
0.0,5529.0,2809.0,2784.0,2820.0,2812.0,2812.0,1948.0,836.0,1966.0,843.0
0.0,5540.0,2821.0,2784.0,2812.0,2821.0,2821.0,1948.0,836.0,1977.0,844.0
0.0,5531.0,2820.0,2785.0,2821.0,2823.0,2823.0,1949.0,836.0,1976.0,844.0
0.0,5532.0,2823.0,2785.0,2823.0,2823.0,2823.0,1949.0,836.0,1970.0,853.0
0.0,5532.0,2820.0,2787.0,2823.0,2826.0,2826.0,1950.0,837.0,1976.0,844.0
0.0,5535.0,2819.0,2787.0,2826.0,2819.0,2819.0,1950.0,837.0,1972.0,847.0
0.0,5542.0,2809.0,2788.0,2819.0,2812.0,2812.0,1951.0,837.0,1966.0,843.0
0.0,5552.0,2816.0,2788.0,2812.0,2816.0,2816.0,1951.0,837.0,1974.0,842.0
0.0,5548.0,2819.0,2789.0,2816.0,2822.0,2822.0,1952.0,837.0,1968.0,851.0
0.0,5545.0,2813.0,2789.0,2822.0,2813.0,2813.0,1952.0,837.0,1968.0,845.0
0.0,5554.0,2811.0,2791.0,2813.0,2817.0,2817.0,1953.0,838.0,1966.0,845.0
0.0,5556.0,2812.0,2791.0,2817.0,2812.0,2812.0,1953.0,838.0,1966.0,846.0
0.0,5561.0,2815.0,2792.0,2812.0,2818.0,2818.0,1954.0,838.0,1969.0,846.0
0.0,5558.0,2817.0,2792.0,2818.0,2817.0,2817.0,1954.0,838.0,1972.0,845.0
0.0,5559.0,2821.0,2793.0,2817.0,2824.0,2824.0,1955.0,838.0,1973.0,848.0
0.0,5555.0,2809.0,2793.0,2824.0,2809.0,2809.0,1955.0,838.0,1967.0,842.0
0.0,5570.0,2812.0,2794.0,2809.0,2815.0,2815.0,1956.0,838.0,1968.0,844.0
0.0,5567.0,2813.0,2795.0,2815.0,2816.0,2816.0,1956.0,839.0,1968.0,845.0
0.0,5569.0,2816.0,2796.0,2816.0,2819.0,2819.0,1957.0,839.0,1971.0,845.0
0.0,5569.0,2809.0,2796.0,2819.0,2809.0,2809.0,1957.0,839.0,1968.0,841.0
0.0,5579.0,2818.0,2797.0,2809.0,2821.0,2821.0,1958.0,839.0,1971.0,847.0
0.0,5570.0,2812.0,2797.0,2821.0,2812.0,2812.0,1958.0,839.0,1970.0,842.0
0.0,5579.0,2805.0,2798.0,2812.0,2808.0,2808.0,1959.0,839.0,1966.0,839.0
0.0,5586.0,2814.0,2799.0,2808.0,2817.0,2817.0,1959.0,840.0,1974.0,840.0
0.0,5580.0,2819.0,2800.0,2817.0,2822.0,2822.0,1960.0,840.0,1977.0,842.0
0.0,5578.0,2819.0,2800.0,2822.0,2819.0,2819.0,1960.0,840.0,1976.0,843.0
0.0,5581.0,2806.0,2801.0,2819.0,2809.0,2809.0,1961.0,840.0,1967.0,839.0
0.0,5594.0,2805.0,2801.0,2809.0,2805.0,2805.0,1961.0,840.0,1966.0,839.0
0.0,5598.0,2804.0,2802.0,2805.0,2807.0,2807.0,1961.0,841.0,1962.0,842.0
0.0,5599.0,2809.0,2803.0,2807.0,2812.0,2812.0,1962.0,841.0,1969.0,840.0
0.0,5597.0,2808.0,2803.0,2812.0,2808.0,2808.0,1962.0,841.0,1970.0,838.0
0.0,5601.0,2803.0,2803.0,2808.0,2803.0,2803.0,1962.0,841.0,1958.0,845.0
0.0,5606.0,2807.0,2804.0,2803.0,2810.0,2810.0,1963.0,841.0,1968.0,839.0
0.0,5602.0,2812.0,2805.0,2810.0,2815.0,2815.0,1963.0,842.0,1970.0,842.0
0.0,5600.0,2808.0,2806.0,2815.0,2811.0,2811.0,1964.0,842.0,1967.0,841.0
0.0,5607.0,2807.0,2807.0,2811.0,2810.0,2810.0,1965.0,842.0,1964.0,843.0
0.0,5611.0,2808.0,2807.0,2810.0,2808.0,2808.0,1965.0,842.0,1963.0,845.0
0.0,5613.0,2811.0,2808.0,2808.0,2814.0,2814.0,1966.0,842.0,1968.0,843.0
0.0,5610.0,2811.0,2809.0,2814.0,2814.0,2814.0,1966.0,843.0,1966.0,845.0
0.0,5613.0,2812.0,2809.0,2814.0,2812.0,2812.0,1966.0,843.0,1965.0,847.0
0.0,5615.0,2821.0,2810.0,2812.0,2824.0,2824.0,1967.0,843.0,1977.0,844.0
0.0,5606.0,2814.0,2810.0,2824.0,2814.0,2814.0,1967.0,843.0,1966.0,848.0
0.0,5616.0,2820.0,2811.0,2814.0,2823.0,2823.0,1968.0,843.0,1975.0,845.0
0.0,5610.0,2825.0,2812.0,2823.0,2828.0,2828.0,1968.0,844.0,1975.0,850.0
0.0,5608.0,2827.0,2813.0,2828.0,2830.0,2830.0,1969.0,844.0,1979.0,848.0
0.0,5609.0,2839.0,2814.0,2830.0,2842.0,2842.0,1970.0,844.0,1990.0,849.0
0.0,5600.0,2835.0,2814.0,2842.0,2835.0,2835.0,1970.0,844.0,1986.0,849.0
0.0,5607.0,2841.0,2815.0,2835.0,2844.0,2844.0,1971.0,844.0,1988.0,853.0
0.0,5601.0,2843.0,2816.0,2844.0,2846.0,2846.0,1971.0,845.0,1990.0,853.0
0.0,5602.0,2833.0,2816.0,2846.0,2833.0,2833.0,1971.0,845.0,1982.0,851.0
0.0,5615.0,2851.0,2817.0,2833.0,2854.0,2854.0,1972.0,845.0,1997.0,854.0
0.0,5597.0,2852.0,2817.0,2854.0,2852.0,2852.0,1972.0,845.0,1999.0,853.0
0.0,5599.0,2858.0,2818.0,2852.0,2861.0,2861.0,1973.0,845.0,2003.0,855.0
0.0,5593.0,2845.0,2818.0,2861.0,2845.0,2845.0,1973.0,845.0,1991.0,854.0
0.0,5609.0,2853.0,2820.0,2845.0,2859.0,2859.0,1974.0,846.0,1996.0,857.0
0.0,5601.0,2862.0,2820.0,2859.0,2862.0,2862.0,1974.0,846.0,2007.0,855.0
0.0,5598.0,2867.0,2821.0,2862.0,2870.0,2870.0,1975.0,846.0,2009.0,858.0
0.0,5593.0,2858.0,2822.0,2870.0,2861.0,2861.0,1976.0,846.0,1996.0,862.0
0.0,5605.0,2856.0,2823.0,2861.0,2859.0,2859.0,1976.0,847.0,1999.0,857.0
0.0,5610.0,2846.0,2823.0,2859.0,2846.0,2846.0,1976.0,847.0,1990.0,856.0
0.0,5623.0,2855.0,2824.0,2846.0,2858.0,2858.0,1977.0,847.0,1996.0,859.0
0.0,5614.0,2851.0,2824.0,2858.0,2851.0,2851.0,1977.0,847.0,1990.0,861.0
0.0,5621.0,2860.0,2826.0,2851.0,2866.0,2866.0,1978.0,848.0,2000.0,860.0
0.0,5612.0,2848.0,2827.0,2866.0,2851.0,2851.0,1979.0,848.0,1990.0,858.0
0.0,5630.0,2851.0,2827.0,2851.0,2851.0,2851.0,1979.0,848.0,1994.0,857.0
0.0,5630.0,2855.0,2827.0,2851.0,2855.0,2855.0,1979.0,848.0,1994.0,861.0
0.0,5626.0,2847.0,2828.0,2855.0,2850.0,2850.0,1980.0,848.0,1990.0,857.0
0.0,5634.0,2854.0,2829.0,2850.0,2857.0,2857.0,1980.0,849.0,1999.0,855.0
0.0,5630.0,2847.0,2830.0,2857.0,2850.0,2850.0,1981.0,849.0,1990.0,857.0
0.0,5640.0,2857.0,2830.0,2850.0,2857.0,2857.0,1981.0,849.0,1998.0,859.0
0.0,5633.0,2841.0,2831.0,2857.0,2844.0,2844.0,1982.0,849.0,1987.0,854.0
0.0,5649.0,2851.0,2832.0,2844.0,2854.0,2854.0,1982.0,850.0,1995.0,856.0
0.0,5642.0,2843.0,2832.0,2854.0,2843.0,2843.0,1982.0,850.0,1986.0,857.0
0.0,5653.0,2846.0,2833.0,2843.0,2849.0,2849.0,1983.0,850.0,1989.0,857.0
0.0,5650.0,2846.0,2833.0,2849.0,2846.0,2846.0,1983.0,850.0,1993.0,853.0
0.0,5653.0,2859.0,2835.0,2846.0,2865.0,2865.0,1984.0,851.0,2005.0,854.0
0.0,5640.0,2844.0,2835.0,2865.0,2844.0,2844.0,1984.0,851.0,1989.0,855.0
0.0,5661.0,2856.0,2836.0,2844.0,2859.0,2859.0,1985.0,851.0,2002.0,854.0
0.0,5649.0,2850.0,2836.0,2859.0,2850.0,2850.0,1985.0,851.0,1999.0,851.0
0.0,5658.0,2848.0,2838.0,2850.0,2854.0,2854.0,1986.0,852.0,1995.0,853.0
0.0,5660.0,2840.0,2838.0,2854.0,2840.0,2840.0,1986.0,852.0,1992.0,848.0
0.0,5674.0,2849.0,2839.0,2840.0,2852.0,2852.0,1987.0,852.0,1998.0,851.0
0.0,5665.0,2851.0,2840.0,2852.0,2854.0,2854.0,1988.0,852.0,1999.0,852.0
0.0,5666.0,2848.0,2840.0,2854.0,2848.0,2848.0,1988.0,852.0,1998.0,850.0
0.0,5672.0,2844.0,2842.0,2848.0,2850.0,2850.0,1989.0,853.0,1991.0,853.0
0.0,5676.0,2840.0,2842.0,2850.0,2840.0,2840.0,1989.0,853.0,1992.0,848.0
0.0,5686.0,2841.0,2843.0,2840.0,2844.0,2844.0,1990.0,853.0,1992.0,849.0
0.0,5685.0,2845.0,2843.0,2844.0,2845.0,2845.0,1990.0,853.0,1992.0,853.0
0.0,5684.0,2845.0,2844.0,2845.0,2848.0,2848.0,1991.0,853.0,1988.0,857.0
0.0,5684.0,2846.0,2845.0,2848.0,2849.0,2849.0,1991.0,854.0,1996.0,850.0
0.0,5686.0,2843.0,2846.0,2849.0,2846.0,2846.0,1992.0,854.0,1989.0,854.0
0.0,5692.0,2850.0,2846.0,2846.0,2850.0,2850.0,1992.0,854.0,1998.0,852.0
0.0,5688.0,2857.0,2847.0,2850.0,2860.0,2860.0,1993.0,854.0,2002.0,855.0
0.0,5681.0,2861.0,2848.0,2860.0,2864.0,2864.0,1994.0,854.0,2002.0,859.0
0.0,5680.0,2850.0,2848.0,2864.0,2850.0,2850.0,1994.0,854.0,1995.0,855.0
0.0,5694.0,2857.0,2848.0,2850.0,2857.0,2857.0,1994.0,854.0,2002.0,855.0
0.0,5687.0,2864.0,2850.0,2857.0,2870.0,2870.0,1995.0,855.0,2007.0,857.0
0.0,5680.0,2861.0,2850.0,2870.0,2861.0,2861.0,1995.0,855.0,2004.0,857.0
0.0,5689.0,2875.0,2851.0,2861.0,2878.0,2878.0,1996.0,855.0,2015.0,860.0
0.0,5675.0,2868.0,2851.0,2878.0,2868.0,2868.0,1996.0,855.0,2012.0,856.0
0.0,5685.0,2877.0,2852.0,2868.0,2880.0,2880.0,1997.0,855.0,2013.0,864.0
0.0,5676.0,2880.0,2852.0,2880.0,2880.0,2880.0,1997.0,855.0,2019.0,861.0
0.0,5676.0,2896.0,2854.0,2880.0,2902.0,2902.0,1998.0,856.0,2033.0,863.0
0.0,5660.0,2879.0,2854.0,2902.0,2879.0,2879.0,1998.0,856.0,2017.0,862.0
0.0,5683.0,2879.0,2855.0,2879.0,2882.0,2882.0,1999.0,856.0,2016.0,863.0
0.0,5683.0,2889.0,2855.0,2882.0,2889.0,2889.0,1999.0,856.0,2021.0,868.0
0.0,5676.0,2887.0,2856.0,2889.0,2890.0,2890.0,2000.0,856.0,2023.0,864.0
0.0,5678.0,2895.0,2857.0,2890.0,2898.0,2898.0,2000.0,857.0,2031.0,864.0
0.0,5673.0,2882.0,2857.0,2898.0,2882.0,2882.0,2000.0,857.0,2016.0,866.0
0.0,5689.0,2886.0,2858.0,2882.0,2889.0,2889.0,2001.0,857.0,2018.0,868.0
0.0,5685.0,2889.0,2858.0,2889.0,2889.0,2889.0,2001.0,857.0,2021.0,868.0
0.0,5685.0,2883.0,2859.0,2889.0,2886.0,2886.0,2002.0,857.0,2017.0,866.0
0.0,5691.0,2898.0,2859.0,2886.0,2898.0,2898.0,2002.0,857.0,2028.0,870.0
0.0,5679.0,2891.0,2861.0,2898.0,2897.0,2897.0,2003.0,858.0,2024.0,867.0
0.0,5686.0,2889.0,2861.0,2897.0,2889.0,2889.0,2003.0,858.0,2023.0,866.0
0.0,5694.0,2880.0,2862.0,2889.0,2883.0,2883.0,2004.0,858.0,2014.0,866.0
0.0,5703.0,2881.0,2862.0,2883.0,2881.0,2881.0,2004.0,858.0,2014.0,867.0
0.0,5705.0,2887.0,2863.0,2881.0,2890.0,2890.0,2005.0,858.0,2015.0,872.0
0.0,5699.0,2886.0,2863.0,2890.0,2886.0,2886.0,2005.0,858.0,2015.0,871.0
0.0,5703.0,2884.0,2865.0,2886.0,2890.0,2890.0,2006.0,859.0,2016.0,868.0
0.0,5705.0,2892.0,2865.0,2890.0,2892.0,2892.0,2006.0,859.0,2023.0,869.0
0.0,5703.0,2877.0,2865.0,2892.0,2877.0,2877.0,2006.0,859.0,2006.0,871.0
0.0,5718.0,2891.0,2867.0,2877.0,2897.0,2897.0,2007.0,860.0,2019.0,872.0
0.0,5704.0,2894.0,2868.0,2897.0,2897.0,2897.0,2008.0,860.0,2029.0,865.0
0.0,5707.0,2883.0,2868.0,2897.0,2883.0,2883.0,2008.0,860.0,2015.0,868.0
0.0,5721.0,2887.0,2869.0,2883.0,2890.0,2890.0,2009.0,860.0,2019.0,868.0
0.0,5717.0,2881.0,2869.0,2890.0,2881.0,2881.0,2009.0,860.0,2016.0,865.0
0.0,5726.0,2881.0,2870.0,2881.0,2884.0,2884.0,2009.0,861.0,2014.0,867.0
0.0,5726.0,2883.0,2871.0,2884.0,2886.0,2886.0,2010.0,861.0,2019.0,864.0
0.0,5727.0,2892.0,2871.0,2886.0,2892.0,2892.0,2010.0,861.0,2029.0,863.0
0.0,5721.0,2891.0,2872.0,2892.0,2894.0,2894.0,2011.0,861.0,2025.0,866.0
0.0,5722.0,2884.0,2872.0,2894.0,2884.0,2884.0,2011.0,861.0,2021.0,863.0
0.0,5732.0,2886.0,2874.0,2884.0,2892.0,2892.0,2012.0,862.0,2024.0,862.0
0.0,5730.0,2865.0,2874.0,2892.0,2865.0,2865.0,2012.0,862.0,2004.0,861.0
0.0,5757.0,2879.0,2874.0,2865.0,2879.0,2879.0,2012.0,862.0,2014.0,865.0
0.0,5743.0,2881.0,2876.0,2879.0,2887.0,2887.0,2013.0,863.0,2013.0,868.0
0.0,5741.0,2881.0,2876.0,2887.0,2881.0,2881.0,2013.0,863.0,2020.0,861.0
0.0,5747.0,2874.0,2877.0,2881.0,2877.0,2877.0,2014.0,863.0,2010.0,864.0
0.0,5754.0,2878.0,2877.0,2877.0,2878.0,2878.0,2014.0,863.0,2012.0,866.0
0.0,5753.0,2874.0,2878.0,2878.0,2877.0,2877.0,2014.0,864.0,2009.0,865.0
0.0,5757.0,2876.0,2879.0,2877.0,2879.0,2879.0,2015.0,864.0,2016.0,860.0
0.0,5758.0,2880.0,2879.0,2879.0,2880.0,2880.0,2015.0,864.0,2018.0,862.0
0.0,5757.0,2877.0,2880.0,2880.0,2880.0,2880.0,2016.0,864.0,2013.0,864.0
0.0,5760.0,2891.0,2880.0,2880.0,2891.0,2891.0,2016.0,864.0,2023.0,868.0
0.0,5749.0,2880.0,2881.0,2891.0,2883.0,2883.0,2017.0,864.0,2017.0,863.0
0.0,5760.0,2883.0,2882.0,2883.0,2886.0,2886.0,2017.0,865.0,2017.0,866.0
0.0,5760.0,2888.0,2882.0,2886.0,2888.0,2888.0,2017.0,865.0,2021.0,867.0
0.0,5758.0,2885.0,2883.0,2888.0,2888.0,2888.0,2018.0,865.0,2014.0,871.0
0.0,5761.0,2896.0,2883.0,2888.0,2896.0,2896.0,2018.0,865.0,2030.0,866.0
0.0,5753.0,2898.0,2885.0,2896.0,2904.0,2904.0,2019.0,866.0,2032.0,866.0
0.0,5751.0,2904.0,2885.0,2904.0,2904.0,2904.0,2019.0,866.0,2037.0,867.0
0.0,5751.0,2914.0,2886.0,2904.0,2917.0,2917.0,2020.0,866.0,2046.0,868.0
0.0,5741.0,2910.0,2886.0,2917.0,2910.0,2910.0,2020.0,866.0,2038.0,872.0
0.0,5748.0,2906.0,2886.0,2910.0,2906.0,2906.0,2020.0,866.0,2033.0,873.0
0.0,5752.0,2918.0,2887.0,2906.0,2921.0,2921.0,2021.0,866.0,2048.0,870.0
0.0,5740.0,2920.0,2887.0,2921.0,2920.0,2920.0,2021.0,866.0,2052.0,868.0
0.0,5741.0,2907.0,2889.0,2920.0,2913.0,2913.0,2022.0,867.0,2039.0,868.0
0.0,5754.0,2919.0,2889.0,2913.0,2919.0,2919.0,2022.0,867.0,2047.0,872.0
0.0,5748.0,2911.0,2890.0,2919.0,2914.0,2914.0,2023.0,867.0,2042.0,869.0
0.0,5756.0,2927.0,2890.0,2914.0,2927.0,2927.0,2023.0,867.0,2050.0,877.0
0.0,5743.0,2920.0,2891.0,2927.0,2923.0,2923.0,2024.0,867.0,2043.0,877.0
0.0,5750.0,2925.0,2891.0,2923.0,2925.0,2925.0,2024.0,867.0,2051.0,874.0
0.0,5748.0,2926.0,2893.0,2925.0,2932.0,2932.0,2025.0,868.0,2048.0,878.0
0.0,5747.0,2931.0,2893.0,2932.0,2931.0,2931.0,2025.0,868.0,2055.0,876.0
0.0,5748.0,2919.0,2894.0,2931.0,2922.0,2922.0,2026.0,868.0,2040.0,879.0
0.0,5760.0,2929.0,2894.0,2922.0,2929.0,2929.0,2026.0,868.0,2048.0,881.0
0.0,5753.0,2923.0,2894.0,2929.0,2923.0,2923.0,2026.0,868.0,2045.0,878.0
0.0,5759.0,2920.0,2896.0,2923.0,2926.0,2926.0,2027.0,869.0,2044.0,876.0
0.0,5762.0,2925.0,2897.0,2926.0,2928.0,2928.0,2028.0,869.0,2047.0,878.0
0.0,5763.0,2920.0,2897.0,2928.0,2920.0,2920.0,2028.0,869.0,2044.0,876.0
0.0,5771.0,2916.0,2898.0,2920.0,2919.0,2919.0,2029.0,869.0,2040.0,876.0
0.0,5775.0,2931.0,2898.0,2919.0,2931.0,2931.0,2029.0,869.0,2052.0,879.0
0.0,5763.0,2912.0,2899.0,2931.0,2915.0,2915.0,2030.0,869.0,2036.0,876.0
0.0,5782.0,2927.0,2899.0,2915.0,2927.0,2927.0,2030.0,869.0,2048.0,879.0
0.0,5770.0,2915.0,2901.0,2927.0,2921.0,2921.0,2031.0,870.0,2037.0,878.0
0.0,5782.0,2925.0,2901.0,2921.0,2925.0,2925.0,2031.0,870.0,2047.0,878.0
0.0,5778.0,2920.0,2902.0,2925.0,2923.0,2923.0,2032.0,870.0,2045.0,875.0
0.0,5783.0,2924.0,2902.0,2923.0,2924.0,2924.0,2032.0,870.0,2049.0,875.0
0.0,5782.0,2932.0,2903.0,2924.0,2935.0,2935.0,2033.0,870.0,2051.0,881.0
0.0,5774.0,2918.0,2905.0,2935.0,2924.0,2924.0,2034.0,871.0,2039.0,879.0
0.0,5791.0,2911.0,2905.0,2924.0,2911.0,2911.0,2034.0,871.0,2037.0,874.0
0.0,5804.0,2920.0,2905.0,2911.0,2920.0,2920.0,2034.0,871.0,2046.0,874.0
0.0,5795.0,2921.0,2906.0,2920.0,2924.0,2924.0,2035.0,871.0,2044.0,877.0
0.0,5794.0,2920.0,2907.0,2924.0,2923.0,2923.0,2035.0,872.0,2044.0,876.0
0.0,5798.0,2926.0,2908.0,2923.0,2929.0,2929.0,2036.0,872.0,2052.0,874.0
0.0,5795.0,2917.0,2908.0,2929.0,2917.0,2917.0,2036.0,872.0,2044.0,873.0
0.0,5807.0,2909.0,2909.0,2917.0,2912.0,2912.0,2037.0,872.0,2034.0,875.0
0.0,5815.0,2912.0,2909.0,2912.0,2912.0,2912.0,2037.0,872.0,2039.0,873.0
0.0,5815.0,2914.0,2911.0,2912.0,2920.0,2920.0,2038.0,873.0,2040.0,874.0
0.0,5813.0,2914.0,2911.0,2920.0,2914.0,2914.0,2038.0,873.0,2040.0,874.0
0.0,5819.0,2916.0,2912.0,2914.0,2919.0,2919.0,2039.0,873.0,2043.0,873.0
0.0,5817.0,2924.0,2912.0,2919.0,2924.0,2924.0,2039.0,873.0,2044.0,880.0
0.0,5812.0,2914.0,2913.0,2924.0,2917.0,2917.0,2040.0,873.0,2042.0,872.0
0.0,5822.0,2919.0,2914.0,2917.0,2922.0,2922.0,2040.0,874.0,2045.0,874.0
0.0,5820.0,2923.0,2915.0,2922.0,2926.0,2926.0,2041.0,874.0,2046.0,877.0
0.0,5819.0,2916.0,2915.0,2926.0,2916.0,2916.0,2041.0,874.0,2040.0,876.0
0.0,5829.0,2933.0,2916.0,2916.0,2936.0,2936.0,2042.0,874.0,2052.0,881.0
0.0,5812.0,2925.0,2918.0,2936.0,2931.0,2931.0,2043.0,875.0,2049.0,876.0
0.0,5823.0,2921.0,2918.0,2931.0,2921.0,2921.0,2043.0,875.0,2046.0,875.0
0.0,5833.0,2928.0,2919.0,2921.0,2931.0,2931.0,2044.0,875.0,2050.0,878.0
0.0,5826.0,2939.0,2919.0,2931.0,2939.0,2939.0,2044.0,875.0,2058.0,881.0
0.0,5818.0,2937.0,2920.0,2939.0,2940.0,2940.0,2045.0,875.0,2059.0,878.0
0.0,5820.0,2939.0,2921.0,2940.0,2942.0,2942.0,2045.0,876.0,2061.0,878.0
0.0,5821.0,2942.0,2922.0,2942.0,2945.0,2945.0,2046.0,876.0,2062.0,880.0
0.0,5821.0,2933.0,2922.0,2945.0,2933.0,2933.0,2046.0,876.0,2052.0,881.0
0.0,5833.0,2945.0,2923.0,2933.0,2948.0,2948.0,2047.0,876.0,2064.0,881.0
0.0,5821.0,2947.0,2923.0,2948.0,2947.0,2947.0,2047.0,876.0,2064.0,883.0
0.0,5822.0,2945.0,2924.0,2947.0,2948.0,2948.0,2047.0,877.0,2065.0,880.0
0.0,5824.0,2949.0,2925.0,2948.0,2952.0,2952.0,2048.0,877.0,2067.0,882.0
0.0,5823.0,2951.0,2925.0,2952.0,2951.0,2951.0,2048.0,877.0,2070.0,881.0
0.0,5824.0,2953.0,2925.0,2951.0,2953.0,2953.0,2048.0,877.0,2063.0,890.0
0.0,5822.0,2953.0,2927.0,2953.0,2959.0,2959.0,2049.0,878.0,2071.0,882.0
0.0,5822.0,2953.0,2927.0,2959.0,2953.0,2953.0,2049.0,878.0,2069.0,884.0
0.0,5828.0,2952.0,2928.0,2953.0,2955.0,2955.0,2050.0,878.0,2067.0,885.0
0.0,5829.0,2959.0,2928.0,2955.0,2959.0,2959.0,2050.0,878.0,2075.0,884.0
0.0,5825.0,2954.0,2928.0,2959.0,2954.0,2954.0,2050.0,878.0,2064.0,890.0
0.0,5830.0,2960.0,2929.0,2954.0,2963.0,2963.0,2051.0,878.0,2076.0,884.0
0.0,5824.0,2954.0,2929.0,2963.0,2954.0,2954.0,2051.0,878.0,2068.0,886.0
0.0,5833.0,2949.0,2931.0,2954.0,2955.0,2955.0,2052.0,879.0,2061.0,888.0
0.0,5838.0,2944.0,2931.0,2955.0,2944.0,2944.0,2052.0,879.0,2061.0,883.0
0.0,5849.0,2953.0,2931.0,2944.0,2953.0,2953.0,2052.0,879.0,2064.0,889.0
0.0,5840.0,2950.0,2932.0,2953.0,2953.0,2953.0,2053.0,879.0,2061.0,889.0
0.0,5843.0,2947.0,2932.0,2953.0,2947.0,2947.0,2053.0,879.0,2061.0,886.0
0.0,5849.0,2944.0,2933.0,2947.0,2947.0,2947.0,2053.0,880.0,2058.0,886.0
0.0,5852.0,2953.0,2934.0,2947.0,2956.0,2956.0,2054.0,880.0,2062.0,891.0
0.0,5846.0,2951.0,2934.0,2956.0,2951.0,2951.0,2054.0,880.0,2065.0,886.0
0.0,5851.0,2953.0,2935.0,2951.0,2956.0,2956.0,2055.0,880.0,2065.0,888.0
0.0,5849.0,2947.0,2935.0,2956.0,2947.0,2947.0,2055.0,880.0,2063.0,884.0
0.0,5858.0,2952.0,2936.0,2947.0,2955.0,2955.0,2055.0,881.0,2063.0,889.0
0.0,5853.0,2946.0,2937.0,2955.0,2949.0,2949.0,2056.0,881.0,2063.0,883.0
0.0,5862.0,2951.0,2937.0,2949.0,2951.0,2951.0,2056.0,881.0,2066.0,885.0
0.0,5860.0,2958.0,2937.0,2951.0,2958.0,2958.0,2056.0,881.0,2072.0,886.0
0.0,5853.0,2960.0,2938.0,2958.0,2963.0,2963.0,2057.0,881.0,2071.0,889.0
0.0,5851.0,2964.0,2940.0,2963.0,2970.0,2970.0,2058.0,882.0,2076.0,888.0
0.0,5850.0,2959.0,2940.0,2970.0,2959.0,2959.0,2058.0,882.0,2073.0,886.0
0.0,5861.0,2953.0,2941.0,2959.0,2956.0,2956.0,2059.0,882.0,2067.0,886.0
0.0,5867.0,2962.0,2941.0,2956.0,2962.0,2962.0,2059.0,882.0,2074.0,888.0
0.0,5861.0,2957.0,2942.0,2962.0,2960.0,2960.0,2060.0,882.0,2070.0,887.0
0.0,5866.0,2946.0,2943.0,2960.0,2949.0,2949.0,2060.0,883.0,2060.0,886.0
0.0,5880.0,2944.0,2944.0,2949.0,2947.0,2947.0,2061.0,883.0,2060.0,884.0
0.0,5885.0,2951.0,2944.0,2947.0,2951.0,2951.0,2061.0,883.0,2065.0,886.0
0.0,5881.0,2949.0,2944.0,2951.0,2949.0,2949.0,2061.0,883.0,2063.0,886.0
0.0,5883.0,2954.0,2946.0,2949.0,2960.0,2960.0,2062.0,884.0,2066.0,888.0
0.0,5878.0,2942.0,2946.0,2960.0,2942.0,2942.0,2062.0,884.0,2055.0,887.0
0.0,5896.0,2947.0,2947.0,2942.0,2950.0,2950.0,2063.0,884.0,2063.0,884.0
0.0,5891.0,2956.0,2947.0,2950.0,2956.0,2956.0,2063.0,884.0,2067.0,889.0
0.0,5885.0,2947.0,2947.0,2956.0,2947.0,2947.0,2063.0,884.0,2059.0,888.0
0.0,5894.0,2947.0,2949.0,2947.0,2953.0,2953.0,2064.0,885.0,2059.0,888.0
0.0,5894.0,2962.0,2949.0,2953.0,2962.0,2962.0,2064.0,885.0,2071.0,891.0
0.0,5885.0,2951.0,2949.0,2962.0,2951.0,2951.0,2064.0,885.0,2066.0,885.0
0.0,5896.0,2966.0,2950.0,2951.0,2969.0,2969.0,2065.0,885.0,2077.0,889.0
0.0,5881.0,2965.0,2951.0,2969.0,2968.0,2968.0,2065.0,886.0,2077.0,888.0
0.0,5885.0,2960.0,2952.0,2968.0,2963.0,2963.0,2066.0,886.0,2076.0,884.0
0.0,5893.0,2965.0,2952.0,2963.0,2965.0,2965.0,2066.0,886.0,2074.0,891.0
0.0,5891.0,2963.0,2952.0,2965.0,2963.0,2963.0,2066.0,886.0,2076.0,887.0
0.0,5893.0,2966.0,2953.0,2963.0,2969.0,2969.0,2067.0,886.0,2074.0,892.0
0.0,5890.0,2978.0,2953.0,2969.0,2978.0,2978.0,2067.0,886.0,2086.0,892.0
0.0,5881.0,2974.0,2955.0,2978.0,2980.0,2980.0,2068.0,887.0,2083.0,891.0
0.0,5885.0,2993.0,2955.0,2980.0,2993.0,2993.0,2068.0,887.0,2099.0,894.0
0.0,5872.0,2988.0,2956.0,2993.0,2991.0,2991.0,2069.0,887.0,2096.0,892.0
0.0,5877.0,2984.0,2956.0,2991.0,2984.0,2984.0,2069.0,887.0,2090.0,894.0
0.0,5884.0,2986.0,2958.0,2984.0,2992.0,2992.0,2070.0,888.0,2087.0,899.0
0.0,5882.0,2995.0,2958.0,2992.0,2995.0,2995.0,2070.0,888.0,2104.0,891.0
0.0,5879.0,2982.0,2959.0,2995.0,2985.0,2985.0,2071.0,888.0,2089.0,893.0
0.0,5892.0,2988.0,2959.0,2985.0,2988.0,2988.0,2071.0,888.0,2087.0,901.0
0.0,5889.0,2983.0,2959.0,2988.0,2983.0,2983.0,2071.0,888.0,2089.0,894.0
0.0,5894.0,2979.0,2961.0,2983.0,2985.0,2985.0,2072.0,889.0,2086.0,893.0
0.0,5898.0,2994.0,2961.0,2985.0,2994.0,2994.0,2072.0,889.0,2098.0,896.0
0.0,5889.0,2981.0,2962.0,2994.0,2984.0,2984.0,2073.0,889.0,2086.0,895.0
0.0,5902.0,2991.0,2962.0,2984.0,2991.0,2991.0,2073.0,889.0,2095.0,896.0
0.0,5895.0,2997.0,2963.0,2991.0,3000.0,3000.0,2074.0,889.0,2096.0,901.0
0.0,5889.0,2983.0,2964.0,3000.0,2986.0,2986.0,2074.0,890.0,2088.0,895.0
0.0,5906.0,2985.0,2965.0,2986.0,2988.0,2988.0,2075.0,890.0,2088.0,897.0
0.0,5907.0,2996.0,2965.0,2988.0,2996.0,2996.0,2075.0,890.0,2099.0,897.0
0.0,5899.0,2992.0,2966.0,2996.0,2995.0,2995.0,2076.0,890.0,2090.0,902.0
0.0,5903.0,2984.0,2967.0,2995.0,2987.0,2987.0,2077.0,890.0,2087.0,897.0
0.0,5914.0,2989.0,2968.0,2987.0,2992.0,2992.0,2077.0,891.0,2090.0,899.0
0.0,5912.0,2979.0,2968.0,2992.0,2979.0,2979.0,2077.0,891.0,2085.0,894.0
0.0,5925.0,2982.0,2969.0,2979.0,2985.0,2985.0,2078.0,891.0,2088.0,894.0
0.0,5922.0,2990.0,2970.0,2985.0,2993.0,2993.0,2079.0,891.0,2094.0,896.0
0.0,5917.0,2998.0,2970.0,2993.0,2998.0,2998.0,2079.0,891.0,2098.0,900.0
0.0,5912.0,2981.0,2971.0,2998.0,2984.0,2984.0,2080.0,891.0,2086.0,895.0
0.0,5929.0,3000.0,2972.0,2984.0,3003.0,3003.0,2080.0,892.0,2102.0,898.0
0.0,5913.0,2996.0,2973.0,3003.0,2999.0,2999.0,2081.0,892.0,2098.0,898.0
0.0,5920.0,2993.0,2973.0,2999.0,2993.0,2993.0,2081.0,892.0,2093.0,900.0
0.0,5926.0,2979.0,2973.0,2993.0,2979.0,2979.0,2081.0,892.0,2084.0,895.0
0.0,5940.0,2983.0,2974.0,2979.0,2986.0,2986.0,2082.0,892.0,2086.0,897.0
0.0,5936.0,2985.0,2975.0,2986.0,2988.0,2988.0,2082.0,893.0,2092.0,893.0
0.0,5937.0,2988.0,2975.0,2988.0,2988.0,2988.0,2082.0,893.0,2089.0,899.0
0.0,5937.0,2996.0,2976.0,2988.0,2999.0,2999.0,2083.0,893.0,2099.0,897.0
0.0,5929.0,2979.0,2976.0,2999.0,2979.0,2979.0,2083.0,893.0,2082.0,897.0
0.0,5949.0,2990.0,2978.0,2979.0,2996.0,2996.0,2084.0,894.0,2090.0,900.0
0.0,5938.0,2983.0,2978.0,2996.0,2983.0,2983.0,2084.0,894.0,2086.0,897.0
0.0,5951.0,2990.0,2979.0,2983.0,2993.0,2993.0,2085.0,894.0,2093.0,897.0
0.0,5944.0,2986.0,2979.0,2993.0,2986.0,2986.0,2085.0,894.0,2085.0,901.0
0.0,5951.0,2983.0,2980.0,2986.0,2986.0,2986.0,2086.0,894.0,2088.0,895.0
0.0,5954.0,2986.0,2981.0,2986.0,2989.0,2989.0,2086.0,895.0,2086.0,900.0
0.0,5954.0,2981.0,2982.0,2989.0,2984.0,2984.0,2087.0,895.0,2085.0,896.0
0.0,5962.0,2987.0,2982.0,2984.0,2987.0,2987.0,2087.0,895.0,2093.0,894.0
0.0,5959.0,2995.0,2983.0,2987.0,2998.0,2998.0,2088.0,895.0,2094.0,901.0
0.0,5951.0,2983.0,2983.0,2998.0,2983.0,2983.0,2088.0,895.0,2086.0,897.0
0.0,5966.0,2997.0,2985.0,2983.0,3003.0,3003.0,2089.0,896.0,2099.0,898.0
0.0,5952.0,2994.0,2985.0,3003.0,2994.0,2994.0,2089.0,896.0,2096.0,898.0
0.0,5961.0,2995.0,2986.0,2994.0,2998.0,2998.0,2090.0,896.0,2096.0,899.0
0.0,5960.0,3011.0,2986.0,2998.0,3011.0,3011.0,2090.0,896.0,2106.0,905.0
0.0,5947.0,3011.0,2988.0,3011.0,3017.0,3017.0,2091.0,897.0,2110.0,901.0
0.0,5947.0,3003.0,2988.0,3017.0,3003.0,3003.0,2091.0,897.0,2101.0,902.0
0.0,5961.0,3006.0,2989.0,3003.0,3009.0,3009.0,2092.0,897.0,2108.0,898.0
0.0,5958.0,3015.0,2990.0,3009.0,3018.0,3018.0,2093.0,897.0,2110.0,905.0
0.0,5952.0,3023.0,2990.0,3018.0,3023.0,3023.0,2093.0,897.0,2121.0,902.0
0.0,5947.0,3015.0,2992.0,3023.0,3021.0,3021.0,2094.0,898.0,2115.0,900.0
0.0,5955.0,3027.0,2992.0,3021.0,3027.0,3027.0,2094.0,898.0,2119.0,908.0
0.0,5949.0,3029.0,2993.0,3027.0,3032.0,3032.0,2095.0,898.0,2125.0,904.0
0.0,5947.0,3025.0,2993.0,3032.0,3025.0,3025.0,2095.0,898.0,2119.0,906.0
0.0,5954.0,3024.0,2994.0,3025.0,3027.0,3027.0,2096.0,898.0,2121.0,903.0
0.0,5955.0,3023.0,2995.0,3027.0,3026.0,3026.0,2096.0,899.0,2117.0,906.0
0.0,5959.0,3024.0,2996.0,3026.0,3027.0,3027.0,2097.0,899.0,2118.0,906.0
0.0,5961.0,3029.0,2997.0,3027.0,3032.0,3032.0,2098.0,899.0,2124.0,905.0
0.0,5959.0,3026.0,2997.0,3032.0,3026.0,3026.0,2098.0,899.0,2116.0,910.0
0.0,5965.0,3016.0,2997.0,3026.0,3016.0,3016.0,2098.0,899.0,2113.0,903.0
0.0,5975.0,3020.0,2999.0,3016.0,3026.0,3026.0,2099.0,900.0,2115.0,905.0
0.0,5971.0,3028.0,2999.0,3026.0,3028.0,3028.0,2099.0,900.0,2124.0,904.0
0.0,5969.0,3012.0,3000.0,3028.0,3015.0,3015.0,2100.0,900.0,2106.0,906.0
0.0,5985.0,3019.0,3000.0,3015.0,3019.0,3019.0,2100.0,900.0,2113.0,906.0
0.0,5981.0,3025.0,3001.0,3019.0,3028.0,3028.0,2101.0,900.0,2117.0,908.0
0.0,5975.0,3009.0,3001.0,3028.0,3009.0,3009.0,2101.0,900.0,2103.0,906.0
0.0,5994.0,3030.0,3002.0,3009.0,3033.0,3033.0,2101.0,901.0,2123.0,907.0
0.0,5973.0,3018.0,3003.0,3033.0,3021.0,3021.0,2102.0,901.0,2113.0,905.0
0.0,5988.0,3027.0,3004.0,3021.0,3030.0,3030.0,2103.0,901.0,2124.0,903.0
0.0,5982.0,3017.0,3004.0,3030.0,3017.0,3017.0,2103.0,901.0,2112.0,905.0
0.0,5995.0,3027.0,3005.0,3017.0,3030.0,3030.0,2104.0,901.0,2117.0,910.0
0.0,5985.0,3019.0,3005.0,3030.0,3019.0,3019.0,2104.0,901.0,2114.0,905.0
0.0,5996.0,3019.0,3006.0,3019.0,3022.0,3022.0,2104.0,902.0,2115.0,904.0
0.0,5996.0,3014.0,3007.0,3022.0,3017.0,3017.0,2105.0,902.0,2111.0,903.0
0.0,6004.0,3019.0,3007.0,3017.0,3019.0,3019.0,2105.0,902.0,2115.0,904.0
0.0,6002.0,3015.0,3007.0,3019.0,3015.0,3015.0,2105.0,902.0,2108.0,907.0
0.0,6006.0,3013.0,3007.0,3015.0,3013.0,3013.0,2105.0,902.0,2103.0,910.0
0.0,6008.0,3023.0,3008.0,3013.0,3026.0,3026.0,2106.0,902.0,2118.0,905.0
0.0,5998.0,3035.0,3010.0,3026.0,3041.0,3041.0,2107.0,903.0,2125.0,910.0
0.0,5989.0,3021.0,3010.0,3041.0,3021.0,3021.0,2107.0,903.0,2116.0,905.0
0.0,6009.0,3019.0,3011.0,3021.0,3022.0,3022.0,2108.0,903.0,2112.0,907.0
0.0,6011.0,3026.0,3011.0,3022.0,3026.0,3026.0,2108.0,903.0,2118.0,908.0
0.0,6007.0,3015.0,3012.0,3026.0,3018.0,3018.0,2109.0,903.0,2109.0,906.0
0.0,6018.0,3017.0,3012.0,3018.0,3017.0,3017.0,2109.0,903.0,2112.0,905.0
0.0,6019.0,3013.0,3013.0,3017.0,3016.0,3016.0,2109.0,904.0,2105.0,908.0
0.0,6023.0,3012.0,3014.0,3016.0,3015.0,3015.0,2110.0,904.0,2106.0,906.0
0.0,6027.0,3026.0,3014.0,3015.0,3026.0,3026.0,2110.0,904.0,2118.0,908.0
0.0,6016.0,3017.0,3015.0,3026.0,3020.0,3020.0,2111.0,904.0,2106.0,911.0
0.0,6025.0,3020.0,3015.0,3020.0,3020.0,3020.0,2111.0,904.0,2114.0,906.0
0.0,6025.0,3019.0,3017.0,3020.0,3025.0,3025.0,2112.0,905.0,2109.0,910.0
0.0,6026.0,3021.0,3017.0,3025.0,3021.0,3021.0,2112.0,905.0,2111.0,910.0
0.0,6030.0,3026.0,3017.0,3021.0,3026.0,3026.0,2112.0,905.0,2114.0,912.0
0.0,6025.0,3032.0,3018.0,3026.0,3035.0,3035.0,2113.0,905.0,2121.0,911.0
0.0,6019.0,3024.0,3019.0,3035.0,3027.0,3027.0,2113.0,906.0,2111.0,913.0
0.0,6030.0,3028.0,3020.0,3027.0,3031.0,3031.0,2114.0,906.0,2120.0,908.0
0.0,6029.0,3038.0,3020.0,3031.0,3038.0,3038.0,2114.0,906.0,2127.0,911.0
0.0,6022.0,3032.0,3021.0,3038.0,3035.0,3035.0,2115.0,906.0,2122.0,910.0
0.0,6028.0,3041.0,3022.0,3035.0,3044.0,3044.0,2115.0,907.0,2128.0,913.0
0.0,6022.0,3043.0,3023.0,3044.0,3046.0,3046.0,2116.0,907.0,2128.0,915.0
0.0,6023.0,3048.0,3023.0,3046.0,3048.0,3048.0,2116.0,907.0,2135.0,913.0
0.0,6021.0,3047.0,3023.0,3048.0,3047.0,3047.0,2116.0,907.0,2128.0,919.0
0.0,6022.0,3047.0,3025.0,3047.0,3053.0,3053.0,2117.0,908.0,2133.0,914.0
0.0,6022.0,3054.0,3025.0,3053.0,3054.0,3054.0,2117.0,908.0,2142.0,912.0
0.0,6021.0,3047.0,3025.0,3054.0,3047.0,3047.0,2117.0,908.0,2135.0,912.0
0.0,6028.0,3059.0,3026.0,3047.0,3062.0,3062.0,2118.0,908.0,2140.0,919.0
0.0,6016.0,3061.0,3026.0,3062.0,3061.0,3061.0,2118.0,908.0,2144.0,917.0
0.0,6017.0,3055.0,3028.0,3061.0,3061.0,3061.0,2119.0,909.0,2138.0,917.0
0.0,6023.0,3060.0,3028.0,3061.0,3060.0,3060.0,2119.0,909.0,2145.0,915.0
0.0,6024.0,3059.0,3029.0,3060.0,3062.0,3062.0,2120.0,909.0,2147.0,912.0
0.0,6025.0,3060.0,3029.0,3062.0,3060.0,3060.0,2120.0,909.0,2141.0,919.0
0.0,6027.0,3054.0,3029.0,3060.0,3054.0,3054.0,2120.0,909.0,2138.0,916.0
0.0,6033.0,3057.0,3031.0,3054.0,3063.0,3063.0,2121.0,910.0,2142.0,915.0
0.0,6030.0,3050.0,3031.0,3063.0,3050.0,3050.0,2121.0,910.0,2134.0,916.0
0.0,6043.0,3053.0,3032.0,3050.0,3056.0,3056.0,2122.0,910.0,2136.0,917.0
0.0,6040.0,3052.0,3032.0,3056.0,3052.0,3052.0,2122.0,910.0,2134.0,918.0
0.0,6044.0,3046.0,3032.0,3052.0,3046.0,3046.0,2122.0,910.0,2129.0,917.0
0.0,6050.0,3055.0,3034.0,3046.0,3061.0,3061.0,2123.0,911.0,2141.0,914.0
0.0,6041.0,3057.0,3035.0,3061.0,3060.0,3060.0,2124.0,911.0,2140.0,917.0
0.0,6045.0,3061.0,3035.0,3060.0,3061.0,3061.0,2124.0,911.0,2147.0,914.0
0.0,6044.0,3057.0,3035.0,3061.0,3057.0,3057.0,2124.0,911.0,2136.0,921.0
0.0,6048.0,3060.0,3036.0,3057.0,3063.0,3063.0,2125.0,911.0,2144.0,916.0
0.0,6045.0,3052.0,3037.0,3063.0,3055.0,3055.0,2125.0,912.0,2136.0,916.0
0.0,6056.0,3046.0,3038.0,3055.0,3049.0,3049.0,2126.0,912.0,2134.0,912.0
0.0,6065.0,3059.0,3038.0,3049.0,3059.0,3059.0,2126.0,912.0,2144.0,915.0
0.0,6055.0,3053.0,3039.0,3059.0,3056.0,3056.0,2127.0,912.0,2137.0,916.0
0.0,6061.0,3061.0,3039.0,3056.0,3061.0,3061.0,2127.0,912.0,2145.0,916.0
0.0,6056.0,3058.0,3041.0,3061.0,3064.0,3064.0,2128.0,913.0,2143.0,915.0
0.0,6059.0,3053.0,3041.0,3064.0,3053.0,3053.0,2128.0,913.0,2135.0,918.0
0.0,6070.0,3051.0,3042.0,3053.0,3054.0,3054.0,2129.0,913.0,2138.0,913.0
0.0,6072.0,3046.0,3042.0,3054.0,3046.0,3046.0,2129.0,913.0,2135.0,911.0
0.0,6080.0,3056.0,3043.0,3046.0,3059.0,3059.0,2130.0,913.0,2136.0,920.0
0.0,6070.0,3062.0,3043.0,3059.0,3062.0,3062.0,2130.0,913.0,2146.0,916.0
0.0,6067.0,3052.0,3045.0,3062.0,3058.0,3058.0,2131.0,914.0,2138.0,914.0
0.0,6077.0,3067.0,3045.0,3058.0,3067.0,3067.0,2131.0,914.0,2147.0,920.0
0.0,6068.0,3056.0,3046.0,3067.0,3059.0,3059.0,2132.0,914.0,2139.0,917.0
0.0,6079.0,3052.0,3046.0,3059.0,3052.0,3052.0,2132.0,914.0,2138.0,914.0
0.0,6086.0,3050.0,3047.0,3052.0,3053.0,3053.0,2133.0,914.0,2135.0,915.0
0.0,6088.0,3044.0,3047.0,3053.0,3044.0,3044.0,2133.0,914.0,2126.0,918.0
0.0,6097.0,3058.0,3049.0,3044.0,3064.0,3064.0,2134.0,915.0,2139.0,919.0
0.0,6083.0,3058.0,3049.0,3064.0,3058.0,3058.0,2134.0,915.0,2143.0,915.0
0.0,6089.0,3051.0,3050.0,3058.0,3054.0,3054.0,2135.0,915.0,2134.0,917.0
0.0,6096.0,3067.0,3050.0,3054.0,3067.0,3067.0,2135.0,915.0,2146.0,921.0
0.0,6083.0,3057.0,3051.0,3067.0,3060.0,3060.0,2136.0,915.0,2139.0,918.0
0.0,6093.0,3059.0,3052.0,3060.0,3062.0,3062.0,2136.0,916.0,2137.0,922.0
0.0,6094.0,3070.0,3053.0,3062.0,3073.0,3073.0,2137.0,916.0,2147.0,923.0
0.0,6086.0,3059.0,3054.0,3073.0,3062.0,3062.0,2138.0,916.0,2141.0,918.0
0.0,6100.0,3069.0,3054.0,3062.0,3069.0,3069.0,2138.0,916.0,2144.0,925.0
0.0,6093.0,3064.0,3054.0,3069.0,3064.0,3064.0,2138.0,916.0,2143.0,921.0
0.0,6098.0,3066.0,3056.0,3064.0,3072.0,3072.0,2139.0,917.0,2140.0,926.0
0.0,6096.0,3076.0,3056.0,3072.0,3076.0,3076.0,2139.0,917.0,2153.0,923.0
0.0,6092.0,3077.0,3057.0,3076.0,3080.0,3080.0,2140.0,917.0,2153.0,924.0
0.0,6091.0,3090.0,3057.0,3080.0,3090.0,3090.0,2140.0,917.0,2164.0,926.0
0.0,6081.0,3082.0,3058.0,3090.0,3085.0,3085.0,2141.0,917.0,2160.0,922.0
0.0,6089.0,3082.0,3059.0,3085.0,3085.0,3085.0,2141.0,918.0,2159.0,923.0
0.0,6092.0,3092.0,3060.0,3085.0,3095.0,3095.0,2142.0,918.0,2165.0,927.0
0.0,6085.0,3098.0,3060.0,3095.0,3098.0,3098.0,2142.0,918.0,2167.0,931.0
0.0,6082.0,3104.0,3061.0,3098.0,3107.0,3107.0,2143.0,918.0,2174.0,930.0
0.0,6076.0,3097.0,3062.0,3107.0,3100.0,3100.0,2143.0,919.0,2169.0,928.0
0.0,6086.0,3098.0,3063.0,3100.0,3101.0,3101.0,2144.0,919.0,2168.0,930.0
0.0,6088.0,3101.0,3064.0,3101.0,3104.0,3104.0,2145.0,919.0,2171.0,930.0
0.0,6088.0,3088.0,3064.0,3104.0,3088.0,3088.0,2145.0,919.0,2164.0,924.0
0.0,6104.0,3090.0,3065.0,3088.0,3093.0,3093.0,2145.0,920.0,2164.0,926.0
0.0,6102.0,3091.0,3066.0,3093.0,3094.0,3094.0,2146.0,920.0,2166.0,925.0
0.0,6104.0,3097.0,3066.0,3094.0,3097.0,3097.0,2146.0,920.0,2170.0,927.0
0.0,6101.0,3099.0,3067.0,3097.0,3102.0,3102.0,2147.0,920.0,2171.0,928.0
0.0,6099.0,3092.0,3068.0,3102.0,3095.0,3095.0,2148.0,920.0,2163.0,929.0
0.0,6109.0,3095.0,3069.0,3095.0,3098.0,3098.0,2148.0,921.0,2165.0,930.0
0.0,6109.0,3095.0,3070.0,3098.0,3098.0,3098.0,2149.0,921.0,2165.0,930.0
0.0,6112.0,3088.0,3070.0,3098.0,3088.0,3088.0,2149.0,921.0,2164.0,924.0
0.0,6122.0,3099.0,3071.0,3088.0,3102.0,3102.0,2150.0,921.0,2168.0,931.0
0.0,6111.0,3085.0,3072.0,3102.0,3088.0,3088.0,2150.0,922.0,2157.0,928.0
0.0,6128.0,3080.0,3072.0,3088.0,3080.0,3080.0,2150.0,922.0,2155.0,925.0
0.0,6136.0,3090.0,3073.0,3080.0,3093.0,3093.0,2151.0,922.0,2160.0,930.0
0.0,6126.0,3096.0,3073.0,3093.0,3096.0,3096.0,2151.0,922.0,2169.0,927.0
0.0,6123.0,3087.0,3074.0,3096.0,3090.0,3090.0,2152.0,922.0,2161.0,926.0
0.0,6132.0,3086.0,3075.0,3090.0,3089.0,3089.0,2152.0,923.0,2159.0,927.0
0.0,6136.0,3092.0,3076.0,3089.0,3095.0,3095.0,2153.0,923.0,2166.0,926.0
0.0,6133.0,3084.0,3076.0,3095.0,3084.0,3084.0,2153.0,923.0,2161.0,923.0
0.0,6144.0,3094.0,3077.0,3084.0,3097.0,3097.0,2154.0,923.0,2169.0,925.0
0.0,6134.0,3093.0,3077.0,3097.0,3093.0,3093.0,2154.0,923.0,2171.0,922.0
0.0,6138.0,3097.0,3079.0,3093.0,3103.0,3103.0,2155.0,924.0,2170.0,927.0
0.0,6134.0,3098.0,3080.0,3103.0,3101.0,3101.0,2156.0,924.0,2172.0,926.0
0.0,6139.0,3094.0,3080.0,3101.0,3094.0,3094.0,2156.0,924.0,2171.0,923.0
0.0,6146.0,3089.0,3081.0,3094.0,3092.0,3092.0,2157.0,924.0,2166.0,923.0
0.0,6151.0,3094.0,3081.0,3092.0,3094.0,3094.0,2157.0,924.0,2164.0,930.0
0.0,6149.0,3083.0,3081.0,3094.0,3083.0,3083.0,2157.0,924.0,2161.0,922.0
0.0,6160.0,3084.0,3082.0,3083.0,3087.0,3087.0,2158.0,924.0,2161.0,923.0
0.0,6159.0,3087.0,3083.0,3087.0,3090.0,3090.0,2158.0,925.0,2164.0,923.0
0.0,6159.0,3085.0,3084.0,3090.0,3088.0,3088.0,2159.0,925.0,2157.0,928.0
0.0,6164.0,3085.0,3084.0,3088.0,3085.0,3085.0,2159.0,925.0,2159.0,926.0
0.0,6167.0,3092.0,3085.0,3085.0,3095.0,3095.0,2160.0,925.0,2165.0,927.0
0.0,6160.0,3083.0,3085.0,3095.0,3083.0,3083.0,2160.0,925.0,2156.0,927.0
0.0,6172.0,3090.0,3087.0,3083.0,3096.0,3096.0,2161.0,926.0,2164.0,926.0
0.0,6165.0,3097.0,3087.0,3096.0,3097.0,3097.0,2161.0,926.0,2171.0,926.0
0.0,6164.0,3084.0,3088.0,3097.0,3087.0,3087.0,2162.0,926.0,2156.0,928.0
0.0,6177.0,3105.0,3088.0,3087.0,3105.0,3105.0,2162.0,926.0,2171.0,934.0
0.0,6159.0,3089.0,3088.0,3105.0,3089.0,3089.0,2162.0,926.0,2163.0,926.0
0.0,6175.0,3103.0,3089.0,3089.0,3106.0,3106.0,2163.0,926.0,2174.0,929.0
0.0,6161.0,3100.0,3091.0,3106.0,3106.0,3106.0,2164.0,927.0,2164.0,936.0
0.0,6167.0,3111.0,3091.0,3106.0,3111.0,3111.0,2164.0,927.0,2178.0,933.0
0.0,6162.0,3104.0,3092.0,3111.0,3107.0,3107.0,2165.0,927.0,2169.0,935.0
0.0,6169.0,3110.0,3092.0,3107.0,3110.0,3110.0,2165.0,927.0,2172.0,938.0
0.0,6166.0,3117.0,3093.0,3110.0,3120.0,3120.0,2166.0,927.0,2185.0,932.0
0.0,6159.0,3115.0,3094.0,3120.0,3118.0,3118.0,2166.0,928.0,2179.0,936.0
0.0,6164.0,3112.0,3094.0,3118.0,3112.0,3112.0,2166.0,928.0,2176.0,936.0
0.0,6170.0,3120.0,3095.0,3112.0,3123.0,3123.0,2167.0,928.0,2184.0,936.0
0.0,6162.0,3123.0,3095.0,3123.0,3123.0,3123.0,2167.0,928.0,2187.0,936.0
0.0,6162.0,3131.0,3096.0,3123.0,3134.0,3134.0,2168.0,928.0,2193.0,938.0
0.0,6154.0,3127.0,3097.0,3134.0,3130.0,3130.0,2168.0,929.0,2188.0,939.0
0.0,6161.0,3125.0,3097.0,3130.0,3125.0,3125.0,2168.0,929.0,2187.0,938.0
0.0,6166.0,3130.0,3098.0,3125.0,3133.0,3133.0,2169.0,929.0,2193.0,937.0
0.0,6161.0,3133.0,3098.0,3133.0,3133.0,3133.0,2169.0,929.0,2190.0,943.0
0.0,6161.0,3136.0,3100.0,3133.0,3142.0,3142.0,2170.0,930.0,2195.0,941.0
0.0,6158.0,3137.0,3100.0,3142.0,3137.0,3137.0,2170.0,930.0,2198.0,939.0
0.0,6163.0,3144.0,3101.0,3137.0,3147.0,3147.0,2171.0,930.0,2201.0,943.0
0.0,6156.0,3140.0,3102.0,3147.0,3143.0,3143.0,2172.0,930.0,2198.0,942.0
0.0,6163.0,3125.0,3103.0,3143.0,3128.0,3128.0,2172.0,931.0,2188.0,937.0
0.0,6181.0,3124.0,3103.0,3128.0,3124.0,3124.0,2172.0,931.0,2184.0,940.0
0.0,6185.0,3118.0,3104.0,3124.0,3121.0,3121.0,2173.0,931.0,2182.0,936.0
0.0,6191.0,3130.0,3104.0,3121.0,3130.0,3130.0,2173.0,931.0,2189.0,941.0
0.0,6182.0,3120.0,3105.0,3130.0,3123.0,3123.0,2174.0,931.0,2185.0,935.0
0.0,6192.0,3124.0,3106.0,3123.0,3127.0,3127.0,2174.0,932.0,2184.0,940.0
0.0,6191.0,3118.0,3106.0,3127.0,3118.0,3118.0,2174.0,932.0,2183.0,935.0
0.0,6200.0,3129.0,3107.0,3118.0,3132.0,3132.0,2175.0,932.0,2194.0,935.0
0.0,6189.0,3116.0,3108.0,3132.0,3119.0,3119.0,2176.0,932.0,2179.0,937.0
0.0,6205.0,3123.0,3108.0,3119.0,3123.0,3123.0,2176.0,932.0,2183.0,940.0
0.0,6201.0,3130.0,3108.0,3123.0,3130.0,3130.0,2176.0,932.0,2193.0,937.0
0.0,6194.0,3124.0,3110.0,3130.0,3130.0,3130.0,2177.0,933.0,2192.0,932.0
0.0,6200.0,3122.0,3110.0,3130.0,3122.0,3122.0,2177.0,933.0,2186.0,936.0
0.0,6208.0,3131.0,3111.0,3122.0,3134.0,3134.0,2178.0,933.0,2195.0,936.0
0.0,6199.0,3124.0,3111.0,3134.0,3124.0,3124.0,2178.0,933.0,2186.0,938.0
0.0,6209.0,3133.0,3112.0,3124.0,3136.0,3136.0,2179.0,933.0,2200.0,933.0
0.0,6200.0,3124.0,3113.0,3136.0,3127.0,3127.0,2179.0,934.0,2193.0,931.0
0.0,6212.0,3119.0,3114.0,3127.0,3122.0,3122.0,2180.0,934.0,2185.0,934.0
0.0,6220.0,3130.0,3114.0,3122.0,3130.0,3130.0,2180.0,934.0,2194.0,936.0
0.0,6212.0,3125.0,3114.0,3130.0,3125.0,3125.0,2180.0,934.0,2186.0,939.0
0.0,6217.0,3126.0,3115.0,3125.0,3129.0,3129.0,2181.0,934.0,2191.0,935.0
0.0,6216.0,3126.0,3117.0,3129.0,3132.0,3132.0,2182.0,935.0,2191.0,935.0
0.0,6219.0,3119.0,3117.0,3132.0,3119.0,3119.0,2182.0,935.0,2184.0,935.0
0.0,6232.0,3131.0,3118.0,3119.0,3134.0,3134.0,2183.0,935.0,2191.0,940.0
0.0,6220.0,3118.0,3118.0,3134.0,3118.0,3118.0,2183.0,935.0,2186.0,932.0
0.0,6236.0,3123.0,3119.0,3118.0,3126.0,3126.0,2184.0,935.0,2188.0,935.0
0.0,6231.0,3124.0,3120.0,3126.0,3127.0,3127.0,2184.0,936.0,2188.0,936.0
0.0,6233.0,3119.0,3121.0,3127.0,3122.0,3122.0,2185.0,936.0,2180.0,939.0
0.0,6241.0,3113.0,3121.0,3122.0,3113.0,3113.0,2185.0,936.0,2177.0,936.0
0.0,6250.0,3120.0,3121.0,3113.0,3120.0,3120.0,2185.0,936.0,2181.0,939.0
0.0,6243.0,3124.0,3122.0,3120.0,3127.0,3127.0,2186.0,936.0,2186.0,938.0
0.0,6239.0,3120.0,3123.0,3127.0,3123.0,3123.0,2186.0,937.0,2181.0,939.0
0.0,6246.0,3128.0,3123.0,3123.0,3128.0,3128.0,2186.0,937.0,2188.0,940.0
0.0,6241.0,3128.0,3123.0,3128.0,3128.0,3128.0,2186.0,937.0,2188.0,940.0
0.0,6241.0,3134.0,3124.0,3128.0,3137.0,3137.0,2187.0,937.0,2191.0,943.0
0.0,6235.0,3135.0,3124.0,3137.0,3135.0,3135.0,2187.0,937.0,2192.0,943.0
0.0,6237.0,3147.0,3126.0,3135.0,3153.0,3153.0,2188.0,938.0,2202.0,945.0
0.0,6225.0,3148.0,3127.0,3153.0,3151.0,3151.0,2189.0,938.0,2204.0,944.0
0.0,6230.0,3147.0,3127.0,3151.0,3147.0,3147.0,2189.0,938.0,2206.0,941.0
0.0,6234.0,3151.0,3127.0,3147.0,3151.0,3151.0,2189.0,938.0,2207.0,944.0
0.0,6230.0,3161.0,3128.0,3151.0,3164.0,3164.0,2190.0,938.0,2211.0,950.0
0.0,6220.0,3152.0,3129.0,3164.0,3155.0,3155.0,2191.0,938.0,2206.0,946.0
0.0,6232.0,3164.0,3130.0,3155.0,3167.0,3167.0,2191.0,939.0,2214.0,950.0
0.0,6223.0,3153.0,3130.0,3167.0,3153.0,3153.0,2191.0,939.0,2204.0,949.0
0.0,6237.0,3165.0,3131.0,3153.0,3168.0,3168.0,2192.0,939.0,2213.0,952.0
0.0,6225.0,3164.0,3131.0,3168.0,3164.0,3164.0,2192.0,939.0,2215.0,949.0
0.0,6229.0,3169.0,3133.0,3164.0,3175.0,3175.0,2193.0,940.0,2220.0,949.0
0.0,6224.0,3159.0,3133.0,3175.0,3159.0,3159.0,2193.0,940.0,2209.0,950.0
0.0,6240.0,3162.0,3134.0,3159.0,3165.0,3165.0,2194.0,940.0,2210.0,952.0
0.0,6237.0,3183.0,3134.0,3165.0,3183.0,3183.0,2194.0,940.0,2227.0,956.0
0.0,6219.0,3168.0,3134.0,3183.0,3168.0,3168.0,2194.0,940.0,2217.0,951.0
0.0,6234.0,3164.0,3135.0,3168.0,3167.0,3167.0,2195.0,940.0,2219.0,945.0
0.0,6238.0,3161.0,3136.0,3167.0,3164.0,3164.0,2195.0,941.0,2212.0,949.0
0.0,6244.0,3156.0,3137.0,3164.0,3159.0,3159.0,2196.0,941.0,2205.0,951.0
0.0,6252.0,3171.0,3137.0,3159.0,3171.0,3171.0,2196.0,941.0,2216.0,955.0
0.0,6240.0,3161.0,3138.0,3171.0,3164.0,3164.0,2197.0,941.0,2211.0,950.0
0.0,6250.0,3163.0,3139.0,3164.0,3166.0,3166.0,2197.0,942.0,2215.0,948.0
0.0,6251.0,3165.0,3140.0,3166.0,3168.0,3168.0,2198.0,942.0,2219.0,946.0
0.0,6252.0,3166.0,3141.0,3168.0,3169.0,3169.0,2199.0,942.0,2213.0,953.0
0.0,6254.0,3146.0,3141.0,3169.0,3146.0,3146.0,2199.0,942.0,2202.0,944.0
0.0,6277.0,3159.0,3142.0,3146.0,3162.0,3162.0,2199.0,943.0,2210.0,949.0
0.0,6264.0,3151.0,3143.0,3162.0,3154.0,3154.0,2200.0,943.0,2200.0,951.0
0.0,6275.0,3161.0,3143.0,3154.0,3161.0,3161.0,2200.0,943.0,2216.0,945.0
0.0,6268.0,3157.0,3143.0,3161.0,3157.0,3157.0,2200.0,943.0,2209.0,948.0
0.0,6272.0,3153.0,3144.0,3157.0,3156.0,3156.0,2201.0,943.0,2206.0,947.0
0.0,6276.0,3162.0,3145.0,3156.0,3165.0,3165.0,2201.0,944.0,2216.0,946.0
0.0,6270.0,3154.0,3146.0,3165.0,3157.0,3157.0,2202.0,944.0,2207.0,947.0
0.0,6281.0,3164.0,3146.0,3157.0,3164.0,3164.0,2202.0,944.0,2220.0,944.0
0.0,6274.0,3162.0,3146.0,3164.0,3162.0,3162.0,2202.0,944.0,2215.0,947.0
0.0,6276.0,3169.0,3148.0,3162.0,3175.0,3175.0,2203.0,945.0,2225.0,944.0
0.0,6269.0,3151.0,3148.0,3175.0,3151.0,3151.0,2203.0,945.0,2209.0,942.0
0.0,6293.0,3166.0,3149.0,3151.0,3169.0,3169.0,2204.0,945.0,2219.0,947.0
0.0,6278.0,3153.0,3149.0,3169.0,3153.0,3153.0,2204.0,945.0,2209.0,944.0
0.0,6294.0,3149.0,3150.0,3153.0,3152.0,3152.0,2205.0,945.0,2205.0,944.0
0.0,6298.0,3164.0,3150.0,3152.0,3164.0,3164.0,2205.0,945.0,2221.0,943.0
0.0,6286.0,3146.0,3151.0,3164.0,3149.0,3149.0,2206.0,945.0,2204.0,942.0
0.0,6304.0,3162.0,3152.0,3149.0,3165.0,3165.0,2206.0,946.0,2218.0,944.0
0.0,6291.0,3150.0,3153.0,3165.0,3153.0,3153.0,2207.0,946.0,2206.0,944.0
0.0,6306.0,3157.0,3153.0,3153.0,3157.0,3157.0,2207.0,946.0,2213.0,944.0
0.0,6302.0,3155.0,3154.0,3157.0,3158.0,3158.0,2208.0,946.0,2205.0,950.0
0.0,6304.0,3154.0,3154.0,3158.0,3154.0,3154.0,2208.0,946.0,2207.0,947.0
0.0,6308.0,3151.0,3155.0,3154.0,3154.0,3154.0,2209.0,946.0,2204.0,947.0
0.0,6311.0,3157.0,3156.0,3154.0,3160.0,3160.0,2209.0,947.0,2210.0,947.0
0.0,6308.0,3161.0,3157.0,3160.0,3164.0,3164.0,2210.0,947.0,2211.0,950.0
0.0,6307.0,3168.0,3157.0,3164.0,3168.0,3168.0,2210.0,947.0,2221.0,947.0
0.0,6303.0,3161.0,3158.0,3168.0,3164.0,3164.0,2211.0,947.0,2210.0,951.0
0.0,6310.0,3169.0,3158.0,3164.0,3169.0,3169.0,2211.0,947.0,2219.0,950.0
0.0,6305.0,3172.0,3160.0,3169.0,3178.0,3178.0,2212.0,948.0,2217.0,955.0
0.0,6302.0,3179.0,3160.0,3178.0,3179.0,3179.0,2212.0,948.0,2223.0,956.0
0.0,6301.0,3170.0,3160.0,3179.0,3170.0,3170.0,2212.0,948.0,2218.0,952.0
0.0,6310.0,3178.0,3161.0,3170.0,3181.0,3181.0,2213.0,948.0,2219.0,959.0
0.0,6302.0,3183.0,3161.0,3181.0,3183.0,3183.0,2213.0,948.0,2229.0,954.0
0.0,6300.0,3186.0,3162.0,3183.0,3189.0,3189.0,2213.0,949.0,2230.0,956.0
0.0,6297.0,3203.0,3163.0,3189.0,3206.0,3206.0,2214.0,949.0,2246.0,957.0
0.0,6283.0,3198.0,3164.0,3206.0,3201.0,3201.0,2215.0,949.0,2241.0,957.0
0.0,6291.0,3198.0,3164.0,3201.0,3198.0,3198.0,2215.0,949.0,2237.0,961.0
0.0,6294.0,3193.0,3165.0,3198.0,3196.0,3196.0,2216.0,949.0,2231.0,962.0
0.0,6299.0,3195.0,3166.0,3196.0,3198.0,3198.0,2216.0,950.0,2233.0,962.0
0.0,6300.0,3205.0,3166.0,3198.0,3205.0,3205.0,2216.0,950.0,2243.0,962.0
0.0,6293.0,3212.0,3167.0,3205.0,3215.0,3215.0,2217.0,950.0,2247.0,965.0
0.0,6286.0,3209.0,3168.0,3215.0,3212.0,3212.0,2218.0,950.0,2251.0,958.0
0.0,6292.0,3198.0,3168.0,3212.0,3198.0,3198.0,2218.0,950.0,2237.0,961.0
0.0,6306.0,3201.0,3170.0,3198.0,3207.0,3207.0,2219.0,951.0,2239.0,962.0
0.0,6303.0,3201.0,3170.0,3207.0,3201.0,3201.0,2219.0,951.0,2239.0,962.0
0.0,6309.0,3206.0,3171.0,3201.0,3209.0,3209.0,2220.0,951.0,2243.0,963.0
0.0,6304.0,3208.0,3171.0,3209.0,3208.0,3208.0,2220.0,951.0,2243.0,965.0
0.0,6305.0,3194.0,3173.0,3208.0,3200.0,3200.0,2221.0,952.0,2231.0,963.0
0.0,6319.0,3199.0,3173.0,3200.0,3199.0,3199.0,2221.0,952.0,2238.0,961.0
0.0,6320.0,3193.0,3173.0,3199.0,3193.0,3193.0,2221.0,952.0,2229.0,964.0
0.0,6326.0,3195.0,3174.0,3193.0,3198.0,3198.0,2222.0,952.0,2234.0,961.0
0.0,6324.0,3191.0,3175.0,3198.0,3194.0,3194.0,2222.0,953.0,2230.0,961.0
0.0,6331.0,3190.0,3176.0,3194.0,3193.0,3193.0,2223.0,953.0,2234.0,956.0
0.0,6335.0,3202.0,3176.0,3193.0,3202.0,3202.0,2223.0,953.0,2242.0,960.0
0.0,6326.0,3206.0,3177.0,3202.0,3209.0,3209.0,2224.0,953.0,2243.0,963.0
0.0,6322.0,3189.0,3178.0,3209.0,3192.0,3192.0,2224.0,954.0,2229.0,960.0
0.0,6342.0,3195.0,3179.0,3192.0,3198.0,3198.0,2225.0,954.0,2235.0,960.0
0.0,6339.0,3191.0,3179.0,3198.0,3191.0,3191.0,2225.0,954.0,2233.0,958.0
0.0,6346.0,3204.0,3180.0,3191.0,3207.0,3207.0,2226.0,954.0,2241.0,963.0
0.0,6333.0,3198.0,3180.0,3207.0,3198.0,3198.0,2226.0,954.0,2241.0,957.0
0.0,6342.0,3188.0,3182.0,3198.0,3194.0,3194.0,2227.0,955.0,2231.0,957.0
0.0,6352.0,3190.0,3182.0,3194.0,3190.0,3190.0,2227.0,955.0,2236.0,954.0
0.0,6356.0,3197.0,3182.0,3190.0,3197.0,3197.0,2227.0,955.0,2239.0,958.0
0.0,6349.0,3183.0,3183.0,3197.0,3186.0,3186.0,2228.0,955.0,2229.0,954.0
0.0,6363.0,3195.0,3184.0,3186.0,3198.0,3198.0,2228.0,956.0,2239.0,956.0
0.0,6354.0,3191.0,3185.0,3198.0,3194.0,3194.0,2229.0,956.0,2237.0,954.0
0.0,6361.0,3188.0,3185.0,3194.0,3188.0,3188.0,2229.0,956.0,2234.0,954.0
0.0,6367.0,3185.0,3185.0,3188.0,3185.0,3185.0,2229.0,956.0,2232.0,953.0
0.0,6370.0,3190.0,3186.0,3185.0,3193.0,3193.0,2230.0,956.0,2236.0,954.0
0.0,6365.0,3190.0,3187.0,3193.0,3193.0,3193.0,2230.0,957.0,2235.0,955.0
0.0,6368.0,3180.0,3188.0,3193.0,3183.0,3183.0,2231.0,957.0,2226.0,954.0
0.0,6381.0,3185.0,3188.0,3183.0,3185.0,3185.0,2231.0,957.0,2232.0,953.0
0.0,6379.0,3192.0,3189.0,3185.0,3195.0,3195.0,2232.0,957.0,2235.0,957.0
0.0,6372.0,3182.0,3189.0,3195.0,3182.0,3182.0,2232.0,957.0,2223.0,959.0
0.0,6385.0,3193.0,3191.0,3182.0,3199.0,3199.0,2233.0,958.0,2236.0,957.0
0.0,6374.0,3198.0,3191.0,3199.0,3198.0,3198.0,2233.0,958.0,2242.0,956.0
0.0,6375.0,3202.0,3192.0,3198.0,3205.0,3205.0,2234.0,958.0,2243.0,959.0
0.0,6371.0,3186.0,3192.0,3205.0,3186.0,3186.0,2234.0,958.0,2228.0,958.0
0.0,6390.0,3200.0,3192.0,3186.0,3200.0,3200.0,2234.0,958.0,2236.0,964.0
0.0,6376.0,3197.0,3193.0,3200.0,3200.0,3200.0,2235.0,958.0,2240.0,957.0
0.0,6379.0,3209.0,3195.0,3200.0,3215.0,3215.0,2236.0,959.0,2248.0,961.0
0.0,6370.0,3216.0,3195.0,3215.0,3216.0,3216.0,2236.0,959.0,2251.0,965.0
0.0,6369.0,3214.0,3196.0,3216.0,3217.0,3217.0,2237.0,959.0,2252.0,962.0
0.0,6371.0,3221.0,3196.0,3217.0,3221.0,3221.0,2237.0,959.0,2256.0,965.0
0.0,6367.0,3216.0,3197.0,3221.0,3219.0,3219.0,2238.0,959.0,2246.0,970.0
0.0,6372.0,3226.0,3198.0,3219.0,3229.0,3229.0,2238.0,960.0,2259.0,967.0
0.0,6365.0,3211.0,3198.0,3229.0,3211.0,3211.0,2238.0,960.0,2247.0,964.0
0.0,6383.0,3228.0,3199.0,3211.0,3231.0,3231.0,2239.0,960.0,2260.0,968.0
0.0,6366.0,3230.0,3199.0,3231.0,3230.0,3230.0,2239.0,960.0,2264.0,966.0
0.0,6367.0,3229.0,3200.0,3230.0,3232.0,3232.0,2240.0,960.0,2260.0,969.0
0.0,6368.0,3236.0,3200.0,3232.0,3236.0,3236.0,2240.0,960.0,2266.0,970.0
0.0,6364.0,3236.0,3201.0,3236.0,3239.0,3239.0,2241.0,960.0,2266.0,970.0
0.0,6364.0,3234.0,3202.0,3239.0,3237.0,3237.0,2241.0,961.0,2263.0,971.0
0.0,6369.0,3232.0,3202.0,3237.0,3232.0,3232.0,2241.0,961.0,2264.0,968.0
0.0,6374.0,3242.0,3203.0,3232.0,3245.0,3245.0,2242.0,961.0,2272.0,970.0
0.0,6364.0,3234.0,3204.0,3245.0,3237.0,3237.0,2243.0,961.0,2264.0,970.0
0.0,6375.0,3242.0,3204.0,3237.0,3242.0,3242.0,2243.0,961.0,2265.0,977.0
0.0,6370.0,3231.0,3205.0,3242.0,3234.0,3234.0,2243.0,962.0,2261.0,970.0
0.0,6381.0,3225.0,3206.0,3234.0,3228.0,3228.0,2244.0,962.0,2254.0,971.0
0.0,6390.0,3239.0,3206.0,3228.0,3239.0,3239.0,2244.0,962.0,2268.0,971.0
0.0,6379.0,3229.0,3207.0,3239.0,3232.0,3232.0,2245.0,962.0,2257.0,972.0
0.0,6389.0,3235.0,3207.0,3232.0,3235.0,3235.0,2245.0,962.0,2261.0,974.0
0.0,6386.0,3228.0,3208.0,3235.0,3231.0,3231.0,2246.0,962.0,2257.0,971.0
0.0,6393.0,3233.0,3209.0,3231.0,3236.0,3236.0,2246.0,963.0,2259.0,974.0
0.0,6391.0,3224.0,3210.0,3236.0,3227.0,3227.0,2247.0,963.0,2255.0,969.0
0.0,6403.0,3229.0,3210.0,3227.0,3229.0,3229.0,2247.0,963.0,2258.0,971.0
0.0,6401.0,3235.0,3210.0,3229.0,3235.0,3235.0,2247.0,963.0,2263.0,972.0
0.0,6395.0,3240.0,3211.0,3235.0,3243.0,3243.0,2248.0,963.0,2268.0,972.0
0.0,6390.0,3228.0,3213.0,3243.0,3234.0,3234.0,2249.0,964.0,2260.0,968.0
0.0,6405.0,3228.0,3213.0,3234.0,3228.0,3228.0,2249.0,964.0,2258.0,970.0
0.0,6411.0,3234.0,3213.0,3228.0,3234.0,3234.0,2249.0,964.0,2260.0,974.0
0.0,6405.0,3239.0,3214.0,3234.0,3242.0,3242.0,2250.0,964.0,2273.0,966.0
0.0,6400.0,3234.0,3216.0,3242.0,3240.0,3240.0,2251.0,965.0,2262.0,972.0
0.0,6408.0,3230.0,3216.0,3240.0,3230.0,3230.0,2251.0,965.0,2263.0,967.0
0.0,6418.0,3222.0,3217.0,3230.0,3225.0,3225.0,2252.0,965.0,2257.0,965.0
0.0,6426.0,3235.0,3217.0,3225.0,3235.0,3235.0,2252.0,965.0,2266.0,969.0
0.0,6416.0,3226.0,3218.0,3235.0,3229.0,3229.0,2253.0,965.0,2259.0,967.0
0.0,6425.0,3234.0,3219.0,3229.0,3237.0,3237.0,2253.0,966.0,2268.0,966.0
0.0,6420.0,3233.0,3220.0,3237.0,3236.0,3236.0,2254.0,966.0,2263.0,970.0
0.0,6424.0,3231.0,3220.0,3236.0,3231.0,3231.0,2254.0,966.0,2263.0,968.0
0.0,6429.0,3224.0,3221.0,3231.0,3227.0,3227.0,2255.0,966.0,2258.0,966.0
0.0,6436.0,3229.0,3222.0,3227.0,3232.0,3232.0,2255.0,967.0,2262.0,967.0
0.0,6434.0,3224.0,3223.0,3232.0,3227.0,3227.0,2256.0,967.0,2257.0,967.0
0.0,6442.0,3226.0,3223.0,3227.0,3226.0,3226.0,2256.0,967.0,2258.0,968.0
0.0,6443.0,3229.0,3224.0,3226.0,3232.0,3232.0,2257.0,967.0,2261.0,968.0
0.0,6440.0,3228.0,3226.0,3232.0,3234.0,3234.0,2258.0,968.0,2258.0,970.0
0.0,6444.0,3221.0,3226.0,3234.0,3221.0,3221.0,2258.0,968.0,2254.0,967.0
0.0,6457.0,3223.0,3226.0,3221.0,3223.0,3223.0,2258.0,968.0,2253.0,970.0
0.0,6455.0,3227.0,3226.0,3223.0,3227.0,3227.0,2258.0,968.0,2258.0,969.0
0.0,6451.0,3225.0,3228.0,3227.0,3231.0,3231.0,2259.0,969.0,2256.0,969.0
0.0,6453.0,3232.0,3229.0,3231.0,3235.0,3235.0,2260.0,969.0,2265.0,967.0
0.0,6452.0,3236.0,3229.0,3235.0,3236.0,3236.0,2260.0,969.0,2263.0,973.0
0.0,6451.0,3230.0,3229.0,3236.0,3230.0,3230.0,2260.0,969.0,2262.0,968.0
0.0,6457.0,3232.0,3229.0,3230.0,3232.0,3232.0,2260.0,969.0,2259.0,973.0
0.0,6455.0,3241.0,3230.0,3232.0,3244.0,3244.0,2261.0,969.0,2273.0,968.0
0.0,6446.0,3250.0,3230.0,3244.0,3250.0,3250.0,2261.0,969.0,2276.0,974.0
0.0,6440.0,3254.0,3232.0,3250.0,3260.0,3260.0,2262.0,970.0,2280.0,974.0
0.0,6436.0,3253.0,3232.0,3260.0,3253.0,3253.0,2262.0,970.0,2278.0,975.0
0.0,6443.0,3261.0,3233.0,3253.0,3264.0,3264.0,2263.0,970.0,2288.0,973.0
0.0,6435.0,3263.0,3234.0,3264.0,3266.0,3266.0,2264.0,970.0,2286.0,977.0
0.0,6436.0,3274.0,3234.0,3266.0,3274.0,3274.0,2264.0,970.0,2295.0,979.0
0.0,6428.0,3262.0,3235.0,3274.0,3265.0,3265.0,2265.0,970.0,2284.0,978.0
0.0,6440.0,3271.0,3236.0,3265.0,3274.0,3274.0,2265.0,971.0,2294.0,977.0
0.0,6434.0,3262.0,3236.0,3274.0,3262.0,3262.0,2265.0,971.0,2283.0,979.0
0.0,6446.0,3270.0,3237.0,3262.0,3273.0,3273.0,2266.0,971.0,2291.0,979.0
0.0,6438.0,3272.0,3237.0,3273.0,3272.0,3272.0,2266.0,971.0,2286.0,986.0
0.0,6439.0,3273.0,3238.0,3272.0,3276.0,3276.0,2267.0,971.0,2293.0,980.0
0.0,6438.0,3270.0,3239.0,3276.0,3273.0,3273.0,2267.0,972.0,2291.0,979.0
0.0,6444.0,3275.0,3240.0,3273.0,3278.0,3278.0,2268.0,972.0,2294.0,981.0
0.0,6442.0,3273.0,3240.0,3278.0,3273.0,3273.0,2268.0,972.0,2290.0,983.0
0.0,6447.0,3274.0,3241.0,3273.0,3277.0,3277.0,2269.0,972.0,2288.0,986.0
0.0,6446.0,3267.0,3242.0,3277.0,3270.0,3270.0,2269.0,973.0,2283.0,984.0
0.0,6456.0,3267.0,3243.0,3270.0,3270.0,3270.0,2270.0,973.0,2284.0,983.0
0.0,6459.0,3265.0,3243.0,3270.0,3265.0,3265.0,2270.0,973.0,2282.0,983.0
0.0,6464.0,3263.0,3244.0,3265.0,3266.0,3266.0,2271.0,973.0,2277.0,986.0
0.0,6466.0,3266.0,3244.0,3266.0,3266.0,3266.0,2271.0,973.0,2283.0,983.0
0.0,6466.0,3261.0,3246.0,3266.0,3267.0,3267.0,2272.0,974.0,2281.0,980.0
0.0,6471.0,3265.0,3246.0,3267.0,3265.0,3265.0,2272.0,974.0,2283.0,982.0
0.0,6473.0,3272.0,3247.0,3265.0,3275.0,3275.0,2273.0,974.0,2292.0,980.0
0.0,6466.0,3269.0,3247.0,3275.0,3269.0,3269.0,2273.0,974.0,2285.0,984.0
0.0,6472.0,3262.0,3247.0,3269.0,3262.0,3262.0,2273.0,974.0,2282.0,980.0
0.0,6479.0,3272.0,3249.0,3262.0,3278.0,3278.0,2274.0,975.0,2293.0,979.0
0.0,6469.0,3270.0,3250.0,3278.0,3273.0,3273.0,2275.0,975.0,2288.0,982.0
0.0,6477.0,3260.0,3250.0,3273.0,3260.0,3260.0,2275.0,975.0,2282.0,978.0
0.0,6490.0,3270.0,3250.0,3260.0,3270.0,3270.0,2275.0,975.0,2292.0,978.0
0.0,6480.0,3277.0,3251.0,3270.0,3280.0,3280.0,2276.0,975.0,2293.0,984.0
0.0,6473.0,3259.0,3252.0,3280.0,3262.0,3262.0,2276.0,976.0,2281.0,978.0
0.0,6494.0,3262.0,3253.0,3262.0,3265.0,3265.0,2277.0,976.0,2284.0,978.0
0.0,6494.0,3266.0,3253.0,3265.0,3266.0,3266.0,2277.0,976.0,2290.0,976.0
0.0,6493.0,3270.0,3254.0,3266.0,3273.0,3273.0,2278.0,976.0,2288.0,982.0
0.0,6489.0,3260.0,3254.0,3273.0,3260.0,3260.0,2278.0,976.0,2283.0,977.0
0.0,6502.0,3265.0,3256.0,3260.0,3271.0,3271.0,2279.0,977.0,2287.0,978.0
0.0,6497.0,3264.0,3256.0,3271.0,3264.0,3264.0,2279.0,977.0,2287.0,977.0
0.0,6504.0,3254.0,3256.0,3264.0,3254.0,3254.0,2279.0,977.0,2277.0,977.0
0.0,6514.0,3258.0,3257.0,3254.0,3261.0,3261.0,2280.0,977.0,2279.0,979.0
0.0,6510.0,3269.0,3257.0,3261.0,3269.0,3269.0,2280.0,977.0,2291.0,978.0
0.0,6502.0,3262.0,3259.0,3269.0,3268.0,3268.0,2281.0,978.0,2285.0,977.0
0.0,6509.0,3252.0,3259.0,3268.0,3252.0,3252.0,2281.0,978.0,2272.0,980.0
0.0,6525.0,3258.0,3260.0,3252.0,3261.0,3261.0,2282.0,978.0,2275.0,983.0
0.0,6519.0,3269.0,3260.0,3261.0,3269.0,3269.0,2282.0,978.0,2291.0,978.0
0.0,6511.0,3264.0,3262.0,3269.0,3270.0,3270.0,2283.0,979.0,2283.0,981.0
0.0,6516.0,3264.0,3262.0,3270.0,3264.0,3264.0,2283.0,979.0,2288.0,976.0
0.0,6522.0,3260.0,3263.0,3264.0,3263.0,3263.0,2284.0,979.0,2281.0,979.0
0.0,6526.0,3277.0,3263.0,3263.0,3277.0,3277.0,2284.0,979.0,2298.0,979.0
0.0,6512.0,3279.0,3264.0,3277.0,3282.0,3282.0,2285.0,979.0,2293.0,986.0
0.0,6510.0,3271.0,3266.0,3282.0,3277.0,3277.0,2286.0,980.0,2290.0,981.0
0.0,6521.0,3280.0,3266.0,3277.0,3280.0,3280.0,2286.0,980.0,2298.0,982.0
0.0,6518.0,3297.0,3267.0,3280.0,3300.0,3300.0,2287.0,980.0,2312.0,985.0
0.0,6501.0,3291.0,3267.0,3300.0,3291.0,3291.0,2287.0,980.0,2304.0,987.0
0.0,6510.0,3287.0,3268.0,3291.0,3290.0,3290.0,2288.0,980.0,2305.0,982.0
0.0,6514.0,3287.0,3269.0,3290.0,3290.0,3290.0,2288.0,981.0,2302.0,985.0
0.0,6517.0,3289.0,3269.0,3290.0,3289.0,3289.0,2288.0,981.0,2304.0,985.0
0.0,6518.0,3286.0,3269.0,3289.0,3286.0,3286.0,2288.0,981.0,2300.0,986.0
0.0,6521.0,3302.0,3270.0,3286.0,3305.0,3305.0,2289.0,981.0,2317.0,985.0
0.0,6505.0,3298.0,3270.0,3305.0,3298.0,3298.0,2289.0,981.0,2308.0,990.0
0.0,6512.0,3300.0,3271.0,3298.0,3303.0,3303.0,2290.0,981.0,2312.0,988.0
0.0,6510.0,3301.0,3272.0,3303.0,3304.0,3304.0,2290.0,982.0,2312.0,989.0
0.0,6512.0,3303.0,3273.0,3304.0,3306.0,3306.0,2291.0,982.0,2316.0,987.0
0.0,6513.0,3310.0,3273.0,3306.0,3310.0,3310.0,2291.0,982.0,2320.0,990.0
0.0,6509.0,3307.0,3274.0,3310.0,3310.0,3310.0,2292.0,982.0,2311.0,996.0
0.0,6512.0,3304.0,3274.0,3310.0,3304.0,3304.0,2292.0,982.0,2318.0,986.0
0.0,6518.0,3295.0,3275.0,3304.0,3298.0,3298.0,2293.0,982.0,2306.0,989.0
0.0,6527.0,3302.0,3276.0,3298.0,3305.0,3305.0,2293.0,983.0,2307.0,995.0
0.0,6523.0,3298.0,3276.0,3305.0,3298.0,3298.0,2293.0,983.0,2305.0,993.0
0.0,6530.0,3299.0,3277.0,3298.0,3302.0,3302.0,2294.0,983.0,2307.0,992.0
0.0,6529.0,3303.0,3277.0,3302.0,3303.0,3303.0,2294.0,983.0,2311.0,992.0
0.0,6528.0,3304.0,3278.0,3303.0,3307.0,3307.0,2295.0,983.0,2314.0,990.0
0.0,6527.0,3301.0,3279.0,3307.0,3304.0,3304.0,2296.0,983.0,2310.0,991.0
0.0,6533.0,3298.0,3280.0,3304.0,3301.0,3301.0,2296.0,984.0,2307.0,991.0
0.0,6539.0,3302.0,3281.0,3301.0,3305.0,3305.0,2297.0,984.0,2308.0,994.0
0.0,6538.0,3303.0,3281.0,3305.0,3303.0,3303.0,2297.0,984.0,2315.0,988.0
0.0,6540.0,3298.0,3281.0,3303.0,3298.0,3298.0,2297.0,984.0,2301.0,997.0
0.0,6545.0,3298.0,3282.0,3298.0,3301.0,3301.0,2298.0,984.0,2305.0,993.0
0.0,6545.0,3299.0,3283.0,3301.0,3302.0,3302.0,2298.0,985.0,2306.0,993.0
0.0,6547.0,3297.0,3283.0,3302.0,3297.0,3297.0,2298.0,985.0,2311.0,986.0
0.0,6552.0,3304.0,3284.0,3297.0,3307.0,3307.0,2299.0,985.0,2312.0,992.0
0.0,6545.0,3300.0,3284.0,3307.0,3300.0,3300.0,2299.0,985.0,2305.0,995.0
0.0,6552.0,3303.0,3285.0,3300.0,3306.0,3306.0,2300.0,985.0,2312.0,991.0
0.0,6549.0,3296.0,3286.0,3306.0,3299.0,3299.0,2300.0,986.0,2311.0,985.0
0.0,6559.0,3303.0,3287.0,3299.0,3306.0,3306.0,2301.0,986.0,2313.0,990.0
0.0,6555.0,3302.0,3287.0,3306.0,3302.0,3302.0,2301.0,986.0,2311.0,991.0
0.0,6559.0,3296.0,3288.0,3302.0,3299.0,3299.0,2302.0,986.0,2309.0,987.0
0.0,6565.0,3293.0,3288.0,3299.0,3293.0,3293.0,2302.0,986.0,2304.0,989.0
0.0,6571.0,3298.0,3289.0,3293.0,3301.0,3301.0,2302.0,987.0,2308.0,990.0
0.0,6566.0,3292.0,3290.0,3301.0,3295.0,3295.0,2303.0,987.0,2304.0,988.0
0.0,6575.0,3292.0,3290.0,3295.0,3292.0,3292.0,2303.0,987.0,2301.0,991.0
0.0,6578.0,3285.0,3291.0,3292.0,3288.0,3288.0,2304.0,987.0,2297.0,988.0
0.0,6585.0,3287.0,3292.0,3288.0,3290.0,3290.0,2304.0,988.0,2300.0,987.0
0.0,6586.0,3297.0,3292.0,3290.0,3297.0,3297.0,2304.0,988.0,2311.0,986.0
0.0,6579.0,3284.0,3293.0,3297.0,3287.0,3287.0,2305.0,988.0,2295.0,989.0
0.0,6592.0,3299.0,3293.0,3287.0,3299.0,3299.0,2305.0,988.0,2313.0,986.0
0.0,6580.0,3299.0,3294.0,3299.0,3302.0,3302.0,2306.0,988.0,2305.0,994.0
0.0,6580.0,3300.0,3294.0,3302.0,3300.0,3300.0,2306.0,988.0,2311.0,989.0
0.0,6582.0,3301.0,3296.0,3300.0,3307.0,3307.0,2307.0,989.0,2312.0,989.0
0.0,6581.0,3301.0,3296.0,3307.0,3301.0,3301.0,2307.0,989.0,2310.0,991.0
0.0,6587.0,3310.0,3297.0,3301.0,3313.0,3313.0,2308.0,989.0,2312.0,998.0
0.0,6578.0,3310.0,3297.0,3313.0,3310.0,3310.0,2308.0,989.0,2317.0,993.0
0.0,6581.0,3305.0,3298.0,3310.0,3308.0,3308.0,2308.0,990.0,2315.0,990.0
0.0,6586.0,3318.0,3299.0,3308.0,3321.0,3321.0,2309.0,990.0,2327.0,991.0
0.0,6576.0,3314.0,3299.0,3321.0,3314.0,3314.0,2309.0,990.0,2323.0,991.0
0.0,6583.0,3323.0,3300.0,3314.0,3326.0,3326.0,2310.0,990.0,2328.0,995.0
0.0,6574.0,3331.0,3300.0,3326.0,3331.0,3331.0,2310.0,990.0,2334.0,997.0
0.0,6569.0,3329.0,3301.0,3331.0,3332.0,3332.0,2311.0,990.0,2334.0,995.0
0.0,6571.0,3332.0,3302.0,3332.0,3335.0,3335.0,2311.0,991.0,2335.0,997.0
0.0,6571.0,3327.0,3303.0,3335.0,3330.0,3330.0,2312.0,991.0,2331.0,996.0
0.0,6579.0,3329.0,3303.0,3330.0,3329.0,3329.0,2312.0,991.0,2328.0,1001.0
0.0,6580.0,3344.0,3304.0,3329.0,3347.0,3347.0,2313.0,991.0,2344.0,1000.0
0.0,6565.0,3334.0,3305.0,3347.0,3337.0,3337.0,2313.0,992.0,2334.0,1000.0
0.0,6578.0,3340.0,3306.0,3337.0,3343.0,3343.0,2314.0,992.0,2342.0,998.0
0.0,6575.0,3340.0,3306.0,3343.0,3340.0,3340.0,2314.0,992.0,2341.0,999.0
0.0,6578.0,3340.0,3307.0,3340.0,3343.0,3343.0,2315.0,992.0,2337.0,1003.0
0.0,6578.0,3339.0,3307.0,3343.0,3339.0,3339.0,2315.0,992.0,2341.0,998.0
0.0,6582.0,3333.0,3309.0,3339.0,3339.0,3339.0,2316.0,993.0,2329.0,1004.0
0.0,6588.0,3329.0,3309.0,3339.0,3329.0,3329.0,2316.0,993.0,2331.0,998.0
0.0,6598.0,3329.0,3309.0,3329.0,3329.0,3329.0,2316.0,993.0,2328.0,1001.0
0.0,6598.0,3336.0,3310.0,3329.0,3339.0,3339.0,2317.0,993.0,2332.0,1004.0
0.0,6591.0,3320.0,3310.0,3339.0,3320.0,3320.0,2317.0,993.0,2320.0,1000.0
0.0,6610.0,3330.0,3311.0,3320.0,3333.0,3333.0,2318.0,993.0,2329.0,1001.0
0.0,6600.0,3323.0,3312.0,3333.0,3326.0,3326.0,2318.0,994.0,2323.0,1000.0
0.0,6610.0,3341.0,3312.0,3326.0,3341.0,3341.0,2318.0,994.0,2338.0,1003.0
0.0,6595.0,3341.0,3313.0,3341.0,3344.0,3344.0,2319.0,994.0,2336.0,1005.0
0.0,6595.0,3335.0,3313.0,3344.0,3335.0,3335.0,2319.0,994.0,2333.0,1002.0
0.0,6604.0,3325.0,3314.0,3335.0,3328.0,3328.0,2319.0,995.0,2323.0,1002.0
0.0,6614.0,3333.0,3315.0,3328.0,3336.0,3336.0,2320.0,995.0,2333.0,1000.0
0.0,6609.0,3337.0,3316.0,3336.0,3340.0,3340.0,2321.0,995.0,2338.0,999.0
0.0,6608.0,3332.0,3316.0,3340.0,3332.0,3332.0,2321.0,995.0,2332.0,1000.0
0.0,6616.0,3340.0,3317.0,3332.0,3343.0,3343.0,2322.0,995.0,2337.0,1003.0
0.0,6608.0,3332.0,3317.0,3343.0,3332.0,3332.0,2322.0,995.0,2332.0,1000.0
0.0,6619.0,3334.0,3319.0,3332.0,3340.0,3340.0,2323.0,996.0,2333.0,1001.0
0.0,6617.0,3347.0,3319.0,3340.0,3347.0,3347.0,2323.0,996.0,2348.0,999.0
0.0,6610.0,3336.0,3320.0,3347.0,3339.0,3339.0,2324.0,996.0,2336.0,1000.0
0.0,6621.0,3346.0,3320.0,3339.0,3346.0,3346.0,2324.0,996.0,2342.0,1004.0
0.0,6614.0,3335.0,3321.0,3346.0,3338.0,3338.0,2325.0,996.0,2333.0,1002.0
0.0,6625.0,3329.0,3322.0,3338.0,3332.0,3332.0,2325.0,997.0,2328.0,1001.0
0.0,6634.0,3326.0,3323.0,3332.0,3329.0,3329.0,2326.0,997.0,2325.0,1001.0
0.0,6640.0,3342.0,3323.0,3329.0,3342.0,3342.0,2326.0,997.0,2337.0,1005.0
0.0,6627.0,3326.0,3324.0,3342.0,3329.0,3329.0,2327.0,997.0,2331.0,995.0
0.0,6643.0,3339.0,3325.0,3329.0,3342.0,3342.0,2327.0,998.0,2339.0,1000.0
0.0,6633.0,3330.0,3326.0,3342.0,3333.0,3333.0,2328.0,998.0,2330.0,1000.0
0.0,6645.0,3329.0,3327.0,3333.0,3332.0,3332.0,2329.0,998.0,2330.0,999.0
0.0,6649.0,3327.0,3327.0,3332.0,3327.0,3327.0,2329.0,998.0,2325.0,1002.0
0.0,6654.0,3337.0,3329.0,3327.0,3343.0,3343.0,2330.0,999.0,2335.0,1002.0
0.0,6644.0,3319.0,3329.0,3343.0,3319.0,3319.0,2330.0,999.0,2320.0,999.0
0.0,6668.0,3329.0,3329.0,3319.0,3329.0,3329.0,2330.0,999.0,2333.0,996.0
0.0,6658.0,3327.0,3330.0,3329.0,3330.0,3330.0,2331.0,999.0,2327.0,1000.0
0.0,6660.0,3340.0,3330.0,3330.0,3340.0,3340.0,2331.0,999.0,2335.0,1005.0
0.0,6650.0,3336.0,3331.0,3340.0,3339.0,3339.0,2332.0,999.0,2339.0,997.0
0.0,6654.0,3343.0,3332.0,3339.0,3346.0,3346.0,2332.0,1000.0,2341.0,1002.0
0.0,6650.0,3343.0,3333.0,3346.0,3346.0,3346.0,2333.0,1000.0,2342.0,1001.0
0.0,6653.0,3344.0,3333.0,3346.0,3344.0,3344.0,2333.0,1000.0,2341.0,1003.0
0.0,6655.0,3342.0,3333.0,3344.0,3342.0,3342.0,2333.0,1000.0,2332.0,1010.0
0.0,6657.0,3348.0,3335.0,3342.0,3354.0,3354.0,2334.0,1001.0,2342.0,1006.0
0.0,6651.0,3355.0,3335.0,3354.0,3355.0,3355.0,2334.0,1001.0,2353.0,1002.0
0.0,6650.0,3347.0,3335.0,3355.0,3347.0,3347.0,2334.0,1001.0,2347.0,1000.0
0.0,6658.0,3358.0,3336.0,3347.0,3361.0,3361.0,2335.0,1001.0,2355.0,1003.0
0.0,6647.0,3354.0,3336.0,3361.0,3354.0,3354.0,2335.0,1001.0,2350.0,1004.0
0.0,6654.0,3366.0,3337.0,3354.0,3369.0,3369.0,2336.0,1001.0,2356.0,1010.0
0.0,6642.0,3374.0,3337.0,3369.0,3374.0,3374.0,2336.0,1001.0,2367.0,1007.0
0.0,6637.0,3368.0,3339.0,3374.0,3374.0,3374.0,2337.0,1002.0,2361.0,1007.0
0.0,6643.0,3364.0,3339.0,3374.0,3364.0,3364.0,2337.0,1002.0,2359.0,1005.0
0.0,6653.0,3371.0,3339.0,3364.0,3371.0,3371.0,2337.0,1002.0,2363.0,1008.0
0.0,6646.0,3374.0,3340.0,3371.0,3377.0,3377.0,2338.0,1002.0,2359.0,1015.0
0.0,6643.0,3368.0,3340.0,3377.0,3368.0,3368.0,2338.0,1002.0,2360.0,1008.0
0.0,6652.0,3376.0,3342.0,3368.0,3382.0,3382.0,2339.0,1003.0,2364.0,1012.0
0.0,6644.0,3372.0,3342.0,3382.0,3372.0,3372.0,2339.0,1003.0,2363.0,1009.0
0.0,6654.0,3357.0,3343.0,3372.0,3360.0,3360.0,2340.0,1003.0,2349.0,1008.0
0.0,6669.0,3367.0,3343.0,3360.0,3367.0,3367.0,2340.0,1003.0,2357.0,1010.0
0.0,6662.0,3382.0,3344.0,3367.0,3385.0,3385.0,2341.0,1003.0,2366.0,1016.0
0.0,6647.0,3367.0,3345.0,3385.0,3370.0,3370.0,2342.0,1003.0,2355.0,1012.0
0.0,6665.0,3377.0,3346.0,3370.0,3380.0,3380.0,2342.0,1004.0,2367.0,1010.0
0.0,6658.0,3372.0,3347.0,3380.0,3375.0,3375.0,2343.0,1004.0,2361.0,1011.0
0.0,6666.0,3369.0,3347.0,3375.0,3369.0,3369.0,2343.0,1004.0,2359.0,1010.0
0.0,6672.0,3361.0,3348.0,3369.0,3364.0,3364.0,2344.0,1004.0,2348.0,1013.0
0.0,6680.0,3369.0,3348.0,3364.0,3369.0,3369.0,2344.0,1004.0,2356.0,1013.0
0.0,6675.0,3369.0,3349.0,3369.0,3372.0,3372.0,2345.0,1004.0,2362.0,1007.0
0.0,6675.0,3375.0,3350.0,3372.0,3378.0,3378.0,2345.0,1005.0,2365.0,1010.0
0.0,6672.0,3368.0,3351.0,3378.0,3371.0,3371.0,2346.0,1005.0,2357.0,1011.0
0.0,6682.0,3371.0,3351.0,3371.0,3371.0,3371.0,2346.0,1005.0,2357.0,1014.0
0.0,6682.0,3362.0,3352.0,3371.0,3365.0,3365.0,2347.0,1005.0,2353.0,1009.0
0.0,6691.0,3371.0,3353.0,3365.0,3374.0,3374.0,2347.0,1006.0,2359.0,1012.0
0.0,6685.0,3368.0,3354.0,3374.0,3371.0,3371.0,2348.0,1006.0,2357.0,1011.0
0.0,6691.0,3361.0,3354.0,3371.0,3361.0,3361.0,2348.0,1006.0,2354.0,1007.0
0.0,6701.0,3364.0,3354.0,3361.0,3364.0,3364.0,2348.0,1006.0,2356.0,1008.0
0.0,6698.0,3370.0,3354.0,3364.0,3370.0,3370.0,2348.0,1006.0,2360.0,1010.0
0.0,6692.0,3378.0,3355.0,3370.0,3381.0,3381.0,2349.0,1006.0,2366.0,1012.0
0.0,6684.0,3367.0,3356.0,3381.0,3370.0,3370.0,2350.0,1006.0,2358.0,1009.0
0.0,6698.0,3368.0,3357.0,3370.0,3371.0,3371.0,2350.0,1007.0,2359.0,1009.0
0.0,6700.0,3370.0,3358.0,3371.0,3373.0,3373.0,2351.0,1007.0,2361.0,1009.0
0.0,6701.0,3361.0,3358.0,3373.0,3361.0,3361.0,2351.0,1007.0,2352.0,1009.0
0.0,6713.0,3365.0,3358.0,3361.0,3365.0,3365.0,2351.0,1007.0,2353.0,1012.0
0.0,6709.0,3365.0,3359.0,3365.0,3368.0,3368.0,2352.0,1007.0,2354.0,1011.0
0.0,6709.0,3358.0,3360.0,3368.0,3361.0,3361.0,2352.0,1008.0,2350.0,1008.0
0.0,6719.0,3359.0,3361.0,3361.0,3362.0,3362.0,2353.0,1008.0,2348.0,1011.0
0.0,6721.0,3372.0,3361.0,3362.0,3372.0,3372.0,2353.0,1008.0,2360.0,1012.0
0.0,6711.0,3377.0,3362.0,3372.0,3380.0,3380.0,2354.0,1008.0,2359.0,1018.0
0.0,6706.0,3364.0,3363.0,3380.0,3367.0,3367.0,2354.0,1009.0,2353.0,1011.0
0.0,6722.0,3381.0,3364.0,3367.0,3384.0,3384.0,2355.0,1009.0,2365.0,1016.0
0.0,6708.0,3372.0,3364.0,3384.0,3372.0,3372.0,2355.0,1009.0,2351.0,1021.0
0.0,6720.0,3373.0,3366.0,3372.0,3379.0,3379.0,2356.0,1010.0,2358.0,1015.0
0.0,6719.0,3373.0,3366.0,3379.0,3373.0,3373.0,2356.0,1010.0,2360.0,1013.0
0.0,6725.0,3385.0,3367.0,3373.0,3388.0,3388.0,2357.0,1010.0,2371.0,1014.0
0.0,6713.0,3386.0,3367.0,3388.0,3386.0,3386.0,2357.0,1010.0,2368.0,1018.0
0.0,6715.0,3389.0,3368.0,3386.0,3392.0,3392.0,2358.0,1010.0,2373.0,1016.0
0.0,6712.0,3383.0,3370.0,3392.0,3389.0,3389.0,2359.0,1011.0,2369.0,1014.0
0.0,6721.0,3397.0,3370.0,3389.0,3397.0,3397.0,2359.0,1011.0,2381.0,1016.0
0.0,6713.0,3396.0,3371.0,3397.0,3399.0,3399.0,2360.0,1011.0,2378.0,1018.0
0.0,6714.0,3398.0,3371.0,3399.0,3398.0,3398.0,2360.0,1011.0,2383.0,1015.0
0.0,6715.0,3397.0,3373.0,3398.0,3403.0,3403.0,2361.0,1012.0,2381.0,1016.0
0.0,6716.0,3407.0,3373.0,3403.0,3407.0,3407.0,2361.0,1012.0,2388.0,1019.0
0.0,6712.0,3408.0,3374.0,3407.0,3411.0,3411.0,2362.0,1012.0,2385.0,1023.0
0.0,6711.0,3408.0,3374.0,3411.0,3408.0,3408.0,2362.0,1012.0,2389.0,1019.0
0.0,6714.0,3394.0,3376.0,3408.0,3400.0,3400.0,2363.0,1013.0,2378.0,1016.0
0.0,6728.0,3409.0,3376.0,3400.0,3409.0,3409.0,2363.0,1013.0,2393.0,1016.0
0.0,6719.0,3409.0,3377.0,3409.0,3412.0,3412.0,2364.0,1013.0,2389.0,1020.0
0.0,6719.0,3416.0,3377.0,3412.0,3416.0,3416.0,2364.0,1013.0,2390.0,1026.0
0.0,6715.0,3401.0,3378.0,3416.0,3404.0,3404.0,2365.0,1013.0,2382.0,1019.0
0.0,6730.0,3407.0,3379.0,3404.0,3410.0,3410.0,2365.0,1014.0,2386.0,1021.0
0.0,6727.0,3398.0,3380.0,3410.0,3401.0,3401.0,2366.0,1014.0,2377.0,1021.0
0.0,6739.0,3400.0,3380.0,3401.0,3400.0,3400.0,2366.0,1014.0,2382.0,1018.0
0.0,6740.0,3409.0,3381.0,3400.0,3412.0,3412.0,2367.0,1014.0,2389.0,1020.0
0.0,6731.0,3403.0,3381.0,3412.0,3403.0,3403.0,2367.0,1014.0,2382.0,1021.0
0.0,6740.0,3397.0,3381.0,3403.0,3397.0,3397.0,2367.0,1014.0,2377.0,1020.0
0.0,6746.0,3403.0,3383.0,3397.0,3409.0,3409.0,2368.0,1015.0,2381.0,1022.0
0.0,6740.0,3401.0,3383.0,3409.0,3401.0,3401.0,2368.0,1015.0,2382.0,1019.0
0.0,6748.0,3395.0,3384.0,3401.0,3398.0,3398.0,2369.0,1015.0,2374.0,1021.0
0.0,6754.0,3410.0,3384.0,3398.0,3410.0,3410.0,2369.0,1015.0,2385.0,1025.0
0.0,6742.0,3396.0,3385.0,3410.0,3399.0,3399.0,2370.0,1015.0,2378.0,1018.0
0.0,6756.0,3401.0,3386.0,3399.0,3404.0,3404.0,2370.0,1016.0,2380.0,1021.0
0.0,6754.0,3407.0,3386.0,3404.0,3407.0,3407.0,2370.0,1016.0,2389.0,1018.0
0.0,6751.0,3411.0,3387.0,3407.0,3414.0,3414.0,2371.0,1016.0,2385.0,1026.0
0.0,6747.0,3411.0,3388.0,3414.0,3414.0,3414.0,2372.0,1016.0,2387.0,1024.0
0.0,6750.0,3407.0,3388.0,3414.0,3407.0,3407.0,2372.0,1016.0,2387.0,1020.0
0.0,6757.0,3399.0,3390.0,3407.0,3405.0,3405.0,2373.0,1017.0,2379.0,1020.0
0.0,6765.0,3399.0,3390.0,3405.0,3399.0,3399.0,2373.0,1017.0,2382.0,1017.0
0.0,6771.0,3406.0,3391.0,3399.0,3409.0,3409.0,2374.0,1017.0,2382.0,1024.0
0.0,6764.0,3400.0,3391.0,3409.0,3400.0,3400.0,2374.0,1017.0,2380.0,1020.0
0.0,6773.0,3402.0,3391.0,3400.0,3402.0,3402.0,2374.0,1017.0,2383.0,1019.0
0.0,6771.0,3409.0,3393.0,3402.0,3415.0,3415.0,2375.0,1018.0,2387.0,1022.0
0.0,6764.0,3399.0,3393.0,3415.0,3399.0,3399.0,2375.0,1018.0,2382.0,1017.0
0.0,6780.0,3401.0,3394.0,3399.0,3404.0,3404.0,2376.0,1018.0,2379.0,1022.0
0.0,6778.0,3413.0,3394.0,3404.0,3413.0,3413.0,2376.0,1018.0,2390.0,1023.0
0.0,6769.0,3407.0,3395.0,3413.0,3410.0,3410.0,2377.0,1018.0,2385.0,1022.0
0.0,6775.0,3402.0,3397.0,3410.0,3408.0,3408.0,2378.0,1019.0,2380.0,1022.0
0.0,6783.0,3409.0,3397.0,3408.0,3409.0,3409.0,2378.0,1019.0,2384.0,1025.0
0.0,6782.0,3406.0,3398.0,3409.0,3409.0,3409.0,2379.0,1019.0,2378.0,1028.0
0.0,6785.0,3410.0,3399.0,3409.0,3413.0,3413.0,2379.0,1020.0,2387.0,1023.0
0.0,6784.0,3405.0,3400.0,3413.0,3408.0,3408.0,2380.0,1020.0,2382.0,1023.0
0.0,6792.0,3396.0,3400.0,3408.0,3396.0,3396.0,2380.0,1020.0,2371.0,1025.0
0.0,6804.0,3408.0,3400.0,3396.0,3408.0,3408.0,2380.0,1020.0,2383.0,1025.0
0.0,6792.0,3413.0,3401.0,3408.0,3416.0,3416.0,2381.0,1020.0,2386.0,1027.0
0.0,6787.0,3402.0,3401.0,3416.0,3402.0,3402.0,2381.0,1020.0,2377.0,1025.0
0.0,6801.0,3414.0,3403.0,3402.0,3420.0,3420.0,2382.0,1021.0,2393.0,1021.0
0.0,6789.0,3414.0,3403.0,3420.0,3414.0,3414.0,2382.0,1021.0,2387.0,1027.0
0.0,6795.0,3414.0,3404.0,3414.0,3417.0,3417.0,2383.0,1021.0,2388.0,1026.0
0.0,6795.0,3414.0,3404.0,3417.0,3414.0,3414.0,2383.0,1021.0,2387.0,1027.0
0.0,6798.0,3420.0,3405.0,3414.0,3423.0,3423.0,2384.0,1021.0,2395.0,1025.0
0.0,6792.0,3422.0,3406.0,3423.0,3425.0,3425.0,2384.0,1022.0,2398.0,1024.0
0.0,6793.0,3431.0,3406.0,3425.0,3431.0,3431.0,2384.0,1022.0,2406.0,1025.0
0.0,6787.0,3432.0,3407.0,3431.0,3435.0,3435.0,2385.0,1022.0,2403.0,1029.0
0.0,6786.0,3437.0,3407.0,3435.0,3437.0,3437.0,2385.0,1022.0,2407.0,1030.0
0.0,6784.0,3431.0,3408.0,3437.0,3434.0,3434.0,2386.0,1022.0,2402.0,1029.0
0.0,6790.0,3436.0,3409.0,3434.0,3439.0,3439.0,2386.0,1023.0,2408.0,1028.0
0.0,6788.0,3439.0,3409.0,3439.0,3439.0,3439.0,2386.0,1023.0,2410.0,1029.0
0.0,6788.0,3432.0,3410.0,3439.0,3435.0,3435.0,2387.0,1023.0,2401.0,1031.0
0.0,6795.0,3441.0,3410.0,3435.0,3441.0,3441.0,2387.0,1023.0,2409.0,1032.0
0.0,6789.0,3440.0,3412.0,3441.0,3446.0,3446.0,2388.0,1024.0,2408.0,1032.0
0.0,6790.0,3440.0,3412.0,3446.0,3440.0,3440.0,2388.0,1024.0,2411.0,1029.0
0.0,6796.0,3443.0,3412.0,3440.0,3443.0,3443.0,2388.0,1024.0,2411.0,1032.0
0.0,6793.0,3449.0,3413.0,3443.0,3452.0,3452.0,2389.0,1024.0,2418.0,1031.0
0.0,6787.0,3436.0,3414.0,3452.0,3439.0,3439.0,2390.0,1024.0,2405.0,1031.0
0.0,6803.0,3436.0,3414.0,3439.0,3436.0,3436.0,2390.0,1024.0,2407.0,1029.0
0.0,6806.0,3436.0,3415.0,3436.0,3439.0,3439.0,2390.0,1025.0,2403.0,1033.0
0.0,6806.0,3427.0,3416.0,3439.0,3430.0,3430.0,2391.0,1025.0,2395.0,1032.0
0.0,6818.0,3437.0,3416.0,3430.0,3437.0,3437.0,2391.0,1025.0,2412.0,1025.0
0.0,6811.0,3431.0,3417.0,3437.0,3434.0,3434.0,2392.0,1025.0,2405.0,1026.0
0.0,6817.0,3442.0,3417.0,3434.0,3442.0,3442.0,2392.0,1025.0,2409.0,1033.0
0.0,6809.0,3438.0,3419.0,3442.0,3444.0,3444.0,2393.0,1026.0,2407.0,1031.0
0.0,6813.0,3433.0,3419.0,3444.0,3433.0,3433.0,2393.0,1026.0,2407.0,1026.0
0.0,6824.0,3429.0,3420.0,3433.0,3432.0,3432.0,2394.0,1026.0,2403.0,1026.0
0.0,6828.0,3440.0,3420.0,3432.0,3440.0,3440.0,2394.0,1026.0,2411.0,1029.0
0.0,6820.0,3429.0,3421.0,3440.0,3432.0,3432.0,2395.0,1026.0,2402.0,1027.0
0.0,6831.0,3445.0,3421.0,3432.0,3445.0,3445.0,2395.0,1026.0,2414.0,1031.0
0.0,6818.0,3430.0,3422.0,3445.0,3433.0,3433.0,2396.0,1026.0,2401.0,1029.0
0.0,6833.0,3441.0,3422.0,3433.0,3441.0,3441.0,2396.0,1026.0,2412.0,1029.0
0.0,6825.0,3437.0,3424.0,3441.0,3443.0,3443.0,2397.0,1027.0,2408.0,1029.0
0.0,6829.0,3441.0,3424.0,3443.0,3441.0,3441.0,2397.0,1027.0,2413.0,1028.0
0.0,6831.0,3431.0,3425.0,3441.0,3434.0,3434.0,2398.0,1027.0,2405.0,1026.0
0.0,6841.0,3442.0,3425.0,3434.0,3442.0,3442.0,2398.0,1027.0,2406.0,1036.0
0.0,6833.0,3433.0,3425.0,3442.0,3433.0,3433.0,2398.0,1027.0,2403.0,1030.0
0.0,6842.0,3430.0,3426.0,3433.0,3433.0,3433.0,2399.0,1027.0,2404.0,1026.0
0.0,6845.0,3436.0,3427.0,3433.0,3439.0,3439.0,2399.0,1028.0,2407.0,1029.0
0.0,6842.0,3431.0,3428.0,3439.0,3434.0,3434.0,2400.0,1028.0,2399.0,1032.0
0.0,6850.0,3435.0,3428.0,3434.0,3435.0,3435.0,2400.0,1028.0,2404.0,1031.0
0.0,6849.0,3427.0,3428.0,3435.0,3427.0,3427.0,2400.0,1028.0,2394.0,1033.0
0.0,6857.0,3430.0,3428.0,3427.0,3430.0,3430.0,2400.0,1028.0,2400.0,1030.0
0.0,6854.0,3434.0,3429.0,3430.0,3437.0,3437.0,2401.0,1028.0,2403.0,1031.0
0.0,6850.0,3441.0,3430.0,3437.0,3444.0,3444.0,2401.0,1029.0,2410.0,1031.0
0.0,6846.0,3445.0,3431.0,3444.0,3448.0,3448.0,2402.0,1029.0,2411.0,1034.0
0.0,6845.0,3442.0,3431.0,3448.0,3442.0,3442.0,2402.0,1029.0,2407.0,1035.0
0.0,6851.0,3446.0,3432.0,3442.0,3449.0,3449.0,2403.0,1029.0,2409.0,1037.0
0.0,6847.0,3434.0,3433.0,3449.0,3437.0,3437.0,2404.0,1029.0,2404.0,1030.0
0.0,6862.0,3439.0,3434.0,3437.0,3442.0,3442.0,2404.0,1030.0,2401.0,1038.0
0.0,6860.0,3442.0,3434.0,3442.0,3442.0,3442.0,2404.0,1030.0,2406.0,1036.0
0.0,6860.0,3448.0,3435.0,3442.0,3451.0,3451.0,2405.0,1030.0,2408.0,1040.0
0.0,6854.0,3448.0,3435.0,3451.0,3448.0,3448.0,2405.0,1030.0,2412.0,1036.0
0.0,6857.0,3453.0,3436.0,3448.0,3456.0,3456.0,2406.0,1030.0,2418.0,1035.0
0.0,6852.0,3456.0,3437.0,3456.0,3459.0,3459.0,2406.0,1031.0,2419.0,1037.0
0.0,6852.0,3456.0,3438.0,3459.0,3459.0,3459.0,2407.0,1031.0,2416.0,1040.0
0.0,6855.0,3459.0,3438.0,3459.0,3459.0,3459.0,2407.0,1031.0,2418.0,1041.0
0.0,6855.0,3473.0,3440.0,3459.0,3479.0,3479.0,2408.0,1032.0,2431.0,1042.0
0.0,6841.0,3471.0,3440.0,3479.0,3471.0,3471.0,2408.0,1032.0,2434.0,1037.0
0.0,6849.0,3468.0,3441.0,3471.0,3471.0,3471.0,2409.0,1032.0,2428.0,1040.0
0.0,6852.0,3480.0,3441.0,3471.0,3480.0,3480.0,2409.0,1032.0,2435.0,1045.0
0.0,6843.0,3470.0,3442.0,3480.0,3473.0,3473.0,2410.0,1032.0,2431.0,1039.0
0.0,6853.0,3476.0,3443.0,3473.0,3479.0,3479.0,2410.0,1033.0,2438.0,1038.0
0.0,6850.0,3476.0,3444.0,3479.0,3479.0,3479.0,2411.0,1033.0,2437.0,1039.0
0.0,6853.0,3474.0,3444.0,3479.0,3474.0,3474.0,2411.0,1033.0,2431.0,1043.0
0.0,6858.0,3474.0,3445.0,3474.0,3477.0,3477.0,2412.0,1033.0,2430.0,1044.0
0.0,6858.0,3472.0,3445.0,3477.0,3472.0,3472.0,2412.0,1033.0,2430.0,1042.0
0.0,6863.0,3477.0,3447.0,3472.0,3483.0,3483.0,2413.0,1034.0,2430.0,1047.0
0.0,6858.0,3481.0,3447.0,3483.0,3481.0,3481.0,2413.0,1034.0,2439.0,1042.0
0.0,6860.0,3469.0,3447.0,3481.0,3469.0,3469.0,2413.0,1034.0,2423.0,1046.0
0.0,6872.0,3472.0,3448.0,3469.0,3475.0,3475.0,2414.0,1034.0,2432.0,1040.0
0.0,6869.0,3474.0,3449.0,3475.0,3477.0,3477.0,2414.0,1035.0,2434.0,1040.0
0.0,6870.0,3472.0,3450.0,3477.0,3475.0,3475.0,2415.0,1035.0,2429.0,1043.0
0.0,6875.0,3469.0,3450.0,3475.0,3469.0,3469.0,2415.0,1035.0,2421.0,1048.0
0.0,6881.0,3465.0,3452.0,3469.0,3471.0,3471.0,2416.0,1036.0,2425.0,1040.0
0.0,6885.0,3465.0,3452.0,3471.0,3465.0,3465.0,2416.0,1036.0,2428.0,1037.0
0.0,6891.0,3472.0,3452.0,3465.0,3472.0,3472.0,2416.0,1036.0,2430.0,1042.0
0.0,6884.0,3474.0,3453.0,3472.0,3477.0,3477.0,2417.0,1036.0,2430.0,1044.0
0.0,6882.0,3471.0,3453.0,3477.0,3471.0,3471.0,2417.0,1036.0,2430.0,1041.0
0.0,6888.0,3468.0,3455.0,3471.0,3474.0,3474.0,2418.0,1037.0,2431.0,1037.0
0.0,6891.0,3469.0,3455.0,3474.0,3469.0,3469.0,2418.0,1037.0,2429.0,1040.0
0.0,6896.0,3468.0,3456.0,3469.0,3471.0,3471.0,2419.0,1037.0,2430.0,1038.0
0.0,6897.0,3485.0,3456.0,3471.0,3485.0,3485.0,2419.0,1037.0,2438.0,1047.0
0.0,6883.0,3467.0,3458.0,3485.0,3473.0,3473.0,2420.0,1038.0,2429.0,1038.0
0.0,6901.0,3474.0,3458.0,3473.0,3474.0,3474.0,2420.0,1038.0,2433.0,1041.0
0.0,6900.0,3465.0,3458.0,3474.0,3465.0,3465.0,2420.0,1038.0,2425.0,1040.0
0.0,6909.0,3470.0,3459.0,3465.0,3473.0,3473.0,2421.0,1038.0,2430.0,1040.0
0.0,6904.0,3472.0,3459.0,3473.0,3472.0,3472.0,2421.0,1038.0,2435.0,1037.0
0.0,6905.0,3470.0,3460.0,3472.0,3473.0,3473.0,2422.0,1038.0,2428.0,1042.0
0.0,6907.0,3475.0,3461.0,3473.0,3478.0,3478.0,2422.0,1039.0,2439.0,1036.0
0.0,6905.0,3472.0,3462.0,3478.0,3475.0,3475.0,2423.0,1039.0,2434.0,1038.0
0.0,6911.0,3466.0,3463.0,3475.0,3469.0,3469.0,2424.0,1039.0,2428.0,1038.0
0.0,6920.0,3478.0,3463.0,3469.0,3478.0,3478.0,2424.0,1039.0,2434.0,1044.0
0.0,6911.0,3473.0,3464.0,3478.0,3476.0,3476.0,2425.0,1039.0,2432.0,1041.0
0.0,6916.0,3470.0,3465.0,3476.0,3473.0,3473.0,2426.0,1039.0,2434.0,1036.0
0.0,6922.0,3464.0,3466.0,3473.0,3467.0,3467.0,2426.0,1040.0,2421.0,1043.0
0.0,6931.0,3467.0,3466.0,3467.0,3467.0,3467.0,2426.0,1040.0,2425.0,1042.0
0.0,6931.0,3463.0,3466.0,3467.0,3463.0,3463.0,2426.0,1040.0,2426.0,1037.0
0.0,6935.0,3462.0,3467.0,3463.0,3465.0,3465.0,2427.0,1040.0,2423.0,1039.0
0.0,6936.0,3487.0,3467.0,3465.0,3487.0,3487.0,2427.0,1040.0,2439.0,1048.0
0.0,6914.0,3467.0,3469.0,3487.0,3473.0,3473.0,2428.0,1041.0,2420.0,1047.0
0.0,6934.0,3482.0,3469.0,3473.0,3482.0,3482.0,2428.0,1041.0,2434.0,1048.0
0.0,6925.0,3471.0,3470.0,3482.0,3474.0,3474.0,2429.0,1041.0,2425.0,1046.0
0.0,6936.0,3484.0,3470.0,3474.0,3484.0,3484.0,2429.0,1041.0,2432.0,1052.0
0.0,6926.0,3488.0,3471.0,3484.0,3491.0,3491.0,2430.0,1041.0,2442.0,1046.0
0.0,6922.0,3489.0,3472.0,3491.0,3492.0,3492.0,2430.0,1042.0,2441.0,1048.0
0.0,6924.0,3487.0,3473.0,3492.0,3490.0,3490.0,2431.0,1042.0,2442.0,1045.0
0.0,6929.0,3496.0,3473.0,3490.0,3496.0,3496.0,2431.0,1042.0,2449.0,1047.0
0.0,6923.0,3497.0,3474.0,3496.0,3500.0,3500.0,2432.0,1042.0,2444.0,1053.0
0.0,6922.0,3507.0,3474.0,3500.0,3507.0,3507.0,2432.0,1042.0,2454.0,1053.0
0.0,6915.0,3505.0,3475.0,3507.0,3508.0,3508.0,2432.0,1043.0,2453.0,1052.0
0.0,6917.0,3508.0,3476.0,3508.0,3511.0,3511.0,2433.0,1043.0,2456.0,1052.0
0.0,6917.0,3503.0,3476.0,3511.0,3503.0,3503.0,2433.0,1043.0,2453.0,1050.0
0.0,6925.0,3511.0,3477.0,3503.0,3514.0,3514.0,2434.0,1043.0,2456.0,1055.0
0.0,6917.0,3516.0,3478.0,3514.0,3519.0,3519.0,2434.0,1044.0,2464.0,1052.0
0.0,6915.0,3512.0,3479.0,3519.0,3515.0,3515.0,2435.0,1044.0,2456.0,1056.0
0.0,6922.0,3510.0,3479.0,3515.0,3510.0,3510.0,2435.0,1044.0,2460.0,1050.0
0.0,6927.0,3506.0,3480.0,3510.0,3509.0,3509.0,2436.0,1044.0,2451.0,1055.0
0.0,6931.0,3518.0,3480.0,3509.0,3518.0,3518.0,2436.0,1044.0,2464.0,1054.0
0.0,6922.0,3507.0,3482.0,3518.0,3513.0,3513.0,2437.0,1045.0,2453.0,1054.0
0.0,6933.0,3515.0,3482.0,3513.0,3515.0,3515.0,2437.0,1045.0,2463.0,1052.0
0.0,6931.0,3513.0,3483.0,3515.0,3516.0,3516.0,2438.0,1045.0,2460.0,1053.0
0.0,6933.0,3515.0,3483.0,3516.0,3515.0,3515.0,2438.0,1045.0,2460.0,1055.0
0.0,6934.0,3509.0,3484.0,3515.0,3512.0,3512.0,2439.0,1045.0,2458.0,1051.0
0.0,6940.0,3501.0,3485.0,3512.0,3504.0,3504.0,2439.0,1046.0,2449.0,1052.0
0.0,6951.0,3515.0,3486.0,3504.0,3518.0,3518.0,2440.0,1046.0,2466.0,1049.0
0.0,6940.0,3510.0,3487.0,3518.0,3513.0,3513.0,2441.0,1046.0,2457.0,1053.0
0.0,6948.0,3511.0,3487.0,3513.0,3511.0,3511.0,2441.0,1046.0,2455.0,1056.0
0.0,6950.0,3498.0,3488.0,3511.0,3501.0,3501.0,2442.0,1046.0,2449.0,1049.0
0.0,6963.0,3501.0,3488.0,3501.0,3501.0,3501.0,2442.0,1046.0,2451.0,1050.0
0.0,6963.0,3508.0,3490.0,3501.0,3514.0,3514.0,2443.0,1047.0,2459.0,1049.0
0.0,6956.0,3504.0,3490.0,3514.0,3504.0,3504.0,2443.0,1047.0,2455.0,1049.0
0.0,6966.0,3501.0,3491.0,3504.0,3504.0,3504.0,2444.0,1047.0,2455.0,1046.0
0.0,6969.0,3514.0,3491.0,3504.0,3514.0,3514.0,2444.0,1047.0,2461.0,1053.0
0.0,6959.0,3505.0,3492.0,3514.0,3508.0,3508.0,2445.0,1047.0,2456.0,1049.0
0.0,6968.0,3509.0,3493.0,3508.0,3512.0,3512.0,2445.0,1048.0,2460.0,1049.0
0.0,6967.0,3502.0,3494.0,3512.0,3505.0,3505.0,2446.0,1048.0,2454.0,1048.0
0.0,6977.0,3507.0,3494.0,3505.0,3507.0,3507.0,2446.0,1048.0,2461.0,1046.0
0.0,6975.0,3507.0,3495.0,3507.0,3510.0,3510.0,2447.0,1048.0,2459.0,1048.0
0.0,6975.0,3509.0,3495.0,3510.0,3509.0,3509.0,2447.0,1048.0,2457.0,1052.0
0.0,6976.0,3503.0,3496.0,3509.0,3506.0,3506.0,2448.0,1048.0,2456.0,1047.0
0.0,6982.0,3504.0,3497.0,3506.0,3507.0,3507.0,2448.0,1049.0,2455.0,1049.0
0.0,6984.0,3500.0,3497.0,3507.0,3500.0,3500.0,2448.0,1049.0,2454.0,1046.0
0.0,6991.0,3512.0,3498.0,3500.0,3515.0,3515.0,2449.0,1049.0,2461.0,1051.0
0.0,6979.0,3507.0,3498.0,3515.0,3507.0,3507.0,2449.0,1049.0,2453.0,1054.0
0.0,6987.0,3494.0,3499.0,3507.0,3497.0,3497.0,2450.0,1049.0,2449.0,1045.0
0.0,7000.0,3502.0,3500.0,3497.0,3505.0,3505.0,2450.0,1050.0,2453.0,1049.0
0.0,6995.0,3497.0,3501.0,3505.0,3500.0,3500.0,2451.0,1050.0,2445.0,1052.0
0.0,7003.0,3500.0,3501.0,3500.0,3500.0,3500.0,2451.0,1050.0,2452.0,1048.0
0.0,7003.0,3511.0,3502.0,3500.0,3514.0,3514.0,2452.0,1050.0,2456.0,1055.0
0.0,6992.0,3513.0,3502.0,3514.0,3513.0,3513.0,2452.0,1050.0,2460.0,1053.0
0.0,6993.0,3497.0,3503.0,3513.0,3500.0,3500.0,2453.0,1050.0,2444.0,1053.0
0.0,7009.0,3513.0,3504.0,3500.0,3516.0,3516.0,2453.0,1051.0,2459.0,1054.0
0.0,6996.0,3509.0,3505.0,3516.0,3512.0,3512.0,2454.0,1051.0,2455.0,1054.0
0.0,7003.0,3508.0,3505.0,3512.0,3508.0,3508.0,2454.0,1051.0,2452.0,1056.0
0.0,7007.0,3515.0,3506.0,3508.0,3518.0,3518.0,2455.0,1051.0,2460.0,1055.0
0.0,7000.0,3524.0,3506.0,3518.0,3524.0,3524.0,2455.0,1051.0,2465.0,1059.0
0.0,6994.0,3524.0,3507.0,3524.0,3527.0,3527.0,2456.0,1051.0,2466.0,1058.0
0.0,6994.0,3520.0,3508.0,3527.0,3523.0,3523.0,2456.0,1052.0,2463.0,1057.0
0.0,7001.0,3523.0,3508.0,3523.0,3523.0,3523.0,2456.0,1052.0,2466.0,1057.0
0.0,7001.0,3540.0,3509.0,3523.0,3543.0,3543.0,2457.0,1052.0,2476.0,1064.0
0.0,6984.0,3528.0,3509.0,3543.0,3528.0,3528.0,2457.0,1052.0,2466.0,1062.0
0.0,6999.0,3545.0,3510.0,3528.0,3548.0,3548.0,2458.0,1052.0,2482.0,1063.0
0.0,6982.0,3543.0,3511.0,3548.0,3546.0,3546.0,2458.0,1053.0,2481.0,1062.0
0.0,6987.0,3539.0,3512.0,3546.0,3542.0,3542.0,2459.0,1053.0,2476.0,1063.0
0.0,6994.0,3556.0,3512.0,3542.0,3556.0,3556.0,2459.0,1053.0,2489.0,1067.0
0.0,6980.0,3548.0,3513.0,3556.0,3551.0,3551.0,2460.0,1053.0,2486.0,1062.0
0.0,6988.0,3547.0,3514.0,3551.0,3550.0,3550.0,2460.0,1054.0,2482.0,1065.0
0.0,6992.0,3543.0,3515.0,3550.0,3546.0,3546.0,2461.0,1054.0,2477.0,1066.0
0.0,6999.0,3558.0,3515.0,3546.0,3558.0,3558.0,2461.0,1054.0,2488.0,1070.0
0.0,6987.0,3558.0,3516.0,3558.0,3561.0,3561.0,2462.0,1054.0,2493.0,1065.0
0.0,6987.0,3549.0,3517.0,3561.0,3552.0,3552.0,2462.0,1055.0,2484.0,1065.0
0.0,6999.0,3540.0,3518.0,3552.0,3543.0,3543.0,2463.0,1055.0,2478.0,1062.0
0.0,7011.0,3539.0,3518.0,3543.0,3539.0,3539.0,2463.0,1055.0,2477.0,1062.0
0.0,7015.0,3550.0,3519.0,3539.0,3553.0,3553.0,2464.0,1055.0,2482.0,1068.0
0.0,7004.0,3534.0,3519.0,3553.0,3534.0,3534.0,2464.0,1055.0,2472.0,1062.0
0.0,7023.0,3544.0,3520.0,3534.0,3547.0,3547.0,2464.0,1056.0,2483.0,1061.0
0.0,7013.0,3540.0,3521.0,3547.0,3543.0,3543.0,2465.0,1056.0,2479.0,1061.0
0.0,7020.0,3545.0,3521.0,3543.0,3545.0,3545.0,2465.0,1056.0,2480.0,1065.0
0.0,7018.0,3539.0,3522.0,3545.0,3542.0,3542.0,2466.0,1056.0,2475.0,1064.0
0.0,7024.0,3550.0,3522.0,3542.0,3550.0,3550.0,2466.0,1056.0,2488.0,1062.0
0.0,7016.0,3541.0,3524.0,3550.0,3547.0,3547.0,2467.0,1057.0,2477.0,1064.0
0.0,7025.0,3550.0,3524.0,3547.0,3550.0,3550.0,2467.0,1057.0,2488.0,1062.0
0.0,7022.0,3545.0,3525.0,3550.0,3548.0,3548.0,2468.0,1057.0,2480.0,1065.0
0.0,7027.0,3547.0,3525.0,3548.0,3547.0,3547.0,2468.0,1057.0,2487.0,1060.0
0.0,7028.0,3538.0,3527.0,3547.0,3544.0,3544.0,2469.0,1058.0,2476.0,1062.0
0.0,7037.0,3542.0,3527.0,3544.0,3542.0,3542.0,2469.0,1058.0,2484.0,1058.0
0.0,7039.0,3544.0,3528.0,3542.0,3547.0,3547.0,2470.0,1058.0,2479.0,1065.0
0.0,7037.0,3541.0,3528.0,3547.0,3541.0,3541.0,2470.0,1058.0,2481.0,1060.0
0.0,7043.0,3532.0,3529.0,3541.0,3535.0,3535.0,2470.0,1059.0,2474.0,1058.0
0.0,7052.0,3542.0,3530.0,3535.0,3545.0,3545.0,2471.0,1059.0,2480.0,1062.0
0.0,7045.0,3550.0,3530.0,3545.0,3550.0,3550.0,2471.0,1059.0,2492.0,1058.0
0.0,7040.0,3551.0,3531.0,3550.0,3554.0,3554.0,2472.0,1059.0,2489.0,1062.0
0.0,7039.0,3534.0,3532.0,3554.0,3537.0,3537.0,2473.0,1059.0,2477.0,1057.0
0.0,7059.0,3546.0,3533.0,3537.0,3549.0,3549.0,2473.0,1060.0,2489.0,1057.0
0.0,7050.0,3534.0,3534.0,3549.0,3537.0,3537.0,2474.0,1060.0,2477.0,1057.0
0.0,7065.0,3531.0,3534.0,3537.0,3531.0,3531.0,2474.0,1060.0,2472.0,1059.0
0.0,7071.0,3539.0,3534.0,3531.0,3539.0,3539.0,2474.0,1060.0,2478.0,1061.0
0.0,7063.0,3540.0,3535.0,3539.0,3543.0,3543.0,2475.0,1060.0,2480.0,1060.0
0.0,7062.0,3536.0,3536.0,3543.0,3539.0,3539.0,2476.0,1060.0,2477.0,1059.0
0.0,7069.0,3537.0,3537.0,3539.0,3540.0,3540.0,2476.0,1061.0,2478.0,1059.0
0.0,7071.0,3533.0,3537.0,3540.0,3533.0,3533.0,2476.0,1061.0,2474.0,1059.0
0.0,7078.0,3542.0,3538.0,3533.0,3545.0,3545.0,2477.0,1061.0,2478.0,1064.0
0.0,7069.0,3541.0,3538.0,3545.0,3541.0,3541.0,2477.0,1061.0,2479.0,1062.0
0.0,7073.0,3537.0,3539.0,3541.0,3540.0,3540.0,2478.0,1061.0,2472.0,1065.0
0.0,7077.0,3542.0,3540.0,3540.0,3545.0,3545.0,2478.0,1062.0,2481.0,1061.0
0.0,7075.0,3546.0,3541.0,3545.0,3549.0,3549.0,2479.0,1062.0,2480.0,1066.0
0.0,7074.0,3544.0,3541.0,3549.0,3544.0,3544.0,2479.0,1062.0,2483.0,1061.0
0.0,7079.0,3554.0,3542.0,3544.0,3557.0,3557.0,2480.0,1062.0,2487.0,1067.0
0.0,7069.0,3561.0,3542.0,3557.0,3561.0,3561.0,2480.0,1062.0,2491.0,1070.0
0.0,7065.0,3556.0,3543.0,3561.0,3559.0,3559.0,2481.0,1062.0,2487.0,1069.0
0.0,7070.0,3570.0,3544.0,3559.0,3573.0,3573.0,2481.0,1063.0,2501.0,1069.0
0.0,7059.0,3564.0,3545.0,3573.0,3567.0,3567.0,2482.0,1063.0,2493.0,1071.0
0.0,7068.0,3570.0,3545.0,3567.0,3570.0,3570.0,2482.0,1063.0,2501.0,1069.0
0.0,7065.0,3576.0,3546.0,3570.0,3579.0,3579.0,2483.0,1063.0,2499.0,1077.0
0.0,7059.0,3567.0,3546.0,3579.0,3567.0,3567.0,2483.0,1063.0,2498.0,1069.0
0.0,7071.0,3585.0,3547.0,3567.0,3588.0,3588.0,2483.0,1064.0,2508.0,1077.0
0.0,7053.0,3577.0,3548.0,3588.0,3580.0,3580.0,2484.0,1064.0,2505.0,1072.0
0.0,7064.0,3585.0,3548.0,3580.0,3585.0,3585.0,2484.0,1064.0,2511.0,1074.0
0.0,7059.0,3589.0,3549.0,3585.0,3592.0,3592.0,2485.0,1064.0,2514.0,1075.0
0.0,7055.0,3583.0,3549.0,3592.0,3583.0,3583.0,2485.0,1064.0,2509.0,1074.0
0.0,7064.0,3577.0,3550.0,3583.0,3580.0,3580.0,2486.0,1064.0,2505.0,1072.0
0.0,7070.0,3569.0,3551.0,3580.0,3572.0,3572.0,2486.0,1065.0,2493.0,1076.0
0.0,7081.0,3586.0,3551.0,3572.0,3586.0,3586.0,2486.0,1065.0,2510.0,1076.0
0.0,7067.0,3577.0,3552.0,3586.0,3580.0,3580.0,2487.0,1065.0,2501.0,1076.0
0.0,7076.0,3584.0,3552.0,3580.0,3584.0,3584.0,2487.0,1065.0,2503.0,1081.0
0.0,7072.0,3576.0,3554.0,3584.0,3582.0,3582.0,2488.0,1066.0,2500.0,1076.0
0.0,7080.0,3584.0,3554.0,3582.0,3584.0,3584.0,2488.0,1066.0,2507.0,1077.0
0.0,7078.0,3579.0,3555.0,3584.0,3582.0,3582.0,2489.0,1066.0,2500.0,1079.0
0.0,7083.0,3577.0,3555.0,3582.0,3577.0,3577.0,2489.0,1066.0,2503.0,1074.0
0.0,7088.0,3577.0,3556.0,3577.0,3580.0,3580.0,2489.0,1067.0,2499.0,1078.0
0.0,7088.0,3580.0,3557.0,3580.0,3583.0,3583.0,2490.0,1067.0,2503.0,1077.0
0.0,7088.0,3578.0,3557.0,3583.0,3578.0,3578.0,2490.0,1067.0,2499.0,1079.0
0.0,7093.0,3569.0,3558.0,3578.0,3572.0,3572.0,2491.0,1067.0,2498.0,1071.0
0.0,7102.0,3569.0,3559.0,3572.0,3572.0,3572.0,2491.0,1068.0,2496.0,1073.0
0.0,7105.0,3581.0,3559.0,3572.0,3581.0,3581.0,2491.0,1068.0,2509.0,1072.0
0.0,7096.0,3577.0,3560.0,3581.0,3580.0,3580.0,2492.0,1068.0,2504.0,1073.0
0.0,7100.0,3579.0,3560.0,3580.0,3579.0,3579.0,2492.0,1068.0,2505.0,1074.0
0.0,7101.0,3571.0,3560.0,3579.0,3571.0,3571.0,2492.0,1068.0,2500.0,1071.0
0.0,7109.0,3585.0,3562.0,3571.0,3591.0,3591.0,2493.0,1069.0,2514.0,1071.0
0.0,7095.0,3573.0,3563.0,3591.0,3576.0,3576.0,2494.0,1069.0,2502.0,1071.0
0.0,7113.0,3580.0,3563.0,3576.0,3580.0,3580.0,2494.0,1069.0,2509.0,1071.0
0.0,7109.0,3573.0,3564.0,3580.0,3576.0,3576.0,2495.0,1069.0,2498.0,1075.0
0.0,7116.0,3586.0,3565.0,3576.0,3589.0,3589.0,2495.0,1070.0,2511.0,1075.0
0.0,7106.0,3575.0,3565.0,3589.0,3575.0,3575.0,2495.0,1070.0,2506.0,1069.0
0.0,7120.0,3570.0,3566.0,3575.0,3573.0,3573.0,2496.0,1070.0,2498.0,1072.0
0.0,7125.0,3576.0,3566.0,3573.0,3576.0,3576.0,2496.0,1070.0,2505.0,1071.0
0.0,7122.0,3563.0,3566.0,3576.0,3563.0,3563.0,2496.0,1070.0,2496.0,1067.0
0.0,7135.0,3570.0,3568.0,3563.0,3576.0,3576.0,2497.0,1071.0,2501.0,1069.0
0.0,7128.0,3565.0,3568.0,3576.0,3565.0,3565.0,2497.0,1071.0,2494.0,1071.0
0.0,7139.0,3567.0,3569.0,3565.0,3570.0,3570.0,2498.0,1071.0,2499.0,1068.0
0.0,7137.0,3577.0,3569.0,3570.0,3577.0,3577.0,2498.0,1071.0,2506.0,1071.0
0.0,7130.0,3566.0,3570.0,3577.0,3569.0,3569.0,2498.0,1072.0,2495.0,1071.0
0.0,7141.0,3571.0,3571.0,3569.0,3574.0,3574.0,2499.0,1072.0,2500.0,1071.0
0.0,7139.0,3569.0,3571.0,3574.0,3569.0,3569.0,2499.0,1072.0,2500.0,1069.0
0.0,7144.0,3564.0,3572.0,3569.0,3567.0,3567.0,2500.0,1072.0,2492.0,1072.0
0.0,7149.0,3581.0,3572.0,3567.0,3581.0,3581.0,2500.0,1072.0,2505.0,1076.0
0.0,7135.0,3574.0,3573.0,3581.0,3577.0,3577.0,2501.0,1072.0,2501.0,1073.0
0.0,7142.0,3582.0,3574.0,3577.0,3585.0,3585.0,2501.0,1073.0,2508.0,1074.0
0.0,7137.0,3570.0,3574.0,3585.0,3570.0,3570.0,2501.0,1073.0,2495.0,1075.0
0.0,7152.0,3580.0,3575.0,3570.0,3583.0,3583.0,2502.0,1073.0,2504.0,1076.0
0.0,7142.0,3594.0,3575.0,3583.0,3594.0,3594.0,2502.0,1073.0,2513.0,1081.0
0.0,7131.0,3595.0,3576.0,3594.0,3598.0,3598.0,2503.0,1073.0,2517.0,1078.0
0.0,7130.0,3594.0,3577.0,3598.0,3597.0,3597.0,2503.0,1074.0,2514.0,1080.0
0.0,7134.0,3591.0,3577.0,3597.0,3591.0,3591.0,2503.0,1074.0,2513.0,1078.0
0.0,7140.0,3602.0,3578.0,3591.0,3605.0,3605.0,2504.0,1074.0,2523.0,1079.0
0.0,7129.0,3599.0,3578.0,3605.0,3599.0,3599.0,2504.0,1074.0,2521.0,1078.0
0.0,7135.0,3612.0,3579.0,3599.0,3615.0,3615.0,2505.0,1074.0,2529.0,1083.0
0.0,7122.0,3605.0,3579.0,3615.0,3605.0,3605.0,2505.0,1074.0,2524.0,1081.0
0.0,7132.0,3609.0,3581.0,3605.0,3615.0,3615.0,2506.0,1075.0,2528.0,1081.0
0.0,7128.0,3611.0,3581.0,3615.0,3611.0,3611.0,2506.0,1075.0,2527.0,1084.0
0.0,7132.0,3613.0,3581.0,3611.0,3613.0,3613.0,2506.0,1075.0,2530.0,1083.0
0.0,7130.0,3625.0,3582.0,3613.0,3628.0,3628.0,2507.0,1075.0,2534.0,1091.0
0.0,7118.0,3616.0,3582.0,3628.0,3616.0,3616.0,2507.0,1075.0,2530.0,1086.0
0.0,7130.0,3615.0,3584.0,3616.0,3621.0,3621.0,2508.0,1076.0,2530.0,1085.0
0.0,7131.0,3621.0,3584.0,3621.0,3621.0,3621.0,2508.0,1076.0,2535.0,1086.0
0.0,7131.0,3612.0,3585.0,3621.0,3615.0,3615.0,2509.0,1076.0,2527.0,1085.0
0.0,7140.0,3615.0,3585.0,3615.0,3615.0,3615.0,2509.0,1076.0,2523.0,1092.0
0.0,7140.0,3609.0,3586.0,3615.0,3612.0,3612.0,2510.0,1076.0,2520.0,1089.0
0.0,7146.0,3613.0,3587.0,3612.0,3616.0,3616.0,2510.0,1077.0,2525.0,1088.0
0.0,7145.0,3612.0,3587.0,3616.0,3612.0,3612.0,2510.0,1077.0,2525.0,1087.0
0.0,7149.0,3611.0,3588.0,3612.0,3614.0,3614.0,2511.0,1077.0,2526.0,1085.0
0.0,7150.0,3620.0,3589.0,3614.0,3623.0,3623.0,2512.0,1077.0,2534.0,1086.0
0.0,7144.0,3609.0,3589.0,3623.0,3609.0,3609.0,2512.0,1077.0,2524.0,1085.0
0.0,7158.0,3609.0,3590.0,3609.0,3612.0,3612.0,2512.0,1078.0,2520.0,1089.0
0.0,7158.0,3611.0,3591.0,3612.0,3614.0,3614.0,2513.0,1078.0,2527.0,1084.0
0.0,7159.0,3614.0,3592.0,3614.0,3617.0,3617.0,2514.0,1078.0,2530.0,1084.0
0.0,7159.0,3615.0,3592.0,3617.0,3615.0,3615.0,2514.0,1078.0,2527.0,1088.0
0.0,7161.0,3613.0,3593.0,3615.0,3616.0,3616.0,2514.0,1079.0,2527.0,1086.0
0.0,7163.0,3615.0,3594.0,3616.0,3618.0,3618.0,2515.0,1079.0,2530.0,1085.0
0.0,7164.0,3608.0,3594.0,3618.0,3608.0,3608.0,2515.0,1079.0,2525.0,1083.0
0.0,7174.0,3616.0,3595.0,3608.0,3619.0,3619.0,2516.0,1079.0,2527.0,1089.0
0.0,7166.0,3608.0,3596.0,3619.0,3611.0,3611.0,2516.0,1080.0,2525.0,1083.0
0.0,7177.0,3596.0,3596.0,3611.0,3596.0,3596.0,2516.0,1080.0,2516.0,1080.0
0.0,7192.0,3605.0,3597.0,3596.0,3608.0,3608.0,2517.0,1080.0,2526.0,1079.0
0.0,7183.0,3613.0,3597.0,3608.0,3613.0,3613.0,2517.0,1080.0,2534.0,1079.0
0.0,7178.0,3612.0,3598.0,3613.0,3615.0,3615.0,2518.0,1080.0,2527.0,1085.0
0.0,7179.0,3610.0,3598.0,3615.0,3610.0,3610.0,2518.0,1080.0,2525.0,1085.0
0.0,7184.0,3607.0,3599.0,3610.0,3610.0,3610.0,2518.0,1081.0,2524.0,1083.0
0.0,7187.0,3613.0,3600.0,3610.0,3616.0,3616.0,2519.0,1081.0,2533.0,1080.0
0.0,7184.0,3604.0,3601.0,3616.0,3607.0,3607.0,2520.0,1081.0,2520.0,1084.0
0.0,7196.0,3602.0,3601.0,3607.0,3602.0,3602.0,2520.0,1081.0,2527.0,1075.0
0.0,7201.0,3601.0,3603.0,3602.0,3607.0,3607.0,2521.0,1082.0,2523.0,1078.0
0.0,7202.0,3612.0,3603.0,3607.0,3612.0,3612.0,2521.0,1082.0,2529.0,1083.0
0.0,7197.0,3604.0,3604.0,3612.0,3607.0,3607.0,2522.0,1082.0,2520.0,1084.0
0.0,7205.0,3614.0,3604.0,3607.0,3614.0,3614.0,2522.0,1082.0,2531.0,1083.0
0.0,7198.0,3603.0,3605.0,3614.0,3606.0,3606.0,2523.0,1082.0,2521.0,1082.0
0.0,7209.0,3617.0,3606.0,3606.0,3620.0,3620.0,2523.0,1083.0,2530.0,1087.0
0.0,7198.0,3613.0,3607.0,3620.0,3616.0,3616.0,2524.0,1083.0,2530.0,1083.0
0.0,7205.0,3624.0,3607.0,3616.0,3624.0,3624.0,2524.0,1083.0,2537.0,1087.0
0.0,7197.0,3625.0,3608.0,3624.0,3628.0,3628.0,2525.0,1083.0,2540.0,1085.0
0.0,7196.0,3610.0,3610.0,3628.0,3616.0,3616.0,2526.0,1084.0,2527.0,1083.0
0.0,7214.0,3624.0,3610.0,3616.0,3624.0,3624.0,2526.0,1084.0,2543.0,1081.0
0.0,7206.0,3611.0,3611.0,3624.0,3614.0,3614.0,2527.0,1084.0,2529.0,1082.0
0.0,7219.0,3626.0,3611.0,3614.0,3626.0,3626.0,2527.0,1084.0,2539.0,1087.0
0.0,7207.0,3627.0,3612.0,3626.0,3630.0,3630.0,2528.0,1084.0,2542.0,1085.0
0.0,7206.0,3627.0,3612.0,3630.0,3627.0,3627.0,2528.0,1084.0,2541.0,1086.0
0.0,7209.0,3640.0,3613.0,3627.0,3643.0,3643.0,2529.0,1084.0,2546.0,1094.0
0.0,7196.0,3642.0,3614.0,3643.0,3645.0,3645.0,2529.0,1085.0,2553.0,1089.0
0.0,7197.0,3642.0,3615.0,3645.0,3645.0,3645.0,2530.0,1085.0,2553.0,1089.0
0.0,7200.0,3646.0,3615.0,3645.0,3646.0,3646.0,2530.0,1085.0,2553.0,1093.0
0.0,7199.0,3655.0,3616.0,3646.0,3658.0,3658.0,2531.0,1085.0,2558.0,1097.0
0.0,7190.0,3647.0,3616.0,3658.0,3647.0,3647.0,2531.0,1085.0,2557.0,1090.0
0.0,7201.0,3658.0,3618.0,3647.0,3664.0,3664.0,2532.0,1086.0,2561.0,1097.0
0.0,7190.0,3652.0,3619.0,3664.0,3655.0,3655.0,2533.0,1086.0,2559.0,1093.0
0.0,7202.0,3660.0,3619.0,3655.0,3660.0,3660.0,2533.0,1086.0,2565.0,1095.0
0.0,7197.0,3648.0,3620.0,3660.0,3651.0,3651.0,2534.0,1086.0,2553.0,1095.0
0.0,7209.0,3657.0,3620.0,3651.0,3657.0,3657.0,2534.0,1086.0,2559.0,1098.0
0.0,7203.0,3649.0,3621.0,3657.0,3652.0,3652.0,2535.0,1086.0,2552.0,1097.0
0.0,7211.0,3648.0,3621.0,3652.0,3648.0,3648.0,2535.0,1086.0,2554.0,1094.0
0.0,7215.0,3641.0,3623.0,3648.0,3647.0,3647.0,2536.0,1087.0,2547.0,1094.0
0.0,7222.0,3654.0,3623.0,3647.0,3654.0,3654.0,2536.0,1087.0,2558.0,1096.0
0.0,7215.0,3642.0,3624.0,3654.0,3645.0,3645.0,2537.0,1087.0,2546.0,1096.0
0.0,7227.0,3645.0,3624.0,3645.0,3645.0,3645.0,2537.0,1087.0,2547.0,1098.0
0.0,7227.0,3645.0,3624.0,3645.0,3645.0,3645.0,2537.0,1087.0,2548.0,1097.0
0.0,7227.0,3642.0,3626.0,3645.0,3648.0,3648.0,2538.0,1088.0,2546.0,1096.0
0.0,7230.0,3659.0,3627.0,3648.0,3662.0,3662.0,2539.0,1088.0,2562.0,1097.0
0.0,7219.0,3650.0,3627.0,3662.0,3650.0,3650.0,2539.0,1088.0,2553.0,1097.0
0.0,7231.0,3659.0,3628.0,3650.0,3662.0,3662.0,2540.0,1088.0,2559.0,1100.0
0.0,7222.0,3643.0,3628.0,3662.0,3643.0,3643.0,2540.0,1088.0,2547.0,1096.0
0.0,7241.0,3642.0,3629.0,3643.0,3645.0,3645.0,2540.0,1089.0,2547.0,1095.0
0.0,7242.0,3652.0,3630.0,3645.0,3655.0,3655.0,2541.0,1089.0,2560.0,1092.0
0.0,7235.0,3645.0,3631.0,3655.0,3648.0,3648.0,2542.0,1089.0,2549.0,1096.0
0.0,7245.0,3646.0,3631.0,3648.0,3646.0,3646.0,2542.0,1089.0,2549.0,1097.0
0.0,7247.0,3650.0,3632.0,3646.0,3653.0,3653.0,2543.0,1089.0,2557.0,1093.0
0.0,7243.0,3642.0,3633.0,3653.0,3645.0,3645.0,2543.0,1090.0,2552.0,1090.0
0.0,7254.0,3641.0,3634.0,3645.0,3644.0,3644.0,2544.0,1090.0,2549.0,1092.0
0.0,7258.0,3654.0,3634.0,3644.0,3654.0,3654.0,2544.0,1090.0,2558.0,1096.0
0.0,7248.0,3641.0,3635.0,3654.0,3644.0,3644.0,2545.0,1090.0,2550.0,1091.0
0.0,7261.0,3647.0,3635.0,3644.0,3647.0,3647.0,2545.0,1090.0,2554.0,1093.0
0.0,7258.0,3645.0,3637.0,3647.0,3651.0,3651.0,2546.0,1091.0,2555.0,1090.0
0.0,7260.0,3649.0,3637.0,3651.0,3649.0,3649.0,2546.0,1091.0,2558.0,1091.0
0.0,7262.0,3643.0,3638.0,3649.0,3646.0,3646.0,2547.0,1091.0,2552.0,1091.0
0.0,7268.0,3656.0,3638.0,3646.0,3656.0,3656.0,2547.0,1091.0,2560.0,1096.0
0.0,7258.0,3639.0,3640.0,3656.0,3645.0,3645.0,2548.0,1092.0,2546.0,1093.0
0.0,7275.0,3635.0,3640.0,3645.0,3635.0,3635.0,2548.0,1092.0,2546.0,1089.0
0.0,7285.0,3645.0,3641.0,3635.0,3648.0,3648.0,2549.0,1092.0,2555.0,1090.0
0.0,7275.0,3644.0,3641.0,3648.0,3644.0,3644.0,2549.0,1092.0,2552.0,1092.0
0.0,7279.0,3641.0,3642.0,3644.0,3644.0,3644.0,2550.0,1092.0,2546.0,1095.0
0.0,7282.0,3631.0,3642.0,3644.0,3631.0,3631.0,2550.0,1092.0,2539.0,1092.0
0.0,7295.0,3650.0,3643.0,3631.0,3653.0,3653.0,2550.0,1093.0,2557.0,1093.0
0.0,7276.0,3652.0,3644.0,3653.0,3655.0,3655.0,2551.0,1093.0,2555.0,1097.0
0.0,7277.0,3643.0,3644.0,3655.0,3643.0,3643.0,2551.0,1093.0,2553.0,1090.0
0.0,7289.0,3650.0,3645.0,3643.0,3653.0,3653.0,2552.0,1093.0,2557.0,1093.0
0.0,7282.0,3662.0,3645.0,3653.0,3662.0,3662.0,2552.0,1093.0,2565.0,1097.0
0.0,7273.0,3649.0,3647.0,3662.0,3655.0,3655.0,2553.0,1094.0,2554.0,1095.0
0.0,7286.0,3664.0,3647.0,3655.0,3664.0,3664.0,2553.0,1094.0,2569.0,1095.0
0.0,7277.0,3662.0,3648.0,3664.0,3665.0,3665.0,2554.0,1094.0,2566.0,1096.0
0.0,7279.0,3669.0,3648.0,3665.0,3669.0,3669.0,2554.0,1094.0,2567.0,1102.0
0.0,7275.0,3666.0,3649.0,3669.0,3669.0,3669.0,2555.0,1094.0,2568.0,1098.0
0.0,7278.0,3669.0,3649.0,3669.0,3669.0,3669.0,2555.0,1094.0,2570.0,1099.0
0.0,7278.0,3675.0,3650.0,3669.0,3678.0,3678.0,2555.0,1095.0,2574.0,1101.0
0.0,7272.0,3675.0,3651.0,3678.0,3678.0,3678.0,2556.0,1095.0,2574.0,1101.0
0.0,7275.0,3671.0,3651.0,3678.0,3671.0,3671.0,2556.0,1095.0,2568.0,1103.0
0.0,7282.0,3685.0,3672.4314855006096,3671.0,3749.0,3749.0,2570.144803930643,1102.286681569967,2580.0,1105.0
0.0,7268.0,3684.0,3674.527367308384,3749.0,3691.0,3691.0,2571.705815461121,1102.8215518472632,2586.0,1098.0
0.0,7333.0,3688.0,3675.56354675108,3691.0,3691.0,3691.0,2572.3452152017944,1103.218331549286,2583.0,1105.0
0.0,7336.0,3676.0,3675.2446962436925,3691.0,3674.0,3674.0,2572.2087087125637,1103.0359875311287,2575.0,1101.0
0.0,7351.0,3684.0,3676.5597365422277,3674.0,3689.0,3689.0,2573.1853541034693,1103.3743824387584,2583.0,1101.0
0.0,7341.0,3687.0,3676.6362979718624,3689.0,3687.0,3687.0,2573.1750614369867,1103.461236534876,2580.0,1107.0
0.0,7343.0,3689.0,3677.075568302187,3687.0,3690.0,3690.0,2573.4049095453847,1103.6706587568024,2582.0,1107.0
0.0,7341.0,3687.0,3679.2037159673273,3690.0,3693.0,3693.0,2574.828899953308,1104.3748160140194,2581.0,1106.0
0.0,7344.0,3681.0,3678.614966369604,3693.0,3680.0,3680.0,2574.4152634190223,1104.1997029505817,2574.0,1107.0
0.0,7356.0,3687.0,3678.473854430651,3680.0,3686.0,3686.0,2574.2725813299016,1104.2012731007494,2579.0,1108.0
0.0,7349.0,3673.0,3676.424053126836,3686.0,3667.0,3667.0,2572.8644480612793,1103.5596050655565,2569.0,1104.0
0.0,7362.0,3689.0,3678.2938099785,3667.0,3695.0,3695.0,2574.0695906481074,1104.2242193303928,2577.0,1112.0
0.0,7340.0,3673.0,3674.3918424475482,3695.0,3661.0,3661.0,2571.344092563409,1103.0477498841392,2566.0,1107.0
0.0,7362.0,3680.0,3675.1144351125954,3661.0,3682.0,3682.0,2571.8935279661046,1103.2209071464908,2577.0,1103.0
0.0,7343.0,3672.0,3675.860635204708,3682.0,3675.0,3675.0,2572.3172963439592,1103.5433388607491,2566.0,1106.0
0.0,7353.0,3679.0,3676.7204437621476,3675.0,3681.0,3681.0,2573.022472656376,1103.6979711057718,2577.0,1102.0
0.0,7349.0,3691.0,3676.7066335700943,3681.0,3691.0,3691.0,2573.082363109474,1103.6242704606202,2586.0,1105.0
0.0,7339.0,3676.0,3678.4771088065218,3691.0,3681.0,3681.0,2574.1241096158847,1104.352999190637,2566.0,1110.0
0.0,7354.0,3684.0,3676.6802731961143,3681.0,3679.0,3679.0,2572.9530614867813,1103.727211709333,2578.0,1106.0
0.0,7351.0,3679.0,3674.857301229214,3679.0,3674.0,3674.0,2571.728137681556,1103.1291635476582,2576.0,1103.0
0.0,7351.0,3681.0,3673.8446038766406,3674.0,3678.0,3678.0,2571.0543861664955,1102.790217710145,2578.0,1103.0
0.0,7344.0,3685.0,3675.5734034541847,3678.0,3690.0,3690.0,2572.2627773761824,1103.310626078002,2579.0,1106.0
0.0,7337.0,3681.0,3675.3994727034838,3690.0,3680.0,3680.0,2572.030516924077,1103.3689557794069,2573.0,1108.0
0.0,7346.0,3686.0,3672.982965340202,3680.0,3679.0,3679.0,2570.4826607079476,1102.5003046322543,2583.0,1103.0
0.0,7340.0,3686.0,3674.1927170243653,3679.0,3689.0,3689.0,2571.288222683156,1102.9044943412089,2581.0,1105.0
0.0,7333.0,3682.0,3674.484831471019,3689.0,3683.0,3683.0,2571.569759276049,1102.91507219497,2579.0,1103.0
0.0,7340.0,3684.0,3674.6855509449524,3683.0,3685.0,3685.0,2571.6376908748366,1103.0478600701158,2578.0,1106.0
0.0,7339.0,3682.0,3674.3649416753105,3685.0,3681.0,3681.0,2571.4132464163417,1102.9516952589688,2578.0,1104.0
0.0,7342.0,3673.0,3672.8388284718494,3681.0,3669.0,3669.0,2570.4008340094074,1102.437994462442,2571.0,1102.0
0.0,7350.0,3682.0,3673.0585357440536,3669.0,3682.0,3682.0,2570.505947865865,1102.5525878781887,2577.0,1105.0
0.0,7337.0,3677.0,3674.172604032781,3682.0,3680.0,3680.0,2571.2615260794655,1102.9110779533153,2570.0,1107.0
0.0,7342.0,3682.0,3674.9258027162336,3680.0,3685.0,3685.0,2571.8241167965098,1103.1016859197239,2577.0,1105.0
0.0,7340.0,3676.0,3674.526516770251,3685.0,3675.0,3675.0,2571.616912554374,1102.9096042158774,2575.0,1101.0
0.0,7349.0,3677.0,3673.688635302552,3675.0,3674.0,3674.0,2571.059468170571,1102.629167131981,2577.0,1100.0
0.0,7347.0,3678.0,3674.8872560154005,3674.0,3682.0,3682.0,2571.90070066806,1102.9865553473408,2575.0,1103.0
0.0,7343.0,3679.0,3674.7441701269404,3682.0,3678.0,3678.0,2571.791083770016,1102.9530863569244,2576.0,1103.0
0.0,7346.0,3672.0,3675.2411760454743,3678.0,3673.0,3673.0,2572.051520396619,1103.1896556488553,2566.0,1106.0
0.0,7352.0,3684.0,3677.028190276805,3673.0,3690.0,3690.0,2573.374417520929,1103.6537727558762,2580.0,1104.0
0.0,7341.0,3678.0,3675.846394800327,3690.0,3675.0,3675.0,2572.586578230821,1103.2598165695058,2575.0,1103.0
0.0,7353.0,3686.0,3679.319762946482,3675.0,3696.0,3696.0,2574.8923606750923,1104.4274022713898,2580.0,1106.0
0.0,7342.0,3677.0,3677.7918298920185,3696.0,3673.0,3673.0,2573.872357426627,1103.9194724653917,2571.0,1106.0
0.0,7361.0,3689.0,3680.1922661440503,3673.0,3695.0,3695.0,2575.5213390909516,1104.6709270530985,2582.0,1107.0
0.0,7345.0,3692.0,3684.38722377655,3695.0,3705.0,3705.0,2578.4230025954234,1105.9642211811265,2584.0,1108.0
0.0,7348.0,3696.0,3685.310518171943,3705.0,3699.0,3699.0,2579.1340650264847,1106.1764531454583,2589.0,1107.0
0.0,7357.0,3698.0,3687.40111842634,3699.0,3704.0,3704.0,2580.517946199707,1106.8831722266334,2588.0,1110.0
0.0,7358.0,3706.0,3688.4293281816836,3704.0,3709.0,3709.0,2581.2672201550863,1107.1621080265973,2597.0,1109.0
0.0,7356.0,3695.0,3688.5037996423944,3709.0,3696.0,3696.0,2581.3049170460804,1107.1988825963142,2587.0,1108.0
0.0,7370.0,3697.0,3689.1705113274875,3696.0,3698.0,3698.0,2581.8180707994234,1107.352440528064,2589.0,1108.0
0.0,7369.0,3706.0,3691.1927080469495,3698.0,3712.0,3712.0,2583.107806238909,1108.0849018080407,2591.0,1115.0
0.0,7361.0,3711.0,3694.6710446081124,3712.0,3722.0,3722.0,2585.485701677727,1109.1853429303856,2599.0,1112.0
1.0,0.0,1014.0,1014.0,0.0,3042.0,3042.0,717.0,297.0,717.0,297.0
1.0,0.0,1017.0,1015.0,3042.0,2034.0,2034.0,718.0,297.0,720.0,297.0
1.0,1011.0,8.0,680.0,2034.0,0.0,0.0,480.0,200.0,3.0,5.0
1.0,3037.0,328.0,592.0,0.0,0.0,0.0,417.0,175.0,227.0,101.0
1.0,2709.0,346.0,543.0,0.0,0.0,0.0,384.0,159.0,252.0,94.0
1.0,2363.0,346.0,510.0,0.0,0.0,0.0,360.0,150.0,243.0,103.0
1.0,2017.0,362.0,489.0,0.0,0.0,0.0,346.0,143.0,259.0,103.0
1.0,1655.0,341.0,471.0,0.0,99.0,99.0,333.0,138.0,241.0,100.0
1.0,1314.0,344.0,457.0,99.0,302.0,302.0,323.0,134.0,242.0,102.0
1.0,1069.0,361.0,447.0,302.0,331.0,331.0,316.0,131.0,252.0,109.0
1.0,1010.0,339.0,437.0,331.0,309.0,309.0,308.0,129.0,236.0,103.0
1.0,1002.0,355.0,430.0,309.0,334.0,334.0,303.0,127.0,244.0,111.0
1.0,956.0,360.0,424.0,334.0,342.0,342.0,299.0,125.0,257.0,103.0
1.0,930.0,360.0,420.0,342.0,348.0,348.0,296.0,124.0,252.0,108.0
1.0,912.0,348.0,416.0,348.0,336.0,336.0,293.0,123.0,245.0,103.0
1.0,912.0,363.0,412.0,336.0,351.0,351.0,290.0,122.0,258.0,105.0
1.0,885.0,357.0,409.0,351.0,348.0,348.0,288.0,121.0,248.0,109.0
1.0,879.0,352.0,406.0,348.0,343.0,343.0,286.0,120.0,247.0,105.0
1.0,875.0,349.0,402.0,343.0,337.0,337.0,283.0,119.0,243.0,106.0
1.0,869.0,355.0,400.0,337.0,349.0,349.0,282.0,118.0,250.0,105.0
1.0,851.0,342.0,398.0,349.0,336.0,336.0,280.0,118.0,237.0,105.0
1.0,858.0,354.0,395.0,336.0,345.0,345.0,278.0,117.0,249.0,105.0
1.0,840.0,352.0,394.0,345.0,349.0,349.0,277.0,117.0,247.0,105.0
1.0,833.0,349.0,392.0,349.0,343.0,343.0,276.0,116.0,243.0,106.0
1.0,833.0,357.0,391.0,343.0,354.0,354.0,275.0,116.0,252.0,105.0
1.0,819.0,348.0,388.0,354.0,339.0,339.0,273.0,115.0,244.0,104.0
1.0,825.0,353.0,387.0,339.0,350.0,350.0,272.0,115.0,244.0,109.0
1.0,811.0,348.0,386.0,350.0,345.0,345.0,271.0,115.0,239.0,109.0
1.0,813.0,347.0,385.0,345.0,344.0,344.0,270.0,115.0,240.0,107.0
1.0,811.0,348.0,383.0,344.0,342.0,342.0,269.0,114.0,245.0,103.0
1.0,807.0,350.0,382.0,342.0,347.0,347.0,268.0,114.0,246.0,104.0
1.0,799.0,350.0,382.0,347.0,350.0,350.0,268.0,114.0,245.0,105.0
1.0,796.0,351.0,380.0,350.0,345.0,345.0,267.0,113.0,245.0,106.0
1.0,795.0,357.0,380.0,345.0,357.0,357.0,267.0,113.0,250.0,107.0
1.0,783.0,351.0,379.0,357.0,348.0,348.0,266.0,113.0,244.0,107.0
1.0,789.0,350.0,378.0,348.0,347.0,347.0,265.0,113.0,247.0,103.0
1.0,787.0,343.0,378.0,347.0,343.0,343.0,265.0,113.0,239.0,104.0
1.0,791.0,357.0,376.0,343.0,351.0,351.0,264.0,112.0,250.0,107.0
1.0,777.0,351.0,376.0,351.0,351.0,351.0,264.0,112.0,245.0,106.0
1.0,777.0,360.0,376.0,351.0,360.0,360.0,264.0,112.0,254.0,106.0
1.0,768.0,355.0,375.0,360.0,352.0,352.0,263.0,112.0,250.0,105.0
1.0,773.0,356.0,375.0,352.0,356.0,356.0,263.0,112.0,250.0,106.0
1.0,769.0,346.0,374.0,356.0,343.0,343.0,262.0,112.0,241.0,105.0
1.0,779.0,349.0,373.0,343.0,346.0,346.0,262.0,111.0,243.0,106.0
1.0,773.0,363.0,374.0,346.0,366.0,366.0,262.0,112.0,249.0,114.0
1.0,756.0,357.0,372.0,366.0,351.0,351.0,261.0,111.0,247.0,110.0
1.0,765.0,354.0,372.0,351.0,354.0,354.0,261.0,111.0,248.0,106.0
1.0,762.0,362.0,372.0,354.0,362.0,362.0,261.0,111.0,253.0,109.0
1.0,754.0,357.0,372.0,362.0,357.0,357.0,261.0,111.0,248.0,109.0
1.0,759.0,367.0,372.0,357.0,367.0,367.0,261.0,111.0,256.0,111.0
1.0,749.0,363.0,371.0,367.0,360.0,360.0,260.0,111.0,255.0,108.0
1.0,753.0,374.0,371.0,360.0,374.0,374.0,260.0,111.0,261.0,113.0
1.0,739.0,362.0,359.0,374.0,326.0,326.0,251.0,108.0,250.0,112.0
1.0,751.0,381.0,347.0,326.0,345.0,345.0,243.0,104.0,268.0,113.0
1.0,696.0,366.0,354.0,345.0,387.0,387.0,248.0,106.0,254.0,112.0
1.0,675.0,375.0,354.0,387.0,375.0,375.0,248.0,106.0,262.0,113.0
1.0,687.0,379.0,356.0,375.0,385.0,385.0,249.0,107.0,268.0,111.0
1.0,683.0,386.0,356.0,385.0,386.0,386.0,249.0,107.0,268.0,118.0
1.0,682.0,368.0,356.0,386.0,368.0,368.0,249.0,107.0,255.0,113.0
1.0,700.0,380.0,356.0,368.0,380.0,380.0,249.0,107.0,267.0,113.0
1.0,688.0,386.0,358.0,380.0,392.0,392.0,250.0,108.0,274.0,112.0
1.0,682.0,385.0,358.0,392.0,385.0,385.0,250.0,108.0,268.0,117.0
1.0,689.0,390.0,359.0,385.0,393.0,393.0,251.0,108.0,273.0,117.0
1.0,684.0,378.0,359.0,393.0,378.0,378.0,251.0,108.0,264.0,114.0
1.0,699.0,386.0,360.0,378.0,389.0,389.0,252.0,108.0,270.0,116.0
1.0,691.0,388.0,361.0,389.0,391.0,391.0,252.0,109.0,272.0,116.0
1.0,692.0,383.0,362.0,391.0,386.0,386.0,253.0,109.0,266.0,117.0
1.0,700.0,386.0,362.0,386.0,386.0,386.0,253.0,109.0,270.0,116.0
1.0,700.0,391.0,362.0,386.0,391.0,391.0,253.0,109.0,275.0,116.0
1.0,695.0,387.0,363.0,391.0,390.0,390.0,254.0,109.0,271.0,116.0
1.0,699.0,392.0,364.0,390.0,395.0,395.0,254.0,110.0,275.0,117.0
1.0,697.0,387.0,365.0,395.0,390.0,390.0,255.0,110.0,273.0,114.0
1.0,705.0,403.0,366.0,390.0,406.0,406.0,256.0,110.0,285.0,118.0
1.0,692.0,399.0,366.0,406.0,399.0,399.0,256.0,110.0,286.0,113.0
1.0,699.0,405.0,367.0,399.0,408.0,408.0,257.0,110.0,290.0,115.0
1.0,693.0,388.0,369.0,408.0,394.0,394.0,258.0,111.0,272.0,116.0
1.0,713.0,396.0,369.0,394.0,396.0,396.0,258.0,111.0,280.0,116.0
1.0,711.0,393.0,370.0,396.0,396.0,396.0,259.0,111.0,275.0,118.0
1.0,714.0,392.0,371.0,396.0,395.0,395.0,260.0,111.0,274.0,118.0
1.0,718.0,382.0,371.0,395.0,382.0,382.0,260.0,111.0,269.0,113.0
1.0,731.0,395.0,372.0,382.0,398.0,398.0,261.0,111.0,279.0,116.0
1.0,718.0,392.0,373.0,398.0,395.0,395.0,261.0,112.0,278.0,114.0
1.0,724.0,392.0,374.0,395.0,395.0,395.0,262.0,112.0,279.0,113.0
1.0,727.0,386.0,375.0,395.0,389.0,389.0,263.0,112.0,267.0,119.0
1.0,736.0,389.0,375.0,389.0,389.0,389.0,263.0,112.0,274.0,115.0
1.0,736.0,379.0,375.0,389.0,379.0,379.0,263.0,112.0,264.0,115.0
1.0,746.0,376.0,377.0,379.0,382.0,382.0,264.0,113.0,264.0,112.0
1.0,749.0,380.0,377.0,382.0,380.0,380.0,264.0,113.0,269.0,111.0
1.0,751.0,379.0,378.0,380.0,382.0,382.0,265.0,113.0,267.0,112.0
1.0,752.0,383.0,378.0,382.0,383.0,383.0,265.0,113.0,271.0,112.0
1.0,751.0,371.0,378.0,383.0,371.0,371.0,265.0,113.0,255.0,116.0
1.0,763.0,383.0,379.0,371.0,386.0,386.0,266.0,113.0,268.0,115.0
1.0,751.0,381.0,380.0,386.0,384.0,384.0,266.0,114.0,262.0,119.0
1.0,756.0,378.0,380.0,384.0,378.0,378.0,266.0,114.0,260.0,118.0
1.0,762.0,376.0,380.0,378.0,376.0,376.0,266.0,114.0,255.0,121.0
1.0,764.0,387.0,381.0,376.0,390.0,390.0,267.0,114.0,271.0,116.0
1.0,753.0,382.0,381.0,390.0,382.0,382.0,267.0,114.0,265.0,117.0
1.0,761.0,392.0,383.0,382.0,398.0,398.0,268.0,115.0,274.0,118.0
1.0,751.0,395.0,383.0,398.0,395.0,395.0,268.0,115.0,274.0,121.0
1.0,754.0,382.0,383.0,395.0,382.0,382.0,268.0,115.0,267.0,115.0
1.0,767.0,395.0,384.0,382.0,398.0,398.0,269.0,115.0,272.0,123.0
1.0,754.0,392.0,384.0,398.0,392.0,392.0,269.0,115.0,271.0,121.0
1.0,760.0,394.0,385.0,392.0,397.0,397.0,269.0,116.0,272.0,122.0
1.0,758.0,406.0,386.0,397.0,409.0,409.0,270.0,116.0,285.0,121.0
1.0,749.0,398.0,386.0,409.0,398.0,398.0,270.0,116.0,278.0,120.0
1.0,760.0,409.0,387.0,398.0,412.0,412.0,271.0,116.0,282.0,127.0
1.0,749.0,417.0,388.0,412.0,420.0,420.0,271.0,117.0,290.0,127.0
1.0,744.0,413.0,389.0,420.0,416.0,416.0,272.0,117.0,291.0,122.0
1.0,751.0,416.0,389.0,416.0,416.0,416.0,272.0,117.0,291.0,125.0
1.0,751.0,426.0,390.0,416.0,429.0,429.0,273.0,117.0,299.0,127.0
1.0,741.0,429.0,391.0,429.0,432.0,432.0,274.0,117.0,300.0,129.0
1.0,741.0,416.0,392.0,432.0,419.0,419.0,274.0,118.0,291.0,125.0
1.0,757.0,425.0,393.0,419.0,428.0,428.0,275.0,118.0,297.0,128.0
1.0,751.0,421.0,393.0,428.0,421.0,421.0,275.0,118.0,294.0,127.0
1.0,758.0,425.0,394.0,421.0,428.0,428.0,276.0,118.0,298.0,127.0
1.0,754.0,435.0,396.0,428.0,441.0,441.0,277.0,119.0,304.0,131.0
1.0,747.0,432.0,396.0,441.0,432.0,432.0,277.0,119.0,301.0,131.0
1.0,756.0,431.0,397.0,432.0,434.0,434.0,278.0,119.0,302.0,129.0
1.0,757.0,441.0,399.0,434.0,447.0,447.0,279.0,120.0,309.0,132.0
1.0,750.0,436.0,399.0,447.0,436.0,436.0,279.0,120.0,308.0,128.0
1.0,761.0,417.0,400.0,436.0,420.0,420.0,280.0,120.0,289.0,128.0
1.0,780.0,430.0,400.0,420.0,430.0,430.0,280.0,120.0,298.0,132.0
1.0,770.0,420.0,400.0,430.0,420.0,420.0,280.0,120.0,296.0,124.0
1.0,780.0,432.0,402.0,420.0,438.0,438.0,281.0,121.0,304.0,128.0
1.0,768.0,421.0,402.0,438.0,421.0,421.0,281.0,121.0,293.0,128.0
1.0,785.0,433.0,403.0,421.0,436.0,436.0,282.0,121.0,302.0,131.0
1.0,773.0,421.0,403.0,436.0,421.0,421.0,282.0,121.0,296.0,125.0
1.0,788.0,416.0,404.0,421.0,419.0,419.0,282.0,122.0,291.0,125.0
1.0,793.0,410.0,404.0,419.0,410.0,410.0,282.0,122.0,287.0,123.0
1.0,802.0,412.0,404.0,410.0,412.0,412.0,282.0,122.0,287.0,125.0
1.0,800.0,409.0,405.0,412.0,412.0,412.0,283.0,122.0,282.0,127.0
1.0,803.0,421.0,405.0,412.0,421.0,421.0,283.0,122.0,291.0,130.0
1.0,794.0,421.0,406.0,421.0,424.0,424.0,283.0,123.0,295.0,126.0
1.0,794.0,415.0,407.0,424.0,418.0,418.0,284.0,123.0,290.0,125.0
1.0,803.0,420.0,407.0,418.0,420.0,420.0,284.0,123.0,296.0,124.0
1.0,801.0,409.0,407.0,420.0,409.0,409.0,284.0,123.0,285.0,124.0
1.0,812.0,412.0,407.0,409.0,412.0,412.0,284.0,123.0,285.0,127.0
1.0,809.0,411.0,408.0,412.0,414.0,414.0,285.0,123.0,290.0,121.0
1.0,810.0,412.0,409.0,414.0,415.0,415.0,285.0,124.0,285.0,127.0
1.0,812.0,423.0,410.0,415.0,426.0,426.0,286.0,124.0,302.0,121.0
1.0,804.0,419.0,410.0,426.0,419.0,419.0,286.0,124.0,289.0,130.0
1.0,811.0,424.0,411.0,419.0,427.0,427.0,287.0,124.0,299.0,125.0
1.0,806.0,419.0,413.0,427.0,425.0,425.0,288.0,125.0,294.0,125.0
1.0,814.0,418.0,413.0,425.0,418.0,418.0,288.0,125.0,294.0,124.0
1.0,821.0,426.0,414.0,418.0,429.0,429.0,289.0,125.0,302.0,124.0
1.0,813.0,421.0,415.0,429.0,424.0,424.0,290.0,125.0,298.0,123.0
1.0,821.0,425.0,416.0,424.0,428.0,428.0,291.0,125.0,302.0,123.0
1.0,820.0,427.0,416.0,428.0,427.0,427.0,291.0,125.0,301.0,126.0
1.0,821.0,429.0,417.0,427.0,432.0,432.0,292.0,125.0,301.0,128.0
1.0,819.0,434.0,418.0,432.0,437.0,437.0,292.0,126.0,306.0,128.0
1.0,817.0,439.0,419.0,437.0,442.0,442.0,293.0,126.0,313.0,126.0
1.0,815.0,429.0,420.0,442.0,432.0,432.0,294.0,126.0,302.0,127.0
1.0,828.0,437.0,420.0,432.0,437.0,437.0,294.0,126.0,305.0,132.0
1.0,823.0,430.0,421.0,437.0,433.0,433.0,295.0,126.0,303.0,127.0
1.0,830.0,433.0,422.0,433.0,436.0,436.0,296.0,126.0,305.0,128.0
1.0,830.0,441.0,423.0,436.0,444.0,444.0,296.0,127.0,311.0,130.0
1.0,825.0,449.0,424.0,444.0,452.0,452.0,297.0,127.0,315.0,134.0
1.0,820.0,439.0,424.0,452.0,439.0,439.0,297.0,127.0,306.0,133.0
1.0,833.0,438.0,425.0,439.0,441.0,441.0,298.0,127.0,300.0,138.0
1.0,834.0,440.0,425.0,441.0,440.0,440.0,298.0,127.0,307.0,133.0
1.0,835.0,448.0,426.0,440.0,451.0,451.0,298.0,128.0,312.0,136.0
1.0,827.0,443.0,426.0,451.0,443.0,443.0,298.0,128.0,308.0,135.0
1.0,835.0,461.0,427.0,443.0,464.0,464.0,299.0,128.0,325.0,136.0
1.0,817.0,438.0,427.0,464.0,438.0,438.0,299.0,128.0,299.0,139.0
1.0,843.0,449.0,427.0,438.0,449.0,449.0,299.0,128.0,308.0,141.0
1.0,832.0,446.0,429.0,449.0,452.0,452.0,300.0,129.0,311.0,135.0
1.0,835.0,458.0,429.0,452.0,458.0,458.0,300.0,129.0,320.0,138.0
1.0,829.0,455.0,429.0,458.0,455.0,455.0,300.0,129.0,319.0,136.0
1.0,832.0,454.0,430.0,455.0,457.0,457.0,301.0,129.0,316.0,138.0
1.0,833.0,466.0,430.0,457.0,466.0,466.0,301.0,129.0,322.0,144.0
1.0,824.0,455.0,430.0,466.0,455.0,455.0,301.0,129.0,316.0,139.0
1.0,835.0,451.0,431.0,455.0,454.0,454.0,301.0,130.0,311.0,140.0
1.0,839.0,459.0,432.0,454.0,462.0,462.0,302.0,130.0,322.0,137.0
1.0,834.0,460.0,432.0,462.0,460.0,460.0,302.0,130.0,315.0,145.0
1.0,836.0,451.0,432.0,460.0,451.0,451.0,302.0,130.0,310.0,141.0
1.0,845.0,462.0,434.0,451.0,468.0,468.0,303.0,131.0,320.0,142.0
1.0,834.0,457.0,434.0,468.0,457.0,457.0,303.0,131.0,319.0,138.0
1.0,845.0,465.0,435.0,457.0,468.0,468.0,304.0,131.0,321.0,144.0
1.0,837.0,465.0,435.0,468.0,465.0,465.0,304.0,131.0,325.0,140.0
1.0,840.0,464.0,437.0,465.0,470.0,470.0,305.0,132.0,326.0,138.0
1.0,841.0,467.0,438.0,470.0,470.0,470.0,306.0,132.0,329.0,138.0
1.0,844.0,470.0,438.0,470.0,470.0,470.0,306.0,132.0,326.0,144.0
1.0,844.0,465.0,440.0,470.0,471.0,471.0,307.0,133.0,326.0,139.0
1.0,849.0,468.0,441.0,471.0,471.0,471.0,308.0,133.0,331.0,137.0
1.0,852.0,461.0,442.0,471.0,464.0,464.0,309.0,133.0,327.0,134.0
1.0,862.0,457.0,442.0,464.0,457.0,457.0,309.0,133.0,320.0,137.0
1.0,869.0,463.0,443.0,457.0,466.0,466.0,310.0,133.0,322.0,141.0
1.0,863.0,453.0,444.0,466.0,456.0,456.0,310.0,134.0,319.0,134.0
1.0,876.0,462.0,445.0,456.0,465.0,465.0,311.0,134.0,322.0,140.0
1.0,870.0,469.0,446.0,465.0,472.0,472.0,312.0,134.0,325.0,144.0
1.0,866.0,457.0,446.0,472.0,457.0,457.0,312.0,134.0,321.0,136.0
1.0,881.0,448.0,448.0,457.0,454.0,454.0,313.0,135.0,315.0,133.0
1.0,890.0,447.0,448.0,454.0,447.0,447.0,313.0,135.0,313.0,134.0
1.0,897.0,449.0,449.0,447.0,452.0,452.0,314.0,135.0,317.0,132.0
1.0,895.0,449.0,449.0,452.0,449.0,449.0,314.0,135.0,315.0,134.0
1.0,898.0,459.0,449.0,449.0,459.0,459.0,314.0,135.0,322.0,137.0
1.0,888.0,450.0,450.0,459.0,453.0,453.0,315.0,135.0,318.0,132.0
1.0,897.0,452.0,451.0,453.0,455.0,455.0,315.0,136.0,321.0,131.0
1.0,898.0,454.0,452.0,455.0,457.0,457.0,316.0,136.0,320.0,134.0
1.0,899.0,448.0,452.0,457.0,448.0,448.0,316.0,136.0,314.0,134.0
1.0,908.0,465.0,452.0,448.0,465.0,465.0,316.0,136.0,325.0,140.0
1.0,891.0,444.0,452.0,465.0,444.0,444.0,316.0,136.0,309.0,135.0
1.0,912.0,460.0,454.0,444.0,466.0,466.0,317.0,137.0,323.0,137.0
1.0,896.0,448.0,454.0,466.0,448.0,448.0,317.0,137.0,314.0,134.0
1.0,914.0,453.0,454.0,448.0,453.0,453.0,317.0,137.0,315.0,138.0
1.0,909.0,460.0,454.0,453.0,460.0,460.0,317.0,137.0,321.0,139.0
1.0,902.0,464.0,455.0,460.0,467.0,467.0,318.0,137.0,322.0,142.0
1.0,898.0,471.0,455.0,467.0,471.0,471.0,318.0,137.0,332.0,139.0
1.0,894.0,463.0,456.0,471.0,466.0,466.0,318.0,138.0,324.0,139.0
1.0,902.0,465.0,457.0,466.0,468.0,468.0,319.0,138.0,324.0,141.0
1.0,903.0,477.0,457.0,468.0,477.0,477.0,319.0,138.0,335.0,142.0
1.0,894.0,475.0,458.0,477.0,478.0,478.0,320.0,138.0,336.0,139.0
1.0,896.0,476.0,458.0,478.0,476.0,476.0,320.0,138.0,335.0,141.0
1.0,898.0,488.0,459.0,476.0,491.0,491.0,321.0,138.0,342.0,146.0
1.0,886.0,479.0,459.0,491.0,479.0,479.0,321.0,138.0,335.0,144.0
1.0,898.0,490.0,460.0,479.0,493.0,493.0,322.0,138.0,346.0,144.0
1.0,887.0,489.0,462.0,493.0,495.0,495.0,323.0,139.0,344.0,145.0
1.0,891.0,482.0,462.0,495.0,482.0,482.0,323.0,139.0,337.0,145.0
1.0,904.0,494.0,463.0,482.0,497.0,497.0,324.0,139.0,349.0,145.0
1.0,892.0,500.0,463.0,497.0,500.0,500.0,324.0,139.0,350.0,150.0
1.0,889.0,488.0,464.0,500.0,491.0,491.0,325.0,139.0,345.0,143.0
1.0,901.0,506.0,465.0,491.0,509.0,509.0,326.0,139.0,361.0,145.0
1.0,886.0,503.0,465.0,509.0,503.0,503.0,326.0,139.0,355.0,148.0
1.0,892.0,497.0,467.0,503.0,503.0,503.0,327.0,140.0,351.0,146.0
1.0,898.0,492.0,468.0,503.0,495.0,495.0,328.0,140.0,347.0,145.0
1.0,909.0,503.0,468.0,495.0,503.0,503.0,328.0,140.0,354.0,149.0
1.0,901.0,505.0,469.0,503.0,508.0,508.0,329.0,140.0,356.0,149.0
1.0,899.0,500.0,470.0,508.0,503.0,503.0,330.0,140.0,349.0,151.0
1.0,907.0,500.0,470.0,503.0,500.0,500.0,330.0,140.0,353.0,147.0
1.0,910.0,486.0,471.0,500.0,489.0,489.0,331.0,140.0,342.0,144.0
1.0,924.0,495.0,471.0,489.0,495.0,495.0,331.0,140.0,347.0,148.0
1.0,918.0,498.0,473.0,495.0,504.0,504.0,332.0,141.0,348.0,150.0
1.0,915.0,492.0,473.0,504.0,492.0,492.0,332.0,141.0,343.0,149.0
1.0,927.0,499.0,473.0,492.0,499.0,499.0,332.0,141.0,347.0,152.0
1.0,920.0,490.0,474.0,499.0,493.0,493.0,333.0,141.0,339.0,151.0
1.0,929.0,494.0,474.0,493.0,494.0,494.0,333.0,141.0,348.0,146.0
1.0,928.0,482.0,475.0,494.0,485.0,485.0,333.0,142.0,335.0,147.0
1.0,940.0,481.0,475.0,485.0,481.0,481.0,333.0,142.0,333.0,148.0
1.0,944.0,480.0,476.0,481.0,483.0,483.0,334.0,142.0,330.0,150.0
1.0,945.0,485.0,476.0,483.0,485.0,485.0,334.0,142.0,340.0,145.0
1.0,943.0,478.0,476.0,485.0,478.0,478.0,334.0,142.0,334.0,144.0
1.0,950.0,489.0,476.0,478.0,489.0,489.0,334.0,142.0,339.0,150.0
1.0,939.0,480.0,478.0,489.0,486.0,486.0,335.0,143.0,333.0,147.0
1.0,948.0,476.0,478.0,486.0,476.0,476.0,335.0,143.0,331.0,145.0
1.0,958.0,486.0,478.0,476.0,486.0,486.0,335.0,143.0,336.0,150.0
1.0,948.0,481.0,480.0,486.0,487.0,487.0,336.0,144.0,332.0,149.0
1.0,953.0,484.0,480.0,487.0,484.0,484.0,336.0,144.0,337.0,147.0
1.0,956.0,493.0,481.0,484.0,496.0,496.0,337.0,144.0,343.0,150.0
1.0,947.0,493.0,481.0,496.0,493.0,493.0,337.0,144.0,345.0,148.0
1.0,950.0,482.0,482.0,493.0,485.0,485.0,337.0,145.0,339.0,143.0
1.0,961.0,493.0,483.0,485.0,496.0,496.0,338.0,145.0,345.0,148.0
1.0,953.0,488.0,483.0,496.0,488.0,488.0,338.0,145.0,339.0,149.0
1.0,961.0,488.0,484.0,488.0,491.0,491.0,339.0,145.0,340.0,148.0
1.0,961.0,500.0,485.0,491.0,503.0,503.0,339.0,146.0,353.0,147.0
1.0,952.0,507.0,486.0,503.0,510.0,510.0,340.0,146.0,358.0,149.0
1.0,948.0,506.0,487.0,510.0,509.0,509.0,341.0,146.0,356.0,150.0
1.0,952.0,500.0,488.0,509.0,503.0,503.0,342.0,146.0,348.0,152.0
1.0,961.0,506.0,489.0,503.0,509.0,509.0,342.0,147.0,357.0,149.0
1.0,958.0,512.0,490.0,509.0,515.0,515.0,343.0,147.0,359.0,153.0
1.0,955.0,509.0,490.0,515.0,509.0,509.0,343.0,147.0,357.0,152.0
1.0,961.0,507.0,491.0,509.0,510.0,510.0,344.0,147.0,356.0,151.0
1.0,963.0,512.0,492.0,510.0,515.0,515.0,345.0,147.0,362.0,150.0
1.0,961.0,519.0,493.0,515.0,522.0,522.0,345.0,148.0,363.0,156.0
1.0,957.0,511.0,494.0,522.0,514.0,514.0,346.0,148.0,357.0,154.0
1.0,968.0,512.0,494.0,514.0,512.0,512.0,346.0,148.0,357.0,155.0
1.0,970.0,513.0,494.0,512.0,513.0,513.0,346.0,148.0,358.0,155.0
1.0,969.0,516.0,496.0,513.0,522.0,522.0,347.0,149.0,363.0,153.0
1.0,966.0,517.0,496.0,522.0,517.0,517.0,347.0,149.0,365.0,152.0
1.0,971.0,523.0,497.0,517.0,526.0,526.0,348.0,149.0,368.0,155.0
1.0,965.0,524.0,497.0,526.0,524.0,524.0,348.0,149.0,361.0,163.0
1.0,967.0,523.0,498.0,524.0,526.0,526.0,349.0,149.0,368.0,155.0
1.0,968.0,527.0,499.0,526.0,530.0,530.0,349.0,150.0,372.0,155.0
1.0,967.0,515.0,499.0,530.0,515.0,515.0,349.0,150.0,362.0,153.0
1.0,982.0,518.0,499.0,515.0,518.0,518.0,349.0,150.0,362.0,156.0
1.0,979.0,535.0,500.0,518.0,538.0,538.0,350.0,150.0,374.0,161.0
1.0,962.0,524.0,500.0,538.0,524.0,524.0,350.0,150.0,368.0,156.0
1.0,976.0,524.0,502.0,524.0,530.0,530.0,351.0,151.0,368.0,156.0
1.0,976.0,522.0,502.0,530.0,522.0,522.0,351.0,151.0,364.0,158.0
1.0,984.0,524.0,502.0,522.0,524.0,524.0,351.0,151.0,368.0,156.0
1.0,982.0,518.0,502.0,524.0,518.0,518.0,351.0,151.0,359.0,159.0
1.0,988.0,524.0,502.0,518.0,524.0,524.0,351.0,151.0,365.0,159.0
1.0,982.0,520.0,504.0,524.0,526.0,526.0,352.0,152.0,364.0,156.0
1.0,986.0,518.0,504.0,526.0,518.0,518.0,352.0,152.0,362.0,156.0
1.0,994.0,525.0,505.0,518.0,528.0,528.0,353.0,152.0,369.0,156.0
1.0,987.0,523.0,505.0,528.0,523.0,523.0,353.0,152.0,368.0,155.0
1.0,992.0,529.0,506.0,523.0,532.0,532.0,354.0,152.0,377.0,152.0
1.0,986.0,522.0,506.0,532.0,522.0,522.0,354.0,152.0,369.0,153.0
1.0,996.0,534.0,507.0,522.0,537.0,537.0,355.0,152.0,371.0,163.0
1.0,984.0,528.0,507.0,537.0,528.0,528.0,355.0,152.0,372.0,156.0
1.0,993.0,521.0,509.0,528.0,527.0,527.0,356.0,153.0,364.0,157.0
1.0,1000.0,512.0,509.0,527.0,512.0,512.0,356.0,153.0,358.0,154.0
1.0,1015.0,518.0,510.0,512.0,521.0,521.0,357.0,153.0,363.0,155.0
1.0,1009.0,529.0,511.0,521.0,532.0,532.0,358.0,153.0,367.0,162.0
1.0,1001.0,532.0,511.0,532.0,532.0,532.0,358.0,153.0,376.0,156.0
1.0,1001.0,523.0,513.0,532.0,529.0,529.0,359.0,154.0,365.0,158.0
1.0,1010.0,527.0,514.0,529.0,530.0,530.0,360.0,154.0,371.0,156.0
1.0,1012.0,529.0,514.0,530.0,529.0,529.0,360.0,154.0,371.0,158.0
1.0,1013.0,544.0,515.0,529.0,547.0,547.0,361.0,154.0,382.0,162.0
1.0,998.0,523.0,516.0,547.0,526.0,526.0,362.0,154.0,365.0,158.0
1.0,1022.0,522.0,516.0,526.0,522.0,522.0,362.0,154.0,368.0,154.0
1.0,1026.0,527.0,518.0,522.0,533.0,533.0,363.0,155.0,367.0,160.0
1.0,1021.0,526.0,518.0,533.0,526.0,526.0,363.0,155.0,370.0,156.0
1.0,1028.0,516.0,519.0,526.0,519.0,519.0,364.0,155.0,357.0,159.0
1.0,1038.0,529.0,519.0,519.0,529.0,529.0,364.0,155.0,370.0,159.0
1.0,1028.0,528.0,521.0,529.0,534.0,534.0,365.0,156.0,365.0,163.0
1.0,1029.0,525.0,521.0,534.0,525.0,525.0,365.0,156.0,367.0,158.0
1.0,1038.0,523.0,521.0,525.0,523.0,523.0,365.0,156.0,367.0,156.0
1.0,1040.0,539.0,521.0,523.0,539.0,539.0,365.0,156.0,373.0,166.0
1.0,1024.0,536.0,522.0,539.0,539.0,539.0,366.0,156.0,374.0,162.0
1.0,1027.0,537.0,523.0,539.0,540.0,540.0,366.0,157.0,376.0,161.0
1.0,1029.0,535.0,524.0,540.0,538.0,538.0,367.0,157.0,376.0,159.0
1.0,1034.0,532.0,524.0,538.0,532.0,532.0,367.0,157.0,369.0,163.0
1.0,1040.0,543.0,524.0,532.0,543.0,543.0,367.0,157.0,373.0,170.0
1.0,1029.0,540.0,525.0,543.0,543.0,543.0,367.0,158.0,373.0,167.0
1.0,1032.0,550.0,526.0,543.0,553.0,553.0,368.0,158.0,381.0,169.0
1.0,1025.0,555.0,526.0,553.0,555.0,555.0,368.0,158.0,387.0,168.0
1.0,1023.0,553.0,527.0,555.0,556.0,556.0,369.0,158.0,388.0,165.0
1.0,1025.0,553.0,528.0,556.0,556.0,556.0,369.0,159.0,384.0,169.0
1.0,1028.0,556.0,529.0,556.0,559.0,559.0,370.0,159.0,389.0,167.0
1.0,1028.0,559.0,529.0,559.0,559.0,559.0,370.0,159.0,390.0,169.0
1.0,1028.0,557.0,531.0,559.0,563.0,563.0,371.0,160.0,385.0,172.0
1.0,1030.0,560.0,531.0,563.0,560.0,560.0,371.0,160.0,392.0,168.0
1.0,1033.0,560.0,532.0,560.0,563.0,563.0,372.0,160.0,394.0,166.0
1.0,1033.0,578.0,532.0,563.0,578.0,578.0,372.0,160.0,404.0,174.0
1.0,1018.0,569.0,534.0,578.0,575.0,575.0,373.0,161.0,401.0,168.0
1.0,1027.0,566.0,535.0,575.0,569.0,569.0,374.0,161.0,396.0,170.0
1.0,1036.0,567.0,535.0,569.0,567.0,567.0,374.0,161.0,398.0,169.0
1.0,1038.0,571.0,536.0,567.0,574.0,574.0,375.0,161.0,399.0,172.0
1.0,1034.0,557.0,537.0,574.0,560.0,560.0,375.0,162.0,389.0,168.0
1.0,1051.0,576.0,538.0,560.0,579.0,579.0,376.0,162.0,405.0,171.0
1.0,1035.0,570.0,539.0,579.0,573.0,573.0,377.0,162.0,401.0,169.0
1.0,1044.0,569.0,539.0,573.0,569.0,569.0,377.0,162.0,398.0,171.0
1.0,1048.0,574.0,541.0,569.0,580.0,580.0,378.0,163.0,403.0,171.0
1.0,1043.0,569.0,542.0,580.0,572.0,572.0,379.0,163.0,398.0,171.0
1.0,1054.0,560.0,542.0,572.0,560.0,560.0,379.0,163.0,395.0,165.0
1.0,1066.0,569.0,543.0,560.0,572.0,572.0,380.0,163.0,402.0,167.0
1.0,1057.0,566.0,544.0,572.0,569.0,569.0,381.0,163.0,399.0,167.0
1.0,1063.0,554.0,545.0,569.0,557.0,557.0,381.0,164.0,389.0,165.0
1.0,1078.0,570.0,546.0,557.0,573.0,573.0,382.0,164.0,405.0,165.0
1.0,1065.0,555.0,546.0,573.0,555.0,555.0,382.0,164.0,391.0,164.0
1.0,1083.0,561.0,546.0,555.0,561.0,561.0,382.0,164.0,390.0,171.0
1.0,1077.0,560.0,547.0,561.0,563.0,563.0,383.0,164.0,392.0,168.0
1.0,1078.0,559.0,549.0,563.0,565.0,565.0,384.0,165.0,394.0,165.0
1.0,1082.0,551.0,549.0,565.0,551.0,551.0,384.0,165.0,387.0,164.0
1.0,1096.0,540.0,549.0,551.0,540.0,540.0,384.0,165.0,375.0,165.0
1.0,1107.0,548.0,549.0,540.0,548.0,548.0,384.0,165.0,384.0,164.0
1.0,1099.0,551.0,550.0,548.0,554.0,554.0,385.0,165.0,383.0,168.0
1.0,1096.0,544.0,550.0,554.0,544.0,544.0,385.0,165.0,383.0,161.0
1.0,1106.0,551.0,550.0,544.0,551.0,551.0,385.0,165.0,389.0,162.0
1.0,1099.0,548.0,550.0,551.0,548.0,548.0,385.0,165.0,384.0,164.0
1.0,1102.0,546.0,552.0,548.0,552.0,552.0,386.0,166.0,382.0,164.0
1.0,1104.0,545.0,552.0,552.0,545.0,545.0,386.0,166.0,378.0,167.0
1.0,1111.0,556.0,552.0,545.0,556.0,556.0,386.0,166.0,391.0,165.0
1.0,1100.0,550.0,553.0,556.0,553.0,553.0,387.0,166.0,385.0,165.0
1.0,1106.0,562.0,553.0,553.0,562.0,562.0,387.0,166.0,391.0,171.0
1.0,1097.0,561.0,554.0,562.0,564.0,564.0,388.0,166.0,394.0,167.0
1.0,1098.0,565.0,555.0,564.0,568.0,568.0,388.0,167.0,398.0,167.0
1.0,1097.0,559.0,556.0,568.0,562.0,562.0,389.0,167.0,393.0,166.0
1.0,1106.0,565.0,556.0,562.0,565.0,565.0,389.0,167.0,394.0,171.0
1.0,1103.0,560.0,557.0,565.0,563.0,563.0,390.0,167.0,393.0,167.0
1.0,1108.0,569.0,557.0,563.0,569.0,569.0,390.0,167.0,396.0,173.0
1.0,1102.0,568.0,558.0,569.0,571.0,571.0,391.0,167.0,398.0,170.0
1.0,1103.0,582.0,559.0,571.0,585.0,585.0,391.0,168.0,414.0,168.0
1.0,1092.0,581.0,560.0,585.0,584.0,584.0,392.0,168.0,408.0,173.0
1.0,1096.0,579.0,561.0,584.0,582.0,582.0,393.0,168.0,407.0,172.0
1.0,1101.0,587.0,561.0,582.0,587.0,587.0,393.0,168.0,412.0,175.0
1.0,1096.0,590.0,562.0,587.0,593.0,593.0,394.0,168.0,416.0,174.0
1.0,1093.0,597.0,563.0,593.0,600.0,600.0,395.0,168.0,417.0,180.0
1.0,1089.0,593.0,564.0,600.0,596.0,596.0,395.0,169.0,415.0,178.0
1.0,1096.0,594.0,565.0,596.0,597.0,597.0,396.0,169.0,418.0,176.0
1.0,1098.0,611.0,566.0,597.0,614.0,614.0,397.0,169.0,432.0,179.0
1.0,1084.0,585.0,566.0,614.0,585.0,585.0,397.0,169.0,405.0,180.0
1.0,1113.0,599.0,567.0,585.0,602.0,602.0,398.0,169.0,419.0,180.0
1.0,1099.0,601.0,568.0,602.0,604.0,604.0,398.0,170.0,420.0,181.0
1.0,1100.0,600.0,569.0,604.0,603.0,603.0,399.0,170.0,418.0,182.0
1.0,1104.0,601.0,569.0,603.0,601.0,601.0,399.0,170.0,419.0,182.0
1.0,1106.0,604.0,569.0,601.0,604.0,604.0,399.0,170.0,418.0,186.0
1.0,1103.0,612.0,571.0,604.0,618.0,618.0,400.0,171.0,431.0,181.0
1.0,1095.0,602.0,571.0,618.0,602.0,602.0,400.0,171.0,419.0,183.0
1.0,1111.0,598.0,572.0,602.0,601.0,601.0,401.0,171.0,418.0,180.0
1.0,1115.0,601.0,572.0,601.0,601.0,601.0,401.0,171.0,418.0,183.0
1.0,1115.0,600.0,572.0,601.0,600.0,600.0,401.0,171.0,418.0,182.0
1.0,1116.0,598.0,574.0,600.0,604.0,604.0,402.0,172.0,417.0,181.0
1.0,1118.0,601.0,574.0,604.0,601.0,601.0,402.0,172.0,419.0,182.0
1.0,1121.0,606.0,575.0,601.0,609.0,609.0,403.0,172.0,420.0,186.0
1.0,1116.0,594.0,575.0,609.0,594.0,594.0,403.0,172.0,413.0,181.0
1.0,1131.0,597.0,576.0,594.0,600.0,600.0,403.0,173.0,420.0,177.0
1.0,1128.0,583.0,576.0,600.0,583.0,583.0,403.0,173.0,406.0,177.0
1.0,1145.0,594.0,577.0,583.0,597.0,597.0,404.0,173.0,417.0,177.0
1.0,1134.0,600.0,577.0,597.0,600.0,600.0,404.0,173.0,418.0,182.0
1.0,1131.0,595.0,578.0,600.0,598.0,598.0,404.0,174.0,415.0,180.0
1.0,1136.0,597.0,579.0,598.0,600.0,600.0,405.0,174.0,416.0,181.0
1.0,1137.0,591.0,579.0,600.0,591.0,591.0,405.0,174.0,411.0,180.0
1.0,1146.0,578.0,580.0,591.0,581.0,581.0,406.0,174.0,402.0,176.0
1.0,1159.0,592.0,581.0,581.0,595.0,595.0,406.0,175.0,413.0,179.0
1.0,1148.0,590.0,581.0,595.0,590.0,590.0,406.0,175.0,412.0,178.0
1.0,1153.0,587.0,582.0,590.0,590.0,590.0,407.0,175.0,413.0,174.0
1.0,1156.0,596.0,583.0,590.0,599.0,599.0,408.0,175.0,416.0,180.0
1.0,1150.0,592.0,583.0,599.0,592.0,592.0,408.0,175.0,416.0,176.0
1.0,1157.0,593.0,585.0,592.0,599.0,599.0,409.0,176.0,420.0,173.0
1.0,1156.0,589.0,586.0,599.0,592.0,592.0,410.0,176.0,413.0,176.0
1.0,1166.0,599.0,586.0,592.0,599.0,599.0,410.0,176.0,421.0,178.0
1.0,1159.0,591.0,587.0,599.0,594.0,594.0,411.0,176.0,417.0,174.0
1.0,1167.0,595.0,589.0,594.0,601.0,601.0,412.0,177.0,419.0,176.0
1.0,1166.0,589.0,589.0,601.0,589.0,589.0,412.0,177.0,415.0,174.0
1.0,1178.0,603.0,590.0,589.0,606.0,606.0,413.0,177.0,424.0,179.0
1.0,1164.0,599.0,590.0,606.0,599.0,599.0,413.0,177.0,420.0,179.0
1.0,1171.0,585.0,591.0,599.0,588.0,588.0,414.0,177.0,414.0,171.0
1.0,1185.0,608.0,591.0,588.0,608.0,608.0,414.0,177.0,429.0,179.0
1.0,1165.0,591.0,593.0,608.0,597.0,597.0,415.0,178.0,416.0,175.0
1.0,1182.0,598.0,593.0,597.0,598.0,598.0,415.0,178.0,420.0,178.0
1.0,1181.0,601.0,594.0,598.0,604.0,604.0,416.0,178.0,422.0,179.0
1.0,1178.0,600.0,594.0,604.0,600.0,600.0,416.0,178.0,418.0,182.0
1.0,1182.0,602.0,595.0,600.0,605.0,605.0,417.0,178.0,419.0,183.0
1.0,1180.0,595.0,596.0,605.0,598.0,598.0,417.0,179.0,415.0,180.0
1.0,1190.0,598.0,596.0,598.0,598.0,598.0,417.0,179.0,419.0,179.0
1.0,1190.0,607.0,596.0,598.0,607.0,607.0,417.0,179.0,425.0,182.0
1.0,1181.0,607.0,597.0,607.0,610.0,610.0,418.0,179.0,425.0,182.0
1.0,1181.0,623.0,597.0,610.0,623.0,623.0,418.0,179.0,435.0,188.0
1.0,1168.0,619.0,597.0,623.0,619.0,619.0,418.0,179.0,436.0,183.0
1.0,1172.0,613.0,599.0,619.0,619.0,619.0,419.0,180.0,430.0,183.0
1.0,1178.0,620.0,599.0,619.0,620.0,620.0,419.0,180.0,435.0,185.0
1.0,1177.0,607.0,599.0,620.0,607.0,607.0,419.0,180.0,426.0,181.0
1.0,1190.0,622.0,599.0,607.0,622.0,622.0,419.0,180.0,431.0,191.0
1.0,1175.0,625.0,600.0,622.0,628.0,628.0,420.0,180.0,435.0,190.0
1.0,1172.0,630.0,600.0,628.0,630.0,630.0,420.0,180.0,443.0,187.0
1.0,1170.0,628.0,601.0,630.0,631.0,631.0,421.0,180.0,440.0,188.0
1.0,1172.0,631.0,602.0,631.0,634.0,634.0,421.0,181.0,441.0,190.0
1.0,1172.0,627.0,602.0,634.0,627.0,627.0,421.0,181.0,439.0,188.0
1.0,1179.0,629.0,602.0,627.0,629.0,629.0,421.0,181.0,437.0,192.0
1.0,1177.0,629.0,603.0,629.0,632.0,632.0,422.0,181.0,439.0,190.0
1.0,1177.0,635.0,603.0,632.0,635.0,635.0,422.0,181.0,439.0,196.0
1.0,1174.0,637.0,604.0,635.0,640.0,640.0,423.0,181.0,447.0,190.0
1.0,1172.0,641.0,605.0,640.0,644.0,644.0,423.0,182.0,446.0,195.0
1.0,1171.0,637.0,606.0,644.0,640.0,640.0,424.0,182.0,447.0,190.0
1.0,1178.0,636.0,606.0,640.0,636.0,636.0,424.0,182.0,447.0,189.0
1.0,1182.0,648.0,607.0,636.0,651.0,651.0,425.0,182.0,457.0,191.0
1.0,1170.0,640.0,608.0,651.0,643.0,643.0,426.0,182.0,447.0,193.0
1.0,1181.0,637.0,608.0,643.0,637.0,637.0,426.0,182.0,447.0,190.0
1.0,1187.0,640.0,610.0,637.0,646.0,646.0,427.0,183.0,448.0,192.0
1.0,1184.0,627.0,611.0,646.0,630.0,630.0,428.0,183.0,436.0,191.0
1.0,1203.0,641.0,611.0,630.0,641.0,641.0,428.0,183.0,450.0,191.0
1.0,1192.0,634.0,612.0,641.0,637.0,637.0,429.0,183.0,445.0,189.0
1.0,1199.0,639.0,613.0,637.0,642.0,642.0,429.0,184.0,447.0,192.0
1.0,1197.0,626.0,614.0,642.0,629.0,629.0,430.0,184.0,438.0,188.0
1.0,1213.0,629.0,615.0,629.0,632.0,632.0,431.0,184.0,440.0,189.0
1.0,1213.0,629.0,615.0,632.0,629.0,629.0,431.0,184.0,436.0,193.0
1.0,1216.0,630.0,617.0,629.0,636.0,636.0,432.0,185.0,439.0,191.0
1.0,1215.0,644.0,617.0,636.0,644.0,644.0,432.0,185.0,453.0,191.0
1.0,1207.0,631.0,618.0,644.0,634.0,634.0,433.0,185.0,438.0,193.0
1.0,1220.0,635.0,618.0,634.0,635.0,635.0,433.0,185.0,447.0,188.0
1.0,1219.0,618.0,620.0,635.0,624.0,624.0,434.0,186.0,431.0,187.0
1.0,1236.0,624.0,620.0,624.0,624.0,624.0,434.0,186.0,437.0,187.0
1.0,1236.0,632.0,620.0,624.0,632.0,632.0,434.0,186.0,438.0,194.0
1.0,1228.0,625.0,621.0,632.0,628.0,628.0,435.0,186.0,438.0,187.0
1.0,1235.0,617.0,622.0,628.0,620.0,620.0,435.0,187.0,428.0,189.0
1.0,1246.0,621.0,622.0,620.0,621.0,621.0,435.0,187.0,431.0,190.0
1.0,1245.0,630.0,622.0,621.0,630.0,630.0,435.0,187.0,438.0,192.0
1.0,1236.0,635.0,623.0,630.0,638.0,638.0,436.0,187.0,445.0,190.0
1.0,1231.0,621.0,624.0,638.0,624.0,624.0,436.0,188.0,432.0,189.0
1.0,1248.0,622.0,624.0,624.0,622.0,622.0,436.0,188.0,433.0,189.0
1.0,1250.0,623.0,625.0,622.0,626.0,626.0,437.0,188.0,432.0,191.0
1.0,1249.0,630.0,625.0,626.0,630.0,630.0,437.0,188.0,442.0,188.0
1.0,1245.0,628.0,626.0,630.0,631.0,631.0,437.0,189.0,438.0,190.0
1.0,1247.0,643.0,627.0,631.0,646.0,646.0,438.0,189.0,454.0,189.0
1.0,1235.0,640.0,628.0,646.0,643.0,643.0,439.0,189.0,452.0,188.0
1.0,1241.0,649.0,628.0,643.0,649.0,649.0,439.0,189.0,452.0,197.0
1.0,1235.0,650.0,629.0,649.0,653.0,653.0,440.0,189.0,459.0,191.0
1.0,1234.0,649.0,631.0,653.0,655.0,655.0,441.0,190.0,456.0,193.0
1.0,1238.0,648.0,631.0,655.0,648.0,648.0,441.0,190.0,458.0,190.0
1.0,1245.0,657.0,632.0,648.0,660.0,660.0,442.0,190.0,463.0,194.0
1.0,1236.0,661.0,632.0,660.0,661.0,661.0,442.0,190.0,462.0,199.0
1.0,1235.0,656.0,633.0,661.0,659.0,659.0,443.0,190.0,464.0,192.0
1.0,1240.0,653.0,635.0,659.0,659.0,659.0,444.0,191.0,460.0,193.0
1.0,1246.0,661.0,635.0,659.0,661.0,661.0,444.0,191.0,466.0,195.0
1.0,1244.0,669.0,636.0,661.0,672.0,672.0,445.0,191.0,470.0,199.0
1.0,1236.0,673.0,637.0,672.0,676.0,676.0,446.0,191.0,473.0,200.0
1.0,1235.0,663.0,637.0,676.0,663.0,663.0,446.0,191.0,468.0,195.0
1.0,1248.0,663.0,638.0,663.0,666.0,666.0,447.0,191.0,468.0,195.0
1.0,1248.0,675.0,640.0,666.0,681.0,681.0,448.0,192.0,478.0,197.0
1.0,1239.0,667.0,640.0,681.0,667.0,667.0,448.0,192.0,470.0,197.0
1.0,1253.0,671.0,641.0,667.0,674.0,674.0,449.0,192.0,474.0,197.0
1.0,1249.0,665.0,641.0,674.0,665.0,665.0,449.0,192.0,468.0,197.0
1.0,1258.0,665.0,642.0,665.0,668.0,668.0,450.0,192.0,467.0,198.0
1.0,1258.0,670.0,642.0,668.0,670.0,670.0,450.0,192.0,470.0,200.0
1.0,1256.0,673.0,643.0,670.0,676.0,676.0,451.0,192.0,474.0,199.0
1.0,1253.0,668.0,643.0,676.0,668.0,668.0,451.0,192.0,470.0,198.0
1.0,1261.0,658.0,645.0,668.0,664.0,664.0,452.0,193.0,460.0,198.0
1.0,1271.0,660.0,645.0,664.0,660.0,660.0,452.0,193.0,459.0,201.0
1.0,1275.0,674.0,645.0,660.0,674.0,674.0,452.0,193.0,475.0,199.0
1.0,1261.0,668.0,646.0,674.0,671.0,671.0,453.0,193.0,465.0,203.0
1.0,1267.0,658.0,646.0,671.0,658.0,658.0,453.0,193.0,460.0,198.0
1.0,1280.0,665.0,646.0,658.0,665.0,665.0,453.0,193.0,468.0,197.0
1.0,1273.0,651.0,647.0,665.0,654.0,654.0,454.0,193.0,457.0,194.0
1.0,1287.0,658.0,648.0,654.0,661.0,661.0,454.0,194.0,461.0,197.0
1.0,1283.0,657.0,648.0,661.0,657.0,657.0,454.0,194.0,459.0,198.0
1.0,1287.0,658.0,649.0,657.0,661.0,661.0,455.0,194.0,459.0,199.0
1.0,1286.0,655.0,649.0,661.0,655.0,655.0,455.0,194.0,453.0,202.0
1.0,1292.0,660.0,649.0,655.0,660.0,660.0,455.0,194.0,463.0,197.0
1.0,1287.0,660.0,650.0,660.0,663.0,663.0,456.0,194.0,463.0,197.0
1.0,1287.0,656.0,651.0,663.0,659.0,659.0,456.0,195.0,457.0,199.0
1.0,1294.0,663.0,651.0,659.0,663.0,663.0,456.0,195.0,464.0,199.0
1.0,1290.0,651.0,651.0,663.0,651.0,651.0,456.0,195.0,456.0,195.0
1.0,1302.0,656.0,652.0,651.0,659.0,659.0,457.0,195.0,462.0,194.0
1.0,1297.0,662.0,653.0,659.0,665.0,665.0,458.0,195.0,461.0,201.0
1.0,1294.0,669.0,653.0,665.0,669.0,669.0,458.0,195.0,468.0,201.0
1.0,1290.0,664.0,655.0,669.0,670.0,670.0,459.0,196.0,463.0,201.0
1.0,1295.0,663.0,655.0,670.0,663.0,663.0,459.0,196.0,464.0,199.0
1.0,1302.0,660.0,656.0,663.0,663.0,663.0,460.0,196.0,460.0,200.0
1.0,1305.0,667.0,656.0,663.0,667.0,667.0,460.0,196.0,468.0,199.0
1.0,1301.0,668.0,657.0,667.0,671.0,671.0,461.0,196.0,462.0,206.0
1.0,1300.0,676.0,659.0,671.0,682.0,682.0,462.0,197.0,475.0,201.0
1.0,1295.0,665.0,659.0,682.0,665.0,665.0,462.0,197.0,464.0,201.0
1.0,1312.0,678.0,660.0,665.0,681.0,681.0,463.0,197.0,472.0,206.0
1.0,1299.0,679.0,662.0,681.0,685.0,685.0,464.0,198.0,474.0,205.0
1.0,1301.0,677.0,662.0,685.0,677.0,677.0,464.0,198.0,474.0,203.0
1.0,1309.0,676.0,663.0,677.0,679.0,679.0,465.0,198.0,474.0,202.0
1.0,1310.0,688.0,663.0,679.0,688.0,688.0,465.0,198.0,480.0,208.0
1.0,1301.0,679.0,664.0,688.0,682.0,682.0,466.0,198.0,477.0,202.0
1.0,1310.0,678.0,665.0,682.0,681.0,681.0,466.0,199.0,470.0,208.0
1.0,1314.0,688.0,665.0,681.0,688.0,688.0,466.0,199.0,485.0,203.0
1.0,1307.0,685.0,666.0,688.0,688.0,688.0,467.0,199.0,473.0,212.0
1.0,1310.0,691.0,667.0,688.0,694.0,694.0,467.0,200.0,481.0,210.0
1.0,1307.0,691.0,667.0,694.0,691.0,691.0,467.0,200.0,482.0,209.0
1.0,1310.0,690.0,668.0,691.0,693.0,693.0,468.0,200.0,480.0,210.0
1.0,1311.0,687.0,669.0,693.0,690.0,690.0,468.0,201.0,480.0,207.0
1.0,1317.0,684.0,669.0,690.0,684.0,684.0,468.0,201.0,478.0,206.0
1.0,1323.0,688.0,670.0,684.0,691.0,691.0,469.0,201.0,480.0,208.0
1.0,1319.0,705.0,670.0,691.0,705.0,705.0,469.0,201.0,492.0,213.0
1.0,1305.0,687.0,670.0,705.0,687.0,687.0,469.0,201.0,478.0,209.0
1.0,1323.0,699.0,672.0,687.0,705.0,705.0,470.0,202.0,489.0,210.0
1.0,1311.0,689.0,672.0,705.0,689.0,689.0,470.0,202.0,479.0,210.0
1.0,1327.0,697.0,672.0,689.0,697.0,697.0,470.0,202.0,486.0,211.0
1.0,1319.0,692.0,672.0,697.0,692.0,692.0,470.0,202.0,489.0,203.0
1.0,1324.0,696.0,673.0,692.0,699.0,699.0,470.0,203.0,484.0,212.0
1.0,1320.0,700.0,674.0,699.0,703.0,703.0,471.0,203.0,491.0,209.0
1.0,1319.0,695.0,674.0,703.0,695.0,695.0,471.0,203.0,487.0,208.0
1.0,1327.0,697.0,674.0,695.0,697.0,697.0,471.0,203.0,485.0,212.0
1.0,1325.0,710.0,676.0,697.0,716.0,716.0,472.0,204.0,500.0,210.0
1.0,1312.0,700.0,677.0,716.0,703.0,703.0,473.0,204.0,490.0,210.0
1.0,1328.0,712.0,677.0,703.0,712.0,712.0,473.0,204.0,501.0,211.0
1.0,1319.0,696.0,678.0,712.0,699.0,699.0,474.0,204.0,482.0,214.0
1.0,1335.0,709.0,678.0,699.0,709.0,709.0,474.0,204.0,500.0,209.0
1.0,1325.0,702.0,679.0,709.0,705.0,705.0,475.0,204.0,495.0,207.0
1.0,1332.0,697.0,680.0,705.0,700.0,700.0,475.0,205.0,491.0,206.0
1.0,1340.0,704.0,681.0,700.0,707.0,707.0,476.0,205.0,500.0,204.0
1.0,1336.0,706.0,682.0,707.0,709.0,709.0,477.0,205.0,499.0,207.0
1.0,1337.0,707.0,683.0,709.0,710.0,710.0,478.0,205.0,497.0,210.0
1.0,1339.0,703.0,683.0,710.0,703.0,703.0,478.0,205.0,498.0,205.0
1.0,1346.0,701.0,685.0,703.0,707.0,707.0,479.0,206.0,493.0,208.0
1.0,1348.0,697.0,686.0,707.0,700.0,700.0,480.0,206.0,488.0,209.0
1.0,1358.0,698.0,686.0,700.0,698.0,698.0,480.0,206.0,490.0,208.0
1.0,1360.0,691.0,687.0,698.0,694.0,694.0,481.0,206.0,484.0,207.0
1.0,1367.0,707.0,687.0,694.0,707.0,707.0,481.0,206.0,496.0,211.0
1.0,1354.0,700.0,689.0,707.0,706.0,706.0,482.0,207.0,494.0,206.0
1.0,1361.0,696.0,690.0,706.0,699.0,699.0,483.0,207.0,488.0,208.0
1.0,1371.0,692.0,690.0,699.0,692.0,692.0,483.0,207.0,487.0,205.0
1.0,1378.0,689.0,690.0,692.0,689.0,689.0,483.0,207.0,482.0,207.0
1.0,1381.0,694.0,691.0,689.0,697.0,697.0,484.0,207.0,483.0,211.0
1.0,1376.0,692.0,691.0,697.0,692.0,692.0,484.0,207.0,487.0,205.0
1.0,1381.0,694.0,692.0,692.0,697.0,697.0,485.0,207.0,487.0,207.0
1.0,1379.0,696.0,693.0,697.0,699.0,699.0,485.0,208.0,490.0,206.0
1.0,1380.0,686.0,693.0,699.0,686.0,686.0,485.0,208.0,477.0,209.0
1.0,1393.0,693.0,694.0,686.0,696.0,696.0,486.0,208.0,485.0,208.0
1.0,1386.0,698.0,694.0,696.0,698.0,698.0,486.0,208.0,489.0,209.0
1.0,1384.0,698.0,694.0,698.0,698.0,698.0,486.0,208.0,488.0,210.0
1.0,1384.0,699.0,694.0,698.0,699.0,699.0,486.0,208.0,483.0,216.0
1.0,1383.0,706.0,695.0,699.0,709.0,709.0,487.0,208.0,493.0,213.0
1.0,1376.0,700.0,696.0,709.0,703.0,703.0,487.0,209.0,488.0,212.0
1.0,1385.0,707.0,696.0,703.0,707.0,707.0,487.0,209.0,494.0,213.0
1.0,1381.0,711.0,697.0,707.0,714.0,714.0,488.0,209.0,495.0,216.0
1.0,1377.0,721.0,697.0,714.0,721.0,721.0,488.0,209.0,501.0,220.0
1.0,1370.0,718.0,698.0,721.0,721.0,721.0,489.0,209.0,504.0,214.0
1.0,1373.0,719.0,698.0,721.0,719.0,719.0,489.0,209.0,504.0,215.0
1.0,1375.0,718.0,700.0,719.0,724.0,724.0,490.0,210.0,504.0,214.0
1.0,1376.0,731.0,700.0,724.0,731.0,731.0,490.0,210.0,511.0,220.0
1.0,1369.0,722.0,701.0,731.0,725.0,725.0,491.0,210.0,502.0,220.0
1.0,1378.0,730.0,701.0,725.0,730.0,730.0,491.0,210.0,509.0,221.0
1.0,1373.0,733.0,702.0,730.0,736.0,736.0,492.0,210.0,513.0,220.0
1.0,1370.0,728.0,704.0,736.0,734.0,734.0,493.0,211.0,510.0,218.0
1.0,1378.0,748.0,704.0,734.0,748.0,748.0,493.0,211.0,524.0,224.0
1.0,1364.0,740.0,705.0,748.0,743.0,743.0,494.0,211.0,515.0,225.0
1.0,1372.0,735.0,705.0,743.0,735.0,735.0,494.0,211.0,514.0,221.0
1.0,1380.0,738.0,707.0,735.0,744.0,744.0,495.0,212.0,514.0,224.0
1.0,1377.0,749.0,708.0,744.0,752.0,752.0,496.0,212.0,531.0,218.0
1.0,1372.0,748.0,709.0,752.0,751.0,751.0,497.0,212.0,522.0,226.0
1.0,1376.0,750.0,709.0,751.0,750.0,750.0,497.0,212.0,527.0,223.0
1.0,1377.0,743.0,711.0,750.0,749.0,749.0,498.0,213.0,523.0,220.0
1.0,1384.0,755.0,712.0,749.0,758.0,758.0,499.0,213.0,531.0,224.0
1.0,1378.0,748.0,713.0,758.0,751.0,751.0,500.0,213.0,522.0,226.0
1.0,1388.0,728.0,713.0,751.0,728.0,728.0,500.0,213.0,508.0,220.0
1.0,1411.0,737.0,714.0,728.0,740.0,740.0,500.0,214.0,515.0,222.0
1.0,1402.0,740.0,714.0,740.0,740.0,740.0,500.0,214.0,516.0,224.0
1.0,1402.0,737.0,715.0,740.0,740.0,740.0,501.0,214.0,513.0,224.0
1.0,1405.0,742.0,715.0,740.0,742.0,742.0,501.0,214.0,521.0,221.0
1.0,1403.0,730.0,717.0,742.0,736.0,736.0,502.0,215.0,512.0,218.0
1.0,1415.0,743.0,717.0,736.0,743.0,743.0,502.0,215.0,524.0,219.0
1.0,1408.0,724.0,718.0,743.0,727.0,727.0,503.0,215.0,508.0,216.0
1.0,1427.0,734.0,718.0,727.0,734.0,734.0,503.0,215.0,512.0,222.0
1.0,1420.0,723.0,719.0,734.0,726.0,726.0,503.0,216.0,502.0,221.0
1.0,1431.0,733.0,719.0,726.0,733.0,733.0,503.0,216.0,515.0,218.0
1.0,1424.0,717.0,719.0,733.0,717.0,717.0,503.0,216.0,499.0,218.0
1.0,1440.0,727.0,720.0,717.0,730.0,730.0,504.0,216.0,506.0,221.0
1.0,1430.0,725.0,720.0,730.0,725.0,725.0,504.0,216.0,508.0,217.0
1.0,1435.0,713.0,721.0,725.0,716.0,716.0,504.0,217.0,499.0,214.0
1.0,1447.0,719.0,721.0,716.0,719.0,719.0,504.0,217.0,501.0,218.0
1.0,1444.0,723.0,722.0,719.0,726.0,726.0,505.0,217.0,507.0,216.0
1.0,1440.0,722.0,722.0,726.0,722.0,722.0,505.0,217.0,505.0,217.0
1.0,1444.0,728.0,722.0,722.0,728.0,728.0,505.0,217.0,508.0,220.0
1.0,1438.0,726.0,724.0,728.0,732.0,732.0,506.0,218.0,507.0,219.0
1.0,1440.0,722.0,724.0,732.0,722.0,722.0,506.0,218.0,508.0,214.0
1.0,1450.0,721.0,725.0,722.0,724.0,724.0,507.0,218.0,506.0,215.0
1.0,1451.0,731.0,725.0,724.0,731.0,731.0,507.0,218.0,516.0,215.0
1.0,1444.0,727.0,726.0,731.0,730.0,730.0,508.0,218.0,509.0,218.0
1.0,1448.0,724.0,726.0,730.0,724.0,724.0,508.0,218.0,510.0,214.0
1.0,1454.0,738.0,728.0,724.0,744.0,744.0,509.0,219.0,518.0,220.0
1.0,1440.0,739.0,729.0,744.0,742.0,742.0,510.0,219.0,520.0,219.0
1.0,1445.0,736.0,729.0,742.0,736.0,736.0,510.0,219.0,518.0,218.0
1.0,1451.0,739.0,730.0,736.0,742.0,742.0,511.0,219.0,519.0,220.0
1.0,1448.0,747.0,730.0,742.0,747.0,747.0,511.0,219.0,522.0,225.0
1.0,1443.0,755.0,731.0,747.0,758.0,758.0,512.0,219.0,530.0,225.0
1.0,1435.0,741.0,733.0,758.0,747.0,747.0,513.0,220.0,521.0,220.0
1.0,1452.0,746.0,733.0,747.0,746.0,746.0,513.0,220.0,525.0,221.0
1.0,1453.0,747.0,734.0,746.0,750.0,750.0,514.0,220.0,524.0,223.0
1.0,1452.0,758.0,734.0,750.0,758.0,758.0,514.0,220.0,535.0,223.0
1.0,1444.0,752.0,735.0,758.0,755.0,755.0,515.0,220.0,529.0,223.0
1.0,1450.0,766.0,735.0,755.0,766.0,766.0,515.0,220.0,538.0,228.0
1.0,1439.0,755.0,736.0,766.0,758.0,758.0,516.0,220.0,531.0,224.0
1.0,1450.0,762.0,737.0,758.0,765.0,765.0,516.0,221.0,535.0,227.0
1.0,1446.0,756.0,738.0,765.0,759.0,759.0,517.0,221.0,529.0,227.0
1.0,1455.0,766.0,738.0,759.0,766.0,766.0,517.0,221.0,536.0,230.0
1.0,1448.0,757.0,739.0,766.0,760.0,760.0,518.0,221.0,527.0,230.0
1.0,1457.0,771.0,739.0,760.0,771.0,771.0,518.0,221.0,535.0,236.0
1.0,1446.0,765.0,739.0,771.0,765.0,765.0,518.0,221.0,533.0,232.0
1.0,1452.0,764.0,741.0,765.0,770.0,770.0,519.0,222.0,535.0,229.0
1.0,1453.0,771.0,741.0,770.0,771.0,771.0,519.0,222.0,539.0,232.0
1.0,1452.0,770.0,741.0,771.0,770.0,770.0,519.0,222.0,538.0,232.0
1.0,1453.0,771.0,741.0,770.0,771.0,771.0,519.0,222.0,535.0,236.0
1.0,1452.0,765.0,742.0,771.0,768.0,768.0,520.0,222.0,533.0,232.0
1.0,1458.0,779.0,743.0,768.0,782.0,782.0,520.0,223.0,548.0,231.0
1.0,1447.0,777.0,743.0,782.0,777.0,777.0,520.0,223.0,542.0,235.0
1.0,1452.0,767.0,744.0,777.0,770.0,770.0,521.0,223.0,537.0,230.0
1.0,1462.0,768.0,744.0,770.0,768.0,768.0,521.0,223.0,534.0,234.0
1.0,1464.0,771.0,744.0,768.0,771.0,771.0,521.0,223.0,538.0,233.0
1.0,1461.0,765.0,745.0,771.0,768.0,768.0,522.0,223.0,535.0,230.0
1.0,1467.0,772.0,746.0,768.0,775.0,775.0,522.0,224.0,540.0,232.0
1.0,1463.0,767.0,747.0,775.0,770.0,770.0,523.0,224.0,535.0,232.0
1.0,1471.0,775.0,747.0,770.0,775.0,775.0,523.0,224.0,539.0,236.0
1.0,1466.0,778.0,748.0,775.0,781.0,781.0,524.0,224.0,545.0,233.0
1.0,1463.0,780.0,749.0,781.0,783.0,783.0,524.0,225.0,546.0,234.0
1.0,1464.0,774.0,750.0,783.0,777.0,777.0,525.0,225.0,542.0,232.0
1.0,1473.0,770.0,751.0,777.0,773.0,773.0,526.0,225.0,536.0,234.0
1.0,1480.0,767.0,752.0,773.0,770.0,770.0,526.0,226.0,535.0,232.0
1.0,1486.0,771.0,753.0,770.0,774.0,774.0,527.0,226.0,542.0,229.0
1.0,1485.0,771.0,753.0,774.0,771.0,771.0,527.0,226.0,540.0,231.0
1.0,1488.0,771.0,754.0,771.0,774.0,774.0,528.0,226.0,541.0,230.0
1.0,1488.0,761.0,755.0,774.0,764.0,764.0,529.0,226.0,529.0,232.0
1.0,1501.0,767.0,756.0,764.0,770.0,770.0,529.0,227.0,536.0,231.0
1.0,1498.0,758.0,757.0,770.0,761.0,761.0,530.0,227.0,529.0,229.0
1.0,1510.0,776.0,757.0,761.0,776.0,776.0,530.0,227.0,541.0,235.0
1.0,1495.0,766.0,759.0,776.0,772.0,772.0,531.0,228.0,537.0,229.0
1.0,1505.0,762.0,759.0,772.0,762.0,762.0,531.0,228.0,532.0,230.0
1.0,1515.0,777.0,760.0,762.0,780.0,780.0,532.0,228.0,540.0,237.0
1.0,1500.0,763.0,761.0,780.0,766.0,766.0,533.0,228.0,533.0,230.0
1.0,1517.0,754.0,762.0,766.0,757.0,757.0,533.0,229.0,526.0,228.0
1.0,1529.0,775.0,762.0,757.0,775.0,775.0,533.0,229.0,542.0,233.0
1.0,1511.0,780.0,763.0,775.0,783.0,783.0,534.0,229.0,548.0,232.0
1.0,1506.0,764.0,764.0,783.0,767.0,767.0,534.0,230.0,534.0,230.0
1.0,1525.0,775.0,765.0,767.0,778.0,778.0,535.0,230.0,540.0,235.0
1.0,1517.0,768.0,765.0,778.0,768.0,768.0,535.0,230.0,541.0,227.0
1.0,1527.0,766.0,766.0,768.0,769.0,769.0,536.0,230.0,536.0,230.0
1.0,1529.0,783.0,766.0,769.0,783.0,783.0,536.0,230.0,551.0,232.0
1.0,1515.0,767.0,766.0,783.0,767.0,767.0,536.0,230.0,534.0,233.0
1.0,1531.0,771.0,768.0,767.0,777.0,777.0,537.0,231.0,543.0,228.0
1.0,1527.0,769.0,768.0,777.0,769.0,769.0,537.0,231.0,539.0,230.0
1.0,1535.0,774.0,768.0,769.0,774.0,774.0,537.0,231.0,538.0,236.0
1.0,1530.0,783.0,768.0,774.0,783.0,783.0,537.0,231.0,547.0,236.0
1.0,1521.0,777.0,770.0,783.0,783.0,783.0,538.0,232.0,541.0,236.0
1.0,1527.0,786.0,770.0,783.0,786.0,786.0,538.0,232.0,550.0,236.0
1.0,1524.0,781.0,770.0,786.0,781.0,781.0,538.0,232.0,547.0,234.0
1.0,1529.0,788.0,770.0,781.0,788.0,788.0,538.0,232.0,552.0,236.0
1.0,1522.0,795.0,771.0,788.0,798.0,798.0,539.0,232.0,553.0,242.0
1.0,1515.0,795.0,772.0,798.0,798.0,798.0,539.0,233.0,557.0,238.0
1.0,1518.0,795.0,773.0,798.0,798.0,798.0,540.0,233.0,555.0,240.0
1.0,1521.0,796.0,773.0,798.0,796.0,796.0,540.0,233.0,558.0,238.0
1.0,1523.0,800.0,774.0,796.0,803.0,803.0,541.0,233.0,562.0,238.0
1.0,1519.0,799.0,774.0,803.0,799.0,799.0,541.0,233.0,557.0,242.0
1.0,1523.0,799.0,775.0,799.0,802.0,802.0,542.0,233.0,557.0,242.0
1.0,1523.0,804.0,775.0,802.0,804.0,804.0,542.0,233.0,565.0,239.0
1.0,1521.0,795.0,777.0,804.0,801.0,801.0,543.0,234.0,555.0,240.0
1.0,1530.0,821.0,777.0,801.0,821.0,821.0,543.0,234.0,580.0,241.0
1.0,1510.0,817.0,778.0,821.0,820.0,820.0,544.0,234.0,575.0,242.0
1.0,1514.0,811.0,779.0,820.0,814.0,814.0,545.0,234.0,570.0,241.0
1.0,1523.0,823.0,779.0,814.0,823.0,823.0,545.0,234.0,579.0,244.0
1.0,1514.0,796.0,780.0,823.0,799.0,799.0,546.0,234.0,559.0,237.0
1.0,1541.0,818.0,782.0,799.0,824.0,824.0,547.0,235.0,575.0,243.0
1.0,1522.0,803.0,782.0,824.0,803.0,803.0,547.0,235.0,564.0,239.0
1.0,1543.0,811.0,783.0,803.0,814.0,814.0,548.0,235.0,569.0,242.0
1.0,1535.0,808.0,783.0,814.0,808.0,808.0,548.0,235.0,569.0,239.0
1.0,1541.0,803.0,784.0,808.0,806.0,806.0,549.0,235.0,559.0,244.0
1.0,1546.0,811.0,784.0,806.0,811.0,811.0,549.0,235.0,571.0,240.0
1.0,1541.0,809.0,785.0,811.0,812.0,812.0,550.0,235.0,568.0,241.0
1.0,1543.0,808.0,786.0,812.0,811.0,811.0,550.0,236.0,566.0,242.0
1.0,1547.0,803.0,787.0,811.0,806.0,806.0,551.0,236.0,562.0,241.0
1.0,1555.0,803.0,787.0,806.0,803.0,803.0,551.0,236.0,563.0,240.0
1.0,1558.0,795.0,787.0,803.0,795.0,795.0,551.0,236.0,552.0,243.0
1.0,1566.0,798.0,788.0,795.0,801.0,801.0,552.0,236.0,557.0,241.0
1.0,1563.0,803.0,789.0,801.0,806.0,806.0,552.0,237.0,562.0,241.0
1.0,1561.0,798.0,790.0,806.0,801.0,801.0,553.0,237.0,556.0,242.0
1.0,1569.0,805.0,790.0,801.0,805.0,805.0,553.0,237.0,564.0,241.0
1.0,1565.0,798.0,791.0,805.0,801.0,801.0,554.0,237.0,554.0,244.0
1.0,1572.0,789.0,791.0,801.0,789.0,789.0,554.0,237.0,549.0,240.0
1.0,1584.0,797.0,792.0,789.0,800.0,800.0,554.0,238.0,558.0,239.0
1.0,1576.0,799.0,793.0,800.0,802.0,802.0,555.0,238.0,556.0,243.0
1.0,1577.0,792.0,793.0,802.0,792.0,792.0,555.0,238.0,554.0,238.0
1.0,1587.0,802.0,793.0,792.0,802.0,802.0,555.0,238.0,557.0,245.0
1.0,1577.0,803.0,794.0,802.0,806.0,806.0,556.0,238.0,561.0,242.0
1.0,1576.0,796.0,795.0,806.0,799.0,799.0,556.0,239.0,553.0,243.0
1.0,1586.0,804.0,795.0,799.0,804.0,804.0,556.0,239.0,561.0,243.0
1.0,1581.0,811.0,796.0,804.0,814.0,814.0,557.0,239.0,566.0,245.0
1.0,1574.0,796.0,796.0,814.0,796.0,796.0,557.0,239.0,555.0,241.0
1.0,1592.0,805.0,798.0,796.0,811.0,811.0,558.0,240.0,562.0,243.0
1.0,1583.0,812.0,798.0,811.0,812.0,812.0,558.0,240.0,571.0,241.0
1.0,1582.0,811.0,799.0,812.0,814.0,814.0,559.0,240.0,567.0,244.0
1.0,1583.0,821.0,800.0,814.0,824.0,824.0,560.0,240.0,575.0,246.0
1.0,1576.0,819.0,801.0,824.0,822.0,822.0,560.0,241.0,572.0,247.0
1.0,1581.0,811.0,802.0,822.0,814.0,814.0,561.0,241.0,567.0,244.0
1.0,1592.0,824.0,802.0,814.0,824.0,824.0,561.0,241.0,578.0,246.0
1.0,1582.0,820.0,803.0,824.0,823.0,823.0,562.0,241.0,568.0,252.0
1.0,1586.0,829.0,805.0,823.0,835.0,835.0,563.0,242.0,583.0,246.0
1.0,1580.0,840.0,805.0,835.0,840.0,840.0,563.0,242.0,590.0,250.0
1.0,1575.0,837.0,806.0,840.0,840.0,840.0,564.0,242.0,587.0,250.0
1.0,1578.0,829.0,807.0,840.0,832.0,832.0,565.0,242.0,581.0,248.0
1.0,1589.0,833.0,807.0,832.0,833.0,833.0,565.0,242.0,585.0,248.0
1.0,1588.0,835.0,809.0,833.0,841.0,841.0,566.0,243.0,585.0,250.0
1.0,1586.0,847.0,810.0,841.0,850.0,850.0,567.0,243.0,598.0,249.0
1.0,1580.0,840.0,810.0,850.0,840.0,840.0,567.0,243.0,593.0,247.0
1.0,1590.0,838.0,811.0,840.0,841.0,841.0,568.0,243.0,587.0,251.0
1.0,1592.0,842.0,812.0,841.0,845.0,845.0,568.0,244.0,589.0,253.0
1.0,1591.0,837.0,813.0,845.0,840.0,840.0,569.0,244.0,588.0,249.0
1.0,1599.0,847.0,814.0,840.0,850.0,850.0,570.0,244.0,599.0,248.0
1.0,1592.0,842.0,814.0,850.0,842.0,842.0,570.0,244.0,586.0,256.0
1.0,1600.0,833.0,814.0,842.0,833.0,833.0,570.0,244.0,584.0,249.0
1.0,1609.0,835.0,815.0,833.0,838.0,838.0,571.0,244.0,584.0,251.0
1.0,1607.0,836.0,816.0,838.0,839.0,839.0,571.0,245.0,586.0,250.0
1.0,1609.0,840.0,816.0,839.0,840.0,840.0,571.0,245.0,590.0,250.0
1.0,1608.0,843.0,817.0,840.0,846.0,846.0,572.0,245.0,593.0,250.0
1.0,1605.0,839.0,817.0,846.0,839.0,839.0,572.0,245.0,587.0,252.0
1.0,1612.0,830.0,817.0,839.0,830.0,830.0,572.0,245.0,579.0,251.0
1.0,1621.0,828.0,818.0,830.0,831.0,831.0,572.0,246.0,577.0,251.0
1.0,1623.0,830.0,819.0,831.0,833.0,833.0,573.0,246.0,582.0,248.0
1.0,1624.0,832.0,819.0,833.0,832.0,832.0,573.0,246.0,586.0,246.0
1.0,1625.0,834.0,819.0,832.0,834.0,834.0,573.0,246.0,584.0,250.0
1.0,1623.0,832.0,820.0,834.0,835.0,835.0,574.0,246.0,579.0,253.0
1.0,1625.0,833.0,820.0,835.0,833.0,833.0,574.0,246.0,584.0,249.0
1.0,1627.0,824.0,820.0,833.0,824.0,824.0,574.0,246.0,577.0,247.0
1.0,1636.0,828.0,822.0,824.0,834.0,834.0,575.0,247.0,578.0,250.0
1.0,1632.0,834.0,822.0,834.0,834.0,834.0,575.0,247.0,585.0,249.0
1.0,1632.0,833.0,823.0,834.0,836.0,836.0,576.0,247.0,587.0,246.0
1.0,1633.0,828.0,823.0,836.0,828.0,828.0,576.0,247.0,580.0,248.0
1.0,1641.0,839.0,824.0,828.0,842.0,842.0,577.0,247.0,588.0,251.0
1.0,1630.0,834.0,824.0,842.0,834.0,834.0,577.0,247.0,586.0,248.0
1.0,1638.0,829.0,825.0,834.0,832.0,832.0,578.0,247.0,580.0,249.0
1.0,1643.0,841.0,826.0,832.0,844.0,844.0,578.0,248.0,591.0,250.0
1.0,1634.0,836.0,827.0,844.0,839.0,839.0,579.0,248.0,587.0,249.0
1.0,1642.0,833.0,828.0,839.0,836.0,836.0,580.0,248.0,586.0,247.0
1.0,1648.0,842.0,828.0,836.0,842.0,842.0,580.0,248.0,588.0,254.0
1.0,1642.0,834.0,829.0,842.0,837.0,837.0,581.0,248.0,586.0,248.0
1.0,1650.0,843.0,829.0,837.0,843.0,843.0,581.0,248.0,589.0,254.0
1.0,1644.0,844.0,831.0,843.0,850.0,850.0,582.0,249.0,593.0,251.0
1.0,1643.0,836.0,832.0,850.0,839.0,839.0,583.0,249.0,585.0,251.0
1.0,1657.0,849.0,832.0,839.0,849.0,849.0,583.0,249.0,598.0,251.0
1.0,1647.0,849.0,833.0,849.0,852.0,852.0,584.0,249.0,593.0,256.0
1.0,1647.0,848.0,834.0,852.0,851.0,851.0,585.0,249.0,596.0,252.0
1.0,1651.0,845.0,835.0,851.0,848.0,848.0,585.0,250.0,592.0,253.0
1.0,1657.0,846.0,836.0,848.0,849.0,849.0,586.0,250.0,595.0,251.0
1.0,1659.0,852.0,836.0,849.0,852.0,852.0,586.0,250.0,597.0,255.0
1.0,1656.0,857.0,836.0,852.0,857.0,857.0,586.0,250.0,599.0,258.0
1.0,1651.0,854.0,837.0,857.0,857.0,857.0,587.0,250.0,594.0,260.0
1.0,1654.0,854.0,838.0,857.0,857.0,857.0,587.0,251.0,599.0,255.0
1.0,1657.0,863.0,839.0,857.0,866.0,866.0,588.0,251.0,605.0,258.0
1.0,1651.0,863.0,839.0,866.0,863.0,863.0,588.0,251.0,603.0,260.0
1.0,1654.0,864.0,840.0,863.0,867.0,867.0,589.0,251.0,603.0,261.0
1.0,1653.0,860.0,840.0,867.0,860.0,860.0,589.0,251.0,600.0,260.0
1.0,1660.0,866.0,841.0,860.0,869.0,869.0,589.0,252.0,605.0,261.0
1.0,1654.0,863.0,842.0,869.0,866.0,866.0,590.0,252.0,599.0,264.0
1.0,1660.0,875.0,842.0,866.0,875.0,875.0,590.0,252.0,608.0,267.0
1.0,1651.0,866.0,842.0,875.0,866.0,866.0,590.0,252.0,605.0,261.0
1.0,1660.0,867.0,843.0,866.0,870.0,870.0,590.0,253.0,604.0,263.0
1.0,1659.0,872.0,844.0,870.0,875.0,875.0,591.0,253.0,611.0,261.0
1.0,1657.0,877.0,844.0,875.0,877.0,877.0,591.0,253.0,610.0,267.0
1.0,1655.0,870.0,846.0,877.0,876.0,876.0,592.0,254.0,607.0,263.0
1.0,1662.0,876.0,846.0,876.0,876.0,876.0,592.0,254.0,613.0,263.0
1.0,1662.0,871.0,846.0,876.0,871.0,871.0,592.0,254.0,607.0,264.0
1.0,1667.0,897.0,847.0,871.0,900.0,900.0,593.0,254.0,626.0,271.0
1.0,1641.0,871.0,849.0,900.0,877.0,877.0,594.0,255.0,610.0,261.0
1.0,1670.0,883.0,849.0,877.0,883.0,883.0,594.0,255.0,619.0,264.0
1.0,1664.0,882.0,850.0,883.0,885.0,885.0,595.0,255.0,615.0,267.0
1.0,1665.0,885.0,850.0,885.0,885.0,885.0,595.0,255.0,623.0,262.0
1.0,1665.0,877.0,852.0,885.0,883.0,883.0,596.0,256.0,613.0,264.0
1.0,1673.0,887.0,853.0,883.0,890.0,890.0,597.0,256.0,623.0,264.0
1.0,1669.0,889.0,854.0,890.0,892.0,892.0,598.0,256.0,625.0,264.0
1.0,1670.0,881.0,854.0,892.0,881.0,881.0,598.0,256.0,620.0,261.0
1.0,1681.0,873.0,856.0,881.0,879.0,879.0,599.0,257.0,614.0,259.0
1.0,1689.0,883.0,857.0,879.0,886.0,886.0,600.0,257.0,621.0,262.0
1.0,1685.0,869.0,857.0,886.0,869.0,869.0,600.0,257.0,612.0,257.0
1.0,1702.0,875.0,858.0,869.0,878.0,878.0,601.0,257.0,614.0,261.0
1.0,1696.0,881.0,859.0,878.0,884.0,884.0,602.0,257.0,621.0,260.0
1.0,1693.0,874.0,860.0,884.0,877.0,877.0,602.0,258.0,615.0,259.0
1.0,1703.0,855.0,861.0,877.0,858.0,858.0,603.0,258.0,600.0,255.0
1.0,1725.0,870.0,861.0,858.0,870.0,870.0,603.0,258.0,609.0,261.0
1.0,1713.0,870.0,862.0,870.0,873.0,873.0,604.0,258.0,608.0,262.0
1.0,1713.0,865.0,862.0,873.0,865.0,865.0,604.0,258.0,605.0,260.0
1.0,1721.0,858.0,863.0,865.0,861.0,861.0,604.0,259.0,601.0,257.0
1.0,1728.0,861.0,864.0,861.0,864.0,864.0,605.0,259.0,600.0,261.0
1.0,1728.0,864.0,864.0,864.0,864.0,864.0,605.0,259.0,608.0,256.0
1.0,1728.0,862.0,864.0,864.0,862.0,862.0,605.0,259.0,607.0,255.0
1.0,1730.0,850.0,864.0,862.0,850.0,850.0,605.0,259.0,591.0,259.0
1.0,1742.0,861.0,865.0,850.0,864.0,864.0,606.0,259.0,607.0,254.0
1.0,1731.0,862.0,865.0,864.0,862.0,862.0,606.0,259.0,605.0,257.0
1.0,1733.0,864.0,866.0,862.0,867.0,867.0,606.0,260.0,602.0,262.0
1.0,1731.0,858.0,867.0,867.0,861.0,861.0,607.0,260.0,598.0,260.0
1.0,1740.0,870.0,867.0,861.0,870.0,870.0,607.0,260.0,609.0,261.0
1.0,1731.0,864.0,867.0,870.0,864.0,864.0,607.0,260.0,602.0,262.0
1.0,1737.0,864.0,867.0,864.0,864.0,864.0,607.0,260.0,605.0,259.0
1.0,1737.0,865.0,867.0,864.0,865.0,865.0,607.0,260.0,603.0,262.0
1.0,1736.0,862.0,869.0,865.0,868.0,868.0,608.0,261.0,600.0,262.0
1.0,1739.0,885.0,869.0,868.0,885.0,885.0,608.0,261.0,620.0,265.0
1.0,1722.0,870.0,869.0,885.0,870.0,870.0,608.0,261.0,608.0,262.0
1.0,1737.0,881.0,870.0,870.0,884.0,884.0,609.0,261.0,612.0,269.0
1.0,1726.0,884.0,870.0,884.0,884.0,884.0,609.0,261.0,620.0,264.0
1.0,1726.0,885.0,871.0,884.0,888.0,888.0,610.0,261.0,623.0,262.0
1.0,1725.0,887.0,872.0,888.0,890.0,890.0,610.0,262.0,623.0,264.0
1.0,1726.0,892.0,872.0,890.0,892.0,892.0,610.0,262.0,627.0,265.0
1.0,1724.0,906.0,873.0,892.0,909.0,909.0,611.0,262.0,638.0,268.0
1.0,1710.0,898.0,874.0,909.0,901.0,901.0,612.0,262.0,631.0,267.0
1.0,1721.0,909.0,874.0,901.0,909.0,909.0,612.0,262.0,631.0,278.0
1.0,1713.0,911.0,875.0,909.0,914.0,914.0,613.0,262.0,641.0,270.0
1.0,1711.0,902.0,875.0,914.0,902.0,902.0,613.0,262.0,630.0,272.0
1.0,1723.0,910.0,877.0,902.0,916.0,916.0,614.0,263.0,637.0,273.0
1.0,1715.0,910.0,878.0,916.0,913.0,913.0,615.0,263.0,639.0,271.0
1.0,1721.0,923.0,878.0,913.0,923.0,923.0,615.0,263.0,643.0,280.0
1.0,1711.0,905.0,879.0,923.0,908.0,908.0,616.0,263.0,632.0,273.0
1.0,1729.0,926.0,880.0,908.0,929.0,929.0,616.0,264.0,651.0,275.0
1.0,1711.0,922.0,881.0,929.0,925.0,925.0,617.0,264.0,645.0,277.0
1.0,1718.0,920.0,882.0,925.0,923.0,923.0,618.0,264.0,645.0,275.0
1.0,1723.0,919.0,882.0,923.0,919.0,919.0,618.0,264.0,642.0,277.0
1.0,1727.0,921.0,883.0,919.0,924.0,924.0,619.0,264.0,645.0,276.0
1.0,1725.0,915.0,884.0,924.0,918.0,918.0,619.0,265.0,639.0,276.0
1.0,1734.0,911.0,885.0,918.0,914.0,914.0,620.0,265.0,637.0,274.0
1.0,1741.0,912.0,885.0,914.0,912.0,912.0,620.0,265.0,636.0,276.0
1.0,1743.0,917.0,885.0,912.0,917.0,917.0,620.0,265.0,642.0,275.0
1.0,1738.0,902.0,887.0,917.0,908.0,908.0,621.0,266.0,628.0,274.0
1.0,1753.0,911.0,887.0,908.0,911.0,911.0,621.0,266.0,637.0,274.0
1.0,1750.0,909.0,887.0,911.0,909.0,909.0,621.0,266.0,634.0,275.0
1.0,1752.0,908.0,887.0,909.0,908.0,908.0,621.0,266.0,629.0,279.0
1.0,1753.0,906.0,889.0,908.0,912.0,912.0,622.0,267.0,632.0,274.0
1.0,1755.0,898.0,889.0,912.0,898.0,898.0,622.0,267.0,621.0,277.0
1.0,1769.0,913.0,889.0,898.0,913.0,913.0,622.0,267.0,635.0,278.0
1.0,1754.0,900.0,890.0,913.0,903.0,903.0,622.0,268.0,625.0,275.0
1.0,1767.0,905.0,890.0,903.0,905.0,905.0,622.0,268.0,630.0,275.0
1.0,1765.0,903.0,891.0,905.0,906.0,906.0,623.0,268.0,633.0,270.0
1.0,1767.0,918.0,892.0,906.0,921.0,921.0,624.0,268.0,645.0,273.0
1.0,1755.0,888.0,893.0,921.0,891.0,891.0,624.0,269.0,616.0,272.0
1.0,1788.0,893.0,893.0,891.0,893.0,893.0,624.0,269.0,624.0,269.0
1.0,1786.0,913.0,894.0,893.0,916.0,916.0,625.0,269.0,640.0,273.0
1.0,1766.0,897.0,895.0,916.0,900.0,900.0,626.0,269.0,625.0,272.0
1.0,1785.0,903.0,896.0,900.0,906.0,906.0,626.0,270.0,632.0,271.0
1.0,1782.0,897.0,896.0,906.0,897.0,897.0,626.0,270.0,629.0,268.0
1.0,1791.0,900.0,897.0,897.0,903.0,903.0,627.0,270.0,631.0,269.0
1.0,1788.0,915.0,898.0,903.0,918.0,918.0,628.0,270.0,644.0,271.0
1.0,1776.0,902.0,899.0,918.0,905.0,905.0,628.0,271.0,633.0,269.0
1.0,1792.0,905.0,900.0,905.0,908.0,908.0,629.0,271.0,636.0,269.0
1.0,1792.0,913.0,901.0,908.0,916.0,916.0,630.0,271.0,645.0,268.0
1.0,1787.0,905.0,901.0,916.0,905.0,905.0,630.0,271.0,635.0,270.0
1.0,1798.0,914.0,902.0,905.0,917.0,917.0,631.0,271.0,641.0,273.0
1.0,1789.0,908.0,903.0,917.0,911.0,911.0,632.0,271.0,638.0,270.0
1.0,1798.0,923.0,905.0,911.0,929.0,929.0,633.0,272.0,652.0,271.0
1.0,1786.0,912.0,906.0,929.0,915.0,915.0,634.0,272.0,642.0,270.0
1.0,1803.0,911.0,906.0,915.0,911.0,911.0,634.0,272.0,640.0,271.0
1.0,1807.0,919.0,907.0,911.0,922.0,922.0,635.0,272.0,646.0,273.0
1.0,1799.0,919.0,907.0,922.0,919.0,919.0,635.0,272.0,643.0,276.0
1.0,1802.0,915.0,908.0,919.0,918.0,918.0,636.0,272.0,642.0,273.0
1.0,1806.0,927.0,909.0,918.0,930.0,930.0,636.0,273.0,651.0,276.0
1.0,1797.0,921.0,910.0,930.0,924.0,924.0,637.0,273.0,645.0,276.0
1.0,1806.0,918.0,910.0,924.0,918.0,918.0,637.0,273.0,645.0,273.0
1.0,1812.0,928.0,910.0,918.0,928.0,928.0,637.0,273.0,648.0,280.0
1.0,1802.0,921.0,912.0,928.0,927.0,927.0,638.0,274.0,644.0,277.0
1.0,1809.0,928.0,912.0,927.0,928.0,928.0,638.0,274.0,650.0,278.0
1.0,1808.0,923.0,912.0,928.0,923.0,923.0,638.0,274.0,648.0,275.0
1.0,1813.0,928.0,912.0,923.0,928.0,928.0,638.0,274.0,650.0,278.0
1.0,1808.0,938.0,913.0,928.0,941.0,941.0,639.0,274.0,660.0,278.0
1.0,1798.0,932.0,913.0,941.0,932.0,932.0,639.0,274.0,652.0,280.0
1.0,1807.0,935.0,913.0,932.0,935.0,935.0,639.0,274.0,653.0,282.0
1.0,1804.0,940.0,914.0,935.0,943.0,943.0,640.0,274.0,659.0,281.0
1.0,1799.0,941.0,914.0,943.0,941.0,941.0,640.0,274.0,663.0,278.0
1.0,1801.0,938.0,914.0,941.0,938.0,938.0,640.0,274.0,659.0,279.0
1.0,1804.0,940.0,915.0,938.0,943.0,943.0,641.0,274.0,656.0,284.0
1.0,1802.0,946.0,916.0,943.0,949.0,949.0,641.0,275.0,665.0,281.0
1.0,1799.0,942.0,916.0,949.0,942.0,942.0,641.0,275.0,656.0,286.0
1.0,1806.0,954.0,917.0,942.0,957.0,957.0,642.0,275.0,668.0,286.0
1.0,1794.0,952.0,917.0,957.0,952.0,952.0,642.0,275.0,663.0,289.0
1.0,1799.0,938.0,918.0,952.0,941.0,941.0,643.0,275.0,653.0,285.0
1.0,1813.0,957.0,919.0,941.0,960.0,960.0,643.0,276.0,674.0,283.0
1.0,1797.0,938.0,920.0,960.0,941.0,941.0,644.0,276.0,659.0,279.0
1.0,1819.0,947.0,920.0,941.0,947.0,947.0,644.0,276.0,666.0,281.0
1.0,1813.0,960.0,921.0,947.0,963.0,963.0,645.0,276.0,669.0,291.0
1.0,1800.0,952.0,922.0,963.0,955.0,955.0,646.0,276.0,666.0,286.0
1.0,1811.0,945.0,922.0,955.0,945.0,945.0,646.0,276.0,662.0,283.0
1.0,1821.0,943.0,923.0,945.0,946.0,946.0,647.0,276.0,662.0,281.0
1.0,1823.0,944.0,925.0,946.0,950.0,950.0,648.0,277.0,662.0,282.0
1.0,1825.0,959.0,926.0,950.0,962.0,962.0,649.0,277.0,678.0,281.0
1.0,1816.0,953.0,926.0,962.0,953.0,953.0,649.0,277.0,666.0,287.0
1.0,1825.0,948.0,927.0,953.0,951.0,951.0,650.0,277.0,660.0,288.0
1.0,1830.0,947.0,927.0,951.0,947.0,947.0,650.0,277.0,664.0,283.0
1.0,1834.0,952.0,929.0,947.0,958.0,958.0,651.0,278.0,667.0,285.0
1.0,1829.0,948.0,930.0,958.0,951.0,951.0,652.0,278.0,667.0,281.0
1.0,1839.0,946.0,930.0,951.0,946.0,946.0,652.0,278.0,661.0,285.0
1.0,1844.0,938.0,931.0,946.0,941.0,941.0,653.0,278.0,655.0,283.0
1.0,1852.0,938.0,932.0,941.0,941.0,941.0,653.0,279.0,657.0,281.0
1.0,1855.0,934.0,933.0,941.0,937.0,937.0,654.0,279.0,653.0,281.0
1.0,1862.0,944.0,934.0,937.0,947.0,947.0,655.0,279.0,662.0,282.0
1.0,1855.0,941.0,934.0,947.0,941.0,941.0,655.0,279.0,657.0,284.0
1.0,1861.0,943.0,935.0,941.0,946.0,946.0,655.0,280.0,661.0,282.0
1.0,1859.0,947.0,936.0,946.0,950.0,950.0,656.0,280.0,662.0,285.0
1.0,1858.0,939.0,936.0,950.0,939.0,939.0,656.0,280.0,656.0,283.0
1.0,1869.0,943.0,936.0,939.0,943.0,943.0,656.0,280.0,659.0,284.0
1.0,1865.0,938.0,938.0,943.0,944.0,944.0,657.0,281.0,657.0,281.0
1.0,1870.0,945.0,938.0,944.0,945.0,945.0,657.0,281.0,656.0,289.0
1.0,1869.0,942.0,938.0,945.0,942.0,942.0,657.0,281.0,654.0,288.0
1.0,1872.0,941.0,939.0,942.0,944.0,944.0,657.0,282.0,656.0,285.0
1.0,1873.0,946.0,940.0,944.0,949.0,949.0,658.0,282.0,659.0,287.0
1.0,1871.0,956.0,940.0,949.0,956.0,956.0,658.0,282.0,667.0,289.0
1.0,1864.0,950.0,941.0,956.0,953.0,953.0,659.0,282.0,666.0,284.0
1.0,1870.0,955.0,942.0,953.0,958.0,958.0,659.0,283.0,667.0,288.0
1.0,1868.0,957.0,943.0,958.0,960.0,960.0,660.0,283.0,670.0,287.0
1.0,1869.0,960.0,943.0,960.0,960.0,960.0,660.0,283.0,671.0,289.0
1.0,1869.0,960.0,943.0,960.0,960.0,960.0,660.0,283.0,671.0,289.0
1.0,1869.0,964.0,945.0,960.0,970.0,970.0,661.0,284.0,674.0,290.0
1.0,1865.0,971.0,946.0,970.0,974.0,974.0,662.0,284.0,682.0,289.0
1.0,1864.0,971.0,946.0,974.0,971.0,971.0,662.0,284.0,686.0,285.0
1.0,1867.0,971.0,947.0,971.0,974.0,974.0,663.0,284.0,679.0,292.0
1.0,1867.0,971.0,948.0,974.0,974.0,974.0,664.0,284.0,684.0,287.0
1.0,1870.0,975.0,949.0,974.0,978.0,978.0,664.0,285.0,686.0,289.0
1.0,1869.0,973.0,950.0,978.0,976.0,976.0,665.0,285.0,683.0,290.0
1.0,1874.0,984.0,951.0,976.0,987.0,987.0,666.0,285.0,691.0,293.0
1.0,1866.0,982.0,951.0,987.0,982.0,982.0,666.0,285.0,690.0,292.0
1.0,1871.0,981.0,953.0,982.0,987.0,987.0,667.0,286.0,688.0,293.0
1.0,1872.0,983.0,953.0,987.0,983.0,983.0,667.0,286.0,691.0,292.0
1.0,1876.0,981.0,954.0,983.0,984.0,984.0,668.0,286.0,689.0,292.0
1.0,1878.0,985.0,954.0,984.0,985.0,985.0,668.0,286.0,687.0,298.0
1.0,1877.0,978.0,955.0,985.0,981.0,981.0,669.0,286.0,687.0,291.0
1.0,1884.0,980.0,955.0,981.0,980.0,980.0,669.0,286.0,692.0,288.0
1.0,1885.0,986.0,956.0,980.0,989.0,989.0,670.0,286.0,693.0,293.0
1.0,1879.0,992.0,958.0,989.0,998.0,998.0,671.0,287.0,699.0,293.0
1.0,1876.0,985.0,958.0,998.0,985.0,985.0,671.0,287.0,692.0,293.0
1.0,1889.0,971.0,959.0,985.0,974.0,974.0,672.0,287.0,682.0,289.0
1.0,1903.0,979.0,959.0,974.0,979.0,979.0,672.0,287.0,683.0,296.0
1.0,1898.0,979.0,959.0,979.0,979.0,979.0,672.0,287.0,690.0,289.0
1.0,1898.0,969.0,960.0,979.0,972.0,972.0,673.0,287.0,681.0,288.0
1.0,1908.0,970.0,960.0,972.0,970.0,970.0,673.0,287.0,677.0,293.0
1.0,1910.0,973.0,961.0,970.0,976.0,976.0,673.0,288.0,682.0,291.0
1.0,1907.0,972.0,962.0,976.0,975.0,975.0,674.0,288.0,680.0,292.0
1.0,1911.0,973.0,962.0,975.0,973.0,973.0,674.0,288.0,680.0,293.0
1.0,1913.0,965.0,962.0,973.0,965.0,965.0,674.0,288.0,673.0,292.0
1.0,1921.0,971.0,962.0,965.0,971.0,971.0,674.0,288.0,679.0,292.0
1.0,1915.0,969.0,962.0,971.0,969.0,969.0,674.0,288.0,678.0,291.0
1.0,1917.0,970.0,964.0,969.0,976.0,976.0,675.0,289.0,678.0,292.0
1.0,1916.0,971.0,964.0,976.0,971.0,971.0,675.0,289.0,683.0,288.0
1.0,1921.0,966.0,964.0,971.0,966.0,966.0,675.0,289.0,677.0,289.0
1.0,1926.0,963.0,965.0,966.0,966.0,966.0,676.0,289.0,675.0,288.0
1.0,1929.0,983.0,965.0,966.0,983.0,983.0,676.0,289.0,687.0,296.0
1.0,1912.0,967.0,966.0,983.0,970.0,970.0,677.0,289.0,675.0,292.0
1.0,1928.0,977.0,967.0,970.0,980.0,980.0,677.0,290.0,686.0,291.0
1.0,1921.0,964.0,967.0,980.0,964.0,964.0,677.0,290.0,675.0,289.0
1.0,1937.0,979.0,968.0,964.0,982.0,982.0,678.0,290.0,686.0,293.0
1.0,1922.0,965.0,968.0,982.0,965.0,965.0,678.0,290.0,673.0,292.0
1.0,1939.0,980.0,969.0,965.0,983.0,983.0,679.0,290.0,684.0,296.0
1.0,1924.0,972.0,969.0,983.0,972.0,972.0,679.0,290.0,682.0,290.0
1.0,1935.0,974.0,971.0,972.0,980.0,980.0,680.0,291.0,683.0,291.0
1.0,1933.0,984.0,971.0,980.0,984.0,984.0,680.0,291.0,688.0,296.0
1.0,1929.0,980.0,972.0,984.0,983.0,983.0,681.0,291.0,685.0,295.0
1.0,1933.0,975.0,972.0,983.0,975.0,975.0,681.0,291.0,680.0,295.0
1.0,1941.0,1004.0,973.0,975.0,1007.0,1007.0,682.0,291.0,703.0,301.0
1.0,1912.0,987.0,974.0,1007.0,990.0,990.0,683.0,291.0,691.0,296.0
1.0,1932.0,986.0,975.0,990.0,989.0,989.0,683.0,292.0,691.0,295.0
1.0,1936.0,1000.0,976.0,989.0,1003.0,1003.0,684.0,292.0,701.0,299.0
1.0,1925.0,1008.0,976.0,1003.0,1008.0,1008.0,684.0,292.0,708.0,300.0
1.0,1920.0,1002.0,977.0,1008.0,1005.0,1005.0,685.0,292.0,701.0,301.0
1.0,1926.0,997.0,978.0,1005.0,1000.0,1000.0,686.0,292.0,699.0,298.0
1.0,1934.0,999.0,979.0,1000.0,1002.0,1002.0,686.0,293.0,698.0,301.0
1.0,1935.0,1006.0,979.0,1002.0,1006.0,1006.0,686.0,293.0,703.0,303.0
1.0,1931.0,1003.0,980.0,1006.0,1006.0,1006.0,687.0,293.0,698.0,305.0
1.0,1934.0,1015.0,981.0,1006.0,1018.0,1018.0,687.0,294.0,714.0,301.0
1.0,1925.0,1002.0,982.0,1018.0,1005.0,1005.0,688.0,294.0,703.0,299.0
1.0,1941.0,1016.0,982.0,1005.0,1016.0,1016.0,688.0,294.0,709.0,307.0
1.0,1930.0,1002.0,982.0,1016.0,1002.0,1002.0,688.0,294.0,700.0,302.0
1.0,1944.0,1006.0,984.0,1002.0,1012.0,1012.0,689.0,295.0,702.0,304.0
1.0,1940.0,1016.0,984.0,1012.0,1016.0,1016.0,689.0,295.0,710.0,306.0
1.0,1936.0,1009.0,984.0,1016.0,1009.0,1009.0,689.0,295.0,700.0,309.0
1.0,1943.0,1017.0,985.0,1009.0,1020.0,1020.0,690.0,295.0,709.0,308.0
1.0,1935.0,1011.0,986.0,1020.0,1014.0,1014.0,690.0,296.0,705.0,306.0
1.0,1944.0,1013.0,986.0,1014.0,1013.0,1013.0,690.0,296.0,707.0,306.0
1.0,1945.0,1008.0,987.0,1013.0,1011.0,1011.0,691.0,296.0,701.0,307.0
1.0,1950.0,1017.0,987.0,1011.0,1017.0,1017.0,691.0,296.0,713.0,304.0
1.0,1944.0,1002.0,988.0,1017.0,1005.0,1005.0,691.0,297.0,699.0,303.0
1.0,1959.0,1005.0,988.0,1005.0,1005.0,1005.0,691.0,297.0,705.0,300.0
1.0,1959.0,1004.0,988.0,1005.0,1004.0,1004.0,691.0,297.0,705.0,299.0
1.0,1960.0,1004.0,989.0,1004.0,1007.0,1007.0,692.0,297.0,700.0,304.0
1.0,1960.0,1007.0,989.0,1007.0,1007.0,1007.0,692.0,297.0,702.0,305.0
1.0,1960.0,1011.0,991.0,1007.0,1017.0,1017.0,693.0,298.0,707.0,304.0
1.0,1956.0,1008.0,991.0,1017.0,1008.0,1008.0,693.0,298.0,705.0,303.0
1.0,1965.0,1012.0,992.0,1008.0,1015.0,1015.0,694.0,298.0,705.0,307.0
1.0,1961.0,1000.0,992.0,1015.0,1000.0,1000.0,694.0,298.0,698.0,302.0
1.0,1976.0,1006.0,993.0,1000.0,1009.0,1009.0,694.0,299.0,707.0,299.0
1.0,1970.0,1010.0,994.0,1009.0,1013.0,1013.0,695.0,299.0,706.0,304.0
1.0,1969.0,1003.0,994.0,1013.0,1003.0,1003.0,695.0,299.0,702.0,301.0
1.0,1979.0,1011.0,995.0,1003.0,1014.0,1014.0,696.0,299.0,707.0,304.0
1.0,1971.0,1007.0,995.0,1014.0,1007.0,1007.0,696.0,299.0,706.0,301.0
1.0,1978.0,1008.0,997.0,1007.0,1014.0,1014.0,697.0,300.0,708.0,300.0
1.0,1977.0,1006.0,998.0,1014.0,1009.0,1009.0,698.0,300.0,709.0,297.0
1.0,1985.0,1012.0,998.0,1009.0,1012.0,1012.0,698.0,300.0,714.0,298.0
1.0,1982.0,1009.0,999.0,1012.0,1012.0,1012.0,699.0,300.0,712.0,297.0
1.0,1985.0,1003.0,999.0,1012.0,1003.0,1003.0,699.0,300.0,706.0,297.0
1.0,1994.0,1019.0,1000.0,1003.0,1022.0,1022.0,700.0,300.0,715.0,304.0
1.0,1978.0,1003.0,1000.0,1022.0,1003.0,1003.0,700.0,300.0,703.0,300.0
1.0,1997.0,1011.0,1002.0,1003.0,1017.0,1017.0,701.0,301.0,708.0,303.0
1.0,1989.0,995.0,1002.0,1017.0,995.0,995.0,701.0,301.0,693.0,302.0
1.0,2011.0,1012.0,1003.0,995.0,1015.0,1015.0,702.0,301.0,709.0,303.0
1.0,1994.0,1009.0,1003.0,1015.0,1009.0,1009.0,702.0,301.0,704.0,305.0
1.0,2000.0,1016.0,1005.0,1009.0,1022.0,1022.0,703.0,302.0,715.0,301.0
1.0,1993.0,1009.0,1005.0,1022.0,1009.0,1009.0,703.0,302.0,705.0,304.0
1.0,2006.0,1006.0,1006.0,1009.0,1009.0,1009.0,704.0,302.0,704.0,302.0
1.0,2009.0,1025.0,1006.0,1009.0,1025.0,1025.0,704.0,302.0,721.0,304.0
1.0,1993.0,1020.0,1007.0,1025.0,1023.0,1023.0,705.0,302.0,713.0,307.0
1.0,1998.0,1008.0,1007.0,1023.0,1008.0,1008.0,705.0,302.0,705.0,303.0
1.0,2013.0,1004.0,1007.0,1008.0,1004.0,1004.0,705.0,302.0,702.0,302.0
1.0,2017.0,1013.0,1008.0,1004.0,1016.0,1016.0,705.0,303.0,704.0,309.0
1.0,2008.0,1020.0,1009.0,1016.0,1023.0,1023.0,706.0,303.0,716.0,304.0
1.0,2004.0,1021.0,1009.0,1023.0,1021.0,1021.0,706.0,303.0,716.0,305.0
1.0,2006.0,1031.0,1009.0,1021.0,1031.0,1031.0,706.0,303.0,716.0,315.0
1.0,1996.0,1025.0,1010.0,1031.0,1028.0,1028.0,707.0,303.0,717.0,308.0
1.0,2002.0,1028.0,1011.0,1028.0,1031.0,1031.0,707.0,304.0,717.0,311.0
1.0,2002.0,1030.0,1011.0,1031.0,1030.0,1030.0,707.0,304.0,716.0,314.0
1.0,2003.0,1035.0,1012.0,1030.0,1038.0,1038.0,708.0,304.0,724.0,311.0
1.0,1998.0,1039.0,1012.0,1038.0,1039.0,1039.0,708.0,304.0,724.0,315.0
1.0,1997.0,1039.0,1012.0,1039.0,1039.0,1039.0,708.0,304.0,723.0,316.0
1.0,1997.0,1036.0,1014.0,1039.0,1042.0,1042.0,709.0,305.0,725.0,311.0
1.0,2000.0,1042.0,1014.0,1042.0,1042.0,1042.0,709.0,305.0,732.0,310.0
1.0,2000.0,1052.0,1015.0,1042.0,1055.0,1055.0,710.0,305.0,739.0,313.0
1.0,1990.0,1056.0,1015.0,1055.0,1056.0,1056.0,710.0,305.0,733.0,323.0
1.0,1989.0,1056.0,1016.0,1056.0,1059.0,1059.0,711.0,305.0,740.0,316.0
1.0,1989.0,1044.0,1017.0,1059.0,1047.0,1047.0,712.0,305.0,730.0,314.0
1.0,2004.0,1053.0,1018.0,1047.0,1056.0,1056.0,712.0,306.0,734.0,319.0
1.0,1998.0,1062.0,1019.0,1056.0,1065.0,1065.0,713.0,306.0,742.0,320.0
1.0,1992.0,1062.0,1020.0,1065.0,1065.0,1065.0,714.0,306.0,743.0,319.0
1.0,1995.0,1057.0,1020.0,1065.0,1057.0,1057.0,714.0,306.0,743.0,314.0
1.0,2003.0,1058.0,1022.0,1057.0,1064.0,1064.0,715.0,307.0,741.0,317.0
1.0,2002.0,1059.0,1023.0,1064.0,1062.0,1062.0,716.0,307.0,745.0,314.0
1.0,2007.0,1061.0,1023.0,1062.0,1061.0,1061.0,716.0,307.0,743.0,318.0
1.0,2008.0,1058.0,1025.0,1061.0,1064.0,1064.0,717.0,308.0,739.0,319.0
1.0,2011.0,1053.0,1026.0,1064.0,1056.0,1056.0,718.0,308.0,736.0,317.0
1.0,2022.0,1062.0,1026.0,1056.0,1062.0,1062.0,718.0,308.0,738.0,324.0
1.0,2016.0,1055.0,1027.0,1062.0,1058.0,1058.0,719.0,308.0,743.0,312.0
1.0,2023.0,1049.0,1028.0,1058.0,1052.0,1052.0,720.0,308.0,737.0,312.0
1.0,2032.0,1052.0,1030.0,1052.0,1058.0,1058.0,721.0,309.0,739.0,313.0
1.0,2032.0,1057.0,1030.0,1058.0,1057.0,1057.0,721.0,309.0,743.0,314.0
1.0,2033.0,1050.0,1031.0,1057.0,1053.0,1053.0,722.0,309.0,733.0,317.0
1.0,2040.0,1043.0,1031.0,1053.0,1043.0,1043.0,722.0,309.0,733.0,310.0
1.0,2050.0,1042.0,1033.0,1043.0,1048.0,1048.0,723.0,310.0,731.0,311.0
1.0,2051.0,1045.0,1033.0,1048.0,1045.0,1045.0,723.0,310.0,732.0,313.0
1.0,2054.0,1030.0,1034.0,1045.0,1033.0,1033.0,724.0,310.0,718.0,312.0
1.0,2069.0,1032.0,1034.0,1033.0,1032.0,1032.0,724.0,310.0,720.0,312.0
1.0,2070.0,1040.0,1034.0,1032.0,1040.0,1040.0,724.0,310.0,730.0,310.0
1.0,2062.0,1037.0,1035.0,1040.0,1040.0,1040.0,724.0,311.0,727.0,310.0
1.0,2065.0,1034.0,1036.0,1040.0,1037.0,1037.0,725.0,311.0,722.0,312.0
1.0,2071.0,1036.0,1036.0,1037.0,1036.0,1036.0,725.0,311.0,721.0,315.0
1.0,2072.0,1031.0,1036.0,1036.0,1031.0,1031.0,725.0,311.0,720.0,311.0
1.0,2077.0,1031.0,1037.0,1031.0,1034.0,1034.0,725.0,312.0,724.0,307.0
1.0,2077.0,1036.0,1038.0,1034.0,1039.0,1039.0,726.0,312.0,728.0,308.0
1.0,2075.0,1037.0,1038.0,1039.0,1037.0,1037.0,726.0,312.0,728.0,309.0
1.0,2077.0,1036.0,1039.0,1037.0,1039.0,1039.0,727.0,312.0,724.0,312.0
1.0,2078.0,1041.0,1039.0,1039.0,1041.0,1041.0,727.0,312.0,728.0,313.0
1.0,2076.0,1044.0,1040.0,1041.0,1047.0,1047.0,728.0,312.0,733.0,311.0
1.0,2073.0,1043.0,1040.0,1047.0,1043.0,1043.0,728.0,312.0,733.0,310.0
1.0,2077.0,1045.0,1041.0,1043.0,1048.0,1048.0,728.0,313.0,733.0,312.0
1.0,2075.0,1041.0,1042.0,1048.0,1044.0,1044.0,729.0,313.0,727.0,314.0
1.0,2082.0,1049.0,1042.0,1044.0,1049.0,1049.0,729.0,313.0,737.0,312.0
1.0,2077.0,1065.0,1043.0,1049.0,1068.0,1068.0,730.0,313.0,747.0,318.0
1.0,2061.0,1061.0,1044.0,1068.0,1064.0,1064.0,731.0,313.0,749.0,312.0
1.0,2068.0,1056.0,1044.0,1064.0,1056.0,1056.0,731.0,313.0,741.0,315.0
1.0,2076.0,1065.0,1046.0,1056.0,1071.0,1071.0,732.0,314.0,750.0,315.0
1.0,2067.0,1067.0,1047.0,1071.0,1070.0,1070.0,733.0,314.0,747.0,320.0
1.0,2071.0,1082.0,1048.0,1070.0,1085.0,1085.0,734.0,314.0,761.0,321.0
1.0,2059.0,1061.0,1048.0,1085.0,1061.0,1061.0,734.0,314.0,739.0,322.0
1.0,2083.0,1072.0,1049.0,1061.0,1075.0,1075.0,735.0,314.0,754.0,318.0
1.0,2072.0,1057.0,1049.0,1075.0,1057.0,1057.0,735.0,314.0,738.0,319.0
1.0,2090.0,1080.0,1051.0,1057.0,1086.0,1086.0,736.0,315.0,761.0,319.0
1.0,2067.0,1089.0,1052.0,1086.0,1092.0,1092.0,737.0,315.0,765.0,324.0
1.0,2064.0,1076.0,1052.0,1092.0,1076.0,1076.0,737.0,315.0,755.0,321.0
1.0,2080.0,1085.0,1053.0,1076.0,1088.0,1088.0,738.0,315.0,760.0,325.0
1.0,2071.0,1081.0,1053.0,1088.0,1081.0,1081.0,738.0,315.0,759.0,322.0
1.0,2078.0,1089.0,1054.0,1081.0,1092.0,1092.0,739.0,315.0,766.0,323.0
1.0,2070.0,1071.0,1054.0,1092.0,1071.0,1071.0,739.0,315.0,748.0,323.0
1.0,2091.0,1080.0,1055.0,1071.0,1083.0,1083.0,739.0,316.0,759.0,321.0
1.0,2082.0,1085.0,1056.0,1083.0,1088.0,1088.0,740.0,316.0,758.0,327.0
1.0,2080.0,1082.0,1056.0,1088.0,1082.0,1082.0,740.0,316.0,758.0,324.0
1.0,2086.0,1078.0,1056.0,1082.0,1078.0,1078.0,740.0,316.0,753.0,325.0
1.0,2090.0,1080.0,1056.0,1078.0,1080.0,1080.0,740.0,316.0,752.0,328.0
1.0,2088.0,1081.0,1057.0,1080.0,1084.0,1084.0,741.0,316.0,754.0,327.0
1.0,2087.0,1084.0,1058.0,1084.0,1087.0,1087.0,741.0,317.0,759.0,325.0
1.0,2087.0,1085.0,1058.0,1087.0,1085.0,1085.0,741.0,317.0,759.0,326.0
1.0,2089.0,1082.0,1059.0,1085.0,1085.0,1085.0,742.0,317.0,754.0,328.0
1.0,2092.0,1077.0,1059.0,1085.0,1077.0,1077.0,742.0,317.0,749.0,328.0
1.0,2100.0,1082.0,1059.0,1077.0,1082.0,1082.0,742.0,317.0,756.0,326.0
1.0,2095.0,1081.0,1059.0,1082.0,1081.0,1081.0,742.0,317.0,757.0,324.0
1.0,2096.0,1077.0,1061.0,1081.0,1083.0,1083.0,743.0,318.0,750.0,327.0
1.0,2100.0,1083.0,1061.0,1083.0,1083.0,1083.0,743.0,318.0,755.0,328.0
1.0,2100.0,1083.0,1061.0,1083.0,1083.0,1083.0,743.0,318.0,755.0,328.0
1.0,2100.0,1074.0,1062.0,1083.0,1077.0,1077.0,744.0,318.0,749.0,325.0
1.0,2109.0,1076.0,1063.0,1077.0,1079.0,1079.0,744.0,319.0,754.0,322.0
1.0,2110.0,1077.0,1063.0,1079.0,1077.0,1077.0,744.0,319.0,752.0,325.0
1.0,2112.0,1083.0,1064.0,1077.0,1086.0,1086.0,745.0,319.0,758.0,325.0
1.0,2106.0,1071.0,1064.0,1086.0,1071.0,1071.0,745.0,319.0,744.0,327.0
1.0,2121.0,1078.0,1066.0,1071.0,1084.0,1084.0,746.0,320.0,757.0,321.0
1.0,2114.0,1079.0,1067.0,1084.0,1082.0,1082.0,747.0,320.0,752.0,327.0
1.0,2119.0,1086.0,1067.0,1082.0,1086.0,1086.0,747.0,320.0,757.0,329.0
1.0,2115.0,1084.0,1069.0,1086.0,1090.0,1090.0,748.0,321.0,759.0,325.0
1.0,2117.0,1085.0,1070.0,1090.0,1088.0,1088.0,749.0,321.0,760.0,325.0
1.0,2122.0,1093.0,1071.0,1088.0,1096.0,1096.0,750.0,321.0,769.0,324.0
1.0,2117.0,1091.0,1071.0,1096.0,1091.0,1091.0,750.0,321.0,761.0,330.0
1.0,2122.0,1073.0,1073.0,1091.0,1079.0,1079.0,751.0,322.0,748.0,325.0
1.0,2140.0,1078.0,1073.0,1079.0,1078.0,1078.0,751.0,322.0,757.0,321.0
1.0,2141.0,1085.0,1074.0,1078.0,1088.0,1088.0,752.0,322.0,759.0,326.0
1.0,2134.0,1088.0,1075.0,1088.0,1091.0,1091.0,752.0,323.0,762.0,326.0
1.0,2134.0,1090.0,1076.0,1091.0,1093.0,1093.0,753.0,323.0,767.0,323.0
1.0,2135.0,1076.0,1076.0,1093.0,1076.0,1076.0,753.0,323.0,751.0,325.0
1.0,2152.0,1091.0,1077.0,1076.0,1094.0,1094.0,754.0,323.0,765.0,326.0
1.0,2137.0,1086.0,1079.0,1094.0,1092.0,1092.0,755.0,324.0,761.0,325.0
1.0,2145.0,1088.0,1079.0,1092.0,1088.0,1088.0,755.0,324.0,765.0,323.0
1.0,2149.0,1087.0,1080.0,1088.0,1090.0,1090.0,756.0,324.0,761.0,326.0
1.0,2150.0,1091.0,1080.0,1090.0,1091.0,1091.0,756.0,324.0,761.0,330.0
1.0,2149.0,1084.0,1080.0,1091.0,1084.0,1084.0,756.0,324.0,759.0,325.0
1.0,2156.0,1099.0,1082.0,1084.0,1105.0,1105.0,757.0,325.0,772.0,327.0
1.0,2141.0,1088.0,1082.0,1105.0,1088.0,1088.0,757.0,325.0,760.0,328.0
1.0,2158.0,1105.0,1082.0,1088.0,1105.0,1105.0,757.0,325.0,773.0,332.0
1.0,2141.0,1096.0,1083.0,1105.0,1099.0,1099.0,758.0,325.0,766.0,330.0
1.0,2150.0,1095.0,1083.0,1099.0,1095.0,1095.0,758.0,325.0,767.0,328.0
1.0,2154.0,1113.0,1085.0,1095.0,1119.0,1119.0,759.0,326.0,780.0,333.0
1.0,2136.0,1100.0,1085.0,1119.0,1100.0,1100.0,759.0,326.0,769.0,331.0
1.0,2155.0,1110.0,1085.0,1100.0,1110.0,1110.0,759.0,326.0,779.0,331.0
1.0,2145.0,1108.0,1085.0,1110.0,1108.0,1108.0,759.0,326.0,772.0,336.0
1.0,2147.0,1108.0,1086.0,1108.0,1111.0,1111.0,760.0,326.0,776.0,332.0
1.0,2147.0,1110.0,1087.0,1111.0,1113.0,1113.0,760.0,327.0,776.0,334.0
1.0,2148.0,1107.0,1087.0,1113.0,1107.0,1107.0,760.0,327.0,772.0,335.0
1.0,2154.0,1106.0,1088.0,1107.0,1109.0,1109.0,761.0,327.0,775.0,331.0
1.0,2155.0,1124.0,1088.0,1109.0,1124.0,1124.0,761.0,327.0,786.0,338.0
1.0,2140.0,1115.0,1089.0,1124.0,1118.0,1118.0,762.0,327.0,783.0,332.0
1.0,2149.0,1122.0,1090.0,1118.0,1125.0,1125.0,762.0,328.0,786.0,336.0
1.0,2145.0,1117.0,1091.0,1125.0,1120.0,1120.0,763.0,328.0,782.0,335.0
1.0,2153.0,1122.0,1091.0,1120.0,1122.0,1122.0,763.0,328.0,788.0,334.0
1.0,2151.0,1123.0,1092.0,1122.0,1126.0,1126.0,764.0,328.0,791.0,332.0
1.0,2150.0,1125.0,1093.0,1126.0,1128.0,1128.0,765.0,328.0,786.0,339.0
1.0,2151.0,1122.0,1093.0,1128.0,1122.0,1122.0,765.0,328.0,789.0,333.0
1.0,2157.0,1114.0,1095.0,1122.0,1120.0,1120.0,766.0,329.0,779.0,335.0
1.0,2165.0,1121.0,1095.0,1120.0,1121.0,1121.0,766.0,329.0,786.0,335.0
1.0,2164.0,1120.0,1096.0,1121.0,1123.0,1123.0,767.0,329.0,786.0,334.0
1.0,2165.0,1114.0,1096.0,1123.0,1114.0,1114.0,767.0,329.0,781.0,333.0
1.0,2174.0,1128.0,1097.0,1114.0,1131.0,1131.0,768.0,329.0,789.0,339.0
1.0,2160.0,1123.0,1098.0,1131.0,1126.0,1126.0,769.0,329.0,792.0,331.0
1.0,2168.0,1126.0,1100.0,1126.0,1132.0,1132.0,770.0,330.0,792.0,334.0
1.0,2168.0,1121.0,1100.0,1132.0,1121.0,1121.0,770.0,330.0,788.0,333.0
1.0,2179.0,1111.0,1101.0,1121.0,1114.0,1114.0,771.0,330.0,777.0,334.0
1.0,2189.0,1118.0,1101.0,1114.0,1118.0,1118.0,771.0,330.0,786.0,332.0
1.0,2185.0,1128.0,1102.0,1118.0,1131.0,1131.0,772.0,330.0,789.0,339.0
1.0,2175.0,1108.0,1103.0,1131.0,1111.0,1111.0,773.0,330.0,773.0,335.0
1.0,2198.0,1108.0,1104.0,1111.0,1111.0,1111.0,773.0,331.0,773.0,335.0
1.0,2201.0,1098.0,1104.0,1111.0,1098.0,1098.0,773.0,331.0,767.0,331.0
1.0,2214.0,1102.0,1104.0,1098.0,1102.0,1102.0,773.0,331.0,768.0,334.0
1.0,2210.0,1116.0,1105.0,1102.0,1119.0,1119.0,774.0,331.0,783.0,333.0
1.0,2196.0,1119.0,1105.0,1119.0,1119.0,1119.0,774.0,331.0,785.0,334.0
1.0,2196.0,1113.0,1106.0,1119.0,1116.0,1116.0,775.0,331.0,776.0,337.0
1.0,2202.0,1109.0,1107.0,1116.0,1112.0,1112.0,775.0,332.0,774.0,335.0
1.0,2209.0,1103.0,1107.0,1112.0,1103.0,1103.0,775.0,332.0,773.0,330.0
1.0,2218.0,1112.0,1108.0,1103.0,1115.0,1115.0,776.0,332.0,777.0,335.0
1.0,2209.0,1112.0,1108.0,1115.0,1112.0,1112.0,776.0,332.0,772.0,340.0
1.0,2212.0,1120.0,1108.0,1112.0,1120.0,1120.0,776.0,332.0,786.0,334.0
1.0,2204.0,1115.0,1110.0,1120.0,1121.0,1121.0,777.0,333.0,779.0,336.0
1.0,2209.0,1121.0,1110.0,1121.0,1121.0,1121.0,777.0,333.0,784.0,337.0
1.0,2209.0,1118.0,1110.0,1121.0,1118.0,1118.0,777.0,333.0,778.0,340.0
1.0,2212.0,1114.0,1111.0,1118.0,1117.0,1117.0,778.0,333.0,777.0,337.0
1.0,2216.0,1129.0,1112.0,1117.0,1132.0,1132.0,778.0,334.0,790.0,339.0
1.0,2204.0,1119.0,1113.0,1132.0,1122.0,1122.0,779.0,334.0,781.0,338.0
1.0,2217.0,1125.0,1113.0,1122.0,1125.0,1125.0,779.0,334.0,782.0,343.0
1.0,2214.0,1133.0,1114.0,1125.0,1136.0,1136.0,780.0,334.0,793.0,340.0
1.0,2206.0,1135.0,1115.0,1136.0,1138.0,1138.0,780.0,335.0,796.0,339.0
1.0,2207.0,1133.0,1116.0,1138.0,1136.0,1136.0,781.0,335.0,792.0,341.0
1.0,2212.0,1140.0,1116.0,1136.0,1140.0,1140.0,781.0,335.0,799.0,341.0
1.0,2208.0,1156.0,1117.0,1140.0,1159.0,1159.0,782.0,335.0,811.0,345.0
1.0,2192.0,1132.0,1119.0,1159.0,1138.0,1138.0,783.0,336.0,788.0,344.0
1.0,2219.0,1146.0,1119.0,1138.0,1146.0,1146.0,783.0,336.0,803.0,343.0
1.0,2211.0,1146.0,1120.0,1146.0,1149.0,1149.0,784.0,336.0,804.0,342.0
1.0,2211.0,1152.0,1120.0,1149.0,1152.0,1152.0,784.0,336.0,806.0,346.0
1.0,2208.0,1146.0,1121.0,1152.0,1149.0,1149.0,785.0,336.0,802.0,344.0
1.0,2214.0,1161.0,1123.0,1149.0,1167.0,1167.0,786.0,337.0,816.0,345.0
1.0,2202.0,1165.0,1123.0,1167.0,1165.0,1165.0,786.0,337.0,821.0,344.0
1.0,2204.0,1165.0,1124.0,1165.0,1168.0,1168.0,787.0,337.0,816.0,349.0
1.0,2204.0,1158.0,1125.0,1168.0,1161.0,1161.0,788.0,337.0,815.0,343.0
1.0,2214.0,1156.0,1126.0,1161.0,1159.0,1159.0,788.0,338.0,809.0,347.0
1.0,2219.0,1152.0,1127.0,1159.0,1155.0,1155.0,789.0,338.0,808.0,344.0
1.0,2226.0,1156.0,1127.0,1155.0,1156.0,1156.0,789.0,338.0,814.0,342.0
1.0,2225.0,1159.0,1128.0,1156.0,1162.0,1162.0,790.0,338.0,812.0,347.0
1.0,2222.0,1152.0,1128.0,1162.0,1152.0,1152.0,790.0,338.0,810.0,342.0
1.0,2232.0,1156.0,1130.0,1152.0,1162.0,1162.0,791.0,339.0,813.0,343.0
1.0,2228.0,1158.0,1130.0,1162.0,1158.0,1158.0,791.0,339.0,811.0,347.0
1.0,2232.0,1154.0,1131.0,1158.0,1157.0,1157.0,792.0,339.0,809.0,345.0
1.0,2236.0,1162.0,1131.0,1157.0,1162.0,1162.0,792.0,339.0,815.0,347.0
1.0,2231.0,1149.0,1132.0,1162.0,1152.0,1152.0,793.0,339.0,806.0,343.0
1.0,2244.0,1146.0,1133.0,1152.0,1149.0,1149.0,793.0,340.0,801.0,345.0
1.0,2250.0,1138.0,1133.0,1149.0,1138.0,1138.0,793.0,340.0,796.0,342.0
1.0,2261.0,1140.0,1134.0,1138.0,1143.0,1143.0,794.0,340.0,798.0,342.0
1.0,2259.0,1143.0,1134.0,1143.0,1143.0,1143.0,794.0,340.0,799.0,344.0
1.0,2259.0,1142.0,1134.0,1143.0,1142.0,1142.0,794.0,340.0,799.0,343.0
1.0,2260.0,1143.0,1134.0,1142.0,1143.0,1143.0,794.0,340.0,800.0,343.0
1.0,2259.0,1143.0,1135.0,1143.0,1146.0,1146.0,794.0,341.0,799.0,344.0
1.0,2259.0,1142.0,1136.0,1146.0,1145.0,1145.0,795.0,341.0,798.0,344.0
1.0,2263.0,1146.0,1136.0,1145.0,1146.0,1146.0,795.0,341.0,803.0,343.0
1.0,2262.0,1139.0,1136.0,1146.0,1139.0,1139.0,795.0,341.0,796.0,343.0
1.0,2269.0,1149.0,1137.0,1139.0,1152.0,1152.0,796.0,341.0,806.0,343.0
1.0,2259.0,1130.0,1137.0,1152.0,1130.0,1130.0,796.0,341.0,788.0,342.0
1.0,2281.0,1143.0,1139.0,1130.0,1149.0,1149.0,797.0,342.0,803.0,340.0
1.0,2268.0,1141.0,1139.0,1149.0,1141.0,1141.0,797.0,342.0,800.0,341.0
1.0,2276.0,1145.0,1140.0,1141.0,1148.0,1148.0,798.0,342.0,803.0,342.0
1.0,2272.0,1156.0,1141.0,1148.0,1159.0,1159.0,799.0,342.0,812.0,344.0
1.0,2264.0,1154.0,1141.0,1159.0,1154.0,1154.0,799.0,342.0,809.0,345.0
1.0,2269.0,1145.0,1142.0,1154.0,1148.0,1148.0,800.0,342.0,804.0,341.0
1.0,2278.0,1148.0,1143.0,1148.0,1151.0,1151.0,800.0,343.0,805.0,343.0
1.0,2278.0,1155.0,1144.0,1151.0,1158.0,1158.0,801.0,343.0,811.0,344.0
1.0,2274.0,1147.0,1144.0,1158.0,1147.0,1147.0,801.0,343.0,806.0,341.0
1.0,2285.0,1152.0,1145.0,1147.0,1155.0,1155.0,802.0,343.0,809.0,343.0
1.0,2280.0,1161.0,1146.0,1155.0,1164.0,1164.0,803.0,343.0,814.0,347.0
1.0,2274.0,1163.0,1146.0,1164.0,1163.0,1163.0,803.0,343.0,815.0,348.0
1.0,2275.0,1162.0,1147.0,1163.0,1165.0,1165.0,804.0,343.0,816.0,346.0
1.0,2276.0,1159.0,1149.0,1165.0,1165.0,1165.0,805.0,344.0,813.0,346.0
1.0,2282.0,1166.0,1149.0,1165.0,1166.0,1166.0,805.0,344.0,813.0,353.0
1.0,2281.0,1152.0,1150.0,1166.0,1155.0,1155.0,806.0,344.0,805.0,347.0
1.0,2295.0,1170.0,1150.0,1155.0,1170.0,1170.0,806.0,344.0,820.0,350.0
1.0,2280.0,1170.0,1151.0,1170.0,1173.0,1173.0,807.0,344.0,819.0,351.0
1.0,2280.0,1172.0,1151.0,1173.0,1172.0,1172.0,807.0,344.0,821.0,351.0
1.0,2281.0,1163.0,1152.0,1172.0,1166.0,1166.0,807.0,345.0,813.0,350.0
1.0,2290.0,1168.0,1152.0,1166.0,1168.0,1168.0,807.0,345.0,816.0,352.0
1.0,2288.0,1176.0,1153.0,1168.0,1179.0,1179.0,808.0,345.0,822.0,354.0
1.0,2280.0,1172.0,1153.0,1179.0,1172.0,1172.0,808.0,345.0,813.0,359.0
1.0,2287.0,1176.0,1155.0,1172.0,1182.0,1182.0,809.0,346.0,820.0,356.0
1.0,2283.0,1179.0,1155.0,1182.0,1179.0,1179.0,809.0,346.0,825.0,354.0
1.0,2286.0,1177.0,1155.0,1179.0,1177.0,1177.0,809.0,346.0,822.0,355.0
1.0,2288.0,1180.0,1155.0,1177.0,1180.0,1180.0,809.0,346.0,817.0,363.0
1.0,2285.0,1176.0,1155.0,1180.0,1176.0,1176.0,809.0,346.0,822.0,354.0
1.0,2289.0,1174.0,1157.0,1176.0,1180.0,1180.0,810.0,347.0,821.0,353.0
1.0,2291.0,1177.0,1157.0,1180.0,1177.0,1177.0,810.0,347.0,819.0,358.0
1.0,2294.0,1183.0,1157.0,1177.0,1183.0,1183.0,810.0,347.0,823.0,360.0
1.0,2288.0,1184.0,1157.0,1183.0,1184.0,1184.0,810.0,347.0,826.0,358.0
1.0,2287.0,1180.0,1158.0,1184.0,1183.0,1183.0,810.0,348.0,824.0,356.0
1.0,2291.0,1196.0,1159.0,1183.0,1199.0,1199.0,811.0,348.0,840.0,356.0
1.0,2278.0,1188.0,1159.0,1199.0,1188.0,1188.0,811.0,348.0,829.0,359.0
1.0,2289.0,1188.0,1160.0,1188.0,1191.0,1191.0,812.0,348.0,830.0,358.0
1.0,2289.0,1191.0,1161.0,1191.0,1194.0,1194.0,812.0,349.0,832.0,359.0
1.0,2289.0,1186.0,1161.0,1194.0,1186.0,1186.0,812.0,349.0,827.0,359.0
1.0,2297.0,1196.0,1162.0,1186.0,1199.0,1199.0,813.0,349.0,837.0,359.0
1.0,2287.0,1187.0,1162.0,1199.0,1187.0,1187.0,813.0,349.0,833.0,354.0
1.0,2299.0,1193.0,1164.0,1187.0,1199.0,1199.0,814.0,350.0,837.0,356.0
1.0,2293.0,1195.0,1165.0,1199.0,1198.0,1198.0,815.0,350.0,837.0,358.0
1.0,2297.0,1184.0,1165.0,1198.0,1184.0,1184.0,815.0,350.0,824.0,360.0
1.0,2311.0,1187.0,1166.0,1184.0,1190.0,1190.0,816.0,350.0,837.0,350.0
1.0,2308.0,1185.0,1168.0,1190.0,1191.0,1191.0,817.0,351.0,831.0,354.0
1.0,2313.0,1188.0,1168.0,1191.0,1188.0,1188.0,817.0,351.0,834.0,354.0
1.0,2316.0,1195.0,1169.0,1188.0,1198.0,1198.0,818.0,351.0,838.0,357.0
1.0,2309.0,1182.0,1170.0,1198.0,1185.0,1185.0,819.0,351.0,829.0,353.0
1.0,2325.0,1180.0,1170.0,1185.0,1180.0,1180.0,819.0,351.0,827.0,353.0
1.0,2330.0,1187.0,1172.0,1180.0,1193.0,1193.0,820.0,352.0,831.0,356.0
1.0,2323.0,1191.0,1172.0,1193.0,1191.0,1191.0,820.0,352.0,841.0,350.0
1.0,2325.0,1177.0,1173.0,1191.0,1180.0,1180.0,821.0,352.0,825.0,352.0
1.0,2339.0,1183.0,1174.0,1180.0,1186.0,1186.0,822.0,352.0,829.0,354.0
1.0,2336.0,1179.0,1174.0,1186.0,1179.0,1179.0,822.0,352.0,828.0,351.0
1.0,2343.0,1183.0,1176.0,1179.0,1189.0,1189.0,823.0,353.0,831.0,352.0
1.0,2339.0,1179.0,1176.0,1189.0,1179.0,1179.0,823.0,353.0,828.0,351.0
1.0,2349.0,1174.0,1176.0,1179.0,1174.0,1174.0,823.0,353.0,819.0,355.0
1.0,2354.0,1174.0,1176.0,1174.0,1174.0,1174.0,823.0,353.0,815.0,359.0
1.0,2354.0,1188.0,1178.0,1174.0,1194.0,1194.0,824.0,354.0,834.0,354.0
1.0,2340.0,1177.0,1178.0,1194.0,1177.0,1177.0,824.0,354.0,824.0,353.0
1.0,2357.0,1173.0,1179.0,1177.0,1176.0,1176.0,825.0,354.0,821.0,352.0
1.0,2361.0,1177.0,1179.0,1176.0,1177.0,1177.0,825.0,354.0,827.0,350.0
1.0,2360.0,1183.0,1179.0,1177.0,1183.0,1183.0,825.0,354.0,825.0,358.0
1.0,2354.0,1177.0,1179.0,1183.0,1177.0,1177.0,825.0,354.0,822.0,355.0
1.0,2360.0,1182.0,1180.0,1177.0,1185.0,1185.0,825.0,355.0,826.0,356.0
1.0,2355.0,1189.0,1181.0,1185.0,1192.0,1192.0,826.0,355.0,834.0,355.0
1.0,2351.0,1179.0,1181.0,1192.0,1179.0,1179.0,826.0,355.0,824.0,355.0
1.0,2364.0,1194.0,1182.0,1179.0,1197.0,1197.0,827.0,355.0,836.0,358.0
1.0,2349.0,1193.0,1182.0,1197.0,1193.0,1193.0,827.0,355.0,833.0,360.0
1.0,2353.0,1194.0,1182.0,1193.0,1194.0,1194.0,827.0,355.0,836.0,358.0
1.0,2352.0,1203.0,1183.0,1194.0,1206.0,1206.0,828.0,355.0,843.0,360.0
1.0,2343.0,1198.0,1184.0,1206.0,1201.0,1201.0,828.0,356.0,837.0,361.0
1.0,2351.0,1202.0,1185.0,1201.0,1205.0,1205.0,829.0,356.0,841.0,361.0
1.0,2350.0,1212.0,1185.0,1205.0,1212.0,1212.0,829.0,356.0,848.0,364.0
1.0,2343.0,1220.0,1186.0,1212.0,1223.0,1223.0,830.0,356.0,853.0,367.0
1.0,2335.0,1207.0,1186.0,1223.0,1207.0,1207.0,830.0,356.0,844.0,363.0
1.0,2351.0,1224.0,1188.0,1207.0,1230.0,1230.0,831.0,357.0,859.0,365.0
1.0,2334.0,1204.0,1188.0,1230.0,1204.0,1204.0,831.0,357.0,843.0,361.0
1.0,2360.0,1223.0,1189.0,1204.0,1226.0,1226.0,832.0,357.0,857.0,366.0
1.0,2341.0,1220.0,1190.0,1226.0,1223.0,1223.0,833.0,357.0,850.0,370.0
1.0,2347.0,1227.0,1190.0,1223.0,1227.0,1227.0,833.0,357.0,859.0,368.0
1.0,2343.0,1230.0,1191.0,1227.0,1233.0,1233.0,834.0,357.0,864.0,366.0
1.0,2340.0,1230.0,1193.0,1233.0,1236.0,1236.0,835.0,358.0,860.0,370.0
1.0,2343.0,1231.0,1194.0,1236.0,1234.0,1234.0,836.0,358.0,864.0,367.0
1.0,2348.0,1229.0,1194.0,1234.0,1229.0,1229.0,836.0,358.0,863.0,366.0
1.0,2353.0,1234.0,1195.0,1229.0,1237.0,1237.0,837.0,358.0,863.0,371.0
1.0,2348.0,1234.0,1197.0,1237.0,1240.0,1240.0,838.0,359.0,865.0,369.0
1.0,2351.0,1216.0,1197.0,1240.0,1216.0,1216.0,838.0,359.0,850.0,366.0
1.0,2375.0,1237.0,1198.0,1216.0,1240.0,1240.0,839.0,359.0,869.0,368.0
1.0,2354.0,1222.0,1198.0,1240.0,1222.0,1222.0,839.0,359.0,854.0,368.0
1.0,2372.0,1230.0,1199.0,1222.0,1233.0,1233.0,840.0,359.0,858.0,372.0
1.0,2364.0,1230.0,1200.0,1233.0,1233.0,1233.0,840.0,360.0,860.0,370.0
1.0,2367.0,1215.0,1200.0,1233.0,1215.0,1215.0,840.0,360.0,847.0,368.0
1.0,2385.0,1220.0,1201.0,1215.0,1223.0,1223.0,841.0,360.0,852.0,368.0
1.0,2380.0,1224.0,1201.0,1223.0,1224.0,1224.0,841.0,360.0,852.0,372.0
1.0,2379.0,1215.0,1202.0,1224.0,1218.0,1218.0,841.0,361.0,847.0,368.0
1.0,2388.0,1222.0,1203.0,1218.0,1225.0,1225.0,842.0,361.0,851.0,371.0
1.0,2384.0,1219.0,1203.0,1225.0,1219.0,1219.0,842.0,361.0,852.0,367.0
1.0,2390.0,1212.0,1203.0,1219.0,1212.0,1212.0,842.0,361.0,848.0,364.0
1.0,2397.0,1213.0,1205.0,1212.0,1219.0,1219.0,843.0,362.0,847.0,366.0
1.0,2396.0,1207.0,1205.0,1219.0,1207.0,1207.0,843.0,362.0,842.0,365.0
1.0,2408.0,1215.0,1205.0,1207.0,1215.0,1215.0,843.0,362.0,847.0,368.0
1.0,2400.0,1207.0,1205.0,1215.0,1207.0,1207.0,843.0,362.0,839.0,368.0
1.0,2408.0,1210.0,1207.0,1207.0,1216.0,1216.0,844.0,363.0,843.0,367.0
1.0,2405.0,1210.0,1207.0,1216.0,1210.0,1210.0,844.0,363.0,842.0,368.0
1.0,2411.0,1208.0,1207.0,1210.0,1208.0,1208.0,844.0,363.0,842.0,366.0
1.0,2413.0,1211.0,1207.0,1208.0,1211.0,1211.0,844.0,363.0,848.0,363.0
1.0,2410.0,1223.0,1209.0,1211.0,1229.0,1229.0,845.0,364.0,856.0,367.0
1.0,2398.0,1208.0,1209.0,1229.0,1208.0,1208.0,845.0,364.0,845.0,363.0
1.0,2419.0,1218.0,1210.0,1208.0,1221.0,1221.0,846.0,364.0,854.0,364.0
1.0,2409.0,1211.0,1210.0,1221.0,1211.0,1211.0,846.0,364.0,846.0,365.0
1.0,2419.0,1222.0,1211.0,1211.0,1225.0,1225.0,847.0,364.0,856.0,366.0
1.0,2408.0,1222.0,1213.0,1225.0,1228.0,1228.0,848.0,365.0,860.0,362.0
1.0,2411.0,1220.0,1213.0,1228.0,1220.0,1220.0,848.0,365.0,860.0,360.0
1.0,2419.0,1221.0,1214.0,1220.0,1224.0,1224.0,849.0,365.0,854.0,367.0
1.0,2418.0,1225.0,1215.0,1224.0,1228.0,1228.0,850.0,365.0,858.0,367.0
1.0,2417.0,1229.0,1215.0,1228.0,1229.0,1229.0,850.0,365.0,860.0,369.0
1.0,2416.0,1227.0,1217.0,1229.0,1233.0,1233.0,851.0,366.0,860.0,367.0
1.0,2418.0,1240.0,1218.0,1233.0,1243.0,1243.0,852.0,366.0,874.0,366.0
1.0,2411.0,1228.0,1218.0,1243.0,1228.0,1228.0,852.0,366.0,864.0,364.0
1.0,2426.0,1233.0,1219.0,1228.0,1236.0,1236.0,853.0,366.0,862.0,371.0
1.0,2421.0,1239.0,1220.0,1236.0,1242.0,1242.0,854.0,366.0,873.0,366.0
1.0,2418.0,1233.0,1221.0,1242.0,1236.0,1236.0,854.0,367.0,864.0,369.0
1.0,2427.0,1235.0,1222.0,1236.0,1238.0,1238.0,855.0,367.0,868.0,367.0
1.0,2428.0,1233.0,1222.0,1238.0,1233.0,1233.0,855.0,367.0,861.0,372.0
1.0,2433.0,1237.0,1222.0,1233.0,1237.0,1237.0,855.0,367.0,869.0,368.0
1.0,2429.0,1239.0,1223.0,1237.0,1242.0,1242.0,856.0,367.0,869.0,370.0
1.0,2427.0,1247.0,1223.0,1242.0,1247.0,1247.0,856.0,367.0,873.0,374.0
1.0,2422.0,1244.0,1224.0,1247.0,1247.0,1247.0,857.0,367.0,875.0,369.0
1.0,2425.0,1250.0,1225.0,1247.0,1253.0,1253.0,857.0,368.0,878.0,372.0
1.0,2422.0,1256.0,1226.0,1253.0,1259.0,1259.0,858.0,368.0,881.0,375.0
1.0,2419.0,1253.0,1226.0,1259.0,1253.0,1253.0,858.0,368.0,880.0,373.0
1.0,2425.0,1249.0,1226.0,1253.0,1249.0,1249.0,858.0,368.0,873.0,376.0
1.0,2429.0,1248.0,1227.0,1249.0,1251.0,1251.0,859.0,368.0,875.0,373.0
1.0,2430.0,1264.0,1227.0,1251.0,1264.0,1264.0,859.0,368.0,888.0,376.0
1.0,2417.0,1250.0,1227.0,1264.0,1250.0,1250.0,859.0,368.0,876.0,374.0
1.0,2431.0,1255.0,1228.0,1250.0,1258.0,1258.0,860.0,368.0,879.0,376.0
1.0,2426.0,1262.0,1229.0,1258.0,1265.0,1265.0,860.0,369.0,885.0,377.0
1.0,2422.0,1247.0,1229.0,1265.0,1247.0,1247.0,860.0,369.0,873.0,374.0
1.0,2440.0,1259.0,1230.0,1247.0,1262.0,1262.0,861.0,369.0,882.0,377.0
1.0,2428.0,1255.0,1230.0,1262.0,1255.0,1255.0,861.0,369.0,878.0,377.0
1.0,2435.0,1252.0,1231.0,1255.0,1255.0,1255.0,862.0,369.0,874.0,378.0
1.0,2438.0,1260.0,1231.0,1255.0,1260.0,1260.0,862.0,369.0,885.0,375.0
1.0,2433.0,1249.0,1231.0,1260.0,1249.0,1249.0,862.0,369.0,872.0,377.0
1.0,2444.0,1252.0,1233.0,1249.0,1258.0,1258.0,863.0,370.0,878.0,374.0
1.0,2441.0,1252.0,1233.0,1258.0,1252.0,1252.0,863.0,370.0,875.0,377.0
1.0,2447.0,1250.0,1234.0,1252.0,1253.0,1253.0,864.0,370.0,871.0,379.0
1.0,2449.0,1264.0,1234.0,1253.0,1264.0,1264.0,864.0,370.0,885.0,379.0
1.0,2438.0,1254.0,1235.0,1264.0,1257.0,1257.0,865.0,370.0,879.0,375.0
1.0,2448.0,1252.0,1235.0,1257.0,1252.0,1252.0,865.0,370.0,872.0,380.0
1.0,2453.0,1254.0,1237.0,1252.0,1260.0,1260.0,866.0,371.0,877.0,377.0
1.0,2451.0,1250.0,1237.0,1260.0,1250.0,1250.0,866.0,371.0,874.0,376.0
1.0,2461.0,1266.0,1238.0,1250.0,1269.0,1269.0,867.0,371.0,887.0,379.0
1.0,2445.0,1259.0,1239.0,1269.0,1262.0,1262.0,868.0,371.0,883.0,376.0
1.0,2455.0,1260.0,1240.0,1262.0,1263.0,1263.0,869.0,371.0,883.0,377.0
1.0,2457.0,1256.0,1242.0,1263.0,1262.0,1262.0,870.0,372.0,881.0,375.0
1.0,2464.0,1259.0,1242.0,1262.0,1259.0,1259.0,870.0,372.0,882.0,377.0
1.0,2467.0,1251.0,1243.0,1259.0,1254.0,1254.0,871.0,372.0,873.0,378.0
1.0,2475.0,1264.0,1244.0,1254.0,1267.0,1267.0,872.0,372.0,883.0,381.0
1.0,2465.0,1250.0,1245.0,1267.0,1253.0,1253.0,872.0,373.0,875.0,375.0
1.0,2482.0,1257.0,1246.0,1253.0,1260.0,1260.0,873.0,373.0,882.0,375.0
1.0,2478.0,1255.0,1246.0,1260.0,1255.0,1255.0,873.0,373.0,879.0,376.0
1.0,2483.0,1248.0,1247.0,1255.0,1251.0,1251.0,874.0,373.0,872.0,376.0
1.0,2490.0,1261.0,1247.0,1251.0,1261.0,1261.0,874.0,373.0,886.0,375.0
1.0,2480.0,1253.0,1249.0,1261.0,1259.0,1259.0,875.0,374.0,875.0,378.0
1.0,2488.0,1265.0,1249.0,1259.0,1265.0,1265.0,875.0,374.0,889.0,376.0
1.0,2482.0,1263.0,1250.0,1265.0,1266.0,1266.0,876.0,374.0,878.0,385.0
1.0,2484.0,1255.0,1251.0,1266.0,1258.0,1258.0,876.0,375.0,878.0,377.0
1.0,2495.0,1261.0,1251.0,1258.0,1261.0,1261.0,876.0,375.0,884.0,377.0
1.0,2492.0,1261.0,1252.0,1261.0,1264.0,1264.0,877.0,375.0,882.0,379.0
1.0,2492.0,1267.0,1252.0,1264.0,1267.0,1267.0,877.0,375.0,885.0,382.0
1.0,2489.0,1259.0,1253.0,1267.0,1262.0,1262.0,877.0,376.0,880.0,379.0
1.0,2497.0,1267.0,1254.0,1262.0,1270.0,1270.0,878.0,376.0,884.0,383.0
1.0,2492.0,1259.0,1254.0,1270.0,1259.0,1259.0,878.0,376.0,879.0,380.0
1.0,2503.0,1267.0,1254.0,1259.0,1267.0,1267.0,878.0,376.0,882.0,385.0
1.0,2495.0,1275.0,1256.0,1267.0,1281.0,1281.0,879.0,377.0,893.0,382.0
1.0,2487.0,1277.0,1256.0,1281.0,1277.0,1277.0,879.0,377.0,893.0,384.0
1.0,2491.0,1279.0,1257.0,1277.0,1282.0,1282.0,880.0,377.0,889.0,390.0
1.0,2489.0,1270.0,1258.0,1282.0,1273.0,1273.0,880.0,378.0,887.0,383.0
1.0,2501.0,1282.0,1259.0,1273.0,1285.0,1285.0,881.0,378.0,898.0,384.0
1.0,2492.0,1281.0,1259.0,1285.0,1281.0,1281.0,881.0,378.0,897.0,384.0
1.0,2496.0,1278.0,1259.0,1281.0,1278.0,1278.0,881.0,378.0,890.0,388.0
1.0,2499.0,1278.0,1259.0,1278.0,1278.0,1278.0,881.0,378.0,897.0,381.0
1.0,2499.0,1289.0,1261.0,1278.0,1295.0,1295.0,882.0,379.0,906.0,383.0
1.0,2488.0,1284.0,1262.0,1295.0,1287.0,1287.0,883.0,379.0,903.0,381.0
1.0,2499.0,1298.0,1262.0,1287.0,1298.0,1298.0,883.0,379.0,911.0,387.0
1.0,2488.0,1279.0,1262.0,1298.0,1279.0,1279.0,883.0,379.0,890.0,389.0
1.0,2507.0,1299.0,1263.0,1279.0,1302.0,1302.0,884.0,379.0,914.0,385.0
1.0,2487.0,1292.0,1264.0,1302.0,1295.0,1295.0,884.0,380.0,904.0,388.0
1.0,2497.0,1298.0,1265.0,1295.0,1301.0,1301.0,885.0,380.0,912.0,386.0
1.0,2494.0,1295.0,1266.0,1301.0,1298.0,1298.0,886.0,380.0,907.0,388.0
1.0,2500.0,1301.0,1266.0,1298.0,1301.0,1301.0,886.0,380.0,914.0,387.0
1.0,2497.0,1298.0,1267.0,1301.0,1301.0,1301.0,887.0,380.0,915.0,383.0
1.0,2500.0,1297.0,1269.0,1301.0,1303.0,1303.0,888.0,381.0,913.0,384.0
1.0,2504.0,1298.0,1269.0,1303.0,1298.0,1298.0,888.0,381.0,912.0,386.0
1.0,2509.0,1298.0,1270.0,1298.0,1301.0,1301.0,889.0,381.0,914.0,384.0
1.0,2509.0,1294.0,1271.0,1301.0,1297.0,1297.0,890.0,381.0,909.0,385.0
1.0,2516.0,1296.0,1271.0,1297.0,1296.0,1296.0,890.0,381.0,906.0,390.0
1.0,2517.0,1289.0,1272.0,1296.0,1292.0,1292.0,891.0,381.0,904.0,385.0
1.0,2524.0,1299.0,1273.0,1292.0,1302.0,1302.0,891.0,382.0,911.0,388.0
1.0,2517.0,1278.0,1274.0,1302.0,1281.0,1281.0,892.0,382.0,893.0,385.0
1.0,2541.0,1297.0,1274.0,1281.0,1297.0,1297.0,892.0,382.0,910.0,387.0
1.0,2525.0,1283.0,1275.0,1297.0,1286.0,1286.0,893.0,382.0,899.0,384.0
1.0,2539.0,1287.0,1275.0,1286.0,1287.0,1287.0,893.0,382.0,905.0,382.0
1.0,2538.0,1279.0,1276.0,1287.0,1282.0,1282.0,894.0,382.0,896.0,383.0
1.0,2546.0,1268.0,1276.0,1282.0,1268.0,1268.0,894.0,382.0,889.0,379.0
1.0,2560.0,1270.0,1276.0,1268.0,1270.0,1270.0,894.0,382.0,888.0,382.0
1.0,2558.0,1278.0,1277.0,1270.0,1281.0,1281.0,894.0,383.0,894.0,384.0
1.0,2550.0,1272.0,1277.0,1281.0,1272.0,1272.0,894.0,383.0,887.0,385.0
1.0,2559.0,1281.0,1278.0,1272.0,1284.0,1284.0,895.0,383.0,896.0,385.0
1.0,2550.0,1273.0,1278.0,1284.0,1273.0,1273.0,895.0,383.0,886.0,387.0
1.0,2561.0,1274.0,1278.0,1273.0,1274.0,1274.0,895.0,383.0,887.0,387.0
1.0,2560.0,1279.0,1278.0,1274.0,1279.0,1279.0,895.0,383.0,897.0,382.0
1.0,2555.0,1280.0,1279.0,1279.0,1283.0,1283.0,895.0,384.0,893.0,387.0
1.0,2554.0,1279.0,1280.0,1283.0,1282.0,1282.0,896.0,384.0,893.0,386.0
1.0,2558.0,1277.0,1280.0,1282.0,1277.0,1277.0,896.0,384.0,892.0,385.0
1.0,2563.0,1286.0,1280.0,1277.0,1286.0,1286.0,896.0,384.0,896.0,390.0
1.0,2554.0,1287.0,1281.0,1286.0,1290.0,1290.0,897.0,384.0,898.0,389.0
1.0,2553.0,1289.0,1281.0,1290.0,1289.0,1289.0,897.0,384.0,901.0,388.0
1.0,2554.0,1276.0,1282.0,1289.0,1279.0,1279.0,897.0,385.0,891.0,385.0
1.0,2567.0,1289.0,1283.0,1279.0,1292.0,1292.0,898.0,385.0,900.0,389.0
1.0,2557.0,1299.0,1283.0,1292.0,1299.0,1299.0,898.0,385.0,903.0,396.0
1.0,2550.0,1300.0,1283.0,1299.0,1300.0,1300.0,898.0,385.0,907.0,393.0
1.0,2549.0,1308.0,1285.0,1300.0,1314.0,1314.0,899.0,386.0,915.0,393.0
1.0,2541.0,1304.0,1286.0,1314.0,1307.0,1307.0,900.0,386.0,912.0,392.0
1.0,2551.0,1300.0,1286.0,1307.0,1300.0,1300.0,900.0,386.0,916.0,384.0
1.0,2558.0,1315.0,1287.0,1300.0,1318.0,1318.0,901.0,386.0,918.0,397.0
1.0,2543.0,1303.0,1287.0,1318.0,1303.0,1303.0,901.0,386.0,910.0,393.0
1.0,2558.0,1322.0,1289.0,1303.0,1328.0,1328.0,902.0,387.0,926.0,396.0
1.0,2539.0,1321.0,1290.0,1328.0,1324.0,1324.0,903.0,387.0,925.0,396.0
1.0,2546.0,1325.0,1290.0,1324.0,1325.0,1325.0,903.0,387.0,929.0,396.0
1.0,2545.0,1327.0,1291.0,1325.0,1330.0,1330.0,904.0,387.0,928.0,399.0
1.0,2543.0,1318.0,1292.0,1330.0,1321.0,1321.0,904.0,388.0,921.0,397.0
1.0,2555.0,1324.0,1293.0,1321.0,1327.0,1327.0,905.0,388.0,927.0,397.0
1.0,2552.0,1321.0,1294.0,1327.0,1324.0,1324.0,906.0,388.0,925.0,396.0
1.0,2558.0,1323.0,1294.0,1324.0,1323.0,1323.0,906.0,388.0,926.0,397.0
1.0,2559.0,1330.0,1296.0,1323.0,1336.0,1336.0,907.0,389.0,934.0,396.0
1.0,2552.0,1331.0,1296.0,1336.0,1331.0,1331.0,907.0,389.0,932.0,399.0
1.0,2557.0,1336.0,1297.0,1331.0,1339.0,1339.0,908.0,389.0,937.0,399.0
1.0,2552.0,1333.0,1297.0,1339.0,1333.0,1333.0,908.0,389.0,931.0,402.0
1.0,2558.0,1327.0,1299.0,1333.0,1333.0,1333.0,909.0,390.0,928.0,399.0
1.0,2564.0,1329.0,1299.0,1333.0,1329.0,1329.0,909.0,390.0,928.0,401.0
1.0,2568.0,1327.0,1299.0,1329.0,1327.0,1327.0,909.0,390.0,926.0,401.0
1.0,2570.0,1320.0,1300.0,1327.0,1323.0,1323.0,910.0,390.0,923.0,397.0
1.0,2577.0,1316.0,1300.0,1323.0,1316.0,1316.0,910.0,390.0,920.0,396.0
1.0,2584.0,1321.0,1301.0,1316.0,1324.0,1324.0,910.0,391.0,922.0,399.0
1.0,2579.0,1325.0,1301.0,1324.0,1325.0,1325.0,910.0,391.0,925.0,400.0
1.0,2578.0,1318.0,1301.0,1325.0,1318.0,1318.0,910.0,391.0,917.0,401.0
1.0,2585.0,1319.0,1302.0,1318.0,1322.0,1322.0,910.0,392.0,922.0,397.0
1.0,2584.0,1316.0,1303.0,1322.0,1319.0,1319.0,911.0,392.0,919.0,397.0
1.0,2590.0,1323.0,1303.0,1319.0,1323.0,1323.0,911.0,392.0,927.0,396.0
1.0,2586.0,1319.0,1303.0,1323.0,1319.0,1319.0,911.0,392.0,921.0,398.0
1.0,2590.0,1318.0,1304.0,1319.0,1321.0,1321.0,912.0,392.0,924.0,394.0
1.0,2591.0,1318.0,1304.0,1321.0,1318.0,1318.0,912.0,392.0,923.0,395.0
1.0,2594.0,1320.0,1306.0,1318.0,1326.0,1326.0,913.0,393.0,920.0,400.0
1.0,2592.0,1313.0,1306.0,1326.0,1313.0,1313.0,913.0,393.0,919.0,394.0
1.0,2605.0,1317.0,1306.0,1313.0,1317.0,1317.0,913.0,393.0,920.0,397.0
1.0,2601.0,1330.0,1308.0,1317.0,1336.0,1336.0,914.0,394.0,932.0,398.0
1.0,2588.0,1323.0,1309.0,1336.0,1326.0,1326.0,915.0,394.0,927.0,396.0
1.0,2601.0,1320.0,1310.0,1326.0,1323.0,1323.0,916.0,394.0,929.0,391.0
1.0,2607.0,1334.0,1311.0,1323.0,1337.0,1337.0,917.0,394.0,938.0,396.0
1.0,2596.0,1319.0,1311.0,1337.0,1319.0,1319.0,917.0,394.0,929.0,390.0
1.0,2614.0,1320.0,1312.0,1319.0,1323.0,1323.0,918.0,394.0,927.0,393.0
1.0,2613.0,1326.0,1314.0,1323.0,1332.0,1332.0,919.0,395.0,934.0,392.0
1.0,2610.0,1317.0,1314.0,1332.0,1317.0,1317.0,919.0,395.0,926.0,391.0
1.0,2625.0,1322.0,1315.0,1317.0,1325.0,1325.0,920.0,395.0,925.0,397.0
1.0,2620.0,1316.0,1316.0,1325.0,1319.0,1319.0,921.0,395.0,921.0,395.0
1.0,2629.0,1323.0,1316.0,1319.0,1323.0,1323.0,921.0,395.0,927.0,396.0
1.0,2625.0,1322.0,1317.0,1323.0,1325.0,1325.0,922.0,395.0,929.0,393.0
1.0,2626.0,1325.0,1318.0,1325.0,1328.0,1328.0,923.0,395.0,930.0,395.0
1.0,2626.0,1323.0,1319.0,1328.0,1326.0,1326.0,923.0,396.0,930.0,393.0
1.0,2631.0,1319.0,1320.0,1326.0,1322.0,1322.0,924.0,396.0,924.0,395.0
1.0,2638.0,1329.0,1320.0,1322.0,1329.0,1329.0,924.0,396.0,931.0,398.0
1.0,2631.0,1329.0,1321.0,1329.0,1332.0,1332.0,925.0,396.0,931.0,398.0
1.0,2631.0,1327.0,1321.0,1332.0,1327.0,1327.0,925.0,396.0,926.0,401.0
1.0,2636.0,1328.0,1321.0,1327.0,1328.0,1328.0,925.0,396.0,928.0,400.0
1.0,2635.0,1341.0,1322.0,1328.0,1344.0,1344.0,926.0,396.0,945.0,396.0
1.0,2622.0,1339.0,1324.0,1344.0,1345.0,1345.0,927.0,397.0,938.0,401.0
1.0,2627.0,1344.0,1324.0,1345.0,1344.0,1344.0,927.0,397.0,943.0,401.0
1.0,2628.0,1328.0,1324.0,1344.0,1328.0,1328.0,927.0,397.0,926.0,402.0
1.0,2644.0,1335.0,1325.0,1328.0,1338.0,1338.0,928.0,397.0,936.0,399.0
1.0,2637.0,1341.0,1325.0,1338.0,1341.0,1341.0,928.0,397.0,940.0,401.0
1.0,2634.0,1348.0,1325.0,1341.0,1348.0,1348.0,928.0,397.0,941.0,407.0
1.0,2627.0,1354.0,1326.0,1348.0,1357.0,1357.0,928.0,398.0,944.0,410.0
1.0,2621.0,1346.0,1327.0,1357.0,1349.0,1349.0,929.0,398.0,943.0,403.0
1.0,2632.0,1354.0,1327.0,1349.0,1354.0,1354.0,929.0,398.0,948.0,406.0
1.0,2627.0,1365.0,1328.0,1354.0,1368.0,1368.0,930.0,398.0,948.0,417.0
1.0,2616.0,1345.0,1328.0,1368.0,1345.0,1345.0,930.0,398.0,937.0,408.0
1.0,2639.0,1361.0,1329.0,1345.0,1364.0,1364.0,930.0,399.0,951.0,410.0
1.0,2623.0,1351.0,1329.0,1364.0,1351.0,1351.0,930.0,399.0,943.0,408.0
1.0,2636.0,1367.0,1330.0,1351.0,1370.0,1370.0,931.0,399.0,951.0,416.0
1.0,2620.0,1369.0,1330.0,1370.0,1369.0,1369.0,931.0,399.0,959.0,410.0
1.0,2621.0,1362.0,1332.0,1369.0,1368.0,1368.0,932.0,400.0,951.0,411.0
1.0,2628.0,1361.0,1332.0,1368.0,1361.0,1361.0,932.0,400.0,949.0,412.0
1.0,2635.0,1356.0,1332.0,1361.0,1356.0,1356.0,932.0,400.0,947.0,409.0
1.0,2640.0,1370.0,1333.0,1356.0,1373.0,1373.0,933.0,400.0,957.0,413.0
1.0,2626.0,1360.0,1334.0,1373.0,1363.0,1363.0,934.0,400.0,952.0,408.0
1.0,2639.0,1378.0,1336.0,1363.0,1384.0,1384.0,935.0,401.0,965.0,413.0
1.0,2624.0,1362.0,1336.0,1384.0,1362.0,1362.0,935.0,401.0,957.0,405.0
1.0,2646.0,1376.0,1337.0,1362.0,1379.0,1379.0,936.0,401.0,967.0,409.0
1.0,2632.0,1366.0,1338.0,1379.0,1369.0,1369.0,937.0,401.0,955.0,411.0
1.0,2645.0,1362.0,1338.0,1369.0,1362.0,1362.0,937.0,401.0,953.0,409.0
1.0,2652.0,1378.0,1340.0,1362.0,1384.0,1384.0,938.0,402.0,968.0,410.0
1.0,2636.0,1363.0,1341.0,1384.0,1366.0,1366.0,939.0,402.0,953.0,410.0
1.0,2657.0,1376.0,1342.0,1366.0,1379.0,1379.0,940.0,402.0,963.0,413.0
1.0,2647.0,1367.0,1343.0,1379.0,1370.0,1370.0,940.0,403.0,962.0,405.0
1.0,2659.0,1356.0,1344.0,1370.0,1359.0,1359.0,941.0,403.0,951.0,405.0
1.0,2673.0,1365.0,1345.0,1359.0,1368.0,1368.0,942.0,403.0,956.0,409.0
1.0,2667.0,1365.0,1345.0,1368.0,1365.0,1365.0,942.0,403.0,956.0,409.0
1.0,2670.0,1361.0,1346.0,1365.0,1364.0,1364.0,943.0,403.0,954.0,407.0
1.0,2674.0,1355.0,1347.0,1364.0,1358.0,1358.0,943.0,404.0,949.0,406.0
1.0,2683.0,1350.0,1347.0,1358.0,1350.0,1350.0,943.0,404.0,941.0,409.0
1.0,2691.0,1357.0,1348.0,1350.0,1360.0,1360.0,944.0,404.0,950.0,407.0
1.0,2684.0,1354.0,1348.0,1360.0,1354.0,1354.0,944.0,404.0,947.0,407.0
1.0,2690.0,1342.0,1349.0,1354.0,1345.0,1345.0,944.0,405.0,938.0,404.0
1.0,2702.0,1353.0,1349.0,1345.0,1353.0,1353.0,944.0,405.0,947.0,406.0
1.0,2694.0,1346.0,1350.0,1353.0,1349.0,1349.0,945.0,405.0,936.0,410.0
1.0,2701.0,1349.0,1350.0,1349.0,1349.0,1349.0,945.0,405.0,944.0,405.0
1.0,2701.0,1343.0,1351.0,1349.0,1346.0,1346.0,945.0,406.0,940.0,403.0
1.0,2707.0,1346.0,1352.0,1346.0,1349.0,1349.0,946.0,406.0,942.0,404.0
1.0,2707.0,1352.0,1352.0,1349.0,1352.0,1352.0,946.0,406.0,947.0,405.0
1.0,2704.0,1347.0,1352.0,1352.0,1347.0,1347.0,946.0,406.0,941.0,406.0
1.0,2709.0,1357.0,1353.0,1347.0,1360.0,1360.0,947.0,406.0,951.0,406.0
1.0,2699.0,1359.0,1354.0,1360.0,1362.0,1362.0,947.0,407.0,953.0,406.0
1.0,2700.0,1358.0,1355.0,1362.0,1361.0,1361.0,948.0,407.0,952.0,406.0
1.0,2704.0,1369.0,1355.0,1361.0,1369.0,1369.0,948.0,407.0,960.0,409.0
1.0,2696.0,1364.0,1356.0,1369.0,1367.0,1367.0,949.0,407.0,959.0,405.0
1.0,2701.0,1370.0,1356.0,1367.0,1370.0,1370.0,949.0,407.0,959.0,411.0
1.0,2698.0,1368.0,1358.0,1370.0,1374.0,1374.0,950.0,408.0,958.0,410.0
1.0,2700.0,1366.0,1358.0,1374.0,1366.0,1366.0,950.0,408.0,960.0,406.0
1.0,2708.0,1377.0,1358.0,1366.0,1377.0,1377.0,950.0,408.0,964.0,413.0
1.0,2697.0,1374.0,1359.0,1377.0,1377.0,1377.0,951.0,408.0,966.0,408.0
1.0,2700.0,1374.0,1360.0,1377.0,1377.0,1377.0,952.0,408.0,959.0,415.0
1.0,2703.0,1384.0,1360.0,1377.0,1384.0,1384.0,952.0,408.0,973.0,411.0
1.0,2696.0,1378.0,1362.0,1384.0,1384.0,1384.0,953.0,409.0,966.0,412.0
1.0,2702.0,1397.0,1362.0,1384.0,1397.0,1397.0,953.0,409.0,982.0,415.0
1.0,2689.0,1395.0,1363.0,1397.0,1398.0,1398.0,954.0,409.0,985.0,410.0
1.0,2691.0,1394.0,1364.0,1398.0,1397.0,1397.0,955.0,409.0,979.0,415.0
1.0,2695.0,1393.0,1364.0,1397.0,1393.0,1393.0,955.0,409.0,975.0,418.0
1.0,2699.0,1391.0,1365.0,1393.0,1394.0,1394.0,956.0,409.0,981.0,410.0
1.0,2701.0,1392.0,1366.0,1394.0,1395.0,1395.0,957.0,409.0,974.0,418.0
1.0,2703.0,1397.0,1366.0,1395.0,1397.0,1397.0,957.0,409.0,978.0,419.0
1.0,2701.0,1391.0,1367.0,1397.0,1394.0,1394.0,958.0,409.0,975.0,416.0
1.0,2707.0,1398.0,1368.0,1394.0,1401.0,1401.0,958.0,410.0,981.0,417.0
1.0,2703.0,1397.0,1369.0,1401.0,1400.0,1400.0,959.0,410.0,979.0,418.0
1.0,2707.0,1399.0,1369.0,1400.0,1399.0,1399.0,959.0,410.0,981.0,418.0
1.0,2708.0,1400.0,1370.0,1399.0,1403.0,1403.0,960.0,410.0,979.0,421.0
1.0,2707.0,1399.0,1370.0,1403.0,1399.0,1399.0,960.0,410.0,975.0,424.0
1.0,2711.0,1404.0,1372.0,1399.0,1410.0,1410.0,961.0,411.0,981.0,423.0
1.0,2706.0,1401.0,1372.0,1410.0,1401.0,1401.0,961.0,411.0,983.0,418.0
1.0,2715.0,1389.0,1373.0,1401.0,1392.0,1392.0,962.0,411.0,972.0,417.0
1.0,2727.0,1393.0,1373.0,1392.0,1393.0,1393.0,962.0,411.0,975.0,418.0
1.0,2726.0,1393.0,1373.0,1393.0,1393.0,1393.0,962.0,411.0,972.0,421.0
1.0,2726.0,1392.0,1374.0,1393.0,1395.0,1395.0,962.0,412.0,968.0,424.0
1.0,2727.0,1390.0,1374.0,1395.0,1390.0,1390.0,962.0,412.0,970.0,420.0
1.0,2732.0,1392.0,1375.0,1390.0,1395.0,1395.0,963.0,412.0,974.0,418.0
1.0,2730.0,1387.0,1375.0,1395.0,1387.0,1387.0,963.0,412.0,971.0,416.0
1.0,2738.0,1393.0,1375.0,1387.0,1393.0,1393.0,963.0,412.0,970.0,423.0
1.0,2732.0,1385.0,1375.0,1393.0,1385.0,1385.0,963.0,412.0,969.0,416.0
1.0,2740.0,1382.0,1377.0,1385.0,1388.0,1388.0,964.0,413.0,962.0,420.0
1.0,2743.0,1372.0,1377.0,1388.0,1372.0,1372.0,964.0,413.0,955.0,417.0
1.0,2759.0,1384.0,1377.0,1372.0,1384.0,1384.0,964.0,413.0,961.0,423.0
1.0,2747.0,1386.0,1377.0,1384.0,1386.0,1386.0,964.0,413.0,968.0,418.0
1.0,2745.0,1384.0,1378.0,1386.0,1387.0,1387.0,964.0,414.0,965.0,419.0
1.0,2747.0,1388.0,1379.0,1387.0,1391.0,1391.0,965.0,414.0,967.0,421.0
1.0,2746.0,1381.0,1379.0,1391.0,1381.0,1381.0,965.0,414.0,961.0,420.0
1.0,2756.0,1388.0,1380.0,1381.0,1391.0,1391.0,966.0,414.0,971.0,417.0
1.0,2749.0,1396.0,1381.0,1391.0,1399.0,1399.0,966.0,415.0,979.0,417.0
1.0,2744.0,1397.0,1382.0,1399.0,1400.0,1400.0,967.0,415.0,981.0,416.0
1.0,2746.0,1397.0,1383.0,1400.0,1400.0,1400.0,968.0,415.0,979.0,418.0
1.0,2749.0,1392.0,1383.0,1400.0,1392.0,1392.0,968.0,415.0,971.0,421.0
1.0,2757.0,1397.0,1384.0,1392.0,1400.0,1400.0,969.0,415.0,981.0,416.0
1.0,2752.0,1384.0,1386.0,1400.0,1390.0,1390.0,970.0,416.0,968.0,416.0
1.0,2768.0,1403.0,1386.0,1390.0,1403.0,1403.0,970.0,416.0,985.0,418.0
1.0,2755.0,1410.0,1387.0,1403.0,1413.0,1413.0,971.0,416.0,986.0,424.0
1.0,2748.0,1398.0,1389.0,1413.0,1404.0,1404.0,972.0,417.0,976.0,422.0
1.0,2763.0,1406.0,1389.0,1404.0,1406.0,1406.0,972.0,417.0,985.0,421.0
1.0,2761.0,1409.0,1390.0,1406.0,1412.0,1412.0,973.0,417.0,984.0,425.0
1.0,2758.0,1410.0,1391.0,1412.0,1413.0,1413.0,973.0,418.0,987.0,423.0
1.0,2760.0,1410.0,1392.0,1413.0,1413.0,1413.0,974.0,418.0,992.0,418.0
1.0,2763.0,1411.0,1392.0,1413.0,1411.0,1411.0,974.0,418.0,989.0,422.0
1.0,2765.0,1407.0,1393.0,1411.0,1410.0,1410.0,975.0,418.0,981.0,426.0
1.0,2769.0,1405.0,1393.0,1410.0,1405.0,1405.0,975.0,418.0,984.0,421.0
1.0,2774.0,1415.0,1395.0,1405.0,1421.0,1421.0,976.0,419.0,992.0,423.0
1.0,2764.0,1412.0,1395.0,1421.0,1412.0,1412.0,976.0,419.0,984.0,428.0
1.0,2773.0,1417.0,1396.0,1412.0,1420.0,1420.0,977.0,419.0,990.0,427.0
1.0,2768.0,1404.0,1396.0,1420.0,1404.0,1404.0,977.0,419.0,983.0,421.0
1.0,2784.0,1420.0,1397.0,1404.0,1423.0,1423.0,977.0,420.0,996.0,424.0
1.0,2768.0,1411.0,1397.0,1423.0,1411.0,1411.0,977.0,420.0,990.0,421.0
1.0,2780.0,1422.0,1398.0,1411.0,1425.0,1425.0,978.0,420.0,996.0,426.0
1.0,2769.0,1419.0,1398.0,1425.0,1419.0,1419.0,978.0,420.0,986.0,433.0
1.0,2775.0,1415.0,1399.0,1419.0,1418.0,1418.0,978.0,421.0,989.0,426.0
1.0,2779.0,1420.0,1399.0,1418.0,1420.0,1420.0,978.0,421.0,993.0,427.0
1.0,2777.0,1418.0,1400.0,1420.0,1421.0,1421.0,979.0,421.0,992.0,426.0
1.0,2779.0,1430.0,1400.0,1421.0,1430.0,1430.0,979.0,421.0,1004.0,426.0
1.0,2770.0,1427.0,1400.0,1430.0,1427.0,1427.0,979.0,421.0,996.0,431.0
1.0,2773.0,1427.0,1402.0,1427.0,1433.0,1433.0,980.0,422.0,1000.0,427.0
1.0,2773.0,1422.0,1402.0,1433.0,1422.0,1422.0,980.0,422.0,996.0,426.0
1.0,2784.0,1431.0,1403.0,1422.0,1434.0,1434.0,981.0,422.0,1004.0,427.0
1.0,2775.0,1418.0,1403.0,1434.0,1418.0,1418.0,981.0,422.0,992.0,426.0
1.0,2791.0,1428.0,1403.0,1418.0,1428.0,1428.0,981.0,422.0,999.0,429.0
1.0,2781.0,1423.0,1403.0,1428.0,1423.0,1423.0,981.0,422.0,994.0,429.0
1.0,2786.0,1423.0,1404.0,1423.0,1426.0,1426.0,982.0,422.0,996.0,427.0
1.0,2786.0,1438.0,1406.0,1426.0,1444.0,1444.0,983.0,423.0,1009.0,429.0
1.0,2774.0,1439.0,1406.0,1444.0,1439.0,1439.0,983.0,423.0,1010.0,429.0
1.0,2779.0,1438.0,1407.0,1439.0,1441.0,1441.0,984.0,423.0,1009.0,429.0
1.0,2780.0,1424.0,1408.0,1441.0,1427.0,1427.0,985.0,423.0,998.0,426.0
1.0,2797.0,1437.0,1408.0,1427.0,1437.0,1437.0,985.0,423.0,1007.0,430.0
1.0,2787.0,1431.0,1409.0,1437.0,1434.0,1434.0,986.0,423.0,1007.0,424.0
1.0,2793.0,1425.0,1410.0,1434.0,1428.0,1428.0,987.0,423.0,1001.0,424.0
1.0,2802.0,1431.0,1411.0,1428.0,1434.0,1434.0,987.0,424.0,1007.0,424.0
1.0,2799.0,1438.0,1412.0,1434.0,1441.0,1441.0,988.0,424.0,1008.0,430.0
1.0,2795.0,1430.0,1413.0,1441.0,1433.0,1433.0,989.0,424.0,1006.0,424.0
1.0,2806.0,1431.0,1414.0,1433.0,1434.0,1434.0,990.0,424.0,1005.0,426.0
1.0,2808.0,1435.0,1415.0,1434.0,1438.0,1438.0,991.0,424.0,1006.0,429.0
1.0,2807.0,1427.0,1415.0,1438.0,1427.0,1427.0,991.0,424.0,1000.0,427.0
1.0,2818.0,1429.0,1416.0,1427.0,1432.0,1432.0,992.0,424.0,1003.0,426.0
1.0,2816.0,1417.0,1417.0,1432.0,1420.0,1420.0,993.0,424.0,991.0,426.0
1.0,2831.0,1416.0,1418.0,1420.0,1419.0,1419.0,993.0,425.0,988.0,428.0
1.0,2835.0,1432.0,1418.0,1419.0,1432.0,1432.0,993.0,425.0,1003.0,429.0
1.0,2822.0,1424.0,1419.0,1432.0,1427.0,1427.0,994.0,425.0,991.0,433.0
1.0,2830.0,1429.0,1420.0,1427.0,1432.0,1432.0,994.0,426.0,999.0,430.0
1.0,2828.0,1420.0,1420.0,1432.0,1420.0,1420.0,994.0,426.0,991.0,429.0
1.0,2840.0,1421.0,1421.0,1420.0,1424.0,1424.0,995.0,426.0,994.0,427.0
1.0,2839.0,1433.0,1421.0,1424.0,1433.0,1433.0,995.0,426.0,1003.0,430.0
1.0,2830.0,1426.0,1422.0,1433.0,1429.0,1429.0,996.0,426.0,1000.0,426.0
1.0,2837.0,1423.0,1422.0,1429.0,1423.0,1423.0,996.0,426.0,994.0,429.0
1.0,2843.0,1429.0,1422.0,1423.0,1429.0,1429.0,996.0,426.0,1001.0,428.0
1.0,2837.0,1427.0,1423.0,1429.0,1430.0,1430.0,996.0,427.0,996.0,431.0
1.0,2839.0,1433.0,1424.0,1430.0,1436.0,1436.0,997.0,427.0,1000.0,433.0
1.0,2836.0,1434.0,1424.0,1436.0,1434.0,1434.0,997.0,427.0,998.0,436.0
1.0,2838.0,1440.0,1424.0,1434.0,1440.0,1440.0,997.0,427.0,1005.0,435.0
1.0,2832.0,1436.0,1426.0,1440.0,1442.0,1442.0,998.0,428.0,1004.0,432.0
1.0,2836.0,1438.0,1426.0,1442.0,1438.0,1438.0,998.0,428.0,1004.0,434.0
1.0,2840.0,1449.0,1426.0,1438.0,1449.0,1449.0,998.0,428.0,1012.0,437.0
1.0,2829.0,1442.0,1427.0,1449.0,1445.0,1445.0,999.0,428.0,1007.0,435.0
1.0,2836.0,1446.0,1427.0,1445.0,1446.0,1446.0,999.0,428.0,1008.0,438.0
1.0,2835.0,1450.0,1429.0,1446.0,1456.0,1456.0,1000.0,429.0,1013.0,437.0
1.0,2831.0,1461.0,1429.0,1456.0,1461.0,1461.0,1000.0,429.0,1019.0,442.0
1.0,2826.0,1462.0,1430.0,1461.0,1465.0,1465.0,1001.0,429.0,1024.0,438.0
1.0,2825.0,1459.0,1431.0,1465.0,1462.0,1462.0,1001.0,430.0,1019.0,440.0
1.0,2831.0,1468.0,1432.0,1462.0,1471.0,1471.0,1002.0,430.0,1029.0,439.0
1.0,2825.0,1466.0,1433.0,1471.0,1469.0,1469.0,1003.0,430.0,1025.0,441.0
1.0,2830.0,1462.0,1434.0,1469.0,1465.0,1465.0,1004.0,430.0,1025.0,437.0
1.0,2837.0,1471.0,1435.0,1465.0,1474.0,1474.0,1004.0,431.0,1028.0,443.0
1.0,2831.0,1477.0,1436.0,1474.0,1480.0,1480.0,1005.0,431.0,1037.0,440.0
1.0,2828.0,1460.0,1436.0,1480.0,1460.0,1460.0,1005.0,431.0,1020.0,440.0
1.0,2848.0,1475.0,1437.0,1460.0,1478.0,1478.0,1006.0,431.0,1038.0,437.0
1.0,2833.0,1465.0,1439.0,1478.0,1471.0,1471.0,1007.0,432.0,1026.0,439.0
1.0,2846.0,1475.0,1439.0,1471.0,1475.0,1475.0,1007.0,432.0,1036.0,439.0
1.0,2842.0,1468.0,1440.0,1475.0,1471.0,1471.0,1008.0,432.0,1027.0,441.0
1.0,2849.0,1477.0,1441.0,1471.0,1480.0,1480.0,1009.0,432.0,1036.0,441.0
1.0,2843.0,1475.0,1442.0,1480.0,1478.0,1478.0,1009.0,433.0,1034.0,441.0
1.0,2848.0,1457.0,1443.0,1478.0,1460.0,1460.0,1010.0,433.0,1019.0,438.0
1.0,2869.0,1456.0,1443.0,1460.0,1456.0,1456.0,1010.0,433.0,1022.0,434.0
1.0,2873.0,1459.0,1444.0,1456.0,1462.0,1462.0,1011.0,433.0,1024.0,435.0
1.0,2870.0,1461.0,1444.0,1462.0,1461.0,1461.0,1011.0,433.0,1019.0,442.0
1.0,2871.0,1458.0,1444.0,1461.0,1458.0,1458.0,1011.0,433.0,1021.0,437.0
1.0,2874.0,1459.0,1446.0,1458.0,1465.0,1465.0,1012.0,434.0,1025.0,434.0
1.0,2873.0,1457.0,1446.0,1465.0,1457.0,1457.0,1012.0,434.0,1018.0,439.0
1.0,2881.0,1458.0,1446.0,1457.0,1458.0,1458.0,1012.0,434.0,1019.0,439.0
1.0,2880.0,1457.0,1446.0,1458.0,1457.0,1457.0,1012.0,434.0,1016.0,441.0
1.0,2881.0,1450.0,1447.0,1457.0,1453.0,1453.0,1012.0,435.0,1012.0,438.0
1.0,2888.0,1450.0,1448.0,1453.0,1453.0,1453.0,1013.0,435.0,1014.0,436.0
1.0,2891.0,1447.0,1448.0,1453.0,1447.0,1447.0,1013.0,435.0,1011.0,436.0
1.0,2897.0,1460.0,1448.0,1447.0,1460.0,1460.0,1013.0,435.0,1025.0,435.0
1.0,2884.0,1455.0,1448.0,1460.0,1455.0,1455.0,1013.0,435.0,1020.0,435.0
1.0,2889.0,1448.0,1449.0,1455.0,1451.0,1451.0,1014.0,435.0,1015.0,433.0
1.0,2896.0,1457.0,1450.0,1451.0,1460.0,1460.0,1014.0,436.0,1023.0,434.0
1.0,2890.0,1451.0,1451.0,1460.0,1454.0,1454.0,1015.0,436.0,1018.0,433.0
1.0,2899.0,1451.0,1451.0,1454.0,1451.0,1451.0,1015.0,436.0,1017.0,434.0
1.0,2902.0,1450.0,1451.0,1451.0,1450.0,1450.0,1015.0,436.0,1016.0,434.0
1.0,2903.0,1454.0,1452.0,1450.0,1457.0,1457.0,1016.0,436.0,1019.0,435.0
1.0,2899.0,1458.0,1452.0,1457.0,1458.0,1458.0,1016.0,436.0,1025.0,433.0
1.0,2898.0,1464.0,1453.0,1458.0,1467.0,1467.0,1017.0,436.0,1026.0,438.0
1.0,2892.0,1457.0,1454.0,1467.0,1460.0,1460.0,1018.0,436.0,1019.0,438.0
1.0,2902.0,1455.0,1454.0,1460.0,1455.0,1455.0,1018.0,436.0,1021.0,434.0
1.0,2907.0,1457.0,1455.0,1455.0,1460.0,1460.0,1018.0,437.0,1020.0,437.0
1.0,2905.0,1467.0,1456.0,1460.0,1470.0,1470.0,1019.0,437.0,1029.0,438.0
1.0,2898.0,1467.0,1456.0,1470.0,1467.0,1467.0,1019.0,437.0,1030.0,437.0
1.0,2901.0,1474.0,1457.0,1467.0,1477.0,1477.0,1020.0,437.0,1033.0,441.0
1.0,2894.0,1465.0,1458.0,1477.0,1468.0,1468.0,1021.0,437.0,1027.0,438.0
1.0,2906.0,1476.0,1458.0,1468.0,1476.0,1476.0,1021.0,437.0,1036.0,440.0
1.0,2898.0,1482.0,1459.0,1476.0,1485.0,1485.0,1022.0,437.0,1040.0,442.0
1.0,2892.0,1470.0,1461.0,1485.0,1476.0,1476.0,1023.0,438.0,1026.0,444.0
1.0,2907.0,1475.0,1461.0,1476.0,1475.0,1475.0,1023.0,438.0,1035.0,440.0
1.0,2908.0,1479.0,1462.0,1475.0,1482.0,1482.0,1024.0,438.0,1033.0,446.0
1.0,2904.0,1489.0,1462.0,1482.0,1489.0,1489.0,1024.0,438.0,1040.0,449.0
1.0,2897.0,1486.0,1463.0,1489.0,1489.0,1489.0,1025.0,438.0,1039.0,447.0
1.0,2900.0,1486.0,1464.0,1489.0,1489.0,1489.0,1025.0,439.0,1041.0,445.0
1.0,2903.0,1489.0,1465.0,1489.0,1492.0,1492.0,1026.0,439.0,1042.0,447.0
1.0,2903.0,1480.0,1465.0,1492.0,1480.0,1480.0,1026.0,439.0,1030.0,450.0
1.0,2915.0,1498.0,1465.0,1480.0,1498.0,1498.0,1026.0,439.0,1047.0,451.0
1.0,2897.0,1488.0,1466.0,1498.0,1491.0,1491.0,1027.0,439.0,1040.0,448.0
1.0,2907.0,1500.0,1466.0,1491.0,1500.0,1500.0,1027.0,439.0,1054.0,446.0
1.0,2898.0,1486.0,1467.0,1500.0,1489.0,1489.0,1027.0,440.0,1037.0,449.0
1.0,2912.0,1486.0,1468.0,1489.0,1489.0,1489.0,1028.0,440.0,1039.0,447.0
1.0,2915.0,1490.0,1468.0,1489.0,1490.0,1490.0,1028.0,440.0,1041.0,449.0
1.0,2914.0,1508.0,1468.0,1490.0,1508.0,1508.0,1028.0,440.0,1053.0,455.0
1.0,2896.0,1491.0,1468.0,1508.0,1491.0,1491.0,1028.0,440.0,1038.0,453.0
1.0,2913.0,1498.0,1470.0,1491.0,1504.0,1504.0,1029.0,441.0,1046.0,452.0
1.0,2906.0,1502.0,1470.0,1504.0,1502.0,1502.0,1029.0,441.0,1053.0,449.0
1.0,2908.0,1503.0,1470.0,1502.0,1503.0,1503.0,1029.0,441.0,1046.0,457.0
1.0,2907.0,1488.0,1470.0,1503.0,1488.0,1488.0,1029.0,441.0,1039.0,449.0
1.0,2922.0,1500.0,1472.0,1488.0,1506.0,1506.0,1030.0,442.0,1048.0,452.0
1.0,2910.0,1495.0,1472.0,1506.0,1495.0,1495.0,1030.0,442.0,1045.0,450.0
1.0,2921.0,1502.0,1473.0,1495.0,1505.0,1505.0,1031.0,442.0,1047.0,455.0
1.0,2914.0,1496.0,1474.0,1505.0,1499.0,1499.0,1031.0,443.0,1042.0,454.0
1.0,2923.0,1499.0,1475.0,1499.0,1502.0,1502.0,1032.0,443.0,1049.0,450.0
1.0,2923.0,1500.0,1475.0,1502.0,1500.0,1500.0,1032.0,443.0,1050.0,450.0
1.0,2925.0,1505.0,1476.0,1500.0,1508.0,1508.0,1033.0,443.0,1051.0,454.0
1.0,2920.0,1502.0,1477.0,1508.0,1505.0,1505.0,1033.0,444.0,1053.0,449.0
1.0,2926.0,1494.0,1478.0,1505.0,1497.0,1497.0,1034.0,444.0,1046.0,448.0
1.0,2937.0,1495.0,1478.0,1497.0,1495.0,1495.0,1034.0,444.0,1044.0,451.0
1.0,2939.0,1508.0,1479.0,1495.0,1511.0,1511.0,1035.0,444.0,1058.0,450.0
1.0,2926.0,1485.0,1480.0,1511.0,1488.0,1488.0,1036.0,444.0,1037.0,448.0
1.0,2952.0,1504.0,1482.0,1488.0,1510.0,1510.0,1037.0,445.0,1056.0,448.0
1.0,2936.0,1503.0,1482.0,1510.0,1503.0,1503.0,1037.0,445.0,1057.0,446.0
1.0,2943.0,1496.0,1483.0,1503.0,1499.0,1499.0,1038.0,445.0,1047.0,449.0
1.0,2950.0,1501.0,1483.0,1499.0,1501.0,1501.0,1038.0,445.0,1053.0,448.0
1.0,2948.0,1508.0,1485.0,1501.0,1514.0,1514.0,1039.0,446.0,1064.0,444.0
1.0,2941.0,1488.0,1486.0,1514.0,1491.0,1491.0,1040.0,446.0,1043.0,445.0
1.0,2967.0,1498.0,1486.0,1491.0,1498.0,1498.0,1040.0,446.0,1055.0,443.0
1.0,2960.0,1504.0,1487.0,1498.0,1507.0,1507.0,1041.0,446.0,1052.0,452.0
1.0,2954.0,1489.0,1489.0,1507.0,1495.0,1495.0,1042.0,447.0,1044.0,445.0
1.0,2972.0,1502.0,1489.0,1495.0,1502.0,1502.0,1042.0,447.0,1054.0,448.0
1.0,2965.0,1499.0,1490.0,1502.0,1502.0,1502.0,1043.0,447.0,1050.0,449.0
1.0,2968.0,1493.0,1490.0,1502.0,1493.0,1493.0,1043.0,447.0,1047.0,446.0
1.0,2977.0,1498.0,1491.0,1493.0,1501.0,1501.0,1044.0,447.0,1052.0,446.0
1.0,2972.0,1496.0,1492.0,1501.0,1499.0,1499.0,1044.0,448.0,1048.0,448.0
1.0,2977.0,1498.0,1493.0,1499.0,1501.0,1501.0,1045.0,448.0,1047.0,451.0
1.0,2978.0,1505.0,1493.0,1501.0,1505.0,1505.0,1045.0,448.0,1052.0,453.0
1.0,2974.0,1504.0,1494.0,1505.0,1507.0,1507.0,1046.0,448.0,1056.0,448.0
1.0,2975.0,1508.0,1495.0,1507.0,1511.0,1511.0,1046.0,449.0,1057.0,451.0
1.0,2974.0,1500.0,1495.0,1511.0,1500.0,1500.0,1046.0,449.0,1053.0,447.0
1.0,2985.0,1499.0,1496.0,1500.0,1502.0,1502.0,1047.0,449.0,1049.0,450.0
1.0,2986.0,1507.0,1496.0,1502.0,1507.0,1507.0,1047.0,449.0,1059.0,448.0
1.0,2981.0,1494.0,1496.0,1507.0,1494.0,1494.0,1047.0,449.0,1045.0,449.0
1.0,2994.0,1507.0,1497.0,1494.0,1510.0,1510.0,1048.0,449.0,1050.0,457.0
1.0,2981.0,1515.0,1497.0,1510.0,1515.0,1515.0,1048.0,449.0,1063.0,452.0
1.0,2976.0,1515.0,1499.0,1515.0,1521.0,1521.0,1049.0,450.0,1061.0,454.0
1.0,2976.0,1522.0,1499.0,1521.0,1522.0,1522.0,1049.0,450.0,1069.0,453.0
1.0,2975.0,1521.0,1500.0,1522.0,1524.0,1524.0,1050.0,450.0,1067.0,454.0
1.0,2976.0,1519.0,1500.0,1524.0,1519.0,1519.0,1050.0,450.0,1065.0,454.0
1.0,2981.0,1514.0,1501.0,1519.0,1517.0,1517.0,1051.0,450.0,1059.0,455.0
1.0,2986.0,1523.0,1501.0,1517.0,1523.0,1523.0,1051.0,450.0,1062.0,461.0
1.0,2980.0,1530.0,1501.0,1523.0,1530.0,1530.0,1051.0,450.0,1070.0,460.0
1.0,2973.0,1534.0,1503.0,1530.0,1540.0,1540.0,1052.0,451.0,1075.0,459.0
1.0,2969.0,1539.0,1504.0,1540.0,1542.0,1542.0,1053.0,451.0,1082.0,457.0
1.0,2970.0,1532.0,1505.0,1542.0,1535.0,1535.0,1054.0,451.0,1075.0,457.0
1.0,2980.0,1548.0,1505.0,1535.0,1548.0,1548.0,1054.0,451.0,1082.0,466.0
1.0,2967.0,1551.0,1506.0,1548.0,1554.0,1554.0,1055.0,451.0,1089.0,462.0
1.0,2964.0,1543.0,1508.0,1554.0,1549.0,1549.0,1056.0,452.0,1081.0,462.0
1.0,2975.0,1550.0,1508.0,1549.0,1550.0,1550.0,1056.0,452.0,1091.0,459.0
1.0,2974.0,1550.0,1509.0,1550.0,1553.0,1553.0,1057.0,452.0,1087.0,463.0
1.0,2974.0,1539.0,1510.0,1553.0,1542.0,1542.0,1058.0,452.0,1075.0,464.0
1.0,2988.0,1542.0,1510.0,1542.0,1542.0,1542.0,1058.0,452.0,1076.0,466.0
1.0,2988.0,1546.0,1512.0,1542.0,1552.0,1552.0,1059.0,453.0,1082.0,464.0
1.0,2984.0,1547.0,1513.0,1552.0,1550.0,1550.0,1060.0,453.0,1082.0,465.0
1.0,2989.0,1541.0,1514.0,1550.0,1544.0,1544.0,1061.0,453.0,1079.0,462.0
1.0,2998.0,1548.0,1514.0,1544.0,1548.0,1548.0,1061.0,453.0,1085.0,463.0
1.0,2994.0,1540.0,1516.0,1548.0,1546.0,1546.0,1062.0,454.0,1077.0,463.0
1.0,3002.0,1543.0,1516.0,1546.0,1543.0,1543.0,1062.0,454.0,1077.0,466.0
1.0,3005.0,1532.0,1517.0,1543.0,1535.0,1535.0,1063.0,454.0,1073.0,459.0
1.0,3016.0,1538.0,1517.0,1535.0,1538.0,1538.0,1063.0,454.0,1074.0,464.0
1.0,3013.0,1531.0,1518.0,1538.0,1534.0,1534.0,1064.0,454.0,1070.0,461.0
1.0,3020.0,1525.0,1519.0,1534.0,1528.0,1528.0,1064.0,455.0,1068.0,457.0
1.0,3029.0,1532.0,1520.0,1528.0,1535.0,1535.0,1065.0,455.0,1073.0,459.0
1.0,3025.0,1521.0,1520.0,1535.0,1521.0,1521.0,1065.0,455.0,1061.0,460.0
1.0,3039.0,1525.0,1520.0,1521.0,1525.0,1525.0,1065.0,455.0,1063.0,462.0
1.0,3035.0,1523.0,1521.0,1525.0,1526.0,1526.0,1065.0,456.0,1063.0,460.0
1.0,3037.0,1515.0,1521.0,1526.0,1515.0,1515.0,1065.0,456.0,1056.0,459.0
1.0,3048.0,1524.0,1521.0,1515.0,1524.0,1524.0,1065.0,456.0,1063.0,461.0
1.0,3039.0,1508.0,1521.0,1524.0,1508.0,1508.0,1065.0,456.0,1051.0,457.0
1.0,3055.0,1513.0,1522.0,1508.0,1516.0,1516.0,1065.0,457.0,1056.0,457.0
1.0,3050.0,1517.0,1522.0,1516.0,1517.0,1517.0,1065.0,457.0,1060.0,457.0
1.0,3049.0,1516.0,1523.0,1517.0,1519.0,1519.0,1066.0,457.0,1055.0,461.0
1.0,3050.0,1529.0,1523.0,1519.0,1529.0,1529.0,1066.0,457.0,1066.0,463.0
1.0,3040.0,1529.0,1524.0,1529.0,1532.0,1532.0,1066.0,458.0,1069.0,460.0
1.0,3040.0,1521.0,1525.0,1532.0,1524.0,1524.0,1067.0,458.0,1064.0,457.0
1.0,3051.0,1521.0,1525.0,1524.0,1521.0,1521.0,1067.0,458.0,1061.0,460.0
1.0,3054.0,1535.0,1525.0,1521.0,1535.0,1535.0,1067.0,458.0,1076.0,459.0
1.0,3040.0,1533.0,1526.0,1535.0,1536.0,1536.0,1068.0,458.0,1073.0,460.0
1.0,3042.0,1526.0,1526.0,1536.0,1526.0,1526.0,1068.0,458.0,1069.0,457.0
1.0,3052.0,1535.0,1528.0,1526.0,1541.0,1541.0,1069.0,459.0,1077.0,458.0
1.0,3043.0,1541.0,1528.0,1541.0,1541.0,1541.0,1069.0,459.0,1079.0,462.0
1.0,3043.0,1543.0,1528.0,1541.0,1543.0,1543.0,1069.0,459.0,1078.0,465.0
1.0,3041.0,1544.0,1529.0,1543.0,1547.0,1547.0,1070.0,459.0,1082.0,462.0
1.0,3040.0,1545.0,1530.0,1547.0,1548.0,1548.0,1070.0,460.0,1080.0,465.0
1.0,3042.0,1545.0,1531.0,1548.0,1548.0,1548.0,1071.0,460.0,1084.0,461.0
1.0,3045.0,1557.0,1532.0,1548.0,1560.0,1560.0,1072.0,460.0,1089.0,468.0
1.0,3036.0,1548.0,1532.0,1560.0,1548.0,1548.0,1072.0,460.0,1085.0,463.0
1.0,3048.0,1554.0,1534.0,1548.0,1560.0,1560.0,1073.0,461.0,1091.0,463.0
1.0,3042.0,1560.0,1534.0,1560.0,1560.0,1560.0,1073.0,461.0,1094.0,466.0
1.0,3042.0,1561.0,1535.0,1560.0,1564.0,1564.0,1074.0,461.0,1094.0,467.0
1.0,3041.0,1555.0,1535.0,1564.0,1555.0,1555.0,1074.0,461.0,1088.0,467.0
1.0,3050.0,1565.0,1537.0,1555.0,1571.0,1571.0,1075.0,462.0,1094.0,471.0
1.0,3040.0,1568.0,1538.0,1571.0,1571.0,1571.0,1076.0,462.0,1100.0,468.0
1.0,3043.0,1573.0,1539.0,1571.0,1576.0,1576.0,1077.0,462.0,1106.0,467.0
1.0,3041.0,1565.0,1539.0,1576.0,1565.0,1565.0,1077.0,462.0,1099.0,466.0
1.0,3052.0,1565.0,1539.0,1565.0,1565.0,1565.0,1077.0,462.0,1095.0,470.0
1.0,3052.0,1564.0,1541.0,1565.0,1570.0,1570.0,1078.0,463.0,1095.0,469.0
1.0,3053.0,1567.0,1541.0,1570.0,1567.0,1567.0,1078.0,463.0,1101.0,466.0
1.0,3056.0,1561.0,1541.0,1567.0,1561.0,1561.0,1078.0,463.0,1097.0,464.0
1.0,3062.0,1574.0,1542.0,1561.0,1577.0,1577.0,1079.0,463.0,1107.0,467.0
1.0,3049.0,1570.0,1542.0,1577.0,1570.0,1570.0,1079.0,463.0,1095.0,475.0
1.0,3056.0,1567.0,1542.0,1570.0,1567.0,1567.0,1079.0,463.0,1098.0,469.0
1.0,3059.0,1571.0,1542.0,1567.0,1571.0,1571.0,1079.0,463.0,1097.0,474.0
1.0,3055.0,1570.0,1543.0,1571.0,1573.0,1573.0,1080.0,463.0,1102.0,468.0
1.0,3056.0,1564.0,1544.0,1573.0,1567.0,1567.0,1080.0,464.0,1092.0,472.0
1.0,3065.0,1555.0,1544.0,1567.0,1555.0,1555.0,1080.0,464.0,1090.0,465.0
1.0,3077.0,1560.0,1544.0,1555.0,1560.0,1560.0,1080.0,464.0,1093.0,467.0
1.0,3072.0,1564.0,1545.0,1560.0,1567.0,1567.0,1081.0,464.0,1096.0,468.0
1.0,3068.0,1560.0,1545.0,1567.0,1560.0,1560.0,1081.0,464.0,1092.0,468.0
1.0,3075.0,1569.0,1545.0,1560.0,1569.0,1569.0,1081.0,464.0,1100.0,469.0
1.0,3066.0,1566.0,1546.0,1569.0,1569.0,1569.0,1082.0,464.0,1097.0,469.0
1.0,3069.0,1565.0,1546.0,1569.0,1565.0,1565.0,1082.0,464.0,1097.0,468.0
1.0,3073.0,1569.0,1547.0,1565.0,1572.0,1572.0,1083.0,464.0,1100.0,469.0
1.0,3069.0,1556.0,1548.0,1572.0,1559.0,1559.0,1083.0,465.0,1085.0,471.0
1.0,3085.0,1556.0,1549.0,1559.0,1559.0,1559.0,1084.0,465.0,1089.0,467.0
1.0,3088.0,1561.0,1549.0,1559.0,1561.0,1561.0,1084.0,465.0,1094.0,467.0
1.0,3086.0,1567.0,1550.0,1561.0,1570.0,1570.0,1085.0,465.0,1096.0,471.0
1.0,3080.0,1564.0,1550.0,1570.0,1564.0,1564.0,1085.0,465.0,1094.0,470.0
1.0,3086.0,1560.0,1551.0,1564.0,1563.0,1563.0,1086.0,465.0,1092.0,468.0
1.0,3090.0,1563.0,1552.0,1563.0,1566.0,1566.0,1087.0,465.0,1099.0,464.0
1.0,3090.0,1560.0,1554.0,1566.0,1566.0,1566.0,1088.0,466.0,1090.0,470.0
1.0,3096.0,1568.0,1554.0,1566.0,1568.0,1568.0,1088.0,466.0,1100.0,468.0
1.0,3094.0,1577.0,1555.0,1568.0,1580.0,1580.0,1089.0,466.0,1104.0,473.0
1.0,3085.0,1569.0,1556.0,1580.0,1572.0,1572.0,1090.0,466.0,1100.0,469.0
1.0,3096.0,1565.0,1557.0,1572.0,1568.0,1568.0,1091.0,466.0,1098.0,467.0
1.0,3103.0,1580.0,1559.0,1568.0,1586.0,1586.0,1092.0,467.0,1110.0,470.0
1.0,3091.0,1569.0,1559.0,1586.0,1569.0,1569.0,1092.0,467.0,1101.0,468.0
1.0,3108.0,1570.0,1560.0,1569.0,1573.0,1573.0,1093.0,467.0,1095.0,475.0
1.0,3107.0,1571.0,1560.0,1573.0,1571.0,1571.0,1093.0,467.0,1097.0,474.0
1.0,3109.0,1567.0,1562.0,1571.0,1573.0,1573.0,1094.0,468.0,1097.0,470.0
1.0,3113.0,1576.0,1562.0,1573.0,1576.0,1576.0,1094.0,468.0,1104.0,472.0
1.0,3110.0,1571.0,1563.0,1576.0,1574.0,1574.0,1095.0,468.0,1097.0,474.0
1.0,3115.0,1582.0,1563.0,1574.0,1582.0,1582.0,1095.0,468.0,1108.0,474.0
1.0,3107.0,1573.0,1565.0,1582.0,1579.0,1579.0,1096.0,469.0,1099.0,474.0
1.0,3116.0,1574.0,1565.0,1579.0,1574.0,1574.0,1096.0,469.0,1100.0,474.0
1.0,3121.0,1574.0,1565.0,1574.0,1574.0,1574.0,1096.0,469.0,1100.0,474.0
1.0,3121.0,1586.0,1566.0,1574.0,1589.0,1589.0,1097.0,469.0,1105.0,481.0
1.0,3109.0,1583.0,1567.0,1589.0,1586.0,1586.0,1097.0,470.0,1106.0,477.0
1.0,3115.0,1584.0,1568.0,1586.0,1587.0,1587.0,1098.0,470.0,1107.0,477.0
1.0,3117.0,1591.0,1568.0,1587.0,1591.0,1591.0,1098.0,470.0,1111.0,480.0
1.0,3113.0,1594.0,1568.0,1591.0,1594.0,1594.0,1098.0,470.0,1116.0,478.0
1.0,3110.0,1598.0,1570.0,1594.0,1604.0,1604.0,1099.0,471.0,1120.0,478.0
1.0,3106.0,1588.0,1570.0,1604.0,1588.0,1588.0,1099.0,471.0,1111.0,477.0
1.0,3122.0,1597.0,1571.0,1588.0,1600.0,1600.0,1100.0,471.0,1115.0,482.0
1.0,3113.0,1596.0,1571.0,1600.0,1596.0,1596.0,1100.0,471.0,1116.0,480.0
1.0,3117.0,1588.0,1571.0,1596.0,1588.0,1588.0,1100.0,471.0,1111.0,477.0
1.0,3125.0,1597.0,1573.0,1588.0,1603.0,1603.0,1101.0,472.0,1119.0,478.0
1.0,3116.0,1593.0,1573.0,1603.0,1593.0,1593.0,1101.0,472.0,1113.0,480.0
1.0,3126.0,1616.0,1574.0,1593.0,1619.0,1619.0,1102.0,472.0,1132.0,484.0
1.0,3103.0,1599.0,1574.0,1619.0,1599.0,1599.0,1102.0,472.0,1120.0,479.0
1.0,3123.0,1598.0,1575.0,1599.0,1601.0,1601.0,1102.0,473.0,1118.0,480.0
1.0,3124.0,1600.0,1576.0,1601.0,1603.0,1603.0,1103.0,473.0,1120.0,480.0
1.0,3125.0,1604.0,1576.0,1603.0,1604.0,1604.0,1103.0,473.0,1123.0,481.0
1.0,3124.0,1594.0,1577.0,1604.0,1597.0,1597.0,1104.0,473.0,1114.0,480.0
1.0,3134.0,1617.0,1577.0,1597.0,1617.0,1617.0,1104.0,473.0,1134.0,483.0
1.0,3114.0,1601.0,1579.0,1617.0,1607.0,1607.0,1105.0,474.0,1121.0,480.0
1.0,3130.0,1602.0,1579.0,1607.0,1602.0,1602.0,1105.0,474.0,1123.0,479.0
1.0,3135.0,1599.0,1580.0,1602.0,1602.0,1602.0,1106.0,474.0,1122.0,477.0
1.0,3138.0,1614.0,1580.0,1602.0,1614.0,1614.0,1106.0,474.0,1130.0,484.0
1.0,3126.0,1613.0,1582.0,1614.0,1619.0,1619.0,1107.0,475.0,1134.0,479.0
1.0,3127.0,1603.0,1583.0,1619.0,1606.0,1606.0,1108.0,475.0,1126.0,477.0
1.0,3143.0,1615.0,1584.0,1606.0,1618.0,1618.0,1109.0,475.0,1136.0,479.0
1.0,3134.0,1615.0,1584.0,1618.0,1615.0,1615.0,1109.0,475.0,1132.0,483.0
1.0,3137.0,1604.0,1585.0,1615.0,1607.0,1607.0,1110.0,475.0,1123.0,481.0
1.0,3148.0,1599.0,1586.0,1607.0,1602.0,1602.0,1110.0,476.0,1121.0,478.0
1.0,3156.0,1601.0,1587.0,1602.0,1604.0,1604.0,1111.0,476.0,1125.0,476.0
1.0,3157.0,1602.0,1588.0,1604.0,1605.0,1605.0,1112.0,476.0,1123.0,479.0
1.0,3159.0,1604.0,1588.0,1605.0,1604.0,1604.0,1112.0,476.0,1124.0,480.0
1.0,3160.0,1599.0,1589.0,1604.0,1602.0,1602.0,1113.0,476.0,1121.0,478.0
1.0,3165.0,1596.0,1589.0,1602.0,1596.0,1596.0,1113.0,476.0,1121.0,475.0
1.0,3171.0,1591.0,1591.0,1596.0,1597.0,1597.0,1114.0,477.0,1114.0,477.0
1.0,3176.0,1584.0,1591.0,1597.0,1584.0,1584.0,1114.0,477.0,1110.0,474.0
1.0,3189.0,1602.0,1591.0,1584.0,1602.0,1602.0,1114.0,477.0,1123.0,479.0
1.0,3171.0,1591.0,1592.0,1602.0,1594.0,1594.0,1115.0,477.0,1116.0,475.0
1.0,3182.0,1599.0,1592.0,1594.0,1599.0,1599.0,1115.0,477.0,1119.0,480.0
1.0,3177.0,1584.0,1592.0,1599.0,1584.0,1584.0,1115.0,477.0,1109.0,475.0
1.0,3192.0,1595.0,1594.0,1584.0,1601.0,1601.0,1116.0,478.0,1115.0,480.0
1.0,3181.0,1584.0,1593.0,1601.0,1581.0,1581.0,1115.0,478.0,1108.0,476.0
1.0,3198.0,1591.0,1594.0,1581.0,1594.0,1594.0,1116.0,478.0,1110.0,481.0
1.0,3188.0,1608.0,1594.0,1594.0,1608.0,1608.0,1116.0,478.0,1123.0,485.0
1.0,3174.0,1606.0,1595.0,1608.0,1609.0,1609.0,1117.0,478.0,1124.0,482.0
1.0,3176.0,1602.0,1595.0,1609.0,1602.0,1602.0,1117.0,478.0,1123.0,479.0
1.0,3183.0,1590.0,1596.0,1602.0,1593.0,1593.0,1117.0,479.0,1109.0,481.0
1.0,3195.0,1607.0,1597.0,1593.0,1610.0,1610.0,1118.0,479.0,1122.0,485.0
1.0,3181.0,1602.0,1597.0,1610.0,1602.0,1602.0,1118.0,479.0,1119.0,483.0
1.0,3189.0,1613.0,1598.0,1602.0,1616.0,1616.0,1119.0,479.0,1126.0,487.0
1.0,3178.0,1617.0,1598.0,1616.0,1617.0,1617.0,1119.0,479.0,1134.0,483.0
1.0,3177.0,1611.0,1600.0,1617.0,1617.0,1617.0,1120.0,480.0,1127.0,484.0
1.0,3183.0,1610.0,1600.0,1617.0,1610.0,1610.0,1120.0,480.0,1124.0,486.0
1.0,3190.0,1614.0,1601.0,1610.0,1617.0,1617.0,1121.0,480.0,1130.0,484.0
1.0,3186.0,1622.0,1601.0,1617.0,1622.0,1622.0,1121.0,480.0,1132.0,490.0
1.0,3181.0,1622.0,1601.0,1622.0,1622.0,1622.0,1121.0,480.0,1136.0,486.0
1.0,3181.0,1628.0,1602.0,1622.0,1631.0,1631.0,1122.0,480.0,1139.0,489.0
1.0,3175.0,1632.0,1603.0,1631.0,1635.0,1635.0,1122.0,481.0,1147.0,485.0
1.0,3174.0,1626.0,1604.0,1635.0,1629.0,1629.0,1123.0,481.0,1135.0,491.0
1.0,3183.0,1638.0,1604.0,1629.0,1638.0,1638.0,1123.0,481.0,1141.0,497.0
1.0,3174.0,1640.0,1605.0,1638.0,1643.0,1643.0,1124.0,481.0,1146.0,494.0
1.0,3172.0,1635.0,1607.0,1643.0,1641.0,1641.0,1125.0,482.0,1143.0,492.0
1.0,3180.0,1641.0,1607.0,1641.0,1641.0,1641.0,1125.0,482.0,1150.0,491.0
1.0,3180.0,1650.0,1608.0,1641.0,1653.0,1653.0,1126.0,482.0,1153.0,497.0
1.0,3171.0,1648.0,1608.0,1653.0,1648.0,1648.0,1126.0,482.0,1157.0,491.0
1.0,3176.0,1646.0,1610.0,1648.0,1652.0,1652.0,1127.0,483.0,1152.0,494.0
1.0,3178.0,1636.0,1610.0,1652.0,1636.0,1636.0,1127.0,483.0,1140.0,496.0
1.0,3194.0,1644.0,1611.0,1636.0,1647.0,1647.0,1128.0,483.0,1151.0,493.0
1.0,3186.0,1638.0,1613.0,1647.0,1644.0,1644.0,1129.0,484.0,1146.0,492.0
1.0,3195.0,1644.0,1613.0,1644.0,1644.0,1644.0,1129.0,484.0,1155.0,489.0
1.0,3195.0,1637.0,1614.0,1644.0,1640.0,1640.0,1130.0,484.0,1146.0,491.0
1.0,3202.0,1653.0,1614.0,1640.0,1653.0,1653.0,1130.0,484.0,1155.0,498.0
1.0,3189.0,1632.0,1614.0,1653.0,1632.0,1632.0,1130.0,484.0,1139.0,493.0
1.0,3210.0,1627.0,1616.0,1632.0,1633.0,1633.0,1131.0,485.0,1134.0,493.0
1.0,3215.0,1636.0,1616.0,1633.0,1636.0,1636.0,1131.0,485.0,1148.0,488.0
1.0,3212.0,1637.0,1616.0,1636.0,1637.0,1637.0,1131.0,485.0,1147.0,490.0
1.0,3211.0,1632.0,1617.0,1637.0,1635.0,1635.0,1132.0,485.0,1138.0,494.0
1.0,3216.0,1634.0,1618.0,1635.0,1637.0,1637.0,1132.0,486.0,1142.0,492.0
1.0,3217.0,1632.0,1618.0,1637.0,1632.0,1632.0,1132.0,486.0,1141.0,491.0
1.0,3222.0,1637.0,1618.0,1632.0,1637.0,1637.0,1132.0,486.0,1148.0,489.0
1.0,3217.0,1637.0,1619.0,1637.0,1640.0,1640.0,1133.0,486.0,1143.0,494.0
1.0,3217.0,1631.0,1619.0,1640.0,1631.0,1631.0,1133.0,486.0,1142.0,489.0
1.0,3226.0,1628.0,1620.0,1631.0,1631.0,1631.0,1133.0,487.0,1138.0,490.0
1.0,3229.0,1635.0,1621.0,1631.0,1638.0,1638.0,1134.0,487.0,1147.0,488.0
1.0,3225.0,1622.0,1621.0,1638.0,1622.0,1622.0,1134.0,487.0,1138.0,484.0
1.0,3241.0,1633.0,1621.0,1622.0,1633.0,1633.0,1134.0,487.0,1139.0,494.0
1.0,3230.0,1627.0,1623.0,1633.0,1633.0,1633.0,1135.0,488.0,1141.0,486.0
1.0,3236.0,1629.0,1624.0,1633.0,1632.0,1632.0,1136.0,488.0,1141.0,488.0
1.0,3240.0,1641.0,1624.0,1632.0,1641.0,1641.0,1136.0,488.0,1153.0,488.0
1.0,3231.0,1629.0,1625.0,1641.0,1632.0,1632.0,1137.0,488.0,1139.0,490.0
1.0,3243.0,1633.0,1625.0,1632.0,1633.0,1633.0,1137.0,488.0,1147.0,486.0
1.0,3242.0,1622.0,1627.0,1633.0,1628.0,1628.0,1138.0,489.0,1138.0,484.0
1.0,3253.0,1635.0,1627.0,1628.0,1635.0,1635.0,1138.0,489.0,1147.0,488.0
1.0,3246.0,1626.0,1628.0,1635.0,1629.0,1629.0,1139.0,489.0,1140.0,486.0
1.0,3255.0,1640.0,1629.0,1629.0,1643.0,1643.0,1140.0,489.0,1152.0,488.0
1.0,3244.0,1643.0,1629.0,1643.0,1643.0,1643.0,1140.0,489.0,1154.0,489.0
1.0,3244.0,1640.0,1630.0,1643.0,1643.0,1643.0,1141.0,489.0,1148.0,492.0
1.0,3247.0,1633.0,1630.0,1643.0,1633.0,1633.0,1141.0,489.0,1146.0,487.0
1.0,3257.0,1650.0,1632.0,1633.0,1656.0,1656.0,1142.0,490.0,1163.0,487.0
1.0,3240.0,1652.0,1633.0,1656.0,1655.0,1655.0,1143.0,490.0,1162.0,490.0
1.0,3244.0,1639.0,1634.0,1655.0,1642.0,1642.0,1144.0,490.0,1147.0,492.0
1.0,3260.0,1645.0,1634.0,1642.0,1645.0,1645.0,1144.0,490.0,1153.0,492.0
1.0,3257.0,1642.0,1634.0,1645.0,1642.0,1642.0,1144.0,490.0,1151.0,491.0
1.0,3260.0,1647.0,1635.0,1642.0,1650.0,1650.0,1145.0,490.0,1152.0,495.0
1.0,3255.0,1649.0,1636.0,1650.0,1652.0,1652.0,1146.0,490.0,1157.0,492.0
1.0,3256.0,1656.0,1637.0,1652.0,1659.0,1659.0,1146.0,491.0,1161.0,495.0
1.0,3252.0,1649.0,1638.0,1659.0,1652.0,1652.0,1147.0,491.0,1152.0,497.0
1.0,3262.0,1663.0,1638.0,1652.0,1663.0,1663.0,1147.0,491.0,1165.0,498.0
1.0,3251.0,1651.0,1638.0,1663.0,1651.0,1651.0,1147.0,491.0,1158.0,493.0
1.0,3263.0,1660.0,1639.0,1651.0,1663.0,1663.0,1148.0,491.0,1159.0,501.0
1.0,3254.0,1664.0,1639.0,1663.0,1664.0,1664.0,1148.0,491.0,1169.0,495.0
1.0,3253.0,1666.0,1640.0,1664.0,1669.0,1669.0,1149.0,491.0,1166.0,500.0
1.0,3251.0,1662.0,1641.0,1669.0,1665.0,1665.0,1149.0,492.0,1165.0,497.0
1.0,3258.0,1661.0,1642.0,1665.0,1664.0,1664.0,1150.0,492.0,1160.0,501.0
1.0,3262.0,1669.0,1642.0,1664.0,1669.0,1669.0,1150.0,492.0,1165.0,504.0
1.0,3257.0,1662.0,1642.0,1669.0,1662.0,1662.0,1150.0,492.0,1165.0,497.0
1.0,3264.0,1675.0,1642.0,1662.0,1675.0,1675.0,1150.0,492.0,1169.0,506.0
1.0,3251.0,1665.0,1642.0,1675.0,1665.0,1665.0,1150.0,492.0,1159.0,506.0
1.0,3261.0,1667.0,1644.0,1665.0,1673.0,1673.0,1151.0,493.0,1167.0,500.0
1.0,3259.0,1669.0,1644.0,1673.0,1669.0,1669.0,1151.0,493.0,1165.0,504.0
1.0,3263.0,1670.0,1645.0,1669.0,1673.0,1673.0,1152.0,493.0,1166.0,504.0
1.0,3262.0,1680.0,1645.0,1673.0,1680.0,1680.0,1152.0,493.0,1171.0,509.0
1.0,3255.0,1671.0,1646.0,1680.0,1674.0,1674.0,1152.0,494.0,1167.0,504.0
1.0,3264.0,1665.0,1646.0,1674.0,1665.0,1665.0,1152.0,494.0,1164.0,501.0
1.0,3273.0,1676.0,1647.0,1665.0,1679.0,1679.0,1153.0,494.0,1173.0,503.0
1.0,3262.0,1684.0,1648.0,1679.0,1687.0,1687.0,1154.0,494.0,1177.0,507.0
1.0,3257.0,1663.0,1648.0,1687.0,1663.0,1663.0,1154.0,494.0,1161.0,502.0
1.0,3281.0,1675.0,1650.0,1663.0,1681.0,1681.0,1155.0,495.0,1172.0,503.0
1.0,3269.0,1677.0,1650.0,1681.0,1677.0,1677.0,1155.0,495.0,1175.0,502.0
1.0,3273.0,1686.0,1651.0,1677.0,1689.0,1689.0,1156.0,495.0,1179.0,507.0
1.0,3264.0,1670.0,1652.0,1689.0,1673.0,1673.0,1157.0,495.0,1169.0,501.0
1.0,3283.0,1675.0,1653.0,1673.0,1678.0,1678.0,1157.0,496.0,1174.0,501.0
1.0,3281.0,1675.0,1654.0,1678.0,1678.0,1678.0,1158.0,496.0,1174.0,501.0
1.0,3284.0,1673.0,1654.0,1678.0,1673.0,1673.0,1158.0,496.0,1172.0,501.0
1.0,3289.0,1677.0,1655.0,1673.0,1680.0,1680.0,1159.0,496.0,1169.0,508.0
1.0,3285.0,1675.0,1656.0,1680.0,1678.0,1678.0,1159.0,497.0,1171.0,504.0
1.0,3290.0,1663.0,1657.0,1678.0,1666.0,1666.0,1160.0,497.0,1163.0,500.0
1.0,3305.0,1675.0,1658.0,1666.0,1678.0,1678.0,1161.0,497.0,1174.0,501.0
1.0,3296.0,1672.0,1658.0,1678.0,1672.0,1672.0,1161.0,497.0,1172.0,500.0
1.0,3302.0,1668.0,1660.0,1672.0,1674.0,1674.0,1162.0,498.0,1167.0,501.0
1.0,3306.0,1665.0,1660.0,1674.0,1665.0,1665.0,1162.0,498.0,1162.0,503.0
1.0,3315.0,1669.0,1660.0,1665.0,1669.0,1669.0,1162.0,498.0,1170.0,499.0
1.0,3311.0,1672.0,1661.0,1669.0,1675.0,1675.0,1163.0,498.0,1166.0,506.0
1.0,3308.0,1664.0,1662.0,1675.0,1667.0,1667.0,1163.0,499.0,1165.0,499.0
1.0,3319.0,1657.0,1662.0,1667.0,1657.0,1657.0,1163.0,499.0,1158.0,499.0
1.0,3329.0,1666.0,1663.0,1657.0,1669.0,1669.0,1164.0,499.0,1169.0,497.0
1.0,3320.0,1665.0,1663.0,1669.0,1665.0,1665.0,1164.0,499.0,1164.0,501.0
1.0,3324.0,1667.0,1665.0,1665.0,1673.0,1673.0,1165.0,500.0,1167.0,500.0
1.0,3322.0,1660.0,1665.0,1673.0,1660.0,1660.0,1165.0,500.0,1159.0,501.0
1.0,3335.0,1656.0,1665.0,1660.0,1656.0,1656.0,1165.0,500.0,1157.0,499.0
1.0,3339.0,1674.0,1665.0,1656.0,1674.0,1674.0,1165.0,500.0,1167.0,507.0
1.0,3321.0,1667.0,1666.0,1674.0,1670.0,1670.0,1165.0,501.0,1166.0,501.0
1.0,3328.0,1666.0,1666.0,1670.0,1666.0,1666.0,1165.0,501.0,1162.0,504.0
1.0,3332.0,1670.0,1667.0,1666.0,1673.0,1673.0,1166.0,501.0,1167.0,503.0
1.0,3328.0,1679.0,1667.0,1673.0,1679.0,1679.0,1166.0,501.0,1172.0,507.0
1.0,3322.0,1674.0,1667.0,1679.0,1674.0,1674.0,1166.0,501.0,1169.0,505.0
1.0,3327.0,1685.0,1669.0,1674.0,1691.0,1691.0,1167.0,502.0,1180.0,505.0
1.0,3316.0,1675.0,1669.0,1691.0,1675.0,1675.0,1167.0,502.0,1169.0,506.0
1.0,3332.0,1675.0,1669.0,1675.0,1675.0,1675.0,1167.0,502.0,1170.0,505.0
1.0,3332.0,1681.0,1669.0,1675.0,1681.0,1681.0,1167.0,502.0,1171.0,510.0
1.0,3326.0,1695.0,1671.0,1681.0,1701.0,1701.0,1168.0,503.0,1188.0,507.0
1.0,3312.0,1674.0,1671.0,1701.0,1674.0,1674.0,1168.0,503.0,1171.0,503.0
1.0,3339.0,1696.0,1672.0,1674.0,1699.0,1699.0,1169.0,503.0,1188.0,508.0
1.0,3317.0,1703.0,1672.0,1699.0,1703.0,1703.0,1169.0,503.0,1194.0,509.0
1.0,3313.0,1700.0,1673.0,1703.0,1703.0,1703.0,1170.0,503.0,1191.0,509.0
1.0,3316.0,1703.0,1673.0,1703.0,1703.0,1703.0,1170.0,503.0,1196.0,507.0
1.0,3316.0,1710.0,1675.0,1703.0,1716.0,1716.0,1171.0,504.0,1201.0,509.0
1.0,3309.0,1705.0,1676.0,1716.0,1708.0,1708.0,1172.0,504.0,1194.0,511.0
1.0,3320.0,1707.0,1676.0,1708.0,1707.0,1707.0,1172.0,504.0,1200.0,507.0
1.0,3321.0,1721.0,1677.0,1707.0,1724.0,1724.0,1173.0,504.0,1210.0,511.0
1.0,3307.0,1713.0,1678.0,1724.0,1716.0,1716.0,1174.0,504.0,1197.0,516.0
1.0,3318.0,1714.0,1678.0,1716.0,1714.0,1714.0,1174.0,504.0,1201.0,513.0
1.0,3320.0,1718.0,1680.0,1714.0,1724.0,1724.0,1175.0,505.0,1206.0,512.0
1.0,3316.0,1712.0,1681.0,1724.0,1715.0,1715.0,1176.0,505.0,1201.0,511.0
1.0,3328.0,1710.0,1681.0,1715.0,1710.0,1710.0,1176.0,505.0,1202.0,508.0
1.0,3333.0,1712.0,1682.0,1710.0,1715.0,1715.0,1177.0,505.0,1202.0,510.0
1.0,3331.0,1707.0,1683.0,1715.0,1710.0,1710.0,1178.0,505.0,1195.0,512.0
1.0,3339.0,1711.0,1683.0,1710.0,1711.0,1711.0,1178.0,505.0,1200.0,511.0
1.0,3338.0,1717.0,1684.0,1711.0,1720.0,1720.0,1179.0,505.0,1200.0,517.0
1.0,3332.0,1711.0,1685.0,1720.0,1714.0,1714.0,1179.0,506.0,1198.0,513.0
1.0,3341.0,1699.0,1686.0,1714.0,1702.0,1702.0,1180.0,506.0,1188.0,511.0
1.0,3356.0,1699.0,1686.0,1702.0,1699.0,1699.0,1180.0,506.0,1187.0,512.0
1.0,3359.0,1696.0,1686.0,1699.0,1696.0,1696.0,1180.0,506.0,1186.0,510.0
1.0,3362.0,1705.0,1686.0,1696.0,1705.0,1705.0,1180.0,506.0,1190.0,515.0
1.0,3353.0,1704.0,1687.0,1705.0,1707.0,1707.0,1181.0,506.0,1193.0,511.0
1.0,3354.0,1701.0,1688.0,1707.0,1704.0,1704.0,1181.0,507.0,1187.0,514.0
1.0,3360.0,1698.0,1688.0,1704.0,1698.0,1698.0,1181.0,507.0,1192.0,506.0
1.0,3366.0,1694.0,1689.0,1698.0,1697.0,1697.0,1182.0,507.0,1183.0,511.0
1.0,3370.0,1690.0,1689.0,1697.0,1690.0,1690.0,1182.0,507.0,1181.0,509.0
1.0,3377.0,1700.0,1689.0,1690.0,1700.0,1700.0,1182.0,507.0,1181.0,519.0
1.0,3367.0,1697.0,1690.0,1700.0,1700.0,1700.0,1182.0,508.0,1185.0,512.0
1.0,3370.0,1694.0,1691.0,1700.0,1697.0,1697.0,1183.0,508.0,1188.0,506.0
1.0,3376.0,1695.0,1691.0,1697.0,1695.0,1695.0,1183.0,508.0,1184.0,511.0
1.0,3378.0,1690.0,1691.0,1695.0,1690.0,1690.0,1183.0,508.0,1178.0,512.0
1.0,3383.0,1704.0,1692.0,1690.0,1707.0,1707.0,1184.0,508.0,1190.0,514.0
1.0,3369.0,1696.0,1692.0,1707.0,1696.0,1696.0,1184.0,508.0,1184.0,512.0
1.0,3380.0,1694.0,1694.0,1696.0,1700.0,1700.0,1185.0,509.0,1182.0,512.0
1.0,3382.0,1703.0,1694.0,1700.0,1703.0,1703.0,1185.0,509.0,1193.0,510.0
1.0,3379.0,1704.0,1695.0,1703.0,1707.0,1707.0,1186.0,509.0,1191.0,513.0
1.0,3378.0,1713.0,1695.0,1707.0,1713.0,1713.0,1186.0,509.0,1199.0,514.0
1.0,3372.0,1711.0,1697.0,1713.0,1717.0,1717.0,1187.0,510.0,1195.0,516.0
1.0,3374.0,1722.0,1698.0,1717.0,1725.0,1725.0,1188.0,510.0,1209.0,513.0
1.0,3369.0,1718.0,1699.0,1725.0,1721.0,1721.0,1189.0,510.0,1202.0,516.0
1.0,3376.0,1719.0,1699.0,1721.0,1719.0,1719.0,1189.0,510.0,1205.0,514.0
1.0,3378.0,1713.0,1701.0,1719.0,1719.0,1719.0,1190.0,511.0,1197.0,516.0
1.0,3384.0,1703.0,1702.0,1719.0,1706.0,1706.0,1191.0,511.0,1192.0,511.0
1.0,3400.0,1723.0,1702.0,1706.0,1723.0,1723.0,1191.0,511.0,1207.0,516.0
1.0,3383.0,1725.0,1703.0,1723.0,1728.0,1728.0,1192.0,511.0,1212.0,513.0
1.0,3381.0,1730.0,1704.0,1728.0,1733.0,1733.0,1193.0,511.0,1212.0,518.0
1.0,3379.0,1722.0,1705.0,1733.0,1725.0,1725.0,1193.0,512.0,1207.0,515.0
1.0,3390.0,1739.0,1706.0,1725.0,1742.0,1742.0,1194.0,512.0,1220.0,519.0
1.0,3376.0,1721.0,1707.0,1742.0,1724.0,1724.0,1195.0,512.0,1204.0,517.0
1.0,3397.0,1733.0,1707.0,1724.0,1733.0,1733.0,1195.0,512.0,1211.0,522.0
1.0,3388.0,1731.0,1709.0,1733.0,1737.0,1737.0,1196.0,513.0,1211.0,520.0
1.0,3390.0,1733.0,1710.0,1737.0,1736.0,1736.0,1197.0,513.0,1216.0,517.0
1.0,3394.0,1731.0,1710.0,1736.0,1731.0,1731.0,1197.0,513.0,1214.0,517.0
1.0,3399.0,1744.0,1711.0,1731.0,1747.0,1747.0,1198.0,513.0,1219.0,525.0
1.0,3386.0,1730.0,1711.0,1747.0,1730.0,1730.0,1198.0,513.0,1211.0,519.0
1.0,3403.0,1749.0,1712.0,1730.0,1752.0,1752.0,1198.0,514.0,1224.0,525.0
1.0,3384.0,1735.0,1713.0,1752.0,1738.0,1738.0,1199.0,514.0,1215.0,520.0
1.0,3401.0,1738.0,1713.0,1738.0,1738.0,1738.0,1199.0,514.0,1215.0,523.0
1.0,3401.0,1734.0,1713.0,1738.0,1734.0,1734.0,1199.0,514.0,1215.0,519.0
1.0,3405.0,1740.0,1714.0,1734.0,1743.0,1743.0,1200.0,514.0,1218.0,522.0
1.0,3399.0,1736.0,1715.0,1743.0,1739.0,1739.0,1200.0,515.0,1212.0,524.0
1.0,3406.0,1731.0,1715.0,1739.0,1731.0,1731.0,1200.0,515.0,1211.0,520.0
1.0,3414.0,1740.0,1715.0,1731.0,1740.0,1740.0,1200.0,515.0,1222.0,518.0
1.0,3405.0,1742.0,1716.0,1740.0,1745.0,1745.0,1201.0,515.0,1220.0,522.0
1.0,3403.0,1741.0,1716.0,1745.0,1741.0,1741.0,1201.0,515.0,1224.0,517.0
1.0,3407.0,1736.0,1717.0,1741.0,1739.0,1739.0,1201.0,516.0,1210.0,526.0
1.0,3412.0,1738.0,1718.0,1739.0,1741.0,1741.0,1202.0,516.0,1217.0,521.0
1.0,3413.0,1743.0,1718.0,1741.0,1743.0,1743.0,1202.0,516.0,1221.0,522.0
1.0,3411.0,1725.0,1718.0,1743.0,1725.0,1725.0,1202.0,516.0,1209.0,516.0
1.0,3429.0,1746.0,1719.0,1725.0,1749.0,1749.0,1203.0,516.0,1221.0,525.0
1.0,3408.0,1739.0,1720.0,1749.0,1742.0,1742.0,1204.0,516.0,1219.0,520.0
1.0,3418.0,1747.0,1721.0,1742.0,1750.0,1750.0,1204.0,517.0,1228.0,519.0
1.0,3413.0,1734.0,1722.0,1750.0,1737.0,1737.0,1205.0,517.0,1212.0,522.0
1.0,3429.0,1738.0,1722.0,1737.0,1738.0,1738.0,1205.0,517.0,1219.0,519.0
1.0,3428.0,1752.0,1723.0,1738.0,1755.0,1755.0,1206.0,517.0,1231.0,521.0
1.0,3414.0,1739.0,1724.0,1755.0,1742.0,1742.0,1207.0,517.0,1213.0,526.0
1.0,3430.0,1735.0,1725.0,1742.0,1738.0,1738.0,1207.0,518.0,1218.0,517.0
1.0,3437.0,1740.0,1726.0,1738.0,1743.0,1743.0,1208.0,518.0,1215.0,525.0
1.0,3435.0,1735.0,1726.0,1743.0,1735.0,1735.0,1208.0,518.0,1213.0,522.0
1.0,3443.0,1744.0,1727.0,1735.0,1747.0,1747.0,1209.0,518.0,1224.0,520.0
1.0,3434.0,1749.0,1728.0,1747.0,1752.0,1752.0,1210.0,518.0,1228.0,521.0
1.0,3432.0,1740.0,1729.0,1752.0,1743.0,1743.0,1211.0,518.0,1223.0,517.0
1.0,3444.0,1740.0,1731.0,1743.0,1746.0,1746.0,1212.0,519.0,1224.0,516.0
1.0,3447.0,1728.0,1731.0,1746.0,1728.0,1728.0,1212.0,519.0,1210.0,518.0
1.0,3465.0,1734.0,1732.0,1728.0,1737.0,1737.0,1213.0,519.0,1218.0,516.0
1.0,3459.0,1735.0,1732.0,1737.0,1735.0,1735.0,1213.0,519.0,1216.0,519.0
1.0,3461.0,1739.0,1733.0,1735.0,1742.0,1742.0,1214.0,519.0,1211.0,528.0
1.0,3457.0,1729.0,1733.0,1742.0,1729.0,1729.0,1214.0,519.0,1209.0,520.0
1.0,3470.0,1742.0,1733.0,1729.0,1742.0,1742.0,1214.0,519.0,1222.0,520.0
1.0,3457.0,1733.0,1735.0,1742.0,1739.0,1739.0,1215.0,520.0,1212.0,521.0
1.0,3466.0,1743.0,1735.0,1739.0,1743.0,1743.0,1215.0,520.0,1220.0,523.0
1.0,3462.0,1751.0,1735.0,1743.0,1751.0,1751.0,1215.0,520.0,1223.0,528.0
1.0,3454.0,1749.0,1736.0,1751.0,1752.0,1752.0,1216.0,520.0,1219.0,530.0
1.0,3456.0,1740.0,1736.0,1752.0,1740.0,1740.0,1216.0,520.0,1216.0,524.0
1.0,3468.0,1753.0,1738.0,1740.0,1759.0,1759.0,1217.0,521.0,1225.0,528.0
1.0,3455.0,1755.0,1738.0,1759.0,1755.0,1755.0,1217.0,521.0,1226.0,529.0
1.0,3459.0,1758.0,1738.0,1755.0,1758.0,1758.0,1217.0,521.0,1228.0,530.0
1.0,3456.0,1755.0,1739.0,1758.0,1758.0,1758.0,1218.0,521.0,1228.0,527.0
1.0,3459.0,1759.0,1740.0,1758.0,1762.0,1762.0,1218.0,522.0,1229.0,530.0
1.0,3458.0,1760.0,1740.0,1762.0,1760.0,1760.0,1218.0,522.0,1232.0,528.0
1.0,3460.0,1763.0,1741.0,1760.0,1766.0,1766.0,1219.0,522.0,1228.0,535.0
1.0,3457.0,1762.0,1741.0,1766.0,1762.0,1762.0,1219.0,522.0,1230.0,532.0
1.0,3461.0,1758.0,1742.0,1762.0,1761.0,1761.0,1219.0,523.0,1227.0,531.0
1.0,3465.0,1766.0,1743.0,1761.0,1769.0,1769.0,1220.0,523.0,1233.0,533.0
1.0,3460.0,1771.0,1743.0,1769.0,1771.0,1771.0,1220.0,523.0,1238.0,533.0
1.0,3458.0,1758.0,1743.0,1771.0,1758.0,1758.0,1220.0,523.0,1228.0,530.0
1.0,3471.0,1774.0,1745.0,1758.0,1780.0,1780.0,1221.0,524.0,1242.0,532.0
1.0,3455.0,1780.0,1745.0,1780.0,1780.0,1780.0,1221.0,524.0,1245.0,535.0
1.0,3455.0,1773.0,1746.0,1780.0,1776.0,1776.0,1222.0,524.0,1242.0,531.0
1.0,3462.0,1787.0,1747.0,1776.0,1790.0,1790.0,1223.0,524.0,1253.0,534.0
1.0,3451.0,1774.0,1747.0,1790.0,1774.0,1774.0,1223.0,524.0,1244.0,530.0
1.0,3467.0,1777.0,1749.0,1774.0,1783.0,1783.0,1224.0,525.0,1247.0,530.0
1.0,3464.0,1789.0,1750.0,1783.0,1792.0,1792.0,1225.0,525.0,1255.0,534.0
1.0,3458.0,1789.0,1750.0,1792.0,1789.0,1789.0,1225.0,525.0,1256.0,533.0
1.0,3461.0,1791.0,1751.0,1789.0,1794.0,1794.0,1226.0,525.0,1253.0,538.0
1.0,3459.0,1785.0,1753.0,1794.0,1791.0,1791.0,1227.0,526.0,1249.0,536.0
1.0,3468.0,1794.0,1753.0,1791.0,1794.0,1794.0,1227.0,526.0,1254.0,540.0
1.0,3465.0,1774.0,1754.0,1794.0,1777.0,1777.0,1228.0,526.0,1242.0,532.0
1.0,3485.0,1784.0,1755.0,1777.0,1787.0,1787.0,1228.0,527.0,1249.0,535.0
1.0,3478.0,1777.0,1756.0,1787.0,1780.0,1780.0,1229.0,527.0,1243.0,534.0
1.0,3488.0,1784.0,1757.0,1780.0,1787.0,1787.0,1230.0,527.0,1252.0,532.0
1.0,3484.0,1791.0,1757.0,1787.0,1791.0,1791.0,1230.0,527.0,1255.0,536.0
1.0,3480.0,1769.0,1758.0,1791.0,1772.0,1772.0,1231.0,527.0,1242.0,527.0
1.0,3502.0,1777.0,1759.0,1772.0,1780.0,1780.0,1231.0,528.0,1246.0,531.0
1.0,3497.0,1778.0,1760.0,1780.0,1781.0,1781.0,1232.0,528.0,1250.0,528.0
1.0,3499.0,1773.0,1760.0,1781.0,1773.0,1773.0,1232.0,528.0,1243.0,530.0
1.0,3507.0,1773.0,1760.0,1773.0,1773.0,1773.0,1232.0,528.0,1240.0,533.0
1.0,3507.0,1770.0,1761.0,1773.0,1773.0,1773.0,1233.0,528.0,1238.0,532.0
1.0,3510.0,1772.0,1762.0,1773.0,1775.0,1775.0,1233.0,529.0,1241.0,531.0
1.0,3511.0,1757.0,1763.0,1775.0,1760.0,1760.0,1234.0,529.0,1228.0,529.0
1.0,3529.0,1769.0,1763.0,1760.0,1769.0,1769.0,1234.0,529.0,1241.0,528.0
1.0,3520.0,1762.0,1763.0,1769.0,1762.0,1762.0,1234.0,529.0,1236.0,526.0
1.0,3527.0,1753.0,1763.0,1762.0,1753.0,1753.0,1234.0,529.0,1224.0,529.0
1.0,3536.0,1771.0,1764.0,1753.0,1774.0,1774.0,1235.0,529.0,1241.0,530.0
1.0,3518.0,1765.0,1765.0,1774.0,1768.0,1768.0,1235.0,530.0,1235.0,530.0
1.0,3527.0,1757.0,1765.0,1768.0,1757.0,1757.0,1235.0,530.0,1226.0,531.0
1.0,3538.0,1760.0,1765.0,1757.0,1760.0,1760.0,1235.0,530.0,1232.0,528.0
1.0,3535.0,1773.0,1766.0,1760.0,1776.0,1776.0,1236.0,530.0,1240.0,533.0
1.0,3522.0,1754.0,1766.0,1776.0,1754.0,1754.0,1236.0,530.0,1231.0,523.0
1.0,3544.0,1772.0,1767.0,1754.0,1775.0,1775.0,1237.0,530.0,1241.0,531.0
1.0,3526.0,1765.0,1768.0,1775.0,1768.0,1768.0,1237.0,531.0,1236.0,529.0
1.0,3536.0,1775.0,1769.0,1768.0,1778.0,1778.0,1238.0,531.0,1242.0,533.0
1.0,3529.0,1774.0,1769.0,1778.0,1774.0,1774.0,1238.0,531.0,1243.0,531.0
1.0,3533.0,1775.0,1770.0,1774.0,1778.0,1778.0,1239.0,531.0,1244.0,531.0
1.0,3532.0,1780.0,1770.0,1778.0,1780.0,1780.0,1239.0,531.0,1250.0,530.0
1.0,3530.0,1783.0,1771.0,1780.0,1786.0,1786.0,1240.0,531.0,1247.0,536.0
1.0,3527.0,1785.0,1771.0,1786.0,1785.0,1785.0,1240.0,531.0,1254.0,531.0
1.0,3528.0,1788.0,1772.0,1785.0,1791.0,1791.0,1241.0,531.0,1253.0,535.0
1.0,3525.0,1790.0,1773.0,1791.0,1793.0,1793.0,1241.0,532.0,1254.0,536.0
1.0,3526.0,1799.0,1774.0,1793.0,1802.0,1802.0,1242.0,532.0,1264.0,535.0
1.0,3520.0,1793.0,1775.0,1802.0,1796.0,1796.0,1243.0,532.0,1254.0,539.0
1.0,3529.0,1803.0,1775.0,1796.0,1803.0,1803.0,1243.0,532.0,1263.0,540.0
1.0,3522.0,1788.0,1776.0,1803.0,1791.0,1791.0,1244.0,532.0,1250.0,538.0
1.0,3537.0,1798.0,1776.0,1791.0,1798.0,1798.0,1244.0,532.0,1264.0,534.0
1.0,3530.0,1810.0,1777.0,1798.0,1813.0,1813.0,1245.0,532.0,1269.0,541.0
1.0,3518.0,1807.0,1779.0,1813.0,1813.0,1813.0,1246.0,533.0,1266.0,541.0
1.0,3524.0,1804.0,1779.0,1813.0,1804.0,1804.0,1246.0,533.0,1264.0,540.0
1.0,3533.0,1807.0,1780.0,1804.0,1810.0,1810.0,1247.0,533.0,1266.0,541.0
1.0,3530.0,1814.0,1780.0,1810.0,1814.0,1814.0,1247.0,533.0,1268.0,546.0
1.0,3526.0,1813.0,1781.0,1814.0,1816.0,1816.0,1248.0,533.0,1270.0,543.0
1.0,3527.0,1813.0,1782.0,1816.0,1816.0,1816.0,1248.0,534.0,1272.0,541.0
1.0,3530.0,1806.0,1783.0,1816.0,1809.0,1809.0,1249.0,534.0,1263.0,543.0
1.0,3540.0,1828.0,1783.0,1809.0,1828.0,1828.0,1249.0,534.0,1280.0,548.0
1.0,3521.0,1808.0,1784.0,1828.0,1811.0,1811.0,1250.0,534.0,1262.0,546.0
1.0,3541.0,1814.0,1785.0,1811.0,1817.0,1817.0,1250.0,535.0,1270.0,544.0
1.0,3538.0,1813.0,1785.0,1817.0,1813.0,1813.0,1250.0,535.0,1267.0,546.0
1.0,3542.0,1813.0,1785.0,1813.0,1813.0,1813.0,1250.0,535.0,1269.0,544.0
1.0,3542.0,1826.0,1786.0,1813.0,1829.0,1829.0,1251.0,535.0,1275.0,551.0
1.0,3529.0,1816.0,1786.0,1829.0,1816.0,1816.0,1251.0,535.0,1269.0,547.0
1.0,3542.0,1810.0,1788.0,1816.0,1816.0,1816.0,1252.0,536.0,1265.0,545.0
1.0,3548.0,1814.0,1788.0,1816.0,1814.0,1814.0,1252.0,536.0,1268.0,546.0
1.0,3550.0,1800.0,1788.0,1814.0,1800.0,1800.0,1252.0,536.0,1261.0,539.0
1.0,3564.0,1810.0,1789.0,1800.0,1813.0,1813.0,1253.0,536.0,1261.0,549.0
1.0,3554.0,1815.0,1789.0,1813.0,1815.0,1815.0,1253.0,536.0,1270.0,545.0
1.0,3552.0,1804.0,1790.0,1815.0,1807.0,1807.0,1253.0,537.0,1261.0,543.0
1.0,3563.0,1803.0,1791.0,1807.0,1806.0,1806.0,1254.0,537.0,1263.0,540.0
1.0,3567.0,1819.0,1791.0,1806.0,1819.0,1819.0,1254.0,537.0,1271.0,548.0
1.0,3554.0,1806.0,1792.0,1819.0,1809.0,1809.0,1254.0,538.0,1264.0,542.0
1.0,3567.0,1802.0,1793.0,1809.0,1805.0,1805.0,1255.0,538.0,1257.0,545.0
1.0,3574.0,1805.0,1793.0,1805.0,1805.0,1805.0,1255.0,538.0,1260.0,545.0
1.0,3574.0,1802.0,1793.0,1805.0,1802.0,1802.0,1255.0,538.0,1256.0,546.0
1.0,3577.0,1803.0,1795.0,1802.0,1809.0,1809.0,1256.0,539.0,1261.0,542.0
1.0,3576.0,1799.0,1795.0,1809.0,1799.0,1799.0,1256.0,539.0,1259.0,540.0
1.0,3586.0,1807.0,1796.0,1799.0,1810.0,1810.0,1257.0,539.0,1268.0,539.0
1.0,3578.0,1803.0,1797.0,1810.0,1806.0,1806.0,1258.0,539.0,1260.0,543.0
1.0,3585.0,1802.0,1797.0,1806.0,1802.0,1802.0,1258.0,539.0,1265.0,537.0
1.0,3589.0,1796.0,1799.0,1802.0,1802.0,1802.0,1259.0,540.0,1256.0,540.0
1.0,3595.0,1804.0,1799.0,1802.0,1804.0,1804.0,1259.0,540.0,1264.0,540.0
1.0,3593.0,1809.0,1800.0,1804.0,1812.0,1812.0,1260.0,540.0,1268.0,541.0
1.0,3588.0,1812.0,1800.0,1812.0,1812.0,1812.0,1260.0,540.0,1267.0,545.0
1.0,3588.0,1817.0,1802.0,1812.0,1823.0,1823.0,1261.0,541.0,1275.0,542.0
1.0,3583.0,1802.0,1803.0,1823.0,1805.0,1805.0,1262.0,541.0,1267.0,535.0
1.0,3604.0,1817.0,1804.0,1805.0,1820.0,1820.0,1263.0,541.0,1278.0,539.0
1.0,3592.0,1801.0,1804.0,1820.0,1801.0,1801.0,1263.0,541.0,1263.0,538.0
1.0,3611.0,1817.0,1805.0,1801.0,1820.0,1820.0,1264.0,541.0,1273.0,544.0
1.0,3595.0,1809.0,1805.0,1820.0,1809.0,1809.0,1264.0,541.0,1271.0,538.0
1.0,3606.0,1818.0,1807.0,1809.0,1824.0,1824.0,1265.0,542.0,1275.0,543.0
1.0,3597.0,1826.0,1807.0,1824.0,1826.0,1826.0,1265.0,542.0,1279.0,547.0
1.0,3595.0,1820.0,1808.0,1826.0,1823.0,1823.0,1266.0,542.0,1274.0,546.0
1.0,3601.0,1818.0,1808.0,1823.0,1818.0,1818.0,1266.0,542.0,1271.0,547.0
1.0,3606.0,1819.0,1809.0,1818.0,1822.0,1822.0,1266.0,543.0,1274.0,545.0
1.0,3605.0,1825.0,1810.0,1822.0,1828.0,1828.0,1267.0,543.0,1277.0,548.0
1.0,3602.0,1819.0,1810.0,1828.0,1819.0,1819.0,1267.0,543.0,1274.0,545.0
1.0,3611.0,1826.0,1810.0,1819.0,1826.0,1826.0,1267.0,543.0,1278.0,548.0
1.0,3604.0,1827.0,1811.0,1826.0,1830.0,1830.0,1268.0,543.0,1280.0,547.0
1.0,3603.0,1828.0,1811.0,1830.0,1828.0,1828.0,1268.0,543.0,1281.0,547.0
1.0,3605.0,1823.0,1812.0,1828.0,1826.0,1826.0,1268.0,544.0,1273.0,550.0
1.0,3610.0,1826.0,1812.0,1826.0,1826.0,1826.0,1268.0,544.0,1276.0,550.0
1.0,3610.0,1829.0,1813.0,1826.0,1832.0,1832.0,1269.0,544.0,1280.0,549.0
1.0,3607.0,1840.0,1813.0,1832.0,1840.0,1840.0,1269.0,544.0,1289.0,551.0
1.0,3599.0,1831.0,1813.0,1840.0,1831.0,1831.0,1269.0,544.0,1283.0,548.0
1.0,3608.0,1831.0,1814.0,1831.0,1834.0,1834.0,1270.0,544.0,1281.0,550.0
1.0,3608.0,1847.0,1815.0,1834.0,1850.0,1850.0,1270.0,545.0,1295.0,552.0
1.0,3595.0,1843.0,1816.0,1850.0,1846.0,1846.0,1271.0,545.0,1291.0,552.0
1.0,3602.0,1849.0,1816.0,1846.0,1849.0,1849.0,1271.0,545.0,1297.0,552.0
1.0,3599.0,1837.0,1816.0,1849.0,1837.0,1837.0,1271.0,545.0,1284.0,553.0
1.0,3611.0,1842.0,1817.0,1837.0,1845.0,1845.0,1272.0,545.0,1286.0,556.0
1.0,3606.0,1852.0,1817.0,1845.0,1852.0,1852.0,1272.0,545.0,1298.0,554.0
1.0,3599.0,1849.0,1819.0,1852.0,1855.0,1855.0,1273.0,546.0,1297.0,552.0
1.0,3602.0,1837.0,1819.0,1855.0,1837.0,1837.0,1273.0,546.0,1283.0,554.0
1.0,3620.0,1847.0,1820.0,1837.0,1850.0,1850.0,1274.0,546.0,1295.0,552.0
1.0,3610.0,1846.0,1820.0,1850.0,1846.0,1846.0,1274.0,546.0,1294.0,552.0
1.0,3614.0,1853.0,1821.0,1846.0,1856.0,1856.0,1275.0,546.0,1299.0,554.0
1.0,3607.0,1862.0,1821.0,1856.0,1862.0,1862.0,1275.0,546.0,1302.0,560.0
1.0,3601.0,1855.0,1822.0,1862.0,1858.0,1858.0,1276.0,546.0,1300.0,555.0
1.0,3608.0,1842.0,1824.0,1858.0,1848.0,1848.0,1277.0,547.0,1290.0,552.0
1.0,3624.0,1853.0,1824.0,1848.0,1853.0,1853.0,1277.0,547.0,1301.0,552.0
1.0,3619.0,1838.0,1825.0,1853.0,1841.0,1841.0,1278.0,547.0,1284.0,554.0
1.0,3634.0,1848.0,1825.0,1841.0,1848.0,1848.0,1278.0,547.0,1291.0,557.0
1.0,3627.0,1836.0,1826.0,1848.0,1839.0,1839.0,1279.0,547.0,1284.0,552.0
1.0,3639.0,1840.0,1827.0,1839.0,1843.0,1843.0,1279.0,548.0,1282.0,558.0
1.0,3638.0,1838.0,1828.0,1843.0,1841.0,1841.0,1280.0,548.0,1285.0,553.0
1.0,3643.0,1846.0,1828.0,1841.0,1846.0,1846.0,1280.0,548.0,1293.0,553.0
1.0,3638.0,1838.0,1829.0,1846.0,1841.0,1841.0,1281.0,548.0,1286.0,552.0
1.0,3646.0,1844.0,1829.0,1841.0,1844.0,1844.0,1281.0,548.0,1294.0,550.0
1.0,3643.0,1830.0,1831.0,1844.0,1836.0,1836.0,1282.0,549.0,1277.0,553.0
1.0,3657.0,1838.0,1831.0,1836.0,1838.0,1838.0,1282.0,549.0,1284.0,554.0
1.0,3655.0,1836.0,1831.0,1838.0,1836.0,1836.0,1282.0,549.0,1279.0,557.0
1.0,3657.0,1836.0,1832.0,1836.0,1839.0,1839.0,1283.0,549.0,1284.0,552.0
1.0,3657.0,1832.0,1833.0,1839.0,1835.0,1835.0,1283.0,550.0,1282.0,550.0
1.0,3664.0,1838.0,1833.0,1835.0,1838.0,1838.0,1283.0,550.0,1284.0,554.0
1.0,3661.0,1839.0,1834.0,1838.0,1842.0,1842.0,1284.0,550.0,1282.0,557.0
1.0,3660.0,1840.0,1834.0,1842.0,1840.0,1840.0,1284.0,550.0,1288.0,552.0
1.0,3662.0,1827.0,1835.0,1840.0,1830.0,1830.0,1284.0,551.0,1272.0,555.0
1.0,3675.0,1835.0,1835.0,1830.0,1835.0,1835.0,1284.0,551.0,1284.0,551.0
1.0,3670.0,1839.0,1836.0,1835.0,1842.0,1842.0,1285.0,551.0,1281.0,558.0
1.0,3666.0,1841.0,1836.0,1842.0,1841.0,1841.0,1285.0,551.0,1289.0,552.0
1.0,3667.0,1836.0,1837.0,1841.0,1839.0,1839.0,1285.0,552.0,1283.0,553.0
1.0,3672.0,1845.0,1837.0,1839.0,1845.0,1845.0,1285.0,552.0,1292.0,553.0
1.0,3666.0,1842.0,1838.0,1845.0,1845.0,1845.0,1286.0,552.0,1288.0,554.0
1.0,3669.0,1857.0,1838.0,1845.0,1857.0,1857.0,1286.0,552.0,1300.0,557.0
1.0,3657.0,1851.0,1839.0,1857.0,1854.0,1854.0,1287.0,552.0,1296.0,555.0
1.0,3663.0,1853.0,1840.0,1854.0,1856.0,1856.0,1287.0,553.0,1299.0,554.0
1.0,3664.0,1860.0,1841.0,1856.0,1863.0,1863.0,1288.0,553.0,1300.0,560.0
1.0,3660.0,1864.0,1841.0,1863.0,1864.0,1864.0,1288.0,553.0,1301.0,563.0
1.0,3659.0,1855.0,1841.0,1864.0,1855.0,1855.0,1288.0,553.0,1297.0,558.0
1.0,3668.0,1861.0,1843.0,1855.0,1867.0,1867.0,1289.0,554.0,1303.0,558.0
1.0,3662.0,1869.0,1843.0,1867.0,1869.0,1869.0,1289.0,554.0,1312.0,557.0
1.0,3660.0,1866.0,1844.0,1869.0,1869.0,1869.0,1290.0,554.0,1309.0,557.0
1.0,3663.0,1880.0,1845.0,1869.0,1883.0,1883.0,1291.0,554.0,1316.0,564.0
1.0,3652.0,1869.0,1845.0,1883.0,1869.0,1869.0,1291.0,554.0,1311.0,558.0
1.0,3666.0,1878.0,1846.0,1869.0,1881.0,1881.0,1292.0,554.0,1319.0,559.0
1.0,3657.0,1880.0,1848.0,1881.0,1886.0,1886.0,1293.0,555.0,1318.0,562.0
1.0,3658.0,1880.0,1849.0,1886.0,1883.0,1883.0,1294.0,555.0,1321.0,559.0
1.0,3664.0,1890.0,1849.0,1883.0,1890.0,1890.0,1294.0,555.0,1327.0,563.0
1.0,3657.0,1872.0,1850.0,1890.0,1875.0,1875.0,1295.0,555.0,1313.0,559.0
1.0,3675.0,1878.0,1851.0,1875.0,1881.0,1881.0,1295.0,556.0,1315.0,563.0
1.0,3672.0,1884.0,1852.0,1881.0,1887.0,1887.0,1296.0,556.0,1324.0,560.0
1.0,3669.0,1878.0,1852.0,1887.0,1878.0,1878.0,1296.0,556.0,1317.0,561.0
1.0,3678.0,1881.0,1853.0,1878.0,1884.0,1884.0,1297.0,556.0,1316.0,565.0
1.0,3675.0,1900.0,1853.0,1884.0,1900.0,1900.0,1297.0,556.0,1331.0,569.0
1.0,3659.0,1885.0,1854.0,1900.0,1888.0,1888.0,1298.0,556.0,1324.0,561.0
1.0,3674.0,1864.0,1855.0,1888.0,1867.0,1867.0,1298.0,557.0,1304.0,560.0
1.0,3698.0,1881.0,1856.0,1867.0,1884.0,1884.0,1299.0,557.0,1318.0,563.0
1.0,3684.0,1881.0,1856.0,1884.0,1881.0,1881.0,1299.0,557.0,1318.0,563.0
1.0,3687.0,1866.0,1856.0,1881.0,1866.0,1866.0,1299.0,557.0,1304.0,562.0
1.0,3702.0,1883.0,1856.0,1866.0,1883.0,1883.0,1299.0,557.0,1316.0,567.0
1.0,3685.0,1882.0,1857.0,1883.0,1885.0,1885.0,1300.0,557.0,1319.0,563.0
1.0,3686.0,1871.0,1858.0,1885.0,1874.0,1874.0,1300.0,558.0,1306.0,565.0
1.0,3700.0,1875.0,1859.0,1874.0,1878.0,1878.0,1301.0,558.0,1311.0,564.0
1.0,3699.0,1875.0,1859.0,1878.0,1875.0,1875.0,1301.0,558.0,1314.0,561.0
1.0,3702.0,1869.0,1859.0,1875.0,1869.0,1869.0,1301.0,558.0,1304.0,565.0
1.0,3708.0,1873.0,1860.0,1869.0,1876.0,1876.0,1302.0,558.0,1309.0,564.0
1.0,3704.0,1872.0,1860.0,1876.0,1872.0,1872.0,1302.0,558.0,1311.0,561.0
1.0,3708.0,1875.0,1862.0,1872.0,1881.0,1881.0,1303.0,559.0,1310.0,565.0
1.0,3705.0,1871.0,1862.0,1881.0,1871.0,1871.0,1303.0,559.0,1309.0,562.0
1.0,3715.0,1866.0,1862.0,1871.0,1866.0,1866.0,1303.0,559.0,1302.0,564.0
1.0,3720.0,1870.0,1863.0,1866.0,1873.0,1873.0,1304.0,559.0,1307.0,563.0
1.0,3716.0,1873.0,1864.0,1873.0,1876.0,1876.0,1304.0,560.0,1310.0,563.0
1.0,3716.0,1871.0,1865.0,1876.0,1874.0,1874.0,1305.0,560.0,1308.0,563.0
1.0,3721.0,1880.0,1866.0,1874.0,1883.0,1883.0,1306.0,560.0,1316.0,564.0
1.0,3715.0,1878.0,1866.0,1883.0,1878.0,1878.0,1306.0,560.0,1313.0,565.0
1.0,3720.0,1868.0,1867.0,1878.0,1871.0,1871.0,1307.0,560.0,1305.0,563.0
1.0,3730.0,1862.0,1867.0,1871.0,1862.0,1862.0,1307.0,560.0,1301.0,561.0
1.0,3739.0,1878.0,1868.0,1862.0,1881.0,1881.0,1307.0,561.0,1314.0,564.0
1.0,3723.0,1885.0,1869.0,1881.0,1888.0,1888.0,1308.0,561.0,1321.0,564.0
1.0,3719.0,1887.0,1870.0,1888.0,1890.0,1890.0,1309.0,561.0,1318.0,569.0
1.0,3720.0,1880.0,1871.0,1890.0,1883.0,1883.0,1310.0,561.0,1316.0,564.0
1.0,3730.0,1888.0,1872.0,1883.0,1891.0,1891.0,1310.0,562.0,1318.0,570.0
1.0,3725.0,1882.0,1873.0,1891.0,1885.0,1885.0,1311.0,562.0,1317.0,565.0
1.0,3734.0,1888.0,1873.0,1885.0,1888.0,1888.0,1311.0,562.0,1319.0,569.0
1.0,3731.0,1894.0,1874.0,1888.0,1897.0,1897.0,1312.0,562.0,1329.0,565.0
1.0,3725.0,1891.0,1876.0,1897.0,1897.0,1897.0,1313.0,563.0,1321.0,570.0
1.0,3731.0,1896.0,1876.0,1897.0,1896.0,1896.0,1313.0,563.0,1328.0,568.0
1.0,3732.0,1897.0,1877.0,1896.0,1900.0,1900.0,1314.0,563.0,1326.0,571.0
1.0,3731.0,1908.0,1878.0,1900.0,1911.0,1911.0,1315.0,563.0,1339.0,569.0
1.0,3723.0,1894.0,1878.0,1911.0,1894.0,1894.0,1315.0,563.0,1325.0,569.0
1.0,3740.0,1899.0,1880.0,1894.0,1905.0,1905.0,1316.0,564.0,1330.0,569.0
1.0,3735.0,1907.0,1880.0,1905.0,1907.0,1907.0,1316.0,564.0,1336.0,571.0
1.0,3733.0,1907.0,1881.0,1907.0,1910.0,1910.0,1317.0,564.0,1334.0,573.0
1.0,3733.0,1911.0,1882.0,1910.0,1914.0,1914.0,1317.0,565.0,1338.0,573.0
1.0,3732.0,1902.0,1883.0,1914.0,1905.0,1905.0,1318.0,565.0,1330.0,572.0
1.0,3744.0,1896.0,1883.0,1905.0,1896.0,1896.0,1318.0,565.0,1324.0,572.0
1.0,3753.0,1905.0,1883.0,1896.0,1905.0,1905.0,1318.0,565.0,1328.0,577.0
1.0,3744.0,1898.0,1884.0,1905.0,1901.0,1901.0,1318.0,566.0,1323.0,575.0
1.0,3751.0,1899.0,1884.0,1901.0,1899.0,1899.0,1318.0,566.0,1325.0,574.0
1.0,3753.0,1922.0,1884.0,1899.0,1922.0,1922.0,1318.0,566.0,1343.0,579.0
1.0,3730.0,1918.0,1886.0,1922.0,1924.0,1924.0,1319.0,567.0,1341.0,577.0
1.0,3734.0,1909.0,1886.0,1924.0,1909.0,1909.0,1319.0,567.0,1333.0,576.0
1.0,3749.0,1909.0,1886.0,1909.0,1909.0,1909.0,1319.0,567.0,1333.0,576.0
1.0,3749.0,1906.0,1887.0,1909.0,1909.0,1909.0,1320.0,567.0,1332.0,574.0
1.0,3752.0,1910.0,1888.0,1909.0,1913.0,1913.0,1320.0,568.0,1336.0,574.0
1.0,3751.0,1916.0,1888.0,1913.0,1916.0,1916.0,1320.0,568.0,1339.0,577.0
1.0,3748.0,1916.0,1889.0,1916.0,1919.0,1919.0,1321.0,568.0,1342.0,574.0
1.0,3748.0,1917.0,1889.0,1919.0,1917.0,1917.0,1321.0,568.0,1341.0,576.0
1.0,3750.0,1922.0,1890.0,1917.0,1925.0,1925.0,1322.0,568.0,1348.0,574.0
1.0,3745.0,1902.0,1891.0,1925.0,1905.0,1905.0,1322.0,569.0,1329.0,573.0
1.0,3768.0,1922.0,1892.0,1905.0,1925.0,1925.0,1323.0,569.0,1348.0,574.0
1.0,3751.0,1922.0,1893.0,1925.0,1925.0,1925.0,1324.0,569.0,1349.0,573.0
1.0,3754.0,1925.0,1893.0,1925.0,1925.0,1925.0,1324.0,569.0,1347.0,578.0
1.0,3754.0,1909.0,1894.0,1925.0,1912.0,1912.0,1325.0,569.0,1338.0,571.0
1.0,3770.0,1912.0,1894.0,1912.0,1912.0,1912.0,1325.0,569.0,1342.0,570.0
1.0,3770.0,1909.0,1896.0,1912.0,1915.0,1915.0,1326.0,570.0,1335.0,574.0
1.0,3773.0,1909.0,1896.0,1915.0,1909.0,1909.0,1326.0,570.0,1340.0,569.0
1.0,3779.0,1907.0,1897.0,1909.0,1910.0,1910.0,1327.0,570.0,1335.0,572.0
1.0,3781.0,1909.0,1898.0,1910.0,1912.0,1912.0,1328.0,570.0,1341.0,568.0
1.0,3782.0,1912.0,1898.0,1912.0,1912.0,1912.0,1328.0,570.0,1340.0,572.0
1.0,3782.0,1909.0,1899.0,1912.0,1912.0,1912.0,1329.0,570.0,1341.0,568.0
1.0,3785.0,1913.0,1900.0,1912.0,1916.0,1916.0,1330.0,570.0,1344.0,569.0
1.0,3784.0,1908.0,1901.0,1916.0,1911.0,1911.0,1330.0,571.0,1341.0,567.0
1.0,3792.0,1903.0,1902.0,1911.0,1906.0,1906.0,1331.0,571.0,1333.0,570.0
1.0,3800.0,1905.0,1902.0,1906.0,1905.0,1905.0,1331.0,571.0,1335.0,570.0
1.0,3801.0,1907.0,1903.0,1905.0,1910.0,1910.0,1332.0,571.0,1336.0,571.0
1.0,3799.0,1901.0,1903.0,1910.0,1901.0,1901.0,1332.0,571.0,1330.0,571.0
1.0,3808.0,1916.0,1904.0,1901.0,1919.0,1919.0,1333.0,571.0,1339.0,577.0
1.0,3793.0,1910.0,1904.0,1919.0,1910.0,1910.0,1333.0,571.0,1340.0,570.0
1.0,3802.0,1903.0,1906.0,1910.0,1909.0,1909.0,1334.0,572.0,1333.0,570.0
1.0,3809.0,1906.0,1906.0,1909.0,1906.0,1906.0,1334.0,572.0,1334.0,572.0
1.0,3812.0,1907.0,1906.0,1906.0,1907.0,1907.0,1334.0,572.0,1336.0,571.0
1.0,3811.0,1911.0,1907.0,1907.0,1914.0,1914.0,1335.0,572.0,1337.0,574.0
1.0,3807.0,1908.0,1907.0,1914.0,1908.0,1908.0,1335.0,572.0,1336.0,572.0
1.0,3813.0,1911.0,1907.0,1908.0,1911.0,1911.0,1335.0,572.0,1335.0,576.0
1.0,3810.0,1923.0,1908.0,1911.0,1926.0,1926.0,1336.0,572.0,1347.0,576.0
1.0,3798.0,1908.0,1908.0,1926.0,1908.0,1908.0,1336.0,572.0,1336.0,572.0
1.0,3816.0,1914.0,1909.0,1908.0,1917.0,1917.0,1336.0,573.0,1338.0,576.0
1.0,3810.0,1922.0,1910.0,1917.0,1925.0,1925.0,1337.0,573.0,1343.0,579.0
1.0,3805.0,1917.0,1910.0,1925.0,1917.0,1917.0,1337.0,573.0,1343.0,574.0
1.0,3813.0,1929.0,1910.0,1917.0,1929.0,1929.0,1337.0,573.0,1346.0,583.0
1.0,3801.0,1924.0,1911.0,1929.0,1927.0,1927.0,1338.0,573.0,1347.0,577.0
1.0,3806.0,1934.0,1912.0,1927.0,1937.0,1937.0,1338.0,574.0,1353.0,581.0
1.0,3799.0,1937.0,1912.0,1937.0,1937.0,1937.0,1338.0,574.0,1354.0,583.0
1.0,3799.0,1949.0,1913.0,1937.0,1952.0,1952.0,1339.0,574.0,1365.0,584.0
1.0,3787.0,1941.0,1913.0,1952.0,1941.0,1941.0,1339.0,574.0,1359.0,582.0
1.0,3798.0,1943.0,1914.0,1941.0,1946.0,1946.0,1340.0,574.0,1364.0,579.0
1.0,3796.0,1945.0,1915.0,1946.0,1948.0,1948.0,1341.0,574.0,1364.0,581.0
1.0,3797.0,1950.0,1916.0,1948.0,1953.0,1953.0,1341.0,575.0,1365.0,585.0
1.0,3795.0,1957.0,1917.0,1953.0,1960.0,1960.0,1342.0,575.0,1374.0,583.0
1.0,3791.0,1951.0,1918.0,1960.0,1954.0,1954.0,1343.0,575.0,1365.0,586.0
1.0,3800.0,1954.0,1919.0,1954.0,1957.0,1957.0,1344.0,575.0,1365.0,589.0
1.0,3800.0,1959.0,1919.0,1957.0,1959.0,1959.0,1344.0,575.0,1373.0,586.0
1.0,3798.0,1954.0,1921.0,1959.0,1960.0,1960.0,1345.0,576.0,1368.0,586.0
1.0,3803.0,1955.0,1922.0,1960.0,1958.0,1958.0,1346.0,576.0,1369.0,586.0
1.0,3808.0,1961.0,1922.0,1958.0,1961.0,1961.0,1346.0,576.0,1370.0,591.0
1.0,3805.0,1955.0,1923.0,1961.0,1958.0,1958.0,1347.0,576.0,1369.0,586.0
1.0,3811.0,1952.0,1923.0,1958.0,1952.0,1952.0,1347.0,576.0,1367.0,585.0
1.0,3817.0,1956.0,1925.0,1952.0,1962.0,1962.0,1348.0,577.0,1366.0,590.0
1.0,3813.0,1960.0,1925.0,1962.0,1960.0,1960.0,1348.0,577.0,1370.0,590.0
1.0,3815.0,1951.0,1926.0,1960.0,1954.0,1954.0,1349.0,577.0,1364.0,587.0
1.0,3824.0,1960.0,1928.0,1954.0,1966.0,1966.0,1350.0,578.0,1373.0,587.0
1.0,3818.0,1948.0,1928.0,1966.0,1948.0,1948.0,1350.0,578.0,1363.0,585.0
1.0,3836.0,1955.0,1928.0,1948.0,1955.0,1955.0,1350.0,578.0,1370.0,585.0
1.0,3829.0,1945.0,1929.0,1955.0,1948.0,1948.0,1351.0,578.0,1356.0,589.0
1.0,3839.0,1949.0,1930.0,1948.0,1952.0,1952.0,1351.0,579.0,1362.0,587.0
1.0,3838.0,1955.0,1931.0,1952.0,1958.0,1958.0,1352.0,579.0,1370.0,585.0
1.0,3835.0,1940.0,1931.0,1958.0,1940.0,1940.0,1352.0,579.0,1356.0,584.0
1.0,3853.0,1954.0,1931.0,1940.0,1954.0,1954.0,1352.0,579.0,1368.0,586.0
1.0,3839.0,1950.0,1933.0,1954.0,1956.0,1956.0,1353.0,580.0,1367.0,583.0
1.0,3843.0,1941.0,1933.0,1956.0,1941.0,1941.0,1353.0,580.0,1357.0,584.0
1.0,3858.0,1941.0,1934.0,1941.0,1944.0,1944.0,1354.0,580.0,1354.0,587.0
1.0,3858.0,1943.0,1934.0,1944.0,1943.0,1943.0,1354.0,580.0,1361.0,582.0
1.0,3859.0,1926.0,1935.0,1943.0,1929.0,1929.0,1354.0,581.0,1345.0,581.0
1.0,3876.0,1937.0,1935.0,1929.0,1937.0,1937.0,1354.0,581.0,1355.0,582.0
1.0,3868.0,1941.0,1936.0,1937.0,1944.0,1944.0,1355.0,581.0,1358.0,583.0
1.0,3864.0,1941.0,1936.0,1944.0,1941.0,1941.0,1355.0,581.0,1359.0,582.0
1.0,3867.0,1937.0,1938.0,1941.0,1943.0,1943.0,1356.0,582.0,1353.0,584.0
1.0,3871.0,1942.0,1938.0,1943.0,1942.0,1942.0,1356.0,582.0,1360.0,582.0
1.0,3872.0,1937.0,1938.0,1942.0,1937.0,1937.0,1356.0,582.0,1354.0,583.0
1.0,3877.0,1940.0,1939.0,1937.0,1943.0,1943.0,1357.0,582.0,1356.0,584.0
1.0,3874.0,1945.0,1939.0,1943.0,1945.0,1945.0,1357.0,582.0,1364.0,581.0
1.0,3872.0,1941.0,1941.0,1945.0,1947.0,1947.0,1358.0,583.0,1359.0,582.0
1.0,3876.0,1946.0,1941.0,1947.0,1946.0,1946.0,1358.0,583.0,1363.0,583.0
1.0,3877.0,1939.0,1942.0,1946.0,1942.0,1942.0,1359.0,583.0,1357.0,582.0
1.0,3884.0,1959.0,1942.0,1942.0,1959.0,1959.0,1359.0,583.0,1374.0,585.0
1.0,3867.0,1948.0,1943.0,1959.0,1951.0,1951.0,1360.0,583.0,1365.0,583.0
1.0,3878.0,1948.0,1944.0,1951.0,1951.0,1951.0,1360.0,584.0,1365.0,583.0
1.0,3881.0,1959.0,1945.0,1951.0,1962.0,1962.0,1361.0,584.0,1374.0,585.0
1.0,3873.0,1955.0,1946.0,1962.0,1958.0,1958.0,1362.0,584.0,1371.0,584.0
1.0,3880.0,1953.0,1946.0,1958.0,1953.0,1953.0,1362.0,584.0,1370.0,583.0
1.0,3885.0,1964.0,1947.0,1953.0,1967.0,1967.0,1363.0,584.0,1373.0,591.0
1.0,3874.0,1964.0,1947.0,1967.0,1964.0,1964.0,1363.0,584.0,1378.0,586.0
1.0,3877.0,1970.0,1949.0,1964.0,1976.0,1976.0,1364.0,585.0,1386.0,584.0
1.0,3871.0,1963.0,1950.0,1976.0,1966.0,1966.0,1365.0,585.0,1375.0,588.0
1.0,3884.0,1967.0,1950.0,1966.0,1967.0,1967.0,1365.0,585.0,1379.0,588.0
1.0,3883.0,1973.0,1950.0,1967.0,1973.0,1973.0,1365.0,585.0,1382.0,591.0
1.0,3877.0,1968.0,1951.0,1973.0,1971.0,1971.0,1366.0,585.0,1379.0,589.0
1.0,3882.0,1975.0,1951.0,1971.0,1975.0,1975.0,1366.0,585.0,1381.0,594.0
1.0,3878.0,1981.0,1953.0,1975.0,1987.0,1987.0,1367.0,586.0,1385.0,596.0
1.0,3872.0,1976.0,1953.0,1987.0,1976.0,1976.0,1367.0,586.0,1383.0,593.0
1.0,3883.0,1979.0,1953.0,1976.0,1979.0,1979.0,1367.0,586.0,1387.0,592.0
1.0,3880.0,1980.0,1954.0,1979.0,1983.0,1983.0,1368.0,586.0,1389.0,591.0
1.0,3879.0,1985.0,1954.0,1983.0,1985.0,1985.0,1368.0,586.0,1387.0,598.0
1.0,3877.0,1981.0,1954.0,1985.0,1981.0,1981.0,1368.0,586.0,1382.0,599.0
1.0,3881.0,1971.0,1955.0,1981.0,1974.0,1974.0,1368.0,587.0,1378.0,593.0
1.0,3891.0,1975.0,1956.0,1974.0,1978.0,1978.0,1369.0,587.0,1379.0,596.0
1.0,3890.0,1979.0,1956.0,1978.0,1979.0,1979.0,1369.0,587.0,1386.0,593.0
1.0,3889.0,1980.0,1956.0,1979.0,1980.0,1980.0,1369.0,587.0,1383.0,597.0
1.0,3888.0,1975.0,1956.0,1980.0,1975.0,1975.0,1369.0,587.0,1379.0,596.0
1.0,3893.0,1980.0,1957.0,1975.0,1983.0,1983.0,1370.0,587.0,1383.0,597.0
1.0,3888.0,1984.0,1958.0,1983.0,1987.0,1987.0,1370.0,588.0,1386.0,598.0
1.0,3887.0,1977.0,1958.0,1987.0,1977.0,1977.0,1370.0,588.0,1378.0,599.0
1.0,3897.0,1978.0,1958.0,1977.0,1978.0,1978.0,1370.0,588.0,1382.0,596.0
1.0,3896.0,1977.0,1959.0,1978.0,1980.0,1980.0,1371.0,588.0,1381.0,596.0
1.0,3897.0,1976.0,1959.0,1980.0,1976.0,1976.0,1371.0,588.0,1378.0,598.0
1.0,3901.0,1992.0,1961.0,1976.0,1998.0,1998.0,1372.0,589.0,1391.0,601.0
1.0,3885.0,1987.0,1961.0,1998.0,1987.0,1987.0,1372.0,589.0,1392.0,595.0
1.0,3896.0,1974.0,1961.0,1987.0,1974.0,1974.0,1372.0,589.0,1377.0,597.0
1.0,3909.0,1980.0,1962.0,1974.0,1983.0,1983.0,1373.0,589.0,1384.0,596.0
1.0,3903.0,1982.0,1962.0,1983.0,1982.0,1982.0,1373.0,589.0,1386.0,596.0
1.0,3904.0,1975.0,1964.0,1982.0,1981.0,1981.0,1374.0,590.0,1384.0,591.0
1.0,3911.0,1985.0,1964.0,1981.0,1985.0,1985.0,1374.0,590.0,1390.0,595.0
1.0,3907.0,1984.0,1965.0,1985.0,1987.0,1987.0,1375.0,590.0,1390.0,594.0
1.0,3908.0,1984.0,1965.0,1987.0,1984.0,1984.0,1375.0,590.0,1389.0,595.0
1.0,3911.0,1978.0,1966.0,1984.0,1981.0,1981.0,1376.0,590.0,1383.0,595.0
1.0,3917.0,1985.0,1968.0,1981.0,1991.0,1991.0,1377.0,591.0,1389.0,596.0
1.0,3913.0,1980.0,1968.0,1991.0,1980.0,1980.0,1377.0,591.0,1388.0,592.0
1.0,3924.0,1981.0,1969.0,1980.0,1984.0,1984.0,1378.0,591.0,1384.0,597.0
1.0,3923.0,1979.0,1970.0,1984.0,1982.0,1982.0,1379.0,591.0,1387.0,592.0
1.0,3928.0,1988.0,1971.0,1982.0,1991.0,1991.0,1379.0,592.0,1394.0,594.0
1.0,3922.0,1976.0,1972.0,1991.0,1979.0,1979.0,1380.0,592.0,1384.0,592.0
1.0,3937.0,1984.0,1972.0,1979.0,1984.0,1984.0,1380.0,592.0,1390.0,594.0
1.0,3932.0,1985.0,1973.0,1984.0,1988.0,1988.0,1381.0,592.0,1389.0,596.0
1.0,3931.0,1995.0,1975.0,1988.0,2001.0,2001.0,1382.0,593.0,1398.0,597.0
1.0,3924.0,1989.0,1975.0,2001.0,1989.0,1989.0,1382.0,593.0,1393.0,596.0
1.0,3936.0,1977.0,1976.0,1989.0,1980.0,1980.0,1383.0,593.0,1385.0,592.0
1.0,3948.0,1981.0,1976.0,1980.0,1981.0,1981.0,1383.0,593.0,1381.0,600.0
1.0,3947.0,1983.0,1976.0,1981.0,1983.0,1983.0,1383.0,593.0,1389.0,594.0
1.0,3945.0,1983.0,1978.0,1983.0,1989.0,1989.0,1384.0,594.0,1386.0,597.0
1.0,3945.0,1993.0,1978.0,1989.0,1993.0,1993.0,1384.0,594.0,1399.0,594.0
1.0,3941.0,1999.0,1979.0,1993.0,2002.0,2002.0,1385.0,594.0,1397.0,602.0
1.0,3935.0,1998.0,1980.0,2002.0,2001.0,2001.0,1385.0,595.0,1399.0,599.0
1.0,3939.0,1989.0,1981.0,2001.0,1992.0,1992.0,1386.0,595.0,1393.0,596.0
1.0,3951.0,1988.0,1981.0,1992.0,1988.0,1988.0,1386.0,595.0,1389.0,599.0
1.0,3955.0,1998.0,1981.0,1988.0,1998.0,1998.0,1386.0,595.0,1398.0,600.0
1.0,3945.0,1991.0,1982.0,1998.0,1994.0,1994.0,1387.0,595.0,1395.0,596.0
1.0,3952.0,2008.0,1983.0,1994.0,2011.0,2011.0,1387.0,596.0,1406.0,602.0
1.0,3938.0,1996.0,1983.0,2011.0,1996.0,1996.0,1387.0,596.0,1397.0,599.0
1.0,3953.0,1994.0,1984.0,1996.0,1997.0,1997.0,1388.0,596.0,1393.0,601.0
1.0,3955.0,2003.0,1984.0,1997.0,2003.0,2003.0,1388.0,596.0,1397.0,606.0
1.0,3949.0,2001.0,1984.0,2003.0,2001.0,2001.0,1388.0,596.0,1399.0,602.0
1.0,3951.0,2013.0,1986.0,2001.0,2019.0,2019.0,1389.0,597.0,1410.0,603.0
1.0,3939.0,2004.0,1986.0,2019.0,2004.0,2004.0,1389.0,597.0,1404.0,600.0
1.0,3954.0,2012.0,1986.0,2004.0,2012.0,2012.0,1389.0,597.0,1409.0,603.0
1.0,3946.0,2011.0,1987.0,2012.0,2014.0,2014.0,1390.0,597.0,1411.0,600.0
1.0,3947.0,2027.0,1988.0,2014.0,2030.0,2030.0,1391.0,597.0,1419.0,608.0
1.0,3934.0,2019.0,1988.0,2030.0,2019.0,2019.0,1391.0,597.0,1417.0,602.0
1.0,3945.0,2018.0,1990.0,2019.0,2024.0,2024.0,1392.0,598.0,1414.0,604.0
1.0,3946.0,2020.0,1991.0,2024.0,2023.0,2023.0,1393.0,598.0,1417.0,603.0
1.0,3950.0,2030.0,1991.0,2023.0,2030.0,2030.0,1393.0,598.0,1426.0,604.0
1.0,3943.0,2024.0,1992.0,2030.0,2027.0,2027.0,1394.0,598.0,1422.0,602.0
1.0,3949.0,2031.0,1993.0,2027.0,2034.0,2034.0,1395.0,598.0,1422.0,609.0
1.0,3945.0,2018.0,1994.0,2034.0,2021.0,2021.0,1396.0,598.0,1411.0,607.0
1.0,3961.0,2031.0,1994.0,2021.0,2031.0,2031.0,1396.0,598.0,1425.0,606.0
1.0,3951.0,2027.0,1996.0,2031.0,2033.0,2033.0,1397.0,599.0,1421.0,606.0
1.0,3955.0,2025.0,1997.0,2033.0,2028.0,2028.0,1398.0,599.0,1421.0,604.0
1.0,3963.0,2026.0,1998.0,2028.0,2029.0,2029.0,1399.0,599.0,1418.0,608.0
1.0,3965.0,2018.0,1998.0,2029.0,2018.0,2018.0,1399.0,599.0,1415.0,603.0
1.0,3976.0,2024.0,1999.0,2018.0,2027.0,2027.0,1400.0,599.0,1420.0,604.0
1.0,3970.0,2015.0,1999.0,2027.0,2015.0,2015.0,1400.0,599.0,1410.0,605.0
1.0,3982.0,2009.0,2000.0,2015.0,2012.0,2012.0,1401.0,599.0,1408.0,601.0
1.0,3988.0,2018.0,2001.0,2012.0,2021.0,2021.0,1401.0,600.0,1414.0,604.0
1.0,3982.0,2002.0,2002.0,2021.0,2005.0,2005.0,1402.0,600.0,1398.0,604.0
1.0,4001.0,2011.0,2002.0,2005.0,2011.0,2011.0,1402.0,600.0,1407.0,604.0
1.0,3995.0,2024.0,2002.0,2011.0,2024.0,2024.0,1402.0,600.0,1415.0,609.0
1.0,3982.0,2002.0,2003.0,2024.0,2005.0,2005.0,1403.0,600.0,1400.0,602.0
1.0,4004.0,1999.0,2004.0,2005.0,2002.0,2002.0,1403.0,601.0,1397.0,602.0
1.0,4010.0,2011.0,2004.0,2002.0,2011.0,2011.0,1403.0,601.0,1404.0,607.0
1.0,4001.0,2013.0,2005.0,2011.0,2016.0,2016.0,1404.0,601.0,1408.0,605.0
1.0,3999.0,2008.0,2005.0,2016.0,2008.0,2008.0,1404.0,601.0,1400.0,608.0
1.0,4007.0,2002.0,2006.0,2008.0,2005.0,2005.0,1404.0,602.0,1398.0,604.0
1.0,4013.0,2011.0,2006.0,2005.0,2011.0,2011.0,1404.0,602.0,1406.0,605.0
1.0,4007.0,2004.0,2007.0,2011.0,2007.0,2007.0,1405.0,602.0,1402.0,602.0
1.0,4014.0,2015.0,2007.0,2007.0,2015.0,2015.0,1405.0,602.0,1407.0,608.0
1.0,4006.0,2021.0,2008.0,2015.0,2024.0,2024.0,1406.0,602.0,1416.0,605.0
1.0,4000.0,2011.0,2009.0,2024.0,2014.0,2014.0,1406.0,603.0,1404.0,607.0
1.0,4013.0,2006.0,2009.0,2014.0,2006.0,2006.0,1406.0,603.0,1399.0,607.0
1.0,4021.0,2020.0,2009.0,2006.0,2020.0,2020.0,1406.0,603.0,1415.0,605.0
1.0,4007.0,2028.0,2010.0,2020.0,2031.0,2031.0,1407.0,603.0,1419.0,609.0
1.0,3999.0,2020.0,2010.0,2031.0,2020.0,2020.0,1407.0,603.0,1412.0,608.0
1.0,4010.0,2024.0,2012.0,2020.0,2030.0,2030.0,1408.0,604.0,1419.0,605.0
1.0,4006.0,2023.0,2012.0,2030.0,2023.0,2023.0,1408.0,604.0,1418.0,605.0
1.0,4013.0,2032.0,2013.0,2023.0,2035.0,2035.0,1409.0,604.0,1423.0,609.0
1.0,4004.0,2042.0,2014.0,2035.0,2045.0,2045.0,1410.0,604.0,1428.0,614.0
1.0,3997.0,2029.0,2015.0,2045.0,2032.0,2032.0,1410.0,605.0,1418.0,611.0
1.0,4013.0,2034.0,2016.0,2032.0,2037.0,2037.0,1411.0,605.0,1423.0,611.0
1.0,4011.0,2049.0,2016.0,2037.0,2049.0,2049.0,1411.0,605.0,1431.0,618.0
1.0,3999.0,2048.0,2017.0,2049.0,2051.0,2051.0,1412.0,605.0,1436.0,612.0
1.0,4000.0,2038.0,2018.0,2051.0,2041.0,2041.0,1412.0,606.0,1422.0,616.0
1.0,4013.0,2050.0,2019.0,2041.0,2053.0,2053.0,1413.0,606.0,1435.0,615.0
1.0,4004.0,2050.0,2020.0,2053.0,2053.0,2053.0,1414.0,606.0,1431.0,619.0
1.0,4007.0,2044.0,2021.0,2053.0,2047.0,2047.0,1415.0,606.0,1432.0,612.0
1.0,4016.0,2059.0,2022.0,2047.0,2062.0,2062.0,1415.0,607.0,1444.0,615.0
1.0,4004.0,2050.0,2023.0,2062.0,2053.0,2053.0,1416.0,607.0,1439.0,611.0
1.0,4016.0,2062.0,2024.0,2053.0,2065.0,2065.0,1417.0,607.0,1445.0,617.0
1.0,4007.0,2055.0,2024.0,2065.0,2055.0,2055.0,1417.0,607.0,1444.0,611.0
1.0,4017.0,2051.0,2026.0,2055.0,2057.0,2057.0,1418.0,608.0,1438.0,613.0
1.0,4021.0,2048.0,2026.0,2057.0,2048.0,2048.0,1418.0,608.0,1435.0,613.0
1.0,4030.0,2047.0,2026.0,2048.0,2047.0,2047.0,1418.0,608.0,1430.0,617.0
1.0,4031.0,2055.0,2027.0,2047.0,2058.0,2058.0,1419.0,608.0,1437.0,618.0
1.0,4023.0,2054.0,2027.0,2058.0,2054.0,2054.0,1419.0,608.0,1439.0,615.0
1.0,4027.0,2048.0,2028.0,2054.0,2051.0,2051.0,1419.0,609.0,1431.0,617.0
1.0,4033.0,2048.0,2029.0,2051.0,2051.0,2051.0,1420.0,609.0,1435.0,613.0
1.0,4036.0,2049.0,2029.0,2051.0,2049.0,2049.0,1420.0,609.0,1435.0,614.0
1.0,4038.0,2054.0,2029.0,2049.0,2054.0,2054.0,1420.0,609.0,1436.0,618.0
1.0,4033.0,2057.0,2030.0,2054.0,2060.0,2060.0,1421.0,609.0,1443.0,614.0
1.0,4030.0,2051.0,2031.0,2060.0,2054.0,2054.0,1421.0,610.0,1437.0,614.0
1.0,4039.0,2050.0,2031.0,2054.0,2050.0,2050.0,1421.0,610.0,1435.0,615.0
1.0,4043.0,2050.0,2032.0,2050.0,2053.0,2053.0,1422.0,610.0,1435.0,615.0
1.0,4043.0,2061.0,2032.0,2053.0,2061.0,2061.0,1422.0,610.0,1443.0,618.0
1.0,4035.0,2041.0,2032.0,2061.0,2041.0,2041.0,1422.0,610.0,1430.0,611.0
1.0,4055.0,2040.0,2033.0,2041.0,2043.0,2043.0,1423.0,610.0,1427.0,613.0
1.0,4056.0,2043.0,2034.0,2043.0,2046.0,2046.0,1423.0,611.0,1432.0,611.0
1.0,4056.0,2038.0,2034.0,2046.0,2038.0,2038.0,1423.0,611.0,1427.0,611.0
1.0,4064.0,2056.0,2035.0,2038.0,2059.0,2059.0,1424.0,611.0,1438.0,618.0
1.0,4046.0,2045.0,2036.0,2059.0,2048.0,2048.0,1425.0,611.0,1432.0,613.0
1.0,4060.0,2039.0,2036.0,2048.0,2039.0,2039.0,1425.0,611.0,1428.0,611.0
1.0,4069.0,2050.0,2038.0,2039.0,2056.0,2056.0,1426.0,612.0,1435.0,615.0
1.0,4058.0,2039.0,2038.0,2056.0,2039.0,2039.0,1426.0,612.0,1428.0,611.0
1.0,4075.0,2045.0,2039.0,2039.0,2048.0,2048.0,1427.0,612.0,1429.0,616.0
1.0,4069.0,2054.0,2039.0,2048.0,2054.0,2054.0,1427.0,612.0,1439.0,615.0
1.0,4063.0,2044.0,2040.0,2054.0,2047.0,2047.0,1428.0,612.0,1427.0,617.0
1.0,4073.0,2055.0,2041.0,2047.0,2058.0,2058.0,1429.0,612.0,1441.0,614.0
1.0,4065.0,2047.0,2042.0,2058.0,2050.0,2050.0,1429.0,613.0,1433.0,614.0
1.0,4076.0,2035.0,2043.0,2050.0,2038.0,2038.0,1430.0,613.0,1426.0,609.0
1.0,4091.0,2053.0,2043.0,2038.0,2053.0,2053.0,1430.0,613.0,1441.0,612.0
1.0,4076.0,2054.0,2044.0,2053.0,2057.0,2057.0,1431.0,613.0,1440.0,614.0
1.0,4075.0,2058.0,2044.0,2057.0,2058.0,2058.0,1431.0,613.0,1438.0,620.0
1.0,4074.0,2056.0,2045.0,2058.0,2059.0,2059.0,1432.0,613.0,1442.0,614.0
1.0,4076.0,2047.0,2047.0,2059.0,2053.0,2053.0,1433.0,614.0,1433.0,614.0
1.0,4088.0,2059.0,2047.0,2053.0,2059.0,2059.0,1433.0,614.0,1445.0,614.0
1.0,4082.0,2064.0,2048.0,2059.0,2067.0,2067.0,1434.0,614.0,1448.0,616.0
1.0,4077.0,2054.0,2048.0,2067.0,2054.0,2054.0,1434.0,614.0,1438.0,616.0
1.0,4090.0,2055.0,2048.0,2054.0,2055.0,2055.0,1434.0,614.0,1436.0,619.0
1.0,4089.0,2057.0,2049.0,2055.0,2060.0,2060.0,1435.0,614.0,1439.0,618.0
1.0,4087.0,2070.0,2050.0,2060.0,2073.0,2073.0,1435.0,615.0,1451.0,619.0
1.0,4077.0,2058.0,2051.0,2073.0,2061.0,2061.0,1436.0,615.0,1438.0,620.0
1.0,4092.0,2066.0,2051.0,2061.0,2066.0,2066.0,1436.0,615.0,1446.0,620.0
1.0,4087.0,2063.0,2051.0,2066.0,2063.0,2063.0,1436.0,615.0,1442.0,621.0
1.0,4090.0,2071.0,2051.0,2063.0,2071.0,2071.0,1436.0,615.0,1442.0,629.0
1.0,4082.0,2066.0,2052.0,2071.0,2069.0,2069.0,1437.0,615.0,1443.0,623.0
1.0,4087.0,2077.0,2053.0,2069.0,2080.0,2080.0,1437.0,616.0,1453.0,624.0
1.0,4079.0,2073.0,2053.0,2080.0,2073.0,2073.0,1437.0,616.0,1446.0,627.0
1.0,4086.0,2081.0,2054.0,2073.0,2084.0,2084.0,1438.0,616.0,1461.0,620.0
1.0,4078.0,2075.0,2054.0,2084.0,2075.0,2075.0,1438.0,616.0,1448.0,627.0
1.0,4087.0,2084.0,2054.0,2075.0,2084.0,2084.0,1438.0,616.0,1459.0,625.0
1.0,4078.0,2085.0,2056.0,2084.0,2091.0,2091.0,1439.0,617.0,1458.0,627.0
1.0,4077.0,2078.0,2056.0,2091.0,2078.0,2078.0,1439.0,617.0,1453.0,625.0
1.0,4090.0,2092.0,2056.0,2078.0,2092.0,2092.0,1439.0,617.0,1461.0,631.0
1.0,4076.0,2093.0,2058.0,2092.0,2099.0,2099.0,1440.0,618.0,1464.0,629.0
1.0,4075.0,2083.0,2058.0,2099.0,2083.0,2083.0,1440.0,618.0,1457.0,626.0
1.0,4091.0,2089.0,2059.0,2083.0,2092.0,2092.0,1441.0,618.0,1462.0,627.0
1.0,4085.0,2099.0,2059.0,2092.0,2099.0,2099.0,1441.0,618.0,1465.0,634.0
1.0,4078.0,2092.0,2060.0,2099.0,2095.0,2095.0,1442.0,618.0,1465.0,627.0
1.0,4085.0,2094.0,2062.0,2095.0,2100.0,2100.0,1443.0,619.0,1466.0,628.0
1.0,4086.0,2096.0,2062.0,2100.0,2096.0,2096.0,1443.0,619.0,1469.0,627.0
1.0,4090.0,2105.0,2063.0,2096.0,2108.0,2108.0,1444.0,619.0,1473.0,632.0
1.0,4081.0,2089.0,2063.0,2108.0,2089.0,2089.0,1444.0,619.0,1463.0,626.0
1.0,4100.0,2093.0,2065.0,2089.0,2099.0,2099.0,1445.0,620.0,1464.0,629.0
1.0,4096.0,2098.0,2066.0,2099.0,2101.0,2101.0,1446.0,620.0,1471.0,627.0
1.0,4097.0,2093.0,2066.0,2101.0,2093.0,2093.0,1446.0,620.0,1465.0,628.0
1.0,4105.0,2096.0,2067.0,2093.0,2099.0,2099.0,1447.0,620.0,1471.0,625.0
1.0,4102.0,2092.0,2068.0,2099.0,2095.0,2095.0,1447.0,621.0,1467.0,625.0
1.0,4109.0,2085.0,2069.0,2095.0,2088.0,2088.0,1448.0,621.0,1463.0,622.0
1.0,4119.0,2090.0,2070.0,2088.0,2093.0,2093.0,1449.0,621.0,1466.0,624.0
1.0,4117.0,2096.0,2071.0,2093.0,2099.0,2099.0,1450.0,621.0,1468.0,628.0
1.0,4114.0,2094.0,2072.0,2099.0,2097.0,2097.0,1450.0,622.0,1470.0,624.0
1.0,4119.0,2078.0,2073.0,2097.0,2081.0,2081.0,1451.0,622.0,1455.0,623.0
1.0,4138.0,2093.0,2073.0,2081.0,2093.0,2093.0,1451.0,622.0,1471.0,622.0
1.0,4126.0,2083.0,2074.0,2093.0,2086.0,2086.0,1452.0,622.0,1456.0,627.0
1.0,4136.0,2082.0,2074.0,2086.0,2082.0,2082.0,1452.0,622.0,1458.0,624.0
1.0,4140.0,2077.0,2075.0,2082.0,2080.0,2080.0,1453.0,622.0,1455.0,622.0
1.0,4145.0,2082.0,2076.0,2080.0,2085.0,2085.0,1453.0,623.0,1459.0,623.0
1.0,4143.0,2076.0,2077.0,2085.0,2079.0,2079.0,1454.0,623.0,1452.0,624.0
1.0,4152.0,2075.0,2077.0,2079.0,2075.0,2075.0,1454.0,623.0,1454.0,621.0
1.0,4156.0,2072.0,2077.0,2075.0,2072.0,2072.0,1454.0,623.0,1450.0,622.0
1.0,4159.0,2087.0,2078.0,2072.0,2090.0,2090.0,1455.0,623.0,1461.0,626.0
1.0,4144.0,2065.0,2079.0,2090.0,2068.0,2068.0,1455.0,624.0,1445.0,620.0
1.0,4169.0,2070.0,2079.0,2068.0,2070.0,2070.0,1455.0,624.0,1448.0,622.0
1.0,4167.0,2075.0,2080.0,2070.0,2078.0,2078.0,1456.0,624.0,1451.0,624.0
1.0,4162.0,2075.0,2080.0,2078.0,2075.0,2075.0,1456.0,624.0,1453.0,622.0
1.0,4165.0,2081.0,2080.0,2075.0,2081.0,2081.0,1456.0,624.0,1452.0,629.0
1.0,4159.0,2075.0,2080.0,2081.0,2075.0,2075.0,1456.0,624.0,1452.0,623.0
1.0,4165.0,2080.0,2081.0,2075.0,2083.0,2083.0,1456.0,625.0,1455.0,625.0
1.0,4160.0,2088.0,2082.0,2083.0,2091.0,2091.0,1457.0,625.0,1465.0,623.0
1.0,4155.0,2088.0,2082.0,2091.0,2088.0,2088.0,1457.0,625.0,1462.0,626.0
1.0,4158.0,2094.0,2083.0,2088.0,2097.0,2097.0,1458.0,625.0,1470.0,624.0
1.0,4152.0,2091.0,2083.0,2097.0,2091.0,2091.0,1458.0,625.0,1462.0,629.0
1.0,4158.0,2090.0,2084.0,2091.0,2093.0,2093.0,1459.0,625.0,1462.0,628.0
1.0,4159.0,2107.0,2085.0,2093.0,2110.0,2110.0,1459.0,626.0,1475.0,632.0
1.0,4145.0,2096.0,2086.0,2110.0,2099.0,2099.0,1460.0,626.0,1469.0,627.0
1.0,4159.0,2100.0,2086.0,2099.0,2100.0,2100.0,1460.0,626.0,1471.0,629.0
1.0,4158.0,2104.0,2087.0,2100.0,2107.0,2107.0,1461.0,626.0,1473.0,631.0
1.0,4154.0,2110.0,2087.0,2107.0,2110.0,2110.0,1461.0,626.0,1481.0,629.0
1.0,4151.0,2105.0,2088.0,2110.0,2108.0,2108.0,1462.0,626.0,1471.0,634.0
1.0,4156.0,2120.0,2088.0,2108.0,2120.0,2120.0,1462.0,626.0,1483.0,637.0
1.0,4144.0,2121.0,2089.0,2120.0,2124.0,2124.0,1463.0,626.0,1491.0,630.0
1.0,4143.0,2117.0,2091.0,2124.0,2123.0,2123.0,1464.0,627.0,1482.0,635.0
1.0,4150.0,2124.0,2091.0,2123.0,2124.0,2124.0,1464.0,627.0,1492.0,632.0
1.0,4149.0,2133.0,2092.0,2124.0,2136.0,2136.0,1465.0,627.0,1496.0,637.0
1.0,4140.0,2130.0,2093.0,2136.0,2133.0,2133.0,1466.0,627.0,1489.0,641.0
1.0,4146.0,2126.0,2093.0,2133.0,2126.0,2126.0,1466.0,627.0,1491.0,635.0
1.0,4153.0,2126.0,2094.0,2126.0,2129.0,2129.0,1467.0,627.0,1489.0,637.0
1.0,4153.0,2137.0,2095.0,2129.0,2140.0,2140.0,1467.0,628.0,1501.0,636.0
1.0,4145.0,2124.0,2096.0,2140.0,2127.0,2127.0,1468.0,628.0,1490.0,634.0
1.0,4161.0,2129.0,2096.0,2127.0,2129.0,2129.0,1468.0,628.0,1494.0,635.0
1.0,4159.0,2134.0,2097.0,2129.0,2137.0,2137.0,1469.0,628.0,1495.0,639.0
1.0,4154.0,2125.0,2097.0,2137.0,2125.0,2125.0,1469.0,628.0,1485.0,640.0
1.0,4166.0,2130.0,2098.0,2125.0,2133.0,2133.0,1470.0,628.0,1490.0,640.0
1.0,4161.0,2116.0,2099.0,2133.0,2119.0,2119.0,1470.0,629.0,1476.0,640.0
1.0,4178.0,2126.0,2099.0,2119.0,2126.0,2126.0,1470.0,629.0,1489.0,637.0
1.0,4171.0,2126.0,2100.0,2126.0,2129.0,2129.0,1471.0,629.0,1485.0,641.0
1.0,4171.0,2127.0,2100.0,2129.0,2127.0,2127.0,1471.0,629.0,1485.0,642.0
1.0,4173.0,2115.0,2101.0,2127.0,2118.0,2118.0,1471.0,630.0,1478.0,637.0
1.0,4185.0,2117.0,2101.0,2118.0,2117.0,2117.0,1471.0,630.0,1479.0,638.0
1.0,4186.0,2130.0,2102.0,2117.0,2133.0,2133.0,1472.0,630.0,1488.0,642.0
1.0,4173.0,2118.0,2102.0,2133.0,2118.0,2118.0,1472.0,630.0,1481.0,637.0
1.0,4188.0,2122.0,2103.0,2118.0,2125.0,2125.0,1472.0,631.0,1480.0,642.0
1.0,4184.0,2114.0,2104.0,2125.0,2117.0,2117.0,1473.0,631.0,1477.0,637.0
1.0,4195.0,2117.0,2104.0,2117.0,2117.0,2117.0,1473.0,631.0,1475.0,642.0
1.0,4195.0,2107.0,2105.0,2117.0,2110.0,2110.0,1473.0,632.0,1474.0,633.0
1.0,4205.0,2111.0,2105.0,2110.0,2111.0,2111.0,1473.0,632.0,1476.0,635.0
1.0,4204.0,2118.0,2106.0,2111.0,2121.0,2121.0,1474.0,632.0,1482.0,636.0
1.0,4197.0,2123.0,2106.0,2121.0,2123.0,2123.0,1474.0,632.0,1483.0,640.0
1.0,4195.0,2103.0,2108.0,2123.0,2109.0,2109.0,1475.0,633.0,1468.0,635.0
1.0,4215.0,2114.0,2108.0,2109.0,2114.0,2114.0,1475.0,633.0,1478.0,636.0
1.0,4210.0,2115.0,2109.0,2114.0,2118.0,2118.0,1476.0,633.0,1480.0,635.0
1.0,4209.0,2130.0,2109.0,2118.0,2130.0,2130.0,1476.0,633.0,1492.0,638.0
1.0,4197.0,2108.0,2110.0,2130.0,2111.0,2111.0,1477.0,633.0,1475.0,633.0
1.0,4219.0,2120.0,2111.0,2111.0,2123.0,2123.0,1477.0,634.0,1484.0,636.0
1.0,4210.0,2134.0,2112.0,2123.0,2137.0,2137.0,1478.0,634.0,1492.0,642.0
1.0,4199.0,2124.0,2113.0,2137.0,2127.0,2127.0,1479.0,634.0,1490.0,634.0
1.0,4212.0,2112.0,2114.0,2127.0,2115.0,2115.0,1479.0,635.0,1477.0,635.0
1.0,4227.0,2112.0,2115.0,2115.0,2115.0,2115.0,1480.0,635.0,1481.0,631.0
1.0,4230.0,2119.0,2116.0,2115.0,2122.0,2122.0,1481.0,635.0,1485.0,634.0
1.0,4226.0,2127.0,2116.0,2122.0,2127.0,2127.0,1481.0,635.0,1486.0,641.0
1.0,4221.0,2125.0,2117.0,2127.0,2128.0,2128.0,1482.0,635.0,1490.0,635.0
1.0,4223.0,2135.0,2118.0,2128.0,2138.0,2138.0,1482.0,636.0,1500.0,635.0
1.0,4216.0,2134.0,2119.0,2138.0,2137.0,2137.0,1483.0,636.0,1495.0,639.0
1.0,4220.0,2132.0,2120.0,2137.0,2135.0,2135.0,1484.0,636.0,1495.0,637.0
1.0,4225.0,2132.0,2120.0,2135.0,2132.0,2132.0,1484.0,636.0,1492.0,640.0
1.0,4228.0,2132.0,2120.0,2132.0,2132.0,2132.0,1484.0,636.0,1492.0,640.0
1.0,4228.0,2142.0,2122.0,2132.0,2148.0,2148.0,1485.0,637.0,1502.0,640.0
1.0,4218.0,2136.0,2123.0,2148.0,2139.0,2139.0,1486.0,637.0,1499.0,637.0
1.0,4230.0,2147.0,2123.0,2139.0,2147.0,2147.0,1486.0,637.0,1505.0,642.0
1.0,4222.0,2140.0,2124.0,2147.0,2143.0,2143.0,1487.0,637.0,1501.0,639.0
1.0,4229.0,2152.0,2124.0,2143.0,2152.0,2152.0,1487.0,637.0,1508.0,644.0
1.0,4220.0,2132.0,2125.0,2152.0,2135.0,2135.0,1488.0,637.0,1493.0,639.0
1.0,4240.0,2150.0,2126.0,2135.0,2153.0,2153.0,1488.0,638.0,1506.0,644.0
1.0,4225.0,2136.0,2126.0,2153.0,2136.0,2136.0,1488.0,638.0,1493.0,643.0
1.0,4242.0,2149.0,2126.0,2136.0,2149.0,2149.0,1488.0,638.0,1504.0,645.0
1.0,4229.0,2161.0,2127.0,2149.0,2164.0,2164.0,1489.0,638.0,1512.0,649.0
1.0,4217.0,2151.0,2127.0,2164.0,2151.0,2151.0,1489.0,638.0,1505.0,646.0
1.0,4230.0,2149.0,2128.0,2151.0,2152.0,2152.0,1489.0,639.0,1506.0,643.0
1.0,4232.0,2147.0,2128.0,2152.0,2147.0,2147.0,1489.0,639.0,1504.0,643.0
1.0,4237.0,2147.0,2128.0,2147.0,2147.0,2147.0,1489.0,639.0,1501.0,646.0
1.0,4237.0,2162.0,2129.0,2147.0,2165.0,2165.0,1490.0,639.0,1509.0,653.0
1.0,4222.0,2153.0,2129.0,2165.0,2153.0,2153.0,1490.0,639.0,1509.0,644.0
1.0,4234.0,2154.0,2130.0,2153.0,2157.0,2157.0,1490.0,640.0,1508.0,646.0
1.0,4233.0,2162.0,2131.0,2157.0,2165.0,2165.0,1491.0,640.0,1514.0,648.0
1.0,4228.0,2157.0,2131.0,2165.0,2157.0,2157.0,1491.0,640.0,1508.0,649.0
1.0,4236.0,2148.0,2132.0,2157.0,2151.0,2151.0,1492.0,640.0,1505.0,643.0
1.0,4245.0,2168.0,2132.0,2151.0,2168.0,2168.0,1492.0,640.0,1516.0,652.0
1.0,4228.0,2158.0,2133.0,2168.0,2161.0,2161.0,1493.0,640.0,1513.0,645.0
1.0,4238.0,2152.0,2133.0,2161.0,2152.0,2152.0,1493.0,640.0,1505.0,647.0
1.0,4247.0,2154.0,2135.0,2152.0,2160.0,2160.0,1494.0,641.0,1510.0,644.0
1.0,4245.0,2151.0,2135.0,2160.0,2151.0,2151.0,1494.0,641.0,1507.0,644.0
1.0,4254.0,2161.0,2136.0,2151.0,2164.0,2164.0,1495.0,641.0,1513.0,648.0
1.0,4244.0,2155.0,2137.0,2164.0,2158.0,2158.0,1496.0,641.0,1511.0,644.0
1.0,4253.0,2157.0,2137.0,2158.0,2157.0,2157.0,1496.0,641.0,1510.0,647.0
1.0,4254.0,2151.0,2138.0,2157.0,2154.0,2154.0,1497.0,641.0,1502.0,649.0
1.0,4260.0,2158.0,2138.0,2154.0,2158.0,2158.0,1497.0,641.0,1510.0,648.0
1.0,4256.0,2169.0,2140.0,2158.0,2175.0,2175.0,1498.0,642.0,1520.0,649.0
1.0,4245.0,2155.0,2141.0,2175.0,2158.0,2158.0,1499.0,642.0,1509.0,646.0
1.0,4265.0,2167.0,2141.0,2158.0,2167.0,2167.0,1499.0,642.0,1516.0,651.0
1.0,4256.0,2144.0,2142.0,2167.0,2147.0,2147.0,1500.0,642.0,1502.0,642.0
1.0,4279.0,2155.0,2143.0,2147.0,2158.0,2158.0,1501.0,642.0,1510.0,645.0
1.0,4271.0,2156.0,2144.0,2158.0,2159.0,2159.0,1501.0,643.0,1508.0,648.0
1.0,4273.0,2164.0,2145.0,2159.0,2167.0,2167.0,1502.0,643.0,1516.0,648.0
1.0,4268.0,2165.0,2145.0,2167.0,2165.0,2165.0,1502.0,643.0,1515.0,650.0
1.0,4270.0,2142.0,2146.0,2165.0,2145.0,2145.0,1503.0,643.0,1496.0,646.0
1.0,4293.0,2154.0,2147.0,2145.0,2157.0,2157.0,1503.0,644.0,1505.0,649.0
1.0,4284.0,2156.0,2147.0,2157.0,2156.0,2156.0,1503.0,644.0,1509.0,647.0
1.0,4285.0,2146.0,2148.0,2156.0,2149.0,2149.0,1504.0,644.0,1498.0,648.0
1.0,4295.0,2144.0,2148.0,2149.0,2144.0,2144.0,1504.0,644.0,1493.0,651.0
1.0,4300.0,2154.0,2149.0,2144.0,2157.0,2157.0,1504.0,645.0,1506.0,648.0
1.0,4290.0,2157.0,2150.0,2157.0,2160.0,2160.0,1505.0,645.0,1508.0,649.0
1.0,4290.0,2155.0,2150.0,2160.0,2155.0,2155.0,1505.0,645.0,1509.0,646.0
1.0,4295.0,2158.0,2151.0,2155.0,2161.0,2161.0,1506.0,645.0,1505.0,653.0
1.0,4292.0,2163.0,2152.0,2161.0,2166.0,2166.0,1506.0,646.0,1513.0,650.0
1.0,4290.0,2159.0,2152.0,2166.0,2159.0,2159.0,1506.0,646.0,1513.0,646.0
1.0,4297.0,2157.0,2152.0,2159.0,2157.0,2157.0,1506.0,646.0,1507.0,650.0
1.0,4299.0,2166.0,2153.0,2157.0,2169.0,2169.0,1507.0,646.0,1510.0,656.0
1.0,4290.0,2170.0,2154.0,2169.0,2173.0,2173.0,1507.0,647.0,1515.0,655.0
1.0,4289.0,2172.0,2155.0,2173.0,2175.0,2175.0,1508.0,647.0,1520.0,652.0
1.0,4290.0,2176.0,2155.0,2175.0,2176.0,2176.0,1508.0,647.0,1523.0,653.0
1.0,4289.0,2168.0,2155.0,2176.0,2168.0,2168.0,1508.0,647.0,1513.0,655.0
1.0,4297.0,2181.0,2157.0,2168.0,2187.0,2187.0,1509.0,648.0,1525.0,656.0
1.0,4284.0,2176.0,2157.0,2187.0,2176.0,2176.0,1509.0,648.0,1522.0,654.0
1.0,4295.0,2181.0,2157.0,2176.0,2181.0,2181.0,1509.0,648.0,1525.0,656.0
1.0,4290.0,2192.0,2158.0,2181.0,2195.0,2195.0,1510.0,648.0,1538.0,654.0
1.0,4279.0,2179.0,2160.0,2195.0,2185.0,2185.0,1511.0,649.0,1523.0,656.0
1.0,4295.0,2188.0,2160.0,2185.0,2188.0,2188.0,1511.0,649.0,1532.0,656.0
1.0,4292.0,2186.0,2161.0,2188.0,2189.0,2189.0,1512.0,649.0,1532.0,654.0
1.0,4294.0,2190.0,2161.0,2189.0,2190.0,2190.0,1512.0,649.0,1533.0,657.0
1.0,4293.0,2200.0,2163.0,2190.0,2206.0,2206.0,1513.0,650.0,1542.0,658.0
1.0,4283.0,2195.0,2163.0,2206.0,2195.0,2195.0,1513.0,650.0,1538.0,657.0
1.0,4294.0,2199.0,2164.0,2195.0,2202.0,2202.0,1514.0,650.0,1542.0,657.0
1.0,4290.0,2193.0,2165.0,2202.0,2196.0,2196.0,1515.0,650.0,1538.0,655.0
1.0,4299.0,2208.0,2166.0,2196.0,2211.0,2211.0,1516.0,650.0,1546.0,662.0
1.0,4287.0,2201.0,2167.0,2211.0,2204.0,2204.0,1516.0,651.0,1544.0,657.0
1.0,4297.0,2199.0,2168.0,2204.0,2202.0,2202.0,1517.0,651.0,1543.0,656.0
1.0,4302.0,2191.0,2168.0,2202.0,2191.0,2191.0,1517.0,651.0,1536.0,655.0
1.0,4313.0,2194.0,2169.0,2191.0,2197.0,2197.0,1518.0,651.0,1536.0,658.0
1.0,4310.0,2201.0,2169.0,2197.0,2201.0,2201.0,1518.0,651.0,1543.0,658.0
1.0,4306.0,2192.0,2170.0,2201.0,2195.0,2195.0,1519.0,651.0,1538.0,654.0
1.0,4315.0,2199.0,2172.0,2195.0,2205.0,2205.0,1520.0,652.0,1540.0,659.0
1.0,4311.0,2187.0,2172.0,2205.0,2187.0,2187.0,1520.0,652.0,1537.0,650.0
1.0,4329.0,2183.0,2172.0,2187.0,2183.0,2183.0,1520.0,652.0,1528.0,655.0
1.0,4333.0,2186.0,2173.0,2183.0,2189.0,2189.0,1521.0,652.0,1531.0,655.0
1.0,4330.0,2190.0,2173.0,2189.0,2190.0,2190.0,1521.0,652.0,1531.0,659.0
1.0,4329.0,2186.0,2175.0,2190.0,2192.0,2192.0,1522.0,653.0,1529.0,657.0
1.0,4333.0,2181.0,2175.0,2192.0,2181.0,2181.0,1522.0,653.0,1526.0,655.0
1.0,4344.0,2176.0,2175.0,2181.0,2176.0,2176.0,1522.0,653.0,1521.0,655.0
1.0,4349.0,2179.0,2175.0,2176.0,2179.0,2179.0,1522.0,653.0,1524.0,655.0
1.0,4346.0,2184.0,2176.0,2179.0,2187.0,2187.0,1523.0,653.0,1529.0,655.0
1.0,4341.0,2192.0,2176.0,2187.0,2192.0,2192.0,1523.0,653.0,1532.0,660.0
1.0,4336.0,2174.0,2177.0,2192.0,2177.0,2177.0,1523.0,654.0,1520.0,654.0
1.0,4354.0,2180.0,2178.0,2177.0,2183.0,2183.0,1524.0,654.0,1526.0,654.0
1.0,4351.0,2183.0,2178.0,2183.0,2183.0,2183.0,1524.0,654.0,1529.0,654.0
1.0,4351.0,2171.0,2178.0,2183.0,2171.0,2171.0,1524.0,654.0,1516.0,655.0
1.0,4363.0,2177.0,2178.0,2171.0,2177.0,2177.0,1524.0,654.0,1523.0,654.0
1.0,4357.0,2190.0,2179.0,2177.0,2193.0,2193.0,1525.0,654.0,1533.0,657.0
1.0,4344.0,2187.0,2179.0,2193.0,2187.0,2187.0,1525.0,654.0,1531.0,656.0
1.0,4350.0,2179.0,2181.0,2187.0,2185.0,2185.0,1526.0,655.0,1524.0,655.0
1.0,4358.0,2188.0,2181.0,2185.0,2188.0,2188.0,1526.0,655.0,1532.0,656.0
1.0,4355.0,2186.0,2182.0,2188.0,2189.0,2189.0,1527.0,655.0,1530.0,656.0
1.0,4357.0,2187.0,2183.0,2189.0,2190.0,2190.0,1528.0,655.0,1527.0,660.0
1.0,4359.0,2194.0,2183.0,2190.0,2194.0,2194.0,1528.0,655.0,1535.0,659.0
1.0,4355.0,2198.0,2184.0,2194.0,2201.0,2201.0,1529.0,655.0,1540.0,658.0
1.0,4351.0,2197.0,2185.0,2201.0,2200.0,2200.0,1529.0,656.0,1537.0,660.0
1.0,4355.0,2198.0,2186.0,2200.0,2201.0,2201.0,1530.0,656.0,1539.0,659.0
1.0,4357.0,2204.0,2186.0,2201.0,2204.0,2204.0,1530.0,656.0,1538.0,666.0
1.0,4354.0,2206.0,2187.0,2204.0,2209.0,2209.0,1531.0,656.0,1545.0,661.0
1.0,4352.0,2197.0,2187.0,2209.0,2197.0,2197.0,1531.0,656.0,1535.0,662.0
1.0,4364.0,2209.0,2189.0,2197.0,2215.0,2215.0,1532.0,657.0,1549.0,660.0
1.0,4352.0,2220.0,2190.0,2215.0,2223.0,2223.0,1533.0,657.0,1557.0,663.0
1.0,4347.0,2215.0,2190.0,2223.0,2215.0,2215.0,1533.0,657.0,1551.0,664.0
1.0,4355.0,2219.0,2191.0,2215.0,2222.0,2222.0,1534.0,657.0,1551.0,668.0
1.0,4351.0,2221.0,2192.0,2222.0,2224.0,2224.0,1535.0,657.0,1556.0,665.0
1.0,4352.0,2221.0,2193.0,2224.0,2224.0,2224.0,1535.0,658.0,1551.0,670.0
1.0,4355.0,2226.0,2194.0,2224.0,2229.0,2229.0,1536.0,658.0,1558.0,668.0
1.0,4353.0,2228.0,2194.0,2229.0,2228.0,2228.0,1536.0,658.0,1556.0,672.0
1.0,4354.0,2219.0,2195.0,2228.0,2222.0,2222.0,1537.0,658.0,1552.0,667.0
1.0,4363.0,2232.0,2196.0,2222.0,2235.0,2235.0,1537.0,659.0,1562.0,670.0
1.0,4353.0,2215.0,2197.0,2235.0,2218.0,2218.0,1538.0,659.0,1550.0,665.0
1.0,4373.0,2230.0,2197.0,2218.0,2230.0,2230.0,1538.0,659.0,1559.0,671.0
1.0,4361.0,2220.0,2197.0,2230.0,2220.0,2220.0,1538.0,659.0,1551.0,669.0
1.0,4371.0,2218.0,2199.0,2220.0,2224.0,2224.0,1539.0,660.0,1550.0,668.0
1.0,4373.0,2234.0,2199.0,2224.0,2234.0,2234.0,1539.0,660.0,1565.0,669.0
1.0,4363.0,2228.0,2199.0,2234.0,2228.0,2228.0,1539.0,660.0,1554.0,674.0
1.0,4369.0,2223.0,2199.0,2228.0,2223.0,2223.0,1539.0,660.0,1553.0,670.0
1.0,4374.0,2236.0,2201.0,2223.0,2242.0,2242.0,1540.0,661.0,1567.0,669.0
1.0,4361.0,2228.0,2201.0,2242.0,2228.0,2228.0,1540.0,661.0,1558.0,670.0
1.0,4375.0,2236.0,2202.0,2228.0,2239.0,2239.0,1541.0,661.0,1564.0,672.0
1.0,4367.0,2231.0,2202.0,2239.0,2231.0,2231.0,1541.0,661.0,1563.0,668.0
1.0,4375.0,2226.0,2204.0,2231.0,2232.0,2232.0,1542.0,662.0,1559.0,667.0
1.0,4380.0,2221.0,2204.0,2232.0,2221.0,2221.0,1542.0,662.0,1555.0,666.0
1.0,4391.0,2227.0,2204.0,2221.0,2227.0,2227.0,1542.0,662.0,1561.0,666.0
1.0,4385.0,2223.0,2205.0,2227.0,2226.0,2226.0,1543.0,662.0,1553.0,670.0
1.0,4389.0,2231.0,2206.0,2226.0,2234.0,2234.0,1543.0,663.0,1563.0,668.0
1.0,4384.0,2219.0,2207.0,2234.0,2222.0,2222.0,1544.0,663.0,1557.0,662.0
1.0,4399.0,2233.0,2207.0,2222.0,2233.0,2233.0,1544.0,663.0,1565.0,668.0
1.0,4388.0,2234.0,2208.0,2233.0,2237.0,2237.0,1545.0,663.0,1564.0,670.0
1.0,4387.0,2219.0,2209.0,2237.0,2222.0,2222.0,1546.0,663.0,1552.0,667.0
1.0,4405.0,2229.0,2210.0,2222.0,2232.0,2232.0,1546.0,664.0,1564.0,665.0
1.0,4398.0,2220.0,2211.0,2232.0,2223.0,2223.0,1547.0,664.0,1558.0,662.0
1.0,4410.0,2221.0,2212.0,2223.0,2224.0,2224.0,1548.0,664.0,1560.0,661.0
1.0,4412.0,2228.0,2212.0,2224.0,2228.0,2228.0,1548.0,664.0,1561.0,667.0
1.0,4408.0,2223.0,2213.0,2228.0,2226.0,2226.0,1549.0,664.0,1559.0,664.0
1.0,4413.0,2219.0,2214.0,2226.0,2222.0,2222.0,1550.0,664.0,1556.0,663.0
1.0,4420.0,2229.0,2215.0,2222.0,2232.0,2232.0,1550.0,665.0,1562.0,667.0
1.0,4413.0,2225.0,2216.0,2232.0,2228.0,2228.0,1551.0,665.0,1563.0,662.0
1.0,4420.0,2225.0,2217.0,2228.0,2228.0,2228.0,1552.0,665.0,1561.0,664.0
1.0,4423.0,2216.0,2217.0,2228.0,2216.0,2216.0,1552.0,665.0,1554.0,662.0
1.0,4435.0,2225.0,2218.0,2216.0,2228.0,2228.0,1553.0,665.0,1557.0,668.0
1.0,4426.0,2229.0,2219.0,2228.0,2232.0,2232.0,1554.0,665.0,1563.0,666.0
1.0,4425.0,2233.0,2220.0,2232.0,2236.0,2236.0,1554.0,666.0,1571.0,662.0
1.0,4424.0,2219.0,2221.0,2236.0,2222.0,2222.0,1555.0,666.0,1555.0,664.0
1.0,4441.0,2224.0,2221.0,2222.0,2224.0,2224.0,1555.0,666.0,1559.0,665.0
1.0,4439.0,2232.0,2222.0,2224.0,2235.0,2235.0,1556.0,666.0,1563.0,669.0
1.0,4431.0,2226.0,2222.0,2235.0,2226.0,2226.0,1556.0,666.0,1557.0,669.0
1.0,4440.0,2223.0,2223.0,2226.0,2226.0,2226.0,1557.0,666.0,1555.0,668.0
1.0,4443.0,2237.0,2224.0,2226.0,2240.0,2240.0,1557.0,667.0,1568.0,669.0
1.0,4432.0,2232.0,2225.0,2240.0,2235.0,2235.0,1558.0,667.0,1562.0,670.0
1.0,4440.0,2231.0,2225.0,2235.0,2231.0,2231.0,1558.0,667.0,1563.0,668.0
1.0,4444.0,2231.0,2225.0,2231.0,2231.0,2231.0,1558.0,667.0,1564.0,667.0
1.0,4444.0,2227.0,2226.0,2231.0,2230.0,2230.0,1559.0,667.0,1557.0,670.0
1.0,4448.0,2236.0,2226.0,2230.0,2236.0,2236.0,1559.0,667.0,1564.0,672.0
1.0,4442.0,2239.0,2226.0,2236.0,2239.0,2239.0,1559.0,667.0,1567.0,672.0
1.0,4439.0,2232.0,2227.0,2239.0,2235.0,2235.0,1559.0,668.0,1559.0,673.0
1.0,4446.0,2240.0,2227.0,2235.0,2240.0,2240.0,1559.0,668.0,1567.0,673.0
1.0,4441.0,2243.0,2228.0,2240.0,2246.0,2246.0,1560.0,668.0,1569.0,674.0
1.0,4438.0,2253.0,2228.0,2246.0,2253.0,2253.0,1560.0,668.0,1577.0,676.0
1.0,4431.0,2251.0,2228.0,2253.0,2251.0,2251.0,1560.0,668.0,1573.0,678.0
1.0,4433.0,2262.0,2229.0,2251.0,2265.0,2265.0,1561.0,668.0,1582.0,680.0
1.0,4422.0,2255.0,2229.0,2265.0,2255.0,2255.0,1561.0,668.0,1575.0,680.0
1.0,4432.0,2268.0,2231.0,2255.0,2274.0,2274.0,1562.0,669.0,1589.0,679.0
1.0,4419.0,2269.0,2232.0,2274.0,2272.0,2272.0,1563.0,669.0,1592.0,677.0
1.0,4424.0,2259.0,2232.0,2272.0,2259.0,2259.0,1563.0,669.0,1582.0,677.0
1.0,4437.0,2277.0,2233.0,2259.0,2280.0,2280.0,1564.0,669.0,1592.0,685.0
1.0,4419.0,2264.0,2234.0,2280.0,2267.0,2267.0,1565.0,669.0,1589.0,675.0
1.0,4435.0,2274.0,2235.0,2267.0,2277.0,2277.0,1565.0,670.0,1594.0,680.0
1.0,4428.0,2265.0,2236.0,2277.0,2268.0,2268.0,1566.0,670.0,1586.0,679.0
1.0,4440.0,2271.0,2236.0,2268.0,2271.0,2271.0,1566.0,670.0,1591.0,680.0
1.0,4437.0,2276.0,2237.0,2271.0,2279.0,2279.0,1567.0,670.0,1592.0,684.0
1.0,4432.0,2269.0,2238.0,2279.0,2272.0,2272.0,1568.0,670.0,1589.0,680.0
1.0,4442.0,2277.0,2239.0,2272.0,2280.0,2280.0,1568.0,671.0,1597.0,680.0
1.0,4437.0,2279.0,2240.0,2280.0,2282.0,2282.0,1569.0,671.0,1597.0,682.0
1.0,4438.0,2272.0,2241.0,2282.0,2275.0,2275.0,1570.0,671.0,1587.0,685.0
1.0,4448.0,2261.0,2242.0,2275.0,2264.0,2264.0,1570.0,672.0,1580.0,681.0
1.0,4462.0,2264.0,2243.0,2264.0,2267.0,2267.0,1571.0,672.0,1584.0,680.0
1.0,4462.0,2268.0,2243.0,2267.0,2268.0,2268.0,1571.0,672.0,1590.0,678.0
1.0,4461.0,2270.0,2244.0,2268.0,2273.0,2273.0,1572.0,672.0,1588.0,682.0
1.0,4459.0,2261.0,2244.0,2273.0,2261.0,2261.0,1572.0,672.0,1582.0,679.0
1.0,4471.0,2255.0,2245.0,2261.0,2258.0,2258.0,1572.0,673.0,1576.0,679.0
1.0,4477.0,2255.0,2246.0,2258.0,2258.0,2258.0,1573.0,673.0,1577.0,678.0
1.0,4480.0,2252.0,2246.0,2258.0,2252.0,2252.0,1573.0,673.0,1576.0,676.0
1.0,4486.0,2264.0,2246.0,2252.0,2264.0,2264.0,1573.0,673.0,1587.0,677.0
1.0,4474.0,2251.0,2248.0,2264.0,2257.0,2257.0,1574.0,674.0,1575.0,676.0
1.0,4487.0,2261.0,2248.0,2257.0,2261.0,2261.0,1574.0,674.0,1582.0,679.0
1.0,4483.0,2251.0,2248.0,2261.0,2251.0,2251.0,1574.0,674.0,1571.0,680.0
1.0,4493.0,2255.0,2250.0,2251.0,2261.0,2261.0,1575.0,675.0,1576.0,679.0
1.0,4489.0,2243.0,2250.0,2261.0,2243.0,2243.0,1575.0,675.0,1574.0,669.0
1.0,4507.0,2253.0,2250.0,2243.0,2253.0,2253.0,1575.0,675.0,1575.0,678.0
1.0,4497.0,2255.0,2251.0,2253.0,2258.0,2258.0,1576.0,675.0,1576.0,679.0
1.0,4495.0,2243.0,2251.0,2258.0,2243.0,2243.0,1576.0,675.0,1566.0,677.0
1.0,4510.0,2260.0,2252.0,2243.0,2263.0,2263.0,1576.0,676.0,1582.0,678.0
1.0,4493.0,2258.0,2253.0,2263.0,2261.0,2261.0,1577.0,676.0,1582.0,676.0
1.0,4498.0,2258.0,2253.0,2261.0,2258.0,2258.0,1577.0,676.0,1585.0,673.0
1.0,4501.0,2256.0,2253.0,2258.0,2256.0,2256.0,1577.0,676.0,1577.0,679.0
1.0,4503.0,2256.0,2254.0,2256.0,2259.0,2259.0,1578.0,676.0,1582.0,674.0
1.0,4503.0,2259.0,2255.0,2259.0,2262.0,2262.0,1578.0,677.0,1584.0,675.0
1.0,4503.0,2258.0,2256.0,2262.0,2261.0,2261.0,1579.0,677.0,1580.0,678.0
1.0,4507.0,2259.0,2256.0,2261.0,2259.0,2259.0,1579.0,677.0,1583.0,676.0
1.0,4509.0,2263.0,2256.0,2259.0,2263.0,2263.0,1579.0,677.0,1583.0,680.0
1.0,4505.0,2269.0,2257.0,2263.0,2272.0,2272.0,1580.0,677.0,1592.0,677.0
1.0,4499.0,2269.0,2258.0,2272.0,2272.0,2272.0,1580.0,678.0,1590.0,679.0
1.0,4502.0,2279.0,2259.0,2272.0,2282.0,2282.0,1581.0,678.0,1600.0,679.0
1.0,4495.0,2275.0,2260.0,2282.0,2278.0,2278.0,1582.0,678.0,1594.0,681.0
1.0,4502.0,2277.0,2261.0,2278.0,2280.0,2280.0,1583.0,678.0,1600.0,677.0
1.0,4503.0,2280.0,2261.0,2280.0,2280.0,2280.0,1583.0,678.0,1593.0,687.0
1.0,4503.0,2281.0,2263.0,2280.0,2287.0,2287.0,1584.0,679.0,1598.0,683.0
1.0,4502.0,2284.0,2264.0,2287.0,2287.0,2287.0,1585.0,679.0,1603.0,681.0
1.0,4505.0,2295.0,2264.0,2287.0,2295.0,2295.0,1585.0,679.0,1609.0,686.0
1.0,4497.0,2297.0,2265.0,2295.0,2300.0,2300.0,1586.0,679.0,1614.0,683.0
1.0,4495.0,2288.0,2266.0,2300.0,2291.0,2291.0,1587.0,679.0,1599.0,689.0
1.0,4507.0,2285.0,2266.0,2291.0,2285.0,2285.0,1587.0,679.0,1601.0,684.0
1.0,4513.0,2293.0,2267.0,2285.0,2296.0,2296.0,1588.0,679.0,1607.0,686.0
1.0,4505.0,2280.0,2268.0,2296.0,2283.0,2283.0,1588.0,680.0,1591.0,689.0
1.0,4521.0,2298.0,2268.0,2283.0,2298.0,2298.0,1588.0,680.0,1611.0,687.0
1.0,4506.0,2295.0,2268.0,2298.0,2295.0,2295.0,1588.0,680.0,1609.0,686.0
1.0,4509.0,2299.0,2269.0,2295.0,2302.0,2302.0,1589.0,680.0,1615.0,684.0
1.0,4505.0,2296.0,2269.0,2302.0,2296.0,2296.0,1589.0,680.0,1605.0,691.0
1.0,4511.0,2291.0,2269.0,2296.0,2291.0,2291.0,1589.0,680.0,1605.0,686.0
1.0,4516.0,2285.0,2271.0,2291.0,2291.0,2291.0,1590.0,681.0,1598.0,687.0
1.0,4522.0,2283.0,2271.0,2291.0,2283.0,2283.0,1590.0,681.0,1594.0,689.0
1.0,4530.0,2297.0,2271.0,2283.0,2297.0,2297.0,1590.0,681.0,1604.0,693.0
1.0,4516.0,2303.0,2271.0,2297.0,2303.0,2303.0,1590.0,681.0,1609.0,694.0
1.0,4510.0,2287.0,2271.0,2303.0,2287.0,2287.0,1590.0,681.0,1598.0,689.0
1.0,4526.0,2304.0,2273.0,2287.0,2310.0,2310.0,1591.0,682.0,1613.0,691.0
1.0,4509.0,2297.0,2273.0,2310.0,2297.0,2297.0,1591.0,682.0,1609.0,688.0
1.0,4522.0,2288.0,2273.0,2297.0,2288.0,2288.0,1591.0,682.0,1600.0,688.0
1.0,4531.0,2290.0,2274.0,2288.0,2293.0,2293.0,1592.0,682.0,1599.0,691.0
1.0,4529.0,2303.0,2274.0,2293.0,2303.0,2303.0,1592.0,682.0,1610.0,693.0
1.0,4519.0,2290.0,2274.0,2303.0,2290.0,2290.0,1592.0,682.0,1599.0,691.0
1.0,4532.0,2290.0,2276.0,2290.0,2296.0,2296.0,1593.0,683.0,1600.0,690.0
1.0,4532.0,2302.0,2276.0,2296.0,2302.0,2302.0,1593.0,683.0,1612.0,690.0
1.0,4526.0,2298.0,2277.0,2302.0,2301.0,2301.0,1594.0,683.0,1609.0,689.0
1.0,4530.0,2293.0,2277.0,2301.0,2293.0,2293.0,1594.0,683.0,1602.0,691.0
1.0,4538.0,2292.0,2279.0,2293.0,2298.0,2298.0,1595.0,684.0,1604.0,688.0
1.0,4539.0,2298.0,2279.0,2298.0,2298.0,2298.0,1595.0,684.0,1609.0,689.0
1.0,4539.0,2296.0,2280.0,2298.0,2299.0,2299.0,1596.0,684.0,1610.0,686.0
1.0,4541.0,2301.0,2281.0,2299.0,2304.0,2304.0,1597.0,684.0,1608.0,693.0
1.0,4539.0,2288.0,2281.0,2304.0,2288.0,2288.0,1597.0,684.0,1600.0,688.0
1.0,4555.0,2299.0,2283.0,2288.0,2305.0,2305.0,1598.0,685.0,1610.0,689.0
1.0,4544.0,2295.0,2283.0,2305.0,2295.0,2295.0,1598.0,685.0,1608.0,687.0
1.0,4554.0,2302.0,2284.0,2295.0,2305.0,2305.0,1599.0,685.0,1610.0,692.0
1.0,4547.0,2298.0,2285.0,2305.0,2301.0,2301.0,1600.0,685.0,1611.0,687.0
1.0,4554.0,2288.0,2286.0,2301.0,2291.0,2291.0,1600.0,686.0,1600.0,688.0
1.0,4567.0,2295.0,2287.0,2291.0,2298.0,2298.0,1601.0,686.0,1606.0,689.0
1.0,4563.0,2283.0,2287.0,2298.0,2283.0,2283.0,1601.0,686.0,1598.0,685.0
1.0,4578.0,2302.0,2288.0,2283.0,2305.0,2305.0,1602.0,686.0,1611.0,691.0
1.0,4559.0,2297.0,2288.0,2305.0,2297.0,2297.0,1602.0,686.0,1609.0,688.0
1.0,4567.0,2299.0,2290.0,2297.0,2305.0,2305.0,1603.0,687.0,1609.0,690.0
1.0,4565.0,2308.0,2290.0,2305.0,2308.0,2308.0,1603.0,687.0,1617.0,691.0
1.0,4562.0,2313.0,2291.0,2308.0,2316.0,2316.0,1604.0,687.0,1617.0,696.0
1.0,4557.0,2301.0,2293.0,2316.0,2307.0,2307.0,1605.0,688.0,1610.0,691.0
1.0,4572.0,2312.0,2293.0,2307.0,2312.0,2312.0,1605.0,688.0,1617.0,695.0
1.0,4567.0,2304.0,2293.0,2312.0,2304.0,2304.0,1605.0,688.0,1608.0,696.0
1.0,4575.0,2308.0,2295.0,2304.0,2314.0,2314.0,1606.0,689.0,1616.0,692.0
1.0,4571.0,2308.0,2295.0,2314.0,2308.0,2308.0,1606.0,689.0,1619.0,689.0
1.0,4577.0,2304.0,2295.0,2308.0,2304.0,2304.0,1606.0,689.0,1614.0,690.0
1.0,4581.0,2308.0,2296.0,2304.0,2311.0,2311.0,1607.0,689.0,1610.0,698.0
1.0,4577.0,2310.0,2296.0,2311.0,2310.0,2310.0,1607.0,689.0,1616.0,694.0
1.0,4578.0,2311.0,2297.0,2310.0,2314.0,2314.0,1607.0,690.0,1617.0,694.0
1.0,4577.0,2312.0,2298.0,2314.0,2315.0,2315.0,1608.0,690.0,1618.0,694.0
1.0,4579.0,2310.0,2298.0,2315.0,2310.0,2310.0,1608.0,690.0,1616.0,694.0
1.0,4584.0,2321.0,2298.0,2310.0,2321.0,2321.0,1608.0,690.0,1623.0,698.0
1.0,4573.0,2319.0,2299.0,2321.0,2322.0,2322.0,1609.0,690.0,1624.0,695.0
1.0,4575.0,2321.0,2300.0,2322.0,2324.0,2324.0,1609.0,691.0,1622.0,699.0
1.0,4576.0,2314.0,2300.0,2324.0,2314.0,2314.0,1609.0,691.0,1620.0,694.0
1.0,4586.0,2317.0,2301.0,2314.0,2320.0,2320.0,1610.0,691.0,1621.0,696.0
1.0,4583.0,2327.0,2301.0,2320.0,2327.0,2327.0,1610.0,691.0,1630.0,697.0
1.0,4576.0,2332.0,2301.0,2327.0,2332.0,2332.0,1610.0,691.0,1632.0,700.0
1.0,4571.0,2337.0,2303.0,2332.0,2343.0,2343.0,1611.0,692.0,1638.0,699.0
1.0,4566.0,2327.0,2303.0,2343.0,2327.0,2327.0,1611.0,692.0,1632.0,695.0
1.0,4582.0,2332.0,2304.0,2327.0,2335.0,2335.0,1612.0,692.0,1633.0,699.0
1.0,4577.0,2330.0,2305.0,2335.0,2333.0,2333.0,1613.0,692.0,1628.0,702.0
1.0,4582.0,2339.0,2305.0,2333.0,2339.0,2339.0,1613.0,692.0,1639.0,700.0
1.0,4576.0,2334.0,2306.0,2339.0,2337.0,2337.0,1614.0,692.0,1638.0,696.0
1.0,4581.0,2329.0,2308.0,2337.0,2335.0,2335.0,1615.0,693.0,1633.0,696.0
1.0,4589.0,2343.0,2308.0,2335.0,2343.0,2343.0,1615.0,693.0,1645.0,698.0
1.0,4581.0,2330.0,2309.0,2343.0,2333.0,2333.0,1616.0,693.0,1631.0,699.0
1.0,4594.0,2338.0,2310.0,2333.0,2341.0,2341.0,1617.0,693.0,1641.0,697.0
1.0,4589.0,2333.0,2310.0,2341.0,2333.0,2333.0,1617.0,693.0,1633.0,700.0
1.0,4597.0,2335.0,2311.0,2333.0,2338.0,2338.0,1618.0,693.0,1636.0,699.0
1.0,4595.0,2336.0,2311.0,2338.0,2336.0,2336.0,1618.0,693.0,1639.0,697.0
1.0,4597.0,2323.0,2313.0,2336.0,2329.0,2329.0,1619.0,694.0,1627.0,696.0
1.0,4610.0,2340.0,2314.0,2329.0,2343.0,2343.0,1620.0,694.0,1645.0,695.0
1.0,4599.0,2335.0,2314.0,2343.0,2335.0,2335.0,1620.0,694.0,1639.0,696.0
1.0,4607.0,2320.0,2315.0,2335.0,2323.0,2323.0,1621.0,694.0,1622.0,698.0
1.0,4622.0,2330.0,2315.0,2323.0,2330.0,2330.0,1621.0,694.0,1632.0,698.0
1.0,4615.0,2327.0,2316.0,2330.0,2330.0,2330.0,1622.0,694.0,1630.0,697.0
1.0,4618.0,2327.0,2316.0,2330.0,2327.0,2327.0,1622.0,694.0,1631.0,696.0
1.0,4621.0,2320.0,2316.0,2327.0,2320.0,2320.0,1622.0,694.0,1626.0,694.0
1.0,4628.0,2318.0,2318.0,2320.0,2324.0,2324.0,1623.0,695.0,1621.0,697.0
1.0,4630.0,2315.0,2318.0,2324.0,2315.0,2315.0,1623.0,695.0,1620.0,695.0
1.0,4639.0,2322.0,2318.0,2315.0,2322.0,2322.0,1623.0,695.0,1623.0,699.0
1.0,4632.0,2321.0,2318.0,2322.0,2321.0,2321.0,1623.0,695.0,1621.0,700.0
1.0,4633.0,2317.0,2319.0,2321.0,2320.0,2320.0,1624.0,695.0,1620.0,697.0
1.0,4637.0,2325.0,2320.0,2320.0,2328.0,2328.0,1624.0,696.0,1626.0,699.0
1.0,4632.0,2316.0,2320.0,2328.0,2316.0,2316.0,1624.0,696.0,1618.0,698.0
1.0,4644.0,2320.0,2321.0,2316.0,2323.0,2323.0,1625.0,696.0,1621.0,699.0
1.0,4640.0,2332.0,2321.0,2323.0,2332.0,2332.0,1625.0,696.0,1627.0,705.0
1.0,4631.0,2331.0,2322.0,2332.0,2334.0,2334.0,1625.0,697.0,1628.0,703.0
1.0,4632.0,2327.0,2323.0,2334.0,2330.0,2330.0,1626.0,697.0,1629.0,698.0
1.0,4639.0,2337.0,2323.0,2330.0,2337.0,2337.0,1626.0,697.0,1635.0,702.0
1.0,4632.0,2328.0,2323.0,2337.0,2328.0,2328.0,1626.0,697.0,1628.0,700.0
1.0,4641.0,2334.0,2324.0,2328.0,2337.0,2337.0,1627.0,697.0,1629.0,705.0
1.0,4635.0,2337.0,2324.0,2337.0,2337.0,2337.0,1627.0,697.0,1635.0,702.0
1.0,4635.0,2336.0,2325.0,2337.0,2339.0,2339.0,1627.0,698.0,1630.0,706.0
1.0,4636.0,2335.0,2326.0,2339.0,2338.0,2338.0,1628.0,698.0,1633.0,702.0
1.0,4640.0,2342.0,2326.0,2338.0,2342.0,2342.0,1628.0,698.0,1634.0,708.0
1.0,4636.0,2340.0,2326.0,2342.0,2340.0,2340.0,1628.0,698.0,1637.0,703.0
1.0,4638.0,2355.0,2328.0,2340.0,2361.0,2361.0,1629.0,699.0,1647.0,708.0
1.0,4623.0,2364.0,2329.0,2361.0,2367.0,2367.0,1630.0,699.0,1656.0,708.0
1.0,4620.0,2361.0,2330.0,2367.0,2364.0,2364.0,1631.0,699.0,1652.0,709.0
1.0,4626.0,2360.0,2330.0,2364.0,2360.0,2360.0,1631.0,699.0,1653.0,707.0
1.0,4630.0,2358.0,2332.0,2360.0,2364.0,2364.0,1632.0,700.0,1651.0,707.0
1.0,4632.0,2367.0,2333.0,2364.0,2370.0,2370.0,1633.0,700.0,1658.0,709.0
1.0,4629.0,2370.0,2333.0,2370.0,2370.0,2370.0,1633.0,700.0,1660.0,710.0
1.0,4629.0,2369.0,2334.0,2370.0,2372.0,2372.0,1634.0,700.0,1658.0,711.0
1.0,4630.0,2369.0,2336.0,2372.0,2375.0,2375.0,1635.0,701.0,1661.0,708.0
1.0,4633.0,2365.0,2337.0,2375.0,2368.0,2368.0,1636.0,701.0,1656.0,709.0
1.0,4643.0,2374.0,2337.0,2368.0,2374.0,2374.0,1636.0,701.0,1662.0,712.0
1.0,4637.0,2371.0,2338.0,2374.0,2374.0,2374.0,1637.0,701.0,1662.0,709.0
1.0,4640.0,2361.0,2339.0,2374.0,2364.0,2364.0,1637.0,702.0,1654.0,707.0
1.0,4653.0,2370.0,2340.0,2364.0,2373.0,2373.0,1638.0,702.0,1657.0,713.0
1.0,4647.0,2368.0,2340.0,2373.0,2368.0,2368.0,1638.0,702.0,1660.0,708.0
1.0,4652.0,2363.0,2340.0,2368.0,2363.0,2363.0,1638.0,702.0,1650.0,713.0
1.0,4657.0,2365.0,2341.0,2363.0,2368.0,2368.0,1639.0,702.0,1657.0,708.0
1.0,4655.0,2363.0,2342.0,2368.0,2366.0,2366.0,1639.0,703.0,1657.0,706.0
1.0,4660.0,2360.0,2343.0,2366.0,2363.0,2363.0,1640.0,703.0,1651.0,709.0
1.0,4666.0,2357.0,2343.0,2363.0,2357.0,2357.0,1640.0,703.0,1650.0,707.0
1.0,4672.0,2370.0,2343.0,2357.0,2370.0,2370.0,1640.0,703.0,1661.0,709.0
1.0,4659.0,2355.0,2343.0,2370.0,2355.0,2355.0,1640.0,703.0,1647.0,708.0
1.0,4674.0,2363.0,2345.0,2355.0,2369.0,2369.0,1641.0,704.0,1656.0,707.0
1.0,4666.0,2359.0,2345.0,2369.0,2359.0,2359.0,1641.0,704.0,1652.0,707.0
1.0,4676.0,2360.0,2345.0,2359.0,2360.0,2360.0,1641.0,704.0,1651.0,709.0
1.0,4675.0,2357.0,2346.0,2360.0,2360.0,2360.0,1642.0,704.0,1646.0,711.0
1.0,4678.0,2356.0,2346.0,2360.0,2356.0,2356.0,1642.0,704.0,1652.0,704.0
1.0,4682.0,2354.0,2347.0,2356.0,2357.0,2357.0,1642.0,705.0,1647.0,707.0
1.0,4684.0,2358.0,2347.0,2357.0,2358.0,2358.0,1642.0,705.0,1651.0,707.0
1.0,4683.0,2361.0,2348.0,2358.0,2364.0,2364.0,1643.0,705.0,1655.0,706.0
1.0,4680.0,2356.0,2348.0,2364.0,2356.0,2356.0,1643.0,705.0,1643.0,713.0
1.0,4688.0,2356.0,2349.0,2356.0,2359.0,2359.0,1644.0,705.0,1650.0,706.0
1.0,4688.0,2355.0,2350.0,2359.0,2358.0,2358.0,1644.0,706.0,1648.0,707.0
1.0,4692.0,2357.0,2351.0,2358.0,2360.0,2360.0,1645.0,706.0,1653.0,704.0
1.0,4693.0,2363.0,2351.0,2360.0,2363.0,2363.0,1645.0,706.0,1655.0,708.0
1.0,4690.0,2357.0,2352.0,2363.0,2360.0,2360.0,1646.0,706.0,1647.0,710.0
1.0,4696.0,2357.0,2352.0,2360.0,2357.0,2357.0,1646.0,706.0,1654.0,703.0
1.0,4699.0,2357.0,2353.0,2357.0,2360.0,2360.0,1647.0,706.0,1656.0,701.0
1.0,4699.0,2354.0,2354.0,2360.0,2357.0,2357.0,1647.0,707.0,1647.0,707.0
1.0,4705.0,2370.0,2355.0,2357.0,2373.0,2373.0,1648.0,707.0,1665.0,705.0
1.0,4692.0,2362.0,2356.0,2373.0,2365.0,2365.0,1649.0,707.0,1657.0,705.0
1.0,4703.0,2366.0,2357.0,2365.0,2369.0,2369.0,1650.0,707.0,1660.0,706.0
1.0,4702.0,2375.0,2357.0,2369.0,2375.0,2375.0,1650.0,707.0,1666.0,709.0
1.0,4696.0,2365.0,2358.0,2375.0,2368.0,2368.0,1651.0,707.0,1654.0,711.0
1.0,4706.0,2365.0,2358.0,2368.0,2365.0,2365.0,1651.0,707.0,1657.0,708.0
1.0,4709.0,2364.0,2360.0,2365.0,2370.0,2370.0,1652.0,708.0,1655.0,709.0
1.0,4710.0,2379.0,2361.0,2370.0,2382.0,2382.0,1653.0,708.0,1668.0,711.0
1.0,4701.0,2375.0,2361.0,2382.0,2375.0,2375.0,1653.0,708.0,1665.0,710.0
1.0,4708.0,2381.0,2362.0,2375.0,2384.0,2384.0,1654.0,708.0,1668.0,713.0
1.0,4702.0,2386.0,2363.0,2384.0,2389.0,2389.0,1655.0,708.0,1672.0,714.0
1.0,4700.0,2379.0,2363.0,2389.0,2379.0,2379.0,1655.0,708.0,1668.0,711.0
1.0,4710.0,2385.0,2364.0,2379.0,2388.0,2388.0,1656.0,708.0,1673.0,712.0
1.0,4704.0,2389.0,2365.0,2388.0,2392.0,2392.0,1656.0,709.0,1672.0,717.0
1.0,4703.0,2379.0,2366.0,2392.0,2382.0,2382.0,1657.0,709.0,1664.0,715.0
1.0,4716.0,2392.0,2366.0,2382.0,2392.0,2392.0,1657.0,709.0,1675.0,717.0
1.0,4706.0,2388.0,2366.0,2392.0,2388.0,2388.0,1657.0,709.0,1667.0,721.0
1.0,4710.0,2392.0,2367.0,2388.0,2395.0,2395.0,1658.0,709.0,1672.0,720.0
1.0,4706.0,2387.0,2368.0,2395.0,2390.0,2390.0,1658.0,710.0,1668.0,719.0
1.0,4714.0,2399.0,2368.0,2390.0,2399.0,2399.0,1658.0,710.0,1678.0,721.0
1.0,4705.0,2392.0,2369.0,2399.0,2395.0,2395.0,1659.0,710.0,1672.0,720.0
1.0,4712.0,2397.0,2369.0,2395.0,2397.0,2397.0,1659.0,710.0,1672.0,725.0
1.0,4710.0,2395.0,2369.0,2397.0,2395.0,2395.0,1659.0,710.0,1674.0,721.0
1.0,4712.0,2405.0,2371.0,2395.0,2411.0,2411.0,1660.0,711.0,1683.0,722.0
1.0,4702.0,2399.0,2371.0,2411.0,2399.0,2399.0,1660.0,711.0,1675.0,724.0
1.0,4714.0,2409.0,2371.0,2399.0,2409.0,2409.0,1660.0,711.0,1686.0,723.0
1.0,4704.0,2384.0,2371.0,2409.0,2384.0,2384.0,1660.0,711.0,1663.0,721.0
1.0,4729.0,2402.0,2373.0,2384.0,2408.0,2408.0,1661.0,712.0,1681.0,721.0
1.0,4711.0,2402.0,2373.0,2408.0,2402.0,2402.0,1661.0,712.0,1677.0,725.0
1.0,4717.0,2407.0,2374.0,2402.0,2410.0,2410.0,1662.0,712.0,1683.0,724.0
1.0,4712.0,2402.0,2374.0,2410.0,2402.0,2402.0,1662.0,712.0,1683.0,719.0
1.0,4720.0,2401.0,2376.0,2402.0,2407.0,2407.0,1663.0,713.0,1678.0,723.0
1.0,4721.0,2412.0,2377.0,2407.0,2415.0,2415.0,1664.0,713.0,1691.0,721.0
1.0,4716.0,2412.0,2377.0,2415.0,2412.0,2412.0,1664.0,713.0,1688.0,724.0
1.0,4719.0,2404.0,2379.0,2412.0,2410.0,2410.0,1665.0,714.0,1685.0,719.0
1.0,4727.0,2400.0,2379.0,2410.0,2400.0,2400.0,1665.0,714.0,1681.0,719.0
1.0,4737.0,2403.0,2380.0,2400.0,2406.0,2406.0,1666.0,714.0,1685.0,718.0
1.0,4734.0,2404.0,2381.0,2406.0,2407.0,2407.0,1667.0,714.0,1677.0,727.0
1.0,4736.0,2405.0,2382.0,2407.0,2408.0,2408.0,1667.0,715.0,1683.0,722.0
1.0,4738.0,2396.0,2383.0,2408.0,2399.0,2399.0,1668.0,715.0,1679.0,717.0
1.0,4750.0,2402.0,2383.0,2399.0,2402.0,2402.0,1668.0,715.0,1681.0,721.0
1.0,4747.0,2406.0,2384.0,2402.0,2409.0,2409.0,1669.0,715.0,1686.0,720.0
1.0,4743.0,2398.0,2386.0,2409.0,2404.0,2404.0,1670.0,716.0,1678.0,720.0
1.0,4754.0,2402.0,2386.0,2404.0,2402.0,2402.0,1670.0,716.0,1684.0,718.0
1.0,4756.0,2400.0,2387.0,2402.0,2403.0,2403.0,1671.0,716.0,1683.0,717.0
1.0,4758.0,2401.0,2388.0,2403.0,2404.0,2404.0,1672.0,716.0,1684.0,717.0
1.0,4760.0,2403.0,2388.0,2404.0,2403.0,2403.0,1672.0,716.0,1686.0,717.0
1.0,4761.0,2391.0,2389.0,2403.0,2394.0,2394.0,1673.0,716.0,1675.0,716.0
1.0,4773.0,2397.0,2390.0,2394.0,2400.0,2400.0,1673.0,717.0,1680.0,717.0
1.0,4770.0,2389.0,2391.0,2400.0,2392.0,2392.0,1674.0,717.0,1672.0,717.0
1.0,4781.0,2389.0,2391.0,2392.0,2389.0,2389.0,1674.0,717.0,1669.0,720.0
1.0,4784.0,2396.0,2392.0,2389.0,2399.0,2399.0,1675.0,717.0,1678.0,718.0
1.0,4777.0,2390.0,2393.0,2399.0,2393.0,2393.0,1675.0,718.0,1675.0,715.0
1.0,4786.0,2391.0,2393.0,2393.0,2391.0,2391.0,1675.0,718.0,1675.0,716.0
1.0,4788.0,2392.0,2393.0,2391.0,2392.0,2392.0,1675.0,718.0,1676.0,716.0
1.0,4787.0,2393.0,2393.0,2392.0,2393.0,2393.0,1675.0,718.0,1671.0,722.0
1.0,4786.0,2386.0,2394.0,2393.0,2389.0,2389.0,1676.0,718.0,1668.0,718.0
1.0,4793.0,2390.0,2395.0,2389.0,2393.0,2393.0,1676.0,719.0,1673.0,717.0
1.0,4792.0,2396.0,2395.0,2393.0,2396.0,2396.0,1676.0,719.0,1676.0,720.0
1.0,4789.0,2403.0,2396.0,2396.0,2406.0,2406.0,1677.0,719.0,1680.0,723.0
1.0,4782.0,2412.0,2396.0,2406.0,2412.0,2412.0,1677.0,719.0,1687.0,725.0
1.0,4776.0,2401.0,2396.0,2412.0,2401.0,2401.0,1677.0,719.0,1682.0,719.0
1.0,4787.0,2402.0,2398.0,2401.0,2408.0,2408.0,1678.0,720.0,1680.0,722.0
1.0,4786.0,2400.0,2398.0,2408.0,2400.0,2400.0,1678.0,720.0,1680.0,720.0
1.0,4794.0,2403.0,2398.0,2400.0,2403.0,2403.0,1678.0,720.0,1681.0,722.0
1.0,4791.0,2409.0,2398.0,2403.0,2409.0,2409.0,1678.0,720.0,1687.0,722.0
1.0,4785.0,2427.0,2399.0,2409.0,2430.0,2430.0,1679.0,720.0,1700.0,727.0
1.0,4767.0,2416.0,2399.0,2430.0,2416.0,2416.0,1679.0,720.0,1692.0,724.0
1.0,4781.0,2424.0,2400.0,2416.0,2427.0,2427.0,1680.0,720.0,1701.0,723.0
1.0,4773.0,2426.0,2401.0,2427.0,2429.0,2429.0,1680.0,721.0,1699.0,727.0
1.0,4774.0,2435.0,2402.0,2429.0,2438.0,2438.0,1681.0,721.0,1705.0,730.0
1.0,4768.0,2435.0,2403.0,2438.0,2438.0,2438.0,1682.0,721.0,1706.0,729.0
1.0,4771.0,2441.0,2403.0,2438.0,2441.0,2441.0,1682.0,721.0,1712.0,729.0
1.0,4768.0,2438.0,2404.0,2441.0,2441.0,2441.0,1683.0,721.0,1707.0,731.0
1.0,4771.0,2426.0,2405.0,2441.0,2429.0,2429.0,1684.0,721.0,1697.0,729.0
1.0,4786.0,2445.0,2406.0,2429.0,2448.0,2448.0,1684.0,722.0,1715.0,730.0
1.0,4770.0,2440.0,2407.0,2448.0,2443.0,2443.0,1685.0,722.0,1709.0,731.0
1.0,4778.0,2448.0,2407.0,2443.0,2448.0,2448.0,1685.0,722.0,1713.0,735.0
1.0,4773.0,2446.0,2408.0,2448.0,2449.0,2449.0,1686.0,722.0,1713.0,733.0
1.0,4775.0,2435.0,2409.0,2449.0,2438.0,2438.0,1687.0,722.0,1707.0,728.0
1.0,4789.0,2439.0,2409.0,2438.0,2439.0,2439.0,1687.0,722.0,1706.0,733.0
1.0,4788.0,2441.0,2411.0,2439.0,2447.0,2447.0,1688.0,723.0,1706.0,735.0
1.0,4786.0,2449.0,2411.0,2447.0,2449.0,2449.0,1688.0,723.0,1717.0,732.0
1.0,4784.0,2442.0,2412.0,2449.0,2445.0,2445.0,1689.0,723.0,1710.0,732.0
1.0,4791.0,2440.0,2412.0,2445.0,2440.0,2440.0,1689.0,723.0,1707.0,733.0
1.0,4796.0,2436.0,2413.0,2440.0,2439.0,2439.0,1690.0,723.0,1705.0,731.0
1.0,4800.0,2445.0,2414.0,2439.0,2448.0,2448.0,1690.0,724.0,1712.0,733.0
1.0,4794.0,2427.0,2415.0,2448.0,2430.0,2430.0,1691.0,724.0,1699.0,728.0
1.0,4815.0,2440.0,2415.0,2430.0,2440.0,2440.0,1691.0,724.0,1706.0,734.0
1.0,4805.0,2430.0,2415.0,2440.0,2430.0,2430.0,1691.0,724.0,1698.0,732.0
1.0,4815.0,2433.0,2416.0,2430.0,2436.0,2436.0,1692.0,724.0,1704.0,729.0
1.0,4812.0,2428.0,2417.0,2436.0,2431.0,2431.0,1692.0,725.0,1697.0,731.0
1.0,4820.0,2436.0,2418.0,2431.0,2439.0,2439.0,1693.0,725.0,1705.0,731.0
1.0,4815.0,2435.0,2418.0,2439.0,2435.0,2435.0,1693.0,725.0,1702.0,733.0
1.0,4819.0,2431.0,2418.0,2435.0,2431.0,2431.0,1693.0,725.0,1701.0,730.0
1.0,4823.0,2428.0,2420.0,2431.0,2434.0,2434.0,1694.0,726.0,1698.0,730.0
1.0,4826.0,2415.0,2420.0,2434.0,2415.0,2415.0,1694.0,726.0,1688.0,727.0
1.0,4845.0,2428.0,2420.0,2415.0,2428.0,2428.0,1694.0,726.0,1699.0,729.0
1.0,4832.0,2430.0,2420.0,2428.0,2430.0,2430.0,1694.0,726.0,1697.0,733.0
1.0,4830.0,2430.0,2422.0,2430.0,2436.0,2436.0,1695.0,727.0,1698.0,732.0
1.0,4830.0,2429.0,2422.0,2436.0,2429.0,2429.0,1695.0,727.0,1698.0,731.0
1.0,4837.0,2429.0,2423.0,2429.0,2432.0,2432.0,1696.0,727.0,1701.0,728.0
1.0,4837.0,2435.0,2423.0,2432.0,2435.0,2435.0,1696.0,727.0,1697.0,738.0
1.0,4834.0,2425.0,2424.0,2435.0,2428.0,2428.0,1696.0,728.0,1697.0,728.0
1.0,4844.0,2433.0,2425.0,2428.0,2436.0,2436.0,1697.0,728.0,1706.0,727.0
1.0,4839.0,2425.0,2425.0,2436.0,2425.0,2425.0,1697.0,728.0,1698.0,727.0
1.0,4850.0,2434.0,2426.0,2425.0,2437.0,2437.0,1698.0,728.0,1699.0,735.0
1.0,4841.0,2439.0,2427.0,2437.0,2442.0,2442.0,1699.0,728.0,1713.0,726.0
1.0,4839.0,2442.0,2429.0,2442.0,2448.0,2448.0,1700.0,729.0,1711.0,731.0
1.0,4839.0,2433.0,2429.0,2448.0,2433.0,2433.0,1700.0,729.0,1704.0,729.0
1.0,4854.0,2447.0,2430.0,2433.0,2450.0,2450.0,1701.0,729.0,1711.0,736.0
1.0,4840.0,2442.0,2430.0,2450.0,2442.0,2442.0,1701.0,729.0,1713.0,729.0
1.0,4848.0,2442.0,2431.0,2442.0,2445.0,2445.0,1702.0,729.0,1714.0,728.0
1.0,4848.0,2445.0,2433.0,2445.0,2451.0,2451.0,1703.0,730.0,1712.0,733.0
1.0,4848.0,2450.0,2433.0,2451.0,2450.0,2450.0,1703.0,730.0,1719.0,731.0
1.0,4849.0,2458.0,2434.0,2450.0,2461.0,2461.0,1704.0,730.0,1724.0,734.0
1.0,4841.0,2450.0,2435.0,2461.0,2453.0,2453.0,1705.0,730.0,1717.0,733.0
1.0,4852.0,2455.0,2437.0,2453.0,2461.0,2461.0,1706.0,731.0,1723.0,732.0
1.0,4850.0,2459.0,2437.0,2461.0,2459.0,2459.0,1706.0,731.0,1723.0,736.0
1.0,4852.0,2461.0,2438.0,2459.0,2464.0,2464.0,1707.0,731.0,1727.0,734.0
1.0,4850.0,2454.0,2438.0,2464.0,2454.0,2454.0,1707.0,731.0,1718.0,736.0
1.0,4860.0,2453.0,2438.0,2454.0,2453.0,2453.0,1707.0,731.0,1721.0,732.0
1.0,4861.0,2458.0,2439.0,2453.0,2461.0,2461.0,1708.0,731.0,1721.0,737.0
1.0,4856.0,2457.0,2440.0,2461.0,2460.0,2460.0,1708.0,732.0,1719.0,738.0
1.0,4860.0,2457.0,2440.0,2460.0,2457.0,2457.0,1708.0,732.0,1719.0,738.0
1.0,4863.0,2460.0,2440.0,2457.0,2460.0,2460.0,1708.0,732.0,1725.0,735.0
1.0,4860.0,2469.0,2441.0,2460.0,2472.0,2472.0,1709.0,732.0,1732.0,737.0
1.0,4851.0,2468.0,2441.0,2472.0,2468.0,2468.0,1709.0,732.0,1725.0,743.0
1.0,4855.0,2459.0,2442.0,2468.0,2462.0,2462.0,1710.0,732.0,1720.0,739.0
1.0,4864.0,2453.0,2443.0,2462.0,2456.0,2456.0,1710.0,733.0,1712.0,741.0
1.0,4873.0,2464.0,2443.0,2456.0,2464.0,2464.0,1710.0,733.0,1725.0,739.0
1.0,4865.0,2468.0,2443.0,2464.0,2468.0,2468.0,1710.0,733.0,1728.0,740.0
1.0,4861.0,2456.0,2443.0,2468.0,2456.0,2456.0,1710.0,733.0,1718.0,738.0
1.0,4873.0,2473.0,2444.0,2456.0,2476.0,2476.0,1711.0,733.0,1734.0,739.0
1.0,4856.0,2472.0,2444.0,2476.0,2472.0,2472.0,1711.0,733.0,1729.0,743.0
1.0,4860.0,2465.0,2444.0,2472.0,2465.0,2465.0,1711.0,733.0,1726.0,739.0
1.0,4867.0,2471.0,2445.0,2465.0,2474.0,2474.0,1712.0,733.0,1734.0,737.0
1.0,4861.0,2463.0,2446.0,2474.0,2466.0,2466.0,1712.0,734.0,1723.0,740.0
1.0,4872.0,2467.0,2447.0,2466.0,2470.0,2470.0,1713.0,734.0,1728.0,739.0
1.0,4871.0,2467.0,2447.0,2470.0,2467.0,2467.0,1713.0,734.0,1728.0,739.0
1.0,4874.0,2466.0,2448.0,2467.0,2469.0,2469.0,1714.0,734.0,1726.0,740.0
1.0,4875.0,2476.0,2448.0,2469.0,2476.0,2476.0,1714.0,734.0,1741.0,735.0
1.0,4868.0,2475.0,2449.0,2476.0,2478.0,2478.0,1715.0,734.0,1733.0,742.0
1.0,4869.0,2459.0,2450.0,2478.0,2462.0,2462.0,1715.0,735.0,1720.0,739.0
1.0,4888.0,2464.0,2451.0,2462.0,2467.0,2467.0,1716.0,735.0,1725.0,739.0
1.0,4886.0,2474.0,2451.0,2467.0,2474.0,2474.0,1716.0,735.0,1734.0,740.0
1.0,4879.0,2458.0,2452.0,2474.0,2461.0,2461.0,1717.0,735.0,1720.0,738.0
1.0,4895.0,2465.0,2452.0,2461.0,2465.0,2465.0,1717.0,735.0,1725.0,740.0
1.0,4891.0,2463.0,2453.0,2465.0,2466.0,2466.0,1718.0,735.0,1726.0,737.0
1.0,4893.0,2467.0,2454.0,2466.0,2470.0,2470.0,1718.0,736.0,1725.0,742.0
1.0,4892.0,2473.0,2455.0,2470.0,2476.0,2476.0,1719.0,736.0,1734.0,739.0
1.0,4889.0,2470.0,2456.0,2476.0,2473.0,2473.0,1720.0,736.0,1730.0,740.0
1.0,4895.0,2471.0,2456.0,2473.0,2471.0,2471.0,1720.0,736.0,1730.0,741.0
1.0,4897.0,2473.0,2457.0,2471.0,2476.0,2476.0,1721.0,736.0,1731.0,742.0
1.0,4895.0,2474.0,2458.0,2476.0,2477.0,2477.0,1722.0,736.0,1732.0,742.0
1.0,4897.0,2460.0,2459.0,2477.0,2463.0,2463.0,1722.0,737.0,1723.0,737.0
1.0,4914.0,2466.0,2460.0,2463.0,2469.0,2469.0,1723.0,737.0,1726.0,740.0
1.0,4911.0,2477.0,2460.0,2469.0,2477.0,2477.0,1723.0,737.0,1730.0,747.0
1.0,4903.0,2466.0,2461.0,2477.0,2469.0,2469.0,1724.0,737.0,1725.0,741.0
1.0,4914.0,2465.0,2462.0,2469.0,2468.0,2468.0,1724.0,738.0,1723.0,742.0
1.0,4918.0,2478.0,2462.0,2468.0,2478.0,2478.0,1724.0,738.0,1735.0,743.0
1.0,4908.0,2472.0,2463.0,2478.0,2475.0,2475.0,1725.0,738.0,1727.0,745.0
1.0,4914.0,2477.0,2463.0,2475.0,2477.0,2477.0,1725.0,738.0,1735.0,742.0
1.0,4912.0,2479.0,2465.0,2477.0,2485.0,2485.0,1726.0,739.0,1733.0,746.0
1.0,4910.0,2469.0,2465.0,2485.0,2469.0,2469.0,1726.0,739.0,1728.0,741.0
1.0,4926.0,2477.0,2465.0,2469.0,2477.0,2477.0,1726.0,739.0,1729.0,748.0
1.0,4918.0,2474.0,2465.0,2477.0,2474.0,2474.0,1726.0,739.0,1729.0,745.0
1.0,4921.0,2477.0,2467.0,2474.0,2483.0,2483.0,1727.0,740.0,1731.0,746.0
1.0,4918.0,2480.0,2467.0,2483.0,2480.0,2480.0,1727.0,740.0,1734.0,746.0
1.0,4921.0,2481.0,2467.0,2480.0,2481.0,2481.0,1727.0,740.0,1729.0,752.0
1.0,4920.0,2475.0,2468.0,2481.0,2478.0,2478.0,1727.0,741.0,1726.0,749.0
1.0,4926.0,2478.0,2468.0,2478.0,2478.0,2478.0,1727.0,741.0,1731.0,747.0
1.0,4926.0,2490.0,2469.0,2478.0,2493.0,2493.0,1728.0,741.0,1738.0,752.0
1.0,4914.0,2499.0,2469.0,2493.0,2499.0,2499.0,1728.0,741.0,1748.0,751.0
1.0,4908.0,2489.0,2470.0,2499.0,2492.0,2492.0,1728.0,742.0,1738.0,751.0
1.0,4918.0,2499.0,2471.0,2492.0,2502.0,2502.0,1729.0,742.0,1748.0,751.0
1.0,4911.0,2501.0,2472.0,2502.0,2504.0,2504.0,1730.0,742.0,1749.0,752.0
1.0,4912.0,2500.0,2473.0,2504.0,2503.0,2503.0,1730.0,743.0,1751.0,749.0
1.0,4916.0,2496.0,2473.0,2503.0,2496.0,2496.0,1730.0,743.0,1744.0,752.0
1.0,4923.0,2505.0,2474.0,2496.0,2508.0,2508.0,1731.0,743.0,1753.0,752.0
1.0,4914.0,2508.0,2474.0,2508.0,2508.0,2508.0,1731.0,743.0,1755.0,753.0
1.0,4914.0,2508.0,2475.0,2508.0,2511.0,2511.0,1732.0,743.0,1758.0,750.0
1.0,4914.0,2516.0,2477.0,2511.0,2522.0,2522.0,1733.0,744.0,1765.0,751.0
1.0,4909.0,2515.0,2478.0,2522.0,2518.0,2518.0,1734.0,744.0,1766.0,749.0
1.0,4916.0,2518.0,2479.0,2518.0,2521.0,2521.0,1735.0,744.0,1768.0,750.0
1.0,4916.0,2513.0,2479.0,2521.0,2513.0,2513.0,1735.0,744.0,1760.0,753.0
1.0,4924.0,2518.0,2480.0,2513.0,2521.0,2521.0,1736.0,744.0,1769.0,749.0
1.0,4919.0,2502.0,2482.0,2521.0,2508.0,2508.0,1737.0,745.0,1753.0,749.0
1.0,4938.0,2512.0,2482.0,2508.0,2512.0,2512.0,1737.0,745.0,1762.0,750.0
1.0,4934.0,2509.0,2483.0,2512.0,2512.0,2512.0,1738.0,745.0,1759.0,750.0
1.0,4937.0,2512.0,2483.0,2512.0,2512.0,2512.0,1738.0,745.0,1758.0,754.0
1.0,4937.0,2505.0,2485.0,2512.0,2511.0,2511.0,1739.0,746.0,1754.0,751.0
1.0,4944.0,2504.0,2485.0,2511.0,2504.0,2504.0,1739.0,746.0,1756.0,748.0
1.0,4951.0,2504.0,2486.0,2504.0,2507.0,2507.0,1740.0,746.0,1756.0,748.0
1.0,4951.0,2507.0,2486.0,2507.0,2507.0,2507.0,1740.0,746.0,1755.0,752.0
1.0,4951.0,2499.0,2487.0,2507.0,2502.0,2502.0,1741.0,746.0,1751.0,748.0
1.0,4959.0,2505.0,2488.0,2502.0,2508.0,2508.0,1741.0,747.0,1756.0,749.0
1.0,4956.0,2486.0,2488.0,2508.0,2486.0,2486.0,1741.0,747.0,1740.0,746.0
1.0,4978.0,2497.0,2489.0,2486.0,2500.0,2500.0,1742.0,747.0,1749.0,748.0
1.0,4967.0,2492.0,2489.0,2500.0,2492.0,2492.0,1742.0,747.0,1744.0,748.0
1.0,4975.0,2487.0,2490.0,2492.0,2490.0,2490.0,1743.0,747.0,1736.0,751.0
1.0,4980.0,2490.0,2490.0,2490.0,2490.0,2490.0,1743.0,747.0,1745.0,745.0
1.0,4980.0,2488.0,2491.0,2490.0,2491.0,2491.0,1743.0,748.0,1741.0,747.0
1.0,4982.0,2485.0,2491.0,2491.0,2485.0,2485.0,1743.0,748.0,1738.0,747.0
1.0,4988.0,2490.0,2491.0,2485.0,2490.0,2490.0,1743.0,748.0,1741.0,749.0
1.0,4983.0,2488.0,2492.0,2490.0,2491.0,2491.0,1744.0,748.0,1738.0,750.0
1.0,4985.0,2483.0,2492.0,2491.0,2483.0,2483.0,1744.0,748.0,1739.0,744.0
1.0,4993.0,2498.0,2492.0,2483.0,2498.0,2498.0,1744.0,748.0,1749.0,749.0
1.0,4978.0,2488.0,2493.0,2498.0,2491.0,2491.0,1745.0,748.0,1740.0,748.0
1.0,4988.0,2489.0,2493.0,2491.0,2489.0,2489.0,1745.0,748.0,1739.0,750.0
1.0,4990.0,2503.0,2494.0,2489.0,2506.0,2506.0,1745.0,749.0,1752.0,751.0
1.0,4976.0,2499.0,2495.0,2506.0,2502.0,2502.0,1746.0,749.0,1752.0,747.0
1.0,4983.0,2503.0,2495.0,2502.0,2503.0,2503.0,1746.0,749.0,1752.0,751.0
1.0,4982.0,2497.0,2495.0,2503.0,2497.0,2497.0,1746.0,749.0,1747.0,750.0
1.0,4988.0,2499.0,2496.0,2497.0,2502.0,2502.0,1747.0,749.0,1744.0,755.0
1.0,4986.0,2509.0,2496.0,2502.0,2509.0,2509.0,1747.0,749.0,1755.0,754.0
1.0,4979.0,2520.0,2498.0,2509.0,2526.0,2526.0,1748.0,750.0,1765.0,755.0
1.0,4968.0,2515.0,2498.0,2526.0,2515.0,2515.0,1748.0,750.0,1759.0,756.0
1.0,4979.0,2528.0,2499.0,2515.0,2531.0,2531.0,1749.0,750.0,1771.0,757.0
1.0,4966.0,2519.0,2500.0,2531.0,2522.0,2522.0,1750.0,750.0,1761.0,758.0
1.0,4978.0,2516.0,2500.0,2522.0,2516.0,2516.0,1750.0,750.0,1764.0,752.0
1.0,4984.0,2518.0,2501.0,2516.0,2521.0,2521.0,1751.0,750.0,1762.0,756.0
1.0,4982.0,2518.0,2503.0,2521.0,2524.0,2524.0,1752.0,751.0,1759.0,759.0
1.0,4985.0,2521.0,2503.0,2524.0,2521.0,2521.0,1752.0,751.0,1761.0,760.0
1.0,4988.0,2520.0,2504.0,2521.0,2523.0,2523.0,1753.0,751.0,1764.0,756.0
1.0,4989.0,2544.0,2504.0,2523.0,2544.0,2544.0,1753.0,751.0,1783.0,761.0
1.0,4968.0,2540.0,2505.0,2544.0,2543.0,2543.0,1754.0,751.0,1780.0,760.0
1.0,4972.0,2534.0,2507.0,2543.0,2540.0,2540.0,1755.0,752.0,1774.0,760.0
1.0,4981.0,2538.0,2507.0,2540.0,2538.0,2538.0,1755.0,752.0,1778.0,760.0
1.0,4983.0,2543.0,2508.0,2538.0,2546.0,2546.0,1756.0,752.0,1781.0,762.0
1.0,4978.0,2550.0,2509.0,2546.0,2553.0,2553.0,1757.0,752.0,1783.0,767.0
1.0,4974.0,2536.0,2509.0,2553.0,2536.0,2536.0,1757.0,752.0,1772.0,764.0
1.0,4991.0,2539.0,2510.0,2536.0,2542.0,2542.0,1757.0,753.0,1777.0,762.0
1.0,4988.0,2533.0,2511.0,2542.0,2536.0,2536.0,1758.0,753.0,1771.0,762.0
1.0,4997.0,2541.0,2511.0,2536.0,2541.0,2541.0,1758.0,753.0,1774.0,767.0
1.0,4992.0,2547.0,2511.0,2541.0,2547.0,2547.0,1758.0,753.0,1783.0,764.0
1.0,4986.0,2537.0,2512.0,2547.0,2540.0,2540.0,1758.0,754.0,1774.0,763.0
1.0,4996.0,2536.0,2512.0,2540.0,2536.0,2536.0,1758.0,754.0,1772.0,764.0
1.0,5000.0,2536.0,2512.0,2536.0,2536.0,2536.0,1758.0,754.0,1769.0,767.0
1.0,5000.0,2533.0,2514.0,2536.0,2539.0,2539.0,1759.0,755.0,1766.0,767.0
1.0,5003.0,2546.0,2514.0,2539.0,2546.0,2546.0,1759.0,755.0,1782.0,764.0
1.0,4996.0,2533.0,2514.0,2546.0,2533.0,2533.0,1759.0,755.0,1768.0,765.0
1.0,5009.0,2530.0,2514.0,2533.0,2530.0,2530.0,1759.0,755.0,1769.0,761.0
1.0,5012.0,2544.0,2516.0,2530.0,2550.0,2550.0,1760.0,756.0,1779.0,765.0
1.0,4998.0,2538.0,2516.0,2550.0,2538.0,2538.0,1760.0,756.0,1778.0,760.0
1.0,5010.0,2531.0,2517.0,2538.0,2534.0,2534.0,1761.0,756.0,1769.0,762.0
1.0,5017.0,2546.0,2517.0,2534.0,2546.0,2546.0,1761.0,756.0,1779.0,767.0
1.0,5005.0,2542.0,2519.0,2546.0,2548.0,2548.0,1762.0,757.0,1782.0,760.0
1.0,5009.0,2541.0,2519.0,2548.0,2541.0,2541.0,1762.0,757.0,1782.0,759.0
1.0,5016.0,2529.0,2520.0,2541.0,2532.0,2532.0,1763.0,757.0,1772.0,757.0
1.0,5028.0,2538.0,2520.0,2532.0,2538.0,2538.0,1763.0,757.0,1777.0,761.0
1.0,5022.0,2532.0,2521.0,2538.0,2535.0,2535.0,1764.0,757.0,1772.0,760.0
1.0,5028.0,2530.0,2523.0,2535.0,2536.0,2536.0,1765.0,758.0,1772.0,758.0
1.0,5033.0,2536.0,2523.0,2536.0,2536.0,2536.0,1765.0,758.0,1777.0,759.0
1.0,5033.0,2534.0,2524.0,2536.0,2537.0,2537.0,1766.0,758.0,1770.0,764.0
1.0,5035.0,2526.0,2524.0,2537.0,2526.0,2526.0,1766.0,758.0,1770.0,756.0
1.0,5046.0,2533.0,2526.0,2526.0,2539.0,2539.0,1767.0,759.0,1775.0,758.0
1.0,5039.0,2541.0,2527.0,2539.0,2544.0,2544.0,1768.0,759.0,1779.0,762.0
1.0,5037.0,2537.0,2528.0,2544.0,2540.0,2540.0,1769.0,759.0,1781.0,756.0
1.0,5044.0,2543.0,2528.0,2540.0,2543.0,2543.0,1769.0,759.0,1781.0,762.0
1.0,5041.0,2534.0,2529.0,2543.0,2537.0,2537.0,1770.0,759.0,1775.0,759.0
1.0,5050.0,2538.0,2531.0,2537.0,2544.0,2544.0,1771.0,760.0,1781.0,757.0
1.0,5049.0,2538.0,2531.0,2544.0,2538.0,2538.0,1771.0,760.0,1780.0,758.0
1.0,5055.0,2534.0,2532.0,2538.0,2537.0,2537.0,1772.0,760.0,1777.0,757.0
1.0,5059.0,2542.0,2532.0,2537.0,2542.0,2542.0,1772.0,760.0,1777.0,765.0
1.0,5054.0,2537.0,2533.0,2542.0,2540.0,2540.0,1773.0,760.0,1775.0,762.0
1.0,5059.0,2538.0,2533.0,2540.0,2538.0,2538.0,1773.0,760.0,1779.0,759.0
1.0,5061.0,2545.0,2535.0,2538.0,2551.0,2551.0,1774.0,761.0,1783.0,762.0
1.0,5054.0,2549.0,2535.0,2551.0,2549.0,2549.0,1774.0,761.0,1786.0,763.0
1.0,5056.0,2545.0,2536.0,2549.0,2548.0,2548.0,1775.0,761.0,1785.0,760.0
1.0,5060.0,2528.0,2536.0,2548.0,2528.0,2528.0,1775.0,761.0,1769.0,759.0
1.0,5080.0,2549.0,2536.0,2528.0,2549.0,2549.0,1775.0,761.0,1786.0,763.0
1.0,5059.0,2550.0,2537.0,2549.0,2553.0,2553.0,1776.0,761.0,1781.0,769.0
1.0,5058.0,2538.0,2538.0,2553.0,2541.0,2541.0,1776.0,762.0,1771.0,767.0
1.0,5073.0,2550.0,2538.0,2541.0,2550.0,2550.0,1776.0,762.0,1785.0,765.0
1.0,5064.0,2555.0,2539.0,2550.0,2558.0,2558.0,1777.0,762.0,1789.0,766.0
1.0,5059.0,2559.0,2539.0,2558.0,2559.0,2559.0,1777.0,762.0,1790.0,769.0
1.0,5058.0,2561.0,2539.0,2559.0,2561.0,2561.0,1777.0,762.0,1788.0,773.0
1.0,5056.0,2559.0,2540.0,2561.0,2562.0,2562.0,1778.0,762.0,1790.0,769.0
1.0,5058.0,2567.0,2541.0,2562.0,2570.0,2570.0,1778.0,763.0,1796.0,771.0
1.0,5053.0,2562.0,2541.0,2570.0,2562.0,2562.0,1778.0,763.0,1791.0,771.0
1.0,5061.0,2563.0,2541.0,2562.0,2563.0,2563.0,1778.0,763.0,1792.0,771.0
1.0,5060.0,2561.0,2542.0,2563.0,2564.0,2564.0,1779.0,763.0,1792.0,769.0
1.0,5062.0,2584.0,2542.0,2564.0,2584.0,2584.0,1779.0,763.0,1806.0,778.0
1.0,5042.0,2573.0,2544.0,2584.0,2579.0,2579.0,1780.0,764.0,1800.0,773.0
1.0,5053.0,2569.0,2544.0,2579.0,2569.0,2569.0,1780.0,764.0,1797.0,772.0
1.0,5063.0,2569.0,2545.0,2569.0,2572.0,2572.0,1781.0,764.0,1795.0,774.0
1.0,5063.0,2581.0,2545.0,2572.0,2581.0,2581.0,1781.0,764.0,1808.0,773.0
1.0,5054.0,2583.0,2546.0,2581.0,2586.0,2586.0,1782.0,764.0,1804.0,779.0
1.0,5052.0,2573.0,2547.0,2586.0,2576.0,2576.0,1782.0,765.0,1800.0,773.0
1.0,5065.0,2570.0,2548.0,2576.0,2573.0,2573.0,1783.0,765.0,1797.0,773.0
1.0,5071.0,2572.0,2548.0,2573.0,2572.0,2572.0,1783.0,765.0,1799.0,773.0
1.0,5072.0,2586.0,2549.0,2572.0,2589.0,2589.0,1784.0,765.0,1813.0,773.0
1.0,5058.0,2589.0,2550.0,2589.0,2592.0,2592.0,1785.0,765.0,1810.0,779.0
1.0,5058.0,2583.0,2551.0,2592.0,2586.0,2586.0,1786.0,765.0,1812.0,771.0
1.0,5067.0,2577.0,2552.0,2586.0,2580.0,2580.0,1786.0,766.0,1805.0,772.0
1.0,5076.0,2573.0,2553.0,2580.0,2576.0,2576.0,1787.0,766.0,1800.0,773.0
1.0,5083.0,2576.0,2553.0,2576.0,2576.0,2576.0,1787.0,766.0,1803.0,773.0
1.0,5083.0,2570.0,2553.0,2576.0,2570.0,2570.0,1787.0,766.0,1791.0,779.0
1.0,5089.0,2579.0,2554.0,2570.0,2582.0,2582.0,1788.0,766.0,1806.0,773.0
1.0,5080.0,2576.0,2555.0,2582.0,2579.0,2579.0,1788.0,767.0,1808.0,768.0
1.0,5086.0,2567.0,2556.0,2579.0,2570.0,2570.0,1789.0,767.0,1797.0,770.0
1.0,5098.0,2571.0,2556.0,2570.0,2571.0,2571.0,1789.0,767.0,1797.0,774.0
1.0,5097.0,2572.0,2557.0,2571.0,2575.0,2575.0,1790.0,767.0,1801.0,771.0
1.0,5096.0,2567.0,2558.0,2575.0,2570.0,2570.0,1790.0,768.0,1797.0,770.0
1.0,5104.0,2567.0,2559.0,2570.0,2570.0,2570.0,1791.0,768.0,1796.0,771.0
1.0,5107.0,2563.0,2559.0,2570.0,2563.0,2563.0,1791.0,768.0,1791.0,772.0
1.0,5114.0,2574.0,2560.0,2563.0,2577.0,2577.0,1792.0,768.0,1801.0,773.0
1.0,5103.0,2561.0,2560.0,2577.0,2561.0,2561.0,1792.0,768.0,1793.0,768.0
1.0,5119.0,2550.0,2561.0,2561.0,2553.0,2553.0,1792.0,769.0,1780.0,770.0
1.0,5130.0,2565.0,2561.0,2553.0,2565.0,2565.0,1792.0,769.0,1795.0,770.0
1.0,5118.0,2570.0,2562.0,2565.0,2573.0,2573.0,1793.0,769.0,1797.0,773.0
1.0,5113.0,2563.0,2562.0,2573.0,2563.0,2563.0,1793.0,769.0,1793.0,770.0
1.0,5123.0,2578.0,2563.0,2563.0,2581.0,2581.0,1793.0,770.0,1801.0,777.0
1.0,5108.0,2572.0,2564.0,2581.0,2575.0,2575.0,1794.0,770.0,1800.0,772.0
1.0,5117.0,2570.0,2564.0,2575.0,2570.0,2570.0,1794.0,770.0,1800.0,770.0
1.0,5122.0,2563.0,2565.0,2570.0,2566.0,2566.0,1795.0,770.0,1795.0,768.0
1.0,5129.0,2574.0,2565.0,2566.0,2574.0,2574.0,1795.0,770.0,1804.0,770.0
1.0,5121.0,2571.0,2566.0,2574.0,2574.0,2574.0,1795.0,771.0,1799.0,772.0
1.0,5124.0,2578.0,2567.0,2574.0,2581.0,2581.0,1796.0,771.0,1807.0,771.0
1.0,5120.0,2573.0,2567.0,2581.0,2573.0,2573.0,1796.0,771.0,1801.0,772.0
1.0,5128.0,2580.0,2568.0,2573.0,2583.0,2583.0,1797.0,771.0,1804.0,776.0
1.0,5121.0,2584.0,2569.0,2583.0,2587.0,2587.0,1797.0,772.0,1810.0,774.0
1.0,5120.0,2591.0,2570.0,2587.0,2594.0,2594.0,1798.0,772.0,1816.0,775.0
1.0,5116.0,2583.0,2570.0,2594.0,2583.0,2583.0,1798.0,772.0,1809.0,774.0
1.0,5127.0,2591.0,2571.0,2583.0,2594.0,2594.0,1799.0,772.0,1812.0,779.0
1.0,5119.0,2599.0,2572.0,2594.0,2602.0,2602.0,1800.0,772.0,1824.0,775.0
1.0,5114.0,2590.0,2574.0,2602.0,2596.0,2596.0,1801.0,773.0,1814.0,776.0
1.0,5126.0,2605.0,2574.0,2596.0,2605.0,2605.0,1801.0,773.0,1830.0,775.0
1.0,5117.0,2604.0,2575.0,2605.0,2607.0,2607.0,1802.0,773.0,1824.0,780.0
1.0,5118.0,2601.0,2576.0,2607.0,2604.0,2604.0,1803.0,773.0,1820.0,781.0
1.0,5124.0,2605.0,2576.0,2604.0,2605.0,2605.0,1803.0,773.0,1824.0,781.0
1.0,5123.0,2606.0,2577.0,2605.0,2609.0,2609.0,1804.0,773.0,1827.0,779.0
1.0,5122.0,2605.0,2578.0,2609.0,2608.0,2608.0,1804.0,774.0,1829.0,776.0
1.0,5126.0,2606.0,2579.0,2608.0,2609.0,2609.0,1805.0,774.0,1827.0,779.0
1.0,5128.0,2614.0,2580.0,2609.0,2617.0,2617.0,1806.0,774.0,1833.0,781.0
1.0,5123.0,2612.0,2580.0,2617.0,2612.0,2612.0,1806.0,774.0,1832.0,780.0
1.0,5128.0,2607.0,2581.0,2612.0,2610.0,2610.0,1807.0,774.0,1829.0,778.0
1.0,5133.0,2621.0,2582.0,2610.0,2624.0,2624.0,1808.0,774.0,1835.0,786.0
1.0,5122.0,2618.0,2582.0,2624.0,2618.0,2618.0,1808.0,774.0,1836.0,782.0
1.0,5128.0,2610.0,2583.0,2618.0,2613.0,2613.0,1809.0,774.0,1832.0,778.0
1.0,5136.0,2609.0,2584.0,2613.0,2612.0,2612.0,1809.0,775.0,1829.0,780.0
1.0,5140.0,2605.0,2585.0,2612.0,2608.0,2608.0,1810.0,775.0,1826.0,779.0
1.0,5147.0,2614.0,2586.0,2608.0,2617.0,2617.0,1811.0,775.0,1835.0,779.0
1.0,5141.0,2598.0,2586.0,2617.0,2598.0,2598.0,1811.0,775.0,1817.0,781.0
1.0,5160.0,2607.0,2586.0,2598.0,2607.0,2607.0,1811.0,775.0,1827.0,780.0
1.0,5151.0,2611.0,2586.0,2607.0,2611.0,2611.0,1811.0,775.0,1829.0,782.0
1.0,5147.0,2600.0,2587.0,2611.0,2603.0,2603.0,1812.0,775.0,1818.0,782.0
1.0,5158.0,2593.0,2588.0,2603.0,2596.0,2596.0,1812.0,776.0,1812.0,781.0
1.0,5168.0,2604.0,2588.0,2596.0,2604.0,2604.0,1812.0,776.0,1823.0,781.0
1.0,5160.0,2597.0,2589.0,2604.0,2600.0,2600.0,1813.0,776.0,1817.0,780.0
1.0,5167.0,2604.0,2589.0,2600.0,2604.0,2604.0,1813.0,776.0,1823.0,781.0
1.0,5163.0,2591.0,2589.0,2604.0,2591.0,2591.0,1813.0,776.0,1808.0,783.0
1.0,5176.0,2603.0,2589.0,2591.0,2603.0,2603.0,1813.0,776.0,1821.0,782.0
1.0,5164.0,2608.0,2590.0,2603.0,2611.0,2611.0,1814.0,776.0,1827.0,781.0
1.0,5159.0,2594.0,2591.0,2611.0,2597.0,2597.0,1814.0,777.0,1813.0,781.0
1.0,5176.0,2597.0,2592.0,2597.0,2600.0,2600.0,1815.0,777.0,1813.0,784.0
1.0,5176.0,2609.0,2592.0,2600.0,2609.0,2609.0,1815.0,777.0,1828.0,781.0
1.0,5167.0,2604.0,2593.0,2609.0,2607.0,2607.0,1816.0,777.0,1821.0,783.0
1.0,5172.0,2603.0,2594.0,2607.0,2606.0,2606.0,1816.0,778.0,1822.0,781.0
1.0,5176.0,2607.0,2595.0,2606.0,2610.0,2610.0,1817.0,778.0,1824.0,783.0
1.0,5175.0,2608.0,2596.0,2610.0,2611.0,2611.0,1818.0,778.0,1822.0,786.0
1.0,5177.0,2605.0,2596.0,2611.0,2605.0,2605.0,1818.0,778.0,1822.0,783.0
1.0,5183.0,2615.0,2598.0,2605.0,2621.0,2621.0,1819.0,779.0,1829.0,786.0
1.0,5173.0,2608.0,2598.0,2621.0,2608.0,2608.0,1819.0,779.0,1825.0,783.0
1.0,5186.0,2605.0,2599.0,2608.0,2608.0,2608.0,1820.0,779.0,1827.0,778.0
1.0,5189.0,2615.0,2599.0,2608.0,2615.0,2615.0,1820.0,779.0,1826.0,789.0
1.0,5182.0,2599.0,2600.0,2615.0,2602.0,2602.0,1821.0,779.0,1818.0,781.0
1.0,5198.0,2619.0,2601.0,2602.0,2622.0,2622.0,1821.0,780.0,1835.0,784.0
1.0,5181.0,2621.0,2602.0,2622.0,2624.0,2624.0,1822.0,780.0,1837.0,784.0
1.0,5182.0,2614.0,2603.0,2624.0,2617.0,2617.0,1823.0,780.0,1826.0,788.0
1.0,5192.0,2629.0,2604.0,2617.0,2632.0,2632.0,1823.0,781.0,1844.0,785.0
1.0,5180.0,2623.0,2605.0,2632.0,2626.0,2626.0,1824.0,781.0,1840.0,783.0
1.0,5189.0,2620.0,2606.0,2626.0,2623.0,2623.0,1825.0,781.0,1834.0,786.0
1.0,5195.0,2622.0,2606.0,2623.0,2622.0,2622.0,1825.0,781.0,1837.0,785.0
1.0,5196.0,2628.0,2607.0,2622.0,2631.0,2631.0,1826.0,781.0,1838.0,790.0
1.0,5190.0,2628.0,2608.0,2631.0,2631.0,2631.0,1826.0,782.0,1841.0,787.0
1.0,5193.0,2616.0,2609.0,2631.0,2619.0,2619.0,1827.0,782.0,1833.0,783.0
1.0,5208.0,2628.0,2609.0,2619.0,2628.0,2628.0,1827.0,782.0,1838.0,790.0
1.0,5199.0,2631.0,2609.0,2628.0,2631.0,2631.0,1827.0,782.0,1843.0,788.0
1.0,5196.0,2617.0,2610.0,2631.0,2620.0,2620.0,1827.0,783.0,1828.0,789.0
1.0,5210.0,2629.0,2611.0,2620.0,2632.0,2632.0,1828.0,783.0,1840.0,789.0
1.0,5201.0,2634.0,2611.0,2632.0,2634.0,2634.0,1828.0,783.0,1844.0,790.0
1.0,5199.0,2627.0,2611.0,2634.0,2627.0,2627.0,1828.0,783.0,1837.0,790.0
1.0,5206.0,2631.0,2612.0,2627.0,2634.0,2634.0,1829.0,783.0,1841.0,790.0
1.0,5202.0,2639.0,2613.0,2634.0,2642.0,2642.0,1829.0,784.0,1849.0,790.0
1.0,5197.0,2631.0,2613.0,2642.0,2631.0,2631.0,1829.0,784.0,1840.0,791.0
1.0,5208.0,2625.0,2613.0,2631.0,2625.0,2625.0,1829.0,784.0,1836.0,789.0
1.0,5214.0,2633.0,2613.0,2625.0,2633.0,2633.0,1829.0,784.0,1838.0,795.0
1.0,5206.0,2638.0,2615.0,2633.0,2644.0,2644.0,1830.0,785.0,1845.0,793.0
1.0,5201.0,2647.0,2615.0,2644.0,2647.0,2647.0,1830.0,785.0,1855.0,792.0
1.0,5198.0,2644.0,2616.0,2647.0,2647.0,2647.0,1831.0,785.0,1854.0,790.0
1.0,5201.0,2633.0,2616.0,2647.0,2633.0,2633.0,1831.0,785.0,1841.0,792.0
1.0,5215.0,2641.0,2616.0,2633.0,2641.0,2641.0,1831.0,785.0,1848.0,793.0
1.0,5207.0,2636.0,2617.0,2641.0,2639.0,2639.0,1831.0,786.0,1848.0,788.0
1.0,5212.0,2649.0,2618.0,2639.0,2652.0,2652.0,1832.0,786.0,1855.0,794.0
1.0,5202.0,2634.0,2618.0,2652.0,2634.0,2634.0,1832.0,786.0,1847.0,787.0
1.0,5220.0,2646.0,2619.0,2634.0,2649.0,2649.0,1833.0,786.0,1855.0,791.0
1.0,5208.0,2639.0,2619.0,2649.0,2639.0,2639.0,1833.0,786.0,1845.0,794.0
1.0,5218.0,2635.0,2620.0,2639.0,2638.0,2638.0,1834.0,786.0,1847.0,788.0
1.0,5222.0,2638.0,2622.0,2638.0,2644.0,2644.0,1835.0,787.0,1847.0,791.0
1.0,5222.0,2643.0,2622.0,2644.0,2643.0,2643.0,1835.0,787.0,1855.0,788.0
1.0,5223.0,2640.0,2623.0,2643.0,2643.0,2643.0,1836.0,787.0,1851.0,789.0
1.0,5226.0,2639.0,2623.0,2643.0,2639.0,2639.0,1836.0,787.0,1850.0,789.0
1.0,5230.0,2641.0,2624.0,2639.0,2644.0,2644.0,1837.0,787.0,1849.0,792.0
1.0,5228.0,2640.0,2625.0,2644.0,2643.0,2643.0,1838.0,787.0,1852.0,788.0
1.0,5232.0,2632.0,2625.0,2643.0,2632.0,2632.0,1838.0,787.0,1849.0,783.0
1.0,5243.0,2637.0,2627.0,2632.0,2643.0,2643.0,1839.0,788.0,1845.0,792.0
1.0,5238.0,2644.0,2628.0,2643.0,2647.0,2647.0,1840.0,788.0,1855.0,789.0
1.0,5237.0,2637.0,2628.0,2647.0,2637.0,2637.0,1840.0,788.0,1845.0,792.0
1.0,5247.0,2634.0,2628.0,2637.0,2634.0,2634.0,1840.0,788.0,1841.0,793.0
1.0,5250.0,2639.0,2629.0,2634.0,2642.0,2642.0,1841.0,788.0,1848.0,791.0
1.0,5245.0,2644.0,2629.0,2642.0,2644.0,2644.0,1841.0,788.0,1854.0,790.0
1.0,5243.0,2632.0,2631.0,2644.0,2638.0,2638.0,1842.0,789.0,1843.0,789.0
1.0,5255.0,2639.0,2631.0,2638.0,2639.0,2639.0,1842.0,789.0,1849.0,790.0
1.0,5254.0,2632.0,2632.0,2639.0,2635.0,2635.0,1843.0,789.0,1845.0,787.0
1.0,5261.0,2645.0,2632.0,2635.0,2645.0,2645.0,1843.0,789.0,1854.0,791.0
1.0,5251.0,2629.0,2632.0,2645.0,2629.0,2629.0,1843.0,789.0,1835.0,794.0
1.0,5267.0,2632.0,2633.0,2629.0,2635.0,2635.0,1844.0,789.0,1841.0,791.0
1.0,5264.0,2648.0,2634.0,2635.0,2651.0,2651.0,1844.0,790.0,1850.0,798.0
1.0,5251.0,2639.0,2634.0,2651.0,2639.0,2639.0,1844.0,790.0,1845.0,794.0
1.0,5263.0,2643.0,2635.0,2639.0,2646.0,2646.0,1845.0,790.0,1849.0,794.0
1.0,5259.0,2648.0,2635.0,2646.0,2648.0,2648.0,1845.0,790.0,1849.0,799.0
1.0,5257.0,2645.0,2635.0,2648.0,2645.0,2645.0,1845.0,790.0,1849.0,796.0
1.0,5260.0,2645.0,2636.0,2645.0,2648.0,2648.0,1845.0,791.0,1850.0,795.0
1.0,5260.0,2648.0,2637.0,2648.0,2651.0,2651.0,1846.0,791.0,1853.0,795.0
1.0,5260.0,2656.0,2637.0,2651.0,2656.0,2656.0,1846.0,791.0,1858.0,798.0
1.0,5255.0,2655.0,2637.0,2656.0,2655.0,2655.0,1846.0,791.0,1855.0,800.0
1.0,5256.0,2660.0,2638.0,2655.0,2663.0,2663.0,1847.0,791.0,1861.0,799.0
1.0,5251.0,2662.0,2639.0,2663.0,2665.0,2665.0,1847.0,792.0,1863.0,799.0
1.0,5252.0,2660.0,2640.0,2665.0,2663.0,2663.0,1848.0,792.0,1862.0,798.0
1.0,5257.0,2664.0,2640.0,2663.0,2664.0,2664.0,1848.0,792.0,1859.0,805.0
1.0,5256.0,2675.0,2641.0,2664.0,2678.0,2678.0,1849.0,792.0,1873.0,802.0
1.0,5245.0,2666.0,2642.0,2678.0,2669.0,2669.0,1849.0,793.0,1863.0,803.0
1.0,5257.0,2677.0,2643.0,2669.0,2680.0,2680.0,1850.0,793.0,1874.0,803.0
1.0,5249.0,2689.0,2644.0,2680.0,2692.0,2692.0,1851.0,793.0,1884.0,805.0
1.0,5240.0,2678.0,2646.0,2692.0,2684.0,2684.0,1852.0,794.0,1875.0,803.0
1.0,5254.0,2683.0,2646.0,2684.0,2683.0,2683.0,1852.0,794.0,1880.0,803.0
1.0,5255.0,2693.0,2647.0,2683.0,2696.0,2696.0,1853.0,794.0,1889.0,804.0
1.0,5245.0,2684.0,2648.0,2696.0,2687.0,2687.0,1854.0,794.0,1875.0,809.0
1.0,5257.0,2684.0,2650.0,2687.0,2690.0,2690.0,1855.0,795.0,1882.0,802.0
1.0,5260.0,2692.0,2651.0,2690.0,2695.0,2695.0,1856.0,795.0,1886.0,806.0
1.0,5258.0,2687.0,2651.0,2695.0,2687.0,2687.0,1856.0,795.0,1885.0,802.0
1.0,5266.0,2691.0,2652.0,2687.0,2694.0,2694.0,1857.0,795.0,1880.0,811.0
1.0,5262.0,2676.0,2653.0,2694.0,2679.0,2679.0,1857.0,796.0,1872.0,804.0
1.0,5280.0,2682.0,2654.0,2679.0,2685.0,2685.0,1858.0,796.0,1876.0,806.0
1.0,5277.0,2693.0,2654.0,2685.0,2693.0,2693.0,1858.0,796.0,1883.0,810.0
1.0,5269.0,2680.0,2655.0,2693.0,2683.0,2683.0,1859.0,796.0,1878.0,802.0
1.0,5282.0,2680.0,2656.0,2683.0,2683.0,2683.0,1859.0,797.0,1877.0,803.0
1.0,5285.0,2679.0,2657.0,2683.0,2682.0,2682.0,1860.0,797.0,1877.0,802.0
1.0,5289.0,2684.0,2657.0,2682.0,2684.0,2684.0,1860.0,797.0,1874.0,810.0
1.0,5287.0,2685.0,2658.0,2684.0,2688.0,2688.0,1861.0,797.0,1885.0,800.0
1.0,5286.0,2670.0,2660.0,2688.0,2676.0,2676.0,1862.0,798.0,1872.0,798.0
1.0,5304.0,2670.0,2660.0,2676.0,2670.0,2670.0,1862.0,798.0,1867.0,803.0
1.0,5310.0,2668.0,2660.0,2670.0,2668.0,2668.0,1862.0,798.0,1868.0,800.0
1.0,5312.0,2673.0,2661.0,2668.0,2676.0,2676.0,1863.0,798.0,1869.0,804.0
1.0,5307.0,2668.0,2662.0,2676.0,2671.0,2671.0,1863.0,799.0,1869.0,799.0
1.0,5315.0,2670.0,2662.0,2671.0,2670.0,2670.0,1863.0,799.0,1870.0,800.0
1.0,5316.0,2668.0,2663.0,2670.0,2671.0,2671.0,1864.0,799.0,1868.0,800.0
1.0,5318.0,2656.0,2663.0,2671.0,2656.0,2656.0,1864.0,799.0,1853.0,803.0
1.0,5333.0,2669.0,2664.0,2656.0,2672.0,2672.0,1864.0,800.0,1867.0,802.0
1.0,5320.0,2670.0,2664.0,2672.0,2670.0,2670.0,1864.0,800.0,1869.0,801.0
1.0,5322.0,2672.0,2665.0,2670.0,2675.0,2675.0,1865.0,800.0,1872.0,800.0
1.0,5320.0,2664.0,2665.0,2675.0,2664.0,2664.0,1865.0,800.0,1865.0,799.0
1.0,5331.0,2662.0,2666.0,2664.0,2665.0,2665.0,1866.0,800.0,1861.0,801.0
1.0,5333.0,2665.0,2666.0,2665.0,2665.0,2665.0,1866.0,800.0,1865.0,800.0
1.0,5333.0,2671.0,2667.0,2665.0,2674.0,2674.0,1866.0,801.0,1872.0,799.0
1.0,5327.0,2665.0,2668.0,2674.0,2668.0,2668.0,1867.0,801.0,1865.0,800.0
1.0,5336.0,2670.0,2668.0,2668.0,2670.0,2670.0,1867.0,801.0,1869.0,801.0
1.0,5334.0,2656.0,2669.0,2670.0,2659.0,2659.0,1868.0,801.0,1858.0,798.0
1.0,5348.0,2670.0,2669.0,2659.0,2670.0,2670.0,1868.0,801.0,1868.0,802.0
1.0,5337.0,2668.0,2669.0,2670.0,2668.0,2668.0,1868.0,801.0,1870.0,798.0
1.0,5339.0,2677.0,2670.0,2668.0,2680.0,2680.0,1869.0,801.0,1876.0,801.0
1.0,5330.0,2679.0,2672.0,2680.0,2685.0,2685.0,1870.0,802.0,1877.0,802.0
1.0,5331.0,2686.0,2672.0,2685.0,2686.0,2686.0,1870.0,802.0,1883.0,803.0
1.0,5330.0,2684.0,2673.0,2686.0,2687.0,2687.0,1871.0,802.0,1883.0,801.0
1.0,5332.0,2689.0,2674.0,2687.0,2692.0,2692.0,1872.0,802.0,1886.0,803.0
1.0,5330.0,2696.0,2674.0,2692.0,2696.0,2696.0,1872.0,802.0,1886.0,810.0
1.0,5326.0,2691.0,2675.0,2696.0,2694.0,2694.0,1873.0,802.0,1884.0,807.0
1.0,5331.0,2697.0,2675.0,2694.0,2697.0,2697.0,1873.0,802.0,1894.0,803.0
1.0,5328.0,2698.0,2677.0,2697.0,2704.0,2704.0,1874.0,803.0,1890.0,808.0
1.0,5327.0,2694.0,2677.0,2704.0,2694.0,2694.0,1874.0,803.0,1884.0,810.0
1.0,5337.0,2700.0,2678.0,2694.0,2703.0,2703.0,1875.0,803.0,1889.0,811.0
1.0,5331.0,2709.0,2679.0,2703.0,2712.0,2712.0,1876.0,803.0,1895.0,814.0
1.0,5325.0,2707.0,2679.0,2712.0,2707.0,2707.0,1876.0,803.0,1897.0,810.0
1.0,5330.0,2696.0,2680.0,2707.0,2699.0,2699.0,1876.0,804.0,1885.0,811.0
1.0,5341.0,2702.0,2681.0,2699.0,2705.0,2705.0,1877.0,804.0,1892.0,810.0
1.0,5338.0,2709.0,2681.0,2705.0,2709.0,2709.0,1877.0,804.0,1898.0,811.0
1.0,5334.0,2703.0,2681.0,2709.0,2703.0,2703.0,1877.0,804.0,1890.0,813.0
1.0,5340.0,2710.0,2682.0,2703.0,2713.0,2713.0,1878.0,804.0,1892.0,818.0
1.0,5333.0,2704.0,2682.0,2713.0,2704.0,2704.0,1878.0,804.0,1891.0,813.0
1.0,5342.0,2719.0,2683.0,2704.0,2722.0,2722.0,1878.0,805.0,1901.0,818.0
1.0,5327.0,2706.0,2683.0,2722.0,2706.0,2706.0,1878.0,805.0,1890.0,816.0
1.0,5343.0,2709.0,2683.0,2706.0,2709.0,2709.0,1878.0,805.0,1890.0,819.0
1.0,5340.0,2704.0,2683.0,2709.0,2704.0,2704.0,1878.0,805.0,1889.0,815.0
1.0,5345.0,2719.0,2684.0,2704.0,2722.0,2722.0,1879.0,805.0,1907.0,812.0
1.0,5330.0,2714.0,2685.0,2722.0,2717.0,2717.0,1879.0,806.0,1897.0,817.0
1.0,5338.0,2715.0,2686.0,2717.0,2718.0,2718.0,1880.0,806.0,1898.0,817.0
1.0,5340.0,2708.0,2686.0,2718.0,2708.0,2708.0,1880.0,806.0,1896.0,812.0
1.0,5350.0,2727.0,2687.0,2708.0,2730.0,2730.0,1881.0,806.0,1906.0,821.0
1.0,5331.0,2713.0,2688.0,2730.0,2716.0,2716.0,1881.0,807.0,1899.0,814.0
1.0,5348.0,2718.0,2689.0,2716.0,2721.0,2721.0,1882.0,807.0,1903.0,815.0
1.0,5346.0,2711.0,2689.0,2721.0,2711.0,2711.0,1882.0,807.0,1895.0,816.0
1.0,5356.0,2706.0,2689.0,2711.0,2706.0,2706.0,1882.0,807.0,1890.0,816.0
1.0,5361.0,2710.0,2691.0,2706.0,2716.0,2716.0,1883.0,808.0,1894.0,816.0
1.0,5357.0,2717.0,2691.0,2716.0,2717.0,2717.0,1883.0,808.0,1900.0,817.0
1.0,5356.0,2719.0,2692.0,2717.0,2722.0,2722.0,1884.0,808.0,1902.0,817.0
1.0,5354.0,2710.0,2692.0,2722.0,2710.0,2710.0,1884.0,808.0,1896.0,814.0
1.0,5366.0,2721.0,2694.0,2710.0,2727.0,2727.0,1885.0,809.0,1904.0,817.0
1.0,5355.0,2715.0,2695.0,2727.0,2718.0,2718.0,1886.0,809.0,1902.0,813.0
1.0,5367.0,2724.0,2695.0,2718.0,2724.0,2724.0,1886.0,809.0,1908.0,816.0
1.0,5361.0,2715.0,2697.0,2724.0,2721.0,2721.0,1887.0,810.0,1898.0,817.0
1.0,5370.0,2701.0,2698.0,2721.0,2704.0,2704.0,1888.0,810.0,1891.0,810.0
1.0,5390.0,2713.0,2698.0,2704.0,2713.0,2713.0,1888.0,810.0,1901.0,812.0
1.0,5381.0,2712.0,2699.0,2713.0,2715.0,2715.0,1889.0,810.0,1895.0,817.0
1.0,5382.0,2711.0,2699.0,2715.0,2711.0,2711.0,1889.0,810.0,1901.0,810.0
1.0,5386.0,2701.0,2700.0,2711.0,2704.0,2704.0,1890.0,810.0,1896.0,805.0
1.0,5396.0,2708.0,2702.0,2704.0,2714.0,2714.0,1891.0,811.0,1899.0,809.0
1.0,5392.0,2714.0,2702.0,2714.0,2714.0,2714.0,1891.0,811.0,1903.0,811.0
1.0,5392.0,2717.0,2703.0,2714.0,2720.0,2720.0,1892.0,811.0,1902.0,815.0
1.0,5389.0,2710.0,2704.0,2720.0,2713.0,2713.0,1893.0,811.0,1899.0,811.0
1.0,5399.0,2712.0,2706.0,2713.0,2718.0,2718.0,1894.0,812.0,1901.0,811.0
1.0,5400.0,2711.0,2706.0,2718.0,2711.0,2711.0,1894.0,812.0,1898.0,813.0
1.0,5407.0,2702.0,2706.0,2711.0,2702.0,2702.0,1894.0,812.0,1888.0,814.0
1.0,5416.0,2706.0,2707.0,2702.0,2709.0,2709.0,1895.0,812.0,1893.0,813.0
1.0,5412.0,2713.0,2708.0,2709.0,2716.0,2716.0,1895.0,813.0,1901.0,812.0
1.0,5408.0,2712.0,2709.0,2716.0,2715.0,2715.0,1896.0,813.0,1901.0,811.0
1.0,5412.0,2704.0,2709.0,2715.0,2704.0,2704.0,1896.0,813.0,1890.0,814.0
1.0,5423.0,2729.0,2709.0,2704.0,2729.0,2729.0,1896.0,813.0,1909.0,820.0
1.0,5398.0,2715.0,2709.0,2729.0,2715.0,2715.0,1896.0,813.0,1900.0,815.0
1.0,5412.0,2718.0,2711.0,2715.0,2724.0,2724.0,1897.0,814.0,1905.0,813.0
1.0,5409.0,2716.0,2711.0,2724.0,2716.0,2716.0,1897.0,814.0,1901.0,815.0
1.0,5417.0,2722.0,2711.0,2716.0,2722.0,2722.0,1897.0,814.0,1909.0,813.0
1.0,5411.0,2717.0,2712.0,2722.0,2720.0,2720.0,1898.0,814.0,1901.0,816.0
1.0,5416.0,2735.0,2712.0,2720.0,2735.0,2735.0,1898.0,814.0,1918.0,817.0
1.0,5401.0,2726.0,2712.0,2735.0,2726.0,2726.0,1898.0,814.0,1906.0,820.0
1.0,5410.0,2735.0,2713.0,2726.0,2738.0,2738.0,1899.0,814.0,1919.0,816.0
1.0,5401.0,2730.0,2713.0,2738.0,2730.0,2730.0,1899.0,814.0,1911.0,819.0
1.0,5409.0,2736.0,2715.0,2730.0,2742.0,2742.0,1900.0,815.0,1916.0,820.0
1.0,5403.0,2747.0,2715.0,2742.0,2747.0,2747.0,1900.0,815.0,1923.0,824.0
1.0,5398.0,2742.0,2716.0,2747.0,2745.0,2745.0,1901.0,815.0,1923.0,819.0
1.0,5403.0,2738.0,2716.0,2745.0,2738.0,2738.0,1901.0,815.0,1920.0,818.0
1.0,5410.0,2744.0,2717.0,2738.0,2747.0,2747.0,1902.0,815.0,1921.0,823.0
1.0,5404.0,2752.0,2718.0,2747.0,2755.0,2755.0,1903.0,815.0,1926.0,826.0
1.0,5399.0,2751.0,2718.0,2755.0,2751.0,2751.0,1903.0,815.0,1930.0,821.0
1.0,5403.0,2744.0,2720.0,2751.0,2750.0,2750.0,1904.0,816.0,1921.0,823.0
1.0,5410.0,2751.0,2721.0,2750.0,2754.0,2754.0,1905.0,816.0,1928.0,823.0
1.0,5409.0,2743.0,2721.0,2754.0,2743.0,2743.0,1905.0,816.0,1921.0,822.0
1.0,5420.0,2756.0,2722.0,2743.0,2759.0,2759.0,1906.0,816.0,1931.0,825.0
1.0,5407.0,2754.0,2722.0,2759.0,2754.0,2754.0,1906.0,816.0,1928.0,826.0
1.0,5412.0,2744.0,2723.0,2754.0,2747.0,2747.0,1907.0,816.0,1923.0,821.0
1.0,5422.0,2747.0,2723.0,2747.0,2747.0,2747.0,1907.0,816.0,1922.0,825.0
1.0,5422.0,2756.0,2725.0,2747.0,2762.0,2762.0,1908.0,817.0,1934.0,822.0
1.0,5413.0,2748.0,2725.0,2762.0,2748.0,2748.0,1908.0,817.0,1926.0,822.0
1.0,5427.0,2753.0,2726.0,2748.0,2756.0,2756.0,1909.0,817.0,1927.0,826.0
1.0,5422.0,2746.0,2726.0,2756.0,2746.0,2746.0,1909.0,817.0,1917.0,829.0
1.0,5432.0,2749.0,2727.0,2746.0,2752.0,2752.0,1910.0,817.0,1926.0,823.0
1.0,5429.0,2750.0,2728.0,2752.0,2753.0,2753.0,1910.0,818.0,1923.0,827.0
1.0,5431.0,2752.0,2729.0,2753.0,2755.0,2755.0,1911.0,818.0,1927.0,825.0
1.0,5432.0,2739.0,2729.0,2755.0,2739.0,2739.0,1911.0,818.0,1919.0,820.0
1.0,5448.0,2749.0,2730.0,2739.0,2752.0,2752.0,1912.0,818.0,1924.0,825.0
1.0,5438.0,2742.0,2730.0,2752.0,2742.0,2742.0,1912.0,818.0,1916.0,826.0
1.0,5448.0,2734.0,2730.0,2742.0,2734.0,2734.0,1912.0,818.0,1912.0,822.0
1.0,5456.0,2744.0,2730.0,2734.0,2744.0,2744.0,1912.0,818.0,1921.0,823.0
1.0,5446.0,2741.0,2732.0,2744.0,2747.0,2747.0,1913.0,819.0,1917.0,824.0
1.0,5449.0,2739.0,2732.0,2747.0,2739.0,2739.0,1913.0,819.0,1913.0,826.0
1.0,5457.0,2745.0,2732.0,2739.0,2745.0,2745.0,1913.0,819.0,1914.0,831.0
1.0,5451.0,2731.0,2734.0,2745.0,2737.0,2737.0,1914.0,820.0,1907.0,824.0
1.0,5465.0,2734.0,2734.0,2737.0,2734.0,2734.0,1914.0,820.0,1908.0,826.0
1.0,5468.0,2742.0,2734.0,2734.0,2742.0,2742.0,1914.0,820.0,1915.0,827.0
1.0,5460.0,2742.0,2734.0,2742.0,2742.0,2742.0,1914.0,820.0,1918.0,824.0
1.0,5460.0,2727.0,2735.0,2742.0,2730.0,2730.0,1914.0,821.0,1903.0,824.0
1.0,5475.0,2728.0,2736.0,2730.0,2731.0,2731.0,1915.0,821.0,1906.0,822.0
1.0,5477.0,2733.0,2736.0,2731.0,2733.0,2733.0,1915.0,821.0,1906.0,827.0
1.0,5475.0,2734.0,2736.0,2733.0,2734.0,2734.0,1915.0,821.0,1910.0,824.0
1.0,5474.0,2744.0,2738.0,2734.0,2750.0,2750.0,1916.0,822.0,1921.0,823.0
1.0,5464.0,2746.0,2738.0,2750.0,2746.0,2746.0,1916.0,822.0,1919.0,827.0
1.0,5468.0,2744.0,2738.0,2746.0,2744.0,2744.0,1916.0,822.0,1917.0,827.0
1.0,5470.0,2753.0,2739.0,2744.0,2756.0,2756.0,1917.0,822.0,1928.0,825.0
1.0,5461.0,2757.0,2741.0,2756.0,2763.0,2763.0,1918.0,823.0,1928.0,829.0
1.0,5460.0,2758.0,2741.0,2763.0,2758.0,2758.0,1918.0,823.0,1933.0,825.0
1.0,5465.0,2762.0,2742.0,2758.0,2765.0,2765.0,1919.0,823.0,1937.0,825.0
1.0,5461.0,2760.0,2742.0,2765.0,2760.0,2760.0,1919.0,823.0,1931.0,829.0
1.0,5466.0,2766.0,2744.0,2760.0,2772.0,2772.0,1920.0,824.0,1935.0,831.0
1.0,5460.0,2759.0,2744.0,2772.0,2759.0,2759.0,1920.0,824.0,1933.0,826.0
1.0,5473.0,2776.0,2745.0,2759.0,2779.0,2779.0,1921.0,824.0,1945.0,831.0
1.0,5456.0,2766.0,2746.0,2779.0,2769.0,2769.0,1922.0,824.0,1938.0,828.0
1.0,5469.0,2768.0,2746.0,2769.0,2768.0,2768.0,1922.0,824.0,1941.0,827.0
1.0,5470.0,2774.0,2748.0,2768.0,2780.0,2780.0,1923.0,825.0,1943.0,831.0
1.0,5464.0,2777.0,2748.0,2780.0,2777.0,2777.0,1923.0,825.0,1947.0,830.0
1.0,5467.0,2788.0,2749.0,2777.0,2791.0,2791.0,1924.0,825.0,1951.0,837.0
1.0,5456.0,2780.0,2750.0,2791.0,2783.0,2783.0,1925.0,825.0,1949.0,831.0
1.0,5467.0,2781.0,2751.0,2783.0,2784.0,2784.0,1925.0,826.0,1948.0,833.0
1.0,5469.0,2775.0,2752.0,2784.0,2778.0,2778.0,1926.0,826.0,1944.0,831.0
1.0,5478.0,2779.0,2752.0,2778.0,2779.0,2779.0,1926.0,826.0,1946.0,833.0
1.0,5477.0,2776.0,2752.0,2779.0,2776.0,2776.0,1926.0,826.0,1945.0,831.0
1.0,5480.0,2790.0,2753.0,2776.0,2793.0,2793.0,1927.0,826.0,1959.0,831.0
1.0,5466.0,2782.0,2754.0,2793.0,2785.0,2785.0,1927.0,827.0,1947.0,835.0
1.0,5477.0,2776.0,2755.0,2785.0,2779.0,2779.0,1928.0,827.0,1943.0,833.0
1.0,5486.0,2784.0,2755.0,2779.0,2784.0,2784.0,1928.0,827.0,1954.0,830.0
1.0,5481.0,2780.0,2756.0,2784.0,2783.0,2783.0,1929.0,827.0,1944.0,836.0
1.0,5485.0,2765.0,2756.0,2783.0,2765.0,2765.0,1929.0,827.0,1933.0,832.0
1.0,5503.0,2778.0,2757.0,2765.0,2781.0,2781.0,1929.0,828.0,1945.0,833.0
1.0,5490.0,2773.0,2758.0,2781.0,2776.0,2776.0,1930.0,828.0,1942.0,831.0
1.0,5498.0,2788.0,2758.0,2776.0,2788.0,2788.0,1930.0,828.0,1951.0,837.0
1.0,5486.0,2786.0,2758.0,2788.0,2786.0,2786.0,1930.0,828.0,1949.0,837.0
1.0,5488.0,2773.0,2759.0,2786.0,2776.0,2776.0,1931.0,828.0,1945.0,828.0
1.0,5501.0,2784.0,2759.0,2776.0,2784.0,2784.0,1931.0,828.0,1950.0,834.0
1.0,5493.0,2771.0,2761.0,2784.0,2777.0,2777.0,1932.0,829.0,1939.0,832.0
1.0,5506.0,2773.0,2761.0,2777.0,2773.0,2773.0,1932.0,829.0,1940.0,833.0
1.0,5510.0,2770.0,2761.0,2773.0,2770.0,2770.0,1932.0,829.0,1940.0,830.0
1.0,5513.0,2770.0,2762.0,2770.0,2773.0,2773.0,1933.0,829.0,1941.0,829.0
1.0,5513.0,2776.0,2762.0,2773.0,2776.0,2776.0,1933.0,829.0,1945.0,831.0
1.0,5510.0,2773.0,2762.0,2776.0,2773.0,2773.0,1933.0,829.0,1940.0,833.0
1.0,5513.0,2780.0,2763.0,2773.0,2783.0,2783.0,1934.0,829.0,1945.0,835.0
1.0,5506.0,2776.0,2764.0,2783.0,2779.0,2779.0,1934.0,830.0,1944.0,832.0
1.0,5513.0,2776.0,2765.0,2779.0,2779.0,2779.0,1935.0,830.0,1943.0,833.0
1.0,5516.0,2779.0,2766.0,2779.0,2782.0,2782.0,1936.0,830.0,1946.0,833.0
1.0,5516.0,2778.0,2766.0,2782.0,2778.0,2778.0,1936.0,830.0,1945.0,833.0
1.0,5520.0,2780.0,2767.0,2778.0,2783.0,2783.0,1937.0,830.0,1945.0,835.0
1.0,5518.0,2774.0,2768.0,2783.0,2777.0,2777.0,1938.0,830.0,1944.0,830.0
1.0,5527.0,2785.0,2768.0,2777.0,2785.0,2785.0,1938.0,830.0,1954.0,831.0
1.0,5519.0,2784.0,2769.0,2785.0,2787.0,2787.0,1939.0,830.0,1952.0,832.0
1.0,5520.0,2781.0,2771.0,2787.0,2787.0,2787.0,1940.0,831.0,1949.0,832.0
1.0,5526.0,2778.0,2772.0,2787.0,2781.0,2781.0,1941.0,831.0,1949.0,829.0
1.0,5535.0,2775.0,2772.0,2781.0,2775.0,2775.0,1941.0,831.0,1942.0,833.0
1.0,5541.0,2790.0,2773.0,2775.0,2793.0,2793.0,1942.0,831.0,1952.0,838.0
1.0,5526.0,2779.0,2774.0,2793.0,2782.0,2782.0,1943.0,831.0,1944.0,835.0
1.0,5540.0,2786.0,2775.0,2782.0,2789.0,2789.0,1943.0,832.0,1951.0,835.0
1.0,5536.0,2786.0,2776.0,2789.0,2789.0,2789.0,1944.0,832.0,1948.0,838.0
1.0,5539.0,2792.0,2776.0,2789.0,2792.0,2792.0,1944.0,832.0,1951.0,841.0
1.0,5536.0,2784.0,2777.0,2792.0,2787.0,2787.0,1945.0,832.0,1949.0,835.0
1.0,5544.0,2788.0,2777.0,2787.0,2788.0,2788.0,1945.0,832.0,1951.0,837.0
1.0,5543.0,2796.0,2778.0,2788.0,2799.0,2799.0,1945.0,833.0,1956.0,840.0
1.0,5535.0,2792.0,2779.0,2799.0,2795.0,2795.0,1946.0,833.0,1953.0,839.0
1.0,5542.0,2799.0,2779.0,2795.0,2799.0,2799.0,1946.0,833.0,1956.0,843.0
1.0,5538.0,2795.0,2780.0,2799.0,2798.0,2798.0,1947.0,833.0,1956.0,839.0
1.0,5542.0,2799.0,2781.0,2798.0,2802.0,2802.0,1947.0,834.0,1956.0,843.0
1.0,5541.0,2802.0,2781.0,2802.0,2802.0,2802.0,1947.0,834.0,1958.0,844.0
1.0,5541.0,2798.0,2782.0,2802.0,2801.0,2801.0,1948.0,834.0,1954.0,844.0
1.0,5545.0,2806.0,2783.0,2801.0,2809.0,2809.0,1948.0,835.0,1960.0,846.0
1.0,5540.0,2810.0,2783.0,2809.0,2810.0,2810.0,1948.0,835.0,1965.0,845.0
1.0,5539.0,2804.0,2783.0,2810.0,2804.0,2804.0,1948.0,835.0,1959.0,845.0
1.0,5545.0,2811.0,2784.0,2804.0,2814.0,2814.0,1949.0,835.0,1967.0,844.0
1.0,5538.0,2807.0,2784.0,2814.0,2807.0,2807.0,1949.0,835.0,1961.0,846.0
1.0,5545.0,2813.0,2785.0,2807.0,2816.0,2816.0,1949.0,836.0,1967.0,846.0
1.0,5539.0,2799.0,2786.0,2816.0,2802.0,2802.0,1950.0,836.0,1954.0,845.0
1.0,5556.0,2824.0,2786.0,2802.0,2824.0,2824.0,1950.0,836.0,1972.0,852.0
1.0,5534.0,2816.0,2787.0,2824.0,2819.0,2819.0,1950.0,837.0,1971.0,845.0
1.0,5542.0,2813.0,2788.0,2819.0,2816.0,2816.0,1951.0,837.0,1965.0,848.0
1.0,5548.0,2820.0,2788.0,2816.0,2820.0,2820.0,1951.0,837.0,1970.0,850.0
1.0,5544.0,2816.0,2789.0,2820.0,2819.0,2819.0,1951.0,838.0,1969.0,847.0
1.0,5548.0,2812.0,2790.0,2819.0,2815.0,2815.0,1952.0,838.0,1970.0,842.0
1.0,5555.0,2822.0,2791.0,2815.0,2825.0,2825.0,1953.0,838.0,1976.0,846.0
1.0,5548.0,2831.0,2792.0,2825.0,2834.0,2834.0,1954.0,838.0,1985.0,846.0
1.0,5542.0,2816.0,2792.0,2834.0,2816.0,2816.0,1954.0,838.0,1974.0,842.0
1.0,5560.0,2816.0,2793.0,2816.0,2819.0,2819.0,1955.0,838.0,1977.0,839.0
1.0,5560.0,2818.0,2794.0,2819.0,2821.0,2821.0,1955.0,839.0,1974.0,844.0
1.0,5561.0,2801.0,2795.0,2821.0,2804.0,2804.0,1956.0,839.0,1962.0,839.0
1.0,5581.0,2818.0,2795.0,2804.0,2818.0,2818.0,1956.0,839.0,1974.0,844.0
1.0,5567.0,2823.0,2796.0,2818.0,2826.0,2826.0,1957.0,839.0,1975.0,848.0
1.0,5562.0,2813.0,2796.0,2826.0,2813.0,2813.0,1957.0,839.0,1973.0,840.0
1.0,5575.0,2817.0,2798.0,2813.0,2823.0,2823.0,1958.0,840.0,1972.0,845.0
1.0,5571.0,2822.0,2799.0,2823.0,2825.0,2825.0,1959.0,840.0,1978.0,844.0
1.0,5572.0,2810.0,2799.0,2825.0,2810.0,2810.0,1959.0,840.0,1968.0,842.0
1.0,5587.0,2810.0,2800.0,2810.0,2813.0,2813.0,1960.0,840.0,1971.0,839.0
1.0,5587.0,2812.0,2800.0,2813.0,2812.0,2812.0,1960.0,840.0,1970.0,842.0
1.0,5588.0,2806.0,2802.0,2812.0,2812.0,2812.0,1961.0,841.0,1967.0,839.0
1.0,5594.0,2816.0,2802.0,2812.0,2816.0,2816.0,1961.0,841.0,1974.0,842.0
1.0,5590.0,2807.0,2803.0,2816.0,2810.0,2810.0,1962.0,841.0,1966.0,841.0
1.0,5599.0,2798.0,2803.0,2810.0,2798.0,2798.0,1962.0,841.0,1959.0,839.0
1.0,5611.0,2810.0,2803.0,2798.0,2810.0,2810.0,1962.0,841.0,1967.0,843.0
1.0,5599.0,2802.0,2804.0,2810.0,2805.0,2805.0,1963.0,841.0,1962.0,840.0
1.0,5607.0,2804.0,2805.0,2805.0,2807.0,2807.0,1963.0,842.0,1962.0,842.0
1.0,5608.0,2805.0,2805.0,2807.0,2805.0,2805.0,1963.0,842.0,1961.0,844.0
1.0,5610.0,2803.0,2805.0,2805.0,2803.0,2803.0,1963.0,842.0,1964.0,839.0
1.0,5612.0,2812.0,2806.0,2803.0,2815.0,2815.0,1964.0,842.0,1970.0,842.0
1.0,5603.0,2798.0,2806.0,2815.0,2798.0,2798.0,1964.0,842.0,1955.0,843.0
1.0,5620.0,2808.0,2806.0,2798.0,2808.0,2808.0,1964.0,842.0,1967.0,841.0
1.0,5610.0,2810.0,2808.0,2808.0,2816.0,2816.0,1965.0,843.0,1971.0,839.0
1.0,5608.0,2816.0,2808.0,2816.0,2816.0,2816.0,1965.0,843.0,1972.0,844.0
1.0,5608.0,2812.0,2808.0,2816.0,2812.0,2812.0,1965.0,843.0,1969.0,843.0
1.0,5612.0,2810.0,2809.0,2812.0,2813.0,2813.0,1966.0,843.0,1967.0,843.0
1.0,5614.0,2811.0,2809.0,2813.0,2811.0,2811.0,1966.0,843.0,1968.0,843.0
1.0,5616.0,2826.0,2810.0,2811.0,2829.0,2829.0,1967.0,843.0,1976.0,850.0
1.0,5601.0,2817.0,2810.0,2829.0,2817.0,2817.0,1967.0,843.0,1972.0,845.0
1.0,5613.0,2823.0,2811.0,2817.0,2826.0,2826.0,1967.0,844.0,1977.0,846.0
1.0,5607.0,2834.0,2812.0,2826.0,2837.0,2837.0,1968.0,844.0,1986.0,848.0
1.0,5599.0,2833.0,2812.0,2837.0,2833.0,2833.0,1968.0,844.0,1981.0,852.0
1.0,5603.0,2837.0,2813.0,2833.0,2840.0,2840.0,1969.0,844.0,1986.0,851.0
1.0,5599.0,2838.0,2814.0,2840.0,2841.0,2841.0,1970.0,844.0,1984.0,854.0
1.0,5601.0,2842.0,2814.0,2841.0,2842.0,2842.0,1970.0,844.0,1988.0,854.0
1.0,5600.0,2857.0,2816.0,2842.0,2863.0,2863.0,1971.0,845.0,2001.0,856.0
1.0,5585.0,2848.0,2817.0,2863.0,2851.0,2851.0,1972.0,845.0,1997.0,851.0
1.0,5600.0,2855.0,2817.0,2851.0,2855.0,2855.0,1972.0,845.0,2000.0,855.0
1.0,5596.0,2856.0,2818.0,2855.0,2859.0,2859.0,1973.0,845.0,1996.0,860.0
1.0,5595.0,2846.0,2819.0,2859.0,2849.0,2849.0,1974.0,845.0,1995.0,851.0
1.0,5608.0,2861.0,2820.0,2849.0,2864.0,2864.0,1974.0,846.0,2004.0,857.0
1.0,5596.0,2861.0,2821.0,2864.0,2864.0,2864.0,1975.0,846.0,2004.0,857.0
1.0,5599.0,2851.0,2822.0,2864.0,2854.0,2854.0,1976.0,846.0,1993.0,858.0
1.0,5612.0,2858.0,2822.0,2854.0,2858.0,2858.0,1976.0,846.0,2001.0,857.0
1.0,5608.0,2853.0,2823.0,2858.0,2856.0,2856.0,1977.0,846.0,1998.0,855.0
1.0,5613.0,2852.0,2823.0,2856.0,2852.0,2852.0,1977.0,846.0,1995.0,857.0
1.0,5617.0,2849.0,2824.0,2852.0,2852.0,2852.0,1978.0,846.0,1998.0,851.0
1.0,5620.0,2860.0,2826.0,2852.0,2866.0,2866.0,1979.0,847.0,2001.0,859.0
1.0,5612.0,2852.0,2826.0,2866.0,2852.0,2852.0,1979.0,847.0,1994.0,858.0
1.0,5626.0,2853.0,2826.0,2852.0,2853.0,2853.0,1979.0,847.0,1995.0,858.0
1.0,5625.0,2862.0,2828.0,2853.0,2868.0,2868.0,1980.0,848.0,2002.0,860.0
1.0,5616.0,2848.0,2828.0,2868.0,2848.0,2848.0,1980.0,848.0,1992.0,856.0
1.0,5636.0,2853.0,2828.0,2848.0,2853.0,2853.0,1980.0,848.0,1995.0,858.0
1.0,5631.0,2841.0,2829.0,2853.0,2844.0,2844.0,1981.0,848.0,1989.0,852.0
1.0,5643.0,2846.0,2830.0,2844.0,2849.0,2849.0,1981.0,849.0,1989.0,857.0
1.0,5641.0,2846.0,2830.0,2849.0,2846.0,2846.0,1981.0,849.0,1994.0,852.0
1.0,5644.0,2846.0,2831.0,2846.0,2849.0,2849.0,1982.0,849.0,1992.0,854.0
1.0,5644.0,2844.0,2831.0,2849.0,2844.0,2844.0,1982.0,849.0,1987.0,857.0
1.0,5649.0,2845.0,2832.0,2844.0,2848.0,2848.0,1982.0,850.0,1987.0,858.0
1.0,5648.0,2838.0,2833.0,2848.0,2841.0,2841.0,1983.0,850.0,1984.0,854.0
1.0,5658.0,2844.0,2833.0,2841.0,2844.0,2844.0,1983.0,850.0,1987.0,857.0
1.0,5655.0,2846.0,2833.0,2844.0,2846.0,2846.0,1983.0,850.0,1990.0,856.0
1.0,5653.0,2837.0,2835.0,2846.0,2843.0,2843.0,1984.0,851.0,1984.0,853.0
1.0,5662.0,2840.0,2835.0,2843.0,2840.0,2840.0,1984.0,851.0,1988.0,852.0
1.0,5665.0,2839.0,2835.0,2840.0,2839.0,2839.0,1984.0,851.0,1988.0,851.0
1.0,5666.0,2841.0,2836.0,2839.0,2844.0,2844.0,1985.0,851.0,1990.0,851.0
1.0,5664.0,2840.0,2836.0,2844.0,2840.0,2840.0,1985.0,851.0,1990.0,850.0
1.0,5668.0,2850.0,2838.0,2840.0,2856.0,2856.0,1986.0,852.0,1996.0,854.0
1.0,5658.0,2844.0,2839.0,2856.0,2847.0,2847.0,1987.0,852.0,1992.0,852.0
1.0,5670.0,2851.0,2839.0,2847.0,2851.0,2851.0,1987.0,852.0,2001.0,850.0
1.0,5666.0,2846.0,2840.0,2851.0,2849.0,2849.0,1988.0,852.0,1992.0,854.0
1.0,5671.0,2846.0,2840.0,2849.0,2846.0,2846.0,1988.0,852.0,1998.0,848.0
1.0,5674.0,2857.0,2842.0,2846.0,2863.0,2863.0,1989.0,853.0,2003.0,854.0
1.0,5663.0,2841.0,2843.0,2863.0,2844.0,2844.0,1990.0,853.0,1989.0,852.0
1.0,5685.0,2849.0,2843.0,2844.0,2849.0,2849.0,1990.0,853.0,1995.0,854.0
1.0,5680.0,2856.0,2844.0,2849.0,2859.0,2859.0,1991.0,853.0,1997.0,859.0
1.0,5673.0,2860.0,2845.0,2859.0,2863.0,2863.0,1991.0,854.0,2004.0,856.0
1.0,5672.0,2864.0,2846.0,2863.0,2867.0,2867.0,1992.0,854.0,2007.0,857.0
1.0,5671.0,2852.0,2847.0,2867.0,2855.0,2855.0,1993.0,854.0,1997.0,855.0
1.0,5686.0,2861.0,2847.0,2855.0,2861.0,2861.0,1993.0,854.0,2006.0,855.0
1.0,5680.0,2857.0,2848.0,2861.0,2860.0,2860.0,1994.0,854.0,2001.0,856.0
1.0,5684.0,2861.0,2849.0,2860.0,2864.0,2864.0,1994.0,855.0,2002.0,859.0
1.0,5683.0,2857.0,2850.0,2864.0,2860.0,2860.0,1995.0,855.0,2003.0,854.0
1.0,5690.0,2867.0,2850.0,2860.0,2867.0,2867.0,1995.0,855.0,2009.0,858.0
1.0,5683.0,2859.0,2851.0,2867.0,2862.0,2862.0,1996.0,855.0,2002.0,857.0
1.0,5691.0,2873.0,2851.0,2862.0,2873.0,2873.0,1996.0,855.0,2010.0,863.0
1.0,5680.0,2860.0,2851.0,2873.0,2860.0,2860.0,1996.0,855.0,2000.0,860.0
1.0,5693.0,2868.0,2851.0,2860.0,2868.0,2868.0,1996.0,855.0,2009.0,859.0
1.0,5685.0,2877.0,2853.0,2868.0,2883.0,2883.0,1997.0,856.0,2013.0,864.0
1.0,5676.0,2877.0,2853.0,2883.0,2877.0,2877.0,1997.0,856.0,2014.0,863.0
1.0,5682.0,2869.0,2853.0,2877.0,2869.0,2869.0,1997.0,856.0,2008.0,861.0
1.0,5690.0,2865.0,2853.0,2869.0,2865.0,2865.0,1997.0,856.0,2005.0,860.0
1.0,5694.0,2873.0,2854.0,2865.0,2876.0,2876.0,1998.0,856.0,2010.0,863.0
1.0,5686.0,2876.0,2854.0,2876.0,2876.0,2876.0,1998.0,856.0,2011.0,865.0
1.0,5686.0,2874.0,2854.0,2876.0,2874.0,2874.0,1998.0,856.0,2009.0,865.0
1.0,5688.0,2879.0,2854.0,2874.0,2879.0,2879.0,1998.0,856.0,2016.0,863.0
1.0,5683.0,2882.0,2856.0,2879.0,2888.0,2888.0,1999.0,857.0,2018.0,864.0
1.0,5680.0,2883.0,2856.0,2888.0,2883.0,2883.0,1999.0,857.0,2016.0,867.0
1.0,5685.0,2888.0,2856.0,2883.0,2888.0,2888.0,1999.0,857.0,2017.0,871.0
1.0,5680.0,2892.0,2857.0,2888.0,2895.0,2895.0,2000.0,857.0,2024.0,868.0
1.0,5676.0,2892.0,2858.0,2895.0,2895.0,2895.0,2000.0,858.0,2023.0,869.0
1.0,5679.0,2883.0,2859.0,2895.0,2886.0,2886.0,2001.0,858.0,2017.0,866.0
1.0,5691.0,2891.0,2859.0,2886.0,2891.0,2891.0,2001.0,858.0,2023.0,868.0
1.0,5686.0,2893.0,2860.0,2891.0,2896.0,2896.0,2002.0,858.0,2021.0,872.0
1.0,5684.0,2893.0,2860.0,2896.0,2893.0,2893.0,2002.0,858.0,2024.0,869.0
1.0,5687.0,2899.0,2862.0,2893.0,2905.0,2905.0,2003.0,859.0,2033.0,866.0
1.0,5681.0,2888.0,2863.0,2905.0,2891.0,2891.0,2004.0,859.0,2020.0,868.0
1.0,5698.0,2888.0,2863.0,2891.0,2888.0,2888.0,2004.0,859.0,2014.0,874.0
1.0,5701.0,2891.0,2865.0,2888.0,2897.0,2897.0,2005.0,860.0,2024.0,867.0
1.0,5698.0,2889.0,2865.0,2897.0,2889.0,2889.0,2005.0,860.0,2022.0,867.0
1.0,5706.0,2889.0,2866.0,2889.0,2892.0,2892.0,2006.0,860.0,2023.0,866.0
1.0,5706.0,2883.0,2867.0,2892.0,2886.0,2886.0,2007.0,860.0,2015.0,868.0
1.0,5715.0,2888.0,2867.0,2886.0,2888.0,2888.0,2007.0,860.0,2023.0,865.0
1.0,5713.0,2891.0,2868.0,2888.0,2894.0,2894.0,2008.0,860.0,2028.0,863.0
1.0,5710.0,2890.0,2870.0,2894.0,2896.0,2896.0,2009.0,861.0,2023.0,867.0
1.0,5714.0,2885.0,2871.0,2896.0,2888.0,2888.0,2010.0,861.0,2020.0,865.0
1.0,5725.0,2886.0,2871.0,2888.0,2886.0,2886.0,2010.0,861.0,2019.0,867.0
1.0,5727.0,2882.0,2873.0,2886.0,2888.0,2888.0,2011.0,862.0,2021.0,861.0
1.0,5731.0,2884.0,2873.0,2888.0,2884.0,2884.0,2011.0,862.0,2022.0,862.0
1.0,5735.0,2889.0,2874.0,2884.0,2892.0,2892.0,2012.0,862.0,2022.0,867.0
1.0,5730.0,2886.0,2874.0,2892.0,2886.0,2886.0,2012.0,862.0,2016.0,870.0
1.0,5736.0,2875.0,2876.0,2886.0,2881.0,2881.0,2013.0,863.0,2015.0,860.0
1.0,5747.0,2883.0,2876.0,2881.0,2883.0,2883.0,2013.0,863.0,2017.0,866.0
1.0,5745.0,2879.0,2876.0,2883.0,2879.0,2879.0,2013.0,863.0,2014.0,865.0
1.0,5749.0,2876.0,2877.0,2879.0,2879.0,2879.0,2014.0,863.0,2012.0,864.0
1.0,5752.0,2885.0,2878.0,2879.0,2888.0,2888.0,2014.0,864.0,2019.0,866.0
1.0,5746.0,2884.0,2879.0,2888.0,2887.0,2887.0,2015.0,864.0,2019.0,865.0
1.0,5750.0,2877.0,2879.0,2887.0,2877.0,2877.0,2015.0,864.0,2012.0,865.0
1.0,5760.0,2886.0,2879.0,2877.0,2886.0,2886.0,2015.0,864.0,2022.0,864.0
1.0,5751.0,2884.0,2879.0,2886.0,2884.0,2884.0,2015.0,864.0,2013.0,871.0
1.0,5753.0,2885.0,2880.0,2884.0,2888.0,2888.0,2016.0,864.0,2024.0,861.0
1.0,5752.0,2888.0,2881.0,2888.0,2891.0,2891.0,2016.0,865.0,2024.0,864.0
1.0,5752.0,2888.0,2881.0,2891.0,2888.0,2888.0,2016.0,865.0,2016.0,872.0
1.0,5755.0,2879.0,2882.0,2888.0,2882.0,2882.0,2017.0,865.0,2013.0,866.0
1.0,5764.0,2894.0,2882.0,2882.0,2894.0,2894.0,2017.0,865.0,2025.0,869.0
1.0,5752.0,2899.0,2884.0,2894.0,2905.0,2905.0,2018.0,866.0,2031.0,868.0
1.0,5747.0,2895.0,2884.0,2905.0,2895.0,2895.0,2018.0,866.0,2026.0,869.0
1.0,5757.0,2903.0,2884.0,2895.0,2903.0,2903.0,2018.0,866.0,2031.0,872.0
1.0,5749.0,2901.0,2885.0,2903.0,2904.0,2904.0,2019.0,866.0,2034.0,867.0
1.0,5751.0,2906.0,2886.0,2904.0,2909.0,2909.0,2020.0,866.0,2034.0,872.0
1.0,5749.0,2910.0,2886.0,2909.0,2910.0,2910.0,2020.0,866.0,2041.0,869.0
1.0,5748.0,2912.0,2887.0,2910.0,2915.0,2915.0,2020.0,867.0,2037.0,875.0
1.0,5746.0,2921.0,2888.0,2915.0,2924.0,2924.0,2021.0,867.0,2047.0,874.0
1.0,5740.0,2926.0,2889.0,2924.0,2929.0,2929.0,2022.0,867.0,2048.0,878.0
1.0,5738.0,2910.0,2890.0,2929.0,2913.0,2913.0,2023.0,867.0,2041.0,869.0
1.0,5757.0,2928.0,2891.0,2913.0,2931.0,2931.0,2024.0,867.0,2056.0,872.0
1.0,5742.0,2925.0,2892.0,2931.0,2928.0,2928.0,2024.0,868.0,2050.0,875.0
1.0,5748.0,2914.0,2893.0,2928.0,2917.0,2917.0,2025.0,868.0,2043.0,871.0
1.0,5762.0,2931.0,2894.0,2917.0,2934.0,2934.0,2026.0,868.0,2058.0,873.0
1.0,5748.0,2932.0,2894.0,2934.0,2932.0,2932.0,2026.0,868.0,2058.0,874.0
1.0,5750.0,2932.0,2895.0,2932.0,2935.0,2935.0,2027.0,868.0,2054.0,878.0
1.0,5750.0,2931.0,2896.0,2935.0,2934.0,2934.0,2028.0,868.0,2059.0,872.0
1.0,5754.0,2922.0,2896.0,2934.0,2922.0,2922.0,2028.0,868.0,2048.0,874.0
1.0,5766.0,2925.0,2898.0,2922.0,2931.0,2931.0,2029.0,869.0,2052.0,873.0
1.0,5763.0,2920.0,2898.0,2931.0,2920.0,2920.0,2029.0,869.0,2044.0,876.0
1.0,5774.0,2930.0,2899.0,2920.0,2933.0,2933.0,2030.0,869.0,2053.0,877.0
1.0,5764.0,2928.0,2899.0,2933.0,2928.0,2928.0,2030.0,869.0,2051.0,877.0
1.0,5769.0,2929.0,2900.0,2928.0,2932.0,2932.0,2031.0,869.0,2048.0,881.0
1.0,5768.0,2915.0,2900.0,2932.0,2915.0,2915.0,2031.0,869.0,2041.0,874.0
1.0,5785.0,2916.0,2901.0,2915.0,2919.0,2919.0,2032.0,869.0,2041.0,875.0
1.0,5784.0,2918.0,2902.0,2919.0,2921.0,2921.0,2032.0,870.0,2040.0,878.0
1.0,5785.0,2910.0,2902.0,2921.0,2910.0,2910.0,2032.0,870.0,2041.0,869.0
1.0,5796.0,2913.0,2903.0,2910.0,2916.0,2916.0,2033.0,870.0,2038.0,875.0
1.0,5793.0,2915.0,2903.0,2916.0,2915.0,2915.0,2033.0,870.0,2043.0,872.0
1.0,5794.0,2920.0,2904.0,2915.0,2923.0,2923.0,2034.0,870.0,2042.0,878.0
1.0,5789.0,2915.0,2904.0,2923.0,2915.0,2915.0,2034.0,870.0,2041.0,874.0
1.0,5797.0,2915.0,2904.0,2915.0,2915.0,2915.0,2034.0,870.0,2041.0,874.0
1.0,5797.0,2903.0,2905.0,2915.0,2906.0,2906.0,2034.0,871.0,2029.0,874.0
1.0,5809.0,2909.0,2906.0,2906.0,2912.0,2912.0,2035.0,871.0,2033.0,876.0
1.0,5806.0,2904.0,2906.0,2912.0,2904.0,2904.0,2035.0,871.0,2027.0,877.0
1.0,5814.0,2915.0,2906.0,2904.0,2915.0,2915.0,2035.0,871.0,2039.0,876.0
1.0,5803.0,2916.0,2907.0,2915.0,2919.0,2919.0,2035.0,872.0,2042.0,874.0
1.0,5802.0,2915.0,2908.0,2919.0,2918.0,2918.0,2036.0,872.0,2041.0,874.0
1.0,5806.0,2914.0,2908.0,2918.0,2914.0,2914.0,2036.0,872.0,2038.0,876.0
1.0,5810.0,2918.0,2909.0,2914.0,2921.0,2921.0,2037.0,872.0,2038.0,880.0
1.0,5806.0,2914.0,2909.0,2921.0,2914.0,2914.0,2037.0,872.0,2039.0,875.0
1.0,5813.0,2929.0,2911.0,2914.0,2935.0,2935.0,2038.0,873.0,2052.0,877.0
1.0,5798.0,2925.0,2912.0,2935.0,2928.0,2928.0,2039.0,873.0,2047.0,878.0
1.0,5808.0,2924.0,2912.0,2928.0,2924.0,2924.0,2039.0,873.0,2044.0,880.0
1.0,5812.0,2919.0,2913.0,2924.0,2922.0,2922.0,2040.0,873.0,2043.0,876.0
1.0,5817.0,2922.0,2914.0,2922.0,2925.0,2925.0,2040.0,874.0,2047.0,875.0
1.0,5817.0,2932.0,2915.0,2925.0,2935.0,2935.0,2041.0,874.0,2052.0,880.0
1.0,5810.0,2933.0,2915.0,2935.0,2933.0,2933.0,2041.0,874.0,2052.0,881.0
1.0,5812.0,2928.0,2916.0,2933.0,2931.0,2931.0,2042.0,874.0,2049.0,879.0
1.0,5817.0,2944.0,2918.0,2931.0,2950.0,2950.0,2043.0,875.0,2065.0,879.0
1.0,5804.0,2934.0,2919.0,2950.0,2937.0,2937.0,2044.0,875.0,2056.0,878.0
1.0,5820.0,2945.0,2919.0,2937.0,2945.0,2945.0,2044.0,875.0,2064.0,881.0
1.0,5812.0,2936.0,2920.0,2945.0,2939.0,2939.0,2045.0,875.0,2052.0,884.0
1.0,5821.0,2946.0,2921.0,2939.0,2949.0,2949.0,2045.0,876.0,2060.0,886.0
1.0,5814.0,2942.0,2922.0,2949.0,2945.0,2945.0,2046.0,876.0,2059.0,883.0
1.0,5821.0,2953.0,2923.0,2945.0,2956.0,2956.0,2047.0,876.0,2068.0,885.0
1.0,5813.0,2946.0,2923.0,2956.0,2946.0,2946.0,2047.0,876.0,2062.0,884.0
1.0,5823.0,2950.0,2925.0,2946.0,2956.0,2956.0,2048.0,877.0,2068.0,882.0
1.0,5819.0,2947.0,2925.0,2956.0,2947.0,2947.0,2048.0,877.0,2063.0,884.0
1.0,5828.0,2946.0,2925.0,2947.0,2946.0,2946.0,2048.0,877.0,2062.0,884.0
1.0,5829.0,2959.0,2926.0,2946.0,2962.0,2962.0,2049.0,877.0,2068.0,891.0
1.0,5816.0,2945.0,2927.0,2962.0,2948.0,2948.0,2049.0,878.0,2062.0,883.0
1.0,5833.0,2951.0,2927.0,2948.0,2951.0,2951.0,2049.0,878.0,2064.0,887.0
1.0,5830.0,2956.0,2928.0,2951.0,2959.0,2959.0,2050.0,878.0,2062.0,894.0
1.0,5825.0,2953.0,2929.0,2959.0,2956.0,2956.0,2050.0,879.0,2067.0,886.0
1.0,5831.0,2953.0,2929.0,2956.0,2953.0,2953.0,2050.0,879.0,2067.0,886.0
1.0,5834.0,2950.0,2929.0,2953.0,2950.0,2950.0,2050.0,879.0,2065.0,885.0
1.0,5837.0,2960.0,2930.0,2950.0,2963.0,2963.0,2051.0,879.0,2070.0,890.0
1.0,5827.0,2958.0,2931.0,2963.0,2961.0,2961.0,2051.0,880.0,2071.0,887.0
1.0,5832.0,2946.0,2931.0,2961.0,2946.0,2946.0,2051.0,880.0,2062.0,884.0
1.0,5847.0,2953.0,2932.0,2946.0,2956.0,2956.0,2052.0,880.0,2066.0,887.0
1.0,5840.0,2955.0,2932.0,2956.0,2955.0,2955.0,2052.0,880.0,2066.0,889.0
1.0,5841.0,2944.0,2932.0,2955.0,2944.0,2944.0,2052.0,880.0,2060.0,884.0
1.0,5852.0,2949.0,2933.0,2944.0,2952.0,2952.0,2052.0,881.0,2063.0,886.0
1.0,5847.0,2951.0,2934.0,2952.0,2954.0,2954.0,2053.0,881.0,2067.0,884.0
1.0,5848.0,2945.0,2934.0,2954.0,2945.0,2945.0,2053.0,881.0,2060.0,885.0
1.0,5857.0,2950.0,2935.0,2945.0,2953.0,2953.0,2054.0,881.0,2067.0,883.0
1.0,5852.0,2958.0,2935.0,2953.0,2958.0,2958.0,2054.0,881.0,2074.0,884.0
1.0,5847.0,2953.0,2936.0,2958.0,2956.0,2956.0,2055.0,881.0,2067.0,886.0
1.0,5852.0,2948.0,2937.0,2956.0,2951.0,2951.0,2055.0,882.0,2065.0,883.0
1.0,5860.0,2953.0,2938.0,2951.0,2956.0,2956.0,2056.0,882.0,2072.0,881.0
1.0,5858.0,2951.0,2938.0,2956.0,2951.0,2951.0,2056.0,882.0,2070.0,881.0
1.0,5863.0,2957.0,2939.0,2951.0,2960.0,2960.0,2057.0,882.0,2075.0,882.0
1.0,5857.0,2955.0,2939.0,2960.0,2955.0,2955.0,2057.0,882.0,2064.0,891.0
1.0,5862.0,2960.0,2940.0,2955.0,2963.0,2963.0,2058.0,882.0,2076.0,884.0
1.0,5857.0,2948.0,2942.0,2963.0,2954.0,2954.0,2059.0,883.0,2066.0,882.0
1.0,5872.0,2955.0,2943.0,2954.0,2958.0,2958.0,2060.0,883.0,2071.0,884.0
1.0,5871.0,2943.0,2943.0,2958.0,2943.0,2943.0,2060.0,883.0,2062.0,881.0
1.0,5886.0,2952.0,2944.0,2943.0,2955.0,2955.0,2061.0,883.0,2069.0,883.0
1.0,5877.0,2952.0,2944.0,2955.0,2952.0,2952.0,2061.0,883.0,2072.0,880.0
1.0,5880.0,2947.0,2945.0,2952.0,2950.0,2950.0,2062.0,883.0,2063.0,884.0
1.0,5885.0,2956.0,2945.0,2950.0,2956.0,2956.0,2062.0,883.0,2073.0,883.0
1.0,5879.0,2951.0,2946.0,2956.0,2954.0,2954.0,2063.0,883.0,2068.0,883.0
1.0,5884.0,2947.0,2947.0,2954.0,2950.0,2950.0,2063.0,884.0,2063.0,884.0
1.0,5891.0,2951.0,2948.0,2950.0,2954.0,2954.0,2064.0,884.0,2066.0,885.0
1.0,5890.0,2953.0,2948.0,2954.0,2953.0,2953.0,2064.0,884.0,2070.0,883.0
1.0,5891.0,2961.0,2949.0,2953.0,2964.0,2964.0,2065.0,884.0,2075.0,886.0
1.0,5883.0,2969.0,2949.0,2964.0,2969.0,2969.0,2065.0,884.0,2078.0,891.0
1.0,5878.0,2961.0,2950.0,2969.0,2964.0,2964.0,2066.0,884.0,2072.0,889.0
1.0,5886.0,2952.0,2951.0,2964.0,2955.0,2955.0,2066.0,885.0,2067.0,885.0
1.0,5898.0,2958.0,2951.0,2955.0,2958.0,2958.0,2066.0,885.0,2067.0,891.0
1.0,5895.0,2951.0,2951.0,2958.0,2951.0,2951.0,2066.0,885.0,2063.0,888.0
1.0,5902.0,2961.0,2951.0,2951.0,2961.0,2961.0,2066.0,885.0,2065.0,896.0
1.0,5892.0,2968.0,2953.0,2961.0,2974.0,2974.0,2067.0,886.0,2074.0,894.0
1.0,5885.0,2968.0,2953.0,2974.0,2968.0,2968.0,2067.0,886.0,2077.0,891.0
1.0,5891.0,2959.0,2953.0,2968.0,2959.0,2959.0,2067.0,886.0,2065.0,894.0
1.0,5900.0,2975.0,2954.0,2959.0,2978.0,2978.0,2068.0,886.0,2080.0,895.0
1.0,5884.0,2981.0,2954.0,2978.0,2981.0,2981.0,2068.0,886.0,2084.0,897.0
1.0,5881.0,2976.0,2954.0,2981.0,2976.0,2976.0,2068.0,886.0,2084.0,892.0
1.0,5886.0,2978.0,2956.0,2976.0,2984.0,2984.0,2069.0,887.0,2083.0,895.0
1.0,5884.0,2974.0,2956.0,2984.0,2974.0,2974.0,2069.0,887.0,2079.0,895.0
1.0,5894.0,2987.0,2957.0,2974.0,2990.0,2990.0,2070.0,887.0,2089.0,898.0
1.0,5881.0,2990.0,2957.0,2990.0,2990.0,2990.0,2070.0,887.0,2093.0,897.0
1.0,5881.0,2993.0,2959.0,2990.0,2999.0,2999.0,2071.0,888.0,2094.0,899.0
1.0,5878.0,2995.0,2959.0,2999.0,2995.0,2995.0,2071.0,888.0,2095.0,900.0
1.0,5882.0,2984.0,2960.0,2995.0,2987.0,2987.0,2072.0,888.0,2088.0,896.0
1.0,5893.0,3000.0,2960.0,2987.0,3000.0,3000.0,2072.0,888.0,2100.0,900.0
1.0,5880.0,2998.0,2961.0,3000.0,3001.0,3001.0,2073.0,888.0,2100.0,898.0
1.0,5882.0,2996.0,2963.0,3001.0,3002.0,3002.0,2074.0,889.0,2098.0,898.0
1.0,5887.0,2992.0,2963.0,3002.0,2992.0,2992.0,2074.0,889.0,2099.0,893.0
1.0,5897.0,2998.0,2964.0,2992.0,3001.0,3001.0,2075.0,889.0,2096.0,902.0
1.0,5891.0,2993.0,2964.0,3001.0,2993.0,2993.0,2075.0,889.0,2092.0,901.0
1.0,5899.0,2990.0,2966.0,2993.0,2996.0,2996.0,2076.0,890.0,2092.0,898.0
1.0,5902.0,3001.0,2966.0,2996.0,3001.0,3001.0,2076.0,890.0,2100.0,901.0
1.0,5897.0,2987.0,2967.0,3001.0,2990.0,2990.0,2077.0,890.0,2089.0,898.0
1.0,5911.0,2987.0,2967.0,2990.0,2987.0,2987.0,2077.0,890.0,2089.0,898.0
1.0,5914.0,2991.0,2968.0,2987.0,2994.0,2994.0,2078.0,890.0,2097.0,894.0
1.0,5910.0,2999.0,2970.0,2994.0,3005.0,3005.0,2079.0,891.0,2098.0,901.0
1.0,5905.0,2996.0,2970.0,3005.0,2996.0,2996.0,2079.0,891.0,2101.0,895.0
1.0,5914.0,2993.0,2971.0,2996.0,2996.0,2996.0,2080.0,891.0,2094.0,899.0
1.0,5917.0,2991.0,2971.0,2996.0,2991.0,2991.0,2080.0,891.0,2096.0,895.0
1.0,5922.0,2997.0,2973.0,2991.0,3003.0,3003.0,2081.0,892.0,2099.0,898.0
1.0,5916.0,2995.0,2974.0,3003.0,2998.0,2998.0,2082.0,892.0,2099.0,896.0
1.0,5924.0,2985.0,2974.0,2998.0,2985.0,2985.0,2082.0,892.0,2088.0,897.0
1.0,5937.0,2982.0,2975.0,2985.0,2985.0,2985.0,2082.0,893.0,2086.0,896.0
1.0,5940.0,2980.0,2975.0,2985.0,2980.0,2980.0,2082.0,893.0,2085.0,895.0
1.0,5945.0,2970.0,2976.0,2980.0,2973.0,2973.0,2083.0,893.0,2078.0,892.0
1.0,5955.0,2977.0,2976.0,2973.0,2977.0,2977.0,2083.0,893.0,2085.0,892.0
1.0,5951.0,2984.0,2976.0,2977.0,2984.0,2984.0,2083.0,893.0,2086.0,898.0
1.0,5944.0,2982.0,2978.0,2984.0,2988.0,2988.0,2084.0,894.0,2087.0,895.0
1.0,5946.0,2985.0,2978.0,2988.0,2985.0,2985.0,2084.0,894.0,2089.0,896.0
1.0,5949.0,2976.0,2978.0,2985.0,2976.0,2976.0,2084.0,894.0,2083.0,893.0
1.0,5958.0,2984.0,2979.0,2976.0,2987.0,2987.0,2085.0,894.0,2087.0,897.0
1.0,5950.0,2984.0,2979.0,2987.0,2984.0,2984.0,2085.0,894.0,2092.0,892.0
1.0,5953.0,2980.0,2980.0,2984.0,2983.0,2983.0,2085.0,895.0,2086.0,894.0
1.0,5957.0,2979.0,2981.0,2983.0,2982.0,2982.0,2086.0,895.0,2085.0,894.0
1.0,5961.0,2978.0,2981.0,2982.0,2978.0,2978.0,2086.0,895.0,2084.0,894.0
1.0,5965.0,2985.0,2982.0,2978.0,2988.0,2988.0,2087.0,895.0,2088.0,897.0
1.0,5958.0,2980.0,2982.0,2988.0,2980.0,2980.0,2087.0,895.0,2086.0,894.0
1.0,5966.0,2993.0,2983.0,2980.0,2996.0,2996.0,2087.0,896.0,2097.0,896.0
1.0,5953.0,2998.0,2984.0,2996.0,3001.0,3001.0,2088.0,896.0,2104.0,894.0
1.0,5951.0,2993.0,2984.0,3001.0,2993.0,2993.0,2088.0,896.0,2096.0,897.0
1.0,5959.0,3005.0,2985.0,2993.0,3008.0,3008.0,2089.0,896.0,2110.0,895.0
1.0,5947.0,2999.0,2986.0,3008.0,3002.0,3002.0,2090.0,896.0,2095.0,904.0
1.0,5956.0,3003.0,2986.0,3002.0,3003.0,3003.0,2090.0,896.0,2105.0,898.0
1.0,5955.0,3007.0,2987.0,3003.0,3010.0,3010.0,2091.0,896.0,2107.0,900.0
1.0,5951.0,3006.0,2989.0,3010.0,3012.0,3012.0,2092.0,897.0,2106.0,900.0
1.0,5955.0,3018.0,2990.0,3012.0,3021.0,3021.0,2093.0,897.0,2113.0,905.0
1.0,5949.0,3008.0,2990.0,3021.0,3008.0,3008.0,2093.0,897.0,2108.0,900.0
1.0,5962.0,3009.0,2991.0,3008.0,3012.0,3012.0,2094.0,897.0,2110.0,899.0
1.0,5961.0,3030.0,2991.0,3012.0,3030.0,3030.0,2094.0,897.0,2125.0,905.0
1.0,5943.0,3013.0,2992.0,3030.0,3016.0,3016.0,2095.0,897.0,2109.0,904.0
1.0,5960.0,3025.0,2994.0,3016.0,3031.0,3031.0,2096.0,898.0,2120.0,905.0
1.0,5951.0,3019.0,2994.0,3031.0,3019.0,3019.0,2096.0,898.0,2118.0,901.0
1.0,5963.0,3027.0,2995.0,3019.0,3030.0,3030.0,2097.0,898.0,2119.0,908.0
1.0,5955.0,3025.0,2995.0,3030.0,3025.0,3025.0,2097.0,898.0,2120.0,905.0
1.0,5960.0,3017.0,2996.0,3025.0,3020.0,3020.0,2098.0,898.0,2111.0,906.0
1.0,5968.0,3027.0,2996.0,3020.0,3027.0,3027.0,2098.0,898.0,2116.0,911.0
1.0,5961.0,3030.0,2998.0,3027.0,3036.0,3036.0,2099.0,899.0,2121.0,909.0
1.0,5958.0,3033.0,2998.0,3036.0,3033.0,3033.0,2099.0,899.0,2125.0,908.0
1.0,5961.0,3028.0,2998.0,3033.0,3028.0,3028.0,2099.0,899.0,2120.0,908.0
1.0,5966.0,3025.0,2999.0,3028.0,3028.0,3028.0,2100.0,899.0,2115.0,910.0
1.0,5969.0,3026.0,2999.0,3028.0,3026.0,3026.0,2100.0,899.0,2119.0,907.0
1.0,5971.0,3025.0,3000.0,3026.0,3028.0,3028.0,2101.0,899.0,2117.0,908.0
1.0,5972.0,3025.0,3001.0,3028.0,3028.0,3028.0,2101.0,900.0,2112.0,913.0
1.0,5975.0,3026.0,3001.0,3028.0,3026.0,3026.0,2101.0,900.0,2117.0,909.0
1.0,5977.0,3019.0,3002.0,3026.0,3022.0,3022.0,2102.0,900.0,2105.0,914.0
1.0,5984.0,3030.0,3002.0,3022.0,3030.0,3030.0,2102.0,900.0,2122.0,908.0
1.0,5976.0,3018.0,3004.0,3030.0,3024.0,3024.0,2103.0,901.0,2110.0,908.0
1.0,5988.0,3024.0,3004.0,3024.0,3024.0,3024.0,2103.0,901.0,2118.0,906.0
1.0,5988.0,3023.0,3004.0,3024.0,3023.0,3023.0,2103.0,901.0,2114.0,909.0
1.0,5989.0,3014.0,3004.0,3023.0,3014.0,3014.0,2103.0,901.0,2104.0,910.0
1.0,5998.0,3016.0,3005.0,3014.0,3019.0,3019.0,2104.0,901.0,2111.0,905.0
1.0,5996.0,3020.0,3006.0,3019.0,3023.0,3023.0,2104.0,902.0,2111.0,909.0
1.0,5995.0,3019.0,3006.0,3023.0,3019.0,3019.0,2104.0,902.0,2112.0,907.0
1.0,5999.0,3013.0,3006.0,3019.0,3013.0,3013.0,2104.0,902.0,2105.0,908.0
1.0,6005.0,3024.0,3007.0,3013.0,3027.0,3027.0,2105.0,902.0,2119.0,905.0
1.0,5994.0,3023.0,3008.0,3027.0,3026.0,3026.0,2106.0,902.0,2116.0,907.0
1.0,5998.0,3019.0,3009.0,3026.0,3022.0,3022.0,2106.0,903.0,2114.0,905.0
1.0,6005.0,3030.0,3010.0,3022.0,3033.0,3033.0,2107.0,903.0,2128.0,902.0
1.0,5997.0,3020.0,3011.0,3033.0,3023.0,3023.0,2108.0,903.0,2108.0,912.0
1.0,6010.0,3017.0,3011.0,3023.0,3017.0,3017.0,2108.0,903.0,2114.0,903.0
1.0,6016.0,3020.0,3013.0,3017.0,3026.0,3026.0,2109.0,904.0,2114.0,906.0
1.0,6013.0,3022.0,3013.0,3026.0,3022.0,3022.0,2109.0,904.0,2116.0,906.0
1.0,6017.0,3020.0,3014.0,3022.0,3023.0,3023.0,2110.0,904.0,2112.0,908.0
1.0,6019.0,3031.0,3014.0,3023.0,3031.0,3031.0,2110.0,904.0,2124.0,907.0
1.0,6011.0,3024.0,3015.0,3031.0,3027.0,3027.0,2111.0,904.0,2120.0,904.0
1.0,6018.0,3021.0,3017.0,3027.0,3027.0,3027.0,2112.0,905.0,2113.0,908.0
1.0,6024.0,3026.0,3017.0,3027.0,3026.0,3026.0,2112.0,905.0,2118.0,908.0
1.0,6025.0,3017.0,3018.0,3026.0,3020.0,3020.0,2113.0,905.0,2106.0,911.0
1.0,6034.0,3035.0,3019.0,3020.0,3038.0,3038.0,2113.0,906.0,2129.0,906.0
1.0,6019.0,3020.0,3020.0,3038.0,3023.0,3023.0,2114.0,906.0,2114.0,906.0
1.0,6037.0,3030.0,3020.0,3023.0,3030.0,3030.0,2114.0,906.0,2123.0,907.0
1.0,6030.0,3034.0,3021.0,3030.0,3037.0,3037.0,2115.0,906.0,2121.0,913.0
1.0,6026.0,3024.0,3021.0,3037.0,3024.0,3024.0,2115.0,906.0,2118.0,906.0
1.0,6039.0,3027.0,3022.0,3024.0,3030.0,3030.0,2115.0,907.0,2121.0,906.0
1.0,6036.0,3028.0,3022.0,3030.0,3028.0,3028.0,2115.0,907.0,2117.0,911.0
1.0,6038.0,3021.0,3023.0,3028.0,3024.0,3024.0,2116.0,907.0,2112.0,909.0
1.0,6045.0,3042.0,3023.0,3024.0,3042.0,3042.0,2116.0,907.0,2130.0,912.0
1.0,6027.0,3037.0,3023.0,3042.0,3037.0,3037.0,2116.0,907.0,2126.0,911.0
1.0,6032.0,3034.0,3025.0,3037.0,3040.0,3040.0,2117.0,908.0,2122.0,912.0
1.0,6035.0,3043.0,3025.0,3040.0,3043.0,3043.0,2117.0,908.0,2130.0,913.0
1.0,6032.0,3039.0,3025.0,3043.0,3039.0,3039.0,2117.0,908.0,2126.0,913.0
1.0,6036.0,3043.0,3025.0,3039.0,3043.0,3043.0,2117.0,908.0,2127.0,916.0
1.0,6032.0,3048.0,3025.0,3043.0,3048.0,3048.0,2117.0,908.0,2129.0,919.0
1.0,6027.0,3052.0,3027.0,3048.0,3058.0,3058.0,2118.0,909.0,2139.0,913.0
1.0,6023.0,3045.0,3027.0,3058.0,3045.0,3045.0,2118.0,909.0,2134.0,911.0
1.0,6036.0,3043.0,3027.0,3045.0,3043.0,3043.0,2118.0,909.0,2129.0,914.0
1.0,6038.0,3057.0,3028.0,3043.0,3060.0,3060.0,2119.0,909.0,2142.0,915.0
1.0,6024.0,3053.0,3028.0,3060.0,3053.0,3053.0,2119.0,909.0,2134.0,919.0
1.0,6031.0,3057.0,3029.0,3053.0,3060.0,3060.0,2120.0,909.0,2141.0,916.0
1.0,6027.0,3063.0,3030.0,3060.0,3066.0,3066.0,2120.0,910.0,2145.0,918.0
1.0,6024.0,3044.0,3030.0,3066.0,3044.0,3044.0,2120.0,910.0,2127.0,917.0
1.0,6046.0,3064.0,3031.0,3044.0,3067.0,3067.0,2121.0,910.0,2146.0,918.0
1.0,6026.0,3055.0,3031.0,3067.0,3055.0,3055.0,2121.0,910.0,2139.0,916.0
1.0,6038.0,3063.0,3032.0,3055.0,3066.0,3066.0,2122.0,910.0,2142.0,921.0
1.0,6030.0,3073.0,3032.0,3066.0,3073.0,3073.0,2122.0,910.0,2155.0,918.0
1.0,6023.0,3066.0,3034.0,3073.0,3072.0,3072.0,2123.0,911.0,2149.0,917.0
1.0,6030.0,3064.0,3035.0,3072.0,3067.0,3067.0,2124.0,911.0,2147.0,917.0
1.0,6038.0,3055.0,3035.0,3067.0,3055.0,3055.0,2124.0,911.0,2135.0,920.0
1.0,6050.0,3073.0,3036.0,3055.0,3076.0,3076.0,2125.0,911.0,2155.0,918.0
1.0,6032.0,3064.0,3037.0,3076.0,3067.0,3067.0,2126.0,911.0,2144.0,920.0
1.0,6044.0,3067.0,3037.0,3067.0,3067.0,3067.0,2126.0,911.0,2151.0,916.0
1.0,6044.0,3063.0,3039.0,3067.0,3069.0,3069.0,2127.0,912.0,2146.0,917.0
1.0,6048.0,3054.0,3040.0,3069.0,3057.0,3057.0,2128.0,912.0,2140.0,914.0
1.0,6063.0,3055.0,3040.0,3057.0,3055.0,3055.0,2128.0,912.0,2137.0,918.0
1.0,6065.0,3056.0,3041.0,3055.0,3059.0,3059.0,2129.0,912.0,2142.0,914.0
1.0,6064.0,3056.0,3041.0,3059.0,3056.0,3056.0,2129.0,912.0,2138.0,918.0
1.0,6067.0,3057.0,3042.0,3056.0,3060.0,3060.0,2130.0,912.0,2143.0,914.0
1.0,6066.0,3065.0,3043.0,3060.0,3068.0,3068.0,2130.0,913.0,2146.0,919.0
1.0,6061.0,3042.0,3044.0,3068.0,3045.0,3045.0,2131.0,913.0,2131.0,911.0
1.0,6087.0,3042.0,3044.0,3045.0,3042.0,3042.0,2131.0,913.0,2129.0,913.0
1.0,6090.0,3050.0,3044.0,3042.0,3050.0,3050.0,2131.0,913.0,2131.0,919.0
1.0,6082.0,3047.0,3044.0,3050.0,3047.0,3047.0,2131.0,913.0,2130.0,917.0
1.0,6085.0,3048.0,3046.0,3047.0,3054.0,3054.0,2132.0,914.0,2132.0,916.0
1.0,6084.0,3050.0,3046.0,3054.0,3050.0,3050.0,2132.0,914.0,2131.0,919.0
1.0,6088.0,3040.0,3046.0,3050.0,3040.0,3040.0,2132.0,914.0,2122.0,918.0
1.0,6098.0,3053.0,3046.0,3040.0,3053.0,3053.0,2132.0,914.0,2132.0,921.0
1.0,6085.0,3044.0,3048.0,3053.0,3050.0,3050.0,2133.0,915.0,2125.0,919.0
1.0,6094.0,3047.0,3048.0,3050.0,3047.0,3047.0,2133.0,915.0,2130.0,917.0
1.0,6097.0,3050.0,3048.0,3047.0,3050.0,3050.0,2133.0,915.0,2132.0,918.0
1.0,6094.0,3052.0,3049.0,3050.0,3055.0,3055.0,2134.0,915.0,2128.0,924.0
1.0,6092.0,3060.0,3049.0,3055.0,3060.0,3060.0,2134.0,915.0,2139.0,921.0
1.0,6087.0,3059.0,3050.0,3060.0,3062.0,3062.0,2134.0,916.0,2139.0,920.0
1.0,6088.0,3059.0,3051.0,3062.0,3062.0,3062.0,2135.0,916.0,2140.0,919.0
1.0,6091.0,3072.0,3051.0,3062.0,3072.0,3072.0,2135.0,916.0,2147.0,925.0
1.0,6081.0,3067.0,3052.0,3072.0,3070.0,3070.0,2136.0,916.0,2147.0,920.0
1.0,6086.0,3065.0,3053.0,3070.0,3068.0,3068.0,2136.0,917.0,2146.0,919.0
1.0,6091.0,3066.0,3054.0,3068.0,3069.0,3069.0,2137.0,917.0,2144.0,922.0
1.0,6093.0,3075.0,3054.0,3069.0,3075.0,3075.0,2137.0,917.0,2146.0,929.0
1.0,6087.0,3086.0,3056.0,3075.0,3092.0,3092.0,2138.0,918.0,2158.0,928.0
1.0,6076.0,3069.0,3056.0,3092.0,3069.0,3069.0,2138.0,918.0,2146.0,923.0
1.0,6099.0,3090.0,3057.0,3069.0,3093.0,3093.0,2139.0,918.0,2162.0,928.0
1.0,6078.0,3075.0,3057.0,3093.0,3075.0,3075.0,2139.0,918.0,2154.0,921.0
1.0,6096.0,3089.0,3059.0,3075.0,3095.0,3095.0,2140.0,919.0,2162.0,927.0
1.0,6082.0,3088.0,3060.0,3095.0,3091.0,3091.0,2141.0,919.0,2162.0,926.0
1.0,6089.0,3080.0,3060.0,3091.0,3080.0,3080.0,2141.0,919.0,2158.0,922.0
1.0,6100.0,3095.0,3061.0,3080.0,3098.0,3098.0,2142.0,919.0,2170.0,925.0
1.0,6085.0,3092.0,3061.0,3098.0,3092.0,3092.0,2142.0,919.0,2162.0,930.0
1.0,6091.0,3092.0,3063.0,3092.0,3098.0,3098.0,2143.0,920.0,2165.0,927.0
1.0,6091.0,3091.0,3064.0,3098.0,3094.0,3094.0,2144.0,920.0,2165.0,926.0
1.0,6098.0,3097.0,3064.0,3094.0,3097.0,3097.0,2144.0,920.0,2171.0,926.0
1.0,6095.0,3105.0,3065.0,3097.0,3108.0,3108.0,2145.0,920.0,2172.0,933.0
1.0,6087.0,3102.0,3067.0,3108.0,3108.0,3108.0,2146.0,921.0,2176.0,926.0
1.0,6093.0,3100.0,3067.0,3108.0,3100.0,3100.0,2146.0,921.0,2172.0,928.0
1.0,6101.0,3093.0,3068.0,3100.0,3096.0,3096.0,2147.0,921.0,2165.0,928.0
1.0,6108.0,3095.0,3068.0,3096.0,3095.0,3095.0,2147.0,921.0,2169.0,926.0
1.0,6109.0,3095.0,3069.0,3095.0,3098.0,3098.0,2148.0,921.0,2166.0,929.0
1.0,6109.0,3086.0,3069.0,3098.0,3086.0,3086.0,2148.0,921.0,2161.0,925.0
1.0,6121.0,3091.0,3070.0,3086.0,3094.0,3094.0,2148.0,922.0,2165.0,926.0
1.0,6116.0,3092.0,3070.0,3094.0,3092.0,3092.0,2148.0,922.0,2163.0,929.0
1.0,6118.0,3072.0,3071.0,3092.0,3075.0,3075.0,2149.0,922.0,2147.0,925.0
1.0,6138.0,3088.0,3071.0,3075.0,3088.0,3088.0,2149.0,922.0,2163.0,925.0
1.0,6125.0,3086.0,3071.0,3088.0,3086.0,3086.0,2149.0,922.0,2157.0,929.0
1.0,6127.0,3090.0,3071.0,3086.0,3090.0,3090.0,2149.0,922.0,2165.0,925.0
1.0,6123.0,3085.0,3073.0,3090.0,3091.0,3091.0,2150.0,923.0,2161.0,924.0
1.0,6128.0,3081.0,3073.0,3091.0,3081.0,3081.0,2150.0,923.0,2153.0,928.0
1.0,6138.0,3087.0,3073.0,3081.0,3087.0,3087.0,2150.0,923.0,2159.0,928.0
1.0,6132.0,3073.0,3073.0,3087.0,3073.0,3073.0,2150.0,923.0,2147.0,926.0
1.0,6146.0,3094.0,3074.0,3073.0,3097.0,3097.0,2151.0,923.0,2166.0,928.0
1.0,6125.0,3080.0,3075.0,3097.0,3083.0,3083.0,2151.0,924.0,2152.0,928.0
1.0,6142.0,3078.0,3075.0,3083.0,3078.0,3078.0,2151.0,924.0,2156.0,922.0
1.0,6147.0,3091.0,3076.0,3078.0,3094.0,3094.0,2152.0,924.0,2164.0,927.0
1.0,6134.0,3083.0,3076.0,3094.0,3083.0,3083.0,2152.0,924.0,2154.0,929.0
1.0,6145.0,3085.0,3077.0,3083.0,3088.0,3088.0,2153.0,924.0,2159.0,926.0
1.0,6143.0,3077.0,3078.0,3088.0,3080.0,3080.0,2153.0,925.0,2153.0,924.0
1.0,6154.0,3089.0,3079.0,3080.0,3092.0,3092.0,2154.0,925.0,2167.0,922.0
1.0,6145.0,3096.0,3080.0,3092.0,3099.0,3099.0,2155.0,925.0,2171.0,925.0
1.0,6141.0,3089.0,3081.0,3099.0,3092.0,3092.0,2156.0,925.0,2161.0,928.0
1.0,6151.0,3085.0,3081.0,3092.0,3085.0,3085.0,2156.0,925.0,2162.0,923.0
1.0,6158.0,3097.0,3082.0,3085.0,3100.0,3100.0,2157.0,925.0,2167.0,930.0
1.0,6146.0,3090.0,3083.0,3100.0,3093.0,3093.0,2158.0,925.0,2163.0,927.0
1.0,6156.0,3094.0,3084.0,3093.0,3097.0,3097.0,2158.0,926.0,2170.0,924.0
1.0,6155.0,3100.0,3085.0,3097.0,3103.0,3103.0,2159.0,926.0,2171.0,929.0
1.0,6152.0,3096.0,3086.0,3103.0,3099.0,3099.0,2160.0,926.0,2170.0,926.0
1.0,6159.0,3098.0,3086.0,3099.0,3098.0,3098.0,2160.0,926.0,2173.0,925.0
1.0,6160.0,3105.0,3087.0,3098.0,3108.0,3108.0,2161.0,926.0,2170.0,935.0
1.0,6153.0,3095.0,3087.0,3108.0,3095.0,3095.0,2161.0,926.0,2164.0,931.0
1.0,6166.0,3102.0,3089.0,3095.0,3108.0,3108.0,2162.0,927.0,2168.0,934.0
1.0,6159.0,3106.0,3089.0,3108.0,3106.0,3106.0,2162.0,927.0,2176.0,930.0
1.0,6161.0,3112.0,3090.0,3106.0,3115.0,3115.0,2163.0,927.0,2181.0,931.0
1.0,6155.0,3103.0,3091.0,3115.0,3106.0,3106.0,2164.0,927.0,2172.0,931.0
1.0,6167.0,3115.0,3091.0,3106.0,3115.0,3115.0,2164.0,927.0,2181.0,934.0
1.0,6158.0,3108.0,3092.0,3115.0,3111.0,3111.0,2165.0,927.0,2173.0,935.0
1.0,6165.0,3109.0,3092.0,3111.0,3109.0,3109.0,2165.0,927.0,2175.0,934.0
1.0,6167.0,3118.0,3093.0,3109.0,3121.0,3121.0,2165.0,928.0,2180.0,938.0
1.0,6158.0,3122.0,3094.0,3121.0,3125.0,3125.0,2166.0,928.0,2185.0,937.0
1.0,6157.0,3123.0,3094.0,3125.0,3123.0,3123.0,2166.0,928.0,2181.0,942.0
1.0,6159.0,3122.0,3096.0,3123.0,3128.0,3128.0,2167.0,929.0,2182.0,940.0
1.0,6160.0,3119.0,3096.0,3128.0,3119.0,3119.0,2167.0,929.0,2180.0,939.0
1.0,6169.0,3126.0,3096.0,3119.0,3126.0,3126.0,2167.0,929.0,2183.0,943.0
1.0,6162.0,3127.0,3097.0,3126.0,3130.0,3130.0,2168.0,929.0,2188.0,939.0
1.0,6161.0,3127.0,3098.0,3130.0,3130.0,3130.0,2168.0,930.0,2189.0,938.0
1.0,6164.0,3111.0,3098.0,3130.0,3111.0,3111.0,2168.0,930.0,2173.0,938.0
1.0,6183.0,3130.0,3098.0,3111.0,3130.0,3130.0,2168.0,930.0,2189.0,941.0
1.0,6164.0,3130.0,3099.0,3130.0,3133.0,3133.0,2169.0,930.0,2185.0,945.0
1.0,6164.0,3123.0,3100.0,3133.0,3126.0,3126.0,2169.0,931.0,2184.0,939.0
1.0,6174.0,3129.0,3100.0,3126.0,3129.0,3129.0,2169.0,931.0,2186.0,943.0
1.0,6171.0,3130.0,3101.0,3129.0,3133.0,3133.0,2170.0,931.0,2186.0,944.0
1.0,6170.0,3127.0,3101.0,3133.0,3127.0,3127.0,2170.0,931.0,2190.0,937.0
1.0,6176.0,3133.0,3103.0,3127.0,3139.0,3139.0,2171.0,932.0,2192.0,941.0
1.0,6170.0,3126.0,3103.0,3139.0,3126.0,3126.0,2171.0,932.0,2188.0,938.0
1.0,6183.0,3135.0,3104.0,3126.0,3138.0,3138.0,2172.0,932.0,2190.0,945.0
1.0,6174.0,3134.0,3104.0,3138.0,3134.0,3134.0,2172.0,932.0,2195.0,939.0
1.0,6178.0,3130.0,3106.0,3134.0,3136.0,3136.0,2173.0,933.0,2192.0,938.0
1.0,6182.0,3121.0,3107.0,3136.0,3124.0,3124.0,2174.0,933.0,2187.0,934.0
1.0,6197.0,3140.0,3107.0,3124.0,3140.0,3140.0,2174.0,933.0,2198.0,942.0
1.0,6181.0,3134.0,3108.0,3140.0,3137.0,3137.0,2175.0,933.0,2194.0,940.0
1.0,6187.0,3133.0,3110.0,3137.0,3139.0,3139.0,2176.0,934.0,2198.0,935.0
1.0,6191.0,3130.0,3110.0,3139.0,3130.0,3130.0,2176.0,934.0,2193.0,937.0
1.0,6200.0,3135.0,3111.0,3130.0,3138.0,3138.0,2177.0,934.0,2198.0,937.0
1.0,6195.0,3134.0,3112.0,3138.0,3137.0,3137.0,2178.0,934.0,2197.0,937.0
1.0,6199.0,3124.0,3113.0,3137.0,3127.0,3127.0,2179.0,934.0,2190.0,934.0
1.0,6212.0,3122.0,3113.0,3127.0,3122.0,3122.0,2179.0,934.0,2189.0,933.0
1.0,6217.0,3128.0,3115.0,3122.0,3134.0,3134.0,2180.0,935.0,2193.0,935.0
1.0,6211.0,3126.0,3116.0,3134.0,3129.0,3129.0,2181.0,935.0,2192.0,934.0
1.0,6219.0,3131.0,3116.0,3129.0,3131.0,3131.0,2181.0,935.0,2195.0,936.0
1.0,6217.0,3127.0,3117.0,3131.0,3130.0,3130.0,2182.0,935.0,2188.0,939.0
1.0,6221.0,3118.0,3117.0,3130.0,3118.0,3118.0,2182.0,935.0,2188.0,930.0
1.0,6233.0,3118.0,3119.0,3118.0,3124.0,3124.0,2183.0,936.0,2185.0,933.0
1.0,6233.0,3119.0,3119.0,3124.0,3119.0,3119.0,2183.0,936.0,2185.0,934.0
1.0,6238.0,3121.0,3120.0,3119.0,3124.0,3124.0,2184.0,936.0,2185.0,936.0
1.0,6236.0,3116.0,3120.0,3124.0,3116.0,3116.0,2184.0,936.0,2182.0,934.0
1.0,6244.0,3123.0,3120.0,3116.0,3123.0,3123.0,2184.0,936.0,2183.0,940.0
1.0,6237.0,3124.0,3121.0,3123.0,3127.0,3127.0,2185.0,936.0,2190.0,934.0
1.0,6236.0,3116.0,3121.0,3127.0,3116.0,3116.0,2185.0,936.0,2182.0,934.0
1.0,6247.0,3127.0,3122.0,3116.0,3130.0,3130.0,2185.0,937.0,2190.0,937.0
1.0,6236.0,3113.0,3122.0,3130.0,3113.0,3113.0,2185.0,937.0,2179.0,934.0
1.0,6253.0,3122.0,3123.0,3113.0,3125.0,3125.0,2186.0,937.0,2184.0,938.0
1.0,6244.0,3126.0,3123.0,3125.0,3126.0,3126.0,2186.0,937.0,2188.0,938.0
1.0,6243.0,3125.0,3123.0,3126.0,3125.0,3125.0,2186.0,937.0,2185.0,940.0
1.0,6244.0,3129.0,3124.0,3125.0,3132.0,3132.0,2187.0,937.0,2190.0,939.0
1.0,6240.0,3141.0,3125.0,3132.0,3144.0,3144.0,2187.0,938.0,2199.0,942.0
1.0,6231.0,3133.0,3125.0,3144.0,3133.0,3133.0,2187.0,938.0,2194.0,939.0
1.0,6242.0,3153.0,3126.0,3133.0,3156.0,3156.0,2188.0,938.0,2205.0,948.0
1.0,6222.0,3143.0,3126.0,3156.0,3143.0,3143.0,2188.0,938.0,2198.0,945.0
1.0,6235.0,3142.0,3127.0,3143.0,3145.0,3145.0,2189.0,938.0,2198.0,944.0
1.0,6236.0,3155.0,3128.0,3145.0,3158.0,3158.0,2189.0,939.0,2208.0,947.0
1.0,6226.0,3150.0,3129.0,3158.0,3153.0,3153.0,2190.0,939.0,2202.0,948.0
1.0,6234.0,3148.0,3129.0,3153.0,3148.0,3148.0,2190.0,939.0,2204.0,944.0
1.0,6239.0,3161.0,3130.0,3148.0,3164.0,3164.0,2191.0,939.0,2211.0,950.0
1.0,6226.0,3160.0,3130.0,3164.0,3160.0,3160.0,2191.0,939.0,2208.0,952.0
1.0,6230.0,3159.0,3131.0,3160.0,3162.0,3162.0,2192.0,939.0,2210.0,949.0
1.0,6231.0,3156.0,3132.0,3162.0,3159.0,3159.0,2192.0,940.0,2210.0,946.0
1.0,6237.0,3165.0,3133.0,3159.0,3168.0,3168.0,2193.0,940.0,2217.0,948.0
1.0,6231.0,3163.0,3134.0,3168.0,3166.0,3166.0,2194.0,940.0,2213.0,950.0
1.0,6236.0,3176.0,3134.0,3166.0,3176.0,3176.0,2194.0,940.0,2224.0,952.0
1.0,6226.0,3167.0,3135.0,3176.0,3170.0,3170.0,2195.0,940.0,2218.0,949.0
1.0,6235.0,3168.0,3135.0,3170.0,3168.0,3168.0,2195.0,940.0,2216.0,952.0
1.0,6237.0,3160.0,3137.0,3168.0,3166.0,3166.0,2196.0,941.0,2212.0,948.0
1.0,6245.0,3171.0,3138.0,3166.0,3174.0,3174.0,2197.0,941.0,2220.0,951.0
1.0,6240.0,3175.0,3138.0,3174.0,3175.0,3175.0,2197.0,941.0,2224.0,951.0
1.0,6239.0,3173.0,3139.0,3175.0,3176.0,3176.0,2198.0,941.0,2220.0,953.0
1.0,6241.0,3180.0,3140.0,3176.0,3183.0,3183.0,2199.0,941.0,2230.0,950.0
1.0,6237.0,3178.0,3141.0,3183.0,3181.0,3181.0,2199.0,942.0,2229.0,949.0
1.0,6242.0,3165.0,3142.0,3181.0,3168.0,3168.0,2200.0,942.0,2213.0,952.0
1.0,6258.0,3168.0,3142.0,3168.0,3168.0,3168.0,2200.0,942.0,2217.0,951.0
1.0,6258.0,3158.0,3143.0,3168.0,3161.0,3161.0,2201.0,942.0,2206.0,952.0
1.0,6268.0,3156.0,3143.0,3161.0,3156.0,3156.0,2201.0,942.0,2207.0,949.0
1.0,6273.0,3153.0,3144.0,3156.0,3156.0,3156.0,2201.0,943.0,2204.0,949.0
1.0,6276.0,3162.0,3144.0,3156.0,3162.0,3162.0,2201.0,943.0,2212.0,950.0
1.0,6270.0,3156.0,3144.0,3162.0,3156.0,3156.0,2201.0,943.0,2207.0,949.0
1.0,6276.0,3161.0,3145.0,3156.0,3164.0,3164.0,2202.0,943.0,2211.0,950.0
1.0,6271.0,3157.0,3146.0,3164.0,3160.0,3160.0,2202.0,944.0,2207.0,950.0
1.0,6278.0,3151.0,3146.0,3160.0,3151.0,3151.0,2202.0,944.0,2203.0,948.0
1.0,6287.0,3155.0,3146.0,3151.0,3155.0,3155.0,2202.0,944.0,2203.0,952.0
1.0,6283.0,3143.0,3147.0,3155.0,3146.0,3146.0,2202.0,945.0,2196.0,947.0
1.0,6295.0,3149.0,3148.0,3146.0,3152.0,3152.0,2203.0,945.0,2204.0,945.0
1.0,6292.0,3152.0,3148.0,3152.0,3152.0,3152.0,2203.0,945.0,2207.0,945.0
1.0,6292.0,3141.0,3148.0,3152.0,3141.0,3141.0,2203.0,945.0,2198.0,943.0
1.0,6303.0,3156.0,3148.0,3141.0,3156.0,3156.0,2203.0,945.0,2206.0,950.0
1.0,6288.0,3157.0,3150.0,3156.0,3163.0,3163.0,2204.0,946.0,2210.0,947.0
1.0,6287.0,3160.0,3150.0,3163.0,3160.0,3160.0,2204.0,946.0,2214.0,946.0
1.0,6290.0,3151.0,3151.0,3160.0,3154.0,3154.0,2205.0,946.0,2207.0,944.0
1.0,6299.0,3159.0,3151.0,3154.0,3159.0,3159.0,2205.0,946.0,2210.0,949.0
1.0,6294.0,3158.0,3152.0,3159.0,3161.0,3161.0,2206.0,946.0,2213.0,945.0
1.0,6295.0,3163.0,3154.0,3161.0,3169.0,3169.0,2207.0,947.0,2219.0,944.0
1.0,6293.0,3167.0,3154.0,3169.0,3167.0,3167.0,2207.0,947.0,2221.0,946.0
1.0,6295.0,3168.0,3155.0,3167.0,3171.0,3171.0,2208.0,947.0,2221.0,947.0
1.0,6294.0,3166.0,3156.0,3171.0,3169.0,3169.0,2209.0,947.0,2218.0,948.0
1.0,6299.0,3169.0,3157.0,3169.0,3172.0,3172.0,2209.0,948.0,2219.0,950.0
1.0,6299.0,3170.0,3158.0,3172.0,3173.0,3173.0,2210.0,948.0,2220.0,950.0
1.0,6301.0,3162.0,3159.0,3173.0,3165.0,3165.0,2211.0,948.0,2215.0,947.0
1.0,6312.0,3169.0,3159.0,3165.0,3169.0,3169.0,2211.0,948.0,2223.0,946.0
1.0,6308.0,3173.0,3160.0,3169.0,3176.0,3176.0,2212.0,948.0,2224.0,949.0
1.0,6304.0,3181.0,3160.0,3176.0,3181.0,3181.0,2212.0,948.0,2229.0,952.0
1.0,6299.0,3176.0,3161.0,3181.0,3179.0,3179.0,2213.0,948.0,2226.0,950.0
1.0,6304.0,3191.0,3163.0,3179.0,3197.0,3197.0,2214.0,949.0,2239.0,952.0
1.0,6292.0,3189.0,3163.0,3197.0,3189.0,3189.0,2214.0,949.0,2236.0,953.0
1.0,6300.0,3174.0,3164.0,3189.0,3177.0,3177.0,2215.0,949.0,2223.0,951.0
1.0,6315.0,3186.0,3164.0,3177.0,3186.0,3186.0,2215.0,949.0,2232.0,954.0
1.0,6306.0,3193.0,3165.0,3186.0,3196.0,3196.0,2216.0,949.0,2235.0,958.0
1.0,6299.0,3194.0,3165.0,3196.0,3194.0,3194.0,2216.0,949.0,2237.0,957.0
1.0,6301.0,3191.0,3166.0,3194.0,3194.0,3194.0,2217.0,949.0,2235.0,956.0
1.0,6304.0,3191.0,3167.0,3194.0,3194.0,3194.0,2217.0,950.0,2232.0,959.0
1.0,6307.0,3191.0,3168.0,3194.0,3194.0,3194.0,2218.0,950.0,2233.0,958.0
1.0,6310.0,3206.0,3168.0,3194.0,3206.0,3206.0,2218.0,950.0,2249.0,957.0
1.0,6298.0,3194.0,3169.0,3206.0,3197.0,3197.0,2219.0,950.0,2233.0,961.0
1.0,6310.0,3190.0,3169.0,3197.0,3190.0,3190.0,2219.0,950.0,2232.0,958.0
1.0,6317.0,3193.0,3170.0,3190.0,3196.0,3196.0,2219.0,951.0,2235.0,958.0
1.0,6314.0,3190.0,3170.0,3196.0,3190.0,3190.0,2219.0,951.0,2233.0,957.0
1.0,6320.0,3203.0,3171.0,3190.0,3206.0,3206.0,2220.0,951.0,2243.0,960.0
1.0,6307.0,3188.0,3171.0,3206.0,3188.0,3188.0,2220.0,951.0,2232.0,956.0
1.0,6325.0,3201.0,3171.0,3188.0,3201.0,3201.0,2220.0,951.0,2238.0,963.0
1.0,6312.0,3194.0,3172.0,3201.0,3197.0,3197.0,2221.0,951.0,2236.0,958.0
1.0,6319.0,3194.0,3172.0,3197.0,3194.0,3194.0,2221.0,951.0,2235.0,959.0
1.0,6322.0,3188.0,3173.0,3194.0,3191.0,3191.0,2221.0,952.0,2230.0,958.0
1.0,6328.0,3193.0,3173.0,3191.0,3193.0,3193.0,2221.0,952.0,2232.0,961.0
1.0,6326.0,3197.0,3174.0,3193.0,3200.0,3200.0,2222.0,952.0,2238.0,959.0
1.0,6322.0,3197.0,3174.0,3200.0,3197.0,3197.0,2222.0,952.0,2234.0,963.0
1.0,6325.0,3213.0,3175.0,3197.0,3216.0,3216.0,2223.0,952.0,2254.0,959.0
1.0,6309.0,3195.0,3176.0,3216.0,3198.0,3198.0,2224.0,952.0,2240.0,955.0
1.0,6330.0,3202.0,3177.0,3198.0,3205.0,3205.0,2224.0,953.0,2242.0,960.0
1.0,6326.0,3203.0,3178.0,3205.0,3206.0,3206.0,2225.0,953.0,2244.0,959.0
1.0,6328.0,3194.0,3179.0,3206.0,3197.0,3197.0,2226.0,953.0,2237.0,957.0
1.0,6340.0,3204.0,3179.0,3197.0,3204.0,3204.0,2226.0,953.0,2243.0,961.0
1.0,6333.0,3197.0,3180.0,3204.0,3200.0,3200.0,2227.0,953.0,2239.0,958.0
1.0,6340.0,3201.0,3182.0,3200.0,3207.0,3207.0,2228.0,954.0,2242.0,959.0
1.0,6339.0,3193.0,3182.0,3207.0,3193.0,3193.0,2228.0,954.0,2231.0,962.0
1.0,6353.0,3203.0,3183.0,3193.0,3206.0,3206.0,2229.0,954.0,2240.0,963.0
1.0,6343.0,3186.0,3184.0,3206.0,3189.0,3189.0,2230.0,954.0,2230.0,956.0
1.0,6363.0,3193.0,3185.0,3189.0,3196.0,3196.0,2230.0,955.0,2236.0,957.0
1.0,6359.0,3196.0,3186.0,3196.0,3199.0,3199.0,2231.0,955.0,2240.0,956.0
1.0,6359.0,3196.0,3187.0,3199.0,3199.0,3199.0,2232.0,955.0,2242.0,954.0
1.0,6362.0,3196.0,3187.0,3199.0,3196.0,3196.0,2232.0,955.0,2233.0,963.0
1.0,6365.0,3194.0,3188.0,3196.0,3197.0,3197.0,2232.0,956.0,2236.0,958.0
1.0,6367.0,3194.0,3189.0,3197.0,3197.0,3197.0,2233.0,956.0,2232.0,962.0
1.0,6370.0,3203.0,3189.0,3197.0,3203.0,3203.0,2233.0,956.0,2239.0,964.0
1.0,6364.0,3194.0,3190.0,3203.0,3197.0,3197.0,2234.0,956.0,2234.0,960.0
1.0,6373.0,3190.0,3191.0,3197.0,3193.0,3193.0,2234.0,957.0,2229.0,961.0
1.0,6380.0,3199.0,3191.0,3193.0,3199.0,3199.0,2234.0,957.0,2237.0,962.0
1.0,6374.0,3200.0,3192.0,3199.0,3203.0,3203.0,2235.0,957.0,2239.0,961.0
1.0,6373.0,3199.0,3192.0,3203.0,3199.0,3199.0,2235.0,957.0,2237.0,962.0
1.0,6377.0,3202.0,3193.0,3199.0,3205.0,3205.0,2235.0,958.0,2242.0,960.0
1.0,6374.0,3194.0,3194.0,3205.0,3197.0,3197.0,2236.0,958.0,2237.0,957.0
1.0,6385.0,3209.0,3194.0,3197.0,3209.0,3209.0,2236.0,958.0,2244.0,965.0
1.0,6373.0,3196.0,3194.0,3209.0,3196.0,3196.0,2236.0,958.0,2234.0,962.0
1.0,6386.0,3199.0,3195.0,3196.0,3202.0,3202.0,2236.0,959.0,2237.0,962.0
1.0,6383.0,3205.0,3196.0,3202.0,3208.0,3208.0,2237.0,959.0,2240.0,965.0
1.0,6380.0,3220.0,3196.0,3208.0,3220.0,3220.0,2237.0,959.0,2252.0,968.0
1.0,6368.0,3215.0,3197.0,3220.0,3218.0,3218.0,2237.0,960.0,2250.0,965.0
1.0,6373.0,3211.0,3198.0,3218.0,3214.0,3214.0,2238.0,960.0,2249.0,962.0
1.0,6380.0,3223.0,3198.0,3214.0,3223.0,3223.0,2238.0,960.0,2255.0,968.0
1.0,6371.0,3221.0,3199.0,3223.0,3224.0,3224.0,2239.0,960.0,2253.0,968.0
1.0,6373.0,3227.0,3199.0,3224.0,3227.0,3227.0,2239.0,960.0,2268.0,959.0
1.0,6370.0,3217.0,3200.0,3227.0,3220.0,3220.0,2240.0,960.0,2254.0,963.0
1.0,6380.0,3235.0,3200.0,3220.0,3235.0,3235.0,2240.0,960.0,2268.0,967.0
1.0,6365.0,3227.0,3202.0,3235.0,3233.0,3233.0,2241.0,961.0,2259.0,968.0
1.0,6373.0,3232.0,3202.0,3233.0,3232.0,3232.0,2241.0,961.0,2264.0,968.0
1.0,6374.0,3225.0,3203.0,3232.0,3228.0,3228.0,2242.0,961.0,2258.0,967.0
1.0,6381.0,3238.0,3203.0,3228.0,3238.0,3238.0,2242.0,961.0,2265.0,973.0
1.0,6371.0,3236.0,3205.0,3238.0,3242.0,3242.0,2243.0,962.0,2268.0,968.0
1.0,6373.0,3230.0,3205.0,3242.0,3230.0,3230.0,2243.0,962.0,2263.0,967.0
1.0,6385.0,3236.0,3206.0,3230.0,3239.0,3239.0,2244.0,962.0,2265.0,971.0
1.0,6379.0,3243.0,3206.0,3239.0,3243.0,3243.0,2244.0,962.0,2269.0,974.0
1.0,6375.0,3236.0,3207.0,3243.0,3239.0,3239.0,2245.0,962.0,2267.0,969.0
1.0,6382.0,3240.0,3209.0,3239.0,3246.0,3246.0,2246.0,963.0,2271.0,969.0
1.0,6381.0,3241.0,3209.0,3246.0,3241.0,3241.0,2246.0,963.0,2273.0,968.0
1.0,6386.0,3238.0,3210.0,3241.0,3241.0,3241.0,2247.0,963.0,2269.0,969.0
1.0,6389.0,3235.0,3211.0,3241.0,3238.0,3238.0,2248.0,963.0,2269.0,966.0
1.0,6395.0,3234.0,3212.0,3238.0,3237.0,3237.0,2249.0,963.0,2271.0,963.0
1.0,6399.0,3239.0,3212.0,3237.0,3239.0,3239.0,2249.0,963.0,2267.0,972.0
1.0,6397.0,3224.0,3212.0,3239.0,3224.0,3224.0,2249.0,963.0,2257.0,967.0
1.0,6412.0,3238.0,3214.0,3224.0,3244.0,3244.0,2250.0,964.0,2270.0,968.0
1.0,6398.0,3227.0,3214.0,3244.0,3227.0,3227.0,2250.0,964.0,2259.0,968.0
1.0,6415.0,3230.0,3215.0,3227.0,3233.0,3233.0,2251.0,964.0,2264.0,966.0
1.0,6412.0,3241.0,3215.0,3233.0,3241.0,3241.0,2251.0,964.0,2271.0,970.0
1.0,6404.0,3228.0,3216.0,3241.0,3231.0,3231.0,2252.0,964.0,2260.0,968.0
1.0,6417.0,3231.0,3217.0,3231.0,3234.0,3234.0,2252.0,965.0,2266.0,965.0
1.0,6417.0,3216.0,3217.0,3234.0,3216.0,3216.0,2252.0,965.0,2253.0,963.0
1.0,6435.0,3220.0,3218.0,3216.0,3223.0,3223.0,2253.0,965.0,2254.0,966.0
1.0,6431.0,3228.0,3218.0,3223.0,3228.0,3228.0,2253.0,965.0,2262.0,966.0
1.0,6426.0,3213.0,3218.0,3228.0,3213.0,3213.0,2253.0,965.0,2249.0,964.0
1.0,6441.0,3213.0,3219.0,3213.0,3216.0,3216.0,2254.0,965.0,2247.0,966.0
1.0,6441.0,3225.0,3219.0,3216.0,3225.0,3225.0,2254.0,965.0,2254.0,971.0
1.0,6432.0,3219.0,3220.0,3225.0,3222.0,3222.0,2254.0,966.0,2253.0,966.0
1.0,6438.0,3219.0,3221.0,3222.0,3222.0,3222.0,2255.0,966.0,2253.0,966.0
1.0,6441.0,3223.0,3221.0,3222.0,3223.0,3223.0,2255.0,966.0,2253.0,970.0
1.0,6440.0,3228.0,3221.0,3223.0,3228.0,3228.0,2255.0,966.0,2257.0,971.0
1.0,6435.0,3228.0,3222.0,3228.0,3231.0,3231.0,2256.0,966.0,2254.0,974.0
1.0,6435.0,3219.0,3222.0,3231.0,3219.0,3219.0,2256.0,966.0,2252.0,967.0
1.0,6447.0,3227.0,3223.0,3219.0,3230.0,3230.0,2256.0,967.0,2255.0,972.0
1.0,6439.0,3231.0,3224.0,3230.0,3234.0,3234.0,2257.0,967.0,2263.0,968.0
1.0,6438.0,3234.0,3224.0,3234.0,3234.0,3234.0,2257.0,967.0,2263.0,971.0
1.0,6438.0,3245.0,3225.0,3234.0,3248.0,3248.0,2258.0,967.0,2272.0,973.0
1.0,6427.0,3236.0,3225.0,3248.0,3236.0,3236.0,2258.0,967.0,2261.0,975.0
1.0,6439.0,3243.0,3227.0,3236.0,3249.0,3249.0,2259.0,968.0,2265.0,978.0
1.0,6432.0,3244.0,3228.0,3249.0,3247.0,3247.0,2260.0,968.0,2271.0,973.0
1.0,6437.0,3246.0,3228.0,3247.0,3246.0,3246.0,2260.0,968.0,2268.0,978.0
1.0,6438.0,3249.0,3229.0,3246.0,3252.0,3252.0,2261.0,968.0,2276.0,973.0
1.0,6435.0,3248.0,3231.0,3252.0,3254.0,3254.0,2262.0,969.0,2274.0,974.0
1.0,6439.0,3258.0,3231.0,3254.0,3258.0,3258.0,2262.0,969.0,2285.0,973.0
1.0,6435.0,3258.0,3232.0,3258.0,3261.0,3261.0,2263.0,969.0,2281.0,977.0
1.0,6435.0,3269.0,3233.0,3261.0,3272.0,3272.0,2264.0,969.0,2287.0,982.0
1.0,6427.0,3260.0,3234.0,3272.0,3263.0,3263.0,2264.0,970.0,2281.0,979.0
1.0,6439.0,3255.0,3234.0,3263.0,3255.0,3255.0,2264.0,970.0,2275.0,980.0
1.0,6447.0,3268.0,3235.0,3255.0,3271.0,3271.0,2265.0,970.0,2285.0,983.0
1.0,6434.0,3267.0,3236.0,3271.0,3270.0,3270.0,2265.0,971.0,2289.0,978.0
1.0,6438.0,3275.0,3237.0,3270.0,3278.0,3278.0,2266.0,971.0,2297.0,978.0
1.0,6433.0,3263.0,3238.0,3278.0,3266.0,3266.0,2267.0,971.0,2285.0,978.0
1.0,6448.0,3261.0,3238.0,3266.0,3261.0,3261.0,2267.0,971.0,2279.0,982.0
1.0,6453.0,3266.0,3238.0,3261.0,3266.0,3266.0,2267.0,971.0,2288.0,978.0
1.0,6448.0,3271.0,3240.0,3266.0,3277.0,3277.0,2268.0,972.0,2291.0,980.0
1.0,6443.0,3268.0,3240.0,3277.0,3268.0,3268.0,2268.0,972.0,2287.0,981.0
1.0,6452.0,3267.0,3241.0,3268.0,3270.0,3270.0,2269.0,972.0,2282.0,985.0
1.0,6453.0,3263.0,3241.0,3270.0,3263.0,3263.0,2269.0,972.0,2287.0,976.0
1.0,6460.0,3265.0,3241.0,3263.0,3265.0,3265.0,2269.0,972.0,2288.0,977.0
1.0,6458.0,3257.0,3242.0,3265.0,3260.0,3260.0,2270.0,972.0,2278.0,979.0
1.0,6466.0,3260.0,3243.0,3260.0,3263.0,3263.0,2270.0,973.0,2278.0,982.0
1.0,6466.0,3266.0,3243.0,3263.0,3266.0,3266.0,2270.0,973.0,2288.0,978.0
1.0,6463.0,3271.0,3243.0,3266.0,3271.0,3271.0,2270.0,973.0,2291.0,980.0
1.0,6458.0,3262.0,3244.0,3271.0,3265.0,3265.0,2271.0,973.0,2281.0,981.0
1.0,6467.0,3270.0,3245.0,3265.0,3273.0,3273.0,2271.0,974.0,2290.0,980.0
1.0,6462.0,3258.0,3245.0,3273.0,3258.0,3258.0,2271.0,974.0,2277.0,981.0
1.0,6477.0,3261.0,3246.0,3258.0,3264.0,3264.0,2272.0,974.0,2278.0,983.0
1.0,6474.0,3251.0,3246.0,3264.0,3251.0,3251.0,2272.0,974.0,2273.0,978.0
1.0,6487.0,3265.0,3247.0,3251.0,3268.0,3268.0,2272.0,975.0,2286.0,979.0
1.0,6473.0,3256.0,3247.0,3268.0,3256.0,3256.0,2272.0,975.0,2277.0,979.0
1.0,6485.0,3263.0,3248.0,3256.0,3266.0,3266.0,2273.0,975.0,2286.0,977.0
1.0,6478.0,3264.0,3248.0,3266.0,3264.0,3264.0,2273.0,975.0,2285.0,979.0
1.0,6480.0,3257.0,3249.0,3264.0,3260.0,3260.0,2274.0,975.0,2280.0,977.0
1.0,6487.0,3267.0,3250.0,3260.0,3270.0,3270.0,2274.0,976.0,2289.0,978.0
1.0,6480.0,3250.0,3251.0,3270.0,3253.0,3253.0,2275.0,976.0,2276.0,974.0
1.0,6500.0,3274.0,3251.0,3253.0,3274.0,3274.0,2275.0,976.0,2293.0,981.0
1.0,6479.0,3255.0,3252.0,3274.0,3258.0,3258.0,2276.0,976.0,2282.0,973.0
1.0,6498.0,3257.0,3254.0,3258.0,3263.0,3263.0,2277.0,977.0,2282.0,975.0
1.0,6499.0,3261.0,3254.0,3263.0,3261.0,3261.0,2277.0,977.0,2284.0,977.0
1.0,6501.0,3259.0,3255.0,3261.0,3262.0,3262.0,2278.0,977.0,2284.0,975.0
1.0,6503.0,3260.0,3255.0,3262.0,3260.0,3260.0,2278.0,977.0,2284.0,976.0
1.0,6505.0,3266.0,3256.0,3260.0,3269.0,3269.0,2279.0,977.0,2292.0,974.0
1.0,6499.0,3263.0,3257.0,3269.0,3266.0,3266.0,2280.0,977.0,2287.0,976.0
1.0,6505.0,3281.0,3258.0,3266.0,3284.0,3284.0,2281.0,977.0,2303.0,978.0
1.0,6490.0,3270.0,3259.0,3284.0,3273.0,3273.0,2281.0,978.0,2292.0,978.0
1.0,6504.0,3268.0,3260.0,3273.0,3271.0,3271.0,2282.0,978.0,2292.0,976.0
1.0,6509.0,3275.0,3261.0,3271.0,3278.0,3278.0,2283.0,978.0,2293.0,982.0
1.0,6505.0,3269.0,3261.0,3278.0,3269.0,3269.0,2283.0,978.0,2288.0,981.0
1.0,6514.0,3269.0,3261.0,3269.0,3269.0,3269.0,2283.0,978.0,2286.0,983.0
1.0,6514.0,3269.0,3262.0,3269.0,3272.0,3272.0,2284.0,978.0,2288.0,981.0
1.0,6514.0,3262.0,3262.0,3272.0,3262.0,3262.0,2284.0,978.0,2282.0,980.0
1.0,6524.0,3273.0,3264.0,3262.0,3279.0,3279.0,2285.0,979.0,2293.0,980.0
1.0,6513.0,3275.0,3264.0,3279.0,3275.0,3275.0,2285.0,979.0,2290.0,985.0
1.0,6517.0,3281.0,3265.0,3275.0,3284.0,3284.0,2286.0,979.0,2299.0,982.0
1.0,6511.0,3274.0,3265.0,3284.0,3274.0,3274.0,2286.0,979.0,2287.0,987.0
1.0,6521.0,3290.0,3265.0,3274.0,3290.0,3290.0,2286.0,979.0,2297.0,993.0
1.0,6505.0,3267.0,3266.0,3290.0,3270.0,3270.0,2286.0,980.0,2282.0,985.0
1.0,6528.0,3274.0,3266.0,3270.0,3274.0,3274.0,2286.0,980.0,2285.0,989.0
1.0,6524.0,3288.0,3266.0,3274.0,3288.0,3288.0,2286.0,980.0,2301.0,987.0
1.0,6510.0,3297.0,3267.0,3288.0,3300.0,3300.0,2287.0,980.0,2305.0,992.0
1.0,6501.0,3282.0,3267.0,3300.0,3282.0,3282.0,2287.0,980.0,2296.0,986.0
1.0,6519.0,3293.0,3267.0,3282.0,3293.0,3293.0,2287.0,980.0,2304.0,989.0
1.0,6508.0,3295.0,3269.0,3293.0,3301.0,3301.0,2288.0,981.0,2304.0,991.0
1.0,6506.0,3308.0,3269.0,3301.0,3308.0,3308.0,2288.0,981.0,2316.0,992.0
1.0,6499.0,3294.0,3270.0,3308.0,3297.0,3297.0,2289.0,981.0,2302.0,992.0
1.0,6513.0,3299.0,3270.0,3297.0,3299.0,3299.0,2289.0,981.0,2309.0,990.0
1.0,6511.0,3304.0,3271.0,3299.0,3307.0,3307.0,2289.0,982.0,2311.0,993.0
1.0,6506.0,3304.0,3272.0,3307.0,3307.0,3307.0,2290.0,982.0,2312.0,992.0
1.0,6509.0,3312.0,3273.0,3307.0,3315.0,3315.0,2291.0,982.0,2321.0,991.0
1.0,6504.0,3314.0,3273.0,3315.0,3314.0,3314.0,2291.0,982.0,2320.0,994.0
1.0,6505.0,3302.0,3275.0,3314.0,3308.0,3308.0,2292.0,983.0,2311.0,991.0
1.0,6517.0,3317.0,3276.0,3308.0,3320.0,3320.0,2293.0,983.0,2324.0,993.0
1.0,6508.0,3308.0,3276.0,3320.0,3308.0,3308.0,2293.0,983.0,2315.0,993.0
1.0,6520.0,3303.0,3277.0,3308.0,3306.0,3306.0,2294.0,983.0,2307.0,996.0
1.0,6525.0,3314.0,3278.0,3306.0,3317.0,3317.0,2294.0,984.0,2321.0,993.0
1.0,6517.0,3315.0,3279.0,3317.0,3318.0,3318.0,2295.0,984.0,2320.0,995.0
1.0,6519.0,3309.0,3279.0,3318.0,3309.0,3309.0,2295.0,984.0,2314.0,995.0
1.0,6528.0,3310.0,3280.0,3309.0,3313.0,3313.0,2296.0,984.0,2320.0,990.0
1.0,6527.0,3301.0,3282.0,3313.0,3307.0,3307.0,2297.0,985.0,2306.0,995.0
1.0,6539.0,3304.0,3283.0,3307.0,3307.0,3307.0,2298.0,985.0,2313.0,991.0
1.0,6542.0,3307.0,3283.0,3307.0,3307.0,3307.0,2298.0,985.0,2315.0,992.0
1.0,6542.0,3302.0,3284.0,3307.0,3305.0,3305.0,2299.0,985.0,2314.0,988.0
1.0,6547.0,3304.0,3284.0,3305.0,3304.0,3304.0,2299.0,985.0,2315.0,989.0
1.0,6548.0,3302.0,3286.0,3304.0,3308.0,3308.0,2300.0,986.0,2312.0,990.0
1.0,6550.0,3297.0,3287.0,3308.0,3300.0,3300.0,2301.0,986.0,2312.0,985.0
1.0,6561.0,3290.0,3287.0,3300.0,3290.0,3290.0,2301.0,986.0,2302.0,988.0
1.0,6571.0,3299.0,3287.0,3290.0,3299.0,3299.0,2301.0,986.0,2307.0,992.0
1.0,6562.0,3290.0,3289.0,3299.0,3296.0,3296.0,2302.0,987.0,2302.0,988.0
1.0,6571.0,3291.0,3289.0,3296.0,3291.0,3291.0,2302.0,987.0,2308.0,983.0
1.0,6576.0,3294.0,3290.0,3291.0,3297.0,3297.0,2303.0,987.0,2307.0,987.0
1.0,6573.0,3289.0,3290.0,3297.0,3289.0,3289.0,2303.0,987.0,2298.0,991.0
1.0,6581.0,3291.0,3290.0,3289.0,3291.0,3291.0,2303.0,987.0,2302.0,989.0
1.0,6579.0,3286.0,3292.0,3291.0,3292.0,3292.0,2304.0,988.0,2301.0,985.0
1.0,6584.0,3294.0,3292.0,3292.0,3294.0,3294.0,2304.0,988.0,2307.0,987.0
1.0,6582.0,3298.0,3292.0,3294.0,3298.0,3298.0,2304.0,988.0,2307.0,991.0
1.0,6578.0,3288.0,3292.0,3298.0,3288.0,3288.0,2304.0,988.0,2299.0,989.0
1.0,6588.0,3293.0,3293.0,3288.0,3296.0,3296.0,2304.0,989.0,2303.0,990.0
1.0,6583.0,3286.0,3293.0,3296.0,3286.0,3286.0,2304.0,989.0,2298.0,988.0
1.0,6593.0,3303.0,3294.0,3286.0,3306.0,3306.0,2305.0,989.0,2314.0,989.0
1.0,6576.0,3299.0,3294.0,3306.0,3299.0,3299.0,2305.0,989.0,2312.0,987.0
1.0,6583.0,3307.0,3295.0,3299.0,3310.0,3310.0,2306.0,989.0,2315.0,992.0
1.0,6575.0,3295.0,3295.0,3310.0,3295.0,3295.0,2306.0,989.0,2307.0,988.0
1.0,6590.0,3305.0,3297.0,3295.0,3311.0,3311.0,2307.0,990.0,2314.0,991.0
1.0,6580.0,3301.0,3297.0,3311.0,3301.0,3301.0,2307.0,990.0,2310.0,991.0
1.0,6590.0,3318.0,3298.0,3301.0,3321.0,3321.0,2308.0,990.0,2327.0,991.0
1.0,6573.0,3312.0,3298.0,3321.0,3312.0,3312.0,2308.0,990.0,2317.0,995.0
1.0,6582.0,3317.0,3299.0,3312.0,3320.0,3320.0,2309.0,990.0,2325.0,992.0
1.0,6577.0,3319.0,3300.0,3320.0,3322.0,3322.0,2310.0,990.0,2325.0,994.0
1.0,6578.0,3323.0,3301.0,3322.0,3326.0,3326.0,2310.0,991.0,2326.0,997.0
1.0,6577.0,3328.0,3302.0,3326.0,3331.0,3331.0,2311.0,991.0,2333.0,995.0
1.0,6575.0,3330.0,3303.0,3331.0,3333.0,3333.0,2312.0,991.0,2332.0,998.0
1.0,6576.0,3328.0,3303.0,3333.0,3328.0,3328.0,2312.0,991.0,2332.0,996.0
1.0,6581.0,3332.0,3304.0,3328.0,3335.0,3335.0,2313.0,991.0,2334.0,998.0
1.0,6577.0,3328.0,3305.0,3335.0,3331.0,3331.0,2314.0,991.0,2331.0,997.0
1.0,6584.0,3345.0,3306.0,3331.0,3348.0,3348.0,2314.0,992.0,2343.0,1002.0
1.0,6570.0,3337.0,3307.0,3348.0,3340.0,3340.0,2315.0,992.0,2340.0,997.0
1.0,6581.0,3342.0,3308.0,3340.0,3345.0,3345.0,2316.0,992.0,2343.0,999.0
1.0,6579.0,3348.0,3308.0,3345.0,3348.0,3348.0,2316.0,992.0,2344.0,1004.0
1.0,6576.0,3341.0,3309.0,3348.0,3344.0,3344.0,2317.0,992.0,2341.0,1000.0
1.0,6583.0,3345.0,3309.0,3344.0,3345.0,3345.0,2317.0,992.0,2343.0,1002.0
1.0,6582.0,3338.0,3311.0,3345.0,3344.0,3344.0,2318.0,993.0,2337.0,1001.0
1.0,6589.0,3347.0,3311.0,3344.0,3347.0,3347.0,2318.0,993.0,2344.0,1003.0
1.0,6586.0,3339.0,3312.0,3347.0,3342.0,3342.0,2319.0,993.0,2339.0,1000.0
1.0,6594.0,3349.0,3312.0,3342.0,3349.0,3349.0,2319.0,993.0,2341.0,1008.0
1.0,6587.0,3341.0,3313.0,3349.0,3344.0,3344.0,2320.0,993.0,2340.0,1001.0
1.0,6595.0,3332.0,3313.0,3344.0,3332.0,3332.0,2320.0,993.0,2335.0,997.0
1.0,6607.0,3328.0,3314.0,3332.0,3331.0,3331.0,2320.0,994.0,2326.0,1002.0
1.0,6611.0,3334.0,3314.0,3331.0,3334.0,3334.0,2320.0,994.0,2332.0,1002.0
1.0,6608.0,3336.0,3315.0,3334.0,3339.0,3339.0,2321.0,994.0,2334.0,1002.0
1.0,6606.0,3342.0,3315.0,3339.0,3342.0,3342.0,2321.0,994.0,2334.0,1008.0
1.0,6603.0,3335.0,3316.0,3342.0,3338.0,3338.0,2322.0,994.0,2333.0,1002.0
1.0,6610.0,3332.0,3317.0,3338.0,3335.0,3335.0,2322.0,995.0,2330.0,1002.0
1.0,6616.0,3327.0,3317.0,3335.0,3327.0,3327.0,2322.0,995.0,2330.0,997.0
1.0,6624.0,3327.0,3317.0,3327.0,3327.0,3327.0,2322.0,995.0,2326.0,1001.0
1.0,6624.0,3330.0,3318.0,3327.0,3333.0,3333.0,2323.0,995.0,2326.0,1004.0
1.0,6621.0,3327.0,3318.0,3333.0,3327.0,3327.0,2323.0,995.0,2327.0,1000.0
1.0,6627.0,3332.0,3319.0,3327.0,3335.0,3335.0,2323.0,996.0,2333.0,999.0
1.0,6622.0,3336.0,3320.0,3335.0,3339.0,3339.0,2324.0,996.0,2337.0,999.0
1.0,6621.0,3325.0,3320.0,3339.0,3325.0,3325.0,2324.0,996.0,2324.0,1001.0
1.0,6635.0,3322.0,3321.0,3325.0,3325.0,3325.0,2325.0,996.0,2316.0,1006.0
1.0,6638.0,3324.0,3322.0,3325.0,3327.0,3327.0,2325.0,997.0,2324.0,1000.0
1.0,6639.0,3330.0,3322.0,3327.0,3330.0,3330.0,2325.0,997.0,2330.0,1000.0
1.0,6636.0,3338.0,3323.0,3330.0,3341.0,3341.0,2326.0,997.0,2335.0,1003.0
1.0,6628.0,3327.0,3324.0,3341.0,3330.0,3330.0,2327.0,997.0,2328.0,999.0
1.0,6642.0,3332.0,3325.0,3330.0,3335.0,3335.0,2327.0,998.0,2332.0,1000.0
1.0,6640.0,3331.0,3326.0,3335.0,3334.0,3334.0,2328.0,998.0,2333.0,998.0
1.0,6644.0,3338.0,3326.0,3334.0,3338.0,3338.0,2328.0,998.0,2340.0,998.0
1.0,6640.0,3340.0,3327.0,3338.0,3343.0,3343.0,2329.0,998.0,2336.0,1004.0
1.0,6638.0,3332.0,3328.0,3343.0,3335.0,3335.0,2330.0,998.0,2333.0,999.0
1.0,6649.0,3341.0,3329.0,3335.0,3344.0,3344.0,2330.0,999.0,2341.0,1000.0
1.0,6643.0,3340.0,3330.0,3344.0,3343.0,3343.0,2331.0,999.0,2343.0,997.0
1.0,6647.0,3344.0,3331.0,3343.0,3347.0,3347.0,2332.0,999.0,2340.0,1004.0
1.0,6646.0,3339.0,3331.0,3347.0,3339.0,3339.0,2332.0,999.0,2335.0,1004.0
1.0,6654.0,3352.0,3333.0,3339.0,3358.0,3358.0,2333.0,1000.0,2349.0,1003.0
1.0,6641.0,3345.0,3333.0,3358.0,3345.0,3345.0,2333.0,1000.0,2345.0,1000.0
1.0,6654.0,3346.0,3334.0,3345.0,3349.0,3349.0,2334.0,1000.0,2339.0,1007.0
1.0,6653.0,3352.0,3334.0,3349.0,3352.0,3352.0,2334.0,1000.0,2348.0,1004.0
1.0,6650.0,3346.0,3336.0,3352.0,3352.0,3352.0,2335.0,1001.0,2341.0,1005.0
1.0,6656.0,3353.0,3336.0,3352.0,3353.0,3353.0,2335.0,1001.0,2351.0,1002.0
1.0,6655.0,3352.0,3337.0,3353.0,3355.0,3355.0,2336.0,1001.0,2350.0,1002.0
1.0,6656.0,3357.0,3337.0,3355.0,3357.0,3357.0,2336.0,1001.0,2348.0,1009.0
1.0,6654.0,3366.0,3338.0,3357.0,3369.0,3369.0,2337.0,1001.0,2359.0,1007.0
1.0,6645.0,3356.0,3339.0,3369.0,3359.0,3359.0,2337.0,1002.0,2350.0,1006.0
1.0,6658.0,3355.0,3339.0,3359.0,3355.0,3355.0,2337.0,1002.0,2352.0,1003.0
1.0,6662.0,3356.0,3340.0,3355.0,3359.0,3359.0,2338.0,1002.0,2347.0,1009.0
1.0,6661.0,3369.0,3340.0,3359.0,3369.0,3369.0,2338.0,1002.0,2356.0,1013.0
1.0,6651.0,3357.0,3340.0,3369.0,3357.0,3357.0,2338.0,1002.0,2347.0,1010.0
1.0,6663.0,3359.0,3341.0,3357.0,3362.0,3362.0,2338.0,1003.0,2353.0,1006.0
1.0,6661.0,3367.0,3342.0,3362.0,3370.0,3370.0,2339.0,1003.0,2360.0,1007.0
1.0,6656.0,3357.0,3342.0,3370.0,3357.0,3357.0,2339.0,1003.0,2351.0,1006.0
1.0,6669.0,3358.0,3342.0,3357.0,3358.0,3358.0,2339.0,1003.0,2348.0,1010.0
1.0,6668.0,3360.0,3342.0,3358.0,3360.0,3360.0,2339.0,1003.0,2351.0,1009.0
1.0,6666.0,3369.0,3343.0,3360.0,3372.0,3372.0,2340.0,1003.0,2356.0,1013.0
1.0,6657.0,3374.0,3343.0,3372.0,3374.0,3374.0,2340.0,1003.0,2363.0,1011.0
1.0,6655.0,3369.0,3344.0,3374.0,3372.0,3372.0,2340.0,1004.0,2358.0,1011.0
1.0,6660.0,3376.0,3345.0,3372.0,3379.0,3379.0,2341.0,1004.0,2365.0,1011.0
1.0,6656.0,3371.0,3345.0,3379.0,3371.0,3371.0,2341.0,1004.0,2358.0,1013.0
1.0,6664.0,3369.0,3346.0,3371.0,3372.0,3372.0,2342.0,1004.0,2355.0,1014.0
1.0,6666.0,3375.0,3346.0,3372.0,3375.0,3375.0,2342.0,1004.0,2363.0,1012.0
1.0,6663.0,3365.0,3348.0,3375.0,3371.0,3371.0,2343.0,1005.0,2355.0,1010.0
1.0,6673.0,3372.0,3348.0,3371.0,3372.0,3372.0,2343.0,1005.0,2361.0,1011.0
1.0,6672.0,3368.0,3349.0,3372.0,3371.0,3371.0,2344.0,1005.0,2359.0,1009.0
1.0,6676.0,3369.0,3349.0,3371.0,3369.0,3369.0,2344.0,1005.0,2358.0,1011.0
1.0,6678.0,3383.0,3350.0,3369.0,3386.0,3386.0,2345.0,1005.0,2368.0,1015.0
1.0,6664.0,3374.0,3352.0,3386.0,3380.0,3380.0,2346.0,1006.0,2363.0,1011.0
1.0,6676.0,3367.0,3352.0,3380.0,3367.0,3367.0,2346.0,1006.0,2356.0,1011.0
1.0,6689.0,3371.0,3353.0,3367.0,3374.0,3374.0,2347.0,1006.0,2363.0,1008.0
1.0,6685.0,3370.0,3353.0,3374.0,3370.0,3370.0,2347.0,1006.0,2360.0,1010.0
1.0,6689.0,3372.0,3354.0,3370.0,3375.0,3375.0,2348.0,1006.0,2357.0,1015.0
1.0,6687.0,3368.0,3354.0,3375.0,3368.0,3368.0,2348.0,1006.0,2361.0,1007.0
1.0,6694.0,3370.0,3356.0,3368.0,3376.0,3376.0,2349.0,1007.0,2359.0,1011.0
1.0,6692.0,3373.0,3357.0,3376.0,3376.0,3376.0,2350.0,1007.0,2363.0,1010.0
1.0,6695.0,3367.0,3358.0,3376.0,3370.0,3370.0,2351.0,1007.0,2355.0,1012.0
1.0,6704.0,3363.0,3358.0,3370.0,3363.0,3363.0,2351.0,1007.0,2349.0,1014.0
1.0,6711.0,3365.0,3358.0,3363.0,3365.0,3365.0,2351.0,1007.0,2354.0,1011.0
1.0,6709.0,3365.0,3360.0,3365.0,3371.0,3371.0,2352.0,1008.0,2354.0,1011.0
1.0,6709.0,3356.0,3360.0,3371.0,3356.0,3356.0,2352.0,1008.0,2346.0,1010.0
1.0,6724.0,3358.0,3360.0,3356.0,3358.0,3358.0,2352.0,1008.0,2348.0,1010.0
1.0,6722.0,3363.0,3360.0,3358.0,3363.0,3363.0,2352.0,1008.0,2347.0,1016.0
1.0,6717.0,3355.0,3362.0,3363.0,3361.0,3361.0,2353.0,1009.0,2342.0,1013.0
1.0,6725.0,3364.0,3362.0,3361.0,3364.0,3364.0,2353.0,1009.0,2354.0,1010.0
1.0,6722.0,3367.0,3362.0,3364.0,3367.0,3367.0,2353.0,1009.0,2351.0,1016.0
1.0,6719.0,3372.0,3362.0,3367.0,3372.0,3372.0,2353.0,1009.0,2355.0,1017.0
1.0,6714.0,3364.0,3364.0,3372.0,3370.0,3370.0,2354.0,1010.0,2354.0,1010.0
1.0,6722.0,3365.0,3364.0,3370.0,3365.0,3365.0,2354.0,1010.0,2354.0,1011.0
1.0,6727.0,3366.0,3364.0,3365.0,3366.0,3366.0,2354.0,1010.0,2353.0,1013.0
1.0,6726.0,3380.0,3364.0,3366.0,3380.0,3380.0,2354.0,1010.0,2362.0,1018.0
1.0,6712.0,3376.0,3365.0,3380.0,3379.0,3379.0,2355.0,1010.0,2358.0,1018.0
1.0,6716.0,3380.0,3366.0,3379.0,3383.0,3383.0,2355.0,1011.0,2365.0,1015.0
1.0,6715.0,3384.0,3367.0,3383.0,3387.0,3387.0,2356.0,1011.0,2364.0,1020.0
1.0,6714.0,3386.0,3367.0,3387.0,3386.0,3386.0,2356.0,1011.0,2366.0,1020.0
1.0,6715.0,3389.0,3368.0,3386.0,3392.0,3392.0,2356.0,1012.0,2368.0,1021.0
1.0,6712.0,3383.0,3369.0,3392.0,3386.0,3386.0,2357.0,1012.0,2366.0,1017.0
1.0,6721.0,3400.0,3369.0,3386.0,3400.0,3400.0,2357.0,1012.0,2380.0,1020.0
1.0,6707.0,3384.0,3369.0,3400.0,3384.0,3384.0,2357.0,1012.0,2367.0,1017.0
1.0,6723.0,3395.0,3371.0,3384.0,3401.0,3401.0,2358.0,1013.0,2378.0,1017.0
1.0,6712.0,3392.0,3371.0,3401.0,3392.0,3392.0,2358.0,1013.0,2374.0,1018.0
1.0,6721.0,3405.0,3372.0,3392.0,3408.0,3408.0,2359.0,1013.0,2385.0,1020.0
1.0,6708.0,3401.0,3372.0,3408.0,3401.0,3401.0,2359.0,1013.0,2380.0,1021.0
1.0,6715.0,3408.0,3373.0,3401.0,3411.0,3411.0,2360.0,1013.0,2384.0,1024.0
1.0,6708.0,3410.0,3375.0,3411.0,3416.0,3416.0,2361.0,1014.0,2387.0,1023.0
1.0,6709.0,3407.0,3375.0,3416.0,3407.0,3407.0,2361.0,1014.0,2386.0,1021.0
1.0,6718.0,3420.0,3376.0,3407.0,3423.0,3423.0,2362.0,1014.0,2396.0,1024.0
1.0,6705.0,3413.0,3378.0,3423.0,3419.0,3419.0,2363.0,1015.0,2389.0,1024.0
1.0,6715.0,3408.0,3379.0,3419.0,3411.0,3411.0,2364.0,1015.0,2388.0,1020.0
1.0,6726.0,3411.0,3379.0,3411.0,3411.0,3411.0,2364.0,1015.0,2390.0,1021.0
1.0,6726.0,3398.0,3379.0,3411.0,3398.0,3398.0,2364.0,1015.0,2379.0,1019.0
1.0,6739.0,3412.0,3380.0,3398.0,3415.0,3415.0,2365.0,1015.0,2389.0,1023.0
1.0,6725.0,3397.0,3380.0,3415.0,3397.0,3397.0,2365.0,1015.0,2379.0,1018.0
1.0,6743.0,3413.0,3381.0,3397.0,3416.0,3416.0,2366.0,1015.0,2392.0,1021.0
1.0,6727.0,3391.0,3382.0,3416.0,3394.0,3394.0,2366.0,1016.0,2374.0,1017.0
1.0,6752.0,3397.0,3383.0,3394.0,3400.0,3400.0,2367.0,1016.0,2380.0,1017.0
1.0,6749.0,3407.0,3383.0,3400.0,3407.0,3407.0,2367.0,1016.0,2388.0,1019.0
1.0,6742.0,3411.0,3384.0,3407.0,3414.0,3414.0,2368.0,1016.0,2389.0,1022.0
1.0,6738.0,3408.0,3384.0,3414.0,3408.0,3408.0,2368.0,1016.0,2387.0,1021.0
1.0,6744.0,3396.0,3385.0,3408.0,3399.0,3399.0,2369.0,1016.0,2378.0,1018.0
1.0,6756.0,3399.0,3386.0,3399.0,3402.0,3402.0,2369.0,1017.0,2379.0,1020.0
1.0,6756.0,3395.0,3386.0,3402.0,3395.0,3395.0,2369.0,1017.0,2379.0,1016.0
1.0,6763.0,3397.0,3387.0,3395.0,3400.0,3400.0,2370.0,1017.0,2377.0,1020.0
1.0,6761.0,3387.0,3387.0,3400.0,3387.0,3387.0,2370.0,1017.0,2368.0,1019.0
1.0,6774.0,3399.0,3387.0,3387.0,3399.0,3399.0,2370.0,1017.0,2384.0,1015.0
1.0,6762.0,3396.0,3388.0,3399.0,3399.0,3399.0,2371.0,1017.0,2377.0,1019.0
1.0,6765.0,3397.0,3388.0,3399.0,3397.0,3397.0,2371.0,1017.0,2379.0,1018.0
1.0,6767.0,3395.0,3389.0,3397.0,3398.0,3398.0,2371.0,1018.0,2373.0,1022.0
1.0,6769.0,3387.0,3389.0,3398.0,3387.0,3387.0,2371.0,1018.0,2371.0,1016.0
1.0,6780.0,3398.0,3390.0,3387.0,3401.0,3401.0,2372.0,1018.0,2380.0,1018.0
1.0,6769.0,3389.0,3390.0,3401.0,3389.0,3389.0,2372.0,1018.0,2373.0,1016.0
1.0,6781.0,3394.0,3391.0,3389.0,3397.0,3397.0,2373.0,1018.0,2378.0,1016.0
1.0,6776.0,3398.0,3392.0,3397.0,3401.0,3401.0,2374.0,1018.0,2378.0,1020.0
1.0,6775.0,3401.0,3392.0,3401.0,3401.0,3401.0,2374.0,1018.0,2383.0,1018.0
1.0,6775.0,3399.0,3393.0,3401.0,3402.0,3402.0,2375.0,1018.0,2383.0,1016.0
1.0,6777.0,3400.0,3394.0,3402.0,3403.0,3403.0,2376.0,1018.0,2381.0,1019.0
1.0,6779.0,3401.0,3395.0,3403.0,3404.0,3404.0,2376.0,1019.0,2379.0,1022.0
1.0,6781.0,3395.0,3396.0,3404.0,3398.0,3398.0,2377.0,1019.0,2373.0,1022.0
1.0,6790.0,3420.0,3396.0,3398.0,3420.0,3420.0,2377.0,1019.0,2398.0,1022.0
1.0,6768.0,3418.0,3397.0,3420.0,3421.0,3421.0,2378.0,1019.0,2388.0,1030.0
1.0,6770.0,3407.0,3399.0,3421.0,3413.0,3413.0,2379.0,1020.0,2382.0,1025.0
1.0,6784.0,3420.0,3399.0,3413.0,3420.0,3420.0,2379.0,1020.0,2395.0,1025.0
1.0,6777.0,3414.0,3400.0,3420.0,3417.0,3417.0,2380.0,1020.0,2389.0,1025.0
1.0,6783.0,3420.0,3401.0,3417.0,3423.0,3423.0,2381.0,1020.0,2398.0,1022.0
1.0,6780.0,3427.0,3401.0,3423.0,3427.0,3427.0,2381.0,1020.0,2398.0,1029.0
1.0,6776.0,3412.0,3402.0,3427.0,3415.0,3415.0,2382.0,1020.0,2391.0,1021.0
1.0,6791.0,3426.0,3402.0,3415.0,3426.0,3426.0,2382.0,1020.0,2396.0,1030.0
1.0,6780.0,3423.0,3404.0,3426.0,3429.0,3429.0,2383.0,1021.0,2393.0,1030.0
1.0,6783.0,3432.0,3405.0,3429.0,3435.0,3435.0,2384.0,1021.0,2405.0,1027.0
1.0,6780.0,3430.0,3405.0,3435.0,3430.0,3430.0,2384.0,1021.0,2395.0,1035.0
1.0,6785.0,3434.0,3406.0,3430.0,3437.0,3437.0,2385.0,1021.0,2404.0,1030.0
1.0,6781.0,3437.0,3407.0,3437.0,3440.0,3440.0,2385.0,1022.0,2408.0,1029.0
1.0,6781.0,3433.0,3408.0,3440.0,3436.0,3436.0,2386.0,1022.0,2402.0,1031.0
1.0,6788.0,3438.0,3408.0,3436.0,3438.0,3438.0,2386.0,1022.0,2404.0,1034.0
1.0,6786.0,3436.0,3409.0,3438.0,3439.0,3439.0,2387.0,1022.0,2406.0,1030.0
1.0,6788.0,3439.0,3409.0,3439.0,3439.0,3439.0,2387.0,1022.0,2404.0,1035.0
1.0,6788.0,3437.0,3410.0,3439.0,3440.0,3440.0,2387.0,1023.0,2399.0,1038.0
1.0,6790.0,3436.0,3411.0,3440.0,3439.0,3439.0,2388.0,1023.0,2406.0,1030.0
1.0,6794.0,3436.0,3411.0,3439.0,3436.0,3436.0,2388.0,1023.0,2399.0,1037.0
1.0,6797.0,3448.0,3411.0,3436.0,3448.0,3448.0,2388.0,1023.0,2412.0,1036.0
1.0,6785.0,3440.0,3412.0,3448.0,3443.0,3443.0,2388.0,1024.0,2407.0,1033.0
1.0,6793.0,3435.0,3413.0,3443.0,3438.0,3438.0,2389.0,1024.0,2402.0,1033.0
1.0,6801.0,3447.0,3413.0,3438.0,3447.0,3447.0,2389.0,1024.0,2411.0,1036.0
1.0,6792.0,3429.0,3413.0,3447.0,3429.0,3429.0,2389.0,1024.0,2399.0,1030.0
1.0,6810.0,3444.0,3415.0,3429.0,3450.0,3450.0,2390.0,1025.0,2414.0,1030.0
1.0,6795.0,3433.0,3415.0,3450.0,3433.0,3433.0,2390.0,1025.0,2397.0,1036.0
1.0,6812.0,3439.0,3416.0,3433.0,3442.0,3442.0,2391.0,1025.0,2405.0,1034.0
1.0,6806.0,3443.0,3417.0,3442.0,3446.0,3446.0,2391.0,1026.0,2408.0,1035.0
1.0,6805.0,3426.0,3418.0,3446.0,3429.0,3429.0,2392.0,1026.0,2397.0,1029.0
1.0,6825.0,3449.0,3418.0,3429.0,3449.0,3449.0,2392.0,1026.0,2416.0,1033.0
1.0,6805.0,3440.0,3418.0,3449.0,3440.0,3440.0,2392.0,1026.0,2406.0,1034.0
1.0,6814.0,3430.0,3419.0,3440.0,3433.0,3433.0,2393.0,1026.0,2399.0,1031.0
1.0,6824.0,3439.0,3420.0,3433.0,3442.0,3442.0,2393.0,1027.0,2408.0,1031.0
1.0,6818.0,3442.0,3421.0,3442.0,3445.0,3445.0,2394.0,1027.0,2411.0,1031.0
1.0,6818.0,3443.0,3422.0,3445.0,3446.0,3446.0,2395.0,1027.0,2409.0,1034.0
1.0,6820.0,3441.0,3422.0,3446.0,3441.0,3441.0,2395.0,1027.0,2412.0,1029.0
1.0,6825.0,3427.0,3424.0,3441.0,3433.0,3433.0,2396.0,1028.0,2399.0,1028.0
1.0,6839.0,3437.0,3424.0,3433.0,3437.0,3437.0,2396.0,1028.0,2408.0,1029.0
1.0,6835.0,3449.0,3425.0,3437.0,3452.0,3452.0,2397.0,1028.0,2417.0,1032.0
1.0,6823.0,3435.0,3426.0,3452.0,3438.0,3438.0,2398.0,1028.0,2409.0,1026.0
1.0,6840.0,3434.0,3426.0,3438.0,3434.0,3434.0,2398.0,1028.0,2408.0,1026.0
1.0,6844.0,3437.0,3428.0,3434.0,3443.0,3443.0,2399.0,1029.0,2410.0,1027.0
1.0,6841.0,3431.0,3429.0,3443.0,3434.0,3434.0,2400.0,1029.0,2402.0,1029.0
1.0,6853.0,3438.0,3429.0,3434.0,3438.0,3438.0,2400.0,1029.0,2407.0,1031.0
1.0,6849.0,3440.0,3430.0,3438.0,3443.0,3443.0,2401.0,1029.0,2405.0,1035.0
1.0,6847.0,3435.0,3431.0,3443.0,3438.0,3438.0,2401.0,1030.0,2407.0,1028.0
1.0,6855.0,3436.0,3432.0,3438.0,3439.0,3439.0,2402.0,1030.0,2410.0,1026.0
1.0,6857.0,3430.0,3432.0,3439.0,3430.0,3430.0,2402.0,1030.0,2405.0,1025.0
1.0,6866.0,3439.0,3433.0,3430.0,3442.0,3442.0,2403.0,1030.0,2410.0,1029.0
1.0,6857.0,3445.0,3434.0,3442.0,3448.0,3448.0,2404.0,1030.0,2412.0,1033.0
1.0,6854.0,3438.0,3434.0,3448.0,3438.0,3438.0,2404.0,1030.0,2411.0,1027.0
1.0,6864.0,3432.0,3434.0,3438.0,3432.0,3432.0,2404.0,1030.0,2403.0,1029.0
1.0,6870.0,3436.0,3435.0,3432.0,3439.0,3439.0,2405.0,1030.0,2407.0,1029.0
1.0,6866.0,3441.0,3436.0,3439.0,3444.0,3444.0,2405.0,1031.0,2410.0,1031.0
1.0,6864.0,3445.0,3436.0,3444.0,3445.0,3445.0,2405.0,1031.0,2415.0,1030.0
1.0,6863.0,3443.0,3437.0,3445.0,3446.0,3446.0,2406.0,1031.0,2408.0,1035.0
1.0,6865.0,3434.0,3437.0,3446.0,3434.0,3434.0,2406.0,1031.0,2403.0,1031.0
1.0,6877.0,3458.0,3437.0,3434.0,3458.0,3458.0,2406.0,1031.0,2421.0,1037.0
1.0,6853.0,3447.0,3437.0,3458.0,3447.0,3447.0,2406.0,1031.0,2413.0,1034.0
1.0,6864.0,3457.0,3438.0,3447.0,3460.0,3460.0,2407.0,1031.0,2419.0,1038.0
1.0,6854.0,3455.0,3439.0,3460.0,3458.0,3458.0,2407.0,1032.0,2420.0,1035.0
1.0,6859.0,3453.0,3440.0,3458.0,3456.0,3456.0,2408.0,1032.0,2414.0,1039.0
1.0,6864.0,3469.0,3440.0,3456.0,3469.0,3469.0,2408.0,1032.0,2430.0,1039.0
1.0,6851.0,3455.0,3440.0,3469.0,3455.0,3455.0,2408.0,1032.0,2417.0,1038.0
1.0,6865.0,3474.0,3441.0,3455.0,3477.0,3477.0,2409.0,1032.0,2431.0,1043.0
1.0,6846.0,3464.0,3441.0,3477.0,3464.0,3464.0,2409.0,1032.0,2423.0,1041.0
1.0,6859.0,3469.0,3443.0,3464.0,3475.0,3475.0,2410.0,1033.0,2426.0,1043.0
1.0,6854.0,3466.0,3443.0,3475.0,3466.0,3466.0,2410.0,1033.0,2426.0,1040.0
1.0,6863.0,3470.0,3444.0,3466.0,3473.0,3473.0,2411.0,1033.0,2429.0,1041.0
1.0,6859.0,3482.0,3444.0,3473.0,3482.0,3482.0,2411.0,1033.0,2439.0,1043.0
1.0,6850.0,3474.0,3445.0,3482.0,3477.0,3477.0,2412.0,1033.0,2429.0,1045.0
1.0,6858.0,3483.0,3445.0,3477.0,3483.0,3483.0,2412.0,1033.0,2439.0,1044.0
1.0,6852.0,3480.0,3447.0,3483.0,3486.0,3486.0,2413.0,1034.0,2438.0,1042.0
1.0,6855.0,3475.0,3448.0,3486.0,3478.0,3478.0,2414.0,1034.0,2430.0,1045.0
1.0,6866.0,3478.0,3448.0,3478.0,3478.0,3478.0,2414.0,1034.0,2435.0,1043.0
1.0,6866.0,3487.0,3449.0,3478.0,3490.0,3490.0,2415.0,1034.0,2437.0,1050.0
1.0,6857.0,3479.0,3450.0,3490.0,3482.0,3482.0,2415.0,1035.0,2435.0,1044.0
1.0,6868.0,3476.0,3451.0,3482.0,3479.0,3479.0,2416.0,1035.0,2431.0,1045.0
1.0,6874.0,3491.0,3452.0,3479.0,3494.0,3494.0,2417.0,1035.0,2446.0,1045.0
1.0,6862.0,3471.0,3452.0,3494.0,3471.0,3471.0,2417.0,1035.0,2426.0,1045.0
1.0,6885.0,3480.0,3453.0,3471.0,3483.0,3483.0,2418.0,1035.0,2437.0,1043.0
1.0,6876.0,3473.0,3454.0,3483.0,3476.0,3476.0,2418.0,1036.0,2430.0,1043.0
1.0,6886.0,3480.0,3454.0,3476.0,3480.0,3480.0,2418.0,1036.0,2436.0,1044.0
1.0,6882.0,3489.0,3455.0,3480.0,3492.0,3492.0,2419.0,1036.0,2442.0,1047.0
1.0,6873.0,3475.0,3456.0,3492.0,3478.0,3478.0,2420.0,1036.0,2431.0,1044.0
1.0,6890.0,3474.0,3457.0,3478.0,3477.0,3477.0,2420.0,1037.0,2433.0,1041.0
1.0,6894.0,3472.0,3458.0,3477.0,3475.0,3475.0,2421.0,1037.0,2431.0,1041.0
1.0,6899.0,3468.0,3458.0,3475.0,3468.0,3468.0,2421.0,1037.0,2426.0,1042.0
1.0,6906.0,3482.0,3459.0,3468.0,3485.0,3485.0,2422.0,1037.0,2435.0,1047.0
1.0,6892.0,3469.0,3460.0,3485.0,3472.0,3472.0,2422.0,1038.0,2427.0,1042.0
1.0,6908.0,3471.0,3460.0,3472.0,3471.0,3471.0,2422.0,1038.0,2429.0,1042.0
1.0,6909.0,3460.0,3460.0,3471.0,3460.0,3460.0,2422.0,1038.0,2416.0,1044.0
1.0,6920.0,3467.0,3461.0,3460.0,3470.0,3470.0,2423.0,1038.0,2426.0,1041.0
1.0,6913.0,3456.0,3462.0,3470.0,3459.0,3459.0,2423.0,1039.0,2418.0,1038.0
1.0,6927.0,3463.0,3462.0,3459.0,3463.0,3463.0,2423.0,1039.0,2421.0,1042.0
1.0,6923.0,3458.0,3462.0,3463.0,3458.0,3458.0,2423.0,1039.0,2419.0,1039.0
1.0,6928.0,3471.0,3463.0,3458.0,3474.0,3474.0,2424.0,1039.0,2427.0,1044.0
1.0,6915.0,3470.0,3463.0,3474.0,3470.0,3470.0,2424.0,1039.0,2428.0,1042.0
1.0,6919.0,3467.0,3465.0,3470.0,3473.0,3473.0,2425.0,1040.0,2426.0,1041.0
1.0,6922.0,3468.0,3465.0,3473.0,3468.0,3468.0,2425.0,1040.0,2428.0,1040.0
1.0,6927.0,3476.0,3465.0,3468.0,3476.0,3476.0,2425.0,1040.0,2431.0,1045.0
1.0,6919.0,3469.0,3466.0,3476.0,3472.0,3472.0,2426.0,1040.0,2427.0,1042.0
1.0,6926.0,3478.0,3467.0,3472.0,3481.0,3481.0,2426.0,1041.0,2435.0,1043.0
1.0,6920.0,3474.0,3468.0,3481.0,3477.0,3477.0,2427.0,1041.0,2433.0,1041.0
1.0,6927.0,3481.0,3468.0,3477.0,3481.0,3481.0,2427.0,1041.0,2438.0,1043.0
1.0,6923.0,3480.0,3470.0,3481.0,3486.0,3486.0,2428.0,1042.0,2437.0,1043.0
1.0,6924.0,3480.0,3470.0,3486.0,3480.0,3480.0,2428.0,1042.0,2442.0,1038.0
1.0,6930.0,3492.0,3471.0,3480.0,3495.0,3495.0,2429.0,1042.0,2446.0,1046.0
1.0,6918.0,3482.0,3472.0,3495.0,3485.0,3485.0,2430.0,1042.0,2441.0,1041.0
1.0,6931.0,3485.0,3472.0,3485.0,3485.0,3485.0,2430.0,1042.0,2440.0,1045.0
1.0,6931.0,3491.0,3473.0,3485.0,3494.0,3494.0,2431.0,1042.0,2444.0,1047.0
1.0,6925.0,3498.0,3474.0,3494.0,3501.0,3501.0,2431.0,1043.0,2451.0,1047.0
1.0,6921.0,3498.0,3475.0,3501.0,3501.0,3501.0,2432.0,1043.0,2453.0,1045.0
1.0,6924.0,3499.0,3476.0,3501.0,3502.0,3502.0,2433.0,1043.0,2451.0,1048.0
1.0,6926.0,3509.0,3476.0,3502.0,3509.0,3509.0,2433.0,1043.0,2457.0,1052.0
1.0,6919.0,3499.0,3477.0,3509.0,3502.0,3502.0,2434.0,1043.0,2450.0,1049.0
1.0,6929.0,3507.0,3478.0,3502.0,3510.0,3510.0,2434.0,1044.0,2456.0,1051.0
1.0,6924.0,3507.0,3479.0,3510.0,3510.0,3510.0,2435.0,1044.0,2459.0,1048.0
1.0,6927.0,3504.0,3480.0,3510.0,3507.0,3507.0,2436.0,1044.0,2457.0,1047.0
1.0,6933.0,3512.0,3480.0,3507.0,3512.0,3512.0,2436.0,1044.0,2460.0,1052.0
1.0,6928.0,3508.0,3481.0,3512.0,3511.0,3511.0,2437.0,1044.0,2458.0,1050.0
1.0,6932.0,3510.0,3481.0,3511.0,3510.0,3510.0,2437.0,1044.0,2456.0,1054.0
1.0,6933.0,3501.0,3483.0,3510.0,3507.0,3507.0,2438.0,1045.0,2452.0,1049.0
1.0,6942.0,3503.0,3483.0,3507.0,3503.0,3503.0,2438.0,1045.0,2450.0,1053.0
1.0,6946.0,3519.0,3483.0,3503.0,3519.0,3519.0,2438.0,1045.0,2467.0,1052.0
1.0,6930.0,3514.0,3484.0,3519.0,3517.0,3517.0,2439.0,1045.0,2463.0,1051.0
1.0,6935.0,3507.0,3484.0,3517.0,3507.0,3507.0,2439.0,1045.0,2452.0,1055.0
1.0,6945.0,3511.0,3485.0,3507.0,3514.0,3514.0,2440.0,1045.0,2455.0,1056.0
1.0,6941.0,3510.0,3486.0,3514.0,3513.0,3513.0,2440.0,1046.0,2459.0,1051.0
1.0,6945.0,3499.0,3486.0,3513.0,3499.0,3499.0,2440.0,1046.0,2447.0,1052.0
1.0,6959.0,3504.0,3487.0,3499.0,3507.0,3507.0,2441.0,1046.0,2453.0,1051.0
1.0,6954.0,3509.0,3487.0,3507.0,3509.0,3509.0,2441.0,1046.0,2459.0,1050.0
1.0,6952.0,3499.0,3487.0,3509.0,3499.0,3499.0,2441.0,1046.0,2446.0,1053.0
1.0,6962.0,3514.0,3488.0,3499.0,3517.0,3517.0,2442.0,1046.0,2459.0,1055.0
1.0,6947.0,3502.0,3488.0,3517.0,3502.0,3502.0,2442.0,1046.0,2451.0,1051.0
1.0,6962.0,3503.0,3489.0,3502.0,3506.0,3506.0,2442.0,1047.0,2449.0,1054.0
1.0,6961.0,3491.0,3490.0,3506.0,3494.0,3494.0,2443.0,1047.0,2443.0,1048.0
1.0,6976.0,3513.0,3490.0,3494.0,3513.0,3513.0,2443.0,1047.0,2460.0,1053.0
1.0,6957.0,3500.0,3490.0,3513.0,3500.0,3500.0,2443.0,1047.0,2447.0,1053.0
1.0,6970.0,3498.0,3491.0,3500.0,3501.0,3501.0,2444.0,1047.0,2445.0,1053.0
1.0,6972.0,3502.0,3491.0,3501.0,3502.0,3502.0,2444.0,1047.0,2450.0,1052.0
1.0,6971.0,3504.0,3493.0,3502.0,3510.0,3510.0,2445.0,1048.0,2454.0,1050.0
1.0,6969.0,3492.0,3493.0,3510.0,3492.0,3492.0,2445.0,1048.0,2443.0,1049.0
1.0,6987.0,3508.0,3494.0,3492.0,3511.0,3511.0,2446.0,1048.0,2457.0,1051.0
1.0,6971.0,3502.0,3494.0,3511.0,3502.0,3502.0,2446.0,1048.0,2444.0,1058.0
1.0,6980.0,3507.0,3495.0,3502.0,3510.0,3510.0,2447.0,1048.0,2452.0,1055.0
1.0,6975.0,3507.0,3496.0,3510.0,3510.0,3510.0,2447.0,1049.0,2454.0,1053.0
1.0,6978.0,3517.0,3497.0,3510.0,3520.0,3520.0,2448.0,1049.0,2464.0,1053.0
1.0,6971.0,3515.0,3498.0,3520.0,3518.0,3518.0,2449.0,1049.0,2459.0,1056.0
1.0,6976.0,3511.0,3498.0,3518.0,3511.0,3511.0,2449.0,1049.0,2458.0,1053.0
1.0,6983.0,3516.0,3500.0,3511.0,3522.0,3522.0,2450.0,1050.0,2461.0,1055.0
1.0,6978.0,3508.0,3501.0,3522.0,3511.0,3511.0,2451.0,1050.0,2454.0,1054.0
1.0,6992.0,3523.0,3501.0,3511.0,3523.0,3523.0,2451.0,1050.0,2465.0,1058.0
1.0,6980.0,3512.0,3502.0,3523.0,3515.0,3515.0,2452.0,1050.0,2458.0,1054.0
1.0,6991.0,3515.0,3503.0,3515.0,3518.0,3518.0,2452.0,1051.0,2463.0,1052.0
1.0,6991.0,3515.0,3504.0,3518.0,3518.0,3518.0,2453.0,1051.0,2459.0,1056.0
1.0,6994.0,3523.0,3504.0,3518.0,3523.0,3523.0,2453.0,1051.0,2466.0,1057.0
1.0,6989.0,3511.0,3505.0,3523.0,3514.0,3514.0,2454.0,1051.0,2460.0,1051.0
1.0,7001.0,3518.0,3506.0,3514.0,3521.0,3521.0,2454.0,1052.0,2463.0,1055.0
1.0,6997.0,3526.0,3507.0,3521.0,3529.0,3529.0,2455.0,1052.0,2469.0,1057.0
1.0,6992.0,3522.0,3507.0,3529.0,3522.0,3522.0,2455.0,1052.0,2464.0,1058.0
1.0,6999.0,3529.0,3508.0,3522.0,3532.0,3532.0,2456.0,1052.0,2469.0,1060.0
1.0,6992.0,3523.0,3509.0,3532.0,3526.0,3526.0,2456.0,1053.0,2463.0,1060.0
1.0,7001.0,3523.0,3509.0,3526.0,3523.0,3523.0,2456.0,1053.0,2462.0,1061.0
1.0,7004.0,3525.0,3510.0,3523.0,3528.0,3528.0,2457.0,1053.0,2467.0,1058.0
1.0,7002.0,3526.0,3511.0,3528.0,3529.0,3529.0,2457.0,1054.0,2463.0,1063.0
1.0,7004.0,3529.0,3511.0,3529.0,3529.0,3529.0,2457.0,1054.0,2469.0,1060.0
1.0,7004.0,3513.0,3511.0,3529.0,3513.0,3513.0,2457.0,1054.0,2456.0,1057.0
1.0,7020.0,3527.0,3511.0,3513.0,3527.0,3527.0,2457.0,1054.0,2467.0,1060.0
1.0,7006.0,3535.0,3511.0,3527.0,3535.0,3535.0,2457.0,1054.0,2468.0,1067.0
1.0,6998.0,3547.0,3513.0,3535.0,3553.0,3553.0,2458.0,1055.0,2485.0,1062.0
1.0,6986.0,3536.0,3513.0,3553.0,3536.0,3536.0,2458.0,1055.0,2474.0,1062.0
1.0,7003.0,3536.0,3514.0,3536.0,3539.0,3539.0,2459.0,1055.0,2475.0,1061.0
1.0,7003.0,3541.0,3514.0,3539.0,3541.0,3541.0,2459.0,1055.0,2480.0,1061.0
1.0,7001.0,3537.0,3514.0,3541.0,3537.0,3537.0,2459.0,1055.0,2473.0,1064.0
1.0,7005.0,3544.0,3516.0,3537.0,3550.0,3550.0,2460.0,1056.0,2483.0,1061.0
1.0,6998.0,3542.0,3516.0,3550.0,3542.0,3542.0,2460.0,1056.0,2482.0,1060.0
1.0,7006.0,3548.0,3517.0,3542.0,3551.0,3551.0,2461.0,1056.0,2488.0,1060.0
1.0,7000.0,3545.0,3517.0,3551.0,3545.0,3545.0,2461.0,1056.0,2479.0,1066.0
1.0,7006.0,3549.0,3518.0,3545.0,3552.0,3552.0,2462.0,1056.0,2488.0,1061.0
1.0,7002.0,3543.0,3518.0,3552.0,3543.0,3543.0,2462.0,1056.0,2481.0,1062.0
1.0,7011.0,3552.0,3520.0,3543.0,3558.0,3558.0,2463.0,1057.0,2491.0,1061.0
1.0,7002.0,3550.0,3521.0,3558.0,3553.0,3553.0,2464.0,1057.0,2488.0,1062.0
1.0,7010.0,3538.0,3521.0,3553.0,3538.0,3538.0,2464.0,1057.0,2478.0,1060.0
1.0,7025.0,3557.0,3522.0,3538.0,3560.0,3560.0,2465.0,1057.0,2491.0,1066.0
1.0,7006.0,3536.0,3523.0,3560.0,3539.0,3539.0,2466.0,1057.0,2477.0,1059.0
1.0,7030.0,3545.0,3524.0,3539.0,3548.0,3548.0,2466.0,1058.0,2486.0,1059.0
1.0,7024.0,3548.0,3525.0,3548.0,3551.0,3551.0,2467.0,1058.0,2489.0,1059.0
1.0,7024.0,3540.0,3526.0,3551.0,3543.0,3543.0,2468.0,1058.0,2481.0,1059.0
1.0,7035.0,3541.0,3526.0,3543.0,3541.0,3541.0,2468.0,1058.0,2479.0,1062.0
1.0,7037.0,3537.0,3527.0,3541.0,3540.0,3540.0,2469.0,1058.0,2478.0,1059.0
1.0,7041.0,3543.0,3527.0,3540.0,3543.0,3543.0,2469.0,1058.0,2479.0,1064.0
1.0,7038.0,3541.0,3528.0,3543.0,3544.0,3544.0,2470.0,1058.0,2481.0,1060.0
1.0,7040.0,3543.0,3529.0,3544.0,3546.0,3546.0,2470.0,1059.0,2482.0,1061.0
1.0,7041.0,3533.0,3530.0,3546.0,3536.0,3536.0,2471.0,1059.0,2473.0,1060.0
1.0,7054.0,3536.0,3530.0,3536.0,3536.0,3536.0,2471.0,1059.0,2478.0,1058.0
1.0,7054.0,3544.0,3531.0,3536.0,3547.0,3547.0,2472.0,1059.0,2480.0,1064.0
1.0,7046.0,3535.0,3532.0,3547.0,3538.0,3538.0,2473.0,1059.0,2473.0,1062.0
1.0,7058.0,3525.0,3532.0,3538.0,3525.0,3525.0,2473.0,1059.0,2463.0,1062.0
1.0,7071.0,3537.0,3533.0,3525.0,3540.0,3540.0,2473.0,1060.0,2478.0,1059.0
1.0,7059.0,3537.0,3533.0,3540.0,3537.0,3537.0,2473.0,1060.0,2473.0,1064.0
1.0,7062.0,3536.0,3534.0,3537.0,3539.0,3539.0,2474.0,1060.0,2475.0,1061.0
1.0,7063.0,3521.0,3534.0,3539.0,3521.0,3521.0,2474.0,1060.0,2461.0,1060.0
1.0,7081.0,3537.0,3534.0,3521.0,3537.0,3537.0,2474.0,1060.0,2472.0,1065.0
1.0,7065.0,3536.0,3534.0,3537.0,3536.0,3536.0,2474.0,1060.0,2473.0,1063.0
1.0,7066.0,3533.0,3534.0,3536.0,3533.0,3533.0,2474.0,1060.0,2470.0,1063.0
1.0,7069.0,3553.0,3536.0,3533.0,3559.0,3559.0,2475.0,1061.0,2489.0,1064.0
1.0,7049.0,3535.0,3536.0,3559.0,3535.0,3535.0,2475.0,1061.0,2470.0,1065.0
1.0,7073.0,3551.0,3536.0,3535.0,3551.0,3551.0,2475.0,1061.0,2480.0,1071.0
1.0,7057.0,3553.0,3537.0,3551.0,3556.0,3556.0,2476.0,1061.0,2488.0,1065.0
1.0,7055.0,3554.0,3538.0,3556.0,3557.0,3557.0,2476.0,1062.0,2490.0,1064.0
1.0,7057.0,3555.0,3539.0,3557.0,3558.0,3558.0,2477.0,1062.0,2487.0,1068.0
1.0,7059.0,3556.0,3539.0,3558.0,3556.0,3556.0,2477.0,1062.0,2491.0,1065.0
1.0,7061.0,3548.0,3540.0,3556.0,3551.0,3551.0,2478.0,1062.0,2485.0,1063.0
1.0,7069.0,3566.0,3540.0,3551.0,3566.0,3566.0,2478.0,1062.0,2492.0,1074.0
1.0,7054.0,3549.0,3540.0,3566.0,3549.0,3549.0,2478.0,1062.0,2483.0,1066.0
1.0,7071.0,3563.0,3542.0,3549.0,3569.0,3569.0,2479.0,1063.0,2493.0,1070.0
1.0,7057.0,3568.0,3543.0,3569.0,3571.0,3571.0,2480.0,1063.0,2496.0,1072.0
1.0,7058.0,3572.0,3543.0,3571.0,3572.0,3572.0,2480.0,1063.0,2501.0,1071.0
1.0,7057.0,3582.0,3544.0,3572.0,3585.0,3585.0,2481.0,1063.0,2508.0,1074.0
1.0,7047.0,3582.0,3546.0,3585.0,3588.0,3588.0,2482.0,1064.0,2508.0,1074.0
1.0,7050.0,3570.0,3547.0,3588.0,3573.0,3573.0,2483.0,1064.0,2499.0,1071.0
1.0,7068.0,3587.0,3547.0,3573.0,3587.0,3587.0,2483.0,1064.0,2513.0,1074.0
1.0,7054.0,3584.0,3548.0,3587.0,3587.0,3587.0,2484.0,1064.0,2508.0,1076.0
1.0,7057.0,3577.0,3548.0,3587.0,3577.0,3577.0,2484.0,1064.0,2501.0,1076.0
1.0,7067.0,3572.0,3550.0,3577.0,3578.0,3578.0,2485.0,1065.0,2498.0,1074.0
1.0,7072.0,3586.0,3550.0,3578.0,3586.0,3586.0,2485.0,1065.0,2509.0,1077.0
1.0,7064.0,3591.0,3551.0,3586.0,3594.0,3594.0,2486.0,1065.0,2513.0,1078.0
1.0,7059.0,3589.0,3552.0,3594.0,3592.0,3592.0,2486.0,1066.0,2511.0,1078.0
1.0,7064.0,3587.0,3553.0,3592.0,3590.0,3590.0,2487.0,1066.0,2510.0,1077.0
1.0,7069.0,3582.0,3553.0,3590.0,3582.0,3582.0,2487.0,1066.0,2506.0,1076.0
1.0,7077.0,3579.0,3554.0,3582.0,3582.0,3582.0,2488.0,1066.0,2506.0,1073.0
1.0,7080.0,3577.0,3555.0,3582.0,3580.0,3580.0,2488.0,1067.0,2504.0,1073.0
1.0,7085.0,3583.0,3555.0,3580.0,3583.0,3583.0,2488.0,1067.0,2505.0,1078.0
1.0,7082.0,3582.0,3556.0,3583.0,3585.0,3585.0,2489.0,1067.0,2505.0,1077.0
1.0,7083.0,3570.0,3556.0,3585.0,3570.0,3570.0,2489.0,1067.0,2498.0,1072.0
1.0,7098.0,3564.0,3557.0,3570.0,3567.0,3567.0,2489.0,1068.0,2493.0,1071.0
1.0,7104.0,3563.0,3558.0,3567.0,3566.0,3566.0,2490.0,1068.0,2490.0,1073.0
1.0,7108.0,3577.0,3558.0,3566.0,3577.0,3577.0,2490.0,1068.0,2499.0,1078.0
1.0,7097.0,3576.0,3558.0,3577.0,3576.0,3576.0,2490.0,1068.0,2505.0,1071.0
1.0,7098.0,3570.0,3559.0,3576.0,3573.0,3573.0,2490.0,1069.0,2498.0,1072.0
1.0,7104.0,3568.0,3560.0,3573.0,3571.0,3571.0,2491.0,1069.0,2498.0,1070.0
1.0,7109.0,3574.0,3560.0,3571.0,3574.0,3574.0,2491.0,1069.0,2500.0,1074.0
1.0,7106.0,3565.0,3560.0,3574.0,3565.0,3565.0,2491.0,1069.0,2493.0,1072.0
1.0,7115.0,3574.0,3561.0,3565.0,3577.0,3577.0,2492.0,1069.0,2503.0,1071.0
1.0,7106.0,3568.0,3562.0,3577.0,3571.0,3571.0,2492.0,1070.0,2499.0,1069.0
1.0,7115.0,3572.0,3563.0,3571.0,3575.0,3575.0,2493.0,1070.0,2505.0,1067.0
1.0,7114.0,3573.0,3563.0,3575.0,3573.0,3573.0,2493.0,1070.0,2504.0,1069.0
1.0,7116.0,3565.0,3564.0,3573.0,3568.0,3568.0,2494.0,1070.0,2498.0,1067.0
1.0,7124.0,3572.0,3564.0,3568.0,3572.0,3572.0,2494.0,1070.0,2496.0,1076.0
1.0,7120.0,3571.0,3565.0,3572.0,3574.0,3574.0,2495.0,1070.0,2502.0,1069.0
1.0,7121.0,3568.0,3566.0,3574.0,3571.0,3571.0,2495.0,1071.0,2500.0,1068.0
1.0,7127.0,3566.0,3567.0,3571.0,3569.0,3569.0,2496.0,1071.0,2497.0,1069.0
1.0,7132.0,3567.0,3567.0,3569.0,3567.0,3567.0,2496.0,1071.0,2498.0,1069.0
1.0,7134.0,3580.0,3568.0,3567.0,3583.0,3583.0,2497.0,1071.0,2508.0,1072.0
1.0,7121.0,3574.0,3569.0,3583.0,3577.0,3577.0,2498.0,1071.0,2503.0,1071.0
1.0,7130.0,3582.0,3569.0,3577.0,3582.0,3582.0,2498.0,1071.0,2508.0,1074.0
1.0,7125.0,3573.0,3570.0,3582.0,3576.0,3576.0,2499.0,1071.0,2506.0,1067.0
1.0,7134.0,3574.0,3571.0,3576.0,3577.0,3577.0,2499.0,1072.0,2505.0,1069.0
1.0,7136.0,3588.0,3572.0,3577.0,3591.0,3591.0,2500.0,1072.0,2511.0,1077.0
1.0,7125.0,3581.0,3573.0,3591.0,3584.0,3584.0,2501.0,1072.0,2507.0,1074.0
1.0,7135.0,3586.0,3573.0,3584.0,3586.0,3586.0,2501.0,1072.0,2511.0,1075.0
1.0,7133.0,3579.0,3573.0,3586.0,3579.0,3579.0,2501.0,1072.0,2501.0,1078.0
1.0,7140.0,3591.0,3574.0,3579.0,3594.0,3594.0,2502.0,1072.0,2517.0,1074.0
1.0,7128.0,3595.0,3575.0,3594.0,3598.0,3598.0,2502.0,1073.0,2517.0,1078.0
1.0,7127.0,3596.0,3576.0,3598.0,3599.0,3599.0,2503.0,1073.0,2519.0,1077.0
1.0,7129.0,3595.0,3577.0,3599.0,3598.0,3598.0,2504.0,1073.0,2516.0,1079.0
1.0,7133.0,3600.0,3577.0,3598.0,3600.0,3600.0,2504.0,1073.0,2516.0,1084.0
1.0,7131.0,3605.0,3579.0,3600.0,3611.0,3611.0,2505.0,1074.0,2522.0,1083.0
1.0,7126.0,3602.0,3579.0,3611.0,3602.0,3602.0,2505.0,1074.0,2523.0,1079.0
1.0,7135.0,3601.0,3580.0,3602.0,3604.0,3604.0,2506.0,1074.0,2520.0,1081.0
1.0,7136.0,3604.0,3580.0,3604.0,3604.0,3604.0,2506.0,1074.0,2518.0,1086.0
1.0,7136.0,3606.0,3580.0,3604.0,3606.0,3606.0,2506.0,1074.0,2523.0,1083.0
1.0,7134.0,3604.0,3582.0,3606.0,3610.0,3610.0,2507.0,1075.0,2523.0,1081.0
1.0,7136.0,3602.0,3582.0,3610.0,3602.0,3602.0,2507.0,1075.0,2520.0,1082.0
1.0,7144.0,3610.0,3582.0,3602.0,3610.0,3610.0,2507.0,1075.0,2525.0,1085.0
1.0,7136.0,3598.0,3582.0,3610.0,3598.0,3598.0,2507.0,1075.0,2515.0,1083.0
1.0,7148.0,3612.0,3583.0,3598.0,3615.0,3615.0,2508.0,1075.0,2525.0,1087.0
1.0,7134.0,3614.0,3583.0,3615.0,3614.0,3614.0,2508.0,1075.0,2529.0,1085.0
1.0,7135.0,3618.0,3584.0,3614.0,3621.0,3621.0,2508.0,1076.0,2528.0,1090.0
1.0,7131.0,3606.0,3585.0,3621.0,3609.0,3609.0,2509.0,1076.0,2518.0,1088.0
1.0,7146.0,3615.0,3585.0,3609.0,3615.0,3615.0,2509.0,1076.0,2530.0,1085.0
1.0,7140.0,3620.0,3585.0,3615.0,3620.0,3620.0,2509.0,1076.0,2527.0,1093.0
1.0,7135.0,3612.0,3587.0,3620.0,3618.0,3618.0,2510.0,1077.0,2524.0,1088.0
1.0,7143.0,3614.0,3587.0,3618.0,3614.0,3614.0,2510.0,1077.0,2529.0,1085.0
1.0,7147.0,3614.0,3588.0,3614.0,3617.0,3617.0,2511.0,1077.0,2526.0,1088.0
1.0,7147.0,3617.0,3588.0,3617.0,3617.0,3617.0,2511.0,1077.0,2530.0,1087.0
1.0,7147.0,3619.0,3589.0,3617.0,3622.0,3622.0,2512.0,1077.0,2533.0,1086.0
1.0,7145.0,3621.0,3591.0,3622.0,3627.0,3627.0,2513.0,1078.0,2534.0,1087.0
1.0,7146.0,3622.0,3591.0,3627.0,3622.0,3622.0,2513.0,1078.0,2536.0,1086.0
1.0,7151.0,3624.0,3592.0,3622.0,3627.0,3627.0,2514.0,1078.0,2536.0,1088.0
1.0,7149.0,3617.0,3594.0,3627.0,3623.0,3623.0,2515.0,1079.0,2529.0,1088.0
1.0,7159.0,3614.0,3594.0,3623.0,3614.0,3614.0,2515.0,1079.0,2531.0,1083.0
1.0,7168.0,3612.0,3595.0,3614.0,3615.0,3615.0,2516.0,1079.0,2526.0,1086.0
1.0,7170.0,3620.0,3595.0,3615.0,3620.0,3620.0,2516.0,1079.0,2534.0,1086.0
1.0,7165.0,3611.0,3597.0,3620.0,3617.0,3617.0,2517.0,1080.0,2527.0,1084.0
1.0,7174.0,3614.0,3598.0,3617.0,3617.0,3617.0,2518.0,1080.0,2532.0,1082.0
1.0,7177.0,3619.0,3598.0,3617.0,3619.0,3619.0,2518.0,1080.0,2535.0,1084.0
1.0,7175.0,3614.0,3599.0,3619.0,3617.0,3617.0,2519.0,1080.0,2528.0,1086.0
1.0,7180.0,3606.0,3600.0,3617.0,3609.0,3609.0,2519.0,1081.0,2525.0,1081.0
1.0,7191.0,3608.0,3601.0,3609.0,3611.0,3611.0,2520.0,1081.0,2527.0,1081.0
1.0,7192.0,3608.0,3601.0,3611.0,3608.0,3608.0,2520.0,1081.0,2527.0,1081.0
1.0,7195.0,3613.0,3602.0,3608.0,3616.0,3616.0,2521.0,1081.0,2528.0,1085.0
1.0,7190.0,3604.0,3603.0,3616.0,3607.0,3607.0,2521.0,1082.0,2523.0,1081.0
1.0,7202.0,3607.0,3604.0,3607.0,3610.0,3610.0,2522.0,1082.0,2525.0,1082.0
1.0,7202.0,3600.0,3604.0,3610.0,3600.0,3600.0,2522.0,1082.0,2520.0,1080.0
1.0,7212.0,3612.0,3605.0,3600.0,3615.0,3615.0,2523.0,1082.0,2525.0,1087.0
1.0,7200.0,3607.0,3605.0,3615.0,3607.0,3607.0,2523.0,1082.0,2527.0,1080.0
1.0,7208.0,3605.0,3606.0,3607.0,3608.0,3608.0,2523.0,1083.0,2526.0,1079.0
1.0,7210.0,3605.0,3607.0,3608.0,3608.0,3608.0,2524.0,1083.0,2521.0,1084.0
1.0,7213.0,3615.0,3607.0,3608.0,3615.0,3615.0,2524.0,1083.0,2529.0,1086.0
1.0,7206.0,3605.0,3607.0,3615.0,3605.0,3605.0,2524.0,1083.0,2523.0,1082.0
1.0,7216.0,3606.0,3609.0,3605.0,3612.0,3612.0,2525.0,1084.0,2522.0,1084.0
1.0,7215.0,3606.0,3609.0,3612.0,3606.0,3606.0,2525.0,1084.0,2526.0,1080.0
1.0,7221.0,3609.0,3609.0,3606.0,3609.0,3609.0,2525.0,1084.0,2526.0,1083.0
1.0,7218.0,3611.0,3610.0,3609.0,3614.0,3614.0,2526.0,1084.0,2527.0,1084.0
1.0,7216.0,3623.0,3610.0,3614.0,3623.0,3623.0,2526.0,1084.0,2541.0,1082.0
1.0,7207.0,3624.0,3610.0,3623.0,3624.0,3624.0,2526.0,1084.0,2533.0,1091.0
1.0,7206.0,3622.0,3611.0,3624.0,3625.0,3625.0,2527.0,1084.0,2536.0,1086.0
1.0,7208.0,3626.0,3611.0,3625.0,3626.0,3626.0,2527.0,1084.0,2542.0,1084.0
1.0,7207.0,3629.0,3612.0,3626.0,3632.0,3632.0,2528.0,1084.0,2542.0,1087.0
1.0,7204.0,3633.0,3613.0,3632.0,3636.0,3636.0,2528.0,1085.0,2543.0,1090.0
1.0,7203.0,3633.0,3613.0,3636.0,3633.0,3633.0,2528.0,1085.0,2543.0,1090.0
1.0,7206.0,3645.0,3614.0,3633.0,3648.0,3648.0,2529.0,1085.0,2555.0,1090.0
1.0,7194.0,3634.0,3615.0,3648.0,3637.0,3637.0,2530.0,1085.0,2546.0,1088.0
1.0,7208.0,3642.0,3615.0,3637.0,3642.0,3642.0,2530.0,1085.0,2551.0,1091.0
1.0,7203.0,3640.0,3616.0,3642.0,3643.0,3643.0,2531.0,1085.0,2546.0,1094.0
1.0,7205.0,3652.0,3617.0,3643.0,3655.0,3655.0,2531.0,1086.0,2561.0,1091.0
1.0,7196.0,3652.0,3618.0,3655.0,3655.0,3655.0,2532.0,1086.0,2560.0,1092.0
1.0,7199.0,3643.0,3619.0,3655.0,3646.0,3646.0,2533.0,1086.0,2550.0,1093.0
1.0,7211.0,3649.0,3619.0,3646.0,3649.0,3649.0,2533.0,1086.0,2555.0,1094.0
1.0,7208.0,3647.0,3620.0,3649.0,3650.0,3650.0,2534.0,1086.0,2555.0,1092.0
1.0,7210.0,3664.0,3621.0,3650.0,3667.0,3667.0,2535.0,1086.0,2568.0,1096.0
1.0,7196.0,3651.0,3621.0,3667.0,3651.0,3651.0,2535.0,1086.0,2557.0,1094.0
1.0,7212.0,3668.0,3622.0,3651.0,3671.0,3671.0,2536.0,1086.0,2569.0,1099.0
1.0,7195.0,3655.0,3624.0,3671.0,3661.0,3661.0,2537.0,1087.0,2561.0,1094.0
1.0,7211.0,3647.0,3624.0,3661.0,3647.0,3647.0,2537.0,1087.0,2556.0,1091.0
1.0,7225.0,3646.0,3625.0,3647.0,3649.0,3649.0,2538.0,1087.0,2551.0,1095.0
1.0,7226.0,3664.0,3625.0,3649.0,3664.0,3664.0,2538.0,1087.0,2562.0,1102.0
1.0,7211.0,3644.0,3626.0,3664.0,3647.0,3647.0,2539.0,1087.0,2547.0,1097.0
1.0,7231.0,3647.0,3627.0,3647.0,3650.0,3650.0,2539.0,1088.0,2552.0,1095.0
1.0,7231.0,3651.0,3627.0,3650.0,3651.0,3651.0,2539.0,1088.0,2558.0,1093.0
1.0,7230.0,3638.0,3627.0,3651.0,3638.0,3638.0,2539.0,1088.0,2544.0,1094.0
1.0,7243.0,3644.0,3628.0,3638.0,3647.0,3647.0,2540.0,1088.0,2550.0,1094.0
1.0,7237.0,3641.0,3628.0,3647.0,3641.0,3641.0,2540.0,1088.0,2546.0,1095.0
1.0,7243.0,3643.0,3629.0,3641.0,3646.0,3646.0,2541.0,1088.0,2551.0,1092.0
1.0,7241.0,3639.0,3629.0,3646.0,3639.0,3639.0,2541.0,1088.0,2542.0,1097.0
1.0,7248.0,3640.0,3630.0,3639.0,3643.0,3643.0,2541.0,1089.0,2550.0,1090.0
1.0,7247.0,3643.0,3631.0,3643.0,3646.0,3646.0,2542.0,1089.0,2550.0,1093.0
1.0,7247.0,3639.0,3631.0,3646.0,3639.0,3639.0,2542.0,1089.0,2546.0,1093.0
1.0,7254.0,3644.0,3631.0,3639.0,3644.0,3644.0,2542.0,1089.0,2546.0,1098.0
1.0,7249.0,3639.0,3631.0,3644.0,3639.0,3639.0,2542.0,1089.0,2543.0,1096.0
1.0,7254.0,3632.0,3633.0,3639.0,3638.0,3638.0,2543.0,1090.0,2539.0,1093.0
1.0,7261.0,3642.0,3633.0,3638.0,3642.0,3642.0,2543.0,1090.0,2546.0,1096.0
1.0,7257.0,3644.0,3633.0,3642.0,3644.0,3644.0,2543.0,1090.0,2548.0,1096.0
1.0,7255.0,3641.0,3634.0,3644.0,3644.0,3644.0,2544.0,1090.0,2550.0,1091.0
1.0,7258.0,3635.0,3635.0,3644.0,3638.0,3638.0,2544.0,1091.0,2541.0,1094.0
1.0,7267.0,3651.0,3636.0,3638.0,3654.0,3654.0,2545.0,1091.0,2556.0,1095.0
1.0,7254.0,3640.0,3636.0,3654.0,3640.0,3640.0,2545.0,1091.0,2543.0,1097.0
1.0,7268.0,3638.0,3637.0,3640.0,3641.0,3641.0,2546.0,1091.0,2544.0,1094.0
1.0,7270.0,3650.0,3638.0,3641.0,3653.0,3653.0,2546.0,1092.0,2554.0,1096.0
1.0,7261.0,3651.0,3639.0,3653.0,3654.0,3654.0,2547.0,1092.0,2559.0,1092.0
1.0,7263.0,3656.0,3639.0,3654.0,3656.0,3656.0,2547.0,1092.0,2556.0,1100.0
1.0,7261.0,3644.0,3640.0,3656.0,3647.0,3647.0,2548.0,1092.0,2549.0,1095.0
1.0,7273.0,3655.0,3642.0,3647.0,3661.0,3661.0,2549.0,1093.0,2560.0,1095.0
1.0,7265.0,3653.0,3642.0,3661.0,3653.0,3653.0,2549.0,1093.0,2559.0,1094.0
1.0,7273.0,3662.0,3643.0,3653.0,3665.0,3665.0,2550.0,1093.0,2564.0,1098.0
1.0,7264.0,3661.0,3644.0,3665.0,3664.0,3664.0,2551.0,1093.0,2565.0,1096.0
1.0,7268.0,3672.0,3645.0,3664.0,3675.0,3675.0,2551.0,1094.0,2574.0,1098.0
1.0,7260.0,3667.0,3646.0,3675.0,3670.0,3670.0,2552.0,1094.0,2568.0,1099.0
1.0,7268.0,3666.0,3647.0,3670.0,3669.0,3669.0,2553.0,1094.0,2566.0,1100.0
1.0,7272.0,3667.0,3647.0,3669.0,3667.0,3667.0,2553.0,1094.0,2571.0,1096.0
1.0,7274.0,3671.0,3649.0,3667.0,3677.0,3677.0,2554.0,1095.0,2572.0,1099.0
1.0,7270.0,3663.0,3649.0,3677.0,3663.0,3663.0,2554.0,1095.0,2566.0,1097.0
1.0,7284.0,3665.0,3650.0,3663.0,3668.0,3668.0,2555.0,1095.0,2567.0,1098.0
1.0,7282.0,3664.0,3650.0,3668.0,3664.0,3664.0,2555.0,1095.0,2562.0,1102.0
1.0,7286.0,3684.0,3651.0,3664.0,3687.0,3687.0,2556.0,1095.0,2581.0,1103.0
1.0,7266.0,3675.0,3652.0,3687.0,3678.0,3678.0,2556.0,1096.0,2572.0,1103.0
1.0,7278.0,3675.0,3671.6951329668323,3678.0,3734.0,3734.0,2569.8835224372283,1101.811610529604,2574.0,1101.0
1.0,7281.0,3680.0,3673.5040577173318,3734.0,3686.0,3686.0,2571.0501396160375,1102.4539181012942,2578.0,1102.0
1.0,7335.0,3672.0,3674.4274535984314,3686.0,3674.0,3674.0,2571.7316215471483,1102.695832051283,2574.0,1098.0
1.0,7349.0,3678.0,3674.2460407184735,3674.0,3677.0,3677.0,2571.6338495682458,1102.6121911502278,2573.0,1105.0
1.0,7345.0,3684.0,3675.5876347354865,3677.0,3689.0,3689.0,2572.58642799127,1103.0012067442167,2580.0,1104.0
1.0,7338.0,3676.0,3675.8153827578035,3689.0,3677.0,3677.0,2572.792632145133,1103.0227506126703,2571.0,1105.0
1.0,7351.0,3678.0,3676.174115299903,3677.0,3678.0,3678.0,2573.108938143219,1103.0651771566838,2578.0,1100.0
1.0,7350.0,3687.0,3678.371068467056,3678.0,3694.0,3694.0,2574.563123743392,1103.8079447236635,2581.0,1106.0
1.0,7341.0,3679.0,3677.8605799203497,3694.0,3678.0,3678.0,2574.2361575492487,1103.624422371101,2573.0,1106.0
1.0,7356.0,3677.0,3677.6392929339945,3678.0,3676.0,3676.0,2574.070410765966,1103.5688821680287,2574.0,1103.0
1.0,7357.0,3680.0,3675.6892352675645,3676.0,3674.0,3674.0,2572.698745358167,1102.9904899093976,2576.0,1104.0
1.0,7353.0,3676.0,3677.5271611657718,3674.0,3682.0,3682.0,2574.061163366976,1103.465997798796,2574.0,1102.0
1.0,7351.0,3669.0,3673.674081575493,3682.0,3657.0,3657.0,2571.364262200473,1102.3098193750197,2568.0,1101.0
1.0,7364.0,3679.0,3674.2952774815894,3657.0,3681.0,3681.0,2571.6421336965072,1102.6531437850824,2575.0,1104.0
1.0,7342.0,3677.0,3674.9734042391824,3681.0,3679.0,3679.0,2572.057560252515,1102.9158439866674,2575.0,1102.0
1.0,7346.0,3678.0,3675.7217615062855,3679.0,3680.0,3680.0,2572.4804039931296,1103.2413575131557,2572.0,1106.0
1.0,7347.0,3677.0,3675.7302336445928,3680.0,3677.0,3677.0,2572.5802309495857,1103.150002695007,2576.0,1101.0
1.0,7350.0,3676.0,3677.4931097705016,3677.0,3681.0,3681.0,2573.768971246117,1103.7241385243847,2571.0,1105.0
1.0,7351.0,3676.0,3675.7338815484,3681.0,3671.0,3671.0,2572.655687156621,1103.0781943917789,2576.0,1100.0
1.0,7356.0,3667.0,3673.749052628209,3671.0,3661.0,3661.0,2571.173406160211,1102.575646467998,2566.0,1101.0
1.0,7360.0,3682.0,3672.9744771071287,3661.0,3680.0,3680.0,2570.7050318231813,1102.2694452839473,2583.0,1099.0
1.0,7339.0,3679.0,3674.805293652064,3680.0,3685.0,3685.0,2572.0050619978333,1102.8002316542306,2575.0,1104.0
1.0,7340.0,3677.0,3674.6611517263955,3685.0,3676.0,3676.0,2571.897368330431,1102.7637833959645,2576.0,1101.0
1.0,7348.0,3674.0,3672.311105735139,3676.0,3667.0,3667.0,2570.2871007632803,1102.0240049718586,2573.0,1101.0
1.0,7350.0,3683.0,3673.6012603843346,3667.0,3687.0,3687.0,2571.161557930255,1102.4397024540795,2581.0,1102.0
1.0,7334.0,3684.0,3674.030572447103,3687.0,3685.0,3685.0,2571.47153845056,1102.5590339965433,2578.0,1106.0
1.0,7337.0,3678.0,3674.1419050377413,3685.0,3678.0,3678.0,2571.526669645232,1102.6152353925095,2576.0,1102.0
1.0,7344.0,3674.0,3673.6617426151493,3678.0,3673.0,3673.0,2571.128164545014,1102.5335780701353,2571.0,1103.0
1.0,7348.0,3674.0,3672.144961741129,3673.0,3669.0,3669.0,2570.064328352894,1102.0806333882351,2570.0,1104.0
1.0,7347.0,3683.0,3672.5497959670683,3669.0,3685.0,3685.0,2570.35597462034,1102.1938213467283,2580.0,1103.0
1.0,7333.0,3683.0,3673.867711336948,3685.0,3687.0,3687.0,2571.335620950824,1102.5320903861243,2575.0,1108.0
1.0,7335.0,3693.0,3674.784823388196,3687.0,3696.0,3696.0,2572.037845311613,1102.7469780765825,2587.0,1106.0
1.0,7329.0,3682.0,3674.201064345024,3696.0,3679.0,3679.0,2571.5303300739984,1102.6707342710258,2575.0,1107.0
1.0,7343.0,3681.0,3673.1782893594136,3679.0,3678.0,3678.0,2570.7283108657775,1102.4499784936359,2577.0,1104.0
1.0,7341.0,3678.0,3674.2440186553495,3678.0,3681.0,3681.0,2571.4940789855973,1102.7499396697522,2572.0,1106.0
1.0,7341.0,3674.0,3673.9560970783195,3681.0,3674.0,3674.0,2571.2426332165373,1102.7134638617822,2568.0,1106.0
1.0,7348.0,3681.0,3674.608560798032,3674.0,3683.0,3683.0,2571.7361489195705,1102.8724118784614,2573.0,1108.0
1.0,7341.0,3685.0,3676.408601093606,3683.0,3690.0,3690.0,2573.012000998947,1103.3966000946596,2575.0,1110.0
1.0,7339.0,3677.0,3675.134955543011,3690.0,3673.0,3673.0,2572.1672767884465,1102.9676787545645,2572.0,1105.0
1.0,7352.0,3684.0,3678.3985740874373,3673.0,3694.0,3694.0,2574.365011063645,1104.0335630237923,2578.0,1106.0
1.0,7341.0,3687.0,3677.243021476253,3694.0,3683.0,3683.0,2573.738275018915,1103.5047464573381,2580.0,1107.0
1.0,7348.0,3686.0,3679.5163203109255,3683.0,3694.0,3694.0,2575.2783522590107,1104.2379680519148,2578.0,1108.0
1.0,7345.0,3695.0,3683.6169183828843,3694.0,3707.0,3707.0,2578.145977107559,1105.4709412753257,2585.0,1110.0
1.0,7344.0,3694.0,3684.6165691423485,3707.0,3697.0,3697.0,2578.8392751596007,1105.777293982748,2582.0,1112.0
1.0,7357.0,3689.0,3686.492325998562,3697.0,3694.0,3694.0,2580.1006460690314,1106.3916799295307,2579.0,1110.0
1.0,7365.0,3696.0,3687.512919965544,3694.0,3700.0,3700.0,2580.8752762795502,1106.6376436859935,2588.0,1108.0
1.0,7363.0,3702.0,3687.8403461696175,3700.0,3703.0,3703.0,2581.0461926157404,1106.794153553877,2588.0,1114.0
1.0,7361.0,3700.0,3688.5034254828934,3703.0,3702.0,3702.0,2581.567322079646,1106.936103403247,2588.0,1112.0
1.0,7364.0,3705.0,3690.7291764256624,3702.0,3711.0,3711.0,2583.1775575377724,1107.5516188878898,2592.0,1113.0
1.0,7361.0,3710.0,3693.993700918369,3711.0,3720.0,3720.0,2585.38303008782,1108.6106708305492,2597.0,1113.0
2.0,0.0,996.0,996.0,0.0,2988.0,2988.0,705.0,291.0,705.0,291.0
2.0,0.0,999.0,997.0,2988.0,1998.0,1998.0,706.0,291.0,708.0,291.0
2.0,993.0,27.0,674.0,1998.0,0.0,0.0,476.0,198.0,16.0,11.0
2.0,2964.0,332.0,589.0,0.0,0.0,0.0,415.0,174.0,231.0,101.0
2.0,2632.0,347.0,541.0,0.0,0.0,0.0,381.0,160.0,243.0,104.0
2.0,2285.0,338.0,506.0,0.0,0.0,0.0,356.0,150.0,236.0,102.0
2.0,1947.0,335.0,482.0,0.0,0.0,0.0,339.0,143.0,233.0,102.0
2.0,1612.0,349.0,466.0,0.0,135.0,135.0,328.0,138.0,248.0,101.0
2.0,1263.0,370.0,455.0,135.0,337.0,337.0,320.0,135.0,262.0,108.0
2.0,1028.0,366.0,446.0,337.0,339.0,339.0,314.0,132.0,262.0,104.0
2.0,999.0,367.0,438.0,339.0,343.0,343.0,309.0,129.0,258.0,109.0
2.0,971.0,351.0,432.0,343.0,333.0,333.0,304.0,128.0,245.0,106.0
2.0,963.0,350.0,425.0,333.0,329.0,329.0,299.0,126.0,238.0,112.0
2.0,946.0,363.0,421.0,329.0,351.0,351.0,296.0,125.0,257.0,106.0
2.0,912.0,349.0,416.0,351.0,334.0,334.0,292.0,124.0,239.0,110.0
2.0,914.0,362.0,413.0,334.0,353.0,353.0,290.0,123.0,256.0,106.0
2.0,886.0,357.0,409.0,353.0,345.0,345.0,287.0,122.0,244.0,113.0
2.0,882.0,351.0,406.0,345.0,342.0,342.0,285.0,121.0,244.0,107.0
2.0,876.0,355.0,404.0,342.0,349.0,349.0,283.0,121.0,245.0,110.0
2.0,863.0,353.0,401.0,349.0,344.0,344.0,281.0,120.0,245.0,108.0
2.0,859.0,357.0,399.0,344.0,351.0,351.0,279.0,120.0,246.0,111.0
2.0,846.0,345.0,396.0,351.0,336.0,336.0,277.0,119.0,235.0,110.0
2.0,852.0,352.0,395.0,336.0,349.0,349.0,276.0,119.0,247.0,105.0
2.0,836.0,348.0,392.0,349.0,339.0,339.0,274.0,118.0,242.0,106.0
2.0,837.0,350.0,391.0,339.0,347.0,347.0,273.0,118.0,245.0,105.0
2.0,826.0,349.0,389.0,347.0,343.0,343.0,272.0,117.0,242.0,107.0
2.0,824.0,348.0,388.0,343.0,345.0,345.0,271.0,117.0,241.0,107.0
2.0,819.0,353.0,386.0,345.0,347.0,347.0,270.0,116.0,246.0,107.0
2.0,811.0,353.0,385.0,347.0,350.0,350.0,269.0,116.0,245.0,108.0
2.0,805.0,348.0,384.0,350.0,345.0,345.0,268.0,116.0,245.0,103.0
2.0,807.0,350.0,383.0,345.0,347.0,347.0,268.0,115.0,244.0,106.0
2.0,802.0,343.0,382.0,347.0,340.0,340.0,267.0,115.0,239.0,104.0
2.0,806.0,347.0,381.0,340.0,344.0,344.0,266.0,115.0,243.0,104.0
2.0,799.0,343.0,379.0,344.0,337.0,337.0,265.0,114.0,238.0,105.0
2.0,800.0,354.0,379.0,337.0,354.0,354.0,265.0,114.0,248.0,106.0
2.0,783.0,342.0,378.0,354.0,339.0,339.0,264.0,114.0,237.0,105.0
2.0,795.0,343.0,377.0,339.0,340.0,340.0,263.0,114.0,239.0,104.0
2.0,791.0,334.0,375.0,340.0,328.0,328.0,262.0,113.0,231.0,103.0
2.0,797.0,346.0,375.0,328.0,346.0,346.0,262.0,113.0,240.0,106.0
2.0,779.0,351.0,374.0,346.0,348.0,348.0,261.0,113.0,246.0,105.0
2.0,774.0,353.0,374.0,348.0,353.0,353.0,261.0,113.0,245.0,108.0
2.0,769.0,351.0,374.0,353.0,351.0,351.0,261.0,113.0,246.0,105.0
2.0,771.0,367.0,374.0,351.0,367.0,367.0,261.0,113.0,259.0,108.0
2.0,755.0,357.0,372.0,367.0,351.0,351.0,260.0,112.0,250.0,107.0
2.0,765.0,354.0,372.0,351.0,354.0,354.0,260.0,112.0,248.0,106.0
2.0,762.0,356.0,372.0,354.0,356.0,356.0,260.0,112.0,249.0,107.0
2.0,760.0,363.0,372.0,356.0,363.0,363.0,260.0,112.0,256.0,107.0
2.0,753.0,367.0,372.0,363.0,367.0,367.0,260.0,112.0,252.0,115.0
2.0,749.0,361.0,371.0,367.0,358.0,358.0,259.0,112.0,252.0,109.0
2.0,755.0,368.0,371.0,358.0,368.0,368.0,259.0,112.0,262.0,106.0
2.0,745.0,363.0,371.0,368.0,363.0,363.0,259.0,112.0,257.0,106.0
2.0,750.0,363.0,371.0,363.0,363.0,363.0,259.0,112.0,254.0,109.0
2.0,750.0,376.0,359.0,363.0,340.0,340.0,251.0,108.0,265.0,111.0
2.0,737.0,373.0,347.0,340.0,337.0,337.0,242.0,105.0,261.0,112.0
2.0,704.0,375.0,354.0,337.0,396.0,396.0,247.0,107.0,261.0,114.0
2.0,666.0,384.0,355.0,396.0,387.0,387.0,248.0,107.0,269.0,115.0
2.0,678.0,384.0,355.0,387.0,384.0,384.0,248.0,107.0,272.0,112.0
2.0,681.0,381.0,357.0,384.0,387.0,387.0,249.0,108.0,267.0,114.0
2.0,684.0,386.0,358.0,387.0,389.0,389.0,250.0,108.0,270.0,116.0
2.0,685.0,379.0,358.0,389.0,379.0,379.0,250.0,108.0,264.0,115.0
2.0,695.0,379.0,358.0,379.0,379.0,379.0,250.0,108.0,262.0,117.0
2.0,695.0,386.0,358.0,379.0,386.0,386.0,250.0,108.0,276.0,110.0
2.0,688.0,375.0,358.0,386.0,375.0,375.0,250.0,108.0,265.0,110.0
2.0,699.0,384.0,360.0,375.0,390.0,390.0,251.0,109.0,266.0,118.0
2.0,690.0,389.0,360.0,390.0,389.0,389.0,251.0,109.0,274.0,115.0
2.0,691.0,391.0,361.0,389.0,394.0,394.0,252.0,109.0,272.0,119.0
2.0,689.0,387.0,361.0,394.0,387.0,387.0,252.0,109.0,273.0,114.0
2.0,696.0,389.0,362.0,387.0,392.0,392.0,253.0,109.0,272.0,117.0
2.0,694.0,390.0,362.0,392.0,390.0,390.0,253.0,109.0,275.0,115.0
2.0,696.0,386.0,363.0,390.0,389.0,389.0,254.0,109.0,269.0,117.0
2.0,700.0,387.0,363.0,389.0,387.0,387.0,254.0,109.0,274.0,113.0
2.0,702.0,392.0,365.0,387.0,398.0,398.0,255.0,110.0,275.0,117.0
2.0,697.0,396.0,365.0,398.0,396.0,396.0,255.0,110.0,276.0,120.0
2.0,699.0,388.0,366.0,396.0,391.0,391.0,256.0,110.0,272.0,116.0
2.0,707.0,381.0,366.0,391.0,381.0,381.0,256.0,110.0,267.0,114.0
2.0,717.0,387.0,367.0,381.0,390.0,390.0,257.0,110.0,270.0,117.0
2.0,711.0,391.0,369.0,390.0,397.0,397.0,258.0,111.0,275.0,116.0
2.0,710.0,378.0,369.0,397.0,378.0,378.0,258.0,111.0,263.0,115.0
2.0,729.0,394.0,370.0,378.0,397.0,397.0,259.0,111.0,276.0,118.0
2.0,713.0,381.0,370.0,397.0,381.0,381.0,259.0,111.0,270.0,111.0
2.0,729.0,389.0,371.0,381.0,392.0,392.0,260.0,111.0,274.0,115.0
2.0,721.0,380.0,371.0,392.0,380.0,380.0,260.0,111.0,267.0,113.0
2.0,733.0,375.0,372.0,380.0,378.0,378.0,261.0,111.0,264.0,111.0
2.0,738.0,380.0,373.0,378.0,383.0,383.0,261.0,112.0,266.0,114.0
2.0,736.0,388.0,374.0,383.0,391.0,391.0,262.0,112.0,275.0,113.0
2.0,731.0,380.0,374.0,391.0,380.0,380.0,262.0,112.0,264.0,116.0
2.0,742.0,388.0,375.0,380.0,391.0,391.0,263.0,112.0,276.0,112.0
2.0,734.0,380.0,375.0,391.0,380.0,380.0,263.0,112.0,268.0,112.0
2.0,745.0,382.0,376.0,380.0,385.0,385.0,264.0,112.0,271.0,111.0
2.0,743.0,389.0,378.0,385.0,395.0,395.0,265.0,113.0,275.0,114.0
2.0,739.0,388.0,378.0,395.0,388.0,388.0,265.0,113.0,276.0,112.0
2.0,746.0,396.0,379.0,388.0,399.0,399.0,266.0,113.0,275.0,121.0
2.0,738.0,391.0,380.0,399.0,394.0,394.0,267.0,113.0,276.0,115.0
2.0,746.0,384.0,380.0,394.0,384.0,384.0,267.0,113.0,269.0,115.0
2.0,756.0,395.0,380.0,384.0,395.0,395.0,267.0,113.0,280.0,115.0
2.0,745.0,391.0,382.0,395.0,397.0,397.0,268.0,114.0,277.0,114.0
2.0,749.0,395.0,383.0,397.0,398.0,398.0,269.0,114.0,280.0,115.0
2.0,751.0,406.0,383.0,398.0,406.0,406.0,269.0,114.0,282.0,124.0
2.0,743.0,392.0,384.0,406.0,395.0,395.0,270.0,114.0,275.0,117.0
2.0,757.0,401.0,384.0,395.0,401.0,401.0,270.0,114.0,287.0,114.0
2.0,751.0,392.0,385.0,401.0,395.0,395.0,271.0,114.0,274.0,118.0
2.0,760.0,405.0,386.0,395.0,408.0,408.0,271.0,115.0,283.0,122.0
2.0,750.0,412.0,387.0,408.0,415.0,415.0,272.0,115.0,288.0,124.0
2.0,746.0,399.0,387.0,415.0,399.0,399.0,272.0,115.0,276.0,123.0
2.0,762.0,401.0,388.0,399.0,404.0,404.0,272.0,116.0,281.0,120.0
2.0,760.0,413.0,389.0,404.0,416.0,416.0,273.0,116.0,292.0,121.0
2.0,751.0,417.0,390.0,416.0,420.0,420.0,274.0,116.0,292.0,125.0
2.0,750.0,405.0,390.0,420.0,405.0,405.0,274.0,116.0,277.0,128.0
2.0,765.0,414.0,390.0,405.0,414.0,414.0,274.0,116.0,286.0,128.0
2.0,756.0,412.0,391.0,414.0,415.0,415.0,274.0,117.0,286.0,126.0
2.0,758.0,412.0,392.0,415.0,415.0,415.0,275.0,117.0,284.0,128.0
2.0,761.0,415.0,392.0,415.0,415.0,415.0,275.0,117.0,286.0,129.0
2.0,761.0,419.0,393.0,415.0,422.0,422.0,276.0,117.0,293.0,126.0
2.0,757.0,429.0,394.0,422.0,432.0,432.0,276.0,118.0,299.0,130.0
2.0,750.0,420.0,395.0,432.0,423.0,423.0,277.0,118.0,288.0,132.0
2.0,762.0,427.0,395.0,423.0,427.0,427.0,277.0,118.0,298.0,129.0
2.0,758.0,427.0,397.0,427.0,433.0,433.0,278.0,119.0,297.0,130.0
2.0,758.0,429.0,397.0,433.0,429.0,429.0,278.0,119.0,301.0,128.0
2.0,762.0,423.0,398.0,429.0,426.0,426.0,279.0,119.0,292.0,131.0
2.0,768.0,419.0,398.0,426.0,419.0,419.0,279.0,119.0,291.0,128.0
2.0,775.0,425.0,399.0,419.0,428.0,428.0,279.0,120.0,297.0,128.0
2.0,769.0,435.0,400.0,428.0,438.0,438.0,280.0,120.0,306.0,129.0
2.0,762.0,425.0,400.0,438.0,425.0,425.0,280.0,120.0,295.0,130.0
2.0,775.0,421.0,401.0,425.0,424.0,424.0,281.0,120.0,293.0,128.0
2.0,779.0,426.0,402.0,424.0,429.0,429.0,281.0,121.0,294.0,132.0
2.0,777.0,429.0,403.0,429.0,432.0,432.0,282.0,121.0,300.0,129.0
2.0,777.0,437.0,403.0,432.0,437.0,437.0,282.0,121.0,302.0,135.0
2.0,772.0,417.0,404.0,437.0,420.0,420.0,283.0,121.0,293.0,124.0
2.0,792.0,429.0,405.0,420.0,432.0,432.0,283.0,122.0,303.0,126.0
2.0,783.0,422.0,406.0,432.0,425.0,425.0,284.0,122.0,294.0,128.0
2.0,793.0,424.0,406.0,425.0,424.0,424.0,284.0,122.0,298.0,126.0
2.0,794.0,422.0,407.0,424.0,425.0,425.0,285.0,122.0,296.0,126.0
2.0,796.0,417.0,407.0,425.0,417.0,417.0,285.0,122.0,292.0,125.0
2.0,804.0,418.0,409.0,417.0,424.0,424.0,286.0,123.0,293.0,125.0
2.0,803.0,415.0,409.0,424.0,415.0,415.0,286.0,123.0,293.0,122.0
2.0,812.0,425.0,410.0,415.0,428.0,428.0,287.0,123.0,297.0,128.0
2.0,802.0,429.0,410.0,428.0,429.0,429.0,287.0,123.0,304.0,125.0
2.0,801.0,429.0,412.0,429.0,435.0,435.0,288.0,124.0,305.0,124.0
2.0,801.0,423.0,413.0,435.0,426.0,426.0,289.0,124.0,300.0,123.0
2.0,813.0,429.0,413.0,426.0,429.0,429.0,289.0,124.0,304.0,125.0
2.0,810.0,420.0,414.0,429.0,423.0,423.0,290.0,124.0,294.0,126.0
2.0,819.0,422.0,414.0,423.0,422.0,422.0,290.0,124.0,302.0,120.0
2.0,820.0,420.0,416.0,422.0,426.0,426.0,291.0,125.0,300.0,120.0
2.0,822.0,410.0,416.0,426.0,410.0,410.0,291.0,125.0,288.0,122.0
2.0,838.0,416.0,416.0,410.0,416.0,416.0,291.0,125.0,292.0,124.0
2.0,832.0,420.0,417.0,416.0,423.0,423.0,292.0,125.0,295.0,125.0
2.0,828.0,437.0,417.0,423.0,437.0,437.0,292.0,125.0,310.0,127.0
2.0,814.0,423.0,418.0,437.0,426.0,426.0,293.0,125.0,297.0,126.0
2.0,828.0,414.0,419.0,426.0,417.0,417.0,293.0,126.0,289.0,125.0
2.0,840.0,418.0,419.0,417.0,418.0,418.0,293.0,126.0,293.0,125.0
2.0,839.0,430.0,420.0,418.0,433.0,433.0,294.0,126.0,302.0,128.0
2.0,827.0,434.0,420.0,433.0,434.0,434.0,294.0,126.0,304.0,130.0
2.0,826.0,425.0,421.0,434.0,428.0,428.0,295.0,126.0,301.0,124.0
2.0,835.0,435.0,421.0,428.0,435.0,435.0,295.0,126.0,305.0,130.0
2.0,828.0,433.0,422.0,435.0,436.0,436.0,295.0,127.0,305.0,128.0
2.0,830.0,426.0,423.0,436.0,429.0,429.0,296.0,127.0,296.0,130.0
2.0,840.0,433.0,423.0,429.0,433.0,433.0,296.0,127.0,304.0,129.0
2.0,836.0,428.0,423.0,433.0,428.0,428.0,296.0,127.0,298.0,130.0
2.0,841.0,434.0,423.0,428.0,434.0,434.0,296.0,127.0,304.0,130.0
2.0,835.0,432.0,424.0,434.0,435.0,435.0,297.0,127.0,299.0,133.0
2.0,837.0,445.0,424.0,435.0,445.0,445.0,297.0,127.0,311.0,134.0
2.0,827.0,441.0,425.0,445.0,444.0,444.0,298.0,127.0,310.0,131.0
2.0,831.0,451.0,426.0,444.0,454.0,454.0,298.0,128.0,319.0,132.0
2.0,824.0,462.0,427.0,454.0,465.0,465.0,299.0,128.0,328.0,134.0
2.0,816.0,450.0,428.0,465.0,453.0,453.0,300.0,128.0,315.0,135.0
2.0,831.0,448.0,428.0,453.0,448.0,448.0,300.0,128.0,314.0,134.0
2.0,836.0,452.0,429.0,448.0,455.0,455.0,301.0,128.0,317.0,135.0
2.0,832.0,465.0,429.0,455.0,465.0,465.0,301.0,128.0,326.0,139.0
2.0,822.0,460.0,430.0,465.0,463.0,463.0,302.0,128.0,322.0,138.0
2.0,827.0,462.0,430.0,463.0,462.0,462.0,302.0,128.0,324.0,138.0
2.0,828.0,449.0,431.0,462.0,452.0,452.0,302.0,129.0,311.0,138.0
2.0,841.0,468.0,432.0,452.0,471.0,471.0,303.0,129.0,328.0,140.0
2.0,825.0,458.0,433.0,471.0,461.0,461.0,304.0,129.0,319.0,139.0
2.0,838.0,459.0,433.0,461.0,459.0,459.0,304.0,129.0,316.0,143.0
2.0,840.0,465.0,433.0,459.0,465.0,465.0,304.0,129.0,327.0,138.0
2.0,834.0,471.0,435.0,465.0,477.0,477.0,305.0,130.0,331.0,140.0
2.0,828.0,459.0,436.0,477.0,462.0,462.0,306.0,130.0,321.0,138.0
2.0,846.0,468.0,436.0,462.0,468.0,468.0,306.0,130.0,324.0,144.0
2.0,840.0,460.0,436.0,468.0,460.0,460.0,306.0,130.0,319.0,141.0
2.0,848.0,467.0,437.0,460.0,470.0,470.0,307.0,130.0,330.0,137.0
2.0,841.0,454.0,438.0,470.0,457.0,457.0,307.0,131.0,317.0,137.0
2.0,857.0,459.0,439.0,457.0,462.0,462.0,308.0,131.0,318.0,141.0
2.0,855.0,463.0,439.0,462.0,463.0,463.0,308.0,131.0,322.0,141.0
2.0,854.0,462.0,440.0,463.0,465.0,465.0,309.0,131.0,324.0,138.0
2.0,855.0,468.0,442.0,465.0,474.0,474.0,310.0,132.0,331.0,137.0
2.0,852.0,458.0,442.0,474.0,458.0,458.0,310.0,132.0,321.0,137.0
2.0,868.0,459.0,443.0,458.0,462.0,462.0,311.0,132.0,316.0,143.0
2.0,867.0,458.0,443.0,462.0,458.0,458.0,311.0,132.0,321.0,137.0
2.0,871.0,456.0,444.0,458.0,459.0,459.0,311.0,133.0,320.0,136.0
2.0,873.0,460.0,445.0,459.0,463.0,463.0,312.0,133.0,322.0,138.0
2.0,872.0,458.0,445.0,463.0,458.0,458.0,312.0,133.0,322.0,136.0
2.0,877.0,448.0,445.0,458.0,448.0,448.0,312.0,133.0,311.0,137.0
2.0,887.0,450.0,447.0,448.0,456.0,456.0,313.0,134.0,311.0,139.0
2.0,885.0,449.0,447.0,456.0,449.0,449.0,313.0,134.0,312.0,137.0
2.0,892.0,458.0,447.0,449.0,458.0,458.0,313.0,134.0,318.0,140.0
2.0,883.0,458.0,449.0,458.0,464.0,464.0,314.0,135.0,318.0,140.0
2.0,883.0,461.0,449.0,464.0,461.0,461.0,314.0,135.0,325.0,136.0
2.0,886.0,451.0,450.0,461.0,454.0,454.0,315.0,135.0,314.0,137.0
2.0,896.0,457.0,450.0,454.0,457.0,457.0,315.0,135.0,321.0,136.0
2.0,893.0,459.0,451.0,457.0,462.0,462.0,315.0,136.0,321.0,138.0
2.0,891.0,450.0,452.0,462.0,453.0,453.0,316.0,136.0,311.0,139.0
2.0,903.0,460.0,452.0,453.0,460.0,460.0,316.0,136.0,318.0,142.0
2.0,896.0,460.0,453.0,460.0,463.0,463.0,317.0,136.0,321.0,139.0
2.0,896.0,461.0,454.0,463.0,464.0,464.0,317.0,137.0,322.0,139.0
2.0,898.0,443.0,454.0,464.0,443.0,443.0,317.0,137.0,307.0,136.0
2.0,919.0,455.0,454.0,443.0,455.0,455.0,317.0,137.0,315.0,140.0
2.0,907.0,463.0,455.0,455.0,466.0,466.0,318.0,137.0,322.0,141.0
2.0,899.0,467.0,455.0,466.0,467.0,467.0,318.0,137.0,327.0,140.0
2.0,898.0,464.0,457.0,467.0,470.0,470.0,319.0,138.0,322.0,142.0
2.0,901.0,477.0,457.0,470.0,477.0,477.0,319.0,138.0,335.0,142.0
2.0,894.0,472.0,458.0,477.0,475.0,475.0,320.0,138.0,328.0,144.0
2.0,899.0,479.0,458.0,475.0,479.0,479.0,320.0,138.0,341.0,138.0
2.0,895.0,479.0,459.0,479.0,482.0,482.0,321.0,138.0,334.0,145.0
2.0,895.0,473.0,460.0,482.0,476.0,476.0,321.0,139.0,328.0,145.0
2.0,904.0,478.0,461.0,476.0,481.0,481.0,322.0,139.0,335.0,143.0
2.0,902.0,491.0,461.0,481.0,491.0,491.0,322.0,139.0,343.0,148.0
2.0,892.0,478.0,461.0,491.0,478.0,478.0,322.0,139.0,334.0,144.0
2.0,905.0,501.0,463.0,478.0,507.0,507.0,323.0,140.0,357.0,144.0
2.0,882.0,481.0,463.0,507.0,481.0,481.0,323.0,140.0,335.0,146.0
2.0,908.0,493.0,464.0,481.0,496.0,496.0,324.0,140.0,349.0,144.0
2.0,896.0,502.0,464.0,496.0,502.0,502.0,324.0,140.0,354.0,148.0
2.0,890.0,504.0,465.0,502.0,507.0,507.0,325.0,140.0,352.0,152.0
2.0,888.0,487.0,466.0,507.0,490.0,490.0,326.0,140.0,345.0,142.0
2.0,908.0,490.0,467.0,490.0,493.0,493.0,326.0,141.0,342.0,148.0
2.0,908.0,492.0,468.0,493.0,495.0,495.0,327.0,141.0,349.0,143.0
2.0,909.0,505.0,468.0,495.0,505.0,505.0,327.0,141.0,359.0,146.0
2.0,899.0,489.0,469.0,505.0,492.0,492.0,328.0,141.0,344.0,145.0
2.0,915.0,502.0,469.0,492.0,502.0,502.0,328.0,141.0,356.0,146.0
2.0,905.0,504.0,470.0,502.0,507.0,507.0,329.0,141.0,359.0,145.0
2.0,903.0,503.0,470.0,507.0,503.0,503.0,329.0,141.0,353.0,150.0
2.0,907.0,502.0,471.0,503.0,505.0,505.0,330.0,141.0,356.0,146.0
2.0,908.0,497.0,473.0,505.0,503.0,503.0,331.0,142.0,349.0,148.0
2.0,916.0,501.0,473.0,503.0,501.0,501.0,331.0,142.0,354.0,147.0
2.0,918.0,488.0,474.0,501.0,491.0,491.0,332.0,142.0,343.0,145.0
2.0,931.0,495.0,474.0,491.0,495.0,495.0,332.0,142.0,351.0,144.0
2.0,927.0,491.0,475.0,495.0,494.0,494.0,333.0,142.0,345.0,146.0
2.0,931.0,486.0,475.0,494.0,486.0,486.0,333.0,142.0,338.0,148.0
2.0,939.0,490.0,475.0,486.0,490.0,490.0,333.0,142.0,347.0,143.0
2.0,935.0,475.0,476.0,490.0,478.0,478.0,334.0,142.0,332.0,143.0
2.0,950.0,484.0,476.0,478.0,484.0,484.0,334.0,142.0,343.0,141.0
2.0,944.0,483.0,477.0,484.0,486.0,486.0,334.0,143.0,337.0,146.0
2.0,945.0,485.0,478.0,486.0,488.0,488.0,335.0,143.0,339.0,146.0
2.0,946.0,484.0,478.0,488.0,484.0,484.0,335.0,143.0,338.0,146.0
2.0,950.0,488.0,479.0,484.0,491.0,491.0,336.0,143.0,342.0,146.0
2.0,946.0,484.0,479.0,491.0,484.0,484.0,336.0,143.0,341.0,143.0
2.0,953.0,480.0,480.0,484.0,483.0,483.0,337.0,143.0,337.0,143.0
2.0,957.0,481.0,480.0,483.0,481.0,481.0,337.0,143.0,338.0,143.0
2.0,959.0,485.0,481.0,481.0,488.0,488.0,337.0,144.0,340.0,145.0
2.0,955.0,486.0,482.0,488.0,489.0,489.0,338.0,144.0,342.0,144.0
2.0,957.0,489.0,482.0,489.0,489.0,489.0,338.0,144.0,340.0,149.0
2.0,957.0,487.0,483.0,489.0,490.0,490.0,339.0,144.0,334.0,153.0
2.0,959.0,489.0,483.0,490.0,489.0,489.0,339.0,144.0,340.0,149.0
2.0,960.0,487.0,484.0,489.0,490.0,490.0,339.0,145.0,341.0,146.0
2.0,962.0,482.0,485.0,490.0,485.0,485.0,340.0,145.0,333.0,149.0
2.0,970.0,495.0,485.0,485.0,495.0,495.0,340.0,145.0,344.0,151.0
2.0,960.0,495.0,486.0,495.0,498.0,498.0,341.0,145.0,343.0,152.0
2.0,960.0,497.0,486.0,498.0,497.0,497.0,341.0,145.0,347.0,150.0
2.0,961.0,511.0,488.0,497.0,517.0,517.0,342.0,146.0,355.0,156.0
2.0,947.0,498.0,489.0,517.0,501.0,501.0,343.0,146.0,347.0,151.0
2.0,966.0,506.0,489.0,501.0,506.0,506.0,343.0,146.0,351.0,155.0
2.0,961.0,506.0,490.0,506.0,509.0,509.0,344.0,146.0,351.0,155.0
2.0,961.0,509.0,491.0,509.0,512.0,512.0,344.0,147.0,356.0,153.0
2.0,961.0,511.0,491.0,512.0,511.0,511.0,344.0,147.0,349.0,162.0
2.0,962.0,527.0,492.0,511.0,530.0,530.0,345.0,147.0,370.0,157.0
2.0,946.0,520.0,494.0,530.0,526.0,526.0,346.0,148.0,364.0,156.0
2.0,956.0,522.0,494.0,526.0,522.0,522.0,346.0,148.0,365.0,157.0
2.0,960.0,519.0,495.0,522.0,522.0,522.0,347.0,148.0,360.0,159.0
2.0,963.0,521.0,495.0,522.0,521.0,521.0,347.0,148.0,363.0,158.0
2.0,964.0,528.0,497.0,521.0,534.0,534.0,348.0,149.0,367.0,161.0
2.0,957.0,527.0,497.0,534.0,527.0,527.0,348.0,149.0,368.0,159.0
2.0,964.0,529.0,498.0,527.0,532.0,532.0,349.0,149.0,368.0,161.0
2.0,962.0,541.0,499.0,532.0,544.0,544.0,349.0,150.0,380.0,161.0
2.0,953.0,529.0,500.0,544.0,532.0,532.0,350.0,150.0,371.0,158.0
2.0,968.0,536.0,500.0,532.0,536.0,536.0,350.0,150.0,376.0,160.0
2.0,964.0,544.0,501.0,536.0,547.0,547.0,351.0,150.0,379.0,165.0
2.0,956.0,534.0,502.0,547.0,537.0,537.0,351.0,151.0,375.0,159.0
2.0,969.0,533.0,503.0,537.0,536.0,536.0,352.0,151.0,375.0,158.0
2.0,973.0,542.0,503.0,536.0,542.0,542.0,352.0,151.0,376.0,166.0
2.0,967.0,544.0,505.0,542.0,550.0,550.0,353.0,152.0,382.0,162.0
2.0,965.0,530.0,505.0,550.0,530.0,530.0,353.0,152.0,370.0,160.0
2.0,985.0,537.0,505.0,530.0,537.0,537.0,353.0,152.0,374.0,163.0
2.0,978.0,533.0,506.0,537.0,536.0,536.0,354.0,152.0,373.0,160.0
2.0,982.0,528.0,507.0,536.0,531.0,531.0,354.0,153.0,368.0,160.0
2.0,990.0,531.0,508.0,531.0,534.0,534.0,355.0,153.0,373.0,158.0
2.0,990.0,536.0,508.0,534.0,536.0,536.0,355.0,153.0,380.0,156.0
2.0,988.0,536.0,509.0,536.0,539.0,539.0,356.0,153.0,374.0,162.0
2.0,988.0,534.0,510.0,539.0,537.0,537.0,356.0,154.0,376.0,158.0
2.0,993.0,522.0,511.0,537.0,525.0,525.0,357.0,154.0,367.0,155.0
2.0,1008.0,520.0,511.0,525.0,520.0,520.0,357.0,154.0,362.0,158.0
2.0,1013.0,525.0,511.0,520.0,525.0,525.0,357.0,154.0,367.0,158.0
2.0,1008.0,514.0,513.0,525.0,520.0,520.0,358.0,155.0,358.0,156.0
2.0,1019.0,519.0,513.0,520.0,519.0,519.0,358.0,155.0,365.0,154.0
2.0,1020.0,520.0,514.0,519.0,523.0,523.0,359.0,155.0,366.0,154.0
2.0,1019.0,515.0,514.0,523.0,515.0,515.0,359.0,155.0,361.0,154.0
2.0,1027.0,517.0,515.0,515.0,520.0,520.0,360.0,155.0,357.0,160.0
2.0,1025.0,507.0,515.0,520.0,507.0,507.0,360.0,155.0,354.0,153.0
2.0,1038.0,518.0,516.0,507.0,521.0,521.0,360.0,156.0,359.0,159.0
2.0,1027.0,508.0,517.0,521.0,511.0,511.0,361.0,156.0,354.0,154.0
2.0,1040.0,523.0,517.0,511.0,523.0,523.0,361.0,156.0,365.0,158.0
2.0,1028.0,516.0,518.0,523.0,519.0,519.0,362.0,156.0,363.0,153.0
2.0,1035.0,500.0,519.0,519.0,503.0,503.0,362.0,157.0,347.0,153.0
2.0,1054.0,520.0,519.0,503.0,520.0,520.0,362.0,157.0,365.0,155.0
2.0,1037.0,509.0,519.0,520.0,509.0,509.0,362.0,157.0,355.0,154.0
2.0,1048.0,525.0,520.0,509.0,528.0,528.0,363.0,157.0,371.0,154.0
2.0,1032.0,522.0,521.0,528.0,525.0,525.0,364.0,157.0,365.0,157.0
2.0,1038.0,525.0,521.0,525.0,525.0,525.0,364.0,157.0,371.0,154.0
2.0,1038.0,529.0,522.0,525.0,532.0,532.0,365.0,157.0,369.0,160.0
2.0,1034.0,533.0,522.0,532.0,533.0,533.0,365.0,157.0,373.0,160.0
2.0,1033.0,527.0,524.0,533.0,533.0,533.0,366.0,158.0,371.0,156.0
2.0,1039.0,539.0,524.0,533.0,539.0,539.0,366.0,158.0,380.0,159.0
2.0,1033.0,535.0,525.0,539.0,538.0,538.0,367.0,158.0,377.0,158.0
2.0,1037.0,544.0,525.0,538.0,544.0,544.0,367.0,158.0,382.0,162.0
2.0,1031.0,551.0,526.0,544.0,554.0,554.0,368.0,158.0,390.0,161.0
2.0,1024.0,538.0,527.0,554.0,541.0,541.0,369.0,158.0,375.0,163.0
2.0,1040.0,549.0,527.0,541.0,549.0,549.0,369.0,158.0,387.0,162.0
2.0,1032.0,545.0,528.0,549.0,548.0,548.0,370.0,158.0,382.0,163.0
2.0,1036.0,548.0,529.0,548.0,551.0,551.0,370.0,159.0,383.0,165.0
2.0,1036.0,559.0,529.0,551.0,559.0,559.0,370.0,159.0,392.0,167.0
2.0,1028.0,566.0,530.0,559.0,569.0,569.0,371.0,159.0,399.0,167.0
2.0,1021.0,553.0,531.0,569.0,556.0,556.0,372.0,159.0,387.0,166.0
2.0,1037.0,568.0,531.0,556.0,568.0,568.0,372.0,159.0,395.0,173.0
2.0,1025.0,556.0,532.0,568.0,559.0,559.0,373.0,159.0,390.0,166.0
2.0,1037.0,559.0,533.0,559.0,562.0,562.0,373.0,160.0,392.0,167.0
2.0,1037.0,563.0,533.0,562.0,563.0,563.0,373.0,160.0,398.0,165.0
2.0,1036.0,574.0,534.0,563.0,577.0,577.0,374.0,160.0,403.0,171.0
2.0,1025.0,573.0,535.0,577.0,576.0,576.0,375.0,160.0,407.0,166.0
2.0,1029.0,564.0,535.0,576.0,564.0,564.0,375.0,160.0,397.0,167.0
2.0,1041.0,571.0,535.0,564.0,571.0,571.0,375.0,160.0,396.0,175.0
2.0,1034.0,563.0,536.0,571.0,566.0,566.0,376.0,160.0,395.0,168.0
2.0,1042.0,579.0,537.0,566.0,582.0,582.0,376.0,161.0,406.0,173.0
2.0,1029.0,561.0,538.0,582.0,564.0,564.0,377.0,161.0,393.0,168.0
2.0,1050.0,566.0,538.0,564.0,566.0,566.0,377.0,161.0,397.0,169.0
2.0,1048.0,566.0,538.0,566.0,566.0,566.0,377.0,161.0,395.0,171.0
2.0,1048.0,567.0,539.0,566.0,570.0,570.0,378.0,161.0,396.0,171.0
2.0,1047.0,569.0,539.0,570.0,569.0,569.0,378.0,161.0,399.0,170.0
2.0,1048.0,558.0,541.0,569.0,564.0,564.0,379.0,162.0,392.0,166.0
2.0,1059.0,561.0,541.0,564.0,561.0,561.0,379.0,162.0,392.0,169.0
2.0,1062.0,567.0,541.0,561.0,567.0,567.0,379.0,162.0,394.0,173.0
2.0,1056.0,562.0,542.0,567.0,565.0,565.0,380.0,162.0,391.0,171.0
2.0,1061.0,557.0,543.0,565.0,560.0,560.0,380.0,163.0,388.0,169.0
2.0,1069.0,565.0,544.0,560.0,568.0,568.0,381.0,163.0,395.0,170.0
2.0,1064.0,566.0,544.0,568.0,566.0,566.0,381.0,163.0,396.0,170.0
2.0,1066.0,552.0,545.0,566.0,555.0,555.0,382.0,163.0,385.0,167.0
2.0,1080.0,549.0,545.0,555.0,549.0,549.0,382.0,163.0,384.0,165.0
2.0,1086.0,560.0,547.0,549.0,566.0,566.0,383.0,164.0,390.0,170.0
2.0,1075.0,562.0,547.0,566.0,562.0,562.0,383.0,164.0,393.0,169.0
2.0,1079.0,552.0,548.0,562.0,555.0,555.0,384.0,164.0,384.0,168.0
2.0,1089.0,551.0,549.0,555.0,554.0,554.0,384.0,165.0,383.0,168.0
2.0,1093.0,563.0,550.0,554.0,566.0,566.0,385.0,165.0,393.0,170.0
2.0,1084.0,548.0,551.0,566.0,551.0,551.0,386.0,165.0,379.0,169.0
2.0,1102.0,568.0,551.0,551.0,568.0,568.0,386.0,165.0,393.0,175.0
2.0,1085.0,553.0,552.0,568.0,556.0,556.0,386.0,166.0,383.0,170.0
2.0,1100.0,554.0,553.0,556.0,557.0,557.0,387.0,166.0,387.0,167.0
2.0,1102.0,558.0,554.0,557.0,561.0,561.0,388.0,166.0,387.0,171.0
2.0,1101.0,560.0,554.0,561.0,560.0,560.0,388.0,166.0,393.0,167.0
2.0,1102.0,549.0,555.0,560.0,552.0,552.0,388.0,167.0,378.0,171.0
2.0,1113.0,565.0,556.0,552.0,568.0,568.0,389.0,167.0,395.0,170.0
2.0,1100.0,561.0,556.0,568.0,561.0,561.0,389.0,167.0,391.0,170.0
2.0,1107.0,563.0,558.0,561.0,569.0,569.0,390.0,168.0,390.0,173.0
2.0,1105.0,566.0,558.0,569.0,566.0,566.0,390.0,168.0,397.0,169.0
2.0,1108.0,564.0,559.0,566.0,567.0,567.0,391.0,168.0,390.0,174.0
2.0,1110.0,574.0,559.0,567.0,574.0,574.0,391.0,168.0,402.0,172.0
2.0,1103.0,570.0,561.0,574.0,576.0,576.0,392.0,169.0,398.0,172.0
2.0,1107.0,586.0,561.0,576.0,586.0,586.0,392.0,169.0,412.0,174.0
2.0,1097.0,578.0,561.0,586.0,578.0,578.0,392.0,169.0,405.0,173.0
2.0,1105.0,595.0,562.0,578.0,598.0,598.0,393.0,169.0,416.0,179.0
2.0,1088.0,581.0,564.0,598.0,587.0,587.0,394.0,170.0,408.0,173.0
2.0,1105.0,585.0,564.0,587.0,585.0,585.0,394.0,170.0,410.0,175.0
2.0,1107.0,599.0,565.0,585.0,602.0,602.0,395.0,170.0,424.0,175.0
2.0,1093.0,592.0,565.0,602.0,592.0,592.0,395.0,170.0,415.0,177.0
2.0,1103.0,583.0,566.0,592.0,586.0,586.0,396.0,170.0,409.0,174.0
2.0,1112.0,590.0,567.0,586.0,593.0,593.0,396.0,171.0,413.0,177.0
2.0,1108.0,592.0,567.0,593.0,592.0,592.0,396.0,171.0,417.0,175.0
2.0,1109.0,601.0,568.0,592.0,604.0,604.0,397.0,171.0,426.0,175.0
2.0,1100.0,590.0,569.0,604.0,593.0,593.0,398.0,171.0,413.0,177.0
2.0,1114.0,608.0,569.0,593.0,608.0,608.0,398.0,171.0,430.0,178.0
2.0,1099.0,601.0,570.0,608.0,604.0,604.0,399.0,171.0,428.0,173.0
2.0,1106.0,617.0,571.0,604.0,620.0,620.0,399.0,172.0,441.0,176.0
2.0,1093.0,605.0,572.0,620.0,608.0,608.0,400.0,172.0,431.0,174.0
2.0,1108.0,599.0,572.0,608.0,599.0,599.0,400.0,172.0,424.0,175.0
2.0,1117.0,605.0,573.0,599.0,608.0,608.0,401.0,172.0,425.0,180.0
2.0,1111.0,607.0,574.0,608.0,610.0,610.0,402.0,172.0,429.0,178.0
2.0,1112.0,595.0,574.0,610.0,595.0,595.0,402.0,172.0,420.0,175.0
2.0,1127.0,598.0,574.0,595.0,598.0,598.0,402.0,172.0,419.0,179.0
2.0,1124.0,599.0,575.0,598.0,602.0,602.0,403.0,172.0,424.0,175.0
2.0,1123.0,584.0,575.0,602.0,584.0,584.0,403.0,172.0,406.0,178.0
2.0,1141.0,592.0,576.0,584.0,595.0,595.0,403.0,173.0,412.0,180.0
2.0,1133.0,589.0,577.0,595.0,592.0,592.0,404.0,173.0,414.0,175.0
2.0,1139.0,592.0,577.0,592.0,592.0,592.0,404.0,173.0,414.0,178.0
2.0,1139.0,598.0,578.0,592.0,601.0,601.0,405.0,173.0,416.0,182.0
2.0,1133.0,600.0,578.0,601.0,600.0,600.0,405.0,173.0,422.0,178.0
2.0,1134.0,591.0,580.0,600.0,597.0,597.0,406.0,174.0,414.0,177.0
2.0,1143.0,589.0,580.0,597.0,589.0,589.0,406.0,174.0,413.0,176.0
2.0,1151.0,590.0,580.0,589.0,590.0,590.0,406.0,174.0,412.0,178.0
2.0,1150.0,582.0,581.0,590.0,585.0,585.0,407.0,174.0,405.0,177.0
2.0,1158.0,587.0,581.0,585.0,587.0,587.0,407.0,174.0,413.0,174.0
2.0,1156.0,573.0,582.0,587.0,576.0,576.0,408.0,174.0,400.0,173.0
2.0,1170.0,593.0,582.0,576.0,593.0,593.0,408.0,174.0,416.0,177.0
2.0,1153.0,580.0,582.0,593.0,580.0,580.0,408.0,174.0,404.0,176.0
2.0,1166.0,590.0,584.0,580.0,596.0,596.0,409.0,175.0,414.0,176.0
2.0,1156.0,588.0,584.0,596.0,588.0,588.0,409.0,175.0,409.0,179.0
2.0,1164.0,594.0,585.0,588.0,597.0,597.0,410.0,175.0,418.0,176.0
2.0,1158.0,587.0,585.0,597.0,587.0,587.0,410.0,175.0,405.0,182.0
2.0,1168.0,587.0,586.0,587.0,590.0,590.0,411.0,175.0,410.0,177.0
2.0,1168.0,600.0,587.0,590.0,603.0,603.0,411.0,176.0,419.0,181.0
2.0,1158.0,596.0,588.0,603.0,599.0,599.0,412.0,176.0,420.0,176.0
2.0,1165.0,590.0,588.0,599.0,590.0,590.0,412.0,176.0,410.0,180.0
2.0,1174.0,601.0,589.0,590.0,604.0,604.0,413.0,176.0,422.0,179.0
2.0,1163.0,605.0,590.0,604.0,608.0,608.0,414.0,176.0,424.0,181.0
2.0,1162.0,597.0,590.0,608.0,597.0,597.0,414.0,176.0,420.0,177.0
2.0,1173.0,616.0,592.0,597.0,622.0,622.0,415.0,177.0,429.0,187.0
2.0,1154.0,598.0,593.0,622.0,601.0,601.0,416.0,177.0,417.0,181.0
2.0,1178.0,611.0,593.0,601.0,611.0,611.0,416.0,177.0,426.0,185.0
2.0,1168.0,619.0,594.0,611.0,622.0,622.0,417.0,177.0,436.0,183.0
2.0,1160.0,617.0,596.0,622.0,623.0,623.0,418.0,178.0,432.0,185.0
2.0,1165.0,609.0,596.0,623.0,609.0,609.0,418.0,178.0,425.0,184.0
2.0,1179.0,625.0,596.0,609.0,625.0,625.0,418.0,178.0,439.0,186.0
2.0,1163.0,624.0,597.0,625.0,627.0,627.0,419.0,178.0,436.0,188.0
2.0,1164.0,629.0,597.0,627.0,629.0,629.0,419.0,178.0,443.0,186.0
2.0,1162.0,622.0,599.0,629.0,628.0,628.0,420.0,179.0,438.0,184.0
2.0,1169.0,623.0,599.0,628.0,623.0,623.0,420.0,179.0,437.0,186.0
2.0,1174.0,625.0,600.0,623.0,628.0,628.0,421.0,179.0,434.0,191.0
2.0,1172.0,635.0,600.0,628.0,635.0,635.0,421.0,179.0,444.0,191.0
2.0,1165.0,629.0,602.0,635.0,635.0,635.0,422.0,180.0,440.0,189.0
2.0,1171.0,637.0,602.0,635.0,637.0,637.0,422.0,180.0,447.0,190.0
2.0,1169.0,634.0,603.0,637.0,637.0,637.0,423.0,180.0,437.0,197.0
2.0,1172.0,637.0,604.0,637.0,640.0,640.0,423.0,181.0,449.0,188.0
2.0,1172.0,636.0,605.0,640.0,639.0,639.0,424.0,181.0,444.0,192.0
2.0,1176.0,633.0,605.0,639.0,633.0,633.0,424.0,181.0,441.0,192.0
2.0,1182.0,638.0,605.0,633.0,638.0,638.0,424.0,181.0,448.0,190.0
2.0,1177.0,635.0,606.0,638.0,638.0,638.0,424.0,182.0,441.0,194.0
2.0,1180.0,644.0,607.0,638.0,647.0,647.0,425.0,182.0,445.0,199.0
2.0,1174.0,632.0,607.0,647.0,632.0,632.0,425.0,182.0,442.0,190.0
2.0,1189.0,630.0,608.0,632.0,633.0,633.0,425.0,183.0,439.0,191.0
2.0,1191.0,629.0,608.0,633.0,629.0,629.0,425.0,183.0,439.0,190.0
2.0,1195.0,625.0,609.0,629.0,628.0,628.0,426.0,183.0,436.0,189.0
2.0,1199.0,638.0,610.0,628.0,641.0,641.0,426.0,184.0,444.0,194.0
2.0,1189.0,636.0,611.0,641.0,639.0,639.0,427.0,184.0,445.0,191.0
2.0,1194.0,627.0,611.0,639.0,627.0,627.0,427.0,184.0,434.0,193.0
2.0,1206.0,643.0,612.0,627.0,646.0,646.0,428.0,184.0,451.0,192.0
2.0,1190.0,625.0,613.0,646.0,628.0,628.0,428.0,185.0,436.0,189.0
2.0,1211.0,616.0,614.0,628.0,619.0,619.0,429.0,185.0,428.0,188.0
2.0,1223.0,622.0,614.0,619.0,622.0,622.0,429.0,185.0,433.0,189.0
2.0,1220.0,617.0,614.0,622.0,617.0,617.0,429.0,185.0,430.0,187.0
2.0,1225.0,622.0,615.0,617.0,625.0,625.0,430.0,185.0,435.0,187.0
2.0,1220.0,620.0,615.0,625.0,620.0,620.0,430.0,185.0,434.0,186.0
2.0,1225.0,616.0,617.0,620.0,622.0,622.0,431.0,186.0,432.0,184.0
2.0,1229.0,624.0,617.0,622.0,624.0,624.0,431.0,186.0,440.0,184.0
2.0,1227.0,622.0,618.0,624.0,625.0,625.0,432.0,186.0,437.0,185.0
2.0,1229.0,622.0,618.0,625.0,622.0,622.0,432.0,186.0,434.0,188.0
2.0,1232.0,620.0,619.0,622.0,623.0,623.0,433.0,186.0,431.0,189.0
2.0,1234.0,627.0,620.0,623.0,630.0,630.0,433.0,187.0,443.0,184.0
2.0,1230.0,621.0,621.0,630.0,624.0,624.0,434.0,187.0,434.0,187.0
2.0,1239.0,616.0,621.0,624.0,616.0,616.0,434.0,187.0,431.0,185.0
2.0,1247.0,630.0,622.0,616.0,633.0,633.0,435.0,187.0,444.0,186.0
2.0,1233.0,631.0,622.0,633.0,631.0,631.0,435.0,187.0,441.0,190.0
2.0,1235.0,624.0,623.0,631.0,627.0,627.0,436.0,187.0,440.0,184.0
2.0,1242.0,627.0,624.0,627.0,630.0,630.0,436.0,188.0,440.0,187.0
2.0,1242.0,628.0,625.0,630.0,631.0,631.0,437.0,188.0,440.0,188.0
2.0,1244.0,633.0,625.0,631.0,633.0,633.0,437.0,188.0,447.0,186.0
2.0,1242.0,633.0,626.0,633.0,636.0,636.0,438.0,188.0,444.0,189.0
2.0,1242.0,646.0,626.0,636.0,646.0,646.0,438.0,188.0,455.0,191.0
2.0,1232.0,640.0,627.0,646.0,643.0,643.0,439.0,188.0,452.0,188.0
2.0,1238.0,634.0,627.0,643.0,634.0,634.0,439.0,188.0,444.0,190.0
2.0,1247.0,630.0,628.0,634.0,633.0,633.0,440.0,188.0,446.0,184.0
2.0,1251.0,642.0,629.0,633.0,645.0,645.0,440.0,189.0,454.0,188.0
2.0,1242.0,640.0,629.0,645.0,640.0,640.0,440.0,189.0,451.0,189.0
2.0,1247.0,651.0,630.0,640.0,654.0,654.0,441.0,189.0,462.0,189.0
2.0,1236.0,654.0,630.0,654.0,654.0,654.0,441.0,189.0,464.0,190.0
2.0,1236.0,644.0,631.0,654.0,647.0,647.0,442.0,189.0,452.0,192.0
2.0,1246.0,654.0,631.0,647.0,654.0,654.0,442.0,189.0,461.0,193.0
2.0,1239.0,650.0,631.0,654.0,650.0,650.0,442.0,189.0,453.0,197.0
2.0,1243.0,658.0,632.0,650.0,661.0,661.0,443.0,189.0,462.0,196.0
2.0,1235.0,661.0,633.0,661.0,664.0,664.0,443.0,190.0,465.0,196.0
2.0,1235.0,667.0,634.0,664.0,670.0,670.0,444.0,190.0,472.0,195.0
2.0,1232.0,665.0,634.0,670.0,665.0,665.0,444.0,190.0,465.0,200.0
2.0,1237.0,666.0,635.0,665.0,669.0,669.0,445.0,190.0,466.0,200.0
2.0,1236.0,663.0,635.0,669.0,663.0,663.0,445.0,190.0,461.0,202.0
2.0,1242.0,661.0,636.0,663.0,664.0,664.0,446.0,190.0,463.0,198.0
2.0,1244.0,666.0,636.0,664.0,666.0,666.0,446.0,190.0,467.0,199.0
2.0,1242.0,668.0,638.0,666.0,674.0,674.0,447.0,191.0,466.0,202.0
2.0,1240.0,677.0,638.0,674.0,677.0,677.0,447.0,191.0,473.0,204.0
2.0,1237.0,667.0,638.0,677.0,667.0,667.0,447.0,191.0,461.0,206.0
2.0,1247.0,656.0,639.0,667.0,659.0,659.0,448.0,191.0,455.0,201.0
2.0,1258.0,669.0,639.0,659.0,669.0,669.0,448.0,191.0,469.0,200.0
2.0,1248.0,669.0,641.0,669.0,675.0,675.0,449.0,192.0,467.0,202.0
2.0,1248.0,661.0,641.0,675.0,661.0,661.0,449.0,192.0,462.0,199.0
2.0,1262.0,666.0,642.0,661.0,669.0,669.0,450.0,192.0,462.0,204.0
2.0,1257.0,670.0,642.0,669.0,670.0,670.0,450.0,192.0,470.0,200.0
2.0,1256.0,662.0,642.0,670.0,662.0,662.0,450.0,192.0,460.0,202.0
2.0,1264.0,667.0,644.0,662.0,673.0,673.0,451.0,193.0,467.0,200.0
2.0,1259.0,668.0,644.0,673.0,668.0,668.0,451.0,193.0,466.0,202.0
2.0,1264.0,670.0,645.0,668.0,673.0,673.0,452.0,193.0,469.0,201.0
2.0,1262.0,661.0,646.0,673.0,664.0,664.0,453.0,193.0,459.0,202.0
2.0,1274.0,675.0,646.0,664.0,675.0,675.0,453.0,193.0,473.0,202.0
2.0,1263.0,662.0,648.0,675.0,668.0,668.0,454.0,194.0,461.0,201.0
2.0,1276.0,669.0,648.0,668.0,669.0,669.0,454.0,194.0,466.0,203.0
2.0,1275.0,657.0,649.0,669.0,660.0,660.0,455.0,194.0,462.0,195.0
2.0,1287.0,667.0,651.0,660.0,673.0,673.0,456.0,195.0,467.0,200.0
2.0,1280.0,675.0,651.0,673.0,675.0,675.0,456.0,195.0,473.0,202.0
2.0,1278.0,666.0,652.0,675.0,669.0,669.0,457.0,195.0,463.0,203.0
2.0,1287.0,673.0,653.0,669.0,676.0,676.0,458.0,195.0,474.0,199.0
2.0,1283.0,663.0,654.0,676.0,666.0,666.0,458.0,196.0,464.0,199.0
2.0,1296.0,663.0,655.0,666.0,666.0,666.0,459.0,196.0,462.0,201.0
2.0,1299.0,662.0,655.0,666.0,662.0,662.0,459.0,196.0,460.0,202.0
2.0,1303.0,668.0,656.0,662.0,671.0,671.0,460.0,196.0,470.0,198.0
2.0,1297.0,664.0,657.0,671.0,667.0,667.0,460.0,197.0,464.0,200.0
2.0,1304.0,671.0,658.0,667.0,674.0,674.0,461.0,197.0,474.0,197.0
2.0,1300.0,670.0,658.0,674.0,670.0,670.0,461.0,197.0,467.0,203.0
2.0,1304.0,676.0,660.0,670.0,682.0,682.0,462.0,198.0,476.0,200.0
2.0,1298.0,671.0,661.0,682.0,674.0,674.0,463.0,198.0,472.0,199.0
2.0,1309.0,668.0,661.0,674.0,668.0,668.0,463.0,198.0,467.0,201.0
2.0,1315.0,674.0,662.0,668.0,677.0,677.0,464.0,198.0,468.0,206.0
2.0,1309.0,674.0,662.0,677.0,674.0,674.0,464.0,198.0,474.0,200.0
2.0,1312.0,679.0,663.0,674.0,682.0,682.0,464.0,199.0,479.0,200.0
2.0,1307.0,683.0,664.0,682.0,686.0,686.0,465.0,199.0,480.0,203.0
2.0,1306.0,683.0,665.0,686.0,686.0,686.0,466.0,199.0,473.0,210.0
2.0,1309.0,673.0,666.0,686.0,676.0,676.0,466.0,200.0,470.0,203.0
2.0,1322.0,683.0,666.0,676.0,683.0,683.0,466.0,200.0,479.0,204.0
2.0,1315.0,683.0,667.0,683.0,686.0,686.0,467.0,200.0,473.0,210.0
2.0,1315.0,672.0,668.0,686.0,675.0,675.0,467.0,201.0,469.0,203.0
2.0,1329.0,679.0,668.0,675.0,679.0,679.0,467.0,201.0,478.0,201.0
2.0,1325.0,686.0,669.0,679.0,689.0,689.0,468.0,201.0,481.0,205.0
2.0,1318.0,690.0,669.0,689.0,690.0,690.0,468.0,201.0,482.0,208.0
2.0,1317.0,680.0,670.0,690.0,683.0,683.0,469.0,201.0,477.0,203.0
2.0,1327.0,683.0,671.0,683.0,686.0,686.0,469.0,202.0,481.0,202.0
2.0,1327.0,692.0,671.0,686.0,692.0,692.0,469.0,202.0,486.0,206.0
2.0,1321.0,697.0,672.0,692.0,700.0,700.0,470.0,202.0,489.0,208.0
2.0,1316.0,687.0,672.0,700.0,687.0,687.0,470.0,202.0,482.0,205.0
2.0,1329.0,704.0,672.0,687.0,704.0,704.0,470.0,202.0,493.0,211.0
2.0,1312.0,700.0,673.0,704.0,703.0,703.0,471.0,202.0,491.0,209.0
2.0,1316.0,689.0,674.0,703.0,692.0,692.0,471.0,203.0,483.0,206.0
2.0,1330.0,689.0,675.0,692.0,692.0,692.0,472.0,203.0,482.0,207.0
2.0,1333.0,696.0,675.0,692.0,696.0,696.0,472.0,203.0,486.0,210.0
2.0,1329.0,697.0,675.0,696.0,697.0,697.0,472.0,203.0,489.0,208.0
2.0,1328.0,696.0,676.0,697.0,699.0,699.0,473.0,203.0,489.0,207.0
2.0,1329.0,690.0,676.0,699.0,690.0,690.0,473.0,203.0,481.0,209.0
2.0,1338.0,696.0,677.0,690.0,699.0,699.0,474.0,203.0,484.0,212.0
2.0,1332.0,697.0,678.0,699.0,700.0,700.0,474.0,204.0,487.0,210.0
2.0,1334.0,695.0,679.0,700.0,698.0,698.0,475.0,204.0,488.0,207.0
2.0,1339.0,699.0,679.0,698.0,699.0,699.0,475.0,204.0,490.0,209.0
2.0,1338.0,692.0,680.0,699.0,695.0,695.0,476.0,204.0,486.0,206.0
2.0,1345.0,705.0,680.0,695.0,705.0,705.0,476.0,204.0,493.0,212.0
2.0,1335.0,699.0,680.0,705.0,699.0,699.0,476.0,204.0,489.0,210.0
2.0,1341.0,686.0,681.0,699.0,689.0,689.0,477.0,204.0,482.0,204.0
2.0,1354.0,699.0,681.0,689.0,699.0,699.0,477.0,204.0,492.0,207.0
2.0,1344.0,696.0,682.0,699.0,699.0,699.0,478.0,204.0,490.0,206.0
2.0,1347.0,704.0,683.0,699.0,707.0,707.0,478.0,205.0,496.0,208.0
2.0,1342.0,694.0,684.0,707.0,697.0,697.0,479.0,205.0,487.0,207.0
2.0,1355.0,698.0,684.0,697.0,698.0,698.0,479.0,205.0,492.0,206.0
2.0,1354.0,699.0,685.0,698.0,702.0,702.0,480.0,205.0,492.0,207.0
2.0,1353.0,698.0,685.0,702.0,698.0,698.0,480.0,205.0,487.0,211.0
2.0,1357.0,692.0,685.0,698.0,692.0,692.0,480.0,205.0,485.0,207.0
2.0,1363.0,690.0,686.0,692.0,693.0,693.0,481.0,205.0,484.0,206.0
2.0,1365.0,702.0,687.0,693.0,705.0,705.0,481.0,206.0,494.0,208.0
2.0,1356.0,701.0,688.0,705.0,704.0,704.0,482.0,206.0,496.0,205.0
2.0,1360.0,697.0,689.0,704.0,700.0,700.0,483.0,206.0,492.0,205.0
2.0,1367.0,697.0,689.0,700.0,697.0,697.0,483.0,206.0,492.0,205.0
2.0,1370.0,692.0,689.0,697.0,692.0,692.0,483.0,206.0,483.0,209.0
2.0,1375.0,705.0,690.0,692.0,708.0,708.0,484.0,206.0,495.0,210.0
2.0,1362.0,705.0,690.0,708.0,705.0,705.0,484.0,206.0,498.0,207.0
2.0,1365.0,700.0,691.0,705.0,703.0,703.0,485.0,206.0,490.0,210.0
2.0,1370.0,702.0,692.0,703.0,705.0,705.0,485.0,207.0,491.0,211.0
2.0,1371.0,700.0,692.0,705.0,700.0,700.0,485.0,207.0,491.0,209.0
2.0,1376.0,707.0,693.0,700.0,710.0,710.0,486.0,207.0,492.0,215.0
2.0,1369.0,706.0,693.0,710.0,706.0,706.0,486.0,207.0,494.0,212.0
2.0,1373.0,707.0,695.0,706.0,713.0,713.0,487.0,208.0,494.0,213.0
2.0,1372.0,710.0,695.0,713.0,710.0,710.0,487.0,208.0,499.0,211.0
2.0,1375.0,711.0,695.0,710.0,711.0,711.0,487.0,208.0,496.0,215.0
2.0,1374.0,709.0,696.0,711.0,712.0,712.0,488.0,208.0,492.0,217.0
2.0,1376.0,708.0,696.0,712.0,708.0,708.0,488.0,208.0,495.0,213.0
2.0,1380.0,712.0,697.0,708.0,715.0,715.0,489.0,208.0,497.0,215.0
2.0,1376.0,718.0,698.0,715.0,721.0,721.0,489.0,209.0,503.0,215.0
2.0,1373.0,715.0,699.0,721.0,718.0,718.0,490.0,209.0,497.0,218.0
2.0,1379.0,710.0,699.0,718.0,710.0,710.0,490.0,209.0,490.0,220.0
2.0,1387.0,722.0,699.0,710.0,722.0,722.0,490.0,209.0,504.0,218.0
2.0,1375.0,721.0,701.0,722.0,727.0,727.0,491.0,210.0,503.0,218.0
2.0,1376.0,737.0,701.0,727.0,737.0,737.0,491.0,210.0,512.0,225.0
2.0,1366.0,726.0,702.0,737.0,729.0,729.0,492.0,210.0,507.0,219.0
2.0,1377.0,732.0,703.0,729.0,735.0,735.0,492.0,211.0,511.0,221.0
2.0,1374.0,726.0,704.0,735.0,729.0,729.0,493.0,211.0,507.0,219.0
2.0,1383.0,735.0,704.0,729.0,735.0,735.0,493.0,211.0,511.0,224.0
2.0,1377.0,728.0,704.0,735.0,728.0,728.0,493.0,211.0,506.0,222.0
2.0,1384.0,736.0,706.0,728.0,742.0,742.0,494.0,212.0,513.0,223.0
2.0,1376.0,745.0,706.0,742.0,745.0,745.0,494.0,212.0,518.0,227.0
2.0,1373.0,747.0,707.0,745.0,750.0,750.0,495.0,212.0,528.0,219.0
2.0,1371.0,730.0,708.0,750.0,733.0,733.0,496.0,212.0,509.0,221.0
2.0,1391.0,751.0,709.0,733.0,754.0,754.0,496.0,213.0,530.0,221.0
2.0,1373.0,736.0,710.0,754.0,739.0,739.0,497.0,213.0,513.0,223.0
2.0,1391.0,740.0,711.0,739.0,743.0,743.0,498.0,213.0,514.0,226.0
2.0,1390.0,738.0,712.0,743.0,741.0,741.0,498.0,214.0,515.0,223.0
2.0,1395.0,735.0,713.0,741.0,738.0,738.0,499.0,214.0,517.0,218.0
2.0,1401.0,743.0,713.0,738.0,743.0,743.0,499.0,214.0,521.0,222.0
2.0,1396.0,737.0,714.0,743.0,740.0,740.0,500.0,214.0,513.0,224.0
2.0,1402.0,734.0,715.0,740.0,737.0,737.0,500.0,215.0,514.0,220.0
2.0,1408.0,735.0,716.0,737.0,738.0,738.0,501.0,215.0,513.0,222.0
2.0,1410.0,739.0,716.0,738.0,739.0,739.0,501.0,215.0,521.0,218.0
2.0,1409.0,724.0,717.0,739.0,727.0,727.0,502.0,215.0,503.0,221.0
2.0,1424.0,728.0,717.0,727.0,728.0,728.0,502.0,215.0,512.0,216.0
2.0,1423.0,739.0,718.0,728.0,742.0,742.0,502.0,216.0,516.0,223.0
2.0,1412.0,741.0,719.0,742.0,744.0,744.0,503.0,216.0,524.0,217.0
2.0,1413.0,739.0,720.0,744.0,742.0,742.0,504.0,216.0,517.0,222.0
2.0,1418.0,734.0,720.0,742.0,734.0,734.0,504.0,216.0,517.0,217.0
2.0,1426.0,731.0,722.0,734.0,737.0,737.0,505.0,217.0,516.0,215.0
2.0,1429.0,735.0,722.0,737.0,735.0,735.0,505.0,217.0,517.0,218.0
2.0,1431.0,730.0,723.0,735.0,733.0,733.0,506.0,217.0,515.0,215.0
2.0,1436.0,725.0,723.0,733.0,725.0,725.0,506.0,217.0,511.0,214.0
2.0,1444.0,726.0,723.0,725.0,726.0,726.0,506.0,217.0,508.0,218.0
2.0,1443.0,724.0,724.0,726.0,727.0,727.0,507.0,217.0,509.0,215.0
2.0,1445.0,731.0,725.0,727.0,734.0,734.0,507.0,218.0,517.0,214.0
2.0,1441.0,726.0,726.0,734.0,729.0,729.0,508.0,218.0,509.0,217.0
2.0,1449.0,732.0,726.0,729.0,732.0,732.0,508.0,218.0,517.0,215.0
2.0,1446.0,728.0,726.0,732.0,728.0,728.0,508.0,218.0,510.0,218.0
2.0,1450.0,728.0,727.0,728.0,731.0,731.0,509.0,218.0,509.0,219.0
2.0,1450.0,736.0,727.0,731.0,736.0,736.0,509.0,218.0,517.0,219.0
2.0,1445.0,732.0,729.0,736.0,738.0,738.0,510.0,219.0,510.0,222.0
2.0,1449.0,735.0,729.0,738.0,735.0,735.0,510.0,219.0,518.0,217.0
2.0,1452.0,735.0,730.0,735.0,738.0,738.0,511.0,219.0,515.0,220.0
2.0,1452.0,738.0,730.0,738.0,738.0,738.0,511.0,219.0,521.0,217.0
2.0,1452.0,743.0,730.0,738.0,743.0,743.0,511.0,219.0,518.0,225.0
2.0,1447.0,731.0,731.0,743.0,734.0,734.0,512.0,219.0,514.0,217.0
2.0,1459.0,744.0,731.0,734.0,744.0,744.0,512.0,219.0,524.0,220.0
2.0,1449.0,739.0,732.0,744.0,742.0,742.0,513.0,219.0,518.0,221.0
2.0,1454.0,754.0,734.0,742.0,760.0,760.0,514.0,220.0,530.0,224.0
2.0,1442.0,745.0,734.0,760.0,745.0,745.0,514.0,220.0,520.0,225.0
2.0,1457.0,748.0,734.0,745.0,748.0,748.0,514.0,220.0,523.0,225.0
2.0,1454.0,742.0,735.0,748.0,745.0,745.0,515.0,220.0,521.0,221.0
2.0,1460.0,761.0,736.0,745.0,764.0,764.0,516.0,220.0,534.0,227.0
2.0,1444.0,743.0,736.0,764.0,743.0,743.0,516.0,220.0,520.0,223.0
2.0,1465.0,755.0,736.0,743.0,755.0,755.0,516.0,220.0,531.0,224.0
2.0,1453.0,768.0,737.0,755.0,771.0,771.0,517.0,220.0,539.0,229.0
2.0,1440.0,767.0,738.0,771.0,770.0,770.0,517.0,221.0,541.0,226.0
2.0,1444.0,759.0,739.0,770.0,762.0,762.0,518.0,221.0,532.0,227.0
2.0,1455.0,766.0,739.0,762.0,766.0,766.0,518.0,221.0,537.0,229.0
2.0,1451.0,775.0,740.0,766.0,778.0,778.0,519.0,221.0,543.0,232.0
2.0,1442.0,774.0,741.0,778.0,777.0,777.0,520.0,221.0,539.0,235.0
2.0,1446.0,777.0,741.0,777.0,777.0,777.0,520.0,221.0,545.0,232.0
2.0,1446.0,768.0,742.0,777.0,771.0,771.0,520.0,222.0,537.0,231.0
2.0,1455.0,779.0,743.0,771.0,782.0,782.0,521.0,222.0,547.0,232.0
2.0,1447.0,777.0,743.0,782.0,777.0,777.0,521.0,222.0,537.0,240.0
2.0,1452.0,769.0,744.0,777.0,772.0,772.0,522.0,222.0,534.0,235.0
2.0,1460.0,780.0,745.0,772.0,783.0,783.0,522.0,223.0,545.0,235.0
2.0,1452.0,774.0,746.0,783.0,777.0,777.0,523.0,223.0,543.0,231.0
2.0,1461.0,778.0,746.0,777.0,778.0,778.0,523.0,223.0,544.0,234.0
2.0,1460.0,788.0,747.0,778.0,791.0,791.0,524.0,223.0,547.0,241.0
2.0,1450.0,784.0,748.0,791.0,787.0,787.0,524.0,224.0,551.0,233.0
2.0,1457.0,777.0,749.0,787.0,780.0,780.0,525.0,224.0,544.0,233.0
2.0,1467.0,775.0,750.0,780.0,778.0,778.0,526.0,224.0,542.0,233.0
2.0,1472.0,771.0,750.0,778.0,771.0,771.0,526.0,224.0,536.0,235.0
2.0,1479.0,771.0,751.0,771.0,774.0,774.0,527.0,224.0,542.0,229.0
2.0,1479.0,768.0,752.0,774.0,771.0,771.0,527.0,225.0,539.0,229.0
2.0,1485.0,774.0,753.0,771.0,777.0,777.0,528.0,225.0,540.0,234.0
2.0,1482.0,771.0,753.0,777.0,771.0,771.0,528.0,225.0,537.0,234.0
2.0,1488.0,768.0,753.0,771.0,768.0,768.0,528.0,225.0,540.0,228.0
2.0,1491.0,774.0,755.0,768.0,780.0,780.0,529.0,226.0,544.0,230.0
2.0,1485.0,770.0,755.0,780.0,770.0,770.0,529.0,226.0,540.0,230.0
2.0,1495.0,776.0,756.0,770.0,779.0,779.0,530.0,226.0,542.0,234.0
2.0,1489.0,777.0,756.0,779.0,777.0,777.0,530.0,226.0,547.0,230.0
2.0,1491.0,766.0,758.0,777.0,772.0,772.0,531.0,227.0,534.0,232.0
2.0,1502.0,773.0,758.0,772.0,773.0,773.0,531.0,227.0,541.0,232.0
2.0,1501.0,769.0,759.0,773.0,772.0,772.0,532.0,227.0,540.0,229.0
2.0,1505.0,762.0,760.0,772.0,765.0,765.0,532.0,228.0,531.0,231.0
2.0,1515.0,755.0,761.0,765.0,758.0,758.0,533.0,228.0,526.0,229.0
2.0,1525.0,778.0,761.0,758.0,778.0,778.0,533.0,228.0,545.0,233.0
2.0,1505.0,774.0,763.0,778.0,780.0,780.0,534.0,229.0,544.0,230.0
2.0,1509.0,760.0,763.0,780.0,760.0,760.0,534.0,229.0,535.0,225.0
2.0,1529.0,770.0,764.0,760.0,773.0,773.0,535.0,229.0,541.0,229.0
2.0,1519.0,760.0,764.0,773.0,760.0,760.0,535.0,229.0,527.0,233.0
2.0,1532.0,770.0,765.0,760.0,773.0,773.0,536.0,229.0,540.0,230.0
2.0,1522.0,767.0,765.0,773.0,767.0,767.0,536.0,229.0,537.0,230.0
2.0,1528.0,770.0,766.0,767.0,773.0,773.0,536.0,230.0,534.0,236.0
2.0,1525.0,767.0,766.0,773.0,767.0,767.0,536.0,230.0,533.0,234.0
2.0,1531.0,777.0,767.0,767.0,780.0,780.0,537.0,230.0,541.0,236.0
2.0,1521.0,778.0,768.0,780.0,781.0,781.0,537.0,231.0,544.0,234.0
2.0,1523.0,777.0,769.0,781.0,780.0,780.0,538.0,231.0,545.0,232.0
2.0,1527.0,780.0,769.0,780.0,780.0,780.0,538.0,231.0,546.0,234.0
2.0,1527.0,788.0,770.0,780.0,791.0,791.0,539.0,231.0,549.0,239.0
2.0,1519.0,784.0,771.0,791.0,787.0,787.0,539.0,232.0,548.0,236.0
2.0,1526.0,782.0,772.0,787.0,785.0,785.0,540.0,232.0,545.0,237.0
2.0,1531.0,789.0,772.0,785.0,789.0,789.0,540.0,232.0,554.0,235.0
2.0,1527.0,797.0,773.0,789.0,800.0,800.0,541.0,232.0,556.0,241.0
2.0,1519.0,795.0,774.0,800.0,798.0,798.0,541.0,233.0,556.0,239.0
2.0,1524.0,789.0,775.0,798.0,792.0,792.0,542.0,233.0,554.0,235.0
2.0,1533.0,796.0,775.0,792.0,796.0,796.0,542.0,233.0,555.0,241.0
2.0,1529.0,809.0,775.0,796.0,809.0,809.0,542.0,233.0,563.0,246.0
2.0,1516.0,792.0,777.0,809.0,798.0,798.0,543.0,234.0,552.0,240.0
2.0,1533.0,812.0,777.0,798.0,812.0,812.0,543.0,234.0,572.0,240.0
2.0,1519.0,803.0,778.0,812.0,806.0,806.0,544.0,234.0,565.0,238.0
2.0,1528.0,811.0,778.0,806.0,811.0,811.0,544.0,234.0,569.0,242.0
2.0,1523.0,820.0,779.0,811.0,823.0,823.0,545.0,234.0,576.0,244.0
2.0,1514.0,810.0,779.0,823.0,810.0,810.0,545.0,234.0,572.0,238.0
2.0,1527.0,817.0,780.0,810.0,820.0,820.0,546.0,234.0,578.0,239.0
2.0,1520.0,807.0,781.0,820.0,810.0,810.0,547.0,234.0,567.0,240.0
2.0,1533.0,813.0,782.0,810.0,816.0,816.0,547.0,235.0,571.0,242.0
2.0,1530.0,810.0,783.0,816.0,813.0,813.0,548.0,235.0,570.0,240.0
2.0,1536.0,808.0,783.0,813.0,808.0,808.0,548.0,235.0,565.0,243.0
2.0,1541.0,807.0,784.0,808.0,810.0,810.0,549.0,235.0,564.0,243.0
2.0,1542.0,810.0,784.0,810.0,810.0,810.0,549.0,235.0,570.0,240.0
2.0,1542.0,806.0,784.0,810.0,806.0,806.0,549.0,235.0,563.0,243.0
2.0,1546.0,812.0,785.0,806.0,815.0,815.0,550.0,235.0,574.0,238.0
2.0,1540.0,800.0,786.0,815.0,803.0,803.0,550.0,236.0,560.0,240.0
2.0,1555.0,807.0,787.0,803.0,810.0,810.0,551.0,236.0,571.0,236.0
2.0,1551.0,798.0,787.0,810.0,798.0,798.0,551.0,236.0,561.0,237.0
2.0,1563.0,801.0,788.0,798.0,804.0,804.0,552.0,236.0,562.0,239.0
2.0,1560.0,812.0,789.0,804.0,815.0,815.0,553.0,236.0,572.0,240.0
2.0,1552.0,804.0,789.0,815.0,804.0,804.0,553.0,236.0,564.0,240.0
2.0,1563.0,802.0,789.0,804.0,802.0,802.0,553.0,236.0,565.0,237.0
2.0,1565.0,794.0,790.0,802.0,797.0,797.0,554.0,236.0,558.0,236.0
2.0,1573.0,801.0,791.0,797.0,804.0,804.0,554.0,237.0,564.0,237.0
2.0,1569.0,795.0,791.0,804.0,795.0,795.0,554.0,237.0,555.0,240.0
2.0,1578.0,786.0,792.0,795.0,789.0,789.0,555.0,237.0,549.0,237.0
2.0,1587.0,795.0,792.0,789.0,795.0,795.0,555.0,237.0,556.0,239.0
2.0,1581.0,794.0,792.0,795.0,794.0,794.0,555.0,237.0,554.0,240.0
2.0,1582.0,791.0,793.0,794.0,794.0,794.0,556.0,237.0,556.0,235.0
2.0,1585.0,800.0,793.0,794.0,800.0,800.0,556.0,237.0,559.0,241.0
2.0,1579.0,796.0,795.0,800.0,802.0,802.0,557.0,238.0,559.0,237.0
2.0,1583.0,792.0,795.0,802.0,792.0,792.0,557.0,238.0,553.0,239.0
2.0,1593.0,803.0,795.0,792.0,803.0,803.0,557.0,238.0,559.0,244.0
2.0,1582.0,793.0,795.0,803.0,793.0,793.0,557.0,238.0,554.0,239.0
2.0,1592.0,806.0,796.0,793.0,809.0,809.0,558.0,238.0,564.0,242.0
2.0,1579.0,801.0,797.0,809.0,804.0,804.0,558.0,239.0,559.0,242.0
2.0,1587.0,807.0,798.0,804.0,810.0,810.0,559.0,239.0,566.0,241.0
2.0,1584.0,801.0,798.0,810.0,801.0,801.0,559.0,239.0,555.0,246.0
2.0,1593.0,810.0,799.0,801.0,813.0,813.0,560.0,239.0,568.0,242.0
2.0,1584.0,807.0,800.0,813.0,810.0,810.0,561.0,239.0,562.0,245.0
2.0,1590.0,814.0,801.0,810.0,817.0,817.0,561.0,240.0,571.0,243.0
2.0,1586.0,813.0,801.0,817.0,813.0,813.0,561.0,240.0,563.0,250.0
2.0,1590.0,827.0,802.0,813.0,830.0,830.0,562.0,240.0,573.0,254.0
2.0,1576.0,820.0,803.0,830.0,823.0,823.0,562.0,241.0,569.0,251.0
2.0,1586.0,814.0,804.0,823.0,817.0,817.0,563.0,241.0,569.0,245.0
2.0,1595.0,821.0,804.0,817.0,821.0,821.0,563.0,241.0,572.0,249.0
2.0,1591.0,835.0,805.0,821.0,838.0,838.0,564.0,241.0,583.0,252.0
2.0,1577.0,834.0,806.0,838.0,837.0,837.0,564.0,242.0,582.0,252.0
2.0,1581.0,833.0,807.0,837.0,836.0,836.0,565.0,242.0,582.0,251.0
2.0,1585.0,833.0,807.0,836.0,833.0,833.0,565.0,242.0,575.0,258.0
2.0,1588.0,832.0,808.0,833.0,835.0,835.0,566.0,242.0,581.0,251.0
2.0,1589.0,844.0,808.0,835.0,844.0,844.0,566.0,242.0,591.0,253.0
2.0,1580.0,838.0,810.0,844.0,844.0,844.0,567.0,243.0,584.0,254.0
2.0,1586.0,841.0,810.0,844.0,841.0,841.0,567.0,243.0,588.0,253.0
2.0,1589.0,843.0,811.0,841.0,846.0,846.0,568.0,243.0,590.0,253.0
2.0,1587.0,845.0,812.0,846.0,848.0,848.0,568.0,244.0,590.0,255.0
2.0,1588.0,842.0,812.0,848.0,842.0,842.0,568.0,244.0,589.0,253.0
2.0,1594.0,841.0,813.0,842.0,844.0,844.0,569.0,244.0,589.0,252.0
2.0,1595.0,856.0,813.0,844.0,856.0,856.0,569.0,244.0,597.0,259.0
2.0,1583.0,844.0,814.0,856.0,847.0,847.0,569.0,245.0,590.0,254.0
2.0,1595.0,859.0,815.0,847.0,862.0,862.0,570.0,245.0,601.0,258.0
2.0,1583.0,844.0,815.0,862.0,844.0,844.0,570.0,245.0,587.0,257.0
2.0,1601.0,851.0,816.0,844.0,854.0,854.0,571.0,245.0,598.0,253.0
2.0,1594.0,848.0,818.0,854.0,854.0,854.0,572.0,246.0,595.0,253.0
2.0,1600.0,843.0,818.0,854.0,843.0,843.0,572.0,246.0,587.0,256.0
2.0,1611.0,842.0,818.0,843.0,842.0,842.0,572.0,246.0,590.0,252.0
2.0,1612.0,836.0,819.0,842.0,839.0,839.0,573.0,246.0,586.0,250.0
2.0,1618.0,835.0,820.0,839.0,838.0,838.0,573.0,247.0,588.0,247.0
2.0,1622.0,844.0,821.0,838.0,847.0,847.0,574.0,247.0,593.0,251.0
2.0,1616.0,840.0,821.0,847.0,840.0,840.0,574.0,247.0,591.0,249.0
2.0,1623.0,835.0,822.0,840.0,838.0,838.0,575.0,247.0,582.0,253.0
2.0,1628.0,831.0,823.0,838.0,834.0,834.0,575.0,248.0,580.0,251.0
2.0,1635.0,837.0,823.0,834.0,837.0,837.0,575.0,248.0,589.0,248.0
2.0,1632.0,829.0,823.0,837.0,829.0,829.0,575.0,248.0,580.0,249.0
2.0,1640.0,837.0,824.0,829.0,840.0,840.0,576.0,248.0,586.0,251.0
2.0,1632.0,834.0,824.0,840.0,834.0,834.0,576.0,248.0,585.0,249.0
2.0,1638.0,830.0,826.0,834.0,836.0,836.0,577.0,249.0,583.0,247.0
2.0,1642.0,829.0,827.0,836.0,832.0,832.0,578.0,249.0,577.0,252.0
2.0,1649.0,823.0,827.0,832.0,823.0,823.0,578.0,249.0,576.0,247.0
2.0,1658.0,830.0,827.0,823.0,830.0,830.0,578.0,249.0,579.0,251.0
2.0,1651.0,832.0,828.0,830.0,835.0,835.0,579.0,249.0,584.0,248.0
2.0,1649.0,813.0,829.0,835.0,816.0,816.0,579.0,250.0,566.0,247.0
2.0,1671.0,826.0,829.0,816.0,826.0,826.0,579.0,250.0,578.0,248.0
2.0,1661.0,834.0,830.0,826.0,837.0,837.0,580.0,250.0,583.0,251.0
2.0,1653.0,815.0,830.0,837.0,815.0,815.0,580.0,250.0,568.0,247.0
2.0,1675.0,832.0,831.0,815.0,835.0,835.0,581.0,250.0,581.0,251.0
2.0,1658.0,833.0,832.0,835.0,836.0,836.0,581.0,251.0,579.0,254.0
2.0,1660.0,835.0,832.0,836.0,835.0,835.0,581.0,251.0,585.0,250.0
2.0,1661.0,842.0,833.0,835.0,845.0,845.0,582.0,251.0,594.0,248.0
2.0,1654.0,832.0,833.0,845.0,832.0,832.0,582.0,251.0,580.0,252.0
2.0,1667.0,834.0,834.0,832.0,837.0,837.0,583.0,251.0,586.0,248.0
2.0,1665.0,837.0,834.0,837.0,837.0,837.0,583.0,251.0,588.0,249.0
2.0,1665.0,845.0,835.0,837.0,848.0,848.0,584.0,251.0,589.0,256.0
2.0,1657.0,841.0,835.0,848.0,841.0,841.0,584.0,251.0,589.0,252.0
2.0,1664.0,851.0,836.0,841.0,854.0,854.0,585.0,251.0,596.0,255.0
2.0,1654.0,849.0,837.0,854.0,852.0,852.0,585.0,252.0,595.0,254.0
2.0,1659.0,857.0,838.0,852.0,860.0,860.0,586.0,252.0,601.0,256.0
2.0,1654.0,857.0,838.0,860.0,857.0,857.0,586.0,252.0,599.0,258.0
2.0,1657.0,864.0,839.0,857.0,867.0,867.0,587.0,252.0,608.0,256.0
2.0,1650.0,869.0,839.0,867.0,869.0,869.0,587.0,252.0,608.0,261.0
2.0,1648.0,858.0,840.0,869.0,861.0,861.0,588.0,252.0,601.0,257.0
2.0,1659.0,869.0,840.0,861.0,869.0,869.0,588.0,252.0,609.0,260.0
2.0,1651.0,875.0,841.0,869.0,878.0,878.0,589.0,252.0,616.0,259.0
2.0,1645.0,871.0,842.0,878.0,874.0,874.0,589.0,253.0,611.0,260.0
2.0,1652.0,883.0,843.0,874.0,886.0,886.0,590.0,253.0,622.0,261.0
2.0,1643.0,881.0,844.0,886.0,884.0,884.0,591.0,253.0,617.0,264.0
2.0,1648.0,881.0,844.0,884.0,881.0,881.0,591.0,253.0,616.0,265.0
2.0,1651.0,887.0,845.0,881.0,890.0,890.0,592.0,253.0,622.0,265.0
2.0,1645.0,874.0,845.0,890.0,874.0,874.0,592.0,253.0,615.0,259.0
2.0,1661.0,880.0,847.0,874.0,886.0,886.0,593.0,254.0,614.0,266.0
2.0,1655.0,884.0,847.0,886.0,884.0,884.0,593.0,254.0,623.0,261.0
2.0,1657.0,885.0,848.0,884.0,888.0,888.0,594.0,254.0,623.0,262.0
2.0,1656.0,880.0,848.0,888.0,880.0,880.0,594.0,254.0,618.0,262.0
2.0,1664.0,878.0,849.0,880.0,881.0,881.0,595.0,254.0,613.0,265.0
2.0,1666.0,883.0,849.0,881.0,883.0,883.0,595.0,254.0,621.0,262.0
2.0,1664.0,874.0,849.0,883.0,874.0,874.0,595.0,254.0,613.0,261.0
2.0,1673.0,878.0,851.0,874.0,884.0,884.0,596.0,255.0,617.0,261.0
2.0,1669.0,879.0,852.0,884.0,882.0,882.0,597.0,255.0,616.0,263.0
2.0,1674.0,876.0,852.0,882.0,876.0,876.0,597.0,255.0,610.0,266.0
2.0,1680.0,871.0,852.0,876.0,871.0,871.0,597.0,255.0,608.0,263.0
2.0,1685.0,872.0,854.0,871.0,878.0,878.0,598.0,256.0,609.0,263.0
2.0,1684.0,881.0,854.0,878.0,881.0,881.0,598.0,256.0,616.0,265.0
2.0,1681.0,871.0,855.0,881.0,874.0,874.0,599.0,256.0,607.0,264.0
2.0,1691.0,864.0,855.0,874.0,864.0,864.0,599.0,256.0,604.0,260.0
2.0,1701.0,862.0,856.0,864.0,865.0,865.0,599.0,257.0,604.0,258.0
2.0,1703.0,865.0,857.0,865.0,868.0,868.0,600.0,257.0,604.0,261.0
2.0,1703.0,861.0,857.0,868.0,861.0,861.0,600.0,257.0,600.0,261.0
2.0,1710.0,873.0,857.0,861.0,873.0,873.0,600.0,257.0,605.0,268.0
2.0,1698.0,853.0,859.0,873.0,859.0,859.0,601.0,258.0,592.0,261.0
2.0,1718.0,870.0,859.0,859.0,870.0,870.0,601.0,258.0,608.0,262.0
2.0,1707.0,865.0,860.0,870.0,868.0,868.0,602.0,258.0,598.0,267.0
2.0,1712.0,859.0,860.0,868.0,859.0,859.0,602.0,258.0,596.0,263.0
2.0,1721.0,868.0,861.0,859.0,871.0,871.0,602.0,259.0,606.0,262.0
2.0,1712.0,868.0,862.0,871.0,871.0,871.0,603.0,259.0,604.0,264.0
2.0,1715.0,863.0,863.0,871.0,866.0,866.0,604.0,259.0,598.0,265.0
2.0,1723.0,872.0,864.0,866.0,875.0,875.0,604.0,260.0,606.0,266.0
2.0,1717.0,864.0,865.0,875.0,867.0,867.0,605.0,260.0,602.0,262.0
2.0,1728.0,867.0,865.0,867.0,867.0,867.0,605.0,260.0,604.0,263.0
2.0,1728.0,875.0,866.0,867.0,878.0,878.0,606.0,260.0,611.0,264.0
2.0,1720.0,870.0,867.0,878.0,873.0,873.0,606.0,261.0,609.0,261.0
2.0,1728.0,875.0,868.0,873.0,878.0,878.0,607.0,261.0,613.0,262.0
2.0,1726.0,880.0,868.0,878.0,880.0,880.0,607.0,261.0,617.0,263.0
2.0,1724.0,881.0,869.0,880.0,884.0,884.0,608.0,261.0,613.0,268.0
2.0,1723.0,886.0,870.0,884.0,889.0,889.0,608.0,262.0,618.0,268.0
2.0,1721.0,876.0,871.0,889.0,879.0,879.0,609.0,262.0,612.0,264.0
2.0,1734.0,891.0,871.0,879.0,891.0,891.0,609.0,262.0,621.0,270.0
2.0,1722.0,887.0,872.0,891.0,890.0,890.0,610.0,262.0,621.0,266.0
2.0,1726.0,900.0,874.0,890.0,906.0,906.0,611.0,263.0,631.0,269.0
2.0,1716.0,899.0,874.0,906.0,899.0,899.0,611.0,263.0,633.0,266.0
2.0,1723.0,900.0,875.0,899.0,903.0,903.0,612.0,263.0,632.0,268.0
2.0,1722.0,905.0,875.0,903.0,905.0,905.0,612.0,263.0,631.0,274.0
2.0,1720.0,898.0,877.0,905.0,904.0,904.0,613.0,264.0,631.0,267.0
2.0,1727.0,904.0,877.0,904.0,904.0,904.0,613.0,264.0,637.0,267.0
2.0,1727.0,910.0,878.0,904.0,913.0,913.0,614.0,264.0,643.0,267.0
2.0,1721.0,903.0,878.0,913.0,903.0,903.0,614.0,264.0,634.0,269.0
2.0,1731.0,913.0,879.0,903.0,916.0,916.0,615.0,264.0,643.0,270.0
2.0,1721.0,916.0,880.0,916.0,919.0,919.0,616.0,264.0,647.0,269.0
2.0,1721.0,902.0,881.0,919.0,905.0,905.0,616.0,265.0,631.0,271.0
2.0,1738.0,915.0,881.0,905.0,915.0,915.0,616.0,265.0,645.0,270.0
2.0,1728.0,916.0,882.0,915.0,919.0,919.0,617.0,265.0,643.0,273.0
2.0,1727.0,907.0,882.0,919.0,907.0,907.0,617.0,265.0,639.0,268.0
2.0,1739.0,915.0,883.0,907.0,918.0,918.0,618.0,265.0,639.0,276.0
2.0,1731.0,906.0,883.0,918.0,906.0,906.0,618.0,265.0,638.0,268.0
2.0,1743.0,909.0,883.0,906.0,909.0,909.0,618.0,265.0,640.0,269.0
2.0,1740.0,911.0,885.0,909.0,917.0,917.0,619.0,266.0,638.0,273.0
2.0,1738.0,910.0,885.0,917.0,910.0,910.0,619.0,266.0,638.0,272.0
2.0,1745.0,906.0,885.0,910.0,906.0,906.0,619.0,266.0,638.0,268.0
2.0,1749.0,911.0,886.0,906.0,914.0,914.0,620.0,266.0,643.0,268.0
2.0,1744.0,910.0,886.0,914.0,910.0,910.0,620.0,266.0,636.0,274.0
2.0,1748.0,906.0,887.0,910.0,909.0,909.0,621.0,266.0,635.0,271.0
2.0,1752.0,914.0,888.0,909.0,917.0,917.0,621.0,267.0,640.0,274.0
2.0,1747.0,896.0,889.0,917.0,899.0,899.0,622.0,267.0,626.0,270.0
2.0,1768.0,901.0,889.0,899.0,901.0,901.0,622.0,267.0,635.0,266.0
2.0,1766.0,897.0,889.0,901.0,897.0,897.0,622.0,267.0,627.0,270.0
2.0,1770.0,897.0,890.0,897.0,900.0,900.0,623.0,267.0,628.0,269.0
2.0,1770.0,904.0,890.0,900.0,904.0,904.0,623.0,267.0,633.0,271.0
2.0,1766.0,904.0,891.0,904.0,907.0,907.0,624.0,267.0,636.0,268.0
2.0,1766.0,883.0,892.0,907.0,886.0,886.0,624.0,268.0,614.0,269.0
2.0,1790.0,901.0,893.0,886.0,904.0,904.0,625.0,268.0,630.0,271.0
2.0,1775.0,893.0,893.0,904.0,893.0,893.0,625.0,268.0,624.0,269.0
2.0,1786.0,897.0,894.0,893.0,900.0,900.0,626.0,268.0,627.0,270.0
2.0,1782.0,907.0,894.0,900.0,907.0,907.0,626.0,268.0,634.0,273.0
2.0,1775.0,889.0,895.0,907.0,892.0,892.0,627.0,268.0,621.0,268.0
2.0,1793.0,898.0,895.0,892.0,898.0,898.0,627.0,268.0,628.0,270.0
2.0,1787.0,898.0,896.0,898.0,901.0,901.0,628.0,268.0,630.0,268.0
2.0,1787.0,904.0,897.0,901.0,907.0,907.0,628.0,269.0,629.0,275.0
2.0,1784.0,897.0,898.0,907.0,900.0,900.0,629.0,269.0,624.0,273.0
2.0,1794.0,906.0,898.0,900.0,906.0,906.0,629.0,269.0,634.0,272.0
2.0,1788.0,901.0,899.0,906.0,904.0,904.0,630.0,269.0,627.0,274.0
2.0,1793.0,913.0,899.0,904.0,913.0,913.0,630.0,269.0,637.0,276.0
2.0,1784.0,912.0,901.0,913.0,918.0,918.0,631.0,270.0,639.0,273.0
2.0,1785.0,908.0,901.0,918.0,908.0,908.0,631.0,270.0,632.0,276.0
2.0,1795.0,920.0,902.0,908.0,923.0,923.0,632.0,270.0,643.0,277.0
2.0,1783.0,913.0,902.0,923.0,913.0,913.0,632.0,270.0,638.0,275.0
2.0,1793.0,923.0,904.0,913.0,929.0,929.0,633.0,271.0,647.0,276.0
2.0,1783.0,916.0,905.0,929.0,919.0,919.0,634.0,271.0,642.0,274.0
2.0,1796.0,921.0,905.0,919.0,921.0,921.0,634.0,271.0,647.0,274.0
2.0,1794.0,925.0,906.0,921.0,928.0,928.0,635.0,271.0,649.0,276.0
2.0,1790.0,943.0,906.0,928.0,943.0,943.0,635.0,271.0,659.0,284.0
2.0,1775.0,927.0,907.0,943.0,930.0,930.0,636.0,271.0,651.0,276.0
2.0,1791.0,943.0,908.0,930.0,946.0,946.0,636.0,272.0,662.0,281.0
2.0,1778.0,933.0,909.0,946.0,936.0,936.0,637.0,272.0,652.0,281.0
2.0,1791.0,944.0,909.0,936.0,944.0,944.0,637.0,272.0,661.0,283.0
2.0,1783.0,943.0,910.0,944.0,946.0,946.0,638.0,272.0,660.0,283.0
2.0,1784.0,945.0,911.0,946.0,948.0,948.0,638.0,273.0,661.0,284.0
2.0,1785.0,949.0,912.0,948.0,952.0,952.0,639.0,273.0,663.0,286.0
2.0,1784.0,944.0,912.0,952.0,944.0,944.0,639.0,273.0,663.0,281.0
2.0,1792.0,946.0,914.0,944.0,952.0,952.0,640.0,274.0,663.0,283.0
2.0,1790.0,948.0,914.0,952.0,948.0,948.0,640.0,274.0,664.0,284.0
2.0,1794.0,942.0,915.0,948.0,945.0,945.0,641.0,274.0,656.0,286.0
2.0,1800.0,944.0,915.0,945.0,944.0,944.0,641.0,274.0,661.0,283.0
2.0,1801.0,944.0,916.0,944.0,947.0,947.0,641.0,275.0,661.0,283.0
2.0,1801.0,938.0,916.0,947.0,938.0,938.0,641.0,275.0,652.0,286.0
2.0,1810.0,956.0,917.0,938.0,959.0,959.0,642.0,275.0,669.0,287.0
2.0,1792.0,944.0,918.0,959.0,947.0,947.0,642.0,276.0,659.0,285.0
2.0,1807.0,941.0,919.0,947.0,944.0,944.0,643.0,276.0,659.0,282.0
2.0,1813.0,944.0,919.0,944.0,944.0,944.0,643.0,276.0,660.0,284.0
2.0,1813.0,945.0,919.0,944.0,945.0,945.0,643.0,276.0,652.0,293.0
2.0,1812.0,938.0,921.0,945.0,944.0,944.0,644.0,277.0,656.0,282.0
2.0,1819.0,953.0,921.0,944.0,953.0,953.0,644.0,277.0,666.0,287.0
2.0,1810.0,940.0,922.0,953.0,943.0,943.0,645.0,277.0,653.0,287.0
2.0,1823.0,946.0,923.0,943.0,949.0,949.0,645.0,278.0,660.0,286.0
2.0,1820.0,938.0,923.0,949.0,938.0,938.0,645.0,278.0,653.0,285.0
2.0,1831.0,941.0,924.0,938.0,944.0,944.0,646.0,278.0,659.0,282.0
2.0,1828.0,941.0,924.0,944.0,941.0,941.0,646.0,278.0,657.0,284.0
2.0,1831.0,948.0,926.0,941.0,954.0,954.0,647.0,279.0,665.0,283.0
2.0,1824.0,936.0,927.0,954.0,939.0,939.0,648.0,279.0,652.0,284.0
2.0,1842.0,940.0,927.0,939.0,940.0,940.0,648.0,279.0,660.0,280.0
2.0,1841.0,932.0,927.0,940.0,932.0,932.0,648.0,279.0,647.0,285.0
2.0,1849.0,937.0,929.0,932.0,943.0,943.0,649.0,280.0,657.0,280.0
2.0,1844.0,939.0,930.0,943.0,942.0,942.0,650.0,280.0,656.0,283.0
2.0,1848.0,943.0,930.0,942.0,943.0,943.0,650.0,280.0,663.0,280.0
2.0,1847.0,935.0,931.0,943.0,938.0,938.0,651.0,280.0,650.0,285.0
2.0,1855.0,931.0,931.0,938.0,931.0,931.0,651.0,280.0,652.0,279.0
2.0,1862.0,925.0,933.0,931.0,931.0,931.0,652.0,281.0,648.0,277.0
2.0,1868.0,931.0,933.0,931.0,931.0,931.0,652.0,281.0,651.0,280.0
2.0,1868.0,931.0,934.0,931.0,934.0,934.0,653.0,281.0,652.0,279.0
2.0,1868.0,931.0,934.0,934.0,931.0,931.0,653.0,281.0,654.0,277.0
2.0,1871.0,934.0,935.0,931.0,937.0,937.0,654.0,281.0,655.0,279.0
2.0,1868.0,934.0,935.0,937.0,934.0,934.0,654.0,281.0,655.0,279.0
2.0,1871.0,948.0,937.0,934.0,954.0,954.0,655.0,282.0,665.0,283.0
2.0,1857.0,942.0,937.0,954.0,942.0,942.0,655.0,282.0,665.0,277.0
2.0,1869.0,946.0,938.0,942.0,949.0,949.0,656.0,282.0,667.0,279.0
2.0,1865.0,949.0,938.0,949.0,949.0,949.0,656.0,282.0,666.0,283.0
2.0,1865.0,949.0,939.0,949.0,952.0,952.0,657.0,282.0,668.0,281.0
2.0,1865.0,940.0,939.0,952.0,940.0,940.0,657.0,282.0,658.0,282.0
2.0,1877.0,945.0,940.0,940.0,948.0,948.0,658.0,282.0,665.0,280.0
2.0,1872.0,953.0,940.0,948.0,953.0,953.0,658.0,282.0,664.0,289.0
2.0,1867.0,949.0,941.0,953.0,952.0,952.0,658.0,283.0,664.0,285.0
2.0,1871.0,963.0,942.0,952.0,966.0,966.0,659.0,283.0,675.0,288.0
2.0,1860.0,957.0,942.0,966.0,957.0,957.0,659.0,283.0,672.0,285.0
2.0,1869.0,959.0,943.0,957.0,962.0,962.0,660.0,283.0,675.0,284.0
2.0,1867.0,965.0,943.0,962.0,965.0,965.0,660.0,283.0,680.0,285.0
2.0,1864.0,962.0,943.0,965.0,962.0,962.0,660.0,283.0,676.0,286.0
2.0,1867.0,986.0,944.0,962.0,989.0,989.0,661.0,283.0,694.0,292.0
2.0,1843.0,964.0,944.0,989.0,964.0,964.0,661.0,283.0,676.0,288.0
2.0,1868.0,975.0,945.0,964.0,978.0,978.0,662.0,283.0,687.0,288.0
2.0,1857.0,971.0,946.0,978.0,974.0,974.0,662.0,284.0,680.0,291.0
2.0,1864.0,968.0,947.0,974.0,971.0,971.0,663.0,284.0,680.0,288.0
2.0,1870.0,980.0,947.0,971.0,980.0,980.0,663.0,284.0,689.0,291.0
2.0,1861.0,978.0,948.0,980.0,981.0,981.0,664.0,284.0,687.0,291.0
2.0,1863.0,976.0,948.0,981.0,976.0,976.0,664.0,284.0,682.0,294.0
2.0,1868.0,972.0,948.0,976.0,972.0,972.0,664.0,284.0,681.0,291.0
2.0,1872.0,982.0,949.0,972.0,985.0,985.0,665.0,284.0,689.0,293.0
2.0,1862.0,977.0,951.0,985.0,983.0,983.0,666.0,285.0,683.0,294.0
2.0,1870.0,969.0,951.0,983.0,969.0,969.0,666.0,285.0,676.0,293.0
2.0,1884.0,978.0,951.0,969.0,978.0,978.0,666.0,285.0,684.0,294.0
2.0,1875.0,978.0,952.0,978.0,981.0,981.0,667.0,285.0,681.0,297.0
2.0,1875.0,977.0,952.0,981.0,977.0,977.0,667.0,285.0,682.0,295.0
2.0,1879.0,977.0,953.0,977.0,980.0,980.0,668.0,285.0,684.0,293.0
2.0,1879.0,973.0,954.0,980.0,976.0,976.0,668.0,286.0,679.0,294.0
2.0,1886.0,979.0,954.0,976.0,979.0,979.0,668.0,286.0,682.0,297.0
2.0,1883.0,992.0,955.0,979.0,995.0,995.0,669.0,286.0,693.0,299.0
2.0,1870.0,978.0,956.0,995.0,981.0,981.0,670.0,286.0,684.0,294.0
2.0,1887.0,970.0,956.0,981.0,970.0,970.0,670.0,286.0,678.0,292.0
2.0,1898.0,972.0,957.0,970.0,975.0,975.0,670.0,287.0,676.0,296.0
2.0,1896.0,973.0,958.0,975.0,976.0,976.0,671.0,287.0,679.0,294.0
2.0,1898.0,976.0,958.0,976.0,976.0,976.0,671.0,287.0,683.0,293.0
2.0,1898.0,976.0,959.0,976.0,979.0,979.0,672.0,287.0,682.0,294.0
2.0,1898.0,980.0,960.0,979.0,983.0,983.0,672.0,288.0,685.0,295.0
2.0,1897.0,977.0,961.0,983.0,980.0,980.0,673.0,288.0,680.0,297.0
2.0,1903.0,977.0,961.0,980.0,977.0,977.0,673.0,288.0,681.0,296.0
2.0,1906.0,966.0,962.0,977.0,969.0,969.0,674.0,288.0,673.0,293.0
2.0,1917.0,977.0,962.0,969.0,977.0,977.0,674.0,288.0,685.0,292.0
2.0,1909.0,979.0,964.0,977.0,985.0,985.0,675.0,289.0,685.0,294.0
2.0,1907.0,980.0,964.0,985.0,980.0,980.0,675.0,289.0,686.0,294.0
2.0,1912.0,986.0,965.0,980.0,989.0,989.0,676.0,289.0,693.0,293.0
2.0,1906.0,984.0,966.0,989.0,987.0,987.0,677.0,289.0,692.0,292.0
2.0,1911.0,978.0,968.0,987.0,984.0,984.0,678.0,290.0,686.0,292.0
2.0,1920.0,976.0,968.0,984.0,976.0,976.0,678.0,290.0,678.0,298.0
2.0,1928.0,977.0,969.0,976.0,980.0,980.0,679.0,290.0,683.0,294.0
2.0,1927.0,984.0,970.0,980.0,987.0,987.0,679.0,291.0,692.0,292.0
2.0,1923.0,977.0,971.0,987.0,980.0,980.0,680.0,291.0,683.0,294.0
2.0,1933.0,991.0,971.0,980.0,991.0,991.0,680.0,291.0,693.0,298.0
2.0,1922.0,981.0,973.0,991.0,987.0,987.0,681.0,292.0,689.0,292.0
2.0,1932.0,986.0,973.0,987.0,986.0,986.0,681.0,292.0,693.0,293.0
2.0,1933.0,984.0,974.0,986.0,987.0,987.0,682.0,292.0,688.0,296.0
2.0,1935.0,994.0,974.0,987.0,994.0,994.0,682.0,292.0,695.0,299.0
2.0,1928.0,998.0,976.0,994.0,1004.0,1004.0,683.0,293.0,703.0,295.0
2.0,1924.0,992.0,977.0,1004.0,995.0,995.0,684.0,293.0,696.0,296.0
2.0,1936.0,995.0,977.0,995.0,995.0,995.0,684.0,293.0,699.0,296.0
2.0,1936.0,998.0,978.0,995.0,1001.0,1001.0,685.0,293.0,700.0,298.0
2.0,1933.0,996.0,978.0,1001.0,996.0,996.0,685.0,293.0,697.0,299.0
2.0,1938.0,993.0,980.0,996.0,999.0,999.0,686.0,294.0,697.0,296.0
2.0,1941.0,1003.0,980.0,999.0,1003.0,1003.0,686.0,294.0,702.0,301.0
2.0,1937.0,999.0,981.0,1003.0,1002.0,1002.0,687.0,294.0,697.0,302.0
2.0,1941.0,1002.0,981.0,1002.0,1002.0,1002.0,687.0,294.0,702.0,300.0
2.0,1941.0,994.0,982.0,1002.0,997.0,997.0,687.0,295.0,695.0,299.0
2.0,1949.0,994.0,982.0,997.0,994.0,994.0,687.0,295.0,694.0,300.0
2.0,1952.0,999.0,983.0,994.0,1002.0,1002.0,688.0,295.0,701.0,298.0
2.0,1947.0,1006.0,983.0,1002.0,1006.0,1006.0,688.0,295.0,704.0,302.0
2.0,1943.0,1004.0,984.0,1006.0,1007.0,1007.0,688.0,296.0,702.0,302.0
2.0,1945.0,1010.0,985.0,1007.0,1013.0,1013.0,689.0,296.0,706.0,304.0
2.0,1942.0,1012.0,985.0,1013.0,1012.0,1012.0,689.0,296.0,710.0,302.0
2.0,1943.0,1009.0,986.0,1012.0,1012.0,1012.0,690.0,296.0,708.0,301.0
2.0,1946.0,1014.0,986.0,1012.0,1014.0,1014.0,690.0,296.0,709.0,305.0
2.0,1944.0,1010.0,987.0,1014.0,1013.0,1013.0,691.0,296.0,707.0,303.0
2.0,1948.0,1003.0,988.0,1013.0,1006.0,1006.0,691.0,297.0,702.0,301.0
2.0,1958.0,1006.0,988.0,1006.0,1006.0,1006.0,691.0,297.0,702.0,304.0
2.0,1958.0,1014.0,989.0,1006.0,1017.0,1017.0,692.0,297.0,710.0,304.0
2.0,1950.0,1011.0,990.0,1017.0,1014.0,1014.0,693.0,297.0,709.0,302.0
2.0,1956.0,1010.0,990.0,1014.0,1010.0,1010.0,693.0,297.0,703.0,307.0
2.0,1960.0,1011.0,992.0,1010.0,1017.0,1017.0,694.0,298.0,710.0,301.0
2.0,1959.0,1015.0,992.0,1017.0,1015.0,1015.0,694.0,298.0,717.0,298.0
2.0,1961.0,1017.0,993.0,1015.0,1020.0,1020.0,695.0,298.0,716.0,301.0
2.0,1959.0,1016.0,993.0,1020.0,1016.0,1016.0,695.0,298.0,713.0,303.0
2.0,1963.0,1002.0,994.0,1016.0,1005.0,1005.0,696.0,298.0,702.0,300.0
2.0,1977.0,1011.0,994.0,1005.0,1011.0,1011.0,696.0,298.0,712.0,299.0
2.0,1971.0,1004.0,995.0,1011.0,1007.0,1007.0,697.0,298.0,702.0,302.0
2.0,1978.0,1017.0,995.0,1007.0,1017.0,1017.0,697.0,298.0,715.0,302.0
2.0,1968.0,1009.0,996.0,1017.0,1012.0,1012.0,698.0,298.0,707.0,302.0
2.0,1976.0,1014.0,997.0,1012.0,1017.0,1017.0,698.0,299.0,712.0,302.0
2.0,1974.0,1009.0,998.0,1017.0,1012.0,1012.0,699.0,299.0,707.0,302.0
2.0,1982.0,1010.0,998.0,1012.0,1010.0,1010.0,699.0,299.0,710.0,300.0
2.0,1984.0,1017.0,999.0,1010.0,1020.0,1020.0,700.0,299.0,717.0,300.0
2.0,1977.0,1001.0,1000.0,1020.0,1004.0,1004.0,701.0,299.0,702.0,299.0
2.0,1996.0,1013.0,1000.0,1004.0,1013.0,1013.0,701.0,299.0,711.0,302.0
2.0,1987.0,1012.0,1001.0,1013.0,1015.0,1015.0,702.0,299.0,712.0,300.0
2.0,1988.0,1017.0,1001.0,1015.0,1017.0,1017.0,702.0,299.0,716.0,301.0
2.0,1986.0,1007.0,1002.0,1017.0,1010.0,1010.0,702.0,300.0,708.0,299.0
2.0,1996.0,1006.0,1003.0,1010.0,1009.0,1009.0,703.0,300.0,704.0,302.0
2.0,2000.0,1012.0,1003.0,1009.0,1012.0,1012.0,703.0,300.0,708.0,304.0
2.0,1997.0,1014.0,1004.0,1012.0,1017.0,1017.0,704.0,300.0,710.0,304.0
2.0,1995.0,1016.0,1004.0,1017.0,1016.0,1016.0,704.0,300.0,712.0,304.0
2.0,1996.0,1011.0,1005.0,1016.0,1014.0,1014.0,705.0,300.0,709.0,302.0
2.0,2001.0,1021.0,1006.0,1014.0,1024.0,1024.0,705.0,301.0,717.0,304.0
2.0,1994.0,1016.0,1007.0,1024.0,1019.0,1019.0,706.0,301.0,710.0,306.0
2.0,2002.0,1012.0,1007.0,1019.0,1012.0,1012.0,706.0,301.0,706.0,306.0
2.0,2009.0,1014.0,1007.0,1012.0,1014.0,1014.0,706.0,301.0,711.0,303.0
2.0,2007.0,1016.0,1008.0,1014.0,1019.0,1019.0,707.0,301.0,708.0,308.0
2.0,2005.0,1014.0,1009.0,1019.0,1017.0,1017.0,707.0,302.0,710.0,304.0
2.0,2010.0,1023.0,1009.0,1017.0,1023.0,1023.0,707.0,302.0,717.0,306.0
2.0,2004.0,1016.0,1009.0,1023.0,1016.0,1016.0,707.0,302.0,711.0,305.0
2.0,2011.0,1018.0,1010.0,1016.0,1021.0,1021.0,708.0,302.0,712.0,306.0
2.0,2009.0,1028.0,1010.0,1021.0,1028.0,1028.0,708.0,302.0,719.0,309.0
2.0,2002.0,1024.0,1011.0,1028.0,1027.0,1027.0,708.0,303.0,713.0,311.0
2.0,2006.0,1044.0,1012.0,1027.0,1047.0,1047.0,709.0,303.0,733.0,311.0
2.0,1989.0,1031.0,1012.0,1047.0,1031.0,1031.0,709.0,303.0,721.0,310.0
2.0,2005.0,1042.0,1013.0,1031.0,1045.0,1045.0,710.0,303.0,727.0,315.0
2.0,1994.0,1032.0,1013.0,1045.0,1032.0,1032.0,710.0,303.0,720.0,312.0
2.0,2007.0,1037.0,1015.0,1032.0,1043.0,1043.0,711.0,304.0,727.0,310.0
2.0,2002.0,1035.0,1015.0,1043.0,1035.0,1035.0,711.0,304.0,725.0,310.0
2.0,2010.0,1052.0,1016.0,1035.0,1055.0,1055.0,712.0,304.0,732.0,320.0
2.0,1993.0,1038.0,1016.0,1055.0,1038.0,1038.0,712.0,304.0,725.0,313.0
2.0,2010.0,1034.0,1018.0,1038.0,1040.0,1040.0,713.0,305.0,718.0,316.0
2.0,2014.0,1046.0,1018.0,1040.0,1046.0,1046.0,713.0,305.0,730.0,316.0
2.0,2008.0,1041.0,1018.0,1046.0,1041.0,1041.0,713.0,305.0,727.0,314.0
2.0,2013.0,1041.0,1019.0,1041.0,1044.0,1044.0,714.0,305.0,725.0,316.0
2.0,2013.0,1043.0,1020.0,1044.0,1046.0,1046.0,714.0,306.0,726.0,317.0
2.0,2014.0,1052.0,1021.0,1046.0,1055.0,1055.0,715.0,306.0,736.0,316.0
2.0,2008.0,1057.0,1021.0,1055.0,1057.0,1057.0,715.0,306.0,736.0,321.0
2.0,2006.0,1046.0,1022.0,1057.0,1049.0,1049.0,716.0,306.0,732.0,314.0
2.0,2017.0,1051.0,1023.0,1049.0,1054.0,1054.0,716.0,307.0,733.0,318.0
2.0,2015.0,1050.0,1024.0,1054.0,1053.0,1053.0,717.0,307.0,733.0,317.0
2.0,2019.0,1063.0,1024.0,1053.0,1063.0,1063.0,717.0,307.0,744.0,319.0
2.0,2009.0,1060.0,1026.0,1063.0,1066.0,1066.0,718.0,308.0,744.0,316.0
2.0,2012.0,1050.0,1026.0,1066.0,1050.0,1050.0,718.0,308.0,733.0,317.0
2.0,2028.0,1042.0,1027.0,1050.0,1045.0,1045.0,719.0,308.0,728.0,314.0
2.0,2036.0,1048.0,1027.0,1045.0,1048.0,1048.0,719.0,308.0,733.0,315.0
2.0,2033.0,1047.0,1029.0,1048.0,1053.0,1053.0,720.0,309.0,735.0,312.0
2.0,2034.0,1053.0,1029.0,1053.0,1053.0,1053.0,720.0,309.0,739.0,314.0
2.0,2034.0,1054.0,1030.0,1053.0,1057.0,1057.0,721.0,309.0,737.0,317.0
2.0,2033.0,1057.0,1030.0,1057.0,1057.0,1057.0,721.0,309.0,743.0,314.0
2.0,2033.0,1049.0,1032.0,1057.0,1055.0,1055.0,722.0,310.0,737.0,312.0
2.0,2041.0,1046.0,1032.0,1055.0,1046.0,1046.0,722.0,310.0,736.0,310.0
2.0,2050.0,1045.0,1033.0,1046.0,1048.0,1048.0,723.0,310.0,734.0,311.0
2.0,2051.0,1052.0,1033.0,1048.0,1052.0,1052.0,723.0,310.0,736.0,316.0
2.0,2047.0,1049.0,1035.0,1052.0,1055.0,1055.0,724.0,311.0,737.0,312.0
2.0,2050.0,1049.0,1035.0,1055.0,1049.0,1049.0,724.0,311.0,738.0,311.0
2.0,2056.0,1041.0,1036.0,1049.0,1044.0,1044.0,725.0,311.0,734.0,307.0
2.0,2064.0,1035.0,1036.0,1044.0,1035.0,1035.0,725.0,311.0,726.0,309.0
2.0,2073.0,1049.0,1037.0,1035.0,1052.0,1052.0,726.0,311.0,735.0,314.0
2.0,2059.0,1032.0,1037.0,1052.0,1032.0,1032.0,726.0,311.0,723.0,309.0
2.0,2079.0,1042.0,1038.0,1032.0,1045.0,1045.0,726.0,312.0,731.0,311.0
2.0,2069.0,1050.0,1039.0,1045.0,1053.0,1053.0,727.0,312.0,738.0,312.0
2.0,2064.0,1037.0,1039.0,1053.0,1037.0,1037.0,727.0,312.0,725.0,312.0
2.0,2080.0,1039.0,1040.0,1037.0,1042.0,1042.0,728.0,312.0,728.0,311.0
2.0,2078.0,1062.0,1040.0,1042.0,1062.0,1062.0,728.0,312.0,747.0,315.0
2.0,2058.0,1039.0,1041.0,1062.0,1042.0,1042.0,729.0,312.0,730.0,309.0
2.0,2081.0,1048.0,1041.0,1042.0,1048.0,1048.0,729.0,312.0,738.0,310.0
2.0,2075.0,1045.0,1043.0,1048.0,1051.0,1051.0,730.0,313.0,736.0,309.0
2.0,2078.0,1045.0,1043.0,1051.0,1045.0,1045.0,730.0,313.0,734.0,311.0
2.0,2084.0,1049.0,1044.0,1045.0,1052.0,1052.0,731.0,313.0,734.0,315.0
2.0,2080.0,1051.0,1044.0,1052.0,1051.0,1051.0,731.0,313.0,739.0,312.0
2.0,2081.0,1057.0,1045.0,1051.0,1060.0,1060.0,732.0,313.0,742.0,315.0
2.0,2075.0,1051.0,1045.0,1060.0,1051.0,1051.0,732.0,313.0,733.0,318.0
2.0,2084.0,1060.0,1046.0,1051.0,1063.0,1063.0,732.0,314.0,740.0,320.0
2.0,2075.0,1056.0,1047.0,1063.0,1059.0,1059.0,733.0,314.0,740.0,316.0
2.0,2082.0,1060.0,1047.0,1059.0,1060.0,1060.0,733.0,314.0,745.0,315.0
2.0,2081.0,1061.0,1048.0,1060.0,1064.0,1064.0,734.0,314.0,740.0,321.0
2.0,2080.0,1059.0,1048.0,1064.0,1059.0,1059.0,734.0,314.0,740.0,319.0
2.0,2085.0,1070.0,1048.0,1059.0,1070.0,1070.0,734.0,314.0,746.0,324.0
2.0,2074.0,1065.0,1049.0,1070.0,1068.0,1068.0,735.0,314.0,745.0,320.0
2.0,2079.0,1074.0,1050.0,1068.0,1077.0,1077.0,735.0,315.0,755.0,319.0
2.0,2073.0,1072.0,1051.0,1077.0,1075.0,1075.0,736.0,315.0,748.0,324.0
2.0,2078.0,1072.0,1051.0,1075.0,1072.0,1072.0,736.0,315.0,752.0,320.0
2.0,2081.0,1073.0,1052.0,1072.0,1076.0,1076.0,737.0,315.0,748.0,325.0
2.0,2080.0,1084.0,1052.0,1076.0,1084.0,1084.0,737.0,315.0,757.0,327.0
2.0,2072.0,1079.0,1053.0,1084.0,1082.0,1082.0,738.0,315.0,752.0,327.0
2.0,2077.0,1086.0,1054.0,1082.0,1089.0,1089.0,738.0,316.0,762.0,324.0
2.0,2073.0,1081.0,1055.0,1089.0,1084.0,1084.0,739.0,316.0,758.0,323.0
2.0,2081.0,1081.0,1055.0,1084.0,1081.0,1081.0,739.0,316.0,757.0,324.0
2.0,2084.0,1082.0,1056.0,1081.0,1085.0,1085.0,740.0,316.0,758.0,324.0
2.0,2083.0,1096.0,1056.0,1085.0,1096.0,1096.0,740.0,316.0,767.0,329.0
2.0,2072.0,1074.0,1057.0,1096.0,1077.0,1077.0,741.0,316.0,748.0,326.0
2.0,2094.0,1089.0,1058.0,1077.0,1092.0,1092.0,741.0,317.0,766.0,323.0
2.0,2082.0,1089.0,1059.0,1092.0,1092.0,1092.0,742.0,317.0,764.0,325.0
2.0,2085.0,1091.0,1059.0,1092.0,1091.0,1091.0,742.0,317.0,765.0,326.0
2.0,2086.0,1081.0,1060.0,1091.0,1084.0,1084.0,743.0,317.0,758.0,323.0
2.0,2096.0,1088.0,1060.0,1084.0,1088.0,1088.0,743.0,317.0,762.0,326.0
2.0,2092.0,1085.0,1061.0,1088.0,1088.0,1088.0,744.0,317.0,759.0,326.0
2.0,2095.0,1084.0,1062.0,1088.0,1087.0,1087.0,744.0,318.0,760.0,324.0
2.0,2099.0,1083.0,1063.0,1087.0,1086.0,1086.0,745.0,318.0,758.0,325.0
2.0,2103.0,1086.0,1063.0,1086.0,1086.0,1086.0,745.0,318.0,759.0,327.0
2.0,2103.0,1084.0,1063.0,1086.0,1084.0,1084.0,745.0,318.0,759.0,325.0
2.0,2105.0,1080.0,1064.0,1084.0,1083.0,1083.0,746.0,318.0,760.0,320.0
2.0,2109.0,1080.0,1065.0,1083.0,1083.0,1083.0,746.0,319.0,756.0,324.0
2.0,2112.0,1075.0,1065.0,1083.0,1075.0,1075.0,746.0,319.0,749.0,326.0
2.0,2120.0,1093.0,1066.0,1075.0,1096.0,1096.0,747.0,319.0,764.0,329.0
2.0,2102.0,1078.0,1066.0,1096.0,1078.0,1078.0,747.0,319.0,754.0,324.0
2.0,2120.0,1081.0,1068.0,1078.0,1087.0,1087.0,748.0,320.0,758.0,323.0
2.0,2117.0,1080.0,1068.0,1087.0,1080.0,1080.0,748.0,320.0,756.0,324.0
2.0,2124.0,1078.0,1069.0,1080.0,1081.0,1081.0,749.0,320.0,750.0,328.0
2.0,2126.0,1079.0,1069.0,1081.0,1079.0,1079.0,749.0,320.0,758.0,321.0
2.0,2128.0,1074.0,1071.0,1079.0,1080.0,1080.0,750.0,321.0,750.0,324.0
2.0,2133.0,1084.0,1071.0,1080.0,1084.0,1084.0,750.0,321.0,754.0,330.0
2.0,2129.0,1065.0,1071.0,1084.0,1065.0,1065.0,750.0,321.0,744.0,321.0
2.0,2148.0,1067.0,1072.0,1065.0,1070.0,1070.0,750.0,322.0,744.0,323.0
2.0,2146.0,1085.0,1073.0,1070.0,1088.0,1088.0,751.0,322.0,761.0,324.0
2.0,2131.0,1073.0,1073.0,1088.0,1073.0,1073.0,751.0,322.0,749.0,324.0
2.0,2146.0,1079.0,1074.0,1073.0,1082.0,1082.0,752.0,322.0,750.0,329.0
2.0,2140.0,1078.0,1075.0,1082.0,1081.0,1081.0,752.0,323.0,755.0,323.0
2.0,2144.0,1082.0,1075.0,1081.0,1082.0,1082.0,752.0,323.0,756.0,326.0
2.0,2143.0,1072.0,1075.0,1082.0,1072.0,1072.0,752.0,323.0,743.0,329.0
2.0,2153.0,1099.0,1076.0,1072.0,1102.0,1102.0,753.0,323.0,773.0,326.0
2.0,2126.0,1083.0,1078.0,1102.0,1089.0,1089.0,754.0,324.0,758.0,325.0
2.0,2145.0,1096.0,1078.0,1089.0,1096.0,1096.0,754.0,324.0,769.0,327.0
2.0,2138.0,1082.0,1078.0,1096.0,1082.0,1082.0,754.0,324.0,751.0,331.0
2.0,2152.0,1092.0,1079.0,1082.0,1095.0,1095.0,755.0,324.0,763.0,329.0
2.0,2142.0,1087.0,1080.0,1095.0,1090.0,1090.0,755.0,325.0,759.0,328.0
2.0,2150.0,1094.0,1081.0,1090.0,1097.0,1097.0,756.0,325.0,767.0,327.0
2.0,2146.0,1096.0,1081.0,1097.0,1096.0,1096.0,756.0,325.0,771.0,325.0
2.0,2147.0,1103.0,1082.0,1096.0,1106.0,1106.0,757.0,325.0,765.0,338.0
2.0,2140.0,1103.0,1082.0,1106.0,1103.0,1103.0,757.0,325.0,772.0,331.0
2.0,2143.0,1101.0,1084.0,1103.0,1107.0,1107.0,758.0,326.0,770.0,331.0
2.0,2145.0,1113.0,1084.0,1107.0,1113.0,1113.0,758.0,326.0,783.0,330.0
2.0,2139.0,1114.0,1085.0,1113.0,1117.0,1117.0,759.0,326.0,781.0,333.0
2.0,2138.0,1116.0,1085.0,1117.0,1116.0,1116.0,759.0,326.0,782.0,334.0
2.0,2139.0,1113.0,1086.0,1116.0,1116.0,1116.0,760.0,326.0,780.0,333.0
2.0,2142.0,1119.0,1088.0,1116.0,1125.0,1125.0,761.0,327.0,784.0,335.0
2.0,2139.0,1124.0,1088.0,1125.0,1124.0,1124.0,761.0,327.0,790.0,334.0
2.0,2140.0,1112.0,1089.0,1124.0,1115.0,1115.0,762.0,327.0,779.0,333.0
2.0,2152.0,1122.0,1089.0,1115.0,1122.0,1122.0,762.0,327.0,791.0,331.0
2.0,2145.0,1123.0,1090.0,1122.0,1126.0,1126.0,763.0,327.0,789.0,334.0
2.0,2144.0,1130.0,1091.0,1126.0,1133.0,1133.0,764.0,327.0,794.0,336.0
2.0,2140.0,1121.0,1092.0,1133.0,1124.0,1124.0,764.0,328.0,789.0,332.0
2.0,2152.0,1115.0,1093.0,1124.0,1118.0,1118.0,765.0,328.0,786.0,329.0
2.0,2161.0,1122.0,1093.0,1118.0,1122.0,1122.0,765.0,328.0,786.0,336.0
2.0,2157.0,1125.0,1094.0,1122.0,1128.0,1128.0,766.0,328.0,791.0,334.0
2.0,2154.0,1122.0,1094.0,1128.0,1122.0,1122.0,766.0,328.0,785.0,337.0
2.0,2160.0,1120.0,1095.0,1122.0,1123.0,1123.0,767.0,328.0,785.0,335.0
2.0,2162.0,1120.0,1096.0,1123.0,1123.0,1123.0,767.0,329.0,785.0,335.0
2.0,2165.0,1111.0,1096.0,1123.0,1111.0,1111.0,767.0,329.0,776.0,335.0
2.0,2177.0,1115.0,1097.0,1111.0,1118.0,1118.0,768.0,329.0,786.0,329.0
2.0,2173.0,1126.0,1097.0,1118.0,1126.0,1126.0,768.0,329.0,789.0,337.0
2.0,2165.0,1118.0,1098.0,1126.0,1121.0,1121.0,769.0,329.0,784.0,334.0
2.0,2173.0,1118.0,1098.0,1121.0,1118.0,1118.0,769.0,329.0,787.0,331.0
2.0,2176.0,1114.0,1100.0,1118.0,1120.0,1120.0,770.0,330.0,779.0,335.0
2.0,2180.0,1124.0,1100.0,1120.0,1124.0,1124.0,770.0,330.0,791.0,333.0
2.0,2176.0,1120.0,1101.0,1124.0,1123.0,1123.0,771.0,330.0,787.0,333.0
2.0,2180.0,1114.0,1101.0,1123.0,1114.0,1114.0,771.0,330.0,776.0,338.0
2.0,2189.0,1097.0,1102.0,1114.0,1100.0,1100.0,772.0,330.0,766.0,331.0
2.0,2206.0,1111.0,1102.0,1100.0,1111.0,1111.0,772.0,330.0,778.0,333.0
2.0,2195.0,1113.0,1104.0,1111.0,1119.0,1119.0,773.0,331.0,780.0,333.0
2.0,2193.0,1119.0,1104.0,1119.0,1119.0,1119.0,773.0,331.0,784.0,335.0
2.0,2193.0,1118.0,1105.0,1119.0,1121.0,1121.0,774.0,331.0,784.0,334.0
2.0,2194.0,1116.0,1105.0,1121.0,1116.0,1116.0,774.0,331.0,780.0,336.0
2.0,2199.0,1113.0,1106.0,1116.0,1116.0,1116.0,775.0,331.0,780.0,333.0
2.0,2202.0,1109.0,1107.0,1116.0,1112.0,1112.0,775.0,332.0,776.0,333.0
2.0,2209.0,1100.0,1108.0,1112.0,1103.0,1103.0,776.0,332.0,767.0,333.0
2.0,2221.0,1111.0,1108.0,1103.0,1111.0,1111.0,776.0,332.0,776.0,335.0
2.0,2213.0,1113.0,1109.0,1111.0,1116.0,1116.0,777.0,332.0,778.0,335.0
2.0,2211.0,1113.0,1109.0,1116.0,1113.0,1113.0,777.0,332.0,778.0,335.0
2.0,2214.0,1105.0,1110.0,1113.0,1108.0,1108.0,778.0,332.0,771.0,334.0
2.0,2222.0,1114.0,1111.0,1108.0,1117.0,1117.0,778.0,333.0,779.0,335.0
2.0,2216.0,1120.0,1112.0,1117.0,1123.0,1123.0,779.0,333.0,784.0,336.0
2.0,2213.0,1121.0,1112.0,1123.0,1121.0,1121.0,779.0,333.0,779.0,342.0
2.0,2215.0,1125.0,1112.0,1121.0,1125.0,1125.0,779.0,333.0,787.0,338.0
2.0,2211.0,1120.0,1114.0,1125.0,1126.0,1126.0,780.0,334.0,782.0,338.0
2.0,2216.0,1127.0,1114.0,1126.0,1127.0,1127.0,780.0,334.0,785.0,342.0
2.0,2215.0,1130.0,1115.0,1127.0,1133.0,1133.0,781.0,334.0,792.0,338.0
2.0,2212.0,1140.0,1116.0,1133.0,1143.0,1143.0,782.0,334.0,795.0,345.0
2.0,2205.0,1135.0,1117.0,1143.0,1138.0,1138.0,782.0,335.0,790.0,345.0
2.0,2213.0,1142.0,1117.0,1138.0,1142.0,1142.0,782.0,335.0,797.0,345.0
2.0,2209.0,1154.0,1118.0,1142.0,1157.0,1157.0,783.0,335.0,806.0,348.0
2.0,2197.0,1146.0,1119.0,1157.0,1149.0,1149.0,784.0,335.0,802.0,344.0
2.0,2208.0,1138.0,1120.0,1149.0,1141.0,1141.0,784.0,336.0,793.0,345.0
2.0,2219.0,1144.0,1121.0,1141.0,1147.0,1147.0,785.0,336.0,801.0,343.0
2.0,2216.0,1153.0,1121.0,1147.0,1153.0,1153.0,785.0,336.0,803.0,350.0
2.0,2210.0,1140.0,1121.0,1153.0,1140.0,1140.0,785.0,336.0,796.0,344.0
2.0,2223.0,1142.0,1123.0,1140.0,1148.0,1148.0,786.0,337.0,798.0,344.0
2.0,2221.0,1158.0,1123.0,1148.0,1158.0,1158.0,786.0,337.0,809.0,349.0
2.0,2211.0,1152.0,1123.0,1158.0,1152.0,1152.0,786.0,337.0,803.0,349.0
2.0,2217.0,1151.0,1125.0,1152.0,1157.0,1157.0,787.0,338.0,805.0,346.0
2.0,2218.0,1161.0,1125.0,1157.0,1161.0,1161.0,787.0,338.0,816.0,345.0
2.0,2214.0,1158.0,1126.0,1161.0,1161.0,1161.0,788.0,338.0,811.0,347.0
2.0,2217.0,1165.0,1126.0,1161.0,1165.0,1165.0,788.0,338.0,813.0,352.0
2.0,2213.0,1164.0,1128.0,1165.0,1170.0,1170.0,789.0,339.0,815.0,349.0
2.0,2214.0,1161.0,1128.0,1170.0,1161.0,1161.0,789.0,339.0,812.0,349.0
2.0,2223.0,1162.0,1129.0,1161.0,1165.0,1165.0,790.0,339.0,812.0,350.0
2.0,2222.0,1166.0,1130.0,1165.0,1169.0,1169.0,790.0,340.0,819.0,347.0
2.0,2221.0,1155.0,1131.0,1169.0,1158.0,1158.0,791.0,340.0,813.0,342.0
2.0,2235.0,1157.0,1131.0,1158.0,1157.0,1157.0,791.0,340.0,810.0,347.0
2.0,2236.0,1157.0,1132.0,1157.0,1160.0,1160.0,792.0,340.0,806.0,351.0
2.0,2236.0,1151.0,1132.0,1160.0,1151.0,1151.0,792.0,340.0,808.0,343.0
2.0,2245.0,1150.0,1134.0,1151.0,1156.0,1156.0,793.0,341.0,805.0,345.0
2.0,2246.0,1164.0,1134.0,1156.0,1164.0,1164.0,793.0,341.0,817.0,347.0
2.0,2238.0,1158.0,1135.0,1164.0,1161.0,1161.0,794.0,341.0,811.0,347.0
2.0,2244.0,1154.0,1135.0,1161.0,1154.0,1154.0,794.0,341.0,810.0,344.0
2.0,2251.0,1152.0,1137.0,1154.0,1158.0,1158.0,795.0,342.0,806.0,346.0
2.0,2253.0,1154.0,1137.0,1158.0,1154.0,1154.0,795.0,342.0,811.0,343.0
2.0,2257.0,1146.0,1137.0,1154.0,1146.0,1146.0,795.0,342.0,803.0,343.0
2.0,2265.0,1138.0,1138.0,1146.0,1141.0,1141.0,796.0,342.0,794.0,344.0
2.0,2273.0,1151.0,1138.0,1141.0,1151.0,1151.0,796.0,342.0,805.0,346.0
2.0,2263.0,1139.0,1140.0,1151.0,1145.0,1145.0,797.0,343.0,794.0,345.0
2.0,2275.0,1144.0,1140.0,1145.0,1144.0,1144.0,797.0,343.0,804.0,340.0
2.0,2276.0,1141.0,1141.0,1144.0,1144.0,1144.0,798.0,343.0,800.0,341.0
2.0,2279.0,1142.0,1141.0,1144.0,1142.0,1142.0,798.0,343.0,803.0,339.0
2.0,2281.0,1139.0,1141.0,1142.0,1139.0,1139.0,798.0,343.0,798.0,341.0
2.0,2284.0,1137.0,1141.0,1139.0,1137.0,1137.0,798.0,343.0,793.0,344.0
2.0,2286.0,1145.0,1142.0,1137.0,1148.0,1148.0,799.0,343.0,801.0,344.0
2.0,2278.0,1148.0,1144.0,1148.0,1154.0,1154.0,800.0,344.0,804.0,344.0
2.0,2278.0,1135.0,1144.0,1154.0,1135.0,1135.0,800.0,344.0,793.0,342.0
2.0,2297.0,1139.0,1144.0,1135.0,1139.0,1139.0,800.0,344.0,796.0,343.0
2.0,2293.0,1150.0,1145.0,1139.0,1153.0,1153.0,801.0,344.0,806.0,344.0
2.0,2282.0,1149.0,1146.0,1153.0,1152.0,1152.0,802.0,344.0,803.0,346.0
2.0,2286.0,1147.0,1146.0,1152.0,1147.0,1147.0,802.0,344.0,807.0,340.0
2.0,2291.0,1147.0,1147.0,1147.0,1150.0,1150.0,802.0,345.0,804.0,343.0
2.0,2291.0,1157.0,1148.0,1150.0,1160.0,1160.0,803.0,345.0,811.0,346.0
2.0,2284.0,1150.0,1148.0,1160.0,1150.0,1150.0,803.0,345.0,806.0,344.0
2.0,2294.0,1161.0,1149.0,1150.0,1164.0,1164.0,804.0,345.0,815.0,346.0
2.0,2283.0,1156.0,1149.0,1164.0,1156.0,1156.0,804.0,345.0,809.0,347.0
2.0,2291.0,1167.0,1150.0,1156.0,1170.0,1170.0,805.0,345.0,817.0,350.0
2.0,2280.0,1154.0,1150.0,1170.0,1154.0,1154.0,805.0,345.0,809.0,345.0
2.0,2296.0,1163.0,1151.0,1154.0,1166.0,1166.0,806.0,345.0,814.0,349.0
2.0,2287.0,1172.0,1151.0,1166.0,1172.0,1172.0,806.0,345.0,823.0,349.0
2.0,2281.0,1173.0,1151.0,1172.0,1173.0,1173.0,806.0,345.0,821.0,352.0
2.0,2280.0,1172.0,1153.0,1173.0,1178.0,1178.0,807.0,346.0,823.0,349.0
2.0,2281.0,1177.0,1154.0,1178.0,1180.0,1180.0,808.0,346.0,827.0,350.0
2.0,2282.0,1186.0,1154.0,1180.0,1186.0,1186.0,808.0,346.0,834.0,352.0
2.0,2276.0,1180.0,1155.0,1186.0,1183.0,1183.0,809.0,346.0,826.0,354.0
2.0,2282.0,1195.0,1155.0,1183.0,1195.0,1195.0,809.0,346.0,838.0,357.0
2.0,2270.0,1191.0,1156.0,1195.0,1194.0,1194.0,810.0,346.0,837.0,354.0
2.0,2274.0,1197.0,1158.0,1194.0,1203.0,1203.0,811.0,347.0,839.0,358.0
2.0,2271.0,1193.0,1158.0,1203.0,1193.0,1193.0,811.0,347.0,838.0,355.0
2.0,2281.0,1191.0,1159.0,1193.0,1194.0,1194.0,812.0,347.0,835.0,356.0
2.0,2283.0,1195.0,1159.0,1194.0,1195.0,1195.0,812.0,347.0,837.0,358.0
2.0,2282.0,1191.0,1160.0,1195.0,1194.0,1194.0,813.0,347.0,837.0,354.0
2.0,2286.0,1185.0,1160.0,1194.0,1185.0,1185.0,813.0,347.0,833.0,352.0
2.0,2295.0,1189.0,1161.0,1185.0,1192.0,1192.0,814.0,347.0,832.0,357.0
2.0,2291.0,1199.0,1162.0,1192.0,1202.0,1202.0,814.0,348.0,841.0,358.0
2.0,2284.0,1182.0,1162.0,1202.0,1182.0,1182.0,814.0,348.0,828.0,354.0
2.0,2304.0,1184.0,1163.0,1182.0,1187.0,1187.0,815.0,348.0,827.0,357.0
2.0,2302.0,1201.0,1163.0,1187.0,1201.0,1201.0,815.0,348.0,842.0,359.0
2.0,2288.0,1186.0,1164.0,1201.0,1189.0,1189.0,816.0,348.0,827.0,359.0
2.0,2303.0,1191.0,1165.0,1189.0,1194.0,1194.0,816.0,349.0,832.0,359.0
2.0,2301.0,1183.0,1165.0,1194.0,1183.0,1183.0,816.0,349.0,828.0,355.0
2.0,2312.0,1187.0,1166.0,1183.0,1190.0,1190.0,817.0,349.0,828.0,359.0
2.0,2308.0,1183.0,1166.0,1190.0,1183.0,1183.0,817.0,349.0,824.0,359.0
2.0,2315.0,1179.0,1166.0,1183.0,1179.0,1179.0,817.0,349.0,822.0,357.0
2.0,2319.0,1184.0,1168.0,1179.0,1190.0,1190.0,818.0,350.0,829.0,355.0
2.0,2314.0,1180.0,1168.0,1190.0,1180.0,1180.0,818.0,350.0,827.0,353.0
2.0,2324.0,1177.0,1168.0,1180.0,1177.0,1177.0,818.0,350.0,819.0,358.0
2.0,2327.0,1175.0,1168.0,1177.0,1175.0,1175.0,818.0,350.0,822.0,353.0
2.0,2329.0,1182.0,1170.0,1175.0,1188.0,1188.0,819.0,351.0,824.0,358.0
2.0,2322.0,1183.0,1170.0,1188.0,1183.0,1183.0,819.0,351.0,825.0,358.0
2.0,2327.0,1184.0,1171.0,1183.0,1187.0,1187.0,820.0,351.0,825.0,359.0
2.0,2326.0,1171.0,1171.0,1187.0,1171.0,1171.0,820.0,351.0,820.0,351.0
2.0,2342.0,1170.0,1173.0,1171.0,1176.0,1176.0,821.0,352.0,817.0,353.0
2.0,2343.0,1178.0,1173.0,1176.0,1178.0,1178.0,821.0,352.0,826.0,352.0
2.0,2341.0,1180.0,1174.0,1178.0,1183.0,1183.0,822.0,352.0,821.0,359.0
2.0,2339.0,1183.0,1174.0,1183.0,1183.0,1183.0,822.0,352.0,827.0,356.0
2.0,2339.0,1174.0,1176.0,1183.0,1180.0,1180.0,823.0,353.0,819.0,355.0
2.0,2348.0,1183.0,1176.0,1180.0,1183.0,1183.0,823.0,353.0,828.0,355.0
2.0,2345.0,1185.0,1177.0,1183.0,1188.0,1188.0,824.0,353.0,830.0,355.0
2.0,2343.0,1186.0,1177.0,1188.0,1186.0,1186.0,824.0,353.0,827.0,359.0
2.0,2345.0,1177.0,1179.0,1186.0,1183.0,1183.0,825.0,354.0,821.0,356.0
2.0,2354.0,1193.0,1179.0,1183.0,1193.0,1193.0,825.0,354.0,835.0,358.0
2.0,2344.0,1192.0,1180.0,1193.0,1195.0,1195.0,826.0,354.0,829.0,363.0
2.0,2345.0,1192.0,1181.0,1195.0,1195.0,1195.0,826.0,355.0,832.0,360.0
2.0,2348.0,1193.0,1182.0,1195.0,1196.0,1196.0,827.0,355.0,833.0,360.0
2.0,2350.0,1193.0,1182.0,1196.0,1193.0,1193.0,827.0,355.0,835.0,358.0
2.0,2353.0,1184.0,1182.0,1193.0,1184.0,1184.0,827.0,355.0,824.0,360.0
2.0,2362.0,1212.0,1184.0,1184.0,1218.0,1218.0,828.0,356.0,851.0,361.0
2.0,2334.0,1210.0,1185.0,1218.0,1213.0,1213.0,829.0,356.0,850.0,360.0
2.0,2342.0,1215.0,1186.0,1213.0,1218.0,1218.0,830.0,356.0,852.0,363.0
2.0,2340.0,1212.0,1186.0,1218.0,1212.0,1212.0,830.0,356.0,852.0,360.0
2.0,2346.0,1208.0,1188.0,1212.0,1214.0,1214.0,831.0,357.0,847.0,361.0
2.0,2350.0,1217.0,1189.0,1214.0,1220.0,1220.0,832.0,357.0,856.0,361.0
2.0,2347.0,1211.0,1189.0,1220.0,1211.0,1211.0,832.0,357.0,853.0,358.0
2.0,2356.0,1219.0,1190.0,1211.0,1222.0,1222.0,833.0,357.0,854.0,365.0
2.0,2348.0,1216.0,1190.0,1222.0,1216.0,1216.0,833.0,357.0,856.0,360.0
2.0,2354.0,1212.0,1191.0,1216.0,1215.0,1215.0,833.0,358.0,847.0,365.0
2.0,2358.0,1216.0,1192.0,1215.0,1219.0,1219.0,834.0,358.0,855.0,361.0
2.0,2357.0,1209.0,1192.0,1219.0,1209.0,1209.0,834.0,358.0,845.0,364.0
2.0,2367.0,1228.0,1192.0,1209.0,1228.0,1228.0,834.0,358.0,864.0,364.0
2.0,2348.0,1231.0,1193.0,1228.0,1234.0,1234.0,835.0,358.0,865.0,366.0
2.0,2345.0,1219.0,1193.0,1234.0,1219.0,1219.0,835.0,358.0,858.0,361.0
2.0,2360.0,1218.0,1194.0,1219.0,1221.0,1221.0,836.0,358.0,852.0,366.0
2.0,2361.0,1226.0,1195.0,1221.0,1229.0,1229.0,836.0,359.0,861.0,365.0
2.0,2356.0,1220.0,1196.0,1229.0,1223.0,1223.0,837.0,359.0,855.0,365.0
2.0,2365.0,1223.0,1196.0,1223.0,1223.0,1223.0,837.0,359.0,857.0,366.0
2.0,2365.0,1211.0,1196.0,1223.0,1211.0,1211.0,837.0,359.0,846.0,365.0
2.0,2377.0,1229.0,1197.0,1211.0,1232.0,1232.0,838.0,359.0,861.0,368.0
2.0,2359.0,1222.0,1198.0,1232.0,1225.0,1225.0,838.0,360.0,857.0,365.0
2.0,2369.0,1221.0,1199.0,1225.0,1224.0,1224.0,839.0,360.0,855.0,366.0
2.0,2373.0,1218.0,1199.0,1224.0,1218.0,1218.0,839.0,360.0,856.0,362.0
2.0,2379.0,1215.0,1200.0,1218.0,1218.0,1218.0,840.0,360.0,852.0,363.0
2.0,2382.0,1223.0,1200.0,1218.0,1223.0,1223.0,840.0,360.0,858.0,365.0
2.0,2377.0,1219.0,1201.0,1223.0,1222.0,1222.0,841.0,360.0,854.0,365.0
2.0,2381.0,1210.0,1201.0,1222.0,1210.0,1210.0,841.0,360.0,845.0,365.0
2.0,2393.0,1216.0,1202.0,1210.0,1219.0,1219.0,842.0,360.0,851.0,365.0
2.0,2387.0,1211.0,1203.0,1219.0,1214.0,1214.0,842.0,361.0,852.0,359.0
2.0,2395.0,1207.0,1203.0,1214.0,1207.0,1207.0,842.0,361.0,843.0,364.0
2.0,2402.0,1205.0,1204.0,1207.0,1208.0,1208.0,843.0,361.0,844.0,361.0
2.0,2404.0,1214.0,1204.0,1208.0,1214.0,1214.0,843.0,361.0,849.0,365.0
2.0,2398.0,1214.0,1205.0,1214.0,1217.0,1217.0,844.0,361.0,849.0,365.0
2.0,2398.0,1212.0,1205.0,1217.0,1212.0,1212.0,844.0,361.0,849.0,363.0
2.0,2403.0,1220.0,1206.0,1212.0,1223.0,1223.0,845.0,361.0,855.0,365.0
2.0,2395.0,1211.0,1207.0,1223.0,1214.0,1214.0,845.0,362.0,844.0,367.0
2.0,2407.0,1208.0,1208.0,1214.0,1211.0,1211.0,846.0,362.0,847.0,361.0
2.0,2413.0,1219.0,1208.0,1211.0,1219.0,1219.0,846.0,362.0,851.0,368.0
2.0,2405.0,1211.0,1209.0,1219.0,1214.0,1214.0,847.0,362.0,849.0,362.0
2.0,2413.0,1219.0,1209.0,1214.0,1219.0,1219.0,847.0,362.0,856.0,363.0
2.0,2408.0,1203.0,1210.0,1219.0,1206.0,1206.0,848.0,362.0,841.0,362.0
2.0,2424.0,1226.0,1211.0,1206.0,1229.0,1229.0,848.0,363.0,862.0,364.0
2.0,2404.0,1205.0,1212.0,1229.0,1208.0,1208.0,849.0,363.0,844.0,361.0
2.0,2428.0,1212.0,1212.0,1208.0,1212.0,1212.0,849.0,363.0,848.0,364.0
2.0,2424.0,1224.0,1213.0,1212.0,1227.0,1227.0,850.0,363.0,854.0,370.0
2.0,2412.0,1223.0,1213.0,1227.0,1223.0,1223.0,850.0,363.0,856.0,367.0
2.0,2416.0,1230.0,1214.0,1223.0,1233.0,1233.0,851.0,363.0,865.0,365.0
2.0,2409.0,1226.0,1215.0,1233.0,1229.0,1229.0,851.0,364.0,856.0,370.0
2.0,2416.0,1234.0,1216.0,1229.0,1237.0,1237.0,852.0,364.0,867.0,367.0
2.0,2411.0,1231.0,1217.0,1237.0,1234.0,1234.0,853.0,364.0,864.0,367.0
2.0,2417.0,1242.0,1217.0,1234.0,1242.0,1242.0,853.0,364.0,869.0,373.0
2.0,2409.0,1227.0,1218.0,1242.0,1230.0,1230.0,854.0,364.0,859.0,368.0
2.0,2424.0,1238.0,1218.0,1230.0,1238.0,1238.0,854.0,364.0,865.0,373.0
2.0,2416.0,1238.0,1219.0,1238.0,1241.0,1241.0,854.0,365.0,865.0,373.0
2.0,2416.0,1231.0,1219.0,1241.0,1231.0,1231.0,854.0,365.0,863.0,368.0
2.0,2426.0,1248.0,1220.0,1231.0,1251.0,1251.0,855.0,365.0,873.0,375.0
2.0,2409.0,1251.0,1220.0,1251.0,1251.0,1251.0,855.0,365.0,880.0,371.0
2.0,2409.0,1248.0,1222.0,1251.0,1254.0,1254.0,856.0,366.0,873.0,375.0
2.0,2412.0,1244.0,1222.0,1254.0,1244.0,1244.0,856.0,366.0,872.0,372.0
2.0,2422.0,1254.0,1222.0,1244.0,1254.0,1254.0,856.0,366.0,874.0,380.0
2.0,2412.0,1263.0,1223.0,1254.0,1266.0,1266.0,857.0,366.0,885.0,378.0
2.0,2403.0,1253.0,1225.0,1266.0,1259.0,1259.0,858.0,367.0,879.0,374.0
2.0,2416.0,1256.0,1225.0,1259.0,1256.0,1256.0,858.0,367.0,884.0,372.0
2.0,2419.0,1261.0,1226.0,1256.0,1264.0,1264.0,859.0,367.0,879.0,382.0
2.0,2414.0,1262.0,1226.0,1264.0,1262.0,1262.0,859.0,367.0,888.0,374.0
2.0,2416.0,1257.0,1228.0,1262.0,1263.0,1263.0,860.0,368.0,881.0,376.0
2.0,2421.0,1257.0,1228.0,1263.0,1257.0,1257.0,860.0,368.0,879.0,378.0
2.0,2427.0,1265.0,1228.0,1257.0,1265.0,1265.0,860.0,368.0,885.0,380.0
2.0,2419.0,1265.0,1229.0,1265.0,1268.0,1268.0,861.0,368.0,885.0,380.0
2.0,2419.0,1266.0,1231.0,1268.0,1272.0,1272.0,862.0,369.0,884.0,382.0
2.0,2421.0,1258.0,1231.0,1272.0,1258.0,1258.0,862.0,369.0,877.0,381.0
2.0,2435.0,1259.0,1231.0,1258.0,1259.0,1259.0,862.0,369.0,874.0,385.0
2.0,2434.0,1255.0,1233.0,1259.0,1261.0,1261.0,863.0,370.0,876.0,379.0
2.0,2438.0,1254.0,1233.0,1261.0,1254.0,1254.0,863.0,370.0,877.0,377.0
2.0,2445.0,1251.0,1234.0,1254.0,1254.0,1254.0,864.0,370.0,872.0,379.0
2.0,2448.0,1258.0,1234.0,1254.0,1258.0,1258.0,864.0,370.0,880.0,378.0
2.0,2444.0,1252.0,1235.0,1258.0,1255.0,1255.0,864.0,371.0,875.0,377.0
2.0,2450.0,1251.0,1236.0,1255.0,1254.0,1254.0,865.0,371.0,873.0,378.0
2.0,2454.0,1245.0,1236.0,1254.0,1245.0,1245.0,865.0,371.0,872.0,373.0
2.0,2463.0,1253.0,1237.0,1245.0,1256.0,1256.0,866.0,371.0,875.0,378.0
2.0,2455.0,1255.0,1238.0,1256.0,1258.0,1258.0,866.0,372.0,878.0,377.0
2.0,2456.0,1242.0,1239.0,1258.0,1245.0,1245.0,867.0,372.0,865.0,377.0
2.0,2472.0,1243.0,1239.0,1245.0,1243.0,1243.0,867.0,372.0,872.0,371.0
2.0,2474.0,1248.0,1240.0,1243.0,1251.0,1251.0,868.0,372.0,873.0,375.0
2.0,2469.0,1252.0,1240.0,1251.0,1252.0,1252.0,868.0,372.0,879.0,373.0
2.0,2468.0,1244.0,1242.0,1252.0,1250.0,1250.0,869.0,373.0,873.0,371.0
2.0,2476.0,1261.0,1242.0,1250.0,1261.0,1261.0,869.0,373.0,887.0,374.0
2.0,2465.0,1239.0,1243.0,1261.0,1242.0,1242.0,870.0,373.0,866.0,373.0
2.0,2487.0,1251.0,1243.0,1242.0,1251.0,1251.0,870.0,373.0,874.0,377.0
2.0,2478.0,1240.0,1244.0,1251.0,1243.0,1243.0,871.0,373.0,867.0,373.0
2.0,2489.0,1247.0,1245.0,1243.0,1250.0,1250.0,871.0,374.0,874.0,373.0
2.0,2485.0,1235.0,1245.0,1250.0,1235.0,1235.0,871.0,374.0,866.0,369.0
2.0,2500.0,1245.0,1246.0,1235.0,1248.0,1248.0,872.0,374.0,872.0,373.0
2.0,2490.0,1250.0,1246.0,1248.0,1250.0,1250.0,872.0,374.0,876.0,374.0
2.0,2488.0,1260.0,1247.0,1250.0,1263.0,1263.0,873.0,374.0,883.0,377.0
2.0,2478.0,1250.0,1247.0,1263.0,1250.0,1250.0,873.0,374.0,878.0,372.0
2.0,2491.0,1254.0,1248.0,1250.0,1257.0,1257.0,874.0,374.0,886.0,368.0
2.0,2487.0,1256.0,1250.0,1257.0,1262.0,1262.0,875.0,375.0,881.0,375.0
2.0,2488.0,1256.0,1250.0,1262.0,1256.0,1256.0,875.0,375.0,881.0,375.0
2.0,2494.0,1256.0,1250.0,1256.0,1256.0,1256.0,875.0,375.0,879.0,377.0
2.0,2494.0,1262.0,1251.0,1256.0,1265.0,1265.0,876.0,375.0,881.0,381.0
2.0,2488.0,1270.0,1251.0,1265.0,1270.0,1270.0,876.0,375.0,893.0,377.0
2.0,2483.0,1273.0,1252.0,1270.0,1276.0,1276.0,877.0,375.0,896.0,377.0
2.0,2480.0,1272.0,1253.0,1276.0,1275.0,1275.0,877.0,376.0,897.0,375.0
2.0,2484.0,1280.0,1254.0,1275.0,1283.0,1283.0,878.0,376.0,904.0,376.0
2.0,2479.0,1277.0,1255.0,1283.0,1280.0,1280.0,879.0,376.0,899.0,378.0
2.0,2485.0,1276.0,1255.0,1280.0,1276.0,1276.0,879.0,376.0,895.0,381.0
2.0,2489.0,1283.0,1256.0,1276.0,1286.0,1286.0,880.0,376.0,901.0,382.0
2.0,2482.0,1291.0,1256.0,1286.0,1291.0,1291.0,880.0,376.0,908.0,383.0
2.0,2477.0,1286.0,1258.0,1291.0,1292.0,1292.0,881.0,377.0,903.0,383.0
2.0,2482.0,1277.0,1258.0,1292.0,1277.0,1277.0,881.0,377.0,894.0,383.0
2.0,2497.0,1287.0,1259.0,1277.0,1290.0,1290.0,882.0,377.0,904.0,383.0
2.0,2487.0,1291.0,1259.0,1290.0,1291.0,1291.0,882.0,377.0,906.0,385.0
2.0,2486.0,1286.0,1260.0,1291.0,1289.0,1289.0,883.0,377.0,898.0,388.0
2.0,2491.0,1292.0,1260.0,1289.0,1292.0,1292.0,883.0,377.0,906.0,386.0
2.0,2488.0,1291.0,1262.0,1292.0,1297.0,1297.0,884.0,378.0,905.0,386.0
2.0,2489.0,1293.0,1262.0,1297.0,1293.0,1293.0,884.0,378.0,908.0,385.0
2.0,2493.0,1290.0,1262.0,1293.0,1290.0,1290.0,884.0,378.0,902.0,388.0
2.0,2496.0,1294.0,1263.0,1290.0,1297.0,1297.0,885.0,378.0,905.0,389.0
2.0,2492.0,1292.0,1263.0,1297.0,1292.0,1292.0,885.0,378.0,905.0,387.0
2.0,2497.0,1288.0,1264.0,1292.0,1291.0,1291.0,886.0,378.0,902.0,386.0
2.0,2501.0,1289.0,1265.0,1291.0,1292.0,1292.0,886.0,379.0,900.0,389.0
2.0,2503.0,1289.0,1266.0,1292.0,1292.0,1292.0,887.0,379.0,904.0,385.0
2.0,2506.0,1277.0,1266.0,1292.0,1277.0,1277.0,887.0,379.0,890.0,387.0
2.0,2521.0,1288.0,1266.0,1277.0,1288.0,1288.0,887.0,379.0,899.0,389.0
2.0,2510.0,1299.0,1267.0,1288.0,1302.0,1302.0,888.0,379.0,907.0,392.0
2.0,2499.0,1287.0,1267.0,1302.0,1287.0,1287.0,888.0,379.0,898.0,389.0
2.0,2514.0,1282.0,1269.0,1287.0,1288.0,1288.0,889.0,380.0,895.0,387.0
2.0,2519.0,1287.0,1269.0,1288.0,1287.0,1287.0,889.0,380.0,901.0,386.0
2.0,2520.0,1284.0,1270.0,1287.0,1287.0,1287.0,890.0,380.0,897.0,387.0
2.0,2523.0,1302.0,1270.0,1287.0,1302.0,1302.0,890.0,380.0,909.0,393.0
2.0,2508.0,1284.0,1271.0,1302.0,1287.0,1287.0,891.0,380.0,896.0,388.0
2.0,2526.0,1291.0,1272.0,1287.0,1294.0,1294.0,891.0,381.0,900.0,391.0
2.0,2522.0,1287.0,1273.0,1294.0,1290.0,1290.0,892.0,381.0,899.0,388.0
2.0,2529.0,1301.0,1274.0,1290.0,1304.0,1304.0,893.0,381.0,909.0,392.0
2.0,2518.0,1294.0,1275.0,1304.0,1297.0,1297.0,893.0,382.0,906.0,388.0
2.0,2528.0,1292.0,1276.0,1297.0,1295.0,1295.0,894.0,382.0,903.0,389.0
2.0,2533.0,1286.0,1276.0,1295.0,1286.0,1286.0,894.0,382.0,899.0,387.0
2.0,2542.0,1279.0,1276.0,1286.0,1279.0,1279.0,894.0,382.0,895.0,384.0
2.0,2549.0,1278.0,1278.0,1279.0,1284.0,1284.0,895.0,383.0,894.0,384.0
2.0,2550.0,1291.0,1278.0,1284.0,1291.0,1291.0,895.0,383.0,906.0,385.0
2.0,2543.0,1290.0,1279.0,1291.0,1293.0,1293.0,896.0,383.0,900.0,390.0
2.0,2544.0,1286.0,1280.0,1293.0,1289.0,1289.0,897.0,383.0,900.0,386.0
2.0,2551.0,1293.0,1281.0,1289.0,1296.0,1296.0,897.0,384.0,906.0,387.0
2.0,2547.0,1297.0,1282.0,1296.0,1300.0,1300.0,898.0,384.0,913.0,384.0
2.0,2546.0,1297.0,1283.0,1300.0,1300.0,1300.0,899.0,384.0,910.0,387.0
2.0,2549.0,1296.0,1283.0,1300.0,1296.0,1296.0,899.0,384.0,908.0,388.0
2.0,2553.0,1297.0,1285.0,1296.0,1303.0,1303.0,900.0,385.0,909.0,388.0
2.0,2552.0,1287.0,1285.0,1303.0,1287.0,1287.0,900.0,385.0,901.0,386.0
2.0,2568.0,1301.0,1286.0,1287.0,1304.0,1304.0,901.0,385.0,909.0,392.0
2.0,2554.0,1294.0,1287.0,1304.0,1297.0,1297.0,901.0,386.0,906.0,388.0
2.0,2564.0,1293.0,1288.0,1297.0,1296.0,1296.0,902.0,386.0,905.0,388.0
2.0,2568.0,1297.0,1288.0,1296.0,1297.0,1297.0,902.0,386.0,907.0,390.0
2.0,2567.0,1306.0,1289.0,1297.0,1309.0,1309.0,903.0,386.0,914.0,392.0
2.0,2558.0,1314.0,1290.0,1309.0,1317.0,1317.0,903.0,387.0,922.0,392.0
2.0,2553.0,1306.0,1290.0,1317.0,1306.0,1306.0,903.0,387.0,918.0,388.0
2.0,2564.0,1304.0,1291.0,1306.0,1307.0,1307.0,904.0,387.0,908.0,396.0
2.0,2566.0,1302.0,1291.0,1307.0,1302.0,1302.0,904.0,387.0,912.0,390.0
2.0,2571.0,1314.0,1292.0,1302.0,1317.0,1317.0,904.0,388.0,920.0,394.0
2.0,2559.0,1306.0,1293.0,1317.0,1309.0,1309.0,905.0,388.0,917.0,389.0
2.0,2570.0,1309.0,1293.0,1309.0,1309.0,1309.0,905.0,388.0,918.0,391.0
2.0,2570.0,1316.0,1293.0,1309.0,1316.0,1316.0,905.0,388.0,920.0,396.0
2.0,2563.0,1308.0,1294.0,1316.0,1311.0,1311.0,906.0,388.0,915.0,393.0
2.0,2571.0,1318.0,1295.0,1311.0,1321.0,1321.0,906.0,389.0,928.0,390.0
2.0,2564.0,1310.0,1295.0,1321.0,1310.0,1310.0,906.0,389.0,916.0,394.0
2.0,2575.0,1320.0,1296.0,1310.0,1323.0,1323.0,907.0,389.0,926.0,394.0
2.0,2565.0,1324.0,1296.0,1323.0,1324.0,1324.0,907.0,389.0,926.0,398.0
2.0,2564.0,1319.0,1296.0,1324.0,1319.0,1319.0,907.0,389.0,923.0,396.0
2.0,2569.0,1322.0,1297.0,1319.0,1325.0,1325.0,908.0,389.0,927.0,395.0
2.0,2566.0,1328.0,1298.0,1325.0,1331.0,1331.0,908.0,390.0,933.0,395.0
2.0,2563.0,1323.0,1299.0,1331.0,1326.0,1326.0,909.0,390.0,927.0,396.0
2.0,2571.0,1321.0,1299.0,1326.0,1321.0,1321.0,909.0,390.0,924.0,397.0
2.0,2576.0,1319.0,1300.0,1321.0,1322.0,1322.0,910.0,390.0,924.0,395.0
2.0,2578.0,1325.0,1300.0,1322.0,1325.0,1325.0,910.0,390.0,927.0,398.0
2.0,2575.0,1316.0,1300.0,1325.0,1316.0,1316.0,910.0,390.0,922.0,394.0
2.0,2584.0,1324.0,1302.0,1316.0,1330.0,1330.0,911.0,391.0,928.0,396.0
2.0,2576.0,1323.0,1303.0,1330.0,1326.0,1326.0,912.0,391.0,924.0,399.0
2.0,2583.0,1327.0,1303.0,1326.0,1327.0,1327.0,912.0,391.0,932.0,395.0
2.0,2582.0,1316.0,1304.0,1327.0,1319.0,1319.0,913.0,391.0,921.0,395.0
2.0,2593.0,1322.0,1304.0,1319.0,1322.0,1322.0,913.0,391.0,922.0,400.0
2.0,2590.0,1320.0,1305.0,1322.0,1323.0,1323.0,914.0,391.0,926.0,394.0
2.0,2592.0,1328.0,1306.0,1323.0,1331.0,1331.0,914.0,392.0,930.0,398.0
2.0,2587.0,1328.0,1307.0,1331.0,1331.0,1331.0,915.0,392.0,931.0,397.0
2.0,2590.0,1323.0,1307.0,1331.0,1323.0,1323.0,915.0,392.0,926.0,397.0
2.0,2598.0,1326.0,1308.0,1323.0,1329.0,1329.0,916.0,392.0,931.0,395.0
2.0,2595.0,1327.0,1308.0,1329.0,1327.0,1327.0,916.0,392.0,930.0,397.0
2.0,2597.0,1325.0,1309.0,1327.0,1328.0,1328.0,917.0,392.0,927.0,398.0
2.0,2599.0,1322.0,1309.0,1328.0,1322.0,1322.0,917.0,392.0,926.0,396.0
2.0,2605.0,1315.0,1310.0,1322.0,1318.0,1318.0,918.0,392.0,921.0,394.0
2.0,2612.0,1322.0,1311.0,1318.0,1325.0,1325.0,918.0,393.0,931.0,391.0
2.0,2608.0,1317.0,1312.0,1325.0,1320.0,1320.0,919.0,393.0,922.0,395.0
2.0,2616.0,1329.0,1312.0,1320.0,1329.0,1329.0,919.0,393.0,935.0,394.0
2.0,2607.0,1318.0,1313.0,1329.0,1321.0,1321.0,920.0,393.0,920.0,398.0
2.0,2618.0,1321.0,1313.0,1321.0,1321.0,1321.0,920.0,393.0,925.0,396.0
2.0,2618.0,1321.0,1314.0,1321.0,1324.0,1324.0,921.0,393.0,927.0,394.0
2.0,2618.0,1326.0,1315.0,1324.0,1329.0,1329.0,921.0,394.0,929.0,397.0
2.0,2616.0,1324.0,1315.0,1329.0,1324.0,1324.0,921.0,394.0,929.0,395.0
2.0,2621.0,1329.0,1316.0,1324.0,1332.0,1332.0,922.0,394.0,935.0,394.0
2.0,2616.0,1335.0,1316.0,1332.0,1335.0,1335.0,922.0,394.0,937.0,398.0
2.0,2613.0,1333.0,1317.0,1335.0,1336.0,1336.0,923.0,394.0,938.0,395.0
2.0,2615.0,1323.0,1319.0,1336.0,1329.0,1329.0,924.0,395.0,926.0,397.0
2.0,2628.0,1333.0,1319.0,1329.0,1333.0,1333.0,924.0,395.0,931.0,402.0
2.0,2624.0,1326.0,1319.0,1333.0,1326.0,1326.0,924.0,395.0,928.0,398.0
2.0,2631.0,1337.0,1320.0,1326.0,1340.0,1340.0,925.0,395.0,934.0,403.0
2.0,2620.0,1327.0,1320.0,1340.0,1327.0,1327.0,925.0,395.0,926.0,401.0
2.0,2633.0,1329.0,1322.0,1327.0,1335.0,1335.0,926.0,396.0,927.0,402.0
2.0,2631.0,1333.0,1322.0,1335.0,1333.0,1333.0,926.0,396.0,933.0,400.0
2.0,2633.0,1345.0,1322.0,1333.0,1345.0,1345.0,926.0,396.0,936.0,409.0
2.0,2621.0,1340.0,1323.0,1345.0,1343.0,1343.0,927.0,396.0,936.0,404.0
2.0,2626.0,1341.0,1324.0,1343.0,1344.0,1344.0,927.0,397.0,941.0,400.0
2.0,2628.0,1334.0,1324.0,1344.0,1334.0,1334.0,927.0,397.0,929.0,405.0
2.0,2638.0,1346.0,1325.0,1334.0,1349.0,1349.0,928.0,397.0,938.0,408.0
2.0,2626.0,1349.0,1325.0,1349.0,1349.0,1349.0,928.0,397.0,942.0,407.0
2.0,2626.0,1350.0,1327.0,1349.0,1356.0,1356.0,929.0,398.0,943.0,407.0
2.0,2625.0,1349.0,1327.0,1356.0,1349.0,1349.0,929.0,398.0,944.0,405.0
2.0,2632.0,1351.0,1327.0,1349.0,1351.0,1351.0,929.0,398.0,939.0,412.0
2.0,2630.0,1352.0,1329.0,1351.0,1358.0,1358.0,930.0,399.0,943.0,409.0
2.0,2629.0,1350.0,1329.0,1358.0,1350.0,1350.0,930.0,399.0,943.0,407.0
2.0,2637.0,1353.0,1330.0,1350.0,1356.0,1356.0,931.0,399.0,945.0,408.0
2.0,2634.0,1357.0,1330.0,1356.0,1357.0,1357.0,931.0,399.0,947.0,410.0
2.0,2633.0,1353.0,1331.0,1357.0,1356.0,1356.0,931.0,400.0,945.0,408.0
2.0,2637.0,1359.0,1332.0,1356.0,1362.0,1362.0,932.0,400.0,948.0,411.0
2.0,2634.0,1364.0,1332.0,1362.0,1364.0,1364.0,932.0,400.0,951.0,413.0
2.0,2632.0,1357.0,1333.0,1364.0,1360.0,1360.0,933.0,400.0,947.0,410.0
2.0,2639.0,1371.0,1334.0,1360.0,1374.0,1374.0,933.0,401.0,963.0,408.0
2.0,2628.0,1369.0,1335.0,1374.0,1372.0,1372.0,934.0,401.0,957.0,412.0
2.0,2633.0,1362.0,1336.0,1372.0,1365.0,1365.0,935.0,401.0,950.0,412.0
2.0,2643.0,1366.0,1337.0,1365.0,1369.0,1369.0,935.0,402.0,955.0,411.0
2.0,2642.0,1358.0,1338.0,1369.0,1361.0,1361.0,936.0,402.0,953.0,405.0
2.0,2653.0,1357.0,1338.0,1361.0,1357.0,1357.0,936.0,402.0,951.0,406.0
2.0,2657.0,1363.0,1339.0,1357.0,1366.0,1366.0,937.0,402.0,950.0,413.0
2.0,2651.0,1358.0,1339.0,1366.0,1358.0,1358.0,937.0,402.0,949.0,409.0
2.0,2659.0,1355.0,1340.0,1358.0,1358.0,1358.0,937.0,403.0,948.0,407.0
2.0,2662.0,1363.0,1341.0,1358.0,1366.0,1366.0,938.0,403.0,957.0,406.0
2.0,2657.0,1356.0,1341.0,1366.0,1356.0,1356.0,938.0,403.0,945.0,411.0
2.0,2667.0,1361.0,1342.0,1356.0,1364.0,1364.0,939.0,403.0,953.0,408.0
2.0,2662.0,1361.0,1343.0,1364.0,1364.0,1364.0,939.0,404.0,954.0,407.0
2.0,2665.0,1352.0,1344.0,1364.0,1355.0,1355.0,940.0,404.0,948.0,404.0
2.0,2677.0,1362.0,1344.0,1355.0,1362.0,1362.0,940.0,404.0,959.0,403.0
2.0,2670.0,1354.0,1345.0,1362.0,1357.0,1357.0,941.0,404.0,952.0,402.0
2.0,2678.0,1357.0,1345.0,1357.0,1357.0,1357.0,941.0,404.0,952.0,405.0
2.0,2678.0,1365.0,1346.0,1357.0,1368.0,1368.0,942.0,404.0,955.0,410.0
2.0,2670.0,1359.0,1347.0,1368.0,1362.0,1362.0,942.0,405.0,956.0,403.0
2.0,2679.0,1353.0,1348.0,1362.0,1356.0,1356.0,943.0,405.0,948.0,405.0
2.0,2688.0,1352.0,1348.0,1356.0,1352.0,1352.0,943.0,405.0,946.0,406.0
2.0,2692.0,1357.0,1349.0,1352.0,1360.0,1360.0,944.0,405.0,948.0,409.0
2.0,2687.0,1351.0,1349.0,1360.0,1351.0,1351.0,944.0,405.0,947.0,404.0
2.0,2696.0,1352.0,1349.0,1351.0,1352.0,1352.0,944.0,405.0,951.0,401.0
2.0,2695.0,1360.0,1351.0,1352.0,1366.0,1366.0,945.0,406.0,958.0,402.0
2.0,2687.0,1359.0,1351.0,1366.0,1359.0,1359.0,945.0,406.0,957.0,402.0
2.0,2694.0,1349.0,1352.0,1359.0,1352.0,1352.0,946.0,406.0,948.0,401.0
2.0,2704.0,1361.0,1352.0,1352.0,1361.0,1361.0,946.0,406.0,957.0,404.0
2.0,2695.0,1357.0,1352.0,1361.0,1357.0,1357.0,946.0,406.0,948.0,409.0
2.0,2699.0,1358.0,1353.0,1357.0,1361.0,1361.0,947.0,406.0,951.0,407.0
2.0,2698.0,1361.0,1353.0,1361.0,1361.0,1361.0,947.0,406.0,959.0,402.0
2.0,2698.0,1364.0,1355.0,1361.0,1370.0,1370.0,948.0,407.0,952.0,412.0
2.0,2695.0,1364.0,1355.0,1370.0,1364.0,1364.0,948.0,407.0,958.0,406.0
2.0,2701.0,1369.0,1356.0,1364.0,1372.0,1372.0,949.0,407.0,961.0,408.0
2.0,2696.0,1363.0,1356.0,1372.0,1363.0,1363.0,949.0,407.0,953.0,410.0
2.0,2705.0,1368.0,1357.0,1363.0,1371.0,1371.0,950.0,407.0,959.0,409.0
2.0,2700.0,1378.0,1357.0,1371.0,1378.0,1378.0,950.0,407.0,971.0,407.0
2.0,2693.0,1371.0,1358.0,1378.0,1374.0,1374.0,951.0,407.0,958.0,413.0
2.0,2700.0,1371.0,1358.0,1374.0,1371.0,1371.0,951.0,407.0,962.0,409.0
2.0,2703.0,1379.0,1359.0,1371.0,1382.0,1382.0,952.0,407.0,967.0,412.0
2.0,2695.0,1373.0,1360.0,1382.0,1376.0,1376.0,952.0,408.0,961.0,412.0
2.0,2704.0,1381.0,1361.0,1376.0,1384.0,1384.0,953.0,408.0,966.0,415.0
2.0,2699.0,1381.0,1361.0,1384.0,1381.0,1381.0,953.0,408.0,970.0,411.0
2.0,2702.0,1379.0,1362.0,1381.0,1382.0,1382.0,954.0,408.0,964.0,415.0
2.0,2704.0,1382.0,1362.0,1382.0,1382.0,1382.0,954.0,408.0,970.0,412.0
2.0,2704.0,1389.0,1363.0,1382.0,1392.0,1392.0,955.0,408.0,973.0,416.0
2.0,2697.0,1390.0,1363.0,1392.0,1390.0,1390.0,955.0,408.0,971.0,419.0
2.0,2699.0,1383.0,1364.0,1390.0,1386.0,1386.0,956.0,408.0,964.0,419.0
2.0,2706.0,1384.0,1365.0,1386.0,1387.0,1387.0,956.0,409.0,967.0,417.0
2.0,2708.0,1391.0,1366.0,1387.0,1394.0,1394.0,957.0,409.0,975.0,416.0
2.0,2704.0,1391.0,1366.0,1394.0,1391.0,1391.0,957.0,409.0,974.0,417.0
2.0,2707.0,1387.0,1367.0,1391.0,1390.0,1390.0,958.0,409.0,970.0,417.0
2.0,2711.0,1389.0,1367.0,1390.0,1389.0,1389.0,958.0,409.0,970.0,419.0
2.0,2712.0,1395.0,1367.0,1389.0,1395.0,1395.0,958.0,409.0,980.0,415.0
2.0,2706.0,1395.0,1368.0,1395.0,1398.0,1398.0,959.0,409.0,978.0,417.0
2.0,2706.0,1406.0,1369.0,1398.0,1409.0,1409.0,959.0,410.0,984.0,422.0
2.0,2698.0,1399.0,1370.0,1409.0,1402.0,1402.0,960.0,410.0,980.0,419.0
2.0,2708.0,1411.0,1370.0,1402.0,1411.0,1411.0,960.0,410.0,990.0,421.0
2.0,2699.0,1408.0,1371.0,1411.0,1411.0,1411.0,961.0,410.0,987.0,421.0
2.0,2702.0,1399.0,1372.0,1411.0,1402.0,1402.0,962.0,410.0,979.0,420.0
2.0,2714.0,1404.0,1373.0,1402.0,1407.0,1407.0,962.0,411.0,987.0,417.0
2.0,2712.0,1402.0,1374.0,1407.0,1405.0,1405.0,963.0,411.0,984.0,418.0
2.0,2717.0,1393.0,1375.0,1405.0,1396.0,1396.0,964.0,411.0,973.0,420.0
2.0,2729.0,1401.0,1375.0,1396.0,1401.0,1401.0,964.0,411.0,984.0,417.0
2.0,2724.0,1402.0,1376.0,1401.0,1405.0,1405.0,965.0,411.0,983.0,419.0
2.0,2723.0,1398.0,1377.0,1405.0,1401.0,1401.0,965.0,412.0,978.0,420.0
2.0,2730.0,1402.0,1378.0,1401.0,1405.0,1405.0,966.0,412.0,978.0,424.0
2.0,2729.0,1396.0,1378.0,1405.0,1396.0,1396.0,966.0,412.0,978.0,418.0
2.0,2738.0,1395.0,1380.0,1396.0,1401.0,1401.0,967.0,413.0,979.0,416.0
2.0,2739.0,1395.0,1380.0,1401.0,1395.0,1395.0,967.0,413.0,979.0,416.0
2.0,2745.0,1402.0,1381.0,1395.0,1405.0,1405.0,968.0,413.0,981.0,421.0
2.0,2738.0,1387.0,1381.0,1405.0,1387.0,1387.0,968.0,413.0,970.0,417.0
2.0,2756.0,1398.0,1383.0,1387.0,1404.0,1404.0,969.0,414.0,981.0,417.0
2.0,2745.0,1391.0,1383.0,1404.0,1391.0,1391.0,969.0,414.0,975.0,416.0
2.0,2758.0,1395.0,1384.0,1391.0,1398.0,1398.0,970.0,414.0,971.0,424.0
2.0,2754.0,1391.0,1384.0,1398.0,1391.0,1391.0,970.0,414.0,971.0,420.0
2.0,2761.0,1390.0,1385.0,1391.0,1393.0,1393.0,970.0,415.0,973.0,417.0
2.0,2762.0,1390.0,1386.0,1393.0,1393.0,1393.0,971.0,415.0,975.0,415.0
2.0,2765.0,1398.0,1386.0,1393.0,1398.0,1398.0,971.0,415.0,977.0,421.0
2.0,2760.0,1390.0,1388.0,1398.0,1396.0,1396.0,972.0,416.0,971.0,419.0
2.0,2768.0,1381.0,1388.0,1396.0,1381.0,1381.0,972.0,416.0,964.0,417.0
2.0,2783.0,1396.0,1388.0,1381.0,1396.0,1396.0,972.0,416.0,975.0,421.0
2.0,2768.0,1392.0,1389.0,1396.0,1395.0,1395.0,973.0,416.0,971.0,421.0
2.0,2772.0,1392.0,1390.0,1395.0,1395.0,1395.0,973.0,417.0,976.0,416.0
2.0,2775.0,1391.0,1390.0,1395.0,1391.0,1391.0,973.0,417.0,970.0,421.0
2.0,2779.0,1400.0,1391.0,1391.0,1403.0,1403.0,974.0,417.0,976.0,424.0
2.0,2770.0,1392.0,1391.0,1403.0,1392.0,1392.0,974.0,417.0,972.0,420.0
2.0,2781.0,1404.0,1392.0,1392.0,1407.0,1407.0,974.0,418.0,980.0,424.0
2.0,2769.0,1400.0,1392.0,1407.0,1400.0,1400.0,974.0,418.0,980.0,420.0
2.0,2776.0,1408.0,1393.0,1400.0,1411.0,1411.0,975.0,418.0,986.0,422.0
2.0,2768.0,1411.0,1393.0,1411.0,1411.0,1411.0,975.0,418.0,986.0,425.0
2.0,2768.0,1405.0,1395.0,1411.0,1411.0,1411.0,976.0,419.0,984.0,421.0
2.0,2774.0,1404.0,1395.0,1411.0,1404.0,1404.0,976.0,419.0,977.0,427.0
2.0,2781.0,1413.0,1395.0,1404.0,1413.0,1413.0,976.0,419.0,987.0,426.0
2.0,2772.0,1419.0,1396.0,1413.0,1422.0,1422.0,977.0,419.0,990.0,429.0
2.0,2766.0,1413.0,1397.0,1422.0,1416.0,1416.0,977.0,420.0,989.0,424.0
2.0,2775.0,1424.0,1398.0,1416.0,1427.0,1427.0,978.0,420.0,999.0,425.0
2.0,2767.0,1424.0,1398.0,1427.0,1424.0,1424.0,978.0,420.0,1000.0,424.0
2.0,2770.0,1432.0,1399.0,1424.0,1435.0,1435.0,979.0,420.0,1008.0,424.0
2.0,2762.0,1428.0,1400.0,1435.0,1431.0,1431.0,980.0,420.0,1000.0,428.0
2.0,2769.0,1429.0,1401.0,1431.0,1432.0,1432.0,981.0,420.0,1004.0,425.0
2.0,2771.0,1441.0,1402.0,1432.0,1444.0,1444.0,981.0,421.0,1013.0,428.0
2.0,2762.0,1427.0,1403.0,1444.0,1430.0,1430.0,982.0,421.0,999.0,428.0
2.0,2779.0,1434.0,1403.0,1430.0,1434.0,1434.0,982.0,421.0,1008.0,426.0
2.0,2775.0,1444.0,1404.0,1434.0,1447.0,1447.0,983.0,421.0,1014.0,430.0
2.0,2765.0,1429.0,1405.0,1447.0,1432.0,1432.0,984.0,421.0,1003.0,426.0
2.0,2783.0,1435.0,1406.0,1432.0,1438.0,1438.0,984.0,422.0,1007.0,428.0
2.0,2780.0,1428.0,1407.0,1438.0,1431.0,1431.0,985.0,422.0,1001.0,427.0
2.0,2790.0,1433.0,1407.0,1431.0,1433.0,1433.0,985.0,422.0,1005.0,428.0
2.0,2788.0,1436.0,1408.0,1433.0,1439.0,1439.0,986.0,422.0,1011.0,425.0
2.0,2785.0,1440.0,1408.0,1439.0,1440.0,1440.0,986.0,422.0,1014.0,426.0
2.0,2784.0,1430.0,1408.0,1440.0,1430.0,1430.0,986.0,422.0,1000.0,430.0
2.0,2794.0,1429.0,1409.0,1430.0,1432.0,1432.0,987.0,422.0,1005.0,424.0
2.0,2795.0,1429.0,1410.0,1432.0,1432.0,1432.0,987.0,423.0,1004.0,425.0
2.0,2798.0,1424.0,1411.0,1432.0,1427.0,1427.0,988.0,423.0,996.0,428.0
2.0,2806.0,1431.0,1411.0,1427.0,1431.0,1431.0,988.0,423.0,1006.0,425.0
2.0,2802.0,1420.0,1411.0,1431.0,1420.0,1420.0,988.0,423.0,997.0,423.0
2.0,2813.0,1438.0,1412.0,1420.0,1441.0,1441.0,989.0,423.0,1009.0,429.0
2.0,2795.0,1429.0,1412.0,1441.0,1429.0,1429.0,989.0,423.0,1001.0,428.0
2.0,2807.0,1425.0,1413.0,1429.0,1428.0,1428.0,990.0,423.0,1000.0,425.0
2.0,2811.0,1429.0,1413.0,1428.0,1429.0,1429.0,990.0,423.0,1006.0,423.0
2.0,2810.0,1416.0,1415.0,1429.0,1422.0,1422.0,991.0,424.0,994.0,422.0
2.0,2823.0,1429.0,1415.0,1422.0,1429.0,1429.0,991.0,424.0,1004.0,425.0
2.0,2816.0,1408.0,1415.0,1429.0,1408.0,1408.0,991.0,424.0,981.0,427.0
2.0,2837.0,1422.0,1416.0,1408.0,1425.0,1425.0,992.0,424.0,995.0,427.0
2.0,2823.0,1429.0,1416.0,1425.0,1429.0,1429.0,992.0,424.0,1001.0,428.0
2.0,2819.0,1424.0,1417.0,1429.0,1427.0,1427.0,993.0,424.0,996.0,428.0
2.0,2824.0,1432.0,1417.0,1427.0,1432.0,1432.0,993.0,424.0,1003.0,429.0
2.0,2819.0,1413.0,1418.0,1432.0,1416.0,1416.0,993.0,425.0,987.0,426.0
2.0,2838.0,1416.0,1419.0,1416.0,1419.0,1419.0,994.0,425.0,989.0,427.0
2.0,2838.0,1426.0,1419.0,1419.0,1426.0,1426.0,994.0,425.0,999.0,427.0
2.0,2831.0,1425.0,1420.0,1426.0,1428.0,1428.0,995.0,425.0,993.0,432.0
2.0,2832.0,1410.0,1420.0,1428.0,1410.0,1410.0,995.0,425.0,983.0,427.0
2.0,2850.0,1421.0,1421.0,1410.0,1424.0,1424.0,995.0,426.0,991.0,430.0
2.0,2839.0,1430.0,1422.0,1424.0,1433.0,1433.0,996.0,426.0,1000.0,430.0
2.0,2833.0,1425.0,1422.0,1433.0,1425.0,1425.0,996.0,426.0,993.0,432.0
2.0,2841.0,1440.0,1423.0,1425.0,1443.0,1443.0,997.0,426.0,1013.0,427.0
2.0,2826.0,1430.0,1423.0,1443.0,1430.0,1430.0,997.0,426.0,996.0,434.0
2.0,2839.0,1440.0,1425.0,1430.0,1446.0,1446.0,998.0,427.0,1007.0,433.0
2.0,2829.0,1434.0,1425.0,1446.0,1434.0,1434.0,998.0,427.0,1005.0,429.0
2.0,2841.0,1445.0,1426.0,1434.0,1448.0,1448.0,999.0,427.0,1007.0,438.0
2.0,2830.0,1434.0,1426.0,1448.0,1434.0,1434.0,999.0,427.0,1005.0,429.0
2.0,2844.0,1443.0,1427.0,1434.0,1446.0,1446.0,1000.0,427.0,1009.0,434.0
2.0,2835.0,1442.0,1428.0,1446.0,1445.0,1445.0,1000.0,428.0,1007.0,435.0
2.0,2839.0,1457.0,1429.0,1445.0,1460.0,1460.0,1001.0,428.0,1018.0,439.0
2.0,2827.0,1456.0,1430.0,1460.0,1459.0,1459.0,1002.0,428.0,1013.0,443.0
2.0,2831.0,1445.0,1430.0,1459.0,1445.0,1445.0,1002.0,428.0,1010.0,435.0
2.0,2845.0,1467.0,1432.0,1445.0,1473.0,1473.0,1003.0,429.0,1027.0,440.0
2.0,2823.0,1463.0,1432.0,1473.0,1463.0,1463.0,1003.0,429.0,1025.0,438.0
2.0,2833.0,1470.0,1433.0,1463.0,1473.0,1473.0,1004.0,429.0,1027.0,443.0
2.0,2826.0,1468.0,1434.0,1473.0,1471.0,1471.0,1004.0,430.0,1025.0,443.0
2.0,2831.0,1458.0,1434.0,1471.0,1458.0,1458.0,1004.0,430.0,1017.0,441.0
2.0,2844.0,1476.0,1435.0,1458.0,1479.0,1479.0,1005.0,430.0,1032.0,444.0
2.0,2826.0,1468.0,1435.0,1479.0,1468.0,1468.0,1005.0,430.0,1029.0,439.0
2.0,2837.0,1466.0,1437.0,1468.0,1472.0,1472.0,1006.0,431.0,1027.0,439.0
2.0,2839.0,1469.0,1437.0,1472.0,1469.0,1469.0,1006.0,431.0,1029.0,440.0
2.0,2842.0,1483.0,1438.0,1469.0,1486.0,1486.0,1007.0,431.0,1038.0,445.0
2.0,2828.0,1476.0,1439.0,1486.0,1479.0,1479.0,1007.0,432.0,1033.0,443.0
2.0,2838.0,1469.0,1440.0,1479.0,1472.0,1472.0,1008.0,432.0,1030.0,439.0
2.0,2848.0,1491.0,1440.0,1472.0,1491.0,1491.0,1008.0,432.0,1045.0,446.0
2.0,2829.0,1473.0,1441.0,1491.0,1476.0,1476.0,1009.0,432.0,1033.0,440.0
2.0,2847.0,1470.0,1442.0,1476.0,1473.0,1473.0,1009.0,433.0,1029.0,441.0
2.0,2853.0,1465.0,1443.0,1473.0,1468.0,1468.0,1010.0,433.0,1026.0,439.0
2.0,2861.0,1463.0,1443.0,1468.0,1463.0,1463.0,1010.0,433.0,1021.0,442.0
2.0,2866.0,1465.0,1443.0,1463.0,1465.0,1465.0,1010.0,433.0,1027.0,438.0
2.0,2864.0,1477.0,1445.0,1465.0,1483.0,1483.0,1011.0,434.0,1037.0,440.0
2.0,2852.0,1460.0,1446.0,1483.0,1463.0,1463.0,1012.0,434.0,1023.0,437.0
2.0,2875.0,1475.0,1446.0,1463.0,1475.0,1475.0,1012.0,434.0,1035.0,440.0
2.0,2863.0,1460.0,1447.0,1475.0,1463.0,1463.0,1013.0,434.0,1022.0,438.0
2.0,2878.0,1461.0,1448.0,1463.0,1464.0,1464.0,1013.0,435.0,1022.0,439.0
2.0,2880.0,1455.0,1448.0,1464.0,1455.0,1455.0,1013.0,435.0,1020.0,435.0
2.0,2889.0,1460.0,1449.0,1455.0,1463.0,1463.0,1014.0,435.0,1022.0,438.0
2.0,2884.0,1468.0,1449.0,1463.0,1468.0,1468.0,1014.0,435.0,1027.0,441.0
2.0,2879.0,1458.0,1450.0,1468.0,1461.0,1461.0,1014.0,436.0,1020.0,438.0
2.0,2889.0,1455.0,1451.0,1461.0,1458.0,1458.0,1015.0,436.0,1019.0,436.0
2.0,2895.0,1454.0,1452.0,1458.0,1457.0,1457.0,1016.0,436.0,1019.0,435.0
2.0,2899.0,1458.0,1452.0,1457.0,1458.0,1458.0,1016.0,436.0,1020.0,438.0
2.0,2898.0,1446.0,1452.0,1458.0,1446.0,1446.0,1016.0,436.0,1011.0,435.0
2.0,2910.0,1457.0,1454.0,1446.0,1463.0,1463.0,1017.0,437.0,1018.0,439.0
2.0,2899.0,1449.0,1454.0,1463.0,1449.0,1449.0,1017.0,437.0,1018.0,431.0
2.0,2913.0,1448.0,1454.0,1449.0,1448.0,1448.0,1017.0,437.0,1012.0,436.0
2.0,2914.0,1449.0,1455.0,1448.0,1452.0,1452.0,1018.0,437.0,1009.0,440.0
2.0,2913.0,1459.0,1455.0,1452.0,1459.0,1459.0,1018.0,437.0,1021.0,438.0
2.0,2906.0,1455.0,1456.0,1459.0,1458.0,1458.0,1019.0,437.0,1020.0,435.0
2.0,2910.0,1460.0,1457.0,1458.0,1463.0,1463.0,1019.0,438.0,1022.0,438.0
2.0,2908.0,1459.0,1458.0,1463.0,1462.0,1462.0,1020.0,438.0,1021.0,438.0
2.0,2912.0,1457.0,1458.0,1462.0,1457.0,1457.0,1020.0,438.0,1020.0,437.0
2.0,2917.0,1464.0,1459.0,1457.0,1467.0,1467.0,1021.0,438.0,1028.0,436.0
2.0,2910.0,1462.0,1459.0,1467.0,1462.0,1462.0,1021.0,438.0,1019.0,443.0
2.0,2915.0,1461.0,1460.0,1462.0,1464.0,1464.0,1022.0,438.0,1022.0,439.0
2.0,2916.0,1475.0,1460.0,1464.0,1475.0,1475.0,1022.0,438.0,1035.0,440.0
2.0,2905.0,1470.0,1462.0,1475.0,1476.0,1476.0,1023.0,439.0,1029.0,441.0
2.0,2910.0,1474.0,1462.0,1476.0,1474.0,1474.0,1023.0,439.0,1035.0,439.0
2.0,2912.0,1487.0,1463.0,1474.0,1490.0,1490.0,1024.0,439.0,1044.0,443.0
2.0,2899.0,1486.0,1464.0,1490.0,1489.0,1489.0,1025.0,439.0,1041.0,445.0
2.0,2903.0,1480.0,1464.0,1489.0,1480.0,1480.0,1025.0,439.0,1039.0,441.0
2.0,2912.0,1483.0,1465.0,1480.0,1486.0,1486.0,1026.0,439.0,1039.0,444.0
2.0,2909.0,1492.0,1465.0,1486.0,1492.0,1492.0,1026.0,439.0,1050.0,442.0
2.0,2903.0,1492.0,1467.0,1492.0,1498.0,1498.0,1027.0,440.0,1046.0,446.0
2.0,2903.0,1488.0,1467.0,1498.0,1488.0,1488.0,1027.0,440.0,1044.0,444.0
2.0,2913.0,1500.0,1468.0,1488.0,1503.0,1503.0,1028.0,440.0,1053.0,447.0
2.0,2901.0,1495.0,1468.0,1503.0,1495.0,1495.0,1028.0,440.0,1048.0,447.0
2.0,2909.0,1502.0,1469.0,1495.0,1505.0,1505.0,1029.0,440.0,1054.0,448.0
2.0,2902.0,1496.0,1469.0,1505.0,1496.0,1496.0,1029.0,440.0,1045.0,451.0
2.0,2911.0,1498.0,1470.0,1496.0,1501.0,1501.0,1030.0,440.0,1051.0,447.0
2.0,2909.0,1509.0,1471.0,1501.0,1512.0,1512.0,1030.0,441.0,1057.0,452.0
2.0,2901.0,1504.0,1472.0,1512.0,1507.0,1507.0,1031.0,441.0,1056.0,448.0
2.0,2909.0,1501.0,1472.0,1507.0,1501.0,1501.0,1031.0,441.0,1049.0,452.0
2.0,2915.0,1505.0,1472.0,1501.0,1505.0,1505.0,1031.0,441.0,1049.0,456.0
2.0,2911.0,1512.0,1473.0,1505.0,1515.0,1515.0,1032.0,441.0,1060.0,452.0
2.0,2904.0,1506.0,1474.0,1515.0,1509.0,1509.0,1032.0,442.0,1053.0,453.0
2.0,2913.0,1502.0,1474.0,1509.0,1502.0,1502.0,1032.0,442.0,1048.0,454.0
2.0,2920.0,1511.0,1475.0,1502.0,1514.0,1514.0,1033.0,442.0,1055.0,456.0
2.0,2911.0,1506.0,1475.0,1514.0,1506.0,1506.0,1033.0,442.0,1057.0,449.0
2.0,2919.0,1503.0,1476.0,1506.0,1506.0,1506.0,1034.0,442.0,1055.0,448.0
2.0,2922.0,1495.0,1477.0,1506.0,1498.0,1498.0,1034.0,443.0,1044.0,451.0
2.0,2933.0,1509.0,1478.0,1498.0,1512.0,1512.0,1035.0,443.0,1058.0,451.0
2.0,2922.0,1504.0,1478.0,1512.0,1504.0,1504.0,1035.0,443.0,1050.0,454.0
2.0,2930.0,1498.0,1479.0,1504.0,1501.0,1501.0,1036.0,443.0,1048.0,450.0
2.0,2936.0,1501.0,1480.0,1501.0,1504.0,1504.0,1036.0,444.0,1050.0,451.0
2.0,2936.0,1492.0,1480.0,1504.0,1492.0,1492.0,1036.0,444.0,1044.0,448.0
2.0,2948.0,1497.0,1481.0,1492.0,1500.0,1500.0,1037.0,444.0,1047.0,450.0
2.0,2943.0,1495.0,1481.0,1500.0,1495.0,1495.0,1037.0,444.0,1042.0,453.0
2.0,2948.0,1487.0,1483.0,1495.0,1493.0,1493.0,1038.0,445.0,1037.0,450.0
2.0,2956.0,1493.0,1483.0,1493.0,1493.0,1493.0,1038.0,445.0,1044.0,449.0
2.0,2956.0,1484.0,1483.0,1493.0,1484.0,1484.0,1038.0,445.0,1033.0,451.0
2.0,2965.0,1497.0,1484.0,1484.0,1500.0,1500.0,1039.0,445.0,1045.0,452.0
2.0,2952.0,1501.0,1485.0,1500.0,1504.0,1504.0,1039.0,446.0,1051.0,450.0
2.0,2951.0,1485.0,1486.0,1504.0,1488.0,1488.0,1040.0,446.0,1039.0,446.0
2.0,2970.0,1496.0,1486.0,1488.0,1496.0,1496.0,1040.0,446.0,1046.0,450.0
2.0,2962.0,1488.0,1487.0,1496.0,1491.0,1491.0,1041.0,446.0,1036.0,452.0
2.0,2970.0,1497.0,1488.0,1491.0,1500.0,1500.0,1041.0,447.0,1048.0,449.0
2.0,2964.0,1491.0,1489.0,1500.0,1494.0,1494.0,1042.0,447.0,1041.0,450.0
2.0,2973.0,1481.0,1489.0,1494.0,1481.0,1481.0,1042.0,447.0,1032.0,449.0
2.0,2986.0,1486.0,1490.0,1481.0,1489.0,1489.0,1043.0,447.0,1033.0,453.0
2.0,2981.0,1493.0,1491.0,1489.0,1496.0,1496.0,1043.0,448.0,1044.0,449.0
2.0,2977.0,1489.0,1491.0,1496.0,1489.0,1489.0,1043.0,448.0,1040.0,449.0
2.0,2984.0,1504.0,1492.0,1489.0,1507.0,1507.0,1044.0,448.0,1055.0,449.0
2.0,2969.0,1500.0,1493.0,1507.0,1503.0,1503.0,1045.0,448.0,1048.0,452.0
2.0,2976.0,1506.0,1494.0,1503.0,1509.0,1509.0,1045.0,449.0,1054.0,452.0
2.0,2973.0,1493.0,1494.0,1509.0,1493.0,1493.0,1045.0,449.0,1042.0,451.0
2.0,2989.0,1511.0,1495.0,1493.0,1514.0,1514.0,1046.0,449.0,1060.0,451.0
2.0,2971.0,1510.0,1496.0,1514.0,1513.0,1513.0,1047.0,449.0,1052.0,458.0
2.0,2975.0,1512.0,1497.0,1513.0,1515.0,1515.0,1047.0,450.0,1059.0,453.0
2.0,2976.0,1508.0,1497.0,1515.0,1508.0,1508.0,1047.0,450.0,1054.0,454.0
2.0,2983.0,1514.0,1498.0,1508.0,1517.0,1517.0,1048.0,450.0,1061.0,453.0
2.0,2977.0,1528.0,1498.0,1517.0,1528.0,1528.0,1048.0,450.0,1070.0,458.0
2.0,2966.0,1516.0,1500.0,1528.0,1522.0,1522.0,1049.0,451.0,1058.0,458.0
2.0,2978.0,1528.0,1500.0,1522.0,1528.0,1528.0,1049.0,451.0,1072.0,456.0
2.0,2972.0,1529.0,1501.0,1528.0,1532.0,1532.0,1050.0,451.0,1067.0,462.0
2.0,2971.0,1532.0,1501.0,1532.0,1532.0,1532.0,1050.0,451.0,1075.0,457.0
2.0,2971.0,1530.0,1503.0,1532.0,1536.0,1536.0,1051.0,452.0,1072.0,458.0
2.0,2973.0,1536.0,1503.0,1536.0,1536.0,1536.0,1051.0,452.0,1081.0,455.0
2.0,2973.0,1538.0,1504.0,1536.0,1541.0,1541.0,1052.0,452.0,1080.0,458.0
2.0,2971.0,1536.0,1504.0,1541.0,1536.0,1536.0,1052.0,452.0,1075.0,461.0
2.0,2976.0,1526.0,1505.0,1536.0,1529.0,1529.0,1053.0,452.0,1067.0,459.0
2.0,2986.0,1533.0,1506.0,1529.0,1536.0,1536.0,1053.0,453.0,1079.0,454.0
2.0,2982.0,1530.0,1507.0,1536.0,1533.0,1533.0,1054.0,453.0,1074.0,456.0
2.0,2988.0,1545.0,1507.0,1533.0,1545.0,1545.0,1054.0,453.0,1086.0,459.0
2.0,2976.0,1549.0,1508.0,1545.0,1552.0,1552.0,1055.0,453.0,1089.0,460.0
2.0,2972.0,1537.0,1509.0,1552.0,1540.0,1540.0,1056.0,453.0,1078.0,459.0
2.0,2987.0,1525.0,1509.0,1540.0,1525.0,1525.0,1056.0,453.0,1072.0,453.0
2.0,3002.0,1531.0,1509.0,1525.0,1531.0,1531.0,1056.0,453.0,1070.0,461.0
2.0,2996.0,1533.0,1510.0,1531.0,1536.0,1536.0,1057.0,453.0,1074.0,459.0
2.0,2994.0,1531.0,1510.0,1536.0,1531.0,1531.0,1057.0,453.0,1071.0,460.0
2.0,2999.0,1529.0,1511.0,1531.0,1532.0,1532.0,1057.0,454.0,1071.0,458.0
2.0,3001.0,1531.0,1512.0,1532.0,1534.0,1534.0,1058.0,454.0,1072.0,459.0
2.0,3002.0,1528.0,1512.0,1534.0,1528.0,1528.0,1058.0,454.0,1072.0,456.0
2.0,3008.0,1526.0,1512.0,1528.0,1526.0,1526.0,1058.0,454.0,1069.0,457.0
2.0,3010.0,1526.0,1513.0,1526.0,1529.0,1529.0,1059.0,454.0,1064.0,462.0
2.0,3010.0,1529.0,1513.0,1529.0,1529.0,1529.0,1059.0,454.0,1071.0,458.0
2.0,3010.0,1524.0,1513.0,1529.0,1524.0,1524.0,1059.0,454.0,1066.0,458.0
2.0,3015.0,1527.0,1515.0,1524.0,1533.0,1533.0,1060.0,455.0,1069.0,458.0
2.0,3012.0,1533.0,1515.0,1533.0,1533.0,1533.0,1060.0,455.0,1077.0,456.0
2.0,3012.0,1519.0,1516.0,1533.0,1522.0,1522.0,1061.0,455.0,1061.0,458.0
2.0,3026.0,1511.0,1516.0,1522.0,1511.0,1511.0,1061.0,455.0,1055.0,456.0
2.0,3037.0,1522.0,1516.0,1511.0,1522.0,1522.0,1061.0,455.0,1062.0,460.0
2.0,3026.0,1522.0,1517.0,1522.0,1525.0,1525.0,1062.0,455.0,1066.0,456.0
2.0,3026.0,1526.0,1517.0,1525.0,1526.0,1526.0,1062.0,455.0,1067.0,459.0
2.0,3025.0,1519.0,1519.0,1526.0,1525.0,1525.0,1063.0,456.0,1064.0,455.0
2.0,3032.0,1523.0,1519.0,1525.0,1523.0,1523.0,1063.0,456.0,1066.0,457.0
2.0,3034.0,1520.0,1520.0,1523.0,1523.0,1523.0,1064.0,456.0,1062.0,458.0
2.0,3037.0,1538.0,1520.0,1523.0,1538.0,1538.0,1064.0,456.0,1076.0,462.0
2.0,3022.0,1522.0,1521.0,1538.0,1525.0,1525.0,1065.0,456.0,1064.0,458.0
2.0,3038.0,1533.0,1521.0,1525.0,1533.0,1533.0,1065.0,456.0,1073.0,460.0
2.0,3030.0,1536.0,1523.0,1533.0,1542.0,1542.0,1066.0,457.0,1077.0,459.0
2.0,3027.0,1526.0,1524.0,1542.0,1529.0,1529.0,1067.0,457.0,1068.0,458.0
2.0,3043.0,1533.0,1524.0,1529.0,1533.0,1533.0,1067.0,457.0,1073.0,460.0
2.0,3039.0,1531.0,1525.0,1533.0,1534.0,1534.0,1068.0,457.0,1068.0,463.0
2.0,3041.0,1539.0,1525.0,1534.0,1539.0,1539.0,1068.0,457.0,1081.0,458.0
2.0,3036.0,1541.0,1527.0,1539.0,1547.0,1547.0,1069.0,458.0,1082.0,459.0
2.0,3034.0,1540.0,1527.0,1547.0,1540.0,1540.0,1069.0,458.0,1078.0,462.0
2.0,3041.0,1543.0,1528.0,1540.0,1546.0,1546.0,1070.0,458.0,1082.0,461.0
2.0,3038.0,1558.0,1529.0,1546.0,1561.0,1561.0,1071.0,458.0,1089.0,469.0
2.0,3026.0,1553.0,1530.0,1561.0,1556.0,1556.0,1072.0,458.0,1091.0,462.0
2.0,3034.0,1544.0,1531.0,1556.0,1547.0,1547.0,1072.0,459.0,1082.0,462.0
2.0,3046.0,1552.0,1532.0,1547.0,1555.0,1555.0,1073.0,459.0,1086.0,466.0
2.0,3041.0,1559.0,1532.0,1555.0,1559.0,1559.0,1073.0,459.0,1095.0,464.0
2.0,3037.0,1565.0,1533.0,1559.0,1568.0,1568.0,1074.0,459.0,1091.0,474.0
2.0,3031.0,1563.0,1533.0,1568.0,1563.0,1563.0,1074.0,459.0,1097.0,466.0
2.0,3036.0,1564.0,1535.0,1563.0,1570.0,1570.0,1075.0,460.0,1094.0,470.0
2.0,3035.0,1570.0,1535.0,1570.0,1570.0,1570.0,1075.0,460.0,1100.0,470.0
2.0,3035.0,1570.0,1536.0,1570.0,1573.0,1573.0,1076.0,460.0,1099.0,471.0
2.0,3035.0,1571.0,1537.0,1573.0,1574.0,1574.0,1077.0,460.0,1103.0,468.0
2.0,3037.0,1565.0,1538.0,1574.0,1568.0,1568.0,1077.0,461.0,1094.0,471.0
2.0,3046.0,1574.0,1538.0,1568.0,1574.0,1574.0,1077.0,461.0,1105.0,469.0
2.0,3040.0,1570.0,1539.0,1574.0,1573.0,1573.0,1078.0,461.0,1096.0,474.0
2.0,3044.0,1567.0,1539.0,1573.0,1567.0,1567.0,1078.0,461.0,1097.0,470.0
2.0,3050.0,1561.0,1540.0,1567.0,1564.0,1564.0,1078.0,462.0,1089.0,472.0
2.0,3056.0,1570.0,1541.0,1564.0,1573.0,1573.0,1079.0,462.0,1099.0,471.0
2.0,3050.0,1576.0,1541.0,1573.0,1576.0,1576.0,1079.0,462.0,1096.0,480.0
2.0,3047.0,1566.0,1542.0,1576.0,1569.0,1569.0,1079.0,463.0,1095.0,471.0
2.0,3057.0,1572.0,1543.0,1569.0,1575.0,1575.0,1080.0,463.0,1100.0,472.0
2.0,3054.0,1579.0,1543.0,1575.0,1579.0,1579.0,1080.0,463.0,1104.0,475.0
2.0,3050.0,1560.0,1544.0,1579.0,1563.0,1563.0,1081.0,463.0,1088.0,472.0
2.0,3069.0,1574.0,1545.0,1563.0,1577.0,1577.0,1081.0,464.0,1103.0,471.0
2.0,3058.0,1563.0,1546.0,1577.0,1566.0,1566.0,1082.0,464.0,1094.0,469.0
2.0,3072.0,1575.0,1546.0,1566.0,1575.0,1575.0,1082.0,464.0,1101.0,474.0
2.0,3063.0,1570.0,1547.0,1575.0,1573.0,1573.0,1083.0,464.0,1099.0,471.0
2.0,3068.0,1564.0,1548.0,1573.0,1567.0,1567.0,1083.0,465.0,1094.0,470.0
2.0,3077.0,1564.0,1549.0,1567.0,1567.0,1567.0,1084.0,465.0,1095.0,469.0
2.0,3080.0,1565.0,1549.0,1567.0,1565.0,1565.0,1084.0,465.0,1094.0,471.0
2.0,3082.0,1557.0,1549.0,1565.0,1557.0,1557.0,1084.0,465.0,1087.0,470.0
2.0,3090.0,1566.0,1551.0,1557.0,1572.0,1572.0,1085.0,466.0,1093.0,473.0
2.0,3081.0,1563.0,1552.0,1572.0,1566.0,1566.0,1086.0,466.0,1094.0,469.0
2.0,3090.0,1566.0,1552.0,1566.0,1566.0,1566.0,1086.0,466.0,1093.0,473.0
2.0,3090.0,1570.0,1552.0,1566.0,1570.0,1570.0,1086.0,466.0,1096.0,474.0
2.0,3086.0,1563.0,1554.0,1570.0,1569.0,1569.0,1087.0,467.0,1091.0,472.0
2.0,3093.0,1548.0,1555.0,1569.0,1551.0,1551.0,1088.0,467.0,1082.0,466.0
2.0,3114.0,1563.0,1555.0,1551.0,1563.0,1563.0,1088.0,467.0,1096.0,467.0
2.0,3102.0,1560.0,1556.0,1563.0,1563.0,1563.0,1089.0,467.0,1089.0,471.0
2.0,3105.0,1560.0,1557.0,1563.0,1563.0,1563.0,1089.0,468.0,1093.0,467.0
2.0,3108.0,1555.0,1558.0,1563.0,1558.0,1558.0,1090.0,468.0,1091.0,464.0
2.0,3116.0,1563.0,1558.0,1558.0,1563.0,1563.0,1090.0,468.0,1095.0,468.0
2.0,3111.0,1560.0,1559.0,1563.0,1563.0,1563.0,1091.0,468.0,1092.0,468.0
2.0,3114.0,1562.0,1559.0,1563.0,1562.0,1562.0,1091.0,468.0,1097.0,465.0
2.0,3115.0,1561.0,1560.0,1562.0,1564.0,1564.0,1092.0,468.0,1093.0,468.0
2.0,3116.0,1557.0,1560.0,1564.0,1557.0,1557.0,1092.0,468.0,1090.0,467.0
2.0,3123.0,1563.0,1561.0,1557.0,1566.0,1566.0,1092.0,469.0,1097.0,466.0
2.0,3117.0,1569.0,1562.0,1566.0,1572.0,1572.0,1093.0,469.0,1102.0,467.0
2.0,3114.0,1577.0,1563.0,1572.0,1580.0,1580.0,1094.0,469.0,1111.0,466.0
2.0,3109.0,1575.0,1563.0,1580.0,1575.0,1575.0,1094.0,469.0,1108.0,467.0
2.0,3114.0,1561.0,1564.0,1575.0,1564.0,1564.0,1095.0,469.0,1096.0,465.0
2.0,3128.0,1568.0,1564.0,1564.0,1568.0,1568.0,1095.0,469.0,1102.0,466.0
2.0,3124.0,1576.0,1564.0,1568.0,1576.0,1576.0,1095.0,469.0,1102.0,474.0
2.0,3116.0,1577.0,1565.0,1576.0,1580.0,1580.0,1096.0,469.0,1104.0,473.0
2.0,3115.0,1572.0,1566.0,1580.0,1575.0,1575.0,1096.0,470.0,1102.0,470.0
2.0,3123.0,1581.0,1566.0,1575.0,1581.0,1581.0,1096.0,470.0,1114.0,467.0
2.0,3117.0,1581.0,1567.0,1581.0,1584.0,1584.0,1097.0,470.0,1110.0,471.0
2.0,3117.0,1583.0,1567.0,1584.0,1583.0,1583.0,1097.0,470.0,1109.0,474.0
2.0,3118.0,1588.0,1568.0,1583.0,1591.0,1591.0,1098.0,470.0,1116.0,472.0
2.0,3113.0,1593.0,1568.0,1591.0,1593.0,1593.0,1098.0,470.0,1115.0,478.0
2.0,3111.0,1586.0,1568.0,1593.0,1586.0,1586.0,1098.0,470.0,1108.0,478.0
2.0,3118.0,1594.0,1569.0,1586.0,1597.0,1597.0,1099.0,470.0,1119.0,475.0
2.0,3110.0,1594.0,1569.0,1597.0,1594.0,1594.0,1099.0,470.0,1121.0,473.0
2.0,3113.0,1588.0,1570.0,1594.0,1591.0,1591.0,1099.0,471.0,1114.0,474.0
2.0,3119.0,1593.0,1571.0,1591.0,1596.0,1596.0,1100.0,471.0,1115.0,478.0
2.0,3117.0,1601.0,1571.0,1596.0,1601.0,1601.0,1100.0,471.0,1122.0,479.0
2.0,3112.0,1586.0,1571.0,1601.0,1586.0,1586.0,1100.0,471.0,1110.0,476.0
2.0,3127.0,1610.0,1572.0,1586.0,1613.0,1613.0,1101.0,471.0,1128.0,482.0
2.0,3103.0,1608.0,1573.0,1613.0,1611.0,1611.0,1102.0,471.0,1127.0,481.0
2.0,3108.0,1601.0,1574.0,1611.0,1604.0,1604.0,1102.0,472.0,1119.0,482.0
2.0,3118.0,1593.0,1574.0,1604.0,1593.0,1593.0,1102.0,472.0,1111.0,482.0
2.0,3129.0,1594.0,1575.0,1593.0,1597.0,1597.0,1103.0,472.0,1112.0,482.0
2.0,3128.0,1607.0,1575.0,1597.0,1607.0,1607.0,1103.0,472.0,1126.0,481.0
2.0,3118.0,1611.0,1576.0,1607.0,1614.0,1614.0,1104.0,472.0,1122.0,489.0
2.0,3114.0,1608.0,1576.0,1614.0,1608.0,1608.0,1104.0,472.0,1128.0,480.0
2.0,3120.0,1599.0,1578.0,1608.0,1605.0,1605.0,1105.0,473.0,1117.0,482.0
2.0,3129.0,1608.0,1578.0,1605.0,1608.0,1608.0,1105.0,473.0,1125.0,483.0
2.0,3126.0,1597.0,1578.0,1608.0,1597.0,1597.0,1105.0,473.0,1114.0,483.0
2.0,3137.0,1594.0,1579.0,1597.0,1597.0,1597.0,1106.0,473.0,1113.0,481.0
2.0,3140.0,1599.0,1580.0,1597.0,1602.0,1602.0,1106.0,474.0,1116.0,483.0
2.0,3138.0,1592.0,1580.0,1602.0,1592.0,1592.0,1106.0,474.0,1112.0,480.0
2.0,3148.0,1601.0,1581.0,1592.0,1604.0,1604.0,1107.0,474.0,1121.0,480.0
2.0,3139.0,1600.0,1582.0,1604.0,1603.0,1603.0,1108.0,474.0,1118.0,482.0
2.0,3143.0,1608.0,1582.0,1603.0,1608.0,1608.0,1108.0,474.0,1127.0,481.0
2.0,3138.0,1599.0,1583.0,1608.0,1602.0,1602.0,1109.0,474.0,1118.0,481.0
2.0,3147.0,1605.0,1584.0,1602.0,1608.0,1608.0,1109.0,475.0,1121.0,484.0
2.0,3144.0,1590.0,1585.0,1608.0,1593.0,1593.0,1110.0,475.0,1113.0,477.0
2.0,3162.0,1602.0,1585.0,1593.0,1602.0,1602.0,1110.0,475.0,1121.0,481.0
2.0,3153.0,1594.0,1586.0,1602.0,1597.0,1597.0,1111.0,475.0,1110.0,484.0
2.0,3161.0,1592.0,1586.0,1597.0,1592.0,1592.0,1111.0,475.0,1115.0,477.0
2.0,3166.0,1590.0,1587.0,1592.0,1593.0,1593.0,1111.0,476.0,1110.0,480.0
2.0,3168.0,1604.0,1588.0,1593.0,1607.0,1607.0,1112.0,476.0,1126.0,478.0
2.0,3157.0,1602.0,1589.0,1607.0,1605.0,1605.0,1113.0,476.0,1118.0,484.0
2.0,3162.0,1600.0,1589.0,1605.0,1600.0,1600.0,1113.0,476.0,1122.0,478.0
2.0,3167.0,1606.0,1591.0,1600.0,1612.0,1612.0,1114.0,477.0,1123.0,483.0
2.0,3161.0,1609.0,1591.0,1612.0,1609.0,1609.0,1114.0,477.0,1124.0,485.0
2.0,3164.0,1598.0,1592.0,1609.0,1601.0,1601.0,1115.0,477.0,1119.0,479.0
2.0,3175.0,1598.0,1593.0,1601.0,1601.0,1601.0,1115.0,478.0,1116.0,482.0
2.0,3178.0,1604.0,1594.0,1601.0,1607.0,1607.0,1116.0,478.0,1121.0,483.0
2.0,3175.0,1610.0,1594.0,1607.0,1610.0,1610.0,1116.0,478.0,1127.0,483.0
2.0,3172.0,1611.0,1595.0,1610.0,1614.0,1614.0,1116.0,479.0,1130.0,481.0
2.0,3171.0,1613.0,1596.0,1614.0,1616.0,1616.0,1117.0,479.0,1131.0,482.0
2.0,3172.0,1604.0,1596.0,1616.0,1604.0,1604.0,1117.0,479.0,1121.0,483.0
2.0,3184.0,1619.0,1598.0,1604.0,1625.0,1625.0,1118.0,480.0,1133.0,486.0
2.0,3169.0,1612.0,1599.0,1625.0,1615.0,1615.0,1119.0,480.0,1131.0,481.0
2.0,3182.0,1608.0,1599.0,1615.0,1608.0,1608.0,1119.0,480.0,1127.0,481.0
2.0,3189.0,1618.0,1600.0,1608.0,1621.0,1621.0,1120.0,480.0,1129.0,489.0
2.0,3179.0,1612.0,1601.0,1621.0,1615.0,1615.0,1120.0,481.0,1129.0,483.0
2.0,3188.0,1616.0,1601.0,1615.0,1616.0,1616.0,1120.0,481.0,1133.0,483.0
2.0,3187.0,1621.0,1602.0,1616.0,1624.0,1624.0,1121.0,481.0,1136.0,485.0
2.0,3182.0,1630.0,1602.0,1624.0,1630.0,1630.0,1121.0,481.0,1141.0,489.0
2.0,3176.0,1616.0,1603.0,1630.0,1619.0,1619.0,1122.0,481.0,1131.0,485.0
2.0,3190.0,1625.0,1604.0,1619.0,1628.0,1628.0,1122.0,482.0,1136.0,489.0
2.0,3184.0,1621.0,1604.0,1628.0,1621.0,1621.0,1122.0,482.0,1132.0,489.0
2.0,3191.0,1620.0,1605.0,1621.0,1623.0,1623.0,1123.0,482.0,1130.0,490.0
2.0,3192.0,1631.0,1605.0,1623.0,1631.0,1631.0,1123.0,482.0,1144.0,487.0
2.0,3184.0,1623.0,1607.0,1631.0,1629.0,1629.0,1124.0,483.0,1138.0,485.0
2.0,3192.0,1617.0,1607.0,1629.0,1617.0,1617.0,1124.0,483.0,1130.0,487.0
2.0,3204.0,1632.0,1607.0,1617.0,1632.0,1632.0,1124.0,483.0,1146.0,486.0
2.0,3189.0,1625.0,1608.0,1632.0,1628.0,1628.0,1125.0,483.0,1135.0,490.0
2.0,3196.0,1639.0,1608.0,1628.0,1639.0,1639.0,1125.0,483.0,1149.0,490.0
2.0,3185.0,1622.0,1608.0,1639.0,1622.0,1622.0,1125.0,483.0,1137.0,485.0
2.0,3202.0,1637.0,1610.0,1622.0,1643.0,1643.0,1126.0,484.0,1147.0,490.0
2.0,3187.0,1634.0,1611.0,1643.0,1637.0,1637.0,1127.0,484.0,1141.0,493.0
2.0,3196.0,1630.0,1611.0,1637.0,1630.0,1630.0,1127.0,484.0,1138.0,492.0
2.0,3203.0,1637.0,1611.0,1630.0,1637.0,1637.0,1127.0,484.0,1145.0,492.0
2.0,3196.0,1639.0,1612.0,1637.0,1642.0,1642.0,1128.0,484.0,1145.0,494.0
2.0,3194.0,1633.0,1612.0,1642.0,1633.0,1633.0,1128.0,484.0,1145.0,488.0
2.0,3203.0,1626.0,1612.0,1633.0,1626.0,1626.0,1128.0,484.0,1138.0,488.0
2.0,3210.0,1638.0,1614.0,1626.0,1644.0,1644.0,1129.0,485.0,1147.0,491.0
2.0,3198.0,1631.0,1615.0,1644.0,1634.0,1634.0,1130.0,485.0,1143.0,488.0
2.0,3211.0,1632.0,1615.0,1634.0,1632.0,1632.0,1130.0,485.0,1143.0,489.0
2.0,3213.0,1637.0,1616.0,1632.0,1640.0,1640.0,1131.0,485.0,1146.0,491.0
2.0,3208.0,1635.0,1616.0,1640.0,1635.0,1635.0,1131.0,485.0,1144.0,491.0
2.0,3213.0,1627.0,1617.0,1635.0,1630.0,1630.0,1132.0,485.0,1141.0,486.0
2.0,3221.0,1636.0,1617.0,1630.0,1636.0,1636.0,1132.0,485.0,1149.0,487.0
2.0,3215.0,1634.0,1619.0,1636.0,1640.0,1640.0,1133.0,486.0,1148.0,486.0
2.0,3217.0,1644.0,1619.0,1640.0,1644.0,1644.0,1133.0,486.0,1152.0,492.0
2.0,3213.0,1634.0,1620.0,1644.0,1637.0,1637.0,1134.0,486.0,1145.0,489.0
2.0,3223.0,1639.0,1620.0,1637.0,1639.0,1639.0,1134.0,486.0,1145.0,494.0
2.0,3221.0,1636.0,1621.0,1639.0,1639.0,1639.0,1135.0,486.0,1146.0,490.0
2.0,3224.0,1637.0,1623.0,1639.0,1643.0,1643.0,1136.0,487.0,1147.0,490.0
2.0,3226.0,1631.0,1623.0,1643.0,1631.0,1631.0,1136.0,487.0,1143.0,488.0
2.0,3238.0,1633.0,1624.0,1631.0,1636.0,1636.0,1137.0,487.0,1147.0,486.0
2.0,3236.0,1634.0,1624.0,1636.0,1634.0,1634.0,1137.0,487.0,1146.0,488.0
2.0,3238.0,1638.0,1625.0,1634.0,1641.0,1641.0,1138.0,487.0,1147.0,491.0
2.0,3234.0,1642.0,1625.0,1641.0,1642.0,1642.0,1138.0,487.0,1151.0,491.0
2.0,3233.0,1635.0,1626.0,1642.0,1638.0,1638.0,1139.0,487.0,1145.0,490.0
2.0,3240.0,1642.0,1627.0,1638.0,1645.0,1645.0,1139.0,488.0,1152.0,490.0
2.0,3236.0,1634.0,1628.0,1645.0,1637.0,1637.0,1140.0,488.0,1145.0,489.0
2.0,3247.0,1640.0,1628.0,1637.0,1640.0,1640.0,1140.0,488.0,1147.0,493.0
2.0,3244.0,1649.0,1629.0,1640.0,1652.0,1652.0,1141.0,488.0,1155.0,494.0
2.0,3235.0,1646.0,1629.0,1652.0,1646.0,1646.0,1141.0,488.0,1158.0,488.0
2.0,3241.0,1636.0,1631.0,1646.0,1642.0,1642.0,1142.0,489.0,1144.0,492.0
2.0,3251.0,1643.0,1631.0,1642.0,1643.0,1643.0,1142.0,489.0,1151.0,492.0
2.0,3250.0,1647.0,1632.0,1643.0,1650.0,1650.0,1143.0,489.0,1156.0,491.0
2.0,3246.0,1647.0,1632.0,1650.0,1647.0,1647.0,1143.0,489.0,1155.0,492.0
2.0,3249.0,1645.0,1633.0,1647.0,1648.0,1648.0,1144.0,489.0,1149.0,496.0
2.0,3251.0,1642.0,1633.0,1648.0,1642.0,1642.0,1144.0,489.0,1147.0,495.0
2.0,3257.0,1655.0,1634.0,1642.0,1658.0,1658.0,1144.0,490.0,1157.0,498.0
2.0,3244.0,1657.0,1635.0,1658.0,1660.0,1660.0,1145.0,490.0,1155.0,502.0
2.0,3245.0,1657.0,1635.0,1660.0,1657.0,1657.0,1145.0,490.0,1159.0,498.0
2.0,3248.0,1649.0,1636.0,1657.0,1652.0,1652.0,1146.0,490.0,1154.0,495.0
2.0,3256.0,1657.0,1637.0,1652.0,1660.0,1660.0,1146.0,491.0,1160.0,497.0
2.0,3251.0,1656.0,1637.0,1660.0,1656.0,1656.0,1146.0,491.0,1157.0,499.0
2.0,3255.0,1654.0,1638.0,1656.0,1657.0,1657.0,1147.0,491.0,1158.0,496.0
2.0,3257.0,1662.0,1639.0,1657.0,1665.0,1665.0,1148.0,491.0,1159.0,503.0
2.0,3252.0,1659.0,1639.0,1665.0,1659.0,1659.0,1148.0,491.0,1160.0,499.0
2.0,3258.0,1669.0,1640.0,1659.0,1672.0,1672.0,1148.0,492.0,1167.0,502.0
2.0,3248.0,1663.0,1641.0,1672.0,1666.0,1666.0,1149.0,492.0,1157.0,506.0
2.0,3257.0,1663.0,1642.0,1666.0,1666.0,1666.0,1149.0,493.0,1159.0,504.0
2.0,3260.0,1668.0,1643.0,1666.0,1671.0,1671.0,1150.0,493.0,1163.0,505.0
2.0,3258.0,1677.0,1643.0,1671.0,1677.0,1677.0,1150.0,493.0,1167.0,510.0
2.0,3252.0,1668.0,1645.0,1677.0,1674.0,1674.0,1151.0,494.0,1165.0,503.0
2.0,3261.0,1680.0,1645.0,1674.0,1680.0,1680.0,1151.0,494.0,1178.0,502.0
2.0,3255.0,1676.0,1646.0,1680.0,1679.0,1679.0,1152.0,494.0,1173.0,503.0
2.0,3259.0,1675.0,1646.0,1679.0,1675.0,1675.0,1152.0,494.0,1168.0,507.0
2.0,3263.0,1669.0,1647.0,1675.0,1672.0,1672.0,1153.0,494.0,1167.0,502.0
2.0,3269.0,1673.0,1648.0,1672.0,1676.0,1676.0,1153.0,495.0,1170.0,503.0
2.0,3268.0,1682.0,1649.0,1676.0,1685.0,1685.0,1154.0,495.0,1180.0,502.0
2.0,3262.0,1675.0,1650.0,1685.0,1678.0,1678.0,1155.0,495.0,1171.0,504.0
2.0,3272.0,1679.0,1650.0,1678.0,1679.0,1679.0,1155.0,495.0,1175.0,504.0
2.0,3271.0,1675.0,1652.0,1679.0,1681.0,1681.0,1156.0,496.0,1171.0,504.0
2.0,3275.0,1669.0,1652.0,1681.0,1669.0,1669.0,1156.0,496.0,1168.0,501.0
2.0,3287.0,1680.0,1653.0,1669.0,1683.0,1683.0,1157.0,496.0,1174.0,506.0
2.0,3276.0,1677.0,1653.0,1683.0,1677.0,1677.0,1157.0,496.0,1177.0,500.0
2.0,3282.0,1677.0,1655.0,1677.0,1683.0,1683.0,1158.0,497.0,1173.0,504.0
2.0,3282.0,1676.0,1655.0,1683.0,1676.0,1676.0,1158.0,497.0,1175.0,501.0
2.0,3289.0,1663.0,1656.0,1676.0,1666.0,1666.0,1159.0,497.0,1162.0,501.0
2.0,3302.0,1679.0,1657.0,1666.0,1682.0,1682.0,1159.0,498.0,1178.0,501.0
2.0,3289.0,1667.0,1658.0,1682.0,1670.0,1670.0,1160.0,498.0,1166.0,501.0
2.0,3304.0,1677.0,1658.0,1670.0,1677.0,1677.0,1160.0,498.0,1180.0,497.0
2.0,3297.0,1666.0,1659.0,1677.0,1669.0,1669.0,1161.0,498.0,1167.0,499.0
2.0,3308.0,1672.0,1659.0,1669.0,1672.0,1672.0,1161.0,498.0,1171.0,501.0
2.0,3305.0,1670.0,1660.0,1672.0,1673.0,1673.0,1162.0,498.0,1169.0,501.0
2.0,3307.0,1665.0,1661.0,1673.0,1668.0,1668.0,1162.0,499.0,1169.0,496.0
2.0,3315.0,1663.0,1661.0,1668.0,1663.0,1663.0,1162.0,499.0,1163.0,500.0
2.0,3320.0,1669.0,1662.0,1663.0,1672.0,1672.0,1163.0,499.0,1170.0,499.0
2.0,3314.0,1662.0,1662.0,1672.0,1662.0,1662.0,1163.0,499.0,1166.0,496.0
2.0,3324.0,1671.0,1663.0,1662.0,1674.0,1674.0,1164.0,499.0,1172.0,499.0
2.0,3315.0,1662.0,1663.0,1674.0,1662.0,1662.0,1164.0,499.0,1164.0,498.0
2.0,3327.0,1672.0,1664.0,1662.0,1675.0,1675.0,1164.0,500.0,1174.0,498.0
2.0,3317.0,1667.0,1665.0,1675.0,1670.0,1670.0,1165.0,500.0,1169.0,498.0
2.0,3325.0,1680.0,1665.0,1670.0,1680.0,1680.0,1165.0,500.0,1178.0,502.0
2.0,3315.0,1673.0,1666.0,1680.0,1676.0,1676.0,1166.0,500.0,1174.0,499.0
2.0,3322.0,1680.0,1666.0,1676.0,1680.0,1680.0,1166.0,500.0,1178.0,502.0
2.0,3318.0,1659.0,1666.0,1680.0,1659.0,1659.0,1166.0,500.0,1164.0,495.0
2.0,3339.0,1676.0,1668.0,1659.0,1682.0,1682.0,1167.0,501.0,1174.0,502.0
2.0,3322.0,1679.0,1668.0,1682.0,1679.0,1679.0,1167.0,501.0,1176.0,503.0
2.0,3325.0,1682.0,1669.0,1679.0,1685.0,1685.0,1168.0,501.0,1181.0,501.0
2.0,3322.0,1676.0,1669.0,1685.0,1676.0,1676.0,1168.0,501.0,1176.0,500.0
2.0,3331.0,1682.0,1670.0,1676.0,1685.0,1685.0,1169.0,501.0,1176.0,506.0
2.0,3325.0,1685.0,1670.0,1685.0,1685.0,1685.0,1169.0,501.0,1176.0,509.0
2.0,3325.0,1681.0,1671.0,1685.0,1684.0,1684.0,1170.0,501.0,1176.0,505.0
2.0,3329.0,1683.0,1671.0,1684.0,1683.0,1683.0,1170.0,501.0,1182.0,501.0
2.0,3330.0,1687.0,1672.0,1683.0,1690.0,1690.0,1170.0,502.0,1182.0,505.0
2.0,3326.0,1679.0,1673.0,1690.0,1682.0,1682.0,1171.0,502.0,1175.0,504.0
2.0,3337.0,1697.0,1673.0,1682.0,1697.0,1697.0,1171.0,502.0,1189.0,508.0
2.0,3322.0,1683.0,1674.0,1697.0,1686.0,1686.0,1172.0,502.0,1177.0,506.0
2.0,3336.0,1705.0,1674.0,1686.0,1705.0,1705.0,1172.0,502.0,1193.0,512.0
2.0,3317.0,1698.0,1675.0,1705.0,1701.0,1701.0,1173.0,502.0,1187.0,511.0
2.0,3324.0,1705.0,1676.0,1701.0,1708.0,1708.0,1174.0,502.0,1196.0,509.0
2.0,3320.0,1688.0,1677.0,1708.0,1691.0,1691.0,1174.0,503.0,1176.0,512.0
2.0,3340.0,1710.0,1678.0,1691.0,1713.0,1713.0,1175.0,503.0,1200.0,510.0
2.0,3321.0,1703.0,1678.0,1713.0,1703.0,1703.0,1175.0,503.0,1194.0,509.0
2.0,3331.0,1708.0,1679.0,1703.0,1711.0,1711.0,1176.0,503.0,1194.0,514.0
2.0,3326.0,1714.0,1679.0,1711.0,1714.0,1714.0,1176.0,503.0,1196.0,518.0
2.0,3323.0,1710.0,1679.0,1714.0,1710.0,1710.0,1176.0,503.0,1197.0,513.0
2.0,3327.0,1707.0,1681.0,1710.0,1713.0,1713.0,1177.0,504.0,1197.0,510.0
2.0,3330.0,1701.0,1681.0,1713.0,1701.0,1701.0,1177.0,504.0,1191.0,510.0
2.0,3342.0,1716.0,1682.0,1701.0,1719.0,1719.0,1178.0,504.0,1201.0,515.0
2.0,3327.0,1710.0,1682.0,1719.0,1710.0,1710.0,1178.0,504.0,1193.0,517.0
2.0,3336.0,1706.0,1683.0,1710.0,1709.0,1709.0,1179.0,504.0,1193.0,513.0
2.0,3340.0,1710.0,1684.0,1709.0,1713.0,1713.0,1179.0,505.0,1196.0,514.0
2.0,3339.0,1721.0,1685.0,1713.0,1724.0,1724.0,1180.0,505.0,1204.0,517.0
2.0,3331.0,1710.0,1685.0,1724.0,1710.0,1710.0,1180.0,505.0,1198.0,512.0
2.0,3345.0,1724.0,1686.0,1710.0,1727.0,1727.0,1181.0,505.0,1208.0,516.0
2.0,3331.0,1707.0,1686.0,1727.0,1707.0,1707.0,1181.0,505.0,1196.0,511.0
2.0,3351.0,1708.0,1688.0,1707.0,1714.0,1714.0,1182.0,506.0,1193.0,515.0
2.0,3350.0,1710.0,1688.0,1714.0,1710.0,1710.0,1182.0,506.0,1197.0,513.0
2.0,3354.0,1708.0,1689.0,1710.0,1711.0,1711.0,1183.0,506.0,1191.0,517.0
2.0,3356.0,1706.0,1689.0,1711.0,1706.0,1706.0,1183.0,506.0,1194.0,512.0
2.0,3361.0,1701.0,1690.0,1706.0,1704.0,1704.0,1184.0,506.0,1193.0,508.0
2.0,3366.0,1693.0,1691.0,1704.0,1696.0,1696.0,1184.0,507.0,1183.0,510.0
2.0,3377.0,1713.0,1691.0,1696.0,1713.0,1713.0,1184.0,507.0,1203.0,510.0
2.0,3360.0,1703.0,1692.0,1713.0,1706.0,1706.0,1185.0,507.0,1190.0,513.0
2.0,3370.0,1712.0,1692.0,1706.0,1712.0,1712.0,1185.0,507.0,1200.0,512.0
2.0,3364.0,1695.0,1694.0,1712.0,1701.0,1701.0,1186.0,508.0,1185.0,510.0
2.0,3381.0,1705.0,1694.0,1701.0,1705.0,1705.0,1186.0,508.0,1192.0,513.0
2.0,3377.0,1698.0,1694.0,1705.0,1698.0,1698.0,1186.0,508.0,1184.0,514.0
2.0,3384.0,1704.0,1695.0,1698.0,1707.0,1707.0,1187.0,508.0,1193.0,511.0
2.0,3378.0,1704.0,1696.0,1707.0,1707.0,1707.0,1187.0,509.0,1190.0,514.0
2.0,3381.0,1709.0,1697.0,1707.0,1712.0,1712.0,1188.0,509.0,1199.0,510.0
2.0,3379.0,1703.0,1697.0,1712.0,1703.0,1703.0,1188.0,509.0,1191.0,512.0
2.0,3388.0,1709.0,1699.0,1703.0,1715.0,1715.0,1189.0,510.0,1194.0,515.0
2.0,3382.0,1708.0,1699.0,1715.0,1708.0,1708.0,1189.0,510.0,1194.0,514.0
2.0,3389.0,1713.0,1700.0,1708.0,1716.0,1716.0,1190.0,510.0,1199.0,514.0
2.0,3384.0,1699.0,1700.0,1716.0,1699.0,1699.0,1190.0,510.0,1187.0,512.0
2.0,3401.0,1714.0,1701.0,1699.0,1717.0,1717.0,1190.0,511.0,1203.0,511.0
2.0,3386.0,1705.0,1702.0,1717.0,1708.0,1708.0,1191.0,511.0,1192.0,513.0
2.0,3398.0,1710.0,1702.0,1708.0,1710.0,1710.0,1191.0,511.0,1199.0,511.0
2.0,3396.0,1711.0,1703.0,1710.0,1714.0,1714.0,1192.0,511.0,1194.0,517.0
2.0,3395.0,1721.0,1704.0,1714.0,1724.0,1724.0,1192.0,512.0,1204.0,517.0
2.0,3388.0,1707.0,1704.0,1724.0,1707.0,1707.0,1192.0,512.0,1194.0,513.0
2.0,3405.0,1718.0,1705.0,1707.0,1721.0,1721.0,1193.0,512.0,1202.0,516.0
2.0,3394.0,1729.0,1706.0,1721.0,1732.0,1732.0,1194.0,512.0,1208.0,521.0
2.0,3386.0,1724.0,1706.0,1732.0,1724.0,1724.0,1194.0,512.0,1208.0,516.0
2.0,3394.0,1724.0,1707.0,1724.0,1727.0,1727.0,1194.0,513.0,1205.0,519.0
2.0,3394.0,1725.0,1708.0,1727.0,1728.0,1728.0,1195.0,513.0,1208.0,517.0
2.0,3396.0,1725.0,1708.0,1728.0,1725.0,1725.0,1195.0,513.0,1202.0,523.0
2.0,3399.0,1736.0,1710.0,1725.0,1742.0,1742.0,1196.0,514.0,1216.0,520.0
2.0,3388.0,1732.0,1711.0,1742.0,1735.0,1735.0,1197.0,514.0,1215.0,517.0
2.0,3398.0,1741.0,1711.0,1735.0,1741.0,1741.0,1197.0,514.0,1220.0,521.0
2.0,3392.0,1734.0,1712.0,1741.0,1737.0,1737.0,1198.0,514.0,1214.0,520.0
2.0,3399.0,1743.0,1712.0,1737.0,1743.0,1743.0,1198.0,514.0,1222.0,521.0
2.0,3393.0,1736.0,1713.0,1743.0,1739.0,1739.0,1199.0,514.0,1217.0,519.0
2.0,3400.0,1740.0,1714.0,1739.0,1743.0,1743.0,1199.0,515.0,1219.0,521.0
2.0,3399.0,1744.0,1715.0,1743.0,1747.0,1747.0,1200.0,515.0,1223.0,521.0
2.0,3398.0,1742.0,1715.0,1747.0,1742.0,1742.0,1200.0,515.0,1224.0,518.0
2.0,3403.0,1741.0,1716.0,1742.0,1744.0,1744.0,1201.0,515.0,1223.0,518.0
2.0,3404.0,1750.0,1716.0,1744.0,1750.0,1750.0,1201.0,515.0,1232.0,518.0
2.0,3398.0,1751.0,1717.0,1750.0,1754.0,1754.0,1202.0,515.0,1227.0,524.0
2.0,3397.0,1748.0,1718.0,1754.0,1751.0,1751.0,1203.0,515.0,1229.0,519.0
2.0,3403.0,1749.0,1718.0,1751.0,1749.0,1749.0,1203.0,515.0,1231.0,518.0
2.0,3405.0,1741.0,1720.0,1749.0,1747.0,1747.0,1204.0,516.0,1219.0,522.0
2.0,3413.0,1752.0,1721.0,1747.0,1755.0,1755.0,1205.0,516.0,1230.0,522.0
2.0,3408.0,1746.0,1721.0,1755.0,1746.0,1746.0,1205.0,516.0,1226.0,520.0
2.0,3417.0,1744.0,1722.0,1746.0,1747.0,1747.0,1206.0,516.0,1225.0,519.0
2.0,3419.0,1737.0,1722.0,1747.0,1737.0,1737.0,1206.0,516.0,1219.0,518.0
2.0,3429.0,1751.0,1722.0,1737.0,1751.0,1751.0,1206.0,516.0,1227.0,524.0
2.0,3415.0,1750.0,1723.0,1751.0,1753.0,1753.0,1207.0,516.0,1230.0,520.0
2.0,3416.0,1735.0,1723.0,1753.0,1735.0,1735.0,1207.0,516.0,1218.0,517.0
2.0,3434.0,1742.0,1724.0,1735.0,1745.0,1745.0,1208.0,516.0,1225.0,517.0
2.0,3427.0,1738.0,1725.0,1745.0,1741.0,1741.0,1209.0,516.0,1221.0,517.0
2.0,3434.0,1740.0,1726.0,1741.0,1743.0,1743.0,1209.0,517.0,1218.0,522.0
2.0,3435.0,1736.0,1727.0,1743.0,1739.0,1739.0,1210.0,517.0,1219.0,517.0
2.0,3442.0,1738.0,1727.0,1739.0,1738.0,1738.0,1210.0,517.0,1221.0,517.0
2.0,3443.0,1737.0,1728.0,1738.0,1740.0,1740.0,1211.0,517.0,1213.0,524.0
2.0,3444.0,1731.0,1728.0,1740.0,1731.0,1731.0,1211.0,517.0,1212.0,519.0
2.0,3453.0,1735.0,1728.0,1731.0,1735.0,1735.0,1211.0,517.0,1219.0,516.0
2.0,3449.0,1730.0,1730.0,1735.0,1736.0,1736.0,1212.0,518.0,1209.0,521.0
2.0,3454.0,1731.0,1730.0,1736.0,1731.0,1731.0,1212.0,518.0,1211.0,520.0
2.0,3459.0,1731.0,1731.0,1731.0,1734.0,1734.0,1213.0,518.0,1214.0,517.0
2.0,3459.0,1732.0,1731.0,1734.0,1732.0,1732.0,1213.0,518.0,1211.0,521.0
2.0,3461.0,1732.0,1731.0,1732.0,1732.0,1732.0,1213.0,518.0,1210.0,522.0
2.0,3461.0,1734.0,1732.0,1732.0,1737.0,1737.0,1214.0,518.0,1213.0,521.0
2.0,3459.0,1739.0,1733.0,1737.0,1742.0,1742.0,1214.0,519.0,1217.0,522.0
2.0,3457.0,1740.0,1734.0,1742.0,1743.0,1743.0,1215.0,519.0,1218.0,522.0
2.0,3459.0,1738.0,1734.0,1743.0,1738.0,1738.0,1215.0,519.0,1217.0,521.0
2.0,3464.0,1737.0,1734.0,1738.0,1737.0,1737.0,1215.0,519.0,1212.0,525.0
2.0,3465.0,1733.0,1735.0,1737.0,1736.0,1736.0,1216.0,519.0,1211.0,522.0
2.0,3469.0,1741.0,1736.0,1736.0,1744.0,1744.0,1216.0,520.0,1213.0,528.0
2.0,3464.0,1748.0,1736.0,1744.0,1748.0,1748.0,1216.0,520.0,1222.0,526.0
2.0,3460.0,1750.0,1737.0,1748.0,1753.0,1753.0,1217.0,520.0,1221.0,529.0
2.0,3458.0,1754.0,1737.0,1753.0,1754.0,1754.0,1217.0,520.0,1224.0,530.0
2.0,3457.0,1749.0,1739.0,1754.0,1755.0,1755.0,1218.0,521.0,1223.0,526.0
2.0,3462.0,1752.0,1739.0,1755.0,1752.0,1752.0,1218.0,521.0,1226.0,526.0
2.0,3465.0,1745.0,1740.0,1752.0,1748.0,1748.0,1219.0,521.0,1216.0,529.0
2.0,3472.0,1757.0,1740.0,1748.0,1757.0,1757.0,1219.0,521.0,1228.0,529.0
2.0,3463.0,1759.0,1740.0,1757.0,1759.0,1759.0,1219.0,521.0,1231.0,528.0
2.0,3461.0,1772.0,1742.0,1759.0,1778.0,1778.0,1220.0,522.0,1240.0,532.0
2.0,3448.0,1769.0,1743.0,1778.0,1772.0,1772.0,1221.0,522.0,1238.0,531.0
2.0,3457.0,1778.0,1743.0,1772.0,1778.0,1778.0,1221.0,522.0,1242.0,536.0
2.0,3451.0,1773.0,1744.0,1778.0,1776.0,1776.0,1222.0,522.0,1238.0,535.0
2.0,3456.0,1775.0,1745.0,1776.0,1778.0,1778.0,1222.0,523.0,1241.0,534.0
2.0,3457.0,1769.0,1746.0,1778.0,1772.0,1772.0,1223.0,523.0,1238.0,531.0
2.0,3466.0,1781.0,1746.0,1772.0,1781.0,1781.0,1223.0,523.0,1248.0,533.0
2.0,3457.0,1779.0,1747.0,1781.0,1782.0,1782.0,1224.0,523.0,1246.0,533.0
2.0,3459.0,1778.0,1748.0,1782.0,1781.0,1781.0,1224.0,524.0,1247.0,531.0
2.0,3463.0,1783.0,1749.0,1781.0,1786.0,1786.0,1225.0,524.0,1249.0,534.0
2.0,3461.0,1778.0,1749.0,1786.0,1778.0,1778.0,1225.0,524.0,1242.0,536.0
2.0,3469.0,1781.0,1750.0,1778.0,1784.0,1784.0,1226.0,524.0,1250.0,531.0
2.0,3466.0,1777.0,1751.0,1784.0,1780.0,1780.0,1226.0,525.0,1244.0,533.0
2.0,3473.0,1789.0,1751.0,1780.0,1789.0,1789.0,1226.0,525.0,1254.0,535.0
2.0,3464.0,1783.0,1752.0,1789.0,1786.0,1786.0,1227.0,525.0,1245.0,538.0
2.0,3470.0,1782.0,1753.0,1786.0,1785.0,1785.0,1227.0,526.0,1249.0,533.0
2.0,3474.0,1779.0,1753.0,1785.0,1779.0,1779.0,1227.0,526.0,1244.0,535.0
2.0,3480.0,1785.0,1754.0,1779.0,1788.0,1788.0,1228.0,526.0,1248.0,537.0
2.0,3474.0,1789.0,1754.0,1788.0,1789.0,1789.0,1228.0,526.0,1255.0,534.0
2.0,3473.0,1780.0,1756.0,1789.0,1786.0,1786.0,1229.0,527.0,1245.0,535.0
2.0,3482.0,1781.0,1756.0,1786.0,1781.0,1781.0,1229.0,527.0,1250.0,531.0
2.0,3487.0,1783.0,1757.0,1781.0,1786.0,1786.0,1230.0,527.0,1248.0,535.0
2.0,3485.0,1775.0,1757.0,1786.0,1775.0,1775.0,1230.0,527.0,1242.0,533.0
2.0,3496.0,1777.0,1758.0,1775.0,1780.0,1780.0,1230.0,528.0,1248.0,529.0
2.0,3494.0,1780.0,1759.0,1780.0,1783.0,1783.0,1231.0,528.0,1249.0,531.0
2.0,3494.0,1776.0,1759.0,1783.0,1776.0,1776.0,1231.0,528.0,1239.0,537.0
2.0,3501.0,1770.0,1760.0,1776.0,1773.0,1773.0,1232.0,528.0,1239.0,531.0
2.0,3507.0,1766.0,1761.0,1773.0,1769.0,1769.0,1232.0,529.0,1236.0,530.0
2.0,3514.0,1764.0,1761.0,1769.0,1764.0,1764.0,1232.0,529.0,1235.0,529.0
2.0,3519.0,1762.0,1762.0,1764.0,1765.0,1765.0,1233.0,529.0,1233.0,529.0
2.0,3521.0,1777.0,1762.0,1765.0,1777.0,1777.0,1233.0,529.0,1244.0,533.0
2.0,3509.0,1759.0,1764.0,1777.0,1765.0,1765.0,1234.0,530.0,1233.0,526.0
2.0,3527.0,1763.0,1764.0,1765.0,1763.0,1763.0,1234.0,530.0,1234.0,529.0
2.0,3529.0,1761.0,1764.0,1763.0,1761.0,1761.0,1234.0,530.0,1233.0,528.0
2.0,3531.0,1760.0,1765.0,1761.0,1763.0,1763.0,1235.0,530.0,1232.0,528.0
2.0,3532.0,1754.0,1765.0,1763.0,1754.0,1754.0,1235.0,530.0,1223.0,531.0
2.0,3541.0,1761.0,1765.0,1754.0,1761.0,1761.0,1235.0,530.0,1231.0,530.0
2.0,3534.0,1779.0,1767.0,1761.0,1785.0,1785.0,1236.0,531.0,1245.0,534.0
2.0,3516.0,1774.0,1768.0,1785.0,1777.0,1777.0,1237.0,531.0,1243.0,531.0
2.0,3527.0,1767.0,1768.0,1777.0,1767.0,1767.0,1237.0,531.0,1238.0,529.0
2.0,3537.0,1772.0,1768.0,1767.0,1772.0,1772.0,1237.0,531.0,1241.0,531.0
2.0,3532.0,1773.0,1769.0,1772.0,1776.0,1776.0,1238.0,531.0,1241.0,532.0
2.0,3531.0,1765.0,1769.0,1776.0,1765.0,1765.0,1238.0,531.0,1234.0,531.0
2.0,3542.0,1779.0,1771.0,1765.0,1785.0,1785.0,1239.0,532.0,1246.0,533.0
2.0,3528.0,1785.0,1772.0,1785.0,1788.0,1788.0,1240.0,532.0,1251.0,534.0
2.0,3528.0,1779.0,1772.0,1788.0,1779.0,1779.0,1240.0,532.0,1248.0,531.0
2.0,3537.0,1771.0,1772.0,1779.0,1771.0,1771.0,1240.0,532.0,1240.0,531.0
2.0,3545.0,1791.0,1773.0,1771.0,1794.0,1794.0,1241.0,532.0,1257.0,534.0
2.0,3525.0,1781.0,1774.0,1794.0,1784.0,1784.0,1242.0,532.0,1247.0,534.0
2.0,3538.0,1790.0,1774.0,1784.0,1790.0,1790.0,1242.0,532.0,1250.0,540.0
2.0,3532.0,1788.0,1775.0,1790.0,1791.0,1791.0,1243.0,532.0,1252.0,536.0
2.0,3534.0,1792.0,1776.0,1791.0,1795.0,1795.0,1243.0,533.0,1255.0,537.0
2.0,3533.0,1802.0,1777.0,1795.0,1805.0,1805.0,1244.0,533.0,1262.0,540.0
2.0,3526.0,1808.0,1777.0,1805.0,1808.0,1808.0,1244.0,533.0,1269.0,539.0
2.0,3523.0,1792.0,1777.0,1808.0,1792.0,1792.0,1244.0,533.0,1256.0,536.0
2.0,3539.0,1807.0,1778.0,1792.0,1810.0,1810.0,1245.0,533.0,1266.0,541.0
2.0,3524.0,1816.0,1778.0,1810.0,1816.0,1816.0,1245.0,533.0,1271.0,545.0
2.0,3518.0,1809.0,1779.0,1816.0,1812.0,1812.0,1246.0,533.0,1270.0,539.0
2.0,3525.0,1818.0,1781.0,1812.0,1824.0,1824.0,1247.0,534.0,1277.0,541.0
2.0,3519.0,1817.0,1781.0,1824.0,1817.0,1817.0,1247.0,534.0,1275.0,542.0
2.0,3526.0,1811.0,1782.0,1817.0,1814.0,1814.0,1248.0,534.0,1270.0,541.0
2.0,3532.0,1816.0,1782.0,1814.0,1816.0,1816.0,1248.0,534.0,1276.0,540.0
2.0,3530.0,1825.0,1783.0,1816.0,1828.0,1828.0,1249.0,534.0,1279.0,546.0
2.0,3521.0,1817.0,1783.0,1828.0,1817.0,1817.0,1249.0,534.0,1273.0,544.0
2.0,3532.0,1811.0,1785.0,1817.0,1817.0,1817.0,1250.0,535.0,1267.0,544.0
2.0,3538.0,1818.0,1785.0,1817.0,1818.0,1818.0,1250.0,535.0,1273.0,545.0
2.0,3537.0,1814.0,1786.0,1818.0,1817.0,1817.0,1251.0,535.0,1270.0,544.0
2.0,3541.0,1830.0,1786.0,1817.0,1830.0,1830.0,1251.0,535.0,1282.0,548.0
2.0,3528.0,1812.0,1787.0,1830.0,1815.0,1815.0,1252.0,535.0,1268.0,544.0
2.0,3546.0,1814.0,1788.0,1815.0,1817.0,1817.0,1252.0,536.0,1267.0,547.0
2.0,3547.0,1816.0,1788.0,1817.0,1816.0,1816.0,1252.0,536.0,1270.0,546.0
2.0,3548.0,1816.0,1789.0,1816.0,1819.0,1819.0,1253.0,536.0,1268.0,548.0
2.0,3548.0,1815.0,1789.0,1819.0,1815.0,1815.0,1253.0,536.0,1269.0,546.0
2.0,3552.0,1809.0,1791.0,1815.0,1815.0,1815.0,1254.0,537.0,1267.0,542.0
2.0,3558.0,1810.0,1791.0,1815.0,1810.0,1810.0,1254.0,537.0,1266.0,544.0
2.0,3563.0,1804.0,1791.0,1810.0,1804.0,1804.0,1254.0,537.0,1263.0,541.0
2.0,3569.0,1813.0,1792.0,1804.0,1816.0,1816.0,1255.0,537.0,1266.0,547.0
2.0,3560.0,1815.0,1792.0,1816.0,1815.0,1815.0,1255.0,537.0,1271.0,544.0
2.0,3561.0,1804.0,1794.0,1815.0,1810.0,1810.0,1256.0,538.0,1261.0,543.0
2.0,3572.0,1806.0,1794.0,1810.0,1806.0,1806.0,1256.0,538.0,1262.0,544.0
2.0,3576.0,1803.0,1795.0,1806.0,1806.0,1806.0,1257.0,538.0,1258.0,545.0
2.0,3579.0,1802.0,1796.0,1806.0,1805.0,1805.0,1257.0,539.0,1258.0,544.0
2.0,3583.0,1798.0,1796.0,1805.0,1798.0,1798.0,1257.0,539.0,1256.0,542.0
2.0,3590.0,1792.0,1797.0,1798.0,1795.0,1795.0,1258.0,539.0,1251.0,541.0
2.0,3596.0,1805.0,1797.0,1795.0,1805.0,1805.0,1258.0,539.0,1261.0,544.0
2.0,3586.0,1800.0,1799.0,1805.0,1806.0,1806.0,1259.0,540.0,1257.0,543.0
2.0,3591.0,1809.0,1799.0,1806.0,1809.0,1809.0,1259.0,540.0,1266.0,543.0
2.0,3588.0,1797.0,1800.0,1809.0,1800.0,1800.0,1260.0,540.0,1249.0,548.0
2.0,3600.0,1810.0,1801.0,1800.0,1813.0,1813.0,1261.0,540.0,1269.0,541.0
2.0,3590.0,1805.0,1802.0,1813.0,1808.0,1808.0,1261.0,541.0,1262.0,543.0
2.0,3598.0,1807.0,1802.0,1808.0,1807.0,1807.0,1261.0,541.0,1265.0,542.0
2.0,3599.0,1800.0,1803.0,1807.0,1803.0,1803.0,1262.0,541.0,1260.0,540.0
2.0,3606.0,1811.0,1803.0,1803.0,1811.0,1811.0,1262.0,541.0,1263.0,548.0
2.0,3598.0,1800.0,1804.0,1811.0,1803.0,1803.0,1262.0,542.0,1258.0,542.0
2.0,3609.0,1816.0,1805.0,1803.0,1819.0,1819.0,1263.0,542.0,1271.0,545.0
2.0,3596.0,1802.0,1805.0,1819.0,1802.0,1802.0,1263.0,542.0,1261.0,541.0
2.0,3613.0,1831.0,1806.0,1802.0,1834.0,1834.0,1264.0,542.0,1283.0,548.0
2.0,3584.0,1819.0,1807.0,1834.0,1822.0,1822.0,1265.0,542.0,1274.0,545.0
2.0,3599.0,1821.0,1808.0,1822.0,1824.0,1824.0,1265.0,543.0,1272.0,549.0
2.0,3600.0,1822.0,1809.0,1824.0,1825.0,1825.0,1266.0,543.0,1277.0,545.0
2.0,3602.0,1830.0,1809.0,1825.0,1830.0,1830.0,1266.0,543.0,1278.0,552.0
2.0,3597.0,1823.0,1811.0,1830.0,1829.0,1829.0,1267.0,544.0,1275.0,548.0
2.0,3604.0,1835.0,1811.0,1829.0,1835.0,1835.0,1267.0,544.0,1285.0,550.0
2.0,3598.0,1825.0,1812.0,1835.0,1828.0,1828.0,1268.0,544.0,1277.0,548.0
2.0,3608.0,1842.0,1812.0,1828.0,1842.0,1842.0,1268.0,544.0,1290.0,552.0
2.0,3594.0,1843.0,1813.0,1842.0,1846.0,1846.0,1269.0,544.0,1293.0,550.0
2.0,3593.0,1843.0,1814.0,1846.0,1846.0,1846.0,1269.0,545.0,1295.0,548.0
2.0,3596.0,1838.0,1815.0,1846.0,1841.0,1841.0,1270.0,545.0,1287.0,551.0
2.0,3604.0,1841.0,1815.0,1841.0,1841.0,1841.0,1270.0,545.0,1292.0,549.0
2.0,3604.0,1840.0,1816.0,1841.0,1843.0,1843.0,1271.0,545.0,1293.0,547.0
2.0,3605.0,1853.0,1816.0,1843.0,1853.0,1853.0,1271.0,545.0,1298.0,555.0
2.0,3595.0,1851.0,1818.0,1853.0,1857.0,1857.0,1272.0,546.0,1298.0,553.0
2.0,3597.0,1851.0,1818.0,1857.0,1851.0,1851.0,1272.0,546.0,1301.0,550.0
2.0,3603.0,1848.0,1818.0,1851.0,1848.0,1848.0,1272.0,546.0,1294.0,554.0
2.0,3606.0,1850.0,1819.0,1848.0,1853.0,1853.0,1273.0,546.0,1295.0,555.0
2.0,3604.0,1857.0,1819.0,1853.0,1857.0,1857.0,1273.0,546.0,1302.0,555.0
2.0,3600.0,1845.0,1821.0,1857.0,1851.0,1851.0,1274.0,547.0,1291.0,554.0
2.0,3612.0,1850.0,1821.0,1851.0,1850.0,1850.0,1274.0,547.0,1295.0,555.0
2.0,3613.0,1842.0,1822.0,1850.0,1845.0,1845.0,1275.0,547.0,1289.0,553.0
2.0,3621.0,1842.0,1822.0,1845.0,1842.0,1842.0,1275.0,547.0,1288.0,554.0
2.0,3624.0,1847.0,1822.0,1842.0,1847.0,1847.0,1275.0,547.0,1295.0,552.0
2.0,3619.0,1839.0,1823.0,1847.0,1842.0,1842.0,1276.0,547.0,1290.0,549.0
2.0,3627.0,1840.0,1823.0,1842.0,1840.0,1840.0,1276.0,547.0,1288.0,552.0
2.0,3629.0,1848.0,1825.0,1840.0,1854.0,1854.0,1277.0,548.0,1294.0,554.0
2.0,3621.0,1838.0,1825.0,1854.0,1838.0,1838.0,1277.0,548.0,1289.0,549.0
2.0,3637.0,1838.0,1825.0,1838.0,1838.0,1838.0,1277.0,548.0,1285.0,553.0
2.0,3637.0,1834.0,1826.0,1838.0,1837.0,1837.0,1278.0,548.0,1284.0,550.0
2.0,3641.0,1838.0,1826.0,1837.0,1838.0,1838.0,1278.0,548.0,1285.0,553.0
2.0,3640.0,1836.0,1826.0,1838.0,1836.0,1836.0,1278.0,548.0,1282.0,554.0
2.0,3642.0,1837.0,1827.0,1836.0,1840.0,1840.0,1279.0,548.0,1287.0,550.0
2.0,3641.0,1842.0,1827.0,1840.0,1842.0,1842.0,1279.0,548.0,1292.0,550.0
2.0,3639.0,1837.0,1829.0,1842.0,1843.0,1843.0,1280.0,549.0,1288.0,549.0
2.0,3644.0,1840.0,1829.0,1843.0,1840.0,1840.0,1280.0,549.0,1288.0,552.0
2.0,3647.0,1833.0,1830.0,1840.0,1836.0,1836.0,1281.0,549.0,1283.0,550.0
2.0,3654.0,1837.0,1830.0,1836.0,1837.0,1837.0,1281.0,549.0,1286.0,551.0
2.0,3653.0,1842.0,1831.0,1837.0,1845.0,1845.0,1282.0,549.0,1289.0,553.0
2.0,3648.0,1834.0,1832.0,1845.0,1837.0,1837.0,1283.0,549.0,1283.0,551.0
2.0,3659.0,1840.0,1833.0,1837.0,1843.0,1843.0,1283.0,550.0,1288.0,552.0
2.0,3656.0,1836.0,1833.0,1843.0,1836.0,1836.0,1283.0,550.0,1283.0,553.0
2.0,3663.0,1840.0,1834.0,1836.0,1843.0,1843.0,1284.0,550.0,1286.0,554.0
2.0,3659.0,1844.0,1835.0,1843.0,1847.0,1847.0,1285.0,550.0,1288.0,556.0
2.0,3658.0,1837.0,1835.0,1847.0,1837.0,1837.0,1285.0,550.0,1286.0,551.0
2.0,3668.0,1850.0,1837.0,1837.0,1856.0,1856.0,1286.0,551.0,1297.0,553.0
2.0,3655.0,1833.0,1837.0,1856.0,1833.0,1833.0,1286.0,551.0,1282.0,551.0
2.0,3678.0,1833.0,1837.0,1833.0,1833.0,1833.0,1286.0,551.0,1281.0,552.0
2.0,3678.0,1848.0,1838.0,1833.0,1851.0,1851.0,1287.0,551.0,1291.0,557.0
2.0,3663.0,1849.0,1838.0,1851.0,1849.0,1849.0,1287.0,551.0,1296.0,553.0
2.0,3665.0,1851.0,1840.0,1849.0,1857.0,1857.0,1288.0,552.0,1293.0,558.0
2.0,3663.0,1859.0,1840.0,1857.0,1859.0,1859.0,1288.0,552.0,1302.0,557.0
2.0,3661.0,1860.0,1841.0,1859.0,1863.0,1863.0,1289.0,552.0,1303.0,557.0
2.0,3660.0,1856.0,1842.0,1863.0,1859.0,1859.0,1290.0,552.0,1299.0,557.0
2.0,3667.0,1854.0,1842.0,1859.0,1854.0,1854.0,1290.0,552.0,1299.0,555.0
2.0,3672.0,1870.0,1843.0,1854.0,1873.0,1873.0,1291.0,552.0,1311.0,559.0
2.0,3656.0,1872.0,1844.0,1873.0,1875.0,1875.0,1291.0,553.0,1313.0,559.0
2.0,3657.0,1870.0,1845.0,1875.0,1873.0,1873.0,1292.0,553.0,1306.0,564.0
2.0,3662.0,1881.0,1845.0,1873.0,1881.0,1881.0,1292.0,553.0,1317.0,564.0
2.0,3654.0,1870.0,1846.0,1881.0,1873.0,1873.0,1293.0,553.0,1307.0,563.0
2.0,3665.0,1874.0,1847.0,1873.0,1877.0,1877.0,1293.0,554.0,1312.0,562.0
2.0,3664.0,1873.0,1847.0,1877.0,1873.0,1873.0,1293.0,554.0,1310.0,563.0
2.0,3668.0,1889.0,1848.0,1873.0,1892.0,1892.0,1294.0,554.0,1323.0,566.0
2.0,3652.0,1886.0,1850.0,1892.0,1892.0,1892.0,1295.0,555.0,1321.0,565.0
2.0,3658.0,1880.0,1850.0,1892.0,1880.0,1880.0,1295.0,555.0,1316.0,564.0
2.0,3670.0,1886.0,1851.0,1880.0,1889.0,1889.0,1296.0,555.0,1318.0,568.0
2.0,3664.0,1888.0,1851.0,1889.0,1888.0,1888.0,1296.0,555.0,1322.0,566.0
2.0,3665.0,1879.0,1852.0,1888.0,1882.0,1882.0,1296.0,556.0,1314.0,565.0
2.0,3674.0,1878.0,1853.0,1882.0,1881.0,1881.0,1297.0,556.0,1317.0,561.0
2.0,3678.0,1893.0,1853.0,1881.0,1893.0,1893.0,1297.0,556.0,1323.0,570.0
2.0,3666.0,1875.0,1853.0,1893.0,1875.0,1875.0,1297.0,556.0,1313.0,562.0
2.0,3684.0,1886.0,1854.0,1875.0,1889.0,1889.0,1298.0,556.0,1321.0,565.0
2.0,3673.0,1874.0,1855.0,1889.0,1877.0,1877.0,1298.0,557.0,1310.0,564.0
2.0,3688.0,1879.0,1856.0,1877.0,1882.0,1882.0,1299.0,557.0,1313.0,566.0
2.0,3686.0,1888.0,1856.0,1882.0,1888.0,1888.0,1299.0,557.0,1320.0,568.0
2.0,3680.0,1874.0,1857.0,1888.0,1877.0,1877.0,1300.0,557.0,1309.0,565.0
2.0,3694.0,1884.0,1858.0,1877.0,1887.0,1887.0,1300.0,558.0,1319.0,565.0
2.0,3687.0,1876.0,1859.0,1887.0,1879.0,1879.0,1301.0,558.0,1313.0,563.0
2.0,3698.0,1882.0,1859.0,1879.0,1882.0,1882.0,1301.0,558.0,1313.0,569.0
2.0,3695.0,1873.0,1859.0,1882.0,1873.0,1873.0,1301.0,558.0,1309.0,564.0
2.0,3704.0,1881.0,1861.0,1873.0,1887.0,1887.0,1302.0,559.0,1316.0,565.0
2.0,3696.0,1875.0,1862.0,1887.0,1878.0,1878.0,1303.0,559.0,1314.0,561.0
2.0,3708.0,1884.0,1862.0,1878.0,1884.0,1884.0,1303.0,559.0,1314.0,570.0
2.0,3702.0,1868.0,1863.0,1884.0,1871.0,1871.0,1304.0,559.0,1306.0,562.0
2.0,3718.0,1876.0,1864.0,1871.0,1879.0,1879.0,1304.0,560.0,1312.0,564.0
2.0,3713.0,1880.0,1865.0,1879.0,1883.0,1883.0,1305.0,560.0,1318.0,562.0
2.0,3712.0,1872.0,1865.0,1883.0,1872.0,1872.0,1305.0,560.0,1307.0,565.0
2.0,3723.0,1870.0,1865.0,1872.0,1870.0,1870.0,1305.0,560.0,1308.0,562.0
2.0,3725.0,1879.0,1867.0,1870.0,1885.0,1885.0,1306.0,561.0,1318.0,561.0
2.0,3716.0,1862.0,1867.0,1885.0,1862.0,1862.0,1306.0,561.0,1305.0,557.0
2.0,3739.0,1859.0,1868.0,1862.0,1862.0,1862.0,1307.0,561.0,1298.0,561.0
2.0,3742.0,1871.0,1868.0,1862.0,1871.0,1871.0,1307.0,561.0,1311.0,560.0
2.0,3733.0,1876.0,1869.0,1871.0,1879.0,1879.0,1308.0,561.0,1312.0,564.0
2.0,3728.0,1878.0,1870.0,1879.0,1881.0,1881.0,1308.0,562.0,1315.0,563.0
2.0,3729.0,1868.0,1871.0,1881.0,1871.0,1871.0,1309.0,562.0,1309.0,559.0
2.0,3742.0,1874.0,1871.0,1871.0,1874.0,1874.0,1309.0,562.0,1315.0,559.0
2.0,3739.0,1876.0,1872.0,1874.0,1879.0,1879.0,1310.0,562.0,1317.0,559.0
2.0,3737.0,1880.0,1872.0,1879.0,1880.0,1880.0,1310.0,562.0,1317.0,563.0
2.0,3736.0,1879.0,1873.0,1880.0,1882.0,1882.0,1311.0,562.0,1316.0,563.0
2.0,3737.0,1881.0,1874.0,1882.0,1884.0,1884.0,1312.0,562.0,1318.0,563.0
2.0,3738.0,1884.0,1875.0,1884.0,1887.0,1887.0,1312.0,563.0,1323.0,561.0
2.0,3738.0,1885.0,1876.0,1887.0,1888.0,1888.0,1313.0,563.0,1322.0,563.0
2.0,3740.0,1885.0,1876.0,1888.0,1885.0,1885.0,1313.0,563.0,1323.0,562.0
2.0,3743.0,1883.0,1877.0,1885.0,1886.0,1886.0,1314.0,563.0,1319.0,564.0
2.0,3745.0,1888.0,1877.0,1886.0,1888.0,1888.0,1314.0,563.0,1326.0,562.0
2.0,3743.0,1890.0,1877.0,1888.0,1890.0,1890.0,1314.0,563.0,1321.0,569.0
2.0,3741.0,1899.0,1878.0,1890.0,1902.0,1902.0,1315.0,563.0,1332.0,567.0
2.0,3732.0,1894.0,1879.0,1902.0,1897.0,1897.0,1315.0,564.0,1330.0,564.0
2.0,3740.0,1892.0,1880.0,1897.0,1895.0,1895.0,1316.0,564.0,1328.0,564.0
2.0,3745.0,1901.0,1880.0,1895.0,1901.0,1901.0,1316.0,564.0,1334.0,567.0
2.0,3739.0,1897.0,1880.0,1901.0,1897.0,1897.0,1316.0,564.0,1329.0,568.0
2.0,3743.0,1898.0,1881.0,1897.0,1901.0,1901.0,1317.0,564.0,1327.0,571.0
2.0,3742.0,1912.0,1881.0,1901.0,1912.0,1912.0,1317.0,564.0,1338.0,574.0
2.0,3731.0,1919.0,1882.0,1912.0,1922.0,1922.0,1318.0,564.0,1348.0,571.0
2.0,3724.0,1898.0,1882.0,1922.0,1898.0,1898.0,1318.0,564.0,1330.0,568.0
2.0,3748.0,1906.0,1882.0,1898.0,1906.0,1906.0,1318.0,564.0,1336.0,570.0
2.0,3740.0,1918.0,1884.0,1906.0,1924.0,1924.0,1319.0,565.0,1344.0,574.0
2.0,3728.0,1910.0,1884.0,1924.0,1910.0,1910.0,1319.0,565.0,1337.0,573.0
2.0,3742.0,1924.0,1885.0,1910.0,1927.0,1927.0,1320.0,565.0,1351.0,573.0
2.0,3728.0,1916.0,1885.0,1927.0,1916.0,1916.0,1320.0,565.0,1341.0,575.0
2.0,3739.0,1910.0,1886.0,1916.0,1913.0,1913.0,1321.0,565.0,1336.0,574.0
2.0,3745.0,1928.0,1886.0,1913.0,1928.0,1928.0,1321.0,565.0,1353.0,575.0
2.0,3730.0,1913.0,1888.0,1928.0,1919.0,1919.0,1322.0,566.0,1336.0,577.0
2.0,3745.0,1912.0,1888.0,1919.0,1912.0,1912.0,1322.0,566.0,1338.0,574.0
2.0,3752.0,1919.0,1889.0,1912.0,1922.0,1922.0,1323.0,566.0,1343.0,576.0
2.0,3745.0,1918.0,1889.0,1922.0,1918.0,1918.0,1323.0,566.0,1343.0,575.0
2.0,3749.0,1914.0,1890.0,1918.0,1917.0,1917.0,1324.0,566.0,1339.0,575.0
2.0,3753.0,1910.0,1891.0,1917.0,1913.0,1913.0,1324.0,567.0,1336.0,574.0
2.0,3760.0,1916.0,1892.0,1913.0,1919.0,1919.0,1325.0,567.0,1341.0,575.0
2.0,3757.0,1919.0,1892.0,1919.0,1919.0,1919.0,1325.0,567.0,1338.0,581.0
2.0,3757.0,1916.0,1893.0,1919.0,1919.0,1919.0,1326.0,567.0,1340.0,576.0
2.0,3760.0,1909.0,1893.0,1919.0,1909.0,1909.0,1326.0,567.0,1336.0,573.0
2.0,3770.0,1909.0,1895.0,1909.0,1915.0,1915.0,1327.0,568.0,1333.0,576.0
2.0,3770.0,1920.0,1895.0,1915.0,1920.0,1920.0,1327.0,568.0,1342.0,578.0
2.0,3765.0,1914.0,1896.0,1920.0,1917.0,1917.0,1328.0,568.0,1336.0,578.0
2.0,3771.0,1914.0,1896.0,1917.0,1914.0,1914.0,1328.0,568.0,1338.0,576.0
2.0,3774.0,1910.0,1898.0,1914.0,1916.0,1916.0,1329.0,569.0,1335.0,575.0
2.0,3778.0,1908.0,1898.0,1916.0,1908.0,1908.0,1329.0,569.0,1332.0,576.0
2.0,3786.0,1916.0,1898.0,1908.0,1916.0,1916.0,1329.0,569.0,1338.0,578.0
2.0,3778.0,1921.0,1899.0,1916.0,1924.0,1924.0,1330.0,569.0,1344.0,577.0
2.0,3773.0,1921.0,1901.0,1924.0,1927.0,1927.0,1331.0,570.0,1342.0,579.0
2.0,3776.0,1917.0,1901.0,1927.0,1917.0,1917.0,1331.0,570.0,1341.0,576.0
2.0,3786.0,1914.0,1902.0,1917.0,1917.0,1917.0,1332.0,570.0,1339.0,575.0
2.0,3789.0,1911.0,1904.0,1917.0,1917.0,1917.0,1333.0,571.0,1337.0,574.0
2.0,3795.0,1913.0,1904.0,1917.0,1913.0,1913.0,1333.0,571.0,1337.0,576.0
2.0,3799.0,1918.0,1905.0,1913.0,1921.0,1921.0,1334.0,571.0,1341.0,577.0
2.0,3794.0,1918.0,1905.0,1921.0,1918.0,1918.0,1334.0,571.0,1345.0,573.0
2.0,3797.0,1922.0,1907.0,1918.0,1928.0,1928.0,1335.0,572.0,1344.0,578.0
2.0,3793.0,1923.0,1907.0,1928.0,1923.0,1923.0,1335.0,572.0,1345.0,578.0
2.0,3798.0,1915.0,1908.0,1923.0,1918.0,1918.0,1336.0,572.0,1343.0,572.0
2.0,3806.0,1916.0,1909.0,1918.0,1919.0,1919.0,1336.0,573.0,1344.0,572.0
2.0,3808.0,1929.0,1910.0,1919.0,1932.0,1932.0,1337.0,573.0,1353.0,576.0
2.0,3798.0,1915.0,1910.0,1932.0,1915.0,1915.0,1337.0,573.0,1342.0,573.0
2.0,3815.0,1933.0,1911.0,1915.0,1936.0,1936.0,1338.0,573.0,1355.0,578.0
2.0,3797.0,1915.0,1912.0,1936.0,1918.0,1918.0,1338.0,574.0,1339.0,576.0
2.0,3818.0,1914.0,1913.0,1918.0,1917.0,1917.0,1339.0,574.0,1344.0,570.0
2.0,3822.0,1931.0,1913.0,1917.0,1931.0,1931.0,1339.0,574.0,1353.0,578.0
2.0,3808.0,1937.0,1914.0,1931.0,1940.0,1940.0,1340.0,574.0,1356.0,581.0
2.0,3802.0,1928.0,1914.0,1940.0,1928.0,1928.0,1340.0,574.0,1352.0,576.0
2.0,3814.0,1929.0,1916.0,1928.0,1935.0,1935.0,1341.0,575.0,1350.0,579.0
2.0,3813.0,1930.0,1916.0,1935.0,1930.0,1930.0,1341.0,575.0,1353.0,577.0
2.0,3818.0,1933.0,1917.0,1930.0,1936.0,1936.0,1342.0,575.0,1350.0,583.0
2.0,3815.0,1932.0,1917.0,1936.0,1932.0,1932.0,1342.0,575.0,1355.0,577.0
2.0,3819.0,1933.0,1919.0,1932.0,1939.0,1939.0,1343.0,576.0,1355.0,578.0
2.0,3818.0,1932.0,1919.0,1939.0,1932.0,1932.0,1343.0,576.0,1352.0,580.0
2.0,3825.0,1934.0,1919.0,1932.0,1934.0,1934.0,1343.0,576.0,1356.0,578.0
2.0,3823.0,1937.0,1920.0,1934.0,1940.0,1940.0,1344.0,576.0,1355.0,582.0
2.0,3820.0,1947.0,1920.0,1940.0,1947.0,1947.0,1344.0,576.0,1363.0,584.0
2.0,3813.0,1941.0,1921.0,1947.0,1944.0,1944.0,1344.0,577.0,1358.0,583.0
2.0,3819.0,1934.0,1922.0,1944.0,1937.0,1937.0,1345.0,577.0,1352.0,582.0
2.0,3829.0,1935.0,1922.0,1937.0,1935.0,1935.0,1345.0,577.0,1351.0,584.0
2.0,3831.0,1930.0,1922.0,1935.0,1930.0,1930.0,1345.0,577.0,1352.0,578.0
2.0,3836.0,1950.0,1922.0,1930.0,1950.0,1950.0,1345.0,577.0,1367.0,583.0
2.0,3816.0,1942.0,1922.0,1950.0,1942.0,1942.0,1345.0,577.0,1356.0,586.0
2.0,3824.0,1947.0,1924.0,1942.0,1953.0,1953.0,1346.0,578.0,1362.0,585.0
2.0,3819.0,1941.0,1924.0,1953.0,1941.0,1941.0,1346.0,578.0,1359.0,582.0
2.0,3831.0,1957.0,1925.0,1941.0,1960.0,1960.0,1347.0,578.0,1373.0,584.0
2.0,3815.0,1943.0,1925.0,1960.0,1943.0,1943.0,1347.0,578.0,1361.0,582.0
2.0,3832.0,1939.0,1926.0,1943.0,1942.0,1942.0,1348.0,578.0,1355.0,584.0
2.0,3836.0,1950.0,1926.0,1942.0,1950.0,1950.0,1348.0,578.0,1360.0,590.0
2.0,3828.0,1944.0,1927.0,1950.0,1947.0,1947.0,1348.0,579.0,1359.0,585.0
2.0,3834.0,1946.0,1928.0,1947.0,1949.0,1949.0,1349.0,579.0,1362.0,584.0
2.0,3835.0,1952.0,1928.0,1949.0,1952.0,1952.0,1349.0,579.0,1366.0,586.0
2.0,3832.0,1952.0,1929.0,1952.0,1955.0,1955.0,1350.0,579.0,1370.0,582.0
2.0,3832.0,1945.0,1930.0,1955.0,1948.0,1948.0,1351.0,579.0,1360.0,585.0
2.0,3842.0,1947.0,1930.0,1948.0,1947.0,1947.0,1351.0,579.0,1363.0,584.0
2.0,3843.0,1940.0,1930.0,1947.0,1940.0,1940.0,1351.0,579.0,1357.0,583.0
2.0,3850.0,1955.0,1932.0,1940.0,1961.0,1961.0,1352.0,580.0,1370.0,585.0
2.0,3835.0,1946.0,1933.0,1961.0,1949.0,1949.0,1353.0,580.0,1366.0,580.0
2.0,3850.0,1947.0,1933.0,1949.0,1947.0,1947.0,1353.0,580.0,1365.0,582.0
2.0,3852.0,1939.0,1934.0,1947.0,1942.0,1942.0,1354.0,580.0,1356.0,583.0
2.0,3860.0,1944.0,1934.0,1942.0,1944.0,1944.0,1354.0,580.0,1363.0,581.0
2.0,3858.0,1931.0,1934.0,1944.0,1931.0,1931.0,1354.0,580.0,1350.0,581.0
2.0,3871.0,1949.0,1934.0,1931.0,1949.0,1949.0,1354.0,580.0,1363.0,586.0
2.0,3853.0,1948.0,1935.0,1949.0,1951.0,1951.0,1355.0,580.0,1368.0,580.0
2.0,3854.0,1947.0,1936.0,1951.0,1950.0,1950.0,1356.0,580.0,1367.0,580.0
2.0,3858.0,1949.0,1937.0,1950.0,1952.0,1952.0,1356.0,581.0,1366.0,583.0
2.0,3859.0,1950.0,1938.0,1952.0,1953.0,1953.0,1357.0,581.0,1368.0,582.0
2.0,3861.0,1957.0,1938.0,1953.0,1957.0,1957.0,1357.0,581.0,1373.0,584.0
2.0,3857.0,1939.0,1938.0,1957.0,1939.0,1939.0,1357.0,581.0,1356.0,583.0
2.0,3875.0,1955.0,1939.0,1939.0,1958.0,1958.0,1358.0,581.0,1371.0,584.0
2.0,3859.0,1958.0,1940.0,1958.0,1961.0,1961.0,1359.0,581.0,1372.0,586.0
2.0,3859.0,1940.0,1941.0,1961.0,1943.0,1943.0,1359.0,582.0,1359.0,581.0
2.0,3880.0,1957.0,1941.0,1943.0,1957.0,1957.0,1359.0,582.0,1372.0,585.0
2.0,3866.0,1946.0,1942.0,1957.0,1949.0,1949.0,1360.0,582.0,1360.0,586.0
2.0,3877.0,1956.0,1942.0,1949.0,1956.0,1956.0,1360.0,582.0,1364.0,592.0
2.0,3870.0,1952.0,1942.0,1956.0,1952.0,1952.0,1360.0,582.0,1366.0,586.0
2.0,3874.0,1949.0,1944.0,1952.0,1955.0,1955.0,1361.0,583.0,1360.0,589.0
2.0,3877.0,1955.0,1944.0,1955.0,1955.0,1955.0,1361.0,583.0,1369.0,586.0
2.0,3877.0,1964.0,1944.0,1955.0,1964.0,1964.0,1361.0,583.0,1373.0,591.0
2.0,3868.0,1968.0,1945.0,1964.0,1971.0,1971.0,1362.0,583.0,1377.0,591.0
2.0,3864.0,1958.0,1946.0,1971.0,1961.0,1961.0,1362.0,584.0,1370.0,588.0
2.0,3877.0,1973.0,1947.0,1961.0,1976.0,1976.0,1363.0,584.0,1383.0,590.0
2.0,3865.0,1974.0,1947.0,1976.0,1974.0,1974.0,1363.0,584.0,1380.0,594.0
2.0,3867.0,1969.0,1948.0,1974.0,1972.0,1972.0,1364.0,584.0,1377.0,592.0
2.0,3872.0,1965.0,1949.0,1972.0,1968.0,1968.0,1364.0,585.0,1375.0,590.0
2.0,3879.0,1968.0,1949.0,1968.0,1968.0,1968.0,1364.0,585.0,1373.0,595.0
2.0,3879.0,1970.0,1950.0,1968.0,1973.0,1973.0,1365.0,585.0,1375.0,595.0
2.0,3877.0,1971.0,1950.0,1973.0,1971.0,1971.0,1365.0,585.0,1377.0,594.0
2.0,3879.0,1971.0,1951.0,1971.0,1974.0,1974.0,1365.0,586.0,1375.0,596.0
2.0,3879.0,1968.0,1952.0,1974.0,1971.0,1971.0,1366.0,586.0,1371.0,597.0
2.0,3885.0,1987.0,1952.0,1971.0,1987.0,1987.0,1366.0,586.0,1387.0,600.0
2.0,3869.0,1983.0,1953.0,1987.0,1986.0,1986.0,1367.0,586.0,1386.0,597.0
2.0,3873.0,1982.0,1955.0,1986.0,1988.0,1988.0,1368.0,587.0,1383.0,599.0
2.0,3877.0,1984.0,1955.0,1988.0,1984.0,1984.0,1368.0,587.0,1387.0,597.0
2.0,3881.0,1984.0,1956.0,1984.0,1987.0,1987.0,1369.0,587.0,1386.0,598.0
2.0,3881.0,1984.0,1957.0,1987.0,1987.0,1987.0,1369.0,588.0,1385.0,599.0
2.0,3884.0,1989.0,1958.0,1987.0,1992.0,1992.0,1370.0,588.0,1393.0,596.0
2.0,3882.0,1995.0,1958.0,1992.0,1995.0,1995.0,1370.0,588.0,1393.0,602.0
2.0,3879.0,1985.0,1960.0,1995.0,1991.0,1991.0,1371.0,589.0,1388.0,597.0
2.0,3889.0,1987.0,1960.0,1991.0,1987.0,1987.0,1371.0,589.0,1390.0,597.0
2.0,3893.0,1981.0,1961.0,1987.0,1984.0,1984.0,1372.0,589.0,1383.0,598.0
2.0,3899.0,1989.0,1961.0,1984.0,1989.0,1989.0,1372.0,589.0,1393.0,596.0
2.0,3894.0,1990.0,1962.0,1989.0,1993.0,1993.0,1373.0,589.0,1397.0,593.0
2.0,3893.0,1991.0,1964.0,1993.0,1997.0,1997.0,1374.0,590.0,1396.0,595.0
2.0,3895.0,1986.0,1964.0,1997.0,1986.0,1986.0,1374.0,590.0,1392.0,594.0
2.0,3906.0,1988.0,1965.0,1986.0,1991.0,1991.0,1375.0,590.0,1394.0,594.0
2.0,3904.0,1988.0,1965.0,1991.0,1988.0,1988.0,1375.0,590.0,1389.0,599.0
2.0,3907.0,1981.0,1966.0,1988.0,1984.0,1984.0,1376.0,590.0,1388.0,593.0
2.0,3914.0,1985.0,1967.0,1984.0,1988.0,1988.0,1376.0,591.0,1390.0,595.0
2.0,3913.0,1984.0,1968.0,1988.0,1987.0,1987.0,1377.0,591.0,1392.0,592.0
2.0,3917.0,1992.0,1968.0,1987.0,1992.0,1992.0,1377.0,591.0,1396.0,596.0
2.0,3912.0,1983.0,1969.0,1992.0,1986.0,1986.0,1378.0,591.0,1387.0,596.0
2.0,3921.0,1985.0,1970.0,1986.0,1988.0,1988.0,1378.0,592.0,1391.0,594.0
2.0,3922.0,1999.0,1971.0,1988.0,2002.0,2002.0,1379.0,592.0,1401.0,598.0
2.0,3911.0,1976.0,1972.0,2002.0,1979.0,1979.0,1380.0,592.0,1385.0,591.0
2.0,3937.0,1981.0,1972.0,1979.0,1981.0,1981.0,1380.0,592.0,1384.0,597.0
2.0,3935.0,1976.0,1973.0,1981.0,1979.0,1979.0,1380.0,593.0,1387.0,589.0
2.0,3940.0,1976.0,1974.0,1979.0,1979.0,1979.0,1381.0,593.0,1385.0,591.0
2.0,3943.0,1984.0,1974.0,1979.0,1984.0,1984.0,1381.0,593.0,1391.0,593.0
2.0,3938.0,1979.0,1975.0,1984.0,1982.0,1982.0,1382.0,593.0,1388.0,591.0
2.0,3943.0,1985.0,1975.0,1982.0,1985.0,1985.0,1382.0,593.0,1389.0,596.0
2.0,3940.0,1980.0,1976.0,1985.0,1983.0,1983.0,1383.0,593.0,1388.0,592.0
2.0,3945.0,1982.0,1977.0,1983.0,1985.0,1985.0,1383.0,594.0,1389.0,593.0
2.0,3946.0,1980.0,1977.0,1985.0,1980.0,1980.0,1383.0,594.0,1388.0,592.0
2.0,3951.0,1974.0,1978.0,1980.0,1977.0,1977.0,1384.0,594.0,1382.0,592.0
2.0,3957.0,1979.0,1978.0,1977.0,1979.0,1979.0,1384.0,594.0,1386.0,593.0
2.0,3955.0,1989.0,1979.0,1979.0,1992.0,1992.0,1385.0,594.0,1396.0,593.0
2.0,3945.0,1996.0,1979.0,1992.0,1996.0,1996.0,1385.0,594.0,1401.0,595.0
2.0,3941.0,1992.0,1980.0,1996.0,1995.0,1995.0,1386.0,594.0,1395.0,597.0
2.0,3945.0,1993.0,1982.0,1995.0,1999.0,1999.0,1387.0,595.0,1398.0,595.0
2.0,3947.0,1986.0,1982.0,1999.0,1986.0,1986.0,1387.0,595.0,1392.0,594.0
2.0,3960.0,1986.0,1982.0,1986.0,1986.0,1986.0,1387.0,595.0,1390.0,596.0
2.0,3960.0,1992.0,1983.0,1986.0,1995.0,1995.0,1388.0,595.0,1396.0,596.0
2.0,3954.0,1993.0,1983.0,1995.0,1993.0,1993.0,1388.0,595.0,1393.0,600.0
2.0,3956.0,1999.0,1983.0,1993.0,1999.0,1999.0,1388.0,595.0,1395.0,604.0
2.0,3950.0,1994.0,1984.0,1999.0,1997.0,1997.0,1389.0,595.0,1394.0,600.0
2.0,3955.0,2000.0,1985.0,1997.0,2003.0,2003.0,1389.0,596.0,1400.0,600.0
2.0,3952.0,1999.0,1986.0,2003.0,2002.0,2002.0,1390.0,596.0,1398.0,601.0
2.0,3956.0,2006.0,1986.0,2002.0,2006.0,2006.0,1390.0,596.0,1408.0,598.0
2.0,3952.0,1997.0,1986.0,2006.0,1997.0,1997.0,1390.0,596.0,1395.0,602.0
2.0,3961.0,2008.0,1987.0,1997.0,2011.0,2011.0,1391.0,596.0,1402.0,606.0
2.0,3950.0,1994.0,1987.0,2011.0,1994.0,1994.0,1391.0,596.0,1392.0,602.0
2.0,3967.0,2010.0,1988.0,1994.0,2013.0,2013.0,1392.0,596.0,1405.0,605.0
2.0,3951.0,2016.0,1989.0,2013.0,2019.0,2019.0,1392.0,597.0,1409.0,607.0
2.0,3948.0,2017.0,1990.0,2019.0,2020.0,2020.0,1393.0,597.0,1411.0,606.0
2.0,3950.0,2019.0,1990.0,2020.0,2019.0,2019.0,1393.0,597.0,1413.0,606.0
2.0,3951.0,2020.0,1991.0,2019.0,2023.0,2023.0,1394.0,597.0,1415.0,605.0
2.0,3950.0,2024.0,1991.0,2023.0,2024.0,2024.0,1394.0,597.0,1415.0,609.0
2.0,3949.0,2015.0,1992.0,2024.0,2018.0,2018.0,1395.0,597.0,1410.0,605.0
2.0,3958.0,2020.0,1992.0,2018.0,2020.0,2020.0,1395.0,597.0,1416.0,604.0
2.0,3956.0,2025.0,1994.0,2020.0,2031.0,2031.0,1396.0,598.0,1417.0,608.0
2.0,3951.0,2028.0,1994.0,2031.0,2028.0,2028.0,1396.0,598.0,1423.0,605.0
2.0,3954.0,2014.0,1995.0,2028.0,2017.0,2017.0,1397.0,598.0,1406.0,608.0
2.0,3968.0,2027.0,1995.0,2017.0,2027.0,2027.0,1397.0,598.0,1415.0,612.0
2.0,3958.0,2027.0,1997.0,2027.0,2033.0,2033.0,1398.0,599.0,1419.0,608.0
2.0,3958.0,2032.0,1997.0,2033.0,2032.0,2032.0,1398.0,599.0,1422.0,610.0
2.0,3959.0,2021.0,1998.0,2032.0,2024.0,2024.0,1399.0,599.0,1416.0,605.0
2.0,3970.0,2028.0,1998.0,2024.0,2028.0,2028.0,1399.0,599.0,1418.0,610.0
2.0,3966.0,2026.0,2000.0,2028.0,2032.0,2032.0,1400.0,600.0,1418.0,608.0
2.0,3968.0,2025.0,2000.0,2032.0,2025.0,2025.0,1400.0,600.0,1416.0,609.0
2.0,3975.0,2015.0,2001.0,2025.0,2018.0,2018.0,1401.0,600.0,1412.0,603.0
2.0,3985.0,2025.0,2001.0,2018.0,2025.0,2025.0,1401.0,600.0,1418.0,607.0
2.0,3978.0,2025.0,2002.0,2025.0,2028.0,2028.0,1402.0,600.0,1419.0,606.0
2.0,3978.0,2026.0,2003.0,2028.0,2029.0,2029.0,1402.0,601.0,1422.0,604.0
2.0,3980.0,2023.0,2004.0,2029.0,2026.0,2026.0,1403.0,601.0,1418.0,605.0
2.0,3986.0,2021.0,2004.0,2026.0,2021.0,2021.0,1403.0,601.0,1416.0,605.0
2.0,3991.0,2009.0,2004.0,2021.0,2009.0,2009.0,1403.0,601.0,1401.0,608.0
2.0,4003.0,2015.0,2005.0,2009.0,2018.0,2018.0,1404.0,601.0,1410.0,605.0
2.0,3997.0,2019.0,2006.0,2018.0,2022.0,2022.0,1404.0,602.0,1415.0,604.0
2.0,3996.0,2006.0,2007.0,2022.0,2009.0,2009.0,1405.0,602.0,1402.0,604.0
2.0,4012.0,2012.0,2007.0,2009.0,2012.0,2012.0,1405.0,602.0,1406.0,606.0
2.0,4009.0,2018.0,2007.0,2012.0,2018.0,2018.0,1405.0,602.0,1414.0,604.0
2.0,4003.0,2015.0,2009.0,2018.0,2021.0,2021.0,1406.0,603.0,1406.0,609.0
2.0,4006.0,2019.0,2009.0,2021.0,2019.0,2019.0,1406.0,603.0,1414.0,605.0
2.0,4008.0,2020.0,2010.0,2019.0,2023.0,2023.0,1407.0,603.0,1412.0,608.0
2.0,4007.0,2019.0,2011.0,2023.0,2022.0,2022.0,1407.0,604.0,1410.0,609.0
2.0,4011.0,2022.0,2012.0,2022.0,2025.0,2025.0,1408.0,604.0,1415.0,607.0
2.0,4011.0,2021.0,2012.0,2025.0,2021.0,2021.0,1408.0,604.0,1410.0,611.0
2.0,4015.0,2015.0,2012.0,2021.0,2015.0,2015.0,1408.0,604.0,1408.0,607.0
2.0,4021.0,2013.0,2014.0,2015.0,2019.0,2019.0,1409.0,605.0,1405.0,608.0
2.0,4023.0,2022.0,2014.0,2019.0,2022.0,2022.0,1409.0,605.0,1414.0,608.0
2.0,4020.0,2023.0,2014.0,2022.0,2023.0,2023.0,1409.0,605.0,1412.0,611.0
2.0,4019.0,2026.0,2016.0,2023.0,2032.0,2032.0,1410.0,606.0,1413.0,613.0
2.0,4016.0,2029.0,2016.0,2032.0,2029.0,2029.0,1410.0,606.0,1420.0,609.0
2.0,4019.0,2023.0,2017.0,2029.0,2026.0,2026.0,1411.0,606.0,1415.0,608.0
2.0,4025.0,2037.0,2017.0,2026.0,2037.0,2037.0,1411.0,606.0,1425.0,612.0
2.0,4014.0,2030.0,2018.0,2037.0,2033.0,2033.0,1412.0,606.0,1418.0,612.0
2.0,4021.0,2030.0,2019.0,2033.0,2033.0,2033.0,1412.0,607.0,1418.0,612.0
2.0,4024.0,2042.0,2020.0,2033.0,2045.0,2045.0,1413.0,607.0,1428.0,614.0
2.0,4015.0,2041.0,2020.0,2045.0,2041.0,2041.0,1413.0,607.0,1432.0,609.0
2.0,4019.0,2036.0,2021.0,2041.0,2039.0,2039.0,1414.0,607.0,1421.0,615.0
2.0,4024.0,2041.0,2022.0,2039.0,2044.0,2044.0,1414.0,608.0,1426.0,615.0
2.0,4022.0,2050.0,2023.0,2044.0,2053.0,2053.0,1415.0,608.0,1437.0,613.0
2.0,4016.0,2048.0,2024.0,2053.0,2051.0,2051.0,1416.0,608.0,1436.0,612.0
2.0,4021.0,2051.0,2024.0,2051.0,2051.0,2051.0,1416.0,608.0,1433.0,618.0
2.0,4021.0,2044.0,2025.0,2051.0,2047.0,2047.0,1417.0,608.0,1429.0,615.0
2.0,4028.0,2054.0,2026.0,2047.0,2057.0,2057.0,1417.0,609.0,1440.0,614.0
2.0,4021.0,2051.0,2027.0,2057.0,2054.0,2054.0,1418.0,609.0,1437.0,614.0
2.0,4027.0,2061.0,2027.0,2054.0,2061.0,2061.0,1418.0,609.0,1445.0,616.0
2.0,4020.0,2052.0,2028.0,2061.0,2055.0,2055.0,1419.0,609.0,1439.0,613.0
2.0,4029.0,2058.0,2028.0,2055.0,2058.0,2058.0,1419.0,609.0,1442.0,616.0
2.0,4026.0,2048.0,2029.0,2058.0,2051.0,2051.0,1420.0,609.0,1435.0,613.0
2.0,4036.0,2052.0,2030.0,2051.0,2055.0,2055.0,1420.0,610.0,1437.0,615.0
2.0,4035.0,2056.0,2030.0,2055.0,2056.0,2056.0,1420.0,610.0,1444.0,612.0
2.0,4034.0,2058.0,2031.0,2056.0,2061.0,2061.0,1421.0,610.0,1444.0,614.0
2.0,4032.0,2064.0,2032.0,2061.0,2067.0,2067.0,1422.0,610.0,1449.0,615.0
2.0,4029.0,2060.0,2032.0,2067.0,2060.0,2060.0,1422.0,610.0,1445.0,615.0
2.0,4036.0,2048.0,2032.0,2060.0,2048.0,2048.0,1422.0,610.0,1435.0,613.0
2.0,4048.0,2056.0,2033.0,2048.0,2059.0,2059.0,1423.0,610.0,1439.0,617.0
2.0,4040.0,2057.0,2033.0,2059.0,2057.0,2057.0,1423.0,610.0,1443.0,614.0
2.0,4042.0,2051.0,2035.0,2057.0,2057.0,2057.0,1424.0,611.0,1435.0,616.0
2.0,4048.0,2053.0,2035.0,2057.0,2053.0,2053.0,1424.0,611.0,1441.0,612.0
2.0,4052.0,2052.0,2036.0,2053.0,2055.0,2055.0,1425.0,611.0,1437.0,615.0
2.0,4053.0,2056.0,2036.0,2055.0,2056.0,2056.0,1425.0,611.0,1444.0,612.0
2.0,4052.0,2054.0,2036.0,2056.0,2054.0,2054.0,1425.0,611.0,1433.0,621.0
2.0,4054.0,2045.0,2037.0,2054.0,2048.0,2048.0,1426.0,611.0,1434.0,611.0
2.0,4063.0,2043.0,2037.0,2048.0,2043.0,2043.0,1426.0,611.0,1430.0,613.0
2.0,4068.0,2045.0,2038.0,2043.0,2048.0,2048.0,1426.0,612.0,1433.0,612.0
2.0,4066.0,2050.0,2039.0,2048.0,2053.0,2053.0,1427.0,612.0,1438.0,612.0
2.0,4064.0,2045.0,2039.0,2053.0,2045.0,2045.0,1427.0,612.0,1431.0,614.0
2.0,4072.0,2043.0,2040.0,2045.0,2046.0,2046.0,1428.0,612.0,1430.0,613.0
2.0,4074.0,2046.0,2040.0,2046.0,2046.0,2046.0,1428.0,612.0,1432.0,614.0
2.0,4074.0,2048.0,2041.0,2046.0,2051.0,2051.0,1429.0,612.0,1432.0,616.0
2.0,4072.0,2043.0,2042.0,2051.0,2046.0,2046.0,1429.0,613.0,1430.0,613.0
2.0,4080.0,2039.0,2042.0,2046.0,2039.0,2039.0,1429.0,613.0,1424.0,615.0
2.0,4087.0,2038.0,2043.0,2039.0,2041.0,2041.0,1430.0,613.0,1420.0,618.0
2.0,4088.0,2035.0,2043.0,2041.0,2035.0,2035.0,1430.0,613.0,1425.0,610.0
2.0,4094.0,2047.0,2043.0,2035.0,2047.0,2047.0,1430.0,613.0,1426.0,621.0
2.0,4082.0,2051.0,2043.0,2047.0,2051.0,2051.0,1430.0,613.0,1434.0,617.0
2.0,4078.0,2040.0,2044.0,2051.0,2043.0,2043.0,1431.0,613.0,1426.0,614.0
2.0,4089.0,2053.0,2045.0,2043.0,2056.0,2056.0,1431.0,614.0,1434.0,619.0
2.0,4079.0,2052.0,2046.0,2056.0,2055.0,2055.0,1432.0,614.0,1435.0,617.0
2.0,4083.0,2056.0,2046.0,2055.0,2056.0,2056.0,1432.0,614.0,1435.0,621.0
2.0,4082.0,2055.0,2047.0,2056.0,2058.0,2058.0,1433.0,614.0,1438.0,617.0
2.0,4083.0,2063.0,2047.0,2058.0,2063.0,2063.0,1433.0,614.0,1442.0,621.0
2.0,4078.0,2059.0,2049.0,2063.0,2065.0,2065.0,1434.0,615.0,1440.0,619.0
2.0,4082.0,2064.0,2049.0,2065.0,2064.0,2064.0,1434.0,615.0,1443.0,621.0
2.0,4083.0,2065.0,2049.0,2064.0,2065.0,2065.0,1434.0,615.0,1439.0,626.0
2.0,4082.0,2057.0,2050.0,2065.0,2060.0,2060.0,1435.0,615.0,1435.0,622.0
2.0,4090.0,2071.0,2051.0,2060.0,2074.0,2074.0,1435.0,616.0,1447.0,624.0
2.0,4079.0,2075.0,2052.0,2074.0,2078.0,2078.0,1436.0,616.0,1452.0,623.0
2.0,4078.0,2068.0,2052.0,2078.0,2068.0,2068.0,1436.0,616.0,1447.0,621.0
2.0,4088.0,2081.0,2053.0,2068.0,2084.0,2084.0,1437.0,616.0,1452.0,629.0
2.0,4075.0,2084.0,2053.0,2084.0,2084.0,2084.0,1437.0,616.0,1458.0,626.0
2.0,4075.0,2081.0,2055.0,2084.0,2087.0,2087.0,1438.0,617.0,1458.0,623.0
2.0,4078.0,2086.0,2055.0,2087.0,2086.0,2086.0,1438.0,617.0,1462.0,624.0
2.0,4079.0,2097.0,2056.0,2086.0,2100.0,2100.0,1439.0,617.0,1466.0,631.0
2.0,4068.0,2085.0,2056.0,2100.0,2085.0,2085.0,1439.0,617.0,1457.0,628.0
2.0,4083.0,2099.0,2058.0,2085.0,2105.0,2105.0,1440.0,618.0,1473.0,626.0
2.0,4069.0,2100.0,2059.0,2105.0,2103.0,2103.0,1441.0,618.0,1470.0,630.0
2.0,4074.0,2106.0,2059.0,2103.0,2106.0,2106.0,1441.0,618.0,1473.0,633.0
2.0,4071.0,2099.0,2061.0,2106.0,2105.0,2105.0,1442.0,619.0,1467.0,632.0
2.0,4078.0,2100.0,2061.0,2105.0,2100.0,2100.0,1442.0,619.0,1471.0,629.0
2.0,4083.0,2091.0,2062.0,2100.0,2094.0,2094.0,1443.0,619.0,1459.0,632.0
2.0,4092.0,2094.0,2062.0,2094.0,2094.0,2094.0,1443.0,619.0,1466.0,628.0
2.0,4092.0,2083.0,2064.0,2094.0,2089.0,2089.0,1444.0,620.0,1459.0,624.0
2.0,4103.0,2098.0,2064.0,2089.0,2098.0,2098.0,1444.0,620.0,1470.0,628.0
2.0,4094.0,2095.0,2064.0,2098.0,2095.0,2095.0,1444.0,620.0,1462.0,633.0
2.0,4097.0,2090.0,2066.0,2095.0,2096.0,2096.0,1445.0,621.0,1463.0,627.0
2.0,4102.0,2099.0,2066.0,2096.0,2099.0,2099.0,1445.0,621.0,1472.0,627.0
2.0,4099.0,2093.0,2067.0,2099.0,2096.0,2096.0,1446.0,621.0,1466.0,627.0
2.0,4105.0,2097.0,2067.0,2096.0,2097.0,2097.0,1446.0,621.0,1466.0,631.0
2.0,4104.0,2087.0,2068.0,2097.0,2090.0,2090.0,1447.0,621.0,1463.0,624.0
2.0,4114.0,2094.0,2069.0,2090.0,2097.0,2097.0,1447.0,622.0,1467.0,627.0
2.0,4110.0,2083.0,2070.0,2097.0,2086.0,2086.0,1448.0,622.0,1457.0,626.0
2.0,4124.0,2085.0,2070.0,2086.0,2085.0,2085.0,1448.0,622.0,1459.0,626.0
2.0,4125.0,2076.0,2070.0,2085.0,2076.0,2076.0,1448.0,622.0,1453.0,623.0
2.0,4134.0,2085.0,2071.0,2076.0,2088.0,2088.0,1449.0,622.0,1462.0,623.0
2.0,4125.0,2080.0,2073.0,2088.0,2086.0,2086.0,1450.0,623.0,1458.0,622.0
2.0,4133.0,2084.0,2073.0,2086.0,2084.0,2084.0,1450.0,623.0,1463.0,621.0
2.0,4135.0,2069.0,2073.0,2084.0,2069.0,2069.0,1450.0,623.0,1448.0,621.0
2.0,4150.0,2077.0,2074.0,2069.0,2080.0,2080.0,1451.0,623.0,1452.0,625.0
2.0,4142.0,2074.0,2074.0,2080.0,2074.0,2074.0,1451.0,623.0,1453.0,621.0
2.0,4148.0,2078.0,2076.0,2074.0,2084.0,2084.0,1452.0,624.0,1456.0,622.0
2.0,4144.0,2082.0,2076.0,2084.0,2082.0,2082.0,1452.0,624.0,1457.0,625.0
2.0,4146.0,2071.0,2076.0,2082.0,2071.0,2071.0,1452.0,624.0,1448.0,623.0
2.0,4157.0,2078.0,2077.0,2071.0,2081.0,2081.0,1453.0,624.0,1456.0,622.0
2.0,4150.0,2077.0,2078.0,2081.0,2080.0,2080.0,1454.0,624.0,1451.0,626.0
2.0,4154.0,2070.0,2078.0,2080.0,2070.0,2070.0,1454.0,624.0,1449.0,621.0
2.0,4164.0,2078.0,2079.0,2070.0,2081.0,2081.0,1455.0,624.0,1455.0,623.0
2.0,4156.0,2078.0,2080.0,2081.0,2081.0,2081.0,1455.0,625.0,1453.0,625.0
2.0,4159.0,2083.0,2081.0,2081.0,2086.0,2086.0,1456.0,625.0,1462.0,621.0
2.0,4157.0,2087.0,2081.0,2086.0,2087.0,2087.0,1456.0,625.0,1465.0,622.0
2.0,4156.0,2082.0,2082.0,2087.0,2085.0,2085.0,1457.0,625.0,1460.0,622.0
2.0,4161.0,2089.0,2082.0,2085.0,2089.0,2089.0,1457.0,625.0,1464.0,625.0
2.0,4157.0,2100.0,2083.0,2089.0,2103.0,2103.0,1458.0,625.0,1471.0,629.0
2.0,4146.0,2092.0,2083.0,2103.0,2092.0,2092.0,1458.0,625.0,1467.0,625.0
2.0,4157.0,2095.0,2084.0,2092.0,2098.0,2098.0,1459.0,625.0,1466.0,629.0
2.0,4154.0,2095.0,2085.0,2098.0,2098.0,2098.0,1459.0,626.0,1468.0,627.0
2.0,4157.0,2100.0,2086.0,2098.0,2103.0,2103.0,1460.0,626.0,1475.0,625.0
2.0,4155.0,2102.0,2087.0,2103.0,2105.0,2105.0,1461.0,626.0,1471.0,631.0
2.0,4156.0,2112.0,2087.0,2105.0,2112.0,2112.0,1461.0,626.0,1479.0,633.0
2.0,4149.0,2104.0,2088.0,2112.0,2107.0,2107.0,1462.0,626.0,1476.0,628.0
2.0,4157.0,2121.0,2089.0,2107.0,2124.0,2124.0,1463.0,626.0,1485.0,636.0
2.0,4143.0,2119.0,2089.0,2124.0,2119.0,2119.0,1463.0,626.0,1489.0,630.0
2.0,4148.0,2114.0,2090.0,2119.0,2117.0,2117.0,1464.0,626.0,1480.0,634.0
2.0,4153.0,2123.0,2091.0,2117.0,2126.0,2126.0,1464.0,627.0,1490.0,633.0
2.0,4147.0,2116.0,2092.0,2126.0,2119.0,2119.0,1465.0,627.0,1482.0,634.0
2.0,4157.0,2127.0,2092.0,2119.0,2127.0,2127.0,1465.0,627.0,1494.0,633.0
2.0,4149.0,2119.0,2093.0,2127.0,2122.0,2122.0,1466.0,627.0,1485.0,634.0
2.0,4157.0,2135.0,2093.0,2122.0,2135.0,2135.0,1466.0,627.0,1494.0,641.0
2.0,4144.0,2125.0,2094.0,2135.0,2128.0,2128.0,1467.0,627.0,1487.0,638.0
2.0,4154.0,2124.0,2095.0,2128.0,2127.0,2127.0,1467.0,628.0,1486.0,638.0
2.0,4158.0,2134.0,2095.0,2127.0,2134.0,2134.0,1467.0,628.0,1496.0,638.0
2.0,4151.0,2127.0,2096.0,2134.0,2130.0,2130.0,1468.0,628.0,1490.0,637.0
2.0,4158.0,2141.0,2097.0,2130.0,2144.0,2144.0,1469.0,628.0,1498.0,643.0
2.0,4147.0,2119.0,2097.0,2144.0,2119.0,2119.0,1469.0,628.0,1483.0,636.0
2.0,4172.0,2129.0,2097.0,2119.0,2129.0,2129.0,1469.0,628.0,1490.0,639.0
2.0,4162.0,2125.0,2099.0,2129.0,2131.0,2131.0,1470.0,629.0,1486.0,639.0
2.0,4166.0,2132.0,2099.0,2131.0,2132.0,2132.0,1470.0,629.0,1493.0,639.0
2.0,4165.0,2120.0,2100.0,2132.0,2123.0,2123.0,1471.0,629.0,1478.0,642.0
2.0,4177.0,2124.0,2100.0,2123.0,2124.0,2124.0,1471.0,629.0,1485.0,639.0
2.0,4176.0,2134.0,2101.0,2124.0,2137.0,2137.0,1471.0,630.0,1494.0,640.0
2.0,4166.0,2122.0,2102.0,2137.0,2125.0,2125.0,1472.0,630.0,1484.0,638.0
2.0,4181.0,2122.0,2102.0,2125.0,2122.0,2122.0,1472.0,630.0,1485.0,637.0
2.0,4184.0,2119.0,2102.0,2122.0,2119.0,2119.0,1472.0,630.0,1482.0,637.0
2.0,4187.0,2119.0,2103.0,2119.0,2122.0,2122.0,1473.0,630.0,1483.0,636.0
2.0,4187.0,2122.0,2104.0,2122.0,2125.0,2125.0,1473.0,631.0,1482.0,640.0
2.0,4187.0,2108.0,2105.0,2125.0,2111.0,2111.0,1474.0,631.0,1473.0,635.0
2.0,4204.0,2118.0,2105.0,2111.0,2118.0,2118.0,1474.0,631.0,1478.0,640.0
2.0,4197.0,2113.0,2106.0,2118.0,2116.0,2116.0,1475.0,631.0,1478.0,635.0
2.0,4202.0,2114.0,2107.0,2116.0,2117.0,2117.0,1475.0,632.0,1475.0,639.0
2.0,4204.0,2114.0,2107.0,2117.0,2114.0,2114.0,1475.0,632.0,1473.0,641.0
2.0,4207.0,2122.0,2108.0,2114.0,2125.0,2125.0,1476.0,632.0,1484.0,638.0
2.0,4199.0,2119.0,2109.0,2125.0,2122.0,2122.0,1476.0,633.0,1482.0,637.0
2.0,4205.0,2106.0,2110.0,2122.0,2109.0,2109.0,1477.0,633.0,1474.0,632.0
2.0,4221.0,2119.0,2110.0,2109.0,2119.0,2119.0,1477.0,633.0,1482.0,637.0
2.0,4211.0,2111.0,2111.0,2119.0,2114.0,2114.0,1478.0,633.0,1474.0,637.0
2.0,4219.0,2121.0,2112.0,2114.0,2124.0,2124.0,1478.0,634.0,1486.0,635.0
2.0,4212.0,2111.0,2113.0,2124.0,2114.0,2114.0,1479.0,634.0,1474.0,637.0
2.0,4225.0,2117.0,2113.0,2114.0,2117.0,2117.0,1479.0,634.0,1478.0,639.0
2.0,4222.0,2110.0,2114.0,2117.0,2113.0,2113.0,1480.0,634.0,1472.0,638.0
2.0,4229.0,2126.0,2115.0,2113.0,2129.0,2129.0,1480.0,635.0,1488.0,638.0
2.0,4216.0,2124.0,2116.0,2129.0,2127.0,2127.0,1481.0,635.0,1485.0,639.0
2.0,4221.0,2132.0,2116.0,2127.0,2132.0,2132.0,1481.0,635.0,1491.0,641.0
2.0,4216.0,2123.0,2118.0,2132.0,2129.0,2129.0,1482.0,636.0,1484.0,639.0
2.0,4225.0,2123.0,2118.0,2129.0,2123.0,2123.0,1482.0,636.0,1485.0,638.0
2.0,4231.0,2142.0,2119.0,2123.0,2145.0,2145.0,1483.0,636.0,1499.0,643.0
2.0,4212.0,2132.0,2120.0,2145.0,2135.0,2135.0,1483.0,637.0,1495.0,637.0
2.0,4225.0,2131.0,2121.0,2135.0,2134.0,2134.0,1484.0,637.0,1492.0,639.0
2.0,4229.0,2142.0,2121.0,2134.0,2142.0,2142.0,1484.0,637.0,1502.0,640.0
2.0,4221.0,2141.0,2122.0,2142.0,2144.0,2144.0,1485.0,637.0,1498.0,643.0
2.0,4222.0,2148.0,2123.0,2144.0,2151.0,2151.0,1485.0,638.0,1502.0,646.0
2.0,4218.0,2139.0,2124.0,2151.0,2142.0,2142.0,1486.0,638.0,1497.0,642.0
2.0,4230.0,2159.0,2124.0,2142.0,2159.0,2159.0,1486.0,638.0,1514.0,645.0
2.0,4213.0,2157.0,2125.0,2159.0,2160.0,2160.0,1487.0,638.0,1513.0,644.0
2.0,4215.0,2158.0,2126.0,2160.0,2161.0,2161.0,1487.0,639.0,1512.0,646.0
2.0,4217.0,2150.0,2127.0,2161.0,2153.0,2153.0,1488.0,639.0,1508.0,642.0
2.0,4228.0,2153.0,2127.0,2153.0,2153.0,2153.0,1488.0,639.0,1510.0,643.0
2.0,4228.0,2160.0,2128.0,2153.0,2163.0,2163.0,1489.0,639.0,1515.0,645.0
2.0,4221.0,2153.0,2128.0,2163.0,2153.0,2153.0,1489.0,639.0,1506.0,647.0
2.0,4231.0,2165.0,2130.0,2153.0,2171.0,2171.0,1490.0,640.0,1518.0,647.0
2.0,4219.0,2164.0,2130.0,2171.0,2164.0,2164.0,1490.0,640.0,1521.0,643.0
2.0,4226.0,2160.0,2131.0,2164.0,2163.0,2163.0,1491.0,640.0,1516.0,644.0
2.0,4230.0,2158.0,2132.0,2163.0,2161.0,2161.0,1492.0,640.0,1515.0,643.0
2.0,4235.0,2152.0,2132.0,2161.0,2152.0,2152.0,1492.0,640.0,1508.0,644.0
2.0,4244.0,2158.0,2132.0,2152.0,2158.0,2158.0,1492.0,640.0,1508.0,650.0
2.0,4238.0,2160.0,2132.0,2158.0,2160.0,2160.0,1492.0,640.0,1517.0,643.0
2.0,4236.0,2166.0,2133.0,2160.0,2169.0,2169.0,1493.0,640.0,1519.0,647.0
2.0,4230.0,2155.0,2135.0,2169.0,2161.0,2161.0,1494.0,641.0,1510.0,645.0
2.0,4244.0,2152.0,2135.0,2161.0,2152.0,2152.0,1494.0,641.0,1511.0,641.0
2.0,4253.0,2159.0,2135.0,2152.0,2159.0,2159.0,1494.0,641.0,1513.0,646.0
2.0,4246.0,2151.0,2136.0,2159.0,2154.0,2154.0,1495.0,641.0,1509.0,642.0
2.0,4254.0,2149.0,2136.0,2154.0,2149.0,2149.0,1495.0,641.0,1504.0,645.0
2.0,4259.0,2148.0,2136.0,2149.0,2148.0,2148.0,1495.0,641.0,1501.0,647.0
2.0,4260.0,2157.0,2137.0,2148.0,2160.0,2160.0,1496.0,641.0,1512.0,645.0
2.0,4251.0,2154.0,2137.0,2160.0,2154.0,2154.0,1496.0,641.0,1503.0,651.0
2.0,4257.0,2144.0,2139.0,2154.0,2150.0,2150.0,1497.0,642.0,1502.0,642.0
2.0,4267.0,2147.0,2139.0,2150.0,2147.0,2147.0,1497.0,642.0,1505.0,642.0
2.0,4270.0,2135.0,2139.0,2147.0,2135.0,2135.0,1497.0,642.0,1492.0,643.0
2.0,4282.0,2133.0,2140.0,2135.0,2136.0,2136.0,1498.0,642.0,1490.0,643.0
2.0,4284.0,2151.0,2140.0,2136.0,2151.0,2151.0,1498.0,642.0,1506.0,645.0
2.0,4269.0,2151.0,2141.0,2151.0,2154.0,2154.0,1499.0,642.0,1502.0,649.0
2.0,4269.0,2153.0,2141.0,2154.0,2153.0,2153.0,1499.0,642.0,1509.0,644.0
2.0,4270.0,2154.0,2142.0,2153.0,2157.0,2157.0,1500.0,642.0,1512.0,642.0
2.0,4269.0,2152.0,2142.0,2157.0,2152.0,2152.0,1500.0,642.0,1504.0,648.0
2.0,4274.0,2143.0,2144.0,2152.0,2149.0,2149.0,1501.0,643.0,1498.0,645.0
2.0,4283.0,2151.0,2144.0,2149.0,2151.0,2151.0,1501.0,643.0,1505.0,646.0
2.0,4281.0,2142.0,2145.0,2151.0,2145.0,2145.0,1502.0,643.0,1504.0,638.0
2.0,4290.0,2160.0,2146.0,2145.0,2163.0,2163.0,1503.0,643.0,1512.0,648.0
2.0,4275.0,2154.0,2146.0,2163.0,2154.0,2154.0,1503.0,643.0,1510.0,644.0
2.0,4284.0,2152.0,2148.0,2154.0,2158.0,2158.0,1504.0,644.0,1506.0,646.0
2.0,4286.0,2156.0,2148.0,2158.0,2156.0,2156.0,1504.0,644.0,1508.0,648.0
2.0,4288.0,2153.0,2149.0,2156.0,2156.0,2156.0,1505.0,644.0,1508.0,645.0
2.0,4291.0,2159.0,2149.0,2156.0,2159.0,2159.0,1505.0,644.0,1515.0,644.0
2.0,4288.0,2160.0,2150.0,2159.0,2163.0,2163.0,1506.0,644.0,1510.0,650.0
2.0,4287.0,2165.0,2150.0,2163.0,2165.0,2165.0,1506.0,644.0,1517.0,648.0
2.0,4285.0,2167.0,2151.0,2165.0,2170.0,2170.0,1507.0,644.0,1518.0,649.0
2.0,4283.0,2169.0,2153.0,2170.0,2175.0,2175.0,1508.0,645.0,1519.0,650.0
2.0,4284.0,2175.0,2153.0,2175.0,2175.0,2175.0,1508.0,645.0,1523.0,652.0
2.0,4284.0,2172.0,2154.0,2175.0,2175.0,2175.0,1509.0,645.0,1518.0,654.0
2.0,4287.0,2175.0,2154.0,2175.0,2175.0,2175.0,1509.0,645.0,1521.0,654.0
2.0,4287.0,2176.0,2156.0,2175.0,2182.0,2182.0,1510.0,646.0,1524.0,652.0
2.0,4286.0,2191.0,2156.0,2182.0,2191.0,2191.0,1510.0,646.0,1532.0,659.0
2.0,4277.0,2182.0,2157.0,2191.0,2185.0,2185.0,1511.0,646.0,1526.0,656.0
2.0,4286.0,2193.0,2157.0,2185.0,2193.0,2193.0,1511.0,646.0,1537.0,656.0
2.0,4278.0,2186.0,2159.0,2193.0,2192.0,2192.0,1512.0,647.0,1532.0,654.0
2.0,4285.0,2195.0,2159.0,2192.0,2195.0,2195.0,1512.0,647.0,1540.0,655.0
2.0,4282.0,2195.0,2160.0,2195.0,2198.0,2198.0,1513.0,647.0,1535.0,660.0
2.0,4282.0,2191.0,2160.0,2198.0,2191.0,2191.0,1513.0,647.0,1533.0,658.0
2.0,4289.0,2184.0,2162.0,2191.0,2190.0,2190.0,1514.0,648.0,1526.0,658.0
2.0,4296.0,2199.0,2162.0,2190.0,2199.0,2199.0,1514.0,648.0,1540.0,659.0
2.0,4287.0,2199.0,2163.0,2199.0,2202.0,2202.0,1515.0,648.0,1540.0,659.0
2.0,4287.0,2190.0,2163.0,2202.0,2190.0,2190.0,1515.0,648.0,1530.0,660.0
2.0,4299.0,2185.0,2164.0,2190.0,2188.0,2188.0,1515.0,649.0,1529.0,656.0
2.0,4304.0,2197.0,2165.0,2188.0,2200.0,2200.0,1516.0,649.0,1539.0,658.0
2.0,4295.0,2193.0,2165.0,2200.0,2193.0,2193.0,1516.0,649.0,1528.0,665.0
2.0,4302.0,2202.0,2166.0,2193.0,2205.0,2205.0,1516.0,650.0,1543.0,659.0
2.0,4293.0,2197.0,2167.0,2205.0,2200.0,2200.0,1517.0,650.0,1539.0,658.0
2.0,4301.0,2198.0,2167.0,2200.0,2198.0,2198.0,1517.0,650.0,1532.0,666.0
2.0,4303.0,2188.0,2169.0,2198.0,2194.0,2194.0,1518.0,651.0,1529.0,659.0
2.0,4313.0,2197.0,2169.0,2194.0,2197.0,2197.0,1518.0,651.0,1538.0,659.0
2.0,4310.0,2193.0,2169.0,2197.0,2193.0,2193.0,1518.0,651.0,1530.0,663.0
2.0,4314.0,2206.0,2171.0,2193.0,2212.0,2212.0,1519.0,652.0,1546.0,660.0
2.0,4301.0,2199.0,2172.0,2212.0,2202.0,2202.0,1520.0,652.0,1537.0,662.0
2.0,4314.0,2186.0,2172.0,2202.0,2186.0,2186.0,1520.0,652.0,1530.0,656.0
2.0,4330.0,2184.0,2173.0,2186.0,2187.0,2187.0,1521.0,652.0,1524.0,660.0
2.0,4332.0,2181.0,2174.0,2187.0,2184.0,2184.0,1521.0,653.0,1525.0,656.0
2.0,4338.0,2192.0,2174.0,2184.0,2192.0,2192.0,1521.0,653.0,1536.0,656.0
2.0,4330.0,2189.0,2175.0,2192.0,2192.0,2192.0,1522.0,653.0,1534.0,655.0
2.0,4333.0,2188.0,2175.0,2192.0,2188.0,2188.0,1522.0,653.0,1528.0,660.0
2.0,4337.0,2190.0,2177.0,2188.0,2196.0,2196.0,1523.0,654.0,1533.0,657.0
2.0,4335.0,2180.0,2178.0,2196.0,2183.0,2183.0,1524.0,654.0,1525.0,655.0
2.0,4351.0,2186.0,2178.0,2183.0,2186.0,2186.0,1524.0,654.0,1530.0,656.0
2.0,4348.0,2187.0,2179.0,2186.0,2190.0,2190.0,1525.0,654.0,1532.0,655.0
2.0,4347.0,2195.0,2180.0,2190.0,2198.0,2198.0,1526.0,654.0,1536.0,659.0
2.0,4342.0,2173.0,2181.0,2198.0,2176.0,2176.0,1526.0,655.0,1519.0,654.0
2.0,4367.0,2176.0,2181.0,2176.0,2176.0,2176.0,1526.0,655.0,1524.0,652.0
2.0,4367.0,2175.0,2181.0,2176.0,2175.0,2175.0,1526.0,655.0,1522.0,653.0
2.0,4368.0,2179.0,2182.0,2175.0,2182.0,2182.0,1527.0,655.0,1527.0,652.0
2.0,4364.0,2190.0,2182.0,2182.0,2190.0,2190.0,1527.0,655.0,1532.0,658.0
2.0,4356.0,2187.0,2183.0,2190.0,2190.0,2190.0,1528.0,655.0,1536.0,651.0
2.0,4359.0,2193.0,2184.0,2190.0,2196.0,2196.0,1528.0,656.0,1541.0,652.0
2.0,4356.0,2192.0,2185.0,2196.0,2195.0,2195.0,1529.0,656.0,1538.0,654.0
2.0,4360.0,2191.0,2186.0,2195.0,2194.0,2194.0,1530.0,656.0,1537.0,654.0
2.0,4364.0,2196.0,2186.0,2194.0,2196.0,2196.0,1530.0,656.0,1542.0,654.0
2.0,4362.0,2188.0,2187.0,2196.0,2191.0,2191.0,1531.0,656.0,1530.0,658.0
2.0,4370.0,2198.0,2187.0,2191.0,2198.0,2198.0,1531.0,656.0,1542.0,656.0
2.0,4363.0,2195.0,2189.0,2198.0,2201.0,2201.0,1532.0,657.0,1539.0,656.0
2.0,4366.0,2202.0,2189.0,2201.0,2202.0,2202.0,1532.0,657.0,1550.0,652.0
2.0,4365.0,2204.0,2190.0,2202.0,2207.0,2207.0,1533.0,657.0,1548.0,656.0
2.0,4363.0,2192.0,2190.0,2207.0,2192.0,2192.0,1533.0,657.0,1540.0,652.0
2.0,4378.0,2201.0,2191.0,2192.0,2204.0,2204.0,1534.0,657.0,1545.0,656.0
2.0,4369.0,2203.0,2191.0,2204.0,2203.0,2203.0,1534.0,657.0,1546.0,657.0
2.0,4370.0,2205.0,2192.0,2203.0,2208.0,2208.0,1535.0,657.0,1547.0,658.0
2.0,4368.0,2212.0,2192.0,2208.0,2212.0,2212.0,1535.0,657.0,1551.0,661.0
2.0,4364.0,2212.0,2192.0,2212.0,2212.0,2212.0,1535.0,657.0,1550.0,662.0
2.0,4364.0,2211.0,2193.0,2212.0,2214.0,2214.0,1536.0,657.0,1546.0,665.0
2.0,4365.0,2219.0,2193.0,2214.0,2219.0,2219.0,1536.0,657.0,1558.0,661.0
2.0,4360.0,2219.0,2194.0,2219.0,2222.0,2222.0,1536.0,658.0,1557.0,662.0
2.0,4360.0,2225.0,2195.0,2222.0,2228.0,2228.0,1537.0,658.0,1564.0,661.0
2.0,4357.0,2216.0,2195.0,2228.0,2216.0,2216.0,1537.0,658.0,1554.0,662.0
2.0,4369.0,2226.0,2196.0,2216.0,2229.0,2229.0,1538.0,658.0,1560.0,666.0
2.0,4359.0,2213.0,2196.0,2229.0,2213.0,2213.0,1538.0,658.0,1547.0,666.0
2.0,4375.0,2228.0,2197.0,2213.0,2231.0,2231.0,1539.0,658.0,1559.0,669.0
2.0,4360.0,2230.0,2197.0,2231.0,2230.0,2230.0,1539.0,658.0,1562.0,668.0
2.0,4361.0,2215.0,2198.0,2230.0,2218.0,2218.0,1540.0,658.0,1548.0,667.0
2.0,4376.0,2223.0,2199.0,2218.0,2226.0,2226.0,1540.0,659.0,1558.0,665.0
2.0,4371.0,2232.0,2200.0,2226.0,2235.0,2235.0,1541.0,659.0,1564.0,668.0
2.0,4365.0,2223.0,2200.0,2235.0,2223.0,2223.0,1541.0,659.0,1555.0,668.0
2.0,4377.0,2229.0,2200.0,2223.0,2229.0,2229.0,1541.0,659.0,1556.0,673.0
2.0,4371.0,2224.0,2201.0,2229.0,2227.0,2227.0,1542.0,659.0,1554.0,670.0
2.0,4376.0,2228.0,2201.0,2227.0,2228.0,2228.0,1542.0,659.0,1558.0,670.0
2.0,4375.0,2218.0,2202.0,2228.0,2221.0,2221.0,1542.0,660.0,1548.0,670.0
2.0,4385.0,2233.0,2203.0,2221.0,2236.0,2236.0,1543.0,660.0,1565.0,668.0
2.0,4373.0,2227.0,2203.0,2236.0,2227.0,2227.0,1543.0,660.0,1561.0,666.0
2.0,4382.0,2233.0,2204.0,2227.0,2236.0,2236.0,1544.0,660.0,1558.0,675.0
2.0,4376.0,2222.0,2204.0,2236.0,2222.0,2222.0,1544.0,660.0,1554.0,668.0
2.0,4390.0,2233.0,2205.0,2222.0,2236.0,2236.0,1545.0,660.0,1562.0,671.0
2.0,4379.0,2230.0,2207.0,2236.0,2236.0,2236.0,1546.0,661.0,1559.0,671.0
2.0,4385.0,2230.0,2207.0,2236.0,2230.0,2230.0,1546.0,661.0,1560.0,670.0
2.0,4391.0,2227.0,2207.0,2230.0,2227.0,2227.0,1546.0,661.0,1560.0,667.0
2.0,4394.0,2232.0,2209.0,2227.0,2238.0,2238.0,1547.0,662.0,1558.0,674.0
2.0,4389.0,2224.0,2210.0,2238.0,2227.0,2227.0,1548.0,662.0,1557.0,667.0
2.0,4403.0,2222.0,2210.0,2227.0,2222.0,2222.0,1548.0,662.0,1557.0,665.0
2.0,4408.0,2228.0,2211.0,2222.0,2231.0,2231.0,1549.0,662.0,1557.0,671.0
2.0,4402.0,2220.0,2211.0,2231.0,2220.0,2220.0,1549.0,662.0,1551.0,669.0
2.0,4413.0,2222.0,2212.0,2220.0,2225.0,2225.0,1549.0,663.0,1551.0,671.0
2.0,4411.0,2235.0,2213.0,2225.0,2238.0,2238.0,1550.0,663.0,1563.0,672.0
2.0,4401.0,2232.0,2214.0,2238.0,2235.0,2235.0,1551.0,663.0,1566.0,666.0
2.0,4407.0,2216.0,2216.0,2235.0,2222.0,2222.0,1552.0,664.0,1552.0,664.0
2.0,4426.0,2227.0,2216.0,2222.0,2227.0,2227.0,1552.0,664.0,1561.0,666.0
2.0,4421.0,2232.0,2217.0,2227.0,2235.0,2235.0,1553.0,664.0,1561.0,671.0
2.0,4416.0,2224.0,2217.0,2235.0,2224.0,2224.0,1553.0,664.0,1556.0,668.0
2.0,4427.0,2221.0,2218.0,2224.0,2224.0,2224.0,1553.0,665.0,1554.0,667.0
2.0,4430.0,2229.0,2219.0,2224.0,2232.0,2232.0,1554.0,665.0,1559.0,670.0
2.0,4425.0,2226.0,2219.0,2232.0,2226.0,2226.0,1554.0,665.0,1556.0,670.0
2.0,4431.0,2218.0,2220.0,2226.0,2221.0,2221.0,1554.0,666.0,1552.0,666.0
2.0,4439.0,2232.0,2221.0,2221.0,2235.0,2235.0,1555.0,666.0,1564.0,668.0
2.0,4428.0,2233.0,2221.0,2235.0,2233.0,2233.0,1555.0,666.0,1567.0,666.0
2.0,4430.0,2232.0,2222.0,2233.0,2235.0,2235.0,1556.0,666.0,1559.0,673.0
2.0,4431.0,2234.0,2223.0,2235.0,2237.0,2237.0,1556.0,667.0,1566.0,668.0
2.0,4432.0,2219.0,2223.0,2237.0,2219.0,2219.0,1556.0,667.0,1551.0,668.0
2.0,4450.0,2228.0,2224.0,2219.0,2231.0,2231.0,1557.0,667.0,1561.0,667.0
2.0,4441.0,2243.0,2224.0,2231.0,2243.0,2243.0,1557.0,667.0,1569.0,674.0
2.0,4429.0,2246.0,2226.0,2243.0,2252.0,2252.0,1558.0,668.0,1572.0,674.0
2.0,4426.0,2232.0,2226.0,2252.0,2232.0,2232.0,1558.0,668.0,1563.0,669.0
2.0,4446.0,2251.0,2226.0,2232.0,2251.0,2251.0,1558.0,668.0,1573.0,678.0
2.0,4427.0,2247.0,2227.0,2251.0,2250.0,2250.0,1559.0,668.0,1574.0,673.0
2.0,4431.0,2257.0,2228.0,2250.0,2260.0,2260.0,1559.0,669.0,1580.0,677.0
2.0,4424.0,2240.0,2229.0,2260.0,2243.0,2243.0,1560.0,669.0,1566.0,674.0
2.0,4444.0,2252.0,2229.0,2243.0,2252.0,2252.0,1560.0,669.0,1576.0,676.0
2.0,4435.0,2254.0,2230.0,2252.0,2257.0,2257.0,1560.0,670.0,1579.0,675.0
2.0,4433.0,2249.0,2231.0,2257.0,2252.0,2252.0,1561.0,670.0,1576.0,673.0
2.0,4441.0,2253.0,2231.0,2252.0,2253.0,2253.0,1561.0,670.0,1579.0,674.0
2.0,4440.0,2252.0,2232.0,2253.0,2255.0,2255.0,1562.0,670.0,1577.0,675.0
2.0,4441.0,2259.0,2232.0,2255.0,2259.0,2259.0,1562.0,670.0,1580.0,679.0
2.0,4437.0,2248.0,2232.0,2259.0,2248.0,2248.0,1562.0,670.0,1575.0,673.0
2.0,4448.0,2248.0,2234.0,2248.0,2254.0,2254.0,1563.0,671.0,1570.0,678.0
2.0,4448.0,2254.0,2234.0,2254.0,2254.0,2254.0,1563.0,671.0,1577.0,677.0
2.0,4448.0,2256.0,2234.0,2254.0,2256.0,2256.0,1563.0,671.0,1580.0,676.0
2.0,4446.0,2252.0,2235.0,2256.0,2255.0,2255.0,1564.0,671.0,1576.0,676.0
2.0,4450.0,2253.0,2235.0,2255.0,2253.0,2253.0,1564.0,671.0,1573.0,680.0
2.0,4452.0,2263.0,2236.0,2253.0,2266.0,2266.0,1565.0,671.0,1584.0,679.0
2.0,4442.0,2255.0,2237.0,2266.0,2258.0,2258.0,1565.0,672.0,1579.0,676.0
2.0,4453.0,2263.0,2238.0,2258.0,2266.0,2266.0,1566.0,672.0,1587.0,676.0
2.0,4448.0,2266.0,2238.0,2266.0,2266.0,2266.0,1566.0,672.0,1588.0,678.0
2.0,4448.0,2254.0,2239.0,2266.0,2257.0,2257.0,1567.0,672.0,1579.0,675.0
2.0,4460.0,2255.0,2239.0,2257.0,2255.0,2255.0,1567.0,672.0,1579.0,676.0
2.0,4462.0,2257.0,2239.0,2255.0,2257.0,2257.0,1567.0,672.0,1575.0,682.0
2.0,4460.0,2267.0,2240.0,2257.0,2270.0,2270.0,1568.0,672.0,1589.0,678.0
2.0,4450.0,2258.0,2241.0,2270.0,2261.0,2261.0,1568.0,673.0,1582.0,676.0
2.0,4462.0,2257.0,2242.0,2261.0,2260.0,2260.0,1569.0,673.0,1579.0,678.0
2.0,4466.0,2272.0,2242.0,2260.0,2272.0,2272.0,1569.0,673.0,1594.0,678.0
2.0,4454.0,2252.0,2243.0,2272.0,2255.0,2255.0,1570.0,673.0,1576.0,676.0
2.0,4474.0,2250.0,2243.0,2255.0,2250.0,2250.0,1570.0,673.0,1575.0,675.0
2.0,4479.0,2267.0,2244.0,2250.0,2270.0,2270.0,1571.0,673.0,1585.0,682.0
2.0,4462.0,2260.0,2245.0,2270.0,2263.0,2263.0,1571.0,674.0,1583.0,677.0
2.0,4472.0,2264.0,2246.0,2263.0,2267.0,2267.0,1572.0,674.0,1589.0,675.0
2.0,4471.0,2253.0,2246.0,2267.0,2253.0,2253.0,1572.0,674.0,1580.0,673.0
2.0,4485.0,2268.0,2247.0,2253.0,2271.0,2271.0,1573.0,674.0,1594.0,674.0
2.0,4470.0,2257.0,2247.0,2271.0,2257.0,2257.0,1573.0,674.0,1580.0,677.0
2.0,4484.0,2262.0,2248.0,2257.0,2265.0,2265.0,1574.0,674.0,1585.0,677.0
2.0,4479.0,2259.0,2248.0,2265.0,2259.0,2259.0,1574.0,674.0,1585.0,674.0
2.0,4485.0,2264.0,2249.0,2259.0,2267.0,2267.0,1575.0,674.0,1589.0,675.0
2.0,4480.0,2259.0,2250.0,2267.0,2262.0,2262.0,1575.0,675.0,1584.0,675.0
2.0,4488.0,2257.0,2251.0,2262.0,2260.0,2260.0,1576.0,675.0,1580.0,677.0
2.0,4493.0,2264.0,2251.0,2260.0,2264.0,2264.0,1576.0,675.0,1586.0,678.0
2.0,4489.0,2258.0,2252.0,2264.0,2261.0,2261.0,1577.0,675.0,1582.0,676.0
2.0,4495.0,2267.0,2253.0,2261.0,2270.0,2270.0,1578.0,675.0,1587.0,680.0
2.0,4489.0,2264.0,2254.0,2270.0,2267.0,2267.0,1578.0,676.0,1584.0,680.0
2.0,4495.0,2262.0,2254.0,2267.0,2262.0,2262.0,1578.0,676.0,1584.0,678.0
2.0,4500.0,2261.0,2255.0,2262.0,2264.0,2264.0,1579.0,676.0,1581.0,680.0
2.0,4501.0,2269.0,2255.0,2264.0,2269.0,2269.0,1579.0,676.0,1584.0,685.0
2.0,4496.0,2280.0,2257.0,2269.0,2286.0,2286.0,1580.0,677.0,1595.0,685.0
2.0,4485.0,2270.0,2257.0,2286.0,2270.0,2270.0,1580.0,677.0,1584.0,686.0
2.0,4501.0,2270.0,2258.0,2270.0,2273.0,2273.0,1581.0,677.0,1589.0,681.0
2.0,4501.0,2272.0,2258.0,2273.0,2272.0,2272.0,1581.0,677.0,1585.0,687.0
2.0,4502.0,2274.0,2260.0,2272.0,2280.0,2280.0,1582.0,678.0,1591.0,683.0
2.0,4500.0,2280.0,2260.0,2280.0,2280.0,2280.0,1582.0,678.0,1598.0,682.0
2.0,4500.0,2276.0,2260.0,2280.0,2276.0,2276.0,1582.0,678.0,1590.0,686.0
2.0,4504.0,2281.0,2261.0,2276.0,2284.0,2284.0,1583.0,678.0,1591.0,690.0
2.0,4499.0,2288.0,2261.0,2284.0,2288.0,2288.0,1583.0,678.0,1601.0,687.0
2.0,4495.0,2282.0,2263.0,2288.0,2288.0,2288.0,1584.0,679.0,1595.0,687.0
2.0,4501.0,2290.0,2263.0,2288.0,2290.0,2290.0,1584.0,679.0,1602.0,688.0
2.0,4499.0,2286.0,2263.0,2290.0,2286.0,2286.0,1584.0,679.0,1593.0,693.0
2.0,4503.0,2296.0,2265.0,2286.0,2302.0,2302.0,1585.0,680.0,1606.0,690.0
2.0,4493.0,2286.0,2265.0,2302.0,2286.0,2286.0,1585.0,680.0,1598.0,688.0
2.0,4509.0,2287.0,2266.0,2286.0,2290.0,2290.0,1586.0,680.0,1600.0,687.0
2.0,4508.0,2299.0,2266.0,2290.0,2299.0,2299.0,1586.0,680.0,1605.0,694.0
2.0,4499.0,2296.0,2268.0,2299.0,2302.0,2302.0,1587.0,681.0,1604.0,692.0
2.0,4502.0,2290.0,2268.0,2302.0,2290.0,2290.0,1587.0,681.0,1602.0,688.0
2.0,4514.0,2306.0,2269.0,2290.0,2309.0,2309.0,1588.0,681.0,1609.0,697.0
2.0,4498.0,2284.0,2269.0,2309.0,2284.0,2284.0,1588.0,681.0,1597.0,687.0
2.0,4523.0,2299.0,2271.0,2284.0,2305.0,2305.0,1589.0,682.0,1610.0,689.0
2.0,4508.0,2291.0,2271.0,2305.0,2291.0,2291.0,1589.0,682.0,1600.0,691.0
2.0,4522.0,2304.0,2272.0,2291.0,2307.0,2307.0,1590.0,682.0,1611.0,693.0
2.0,4509.0,2301.0,2272.0,2307.0,2301.0,2301.0,1590.0,682.0,1611.0,690.0
2.0,4515.0,2301.0,2274.0,2301.0,2307.0,2307.0,1591.0,683.0,1612.0,689.0
2.0,4515.0,2295.0,2274.0,2307.0,2295.0,2295.0,1591.0,683.0,1606.0,689.0
2.0,4527.0,2303.0,2275.0,2295.0,2306.0,2306.0,1592.0,683.0,1609.0,694.0
2.0,4519.0,2292.0,2276.0,2306.0,2295.0,2295.0,1593.0,683.0,1605.0,687.0
2.0,4533.0,2301.0,2277.0,2295.0,2304.0,2304.0,1593.0,684.0,1610.0,691.0
2.0,4527.0,2293.0,2277.0,2304.0,2293.0,2293.0,1593.0,684.0,1605.0,688.0
2.0,4538.0,2296.0,2278.0,2293.0,2299.0,2299.0,1594.0,684.0,1608.0,688.0
2.0,4535.0,2299.0,2278.0,2299.0,2299.0,2299.0,1594.0,684.0,1610.0,689.0
2.0,4535.0,2292.0,2279.0,2299.0,2295.0,2295.0,1595.0,684.0,1605.0,687.0
2.0,4542.0,2288.0,2280.0,2295.0,2291.0,2291.0,1595.0,685.0,1601.0,687.0
2.0,4549.0,2300.0,2281.0,2291.0,2303.0,2303.0,1596.0,685.0,1614.0,686.0
2.0,4540.0,2302.0,2282.0,2303.0,2305.0,2305.0,1597.0,685.0,1614.0,688.0
2.0,4541.0,2304.0,2282.0,2305.0,2304.0,2304.0,1597.0,685.0,1615.0,689.0
2.0,4542.0,2297.0,2284.0,2304.0,2303.0,2303.0,1598.0,686.0,1608.0,689.0
2.0,4549.0,2290.0,2284.0,2303.0,2290.0,2290.0,1598.0,686.0,1603.0,687.0
2.0,4562.0,2293.0,2284.0,2290.0,2293.0,2293.0,1598.0,686.0,1607.0,686.0
2.0,4559.0,2294.0,2285.0,2293.0,2297.0,2297.0,1599.0,686.0,1603.0,691.0
2.0,4558.0,2292.0,2285.0,2297.0,2292.0,2292.0,1599.0,686.0,1609.0,683.0
2.0,4563.0,2291.0,2286.0,2292.0,2294.0,2294.0,1599.0,687.0,1607.0,684.0
2.0,4564.0,2293.0,2287.0,2294.0,2296.0,2296.0,1600.0,687.0,1607.0,686.0
2.0,4565.0,2295.0,2287.0,2296.0,2295.0,2295.0,1600.0,687.0,1611.0,684.0
2.0,4566.0,2286.0,2288.0,2295.0,2289.0,2289.0,1601.0,687.0,1600.0,686.0
2.0,4575.0,2301.0,2288.0,2289.0,2301.0,2301.0,1601.0,687.0,1610.0,691.0
2.0,4563.0,2287.0,2289.0,2301.0,2290.0,2290.0,1602.0,687.0,1605.0,682.0
2.0,4577.0,2297.0,2290.0,2290.0,2300.0,2300.0,1602.0,688.0,1612.0,685.0
2.0,4570.0,2280.0,2290.0,2300.0,2280.0,2280.0,1602.0,688.0,1595.0,685.0
2.0,4590.0,2302.0,2291.0,2280.0,2305.0,2305.0,1603.0,688.0,1614.0,688.0
2.0,4568.0,2289.0,2291.0,2305.0,2289.0,2289.0,1603.0,688.0,1604.0,685.0
2.0,4584.0,2300.0,2292.0,2289.0,2303.0,2303.0,1604.0,688.0,1610.0,690.0
2.0,4573.0,2295.0,2292.0,2303.0,2295.0,2295.0,1604.0,688.0,1606.0,689.0
2.0,4581.0,2304.0,2293.0,2295.0,2307.0,2307.0,1605.0,688.0,1614.0,690.0
2.0,4572.0,2318.0,2293.0,2307.0,2318.0,2318.0,1605.0,688.0,1622.0,696.0
2.0,4561.0,2305.0,2294.0,2318.0,2308.0,2308.0,1606.0,688.0,1613.0,692.0
2.0,4574.0,2310.0,2295.0,2308.0,2313.0,2313.0,1606.0,689.0,1619.0,691.0
2.0,4572.0,2305.0,2295.0,2313.0,2305.0,2305.0,1606.0,689.0,1610.0,695.0
2.0,4580.0,2316.0,2296.0,2305.0,2319.0,2319.0,1607.0,689.0,1620.0,696.0
2.0,4569.0,2310.0,2296.0,2319.0,2310.0,2310.0,1607.0,689.0,1621.0,689.0
2.0,4578.0,2315.0,2297.0,2310.0,2318.0,2318.0,1608.0,689.0,1622.0,693.0
2.0,4573.0,2318.0,2297.0,2318.0,2318.0,2318.0,1608.0,689.0,1619.0,699.0
2.0,4573.0,2311.0,2298.0,2318.0,2314.0,2314.0,1609.0,689.0,1617.0,694.0
2.0,4580.0,2323.0,2298.0,2314.0,2323.0,2323.0,1609.0,689.0,1626.0,697.0
2.0,4571.0,2323.0,2300.0,2323.0,2329.0,2329.0,1610.0,690.0,1626.0,697.0
2.0,4571.0,2332.0,2300.0,2329.0,2332.0,2332.0,1610.0,690.0,1632.0,700.0
2.0,4568.0,2320.0,2301.0,2332.0,2323.0,2323.0,1611.0,690.0,1621.0,699.0
2.0,4580.0,2328.0,2301.0,2323.0,2328.0,2328.0,1611.0,690.0,1629.0,699.0
2.0,4575.0,2328.0,2302.0,2328.0,2331.0,2331.0,1612.0,690.0,1630.0,698.0
2.0,4575.0,2332.0,2302.0,2331.0,2332.0,2332.0,1612.0,690.0,1634.0,698.0
2.0,4574.0,2343.0,2304.0,2332.0,2349.0,2349.0,1613.0,691.0,1643.0,700.0
2.0,4563.0,2335.0,2304.0,2349.0,2335.0,2335.0,1613.0,691.0,1635.0,700.0
2.0,4577.0,2342.0,2305.0,2335.0,2345.0,2345.0,1614.0,691.0,1641.0,701.0
2.0,4570.0,2347.0,2306.0,2345.0,2350.0,2350.0,1615.0,691.0,1647.0,700.0
2.0,4568.0,2329.0,2306.0,2350.0,2329.0,2329.0,1615.0,691.0,1630.0,699.0
2.0,4589.0,2334.0,2307.0,2329.0,2337.0,2337.0,1616.0,691.0,1634.0,700.0
2.0,4584.0,2338.0,2308.0,2337.0,2341.0,2341.0,1616.0,692.0,1636.0,702.0
2.0,4583.0,2341.0,2309.0,2341.0,2344.0,2344.0,1617.0,692.0,1643.0,698.0
2.0,4583.0,2337.0,2310.0,2344.0,2340.0,2340.0,1618.0,692.0,1633.0,704.0
2.0,4590.0,2344.0,2310.0,2340.0,2344.0,2344.0,1618.0,692.0,1644.0,700.0
2.0,4586.0,2331.0,2312.0,2344.0,2337.0,2337.0,1619.0,693.0,1632.0,699.0
2.0,4599.0,2336.0,2312.0,2337.0,2336.0,2336.0,1619.0,693.0,1635.0,701.0
2.0,4600.0,2330.0,2313.0,2336.0,2333.0,2333.0,1620.0,693.0,1631.0,699.0
2.0,4606.0,2339.0,2313.0,2333.0,2339.0,2339.0,1620.0,693.0,1638.0,701.0
2.0,4600.0,2342.0,2315.0,2339.0,2348.0,2348.0,1621.0,694.0,1641.0,701.0
2.0,4597.0,2328.0,2315.0,2348.0,2328.0,2328.0,1621.0,694.0,1629.0,699.0
2.0,4617.0,2335.0,2316.0,2328.0,2338.0,2338.0,1622.0,694.0,1636.0,699.0
2.0,4610.0,2335.0,2316.0,2338.0,2335.0,2335.0,1622.0,694.0,1635.0,700.0
2.0,4613.0,2329.0,2317.0,2335.0,2332.0,2332.0,1623.0,694.0,1631.0,698.0
2.0,4619.0,2337.0,2318.0,2332.0,2340.0,2340.0,1623.0,695.0,1637.0,700.0
2.0,4614.0,2319.0,2318.0,2340.0,2319.0,2319.0,1623.0,695.0,1621.0,698.0
2.0,4635.0,2330.0,2319.0,2319.0,2333.0,2333.0,1624.0,695.0,1632.0,698.0
2.0,4624.0,2323.0,2319.0,2333.0,2323.0,2323.0,1624.0,695.0,1619.0,704.0
2.0,4634.0,2331.0,2321.0,2323.0,2337.0,2337.0,1625.0,696.0,1631.0,700.0
2.0,4626.0,2316.0,2321.0,2337.0,2316.0,2316.0,1625.0,696.0,1620.0,696.0
2.0,4647.0,2328.0,2321.0,2316.0,2328.0,2328.0,1625.0,696.0,1628.0,700.0
2.0,4635.0,2319.0,2322.0,2328.0,2322.0,2322.0,1626.0,696.0,1621.0,698.0
2.0,4644.0,2333.0,2323.0,2322.0,2336.0,2336.0,1626.0,697.0,1633.0,700.0
2.0,4633.0,2333.0,2324.0,2336.0,2336.0,2336.0,1627.0,697.0,1631.0,702.0
2.0,4636.0,2323.0,2324.0,2336.0,2323.0,2323.0,1627.0,697.0,1619.0,704.0
2.0,4649.0,2333.0,2325.0,2323.0,2336.0,2336.0,1627.0,698.0,1633.0,700.0
2.0,4639.0,2324.0,2326.0,2336.0,2327.0,2327.0,1628.0,698.0,1623.0,701.0
2.0,4651.0,2328.0,2326.0,2327.0,2328.0,2328.0,1628.0,698.0,1626.0,702.0
2.0,4650.0,2334.0,2327.0,2328.0,2337.0,2337.0,1629.0,698.0,1634.0,700.0
2.0,4644.0,2338.0,2328.0,2337.0,2341.0,2341.0,1629.0,699.0,1634.0,704.0
2.0,4643.0,2334.0,2328.0,2341.0,2334.0,2334.0,1629.0,699.0,1634.0,700.0
2.0,4650.0,2343.0,2329.0,2334.0,2346.0,2346.0,1630.0,699.0,1643.0,700.0
2.0,4641.0,2348.0,2329.0,2346.0,2348.0,2348.0,1630.0,699.0,1637.0,711.0
2.0,4639.0,2345.0,2331.0,2348.0,2351.0,2351.0,1631.0,700.0,1640.0,705.0
2.0,4642.0,2336.0,2331.0,2351.0,2336.0,2336.0,1631.0,700.0,1634.0,702.0
2.0,4657.0,2344.0,2332.0,2336.0,2347.0,2347.0,1632.0,700.0,1637.0,707.0
2.0,4649.0,2356.0,2332.0,2347.0,2356.0,2356.0,1632.0,700.0,1647.0,709.0
2.0,4640.0,2340.0,2333.0,2356.0,2343.0,2343.0,1632.0,701.0,1635.0,705.0
2.0,4656.0,2354.0,2334.0,2343.0,2357.0,2357.0,1633.0,701.0,1647.0,707.0
2.0,4645.0,2357.0,2334.0,2357.0,2357.0,2357.0,1633.0,701.0,1650.0,707.0
2.0,4645.0,2350.0,2335.0,2357.0,2353.0,2353.0,1634.0,701.0,1646.0,704.0
2.0,4652.0,2357.0,2335.0,2353.0,2357.0,2357.0,1634.0,701.0,1649.0,708.0
2.0,4648.0,2361.0,2336.0,2357.0,2364.0,2364.0,1635.0,701.0,1654.0,707.0
2.0,4644.0,2365.0,2337.0,2364.0,2368.0,2368.0,1635.0,702.0,1659.0,706.0
2.0,4643.0,2371.0,2338.0,2368.0,2374.0,2374.0,1636.0,702.0,1664.0,707.0
2.0,4640.0,2363.0,2338.0,2374.0,2363.0,2363.0,1636.0,702.0,1652.0,711.0
2.0,4651.0,2373.0,2339.0,2363.0,2376.0,2376.0,1637.0,702.0,1669.0,704.0
2.0,4641.0,2372.0,2340.0,2376.0,2375.0,2375.0,1638.0,702.0,1663.0,709.0
2.0,4645.0,2368.0,2340.0,2375.0,2368.0,2368.0,1638.0,702.0,1661.0,707.0
2.0,4652.0,2367.0,2341.0,2368.0,2370.0,2370.0,1638.0,703.0,1657.0,710.0
2.0,4653.0,2364.0,2341.0,2370.0,2364.0,2364.0,1638.0,703.0,1653.0,711.0
2.0,4659.0,2375.0,2342.0,2364.0,2378.0,2378.0,1639.0,703.0,1667.0,708.0
2.0,4648.0,2372.0,2343.0,2378.0,2375.0,2375.0,1640.0,703.0,1666.0,706.0
2.0,4654.0,2370.0,2343.0,2375.0,2370.0,2370.0,1640.0,703.0,1660.0,710.0
2.0,4659.0,2370.0,2344.0,2370.0,2373.0,2373.0,1641.0,703.0,1660.0,710.0
2.0,4659.0,2365.0,2345.0,2373.0,2368.0,2368.0,1641.0,704.0,1658.0,707.0
2.0,4667.0,2367.0,2345.0,2368.0,2367.0,2367.0,1641.0,704.0,1660.0,707.0
2.0,4668.0,2366.0,2346.0,2367.0,2369.0,2369.0,1642.0,704.0,1661.0,705.0
2.0,4669.0,2365.0,2346.0,2369.0,2365.0,2365.0,1642.0,704.0,1657.0,708.0
2.0,4673.0,2372.0,2347.0,2365.0,2375.0,2375.0,1643.0,704.0,1666.0,706.0
2.0,4666.0,2360.0,2347.0,2375.0,2360.0,2360.0,1643.0,704.0,1649.0,711.0
2.0,4681.0,2362.0,2348.0,2360.0,2365.0,2365.0,1644.0,704.0,1657.0,705.0
2.0,4679.0,2353.0,2348.0,2365.0,2353.0,2353.0,1644.0,704.0,1649.0,704.0
2.0,4691.0,2361.0,2349.0,2353.0,2364.0,2364.0,1644.0,705.0,1651.0,710.0
2.0,4683.0,2351.0,2349.0,2364.0,2351.0,2351.0,1644.0,705.0,1645.0,706.0
2.0,4696.0,2357.0,2350.0,2351.0,2360.0,2360.0,1645.0,705.0,1655.0,702.0
2.0,4690.0,2347.0,2350.0,2360.0,2347.0,2347.0,1645.0,705.0,1645.0,702.0
2.0,4703.0,2352.0,2351.0,2347.0,2355.0,2355.0,1646.0,705.0,1645.0,707.0
2.0,4698.0,2376.0,2351.0,2355.0,2376.0,2376.0,1646.0,705.0,1663.0,713.0
2.0,4677.0,2361.0,2352.0,2376.0,2364.0,2364.0,1647.0,705.0,1653.0,708.0
2.0,4692.0,2351.0,2352.0,2364.0,2351.0,2351.0,1647.0,705.0,1645.0,706.0
2.0,4705.0,2346.0,2353.0,2351.0,2349.0,2349.0,1647.0,706.0,1640.0,706.0
2.0,4710.0,2353.0,2354.0,2349.0,2356.0,2356.0,1648.0,706.0,1646.0,707.0
2.0,4706.0,2354.0,2354.0,2356.0,2354.0,2354.0,1648.0,706.0,1647.0,707.0
2.0,4708.0,2368.0,2355.0,2354.0,2371.0,2371.0,1649.0,706.0,1656.0,712.0
2.0,4694.0,2360.0,2355.0,2371.0,2360.0,2360.0,1649.0,706.0,1650.0,710.0
2.0,4705.0,2365.0,2356.0,2360.0,2368.0,2368.0,1650.0,706.0,1655.0,710.0
2.0,4700.0,2360.0,2357.0,2368.0,2363.0,2363.0,1650.0,707.0,1651.0,709.0
2.0,4708.0,2361.0,2358.0,2363.0,2364.0,2364.0,1651.0,707.0,1650.0,711.0
2.0,4710.0,2369.0,2358.0,2364.0,2369.0,2369.0,1651.0,707.0,1656.0,713.0
2.0,4705.0,2362.0,2358.0,2369.0,2362.0,2362.0,1651.0,707.0,1649.0,713.0
2.0,4712.0,2367.0,2359.0,2362.0,2370.0,2370.0,1652.0,707.0,1657.0,710.0
2.0,4707.0,2371.0,2360.0,2370.0,2374.0,2374.0,1652.0,708.0,1658.0,713.0
2.0,4706.0,2370.0,2361.0,2374.0,2373.0,2373.0,1653.0,708.0,1655.0,715.0
2.0,4710.0,2378.0,2361.0,2373.0,2378.0,2378.0,1653.0,708.0,1660.0,718.0
2.0,4705.0,2380.0,2362.0,2378.0,2383.0,2383.0,1654.0,708.0,1663.0,717.0
2.0,4703.0,2383.0,2363.0,2383.0,2386.0,2386.0,1654.0,709.0,1668.0,715.0
2.0,4703.0,2380.0,2364.0,2386.0,2383.0,2383.0,1655.0,709.0,1665.0,715.0
2.0,4709.0,2398.0,2364.0,2383.0,2398.0,2398.0,1655.0,709.0,1672.0,726.0
2.0,4694.0,2387.0,2365.0,2398.0,2390.0,2390.0,1656.0,709.0,1667.0,720.0
2.0,4705.0,2386.0,2366.0,2390.0,2389.0,2389.0,1656.0,710.0,1670.0,716.0
2.0,4709.0,2391.0,2367.0,2389.0,2394.0,2394.0,1657.0,710.0,1668.0,723.0
2.0,4707.0,2397.0,2367.0,2394.0,2397.0,2397.0,1657.0,710.0,1673.0,724.0
2.0,4704.0,2393.0,2368.0,2397.0,2396.0,2396.0,1658.0,710.0,1674.0,719.0
2.0,4708.0,2398.0,2369.0,2396.0,2401.0,2401.0,1658.0,711.0,1679.0,719.0
2.0,4706.0,2405.0,2369.0,2401.0,2405.0,2405.0,1658.0,711.0,1680.0,725.0
2.0,4702.0,2410.0,2370.0,2405.0,2413.0,2413.0,1659.0,711.0,1686.0,724.0
2.0,4697.0,2400.0,2371.0,2413.0,2403.0,2403.0,1659.0,712.0,1681.0,719.0
2.0,4710.0,2413.0,2372.0,2403.0,2416.0,2416.0,1660.0,712.0,1692.0,721.0
2.0,4700.0,2411.0,2372.0,2416.0,2411.0,2411.0,1660.0,712.0,1686.0,725.0
2.0,4705.0,2414.0,2373.0,2411.0,2417.0,2417.0,1661.0,712.0,1692.0,722.0
2.0,4702.0,2411.0,2375.0,2417.0,2417.0,2417.0,1662.0,713.0,1691.0,720.0
2.0,4708.0,2408.0,2375.0,2417.0,2408.0,2408.0,1662.0,713.0,1687.0,721.0
2.0,4717.0,2409.0,2376.0,2408.0,2412.0,2412.0,1663.0,713.0,1683.0,726.0
2.0,4716.0,2411.0,2376.0,2412.0,2411.0,2411.0,1663.0,713.0,1688.0,723.0
2.0,4717.0,2404.0,2377.0,2411.0,2407.0,2407.0,1663.0,714.0,1680.0,724.0
2.0,4724.0,2410.0,2378.0,2407.0,2413.0,2413.0,1664.0,714.0,1690.0,720.0
2.0,4721.0,2406.0,2378.0,2413.0,2406.0,2406.0,1664.0,714.0,1682.0,724.0
2.0,4728.0,2395.0,2379.0,2406.0,2398.0,2398.0,1665.0,714.0,1677.0,718.0
2.0,4739.0,2397.0,2380.0,2398.0,2400.0,2400.0,1665.0,715.0,1679.0,718.0
2.0,4740.0,2400.0,2381.0,2400.0,2403.0,2403.0,1666.0,715.0,1681.0,719.0
2.0,4740.0,2399.0,2381.0,2403.0,2399.0,2399.0,1666.0,715.0,1678.0,721.0
2.0,4744.0,2401.0,2381.0,2399.0,2401.0,2401.0,1666.0,715.0,1685.0,716.0
2.0,4742.0,2404.0,2383.0,2401.0,2410.0,2410.0,1667.0,716.0,1683.0,721.0
2.0,4739.0,2402.0,2384.0,2410.0,2405.0,2405.0,1668.0,716.0,1682.0,720.0
2.0,4747.0,2392.0,2384.0,2405.0,2392.0,2392.0,1668.0,716.0,1677.0,715.0
2.0,4760.0,2398.0,2385.0,2392.0,2401.0,2401.0,1669.0,716.0,1678.0,720.0
2.0,4754.0,2388.0,2386.0,2401.0,2391.0,2391.0,1669.0,717.0,1673.0,715.0
2.0,4767.0,2393.0,2387.0,2391.0,2396.0,2396.0,1670.0,717.0,1674.0,719.0
2.0,4765.0,2389.0,2387.0,2396.0,2389.0,2389.0,1670.0,717.0,1671.0,718.0
2.0,4772.0,2394.0,2387.0,2389.0,2394.0,2394.0,1670.0,717.0,1675.0,719.0
2.0,4767.0,2382.0,2388.0,2394.0,2385.0,2385.0,1671.0,717.0,1669.0,713.0
2.0,4779.0,2387.0,2388.0,2385.0,2387.0,2387.0,1671.0,717.0,1675.0,712.0
2.0,4777.0,2385.0,2390.0,2387.0,2391.0,2391.0,1672.0,718.0,1667.0,718.0
2.0,4779.0,2396.0,2390.0,2391.0,2396.0,2396.0,1672.0,718.0,1679.0,717.0
2.0,4774.0,2386.0,2391.0,2396.0,2389.0,2389.0,1673.0,718.0,1670.0,716.0
2.0,4784.0,2395.0,2391.0,2389.0,2395.0,2395.0,1673.0,718.0,1674.0,721.0
2.0,4778.0,2386.0,2392.0,2395.0,2389.0,2389.0,1674.0,718.0,1668.0,718.0
2.0,4787.0,2386.0,2392.0,2389.0,2386.0,2386.0,1674.0,718.0,1670.0,716.0
2.0,4790.0,2389.0,2393.0,2386.0,2392.0,2392.0,1674.0,719.0,1672.0,717.0
2.0,4787.0,2398.0,2394.0,2392.0,2401.0,2401.0,1675.0,719.0,1679.0,719.0
2.0,4781.0,2399.0,2394.0,2401.0,2399.0,2399.0,1675.0,719.0,1677.0,722.0
2.0,4783.0,2399.0,2395.0,2399.0,2402.0,2402.0,1676.0,719.0,1678.0,721.0
2.0,4783.0,2411.0,2395.0,2402.0,2411.0,2411.0,1676.0,719.0,1688.0,723.0
2.0,4774.0,2395.0,2396.0,2411.0,2398.0,2398.0,1677.0,719.0,1679.0,716.0
2.0,4790.0,2402.0,2396.0,2398.0,2402.0,2402.0,1677.0,719.0,1685.0,717.0
2.0,4786.0,2405.0,2397.0,2402.0,2408.0,2408.0,1678.0,719.0,1686.0,719.0
2.0,4783.0,2424.0,2398.0,2408.0,2427.0,2427.0,1678.0,720.0,1699.0,725.0
2.0,4767.0,2423.0,2399.0,2427.0,2426.0,2426.0,1679.0,720.0,1695.0,728.0
2.0,4771.0,2423.0,2400.0,2426.0,2426.0,2426.0,1680.0,720.0,1696.0,727.0
2.0,4774.0,2419.0,2400.0,2426.0,2419.0,2419.0,1680.0,720.0,1697.0,722.0
2.0,4781.0,2432.0,2401.0,2419.0,2435.0,2435.0,1681.0,720.0,1702.0,730.0
2.0,4768.0,2423.0,2401.0,2435.0,2423.0,2423.0,1681.0,720.0,1699.0,724.0
2.0,4780.0,2432.0,2402.0,2423.0,2435.0,2435.0,1682.0,720.0,1705.0,727.0
2.0,4771.0,2431.0,2403.0,2435.0,2434.0,2434.0,1683.0,720.0,1705.0,726.0
2.0,4775.0,2435.0,2404.0,2434.0,2438.0,2438.0,1683.0,721.0,1707.0,728.0
2.0,4774.0,2440.0,2405.0,2438.0,2443.0,2443.0,1684.0,721.0,1710.0,730.0
2.0,4772.0,2437.0,2405.0,2443.0,2437.0,2437.0,1684.0,721.0,1711.0,726.0
2.0,4778.0,2444.0,2406.0,2437.0,2447.0,2447.0,1685.0,721.0,1714.0,730.0
2.0,4771.0,2441.0,2407.0,2447.0,2444.0,2444.0,1686.0,721.0,1707.0,734.0
2.0,4777.0,2445.0,2408.0,2444.0,2448.0,2448.0,1686.0,722.0,1713.0,732.0
2.0,4776.0,2446.0,2408.0,2448.0,2446.0,2446.0,1686.0,722.0,1714.0,732.0
2.0,4778.0,2447.0,2409.0,2446.0,2450.0,2450.0,1687.0,722.0,1714.0,733.0
2.0,4777.0,2447.0,2409.0,2450.0,2447.0,2447.0,1687.0,722.0,1715.0,732.0
2.0,4780.0,2437.0,2410.0,2447.0,2440.0,2440.0,1688.0,722.0,1706.0,731.0
2.0,4790.0,2439.0,2410.0,2440.0,2439.0,2439.0,1688.0,722.0,1707.0,732.0
2.0,4791.0,2444.0,2412.0,2439.0,2450.0,2450.0,1689.0,723.0,1711.0,733.0
2.0,4786.0,2438.0,2412.0,2450.0,2438.0,2438.0,1689.0,723.0,1708.0,730.0
2.0,4798.0,2443.0,2413.0,2438.0,2446.0,2446.0,1690.0,723.0,1711.0,732.0
2.0,4793.0,2444.0,2413.0,2446.0,2444.0,2444.0,1690.0,723.0,1708.0,736.0
2.0,4795.0,2440.0,2414.0,2444.0,2443.0,2443.0,1691.0,723.0,1707.0,733.0
2.0,4799.0,2435.0,2415.0,2443.0,2438.0,2438.0,1691.0,724.0,1703.0,732.0
2.0,4807.0,2418.0,2415.0,2438.0,2418.0,2418.0,1691.0,724.0,1690.0,728.0
2.0,4827.0,2434.0,2416.0,2418.0,2437.0,2437.0,1692.0,724.0,1700.0,734.0
2.0,4811.0,2424.0,2416.0,2437.0,2424.0,2424.0,1692.0,724.0,1695.0,729.0
2.0,4824.0,2425.0,2417.0,2424.0,2428.0,2428.0,1692.0,725.0,1696.0,729.0
2.0,4823.0,2422.0,2417.0,2428.0,2422.0,2422.0,1692.0,725.0,1692.0,730.0
2.0,4829.0,2429.0,2418.0,2422.0,2432.0,2432.0,1693.0,725.0,1695.0,734.0
2.0,4822.0,2435.0,2418.0,2432.0,2435.0,2435.0,1693.0,725.0,1708.0,727.0
2.0,4819.0,2414.0,2419.0,2435.0,2417.0,2417.0,1693.0,726.0,1681.0,733.0
2.0,4840.0,2423.0,2420.0,2417.0,2426.0,2426.0,1694.0,726.0,1693.0,730.0
2.0,4834.0,2441.0,2420.0,2426.0,2441.0,2441.0,1694.0,726.0,1707.0,734.0
2.0,4819.0,2421.0,2421.0,2441.0,2424.0,2424.0,1695.0,726.0,1690.0,731.0
2.0,4839.0,2430.0,2422.0,2424.0,2433.0,2433.0,1695.0,727.0,1701.0,729.0
2.0,4833.0,2417.0,2423.0,2433.0,2420.0,2420.0,1696.0,727.0,1686.0,731.0
2.0,4849.0,2430.0,2423.0,2420.0,2430.0,2430.0,1696.0,727.0,1697.0,733.0
2.0,4839.0,2423.0,2424.0,2430.0,2426.0,2426.0,1696.0,728.0,1693.0,730.0
2.0,4846.0,2428.0,2425.0,2426.0,2431.0,2431.0,1697.0,728.0,1700.0,728.0
2.0,4844.0,2428.0,2426.0,2431.0,2431.0,2431.0,1698.0,728.0,1700.0,728.0
2.0,4847.0,2445.0,2426.0,2431.0,2445.0,2445.0,1698.0,728.0,1711.0,734.0
2.0,4833.0,2430.0,2427.0,2445.0,2433.0,2433.0,1699.0,728.0,1700.0,730.0
2.0,4848.0,2429.0,2428.0,2433.0,2432.0,2432.0,1699.0,729.0,1701.0,728.0
2.0,4852.0,2441.0,2429.0,2432.0,2444.0,2444.0,1700.0,729.0,1708.0,733.0
2.0,4843.0,2443.0,2430.0,2444.0,2446.0,2446.0,1701.0,729.0,1705.0,738.0
2.0,4844.0,2445.0,2431.0,2446.0,2448.0,2448.0,1701.0,730.0,1712.0,733.0
2.0,4845.0,2433.0,2432.0,2448.0,2436.0,2436.0,1702.0,730.0,1704.0,729.0
2.0,4860.0,2446.0,2432.0,2436.0,2446.0,2446.0,1702.0,730.0,1713.0,733.0
2.0,4850.0,2452.0,2433.0,2446.0,2455.0,2455.0,1703.0,730.0,1714.0,738.0
2.0,4844.0,2451.0,2434.0,2455.0,2454.0,2454.0,1703.0,731.0,1715.0,736.0
2.0,4848.0,2449.0,2435.0,2454.0,2452.0,2452.0,1704.0,731.0,1716.0,733.0
2.0,4853.0,2458.0,2435.0,2452.0,2458.0,2458.0,1704.0,731.0,1725.0,733.0
2.0,4847.0,2450.0,2436.0,2458.0,2453.0,2453.0,1705.0,731.0,1715.0,735.0
2.0,4855.0,2467.0,2436.0,2453.0,2467.0,2467.0,1705.0,731.0,1727.0,740.0
2.0,4841.0,2470.0,2438.0,2467.0,2476.0,2476.0,1706.0,732.0,1731.0,739.0
2.0,4838.0,2474.0,2438.0,2476.0,2474.0,2474.0,1706.0,732.0,1737.0,737.0
2.0,4840.0,2462.0,2439.0,2474.0,2465.0,2465.0,1707.0,732.0,1726.0,736.0
2.0,4852.0,2470.0,2439.0,2465.0,2470.0,2470.0,1707.0,732.0,1731.0,739.0
2.0,4847.0,2468.0,2441.0,2470.0,2474.0,2474.0,1708.0,733.0,1725.0,743.0
2.0,4849.0,2475.0,2441.0,2474.0,2475.0,2475.0,1708.0,733.0,1737.0,738.0
2.0,4848.0,2475.0,2442.0,2475.0,2478.0,2478.0,1709.0,733.0,1735.0,740.0
2.0,4848.0,2476.0,2442.0,2478.0,2476.0,2476.0,1709.0,733.0,1737.0,739.0
2.0,4850.0,2474.0,2443.0,2476.0,2477.0,2477.0,1710.0,733.0,1733.0,741.0
2.0,4852.0,2475.0,2443.0,2477.0,2475.0,2475.0,1710.0,733.0,1736.0,739.0
2.0,4854.0,2478.0,2445.0,2475.0,2484.0,2484.0,1711.0,734.0,1742.0,736.0
2.0,4851.0,2478.0,2445.0,2484.0,2478.0,2478.0,1711.0,734.0,1741.0,737.0
2.0,4857.0,2472.0,2445.0,2478.0,2472.0,2472.0,1711.0,734.0,1733.0,739.0
2.0,4863.0,2469.0,2446.0,2472.0,2472.0,2472.0,1712.0,734.0,1734.0,735.0
2.0,4866.0,2475.0,2447.0,2472.0,2478.0,2478.0,1713.0,734.0,1736.0,739.0
2.0,4863.0,2466.0,2447.0,2478.0,2466.0,2466.0,1713.0,734.0,1728.0,738.0
2.0,4875.0,2479.0,2447.0,2466.0,2479.0,2479.0,1713.0,734.0,1735.0,744.0
2.0,4862.0,2471.0,2448.0,2479.0,2474.0,2474.0,1714.0,734.0,1731.0,740.0
2.0,4870.0,2465.0,2449.0,2474.0,2468.0,2468.0,1714.0,735.0,1725.0,740.0
2.0,4879.0,2467.0,2449.0,2468.0,2467.0,2467.0,1714.0,735.0,1724.0,743.0
2.0,4880.0,2457.0,2450.0,2467.0,2460.0,2460.0,1715.0,735.0,1716.0,741.0
2.0,4890.0,2472.0,2450.0,2460.0,2472.0,2472.0,1715.0,735.0,1731.0,741.0
2.0,4878.0,2463.0,2451.0,2472.0,2466.0,2466.0,1716.0,735.0,1722.0,741.0
2.0,4887.0,2461.0,2451.0,2466.0,2461.0,2461.0,1716.0,735.0,1725.0,736.0
2.0,4892.0,2463.0,2453.0,2461.0,2469.0,2469.0,1717.0,736.0,1725.0,738.0
2.0,4890.0,2458.0,2454.0,2469.0,2461.0,2461.0,1718.0,736.0,1721.0,737.0
2.0,4901.0,2463.0,2454.0,2461.0,2463.0,2463.0,1718.0,736.0,1723.0,740.0
2.0,4899.0,2457.0,2454.0,2463.0,2457.0,2457.0,1718.0,736.0,1724.0,733.0
2.0,4905.0,2468.0,2455.0,2457.0,2471.0,2471.0,1719.0,736.0,1729.0,739.0
2.0,4894.0,2456.0,2456.0,2471.0,2459.0,2459.0,1720.0,736.0,1717.0,739.0
2.0,4909.0,2461.0,2456.0,2459.0,2461.0,2461.0,1720.0,736.0,1722.0,739.0
2.0,4907.0,2458.0,2457.0,2461.0,2461.0,2461.0,1721.0,736.0,1722.0,736.0
2.0,4910.0,2466.0,2458.0,2461.0,2469.0,2469.0,1721.0,737.0,1727.0,739.0
2.0,4905.0,2459.0,2459.0,2469.0,2462.0,2462.0,1722.0,737.0,1720.0,739.0
2.0,4915.0,2456.0,2459.0,2462.0,2456.0,2456.0,1722.0,737.0,1721.0,735.0
2.0,4921.0,2460.0,2460.0,2456.0,2463.0,2463.0,1723.0,737.0,1724.0,736.0
2.0,4917.0,2460.0,2460.0,2463.0,2460.0,2460.0,1723.0,737.0,1720.0,740.0
2.0,4920.0,2458.0,2461.0,2460.0,2461.0,2461.0,1724.0,737.0,1722.0,736.0
2.0,4922.0,2467.0,2461.0,2461.0,2467.0,2467.0,1724.0,737.0,1728.0,739.0
2.0,4916.0,2472.0,2463.0,2467.0,2478.0,2478.0,1725.0,738.0,1731.0,741.0
2.0,4911.0,2479.0,2463.0,2478.0,2479.0,2479.0,1725.0,738.0,1738.0,741.0
2.0,4910.0,2477.0,2464.0,2479.0,2480.0,2480.0,1726.0,738.0,1732.0,745.0
2.0,4912.0,2481.0,2464.0,2480.0,2481.0,2481.0,1726.0,738.0,1740.0,741.0
2.0,4911.0,2473.0,2465.0,2481.0,2476.0,2476.0,1727.0,738.0,1729.0,744.0
2.0,4919.0,2478.0,2466.0,2476.0,2481.0,2481.0,1727.0,739.0,1736.0,742.0
2.0,4917.0,2481.0,2467.0,2481.0,2484.0,2484.0,1728.0,739.0,1735.0,746.0
2.0,4917.0,2491.0,2467.0,2484.0,2491.0,2491.0,1728.0,739.0,1743.0,748.0
2.0,4910.0,2483.0,2468.0,2491.0,2486.0,2486.0,1729.0,739.0,1739.0,744.0
2.0,4918.0,2490.0,2469.0,2486.0,2493.0,2493.0,1729.0,740.0,1741.0,749.0
2.0,4914.0,2474.0,2469.0,2493.0,2474.0,2474.0,1729.0,740.0,1727.0,747.0
2.0,4933.0,2498.0,2470.0,2474.0,2501.0,2501.0,1730.0,740.0,1748.0,750.0
2.0,4909.0,2492.0,2470.0,2501.0,2492.0,2492.0,1730.0,740.0,1744.0,748.0
2.0,4918.0,2503.0,2471.0,2492.0,2506.0,2506.0,1731.0,740.0,1754.0,749.0
2.0,4907.0,2505.0,2472.0,2506.0,2508.0,2508.0,1731.0,741.0,1756.0,749.0
2.0,4908.0,2508.0,2473.0,2508.0,2511.0,2511.0,1732.0,741.0,1756.0,752.0
2.0,4908.0,2498.0,2473.0,2511.0,2498.0,2498.0,1732.0,741.0,1743.0,755.0
2.0,4921.0,2508.0,2474.0,2498.0,2511.0,2511.0,1733.0,741.0,1754.0,754.0
2.0,4911.0,2503.0,2475.0,2511.0,2506.0,2506.0,1733.0,742.0,1753.0,750.0
2.0,4919.0,2508.0,2475.0,2506.0,2508.0,2508.0,1733.0,742.0,1756.0,752.0
2.0,4917.0,2509.0,2476.0,2508.0,2512.0,2512.0,1734.0,742.0,1755.0,754.0
2.0,4916.0,2513.0,2476.0,2512.0,2513.0,2513.0,1734.0,742.0,1758.0,755.0
2.0,4915.0,2502.0,2477.0,2513.0,2505.0,2505.0,1734.0,743.0,1750.0,752.0
2.0,4926.0,2508.0,2478.0,2505.0,2511.0,2511.0,1735.0,743.0,1751.0,757.0
2.0,4923.0,2499.0,2478.0,2511.0,2499.0,2499.0,1735.0,743.0,1746.0,753.0
2.0,4935.0,2508.0,2479.0,2499.0,2511.0,2511.0,1735.0,744.0,1756.0,752.0
2.0,4926.0,2501.0,2479.0,2511.0,2501.0,2501.0,1735.0,744.0,1750.0,751.0
2.0,4936.0,2509.0,2480.0,2501.0,2512.0,2512.0,1736.0,744.0,1751.0,758.0
2.0,4928.0,2506.0,2481.0,2512.0,2509.0,2509.0,1736.0,745.0,1755.0,751.0
2.0,4934.0,2492.0,2481.0,2509.0,2492.0,2492.0,1736.0,745.0,1741.0,751.0
2.0,4951.0,2500.0,2482.0,2492.0,2503.0,2503.0,1737.0,745.0,1748.0,752.0
2.0,4943.0,2505.0,2482.0,2503.0,2505.0,2505.0,1737.0,745.0,1749.0,756.0
2.0,4941.0,2492.0,2482.0,2505.0,2492.0,2492.0,1737.0,745.0,1742.0,750.0
2.0,4954.0,2495.0,2484.0,2492.0,2501.0,2501.0,1738.0,746.0,1747.0,748.0
2.0,4951.0,2500.0,2484.0,2501.0,2500.0,2500.0,1738.0,746.0,1752.0,748.0
2.0,4952.0,2490.0,2485.0,2500.0,2493.0,2493.0,1739.0,746.0,1740.0,750.0
2.0,4962.0,2495.0,2485.0,2493.0,2495.0,2495.0,1739.0,746.0,1742.0,753.0
2.0,4960.0,2491.0,2485.0,2495.0,2491.0,2491.0,1739.0,746.0,1743.0,748.0
2.0,4964.0,2495.0,2487.0,2491.0,2501.0,2501.0,1740.0,747.0,1745.0,750.0
2.0,4960.0,2493.0,2487.0,2501.0,2493.0,2493.0,1740.0,747.0,1742.0,751.0
2.0,4968.0,2500.0,2488.0,2493.0,2503.0,2503.0,1741.0,747.0,1746.0,754.0
2.0,4961.0,2499.0,2488.0,2503.0,2499.0,2499.0,1741.0,747.0,1750.0,749.0
2.0,4965.0,2482.0,2490.0,2499.0,2488.0,2488.0,1742.0,748.0,1739.0,743.0
2.0,4982.0,2487.0,2490.0,2488.0,2487.0,2487.0,1742.0,748.0,1739.0,748.0
2.0,4983.0,2490.0,2490.0,2487.0,2490.0,2490.0,1742.0,748.0,1741.0,749.0
2.0,4980.0,2502.0,2491.0,2490.0,2505.0,2505.0,1743.0,748.0,1751.0,751.0
2.0,4968.0,2498.0,2491.0,2505.0,2498.0,2498.0,1743.0,748.0,1752.0,746.0
2.0,4975.0,2505.0,2493.0,2498.0,2511.0,2511.0,1744.0,749.0,1758.0,747.0
2.0,4968.0,2500.0,2494.0,2511.0,2503.0,2503.0,1745.0,749.0,1754.0,746.0
2.0,4979.0,2496.0,2494.0,2503.0,2496.0,2496.0,1745.0,749.0,1750.0,746.0
2.0,4986.0,2506.0,2495.0,2496.0,2509.0,2509.0,1746.0,749.0,1758.0,748.0
2.0,4976.0,2496.0,2495.0,2509.0,2496.0,2496.0,1746.0,749.0,1746.0,750.0
2.0,4989.0,2502.0,2496.0,2496.0,2505.0,2505.0,1747.0,749.0,1756.0,746.0
2.0,4983.0,2502.0,2497.0,2505.0,2505.0,2505.0,1747.0,750.0,1754.0,748.0
2.0,4986.0,2507.0,2498.0,2505.0,2510.0,2510.0,1748.0,750.0,1760.0,747.0
2.0,4984.0,2509.0,2498.0,2510.0,2509.0,2509.0,1748.0,750.0,1760.0,749.0
2.0,4985.0,2503.0,2498.0,2509.0,2503.0,2503.0,1748.0,750.0,1753.0,750.0
2.0,4991.0,2510.0,2499.0,2503.0,2513.0,2513.0,1749.0,750.0,1758.0,752.0
2.0,4984.0,2520.0,2499.0,2513.0,2520.0,2520.0,1749.0,750.0,1765.0,755.0
2.0,4977.0,2520.0,2500.0,2520.0,2523.0,2523.0,1750.0,750.0,1768.0,752.0
2.0,4977.0,2516.0,2500.0,2523.0,2516.0,2516.0,1750.0,750.0,1765.0,751.0
2.0,4984.0,2526.0,2501.0,2516.0,2529.0,2529.0,1751.0,750.0,1773.0,753.0
2.0,4974.0,2531.0,2503.0,2529.0,2537.0,2537.0,1752.0,751.0,1776.0,755.0
2.0,4972.0,2522.0,2503.0,2537.0,2522.0,2522.0,1752.0,751.0,1766.0,756.0
2.0,4987.0,2512.0,2504.0,2522.0,2515.0,2515.0,1753.0,751.0,1762.0,750.0
2.0,4997.0,2533.0,2504.0,2515.0,2533.0,2533.0,1753.0,751.0,1778.0,755.0
2.0,4979.0,2533.0,2504.0,2533.0,2533.0,2533.0,1753.0,751.0,1769.0,764.0
2.0,4979.0,2526.0,2505.0,2533.0,2529.0,2529.0,1754.0,751.0,1768.0,758.0
2.0,4986.0,2533.0,2505.0,2529.0,2533.0,2533.0,1754.0,751.0,1775.0,758.0
2.0,4982.0,2539.0,2507.0,2533.0,2545.0,2545.0,1755.0,752.0,1778.0,761.0
2.0,4976.0,2530.0,2507.0,2545.0,2530.0,2530.0,1755.0,752.0,1769.0,761.0
2.0,4991.0,2539.0,2507.0,2530.0,2539.0,2539.0,1755.0,752.0,1780.0,759.0
2.0,4982.0,2547.0,2508.0,2539.0,2550.0,2550.0,1756.0,752.0,1782.0,765.0
2.0,4974.0,2534.0,2508.0,2550.0,2534.0,2534.0,1756.0,752.0,1775.0,759.0
2.0,4990.0,2537.0,2509.0,2534.0,2540.0,2540.0,1757.0,752.0,1773.0,764.0
2.0,4987.0,2535.0,2509.0,2540.0,2535.0,2535.0,1757.0,752.0,1774.0,761.0
2.0,4992.0,2539.0,2511.0,2535.0,2545.0,2545.0,1758.0,753.0,1777.0,762.0
2.0,4988.0,2534.0,2511.0,2545.0,2534.0,2534.0,1758.0,753.0,1771.0,763.0
2.0,4999.0,2533.0,2511.0,2534.0,2533.0,2533.0,1758.0,753.0,1765.0,768.0
2.0,5000.0,2538.0,2512.0,2533.0,2541.0,2541.0,1759.0,753.0,1776.0,762.0
2.0,4995.0,2545.0,2513.0,2541.0,2548.0,2548.0,1759.0,754.0,1781.0,764.0
2.0,4991.0,2533.0,2514.0,2548.0,2536.0,2536.0,1760.0,754.0,1769.0,764.0
2.0,5006.0,2537.0,2514.0,2536.0,2537.0,2537.0,1760.0,754.0,1774.0,763.0
2.0,5005.0,2541.0,2515.0,2537.0,2544.0,2544.0,1761.0,754.0,1775.0,766.0
2.0,5001.0,2543.0,2516.0,2544.0,2546.0,2546.0,1762.0,754.0,1779.0,764.0
2.0,5002.0,2535.0,2517.0,2546.0,2538.0,2538.0,1762.0,755.0,1773.0,762.0
2.0,5013.0,2537.0,2517.0,2538.0,2537.0,2537.0,1762.0,755.0,1773.0,764.0
2.0,5014.0,2547.0,2518.0,2537.0,2550.0,2550.0,1763.0,755.0,1780.0,767.0
2.0,5004.0,2526.0,2520.0,2550.0,2532.0,2532.0,1764.0,756.0,1764.0,762.0
2.0,5028.0,2541.0,2520.0,2532.0,2541.0,2541.0,1764.0,756.0,1778.0,763.0
2.0,5019.0,2530.0,2521.0,2541.0,2533.0,2533.0,1765.0,756.0,1769.0,761.0
2.0,5030.0,2540.0,2521.0,2533.0,2540.0,2540.0,1765.0,756.0,1775.0,765.0
2.0,5023.0,2537.0,2522.0,2540.0,2540.0,2540.0,1766.0,756.0,1775.0,762.0
2.0,5026.0,2533.0,2523.0,2540.0,2536.0,2536.0,1766.0,757.0,1773.0,760.0
2.0,5033.0,2523.0,2524.0,2536.0,2526.0,2526.0,1767.0,757.0,1766.0,757.0
2.0,5046.0,2539.0,2525.0,2526.0,2542.0,2542.0,1768.0,757.0,1775.0,764.0
2.0,5033.0,2539.0,2525.0,2542.0,2539.0,2539.0,1768.0,757.0,1780.0,759.0
2.0,5036.0,2535.0,2527.0,2539.0,2541.0,2541.0,1769.0,758.0,1774.0,761.0
2.0,5040.0,2537.0,2527.0,2541.0,2537.0,2537.0,1769.0,758.0,1776.0,761.0
2.0,5044.0,2534.0,2528.0,2537.0,2537.0,2537.0,1770.0,758.0,1771.0,763.0
2.0,5047.0,2545.0,2529.0,2537.0,2548.0,2548.0,1770.0,759.0,1781.0,764.0
2.0,5039.0,2534.0,2530.0,2548.0,2537.0,2537.0,1771.0,759.0,1776.0,758.0
2.0,5053.0,2544.0,2530.0,2537.0,2544.0,2544.0,1771.0,759.0,1783.0,761.0
2.0,5046.0,2542.0,2531.0,2544.0,2545.0,2545.0,1772.0,759.0,1777.0,765.0
2.0,5048.0,2546.0,2532.0,2545.0,2549.0,2549.0,1772.0,760.0,1785.0,761.0
2.0,5047.0,2550.0,2533.0,2549.0,2553.0,2553.0,1773.0,760.0,1786.0,764.0
2.0,5046.0,2547.0,2533.0,2553.0,2547.0,2547.0,1773.0,760.0,1780.0,767.0
2.0,5052.0,2549.0,2535.0,2547.0,2555.0,2555.0,1774.0,761.0,1787.0,762.0
2.0,5050.0,2546.0,2535.0,2555.0,2546.0,2546.0,1774.0,761.0,1782.0,764.0
2.0,5059.0,2549.0,2536.0,2546.0,2552.0,2552.0,1775.0,761.0,1787.0,762.0
2.0,5056.0,2548.0,2536.0,2552.0,2548.0,2548.0,1775.0,761.0,1781.0,767.0
2.0,5060.0,2547.0,2536.0,2548.0,2547.0,2547.0,1775.0,761.0,1782.0,765.0
2.0,5061.0,2545.0,2538.0,2547.0,2551.0,2551.0,1776.0,762.0,1780.0,765.0
2.0,5063.0,2555.0,2538.0,2551.0,2555.0,2555.0,1776.0,762.0,1793.0,762.0
2.0,5059.0,2551.0,2538.0,2555.0,2551.0,2551.0,1776.0,762.0,1788.0,763.0
2.0,5063.0,2551.0,2539.0,2551.0,2554.0,2554.0,1777.0,762.0,1782.0,769.0
2.0,5063.0,2563.0,2540.0,2554.0,2566.0,2566.0,1777.0,763.0,1795.0,768.0
2.0,5054.0,2554.0,2540.0,2566.0,2554.0,2554.0,1777.0,763.0,1789.0,765.0
2.0,5066.0,2570.0,2541.0,2554.0,2573.0,2573.0,1778.0,763.0,1801.0,769.0
2.0,5050.0,2558.0,2541.0,2573.0,2558.0,2558.0,1778.0,763.0,1791.0,767.0
2.0,5065.0,2562.0,2542.0,2558.0,2565.0,2565.0,1779.0,763.0,1791.0,771.0
2.0,5061.0,2568.0,2543.0,2565.0,2571.0,2571.0,1779.0,764.0,1798.0,770.0
2.0,5058.0,2561.0,2544.0,2571.0,2564.0,2564.0,1780.0,764.0,1792.0,769.0
2.0,5068.0,2570.0,2544.0,2564.0,2570.0,2570.0,1780.0,764.0,1803.0,767.0
2.0,5062.0,2561.0,2544.0,2570.0,2561.0,2561.0,1780.0,764.0,1788.0,773.0
2.0,5071.0,2581.0,2545.0,2561.0,2584.0,2584.0,1781.0,764.0,1808.0,773.0
2.0,5051.0,2564.0,2545.0,2584.0,2564.0,2564.0,1781.0,764.0,1795.0,769.0
2.0,5071.0,2569.0,2547.0,2564.0,2575.0,2575.0,1782.0,765.0,1797.0,772.0
2.0,5066.0,2580.0,2547.0,2575.0,2580.0,2580.0,1782.0,765.0,1807.0,773.0
2.0,5061.0,2570.0,2548.0,2580.0,2573.0,2573.0,1783.0,765.0,1800.0,770.0
2.0,5071.0,2578.0,2549.0,2573.0,2581.0,2581.0,1784.0,765.0,1810.0,768.0
2.0,5066.0,2577.0,2549.0,2581.0,2577.0,2577.0,1784.0,765.0,1805.0,772.0
2.0,5070.0,2565.0,2549.0,2577.0,2565.0,2565.0,1784.0,765.0,1792.0,773.0
2.0,5082.0,2572.0,2550.0,2565.0,2575.0,2575.0,1785.0,765.0,1803.0,769.0
2.0,5075.0,2578.0,2552.0,2575.0,2584.0,2584.0,1786.0,766.0,1806.0,772.0
2.0,5072.0,2573.0,2552.0,2584.0,2573.0,2573.0,1786.0,766.0,1808.0,765.0
2.0,5083.0,2576.0,2553.0,2573.0,2579.0,2579.0,1787.0,766.0,1809.0,767.0
2.0,5080.0,2571.0,2554.0,2579.0,2574.0,2574.0,1788.0,766.0,1804.0,767.0
2.0,5088.0,2560.0,2554.0,2574.0,2560.0,2560.0,1788.0,766.0,1790.0,770.0
2.0,5102.0,2563.0,2554.0,2560.0,2563.0,2563.0,1788.0,766.0,1800.0,763.0
2.0,5099.0,2566.0,2555.0,2563.0,2569.0,2569.0,1789.0,766.0,1798.0,768.0
2.0,5096.0,2566.0,2555.0,2569.0,2566.0,2566.0,1789.0,766.0,1798.0,768.0
2.0,5099.0,2572.0,2556.0,2566.0,2575.0,2575.0,1790.0,766.0,1802.0,770.0
2.0,5093.0,2569.0,2556.0,2575.0,2569.0,2569.0,1790.0,766.0,1800.0,769.0
2.0,5099.0,2567.0,2557.0,2569.0,2570.0,2570.0,1791.0,766.0,1799.0,768.0
2.0,5101.0,2572.0,2557.0,2570.0,2572.0,2572.0,1791.0,766.0,1805.0,767.0
2.0,5099.0,2571.0,2559.0,2572.0,2577.0,2577.0,1792.0,767.0,1804.0,767.0
2.0,5100.0,2564.0,2560.0,2577.0,2567.0,2567.0,1793.0,767.0,1796.0,768.0
2.0,5113.0,2574.0,2560.0,2567.0,2574.0,2574.0,1793.0,767.0,1805.0,769.0
2.0,5106.0,2579.0,2561.0,2574.0,2582.0,2582.0,1794.0,767.0,1803.0,776.0
2.0,5101.0,2569.0,2561.0,2582.0,2569.0,2569.0,1794.0,767.0,1800.0,769.0
2.0,5114.0,2574.0,2563.0,2569.0,2580.0,2580.0,1795.0,768.0,1802.0,772.0
2.0,5109.0,2568.0,2563.0,2580.0,2568.0,2568.0,1795.0,768.0,1802.0,766.0
2.0,5121.0,2567.0,2563.0,2568.0,2567.0,2567.0,1795.0,768.0,1796.0,771.0
2.0,5122.0,2579.0,2564.0,2567.0,2582.0,2582.0,1796.0,768.0,1803.0,776.0
2.0,5110.0,2578.0,2564.0,2582.0,2578.0,2578.0,1796.0,768.0,1807.0,771.0
2.0,5114.0,2575.0,2565.0,2578.0,2578.0,2578.0,1797.0,768.0,1803.0,772.0
2.0,5117.0,2569.0,2566.0,2578.0,2572.0,2572.0,1797.0,769.0,1799.0,770.0
2.0,5126.0,2578.0,2567.0,2572.0,2581.0,2581.0,1798.0,769.0,1805.0,773.0
2.0,5120.0,2566.0,2567.0,2581.0,2566.0,2566.0,1798.0,769.0,1794.0,772.0
2.0,5135.0,2593.0,2567.0,2566.0,2593.0,2593.0,1798.0,769.0,1813.0,780.0
2.0,5108.0,2594.0,2569.0,2593.0,2600.0,2600.0,1799.0,770.0,1814.0,780.0
2.0,5107.0,2595.0,2570.0,2600.0,2598.0,2598.0,1800.0,770.0,1821.0,774.0
2.0,5112.0,2584.0,2570.0,2598.0,2584.0,2584.0,1800.0,770.0,1810.0,774.0
2.0,5126.0,2589.0,2571.0,2584.0,2592.0,2592.0,1801.0,770.0,1808.0,781.0
2.0,5121.0,2587.0,2571.0,2592.0,2587.0,2587.0,1801.0,770.0,1810.0,777.0
2.0,5126.0,2594.0,2572.0,2587.0,2597.0,2597.0,1801.0,771.0,1815.0,779.0
2.0,5119.0,2602.0,2573.0,2597.0,2605.0,2605.0,1802.0,771.0,1817.0,785.0
2.0,5114.0,2590.0,2573.0,2605.0,2590.0,2590.0,1802.0,771.0,1813.0,777.0
2.0,5129.0,2603.0,2575.0,2590.0,2609.0,2609.0,1803.0,772.0,1822.0,781.0
2.0,5116.0,2600.0,2575.0,2609.0,2600.0,2600.0,1803.0,772.0,1817.0,783.0
2.0,5125.0,2604.0,2576.0,2600.0,2607.0,2607.0,1804.0,772.0,1817.0,787.0
2.0,5121.0,2590.0,2576.0,2607.0,2590.0,2590.0,1804.0,772.0,1810.0,780.0
2.0,5138.0,2604.0,2578.0,2590.0,2610.0,2610.0,1805.0,773.0,1824.0,780.0
2.0,5124.0,2605.0,2578.0,2610.0,2605.0,2605.0,1805.0,773.0,1822.0,783.0
2.0,5129.0,2608.0,2579.0,2605.0,2611.0,2611.0,1806.0,773.0,1821.0,787.0
2.0,5126.0,2601.0,2579.0,2611.0,2601.0,2601.0,1806.0,773.0,1818.0,783.0
2.0,5136.0,2601.0,2581.0,2601.0,2607.0,2607.0,1807.0,774.0,1820.0,781.0
2.0,5136.0,2604.0,2581.0,2607.0,2604.0,2604.0,1807.0,774.0,1822.0,782.0
2.0,5139.0,2614.0,2582.0,2604.0,2617.0,2617.0,1808.0,774.0,1822.0,792.0
2.0,5129.0,2604.0,2582.0,2617.0,2604.0,2604.0,1808.0,774.0,1818.0,786.0
2.0,5142.0,2600.0,2583.0,2604.0,2603.0,2603.0,1808.0,775.0,1819.0,781.0
2.0,5146.0,2604.0,2583.0,2603.0,2604.0,2604.0,1808.0,775.0,1823.0,781.0
2.0,5145.0,2617.0,2584.0,2604.0,2620.0,2620.0,1809.0,775.0,1830.0,787.0
2.0,5132.0,2620.0,2585.0,2620.0,2623.0,2623.0,1810.0,775.0,1835.0,785.0
2.0,5132.0,2610.0,2586.0,2623.0,2613.0,2613.0,1810.0,776.0,1827.0,783.0
2.0,5145.0,2617.0,2587.0,2613.0,2620.0,2620.0,1811.0,776.0,1832.0,785.0
2.0,5141.0,2615.0,2587.0,2620.0,2615.0,2615.0,1811.0,776.0,1826.0,789.0
2.0,5146.0,2608.0,2588.0,2615.0,2611.0,2611.0,1811.0,777.0,1824.0,784.0
2.0,5153.0,2607.0,2589.0,2611.0,2610.0,2610.0,1812.0,777.0,1825.0,782.0
2.0,5157.0,2607.0,2589.0,2610.0,2607.0,2607.0,1812.0,777.0,1825.0,782.0
2.0,5160.0,2606.0,2591.0,2607.0,2612.0,2612.0,1813.0,778.0,1825.0,781.0
2.0,5161.0,2604.0,2591.0,2612.0,2604.0,2604.0,1813.0,778.0,1825.0,779.0
2.0,5169.0,2597.0,2592.0,2604.0,2600.0,2600.0,1814.0,778.0,1818.0,779.0
2.0,5176.0,2607.0,2592.0,2600.0,2607.0,2607.0,1814.0,778.0,1825.0,782.0
2.0,5169.0,2608.0,2593.0,2607.0,2611.0,2611.0,1815.0,778.0,1825.0,783.0
2.0,5168.0,2603.0,2594.0,2611.0,2606.0,2606.0,1815.0,779.0,1824.0,779.0
2.0,5176.0,2604.0,2595.0,2606.0,2607.0,2607.0,1816.0,779.0,1825.0,779.0
2.0,5178.0,2611.0,2595.0,2607.0,2611.0,2611.0,1816.0,779.0,1834.0,777.0
2.0,5174.0,2604.0,2596.0,2611.0,2607.0,2607.0,1817.0,779.0,1821.0,783.0
2.0,5181.0,2604.0,2597.0,2607.0,2607.0,2607.0,1817.0,780.0,1825.0,779.0
2.0,5184.0,2592.0,2597.0,2607.0,2592.0,2592.0,1817.0,780.0,1817.0,775.0
2.0,5199.0,2605.0,2598.0,2592.0,2608.0,2608.0,1818.0,780.0,1826.0,779.0
2.0,5186.0,2609.0,2598.0,2608.0,2609.0,2609.0,1818.0,780.0,1830.0,779.0
2.0,5185.0,2594.0,2599.0,2609.0,2597.0,2597.0,1819.0,780.0,1818.0,776.0
2.0,5200.0,2617.0,2599.0,2597.0,2617.0,2617.0,1819.0,780.0,1834.0,783.0
2.0,5180.0,2600.0,2600.0,2617.0,2603.0,2603.0,1820.0,780.0,1821.0,779.0
2.0,5197.0,2596.0,2601.0,2603.0,2599.0,2599.0,1820.0,781.0,1817.0,779.0
2.0,5204.0,2600.0,2601.0,2599.0,2600.0,2600.0,1820.0,781.0,1819.0,781.0
2.0,5203.0,2600.0,2602.0,2600.0,2603.0,2603.0,1821.0,781.0,1821.0,779.0
2.0,5203.0,2607.0,2602.0,2603.0,2607.0,2607.0,1821.0,781.0,1826.0,781.0
2.0,5199.0,2601.0,2603.0,2607.0,2604.0,2604.0,1822.0,781.0,1822.0,779.0
2.0,5205.0,2609.0,2603.0,2604.0,2609.0,2609.0,1822.0,781.0,1826.0,783.0
2.0,5200.0,2621.0,2603.0,2609.0,2621.0,2621.0,1822.0,781.0,1839.0,782.0
2.0,5188.0,2613.0,2603.0,2621.0,2613.0,2613.0,1822.0,781.0,1830.0,783.0
2.0,5196.0,2615.0,2605.0,2613.0,2621.0,2621.0,1823.0,782.0,1833.0,782.0
2.0,5194.0,2615.0,2605.0,2621.0,2615.0,2615.0,1823.0,782.0,1831.0,784.0
2.0,5200.0,2612.0,2606.0,2615.0,2615.0,2615.0,1824.0,782.0,1827.0,785.0
2.0,5203.0,2615.0,2606.0,2615.0,2615.0,2615.0,1824.0,782.0,1831.0,784.0
2.0,5203.0,2620.0,2606.0,2615.0,2620.0,2620.0,1824.0,782.0,1831.0,789.0
2.0,5198.0,2621.0,2607.0,2620.0,2624.0,2624.0,1825.0,782.0,1830.0,791.0
2.0,5197.0,2632.0,2607.0,2624.0,2632.0,2632.0,1825.0,782.0,1846.0,786.0
2.0,5189.0,2629.0,2607.0,2632.0,2629.0,2629.0,1825.0,782.0,1840.0,789.0
2.0,5192.0,2629.0,2608.0,2629.0,2632.0,2632.0,1826.0,782.0,1844.0,785.0
2.0,5192.0,2628.0,2610.0,2632.0,2634.0,2634.0,1827.0,783.0,1841.0,787.0
2.0,5196.0,2621.0,2610.0,2634.0,2621.0,2621.0,1827.0,783.0,1833.0,788.0
2.0,5209.0,2637.0,2610.0,2621.0,2637.0,2637.0,1827.0,783.0,1845.0,792.0
2.0,5193.0,2637.0,2611.0,2637.0,2640.0,2640.0,1828.0,783.0,1839.0,798.0
2.0,5193.0,2637.0,2611.0,2640.0,2637.0,2637.0,1828.0,783.0,1843.0,794.0
2.0,5196.0,2646.0,2613.0,2637.0,2652.0,2652.0,1829.0,784.0,1854.0,792.0
2.0,5187.0,2644.0,2613.0,2652.0,2644.0,2644.0,1829.0,784.0,1851.0,793.0
2.0,5195.0,2641.0,2614.0,2644.0,2644.0,2644.0,1830.0,784.0,1849.0,792.0
2.0,5198.0,2644.0,2614.0,2644.0,2644.0,2644.0,1830.0,784.0,1852.0,792.0
2.0,5198.0,2656.0,2615.0,2644.0,2659.0,2659.0,1831.0,784.0,1860.0,796.0
2.0,5186.0,2643.0,2616.0,2659.0,2646.0,2646.0,1832.0,784.0,1847.0,796.0
2.0,5202.0,2647.0,2617.0,2646.0,2650.0,2650.0,1832.0,785.0,1855.0,792.0
2.0,5201.0,2644.0,2617.0,2650.0,2644.0,2644.0,1832.0,785.0,1854.0,790.0
2.0,5207.0,2650.0,2618.0,2644.0,2653.0,2653.0,1833.0,785.0,1855.0,795.0
2.0,5201.0,2646.0,2618.0,2653.0,2646.0,2646.0,1833.0,785.0,1854.0,792.0
2.0,5208.0,2652.0,2619.0,2646.0,2655.0,2655.0,1834.0,785.0,1855.0,797.0
2.0,5202.0,2652.0,2620.0,2655.0,2655.0,2655.0,1835.0,785.0,1857.0,795.0
2.0,5205.0,2652.0,2621.0,2655.0,2655.0,2655.0,1835.0,786.0,1860.0,792.0
2.0,5208.0,2650.0,2622.0,2655.0,2653.0,2653.0,1836.0,786.0,1857.0,793.0
2.0,5213.0,2641.0,2622.0,2653.0,2641.0,2641.0,1836.0,786.0,1853.0,788.0
2.0,5225.0,2657.0,2623.0,2641.0,2660.0,2660.0,1837.0,786.0,1859.0,798.0
2.0,5209.0,2640.0,2625.0,2660.0,2646.0,2646.0,1838.0,787.0,1848.0,792.0
2.0,5229.0,2644.0,2625.0,2646.0,2644.0,2644.0,1838.0,787.0,1853.0,791.0
2.0,5231.0,2654.0,2626.0,2644.0,2657.0,2657.0,1839.0,787.0,1865.0,789.0
2.0,5221.0,2647.0,2627.0,2657.0,2650.0,2650.0,1840.0,787.0,1854.0,793.0
2.0,5231.0,2648.0,2627.0,2650.0,2648.0,2648.0,1840.0,787.0,1858.0,790.0
2.0,5233.0,2643.0,2628.0,2648.0,2646.0,2646.0,1840.0,788.0,1849.0,794.0
2.0,5238.0,2645.0,2629.0,2646.0,2648.0,2648.0,1841.0,788.0,1853.0,792.0
2.0,5239.0,2636.0,2629.0,2648.0,2636.0,2636.0,1841.0,788.0,1842.0,794.0
2.0,5251.0,2635.0,2630.0,2636.0,2638.0,2638.0,1842.0,788.0,1847.0,788.0
2.0,5252.0,2636.0,2631.0,2638.0,2639.0,2639.0,1842.0,789.0,1844.0,792.0
2.0,5254.0,2638.0,2632.0,2639.0,2641.0,2641.0,1843.0,789.0,1844.0,794.0
2.0,5255.0,2637.0,2632.0,2641.0,2637.0,2637.0,1843.0,789.0,1842.0,795.0
2.0,5259.0,2646.0,2632.0,2637.0,2646.0,2646.0,1843.0,789.0,1852.0,794.0
2.0,5250.0,2645.0,2634.0,2646.0,2651.0,2651.0,1844.0,790.0,1850.0,795.0
2.0,5251.0,2626.0,2634.0,2651.0,2626.0,2626.0,1844.0,790.0,1838.0,788.0
2.0,5276.0,2646.0,2635.0,2626.0,2649.0,2649.0,1845.0,790.0,1851.0,795.0
2.0,5256.0,2644.0,2636.0,2649.0,2647.0,2647.0,1846.0,790.0,1850.0,794.0
2.0,5261.0,2652.0,2637.0,2647.0,2655.0,2655.0,1846.0,791.0,1856.0,796.0
2.0,5256.0,2641.0,2638.0,2655.0,2644.0,2644.0,1847.0,791.0,1847.0,794.0
2.0,5270.0,2657.0,2638.0,2644.0,2657.0,2657.0,1847.0,791.0,1855.0,802.0
2.0,5257.0,2638.0,2639.0,2657.0,2641.0,2641.0,1847.0,792.0,1847.0,791.0
2.0,5276.0,2644.0,2640.0,2641.0,2647.0,2647.0,1848.0,792.0,1850.0,794.0
2.0,5273.0,2659.0,2640.0,2647.0,2659.0,2659.0,1848.0,792.0,1859.0,800.0
2.0,5261.0,2648.0,2641.0,2659.0,2651.0,2651.0,1849.0,792.0,1854.0,794.0
2.0,5272.0,2658.0,2642.0,2651.0,2661.0,2661.0,1849.0,793.0,1859.0,799.0
2.0,5265.0,2648.0,2643.0,2661.0,2651.0,2651.0,1850.0,793.0,1852.0,796.0
2.0,5278.0,2661.0,2643.0,2651.0,2661.0,2661.0,1850.0,793.0,1865.0,796.0
2.0,5268.0,2658.0,2644.0,2661.0,2661.0,2661.0,1851.0,793.0,1858.0,800.0
2.0,5271.0,2672.0,2644.0,2661.0,2672.0,2672.0,1851.0,793.0,1870.0,802.0
2.0,5260.0,2659.0,2646.0,2672.0,2665.0,2665.0,1852.0,794.0,1863.0,796.0
2.0,5273.0,2671.0,2646.0,2665.0,2671.0,2671.0,1852.0,794.0,1871.0,800.0
2.0,5267.0,2675.0,2647.0,2671.0,2678.0,2678.0,1853.0,794.0,1869.0,806.0
2.0,5263.0,2671.0,2649.0,2678.0,2677.0,2677.0,1854.0,795.0,1868.0,803.0
2.0,5270.0,2662.0,2649.0,2677.0,2662.0,2662.0,1854.0,795.0,1863.0,799.0
2.0,5285.0,2680.0,2650.0,2662.0,2683.0,2683.0,1855.0,795.0,1880.0,800.0
2.0,5267.0,2669.0,2650.0,2683.0,2669.0,2669.0,1855.0,795.0,1868.0,801.0
2.0,5281.0,2683.0,2651.0,2669.0,2686.0,2686.0,1856.0,795.0,1880.0,803.0
2.0,5267.0,2676.0,2651.0,2686.0,2676.0,2676.0,1856.0,795.0,1870.0,806.0
2.0,5277.0,2688.0,2652.0,2676.0,2691.0,2691.0,1857.0,795.0,1888.0,800.0
2.0,5265.0,2678.0,2653.0,2691.0,2681.0,2681.0,1857.0,796.0,1879.0,799.0
2.0,5278.0,2679.0,2654.0,2681.0,2682.0,2682.0,1858.0,796.0,1875.0,804.0
2.0,5280.0,2688.0,2654.0,2682.0,2688.0,2688.0,1858.0,796.0,1886.0,802.0
2.0,5274.0,2678.0,2655.0,2688.0,2681.0,2681.0,1859.0,796.0,1876.0,802.0
2.0,5284.0,2687.0,2655.0,2681.0,2687.0,2687.0,1859.0,796.0,1878.0,809.0
2.0,5278.0,2678.0,2657.0,2687.0,2684.0,2684.0,1860.0,797.0,1878.0,800.0
2.0,5287.0,2682.0,2657.0,2684.0,2682.0,2682.0,1860.0,797.0,1882.0,800.0
2.0,5289.0,2685.0,2658.0,2682.0,2688.0,2688.0,1861.0,797.0,1883.0,802.0
2.0,5286.0,2678.0,2658.0,2688.0,2678.0,2678.0,1861.0,797.0,1878.0,800.0
2.0,5296.0,2679.0,2658.0,2678.0,2679.0,2679.0,1861.0,797.0,1877.0,802.0
2.0,5295.0,2686.0,2659.0,2679.0,2689.0,2689.0,1862.0,797.0,1881.0,805.0
2.0,5288.0,2677.0,2659.0,2689.0,2677.0,2677.0,1862.0,797.0,1879.0,798.0
2.0,5300.0,2659.0,2660.0,2677.0,2662.0,2662.0,1862.0,798.0,1859.0,800.0
2.0,5318.0,2666.0,2661.0,2662.0,2669.0,2669.0,1863.0,798.0,1866.0,800.0
2.0,5314.0,2672.0,2661.0,2669.0,2672.0,2672.0,1863.0,798.0,1870.0,802.0
2.0,5311.0,2669.0,2661.0,2672.0,2669.0,2669.0,1863.0,798.0,1870.0,799.0
2.0,5314.0,2672.0,2661.0,2669.0,2672.0,2672.0,1863.0,798.0,1868.0,804.0
2.0,5311.0,2676.0,2663.0,2672.0,2682.0,2682.0,1864.0,799.0,1874.0,802.0
2.0,5307.0,2677.0,2663.0,2682.0,2677.0,2677.0,1864.0,799.0,1876.0,801.0
2.0,5312.0,2666.0,2664.0,2677.0,2669.0,2669.0,1865.0,799.0,1869.0,797.0
2.0,5323.0,2670.0,2664.0,2669.0,2670.0,2670.0,1865.0,799.0,1868.0,802.0
2.0,5322.0,2673.0,2665.0,2670.0,2676.0,2676.0,1866.0,799.0,1871.0,802.0
2.0,5319.0,2672.0,2665.0,2676.0,2672.0,2672.0,1866.0,799.0,1872.0,800.0
2.0,5323.0,2670.0,2666.0,2672.0,2673.0,2673.0,1867.0,799.0,1873.0,797.0
2.0,5325.0,2667.0,2667.0,2673.0,2670.0,2670.0,1867.0,800.0,1865.0,802.0
2.0,5331.0,2667.0,2667.0,2670.0,2667.0,2667.0,1867.0,800.0,1867.0,800.0
2.0,5334.0,2660.0,2668.0,2667.0,2663.0,2663.0,1868.0,800.0,1859.0,801.0
2.0,5341.0,2672.0,2668.0,2663.0,2672.0,2672.0,1868.0,800.0,1869.0,803.0
2.0,5332.0,2667.0,2668.0,2672.0,2667.0,2667.0,1868.0,800.0,1863.0,804.0
2.0,5337.0,2676.0,2669.0,2667.0,2679.0,2679.0,1869.0,800.0,1873.0,803.0
2.0,5328.0,2669.0,2669.0,2679.0,2669.0,2669.0,1869.0,800.0,1868.0,801.0
2.0,5338.0,2679.0,2670.0,2669.0,2682.0,2682.0,1869.0,801.0,1872.0,807.0
2.0,5328.0,2682.0,2671.0,2682.0,2685.0,2685.0,1870.0,801.0,1876.0,806.0
2.0,5328.0,2686.0,2671.0,2685.0,2686.0,2686.0,1870.0,801.0,1877.0,809.0
2.0,5327.0,2686.0,2672.0,2686.0,2689.0,2689.0,1871.0,801.0,1877.0,809.0
2.0,5327.0,2682.0,2673.0,2689.0,2685.0,2685.0,1871.0,802.0,1872.0,810.0
2.0,5334.0,2686.0,2674.0,2685.0,2689.0,2689.0,1872.0,802.0,1880.0,806.0
2.0,5333.0,2703.0,2674.0,2689.0,2703.0,2703.0,1872.0,802.0,1888.0,815.0
2.0,5319.0,2695.0,2675.0,2703.0,2698.0,2698.0,1873.0,802.0,1887.0,808.0
2.0,5327.0,2693.0,2676.0,2698.0,2696.0,2696.0,1873.0,803.0,1880.0,813.0
2.0,5332.0,2713.0,2677.0,2696.0,2716.0,2716.0,1874.0,803.0,1901.0,812.0
2.0,5315.0,2704.0,2677.0,2716.0,2704.0,2704.0,1874.0,803.0,1890.0,814.0
2.0,5327.0,2699.0,2679.0,2704.0,2705.0,2705.0,1875.0,804.0,1886.0,813.0
2.0,5332.0,2707.0,2679.0,2705.0,2707.0,2707.0,1875.0,804.0,1897.0,810.0
2.0,5330.0,2703.0,2680.0,2707.0,2706.0,2706.0,1876.0,804.0,1889.0,814.0
2.0,5334.0,2721.0,2680.0,2706.0,2721.0,2721.0,1876.0,804.0,1901.0,820.0
2.0,5319.0,2712.0,2681.0,2721.0,2715.0,2715.0,1877.0,804.0,1897.0,815.0
2.0,5328.0,2727.0,2683.0,2715.0,2733.0,2733.0,1878.0,805.0,1910.0,817.0
2.0,5316.0,2729.0,2683.0,2733.0,2729.0,2729.0,1878.0,805.0,1910.0,819.0
2.0,5320.0,2723.0,2684.0,2729.0,2726.0,2726.0,1879.0,805.0,1908.0,815.0
2.0,5326.0,2718.0,2686.0,2726.0,2724.0,2724.0,1880.0,806.0,1902.0,816.0
2.0,5334.0,2722.0,2686.0,2724.0,2722.0,2722.0,1880.0,806.0,1905.0,817.0
2.0,5336.0,2728.0,2687.0,2722.0,2731.0,2731.0,1881.0,806.0,1909.0,819.0
2.0,5330.0,2718.0,2687.0,2731.0,2718.0,2718.0,1881.0,806.0,1904.0,814.0
2.0,5343.0,2724.0,2689.0,2718.0,2730.0,2730.0,1882.0,807.0,1910.0,814.0
2.0,5337.0,2728.0,2689.0,2730.0,2728.0,2728.0,1882.0,807.0,1910.0,818.0
2.0,5339.0,2724.0,2690.0,2728.0,2727.0,2727.0,1883.0,807.0,1908.0,816.0
2.0,5343.0,2719.0,2690.0,2727.0,2719.0,2719.0,1883.0,807.0,1903.0,816.0
2.0,5351.0,2712.0,2692.0,2719.0,2718.0,2718.0,1884.0,808.0,1895.0,817.0
2.0,5358.0,2718.0,2692.0,2718.0,2718.0,2718.0,1884.0,808.0,1905.0,813.0
2.0,5358.0,2724.0,2692.0,2718.0,2724.0,2724.0,1884.0,808.0,1905.0,819.0
2.0,5352.0,2730.0,2694.0,2724.0,2736.0,2736.0,1885.0,809.0,1916.0,814.0
2.0,5346.0,2710.0,2695.0,2736.0,2713.0,2713.0,1886.0,809.0,1898.0,812.0
2.0,5372.0,2706.0,2695.0,2713.0,2706.0,2706.0,1886.0,809.0,1895.0,811.0
2.0,5379.0,2716.0,2696.0,2706.0,2719.0,2719.0,1887.0,809.0,1902.0,814.0
2.0,5369.0,2716.0,2696.0,2719.0,2716.0,2716.0,1887.0,809.0,1906.0,810.0
2.0,5372.0,2705.0,2698.0,2716.0,2711.0,2711.0,1888.0,810.0,1891.0,814.0
2.0,5383.0,2717.0,2698.0,2711.0,2717.0,2717.0,1888.0,810.0,1900.0,817.0
2.0,5377.0,2711.0,2699.0,2717.0,2714.0,2714.0,1889.0,810.0,1899.0,812.0
2.0,5383.0,2698.0,2699.0,2714.0,2698.0,2698.0,1889.0,810.0,1887.0,811.0
2.0,5399.0,2698.0,2700.0,2698.0,2701.0,2701.0,1889.0,811.0,1885.0,813.0
2.0,5399.0,2700.0,2701.0,2701.0,2703.0,2703.0,1890.0,811.0,1896.0,804.0
2.0,5400.0,2702.0,2701.0,2703.0,2702.0,2702.0,1890.0,811.0,1891.0,811.0
2.0,5401.0,2710.0,2702.0,2702.0,2713.0,2713.0,1891.0,811.0,1899.0,811.0
2.0,5393.0,2689.0,2702.0,2713.0,2689.0,2689.0,1891.0,811.0,1879.0,810.0
2.0,5417.0,2702.0,2703.0,2689.0,2705.0,2705.0,1891.0,812.0,1892.0,810.0
2.0,5404.0,2705.0,2704.0,2705.0,2708.0,2708.0,1892.0,812.0,1895.0,810.0
2.0,5404.0,2698.0,2704.0,2708.0,2698.0,2698.0,1892.0,812.0,1886.0,812.0
2.0,5414.0,2712.0,2705.0,2698.0,2715.0,2715.0,1893.0,812.0,1901.0,811.0
2.0,5400.0,2708.0,2706.0,2715.0,2711.0,2711.0,1894.0,812.0,1896.0,812.0
2.0,5407.0,2719.0,2707.0,2711.0,2722.0,2722.0,1895.0,812.0,1907.0,812.0
2.0,5399.0,2701.0,2708.0,2722.0,2704.0,2704.0,1895.0,813.0,1892.0,809.0
2.0,5420.0,2712.0,2709.0,2704.0,2715.0,2715.0,1896.0,813.0,1904.0,808.0
2.0,5412.0,2712.0,2709.0,2715.0,2712.0,2712.0,1896.0,813.0,1903.0,809.0
2.0,5415.0,2711.0,2710.0,2712.0,2714.0,2714.0,1897.0,813.0,1899.0,812.0
2.0,5416.0,2715.0,2710.0,2714.0,2715.0,2715.0,1897.0,813.0,1904.0,811.0
2.0,5415.0,2708.0,2711.0,2715.0,2711.0,2711.0,1898.0,813.0,1898.0,810.0
2.0,5422.0,2720.0,2711.0,2711.0,2720.0,2720.0,1898.0,813.0,1906.0,814.0
2.0,5413.0,2715.0,2712.0,2720.0,2718.0,2718.0,1899.0,813.0,1901.0,814.0
2.0,5418.0,2728.0,2712.0,2718.0,2728.0,2728.0,1899.0,813.0,1907.0,821.0
2.0,5408.0,2733.0,2713.0,2728.0,2736.0,2736.0,1900.0,813.0,1915.0,818.0
2.0,5403.0,2737.0,2714.0,2736.0,2740.0,2740.0,1900.0,814.0,1920.0,817.0
2.0,5402.0,2733.0,2715.0,2740.0,2736.0,2736.0,1901.0,814.0,1916.0,817.0
2.0,5409.0,2740.0,2715.0,2736.0,2740.0,2740.0,1901.0,814.0,1919.0,821.0
2.0,5405.0,2732.0,2716.0,2740.0,2735.0,2735.0,1902.0,814.0,1915.0,817.0
2.0,5413.0,2747.0,2716.0,2735.0,2747.0,2747.0,1902.0,814.0,1925.0,822.0
2.0,5401.0,2751.0,2717.0,2747.0,2754.0,2754.0,1903.0,814.0,1930.0,821.0
2.0,5397.0,2745.0,2717.0,2754.0,2745.0,2745.0,1903.0,814.0,1922.0,823.0
2.0,5406.0,2743.0,2718.0,2745.0,2746.0,2746.0,1904.0,814.0,1918.0,825.0
2.0,5408.0,2745.0,2719.0,2746.0,2748.0,2748.0,1904.0,815.0,1923.0,822.0
2.0,5409.0,2755.0,2720.0,2748.0,2758.0,2758.0,1905.0,815.0,1933.0,822.0
2.0,5402.0,2746.0,2720.0,2758.0,2746.0,2746.0,1905.0,815.0,1923.0,823.0
2.0,5414.0,2747.0,2720.0,2746.0,2747.0,2747.0,1905.0,815.0,1926.0,821.0
2.0,5413.0,2761.0,2721.0,2747.0,2764.0,2764.0,1906.0,815.0,1936.0,825.0
2.0,5399.0,2750.0,2721.0,2764.0,2750.0,2750.0,1906.0,815.0,1924.0,826.0
2.0,5413.0,2755.0,2722.0,2750.0,2758.0,2758.0,1907.0,815.0,1929.0,826.0
2.0,5408.0,2758.0,2723.0,2758.0,2761.0,2761.0,1907.0,816.0,1934.0,824.0
2.0,5408.0,2750.0,2723.0,2761.0,2750.0,2750.0,1907.0,816.0,1927.0,823.0
2.0,5419.0,2746.0,2724.0,2750.0,2749.0,2749.0,1908.0,816.0,1922.0,824.0
2.0,5423.0,2753.0,2724.0,2749.0,2753.0,2753.0,1908.0,816.0,1929.0,824.0
2.0,5419.0,2750.0,2725.0,2753.0,2753.0,2753.0,1909.0,816.0,1922.0,828.0
2.0,5422.0,2746.0,2725.0,2753.0,2746.0,2746.0,1909.0,816.0,1921.0,825.0
2.0,5429.0,2742.0,2725.0,2746.0,2742.0,2742.0,1909.0,816.0,1917.0,825.0
2.0,5433.0,2741.0,2726.0,2742.0,2744.0,2744.0,1909.0,817.0,1917.0,824.0
2.0,5434.0,2741.0,2727.0,2744.0,2744.0,2744.0,1910.0,817.0,1917.0,824.0
2.0,5437.0,2745.0,2727.0,2744.0,2745.0,2745.0,1910.0,817.0,1922.0,823.0
2.0,5436.0,2742.0,2727.0,2745.0,2742.0,2742.0,1910.0,817.0,1918.0,824.0
2.0,5439.0,2748.0,2729.0,2742.0,2754.0,2754.0,1911.0,818.0,1923.0,825.0
2.0,5433.0,2740.0,2729.0,2754.0,2740.0,2740.0,1911.0,818.0,1915.0,825.0
2.0,5447.0,2740.0,2730.0,2740.0,2743.0,2743.0,1912.0,818.0,1913.0,827.0
2.0,5447.0,2736.0,2730.0,2743.0,2736.0,2736.0,1912.0,818.0,1912.0,824.0
2.0,5454.0,2735.0,2730.0,2736.0,2735.0,2735.0,1912.0,818.0,1913.0,822.0
2.0,5455.0,2732.0,2732.0,2735.0,2738.0,2738.0,1913.0,819.0,1907.0,825.0
2.0,5458.0,2746.0,2732.0,2738.0,2746.0,2746.0,1913.0,819.0,1918.0,828.0
2.0,5450.0,2740.0,2733.0,2746.0,2743.0,2743.0,1914.0,819.0,1918.0,822.0
2.0,5456.0,2742.0,2734.0,2743.0,2745.0,2745.0,1914.0,820.0,1920.0,822.0
2.0,5457.0,2739.0,2735.0,2745.0,2742.0,2742.0,1915.0,820.0,1914.0,825.0
2.0,5463.0,2737.0,2735.0,2742.0,2737.0,2737.0,1915.0,820.0,1915.0,822.0
2.0,5468.0,2735.0,2735.0,2737.0,2735.0,2735.0,1915.0,820.0,1912.0,823.0
2.0,5470.0,2727.0,2737.0,2735.0,2733.0,2733.0,1916.0,821.0,1905.0,822.0
2.0,5478.0,2736.0,2737.0,2733.0,2736.0,2736.0,1916.0,821.0,1917.0,819.0
2.0,5475.0,2743.0,2738.0,2736.0,2746.0,2746.0,1917.0,821.0,1922.0,821.0
2.0,5468.0,2750.0,2738.0,2746.0,2750.0,2750.0,1917.0,821.0,1920.0,830.0
2.0,5464.0,2741.0,2739.0,2750.0,2744.0,2744.0,1917.0,822.0,1917.0,824.0
2.0,5473.0,2742.0,2740.0,2744.0,2745.0,2745.0,1918.0,822.0,1916.0,826.0
2.0,5475.0,2756.0,2740.0,2745.0,2756.0,2756.0,1918.0,822.0,1927.0,829.0
2.0,5464.0,2750.0,2741.0,2756.0,2753.0,2753.0,1918.0,823.0,1921.0,829.0
2.0,5470.0,2761.0,2742.0,2753.0,2764.0,2764.0,1919.0,823.0,1934.0,827.0
2.0,5462.0,2751.0,2743.0,2764.0,2754.0,2754.0,1920.0,823.0,1922.0,829.0
2.0,5475.0,2760.0,2744.0,2754.0,2763.0,2763.0,1920.0,824.0,1933.0,827.0
2.0,5469.0,2760.0,2745.0,2763.0,2763.0,2763.0,1921.0,824.0,1933.0,827.0
2.0,5472.0,2771.0,2745.0,2763.0,2771.0,2771.0,1921.0,824.0,1945.0,826.0
2.0,5464.0,2778.0,2746.0,2771.0,2781.0,2781.0,1922.0,824.0,1951.0,827.0
2.0,5457.0,2772.0,2746.0,2781.0,2772.0,2772.0,1922.0,824.0,1936.0,836.0
2.0,5466.0,2771.0,2748.0,2772.0,2777.0,2777.0,1923.0,825.0,1943.0,828.0
2.0,5467.0,2774.0,2748.0,2777.0,2774.0,2774.0,1923.0,825.0,1943.0,831.0
2.0,5470.0,2776.0,2749.0,2774.0,2779.0,2779.0,1924.0,825.0,1947.0,829.0
2.0,5468.0,2778.0,2749.0,2779.0,2778.0,2778.0,1924.0,825.0,1946.0,832.0
2.0,5469.0,2769.0,2750.0,2778.0,2772.0,2772.0,1925.0,825.0,1940.0,829.0
2.0,5478.0,2784.0,2751.0,2772.0,2787.0,2787.0,1925.0,826.0,1954.0,830.0
2.0,5466.0,2774.0,2752.0,2787.0,2777.0,2777.0,1926.0,826.0,1946.0,828.0
2.0,5479.0,2779.0,2752.0,2777.0,2779.0,2779.0,1926.0,826.0,1948.0,831.0
2.0,5477.0,2779.0,2752.0,2779.0,2779.0,2779.0,1926.0,826.0,1946.0,833.0
2.0,5477.0,2797.0,2753.0,2779.0,2800.0,2800.0,1927.0,826.0,1958.0,839.0
2.0,5459.0,2784.0,2754.0,2800.0,2787.0,2787.0,1928.0,826.0,1950.0,834.0
2.0,5475.0,2783.0,2755.0,2787.0,2786.0,2786.0,1928.0,827.0,1945.0,838.0
2.0,5479.0,2787.0,2755.0,2786.0,2787.0,2787.0,1928.0,827.0,1954.0,833.0
2.0,5478.0,2775.0,2756.0,2787.0,2778.0,2778.0,1929.0,827.0,1943.0,832.0
2.0,5490.0,2789.0,2756.0,2778.0,2789.0,2789.0,1929.0,827.0,1954.0,835.0
2.0,5479.0,2780.0,2756.0,2789.0,2780.0,2780.0,1929.0,827.0,1947.0,833.0
2.0,5488.0,2782.0,2757.0,2780.0,2785.0,2785.0,1930.0,827.0,1954.0,828.0
2.0,5486.0,2790.0,2759.0,2785.0,2796.0,2796.0,1931.0,828.0,1957.0,833.0
2.0,5481.0,2779.0,2759.0,2796.0,2779.0,2779.0,1931.0,828.0,1947.0,832.0
2.0,5498.0,2772.0,2759.0,2779.0,2772.0,2772.0,1931.0,828.0,1938.0,834.0
2.0,5505.0,2783.0,2760.0,2772.0,2786.0,2786.0,1932.0,828.0,1949.0,834.0
2.0,5494.0,2778.0,2760.0,2786.0,2778.0,2778.0,1932.0,828.0,1944.0,834.0
2.0,5502.0,2775.0,2761.0,2778.0,2778.0,2778.0,1933.0,828.0,1943.0,832.0
2.0,5505.0,2770.0,2762.0,2778.0,2773.0,2773.0,1933.0,829.0,1936.0,834.0
2.0,5513.0,2767.0,2763.0,2773.0,2770.0,2770.0,1934.0,829.0,1938.0,829.0
2.0,5519.0,2775.0,2763.0,2770.0,2775.0,2775.0,1934.0,829.0,1944.0,831.0
2.0,5514.0,2761.0,2763.0,2775.0,2761.0,2761.0,1934.0,829.0,1931.0,830.0
2.0,5528.0,2774.0,2764.0,2761.0,2777.0,2777.0,1935.0,829.0,1942.0,832.0
2.0,5515.0,2767.0,2764.0,2777.0,2767.0,2767.0,1935.0,829.0,1934.0,833.0
2.0,5525.0,2777.0,2765.0,2767.0,2780.0,2780.0,1936.0,829.0,1945.0,832.0
2.0,5515.0,2771.0,2767.0,2780.0,2777.0,2777.0,1937.0,830.0,1938.0,833.0
2.0,5524.0,2774.0,2767.0,2777.0,2774.0,2774.0,1937.0,830.0,1944.0,830.0
2.0,5527.0,2776.0,2768.0,2774.0,2779.0,2779.0,1938.0,830.0,1944.0,832.0
2.0,5525.0,2769.0,2768.0,2779.0,2769.0,2769.0,1938.0,830.0,1940.0,829.0
2.0,5535.0,2778.0,2768.0,2769.0,2778.0,2778.0,1938.0,830.0,1940.0,838.0
2.0,5526.0,2781.0,2769.0,2778.0,2784.0,2784.0,1939.0,830.0,1948.0,833.0
2.0,5523.0,2772.0,2771.0,2784.0,2778.0,2778.0,1940.0,831.0,1938.0,834.0
2.0,5535.0,2788.0,2771.0,2778.0,2788.0,2788.0,1940.0,831.0,1954.0,834.0
2.0,5525.0,2788.0,2772.0,2788.0,2791.0,2791.0,1941.0,831.0,1952.0,836.0
2.0,5525.0,2781.0,2773.0,2791.0,2784.0,2784.0,1942.0,831.0,1950.0,831.0
2.0,5535.0,2782.0,2773.0,2784.0,2782.0,2782.0,1942.0,831.0,1945.0,837.0
2.0,5537.0,2775.0,2775.0,2782.0,2781.0,2781.0,1943.0,832.0,1941.0,834.0
2.0,5544.0,2795.0,2776.0,2781.0,2798.0,2798.0,1944.0,832.0,1961.0,834.0
2.0,5530.0,2785.0,2776.0,2798.0,2785.0,2785.0,1944.0,832.0,1948.0,837.0
2.0,5543.0,2800.0,2777.0,2785.0,2803.0,2803.0,1945.0,832.0,1958.0,842.0
2.0,5528.0,2795.0,2777.0,2803.0,2795.0,2795.0,1945.0,832.0,1956.0,839.0
2.0,5536.0,2799.0,2779.0,2795.0,2805.0,2805.0,1946.0,833.0,1959.0,840.0
2.0,5532.0,2803.0,2779.0,2805.0,2803.0,2803.0,1946.0,833.0,1963.0,840.0
2.0,5534.0,2804.0,2780.0,2803.0,2807.0,2807.0,1947.0,833.0,1961.0,843.0
2.0,5533.0,2808.0,2781.0,2807.0,2811.0,2811.0,1947.0,834.0,1967.0,841.0
2.0,5532.0,2803.0,2782.0,2811.0,2806.0,2806.0,1948.0,834.0,1965.0,838.0
2.0,5540.0,2807.0,2782.0,2806.0,2807.0,2807.0,1948.0,834.0,1965.0,842.0
2.0,5539.0,2820.0,2783.0,2807.0,2823.0,2823.0,1949.0,834.0,1973.0,847.0
2.0,5526.0,2811.0,2783.0,2823.0,2811.0,2811.0,1949.0,834.0,1969.0,842.0
2.0,5538.0,2809.0,2785.0,2811.0,2815.0,2815.0,1950.0,835.0,1967.0,842.0
2.0,5540.0,2814.0,2785.0,2815.0,2814.0,2814.0,1950.0,835.0,1971.0,843.0
2.0,5541.0,2821.0,2786.0,2814.0,2824.0,2824.0,1951.0,835.0,1971.0,850.0
2.0,5534.0,2818.0,2787.0,2824.0,2821.0,2821.0,1951.0,836.0,1977.0,841.0
2.0,5540.0,2820.0,2788.0,2821.0,2823.0,2823.0,1952.0,836.0,1974.0,846.0
2.0,5541.0,2824.0,2788.0,2823.0,2824.0,2824.0,1952.0,836.0,1974.0,850.0
2.0,5540.0,2817.0,2789.0,2824.0,2820.0,2820.0,1953.0,836.0,1973.0,844.0
2.0,5547.0,2826.0,2790.0,2820.0,2829.0,2829.0,1953.0,837.0,1981.0,845.0
2.0,5541.0,2825.0,2791.0,2829.0,2828.0,2828.0,1954.0,837.0,1979.0,846.0
2.0,5545.0,2816.0,2791.0,2828.0,2816.0,2816.0,1954.0,837.0,1969.0,847.0
2.0,5557.0,2816.0,2791.0,2816.0,2816.0,2816.0,1954.0,837.0,1965.0,851.0
2.0,5557.0,2815.0,2793.0,2816.0,2821.0,2821.0,1955.0,838.0,1967.0,848.0
2.0,5558.0,2822.0,2793.0,2821.0,2822.0,2822.0,1955.0,838.0,1978.0,844.0
2.0,5557.0,2813.0,2794.0,2822.0,2816.0,2816.0,1956.0,838.0,1966.0,847.0
2.0,5566.0,2812.0,2794.0,2816.0,2812.0,2812.0,1956.0,838.0,1962.0,850.0
2.0,5570.0,2809.0,2795.0,2812.0,2812.0,2812.0,1956.0,839.0,1963.0,846.0
2.0,5573.0,2821.0,2795.0,2812.0,2821.0,2821.0,1956.0,839.0,1974.0,847.0
2.0,5564.0,2814.0,2796.0,2821.0,2817.0,2817.0,1957.0,839.0,1968.0,846.0
2.0,5571.0,2813.0,2796.0,2817.0,2813.0,2813.0,1957.0,839.0,1971.0,842.0
2.0,5575.0,2809.0,2798.0,2813.0,2815.0,2815.0,1958.0,840.0,1964.0,845.0
2.0,5579.0,2808.0,2798.0,2815.0,2808.0,2808.0,1958.0,840.0,1961.0,847.0
2.0,5586.0,2800.0,2799.0,2808.0,2803.0,2803.0,1959.0,840.0,1960.0,840.0
2.0,5594.0,2813.0,2799.0,2803.0,2813.0,2813.0,1959.0,840.0,1968.0,845.0
2.0,5584.0,2801.0,2800.0,2813.0,2804.0,2804.0,1959.0,841.0,1959.0,842.0
2.0,5596.0,2806.0,2801.0,2804.0,2809.0,2809.0,1960.0,841.0,1968.0,838.0
2.0,5594.0,2804.0,2802.0,2809.0,2807.0,2807.0,1961.0,841.0,1963.0,841.0
2.0,5599.0,2807.0,2802.0,2807.0,2807.0,2807.0,1961.0,841.0,1964.0,843.0
2.0,5599.0,2816.0,2803.0,2807.0,2819.0,2819.0,1962.0,841.0,1968.0,848.0
2.0,5590.0,2806.0,2804.0,2819.0,2809.0,2809.0,1962.0,842.0,1963.0,843.0
2.0,5603.0,2812.0,2805.0,2809.0,2815.0,2815.0,1963.0,842.0,1968.0,844.0
2.0,5600.0,2817.0,2805.0,2815.0,2817.0,2817.0,1963.0,842.0,1975.0,842.0
2.0,5598.0,2814.0,2806.0,2817.0,2817.0,2817.0,1964.0,842.0,1976.0,838.0
2.0,5601.0,2817.0,2806.0,2817.0,2817.0,2817.0,1964.0,842.0,1974.0,843.0
2.0,5601.0,2809.0,2807.0,2817.0,2812.0,2812.0,1965.0,842.0,1966.0,843.0
2.0,5609.0,2813.0,2809.0,2812.0,2819.0,2819.0,1966.0,843.0,1974.0,839.0
2.0,5608.0,2808.0,2809.0,2819.0,2808.0,2808.0,1966.0,843.0,1964.0,844.0
2.0,5619.0,2813.0,2809.0,2808.0,2813.0,2813.0,1966.0,843.0,1971.0,842.0
2.0,5614.0,2809.0,2809.0,2813.0,2809.0,2809.0,1966.0,843.0,1969.0,840.0
2.0,5618.0,2813.0,2810.0,2809.0,2816.0,2816.0,1967.0,843.0,1971.0,842.0
2.0,5614.0,2824.0,2811.0,2816.0,2827.0,2827.0,1968.0,843.0,1978.0,846.0
2.0,5606.0,2825.0,2812.0,2827.0,2828.0,2828.0,1968.0,844.0,1983.0,842.0
2.0,5608.0,2818.0,2813.0,2828.0,2821.0,2821.0,1969.0,844.0,1975.0,843.0
2.0,5618.0,2824.0,2813.0,2821.0,2824.0,2824.0,1969.0,844.0,1982.0,842.0
2.0,5615.0,2815.0,2813.0,2824.0,2815.0,2815.0,1969.0,844.0,1974.0,841.0
2.0,5624.0,2819.0,2814.0,2815.0,2822.0,2822.0,1970.0,844.0,1975.0,844.0
2.0,5620.0,2842.0,2814.0,2822.0,2842.0,2842.0,1970.0,844.0,1995.0,847.0
2.0,5600.0,2837.0,2815.0,2842.0,2840.0,2840.0,1971.0,844.0,1987.0,850.0
2.0,5605.0,2829.0,2815.0,2840.0,2829.0,2829.0,1971.0,844.0,1981.0,848.0
2.0,5616.0,2837.0,2816.0,2829.0,2840.0,2840.0,1972.0,844.0,1988.0,849.0
2.0,5608.0,2835.0,2816.0,2840.0,2835.0,2835.0,1972.0,844.0,1988.0,847.0
2.0,5613.0,2837.0,2816.0,2835.0,2837.0,2837.0,1972.0,844.0,1988.0,849.0
2.0,5611.0,2838.0,2818.0,2837.0,2844.0,2844.0,1973.0,845.0,1985.0,853.0
2.0,5610.0,2847.0,2818.0,2844.0,2847.0,2847.0,1973.0,845.0,1996.0,851.0
2.0,5607.0,2845.0,2819.0,2847.0,2848.0,2848.0,1974.0,845.0,1993.0,852.0
2.0,5609.0,2835.0,2819.0,2848.0,2835.0,2835.0,1974.0,845.0,1982.0,853.0
2.0,5622.0,2846.0,2819.0,2835.0,2846.0,2846.0,1974.0,845.0,1995.0,851.0
2.0,5611.0,2841.0,2819.0,2846.0,2841.0,2841.0,1974.0,845.0,1988.0,853.0
2.0,5616.0,2858.0,2820.0,2841.0,2861.0,2861.0,1975.0,845.0,2006.0,852.0
2.0,5599.0,2857.0,2822.0,2861.0,2863.0,2863.0,1976.0,846.0,2001.0,856.0
2.0,5603.0,2848.0,2822.0,2863.0,2848.0,2848.0,1976.0,846.0,1996.0,852.0
2.0,5618.0,2843.0,2822.0,2848.0,2843.0,2843.0,1976.0,846.0,1985.0,858.0
2.0,5623.0,2845.0,2822.0,2843.0,2845.0,2845.0,1976.0,846.0,1994.0,851.0
2.0,5621.0,2856.0,2823.0,2845.0,2859.0,2859.0,1977.0,846.0,2000.0,856.0
2.0,5610.0,2843.0,2824.0,2859.0,2846.0,2846.0,1978.0,846.0,1988.0,855.0
2.0,5626.0,2847.0,2825.0,2846.0,2850.0,2850.0,1978.0,847.0,1991.0,856.0
2.0,5625.0,2849.0,2825.0,2850.0,2849.0,2849.0,1978.0,847.0,1994.0,855.0
2.0,5626.0,2851.0,2826.0,2849.0,2854.0,2854.0,1979.0,847.0,1994.0,857.0
2.0,5624.0,2849.0,2826.0,2854.0,2849.0,2849.0,1979.0,847.0,1990.0,859.0
2.0,5629.0,2847.0,2827.0,2849.0,2850.0,2850.0,1980.0,847.0,1994.0,853.0
2.0,5631.0,2854.0,2827.0,2850.0,2854.0,2854.0,1980.0,847.0,1997.0,857.0
2.0,5627.0,2849.0,2829.0,2854.0,2855.0,2855.0,1981.0,848.0,1992.0,857.0
2.0,5632.0,2855.0,2829.0,2855.0,2855.0,2855.0,1981.0,848.0,1994.0,861.0
2.0,5632.0,2849.0,2830.0,2855.0,2852.0,2852.0,1982.0,848.0,1993.0,856.0
2.0,5638.0,2844.0,2832.0,2852.0,2850.0,2850.0,1983.0,849.0,1988.0,856.0
2.0,5646.0,2832.0,2832.0,2850.0,2832.0,2832.0,1983.0,849.0,1980.0,852.0
2.0,5664.0,2850.0,2833.0,2832.0,2853.0,2853.0,1984.0,849.0,1998.0,852.0
2.0,5646.0,2853.0,2833.0,2853.0,2853.0,2853.0,1984.0,849.0,1990.0,863.0
2.0,5646.0,2848.0,2835.0,2853.0,2854.0,2854.0,1985.0,850.0,1995.0,853.0
2.0,5651.0,2855.0,2835.0,2854.0,2855.0,2855.0,1985.0,850.0,1998.0,857.0
2.0,5650.0,2848.0,2836.0,2855.0,2851.0,2851.0,1986.0,850.0,1992.0,856.0
2.0,5657.0,2843.0,2836.0,2851.0,2843.0,2843.0,1986.0,850.0,1990.0,853.0
2.0,5665.0,2849.0,2837.0,2843.0,2852.0,2852.0,1987.0,850.0,1992.0,857.0
2.0,5659.0,2847.0,2838.0,2852.0,2850.0,2850.0,1987.0,851.0,1993.0,854.0
2.0,5664.0,2840.0,2838.0,2850.0,2840.0,2840.0,1987.0,851.0,1987.0,853.0
2.0,5674.0,2845.0,2838.0,2840.0,2845.0,2845.0,1987.0,851.0,1987.0,858.0
2.0,5669.0,2857.0,2840.0,2845.0,2863.0,2863.0,1988.0,852.0,2000.0,857.0
2.0,5657.0,2849.0,2841.0,2863.0,2852.0,2852.0,1989.0,852.0,1996.0,853.0
2.0,5671.0,2848.0,2841.0,2852.0,2848.0,2848.0,1989.0,852.0,1995.0,853.0
2.0,5675.0,2848.0,2842.0,2848.0,2851.0,2851.0,1990.0,852.0,1992.0,856.0
2.0,5675.0,2858.0,2843.0,2851.0,2861.0,2861.0,1990.0,853.0,2003.0,855.0
2.0,5668.0,2854.0,2844.0,2861.0,2857.0,2857.0,1991.0,853.0,1995.0,859.0
2.0,5675.0,2863.0,2844.0,2857.0,2863.0,2863.0,1991.0,853.0,2004.0,859.0
2.0,5669.0,2859.0,2845.0,2863.0,2862.0,2862.0,1992.0,853.0,2005.0,854.0
2.0,5673.0,2860.0,2846.0,2862.0,2863.0,2863.0,1992.0,854.0,2004.0,856.0
2.0,5675.0,2860.0,2847.0,2863.0,2863.0,2863.0,1993.0,854.0,2003.0,857.0
2.0,5678.0,2867.0,2847.0,2863.0,2867.0,2867.0,1993.0,854.0,2007.0,860.0
2.0,5674.0,2863.0,2848.0,2867.0,2866.0,2866.0,1994.0,854.0,2006.0,857.0
2.0,5678.0,2869.0,2849.0,2866.0,2872.0,2872.0,1994.0,855.0,2012.0,857.0
2.0,5675.0,2853.0,2849.0,2872.0,2853.0,2853.0,1994.0,855.0,1996.0,857.0
2.0,5694.0,2880.0,2850.0,2853.0,2883.0,2883.0,1995.0,855.0,2015.0,865.0
2.0,5667.0,2869.0,2850.0,2883.0,2869.0,2869.0,1995.0,855.0,2010.0,859.0
2.0,5681.0,2872.0,2852.0,2869.0,2878.0,2878.0,1996.0,856.0,2009.0,863.0
2.0,5678.0,2876.0,2852.0,2878.0,2876.0,2876.0,1996.0,856.0,2011.0,865.0
2.0,5680.0,2873.0,2853.0,2876.0,2876.0,2876.0,1997.0,856.0,2014.0,859.0
2.0,5683.0,2871.0,2853.0,2876.0,2871.0,2871.0,1997.0,856.0,2008.0,863.0
2.0,5688.0,2871.0,2854.0,2871.0,2874.0,2874.0,1997.0,857.0,2008.0,863.0
2.0,5688.0,2876.0,2855.0,2874.0,2879.0,2879.0,1998.0,857.0,2015.0,861.0
2.0,5686.0,2877.0,2855.0,2879.0,2877.0,2877.0,1998.0,857.0,2015.0,862.0
2.0,5688.0,2887.0,2856.0,2877.0,2890.0,2890.0,1999.0,857.0,2023.0,864.0
2.0,5678.0,2878.0,2856.0,2890.0,2878.0,2878.0,1999.0,857.0,2011.0,867.0
2.0,5690.0,2883.0,2857.0,2878.0,2886.0,2886.0,1999.0,858.0,2018.0,865.0
2.0,5685.0,2881.0,2858.0,2886.0,2884.0,2884.0,2000.0,858.0,2020.0,861.0
2.0,5690.0,2877.0,2858.0,2884.0,2877.0,2877.0,2000.0,858.0,2015.0,862.0
2.0,5697.0,2880.0,2859.0,2877.0,2883.0,2883.0,2001.0,858.0,2014.0,866.0
2.0,5694.0,2900.0,2859.0,2883.0,2900.0,2900.0,2001.0,858.0,2029.0,871.0
2.0,5677.0,2876.0,2861.0,2900.0,2882.0,2882.0,2002.0,859.0,2011.0,865.0
2.0,5701.0,2888.0,2861.0,2882.0,2888.0,2888.0,2002.0,859.0,2027.0,861.0
2.0,5695.0,2894.0,2862.0,2888.0,2897.0,2897.0,2003.0,859.0,2027.0,867.0
2.0,5689.0,2885.0,2863.0,2897.0,2888.0,2888.0,2004.0,859.0,2022.0,863.0
2.0,5701.0,2887.0,2863.0,2888.0,2887.0,2887.0,2004.0,859.0,2023.0,864.0
2.0,5702.0,2878.0,2864.0,2887.0,2881.0,2881.0,2005.0,859.0,2016.0,862.0
2.0,5711.0,2885.0,2864.0,2881.0,2885.0,2885.0,2005.0,859.0,2024.0,861.0
2.0,5707.0,2877.0,2865.0,2885.0,2880.0,2880.0,2006.0,859.0,2017.0,860.0
2.0,5715.0,2882.0,2865.0,2880.0,2882.0,2882.0,2006.0,859.0,2019.0,863.0
2.0,5713.0,2888.0,2867.0,2882.0,2894.0,2894.0,2007.0,860.0,2023.0,865.0
2.0,5707.0,2895.0,2868.0,2894.0,2898.0,2898.0,2008.0,860.0,2031.0,864.0
2.0,5706.0,2891.0,2869.0,2898.0,2894.0,2894.0,2009.0,860.0,2029.0,862.0
2.0,5713.0,2890.0,2869.0,2894.0,2890.0,2890.0,2009.0,860.0,2027.0,863.0
2.0,5717.0,2881.0,2870.0,2890.0,2884.0,2884.0,2010.0,860.0,2018.0,863.0
2.0,5726.0,2879.0,2870.0,2884.0,2879.0,2879.0,2010.0,860.0,2019.0,860.0
2.0,5731.0,2881.0,2871.0,2879.0,2884.0,2884.0,2011.0,860.0,2021.0,860.0
2.0,5729.0,2879.0,2872.0,2884.0,2882.0,2882.0,2011.0,861.0,2016.0,863.0
2.0,5734.0,2880.0,2873.0,2882.0,2883.0,2883.0,2012.0,861.0,2018.0,862.0
2.0,5736.0,2886.0,2873.0,2883.0,2886.0,2886.0,2012.0,861.0,2023.0,863.0
2.0,5733.0,2875.0,2874.0,2886.0,2878.0,2878.0,2013.0,861.0,2013.0,862.0
2.0,5744.0,2894.0,2874.0,2878.0,2894.0,2894.0,2013.0,861.0,2027.0,867.0
2.0,5728.0,2886.0,2875.0,2894.0,2889.0,2889.0,2014.0,861.0,2022.0,864.0
2.0,5736.0,2888.0,2875.0,2889.0,2888.0,2888.0,2014.0,861.0,2026.0,862.0
2.0,5737.0,2882.0,2877.0,2888.0,2888.0,2888.0,2015.0,862.0,2018.0,864.0
2.0,5743.0,2889.0,2877.0,2888.0,2889.0,2889.0,2015.0,862.0,2023.0,866.0
2.0,5742.0,2893.0,2878.0,2889.0,2896.0,2896.0,2016.0,862.0,2022.0,871.0
2.0,5738.0,2892.0,2878.0,2896.0,2892.0,2892.0,2016.0,862.0,2025.0,867.0
2.0,5742.0,2886.0,2880.0,2892.0,2892.0,2892.0,2017.0,863.0,2020.0,866.0
2.0,5748.0,2893.0,2880.0,2892.0,2893.0,2893.0,2017.0,863.0,2026.0,867.0
2.0,5747.0,2891.0,2881.0,2893.0,2894.0,2894.0,2018.0,863.0,2024.0,867.0
2.0,5749.0,2892.0,2881.0,2894.0,2892.0,2892.0,2018.0,863.0,2027.0,865.0
2.0,5751.0,2893.0,2882.0,2892.0,2896.0,2896.0,2019.0,863.0,2025.0,868.0
2.0,5750.0,2897.0,2882.0,2896.0,2897.0,2897.0,2019.0,863.0,2030.0,867.0
2.0,5749.0,2899.0,2883.0,2897.0,2902.0,2902.0,2019.0,864.0,2030.0,869.0
2.0,5747.0,2904.0,2884.0,2902.0,2907.0,2907.0,2020.0,864.0,2028.0,876.0
2.0,5745.0,2898.0,2884.0,2907.0,2898.0,2898.0,2020.0,864.0,2028.0,870.0
2.0,5754.0,2903.0,2885.0,2898.0,2906.0,2906.0,2021.0,864.0,2032.0,871.0
2.0,5749.0,2909.0,2886.0,2906.0,2912.0,2912.0,2021.0,865.0,2037.0,872.0
2.0,5746.0,2901.0,2887.0,2912.0,2904.0,2904.0,2022.0,865.0,2031.0,870.0
2.0,5757.0,2905.0,2887.0,2904.0,2905.0,2905.0,2022.0,865.0,2032.0,873.0
2.0,5756.0,2903.0,2887.0,2905.0,2903.0,2903.0,2022.0,865.0,2026.0,877.0
2.0,5758.0,2909.0,2889.0,2903.0,2915.0,2915.0,2023.0,866.0,2036.0,873.0
2.0,5752.0,2904.0,2889.0,2915.0,2904.0,2904.0,2023.0,866.0,2029.0,875.0
2.0,5763.0,2919.0,2890.0,2904.0,2922.0,2922.0,2024.0,866.0,2045.0,874.0
2.0,5748.0,2922.0,2890.0,2922.0,2922.0,2922.0,2024.0,866.0,2041.0,881.0
2.0,5748.0,2909.0,2891.0,2922.0,2912.0,2912.0,2024.0,867.0,2031.0,878.0
2.0,5761.0,2920.0,2892.0,2912.0,2923.0,2923.0,2025.0,867.0,2044.0,876.0
2.0,5753.0,2909.0,2892.0,2923.0,2909.0,2909.0,2025.0,867.0,2034.0,875.0
2.0,5767.0,2922.0,2893.0,2909.0,2925.0,2925.0,2026.0,867.0,2040.0,882.0
2.0,5754.0,2925.0,2894.0,2925.0,2928.0,2928.0,2026.0,868.0,2046.0,879.0
2.0,5754.0,2928.0,2895.0,2928.0,2931.0,2931.0,2027.0,868.0,2050.0,878.0
2.0,5754.0,2926.0,2895.0,2931.0,2926.0,2926.0,2027.0,868.0,2046.0,880.0
2.0,5759.0,2920.0,2896.0,2926.0,2923.0,2923.0,2028.0,868.0,2042.0,878.0
2.0,5765.0,2920.0,2897.0,2923.0,2923.0,2923.0,2028.0,869.0,2043.0,877.0
2.0,5768.0,2922.0,2898.0,2923.0,2925.0,2925.0,2029.0,869.0,2045.0,877.0
2.0,5769.0,2915.0,2898.0,2925.0,2915.0,2915.0,2029.0,869.0,2035.0,880.0
2.0,5779.0,2922.0,2898.0,2915.0,2922.0,2922.0,2029.0,869.0,2044.0,878.0
2.0,5772.0,2919.0,2900.0,2922.0,2925.0,2925.0,2030.0,870.0,2041.0,878.0
2.0,5775.0,2928.0,2900.0,2925.0,2928.0,2928.0,2030.0,870.0,2046.0,882.0
2.0,5772.0,2929.0,2902.0,2928.0,2935.0,2935.0,2031.0,871.0,2048.0,881.0
2.0,5771.0,2928.0,2902.0,2935.0,2928.0,2928.0,2031.0,871.0,2050.0,878.0
2.0,5778.0,2926.0,2903.0,2928.0,2929.0,2929.0,2032.0,871.0,2051.0,875.0
2.0,5780.0,2931.0,2903.0,2929.0,2931.0,2931.0,2032.0,871.0,2055.0,876.0
2.0,5778.0,2919.0,2905.0,2931.0,2925.0,2925.0,2033.0,872.0,2044.0,875.0
2.0,5790.0,2919.0,2905.0,2925.0,2919.0,2919.0,2033.0,872.0,2048.0,871.0
2.0,5796.0,2917.0,2906.0,2919.0,2920.0,2920.0,2034.0,872.0,2042.0,875.0
2.0,5798.0,2925.0,2906.0,2920.0,2925.0,2925.0,2034.0,872.0,2047.0,878.0
2.0,5793.0,2918.0,2908.0,2925.0,2924.0,2924.0,2035.0,873.0,2045.0,873.0
2.0,5800.0,2922.0,2908.0,2924.0,2922.0,2922.0,2035.0,873.0,2049.0,873.0
2.0,5802.0,2914.0,2909.0,2922.0,2917.0,2917.0,2036.0,873.0,2041.0,873.0
2.0,5810.0,2915.0,2909.0,2917.0,2915.0,2915.0,2036.0,873.0,2042.0,873.0
2.0,5812.0,2914.0,2910.0,2915.0,2917.0,2917.0,2037.0,873.0,2040.0,874.0
2.0,5813.0,2920.0,2911.0,2917.0,2923.0,2923.0,2037.0,874.0,2046.0,874.0
2.0,5810.0,2914.0,2911.0,2923.0,2914.0,2914.0,2037.0,874.0,2044.0,870.0
2.0,5819.0,2918.0,2912.0,2914.0,2921.0,2921.0,2038.0,874.0,2046.0,872.0
2.0,5815.0,2918.0,2912.0,2921.0,2918.0,2918.0,2038.0,874.0,2043.0,875.0
2.0,5818.0,2918.0,2913.0,2918.0,2921.0,2921.0,2039.0,874.0,2045.0,873.0
2.0,5818.0,2918.0,2913.0,2921.0,2918.0,2918.0,2039.0,874.0,2042.0,876.0
2.0,5821.0,2920.0,2913.0,2918.0,2920.0,2920.0,2039.0,874.0,2046.0,874.0
2.0,5819.0,2913.0,2915.0,2920.0,2919.0,2919.0,2040.0,875.0,2039.0,874.0
2.0,5826.0,2914.0,2915.0,2919.0,2914.0,2914.0,2040.0,875.0,2041.0,873.0
2.0,5831.0,2910.0,2915.0,2914.0,2910.0,2910.0,2040.0,875.0,2040.0,870.0
2.0,5835.0,2931.0,2916.0,2910.0,2934.0,2934.0,2041.0,875.0,2054.0,877.0
2.0,5814.0,2923.0,2916.0,2934.0,2923.0,2923.0,2041.0,875.0,2047.0,876.0
2.0,5825.0,2923.0,2917.0,2923.0,2926.0,2926.0,2042.0,875.0,2045.0,878.0
2.0,5825.0,2925.0,2917.0,2926.0,2925.0,2925.0,2042.0,875.0,2049.0,876.0
2.0,5826.0,2918.0,2917.0,2925.0,2918.0,2918.0,2042.0,875.0,2044.0,874.0
2.0,5833.0,2930.0,2919.0,2918.0,2936.0,2936.0,2043.0,876.0,2049.0,881.0
2.0,5821.0,2931.0,2919.0,2936.0,2931.0,2931.0,2043.0,876.0,2053.0,878.0
2.0,5826.0,2933.0,2919.0,2931.0,2933.0,2933.0,2043.0,876.0,2049.0,884.0
2.0,5824.0,2936.0,2920.0,2933.0,2939.0,2939.0,2044.0,876.0,2060.0,876.0
2.0,5821.0,2930.0,2920.0,2939.0,2930.0,2930.0,2044.0,876.0,2050.0,880.0
2.0,5830.0,2945.0,2921.0,2930.0,2948.0,2948.0,2045.0,876.0,2063.0,882.0
2.0,5815.0,2948.0,2922.0,2948.0,2951.0,2951.0,2045.0,877.0,2064.0,884.0
2.0,5815.0,2944.0,2923.0,2951.0,2947.0,2947.0,2046.0,877.0,2062.0,882.0
2.0,5822.0,2937.0,2923.0,2947.0,2937.0,2937.0,2046.0,877.0,2057.0,880.0
2.0,5832.0,2947.0,2924.0,2937.0,2950.0,2950.0,2047.0,877.0,2063.0,884.0
2.0,5822.0,2944.0,2924.0,2950.0,2944.0,2944.0,2047.0,877.0,2061.0,883.0
2.0,5828.0,2949.0,2925.0,2944.0,2952.0,2952.0,2048.0,877.0,2061.0,888.0
2.0,5823.0,2956.0,2925.0,2952.0,2956.0,2956.0,2048.0,877.0,2072.0,884.0
2.0,5819.0,2948.0,2926.0,2956.0,2951.0,2951.0,2049.0,877.0,2061.0,887.0
2.0,5827.0,2957.0,2927.0,2951.0,2960.0,2960.0,2049.0,878.0,2070.0,887.0
2.0,5821.0,2958.0,2928.0,2960.0,2961.0,2961.0,2050.0,878.0,2073.0,885.0
2.0,5823.0,2961.0,2928.0,2961.0,2961.0,2961.0,2050.0,878.0,2073.0,888.0
2.0,5823.0,2954.0,2929.0,2961.0,2957.0,2957.0,2051.0,878.0,2062.0,892.0
2.0,5830.0,2972.0,2929.0,2957.0,2972.0,2972.0,2051.0,878.0,2087.0,885.0
2.0,5815.0,2968.0,2930.0,2972.0,2971.0,2971.0,2052.0,878.0,2082.0,886.0
2.0,5819.0,2961.0,2932.0,2971.0,2967.0,2967.0,2053.0,879.0,2072.0,889.0
2.0,5829.0,2962.0,2932.0,2967.0,2962.0,2962.0,2053.0,879.0,2073.0,889.0
2.0,5834.0,2969.0,2933.0,2962.0,2972.0,2972.0,2054.0,879.0,2078.0,891.0
2.0,5827.0,2971.0,2934.0,2972.0,2974.0,2974.0,2055.0,879.0,2083.0,888.0
2.0,5828.0,2971.0,2934.0,2974.0,2971.0,2971.0,2055.0,879.0,2080.0,891.0
2.0,5831.0,2956.0,2936.0,2971.0,2962.0,2962.0,2056.0,880.0,2069.0,887.0
2.0,5846.0,2962.0,2936.0,2962.0,2962.0,2962.0,2056.0,880.0,2074.0,888.0
2.0,5846.0,2966.0,2937.0,2962.0,2969.0,2969.0,2057.0,880.0,2073.0,893.0
2.0,5842.0,2953.0,2937.0,2969.0,2953.0,2953.0,2057.0,880.0,2063.0,890.0
2.0,5858.0,2955.0,2938.0,2953.0,2958.0,2958.0,2057.0,881.0,2068.0,887.0
2.0,5856.0,2961.0,2939.0,2958.0,2964.0,2964.0,2058.0,881.0,2069.0,892.0
2.0,5853.0,2962.0,2939.0,2964.0,2962.0,2962.0,2058.0,881.0,2074.0,888.0
2.0,5855.0,2951.0,2941.0,2962.0,2957.0,2957.0,2059.0,882.0,2066.0,885.0
2.0,5866.0,2955.0,2941.0,2957.0,2955.0,2955.0,2059.0,882.0,2068.0,887.0
2.0,5868.0,2951.0,2942.0,2955.0,2954.0,2954.0,2060.0,882.0,2068.0,883.0
2.0,5872.0,2956.0,2942.0,2954.0,2956.0,2956.0,2060.0,882.0,2066.0,890.0
2.0,5870.0,2945.0,2943.0,2956.0,2948.0,2948.0,2061.0,882.0,2063.0,882.0
2.0,5881.0,2956.0,2944.0,2948.0,2959.0,2959.0,2061.0,883.0,2071.0,885.0
2.0,5873.0,2952.0,2945.0,2959.0,2955.0,2955.0,2062.0,883.0,2067.0,885.0
2.0,5880.0,2946.0,2945.0,2955.0,2946.0,2946.0,2062.0,883.0,2059.0,887.0
2.0,5889.0,2948.0,2945.0,2946.0,2948.0,2948.0,2062.0,883.0,2064.0,884.0
2.0,5887.0,2953.0,2947.0,2948.0,2959.0,2959.0,2063.0,884.0,2066.0,887.0
2.0,5882.0,2954.0,2947.0,2959.0,2954.0,2954.0,2063.0,884.0,2066.0,888.0
2.0,5887.0,2954.0,2947.0,2954.0,2954.0,2954.0,2063.0,884.0,2066.0,888.0
2.0,5887.0,2952.0,2948.0,2954.0,2955.0,2955.0,2064.0,884.0,2063.0,889.0
2.0,5889.0,2954.0,2949.0,2955.0,2957.0,2957.0,2064.0,885.0,2064.0,890.0
2.0,5890.0,2956.0,2950.0,2957.0,2959.0,2959.0,2065.0,885.0,2066.0,890.0
2.0,5891.0,2948.0,2950.0,2959.0,2948.0,2948.0,2065.0,885.0,2061.0,887.0
2.0,5902.0,2953.0,2951.0,2948.0,2956.0,2956.0,2065.0,886.0,2064.0,889.0
2.0,5897.0,2961.0,2952.0,2956.0,2964.0,2964.0,2066.0,886.0,2069.0,892.0
2.0,5892.0,2967.0,2952.0,2964.0,2967.0,2967.0,2066.0,886.0,2075.0,892.0
2.0,5889.0,2961.0,2953.0,2967.0,2964.0,2964.0,2067.0,886.0,2072.0,889.0
2.0,5895.0,2970.0,2954.0,2964.0,2973.0,2973.0,2067.0,887.0,2081.0,889.0
2.0,5889.0,2968.0,2955.0,2973.0,2971.0,2971.0,2068.0,887.0,2077.0,891.0
2.0,5894.0,2977.0,2956.0,2971.0,2980.0,2980.0,2069.0,887.0,2085.0,892.0
2.0,5888.0,2968.0,2956.0,2980.0,2968.0,2968.0,2069.0,887.0,2075.0,893.0
2.0,5900.0,2968.0,2957.0,2968.0,2971.0,2971.0,2069.0,888.0,2078.0,890.0
2.0,5900.0,2970.0,2958.0,2971.0,2973.0,2973.0,2070.0,888.0,2076.0,894.0
2.0,5901.0,2980.0,2958.0,2973.0,2980.0,2980.0,2070.0,888.0,2088.0,892.0
2.0,5894.0,2977.0,2958.0,2980.0,2977.0,2977.0,2070.0,888.0,2080.0,897.0
2.0,5897.0,2989.0,2960.0,2977.0,2995.0,2995.0,2071.0,889.0,2095.0,894.0
2.0,5885.0,2980.0,2961.0,2995.0,2983.0,2983.0,2072.0,889.0,2086.0,894.0
2.0,5900.0,2984.0,2961.0,2983.0,2984.0,2984.0,2072.0,889.0,2088.0,896.0
2.0,5899.0,2987.0,2962.0,2984.0,2990.0,2990.0,2073.0,889.0,2093.0,894.0
2.0,5896.0,2997.0,2962.0,2990.0,2997.0,2997.0,2073.0,889.0,2100.0,897.0
2.0,5889.0,2981.0,2963.0,2997.0,2984.0,2984.0,2074.0,889.0,2086.0,895.0
2.0,5905.0,2993.0,2964.0,2984.0,2996.0,2996.0,2074.0,890.0,2097.0,896.0
2.0,5896.0,2998.0,2965.0,2996.0,3001.0,3001.0,2075.0,890.0,2103.0,895.0
2.0,5894.0,2991.0,2965.0,3001.0,2991.0,2991.0,2075.0,890.0,2098.0,893.0
2.0,5904.0,2993.0,2966.0,2991.0,2996.0,2996.0,2076.0,890.0,2100.0,893.0
2.0,5902.0,2991.0,2966.0,2996.0,2991.0,2991.0,2076.0,890.0,2100.0,891.0
2.0,5907.0,2992.0,2967.0,2991.0,2995.0,2995.0,2077.0,890.0,2097.0,895.0
2.0,5906.0,2999.0,2967.0,2995.0,2999.0,2999.0,2077.0,890.0,2105.0,894.0
2.0,5902.0,2991.0,2968.0,2999.0,2994.0,2994.0,2078.0,890.0,2097.0,894.0
2.0,5910.0,2993.0,2968.0,2994.0,2993.0,2993.0,2078.0,890.0,2099.0,894.0
2.0,5911.0,2992.0,2969.0,2993.0,2995.0,2995.0,2078.0,891.0,2096.0,896.0
2.0,5912.0,2988.0,2970.0,2995.0,2991.0,2991.0,2079.0,891.0,2095.0,893.0
2.0,5919.0,2981.0,2970.0,2991.0,2981.0,2981.0,2079.0,891.0,2087.0,894.0
2.0,5929.0,2982.0,2970.0,2981.0,2982.0,2982.0,2079.0,891.0,2089.0,893.0
2.0,5928.0,2983.0,2971.0,2982.0,2986.0,2986.0,2080.0,891.0,2088.0,895.0
2.0,5927.0,2986.0,2971.0,2986.0,2986.0,2986.0,2080.0,891.0,2095.0,891.0
2.0,5927.0,2989.0,2972.0,2986.0,2992.0,2992.0,2081.0,891.0,2090.0,899.0
2.0,5924.0,2991.0,2972.0,2992.0,2991.0,2991.0,2081.0,891.0,2098.0,893.0
2.0,5925.0,2980.0,2972.0,2991.0,2980.0,2980.0,2081.0,891.0,2090.0,890.0
2.0,5936.0,2987.0,2973.0,2980.0,2990.0,2990.0,2082.0,891.0,2093.0,894.0
2.0,5929.0,2983.0,2974.0,2990.0,2986.0,2986.0,2082.0,892.0,2087.0,896.0
2.0,5936.0,2991.0,2975.0,2986.0,2994.0,2994.0,2083.0,892.0,2098.0,893.0
2.0,5931.0,2982.0,2975.0,2994.0,2982.0,2982.0,2083.0,892.0,2087.0,895.0
2.0,5943.0,2993.0,2976.0,2982.0,2996.0,2996.0,2084.0,892.0,2093.0,900.0
2.0,5932.0,2978.0,2976.0,2996.0,2978.0,2978.0,2084.0,892.0,2086.0,892.0
2.0,5950.0,2977.0,2977.0,2978.0,2980.0,2980.0,2085.0,892.0,2087.0,890.0
2.0,5951.0,2987.0,2978.0,2980.0,2990.0,2990.0,2085.0,893.0,2093.0,894.0
2.0,5944.0,2994.0,2979.0,2990.0,2997.0,2997.0,2086.0,893.0,2099.0,895.0
2.0,5940.0,2976.0,2979.0,2997.0,2976.0,2976.0,2086.0,893.0,2081.0,895.0
2.0,5961.0,2985.0,2980.0,2976.0,2988.0,2988.0,2087.0,893.0,2086.0,899.0
2.0,5952.0,2987.0,2980.0,2988.0,2987.0,2987.0,2087.0,893.0,2085.0,902.0
2.0,5953.0,2989.0,2981.0,2987.0,2992.0,2992.0,2087.0,894.0,2091.0,898.0
2.0,5951.0,2986.0,2982.0,2992.0,2989.0,2989.0,2088.0,894.0,2088.0,898.0
2.0,5957.0,2998.0,2983.0,2989.0,3001.0,3001.0,2089.0,894.0,2096.0,902.0
2.0,5948.0,2986.0,2983.0,3001.0,2986.0,2986.0,2089.0,894.0,2090.0,896.0
2.0,5963.0,3001.0,2984.0,2986.0,3004.0,3004.0,2090.0,894.0,2102.0,899.0
2.0,5948.0,2995.0,2984.0,3004.0,2995.0,2995.0,2090.0,894.0,2098.0,897.0
2.0,5957.0,2992.0,2986.0,2995.0,2998.0,2998.0,2091.0,895.0,2094.0,898.0
2.0,5960.0,3000.0,2986.0,2998.0,3000.0,3000.0,2091.0,895.0,2099.0,901.0
2.0,5958.0,2994.0,2986.0,3000.0,2994.0,2994.0,2091.0,895.0,2091.0,903.0
2.0,5964.0,2997.0,2987.0,2994.0,3000.0,3000.0,2092.0,895.0,2093.0,904.0
2.0,5961.0,3010.0,2988.0,3000.0,3013.0,3013.0,2092.0,896.0,2104.0,906.0
2.0,5951.0,3013.0,2989.0,3013.0,3016.0,3016.0,2093.0,896.0,2107.0,906.0
2.0,5951.0,3014.0,2989.0,3016.0,3014.0,3014.0,2093.0,896.0,2108.0,906.0
2.0,5953.0,3018.0,2990.0,3014.0,3021.0,3021.0,2094.0,896.0,2113.0,905.0
2.0,5949.0,3015.0,2991.0,3021.0,3018.0,3018.0,2094.0,897.0,2110.0,905.0
2.0,5955.0,3013.0,2992.0,3018.0,3016.0,3016.0,2095.0,897.0,2109.0,904.0
2.0,5960.0,3017.0,2992.0,3016.0,3017.0,3017.0,2095.0,897.0,2106.0,911.0
2.0,5959.0,3019.0,2993.0,3017.0,3022.0,3022.0,2096.0,897.0,2112.0,907.0
2.0,5957.0,3019.0,2994.0,3022.0,3022.0,3022.0,2096.0,898.0,2111.0,908.0
2.0,5960.0,3032.0,2995.0,3022.0,3035.0,3035.0,2097.0,898.0,2125.0,907.0
2.0,5950.0,3033.0,2995.0,3035.0,3033.0,3033.0,2097.0,898.0,2122.0,911.0
2.0,5952.0,3031.0,2996.0,3033.0,3034.0,3034.0,2098.0,898.0,2126.0,905.0
2.0,5954.0,3033.0,2997.0,3034.0,3036.0,3036.0,2098.0,899.0,2124.0,909.0
2.0,5955.0,3039.0,2998.0,3036.0,3042.0,3042.0,2099.0,899.0,2130.0,909.0
2.0,5952.0,3039.0,2999.0,3042.0,3042.0,3042.0,2100.0,899.0,2128.0,911.0
2.0,5955.0,3039.0,2999.0,3042.0,3039.0,3039.0,2100.0,899.0,2131.0,908.0
2.0,5958.0,3030.0,3001.0,3039.0,3036.0,3036.0,2101.0,900.0,2125.0,905.0
2.0,5967.0,3036.0,3001.0,3036.0,3036.0,3036.0,2101.0,900.0,2128.0,908.0
2.0,5967.0,3030.0,3002.0,3036.0,3033.0,3033.0,2102.0,900.0,2120.0,910.0
2.0,5973.0,3031.0,3003.0,3033.0,3034.0,3034.0,2102.0,901.0,2122.0,909.0
2.0,5975.0,3035.0,3003.0,3034.0,3035.0,3035.0,2102.0,901.0,2124.0,911.0
2.0,5974.0,3040.0,3004.0,3035.0,3043.0,3043.0,2103.0,901.0,2127.0,913.0
2.0,5969.0,3017.0,3004.0,3043.0,3017.0,3017.0,2103.0,901.0,2110.0,907.0
2.0,5995.0,3029.0,3006.0,3017.0,3035.0,3035.0,2104.0,902.0,2122.0,907.0
2.0,5983.0,3026.0,3007.0,3035.0,3029.0,3029.0,2105.0,902.0,2120.0,906.0
2.0,5992.0,3027.0,3007.0,3029.0,3027.0,3027.0,2105.0,902.0,2118.0,909.0
2.0,5994.0,3018.0,3009.0,3027.0,3024.0,3024.0,2106.0,903.0,2110.0,908.0
2.0,6003.0,3028.0,3009.0,3024.0,3028.0,3028.0,2106.0,903.0,2124.0,904.0
2.0,5999.0,3010.0,3009.0,3028.0,3010.0,3010.0,2106.0,903.0,2108.0,902.0
2.0,6017.0,3032.0,3010.0,3010.0,3035.0,3035.0,2107.0,903.0,2127.0,905.0
2.0,5995.0,3012.0,3010.0,3035.0,3012.0,3012.0,2107.0,903.0,2106.0,906.0
2.0,6018.0,3011.0,3012.0,3012.0,3017.0,3017.0,2108.0,904.0,2108.0,903.0
2.0,6019.0,3023.0,3012.0,3017.0,3023.0,3023.0,2108.0,904.0,2118.0,905.0
2.0,6013.0,3014.0,3013.0,3023.0,3017.0,3017.0,2109.0,904.0,2112.0,902.0
2.0,6022.0,3017.0,3013.0,3017.0,3017.0,3017.0,2109.0,904.0,2112.0,905.0
2.0,6022.0,3018.0,3013.0,3017.0,3018.0,3018.0,2109.0,904.0,2110.0,908.0
2.0,6021.0,3020.0,3014.0,3018.0,3023.0,3023.0,2110.0,904.0,2119.0,901.0
2.0,6019.0,3010.0,3015.0,3023.0,3013.0,3013.0,2110.0,905.0,2107.0,903.0
2.0,6032.0,3012.0,3015.0,3013.0,3012.0,3012.0,2110.0,905.0,2108.0,904.0
2.0,6033.0,3019.0,3016.0,3012.0,3022.0,3022.0,2111.0,905.0,2117.0,902.0
2.0,6026.0,3021.0,3017.0,3022.0,3024.0,3024.0,2112.0,905.0,2118.0,903.0
2.0,6027.0,3014.0,3017.0,3024.0,3014.0,3014.0,2112.0,905.0,2112.0,902.0
2.0,6037.0,3018.0,3018.0,3014.0,3021.0,3021.0,2113.0,905.0,2111.0,907.0
2.0,6033.0,3019.0,3018.0,3021.0,3019.0,3019.0,2113.0,905.0,2113.0,906.0
2.0,6035.0,3018.0,3018.0,3019.0,3018.0,3018.0,2113.0,905.0,2112.0,906.0
2.0,6036.0,3022.0,3020.0,3018.0,3028.0,3028.0,2114.0,906.0,2110.0,912.0
2.0,6032.0,3021.0,3020.0,3028.0,3021.0,3021.0,2114.0,906.0,2116.0,905.0
2.0,6039.0,3023.0,3020.0,3021.0,3023.0,3023.0,2114.0,906.0,2115.0,908.0
2.0,6037.0,3039.0,3021.0,3023.0,3042.0,3042.0,2115.0,906.0,2128.0,911.0
2.0,6021.0,3035.0,3022.0,3042.0,3038.0,3038.0,2116.0,906.0,2126.0,909.0
2.0,6028.0,3036.0,3023.0,3038.0,3039.0,3039.0,2116.0,907.0,2128.0,908.0
2.0,6030.0,3028.0,3024.0,3039.0,3031.0,3031.0,2117.0,907.0,2121.0,907.0
2.0,6041.0,3048.0,3024.0,3031.0,3048.0,3048.0,2117.0,907.0,2135.0,913.0
2.0,6024.0,3036.0,3025.0,3048.0,3039.0,3039.0,2118.0,907.0,2127.0,909.0
2.0,6036.0,3052.0,3025.0,3039.0,3052.0,3052.0,2118.0,907.0,2138.0,914.0
2.0,6023.0,3051.0,3026.0,3052.0,3054.0,3054.0,2119.0,907.0,2141.0,910.0
2.0,6024.0,3047.0,3026.0,3054.0,3047.0,3047.0,2119.0,907.0,2132.0,915.0
2.0,6031.0,3052.0,3027.0,3047.0,3055.0,3055.0,2120.0,907.0,2141.0,911.0
2.0,6026.0,3059.0,3029.0,3055.0,3065.0,3065.0,2121.0,908.0,2143.0,916.0
2.0,6022.0,3068.0,3030.0,3065.0,3071.0,3071.0,2122.0,908.0,2152.0,916.0
2.0,6019.0,3061.0,3030.0,3071.0,3061.0,3061.0,2122.0,908.0,2144.0,917.0
2.0,6029.0,3064.0,3030.0,3061.0,3064.0,3064.0,2122.0,908.0,2141.0,923.0
2.0,6026.0,3059.0,3031.0,3064.0,3062.0,3062.0,2123.0,908.0,2141.0,918.0
2.0,6031.0,3061.0,3032.0,3062.0,3064.0,3064.0,2123.0,909.0,2144.0,917.0
2.0,6032.0,3067.0,3033.0,3064.0,3070.0,3070.0,2124.0,909.0,2150.0,917.0
2.0,6029.0,3059.0,3033.0,3070.0,3059.0,3059.0,2124.0,909.0,2142.0,917.0
2.0,6040.0,3065.0,3033.0,3059.0,3065.0,3065.0,2124.0,909.0,2147.0,918.0
2.0,6034.0,3071.0,3034.0,3065.0,3074.0,3074.0,2125.0,909.0,2148.0,923.0
2.0,6028.0,3064.0,3035.0,3074.0,3067.0,3067.0,2125.0,910.0,2144.0,920.0
2.0,6038.0,3067.0,3035.0,3067.0,3067.0,3067.0,2125.0,910.0,2145.0,922.0
2.0,6038.0,3070.0,3036.0,3067.0,3073.0,3073.0,2126.0,910.0,2144.0,926.0
2.0,6035.0,3066.0,3036.0,3073.0,3066.0,3066.0,2126.0,910.0,2148.0,918.0
2.0,6042.0,3063.0,3037.0,3066.0,3066.0,3066.0,2127.0,910.0,2142.0,921.0
2.0,6045.0,3067.0,3038.0,3066.0,3070.0,3070.0,2127.0,911.0,2148.0,919.0
2.0,6044.0,3066.0,3039.0,3070.0,3069.0,3069.0,2128.0,911.0,2146.0,920.0
2.0,6048.0,3062.0,3039.0,3069.0,3062.0,3062.0,2128.0,911.0,2146.0,916.0
2.0,6055.0,3055.0,3039.0,3062.0,3055.0,3055.0,2128.0,911.0,2137.0,918.0
2.0,6062.0,3060.0,3040.0,3055.0,3063.0,3063.0,2129.0,911.0,2141.0,919.0
2.0,6057.0,3052.0,3041.0,3063.0,3055.0,3055.0,2129.0,912.0,2137.0,915.0
2.0,6068.0,3054.0,3042.0,3055.0,3057.0,3057.0,2130.0,912.0,2138.0,916.0
2.0,6069.0,3054.0,3042.0,3057.0,3054.0,3054.0,2130.0,912.0,2133.0,921.0
2.0,6072.0,3054.0,3042.0,3054.0,3054.0,3054.0,2130.0,912.0,2133.0,921.0
2.0,6072.0,3059.0,3044.0,3054.0,3065.0,3065.0,2131.0,913.0,2138.0,921.0
2.0,6067.0,3064.0,3045.0,3065.0,3067.0,3067.0,2132.0,913.0,2141.0,923.0
2.0,6068.0,3058.0,3045.0,3067.0,3058.0,3058.0,2132.0,913.0,2137.0,921.0
2.0,6077.0,3042.0,3046.0,3058.0,3045.0,3045.0,2132.0,914.0,2127.0,915.0
2.0,6093.0,3050.0,3047.0,3045.0,3053.0,3053.0,2133.0,914.0,2135.0,915.0
2.0,6088.0,3064.0,3047.0,3053.0,3064.0,3064.0,2133.0,914.0,2142.0,922.0
2.0,6077.0,3039.0,3047.0,3064.0,3039.0,3039.0,2133.0,914.0,2124.0,915.0
2.0,6102.0,3048.0,3049.0,3039.0,3054.0,3054.0,2134.0,915.0,2130.0,918.0
2.0,6093.0,3042.0,3049.0,3054.0,3042.0,3042.0,2134.0,915.0,2128.0,914.0
2.0,6105.0,3052.0,3049.0,3042.0,3052.0,3052.0,2134.0,915.0,2134.0,918.0
2.0,6095.0,3057.0,3051.0,3052.0,3063.0,3063.0,2135.0,916.0,2140.0,917.0
2.0,6090.0,3057.0,3051.0,3063.0,3057.0,3057.0,2135.0,916.0,2138.0,919.0
2.0,6096.0,3066.0,3052.0,3057.0,3069.0,3069.0,2136.0,916.0,2142.0,924.0
2.0,6087.0,3049.0,3052.0,3069.0,3049.0,3049.0,2136.0,916.0,2135.0,914.0
2.0,6107.0,3070.0,3054.0,3049.0,3076.0,3076.0,2137.0,917.0,2151.0,919.0
2.0,6086.0,3063.0,3055.0,3076.0,3066.0,3066.0,2138.0,917.0,2142.0,921.0
2.0,6099.0,3070.0,3055.0,3066.0,3070.0,3070.0,2138.0,917.0,2152.0,918.0
2.0,6095.0,3076.0,3056.0,3070.0,3079.0,3079.0,2139.0,917.0,2156.0,920.0
2.0,6089.0,3068.0,3057.0,3079.0,3071.0,3071.0,2140.0,917.0,2149.0,919.0
2.0,6100.0,3070.0,3058.0,3071.0,3073.0,3073.0,2140.0,918.0,2147.0,923.0
2.0,6101.0,3076.0,3059.0,3073.0,3079.0,3079.0,2141.0,918.0,2156.0,920.0
2.0,6098.0,3085.0,3059.0,3079.0,3085.0,3085.0,2141.0,918.0,2159.0,926.0
2.0,6092.0,3083.0,3060.0,3085.0,3086.0,3086.0,2142.0,918.0,2160.0,923.0
2.0,6094.0,3083.0,3061.0,3086.0,3086.0,3086.0,2142.0,919.0,2160.0,923.0
2.0,6097.0,3075.0,3062.0,3086.0,3078.0,3078.0,2143.0,919.0,2154.0,921.0
2.0,6108.0,3084.0,3062.0,3078.0,3084.0,3084.0,2143.0,919.0,2162.0,922.0
2.0,6102.0,3090.0,3063.0,3084.0,3093.0,3093.0,2144.0,919.0,2165.0,925.0
2.0,6096.0,3086.0,3063.0,3093.0,3086.0,3086.0,2144.0,919.0,2165.0,921.0
2.0,6103.0,3089.0,3065.0,3086.0,3095.0,3095.0,2145.0,920.0,2164.0,925.0
2.0,6100.0,3088.0,3065.0,3095.0,3088.0,3088.0,2145.0,920.0,2164.0,924.0
2.0,6107.0,3099.0,3066.0,3088.0,3102.0,3102.0,2146.0,920.0,2174.0,925.0
2.0,6096.0,3099.0,3066.0,3102.0,3099.0,3099.0,2146.0,920.0,2174.0,925.0
2.0,6099.0,3087.0,3067.0,3099.0,3090.0,3090.0,2147.0,920.0,2164.0,923.0
2.0,6111.0,3099.0,3067.0,3090.0,3099.0,3099.0,2147.0,920.0,2171.0,928.0
2.0,6102.0,3094.0,3068.0,3099.0,3097.0,3097.0,2148.0,920.0,2171.0,923.0
2.0,6107.0,3101.0,3069.0,3097.0,3104.0,3104.0,2148.0,921.0,2175.0,926.0
2.0,6103.0,3090.0,3069.0,3104.0,3090.0,3090.0,2148.0,921.0,2164.0,926.0
2.0,6117.0,3097.0,3070.0,3090.0,3100.0,3100.0,2149.0,921.0,2169.0,928.0
2.0,6110.0,3096.0,3070.0,3100.0,3096.0,3096.0,2149.0,921.0,2172.0,924.0
2.0,6114.0,3088.0,3071.0,3096.0,3091.0,3091.0,2150.0,921.0,2162.0,926.0
2.0,6122.0,3090.0,3071.0,3091.0,3090.0,3090.0,2150.0,921.0,2166.0,924.0
2.0,6123.0,3088.0,3071.0,3090.0,3088.0,3088.0,2150.0,921.0,2163.0,925.0
2.0,6125.0,3088.0,3072.0,3088.0,3091.0,3091.0,2151.0,921.0,2161.0,927.0
2.0,6125.0,3092.0,3072.0,3091.0,3092.0,3092.0,2151.0,921.0,2165.0,927.0
2.0,6124.0,3096.0,3074.0,3092.0,3102.0,3102.0,2152.0,922.0,2165.0,931.0
2.0,6120.0,3085.0,3074.0,3102.0,3085.0,3085.0,2152.0,922.0,2158.0,927.0
2.0,6137.0,3079.0,3074.0,3085.0,3079.0,3079.0,2152.0,922.0,2154.0,925.0
2.0,6143.0,3094.0,3075.0,3079.0,3097.0,3097.0,2153.0,922.0,2168.0,926.0
2.0,6128.0,3091.0,3075.0,3097.0,3091.0,3091.0,2153.0,922.0,2162.0,929.0
2.0,6134.0,3074.0,3075.0,3091.0,3074.0,3074.0,2153.0,922.0,2149.0,925.0
2.0,6151.0,3082.0,3076.0,3074.0,3085.0,3085.0,2154.0,922.0,2159.0,923.0
2.0,6143.0,3079.0,3077.0,3085.0,3082.0,3082.0,2154.0,923.0,2157.0,922.0
2.0,6149.0,3084.0,3078.0,3082.0,3087.0,3087.0,2155.0,923.0,2157.0,927.0
2.0,6147.0,3082.0,3078.0,3087.0,3082.0,3082.0,2155.0,923.0,2158.0,924.0
2.0,6152.0,3078.0,3078.0,3082.0,3078.0,3078.0,2155.0,923.0,2152.0,926.0
2.0,6156.0,3077.0,3079.0,3078.0,3080.0,3080.0,2156.0,923.0,2154.0,923.0
2.0,6157.0,3088.0,3079.0,3080.0,3088.0,3088.0,2156.0,923.0,2161.0,927.0
2.0,6149.0,3085.0,3080.0,3088.0,3088.0,3088.0,2157.0,923.0,2160.0,925.0
2.0,6152.0,3079.0,3080.0,3088.0,3079.0,3079.0,2157.0,923.0,2157.0,922.0
2.0,6161.0,3082.0,3081.0,3079.0,3085.0,3085.0,2158.0,923.0,2158.0,924.0
2.0,6158.0,3090.0,3082.0,3085.0,3093.0,3093.0,2158.0,924.0,2164.0,926.0
2.0,6153.0,3098.0,3083.0,3093.0,3101.0,3101.0,2159.0,924.0,2170.0,928.0
2.0,6148.0,3092.0,3084.0,3101.0,3095.0,3095.0,2160.0,924.0,2164.0,928.0
2.0,6157.0,3090.0,3084.0,3095.0,3090.0,3090.0,2160.0,924.0,2162.0,928.0
2.0,6162.0,3097.0,3085.0,3090.0,3100.0,3100.0,2161.0,924.0,2166.0,931.0
2.0,6155.0,3103.0,3086.0,3100.0,3106.0,3106.0,2161.0,925.0,2176.0,927.0
2.0,6152.0,3091.0,3087.0,3106.0,3094.0,3094.0,2162.0,925.0,2163.0,928.0
2.0,6167.0,3107.0,3087.0,3094.0,3107.0,3107.0,2162.0,925.0,2179.0,928.0
2.0,6154.0,3099.0,3088.0,3107.0,3102.0,3102.0,2163.0,925.0,2169.0,930.0
2.0,6162.0,3101.0,3088.0,3102.0,3101.0,3101.0,2163.0,925.0,2172.0,929.0
2.0,6163.0,3100.0,3088.0,3101.0,3100.0,3100.0,2163.0,925.0,2174.0,926.0
2.0,6164.0,3108.0,3090.0,3100.0,3114.0,3114.0,2164.0,926.0,2175.0,933.0
2.0,6156.0,3112.0,3090.0,3114.0,3112.0,3112.0,2164.0,926.0,2178.0,934.0
2.0,6158.0,3114.0,3091.0,3112.0,3117.0,3117.0,2165.0,926.0,2177.0,937.0
2.0,6156.0,3122.0,3091.0,3117.0,3122.0,3122.0,2165.0,926.0,2187.0,935.0
2.0,6151.0,3128.0,3093.0,3122.0,3134.0,3134.0,2166.0,927.0,2192.0,936.0
2.0,6145.0,3128.0,3093.0,3134.0,3128.0,3128.0,2166.0,927.0,2186.0,942.0
2.0,6151.0,3128.0,3094.0,3128.0,3131.0,3131.0,2167.0,927.0,2191.0,937.0
2.0,6151.0,3119.0,3095.0,3131.0,3122.0,3122.0,2167.0,928.0,2183.0,936.0
2.0,6163.0,3134.0,3096.0,3122.0,3137.0,3137.0,2168.0,928.0,2198.0,936.0
2.0,6151.0,3127.0,3096.0,3137.0,3127.0,3127.0,2168.0,928.0,2183.0,944.0
2.0,6161.0,3130.0,3097.0,3127.0,3133.0,3133.0,2169.0,928.0,2194.0,936.0
2.0,6158.0,3129.0,3098.0,3133.0,3132.0,3132.0,2169.0,929.0,2194.0,935.0
2.0,6162.0,3131.0,3099.0,3132.0,3134.0,3134.0,2170.0,929.0,2187.0,944.0
2.0,6163.0,3130.0,3099.0,3134.0,3130.0,3130.0,2170.0,929.0,2185.0,945.0
2.0,6167.0,3128.0,3100.0,3130.0,3131.0,3131.0,2170.0,930.0,2192.0,936.0
2.0,6169.0,3133.0,3101.0,3131.0,3136.0,3136.0,2171.0,930.0,2195.0,938.0
2.0,6167.0,3133.0,3101.0,3136.0,3133.0,3133.0,2171.0,930.0,2190.0,943.0
2.0,6170.0,3132.0,3102.0,3133.0,3135.0,3135.0,2172.0,930.0,2193.0,939.0
2.0,6171.0,3136.0,3103.0,3135.0,3139.0,3139.0,2172.0,931.0,2195.0,941.0
2.0,6170.0,3129.0,3104.0,3139.0,3132.0,3132.0,2173.0,931.0,2194.0,935.0
2.0,6180.0,3131.0,3104.0,3132.0,3131.0,3131.0,2173.0,931.0,2188.0,943.0
2.0,6181.0,3123.0,3105.0,3131.0,3126.0,3126.0,2173.0,932.0,2183.0,940.0
2.0,6189.0,3130.0,3106.0,3126.0,3133.0,3133.0,2174.0,932.0,2191.0,939.0
2.0,6185.0,3129.0,3106.0,3133.0,3129.0,3129.0,2174.0,932.0,2188.0,941.0
2.0,6189.0,3126.0,3107.0,3129.0,3129.0,3129.0,2175.0,932.0,2183.0,943.0
2.0,6192.0,3123.0,3108.0,3129.0,3126.0,3126.0,2175.0,933.0,2181.0,942.0
2.0,6198.0,3129.0,3109.0,3126.0,3132.0,3132.0,2176.0,933.0,2189.0,940.0
2.0,6195.0,3125.0,3109.0,3132.0,3125.0,3125.0,2176.0,933.0,2185.0,940.0
2.0,6202.0,3119.0,3110.0,3125.0,3122.0,3122.0,2177.0,933.0,2180.0,939.0
2.0,6208.0,3126.0,3111.0,3122.0,3129.0,3129.0,2177.0,934.0,2189.0,937.0
2.0,6204.0,3122.0,3112.0,3129.0,3125.0,3125.0,2178.0,934.0,2188.0,934.0
2.0,6211.0,3119.0,3112.0,3125.0,3119.0,3119.0,2178.0,934.0,2186.0,933.0
2.0,6217.0,3121.0,3113.0,3119.0,3124.0,3124.0,2179.0,934.0,2182.0,939.0
2.0,6215.0,3117.0,3113.0,3124.0,3117.0,3117.0,2179.0,934.0,2181.0,936.0
2.0,6222.0,3113.0,3115.0,3117.0,3119.0,3119.0,2180.0,935.0,2176.0,937.0
2.0,6226.0,3117.0,3115.0,3119.0,3117.0,3117.0,2180.0,935.0,2182.0,935.0
2.0,6228.0,3118.0,3116.0,3117.0,3121.0,3121.0,2181.0,935.0,2184.0,934.0
2.0,6227.0,3126.0,3116.0,3121.0,3126.0,3126.0,2181.0,935.0,2189.0,937.0
2.0,6222.0,3117.0,3117.0,3126.0,3120.0,3120.0,2182.0,935.0,2183.0,934.0
2.0,6231.0,3125.0,3118.0,3120.0,3128.0,3128.0,2182.0,936.0,2192.0,933.0
2.0,6226.0,3129.0,3119.0,3128.0,3132.0,3132.0,2183.0,936.0,2197.0,932.0
2.0,6225.0,3114.0,3120.0,3132.0,3117.0,3117.0,2184.0,936.0,2183.0,931.0
2.0,6243.0,3129.0,3120.0,3117.0,3129.0,3129.0,2184.0,936.0,2195.0,934.0
2.0,6231.0,3128.0,3120.0,3129.0,3128.0,3128.0,2184.0,936.0,2186.0,942.0
2.0,6232.0,3123.0,3121.0,3128.0,3126.0,3126.0,2185.0,936.0,2189.0,934.0
2.0,6237.0,3128.0,3121.0,3126.0,3128.0,3128.0,2185.0,936.0,2192.0,936.0
2.0,6235.0,3129.0,3123.0,3128.0,3135.0,3135.0,2186.0,937.0,2196.0,933.0
2.0,6234.0,3130.0,3123.0,3135.0,3130.0,3130.0,2186.0,937.0,2193.0,937.0
2.0,6239.0,3128.0,3124.0,3130.0,3131.0,3131.0,2187.0,937.0,2194.0,934.0
2.0,6241.0,3144.0,3124.0,3131.0,3144.0,3144.0,2187.0,937.0,2207.0,937.0
2.0,6228.0,3144.0,3125.0,3144.0,3147.0,3147.0,2188.0,937.0,2203.0,941.0
2.0,6228.0,3135.0,3126.0,3147.0,3138.0,3138.0,2189.0,937.0,2203.0,932.0
2.0,6240.0,3147.0,3127.0,3138.0,3150.0,3150.0,2189.0,938.0,2204.0,943.0
2.0,6231.0,3142.0,3128.0,3150.0,3145.0,3145.0,2190.0,938.0,2205.0,937.0
2.0,6239.0,3148.0,3128.0,3145.0,3148.0,3148.0,2190.0,938.0,2208.0,940.0
2.0,6236.0,3147.0,3129.0,3148.0,3150.0,3150.0,2191.0,938.0,2207.0,940.0
2.0,6237.0,3155.0,3129.0,3150.0,3155.0,3155.0,2191.0,938.0,2212.0,943.0
2.0,6232.0,3154.0,3129.0,3155.0,3154.0,3154.0,2191.0,938.0,2209.0,945.0
2.0,6233.0,3143.0,3130.0,3154.0,3146.0,3146.0,2192.0,938.0,2202.0,941.0
2.0,6244.0,3159.0,3130.0,3146.0,3159.0,3159.0,2192.0,938.0,2210.0,949.0
2.0,6231.0,3154.0,3131.0,3159.0,3157.0,3157.0,2193.0,938.0,2214.0,940.0
2.0,6236.0,3158.0,3131.0,3157.0,3158.0,3158.0,2193.0,938.0,2210.0,948.0
2.0,6235.0,3156.0,3132.0,3158.0,3159.0,3159.0,2193.0,939.0,2212.0,944.0
2.0,6237.0,3150.0,3133.0,3159.0,3153.0,3153.0,2194.0,939.0,2203.0,947.0
2.0,6246.0,3167.0,3133.0,3153.0,3167.0,3167.0,2194.0,939.0,2218.0,949.0
2.0,6232.0,3163.0,3134.0,3167.0,3166.0,3166.0,2195.0,939.0,2215.0,948.0
2.0,6236.0,3163.0,3134.0,3166.0,3163.0,3163.0,2195.0,939.0,2210.0,953.0
2.0,6239.0,3162.0,3134.0,3163.0,3162.0,3162.0,2195.0,939.0,2214.0,948.0
2.0,6240.0,3168.0,3136.0,3162.0,3174.0,3174.0,2196.0,940.0,2219.0,949.0
2.0,6234.0,3154.0,3136.0,3174.0,3154.0,3154.0,2196.0,940.0,2205.0,949.0
2.0,6254.0,3168.0,3137.0,3154.0,3171.0,3171.0,2197.0,940.0,2219.0,949.0
2.0,6240.0,3159.0,3137.0,3171.0,3159.0,3159.0,2197.0,940.0,2203.0,956.0
2.0,6252.0,3168.0,3137.0,3159.0,3168.0,3168.0,2197.0,940.0,2219.0,949.0
2.0,6243.0,3151.0,3139.0,3168.0,3157.0,3157.0,2198.0,941.0,2204.0,947.0
2.0,6260.0,3169.0,3139.0,3157.0,3169.0,3169.0,2198.0,941.0,2217.0,952.0
2.0,6248.0,3158.0,3140.0,3169.0,3161.0,3161.0,2199.0,941.0,2208.0,950.0
2.0,6259.0,3162.0,3140.0,3161.0,3162.0,3162.0,2199.0,941.0,2210.0,952.0
2.0,6258.0,3165.0,3141.0,3162.0,3168.0,3168.0,2200.0,941.0,2218.0,947.0
2.0,6255.0,3159.0,3141.0,3168.0,3159.0,3159.0,2200.0,941.0,2212.0,947.0
2.0,6264.0,3156.0,3143.0,3159.0,3162.0,3162.0,2201.0,942.0,2205.0,951.0
2.0,6267.0,3164.0,3144.0,3162.0,3167.0,3167.0,2202.0,942.0,2217.0,947.0
2.0,6265.0,3156.0,3144.0,3167.0,3156.0,3156.0,2202.0,942.0,2204.0,952.0
2.0,6276.0,3162.0,3144.0,3156.0,3162.0,3162.0,2202.0,942.0,2211.0,951.0
2.0,6270.0,3161.0,3146.0,3162.0,3167.0,3167.0,2203.0,943.0,2213.0,948.0
2.0,6271.0,3158.0,3146.0,3167.0,3158.0,3158.0,2203.0,943.0,2209.0,949.0
2.0,6280.0,3174.0,3147.0,3158.0,3177.0,3177.0,2204.0,943.0,2222.0,952.0
2.0,6264.0,3155.0,3148.0,3177.0,3158.0,3158.0,2205.0,943.0,2207.0,948.0
2.0,6286.0,3161.0,3149.0,3158.0,3164.0,3164.0,2205.0,944.0,2214.0,947.0
2.0,6283.0,3159.0,3150.0,3164.0,3162.0,3162.0,2206.0,944.0,2213.0,946.0
2.0,6288.0,3167.0,3150.0,3162.0,3167.0,3167.0,2206.0,944.0,2215.0,952.0
2.0,6283.0,3156.0,3151.0,3167.0,3159.0,3159.0,2207.0,944.0,2209.0,947.0
2.0,6294.0,3163.0,3152.0,3159.0,3166.0,3166.0,2207.0,945.0,2213.0,950.0
2.0,6290.0,3162.0,3153.0,3166.0,3165.0,3165.0,2208.0,945.0,2215.0,947.0
2.0,6294.0,3163.0,3153.0,3165.0,3163.0,3163.0,2208.0,945.0,2214.0,949.0
2.0,6296.0,3165.0,3155.0,3163.0,3171.0,3171.0,2209.0,946.0,2217.0,948.0
2.0,6294.0,3166.0,3155.0,3171.0,3166.0,3166.0,2209.0,946.0,2217.0,949.0
2.0,6299.0,3167.0,3156.0,3166.0,3170.0,3170.0,2210.0,946.0,2220.0,947.0
2.0,6298.0,3167.0,3156.0,3170.0,3167.0,3167.0,2210.0,946.0,2218.0,949.0
2.0,6301.0,3160.0,3158.0,3167.0,3166.0,3166.0,2211.0,947.0,2213.0,947.0
2.0,6308.0,3169.0,3158.0,3166.0,3169.0,3169.0,2211.0,947.0,2222.0,947.0
2.0,6305.0,3165.0,3159.0,3169.0,3168.0,3168.0,2212.0,947.0,2215.0,950.0
2.0,6309.0,3166.0,3159.0,3168.0,3166.0,3166.0,2212.0,947.0,2214.0,952.0
2.0,6311.0,3175.0,3160.0,3166.0,3178.0,3178.0,2212.0,948.0,2223.0,952.0
2.0,6302.0,3181.0,3161.0,3178.0,3184.0,3184.0,2213.0,948.0,2226.0,955.0
2.0,6299.0,3182.0,3161.0,3184.0,3182.0,3182.0,2213.0,948.0,2227.0,955.0
2.0,6301.0,3173.0,3161.0,3182.0,3173.0,3173.0,2213.0,948.0,2224.0,949.0
2.0,6310.0,3178.0,3163.0,3173.0,3184.0,3184.0,2214.0,949.0,2225.0,953.0
2.0,6305.0,3187.0,3163.0,3184.0,3187.0,3187.0,2214.0,949.0,2234.0,953.0
2.0,6302.0,3189.0,3164.0,3187.0,3192.0,3192.0,2215.0,949.0,2235.0,954.0
2.0,6300.0,3188.0,3164.0,3192.0,3188.0,3188.0,2215.0,949.0,2233.0,955.0
2.0,6304.0,3192.0,3166.0,3188.0,3198.0,3198.0,2216.0,950.0,2236.0,956.0
2.0,6300.0,3192.0,3166.0,3198.0,3192.0,3192.0,2216.0,950.0,2236.0,956.0
2.0,6306.0,3187.0,3167.0,3192.0,3190.0,3190.0,2217.0,950.0,2232.0,955.0
2.0,6311.0,3195.0,3167.0,3190.0,3195.0,3195.0,2217.0,950.0,2236.0,959.0
2.0,6306.0,3192.0,3168.0,3195.0,3195.0,3195.0,2217.0,951.0,2231.0,961.0
2.0,6309.0,3193.0,3169.0,3195.0,3196.0,3196.0,2218.0,951.0,2235.0,958.0
2.0,6311.0,3192.0,3169.0,3196.0,3192.0,3192.0,2218.0,951.0,2235.0,957.0
2.0,6315.0,3185.0,3170.0,3192.0,3188.0,3188.0,2219.0,951.0,2228.0,957.0
2.0,6322.0,3203.0,3170.0,3188.0,3203.0,3203.0,2219.0,951.0,2241.0,962.0
2.0,6307.0,3191.0,3172.0,3203.0,3197.0,3197.0,2220.0,952.0,2232.0,959.0
2.0,6319.0,3198.0,3172.0,3197.0,3198.0,3198.0,2220.0,952.0,2243.0,955.0
2.0,6318.0,3193.0,3173.0,3198.0,3196.0,3196.0,2221.0,952.0,2236.0,957.0
2.0,6323.0,3197.0,3173.0,3196.0,3197.0,3197.0,2221.0,952.0,2238.0,959.0
2.0,6322.0,3186.0,3174.0,3197.0,3189.0,3189.0,2222.0,952.0,2229.0,957.0
2.0,6333.0,3194.0,3174.0,3189.0,3194.0,3194.0,2222.0,952.0,2233.0,961.0
2.0,6328.0,3200.0,3174.0,3194.0,3200.0,3200.0,2222.0,952.0,2240.0,960.0
2.0,6322.0,3191.0,3176.0,3200.0,3197.0,3197.0,2223.0,953.0,2234.0,957.0
2.0,6331.0,3192.0,3176.0,3197.0,3192.0,3192.0,2223.0,953.0,2234.0,958.0
2.0,6336.0,3191.0,3177.0,3192.0,3194.0,3194.0,2224.0,953.0,2234.0,957.0
2.0,6337.0,3200.0,3177.0,3194.0,3200.0,3200.0,2224.0,953.0,2243.0,957.0
2.0,6331.0,3199.0,3178.0,3200.0,3202.0,3202.0,2225.0,953.0,2237.0,962.0
2.0,6332.0,3205.0,3179.0,3202.0,3208.0,3208.0,2226.0,953.0,2245.0,960.0
2.0,6329.0,3195.0,3180.0,3208.0,3198.0,3198.0,2226.0,954.0,2241.0,954.0
2.0,6342.0,3184.0,3180.0,3198.0,3184.0,3184.0,2226.0,954.0,2229.0,955.0
2.0,6356.0,3200.0,3181.0,3184.0,3203.0,3203.0,2227.0,954.0,2243.0,957.0
2.0,6340.0,3194.0,3182.0,3203.0,3197.0,3197.0,2228.0,954.0,2237.0,957.0
2.0,6349.0,3203.0,3182.0,3197.0,3203.0,3203.0,2228.0,954.0,2245.0,958.0
2.0,6343.0,3191.0,3182.0,3203.0,3191.0,3191.0,2228.0,954.0,2235.0,956.0
2.0,6355.0,3204.0,3183.0,3191.0,3207.0,3207.0,2229.0,954.0,2250.0,954.0
2.0,6342.0,3201.0,3184.0,3207.0,3204.0,3204.0,2230.0,954.0,2244.0,957.0
2.0,6348.0,3186.0,3185.0,3204.0,3189.0,3189.0,2230.0,955.0,2232.0,954.0
2.0,6366.0,3196.0,3186.0,3189.0,3199.0,3199.0,2231.0,955.0,2240.0,956.0
2.0,6359.0,3198.0,3186.0,3199.0,3198.0,3198.0,2231.0,955.0,2240.0,958.0
2.0,6360.0,3188.0,3187.0,3198.0,3191.0,3191.0,2232.0,955.0,2233.0,955.0
2.0,6370.0,3193.0,3187.0,3191.0,3193.0,3193.0,2232.0,955.0,2234.0,959.0
2.0,6368.0,3191.0,3187.0,3193.0,3191.0,3191.0,2232.0,955.0,2236.0,955.0
2.0,6370.0,3194.0,3189.0,3191.0,3200.0,3200.0,2233.0,956.0,2240.0,954.0
2.0,6367.0,3198.0,3189.0,3200.0,3198.0,3198.0,2233.0,956.0,2238.0,960.0
2.0,6369.0,3194.0,3190.0,3198.0,3197.0,3197.0,2234.0,956.0,2239.0,955.0
2.0,6373.0,3202.0,3190.0,3197.0,3202.0,3202.0,2234.0,956.0,2239.0,963.0
2.0,6368.0,3193.0,3190.0,3202.0,3193.0,3193.0,2234.0,956.0,2232.0,961.0
2.0,6377.0,3212.0,3192.0,3193.0,3218.0,3218.0,2235.0,957.0,2253.0,959.0
2.0,6358.0,3197.0,3192.0,3218.0,3197.0,3197.0,2235.0,957.0,2235.0,962.0
2.0,6379.0,3211.0,3193.0,3197.0,3214.0,3214.0,2236.0,957.0,2247.0,964.0
2.0,6365.0,3212.0,3194.0,3214.0,3215.0,3215.0,2237.0,957.0,2249.0,963.0
2.0,6367.0,3210.0,3194.0,3215.0,3210.0,3210.0,2237.0,957.0,2246.0,964.0
2.0,6372.0,3207.0,3195.0,3210.0,3210.0,3210.0,2237.0,958.0,2246.0,961.0
2.0,6375.0,3210.0,3196.0,3210.0,3213.0,3213.0,2238.0,958.0,2244.0,966.0
2.0,6375.0,3227.0,3196.0,3213.0,3227.0,3227.0,2238.0,958.0,2257.0,970.0
2.0,6361.0,3207.0,3197.0,3227.0,3210.0,3210.0,2239.0,958.0,2244.0,963.0
2.0,6381.0,3214.0,3198.0,3210.0,3217.0,3217.0,2239.0,959.0,2249.0,965.0
2.0,6377.0,3219.0,3198.0,3217.0,3219.0,3219.0,2239.0,959.0,2255.0,964.0
2.0,6375.0,3230.0,3199.0,3219.0,3233.0,3233.0,2240.0,959.0,2259.0,971.0
2.0,6364.0,3231.0,3199.0,3233.0,3231.0,3231.0,2240.0,959.0,2260.0,971.0
2.0,6366.0,3216.0,3200.0,3231.0,3219.0,3219.0,2240.0,960.0,2246.0,970.0
2.0,6381.0,3225.0,3201.0,3219.0,3228.0,3228.0,2241.0,960.0,2254.0,971.0
2.0,6375.0,3236.0,3201.0,3228.0,3236.0,3236.0,2241.0,960.0,2263.0,973.0
2.0,6367.0,3235.0,3202.0,3236.0,3238.0,3238.0,2242.0,960.0,2263.0,972.0
2.0,6368.0,3223.0,3203.0,3238.0,3226.0,3226.0,2242.0,961.0,2253.0,970.0
2.0,6383.0,3236.0,3204.0,3226.0,3239.0,3239.0,2243.0,961.0,2264.0,972.0
2.0,6373.0,3227.0,3204.0,3239.0,3227.0,3227.0,2243.0,961.0,2254.0,973.0
2.0,6385.0,3224.0,3205.0,3227.0,3227.0,3227.0,2244.0,961.0,2254.0,970.0
2.0,6388.0,3222.0,3206.0,3227.0,3225.0,3225.0,2244.0,962.0,2252.0,970.0
2.0,6393.0,3233.0,3206.0,3225.0,3233.0,3233.0,2244.0,962.0,2260.0,973.0
2.0,6385.0,3225.0,3206.0,3233.0,3225.0,3225.0,2244.0,962.0,2248.0,977.0
2.0,6393.0,3229.0,3208.0,3225.0,3235.0,3235.0,2245.0,963.0,2257.0,972.0
2.0,6389.0,3244.0,3209.0,3235.0,3247.0,3247.0,2246.0,963.0,2271.0,973.0
2.0,6380.0,3236.0,3209.0,3247.0,3236.0,3236.0,2246.0,963.0,2264.0,972.0
2.0,6391.0,3240.0,3210.0,3236.0,3243.0,3243.0,2247.0,963.0,2267.0,973.0
2.0,6387.0,3229.0,3211.0,3243.0,3232.0,3232.0,2247.0,964.0,2259.0,970.0
2.0,6401.0,3229.0,3212.0,3232.0,3232.0,3232.0,2248.0,964.0,2262.0,967.0
2.0,6404.0,3234.0,3212.0,3232.0,3234.0,3234.0,2248.0,964.0,2267.0,967.0
2.0,6402.0,3232.0,3213.0,3234.0,3235.0,3235.0,2249.0,964.0,2263.0,969.0
2.0,6404.0,3238.0,3213.0,3235.0,3238.0,3238.0,2249.0,964.0,2267.0,971.0
2.0,6401.0,3234.0,3215.0,3238.0,3240.0,3240.0,2250.0,965.0,2264.0,970.0
2.0,6405.0,3229.0,3215.0,3240.0,3229.0,3229.0,2250.0,965.0,2264.0,965.0
2.0,6416.0,3228.0,3216.0,3229.0,3231.0,3231.0,2251.0,965.0,2259.0,969.0
2.0,6417.0,3234.0,3216.0,3231.0,3234.0,3234.0,2251.0,965.0,2266.0,968.0
2.0,6414.0,3224.0,3216.0,3234.0,3224.0,3224.0,2251.0,965.0,2258.0,966.0
2.0,6424.0,3223.0,3218.0,3224.0,3229.0,3229.0,2252.0,966.0,2254.0,969.0
2.0,6425.0,3234.0,3218.0,3229.0,3234.0,3234.0,2252.0,966.0,2268.0,966.0
2.0,6420.0,3229.0,3218.0,3234.0,3229.0,3229.0,2252.0,966.0,2262.0,967.0
2.0,6425.0,3236.0,3219.0,3229.0,3239.0,3239.0,2253.0,966.0,2264.0,972.0
2.0,6418.0,3230.0,3221.0,3239.0,3236.0,3236.0,2254.0,967.0,2266.0,964.0
2.0,6427.0,3239.0,3221.0,3236.0,3239.0,3239.0,2254.0,967.0,2272.0,967.0
2.0,6424.0,3226.0,3222.0,3239.0,3229.0,3229.0,2255.0,967.0,2260.0,966.0
2.0,6437.0,3233.0,3222.0,3229.0,3233.0,3233.0,2255.0,967.0,2262.0,971.0
2.0,6433.0,3227.0,3223.0,3233.0,3230.0,3230.0,2256.0,967.0,2262.0,965.0
2.0,6439.0,3227.0,3224.0,3230.0,3230.0,3230.0,2256.0,968.0,2259.0,968.0
2.0,6442.0,3236.0,3225.0,3230.0,3239.0,3239.0,2257.0,968.0,2268.0,968.0
2.0,6436.0,3231.0,3225.0,3239.0,3231.0,3231.0,2257.0,968.0,2265.0,966.0
2.0,6444.0,3233.0,3226.0,3231.0,3236.0,3236.0,2258.0,968.0,2260.0,973.0
2.0,6442.0,3229.0,3226.0,3236.0,3229.0,3229.0,2258.0,968.0,2262.0,967.0
2.0,6449.0,3226.0,3227.0,3229.0,3229.0,3229.0,2258.0,969.0,2258.0,968.0
2.0,6452.0,3233.0,3228.0,3229.0,3236.0,3236.0,2259.0,969.0,2268.0,965.0
2.0,6448.0,3227.0,3228.0,3236.0,3227.0,3227.0,2259.0,969.0,2260.0,967.0
2.0,6457.0,3231.0,3228.0,3227.0,3231.0,3231.0,2259.0,969.0,2262.0,969.0
2.0,6453.0,3231.0,3229.0,3231.0,3234.0,3234.0,2260.0,969.0,2261.0,970.0
2.0,6453.0,3244.0,3229.0,3234.0,3244.0,3244.0,2260.0,969.0,2273.0,971.0
2.0,6443.0,3250.0,3230.0,3244.0,3253.0,3253.0,2261.0,969.0,2277.0,973.0
2.0,6437.0,3240.0,3230.0,3253.0,3240.0,3240.0,2261.0,969.0,2268.0,972.0
2.0,6450.0,3238.0,3231.0,3240.0,3241.0,3241.0,2262.0,969.0,2265.0,973.0
2.0,6452.0,3237.0,3232.0,3241.0,3240.0,3240.0,2262.0,970.0,2265.0,972.0
2.0,6456.0,3249.0,3232.0,3240.0,3249.0,3249.0,2262.0,970.0,2273.0,976.0
2.0,6447.0,3248.0,3232.0,3249.0,3248.0,3248.0,2262.0,970.0,2274.0,974.0
2.0,6448.0,3240.0,3233.0,3248.0,3243.0,3243.0,2263.0,970.0,2268.0,972.0
2.0,6456.0,3253.0,3233.0,3243.0,3253.0,3253.0,2263.0,970.0,2275.0,978.0
2.0,6446.0,3270.0,3234.0,3253.0,3273.0,3273.0,2264.0,970.0,2293.0,977.0
2.0,6429.0,3257.0,3234.0,3273.0,3257.0,3257.0,2264.0,970.0,2280.0,977.0
2.0,6445.0,3257.0,3235.0,3257.0,3260.0,3260.0,2265.0,970.0,2280.0,977.0
2.0,6445.0,3261.0,3235.0,3260.0,3261.0,3261.0,2265.0,970.0,2284.0,977.0
2.0,6444.0,3265.0,3237.0,3261.0,3271.0,3271.0,2266.0,971.0,2288.0,977.0
2.0,6440.0,3269.0,3237.0,3271.0,3269.0,3269.0,2266.0,971.0,2291.0,978.0
2.0,6442.0,3272.0,3238.0,3269.0,3275.0,3275.0,2267.0,971.0,2295.0,977.0
2.0,6439.0,3268.0,3239.0,3275.0,3271.0,3271.0,2268.0,971.0,2287.0,981.0
2.0,6446.0,3274.0,3239.0,3271.0,3274.0,3274.0,2268.0,971.0,2293.0,981.0
2.0,6443.0,3268.0,3240.0,3274.0,3271.0,3271.0,2269.0,971.0,2289.0,979.0
2.0,6449.0,3269.0,3241.0,3271.0,3272.0,3272.0,2270.0,971.0,2287.0,982.0
2.0,6451.0,3274.0,3242.0,3272.0,3277.0,3277.0,2270.0,972.0,2295.0,979.0
2.0,6449.0,3272.0,3243.0,3277.0,3275.0,3275.0,2271.0,972.0,2295.0,977.0
2.0,6454.0,3273.0,3243.0,3275.0,3273.0,3273.0,2271.0,972.0,2293.0,980.0
2.0,6456.0,3283.0,3244.0,3273.0,3286.0,3286.0,2272.0,972.0,2297.0,986.0
2.0,6446.0,3269.0,3245.0,3286.0,3272.0,3272.0,2273.0,972.0,2288.0,981.0
2.0,6463.0,3268.0,3246.0,3272.0,3271.0,3271.0,2273.0,973.0,2288.0,980.0
2.0,6467.0,3259.0,3246.0,3271.0,3259.0,3259.0,2273.0,973.0,2282.0,977.0
2.0,6479.0,3266.0,3247.0,3259.0,3269.0,3269.0,2274.0,973.0,2284.0,982.0
2.0,6472.0,3284.0,3247.0,3269.0,3284.0,3284.0,2274.0,973.0,2300.0,984.0
2.0,6457.0,3281.0,3249.0,3284.0,3287.0,3287.0,2275.0,974.0,2296.0,985.0
2.0,6460.0,3279.0,3250.0,3287.0,3282.0,3282.0,2276.0,974.0,2301.0,978.0
2.0,6468.0,3268.0,3250.0,3282.0,3268.0,3268.0,2276.0,974.0,2286.0,982.0
2.0,6482.0,3265.0,3251.0,3268.0,3268.0,3268.0,2277.0,974.0,2288.0,977.0
2.0,6485.0,3273.0,3252.0,3268.0,3276.0,3276.0,2278.0,974.0,2294.0,979.0
2.0,6480.0,3268.0,3253.0,3276.0,3271.0,3271.0,2278.0,975.0,2289.0,979.0
2.0,6488.0,3265.0,3253.0,3271.0,3265.0,3265.0,2278.0,975.0,2286.0,979.0
2.0,6494.0,3267.0,3254.0,3265.0,3270.0,3270.0,2279.0,975.0,2282.0,985.0
2.0,6492.0,3264.0,3254.0,3270.0,3264.0,3264.0,2279.0,975.0,2283.0,981.0
2.0,6498.0,3268.0,3255.0,3264.0,3271.0,3271.0,2279.0,976.0,2290.0,978.0
2.0,6494.0,3274.0,3256.0,3271.0,3277.0,3277.0,2280.0,976.0,2295.0,979.0
2.0,6491.0,3258.0,3256.0,3277.0,3258.0,3258.0,2280.0,976.0,2276.0,982.0
2.0,6510.0,3256.0,3257.0,3258.0,3259.0,3259.0,2281.0,976.0,2279.0,977.0
2.0,6512.0,3265.0,3258.0,3259.0,3268.0,3268.0,2281.0,977.0,2288.0,977.0
2.0,6506.0,3260.0,3259.0,3268.0,3263.0,3263.0,2282.0,977.0,2283.0,977.0
2.0,6514.0,3269.0,3259.0,3263.0,3269.0,3269.0,2282.0,977.0,2290.0,979.0
2.0,6508.0,3262.0,3259.0,3269.0,3262.0,3262.0,2282.0,977.0,2278.0,984.0
2.0,6515.0,3255.0,3260.0,3262.0,3258.0,3258.0,2283.0,977.0,2276.0,979.0
2.0,6522.0,3259.0,3261.0,3258.0,3262.0,3262.0,2283.0,978.0,2279.0,980.0
2.0,6521.0,3270.0,3261.0,3262.0,3270.0,3270.0,2283.0,978.0,2291.0,979.0
2.0,6513.0,3273.0,3262.0,3270.0,3276.0,3276.0,2284.0,978.0,2288.0,985.0
2.0,6510.0,3270.0,3263.0,3276.0,3273.0,3273.0,2284.0,979.0,2288.0,982.0
2.0,6516.0,3286.0,3264.0,3273.0,3289.0,3289.0,2285.0,979.0,2300.0,986.0
2.0,6503.0,3278.0,3265.0,3289.0,3281.0,3281.0,2286.0,979.0,2296.0,982.0
2.0,6514.0,3286.0,3265.0,3281.0,3286.0,3286.0,2286.0,979.0,2301.0,985.0
2.0,6509.0,3273.0,3267.0,3286.0,3279.0,3279.0,2287.0,980.0,2288.0,985.0
2.0,6522.0,3277.0,3267.0,3279.0,3277.0,3277.0,2287.0,980.0,2289.0,988.0
2.0,6524.0,3277.0,3268.0,3277.0,3280.0,3280.0,2288.0,980.0,2292.0,985.0
2.0,6524.0,3284.0,3268.0,3280.0,3284.0,3284.0,2288.0,980.0,2295.0,989.0
2.0,6520.0,3292.0,3269.0,3284.0,3295.0,3295.0,2288.0,981.0,2303.0,989.0
2.0,6512.0,3287.0,3270.0,3295.0,3290.0,3290.0,2289.0,981.0,2302.0,985.0
2.0,6520.0,3292.0,3271.0,3290.0,3295.0,3295.0,2290.0,981.0,2304.0,988.0
2.0,6518.0,3303.0,3271.0,3295.0,3303.0,3303.0,2290.0,981.0,2314.0,989.0
2.0,6510.0,3287.0,3272.0,3303.0,3290.0,3290.0,2290.0,982.0,2298.0,989.0
2.0,6526.0,3299.0,3273.0,3290.0,3302.0,3302.0,2291.0,982.0,2311.0,988.0
2.0,6517.0,3304.0,3274.0,3302.0,3307.0,3307.0,2292.0,982.0,2315.0,989.0
2.0,6515.0,3306.0,3274.0,3307.0,3306.0,3306.0,2292.0,982.0,2316.0,990.0
2.0,6516.0,3299.0,3275.0,3306.0,3302.0,3302.0,2293.0,982.0,2311.0,988.0
2.0,6523.0,3312.0,3276.0,3302.0,3315.0,3315.0,2293.0,983.0,2321.0,991.0
2.0,6513.0,3303.0,3277.0,3315.0,3306.0,3306.0,2294.0,983.0,2316.0,987.0
2.0,6525.0,3304.0,3277.0,3306.0,3304.0,3304.0,2294.0,983.0,2317.0,987.0
2.0,6527.0,3305.0,3278.0,3304.0,3308.0,3308.0,2295.0,983.0,2316.0,989.0
2.0,6526.0,3311.0,3278.0,3308.0,3311.0,3311.0,2295.0,983.0,2318.0,993.0
2.0,6523.0,3303.0,3279.0,3311.0,3306.0,3306.0,2296.0,983.0,2318.0,985.0
2.0,6531.0,3310.0,3280.0,3306.0,3313.0,3313.0,2296.0,984.0,2323.0,987.0
2.0,6527.0,3299.0,3281.0,3313.0,3302.0,3302.0,2297.0,984.0,2313.0,986.0
2.0,6541.0,3313.0,3281.0,3302.0,3313.0,3313.0,2297.0,984.0,2324.0,989.0
2.0,6530.0,3299.0,3282.0,3313.0,3302.0,3302.0,2298.0,984.0,2309.0,990.0
2.0,6544.0,3298.0,3282.0,3302.0,3298.0,3298.0,2298.0,984.0,2312.0,986.0
2.0,6548.0,3311.0,3283.0,3298.0,3314.0,3314.0,2299.0,984.0,2320.0,991.0
2.0,6535.0,3309.0,3284.0,3314.0,3312.0,3312.0,2299.0,985.0,2317.0,992.0
2.0,6540.0,3303.0,3285.0,3312.0,3306.0,3306.0,2300.0,985.0,2315.0,988.0
2.0,6549.0,3302.0,3285.0,3306.0,3302.0,3302.0,2300.0,985.0,2315.0,987.0
2.0,6553.0,3298.0,3285.0,3302.0,3298.0,3298.0,2300.0,985.0,2310.0,988.0
2.0,6557.0,3290.0,3285.0,3298.0,3290.0,3290.0,2300.0,985.0,2303.0,987.0
2.0,6565.0,3304.0,3286.0,3290.0,3307.0,3307.0,2301.0,985.0,2315.0,989.0
2.0,6551.0,3296.0,3286.0,3307.0,3296.0,3296.0,2301.0,985.0,2310.0,986.0
2.0,6562.0,3288.0,3287.0,3296.0,3291.0,3291.0,2302.0,985.0,2301.0,987.0
2.0,6570.0,3295.0,3288.0,3291.0,3298.0,3298.0,2302.0,986.0,2306.0,989.0
2.0,6566.0,3287.0,3288.0,3298.0,3287.0,3287.0,2302.0,986.0,2302.0,985.0
2.0,6577.0,3291.0,3289.0,3287.0,3294.0,3294.0,2303.0,986.0,2304.0,987.0
2.0,6573.0,3288.0,3289.0,3294.0,3288.0,3288.0,2303.0,986.0,2304.0,984.0
2.0,6579.0,3287.0,3289.0,3288.0,3287.0,3287.0,2303.0,986.0,2301.0,986.0
2.0,6580.0,3280.0,3289.0,3287.0,3280.0,3280.0,2303.0,986.0,2291.0,989.0
2.0,6587.0,3295.0,3290.0,3280.0,3298.0,3298.0,2304.0,986.0,2308.0,987.0
2.0,6572.0,3297.0,3291.0,3298.0,3300.0,3300.0,2304.0,987.0,2309.0,988.0
2.0,6573.0,3284.0,3292.0,3300.0,3287.0,3287.0,2305.0,987.0,2296.0,988.0
2.0,6589.0,3307.0,3292.0,3287.0,3307.0,3307.0,2305.0,987.0,2316.0,991.0
2.0,6569.0,3298.0,3293.0,3307.0,3301.0,3301.0,2306.0,987.0,2306.0,992.0
2.0,6578.0,3300.0,3293.0,3301.0,3300.0,3300.0,2306.0,987.0,2311.0,989.0
2.0,6579.0,3290.0,3295.0,3300.0,3296.0,3296.0,2307.0,988.0,2300.0,990.0
2.0,6589.0,3296.0,3295.0,3296.0,3296.0,3296.0,2307.0,988.0,2307.0,989.0
2.0,6589.0,3302.0,3295.0,3296.0,3302.0,3302.0,2307.0,988.0,2310.0,992.0
2.0,6583.0,3300.0,3296.0,3302.0,3303.0,3303.0,2308.0,988.0,2305.0,995.0
2.0,6585.0,3308.0,3296.0,3303.0,3308.0,3308.0,2308.0,988.0,2317.0,991.0
2.0,6580.0,3311.0,3296.0,3308.0,3311.0,3311.0,2308.0,988.0,2315.0,996.0
2.0,6577.0,3315.0,3298.0,3311.0,3321.0,3321.0,2309.0,989.0,2320.0,995.0
2.0,6573.0,3309.0,3298.0,3321.0,3309.0,3309.0,2309.0,989.0,2313.0,996.0
2.0,6585.0,3326.0,3299.0,3309.0,3329.0,3329.0,2310.0,989.0,2326.0,1000.0
2.0,6568.0,3321.0,3300.0,3329.0,3324.0,3324.0,2311.0,989.0,2323.0,998.0
2.0,6576.0,3329.0,3301.0,3324.0,3332.0,3332.0,2311.0,990.0,2330.0,999.0
2.0,6571.0,3326.0,3302.0,3332.0,3329.0,3329.0,2312.0,990.0,2327.0,999.0
2.0,6577.0,3343.0,3302.0,3329.0,3343.0,3343.0,2312.0,990.0,2339.0,1004.0
2.0,6563.0,3336.0,3303.0,3343.0,3339.0,3339.0,2313.0,990.0,2338.0,998.0
2.0,6570.0,3325.0,3304.0,3339.0,3328.0,3328.0,2313.0,991.0,2324.0,1001.0
2.0,6584.0,3338.0,3305.0,3328.0,3341.0,3341.0,2314.0,991.0,2335.0,1003.0
2.0,6574.0,3330.0,3305.0,3341.0,3330.0,3330.0,2314.0,991.0,2326.0,1004.0
2.0,6585.0,3336.0,3306.0,3330.0,3339.0,3339.0,2315.0,991.0,2337.0,999.0
2.0,6579.0,3345.0,3307.0,3339.0,3348.0,3348.0,2315.0,992.0,2343.0,1002.0
2.0,6573.0,3349.0,3308.0,3348.0,3352.0,3352.0,2316.0,992.0,2346.0,1003.0
2.0,6572.0,3349.0,3308.0,3352.0,3349.0,3349.0,2316.0,992.0,2342.0,1007.0
2.0,6575.0,3343.0,3309.0,3349.0,3346.0,3346.0,2317.0,992.0,2339.0,1004.0
2.0,6581.0,3339.0,3310.0,3346.0,3342.0,3342.0,2317.0,993.0,2337.0,1002.0
2.0,6588.0,3349.0,3311.0,3342.0,3352.0,3352.0,2318.0,993.0,2347.0,1002.0
2.0,6581.0,3358.0,3311.0,3352.0,3358.0,3358.0,2318.0,993.0,2351.0,1007.0
2.0,6575.0,3349.0,3313.0,3358.0,3355.0,3355.0,2319.0,994.0,2349.0,1000.0
2.0,6584.0,3344.0,3313.0,3355.0,3344.0,3344.0,2319.0,994.0,2340.0,1004.0
2.0,6595.0,3351.0,3314.0,3344.0,3354.0,3354.0,2320.0,994.0,2348.0,1003.0
2.0,6588.0,3337.0,3314.0,3354.0,3337.0,3337.0,2320.0,994.0,2336.0,1001.0
2.0,6605.0,3334.0,3316.0,3337.0,3340.0,3340.0,2321.0,995.0,2332.0,1002.0
2.0,6608.0,3343.0,3316.0,3340.0,3343.0,3343.0,2321.0,995.0,2340.0,1003.0
2.0,6605.0,3338.0,3316.0,3343.0,3338.0,3338.0,2321.0,995.0,2334.0,1004.0
2.0,6610.0,3331.0,3317.0,3338.0,3334.0,3334.0,2322.0,995.0,2333.0,998.0
2.0,6617.0,3337.0,3318.0,3334.0,3340.0,3340.0,2322.0,996.0,2337.0,1000.0
2.0,6614.0,3332.0,3318.0,3340.0,3332.0,3332.0,2322.0,996.0,2330.0,1002.0
2.0,6622.0,3335.0,3319.0,3332.0,3338.0,3338.0,2323.0,996.0,2335.0,1000.0
2.0,6619.0,3330.0,3319.0,3338.0,3330.0,3330.0,2323.0,996.0,2328.0,1002.0
2.0,6627.0,3324.0,3321.0,3330.0,3330.0,3330.0,2324.0,997.0,2324.0,1000.0
2.0,6633.0,3329.0,3321.0,3330.0,3329.0,3329.0,2324.0,997.0,2329.0,1000.0
2.0,6634.0,3336.0,3322.0,3329.0,3339.0,3339.0,2325.0,997.0,2338.0,998.0
2.0,6627.0,3328.0,3322.0,3339.0,3328.0,3328.0,2325.0,997.0,2330.0,998.0
2.0,6638.0,3330.0,3324.0,3328.0,3336.0,3336.0,2326.0,998.0,2331.0,999.0
2.0,6636.0,3319.0,3324.0,3336.0,3319.0,3319.0,2326.0,998.0,2320.0,999.0
2.0,6653.0,3323.0,3325.0,3319.0,3326.0,3326.0,2327.0,998.0,2331.0,992.0
2.0,6649.0,3332.0,3325.0,3326.0,3332.0,3332.0,2327.0,998.0,2334.0,998.0
2.0,6643.0,3333.0,3326.0,3332.0,3336.0,3336.0,2328.0,998.0,2332.0,1001.0
2.0,6642.0,3318.0,3327.0,3336.0,3321.0,3321.0,2328.0,999.0,2323.0,995.0
2.0,6660.0,3326.0,3328.0,3321.0,3329.0,3329.0,2329.0,999.0,2327.0,999.0
2.0,6655.0,3322.0,3328.0,3329.0,3322.0,3322.0,2329.0,999.0,2326.0,996.0
2.0,6662.0,3321.0,3328.0,3322.0,3321.0,3321.0,2329.0,999.0,2327.0,994.0
2.0,6663.0,3325.0,3329.0,3321.0,3328.0,3328.0,2330.0,999.0,2325.0,1000.0
2.0,6659.0,3333.0,3329.0,3328.0,3333.0,3333.0,2330.0,999.0,2333.0,1000.0
2.0,6654.0,3332.0,3330.0,3333.0,3335.0,3335.0,2331.0,999.0,2335.0,997.0
2.0,6655.0,3340.0,3331.0,3335.0,3343.0,3343.0,2331.0,1000.0,2340.0,1000.0
2.0,6650.0,3345.0,3332.0,3343.0,3348.0,3348.0,2332.0,1000.0,2342.0,1003.0
2.0,6648.0,3336.0,3333.0,3348.0,3339.0,3339.0,2333.0,1000.0,2337.0,999.0
2.0,6660.0,3354.0,3333.0,3339.0,3354.0,3354.0,2333.0,1000.0,2348.0,1006.0
2.0,6645.0,3346.0,3334.0,3354.0,3349.0,3349.0,2334.0,1000.0,2343.0,1003.0
2.0,6653.0,3353.0,3335.0,3349.0,3356.0,3356.0,2334.0,1001.0,2349.0,1004.0
2.0,6649.0,3349.0,3336.0,3356.0,3352.0,3352.0,2335.0,1001.0,2347.0,1002.0
2.0,6656.0,3353.0,3336.0,3352.0,3353.0,3353.0,2335.0,1001.0,2346.0,1007.0
2.0,6655.0,3352.0,3337.0,3353.0,3355.0,3355.0,2336.0,1001.0,2345.0,1007.0
2.0,6656.0,3358.0,3337.0,3355.0,3358.0,3358.0,2336.0,1001.0,2354.0,1004.0
2.0,6653.0,3357.0,3338.0,3358.0,3360.0,3360.0,2337.0,1001.0,2349.0,1008.0
2.0,6654.0,3361.0,3338.0,3360.0,3361.0,3361.0,2337.0,1001.0,2356.0,1005.0
2.0,6653.0,3372.0,3339.0,3361.0,3375.0,3375.0,2338.0,1001.0,2368.0,1004.0
2.0,6642.0,3374.0,3339.0,3375.0,3374.0,3374.0,2338.0,1001.0,2367.0,1007.0
2.0,6643.0,3368.0,3341.0,3374.0,3374.0,3374.0,2339.0,1002.0,2359.0,1009.0
2.0,6649.0,3370.0,3342.0,3374.0,3373.0,3373.0,2340.0,1002.0,2358.0,1012.0
2.0,6653.0,3373.0,3342.0,3373.0,3373.0,3373.0,2340.0,1002.0,2363.0,1010.0
2.0,6653.0,3378.0,3342.0,3373.0,3378.0,3378.0,2340.0,1002.0,2366.0,1012.0
2.0,6648.0,3371.0,3343.0,3378.0,3374.0,3374.0,2341.0,1002.0,2361.0,1010.0
2.0,6655.0,3388.0,3343.0,3374.0,3388.0,3388.0,2341.0,1002.0,2374.0,1014.0
2.0,6641.0,3378.0,3345.0,3388.0,3384.0,3384.0,2342.0,1003.0,2366.0,1012.0
2.0,6651.0,3376.0,3345.0,3384.0,3376.0,3376.0,2342.0,1003.0,2367.0,1009.0
2.0,6659.0,3374.0,3346.0,3376.0,3377.0,3377.0,2343.0,1003.0,2361.0,1013.0
2.0,6661.0,3376.0,3346.0,3377.0,3376.0,3376.0,2343.0,1003.0,2367.0,1009.0
2.0,6662.0,3376.0,3346.0,3376.0,3376.0,3376.0,2343.0,1003.0,2362.0,1014.0
2.0,6662.0,3374.0,3347.0,3376.0,3377.0,3377.0,2344.0,1003.0,2361.0,1013.0
2.0,6664.0,3372.0,3348.0,3377.0,3375.0,3375.0,2344.0,1004.0,2360.0,1012.0
2.0,6669.0,3375.0,3348.0,3375.0,3375.0,3375.0,2344.0,1004.0,2363.0,1012.0
2.0,6669.0,3379.0,3349.0,3375.0,3382.0,3382.0,2345.0,1004.0,2366.0,1013.0
2.0,6665.0,3378.0,3350.0,3382.0,3381.0,3381.0,2346.0,1004.0,2361.0,1017.0
2.0,6669.0,3367.0,3350.0,3381.0,3367.0,3367.0,2346.0,1004.0,2357.0,1010.0
2.0,6683.0,3376.0,3352.0,3367.0,3382.0,3382.0,2347.0,1005.0,2364.0,1012.0
2.0,6674.0,3369.0,3352.0,3382.0,3369.0,3369.0,2347.0,1005.0,2358.0,1011.0
2.0,6687.0,3364.0,3352.0,3369.0,3364.0,3364.0,2347.0,1005.0,2349.0,1015.0
2.0,6692.0,3361.0,3353.0,3364.0,3364.0,3364.0,2348.0,1005.0,2348.0,1013.0
2.0,6695.0,3364.0,3354.0,3364.0,3367.0,3367.0,2348.0,1006.0,2354.0,1010.0
2.0,6695.0,3366.0,3355.0,3367.0,3369.0,3369.0,2349.0,1006.0,2353.0,1013.0
2.0,6696.0,3367.0,3355.0,3369.0,3367.0,3367.0,2349.0,1006.0,2357.0,1010.0
2.0,6698.0,3363.0,3355.0,3367.0,3363.0,3363.0,2349.0,1006.0,2349.0,1014.0
2.0,6702.0,3367.0,3357.0,3363.0,3373.0,3373.0,2350.0,1007.0,2352.0,1015.0
2.0,6698.0,3369.0,3357.0,3373.0,3369.0,3369.0,2350.0,1007.0,2357.0,1012.0
2.0,6702.0,3370.0,3358.0,3369.0,3373.0,3373.0,2351.0,1007.0,2355.0,1015.0
2.0,6701.0,3362.0,3359.0,3373.0,3365.0,3365.0,2351.0,1008.0,2352.0,1010.0
2.0,6712.0,3352.0,3360.0,3365.0,3355.0,3355.0,2352.0,1008.0,2342.0,1010.0
2.0,6725.0,3353.0,3360.0,3355.0,3353.0,3353.0,2352.0,1008.0,2344.0,1009.0
2.0,6727.0,3359.0,3360.0,3353.0,3359.0,3359.0,2352.0,1008.0,2348.0,1011.0
2.0,6721.0,3362.0,3361.0,3359.0,3365.0,3365.0,2353.0,1008.0,2350.0,1012.0
2.0,6718.0,3367.0,3362.0,3365.0,3370.0,3370.0,2353.0,1009.0,2357.0,1010.0
2.0,6716.0,3364.0,3363.0,3370.0,3367.0,3367.0,2354.0,1009.0,2353.0,1011.0
2.0,6722.0,3370.0,3363.0,3367.0,3370.0,3370.0,2354.0,1009.0,2359.0,1011.0
2.0,6719.0,3373.0,3364.0,3370.0,3376.0,3376.0,2355.0,1009.0,2361.0,1012.0
2.0,6716.0,3368.0,3365.0,3376.0,3371.0,3371.0,2355.0,1010.0,2354.0,1014.0
2.0,6724.0,3383.0,3366.0,3371.0,3386.0,3386.0,2356.0,1010.0,2371.0,1012.0
2.0,6712.0,3387.0,3367.0,3386.0,3390.0,3390.0,2357.0,1010.0,2372.0,1015.0
2.0,6711.0,3387.0,3368.0,3390.0,3390.0,3390.0,2357.0,1011.0,2372.0,1015.0
2.0,6714.0,3387.0,3369.0,3390.0,3390.0,3390.0,2358.0,1011.0,2371.0,1016.0
2.0,6717.0,3380.0,3369.0,3390.0,3380.0,3380.0,2358.0,1011.0,2366.0,1014.0
2.0,6727.0,3383.0,3369.0,3380.0,3383.0,3383.0,2358.0,1011.0,2367.0,1016.0
2.0,6724.0,3395.0,3370.0,3383.0,3398.0,3398.0,2359.0,1011.0,2379.0,1016.0
2.0,6712.0,3395.0,3372.0,3398.0,3401.0,3401.0,2360.0,1012.0,2380.0,1015.0
2.0,6715.0,3394.0,3372.0,3401.0,3394.0,3394.0,2360.0,1012.0,2382.0,1012.0
2.0,6722.0,3404.0,3373.0,3394.0,3407.0,3407.0,2361.0,1012.0,2388.0,1016.0
2.0,6712.0,3397.0,3374.0,3407.0,3400.0,3400.0,2362.0,1012.0,2378.0,1019.0
2.0,6722.0,3410.0,3374.0,3400.0,3410.0,3410.0,2362.0,1012.0,2391.0,1019.0
2.0,6712.0,3394.0,3376.0,3410.0,3400.0,3400.0,2363.0,1013.0,2380.0,1014.0
2.0,6728.0,3398.0,3376.0,3400.0,3398.0,3398.0,2363.0,1013.0,2379.0,1019.0
2.0,6730.0,3412.0,3376.0,3398.0,3412.0,3412.0,2363.0,1013.0,2391.0,1021.0
2.0,6716.0,3409.0,3377.0,3412.0,3412.0,3412.0,2364.0,1013.0,2388.0,1021.0
2.0,6719.0,3399.0,3377.0,3412.0,3399.0,3399.0,2364.0,1013.0,2383.0,1016.0
2.0,6732.0,3400.0,3379.0,3399.0,3406.0,3406.0,2365.0,1014.0,2382.0,1018.0
2.0,6731.0,3413.0,3379.0,3406.0,3413.0,3413.0,2365.0,1014.0,2394.0,1019.0
2.0,6724.0,3408.0,3380.0,3413.0,3411.0,3411.0,2366.0,1014.0,2385.0,1023.0
2.0,6729.0,3412.0,3380.0,3411.0,3412.0,3412.0,2366.0,1014.0,2392.0,1020.0
2.0,6728.0,3408.0,3380.0,3412.0,3408.0,3408.0,2366.0,1014.0,2386.0,1022.0
2.0,6732.0,3406.0,3381.0,3408.0,3409.0,3409.0,2367.0,1014.0,2382.0,1024.0
2.0,6734.0,3412.0,3382.0,3409.0,3415.0,3415.0,2367.0,1015.0,2390.0,1022.0
2.0,6731.0,3404.0,3383.0,3415.0,3407.0,3407.0,2368.0,1015.0,2385.0,1019.0
2.0,6742.0,3405.0,3383.0,3407.0,3405.0,3405.0,2368.0,1015.0,2385.0,1020.0
2.0,6744.0,3404.0,3384.0,3405.0,3407.0,3407.0,2369.0,1015.0,2386.0,1018.0
2.0,6745.0,3406.0,3384.0,3407.0,3406.0,3406.0,2369.0,1015.0,2383.0,1023.0
2.0,6746.0,3407.0,3384.0,3406.0,3407.0,3407.0,2369.0,1015.0,2385.0,1022.0
2.0,6745.0,3402.0,3386.0,3407.0,3408.0,3408.0,2370.0,1016.0,2382.0,1020.0
2.0,6750.0,3397.0,3386.0,3408.0,3397.0,3397.0,2370.0,1016.0,2378.0,1019.0
2.0,6761.0,3403.0,3387.0,3397.0,3406.0,3406.0,2371.0,1016.0,2384.0,1019.0
2.0,6755.0,3400.0,3387.0,3406.0,3400.0,3400.0,2371.0,1016.0,2381.0,1019.0
2.0,6761.0,3405.0,3388.0,3400.0,3408.0,3408.0,2372.0,1016.0,2379.0,1026.0
2.0,6756.0,3405.0,3388.0,3408.0,3405.0,3405.0,2372.0,1016.0,2387.0,1018.0
2.0,6759.0,3394.0,3389.0,3405.0,3397.0,3397.0,2373.0,1016.0,2374.0,1020.0
2.0,6770.0,3388.0,3389.0,3397.0,3388.0,3388.0,2373.0,1016.0,2373.0,1015.0
2.0,6779.0,3388.0,3390.0,3388.0,3391.0,3391.0,2373.0,1017.0,2373.0,1015.0
2.0,6779.0,3385.0,3391.0,3391.0,3388.0,3388.0,2374.0,1017.0,2371.0,1014.0
2.0,6785.0,3392.0,3391.0,3388.0,3392.0,3392.0,2374.0,1017.0,2375.0,1017.0
2.0,6781.0,3395.0,3392.0,3392.0,3398.0,3398.0,2375.0,1017.0,2380.0,1015.0
2.0,6778.0,3401.0,3392.0,3398.0,3401.0,3401.0,2375.0,1017.0,2382.0,1019.0
2.0,6775.0,3398.0,3393.0,3401.0,3401.0,3401.0,2376.0,1017.0,2377.0,1021.0
2.0,6778.0,3391.0,3393.0,3401.0,3391.0,3391.0,2376.0,1017.0,2368.0,1023.0
2.0,6788.0,3391.0,3394.0,3391.0,3394.0,3394.0,2377.0,1017.0,2374.0,1017.0
2.0,6788.0,3411.0,3396.0,3394.0,3417.0,3417.0,2378.0,1018.0,2389.0,1022.0
2.0,6771.0,3405.0,3396.0,3417.0,3405.0,3405.0,2378.0,1018.0,2383.0,1022.0
2.0,6783.0,3408.0,3397.0,3405.0,3411.0,3411.0,2379.0,1018.0,2387.0,1021.0
2.0,6780.0,3414.0,3398.0,3411.0,3417.0,3417.0,2380.0,1018.0,2391.0,1023.0
2.0,6777.0,3400.0,3398.0,3417.0,3400.0,3400.0,2380.0,1018.0,2379.0,1021.0
2.0,6794.0,3413.0,3399.0,3400.0,3416.0,3416.0,2380.0,1019.0,2389.0,1024.0
2.0,6781.0,3417.0,3400.0,3416.0,3420.0,3420.0,2381.0,1019.0,2395.0,1022.0
2.0,6780.0,3420.0,3401.0,3420.0,3423.0,3423.0,2382.0,1019.0,2392.0,1028.0
2.0,6780.0,3427.0,3401.0,3423.0,3427.0,3427.0,2382.0,1019.0,2401.0,1026.0
2.0,6776.0,3408.0,3401.0,3427.0,3408.0,3408.0,2382.0,1019.0,2385.0,1023.0
2.0,6795.0,3417.0,3403.0,3408.0,3423.0,3423.0,2383.0,1020.0,2394.0,1023.0
2.0,6786.0,3427.0,3404.0,3423.0,3430.0,3430.0,2384.0,1020.0,2402.0,1025.0
2.0,6782.0,3437.0,3404.0,3430.0,3437.0,3437.0,2384.0,1020.0,2408.0,1029.0
2.0,6775.0,3426.0,3405.0,3437.0,3429.0,3429.0,2385.0,1020.0,2396.0,1030.0
2.0,6786.0,3426.0,3406.0,3429.0,3429.0,3429.0,2385.0,1021.0,2401.0,1025.0
2.0,6789.0,3425.0,3406.0,3429.0,3425.0,3425.0,2385.0,1021.0,2396.0,1029.0
2.0,6793.0,3430.0,3407.0,3425.0,3433.0,3433.0,2386.0,1021.0,2397.0,1033.0
2.0,6788.0,3435.0,3407.0,3433.0,3435.0,3435.0,2386.0,1021.0,2407.0,1028.0
2.0,6786.0,3443.0,3408.0,3435.0,3446.0,3446.0,2386.0,1022.0,2411.0,1032.0
2.0,6778.0,3435.0,3409.0,3446.0,3438.0,3438.0,2387.0,1022.0,2405.0,1030.0
2.0,6789.0,3450.0,3410.0,3438.0,3453.0,3453.0,2388.0,1022.0,2417.0,1033.0
2.0,6777.0,3445.0,3410.0,3453.0,3445.0,3445.0,2388.0,1022.0,2411.0,1034.0
2.0,6785.0,3450.0,3412.0,3445.0,3456.0,3456.0,2389.0,1023.0,2415.0,1035.0
2.0,6780.0,3448.0,3412.0,3456.0,3448.0,3448.0,2389.0,1023.0,2409.0,1039.0
2.0,6788.0,3440.0,3413.0,3448.0,3443.0,3443.0,2390.0,1023.0,2406.0,1034.0
2.0,6796.0,3438.0,3414.0,3443.0,3441.0,3441.0,2390.0,1024.0,2404.0,1034.0
2.0,6801.0,3456.0,3414.0,3441.0,3456.0,3456.0,2390.0,1024.0,2420.0,1036.0
2.0,6786.0,3442.0,3415.0,3456.0,3445.0,3445.0,2391.0,1024.0,2405.0,1037.0
2.0,6800.0,3440.0,3415.0,3445.0,3440.0,3440.0,2391.0,1024.0,2409.0,1031.0
2.0,6805.0,3445.0,3417.0,3440.0,3451.0,3451.0,2392.0,1025.0,2413.0,1032.0
2.0,6800.0,3440.0,3417.0,3451.0,3440.0,3440.0,2392.0,1025.0,2405.0,1035.0
2.0,6811.0,3447.0,3417.0,3440.0,3447.0,3447.0,2392.0,1025.0,2410.0,1037.0
2.0,6804.0,3446.0,3418.0,3447.0,3449.0,3449.0,2393.0,1025.0,2416.0,1030.0
2.0,6805.0,3440.0,3419.0,3449.0,3443.0,3443.0,2393.0,1026.0,2407.0,1033.0
2.0,6814.0,3443.0,3420.0,3443.0,3446.0,3446.0,2394.0,1026.0,2409.0,1034.0
2.0,6814.0,3433.0,3420.0,3446.0,3433.0,3433.0,2394.0,1026.0,2399.0,1034.0
2.0,6827.0,3443.0,3421.0,3433.0,3446.0,3446.0,2395.0,1026.0,2408.0,1035.0
2.0,6817.0,3437.0,3422.0,3446.0,3440.0,3440.0,2395.0,1027.0,2403.0,1034.0
2.0,6826.0,3439.0,3423.0,3440.0,3442.0,3442.0,2396.0,1027.0,2405.0,1034.0
2.0,6827.0,3452.0,3423.0,3442.0,3452.0,3452.0,2396.0,1027.0,2413.0,1039.0
2.0,6817.0,3436.0,3425.0,3452.0,3442.0,3442.0,2397.0,1028.0,2404.0,1032.0
2.0,6833.0,3435.0,3425.0,3442.0,3435.0,3435.0,2397.0,1028.0,2406.0,1029.0
2.0,6840.0,3431.0,3426.0,3435.0,3434.0,3434.0,2398.0,1028.0,2401.0,1030.0
2.0,6844.0,3438.0,3426.0,3434.0,3438.0,3438.0,2398.0,1028.0,2407.0,1031.0
2.0,6840.0,3429.0,3428.0,3438.0,3435.0,3435.0,2399.0,1029.0,2398.0,1031.0
2.0,6849.0,3424.0,3428.0,3435.0,3424.0,3424.0,2399.0,1029.0,2396.0,1028.0
2.0,6860.0,3432.0,3429.0,3424.0,3435.0,3435.0,2400.0,1029.0,2404.0,1028.0
2.0,6852.0,3438.0,3429.0,3435.0,3438.0,3438.0,2400.0,1029.0,2409.0,1029.0
2.0,6849.0,3429.0,3430.0,3438.0,3432.0,3432.0,2401.0,1029.0,2404.0,1025.0
2.0,6858.0,3434.0,3431.0,3432.0,3437.0,3437.0,2401.0,1030.0,2403.0,1031.0
2.0,6856.0,3442.0,3432.0,3437.0,3445.0,3445.0,2402.0,1030.0,2410.0,1032.0
2.0,6851.0,3422.0,3433.0,3445.0,3425.0,3425.0,2403.0,1030.0,2397.0,1025.0
2.0,6874.0,3428.0,3433.0,3425.0,3428.0,3428.0,2403.0,1030.0,2403.0,1025.0
2.0,6871.0,3446.0,3433.0,3428.0,3446.0,3446.0,2403.0,1030.0,2418.0,1028.0
2.0,6853.0,3442.0,3434.0,3446.0,3445.0,3445.0,2404.0,1030.0,2412.0,1030.0
2.0,6857.0,3444.0,3434.0,3445.0,3444.0,3444.0,2404.0,1030.0,2413.0,1031.0
2.0,6858.0,3441.0,3436.0,3444.0,3447.0,3447.0,2405.0,1031.0,2413.0,1028.0
2.0,6861.0,3444.0,3437.0,3447.0,3447.0,3447.0,2406.0,1031.0,2414.0,1030.0
2.0,6864.0,3451.0,3437.0,3447.0,3451.0,3451.0,2406.0,1031.0,2422.0,1029.0
2.0,6860.0,3448.0,3438.0,3451.0,3451.0,3451.0,2407.0,1031.0,2418.0,1030.0
2.0,6863.0,3437.0,3438.0,3451.0,3437.0,3437.0,2407.0,1031.0,2405.0,1032.0
2.0,6877.0,3454.0,3438.0,3437.0,3454.0,3454.0,2407.0,1031.0,2424.0,1030.0
2.0,6860.0,3450.0,3439.0,3454.0,3453.0,3453.0,2408.0,1031.0,2417.0,1033.0
2.0,6864.0,3463.0,3440.0,3453.0,3466.0,3466.0,2408.0,1032.0,2427.0,1036.0
2.0,6854.0,3455.0,3441.0,3466.0,3458.0,3458.0,2409.0,1032.0,2423.0,1032.0
2.0,6865.0,3457.0,3441.0,3458.0,3457.0,3457.0,2409.0,1032.0,2427.0,1030.0
2.0,6866.0,3458.0,3442.0,3457.0,3461.0,3461.0,2410.0,1032.0,2422.0,1036.0
2.0,6865.0,3459.0,3442.0,3461.0,3459.0,3459.0,2410.0,1032.0,2423.0,1036.0
2.0,6867.0,3466.0,3443.0,3459.0,3469.0,3469.0,2411.0,1032.0,2427.0,1039.0
2.0,6860.0,3476.0,3443.0,3469.0,3476.0,3476.0,2411.0,1032.0,2434.0,1042.0
2.0,6853.0,3461.0,3443.0,3476.0,3461.0,3461.0,2411.0,1032.0,2423.0,1038.0
2.0,6868.0,3465.0,3445.0,3461.0,3471.0,3471.0,2412.0,1033.0,2426.0,1039.0
2.0,6864.0,3475.0,3445.0,3471.0,3475.0,3475.0,2412.0,1033.0,2438.0,1037.0
2.0,6860.0,3468.0,3446.0,3475.0,3471.0,3471.0,2413.0,1033.0,2428.0,1040.0
2.0,6867.0,3465.0,3446.0,3471.0,3465.0,3465.0,2413.0,1033.0,2425.0,1040.0
2.0,6873.0,3473.0,3446.0,3465.0,3473.0,3473.0,2413.0,1033.0,2430.0,1043.0
2.0,6865.0,3474.0,3447.0,3473.0,3477.0,3477.0,2414.0,1033.0,2431.0,1043.0
2.0,6864.0,3480.0,3447.0,3477.0,3480.0,3480.0,2414.0,1033.0,2440.0,1040.0
2.0,6861.0,3467.0,3447.0,3480.0,3467.0,3467.0,2414.0,1033.0,2424.0,1043.0
2.0,6874.0,3486.0,3448.0,3467.0,3489.0,3489.0,2415.0,1033.0,2444.0,1042.0
2.0,6855.0,3470.0,3450.0,3489.0,3476.0,3476.0,2416.0,1034.0,2429.0,1041.0
2.0,6874.0,3474.0,3450.0,3476.0,3474.0,3474.0,2416.0,1034.0,2429.0,1045.0
2.0,6876.0,3479.0,3450.0,3474.0,3479.0,3479.0,2416.0,1034.0,2429.0,1050.0
2.0,6871.0,3470.0,3451.0,3479.0,3473.0,3473.0,2417.0,1034.0,2429.0,1041.0
2.0,6880.0,3477.0,3452.0,3473.0,3480.0,3480.0,2417.0,1035.0,2433.0,1044.0
2.0,6876.0,3474.0,3452.0,3480.0,3474.0,3474.0,2417.0,1035.0,2432.0,1042.0
2.0,6882.0,3472.0,3453.0,3474.0,3475.0,3475.0,2418.0,1035.0,2426.0,1046.0
2.0,6884.0,3476.0,3453.0,3475.0,3476.0,3476.0,2418.0,1035.0,2428.0,1048.0
2.0,6883.0,3471.0,3454.0,3476.0,3474.0,3474.0,2419.0,1035.0,2429.0,1042.0
2.0,6888.0,3472.0,3455.0,3474.0,3475.0,3475.0,2419.0,1036.0,2430.0,1042.0
2.0,6890.0,3461.0,3456.0,3475.0,3464.0,3464.0,2420.0,1036.0,2417.0,1044.0
2.0,6904.0,3464.0,3456.0,3464.0,3464.0,3464.0,2420.0,1036.0,2422.0,1042.0
2.0,6904.0,3475.0,3456.0,3464.0,3475.0,3475.0,2420.0,1036.0,2430.0,1045.0
2.0,6893.0,3466.0,3457.0,3475.0,3469.0,3469.0,2421.0,1036.0,2425.0,1041.0
2.0,6902.0,3465.0,3457.0,3469.0,3465.0,3465.0,2421.0,1036.0,2422.0,1043.0
2.0,6906.0,3479.0,3458.0,3465.0,3482.0,3482.0,2421.0,1037.0,2435.0,1044.0
2.0,6892.0,3474.0,3459.0,3482.0,3477.0,3477.0,2422.0,1037.0,2435.0,1039.0
2.0,6900.0,3479.0,3460.0,3477.0,3482.0,3482.0,2423.0,1037.0,2434.0,1045.0
2.0,6898.0,3466.0,3460.0,3482.0,3466.0,3466.0,2423.0,1037.0,2425.0,1041.0
2.0,6914.0,3472.0,3462.0,3466.0,3478.0,3478.0,2424.0,1038.0,2433.0,1039.0
2.0,6908.0,3476.0,3462.0,3478.0,3476.0,3476.0,2424.0,1038.0,2431.0,1045.0
2.0,6910.0,3478.0,3463.0,3476.0,3481.0,3481.0,2425.0,1038.0,2434.0,1044.0
2.0,6908.0,3471.0,3463.0,3481.0,3471.0,3471.0,2425.0,1038.0,2429.0,1042.0
2.0,6918.0,3479.0,3465.0,3471.0,3485.0,3485.0,2426.0,1039.0,2438.0,1041.0
2.0,6910.0,3476.0,3466.0,3485.0,3479.0,3479.0,2427.0,1039.0,2434.0,1042.0
2.0,6919.0,3478.0,3466.0,3479.0,3478.0,3478.0,2427.0,1039.0,2436.0,1042.0
2.0,6920.0,3476.0,3467.0,3478.0,3479.0,3479.0,2427.0,1040.0,2434.0,1042.0
2.0,6922.0,3475.0,3468.0,3479.0,3478.0,3478.0,2428.0,1040.0,2433.0,1042.0
2.0,6926.0,3482.0,3468.0,3478.0,3482.0,3482.0,2428.0,1040.0,2436.0,1046.0
2.0,6922.0,3479.0,3469.0,3482.0,3482.0,3482.0,2429.0,1040.0,2437.0,1042.0
2.0,6925.0,3477.0,3470.0,3482.0,3480.0,3480.0,2429.0,1041.0,2437.0,1040.0
2.0,6930.0,3478.0,3470.0,3480.0,3478.0,3478.0,2429.0,1041.0,2434.0,1044.0
2.0,6932.0,3491.0,3471.0,3478.0,3494.0,3494.0,2430.0,1041.0,2444.0,1047.0
2.0,6919.0,3484.0,3471.0,3494.0,3484.0,3484.0,2430.0,1041.0,2439.0,1045.0
2.0,6929.0,3489.0,3473.0,3484.0,3495.0,3495.0,2431.0,1042.0,2441.0,1048.0
2.0,6924.0,3485.0,3473.0,3495.0,3485.0,3485.0,2431.0,1042.0,2437.0,1048.0
2.0,6934.0,3492.0,3473.0,3485.0,3492.0,3492.0,2431.0,1042.0,2442.0,1050.0
2.0,6927.0,3491.0,3475.0,3492.0,3497.0,3497.0,2432.0,1043.0,2446.0,1045.0
2.0,6928.0,3488.0,3475.0,3497.0,3488.0,3488.0,2432.0,1043.0,2439.0,1049.0
2.0,6937.0,3501.0,3476.0,3488.0,3504.0,3504.0,2433.0,1043.0,2454.0,1047.0
2.0,6924.0,3506.0,3476.0,3504.0,3506.0,3506.0,2433.0,1043.0,2455.0,1051.0
2.0,6922.0,3492.0,3476.0,3506.0,3492.0,3492.0,2433.0,1043.0,2446.0,1046.0
2.0,6936.0,3507.0,3478.0,3492.0,3513.0,3513.0,2434.0,1044.0,2459.0,1048.0
2.0,6921.0,3499.0,3479.0,3513.0,3502.0,3502.0,2435.0,1044.0,2450.0,1049.0
2.0,6935.0,3493.0,3479.0,3502.0,3493.0,3493.0,2435.0,1044.0,2445.0,1048.0
2.0,6944.0,3506.0,3479.0,3493.0,3506.0,3506.0,2435.0,1044.0,2452.0,1054.0
2.0,6931.0,3501.0,3480.0,3506.0,3504.0,3504.0,2436.0,1044.0,2453.0,1048.0
2.0,6936.0,3506.0,3481.0,3504.0,3509.0,3509.0,2436.0,1045.0,2457.0,1049.0
2.0,6934.0,3499.0,3482.0,3509.0,3502.0,3502.0,2437.0,1045.0,2448.0,1051.0
2.0,6944.0,3497.0,3482.0,3502.0,3497.0,3497.0,2437.0,1045.0,2447.0,1050.0
2.0,6949.0,3502.0,3482.0,3497.0,3502.0,3502.0,2437.0,1045.0,2452.0,1050.0
2.0,6944.0,3518.0,3483.0,3502.0,3521.0,3521.0,2438.0,1045.0,2463.0,1055.0
2.0,6928.0,3513.0,3483.0,3521.0,3513.0,3513.0,2438.0,1045.0,2462.0,1051.0
2.0,6936.0,3502.0,3485.0,3513.0,3508.0,3508.0,2439.0,1046.0,2453.0,1049.0
2.0,6947.0,3506.0,3485.0,3508.0,3506.0,3506.0,2439.0,1046.0,2456.0,1050.0
2.0,6949.0,3500.0,3486.0,3506.0,3503.0,3503.0,2440.0,1046.0,2451.0,1049.0
2.0,6955.0,3516.0,3486.0,3503.0,3516.0,3516.0,2440.0,1046.0,2461.0,1055.0
2.0,6942.0,3496.0,3486.0,3516.0,3496.0,3496.0,2440.0,1046.0,2448.0,1048.0
2.0,6962.0,3519.0,3487.0,3496.0,3522.0,3522.0,2441.0,1046.0,2462.0,1057.0
2.0,6939.0,3510.0,3488.0,3522.0,3513.0,3513.0,2442.0,1046.0,2457.0,1053.0
2.0,6951.0,3507.0,3488.0,3513.0,3507.0,3507.0,2442.0,1046.0,2456.0,1051.0
2.0,6957.0,3502.0,3490.0,3507.0,3508.0,3508.0,2443.0,1047.0,2453.0,1049.0
2.0,6962.0,3507.0,3490.0,3508.0,3507.0,3507.0,2443.0,1047.0,2458.0,1049.0
2.0,6963.0,3507.0,3491.0,3507.0,3510.0,3510.0,2444.0,1047.0,2457.0,1050.0
2.0,6963.0,3518.0,3492.0,3510.0,3521.0,3521.0,2445.0,1047.0,2463.0,1055.0
2.0,6955.0,3512.0,3492.0,3521.0,3512.0,3512.0,2445.0,1047.0,2459.0,1053.0
2.0,6964.0,3518.0,3493.0,3512.0,3521.0,3521.0,2446.0,1047.0,2472.0,1046.0
2.0,6958.0,3497.0,3494.0,3521.0,3500.0,3500.0,2447.0,1047.0,2447.0,1050.0
2.0,6982.0,3497.0,3495.0,3500.0,3500.0,3500.0,2447.0,1048.0,2447.0,1050.0
2.0,6985.0,3507.0,3495.0,3500.0,3507.0,3507.0,2447.0,1048.0,2458.0,1049.0
2.0,6978.0,3503.0,3496.0,3507.0,3506.0,3506.0,2448.0,1048.0,2454.0,1049.0
2.0,6982.0,3512.0,3496.0,3506.0,3512.0,3512.0,2448.0,1048.0,2458.0,1054.0
2.0,6976.0,3498.0,3497.0,3512.0,3501.0,3501.0,2449.0,1048.0,2454.0,1044.0
2.0,6990.0,3503.0,3497.0,3501.0,3503.0,3503.0,2449.0,1048.0,2455.0,1048.0
2.0,6988.0,3506.0,3498.0,3503.0,3509.0,3509.0,2450.0,1048.0,2457.0,1049.0
2.0,6985.0,3522.0,3499.0,3509.0,3525.0,3525.0,2450.0,1049.0,2468.0,1054.0
2.0,6972.0,3517.0,3500.0,3525.0,3520.0,3520.0,2451.0,1049.0,2467.0,1050.0
2.0,6980.0,3509.0,3500.0,3520.0,3509.0,3509.0,2451.0,1049.0,2457.0,1052.0
2.0,6991.0,3509.0,3501.0,3509.0,3512.0,3512.0,2452.0,1049.0,2454.0,1055.0
2.0,6991.0,3515.0,3502.0,3512.0,3518.0,3518.0,2452.0,1050.0,2460.0,1055.0
2.0,6988.0,3501.0,3502.0,3518.0,3501.0,3501.0,2452.0,1050.0,2446.0,1055.0
2.0,7005.0,3516.0,3503.0,3501.0,3519.0,3519.0,2453.0,1050.0,2464.0,1052.0
2.0,6990.0,3513.0,3503.0,3519.0,3513.0,3513.0,2453.0,1050.0,2458.0,1055.0
2.0,6996.0,3505.0,3504.0,3513.0,3508.0,3508.0,2454.0,1050.0,2451.0,1054.0
2.0,7004.0,3524.0,3505.0,3508.0,3527.0,3527.0,2454.0,1051.0,2467.0,1057.0
2.0,6988.0,3510.0,3505.0,3527.0,3510.0,3510.0,2454.0,1051.0,2458.0,1052.0
2.0,7005.0,3518.0,3506.0,3510.0,3521.0,3521.0,2455.0,1051.0,2460.0,1058.0
2.0,6997.0,3531.0,3507.0,3521.0,3534.0,3534.0,2456.0,1051.0,2471.0,1060.0
2.0,6987.0,3527.0,3507.0,3534.0,3527.0,3527.0,2456.0,1051.0,2469.0,1058.0
2.0,6994.0,3526.0,3508.0,3527.0,3529.0,3529.0,2456.0,1052.0,2467.0,1059.0
2.0,6995.0,3532.0,3509.0,3529.0,3535.0,3535.0,2457.0,1052.0,2473.0,1059.0
2.0,6992.0,3524.0,3509.0,3535.0,3524.0,3524.0,2457.0,1052.0,2464.0,1060.0
2.0,7003.0,3530.0,3509.0,3524.0,3530.0,3530.0,2457.0,1052.0,2464.0,1066.0
2.0,6997.0,3529.0,3511.0,3530.0,3535.0,3535.0,2458.0,1053.0,2468.0,1061.0
2.0,6998.0,3542.0,3511.0,3535.0,3542.0,3542.0,2458.0,1053.0,2479.0,1063.0
2.0,6991.0,3537.0,3512.0,3542.0,3540.0,3540.0,2459.0,1053.0,2469.0,1068.0
2.0,6996.0,3542.0,3512.0,3540.0,3542.0,3542.0,2459.0,1053.0,2479.0,1063.0
2.0,6994.0,3535.0,3514.0,3542.0,3541.0,3541.0,2460.0,1054.0,2473.0,1062.0
2.0,7001.0,3540.0,3514.0,3541.0,3540.0,3540.0,2460.0,1054.0,2476.0,1064.0
2.0,7002.0,3540.0,3514.0,3540.0,3540.0,3540.0,2460.0,1054.0,2473.0,1067.0
2.0,7002.0,3541.0,3516.0,3540.0,3547.0,3547.0,2461.0,1055.0,2474.0,1067.0
2.0,7001.0,3543.0,3517.0,3547.0,3546.0,3546.0,2462.0,1055.0,2476.0,1067.0
2.0,7005.0,3541.0,3517.0,3546.0,3541.0,3541.0,2462.0,1055.0,2476.0,1065.0
2.0,7010.0,3546.0,3517.0,3541.0,3546.0,3546.0,2462.0,1055.0,2479.0,1067.0
2.0,7005.0,3553.0,3519.0,3546.0,3559.0,3559.0,2463.0,1056.0,2486.0,1067.0
2.0,6998.0,3552.0,3519.0,3559.0,3552.0,3552.0,2463.0,1056.0,2491.0,1061.0
2.0,7005.0,3552.0,3520.0,3552.0,3555.0,3555.0,2464.0,1056.0,2484.0,1068.0
2.0,7005.0,3549.0,3522.0,3555.0,3555.0,3555.0,2465.0,1057.0,2482.0,1067.0
2.0,7011.0,3555.0,3522.0,3555.0,3555.0,3555.0,2465.0,1057.0,2489.0,1066.0
2.0,7011.0,3544.0,3523.0,3555.0,3547.0,3547.0,2466.0,1057.0,2476.0,1068.0
2.0,7022.0,3541.0,3523.0,3547.0,3541.0,3541.0,2466.0,1057.0,2481.0,1060.0
2.0,7028.0,3539.0,3524.0,3541.0,3542.0,3542.0,2466.0,1058.0,2477.0,1062.0
2.0,7030.0,3543.0,3525.0,3542.0,3546.0,3546.0,2467.0,1058.0,2479.0,1064.0
2.0,7029.0,3539.0,3525.0,3546.0,3539.0,3539.0,2467.0,1058.0,2478.0,1061.0
2.0,7036.0,3540.0,3526.0,3539.0,3543.0,3543.0,2468.0,1058.0,2477.0,1063.0
2.0,7035.0,3544.0,3526.0,3543.0,3544.0,3544.0,2468.0,1058.0,2482.0,1062.0
2.0,7034.0,3549.0,3528.0,3544.0,3555.0,3555.0,2469.0,1059.0,2485.0,1064.0
2.0,7029.0,3537.0,3528.0,3555.0,3537.0,3537.0,2469.0,1059.0,2477.0,1060.0
2.0,7047.0,3536.0,3528.0,3537.0,3536.0,3536.0,2469.0,1059.0,2476.0,1060.0
2.0,7048.0,3539.0,3529.0,3536.0,3542.0,3542.0,2470.0,1059.0,2476.0,1063.0
2.0,7045.0,3545.0,3530.0,3542.0,3548.0,3548.0,2470.0,1060.0,2484.0,1061.0
2.0,7042.0,3546.0,3531.0,3548.0,3549.0,3549.0,2471.0,1060.0,2483.0,1063.0
2.0,7044.0,3545.0,3531.0,3549.0,3545.0,3545.0,2471.0,1060.0,2484.0,1061.0
2.0,7048.0,3547.0,3532.0,3545.0,3550.0,3550.0,2472.0,1060.0,2488.0,1059.0
2.0,7046.0,3548.0,3533.0,3550.0,3551.0,3551.0,2473.0,1060.0,2484.0,1064.0
2.0,7048.0,3520.0,3534.0,3551.0,3523.0,3523.0,2473.0,1061.0,2461.0,1059.0
2.0,7079.0,3539.0,3534.0,3523.0,3539.0,3539.0,2473.0,1061.0,2479.0,1060.0
2.0,7063.0,3530.0,3534.0,3539.0,3530.0,3530.0,2473.0,1061.0,2472.0,1058.0
2.0,7072.0,3530.0,3534.0,3530.0,3530.0,3530.0,2473.0,1061.0,2474.0,1056.0
2.0,7072.0,3541.0,3535.0,3530.0,3544.0,3544.0,2474.0,1061.0,2478.0,1063.0
2.0,7061.0,3549.0,3535.0,3544.0,3549.0,3549.0,2474.0,1061.0,2486.0,1063.0
2.0,7056.0,3534.0,3537.0,3549.0,3540.0,3540.0,2475.0,1062.0,2476.0,1058.0
2.0,7071.0,3545.0,3537.0,3540.0,3545.0,3545.0,2475.0,1062.0,2480.0,1065.0
2.0,7066.0,3550.0,3538.0,3545.0,3553.0,3553.0,2476.0,1062.0,2487.0,1063.0
2.0,7061.0,3547.0,3538.0,3553.0,3547.0,3547.0,2476.0,1062.0,2488.0,1059.0
2.0,7067.0,3537.0,3539.0,3547.0,3540.0,3540.0,2477.0,1062.0,2474.0,1063.0
2.0,7077.0,3546.0,3539.0,3540.0,3546.0,3546.0,2477.0,1062.0,2484.0,1062.0
2.0,7071.0,3544.0,3540.0,3546.0,3547.0,3547.0,2478.0,1062.0,2482.0,1062.0
2.0,7073.0,3551.0,3541.0,3547.0,3554.0,3554.0,2478.0,1063.0,2487.0,1064.0
2.0,7069.0,3554.0,3541.0,3554.0,3554.0,3554.0,2478.0,1063.0,2492.0,1062.0
2.0,7069.0,3547.0,3542.0,3554.0,3550.0,3550.0,2479.0,1063.0,2484.0,1063.0
2.0,7076.0,3554.0,3542.0,3550.0,3554.0,3554.0,2479.0,1063.0,2489.0,1065.0
2.0,7072.0,3552.0,3542.0,3554.0,3552.0,3552.0,2479.0,1063.0,2488.0,1064.0
2.0,7074.0,3562.0,3543.0,3552.0,3565.0,3565.0,2480.0,1063.0,2493.0,1069.0
2.0,7064.0,3564.0,3544.0,3565.0,3567.0,3567.0,2481.0,1063.0,2493.0,1071.0
2.0,7065.0,3557.0,3544.0,3567.0,3557.0,3557.0,2481.0,1063.0,2490.0,1067.0
2.0,7075.0,3562.0,3544.0,3557.0,3562.0,3562.0,2481.0,1063.0,2495.0,1067.0
2.0,7070.0,3561.0,3545.0,3562.0,3564.0,3564.0,2482.0,1063.0,2495.0,1066.0
2.0,7071.0,3576.0,3546.0,3564.0,3579.0,3579.0,2482.0,1064.0,2503.0,1073.0
2.0,7059.0,3564.0,3547.0,3579.0,3567.0,3567.0,2483.0,1064.0,2494.0,1070.0
2.0,7074.0,3571.0,3547.0,3567.0,3571.0,3571.0,2483.0,1064.0,2500.0,1071.0
2.0,7070.0,3571.0,3548.0,3571.0,3574.0,3574.0,2484.0,1064.0,2496.0,1075.0
2.0,7070.0,3577.0,3548.0,3574.0,3577.0,3577.0,2484.0,1064.0,2502.0,1075.0
2.0,7067.0,3579.0,3549.0,3577.0,3582.0,3582.0,2485.0,1064.0,2504.0,1075.0
2.0,7065.0,3578.0,3549.0,3582.0,3578.0,3578.0,2485.0,1064.0,2507.0,1071.0
2.0,7069.0,3583.0,3551.0,3578.0,3589.0,3589.0,2486.0,1065.0,2509.0,1074.0
2.0,7064.0,3578.0,3551.0,3589.0,3578.0,3578.0,2486.0,1065.0,2505.0,1073.0
2.0,7075.0,3577.0,3551.0,3578.0,3577.0,3577.0,2486.0,1065.0,2504.0,1073.0
2.0,7076.0,3576.0,3552.0,3577.0,3579.0,3579.0,2487.0,1065.0,2501.0,1075.0
2.0,7077.0,3579.0,3552.0,3579.0,3579.0,3579.0,2487.0,1065.0,2505.0,1074.0
2.0,7077.0,3583.0,3553.0,3579.0,3586.0,3586.0,2488.0,1065.0,2510.0,1073.0
2.0,7073.0,3579.0,3553.0,3586.0,3579.0,3579.0,2488.0,1065.0,2508.0,1071.0
2.0,7080.0,3584.0,3555.0,3579.0,3590.0,3590.0,2489.0,1066.0,2508.0,1076.0
2.0,7075.0,3579.0,3555.0,3590.0,3579.0,3579.0,2489.0,1066.0,2505.0,1074.0
2.0,7086.0,3595.0,3556.0,3579.0,3598.0,3598.0,2490.0,1066.0,2518.0,1077.0
2.0,7070.0,3576.0,3556.0,3598.0,3576.0,3576.0,2490.0,1066.0,2503.0,1073.0
2.0,7092.0,3583.0,3558.0,3576.0,3589.0,3589.0,2491.0,1067.0,2509.0,1074.0
2.0,7085.0,3580.0,3559.0,3589.0,3583.0,3583.0,2492.0,1067.0,2509.0,1071.0
2.0,7094.0,3583.0,3559.0,3583.0,3583.0,3583.0,2492.0,1067.0,2510.0,1073.0
2.0,7094.0,3583.0,3560.0,3583.0,3586.0,3586.0,2493.0,1067.0,2505.0,1078.0
2.0,7094.0,3582.0,3561.0,3586.0,3585.0,3585.0,2493.0,1068.0,2509.0,1073.0
2.0,7098.0,3579.0,3562.0,3585.0,3582.0,3582.0,2494.0,1068.0,2506.0,1073.0
2.0,7104.0,3583.0,3562.0,3582.0,3583.0,3583.0,2494.0,1068.0,2507.0,1076.0
2.0,7103.0,3583.0,3563.0,3583.0,3586.0,3586.0,2495.0,1068.0,2509.0,1074.0
2.0,7103.0,3573.0,3563.0,3586.0,3573.0,3573.0,2495.0,1068.0,2500.0,1073.0
2.0,7116.0,3579.0,3564.0,3573.0,3582.0,3582.0,2495.0,1069.0,2505.0,1074.0
2.0,7110.0,3572.0,3565.0,3582.0,3575.0,3575.0,2496.0,1069.0,2501.0,1071.0
2.0,7120.0,3568.0,3565.0,3575.0,3568.0,3568.0,2496.0,1069.0,2492.0,1076.0
2.0,7127.0,3586.0,3567.0,3568.0,3592.0,3592.0,2497.0,1070.0,2510.0,1076.0
2.0,7109.0,3573.0,3568.0,3592.0,3576.0,3576.0,2498.0,1070.0,2501.0,1072.0
2.0,7128.0,3582.0,3568.0,3576.0,3582.0,3582.0,2498.0,1070.0,2506.0,1076.0
2.0,7122.0,3572.0,3568.0,3582.0,3572.0,3572.0,2498.0,1070.0,2498.0,1074.0
2.0,7132.0,3573.0,3570.0,3572.0,3579.0,3579.0,2499.0,1071.0,2497.0,1076.0
2.0,7131.0,3580.0,3570.0,3579.0,3580.0,3580.0,2499.0,1071.0,2507.0,1073.0
2.0,7130.0,3573.0,3571.0,3580.0,3576.0,3576.0,2500.0,1071.0,2496.0,1077.0
2.0,7137.0,3587.0,3571.0,3576.0,3587.0,3587.0,2500.0,1071.0,2512.0,1075.0
2.0,7126.0,3578.0,3572.0,3587.0,3581.0,3581.0,2500.0,1072.0,2502.0,1076.0
2.0,7135.0,3578.0,3573.0,3581.0,3581.0,3581.0,2501.0,1072.0,2504.0,1074.0
2.0,7138.0,3583.0,3573.0,3581.0,3583.0,3583.0,2501.0,1072.0,2503.0,1080.0
2.0,7136.0,3589.0,3575.0,3583.0,3595.0,3595.0,2502.0,1073.0,2512.0,1077.0
2.0,7130.0,3576.0,3575.0,3595.0,3576.0,3576.0,2502.0,1073.0,2500.0,1076.0
2.0,7149.0,3577.0,3575.0,3576.0,3577.0,3577.0,2502.0,1073.0,2502.0,1075.0
2.0,7148.0,3600.0,3576.0,3577.0,3603.0,3603.0,2503.0,1073.0,2520.0,1080.0
2.0,7125.0,3598.0,3578.0,3603.0,3604.0,3604.0,2504.0,1074.0,2516.0,1082.0
2.0,7130.0,3591.0,3578.0,3604.0,3591.0,3591.0,2504.0,1074.0,2514.0,1077.0
2.0,7143.0,3590.0,3578.0,3591.0,3590.0,3590.0,2504.0,1074.0,2506.0,1084.0
2.0,7144.0,3602.0,3579.0,3590.0,3605.0,3605.0,2505.0,1074.0,2522.0,1080.0
2.0,7132.0,3600.0,3580.0,3605.0,3603.0,3603.0,2505.0,1075.0,2521.0,1079.0
2.0,7137.0,3608.0,3581.0,3603.0,3611.0,3611.0,2506.0,1075.0,2529.0,1079.0
2.0,7132.0,3604.0,3582.0,3611.0,3607.0,3607.0,2507.0,1075.0,2520.0,1084.0
2.0,7139.0,3607.0,3582.0,3607.0,3607.0,3607.0,2507.0,1075.0,2527.0,1080.0
2.0,7139.0,3607.0,3584.0,3607.0,3613.0,3613.0,2508.0,1076.0,2523.0,1084.0
2.0,7139.0,3610.0,3584.0,3613.0,3610.0,3610.0,2508.0,1076.0,2530.0,1080.0
2.0,7142.0,3614.0,3585.0,3610.0,3617.0,3617.0,2509.0,1076.0,2528.0,1086.0
2.0,7138.0,3608.0,3585.0,3617.0,3608.0,3608.0,2509.0,1076.0,2523.0,1085.0
2.0,7147.0,3611.0,3586.0,3608.0,3614.0,3614.0,2510.0,1076.0,2531.0,1080.0
2.0,7144.0,3610.0,3586.0,3614.0,3610.0,3610.0,2510.0,1076.0,2530.0,1080.0
2.0,7148.0,3615.0,3588.0,3610.0,3621.0,3621.0,2511.0,1077.0,2532.0,1083.0
2.0,7143.0,3619.0,3588.0,3621.0,3619.0,3619.0,2511.0,1077.0,2536.0,1083.0
2.0,7145.0,3619.0,3589.0,3619.0,3622.0,3622.0,2512.0,1077.0,2536.0,1083.0
2.0,7145.0,3618.0,3589.0,3622.0,3618.0,3618.0,2512.0,1077.0,2531.0,1087.0
2.0,7149.0,3630.0,3590.0,3618.0,3633.0,3633.0,2513.0,1077.0,2547.0,1083.0
2.0,7137.0,3619.0,3592.0,3633.0,3625.0,3625.0,2514.0,1078.0,2537.0,1082.0
2.0,7151.0,3617.0,3592.0,3625.0,3617.0,3617.0,2514.0,1078.0,2537.0,1080.0
2.0,7159.0,3617.0,3593.0,3617.0,3620.0,3620.0,2515.0,1078.0,2533.0,1084.0
2.0,7159.0,3616.0,3593.0,3620.0,3616.0,3616.0,2515.0,1078.0,2535.0,1081.0
2.0,7163.0,3613.0,3594.0,3616.0,3616.0,3616.0,2516.0,1078.0,2533.0,1080.0
2.0,7166.0,3618.0,3594.0,3616.0,3618.0,3618.0,2516.0,1078.0,2533.0,1085.0
2.0,7164.0,3611.0,3595.0,3618.0,3614.0,3614.0,2517.0,1078.0,2530.0,1081.0
2.0,7171.0,3613.0,3596.0,3614.0,3616.0,3616.0,2517.0,1079.0,2533.0,1080.0
2.0,7172.0,3615.0,3597.0,3616.0,3618.0,3618.0,2518.0,1079.0,2535.0,1080.0
2.0,7173.0,3612.0,3597.0,3618.0,3612.0,3612.0,2518.0,1079.0,2534.0,1078.0
2.0,7179.0,3607.0,3597.0,3612.0,3607.0,3607.0,2518.0,1079.0,2530.0,1077.0
2.0,7184.0,3613.0,3598.0,3607.0,3616.0,3616.0,2519.0,1079.0,2532.0,1081.0
2.0,7178.0,3598.0,3598.0,3616.0,3598.0,3598.0,2519.0,1079.0,2521.0,1077.0
2.0,7196.0,3596.0,3598.0,3598.0,3596.0,3596.0,2519.0,1079.0,2511.0,1085.0
2.0,7198.0,3612.0,3599.0,3596.0,3615.0,3615.0,2520.0,1079.0,2527.0,1085.0
2.0,7182.0,3600.0,3600.0,3615.0,3603.0,3603.0,2520.0,1080.0,2519.0,1081.0
2.0,7197.0,3602.0,3600.0,3603.0,3602.0,3602.0,2520.0,1080.0,2522.0,1080.0
2.0,7198.0,3607.0,3601.0,3602.0,3610.0,3610.0,2521.0,1080.0,2528.0,1079.0
2.0,7193.0,3596.0,3601.0,3610.0,3596.0,3596.0,2521.0,1080.0,2516.0,1080.0
2.0,7207.0,3607.0,3602.0,3596.0,3610.0,3610.0,2522.0,1080.0,2523.0,1084.0
2.0,7196.0,3609.0,3602.0,3610.0,3609.0,3609.0,2522.0,1080.0,2529.0,1080.0
2.0,7197.0,3606.0,3603.0,3609.0,3609.0,3609.0,2523.0,1080.0,2522.0,1084.0
2.0,7200.0,3607.0,3604.0,3609.0,3610.0,3610.0,2523.0,1081.0,2525.0,1082.0
2.0,7202.0,3610.0,3605.0,3610.0,3613.0,3613.0,2524.0,1081.0,2526.0,1084.0
2.0,7202.0,3606.0,3605.0,3613.0,3606.0,3606.0,2524.0,1081.0,2523.0,1083.0
2.0,7209.0,3605.0,3605.0,3606.0,3605.0,3605.0,2524.0,1081.0,2522.0,1083.0
2.0,7210.0,3617.0,3606.0,3605.0,3620.0,3620.0,2525.0,1081.0,2528.0,1089.0
2.0,7198.0,3619.0,3607.0,3620.0,3622.0,3622.0,2525.0,1082.0,2533.0,1086.0
2.0,7199.0,3608.0,3608.0,3622.0,3611.0,3611.0,2526.0,1082.0,2524.0,1084.0
2.0,7213.0,3616.0,3608.0,3611.0,3616.0,3616.0,2526.0,1082.0,2532.0,1084.0
2.0,7208.0,3614.0,3609.0,3616.0,3617.0,3617.0,2527.0,1082.0,2528.0,1086.0
2.0,7210.0,3628.0,3609.0,3617.0,3628.0,3628.0,2527.0,1082.0,2539.0,1089.0
2.0,7199.0,3626.0,3610.0,3628.0,3629.0,3629.0,2528.0,1082.0,2536.0,1090.0
2.0,7201.0,3639.0,3610.0,3629.0,3639.0,3639.0,2528.0,1082.0,2551.0,1088.0
2.0,7191.0,3622.0,3612.0,3639.0,3628.0,3628.0,2529.0,1083.0,2530.0,1092.0
2.0,7208.0,3631.0,3612.0,3628.0,3631.0,3631.0,2529.0,1083.0,2541.0,1090.0
2.0,7205.0,3637.0,3613.0,3631.0,3640.0,3640.0,2530.0,1083.0,2542.0,1095.0
2.0,7199.0,3635.0,3613.0,3640.0,3635.0,3635.0,2530.0,1083.0,2545.0,1090.0
2.0,7204.0,3636.0,3614.0,3635.0,3639.0,3639.0,2530.0,1084.0,2545.0,1091.0
2.0,7203.0,3648.0,3615.0,3639.0,3651.0,3651.0,2531.0,1084.0,2555.0,1093.0
2.0,7194.0,3637.0,3615.0,3651.0,3637.0,3637.0,2531.0,1084.0,2538.0,1099.0
2.0,7208.0,3645.0,3616.0,3637.0,3648.0,3648.0,2532.0,1084.0,2550.0,1095.0
2.0,7200.0,3658.0,3617.0,3648.0,3661.0,3661.0,2532.0,1085.0,2563.0,1095.0
2.0,7190.0,3653.0,3618.0,3661.0,3656.0,3656.0,2533.0,1085.0,2556.0,1097.0
2.0,7198.0,3646.0,3618.0,3656.0,3646.0,3646.0,2533.0,1085.0,2546.0,1100.0
2.0,7208.0,3655.0,3619.0,3646.0,3658.0,3658.0,2534.0,1085.0,2559.0,1096.0
2.0,7199.0,3653.0,3620.0,3658.0,3656.0,3656.0,2534.0,1086.0,2554.0,1099.0
2.0,7204.0,3658.0,3621.0,3656.0,3661.0,3661.0,2535.0,1086.0,2559.0,1099.0
2.0,7202.0,3659.0,3622.0,3661.0,3662.0,3662.0,2536.0,1086.0,2563.0,1096.0
2.0,7204.0,3659.0,3623.0,3662.0,3662.0,3662.0,2536.0,1087.0,2560.0,1099.0
2.0,7207.0,3656.0,3624.0,3662.0,3659.0,3659.0,2537.0,1087.0,2561.0,1095.0
2.0,7213.0,3662.0,3624.0,3659.0,3662.0,3662.0,2537.0,1087.0,2564.0,1098.0
2.0,7210.0,3660.0,3624.0,3662.0,3660.0,3660.0,2537.0,1087.0,2563.0,1097.0
2.0,7212.0,3649.0,3626.0,3660.0,3655.0,3655.0,2538.0,1088.0,2555.0,1094.0
2.0,7223.0,3657.0,3626.0,3655.0,3657.0,3657.0,2538.0,1088.0,2560.0,1097.0
2.0,7221.0,3655.0,3627.0,3657.0,3658.0,3658.0,2539.0,1088.0,2557.0,1098.0
2.0,7223.0,3651.0,3628.0,3658.0,3654.0,3654.0,2539.0,1089.0,2555.0,1096.0
2.0,7230.0,3646.0,3628.0,3654.0,3646.0,3646.0,2539.0,1089.0,2552.0,1094.0
2.0,7238.0,3648.0,3629.0,3646.0,3651.0,3651.0,2540.0,1089.0,2554.0,1094.0
2.0,7236.0,3649.0,3629.0,3651.0,3649.0,3649.0,2540.0,1089.0,2552.0,1097.0
2.0,7238.0,3642.0,3631.0,3649.0,3648.0,3648.0,2541.0,1090.0,2550.0,1092.0
2.0,7245.0,3660.0,3631.0,3648.0,3660.0,3660.0,2541.0,1090.0,2564.0,1096.0
2.0,7233.0,3643.0,3631.0,3660.0,3643.0,3643.0,2541.0,1090.0,2547.0,1096.0
2.0,7250.0,3635.0,3632.0,3643.0,3638.0,3638.0,2542.0,1090.0,2542.0,1093.0
2.0,7258.0,3646.0,3633.0,3638.0,3649.0,3649.0,2542.0,1091.0,2551.0,1095.0
2.0,7250.0,3641.0,3634.0,3649.0,3644.0,3644.0,2543.0,1091.0,2551.0,1090.0
2.0,7258.0,3633.0,3634.0,3644.0,3633.0,3633.0,2543.0,1091.0,2544.0,1089.0
2.0,7269.0,3647.0,3635.0,3633.0,3650.0,3650.0,2544.0,1091.0,2554.0,1093.0
2.0,7255.0,3639.0,3636.0,3650.0,3642.0,3642.0,2545.0,1091.0,2549.0,1090.0
2.0,7266.0,3625.0,3637.0,3642.0,3628.0,3628.0,2545.0,1092.0,2534.0,1091.0
2.0,7283.0,3644.0,3637.0,3628.0,3644.0,3644.0,2545.0,1092.0,2553.0,1091.0
2.0,7267.0,3627.0,3638.0,3644.0,3630.0,3630.0,2546.0,1092.0,2541.0,1086.0
2.0,7284.0,3638.0,3638.0,3630.0,3638.0,3638.0,2546.0,1092.0,2544.0,1094.0
2.0,7276.0,3630.0,3638.0,3638.0,3630.0,3630.0,2546.0,1092.0,2540.0,1090.0
2.0,7284.0,3636.0,3639.0,3630.0,3639.0,3639.0,2547.0,1092.0,2546.0,1090.0
2.0,7278.0,3642.0,3640.0,3639.0,3645.0,3645.0,2547.0,1093.0,2551.0,1091.0
2.0,7275.0,3634.0,3641.0,3645.0,3637.0,3637.0,2548.0,1093.0,2543.0,1091.0
2.0,7286.0,3643.0,3641.0,3637.0,3643.0,3643.0,2548.0,1093.0,2552.0,1091.0
2.0,7280.0,3642.0,3642.0,3643.0,3645.0,3645.0,2549.0,1093.0,2549.0,1093.0
2.0,7281.0,3638.0,3642.0,3645.0,3638.0,3638.0,2549.0,1093.0,2549.0,1089.0
2.0,7288.0,3648.0,3642.0,3638.0,3648.0,3648.0,2549.0,1093.0,2553.0,1095.0
2.0,7278.0,3660.0,3643.0,3648.0,3663.0,3663.0,2550.0,1093.0,2565.0,1095.0
2.0,7266.0,3661.0,3645.0,3663.0,3667.0,3667.0,2551.0,1094.0,2564.0,1097.0
2.0,7268.0,3657.0,3645.0,3667.0,3657.0,3657.0,2551.0,1094.0,2565.0,1092.0
2.0,7278.0,3659.0,3646.0,3657.0,3662.0,3662.0,2552.0,1094.0,2561.0,1098.0
2.0,7276.0,3661.0,3646.0,3662.0,3661.0,3661.0,2552.0,1094.0,2567.0,1094.0
2.0,7277.0,3666.0,3647.0,3661.0,3669.0,3669.0,2553.0,1094.0,2563.0,1103.0
2.0,7272.0,3672.0,3647.0,3669.0,3672.0,3672.0,2553.0,1094.0,2573.0,1099.0
2.0,7269.0,3668.0,3648.0,3672.0,3671.0,3671.0,2554.0,1094.0,2569.0,1099.0
2.0,7273.0,3679.0,3649.0,3671.0,3682.0,3682.0,2554.0,1095.0,2578.0,1101.0
2.0,7265.0,3679.0,3650.0,3682.0,3682.0,3682.0,2555.0,1095.0,2579.0,1100.0
2.0,7268.0,3668.0,3650.0,3682.0,3668.0,3668.0,2555.0,1095.0,2569.0,1099.0
2.0,7282.0,3678.0,3651.0,3668.0,3681.0,3681.0,2556.0,1095.0,2578.0,1100.0
2.0,7272.0,3681.0,3670.015203278827,3681.0,3738.0,3738.0,2569.205855844515,1100.8093474343118,2575.0,1106.0
2.0,7272.0,3692.0,3671.819652963677,3738.0,3698.0,3698.0,2570.48619248856,1101.3334604751174,2584.0,1108.0
2.0,7318.0,3689.0,3672.962762446382,3698.0,3692.0,3692.0,2571.2643274294683,1101.6984350169134,2583.0,1106.0
2.0,7327.0,3690.0,3672.7804549599277,3692.0,3690.0,3690.0,2571.2485644021563,1101.5318905577717,2588.0,1102.0
2.0,7329.0,3693.0,3674.0843273810965,3690.0,3696.0,3696.0,2572.224299003156,1101.8600283779406,2590.0,1103.0
2.0,7326.0,3683.0,3674.2349322534947,3696.0,3683.0,3683.0,2572.273482216683,1101.9614500368118,2582.0,1101.0
2.0,7339.0,3688.0,3674.787012557197,3683.0,3691.0,3691.0,2572.6571562276904,1102.1298563295065,2586.0,1102.0
2.0,7334.0,3692.0,3676.7328532619194,3691.0,3697.0,3697.0,2573.9658085338315,1102.7670447280882,2584.0,1108.0
2.0,7333.0,3690.0,3676.2907717696835,3697.0,3689.0,3689.0,2573.6972913027994,1102.593480466884,2587.0,1103.0
2.0,7340.0,3687.0,3676.07505794663,3689.0,3686.0,3686.0,2573.4867216568955,1102.5883362897343,2582.0,1105.0
2.0,7342.0,3684.0,3674.1845603816505,3686.0,3678.0,3678.0,2572.165131468867,1102.0194289127835,2580.0,1104.0
2.0,7344.0,3692.0,3676.063078832437,3678.0,3698.0,3698.0,2573.517413009462,1102.545665822975,2589.0,1103.0
2.0,7330.0,3674.0,3672.2956271249677,3698.0,3663.0,3663.0,2570.7905055962783,1101.5051215286896,2572.0,1102.0
2.0,7354.0,3682.0,3672.5723606821102,3663.0,3683.0,3683.0,2570.897122732129,1101.675237949981,2573.0,1109.0
2.0,7335.0,3690.0,3673.3614975470646,3683.0,3692.0,3692.0,2571.449310246925,1101.9121873001395,2579.0,1111.0
2.0,7328.0,3690.0,3673.8539593345886,3692.0,3692.0,3692.0,2571.770124772236,1102.0838345623522,2579.0,1111.0
2.0,7330.0,3683.0,3673.9291997654404,3692.0,3683.0,3683.0,2571.811217796593,1102.1179819688473,2578.0,1105.0
2.0,7339.0,3695.0,3675.7500995740547,3683.0,3701.0,3701.0,2573.106418558042,1102.6436810160126,2583.0,1112.0
2.0,7327.0,3682.0,3674.130994325225,3701.0,3676.0,3676.0,2571.9786718708474,1102.1523224543776,2578.0,1104.0
2.0,7346.0,3681.0,3672.0752592645713,3676.0,3675.0,3675.0,2570.475694504994,1101.5995647595776,2573.0,1108.0
2.0,7341.0,3675.0,3671.314463188216,3675.0,3673.0,3673.0,2569.9236996137497,1101.390763574466,2570.0,1105.0
2.0,7341.0,3685.0,3672.9675302600117,3673.0,3690.0,3690.0,2571.1415941231276,1101.8259361368841,2580.0,1105.0
2.0,7329.0,3678.0,3672.8646987446705,3690.0,3678.0,3678.0,2570.9951681199304,1101.86953062474,2570.0,1108.0
2.0,7341.0,3667.0,3670.3951612517167,3678.0,3659.0,3659.0,2569.2110887843355,1101.184072467381,2565.0,1102.0
2.0,7352.0,3675.0,3671.569890957917,3659.0,3679.0,3679.0,2570.013975851634,1101.555915106283,2568.0,1107.0
2.0,7336.0,3677.0,3671.9046884026357,3679.0,3678.0,3678.0,2570.3179358161738,1101.5867525864621,2573.0,1104.0
2.0,7338.0,3676.0,3672.0860826267967,3678.0,3676.0,3676.0,2570.4049695576045,1101.6811130691922,2569.0,1107.0
2.0,7340.0,3677.0,3671.59622177696,3676.0,3676.0,3676.0,2570.030156229974,1101.566065546986,2569.0,1108.0
2.0,7339.0,3676.0,3670.1767621256545,3676.0,3671.0,3671.0,2569.096028316136,1101.0807338095183,2571.0,1105.0
2.0,7339.0,3668.0,3670.4078732048183,3671.0,3669.0,3669.0,2569.16209819436,1101.2457750104581,2561.0,1107.0
2.0,7342.0,3677.0,3671.6415165209482,3669.0,3681.0,3681.0,2570.1179283616866,1101.5235881592619,2573.0,1104.0
2.0,7334.0,3674.0,3672.5162288870783,3681.0,3677.0,3677.0,2570.7556086295,1101.7606202575785,2570.0,1104.0
2.0,7341.0,3679.0,3671.898704572711,3677.0,3677.0,3677.0,2570.3289153586193,1101.5697892140918,2572.0,1107.0
2.0,7339.0,3675.0,3670.9188441829883,3677.0,3672.0,3672.0,2569.5718405926937,1101.3470035902944,2566.0,1109.0
2.0,7341.0,3687.0,3672.1108852169637,3672.0,3690.0,3690.0,2570.5191953237468,1101.591689893217,2581.0,1106.0
2.0,7326.0,3680.0,3671.817508331822,3690.0,3680.0,3680.0,2570.2733434639613,1101.5441648678607,2572.0,1108.0
2.0,7336.0,3682.0,3672.5255874961103,3680.0,3684.0,3684.0,2570.812464681169,1101.7131228149415,2575.0,1107.0
2.0,7334.0,3686.0,3674.1578963095285,3684.0,3690.0,3690.0,2572.0040981796683,1102.1537981298602,2580.0,1106.0
2.0,7332.0,3684.0,3673.167365116904,3690.0,3681.0,3681.0,2571.3601576464257,1101.8072074704785,2580.0,1104.0
2.0,7338.0,3697.0,3676.389434079172,3681.0,3707.0,3707.0,2573.5888763471326,1102.8005577320394,2584.0,1113.0
2.0,7322.0,3684.0,3675.4180224293427,3707.0,3681.0,3681.0,2572.999319863312,1102.4187025660308,2583.0,1101.0
2.0,7345.0,3694.0,3677.507785714316,3681.0,3701.0,3701.0,2574.4516051311507,1103.056180583165,2586.0,1108.0
2.0,7332.0,3710.0,3681.6501504972875,3701.0,3722.0,3722.0,2577.4586513963177,1104.19149910097,2600.0,1110.0
2.0,7323.0,3698.0,3682.508443186787,3722.0,3701.0,3701.0,2578.019988529818,1104.488454656969,2590.0,1108.0
2.0,7347.0,3708.0,3684.4629253238677,3701.0,3713.0,3713.0,2579.373843162751,1105.0890821611165,2596.0,1112.0
2.0,7340.0,3704.0,3685.558155025532,3713.0,3708.0,3708.0,2580.127033353718,1105.4311216718136,2595.0,1109.0
2.0,7349.0,3698.0,3685.6389174034452,3708.0,3698.0,3698.0,2580.10362959219,1105.5352878112553,2586.0,1112.0
2.0,7359.0,3709.0,3686.424966241775,3698.0,3711.0,3711.0,2580.7680524297602,1105.6569138120146,2601.0,1108.0
2.0,7348.0,3703.0,3688.51784665837,3711.0,3710.0,3710.0,2582.1774468534263,1106.3403998049437,2593.0,1110.0
2.0,7356.0,3718.0,3691.686002679947,3710.0,3727.0,3727.0,2584.3683471301547,1107.317655549792,2601.0,1117.0
