agg_orders_level_0,agg_orders_level_1
3000.0,9000.0
3036.0,6093.0
102.0,0.0
745.0,0.0
1153.0,0.0
1104.0,0.0
1014.0,0.0
1059.0,394.0
1107.0,940.0
1068.0,975.0
1123.0,1063.0
930.0,834.0
1017.0,963.0
813.0,711.0
1050.0,1011.0
1230.0,1233.0
1169.0,1160.0
1098.0,1074.0
1044.0,1023.0
919.0,874.0
950.0,911.0
831.0,789.0
1060.0,1045.0
1231.0,1240.0
1236.0,1245.0
946.0,922.0
1017.0,1005.0
867.0,834.0
931.0,907.0
1121.0,1121.0
1205.0,1214.0
1019.0,1007.0
1010.0,1004.0
1013.0,1001.0
1035.0,1026.0
966.0,954.0
1191.0,1194.0
1214.0,1217.0
1057.0,1057.0
1148.0,1151.0
993.0,984.0
865.0,844.0
1319.0,1334.0
1067.0,1064.0
1354.0,1375.0
1189.0,1192.0
875.0,857.0
1005.0,999.0
977.0,968.0
1199.0,1202.0
1127.0,1127.0
1254.0,1263.0
1304.0,1205.0
1284.0,1185.0
899.0,944.0
1158.0,1182.0
1035.0,1032.0
1368.0,1380.0
1164.0,1176.0
1143.0,1143.0
1108.0,1108.0
1161.0,1167.0
1042.0,1039.0
1161.0,1173.0
1233.0,1245.0
1062.0,1074.0
1183.0,1189.0
1151.0,1151.0
1231.0,1234.0
958.0,949.0
1194.0,1206.0
1187.0,1199.0
1261.0,1282.0
1265.0,1292.0
1161.0,1164.0
1038.0,1023.0
1144.0,1141.0
1238.0,1259.0
1251.0,1263.0
1289.0,1313.0
1161.0,1173.0
1108.0,1108.0
1112.0,1112.0
1136.0,1139.0
1180.0,1189.0
1165.0,1174.0
1284.0,1299.0
1252.0,1267.0
1198.0,1198.0
1143.0,1140.0
928.0,922.0
1168.0,1171.0
1251.0,1263.0
1258.0,1282.0
1398.0,1398.0
1259.0,1274.0
1078.0,1057.0
1122.0,1119.0
1194.0,1215.0
1310.0,1331.0
1333.0,1348.0
1228.0,1231.0
1331.0,1346.0
1217.0,1214.0
1019.0,1001.0
1182.0,1179.0
1266.0,1284.0
1288.0,1297.0
1383.0,1404.0
1156.0,1141.0
1011.0,1002.0
1211.0,1214.0
1200.0,1206.0
1443.0,1461.0
1404.0,1422.0
1316.0,1328.0
1173.0,1167.0
1279.0,1291.0
1165.0,1165.0
1246.0,1249.0
1181.0,1178.0
1326.0,1353.0
1294.0,1294.0
1170.0,1173.0
1270.0,1270.0
1253.0,1250.0
1281.0,1290.0
1399.0,1417.0
1387.0,1402.0
1270.0,1273.0
1135.0,1129.0
1304.0,1307.0
1231.0,1234.0
1336.0,1351.0
1348.0,1360.0
1430.0,1445.0
1241.0,1244.0
1307.0,1319.0
1288.0,1288.0
1351.0,1357.0
1204.0,1201.0
1560.0,1584.0
1347.0,1374.0
1390.0,1399.0
1404.0,1413.0
1142.0,1136.0
1409.0,1412.0
1294.0,1294.0
1270.0,1282.0
1242.0,1248.0
1427.0,1439.0
1217.0,1214.0
1260.0,1257.0
1170.0,1164.0
1265.0,1262.0
1259.0,1262.0
1501.0,1525.0
1441.0,1465.0
1139.0,1127.0
1040.0,1025.0
1278.0,1269.0
1241.0,1250.0
1503.0,1530.0
1371.0,1377.0
1434.0,1455.0
1338.0,1329.0
1145.0,1133.0
1251.0,1242.0
1343.0,1352.0
1516.0,1531.0
1505.0,1526.0
1421.0,1433.0
1388.0,1397.0
1249.0,1246.0
1199.0,1193.0
1399.0,1411.0
1340.0,1343.0
1444.0,1456.0
1385.0,1391.0
1246.0,1237.0
1246.0,1243.0
1371.0,1371.0
1559.0,1583.0
1586.0,1604.0
1434.0,1449.0
1262.0,1256.0
1234.0,1225.0
1393.0,1393.0
1386.0,1395.0
1398.0,1404.0
1379.0,1379.0
1360.0,1363.0
1462.0,1477.0
1311.0,1293.0
1300.0,1303.0
1481.0,1484.0
1506.0,1512.0
1349.0,1361.0
1486.0,1492.0
1461.0,1473.0
1401.0,1407.0
1211.0,1211.0
1412.0,1409.0
1447.0,1459.0
1454.0,1466.0
1664.0,1688.0
1606.0,1633.0
1376.0,1382.0
1317.0,1302.0
1312.0,1306.0
1359.0,1368.0
1591.0,1627.0
1492.0,1504.0
1390.0,1396.0
1446.0,1440.0
1306.0,1306.0
1253.0,1244.0
1319.0,1316.0
1488.0,1509.0
1486.0,1498.0
1401.0,1407.0
1699.0,1708.0
1329.0,1317.0
1384.0,1387.0
1316.0,1310.0
1561.0,1576.0
1558.0,1585.0
1535.0,1538.0
1446.0,1452.0
1375.0,1372.0
1394.0,1397.0
1542.0,1563.0
1527.0,1536.0
1517.0,1529.0
1417.0,1408.0
1385.0,1367.0
1333.0,1333.0
1400.0,1412.0
1237.0,1234.0
1446.0,1443.0
1555.0,1567.0
1560.0,1572.0
1517.0,1526.0
1319.0,1313.0
1350.0,1344.0
1606.0,1627.0
1605.0,1617.0
1774.0,1795.0
1491.0,1485.0
1540.0,1552.0
1390.0,1390.0
1458.0,1458.0
1586.0,1592.0
1610.0,1634.0
1625.0,1640.0
1555.0,1561.0
1505.0,1508.0
1374.0,1353.0
1451.0,1445.0
1442.0,1445.0
1489.0,1501.0
1636.0,1651.0
1365.0,1365.0
1574.0,1577.0
1361.0,1352.0
1325.0,1322.0
1391.0,1388.0
1587.0,1596.0
1672.0,1702.0
1484.0,1493.0
1737.0,1749.0
1451.0,1448.0
1426.0,1432.0
1375.0,1354.0
1655.0,1679.0
1572.0,1581.0
1682.0,1697.0
1490.0,1490.0
1469.0,1463.0
1443.0,1437.0
1579.0,1588.0
1496.0,1505.0
1465.0,1471.0
1516.0,1507.0
1345.0,1339.0
1632.0,1641.0
1283.0,1274.0
1534.0,1543.0
1672.0,1690.0
1638.0,1653.0
1560.0,1578.0
1495.0,1498.0
1591.0,1591.0
1508.0,1505.0
1484.0,1481.0
1711.0,1738.0
1711.0,1729.0
1680.0,1686.0
1591.0,1591.0
1508.0,1490.0
1493.0,1496.0
1763.0,1775.0
1381.0,1378.0
1705.0,1720.0
1682.0,1688.0
1544.0,1538.0
1509.0,1506.0
1753.0,1762.0
1811.0,1826.0
1819.0,1852.0
1788.0,1806.0
1536.0,1539.0
1715.0,1724.0
1518.0,1515.0
1777.0,1801.0
1726.0,1735.0
1634.0,1649.0
1752.0,1776.0
1733.0,1754.0
1649.0,1655.0
1622.0,1619.0
1579.0,1576.0
1590.0,1587.0
1850.0,1874.0
1919.0,1949.0
1595.0,1607.0
1648.0,1648.0
1573.0,1570.0
1458.0,1449.0
1913.0,1934.0
1863.0,1887.0
1658.0,1670.0
1764.0,1773.0
1681.0,1693.0
1540.0,1546.0
1584.0,1590.0
1676.0,1691.0
1755.0,1764.0
1782.0,1812.0
1763.0,1775.0
1608.0,1605.0
1675.0,1675.0
1672.0,1678.0
1799.0,1817.0
1654.0,1657.0
1818.0,1839.0
1719.0,1731.0
1630.0,1621.0
1743.0,1749.0
1576.0,1570.0
1692.0,1695.0
1866.0,1890.0
1807.0,1822.0
1670.0,1667.0
1782.0,1803.0
1551.0,1545.0
1561.0,1555.0
1710.0,1716.0
1854.0,1872.0
1750.0,1753.0
1785.0,1782.0
1637.0,1628.0
1590.0,1578.0
1658.0,1667.0
1752.0,1755.0
1864.0,1882.0
1825.0,1828.0
1725.0,1722.0
1671.0,1674.0
1701.0,1698.0
1625.0,1619.0
1832.0,1844.0
1872.0,1887.0
1816.0,1834.0
1816.0,1825.0
1769.0,1766.0
1698.0,1686.0
1836.0,1845.0
1900.0,1918.0
1860.0,1875.0
1765.0,1783.0
1725.0,1716.0
1858.0,1855.0
1655.0,1652.0
1650.0,1644.0
1683.0,1683.0
1875.0,1896.0
1784.0,1799.0
1915.0,1927.0
1752.0,1752.0
1759.0,1756.0
1671.0,1665.0
1934.0,1952.0
1817.0,1826.0
1904.0,1919.0
2000.0,2009.0
1782.0,1791.0
1775.0,1772.0
1668.0,1668.0
1816.0,1825.0
1815.0,1818.0
1948.0,1972.0
1751.0,1751.0
1860.0,1863.0
1889.0,1892.0
1757.0,1760.0
1600.0,1597.0
1916.0,1934.0
2054.0,2084.0
1856.0,1859.0
1747.0,1741.0
1747.0,1747.0
1847.0,1853.0
1774.0,1783.0
1895.0,1913.0
1825.0,1834.0
1794.0,1797.0
1913.0,1919.0
1788.0,1782.0
1748.0,1751.0
1807.0,1813.0
1996.0,2014.0
2025.0,2046.0
1845.0,1845.0
1936.0,1942.0
1736.0,1733.0
1940.0,1946.0
1940.0,1946.0
1954.0,1969.0
1826.0,1829.0
1802.0,1793.0
1977.0,1989.0
1773.0,1767.0
1790.0,1796.0
1917.0,1926.0
2105.0,2123.0
1861.0,1879.0
1874.0,1883.0
1698.0,1686.0
1901.0,1910.0
1781.0,1775.0
1999.0,2011.0
1990.0,2002.0
1974.0,1992.0
2008.0,2011.0
1892.0,1898.0
1872.0,1869.0
1724.0,1706.0
2055.0,2076.0
1868.0,1871.0
1971.0,1989.0
1781.0,1781.0
1975.0,1981.0
1742.0,1733.0
1839.0,1842.0
2021.0,2027.0
1949.0,1958.0
1975.0,1987.0
1964.0,1979.0
1966.0,1972.0
1943.0,1937.0
1839.0,1836.0
1792.0,1795.0
1872.0,1881.0
1934.0,1937.0
1957.0,1975.0
1821.0,1812.0
1904.0,1910.0
1867.0,1873.0
1843.0,1837.0
1939.0,1945.0
2036.0,2054.0
1855.0,1855.0
1990.0,1990.0
1797.0,1785.0
2017.0,2029.0
2132.0,2144.0
2071.0,2089.0
1766.0,1757.0
2052.0,2055.0
2069.0,2081.0
2026.0,2035.0
1940.0,1946.0
1858.0,1849.0
2010.0,2028.0
2050.0,2068.0
1961.0,1964.0
1941.0,1926.0
1881.0,1881.0
1847.0,1847.0
2117.0,2138.0
2093.0,2108.0
2137.0,2158.0
2041.0,2044.0
1962.0,1956.0
1903.0,1900.0
1977.0,1977.0
1900.0,1900.0
1961.0,1970.0
2115.0,2136.0
2234.0,2246.0
2068.0,2077.0
1769.0,1754.0
1954.0,1969.0
2001.0,2001.0
2175.0,2199.0
2035.0,2047.0
1900.0,1894.0
1956.0,1956.0
2047.0,2050.0
2048.0,2051.0
1977.0,1977.0
2143.0,2161.0
2025.0,2031.0
2157.0,2175.0
2237.0,2261.0
1946.0,1943.0
1907.0,1910.0
2155.0,2170.0
2165.0,2186.0
2049.0,2055.0
2199.0,2223.0
2018.0,2021.0
1987.0,1981.0
1905.0,1911.0
1998.0,1995.0
2156.0,2183.0
2126.0,2129.0
2084.0,2084.0
2152.0,2158.0
2267.0,2288.0
2041.0,2041.0
2181.0,2193.0
2183.0,2192.0
2074.0,2080.0
1977.0,1983.0
1990.0,1987.0
1927.0,1924.0
1870.0,1861.0
1988.0,1994.0
2120.0,2135.0
2010.0,2013.0
2199.0,2205.0
1971.0,1968.0
1883.0,1865.0
1822.0,1810.0
2130.0,2139.0
2136.0,2151.0
2150.0,2159.0
2174.0,2195.0
2204.0,2216.0
1887.0,1875.0
2099.0,2087.0
2144.0,2147.0
2256.0,2283.0
2147.0,2162.0
2008.0,2008.0
1947.0,1935.0
1941.0,1935.0
2186.0,2201.0
2194.0,2215.0
2389.0,2401.0
2151.0,2160.0
2239.0,2248.0
2072.0,2075.0
2075.0,2075.0
2020.0,2014.0
2114.0,2108.0
2343.0,2364.0
2131.0,2143.0
2083.0,2077.0
2001.0,1992.0
2045.0,2042.0
2053.0,2044.0
2122.0,2134.0
2215.0,2224.0
2224.0,2245.0
2225.0,2237.0
2102.0,2099.0
2116.0,2113.0
2219.0,2231.0
2132.0,2132.0
2196.0,2193.0
2229.0,2238.0
2415.0,2430.0
2150.0,2144.0
2095.0,2101.0
2111.0,2117.0
2137.0,2143.0
2259.0,2280.0
2275.0,2299.0
2221.0,2236.0
2144.0,2141.0
2162.0,2174.0
2041.0,2032.0
2121.0,2127.0
2292.0,2313.0
2233.0,2260.0
2252.0,2261.0
2251.0,2257.0
2072.0,2060.0
1977.0,1971.0
2191.0,2191.0
2280.0,2304.0
2295.0,2304.0
2210.0,2216.0
2157.0,2151.0
2095.0,2092.0
2054.0,2054.0
2077.0,2086.0
2219.0,2234.0
2280.0,2289.0
2220.0,2220.0
2257.0,2251.0
2183.0,2180.0
2256.0,2259.0
2332.0,2347.0
2332.0,2350.0
2521.0,2545.0
2305.0,2320.0
2204.0,2198.0
2118.0,2112.0
2206.0,2215.0
2353.0,2374.0
2501.0,2525.0
2279.0,2297.0
2156.0,2156.0
2250.0,2250.0
2106.0,2103.0
2213.0,2207.0
2352.0,2370.0
2150.0,2150.0
2516.0,2534.0
2138.0,2135.0
2181.0,2184.0
2270.0,2270.0
2316.0,2310.0
2347.0,2359.0
2317.0,2329.0
2427.0,2448.0
2301.0,2307.0
2228.0,2228.0
2293.0,2293.0
2125.0,2122.0
2338.0,2350.0
2225.0,2231.0
2432.0,2447.0
2436.0,2457.0
2405.0,2414.0
2261.0,2258.0
2227.0,2227.0
2397.0,2406.0
2272.0,2284.0
2350.0,2371.0
2476.0,2494.0
2099.0,2090.0
2218.0,2215.0
2244.0,2241.0
2287.0,2302.0
2467.0,2479.0
2484.0,2511.0
2422.0,2440.0
2426.0,2438.0
2202.0,2202.0
2205.0,2205.0
2219.0,2219.0
2535.0,2550.0
2436.0,2448.0
2334.0,2334.0
2377.0,2377.0
2202.0,2187.0
2280.0,2277.0
2380.0,2389.0
2443.0,2464.0
2531.0,2546.0
2346.0,2343.0
2479.0,2482.0
2302.0,2305.0
2187.0,2187.0
2322.0,2328.0
2493.0,2517.0
2496.0,2511.0
2406.0,2409.0
2340.0,2352.0
2368.0,2359.0
2271.0,2277.0
2326.0,2335.0
2344.0,2347.0
2394.0,2400.0
2333.0,2330.0
2232.0,2229.0
2432.0,2429.0
2350.0,2356.0
2536.0,2554.0
2340.0,2343.0
2420.0,2438.0
2352.0,2352.0
2377.0,2386.0
2379.0,2373.0
2321.0,2318.0
2329.0,2320.0
2435.0,2450.0
2320.0,2320.0
2390.0,2387.0
2345.0,2354.0
2411.0,2414.0
2302.0,2293.0
2394.0,2415.0
2555.0,2570.0
2373.0,2385.0
2488.0,2497.0
2294.0,2285.0
2236.0,2218.0
2448.0,2448.0
2307.0,2307.0
2605.0,2629.0
2658.0,2679.0
2527.0,2542.0
2467.0,2464.0
2345.0,2342.0
2337.0,2337.0
2464.0,2470.0
2511.0,2529.0
2489.0,2498.0
2431.0,2434.0
2432.0,2432.0
2186.0,2165.0
2299.0,2299.0
2426.0,2420.0
2298.0,2301.0
2499.0,2517.0
2445.0,2454.0
2423.0,2417.0
2208.0,2193.0
2243.0,2237.0
2362.0,2356.0
2532.0,2544.0
2426.0,2438.0
2530.0,2536.0
2393.0,2399.0
2366.0,2366.0
2537.0,2543.0
2359.0,2374.0
2546.0,2546.0
2503.0,2518.0
2648.0,2648.0
2475.0,2487.0
2446.0,2446.0
2381.0,2381.0
2539.0,2551.0
2640.0,2655.0
2779.0,2806.0
2594.0,2609.0
2335.0,2326.0
2428.0,2434.0
2406.0,2409.0
2508.0,2520.0
2609.0,2618.0
2552.0,2564.0
2587.0,2602.0
2534.0,2528.0
2505.0,2517.0
2503.0,2503.0
2435.0,2444.0
2716.0,2740.0
2489.0,2495.0
2582.0,2597.0
2542.0,2536.0
2512.0,2506.0
2533.0,2533.0
2501.0,2504.0
2438.0,2441.0
2608.0,2626.0
2667.0,2676.0
2524.0,2530.0
2487.0,2484.0
2295.0,2286.0
2418.0,2418.0
2529.0,2547.0
2650.0,2671.0
2498.0,2501.0
2557.0,2572.0
2382.0,2373.0
2670.0,2688.0
2552.0,2558.0
2640.0,2664.0
2696.0,2720.0
2586.0,2601.0
2307.0,2295.0
2632.0,2641.0
2577.0,2583.0
2598.0,2607.0
2807.0,2837.0
2602.0,2608.0
2806.0,2827.0
2436.0,2430.0
2519.0,2519.0
2631.0,2631.0
2606.0,2612.0
2731.0,2749.0
2617.0,2632.0
2626.0,2629.0
2634.0,2640.0
2336.0,2306.0
2473.0,2467.0
2649.0,2667.0
2798.0,2819.0
2752.0,2770.0
2716.0,2728.0
2560.0,2560.0
2628.0,2625.0
2555.0,2555.0
2746.0,2764.0
2540.0,2540.0
2771.0,2786.0
2609.0,2621.0
2467.0,2449.0
2468.0,2468.0
2527.0,2524.0
2721.0,2730.0
2989.0,3019.0
2549.0,2552.0
2565.0,2571.0
2627.0,2633.0
2528.0,2522.0
2704.0,2710.0
2579.0,2579.0
2889.0,2913.0
2632.0,2650.0
2648.0,2660.0
2653.0,2662.0
2582.0,2573.0
2657.0,2672.0
2611.0,2614.0
2870.0,2900.0
2653.0,2650.0
2592.0,2592.0
2495.0,2486.0
2630.0,2630.0
2499.0,2496.0
2643.0,2661.0
2650.0,2650.0
2755.0,2764.0
2646.0,2649.0
2687.0,2675.0
2683.0,2695.0
2635.0,2623.0
2688.0,2706.0
2872.0,2887.0
2801.0,2813.0
2687.0,2693.0
2718.0,2715.0
2749.0,2758.0
2688.0,2691.0
2738.0,2744.0
2849.0,2876.0
2741.0,2762.0
2612.0,2609.0
2689.0,2680.0
2553.0,2541.0
2535.0,2523.0
2754.0,2769.0
2835.0,2844.0
2896.0,2917.0
2699.0,2699.0
2717.0,2726.0
2640.0,2628.0
2582.0,2582.0
2832.0,2853.0
2811.0,2835.0
2907.0,2925.0
2831.0,2837.0
2763.0,2748.0
2685.0,2700.0
2609.0,2612.0
2708.0,2708.0
2774.0,2789.0
2868.0,2874.0
2860.0,2881.0
2767.0,2755.0
2710.0,2719.0
2685.0,2691.0
2763.0,2766.0
2804.0,2816.0
2924.0,2936.0
2816.0,2834.0
2673.0,2658.0
2669.0,2672.0
2681.0,2687.0
2735.0,2744.0
2882.0,2894.0
2911.0,2938.0
2789.0,2798.0
2815.0,2824.0
2555.0,2546.0
2799.0,2805.0
2852.0,2864.0
2815.0,2824.0
2891.0,2906.0
2917.0,2929.0
2768.0,2762.0
2813.0,2810.0
2810.0,2822.0
2829.0,2838.0
2839.0,2839.0
2713.0,2719.0
3041.0,3053.0
2831.0,2831.0
2690.0,2687.0
2698.0,2698.0
2834.0,2846.0
2981.0,3011.0
2816.0,2828.0
2887.0,2896.0
2752.0,2749.0
2829.0,2820.0
2719.0,2722.0
2955.0,2973.0
2879.0,2891.0
2930.0,2948.0
2888.0,2888.0
2852.0,2858.0
2579.0,2561.0
2649.0,2637.0
2928.0,2940.0
2971.0,2989.0
2977.0,2998.0
2943.0,2955.0
2776.0,2773.0
2624.0,2612.0
2777.0,2771.0
2723.0,2720.0
3032.0,3056.0
2769.0,2772.0
2835.0,2835.0
2835.0,2838.0
2829.0,2823.0
2767.0,2767.0
2840.0,2849.0
3018.0,3036.0
2905.0,2917.0
2870.0,2879.0
3007.0,3016.0
2755.0,2746.0
2849.0,2855.0
2930.0,2933.0
3036.0,3063.0
2918.0,2924.0
3013.0,3025.0
2727.0,2724.0
2951.0,2951.0
2713.0,2701.0
2918.0,2927.0
2939.0,2945.0
3073.0,3091.0
2996.0,3005.0
2837.0,2840.0
2985.0,2997.0
2810.0,2798.0
2870.0,2870.0
3029.0,3047.0
3102.0,3129.0
2834.0,2834.0
2958.0,2958.0
2726.0,2723.0
2760.0,2748.0
2989.0,3001.0
3018.0,3027.0
2932.0,2947.0
3036.0,3042.0
2740.0,2734.0
3012.0,3015.0
2827.0,2821.0
2922.0,2928.0
2891.0,2909.0
3052.0,3076.0
3109.0,3118.0
2845.0,2839.0
2701.0,2686.0
3010.0,3010.0
2940.0,2952.0
3146.0,3176.0
3001.0,3013.0
3171.0,3195.0
2974.0,2974.0
2946.0,2952.0
2967.0,2976.0
2968.0,2977.0
3014.0,3023.0
3153.0,3177.0
3033.0,3042.0
3027.0,3033.0
2995.0,2995.0
3009.0,3021.0
3057.0,3060.0
3047.0,3059.0
3138.0,3159.0
3148.0,3160.0
2929.0,2920.0
3079.0,3091.0
2964.0,2958.0
3053.0,3077.0
3096.0,3105.0
3015.0,3030.0
3122.0,3131.0
2904.0,2901.0
2925.0,2919.0
2829.0,2823.0
3106.0,3118.0
3071.0,3077.0
3099.0,3117.0
3060.0,3069.0
2968.0,2968.0
2851.0,2830.0
2879.0,2882.0
3043.0,3052.0
3086.0,3104.0
2933.0,2945.0
3122.0,3128.0
3088.0,3094.0
2883.0,2880.0
3003.0,3000.0
3109.0,3133.0
3147.0,3153.0
3188.0,3209.0
3015.0,3024.0
2988.0,2991.0
2918.0,2909.0
3118.0,3118.0
2996.0,3005.0
3277.0,3310.0
3095.0,3101.0
3015.0,3018.0
3022.0,3019.0
3113.0,3116.0
3022.0,3013.0
2928.0,2925.0
3214.0,3232.0
3133.0,3142.0
3083.0,3089.0
3082.0,3085.0
3095.0,3092.0
2771.0,2753.0
3184.0,3196.0
3097.0,3103.0
3125.0,3128.0
3203.0,3218.0
3132.0,3132.0
3067.0,3067.0
2943.0,2928.0
3155.0,3167.0
3249.0,3258.0
3112.0,3124.0
3080.0,3083.0
3167.0,3167.0
3072.0,3075.0
2898.0,2889.0
3059.0,3068.0
3250.0,3262.0
3286.0,3319.0
3092.0,3089.0
3044.0,3041.0
3030.0,3024.0
3059.0,3062.0
3095.0,3101.0
3338.0,3368.0
3103.0,3115.0
3146.0,3155.0
3214.0,3217.0
3058.0,3067.0
3165.0,3168.0
3226.0,3232.0
3053.0,3068.0
3269.0,3281.0
3067.0,3064.0
3199.0,3202.0
3088.0,3082.0
2967.0,2964.0
3218.0,3230.0
3239.0,3257.0
3270.0,3282.0
3103.0,3106.0
3163.0,3160.0
3037.0,3031.0
3232.0,3247.0
3109.0,3115.0
3214.0,3217.0
3191.0,3203.0
3239.0,3257.0
3151.0,3145.0
3090.0,3093.0
3280.0,3286.0
3018.0,3012.0
3355.0,3376.0
3291.0,3321.0
3224.0,3224.0
3108.0,3108.0
3246.0,3252.0
3374.0,3386.0
3116.0,3110.0
3226.0,3241.0
3350.0,3374.0
3268.0,3271.0
3156.0,3153.0
3133.0,3133.0
3117.0,3120.0
3148.0,3145.0
3382.0,3403.0
3436.0,3463.0
3222.0,3237.0
3130.0,3121.0
3129.0,3114.0
2994.0,2991.0
3254.0,3269.0
3274.0,3286.0
3277.0,3292.0
3221.0,3230.0
3193.0,3187.0
3138.0,3135.0
3237.0,3240.0
3309.0,3312.0
3165.0,3174.0
3282.0,3288.0
3338.0,3350.0
3224.0,3230.0
3193.0,3187.0
3171.0,3180.0
3349.0,3355.0
3373.0,3394.0
3332.0,3350.0
3175.0,3175.0
3164.0,3158.0
3149.0,3140.0
3208.0,3217.0
3349.0,3358.0
3485.0,3512.0
3098.0,3089.0
3441.0,3462.0
3127.0,3121.0
3260.0,3266.0
3184.0,3181.0
3368.0,3377.0
3305.0,3320.0
3306.0,3306.0
3378.0,3393.0
3319.0,3319.0
3251.0,3254.0
3201.0,3198.0
3322.0,3334.0
3322.0,3325.0
3372.0,3372.0
3334.0,3349.0
3378.0,3384.0
3184.0,3178.0
3114.0,3105.0
3350.0,3362.0
3450.0,3465.0
3270.0,3279.0
3217.0,3223.0
3422.0,3425.0
3382.0,3379.0
3386.0,3395.0
3485.0,3506.0
3384.0,3396.0
3440.0,3464.0
3291.0,3297.0
3299.0,3299.0
3456.0,3468.0
3288.0,3288.0
3474.0,3489.0
3430.0,3451.0
3472.0,3487.0
3383.0,3383.0
3334.0,3346.0
3221.0,3218.0
3184.0,3175.0
3348.0,3357.0
3401.0,3407.0
3311.0,3326.0
3502.0,3508.0
3418.0,3418.0
3329.0,3326.0
3386.0,3401.0
3335.0,3344.0
3216.0,3219.0
3479.0,3497.0
3409.0,3415.0
3382.0,3376.0
3304.0,3316.0
3356.0,3350.0
3466.0,3487.0
3521.0,3533.0
3421.0,3436.0
3335.0,3335.0
3326.0,3326.0
3211.0,3205.0
3454.0,3460.0
3341.0,3344.0
3438.0,3450.0
3461.0,3473.0
3420.0,3423.0
3371.0,3377.0
3346.0,3343.0
3216.0,3210.0
3236.0,3227.0
3543.0,3561.0
3448.0,3469.0
3517.0,3526.0
3270.0,3258.0
3468.0,3483.0
3398.0,3407.0
3374.0,3371.0
3599.0,3614.0
3452.0,3452.0
3513.0,3516.0
3450.0,3450.0
3329.0,3323.0
3389.0,3398.0
3244.0,3244.0
3519.0,3519.0
3620.0,3641.0
3405.0,3399.0
3445.0,3445.0
3301.0,3292.0
3294.0,3291.0
3466.0,3472.0
3456.0,3468.0
3569.0,3596.0
3488.0,3494.0
3402.0,3402.0
3407.0,3413.0
3459.0,3456.0
3410.0,3410.0
3399.0,3399.0
3665.0,3686.0
3612.0,3624.0
3589.0,3613.0
3314.0,3302.0
3451.0,3457.0
3385.0,3385.0
3399.0,3405.0
3452.0,3458.0
3325.0,3316.0
3362.0,3350.0
3498.0,3504.0
3382.0,3385.0
3367.0,3373.0
3538.0,3553.0
3482.0,3482.0
3475.0,3484.0
3491.0,3494.0
3497.0,3500.0
3344.0,3335.0
3580.0,3598.0
3534.0,3543.0
3554.0,3575.0
3400.0,3406.0
3450.0,3447.0
3452.0,3452.0
3471.0,3468.0
3611.0,3635.0
3659.0,3668.0
3584.0,3593.0
3586.0,3595.0
3510.0,3510.0
3500.0,3503.0
3397.0,3388.0
3528.0,3531.0
3503.0,3515.0
3637.0,3649.0
3642.0,3666.0
3577.0,3583.0
3359.0,3341.0
3432.0,3435.0
3560.0,3569.0
3521.0,3530.0
3646.0,3667.0
3412.0,3406.0
3384.0,3381.0
3586.0,3589.0
3571.0,3571.0
3480.0,3489.0
3589.0,3595.0
3608.0,3620.0
3730.0,3748.0
3699.0,3717.0
3477.0,3468.0
3452.0,3443.0
3632.0,3635.0
3635.0,3656.0
3666.0,3678.0
3640.0,3649.0
3566.0,3578.0
3493.0,3493.0
3513.0,3525.0
3639.0,3651.0
3709.0,3727.0
3568.0,3580.0
3694.0,3712.0
3778.0,3787.0
3619.0,3631.0
3442.0,3436.0
3548.0,3557.0
3601.0,3607.0
3749.0,3767.0
3568.0,3568.0
3483.0,3480.0
3386.0,3377.0
3493.0,3499.0
3510.0,3516.0
3790.0,3805.0
3707.0,3722.0
3662.0,3668.0
3793.0,3799.0
3546.0,3543.0
3530.0,3530.0
3760.0,3772.0
3571.0,3580.0
3843.0,3867.0
3515.0,3515.0
3685.0,3691.0
3591.0,3591.0
3455.0,3440.0
3713.0,3725.0
3738.0,3759.0
3773.0,3791.0
3635.0,3641.0
3444.0,3438.0
3704.0,3704.0
3652.0,3673.0
3621.0,3633.0
3790.0,3805.0
3767.0,3773.0
3731.0,3746.0
3632.0,3635.0
3653.0,3653.0
3732.0,3735.0
3719.0,3722.0
3861.0,3882.0
3745.0,3760.0
3625.0,3628.0
3686.0,3686.0
3652.0,3652.0
3625.0,3622.0
3643.0,3646.0
3746.0,3761.0
3906.0,3930.0
3835.0,3847.0
3787.0,3793.0
3705.0,3708.0
3474.0,3465.0
3775.0,3775.0
3717.0,3720.0
3913.0,3940.0
3683.0,3695.0
3517.0,3511.0
3567.0,3558.0
3598.0,3598.0
3794.0,3815.0
3913.0,3940.0
3877.0,3898.0
3770.0,3785.0
3578.0,3569.0
3574.0,3568.0
3581.0,3578.0
3667.0,3652.0
3878.0,3899.0
3817.0,3838.0
3856.0,3856.0
3750.0,3765.0
3809.0,3806.0
3609.0,3615.0
3664.0,3661.0
3771.0,3777.0
3833.0,3857.0
3719.0,3722.0
3768.0,3765.0
3590.0,3581.0
3841.0,3853.0
3874.0,3901.0
3708.0,3705.0
3899.0,3914.0
3760.0,3766.0
3815.0,3821.0
3647.0,3641.0
3752.0,3749.0
3624.0,3624.0
3831.0,3849.0
3859.0,3862.0
3789.0,3795.0
3544.0,3520.0
3786.0,3789.0
3953.0,3974.0
3937.0,3952.0
3707.0,3707.0
3864.0,3882.0
3845.0,3854.0
3939.0,3954.0
3663.0,3648.0
3505.0,3484.0
3946.0,3955.0
3860.0,3872.0
3918.0,3942.0
3872.0,3878.0
3896.0,3905.0
3963.0,3966.0
3737.0,3740.0
3904.0,3925.0
4028.0,4058.0
3886.0,3904.0
3721.0,3715.0
3674.0,3662.0
3756.0,3741.0
3837.0,3843.0
3796.0,3811.0
3928.0,3946.0
3792.0,3810.0
3981.0,3996.0
3719.0,3710.0
3647.0,3635.0
3664.0,3655.0
3753.0,3753.0
3998.0,4010.0
4072.0,4099.0
4016.0,4040.0
3926.0,3929.0
3788.0,3785.0
3802.0,3808.0
3919.0,3928.0
3961.0,3979.0
3946.0,3955.0
3943.0,3946.0
3986.0,4007.0
3788.0,3776.0
3867.0,3876.0
3987.0,3999.0
3914.0,3926.0
3998.0,4013.0
3846.0,3861.0
3846.0,3843.0
3826.0,3826.0
3695.0,3686.0
3970.0,3997.0
4028.0,4040.0
4012.0,4021.0
4000.0,4003.0
3929.0,3938.0
3728.0,3722.0
3819.0,3816.0
3764.0,3755.0
4001.0,4022.0
3956.0,3980.0
3886.0,3880.0
3974.0,3980.0
3850.0,3847.0
3849.0,3849.0
4043.0,4052.0
4019.0,4025.0
3850.0,3856.0
4018.0,4024.0
3688.0,3664.0
3764.0,3761.0
3938.0,3950.0
3920.0,3935.0
3984.0,3993.0
4050.0,4062.0
3840.0,3843.0
3941.0,3944.0
3867.0,3870.0
3964.0,3964.0
4181.0,4208.0
4076.0,4100.0
4073.0,4100.0
3909.0,3915.0
3867.0,3864.0
3995.0,3989.0
4010.0,4010.0
3988.0,3991.0
3944.0,3953.0
3991.0,4003.0
4061.0,4064.0
4005.0,4008.0
3798.0,3792.0
3824.0,3821.0
4034.0,4034.0
4009.0,4021.0
4070.0,4082.0
3958.0,3958.0
3910.0,3904.0
3812.0,3803.0
3911.0,3914.0
3919.0,3925.0
3928.0,3937.0
4130.0,4151.0
4117.0,4126.0
3876.0,3870.0
3963.0,3957.0
3919.0,3913.0
4012.0,4018.0
3873.0,3885.0
3997.0,4000.0
3878.0,3890.0
4033.0,4033.0
3978.0,3984.0
3868.0,3865.0
4059.0,4062.0
4110.0,4125.0
4128.0,4143.0
4039.0,4039.0
3812.0,3800.0
3965.0,3971.0
3993.0,3993.0
3879.0,3891.0
4056.0,4068.0
4184.0,4202.0
4055.0,4064.0
4052.0,4055.0
4076.0,4073.0
3967.0,3976.0
3972.0,3978.0
4140.0,4155.0
4100.0,4109.0
3993.0,3984.0
4003.0,3997.0
4071.0,4071.0
4066.0,4078.0
3987.0,3990.0
4359.0,4380.0
4180.0,4189.0
4206.0,4215.0
4109.0,4121.0
3867.0,3861.0
4085.0,4088.0
4014.0,4014.0
4160.0,4181.0
4172.0,4190.0
4080.0,4083.0
4066.0,4069.0
4122.0,4122.0
4016.0,4019.0
4112.0,4127.0
4159.0,4180.0
4282.0,4303.0
4113.0,4128.0
4016.0,4016.0
3928.0,3919.0
3993.0,3981.0
4000.0,4012.0
4243.0,4258.0
4329.0,4353.0
4005.0,4005.0
3867.0,3867.0
3989.0,3989.0
3946.0,3949.0
4162.0,4168.0
4148.0,4160.0
4219.0,4240.0
4239.0,4251.0
4146.0,4146.0
3991.0,3982.0
4021.0,4021.0
4153.0,4171.0
4396.0,4417.0
4165.0,4180.0
4195.0,4216.0
4118.0,4115.0
4020.0,4014.0
4083.0,4083.0
4177.0,4189.0
4290.0,4296.0
4152.0,4167.0
4114.0,4117.0
3953.0,3947.0
3981.0,3972.0
3999.0,4002.0
4019.0,4013.0
4284.0,4302.0
4119.0,4119.0
4159.0,4171.0
4329.0,4329.0
4072.0,4063.0
4114.0,4111.0
4234.0,4243.0
4325.0,4346.0
4172.0,4178.0
4290.0,4308.0
4005.0,3996.0
4207.0,4210.0
4192.0,4198.0
4191.0,4197.0
4158.0,4161.0
4450.0,4474.0
4204.0,4210.0
4236.0,4239.0
3998.0,3983.0
4068.0,4065.0
4234.0,4246.0
4218.0,4236.0
4193.0,4205.0
4229.0,4238.0
4201.0,4201.0
4130.0,4118.0
4093.0,4099.0
4143.0,4161.0
4280.0,4295.0
4321.0,4339.0
4247.0,4253.0
4223.0,4232.0
4005.0,3993.0
4095.0,4086.0
4164.0,4164.0
4284.0,4302.0
4329.0,4344.0
4351.0,4363.0
4362.0,4359.0
4113.0,4113.0
4101.0,4092.0
4277.0,4289.0
4268.0,4283.0
4240.0,4246.0
4308.0,4317.0
4095.0,4083.0
4220.0,4223.0
4276.0,4288.0
4321.0,4342.0
4434.0,4458.0
4258.0,4273.0
4338.0,4356.0
4115.0,4109.0
4273.0,4282.0
4076.0,4067.0
4293.0,4293.0
4393.0,4411.0
4292.0,4304.0
4334.0,4334.0
4176.0,4170.0
4120.0,4114.0
4253.0,4253.0
4215.0,4230.0
4319.0,4328.0
4465.0,4477.0
4316.0,4325.0
4304.0,4310.0
4128.0,4113.0
4360.0,4369.0
4455.0,4467.0
4339.0,4354.0
4304.0,4325.0
4456.0,4465.0
4248.0,4251.0
4248.0,4254.0
4239.0,4236.0
4251.0,4257.0
4338.0,4347.0
4469.0,4493.0
4238.0,4241.0
4203.0,4200.0
4235.0,4229.0
4141.0,4135.0
4396.0,4405.0
4438.0,4465.0
4473.0,4497.0
4346.0,4349.0
4369.0,4378.0
4242.0,4233.0
4232.0,4226.0
4291.0,4288.0
4337.0,4352.0
4364.0,4376.0
4351.0,4357.0
4507.0,4519.0
4351.0,4360.0
4280.0,4277.0
4248.0,4260.0
4460.0,4472.0
4566.0,4584.0
4402.0,4408.0
4254.0,4242.0
4197.0,4191.0
4375.0,4378.0
4395.0,4413.0
4517.0,4529.0
4466.0,4490.0
4346.0,4346.0
4301.0,4301.0
4120.0,4108.0
4164.0,4152.0
4306.0,4315.0
4578.0,4608.0
4536.0,4545.0
4388.0,4400.0
4214.0,4205.0
4296.0,4290.0
4320.0,4323.0
4402.0,4405.0
4546.0,4567.0
4438.0,4450.0
4561.0,4564.0
4245.0,4236.0
4393.0,4399.0
4322.0,4316.0
4549.0,4570.0
4540.0,4552.0
4495.0,4510.0
4532.0,4550.0
4416.0,4419.0
4237.0,4228.0
4384.0,4384.0
4441.0,4459.0
4427.0,4442.0
4405.0,4417.0
4274.0,4265.0
4410.0,4407.0
4313.0,4307.0
4225.0,4219.0
4359.0,4359.0
4499.0,4511.0
4533.0,4554.0
4415.0,4421.0
4236.0,4227.0
4448.0,4454.0
4286.0,4280.0
4183.0,4165.0
4481.0,4490.0
4459.0,4471.0
4482.0,4494.0
4414.0,4414.0
4238.0,4214.0
4443.0,4452.0
4483.0,4492.0
4449.0,4464.0
4630.0,4648.0
4648.0,4660.0
4370.0,4361.0
4466.0,4463.0
4548.0,4566.0
4500.0,4509.0
4585.0,4612.0
4616.0,4640.0
4614.0,4632.0
4578.0,4581.0
4331.0,4316.0
4394.0,4394.0
4430.0,4442.0
4617.0,4641.0
4592.0,4601.0
4648.0,4666.0
4405.0,4396.0
4347.0,4341.0
4411.0,4402.0
4679.0,4703.0
4470.0,4476.0
4541.0,4556.0
4650.0,4656.0
4397.0,4382.0
4270.0,4258.0
4448.0,4442.0
4488.0,4497.0
4516.0,4534.0
4602.0,4611.0
4574.0,4583.0
4266.0,4260.0
4458.0,4458.0
4374.0,4380.0
4634.0,4646.0
4615.0,4633.0
4680.0,4707.0
4521.0,4530.0
4609.0,4612.0
4409.0,4406.0
4438.0,4438.0
4582.0,4603.0
4477.0,4474.0
4737.0,4767.0
4639.0,4666.0
4529.0,4532.0
4488.0,4491.0
4553.0,4553.0
4555.0,4570.0
4639.0,4657.0
4560.0,4566.0
4652.0,4661.0
4615.0,4630.0
4655.0,4652.0
4469.0,4460.0
4438.0,4444.0
4661.0,4673.0
4528.0,4525.0
4585.0,4588.0
4611.0,4614.0
4505.0,4499.0
4378.0,4360.0
4461.0,4455.0
4699.0,4723.0
4739.0,4757.0
4490.0,4493.0
4622.0,4622.0
4578.0,4578.0
4518.0,4512.0
4669.0,4684.0
4656.0,4677.0
4712.0,4724.0
4530.0,4521.0
4544.0,4550.0
4444.0,4441.0
4675.0,4678.0
4604.0,4613.0
4671.0,4695.0
4760.0,4775.0
4563.0,4572.0
4472.0,4469.0
4326.0,4305.0
4464.0,4461.0
4704.0,4731.0
4903.0,4927.0
4663.0,4678.0
4695.0,4701.0
4743.0,4752.0
4513.0,4504.0
4580.0,4577.0
4575.0,4575.0
4708.0,4726.0
4755.0,4773.0
4655.0,4658.0
4576.0,4582.0
4524.0,4509.0
4474.0,4465.0
4755.0,4770.0
4800.0,4818.0
4659.0,4665.0
4512.0,4509.0
4624.0,4627.0
4631.0,4637.0
4763.0,4766.0
4603.0,4603.0
4779.0,4788.0
4770.0,4785.0
4687.0,4699.0
4953.0,4968.0
4587.0,4593.0
4426.0,4417.0
4620.0,4620.0
4603.0,4615.0
4851.0,4872.0
4783.0,4801.0
4726.0,4729.0
4628.0,4622.0
4607.0,4613.0
4774.0,4783.0
4850.0,4871.0
4829.0,4841.0
4864.0,4876.0
4775.0,4784.0
4507.0,4492.0
4781.0,4796.0
4583.0,4589.0
4821.0,4842.0
4787.0,4793.0
4706.0,4715.0
4790.0,4796.0
4762.0,4759.0
4685.0,4691.0
4839.0,4860.0
4983.0,5019.0
4870.0,4897.0
4695.0,4692.0
4656.0,4644.0
4813.0,4822.0
4868.0,4874.0
4713.0,4713.0
4767.0,4782.0
4870.0,4885.0
4886.0,4904.0
4787.0,4793.0
4641.0,4635.0
4717.0,4720.0
4728.0,4737.0
4903.0,4924.0
4735.0,4750.0
4799.0,4799.0
4614.0,4611.0
4624.0,4621.0
4670.0,4679.0
4844.0,4853.0
4862.0,4874.0
4770.0,4776.0
4691.0,4694.0
4851.0,4851.0
4520.0,4508.0
4978.0,4999.0
4790.0,4778.0
4872.0,4887.0
4890.0,4914.0
4902.0,4923.0
4641.0,4638.0
4700.0,4694.0
4768.0,4768.0
4874.0,4886.0
4946.0,4961.0
4860.0,4875.0
4764.0,4761.0
4765.0,4762.0
4807.0,4807.0
4753.0,4747.0
4708.0,4705.0
4804.0,4816.0
5004.0,5022.0
4852.0,4861.0
4871.0,4874.0
4944.0,4962.0
4766.0,4766.0
4759.0,4753.0
5077.0,5098.0
4916.0,4928.0
4907.0,4913.0
4891.0,4888.0
4888.0,4885.0
4609.0,4606.0
4832.0,4844.0
4850.0,4853.0
4882.0,4876.0
5007.0,5028.0
4871.0,4874.0
4793.0,4790.0
4848.0,4848.0
4965.0,4974.0
4993.0,5017.0
5003.0,5012.0
4926.0,4941.0
4756.0,4747.0
4833.0,4839.0
4850.0,4850.0
4905.0,4926.0
5003.0,5024.0
5171.0,5198.0
5109.0,5124.0
4689.0,4680.0
4781.0,4778.0
4859.0,4871.0
4908.0,4911.0
5016.0,5049.0
4874.0,4868.0
4672.0,4663.0
4624.0,4609.0
4795.0,4786.0
4719.0,4716.0
4824.0,4830.0
4926.0,4938.0
4839.0,4848.0
4935.0,4935.0
4960.0,4960.0
4716.0,4710.0
5015.0,5027.0
4937.0,4949.0
5129.0,5147.0
5068.0,5086.0
5134.0,5155.0
5019.0,5034.0
4775.0,4763.0
4920.0,4926.0
5017.0,5023.0
5031.0,5034.0
5014.0,5029.0
4849.0,4858.0
4751.0,4733.0
4960.0,4963.0
4942.0,4945.0
4968.0,4968.0
5096.0,5105.0
5079.0,5109.0
5071.0,5083.0
5008.0,5020.0
4808.0,4805.0
4913.0,4904.0
5058.0,5070.0
5194.0,5218.0
5125.0,5140.0
5053.0,5059.0
5010.0,5007.0
4980.0,4983.0
5074.0,5083.0
4875.0,4878.0
5058.0,5070.0
4971.0,4983.0
4911.0,4911.0
4890.0,4884.0
4779.0,4758.0
4993.0,4984.0
5040.0,5064.0
5089.0,5104.0
5206.0,5224.0
5083.0,5092.0
4902.0,4899.0
4893.0,4893.0
4998.0,5019.0
4939.0,4954.0
5217.0,5241.0
4977.0,4992.0
5033.0,5048.0
5030.0,5030.0
4938.0,4947.0
4807.0,4801.0
4946.0,4943.0
5066.0,5090.0
5262.0,5271.0
5098.0,5107.0
5058.0,5055.0
4996.0,4993.0
4865.0,4847.0
5094.0,5103.0
5227.0,5248.0
5148.0,5166.0
5115.0,5118.0
4957.0,4957.0
5025.0,5022.0
5098.0,5110.0
5013.0,5031.0
5232.0,5247.0
5151.0,5166.0
5094.0,5094.0
4997.0,5000.0
4817.0,4799.0
5010.0,5007.0
5199.0,5208.0
5207.0,5234.0
5155.0,5167.0
5123.0,5126.0
5157.0,5154.0
5077.0,5071.0
4844.0,4835.0
5077.0,5083.0
5182.0,5191.0
5066.0,5066.0
5187.0,5208.0
5112.0,5112.0
5047.0,5050.0
4963.0,4969.0
5030.0,5036.0
5161.0,5188.0
5166.0,5175.0
5170.0,5170.0
5011.0,5008.0
4981.0,4972.0
4853.0,4838.0
5078.0,5087.0
5099.0,5114.0
5279.0,5291.0
4935.0,4938.0
5004.0,4992.0
5077.0,5080.0
5011.0,5011.0
5065.0,5074.0
5157.0,5163.0
5158.0,5182.0
5191.0,5203.0
4944.0,4935.0
4986.0,4968.0
4908.0,4902.0
5058.0,5055.0
5282.0,5300.0
5180.0,5195.0
5121.0,5121.0
5069.0,5066.0
5072.0,5069.0
5002.0,4996.0
5050.0,5056.0
5199.0,5208.0
5121.0,5121.0
5174.0,5180.0
5059.0,5053.0
5027.0,5018.0
5056.0,5056.0
5126.0,5129.0
5303.0,5336.0
5370.0,5388.0
5124.0,5118.0
4977.0,4965.0
4973.0,4961.0
4982.0,4976.0
5256.0,5262.0
5290.0,5302.0
5254.0,5278.0
5252.0,5258.0
5087.0,5087.0
5121.0,5124.0
5179.0,5170.0
5289.0,5304.0
5236.0,5248.0
5106.0,5118.0
5348.0,5363.0
5101.0,5101.0
5191.0,5191.0
5010.0,4998.0
5326.0,5341.0
5196.0,5214.0
5449.0,5485.0
5172.0,5169.0
5270.0,5288.0
5209.0,5203.0
5058.0,5064.0
5259.0,5274.0
5282.0,5291.0
5143.0,5152.0
5441.0,5462.0
5413.0,5431.0
5115.0,5112.0
5027.0,5018.0
5162.0,5174.0
5491.0,5518.0
5400.0,5430.0
5171.0,5177.0
5248.0,5251.0
5297.0,5303.0
5162.0,5159.0
5169.0,5178.0
5374.0,5389.0
5369.0,5390.0
5208.0,5217.0
5119.0,5113.0
5174.0,5177.0
5158.0,5158.0
5258.0,5273.0
5443.0,5467.0
5301.0,5313.0
5137.0,5137.0
5053.0,5038.0
5201.0,5192.0
5135.0,5138.0
5397.0,5421.0
5233.0,5245.0
5455.0,5482.0
5234.0,5237.0
5254.0,5251.0
5173.0,5170.0
5303.0,5306.0
5290.0,5296.0
5407.0,5428.0
5308.0,5314.0
5317.0,5320.0
5237.0,5237.0
5243.0,5252.0
5229.0,5220.0
5282.0,5288.0
5444.0,5462.0
5373.0,5397.0
5202.0,5193.0
5345.0,5354.0
5227.0,5215.0
5238.0,5241.0
5254.0,5251.0
5307.0,5316.0
5281.0,5290.0
5317.0,5323.0
5234.0,5231.0
5329.0,5338.0
5220.0,5211.0
5329.0,5320.0
5305.0,5317.0
5495.0,5522.0
5383.0,5398.0
5385.0,5376.0
5129.0,5114.0
5314.0,5320.0
5254.0,5260.0
5336.0,5336.0
5370.0,5382.0
5265.0,5268.0
5189.0,5177.0
5231.0,5228.0
5204.0,5201.0
5323.0,5332.0
5492.0,5513.0
5515.0,5533.0
5285.0,5291.0
5379.0,5373.0
5232.0,5232.0
5363.0,5372.0
5274.0,5289.0
5416.0,5428.0
5467.0,5482.0
5210.0,5201.0
5255.0,5258.0
5335.0,5326.0
5205.0,5205.0
5534.0,5552.0
5437.0,5446.0
5390.0,5399.0
5341.0,5344.0
5339.0,5333.0
5256.0,5253.0
5144.0,5141.0
5587.0,5602.0
5463.0,5478.0
5517.0,5529.0
5320.0,5326.0
5350.0,5347.0
5261.0,5252.0
5322.0,5325.0
5514.0,5526.0
5540.0,5561.0
5408.0,5417.0
5469.0,5481.0
5317.0,5317.0
5293.0,5290.0
5223.0,5217.0
5450.0,5465.0
5534.0,5549.0
5655.0,5679.0
5410.0,5410.0
5343.0,5346.0
5356.0,5350.0
5375.0,5375.0
5480.0,5486.0
5430.0,5451.0
5571.0,5580.0
5453.0,5465.0
5467.0,5479.0
5501.0,5504.0
5304.0,5310.0
5462.0,5474.0
5448.0,5463.0
5545.0,5563.0
5412.0,5418.0
5434.0,5431.0
5388.0,5379.0
5406.0,5412.0
5400.0,5406.0
5424.0,5433.0
5397.0,5397.0
5491.0,5506.0
5318.0,5309.0
5336.0,5330.0
5424.0,5439.0
5506.0,5518.0
5512.0,5521.0
5680.0,5710.0
5588.0,5594.0
5461.0,5458.0
5466.0,5472.0
5385.0,5388.0
5501.0,5507.0
5610.0,5634.0
5650.0,5677.0
5534.0,5534.0
5227.0,5209.0
5429.0,5423.0
5450.0,5462.0
5519.0,5528.0
5743.0,5767.0
5507.0,5519.0
5555.0,5555.0
5288.0,5279.0
5649.0,5664.0
5417.0,5411.0
5524.0,5536.0
5571.0,5589.0
5540.0,5555.0
5569.0,5575.0
5475.0,5475.0
5607.0,5604.0
5456.0,5462.0
5420.0,5420.0
5532.0,5544.0
5593.0,5602.0
5665.0,5680.0
5411.0,5411.0
5494.0,5485.0
5407.0,5407.0
5572.0,5581.0
5587.0,5587.0
5803.0,5836.0
5714.0,5723.0
5494.0,5497.0
5481.0,5475.0
5585.0,5600.0
5657.0,5669.0
5573.0,5585.0
5514.0,5520.0
5463.0,5463.0
5570.0,5582.0
5596.0,5611.0
5477.0,5468.0
5647.0,5671.0
5483.0,5489.0
5647.0,5662.0
5601.0,5601.0
5523.0,5529.0
5557.0,5548.0
5423.0,5414.0
5560.0,5566.0
5617.0,5626.0
5528.0,5534.0
5508.0,5508.0
5650.0,5653.0
5507.0,5498.0
5445.0,5442.0
5723.0,5750.0
5788.0,5812.0
5854.0,5878.0
5620.0,5623.0
5668.0,5665.0
5676.0,5685.0
5498.0,5495.0
5642.0,5666.0
5714.0,5714.0
5812.0,5836.0
5612.0,5621.0
5583.0,5577.0
5616.0,5625.0
5566.0,5563.0
5694.0,5709.0
5771.0,5777.0
5805.0,5823.0
5728.0,5746.0
5569.0,5572.0
5670.0,5679.0
5684.0,5687.0
5901.0,5922.0
5880.0,5907.0
5728.0,5746.0
5671.0,5674.0
5435.0,5432.0
5509.0,5488.0
5551.0,5545.0
5709.0,5718.0
5860.0,5884.0
5588.0,5585.0
5635.0,5638.0
5662.0,5668.0
5500.0,5494.0
5488.0,5491.0
5730.0,5739.0
5640.0,5640.0
5731.0,5752.0
5709.0,5706.0
5697.0,5712.0
5469.0,5463.0
5710.0,5710.0
5811.0,5829.0
5806.0,5818.0
5690.0,5708.0
5666.0,5669.0
5798.0,5816.0
5539.0,5536.0
5730.0,5742.0
5838.0,5853.0
5584.0,5584.0
5762.0,5780.0
5681.0,5684.0
5716.0,5710.0
5724.0,5715.0
5623.0,5620.0
5774.0,5780.0
5711.0,5711.0
5871.0,5898.0
5597.0,5594.0
5793.0,5796.0
5785.0,5782.0
5635.0,5641.0
5619.0,5619.0
5732.0,5741.0
5772.0,5781.0
5995.0,6016.0
5858.0,5858.0
5582.0,5570.0
5630.0,5621.0
5645.0,5651.0
5831.0,5843.0
5973.0,5988.0
5876.0,5873.0
5785.0,5782.0
5726.0,5726.0
5672.0,5669.0
5753.0,5771.0
5824.0,5845.0
5704.0,5713.0
5865.0,5874.0
5729.0,5720.0
5579.0,5582.0
5658.0,5661.0
5693.0,5690.0
5850.0,5871.0
5767.0,5782.0
5850.0,5859.0
5621.0,5618.0
5582.0,5573.0
5775.0,5778.0
5565.0,5559.0
5987.0,6017.0
5892.0,5904.0
5711.0,5705.0
5897.0,5903.0
5758.0,5764.0
5782.0,5782.0
5525.0,5516.0
5994.0,6015.0
5703.0,5703.0
5800.0,5803.0
5775.0,5781.0
5623.0,5617.0
5879.0,5888.0
6004.0,6025.0
6045.0,6063.0
5992.0,6010.0
5759.0,5756.0
5874.0,5889.0
5836.0,5830.0
5591.0,5591.0
5880.0,5886.0
6019.0,6031.0
5814.0,5826.0
5892.0,5907.0
5760.0,5760.0
5726.0,5726.0
5640.0,5619.0
5813.0,5813.0
6019.0,6043.0
5935.0,5950.0
6009.0,6030.0
5727.0,5721.0
5788.0,5776.0
5678.0,5669.0
5797.0,5800.0
5958.0,5967.0
5806.0,5812.0
5942.0,5954.0
5820.0,5820.0
5807.0,5813.0
5733.0,5730.0
5881.0,5884.0
5992.0,6019.0
6045.0,6069.0
5990.0,6005.0
5951.0,5957.0
5730.0,5724.0
5873.0,5876.0
5835.0,5847.0
6020.0,6047.0
5847.0,5850.0
5890.0,5911.0
5767.0,5758.0
5867.0,5861.0
5862.0,5868.0
5874.0,5877.0
6073.0,6088.0
5889.0,5892.0
5887.0,5914.0
5776.0,5764.0
6011.0,6026.0
5651.0,5642.0
6019.0,6037.0
6006.0,6024.0
6026.0,6038.0
5912.0,5903.0
5808.0,5796.0
5881.0,5875.0
5846.0,5852.0
5906.0,5909.0
5840.0,5840.0
5928.0,5946.0
5969.0,5975.0
6032.0,6029.0
5968.0,5977.0
5855.0,5858.0
5987.0,5996.0
6026.0,6044.0
6103.0,6130.0
5811.0,5814.0
5781.0,5763.0
5826.0,5823.0
5851.0,5842.0
5986.0,5998.0
5933.0,5945.0
5988.0,6006.0
6082.0,6097.0
5879.0,5870.0
5872.0,5878.0
5978.0,5981.0
5797.0,5794.0
5895.0,5901.0
6108.0,6126.0
5998.0,6007.0
6000.0,6003.0
5998.0,5995.0
5796.0,5787.0
6078.0,6087.0
6117.0,6132.0
5970.0,5979.0
6069.0,6081.0
6018.0,6021.0
6026.0,6032.0
5920.0,5926.0
6124.0,6145.0
6111.0,6123.0
6084.0,6096.0
6017.0,6026.0
5881.0,5869.0
5861.0,5864.0
5900.0,5894.0
6004.0,6022.0
5963.0,5960.0
6056.0,6080.0
5954.0,5951.0
5897.0,5891.0
5796.0,5778.0
5946.0,5949.0
5797.0,5797.0
6119.0,6131.0
6150.0,6171.0
6065.0,6071.0
5990.0,5999.0
5863.0,5866.0
5943.0,5934.0
6003.0,6003.0
6032.0,6035.0
6086.0,6104.0
6091.0,6091.0
6116.0,6125.0
6037.0,6028.0
5938.0,5947.0
5950.0,5962.0
6083.0,6098.0
5996.0,6002.0
6150.0,6162.0
6092.0,6101.0
6164.0,6173.0
6156.0,6162.0
6122.0,6134.0
5989.0,5995.0
6065.0,6071.0
6031.0,6043.0
6146.0,6161.0
5943.0,5940.0
5994.0,5994.0
6158.0,6161.0
6032.0,6038.0
6242.0,6266.0
6097.0,6100.0
6131.0,6128.0
6162.0,6174.0
6139.0,6142.0
5919.0,5916.0
6203.0,6209.0
6122.0,6134.0
6169.0,6172.0
6140.0,6146.0
5994.0,5985.0
6053.0,6053.0
6090.0,6105.0
6145.0,6160.0
6058.0,6067.0
5970.0,5970.0
6118.0,6127.0
6086.0,6089.0
6109.0,6118.0
6122.0,6131.0
6299.0,6326.0
6226.0,6247.0
6373.0,6406.0
5956.0,5947.0
6113.0,6110.0
6037.0,6037.0
6013.0,6010.0
6316.0,6349.0
6105.0,6114.0
5796.0,5784.0
6067.0,6064.0
6105.0,6111.0
6157.0,6160.0
6097.0,6088.0
6138.0,6150.0
6392.0,6419.0
6052.0,6058.0
6054.0,6051.0
6154.0,6160.0
6219.0,6225.0
6167.0,6173.0
6157.0,6151.0
6049.0,6046.0
6303.0,6312.0
6164.0,6179.0
5994.0,5991.0
6099.0,6099.0
6164.0,6164.0
6310.0,6334.0
6208.0,6220.0
6113.0,6110.0
6138.0,6147.0
6148.0,6139.0
6320.0,6329.0
6141.0,6147.0
6210.0,6213.0
6320.0,6326.0
6146.0,6161.0
6209.0,6212.0
6183.0,6186.0
6205.0,6205.0
6283.0,6295.0
6356.0,6374.0
6256.0,6268.0
6257.0,6269.0
6209.0,6209.0
6069.0,6069.0
6143.0,6158.0
5976.0,5967.0
6210.0,6216.0
6254.0,6266.0
6300.0,6306.0
6155.0,6146.0
6113.0,6104.0
6195.0,6192.0
6391.0,6412.0
6387.0,6402.0
6302.0,6314.0
6333.0,6357.0
6200.0,6188.0
6103.0,6106.0
6180.0,6204.0
6167.0,6170.0
6368.0,6389.0
6279.0,6282.0
6315.0,6324.0
6283.0,6292.0
6256.0,6253.0
6128.0,6128.0
6218.0,6230.0
6398.0,6410.0
6398.0,6413.0
6220.0,6220.0
6198.0,6198.0
6166.0,6175.0
6099.0,6090.0
6387.0,6396.0
6401.0,6425.0
6359.0,6377.0
6230.0,6230.0
6189.0,6186.0
6159.0,6153.0
6180.0,6183.0
6301.0,6313.0
6315.0,6321.0
6411.0,6414.0
6391.0,6406.0
6259.0,6265.0
6201.0,6198.0
6141.0,6138.0
6424.0,6436.0
6313.0,6322.0
6404.0,6416.0
6132.0,6123.0
6220.0,6211.0
6199.0,6196.0
6347.0,6353.0
6316.0,6319.0
6306.0,6324.0
6413.0,6428.0
6372.0,6390.0
6305.0,6311.0
6346.0,6355.0
6345.0,6348.0
6364.0,6373.0
6447.0,6468.0
6442.0,6457.0
6365.0,6359.0
6208.0,6199.0
6260.0,6260.0
6244.0,6238.0
6311.0,6317.0
6484.0,6505.0
6381.0,6396.0
6463.0,6478.0
6316.0,6313.0
6401.0,6407.0
6276.0,6279.0
6280.0,6277.0
6400.0,6409.0
6396.0,6411.0
6407.0,6413.0
6370.0,6370.0
6289.0,6283.0
6339.0,6351.0
6324.0,6327.0
6482.0,6500.0
6455.0,6473.0
6437.0,6446.0
6374.0,6371.0
6229.0,6220.0
6182.0,6182.0
6334.0,6340.0
6448.0,6466.0
6519.0,6534.0
6553.0,6571.0
6308.0,6305.0
6227.0,6215.0
6116.0,6104.0
6448.0,6460.0
6458.0,6470.0
6546.0,6567.0
6324.0,6324.0
6307.0,6307.0
6373.0,6370.0
6410.0,6422.0
6262.0,6265.0
6384.0,6399.0
6356.0,6356.0
6435.0,6444.0
6346.0,6346.0
6359.0,6356.0
6258.0,6249.0
6522.0,6534.0
6643.0,6661.0
6440.0,6449.0
6340.0,6340.0
6292.0,6280.0
6418.0,6415.0
6478.0,6484.0
6565.0,6586.0
6546.0,6561.0
6491.0,6509.0
6519.0,6525.0
6334.0,6331.0
6346.0,6343.0
6475.0,6475.0
6397.0,6400.0
6671.0,6689.0
6568.0,6583.0
6339.0,6345.0
6269.0,6260.0
6314.0,6311.0
6444.0,6444.0
6398.0,6398.0
6609.0,6633.0
6526.0,6532.0
6314.0,6314.0
6443.0,6443.0
6306.0,6297.0
6445.0,6445.0
6614.0,6626.0
6614.0,6638.0
6540.0,6564.0
6433.0,6433.0
6629.0,6644.0
6461.0,6455.0
6350.0,6341.0
6568.0,6580.0
6494.0,6509.0
6688.0,6724.0
6603.0,6609.0
6448.0,6448.0
6446.0,6440.0
6475.0,6484.0
6556.0,6571.0
6509.0,6518.0
6757.0,6775.0
6528.0,6546.0
6436.0,6436.0
6588.0,6606.0
6386.0,6377.0
6510.0,6522.0
6680.0,6701.0
6678.0,6702.0
6374.0,6365.0
6446.0,6440.0
6518.0,6515.0
6593.0,6608.0
6598.0,6616.0
6708.0,6723.0
6611.0,6623.0
6599.0,6599.0
6452.0,6446.0
6576.0,6579.0
6410.0,6404.0
6522.0,6537.0
6550.0,6559.0
6562.0,6565.0
6584.0,6599.0
6508.0,6496.0
6474.0,6471.0
6532.0,6541.0
6685.0,6709.0
6655.0,6676.0
6684.0,6693.0
6613.0,6631.0
6554.0,6551.0
6508.0,6505.0
6521.0,6533.0
6491.0,6497.0
6543.0,6552.0
6628.0,6640.0
6609.0,6612.0
6560.0,6551.0
6485.0,6482.0
6515.0,6518.0
6636.0,6642.0
6509.0,6515.0
6733.0,6751.0
6644.0,6650.0
6554.0,6557.0
6651.0,6648.0
6609.0,6609.0
6455.0,6452.0
6753.0,6774.0
6611.0,6617.0
6618.0,6621.0
6588.0,6594.0
6418.0,6400.0
6434.0,6431.0
6658.0,6667.0
6747.0,6756.0
6745.0,6766.0
6569.0,6572.0
6522.0,6516.0
6614.0,6605.0
6513.0,6525.0
6635.0,6641.0
6836.0,6857.0
6676.0,6679.0
6680.0,6686.0
6605.0,6599.0
6577.0,6574.0
6588.0,6588.0
6637.0,6649.0
6741.0,6753.0
6655.0,6667.0
6627.0,6633.0
6562.0,6562.0
6586.0,6583.0
6621.0,6627.0
6614.0,6620.0
6740.0,6755.0
6674.0,6683.0
6705.0,6708.0
6695.0,6695.0
6715.0,6715.0
6647.0,6653.0
6711.0,6717.0
6858.0,6876.0
6891.0,6918.0
6659.0,6665.0
6579.0,6582.0
6678.0,6687.0
6554.0,6548.0
6730.0,6739.0
6690.0,6699.0
6737.0,6755.0
6701.0,6698.0
6440.0,6440.0
6651.0,6645.0
6594.0,6594.0
6700.0,6703.0
6764.0,6770.0
6834.0,6852.0
6597.0,6606.0
6666.0,6660.0
6627.0,6630.0
6576.0,6570.0
6598.0,6601.0
6779.0,6797.0
6884.0,6911.0
6606.0,6603.0
6498.0,6483.0
6620.0,6614.0
6733.0,6742.0
6631.0,6637.0
6690.0,6690.0
6813.0,6837.0
6650.0,6650.0
6785.0,6782.0
6655.0,6652.0
6795.0,6801.0
6803.0,6815.0
6994.0,7018.0
6760.0,6775.0
6784.0,6787.0
6651.0,6648.0
6709.0,6712.0
6782.0,6788.0
6784.0,6799.0
6878.0,6893.0
6953.0,6974.0
6649.0,6652.0
6864.0,6867.0
6670.0,6676.0
6741.0,6744.0
6888.0,6894.0
6821.0,6830.0
6962.0,6977.0
6656.0,6653.0
6697.0,6688.0
6570.0,6549.0
6820.0,6832.0
6858.0,6876.0
6978.0,6993.0
6805.0,6820.0
6863.0,6872.0
6725.0,6725.0
6781.0,6787.0
6796.0,6802.0
6781.0,6799.0
6968.0,6983.0
7025.0,7052.0
6828.0,6837.0
6817.0,6820.0
6735.0,6726.0
6574.0,6574.0
6722.0,6725.0
6861.0,6873.0
6972.0,6999.0
6932.0,6953.0
6781.0,6781.0
6832.0,6826.0
6735.0,6744.0
6946.0,6970.0
6999.0,7020.0
6880.0,6889.0
7006.0,7027.0
6777.0,6783.0
6966.0,6978.0
6694.0,6691.0
6728.0,6728.0
7013.0,7031.0
6826.0,6829.0
6836.0,6836.0
6919.0,6919.0
6828.0,6831.0
6808.0,6808.0
6910.0,6928.0
6851.0,6857.0
6893.0,6899.0
7021.0,7036.0
6978.0,6981.0
6802.0,6796.0
6851.0,6860.0
6878.0,6878.0
6901.0,6913.0
7030.0,7051.0
6868.0,6865.0
6803.0,6806.0
6703.0,6685.0
7001.0,7019.0
6974.0,6992.0
6955.0,6976.0
7079.0,7097.0
6878.0,6878.0
6755.0,6746.0
6815.0,6812.0
6864.0,6864.0
7079.0,7097.0
7043.0,7058.0
6933.0,6945.0
6946.0,6955.0
7018.0,7018.0
6760.0,6748.0
6769.0,6766.0
6929.0,6929.0
6872.0,6881.0
6936.0,6957.0
7045.0,7063.0
6911.0,6914.0
6871.0,6865.0
6767.0,6761.0
6951.0,6957.0
7103.0,7121.0
7102.0,7123.0
6991.0,6997.0
7013.0,7013.0
6948.0,6951.0
6889.0,6880.0
6848.0,6851.0
7110.0,7119.0
6990.0,7014.0
7076.0,7091.0
6864.0,6849.0
6945.0,6957.0
6814.0,6817.0
6991.0,6994.0
7055.0,7064.0
7185.0,7209.0
6861.0,6861.0
6865.0,6865.0
6728.0,6716.0
6929.0,6926.0
6914.0,6911.0
6990.0,6996.0
7052.0,7070.0
6883.0,6880.0
7076.0,7085.0
7011.0,7011.0
6781.0,6772.0
6901.0,6910.0
7223.0,7250.0
6968.0,6971.0
7060.0,7066.0
7001.0,6998.0
6969.0,6966.0
6933.0,6933.0
7071.0,7095.0
7045.0,7054.0
7178.0,7196.0
6944.0,6938.0
6985.0,6985.0
6905.0,6899.0
6829.0,6823.0
7078.0,7081.0
7105.0,7123.0
7005.0,7023.0
6970.0,6970.0
6952.0,6958.0
7044.0,7047.0
6994.0,6994.0
7190.0,7205.0
7012.0,7018.0
7222.0,7252.0
6969.0,6969.0
7109.0,7109.0
7032.0,7026.0
7018.0,7021.0
7146.0,7152.0
7123.0,7135.0
7138.0,7147.0
6883.0,6892.0
7064.0,7061.0
7030.0,7027.0
7062.0,7065.0
7186.0,7207.0
7099.0,7108.0
7223.0,7247.0
7073.0,7073.0
7049.0,7049.0
6899.0,6884.0
7128.0,7143.0
7034.0,7046.0
7158.0,7182.0
7054.0,7057.0
7040.0,7049.0
7075.0,7078.0
6950.0,6947.0
7033.0,7042.0
7091.0,7094.0
7236.0,7245.0
7254.0,7284.0
7046.0,7055.0
7145.0,7139.0
6947.0,6944.0
6986.0,6983.0
7131.0,7140.0
7134.0,7143.0
7180.0,7198.0
7194.0,7197.0
7120.0,7123.0
7102.0,7099.0
7141.0,7150.0
7078.0,7084.0
7150.0,7165.0
7250.0,7277.0
7224.0,7230.0
6955.0,6949.0
7011.0,7008.0
6933.0,6933.0
7217.0,7229.0
7058.0,7058.0
7097.0,7106.0
7282.0,7288.0
7182.0,7194.0
7096.0,7087.0
7001.0,6998.0
7186.0,7198.0
7252.0,7264.0
7204.0,7213.0
7053.0,7047.0
7058.0,7055.0
7169.0,7172.0
7048.0,7054.0
7103.0,7103.0
7098.0,7107.0
7233.0,7239.0
7093.0,7090.0
7112.0,7115.0
7118.0,7109.0
7167.0,7170.0
7145.0,7157.0
7206.0,7218.0
7163.0,7166.0
7292.0,7307.0
7020.0,7011.0
7085.0,7088.0
7147.0,7153.0
7203.0,7212.0
7268.0,7286.0
7182.0,7185.0
7218.0,7230.0
7149.0,7149.0
7018.0,7000.0
7287.0,7302.0
7124.0,7124.0
7268.0,7283.0
7242.0,7260.0
7158.0,7158.0
7220.0,7226.0
7150.0,7144.0
7124.0,7121.0
7292.0,7304.0
7205.0,7211.0
7288.0,7294.0
7133.0,7142.0
7091.0,7088.0
7067.0,7055.0
7077.0,7065.0
7259.0,7274.0
7239.0,7260.0
7402.0,7426.0
7230.0,7227.0
7088.0,7091.0
7274.0,7286.0
7045.0,7030.0
7199.0,7202.0
7384.0,7399.0
7351.0,7372.0
7134.0,7125.0
7189.0,7192.0
7310.0,7310.0
7093.0,7099.0
7306.0,7318.0
7414.0,7432.0
7309.0,7327.0
7295.0,7301.0
7407.0,7428.0
7249.0,7249.0
7165.0,7171.0
7431.0,7446.0
7207.0,7210.0
7580.0,7604.0
7269.0,7281.0
7354.0,7360.0
7265.0,7271.0
7322.0,7325.0
7337.0,7352.0
7364.0,7385.0
7397.0,7409.0
7296.0,7305.0
7217.0,7208.0
7251.0,7254.0
7167.0,7167.0
7184.0,7184.0
7428.0,7452.0
7096.0,7087.0
7343.0,7358.0
7279.0,7276.0
7154.0,7148.0
7126.0,7129.0
7319.0,7325.0
7379.0,7388.0
7254.0,7263.0
7309.0,7312.0
7407.0,7416.0
7308.0,7311.0
7447.0,7465.0
7244.0,7253.0
7353.0,7365.0
7209.0,7221.0
7156.0,7147.0
7439.0,7451.0
7331.0,7328.0
7348.0,7357.0
7418.0,7430.0
7395.0,7407.0
7271.0,7286.0
7323.0,7326.0
7338.0,7338.0
7166.0,7154.0
7192.0,7198.0
7341.0,7344.0
7333.0,7342.0
7518.0,7539.0
7471.0,7480.0
7446.0,7449.0
7191.0,7185.0
7281.0,7278.0
7304.0,7301.0
7381.0,7384.0
7483.0,7504.0
7366.0,7363.0
7379.0,7391.0
7251.0,7230.0
7350.0,7356.0
7281.0,7275.0
7637.0,7658.0
7563.0,7575.0
7494.0,7506.0
7296.0,7290.0
7224.0,7212.0
7481.0,7493.0
7410.0,7422.0
7435.0,7447.0
7514.0,7535.0
7347.0,7353.0
7313.0,7307.0
7296.0,7308.0
7220.0,7211.0
7342.0,7348.0
7594.0,7618.0
7523.0,7547.0
7406.0,7409.0
7314.0,7314.0
7420.0,7426.0
7378.0,7381.0
7472.0,7478.0
7496.0,7508.0
7442.0,7445.0
7482.0,7491.0
7368.0,7371.0
7251.0,7251.0
7307.0,7316.0
7315.0,7309.0
7530.0,7542.0
7496.0,7502.0
7378.0,7378.0
7378.0,7378.0
7350.0,7353.0
7310.0,7310.0
7399.0,7405.0
7369.0,7375.0
7510.0,7531.0
7398.0,7401.0
7387.0,7390.0
7374.0,7368.0
7455.0,7452.0
7286.0,7277.0
7445.0,7460.0
7719.0,7743.0
7471.0,7483.0
7454.0,7457.0
7493.0,7490.0
7317.0,7317.0
7244.0,7235.0
7524.0,7539.0
7711.0,7735.0
7510.0,7522.0
7532.0,7526.0
7459.0,7456.0
7507.0,7504.0
7421.0,7427.0
7505.0,7523.0
7472.0,7475.0
7517.0,7523.0
7396.0,7393.0
7491.0,7491.0
7332.0,7329.0
7599.0,7611.0
7712.0,7742.0
7529.0,7544.0
7653.0,7674.0
7360.0,7345.0
7308.0,7299.0
7450.0,7447.0
7505.0,7517.0
7583.0,7595.0
7642.0,7657.0
7531.0,7534.0
7437.0,7431.0
7448.0,7448.0
7352.0,7346.0
7443.0,7446.0
7614.0,7638.0
7629.0,7644.0
7616.0,7637.0
7508.0,7508.0
7331.0,7316.0
7431.0,7437.0
7689.0,7704.0
7574.0,7592.0
7805.0,7832.0
7652.0,7667.0
7383.0,7380.0
7537.0,7540.0
7600.0,7615.0
7397.0,7394.0
7695.0,7713.0
7701.0,7716.0
7601.0,7616.0
7618.0,7627.0
7511.0,7499.0
7437.0,7440.0
7534.0,7537.0
7779.0,7794.0
7552.0,7564.0
7525.0,7546.0
7631.0,7637.0
7465.0,7453.0
7524.0,7521.0
7632.0,7641.0
7634.0,7643.0
7535.0,7532.0
7605.0,7620.0
7448.0,7442.0
7448.0,7448.0
7512.0,7512.0
7629.0,7644.0
7768.0,7783.0
7743.0,7767.0
7887.0,7902.0
7625.0,7622.0
7653.0,7656.0
7513.0,7510.0
7624.0,7639.0
7748.0,7772.0
7767.0,7785.0
7646.0,7655.0
7605.0,7605.0
7319.0,7301.0
7533.0,7533.0
7722.0,7737.0
7834.0,7858.0
7560.0,7566.0
7448.0,7451.0
7752.0,7767.0
7612.0,7609.0
7489.0,7477.0
7586.0,7592.0
7780.0,7807.0
7640.0,7649.0
7664.0,7667.0
7553.0,7550.0
7522.0,7510.0
7684.0,7681.0
7625.0,7640.0
7740.0,7752.0
7649.0,7652.0
7688.0,7700.0
7452.0,7440.0
7642.0,7642.0
7549.0,7546.0
7811.0,7823.0
7794.0,7806.0
7766.0,7784.0
7662.0,7677.0
7692.0,7683.0
7651.0,7657.0
7628.0,7631.0
7854.0,7869.0
7774.0,7789.0
7798.0,7816.0
7700.0,7703.0
7556.0,7550.0
7731.0,7746.0
7674.0,7674.0
7970.0,8000.0
7798.0,7825.0
7691.0,7700.0
7808.0,7817.0
7759.0,7756.0
7671.0,7665.0
7672.0,7663.0
7731.0,7737.0
7851.0,7863.0
7846.0,7867.0
7713.0,7716.0
7619.0,7613.0
7590.0,7584.0
7619.0,7613.0
7790.0,7799.0
7787.0,7814.0
7778.0,7796.0
7784.0,7787.0
7739.0,7733.0
7631.0,7631.0
7705.0,7720.0
7668.0,7665.0
7798.0,7807.0
7829.0,7850.0
7749.0,7758.0
7640.0,7637.0
7646.0,7640.0
7893.0,7908.0
7645.0,7648.0
8048.0,8078.0
7971.0,7992.0
7705.0,7711.0
7797.0,7797.0
7813.0,7822.0
7616.0,7613.0
7785.0,7803.0
7924.0,7942.0
7844.0,7859.0
7891.0,7900.0
7783.0,7777.0
7786.0,7789.0
7703.0,7706.0
7998.0,8019.0
7838.0,7847.0
7828.0,7840.0
7712.0,7697.0
7633.0,7630.0
7712.0,7709.0
7777.0,7777.0
7694.0,7700.0
7768.0,7774.0
7874.0,7883.0
7910.0,7907.0
7825.0,7825.0
7750.0,7756.0
7774.0,7777.0
7828.0,7825.0
7939.0,7954.0
7924.0,7942.0
7909.0,7921.0
7897.0,7897.0
7885.0,7891.0
7535.0,7520.0
7806.0,7821.0
8086.0,8116.0
7765.0,7768.0
7896.0,7905.0
7822.0,7822.0
7742.0,7739.0
7619.0,7607.0
7846.0,7858.0
7831.0,7840.0
7809.0,7815.0
8027.0,8048.0
7925.0,7934.0
7798.0,7792.0
7638.0,7635.0
7648.0,7651.0
7889.0,7904.0
8049.0,8049.0
7690.0,7699.0
7830.0,7818.0
7769.0,7757.0
7759.0,7762.0
7857.0,7857.0
7992.0,8004.0
7986.0,8004.0
7849.0,7855.0
7873.0,7870.0
7751.0,7748.0
7645.0,7630.0
7970.0,7979.0
7837.0,7840.0
7957.0,7969.0
7919.0,7916.0
7750.0,7747.0
7704.0,7698.0
7753.0,7756.0
7943.0,7958.0
8052.0,8073.0
7836.0,7836.0
7867.0,7882.0
7853.0,7856.0
7672.0,7660.0
7828.0,7825.0
7872.0,7872.0
8055.0,8073.0
7935.0,7947.0
7915.0,7918.0
7730.0,7715.0
7829.0,7826.0
7861.0,7861.0
7907.0,7904.0
8094.0,8109.0
8054.0,8084.0
7919.0,7925.0
7866.0,7851.0
7821.0,7824.0
7818.0,7815.0
7917.0,7923.0
8027.0,8042.0
8046.0,8070.0
8038.0,8053.0
7937.0,7943.0
7952.0,7955.0
7931.0,7928.0
8031.0,8037.0
8004.0,8016.0
7999.0,8020.0
7792.0,7801.0
7882.0,7882.0
7995.0,7992.0
7891.0,7903.0
8007.0,8016.0
7982.0,8000.0
8132.0,8144.0
8032.0,8044.0
7901.0,7901.0
7929.0,7929.0
7818.0,7809.0
7856.0,7853.0
8125.0,8149.0
8234.0,8270.0
7968.0,7968.0
7969.0,7975.0
7787.0,7778.0
7970.0,7973.0
8009.0,8024.0
8250.0,8283.0
8142.0,8160.0
7963.0,7966.0
7956.0,7953.0
7995.0,8001.0
8007.0,8016.0
7846.0,7846.0
8241.0,8274.0
8012.0,8021.0
8165.0,8183.0
7981.0,7975.0
7756.0,7747.0
7867.0,7867.0
8045.0,8063.0
8124.0,8139.0
8095.0,8110.0
8117.0,8123.0
7999.0,7999.0
8001.0,8001.0
7973.0,7970.0
8165.0,8186.0
8081.0,8093.0
8242.0,8269.0
7926.0,7926.0
8086.0,8086.0
8022.0,8025.0
8026.0,8023.0
8118.0,8130.0
8151.0,8160.0
8271.0,8295.0
8061.0,8058.0
7962.0,7962.0
7813.0,7801.0
7940.0,7949.0
7963.0,7972.0
8261.0,8273.0
8128.0,8143.0
8213.0,8219.0
7977.0,7980.0
8043.0,8043.0
8065.0,8062.0
8106.0,8115.0
8031.0,8037.0
8060.0,8078.0
8084.0,8099.0
8131.0,8131.0
7853.0,7826.0
7975.0,7978.0
8006.0,8009.0
8130.0,8151.0
8220.0,8229.0
8037.0,8037.0
7995.0,7983.0
8141.0,8144.0
8109.0,8115.0
7868.0,7862.0
8095.0,8101.0
8065.0,8074.0
8159.0,8177.0
8132.0,8123.0
8043.0,8046.0
8025.0,8016.0
8083.0,8083.0
8305.0,8341.0
8087.0,8102.0
8001.0,7998.0
8108.0,8105.0
8100.0,8097.0
8071.0,8071.0
8156.0,8168.0
8212.0,8221.0
8172.0,8187.0
8194.0,8194.0
8118.0,8118.0
7992.0,7977.0
8039.0,8048.0
8119.0,8119.0
8161.0,8170.0
8340.0,8358.0
7993.0,7987.0
8173.0,8173.0
8015.0,8003.0
8099.0,8099.0
8283.0,8304.0
8340.0,8370.0
8358.0,8379.0
8175.0,8190.0
8033.0,8021.0
8204.0,8207.0
8089.0,8080.0
8272.0,8290.0
8244.0,8253.0
8299.0,8317.0
8193.0,8196.0
8145.0,8148.0
8059.0,8059.0
8187.0,8199.0
8339.0,8351.0
8279.0,8303.0
8366.0,8387.0
8300.0,8315.0
8194.0,8203.0
8151.0,8142.0
8242.0,8254.0
8000.0,8000.0
8398.0,8416.0
8149.0,8149.0
8296.0,8320.0
8067.0,8067.0
8003.0,8000.0
8022.0,8013.0
8366.0,8375.0
8281.0,8302.0
8148.0,8154.0
8330.0,8342.0
8120.0,8108.0
8168.0,8174.0
8127.0,8133.0
8276.0,8291.0
8130.0,8130.0
8338.0,8353.0
8270.0,8273.0
8377.0,8389.0
8155.0,8155.0
7998.0,7983.0
8257.0,8266.0
8235.0,8253.0
8478.0,8505.0
8385.0,8400.0
8157.0,8148.0
8274.0,8274.0
8118.0,8130.0
8379.0,8388.0
8331.0,8346.0
8271.0,8286.0
8338.0,8341.0
8191.0,8179.0
8181.0,8169.0
8131.0,8128.0
8260.0,8275.0
8402.0,8414.0
8364.0,8385.0
8285.0,8282.0
8106.0,8097.0
8272.0,8272.0
8014.0,8002.0
8368.0,8377.0
8387.0,8414.0
8338.0,8341.0
8305.0,8305.0
8110.0,8098.0
8079.0,8064.0
8143.0,8134.0
8375.0,8387.0
8374.0,8386.0
8347.0,8353.0
8377.0,8398.0
8191.0,8182.0
8244.0,8247.0
8275.0,8269.0
8242.0,8254.0
8440.0,8467.0
8235.0,8247.0
8140.0,8128.0
8228.0,8225.0
8418.0,8436.0
8177.0,8168.0
8343.0,8355.0
8271.0,8277.0
8483.0,8501.0
8390.0,8396.0
8423.0,8441.0
8260.0,8260.0
8169.0,8163.0
8235.0,8229.0
8428.0,8440.0
8317.0,8338.0
8283.0,8283.0
8240.0,8240.0
8412.0,8409.0
8186.0,8171.0
8314.0,8329.0
8461.0,8470.0
8364.0,8376.0
8475.0,8478.0
8337.0,8340.0
8243.0,8243.0
8195.0,8180.0
8306.0,8318.0
8411.0,8423.0
8442.0,8460.0
8571.0,8589.0
8374.0,8374.0
8227.0,8218.0
8265.0,8262.0
8302.0,8314.0
8437.0,8446.0
8578.0,8611.0
8298.0,8298.0
8399.0,8396.0
8254.0,8248.0
8188.0,8182.0
8558.0,8585.0
8402.0,8417.0
8473.0,8497.0
8467.0,8473.0
8363.0,8360.0
8478.0,8481.0
8288.0,8285.0
8449.0,8467.0
8508.0,8520.0
8549.0,8564.0
8443.0,8455.0
8394.0,8391.0
8170.0,8170.0
8449.0,8461.0
8519.0,8543.0
8385.0,8382.0
8469.0,8484.0
8363.0,8363.0
8442.0,8451.0
8292.0,8286.0
8357.0,8351.0
8464.0,8464.0
8548.0,8566.0
8609.0,8636.0
8433.0,8448.0
8222.0,8204.0
8412.0,8418.0
8306.0,8312.0
8650.0,8671.0
8673.0,8691.0
8549.0,8567.0
8363.0,8369.0
8591.0,8594.0
8440.0,8446.0
8353.0,8347.0
8557.0,8566.0
8633.0,8657.0
8558.0,8579.0
8569.0,8584.0
8383.0,8386.0
8385.0,8382.0
8246.0,8222.0
8361.0,8361.0
8590.0,8614.0
8690.0,8717.0
8492.0,8498.0
8654.0,8666.0
8450.0,8444.0
8434.0,8440.0
8467.0,8470.0
8551.0,8572.0
8528.0,8549.0
8476.0,8467.0
8587.0,8599.0
8430.0,8427.0
8367.0,8364.0
8362.0,8359.0
8708.0,8723.0
8814.0,8844.0
8711.0,8726.0
8516.0,8513.0
8441.0,8441.0
8328.0,8319.0
8657.0,8669.0
8599.0,8626.0
8586.0,8595.0
8542.0,8539.0
8596.0,8614.0
8703.0,8715.0
8490.0,8496.0
8452.0,8452.0
8596.0,8617.0
8637.0,8649.0
8622.0,8634.0
8442.0,8433.0
8493.0,8487.0
8463.0,8466.0
8437.0,8446.0
8532.0,8544.0
8678.0,8699.0
8648.0,8648.0
8469.0,8457.0
8322.0,8304.0
8435.0,8441.0
8620.0,8623.0
8613.0,8628.0
8671.0,8686.0
8660.0,8666.0
8556.0,8550.0
8487.0,8481.0
8488.0,8485.0
8578.0,8593.0
8870.0,8897.0
8806.0,8839.0
8681.0,8699.0
8581.0,8581.0
8626.0,8623.0
8578.0,8575.0
8547.0,8544.0
8596.0,8608.0
8594.0,8603.0
8607.0,8616.0
8529.0,8526.0
8565.0,8568.0
8567.0,8573.0
8459.0,8450.0
8697.0,8709.0
8667.0,8685.0
8654.0,8675.0
8505.0,8490.0
8485.0,8464.0
8598.0,8595.0
8706.0,8718.0
8684.0,8693.0
8636.0,8660.0
8779.0,8779.0
8494.0,8491.0
8803.0,8818.0
8543.0,8537.0
8523.0,8520.0
8989.0,9010.0
8683.0,8689.0
8603.0,8615.0
8755.0,8761.0
8397.0,8388.0
8526.0,8520.0
8826.0,8844.0
8859.0,8883.0
8800.0,8818.0
8528.0,8537.0
8665.0,8674.0
8712.0,8709.0
8616.0,8613.0
8667.0,8682.0
8865.0,8898.0
8729.0,8744.0
8618.0,8621.0
8688.0,8688.0
8688.0,8691.0
8594.0,8591.0
8613.0,8613.0
8560.0,8563.0
8928.0,8955.0
8607.0,8607.0
8605.0,8593.0
8541.0,8529.0
8713.0,8710.0
8804.0,8819.0
8734.0,8737.0
8644.0,8650.0
8672.0,8678.0
8744.0,8753.0
8724.0,8733.0
8585.0,8582.0
8656.0,8665.0
8750.0,8762.0
8597.0,8594.0
8855.0,8879.0
8604.0,8604.0
8677.0,8674.0
8782.0,8791.0
8701.0,8710.0
8752.0,8767.0
8891.0,8909.0
8882.0,8891.0
8794.0,8803.0
8824.0,8833.0
8600.0,8591.0
8671.0,8677.0
8745.0,8742.0
8855.0,8873.0
8727.0,8742.0
8742.0,8727.0
8620.0,8617.0
8764.0,8773.0
8868.0,8877.0
9042.0,9078.0
8834.0,8849.0
8791.0,8788.0
8680.0,8674.0
8690.0,8684.0
8859.0,8877.0
8783.0,8786.0
8866.0,8878.0
8777.0,8783.0
8762.0,8771.0
8682.0,8667.0
8760.0,8766.0
8610.0,8610.0
8687.0,8684.0
8821.0,8830.0
8901.0,8916.0
8763.0,8772.0
8772.0,8790.0
8805.0,8796.0
8769.0,8778.0
8819.0,8831.0
8829.0,8844.0
8927.0,8942.0
8920.0,8926.0
8781.0,8781.0
8811.0,8820.0
8609.0,8609.0
8864.0,8870.0
9011.0,9029.0
8943.0,8964.0
8700.0,8697.0
8769.0,8778.0
8709.0,8712.0
8757.0,8751.0
8738.0,8744.0
8975.0,8996.0
8929.0,8932.0
8766.0,8775.0
8678.0,8672.0
8824.0,8821.0
8862.0,8859.0
8714.0,8705.0
8852.0,8858.0
9022.0,9049.0
8825.0,8831.0
8916.0,8925.0
8882.0,8888.0
8820.0,8823.0
8760.0,8760.0
9000.0,9024.0
8953.0,8962.0
8818.0,8815.0
8867.0,8858.0
8839.0,8839.0
8871.0,8880.0
8772.0,8772.0
8897.0,8906.0
8881.0,8884.0
8941.0,8953.0
8845.0,8842.0
8906.0,8915.0
8716.0,8710.0
8870.0,8882.0
8684.0,8684.0
8901.0,8913.0
8968.0,8986.0
8935.0,8941.0
8797.0,8794.0
8926.0,8929.0
8843.0,8849.0
9016.0,9031.0
9102.0,9120.0
8904.0,8910.0
8863.0,8863.0
8869.0,8866.0
8722.0,8707.0
8950.0,8965.0
8856.0,8856.0
8941.0,8962.0
8972.0,8978.0
8912.0,8909.0
8778.0,8763.0
8783.0,8792.0
8855.0,8858.0
9050.0,9068.0
9015.0,9027.0
8752.0,8758.0
9009.0,9012.0
8821.0,8812.0
8885.0,8894.0
8828.0,8834.0
8957.0,8966.0
8927.0,8930.0
9039.0,9060.0
8917.0,8917.0
8756.0,8744.0
8928.0,8937.0
8900.0,8897.0
9043.0,9049.0
9011.0,9026.0
8974.0,8983.0
8885.0,8879.0
8760.0,8751.0
9054.0,9066.0
8985.0,8994.0
9012.0,9018.0
9007.0,9016.0
9067.0,9085.0
8934.0,8937.0
8914.0,8914.0
8911.0,8914.0
9057.0,9066.0
9052.0,9061.0
9041.0,9059.0
9021.0,9033.0
9179.0,9203.0
8978.0,8981.0
9010.0,9013.0
9092.0,9104.0
9022.0,9034.0
9115.0,9124.0
9017.0,9026.0
9148.0,9154.0
8856.0,8844.0
8890.0,8887.0
9086.0,9104.0
9060.0,9069.0
9255.0,9285.0
9090.0,9099.0
9088.0,9100.0
8917.0,8914.0
8909.0,8906.0
9139.0,9157.0
9060.0,9075.0
9176.0,9197.0
8988.0,8994.0
9197.0,9206.0
8984.0,8987.0
8978.0,8987.0
9127.0,9136.0
9254.0,9281.0
9017.0,9023.0
9166.0,9184.0
8975.0,8972.0
8899.0,8902.0
8976.0,8970.0
9220.0,9244.0
9158.0,9182.0
8994.0,8991.0
8982.0,8991.0
8968.0,8959.0
9117.0,9126.0
8969.0,8969.0
9137.0,9152.0
9092.0,9113.0
9028.0,9022.0
9156.0,9168.0
9018.0,9018.0
9044.0,9047.0
8892.0,8883.0
9007.0,9010.0
8993.0,8996.0
9255.0,9273.0
8916.0,8910.0
8931.0,8925.0
9060.0,9060.0
8985.0,8985.0
9138.0,9132.0
9206.0,9218.0
8996.0,9002.0
9104.0,9104.0
9012.0,9006.0
9131.0,9134.0
9006.0,9009.0
9056.0,9047.0
9101.0,9113.0
9213.0,9237.0
9204.0,9213.0
9070.0,9070.0
8995.0,8974.0
8904.0,8895.0
9048.0,9048.0
9118.0,9124.0
9107.0,9119.0
9051.0,9048.0
9180.0,9189.0
9098.0,9092.0
9132.0,9138.0
8975.0,8963.0
8954.0,8957.0
9162.0,9168.0
9324.0,9336.0
9147.0,9138.0
9082.0,9088.0
9124.0,9124.0
9109.0,9115.0
9002.0,9008.0
9259.0,9277.0
9027.0,9018.0
9158.0,9155.0
9073.0,9073.0
9060.0,9072.0
9082.0,9085.0
9146.0,9149.0
9239.0,9251.0
9074.0,9077.0
9264.0,9270.0
9105.0,9111.0
9231.0,9231.0
9282.0,9303.0
9320.0,9332.0
9182.0,9197.0
9158.0,9170.0
9199.0,9208.0
9088.0,9079.0
9102.0,9114.0
9024.0,9030.0
9285.0,9297.0
9217.0,9232.0
9096.0,9093.0
9177.0,9174.0
9138.0,9144.0
9176.0,9182.0
9026.0,9029.0
9309.0,9315.0
9343.0,9367.0
9189.0,9192.0
9232.0,9244.0
9187.0,9184.0
9122.0,9122.0
9295.0,9304.0
9359.0,9383.0
9283.0,9304.0
9154.0,9160.0
9151.0,9151.0
9144.0,9141.0
9194.0,9209.0
9056.0,9044.0
9409.0,9430.0
9217.0,9223.0
9230.0,9245.0
9225.0,9237.0
9145.0,9142.0
9186.0,9183.0
9152.0,9149.0
9460.0,9484.0
9309.0,9318.0
9166.0,9172.0
9252.0,9264.0
9156.0,9153.0
9174.0,9180.0
9130.0,9130.0
9387.0,9402.0
9310.0,9328.0
9172.0,9175.0
9250.0,9256.0
9338.0,9344.0
9119.0,9122.0
9258.0,9258.0
9316.0,9328.0
9344.0,9353.0
9297.0,9297.0
9220.0,9211.0
9206.0,9209.0
9030.0,9018.0
9426.0,9444.0
9377.0,9389.0
9481.0,9508.0
9294.0,9309.0
9358.0,9361.0
9195.0,9195.0
9075.0,9078.0
9446.0,9458.0
9426.0,9444.0
9252.0,9255.0
9258.0,9270.0
9254.0,9251.0
9295.0,9295.0
9270.0,9270.0
9481.0,9499.0
9328.0,9337.0
9116.0,9113.0
9424.0,9430.0
9252.0,9243.0
9357.0,9366.0
9191.0,9197.0
9363.0,9372.0
9422.0,9437.0
9379.0,9391.0
9355.0,9370.0
9311.0,9308.0
9340.0,9343.0
9245.0,9245.0
9288.0,9297.0
9557.0,9578.0
9327.0,9336.0
9314.0,9320.0
9262.0,9256.0
9329.0,9329.0
9226.0,9232.0
9483.0,9492.0
9318.0,9330.0
9354.0,9363.0
9398.0,9413.0
9499.0,9505.0
9266.0,9266.0
9217.0,9214.0
9291.0,9297.0
9591.0,9603.0
9433.0,9454.0
9348.0,9351.0
9390.0,9393.0
9478.0,9490.0
9272.0,9266.0
9445.0,9460.0
9435.0,9453.0
9470.0,9491.0
9270.0,9261.0
9307.0,9307.0
9438.0,9435.0
9285.0,9282.0
9282.0,9276.0
9518.0,9542.0
9555.0,9579.0
9406.0,9406.0
9415.0,9409.0
9212.0,9212.0
9233.0,9233.0
9478.0,9493.0
9594.0,9609.0
9359.0,9365.0
9328.0,9322.0
9309.0,9306.0
9387.0,9399.0
9198.0,9189.0
9388.0,9394.0
9500.0,9506.0
9500.0,9521.0
9538.0,9550.0
9440.0,9437.0
9294.0,9294.0
9346.0,9343.0
9409.0,9412.0
9585.0,9600.0
9428.0,9437.0
9357.0,9363.0
9416.0,9410.0
9234.0,9225.0
9452.0,9458.0
9582.0,9603.0
9538.0,9553.0
9454.0,9466.0
9545.0,9548.0
9440.0,9443.0
9374.0,9377.0
9261.0,9258.0
9457.0,9451.0
9585.0,9603.0
9591.0,9612.0
9383.0,9386.0
9500.0,9497.0
9391.0,9388.0
9359.0,9362.0
9500.0,9506.0
9321.0,9312.0
9412.0,9418.0
9435.0,9432.0
9566.0,9578.0
9499.0,9499.0
9356.0,9365.0
9506.0,9512.0
9547.0,9556.0
9662.0,9683.0
9666.0,9687.0
9354.0,9345.0
9329.0,9320.0
9460.0,9460.0
9552.0,9561.0
9670.0,9700.0
9585.0,9600.0
9381.0,9372.0
9332.0,9323.0
9605.0,9617.0
9451.0,9457.0
9615.0,9630.0
9525.0,9540.0
9656.0,9680.0
9545.0,9554.0
9255.0,9240.0
9390.0,9387.0
9434.0,9428.0
9442.0,9442.0
9599.0,9614.0
9537.0,9549.0
9668.0,9683.0
9539.0,9536.0
9510.0,9513.0
9571.0,9583.0
9474.0,9483.0
9829.0,9862.0
9667.0,9676.0
9706.0,9715.0
9634.0,9637.0
9520.0,9526.0
9576.0,9579.0
9374.0,9371.0
9734.0,9752.0
9799.0,9835.0
9432.0,9423.0
9519.0,9519.0
9337.0,9322.0
9466.0,9469.0
9638.0,9647.0
9617.0,9635.0
9546.0,9552.0
9556.0,9559.0
9642.0,9657.0
9383.0,9386.0
9564.0,9570.0
9631.0,9634.0
9517.0,9520.0
9609.0,9624.0
9625.0,9631.0
9540.0,9540.0
9664.0,9661.0
9480.0,9468.0
9452.0,9458.0
9525.0,9543.0
9627.0,9636.0
9563.0,9560.0
9562.0,9556.0
9565.0,9562.0
9501.0,9510.0
9500.0,9506.0
9749.0,9761.0
9753.0,9768.0
9636.0,9636.0
9660.0,9672.0
9696.0,9699.0
9492.0,9486.0
9671.0,9695.0
9612.0,9630.0
9618.0,9624.0
9781.0,9805.0
9587.0,9581.0
9631.0,9643.0
9589.0,9580.0
9664.0,9673.0
9728.0,9740.0
9750.0,9762.0
9908.0,9929.0
9599.0,9590.0
9593.0,9587.0
9611.0,9605.0
9551.0,9545.0
9763.0,9775.0
9770.0,9782.0
9694.0,9718.0
9493.0,9478.0
9610.0,9598.0
9601.0,9607.0
9626.0,9632.0
9855.0,9885.0
9700.0,9718.0
9662.0,9662.0
9651.0,9654.0
9507.0,9504.0
9473.0,9467.0
9801.0,9807.0
9805.0,9832.0
9716.0,9725.0
9801.0,9816.0
9637.0,9640.0
9581.0,9578.0
9644.0,9647.0
9705.0,9711.0
9781.0,9787.0
9765.0,9783.0
9716.0,9731.0
9759.0,9771.0
9799.0,9808.0
9735.0,9750.0
9638.0,9641.0
9808.0,9823.0
9767.0,9782.0
9730.0,9742.0
9730.0,9730.0
9640.0,9631.0
9595.0,9592.0
9616.0,9613.0
9793.0,9796.0
9634.0,9652.0
9712.0,9715.0
9859.0,9868.0
9745.0,9757.0
9569.0,9551.0
9614.0,9617.0
9711.0,9717.0
9944.0,9959.0
9847.0,9865.0
9867.0,9873.0
9732.0,9729.0
9730.0,9721.0
9687.0,9690.0
9876.0,9900.0
9785.0,9791.0
9770.0,9779.0
9728.0,9728.0
9782.0,9782.0
9589.0,9583.0
9813.0,9831.0
9857.0,9872.0
9753.0,9762.0
9799.0,9811.0
9754.0,9745.0
9730.0,9733.0
9681.0,9684.0
9742.0,9745.0
9912.0,9939.0
9759.0,9774.0
9760.0,9760.0
9699.0,9690.0
9721.0,9721.0
9751.0,9745.0
9764.0,9773.0
9877.0,9895.0
9980.0,10001.0
9930.0,9939.0
9774.0,9774.0
9714.0,9714.0
9788.0,9794.0
9784.0,9784.0
10009.0,10018.0
9821.0,9830.0
9676.0,9676.0
9796.0,9793.0
9825.0,9828.0
9827.0,9833.0
9967.0,9985.0
9878.0,9884.0
9822.0,9840.0
9824.0,9833.0
9749.0,9749.0
9732.0,9738.0
9782.0,9785.0
10100.0,10115.0
9937.0,9949.0
9983.0,10007.0
9929.0,9947.0
9815.0,9818.0
9557.0,9536.0
9682.0,9676.0
9893.0,9890.0
9925.0,9937.0
9876.0,9888.0
9910.0,9919.0
9806.0,9803.0
9767.0,9767.0
9737.0,9737.0
9795.0,9795.0
10079.0,10097.0
9965.0,9986.0
9978.0,9987.0
10037.0,10046.0
9961.0,9976.0
9975.0,9987.0
9915.0,9921.0
10093.0,10117.0
9858.0,9870.0
9915.0,9924.0
9882.0,9876.0
9805.0,9805.0
9842.0,9848.0
9974.0,9992.0
9951.0,9963.0
10001.0,10019.0
10001.0,10016.0
9981.0,9984.0
9757.0,9745.0
9839.0,9836.0
9754.0,9748.0
9994.0,10012.0
9878.0,9881.0
10054.0,10075.0
9884.0,9872.0
9787.0,9784.0
9659.0,9659.0
10014.0,10029.0
10203.0,10227.0
9945.0,9948.0
9971.0,9974.0
9821.0,9815.0
9916.0,9919.0
9944.0,9956.0
9947.0,9959.0
10079.0,10100.0
9997.0,10006.0
9992.0,9983.0
9886.0,9886.0
9885.0,9879.0
9793.0,9784.0
10060.0,10072.0
10142.0,10178.0
10087.0,10111.0
10091.0,10106.0
9986.0,9986.0
9675.0,9663.0
9952.0,9958.0
10114.0,10129.0
9997.0,10009.0
10033.0,10048.0
9936.0,9945.0
9982.0,9979.0
10015.0,10018.0
10018.0,10021.0
9931.0,9922.0
10186.0,10198.0
10105.0,10114.0
10094.0,10109.0
9958.0,9949.0
9818.0,9812.0
9941.0,9941.0
10028.0,10040.0
10043.0,10055.0
10061.0,10070.0
10020.0,10026.0
10137.0,10149.0
9928.0,9925.0
9993.0,9993.0
9876.0,9867.0
10019.0,10037.0
10207.0,10225.0
9996.0,10014.0
9938.0,9935.0
10059.0,10068.0
9851.0,9842.0
9980.0,9983.0
10223.0,10247.0
10241.0,10274.0
10105.0,10108.0
9989.0,9977.0
10006.0,10012.0
9804.0,9798.0
10066.0,10075.0
10031.0,10040.0
10155.0,10170.0
10161.0,10173.0
10052.0,10046.0
10012.0,10015.0
10042.0,10042.0
10129.0,10147.0
10156.0,10165.0
10081.0,10105.0
10085.0,10082.0
9978.0,9966.0
9916.0,9913.0
9971.0,9959.0
9951.0,9951.0
10284.0,10320.0
10133.0,10142.0
10133.0,10133.0
10103.0,10112.0
9917.0,9911.0
9920.0,9917.0
9997.0,10000.0
10270.0,10282.0
10149.0,10155.0
10166.0,10184.0
10054.0,10048.0
10010.0,10001.0
10082.0,10079.0
10174.0,10192.0
10210.0,10228.0
10048.0,10054.0
10140.0,10149.0
9991.0,9985.0
9981.0,9981.0
10100.0,10100.0
10108.0,10111.0
10008.0,10011.0
10186.0,10195.0
10246.0,10267.0
10237.0,10249.0
9954.0,9942.0
10174.0,10183.0
9980.0,9986.0
10276.0,10285.0
10140.0,10155.0
10394.0,10418.0
10065.0,10059.0
9987.0,9975.0
10168.0,10168.0
10204.0,10219.0
10240.0,10252.0
10113.0,10131.0
10232.0,10238.0
10201.0,10216.0
9946.0,9931.0
10070.0,10064.0
10255.0,10267.0
10275.0,10287.0
10238.0,10250.0
10051.0,10051.0
10138.0,10138.0
10017.0,10011.0
10034.0,10034.0
10047.0,10047.0
10229.0,10253.0
10260.0,10269.0
10214.0,10232.0
10167.0,10161.0
10038.0,10032.0
10047.0,10044.0
10219.0,10225.0
10231.0,10246.0
10327.0,10351.0
10196.0,10208.0
10040.0,10028.0
10062.0,10056.0
10267.0,10270.0
10020.0,10023.0
10364.0,10376.0
10344.0,10368.0
10162.0,10156.0
10169.0,10169.0
10155.0,10161.0
10132.0,10135.0
10204.0,10213.0
10319.0,10337.0
10260.0,10269.0
10320.0,10335.0
10291.0,10309.0
10281.0,10281.0
10158.0,10158.0
10148.0,10139.0
10376.0,10403.0
10157.0,10157.0
10183.0,10192.0
10233.0,10230.0
10141.0,10141.0
10231.0,10222.0
10429.0,10453.0
10275.0,10290.0
10431.0,10446.0
10161.0,10161.0
10206.0,10200.0
10093.0,10096.0
10073.0,10061.0
10177.0,10177.0
10307.0,10325.0
10255.0,10267.0
10356.0,10359.0
10057.0,10048.0
10435.0,10447.0
10160.0,10163.0
10118.0,10118.0
10326.0,10344.0
10354.0,10378.0
10275.0,10284.0
10254.0,10254.0
10240.0,10237.0
10119.0,10116.0
10248.0,10254.0
10475.0,10502.0
10371.0,10389.0
10239.0,10236.0
10115.0,10115.0
10136.0,10121.0
10214.0,10217.0
10291.0,10300.0
10312.0,10327.0
10294.0,10294.0
10313.0,10334.0
10249.0,10243.0
10121.0,10106.0
10273.0,10282.0
10275.0,10281.0
10355.0,10364.0
10281.0,10293.0
10479.0,10494.0
10361.0,10361.0
10177.0,10177.0
10243.0,10234.0
10463.0,10475.0
10439.0,10445.0
10422.0,10437.0
10261.0,10270.0
10365.0,10359.0
10244.0,10256.0
10180.0,10180.0
10275.0,10275.0
10359.0,10371.0
10429.0,10444.0
10489.0,10492.0
10157.0,10151.0
10254.0,10242.0
10179.0,10176.0
10392.0,10401.0
10635.0,10671.0
10411.0,10429.0
10429.0,10447.0
10337.0,10334.0
10428.0,10437.0
10313.0,10310.0
10568.0,10598.0
10363.0,10363.0
10433.0,10445.0
10325.0,10337.0
10491.0,10500.0
10286.0,10286.0
9987.0,9969.0
10369.0,10378.0
10461.0,10470.0
10493.0,10514.0
10364.0,10373.0
10279.0,10270.0
10338.0,10335.0
10245.0,10245.0
10487.0,10508.0
10525.0,10549.0
10528.0,10546.0
10506.0,10515.0
10377.0,10383.0
10344.0,10347.0
10412.0,10418.0
10445.0,10457.0
10377.0,10395.0
10506.0,10515.0
10566.0,10584.0
10334.0,10331.0
10229.0,10229.0
10429.0,10420.0
10420.0,10426.0
10415.0,10427.0
10426.0,10438.0
10414.0,10411.0
10358.0,10355.0
10243.0,10234.0
10331.0,10331.0
10464.0,10473.0
10559.0,10577.0
10464.0,10479.0
10585.0,10606.0
10279.0,10276.0
10310.0,10298.0
10283.0,10274.0
10544.0,10562.0
10561.0,10582.0
10611.0,10635.0
10410.0,10413.0
10306.0,10288.0
10290.0,10281.0
10353.0,10344.0
10533.0,10548.0
10498.0,10498.0
10449.0,10464.0
10496.0,10490.0
10346.0,10343.0
10518.0,10524.0
10258.0,10255.0
10541.0,10544.0
10419.0,10425.0
10582.0,10615.0
10478.0,10484.0
10443.0,10443.0
10477.0,10480.0
10548.0,10557.0
10562.0,10577.0
10316.0,10313.0
10574.0,10592.0
10430.0,10433.0
10547.0,10544.0
10344.0,10335.0
10235.0,10220.0
10591.0,10603.0
10692.0,10710.0
10516.0,10522.0
10494.0,10500.0
10564.0,10573.0
10536.0,10539.0
10392.0,10380.0
10563.0,10572.0
10657.0,10687.0
10571.0,10583.0
10582.0,10588.0
10394.0,10394.0
10492.0,10495.0
10442.0,10445.0
10504.0,10513.0
10684.0,10708.0
10542.0,10551.0
10493.0,10496.0
10569.0,10569.0
10438.0,10441.0
10364.0,10346.0
10560.0,10578.0
10642.0,10663.0
10682.0,10700.0
10668.0,10677.0
10460.0,10457.0
10486.0,10477.0
10459.0,10462.0
10583.0,10601.0
10662.0,10683.0
10760.0,10784.0
10621.0,10624.0
10579.0,10585.0
10484.0,10481.0
10309.0,10303.0
10653.0,10668.0
10738.0,10753.0
10707.0,10731.0
10507.0,10504.0
10580.0,10592.0
10502.0,10499.0
10463.0,10460.0
10599.0,10608.0
10661.0,10673.0
10764.0,10773.0
10549.0,10552.0
10617.0,10635.0
10359.0,10341.0
10718.0,10736.0
10444.0,10438.0
10779.0,10806.0
10708.0,10738.0
10464.0,10452.0
10650.0,10650.0
10490.0,10487.0
10549.0,10555.0
10546.0,10543.0
10717.0,10726.0
10515.0,10524.0
10553.0,10553.0
10697.0,10697.0
10408.0,10399.0
10306.0,10294.0
10659.0,10668.0
10676.0,10688.0
10688.0,10706.0
10627.0,10633.0
10474.0,10465.0
10568.0,10568.0
10488.0,10488.0
10624.0,10624.0
10792.0,10810.0
10775.0,10802.0
10742.0,10751.0
10478.0,10469.0
10620.0,10614.0
10549.0,10549.0
10622.0,10628.0
10491.0,10488.0
10696.0,10711.0
10715.0,10724.0
10746.0,10746.0
10704.0,10707.0
10444.0,10432.0
10484.0,10478.0
10856.0,10877.0
10830.0,10860.0
10580.0,10577.0
10589.0,10583.0
10612.0,10606.0
10644.0,10647.0
10768.0,10783.0
10784.0,10802.0
10710.0,10716.0
10609.0,10612.0
10694.0,10700.0
10756.0,10756.0
10668.0,10674.0
10559.0,10556.0
10861.0,10891.0
10773.0,10773.0
10598.0,10604.0
10689.0,10683.0
10633.0,10633.0
10734.0,10749.0
10673.0,10676.0
10689.0,10701.0
10651.0,10654.0
10594.0,10600.0
10753.0,10756.0
10633.0,10636.0
10594.0,10597.0
10610.0,10607.0
10659.0,10671.0
10758.0,10785.0
10788.0,10797.0
10680.0,10680.0
10782.0,10785.0
10837.0,10852.0
10834.0,10852.0
11017.0,11041.0
10777.0,10801.0
10767.0,10773.0
10892.0,10895.0
10764.0,10764.0
10589.0,10583.0
10653.0,10662.0
10845.0,10857.0
10727.0,10736.0
10835.0,10850.0
10941.0,10965.0
10701.0,10701.0
10699.0,10693.0
10776.0,10779.0
10797.0,10806.0
10846.0,10873.0
10745.0,10754.0
10737.0,10734.0
10583.0,10565.0
10641.0,10644.0
10648.0,10654.0
10906.0,10927.0
10874.0,10883.0
10777.0,10780.0
10663.0,10657.0
10706.0,10700.0
10538.0,10535.0
10623.0,10620.0
10752.0,10752.0
10983.0,11001.0
10787.0,10802.0
10746.0,10740.0
10672.0,10666.0
10689.0,10695.0
10924.0,10933.0
10826.0,10838.0
10873.0,10885.0
10825.0,10831.0
10838.0,10844.0
10768.0,10780.0
10769.0,10775.0
10897.0,10909.0
10852.0,10864.0
10804.0,10816.0
10972.0,10996.0
10800.0,10800.0
10761.0,10767.0
10581.0,10569.0
10801.0,10807.0
10862.0,10865.0
10915.0,10921.0
10746.0,10740.0
10918.0,10912.0
10891.0,10897.0
10715.0,10715.0
10778.0,10769.0
10847.0,10850.0
10798.0,10813.0
10896.0,10908.0
10818.0,10818.0
10753.0,10756.0
10767.0,10761.0
10851.0,10845.0
11018.0,11042.0
11061.0,11073.0
10811.0,10814.0
10887.0,10896.0
10843.0,10840.0
10596.0,10587.0
10956.0,10971.0
10944.0,10968.0
10925.0,10940.0
10951.0,10963.0
10981.0,10990.0
11017.0,11026.0
10789.0,10789.0
10875.0,10884.0
10948.0,10963.0
10843.0,10864.0
11025.0,11046.0
10865.0,10871.0
10784.0,10775.0
10646.0,10637.0
11013.0,11028.0
10884.0,10896.0
10876.0,10885.0
10823.0,10820.0
10824.0,10824.0
10967.0,10976.0
10836.0,10833.0
10864.0,10867.0
11008.0,11020.0
10981.0,10993.0
10954.0,10957.0
10912.0,10915.0
10713.0,10707.0
10721.0,10706.0
10905.0,10908.0
11124.0,11148.0
11042.0,11069.0
10897.0,10900.0
10982.0,10991.0
10890.0,10884.0
11013.0,11037.0
11014.0,11017.0
11002.0,11005.0
10992.0,11007.0
10905.0,10917.0
10857.0,10857.0
10915.0,10924.0
10824.0,10818.0
10972.0,10981.0
11012.0,11030.0
11230.0,11251.0
10793.0,10790.0
10917.0,10911.0
10891.0,10882.0
10961.0,10973.0
11012.0,11021.0
10923.0,10923.0
11061.0,11085.0
10950.0,10953.0
11108.0,11117.0
10997.0,11003.0
11097.0,11103.0
10848.0,10839.0
11080.0,11083.0
10921.0,10933.0
11027.0,11033.0
10968.0,10968.0
11005.0,11020.0
10833.0,10821.0
11089.0,11101.0
10952.0,10964.0
11102.0,11166.0
11033.0,11060.0
11081.0,11103.0
10970.0,10942.0
10911.0,10888.0
10918.0,11024.0
11059.0,10974.0
11127.0,11203.0
11078.0,10997.0
11085.0,11121.0
10901.0,10798.0
10963.0,11111.0
10962.0,10931.0
11165.0,11203.0
10951.0,10898.0
10928.0,10960.0
11064.0,11017.0
10907.0,10903.0
10896.0,10943.0
10983.0,10990.0
11026.0,10991.0
11182.0,11227.0
11052.0,11038.0
11044.0,11018.0
10984.0,10915.0
11015.0,11101.0
11100.0,11156.0
11187.0,11181.0
11036.0,11004.0
11032.0,11055.0
10999.0,10959.0
10965.0,10933.0
10945.0,10971.0
11283.0,11375.0
11143.0,11058.0
11099.0,11089.0
11041.0,11123.0
11207.0,11130.0
10993.0,11016.0
11077.0,11126.0
10927.0,10933.0
11050.0,11010.0
11320.0,11355.0
11227.0,11217.0
11089.0,11064.0
11085.0,11003.0
11041.0,11181.0
11045.0,11008.0
11086.0,11159.0
11244.0,11183.0
