agg_orders_level_0,agg_orders_level_1
4012.0,16048.0
4120.0,16264.0
4180.0,12680.0
4120.0,552.0
0.0,0.0
0.0,0.0
0.0,0.0
0.0,0.0
0.0,0.0
0.0,0.0
0.0,0.0
105.0,0.0
807.0,0.0
1689.0,0.0
1897.0,0.0
1364.0,0.0
570.0,0.0
271.0,0.0
711.0,0.0
1413.0,0.0
1634.0,0.0
1282.0,0.0
736.0,0.0
576.0,0.0
973.0,0.0
1448.0,0.0
1418.0,0.0
917.0,0.0
549.0,0.0
769.0,0.0
1374.0,0.0
1694.0,0.0
1353.0,123.0
640.0,164.0
385.0,31.0
724.0,540.0
1455.0,1992.0
1855.0,3379.0
1496.0,2915.0
714.0,336.0
275.0,0.0
508.0,0.0
1321.0,0.0
1974.0,973.0
1838.0,2867.0
989.0,2871.0
267.0,339.0
295.0,0.0
1007.0,0.0
1840.0,363.0
2022.0,2189.0
1365.0,3207.0
475.0,1217.0
259.0,0.0
747.0,0.0
1559.0,0.0
1960.0,755.0
1635.0,2473.0
863.0,2645.0
380.0,635.0
625.0,0.0
1312.0,122.0
1767.0,1292.0
1585.0,2863.0
1034.0,2625.0
669.0,580.0
790.0,0.0
1236.0,25.0
1541.0,792.0
1379.0,2139.0
990.0,2353.0
832.0,1101.0
1084.0,17.0
1448.0,513.0
1530.0,1629.0
1151.0,2303.0
724.0,1567.0
722.0,471.0
1266.0,0.0
1787.0,830.0
1740.0,2652.0
1103.0,2949.0
469.0,1129.0
403.0,0.0
1109.0,0.0
1941.0,195.0
2053.0,2230.0
1325.0,3412.0
435.0,1541.0
268.0,0.0
903.0,0.0
1865.0,210.0
2209.0,1901.0
1600.0,3367.0
617.0,2031.0
223.0,15.0
708.0,0.0
1624.0,0.0
2129.0,1274.0
1780.0,3174.0
936.0,2828.0
398.0,232.0
630.0,0.0
1342.0,30.0
1852.0,821.0
1738.0,2528.0
1204.0,2939.0
758.0,1282.0
807.0,15.0
1234.0,101.0
1563.0,650.0
1444.0,1836.0
1127.0,2349.0
1018.0,1537.0
1218.0,579.0
1466.0,656.0
1449.0,1534.0
1168.0,1711.0
914.0,1346.0
1006.0,1011.0
1396.0,863.0
1731.0,1164.0
1609.0,2031.0
1105.0,1986.0
659.0,1069.0
746.0,624.0
1344.0,845.0
1910.0,1082.0
1907.0,1974.0
1281.0,2225.0
596.0,860.0
522.0,160.0
1125.0,548.0
1911.0,1299.0
2147.0,2751.0
1576.0,3112.0
746.0,1129.0
499.0,0.0
906.0,127.0
1648.0,601.0
2029.0,1745.0
1758.0,3014.0
1137.0,2426.0
693.0,444.0
850.0,0.0
1376.0,132.0
1753.0,1201.0
1659.0,2729.0
1264.0,2832.0
985.0,1056.0
1089.0,0.0
1409.0,284.0
1556.0,1243.0
1386.0,2324.0
1137.0,2258.0
1093.0,1249.0
1356.0,80.0
1616.0,761.0
1541.0,1913.0
1111.0,2287.0
837.0,1427.0
1054.0,644.0
1672.0,325.0
2054.0,1681.0
1766.0,3170.0
968.0,2453.0
460.0,543.0
757.0,0.0
1689.0,0.0
2379.0,1572.0
2094.0,3754.0
1092.0,3282.0
314.0,251.0
481.0,0.0
1412.0,0.0
2301.0,399.0
2316.0,2843.0
1465.0,3965.0
513.0,1567.0
373.0,0.0
1112.0,0.0
2040.0,11.0
2339.0,1915.0
1773.0,3773.0
905.0,2743.0
504.0,235.0
952.0,0.0
1767.0,0.0
2130.0,1265.0
1784.0,3153.0
1099.0,2999.0
753.0,622.0
1055.0,0.0
1658.0,295.0
1912.0,1511.0
1627.0,2923.0
1123.0,2551.0
967.0,1042.0
1311.0,86.0
1782.0,518.0
1845.0,1838.0
1376.0,2732.0
873.0,1870.0
890.0,766.0
1462.0,153.0
2050.0,802.0
2033.0,2737.0
1389.0,3344.0
723.0,1763.0
646.0,124.0
1329.0,0.0
2198.0,300.0
2369.0,2705.0
1636.0,4089.0
692.0,1996.0
401.0,0.0
1058.0,0.0
2084.0,207.0
2503.0,2021.0
1968.0,3870.0
936.0,2733.0
406.0,137.0
838.0,0.0
1764.0,0.0
2343.0,1300.0
2157.0,3585.0
1369.0,3646.0
701.0,954.0
765.0,0.0
1417.0,0.0
2041.0,662.0
2102.0,2491.0
1624.0,3501.0
1092.0,2140.0
963.0,101.0
1315.0,23.0
1725.0,724.0
1791.0,2075.0
1479.0,2870.0
1241.0,2151.0
1328.0,755.0
1605.0,388.0
1728.0,1151.0
1506.0,2031.0
1216.0,2112.0
1229.0,1854.0
1582.0,911.0
1967.0,853.0
1911.0,1978.0
1380.0,2480.0
912.0,1671.0
974.0,1027.0
1565.0,431.0
2159.0,878.0
2206.0,2757.0
1589.0,3516.0
855.0,1568.0
749.0,560.0
1339.0,6.0
2134.0,281.0
2391.0,2569.0
1860.0,4232.0
994.0,2637.0
646.0,283.0
1089.0,0.0
1923.0,0.0
2376.0,1451.0
2023.0,3598.0
1259.0,3422.0
796.0,1205.0
1090.0,0.0
1815.0,0.0
2149.0,933.0
1836.0,2871.0
1343.0,3317.0
1142.0,2116.0
1402.0,338.0
1812.0,154.0
1904.0,1027.0
1572.0,2317.0
1244.0,2570.0
1296.0,2184.0
1656.0,1040.0
1964.0,727.0
1823.0,1309.0
1390.0,1845.0
1061.0,1776.0
1223.0,2066.0
1821.0,1385.0
2269.0,1359.0
2023.0,1949.0
1288.0,1882.0
801.0,1182.0
974.0,1316.0
1759.0,1222.0
2466.0,1541.0
2400.0,2811.0
1578.0,2872.0
774.0,938.0
708.0,0.0
1450.0,253.0
2364.0,1431.0
2556.0,3862.0
1838.0,4333.0
933.0,1356.0
654.0,0.0
1246.0,0.0
2166.0,0.0
2564.0,2285.0
2140.0,4533.0
1278.0,3518.0
772.0,516.0
1108.0,0.0
1868.0,0.0
2372.0,1051.0
2160.0,3247.0
1485.0,3717.0
1042.0,1986.0
1227.0,0.0
1809.0,108.0
2184.0,1183.0
1938.0,2851.0
1369.0,3053.0
1189.0,2060.0
1573.0,478.0
2077.0,342.0
2096.0,1615.0
1599.0,2819.0
1068.0,2248.0
1170.0,1570.0
1849.0,565.0
2368.0,1006.0
2232.0,2745.0
1533.0,3296.0
922.0,1766.0
964.0,581.0
1704.0,299.0
2464.0,902.0
2573.0,3292.0
1816.0,4246.0
955.0,1845.0
731.0,0.0
1409.0,0.0
2369.0,477.0
2720.0,3047.0
2134.0,4792.0
1132.0,2833.0
666.0,350.0
1195.0,0.0
2148.0,0.0
2644.0,1471.0
2293.0,3880.0
1480.0,3901.0
949.0,1445.0
1177.0,0.0
1846.0,34.0
2297.0,1346.0
2145.0,3055.0
1666.0,3403.0
1314.0,2248.0
1361.0,463.0
1747.0,43.0
2049.0,1176.0
1971.0,2597.0
1661.0,3122.0
1509.0,2614.0
1649.0,1114.0
1902.0,387.0
2001.0,1493.0
1769.0,2240.0
1455.0,2100.0
1388.0,2252.0
1763.0,1377.0
2246.0,910.0
2231.0,2094.0
1693.0,2602.0
1171.0,1795.0
1235.0,1696.0
1852.0,1161.0
2456.0,1077.0
2414.0,2578.0
1757.0,3158.0
1125.0,1653.0
1012.0,1168.0
1611.0,865.0
2342.0,547.0
2544.0,2354.0
2033.0,3920.0
1287.0,2817.0
1039.0,1222.0
1483.0,449.0
2185.0,0.0
2482.0,1630.0
2147.0,3813.0
1526.0,3713.0
1188.0,1680.0
1420.0,275.0
1974.0,0.0
2278.0,1344.0
2111.0,3199.0
1700.0,3595.0
1478.0,2240.0
1589.0,809.0
1917.0,57.0
2044.0,1302.0
1884.0,2563.0
1640.0,2933.0
1665.0,2385.0
1965.0,1528.0
2132.0,795.0
1971.0,1764.0
1584.0,2331.0
1357.0,1643.0
1613.0,1778.0
2148.0,1785.0
2445.0,2133.0
2191.0,2579.0
1570.0,2347.0
1170.0,712.0
1343.0,953.0
1977.0,1534.0
2586.0,2485.0
2548.0,3583.0
1861.0,2995.0
1155.0,728.0
1050.0,73.0
1691.0,606.0
2524.0,1921.0
2766.0,4204.0
2166.0,4517.0
1285.0,1558.0
949.0,0.0
1473.0,0.0
2337.0,551.0
2735.0,2961.0
2344.0,4850.0
1574.0,3463.0
1149.0,166.0
1386.0,0.0
2039.0,0.0
2464.0,1930.0
2309.0,4339.0
1805.0,4242.0
1464.0,1658.0
1572.0,0.0
1975.0,0.0
2218.0,1144.0
2084.0,3296.0
1797.0,3977.0
1680.0,2673.0
1877.0,840.0
2153.0,389.0
2156.0,1409.0
1837.0,2521.0
1554.0,2662.0
1628.0,2663.0
2061.0,1733.0
2436.0,1108.0
2352.0,1731.0
1798.0,2420.0
1301.0,1856.0
1333.0,2125.0
1938.0,1606.0
2586.0,1412.0
2654.0,2472.0
2061.0,3161.0
1325.0,1946.0
1168.0,1402.0
1700.0,1083.0
2448.0,1109.0
2733.0,2451.0
2305.0,3723.0
1548.0,2792.0
1155.0,1055.0
1490.0,453.0
2250.0,698.0
2747.0,2367.0
2532.0,4317.0
1791.0,3749.0
1267.0,1423.0
1438.0,0.0
2103.0,0.0
2537.0,1706.0
2380.0,3985.0
1894.0,4205.0
1588.0,2307.0
1686.0,631.0
2019.0,0.0
2254.0,1184.0
2150.0,2738.0
1919.0,3521.0
1865.0,3263.0
2030.0,2052.0
2158.0,364.0
2113.0,1291.0
1855.0,1922.0
1679.0,1992.0
1816.0,2880.0
2231.0,2859.0
2542.0,1807.0
2370.0,1779.0
1813.0,1809.0
1313.0,874.0
1434.0,2210.0
2153.0,2746.0
2854.0,2446.0
2792.0,2588.0
1994.0,2296.0
1198.0,706.0
1195.0,1326.0
1901.0,2075.0
2737.0,2270.0
2889.0,3089.0
2253.0,3136.0
1445.0,1474.0
1234.0,577.0
1758.0,1226.0
2511.0,1948.0
2762.0,3284.0
2359.0,3791.0
1701.0,2204.0
1402.0,651.0
1741.0,1131.0
2324.0,1087.0
2558.0,2372.0
2279.0,3652.0
1828.0,3132.0
1686.0,1739.0
1958.0,1430.0
2332.0,1058.0
2406.0,1489.0
2047.0,2850.0
1672.0,2737.0
1764.0,2263.0
2266.0,2075.0
2615.0,1712.0
2364.0,1833.0
1714.0,2572.0
1355.0,1857.0
1694.0,1391.0
2530.0,1904.0
3001.0,2806.0
2618.0,3572.0
1683.0,2616.0
1070.0,992.0
1404.0,604.0
2428.0,1105.0
3227.0,2786.0
2991.0,4768.0
1914.0,3904.0
1012.0,725.0
1112.0,0.0
2107.0,303.0
3130.0,1915.0
3219.0,4804.0
2320.0,5277.0
1213.0,1622.0
965.0,0.0
1737.0,0.0
2843.0,539.0
3276.0,3540.0
2658.0,5775.0
1568.0,3771.0
1065.0,0.0
1606.0,0.0
2588.0,0.0
3055.0,2455.0
2633.0,5200.0
1820.0,4577.0
1410.0,1134.0
1751.0,0.0
2450.0,0.0
2777.0,1974.0
2400.0,4450.0
1761.0,4241.0
1610.0,1601.0
2078.0,159.0
2662.0,342.0
2738.0,2890.0
2170.0,4746.0
1548.0,3376.0
1544.0,1087.0
2207.0,149.0
2925.0,839.0
2959.0,3745.0
2173.0,5111.0
1298.0,2588.0
1258.0,337.0
2148.0,0.0
3152.0,1102.0
3239.0,4485.0
2290.0,5717.0
1230.0,2362.0
1050.0,0.0
1933.0,0.0
3058.0,458.0
3416.0,3824.0
2575.0,6033.0
1373.0,3498.0
998.0,0.0
1741.0,0.0
2846.0,20.0
3305.0,2837.0
2781.0,5730.0
1775.0,4644.0
1233.0,596.0
1620.0,0.0
2514.0,0.0
3040.0,1965.0
2761.0,4866.0
2009.0,4930.0
1554.0,2015.0
1794.0,0.0
2427.0,0.0
2781.0,1543.0
2514.0,4165.0
1961.0,4611.0
1759.0,2609.0
2132.0,497.0
2654.0,295.0
2744.0,2082.0
2258.0,3977.0
1694.0,3589.0
1743.0,2328.0
2401.0,1082.0
2959.0,758.0
2825.0,2615.0
2063.0,3922.0
1410.0,2665.0
1553.0,1397.0
2424.0,961.0
3237.0,1867.0
3178.0,4212.0
2225.0,4626.0
1309.0,1651.0
1290.0,746.0
2222.0,764.0
3225.0,1257.0
3394.0,4047.0
2559.0,5453.0
1477.0,2831.0
1189.0,100.0
1930.0,330.0
2983.0,1105.0
3340.0,3527.0
2721.0,5271.0
1743.0,3471.0
1351.0,353.0
1904.0,0.0
2805.0,585.0
3115.0,3455.0
2609.0,5603.0
1887.0,4051.0
1691.0,858.0
2162.0,0.0
2738.0,533.0
2819.0,2845.0
2312.0,4708.0
1783.0,3658.0
1895.0,1252.0
2512.0,321.0
2982.0,1404.0
2809.0,3901.0
2060.0,4601.0
1471.0,2139.0
1726.0,681.0
2711.0,611.0
3401.0,2572.0
3067.0,5116.0
1969.0,4521.0
1132.0,849.0
1436.0,0.0
2647.0,362.0
3639.0,2821.0
3402.0,5993.0
2162.0,5370.0
1111.0,650.0
1229.0,0.0
2406.0,0.0
3529.0,1476.0
3586.0,5230.0
2509.0,6339.0
1337.0,2362.0
1153.0,0.0
2132.0,0.0
3276.0,258.0
3576.0,3810.0
2764.0,6428.0
1654.0,4236.0
1294.0,0.0
2020.0,0.0
3044.0,50.0
3346.0,3196.0
2728.0,5994.0
1836.0,4626.0
1590.0,638.0
2161.0,0.0
2980.0,179.0
3154.0,3185.0
2481.0,5575.0
1758.0,4136.0
1775.0,982.0
2473.0,0.0
3129.0,846.0
3047.0,3871.0
2247.0,5308.0
1567.0,2964.0
1730.0,437.0
2627.0,152.0
3401.0,2005.0
3208.0,5165.0
2197.0,5385.0
1360.0,1735.0
1517.0,2.0
2573.0,0.0
3559.0,1995.0
3527.0,5686.0
2462.0,6209.0
1342.0,1775.0
1277.0,0.0
2302.0,0.0
3493.0,745.0
3700.0,4641.0
2731.0,6723.0
1541.0,3539.0
1234.0,0.0
2048.0,0.0
3223.0,257.0
3642.0,3412.0
2947.0,6230.0
1887.0,4673.0
1463.0,513.0
1982.0,0.0
2901.0,274.0
3281.0,2780.0
2869.0,5503.0
2147.0,4874.0
1833.0,1452.0
2173.0,0.0
2776.0,264.0
2995.0,2706.0
2634.0,5180.0
2115.0,4597.0
2020.0,1754.0
2478.0,429.0
2998.0,641.0
2985.0,3082.0
2380.0,4885.0
1803.0,3574.0
1927.0,1471.0
2712.0,807.0
3382.0,1621.0
3193.0,4119.0
2265.0,4799.0
1537.0,2145.0
1716.0,1222.0
2688.0,979.0
3573.0,1924.0
3470.0,4559.0
2446.0,5133.0
1518.0,2004.0
1547.0,759.0
2502.0,916.0
3488.0,1636.0
3617.0,4426.0
2744.0,5626.0
1663.0,2799.0
1407.0,240.0
2225.0,587.0
3297.0,1289.0
3634.0,4078.0
2982.0,5911.0
1949.0,3746.0
1556.0,0.0
2127.0,289.0
3040.0,1101.0
3398.0,3821.0
2924.0,5776.0
2143.0,4106.0
1895.0,567.0
2373.0,392.0
3034.0,1109.0
3151.0,3622.0
2640.0,5241.0
2077.0,3704.0
2079.0,635.0
2662.0,757.0
3198.0,1979.0
3100.0,4394.0
2430.0,4893.0
1889.0,2364.0
2023.0,129.0
2829.0,1202.0
3447.0,3269.0
3289.0,5444.0
2377.0,4580.0
1608.0,1548.0
1737.0,0.0
2715.0,579.0
3707.0,2695.0
3696.0,5956.0
2645.0,5962.0
1532.0,1811.0
1386.0,0.0
2403.0,0.0
3623.0,1232.0
3946.0,5107.0
3032.0,7011.0
1705.0,3529.0
1217.0,0.0
2048.0,0.0
3358.0,211.0
3976.0,3556.0
3290.0,6771.0
2067.0,5246.0
1433.0,234.0
1938.0,0.0
3021.0,0.0
3663.0,2938.0
3273.0,6355.0
2342.0,5775.0
1748.0,1102.0
2066.0,0.0
2946.0,0.0
3465.0,2636.0
3114.0,5874.0
2284.0,5530.0
1904.0,1653.0
2336.0,0.0
3108.0,49.0
3403.0,3168.0
2895.0,6090.0
2100.0,5002.0
1886.0,1200.0
2572.0,0.0
3439.0,535.0
3567.0,4218.0
2782.0,6517.0
1825.0,4060.0
1644.0,277.0
2486.0,0.0
3616.0,880.0
3875.0,4903.0
3029.0,7132.0
1833.0,3986.0
1427.0,0.0
2214.0,0.0
3495.0,124.0
4089.0,4125.0
3391.0,7524.0
2047.0,5394.0
1330.0,174.0
1911.0,0.0
3240.0,0.0
4061.0,2764.0
3642.0,6582.0
2373.0,6183.0
1455.0,1239.0
1777.0,0.0
2959.0,0.0
3817.0,2035.0
3571.0,5766.0
2576.0,6347.0
1814.0,2467.0
1984.0,64.0
2883.0,0.0
3545.0,1940.0
3330.0,5215.0
2557.0,5876.0
2061.0,2905.0
2354.0,605.0
3039.0,0.0
3380.0,2262.0
2999.0,5096.0
2296.0,5150.0
2037.0,2467.0
2581.0,1007.0
3432.0,373.0
3627.0,3137.0
2899.0,5701.0
1944.0,4472.0
1724.0,1698.0
2568.0,786.0
3734.0,523.0
4013.0,3894.0
3063.0,6530.0
1799.0,4371.0
1461.0,1129.0
2406.0,217.0
3704.0,137.0
4141.0,3852.0
3309.0,7148.0
1975.0,5227.0
1423.0,491.0
2131.0,0.0
3413.0,0.0
4074.0,3306.0
3539.0,7005.0
2382.0,6089.0
1684.0,1097.0
2075.0,0.0
3120.0,0.0
3761.0,2366.0
3438.0,5960.0
2567.0,6213.0
1995.0,2215.0
2338.0,245.0
3172.0,0.0
3579.0,2488.0
3150.0,5766.0
2397.0,5731.0
2175.0,2481.0
2701.0,777.0
3389.0,172.0
3485.0,2630.0
2881.0,5423.0
2210.0,5023.0
2177.0,2077.0
2874.0,1194.0
3618.0,1085.0
3593.0,3578.0
2779.0,5310.0
1935.0,3635.0
1952.0,1680.0
2862.0,1341.0
3867.0,1739.0
3969.0,4391.0
3003.0,5727.0
1863.0,3147.0
1606.0,898.0
2509.0,868.0
3779.0,1472.0
4244.0,4665.0
3432.0,6753.0
2098.0,4154.0
1497.0,124.0
2207.0,20.0
3534.0,914.0
4209.0,4458.0
3701.0,7417.0
2466.0,5429.0
1673.0,160.0
2090.0,0.0
3237.0,0.0
3982.0,3241.0
3678.0,7087.0
2662.0,6556.0
1944.0,1542.0
2150.0,0.0
3062.0,0.0
3732.0,2067.0
3529.0,5728.0
2684.0,6397.0
2155.0,2752.0
2475.0,250.0
3244.0,0.0
3646.0,2686.0
3255.0,6037.0
2453.0,5812.0
2089.0,2289.0
2616.0,374.0
3543.0,496.0
3895.0,3431.0
3263.0,6282.0
2189.0,4996.0
1790.0,1607.0
2554.0,196.0
3789.0,834.0
4235.0,4323.0
3449.0,7030.0
2144.0,4799.0
1609.0,1341.0
2338.0,0.0
3666.0,522.0
4333.0,3575.0
3726.0,6915.0
2388.0,5692.0
1601.0,1535.0
2091.0,0.0
3388.0,171.0
4286.0,2812.0
3945.0,6766.0
2693.0,6663.0
1774.0,2251.0
2024.0,83.0
3118.0,0.0
4027.0,2278.0
3881.0,5704.0
2923.0,6409.0
2136.0,2882.0
2240.0,1036.0
3065.0,0.0
3687.0,2359.0
3537.0,4967.0
2810.0,5478.0
2371.0,3273.0
2625.0,1894.0
3307.0,160.0
3650.0,2767.0
3262.0,4901.0
2588.0,4750.0
2348.0,2784.0
2840.0,2107.0
3552.0,1053.0
3744.0,3501.0
3168.0,5041.0
2344.0,3674.0
2120.0,2105.0
2785.0,2076.0
3790.0,1696.0
4129.0,3856.0
3360.0,5393.0
2209.0,3707.0
1788.0,2108.0
2552.0,1922.0
3807.0,1021.0
4385.0,3219.0
3677.0,5881.0
2342.0,4988.0
1713.0,2131.0
2322.0,1563.0
3595.0,275.0
4318.0,2501.0
3857.0,6003.0
2701.0,6231.0
1936.0,2436.0
2254.0,1154.0
3274.0,0.0
4024.0,2289.0
3805.0,5668.0
2963.0,6410.0
2317.0,3161.0
2431.0,1462.0
3194.0,0.0
3788.0,2148.0
3550.0,4929.0
2810.0,5647.0
2400.0,3223.0
2734.0,2061.0
3466.0,424.0
3816.0,2904.0
3355.0,5317.0
2543.0,4773.0
2291.0,2417.0
2932.0,2308.0
3815.0,1522.0
4035.0,3358.0
3276.0,5238.0
2251.0,3714.0
1987.0,1730.0
2858.0,2063.0
4086.0,2147.0
4409.0,4349.0
3460.0,5750.0
2175.0,3524.0
1779.0,1628.0
2618.0,1758.0
3935.0,1569.0
4552.0,3756.0
3800.0,6115.0
2406.0,4737.0
1698.0,1485.0
2315.0,1006.0
3670.0,393.0
4525.0,3502.0
4049.0,7334.0
2755.0,6603.0
1876.0,1729.0
2248.0,152.0
3474.0,0.0
4311.0,2518.0
3976.0,6662.0
2845.0,7037.0
2111.0,2639.0
2420.0,395.0
3420.0,57.0
4071.0,2911.0
3680.0,5889.0
2805.0,5827.0
2368.0,2828.0
2800.0,1523.0
3602.0,560.0
3955.0,3286.0
3485.0,5394.0
2640.0,4764.0
2311.0,2509.0
2891.0,1685.0
3867.0,1079.0
4203.0,4337.0
3528.0,6221.0
2439.0,4291.0
2044.0,2315.0
2792.0,1270.0
4050.0,789.0
4545.0,3960.0
3736.0,6708.0
2320.0,5020.0
1727.0,2266.0
2585.0,647.0
4041.0,510.0
4749.0,3748.0
3976.0,7083.0
2497.0,5800.0
1700.0,2382.0
2320.0,440.0
3777.0,112.0
4669.0,3004.0
4225.0,6734.0
2892.0,6646.0
1925.0,2652.0
2212.0,694.0
3437.0,0.0
4388.0,2790.0
4167.0,6029.0
3094.0,6397.0
2249.0,2937.0
2410.0,1499.0
3374.0,176.0
4122.0,2974.0
3923.0,5464.0
3008.0,5459.0
2424.0,2883.0
2734.0,2129.0
3604.0,607.0
4076.0,3733.0
3651.0,5579.0
2744.0,4429.0
2378.0,2712.0
3011.0,2253.0
4014.0,1243.0
4280.0,4258.0
3459.0,5559.0
2352.0,3473.0
2148.0,2489.0
3071.0,2214.0
4278.0,1623.0
4524.0,4485.0
3555.0,5815.0
2271.0,3553.0
1940.0,2537.0
2878.0,2105.0
4247.0,1137.0
4683.0,3922.0
3847.0,6117.0
2461.0,4632.0
1858.0,2498.0
2611.0,1785.0
3978.0,268.0
4691.0,3268.0
4084.0,6614.0
2782.0,6144.0
2066.0,2699.0
2589.0,1503.0
3764.0,14.0
4434.0,2879.0
3974.0,5989.0
2933.0,6091.0
2338.0,2831.0
2780.0,1982.0
3760.0,431.0
4228.0,3300.0
3716.0,5537.0
2834.0,5119.0
2532.0,2771.0
3075.0,2404.0
3892.0,1311.0
4125.0,3824.0
3485.0,5499.0
2627.0,3889.0
2547.0,2176.0
3362.0,2521.0
4279.0,2591.0
4314.0,4446.0
3367.0,5614.0
2328.0,3008.0
2225.0,1911.0
3228.0,2295.0
4449.0,2532.0
4694.0,4824.0
3676.0,6060.0
2346.0,3534.0
1983.0,1963.0
2963.0,1944.0
4351.0,1766.0
4834.0,4160.0
3949.0,6491.0
2542.0,4833.0
1951.0,1972.0
2699.0,1232.0
4046.0,688.0
4766.0,3667.0
4230.0,7385.0
2944.0,6674.0
2084.0,2255.0
2477.0,299.0
3729.0,359.0
4608.0,3035.0
4318.0,6926.0
3211.0,7146.0
2376.0,2693.0
2601.0,697.0
3594.0,418.0
4350.0,3273.0
4085.0,6224.0
3124.0,6123.0
2509.0,2828.0
2898.0,1483.0
3844.0,936.0
4331.0,3780.0
3816.0,5923.0
2832.0,4975.0
2438.0,2672.0
3111.0,1611.0
4182.0,1530.0
4540.0,4693.0
3803.0,6418.0
2663.0,4356.0
2229.0,2473.0
2976.0,1215.0
4230.0,1343.0
4765.0,4406.0
4035.0,6906.0
2724.0,5172.0
2053.0,2500.0
2736.0,599.0
4155.0,1029.0
4935.0,4209.0
4328.0,7305.0
2899.0,5967.0
2002.0,2584.0
2488.0,500.0
3900.0,483.0
4872.0,3359.0
4491.0,6929.0
3187.0,6773.0
2252.0,2819.0
2528.0,817.0
3642.0,338.0
4495.0,3290.0
4312.0,6298.0
3428.0,6488.0
2659.0,3354.0
2735.0,1650.0
3538.0,539.0
4215.0,3266.0
4095.0,5461.0
3396.0,5543.0
2903.0,3316.0
3074.0,2326.0
3664.0,1014.0
4057.0,4099.0
3801.0,5597.0
3183.0,4458.0
2906.0,2903.0
3344.0,2558.0
4041.0,1886.0
4230.0,4677.0
3659.0,5509.0
2875.0,3466.0
2659.0,2789.0
3297.0,2423.0
4252.0,2031.0
4528.0,5041.0
3805.0,5964.0
2768.0,3592.0
2432.0,2816.0
3093.0,2298.0
4181.0,1401.0
4723.0,4298.0
4169.0,6211.0
3040.0,4949.0
2407.0,2948.0
2785.0,1973.0
3856.0,679.0
4627.0,3636.0
4426.0,6314.0
3438.0,6180.0
2570.0,3115.0
2675.0,1921.0
3643.0,539.0
4489.0,3315.0
4387.0,5823.0
3513.0,6101.0
2751.0,3275.0
2874.0,2350.0
3686.0,608.0
4315.0,3593.0
4132.0,5822.0
3425.0,5538.0
2996.0,3248.0
3253.0,2535.0
3871.0,1253.0
4177.0,3979.0
3808.0,5503.0
3176.0,4440.0
2971.0,2799.0
3451.0,2790.0
4173.0,2305.0
4396.0,4862.0
3845.0,5703.0
2995.0,3620.0
2647.0,2712.0
3227.0,2587.0
4285.0,2279.0
4753.0,4634.0
4112.0,5847.0
2950.0,4135.0
2368.0,2759.0
2989.0,1928.0
4225.0,1185.0
4966.0,4697.0
4439.0,7388.0
3119.0,5790.0
2262.0,2776.0
2709.0,966.0
4012.0,580.0
4961.0,3469.0
4622.0,6916.0
3425.0,6900.0
2467.0,2969.0
2651.0,969.0
3762.0,524.0
4685.0,3697.0
4617.0,6784.0
3691.0,6842.0
2765.0,3479.0
2752.0,1511.0
3594.0,579.0
4401.0,3064.0
4408.0,5487.0
3669.0,6168.0
3005.0,3667.0
3084.0,2131.0
3808.0,1041.0
4397.0,4452.0
4185.0,6133.0
3412.0,5141.0
2910.0,3178.0
3289.0,2289.0
4122.0,1599.0
4541.0,4543.0
4070.0,5753.0
3136.0,4338.0
2711.0,2953.0
3269.0,1996.0
4321.0,1729.0
4820.0,5329.0
4254.0,7052.0
3142.0,4845.0
2519.0,2920.0
2928.0,1140.0
4115.0,1366.0
4978.0,4322.0
4664.0,6814.0
3423.0,5923.0
2424.0,3044.0
2615.0,1043.0
3797.0,718.0
4865.0,3904.0
4895.0,6993.0
3865.0,7026.0
2747.0,3370.0
2578.0,1362.0
3485.0,555.0
4580.0,3291.0
4816.0,5884.0
4074.0,6745.0
3125.0,3958.0
2878.0,2286.0
3513.0,526.0
4301.0,3761.0
4460.0,6140.0
3941.0,5815.0
3290.0,3625.0
3175.0,2496.0
3628.0,758.0
4131.0,3507.0
4202.0,5498.0
3778.0,5662.0
3361.0,3845.0
3412.0,2893.0
3885.0,1354.0
4281.0,4611.0
4162.0,6004.0
3563.0,4507.0
3106.0,2983.0
3326.0,2742.0
4097.0,1960.0
4610.0,4713.0
4309.0,5985.0
3425.0,4539.0
2850.0,3145.0
3159.0,2495.0
4127.0,1114.0
4795.0,4602.0
4533.0,6789.0
3590.0,5805.0
2821.0,3301.0
2957.0,2253.0
3852.0,550.0
4702.0,3421.0
4755.0,6194.0
3977.0,6834.0
3062.0,3754.0
2855.0,2356.0
3569.0,179.0
4478.0,3475.0
4772.0,6595.0
4204.0,7038.0
3312.0,4153.0
2956.0,2636.0
3442.0,0.0
4219.0,2165.0
4547.0,5295.0
4160.0,7083.0
3579.0,5367.0
3301.0,2893.0
3607.0,46.0
4135.0,2811.0
4274.0,5715.0
3884.0,6348.0
3471.0,4472.0
3479.0,3005.0
3981.0,724.0
4430.0,3373.0
4269.0,6085.0
3615.0,6000.0
3112.0,3705.0
3345.0,2567.0
4210.0,1115.0
4773.0,3824.0
4489.0,6521.0
3593.0,6306.0
2918.0,3278.0
3158.0,2205.0
4109.0,588.0
4920.0,3919.0
4759.0,7336.0
3728.0,7177.0
2826.0,3176.0
2905.0,1524.0
3881.0,142.0
4892.0,3136.0
4983.0,7325.0
4081.0,8338.0
3018.0,3943.0
2824.0,1210.0
3629.0,0.0
4627.0,2665.0
4840.0,6392.0
4202.0,8021.0
3333.0,5053.0
3082.0,1835.0
3673.0,0.0
4452.0,2534.0
4627.0,5795.0
4092.0,7449.0
3404.0,5075.0
3295.0,2437.0
3837.0,47.0
4430.0,2951.0
4488.0,6032.0
3938.0,7095.0
3354.0,4805.0
3434.0,2419.0
4073.0,74.0
4605.0,3335.0
4449.0,6585.0
3742.0,7028.0
3174.0,4101.0
3389.0,1859.0
4255.0,400.0
4885.0,4061.0
4585.0,7407.0
3614.0,6968.0
2908.0,3333.0
3202.0,1348.0
4232.0,458.0
5051.0,4141.0
4848.0,7763.0
3838.0,7496.0
2956.0,3267.0
2996.0,1180.0
3934.0,299.0
4944.0,3658.0
5086.0,7403.0
4204.0,8029.0
3122.0,3905.0
2859.0,1397.0
3647.0,0.0
4735.0,3060.0
5068.0,6658.0
4393.0,8107.0
3399.0,4812.0
3050.0,2105.0
3598.0,0.0
4481.0,2690.0
4820.0,5823.0
4343.0,7426.0
3620.0,5223.0
3361.0,2659.0
3762.0,43.0
4348.0,3226.0
4485.0,6068.0
4069.0,6667.0
3610.0,4591.0
3687.0,2836.0
4197.0,739.0
4559.0,4061.0
4315.0,6245.0
3709.0,5822.0
3365.0,3737.0
3680.0,2734.0
4440.0,1403.0
4863.0,5023.0
4499.0,6807.0
3664.0,5445.0
3126.0,3365.0
3439.0,2607.0
4342.0,908.0
5042.0,4439.0
4828.0,7154.0
3838.0,6581.0
3029.0,3421.0
3166.0,2310.0
4147.0,271.0
5025.0,3793.0
5026.0,7257.0
4120.0,7648.0
3233.0,3819.0
3157.0,2358.0
3903.0,0.0
4769.0,3133.0
4912.0,6536.0
4342.0,7777.0
3580.0,4807.0
3329.0,2809.0
3819.0,0.0
4494.0,2741.0
4714.0,6012.0
4321.0,7376.0
3768.0,5265.0
3616.0,3099.0
3984.0,408.0
4438.0,2940.0
4492.0,6061.0
4047.0,6629.0
3631.0,4550.0
3779.0,3116.0
4321.0,1095.0
4680.0,3641.0
4428.0,6666.0
3796.0,6204.0
3410.0,3599.0
3763.0,2972.0
4569.0,1558.0
5039.0,4002.0
4595.0,6938.0
3643.0,6298.0
3082.0,3156.0
3509.0,2722.0
4553.0,1305.0
5273.0,4118.0
4953.0,7345.0
3862.0,7105.0
3000.0,3228.0
3184.0,2282.0
4267.0,281.0
5221.0,3582.0
5198.0,7754.0
4196.0,8424.0
3137.0,3760.0
3045.0,1631.0
3984.0,0.0
5020.0,3080.0
5158.0,7143.0
4363.0,8514.0
3429.0,4748.0
3311.0,2139.0
4023.0,0.0
4826.0,2801.0
4933.0,6416.0
4286.0,7985.0
3629.0,5182.0
3602.0,2436.0
4143.0,0.0
4657.0,3438.0
4640.0,6577.0
4118.0,7313.0
3657.0,4647.0
3793.0,2712.0
4408.0,546.0
4837.0,4165.0
4608.0,6837.0
3866.0,6558.0
3356.0,3937.0
3676.0,2509.0
4610.0,768.0
5240.0,4674.0
4884.0,7807.0
3830.0,6963.0
3092.0,3320.0
3355.0,1929.0
4455.0,445.0
5386.0,4237.0
5229.0,8088.0
4093.0,7972.0
3081.0,3416.0
3133.0,1556.0
4164.0,4.0
5276.0,3756.0
5429.0,8031.0
4500.0,8843.0
3338.0,4195.0
2992.0,1781.0
3809.0,0.0
4945.0,2815.0
5399.0,6435.0
4762.0,8463.0
3685.0,5661.0
3224.0,2714.0
3727.0,0.0
4700.0,2624.0
5171.0,6111.0
4760.0,7841.0
3893.0,5619.0
3453.0,2949.0
3851.0,0.0
4612.0,2985.0
4916.0,6297.0
4475.0,7536.0
3819.0,5046.0
3709.0,3078.0
4262.0,291.0
4867.0,4068.0
4850.0,7221.0
4184.0,6943.0
3565.0,3699.0
3662.0,2999.0
4416.0,870.0
5145.0,4222.0
5073.0,7290.0
4202.0,7136.0
3362.0,3593.0
3391.0,2852.0
4315.0,488.0
5293.0,4138.0
5334.0,7520.0
4381.0,7815.0
3328.0,3826.0
3205.0,2817.0
4113.0,29.0
5195.0,3435.0
5491.0,7295.0
4703.0,8484.0
3530.0,4643.0
3119.0,2884.0
3823.0,0.0
4891.0,2346.0
5405.0,6166.0
4906.0,8526.0
3938.0,6282.0
3417.0,3134.0
3777.0,0.0
4570.0,2076.0
5039.0,5626.0
4775.0,7846.0
4156.0,6400.0
3799.0,3350.0
3982.0,613.0
4545.0,2757.0
4884.0,6205.0
4638.0,7274.0
4098.0,5191.0
3834.0,3391.0
4190.0,1192.0
4732.0,3180.0
4877.0,6624.0
4410.0,7014.0
3816.0,4206.0
3767.0,3267.0
4434.0,1693.0
5187.0,3692.0
5117.0,7058.0
4248.0,7175.0
3392.0,3544.0
3422.0,2893.0
4403.0,1224.0
5457.0,3805.0
5503.0,7498.0
4476.0,8233.0
3322.0,4248.0
3150.0,2488.0
4130.0,0.0
5381.0,2880.0
5745.0,7454.0
4866.0,9548.0
3537.0,5579.0
3036.0,2098.0
3822.0,0.0
5111.0,1910.0
5708.0,5975.0
5085.0,9298.0
3867.0,7174.0
3223.0,2716.0
3767.0,0.0
4906.0,1705.0
5523.0,5493.0
5024.0,8752.0
4001.0,7268.0
3475.0,2935.0
3871.0,0.0
4788.0,2220.0
5273.0,5774.0
4821.0,8301.0
3989.0,6528.0
3708.0,3039.0
4229.0,323.0
4962.0,3241.0
5129.0,6437.0
4521.0,7669.0
3715.0,4923.0
3606.0,2879.0
4420.0,814.0
5355.0,4257.0
5425.0,7492.0
4482.0,7765.0
3404.0,4076.0
3324.0,2381.0
4382.0,489.0
5564.0,4050.0
5762.0,8034.0
4714.0,8770.0
3375.0,4358.0
3035.0,2075.0
4051.0,0.0
5494.0,2988.0
5998.0,7454.0
5077.0,9667.0
3606.0,5763.0
3001.0,2364.0
3790.0,0.0
5161.0,1905.0
5866.0,5961.0
5322.0,9296.0
4035.0,7366.0
3257.0,2968.0
3685.0,0.0
4830.0,1633.0
5600.0,5484.0
5335.0,8818.0
4315.0,7693.0
3597.0,3262.0
3833.0,0.0
4716.0,2176.0
5328.0,5840.0
5056.0,8238.0
4221.0,6647.0
3774.0,3334.0
4141.0,481.0
4937.0,3076.0
5302.0,6617.0
4841.0,7870.0
3996.0,5261.0
3736.0,3233.0
4335.0,908.0
5222.0,3701.0
5404.0,7013.0
4685.0,7730.0
3772.0,4619.0
3593.0,3111.0
4379.0,867.0
5420.0,4001.0
5669.0,7307.0
4843.0,8185.0
3695.0,4989.0
3336.0,3025.0
4143.0,188.0
5366.0,3090.0
5845.0,7037.0
5125.0,8995.0
3914.0,5836.0
3355.0,3156.0
3982.0,0.0
5137.0,2263.0
5688.0,6363.0
5186.0,8998.0
4177.0,6824.0
3633.0,3409.0
4014.0,324.0
4880.0,1936.0
5336.0,5749.0
5028.0,8200.0
4361.0,6860.0
4025.0,3595.0
4282.0,1104.0
4826.0,2683.0
5080.0,6199.0
4764.0,7347.0
4286.0,5474.0
4208.0,3574.0
4590.0,2280.0
5032.0,3511.0
4972.0,6425.0
4452.0,6510.0
4033.0,4297.0
4202.0,3450.0
4886.0,3019.0
5427.0,4677.0
5175.0,7116.0
4333.0,6272.0
3678.0,3886.0
3875.0,3148.0
4828.0,1925.0
5687.0,4231.0
5585.0,7618.0
4576.0,8027.0
3613.0,4467.0
3598.0,2936.0
4554.0,574.0
5626.0,3293.0
5800.0,7576.0
4912.0,9299.0
3831.0,5510.0
3550.0,2569.0
4280.0,79.0
5316.0,2560.0
5726.0,6869.0
5191.0,9644.0
4198.0,6973.0
3668.0,2680.0
4086.0,0.0
5006.0,1996.0
5540.0,5828.0
5244.0,9224.0
4442.0,7874.0
3977.0,3214.0
4235.0,93.0
4960.0,2437.0
5333.0,6087.0
4952.0,8453.0
4308.0,6698.0
4112.0,3326.0
4573.0,929.0
5226.0,3530.0
5304.0,6813.0
4702.0,7707.0
4038.0,4908.0
4061.0,3214.0
4771.0,1685.0
5499.0,4390.0
5456.0,7264.0
4659.0,7554.0
3856.0,4608.0
3823.0,3018.0
4669.0,1057.0
5661.0,4222.0
5794.0,7908.0
4906.0,8648.0
3799.0,4730.0
3538.0,2522.0
4386.0,231.0
5591.0,3413.0
6050.0,7961.0
5272.0,9928.0
3947.0,5846.0
3354.0,2228.0
4098.0,0.0
5404.0,2489.0
6032.0,6684.0
5434.0,9773.0
4244.0,7313.0
3600.0,3027.0
4093.0,0.0
5140.0,2165.0
5742.0,6095.0
5371.0,8993.0
4499.0,7417.0
3968.0,3326.0
4249.0,138.0
4985.0,2736.0
5392.0,6399.0
5110.0,8479.0
4561.0,6685.0
4280.0,3557.0
4557.0,892.0
5046.0,3697.0
5258.0,6864.0
4904.0,7400.0
4399.0,4951.0
4262.0,3547.0
4734.0,2006.0
5315.0,4693.0
5395.0,7412.0
4813.0,6937.0
4146.0,4115.0
4077.0,3403.0
4773.0,1970.0
5605.0,4785.0
5699.0,7735.0
4935.0,7650.0
4031.0,4574.0
3848.0,3272.0
4563.0,1019.0
5502.0,3831.0
5799.0,7283.0
5189.0,8569.0
4288.0,5598.0
3893.0,3414.0
4390.0,871.0
5218.0,3340.0
5647.0,6629.0
5306.0,8264.0
4545.0,6188.0
4108.0,3601.0
4415.0,1483.0
5120.0,3418.0
5446.0,6419.0
5183.0,7518.0
4622.0,5761.0
4343.0,3751.0
4639.0,2492.0
5093.0,4079.0
5203.0,6471.0
4891.0,6285.0
4547.0,4987.0
4594.0,3847.0
5016.0,3561.0
5306.0,4950.0
5100.0,6834.0
4569.0,5344.0
4279.0,4124.0
4558.0,3664.0
5223.0,3834.0
5642.0,5359.0
5341.0,7344.0
4520.0,5820.0
3989.0,3961.0
4264.0,3447.0
5126.0,2847.0
5845.0,4888.0
5688.0,7623.0
4744.0,7265.0
3857.0,4423.0
3899.0,3219.0
4891.0,1609.0
5909.0,4062.0
5996.0,7690.0
5031.0,8731.0
3934.0,5238.0
3813.0,3028.0
4743.0,748.0
5812.0,3583.0
5989.0,7527.0
5189.0,9237.0
4210.0,5911.0
3979.0,2929.0
4658.0,789.0
5523.0,3524.0
5747.0,6869.0
5169.0,8614.0
4460.0,6209.0
4290.0,3300.0
4794.0,1459.0
5385.0,4230.0
5514.0,6745.0
5023.0,7419.0
4451.0,5560.0
4429.0,3546.0
5033.0,2273.0
5617.0,5116.0
5527.0,7353.0
4775.0,6644.0
4093.0,4462.0
4273.0,3369.0
5216.0,2267.0
6006.0,5250.0
5772.0,7981.0
4706.0,7445.0
3807.0,4300.0
3994.0,3139.0
5141.0,1290.0
6201.0,4834.0
6104.0,8617.0
4913.0,8724.0
3740.0,4572.0
3699.0,2585.0
4870.0,429.0
6158.0,3923.0
6357.0,8629.0
5315.0,10097.0
3998.0,5506.0
3643.0,2314.0
4529.0,365.0
5827.0,3305.0
6299.0,7410.0
5545.0,9778.0
4288.0,6608.0
3772.0,3157.0
4485.0,354.0
5667.0,3202.0
6131.0,7088.0
5449.0,9081.0
4389.0,6350.0
4022.0,3477.0
4659.0,781.0
5596.0,3682.0
5845.0,7029.0
5205.0,8318.0
4425.0,5773.0
4352.0,3624.0
5020.0,1829.0
5701.0,4939.0
5654.0,7400.0
4900.0,6874.0
4225.0,4668.0
4389.0,3571.0
5279.0,2337.0
6017.0,5573.0
5816.0,8087.0
4797.0,7046.0
3927.0,4135.0
4129.0,3369.0
5277.0,1554.0
6309.0,5331.0
6155.0,8708.0
4919.0,8344.0
3796.0,4262.0
3872.0,3103.0
5061.0,469.0
6231.0,4343.0
6300.0,8706.0
5202.0,9653.0
3994.0,5072.0
3865.0,2881.0
4865.0,481.0
6012.0,3762.0
6199.0,7707.0
5335.0,9404.0
4294.0,5947.0
4092.0,3411.0
4881.0,774.0
5798.0,3805.0
5933.0,7203.0
5221.0,8563.0
4453.0,5834.0
4404.0,3638.0
5076.0,1805.0
5753.0,4562.0
5731.0,7369.0
4987.0,7378.0
4365.0,4873.0
4535.0,3705.0
5372.0,2609.0
6011.0,5303.0
5726.0,7976.0
4705.0,6895.0
3990.0,3882.0
4375.0,3479.0
5597.0,2592.0
6421.0,5427.0
5996.0,8498.0
4656.0,7755.0
3718.0,3906.0
4108.0,3192.0
5525.0,1539.0
6623.0,4961.0
6328.0,9227.0
4854.0,9156.0
3649.0,4050.0
3863.0,2404.0
5293.0,481.0
6633.0,4329.0
6613.0,9897.0
5202.0,10862.0
3741.0,4760.0
3614.0,1521.0
4985.0,36.0
6458.0,3433.0
6683.0,9195.0
5460.0,11346.0
4020.0,6087.0
3744.0,2042.0
4851.0,0.0
6216.0,2700.0
6498.0,7885.0
5462.0,10775.0
4241.0,7087.0
4049.0,2661.0
5073.0,0.0
6169.0,3272.0
6207.0,8034.0
5159.0,10001.0
4182.0,6093.0
4284.0,2854.0
5393.0,480.0
6348.0,4406.0
6145.0,8891.0
4929.0,9450.0
3888.0,4371.0
4166.0,2373.0
5551.0,1015.0
6617.0,5463.0
6297.0,9921.0
4904.0,9398.0
3773.0,3956.0
3989.0,1834.0
5456.0,721.0
6821.0,5146.0
6644.0,10315.0
5062.0,10287.0
3617.0,4041.0
3702.0,1579.0
5226.0,126.0
6768.0,4323.0
6856.0,10092.0
5415.0,11280.0
3834.0,4890.0
3602.0,1797.0
4902.0,0.0
6468.0,3419.0
6813.0,8732.0
5715.0,11176.0
4211.0,6571.0
3789.0,2587.0
4809.0,0.0
6189.0,3015.0
6572.0,7554.0
5673.0,10346.0
4464.0,7216.0
4146.0,3509.0
4973.0,0.0
6044.0,3557.0
6269.0,7934.0
5420.0,9476.0
4452.0,5966.0
4425.0,3775.0
5376.0,847.0
6275.0,4515.0
6104.0,8526.0
5011.0,8634.0
4122.0,4158.0
4411.0,3669.0
5660.0,1874.0
6589.0,5625.0
6240.0,9027.0
4926.0,8164.0
3928.0,4107.0
4220.0,3530.0
5583.0,1381.0
6723.0,4972.0
6506.0,8935.0
5147.0,9190.0
3938.0,4679.0
4034.0,3459.0
5363.0,639.0
6635.0,4325.0
6647.0,8861.0
5440.0,10084.0
4152.0,5356.0
4008.0,3469.0
5139.0,282.0
6381.0,3735.0
6556.0,8250.0
5570.0,10139.0
4457.0,6290.0
4242.0,3873.0
5121.0,594.0
6147.0,3436.0
6293.0,7821.0
5478.0,9299.0
4644.0,6098.0
4596.0,4048.0
5353.0,1916.0
6068.0,3759.0
6033.0,7659.0
5248.0,8308.0
4565.0,5190.0
4782.0,4048.0
5695.0,3204.0
6295.0,4812.0
5922.0,7992.0
4929.0,7299.0
4307.0,4318.0
4719.0,3874.0
5871.0,3354.0
6596.0,5238.0
6122.0,8563.0
4887.0,7790.0
4049.0,4088.0
4464.0,3628.0
5873.0,2539.0
6871.0,5081.0
6502.0,9017.0
5030.0,9006.0
3868.0,4490.0
4171.0,3310.0
5655.0,1335.0
6899.0,4269.0
6712.0,9153.0
5317.0,10285.0
4041.0,5256.0
4098.0,2784.0
5389.0,532.0
6610.0,3681.0
6631.0,8960.0
5537.0,10932.0
4423.0,6323.0
4334.0,2542.0
5311.0,587.0
6348.0,3659.0
6427.0,8323.0
5521.0,10301.0
4591.0,6525.0
4578.0,3003.0
5434.0,896.0
6264.0,4300.0
6179.0,8211.0
5267.0,9266.0
4508.0,5758.0
4746.0,3292.0
5746.0,1812.0
6469.0,5268.0
6165.0,8553.0
5072.0,8397.0
4288.0,4925.0
4656.0,3283.0
5847.0,2006.0
6690.0,5512.0
6334.0,9088.0
5089.0,8685.0
4194.0,4628.0
4491.0,2995.0
5750.0,1466.0
6846.0,5318.0
6673.0,9845.0
5336.0,9907.0
4118.0,4718.0
4169.0,2447.0
5459.0,602.0
6776.0,4386.0
6886.0,9788.0
5683.0,11181.0
4350.0,5663.0
4124.0,2197.0
5203.0,501.0
6529.0,3837.0
6816.0,8781.0
5888.0,10972.0
4668.0,6779.0
4340.0,2931.0
5124.0,405.0
6190.0,3514.0
6485.0,7771.0
5829.0,10218.0
4917.0,7324.0
4676.0,3701.0
5301.0,935.0
6119.0,4005.0
6253.0,7647.0
5602.0,9124.0
4880.0,6329.0
4883.0,3937.0
5605.0,2221.0
6259.0,5137.0
6125.0,8045.0
5337.0,7846.0
4641.0,5119.0
4849.0,3889.0
5824.0,2681.0
6584.0,5760.0
6345.0,8824.0
5280.0,8109.0
4423.0,4674.0
4660.0,3766.0
5807.0,2076.0
6770.0,5309.0
6594.0,8981.0
5382.0,9083.0
4304.0,5064.0
4412.0,3563.0
5581.0,1307.0
6742.0,4478.0
6806.0,8910.0
5714.0,10242.0
4501.0,5919.0
4282.0,3235.0
5311.0,607.0
6546.0,3896.0
6801.0,8670.0
5887.0,10789.0
4740.0,6807.0
4468.0,3155.0
5306.0,624.0
6372.0,3811.0
6570.0,8072.0
5780.0,10173.0
4902.0,6975.0
4829.0,3591.0
5555.0,1263.0
6282.0,4527.0
6296.0,7913.0
5505.0,8929.0
4806.0,5931.0
5012.0,3920.0
5933.0,2782.0
6532.0,5751.0
6181.0,8171.0
5222.0,7429.0
4577.0,4995.0
4998.0,3733.0
6123.0,3197.0
6840.0,6199.0
6408.0,8910.0
5170.0,7901.0
4282.0,4643.0
4673.0,3252.0
6097.0,2185.0
7174.0,5932.0
6789.0,10105.0
5251.0,9456.0
4040.0,4504.0
4333.0,2282.0
5877.0,827.0
7266.0,5110.0
7134.0,10948.0
5560.0,11462.0
4069.0,5066.0
4153.0,1392.0
5696.0,542.0
7106.0,4359.0
7055.0,10075.0
5697.0,11517.0
4383.0,5842.0
4376.0,1899.0
5623.0,820.0
6839.0,4473.0
6808.0,9285.0
5687.0,10611.0
4645.0,6065.0
4667.0,2458.0
5750.0,1271.0
6754.0,5257.0
6622.0,9299.0
5535.0,9657.0
4652.0,5562.0
4839.0,2723.0
5975.0,1409.0
6865.0,5952.0
6546.0,9872.0
5364.0,9328.0
4476.0,4756.0
4813.0,2485.0
6178.0,1534.0
7135.0,6529.0
6687.0,10706.0
5275.0,9476.0
4261.0,4336.0
4623.0,1981.0
6081.0,1330.0
7246.0,6114.0
6997.0,10907.0
5558.0,10395.0
4299.0,4566.0
4392.0,1670.0
5739.0,1047.0
7060.0,5439.0
7153.0,10441.0
5931.0,11029.0
4541.0,5332.0
4317.0,1854.0
5468.0,1005.0
6842.0,4991.0
7106.0,9558.0
6089.0,10800.0
4783.0,6049.0
4479.0,2477.0
5421.0,1046.0
6643.0,5015.0
6937.0,9001.0
6059.0,10193.0
4988.0,6201.0
4810.0,3095.0
5645.0,1459.0
6548.0,5663.0
6621.0,8752.0
5809.0,9006.0
4946.0,5687.0
5051.0,3443.0
5995.0,1907.0
6728.0,6560.0
6511.0,9418.0
5479.0,8397.0
4702.0,4789.0
5022.0,3069.0
6211.0,1898.0
7061.0,7011.0
6658.0,10508.0
5382.0,8923.0
4454.0,4489.0
4856.0,2496.0
6212.0,1471.0
7217.0,6329.0
6844.0,10643.0
5444.0,9802.0
4366.0,4520.0
4674.0,2277.0
6046.0,1066.0
7215.0,5935.0
7080.0,10875.0
5736.0,10756.0
4492.0,4810.0
4574.0,2250.0
5791.0,982.0
6967.0,5124.0
6999.0,9802.0
5953.0,10751.0
4892.0,5839.0
4817.0,2672.0
5789.0,1461.0
6765.0,5360.0
6778.0,9159.0
5858.0,9773.0
5007.0,5948.0
5022.0,2979.0
5906.0,1778.0
6752.0,5911.0
6627.0,9374.0
5636.0,9187.0
4899.0,5480.0
5267.0,2954.0
6318.0,1899.0
6982.0,6719.0
6517.0,10272.0
5277.0,8870.0
4567.0,4345.0
5152.0,2407.0
6554.0,1834.0
7336.0,7097.0
6695.0,11502.0
5208.0,9629.0
4316.0,4077.0
4938.0,1513.0
6501.0,1501.0
7565.0,6352.0
7070.0,11869.0
5435.0,10980.0
4202.0,4301.0
4564.0,741.0
6170.0,976.0
7539.0,5636.0
7366.0,11958.0
5802.0,12204.0
4352.0,4831.0
4455.0,659.0
5965.0,758.0
7363.0,4987.0
7305.0,11186.0
5892.0,12183.0
4577.0,5458.0
4636.0,1134.0
5963.0,1072.0
7194.0,5150.0
7077.0,10509.0
5817.0,11276.0
4735.0,5632.0
4903.0,1651.0
6142.0,1514.0
7138.0,5768.0
6849.0,10389.0
5591.0,10272.0
4690.0,5273.0
5104.0,1801.0
6441.0,1840.0
7338.0,6539.0
6860.0,11150.0
5421.0,10064.0
4452.0,4632.0
4973.0,1312.0
6556.0,1669.0
7653.0,6792.0
7139.0,12078.0
5415.0,10713.0
4182.0,4166.0
4669.0,827.0
6507.0,1167.0
7893.0,6369.0
7406.0,12503.0
5511.0,11665.0
4057.0,4305.0
4503.0,632.0
6365.0,732.0
7873.0,5556.0
7583.0,12237.0
5790.0,12531.0
4216.0,5066.0
4387.0,715.0
6076.0,481.0
7619.0,4813.0
7563.0,11294.0
6027.0,12620.0
4519.0,5914.0
4513.0,1476.0
5956.0,595.0
7324.0,4643.0
7330.0,10239.0
6000.0,11720.0
4778.0,6337.0
4887.0,2442.0
6163.0,1054.0
7258.0,5333.0
7030.0,9968.0
5723.0,10442.0
4737.0,5908.0
5148.0,2941.0
6540.0,1336.0
7445.0,6158.0
6913.0,10626.0
5467.0,9979.0
4507.0,5135.0
5083.0,2718.0
6682.0,1171.0
7695.0,6323.0
7073.0,11442.0
5390.0,10529.0
4338.0,4628.0
4966.0,2269.0
6673.0,935.0
7823.0,6017.0
7283.0,11849.0
5570.0,11450.0
4311.0,4801.0
4726.0,1928.0
6413.0,528.0
7766.0,5157.0
7490.0,11584.0
5918.0,12441.0
4542.0,5678.0
4678.0,1996.0
6207.0,279.0
7551.0,4589.0
7390.0,10755.0
5987.0,12265.0
4787.0,6177.0
4946.0,2678.0
6271.0,543.0
7329.0,4694.0
7081.0,10153.0
5895.0,11466.0
4983.0,6216.0
5242.0,3017.0
6400.0,1171.0
7242.0,5402.0
6853.0,10087.0
5681.0,10450.0
4962.0,5839.0
5490.0,3130.0
6725.0,1954.0
7392.0,6100.0
6724.0,10279.0
5357.0,9568.0
4699.0,5150.0
5456.0,3042.0
7007.0,2206.0
7782.0,6582.0
6888.0,11231.0
5173.0,9818.0
4374.0,4359.0
5287.0,2572.0
7082.0,1584.0
8022.0,6483.0
7197.0,12304.0
5333.0,11174.0
4265.0,4209.0
5007.0,1760.0
6796.0,613.0
8014.0,5597.0
7473.0,12693.0
5710.0,12862.0
4421.0,4961.0
4833.0,899.0
6503.0,512.0
7821.0,4737.0
7484.0,11949.0
5912.0,13220.0
4667.0,5983.0
4909.0,1136.0
6391.0,593.0
7623.0,4538.0
7337.0,11174.0
5886.0,12614.0
4795.0,6268.0
5157.0,1833.0
6590.0,896.0
7588.0,5119.0
7090.0,10993.0
5617.0,11551.0
4749.0,5798.0
5411.0,2102.0
6919.0,1367.0
7720.0,6014.0
6973.0,11528.0
5410.0,10936.0
4586.0,5149.0
5340.0,1779.0
7014.0,1384.0
7950.0,6330.0
7217.0,12335.0
5493.0,11502.0
4434.0,4867.0
5090.0,1175.0
6901.0,951.0
8139.0,6067.0
7556.0,12888.0
5739.0,12576.0
4365.0,4937.0
4761.0,721.0
6563.0,478.0
8029.0,4998.0
7788.0,12506.0
6066.0,13634.0
4574.0,6073.0
4737.0,1047.0
6331.0,285.0
7765.0,4279.0
7653.0,11089.0
6271.0,13173.0
5005.0,6964.0
5024.0,2087.0
6204.0,720.0
7346.0,4446.0
7370.0,9977.0
6318.0,11961.0
5302.0,7381.0
5341.0,2902.0
6305.0,1266.0
7207.0,5184.0
7149.0,9702.0
6147.0,10757.0
5276.0,7052.0
5493.0,3333.0
6582.0,1444.0
7393.0,5864.0
7026.0,10215.0
5835.0,10246.0
5042.0,6208.0
5508.0,3280.0
6844.0,1527.0
7718.0,6341.0
7172.0,11098.0
5708.0,10489.0
4794.0,5553.0
5349.0,2866.0
6861.0,976.0
7877.0,6082.0
7401.0,11845.0
5859.0,11662.0
4749.0,5564.0
5117.0,2285.0
6619.0,639.0
7811.0,5350.0
7626.0,11569.0
6231.0,12538.0
4960.0,6279.0
5031.0,2460.0
6335.0,473.0
7549.0,4612.0
7548.0,10546.0
6424.0,12490.0
5257.0,7196.0
5258.0,3109.0
6320.0,713.0
7352.0,4662.0
7270.0,9761.0
6283.0,11510.0
5441.0,7335.0
5587.0,3721.0
6564.0,1486.0
7319.0,5432.0
7033.0,9557.0
6024.0,10221.0
5347.0,6727.0
5756.0,4160.0
6860.0,2440.0
7518.0,6091.0
7022.0,9657.0
5803.0,9367.0
5082.0,5906.0
5633.0,4327.0
7014.0,2829.0
7852.0,6344.0
7261.0,10179.0
5779.0,9634.0
4801.0,5470.0
5318.0,4048.0
6925.0,2091.0
8083.0,5801.0
7615.0,11026.0
5918.0,11171.0
4675.0,5407.0
5140.0,3228.0
6821.0,1008.0
8082.0,5309.0
7756.0,11821.0
6148.0,12724.0
4835.0,5890.0
5090.0,2240.0
6592.0,531.0
7876.0,4967.0
7718.0,11589.0
6337.0,13043.0
5085.0,6508.0
5180.0,2042.0
6479.0,820.0
7682.0,5046.0
7610.0,10985.0
6384.0,12431.0
5259.0,6815.0
5385.0,2451.0
6563.0,1224.0
7620.0,5517.0
7458.0,10746.0
6195.0,11496.0
5138.0,6584.0
5507.0,2607.0
6913.0,1399.0
7868.0,6341.0
7363.0,11457.0
5861.0,11005.0
4889.0,5678.0
5489.0,2369.0
7117.0,1368.0
8081.0,6733.0
7453.0,12209.0
5847.0,11327.0
4833.0,5200.0
5403.0,2030.0
7027.0,1193.0
8186.0,6619.0
7731.0,12624.0
6096.0,12133.0
4842.0,5180.0
5138.0,1774.0
6682.0,893.0
8071.0,5843.0
7956.0,12218.0
6465.0,12924.0
5050.0,6129.0
5054.0,1918.0
6421.0,684.0
7766.0,5159.0
7889.0,11159.0
6697.0,12809.0
5456.0,7069.0
5331.0,2715.0
6372.0,917.0
7510.0,5357.0
7578.0,10283.0
6610.0,11656.0
5690.0,7216.0
5684.0,3548.0
6558.0,1422.0
7371.0,6149.0
7248.0,10002.0
6349.0,10290.0
5681.0,6691.0
5915.0,4079.0
6835.0,1986.0
7477.0,6929.0
7149.0,10271.0
6148.0,9550.0
5482.0,5950.0
5894.0,4249.0
7048.0,2270.0
7791.0,7291.0
7314.0,10833.0
6076.0,9658.0
5290.0,5504.0
5741.0,4210.0
7020.0,1803.0
7915.0,6968.0
7515.0,11175.0
6193.0,10452.0
5231.0,5541.0
5575.0,4115.0
6853.0,1160.0
7828.0,6311.0
7620.0,11100.0
6493.0,11366.0
5496.0,6076.0
5544.0,4018.0
6546.0,860.0
7472.0,5876.0
7523.0,10431.0
6723.0,11402.0
5909.0,6870.0
5787.0,4393.0
6456.0,1355.0
7190.0,5956.0
7247.0,9712.0
6645.0,10225.0
6082.0,6782.0
6117.0,4813.0
6713.0,2669.0
7136.0,6715.0
6923.0,9784.0
6284.0,8540.0
5982.0,5535.0
6435.0,4905.0
7177.0,4127.0
7396.0,7845.0
6815.0,10369.0
5972.0,7605.0
5744.0,4461.0
6396.0,4782.0
7377.0,4563.0
7684.0,8255.0
6989.0,10688.0
5936.0,7772.0
5487.0,4545.0
6073.0,4548.0
7273.0,3579.0
7920.0,7687.0
7390.0,10978.0
6147.0,9347.0
5386.0,5003.0
5834.0,4344.0
7056.0,2446.0
7910.0,6969.0
7617.0,11052.0
6428.0,10563.0
5495.0,5782.0
5713.0,4060.0
6857.0,1617.0
7774.0,6457.0
7621.0,10917.0
6599.0,11135.0
5763.0,6417.0
5887.0,3942.0
6765.0,1415.0
7503.0,6498.0
7350.0,10501.0
6576.0,10659.0
5994.0,6543.0
6173.0,4100.0
6949.0,2148.0
7432.0,7493.0
7130.0,10346.0
6363.0,9260.0
5916.0,5908.0
6280.0,4365.0
7129.0,2950.0
7623.0,8235.0
7165.0,10588.0
6170.0,8523.0
5606.0,5265.0
6144.0,4239.0
7346.0,3111.0
8033.0,8550.0
7394.0,11436.0
6087.0,8945.0
5390.0,5224.0
5998.0,3648.0
7309.0,2075.0
8087.0,7929.0
7583.0,12080.0
6237.0,10380.0
5386.0,5340.0
5816.0,2893.0
7094.0,1714.0
7989.0,7622.0
7707.0,11993.0
6573.0,10984.0
5656.0,5667.0
5787.0,3190.0
6769.0,1589.0
7662.0,7124.0
7642.0,11037.0
6864.0,10853.0
6092.0,6457.0
6030.0,4037.0
6671.0,1968.0
7295.0,7261.0
7333.0,10080.0
6830.0,9495.0
6368.0,6646.0
6395.0,4789.0
6815.0,2672.0
7119.0,7957.0
6997.0,10073.0
6612.0,8150.0
6422.0,5867.0
6703.0,4978.0
7193.0,4274.0
7309.0,9038.0
6875.0,10180.0
6311.0,6615.0
6194.0,5055.0
6681.0,4931.0
7358.0,4898.0
7607.0,9470.0
7131.0,10677.0
6313.0,6846.0
5943.0,5143.0
6359.0,4780.0
7228.0,3535.0
7744.0,8468.0
7429.0,11029.0
6540.0,8748.0
5905.0,5496.0
6126.0,4679.0
6996.0,2604.0
7689.0,7653.0
7558.0,10698.0
6768.0,9641.0
6085.0,6340.0
6127.0,4754.0
6852.0,2309.0
7476.0,7329.0
7468.0,10301.0
6907.0,9517.0
6348.0,6735.0
6347.0,4934.0
6824.0,2855.0
7253.0,7383.0
7213.0,9876.0
6815.0,8600.0
6518.0,6535.0
6623.0,5069.0
7013.0,3898.0
7260.0,8036.0
7011.0,9994.0
6553.0,7556.0
6383.0,5736.0
6769.0,5094.0
7367.0,4725.0
7512.0,8762.0
6990.0,10480.0
6276.0,7014.0
6092.0,4895.0
6718.0,4927.0
7618.0,5013.0
7877.0,9107.0
7216.0,10797.0
6202.0,7389.0
5801.0,5049.0
6429.0,4629.0
7565.0,3817.0
8133.0,8766.0
7574.0,11330.0
6410.0,8954.0
5695.0,5517.0
6109.0,4374.0
7235.0,2418.0
8081.0,7662.0
7855.0,11384.0
6762.0,10516.0
5883.0,6197.0
6010.0,3950.0
6983.0,1870.0
7863.0,7200.0
7823.0,11137.0
7012.0,11021.0
6212.0,6979.0
6147.0,3979.0
6843.0,2056.0
7568.0,7126.0
7603.0,10166.0
6974.0,10078.0
6400.0,7310.0
6443.0,4589.0
7006.0,2643.0
7487.0,7840.0
7364.0,9989.0
6744.0,8900.0
6354.0,6919.0
6651.0,4690.0
7347.0,3368.0
7700.0,8830.0
7309.0,10451.0
6506.0,8119.0
6125.0,5994.0
6559.0,4494.0
7461.0,3604.0
7993.0,9386.0
7547.0,11250.0
6529.0,8381.0
5895.0,5744.0
6266.0,3921.0
7363.0,2696.0
8154.0,8923.0
7861.0,12020.0
6763.0,9864.0
5847.0,5877.0
6003.0,3508.0
7059.0,1854.0
8062.0,7940.0
8064.0,11804.0
7049.0,10965.0
6024.0,6491.0
5934.0,3737.0
6833.0,1791.0
7793.0,7324.0
7971.0,10664.0
7251.0,10675.0
6383.0,7347.0
6190.0,4569.0
6785.0,2152.0
7567.0,7513.0
7746.0,10362.0
7240.0,9678.0
6611.0,7099.0
6475.0,4855.0
6910.0,2625.0
7457.0,7932.0
7505.0,10320.0
7018.0,9099.0
6571.0,6906.0
6718.0,4952.0
7308.0,3259.0
7631.0,8896.0
7331.0,10640.0
6697.0,7951.0
6343.0,6044.0
6710.0,4873.0
7506.0,3775.0
7916.0,9325.0
7516.0,10968.0
6652.0,8074.0
6128.0,5896.0
6497.0,4749.0
7400.0,2973.0
8011.0,8934.0
7727.0,11261.0
6819.0,9138.0
6119.0,6133.0
6285.0,4691.0
7205.0,2193.0
8008.0,8253.0
7995.0,11346.0
7128.0,10293.0
6278.0,6850.0
6225.0,4765.0
6986.0,1943.0
7768.0,7306.0
7854.0,10580.0
7269.0,10194.0
6584.0,7391.0
6465.0,4994.0
6946.0,2408.0
7496.0,7348.0
7618.0,10250.0
7234.0,9634.0
6810.0,7375.0
6769.0,5140.0
7101.0,3125.0
7440.0,8223.0
7392.0,10391.0
6987.0,8390.0
6736.0,6455.0
6929.0,5237.0
7381.0,4124.0
7611.0,9008.0
7340.0,10680.0
6775.0,7589.0
6483.0,5451.0
6830.0,5045.0
7576.0,4682.0
7986.0,9550.0
7590.0,11110.0
6682.0,7811.0
6177.0,5610.0
6591.0,4831.0
7561.0,3457.0
8143.0,9004.0
7838.0,11431.0
6855.0,9241.0
6127.0,5986.0
6369.0,4648.0
7386.0,2229.0
8184.0,8389.0
8068.0,11872.0
7132.0,10667.0
6272.0,6553.0
6289.0,4357.0
7110.0,1840.0
7940.0,7625.0
8046.0,11018.0
7389.0,10847.0
6585.0,7298.0
6396.0,4818.0
6953.0,2121.0
7683.0,7637.0
7888.0,10635.0
7377.0,9998.0
6760.0,7125.0
6666.0,5025.0
7150.0,2801.0
7652.0,8304.0
7666.0,10717.0
7136.0,9140.0
6722.0,6715.0
6849.0,5077.0
7415.0,3470.0
7804.0,9011.0
7543.0,10858.0
6848.0,8219.0
6468.0,5865.0
6824.0,4985.0
7644.0,4137.0
8101.0,9790.0
7724.0,11247.0
6816.0,8014.0
6238.0,5984.0
6560.0,4837.0
7551.0,2974.0
8349.0,9164.0
8140.0,11896.0
7061.0,9809.0
6108.0,6251.0
6208.0,4639.0
7267.0,1767.0
8341.0,7868.0
8413.0,11812.0
7446.0,11454.0
6315.0,7125.0
6152.0,4610.0
7029.0,1584.0
8072.0,7213.0
8295.0,11076.0
7539.0,11094.0
6621.0,7564.0
6427.0,5006.0
7080.0,1894.0
7824.0,7492.0
7957.0,10785.0
7425.0,10310.0
6837.0,7502.0
6781.0,5210.0
7253.0,2613.0
7707.0,8329.0
7666.0,10836.0
7200.0,8993.0
6828.0,6721.0
6992.0,5365.0
7500.0,3679.0
7860.0,9211.0
7630.0,11228.0
6991.0,8029.0
6591.0,5755.0
6925.0,5289.0
7740.0,4181.0
8175.0,9450.0
7755.0,11578.0
6949.0,8312.0
6434.0,5734.0
6769.0,5221.0
7683.0,3426.0
8296.0,9091.0
7975.0,11918.0
7040.0,9243.0
6368.0,5891.0
6633.0,5184.0
7529.0,2832.0
8219.0,8304.0
8104.0,11641.0
7365.0,10173.0
6603.0,6836.0
6532.0,5259.0
7167.0,2315.0
7903.0,7387.0
8078.0,10977.0
7586.0,10467.0
6920.0,7507.0
6723.0,5453.0
7153.0,2823.0
7728.0,7458.0
7883.0,10646.0
7510.0,9703.0
7062.0,7377.0
6980.0,5537.0
7348.0,3784.0
7723.0,8103.0
7678.0,10627.0
7225.0,8569.0
6920.0,6844.0
7199.0,5575.0
7744.0,4479.0
7946.0,8832.0
7562.0,11083.0
6945.0,7991.0
6701.0,5892.0
7157.0,5386.0
7906.0,4725.0
8234.0,9220.0
7779.0,11542.0
6918.0,8477.0
6480.0,5728.0
6889.0,5171.0
7798.0,3745.0
8416.0,8884.0
8146.0,11961.0
7144.0,9903.0
6352.0,6330.0
6560.0,5008.0
7551.0,2501.0
8409.0,7712.0
8379.0,11533.0
7480.0,11287.0
6604.0,7727.0
6514.0,4998.0
7238.0,1675.0
8058.0,6993.0
8243.0,10858.0
7685.0,11444.0
6968.0,8412.0
6794.0,5227.0
7237.0,2299.0
7843.0,7331.0
8005.0,10540.0
7610.0,10338.0
7097.0,8094.0
6991.0,5329.0
7356.0,3173.0
7804.0,7925.0
7805.0,10668.0
7382.0,9374.0
7014.0,7331.0
7167.0,5439.0
7713.0,4043.0
8069.0,8691.0
7774.0,11131.0
7099.0,8708.0
6710.0,6557.0
7052.0,5274.0
7917.0,4033.0
8444.0,8920.0
8028.0,11696.0
7068.0,9388.0
6482.0,6509.0
6852.0,5042.0
7847.0,3064.0
8570.0,8516.0
8306.0,11844.0
7262.0,10592.0
6432.0,7044.0
6588.0,4888.0
7560.0,2049.0
8472.0,7827.0
8502.0,11745.0
7608.0,11586.0
6673.0,7875.0
6547.0,4764.0
7271.0,1847.0
8188.0,7286.0
8432.0,10988.0
7819.0,11449.0
6989.0,8570.0
6711.0,5146.0
7173.0,2010.0
7936.0,7344.0
8199.0,10674.0
7780.0,10718.0
7229.0,8483.0
7056.0,5369.0
7418.0,2742.0
7846.0,8258.0
7876.0,10875.0
7486.0,9373.0
7167.0,7469.0
7298.0,5510.0
7769.0,3830.0
8066.0,9180.0
7823.0,11410.0
7259.0,8570.0
6917.0,6313.0
7175.0,5466.0
7900.0,4193.0
8352.0,9388.0
7993.0,11802.0
7128.0,8767.0
6632.0,5742.0
7012.0,5321.0
7950.0,3902.0
8621.0,9447.0
8312.0,12306.0
7286.0,9711.0
6543.0,6078.0
6771.0,5233.0
7725.0,2395.0
8523.0,8352.0
8486.0,12387.0
7603.0,11351.0
6720.0,6814.0
6695.0,5247.0
7482.0,1933.0
8280.0,7421.0
8373.0,11558.0
7769.0,11541.0
7105.0,7731.0
6984.0,5497.0
7450.0,2553.0
8050.0,7601.0
8140.0,11207.0
7717.0,10506.0
7223.0,7351.0
7224.0,5647.0
7678.0,3619.0
8078.0,8303.0
7905.0,11428.0
7385.0,9378.0
7109.0,6388.0
7417.0,5734.0
8038.0,4692.0
8262.0,8993.0
7843.0,11704.0
7122.0,8592.0
6866.0,5491.0
7406.0,5613.0
8272.0,5297.0
8593.0,9498.0
8008.0,11972.0
7053.0,8675.0
6636.0,5342.0
7159.0,5308.0
8176.0,4525.0
8689.0,9330.0
8257.0,12184.0
7240.0,9772.0
6536.0,5832.0
6848.0,5104.0
7911.0,3051.0
8759.0,8646.0
8663.0,12598.0
7660.0,11668.0
6701.0,6725.0
6689.0,4970.0
7594.0,1728.0
8518.0,7514.0
8637.0,12070.0
7889.0,12529.0
7019.0,7978.0
6845.0,5028.0
7493.0,1716.0
8272.0,7175.0
8404.0,11157.0
7859.0,11941.0
7192.0,8604.0
7115.0,5217.0
7704.0,2382.0
8250.0,7989.0
8197.0,11230.0
7614.0,10723.0
7108.0,7832.0
7231.0,5195.0
7924.0,3093.0
8426.0,8813.0
8175.0,11597.0
7391.0,10128.0
6844.0,7171.0
7172.0,5072.0
8112.0,3248.0
8749.0,9270.0
8443.0,12320.0
7398.0,10452.0
6601.0,6619.0
6881.0,4662.0
8016.0,2351.0
8946.0,9146.0
8790.0,13358.0
7640.0,11872.0
6572.0,6481.0
6584.0,3976.0
7693.0,1655.0
8827.0,8413.0
9016.0,13230.0
8058.0,12947.0
6855.0,7268.0
6537.0,4379.0
7369.0,1088.0
8485.0,7658.0
8943.0,12419.0
8326.0,12952.0
7229.0,8076.0
6724.0,5238.0
7254.0,1252.0
8233.0,7164.0
8658.0,11579.0
8235.0,12176.0
7446.0,8501.0
7057.0,5486.0
7424.0,1954.0
8094.0,7726.0
8351.0,11484.0
8020.0,11142.0
7484.0,8259.0
7334.0,5660.0
7742.0,2685.0
8230.0,8466.0
8258.0,11797.0
7756.0,10282.0
7269.0,7398.0
7343.0,5573.0
7953.0,3250.0
8471.0,8974.0
8364.0,12085.0
7682.0,10166.0
7054.0,6842.0
7083.0,5422.0
7845.0,2867.0
8682.0,9036.0
8717.0,12573.0
7885.0,11122.0
6966.0,6985.0
6802.0,5362.0
7592.0,1494.0
8633.0,8154.0
8985.0,12838.0
8251.0,12737.0
7175.0,7861.0
6760.0,5475.0
7381.0,961.0
8340.0,6982.0
8758.0,11906.0
8337.0,12654.0
7539.0,8596.0
7083.0,5730.0
7389.0,2015.0
8125.0,7116.0
8545.0,11308.0
8300.0,11610.0
7741.0,8835.0
7383.0,5862.0
7502.0,2903.0
7956.0,7595.0
8254.0,11121.0
8115.0,10440.0
7763.0,8285.0
7624.0,5983.0
7834.0,3916.0
8105.0,8491.0
8116.0,11541.0
7797.0,9467.0
7445.0,7195.0
7555.0,5861.0
8127.0,4343.0
8566.0,9034.0
8403.0,12277.0
7692.0,9906.0
7087.0,6804.0
7233.0,5626.0
8056.0,3151.0
8794.0,8503.0
8700.0,12653.0
7862.0,11455.0
7043.0,7268.0
7013.0,5481.0
7815.0,1908.0
8722.0,7667.0
8914.0,12523.0
8184.0,12798.0
7221.0,8272.0
6914.0,5449.0
7589.0,1276.0
8568.0,7005.0
8933.0,11967.0
8352.0,13108.0
7401.0,9016.0
7002.0,5536.0
7513.0,1274.0
8416.0,7013.0
8764.0,11730.0
8324.0,12614.0
7609.0,9006.0
7292.0,5717.0
7706.0,2019.0
8368.0,7738.0
8584.0,11812.0
8126.0,11487.0
7548.0,8379.0
7455.0,5735.0
7954.0,2686.0
8513.0,8486.0
8510.0,12116.0
7921.0,10835.0
7295.0,7684.0
7307.0,5554.0
8026.0,2752.0
8811.0,8775.0
8798.0,12515.0
7978.0,11414.0
7116.0,7661.0
7025.0,5384.0
7884.0,1693.0
8993.0,8536.0
9151.0,13026.0
8177.0,12673.0
6978.0,7980.0
6731.0,5304.0
7671.0,899.0
8920.0,7538.0
9354.0,12811.0
8558.0,13549.0
7271.0,8712.0
6693.0,5405.0
7342.0,823.0
8595.0,6685.0
9268.0,11982.0
8781.0,13554.0
7668.0,9575.0
6930.0,5660.0
7219.0,1104.0
8218.0,6757.0
8931.0,11547.0
8790.0,12678.0
7956.0,9509.0
7298.0,6007.0
7451.0,2015.0
8187.0,7600.0
8727.0,11804.0
8524.0,11489.0
7854.0,8680.0
7488.0,6181.0
7760.0,2781.0
8365.0,8107.0
8579.0,12180.0
8180.0,10693.0
7583.0,7688.0
7508.0,6123.0
8060.0,3285.0
8698.0,8502.0
8712.0,12721.0
8059.0,10910.0
7363.0,7398.0
7302.0,6007.0
8034.0,2620.0
8873.0,8187.0
8968.0,12959.0
8185.0,11880.0
7317.0,7763.0
7167.0,5930.0
7839.0,1815.0
8752.0,7452.0
9054.0,12707.0
8456.0,12730.0
7543.0,8394.0
7158.0,6054.0
7675.0,1654.0
8574.0,7105.0
8993.0,12402.0
8561.0,12638.0
7752.0,8649.0
7332.0,6233.0
7680.0,2297.0
8409.0,7038.0
8799.0,11925.0
8489.0,11842.0
7903.0,8691.0
7605.0,6324.0
7822.0,3167.0
8317.0,7425.0
8553.0,11763.0
8290.0,10950.0
7892.0,8171.0
7870.0,6343.0
8219.0,4275.0
8554.0,8462.0
8472.0,12144.0
7921.0,9954.0
7512.0,7262.0
7723.0,6080.0
8452.0,4259.0
8976.0,8819.0
8719.0,12829.0
7871.0,10769.0
7231.0,7123.0
7457.0,5845.0
8440.0,3251.0
9243.0,8372.0
9043.0,13053.0
7956.0,12058.0
7053.0,7646.0
7218.0,5609.0
8235.0,2071.0
9234.0,7706.0
9236.0,12901.0
8270.0,13241.0
7208.0,8650.0
7083.0,5581.0
7966.0,1370.0
9023.0,6926.0
9256.0,12240.0
8519.0,13667.0
7544.0,9656.0
7259.0,5699.0
7903.0,1570.0
8773.0,6923.0
8999.0,11749.0
8407.0,12801.0
7697.0,9557.0
7551.0,5820.0
8093.0,2499.0
8725.0,7753.0
8735.0,11849.0
8142.0,11565.0
7610.0,8782.0
7755.0,5894.0
8435.0,3165.0
8943.0,8740.0
8686.0,12526.0
7892.0,10927.0
7350.0,7748.0
7699.0,5708.0
8645.0,3348.0
9252.0,9151.0
8857.0,12891.0
7859.0,11253.0
7182.0,7596.0
7494.0,5552.0
8555.0,2592.0
9361.0,9193.0
9135.0,13246.0
8091.0,12102.0
7174.0,7731.0
7230.0,5531.0
8226.0,1385.0
9250.0,8481.0
9357.0,13409.0
8450.0,13389.0
7338.0,8440.0
7099.0,5568.0
7952.0,670.0
9053.0,7446.0
9359.0,13042.0
8680.0,13992.0
7708.0,9275.0
7367.0,5870.0
7897.0,1152.0
8713.0,7008.0
9005.0,12066.0
8588.0,12935.0
7969.0,9686.0
7758.0,6173.0
8081.0,2306.0
8561.0,7808.0
8681.0,12099.0
8387.0,11386.0
8003.0,8600.0
8036.0,6290.0
8397.0,3645.0
8643.0,8756.0
8476.0,12444.0
8106.0,10295.0
7883.0,7495.0
8055.0,6309.0
8577.0,4496.0
8887.0,9446.0
8638.0,12827.0
8010.0,9936.0
7615.0,6855.0
7897.0,6224.0
8636.0,4314.0
9104.0,9503.0
8921.0,13310.0
8170.0,10724.0
7565.0,6912.0
7668.0,6153.0
8363.0,3134.0
9016.0,8627.0
9057.0,13350.0
8488.0,12089.0
7820.0,7675.0
7659.0,6243.0
8134.0,2605.0
8733.0,7773.0
8980.0,12780.0
8649.0,12357.0
8133.0,8597.0
7902.0,6465.0
8115.0,3239.0
8545.0,7490.0
8717.0,12004.0
8536.0,11397.0
8234.0,8688.0
8147.0,6545.0
8374.0,4210.0
8564.0,8293.0
8479.0,12205.0
8203.0,10253.0
8134.0,7865.0
8430.0,6628.0
8806.0,5280.0
8773.0,9199.0
8324.0,12493.0
7855.0,9177.0
7876.0,6918.0
8434.0,6479.0
9047.0,5942.0
9097.0,9773.0
8494.0,12819.0
7770.0,9181.0
7639.0,6503.0
8182.0,6261.0
8964.0,5407.0
9303.0,9829.0
8831.0,13188.0
7930.0,10130.0
7463.0,6506.0
7854.0,6001.0
8747.0,4214.0
9370.0,9445.0
9122.0,13436.0
8240.0,11534.0
7574.0,7274.0
7665.0,6004.0
8445.0,2746.0
9147.0,8489.0
9148.0,13305.0
8475.0,12537.0
7885.0,8033.0
7855.0,6128.0
8359.0,2581.0
8863.0,8029.0
8911.0,12802.0
8555.0,12348.0
8164.0,8645.0
8134.0,6275.0
8448.0,3473.0
8767.0,8228.0
8741.0,12261.0
8357.0,11200.0
8071.0,8571.0
8261.0,6250.0
8728.0,4204.0
8992.0,9050.0
8706.0,12678.0
8128.0,10594.0
7828.0,7739.0
8165.0,6156.0
8915.0,4455.0
9295.0,9552.0
8854.0,13067.0
8042.0,10591.0
7637.0,7265.0
8006.0,6062.0
8857.0,4060.0
9413.0,9700.0
9139.0,13433.0
8265.0,11255.0
7639.0,7259.0
7805.0,5987.0
8555.0,3107.0
9231.0,9187.0
9289.0,13429.0
8731.0,12361.0
8034.0,8062.0
7791.0,6167.0
8161.0,2255.0
8771.0,8497.0
9132.0,13029.0
8958.0,12473.0
8439.0,8587.0
8033.0,6436.0
8138.0,2790.0
8579.0,8528.0
8895.0,12771.0
8841.0,11575.0
8571.0,8515.0
8367.0,6706.0
8347.0,3879.0
8483.0,8870.0
8569.0,12511.0
8558.0,10146.0
8560.0,7786.0
8703.0,6898.0
8775.0,5737.0
8651.0,9878.0
8388.0,12517.0
8233.0,8524.0
8332.0,6537.0
8695.0,6807.0
8996.0,6973.0
8982.0,10929.0
8604.0,12949.0
8145.0,8075.0
8059.0,5699.0
8407.0,6630.0
8941.0,6687.0
9205.0,11128.0
8926.0,13395.0
8351.0,8900.0
8001.0,5957.0
8205.0,6548.0
8744.0,5430.0
9150.0,10316.0
9041.0,13466.0
8586.0,10165.0
8184.0,6215.0
8187.0,6648.0
8534.0,5028.0
8860.0,9917.0
8953.0,13239.0
8777.0,10241.0
8520.0,6446.0
8368.0,6882.0
8434.0,5505.0
8595.0,9667.0
8687.0,12787.0
8717.0,9562.0
8733.0,6388.0
8714.0,7036.0
8694.0,6966.0
8596.0,10382.0
8496.0,12605.0
8439.0,8121.0
8569.0,5701.0
8876.0,7115.0
9067.0,8274.0
8910.0,11387.0
8461.0,12890.0
8057.0,6906.0
8194.0,4854.0
8840.0,6996.0
9402.0,8768.0
9303.0,11725.0
8559.0,13195.0
7871.0,7004.0
7919.0,4934.0
8651.0,6697.0
9414.0,7867.0
9500.0,11317.0
8822.0,13485.0
8016.0,8412.0
7840.0,5501.0
8416.0,6553.0
9194.0,6372.0
9481.0,10578.0
9058.0,13602.0
8365.0,9957.0
8023.0,5967.0
8290.0,6505.0
8879.0,5475.0
9219.0,10132.0
9035.0,13381.0
8570.0,10363.0
8289.0,6113.0
8412.0,6690.0
8789.0,5880.0
9048.0,10419.0
8895.0,13145.0
8569.0,9527.0
8454.0,5866.0
8626.0,6765.0
8920.0,6961.0
8958.0,11078.0
8701.0,12880.0
8410.0,8258.0
8400.0,5682.0
8804.0,6827.0
9179.0,7869.0
9123.0,11798.0
8702.0,12956.0
8283.0,7475.0
8250.0,5587.0
8706.0,6680.0
9263.0,7716.0
9395.0,11894.0
8901.0,13331.0
8234.0,8004.0
7987.0,5817.0
8460.0,6511.0
9222.0,6461.0
9617.0,11231.0
9246.0,13786.0
8432.0,9729.0
7919.0,6288.0
8185.0,6374.0
8984.0,4838.0
9558.0,10375.0
9414.0,13893.0
8711.0,11190.0
8128.0,6749.0
8137.0,6442.0
8710.0,4113.0
9272.0,10032.0
9336.0,13660.0
8968.0,11358.0
8515.0,6936.0
8359.0,6725.0
8599.0,4701.0
8986.0,10299.0
9116.0,13344.0
8916.0,10178.0
8641.0,6344.0
8637.0,6925.0
8843.0,6357.0
8976.0,11136.0
8855.0,13166.0
8602.0,8460.0
8586.0,5851.0
8896.0,7071.0
9238.0,7699.0
9203.0,11891.0
8700.0,13269.0
8225.0,7206.0
8302.0,5479.0
8883.0,7060.0
9460.0,7909.0
9473.0,11895.0
8838.0,13651.0
8178.0,7594.0
8121.0,5459.0
8692.0,6950.0
9384.0,7027.0
9582.0,11183.0
9134.0,13974.0
8421.0,9148.0
8124.0,5748.0
8478.0,6913.0
9153.0,5897.0
9518.0,10348.0
9293.0,14076.0
8718.0,10488.0
8308.0,6016.0
8406.0,7004.0
8897.0,5327.0
9266.0,9943.0
9195.0,13909.0
8828.0,10558.0
8571.0,5848.0
8705.0,7247.0
8982.0,6365.0
9103.0,10411.0
8909.0,13618.0
8684.0,9170.0
8728.0,5359.0
9039.0,7425.0
9204.0,7966.0
8967.0,11078.0
8582.0,13208.0
8432.0,7490.0
8744.0,4902.0
9280.0,7548.0
9505.0,9483.0
9183.0,12002.0
8575.0,13366.0
8204.0,6400.0
8439.0,4527.0
9129.0,7338.0
9678.0,9385.0
9583.0,11875.0
8835.0,13794.0
8111.0,7360.0
8075.0,4890.0
8792.0,7076.0
9664.0,7799.0
9855.0,11206.0
9209.0,14355.0
8261.0,9191.0
7956.0,5358.0
8539.0,6960.0
9457.0,6095.0
9848.0,10150.0
9398.0,14455.0
8560.0,10912.0
8105.0,5741.0
8484.0,6927.0
9190.0,5407.0
9583.0,9742.0
9352.0,14183.0
8764.0,11230.0
8449.0,5870.0
8656.0,7095.0
9105.0,6021.0
9329.0,10113.0
9148.0,13827.0
8744.0,10157.0
8590.0,5525.0
8894.0,7192.0
9330.0,7418.0
9390.0,11077.0
8976.0,13717.0
8483.0,8640.0
8479.0,5314.0
9017.0,7245.0
9595.0,8068.0
9591.0,11460.0
8985.0,13827.0
8336.0,8239.0
8255.0,5156.0
8923.0,7058.0
9766.0,7977.0
9915.0,11546.0
9196.0,14197.0
8259.0,8838.0
8024.0,5482.0
8655.0,6892.0
9653.0,6585.0
10086.0,10839.0
9539.0,14629.0
8511.0,10581.0
7928.0,5864.0
8346.0,6730.0
9355.0,4948.0
10037.0,9932.0
9780.0,14841.0
8829.0,12268.0
8086.0,6398.0
8308.0,6866.0
9163.0,4070.0
9803.0,9494.0
9665.0,14703.0
8951.0,12343.0
8394.0,6218.0
8508.0,7129.0
9100.0,4873.0
9559.0,9658.0
9457.0,14373.0
8977.0,11430.0
8667.0,5899.0
8834.0,7411.0
9202.0,6319.0
9364.0,10322.0
9163.0,14050.0
8765.0,9667.0
8712.0,5318.0
9119.0,7610.0
9545.0,7992.0
9520.0,11258.0
9004.0,14110.0
8442.0,8154.0
8405.0,4858.0
9033.0,7524.0
9762.0,8196.0
9904.0,11297.0
9209.0,14577.0
8350.0,8758.0
8213.0,5013.0
8887.0,7374.0
9753.0,7155.0
10023.0,10615.0
9428.0,14819.0
8516.0,10174.0
8151.0,5318.0
8665.0,7258.0
9566.0,6053.0
9979.0,9937.0
9559.0,14896.0
8791.0,11390.0
8344.0,5561.0
8630.0,7309.0
9311.0,5596.0
9696.0,9533.0
9499.0,14666.0
8993.0,11606.0
8653.0,5593.0
8819.0,7527.0
9294.0,6323.0
9511.0,9955.0
9272.0,14379.0
8858.0,10347.0
8769.0,5184.0
9120.0,7675.0
9581.0,7819.0
9603.0,10826.0
9050.0,14207.0
8516.0,8764.0
8600.0,4809.0
9284.0,7633.0
9913.0,8757.0
9750.0,11362.0
8934.0,14168.0
8251.0,7984.0
8389.0,4657.0
9299.0,7505.0
10155.0,9018.0
10110.0,11727.0
9159.0,14544.0
8202.0,8311.0
8134.0,4853.0
9032.0,7286.0
10053.0,7758.0
10285.0,11018.0
9455.0,14912.0
8373.0,9973.0
8004.0,5273.0
8731.0,7099.0
9861.0,6239.0
10325.0,10148.0
9715.0,15015.0
8644.0,11685.0
8151.0,5826.0
8704.0,7007.0
9650.0,5460.0
10032.0,9922.0
9551.0,14661.0
8755.0,11637.0
8497.0,5977.0
8992.0,7222.0
9661.0,6360.0
9806.0,10531.0
9339.0,14294.0
8767.0,10327.0
8761.0,5676.0
9289.0,7387.0
9743.0,7771.0
9625.0,11303.0
9047.0,13885.0
8597.0,8639.0
8773.0,5342.0
9501.0,7475.0
10020.0,9083.0
9775.0,12283.0
8961.0,13958.0
8310.0,7308.0
8531.0,5097.0
9443.0,7331.0
10259.0,9182.0
10147.0,12521.0
9127.0,14325.0
8213.0,7719.0
8276.0,5390.0
9257.0,7150.0
10199.0,7949.0
10282.0,11913.0
9435.0,14666.0
8453.0,9279.0
8240.0,5808.0
8973.0,6980.0
9840.0,6395.0
10121.0,10935.0
9649.0,14641.0
8911.0,11018.0
8551.0,6367.0
8887.0,7029.0
9540.0,5758.0
9794.0,10708.0
9560.0,14395.0
9122.0,10999.0
8946.0,6348.0
9167.0,7325.0
9464.0,6658.0
9493.0,11147.0
9224.0,13939.0
9026.0,9443.0
9190.0,5940.0
9562.0,7578.0
9689.0,8498.0
9393.0,12182.0
8915.0,13594.0
8753.0,7365.0
9193.0,5469.0
9859.0,7716.0
10027.0,10036.0
9520.0,13089.0
8740.0,13588.0
8468.0,5915.0
8965.0,5005.0
9835.0,7601.0
10249.0,10508.0
9792.0,13266.0
8893.0,13873.0
8412.0,6250.0
8765.0,5249.0
9635.0,7523.0
10209.0,9471.0
10030.0,12833.0
9207.0,14411.0
8525.0,7518.0
8642.0,5450.0
9408.0,7429.0
10040.0,8121.0
10003.0,11852.0
9423.0,14597.0
8850.0,9187.0
8838.0,5772.0
9323.0,7517.0
9736.0,7372.0
9699.0,11173.0
9291.0,14304.0
9051.0,9535.0
9230.0,5666.0
9596.0,7778.0
9678.0,8450.0
9416.0,11609.0
9078.0,13898.0
9044.0,8239.0
9415.0,5207.0
9860.0,7933.0
9879.0,10069.0
9414.0,12494.0
8820.0,13698.0
8712.0,6503.0
9298.0,4739.0
10097.0,7976.0
10312.0,11382.0
9657.0,13281.0
8691.0,13716.0
8351.0,5358.0
8989.0,4521.0
10063.0,7789.0
10586.0,11533.0
10023.0,13863.0
8864.0,14065.0
8226.0,5397.0
8681.0,4497.0
9773.0,7537.0
10530.0,10486.0
10251.0,13328.0
9227.0,14456.0
8466.0,7127.0
8630.0,4834.0
9547.0,7332.0
10269.0,9120.0
10189.0,12113.0
9469.0,14513.0
8783.0,9120.0
8762.0,5733.0
9386.0,7266.0
9997.0,7803.0
9968.0,11653.0
9390.0,14284.0
8939.0,9510.0
9052.0,6002.0
9624.0,7478.0
10024.0,8354.0
9792.0,12163.0
9114.0,13911.0
8793.0,8110.0
9214.0,5681.0
9982.0,7601.0
10247.0,9907.0
9743.0,13213.0
8910.0,13679.0
8544.0,6331.0
9111.0,5399.0
10089.0,7651.0
10513.0,10755.0
9949.0,13768.0
8893.0,13798.0
8380.0,5719.0
8903.0,5246.0
9991.0,7518.0
10682.0,10644.0
10270.0,13817.0
9111.0,14204.0
8318.0,6328.0
8619.0,5496.0
9711.0,7317.0
10619.0,9273.0
10483.0,13171.0
9436.0,14677.0
8503.0,8010.0
8561.0,5973.0
9522.0,7234.0
10390.0,7751.0
10364.0,12305.0
9569.0,14752.0
8813.0,9363.0
8807.0,6275.0
9440.0,7319.0
10065.0,7153.0
10062.0,11773.0
9558.0,14508.0
9117.0,9813.0
9208.0,6304.0
9662.0,7591.0
9940.0,7910.0
9778.0,12084.0
9349.0,14167.0
9113.0,8661.0
9403.0,5880.0
9932.0,7805.0
10129.0,9425.0
9771.0,12956.0
9104.0,14083.0
8825.0,6943.0
9290.0,5387.0
10103.0,7960.0
10494.0,10493.0
9982.0,13448.0
9013.0,14256.0
8533.0,6088.0
9027.0,4976.0
10059.0,7911.0
10640.0,10550.0
10228.0,13259.0
9213.0,14643.0
8612.0,6911.0
8927.0,5126.0
9840.0,7853.0
10478.0,9472.0
10326.0,12541.0
9535.0,15043.0
8833.0,8408.0
8862.0,5339.0
9574.0,7787.0
10263.0,8213.0
10252.0,11533.0
9661.0,15121.0
9089.0,9862.0
9048.0,5526.0
9524.0,7824.0
10027.0,7804.0
9988.0,11209.0
9567.0,14868.0
9263.0,9957.0
9358.0,5549.0
9772.0,8048.0
10055.0,8676.0
9848.0,11732.0
9330.0,14581.0
9120.0,8614.0
9486.0,5170.0
10076.0,8219.0
10243.0,10066.0
9793.0,12416.0
9122.0,14339.0
8899.0,7163.0
9433.0,4697.0
10251.0,8267.0
10588.0,11328.0
10022.0,13155.0
9039.0,14418.0
8604.0,6187.0
9144.0,4338.0
10195.0,8113.0
10809.0,11476.0
10356.0,13839.0
9218.0,14821.0
8465.0,6362.0
8801.0,3856.0
9896.0,7553.0
10769.0,10502.0
10653.0,13758.0
9651.0,15296.0
8706.0,7807.0
8691.0,4164.0
9563.0,7575.0
10460.0,9146.0
10550.0,12269.0
9923.0,15341.0
9149.0,9954.0
8929.0,4928.0
9444.0,7577.0
10143.0,8099.0
10354.0,11141.0
9920.0,15210.0
9336.0,11080.0
9194.0,6004.0
9567.0,7770.0
10061.0,7504.0
10181.0,11194.0
9773.0,14912.0
9297.0,10403.0
9311.0,5732.0
9828.0,7848.0
10294.0,8781.0
10158.0,12065.0
9516.0,14633.0
8995.0,8780.0
9198.0,5419.0
10011.0,7840.0
10606.0,9803.0
10366.0,12918.0
9484.0,14762.0
8761.0,7849.0
8920.0,5343.0
9873.0,7739.0
10753.0,9473.0
10691.0,12868.0
9738.0,15257.0
8792.0,8662.0
8705.0,5525.0
9590.0,7527.0
10654.0,8115.0
10916.0,12102.0
10089.0,15681.0
8929.0,10461.0
8589.0,6027.0
9367.0,7423.0
10480.0,6572.0
10902.0,11287.0
10275.0,15843.0
9223.0,11938.0
8759.0,6423.0
9299.0,7489.0
10236.0,5816.0
10622.0,10822.0
10171.0,15594.0
9427.0,12161.0
9132.0,6615.0
9529.0,7685.0
10118.0,6402.0
10325.0,11055.0
9951.0,15126.0
9485.0,11189.0
9407.0,6432.0
9794.0,7891.0
10249.0,7824.0
10200.0,12010.0
9701.0,14886.0
9238.0,9314.0
9356.0,5789.0
10026.0,8030.0
10604.0,9307.0
10424.0,12882.0
9580.0,15017.0
8859.0,7987.0
9076.0,5343.0
10092.0,7943.0
10915.0,9731.0
10712.0,13083.0
9632.0,15330.0
8725.0,8111.0
8855.0,5433.0
9877.0,7887.0
10911.0,8820.0
10943.0,12434.0
9984.0,15796.0
8892.0,9670.0
8778.0,5607.0
9622.0,7700.0
10588.0,7421.0
10826.0,11325.0
10175.0,15801.0
9259.0,11471.0
8989.0,6062.0
9542.0,7753.0
10376.0,6836.0
10626.0,11116.0
10106.0,15623.0
9438.0,11553.0
9295.0,6097.0
9787.0,7954.0
10350.0,7536.0
10366.0,11395.0
9822.0,15221.0
9315.0,10334.0
9448.0,5646.0
10123.0,8111.0
10640.0,9280.0
10347.0,12418.0
9507.0,14930.0
8984.0,8365.0
9373.0,5224.0
10379.0,8229.0
10987.0,10613.0
10558.0,13193.0
9454.0,15050.0
8707.0,7297.0
9067.0,4834.0
10207.0,8046.0
11130.0,10544.0
10924.0,13546.0
9748.0,15532.0
8674.0,7802.0
8748.0,4619.0
9880.0,7751.0
11056.0,9469.0
11196.0,13090.0
10107.0,15940.0
8880.0,9502.0
8629.0,4911.0
9630.0,7564.0
10872.0,8116.0
11182.0,11930.0
10339.0,16124.0
9138.0,11413.0
8752.0,5768.0
9550.0,7550.0
10651.0,6841.0
10969.0,11048.0
10293.0,15885.0
9389.0,12309.0
9161.0,6367.0
9750.0,7737.0
10532.0,7027.0
10637.0,11362.0
9978.0,15310.0
9348.0,11032.0
9387.0,5989.0
10078.0,7810.0
10704.0,8794.0
10588.0,12558.0
9815.0,15043.0
9117.0,9236.0
9263.0,5830.0
10207.0,7809.0
11040.0,9633.0
10833.0,13271.0
9732.0,15099.0
8794.0,8315.0
8993.0,5731.0
10196.0,7619.0
11288.0,9643.0
11156.0,13630.0
9871.0,15408.0
8705.0,8555.0
8753.0,6066.0
9980.0,7431.0
11198.0,8377.0
11301.0,13068.0
10241.0,15863.0
9037.0,10284.0
8756.0,6568.0
9657.0,7379.0
10805.0,6587.0
11176.0,11902.0
10539.0,16038.0
9488.0,12226.0
9017.0,6967.0
9522.0,7436.0
10441.0,5711.0
10836.0,11348.0
10441.0,15765.0
9689.0,12478.0
9370.0,6993.0
9780.0,7754.0
10445.0,6625.0
10624.0,11843.0
10148.0,15428.0
9589.0,10980.0
9602.0,6539.0
10138.0,8008.0
10605.0,8262.0
10462.0,12640.0
9843.0,15124.0
9350.0,9111.0
9556.0,5919.0
10357.0,8137.0
10962.0,9812.0
10696.0,13438.0
9752.0,15265.0
9075.0,8000.0
9320.0,5564.0
10299.0,8072.0
11178.0,9948.0
11043.0,13451.0
9946.0,15710.0
8950.0,8516.0
9042.0,5616.0
10132.0,7900.0
11205.0,8965.0
11230.0,12853.0
10172.0,16075.0
9060.0,9897.0
8969.0,5987.0
9944.0,7851.0
11065.0,7736.0
11223.0,12117.0
10301.0,16188.0
9271.0,11087.0
9105.0,6192.0
9906.0,7892.0
10826.0,7229.0
10944.0,11605.0
10261.0,15946.0
9534.0,11498.0
9485.0,6226.0
10092.0,8145.0
10724.0,7961.0
10637.0,11900.0
9948.0,15526.0
9413.0,10101.0
9665.0,5692.0
10482.0,8408.0
11009.0,9894.0
10674.0,12947.0
9692.0,15378.0
9104.0,8163.0
9559.0,5184.0
10729.0,8518.0
11415.0,11181.0
10891.0,13654.0
9579.0,15494.0
8767.0,7061.0
9294.0,4731.0
10687.0,8400.0
11666.0,11474.0
11202.0,14416.0
9756.0,15784.0
8690.0,6929.0
9039.0,4175.0
10450.0,8043.0
11570.0,11007.0
11382.0,14518.0
10067.0,16149.0
8906.0,8083.0
8978.0,4035.0
10164.0,7813.0
11312.0,9977.0
11318.0,13658.0
10318.0,16235.0
9240.0,9617.0
9137.0,4483.0
10040.0,7939.0
11000.0,9271.0
11096.0,12584.0
10336.0,16053.0
9485.0,10626.0
9477.0,5144.0
10243.0,8072.0
10985.0,9356.0
10919.0,12335.0
10081.0,15659.0
9372.0,10125.0
9566.0,5564.0
10481.0,8095.0
11129.0,9885.0
10847.0,12961.0
9931.0,15400.0
9241.0,9039.0
9518.0,5679.0
10580.0,8104.0
11435.0,10470.0
11149.0,13748.0
9977.0,15594.0
9002.0,8316.0
9174.0,5607.0
10450.0,7885.0
11616.0,10031.0
11504.0,13838.0
10200.0,15980.0
8893.0,8966.0
8885.0,5827.0
10196.0,7633.0
11573.0,8751.0
11675.0,13027.0
10422.0,16258.0
9030.0,10647.0
8847.0,6414.0
10025.0,7483.0
11375.0,7395.0
11599.0,12421.0
10598.0,16300.0
9393.0,11950.0
9138.0,6949.0
9978.0,7614.0
11000.0,6651.0
11211.0,12002.0
10565.0,16075.0
9742.0,12162.0
9514.0,6858.0
10095.0,7835.0
10839.0,7319.0
10969.0,12226.0
10363.0,15748.0
9709.0,11188.0
9758.0,6582.0
10416.0,8055.0
11024.0,8768.0
10869.0,13073.0
10054.0,15426.0
9462.0,9353.0
9777.0,6197.0
10744.0,8234.0
11383.0,10269.0
10948.0,14029.0
9863.0,15391.0
9148.0,7744.0
9556.0,5715.0
10742.0,8165.0
11573.0,10761.0
11244.0,14214.0
10064.0,15771.0
9123.0,8136.0
9300.0,5799.0
10471.0,7988.0
11507.0,9608.0
11496.0,13475.0
10428.0,16314.0
9329.0,9990.0
9228.0,6130.0
10193.0,7911.0
11235.0,8008.0
11423.0,12330.0
10593.0,16444.0
9583.0,11638.0
9425.0,6421.0
10191.0,8014.0
11066.0,7589.0
11139.0,12004.0
10467.0,16164.0
9783.0,11639.0
9763.0,6342.0
10411.0,8215.0
11004.0,8488.0
10876.0,12381.0
10159.0,15696.0
9656.0,10259.0
9959.0,5897.0
10755.0,8411.0
11228.0,10293.0
10899.0,13392.0
9973.0,15529.0
9371.0,8500.0
9794.0,5450.0
10903.0,8421.0
11591.0,11321.0
11148.0,14160.0
9892.0,15615.0
9052.0,7527.0
9490.0,5055.0
10859.0,8224.0
11884.0,11583.0
11488.0,15003.0
10029.0,15963.0
8940.0,7274.0
9237.0,4693.0
10720.0,8043.0
11922.0,11187.0
11725.0,15073.0
10284.0,16265.0
9036.0,8053.0
9118.0,4529.0
10447.0,7840.0
11679.0,10322.0
11732.0,14418.0
10634.0,16503.0
9449.0,9789.0
9283.0,4945.0
10236.0,7791.0
11308.0,9175.0
11462.0,13014.0
10652.0,16295.0
9692.0,11233.0
9594.0,5729.0
10387.0,7951.0
11249.0,9054.0
11270.0,12508.0
10395.0,15932.0
9578.0,10944.0
9730.0,6264.0
10719.0,8084.0
11509.0,9702.0
11246.0,13492.0
10180.0,15694.0
9340.0,9254.0
9638.0,5972.0
10863.0,8072.0
11796.0,10655.0
11447.0,14218.0
10108.0,15713.0
9071.0,8352.0
9347.0,5860.0
10811.0,7906.0
12059.0,10660.0
11845.0,14787.0
10345.0,16212.0
8965.0,8542.0
9077.0,5836.0
10516.0,7736.0
11977.0,9442.0
12053.0,13991.0
10678.0,16634.0
9171.0,10363.0
8988.0,6202.0
10244.0,7581.0
11773.0,7989.0
12043.0,12746.0
10876.0,16728.0
9434.0,12290.0
9146.0,7009.0
10214.0,7534.0
11521.0,6908.0
11746.0,12454.0
10749.0,16423.0
9612.0,12391.0
9533.0,7136.0
10532.0,7818.0
11493.0,7807.0
11444.0,12912.0
10425.0,15960.0
9570.0,10901.0
9774.0,6624.0
10874.0,8021.0
11661.0,9633.0
11312.0,13875.0
10136.0,15662.0
9284.0,8924.0
9740.0,6153.0
11121.0,8183.0
12085.0,11131.0
11537.0,14772.0
9998.0,15734.0
8956.0,7572.0
9457.0,5775.0
11113.0,8058.0
12303.0,11356.0
11816.0,15306.0
10162.0,16041.0
8950.0,7652.0
9317.0,5501.0
10890.0,7889.0
12152.0,10737.0
11968.0,15044.0
10466.0,16437.0
9107.0,8788.0
9218.0,5516.0
10659.0,7856.0
11965.0,9701.0
11937.0,14014.0
10698.0,16641.0
9458.0,10499.0
9356.0,5769.0
10503.0,7822.0
11692.0,8901.0
11743.0,13018.0
10655.0,16516.0
9608.0,11438.0
9674.0,6260.0
10736.0,8093.0
11642.0,9076.0
11468.0,12920.0
10351.0,16080.0
9512.0,10514.0
9926.0,6152.0
11190.0,8324.0
11954.0,10762.0
11344.0,14047.0
9953.0,15698.0
9180.0,8166.0
9871.0,5478.0
11418.0,8407.0
12305.0,12438.0
11577.0,15764.0
9903.0,15765.0
8940.0,6265.0
9593.0,4360.0
11302.0,8232.0
12472.0,13262.0
11949.0,17175.0
10183.0,16236.0
8896.0,6364.0
9278.0,3353.0
10996.0,7302.0
12386.0,12320.0
12158.0,17428.0
10546.0,16626.0
9066.0,7715.0
9162.0,3438.0
10725.0,7225.0
12198.0,11350.0
12171.0,16544.0
10768.0,16717.0
9355.0,8806.0
9278.0,3918.0
10555.0,7650.0
11902.0,10839.0
11999.0,15412.0
10814.0,16626.0
9577.0,9596.0
9526.0,4246.0
10650.0,7763.0
11819.0,10919.0
11832.0,15176.0
10670.0,16337.0
9539.0,9310.0
9629.0,4549.0
10850.0,7928.0
11993.0,11462.0
11864.0,15574.0
10514.0,16268.0
9327.0,8335.0
9571.0,4547.0
11078.0,7996.0
12341.0,12135.0
12032.0,16367.0
10432.0,16292.0
9094.0,7267.0
9313.0,4175.0
10933.0,7794.0
12444.0,12183.0
12321.0,16950.0
10666.0,16593.0
9104.0,7471.0
9112.0,4035.0
10686.0,7564.0
12305.0,11351.0
12468.0,16523.0
11021.0,16967.0
9345.0,8971.0
9055.0,4391.0
10387.0,7453.0
11993.0,9833.0
12376.0,15028.0
11271.0,17164.0
9792.0,11286.0
9333.0,5427.0
10300.0,7564.0
11683.0,8441.0
12069.0,13170.0
11173.0,16883.0
9973.0,12805.0
9697.0,6768.0
10548.0,7803.0
11602.0,7940.0
11772.0,12845.0
10892.0,16474.0
9942.0,12222.0
9969.0,7104.0
10903.0,8001.0
11758.0,8892.0
11604.0,13712.0
10573.0,16090.0
9734.0,10370.0
9983.0,6718.0
11148.0,8204.0
12083.0,10314.0
11799.0,14644.0
10530.0,16315.0
9498.0,9115.0
9721.0,6240.0
11056.0,8122.0
12269.0,10395.0
12117.0,14602.0
10716.0,16704.0
9402.0,9683.0
9426.0,6204.0
10802.0,7912.0
12235.0,9379.0
12344.0,14059.0
11007.0,17112.0
9550.0,11198.0
9383.0,6506.0
10614.0,7802.0
12010.0,8121.0
12279.0,12941.0
11236.0,17193.0
9908.0,13040.0
9573.0,7119.0
10505.0,7809.0
11756.0,7214.0
12061.0,12534.0
11179.0,16992.0
10078.0,13319.0
9832.0,7092.0
10690.0,7998.0
11727.0,7905.0
11877.0,12765.0
10948.0,16634.0
9919.0,12237.0
9921.0,6673.0
10980.0,8101.0
12012.0,9454.0
11896.0,13678.0
10668.0,16407.0
9576.0,10513.0
9851.0,6308.0
11277.0,8187.0
12411.0,10760.0
12060.0,14793.0
10521.0,16359.0
9297.0,8978.0
9621.0,5705.0
11255.0,8039.0
12641.0,11429.0
12377.0,15967.0
10700.0,16641.0
9225.0,8404.0
9338.0,5086.0
10992.0,7777.0
12589.0,11076.0
12631.0,16174.0
11068.0,17151.0
9371.0,9335.0
9197.0,4871.0
10701.0,7631.0
12364.0,10024.0
12645.0,15286.0
11321.0,17332.0
9696.0,11053.0
9356.0,5128.0
10573.0,7591.0
12119.0,9316.0
12427.0,14372.0
11284.0,17123.0
9868.0,11920.0
9664.0,5703.0
10764.0,7703.0
12003.0,9373.0
12150.0,13988.0
11065.0,16640.0
9925.0,11689.0
9852.0,6259.0
10955.0,7819.0
12099.0,9847.0
12114.0,14298.0
10965.0,16460.0
9787.0,10925.0
9785.0,6650.0
11025.0,7775.0
12317.0,9901.0
12336.0,14654.0
10965.0,16604.0
9532.0,10568.0
9471.0,6890.0
10925.0,7615.0
12515.0,9285.0
12669.0,14920.0
11228.0,10476.0
9556.0,4889.0
9269.0,7846.0
10688.0,19961.0
12417.0,26264.0
12780.0,14429.0
11503.0,5914.0
9777.0,6163.0
9276.0,2325.0
10428.0,6028.0
12101.0,16756.0
12659.0,19794.0
11683.0,10699.0
10111.0,8537.0
9486.0,0.0
10370.0,12680.0
11838.0,23317.0
12431.0,17141.0
11625.0,8078.0
10326.0,9198.0
9845.0,3092.0
10573.0,6127.0
11735.0,16206.0
12146.0,15270.0
11411.0,7452.0
10331.0,10028.0
10087.0,6073.0
10886.0,14209.0
11893.0,22640.0
12036.0,11992.0
11163.0,5581.0
10129.0,10027.0
10062.0,6796.0
11112.0,9083.0
12177.0,18435.0
12133.0,12486.0
11023.0,4925.0
9876.0,9510.0
9876.0,7253.0
11049.0,13436.0
12333.0,23200.0
12491.0,13185.0
11289.0,5488.0
9853.0,9869.0
9593.0,6891.0
10750.0,7615.0
12268.0,18056.0
12664.0,14313.0
11595.0,5649.0
