id,inv,demand,forecast,received_shipment,order,Order_Supplier_0,Order_Supplier_1,Order_Supplier_2,Forecast_Retailer_0,Forecast_Retailer_1,Forecast_Retailer_2,Demand_Retailer_0,Demand_Retailer_1,Demand_Retailer_2,Inv_Product_0,Inv_Product_1,Inv_Product_2,Order_Product_0,Order_Product_1,Order_Product_2,Forecast_Product_0,Forecast_Product_1,Forecast_Product_2
0.0,0.0,739.0,739.0,0.0,2956.0,960.0,1028.0,968.0,240.0,257.0,242.0,240.0,257.0,242.0,0.0,0.0,0.0,960.0,1028.0,968.0,240.0,257.0,242.0
0.0,0.0,802.0,770.0,0.0,3080.0,1000.0,1064.0,1016.0,250.0,266.0,254.0,261.0,275.0,266.0,0.0,0.0,0.0,1000.0,1064.0,1016.0,250.0,266.0,254.0
0.0,0.0,876.0,806.0,0.0,3224.0,1056.0,1096.0,1072.0,264.0,274.0,268.0,290.0,290.0,296.0,0.0,0.0,0.0,1056.0,1096.0,1072.0,264.0,274.0,268.0
0.0,0.0,789.0,802.0,0.0,3208.0,1072.0,1076.0,1060.0,268.0,269.0,265.0,279.0,254.0,256.0,0.0,0.0,0.0,1072.0,1076.0,1060.0,268.0,269.0,265.0
0.0,0.0,763.0,794.0,9260.0,0.0,0.0,0.0,0.0,264.0,268.0,262.0,250.0,265.0,248.0,0.0,0.0,0.0,0.0,0.0,0.0,264.0,268.0,262.0
0.0,5291.0,771.0,790.0,3208.0,0.0,0.0,0.0,0.0,265.0,267.0,258.0,270.0,261.0,240.0,1696.0,1847.0,1748.0,0.0,0.0,0.0,265.0,267.0,258.0
0.0,7728.0,784.0,790.0,0.0,0.0,0.0,0.0,0.0,267.0,269.0,254.0,276.0,280.0,228.0,2498.0,2662.0,2568.0,0.0,0.0,0.0,267.0,269.0,254.0
0.0,6944.0,734.0,782.0,0.0,0.0,0.0,0.0,0.0,266.0,264.0,252.0,262.0,230.0,242.0,2222.0,2382.0,2340.0,0.0,0.0,0.0,266.0,264.0,252.0
0.0,6210.0,746.0,778.0,0.0,0.0,0.0,0.0,0.0,263.0,260.0,255.0,241.0,231.0,274.0,1960.0,2152.0,2098.0,0.0,0.0,0.0,263.0,260.0,255.0
0.0,5464.0,758.0,775.0,0.0,0.0,0.0,0.0,0.0,260.0,259.0,256.0,234.0,251.0,273.0,1719.0,1921.0,1824.0,0.0,0.0,0.0,260.0,259.0,256.0
0.0,4706.0,811.0,779.0,0.0,0.0,0.0,0.0,0.0,261.0,258.0,260.0,269.0,248.0,294.0,1485.0,1670.0,1551.0,0.0,0.0,0.0,261.0,258.0,260.0
0.0,3895.0,728.0,775.0,0.0,90.0,77.0,0.0,13.0,260.0,257.0,258.0,253.0,237.0,238.0,1216.0,1422.0,1257.0,77.0,0.0,13.0,260.0,257.0,258.0
0.0,3167.0,681.0,768.0,0.0,586.0,277.0,102.0,207.0,257.0,257.0,254.0,212.0,259.0,210.0,963.0,1185.0,1019.0,277.0,102.0,207.0,257.0,257.0,254.0
0.0,2486.0,742.0,766.0,90.0,1230.0,431.0,343.0,456.0,255.0,256.0,255.0,239.0,245.0,258.0,751.0,926.0,809.0,431.0,343.0,456.0,255.0,256.0,255.0
0.0,1834.0,809.0,768.0,586.0,1461.0,425.0,522.0,514.0,256.0,257.0,255.0,267.0,277.0,265.0,589.0,681.0,564.0,425.0,522.0,514.0,256.0,257.0,255.0
0.0,1611.0,775.0,769.0,1230.0,1010.0,228.0,454.0,328.0,255.0,258.0,256.0,238.0,271.0,266.0,599.0,506.0,506.0,228.0,454.0,328.0,255.0,258.0,256.0
0.0,2066.0,644.0,761.0,1461.0,161.0,1.0,147.0,13.0,252.0,256.0,253.0,210.0,223.0,211.0,792.0,578.0,696.0,1.0,147.0,13.0,252.0,256.0,253.0
0.0,2883.0,667.0,758.0,1010.0,0.0,0.0,0.0,0.0,251.0,255.0,252.0,219.0,228.0,220.0,1007.0,877.0,999.0,0.0,0.0,0.0,251.0,255.0,252.0
0.0,3226.0,686.0,753.0,161.0,327.0,217.0,0.0,110.0,250.0,253.0,250.0,234.0,222.0,230.0,1016.0,1103.0,1107.0,217.0,0.0,110.0,250.0,253.0,250.0
0.0,2701.0,791.0,755.0,0.0,1110.0,483.0,258.0,369.0,250.0,254.0,251.0,266.0,270.0,255.0,783.0,1028.0,890.0,483.0,258.0,369.0,250.0,254.0,251.0
0.0,1910.0,742.0,755.0,327.0,1525.0,522.0,485.0,518.0,251.0,253.0,251.0,252.0,231.0,259.0,517.0,758.0,635.0,522.0,485.0,518.0,251.0,253.0,251.0
0.0,1495.0,776.0,756.0,1110.0,1195.0,318.0,503.0,374.0,252.0,254.0,250.0,275.0,272.0,229.0,482.0,527.0,486.0,318.0,503.0,374.0,252.0,254.0,250.0
0.0,1829.0,665.0,751.0,1525.0,318.0,0.0,239.0,79.0,250.0,252.0,249.0,209.0,229.0,227.0,690.0,513.0,626.0,0.0,239.0,79.0,250.0,252.0,249.0
0.0,2689.0,687.0,748.0,1195.0,0.0,0.0,0.0,0.0,249.0,251.0,248.0,235.0,227.0,225.0,1003.0,769.0,917.0,0.0,0.0,0.0,249.0,251.0,248.0
0.0,3197.0,784.0,750.0,318.0,274.0,176.0,0.0,98.0,250.0,252.0,248.0,262.0,271.0,251.0,1086.0,1045.0,1066.0,176.0,0.0,98.0,250.0,252.0,248.0
0.0,2731.0,712.0,749.0,0.0,977.0,414.0,232.0,331.0,249.0,252.0,248.0,242.0,237.0,233.0,824.0,1013.0,894.0,414.0,232.0,331.0,249.0,252.0,248.0
0.0,2019.0,654.0,745.0,274.0,1341.0,452.0,451.0,438.0,248.0,251.0,246.0,218.0,223.0,213.0,582.0,776.0,661.0,452.0,451.0,438.0,248.0,251.0,246.0
0.0,1639.0,759.0,745.0,977.0,1123.0,290.0,457.0,376.0,248.0,250.0,247.0,252.0,242.0,265.0,540.0,553.0,546.0,290.0,457.0,376.0,248.0,250.0,247.0
0.0,1857.0,704.0,744.0,1341.0,482.0,76.0,228.0,178.0,248.0,249.0,247.0,238.0,226.0,240.0,702.0,543.0,612.0,76.0,228.0,178.0,248.0,249.0,247.0
0.0,2494.0,803.0,746.0,1123.0,170.0,63.0,41.0,66.0,249.0,250.0,247.0,273.0,266.0,264.0,916.0,768.0,810.0,63.0,41.0,66.0,249.0,250.0,247.0
0.0,2814.0,776.0,747.0,482.0,468.0,241.0,77.0,150.0,249.0,250.0,248.0,254.0,264.0,258.0,933.0,959.0,922.0,241.0,77.0,150.0,249.0,250.0,248.0
0.0,2520.0,808.0,749.0,170.0,1114.0,460.0,314.0,340.0,250.0,251.0,248.0,278.0,274.0,256.0,755.0,923.0,842.0,460.0,314.0,340.0,250.0,251.0,248.0
0.0,1882.0,704.0,748.0,468.0,1346.0,458.0,472.0,416.0,250.0,251.0,247.0,239.0,235.0,230.0,540.0,690.0,652.0,458.0,472.0,416.0,250.0,251.0,247.0
0.0,1646.0,687.0,745.0,1114.0,907.0,233.0,396.0,278.0,249.0,250.0,246.0,239.0,242.0,206.0,542.0,532.0,572.0,233.0,396.0,278.0,249.0,250.0,246.0
0.0,2073.0,797.0,748.0,1346.0,370.0,48.0,186.0,136.0,250.0,251.0,247.0,269.0,258.0,270.0,763.0,604.0,706.0,48.0,186.0,136.0,250.0,251.0,247.0
0.0,2622.0,754.0,747.0,907.0,213.0,77.0,51.0,85.0,250.0,251.0,246.0,262.0,261.0,231.0,952.0,818.0,852.0,77.0,51.0,85.0,250.0,251.0,246.0
0.0,2775.0,754.0,748.0,370.0,601.0,284.0,110.0,207.0,250.0,251.0,247.0,255.0,245.0,254.0,923.0,953.0,899.0,284.0,110.0,207.0,250.0,251.0,247.0
0.0,2391.0,703.0,746.0,213.0,1083.0,448.0,319.0,316.0,250.0,251.0,245.0,241.0,260.0,202.0,716.0,894.0,781.0,448.0,319.0,316.0,250.0,251.0,245.0
0.0,1901.0,755.0,746.0,601.0,1237.0,424.0,465.0,348.0,250.0,251.0,245.0,260.0,256.0,239.0,552.0,685.0,664.0,424.0,465.0,348.0,250.0,251.0,245.0
0.0,1747.0,779.0,748.0,1083.0,941.0,238.0,423.0,280.0,251.0,252.0,245.0,258.0,273.0,248.0,576.0,539.0,632.0,238.0,423.0,280.0,251.0,252.0,245.0
0.0,2051.0,862.0,750.0,1237.0,574.0,79.0,269.0,226.0,251.0,253.0,246.0,265.0,307.0,290.0,766.0,585.0,700.0,79.0,269.0,226.0,251.0,253.0,246.0
0.0,2426.0,851.0,753.0,941.0,496.0,130.0,140.0,226.0,252.0,254.0,247.0,285.0,290.0,276.0,925.0,743.0,758.0,130.0,140.0,226.0,252.0,254.0,247.0
0.0,2516.0,684.0,751.0,574.0,598.0,274.0,72.0,252.0,251.0,253.0,247.0,227.0,205.0,252.0,878.0,876.0,762.0,274.0,72.0,252.0,251.0,253.0,247.0
0.0,2406.0,670.0,749.0,496.0,764.0,362.0,141.0,261.0,250.0,252.0,247.0,222.0,213.0,235.0,730.0,940.0,736.0,362.0,141.0,261.0,250.0,252.0,247.0
0.0,2232.0,618.0,746.0,598.0,772.0,281.0,278.0,213.0,249.0,251.0,246.0,197.0,213.0,208.0,638.0,867.0,727.0,281.0,278.0,213.0,249.0,251.0,246.0
0.0,2212.0,744.0,746.0,764.0,752.0,154.0,389.0,209.0,249.0,251.0,246.0,235.0,252.0,257.0,715.0,726.0,771.0,154.0,389.0,209.0,249.0,251.0,246.0
0.0,2232.0,777.0,747.0,772.0,761.0,130.0,360.0,271.0,249.0,251.0,247.0,257.0,249.0,271.0,842.0,615.0,775.0,130.0,360.0,271.0,249.0,251.0,247.0
0.0,2227.0,729.0,747.0,752.0,738.0,227.0,207.0,304.0,249.0,251.0,247.0,251.0,236.0,242.0,866.0,644.0,717.0,227.0,207.0,304.0,249.0,251.0,247.0
0.0,2250.0,773.0,748.0,761.0,754.0,370.0,93.0,291.0,250.0,251.0,247.0,269.0,246.0,258.0,769.0,797.0,684.0,370.0,93.0,291.0,250.0,251.0,247.0
0.0,2238.0,728.0,746.0,738.0,736.0,378.0,123.0,235.0,249.0,250.0,247.0,239.0,241.0,248.0,630.0,911.0,697.0,378.0,123.0,235.0,249.0,250.0,247.0
0.0,2248.0,722.0,746.0,754.0,704.0,245.0,270.0,189.0,249.0,250.0,247.0,237.0,240.0,245.0,618.0,877.0,753.0,245.0,270.0,189.0,249.0,250.0,247.0
0.0,2280.0,813.0,747.0,736.0,785.0,122.0,441.0,222.0,249.0,251.0,247.0,255.0,290.0,268.0,751.0,730.0,799.0,122.0,441.0,222.0,249.0,251.0,247.0
0.0,2203.0,828.0,749.0,704.0,917.0,160.0,428.0,329.0,250.0,251.0,248.0,279.0,257.0,292.0,874.0,563.0,766.0,160.0,428.0,329.0,250.0,251.0,248.0
0.0,2079.0,910.0,752.0,785.0,1054.0,345.0,301.0,408.0,251.0,252.0,249.0,303.0,310.0,297.0,840.0,576.0,663.0,345.0,301.0,408.0,251.0,252.0,249.0
0.0,1954.0,799.0,750.0,917.0,928.0,446.0,126.0,356.0,250.0,251.0,249.0,265.0,257.0,277.0,659.0,707.0,588.0,446.0,126.0,356.0,250.0,251.0,249.0
0.0,2072.0,795.0,750.0,1054.0,669.0,375.0,75.0,219.0,250.0,251.0,249.0,274.0,250.0,271.0,554.0,878.0,640.0,375.0,75.0,219.0,250.0,251.0,249.0
0.0,2331.0,815.0,751.0,928.0,560.0,206.0,218.0,136.0,251.0,251.0,249.0,273.0,269.0,273.0,625.0,929.0,777.0,206.0,218.0,136.0,251.0,251.0,249.0
0.0,2444.0,876.0,752.0,669.0,771.0,135.0,426.0,210.0,251.0,251.0,250.0,304.0,283.0,289.0,798.0,786.0,860.0,135.0,426.0,210.0,251.0,251.0,250.0
0.0,2237.0,750.0,752.0,560.0,961.0,188.0,431.0,342.0,251.0,250.0,251.0,259.0,227.0,264.0,869.0,578.0,790.0,188.0,431.0,342.0,251.0,250.0,251.0
0.0,2047.0,829.0,753.0,771.0,1023.0,337.0,286.0,400.0,251.0,251.0,251.0,284.0,277.0,268.0,816.0,569.0,662.0,337.0,286.0,400.0,251.0,251.0,251.0
0.0,1989.0,790.0,755.0,961.0,860.0,425.0,132.0,303.0,252.0,252.0,251.0,272.0,273.0,245.0,667.0,718.0,604.0,425.0,132.0,303.0,252.0,252.0,251.0
0.0,2160.0,906.0,758.0,1023.0,755.0,389.0,146.0,220.0,253.0,253.0,252.0,297.0,296.0,313.0,583.0,876.0,701.0,389.0,146.0,220.0,253.0,253.0,252.0
0.0,2277.0,903.0,759.0,860.0,802.0,296.0,313.0,193.0,254.0,254.0,251.0,328.0,295.0,280.0,623.0,866.0,788.0,296.0,313.0,193.0,254.0,254.0,251.0
0.0,2234.0,789.0,761.0,755.0,844.0,186.0,421.0,237.0,255.0,254.0,252.0,275.0,254.0,260.0,720.0,703.0,811.0,186.0,421.0,237.0,255.0,254.0,252.0
0.0,2200.0,839.0,763.0,802.0,889.0,182.0,381.0,326.0,256.0,254.0,253.0,288.0,273.0,278.0,834.0,595.0,771.0,182.0,381.0,326.0,256.0,254.0,253.0
0.0,2163.0,754.0,763.0,844.0,799.0,249.0,206.0,344.0,256.0,254.0,253.0,253.0,246.0,255.0,842.0,635.0,686.0,249.0,206.0,344.0,256.0,254.0,253.0
0.0,2253.0,778.0,764.0,889.0,692.0,352.0,68.0,272.0,257.0,254.0,253.0,281.0,243.0,254.0,775.0,810.0,668.0,352.0,68.0,272.0,257.0,254.0,253.0
0.0,2364.0,775.0,763.0,799.0,664.0,374.0,107.0,183.0,257.0,253.0,253.0,271.0,249.0,255.0,676.0,948.0,740.0,374.0,107.0,183.0,257.0,253.0,253.0
0.0,2388.0,930.0,769.0,692.0,926.0,342.0,356.0,228.0,259.0,255.0,255.0,312.0,309.0,309.0,654.0,905.0,829.0,342.0,356.0,228.0,259.0,255.0,255.0
0.0,2150.0,782.0,771.0,664.0,1052.0,212.0,527.0,313.0,260.0,256.0,255.0,240.0,274.0,268.0,694.0,664.0,792.0,212.0,527.0,313.0,260.0,256.0,255.0
0.0,2032.0,773.0,773.0,926.0,907.0,124.0,437.0,346.0,260.0,257.0,256.0,254.0,262.0,257.0,828.0,497.0,707.0,124.0,437.0,346.0,260.0,257.0,256.0
0.0,2185.0,812.0,773.0,1052.0,667.0,178.0,180.0,309.0,260.0,257.0,256.0,266.0,270.0,276.0,916.0,591.0,678.0,178.0,180.0,309.0,260.0,257.0,256.0
0.0,2425.0,799.0,774.0,907.0,563.0,311.0,33.0,219.0,260.0,258.0,256.0,257.0,286.0,256.0,862.0,848.0,715.0,311.0,33.0,219.0,260.0,258.0,256.0
0.0,2533.0,853.0,776.0,667.0,757.0,393.0,169.0,195.0,260.0,259.0,257.0,260.0,312.0,281.0,729.0,999.0,805.0,393.0,169.0,195.0,260.0,259.0,257.0
0.0,2347.0,839.0,779.0,563.0,1045.0,368.0,454.0,223.0,261.0,260.0,258.0,282.0,314.0,243.0,647.0,867.0,833.0,368.0,454.0,223.0,261.0,260.0,258.0
0.0,2071.0,815.0,782.0,757.0,1115.0,234.0,573.0,308.0,262.0,261.0,259.0,255.0,284.0,276.0,676.0,586.0,809.0,234.0,573.0,308.0,262.0,261.0,259.0
0.0,2013.0,768.0,781.0,1045.0,834.0,101.0,391.0,342.0,261.0,261.0,259.0,239.0,272.0,257.0,814.0,471.0,728.0,101.0,391.0,342.0,261.0,261.0,259.0
0.0,2290.0,783.0,783.0,1115.0,510.0,141.0,97.0,272.0,262.0,262.0,259.0,270.0,275.0,238.0,943.0,653.0,694.0,141.0,97.0,272.0,262.0,262.0,259.0
0.0,2622.0,889.0,786.0,834.0,577.0,336.0,6.0,235.0,263.0,263.0,260.0,292.0,296.0,301.0,907.0,951.0,764.0,336.0,6.0,235.0,263.0,263.0,260.0
0.0,2567.0,874.0,789.0,510.0,953.0,510.0,194.0,249.0,264.0,264.0,261.0,311.0,281.0,282.0,716.0,1046.0,805.0,510.0,194.0,249.0,264.0,264.0,261.0
0.0,2203.0,867.0,793.0,577.0,1259.0,463.0,494.0,302.0,265.0,266.0,262.0,285.0,298.0,284.0,546.0,862.0,795.0,463.0,494.0,302.0,265.0,266.0,262.0
0.0,1913.0,802.0,793.0,953.0,1108.0,214.0,582.0,312.0,265.0,266.0,262.0,261.0,282.0,259.0,597.0,570.0,746.0,214.0,582.0,312.0,265.0,266.0,262.0
0.0,2064.0,891.0,795.0,1259.0,748.0,51.0,416.0,281.0,266.0,267.0,262.0,296.0,324.0,271.0,846.0,482.0,736.0,51.0,416.0,281.0,266.0,267.0,262.0
0.0,2432.0,759.0,793.0,1108.0,391.0,89.0,78.0,224.0,265.0,266.0,262.0,256.0,248.0,255.0,1013.0,652.0,767.0,89.0,78.0,224.0,265.0,266.0,262.0
0.0,2781.0,896.0,797.0,748.0,576.0,326.0,0.0,250.0,266.0,268.0,263.0,284.0,309.0,303.0,971.0,986.0,824.0,326.0,0.0,250.0,266.0,268.0,263.0
0.0,2633.0,791.0,799.0,391.0,963.0,524.0,155.0,284.0,267.0,268.0,264.0,283.0,254.0,254.0,738.0,1093.0,802.0,524.0,155.0,284.0,267.0,268.0,264.0
0.0,2233.0,719.0,798.0,576.0,1102.0,450.0,366.0,286.0,267.0,267.0,264.0,252.0,215.0,252.0,544.0,917.0,772.0,450.0,366.0,286.0,267.0,267.0,264.0
0.0,2090.0,787.0,798.0,963.0,926.0,203.0,467.0,256.0,267.0,267.0,264.0,277.0,256.0,254.0,618.0,702.0,770.0,203.0,467.0,256.0,267.0,267.0,264.0
0.0,2266.0,742.0,798.0,1102.0,566.0,1.0,342.0,223.0,267.0,267.0,264.0,248.0,241.0,253.0,865.0,601.0,800.0,1.0,342.0,223.0,267.0,267.0,264.0
0.0,2626.0,875.0,802.0,926.0,531.0,103.0,164.0,264.0,268.0,268.0,266.0,301.0,285.0,289.0,1067.0,726.0,833.0,103.0,164.0,264.0,268.0,268.0,266.0
0.0,2677.0,759.0,802.0,566.0,724.0,357.0,39.0,328.0,268.0,267.0,267.0,255.0,221.0,283.0,969.0,908.0,800.0,357.0,39.0,328.0,268.0,267.0,267.0
0.0,2484.0,854.0,803.0,531.0,1051.0,551.0,150.0,350.0,269.0,267.0,267.0,293.0,275.0,286.0,715.0,1029.0,740.0,551.0,150.0,350.0,269.0,267.0,267.0
0.0,2161.0,769.0,801.0,724.0,1088.0,441.0,341.0,306.0,268.0,266.0,267.0,251.0,234.0,284.0,525.0,918.0,718.0,441.0,341.0,306.0,268.0,266.0,267.0
0.0,2116.0,771.0,800.0,1051.0,804.0,147.0,436.0,221.0,268.0,265.0,267.0,257.0,249.0,265.0,631.0,723.0,762.0,147.0,436.0,221.0,268.0,265.0,267.0
0.0,2396.0,873.0,804.0,1088.0,605.0,0.0,353.0,252.0,269.0,266.0,269.0,290.0,254.0,329.0,925.0,624.0,847.0,0.0,353.0,252.0,269.0,266.0,269.0
0.0,2611.0,836.0,807.0,804.0,649.0,135.0,191.0,323.0,270.0,267.0,270.0,278.0,270.0,288.0,1076.0,711.0,824.0,135.0,191.0,323.0,270.0,267.0,270.0
0.0,2579.0,829.0,811.0,605.0,889.0,410.0,101.0,378.0,272.0,268.0,271.0,267.0,259.0,303.0,945.0,877.0,757.0,410.0,101.0,378.0,272.0,268.0,271.0
0.0,2355.0,828.0,812.0,649.0,1072.0,529.0,190.0,353.0,272.0,268.0,272.0,254.0,280.0,294.0,678.0,971.0,706.0,529.0,190.0,353.0,272.0,268.0,272.0
0.0,2176.0,806.0,813.0,889.0,993.0,368.0,366.0,259.0,272.0,269.0,272.0,249.0,273.0,284.0,559.0,882.0,735.0,368.0,366.0,259.0,272.0,269.0,272.0
0.0,2259.0,856.0,815.0,1072.0,785.0,102.0,448.0,235.0,272.0,269.0,274.0,263.0,272.0,321.0,720.0,710.0,829.0,102.0,448.0,235.0,272.0,269.0,274.0
0.0,2475.0,837.0,816.0,993.0,633.0,19.0,354.0,260.0,272.0,270.0,274.0,285.0,268.0,284.0,986.0,628.0,861.0,19.0,354.0,260.0,272.0,270.0,274.0
0.0,2631.0,888.0,821.0,785.0,756.0,228.0,188.0,340.0,274.0,271.0,276.0,303.0,278.0,307.0,1069.0,726.0,836.0,228.0,188.0,340.0,274.0,271.0,276.0
0.0,2528.0,852.0,822.0,633.0,979.0,485.0,98.0,396.0,274.0,271.0,277.0,276.0,264.0,312.0,868.0,896.0,764.0,485.0,98.0,396.0,274.0,271.0,277.0
0.0,2309.0,836.0,823.0,756.0,1063.0,533.0,206.0,324.0,275.0,271.0,277.0,272.0,296.0,268.0,611.0,986.0,712.0,533.0,206.0,324.0,275.0,271.0,277.0
0.0,2229.0,781.0,822.0,979.0,861.0,322.0,357.0,182.0,275.0,271.0,276.0,274.0,249.0,258.0,567.0,878.0,784.0,322.0,357.0,182.0,275.0,271.0,276.0
0.0,2427.0,938.0,822.0,1063.0,736.0,84.0,460.0,192.0,274.0,271.0,277.0,299.0,309.0,330.0,778.0,727.0,922.0,84.0,460.0,192.0,274.0,271.0,277.0
0.0,2552.0,803.0,822.0,861.0,678.0,19.0,369.0,290.0,274.0,271.0,277.0,257.0,266.0,280.0,1012.0,624.0,916.0,19.0,369.0,290.0,274.0,271.0,277.0
0.0,2610.0,903.0,824.0,736.0,853.0,260.0,221.0,372.0,275.0,272.0,277.0,321.0,308.0,274.0,1077.0,715.0,818.0,260.0,221.0,372.0,275.0,272.0,277.0
0.0,2443.0,719.0,822.0,678.0,886.0,466.0,110.0,310.0,274.0,272.0,276.0,229.0,258.0,232.0,840.0,867.0,736.0,466.0,110.0,310.0,274.0,272.0,276.0
0.0,2402.0,941.0,824.0,853.0,982.0,532.0,218.0,232.0,275.0,273.0,276.0,322.0,325.0,294.0,630.0,978.0,794.0,532.0,218.0,232.0,275.0,273.0,276.0
0.0,2314.0,726.0,822.0,886.0,814.0,308.0,367.0,139.0,274.0,273.0,275.0,246.0,259.0,221.0,568.0,874.0,872.0,308.0,367.0,139.0,274.0,273.0,275.0
0.0,2474.0,802.0,822.0,982.0,634.0,63.0,419.0,152.0,274.0,273.0,275.0,287.0,270.0,245.0,788.0,725.0,961.0,63.0,419.0,152.0,274.0,273.0,275.0
0.0,2654.0,924.0,825.0,814.0,756.0,71.0,369.0,316.0,275.0,274.0,276.0,312.0,313.0,299.0,1033.0,673.0,948.0,71.0,369.0,316.0,275.0,274.0,276.0
0.0,2544.0,831.0,824.0,634.0,949.0,294.0,216.0,439.0,275.0,274.0,275.0,286.0,266.0,279.0,1029.0,727.0,788.0,294.0,216.0,439.0,275.0,274.0,275.0
0.0,2347.0,882.0,824.0,756.0,1075.0,533.0,147.0,395.0,275.0,274.0,275.0,310.0,300.0,272.0,806.0,880.0,661.0,533.0,147.0,395.0,275.0,274.0,275.0
0.0,2221.0,902.0,826.0,949.0,1036.0,532.0,250.0,254.0,275.0,275.0,276.0,293.0,315.0,294.0,567.0,949.0,705.0,532.0,250.0,254.0,275.0,275.0,276.0
0.0,2268.0,1002.0,829.0,1075.0,975.0,350.0,437.0,188.0,276.0,276.0,277.0,347.0,330.0,325.0,568.0,850.0,850.0,350.0,437.0,188.0,276.0,276.0,277.0
0.0,2341.0,904.0,832.0,1036.0,855.0,123.0,498.0,234.0,277.0,277.0,278.0,301.0,307.0,296.0,754.0,667.0,920.0,123.0,498.0,234.0,277.0,277.0,278.0
0.0,2473.0,856.0,833.0,975.0,740.0,60.0,370.0,310.0,277.0,278.0,278.0,287.0,305.0,264.0,985.0,610.0,878.0,60.0,370.0,310.0,277.0,278.0,278.0
0.0,2592.0,863.0,835.0,855.0,756.0,233.0,183.0,340.0,278.0,279.0,278.0,292.0,307.0,264.0,1048.0,742.0,802.0,233.0,183.0,340.0,278.0,279.0,278.0
0.0,2584.0,924.0,835.0,740.0,940.0,495.0,107.0,338.0,278.0,279.0,278.0,322.0,294.0,308.0,879.0,933.0,772.0,495.0,107.0,338.0,278.0,279.0,278.0
0.0,2400.0,788.0,835.0,756.0,972.0,522.0,175.0,275.0,278.0,279.0,278.0,260.0,251.0,277.0,617.0,1009.0,774.0,522.0,175.0,275.0,278.0,279.0,278.0
0.0,2368.0,904.0,837.0,940.0,944.0,328.0,373.0,243.0,279.0,279.0,279.0,297.0,305.0,302.0,590.0,941.0,837.0,328.0,373.0,243.0,279.0,279.0,279.0
0.0,2404.0,900.0,838.0,972.0,876.0,86.0,524.0,266.0,279.0,280.0,279.0,280.0,322.0,298.0,788.0,743.0,873.0,86.0,524.0,266.0,279.0,280.0,279.0
0.0,2476.0,835.0,840.0,944.0,775.0,40.0,432.0,303.0,280.0,280.0,280.0,278.0,281.0,276.0,1030.0,596.0,850.0,40.0,432.0,303.0,280.0,280.0,280.0
0.0,2585.0,877.0,840.0,876.0,776.0,223.0,215.0,338.0,280.0,280.0,280.0,269.0,307.0,301.0,1080.0,688.0,817.0,223.0,215.0,338.0,280.0,280.0,280.0
0.0,2584.0,957.0,842.0,775.0,966.0,480.0,108.0,378.0,280.0,280.0,282.0,297.0,325.0,335.0,897.0,905.0,782.0,480.0,108.0,378.0,280.0,280.0,282.0
0.0,2402.0,858.0,843.0,776.0,1052.0,554.0,168.0,330.0,281.0,280.0,282.0,293.0,275.0,290.0,640.0,1012.0,750.0,554.0,168.0,330.0,281.0,280.0,282.0
0.0,2320.0,874.0,845.0,966.0,968.0,364.0,335.0,269.0,282.0,280.0,283.0,286.0,275.0,313.0,570.0,952.0,798.0,364.0,335.0,269.0,282.0,280.0,283.0
0.0,2412.0,875.0,847.0,1052.0,799.0,99.0,449.0,251.0,282.0,280.0,285.0,289.0,282.0,304.0,764.0,785.0,863.0,99.0,449.0,251.0,282.0,280.0,285.0
0.0,2589.0,858.0,847.0,968.0,689.0,23.0,380.0,286.0,282.0,280.0,285.0,288.0,266.0,304.0,1029.0,671.0,889.0,23.0,380.0,286.0,282.0,280.0,285.0
0.0,2699.0,846.0,847.0,799.0,736.0,214.0,197.0,325.0,282.0,280.0,285.0,290.0,266.0,290.0,1105.0,740.0,854.0,214.0,197.0,325.0,282.0,280.0,285.0
0.0,2652.0,927.0,847.0,689.0,974.0,509.0,130.0,335.0,282.0,280.0,285.0,318.0,313.0,296.0,914.0,923.0,815.0,509.0,130.0,335.0,282.0,280.0,285.0
0.0,2414.0,856.0,848.0,736.0,1098.0,603.0,204.0,291.0,283.0,280.0,285.0,304.0,271.0,281.0,619.0,990.0,805.0,603.0,204.0,291.0,283.0,280.0,285.0
0.0,2294.0,839.0,847.0,974.0,959.0,381.0,351.0,227.0,283.0,279.0,285.0,287.0,281.0,271.0,529.0,916.0,849.0,381.0,351.0,227.0,283.0,279.0,285.0
0.0,2429.0,865.0,849.0,1098.0,734.0,89.0,409.0,236.0,284.0,279.0,286.0,307.0,262.0,296.0,751.0,765.0,913.0,89.0,409.0,236.0,284.0,279.0,286.0
0.0,2662.0,913.0,850.0,959.0,692.0,34.0,325.0,333.0,285.0,278.0,287.0,322.0,271.0,320.0,1047.0,707.0,908.0,34.0,325.0,333.0,285.0,278.0,287.0
0.0,2708.0,1038.0,855.0,734.0,1016.0,306.0,241.0,469.0,286.0,280.0,289.0,357.0,317.0,364.0,1106.0,787.0,815.0,306.0,241.0,469.0,286.0,280.0,289.0
0.0,2404.0,878.0,858.0,692.0,1214.0,552.0,199.0,463.0,287.0,281.0,290.0,276.0,279.0,323.0,838.0,879.0,687.0,552.0,199.0,463.0,287.0,281.0,290.0
0.0,2218.0,915.0,860.0,1016.0,1121.0,551.0,264.0,306.0,287.0,282.0,291.0,305.0,302.0,308.0,596.0,925.0,697.0,551.0,264.0,306.0,287.0,282.0,291.0
0.0,2319.0,786.0,861.0,1214.0,697.0,272.0,317.0,108.0,288.0,282.0,291.0,269.0,252.0,265.0,597.0,864.0,858.0,272.0,317.0,108.0,288.0,282.0,291.0
0.0,2747.0,905.0,861.0,1121.0,481.0,13.0,354.0,114.0,287.0,282.0,292.0,296.0,301.0,308.0,880.0,811.0,1056.0,13.0,354.0,114.0,287.0,282.0,292.0
0.0,2963.0,948.0,865.0,697.0,748.0,54.0,355.0,339.0,288.0,284.0,293.0,309.0,310.0,329.0,1135.0,774.0,1054.0,54.0,355.0,339.0,288.0,284.0,293.0
0.0,2712.0,824.0,864.0,481.0,1087.0,325.0,280.0,482.0,288.0,284.0,292.0,284.0,279.0,261.0,1098.0,781.0,833.0,325.0,280.0,482.0,288.0,284.0,292.0
0.0,2369.0,850.0,866.0,748.0,1197.0,552.0,227.0,418.0,289.0,285.0,292.0,277.0,298.0,275.0,827.0,856.0,686.0,552.0,227.0,418.0,289.0,285.0,292.0
0.0,2267.0,916.0,869.0,1087.0,1038.0,517.0,274.0,247.0,289.0,287.0,293.0,290.0,319.0,307.0,604.0,913.0,750.0,517.0,274.0,247.0,289.0,287.0,293.0
0.0,2438.0,866.0,869.0,1197.0,707.0,211.0,345.0,151.0,289.0,287.0,293.0,246.0,298.0,322.0,639.0,874.0,925.0,211.0,345.0,151.0,289.0,287.0,293.0
0.0,2769.0,903.0,870.0,1038.0,596.0,0.0,386.0,210.0,289.0,288.0,293.0,286.0,311.0,306.0,945.0,803.0,1021.0,0.0,386.0,210.0,289.0,288.0,293.0
0.0,2904.0,801.0,870.0,707.0,670.0,25.0,341.0,304.0,289.0,289.0,292.0,256.0,296.0,249.0,1176.0,766.0,962.0,25.0,341.0,304.0,289.0,289.0,292.0
0.0,2810.0,1030.0,873.0,596.0,1116.0,370.0,324.0,422.0,290.0,291.0,292.0,341.0,361.0,328.0,1131.0,815.0,864.0,370.0,324.0,422.0,290.0,291.0,292.0
0.0,2376.0,929.0,876.0,670.0,1387.0,630.0,322.0,435.0,291.0,292.0,293.0,281.0,335.0,313.0,790.0,840.0,746.0,630.0,322.0,435.0,291.0,292.0,293.0
0.0,2117.0,958.0,878.0,1116.0,1237.0,571.0,329.0,337.0,292.0,293.0,293.0,307.0,327.0,324.0,534.0,846.0,737.0,571.0,329.0,337.0,292.0,293.0,293.0
0.0,2275.0,926.0,880.0,1387.0,784.0,232.0,330.0,222.0,292.0,294.0,294.0,291.0,319.0,316.0,597.0,843.0,835.0,232.0,330.0,222.0,292.0,294.0,294.0
0.0,2736.0,877.0,879.0,1237.0,479.0,0.0,294.0,185.0,291.0,294.0,294.0,284.0,293.0,300.0,936.0,846.0,954.0,0.0,294.0,185.0,291.0,294.0,294.0
0.0,3096.0,808.0,878.0,784.0,470.0,0.0,238.0,232.0,291.0,294.0,293.0,261.0,274.0,273.0,1223.0,882.0,991.0,0.0,238.0,232.0,291.0,294.0,293.0
0.0,3072.0,857.0,878.0,479.0,818.0,246.0,253.0,319.0,291.0,294.0,293.0,276.0,309.0,272.0,1194.0,938.0,940.0,246.0,253.0,319.0,291.0,294.0,293.0
0.0,2694.0,928.0,882.0,470.0,1292.0,558.0,355.0,379.0,292.0,296.0,294.0,308.0,332.0,288.0,918.0,923.0,853.0,558.0,355.0,379.0,292.0,296.0,294.0
0.0,2236.0,810.0,879.0,818.0,1272.0,598.0,368.0,306.0,292.0,295.0,292.0,286.0,270.0,254.0,610.0,829.0,797.0,598.0,368.0,306.0,292.0,295.0,292.0
0.0,2244.0,870.0,880.0,1292.0,854.0,338.0,296.0,220.0,292.0,296.0,292.0,298.0,279.0,293.0,570.0,812.0,862.0,338.0,296.0,220.0,292.0,296.0,292.0
0.0,2666.0,814.0,878.0,1272.0,388.0,10.0,211.0,167.0,291.0,295.0,292.0,274.0,287.0,253.0,830.0,888.0,948.0,10.0,211.0,167.0,291.0,295.0,292.0
0.0,3124.0,921.0,882.0,854.0,471.0,3.0,215.0,253.0,293.0,296.0,293.0,323.0,296.0,302.0,1154.0,969.0,1001.0,3.0,215.0,253.0,293.0,296.0,293.0
0.0,3057.0,958.0,884.0,388.0,1049.0,331.0,312.0,406.0,294.0,296.0,294.0,334.0,308.0,316.0,1169.0,969.0,919.0,331.0,312.0,406.0,294.0,296.0,294.0
0.0,2487.0,941.0,887.0,471.0,1531.0,641.0,426.0,464.0,295.0,297.0,295.0,309.0,325.0,307.0,845.0,872.0,770.0,641.0,426.0,464.0,295.0,297.0,295.0
0.0,2017.0,922.0,889.0,1049.0,1412.0,632.0,376.0,404.0,295.0,297.0,297.0,322.0,262.0,338.0,539.0,762.0,716.0,632.0,376.0,404.0,295.0,297.0,297.0
0.0,2144.0,894.0,889.0,1531.0,775.0,329.0,216.0,230.0,296.0,296.0,297.0,334.0,270.0,290.0,548.0,812.0,784.0,329.0,216.0,230.0,296.0,296.0,297.0
0.0,2781.0,938.0,891.0,1412.0,309.0,35.0,147.0,127.0,297.0,297.0,297.0,334.0,303.0,301.0,855.0,968.0,958.0,35.0,147.0,127.0,297.0,297.0,297.0
0.0,3255.0,909.0,892.0,775.0,447.0,20.0,228.0,199.0,297.0,297.0,298.0,314.0,297.0,298.0,1153.0,1041.0,1061.0,20.0,228.0,199.0,297.0,297.0,298.0
0.0,3121.0,1006.0,893.0,309.0,1148.0,309.0,416.0,423.0,297.0,297.0,299.0,324.0,335.0,347.0,1168.0,960.0,993.0,309.0,416.0,423.0,297.0,297.0,299.0
0.0,2424.0,1045.0,894.0,447.0,1750.0,661.0,518.0,571.0,298.0,297.0,299.0,368.0,330.0,347.0,879.0,772.0,773.0,661.0,518.0,571.0,298.0,297.0,299.0
0.0,1826.0,882.0,894.0,1148.0,1484.0,656.0,389.0,439.0,298.0,297.0,299.0,304.0,287.0,291.0,531.0,670.0,625.0,656.0,389.0,439.0,298.0,297.0,299.0
0.0,2092.0,905.0,895.0,1750.0,643.0,324.0,165.0,154.0,299.0,296.0,300.0,325.0,298.0,282.0,536.0,799.0,757.0,324.0,165.0,154.0,299.0,296.0,300.0
0.0,2937.0,894.0,896.0,1484.0,87.0,0.0,50.0,37.0,299.0,296.0,301.0,302.0,274.0,318.0,872.0,1019.0,1046.0,0.0,50.0,37.0,299.0,296.0,301.0
0.0,3527.0,940.0,896.0,643.0,386.0,0.0,195.0,191.0,299.0,296.0,301.0,322.0,310.0,308.0,1226.0,1134.0,1167.0,0.0,195.0,191.0,299.0,296.0,301.0
0.0,3230.0,869.0,898.0,87.0,1144.0,271.0,432.0,441.0,300.0,297.0,301.0,299.0,283.0,287.0,1228.0,989.0,1013.0,271.0,432.0,441.0,300.0,297.0,301.0
0.0,2448.0,924.0,897.0,386.0,1678.0,585.0,516.0,577.0,300.0,296.0,301.0,314.0,283.0,327.0,929.0,756.0,763.0,585.0,516.0,577.0,300.0,296.0,301.0
0.0,1910.0,999.0,899.0,1144.0,1541.0,639.0,406.0,496.0,301.0,296.0,302.0,321.0,322.0,356.0,615.0,668.0,627.0,639.0,406.0,496.0,301.0,296.0,302.0
0.0,2055.0,946.0,901.0,1678.0,817.0,350.0,217.0,250.0,301.0,297.0,303.0,296.0,323.0,327.0,565.0,778.0,712.0,350.0,217.0,250.0,301.0,297.0,303.0
0.0,2787.0,855.0,901.0,1541.0,135.0,0.0,97.0,38.0,301.0,297.0,303.0,285.0,286.0,284.0,854.0,971.0,962.0,0.0,97.0,38.0,301.0,297.0,303.0
0.0,3473.0,937.0,901.0,817.0,317.0,0.0,210.0,107.0,301.0,297.0,303.0,288.0,330.0,319.0,1208.0,1091.0,1174.0,0.0,210.0,107.0,301.0,297.0,303.0
0.0,3353.0,959.0,903.0,135.0,1083.0,236.0,440.0,407.0,301.0,298.0,304.0,302.0,323.0,334.0,1270.0,978.0,1105.0,236.0,440.0,407.0,301.0,298.0,304.0
0.0,2529.0,929.0,904.0,317.0,1699.0,536.0,569.0,594.0,302.0,299.0,303.0,296.0,335.0,298.0,968.0,752.0,809.0,536.0,569.0,594.0,302.0,299.0,303.0
0.0,1917.0,948.0,905.0,1083.0,1568.0,601.0,465.0,502.0,302.0,300.0,303.0,301.0,332.0,315.0,672.0,627.0,618.0,601.0,465.0,502.0,302.0,300.0,303.0
0.0,2052.0,916.0,906.0,1699.0,789.0,370.0,212.0,207.0,302.0,301.0,303.0,305.0,312.0,299.0,607.0,735.0,710.0,370.0,212.0,207.0,302.0,301.0,303.0
0.0,2835.0,957.0,908.0,1568.0,186.0,72.0,85.0,29.0,302.0,302.0,304.0,303.0,334.0,320.0,838.0,992.0,1005.0,72.0,85.0,29.0,302.0,302.0,304.0
0.0,3446.0,1076.0,911.0,789.0,485.0,45.0,244.0,196.0,303.0,303.0,305.0,339.0,367.0,370.0,1136.0,1123.0,1187.0,45.0,244.0,196.0,303.0,303.0,305.0
0.0,3159.0,933.0,913.0,186.0,1240.0,293.0,469.0,478.0,303.0,304.0,306.0,320.0,306.0,307.0,1167.0,968.0,1024.0,293.0,469.0,478.0,303.0,304.0,306.0
0.0,2412.0,909.0,913.0,485.0,1664.0,548.0,539.0,577.0,303.0,304.0,306.0,300.0,314.0,295.0,919.0,747.0,746.0,548.0,539.0,577.0,303.0,304.0,306.0
0.0,1988.0,1021.0,917.0,1240.0,1461.0,617.0,407.0,437.0,304.0,306.0,307.0,358.0,329.0,334.0,664.0,677.0,647.0,617.0,407.0,437.0,304.0,306.0,307.0
0.0,2207.0,943.0,917.0,1664.0,740.0,386.0,180.0,174.0,304.0,306.0,307.0,317.0,312.0,314.0,599.0,817.0,791.0,386.0,180.0,174.0,304.0,306.0,307.0
0.0,2928.0,1093.0,919.0,1461.0,380.0,121.0,157.0,102.0,304.0,308.0,307.0,352.0,376.0,365.0,830.0,1044.0,1054.0,121.0,157.0,102.0,304.0,308.0,307.0
0.0,3296.0,985.0,921.0,740.0,633.0,51.0,317.0,265.0,305.0,309.0,307.0,312.0,336.0,337.0,1095.0,1075.0,1126.0,51.0,317.0,265.0,305.0,309.0,307.0
0.0,3051.0,1052.0,924.0,380.0,1317.0,284.0,522.0,511.0,306.0,310.0,308.0,350.0,358.0,344.0,1169.0,919.0,963.0,284.0,522.0,511.0,306.0,310.0,308.0
0.0,2379.0,897.0,925.0,633.0,1585.0,560.0,491.0,534.0,307.0,310.0,308.0,323.0,286.0,288.0,940.0,718.0,721.0,560.0,491.0,534.0,307.0,310.0,308.0
0.0,2115.0,896.0,925.0,1317.0,1164.0,578.0,274.0,312.0,307.0,310.0,308.0,302.0,305.0,289.0,668.0,749.0,698.0,578.0,274.0,312.0,307.0,310.0,308.0
0.0,2536.0,903.0,925.0,1585.0,482.0,319.0,83.0,80.0,307.0,310.0,308.0,301.0,300.0,302.0,650.0,966.0,920.0,319.0,83.0,80.0,307.0,310.0,308.0
0.0,3218.0,952.0,926.0,1164.0,274.0,68.0,127.0,79.0,307.0,311.0,308.0,327.0,314.0,311.0,909.0,1157.0,1152.0,68.0,127.0,79.0,307.0,311.0,308.0
0.0,3430.0,867.0,927.0,482.0,663.0,17.0,338.0,308.0,307.0,311.0,309.0,268.0,294.0,305.0,1160.0,1117.0,1153.0,17.0,338.0,308.0,307.0,311.0,309.0
0.0,3045.0,971.0,928.0,274.0,1364.0,269.0,544.0,551.0,308.0,311.0,309.0,316.0,333.0,322.0,1211.0,906.0,928.0,269.0,544.0,551.0,308.0,311.0,309.0
0.0,2348.0,986.0,931.0,663.0,1699.0,572.0,549.0,578.0,309.0,312.0,310.0,316.0,339.0,331.0,963.0,700.0,685.0,572.0,549.0,578.0,309.0,312.0,310.0
0.0,2025.0,976.0,932.0,1364.0,1315.0,632.0,321.0,362.0,310.0,312.0,310.0,325.0,316.0,335.0,664.0,699.0,662.0,632.0,321.0,362.0,310.0,312.0,310.0
0.0,2413.0,963.0,935.0,1699.0,591.0,377.0,117.0,97.0,311.0,313.0,311.0,313.0,341.0,309.0,608.0,927.0,878.0,377.0,117.0,97.0,311.0,313.0,311.0
0.0,3149.0,836.0,931.0,1315.0,96.0,23.0,56.0,17.0,310.0,311.0,310.0,282.0,268.0,286.0,867.0,1135.0,1147.0,23.0,56.0,17.0,310.0,311.0,310.0
0.0,3628.0,969.0,932.0,591.0,532.0,0.0,276.0,256.0,310.0,311.0,311.0,300.0,337.0,332.0,1217.0,1188.0,1223.0,0.0,276.0,256.0,310.0,311.0,311.0
0.0,3250.0,931.0,932.0,96.0,1313.0,245.0,516.0,552.0,310.0,311.0,311.0,322.0,296.0,313.0,1294.0,968.0,988.0,245.0,516.0,552.0,310.0,311.0,311.0
0.0,2415.0,806.0,929.0,532.0,1575.0,547.0,493.0,535.0,311.0,309.0,309.0,298.0,261.0,247.0,995.0,728.0,692.0,547.0,493.0,535.0,311.0,309.0,309.0
0.0,2141.0,927.0,930.0,1313.0,1193.0,617.0,295.0,281.0,311.0,310.0,309.0,315.0,314.0,298.0,697.0,743.0,701.0,617.0,295.0,281.0,311.0,310.0,309.0
0.0,2527.0,878.0,931.0,1575.0,500.0,375.0,91.0,34.0,312.0,310.0,309.0,301.0,289.0,288.0,627.0,945.0,955.0,375.0,91.0,34.0,312.0,310.0,309.0
0.0,3224.0,1044.0,935.0,1193.0,367.0,101.0,161.0,105.0,313.0,311.0,311.0,339.0,361.0,344.0,873.0,1149.0,1202.0,101.0,161.0,105.0,313.0,311.0,311.0
0.0,3373.0,916.0,935.0,500.0,783.0,42.0,373.0,368.0,313.0,311.0,311.0,316.0,303.0,297.0,1151.0,1083.0,1139.0,42.0,373.0,368.0,313.0,311.0,311.0
0.0,2957.0,999.0,939.0,367.0,1431.0,304.0,522.0,605.0,315.0,311.0,313.0,355.0,310.0,334.0,1210.0,871.0,876.0,304.0,522.0,605.0,315.0,311.0,313.0
0.0,2325.0,971.0,940.0,783.0,1623.0,598.0,477.0,548.0,315.0,312.0,313.0,336.0,324.0,311.0,956.0,722.0,647.0,598.0,477.0,548.0,315.0,312.0,313.0
0.0,2137.0,1042.0,945.0,1431.0,1254.0,672.0,293.0,289.0,317.0,313.0,315.0,370.0,334.0,338.0,662.0,771.0,704.0,672.0,293.0,289.0,317.0,313.0,315.0
0.0,2526.0,987.0,947.0,1623.0,626.0,417.0,146.0,63.0,318.0,314.0,315.0,339.0,326.0,322.0,596.0,959.0,971.0,417.0,146.0,63.0,318.0,314.0,315.0
0.0,3162.0,1044.0,948.0,1254.0,420.0,115.0,210.0,95.0,318.0,315.0,315.0,370.0,353.0,321.0,855.0,1110.0,1197.0,115.0,210.0,95.0,318.0,315.0,315.0
0.0,3372.0,1061.0,950.0,626.0,863.0,72.0,410.0,381.0,319.0,315.0,316.0,370.0,346.0,345.0,1157.0,1050.0,1165.0,72.0,410.0,381.0,319.0,315.0,316.0
0.0,2937.0,1029.0,952.0,420.0,1480.0,316.0,545.0,619.0,320.0,316.0,316.0,355.0,341.0,333.0,1204.0,850.0,883.0,316.0,545.0,619.0,320.0,316.0,316.0
0.0,2328.0,1023.0,954.0,863.0,1648.0,598.0,492.0,558.0,320.0,318.0,316.0,354.0,349.0,320.0,964.0,719.0,645.0,598.0,492.0,558.0,320.0,318.0,316.0
0.0,2168.0,1105.0,958.0,1480.0,1289.0,652.0,290.0,347.0,321.0,319.0,318.0,366.0,339.0,400.0,682.0,780.0,706.0,652.0,290.0,347.0,321.0,319.0,318.0
0.0,2543.0,1067.0,961.0,1648.0,720.0,415.0,179.0,126.0,322.0,320.0,319.0,357.0,377.0,333.0,632.0,986.0,925.0,415.0,179.0,126.0,322.0,320.0,319.0
0.0,3124.0,1107.0,963.0,1289.0,546.0,163.0,251.0,132.0,323.0,321.0,319.0,396.0,358.0,353.0,873.0,1101.0,1150.0,163.0,251.0,132.0,323.0,321.0,319.0
0.0,3306.0,1090.0,964.0,720.0,920.0,103.0,425.0,392.0,323.0,321.0,320.0,355.0,353.0,382.0,1129.0,1033.0,1144.0,103.0,425.0,392.0,323.0,321.0,320.0
0.0,2936.0,1012.0,967.0,546.0,1398.0,243.0,551.0,604.0,323.0,323.0,321.0,303.0,369.0,340.0,1189.0,859.0,888.0,243.0,551.0,604.0,323.0,323.0,321.0
0.0,2470.0,1066.0,969.0,920.0,1552.0,482.0,503.0,567.0,323.0,324.0,322.0,342.0,373.0,351.0,1049.0,741.0,680.0,482.0,503.0,567.0,323.0,324.0,322.0
0.0,2324.0,1052.0,972.0,1398.0,1218.0,600.0,321.0,297.0,324.0,326.0,322.0,357.0,361.0,334.0,810.0,793.0,721.0,600.0,321.0,297.0,324.0,326.0,322.0
0.0,2670.0,996.0,973.0,1552.0,666.0,436.0,155.0,75.0,324.0,326.0,323.0,318.0,337.0,341.0,696.0,983.0,991.0,436.0,155.0,75.0,324.0,326.0,323.0
0.0,3226.0,995.0,976.0,1218.0,455.0,162.0,167.0,126.0,325.0,327.0,324.0,322.0,329.0,344.0,860.0,1149.0,1217.0,162.0,167.0,126.0,325.0,327.0,324.0
0.0,3449.0,997.0,977.0,666.0,790.0,54.0,364.0,372.0,325.0,328.0,324.0,328.0,348.0,321.0,1138.0,1141.0,1170.0,54.0,364.0,372.0,325.0,328.0,324.0
0.0,3118.0,1060.0,978.0,455.0,1399.0,225.0,559.0,615.0,325.0,329.0,324.0,333.0,358.0,369.0,1246.0,948.0,924.0,225.0,559.0,615.0,325.0,329.0,324.0
0.0,2513.0,1198.0,984.0,790.0,1831.0,550.0,607.0,674.0,327.0,331.0,326.0,371.0,404.0,423.0,1075.0,757.0,681.0,550.0,607.0,674.0,327.0,331.0,326.0
0.0,2105.0,1048.0,988.0,1399.0,1496.0,656.0,395.0,445.0,328.0,332.0,328.0,327.0,343.0,378.0,758.0,717.0,630.0,656.0,395.0,445.0,328.0,332.0,328.0
0.0,2456.0,925.0,987.0,1831.0,586.0,393.0,89.0,104.0,328.0,331.0,328.0,287.0,305.0,333.0,656.0,933.0,867.0,393.0,89.0,104.0,328.0,331.0,328.0
0.0,3362.0,986.0,987.0,1496.0,76.0,34.0,40.0,2.0,327.0,332.0,328.0,301.0,342.0,343.0,919.0,1235.0,1208.0,34.0,40.0,2.0,327.0,332.0,328.0
0.0,3872.0,1130.0,991.0,586.0,636.0,26.0,316.0,294.0,329.0,332.0,330.0,377.0,365.0,388.0,1274.0,1288.0,1310.0,26.0,316.0,294.0,329.0,332.0,330.0
0.0,3328.0,1057.0,993.0,76.0,1625.0,360.0,628.0,637.0,330.0,333.0,330.0,364.0,348.0,345.0,1290.0,1012.0,1026.0,360.0,628.0,637.0,330.0,333.0,330.0
0.0,2347.0,963.0,994.0,636.0,1956.0,642.0,625.0,689.0,330.0,333.0,331.0,308.0,313.0,342.0,960.0,704.0,683.0,642.0,625.0,689.0,330.0,333.0,331.0
0.0,2020.0,1068.0,996.0,1625.0,1407.0,628.0,360.0,419.0,331.0,333.0,332.0,342.0,363.0,363.0,678.0,707.0,635.0,628.0,360.0,419.0,331.0,333.0,332.0
0.0,2577.0,999.0,995.0,1956.0,446.0,318.0,60.0,68.0,331.0,332.0,332.0,332.0,329.0,338.0,696.0,972.0,909.0,318.0,60.0,68.0,331.0,332.0,332.0
0.0,3534.0,1029.0,996.0,1407.0,72.0,35.0,29.0,8.0,331.0,333.0,332.0,345.0,325.0,359.0,1006.0,1268.0,1260.0,35.0,29.0,8.0,331.0,333.0,332.0
0.0,3912.0,1011.0,998.0,446.0,645.0,56.0,304.0,285.0,332.0,333.0,333.0,335.0,335.0,341.0,1289.0,1303.0,1320.0,56.0,304.0,285.0,332.0,333.0,333.0
0.0,3347.0,996.0,998.0,72.0,1569.0,354.0,601.0,614.0,332.0,333.0,333.0,333.0,326.0,337.0,1272.0,1028.0,1047.0,354.0,601.0,614.0,332.0,333.0,333.0
0.0,2423.0,1027.0,1000.0,645.0,1959.0,672.0,621.0,666.0,333.0,333.0,334.0,370.0,324.0,333.0,974.0,731.0,718.0,672.0,621.0,666.0,333.0,333.0,334.0
0.0,2041.0,1003.0,997.0,1569.0,1381.0,655.0,346.0,380.0,332.0,332.0,333.0,341.0,330.0,332.0,660.0,711.0,670.0,655.0,346.0,380.0,332.0,332.0,333.0
0.0,2607.0,974.0,998.0,1959.0,400.0,338.0,33.0,29.0,333.0,332.0,333.0,351.0,308.0,315.0,673.0,982.0,952.0,338.0,33.0,29.0,333.0,332.0,333.0
0.0,3592.0,904.0,994.0,1381.0,0.0,0.0,0.0,0.0,332.0,330.0,332.0,312.0,275.0,317.0,994.0,1295.0,1303.0,0.0,0.0,0.0,332.0,330.0,332.0
0.0,4069.0,1053.0,997.0,400.0,572.0,34.0,260.0,278.0,333.0,331.0,333.0,377.0,335.0,341.0,1337.0,1366.0,1366.0,34.0,260.0,278.0,333.0,331.0,333.0
0.0,3416.0,992.0,999.0,0.0,1572.0,383.0,576.0,613.0,334.0,331.0,334.0,345.0,316.0,331.0,1298.0,1064.0,1054.0,383.0,576.0,613.0,334.0,331.0,334.0
0.0,2424.0,984.0,1001.0,572.0,1992.0,689.0,643.0,660.0,335.0,332.0,334.0,336.0,323.0,325.0,953.0,748.0,723.0,689.0,643.0,660.0,335.0,332.0,334.0
0.0,2012.0,1039.0,1003.0,1572.0,1467.0,676.0,409.0,382.0,336.0,332.0,335.0,366.0,342.0,331.0,651.0,685.0,676.0,676.0,409.0,382.0,336.0,332.0,335.0
0.0,2545.0,998.0,1005.0,1992.0,481.0,316.0,107.0,58.0,337.0,333.0,335.0,325.0,337.0,336.0,668.0,919.0,958.0,316.0,107.0,58.0,337.0,333.0,335.0
0.0,3539.0,1001.0,1006.0,1467.0,55.0,0.0,39.0,16.0,337.0,333.0,336.0,324.0,341.0,336.0,1032.0,1225.0,1282.0,0.0,39.0,16.0,337.0,333.0,336.0
0.0,4005.0,960.0,1005.0,481.0,523.0,0.0,263.0,260.0,337.0,333.0,335.0,323.0,331.0,306.0,1384.0,1293.0,1328.0,0.0,263.0,260.0,337.0,333.0,335.0
0.0,3526.0,839.0,1003.0,55.0,1270.0,249.0,506.0,515.0,336.0,333.0,334.0,282.0,282.0,275.0,1377.0,1069.0,1080.0,249.0,506.0,515.0,336.0,333.0,334.0
0.0,2742.0,1011.0,1004.0,523.0,1762.0,598.0,570.0,594.0,337.0,332.0,335.0,345.0,331.0,335.0,1095.0,826.0,821.0,598.0,570.0,594.0,337.0,332.0,335.0
0.0,2254.0,1018.0,1007.0,1270.0,1522.0,682.0,443.0,397.0,338.0,334.0,335.0,329.0,371.0,318.0,750.0,758.0,746.0,682.0,443.0,397.0,338.0,334.0,335.0
0.0,2506.0,1010.0,1008.0,1762.0,774.0,415.0,237.0,122.0,338.0,335.0,335.0,331.0,360.0,319.0,670.0,893.0,943.0,415.0,237.0,122.0,338.0,335.0,335.0
0.0,3258.0,1039.0,1010.0,1522.0,299.0,82.0,161.0,56.0,339.0,336.0,335.0,345.0,363.0,331.0,937.0,1103.0,1218.0,82.0,161.0,56.0,339.0,336.0,335.0
0.0,3741.0,989.0,1014.0,774.0,541.0,0.0,273.0,268.0,339.0,338.0,337.0,322.0,341.0,326.0,1274.0,1183.0,1284.0,0.0,273.0,268.0,339.0,338.0,337.0
0.0,3526.0,1002.0,1015.0,299.0,1237.0,230.0,454.0,553.0,339.0,338.0,338.0,323.0,342.0,337.0,1367.0,1079.0,1080.0,230.0,454.0,553.0,339.0,338.0,338.0
0.0,2823.0,970.0,1017.0,541.0,1674.0,546.0,527.0,601.0,340.0,339.0,338.0,312.0,342.0,316.0,1126.0,898.0,799.0,546.0,527.0,601.0,340.0,339.0,338.0
0.0,2394.0,1169.0,1020.0,1237.0,1618.0,730.0,471.0,417.0,341.0,340.0,339.0,410.0,394.0,365.0,814.0,829.0,751.0,730.0,471.0,417.0,341.0,340.0,339.0
0.0,2462.0,1007.0,1021.0,1674.0,955.0,520.0,287.0,148.0,341.0,341.0,339.0,336.0,339.0,332.0,634.0,889.0,939.0,520.0,287.0,148.0,341.0,341.0,339.0
0.0,3129.0,1107.0,1024.0,1618.0,456.0,159.0,205.0,92.0,342.0,342.0,340.0,365.0,385.0,357.0,844.0,1077.0,1208.0,159.0,205.0,92.0,342.0,342.0,340.0
0.0,3640.0,1164.0,1028.0,955.0,681.0,32.0,331.0,318.0,343.0,344.0,341.0,389.0,405.0,370.0,1209.0,1163.0,1268.0,32.0,331.0,318.0,343.0,344.0,341.0
0.0,3431.0,1200.0,1030.0,456.0,1433.0,270.0,516.0,647.0,343.0,345.0,342.0,397.0,386.0,417.0,1340.0,1045.0,1046.0,270.0,516.0,647.0,343.0,345.0,342.0
0.0,2687.0,1147.0,1033.0,681.0,1911.0,635.0,548.0,728.0,344.0,345.0,344.0,393.0,363.0,391.0,1102.0,864.0,721.0,635.0,548.0,728.0,344.0,345.0,344.0
0.0,2221.0,1132.0,1035.0,1433.0,1618.0,766.0,394.0,458.0,345.0,345.0,345.0,397.0,362.0,373.0,741.0,832.0,648.0,766.0,394.0,458.0,345.0,345.0,345.0
0.0,2522.0,1053.0,1034.0,1911.0,756.0,487.0,193.0,76.0,344.0,345.0,345.0,360.0,347.0,346.0,614.0,986.0,922.0,487.0,193.0,76.0,344.0,345.0,345.0
0.0,3380.0,1022.0,1035.0,1618.0,218.0,72.0,146.0,0.0,344.0,346.0,345.0,351.0,343.0,328.0,889.0,1187.0,1304.0,72.0,146.0,0.0,344.0,346.0,345.0
0.0,3976.0,1242.0,1038.0,756.0,667.0,0.0,377.0,290.0,345.0,347.0,346.0,406.0,420.0,416.0,1304.0,1238.0,1434.0,0.0,377.0,290.0,345.0,347.0,346.0
0.0,3490.0,1032.0,1037.0,218.0,1472.0,277.0,559.0,636.0,345.0,347.0,345.0,354.0,328.0,350.0,1385.0,1011.0,1094.0,277.0,559.0,636.0,345.0,347.0,345.0
0.0,2676.0,1173.0,1039.0,667.0,1986.0,701.0,559.0,726.0,346.0,347.0,346.0,420.0,377.0,376.0,1103.0,829.0,744.0,701.0,559.0,726.0,346.0,347.0,346.0
0.0,2170.0,1212.0,1041.0,1472.0,1734.0,837.0,390.0,507.0,347.0,347.0,347.0,409.0,390.0,413.0,683.0,829.0,658.0,837.0,390.0,507.0,347.0,347.0,347.0
0.0,2430.0,1101.0,1041.0,1986.0,849.0,503.0,185.0,161.0,347.0,347.0,347.0,367.0,354.0,380.0,551.0,998.0,881.0,503.0,185.0,161.0,347.0,347.0,347.0
0.0,3315.0,1015.0,1041.0,1734.0,134.0,0.0,117.0,17.0,347.0,346.0,348.0,330.0,326.0,359.0,885.0,1203.0,1227.0,0.0,117.0,17.0,347.0,346.0,348.0
0.0,4034.0,1212.0,1044.0,849.0,628.0,0.0,345.0,283.0,348.0,347.0,349.0,380.0,409.0,423.0,1392.0,1267.0,1375.0,0.0,345.0,283.0,348.0,347.0,349.0
0.0,3671.0,1146.0,1046.0,134.0,1525.0,262.0,599.0,664.0,349.0,347.0,350.0,381.0,371.0,394.0,1515.0,1043.0,1113.0,262.0,599.0,664.0,349.0,347.0,350.0
0.0,2659.0,1106.0,1048.0,628.0,2011.0,622.0,621.0,768.0,349.0,348.0,351.0,360.0,363.0,383.0,1134.0,789.0,736.0,622.0,621.0,768.0,349.0,348.0,351.0
0.0,2181.0,1074.0,1050.0,1525.0,1568.0,711.0,372.0,485.0,350.0,348.0,352.0,347.0,350.0,377.0,774.0,771.0,636.0,711.0,372.0,485.0,350.0,348.0,352.0
0.0,2632.0,1181.0,1054.0,2011.0,754.0,460.0,135.0,159.0,351.0,349.0,354.0,367.0,380.0,434.0,689.0,1020.0,923.0,460.0,135.0,159.0,351.0,349.0,354.0
0.0,3462.0,1091.0,1055.0,1568.0,281.0,134.0,107.0,40.0,352.0,349.0,354.0,381.0,344.0,366.0,944.0,1261.0,1257.0,134.0,107.0,40.0,352.0,349.0,354.0
0.0,3939.0,1036.0,1051.0,754.0,547.0,11.0,299.0,237.0,351.0,347.0,353.0,341.0,335.0,360.0,1274.0,1289.0,1376.0,11.0,299.0,237.0,351.0,347.0,353.0
0.0,3657.0,1077.0,1051.0,281.0,1343.0,229.0,537.0,577.0,351.0,347.0,353.0,352.0,345.0,380.0,1393.0,1089.0,1175.0,229.0,537.0,577.0,351.0,347.0,353.0
0.0,2861.0,1082.0,1054.0,547.0,1890.0,588.0,598.0,704.0,353.0,348.0,353.0,362.0,356.0,364.0,1175.0,851.0,835.0,588.0,598.0,704.0,353.0,348.0,353.0
0.0,2326.0,1102.0,1057.0,1343.0,1661.0,715.0,434.0,512.0,354.0,349.0,354.0,352.0,369.0,381.0,824.0,794.0,708.0,715.0,434.0,512.0,354.0,349.0,354.0
0.0,2567.0,1070.0,1056.0,1890.0,837.0,444.0,192.0,201.0,353.0,349.0,354.0,321.0,356.0,393.0,701.0,962.0,904.0,444.0,192.0,201.0,353.0,349.0,354.0
0.0,3387.0,1048.0,1055.0,1661.0,220.0,57.0,120.0,43.0,352.0,349.0,354.0,332.0,362.0,354.0,968.0,1204.0,1215.0,57.0,120.0,43.0,352.0,349.0,354.0
0.0,4000.0,1135.0,1058.0,837.0,550.0,0.0,308.0,242.0,353.0,350.0,355.0,363.0,376.0,396.0,1351.0,1276.0,1373.0,0.0,308.0,242.0,353.0,350.0,355.0
0.0,3702.0,1121.0,1061.0,220.0,1443.0,288.0,578.0,577.0,354.0,351.0,356.0,361.0,386.0,374.0,1432.0,1092.0,1178.0,288.0,578.0,577.0,354.0,351.0,356.0
0.0,2801.0,1007.0,1060.0,550.0,1896.0,625.0,620.0,651.0,354.0,351.0,355.0,337.0,350.0,320.0,1128.0,826.0,847.0,625.0,620.0,651.0,354.0,351.0,355.0
0.0,2344.0,1060.0,1060.0,1443.0,1513.0,705.0,380.0,428.0,354.0,351.0,355.0,368.0,338.0,354.0,791.0,784.0,769.0,705.0,380.0,428.0,354.0,351.0,355.0
0.0,2727.0,1118.0,1063.0,1896.0,747.0,467.0,131.0,149.0,355.0,352.0,356.0,383.0,367.0,368.0,711.0,1024.0,992.0,467.0,131.0,149.0,355.0,352.0,356.0
0.0,3505.0,1061.0,1064.0,1513.0,299.0,121.0,101.0,77.0,356.0,352.0,356.0,355.0,350.0,356.0,953.0,1277.0,1275.0,121.0,101.0,77.0,356.0,352.0,356.0
0.0,3957.0,1076.0,1064.0,747.0,628.0,18.0,329.0,281.0,355.0,353.0,356.0,368.0,355.0,353.0,1303.0,1307.0,1347.0,18.0,329.0,281.0,355.0,353.0,356.0
0.0,3628.0,1167.0,1068.0,299.0,1512.0,306.0,637.0,569.0,357.0,354.0,357.0,401.0,405.0,361.0,1402.0,1083.0,1143.0,306.0,637.0,569.0,357.0,354.0,357.0
0.0,2760.0,986.0,1068.0,628.0,1870.0,617.0,650.0,603.0,356.0,355.0,357.0,333.0,338.0,315.0,1122.0,779.0,859.0,617.0,650.0,603.0,356.0,355.0,357.0
0.0,2402.0,1018.0,1070.0,1512.0,1384.0,671.0,370.0,343.0,357.0,356.0,357.0,356.0,353.0,309.0,807.0,770.0,825.0,671.0,370.0,343.0,357.0,356.0,357.0
0.0,2896.0,1114.0,1071.0,1870.0,632.0,431.0,111.0,90.0,357.0,357.0,357.0,377.0,387.0,350.0,757.0,1054.0,1085.0,431.0,111.0,90.0,357.0,357.0,357.0
0.0,3652.0,1138.0,1074.0,1384.0,398.0,144.0,166.0,88.0,358.0,359.0,357.0,380.0,417.0,341.0,997.0,1317.0,1338.0,144.0,166.0,88.0,358.0,359.0,357.0
0.0,3898.0,1091.0,1076.0,632.0,865.0,69.0,431.0,365.0,358.0,360.0,358.0,356.0,372.0,363.0,1288.0,1270.0,1340.0,69.0,431.0,365.0,358.0,360.0,358.0
0.0,3439.0,1106.0,1077.0,398.0,1577.0,301.0,636.0,640.0,358.0,361.0,358.0,376.0,367.0,363.0,1363.0,1009.0,1067.0,301.0,636.0,640.0,358.0,361.0,358.0
0.0,2731.0,1118.0,1080.0,865.0,1842.0,637.0,599.0,606.0,360.0,362.0,358.0,397.0,390.0,331.0,1131.0,808.0,792.0,637.0,599.0,606.0,360.0,362.0,358.0
0.0,2478.0,1053.0,1080.0,1577.0,1318.0,689.0,321.0,308.0,360.0,362.0,358.0,353.0,358.0,342.0,803.0,849.0,826.0,689.0,321.0,308.0,360.0,362.0,358.0
0.0,3002.0,1077.0,1083.0,1842.0,565.0,435.0,78.0,52.0,361.0,363.0,359.0,379.0,352.0,346.0,751.0,1127.0,1124.0,435.0,78.0,52.0,361.0,363.0,359.0
0.0,3767.0,982.0,1086.0,1318.0,241.0,31.0,108.0,102.0,361.0,364.0,361.0,285.0,347.0,350.0,1009.0,1374.0,1384.0,31.0,108.0,102.0,361.0,364.0,361.0
0.0,4103.0,1072.0,1087.0,565.0,794.0,0.0,387.0,407.0,362.0,364.0,361.0,358.0,357.0,357.0,1413.0,1348.0,1342.0,0.0,387.0,407.0,362.0,364.0,361.0
0.0,3596.0,1094.0,1088.0,241.0,1609.0,286.0,645.0,678.0,362.0,364.0,362.0,359.0,366.0,369.0,1490.0,1069.0,1037.0,286.0,645.0,678.0,362.0,364.0,362.0
0.0,2743.0,1103.0,1090.0,794.0,1926.0,655.0,619.0,652.0,363.0,364.0,363.0,365.0,361.0,377.0,1162.0,811.0,770.0,655.0,619.0,652.0,363.0,364.0,363.0
0.0,2434.0,1039.0,1091.0,1609.0,1360.0,702.0,331.0,327.0,363.0,364.0,364.0,333.0,357.0,349.0,797.0,837.0,800.0,702.0,331.0,327.0,363.0,364.0,364.0
0.0,3004.0,1038.0,1091.0,1926.0,472.0,387.0,67.0,18.0,363.0,364.0,364.0,340.0,355.0,343.0,750.0,1125.0,1129.0,387.0,67.0,18.0,363.0,364.0,364.0
0.0,3892.0,1113.0,1094.0,1360.0,237.0,57.0,107.0,73.0,364.0,365.0,365.0,368.0,367.0,378.0,1065.0,1389.0,1438.0,57.0,107.0,73.0,364.0,365.0,365.0
0.0,4139.0,1164.0,1097.0,472.0,941.0,54.0,433.0,454.0,365.0,366.0,366.0,380.0,389.0,395.0,1399.0,1353.0,1387.0,54.0,433.0,454.0,365.0,366.0,366.0
0.0,3447.0,1097.0,1095.0,237.0,1793.0,359.0,672.0,762.0,364.0,365.0,366.0,366.0,350.0,381.0,1406.0,1031.0,1010.0,359.0,672.0,762.0,364.0,365.0,366.0
0.0,2587.0,1096.0,1098.0,941.0,1960.0,686.0,574.0,700.0,365.0,365.0,368.0,377.0,335.0,384.0,1097.0,788.0,702.0,686.0,574.0,700.0,365.0,365.0,368.0
0.0,2432.0,1164.0,1099.0,1793.0,1335.0,724.0,284.0,327.0,366.0,365.0,368.0,393.0,382.0,389.0,774.0,886.0,772.0,724.0,284.0,327.0,366.0,365.0,368.0
0.0,3061.0,1289.0,1101.0,1960.0,672.0,484.0,128.0,60.0,367.0,365.0,369.0,442.0,418.0,429.0,740.0,1176.0,1145.0,484.0,128.0,60.0,367.0,365.0,369.0
0.0,3732.0,1098.0,1099.0,1335.0,427.0,131.0,208.0,88.0,366.0,365.0,368.0,375.0,364.0,359.0,984.0,1332.0,1416.0,131.0,208.0,88.0,366.0,365.0,368.0
0.0,3969.0,1143.0,1099.0,672.0,898.0,30.0,463.0,405.0,366.0,365.0,368.0,383.0,383.0,377.0,1333.0,1252.0,1384.0,30.0,463.0,405.0,366.0,365.0,368.0
0.0,3498.0,1157.0,1099.0,427.0,1628.0,290.0,630.0,708.0,366.0,365.0,368.0,391.0,375.0,391.0,1434.0,997.0,1067.0,290.0,630.0,708.0,366.0,365.0,368.0
0.0,2768.0,1172.0,1101.0,898.0,1910.0,645.0,550.0,715.0,366.0,366.0,369.0,385.0,379.0,408.0,1174.0,830.0,764.0,645.0,550.0,715.0,366.0,366.0,369.0
0.0,2494.0,1214.0,1106.0,1628.0,1516.0,783.0,326.0,407.0,368.0,367.0,371.0,420.0,402.0,392.0,819.0,914.0,761.0,783.0,326.0,407.0,368.0,367.0,371.0
0.0,2908.0,1168.0,1104.0,1910.0,766.0,541.0,144.0,81.0,368.0,366.0,370.0,403.0,372.0,393.0,689.0,1142.0,1077.0,541.0,144.0,81.0,368.0,366.0,370.0
0.0,3650.0,1232.0,1108.0,1516.0,498.0,178.0,232.0,88.0,369.0,368.0,371.0,416.0,406.0,410.0,931.0,1320.0,1399.0,178.0,232.0,88.0,369.0,368.0,371.0
0.0,3934.0,1174.0,1108.0,766.0,906.0,21.0,488.0,397.0,368.0,368.0,372.0,388.0,400.0,386.0,1298.0,1240.0,1396.0,21.0,488.0,397.0,368.0,368.0,372.0
0.0,3526.0,1316.0,1110.0,498.0,1732.0,279.0,707.0,746.0,369.0,369.0,372.0,432.0,447.0,437.0,1451.0,984.0,1091.0,279.0,707.0,746.0,369.0,369.0,372.0
0.0,2708.0,1303.0,1114.0,906.0,2145.0,696.0,659.0,790.0,370.0,371.0,373.0,434.0,432.0,437.0,1197.0,769.0,742.0,696.0,659.0,790.0,370.0,371.0,373.0
0.0,2311.0,1259.0,1118.0,1732.0,1688.0,824.0,368.0,496.0,371.0,372.0,375.0,403.0,412.0,444.0,784.0,825.0,702.0,824.0,368.0,496.0,371.0,372.0,375.0
0.0,2784.0,1159.0,1118.0,2145.0,702.0,519.0,96.0,87.0,372.0,372.0,374.0,387.0,387.0,385.0,660.0,1120.0,1004.0,519.0,96.0,87.0,372.0,372.0,374.0
0.0,3770.0,1182.0,1118.0,1688.0,209.0,76.0,133.0,0.0,372.0,372.0,374.0,381.0,405.0,396.0,969.0,1392.0,1409.0,76.0,133.0,0.0,372.0,372.0,374.0
0.0,4276.0,1203.0,1120.0,702.0,744.0,0.0,428.0,316.0,372.0,373.0,375.0,404.0,387.0,412.0,1412.0,1355.0,1509.0,0.0,428.0,316.0,372.0,373.0,375.0
0.0,3775.0,1285.0,1124.0,209.0,1797.0,291.0,743.0,763.0,373.0,375.0,376.0,402.0,440.0,443.0,1527.0,1064.0,1184.0,291.0,743.0,763.0,373.0,375.0,376.0
0.0,2699.0,1318.0,1127.0,744.0,2383.0,728.0,776.0,879.0,375.0,376.0,376.0,429.0,457.0,432.0,1201.0,757.0,741.0,728.0,776.0,879.0,375.0,376.0,376.0
0.0,2125.0,1149.0,1127.0,1797.0,1735.0,794.0,433.0,508.0,374.0,377.0,376.0,361.0,396.0,392.0,772.0,728.0,625.0,794.0,433.0,508.0,374.0,377.0,376.0
0.0,2773.0,1250.0,1132.0,2383.0,622.0,481.0,94.0,47.0,376.0,379.0,377.0,407.0,429.0,414.0,702.0,1075.0,996.0,481.0,94.0,47.0,376.0,379.0,377.0
0.0,3906.0,1200.0,1134.0,1735.0,146.0,70.0,76.0,0.0,376.0,380.0,378.0,383.0,411.0,406.0,1023.0,1422.0,1461.0,70.0,76.0,0.0,376.0,380.0,378.0
0.0,4441.0,1236.0,1137.0,622.0,722.0,0.0,395.0,327.0,377.0,381.0,379.0,406.0,409.0,421.0,1434.0,1444.0,1563.0,0.0,395.0,327.0,377.0,381.0,379.0
0.0,3827.0,1117.0,1138.0,146.0,1696.0,284.0,719.0,693.0,377.0,382.0,379.0,355.0,396.0,366.0,1509.0,1129.0,1189.0,284.0,719.0,693.0,377.0,382.0,379.0
0.0,2856.0,1083.0,1138.0,722.0,2057.0,647.0,695.0,715.0,378.0,382.0,378.0,359.0,371.0,353.0,1224.0,809.0,823.0,647.0,695.0,715.0,378.0,382.0,378.0
0.0,2495.0,1132.0,1139.0,1696.0,1497.0,729.0,351.0,417.0,378.0,382.0,379.0,366.0,375.0,391.0,865.0,833.0,797.0,729.0,351.0,417.0,378.0,382.0,379.0
0.0,3059.0,1304.0,1143.0,2057.0,760.0,524.0,115.0,121.0,380.0,384.0,379.0,434.0,451.0,419.0,783.0,1177.0,1099.0,524.0,115.0,121.0,380.0,384.0,379.0
0.0,3812.0,1166.0,1143.0,1497.0,429.0,176.0,165.0,88.0,380.0,384.0,379.0,381.0,401.0,384.0,996.0,1421.0,1395.0,176.0,165.0,88.0,380.0,384.0,379.0
0.0,4143.0,1187.0,1147.0,760.0,872.0,45.0,441.0,386.0,381.0,385.0,381.0,389.0,387.0,411.0,1344.0,1371.0,1428.0,45.0,441.0,386.0,381.0,385.0,381.0
0.0,3716.0,1172.0,1150.0,429.0,1627.0,266.0,667.0,694.0,382.0,386.0,382.0,393.0,387.0,392.0,1479.0,1099.0,1138.0,266.0,667.0,694.0,382.0,386.0,382.0
0.0,2973.0,1236.0,1152.0,872.0,1999.0,659.0,640.0,700.0,383.0,387.0,382.0,434.0,410.0,392.0,1262.0,877.0,834.0,659.0,640.0,700.0,383.0,387.0,382.0
0.0,2609.0,1066.0,1152.0,1627.0,1438.0,768.0,329.0,341.0,383.0,387.0,382.0,375.0,356.0,335.0,873.0,908.0,828.0,768.0,329.0,341.0,383.0,387.0,382.0
0.0,3170.0,1208.0,1154.0,1999.0,655.0,536.0,54.0,65.0,384.0,387.0,383.0,423.0,365.0,420.0,764.0,1219.0,1187.0,536.0,54.0,65.0,384.0,387.0,383.0
0.0,3961.0,1164.0,1154.0,1438.0,381.0,154.0,101.0,126.0,384.0,386.0,384.0,386.0,380.0,398.0,1000.0,1494.0,1467.0,154.0,101.0,126.0,384.0,386.0,384.0
0.0,4235.0,1104.0,1157.0,655.0,842.0,5.0,411.0,426.0,385.0,387.0,385.0,383.0,360.0,361.0,1382.0,1443.0,1410.0,5.0,411.0,426.0,385.0,387.0,385.0
0.0,3786.0,1178.0,1159.0,381.0,1647.0,267.0,697.0,683.0,386.0,387.0,386.0,412.0,387.0,379.0,1535.0,1137.0,1114.0,267.0,697.0,683.0,386.0,387.0,386.0
0.0,2989.0,1256.0,1162.0,842.0,2073.0,705.0,693.0,675.0,387.0,388.0,387.0,439.0,403.0,414.0,1277.0,851.0,861.0,705.0,693.0,675.0,387.0,388.0,387.0
0.0,2575.0,1172.0,1163.0,1647.0,1602.0,854.0,379.0,369.0,388.0,387.0,388.0,412.0,387.0,373.0,843.0,859.0,873.0,854.0,379.0,369.0,388.0,387.0,388.0
0.0,3050.0,1110.0,1163.0,2073.0,639.0,511.0,49.0,79.0,388.0,387.0,388.0,362.0,363.0,385.0,698.0,1169.0,1183.0,511.0,49.0,79.0,388.0,387.0,388.0
0.0,4013.0,1154.0,1165.0,1602.0,199.0,80.0,30.0,89.0,389.0,387.0,389.0,419.0,360.0,375.0,1041.0,1499.0,1473.0,80.0,30.0,89.0,389.0,387.0,389.0
0.0,4461.0,1188.0,1166.0,639.0,787.0,0.0,383.0,404.0,389.0,387.0,390.0,396.0,402.0,390.0,1476.0,1518.0,1467.0,0.0,383.0,404.0,389.0,387.0,390.0
0.0,3912.0,1187.0,1168.0,199.0,1748.0,275.0,752.0,721.0,389.0,388.0,391.0,390.0,395.0,402.0,1591.0,1165.0,1156.0,275.0,752.0,721.0,389.0,388.0,391.0
0.0,2924.0,1227.0,1171.0,787.0,2200.0,698.0,775.0,727.0,390.0,389.0,392.0,419.0,402.0,406.0,1281.0,800.0,843.0,698.0,775.0,727.0,390.0,389.0,392.0
0.0,2484.0,1088.0,1174.0,1748.0,1552.0,797.0,413.0,342.0,392.0,390.0,392.0,366.0,386.0,336.0,862.0,781.0,841.0,797.0,413.0,342.0,392.0,390.0,392.0
0.0,3144.0,1151.0,1174.0,2200.0,503.0,469.0,32.0,2.0,392.0,390.0,392.0,370.0,394.0,387.0,771.0,1147.0,1226.0,469.0,32.0,2.0,392.0,390.0,392.0
0.0,4193.0,1122.0,1174.0,1552.0,74.0,41.0,0.0,33.0,392.0,390.0,392.0,369.0,380.0,373.0,1099.0,1528.0,1566.0,41.0,0.0,33.0,392.0,390.0,392.0
0.0,4623.0,1211.0,1177.0,503.0,806.0,0.0,372.0,434.0,393.0,391.0,393.0,411.0,401.0,399.0,1527.0,1561.0,1535.0,0.0,372.0,434.0,393.0,391.0,393.0
0.0,3915.0,1139.0,1179.0,74.0,1866.0,335.0,751.0,780.0,394.0,392.0,393.0,385.0,375.0,379.0,1585.0,1192.0,1138.0,335.0,751.0,780.0,394.0,392.0,393.0
0.0,2850.0,1180.0,1181.0,806.0,2248.0,725.0,781.0,742.0,395.0,392.0,394.0,386.0,402.0,392.0,1241.0,817.0,792.0,725.0,781.0,742.0,395.0,392.0,394.0
0.0,2476.0,1239.0,1184.0,1866.0,1633.0,819.0,440.0,374.0,396.0,393.0,395.0,425.0,406.0,408.0,855.0,787.0,834.0,819.0,440.0,374.0,396.0,393.0,395.0
0.0,3103.0,1281.0,1186.0,2248.0,674.0,521.0,112.0,41.0,397.0,394.0,395.0,423.0,449.0,409.0,765.0,1132.0,1206.0,521.0,112.0,41.0,397.0,394.0,395.0
0.0,4070.0,1255.0,1189.0,1633.0,308.0,104.0,100.0,104.0,397.0,396.0,396.0,402.0,420.0,433.0,1067.0,1464.0,1539.0,104.0,100.0,104.0,397.0,396.0,396.0
0.0,4448.0,1273.0,1193.0,674.0,924.0,0.0,430.0,494.0,398.0,398.0,397.0,412.0,434.0,427.0,1484.0,1484.0,1480.0,0.0,430.0,494.0,398.0,398.0,397.0
0.0,3849.0,1251.0,1194.0,308.0,1870.0,293.0,751.0,826.0,398.0,398.0,398.0,398.0,421.0,432.0,1593.0,1162.0,1094.0,293.0,751.0,826.0,398.0,398.0,398.0
0.0,2906.0,1291.0,1195.0,924.0,2241.0,720.0,765.0,756.0,398.0,399.0,398.0,427.0,440.0,424.0,1299.0,841.0,766.0,720.0,765.0,756.0,398.0,399.0,398.0
0.0,2539.0,1283.0,1198.0,1870.0,1666.0,850.0,466.0,350.0,399.0,400.0,399.0,419.0,448.0,416.0,872.0,831.0,836.0,850.0,466.0,350.0,399.0,400.0,399.0
0.0,3126.0,1248.0,1200.0,2241.0,681.0,528.0,113.0,40.0,399.0,401.0,400.0,398.0,408.0,442.0,746.0,1134.0,1246.0,528.0,113.0,40.0,399.0,401.0,400.0
0.0,4119.0,1300.0,1203.0,1666.0,327.0,122.0,91.0,114.0,400.0,402.0,401.0,440.0,440.0,420.0,1068.0,1491.0,1560.0,122.0,91.0,114.0,400.0,402.0,401.0
0.0,4485.0,1369.0,1206.0,681.0,1027.0,52.0,475.0,500.0,401.0,404.0,401.0,454.0,489.0,426.0,1478.0,1517.0,1490.0,52.0,475.0,500.0,401.0,404.0,401.0
0.0,3797.0,1202.0,1206.0,327.0,1902.0,347.0,769.0,786.0,401.0,404.0,401.0,417.0,385.0,400.0,1552.0,1141.0,1104.0,347.0,769.0,786.0,401.0,404.0,401.0
0.0,2922.0,1355.0,1209.0,1027.0,2242.0,761.0,742.0,739.0,402.0,405.0,402.0,462.0,444.0,449.0,1257.0,847.0,818.0,761.0,742.0,739.0,402.0,405.0,402.0
0.0,2594.0,1353.0,1212.0,1902.0,1705.0,879.0,414.0,412.0,403.0,406.0,403.0,461.0,437.0,455.0,847.0,878.0,869.0,879.0,414.0,412.0,403.0,406.0,403.0
0.0,3143.0,1327.0,1215.0,2242.0,802.0,562.0,127.0,113.0,404.0,407.0,404.0,440.0,451.0,436.0,733.0,1210.0,1200.0,562.0,127.0,113.0,404.0,407.0,404.0
0.0,4058.0,1213.0,1213.0,1705.0,302.0,70.0,107.0,125.0,403.0,406.0,404.0,391.0,398.0,424.0,1054.0,1501.0,1503.0,70.0,107.0,125.0,403.0,406.0,404.0
0.0,4550.0,1311.0,1214.0,802.0,863.0,0.0,395.0,468.0,404.0,406.0,404.0,440.0,415.0,456.0,1542.0,1517.0,1491.0,0.0,395.0,468.0,404.0,406.0,404.0
0.0,4041.0,1422.0,1216.0,302.0,1943.0,328.0,769.0,846.0,404.0,407.0,405.0,446.0,477.0,499.0,1664.0,1229.0,1148.0,328.0,769.0,846.0,404.0,407.0,405.0
0.0,2921.0,1313.0,1220.0,863.0,2409.0,762.0,800.0,847.0,405.0,408.0,407.0,430.0,422.0,461.0,1288.0,859.0,774.0,762.0,800.0,847.0,405.0,408.0,407.0
0.0,2471.0,1215.0,1220.0,1943.0,1681.0,845.0,421.0,415.0,406.0,407.0,407.0,407.0,394.0,414.0,858.0,832.0,781.0,845.0,421.0,415.0,406.0,407.0,407.0
0.0,3199.0,1248.0,1221.0,2409.0,524.0,484.0,38.0,2.0,406.0,408.0,407.0,401.0,413.0,434.0,779.0,1207.0,1213.0,484.0,38.0,2.0,406.0,408.0,407.0
0.0,4360.0,1235.0,1219.0,1681.0,70.0,17.0,23.0,30.0,405.0,407.0,407.0,382.0,410.0,443.0,1140.0,1594.0,1626.0,17.0,23.0,30.0,405.0,407.0,407.0
0.0,4806.0,1270.0,1219.0,524.0,873.0,0.0,415.0,458.0,405.0,407.0,407.0,410.0,430.0,430.0,1603.0,1605.0,1598.0,0.0,415.0,458.0,405.0,407.0,407.0
0.0,4060.0,1251.0,1221.0,70.0,2005.0,342.0,807.0,856.0,406.0,407.0,408.0,412.0,415.0,424.0,1677.0,1213.0,1170.0,342.0,807.0,856.0,406.0,407.0,408.0
0.0,2879.0,1203.0,1220.0,873.0,2331.0,718.0,802.0,811.0,405.0,407.0,408.0,380.0,410.0,413.0,1282.0,821.0,776.0,718.0,802.0,811.0,405.0,407.0,408.0
0.0,2549.0,1118.0,1218.0,2005.0,1436.0,753.0,371.0,312.0,405.0,406.0,407.0,377.0,380.0,361.0,902.0,826.0,821.0,753.0,371.0,312.0,405.0,406.0,407.0
0.0,3436.0,1113.0,1216.0,2331.0,392.0,392.0,0.0,0.0,404.0,406.0,406.0,361.0,385.0,367.0,867.0,1253.0,1316.0,392.0,0.0,0.0,404.0,406.0,406.0
0.0,4654.0,1234.0,1219.0,1436.0,61.0,61.0,0.0,0.0,406.0,406.0,407.0,414.0,398.0,422.0,1224.0,1670.0,1760.0,61.0,0.0,0.0,406.0,406.0,407.0
0.0,4856.0,1195.0,1221.0,392.0,831.0,59.0,397.0,375.0,406.0,407.0,408.0,390.0,412.0,393.0,1563.0,1643.0,1650.0,59.0,397.0,375.0,406.0,407.0,408.0
0.0,4053.0,1327.0,1225.0,61.0,2113.0,451.0,841.0,821.0,408.0,408.0,409.0,445.0,440.0,442.0,1565.0,1231.0,1257.0,451.0,841.0,821.0,408.0,408.0,409.0
0.0,2787.0,1238.0,1223.0,831.0,2512.0,805.0,844.0,863.0,407.0,407.0,409.0,417.0,404.0,417.0,1181.0,791.0,815.0,805.0,844.0,863.0,407.0,407.0,409.0
0.0,2380.0,1259.0,1225.0,2113.0,1666.0,778.0,421.0,467.0,408.0,407.0,410.0,420.0,418.0,421.0,823.0,784.0,773.0,778.0,421.0,467.0,408.0,407.0,410.0
0.0,3234.0,1236.0,1226.0,2512.0,404.0,399.0,0.0,5.0,409.0,408.0,409.0,422.0,409.0,405.0,854.0,1207.0,1173.0,399.0,0.0,5.0,409.0,408.0,409.0
0.0,4510.0,1241.0,1227.0,1666.0,49.0,49.0,0.0,0.0,409.0,408.0,410.0,428.0,392.0,421.0,1237.0,1642.0,1631.0,49.0,0.0,0.0,409.0,408.0,410.0
0.0,4935.0,1258.0,1228.0,404.0,831.0,97.0,377.0,357.0,410.0,408.0,410.0,443.0,416.0,399.0,1587.0,1671.0,1677.0,97.0,377.0,357.0,410.0,408.0,410.0
0.0,4081.0,1201.0,1230.0,49.0,1991.0,461.0,778.0,752.0,410.0,409.0,411.0,413.0,397.0,391.0,1543.0,1255.0,1283.0,461.0,778.0,752.0,410.0,409.0,411.0
0.0,2929.0,1154.0,1229.0,831.0,2310.0,787.0,782.0,741.0,410.0,409.0,410.0,423.0,381.0,350.0,1179.0,858.0,892.0,787.0,782.0,741.0,410.0,409.0,410.0
0.0,2606.0,1238.0,1231.0,1991.0,1565.0,738.0,428.0,399.0,411.0,410.0,410.0,408.0,420.0,410.0,853.0,854.0,899.0,738.0,428.0,399.0,411.0,410.0,410.0
0.0,3359.0,1224.0,1234.0,2310.0,491.0,382.0,62.0,47.0,412.0,411.0,411.0,427.0,412.0,385.0,906.0,1212.0,1241.0,382.0,62.0,47.0,412.0,411.0,411.0
0.0,4445.0,1390.0,1237.0,1565.0,328.0,118.0,108.0,102.0,413.0,412.0,412.0,470.0,470.0,450.0,1266.0,1582.0,1597.0,118.0,108.0,102.0,413.0,412.0,412.0
0.0,4620.0,1265.0,1237.0,491.0,1102.0,158.0,475.0,469.0,412.0,413.0,412.0,426.0,425.0,414.0,1534.0,1540.0,1546.0,158.0,475.0,469.0,412.0,413.0,412.0
0.0,3846.0,1295.0,1240.0,328.0,2081.0,475.0,807.0,799.0,413.0,414.0,413.0,431.0,436.0,428.0,1490.0,1177.0,1179.0,475.0,807.0,799.0,413.0,414.0,413.0
0.0,2879.0,1288.0,1243.0,1102.0,2279.0,742.0,788.0,749.0,414.0,415.0,414.0,421.0,452.0,415.0,1177.0,849.0,853.0,742.0,788.0,749.0,414.0,415.0,414.0
0.0,2693.0,1279.0,1245.0,2081.0,1485.0,711.0,416.0,358.0,414.0,417.0,414.0,444.0,427.0,408.0,914.0,872.0,907.0,711.0,416.0,358.0,414.0,417.0,414.0
0.0,3495.0,1249.0,1246.0,2279.0,459.0,369.0,47.0,43.0,414.0,417.0,415.0,400.0,419.0,430.0,945.0,1252.0,1298.0,369.0,47.0,43.0,414.0,417.0,415.0
0.0,4525.0,1384.0,1251.0,1485.0,378.0,118.0,116.0,144.0,416.0,419.0,416.0,452.0,477.0,455.0,1287.0,1621.0,1617.0,118.0,116.0,144.0,416.0,419.0,416.0
0.0,4626.0,1158.0,1250.0,459.0,1073.0,117.0,472.0,484.0,415.0,419.0,416.0,372.0,403.0,383.0,1546.0,1560.0,1520.0,117.0,472.0,484.0,415.0,419.0,416.0
0.0,3927.0,1263.0,1252.0,378.0,1966.0,425.0,768.0,773.0,416.0,419.0,417.0,422.0,412.0,429.0,1543.0,1204.0,1180.0,425.0,768.0,773.0,416.0,419.0,417.0
0.0,3042.0,1270.0,1254.0,1073.0,2171.0,703.0,740.0,728.0,416.0,420.0,418.0,395.0,440.0,435.0,1239.0,908.0,895.0,703.0,740.0,728.0,416.0,420.0,418.0
0.0,2845.0,1227.0,1257.0,1966.0,1444.0,686.0,387.0,371.0,417.0,421.0,419.0,404.0,411.0,412.0,961.0,940.0,944.0,686.0,387.0,371.0,417.0,421.0,419.0
0.0,3584.0,1236.0,1258.0,2171.0,513.0,382.0,52.0,79.0,417.0,421.0,420.0,399.0,405.0,432.0,982.0,1297.0,1305.0,382.0,52.0,79.0,417.0,421.0,420.0
0.0,4519.0,1218.0,1258.0,1444.0,287.0,105.0,77.0,105.0,417.0,421.0,420.0,409.0,412.0,397.0,1286.0,1632.0,1601.0,105.0,77.0,105.0,417.0,421.0,420.0
0.0,4745.0,1234.0,1260.0,513.0,1016.0,133.0,428.0,455.0,418.0,421.0,421.0,406.0,403.0,425.0,1563.0,1607.0,1575.0,133.0,428.0,455.0,418.0,421.0,421.0
0.0,4024.0,1275.0,1261.0,287.0,2008.0,406.0,776.0,826.0,417.0,422.0,422.0,382.0,421.0,472.0,1539.0,1256.0,1229.0,406.0,776.0,826.0,417.0,422.0,422.0
0.0,3036.0,1286.0,1261.0,1016.0,2278.0,696.0,755.0,827.0,417.0,421.0,423.0,423.0,411.0,452.0,1262.0,912.0,862.0,696.0,755.0,827.0,417.0,421.0,423.0
0.0,2766.0,1248.0,1260.0,2008.0,1514.0,717.0,371.0,426.0,417.0,420.0,423.0,427.0,396.0,425.0,972.0,929.0,865.0,717.0,371.0,426.0,417.0,420.0,423.0
0.0,3526.0,1220.0,1260.0,2278.0,456.0,418.0,11.0,27.0,417.0,420.0,423.0,397.0,395.0,428.0,951.0,1309.0,1266.0,418.0,11.0,27.0,417.0,420.0,423.0
0.0,4584.0,1333.0,1261.0,1514.0,279.0,156.0,65.0,58.0,418.0,420.0,423.0,451.0,425.0,457.0,1250.0,1669.0,1665.0,156.0,65.0,58.0,418.0,420.0,423.0
0.0,4765.0,1388.0,1263.0,456.0,1219.0,207.0,505.0,507.0,419.0,420.0,424.0,465.0,451.0,472.0,1516.0,1615.0,1634.0,207.0,505.0,507.0,419.0,420.0,424.0
0.0,3833.0,1308.0,1263.0,279.0,2248.0,485.0,879.0,884.0,419.0,420.0,424.0,434.0,439.0,435.0,1469.0,1175.0,1189.0,485.0,879.0,884.0,419.0,420.0,424.0
0.0,2804.0,1335.0,1265.0,1219.0,2372.0,720.0,812.0,840.0,420.0,420.0,425.0,438.0,438.0,459.0,1191.0,801.0,812.0,720.0,812.0,840.0,420.0,420.0,425.0
0.0,2688.0,1357.0,1265.0,2248.0,1481.0,711.0,370.0,400.0,420.0,420.0,425.0,476.0,437.0,444.0,960.0,868.0,860.0,711.0,370.0,400.0,420.0,420.0,425.0
0.0,3579.0,1333.0,1266.0,2372.0,482.0,463.0,0.0,19.0,421.0,419.0,426.0,468.0,410.0,455.0,969.0,1310.0,1300.0,463.0,0.0,19.0,421.0,419.0,426.0
0.0,4618.0,1339.0,1269.0,1481.0,316.0,212.0,25.0,79.0,422.0,420.0,427.0,456.0,427.0,456.0,1221.0,1712.0,1685.0,212.0,25.0,79.0,422.0,420.0,427.0
0.0,4760.0,1364.0,1268.0,482.0,1194.0,229.0,449.0,516.0,422.0,419.0,427.0,480.0,428.0,456.0,1476.0,1655.0,1629.0,229.0,449.0,516.0,422.0,419.0,427.0
0.0,3878.0,1298.0,1266.0,316.0,2168.0,452.0,858.0,858.0,421.0,419.0,426.0,439.0,434.0,425.0,1459.0,1227.0,1192.0,452.0,858.0,858.0,421.0,419.0,426.0
0.0,2896.0,1295.0,1266.0,1194.0,2269.0,645.0,836.0,788.0,421.0,419.0,426.0,422.0,427.0,446.0,1232.0,818.0,846.0,645.0,836.0,788.0,421.0,419.0,426.0
0.0,2795.0,1362.0,1269.0,2168.0,1475.0,655.0,425.0,395.0,422.0,420.0,427.0,458.0,443.0,461.0,1039.0,840.0,916.0,655.0,425.0,395.0,422.0,420.0,427.0
0.0,3601.0,1420.0,1271.0,2269.0,634.0,503.0,56.0,75.0,423.0,421.0,427.0,489.0,463.0,468.0,1033.0,1255.0,1313.0,503.0,56.0,75.0,423.0,421.0,427.0
0.0,4450.0,1398.0,1271.0,1475.0,557.0,312.0,84.0,161.0,424.0,420.0,427.0,460.0,457.0,481.0,1189.0,1628.0,1633.0,312.0,84.0,161.0,424.0,420.0,427.0
0.0,4527.0,1380.0,1273.0,634.0,1311.0,297.0,472.0,542.0,425.0,421.0,427.0,484.0,440.0,456.0,1384.0,1596.0,1547.0,297.0,472.0,542.0,425.0,421.0,427.0
0.0,3781.0,1432.0,1276.0,557.0,2198.0,456.0,865.0,877.0,426.0,422.0,428.0,467.0,473.0,492.0,1403.0,1212.0,1166.0,456.0,865.0,877.0,426.0,422.0,428.0
0.0,2906.0,1309.0,1278.0,1311.0,2204.0,606.0,838.0,760.0,427.0,423.0,428.0,443.0,441.0,425.0,1248.0,823.0,835.0,606.0,838.0,760.0,427.0,423.0,428.0
0.0,2908.0,1334.0,1280.0,2198.0,1348.0,597.0,432.0,319.0,428.0,424.0,428.0,443.0,455.0,436.0,1102.0,854.0,952.0,597.0,432.0,319.0,428.0,424.0,428.0
0.0,3772.0,1223.0,1279.0,2204.0,402.0,392.0,10.0,0.0,428.0,423.0,428.0,401.0,420.0,402.0,1115.0,1264.0,1393.0,392.0,10.0,0.0,428.0,423.0,428.0
0.0,4753.0,1310.0,1280.0,1348.0,329.0,235.0,33.0,61.0,428.0,424.0,428.0,440.0,451.0,419.0,1320.0,1682.0,1751.0,235.0,33.0,61.0,428.0,424.0,428.0
0.0,4791.0,1313.0,1282.0,402.0,1248.0,252.0,501.0,495.0,429.0,425.0,428.0,405.0,474.0,434.0,1477.0,1663.0,1651.0,252.0,501.0,495.0,429.0,425.0,428.0
0.0,3880.0,1328.0,1286.0,329.0,2263.0,463.0,927.0,873.0,430.0,427.0,429.0,442.0,451.0,435.0,1464.0,1199.0,1217.0,463.0,927.0,873.0,430.0,427.0,429.0
0.0,2881.0,1396.0,1291.0,1248.0,2431.0,682.0,913.0,836.0,432.0,428.0,431.0,463.0,483.0,450.0,1257.0,781.0,843.0,682.0,913.0,836.0,432.0,428.0,431.0
0.0,2733.0,1363.0,1294.0,2263.0,1543.0,652.0,455.0,436.0,432.0,430.0,432.0,433.0,461.0,469.0,1046.0,799.0,888.0,652.0,455.0,436.0,432.0,430.0,432.0
0.0,3633.0,1355.0,1297.0,2431.0,491.0,442.0,0.0,49.0,434.0,430.0,433.0,464.0,446.0,445.0,1076.0,1265.0,1292.0,442.0,0.0,49.0,434.0,430.0,433.0
0.0,4709.0,1385.0,1298.0,1543.0,325.0,265.0,21.0,39.0,434.0,431.0,433.0,475.0,484.0,426.0,1294.0,1732.0,1683.0,265.0,21.0,39.0,434.0,431.0,433.0
0.0,4867.0,1398.0,1301.0,491.0,1244.0,305.0,512.0,427.0,435.0,433.0,433.0,478.0,483.0,437.0,1471.0,1703.0,1693.0,305.0,512.0,427.0,435.0,433.0,433.0
0.0,3960.0,1455.0,1305.0,325.0,2390.0,558.0,989.0,843.0,437.0,434.0,434.0,510.0,494.0,451.0,1435.0,1220.0,1305.0,558.0,989.0,843.0,437.0,434.0,434.0
0.0,2830.0,1418.0,1308.0,1244.0,2576.0,747.0,949.0,880.0,438.0,435.0,435.0,490.0,468.0,460.0,1190.0,747.0,893.0,747.0,949.0,880.0,438.0,435.0,435.0
0.0,2656.0,1292.0,1309.0,2390.0,1482.0,649.0,391.0,442.0,439.0,436.0,434.0,456.0,427.0,409.0,1005.0,791.0,860.0,649.0,391.0,442.0,439.0,436.0,434.0
0.0,3754.0,1338.0,1310.0,2576.0,364.0,360.0,0.0,4.0,439.0,436.0,435.0,458.0,442.0,438.0,1107.0,1353.0,1294.0,360.0,0.0,4.0,439.0,436.0,435.0
0.0,4992.0,1341.0,1313.0,1482.0,176.0,170.0,0.0,6.0,440.0,437.0,436.0,455.0,446.0,440.0,1396.0,1860.0,1736.0,170.0,0.0,6.0,440.0,437.0,436.0
0.0,5133.0,1453.0,1319.0,364.0,1232.0,299.0,459.0,474.0,441.0,440.0,438.0,485.0,504.0,464.0,1590.0,1805.0,1738.0,299.0,459.0,474.0,441.0,440.0,438.0
0.0,4044.0,1327.0,1321.0,176.0,2391.0,587.0,906.0,898.0,442.0,440.0,439.0,454.0,447.0,426.0,1465.0,1301.0,1278.0,587.0,906.0,898.0,442.0,440.0,439.0
0.0,2893.0,1289.0,1322.0,1232.0,2452.0,726.0,897.0,829.0,442.0,441.0,439.0,438.0,446.0,405.0,1181.0,854.0,858.0,726.0,897.0,829.0,442.0,441.0,439.0
0.0,2836.0,1290.0,1321.0,2391.0,1347.0,581.0,397.0,369.0,442.0,440.0,439.0,442.0,410.0,438.0,1042.0,867.0,927.0,581.0,397.0,369.0,442.0,440.0,439.0
0.0,3937.0,1345.0,1322.0,2452.0,324.0,324.0,0.0,0.0,443.0,440.0,439.0,465.0,440.0,440.0,1187.0,1363.0,1387.0,324.0,0.0,0.0,443.0,440.0,439.0
0.0,5044.0,1303.0,1322.0,1347.0,213.0,187.0,0.0,26.0,443.0,440.0,439.0,444.0,444.0,415.0,1448.0,1820.0,1776.0,187.0,0.0,26.0,443.0,440.0,439.0
0.0,5088.0,1308.0,1323.0,324.0,1188.0,289.0,420.0,479.0,443.0,440.0,440.0,426.0,433.0,449.0,1585.0,1773.0,1730.0,289.0,420.0,479.0,443.0,440.0,440.0
0.0,4104.0,1224.0,1321.0,213.0,2191.0,510.0,803.0,878.0,442.0,439.0,440.0,412.0,387.0,425.0,1483.0,1340.0,1281.0,510.0,803.0,878.0,442.0,439.0,440.0
0.0,3093.0,1332.0,1322.0,1188.0,2339.0,663.0,817.0,859.0,443.0,439.0,440.0,438.0,434.0,460.0,1258.0,953.0,882.0,663.0,817.0,859.0,443.0,439.0,440.0
0.0,2949.0,1357.0,1322.0,2191.0,1505.0,613.0,464.0,428.0,443.0,439.0,440.0,460.0,450.0,447.0,1109.0,939.0,901.0,613.0,464.0,428.0,443.0,439.0,440.0
0.0,3783.0,1306.0,1325.0,2339.0,484.0,379.0,94.0,11.0,444.0,440.0,441.0,425.0,443.0,438.0,1159.0,1292.0,1332.0,379.0,94.0,11.0,444.0,440.0,441.0
0.0,4816.0,1368.0,1327.0,1505.0,355.0,229.0,67.0,59.0,445.0,440.0,442.0,459.0,437.0,472.0,1397.0,1666.0,1753.0,229.0,67.0,59.0,445.0,440.0,442.0
0.0,4953.0,1292.0,1328.0,484.0,1167.0,266.0,395.0,506.0,445.0,440.0,443.0,416.0,422.0,454.0,1551.0,1693.0,1709.0,266.0,395.0,506.0,445.0,440.0,443.0
0.0,4145.0,1296.0,1329.0,355.0,2112.0,444.0,742.0,926.0,445.0,440.0,444.0,407.0,414.0,475.0,1514.0,1365.0,1266.0,444.0,742.0,926.0,445.0,440.0,444.0
0.0,3204.0,1316.0,1331.0,1167.0,2269.0,598.0,777.0,894.0,446.0,440.0,445.0,416.0,430.0,470.0,1336.0,1018.0,850.0,598.0,777.0,894.0,446.0,440.0,445.0
0.0,3055.0,1488.0,1336.0,2112.0,1665.0,670.0,529.0,466.0,448.0,442.0,446.0,508.0,486.0,494.0,1186.0,983.0,886.0,670.0,529.0,466.0,448.0,442.0,446.0
0.0,3679.0,1311.0,1338.0,2269.0,715.0,506.0,202.0,7.0,448.0,443.0,447.0,434.0,446.0,431.0,1122.0,1239.0,1318.0,506.0,202.0,7.0,448.0,443.0,447.0
0.0,4637.0,1346.0,1338.0,1665.0,406.0,277.0,129.0,0.0,449.0,443.0,446.0,437.0,456.0,453.0,1286.0,1570.0,1781.0,277.0,129.0,0.0,449.0,443.0,446.0
0.0,4956.0,1320.0,1339.0,715.0,1005.0,197.0,374.0,434.0,449.0,444.0,446.0,426.0,443.0,451.0,1519.0,1643.0,1794.0,197.0,374.0,434.0,449.0,444.0,446.0
0.0,4351.0,1382.0,1342.0,406.0,1993.0,367.0,714.0,912.0,450.0,445.0,447.0,443.0,465.0,474.0,1599.0,1402.0,1350.0,367.0,714.0,912.0,450.0,445.0,447.0
0.0,3375.0,1365.0,1344.0,1005.0,2361.0,606.0,796.0,959.0,450.0,446.0,448.0,436.0,452.0,477.0,1433.0,1066.0,876.0,606.0,796.0,959.0,450.0,446.0,448.0
0.0,3015.0,1368.0,1345.0,1993.0,1740.0,694.0,547.0,499.0,450.0,447.0,448.0,455.0,461.0,452.0,1194.0,988.0,833.0,694.0,547.0,499.0,450.0,447.0,448.0
0.0,3640.0,1343.0,1345.0,2361.0,725.0,509.0,216.0,0.0,450.0,447.0,448.0,421.0,465.0,457.0,1106.0,1241.0,1293.0,509.0,216.0,0.0,450.0,447.0,448.0
0.0,4658.0,1310.0,1344.0,1740.0,369.0,243.0,126.0,0.0,449.0,448.0,447.0,432.0,453.0,425.0,1291.0,1572.0,1795.0,243.0,126.0,0.0,449.0,448.0,447.0
0.0,5088.0,1389.0,1345.0,725.0,956.0,202.0,376.0,378.0,450.0,448.0,447.0,464.0,466.0,459.0,1553.0,1666.0,1869.0,202.0,376.0,378.0,450.0,448.0,447.0
0.0,4424.0,1418.0,1346.0,369.0,2009.0,447.0,708.0,854.0,450.0,448.0,448.0,488.0,458.0,472.0,1598.0,1416.0,1410.0,447.0,708.0,854.0,450.0,448.0,448.0
0.0,3375.0,1476.0,1350.0,956.0,2545.0,739.0,824.0,982.0,451.0,450.0,449.0,490.0,484.0,502.0,1353.0,1084.0,938.0,739.0,824.0,982.0,451.0,450.0,449.0
0.0,2855.0,1442.0,1351.0,2009.0,1982.0,785.0,597.0,600.0,451.0,451.0,449.0,493.0,477.0,472.0,1065.0,976.0,814.0,785.0,597.0,600.0,451.0,451.0,449.0
0.0,3422.0,1459.0,1353.0,2545.0,904.0,526.0,282.0,96.0,451.0,452.0,450.0,480.0,505.0,474.0,1019.0,1207.0,1196.0,526.0,282.0,96.0,451.0,452.0,450.0
0.0,4508.0,1437.0,1355.0,1982.0,401.0,230.0,171.0,0.0,452.0,453.0,450.0,485.0,482.0,470.0,1278.0,1526.0,1704.0,230.0,171.0,0.0,452.0,453.0,450.0
0.0,5053.0,1407.0,1358.0,904.0,882.0,146.0,385.0,351.0,453.0,454.0,451.0,438.0,492.0,477.0,1578.0,1641.0,1834.0,146.0,385.0,351.0,453.0,454.0,451.0
0.0,4550.0,1323.0,1357.0,401.0,1800.0,354.0,675.0,771.0,452.0,455.0,450.0,442.0,457.0,424.0,1666.0,1431.0,1453.0,354.0,675.0,771.0,452.0,455.0,450.0
0.0,3628.0,1288.0,1354.0,882.0,2194.0,639.0,714.0,841.0,451.0,454.0,449.0,435.0,428.0,425.0,1454.0,1145.0,1029.0,639.0,714.0,841.0,451.0,454.0,449.0
0.0,3222.0,1473.0,1356.0,1800.0,1875.0,785.0,538.0,552.0,452.0,455.0,449.0,496.0,495.0,482.0,1165.0,1102.0,955.0,785.0,538.0,552.0,452.0,455.0,449.0
0.0,3549.0,1450.0,1358.0,2194.0,1139.0,631.0,316.0,192.0,452.0,456.0,450.0,485.0,488.0,477.0,1023.0,1282.0,1244.0,631.0,316.0,192.0,452.0,456.0,450.0
0.0,4293.0,1419.0,1357.0,1875.0,679.0,328.0,265.0,86.0,452.0,456.0,449.0,482.0,487.0,450.0,1177.0,1508.0,1608.0,328.0,265.0,86.0,452.0,456.0,449.0
0.0,4749.0,1363.0,1358.0,1139.0,907.0,141.0,411.0,355.0,452.0,456.0,450.0,444.0,462.0,457.0,1480.0,1559.0,1710.0,141.0,411.0,355.0,452.0,456.0,450.0
0.0,4525.0,1501.0,1362.0,679.0,1745.0,293.0,677.0,775.0,453.0,458.0,451.0,476.0,523.0,502.0,1667.0,1413.0,1445.0,293.0,677.0,775.0,453.0,458.0,451.0
0.0,3703.0,1344.0,1365.0,907.0,2194.0,598.0,733.0,863.0,454.0,459.0,452.0,442.0,463.0,439.0,1519.0,1155.0,1029.0,598.0,733.0,863.0,454.0,459.0,452.0
0.0,3266.0,1326.0,1364.0,1745.0,1771.0,748.0,491.0,532.0,454.0,458.0,452.0,443.0,439.0,444.0,1218.0,1103.0,945.0,748.0,491.0,532.0,454.0,458.0,452.0
0.0,3685.0,1419.0,1366.0,2194.0,1004.0,638.0,214.0,152.0,455.0,458.0,453.0,484.0,456.0,479.0,1068.0,1341.0,1276.0,638.0,214.0,152.0,455.0,458.0,453.0
0.0,4460.0,1431.0,1369.0,1771.0,676.0,363.0,227.0,86.0,456.0,459.0,454.0,469.0,500.0,462.0,1182.0,1618.0,1660.0,363.0,227.0,86.0,456.0,459.0,454.0
0.0,4800.0,1432.0,1369.0,1004.0,1104.0,191.0,498.0,415.0,456.0,459.0,454.0,466.0,485.0,481.0,1461.0,1609.0,1730.0,191.0,498.0,415.0,456.0,459.0,454.0
0.0,4372.0,1399.0,1369.0,676.0,1827.0,295.0,727.0,805.0,456.0,459.0,454.0,467.0,456.0,476.0,1633.0,1338.0,1401.0,295.0,727.0,805.0,456.0,459.0,454.0
0.0,3649.0,1327.0,1369.0,1104.0,2050.0,544.0,671.0,835.0,456.0,459.0,454.0,440.0,442.0,445.0,1529.0,1109.0,1011.0,544.0,671.0,835.0,456.0,459.0,454.0
0.0,3426.0,1332.0,1368.0,1827.0,1551.0,694.0,379.0,478.0,455.0,458.0,455.0,449.0,439.0,444.0,1280.0,1165.0,981.0,694.0,379.0,478.0,455.0,458.0,455.0
0.0,3921.0,1445.0,1370.0,2050.0,954.0,642.0,173.0,139.0,456.0,458.0,456.0,488.0,465.0,492.0,1126.0,1453.0,1342.0,642.0,173.0,139.0,456.0,458.0,456.0
0.0,4526.0,1364.0,1367.0,1551.0,755.0,390.0,240.0,125.0,454.0,457.0,456.0,450.0,450.0,464.0,1182.0,1659.0,1685.0,390.0,240.0,125.0,454.0,457.0,456.0
0.0,4713.0,1384.0,1366.0,954.0,1181.0,215.0,515.0,451.0,454.0,456.0,456.0,467.0,452.0,465.0,1426.0,1588.0,1699.0,215.0,515.0,451.0,454.0,456.0,456.0
0.0,4283.0,1348.0,1367.0,755.0,1778.0,299.0,703.0,776.0,454.0,456.0,457.0,474.0,428.0,446.0,1601.0,1309.0,1373.0,299.0,703.0,776.0,454.0,456.0,457.0
0.0,3690.0,1462.0,1370.0,1181.0,2071.0,567.0,672.0,832.0,455.0,457.0,458.0,479.0,480.0,503.0,1517.0,1121.0,1052.0,567.0,672.0,832.0,455.0,457.0,458.0
0.0,3409.0,1423.0,1372.0,1778.0,1724.0,744.0,436.0,544.0,455.0,458.0,459.0,476.0,463.0,484.0,1253.0,1156.0,1000.0,744.0,436.0,544.0,455.0,458.0,459.0
0.0,3764.0,1435.0,1372.0,2071.0,1088.0,681.0,219.0,188.0,456.0,457.0,459.0,500.0,459.0,476.0,1076.0,1396.0,1292.0,681.0,219.0,188.0,456.0,457.0,459.0
0.0,4400.0,1439.0,1373.0,1724.0,807.0,419.0,247.0,141.0,456.0,457.0,460.0,482.0,464.0,493.0,1143.0,1609.0,1648.0,419.0,247.0,141.0,456.0,457.0,460.0
0.0,4685.0,1351.0,1374.0,1088.0,1074.0,186.0,472.0,416.0,456.0,457.0,461.0,448.0,444.0,459.0,1405.0,1581.0,1699.0,186.0,472.0,416.0,456.0,457.0,461.0
0.0,4422.0,1344.0,1376.0,807.0,1619.0,216.0,672.0,731.0,456.0,458.0,462.0,449.0,443.0,452.0,1638.0,1356.0,1428.0,216.0,672.0,731.0,456.0,458.0,462.0
0.0,3885.0,1507.0,1379.0,1074.0,2064.0,556.0,704.0,804.0,457.0,459.0,463.0,522.0,500.0,485.0,1608.0,1160.0,1117.0,556.0,704.0,804.0,457.0,459.0,463.0
0.0,3452.0,1476.0,1382.0,1619.0,1933.0,828.0,524.0,581.0,458.0,460.0,464.0,484.0,488.0,504.0,1272.0,1132.0,1048.0,828.0,524.0,581.0,458.0,460.0,464.0
0.0,3595.0,1379.0,1383.0,2064.0,1252.0,735.0,282.0,235.0,459.0,460.0,464.0,459.0,462.0,458.0,1004.0,1316.0,1275.0,735.0,282.0,235.0,459.0,460.0,464.0
0.0,4280.0,1496.0,1388.0,1933.0,835.0,400.0,250.0,185.0,460.0,462.0,466.0,489.0,484.0,523.0,1101.0,1558.0,1621.0,400.0,250.0,185.0,460.0,462.0,466.0
0.0,4717.0,1360.0,1389.0,1252.0,947.0,126.0,412.0,409.0,461.0,462.0,466.0,457.0,444.0,459.0,1440.0,1598.0,1679.0,126.0,412.0,409.0,461.0,462.0,466.0
0.0,4609.0,1362.0,1389.0,835.0,1474.0,151.0,616.0,707.0,460.0,462.0,467.0,429.0,454.0,479.0,1718.0,1436.0,1455.0,151.0,616.0,707.0,460.0,462.0,467.0
0.0,4082.0,1369.0,1390.0,947.0,1900.0,465.0,653.0,782.0,460.0,462.0,468.0,440.0,449.0,480.0,1689.0,1232.0,1161.0,465.0,653.0,782.0,460.0,462.0,468.0
0.0,3660.0,1402.0,1391.0,1474.0,1832.0,768.0,527.0,537.0,460.0,463.0,468.0,454.0,486.0,462.0,1375.0,1195.0,1090.0,768.0,527.0,537.0,460.0,463.0,468.0
0.0,3732.0,1438.0,1393.0,1900.0,1378.0,774.0,354.0,250.0,461.0,464.0,468.0,467.0,476.0,495.0,1072.0,1325.0,1335.0,774.0,354.0,250.0,461.0,464.0,468.0
0.0,4194.0,1447.0,1397.0,1832.0,1009.0,469.0,326.0,214.0,462.0,466.0,469.0,459.0,491.0,497.0,1070.0,1502.0,1622.0,469.0,326.0,214.0,462.0,466.0,469.0
0.0,4579.0,1468.0,1400.0,1378.0,1111.0,183.0,462.0,466.0,464.0,467.0,469.0,480.0,486.0,502.0,1379.0,1538.0,1662.0,183.0,462.0,466.0,464.0,467.0,469.0
0.0,4489.0,1354.0,1397.0,1009.0,1444.0,129.0,589.0,726.0,462.0,466.0,469.0,423.0,457.0,474.0,1673.0,1406.0,1410.0,129.0,589.0,726.0,462.0,466.0,469.0
0.0,4144.0,1510.0,1400.0,1111.0,1855.0,457.0,634.0,764.0,463.0,467.0,470.0,507.0,503.0,500.0,1719.0,1275.0,1150.0,457.0,634.0,764.0,463.0,467.0,470.0
0.0,3745.0,1393.0,1402.0,1444.0,1812.0,803.0,522.0,487.0,464.0,468.0,470.0,471.0,473.0,449.0,1395.0,1234.0,1116.0,803.0,522.0,487.0,464.0,468.0,470.0
0.0,3796.0,1490.0,1405.0,1855.0,1459.0,820.0,403.0,236.0,465.0,469.0,471.0,470.0,511.0,509.0,1053.0,1350.0,1393.0,820.0,403.0,236.0,465.0,469.0,471.0
0.0,4161.0,1273.0,1402.0,1812.0,908.0,440.0,296.0,172.0,464.0,468.0,470.0,427.0,419.0,427.0,1040.0,1473.0,1648.0,440.0,296.0,172.0,464.0,468.0,470.0
0.0,4700.0,1376.0,1404.0,1459.0,833.0,87.0,373.0,373.0,465.0,469.0,470.0,463.0,476.0,437.0,1416.0,1576.0,1708.0,87.0,373.0,373.0,465.0,469.0,470.0
0.0,4783.0,1390.0,1404.0,908.0,1315.0,113.0,537.0,665.0,465.0,469.0,470.0,466.0,460.0,464.0,1773.0,1503.0,1507.0,113.0,537.0,665.0,465.0,469.0,470.0
0.0,4301.0,1442.0,1405.0,833.0,1928.0,507.0,641.0,780.0,466.0,469.0,470.0,477.0,477.0,488.0,1747.0,1339.0,1215.0,507.0,641.0,780.0,466.0,469.0,470.0
0.0,3692.0,1401.0,1407.0,1315.0,2022.0,869.0,574.0,579.0,467.0,469.0,471.0,471.0,470.0,460.0,1357.0,1235.0,1100.0,869.0,574.0,579.0,467.0,469.0,471.0
0.0,3606.0,1349.0,1407.0,1928.0,1443.0,833.0,376.0,234.0,467.0,469.0,471.0,471.0,443.0,435.0,999.0,1302.0,1305.0,833.0,376.0,234.0,467.0,469.0,471.0
0.0,4185.0,1452.0,1407.0,2022.0,873.0,461.0,273.0,139.0,467.0,469.0,471.0,497.0,471.0,484.0,1035.0,1500.0,1650.0,461.0,273.0,139.0,467.0,469.0,471.0
0.0,4755.0,1471.0,1407.0,1443.0,901.0,156.0,364.0,381.0,468.0,469.0,470.0,524.0,467.0,480.0,1407.0,1603.0,1745.0,156.0,364.0,381.0,468.0,469.0,470.0
0.0,4727.0,1492.0,1408.0,873.0,1524.0,206.0,568.0,750.0,468.0,469.0,471.0,511.0,477.0,504.0,1716.0,1512.0,1499.0,206.0,568.0,750.0,468.0,469.0,471.0
0.0,4108.0,1409.0,1407.0,901.0,2028.0,530.0,676.0,822.0,468.0,468.0,471.0,480.0,476.0,453.0,1666.0,1308.0,1134.0,530.0,676.0,822.0,468.0,468.0,471.0
0.0,3600.0,1370.0,1405.0,1524.0,1866.0,810.0,528.0,528.0,468.0,467.0,470.0,486.0,424.0,460.0,1342.0,1196.0,1062.0,810.0,528.0,528.0,468.0,467.0,470.0
0.0,3754.0,1468.0,1408.0,2028.0,1318.0,789.0,337.0,192.0,470.0,467.0,471.0,501.0,485.0,482.0,1062.0,1340.0,1352.0,789.0,337.0,192.0,470.0,467.0,471.0
0.0,4314.0,1318.0,1407.0,1866.0,766.0,443.0,226.0,97.0,470.0,466.0,471.0,464.0,421.0,433.0,1091.0,1531.0,1692.0,443.0,226.0,97.0,470.0,466.0,471.0
0.0,4862.0,1433.0,1410.0,1318.0,893.0,150.0,366.0,377.0,471.0,467.0,472.0,492.0,473.0,468.0,1437.0,1638.0,1787.0,150.0,366.0,377.0,471.0,467.0,472.0
0.0,4747.0,1471.0,1409.0,766.0,1594.0,220.0,623.0,751.0,471.0,467.0,471.0,513.0,483.0,475.0,1734.0,1502.0,1511.0,220.0,623.0,751.0,471.0,467.0,471.0
0.0,4042.0,1502.0,1411.0,893.0,2211.0,592.0,745.0,874.0,472.0,467.0,472.0,518.0,488.0,496.0,1664.0,1245.0,1133.0,592.0,745.0,874.0,472.0,467.0,472.0
0.0,3433.0,1412.0,1410.0,1594.0,2025.0,846.0,589.0,590.0,472.0,466.0,472.0,474.0,471.0,467.0,1296.0,1123.0,1014.0,846.0,589.0,590.0,472.0,466.0,472.0
0.0,3615.0,1337.0,1410.0,2211.0,1151.0,695.0,302.0,154.0,472.0,466.0,472.0,441.0,458.0,438.0,1042.0,1275.0,1298.0,695.0,302.0,154.0,472.0,466.0,472.0
0.0,4489.0,1358.0,1408.0,2025.0,476.0,312.0,158.0,6.0,472.0,465.0,471.0,463.0,449.0,446.0,1193.0,1562.0,1734.0,312.0,158.0,6.0,472.0,465.0,471.0
0.0,5156.0,1405.0,1409.0,1151.0,734.0,69.0,357.0,308.0,472.0,466.0,471.0,452.0,497.0,456.0,1576.0,1702.0,1878.0,69.0,357.0,308.0,472.0,466.0,471.0
0.0,4902.0,1401.0,1410.0,476.0,1663.0,205.0,679.0,779.0,472.0,466.0,472.0,448.0,480.0,473.0,1819.0,1507.0,1576.0,205.0,679.0,779.0,472.0,466.0,472.0
0.0,3977.0,1494.0,1412.0,734.0,2431.0,620.0,852.0,959.0,472.0,468.0,472.0,484.0,522.0,488.0,1683.0,1185.0,1109.0,620.0,852.0,959.0,472.0,468.0,472.0
0.0,3217.0,1492.0,1412.0,1663.0,2260.0,924.0,656.0,680.0,473.0,467.0,472.0,505.0,487.0,500.0,1268.0,1020.0,929.0,924.0,656.0,680.0,473.0,467.0,472.0
0.0,3388.0,1555.0,1415.0,2431.0,1396.0,824.0,337.0,235.0,474.0,468.0,473.0,516.0,529.0,510.0,968.0,1212.0,1208.0,824.0,337.0,235.0,474.0,468.0,473.0
0.0,4264.0,1440.0,1416.0,2260.0,580.0,375.0,172.0,33.0,474.0,469.0,473.0,475.0,487.0,478.0,1072.0,1535.0,1657.0,375.0,172.0,33.0,474.0,469.0,473.0
0.0,5084.0,1400.0,1417.0,1396.0,588.0,26.0,316.0,246.0,474.0,470.0,473.0,475.0,477.0,448.0,1521.0,1704.0,1859.0,26.0,316.0,246.0,474.0,470.0,473.0
0.0,5080.0,1618.0,1423.0,580.0,1650.0,177.0,715.0,758.0,476.0,472.0,475.0,518.0,563.0,537.0,1870.0,1564.0,1646.0,177.0,715.0,758.0,476.0,472.0,475.0
0.0,4042.0,1460.0,1423.0,588.0,2522.0,624.0,904.0,994.0,475.0,473.0,475.0,477.0,501.0,482.0,1727.0,1173.0,1142.0,624.0,904.0,994.0,475.0,473.0,475.0
0.0,3170.0,1468.0,1425.0,1650.0,2348.0,928.0,695.0,725.0,476.0,474.0,475.0,477.0,502.0,489.0,1276.0,988.0,906.0,928.0,695.0,725.0,476.0,474.0,475.0
0.0,3352.0,1483.0,1428.0,2522.0,1321.0,806.0,300.0,215.0,477.0,475.0,476.0,498.0,505.0,480.0,976.0,1201.0,1175.0,806.0,300.0,215.0,477.0,475.0,476.0
0.0,4391.0,1551.0,1430.0,2348.0,532.0,396.0,127.0,9.0,477.0,476.0,477.0,518.0,518.0,515.0,1102.0,1600.0,1689.0,396.0,127.0,9.0,477.0,476.0,477.0
0.0,5188.0,1428.0,1430.0,1321.0,639.0,76.0,294.0,269.0,478.0,476.0,476.0,482.0,467.0,479.0,1512.0,1777.0,1899.0,76.0,294.0,269.0,478.0,476.0,476.0
0.0,5081.0,1499.0,1432.0,532.0,1614.0,183.0,674.0,757.0,478.0,477.0,477.0,503.0,503.0,493.0,1836.0,1610.0,1635.0,183.0,674.0,757.0,478.0,477.0,477.0
0.0,4114.0,1470.0,1432.0,639.0,2445.0,611.0,862.0,972.0,478.0,477.0,477.0,504.0,482.0,484.0,1729.0,1234.0,1151.0,611.0,862.0,972.0,478.0,477.0,477.0
0.0,3283.0,1494.0,1433.0,1614.0,2329.0,936.0,701.0,692.0,479.0,478.0,476.0,504.0,509.0,481.0,1301.0,1046.0,936.0,936.0,701.0,692.0,479.0,478.0,476.0
0.0,3403.0,1474.0,1435.0,2445.0,1366.0,801.0,343.0,222.0,479.0,479.0,477.0,476.0,500.0,498.0,980.0,1211.0,1212.0,801.0,343.0,222.0,479.0,479.0,477.0
0.0,4374.0,1482.0,1438.0,2329.0,531.0,360.0,135.0,36.0,480.0,480.0,478.0,491.0,489.0,502.0,1115.0,1573.0,1686.0,360.0,135.0,36.0,480.0,480.0,478.0
0.0,5221.0,1462.0,1437.0,1366.0,623.0,39.0,270.0,314.0,479.0,480.0,478.0,484.0,478.0,500.0,1560.0,1785.0,1876.0,39.0,270.0,314.0,479.0,480.0,478.0
0.0,5125.0,1520.0,1438.0,531.0,1616.0,171.0,638.0,807.0,479.0,480.0,479.0,492.0,503.0,525.0,1877.0,1650.0,1598.0,171.0,638.0,807.0,479.0,480.0,479.0
0.0,4136.0,1467.0,1439.0,623.0,2464.0,640.0,850.0,974.0,480.0,480.0,479.0,504.0,482.0,481.0,1745.0,1282.0,1109.0,640.0,850.0,974.0,480.0,480.0,479.0
0.0,3292.0,1442.0,1439.0,1616.0,2290.0,939.0,681.0,670.0,480.0,480.0,479.0,470.0,469.0,503.0,1280.0,1070.0,942.0,939.0,681.0,670.0,480.0,480.0,479.0
0.0,3466.0,1524.0,1441.0,2464.0,1358.0,787.0,340.0,231.0,480.0,481.0,480.0,488.0,505.0,531.0,981.0,1239.0,1246.0,787.0,340.0,231.0,480.0,481.0,480.0
0.0,4406.0,1535.0,1445.0,2290.0,619.0,356.0,177.0,86.0,482.0,482.0,481.0,500.0,514.0,521.0,1133.0,1584.0,1689.0,356.0,177.0,86.0,482.0,482.0,481.0
0.0,5161.0,1476.0,1448.0,1358.0,749.0,69.0,315.0,365.0,483.0,483.0,482.0,496.0,474.0,506.0,1572.0,1751.0,1838.0,69.0,315.0,365.0,483.0,483.0,482.0
0.0,5043.0,1535.0,1450.0,619.0,1673.0,235.0,638.0,800.0,484.0,483.0,483.0,518.0,500.0,517.0,1863.0,1617.0,1563.0,235.0,638.0,800.0,484.0,483.0,483.0
0.0,4127.0,1513.0,1452.0,749.0,2445.0,668.0,830.0,947.0,485.0,484.0,483.0,498.0,503.0,512.0,1701.0,1294.0,1132.0,668.0,830.0,947.0,485.0,484.0,483.0
0.0,3363.0,1505.0,1452.0,1673.0,2277.0,930.0,687.0,660.0,485.0,484.0,483.0,497.0,495.0,513.0,1272.0,1106.0,985.0,930.0,687.0,660.0,485.0,484.0,483.0
0.0,3531.0,1495.0,1453.0,2445.0,1331.0,775.0,333.0,223.0,486.0,484.0,483.0,509.0,476.0,510.0,1010.0,1249.0,1272.0,775.0,333.0,223.0,486.0,484.0,483.0
0.0,4481.0,1520.0,1456.0,2277.0,586.0,357.0,145.0,84.0,488.0,484.0,484.0,504.0,499.0,517.0,1169.0,1603.0,1709.0,357.0,145.0,84.0,488.0,484.0,484.0
0.0,5238.0,1446.0,1455.0,1331.0,697.0,66.0,279.0,352.0,487.0,484.0,484.0,488.0,467.0,491.0,1595.0,1791.0,1852.0,66.0,279.0,352.0,487.0,484.0,484.0
0.0,5123.0,1495.0,1457.0,586.0,1614.0,207.0,637.0,770.0,488.0,484.0,485.0,494.0,503.0,498.0,1882.0,1657.0,1584.0,207.0,637.0,770.0,488.0,484.0,485.0
0.0,4214.0,1496.0,1457.0,697.0,2413.0,650.0,856.0,907.0,488.0,484.0,485.0,509.0,498.0,489.0,1745.0,1299.0,1170.0,650.0,856.0,907.0,488.0,484.0,485.0
0.0,3415.0,1440.0,1460.0,1614.0,2251.0,927.0,705.0,619.0,489.0,485.0,486.0,480.0,482.0,478.0,1302.0,1080.0,1033.0,927.0,705.0,619.0,489.0,485.0,486.0
0.0,3589.0,1491.0,1463.0,2413.0,1341.0,785.0,353.0,203.0,490.0,486.0,487.0,504.0,500.0,487.0,1029.0,1235.0,1325.0,785.0,353.0,203.0,490.0,486.0,487.0
0.0,4511.0,1533.0,1465.0,2251.0,631.0,371.0,170.0,90.0,491.0,487.0,487.0,509.0,518.0,506.0,1175.0,1591.0,1745.0,371.0,170.0,90.0,491.0,487.0,487.0
0.0,5229.0,1473.0,1465.0,1341.0,763.0,87.0,325.0,351.0,491.0,487.0,487.0,501.0,508.0,464.0,1593.0,1778.0,1858.0,87.0,325.0,351.0,491.0,487.0,487.0
0.0,5097.0,1566.0,1469.0,631.0,1714.0,264.0,682.0,768.0,493.0,488.0,488.0,540.0,523.0,503.0,1877.0,1623.0,1597.0,264.0,682.0,768.0,493.0,488.0,488.0
0.0,4162.0,1574.0,1473.0,763.0,2541.0,719.0,882.0,940.0,494.0,490.0,489.0,538.0,517.0,519.0,1708.0,1270.0,1184.0,719.0,882.0,940.0,494.0,490.0,489.0
0.0,3351.0,1512.0,1474.0,1714.0,2343.0,965.0,696.0,682.0,494.0,490.0,490.0,510.0,496.0,506.0,1257.0,1078.0,1016.0,965.0,696.0,682.0,494.0,490.0,490.0
0.0,3553.0,1580.0,1478.0,2541.0,1398.0,787.0,348.0,263.0,495.0,492.0,491.0,537.0,526.0,517.0,1011.0,1264.0,1278.0,787.0,348.0,263.0,495.0,492.0,491.0
0.0,4514.0,1516.0,1477.0,2343.0,567.0,332.0,159.0,76.0,495.0,492.0,490.0,510.0,507.0,499.0,1193.0,1620.0,1701.0,332.0,159.0,76.0,495.0,492.0,490.0
0.0,5341.0,1569.0,1480.0,1398.0,750.0,87.0,352.0,311.0,496.0,493.0,491.0,538.0,537.0,494.0,1648.0,1809.0,1884.0,87.0,352.0,311.0,496.0,493.0,491.0
0.0,5170.0,1563.0,1483.0,567.0,1758.0,273.0,735.0,750.0,496.0,495.0,492.0,518.0,534.0,511.0,1897.0,1620.0,1653.0,273.0,735.0,750.0,496.0,495.0,492.0
0.0,4174.0,1444.0,1483.0,750.0,2452.0,681.0,866.0,905.0,496.0,495.0,492.0,495.0,483.0,466.0,1711.0,1245.0,1218.0,681.0,866.0,905.0,496.0,495.0,492.0
0.0,3480.0,1652.0,1490.0,1758.0,2374.0,978.0,684.0,712.0,498.0,498.0,494.0,562.0,541.0,549.0,1303.0,1114.0,1063.0,978.0,684.0,712.0,498.0,498.0,494.0
0.0,3586.0,1704.0,1495.0,2452.0,1646.0,854.0,426.0,366.0,499.0,500.0,496.0,553.0,600.0,551.0,1014.0,1308.0,1264.0,854.0,426.0,366.0,499.0,500.0,496.0
0.0,4334.0,1549.0,1497.0,2374.0,829.0,371.0,265.0,193.0,499.0,501.0,497.0,495.0,519.0,535.0,1142.0,1574.0,1618.0,371.0,265.0,193.0,499.0,501.0,497.0
0.0,5159.0,1592.0,1498.0,1646.0,779.0,35.0,403.0,341.0,499.0,502.0,497.0,518.0,560.0,514.0,1625.0,1739.0,1795.0,35.0,403.0,341.0,499.0,502.0,497.0
0.0,5213.0,1589.0,1502.0,829.0,1555.0,179.0,675.0,701.0,500.0,503.0,499.0,511.0,533.0,545.0,1961.0,1605.0,1647.0,179.0,675.0,701.0,500.0,503.0,499.0
0.0,4453.0,1591.0,1506.0,779.0,2383.0,657.0,848.0,878.0,501.0,505.0,500.0,509.0,568.0,514.0,1821.0,1337.0,1295.0,657.0,848.0,878.0,501.0,505.0,500.0
0.0,3641.0,1572.0,1511.0,1555.0,2420.0,1003.0,714.0,703.0,502.0,507.0,502.0,521.0,533.0,518.0,1347.0,1172.0,1122.0,1003.0,714.0,703.0,502.0,507.0,502.0
0.0,3624.0,1461.0,1511.0,2383.0,1498.0,823.0,353.0,322.0,502.0,507.0,502.0,477.0,487.0,497.0,1005.0,1314.0,1305.0,823.0,353.0,322.0,502.0,507.0,502.0
0.0,4546.0,1466.0,1513.0,2420.0,552.0,300.0,127.0,125.0,503.0,507.0,503.0,476.0,488.0,502.0,1185.0,1675.0,1686.0,300.0,127.0,125.0,503.0,507.0,503.0
0.0,5500.0,1612.0,1515.0,1498.0,674.0,6.0,315.0,353.0,504.0,507.0,504.0,525.0,541.0,546.0,1712.0,1901.0,1887.0,6.0,315.0,353.0,504.0,507.0,504.0
0.0,5386.0,1456.0,1515.0,552.0,1578.0,171.0,686.0,721.0,503.0,508.0,504.0,469.0,494.0,493.0,2010.0,1713.0,1663.0,171.0,686.0,721.0,503.0,508.0,504.0
0.0,4482.0,1575.0,1515.0,674.0,2479.0,689.0,907.0,883.0,503.0,508.0,504.0,524.0,536.0,515.0,1841.0,1346.0,1295.0,689.0,907.0,883.0,503.0,508.0,504.0
0.0,3581.0,1463.0,1515.0,1578.0,2364.0,1004.0,708.0,652.0,503.0,508.0,504.0,486.0,487.0,490.0,1323.0,1125.0,1133.0,1004.0,708.0,652.0,503.0,508.0,504.0
0.0,3696.0,1536.0,1519.0,2479.0,1437.0,806.0,334.0,297.0,504.0,509.0,506.0,487.0,529.0,520.0,1008.0,1324.0,1364.0,806.0,334.0,297.0,504.0,509.0,506.0
0.0,4639.0,1456.0,1514.0,2364.0,509.0,283.0,112.0,114.0,503.0,507.0,504.0,485.0,494.0,477.0,1210.0,1702.0,1727.0,283.0,112.0,114.0,503.0,507.0,504.0
0.0,5547.0,1446.0,1514.0,1437.0,568.0,0.0,269.0,299.0,503.0,507.0,504.0,473.0,491.0,482.0,1729.0,1916.0,1902.0,0.0,269.0,299.0,503.0,507.0,504.0
0.0,5538.0,1516.0,1516.0,509.0,1533.0,185.0,637.0,711.0,504.0,507.0,505.0,514.0,480.0,522.0,2062.0,1759.0,1717.0,185.0,637.0,711.0,504.0,507.0,505.0
0.0,4531.0,1595.0,1518.0,568.0,2568.0,700.0,895.0,973.0,504.0,507.0,507.0,515.0,527.0,553.0,1831.0,1391.0,1309.0,700.0,895.0,973.0,504.0,507.0,507.0
0.0,3504.0,1499.0,1517.0,1533.0,2530.0,1014.0,728.0,788.0,504.0,506.0,507.0,499.0,474.0,526.0,1316.0,1133.0,1055.0,1014.0,728.0,788.0,504.0,506.0,507.0
0.0,3538.0,1545.0,1519.0,2568.0,1515.0,834.0,338.0,343.0,504.0,507.0,508.0,520.0,501.0,524.0,1002.0,1296.0,1240.0,834.0,338.0,343.0,504.0,507.0,508.0
0.0,4561.0,1601.0,1521.0,2530.0,594.0,389.0,112.0,93.0,506.0,507.0,508.0,561.0,502.0,538.0,1182.0,1690.0,1689.0,389.0,112.0,93.0,506.0,507.0,508.0
0.0,5490.0,1673.0,1525.0,1515.0,768.0,134.0,304.0,330.0,507.0,508.0,510.0,575.0,526.0,572.0,1635.0,1916.0,1939.0,134.0,304.0,330.0,507.0,508.0,510.0
0.0,5332.0,1615.0,1527.0,594.0,1797.0,306.0,700.0,791.0,508.0,508.0,511.0,557.0,508.0,550.0,1894.0,1728.0,1710.0,306.0,700.0,791.0,508.0,508.0,511.0
0.0,4311.0,1551.0,1529.0,768.0,2588.0,707.0,904.0,977.0,509.0,508.0,512.0,531.0,508.0,512.0,1726.0,1332.0,1253.0,707.0,904.0,977.0,509.0,508.0,512.0
0.0,3528.0,1543.0,1530.0,1797.0,2338.0,941.0,698.0,699.0,510.0,508.0,512.0,536.0,494.0,513.0,1329.0,1128.0,1071.0,941.0,698.0,699.0,510.0,508.0,512.0
0.0,3782.0,1501.0,1530.0,2588.0,1251.0,729.0,296.0,226.0,510.0,508.0,512.0,495.0,502.0,504.0,1099.0,1334.0,1349.0,729.0,296.0,226.0,510.0,508.0,512.0
0.0,4869.0,1435.0,1529.0,2338.0,344.0,267.0,61.0,16.0,510.0,508.0,511.0,479.0,463.0,493.0,1311.0,1736.0,1822.0,267.0,61.0,16.0,510.0,508.0,511.0
0.0,5772.0,1556.0,1530.0,1251.0,653.0,62.0,280.0,311.0,510.0,508.0,512.0,524.0,515.0,517.0,1773.0,1971.0,2028.0,62.0,280.0,311.0,510.0,508.0,512.0
0.0,5467.0,1542.0,1533.0,344.0,1863.0,313.0,725.0,825.0,511.0,509.0,513.0,514.0,502.0,526.0,1978.0,1752.0,1737.0,313.0,725.0,825.0,511.0,509.0,513.0
0.0,4269.0,1598.0,1535.0,653.0,2816.0,781.0,990.0,1045.0,512.0,510.0,513.0,526.0,541.0,531.0,1731.0,1311.0,1227.0,781.0,990.0,1045.0,512.0,510.0,513.0
0.0,3324.0,1514.0,1534.0,1863.0,2463.0,966.0,773.0,724.0,512.0,510.0,512.0,498.0,508.0,508.0,1267.0,1050.0,1007.0,966.0,773.0,724.0,512.0,510.0,512.0
0.0,3673.0,1567.0,1535.0,2816.0,1218.0,701.0,298.0,219.0,512.0,510.0,513.0,516.0,515.0,536.0,1082.0,1267.0,1324.0,701.0,298.0,219.0,512.0,510.0,513.0
0.0,4922.0,1576.0,1536.0,2463.0,335.0,246.0,71.0,18.0,512.0,511.0,513.0,511.0,542.0,523.0,1347.0,1742.0,1833.0,246.0,71.0,18.0,512.0,511.0,513.0
0.0,5809.0,1542.0,1537.0,1218.0,663.0,20.0,318.0,325.0,512.0,512.0,513.0,475.0,541.0,526.0,1802.0,1973.0,2034.0,20.0,318.0,325.0,512.0,512.0,513.0
0.0,5485.0,1502.0,1536.0,335.0,1826.0,251.0,757.0,818.0,511.0,512.0,513.0,481.0,510.0,511.0,2028.0,1730.0,1727.0,251.0,757.0,818.0,511.0,512.0,513.0
0.0,4318.0,1579.0,1538.0,663.0,2750.0,748.0,976.0,1026.0,511.0,513.0,514.0,517.0,533.0,529.0,1793.0,1291.0,1234.0,748.0,976.0,1026.0,511.0,513.0,514.0
0.0,3402.0,1552.0,1540.0,1826.0,2484.0,1021.0,742.0,721.0,512.0,514.0,514.0,520.0,519.0,513.0,1296.0,1076.0,1030.0,1021.0,742.0,721.0,512.0,514.0,514.0
0.0,3676.0,1484.0,1540.0,2750.0,1218.0,772.0,282.0,164.0,512.0,515.0,513.0,499.0,512.0,473.0,1027.0,1314.0,1335.0,772.0,282.0,164.0,512.0,515.0,513.0
0.0,4942.0,1542.0,1541.0,2484.0,316.0,258.0,58.0,0.0,512.0,515.0,514.0,507.0,518.0,517.0,1276.0,1778.0,1888.0,258.0,58.0,0.0,512.0,515.0,514.0
0.0,5884.0,1617.0,1543.0,1218.0,687.0,36.0,322.0,329.0,513.0,516.0,514.0,546.0,542.0,529.0,1790.0,2002.0,2092.0,36.0,322.0,329.0,513.0,516.0,514.0
0.0,5485.0,1584.0,1545.0,316.0,1963.0,311.0,788.0,864.0,514.0,516.0,515.0,529.0,524.0,531.0,2016.0,1742.0,1727.0,311.0,788.0,864.0,514.0,516.0,515.0
0.0,4217.0,1500.0,1546.0,687.0,2780.0,766.0,994.0,1020.0,514.0,517.0,515.0,491.0,524.0,485.0,1745.0,1276.0,1196.0,766.0,994.0,1020.0,514.0,517.0,515.0
0.0,3404.0,1509.0,1545.0,1963.0,2322.0,944.0,727.0,651.0,513.0,517.0,515.0,493.0,521.0,495.0,1290.0,1074.0,1040.0,944.0,727.0,651.0,513.0,517.0,515.0
0.0,3858.0,1642.0,1548.0,2780.0,1196.0,733.0,303.0,160.0,514.0,518.0,516.0,551.0,566.0,525.0,1108.0,1341.0,1409.0,733.0,303.0,160.0,514.0,518.0,516.0
0.0,4996.0,1543.0,1548.0,2322.0,417.0,286.0,97.0,34.0,513.0,518.0,517.0,501.0,521.0,521.0,1323.0,1769.0,1904.0,286.0,97.0,34.0,513.0,518.0,517.0
0.0,5775.0,1523.0,1547.0,1196.0,740.0,73.0,314.0,353.0,513.0,518.0,516.0,520.0,520.0,483.0,1766.0,1975.0,2034.0,73.0,314.0,353.0,513.0,518.0,516.0
0.0,5448.0,1622.0,1549.0,417.0,1953.0,352.0,753.0,848.0,514.0,519.0,516.0,561.0,532.0,529.0,1979.0,1758.0,1711.0,352.0,753.0,848.0,514.0,519.0,516.0
0.0,4243.0,1647.0,1550.0,740.0,2864.0,818.0,984.0,1062.0,514.0,519.0,517.0,539.0,545.0,563.0,1704.0,1323.0,1216.0,818.0,984.0,1062.0,514.0,519.0,517.0
0.0,3336.0,1568.0,1552.0,1953.0,2487.0,1005.0,731.0,751.0,515.0,519.0,518.0,535.0,500.0,533.0,1238.0,1092.0,1006.0,1005.0,731.0,751.0,515.0,519.0,518.0
0.0,3721.0,1731.0,1555.0,2864.0,1366.0,791.0,321.0,254.0,516.0,520.0,519.0,600.0,570.0,561.0,1055.0,1345.0,1321.0,791.0,321.0,254.0,516.0,520.0,519.0
0.0,4854.0,1612.0,1556.0,2487.0,495.0,347.0,108.0,40.0,517.0,519.0,520.0,557.0,522.0,533.0,1273.0,1759.0,1822.0,347.0,108.0,40.0,517.0,519.0,520.0
0.0,5729.0,1633.0,1559.0,1366.0,774.0,115.0,323.0,336.0,518.0,520.0,521.0,555.0,532.0,546.0,1721.0,1968.0,2040.0,115.0,323.0,336.0,518.0,520.0,521.0
0.0,5462.0,1576.0,1558.0,495.0,1851.0,304.0,729.0,818.0,517.0,520.0,521.0,540.0,514.0,522.0,1957.0,1757.0,1748.0,304.0,729.0,818.0,517.0,520.0,521.0
0.0,4381.0,1611.0,1555.0,774.0,2676.0,741.0,921.0,1014.0,517.0,518.0,520.0,552.0,523.0,536.0,1764.0,1351.0,1266.0,741.0,921.0,1014.0,517.0,518.0,520.0
0.0,3544.0,1563.0,1556.0,1851.0,2392.0,970.0,706.0,716.0,518.0,518.0,520.0,529.0,514.0,520.0,1327.0,1151.0,1066.0,970.0,706.0,716.0,518.0,518.0,520.0
0.0,3832.0,1636.0,1558.0,2676.0,1360.0,790.0,309.0,261.0,519.0,518.0,521.0,557.0,524.0,555.0,1102.0,1366.0,1364.0,790.0,309.0,261.0,519.0,518.0,521.0
0.0,4872.0,1635.0,1558.0,2392.0,603.0,358.0,165.0,80.0,519.0,518.0,521.0,538.0,562.0,535.0,1286.0,1763.0,1823.0,358.0,165.0,80.0,519.0,518.0,521.0
0.0,5629.0,1602.0,1559.0,1360.0,849.0,100.0,405.0,344.0,520.0,518.0,521.0,528.0,549.0,525.0,1718.0,1907.0,2004.0,100.0,405.0,344.0,520.0,518.0,521.0
0.0,5387.0,1657.0,1560.0,603.0,1907.0,291.0,788.0,828.0,520.0,518.0,522.0,549.0,548.0,560.0,1980.0,1667.0,1740.0,291.0,788.0,828.0,520.0,518.0,522.0
0.0,4333.0,1656.0,1563.0,849.0,2726.0,739.0,925.0,1062.0,521.0,519.0,523.0,544.0,538.0,574.0,1789.0,1284.0,1260.0,739.0,925.0,1062.0,521.0,519.0,523.0
0.0,3526.0,1620.0,1566.0,1907.0,2451.0,979.0,684.0,788.0,522.0,520.0,524.0,527.0,543.0,550.0,1345.0,1151.0,1030.0,979.0,684.0,788.0,522.0,520.0,524.0
0.0,3813.0,1572.0,1566.0,2726.0,1297.0,750.0,268.0,279.0,522.0,520.0,524.0,510.0,509.0,553.0,1109.0,1396.0,1308.0,750.0,268.0,279.0,522.0,520.0,524.0
0.0,4967.0,1653.0,1570.0,2451.0,515.0,288.0,147.0,80.0,523.0,521.0,526.0,513.0,559.0,581.0,1338.0,1812.0,1817.0,288.0,147.0,80.0,523.0,521.0,526.0
0.0,5765.0,1740.0,1572.0,1297.0,966.0,117.0,452.0,397.0,524.0,521.0,527.0,575.0,573.0,592.0,1804.0,1937.0,2024.0,117.0,452.0,397.0,524.0,521.0,527.0
0.0,5322.0,1637.0,1577.0,515.0,2108.0,360.0,859.0,889.0,525.0,523.0,529.0,527.0,546.0,564.0,1979.0,1632.0,1711.0,360.0,859.0,889.0,525.0,523.0,529.0
0.0,4200.0,1699.0,1580.0,966.0,2853.0,803.0,995.0,1055.0,526.0,524.0,530.0,556.0,584.0,559.0,1740.0,1233.0,1227.0,803.0,995.0,1055.0,526.0,524.0,530.0
0.0,3467.0,1730.0,1584.0,2108.0,2491.0,1031.0,721.0,739.0,528.0,525.0,531.0,580.0,581.0,569.0,1301.0,1101.0,1065.0,1031.0,721.0,739.0,528.0,525.0,531.0
0.0,3845.0,1644.0,1589.0,2853.0,1302.0,773.0,291.0,238.0,529.0,527.0,533.0,541.0,557.0,546.0,1081.0,1379.0,1385.0,773.0,291.0,238.0,529.0,527.0,533.0
0.0,5054.0,1568.0,1589.0,2491.0,379.0,258.0,91.0,30.0,529.0,527.0,533.0,516.0,521.0,531.0,1343.0,1817.0,1894.0,258.0,91.0,30.0,529.0,527.0,533.0
0.0,5977.0,1667.0,1591.0,1302.0,752.0,63.0,343.0,346.0,530.0,528.0,533.0,574.0,539.0,554.0,1858.0,2017.0,2102.0,63.0,343.0,346.0,530.0,528.0,533.0
0.0,5612.0,1626.0,1593.0,379.0,2007.0,352.0,804.0,851.0,531.0,529.0,533.0,543.0,548.0,535.0,2057.0,1769.0,1786.0,352.0,804.0,851.0,531.0,529.0,533.0
0.0,4365.0,1699.0,1596.0,752.0,2966.0,863.0,1020.0,1083.0,532.0,530.0,534.0,570.0,555.0,574.0,1772.0,1312.0,1281.0,863.0,1020.0,1083.0,532.0,530.0,534.0
0.0,3418.0,1634.0,1597.0,2007.0,2597.0,1054.0,766.0,777.0,532.0,531.0,534.0,543.0,546.0,545.0,1265.0,1100.0,1053.0,1054.0,766.0,777.0,532.0,531.0,534.0
0.0,3791.0,1554.0,1594.0,2966.0,1173.0,718.0,234.0,221.0,531.0,530.0,533.0,531.0,492.0,531.0,1074.0,1358.0,1359.0,718.0,234.0,221.0,531.0,530.0,533.0
0.0,5203.0,1583.0,1593.0,2597.0,181.0,181.0,0.0,0.0,530.0,530.0,533.0,521.0,515.0,547.0,1406.0,1886.0,1911.0,181.0,0.0,0.0,530.0,530.0,533.0
0.0,6217.0,1542.0,1593.0,1173.0,540.0,0.0,252.0,288.0,530.0,530.0,533.0,521.0,503.0,518.0,1939.0,2137.0,2141.0,0.0,252.0,288.0,530.0,530.0,533.0
0.0,5848.0,1602.0,1595.0,181.0,1953.0,340.0,788.0,825.0,530.0,531.0,534.0,537.0,532.0,533.0,2136.0,1868.0,1844.0,340.0,788.0,825.0,530.0,531.0,534.0
0.0,4427.0,1597.0,1597.0,540.0,3018.0,869.0,1075.0,1074.0,531.0,532.0,534.0,525.0,535.0,537.0,1780.0,1336.0,1311.0,869.0,1075.0,1074.0,531.0,532.0,534.0
0.0,3370.0,1595.0,1600.0,1953.0,2672.0,1082.0,810.0,780.0,532.0,533.0,535.0,549.0,519.0,527.0,1255.0,1053.0,1062.0,1082.0,810.0,780.0,532.0,533.0,535.0
0.0,3728.0,1679.0,1602.0,3018.0,1341.0,804.0,301.0,236.0,533.0,534.0,535.0,587.0,562.0,530.0,1046.0,1322.0,1360.0,804.0,301.0,236.0,533.0,534.0,535.0
0.0,5067.0,1618.0,1603.0,2672.0,291.0,239.0,28.0,24.0,533.0,534.0,536.0,517.0,537.0,564.0,1328.0,1835.0,1904.0,239.0,28.0,24.0,533.0,534.0,536.0
0.0,6121.0,1619.0,1604.0,1341.0,608.0,0.0,245.0,363.0,533.0,534.0,537.0,530.0,518.0,571.0,1893.0,2108.0,2120.0,0.0,245.0,363.0,533.0,534.0,537.0
0.0,5843.0,1685.0,1607.0,291.0,1979.0,301.0,791.0,887.0,535.0,535.0,537.0,567.0,570.0,548.0,2167.0,1891.0,1785.0,301.0,791.0,887.0,535.0,535.0,537.0
0.0,4449.0,1698.0,1609.0,608.0,3077.0,846.0,1134.0,1097.0,535.0,536.0,538.0,545.0,584.0,569.0,1839.0,1349.0,1261.0,846.0,1134.0,1097.0,535.0,536.0,538.0
0.0,3359.0,1532.0,1609.0,1979.0,2630.0,1078.0,860.0,692.0,536.0,536.0,537.0,529.0,517.0,486.0,1294.0,1010.0,1055.0,1078.0,860.0,692.0,536.0,536.0,537.0
0.0,3806.0,1512.0,1608.0,3077.0,1061.0,714.0,237.0,110.0,536.0,535.0,537.0,482.0,515.0,515.0,1066.0,1284.0,1456.0,714.0,237.0,110.0,536.0,535.0,537.0
0.0,5371.0,1624.0,1611.0,2630.0,179.0,179.0,0.0,0.0,537.0,536.0,538.0,539.0,543.0,542.0,1430.0,1903.0,2038.0,179.0,0.0,0.0,537.0,536.0,538.0
0.0,6377.0,1608.0,1611.0,1061.0,614.0,4.0,230.0,380.0,537.0,536.0,538.0,539.0,543.0,526.0,1969.0,2220.0,2188.0,4.0,230.0,380.0,537.0,536.0,538.0
0.0,5830.0,1550.0,1611.0,179.0,1985.0,337.0,777.0,871.0,537.0,537.0,537.0,512.0,543.0,495.0,2144.0,1914.0,1772.0,337.0,777.0,871.0,537.0,537.0,537.0
0.0,4459.0,1629.0,1614.0,614.0,3012.0,889.0,1080.0,1043.0,538.0,537.0,539.0,552.0,533.0,544.0,1811.0,1371.0,1277.0,889.0,1080.0,1043.0,538.0,537.0,539.0
0.0,3444.0,1625.0,1615.0,1985.0,2656.0,1078.0,856.0,722.0,538.0,538.0,539.0,526.0,549.0,550.0,1263.0,1068.0,1113.0,1078.0,856.0,722.0,538.0,538.0,539.0
0.0,3804.0,1588.0,1615.0,3012.0,1232.0,715.0,289.0,228.0,538.0,537.0,540.0,526.0,517.0,545.0,1074.0,1296.0,1434.0,715.0,289.0,228.0,538.0,537.0,540.0
0.0,5228.0,1665.0,1616.0,2656.0,277.0,220.0,0.0,57.0,539.0,537.0,540.0,579.0,535.0,551.0,1437.0,1859.0,1932.0,220.0,0.0,57.0,539.0,537.0,540.0
0.0,6219.0,1607.0,1619.0,1232.0,632.0,48.0,214.0,370.0,540.0,538.0,541.0,539.0,531.0,537.0,1936.0,2180.0,2103.0,48.0,214.0,370.0,540.0,538.0,541.0
0.0,5844.0,1614.0,1621.0,277.0,1977.0,388.0,738.0,851.0,541.0,538.0,542.0,556.0,524.0,534.0,2112.0,1938.0,1794.0,388.0,738.0,851.0,541.0,538.0,542.0
0.0,4507.0,1560.0,1620.0,632.0,2901.0,875.0,1036.0,990.0,541.0,537.0,542.0,535.0,516.0,509.0,1776.0,1414.0,1317.0,875.0,1036.0,990.0,541.0,537.0,542.0
0.0,3579.0,1576.0,1620.0,1977.0,2500.0,1035.0,804.0,661.0,542.0,536.0,542.0,544.0,510.0,522.0,1289.0,1112.0,1178.0,1035.0,804.0,661.0,542.0,536.0,542.0
0.0,3980.0,1640.0,1622.0,2901.0,1247.0,705.0,313.0,229.0,542.0,537.0,543.0,545.0,541.0,554.0,1133.0,1340.0,1507.0,705.0,313.0,229.0,542.0,537.0,543.0
0.0,5241.0,1603.0,1622.0,2500.0,350.0,214.0,34.0,102.0,542.0,537.0,543.0,544.0,525.0,534.0,1463.0,1835.0,1943.0,214.0,34.0,102.0,542.0,537.0,543.0
0.0,6138.0,1692.0,1623.0,1247.0,799.0,101.0,277.0,421.0,543.0,537.0,543.0,588.0,556.0,548.0,1954.0,2114.0,2070.0,101.0,277.0,421.0,543.0,537.0,543.0
0.0,5693.0,1725.0,1625.0,350.0,2182.0,486.0,808.0,888.0,544.0,538.0,543.0,595.0,561.0,569.0,2071.0,1871.0,1751.0,486.0,808.0,888.0,544.0,538.0,543.0
0.0,4318.0,1630.0,1623.0,799.0,3005.0,942.0,1060.0,1003.0,543.0,537.0,543.0,561.0,533.0,536.0,1690.0,1344.0,1284.0,942.0,1060.0,1003.0,543.0,537.0,543.0
0.0,3487.0,1618.0,1624.0,2182.0,2445.0,1008.0,799.0,638.0,543.0,538.0,543.0,552.0,543.0,523.0,1230.0,1088.0,1169.0,1008.0,799.0,638.0,543.0,538.0,543.0
0.0,4051.0,1697.0,1625.0,3005.0,1141.0,651.0,278.0,212.0,544.0,538.0,543.0,581.0,539.0,577.0,1164.0,1353.0,1534.0,651.0,278.0,212.0,544.0,538.0,543.0
0.0,5359.0,1708.0,1627.0,2445.0,412.0,223.0,36.0,153.0,544.0,539.0,544.0,580.0,553.0,575.0,1525.0,1874.0,1960.0,223.0,36.0,153.0,544.0,539.0,544.0
0.0,6096.0,1652.0,1628.0,1141.0,927.0,127.0,300.0,500.0,544.0,539.0,545.0,555.0,542.0,555.0,1953.0,2120.0,2023.0,127.0,300.0,500.0,544.0,539.0,545.0
0.0,5585.0,1665.0,1630.0,412.0,2188.0,466.0,790.0,932.0,545.0,539.0,546.0,558.0,526.0,581.0,2049.0,1856.0,1680.0,466.0,790.0,932.0,545.0,539.0,546.0
0.0,4332.0,1818.0,1633.0,927.0,3091.0,915.0,1128.0,1048.0,545.0,541.0,547.0,576.0,630.0,612.0,1714.0,1366.0,1252.0,915.0,1128.0,1048.0,545.0,541.0,547.0
0.0,3441.0,1741.0,1635.0,2188.0,2652.0,990.0,938.0,724.0,545.0,542.0,548.0,541.0,596.0,604.0,1265.0,1036.0,1140.0,990.0,938.0,724.0,545.0,542.0,548.0
0.0,3888.0,1749.0,1639.0,3091.0,1326.0,638.0,414.0,274.0,546.0,543.0,550.0,559.0,600.0,590.0,1190.0,1230.0,1468.0,638.0,414.0,274.0,546.0,543.0,550.0
0.0,5230.0,1755.0,1641.0,2652.0,437.0,229.0,82.0,126.0,547.0,544.0,550.0,577.0,602.0,576.0,1546.0,1758.0,1926.0,229.0,82.0,126.0,547.0,544.0,550.0
0.0,6127.0,1652.0,1641.0,1326.0,763.0,145.0,200.0,418.0,547.0,544.0,550.0,554.0,532.0,566.0,1959.0,2094.0,2074.0,145.0,200.0,418.0,547.0,544.0,550.0
0.0,5801.0,1719.0,1642.0,437.0,2049.0,472.0,719.0,858.0,547.0,545.0,550.0,556.0,597.0,566.0,2043.0,1976.0,1782.0,472.0,719.0,858.0,547.0,545.0,550.0
0.0,4519.0,1737.0,1645.0,763.0,3035.0,901.0,1102.0,1032.0,548.0,546.0,551.0,570.0,579.0,588.0,1716.0,1461.0,1342.0,901.0,1102.0,1032.0,548.0,546.0,551.0
0.0,3545.0,1733.0,1648.0,2049.0,2731.0,1007.0,972.0,752.0,550.0,547.0,551.0,570.0,585.0,578.0,1291.0,1082.0,1172.0,1007.0,972.0,752.0,550.0,547.0,551.0
0.0,3861.0,1716.0,1646.0,3035.0,1404.0,662.0,453.0,289.0,549.0,547.0,550.0,560.0,583.0,573.0,1193.0,1216.0,1452.0,662.0,453.0,289.0,549.0,547.0,550.0
0.0,5180.0,1674.0,1647.0,2731.0,351.0,191.0,31.0,129.0,549.0,547.0,551.0,536.0,550.0,588.0,1534.0,1735.0,1911.0,191.0,31.0,129.0,549.0,547.0,551.0
0.0,6237.0,1595.0,1645.0,1404.0,534.0,64.0,115.0,355.0,549.0,546.0,550.0,535.0,541.0,519.0,2005.0,2157.0,2075.0,64.0,115.0,355.0,549.0,546.0,550.0
0.0,6046.0,1722.0,1645.0,351.0,1905.0,436.0,665.0,804.0,549.0,546.0,550.0,563.0,581.0,578.0,2132.0,2069.0,1845.0,436.0,665.0,804.0,549.0,546.0,550.0
0.0,4675.0,1615.0,1644.0,534.0,2982.0,881.0,1104.0,997.0,548.0,546.0,550.0,513.0,554.0,548.0,1760.0,1519.0,1396.0,881.0,1104.0,997.0,548.0,546.0,550.0
0.0,3594.0,1752.0,1647.0,1905.0,2841.0,1030.0,1028.0,783.0,549.0,547.0,551.0,581.0,585.0,586.0,1311.0,1080.0,1203.0,1030.0,1028.0,783.0,549.0,547.0,551.0
0.0,3747.0,1709.0,1649.0,2982.0,1576.0,715.0,487.0,374.0,549.0,548.0,552.0,566.0,559.0,584.0,1166.0,1160.0,1421.0,715.0,487.0,374.0,549.0,548.0,552.0
0.0,5020.0,1692.0,1650.0,2841.0,431.0,269.0,2.0,160.0,550.0,548.0,552.0,580.0,543.0,569.0,1481.0,1705.0,1834.0,269.0,2.0,160.0,550.0,548.0,552.0
0.0,6169.0,1640.0,1649.0,1576.0,491.0,105.0,42.0,344.0,550.0,547.0,552.0,551.0,531.0,558.0,1931.0,2190.0,2048.0,105.0,42.0,344.0,550.0,547.0,552.0
0.0,6105.0,1631.0,1649.0,431.0,1691.0,382.0,584.0,725.0,550.0,547.0,552.0,546.0,544.0,541.0,2095.0,2146.0,1864.0,382.0,584.0,725.0,550.0,547.0,552.0
0.0,4905.0,1662.0,1651.0,491.0,2870.0,838.0,1090.0,942.0,550.0,548.0,553.0,561.0,544.0,557.0,1818.0,1604.0,1483.0,838.0,1090.0,942.0,550.0,548.0,553.0
0.0,3734.0,1604.0,1652.0,1691.0,2787.0,1006.0,1049.0,732.0,551.0,549.0,552.0,546.0,539.0,519.0,1362.0,1102.0,1270.0,1006.0,1049.0,732.0,551.0,549.0,552.0
0.0,3821.0,1568.0,1652.0,2870.0,1485.0,708.0,481.0,296.0,551.0,549.0,552.0,540.0,522.0,506.0,1198.0,1147.0,1476.0,708.0,481.0,296.0,551.0,549.0,552.0
0.0,5123.0,1647.0,1653.0,2787.0,382.0,272.0,0.0,110.0,552.0,549.0,552.0,566.0,535.0,546.0,1496.0,1715.0,1912.0,272.0,0.0,110.0,552.0,549.0,552.0
0.0,6263.0,1674.0,1654.0,1485.0,542.0,149.0,34.0,359.0,553.0,549.0,552.0,581.0,548.0,545.0,1936.0,2229.0,2098.0,149.0,34.0,359.0,553.0,549.0,552.0
0.0,6074.0,1596.0,1654.0,382.0,1756.0,404.0,570.0,782.0,552.0,550.0,552.0,531.0,532.0,533.0,2063.0,2162.0,1849.0,404.0,570.0,782.0,552.0,550.0,552.0
0.0,4860.0,1699.0,1654.0,542.0,2913.0,829.0,1087.0,997.0,552.0,549.0,553.0,574.0,555.0,570.0,1804.0,1630.0,1426.0,829.0,1087.0,997.0,552.0,549.0,553.0
0.0,3703.0,1601.0,1654.0,1756.0,2758.0,942.0,1056.0,760.0,552.0,549.0,553.0,517.0,539.0,545.0,1379.0,1109.0,1215.0,942.0,1056.0,760.0,552.0,549.0,553.0
0.0,3858.0,1790.0,1658.0,2913.0,1651.0,727.0,578.0,346.0,554.0,551.0,553.0,606.0,601.0,583.0,1266.0,1140.0,1452.0,727.0,578.0,346.0,554.0,551.0,553.0
0.0,4981.0,1575.0,1655.0,2758.0,456.0,319.0,33.0,104.0,553.0,550.0,552.0,538.0,515.0,522.0,1489.0,1626.0,1866.0,319.0,33.0,104.0,553.0,550.0,552.0
0.0,6164.0,1579.0,1653.0,1651.0,391.0,123.0,0.0,268.0,553.0,549.0,551.0,531.0,534.0,514.0,1893.0,2167.0,2104.0,123.0,0.0,268.0,553.0,549.0,551.0
0.0,6236.0,1718.0,1657.0,456.0,1654.0,379.0,533.0,742.0,554.0,550.0,553.0,571.0,577.0,570.0,2089.0,2211.0,1936.0,379.0,533.0,742.0,554.0,550.0,553.0
0.0,4974.0,1676.0,1660.0,391.0,2951.0,824.0,1087.0,1040.0,555.0,551.0,554.0,564.0,550.0,562.0,1837.0,1667.0,1470.0,824.0,1087.0,1040.0,555.0,551.0,554.0
0.0,3689.0,1698.0,1661.0,1654.0,2999.0,1010.0,1121.0,868.0,556.0,551.0,554.0,561.0,567.0,570.0,1396.0,1117.0,1176.0,1010.0,1121.0,868.0,556.0,551.0,554.0
0.0,3645.0,1693.0,1663.0,2951.0,1749.0,752.0,622.0,375.0,556.0,552.0,555.0,566.0,584.0,543.0,1214.0,1083.0,1348.0,752.0,622.0,375.0,556.0,552.0,555.0
0.0,4903.0,1606.0,1664.0,2999.0,360.0,266.0,45.0,49.0,556.0,552.0,556.0,524.0,544.0,538.0,1472.0,1586.0,1845.0,266.0,45.0,49.0,556.0,552.0,556.0
0.0,6296.0,1702.0,1666.0,1749.0,321.0,89.0,8.0,224.0,557.0,553.0,556.0,571.0,581.0,550.0,1958.0,2163.0,2175.0,89.0,8.0,224.0,557.0,553.0,556.0
0.0,6343.0,1707.0,1667.0,360.0,1672.0,384.0,542.0,746.0,557.0,554.0,556.0,561.0,575.0,571.0,2139.0,2204.0,2000.0,384.0,542.0,746.0,557.0,554.0,556.0
0.0,4996.0,1626.0,1668.0,321.0,2981.0,834.0,1086.0,1061.0,558.0,554.0,556.0,535.0,552.0,539.0,1844.0,1674.0,1478.0,834.0,1086.0,1061.0,558.0,554.0,556.0
0.0,3691.0,1735.0,1669.0,1672.0,3048.0,1031.0,1133.0,884.0,558.0,555.0,556.0,581.0,585.0,569.0,1398.0,1130.0,1163.0,1031.0,1133.0,884.0,558.0,555.0,556.0
0.0,3628.0,1724.0,1672.0,2981.0,1803.0,801.0,611.0,391.0,559.0,556.0,557.0,600.0,560.0,564.0,1201.0,1087.0,1340.0,801.0,611.0,391.0,559.0,556.0,557.0
0.0,4885.0,1660.0,1673.0,3048.0,419.0,317.0,55.0,47.0,559.0,557.0,557.0,547.0,573.0,540.0,1435.0,1613.0,1837.0,317.0,55.0,47.0,559.0,557.0,557.0
0.0,6273.0,1748.0,1676.0,1803.0,376.0,98.0,62.0,216.0,559.0,559.0,558.0,582.0,610.0,556.0,1919.0,2173.0,2181.0,98.0,62.0,216.0,559.0,559.0,558.0
0.0,6328.0,1797.0,1679.0,419.0,1766.0,372.0,617.0,777.0,560.0,560.0,559.0,587.0,606.0,604.0,2138.0,2174.0,2016.0,372.0,617.0,777.0,560.0,560.0,559.0
0.0,4950.0,1737.0,1682.0,376.0,3139.0,858.0,1141.0,1140.0,561.0,561.0,560.0,580.0,582.0,575.0,1868.0,1623.0,1459.0,858.0,1141.0,1140.0,561.0,561.0,560.0
0.0,3589.0,1720.0,1685.0,1766.0,3105.0,1069.0,1098.0,938.0,562.0,562.0,561.0,579.0,570.0,571.0,1386.0,1103.0,1100.0,1069.0,1098.0,938.0,562.0,562.0,561.0
0.0,3635.0,1746.0,1686.0,3139.0,1716.0,797.0,562.0,357.0,562.0,563.0,561.0,586.0,601.0,559.0,1179.0,1150.0,1306.0,797.0,562.0,357.0,562.0,563.0,561.0
0.0,5028.0,1723.0,1685.0,3105.0,361.0,294.0,67.0,0.0,561.0,564.0,560.0,570.0,599.0,554.0,1451.0,1690.0,1887.0,294.0,67.0,0.0,561.0,564.0,560.0
0.0,6410.0,1801.0,1689.0,1716.0,431.0,86.0,121.0,224.0,562.0,565.0,562.0,585.0,612.0,604.0,1950.0,2189.0,2271.0,86.0,121.0,224.0,562.0,565.0,562.0
0.0,6325.0,1781.0,1691.0,361.0,1859.0,387.0,655.0,817.0,562.0,566.0,563.0,595.0,597.0,589.0,2162.0,2139.0,2024.0,387.0,655.0,817.0,562.0,566.0,563.0
0.0,4905.0,1752.0,1692.0,431.0,3184.0,881.0,1125.0,1178.0,562.0,567.0,563.0,580.0,587.0,585.0,1861.0,1609.0,1435.0,881.0,1125.0,1178.0,562.0,567.0,563.0
0.0,3584.0,1841.0,1695.0,1859.0,3178.0,1101.0,1090.0,987.0,563.0,568.0,564.0,603.0,616.0,622.0,1367.0,1143.0,1074.0,1101.0,1090.0,987.0,563.0,568.0,564.0
0.0,3602.0,1696.0,1696.0,3184.0,1694.0,764.0,558.0,372.0,563.0,569.0,564.0,544.0,589.0,563.0,1151.0,1182.0,1269.0,764.0,558.0,372.0,563.0,569.0,564.0
0.0,5090.0,1775.0,1699.0,3178.0,321.0,274.0,47.0,0.0,564.0,570.0,565.0,607.0,575.0,593.0,1488.0,1718.0,1884.0,274.0,47.0,0.0,564.0,570.0,565.0
0.0,6493.0,1725.0,1697.0,1694.0,326.0,92.0,49.0,185.0,564.0,569.0,564.0,582.0,564.0,579.0,1982.0,2233.0,2278.0,92.0,49.0,185.0,564.0,569.0,564.0
0.0,6462.0,1740.0,1696.0,321.0,1741.0,376.0,574.0,791.0,564.0,568.0,564.0,558.0,576.0,606.0,2164.0,2227.0,2071.0,376.0,574.0,791.0,564.0,568.0,564.0
0.0,5043.0,1841.0,1699.0,326.0,3268.0,892.0,1141.0,1235.0,565.0,569.0,565.0,604.0,612.0,625.0,1880.0,1698.0,1465.0,892.0,1141.0,1235.0,565.0,569.0,565.0
0.0,3528.0,1683.0,1697.0,1741.0,3202.0,1052.0,1117.0,1033.0,564.0,568.0,565.0,540.0,554.0,589.0,1368.0,1135.0,1025.0,1052.0,1117.0,1033.0,564.0,568.0,565.0
0.0,3586.0,1854.0,1701.0,3268.0,1804.0,765.0,621.0,418.0,565.0,570.0,566.0,601.0,637.0,616.0,1204.0,1155.0,1227.0,765.0,621.0,418.0,565.0,570.0,566.0
0.0,5000.0,1764.0,1702.0,3202.0,370.0,274.0,95.0,1.0,565.0,570.0,567.0,561.0,591.0,612.0,1495.0,1659.0,1846.0,274.0,95.0,1.0,565.0,570.0,567.0
0.0,6438.0,1805.0,1703.0,1804.0,375.0,118.0,46.0,211.0,566.0,570.0,567.0,605.0,572.0,628.0,1986.0,2185.0,2267.0,118.0,46.0,211.0,566.0,570.0,567.0
0.0,6437.0,1634.0,1701.0,370.0,1631.0,387.0,480.0,764.0,565.0,569.0,567.0,547.0,533.0,554.0,2146.0,2234.0,2057.0,387.0,480.0,764.0,565.0,569.0,567.0
0.0,5173.0,1755.0,1701.0,375.0,3011.0,858.0,1003.0,1150.0,566.0,568.0,567.0,585.0,573.0,597.0,1873.0,1796.0,1504.0,858.0,1003.0,1150.0,566.0,568.0,567.0
0.0,3793.0,1717.0,1703.0,1631.0,3105.0,1051.0,1092.0,962.0,567.0,569.0,567.0,576.0,565.0,576.0,1406.0,1269.0,1118.0,1051.0,1092.0,962.0,567.0,569.0,567.0
0.0,3707.0,1707.0,1705.0,3011.0,1809.0,778.0,651.0,380.0,568.0,569.0,568.0,581.0,562.0,564.0,1217.0,1184.0,1306.0,778.0,651.0,380.0,568.0,569.0,568.0
0.0,5011.0,1674.0,1703.0,3105.0,370.0,262.0,101.0,7.0,567.0,568.0,568.0,539.0,546.0,589.0,1494.0,1625.0,1892.0,262.0,101.0,7.0,567.0,568.0,568.0
0.0,6442.0,1750.0,1707.0,1809.0,327.0,92.0,18.0,217.0,569.0,569.0,569.0,600.0,564.0,586.0,2006.0,2171.0,2265.0,92.0,18.0,217.0,569.0,569.0,569.0
0.0,6501.0,1680.0,1705.0,370.0,1629.0,414.0,453.0,762.0,569.0,568.0,568.0,584.0,540.0,556.0,2184.0,2258.0,2059.0,414.0,453.0,762.0,569.0,568.0,568.0
0.0,5191.0,1653.0,1704.0,327.0,2951.0,893.0,969.0,1089.0,569.0,567.0,568.0,571.0,538.0,544.0,1862.0,1819.0,1510.0,893.0,969.0,1089.0,569.0,567.0,568.0
0.0,3865.0,1813.0,1706.0,1629.0,3143.0,1114.0,1106.0,923.0,570.0,568.0,568.0,631.0,586.0,596.0,1383.0,1299.0,1183.0,1114.0,1106.0,923.0,570.0,568.0,568.0
0.0,3681.0,1770.0,1709.0,2951.0,1974.0,823.0,738.0,413.0,571.0,569.0,569.0,598.0,597.0,575.0,1166.0,1166.0,1349.0,823.0,738.0,413.0,571.0,569.0,569.0
0.0,4862.0,1691.0,1709.0,3143.0,522.0,293.0,177.0,52.0,571.0,569.0,569.0,584.0,545.0,562.0,1461.0,1538.0,1863.0,293.0,177.0,52.0,571.0,569.0,569.0
0.0,6314.0,1751.0,1711.0,1974.0,307.0,51.0,35.0,221.0,572.0,570.0,569.0,577.0,592.0,582.0,1991.0,2099.0,2224.0,51.0,35.0,221.0,572.0,570.0,569.0
0.0,6537.0,1751.0,1714.0,522.0,1548.0,366.0,440.0,742.0,573.0,571.0,570.0,604.0,578.0,569.0,2237.0,2245.0,2055.0,366.0,440.0,742.0,573.0,571.0,570.0
0.0,5308.0,1835.0,1720.0,307.0,3100.0,951.0,1022.0,1127.0,575.0,573.0,572.0,628.0,609.0,598.0,1926.0,1844.0,1538.0,951.0,1022.0,1127.0,575.0,573.0,572.0
0.0,3780.0,1812.0,1722.0,1548.0,3372.0,1195.0,1210.0,967.0,575.0,574.0,573.0,610.0,624.0,578.0,1349.0,1270.0,1161.0,1195.0,1210.0,967.0,575.0,574.0,573.0
0.0,3516.0,1909.0,1727.0,3100.0,2201.0,913.0,827.0,461.0,577.0,576.0,574.0,661.0,631.0,617.0,1105.0,1086.0,1325.0,913.0,827.0,461.0,577.0,576.0,574.0
0.0,4707.0,1795.0,1731.0,3372.0,640.0,317.0,233.0,90.0,578.0,578.0,575.0,595.0,608.0,592.0,1395.0,1477.0,1835.0,317.0,233.0,90.0,578.0,578.0,575.0
0.0,6284.0,1813.0,1733.0,2201.0,260.0,28.0,37.0,195.0,579.0,579.0,575.0,620.0,627.0,566.0,1995.0,2079.0,2210.0,28.0,37.0,195.0,579.0,579.0,575.0
0.0,6672.0,1779.0,1737.0,640.0,1415.0,311.0,414.0,690.0,581.0,580.0,576.0,592.0,606.0,581.0,2288.0,2279.0,2105.0,311.0,414.0,690.0,581.0,580.0,576.0
0.0,5533.0,1625.0,1733.0,260.0,2764.0,807.0,929.0,1028.0,579.0,579.0,575.0,532.0,556.0,537.0,2013.0,1906.0,1614.0,807.0,929.0,1028.0,579.0,579.0,575.0
0.0,4168.0,1719.0,1736.0,1415.0,3080.0,1083.0,1125.0,872.0,580.0,581.0,575.0,583.0,602.0,534.0,1509.0,1387.0,1272.0,1083.0,1125.0,872.0,580.0,581.0,575.0
0.0,3864.0,1624.0,1737.0,2764.0,1944.0,821.0,741.0,382.0,580.0,581.0,576.0,545.0,545.0,534.0,1237.0,1199.0,1428.0,821.0,741.0,382.0,580.0,581.0,576.0
0.0,5004.0,1819.0,1739.0,3080.0,691.0,345.0,257.0,89.0,581.0,582.0,576.0,603.0,637.0,579.0,1499.0,1583.0,1922.0,345.0,257.0,89.0,581.0,582.0,576.0
0.0,6265.0,1752.0,1741.0,1944.0,507.0,73.0,139.0,295.0,581.0,584.0,576.0,549.0,615.0,588.0,1979.0,2071.0,2215.0,73.0,139.0,295.0,581.0,584.0,576.0
0.0,6457.0,1849.0,1743.0,691.0,1673.0,335.0,510.0,828.0,581.0,585.0,577.0,607.0,624.0,618.0,2251.0,2197.0,2009.0,335.0,510.0,828.0,581.0,585.0,577.0
0.0,5299.0,1748.0,1745.0,507.0,2922.0,842.0,976.0,1104.0,582.0,585.0,578.0,576.0,605.0,567.0,1989.0,1830.0,1480.0,842.0,976.0,1104.0,582.0,585.0,578.0
0.0,4058.0,1715.0,1746.0,1673.0,2968.0,1065.0,1063.0,840.0,582.0,586.0,578.0,558.0,593.0,564.0,1486.0,1364.0,1208.0,1065.0,1063.0,840.0,582.0,586.0,578.0
0.0,4016.0,1753.0,1747.0,2922.0,1803.0,803.0,688.0,312.0,582.0,586.0,579.0,580.0,601.0,572.0,1263.0,1281.0,1472.0,803.0,688.0,312.0,582.0,586.0,579.0
0.0,5185.0,1741.0,1749.0,2968.0,584.0,322.0,221.0,41.0,583.0,587.0,579.0,580.0,592.0,569.0,1525.0,1656.0,2004.0,322.0,221.0,41.0,583.0,587.0,579.0
0.0,6412.0,1753.0,1751.0,1803.0,542.0,102.0,136.0,304.0,584.0,588.0,579.0,579.0,599.0,575.0,2010.0,2127.0,2275.0,102.0,136.0,304.0,584.0,588.0,579.0
0.0,6462.0,1795.0,1752.0,584.0,1757.0,399.0,503.0,855.0,584.0,588.0,580.0,619.0,588.0,588.0,2234.0,2216.0,2012.0,399.0,503.0,855.0,584.0,588.0,580.0
0.0,5251.0,1737.0,1753.0,542.0,2956.0,866.0,970.0,1120.0,584.0,589.0,580.0,569.0,599.0,569.0,1937.0,1849.0,1465.0,866.0,970.0,1120.0,584.0,589.0,580.0
0.0,4056.0,1770.0,1754.0,1757.0,2973.0,1038.0,1070.0,865.0,584.0,589.0,581.0,571.0,603.0,596.0,1470.0,1386.0,1200.0,1038.0,1070.0,865.0,584.0,589.0,581.0
0.0,4043.0,1693.0,1753.0,2956.0,1706.0,732.0,674.0,300.0,584.0,588.0,581.0,560.0,578.0,555.0,1298.0,1286.0,1459.0,732.0,674.0,300.0,584.0,588.0,581.0
0.0,5306.0,1743.0,1752.0,2973.0,472.0,292.0,160.0,20.0,584.0,588.0,580.0,598.0,556.0,589.0,1604.0,1678.0,2024.0,292.0,160.0,20.0,584.0,588.0,580.0
0.0,6536.0,1725.0,1751.0,1706.0,487.0,137.0,57.0,293.0,584.0,587.0,580.0,577.0,575.0,573.0,2044.0,2192.0,2300.0,137.0,57.0,293.0,584.0,587.0,580.0
0.0,6517.0,1806.0,1754.0,472.0,1833.0,466.0,493.0,874.0,585.0,588.0,581.0,617.0,592.0,597.0,2199.0,2291.0,2027.0,466.0,493.0,874.0,585.0,588.0,581.0
0.0,5183.0,1791.0,1755.0,487.0,3141.0,935.0,1028.0,1178.0,585.0,588.0,582.0,606.0,592.0,593.0,1874.0,1859.0,1450.0,935.0,1028.0,1178.0,585.0,588.0,582.0
0.0,3879.0,1844.0,1757.0,1833.0,3160.0,1087.0,1138.0,935.0,586.0,588.0,583.0,614.0,603.0,627.0,1405.0,1324.0,1150.0,1087.0,1138.0,935.0,586.0,588.0,583.0
0.0,3868.0,1846.0,1758.0,3141.0,1869.0,775.0,712.0,382.0,587.0,588.0,583.0,619.0,602.0,625.0,1257.0,1214.0,1397.0,775.0,712.0,382.0,587.0,588.0,583.0
0.0,5163.0,1848.0,1759.0,3160.0,561.0,297.0,178.0,86.0,587.0,588.0,584.0,609.0,604.0,635.0,1573.0,1640.0,1950.0,297.0,178.0,86.0,587.0,588.0,584.0
0.0,6475.0,1856.0,1761.0,1869.0,556.0,150.0,72.0,334.0,588.0,588.0,585.0,624.0,606.0,626.0,2051.0,2174.0,2250.0,150.0,72.0,334.0,588.0,588.0,585.0
0.0,6488.0,1865.0,1761.0,561.0,1860.0,490.0,500.0,870.0,588.0,588.0,585.0,637.0,606.0,622.0,2202.0,2280.0,2006.0,490.0,500.0,870.0,588.0,588.0,585.0
0.0,5184.0,1947.0,1766.0,556.0,3271.0,981.0,1071.0,1219.0,590.0,589.0,587.0,633.0,639.0,675.0,1862.0,1852.0,1470.0,981.0,1071.0,1219.0,590.0,589.0,587.0
0.0,3793.0,1805.0,1767.0,1860.0,3220.0,1100.0,1160.0,960.0,590.0,589.0,588.0,609.0,589.0,607.0,1379.0,1285.0,1129.0,1100.0,1160.0,960.0,590.0,589.0,588.0
0.0,3848.0,1867.0,1770.0,3271.0,1828.0,738.0,737.0,353.0,591.0,591.0,588.0,615.0,640.0,612.0,1260.0,1196.0,1392.0,738.0,737.0,353.0,591.0,591.0,588.0
0.0,5252.0,1789.0,1770.0,3220.0,397.0,217.0,167.0,13.0,591.0,591.0,588.0,579.0,590.0,620.0,1626.0,1627.0,1999.0,217.0,167.0,13.0,591.0,591.0,588.0
0.0,6683.0,1853.0,1771.0,1828.0,426.0,73.0,49.0,304.0,591.0,591.0,589.0,594.0,619.0,640.0,2147.0,2197.0,2339.0,73.0,49.0,304.0,591.0,591.0,589.0
0.0,6658.0,1887.0,1775.0,397.0,1932.0,469.0,530.0,933.0,592.0,593.0,590.0,609.0,640.0,638.0,2291.0,2315.0,2052.0,469.0,530.0,933.0,592.0,593.0,590.0
0.0,5168.0,1836.0,1775.0,426.0,3342.0,981.0,1117.0,1244.0,592.0,593.0,590.0,585.0,636.0,615.0,1899.0,1842.0,1427.0,981.0,1117.0,1244.0,592.0,593.0,590.0
0.0,3758.0,1769.0,1774.0,1932.0,3175.0,1088.0,1177.0,910.0,592.0,593.0,589.0,576.0,590.0,603.0,1387.0,1255.0,1116.0,1088.0,1177.0,910.0,592.0,593.0,589.0
0.0,3921.0,1833.0,1775.0,3342.0,1670.0,694.0,698.0,278.0,592.0,594.0,589.0,587.0,634.0,612.0,1280.0,1195.0,1446.0,694.0,698.0,278.0,592.0,594.0,589.0
0.0,5430.0,1757.0,1777.0,3175.0,308.0,177.0,131.0,0.0,592.0,595.0,590.0,571.0,606.0,580.0,1674.0,1678.0,2078.0,177.0,131.0,0.0,592.0,595.0,590.0
0.0,6848.0,1842.0,1779.0,1670.0,440.0,83.0,62.0,295.0,593.0,596.0,590.0,596.0,625.0,621.0,2191.0,2249.0,2408.0,83.0,62.0,295.0,593.0,596.0,590.0
0.0,6676.0,1883.0,1783.0,308.0,2031.0,537.0,578.0,916.0,594.0,598.0,591.0,627.0,639.0,617.0,2289.0,2322.0,2065.0,537.0,578.0,916.0,594.0,598.0,591.0
0.0,5101.0,1764.0,1783.0,440.0,3355.0,1031.0,1125.0,1199.0,594.0,598.0,591.0,577.0,609.0,578.0,1839.0,1814.0,1448.0,1031.0,1125.0,1199.0,594.0,598.0,591.0
0.0,3777.0,1819.0,1787.0,2031.0,3159.0,1098.0,1164.0,897.0,595.0,600.0,592.0,600.0,609.0,610.0,1345.0,1267.0,1165.0,1098.0,1164.0,897.0,595.0,600.0,592.0
0.0,3989.0,1815.0,1788.0,3355.0,1623.0,663.0,655.0,305.0,595.0,601.0,592.0,596.0,612.0,607.0,1282.0,1236.0,1471.0,663.0,655.0,305.0,595.0,601.0,592.0
0.0,5529.0,1821.0,1790.0,3159.0,293.0,167.0,123.0,3.0,595.0,602.0,593.0,602.0,628.0,591.0,1717.0,1749.0,2063.0,167.0,123.0,3.0,595.0,602.0,593.0
0.0,6867.0,1769.0,1792.0,1623.0,447.0,95.0,83.0,269.0,595.0,604.0,593.0,591.0,607.0,571.0,2213.0,2285.0,2369.0,95.0,83.0,269.0,595.0,604.0,593.0
0.0,6721.0,1793.0,1792.0,293.0,1947.0,546.0,542.0,859.0,595.0,604.0,593.0,618.0,582.0,593.0,2285.0,2333.0,2103.0,546.0,542.0,859.0,595.0,604.0,593.0
0.0,5221.0,1864.0,1794.0,447.0,3372.0,1095.0,1075.0,1202.0,596.0,604.0,594.0,640.0,616.0,608.0,1834.0,1874.0,1513.0,1095.0,1075.0,1202.0,596.0,604.0,594.0
0.0,3804.0,1794.0,1796.0,1947.0,3227.0,1170.0,1143.0,914.0,597.0,605.0,594.0,617.0,606.0,571.0,1289.0,1341.0,1174.0,1170.0,1143.0,914.0,597.0,605.0,594.0
0.0,3957.0,1849.0,1797.0,3372.0,1708.0,722.0,672.0,314.0,598.0,605.0,594.0,643.0,604.0,602.0,1218.0,1277.0,1462.0,722.0,672.0,314.0,598.0,605.0,594.0
0.0,5480.0,1712.0,1797.0,3227.0,244.0,149.0,95.0,0.0,598.0,605.0,594.0,597.0,566.0,549.0,1670.0,1748.0,2062.0,149.0,95.0,0.0,598.0,605.0,594.0
0.0,6995.0,1780.0,1795.0,1708.0,263.0,37.0,0.0,226.0,597.0,604.0,594.0,614.0,575.0,591.0,2243.0,2325.0,2427.0,37.0,0.0,226.0,597.0,604.0,594.0
0.0,6923.0,1743.0,1794.0,244.0,1752.0,479.0,490.0,783.0,597.0,604.0,593.0,591.0,591.0,561.0,2351.0,2422.0,2150.0,479.0,490.0,783.0,597.0,604.0,593.0
0.0,5424.0,1851.0,1794.0,263.0,3340.0,1082.0,1112.0,1146.0,597.0,604.0,593.0,640.0,622.0,589.0,1909.0,1926.0,1589.0,1082.0,1112.0,1146.0,597.0,604.0,593.0
0.0,3836.0,1860.0,1794.0,1752.0,3448.0,1235.0,1210.0,1003.0,597.0,603.0,594.0,632.0,592.0,636.0,1306.0,1304.0,1226.0,1235.0,1210.0,1003.0,597.0,603.0,594.0
0.0,3728.0,1879.0,1796.0,3340.0,1995.0,800.0,726.0,469.0,598.0,603.0,595.0,643.0,628.0,608.0,1153.0,1202.0,1373.0,800.0,726.0,469.0,598.0,603.0,595.0
0.0,5189.0,1854.0,1798.0,3448.0,409.0,202.0,136.0,71.0,599.0,604.0,595.0,633.0,616.0,605.0,1592.0,1686.0,1911.0,202.0,136.0,71.0,599.0,604.0,595.0
0.0,6783.0,1864.0,1802.0,1995.0,294.0,49.0,26.0,219.0,601.0,605.0,596.0,639.0,612.0,613.0,2194.0,2280.0,2309.0,49.0,26.0,219.0,601.0,605.0,596.0
0.0,6914.0,1756.0,1803.0,409.0,1645.0,433.0,464.0,748.0,601.0,604.0,598.0,586.0,578.0,592.0,2355.0,2394.0,2165.0,433.0,464.0,748.0,601.0,604.0,598.0
0.0,5567.0,1762.0,1805.0,294.0,3121.0,975.0,1037.0,1109.0,602.0,605.0,598.0,587.0,595.0,580.0,1971.0,1952.0,1644.0,975.0,1037.0,1109.0,602.0,605.0,598.0
0.0,4099.0,1802.0,1804.0,1645.0,3274.0,1130.0,1160.0,984.0,601.0,604.0,599.0,592.0,591.0,619.0,1433.0,1383.0,1283.0,1130.0,1160.0,984.0,601.0,604.0,599.0
0.0,3942.0,1779.0,1805.0,3121.0,1936.0,749.0,716.0,471.0,602.0,604.0,599.0,590.0,593.0,596.0,1274.0,1256.0,1412.0,749.0,716.0,471.0,602.0,604.0,599.0
0.0,5284.0,1877.0,1806.0,3274.0,543.0,238.0,170.0,135.0,602.0,604.0,600.0,619.0,614.0,644.0,1659.0,1700.0,1925.0,238.0,170.0,135.0,602.0,604.0,600.0
0.0,6681.0,1834.0,1807.0,1936.0,445.0,107.0,39.0,299.0,603.0,603.0,601.0,614.0,589.0,631.0,2170.0,2246.0,2265.0,107.0,39.0,299.0,603.0,603.0,601.0
0.0,6783.0,1944.0,1813.0,543.0,1870.0,515.0,536.0,819.0,605.0,605.0,603.0,638.0,659.0,647.0,2305.0,2373.0,2105.0,515.0,536.0,819.0,605.0,605.0,603.0
0.0,5382.0,1788.0,1812.0,445.0,3209.0,1004.0,1079.0,1126.0,605.0,604.0,603.0,596.0,586.0,606.0,1905.0,1884.0,1593.0,1004.0,1079.0,1126.0,605.0,604.0,603.0
0.0,4039.0,1883.0,1816.0,1870.0,3238.0,1120.0,1175.0,943.0,606.0,605.0,605.0,627.0,628.0,628.0,1416.0,1337.0,1286.0,1120.0,1175.0,943.0,606.0,605.0,605.0
0.0,4026.0,1738.0,1816.0,3209.0,1767.0,695.0,675.0,397.0,606.0,605.0,605.0,579.0,579.0,580.0,1304.0,1245.0,1477.0,695.0,675.0,397.0,606.0,605.0,605.0
0.0,5497.0,1935.0,1818.0,3238.0,472.0,222.0,152.0,98.0,606.0,606.0,606.0,647.0,648.0,640.0,1729.0,1745.0,2023.0,222.0,152.0,98.0,606.0,606.0,606.0
0.0,6800.0,1802.0,1820.0,1767.0,515.0,119.0,71.0,325.0,607.0,606.0,607.0,588.0,594.0,620.0,2202.0,2272.0,2326.0,119.0,71.0,325.0,607.0,606.0,607.0
0.0,6765.0,1945.0,1822.0,472.0,1996.0,541.0,567.0,888.0,608.0,606.0,608.0,640.0,648.0,657.0,2309.0,2353.0,2103.0,541.0,567.0,888.0,608.0,606.0,608.0
0.0,5292.0,1980.0,1828.0,515.0,3485.0,1076.0,1176.0,1233.0,610.0,608.0,610.0,646.0,672.0,662.0,1891.0,1857.0,1544.0,1076.0,1176.0,1233.0,610.0,608.0,610.0
0.0,3827.0,1930.0,1832.0,1996.0,3435.0,1186.0,1263.0,986.0,611.0,610.0,611.0,647.0,646.0,637.0,1364.0,1256.0,1207.0,1186.0,1263.0,986.0,611.0,610.0,611.0
0.0,3893.0,1857.0,1835.0,3485.0,1819.0,736.0,704.0,379.0,612.0,611.0,612.0,622.0,613.0,622.0,1258.0,1177.0,1458.0,736.0,704.0,379.0,612.0,611.0,612.0
0.0,5521.0,1961.0,1837.0,3435.0,353.0,198.0,108.0,47.0,612.0,612.0,613.0,648.0,663.0,650.0,1712.0,1740.0,2069.0,198.0,108.0,47.0,612.0,612.0,613.0
0.0,6995.0,1930.0,1840.0,1819.0,476.0,100.0,42.0,334.0,613.0,613.0,614.0,634.0,634.0,662.0,2250.0,2340.0,2405.0,100.0,42.0,334.0,613.0,613.0,614.0
0.0,6884.0,1858.0,1840.0,353.0,1981.0,526.0,551.0,904.0,613.0,613.0,614.0,624.0,617.0,617.0,2352.0,2410.0,2122.0,526.0,551.0,904.0,613.0,613.0,614.0
0.0,5379.0,1960.0,1842.0,476.0,3473.0,1065.0,1172.0,1236.0,613.0,614.0,615.0,639.0,659.0,662.0,1926.0,1901.0,1552.0,1065.0,1172.0,1236.0,613.0,614.0,615.0
0.0,3895.0,1947.0,1844.0,1981.0,3447.0,1184.0,1267.0,996.0,614.0,615.0,615.0,641.0,642.0,664.0,1387.0,1284.0,1224.0,1184.0,1267.0,996.0,614.0,615.0,615.0
0.0,3929.0,1855.0,1844.0,3473.0,1829.0,749.0,709.0,371.0,614.0,615.0,615.0,630.0,614.0,611.0,1272.0,1193.0,1464.0,749.0,709.0,371.0,614.0,615.0,615.0
0.0,5547.0,1902.0,1845.0,3447.0,288.0,184.0,98.0,6.0,614.0,616.0,615.0,619.0,652.0,631.0,1707.0,1751.0,2089.0,184.0,98.0,6.0,614.0,616.0,615.0
0.0,7092.0,2031.0,1846.0,1829.0,494.0,93.0,79.0,322.0,614.0,617.0,615.0,658.0,686.0,687.0,2272.0,2366.0,2454.0,93.0,79.0,322.0,614.0,617.0,615.0
0.0,6890.0,1961.0,1850.0,288.0,2183.0,566.0,658.0,959.0,615.0,619.0,616.0,653.0,669.0,639.0,2363.0,2389.0,2138.0,566.0,658.0,959.0,615.0,619.0,616.0
0.0,5217.0,1939.0,1852.0,494.0,3636.0,1123.0,1226.0,1287.0,616.0,619.0,617.0,646.0,647.0,646.0,1894.0,1818.0,1505.0,1123.0,1226.0,1287.0,616.0,619.0,617.0
0.0,3772.0,2012.0,1855.0,2183.0,3477.0,1229.0,1264.0,984.0,617.0,621.0,617.0,668.0,688.0,656.0,1341.0,1250.0,1181.0,1229.0,1264.0,984.0,617.0,621.0,617.0
0.0,3943.0,1891.0,1856.0,3636.0,1736.0,754.0,656.0,326.0,618.0,621.0,617.0,644.0,618.0,629.0,1239.0,1220.0,1484.0,754.0,656.0,326.0,618.0,621.0,617.0
0.0,5688.0,1835.0,1855.0,3477.0,132.0,129.0,3.0,0.0,618.0,620.0,617.0,604.0,615.0,616.0,1718.0,1828.0,2142.0,129.0,3.0,0.0,618.0,620.0,617.0
0.0,7330.0,1892.0,1856.0,1736.0,273.0,15.0,0.0,258.0,619.0,620.0,617.0,636.0,630.0,626.0,2343.0,2477.0,2510.0,15.0,0.0,258.0,619.0,620.0,617.0
0.0,7174.0,1904.0,1858.0,132.0,2030.0,512.0,621.0,897.0,620.0,621.0,617.0,622.0,643.0,639.0,2461.0,2503.0,2210.0,512.0,621.0,897.0,620.0,621.0,617.0
0.0,5402.0,1838.0,1858.0,273.0,3595.0,1109.0,1213.0,1273.0,620.0,620.0,618.0,612.0,596.0,630.0,1968.0,1863.0,1571.0,1109.0,1213.0,1273.0,620.0,620.0,618.0
0.0,3837.0,1897.0,1862.0,2030.0,3478.0,1231.0,1233.0,1014.0,622.0,621.0,619.0,626.0,637.0,634.0,1371.0,1267.0,1199.0,1231.0,1233.0,1014.0,622.0,621.0,619.0
0.0,3970.0,1808.0,1861.0,3595.0,1687.0,725.0,612.0,350.0,622.0,620.0,619.0,603.0,596.0,609.0,1257.0,1251.0,1462.0,725.0,612.0,350.0,622.0,620.0,619.0
0.0,5757.0,1879.0,1861.0,3478.0,125.0,125.0,0.0,0.0,622.0,620.0,619.0,631.0,612.0,636.0,1763.0,1868.0,2126.0,125.0,0.0,0.0,622.0,620.0,619.0
0.0,7356.0,1907.0,1863.0,1687.0,316.0,45.0,22.0,249.0,623.0,620.0,620.0,641.0,643.0,623.0,2363.0,2489.0,2504.0,45.0,22.0,249.0,623.0,620.0,620.0
0.0,7136.0,1927.0,1866.0,125.0,2130.0,580.0,645.0,905.0,624.0,621.0,621.0,656.0,619.0,652.0,2447.0,2458.0,2231.0,580.0,645.0,905.0,624.0,621.0,621.0
0.0,5334.0,1954.0,1867.0,316.0,3772.0,1204.0,1275.0,1293.0,625.0,621.0,621.0,665.0,652.0,637.0,1916.0,1839.0,1579.0,1204.0,1275.0,1293.0,625.0,621.0,621.0
0.0,3696.0,1937.0,1870.0,2130.0,3591.0,1309.0,1255.0,1027.0,627.0,621.0,622.0,677.0,625.0,635.0,1296.0,1209.0,1191.0,1309.0,1255.0,1027.0,627.0,621.0,622.0
0.0,3889.0,1874.0,1872.0,3772.0,1701.0,732.0,608.0,361.0,627.0,622.0,623.0,627.0,624.0,623.0,1199.0,1229.0,1461.0,732.0,608.0,361.0,627.0,622.0,623.0
0.0,5787.0,1880.0,1873.0,3591.0,40.0,40.0,0.0,0.0,627.0,622.0,624.0,617.0,627.0,636.0,1776.0,1880.0,2131.0,40.0,0.0,0.0,627.0,622.0,624.0
0.0,7498.0,1819.0,1873.0,1701.0,187.0,0.0,20.0,167.0,627.0,623.0,623.0,617.0,644.0,558.0,2468.0,2508.0,2522.0,0.0,20.0,167.0,627.0,623.0,623.0
0.0,7380.0,1757.0,1872.0,40.0,1825.0,497.0,568.0,760.0,627.0,622.0,623.0,612.0,552.0,593.0,2583.0,2472.0,2325.0,497.0,568.0,760.0,627.0,622.0,623.0
0.0,5663.0,1789.0,1872.0,187.0,3427.0,1120.0,1135.0,1172.0,627.0,622.0,623.0,623.0,587.0,579.0,2011.0,1920.0,1732.0,1120.0,1135.0,1172.0,627.0,622.0,623.0
0.0,4061.0,1989.0,1877.0,1825.0,3611.0,1296.0,1250.0,1065.0,628.0,624.0,625.0,669.0,675.0,645.0,1388.0,1353.0,1320.0,1296.0,1250.0,1065.0,628.0,624.0,625.0
0.0,3897.0,2025.0,1881.0,3427.0,2225.0,883.0,773.0,569.0,630.0,625.0,626.0,699.0,654.0,672.0,1216.0,1246.0,1435.0,883.0,773.0,569.0,630.0,625.0,626.0
0.0,5299.0,1850.0,1884.0,3611.0,476.0,235.0,143.0,98.0,631.0,626.0,627.0,644.0,616.0,590.0,1637.0,1727.0,1935.0,235.0,143.0,98.0,631.0,626.0,627.0
0.0,7060.0,1891.0,1884.0,2225.0,148.0,0.0,1.0,147.0,631.0,626.0,627.0,642.0,631.0,618.0,2289.0,2361.0,2410.0,0.0,1.0,147.0,631.0,626.0,627.0
0.0,7394.0,1885.0,1885.0,476.0,1555.0,390.0,487.0,678.0,631.0,627.0,627.0,631.0,625.0,629.0,2530.0,2503.0,2361.0,390.0,487.0,678.0,631.0,627.0,627.0
0.0,5985.0,1921.0,1885.0,148.0,3328.0,1019.0,1152.0,1157.0,630.0,627.0,628.0,633.0,666.0,622.0,2134.0,2021.0,1830.0,1019.0,1152.0,1157.0,630.0,627.0,628.0
0.0,4212.0,1839.0,1885.0,1555.0,3612.0,1244.0,1296.0,1072.0,630.0,628.0,627.0,615.0,627.0,597.0,1501.0,1356.0,1355.0,1244.0,1296.0,1072.0,630.0,628.0,627.0
0.0,3928.0,1898.0,1886.0,3328.0,2186.0,853.0,782.0,551.0,630.0,628.0,628.0,628.0,638.0,632.0,1276.0,1216.0,1436.0,853.0,782.0,551.0,630.0,628.0,628.0
0.0,5358.0,2006.0,1890.0,3612.0,596.0,259.0,196.0,141.0,631.0,630.0,629.0,646.0,702.0,658.0,1667.0,1730.0,1961.0,259.0,196.0,141.0,631.0,630.0,629.0
0.0,6964.0,1897.0,1893.0,2186.0,319.0,29.0,58.0,232.0,632.0,631.0,630.0,619.0,640.0,638.0,2265.0,2324.0,2375.0,29.0,58.0,232.0,632.0,631.0,630.0
0.0,7253.0,1835.0,1894.0,596.0,1562.0,365.0,489.0,708.0,632.0,632.0,630.0,595.0,623.0,617.0,2499.0,2466.0,2288.0,365.0,489.0,708.0,632.0,632.0,630.0
0.0,6014.0,1867.0,1896.0,319.0,3118.0,948.0,1072.0,1098.0,632.0,633.0,631.0,612.0,637.0,618.0,2163.0,2039.0,1812.0,948.0,1072.0,1098.0,632.0,633.0,631.0
0.0,4466.0,1959.0,1897.0,1562.0,3519.0,1209.0,1267.0,1043.0,632.0,634.0,631.0,626.0,680.0,653.0,1580.0,1460.0,1426.0,1209.0,1267.0,1043.0,632.0,634.0,631.0
0.0,4069.0,1929.0,1899.0,3118.0,2338.0,902.0,848.0,588.0,633.0,635.0,631.0,637.0,649.0,643.0,1319.0,1269.0,1481.0,902.0,848.0,588.0,633.0,635.0,631.0
0.0,5258.0,1926.0,1898.0,3519.0,741.0,314.0,220.0,207.0,632.0,635.0,631.0,625.0,639.0,662.0,1630.0,1692.0,1936.0,314.0,220.0,207.0,632.0,635.0,631.0
0.0,6851.0,1923.0,1901.0,2338.0,338.0,37.0,34.0,267.0,633.0,636.0,632.0,621.0,658.0,644.0,2214.0,2320.0,2317.0,37.0,34.0,267.0,633.0,636.0,632.0
0.0,7266.0,1925.0,1901.0,741.0,1522.0,363.0,451.0,708.0,633.0,636.0,632.0,640.0,637.0,648.0,2495.0,2510.0,2261.0,363.0,451.0,708.0,633.0,636.0,632.0
0.0,6082.0,1897.0,1905.0,338.0,3097.0,951.0,1050.0,1096.0,634.0,637.0,634.0,621.0,629.0,647.0,2169.0,2093.0,1820.0,951.0,1050.0,1096.0,634.0,637.0,634.0
0.0,4523.0,1871.0,1904.0,1522.0,3442.0,1192.0,1218.0,1032.0,633.0,637.0,634.0,608.0,619.0,644.0,1585.0,1498.0,1440.0,1192.0,1218.0,1032.0,633.0,637.0,634.0
0.0,4174.0,1982.0,1908.0,3097.0,2343.0,910.0,824.0,609.0,635.0,638.0,635.0,661.0,652.0,669.0,1340.0,1330.0,1504.0,910.0,824.0,609.0,635.0,638.0,635.0
0.0,5289.0,1867.0,1905.0,3442.0,756.0,336.0,200.0,220.0,634.0,637.0,634.0,622.0,598.0,647.0,1630.0,1728.0,1931.0,336.0,200.0,220.0,634.0,637.0,634.0
0.0,6864.0,2010.0,1907.0,2343.0,431.0,104.0,39.0,288.0,635.0,637.0,635.0,674.0,663.0,673.0,2200.0,2348.0,2316.0,104.0,39.0,288.0,635.0,637.0,635.0
0.0,7197.0,1981.0,1908.0,756.0,1660.0,431.0,477.0,752.0,635.0,637.0,636.0,663.0,638.0,680.0,2436.0,2509.0,2252.0,431.0,477.0,752.0,635.0,637.0,636.0
0.0,5972.0,1990.0,1910.0,431.0,3227.0,1001.0,1084.0,1142.0,636.0,637.0,637.0,670.0,646.0,674.0,2109.0,2071.0,1792.0,1001.0,1084.0,1142.0,636.0,637.0,637.0
0.0,4413.0,1907.0,1909.0,1660.0,3470.0,1218.0,1213.0,1039.0,636.0,636.0,637.0,648.0,610.0,649.0,1543.0,1464.0,1406.0,1218.0,1213.0,1039.0,636.0,636.0,637.0
0.0,4166.0,1906.0,1908.0,3227.0,2145.0,853.0,744.0,548.0,636.0,636.0,636.0,636.0,615.0,655.0,1326.0,1331.0,1509.0,853.0,744.0,548.0,636.0,636.0,636.0
0.0,5487.0,2113.0,1913.0,3470.0,808.0,346.0,240.0,222.0,638.0,637.0,638.0,703.0,705.0,705.0,1691.0,1800.0,1996.0,346.0,240.0,222.0,638.0,637.0,638.0
0.0,6844.0,2040.0,1914.0,2145.0,707.0,172.0,155.0,380.0,638.0,637.0,639.0,679.0,659.0,702.0,2206.0,2308.0,2330.0,172.0,155.0,380.0,638.0,637.0,639.0
0.0,6949.0,2034.0,1916.0,808.0,1941.0,508.0,586.0,847.0,639.0,638.0,639.0,678.0,667.0,689.0,2380.0,2393.0,2176.0,508.0,586.0,847.0,639.0,638.0,639.0
0.0,5723.0,1828.0,1916.0,707.0,3062.0,937.0,1049.0,1076.0,639.0,638.0,639.0,601.0,618.0,609.0,2048.0,1966.0,1709.0,937.0,1049.0,1076.0,639.0,638.0,639.0
0.0,4602.0,1967.0,1917.0,1941.0,3092.0,1081.0,1119.0,892.0,639.0,638.0,640.0,652.0,656.0,659.0,1619.0,1503.0,1480.0,1081.0,1119.0,892.0,639.0,638.0,640.0
0.0,4576.0,2009.0,1917.0,3062.0,2039.0,836.0,732.0,471.0,640.0,638.0,639.0,688.0,662.0,659.0,1475.0,1433.0,1668.0,836.0,732.0,471.0,640.0,638.0,639.0
0.0,5629.0,1952.0,1916.0,3092.0,895.0,414.0,262.0,219.0,640.0,637.0,639.0,659.0,653.0,640.0,1724.0,1820.0,2085.0,414.0,262.0,219.0,640.0,637.0,639.0
0.0,6769.0,1964.0,1917.0,2039.0,824.0,232.0,180.0,412.0,640.0,637.0,640.0,654.0,650.0,660.0,2146.0,2286.0,2337.0,232.0,180.0,412.0,640.0,637.0,640.0
0.0,6844.0,1954.0,1917.0,895.0,1883.0,473.0,564.0,846.0,640.0,637.0,640.0,655.0,646.0,653.0,2328.0,2368.0,2148.0,473.0,564.0,846.0,640.0,637.0,640.0
0.0,5785.0,1836.0,1915.0,824.0,2887.0,833.0,1018.0,1036.0,639.0,637.0,639.0,596.0,634.0,606.0,2087.0,1984.0,1714.0,833.0,1018.0,1036.0,639.0,637.0,639.0
0.0,4773.0,1924.0,1916.0,1883.0,2932.0,1016.0,1095.0,821.0,640.0,637.0,639.0,652.0,641.0,631.0,1723.0,1530.0,1520.0,1016.0,1095.0,821.0,640.0,637.0,639.0
0.0,4732.0,1951.0,1918.0,2887.0,2004.0,848.0,725.0,431.0,640.0,638.0,640.0,665.0,644.0,642.0,1544.0,1453.0,1735.0,848.0,725.0,431.0,640.0,638.0,640.0
0.0,5668.0,1956.0,1919.0,2932.0,1032.0,455.0,325.0,252.0,640.0,639.0,640.0,623.0,691.0,642.0,1712.0,1827.0,2129.0,455.0,325.0,252.0,640.0,639.0,640.0
0.0,6644.0,2092.0,1923.0,2004.0,1136.0,313.0,295.0,528.0,642.0,640.0,641.0,698.0,691.0,703.0,2105.0,2231.0,2308.0,313.0,295.0,528.0,642.0,640.0,641.0
0.0,6556.0,2000.0,1926.0,1032.0,2116.0,516.0,663.0,937.0,643.0,641.0,642.0,654.0,689.0,657.0,2255.0,2265.0,2036.0,516.0,663.0,937.0,643.0,641.0,642.0
0.0,5588.0,1856.0,1927.0,1136.0,2840.0,811.0,1010.0,1019.0,643.0,642.0,642.0,608.0,638.0,610.0,2056.0,1901.0,1631.0,811.0,1010.0,1019.0,643.0,642.0,642.0
0.0,4868.0,1887.0,1927.0,2116.0,2611.0,924.0,1001.0,686.0,643.0,643.0,641.0,629.0,650.0,608.0,1761.0,1558.0,1549.0,924.0,1001.0,686.0,643.0,643.0,641.0
0.0,5097.0,1959.0,1928.0,2840.0,1734.0,763.0,650.0,321.0,643.0,643.0,642.0,650.0,659.0,650.0,1648.0,1571.0,1878.0,763.0,650.0,321.0,643.0,643.0,642.0
0.0,5978.0,2060.0,1931.0,2611.0,1195.0,539.0,344.0,312.0,644.0,645.0,642.0,696.0,687.0,677.0,1809.0,1922.0,2247.0,539.0,344.0,312.0,644.0,645.0,642.0
0.0,6529.0,2028.0,1932.0,1734.0,1493.0,451.0,371.0,671.0,644.0,645.0,643.0,675.0,677.0,676.0,2037.0,2236.0,2256.0,451.0,371.0,671.0,644.0,645.0,643.0
0.0,6235.0,1996.0,1933.0,1195.0,2298.0,549.0,747.0,1002.0,643.0,647.0,643.0,641.0,712.0,643.0,2125.0,2209.0,1901.0,549.0,747.0,1002.0,643.0,647.0,643.0
0.0,5434.0,1970.0,1934.0,1493.0,2779.0,748.0,1050.0,981.0,643.0,648.0,643.0,650.0,670.0,650.0,2023.0,1841.0,1570.0,748.0,1050.0,981.0,643.0,648.0,643.0
0.0,4957.0,1864.0,1935.0,2298.0,2349.0,838.0,938.0,573.0,644.0,648.0,643.0,635.0,635.0,594.0,1824.0,1542.0,1591.0,838.0,938.0,573.0,644.0,648.0,643.0
0.0,5391.0,2062.0,1939.0,2779.0,1648.0,780.0,591.0,277.0,645.0,649.0,645.0,686.0,699.0,677.0,1738.0,1654.0,1999.0,780.0,591.0,277.0,645.0,649.0,645.0
0.0,6108.0,2005.0,1943.0,2349.0,1320.0,612.0,343.0,365.0,646.0,651.0,646.0,666.0,682.0,657.0,1800.0,2005.0,2303.0,612.0,343.0,365.0,646.0,651.0,646.0
0.0,6452.0,2018.0,1948.0,1648.0,1710.0,508.0,443.0,759.0,647.0,653.0,648.0,672.0,683.0,663.0,1972.0,2261.0,2219.0,508.0,443.0,759.0,647.0,653.0,648.0
0.0,6082.0,2021.0,1948.0,1320.0,2411.0,583.0,778.0,1050.0,647.0,653.0,648.0,687.0,678.0,656.0,2080.0,2169.0,1833.0,583.0,778.0,1050.0,647.0,653.0,648.0
0.0,5381.0,1896.0,1946.0,1710.0,2589.0,708.0,973.0,908.0,646.0,653.0,647.0,637.0,638.0,621.0,2005.0,1834.0,1542.0,708.0,973.0,908.0,646.0,653.0,647.0
0.0,5195.0,1940.0,1949.0,2411.0,2130.0,791.0,847.0,492.0,647.0,654.0,648.0,662.0,648.0,630.0,1876.0,1639.0,1680.0,791.0,847.0,492.0,647.0,654.0,648.0
0.0,5666.0,1920.0,1949.0,2589.0,1461.0,731.0,518.0,212.0,647.0,654.0,648.0,648.0,644.0,628.0,1797.0,1769.0,2100.0,731.0,518.0,212.0,647.0,654.0,648.0
0.0,6335.0,1965.0,1950.0,2130.0,1300.0,586.0,345.0,369.0,647.0,655.0,648.0,646.0,670.0,649.0,1857.0,2098.0,2380.0,586.0,345.0,369.0,647.0,655.0,648.0
0.0,6500.0,1981.0,1951.0,1461.0,1824.0,509.0,500.0,815.0,647.0,655.0,649.0,654.0,673.0,654.0,2002.0,2275.0,2223.0,509.0,500.0,815.0,647.0,655.0,649.0
0.0,5980.0,2055.0,1956.0,1300.0,2599.0,616.0,848.0,1135.0,649.0,656.0,651.0,685.0,689.0,681.0,2079.0,2120.0,1781.0,616.0,848.0,1135.0,649.0,656.0,651.0
0.0,5225.0,1961.0,1957.0,1824.0,2740.0,756.0,1024.0,960.0,649.0,657.0,651.0,649.0,672.0,640.0,1980.0,1776.0,1469.0,756.0,1024.0,960.0,649.0,657.0,651.0
0.0,5088.0,1967.0,1956.0,2599.0,2104.0,786.0,815.0,503.0,649.0,656.0,651.0,646.0,643.0,678.0,1840.0,1604.0,1644.0,786.0,815.0,503.0,649.0,656.0,651.0
0.0,5720.0,1987.0,1958.0,2740.0,1359.0,673.0,461.0,225.0,650.0,656.0,652.0,639.0,670.0,678.0,1810.0,1809.0,2101.0,673.0,461.0,225.0,650.0,656.0,652.0
0.0,6473.0,2090.0,1962.0,2104.0,1361.0,571.0,340.0,450.0,651.0,657.0,654.0,680.0,690.0,720.0,1927.0,2163.0,2383.0,571.0,340.0,450.0,651.0,657.0,654.0
0.0,6487.0,1903.0,1963.0,1359.0,1909.0,517.0,506.0,886.0,651.0,657.0,655.0,619.0,627.0,657.0,2033.0,2288.0,2166.0,517.0,506.0,886.0,651.0,657.0,655.0
0.0,5943.0,1893.0,1962.0,1361.0,2437.0,562.0,784.0,1091.0,651.0,656.0,655.0,616.0,622.0,655.0,2087.0,2122.0,1734.0,562.0,784.0,1091.0,651.0,656.0,655.0
0.0,5411.0,1981.0,1963.0,1909.0,2513.0,709.0,935.0,869.0,652.0,656.0,655.0,660.0,657.0,664.0,2042.0,1840.0,1529.0,709.0,935.0,869.0,652.0,656.0,655.0
0.0,5339.0,1956.0,1963.0,2437.0,2032.0,781.0,803.0,448.0,652.0,656.0,655.0,634.0,652.0,670.0,1899.0,1689.0,1751.0,781.0,803.0,448.0,652.0,656.0,655.0
0.0,5820.0,1934.0,1963.0,2513.0,1453.0,719.0,516.0,218.0,652.0,656.0,655.0,647.0,648.0,639.0,1827.0,1821.0,2172.0,719.0,516.0,218.0,652.0,656.0,655.0
0.0,6399.0,1966.0,1964.0,2032.0,1391.0,615.0,362.0,414.0,653.0,656.0,655.0,673.0,649.0,644.0,1889.0,2108.0,2402.0,615.0,362.0,414.0,653.0,656.0,655.0
0.0,6465.0,1930.0,1965.0,1453.0,1872.0,537.0,483.0,852.0,653.0,657.0,655.0,641.0,633.0,656.0,1997.0,2262.0,2206.0,537.0,483.0,852.0,653.0,657.0,655.0
0.0,5988.0,2020.0,1968.0,1391.0,2513.0,584.0,803.0,1126.0,654.0,658.0,656.0,658.0,678.0,684.0,2075.0,2145.0,1768.0,584.0,803.0,1126.0,654.0,658.0,656.0
0.0,5359.0,2051.0,1970.0,1872.0,2700.0,729.0,996.0,975.0,655.0,658.0,657.0,678.0,676.0,697.0,2032.0,1829.0,1498.0,729.0,996.0,975.0,655.0,658.0,657.0
0.0,5180.0,2067.0,1974.0,2513.0,2270.0,822.0,889.0,559.0,656.0,660.0,658.0,673.0,688.0,706.0,1891.0,1636.0,1653.0,822.0,889.0,559.0,656.0,660.0,658.0
0.0,5626.0,2020.0,1974.0,2700.0,1590.0,767.0,559.0,264.0,656.0,660.0,658.0,674.0,666.0,680.0,1802.0,1751.0,2073.0,767.0,559.0,264.0,656.0,660.0,658.0
0.0,6306.0,2005.0,1973.0,2270.0,1321.0,595.0,332.0,394.0,655.0,660.0,658.0,654.0,662.0,689.0,1857.0,2081.0,2368.0,595.0,332.0,394.0,655.0,660.0,658.0
0.0,6571.0,2030.0,1975.0,1590.0,1769.0,514.0,461.0,794.0,656.0,661.0,658.0,682.0,684.0,664.0,2025.0,2308.0,2238.0,514.0,461.0,794.0,656.0,661.0,658.0
0.0,6131.0,1972.0,1976.0,1321.0,2424.0,571.0,781.0,1072.0,656.0,662.0,658.0,652.0,648.0,672.0,2110.0,2183.0,1838.0,571.0,781.0,1072.0,656.0,662.0,658.0
0.0,5480.0,2131.0,1980.0,1769.0,2802.0,777.0,1042.0,983.0,657.0,664.0,659.0,716.0,714.0,701.0,2053.0,1867.0,1560.0,777.0,1042.0,983.0,657.0,664.0,659.0
0.0,5118.0,2099.0,1980.0,2424.0,2477.0,922.0,957.0,598.0,657.0,664.0,659.0,716.0,696.0,687.0,1851.0,1614.0,1653.0,922.0,957.0,598.0,657.0,664.0,659.0
0.0,5443.0,2116.0,1981.0,2802.0,1795.0,872.0,607.0,316.0,658.0,664.0,659.0,723.0,692.0,701.0,1706.0,1699.0,2038.0,872.0,607.0,316.0,658.0,664.0,659.0
0.0,6129.0,2136.0,1983.0,2477.0,1462.0,656.0,374.0,432.0,659.0,665.0,659.0,702.0,720.0,714.0,1760.0,2049.0,2320.0,656.0,374.0,432.0,659.0,665.0,659.0
0.0,6470.0,1992.0,1986.0,1795.0,1671.0,450.0,449.0,772.0,660.0,666.0,660.0,662.0,678.0,652.0,1980.0,2286.0,2204.0,450.0,449.0,772.0,660.0,666.0,660.0
0.0,6273.0,2068.0,1988.0,1462.0,2285.0,490.0,778.0,1017.0,661.0,667.0,660.0,692.0,699.0,677.0,2190.0,2215.0,1868.0,490.0,778.0,1017.0,661.0,667.0,660.0
0.0,5667.0,2049.0,1989.0,1671.0,2667.0,691.0,1033.0,943.0,660.0,668.0,661.0,655.0,700.0,694.0,2154.0,1890.0,1623.0,691.0,1033.0,943.0,660.0,668.0,661.0
0.0,5289.0,2030.0,1991.0,2285.0,2420.0,871.0,948.0,601.0,660.0,669.0,662.0,670.0,689.0,671.0,1949.0,1639.0,1701.0,871.0,948.0,601.0,660.0,669.0,662.0
0.0,5544.0,2040.0,1992.0,2667.0,1797.0,871.0,603.0,323.0,661.0,669.0,662.0,687.0,688.0,665.0,1769.0,1728.0,2047.0,871.0,603.0,323.0,661.0,669.0,662.0
0.0,6171.0,2078.0,1995.0,2420.0,1467.0,692.0,367.0,408.0,662.0,671.0,662.0,688.0,704.0,686.0,1773.0,2073.0,2325.0,692.0,367.0,408.0,662.0,671.0,662.0
0.0,6513.0,2106.0,1999.0,1797.0,1792.0,508.0,492.0,792.0,663.0,672.0,664.0,683.0,724.0,699.0,1956.0,2317.0,2240.0,508.0,492.0,792.0,663.0,672.0,664.0
0.0,6204.0,1927.0,2000.0,1467.0,2256.0,448.0,798.0,1010.0,663.0,673.0,664.0,632.0,669.0,626.0,2144.0,2196.0,1864.0,448.0,798.0,1010.0,663.0,673.0,664.0
0.0,5744.0,2064.0,2002.0,1792.0,2536.0,604.0,1028.0,904.0,663.0,674.0,665.0,664.0,718.0,682.0,2204.0,1894.0,1646.0,604.0,1028.0,904.0,663.0,674.0,665.0
0.0,5472.0,1963.0,2003.0,2256.0,2247.0,818.0,903.0,526.0,664.0,674.0,665.0,658.0,673.0,632.0,2048.0,1668.0,1756.0,818.0,903.0,526.0,664.0,674.0,665.0
0.0,5765.0,2021.0,2001.0,2536.0,1724.0,874.0,554.0,296.0,663.0,674.0,664.0,664.0,679.0,678.0,1838.0,1793.0,2134.0,874.0,554.0,296.0,663.0,674.0,664.0
0.0,6280.0,2042.0,2001.0,2247.0,1519.0,723.0,324.0,472.0,663.0,673.0,665.0,667.0,677.0,698.0,1778.0,2142.0,2360.0,723.0,324.0,472.0,663.0,673.0,665.0
0.0,6485.0,2187.0,2007.0,1724.0,2006.0,575.0,517.0,914.0,665.0,675.0,667.0,718.0,739.0,730.0,1929.0,2368.0,2188.0,575.0,517.0,914.0,665.0,675.0,667.0
0.0,6022.0,1947.0,2009.0,1519.0,2442.0,516.0,846.0,1080.0,666.0,675.0,668.0,660.0,653.0,634.0,2085.0,2183.0,1754.0,516.0,846.0,1080.0,666.0,675.0,668.0
0.0,5594.0,1983.0,2010.0,2006.0,2423.0,589.0,1003.0,831.0,666.0,676.0,668.0,648.0,670.0,665.0,2148.0,1854.0,1592.0,589.0,1003.0,831.0,666.0,676.0,668.0
0.0,5617.0,2065.0,2010.0,2442.0,2046.0,764.0,845.0,437.0,666.0,676.0,668.0,691.0,688.0,686.0,2075.0,1701.0,1841.0,764.0,845.0,437.0,666.0,676.0,668.0
0.0,5994.0,2102.0,2011.0,2423.0,1729.0,887.0,536.0,306.0,666.0,676.0,669.0,712.0,694.0,696.0,1900.0,1859.0,2235.0,887.0,536.0,306.0,666.0,676.0,669.0
0.0,6315.0,2055.0,2012.0,2046.0,1742.0,812.0,370.0,560.0,667.0,675.0,670.0,685.0,683.0,687.0,1777.0,2168.0,2370.0,812.0,370.0,560.0,667.0,675.0,670.0
0.0,6306.0,2012.0,2013.0,1729.0,2029.0,598.0,493.0,938.0,668.0,675.0,670.0,669.0,659.0,684.0,1856.0,2330.0,2120.0,598.0,493.0,938.0,668.0,675.0,670.0
0.0,6023.0,2093.0,2017.0,1742.0,2396.0,502.0,811.0,1083.0,669.0,676.0,672.0,712.0,684.0,697.0,2074.0,2207.0,1742.0,502.0,811.0,1083.0,669.0,676.0,672.0
0.0,5672.0,2067.0,2017.0,2029.0,2434.0,607.0,1001.0,826.0,669.0,676.0,672.0,703.0,683.0,681.0,2174.0,1893.0,1605.0,607.0,1001.0,826.0,669.0,676.0,672.0
0.0,5634.0,2055.0,2018.0,2396.0,2097.0,808.0,876.0,413.0,670.0,676.0,672.0,699.0,686.0,670.0,2069.0,1703.0,1862.0,808.0,876.0,413.0,670.0,676.0,672.0
0.0,5975.0,2114.0,2020.0,2434.0,1785.0,905.0,579.0,301.0,671.0,676.0,673.0,700.0,704.0,710.0,1872.0,1828.0,2275.0,905.0,579.0,301.0,671.0,676.0,673.0
0.0,6295.0,2079.0,2021.0,2097.0,1771.0,788.0,385.0,598.0,671.0,676.0,674.0,691.0,682.0,706.0,1779.0,2125.0,2391.0,788.0,385.0,598.0,671.0,676.0,674.0
0.0,6313.0,2009.0,2023.0,1785.0,2003.0,558.0,465.0,980.0,671.0,677.0,675.0,675.0,655.0,679.0,1896.0,2319.0,2098.0,558.0,465.0,980.0,671.0,677.0,675.0
0.0,6089.0,2001.0,2024.0,1771.0,2237.0,419.0,748.0,1070.0,671.0,677.0,676.0,649.0,668.0,684.0,2126.0,2243.0,1720.0,419.0,748.0,1070.0,671.0,677.0,676.0
0.0,5859.0,2136.0,2029.0,2003.0,2390.0,559.0,987.0,844.0,672.0,678.0,679.0,694.0,700.0,742.0,2265.0,1960.0,1634.0,559.0,987.0,844.0,672.0,678.0,679.0
0.0,5726.0,2039.0,2029.0,2237.0,2192.0,805.0,922.0,465.0,672.0,678.0,679.0,665.0,683.0,691.0,2129.0,1725.0,1872.0,805.0,922.0,465.0,672.0,678.0,679.0
0.0,5924.0,2048.0,2031.0,2390.0,1858.0,943.0,612.0,303.0,673.0,678.0,680.0,693.0,677.0,678.0,1883.0,1790.0,2251.0,943.0,612.0,303.0,673.0,678.0,680.0
0.0,6266.0,2023.0,2031.0,2192.0,1689.0,801.0,371.0,517.0,673.0,678.0,680.0,663.0,681.0,679.0,1749.0,2100.0,2417.0,801.0,371.0,517.0,673.0,678.0,680.0
0.0,6435.0,2048.0,2032.0,1858.0,1883.0,536.0,420.0,927.0,673.0,678.0,681.0,678.0,661.0,709.0,1891.0,2341.0,2203.0,536.0,420.0,927.0,673.0,678.0,681.0
0.0,6245.0,2063.0,2034.0,1689.0,2265.0,417.0,747.0,1101.0,674.0,679.0,681.0,678.0,694.0,691.0,2156.0,2292.0,1797.0,417.0,747.0,1101.0,674.0,679.0,681.0
0.0,5871.0,2052.0,2036.0,1883.0,2442.0,564.0,997.0,881.0,675.0,679.0,682.0,679.0,670.0,703.0,2279.0,1969.0,1623.0,564.0,997.0,881.0,675.0,679.0,682.0
0.0,5702.0,2140.0,2036.0,2265.0,2317.0,866.0,951.0,500.0,675.0,679.0,682.0,719.0,701.0,720.0,2136.0,1719.0,1847.0,866.0,951.0,500.0,675.0,679.0,682.0
0.0,5827.0,2043.0,2039.0,2442.0,1930.0,978.0,636.0,316.0,676.0,680.0,683.0,672.0,678.0,693.0,1834.0,1765.0,2228.0,978.0,636.0,316.0,676.0,680.0,683.0
0.0,6226.0,2046.0,2042.0,2317.0,1671.0,774.0,383.0,514.0,677.0,682.0,683.0,658.0,690.0,698.0,1726.0,2084.0,2416.0,774.0,383.0,514.0,677.0,682.0,683.0
0.0,6497.0,2012.0,2043.0,1930.0,1757.0,437.0,410.0,910.0,677.0,682.0,684.0,641.0,663.0,708.0,1934.0,2345.0,2218.0,437.0,410.0,910.0,677.0,682.0,684.0
0.0,6415.0,2035.0,2045.0,1671.0,2129.0,307.0,727.0,1095.0,677.0,683.0,685.0,644.0,696.0,695.0,2271.0,2318.0,1826.0,307.0,727.0,1095.0,677.0,683.0,685.0
0.0,6051.0,2026.0,2046.0,1757.0,2402.0,529.0,993.0,880.0,677.0,683.0,686.0,659.0,676.0,691.0,2401.0,2005.0,1645.0,529.0,993.0,880.0,677.0,683.0,686.0
0.0,5782.0,2061.0,2048.0,2129.0,2342.0,889.0,955.0,498.0,677.0,684.0,687.0,667.0,685.0,709.0,2179.0,1739.0,1864.0,889.0,955.0,498.0,677.0,684.0,687.0
0.0,5850.0,2157.0,2052.0,2402.0,2113.0,1063.0,701.0,349.0,678.0,686.0,688.0,699.0,731.0,727.0,1819.0,1781.0,2250.0,1063.0,701.0,349.0,678.0,686.0,688.0
0.0,6095.0,2218.0,2055.0,2342.0,2001.0,896.0,517.0,588.0,679.0,687.0,689.0,718.0,767.0,733.0,1649.0,2043.0,2403.0,896.0,517.0,588.0,679.0,687.0,689.0
0.0,6219.0,2098.0,2057.0,2113.0,1994.0,534.0,523.0,937.0,680.0,688.0,689.0,697.0,703.0,698.0,1820.0,2231.0,2168.0,534.0,523.0,937.0,680.0,688.0,689.0
0.0,6234.0,2055.0,2057.0,2001.0,2048.0,316.0,694.0,1038.0,680.0,688.0,689.0,678.0,688.0,689.0,2186.0,2229.0,1819.0,316.0,694.0,1038.0,680.0,688.0,689.0
0.0,6180.0,2131.0,2060.0,1994.0,2197.0,507.0,878.0,812.0,681.0,689.0,690.0,721.0,703.0,707.0,2404.0,2058.0,1718.0,507.0,878.0,812.0,681.0,689.0,690.0
0.0,6043.0,2130.0,2062.0,2048.0,2287.0,888.0,909.0,490.0,682.0,690.0,690.0,693.0,721.0,716.0,2217.0,1878.0,1948.0,888.0,909.0,490.0,682.0,690.0,690.0
0.0,5961.0,2103.0,2062.0,2197.0,2193.0,1097.0,734.0,362.0,682.0,690.0,690.0,716.0,703.0,684.0,1840.0,1851.0,2270.0,1097.0,734.0,362.0,682.0,690.0,690.0
0.0,6055.0,2202.0,2067.0,2287.0,2128.0,956.0,592.0,580.0,684.0,692.0,691.0,739.0,759.0,704.0,1631.0,2026.0,2398.0,956.0,592.0,580.0,684.0,692.0,691.0
0.0,6140.0,2105.0,2067.0,2193.0,2040.0,559.0,564.0,917.0,684.0,692.0,691.0,700.0,706.0,699.0,1780.0,2176.0,2184.0,559.0,564.0,917.0,684.0,692.0,691.0
0.0,6228.0,2126.0,2067.0,2128.0,2038.0,339.0,676.0,1023.0,684.0,692.0,691.0,736.0,704.0,686.0,2177.0,2204.0,1847.0,339.0,676.0,1023.0,684.0,692.0,691.0
0.0,6230.0,2124.0,2067.0,2040.0,2122.0,500.0,812.0,810.0,684.0,692.0,691.0,720.0,700.0,704.0,2397.0,2092.0,1741.0,500.0,812.0,810.0,684.0,692.0,691.0
0.0,6146.0,2034.0,2065.0,2038.0,2110.0,864.0,792.0,454.0,684.0,691.0,690.0,703.0,660.0,671.0,2236.0,1956.0,1954.0,864.0,792.0,454.0,684.0,691.0,690.0
0.0,6150.0,2135.0,2068.0,2122.0,2135.0,1080.0,695.0,360.0,685.0,692.0,691.0,712.0,711.0,712.0,1872.0,1972.0,2306.0,1080.0,695.0,360.0,685.0,692.0,691.0
0.0,6137.0,2101.0,2069.0,2110.0,2130.0,927.0,587.0,616.0,685.0,692.0,692.0,711.0,684.0,706.0,1660.0,2073.0,2404.0,927.0,587.0,616.0,685.0,692.0,692.0
0.0,6146.0,2192.0,2071.0,2135.0,2195.0,601.0,619.0,975.0,687.0,692.0,692.0,746.0,727.0,719.0,1813.0,2181.0,2152.0,601.0,619.0,975.0,687.0,692.0,692.0
0.0,6089.0,2096.0,2073.0,2130.0,2169.0,390.0,717.0,1062.0,688.0,692.0,693.0,712.0,685.0,699.0,2147.0,2149.0,1793.0,390.0,717.0,1062.0,688.0,692.0,693.0
0.0,6123.0,2032.0,2073.0,2195.0,2006.0,480.0,781.0,745.0,688.0,692.0,693.0,691.0,683.0,658.0,2362.0,2051.0,1710.0,480.0,781.0,745.0,688.0,692.0,693.0
0.0,6286.0,2140.0,2074.0,2169.0,1981.0,822.0,769.0,390.0,689.0,692.0,693.0,728.0,705.0,707.0,2272.0,1987.0,2027.0,822.0,769.0,390.0,689.0,692.0,693.0
0.0,6315.0,2049.0,2072.0,2006.0,2016.0,1007.0,678.0,331.0,688.0,691.0,693.0,669.0,694.0,686.0,1934.0,1999.0,2382.0,1007.0,678.0,331.0,688.0,691.0,693.0
0.0,6272.0,2148.0,2077.0,1981.0,2203.0,910.0,613.0,680.0,690.0,692.0,695.0,717.0,700.0,731.0,1745.0,2086.0,2441.0,910.0,613.0,680.0,690.0,692.0,695.0
0.0,6105.0,2072.0,2077.0,2016.0,2259.0,589.0,632.0,1038.0,690.0,692.0,695.0,686.0,697.0,689.0,1850.0,2155.0,2100.0,589.0,632.0,1038.0,690.0,692.0,695.0
0.0,6049.0,2076.0,2079.0,2203.0,2140.0,375.0,708.0,1057.0,691.0,692.0,696.0,692.0,689.0,695.0,2171.0,2136.0,1742.0,375.0,708.0,1057.0,691.0,692.0,696.0
0.0,6176.0,2126.0,2082.0,2259.0,2019.0,493.0,763.0,763.0,692.0,692.0,698.0,703.0,687.0,736.0,2389.0,2060.0,1727.0,493.0,763.0,763.0,692.0,692.0,698.0
0.0,6309.0,2014.0,2081.0,2140.0,1889.0,780.0,711.0,398.0,692.0,692.0,697.0,662.0,656.0,696.0,2275.0,2005.0,2029.0,780.0,711.0,398.0,692.0,692.0,697.0
0.0,6435.0,2119.0,2079.0,2019.0,1981.0,982.0,650.0,349.0,691.0,691.0,697.0,699.0,706.0,714.0,1988.0,2057.0,2390.0,982.0,650.0,349.0,691.0,691.0,697.0
0.0,6335.0,2097.0,2082.0,1889.0,2201.0,911.0,638.0,652.0,692.0,692.0,698.0,705.0,695.0,697.0,1782.0,2114.0,2439.0,911.0,638.0,652.0,692.0,692.0,698.0
0.0,6127.0,2139.0,2085.0,1981.0,2371.0,642.0,701.0,1028.0,693.0,693.0,699.0,709.0,709.0,721.0,1857.0,2130.0,2140.0,642.0,701.0,1028.0,693.0,693.0,699.0
0.0,5969.0,2063.0,2086.0,2201.0,2237.0,432.0,731.0,1074.0,694.0,692.0,700.0,697.0,672.0,694.0,2130.0,2071.0,1768.0,432.0,731.0,1074.0,694.0,692.0,700.0
0.0,6107.0,2114.0,2085.0,2371.0,1976.0,475.0,735.0,766.0,693.0,692.0,700.0,689.0,705.0,720.0,2344.0,2037.0,1726.0,475.0,735.0,766.0,693.0,692.0,700.0
0.0,6364.0,2113.0,2087.0,2237.0,1860.0,746.0,707.0,407.0,693.0,693.0,701.0,703.0,699.0,711.0,2297.0,2033.0,2034.0,746.0,707.0,407.0,693.0,693.0,701.0
0.0,6488.0,2163.0,2090.0,1976.0,2059.0,1013.0,680.0,366.0,695.0,694.0,701.0,734.0,704.0,725.0,2026.0,2065.0,2397.0,1013.0,680.0,366.0,695.0,694.0,701.0
0.0,6301.0,2196.0,2091.0,1860.0,2399.0,1007.0,696.0,696.0,695.0,694.0,702.0,740.0,723.0,733.0,1767.0,2096.0,2438.0,1007.0,696.0,696.0,695.0,694.0,702.0
0.0,5965.0,2167.0,2094.0,2059.0,2519.0,729.0,736.0,1054.0,696.0,695.0,703.0,731.0,716.0,720.0,1773.0,2080.0,2112.0,729.0,736.0,1054.0,696.0,695.0,703.0
0.0,5857.0,2162.0,2095.0,2399.0,2286.0,452.0,743.0,1091.0,696.0,695.0,704.0,730.0,703.0,729.0,2055.0,2044.0,1758.0,452.0,743.0,1091.0,696.0,695.0,704.0
0.0,6094.0,2216.0,2097.0,2519.0,1991.0,460.0,763.0,768.0,697.0,696.0,704.0,733.0,752.0,731.0,2332.0,2037.0,1725.0,460.0,763.0,768.0,697.0,696.0,704.0
0.0,6397.0,2197.0,2100.0,2286.0,1914.0,745.0,762.0,407.0,698.0,697.0,705.0,733.0,738.0,726.0,2328.0,2021.0,2048.0,745.0,762.0,407.0,698.0,697.0,705.0
0.0,6486.0,2168.0,2103.0,1991.0,2103.0,991.0,734.0,378.0,698.0,699.0,706.0,706.0,727.0,735.0,2047.0,2026.0,2413.0,991.0,734.0,378.0,698.0,699.0,706.0
0.0,6309.0,2155.0,2107.0,1914.0,2360.0,963.0,689.0,708.0,700.0,700.0,707.0,709.0,713.0,733.0,1801.0,2062.0,2446.0,963.0,689.0,708.0,700.0,700.0,707.0
0.0,6068.0,2154.0,2106.0,2103.0,2407.0,686.0,683.0,1038.0,700.0,700.0,706.0,714.0,728.0,712.0,1837.0,2111.0,2120.0,686.0,683.0,1038.0,700.0,700.0,706.0
0.0,6017.0,2117.0,2107.0,2360.0,2168.0,451.0,689.0,1028.0,701.0,700.0,706.0,724.0,695.0,698.0,2114.0,2117.0,1786.0,451.0,689.0,1028.0,701.0,700.0,706.0
0.0,6260.0,2112.0,2109.0,2407.0,1881.0,462.0,718.0,701.0,701.0,701.0,707.0,697.0,708.0,707.0,2353.0,2111.0,1796.0,462.0,718.0,701.0,701.0,701.0,707.0
0.0,6555.0,2026.0,2108.0,2168.0,1735.0,690.0,674.0,371.0,701.0,700.0,707.0,679.0,649.0,698.0,2342.0,2086.0,2127.0,690.0,674.0,371.0,701.0,700.0,707.0
0.0,6697.0,2138.0,2110.0,1881.0,2000.0,946.0,668.0,386.0,702.0,701.0,707.0,714.0,708.0,716.0,2114.0,2126.0,2457.0,946.0,668.0,386.0,702.0,701.0,707.0
0.0,6440.0,1999.0,2110.0,1735.0,2264.0,902.0,664.0,698.0,702.0,701.0,707.0,646.0,670.0,683.0,1862.0,2136.0,2442.0,902.0,664.0,698.0,702.0,701.0,707.0
0.0,6176.0,2211.0,2112.0,2000.0,2483.0,676.0,742.0,1065.0,702.0,702.0,708.0,720.0,742.0,749.0,1906.0,2140.0,2130.0,676.0,742.0,1065.0,702.0,702.0,708.0
0.0,5965.0,2118.0,2112.0,2264.0,2337.0,469.0,782.0,1086.0,702.0,702.0,708.0,695.0,704.0,719.0,2132.0,2066.0,1767.0,469.0,782.0,1086.0,702.0,702.0,708.0
0.0,6111.0,2097.0,2113.0,2483.0,1955.0,481.0,746.0,728.0,702.0,703.0,708.0,688.0,702.0,707.0,2339.0,2026.0,1746.0,481.0,746.0,728.0,702.0,703.0,708.0
0.0,6497.0,2138.0,2115.0,2337.0,1764.0,713.0,704.0,347.0,703.0,704.0,708.0,697.0,736.0,705.0,2327.0,2066.0,2104.0,713.0,704.0,347.0,703.0,704.0,708.0
0.0,6696.0,2281.0,2120.0,1955.0,2110.0,999.0,730.0,381.0,705.0,706.0,709.0,759.0,764.0,758.0,2099.0,2112.0,2485.0,999.0,730.0,381.0,705.0,706.0,709.0
0.0,6370.0,2025.0,2120.0,1764.0,2371.0,956.0,694.0,721.0,706.0,705.0,709.0,666.0,672.0,687.0,1821.0,2094.0,2455.0,956.0,694.0,721.0,706.0,705.0,709.0
0.0,6109.0,2074.0,2121.0,2110.0,2339.0,653.0,635.0,1051.0,706.0,705.0,710.0,696.0,671.0,707.0,1868.0,2126.0,2115.0,653.0,635.0,1051.0,706.0,705.0,710.0
0.0,6145.0,2083.0,2121.0,2371.0,2051.0,404.0,621.0,1026.0,707.0,705.0,709.0,703.0,680.0,700.0,2171.0,2185.0,1789.0,404.0,621.0,1026.0,707.0,705.0,709.0
0.0,6433.0,2142.0,2121.0,2339.0,1854.0,452.0,713.0,689.0,707.0,705.0,709.0,701.0,727.0,714.0,2424.0,2199.0,1810.0,452.0,713.0,689.0,707.0,705.0,709.0
0.0,6630.0,2131.0,2119.0,2051.0,1926.0,776.0,781.0,369.0,707.0,703.0,709.0,728.0,697.0,706.0,2376.0,2107.0,2147.0,776.0,781.0,369.0,707.0,703.0,709.0
0.0,6550.0,2140.0,2121.0,1854.0,2220.0,1059.0,782.0,379.0,708.0,704.0,709.0,731.0,710.0,699.0,2052.0,2031.0,2467.0,1059.0,782.0,379.0,708.0,704.0,709.0
0.0,6264.0,2153.0,2122.0,1926.0,2451.0,989.0,706.0,756.0,708.0,704.0,710.0,706.0,705.0,742.0,1773.0,2034.0,2457.0,989.0,706.0,756.0,708.0,704.0,710.0
0.0,6037.0,2234.0,2123.0,2220.0,2469.0,685.0,655.0,1129.0,709.0,704.0,710.0,751.0,731.0,752.0,1843.0,2110.0,2084.0,685.0,655.0,1129.0,709.0,704.0,710.0
0.0,6023.0,2103.0,2123.0,2451.0,2121.0,413.0,626.0,1082.0,709.0,704.0,710.0,717.0,677.0,709.0,2151.0,2161.0,1711.0,413.0,626.0,1082.0,709.0,704.0,710.0
0.0,6371.0,2238.0,2126.0,2469.0,1902.0,489.0,727.0,686.0,710.0,705.0,711.0,757.0,752.0,729.0,2423.0,2190.0,1758.0,489.0,727.0,686.0,710.0,705.0,711.0
0.0,6602.0,2165.0,2126.0,2121.0,1946.0,796.0,816.0,334.0,710.0,704.0,712.0,720.0,719.0,726.0,2351.0,2093.0,2158.0,796.0,816.0,334.0,710.0,704.0,712.0
0.0,6558.0,2215.0,2127.0,1902.0,2263.0,1074.0,812.0,377.0,711.0,704.0,712.0,763.0,723.0,729.0,2044.0,2000.0,2514.0,1074.0,812.0,377.0,711.0,704.0,712.0
0.0,6245.0,2214.0,2129.0,1946.0,2539.0,1028.0,726.0,785.0,711.0,705.0,713.0,750.0,726.0,738.0,1770.0,2004.0,2471.0,1028.0,726.0,785.0,711.0,705.0,713.0
0.0,5977.0,2208.0,2130.0,2263.0,2488.0,725.0,640.0,1123.0,712.0,705.0,713.0,767.0,726.0,715.0,1816.0,2094.0,2067.0,725.0,640.0,1123.0,712.0,705.0,713.0
0.0,6032.0,2117.0,2132.0,2539.0,2074.0,425.0,642.0,1007.0,713.0,706.0,713.0,724.0,724.0,669.0,2123.0,2180.0,1729.0,425.0,642.0,1007.0,713.0,706.0,713.0
0.0,6454.0,2262.0,2135.0,2488.0,1860.0,468.0,765.0,627.0,714.0,707.0,714.0,764.0,759.0,739.0,2427.0,2182.0,1845.0,468.0,765.0,627.0,714.0,707.0,714.0
0.0,6680.0,2285.0,2138.0,2074.0,2083.0,839.0,894.0,350.0,715.0,709.0,714.0,792.0,763.0,730.0,2388.0,2063.0,2229.0,839.0,894.0,350.0,715.0,709.0,714.0
0.0,6469.0,2170.0,2138.0,1860.0,2393.0,1106.0,854.0,433.0,715.0,709.0,714.0,735.0,725.0,710.0,2021.0,1942.0,2506.0,1106.0,854.0,433.0,715.0,709.0,714.0
0.0,6159.0,2078.0,2138.0,2083.0,2388.0,964.0,664.0,760.0,715.0,709.0,714.0,697.0,704.0,677.0,1754.0,1982.0,2423.0,964.0,664.0,760.0,715.0,709.0,714.0
0.0,6164.0,2249.0,2142.0,2393.0,2260.0,601.0,583.0,1076.0,716.0,711.0,715.0,739.0,765.0,745.0,1896.0,2172.0,2096.0,601.0,583.0,1076.0,716.0,711.0,715.0
0.0,6308.0,2260.0,2144.0,2388.0,2140.0,392.0,686.0,1062.0,716.0,712.0,716.0,755.0,763.0,742.0,2263.0,2261.0,1784.0,392.0,686.0,1062.0,716.0,712.0,716.0
0.0,6436.0,2251.0,2147.0,2260.0,2143.0,526.0,878.0,739.0,717.0,713.0,717.0,731.0,771.0,749.0,2472.0,2162.0,1802.0,526.0,878.0,739.0,717.0,713.0,717.0
0.0,6445.0,2168.0,2148.0,2140.0,2175.0,843.0,938.0,394.0,717.0,714.0,717.0,709.0,742.0,717.0,2342.0,1974.0,2129.0,843.0,938.0,394.0,717.0,714.0,717.0
0.0,6417.0,2174.0,2151.0,2143.0,2218.0,1031.0,815.0,372.0,718.0,715.0,718.0,710.0,751.0,713.0,2025.0,1918.0,2474.0,1031.0,815.0,372.0,718.0,715.0,718.0
0.0,6386.0,2166.0,2152.0,2175.0,2213.0,856.0,627.0,730.0,717.0,716.0,719.0,672.0,746.0,748.0,1841.0,2045.0,2500.0,856.0,627.0,730.0,717.0,716.0,719.0
0.0,6395.0,2264.0,2155.0,2218.0,2271.0,555.0,581.0,1135.0,718.0,718.0,719.0,726.0,761.0,777.0,2012.0,2237.0,2146.0,555.0,581.0,1135.0,718.0,718.0,719.0
0.0,6349.0,2264.0,2159.0,2213.0,2338.0,454.0,722.0,1162.0,719.0,720.0,720.0,751.0,760.0,753.0,2317.0,2291.0,1741.0,454.0,722.0,1162.0,719.0,720.0,720.0
0.0,6298.0,2168.0,2160.0,2271.0,2239.0,615.0,880.0,744.0,720.0,720.0,720.0,712.0,739.0,717.0,2422.0,2158.0,1718.0,615.0,880.0,744.0,720.0,720.0,720.0
0.0,6401.0,2080.0,2160.0,2338.0,1981.0,826.0,883.0,272.0,719.0,721.0,720.0,669.0,721.0,690.0,2265.0,2000.0,2136.0,826.0,883.0,272.0,719.0,721.0,720.0
0.0,6659.0,2277.0,2163.0,2239.0,2031.0,978.0,768.0,285.0,720.0,722.0,721.0,763.0,761.0,753.0,2050.0,2001.0,2608.0,978.0,768.0,285.0,720.0,722.0,721.0
0.0,6621.0,2188.0,2165.0,1981.0,2246.0,857.0,630.0,759.0,720.0,723.0,722.0,705.0,741.0,742.0,1902.0,2120.0,2599.0,857.0,630.0,759.0,720.0,723.0,722.0
0.0,6414.0,2221.0,2167.0,2031.0,2444.0,603.0,623.0,1218.0,721.0,724.0,722.0,720.0,757.0,744.0,2023.0,2262.0,2129.0,603.0,623.0,1218.0,721.0,724.0,722.0
0.0,6224.0,2316.0,2171.0,2246.0,2530.0,508.0,765.0,1257.0,722.0,725.0,724.0,758.0,768.0,790.0,2281.0,2273.0,1670.0,508.0,765.0,1257.0,722.0,725.0,724.0
0.0,6154.0,2234.0,2172.0,2444.0,2324.0,650.0,884.0,790.0,722.0,726.0,724.0,745.0,738.0,751.0,2380.0,2135.0,1639.0,650.0,884.0,790.0,722.0,726.0,724.0
0.0,6364.0,2324.0,2175.0,2530.0,2130.0,914.0,893.0,323.0,723.0,727.0,725.0,768.0,770.0,786.0,2238.0,2020.0,2106.0,914.0,893.0,323.0,723.0,727.0,725.0
0.0,6570.0,2281.0,2177.0,2324.0,2095.0,1028.0,770.0,297.0,723.0,728.0,726.0,764.0,757.0,760.0,1978.0,2015.0,2577.0,1028.0,770.0,297.0,723.0,728.0,726.0
0.0,6613.0,2141.0,2176.0,2130.0,2102.0,839.0,555.0,708.0,723.0,727.0,726.0,725.0,682.0,734.0,1864.0,2142.0,2607.0,839.0,555.0,708.0,723.0,727.0,726.0
0.0,6602.0,2205.0,2176.0,2095.0,2212.0,556.0,491.0,1165.0,723.0,726.0,727.0,745.0,710.0,750.0,2053.0,2353.0,2196.0,556.0,491.0,1165.0,723.0,726.0,727.0
0.0,6492.0,2162.0,2176.0,2102.0,2272.0,437.0,641.0,1194.0,723.0,726.0,727.0,720.0,705.0,737.0,2336.0,2413.0,1743.0,437.0,641.0,1194.0,723.0,726.0,727.0
0.0,6432.0,2196.0,2176.0,2212.0,2256.0,597.0,885.0,774.0,723.0,726.0,727.0,716.0,735.0,745.0,2455.0,2263.0,1714.0,597.0,885.0,774.0,723.0,726.0,727.0
0.0,6448.0,2218.0,2177.0,2272.0,2206.0,921.0,968.0,317.0,724.0,726.0,727.0,757.0,724.0,737.0,2295.0,2019.0,2134.0,921.0,968.0,317.0,724.0,726.0,727.0
0.0,6502.0,2098.0,2176.0,2256.0,2044.0,1015.0,761.0,268.0,724.0,725.0,727.0,691.0,682.0,725.0,1975.0,1936.0,2591.0,1015.0,761.0,268.0,724.0,725.0,727.0
0.0,6660.0,2083.0,2175.0,2206.0,1917.0,787.0,482.0,648.0,723.0,725.0,727.0,697.0,689.0,697.0,1881.0,2139.0,2640.0,787.0,482.0,648.0,723.0,725.0,727.0
0.0,6783.0,2136.0,2177.0,2044.0,2017.0,503.0,415.0,1099.0,724.0,725.0,728.0,727.0,694.0,715.0,2105.0,2418.0,2260.0,503.0,415.0,1099.0,724.0,725.0,728.0
0.0,6691.0,2070.0,2178.0,1917.0,2174.0,390.0,620.0,1164.0,724.0,726.0,728.0,674.0,683.0,713.0,2393.0,2485.0,1813.0,390.0,620.0,1164.0,724.0,726.0,728.0
0.0,6538.0,2077.0,2175.0,2017.0,2222.0,579.0,895.0,748.0,723.0,725.0,727.0,696.0,694.0,687.0,2506.0,2284.0,1748.0,579.0,895.0,748.0,723.0,725.0,727.0
0.0,6478.0,2178.0,2179.0,2174.0,2242.0,918.0,1001.0,323.0,725.0,726.0,728.0,721.0,722.0,735.0,2313.0,2005.0,2160.0,918.0,1001.0,323.0,725.0,726.0,728.0
0.0,6474.0,2113.0,2177.0,2222.0,2125.0,1019.0,788.0,318.0,724.0,725.0,728.0,684.0,686.0,743.0,1982.0,1903.0,2589.0,1019.0,788.0,318.0,724.0,725.0,728.0
0.0,6583.0,2197.0,2179.0,2242.0,2088.0,833.0,530.0,725.0,725.0,726.0,728.0,728.0,739.0,730.0,1877.0,2112.0,2594.0,833.0,530.0,725.0,725.0,726.0,728.0
0.0,6628.0,2196.0,2181.0,2125.0,2167.0,528.0,480.0,1159.0,725.0,727.0,729.0,714.0,734.0,748.0,2067.0,2374.0,2187.0,528.0,480.0,1159.0,725.0,727.0,729.0
0.0,6557.0,2234.0,2183.0,2088.0,2321.0,436.0,695.0,1190.0,726.0,727.0,730.0,737.0,745.0,752.0,2372.0,2428.0,1757.0,436.0,695.0,1190.0,726.0,727.0,730.0
0.0,6411.0,2172.0,2181.0,2167.0,2318.0,637.0,926.0,755.0,726.0,726.0,729.0,729.0,715.0,728.0,2468.0,2213.0,1730.0,637.0,926.0,755.0,726.0,726.0,729.0
0.0,6406.0,2201.0,2184.0,2321.0,2210.0,944.0,966.0,300.0,727.0,727.0,730.0,739.0,731.0,731.0,2267.0,1978.0,2161.0,944.0,966.0,300.0,727.0,727.0,730.0
0.0,6526.0,2193.0,2186.0,2318.0,2093.0,1021.0,796.0,276.0,727.0,728.0,731.0,714.0,752.0,727.0,1964.0,1942.0,2620.0,1021.0,796.0,276.0,727.0,728.0,731.0
0.0,6651.0,2148.0,2187.0,2210.0,2035.0,784.0,561.0,690.0,727.0,729.0,731.0,707.0,727.0,714.0,1887.0,2116.0,2648.0,784.0,561.0,690.0,727.0,729.0,731.0
0.0,6713.0,2219.0,2189.0,2093.0,2169.0,526.0,516.0,1127.0,728.0,730.0,731.0,759.0,747.0,713.0,2124.0,2355.0,2234.0,526.0,516.0,1127.0,728.0,730.0,731.0
0.0,6587.0,2373.0,2194.0,2035.0,2527.0,549.0,760.0,1218.0,730.0,732.0,732.0,799.0,797.0,777.0,2386.0,2404.0,1797.0,549.0,760.0,1218.0,730.0,732.0,732.0
0.0,6249.0,2205.0,2195.0,2169.0,2567.0,766.0,991.0,810.0,730.0,732.0,733.0,743.0,747.0,715.0,2371.0,2168.0,1710.0,766.0,991.0,810.0,730.0,732.0,733.0
0.0,6213.0,2261.0,2198.0,2527.0,2313.0,966.0,1016.0,331.0,731.0,734.0,733.0,745.0,777.0,739.0,2154.0,1937.0,2122.0,966.0,1016.0,331.0,731.0,734.0,733.0
0.0,6479.0,2270.0,2198.0,2567.0,2016.0,1003.0,759.0,254.0,732.0,734.0,732.0,799.0,734.0,737.0,1958.0,1920.0,2601.0,1003.0,759.0,254.0,732.0,734.0,732.0
0.0,6776.0,2267.0,2201.0,2313.0,1982.0,826.0,505.0,651.0,733.0,735.0,733.0,785.0,758.0,724.0,1925.0,2177.0,2674.0,826.0,505.0,651.0,733.0,735.0,733.0
0.0,6822.0,2182.0,2200.0,2016.0,2144.0,567.0,458.0,1119.0,733.0,735.0,732.0,744.0,712.0,726.0,2106.0,2435.0,2281.0,567.0,458.0,1119.0,733.0,735.0,732.0
0.0,6656.0,2291.0,2203.0,1982.0,2465.0,523.0,733.0,1209.0,734.0,736.0,733.0,778.0,776.0,737.0,2365.0,2482.0,1809.0,523.0,733.0,1209.0,734.0,736.0,733.0
0.0,6347.0,2302.0,2204.0,2144.0,2627.0,727.0,1061.0,839.0,734.0,737.0,733.0,771.0,782.0,749.0,2413.0,2211.0,1723.0,727.0,1061.0,839.0,734.0,737.0,733.0
0.0,6189.0,2252.0,2204.0,2465.0,2414.0,966.0,1085.0,363.0,734.0,737.0,733.0,762.0,757.0,733.0,2209.0,1887.0,2093.0,966.0,1085.0,363.0,734.0,737.0,733.0
0.0,6402.0,2228.0,2205.0,2627.0,2019.0,993.0,778.0,248.0,734.0,738.0,733.0,754.0,750.0,724.0,1970.0,1863.0,2569.0,993.0,778.0,248.0,734.0,738.0,733.0
0.0,6801.0,2277.0,2208.0,2414.0,1894.0,804.0,467.0,623.0,735.0,739.0,734.0,773.0,770.0,734.0,1943.0,2174.0,2684.0,804.0,467.0,623.0,735.0,739.0,734.0
0.0,6938.0,2327.0,2209.0,2019.0,2206.0,596.0,473.0,1137.0,735.0,739.0,735.0,785.0,784.0,758.0,2136.0,2489.0,2313.0,596.0,473.0,1137.0,735.0,739.0,735.0
0.0,6630.0,2182.0,2207.0,1894.0,2486.0,535.0,713.0,1238.0,734.0,738.0,735.0,747.0,711.0,724.0,2344.0,2483.0,1803.0,535.0,713.0,1238.0,734.0,738.0,735.0
0.0,6342.0,2237.0,2209.0,2206.0,2525.0,694.0,983.0,848.0,735.0,739.0,735.0,751.0,739.0,747.0,2401.0,2239.0,1702.0,694.0,983.0,848.0,735.0,739.0,735.0
0.0,6311.0,2364.0,2214.0,2486.0,2423.0,970.0,1060.0,393.0,737.0,740.0,737.0,803.0,786.0,775.0,2246.0,1973.0,2092.0,970.0,1060.0,393.0,737.0,740.0,737.0
0.0,6433.0,2306.0,2216.0,2525.0,2212.0,1054.0,840.0,318.0,738.0,740.0,738.0,774.0,763.0,769.0,1978.0,1900.0,2555.0,1054.0,840.0,318.0,738.0,740.0,738.0
0.0,6652.0,2242.0,2216.0,2423.0,2031.0,838.0,517.0,676.0,738.0,740.0,738.0,754.0,737.0,751.0,1898.0,2120.0,2634.0,838.0,517.0,676.0,738.0,740.0,738.0
0.0,6833.0,2289.0,2215.0,2212.0,2104.0,551.0,415.0,1138.0,738.0,739.0,738.0,767.0,742.0,780.0,2114.0,2443.0,2276.0,551.0,415.0,1138.0,738.0,739.0,738.0
0.0,6756.0,2114.0,2215.0,2031.0,2187.0,444.0,596.0,1147.0,739.0,738.0,738.0,727.0,702.0,685.0,2401.0,2541.0,1814.0,444.0,596.0,1147.0,739.0,738.0,738.0
0.0,6673.0,2251.0,2216.0,2104.0,2338.0,644.0,920.0,774.0,739.0,738.0,739.0,751.0,739.0,761.0,2512.0,2356.0,1805.0,644.0,920.0,774.0,739.0,738.0,739.0
0.0,6526.0,2255.0,2218.0,2187.0,2414.0,947.0,1074.0,393.0,741.0,738.0,739.0,739.0,750.0,766.0,2312.0,2032.0,2182.0,947.0,1074.0,393.0,741.0,738.0,739.0
0.0,6458.0,2179.0,2215.0,2338.0,2243.0,1019.0,868.0,356.0,740.0,737.0,738.0,720.0,718.0,741.0,2017.0,1878.0,2563.0,1019.0,868.0,356.0,740.0,737.0,738.0
0.0,6617.0,2227.0,2216.0,2414.0,2060.0,804.0,528.0,728.0,740.0,737.0,739.0,732.0,734.0,761.0,1941.0,2080.0,2596.0,804.0,528.0,728.0,740.0,737.0,739.0
0.0,6804.0,2233.0,2217.0,2243.0,2054.0,531.0,397.0,1126.0,741.0,737.0,739.0,742.0,737.0,754.0,2156.0,2420.0,2228.0,531.0,397.0,1126.0,741.0,737.0,739.0
0.0,6814.0,2157.0,2218.0,2060.0,2155.0,428.0,594.0,1133.0,741.0,737.0,740.0,701.0,725.0,731.0,2433.0,2551.0,1830.0,428.0,594.0,1133.0,741.0,737.0,740.0
0.0,6717.0,2231.0,2217.0,2054.0,2328.0,633.0,930.0,765.0,741.0,736.0,740.0,736.0,737.0,758.0,2536.0,2354.0,1827.0,633.0,930.0,765.0,741.0,736.0,740.0
0.0,6540.0,2259.0,2219.0,2155.0,2440.0,967.0,1077.0,396.0,742.0,736.0,741.0,758.0,741.0,760.0,2331.0,2014.0,2195.0,967.0,1077.0,396.0,742.0,736.0,741.0
0.0,6436.0,2315.0,2221.0,2328.0,2435.0,1107.0,923.0,405.0,743.0,737.0,741.0,769.0,772.0,774.0,2001.0,1867.0,2568.0,1107.0,923.0,405.0,743.0,737.0,741.0
0.0,6449.0,2207.0,2218.0,2440.0,2190.0,879.0,559.0,752.0,742.0,736.0,740.0,743.0,717.0,747.0,1865.0,2025.0,2559.0,879.0,559.0,752.0,742.0,736.0,740.0
0.0,6682.0,2251.0,2219.0,2435.0,2010.0,517.0,376.0,1117.0,742.0,736.0,741.0,745.0,740.0,766.0,2089.0,2385.0,2208.0,517.0,376.0,1117.0,742.0,736.0,741.0
0.0,6866.0,2319.0,2219.0,2190.0,2139.0,433.0,580.0,1126.0,743.0,736.0,740.0,791.0,763.0,765.0,2451.0,2568.0,1847.0,433.0,580.0,1126.0,743.0,736.0,740.0
0.0,6737.0,2241.0,2218.0,2010.0,2366.0,674.0,951.0,741.0,743.0,735.0,740.0,758.0,751.0,732.0,2539.0,2364.0,1834.0,674.0,951.0,741.0,743.0,735.0,740.0
0.0,6506.0,2257.0,2220.0,2139.0,2492.0,1016.0,1093.0,383.0,744.0,736.0,740.0,771.0,718.0,768.0,2298.0,1989.0,2219.0,1016.0,1093.0,383.0,744.0,736.0,740.0
0.0,6388.0,2317.0,2222.0,2366.0,2451.0,1125.0,914.0,412.0,744.0,737.0,741.0,783.0,768.0,766.0,1960.0,1851.0,2577.0,1125.0,914.0,412.0,744.0,737.0,741.0
0.0,6437.0,2136.0,2221.0,2492.0,2091.0,825.0,522.0,744.0,744.0,737.0,740.0,716.0,701.0,719.0,1851.0,2034.0,2552.0,825.0,522.0,744.0,744.0,737.0,740.0
0.0,6793.0,2194.0,2222.0,2451.0,1838.0,436.0,340.0,1062.0,745.0,737.0,740.0,732.0,732.0,730.0,2151.0,2426.0,2216.0,436.0,340.0,1062.0,745.0,737.0,740.0
0.0,7050.0,2340.0,2223.0,2091.0,2091.0,393.0,616.0,1082.0,745.0,738.0,740.0,782.0,794.0,764.0,2544.0,2608.0,1898.0,393.0,616.0,1082.0,745.0,738.0,740.0
0.0,6801.0,2371.0,2230.0,1838.0,2652.0,759.0,1080.0,813.0,747.0,741.0,742.0,794.0,792.0,785.0,2587.0,2336.0,1878.0,759.0,1080.0,813.0,747.0,741.0,742.0
0.0,6268.0,2284.0,2232.0,2091.0,2853.0,1129.0,1254.0,470.0,748.0,742.0,742.0,759.0,786.0,739.0,2229.0,1884.0,2155.0,1129.0,1254.0,470.0,748.0,742.0,742.0
0.0,6075.0,2265.0,2236.0,2652.0,2482.0,1115.0,956.0,411.0,749.0,744.0,743.0,741.0,774.0,750.0,1863.0,1714.0,2498.0,1115.0,956.0,411.0,749.0,744.0,743.0
0.0,6462.0,2200.0,2238.0,2853.0,1837.0,746.0,435.0,656.0,750.0,745.0,743.0,756.0,729.0,715.0,1881.0,2020.0,2561.0,746.0,435.0,656.0,750.0,745.0,743.0
0.0,7115.0,2263.0,2241.0,2482.0,1630.0,393.0,252.0,985.0,751.0,746.0,744.0,758.0,769.0,736.0,2254.0,2545.0,2316.0,393.0,252.0,985.0,751.0,746.0,744.0
0.0,7334.0,2253.0,2243.0,1837.0,2054.0,395.0,578.0,1081.0,752.0,747.0,744.0,744.0,757.0,752.0,2611.0,2732.0,1991.0,395.0,578.0,1081.0,752.0,747.0,744.0
0.0,6918.0,2144.0,2244.0,1630.0,2572.0,705.0,1065.0,802.0,752.0,748.0,744.0,703.0,735.0,706.0,2613.0,2410.0,1895.0,705.0,1065.0,802.0,752.0,748.0,744.0
0.0,6404.0,2231.0,2244.0,2054.0,2749.0,1048.0,1255.0,446.0,752.0,748.0,744.0,738.0,768.0,725.0,2303.0,1927.0,2174.0,1048.0,1255.0,446.0,752.0,748.0,744.0
0.0,6227.0,2124.0,2243.0,2572.0,2297.0,1045.0,900.0,352.0,752.0,748.0,743.0,702.0,710.0,712.0,1960.0,1737.0,2530.0,1045.0,900.0,352.0,752.0,748.0,743.0
0.0,6675.0,2269.0,2244.0,2749.0,1821.0,743.0,420.0,658.0,752.0,749.0,743.0,746.0,771.0,752.0,1963.0,2092.0,2620.0,743.0,420.0,658.0,752.0,749.0,743.0
0.0,7155.0,2353.0,2246.0,2297.0,1885.0,489.0,335.0,1061.0,753.0,750.0,743.0,787.0,811.0,755.0,2265.0,2576.0,2314.0,489.0,335.0,1061.0,753.0,750.0,743.0
0.0,7099.0,2311.0,2250.0,1821.0,2391.0,497.0,689.0,1205.0,754.0,751.0,745.0,747.0,770.0,794.0,2523.0,2665.0,1911.0,497.0,689.0,1205.0,754.0,751.0,745.0
0.0,6609.0,2318.0,2253.0,1885.0,2836.0,776.0,1139.0,921.0,755.0,752.0,746.0,764.0,781.0,773.0,2519.0,2315.0,1775.0,776.0,1139.0,921.0,755.0,752.0,746.0
0.0,6176.0,2280.0,2254.0,2391.0,2729.0,1030.0,1207.0,492.0,755.0,752.0,747.0,751.0,757.0,772.0,2244.0,1869.0,2063.0,1030.0,1207.0,492.0,755.0,752.0,747.0
0.0,6287.0,2179.0,2254.0,2836.0,2072.0,982.0,803.0,287.0,755.0,752.0,747.0,728.0,735.0,716.0,1990.0,1801.0,2496.0,982.0,803.0,287.0,755.0,752.0,747.0
0.0,6944.0,2367.0,2254.0,2729.0,1710.0,746.0,400.0,564.0,755.0,752.0,747.0,794.0,804.0,769.0,2038.0,2205.0,2701.0,746.0,400.0,564.0,755.0,752.0,747.0
0.0,7306.0,2284.0,2254.0,2072.0,1922.0,549.0,349.0,1024.0,755.0,752.0,747.0,785.0,752.0,747.0,2274.0,2608.0,2424.0,549.0,349.0,1024.0,755.0,752.0,747.0
0.0,7094.0,2359.0,2257.0,1710.0,2583.0,592.0,745.0,1246.0,756.0,753.0,748.0,785.0,792.0,782.0,2471.0,2659.0,1964.0,592.0,745.0,1246.0,756.0,753.0,748.0
0.0,6445.0,2200.0,2255.0,1922.0,2853.0,771.0,1122.0,960.0,755.0,752.0,748.0,732.0,730.0,738.0,2432.0,2267.0,1746.0,771.0,1122.0,960.0,755.0,752.0,748.0
0.0,6167.0,2292.0,2257.0,2583.0,2570.0,955.0,1142.0,473.0,755.0,753.0,749.0,776.0,761.0,755.0,2249.0,1886.0,2032.0,955.0,1142.0,473.0,755.0,753.0,749.0
0.0,6458.0,2341.0,2259.0,2853.0,2066.0,984.0,809.0,273.0,756.0,754.0,749.0,796.0,785.0,760.0,2065.0,1870.0,2523.0,984.0,809.0,273.0,756.0,754.0,749.0
0.0,6970.0,2351.0,2260.0,2570.0,1851.0,837.0,438.0,576.0,756.0,754.0,750.0,808.0,771.0,772.0,2040.0,2207.0,2723.0,837.0,438.0,576.0,756.0,754.0,750.0
0.0,7189.0,2478.0,2264.0,2066.0,2279.0,684.0,453.0,1142.0,757.0,755.0,752.0,827.0,820.0,831.0,2187.0,2578.0,2424.0,684.0,453.0,1142.0,757.0,755.0,752.0
0.0,6777.0,2324.0,2265.0,1851.0,2756.0,646.0,770.0,1340.0,758.0,755.0,752.0,795.0,755.0,774.0,2344.0,2567.0,1866.0,646.0,770.0,1340.0,758.0,755.0,752.0
0.0,6304.0,2379.0,2268.0,2279.0,2868.0,756.0,1104.0,1008.0,759.0,755.0,754.0,790.0,787.0,802.0,2386.0,2250.0,1668.0,756.0,1104.0,1008.0,759.0,755.0,754.0
0.0,6204.0,2387.0,2270.0,2756.0,2507.0,915.0,1124.0,468.0,759.0,756.0,755.0,805.0,786.0,796.0,2280.0,1916.0,2008.0,915.0,1124.0,468.0,759.0,756.0,755.0
0.0,6573.0,2382.0,2271.0,2868.0,2025.0,971.0,785.0,269.0,760.0,755.0,756.0,808.0,769.0,805.0,2121.0,1900.0,2552.0,971.0,785.0,269.0,760.0,755.0,756.0
0.0,7059.0,2344.0,2274.0,2507.0,1874.0,845.0,427.0,602.0,761.0,756.0,757.0,785.0,762.0,797.0,2069.0,2235.0,2755.0,845.0,427.0,602.0,761.0,756.0,757.0
0.0,7222.0,2283.0,2275.0,2025.0,2136.0,633.0,415.0,1088.0,761.0,757.0,757.0,759.0,769.0,755.0,2199.0,2597.0,2426.0,633.0,415.0,1088.0,761.0,757.0,757.0
0.0,6964.0,2385.0,2275.0,1874.0,2647.0,550.0,790.0,1307.0,760.0,757.0,758.0,766.0,802.0,817.0,2411.0,2613.0,1940.0,550.0,790.0,1307.0,760.0,757.0,758.0
0.0,6453.0,2422.0,2278.0,2136.0,2945.0,728.0,1183.0,1034.0,761.0,758.0,759.0,807.0,804.0,811.0,2490.0,2238.0,1725.0,728.0,1183.0,1034.0,761.0,758.0,759.0
0.0,6167.0,2451.0,2282.0,2647.0,2765.0,987.0,1202.0,576.0,762.0,759.0,761.0,805.0,805.0,841.0,2316.0,1849.0,2002.0,987.0,1202.0,576.0,762.0,759.0,761.0
0.0,6363.0,2297.0,2282.0,2945.0,2117.0,994.0,800.0,323.0,761.0,760.0,761.0,739.0,777.0,781.0,2061.0,1834.0,2468.0,994.0,800.0,323.0,761.0,760.0,761.0
0.0,7011.0,2393.0,2287.0,2765.0,1765.0,798.0,413.0,554.0,762.0,762.0,763.0,787.0,807.0,799.0,2050.0,2240.0,2721.0,798.0,413.0,554.0,762.0,762.0,763.0
0.0,7383.0,2440.0,2291.0,2117.0,2104.0,609.0,445.0,1050.0,763.0,764.0,764.0,801.0,824.0,815.0,2250.0,2635.0,2498.0,609.0,445.0,1050.0,763.0,764.0,764.0
0.0,7060.0,2328.0,2293.0,1765.0,2675.0,572.0,810.0,1293.0,764.0,764.0,765.0,757.0,778.0,793.0,2443.0,2611.0,2006.0,572.0,810.0,1293.0,764.0,764.0,765.0
0.0,6497.0,2364.0,2296.0,2104.0,2947.0,758.0,1153.0,1036.0,765.0,765.0,766.0,791.0,784.0,789.0,2484.0,2246.0,1767.0,758.0,1153.0,1036.0,765.0,765.0,766.0
0.0,6237.0,2348.0,2298.0,2675.0,2628.0,953.0,1136.0,539.0,766.0,766.0,766.0,763.0,789.0,796.0,2302.0,1907.0,2028.0,953.0,1136.0,539.0,766.0,766.0,766.0
0.0,6564.0,2294.0,2299.0,2947.0,1979.0,957.0,754.0,268.0,766.0,767.0,766.0,762.0,767.0,765.0,2111.0,1928.0,2525.0,957.0,754.0,268.0,766.0,767.0,766.0
0.0,7217.0,2266.0,2302.0,2628.0,1629.0,768.0,383.0,478.0,767.0,768.0,767.0,760.0,761.0,745.0,2107.0,2314.0,2796.0,768.0,383.0,478.0,767.0,768.0,767.0
0.0,7579.0,2399.0,2305.0,1979.0,2061.0,606.0,437.0,1018.0,768.0,769.0,768.0,791.0,804.0,804.0,2300.0,2689.0,2590.0,606.0,437.0,1018.0,768.0,769.0,768.0
0.0,7159.0,2365.0,2307.0,1629.0,2805.0,624.0,859.0,1322.0,769.0,770.0,768.0,782.0,801.0,782.0,2466.0,2639.0,2054.0,624.0,859.0,1322.0,769.0,770.0,768.0
0.0,6423.0,2400.0,2308.0,2061.0,3148.0,812.0,1241.0,1095.0,769.0,771.0,768.0,794.0,815.0,791.0,2452.0,2221.0,1750.0,812.0,1241.0,1095.0,769.0,771.0,768.0
0.0,6084.0,2342.0,2310.0,2805.0,2693.0,951.0,1172.0,570.0,769.0,772.0,769.0,763.0,786.0,793.0,2264.0,1843.0,1977.0,951.0,1172.0,570.0,769.0,772.0,769.0
0.0,6547.0,2237.0,2311.0,3148.0,1786.0,910.0,664.0,212.0,770.0,772.0,769.0,767.0,733.0,737.0,2125.0,1916.0,2506.0,910.0,664.0,212.0,770.0,772.0,769.0
0.0,7458.0,2293.0,2310.0,2693.0,1382.0,699.0,259.0,424.0,769.0,772.0,769.0,744.0,767.0,782.0,2170.0,2424.0,2864.0,699.0,259.0,424.0,769.0,772.0,769.0
0.0,7858.0,2387.0,2312.0,1786.0,1991.0,571.0,405.0,1015.0,769.0,773.0,770.0,782.0,806.0,799.0,2377.0,2829.0,2652.0,571.0,405.0,1015.0,769.0,773.0,770.0
0.0,7257.0,2313.0,2313.0,1382.0,2926.0,647.0,915.0,1364.0,769.0,774.0,770.0,775.0,765.0,773.0,2505.0,2687.0,2065.0,647.0,915.0,1364.0,769.0,774.0,770.0
0.0,6326.0,2387.0,2315.0,1991.0,3330.0,897.0,1310.0,1123.0,770.0,775.0,770.0,817.0,796.0,774.0,2429.0,2181.0,1716.0,897.0,1310.0,1123.0,770.0,775.0,770.0
0.0,5930.0,2330.0,2320.0,2926.0,2754.0,1066.0,1143.0,545.0,772.0,776.0,772.0,808.0,744.0,778.0,2183.0,1790.0,1957.0,1066.0,1143.0,545.0,772.0,776.0,772.0
0.0,6526.0,2283.0,2321.0,3330.0,1711.0,958.0,564.0,189.0,773.0,776.0,772.0,785.0,731.0,767.0,2022.0,1961.0,2543.0,958.0,564.0,189.0,773.0,776.0,772.0
0.0,7573.0,2290.0,2320.0,2754.0,1243.0,655.0,184.0,404.0,773.0,775.0,772.0,763.0,767.0,760.0,2134.0,2540.0,2899.0,655.0,184.0,404.0,773.0,775.0,772.0
0.0,8037.0,2307.0,2319.0,1711.0,1835.0,448.0,393.0,994.0,772.0,775.0,772.0,755.0,773.0,779.0,2437.0,2916.0,2684.0,448.0,393.0,994.0,772.0,775.0,772.0
0.0,7441.0,2356.0,2320.0,1243.0,2952.0,576.0,995.0,1381.0,772.0,775.0,773.0,783.0,786.0,787.0,2640.0,2707.0,2094.0,576.0,995.0,1381.0,772.0,775.0,773.0
0.0,6328.0,2220.0,2319.0,1835.0,3333.0,863.0,1333.0,1137.0,772.0,774.0,773.0,735.0,735.0,750.0,2512.0,2105.0,1711.0,863.0,1333.0,1137.0,772.0,774.0,773.0
0.0,5943.0,2381.0,2322.0,2952.0,2774.0,1103.0,1122.0,549.0,773.0,775.0,774.0,812.0,780.0,789.0,2225.0,1763.0,1955.0,1103.0,1122.0,549.0,773.0,775.0,774.0
0.0,6514.0,2197.0,2321.0,3333.0,1634.0,973.0,532.0,129.0,773.0,774.0,774.0,733.0,747.0,717.0,1989.0,1978.0,2547.0,973.0,532.0,129.0,773.0,774.0,774.0
0.0,7650.0,2311.0,2323.0,2774.0,1179.0,658.0,177.0,344.0,774.0,775.0,774.0,784.0,763.0,764.0,2119.0,2564.0,2967.0,658.0,177.0,344.0,774.0,775.0,774.0
0.0,8113.0,2321.0,2327.0,1634.0,1882.0,453.0,436.0,993.0,775.0,776.0,776.0,764.0,787.0,770.0,2438.0,2923.0,2752.0,453.0,436.0,993.0,775.0,776.0,776.0
0.0,7426.0,2304.0,2327.0,1179.0,3007.0,562.0,1035.0,1410.0,775.0,776.0,776.0,767.0,776.0,761.0,2647.0,2668.0,2111.0,562.0,1035.0,1410.0,775.0,776.0,776.0
0.0,6301.0,2286.0,2331.0,1882.0,3427.0,894.0,1373.0,1160.0,777.0,777.0,777.0,777.0,770.0,739.0,2538.0,2069.0,1694.0,894.0,1373.0,1160.0,777.0,777.0,777.0
0.0,5897.0,2333.0,2331.0,3007.0,2753.0,1103.0,1119.0,531.0,777.0,777.0,777.0,771.0,781.0,781.0,2214.0,1735.0,1948.0,1103.0,1119.0,531.0,777.0,777.0,777.0
0.0,6571.0,2402.0,2333.0,3427.0,1736.0,1028.0,533.0,175.0,778.0,777.0,778.0,815.0,787.0,800.0,2005.0,1989.0,2577.0,1028.0,533.0,175.0,778.0,777.0,778.0
0.0,7596.0,2313.0,2333.0,2753.0,1296.0,678.0,206.0,412.0,778.0,777.0,778.0,753.0,792.0,768.0,2084.0,2575.0,2937.0,678.0,206.0,412.0,778.0,777.0,778.0
0.0,8036.0,2369.0,2333.0,1736.0,1929.0,431.0,463.0,1035.0,778.0,777.0,778.0,781.0,790.0,798.0,2434.0,2902.0,2700.0,431.0,463.0,1035.0,778.0,777.0,778.0
0.0,7403.0,2355.0,2336.0,1296.0,3000.0,535.0,1046.0,1419.0,779.0,778.0,779.0,778.0,785.0,792.0,2681.0,2645.0,2077.0,535.0,1046.0,1419.0,779.0,778.0,779.0
0.0,6344.0,2312.0,2337.0,1929.0,3387.0,866.0,1379.0,1142.0,779.0,779.0,779.0,762.0,792.0,758.0,2581.0,2066.0,1697.0,866.0,1379.0,1142.0,779.0,779.0,779.0
0.0,5961.0,2400.0,2338.0,3000.0,2791.0,1129.0,1137.0,525.0,779.0,779.0,780.0,798.0,804.0,798.0,2250.0,1737.0,1974.0,1129.0,1137.0,525.0,779.0,779.0,780.0
0.0,6561.0,2417.0,2341.0,3387.0,1833.0,1078.0,565.0,190.0,780.0,780.0,781.0,811.0,803.0,803.0,1987.0,1979.0,2595.0,1078.0,565.0,190.0,780.0,780.0,781.0
0.0,7531.0,2455.0,2342.0,2791.0,1501.0,776.0,255.0,470.0,781.0,780.0,781.0,823.0,827.0,805.0,2042.0,2555.0,2934.0,776.0,255.0,470.0,781.0,780.0,781.0
0.0,7867.0,2293.0,2345.0,1833.0,1973.0,456.0,488.0,1029.0,781.0,782.0,782.0,758.0,790.0,745.0,2348.0,2865.0,2654.0,456.0,488.0,1029.0,781.0,782.0,782.0
0.0,7407.0,2314.0,2344.0,1501.0,2782.0,448.0,980.0,1354.0,781.0,781.0,782.0,768.0,751.0,795.0,2668.0,2640.0,2099.0,448.0,980.0,1354.0,781.0,781.0,782.0
0.0,6594.0,2368.0,2346.0,1973.0,3185.0,770.0,1289.0,1126.0,781.0,782.0,783.0,778.0,793.0,797.0,2676.0,2144.0,1774.0,770.0,1289.0,1126.0,781.0,782.0,783.0
0.0,6199.0,2401.0,2346.0,2782.0,2804.0,1137.0,1125.0,542.0,781.0,782.0,783.0,815.0,816.0,770.0,2354.0,1839.0,2006.0,1137.0,1125.0,542.0,781.0,782.0,783.0
0.0,6580.0,2419.0,2345.0,3185.0,2034.0,1191.0,637.0,206.0,781.0,782.0,782.0,824.0,801.0,794.0,1987.0,2003.0,2590.0,1191.0,637.0,206.0,781.0,782.0,782.0
0.0,7346.0,2376.0,2347.0,2804.0,1614.0,852.0,308.0,454.0,781.0,783.0,783.0,798.0,792.0,786.0,1933.0,2491.0,2922.0,852.0,308.0,454.0,781.0,783.0,783.0
0.0,7774.0,2354.0,2345.0,2034.0,1926.0,434.0,486.0,1006.0,780.0,783.0,782.0,777.0,815.0,762.0,2272.0,2824.0,2678.0,434.0,486.0,1006.0,780.0,783.0,782.0
0.0,7454.0,2404.0,2345.0,1614.0,2716.0,368.0,1022.0,1326.0,780.0,784.0,781.0,786.0,840.0,778.0,2686.0,2646.0,2122.0,368.0,1022.0,1326.0,780.0,784.0,781.0
0.0,6664.0,2507.0,2348.0,1926.0,3309.0,760.0,1396.0,1153.0,780.0,786.0,782.0,826.0,852.0,829.0,2752.0,2114.0,1798.0,760.0,1396.0,1153.0,780.0,786.0,782.0
0.0,6083.0,2377.0,2349.0,2716.0,2974.0,1199.0,1183.0,592.0,781.0,787.0,781.0,803.0,805.0,769.0,2360.0,1748.0,1975.0,1199.0,1183.0,592.0,781.0,787.0,781.0
0.0,6422.0,2446.0,2352.0,3309.0,2123.0,1259.0,608.0,256.0,782.0,788.0,782.0,816.0,817.0,813.0,1925.0,1965.0,2532.0,1259.0,608.0,256.0,782.0,788.0,782.0
0.0,7285.0,2459.0,2354.0,2974.0,1616.0,866.0,246.0,504.0,783.0,788.0,783.0,802.0,821.0,836.0,1869.0,2544.0,2872.0,866.0,246.0,504.0,783.0,788.0,783.0
0.0,7800.0,2418.0,2353.0,2123.0,1907.0,394.0,452.0,1061.0,782.0,788.0,783.0,791.0,814.0,813.0,2266.0,2906.0,2628.0,394.0,452.0,1061.0,782.0,788.0,783.0
0.0,7505.0,2445.0,2353.0,1616.0,2736.0,326.0,1037.0,1373.0,782.0,789.0,782.0,798.0,827.0,820.0,2734.0,2700.0,2071.0,326.0,1037.0,1373.0,782.0,789.0,782.0
0.0,6676.0,2401.0,2355.0,1907.0,3238.0,726.0,1379.0,1133.0,783.0,789.0,783.0,790.0,794.0,817.0,2802.0,2119.0,1755.0,726.0,1379.0,1133.0,783.0,789.0,783.0
0.0,6182.0,2464.0,2357.0,2736.0,2974.0,1200.0,1185.0,589.0,783.0,790.0,784.0,800.0,839.0,825.0,2406.0,1777.0,1999.0,1200.0,1185.0,589.0,783.0,790.0,784.0
0.0,6454.0,2425.0,2356.0,3238.0,2157.0,1260.0,616.0,281.0,783.0,789.0,784.0,786.0,814.0,825.0,1932.0,1975.0,2547.0,1260.0,616.0,281.0,783.0,789.0,784.0
0.0,7267.0,2354.0,2357.0,2974.0,1541.0,822.0,221.0,498.0,783.0,790.0,784.0,762.0,786.0,806.0,1872.0,2540.0,2855.0,822.0,221.0,498.0,783.0,790.0,784.0
0.0,7887.0,2477.0,2360.0,2157.0,1873.0,375.0,441.0,1057.0,784.0,791.0,785.0,809.0,832.0,836.0,2310.0,2939.0,2638.0,375.0,441.0,1057.0,784.0,791.0,785.0
0.0,7567.0,2356.0,2359.0,1541.0,2684.0,336.0,1002.0,1346.0,784.0,790.0,785.0,783.0,786.0,787.0,2761.0,2723.0,2083.0,336.0,1002.0,1346.0,784.0,790.0,785.0
0.0,6752.0,2446.0,2362.0,1873.0,3269.0,785.0,1367.0,1117.0,785.0,791.0,786.0,820.0,802.0,824.0,2800.0,2158.0,1794.0,785.0,1367.0,1117.0,785.0,791.0,786.0
0.0,6179.0,2339.0,2363.0,2684.0,2928.0,1228.0,1131.0,569.0,785.0,791.0,787.0,779.0,766.0,794.0,2355.0,1797.0,2027.0,1228.0,1131.0,569.0,785.0,791.0,787.0
0.0,6524.0,2324.0,2363.0,3269.0,1983.0,1205.0,534.0,244.0,785.0,791.0,787.0,762.0,770.0,792.0,1912.0,2033.0,2579.0,1205.0,534.0,244.0,785.0,791.0,787.0
0.0,7469.0,2390.0,2363.0,2928.0,1445.0,759.0,181.0,505.0,785.0,790.0,788.0,782.0,782.0,826.0,1935.0,2630.0,2904.0,759.0,181.0,505.0,785.0,790.0,788.0
0.0,8007.0,2329.0,2362.0,1983.0,1787.0,330.0,401.0,1056.0,785.0,789.0,788.0,776.0,758.0,795.0,2381.0,2979.0,2647.0,330.0,401.0,1056.0,785.0,789.0,788.0
0.0,7661.0,2394.0,2362.0,1445.0,2736.0,362.0,1006.0,1368.0,785.0,789.0,788.0,791.0,786.0,817.0,2810.0,2755.0,2096.0,362.0,1006.0,1368.0,785.0,789.0,788.0
0.0,6712.0,2408.0,2365.0,1787.0,3369.0,845.0,1399.0,1125.0,786.0,790.0,789.0,809.0,790.0,809.0,2778.0,2150.0,1784.0,845.0,1399.0,1125.0,786.0,790.0,789.0
0.0,6091.0,2449.0,2368.0,2736.0,3094.0,1302.0,1200.0,592.0,787.0,791.0,790.0,815.0,803.0,831.0,2299.0,1761.0,2031.0,1302.0,1200.0,592.0,787.0,791.0,790.0
0.0,6378.0,2360.0,2367.0,3369.0,2081.0,1246.0,579.0,256.0,787.0,790.0,790.0,789.0,782.0,789.0,1846.0,1964.0,2568.0,1246.0,579.0,256.0,787.0,790.0,790.0
0.0,7387.0,2353.0,2369.0,3094.0,1348.0,763.0,155.0,430.0,788.0,791.0,790.0,815.0,772.0,766.0,1902.0,2581.0,2904.0,763.0,155.0,430.0,788.0,791.0,790.0
0.0,8128.0,2485.0,2370.0,2081.0,1756.0,352.0,402.0,1002.0,788.0,791.0,791.0,835.0,826.0,824.0,2389.0,3009.0,2730.0,352.0,402.0,1002.0,788.0,791.0,791.0
0.0,7724.0,2358.0,2371.0,1348.0,2770.0,419.0,1004.0,1347.0,789.0,791.0,791.0,826.0,757.0,775.0,2800.0,2762.0,2162.0,419.0,1004.0,1347.0,789.0,791.0,791.0
0.0,6714.0,2296.0,2371.0,1756.0,3310.0,828.0,1372.0,1110.0,788.0,792.0,791.0,765.0,766.0,765.0,2737.0,2160.0,1817.0,828.0,1372.0,1110.0,788.0,792.0,791.0
0.0,6174.0,2420.0,2375.0,2770.0,2976.0,1241.0,1170.0,565.0,790.0,793.0,792.0,824.0,798.0,798.0,2324.0,1796.0,2054.0,1241.0,1170.0,565.0,790.0,793.0,792.0
0.0,6524.0,2481.0,2378.0,3310.0,2159.0,1252.0,625.0,282.0,791.0,794.0,793.0,835.0,823.0,823.0,1919.0,2002.0,2603.0,1252.0,625.0,282.0,791.0,794.0,793.0
0.0,7353.0,2365.0,2377.0,2976.0,1544.0,773.0,278.0,493.0,791.0,794.0,792.0,762.0,823.0,780.0,1912.0,2551.0,2890.0,773.0,278.0,493.0,791.0,794.0,792.0
0.0,7964.0,2363.0,2381.0,2159.0,1764.0,316.0,468.0,980.0,792.0,796.0,793.0,791.0,807.0,765.0,2391.0,2898.0,2675.0,316.0,468.0,980.0,792.0,796.0,793.0
0.0,7760.0,2416.0,2381.0,1544.0,2636.0,362.0,998.0,1276.0,792.0,796.0,793.0,819.0,808.0,789.0,2852.0,2716.0,2192.0,362.0,998.0,1276.0,792.0,796.0,793.0
0.0,6888.0,2509.0,2387.0,1764.0,3405.0,892.0,1372.0,1141.0,794.0,798.0,795.0,838.0,834.0,837.0,2806.0,2186.0,1896.0,892.0,1372.0,1141.0,794.0,798.0,795.0
0.0,6143.0,2520.0,2391.0,2636.0,3305.0,1372.0,1252.0,681.0,795.0,800.0,796.0,838.0,870.0,812.0,2284.0,1820.0,2039.0,1372.0,1252.0,681.0,795.0,800.0,796.0
0.0,6259.0,2323.0,2391.0,3405.0,2223.0,1250.0,671.0,302.0,795.0,800.0,796.0,770.0,791.0,762.0,1808.0,1948.0,2503.0,1250.0,671.0,302.0,795.0,800.0,796.0
0.0,7341.0,2341.0,2391.0,3305.0,1259.0,638.0,215.0,406.0,795.0,800.0,796.0,760.0,796.0,785.0,1930.0,2529.0,2882.0,638.0,215.0,406.0,795.0,800.0,796.0
0.0,8305.0,2437.0,2394.0,2223.0,1485.0,186.0,389.0,910.0,795.0,802.0,797.0,798.0,837.0,802.0,2542.0,2985.0,2778.0,186.0,389.0,910.0,795.0,802.0,797.0
0.0,8091.0,2388.0,2396.0,1259.0,2622.0,316.0,1000.0,1306.0,795.0,803.0,798.0,768.0,822.0,798.0,2994.0,2819.0,2278.0,316.0,1000.0,1306.0,795.0,803.0,798.0
0.0,6962.0,2477.0,2397.0,1485.0,3618.0,934.0,1465.0,1219.0,795.0,804.0,798.0,804.0,850.0,823.0,2864.0,2212.0,1886.0,934.0,1465.0,1219.0,795.0,804.0,798.0
0.0,5970.0,2429.0,2399.0,2622.0,3433.0,1430.0,1283.0,720.0,796.0,804.0,799.0,808.0,818.0,803.0,2246.0,1751.0,1973.0,1430.0,1283.0,720.0,796.0,804.0,799.0
0.0,6163.0,2400.0,2400.0,3618.0,2219.0,1293.0,630.0,296.0,796.0,805.0,799.0,797.0,808.0,795.0,1754.0,1933.0,2476.0,1293.0,630.0,296.0,796.0,805.0,799.0
0.0,7381.0,2312.0,2399.0,3433.0,1094.0,630.0,106.0,358.0,796.0,804.0,799.0,767.0,763.0,782.0,1891.0,2590.0,2900.0,630.0,106.0,358.0,796.0,804.0,799.0
0.0,8502.0,2358.0,2400.0,2219.0,1237.0,121.0,279.0,837.0,797.0,804.0,799.0,780.0,803.0,775.0,2554.0,3110.0,2838.0,121.0,279.0,837.0,797.0,804.0,799.0
0.0,8363.0,2484.0,2402.0,1094.0,2635.0,340.0,1004.0,1291.0,798.0,805.0,799.0,845.0,827.0,812.0,3067.0,2937.0,2359.0,340.0,1004.0,1291.0,798.0,805.0,799.0
0.0,6973.0,2452.0,2402.0,1237.0,3850.0,1050.0,1549.0,1251.0,798.0,805.0,799.0,831.0,824.0,797.0,2852.0,2216.0,1905.0,1050.0,1549.0,1251.0,798.0,805.0,799.0
0.0,5758.0,2453.0,2402.0,2635.0,3668.0,1531.0,1360.0,777.0,798.0,805.0,799.0,821.0,815.0,817.0,2142.0,1671.0,1945.0,1531.0,1360.0,777.0,798.0,805.0,799.0
0.0,5940.0,2470.0,2406.0,3850.0,2304.0,1333.0,619.0,352.0,800.0,805.0,801.0,844.0,808.0,818.0,1661.0,1860.0,2419.0,1333.0,619.0,352.0,800.0,805.0,801.0
0.0,7320.0,2471.0,2409.0,3668.0,1119.0,636.0,85.0,398.0,801.0,807.0,801.0,830.0,818.0,823.0,1867.0,2601.0,2852.0,636.0,85.0,398.0,801.0,807.0,801.0
0.0,8517.0,2490.0,2411.0,2304.0,1313.0,160.0,274.0,879.0,802.0,807.0,802.0,853.0,808.0,829.0,2568.0,3143.0,2806.0,160.0,274.0,879.0,802.0,807.0,802.0
0.0,8331.0,2515.0,2413.0,1119.0,2717.0,369.0,1016.0,1332.0,803.0,807.0,803.0,841.0,827.0,847.0,3048.0,2954.0,2329.0,369.0,1016.0,1332.0,803.0,807.0,803.0
0.0,6935.0,2373.0,2413.0,1313.0,3777.0,992.0,1522.0,1263.0,802.0,807.0,804.0,787.0,780.0,806.0,2843.0,2212.0,1880.0,992.0,1522.0,1263.0,802.0,807.0,804.0
0.0,5875.0,2463.0,2414.0,2717.0,3527.0,1467.0,1311.0,749.0,803.0,807.0,804.0,840.0,805.0,818.0,2216.0,1706.0,1953.0,1467.0,1311.0,749.0,803.0,807.0,804.0
0.0,6129.0,2440.0,2416.0,3777.0,2198.0,1295.0,571.0,332.0,804.0,806.0,806.0,816.0,786.0,838.0,1745.0,1917.0,2467.0,1295.0,571.0,332.0,804.0,806.0,806.0
0.0,7466.0,2531.0,2418.0,3527.0,1210.0,676.0,86.0,448.0,805.0,806.0,807.0,844.0,826.0,861.0,1921.0,2653.0,2892.0,676.0,86.0,448.0,805.0,806.0,807.0
0.0,8462.0,2432.0,2417.0,2198.0,1440.0,203.0,289.0,948.0,805.0,805.0,807.0,822.0,778.0,832.0,2544.0,3138.0,2780.0,203.0,289.0,948.0,805.0,805.0,807.0
0.0,8228.0,2476.0,2419.0,1210.0,2714.0,351.0,1006.0,1357.0,805.0,805.0,809.0,824.0,803.0,849.0,3017.0,2931.0,2280.0,351.0,1006.0,1357.0,805.0,805.0,809.0
0.0,6962.0,2410.0,2418.0,1440.0,3680.0,949.0,1498.0,1233.0,805.0,804.0,809.0,801.0,785.0,824.0,2869.0,2214.0,1879.0,949.0,1498.0,1233.0,805.0,804.0,809.0
0.0,5992.0,2641.0,2421.0,2714.0,3619.0,1485.0,1358.0,776.0,806.0,805.0,810.0,883.0,862.0,896.0,2271.0,1718.0,2003.0,1485.0,1358.0,776.0,806.0,805.0,810.0
0.0,6065.0,2416.0,2422.0,3680.0,2359.0,1323.0,655.0,381.0,806.0,805.0,811.0,787.0,795.0,834.0,1739.0,1862.0,2464.0,1323.0,655.0,381.0,806.0,805.0,811.0
0.0,7329.0,2405.0,2420.0,3619.0,1137.0,624.0,113.0,400.0,806.0,804.0,810.0,786.0,820.0,799.0,1901.0,2565.0,2863.0,624.0,113.0,400.0,806.0,804.0,810.0
0.0,8543.0,2402.0,2421.0,2359.0,1184.0,94.0,262.0,828.0,806.0,805.0,810.0,793.0,800.0,809.0,2600.0,3103.0,2840.0,94.0,262.0,828.0,806.0,805.0,810.0
0.0,8500.0,2478.0,2421.0,1137.0,2525.0,271.0,972.0,1282.0,806.0,804.0,811.0,801.0,827.0,850.0,3130.0,2958.0,2412.0,271.0,972.0,1282.0,806.0,804.0,811.0
0.0,7159.0,2429.0,2420.0,1184.0,3766.0,974.0,1529.0,1263.0,806.0,804.0,810.0,797.0,819.0,813.0,2953.0,2244.0,1962.0,974.0,1529.0,1263.0,806.0,804.0,810.0
0.0,5914.0,2370.0,2421.0,2525.0,3615.0,1502.0,1346.0,767.0,807.0,804.0,810.0,795.0,789.0,786.0,2250.0,1687.0,1977.0,1502.0,1346.0,767.0,807.0,804.0,810.0
0.0,6069.0,2417.0,2420.0,3766.0,2262.0,1312.0,625.0,325.0,806.0,804.0,810.0,788.0,808.0,821.0,1726.0,1870.0,2473.0,1312.0,625.0,325.0,806.0,804.0,810.0
0.0,7418.0,2431.0,2422.0,3615.0,1086.0,608.0,112.0,366.0,807.0,805.0,810.0,794.0,829.0,808.0,1912.0,2591.0,2915.0,608.0,112.0,366.0,807.0,805.0,810.0
0.0,8602.0,2482.0,2423.0,2262.0,1310.0,117.0,329.0,864.0,807.0,806.0,810.0,821.0,838.0,823.0,2620.0,3108.0,2874.0,117.0,329.0,864.0,807.0,806.0,810.0
0.0,8382.0,2500.0,2426.0,1086.0,2736.0,351.0,1060.0,1325.0,808.0,807.0,811.0,838.0,839.0,823.0,3111.0,2895.0,2376.0,351.0,1060.0,1325.0,808.0,807.0,811.0
0.0,6968.0,2409.0,2427.0,1310.0,3839.0,1028.0,1536.0,1275.0,808.0,808.0,811.0,794.0,801.0,814.0,2881.0,2168.0,1919.0,1028.0,1536.0,1275.0,808.0,808.0,811.0
0.0,5869.0,2477.0,2429.0,2736.0,3588.0,1507.0,1326.0,755.0,809.0,809.0,811.0,826.0,846.0,805.0,2204.0,1696.0,1969.0,1507.0,1326.0,755.0,809.0,809.0,811.0
0.0,6128.0,2479.0,2432.0,3839.0,2240.0,1334.0,623.0,283.0,811.0,810.0,811.0,847.0,829.0,803.0,1729.0,1910.0,2489.0,1334.0,623.0,283.0,811.0,810.0,811.0
0.0,7488.0,2448.0,2433.0,3588.0,1104.0,645.0,120.0,339.0,811.0,811.0,811.0,818.0,819.0,811.0,1910.0,2617.0,2961.0,645.0,120.0,339.0,811.0,811.0,811.0
0.0,8628.0,2490.0,2435.0,2240.0,1362.0,151.0,346.0,865.0,812.0,812.0,811.0,836.0,845.0,809.0,2599.0,3124.0,2905.0,151.0,346.0,865.0,812.0,812.0,811.0
0.0,8378.0,2461.0,2434.0,1104.0,2715.0,335.0,1058.0,1322.0,812.0,812.0,810.0,829.0,832.0,800.0,3097.0,2902.0,2379.0,335.0,1058.0,1322.0,812.0,812.0,810.0
0.0,7021.0,2487.0,2437.0,1362.0,3852.0,1022.0,1546.0,1284.0,813.0,813.0,811.0,834.0,830.0,823.0,2913.0,2190.0,1918.0,1022.0,1546.0,1284.0,813.0,813.0,811.0
0.0,5896.0,2489.0,2439.0,2715.0,3634.0,1533.0,1333.0,768.0,813.0,815.0,811.0,846.0,837.0,806.0,2230.0,1706.0,1960.0,1533.0,1333.0,768.0,813.0,815.0,811.0
0.0,6122.0,2525.0,2440.0,3852.0,2311.0,1358.0,648.0,305.0,814.0,815.0,811.0,843.0,861.0,821.0,1719.0,1927.0,2476.0,1358.0,648.0,305.0,814.0,815.0,811.0
0.0,7449.0,2505.0,2443.0,3634.0,1194.0,674.0,152.0,368.0,814.0,817.0,812.0,849.0,829.0,827.0,1898.0,2612.0,2939.0,674.0,152.0,368.0,814.0,817.0,812.0
0.0,8578.0,2435.0,2446.0,2311.0,1330.0,136.0,331.0,863.0,815.0,818.0,813.0,816.0,823.0,796.0,2582.0,3116.0,2880.0,136.0,331.0,863.0,815.0,818.0,813.0
0.0,8454.0,2427.0,2446.0,1194.0,2563.0,269.0,1001.0,1293.0,815.0,818.0,813.0,807.0,822.0,798.0,3124.0,2941.0,2389.0,269.0,1001.0,1293.0,815.0,818.0,813.0
0.0,7221.0,2585.0,2448.0,1330.0,3826.0,996.0,1548.0,1282.0,815.0,819.0,814.0,863.0,874.0,848.0,2991.0,2271.0,1959.0,996.0,1548.0,1282.0,815.0,819.0,814.0
0.0,5966.0,2467.0,2449.0,2563.0,3734.0,1555.0,1376.0,803.0,816.0,819.0,814.0,824.0,829.0,814.0,2264.0,1728.0,1974.0,1555.0,1376.0,803.0,816.0,819.0,814.0
0.0,6062.0,2398.0,2451.0,3826.0,2314.0,1370.0,616.0,328.0,817.0,819.0,815.0,807.0,788.0,803.0,1709.0,1900.0,2453.0,1370.0,616.0,328.0,817.0,819.0,815.0
0.0,7490.0,2390.0,2450.0,3734.0,966.0,634.0,16.0,316.0,817.0,818.0,815.0,819.0,780.0,791.0,1898.0,2660.0,2932.0,634.0,16.0,316.0,817.0,818.0,815.0
0.0,8834.0,2515.0,2451.0,2314.0,1171.0,103.0,250.0,818.0,817.0,819.0,815.0,839.0,846.0,830.0,2634.0,3256.0,2944.0,103.0,250.0,818.0,817.0,819.0,815.0
0.0,8633.0,2505.0,2450.0,966.0,2706.0,305.0,1056.0,1345.0,817.0,818.0,815.0,836.0,826.0,843.0,3165.0,3026.0,2442.0,305.0,1056.0,1345.0,817.0,818.0,815.0
0.0,7094.0,2540.0,2454.0,1171.0,4091.0,1080.0,1636.0,1375.0,819.0,818.0,817.0,870.0,830.0,840.0,2963.0,2216.0,1915.0,1080.0,1636.0,1375.0,819.0,818.0,817.0
0.0,5725.0,2437.0,2456.0,2706.0,3830.0,1606.0,1394.0,830.0,820.0,819.0,817.0,827.0,810.0,800.0,2196.0,1636.0,1893.0,1606.0,1394.0,830.0,820.0,819.0,817.0
0.0,5994.0,2587.0,2459.0,4091.0,2338.0,1378.0,617.0,343.0,821.0,819.0,819.0,848.0,859.0,880.0,1674.0,1882.0,2438.0,1378.0,617.0,343.0,821.0,819.0,819.0
0.0,7498.0,2331.0,2458.0,3830.0,846.0,542.0,0.0,304.0,821.0,818.0,819.0,770.0,770.0,791.0,1906.0,2659.0,2933.0,542.0,0.0,304.0,821.0,818.0,819.0
0.0,8997.0,2475.0,2457.0,2338.0,968.0,13.0,179.0,776.0,822.0,817.0,818.0,845.0,811.0,819.0,2742.0,3283.0,2972.0,13.0,179.0,776.0,822.0,817.0,818.0
0.0,8860.0,2524.0,2459.0,846.0,2654.0,299.0,1029.0,1326.0,822.0,818.0,819.0,828.0,846.0,850.0,3275.0,3089.0,2496.0,299.0,1029.0,1326.0,822.0,818.0,819.0
0.0,7182.0,2386.0,2459.0,968.0,4072.0,1086.0,1627.0,1359.0,822.0,817.0,820.0,800.0,781.0,805.0,2989.0,2243.0,1950.0,1086.0,1627.0,1359.0,822.0,817.0,820.0
0.0,5764.0,2473.0,2463.0,2654.0,3907.0,1640.0,1438.0,829.0,824.0,819.0,820.0,845.0,832.0,796.0,2202.0,1641.0,1921.0,1640.0,1438.0,829.0,824.0,819.0,820.0
0.0,5945.0,2557.0,2466.0,4072.0,2404.0,1418.0,633.0,353.0,825.0,819.0,822.0,860.0,822.0,875.0,1656.0,1838.0,2451.0,1418.0,633.0,353.0,825.0,819.0,822.0
0.0,7460.0,2568.0,2467.0,3907.0,1069.0,623.0,36.0,410.0,825.0,819.0,823.0,845.0,841.0,882.0,1882.0,2643.0,2935.0,623.0,36.0,410.0,825.0,819.0,823.0
0.0,8799.0,2626.0,2471.0,2404.0,1307.0,73.0,279.0,955.0,826.0,820.0,825.0,864.0,872.0,890.0,2677.0,3240.0,2882.0,73.0,279.0,955.0,826.0,820.0,825.0
0.0,8577.0,2503.0,2472.0,1069.0,2745.0,272.0,1062.0,1411.0,826.0,820.0,826.0,822.0,819.0,862.0,3231.0,3001.0,2345.0,272.0,1062.0,1411.0,826.0,820.0,826.0
0.0,7143.0,2481.0,2472.0,1307.0,3919.0,1016.0,1608.0,1295.0,825.0,821.0,826.0,821.0,821.0,839.0,3032.0,2218.0,1893.0,1016.0,1608.0,1295.0,825.0,821.0,826.0
0.0,5969.0,2560.0,2474.0,2745.0,3742.0,1595.0,1392.0,755.0,826.0,821.0,827.0,847.0,846.0,867.0,2284.0,1676.0,2009.0,1595.0,1392.0,755.0,826.0,821.0,827.0
0.0,6154.0,2609.0,2476.0,3919.0,2440.0,1448.0,657.0,335.0,826.0,822.0,828.0,869.0,869.0,871.0,1709.0,1892.0,2553.0,1448.0,657.0,335.0,826.0,822.0,828.0
0.0,7464.0,2532.0,2476.0,3742.0,1230.0,699.0,93.0,438.0,826.0,822.0,828.0,846.0,828.0,858.0,1856.0,2631.0,2977.0,699.0,93.0,438.0,826.0,822.0,828.0
0.0,8674.0,2576.0,2480.0,2440.0,1382.0,112.0,309.0,961.0,827.0,824.0,829.0,857.0,865.0,854.0,2605.0,3195.0,2874.0,112.0,309.0,961.0,827.0,824.0,829.0
0.0,8538.0,2621.0,2484.0,1230.0,2789.0,332.0,1068.0,1389.0,829.0,825.0,830.0,911.0,848.0,862.0,3196.0,2987.0,2355.0,332.0,1068.0,1389.0,829.0,825.0,830.0
0.0,7147.0,2637.0,2488.0,1382.0,4060.0,1108.0,1643.0,1309.0,830.0,827.0,831.0,884.0,876.0,877.0,2984.0,2232.0,1931.0,1108.0,1643.0,1309.0,830.0,827.0,831.0
0.0,5892.0,2554.0,2488.0,2789.0,3825.0,1653.0,1428.0,744.0,831.0,827.0,830.0,873.0,853.0,828.0,2212.0,1665.0,2015.0,1653.0,1428.0,744.0,831.0,827.0,830.0
0.0,6127.0,2655.0,2492.0,4060.0,2436.0,1426.0,669.0,341.0,832.0,829.0,831.0,877.0,876.0,902.0,1671.0,1880.0,2576.0,1426.0,669.0,341.0,832.0,829.0,831.0
0.0,7532.0,2617.0,2494.0,3825.0,1236.0,632.0,123.0,481.0,832.0,830.0,832.0,859.0,878.0,880.0,1902.0,2647.0,2983.0,632.0,123.0,481.0,832.0,830.0,832.0
0.0,8740.0,2604.0,2499.0,2436.0,1424.0,88.0,326.0,1010.0,834.0,832.0,833.0,874.0,864.0,866.0,2696.0,3197.0,2847.0,88.0,326.0,1010.0,834.0,832.0,833.0
0.0,8572.0,2541.0,2497.0,1236.0,2721.0,284.0,1076.0,1361.0,833.0,832.0,832.0,832.0,873.0,836.0,3248.0,3002.0,2322.0,284.0,1076.0,1361.0,833.0,832.0,832.0
0.0,7267.0,2591.0,2500.0,1424.0,3900.0,1052.0,1631.0,1217.0,834.0,834.0,832.0,852.0,873.0,866.0,3048.0,2252.0,1967.0,1052.0,1631.0,1217.0,834.0,834.0,832.0
0.0,6100.0,2574.0,2503.0,2721.0,3765.0,1610.0,1439.0,716.0,835.0,835.0,833.0,838.0,880.0,856.0,2284.0,1705.0,2111.0,1610.0,1439.0,716.0,835.0,835.0,833.0
0.0,6247.0,2555.0,2506.0,3900.0,2432.0,1404.0,681.0,347.0,836.0,836.0,834.0,842.0,869.0,844.0,1730.0,1901.0,2616.0,1404.0,681.0,347.0,836.0,836.0,834.0
0.0,7592.0,2460.0,2506.0,3765.0,1127.0,627.0,63.0,437.0,837.0,836.0,833.0,829.0,821.0,810.0,1940.0,2663.0,2989.0,627.0,63.0,437.0,837.0,836.0,833.0
0.0,8897.0,2665.0,2511.0,2432.0,1380.0,99.0,294.0,987.0,838.0,838.0,835.0,872.0,904.0,889.0,2721.0,3281.0,2895.0,99.0,294.0,987.0,838.0,838.0,835.0
0.0,8664.0,2493.0,2512.0,1127.0,2750.0,314.0,1053.0,1383.0,839.0,838.0,835.0,838.0,822.0,833.0,3253.0,3058.0,2353.0,314.0,1053.0,1383.0,839.0,838.0,835.0
0.0,7298.0,2529.0,2515.0,1380.0,3911.0,1056.0,1613.0,1242.0,840.0,839.0,836.0,837.0,850.0,842.0,3042.0,2299.0,1957.0,1056.0,1613.0,1242.0,840.0,839.0,836.0
0.0,6149.0,2606.0,2518.0,2750.0,3779.0,1620.0,1437.0,722.0,841.0,840.0,837.0,874.0,873.0,859.0,2304.0,1743.0,2102.0,1620.0,1437.0,722.0,841.0,840.0,837.0
0.0,6293.0,2554.0,2519.0,3911.0,2426.0,1435.0,660.0,331.0,842.0,840.0,837.0,867.0,836.0,851.0,1744.0,1923.0,2626.0,1435.0,660.0,331.0,842.0,840.0,837.0
0.0,7650.0,2639.0,2523.0,3779.0,1302.0,696.0,104.0,502.0,843.0,841.0,839.0,877.0,877.0,885.0,1933.0,2700.0,3017.0,696.0,104.0,502.0,843.0,841.0,839.0
0.0,8790.0,2550.0,2524.0,2426.0,1430.0,117.0,286.0,1027.0,844.0,841.0,839.0,852.0,842.0,856.0,2676.0,3260.0,2854.0,117.0,286.0,1027.0,844.0,841.0,839.0
0.0,8666.0,2433.0,2524.0,1302.0,2561.0,230.0,1002.0,1329.0,844.0,841.0,839.0,809.0,820.0,804.0,3259.0,3078.0,2329.0,230.0,1002.0,1329.0,844.0,841.0,839.0
0.0,7535.0,2492.0,2525.0,1430.0,3627.0,949.0,1544.0,1134.0,844.0,841.0,840.0,836.0,828.0,828.0,3146.0,2362.0,2027.0,949.0,1544.0,1134.0,844.0,841.0,840.0
0.0,6473.0,2591.0,2528.0,2561.0,3669.0,1593.0,1407.0,669.0,845.0,842.0,841.0,870.0,861.0,860.0,2427.0,1820.0,2226.0,1593.0,1407.0,669.0,845.0,842.0,841.0
0.0,6443.0,2609.0,2529.0,3627.0,2655.0,1515.0,740.0,400.0,845.0,842.0,842.0,871.0,877.0,861.0,1787.0,1961.0,2695.0,1515.0,740.0,400.0,845.0,842.0,842.0
0.0,7461.0,2552.0,2532.0,3669.0,1550.0,789.0,187.0,574.0,846.0,843.0,843.0,863.0,850.0,839.0,1865.0,2628.0,2968.0,789.0,187.0,574.0,846.0,843.0,843.0
0.0,8578.0,2523.0,2532.0,2655.0,1418.0,150.0,260.0,1008.0,847.0,842.0,843.0,872.0,817.0,834.0,2595.0,3185.0,2798.0,150.0,260.0,1008.0,847.0,842.0,843.0
0.0,8710.0,2550.0,2534.0,1550.0,2426.0,212.0,924.0,1290.0,847.0,843.0,844.0,851.0,847.0,852.0,3238.0,3108.0,2364.0,212.0,924.0,1290.0,847.0,843.0,844.0
0.0,7710.0,2495.0,2533.0,1418.0,3499.0,928.0,1465.0,1106.0,847.0,842.0,844.0,866.0,805.0,824.0,3176.0,2448.0,2086.0,928.0,1465.0,1106.0,847.0,842.0,844.0
0.0,6633.0,2568.0,2534.0,2426.0,3645.0,1589.0,1372.0,684.0,848.0,842.0,844.0,869.0,831.0,868.0,2460.0,1903.0,2270.0,1589.0,1372.0,684.0,848.0,842.0,844.0
0.0,6491.0,2617.0,2537.0,3499.0,2775.0,1558.0,770.0,447.0,849.0,842.0,846.0,893.0,863.0,861.0,1803.0,1996.0,2692.0,1558.0,770.0,447.0,849.0,842.0,846.0
0.0,7373.0,2563.0,2540.0,3645.0,1705.0,845.0,235.0,625.0,850.0,843.0,847.0,872.0,833.0,858.0,1838.0,2598.0,2937.0,845.0,235.0,625.0,850.0,843.0,847.0
0.0,8455.0,2489.0,2538.0,2775.0,1411.0,131.0,283.0,997.0,850.0,842.0,846.0,844.0,822.0,823.0,2555.0,3137.0,2763.0,131.0,283.0,997.0,850.0,842.0,846.0
0.0,8741.0,2534.0,2539.0,1705.0,2244.0,117.0,905.0,1222.0,850.0,842.0,847.0,831.0,857.0,846.0,3269.0,3085.0,2387.0,117.0,905.0,1222.0,850.0,842.0,847.0
0.0,7912.0,2549.0,2542.0,1411.0,3394.0,860.0,1454.0,1080.0,851.0,843.0,848.0,870.0,828.0,851.0,3283.0,2463.0,2166.0,860.0,1454.0,1080.0,851.0,843.0,848.0
0.0,6774.0,2461.0,2543.0,2244.0,3615.0,1563.0,1389.0,663.0,851.0,844.0,848.0,820.0,836.0,805.0,2544.0,1918.0,2312.0,1563.0,1389.0,663.0,851.0,844.0,848.0
0.0,6557.0,2502.0,2543.0,3394.0,2723.0,1523.0,752.0,448.0,851.0,843.0,849.0,820.0,821.0,861.0,1841.0,1987.0,2729.0,1523.0,752.0,448.0,851.0,843.0,849.0
0.0,7449.0,2499.0,2543.0,3615.0,1607.0,804.0,209.0,594.0,851.0,844.0,848.0,844.0,842.0,813.0,1881.0,2620.0,2948.0,804.0,209.0,594.0,851.0,844.0,848.0
0.0,8565.0,2569.0,2544.0,2723.0,1457.0,137.0,340.0,980.0,851.0,845.0,848.0,856.0,879.0,834.0,2600.0,3167.0,2798.0,137.0,340.0,980.0,851.0,845.0,848.0
0.0,8719.0,2482.0,2545.0,1607.0,2336.0,158.0,965.0,1213.0,851.0,845.0,849.0,825.0,834.0,823.0,3267.0,3040.0,2412.0,158.0,965.0,1213.0,851.0,845.0,849.0
0.0,7844.0,2656.0,2547.0,1457.0,3543.0,914.0,1509.0,1120.0,852.0,846.0,849.0,889.0,880.0,887.0,3246.0,2415.0,2183.0,914.0,1509.0,1120.0,852.0,846.0,849.0
0.0,6645.0,2584.0,2550.0,2336.0,3803.0,1602.0,1409.0,792.0,853.0,847.0,850.0,842.0,861.0,881.0,2494.0,1875.0,2276.0,1602.0,1409.0,792.0,853.0,847.0,850.0
0.0,6397.0,2518.0,2551.0,3543.0,2782.0,1504.0,760.0,518.0,852.0,848.0,851.0,820.0,856.0,842.0,1810.0,1979.0,2608.0,1504.0,760.0,518.0,852.0,848.0,851.0
0.0,7422.0,2571.0,2552.0,3803.0,1554.0,741.0,212.0,601.0,853.0,848.0,851.0,835.0,861.0,875.0,1904.0,2632.0,2886.0,741.0,212.0,601.0,853.0,848.0,851.0
0.0,8654.0,2641.0,2558.0,2782.0,1437.0,98.0,367.0,972.0,854.0,851.0,853.0,857.0,903.0,881.0,2671.0,3180.0,2803.0,98.0,367.0,972.0,854.0,851.0,853.0
0.0,8795.0,2524.0,2558.0,1554.0,2407.0,180.0,997.0,1230.0,853.0,851.0,854.0,827.0,842.0,855.0,3318.0,3037.0,2440.0,180.0,997.0,1230.0,853.0,851.0,854.0
0.0,7825.0,2519.0,2557.0,1437.0,3485.0,896.0,1489.0,1100.0,852.0,852.0,853.0,818.0,855.0,846.0,3232.0,2407.0,2186.0,896.0,1489.0,1100.0,852.0,852.0,853.0
0.0,6743.0,2608.0,2558.0,2407.0,3690.0,1587.0,1371.0,732.0,853.0,852.0,853.0,867.0,879.0,862.0,2512.0,1919.0,2312.0,1587.0,1371.0,732.0,853.0,852.0,853.0
0.0,6542.0,2628.0,2558.0,3485.0,2833.0,1584.0,753.0,496.0,853.0,852.0,853.0,893.0,871.0,864.0,1825.0,2037.0,2680.0,1584.0,753.0,496.0,853.0,852.0,853.0
0.0,7399.0,2666.0,2562.0,3690.0,1825.0,913.0,272.0,640.0,855.0,854.0,853.0,908.0,882.0,876.0,1828.0,2655.0,2916.0,913.0,272.0,640.0,855.0,854.0,853.0
0.0,8423.0,2604.0,2564.0,2833.0,1604.0,196.0,372.0,1036.0,856.0,854.0,854.0,863.0,853.0,888.0,2507.0,3144.0,2772.0,196.0,372.0,1036.0,856.0,854.0,854.0
0.0,8652.0,2616.0,2564.0,1825.0,2395.0,160.0,953.0,1282.0,856.0,854.0,854.0,877.0,853.0,886.0,3228.0,3044.0,2380.0,160.0,953.0,1282.0,856.0,854.0,854.0
0.0,7861.0,2651.0,2567.0,1604.0,3454.0,838.0,1470.0,1146.0,857.0,855.0,855.0,870.0,885.0,896.0,3264.0,2463.0,2134.0,838.0,1470.0,1146.0,857.0,855.0,855.0
0.0,6814.0,2700.0,2569.0,2395.0,3767.0,1610.0,1409.0,748.0,858.0,856.0,855.0,928.0,888.0,884.0,2590.0,1950.0,2274.0,1610.0,1409.0,748.0,858.0,856.0,855.0
0.0,6509.0,2598.0,2569.0,3454.0,2911.0,1626.0,814.0,471.0,858.0,856.0,855.0,854.0,875.0,869.0,1822.0,2015.0,2672.0,1626.0,814.0,471.0,858.0,856.0,855.0
0.0,7365.0,2674.0,2571.0,3767.0,1826.0,911.0,287.0,628.0,858.0,857.0,856.0,895.0,878.0,901.0,1806.0,2610.0,2949.0,911.0,287.0,628.0,858.0,857.0,856.0
0.0,8458.0,2728.0,2572.0,2911.0,1647.0,204.0,381.0,1062.0,858.0,857.0,857.0,919.0,908.0,901.0,2521.0,3141.0,2796.0,204.0,381.0,1062.0,858.0,857.0,857.0
0.0,8641.0,2669.0,2575.0,1826.0,2502.0,200.0,975.0,1327.0,859.0,858.0,858.0,903.0,877.0,889.0,3228.0,3047.0,2366.0,200.0,975.0,1327.0,859.0,858.0,858.0
0.0,7798.0,2617.0,2573.0,1647.0,3464.0,880.0,1449.0,1135.0,859.0,857.0,857.0,884.0,859.0,874.0,3236.0,2457.0,2105.0,880.0,1449.0,1135.0,859.0,857.0,857.0
0.0,6828.0,2667.0,2574.0,2502.0,3633.0,1556.0,1356.0,721.0,859.0,857.0,858.0,876.0,882.0,909.0,2556.0,1979.0,2293.0,1556.0,1356.0,721.0,859.0,857.0,858.0
0.0,6663.0,2573.0,2574.0,3464.0,2742.0,1527.0,775.0,440.0,859.0,857.0,858.0,851.0,868.0,854.0,1880.0,2072.0,2711.0,1527.0,775.0,440.0,859.0,857.0,858.0
0.0,7554.0,2659.0,2576.0,3633.0,1776.0,865.0,307.0,604.0,860.0,858.0,858.0,890.0,884.0,885.0,1909.0,2653.0,2992.0,865.0,307.0,604.0,860.0,858.0,858.0
0.0,8528.0,2721.0,2578.0,2742.0,1763.0,245.0,432.0,1086.0,861.0,858.0,859.0,903.0,900.0,918.0,2575.0,3125.0,2828.0,245.0,432.0,1086.0,861.0,858.0,859.0
0.0,8549.0,2754.0,2583.0,1776.0,2761.0,307.0,1046.0,1408.0,863.0,859.0,861.0,919.0,917.0,918.0,3199.0,3000.0,2350.0,307.0,1046.0,1408.0,863.0,859.0,861.0
0.0,7571.0,2668.0,2585.0,1763.0,3674.0,958.0,1486.0,1230.0,864.0,859.0,862.0,892.0,872.0,904.0,3145.0,2390.0,2036.0,958.0,1486.0,1230.0,864.0,859.0,862.0
0.0,6666.0,2673.0,2588.0,2761.0,3598.0,1564.0,1333.0,701.0,865.0,860.0,863.0,909.0,889.0,875.0,2498.0,1950.0,2218.0,1564.0,1333.0,701.0,865.0,860.0,863.0
0.0,6754.0,2632.0,2588.0,3674.0,2556.0,1489.0,727.0,340.0,865.0,860.0,863.0,883.0,880.0,869.0,1896.0,2107.0,2751.0,1489.0,727.0,340.0,865.0,860.0,863.0
0.0,7796.0,2480.0,2588.0,3598.0,1438.0,748.0,219.0,471.0,865.0,860.0,863.0,823.0,825.0,832.0,1971.0,2713.0,3112.0,748.0,219.0,471.0,865.0,860.0,863.0
0.0,8914.0,2621.0,2589.0,2556.0,1507.0,145.0,375.0,987.0,866.0,860.0,863.0,882.0,883.0,856.0,2712.0,3221.0,2981.0,145.0,375.0,987.0,866.0,860.0,863.0
0.0,8849.0,2560.0,2589.0,1438.0,2629.0,253.0,1008.0,1368.0,866.0,860.0,863.0,856.0,852.0,852.0,3319.0,3065.0,2465.0,253.0,1008.0,1368.0,866.0,860.0,863.0
0.0,7727.0,2613.0,2590.0,1507.0,3739.0,980.0,1505.0,1254.0,866.0,861.0,863.0,872.0,868.0,873.0,3211.0,2432.0,2084.0,980.0,1505.0,1254.0,866.0,861.0,863.0
0.0,6621.0,2735.0,2591.0,2629.0,3849.0,1641.0,1408.0,800.0,866.0,861.0,864.0,914.0,911.0,910.0,2484.0,1939.0,2198.0,1641.0,1408.0,800.0,866.0,861.0,864.0
0.0,6515.0,2501.0,2590.0,3739.0,2607.0,1481.0,740.0,386.0,866.0,861.0,863.0,820.0,837.0,844.0,1823.0,2036.0,2656.0,1481.0,740.0,386.0,866.0,861.0,863.0
0.0,7753.0,2701.0,2596.0,3849.0,1483.0,752.0,258.0,473.0,868.0,863.0,865.0,904.0,918.0,879.0,1983.0,2704.0,3066.0,752.0,258.0,473.0,868.0,863.0,865.0
0.0,8901.0,2555.0,2597.0,2607.0,1435.0,127.0,373.0,935.0,868.0,864.0,865.0,856.0,851.0,848.0,2720.0,3194.0,2987.0,127.0,373.0,935.0,868.0,864.0,865.0
0.0,8953.0,2662.0,2598.0,1483.0,2618.0,268.0,994.0,1356.0,868.0,864.0,866.0,893.0,879.0,890.0,3345.0,3083.0,2525.0,268.0,994.0,1356.0,868.0,864.0,866.0
0.0,7774.0,2540.0,2596.0,1435.0,3715.0,1002.0,1471.0,1242.0,868.0,863.0,865.0,861.0,854.0,825.0,3204.0,2462.0,2108.0,1002.0,1471.0,1242.0,868.0,863.0,865.0
0.0,6669.0,2553.0,2597.0,2618.0,3654.0,1586.0,1339.0,729.0,868.0,864.0,865.0,852.0,858.0,843.0,2470.0,1981.0,2218.0,1586.0,1339.0,729.0,868.0,864.0,865.0
0.0,6734.0,2691.0,2600.0,3715.0,2642.0,1485.0,785.0,372.0,869.0,865.0,866.0,897.0,913.0,881.0,1886.0,2117.0,2731.0,1485.0,785.0,372.0,869.0,865.0,866.0
0.0,7758.0,2707.0,2604.0,3654.0,1711.0,819.0,357.0,535.0,870.0,867.0,867.0,916.0,903.0,888.0,1991.0,2675.0,3092.0,819.0,357.0,535.0,870.0,867.0,867.0
0.0,8705.0,2746.0,2608.0,2642.0,1831.0,252.0,512.0,1067.0,871.0,869.0,868.0,914.0,932.0,900.0,2661.0,3111.0,2933.0,252.0,512.0,1067.0,871.0,869.0,868.0
0.0,8601.0,2611.0,2609.0,1711.0,2735.0,287.0,1027.0,1421.0,870.0,870.0,869.0,858.0,868.0,885.0,3232.0,2964.0,2405.0,287.0,1027.0,1421.0,870.0,870.0,869.0
0.0,7701.0,2580.0,2608.0,1831.0,3480.0,899.0,1394.0,1187.0,870.0,870.0,868.0,864.0,879.0,837.0,3193.0,2453.0,2055.0,899.0,1394.0,1187.0,870.0,870.0,868.0
0.0,6952.0,2669.0,2610.0,2735.0,3422.0,1533.0,1251.0,638.0,871.0,871.0,868.0,917.0,880.0,872.0,2581.0,2086.0,2285.0,1533.0,1251.0,638.0,871.0,871.0,868.0
0.0,7018.0,2656.0,2613.0,3480.0,2610.0,1512.0,774.0,324.0,871.0,873.0,869.0,878.0,909.0,869.0,1951.0,2233.0,2834.0,1512.0,774.0,324.0,871.0,873.0,869.0
0.0,7842.0,2622.0,2615.0,3422.0,1818.0,869.0,398.0,551.0,872.0,873.0,870.0,886.0,875.0,861.0,1972.0,2718.0,3152.0,869.0,398.0,551.0,872.0,873.0,870.0
0.0,8642.0,2632.0,2617.0,2610.0,1848.0,243.0,523.0,1082.0,873.0,874.0,870.0,882.0,895.0,855.0,2619.0,3094.0,2929.0,243.0,523.0,1082.0,873.0,874.0,870.0
0.0,8620.0,2621.0,2620.0,1818.0,2663.0,268.0,1001.0,1394.0,874.0,875.0,871.0,890.0,872.0,859.0,3249.0,2973.0,2398.0,268.0,1001.0,1394.0,874.0,875.0,871.0
0.0,7817.0,2613.0,2622.0,1848.0,3436.0,914.0,1345.0,1177.0,875.0,876.0,871.0,885.0,863.0,865.0,3228.0,2499.0,2090.0,914.0,1345.0,1177.0,875.0,876.0,871.0
0.0,7052.0,2677.0,2626.0,2663.0,3466.0,1521.0,1252.0,693.0,876.0,877.0,873.0,871.0,904.0,902.0,2586.0,2159.0,2307.0,1521.0,1252.0,693.0,876.0,877.0,873.0
0.0,7038.0,2671.0,2627.0,3436.0,2705.0,1479.0,807.0,419.0,876.0,877.0,874.0,872.0,900.0,899.0,1983.0,2256.0,2799.0,1479.0,807.0,419.0,876.0,877.0,874.0
0.0,7803.0,2678.0,2631.0,3466.0,1933.0,844.0,466.0,623.0,877.0,879.0,875.0,882.0,903.0,893.0,2025.0,2701.0,3077.0,844.0,466.0,623.0,877.0,879.0,875.0
0.0,8591.0,2647.0,2631.0,2705.0,1875.0,248.0,536.0,1091.0,877.0,879.0,875.0,883.0,877.0,887.0,2664.0,3050.0,2877.0,248.0,536.0,1091.0,877.0,879.0,875.0
0.0,8649.0,2582.0,2631.0,1933.0,2524.0,244.0,936.0,1344.0,877.0,879.0,875.0,840.0,866.0,876.0,3260.0,2980.0,2409.0,244.0,936.0,1344.0,877.0,879.0,875.0
0.0,8000.0,2607.0,2632.0,1875.0,3260.0,870.0,1276.0,1114.0,878.0,879.0,875.0,870.0,876.0,861.0,3264.0,2580.0,2156.0,870.0,1276.0,1114.0,878.0,879.0,875.0
0.0,7268.0,2718.0,2635.0,2524.0,3466.0,1520.0,1259.0,687.0,879.0,880.0,876.0,890.0,915.0,913.0,2642.0,2240.0,2386.0,1520.0,1259.0,687.0,879.0,880.0,876.0
0.0,7074.0,2626.0,2635.0,3260.0,2832.0,1504.0,858.0,470.0,879.0,880.0,876.0,854.0,875.0,897.0,1996.0,2261.0,2817.0,1504.0,858.0,470.0,879.0,880.0,876.0
0.0,7708.0,2692.0,2638.0,3466.0,2070.0,856.0,487.0,727.0,880.0,880.0,878.0,868.0,888.0,936.0,2012.0,2662.0,3034.0,856.0,487.0,727.0,880.0,880.0,878.0
0.0,8482.0,2731.0,2643.0,2832.0,1989.0,268.0,530.0,1191.0,882.0,881.0,880.0,908.0,897.0,926.0,2664.0,3033.0,2785.0,268.0,530.0,1191.0,882.0,881.0,880.0
0.0,8583.0,2646.0,2644.0,2070.0,2569.0,288.0,896.0,1385.0,882.0,881.0,881.0,876.0,853.0,917.0,3260.0,2994.0,2329.0,288.0,896.0,1385.0,882.0,881.0,881.0
0.0,8007.0,2590.0,2642.0,1989.0,3162.0,884.0,1193.0,1085.0,881.0,880.0,881.0,868.0,831.0,891.0,3240.0,2628.0,2139.0,884.0,1193.0,1085.0,881.0,880.0,881.0
0.0,7406.0,2694.0,2642.0,2569.0,3287.0,1504.0,1193.0,590.0,881.0,880.0,881.0,908.0,896.0,890.0,2640.0,2327.0,2439.0,1504.0,1193.0,590.0,881.0,880.0,881.0
0.0,7281.0,2682.0,2645.0,3162.0,2819.0,1521.0,880.0,418.0,882.0,881.0,882.0,897.0,876.0,909.0,2020.0,2327.0,2934.0,1521.0,880.0,418.0,882.0,881.0,882.0
0.0,7761.0,2697.0,2645.0,3287.0,2229.0,919.0,561.0,749.0,882.0,881.0,882.0,902.0,874.0,921.0,2007.0,2644.0,3110.0,919.0,561.0,749.0,882.0,881.0,882.0
0.0,8351.0,2660.0,2646.0,2819.0,2074.0,308.0,530.0,1236.0,883.0,880.0,883.0,906.0,853.0,901.0,2609.0,2963.0,2779.0,308.0,530.0,1236.0,883.0,880.0,883.0
0.0,8510.0,2670.0,2646.0,2229.0,2515.0,273.0,871.0,1371.0,882.0,881.0,883.0,888.0,898.0,884.0,3224.0,2990.0,2296.0,273.0,871.0,1371.0,882.0,881.0,883.0
0.0,8069.0,2676.0,2647.0,2074.0,3121.0,869.0,1220.0,1032.0,883.0,881.0,883.0,900.0,879.0,897.0,3255.0,2653.0,2161.0,869.0,1220.0,1032.0,883.0,881.0,883.0
0.0,7467.0,2746.0,2649.0,2515.0,3360.0,1513.0,1242.0,605.0,884.0,881.0,884.0,913.0,893.0,940.0,2663.0,2304.0,2500.0,1513.0,1242.0,605.0,884.0,881.0,884.0
0.0,7236.0,2690.0,2648.0,3121.0,2925.0,1542.0,915.0,468.0,883.0,881.0,884.0,902.0,893.0,895.0,2023.0,2282.0,2931.0,1542.0,915.0,468.0,883.0,881.0,884.0
0.0,7667.0,2650.0,2648.0,3360.0,2215.0,913.0,557.0,745.0,883.0,881.0,884.0,884.0,884.0,882.0,1990.0,2609.0,3068.0,913.0,557.0,745.0,883.0,881.0,884.0
0.0,8377.0,2708.0,2649.0,2925.0,2002.0,284.0,540.0,1178.0,883.0,882.0,884.0,913.0,894.0,901.0,2619.0,2967.0,2791.0,284.0,540.0,1178.0,883.0,882.0,884.0
0.0,8594.0,2766.0,2651.0,2215.0,2561.0,315.0,904.0,1342.0,885.0,882.0,884.0,936.0,921.0,909.0,3248.0,2988.0,2358.0,315.0,904.0,1342.0,885.0,882.0,884.0
0.0,8043.0,2630.0,2652.0,2002.0,3193.0,915.0,1219.0,1059.0,885.0,882.0,885.0,884.0,855.0,891.0,3225.0,2624.0,2194.0,915.0,1219.0,1059.0,885.0,882.0,885.0
0.0,7415.0,2732.0,2654.0,2561.0,3372.0,1510.0,1245.0,617.0,886.0,883.0,885.0,906.0,926.0,900.0,2625.0,2309.0,2481.0,1510.0,1245.0,617.0,886.0,883.0,885.0
0.0,7244.0,2667.0,2653.0,3193.0,2842.0,1476.0,917.0,449.0,885.0,883.0,885.0,885.0,891.0,891.0,2034.0,2287.0,2923.0,1476.0,917.0,449.0,885.0,883.0,885.0
0.0,7770.0,2561.0,2649.0,3372.0,2015.0,813.0,534.0,668.0,884.0,882.0,883.0,851.0,866.0,844.0,2064.0,2615.0,3091.0,813.0,534.0,668.0,884.0,882.0,883.0
0.0,8581.0,2739.0,2650.0,2842.0,1916.0,254.0,547.0,1115.0,884.0,883.0,883.0,917.0,926.0,896.0,2723.0,2994.0,2864.0,254.0,547.0,1115.0,884.0,883.0,883.0
0.0,8684.0,2714.0,2651.0,2015.0,2619.0,335.0,933.0,1351.0,884.0,883.0,884.0,894.0,920.0,900.0,3282.0,2985.0,2417.0,335.0,933.0,1351.0,884.0,883.0,884.0
0.0,7985.0,2681.0,2651.0,1916.0,3384.0,964.0,1322.0,1098.0,884.0,884.0,883.0,883.0,932.0,866.0,3201.0,2599.0,2185.0,964.0,1322.0,1098.0,884.0,884.0,883.0
0.0,7220.0,2807.0,2658.0,2619.0,3600.0,1566.0,1366.0,668.0,886.0,887.0,885.0,929.0,965.0,913.0,2572.0,2214.0,2434.0,1566.0,1366.0,668.0,886.0,887.0,885.0
0.0,7032.0,2710.0,2660.0,3384.0,2934.0,1496.0,959.0,479.0,886.0,888.0,886.0,894.0,911.0,905.0,1978.0,2182.0,2872.0,1496.0,959.0,479.0,886.0,888.0,886.0
0.0,7706.0,2715.0,2663.0,3600.0,2061.0,827.0,532.0,702.0,887.0,889.0,887.0,893.0,935.0,887.0,2048.0,2593.0,3065.0,827.0,532.0,702.0,887.0,889.0,887.0
0.0,8591.0,2747.0,2665.0,2934.0,1882.0,263.0,508.0,1111.0,888.0,890.0,887.0,928.0,931.0,888.0,2721.0,3024.0,2846.0,263.0,508.0,1111.0,888.0,890.0,887.0
0.0,8778.0,2674.0,2664.0,2061.0,2491.0,324.0,877.0,1290.0,888.0,890.0,886.0,888.0,901.0,885.0,3289.0,3052.0,2437.0,324.0,877.0,1290.0,888.0,890.0,886.0
0.0,8165.0,2725.0,2669.0,1882.0,3354.0,966.0,1300.0,1088.0,889.0,892.0,888.0,901.0,923.0,901.0,3228.0,2683.0,2254.0,966.0,1300.0,1088.0,889.0,892.0,888.0
0.0,7322.0,2744.0,2669.0,2491.0,3607.0,1545.0,1348.0,714.0,889.0,892.0,888.0,903.0,925.0,916.0,2590.0,2268.0,2464.0,1545.0,1348.0,714.0,889.0,892.0,888.0
0.0,7069.0,2669.0,2672.0,3354.0,2934.0,1483.0,932.0,519.0,890.0,893.0,889.0,900.0,880.0,889.0,2011.0,2220.0,2838.0,1483.0,932.0,519.0,890.0,893.0,889.0
0.0,7754.0,2725.0,2673.0,3607.0,2056.0,832.0,519.0,705.0,890.0,894.0,889.0,894.0,931.0,900.0,2077.0,2640.0,3037.0,832.0,519.0,705.0,890.0,894.0,889.0
0.0,8636.0,2636.0,2674.0,2934.0,1762.0,233.0,462.0,1067.0,890.0,894.0,890.0,884.0,875.0,877.0,2728.0,3057.0,2851.0,233.0,462.0,1067.0,890.0,894.0,890.0
0.0,8934.0,2769.0,2679.0,2056.0,2495.0,341.0,860.0,1294.0,892.0,895.0,892.0,932.0,913.0,924.0,3327.0,3114.0,2493.0,341.0,860.0,1294.0,892.0,895.0,892.0
0.0,8221.0,2762.0,2681.0,1762.0,3503.0,1056.0,1296.0,1151.0,893.0,895.0,893.0,944.0,898.0,920.0,3227.0,2720.0,2274.0,1056.0,1296.0,1151.0,893.0,895.0,893.0
0.0,7221.0,2787.0,2682.0,2495.0,3799.0,1652.0,1341.0,806.0,893.0,895.0,894.0,937.0,905.0,945.0,2516.0,2284.0,2421.0,1652.0,1341.0,806.0,893.0,895.0,894.0
0.0,6929.0,2687.0,2681.0,3503.0,2979.0,1525.0,910.0,544.0,894.0,894.0,893.0,925.0,869.0,893.0,1920.0,2239.0,2770.0,1525.0,910.0,544.0,894.0,894.0,893.0
0.0,7745.0,2692.0,2683.0,3799.0,1880.0,793.0,450.0,637.0,895.0,894.0,894.0,916.0,881.0,895.0,2051.0,2666.0,3028.0,793.0,450.0,637.0,895.0,894.0,894.0
0.0,8852.0,2563.0,2682.0,2979.0,1460.0,147.0,368.0,945.0,895.0,893.0,894.0,879.0,832.0,852.0,2787.0,3126.0,2939.0,147.0,368.0,945.0,895.0,893.0,894.0
0.0,9268.0,2668.0,2682.0,1880.0,2248.0,257.0,791.0,1200.0,895.0,893.0,894.0,903.0,873.0,892.0,3433.0,3204.0,2631.0,257.0,791.0,1200.0,895.0,893.0,894.0
0.0,8480.0,2664.0,2682.0,1460.0,3452.0,1023.0,1278.0,1151.0,895.0,892.0,895.0,913.0,859.0,892.0,3323.0,2781.0,2376.0,1023.0,1278.0,1151.0,895.0,892.0,895.0
0.0,7276.0,2742.0,2684.0,2248.0,3954.0,1700.0,1370.0,884.0,896.0,892.0,896.0,930.0,883.0,929.0,2557.0,2290.0,2429.0,1700.0,1370.0,884.0,896.0,892.0,896.0
0.0,6782.0,2677.0,2685.0,3452.0,3183.0,1559.0,981.0,643.0,896.0,892.0,897.0,882.0,889.0,906.0,1884.0,2198.0,2700.0,1559.0,981.0,643.0,896.0,892.0,897.0
0.0,7557.0,2739.0,2687.0,3954.0,1976.0,755.0,506.0,715.0,896.0,892.0,899.0,896.0,895.0,948.0,2025.0,2587.0,2945.0,755.0,506.0,715.0,896.0,892.0,899.0
0.0,8772.0,2743.0,2690.0,3183.0,1548.0,108.0,416.0,1024.0,897.0,893.0,900.0,908.0,887.0,948.0,2829.0,3062.0,2881.0,108.0,416.0,1024.0,897.0,893.0,900.0
0.0,9212.0,2691.0,2690.0,1976.0,2263.0,250.0,785.0,1228.0,897.0,892.0,901.0,897.0,879.0,915.0,3480.0,3156.0,2576.0,250.0,785.0,1228.0,897.0,892.0,901.0
0.0,8497.0,2770.0,2692.0,1548.0,3493.0,1063.0,1276.0,1154.0,898.0,892.0,902.0,917.0,907.0,946.0,3338.0,2783.0,2376.0,1063.0,1276.0,1154.0,898.0,892.0,902.0
0.0,7275.0,2655.0,2691.0,2263.0,3881.0,1704.0,1374.0,803.0,898.0,892.0,901.0,891.0,883.0,881.0,2529.0,2292.0,2454.0,1704.0,1374.0,803.0,898.0,892.0,901.0
0.0,6883.0,2718.0,2693.0,3493.0,3114.0,1548.0,990.0,576.0,899.0,892.0,902.0,903.0,892.0,923.0,1888.0,2194.0,2801.0,1548.0,990.0,576.0,899.0,892.0,902.0
0.0,7658.0,2645.0,2694.0,3881.0,1882.0,708.0,488.0,686.0,899.0,892.0,903.0,864.0,872.0,909.0,2048.0,2578.0,3032.0,708.0,488.0,686.0,899.0,892.0,903.0
0.0,8894.0,2634.0,2694.0,3114.0,1402.0,40.0,367.0,995.0,899.0,892.0,903.0,880.0,869.0,885.0,2888.0,3080.0,2926.0,40.0,367.0,995.0,899.0,892.0,903.0
0.0,9374.0,2742.0,2695.0,1882.0,2266.0,240.0,792.0,1234.0,900.0,892.0,903.0,904.0,913.0,925.0,3556.0,3201.0,2617.0,240.0,792.0,1234.0,900.0,892.0,903.0
0.0,8514.0,2734.0,2698.0,1402.0,3610.0,1111.0,1333.0,1166.0,901.0,893.0,904.0,907.0,904.0,923.0,3360.0,2776.0,2378.0,1111.0,1333.0,1166.0,901.0,893.0,904.0
0.0,7182.0,2713.0,2698.0,2266.0,4057.0,1758.0,1444.0,855.0,901.0,893.0,904.0,887.0,903.0,923.0,2493.0,2239.0,2450.0,1758.0,1444.0,855.0,901.0,893.0,904.0
0.0,6735.0,2739.0,2698.0,3610.0,3186.0,1551.0,1020.0,615.0,901.0,893.0,904.0,904.0,909.0,926.0,1846.0,2128.0,2761.0,1551.0,1020.0,615.0,901.0,893.0,904.0
0.0,7606.0,2764.0,2701.0,4057.0,1905.0,713.0,517.0,675.0,902.0,895.0,904.0,916.0,933.0,915.0,2053.0,2552.0,3001.0,713.0,517.0,675.0,902.0,895.0,904.0
0.0,8899.0,2771.0,2704.0,3186.0,1502.0,91.0,434.0,977.0,903.0,897.0,904.0,925.0,929.0,917.0,2895.0,3063.0,2941.0,91.0,434.0,977.0,903.0,897.0,904.0
0.0,9314.0,2703.0,2704.0,1905.0,2300.0,263.0,814.0,1223.0,902.0,897.0,905.0,889.0,897.0,917.0,3521.0,3154.0,2639.0,263.0,814.0,1223.0,902.0,897.0,905.0
0.0,8516.0,2801.0,2706.0,1502.0,3607.0,1115.0,1325.0,1167.0,903.0,898.0,905.0,939.0,941.0,921.0,3345.0,2774.0,2397.0,1115.0,1325.0,1167.0,903.0,898.0,905.0
0.0,7217.0,2833.0,2709.0,2300.0,4152.0,1795.0,1477.0,880.0,904.0,900.0,905.0,939.0,958.0,936.0,2497.0,2267.0,2453.0,1795.0,1477.0,880.0,904.0,900.0,905.0
0.0,6684.0,2688.0,2709.0,3607.0,3233.0,1551.0,1076.0,606.0,903.0,901.0,905.0,875.0,920.0,893.0,1821.0,2123.0,2740.0,1551.0,1076.0,606.0,903.0,901.0,905.0
0.0,7603.0,2794.0,2711.0,4152.0,1883.0,709.0,541.0,633.0,904.0,902.0,905.0,949.0,938.0,907.0,2061.0,2528.0,3014.0,709.0,541.0,633.0,904.0,902.0,905.0
0.0,8961.0,2718.0,2712.0,3233.0,1372.0,89.0,355.0,928.0,905.0,902.0,905.0,927.0,890.0,901.0,2907.0,3067.0,2987.0,89.0,355.0,928.0,905.0,902.0,905.0
0.0,9476.0,2838.0,2714.0,1883.0,2335.0,336.0,773.0,1226.0,906.0,903.0,905.0,952.0,955.0,931.0,3531.0,3253.0,2692.0,336.0,773.0,1226.0,906.0,903.0,905.0
0.0,8521.0,2917.0,2718.0,1372.0,3896.0,1239.0,1385.0,1272.0,907.0,904.0,907.0,988.0,963.0,966.0,3288.0,2839.0,2394.0,1239.0,1385.0,1272.0,907.0,904.0,907.0
0.0,6976.0,2703.0,2720.0,2335.0,4272.0,1812.0,1515.0,945.0,908.0,905.0,907.0,905.0,899.0,899.0,2389.0,2231.0,2356.0,1812.0,1515.0,945.0,908.0,905.0,907.0
0.0,6608.0,2810.0,2722.0,3896.0,3194.0,1490.0,1098.0,606.0,908.0,906.0,908.0,917.0,964.0,929.0,1820.0,2105.0,2683.0,1490.0,1098.0,606.0,908.0,906.0,908.0
0.0,7694.0,2832.0,2723.0,4272.0,1758.0,620.0,535.0,603.0,908.0,907.0,908.0,942.0,948.0,942.0,2142.0,2526.0,3026.0,620.0,535.0,603.0,908.0,907.0,908.0
0.0,9134.0,2901.0,2729.0,3194.0,1489.0,100.0,421.0,968.0,910.0,909.0,910.0,962.0,976.0,963.0,3012.0,3093.0,3029.0,100.0,421.0,968.0,910.0,909.0,910.0
0.0,9427.0,2804.0,2729.0,1758.0,2535.0,413.0,828.0,1294.0,910.0,909.0,910.0,933.0,942.0,929.0,3540.0,3215.0,2672.0,413.0,828.0,1294.0,910.0,909.0,910.0
0.0,8381.0,2810.0,2732.0,1489.0,3868.0,1261.0,1355.0,1252.0,911.0,910.0,911.0,944.0,944.0,922.0,3227.0,2808.0,2346.0,1261.0,1355.0,1252.0,911.0,910.0,911.0
0.0,7060.0,2816.0,2737.0,2535.0,4169.0,1801.0,1472.0,896.0,913.0,912.0,912.0,945.0,937.0,934.0,2383.0,2285.0,2392.0,1801.0,1472.0,896.0,913.0,912.0,912.0
0.0,6779.0,2743.0,2737.0,3868.0,3044.0,1458.0,1029.0,557.0,913.0,911.0,913.0,918.0,916.0,909.0,1851.0,2176.0,2752.0,1458.0,1029.0,557.0,913.0,911.0,913.0
0.0,7904.0,2730.0,2737.0,4169.0,1605.0,570.0,467.0,568.0,913.0,911.0,913.0,913.0,910.0,907.0,2194.0,2615.0,3095.0,570.0,467.0,568.0,913.0,911.0,913.0
0.0,9343.0,2811.0,2739.0,3044.0,1380.0,51.0,369.0,960.0,914.0,911.0,914.0,935.0,931.0,945.0,3082.0,3177.0,3084.0,51.0,369.0,960.0,914.0,911.0,914.0
0.0,9576.0,2701.0,2738.0,1605.0,2472.0,383.0,791.0,1298.0,914.0,910.0,914.0,902.0,893.0,906.0,3605.0,3275.0,2696.0,383.0,791.0,1298.0,914.0,910.0,914.0
0.0,8480.0,2753.0,2739.0,1380.0,3849.0,1240.0,1339.0,1270.0,914.0,910.0,915.0,908.0,917.0,928.0,3273.0,2849.0,2358.0,1240.0,1339.0,1270.0,914.0,910.0,915.0
0.0,7107.0,2747.0,2739.0,2472.0,4124.0,1783.0,1452.0,889.0,915.0,909.0,915.0,922.0,908.0,917.0,2416.0,2301.0,2390.0,1783.0,1452.0,889.0,915.0,909.0,915.0
0.0,6832.0,2696.0,2738.0,3849.0,2967.0,1434.0,1018.0,515.0,914.0,909.0,915.0,895.0,905.0,896.0,1877.0,2184.0,2771.0,1434.0,1018.0,515.0,914.0,909.0,915.0
0.0,7985.0,2683.0,2738.0,4124.0,1526.0,546.0,441.0,539.0,914.0,908.0,916.0,895.0,879.0,909.0,2222.0,2618.0,3145.0,546.0,441.0,539.0,914.0,908.0,916.0
0.0,9426.0,2777.0,2740.0,2967.0,1344.0,36.0,357.0,951.0,915.0,909.0,916.0,920.0,930.0,927.0,3110.0,3191.0,3125.0,36.0,357.0,951.0,915.0,909.0,916.0
0.0,9616.0,2881.0,2742.0,1526.0,2707.0,454.0,863.0,1390.0,916.0,909.0,917.0,960.0,947.0,974.0,3624.0,3279.0,2713.0,454.0,863.0,1390.0,916.0,909.0,917.0
0.0,8261.0,2728.0,2744.0,1344.0,4099.0,1333.0,1413.0,1353.0,916.0,910.0,918.0,915.0,903.0,910.0,3210.0,2773.0,2278.0,1333.0,1413.0,1353.0,916.0,910.0,918.0
0.0,6877.0,2674.0,2743.0,2707.0,4062.0,1766.0,1428.0,868.0,916.0,909.0,918.0,887.0,882.0,905.0,2331.0,2227.0,2319.0,1766.0,1428.0,868.0,916.0,909.0,918.0
0.0,6910.0,2789.0,2745.0,4099.0,2760.0,1376.0,930.0,454.0,917.0,909.0,919.0,939.0,915.0,935.0,1898.0,2208.0,2804.0,1376.0,930.0,454.0,917.0,909.0,919.0
0.0,8220.0,2806.0,2745.0,4062.0,1504.0,562.0,413.0,529.0,917.0,909.0,919.0,952.0,911.0,943.0,2292.0,2706.0,3222.0,562.0,413.0,529.0,917.0,909.0,919.0
0.0,9476.0,2776.0,2746.0,2760.0,1524.0,127.0,401.0,996.0,917.0,910.0,919.0,941.0,914.0,921.0,3106.0,3223.0,3147.0,127.0,401.0,996.0,917.0,910.0,919.0
0.0,9460.0,2781.0,2746.0,1504.0,2801.0,479.0,934.0,1388.0,917.0,910.0,919.0,914.0,946.0,921.0,3541.0,3239.0,2680.0,479.0,934.0,1388.0,917.0,910.0,919.0
0.0,8183.0,2812.0,2749.0,1524.0,4101.0,1286.0,1475.0,1340.0,917.0,912.0,920.0,934.0,934.0,944.0,3189.0,2706.0,2288.0,1286.0,1475.0,1340.0,917.0,912.0,920.0
0.0,6895.0,2902.0,2752.0,2801.0,4214.0,1787.0,1519.0,908.0,918.0,913.0,921.0,976.0,974.0,952.0,2382.0,2173.0,2340.0,1787.0,1519.0,908.0,918.0,913.0,921.0
0.0,6794.0,2935.0,2759.0,4101.0,3076.0,1476.0,1045.0,555.0,920.0,916.0,923.0,967.0,989.0,979.0,1885.0,2133.0,2776.0,1476.0,1045.0,555.0,920.0,916.0,923.0
0.0,7960.0,2723.0,2761.0,4214.0,1593.0,607.0,441.0,545.0,920.0,917.0,924.0,918.0,911.0,894.0,2204.0,2619.0,3137.0,607.0,441.0,545.0,920.0,917.0,924.0
0.0,9451.0,2682.0,2761.0,3076.0,1199.0,31.0,295.0,873.0,920.0,918.0,923.0,900.0,895.0,887.0,3073.0,3227.0,3151.0,31.0,295.0,873.0,920.0,918.0,923.0
0.0,9845.0,2846.0,2763.0,1593.0,2460.0,354.0,823.0,1283.0,920.0,919.0,924.0,930.0,965.0,951.0,3649.0,3377.0,2819.0,354.0,823.0,1283.0,920.0,919.0,924.0
0.0,8592.0,2834.0,2766.0,1199.0,4107.0,1276.0,1475.0,1356.0,921.0,920.0,925.0,949.0,943.0,942.0,3326.0,2853.0,2413.0,1276.0,1475.0,1356.0,921.0,920.0,925.0
0.0,6957.0,2781.0,2767.0,2460.0,4432.0,1830.0,1582.0,1020.0,921.0,921.0,925.0,908.0,926.0,947.0,2408.0,2205.0,2344.0,1830.0,1582.0,1020.0,921.0,921.0,925.0
0.0,6636.0,2805.0,2769.0,4107.0,3138.0,1492.0,1031.0,615.0,922.0,922.0,925.0,934.0,920.0,951.0,1854.0,2102.0,2680.0,1492.0,1031.0,615.0,922.0,922.0,925.0
0.0,7938.0,2737.0,2769.0,4432.0,1443.0,555.0,352.0,536.0,922.0,922.0,925.0,893.0,903.0,941.0,2196.0,2657.0,3085.0,555.0,352.0,536.0,922.0,922.0,925.0
0.0,9633.0,2803.0,2769.0,3138.0,1150.0,0.0,268.0,882.0,921.0,923.0,925.0,899.0,943.0,961.0,3133.0,3336.0,3164.0,0.0,268.0,882.0,921.0,923.0,925.0
0.0,9968.0,2700.0,2770.0,1443.0,2369.0,290.0,825.0,1254.0,921.0,923.0,926.0,887.0,909.0,904.0,3726.0,3424.0,2818.0,290.0,825.0,1254.0,921.0,923.0,926.0
0.0,8711.0,2650.0,2769.0,1150.0,3865.0,1173.0,1440.0,1252.0,921.0,923.0,925.0,883.0,883.0,884.0,3394.0,2867.0,2450.0,1173.0,1440.0,1252.0,921.0,923.0,925.0
0.0,7211.0,2825.0,2773.0,2369.0,4337.0,1817.0,1566.0,954.0,922.0,925.0,926.0,930.0,943.0,952.0,2511.0,2252.0,2448.0,1817.0,1566.0,954.0,922.0,925.0,926.0
0.0,6755.0,2757.0,2775.0,3865.0,3237.0,1541.0,1055.0,641.0,922.0,926.0,927.0,897.0,925.0,935.0,1871.0,2134.0,2750.0,1541.0,1055.0,641.0,922.0,926.0,927.0
0.0,7863.0,2707.0,2774.0,4337.0,1603.0,618.0,403.0,582.0,922.0,926.0,926.0,894.0,914.0,899.0,2147.0,2649.0,3067.0,618.0,403.0,582.0,922.0,926.0,926.0
0.0,9493.0,2731.0,2774.0,3237.0,1112.0,0.0,254.0,858.0,922.0,926.0,926.0,908.0,906.0,917.0,3070.0,3301.0,3122.0,0.0,254.0,858.0,922.0,926.0,926.0
0.0,9999.0,2702.0,2774.0,1603.0,2196.0,254.0,751.0,1191.0,922.0,926.0,926.0,887.0,900.0,915.0,3703.0,3450.0,2846.0,254.0,751.0,1191.0,922.0,926.0,926.0
0.0,8900.0,2831.0,2776.0,1112.0,3923.0,1194.0,1463.0,1266.0,923.0,927.0,926.0,936.0,962.0,933.0,3434.0,2953.0,2513.0,1194.0,1463.0,1266.0,923.0,927.0,926.0
0.0,7181.0,2901.0,2778.0,2196.0,4636.0,1912.0,1682.0,1042.0,924.0,927.0,927.0,968.0,970.0,963.0,2498.0,2245.0,2438.0,1912.0,1682.0,1042.0,924.0,927.0,927.0
0.0,6476.0,2847.0,2780.0,3923.0,3568.0,1658.0,1180.0,730.0,924.0,928.0,928.0,940.0,957.0,950.0,1784.0,2026.0,2666.0,1658.0,1180.0,730.0,924.0,928.0,928.0
0.0,7552.0,2660.0,2779.0,4636.0,1588.0,666.0,362.0,560.0,925.0,927.0,927.0,916.0,868.0,876.0,2038.0,2532.0,2982.0,666.0,362.0,560.0,925.0,927.0,927.0
0.0,9528.0,2757.0,2778.0,3568.0,843.0,0.0,94.0,749.0,924.0,927.0,927.0,926.0,912.0,919.0,3034.0,3346.0,3148.0,0.0,94.0,749.0,924.0,927.0,927.0
0.0,10339.0,2740.0,2776.0,1588.0,1917.0,188.0,638.0,1091.0,924.0,926.0,926.0,924.0,910.0,906.0,3766.0,3614.0,2959.0,188.0,638.0,1091.0,924.0,926.0,926.0
0.0,9187.0,2748.0,2778.0,843.0,3830.0,1121.0,1446.0,1263.0,925.0,926.0,927.0,929.0,902.0,917.0,3508.0,3066.0,2613.0,1121.0,1446.0,1263.0,925.0,926.0,927.0
0.0,7282.0,2915.0,2780.0,1917.0,4836.0,1934.0,1771.0,1131.0,926.0,926.0,928.0,997.0,963.0,955.0,2579.0,2258.0,2445.0,1934.0,1771.0,1131.0,926.0,926.0,928.0
0.0,6284.0,2828.0,2782.0,3830.0,3842.0,1783.0,1267.0,792.0,927.0,927.0,928.0,966.0,938.0,924.0,1770.0,1933.0,2581.0,1783.0,1267.0,792.0,927.0,927.0,928.0
0.0,7286.0,2753.0,2780.0,4836.0,1751.0,771.0,413.0,567.0,926.0,926.0,928.0,926.0,921.0,906.0,1925.0,2441.0,2920.0,771.0,413.0,567.0,926.0,926.0,928.0
0.0,9369.0,2880.0,2779.0,3842.0,819.0,0.0,106.0,713.0,926.0,926.0,927.0,978.0,960.0,942.0,2933.0,3291.0,3145.0,0.0,106.0,713.0,926.0,926.0,927.0
0.0,10331.0,2890.0,2783.0,1751.0,1940.0,188.0,639.0,1113.0,928.0,927.0,928.0,985.0,942.0,963.0,3738.0,3598.0,2995.0,188.0,639.0,1113.0,928.0,927.0,928.0
0.0,9192.0,2852.0,2785.0,819.0,3981.0,1152.0,1485.0,1344.0,929.0,927.0,929.0,960.0,952.0,940.0,3524.0,3069.0,2599.0,1152.0,1485.0,1344.0,929.0,927.0,929.0
0.0,7159.0,2795.0,2783.0,1940.0,4828.0,1906.0,1765.0,1157.0,929.0,926.0,928.0,942.0,923.0,930.0,2564.0,2223.0,2372.0,1906.0,1765.0,1157.0,929.0,926.0,928.0
0.0,6304.0,2910.0,2783.0,3981.0,3757.0,1730.0,1253.0,774.0,929.0,926.0,928.0,976.0,973.0,961.0,1810.0,1939.0,2555.0,1730.0,1253.0,774.0,929.0,926.0,928.0
0.0,7375.0,2811.0,2783.0,4828.0,1740.0,760.0,439.0,541.0,929.0,926.0,928.0,936.0,951.0,924.0,1986.0,2451.0,2938.0,760.0,439.0,541.0,929.0,926.0,928.0
0.0,9392.0,2809.0,2783.0,3757.0,825.0,0.0,128.0,697.0,929.0,926.0,928.0,937.0,942.0,930.0,2956.0,3265.0,3171.0,0.0,128.0,697.0,929.0,926.0,928.0
0.0,10340.0,2813.0,2783.0,1740.0,1865.0,124.0,614.0,1127.0,928.0,926.0,929.0,921.0,925.0,967.0,3749.0,3576.0,3015.0,124.0,614.0,1127.0,928.0,926.0,929.0
0.0,9267.0,2902.0,2787.0,825.0,3958.0,1078.0,1456.0,1424.0,929.0,927.0,931.0,950.0,966.0,986.0,3588.0,3090.0,2589.0,1078.0,1456.0,1424.0,929.0,927.0,931.0
0.0,7190.0,2839.0,2788.0,1865.0,4936.0,1895.0,1801.0,1240.0,929.0,928.0,931.0,941.0,955.0,943.0,2638.0,2252.0,2300.0,1895.0,1801.0,1240.0,929.0,928.0,931.0
0.0,6216.0,2860.0,2789.0,3958.0,3842.0,1769.0,1302.0,771.0,930.0,928.0,931.0,948.0,957.0,955.0,1821.0,1911.0,2484.0,1769.0,1302.0,771.0,930.0,928.0,931.0
0.0,7314.0,2936.0,2794.0,4936.0,1862.0,857.0,503.0,502.0,931.0,930.0,933.0,979.0,994.0,963.0,1951.0,2410.0,2953.0,857.0,503.0,502.0,931.0,930.0,933.0
0.0,9314.0,2852.0,2796.0,3842.0,880.0,34.0,169.0,677.0,932.0,931.0,933.0,942.0,964.0,946.0,2867.0,3217.0,3230.0,34.0,169.0,677.0,932.0,931.0,933.0
0.0,10304.0,2836.0,2798.0,1862.0,1862.0,113.0,646.0,1103.0,932.0,933.0,933.0,936.0,972.0,928.0,3694.0,3555.0,3055.0,113.0,646.0,1103.0,932.0,933.0,933.0
0.0,9330.0,2836.0,2801.0,880.0,3830.0,1033.0,1439.0,1358.0,933.0,934.0,934.0,950.0,958.0,928.0,3615.0,3086.0,2629.0,1033.0,1439.0,1358.0,933.0,934.0,934.0
0.0,7374.0,2797.0,2803.0,1862.0,4773.0,1853.0,1734.0,1186.0,934.0,935.0,934.0,929.0,937.0,931.0,2699.0,2297.0,2378.0,1853.0,1734.0,1186.0,934.0,935.0,934.0
0.0,6439.0,2906.0,2805.0,3830.0,3857.0,1767.0,1294.0,796.0,934.0,936.0,935.0,947.0,995.0,964.0,1883.0,2006.0,2550.0,1767.0,1294.0,796.0,934.0,936.0,935.0
0.0,7363.0,2806.0,2804.0,4773.0,1886.0,846.0,510.0,530.0,934.0,936.0,934.0,932.0,950.0,924.0,1969.0,2450.0,2944.0,846.0,510.0,530.0,934.0,936.0,934.0
0.0,9330.0,2915.0,2808.0,3857.0,960.0,56.0,206.0,698.0,935.0,938.0,935.0,973.0,982.0,960.0,2890.0,3234.0,3206.0,56.0,206.0,698.0,935.0,938.0,935.0
0.0,10272.0,2903.0,2812.0,1886.0,1993.0,157.0,696.0,1140.0,936.0,940.0,936.0,943.0,992.0,968.0,3684.0,3546.0,3042.0,157.0,696.0,1140.0,936.0,940.0,936.0
0.0,9255.0,2907.0,2815.0,960.0,3952.0,1075.0,1467.0,1410.0,937.0,941.0,937.0,970.0,973.0,964.0,3587.0,3064.0,2604.0,1075.0,1467.0,1410.0,937.0,941.0,937.0
0.0,7308.0,2865.0,2816.0,1993.0,4828.0,1877.0,1724.0,1227.0,937.0,942.0,937.0,959.0,949.0,957.0,2673.0,2297.0,2338.0,1877.0,1724.0,1227.0,937.0,942.0,937.0
0.0,6436.0,2902.0,2818.0,3952.0,3786.0,1764.0,1233.0,789.0,937.0,943.0,938.0,962.0,972.0,968.0,1871.0,2044.0,2521.0,1764.0,1233.0,789.0,937.0,943.0,938.0
0.0,7486.0,2859.0,2819.0,4828.0,1821.0,837.0,473.0,511.0,938.0,943.0,938.0,946.0,964.0,949.0,1984.0,2539.0,2963.0,837.0,473.0,511.0,938.0,943.0,938.0
0.0,9455.0,2885.0,2820.0,3786.0,924.0,37.0,186.0,701.0,938.0,943.0,939.0,964.0,946.0,975.0,2915.0,3299.0,3241.0,37.0,186.0,701.0,938.0,943.0,939.0
0.0,10356.0,2948.0,2822.0,1821.0,2059.0,198.0,672.0,1189.0,939.0,943.0,940.0,994.0,959.0,995.0,3715.0,3586.0,3055.0,198.0,672.0,1189.0,939.0,943.0,940.0
0.0,9229.0,2945.0,2822.0,924.0,4080.0,1149.0,1467.0,1464.0,939.0,943.0,940.0,988.0,981.0,976.0,3558.0,3100.0,2571.0,1149.0,1467.0,1464.0,939.0,943.0,940.0
0.0,7208.0,2789.0,2823.0,2059.0,4814.0,1897.0,1725.0,1192.0,940.0,943.0,940.0,942.0,930.0,917.0,2607.0,2305.0,2296.0,1897.0,1725.0,1192.0,940.0,943.0,940.0
0.0,6478.0,2836.0,2826.0,4080.0,3582.0,1718.0,1177.0,687.0,941.0,944.0,941.0,966.0,915.0,955.0,1863.0,2047.0,2568.0,1718.0,1177.0,687.0,941.0,944.0,941.0
0.0,7722.0,2850.0,2825.0,4814.0,1614.0,783.0,397.0,434.0,941.0,943.0,941.0,962.0,949.0,939.0,2046.0,2599.0,3077.0,783.0,397.0,434.0,941.0,943.0,941.0
0.0,9686.0,2787.0,2825.0,3582.0,828.0,0.0,128.0,700.0,941.0,943.0,941.0,926.0,908.0,953.0,2981.0,3375.0,3330.0,0.0,128.0,700.0,941.0,943.0,941.0
0.0,10481.0,2942.0,2828.0,1614.0,2159.0,187.0,694.0,1278.0,942.0,943.0,943.0,975.0,963.0,1004.0,3773.0,3644.0,3064.0,187.0,694.0,1278.0,942.0,943.0,943.0
0.0,9153.0,2914.0,2830.0,828.0,4253.0,1165.0,1515.0,1573.0,943.0,944.0,943.0,974.0,945.0,995.0,3581.0,3078.0,2494.0,1165.0,1515.0,1573.0,943.0,944.0,943.0
0.0,7067.0,2832.0,2832.0,2159.0,4934.0,1932.0,1753.0,1249.0,944.0,944.0,944.0,950.0,932.0,950.0,2607.0,2261.0,2199.0,1932.0,1753.0,1249.0,944.0,944.0,944.0
0.0,6394.0,2816.0,2832.0,4253.0,3497.0,1705.0,1164.0,628.0,945.0,944.0,943.0,934.0,926.0,956.0,1844.0,2023.0,2527.0,1705.0,1164.0,628.0,945.0,944.0,943.0
0.0,7831.0,2869.0,2836.0,4934.0,1448.0,742.0,356.0,350.0,946.0,945.0,945.0,965.0,941.0,963.0,2075.0,2612.0,3144.0,742.0,356.0,350.0,946.0,945.0,945.0
0.0,9896.0,2846.0,2840.0,3497.0,820.0,0.0,145.0,675.0,948.0,946.0,946.0,948.0,949.0,949.0,3042.0,3424.0,3430.0,0.0,145.0,675.0,948.0,946.0,946.0
0.0,10547.0,2838.0,2840.0,1448.0,2203.0,177.0,736.0,1290.0,948.0,946.0,946.0,926.0,947.0,965.0,3799.0,3639.0,3109.0,177.0,736.0,1290.0,948.0,946.0,946.0
0.0,9157.0,2831.0,2840.0,820.0,4214.0,1102.0,1544.0,1568.0,948.0,946.0,946.0,925.0,953.0,953.0,3615.0,3048.0,2494.0,1102.0,1544.0,1568.0,948.0,946.0,946.0
0.0,7146.0,2848.0,2844.0,2203.0,4875.0,1856.0,1775.0,1244.0,949.0,947.0,948.0,927.0,963.0,958.0,2690.0,2240.0,2216.0,1856.0,1775.0,1244.0,949.0,947.0,948.0
0.0,6501.0,2910.0,2848.0,4214.0,3587.0,1731.0,1208.0,648.0,950.0,949.0,949.0,973.0,969.0,968.0,1940.0,2013.0,2548.0,1731.0,1208.0,648.0,950.0,949.0,949.0
0.0,7805.0,2788.0,2849.0,4875.0,1504.0,798.0,372.0,334.0,951.0,949.0,949.0,919.0,939.0,930.0,2069.0,2588.0,3148.0,798.0,372.0,334.0,951.0,949.0,949.0
0.0,9892.0,2758.0,2848.0,3587.0,695.0,0.0,86.0,609.0,950.0,949.0,949.0,913.0,922.0,923.0,3006.0,3424.0,3462.0,0.0,86.0,609.0,950.0,949.0,949.0
0.0,10721.0,2868.0,2847.0,1504.0,2031.0,125.0,655.0,1251.0,950.0,948.0,949.0,947.0,945.0,976.0,3824.0,3710.0,3187.0,125.0,655.0,1251.0,950.0,948.0,949.0
0.0,9357.0,2920.0,2848.0,695.0,4260.0,1112.0,1546.0,1602.0,951.0,948.0,949.0,983.0,977.0,960.0,3675.0,3137.0,2545.0,1112.0,1546.0,1602.0,951.0,948.0,949.0
0.0,7132.0,2856.0,2852.0,2031.0,5101.0,1930.0,1862.0,1309.0,951.0,950.0,951.0,943.0,963.0,950.0,2692.0,2246.0,2194.0,1930.0,1862.0,1309.0,951.0,950.0,951.0
0.0,6307.0,2976.0,2856.0,4260.0,3833.0,1824.0,1303.0,706.0,952.0,952.0,952.0,1002.0,979.0,995.0,1874.0,1938.0,2495.0,1824.0,1303.0,706.0,952.0,952.0,952.0
0.0,7591.0,2900.0,2860.0,5101.0,1648.0,886.0,418.0,344.0,954.0,953.0,953.0,984.0,973.0,943.0,1984.0,2505.0,3102.0,886.0,418.0,344.0,954.0,953.0,953.0
0.0,9792.0,2920.0,2863.0,3833.0,747.0,59.0,82.0,606.0,955.0,954.0,954.0,993.0,963.0,964.0,2930.0,3394.0,3468.0,59.0,82.0,606.0,955.0,954.0,954.0
0.0,10705.0,2967.0,2864.0,1648.0,2070.0,165.0,674.0,1231.0,955.0,955.0,954.0,992.0,1006.0,969.0,3761.0,3734.0,3210.0,165.0,674.0,1231.0,955.0,955.0,954.0
0.0,9386.0,3018.0,2868.0,747.0,4357.0,1116.0,1634.0,1607.0,956.0,957.0,955.0,1006.0,1034.0,978.0,3655.0,3146.0,2585.0,1116.0,1634.0,1607.0,956.0,957.0,955.0
0.0,7115.0,2880.0,2870.0,2070.0,5175.0,1936.0,1932.0,1307.0,957.0,958.0,955.0,981.0,968.0,931.0,2708.0,2194.0,2213.0,1936.0,1932.0,1307.0,957.0,958.0,955.0
0.0,6305.0,2942.0,2871.0,4357.0,3764.0,1794.0,1281.0,689.0,957.0,958.0,956.0,974.0,983.0,985.0,1892.0,1900.0,2513.0,1794.0,1281.0,689.0,957.0,958.0,956.0
0.0,7720.0,3005.0,2872.0,5175.0,1598.0,877.0,362.0,359.0,957.0,959.0,956.0,1019.0,1009.0,977.0,2034.0,2551.0,3135.0,877.0,362.0,359.0,957.0,959.0,956.0
0.0,9890.0,2926.0,2875.0,3764.0,772.0,84.0,65.0,623.0,958.0,960.0,957.0,997.0,980.0,949.0,2951.0,3474.0,3465.0,84.0,65.0,623.0,958.0,960.0,957.0
0.0,10728.0,2892.0,2877.0,1598.0,2074.0,195.0,678.0,1201.0,959.0,961.0,957.0,984.0,971.0,937.0,3748.0,3775.0,3205.0,195.0,678.0,1201.0,959.0,961.0,957.0
0.0,9434.0,2977.0,2877.0,772.0,4279.0,1109.0,1603.0,1567.0,959.0,961.0,957.0,998.0,990.0,989.0,3641.0,3166.0,2627.0,1109.0,1603.0,1567.0,959.0,961.0,957.0
0.0,7229.0,2890.0,2880.0,2074.0,5107.0,1886.0,1902.0,1319.0,960.0,962.0,958.0,968.0,973.0,949.0,2727.0,2241.0,2261.0,1886.0,1902.0,1319.0,960.0,962.0,958.0
0.0,6413.0,2936.0,2881.0,4279.0,3768.0,1770.0,1287.0,711.0,961.0,962.0,958.0,989.0,988.0,959.0,1954.0,1946.0,2513.0,1770.0,1287.0,711.0,961.0,962.0,958.0
0.0,7756.0,2843.0,2882.0,5107.0,1508.0,823.0,354.0,331.0,961.0,963.0,958.0,939.0,965.0,939.0,2074.0,2561.0,3121.0,823.0,354.0,331.0,961.0,963.0,958.0
0.0,10020.0,2880.0,2881.0,3768.0,622.0,0.0,41.0,581.0,961.0,963.0,957.0,941.0,974.0,965.0,3021.0,3498.0,3501.0,0.0,41.0,581.0,961.0,963.0,957.0
0.0,10908.0,2861.0,2882.0,1508.0,1973.0,123.0,634.0,1216.0,961.0,963.0,958.0,952.0,947.0,962.0,3850.0,3811.0,3247.0,123.0,634.0,1216.0,961.0,963.0,958.0
0.0,9555.0,2964.0,2885.0,622.0,4327.0,1099.0,1594.0,1634.0,962.0,964.0,959.0,972.0,997.0,995.0,3721.0,3218.0,2616.0,1099.0,1594.0,1634.0,962.0,964.0,959.0
0.0,7213.0,2977.0,2885.0,1973.0,5331.0,1954.0,1960.0,1417.0,962.0,964.0,959.0,978.0,1000.0,999.0,2749.0,2262.0,2202.0,1954.0,1960.0,1417.0,962.0,964.0,959.0
0.0,6209.0,3031.0,2888.0,4327.0,4047.0,1869.0,1353.0,825.0,963.0,964.0,961.0,1010.0,987.0,1034.0,1894.0,1896.0,2419.0,1869.0,1353.0,825.0,963.0,964.0,961.0
0.0,7505.0,2920.0,2889.0,5331.0,1640.0,868.0,364.0,408.0,963.0,964.0,962.0,953.0,971.0,996.0,1983.0,2503.0,3019.0,868.0,364.0,408.0,963.0,964.0,962.0
0.0,9916.0,2915.0,2891.0,4047.0,572.0,0.0,0.0,572.0,964.0,964.0,963.0,974.0,956.0,985.0,2984.0,3492.0,3440.0,0.0,0.0,572.0,964.0,964.0,963.0
0.0,11048.0,2939.0,2895.0,1640.0,1831.0,89.0,564.0,1178.0,965.0,965.0,965.0,976.0,957.0,1006.0,3879.0,3889.0,3280.0,89.0,564.0,1178.0,965.0,965.0,965.0
0.0,9749.0,2875.0,2894.0,572.0,4130.0,1063.0,1495.0,1572.0,965.0,964.0,965.0,974.0,935.0,966.0,3771.0,3296.0,2682.0,1063.0,1495.0,1572.0,965.0,964.0,965.0
0.0,7446.0,2836.0,2894.0,1831.0,5135.0,1906.0,1885.0,1344.0,965.0,964.0,965.0,932.0,954.0,950.0,2797.0,2361.0,2288.0,1906.0,1885.0,1344.0,965.0,964.0,965.0
0.0,6441.0,2952.0,2894.0,4130.0,3957.0,1820.0,1354.0,783.0,965.0,963.0,966.0,977.0,968.0,1007.0,1954.0,1971.0,2516.0,1820.0,1354.0,783.0,965.0,963.0,966.0
0.0,7619.0,2861.0,2893.0,5135.0,1679.0,859.0,403.0,417.0,965.0,962.0,966.0,945.0,938.0,978.0,2040.0,2498.0,3081.0,859.0,403.0,417.0,965.0,962.0,966.0
0.0,9893.0,2880.0,2893.0,3957.0,610.0,15.0,0.0,595.0,965.0,962.0,966.0,976.0,943.0,961.0,3001.0,3445.0,3447.0,15.0,0.0,595.0,965.0,962.0,966.0
0.0,10970.0,2816.0,2892.0,1679.0,1735.0,97.0,498.0,1140.0,965.0,961.0,966.0,941.0,913.0,962.0,3845.0,3856.0,3269.0,97.0,498.0,1140.0,965.0,961.0,966.0
0.0,9833.0,2848.0,2891.0,610.0,3969.0,1066.0,1395.0,1508.0,965.0,960.0,966.0,984.0,901.0,963.0,3763.0,3346.0,2724.0,1066.0,1395.0,1508.0,965.0,960.0,966.0
0.0,7595.0,2911.0,2892.0,1735.0,5149.0,1968.0,1825.0,1356.0,966.0,959.0,967.0,995.0,932.0,984.0,2794.0,2445.0,2356.0,1968.0,1825.0,1356.0,966.0,959.0,967.0
0.0,6419.0,2939.0,2893.0,3969.0,4123.0,1902.0,1385.0,836.0,967.0,959.0,967.0,996.0,955.0,988.0,1896.0,2011.0,2512.0,1902.0,1385.0,836.0,967.0,959.0,967.0
0.0,7449.0,2988.0,2895.0,5149.0,1970.0,938.0,532.0,500.0,967.0,960.0,968.0,1004.0,968.0,1016.0,1966.0,2451.0,3032.0,938.0,532.0,500.0,967.0,960.0,968.0
0.0,9610.0,2867.0,2893.0,4123.0,711.0,0.0,93.0,618.0,967.0,959.0,967.0,959.0,950.0,958.0,2930.0,3308.0,3372.0,0.0,93.0,618.0,967.0,959.0,967.0
0.0,10866.0,2919.0,2895.0,1970.0,1663.0,37.0,501.0,1125.0,967.0,959.0,969.0,980.0,940.0,999.0,3873.0,3743.0,3250.0,37.0,501.0,1125.0,967.0,959.0,969.0
0.0,9917.0,2989.0,2899.0,711.0,3957.0,1027.0,1416.0,1514.0,968.0,961.0,970.0,986.0,1000.0,1003.0,3831.0,3335.0,2751.0,1027.0,1416.0,1514.0,968.0,961.0,970.0
0.0,7639.0,2935.0,2901.0,1663.0,5237.0,1963.0,1908.0,1366.0,968.0,962.0,971.0,973.0,989.0,973.0,2845.0,2428.0,2366.0,1963.0,1908.0,1366.0,968.0,962.0,971.0
0.0,6367.0,2936.0,2903.0,3957.0,4224.0,1917.0,1491.0,816.0,969.0,963.0,971.0,977.0,995.0,964.0,1909.0,1940.0,2518.0,1917.0,1491.0,816.0,969.0,963.0,971.0
0.0,7388.0,2890.0,2901.0,5237.0,1869.0,904.0,556.0,409.0,968.0,963.0,970.0,954.0,973.0,963.0,1959.0,2361.0,3068.0,904.0,556.0,409.0,968.0,963.0,970.0
0.0,9735.0,2941.0,2903.0,4224.0,619.0,0.0,42.0,577.0,969.0,964.0,970.0,984.0,973.0,984.0,2968.0,3296.0,3471.0,0.0,42.0,577.0,969.0,964.0,970.0
0.0,11018.0,3000.0,2905.0,1869.0,1733.0,58.0,503.0,1172.0,969.0,965.0,971.0,987.0,1013.0,1000.0,3901.0,3814.0,3303.0,58.0,503.0,1172.0,969.0,965.0,971.0
0.0,9887.0,2972.0,2909.0,619.0,4102.0,1039.0,1463.0,1600.0,970.0,967.0,972.0,977.0,994.0,1001.0,3818.0,3357.0,2712.0,1039.0,1463.0,1600.0,970.0,967.0,972.0
0.0,7534.0,2868.0,2909.0,1733.0,5237.0,1922.0,1955.0,1360.0,970.0,968.0,971.0,941.0,991.0,936.0,2841.0,2405.0,2288.0,1922.0,1955.0,1360.0,970.0,968.0,971.0
0.0,6399.0,2983.0,2911.0,4102.0,4126.0,1852.0,1520.0,754.0,970.0,969.0,972.0,969.0,1024.0,990.0,1958.0,1917.0,2524.0,1852.0,1520.0,754.0,970.0,969.0,972.0
0.0,7518.0,2924.0,2913.0,5237.0,1821.0,902.0,556.0,363.0,971.0,970.0,972.0,968.0,987.0,969.0,2028.0,2356.0,3134.0,902.0,556.0,363.0,971.0,970.0,972.0
0.0,9831.0,3046.0,2917.0,4126.0,757.0,74.0,69.0,614.0,973.0,971.0,973.0,1016.0,1029.0,1001.0,2982.0,3324.0,3525.0,74.0,69.0,614.0,973.0,971.0,973.0
0.0,10911.0,2878.0,2917.0,1821.0,1814.0,131.0,498.0,1185.0,973.0,972.0,972.0,959.0,981.0,938.0,3818.0,3815.0,3278.0,131.0,498.0,1185.0,973.0,972.0,972.0
0.0,9854.0,2853.0,2917.0,757.0,3910.0,1003.0,1395.0,1512.0,973.0,972.0,972.0,946.0,966.0,941.0,3761.0,3390.0,2703.0,1003.0,1395.0,1512.0,973.0,972.0,972.0
0.0,7758.0,2901.0,2918.0,1814.0,5001.0,1820.0,1909.0,1272.0,973.0,973.0,972.0,948.0,1008.0,945.0,2889.0,2493.0,2376.0,1820.0,1909.0,1272.0,973.0,973.0,972.0
0.0,6671.0,3018.0,2924.0,3910.0,4133.0,1854.0,1532.0,747.0,976.0,975.0,973.0,1025.0,1010.0,983.0,2072.0,1983.0,2616.0,1854.0,1532.0,747.0,976.0,975.0,973.0
0.0,7563.0,2891.0,2924.0,5001.0,2023.0,1003.0,585.0,435.0,976.0,975.0,973.0,969.0,962.0,960.0,2050.0,2368.0,3145.0,1003.0,585.0,435.0,976.0,975.0,973.0
0.0,9673.0,2998.0,2926.0,4133.0,896.0,181.0,36.0,679.0,977.0,975.0,974.0,1028.0,983.0,987.0,2901.0,3315.0,3457.0,181.0,36.0,679.0,977.0,975.0,974.0
0.0,10808.0,2970.0,2928.0,2023.0,1851.0,162.0,460.0,1229.0,978.0,976.0,974.0,980.0,1005.0,985.0,3727.0,3864.0,3217.0,162.0,460.0,1229.0,978.0,976.0,974.0
0.0,9861.0,2945.0,2927.0,896.0,3896.0,970.0,1396.0,1530.0,977.0,976.0,974.0,993.0,972.0,980.0,3750.0,3444.0,2667.0,970.0,1396.0,1530.0,977.0,976.0,974.0
0.0,7812.0,2958.0,2928.0,1851.0,5007.0,1844.0,1924.0,1239.0,978.0,976.0,974.0,1032.0,988.0,938.0,2938.0,2508.0,2366.0,1844.0,1924.0,1239.0,978.0,976.0,974.0
0.0,6705.0,3023.0,2931.0,3896.0,4146.0,1897.0,1527.0,722.0,979.0,977.0,975.0,1019.0,995.0,1009.0,2068.0,1980.0,2657.0,1897.0,1527.0,722.0,979.0,977.0,975.0
0.0,7578.0,2948.0,2930.0,5007.0,2083.0,1054.0,582.0,447.0,979.0,976.0,975.0,1001.0,983.0,964.0,2019.0,2381.0,3178.0,1054.0,582.0,447.0,979.0,976.0,975.0
0.0,9637.0,2979.0,2929.0,4146.0,912.0,165.0,39.0,708.0,979.0,975.0,975.0,1008.0,988.0,983.0,2862.0,3322.0,3453.0,165.0,39.0,708.0,979.0,975.0,975.0
0.0,10804.0,3043.0,2932.0,2083.0,1884.0,130.0,476.0,1278.0,980.0,976.0,976.0,1015.0,1015.0,1013.0,3751.0,3861.0,3192.0,130.0,476.0,1278.0,980.0,976.0,976.0
0.0,9844.0,3051.0,2934.0,912.0,4031.0,1021.0,1415.0,1595.0,981.0,976.0,977.0,1052.0,978.0,1021.0,3790.0,3428.0,2626.0,1021.0,1415.0,1595.0,981.0,976.0,977.0
0.0,7705.0,2999.0,2935.0,1884.0,5150.0,1893.0,1910.0,1347.0,981.0,976.0,978.0,1002.0,971.0,1026.0,2903.0,2489.0,2313.0,1893.0,1910.0,1347.0,981.0,976.0,978.0
0.0,6590.0,3025.0,2936.0,4031.0,4148.0,1899.0,1484.0,765.0,981.0,976.0,979.0,1027.0,989.0,1009.0,2031.0,1994.0,2565.0,1899.0,1484.0,765.0,981.0,976.0,979.0
0.0,7596.0,2982.0,2938.0,5150.0,1988.0,1024.0,545.0,419.0,982.0,976.0,980.0,1014.0,971.0,997.0,2025.0,2420.0,3151.0,1024.0,545.0,419.0,982.0,976.0,980.0
0.0,9764.0,3005.0,2939.0,4148.0,849.0,108.0,58.0,683.0,982.0,976.0,981.0,983.0,997.0,1025.0,2904.0,3359.0,3501.0,108.0,58.0,683.0,982.0,976.0,981.0
0.0,10907.0,2889.0,2938.0,1988.0,1746.0,32.0,476.0,1238.0,981.0,976.0,981.0,952.0,963.0,974.0,3820.0,3846.0,3241.0,32.0,476.0,1238.0,981.0,976.0,981.0
0.0,10006.0,2989.0,2940.0,849.0,3894.0,902.0,1412.0,1580.0,981.0,976.0,983.0,978.0,994.0,1017.0,3892.0,3428.0,2686.0,902.0,1412.0,1580.0,981.0,976.0,983.0
0.0,7866.0,2939.0,2942.0,1746.0,5095.0,1838.0,1902.0,1355.0,982.0,976.0,984.0,964.0,966.0,1009.0,3022.0,2492.0,2352.0,1838.0,1902.0,1355.0,982.0,976.0,984.0
0.0,6673.0,3023.0,2945.0,3894.0,4236.0,1939.0,1508.0,789.0,983.0,977.0,985.0,999.0,1014.0,1010.0,2090.0,2002.0,2581.0,1939.0,1508.0,789.0,983.0,977.0,985.0
0.0,7544.0,2936.0,2945.0,5095.0,2077.0,1085.0,559.0,433.0,983.0,977.0,985.0,984.0,953.0,999.0,1993.0,2400.0,3151.0,1085.0,559.0,433.0,983.0,977.0,985.0
0.0,9703.0,2972.0,2947.0,4236.0,821.0,133.0,42.0,646.0,984.0,977.0,986.0,983.0,991.0,998.0,2847.0,3349.0,3507.0,133.0,42.0,646.0,984.0,977.0,986.0
0.0,10967.0,2921.0,2944.0,2077.0,1653.0,14.0,442.0,1197.0,983.0,976.0,985.0,970.0,963.0,988.0,3803.0,3866.0,3298.0,14.0,442.0,1197.0,983.0,976.0,985.0
0.0,10123.0,3036.0,2944.0,821.0,3868.0,890.0,1387.0,1591.0,983.0,976.0,985.0,1009.0,987.0,1040.0,3918.0,3462.0,2743.0,890.0,1387.0,1591.0,983.0,976.0,985.0
0.0,7908.0,3034.0,2947.0,1653.0,5261.0,1870.0,1969.0,1422.0,984.0,977.0,986.0,990.0,1020.0,1024.0,3042.0,2517.0,2349.0,1870.0,1969.0,1422.0,984.0,977.0,986.0
0.0,6527.0,2999.0,2948.0,3868.0,4396.0,1968.0,1602.0,826.0,984.0,978.0,986.0,988.0,1016.0,995.0,2066.0,1939.0,2522.0,1968.0,1602.0,826.0,984.0,978.0,986.0
0.0,7396.0,2990.0,2949.0,5261.0,2129.0,1071.0,647.0,411.0,984.0,979.0,986.0,973.0,1010.0,1007.0,1968.0,2310.0,3118.0,1071.0,647.0,411.0,984.0,979.0,986.0
0.0,9667.0,2915.0,2950.0,4396.0,652.0,77.0,16.0,559.0,984.0,980.0,986.0,974.0,967.0,974.0,2865.0,3269.0,3533.0,77.0,16.0,559.0,984.0,980.0,986.0
0.0,11148.0,2959.0,2952.0,2129.0,1497.0,0.0,370.0,1127.0,985.0,980.0,987.0,983.0,1001.0,975.0,3859.0,3904.0,3385.0,0.0,370.0,1127.0,985.0,980.0,987.0
0.0,10318.0,2918.0,2952.0,652.0,3756.0,871.0,1341.0,1544.0,985.0,981.0,986.0,955.0,983.0,980.0,3947.0,3550.0,2821.0,871.0,1341.0,1544.0,985.0,981.0,986.0
0.0,8052.0,2961.0,2954.0,1497.0,5228.0,1855.0,1972.0,1401.0,986.0,982.0,986.0,980.0,997.0,984.0,3069.0,2583.0,2400.0,1855.0,1972.0,1401.0,986.0,982.0,986.0
0.0,6588.0,3111.0,2959.0,3756.0,4603.0,2023.0,1674.0,906.0,987.0,984.0,988.0,1035.0,1035.0,1041.0,2089.0,1956.0,2543.0,2023.0,1674.0,906.0,987.0,984.0,988.0
0.0,7233.0,3179.0,2966.0,5228.0,2582.0,1244.0,777.0,561.0,989.0,987.0,990.0,1068.0,1063.0,1048.0,1925.0,2262.0,3046.0,1244.0,777.0,561.0,989.0,987.0,990.0
0.0,9282.0,3017.0,2968.0,4603.0,1004.0,217.0,126.0,661.0,989.0,989.0,990.0,996.0,1015.0,1006.0,2712.0,3171.0,3399.0,217.0,126.0,661.0,989.0,989.0,990.0
0.0,10868.0,2899.0,2968.0,2582.0,1414.0,0.0,336.0,1078.0,988.0,990.0,990.0,938.0,983.0,978.0,3739.0,3830.0,3299.0,0.0,336.0,1078.0,988.0,990.0,990.0
0.0,10551.0,3034.0,2970.0,1004.0,3359.0,712.0,1237.0,1410.0,989.0,991.0,990.0,1018.0,1023.0,993.0,4045.0,3624.0,2882.0,712.0,1237.0,1410.0,989.0,991.0,990.0
0.0,8521.0,3023.0,2971.0,1414.0,4972.0,1712.0,1910.0,1350.0,989.0,992.0,990.0,1000.0,1005.0,1018.0,3244.0,2727.0,2550.0,1712.0,1910.0,1350.0,989.0,992.0,990.0
0.0,6912.0,2978.0,2973.0,3359.0,4599.0,2019.0,1687.0,893.0,990.0,993.0,990.0,1015.0,1010.0,953.0,2244.0,2058.0,2610.0,2019.0,1687.0,893.0,990.0,993.0,990.0
0.0,7293.0,3025.0,2975.0,4972.0,2660.0,1322.0,781.0,557.0,990.0,994.0,991.0,1015.0,1000.0,1010.0,1941.0,2285.0,3067.0,1322.0,781.0,557.0,990.0,994.0,991.0
0.0,9240.0,2965.0,2974.0,4599.0,1022.0,323.0,50.0,649.0,991.0,993.0,990.0,1016.0,960.0,989.0,2638.0,3195.0,3407.0,323.0,50.0,649.0,991.0,993.0,990.0
0.0,10874.0,3027.0,2977.0,2660.0,1401.0,12.0,289.0,1100.0,992.0,994.0,991.0,1007.0,1016.0,1004.0,3641.0,3922.0,3311.0,12.0,289.0,1100.0,992.0,994.0,991.0
0.0,10507.0,2912.0,2976.0,1022.0,3287.0,668.0,1187.0,1432.0,992.0,993.0,991.0,979.0,952.0,981.0,3956.0,3687.0,2864.0,668.0,1187.0,1432.0,992.0,993.0,991.0
0.0,8617.0,2916.0,2976.0,1401.0,4802.0,1625.0,1885.0,1292.0,992.0,993.0,991.0,969.0,987.0,960.0,3300.0,2785.0,2532.0,1625.0,1885.0,1292.0,992.0,993.0,991.0
0.0,7102.0,2997.0,2978.0,3287.0,4520.0,1940.0,1712.0,868.0,992.0,994.0,992.0,983.0,1010.0,1004.0,2343.0,2087.0,2672.0,1940.0,1712.0,868.0,992.0,994.0,992.0
0.0,7392.0,3113.0,2979.0,4802.0,2835.0,1356.0,862.0,617.0,993.0,994.0,992.0,1037.0,1035.0,1041.0,2028.0,2264.0,3100.0,1356.0,862.0,617.0,993.0,994.0,992.0
0.0,9081.0,3027.0,2980.0,4520.0,1346.0,422.0,175.0,749.0,993.0,995.0,992.0,1006.0,1021.0,1000.0,2616.0,3114.0,3351.0,422.0,175.0,749.0,993.0,995.0,992.0
0.0,10574.0,2961.0,2983.0,2835.0,1484.0,76.0,323.0,1085.0,995.0,995.0,993.0,1002.0,1010.0,949.0,3550.0,3805.0,3219.0,76.0,323.0,1085.0,995.0,995.0,993.0
0.0,10448.0,2898.0,2981.0,1346.0,3028.0,619.0,1116.0,1293.0,995.0,994.0,992.0,965.0,972.0,961.0,3904.0,3657.0,2887.0,619.0,1116.0,1293.0,995.0,994.0,992.0
0.0,8896.0,2956.0,2982.0,1484.0,4504.0,1510.0,1785.0,1209.0,995.0,994.0,993.0,967.0,992.0,997.0,3361.0,2860.0,2675.0,1510.0,1785.0,1209.0,995.0,994.0,993.0
0.0,7424.0,2906.0,2979.0,3028.0,4370.0,1850.0,1646.0,874.0,994.0,993.0,992.0,963.0,981.0,962.0,2470.0,2191.0,2763.0,1850.0,1646.0,874.0,994.0,993.0,992.0
0.0,7546.0,2982.0,2980.0,4504.0,2852.0,1326.0,845.0,681.0,994.0,993.0,993.0,986.0,984.0,1012.0,2126.0,2326.0,3094.0,1326.0,845.0,681.0,994.0,993.0,993.0
0.0,9068.0,2919.0,2982.0,4370.0,1409.0,470.0,163.0,776.0,995.0,993.0,994.0,990.0,964.0,965.0,2650.0,3127.0,3291.0,470.0,163.0,776.0,995.0,993.0,994.0
0.0,10519.0,2936.0,2982.0,2852.0,1493.0,111.0,305.0,1077.0,995.0,993.0,994.0,967.0,987.0,982.0,3510.0,3809.0,3200.0,111.0,305.0,1077.0,995.0,993.0,994.0
0.0,10435.0,2943.0,2980.0,1409.0,3019.0,613.0,1121.0,1285.0,994.0,992.0,994.0,976.0,983.0,984.0,3869.0,3667.0,2899.0,613.0,1121.0,1285.0,994.0,992.0,994.0
0.0,8901.0,2958.0,2983.0,1493.0,4496.0,1495.0,1801.0,1200.0,995.0,993.0,995.0,989.0,981.0,988.0,3363.0,2847.0,2691.0,1495.0,1801.0,1200.0,995.0,993.0,995.0
0.0,7436.0,3078.0,2984.0,3019.0,4559.0,1891.0,1728.0,940.0,994.0,994.0,996.0,1013.0,1044.0,1021.0,2485.0,2171.0,2780.0,1891.0,1728.0,940.0,994.0,994.0,996.0
0.0,7377.0,3183.0,2988.0,4496.0,3262.0,1475.0,984.0,803.0,996.0,995.0,997.0,1071.0,1053.0,1059.0,2085.0,2248.0,3044.0,1475.0,984.0,803.0,996.0,995.0,997.0
0.0,8690.0,2995.0,2989.0,4559.0,1702.0,615.0,242.0,845.0,997.0,995.0,997.0,1027.0,986.0,982.0,2509.0,2996.0,3185.0,615.0,242.0,845.0,997.0,995.0,997.0
0.0,10254.0,3075.0,2992.0,3262.0,1527.0,170.0,282.0,1075.0,997.0,996.0,999.0,1030.0,1020.0,1025.0,3373.0,3738.0,3143.0,170.0,282.0,1075.0,997.0,996.0,999.0
0.0,10441.0,3014.0,2991.0,1702.0,2835.0,552.0,1052.0,1231.0,996.0,996.0,999.0,1001.0,1012.0,1001.0,3818.0,3702.0,2921.0,552.0,1052.0,1231.0,996.0,996.0,999.0
0.0,9129.0,2980.0,2992.0,1527.0,4292.0,1385.0,1779.0,1128.0,996.0,997.0,999.0,1003.0,1005.0,972.0,3432.0,2932.0,2765.0,1385.0,1779.0,1128.0,996.0,997.0,999.0
0.0,7676.0,3118.0,2994.0,2835.0,4583.0,1891.0,1751.0,941.0,997.0,997.0,1000.0,1054.0,1024.0,1040.0,2599.0,2209.0,2868.0,1891.0,1751.0,941.0,997.0,997.0,1000.0
0.0,7393.0,3255.0,2999.0,4292.0,3566.0,1618.0,1063.0,885.0,999.0,999.0,1001.0,1104.0,1083.0,1068.0,2097.0,2237.0,3059.0,1618.0,1063.0,885.0,999.0,999.0,1001.0
0.0,8430.0,3090.0,3000.0,4583.0,2077.0,757.0,343.0,977.0,999.0,1000.0,1001.0,1030.0,1027.0,1033.0,2378.0,2933.0,3119.0,757.0,343.0,977.0,999.0,1000.0,1001.0
0.0,9923.0,3065.0,3000.0,3566.0,1576.0,161.0,301.0,1114.0,999.0,1000.0,1001.0,1022.0,1021.0,1022.0,3239.0,3657.0,3027.0,161.0,301.0,1114.0,999.0,1000.0,1001.0
0.0,10424.0,3000.0,3000.0,2077.0,2499.0,391.0,980.0,1128.0,998.0,1001.0,1001.0,991.0,1018.0,991.0,3835.0,3699.0,2890.0,391.0,980.0,1128.0,998.0,1001.0,1001.0
0.0,9501.0,3160.0,3004.0,1576.0,4099.0,1259.0,1758.0,1082.0,999.0,1003.0,1002.0,1025.0,1071.0,1064.0,3601.0,3024.0,2876.0,1259.0,1758.0,1082.0,999.0,1003.0,1002.0
0.0,7917.0,3110.0,3006.0,2499.0,4718.0,1912.0,1809.0,997.0,1000.0,1004.0,1002.0,1040.0,1027.0,1043.0,2737.0,2254.0,2926.0,1912.0,1809.0,997.0,1000.0,1004.0,1002.0
0.0,7306.0,3076.0,3009.0,4099.0,3707.0,1672.0,1097.0,938.0,1001.0,1005.0,1003.0,1015.0,1042.0,1019.0,2088.0,2207.0,3011.0,1672.0,1097.0,938.0,1001.0,1005.0,1003.0
0.0,8329.0,3180.0,3012.0,4718.0,2181.0,822.0,354.0,1005.0,1002.0,1006.0,1004.0,1058.0,1062.0,1060.0,2332.0,2923.0,3074.0,822.0,354.0,1005.0,1002.0,1006.0,1004.0
0.0,9867.0,3079.0,3016.0,3707.0,1569.0,153.0,298.0,1118.0,1003.0,1008.0,1005.0,999.0,1033.0,1047.0,3186.0,3670.0,3011.0,153.0,298.0,1118.0,1003.0,1008.0,1005.0
0.0,10495.0,3097.0,3016.0,2181.0,2485.0,338.0,986.0,1161.0,1003.0,1008.0,1005.0,1007.0,1042.0,1048.0,3859.0,3734.0,2902.0,338.0,986.0,1161.0,1003.0,1008.0,1005.0
0.0,9579.0,3133.0,3021.0,1569.0,4069.0,1200.0,1761.0,1108.0,1004.0,1010.0,1007.0,1011.0,1065.0,1057.0,3674.0,3046.0,2859.0,1200.0,1761.0,1108.0,1004.0,1010.0,1007.0
0.0,8015.0,3127.0,3023.0,2485.0,4719.0,1874.0,1820.0,1025.0,1004.0,1011.0,1008.0,1012.0,1041.0,1074.0,2816.0,2279.0,2920.0,1874.0,1820.0,1025.0,1004.0,1011.0,1008.0
0.0,7373.0,3006.0,3026.0,4069.0,3668.0,1665.0,1057.0,946.0,1005.0,1012.0,1009.0,987.0,994.0,1025.0,2142.0,2224.0,3007.0,1665.0,1057.0,946.0,1005.0,1012.0,1009.0
0.0,8436.0,3224.0,3029.0,4719.0,2185.0,874.0,298.0,1013.0,1006.0,1013.0,1010.0,1079.0,1057.0,1088.0,2355.0,2991.0,3090.0,874.0,298.0,1013.0,1006.0,1013.0,1010.0
0.0,9931.0,3083.0,3030.0,3668.0,1604.0,215.0,280.0,1109.0,1006.0,1014.0,1010.0,1006.0,1035.0,1042.0,3150.0,3754.0,3027.0,215.0,280.0,1109.0,1006.0,1014.0,1010.0
0.0,10516.0,3034.0,3030.0,2185.0,2453.0,375.0,982.0,1096.0,1007.0,1013.0,1010.0,1030.0,1004.0,1000.0,3809.0,3776.0,2931.0,375.0,982.0,1096.0,1007.0,1013.0,1010.0
0.0,9667.0,3122.0,3033.0,1604.0,3983.0,1195.0,1739.0,1049.0,1008.0,1014.0,1011.0,1031.0,1033.0,1058.0,3653.0,3070.0,2944.0,1195.0,1739.0,1049.0,1008.0,1014.0,1011.0
0.0,8149.0,3120.0,3037.0,2453.0,4666.0,1849.0,1796.0,1021.0,1009.0,1015.0,1013.0,1025.0,1035.0,1060.0,2837.0,2317.0,2995.0,1849.0,1796.0,1021.0,1009.0,1015.0,1013.0
0.0,7482.0,3145.0,3040.0,3983.0,3840.0,1710.0,1100.0,1030.0,1010.0,1016.0,1014.0,1052.0,1039.0,1054.0,2187.0,2264.0,3031.0,1710.0,1100.0,1030.0,1010.0,1016.0,1014.0
0.0,8320.0,2948.0,3041.0,4666.0,2126.0,840.0,263.0,1023.0,1011.0,1015.0,1015.0,975.0,963.0,1010.0,2330.0,2964.0,3026.0,840.0,263.0,1023.0,1011.0,1015.0,1015.0
0.0,10038.0,3056.0,3043.0,3840.0,1350.0,138.0,182.0,1030.0,1011.0,1016.0,1016.0,1008.0,1015.0,1033.0,3204.0,3797.0,3037.0,138.0,182.0,1030.0,1011.0,1016.0,1016.0
0.0,10822.0,3091.0,3042.0,2126.0,2311.0,336.0,927.0,1048.0,1011.0,1015.0,1016.0,1038.0,1012.0,1041.0,3906.0,3882.0,3034.0,336.0,927.0,1048.0,1011.0,1015.0,1016.0
0.0,9857.0,3081.0,3040.0,1350.0,4034.0,1255.0,1748.0,1031.0,1011.0,1014.0,1015.0,1057.0,1007.0,1017.0,3708.0,3133.0,3016.0,1255.0,1748.0,1031.0,1011.0,1014.0,1015.0
0.0,8126.0,3111.0,3042.0,2311.0,4842.0,1962.0,1841.0,1039.0,1012.0,1014.0,1016.0,1039.0,1020.0,1052.0,2789.0,2308.0,3029.0,1962.0,1841.0,1039.0,1012.0,1014.0,1016.0
0.0,7326.0,3093.0,3046.0,4034.0,3917.0,1730.0,1134.0,1053.0,1014.0,1015.0,1017.0,1015.0,1037.0,1041.0,2086.0,2215.0,3025.0,1730.0,1134.0,1053.0,1014.0,1015.0,1017.0
0.0,8267.0,3114.0,3048.0,4842.0,2197.0,811.0,334.0,1052.0,1014.0,1016.0,1018.0,1043.0,1037.0,1034.0,2326.0,2926.0,3015.0,811.0,334.0,1052.0,1014.0,1016.0,1018.0
0.0,9995.0,3007.0,3047.0,3917.0,1283.0,93.0,187.0,1003.0,1014.0,1015.0,1018.0,1012.0,991.0,1004.0,3245.0,3730.0,3020.0,93.0,187.0,1003.0,1014.0,1015.0,1018.0
0.0,10905.0,3163.0,3051.0,2197.0,2265.0,339.0,918.0,1008.0,1015.0,1016.0,1020.0,1053.0,1061.0,1049.0,3963.0,3873.0,3069.0,339.0,918.0,1008.0,1015.0,1016.0,1020.0
0.0,9939.0,3004.0,3050.0,1283.0,3982.0,1250.0,1732.0,1000.0,1015.0,1016.0,1019.0,1004.0,1001.0,999.0,3721.0,3146.0,3072.0,1250.0,1732.0,1000.0,1015.0,1016.0,1019.0
0.0,8218.0,3006.0,3051.0,2265.0,4727.0,1926.0,1819.0,982.0,1015.0,1017.0,1019.0,1015.0,1001.0,990.0,2810.0,2332.0,3076.0,1926.0,1819.0,982.0,1015.0,1017.0,1019.0
0.0,7477.0,3126.0,3054.0,3982.0,3883.0,1726.0,1127.0,1030.0,1016.0,1018.0,1020.0,1046.0,1036.0,1044.0,2134.0,2249.0,3094.0,1726.0,1127.0,1030.0,1016.0,1018.0,1020.0
0.0,8333.0,3042.0,3056.0,4727.0,2206.0,824.0,322.0,1060.0,1016.0,1019.0,1021.0,1024.0,1010.0,1008.0,2338.0,2945.0,3050.0,824.0,322.0,1060.0,1016.0,1019.0,1021.0
0.0,10018.0,3071.0,3060.0,3883.0,1410.0,137.0,239.0,1034.0,1018.0,1020.0,1022.0,1031.0,1040.0,1000.0,3240.0,3754.0,3024.0,137.0,239.0,1034.0,1018.0,1020.0,1022.0
0.0,10830.0,3084.0,3060.0,2206.0,2288.0,354.0,964.0,970.0,1019.0,1020.0,1021.0,1037.0,1047.0,1000.0,3935.0,3841.0,3054.0,354.0,964.0,970.0,1019.0,1020.0,1021.0
0.0,9952.0,3056.0,3059.0,1410.0,3930.0,1235.0,1744.0,951.0,1018.0,1020.0,1021.0,1022.0,1019.0,1015.0,3722.0,3116.0,3114.0,1235.0,1744.0,951.0,1018.0,1020.0,1021.0
0.0,8306.0,3041.0,3060.0,2288.0,4687.0,1913.0,1784.0,990.0,1019.0,1020.0,1021.0,1028.0,1004.0,1009.0,2837.0,2336.0,3133.0,1913.0,1784.0,990.0,1019.0,1020.0,1021.0
0.0,7553.0,3052.0,3061.0,3930.0,3813.0,1704.0,1055.0,1054.0,1019.0,1020.0,1022.0,1026.0,1015.0,1011.0,2163.0,2296.0,3094.0,1704.0,1055.0,1054.0,1019.0,1020.0,1022.0
0.0,8431.0,2920.0,3062.0,4687.0,2050.0,733.0,273.0,1044.0,1019.0,1020.0,1023.0,942.0,1002.0,976.0,2372.0,3025.0,3034.0,733.0,273.0,1044.0,1019.0,1020.0,1023.0
0.0,10198.0,3164.0,3066.0,3813.0,1417.0,75.0,302.0,1040.0,1020.0,1022.0,1024.0,1042.0,1076.0,1046.0,3343.0,3807.0,3048.0,75.0,302.0,1040.0,1020.0,1022.0,1024.0
0.0,10847.0,2987.0,3067.0,2050.0,2358.0,310.0,1050.0,998.0,1020.0,1023.0,1024.0,968.0,1017.0,1002.0,4005.0,3786.0,3056.0,310.0,1050.0,998.0,1020.0,1023.0,1024.0
0.0,9910.0,3164.0,3071.0,1417.0,4121.0,1291.0,1822.0,1008.0,1022.0,1024.0,1025.0,1048.0,1070.0,1046.0,3770.0,3042.0,3098.0,1291.0,1822.0,1008.0,1022.0,1024.0,1025.0
0.0,8163.0,3061.0,3074.0,2358.0,4836.0,2002.0,1818.0,1016.0,1022.0,1026.0,1026.0,1021.0,1038.0,1002.0,2797.0,2274.0,3092.0,2002.0,1818.0,1016.0,1022.0,1026.0,1026.0
0.0,7460.0,3083.0,3077.0,4121.0,3810.0,1725.0,1046.0,1039.0,1023.0,1027.0,1027.0,1010.0,1046.0,1027.0,2086.0,2286.0,3088.0,1725.0,1046.0,1039.0,1023.0,1027.0,1027.0
0.0,8498.0,3109.0,3080.0,4836.0,2095.0,762.0,265.0,1068.0,1024.0,1028.0,1028.0,1035.0,1033.0,1041.0,2367.0,3062.0,3069.0,762.0,265.0,1068.0,1024.0,1028.0,1028.0
0.0,10225.0,3126.0,3083.0,3810.0,1423.0,94.0,260.0,1069.0,1025.0,1029.0,1029.0,1053.0,1037.0,1036.0,3334.0,3847.0,3044.0,94.0,260.0,1069.0,1025.0,1029.0,1029.0
0.0,10909.0,3058.0,3082.0,2095.0,2382.0,332.0,1009.0,1041.0,1025.0,1028.0,1029.0,1000.0,1018.0,1040.0,4006.0,3856.0,3047.0,332.0,1009.0,1041.0,1025.0,1028.0,1029.0
0.0,9946.0,3089.0,3081.0,1423.0,4044.0,1258.0,1776.0,1010.0,1024.0,1028.0,1029.0,1024.0,1027.0,1038.0,3768.0,3103.0,3075.0,1258.0,1776.0,1010.0,1024.0,1028.0,1029.0
0.0,8280.0,3120.0,3083.0,2382.0,4790.0,1978.0,1812.0,1000.0,1025.0,1029.0,1029.0,1048.0,1041.0,1031.0,2838.0,2336.0,3106.0,1978.0,1812.0,1000.0,1025.0,1029.0,1029.0
0.0,7542.0,3125.0,3084.0,4044.0,3875.0,1768.0,1073.0,1034.0,1025.0,1029.0,1030.0,1048.0,1037.0,1040.0,2122.0,2304.0,3116.0,1768.0,1073.0,1034.0,1025.0,1029.0,1030.0
0.0,8461.0,3108.0,3086.0,4790.0,2201.0,814.0,300.0,1087.0,1025.0,1030.0,1031.0,1024.0,1035.0,1049.0,2332.0,3043.0,3086.0,814.0,300.0,1087.0,1025.0,1030.0,1031.0
0.0,10143.0,3096.0,3088.0,3875.0,1430.0,99.0,231.0,1100.0,1026.0,1030.0,1032.0,1049.0,1004.0,1043.0,3286.0,3820.0,3037.0,99.0,231.0,1100.0,1026.0,1030.0,1032.0
0.0,10922.0,3049.0,3087.0,2201.0,2274.0,315.0,941.0,1018.0,1026.0,1030.0,1031.0,1030.0,1010.0,1009.0,4005.0,3889.0,3028.0,315.0,941.0,1018.0,1026.0,1030.0,1031.0
0.0,10074.0,3194.0,3086.0,1430.0,4034.0,1283.0,1747.0,1004.0,1025.0,1029.0,1032.0,1071.0,1041.0,1082.0,3789.0,3179.0,3106.0,1283.0,1747.0,1004.0,1025.0,1029.0,1032.0
0.0,8310.0,3247.0,3088.0,2274.0,5015.0,2059.0,1900.0,1056.0,1026.0,1030.0,1032.0,1087.0,1090.0,1070.0,2817.0,2369.0,3124.0,2059.0,1900.0,1056.0,1026.0,1030.0,1032.0
0.0,7337.0,3097.0,3090.0,4034.0,4086.0,1823.0,1154.0,1109.0,1027.0,1030.0,1033.0,1043.0,1001.0,1053.0,2045.0,2220.0,3072.0,1823.0,1154.0,1109.0,1027.0,1030.0,1033.0
0.0,8274.0,3170.0,3092.0,5015.0,2249.0,845.0,296.0,1108.0,1028.0,1030.0,1034.0,1077.0,1042.0,1051.0,2285.0,2966.0,3023.0,845.0,296.0,1108.0,1028.0,1030.0,1034.0
0.0,10119.0,3130.0,3092.0,4086.0,1293.0,67.0,168.0,1058.0,1029.0,1029.0,1034.0,1041.0,1030.0,1059.0,3267.0,3824.0,3028.0,67.0,168.0,1058.0,1029.0,1029.0,1034.0
0.0,11075.0,3121.0,3091.0,2249.0,2161.0,251.0,911.0,999.0,1028.0,1029.0,1034.0,1033.0,1039.0,1049.0,4049.0,3948.0,3078.0,251.0,911.0,999.0,1028.0,1029.0,1034.0
0.0,10203.0,3107.0,3093.0,1293.0,3983.0,1231.0,1749.0,1003.0,1029.0,1029.0,1035.0,1043.0,1006.0,1058.0,3861.0,3205.0,3137.0,1231.0,1749.0,1003.0,1029.0,1029.0,1035.0
0.0,8389.0,3009.0,3090.0,2161.0,4819.0,1957.0,1848.0,1014.0,1028.0,1028.0,1034.0,981.0,1014.0,1014.0,2885.0,2367.0,3137.0,1957.0,1848.0,1014.0,1028.0,1028.0,1034.0
0.0,7541.0,3177.0,3091.0,3983.0,4017.0,1792.0,1158.0,1067.0,1029.0,1028.0,1034.0,1062.0,1059.0,1056.0,2155.0,2264.0,3122.0,1792.0,1158.0,1067.0,1029.0,1028.0,1034.0
0.0,8347.0,3173.0,3093.0,4819.0,2379.0,891.0,355.0,1133.0,1030.0,1028.0,1035.0,1052.0,1045.0,1076.0,2324.0,2954.0,3069.0,891.0,355.0,1133.0,1030.0,1028.0,1035.0
0.0,9993.0,3030.0,3090.0,4017.0,1380.0,96.0,187.0,1097.0,1029.0,1027.0,1034.0,1001.0,994.0,1035.0,3229.0,3757.0,3007.0,96.0,187.0,1097.0,1029.0,1027.0,1034.0
0.0,10980.0,3057.0,3089.0,2379.0,2054.0,216.0,851.0,987.0,1029.0,1027.0,1033.0,1011.0,1019.0,1027.0,4020.0,3921.0,3039.0,216.0,851.0,987.0,1029.0,1027.0,1033.0
0.0,10302.0,3085.0,3091.0,1380.0,3767.0,1144.0,1686.0,937.0,1030.0,1027.0,1034.0,1020.0,1022.0,1043.0,3900.0,3257.0,3145.0,1144.0,1686.0,937.0,1030.0,1027.0,1034.0
0.0,8597.0,3081.0,3088.0,2054.0,4782.0,1943.0,1842.0,997.0,1029.0,1026.0,1033.0,1019.0,1011.0,1051.0,2976.0,2422.0,3199.0,1943.0,1842.0,997.0,1029.0,1026.0,1033.0
0.0,7570.0,3067.0,3088.0,3767.0,4082.0,1813.0,1168.0,1101.0,1029.0,1026.0,1033.0,1014.0,1012.0,1041.0,2173.0,2262.0,3135.0,1813.0,1168.0,1101.0,1029.0,1026.0,1033.0
0.0,8270.0,3053.0,3088.0,4782.0,2353.0,895.0,348.0,1110.0,1029.0,1026.0,1033.0,1025.0,1022.0,1006.0,2303.0,2936.0,3031.0,895.0,348.0,1110.0,1029.0,1026.0,1033.0
0.0,9999.0,3120.0,3088.0,4082.0,1391.0,114.0,213.0,1064.0,1029.0,1026.0,1033.0,1032.0,1033.0,1055.0,3221.0,3756.0,3022.0,114.0,213.0,1064.0,1029.0,1026.0,1033.0
0.0,10961.0,3129.0,3089.0,2353.0,2171.0,245.0,922.0,1004.0,1029.0,1027.0,1033.0,1026.0,1053.0,1050.0,4002.0,3891.0,3068.0,245.0,922.0,1004.0,1029.0,1027.0,1033.0
0.0,10185.0,3155.0,3089.0,1391.0,3935.0,1171.0,1770.0,994.0,1029.0,1027.0,1033.0,1040.0,1061.0,1054.0,3871.0,3186.0,3128.0,1171.0,1770.0,994.0,1029.0,1027.0,1033.0
0.0,8421.0,3118.0,3092.0,2171.0,4894.0,1974.0,1884.0,1036.0,1030.0,1028.0,1034.0,1044.0,1032.0,1042.0,2945.0,2338.0,3138.0,1974.0,1884.0,1036.0,1030.0,1028.0,1034.0
0.0,7474.0,3110.0,3094.0,3935.0,4077.0,1855.0,1149.0,1073.0,1031.0,1029.0,1034.0,1048.0,1031.0,1031.0,2146.0,2228.0,3100.0,1855.0,1149.0,1073.0,1031.0,1029.0,1034.0
0.0,8299.0,3225.0,3096.0,4894.0,2416.0,962.0,360.0,1094.0,1032.0,1030.0,1034.0,1077.0,1091.0,1057.0,2269.0,2967.0,3063.0,962.0,360.0,1094.0,1032.0,1030.0,1034.0
0.0,9968.0,3117.0,3096.0,4077.0,1456.0,161.0,236.0,1059.0,1032.0,1030.0,1034.0,1054.0,1025.0,1038.0,3166.0,3760.0,3042.0,161.0,236.0,1059.0,1032.0,1030.0,1034.0
0.0,10928.0,3253.0,3099.0,2416.0,2305.0,295.0,990.0,1020.0,1033.0,1032.0,1034.0,1092.0,1106.0,1055.0,3967.0,3884.0,3077.0,295.0,990.0,1020.0,1033.0,1032.0,1034.0
0.0,10091.0,3076.0,3099.0,1456.0,3925.0,1160.0,1800.0,965.0,1033.0,1032.0,1034.0,1026.0,1046.0,1004.0,3837.0,3138.0,3116.0,1160.0,1800.0,965.0,1033.0,1032.0,1034.0
0.0,8471.0,3165.0,3099.0,2305.0,4785.0,1943.0,1880.0,962.0,1033.0,1033.0,1033.0,1078.0,1066.0,1021.0,2972.0,2328.0,3171.0,1943.0,1880.0,962.0,1033.0,1033.0,1033.0
0.0,7611.0,3158.0,3102.0,3925.0,4030.0,1831.0,1149.0,1050.0,1034.0,1034.0,1034.0,1044.0,1065.0,1049.0,2189.0,2252.0,3170.0,1831.0,1149.0,1050.0,1034.0,1034.0,1034.0
0.0,8378.0,3171.0,3103.0,4785.0,2420.0,935.0,355.0,1130.0,1034.0,1035.0,1034.0,1047.0,1082.0,1042.0,2305.0,2987.0,3086.0,935.0,355.0,1130.0,1034.0,1035.0,1034.0
0.0,9992.0,3091.0,3104.0,4030.0,1485.0,128.0,246.0,1111.0,1034.0,1035.0,1035.0,1024.0,1040.0,1027.0,3201.0,3785.0,3006.0,128.0,246.0,1111.0,1034.0,1035.0,1035.0
0.0,10931.0,3222.0,3108.0,2420.0,2303.0,271.0,987.0,1045.0,1035.0,1037.0,1036.0,1074.0,1088.0,1060.0,4008.0,3894.0,3029.0,271.0,987.0,1045.0,1035.0,1037.0,1036.0
0.0,10129.0,3147.0,3110.0,1485.0,3973.0,1203.0,1811.0,959.0,1036.0,1038.0,1036.0,1056.0,1066.0,1025.0,3869.0,3161.0,3099.0,1203.0,1811.0,959.0,1036.0,1038.0,1036.0
0.0,8467.0,3125.0,3110.0,2303.0,4795.0,1973.0,1866.0,956.0,1036.0,1038.0,1036.0,1041.0,1042.0,1042.0,2941.0,2341.0,3185.0,1973.0,1866.0,956.0,1036.0,1038.0,1036.0
0.0,7645.0,3119.0,3112.0,3973.0,3949.0,1786.0,1126.0,1037.0,1036.0,1039.0,1037.0,1016.0,1067.0,1036.0,2171.0,2286.0,3188.0,1786.0,1126.0,1037.0,1036.0,1039.0,1037.0
0.0,8499.0,3151.0,3112.0,4795.0,2305.0,884.0,331.0,1090.0,1036.0,1039.0,1037.0,1071.0,1071.0,1009.0,2358.0,3030.0,3111.0,884.0,331.0,1090.0,1036.0,1039.0,1037.0
0.0,10143.0,3036.0,3112.0,3949.0,1392.0,126.0,226.0,1040.0,1036.0,1039.0,1037.0,1028.0,1021.0,987.0,3260.0,3825.0,3058.0,126.0,226.0,1040.0,1036.0,1039.0,1037.0
0.0,11056.0,3067.0,3113.0,2305.0,2158.0,256.0,942.0,960.0,1036.0,1040.0,1037.0,1014.0,1043.0,1010.0,4018.0,3930.0,3108.0,256.0,942.0,960.0,1036.0,1040.0,1037.0
0.0,10294.0,3096.0,3113.0,1392.0,3862.0,1167.0,1753.0,942.0,1036.0,1040.0,1037.0,1037.0,1037.0,1022.0,3888.0,3218.0,3188.0,1167.0,1753.0,942.0,1036.0,1040.0,1037.0
0.0,8590.0,3208.0,3119.0,2158.0,4936.0,1968.0,1891.0,1077.0,1038.0,1042.0,1039.0,1049.0,1072.0,1087.0,2977.0,2407.0,3206.0,1968.0,1891.0,1077.0,1038.0,1042.0,1039.0
0.0,7540.0,3192.0,3120.0,3862.0,4270.0,1865.0,1205.0,1200.0,1039.0,1042.0,1039.0,1060.0,1067.0,1065.0,2184.0,2277.0,3079.0,1865.0,1205.0,1200.0,1039.0,1042.0,1039.0
0.0,8210.0,3198.0,3124.0,4936.0,2548.0,969.0,393.0,1186.0,1041.0,1043.0,1040.0,1064.0,1075.0,1059.0,2291.0,2963.0,2956.0,969.0,393.0,1186.0,1041.0,1043.0,1040.0
0.0,9948.0,3135.0,3123.0,4270.0,1409.0,132.0,259.0,1018.0,1040.0,1043.0,1040.0,1032.0,1071.0,1032.0,3195.0,3779.0,2974.0,132.0,259.0,1018.0,1040.0,1043.0,1040.0
0.0,11083.0,3246.0,3127.0,2548.0,2123.0,264.0,937.0,922.0,1042.0,1043.0,1042.0,1093.0,1071.0,1082.0,4028.0,3913.0,3142.0,264.0,937.0,922.0,1042.0,1043.0,1042.0
0.0,10385.0,3086.0,3127.0,1409.0,3800.0,1158.0,1704.0,938.0,1042.0,1043.0,1042.0,1026.0,1026.0,1034.0,3904.0,3235.0,3246.0,1158.0,1704.0,938.0,1042.0,1043.0,1042.0
0.0,8708.0,3065.0,3126.0,2123.0,4738.0,1918.0,1789.0,1031.0,1042.0,1043.0,1041.0,1024.0,1022.0,1019.0,3010.0,2468.0,3230.0,1918.0,1789.0,1031.0,1042.0,1043.0,1041.0
0.0,7766.0,3056.0,3124.0,3800.0,3986.0,1780.0,1083.0,1123.0,1041.0,1042.0,1041.0,1024.0,1002.0,1030.0,2250.0,2383.0,3133.0,1780.0,1083.0,1123.0,1041.0,1042.0,1041.0
0.0,8510.0,3115.0,3125.0,4738.0,2367.0,914.0,312.0,1141.0,1042.0,1042.0,1041.0,1048.0,1018.0,1049.0,2384.0,3085.0,3041.0,914.0,312.0,1141.0,1042.0,1042.0,1041.0
0.0,10133.0,3124.0,3126.0,3986.0,1509.0,159.0,269.0,1081.0,1042.0,1042.0,1042.0,1025.0,1040.0,1059.0,3254.0,3856.0,3023.0,159.0,269.0,1081.0,1042.0,1042.0,1042.0
0.0,10995.0,3236.0,3129.0,2367.0,2390.0,330.0,1043.0,1017.0,1043.0,1043.0,1043.0,1081.0,1082.0,1073.0,4009.0,3899.0,3087.0,330.0,1043.0,1017.0,1043.0,1043.0,1043.0
0.0,10126.0,3189.0,3130.0,1509.0,4074.0,1229.0,1838.0,1007.0,1043.0,1044.0,1043.0,1058.0,1060.0,1071.0,3842.0,3129.0,3155.0,1229.0,1838.0,1007.0,1043.0,1044.0,1043.0
0.0,8446.0,3293.0,3133.0,2390.0,4989.0,1996.0,1900.0,1093.0,1044.0,1045.0,1044.0,1093.0,1101.0,1099.0,2943.0,2338.0,3165.0,1996.0,1900.0,1093.0,1044.0,1045.0,1044.0
0.0,7543.0,3179.0,3136.0,4074.0,4106.0,1835.0,1109.0,1162.0,1045.0,1046.0,1045.0,1064.0,1043.0,1072.0,2180.0,2280.0,3083.0,1835.0,1109.0,1162.0,1045.0,1046.0,1045.0
0.0,8438.0,3238.0,3138.0,4989.0,2363.0,943.0,260.0,1160.0,1046.0,1046.0,1046.0,1100.0,1051.0,1087.0,2345.0,3075.0,3018.0,943.0,260.0,1160.0,1046.0,1046.0,1046.0
0.0,10189.0,3197.0,3138.0,4106.0,1454.0,170.0,191.0,1093.0,1046.0,1046.0,1046.0,1062.0,1040.0,1095.0,3241.0,3924.0,3024.0,170.0,191.0,1093.0,1046.0,1046.0,1046.0
0.0,11098.0,3198.0,3138.0,2363.0,2289.0,278.0,993.0,1018.0,1045.0,1046.0,1047.0,1055.0,1062.0,1081.0,4014.0,3993.0,3091.0,278.0,993.0,1018.0,1045.0,1046.0,1047.0
0.0,10263.0,3242.0,3140.0,1454.0,4085.0,1194.0,1882.0,1009.0,1046.0,1047.0,1047.0,1082.0,1076.0,1084.0,3902.0,3191.0,3170.0,1194.0,1882.0,1009.0,1046.0,1047.0,1047.0
0.0,8475.0,3133.0,3140.0,2289.0,4929.0,1951.0,1963.0,1015.0,1045.0,1048.0,1047.0,1039.0,1070.0,1024.0,2990.0,2306.0,3179.0,1951.0,1963.0,1015.0,1045.0,1048.0,1047.0
0.0,7631.0,3234.0,3142.0,4085.0,4086.0,1830.0,1162.0,1094.0,1046.0,1049.0,1047.0,1069.0,1077.0,1088.0,2229.0,2229.0,3173.0,1830.0,1162.0,1094.0,1046.0,1049.0,1047.0
0.0,8482.0,3236.0,3145.0,4929.0,2405.0,957.0,291.0,1157.0,1047.0,1050.0,1048.0,1074.0,1088.0,1074.0,2354.0,3034.0,3094.0,957.0,291.0,1157.0,1047.0,1050.0,1048.0
0.0,10175.0,3299.0,3148.0,4086.0,1630.0,199.0,255.0,1176.0,1047.0,1052.0,1049.0,1072.0,1118.0,1109.0,3231.0,3909.0,3035.0,199.0,255.0,1176.0,1047.0,1052.0,1049.0
0.0,10962.0,3292.0,3153.0,2405.0,2537.0,329.0,1067.0,1141.0,1049.0,1053.0,1051.0,1079.0,1099.0,1114.0,3989.0,3953.0,3020.0,329.0,1067.0,1141.0,1049.0,1053.0,1051.0
0.0,10075.0,3328.0,3156.0,1630.0,4247.0,1216.0,1956.0,1075.0,1049.0,1055.0,1052.0,1086.0,1136.0,1106.0,3867.0,3145.0,3063.0,1216.0,1956.0,1075.0,1049.0,1055.0,1052.0
0.0,8377.0,3223.0,3157.0,2537.0,4937.0,1950.0,1993.0,994.0,1050.0,1056.0,1051.0,1059.0,1100.0,1064.0,2980.0,2264.0,3133.0,1950.0,1993.0,994.0,1050.0,1056.0,1051.0
0.0,7691.0,3228.0,3161.0,4247.0,3934.0,1812.0,1134.0,988.0,1051.0,1058.0,1052.0,1074.0,1089.0,1065.0,2250.0,2231.0,3210.0,1812.0,1134.0,988.0,1051.0,1058.0,1052.0
0.0,8710.0,3283.0,3165.0,4937.0,2296.0,966.0,237.0,1093.0,1053.0,1059.0,1053.0,1096.0,1092.0,1095.0,2392.0,3098.0,3220.0,966.0,237.0,1093.0,1053.0,1059.0,1053.0
0.0,10364.0,3245.0,3169.0,3934.0,1623.0,243.0,207.0,1173.0,1054.0,1061.0,1054.0,1085.0,1096.0,1064.0,3246.0,3999.0,3119.0,243.0,207.0,1173.0,1054.0,1061.0,1054.0
0.0,11053.0,3232.0,3171.0,2296.0,2567.0,342.0,1076.0,1149.0,1055.0,1062.0,1054.0,1061.0,1102.0,1069.0,3973.0,4037.0,3043.0,342.0,1076.0,1149.0,1055.0,1062.0,1054.0
0.0,10117.0,3158.0,3173.0,1623.0,4110.0,1133.0,1945.0,1032.0,1055.0,1064.0,1054.0,1034.0,1068.0,1056.0,3878.0,3172.0,3067.0,1133.0,1945.0,1032.0,1055.0,1064.0,1054.0
0.0,8582.0,3231.0,3177.0,2567.0,4790.0,1846.0,1983.0,961.0,1056.0,1065.0,1056.0,1051.0,1110.0,1070.0,3087.0,2311.0,3184.0,1846.0,1983.0,961.0,1056.0,1065.0,1056.0
0.0,7918.0,3261.0,3179.0,4110.0,3949.0,1773.0,1160.0,1016.0,1056.0,1067.0,1056.0,1060.0,1114.0,1087.0,2378.0,2277.0,3263.0,1773.0,1160.0,1016.0,1056.0,1067.0,1056.0
0.0,8767.0,3141.0,3179.0,4790.0,2300.0,965.0,244.0,1091.0,1056.0,1067.0,1056.0,1038.0,1067.0,1036.0,2451.0,3108.0,3208.0,965.0,244.0,1091.0,1056.0,1067.0,1056.0
0.0,10416.0,3265.0,3182.0,3949.0,1628.0,276.0,187.0,1165.0,1057.0,1068.0,1057.0,1080.0,1099.0,1086.0,3259.0,4024.0,3133.0,276.0,187.0,1165.0,1057.0,1068.0,1057.0
0.0,11100.0,3227.0,3184.0,2300.0,2563.0,395.0,1028.0,1140.0,1058.0,1069.0,1057.0,1080.0,1081.0,1066.0,3952.0,4085.0,3063.0,395.0,1028.0,1140.0,1058.0,1069.0,1057.0
0.0,10173.0,3221.0,3186.0,1628.0,4164.0,1179.0,1927.0,1058.0,1058.0,1070.0,1058.0,1060.0,1082.0,1079.0,3837.0,3248.0,3088.0,1179.0,1927.0,1058.0,1058.0,1070.0,1058.0
0.0,8580.0,3248.0,3185.0,2563.0,4845.0,1880.0,1963.0,1002.0,1058.0,1069.0,1058.0,1096.0,1068.0,1084.0,3053.0,2353.0,3174.0,1880.0,1963.0,1002.0,1058.0,1069.0,1058.0
0.0,7895.0,3213.0,3188.0,4164.0,3906.0,1798.0,1114.0,994.0,1059.0,1070.0,1059.0,1093.0,1074.0,1046.0,2352.0,2313.0,3230.0,1798.0,1114.0,994.0,1059.0,1070.0,1059.0
0.0,8846.0,3091.0,3185.0,4845.0,2140.0,992.0,170.0,978.0,1059.0,1069.0,1057.0,1074.0,1023.0,994.0,2438.0,3166.0,3242.0,992.0,170.0,978.0,1059.0,1069.0,1057.0
0.0,10600.0,3185.0,3187.0,3906.0,1427.0,274.0,112.0,1041.0,1060.0,1069.0,1058.0,1076.0,1056.0,1053.0,3244.0,4106.0,3250.0,274.0,112.0,1041.0,1060.0,1069.0,1058.0
0.0,11321.0,3157.0,3187.0,2140.0,2444.0,358.0,974.0,1112.0,1060.0,1068.0,1059.0,1076.0,1036.0,1045.0,3966.0,4164.0,3191.0,358.0,974.0,1112.0,1060.0,1068.0,1059.0
0.0,10304.0,3204.0,3187.0,1427.0,4221.0,1165.0,1907.0,1149.0,1060.0,1068.0,1059.0,1081.0,1045.0,1078.0,3882.0,3298.0,3124.0,1165.0,1907.0,1149.0,1060.0,1068.0,1059.0
0.0,8527.0,3286.0,3190.0,2444.0,5075.0,1940.0,2012.0,1123.0,1062.0,1068.0,1060.0,1125.0,1079.0,1082.0,3075.0,2365.0,3087.0,1940.0,2012.0,1123.0,1062.0,1068.0,1060.0
0.0,7685.0,3044.0,3189.0,4221.0,3894.0,1807.0,1088.0,999.0,1062.0,1067.0,1060.0,1032.0,987.0,1025.0,2308.0,2260.0,3117.0,1807.0,1088.0,999.0,1062.0,1067.0,1060.0
0.0,8862.0,3110.0,3187.0,5075.0,1921.0,921.0,87.0,913.0,1062.0,1065.0,1060.0,1054.0,1019.0,1037.0,2441.0,3180.0,3241.0,921.0,87.0,913.0,1062.0,1065.0,1060.0
0.0,10827.0,3203.0,3188.0,3894.0,1234.0,200.0,37.0,997.0,1062.0,1065.0,1061.0,1086.0,1038.0,1079.0,3327.0,4173.0,3327.0,200.0,37.0,997.0,1062.0,1065.0,1061.0
0.0,11518.0,3201.0,3190.0,1921.0,2522.0,394.0,984.0,1144.0,1064.0,1065.0,1061.0,1107.0,1034.0,1060.0,4048.0,4223.0,3247.0,394.0,984.0,1144.0,1064.0,1065.0,1061.0
0.0,10238.0,3264.0,3192.0,1234.0,4560.0,1287.0,2024.0,1249.0,1065.0,1065.0,1062.0,1089.0,1077.0,1098.0,3862.0,3276.0,3100.0,1287.0,2024.0,1249.0,1065.0,1065.0,1062.0
0.0,8208.0,3171.0,3192.0,2522.0,5209.0,1934.0,2095.0,1180.0,1064.0,1065.0,1063.0,1045.0,1055.0,1071.0,2973.0,2236.0,2999.0,1934.0,2095.0,1180.0,1064.0,1065.0,1063.0
0.0,7559.0,3211.0,3196.0,4560.0,3876.0,1701.0,1151.0,1024.0,1065.0,1066.0,1065.0,1050.0,1076.0,1085.0,2322.0,2165.0,3072.0,1701.0,1151.0,1024.0,1065.0,1066.0,1065.0
0.0,8908.0,3112.0,3197.0,5209.0,1783.0,826.0,68.0,889.0,1066.0,1065.0,1066.0,1055.0,1016.0,1041.0,2559.0,3113.0,3236.0,826.0,68.0,889.0,1066.0,1065.0,1066.0
0.0,11005.0,3227.0,3199.0,3876.0,1142.0,197.0,6.0,939.0,1066.0,1066.0,1067.0,1072.0,1085.0,1070.0,3438.0,4192.0,3375.0,197.0,6.0,939.0,1066.0,1066.0,1067.0
0.0,11654.0,3155.0,3199.0,1783.0,2514.0,390.0,998.0,1126.0,1066.0,1066.0,1067.0,1019.0,1060.0,1076.0,4067.0,4258.0,3329.0,390.0,998.0,1126.0,1066.0,1066.0,1067.0
0.0,10282.0,3179.0,3198.0,1142.0,4547.0,1252.0,2029.0,1266.0,1066.0,1065.0,1067.0,1059.0,1041.0,1079.0,3874.0,3266.0,3142.0,1252.0,2029.0,1266.0,1066.0,1065.0,1067.0
0.0,8245.0,3251.0,3200.0,2514.0,5292.0,1935.0,2123.0,1234.0,1066.0,1066.0,1068.0,1073.0,1088.0,1090.0,3012.0,2231.0,3002.0,1935.0,2123.0,1234.0,1066.0,1066.0,1068.0
0.0,7508.0,3125.0,3199.0,4547.0,3866.0,1709.0,1135.0,1022.0,1066.0,1065.0,1068.0,1026.0,1045.0,1054.0,2329.0,2141.0,3038.0,1709.0,1135.0,1022.0,1066.0,1065.0,1068.0
0.0,8930.0,3267.0,3199.0,5292.0,1841.0,833.0,98.0,910.0,1065.0,1065.0,1069.0,1063.0,1086.0,1118.0,2555.0,3125.0,3250.0,833.0,98.0,910.0,1065.0,1065.0,1069.0
0.0,10955.0,3304.0,3203.0,3866.0,1295.0,219.0,63.0,1013.0,1066.0,1067.0,1070.0,1091.0,1092.0,1121.0,3427.0,4162.0,3366.0,219.0,63.0,1013.0,1066.0,1067.0,1070.0
0.0,11517.0,3180.0,3205.0,1841.0,2642.0,449.0,1027.0,1166.0,1067.0,1067.0,1071.0,1059.0,1062.0,1059.0,4045.0,4205.0,3267.0,449.0,1027.0,1166.0,1067.0,1067.0,1071.0
0.0,10178.0,3222.0,3209.0,1295.0,4585.0,1306.0,2039.0,1240.0,1068.0,1069.0,1072.0,1072.0,1067.0,1083.0,3819.0,3241.0,3118.0,1306.0,2039.0,1240.0,1068.0,1069.0,1072.0
0.0,8251.0,3302.0,3212.0,2642.0,5257.0,1960.0,2110.0,1187.0,1069.0,1070.0,1073.0,1099.0,1094.0,1109.0,2966.0,2237.0,3048.0,1960.0,2110.0,1187.0,1069.0,1070.0,1073.0
0.0,7591.0,3364.0,3217.0,4585.0,4056.0,1788.0,1185.0,1083.0,1071.0,1071.0,1075.0,1126.0,1110.0,1128.0,2316.0,2170.0,3105.0,1788.0,1185.0,1083.0,1071.0,1071.0,1075.0
0.0,8812.0,3378.0,3220.0,5257.0,2189.0,958.0,196.0,1035.0,1072.0,1072.0,1076.0,1126.0,1117.0,1135.0,2496.0,3099.0,3217.0,958.0,196.0,1035.0,1072.0,1072.0,1076.0
0.0,10691.0,3252.0,3221.0,4056.0,1389.0,252.0,100.0,1037.0,1072.0,1073.0,1076.0,1082.0,1085.0,1085.0,3330.0,4092.0,3269.0,252.0,100.0,1037.0,1072.0,1073.0,1076.0
0.0,11495.0,3293.0,3221.0,2189.0,2493.0,376.0,1001.0,1116.0,1072.0,1073.0,1076.0,1082.0,1097.0,1114.0,4036.0,4192.0,3267.0,376.0,1001.0,1116.0,1072.0,1073.0,1076.0
0.0,10391.0,3388.0,3225.0,1389.0,4508.0,1249.0,2022.0,1237.0,1073.0,1074.0,1078.0,1121.0,1117.0,1150.0,3912.0,3291.0,3188.0,1249.0,2022.0,1237.0,1073.0,1074.0,1078.0
0.0,8392.0,3394.0,3228.0,2493.0,5421.0,2016.0,2138.0,1267.0,1074.0,1075.0,1079.0,1139.0,1113.0,1142.0,3043.0,2274.0,3075.0,2016.0,2138.0,1267.0,1074.0,1075.0,1079.0
0.0,7491.0,3319.0,3231.0,4508.0,4244.0,1883.0,1236.0,1125.0,1075.0,1077.0,1079.0,1112.0,1112.0,1095.0,2280.0,2162.0,3049.0,1883.0,1236.0,1125.0,1075.0,1077.0,1079.0
0.0,8680.0,3370.0,3234.0,5421.0,2205.0,989.0,231.0,985.0,1076.0,1078.0,1080.0,1118.0,1129.0,1123.0,2417.0,3072.0,3191.0,989.0,231.0,985.0,1076.0,1078.0,1080.0
0.0,10731.0,3395.0,3236.0,4244.0,1364.0,254.0,126.0,984.0,1077.0,1079.0,1080.0,1144.0,1127.0,1124.0,3315.0,4081.0,3335.0,254.0,126.0,984.0,1077.0,1079.0,1080.0
0.0,11580.0,3266.0,3239.0,2205.0,2437.0,361.0,985.0,1091.0,1078.0,1079.0,1082.0,1092.0,1090.0,1084.0,4054.0,4190.0,3336.0,361.0,985.0,1091.0,1078.0,1079.0,1082.0
0.0,10519.0,3201.0,3239.0,1364.0,4274.0,1196.0,1927.0,1151.0,1079.0,1079.0,1081.0,1085.0,1068.0,1048.0,3951.0,3331.0,3237.0,1196.0,1927.0,1151.0,1079.0,1079.0,1081.0
0.0,8682.0,3252.0,3239.0,2437.0,5089.0,1909.0,2030.0,1150.0,1079.0,1079.0,1081.0,1074.0,1088.0,1090.0,3120.0,2389.0,3173.0,1909.0,2030.0,1150.0,1079.0,1079.0,1081.0
0.0,7867.0,3254.0,3238.0,4274.0,4065.0,1804.0,1187.0,1074.0,1079.0,1078.0,1081.0,1091.0,1088.0,1075.0,2407.0,2286.0,3174.0,1804.0,1187.0,1074.0,1079.0,1078.0,1081.0
0.0,8887.0,3279.0,3238.0,5089.0,2255.0,987.0,273.0,995.0,1079.0,1079.0,1080.0,1092.0,1112.0,1075.0,2512.0,3125.0,3250.0,987.0,273.0,995.0,1079.0,1079.0,1080.0
0.0,10697.0,3301.0,3237.0,4065.0,1487.0,274.0,180.0,1033.0,1079.0,1078.0,1080.0,1091.0,1098.0,1112.0,3329.0,4043.0,3325.0,274.0,180.0,1033.0,1079.0,1078.0,1080.0
0.0,11461.0,3308.0,3239.0,2255.0,2548.0,407.0,995.0,1146.0,1080.0,1078.0,1081.0,1116.0,1088.0,1104.0,4042.0,4132.0,3287.0,407.0,995.0,1146.0,1080.0,1078.0,1081.0
0.0,10408.0,3307.0,3240.0,1487.0,4372.0,1253.0,1924.0,1195.0,1081.0,1078.0,1081.0,1116.0,1109.0,1082.0,3913.0,3317.0,3178.0,1253.0,1924.0,1195.0,1081.0,1078.0,1081.0
0.0,8588.0,3323.0,3240.0,2548.0,5147.0,1955.0,2036.0,1156.0,1081.0,1078.0,1081.0,1109.0,1107.0,1107.0,3071.0,2388.0,3129.0,1955.0,2036.0,1156.0,1081.0,1078.0,1081.0
0.0,7813.0,3274.0,3242.0,4372.0,4057.0,1797.0,1201.0,1059.0,1082.0,1078.0,1082.0,1091.0,1089.0,1094.0,2369.0,2276.0,3168.0,1797.0,1201.0,1059.0,1082.0,1078.0,1082.0
0.0,8911.0,3160.0,3240.0,5147.0,2062.0,878.0,209.0,975.0,1081.0,1077.0,1082.0,1040.0,1048.0,1072.0,2531.0,3111.0,3269.0,878.0,209.0,975.0,1081.0,1077.0,1082.0
0.0,10898.0,3387.0,3245.0,4057.0,1412.0,206.0,138.0,1068.0,1083.0,1078.0,1084.0,1117.0,1126.0,1144.0,3446.0,4099.0,3353.0,206.0,138.0,1068.0,1083.0,1078.0,1084.0
0.0,11568.0,3275.0,3246.0,2062.0,2629.0,431.0,1021.0,1177.0,1084.0,1078.0,1084.0,1099.0,1092.0,1084.0,4126.0,4174.0,3268.0,431.0,1021.0,1177.0,1084.0,1078.0,1084.0
0.0,10355.0,3181.0,3244.0,1412.0,4390.0,1283.0,1936.0,1171.0,1084.0,1077.0,1083.0,1058.0,1057.0,1066.0,3905.0,3291.0,3159.0,1283.0,1936.0,1171.0,1084.0,1077.0,1083.0
0.0,8586.0,3321.0,3247.0,2629.0,5094.0,1966.0,2039.0,1089.0,1085.0,1078.0,1084.0,1110.0,1120.0,1091.0,3053.0,2372.0,3161.0,1966.0,2039.0,1089.0,1085.0,1078.0,1084.0
0.0,7894.0,3234.0,3247.0,4390.0,3938.0,1770.0,1189.0,979.0,1085.0,1078.0,1084.0,1087.0,1086.0,1061.0,2374.0,2273.0,3247.0,1770.0,1189.0,979.0,1085.0,1078.0,1084.0
0.0,9050.0,3232.0,3247.0,5094.0,2076.0,879.0,241.0,956.0,1085.0,1078.0,1084.0,1075.0,1091.0,1066.0,2570.0,3123.0,3357.0,879.0,241.0,956.0,1085.0,1078.0,1084.0
0.0,10912.0,3219.0,3248.0,3938.0,1361.0,194.0,125.0,1042.0,1086.0,1078.0,1084.0,1081.0,1073.0,1065.0,3461.0,4071.0,3380.0,194.0,125.0,1042.0,1086.0,1078.0,1084.0
0.0,11631.0,3348.0,3248.0,2076.0,2633.0,456.0,975.0,1202.0,1086.0,1078.0,1084.0,1141.0,1091.0,1116.0,4150.0,4187.0,3294.0,456.0,975.0,1202.0,1086.0,1078.0,1084.0
0.0,10359.0,3224.0,3249.0,1361.0,4500.0,1340.0,1917.0,1243.0,1086.0,1078.0,1085.0,1078.0,1067.0,1079.0,3888.0,3337.0,3134.0,1340.0,1917.0,1243.0,1086.0,1078.0,1085.0
0.0,8496.0,3259.0,3252.0,2633.0,5138.0,1992.0,2029.0,1117.0,1087.0,1079.0,1086.0,1104.0,1083.0,1072.0,3004.0,2395.0,3097.0,1992.0,2029.0,1117.0,1087.0,1079.0,1086.0
0.0,7870.0,3307.0,3255.0,4500.0,3957.0,1778.0,1226.0,953.0,1088.0,1080.0,1087.0,1122.0,1110.0,1075.0,2356.0,2287.0,3227.0,1778.0,1226.0,953.0,1088.0,1080.0,1087.0
0.0,9063.0,3363.0,3259.0,5138.0,2198.0,919.0,324.0,955.0,1089.0,1082.0,1088.0,1129.0,1119.0,1115.0,2574.0,3094.0,3395.0,919.0,324.0,955.0,1089.0,1082.0,1088.0
0.0,10838.0,3224.0,3259.0,3957.0,1465.0,229.0,168.0,1068.0,1089.0,1082.0,1088.0,1088.0,1070.0,1066.0,3437.0,4004.0,3397.0,229.0,168.0,1068.0,1089.0,1082.0,1088.0
0.0,11571.0,3266.0,3259.0,2198.0,2533.0,388.0,949.0,1196.0,1088.0,1083.0,1088.0,1082.0,1101.0,1083.0,4127.0,4160.0,3284.0,388.0,949.0,1196.0,1088.0,1083.0,1088.0
0.0,10503.0,3245.0,3262.0,1465.0,4325.0,1266.0,1855.0,1204.0,1089.0,1084.0,1089.0,1103.0,1070.0,1072.0,3964.0,3383.0,3156.0,1266.0,1855.0,1204.0,1089.0,1084.0,1089.0
0.0,8723.0,3272.0,3266.0,2533.0,5080.0,1962.0,2018.0,1100.0,1090.0,1086.0,1090.0,1080.0,1104.0,1088.0,3090.0,2481.0,3152.0,1962.0,2018.0,1100.0,1090.0,1086.0,1090.0
0.0,7984.0,3169.0,3265.0,4325.0,3920.0,1734.0,1245.0,941.0,1089.0,1087.0,1089.0,1042.0,1078.0,1049.0,2398.0,2326.0,3260.0,1734.0,1245.0,941.0,1089.0,1087.0,1089.0
0.0,9140.0,3275.0,3267.0,5080.0,2123.0,864.0,327.0,932.0,1089.0,1088.0,1090.0,1092.0,1096.0,1087.0,2622.0,3103.0,3415.0,864.0,327.0,932.0,1089.0,1088.0,1090.0
0.0,10945.0,3330.0,3268.0,3920.0,1537.0,235.0,206.0,1096.0,1089.0,1089.0,1090.0,1105.0,1120.0,1105.0,3492.0,4025.0,3428.0,235.0,206.0,1096.0,1089.0,1089.0,1090.0
0.0,11535.0,3275.0,3269.0,2123.0,2693.0,441.0,1011.0,1241.0,1089.0,1090.0,1090.0,1070.0,1128.0,1077.0,4121.0,4150.0,3264.0,441.0,1011.0,1241.0,1089.0,1090.0,1090.0
0.0,10383.0,3293.0,3271.0,1537.0,4457.0,1292.0,1921.0,1244.0,1090.0,1091.0,1090.0,1082.0,1112.0,1099.0,3915.0,3349.0,3119.0,1292.0,1921.0,1244.0,1090.0,1091.0,1090.0
0.0,8627.0,3179.0,3273.0,2693.0,4951.0,1894.0,1972.0,1085.0,1090.0,1092.0,1091.0,1043.0,1058.0,1078.0,3068.0,2443.0,3116.0,1894.0,1972.0,1085.0,1090.0,1092.0,1091.0
0.0,8141.0,3280.0,3274.0,4457.0,3778.0,1672.0,1136.0,970.0,1090.0,1092.0,1092.0,1070.0,1085.0,1125.0,2466.0,2396.0,3279.0,1672.0,1136.0,970.0,1090.0,1092.0,1092.0
0.0,9318.0,3298.0,3276.0,4951.0,2133.0,869.0,257.0,1007.0,1091.0,1092.0,1093.0,1087.0,1093.0,1118.0,2688.0,3232.0,3398.0,869.0,257.0,1007.0,1091.0,1092.0,1093.0
0.0,10971.0,3288.0,3278.0,3778.0,1651.0,271.0,245.0,1135.0,1091.0,1094.0,1093.0,1074.0,1116.0,1098.0,3495.0,4111.0,3365.0,271.0,245.0,1135.0,1091.0,1094.0,1093.0
0.0,11461.0,3248.0,3278.0,2133.0,2766.0,480.0,1071.0,1215.0,1091.0,1094.0,1093.0,1078.0,1083.0,1087.0,4093.0,4131.0,3237.0,480.0,1071.0,1215.0,1091.0,1094.0,1093.0
0.0,10346.0,3317.0,3282.0,1651.0,4448.0,1321.0,1942.0,1185.0,1093.0,1095.0,1094.0,1104.0,1112.0,1101.0,3884.0,3305.0,3157.0,1321.0,1942.0,1185.0,1093.0,1095.0,1094.0
0.0,8680.0,3355.0,3283.0,2766.0,5041.0,1957.0,1984.0,1100.0,1094.0,1095.0,1094.0,1112.0,1113.0,1130.0,3051.0,2438.0,3191.0,1957.0,1984.0,1100.0,1094.0,1095.0,1094.0
0.0,8091.0,3182.0,3281.0,4448.0,3767.0,1685.0,1099.0,983.0,1093.0,1095.0,1093.0,1053.0,1057.0,1072.0,2419.0,2396.0,3276.0,1685.0,1099.0,983.0,1093.0,1095.0,1093.0
0.0,9357.0,3284.0,3284.0,5041.0,2022.0,813.0,200.0,1009.0,1094.0,1095.0,1095.0,1081.0,1085.0,1118.0,2687.0,3281.0,3389.0,813.0,200.0,1009.0,1094.0,1095.0,1095.0
0.0,11114.0,3325.0,3285.0,3767.0,1584.0,233.0,212.0,1139.0,1094.0,1096.0,1095.0,1105.0,1107.0,1113.0,3563.0,4180.0,3371.0,233.0,212.0,1139.0,1094.0,1096.0,1095.0
0.0,11556.0,3243.0,3285.0,2022.0,2805.0,497.0,1086.0,1222.0,1094.0,1096.0,1095.0,1077.0,1074.0,1092.0,4143.0,4172.0,3241.0,497.0,1086.0,1222.0,1094.0,1096.0,1095.0
0.0,10335.0,3282.0,3282.0,1584.0,4491.0,1360.0,1948.0,1183.0,1093.0,1095.0,1094.0,1100.0,1078.0,1104.0,3879.0,3298.0,3158.0,1360.0,1948.0,1183.0,1093.0,1095.0,1094.0
0.0,8637.0,3315.0,3282.0,2805.0,5001.0,1955.0,1968.0,1078.0,1093.0,1095.0,1094.0,1092.0,1106.0,1117.0,3012.0,2432.0,3193.0,1955.0,1968.0,1078.0,1093.0,1095.0,1094.0
0.0,8127.0,3439.0,3285.0,4491.0,3961.0,1765.0,1174.0,1022.0,1094.0,1096.0,1095.0,1166.0,1150.0,1123.0,2417.0,2412.0,3298.0,1765.0,1174.0,1022.0,1094.0,1096.0,1095.0
0.0,9179.0,3338.0,3285.0,5001.0,2298.0,901.0,326.0,1071.0,1094.0,1096.0,1095.0,1091.0,1120.0,1127.0,2611.0,3210.0,3358.0,901.0,326.0,1071.0,1094.0,1096.0,1095.0
0.0,10842.0,3349.0,3284.0,3961.0,1682.0,259.0,255.0,1168.0,1094.0,1096.0,1094.0,1123.0,1103.0,1123.0,3475.0,4058.0,3309.0,259.0,255.0,1168.0,1094.0,1096.0,1094.0
0.0,11454.0,3256.0,3282.0,2298.0,2632.0,440.0,1016.0,1176.0,1093.0,1096.0,1093.0,1086.0,1087.0,1083.0,4117.0,4129.0,3208.0,440.0,1016.0,1176.0,1093.0,1096.0,1093.0
0.0,10496.0,3374.0,3284.0,1682.0,4332.0,1331.0,1873.0,1128.0,1094.0,1096.0,1094.0,1146.0,1112.0,1116.0,3932.0,3368.0,3196.0,1331.0,1873.0,1128.0,1094.0,1096.0,1094.0
0.0,8804.0,3395.0,3283.0,2632.0,5091.0,2030.0,1969.0,1092.0,1094.0,1095.0,1094.0,1139.0,1116.0,1140.0,3045.0,2511.0,3248.0,2030.0,1969.0,1092.0,1094.0,1095.0,1094.0
0.0,8041.0,3257.0,3281.0,4332.0,4008.0,1787.0,1193.0,1028.0,1093.0,1095.0,1093.0,1092.0,1097.0,1068.0,2346.0,2411.0,3284.0,1787.0,1193.0,1028.0,1093.0,1095.0,1093.0
0.0,9116.0,3387.0,3283.0,5091.0,2312.0,898.0,326.0,1088.0,1094.0,1095.0,1094.0,1137.0,1102.0,1148.0,2585.0,3187.0,3344.0,898.0,326.0,1088.0,1094.0,1095.0,1094.0
0.0,10820.0,3344.0,3287.0,4008.0,1664.0,212.0,268.0,1184.0,1095.0,1096.0,1096.0,1097.0,1131.0,1116.0,3478.0,4054.0,3288.0,212.0,268.0,1184.0,1095.0,1096.0,1096.0
0.0,11484.0,3247.0,3286.0,2312.0,2595.0,392.0,1029.0,1174.0,1095.0,1096.0,1095.0,1078.0,1087.0,1082.0,4168.0,4116.0,3200.0,392.0,1029.0,1174.0,1095.0,1096.0,1095.0
0.0,10549.0,3374.0,3289.0,1664.0,4317.0,1327.0,1891.0,1099.0,1096.0,1097.0,1096.0,1143.0,1126.0,1105.0,3988.0,3355.0,3206.0,1327.0,1891.0,1099.0,1096.0,1097.0,1096.0
0.0,8839.0,3291.0,3289.0,2595.0,5013.0,2021.0,1978.0,1014.0,1096.0,1097.0,1096.0,1086.0,1116.0,1089.0,3057.0,2497.0,3285.0,2021.0,1978.0,1014.0,1096.0,1097.0,1096.0
0.0,8143.0,3321.0,3289.0,4317.0,4017.0,1809.0,1186.0,1022.0,1096.0,1097.0,1096.0,1115.0,1099.0,1107.0,2363.0,2410.0,3370.0,1809.0,1186.0,1022.0,1096.0,1097.0,1096.0
0.0,9139.0,3307.0,3289.0,5013.0,2311.0,891.0,298.0,1122.0,1096.0,1097.0,1096.0,1103.0,1090.0,1114.0,2575.0,3202.0,3362.0,891.0,298.0,1122.0,1096.0,1097.0,1096.0
0.0,10845.0,3392.0,3291.0,4017.0,1694.0,203.0,262.0,1229.0,1096.0,1098.0,1097.0,1121.0,1146.0,1125.0,3493.0,4090.0,3262.0,203.0,262.0,1229.0,1096.0,1098.0,1097.0
0.0,11470.0,3366.0,3291.0,2311.0,2749.0,428.0,1096.0,1225.0,1096.0,1098.0,1097.0,1116.0,1132.0,1118.0,4181.0,4130.0,3159.0,428.0,1096.0,1225.0,1096.0,1098.0,1097.0
0.0,10415.0,3324.0,3293.0,1694.0,4387.0,1320.0,1951.0,1116.0,1096.0,1099.0,1098.0,1095.0,1113.0,1116.0,3956.0,3296.0,3163.0,1320.0,1951.0,1116.0,1096.0,1099.0,1098.0
0.0,8785.0,3433.0,3298.0,2749.0,5091.0,2049.0,2018.0,1024.0,1098.0,1101.0,1099.0,1149.0,1155.0,1129.0,3064.0,2445.0,3276.0,2049.0,2018.0,1024.0,1098.0,1101.0,1099.0
0.0,8101.0,3314.0,3297.0,4387.0,4014.0,1823.0,1199.0,992.0,1098.0,1101.0,1098.0,1094.0,1132.0,1088.0,2343.0,2386.0,3372.0,1823.0,1199.0,992.0,1098.0,1101.0,1098.0
0.0,9174.0,3246.0,3296.0,5091.0,2165.0,830.0,306.0,1029.0,1097.0,1102.0,1097.0,1060.0,1121.0,1065.0,2569.0,3205.0,3400.0,830.0,306.0,1029.0,1097.0,1102.0,1097.0
0.0,11019.0,3257.0,3297.0,4014.0,1412.0,90.0,221.0,1101.0,1097.0,1103.0,1097.0,1083.0,1110.0,1064.0,3558.0,4102.0,3359.0,90.0,221.0,1101.0,1097.0,1103.0,1097.0
0.0,11776.0,3416.0,3299.0,2165.0,2671.0,372.0,1094.0,1205.0,1097.0,1104.0,1098.0,1112.0,1175.0,1129.0,4298.0,4191.0,3287.0,372.0,1094.0,1205.0,1097.0,1104.0,1098.0
0.0,10525.0,3464.0,3304.0,1412.0,4743.0,1434.0,2055.0,1254.0,1099.0,1105.0,1100.0,1144.0,1178.0,1142.0,4016.0,3322.0,3187.0,1434.0,2055.0,1254.0,1099.0,1105.0,1100.0
0.0,8473.0,3339.0,3306.0,2671.0,5419.0,2179.0,2075.0,1165.0,1099.0,1106.0,1101.0,1117.0,1110.0,1112.0,2962.0,2365.0,3146.0,2179.0,2075.0,1165.0,1099.0,1106.0,1101.0
0.0,7805.0,3281.0,3307.0,4743.0,3961.0,1855.0,1107.0,999.0,1100.0,1106.0,1101.0,1106.0,1087.0,1088.0,2217.0,2349.0,3239.0,1855.0,1107.0,999.0,1100.0,1106.0,1101.0
0.0,9267.0,3400.0,3308.0,5419.0,1946.0,806.0,183.0,957.0,1100.0,1107.0,1101.0,1130.0,1147.0,1123.0,2545.0,3317.0,3405.0,806.0,183.0,957.0,1100.0,1107.0,1101.0
0.0,11286.0,3363.0,3311.0,3961.0,1360.0,82.0,210.0,1068.0,1101.0,1108.0,1102.0,1127.0,1130.0,1106.0,3594.0,4245.0,3447.0,82.0,210.0,1068.0,1101.0,1108.0,1102.0
0.0,11884.0,3373.0,3313.0,1946.0,2795.0,400.0,1159.0,1236.0,1101.0,1109.0,1103.0,1124.0,1128.0,1121.0,4322.0,4222.0,3340.0,400.0,1159.0,1236.0,1101.0,1109.0,1103.0
0.0,10457.0,3335.0,3313.0,1360.0,4770.0,1435.0,2075.0,1260.0,1101.0,1109.0,1103.0,1117.0,1126.0,1092.0,4004.0,3277.0,3176.0,1435.0,2075.0,1260.0,1101.0,1109.0,1103.0
0.0,8482.0,3373.0,3314.0,2795.0,5352.0,2174.0,2046.0,1132.0,1101.0,1110.0,1103.0,1139.0,1126.0,1108.0,2969.0,2361.0,3152.0,2174.0,2046.0,1132.0,1101.0,1110.0,1103.0
0.0,7904.0,3318.0,3315.0,4770.0,3904.0,1864.0,1077.0,963.0,1102.0,1110.0,1103.0,1121.0,1106.0,1091.0,2230.0,2394.0,3280.0,1864.0,1077.0,963.0,1102.0,1110.0,1103.0
0.0,9356.0,3293.0,3316.0,5352.0,1849.0,790.0,109.0,950.0,1102.0,1110.0,1104.0,1100.0,1078.0,1115.0,2544.0,3363.0,3449.0,790.0,109.0,950.0,1102.0,1110.0,1104.0
0.0,11415.0,3312.0,3317.0,3904.0,1261.0,33.0,143.0,1085.0,1102.0,1111.0,1104.0,1107.0,1107.0,1098.0,3618.0,4331.0,3466.0,33.0,143.0,1085.0,1102.0,1111.0,1104.0
0.0,12007.0,3342.0,3318.0,1849.0,2758.0,341.0,1151.0,1266.0,1102.0,1111.0,1105.0,1098.0,1117.0,1127.0,4375.0,4301.0,3331.0,341.0,1151.0,1266.0,1102.0,1111.0,1105.0
0.0,10514.0,3347.0,3321.0,1261.0,4856.0,1446.0,2106.0,1304.0,1104.0,1111.0,1106.0,1130.0,1098.0,1119.0,4067.0,3293.0,3154.0,1446.0,2106.0,1304.0,1104.0,1111.0,1106.0
0.0,8428.0,3379.0,3324.0,2758.0,5489.0,2244.0,2059.0,1186.0,1105.0,1111.0,1108.0,1135.0,1104.0,1140.0,2970.0,2338.0,3120.0,2244.0,2059.0,1186.0,1105.0,1111.0,1108.0
0.0,7807.0,3272.0,3322.0,4856.0,3897.0,1871.0,1046.0,980.0,1104.0,1111.0,1107.0,1077.0,1093.0,1102.0,2176.0,2385.0,3246.0,1871.0,1046.0,980.0,1104.0,1111.0,1107.0
0.0,9391.0,3260.0,3323.0,5489.0,1672.0,729.0,57.0,886.0,1105.0,1110.0,1108.0,1098.0,1074.0,1088.0,2545.0,3398.0,3448.0,729.0,57.0,886.0,1105.0,1110.0,1108.0
0.0,11620.0,3402.0,3325.0,3897.0,1199.0,0.0,133.0,1066.0,1106.0,1110.0,1109.0,1124.0,1122.0,1156.0,3691.0,4383.0,3546.0,0.0,133.0,1066.0,1106.0,1110.0,1109.0
0.0,12115.0,3378.0,3328.0,1672.0,2903.0,368.0,1210.0,1325.0,1107.0,1111.0,1110.0,1107.0,1130.0,1141.0,4438.0,4307.0,3370.0,368.0,1210.0,1325.0,1107.0,1111.0,1110.0
0.0,10409.0,3418.0,3332.0,1199.0,5138.0,1481.0,2231.0,1426.0,1108.0,1113.0,1111.0,1109.0,1146.0,1163.0,4060.0,3234.0,3115.0,1481.0,2231.0,1426.0,1108.0,1113.0,1111.0
0.0,8190.0,3394.0,3333.0,2903.0,5633.0,2242.0,2143.0,1248.0,1109.0,1113.0,1111.0,1125.0,1122.0,1147.0,2951.0,2221.0,3018.0,2242.0,2143.0,1248.0,1109.0,1113.0,1111.0
0.0,7699.0,3310.0,3334.0,5138.0,3809.0,1851.0,1004.0,954.0,1109.0,1113.0,1112.0,1090.0,1092.0,1128.0,2194.0,2309.0,3196.0,1851.0,1004.0,954.0,1109.0,1113.0,1112.0
0.0,9527.0,3334.0,3335.0,5633.0,1545.0,702.0,0.0,843.0,1109.0,1113.0,1113.0,1093.0,1108.0,1133.0,2585.0,3448.0,3494.0,702.0,0.0,843.0,1109.0,1113.0,1113.0
0.0,11826.0,3392.0,3336.0,3809.0,1141.0,0.0,85.0,1056.0,1109.0,1113.0,1114.0,1109.0,1120.0,1163.0,3734.0,4483.0,3609.0,0.0,85.0,1056.0,1109.0,1113.0,1114.0
0.0,12243.0,3347.0,3336.0,1545.0,2903.0,367.0,1208.0,1328.0,1109.0,1113.0,1114.0,1109.0,1123.0,1115.0,4476.0,4367.0,3400.0,367.0,1208.0,1328.0,1109.0,1113.0,1114.0
0.0,10441.0,3367.0,3340.0,1141.0,5145.0,1477.0,2265.0,1403.0,1110.0,1115.0,1115.0,1106.0,1134.0,1127.0,4069.0,3244.0,3128.0,1477.0,2265.0,1403.0,1110.0,1115.0,1115.0
0.0,8215.0,3300.0,3340.0,2903.0,5542.0,2194.0,2162.0,1186.0,1110.0,1115.0,1115.0,1084.0,1105.0,1111.0,2963.0,2195.0,3057.0,2194.0,2162.0,1186.0,1110.0,1115.0,1115.0
0.0,7818.0,3391.0,3341.0,5145.0,3792.0,1870.0,1005.0,917.0,1111.0,1115.0,1115.0,1149.0,1108.0,1134.0,2246.0,2298.0,3274.0,1870.0,1005.0,917.0,1111.0,1115.0,1115.0
0.0,9572.0,3466.0,3346.0,5542.0,1743.0,849.0,0.0,894.0,1113.0,1117.0,1116.0,1165.0,1142.0,1159.0,2574.0,3455.0,3543.0,849.0,0.0,894.0,1113.0,1117.0,1116.0
0.0,11648.0,3437.0,3349.0,3792.0,1393.0,124.0,126.0,1143.0,1114.0,1118.0,1117.0,1141.0,1134.0,1162.0,3603.0,4475.0,3570.0,124.0,126.0,1143.0,1114.0,1118.0,1117.0
0.0,12003.0,3347.0,3349.0,1743.0,2997.0,401.0,1244.0,1352.0,1114.0,1118.0,1117.0,1126.0,1118.0,1103.0,4332.0,4346.0,3325.0,401.0,1244.0,1352.0,1114.0,1118.0,1117.0
0.0,10399.0,3358.0,3347.0,1393.0,4954.0,1399.0,2235.0,1320.0,1113.0,1117.0,1117.0,1126.0,1121.0,1111.0,4055.0,3228.0,3116.0,1399.0,2235.0,1320.0,1113.0,1117.0,1117.0
0.0,8434.0,3402.0,3348.0,2997.0,5363.0,2141.0,2150.0,1072.0,1114.0,1118.0,1116.0,1139.0,1155.0,1108.0,3053.0,2233.0,3148.0,2141.0,2150.0,1072.0,1114.0,1118.0,1116.0
0.0,8029.0,3388.0,3349.0,4954.0,3801.0,1912.0,1029.0,860.0,1115.0,1118.0,1116.0,1166.0,1114.0,1108.0,2315.0,2322.0,3392.0,1912.0,1029.0,860.0,1115.0,1118.0,1116.0
0.0,9595.0,3381.0,3352.0,5363.0,1831.0,907.0,8.0,916.0,1116.0,1119.0,1117.0,1132.0,1125.0,1124.0,2548.0,3443.0,3604.0,907.0,8.0,916.0,1116.0,1119.0,1117.0
0.0,11577.0,3464.0,3354.0,3801.0,1502.0,179.0,133.0,1190.0,1117.0,1120.0,1117.0,1180.0,1150.0,1134.0,3557.0,4468.0,3552.0,179.0,133.0,1190.0,1117.0,1120.0,1117.0
0.0,11914.0,3480.0,3355.0,1831.0,3155.0,449.0,1301.0,1405.0,1117.0,1121.0,1117.0,1177.0,1172.0,1131.0,4289.0,4347.0,3278.0,449.0,1301.0,1405.0,1117.0,1121.0,1117.0
0.0,10265.0,3374.0,3357.0,1502.0,5035.0,1402.0,2298.0,1335.0,1118.0,1121.0,1118.0,1128.0,1130.0,1116.0,4019.0,3183.0,3063.0,1402.0,2298.0,1335.0,1118.0,1121.0,1118.0
0.0,8393.0,3387.0,3358.0,3155.0,5271.0,2113.0,2140.0,1018.0,1119.0,1122.0,1117.0,1156.0,1139.0,1092.0,3070.0,2186.0,3137.0,2113.0,2140.0,1018.0,1119.0,1122.0,1117.0
0.0,8161.0,3435.0,3359.0,5035.0,3675.0,1850.0,1011.0,814.0,1119.0,1123.0,1117.0,1139.0,1165.0,1131.0,2363.0,2348.0,3450.0,1850.0,1011.0,814.0,1119.0,1123.0,1117.0
0.0,9761.0,3422.0,3362.0,5271.0,1838.0,871.0,40.0,927.0,1120.0,1124.0,1118.0,1130.0,1165.0,1127.0,2626.0,3481.0,3654.0,871.0,40.0,927.0,1120.0,1124.0,1118.0
0.0,11610.0,3440.0,3365.0,3675.0,1615.0,182.0,170.0,1263.0,1121.0,1125.0,1119.0,1157.0,1137.0,1146.0,3609.0,4456.0,3545.0,182.0,170.0,1263.0,1121.0,1125.0,1119.0
0.0,11845.0,3444.0,3367.0,1838.0,3229.0,454.0,1294.0,1481.0,1122.0,1125.0,1120.0,1139.0,1164.0,1141.0,4302.0,4330.0,3213.0,454.0,1294.0,1481.0,1122.0,1125.0,1120.0
0.0,10239.0,3397.0,3368.0,1615.0,5015.0,1395.0,2278.0,1342.0,1122.0,1126.0,1120.0,1123.0,1150.0,1124.0,4034.0,3206.0,2999.0,1395.0,2278.0,1342.0,1122.0,1126.0,1120.0
0.0,8457.0,3447.0,3371.0,3229.0,5245.0,2076.0,2164.0,1005.0,1122.0,1128.0,1121.0,1135.0,1172.0,1140.0,3093.0,2226.0,3138.0,2076.0,2164.0,1005.0,1122.0,1128.0,1121.0
0.0,8239.0,3251.0,3369.0,5015.0,3473.0,1763.0,968.0,742.0,1122.0,1127.0,1120.0,1082.0,1086.0,1083.0,2412.0,2348.0,3479.0,1763.0,968.0,742.0,1122.0,1127.0,1120.0
0.0,10003.0,3382.0,3369.0,5245.0,1654.0,796.0,0.0,858.0,1122.0,1127.0,1120.0,1109.0,1152.0,1121.0,2725.0,3540.0,3738.0,796.0,0.0,858.0,1122.0,1127.0,1120.0
0.0,11866.0,3311.0,3369.0,3473.0,1448.0,132.0,95.0,1221.0,1122.0,1127.0,1120.0,1099.0,1107.0,1105.0,3692.0,4552.0,3622.0,132.0,95.0,1221.0,1122.0,1127.0,1120.0
0.0,12028.0,3419.0,3367.0,1654.0,3205.0,474.0,1214.0,1517.0,1121.0,1126.0,1120.0,1142.0,1123.0,1154.0,4356.0,4413.0,3259.0,474.0,1214.0,1517.0,1121.0,1126.0,1120.0
0.0,10263.0,3399.0,3370.0,1448.0,5168.0,1478.0,2261.0,1429.0,1122.0,1127.0,1121.0,1132.0,1138.0,1129.0,4010.0,3290.0,2963.0,1478.0,2261.0,1429.0,1122.0,1127.0,1121.0
0.0,8312.0,3343.0,3372.0,3205.0,5314.0,2112.0,2178.0,1024.0,1123.0,1127.0,1122.0,1104.0,1131.0,1108.0,3010.0,2247.0,3055.0,2112.0,2178.0,1024.0,1123.0,1127.0,1122.0
0.0,8174.0,3463.0,3376.0,5168.0,3625.0,1781.0,1070.0,774.0,1124.0,1128.0,1124.0,1143.0,1149.0,1171.0,2380.0,2330.0,3464.0,1781.0,1070.0,774.0,1124.0,1128.0,1124.0
0.0,9879.0,3437.0,3375.0,5314.0,1744.0,797.0,45.0,902.0,1124.0,1127.0,1124.0,1128.0,1157.0,1152.0,2715.0,3442.0,3722.0,797.0,45.0,902.0,1124.0,1127.0,1124.0
0.0,11756.0,3366.0,3374.0,3625.0,1481.0,138.0,90.0,1253.0,1124.0,1126.0,1124.0,1122.0,1119.0,1125.0,3699.0,4463.0,3594.0,138.0,90.0,1253.0,1124.0,1126.0,1124.0
0.0,12015.0,3448.0,3377.0,1744.0,3197.0,495.0,1201.0,1501.0,1125.0,1127.0,1125.0,1150.0,1152.0,1146.0,4358.0,4414.0,3243.0,495.0,1201.0,1501.0,1125.0,1127.0,1125.0
0.0,10311.0,3415.0,3379.0,1481.0,5139.0,1501.0,2243.0,1395.0,1125.0,1128.0,1126.0,1144.0,1128.0,1143.0,4005.0,3307.0,2999.0,1501.0,2243.0,1395.0,1125.0,1128.0,1126.0
0.0,8377.0,3506.0,3381.0,3197.0,5456.0,2186.0,2192.0,1078.0,1126.0,1128.0,1127.0,1176.0,1150.0,1180.0,2999.0,2269.0,3109.0,2186.0,2192.0,1078.0,1126.0,1128.0,1127.0
0.0,8068.0,3400.0,3382.0,5139.0,3721.0,1822.0,1070.0,829.0,1126.0,1128.0,1128.0,1137.0,1121.0,1142.0,2318.0,2320.0,3430.0,1822.0,1070.0,829.0,1126.0,1128.0,1128.0
0.0,9807.0,3513.0,3383.0,5456.0,1782.0,815.0,51.0,916.0,1127.0,1128.0,1128.0,1175.0,1173.0,1165.0,2682.0,3442.0,3683.0,815.0,51.0,916.0,1127.0,1128.0,1128.0
0.0,11750.0,3455.0,3388.0,3721.0,1536.0,173.0,120.0,1243.0,1129.0,1129.0,1130.0,1172.0,1135.0,1148.0,3693.0,4461.0,3596.0,173.0,120.0,1243.0,1129.0,1129.0,1130.0
0.0,12016.0,3377.0,3386.0,1782.0,3123.0,476.0,1180.0,1467.0,1128.0,1128.0,1130.0,1122.0,1115.0,1140.0,4343.0,4396.0,3277.0,476.0,1180.0,1467.0,1128.0,1128.0,1130.0
0.0,10421.0,3317.0,3386.0,1536.0,4904.0,1423.0,2157.0,1324.0,1128.0,1128.0,1130.0,1120.0,1097.0,1100.0,4036.0,3332.0,3053.0,1423.0,2157.0,1324.0,1128.0,1128.0,1130.0
0.0,8640.0,3540.0,3391.0,3123.0,5341.0,2114.0,2164.0,1063.0,1129.0,1130.0,1132.0,1163.0,1179.0,1198.0,3089.0,2355.0,3196.0,2114.0,2164.0,1063.0,1129.0,1130.0,1132.0
0.0,8223.0,3451.0,3394.0,4904.0,3900.0,1845.0,1172.0,883.0,1130.0,1131.0,1133.0,1150.0,1161.0,1140.0,2402.0,2356.0,3465.0,1845.0,1172.0,883.0,1130.0,1131.0,1133.0
0.0,9676.0,3452.0,3396.0,5341.0,2019.0,881.0,152.0,986.0,1131.0,1132.0,1133.0,1146.0,1140.0,1166.0,2675.0,3352.0,3649.0,881.0,152.0,986.0,1131.0,1132.0,1133.0
0.0,11565.0,3477.0,3399.0,3900.0,1608.0,176.0,147.0,1285.0,1131.0,1133.0,1135.0,1140.0,1163.0,1174.0,3643.0,4376.0,3546.0,176.0,147.0,1285.0,1131.0,1133.0,1135.0
0.0,11988.0,3431.0,3400.0,2019.0,3024.0,450.0,1125.0,1449.0,1132.0,1133.0,1135.0,1151.0,1130.0,1150.0,4348.0,4385.0,3255.0,450.0,1125.0,1449.0,1132.0,1133.0,1135.0
0.0,10576.0,3579.0,3405.0,1608.0,5015.0,1449.0,2184.0,1382.0,1133.0,1135.0,1137.0,1171.0,1198.0,1210.0,4078.0,3407.0,3091.0,1449.0,2184.0,1382.0,1133.0,1135.0,1137.0
0.0,8605.0,3401.0,3408.0,3024.0,5404.0,2127.0,2189.0,1088.0,1134.0,1136.0,1138.0,1124.0,1126.0,1151.0,3083.0,2356.0,3166.0,2127.0,2189.0,1088.0,1134.0,1136.0,1138.0
0.0,8228.0,3584.0,3412.0,5015.0,3989.0,1873.0,1222.0,894.0,1135.0,1138.0,1139.0,1191.0,1209.0,1184.0,2409.0,2355.0,3464.0,1873.0,1222.0,894.0,1135.0,1138.0,1139.0
0.0,9659.0,3446.0,3413.0,5404.0,2035.0,859.0,198.0,978.0,1135.0,1139.0,1139.0,1113.0,1161.0,1172.0,2667.0,3330.0,3662.0,859.0,198.0,978.0,1135.0,1139.0,1139.0
0.0,11617.0,3532.0,3415.0,3989.0,1586.0,138.0,158.0,1290.0,1136.0,1139.0,1140.0,1148.0,1182.0,1202.0,3681.0,4358.0,3578.0,138.0,158.0,1290.0,1136.0,1139.0,1140.0
0.0,12074.0,3393.0,3416.0,2035.0,2948.0,397.0,1100.0,1451.0,1136.0,1140.0,1140.0,1118.0,1136.0,1139.0,4406.0,4398.0,3270.0,397.0,1100.0,1451.0,1136.0,1140.0,1140.0
0.0,10716.0,3412.0,3418.0,1586.0,4782.0,1382.0,2111.0,1289.0,1137.0,1141.0,1140.0,1119.0,1165.0,1128.0,4147.0,3460.0,3109.0,1382.0,2111.0,1289.0,1137.0,1141.0,1140.0
0.0,8890.0,3417.0,3419.0,2948.0,5255.0,2077.0,2183.0,995.0,1137.0,1142.0,1140.0,1092.0,1168.0,1157.0,3166.0,2453.0,3271.0,2077.0,2183.0,995.0,1137.0,1142.0,1140.0
0.0,8421.0,3475.0,3420.0,4782.0,3952.0,1854.0,1228.0,870.0,1137.0,1143.0,1140.0,1159.0,1152.0,1164.0,2471.0,2385.0,3565.0,1854.0,1228.0,870.0,1137.0,1143.0,1140.0
0.0,9728.0,3487.0,3423.0,5255.0,2196.0,934.0,218.0,1044.0,1138.0,1144.0,1141.0,1153.0,1169.0,1165.0,2694.0,3344.0,3690.0,934.0,218.0,1044.0,1138.0,1144.0,1141.0
0.0,11496.0,3436.0,3424.0,3952.0,1684.0,224.0,144.0,1316.0,1139.0,1144.0,1141.0,1140.0,1154.0,1142.0,3618.0,4358.0,3520.0,224.0,144.0,1316.0,1139.0,1144.0,1141.0
0.0,12012.0,3446.0,3427.0,2196.0,2946.0,429.0,1084.0,1433.0,1140.0,1145.0,1142.0,1135.0,1154.0,1157.0,4332.0,4432.0,3248.0,429.0,1084.0,1433.0,1140.0,1145.0,1142.0
0.0,10762.0,3420.0,3429.0,1684.0,4690.0,1340.0,2085.0,1265.0,1140.0,1146.0,1143.0,1135.0,1141.0,1144.0,4131.0,3496.0,3135.0,1340.0,2085.0,1265.0,1140.0,1146.0,1143.0
0.0,9026.0,3489.0,3428.0,2946.0,5229.0,2084.0,2161.0,984.0,1140.0,1146.0,1142.0,1173.0,1160.0,1156.0,3220.0,2499.0,3307.0,2084.0,2161.0,984.0,1140.0,1146.0,1142.0
0.0,8483.0,3492.0,3429.0,4690.0,4035.0,1924.0,1231.0,880.0,1141.0,1146.0,1142.0,1176.0,1155.0,1161.0,2476.0,2423.0,3584.0,1924.0,1231.0,880.0,1141.0,1146.0,1142.0
0.0,9681.0,3479.0,3431.0,5229.0,2293.0,993.0,246.0,1054.0,1141.0,1147.0,1143.0,1153.0,1172.0,1154.0,2640.0,3353.0,3688.0,993.0,246.0,1054.0,1141.0,1147.0,1143.0
0.0,11431.0,3536.0,3436.0,4035.0,1814.0,260.0,201.0,1353.0,1142.0,1149.0,1145.0,1187.0,1178.0,1171.0,3571.0,4342.0,3518.0,260.0,201.0,1353.0,1142.0,1149.0,1145.0
0.0,11930.0,3400.0,3435.0,2293.0,2917.0,421.0,1081.0,1415.0,1142.0,1148.0,1145.0,1154.0,1130.0,1116.0,4308.0,4395.0,3227.0,421.0,1081.0,1415.0,1142.0,1148.0,1145.0
0.0,10823.0,3595.0,3439.0,1814.0,4714.0,1373.0,2094.0,1247.0,1143.0,1150.0,1146.0,1208.0,1206.0,1181.0,4147.0,3511.0,3165.0,1373.0,2094.0,1247.0,1143.0,1150.0,1146.0
0.0,9042.0,3607.0,3443.0,2917.0,5420.0,2171.0,2225.0,1024.0,1145.0,1151.0,1147.0,1211.0,1208.0,1188.0,3199.0,2506.0,3337.0,2171.0,2225.0,1024.0,1145.0,1151.0,1147.0
0.0,8352.0,3497.0,3445.0,4714.0,4211.0,1983.0,1289.0,939.0,1145.0,1152.0,1148.0,1185.0,1154.0,1158.0,2409.0,2379.0,3564.0,1983.0,1289.0,939.0,1145.0,1152.0,1148.0
0.0,9569.0,3421.0,3444.0,5420.0,2208.0,979.0,192.0,1037.0,1145.0,1151.0,1148.0,1167.0,1132.0,1122.0,2597.0,3319.0,3653.0,979.0,192.0,1037.0,1145.0,1151.0,1148.0
0.0,11568.0,3460.0,3444.0,4211.0,1457.0,161.0,64.0,1232.0,1145.0,1151.0,1148.0,1165.0,1161.0,1134.0,3601.0,4412.0,3555.0,161.0,64.0,1232.0,1145.0,1151.0,1148.0
0.0,12319.0,3508.0,3448.0,2208.0,2773.0,356.0,1045.0,1372.0,1146.0,1152.0,1150.0,1170.0,1169.0,1169.0,4419.0,4540.0,3360.0,356.0,1045.0,1372.0,1146.0,1152.0,1150.0
0.0,11019.0,3565.0,3449.0,1457.0,4885.0,1401.0,2171.0,1313.0,1147.0,1152.0,1150.0,1202.0,1190.0,1173.0,4228.0,3563.0,3228.0,1401.0,2171.0,1313.0,1147.0,1152.0,1150.0
0.0,8911.0,3618.0,3454.0,2773.0,5750.0,2293.0,2311.0,1146.0,1149.0,1153.0,1152.0,1240.0,1181.0,1197.0,3187.0,2437.0,3287.0,2293.0,2311.0,1146.0,1149.0,1153.0,1152.0
0.0,8066.0,3435.0,3454.0,4885.0,4300.0,2031.0,1271.0,998.0,1149.0,1153.0,1152.0,1139.0,1131.0,1165.0,2303.0,2301.0,3462.0,2031.0,1271.0,998.0,1149.0,1153.0,1152.0
0.0,9516.0,3487.0,3454.0,5750.0,2037.0,901.0,106.0,1030.0,1149.0,1152.0,1153.0,1163.0,1150.0,1174.0,2565.0,3341.0,3610.0,901.0,106.0,1030.0,1149.0,1152.0,1153.0
0.0,11779.0,3491.0,3455.0,4300.0,1240.0,57.0,0.0,1183.0,1150.0,1152.0,1153.0,1183.0,1157.0,1151.0,3695.0,4502.0,3582.0,57.0,0.0,1183.0,1150.0,1152.0,1153.0
0.0,12588.0,3499.0,3456.0,2037.0,2698.0,343.0,1046.0,1309.0,1151.0,1152.0,1153.0,1183.0,1160.0,1156.0,4543.0,4616.0,3429.0,343.0,1046.0,1309.0,1151.0,1152.0,1153.0
0.0,11126.0,3456.0,3461.0,1240.0,4934.0,1448.0,2201.0,1285.0,1153.0,1153.0,1155.0,1154.0,1151.0,1151.0,4261.0,3562.0,3303.0,1448.0,2201.0,1285.0,1153.0,1153.0,1155.0
0.0,8910.0,3437.0,3462.0,2698.0,5677.0,2252.0,2276.0,1149.0,1153.0,1153.0,1156.0,1147.0,1121.0,1169.0,3164.0,2411.0,3335.0,2252.0,2276.0,1149.0,1153.0,1153.0,1156.0
0.0,8171.0,3572.0,3467.0,4934.0,4335.0,2005.0,1276.0,1054.0,1155.0,1155.0,1157.0,1193.0,1193.0,1186.0,2360.0,2336.0,3475.0,2005.0,1276.0,1054.0,1155.0,1155.0,1157.0
0.0,9533.0,3359.0,3466.0,5677.0,2013.0,849.0,133.0,1031.0,1154.0,1155.0,1157.0,1100.0,1133.0,1126.0,2615.0,3344.0,3574.0,849.0,133.0,1031.0,1154.0,1155.0,1157.0
0.0,11851.0,3521.0,3468.0,4335.0,1207.0,4.0,25.0,1178.0,1155.0,1155.0,1158.0,1156.0,1168.0,1197.0,3767.0,4487.0,3597.0,4.0,25.0,1178.0,1155.0,1155.0,1158.0
0.0,12665.0,3446.0,3470.0,2013.0,2648.0,291.0,1061.0,1296.0,1155.0,1156.0,1159.0,1136.0,1165.0,1145.0,4616.0,4595.0,3454.0,291.0,1061.0,1296.0,1155.0,1156.0,1159.0
0.0,11232.0,3505.0,3471.0,1207.0,4950.0,1449.0,2207.0,1294.0,1156.0,1156.0,1159.0,1158.0,1171.0,1176.0,4329.0,3563.0,3340.0,1449.0,2207.0,1294.0,1156.0,1156.0,1159.0
0.0,8934.0,3576.0,3474.0,2648.0,5890.0,2342.0,2352.0,1196.0,1157.0,1157.0,1160.0,1180.0,1202.0,1194.0,3175.0,2417.0,3342.0,2342.0,2352.0,1196.0,1157.0,1157.0,1160.0
0.0,8006.0,3566.0,3478.0,4950.0,4522.0,2074.0,1342.0,1106.0,1158.0,1159.0,1161.0,1177.0,1189.0,1200.0,2286.0,2276.0,3444.0,2074.0,1342.0,1106.0,1158.0,1159.0,1161.0
0.0,9390.0,3436.0,3477.0,5890.0,2064.0,857.0,142.0,1065.0,1157.0,1159.0,1161.0,1129.0,1152.0,1155.0,2558.0,3294.0,3538.0,857.0,142.0,1065.0,1157.0,1159.0,1161.0
0.0,11844.0,3486.0,3478.0,4522.0,1110.0,0.0,0.0,1110.0,1157.0,1160.0,1161.0,1148.0,1187.0,1151.0,3771.0,4494.0,3579.0,0.0,0.0,1110.0,1157.0,1160.0,1161.0
0.0,12880.0,3474.0,3478.0,2064.0,2442.0,211.0,1009.0,1222.0,1157.0,1160.0,1161.0,1137.0,1160.0,1177.0,4697.0,4649.0,3534.0,211.0,1009.0,1222.0,1157.0,1160.0,1161.0
0.0,11470.0,3519.0,3480.0,1110.0,4859.0,1386.0,2190.0,1283.0,1157.0,1161.0,1162.0,1175.0,1177.0,1167.0,4417.0,3631.0,3422.0,1386.0,2190.0,1283.0,1157.0,1161.0,1162.0
0.0,9061.0,3533.0,3481.0,2442.0,5954.0,2331.0,2356.0,1267.0,1157.0,1161.0,1163.0,1156.0,1175.0,1202.0,3242.0,2454.0,3365.0,2331.0,2356.0,1267.0,1157.0,1161.0,1163.0
0.0,7970.0,3633.0,3484.0,4859.0,4740.0,2168.0,1371.0,1201.0,1158.0,1162.0,1164.0,1219.0,1201.0,1213.0,2297.0,2288.0,3385.0,2168.0,1371.0,1201.0,1158.0,1162.0,1164.0
0.0,9196.0,3498.0,3486.0,5954.0,2292.0,999.0,194.0,1099.0,1159.0,1163.0,1164.0,1158.0,1175.0,1165.0,2464.0,3277.0,3455.0,999.0,194.0,1099.0,1159.0,1163.0,1164.0
0.0,11652.0,3484.0,3489.0,4740.0,1064.0,0.0,0.0,1064.0,1159.0,1165.0,1165.0,1157.0,1165.0,1162.0,3637.0,4458.0,3557.0,0.0,0.0,1064.0,1159.0,1165.0,1165.0
0.0,12908.0,3533.0,3490.0,2292.0,2293.0,193.0,971.0,1129.0,1160.0,1165.0,1165.0,1200.0,1169.0,1164.0,4648.0,4664.0,3596.0,193.0,971.0,1129.0,1160.0,1165.0,1165.0
0.0,11667.0,3529.0,3491.0,1064.0,4762.0,1384.0,2141.0,1237.0,1161.0,1165.0,1165.0,1187.0,1170.0,1172.0,4447.0,3689.0,3531.0,1384.0,2141.0,1237.0,1161.0,1165.0,1165.0
0.0,9202.0,3489.0,3492.0,2293.0,5962.0,2348.0,2332.0,1282.0,1161.0,1165.0,1166.0,1157.0,1162.0,1170.0,3260.0,2519.0,3423.0,2348.0,2332.0,1282.0,1161.0,1165.0,1166.0
0.0,8006.0,3546.0,3494.0,4762.0,4754.0,2152.0,1381.0,1221.0,1162.0,1166.0,1166.0,1184.0,1186.0,1176.0,2296.0,2328.0,3382.0,2152.0,1381.0,1221.0,1162.0,1166.0,1166.0
0.0,9222.0,3485.0,3494.0,5962.0,2277.0,950.0,204.0,1123.0,1162.0,1166.0,1166.0,1146.0,1155.0,1184.0,2496.0,3283.0,3443.0,950.0,204.0,1123.0,1162.0,1166.0,1166.0
0.0,11699.0,3421.0,3492.0,4754.0,1037.0,0.0,0.0,1037.0,1162.0,1165.0,1165.0,1161.0,1121.0,1139.0,3698.0,4460.0,3541.0,0.0,0.0,1037.0,1162.0,1165.0,1165.0
0.0,13032.0,3565.0,3495.0,2277.0,2236.0,201.0,921.0,1114.0,1163.0,1166.0,1166.0,1188.0,1181.0,1196.0,4689.0,4720.0,3623.0,201.0,921.0,1114.0,1163.0,1166.0,1166.0
0.0,11744.0,3509.0,3493.0,1037.0,4700.0,1358.0,2084.0,1258.0,1162.0,1165.0,1166.0,1161.0,1167.0,1181.0,4451.0,3743.0,3550.0,1358.0,2084.0,1258.0,1162.0,1165.0,1166.0
0.0,9272.0,3538.0,3494.0,2236.0,6006.0,2329.0,2337.0,1340.0,1163.0,1165.0,1166.0,1168.0,1174.0,1196.0,3290.0,2576.0,3406.0,2329.0,2337.0,1340.0,1163.0,1165.0,1166.0
0.0,7970.0,3482.0,3493.0,4700.0,4784.0,2121.0,1392.0,1271.0,1163.0,1164.0,1166.0,1150.0,1143.0,1189.0,2323.0,2323.0,3324.0,2121.0,1392.0,1271.0,1163.0,1164.0,1166.0
0.0,9188.0,3490.0,3495.0,6006.0,2276.0,964.0,184.0,1128.0,1164.0,1164.0,1167.0,1168.0,1129.0,1193.0,2531.0,3264.0,3393.0,964.0,184.0,1128.0,1164.0,1164.0,1167.0
0.0,11704.0,3478.0,3497.0,4784.0,1020.0,0.0,0.0,1020.0,1165.0,1164.0,1168.0,1148.0,1171.0,1159.0,3692.0,4472.0,3540.0,0.0,0.0,1020.0,1165.0,1164.0,1168.0
0.0,13010.0,3457.0,3498.0,2276.0,2163.0,183.0,921.0,1059.0,1166.0,1164.0,1168.0,1148.0,1142.0,1167.0,4665.0,4693.0,3652.0,183.0,921.0,1059.0,1166.0,1164.0,1168.0
0.0,11829.0,3491.0,3498.0,1020.0,4634.0,1361.0,2062.0,1211.0,1166.0,1164.0,1168.0,1178.0,1141.0,1172.0,4481.0,3735.0,3613.0,1361.0,2062.0,1211.0,1166.0,1164.0,1168.0
0.0,9358.0,3454.0,3497.0,2163.0,5921.0,2326.0,2269.0,1326.0,1166.0,1163.0,1168.0,1148.0,1132.0,1174.0,3303.0,2594.0,3461.0,2326.0,2269.0,1326.0,1166.0,1163.0,1168.0
0.0,8067.0,3463.0,3497.0,4634.0,4750.0,2117.0,1357.0,1276.0,1166.0,1163.0,1168.0,1152.0,1150.0,1161.0,2338.0,2383.0,3346.0,2117.0,1357.0,1276.0,1166.0,1163.0,1168.0
0.0,9238.0,3506.0,3499.0,5921.0,2343.0,976.0,240.0,1127.0,1167.0,1163.0,1169.0,1181.0,1152.0,1173.0,2547.0,3295.0,3396.0,976.0,240.0,1127.0,1167.0,1163.0,1169.0
0.0,11653.0,3561.0,3502.0,4750.0,1166.0,75.0,70.0,1021.0,1169.0,1164.0,1169.0,1208.0,1183.0,1170.0,3692.0,4412.0,3549.0,75.0,70.0,1021.0,1169.0,1164.0,1169.0
0.0,12842.0,3403.0,3500.0,2343.0,2218.0,251.0,939.0,1028.0,1168.0,1163.0,1169.0,1156.0,1113.0,1134.0,4601.0,4586.0,3655.0,251.0,939.0,1028.0,1168.0,1163.0,1169.0
0.0,11782.0,3465.0,3499.0,1166.0,4513.0,1348.0,1999.0,1166.0,1168.0,1162.0,1169.0,1172.0,1134.0,1159.0,4421.0,3713.0,3648.0,1348.0,1999.0,1166.0,1168.0,1162.0,1169.0
0.0,9483.0,3524.0,3500.0,2218.0,5823.0,2285.0,2213.0,1325.0,1169.0,1162.0,1169.0,1184.0,1153.0,1187.0,3324.0,2649.0,3510.0,2285.0,2213.0,1325.0,1169.0,1162.0,1169.0
0.0,8177.0,3576.0,3500.0,4513.0,4886.0,2148.0,1412.0,1326.0,1169.0,1162.0,1169.0,1211.0,1198.0,1167.0,2391.0,2435.0,3351.0,2148.0,1412.0,1326.0,1169.0,1162.0,1169.0
0.0,9114.0,3599.0,3505.0,5823.0,2682.0,1109.0,361.0,1212.0,1171.0,1163.0,1171.0,1238.0,1158.0,1203.0,2528.0,3236.0,3350.0,1109.0,361.0,1212.0,1171.0,1163.0,1171.0
0.0,11338.0,3530.0,3504.0,4886.0,1322.0,133.0,144.0,1045.0,1170.0,1163.0,1171.0,1176.0,1195.0,1159.0,3575.0,4291.0,3472.0,133.0,144.0,1045.0,1170.0,1163.0,1171.0
0.0,12694.0,3570.0,3502.0,2682.0,2202.0,227.0,964.0,1011.0,1170.0,1162.0,1170.0,1203.0,1185.0,1182.0,4547.0,4508.0,3639.0,227.0,964.0,1011.0,1170.0,1162.0,1170.0
0.0,11806.0,3586.0,3505.0,1322.0,4478.0,1305.0,2019.0,1154.0,1171.0,1163.0,1171.0,1207.0,1195.0,1184.0,4453.0,3684.0,3669.0,1305.0,2019.0,1154.0,1171.0,1163.0,1171.0
0.0,9542.0,3635.0,3508.0,2202.0,5923.0,2310.0,2263.0,1350.0,1172.0,1164.0,1172.0,1228.0,1204.0,1203.0,3379.0,2633.0,3530.0,2310.0,2263.0,1350.0,1172.0,1164.0,1172.0
0.0,8109.0,3607.0,3512.0,4478.0,5068.0,2227.0,1480.0,1361.0,1173.0,1166.0,1173.0,1218.0,1228.0,1161.0,2378.0,2393.0,3338.0,2227.0,1480.0,1361.0,1173.0,1166.0,1173.0
0.0,8980.0,3537.0,3512.0,5923.0,2682.0,1077.0,401.0,1204.0,1173.0,1166.0,1173.0,1160.0,1184.0,1193.0,2465.0,3184.0,3331.0,1077.0,401.0,1204.0,1173.0,1166.0,1173.0
0.0,11366.0,3633.0,3513.0,5068.0,1251.0,82.0,132.0,1037.0,1173.0,1166.0,1174.0,1232.0,1211.0,1190.0,3615.0,4263.0,3488.0,82.0,132.0,1037.0,1173.0,1166.0,1174.0
0.0,12801.0,3721.0,3515.0,2682.0,2298.0,224.0,1009.0,1065.0,1173.0,1168.0,1174.0,1219.0,1270.0,1232.0,4610.0,4532.0,3659.0,224.0,1009.0,1065.0,1173.0,1168.0,1174.0
0.0,11762.0,3612.0,3519.0,1251.0,4675.0,1356.0,2093.0,1226.0,1174.0,1170.0,1175.0,1210.0,1208.0,1194.0,4468.0,3663.0,3631.0,1356.0,2093.0,1226.0,1174.0,1170.0,1175.0
0.0,9401.0,3512.0,3519.0,2298.0,5889.0,2294.0,2261.0,1334.0,1174.0,1170.0,1175.0,1162.0,1177.0,1173.0,3340.0,2587.0,3474.0,2294.0,2261.0,1334.0,1174.0,1170.0,1175.0
0.0,8187.0,3562.0,3521.0,4675.0,4784.0,2115.0,1379.0,1290.0,1174.0,1171.0,1176.0,1177.0,1207.0,1178.0,2402.0,2419.0,3366.0,2115.0,1379.0,1290.0,1174.0,1171.0,1176.0
0.0,9300.0,3536.0,3522.0,5889.0,2435.0,994.0,318.0,1123.0,1174.0,1172.0,1176.0,1173.0,1196.0,1167.0,2581.0,3305.0,3414.0,994.0,318.0,1123.0,1174.0,1172.0,1176.0
0.0,11653.0,3542.0,3522.0,4784.0,1193.0,41.0,130.0,1022.0,1174.0,1172.0,1176.0,1162.0,1191.0,1189.0,3702.0,4370.0,3581.0,41.0,130.0,1022.0,1174.0,1172.0,1176.0
0.0,12895.0,3566.0,3526.0,2435.0,2340.0,231.0,1022.0,1087.0,1175.0,1174.0,1177.0,1180.0,1202.0,1184.0,4655.0,4558.0,3682.0,231.0,1022.0,1087.0,1175.0,1174.0,1177.0
0.0,11764.0,3561.0,3525.0,1193.0,4704.0,1369.0,2083.0,1252.0,1174.0,1174.0,1177.0,1183.0,1191.0,1187.0,4469.0,3674.0,3621.0,1369.0,2083.0,1252.0,1174.0,1174.0,1177.0
0.0,9396.0,3522.0,3529.0,2340.0,5902.0,2318.0,2246.0,1338.0,1176.0,1175.0,1178.0,1172.0,1181.0,1169.0,3327.0,2613.0,3456.0,2318.0,2246.0,1338.0,1176.0,1175.0,1178.0
0.0,8214.0,3576.0,3529.0,4704.0,4774.0,2119.0,1360.0,1295.0,1176.0,1175.0,1178.0,1170.0,1197.0,1209.0,2386.0,2454.0,3374.0,2119.0,1360.0,1295.0,1176.0,1175.0,1178.0
0.0,9342.0,3479.0,3529.0,5902.0,2351.0,954.0,278.0,1119.0,1176.0,1175.0,1178.0,1153.0,1164.0,1162.0,2585.0,3340.0,3417.0,954.0,278.0,1119.0,1176.0,1175.0,1178.0
0.0,11765.0,3604.0,3532.0,4774.0,1193.0,41.0,98.0,1054.0,1177.0,1176.0,1179.0,1202.0,1176.0,1226.0,3750.0,4422.0,3593.0,41.0,98.0,1054.0,1177.0,1176.0,1179.0
0.0,12935.0,3588.0,3531.0,2351.0,2426.0,274.0,1005.0,1147.0,1177.0,1175.0,1179.0,1187.0,1189.0,1212.0,4667.0,4606.0,3662.0,274.0,1005.0,1147.0,1177.0,1175.0,1179.0
0.0,11698.0,3534.0,3532.0,1193.0,4771.0,1422.0,2067.0,1282.0,1178.0,1175.0,1179.0,1185.0,1160.0,1189.0,4434.0,3695.0,3569.0,1422.0,2067.0,1282.0,1178.0,1175.0,1179.0
0.0,9357.0,3646.0,3535.0,2426.0,6003.0,2371.0,2274.0,1358.0,1179.0,1176.0,1180.0,1219.0,1208.0,1219.0,3290.0,2633.0,3434.0,2371.0,2274.0,1358.0,1179.0,1176.0,1180.0
0.0,8137.0,3604.0,3537.0,4771.0,4844.0,2164.0,1406.0,1274.0,1180.0,1176.0,1181.0,1211.0,1199.0,1194.0,2345.0,2430.0,3362.0,2164.0,1406.0,1274.0,1180.0,1176.0,1181.0
0.0,9304.0,3501.0,3538.0,6003.0,2346.0,974.0,284.0,1088.0,1181.0,1176.0,1181.0,1177.0,1152.0,1172.0,2556.0,3298.0,3450.0,974.0,284.0,1088.0,1181.0,1176.0,1181.0
0.0,11806.0,3583.0,3540.0,4844.0,1093.0,10.0,71.0,1012.0,1182.0,1176.0,1182.0,1196.0,1193.0,1194.0,3750.0,4420.0,3636.0,10.0,71.0,1012.0,1182.0,1176.0,1182.0
0.0,13067.0,3596.0,3541.0,2346.0,2347.0,257.0,982.0,1108.0,1183.0,1177.0,1181.0,1217.0,1191.0,1188.0,4718.0,4633.0,3716.0,257.0,982.0,1108.0,1183.0,1177.0,1181.0
0.0,11817.0,3607.0,3541.0,1093.0,4861.0,1470.0,2066.0,1325.0,1183.0,1176.0,1182.0,1223.0,1159.0,1225.0,4475.0,3726.0,3616.0,1470.0,2066.0,1325.0,1183.0,1176.0,1182.0
0.0,9303.0,3572.0,3542.0,2347.0,6090.0,2420.0,2255.0,1415.0,1184.0,1176.0,1182.0,1203.0,1171.0,1198.0,3262.0,2638.0,3403.0,2420.0,2255.0,1415.0,1184.0,1176.0,1182.0
0.0,8078.0,3739.0,3547.0,4861.0,4988.0,2214.0,1417.0,1357.0,1186.0,1177.0,1184.0,1256.0,1224.0,1259.0,2316.0,2449.0,3313.0,2214.0,1417.0,1357.0,1186.0,1177.0,1184.0
0.0,9200.0,3579.0,3548.0,6090.0,2481.0,1002.0,348.0,1131.0,1186.0,1177.0,1185.0,1208.0,1186.0,1185.0,2530.0,3291.0,3379.0,1002.0,348.0,1131.0,1186.0,1177.0,1185.0
0.0,11711.0,3581.0,3548.0,4988.0,1081.0,0.0,112.0,969.0,1186.0,1177.0,1185.0,1205.0,1181.0,1195.0,3742.0,4360.0,3609.0,0.0,112.0,969.0,1186.0,1177.0,1185.0
0.0,13118.0,3492.0,3548.0,2481.0,2085.0,164.0,915.0,1006.0,1186.0,1177.0,1185.0,1173.0,1151.0,1168.0,4751.0,4596.0,3771.0,164.0,915.0,1006.0,1186.0,1177.0,1185.0
0.0,12107.0,3545.0,3549.0,1081.0,4553.0,1354.0,1979.0,1220.0,1187.0,1177.0,1185.0,1186.0,1176.0,1183.0,4580.0,3793.0,3734.0,1354.0,1979.0,1220.0,1187.0,1177.0,1185.0
0.0,9643.0,3530.0,3549.0,2085.0,5998.0,2372.0,2229.0,1397.0,1187.0,1177.0,1185.0,1182.0,1165.0,1183.0,3394.0,2729.0,3520.0,2372.0,2229.0,1397.0,1187.0,1177.0,1185.0
0.0,8198.0,3504.0,3551.0,4553.0,4957.0,2173.0,1407.0,1377.0,1187.0,1178.0,1186.0,1155.0,1153.0,1196.0,2376.0,2479.0,3343.0,2173.0,1407.0,1377.0,1187.0,1178.0,1186.0
0.0,9247.0,3546.0,3551.0,5998.0,2505.0,973.0,364.0,1168.0,1187.0,1178.0,1186.0,1172.0,1186.0,1188.0,2575.0,3305.0,3367.0,973.0,364.0,1168.0,1187.0,1178.0,1186.0
0.0,11699.0,3550.0,3551.0,4957.0,1128.0,0.0,142.0,986.0,1187.0,1178.0,1186.0,1170.0,1185.0,1195.0,3775.0,4348.0,3576.0,0.0,142.0,986.0,1187.0,1178.0,1186.0
0.0,13106.0,3485.0,3550.0,2505.0,2074.0,131.0,960.0,983.0,1186.0,1178.0,1186.0,1138.0,1182.0,1165.0,4778.0,4570.0,3758.0,131.0,960.0,983.0,1186.0,1178.0,1186.0
0.0,12126.0,3596.0,3552.0,1128.0,4550.0,1308.0,2023.0,1219.0,1187.0,1179.0,1186.0,1173.0,1201.0,1222.0,4613.0,3752.0,3761.0,1308.0,2023.0,1219.0,1187.0,1179.0,1186.0
0.0,9658.0,3610.0,3554.0,2074.0,6094.0,2379.0,2305.0,1410.0,1187.0,1181.0,1186.0,1202.0,1234.0,1174.0,3440.0,2693.0,3525.0,2379.0,2305.0,1410.0,1187.0,1181.0,1186.0
0.0,8122.0,3578.0,3557.0,4550.0,5134.0,2237.0,1498.0,1399.0,1188.0,1182.0,1187.0,1162.0,1212.0,1204.0,2369.0,2419.0,3334.0,2237.0,1498.0,1399.0,1188.0,1182.0,1187.0
0.0,9094.0,3612.0,3559.0,6094.0,2660.0,1042.0,431.0,1187.0,1188.0,1184.0,1187.0,1184.0,1230.0,1198.0,2515.0,3230.0,3349.0,1042.0,431.0,1187.0,1188.0,1184.0,1187.0
0.0,11576.0,3618.0,3562.0,5134.0,1158.0,0.0,148.0,1010.0,1189.0,1185.0,1188.0,1189.0,1211.0,1218.0,3710.0,4305.0,3561.0,0.0,148.0,1010.0,1189.0,1185.0,1188.0
0.0,13092.0,3623.0,3566.0,2660.0,2135.0,181.0,924.0,1030.0,1190.0,1187.0,1189.0,1221.0,1199.0,1203.0,4758.0,4592.0,3742.0,181.0,924.0,1030.0,1190.0,1187.0,1189.0
0.0,12129.0,3616.0,3569.0,1158.0,4605.0,1387.0,1992.0,1226.0,1191.0,1188.0,1190.0,1202.0,1212.0,1202.0,4579.0,3824.0,3726.0,1387.0,1992.0,1226.0,1191.0,1188.0,1190.0
0.0,9671.0,3607.0,3570.0,2135.0,6081.0,2406.0,2298.0,1377.0,1191.0,1189.0,1190.0,1200.0,1226.0,1181.0,3377.0,2760.0,3534.0,2406.0,2298.0,1377.0,1191.0,1189.0,1190.0
0.0,8199.0,3655.0,3571.0,4605.0,5135.0,2230.0,1553.0,1352.0,1191.0,1190.0,1190.0,1211.0,1243.0,1201.0,2358.0,2458.0,3383.0,2230.0,1553.0,1352.0,1191.0,1190.0,1190.0
0.0,9149.0,3608.0,3576.0,6081.0,2682.0,1022.0,464.0,1196.0,1192.0,1192.0,1192.0,1194.0,1201.0,1213.0,2534.0,3207.0,3408.0,1022.0,464.0,1196.0,1192.0,1192.0,1192.0
0.0,11622.0,3624.0,3580.0,5135.0,1194.0,0.0,151.0,1043.0,1193.0,1194.0,1193.0,1197.0,1232.0,1195.0,3746.0,4304.0,3572.0,0.0,151.0,1043.0,1193.0,1194.0,1193.0
0.0,13133.0,3517.0,3578.0,2682.0,2014.0,142.0,858.0,1014.0,1192.0,1194.0,1192.0,1175.0,1171.0,1171.0,4779.0,4625.0,3729.0,142.0,858.0,1014.0,1192.0,1194.0,1192.0
0.0,12298.0,3639.0,3580.0,1194.0,4467.0,1375.0,1916.0,1176.0,1193.0,1194.0,1193.0,1229.0,1209.0,1201.0,4626.0,3918.0,3754.0,1375.0,1916.0,1176.0,1193.0,1194.0,1193.0
0.0,9853.0,3639.0,3582.0,2014.0,6100.0,2469.0,2278.0,1353.0,1193.0,1196.0,1193.0,1236.0,1212.0,1191.0,3397.0,2860.0,3596.0,2469.0,2278.0,1353.0,1193.0,1196.0,1193.0
0.0,8228.0,3664.0,3584.0,4467.0,5305.0,2330.0,1583.0,1392.0,1194.0,1196.0,1194.0,1232.0,1221.0,1211.0,2303.0,2506.0,3419.0,2330.0,1583.0,1392.0,1194.0,1196.0,1194.0
0.0,9031.0,3601.0,3584.0,6100.0,2806.0,1088.0,487.0,1231.0,1194.0,1196.0,1194.0,1227.0,1182.0,1192.0,2446.0,3201.0,3384.0,1088.0,487.0,1231.0,1194.0,1196.0,1194.0
0.0,11530.0,3682.0,3587.0,5305.0,1199.0,0.0,136.0,1063.0,1195.0,1197.0,1195.0,1234.0,1228.0,1220.0,3688.0,4297.0,3545.0,0.0,136.0,1063.0,1195.0,1197.0,1195.0
0.0,13153.0,3779.0,3589.0,2806.0,2176.0,191.0,894.0,1091.0,1196.0,1197.0,1196.0,1279.0,1245.0,1255.0,4784.0,4652.0,3717.0,191.0,894.0,1091.0,1196.0,1197.0,1196.0
0.0,12180.0,3679.0,3590.0,1199.0,4660.0,1425.0,1984.0,1251.0,1196.0,1197.0,1197.0,1234.0,1226.0,1219.0,4593.0,3894.0,3693.0,1425.0,1984.0,1251.0,1196.0,1197.0,1197.0
0.0,9700.0,3696.0,3593.0,2176.0,6192.0,2464.0,2326.0,1402.0,1197.0,1198.0,1198.0,1226.0,1232.0,1238.0,3359.0,2804.0,3537.0,2464.0,2326.0,1402.0,1197.0,1198.0,1198.0
0.0,8180.0,3615.0,3593.0,4660.0,5147.0,2255.0,1536.0,1356.0,1197.0,1198.0,1198.0,1216.0,1194.0,1205.0,2324.0,2466.0,3390.0,2255.0,1536.0,1356.0,1197.0,1198.0,1198.0
0.0,9225.0,3620.0,3592.0,6192.0,2571.0,986.0,407.0,1178.0,1197.0,1197.0,1198.0,1195.0,1201.0,1224.0,2533.0,3256.0,3436.0,986.0,407.0,1178.0,1197.0,1197.0,1198.0
0.0,11797.0,3671.0,3592.0,5147.0,1128.0,0.0,85.0,1043.0,1197.0,1197.0,1198.0,1236.0,1214.0,1221.0,3802.0,4381.0,3614.0,0.0,85.0,1043.0,1197.0,1197.0,1198.0
0.0,13273.0,3548.0,3593.0,2571.0,2076.0,161.0,847.0,1068.0,1197.0,1197.0,1199.0,1180.0,1169.0,1199.0,4821.0,4703.0,3749.0,161.0,847.0,1068.0,1197.0,1197.0,1199.0
0.0,12296.0,3704.0,3595.0,1128.0,4660.0,1414.0,1961.0,1285.0,1199.0,1196.0,1200.0,1245.0,1203.0,1256.0,4627.0,3941.0,3728.0,1414.0,1961.0,1285.0,1199.0,1196.0,1200.0
0.0,9720.0,3686.0,3599.0,2076.0,6286.0,2485.0,2340.0,1461.0,1200.0,1197.0,1202.0,1228.0,1222.0,1236.0,3382.0,2823.0,3515.0,2485.0,2340.0,1461.0,1200.0,1197.0,1202.0
0.0,8110.0,3744.0,3602.0,4660.0,5382.0,2301.0,1630.0,1451.0,1201.0,1198.0,1203.0,1226.0,1247.0,1271.0,2315.0,2448.0,3347.0,2301.0,1630.0,1451.0,1201.0,1198.0,1203.0
0.0,9026.0,3677.0,3605.0,6286.0,2785.0,1008.0,526.0,1251.0,1201.0,1199.0,1205.0,1192.0,1232.0,1253.0,2503.0,3162.0,3361.0,1008.0,526.0,1251.0,1201.0,1199.0,1205.0
0.0,11635.0,3631.0,3606.0,5382.0,1125.0,0.0,97.0,1028.0,1202.0,1199.0,1205.0,1202.0,1201.0,1228.0,3796.0,4270.0,3569.0,0.0,97.0,1028.0,1202.0,1199.0,1205.0
0.0,13386.0,3647.0,3608.0,2785.0,1908.0,115.0,775.0,1018.0,1202.0,1199.0,1207.0,1210.0,1204.0,1233.0,4895.0,4699.0,3792.0,115.0,775.0,1018.0,1202.0,1199.0,1207.0
0.0,12524.0,3686.0,3610.0,1125.0,4477.0,1332.0,1911.0,1234.0,1203.0,1200.0,1207.0,1213.0,1229.0,1244.0,4693.0,4021.0,3810.0,1332.0,1911.0,1234.0,1203.0,1200.0,1207.0
0.0,9963.0,3635.0,3613.0,1908.0,6216.0,2415.0,2332.0,1469.0,1204.0,1200.0,1209.0,1194.0,1196.0,1245.0,3480.0,2889.0,3594.0,2415.0,2332.0,1469.0,1204.0,1200.0,1209.0
0.0,8236.0,3665.0,3614.0,4477.0,5408.0,2295.0,1650.0,1463.0,1204.0,1201.0,1209.0,1212.0,1225.0,1228.0,2401.0,2468.0,3367.0,2295.0,1650.0,1463.0,1204.0,1201.0,1209.0
0.0,9048.0,3728.0,3617.0,6216.0,2932.0,1129.0,556.0,1247.0,1205.0,1202.0,1210.0,1245.0,1234.0,1249.0,2521.0,3154.0,3373.0,1129.0,556.0,1247.0,1205.0,1202.0,1210.0
0.0,11536.0,3724.0,3621.0,5408.0,1264.0,73.0,156.0,1035.0,1206.0,1204.0,1211.0,1235.0,1242.0,1247.0,3691.0,4252.0,3593.0,73.0,156.0,1035.0,1206.0,1204.0,1211.0
0.0,13220.0,3596.0,3620.0,2932.0,1924.0,141.0,790.0,993.0,1206.0,1204.0,1210.0,1197.0,1190.0,1209.0,4751.0,4660.0,3809.0,141.0,790.0,993.0,1206.0,1204.0,1210.0
0.0,12556.0,3678.0,3621.0,1264.0,4342.0,1292.0,1854.0,1196.0,1206.0,1204.0,1211.0,1224.0,1220.0,1234.0,4683.0,4026.0,3847.0,1292.0,1854.0,1196.0,1206.0,1204.0,1211.0
0.0,10142.0,3788.0,3627.0,1924.0,6230.0,2411.0,2351.0,1468.0,1208.0,1206.0,1213.0,1252.0,1279.0,1257.0,3532.0,2962.0,3648.0,2411.0,2351.0,1468.0,1208.0,1206.0,1213.0
0.0,8278.0,3686.0,3629.0,4342.0,5582.0,2341.0,1730.0,1511.0,1208.0,1207.0,1214.0,1222.0,1229.0,1235.0,2421.0,2473.0,3384.0,2341.0,1730.0,1511.0,1208.0,1207.0,1214.0
0.0,8934.0,3643.0,3629.0,6230.0,2995.0,1141.0,589.0,1265.0,1208.0,1207.0,1214.0,1211.0,1210.0,1222.0,2491.0,3098.0,3345.0,1141.0,589.0,1265.0,1208.0,1207.0,1214.0
0.0,11521.0,3694.0,3632.0,5582.0,1119.0,30.0,95.0,994.0,1208.0,1209.0,1215.0,1230.0,1228.0,1236.0,3691.0,4239.0,3591.0,30.0,95.0,994.0,1208.0,1209.0,1215.0
0.0,13409.0,3617.0,3632.0,2995.0,1741.0,110.0,700.0,931.0,1208.0,1209.0,1215.0,1221.0,1194.0,1202.0,4802.0,4741.0,3866.0,110.0,700.0,931.0,1208.0,1209.0,1215.0
0.0,12787.0,3727.0,3632.0,1119.0,4349.0,1320.0,1867.0,1162.0,1208.0,1210.0,1214.0,1240.0,1258.0,1229.0,4722.0,4136.0,3929.0,1320.0,1867.0,1162.0,1208.0,1210.0,1214.0
0.0,10179.0,3654.0,3634.0,1741.0,6270.0,2405.0,2418.0,1447.0,1208.0,1211.0,1215.0,1195.0,1247.0,1212.0,3512.0,2973.0,3694.0,2405.0,2418.0,1447.0,1208.0,1211.0,1215.0
0.0,8266.0,3638.0,3635.0,4349.0,5563.0,2304.0,1781.0,1478.0,1208.0,1212.0,1215.0,1219.0,1226.0,1193.0,2427.0,2426.0,3413.0,2304.0,1781.0,1478.0,1208.0,1212.0,1215.0
0.0,8977.0,3615.0,3637.0,6270.0,2916.0,1105.0,594.0,1217.0,1209.0,1213.0,1215.0,1202.0,1227.0,1186.0,2528.0,3067.0,3382.0,1105.0,594.0,1217.0,1209.0,1213.0,1215.0
0.0,11632.0,3696.0,3639.0,5563.0,1057.0,27.0,46.0,984.0,1209.0,1214.0,1216.0,1226.0,1229.0,1241.0,3731.0,4258.0,3643.0,27.0,46.0,984.0,1209.0,1214.0,1216.0
0.0,13499.0,3630.0,3642.0,2916.0,1783.0,130.0,684.0,969.0,1210.0,1216.0,1216.0,1204.0,1224.0,1202.0,4809.0,4810.0,3880.0,130.0,684.0,969.0,1210.0,1216.0,1216.0
0.0,12785.0,3706.0,3645.0,1057.0,4444.0,1344.0,1881.0,1219.0,1211.0,1217.0,1217.0,1237.0,1239.0,1230.0,4710.0,4180.0,3895.0,1344.0,1881.0,1219.0,1211.0,1217.0,1217.0
0.0,10136.0,3590.0,3646.0,1783.0,6255.0,2430.0,2383.0,1442.0,1212.0,1217.0,1217.0,1212.0,1186.0,1192.0,3500.0,2987.0,3649.0,2430.0,2383.0,1442.0,1212.0,1217.0,1217.0
0.0,8329.0,3624.0,3647.0,4444.0,5439.0,2299.0,1702.0,1438.0,1213.0,1217.0,1217.0,1209.0,1200.0,1215.0,2418.0,2485.0,3426.0,2299.0,1702.0,1438.0,1213.0,1217.0,1217.0
0.0,9149.0,3688.0,3652.0,6255.0,2892.0,1104.0,556.0,1232.0,1215.0,1218.0,1219.0,1227.0,1233.0,1228.0,2553.0,3166.0,3430.0,1104.0,556.0,1232.0,1215.0,1218.0,1219.0
0.0,11716.0,3584.0,3651.0,5439.0,1053.0,0.0,56.0,997.0,1215.0,1218.0,1218.0,1175.0,1202.0,1207.0,3756.0,4316.0,3644.0,0.0,56.0,997.0,1215.0,1218.0,1218.0
0.0,13571.0,3653.0,3652.0,2892.0,1798.0,81.0,736.0,981.0,1215.0,1218.0,1219.0,1205.0,1236.0,1212.0,4880.0,4816.0,3875.0,81.0,736.0,981.0,1215.0,1218.0,1219.0
0.0,12810.0,3507.0,3651.0,1053.0,4248.0,1236.0,1869.0,1143.0,1215.0,1218.0,1218.0,1155.0,1189.0,1163.0,4779.0,4136.0,3895.0,1236.0,1869.0,1143.0,1215.0,1218.0,1218.0
0.0,10356.0,3591.0,3651.0,1798.0,6041.0,2352.0,2345.0,1344.0,1215.0,1218.0,1218.0,1197.0,1212.0,1182.0,3624.0,3003.0,3729.0,2352.0,2345.0,1344.0,1215.0,1218.0,1218.0
0.0,8563.0,3604.0,3650.0,4248.0,5393.0,2323.0,1658.0,1412.0,1215.0,1217.0,1218.0,1207.0,1186.0,1211.0,2508.0,2527.0,3528.0,2323.0,1658.0,1412.0,1215.0,1217.0,1218.0
0.0,9207.0,3642.0,3651.0,6041.0,2998.0,1174.0,548.0,1276.0,1215.0,1218.0,1218.0,1203.0,1231.0,1208.0,2537.0,3210.0,3460.0,1174.0,548.0,1276.0,1215.0,1218.0,1218.0
0.0,11606.0,3632.0,3651.0,5393.0,1237.0,45.0,109.0,1083.0,1215.0,1218.0,1218.0,1194.0,1219.0,1219.0,3686.0,4324.0,3596.0,45.0,109.0,1083.0,1215.0,1218.0,1218.0
0.0,13367.0,3666.0,3652.0,2998.0,1909.0,96.0,789.0,1024.0,1215.0,1218.0,1219.0,1225.0,1228.0,1213.0,4815.0,4763.0,3789.0,96.0,789.0,1024.0,1215.0,1218.0,1219.0
0.0,12699.0,3722.0,3654.0,1237.0,4402.0,1289.0,1932.0,1181.0,1216.0,1218.0,1220.0,1234.0,1252.0,1236.0,4764.0,4083.0,3852.0,1289.0,1932.0,1181.0,1216.0,1218.0,1220.0
0.0,10214.0,3645.0,3654.0,1909.0,6138.0,2425.0,2368.0,1345.0,1216.0,1219.0,1219.0,1232.0,1221.0,1192.0,3575.0,2940.0,3699.0,2425.0,2368.0,1345.0,1216.0,1219.0,1219.0
0.0,8478.0,3669.0,3656.0,4402.0,5413.0,2363.0,1670.0,1380.0,1217.0,1219.0,1220.0,1223.0,1234.0,1212.0,2439.0,2508.0,3531.0,2363.0,1670.0,1380.0,1217.0,1219.0,1220.0
0.0,9211.0,3685.0,3659.0,6138.0,2972.0,1183.0,525.0,1264.0,1218.0,1220.0,1221.0,1241.0,1219.0,1225.0,2505.0,3206.0,3500.0,1183.0,525.0,1264.0,1218.0,1220.0,1221.0
0.0,11664.0,3715.0,3660.0,5413.0,1278.0,62.0,77.0,1139.0,1218.0,1220.0,1222.0,1242.0,1222.0,1251.0,3689.0,4355.0,3620.0,62.0,77.0,1139.0,1218.0,1220.0,1222.0
0.0,13362.0,3655.0,3659.0,2972.0,1957.0,115.0,742.0,1100.0,1218.0,1219.0,1222.0,1236.0,1194.0,1225.0,4810.0,4803.0,3749.0,115.0,742.0,1100.0,1218.0,1219.0,1222.0
0.0,12679.0,3728.0,3662.0,1278.0,4419.0,1313.0,1895.0,1211.0,1219.0,1220.0,1223.0,1256.0,1226.0,1246.0,4757.0,4134.0,3788.0,1313.0,1895.0,1211.0,1219.0,1220.0,1223.0
0.0,10229.0,3763.0,3665.0,1957.0,6237.0,2486.0,2392.0,1359.0,1220.0,1221.0,1224.0,1284.0,1235.0,1244.0,3563.0,2985.0,3681.0,2486.0,2392.0,1359.0,1220.0,1221.0,1224.0
0.0,8423.0,3673.0,3664.0,4419.0,5487.0,2416.0,1694.0,1377.0,1220.0,1220.0,1224.0,1243.0,1201.0,1229.0,2394.0,2492.0,3537.0,2416.0,1694.0,1377.0,1220.0,1220.0,1224.0
0.0,9169.0,3703.0,3663.0,6237.0,2949.0,1162.0,538.0,1249.0,1219.0,1220.0,1224.0,1236.0,1236.0,1231.0,2464.0,3186.0,3519.0,1162.0,538.0,1249.0,1219.0,1220.0,1224.0
0.0,11703.0,3726.0,3663.0,5487.0,1213.0,0.0,93.0,1120.0,1219.0,1220.0,1224.0,1229.0,1249.0,1248.0,3714.0,4342.0,3647.0,0.0,93.0,1120.0,1219.0,1220.0,1224.0
0.0,13464.0,3723.0,3663.0,2949.0,1962.0,52.0,787.0,1123.0,1219.0,1220.0,1224.0,1239.0,1232.0,1252.0,4901.0,4787.0,3776.0,52.0,787.0,1123.0,1219.0,1220.0,1224.0
0.0,12690.0,3708.0,3666.0,1213.0,4469.0,1286.0,1952.0,1231.0,1220.0,1221.0,1225.0,1230.0,1254.0,1224.0,4824.0,4093.0,3773.0,1286.0,1952.0,1231.0,1220.0,1221.0,1225.0
0.0,10195.0,3719.0,3667.0,1962.0,6230.0,2465.0,2401.0,1364.0,1220.0,1222.0,1225.0,1231.0,1232.0,1256.0,3594.0,2932.0,3669.0,2465.0,2401.0,1364.0,1220.0,1222.0,1225.0
0.0,8438.0,3711.0,3669.0,4469.0,5480.0,2433.0,1696.0,1351.0,1221.0,1223.0,1225.0,1250.0,1243.0,1218.0,2415.0,2487.0,3536.0,2433.0,1696.0,1351.0,1221.0,1223.0,1225.0
0.0,9196.0,3639.0,3671.0,6230.0,2897.0,1166.0,524.0,1207.0,1221.0,1224.0,1226.0,1198.0,1225.0,1216.0,2451.0,3196.0,3549.0,1166.0,524.0,1207.0,1221.0,1224.0,1226.0
0.0,11787.0,3777.0,3672.0,5480.0,1228.0,0.0,116.0,1112.0,1221.0,1225.0,1226.0,1237.0,1284.0,1256.0,3718.0,4372.0,3697.0,0.0,116.0,1112.0,1221.0,1225.0,1226.0
0.0,13490.0,3713.0,3673.0,2897.0,2018.0,18.0,845.0,1155.0,1221.0,1226.0,1226.0,1214.0,1249.0,1250.0,4914.0,4784.0,3792.0,18.0,845.0,1155.0,1221.0,1226.0,1226.0
0.0,12674.0,3745.0,3673.0,1228.0,4535.0,1247.0,1994.0,1294.0,1221.0,1226.0,1226.0,1229.0,1265.0,1251.0,4866.0,4059.0,3749.0,1247.0,1994.0,1294.0,1221.0,1226.0,1226.0
0.0,10157.0,3746.0,3673.0,2018.0,6263.0,2462.0,2417.0,1384.0,1221.0,1227.0,1225.0,1233.0,1264.0,1249.0,3637.0,2910.0,3610.0,2462.0,2417.0,1384.0,1221.0,1227.0,1225.0
0.0,8429.0,3711.0,3676.0,4535.0,5451.0,2439.0,1670.0,1342.0,1222.0,1228.0,1226.0,1220.0,1243.0,1248.0,2422.0,2491.0,3516.0,2439.0,1670.0,1342.0,1222.0,1228.0,1226.0
0.0,9253.0,3703.0,3676.0,6263.0,2891.0,1207.0,487.0,1197.0,1222.0,1228.0,1226.0,1230.0,1234.0,1239.0,2449.0,3242.0,3562.0,1207.0,487.0,1197.0,1222.0,1228.0,1226.0
0.0,11813.0,3759.0,3679.0,5451.0,1211.0,5.0,71.0,1135.0,1223.0,1229.0,1227.0,1233.0,1250.0,1276.0,3681.0,4425.0,3707.0,5.0,71.0,1135.0,1223.0,1229.0,1227.0
0.0,13505.0,3721.0,3680.0,2891.0,2045.0,20.0,843.0,1182.0,1223.0,1230.0,1227.0,1222.0,1255.0,1244.0,4887.0,4845.0,3773.0,20.0,843.0,1182.0,1223.0,1230.0,1227.0
0.0,12675.0,3793.0,3682.0,1211.0,4635.0,1271.0,2056.0,1308.0,1224.0,1231.0,1227.0,1252.0,1280.0,1261.0,4872.0,4077.0,3726.0,1271.0,2056.0,1308.0,1224.0,1231.0,1227.0
0.0,10093.0,3725.0,3682.0,2045.0,6315.0,2475.0,2455.0,1385.0,1224.0,1231.0,1227.0,1224.0,1242.0,1259.0,3625.0,2868.0,3600.0,2475.0,2455.0,1385.0,1224.0,1231.0,1227.0
0.0,8413.0,3617.0,3679.0,4635.0,5285.0,2404.0,1609.0,1272.0,1223.0,1230.0,1226.0,1204.0,1214.0,1199.0,2421.0,2469.0,3523.0,2404.0,1609.0,1272.0,1223.0,1230.0,1226.0
0.0,9431.0,3822.0,3684.0,6315.0,2812.0,1206.0,440.0,1166.0,1224.0,1232.0,1228.0,1273.0,1278.0,1271.0,2488.0,3311.0,3632.0,1206.0,440.0,1166.0,1224.0,1232.0,1228.0
0.0,11924.0,3753.0,3685.0,5285.0,1284.0,56.0,73.0,1155.0,1225.0,1232.0,1228.0,1250.0,1242.0,1261.0,3690.0,4488.0,3746.0,56.0,73.0,1155.0,1225.0,1232.0,1228.0
0.0,13456.0,3718.0,3685.0,2812.0,2190.0,95.0,871.0,1224.0,1225.0,1232.0,1228.0,1245.0,1238.0,1235.0,4844.0,4855.0,3757.0,95.0,871.0,1224.0,1225.0,1232.0,1228.0
0.0,12550.0,3649.0,3683.0,1284.0,4547.0,1257.0,2009.0,1281.0,1225.0,1231.0,1227.0,1218.0,1215.0,1216.0,4805.0,4057.0,3688.0,1257.0,2009.0,1281.0,1225.0,1231.0,1227.0
0.0,10185.0,3731.0,3685.0,2190.0,6096.0,2410.0,2391.0,1295.0,1225.0,1232.0,1228.0,1248.0,1249.0,1234.0,3643.0,2915.0,3627.0,2410.0,2391.0,1295.0,1225.0,1232.0,1228.0
0.0,8644.0,3723.0,3686.0,4547.0,5276.0,2435.0,1595.0,1246.0,1226.0,1232.0,1228.0,1278.0,1213.0,1232.0,2490.0,2537.0,3617.0,2435.0,1595.0,1246.0,1226.0,1232.0,1228.0
0.0,9468.0,3714.0,3688.0,6096.0,2902.0,1279.0,449.0,1174.0,1227.0,1233.0,1228.0,1250.0,1241.0,1223.0,2469.0,3333.0,3666.0,1279.0,449.0,1174.0,1227.0,1233.0,1228.0
0.0,11850.0,3689.0,3687.0,5276.0,1311.0,97.0,61.0,1153.0,1227.0,1232.0,1228.0,1253.0,1211.0,1225.0,3629.0,4483.0,3738.0,97.0,61.0,1153.0,1227.0,1232.0,1228.0
0.0,13437.0,3634.0,3687.0,2902.0,2043.0,52.0,797.0,1194.0,1228.0,1231.0,1228.0,1230.0,1189.0,1215.0,4811.0,4867.0,3759.0,52.0,797.0,1194.0,1228.0,1231.0,1228.0
0.0,12705.0,3690.0,3687.0,1311.0,4422.0,1206.0,1972.0,1244.0,1228.0,1231.0,1228.0,1251.0,1236.0,1203.0,4860.0,4127.0,3718.0,1206.0,1972.0,1244.0,1228.0,1231.0,1228.0
0.0,10326.0,3694.0,3689.0,2043.0,6081.0,2402.0,2398.0,1281.0,1229.0,1231.0,1229.0,1244.0,1223.0,1227.0,3706.0,2952.0,3668.0,2402.0,2398.0,1281.0,1229.0,1231.0,1229.0
0.0,8675.0,3646.0,3688.0,4422.0,5301.0,2442.0,1620.0,1239.0,1230.0,1230.0,1228.0,1242.0,1198.0,1206.0,2514.0,2526.0,3635.0,2442.0,1620.0,1239.0,1230.0,1230.0,1228.0
0.0,9451.0,3580.0,3687.0,6081.0,2796.0,1266.0,413.0,1117.0,1230.0,1230.0,1227.0,1226.0,1191.0,1163.0,2478.0,3300.0,3673.0,1266.0,413.0,1117.0,1230.0,1230.0,1227.0
0.0,11952.0,3702.0,3687.0,5301.0,1197.0,70.0,30.0,1097.0,1230.0,1230.0,1227.0,1246.0,1237.0,1219.0,3654.0,4507.0,3791.0,70.0,30.0,1097.0,1230.0,1230.0,1227.0
0.0,13551.0,3681.0,3689.0,2796.0,2090.0,44.0,824.0,1222.0,1231.0,1230.0,1228.0,1236.0,1207.0,1238.0,4850.0,4890.0,3811.0,44.0,824.0,1222.0,1231.0,1230.0,1228.0
0.0,12666.0,3718.0,3691.0,1197.0,4619.0,1192.0,2041.0,1386.0,1231.0,1231.0,1229.0,1218.0,1243.0,1257.0,4880.0,4096.0,3690.0,1192.0,2041.0,1386.0,1231.0,1231.0,1229.0
0.0,10145.0,3650.0,3690.0,2090.0,6175.0,2359.0,2436.0,1380.0,1230.0,1231.0,1229.0,1215.0,1219.0,1216.0,3732.0,2883.0,3530.0,2359.0,2436.0,1380.0,1230.0,1231.0,1229.0
0.0,8585.0,3764.0,3694.0,4619.0,5336.0,2439.0,1651.0,1246.0,1232.0,1232.0,1230.0,1264.0,1252.0,1248.0,2561.0,2488.0,3536.0,2439.0,1651.0,1246.0,1232.0,1232.0,1230.0
0.0,9440.0,3683.0,3694.0,6175.0,2844.0,1307.0,444.0,1093.0,1233.0,1231.0,1230.0,1223.0,1233.0,1227.0,2489.0,3277.0,3674.0,1307.0,444.0,1093.0,1233.0,1231.0,1230.0
0.0,11932.0,3659.0,3697.0,5336.0,1179.0,93.0,32.0,1054.0,1234.0,1232.0,1231.0,1221.0,1235.0,1203.0,3625.0,4480.0,3827.0,93.0,32.0,1054.0,1234.0,1232.0,1231.0
0.0,13609.0,3647.0,3698.0,2844.0,1998.0,0.0,821.0,1177.0,1234.0,1233.0,1231.0,1202.0,1229.0,1216.0,4843.0,4896.0,3870.0,0.0,821.0,1177.0,1234.0,1233.0,1231.0
0.0,12806.0,3730.0,3700.0,1179.0,4545.0,1117.0,2042.0,1386.0,1234.0,1234.0,1232.0,1222.0,1249.0,1259.0,4948.0,4111.0,3747.0,1117.0,2042.0,1386.0,1234.0,1234.0,1232.0
0.0,10255.0,3767.0,3703.0,1998.0,6326.0,2354.0,2502.0,1470.0,1235.0,1235.0,1233.0,1233.0,1277.0,1257.0,3819.0,2894.0,3542.0,2354.0,2502.0,1470.0,1235.0,1235.0,1233.0
0.0,8486.0,3746.0,3705.0,4545.0,5535.0,2480.0,1734.0,1321.0,1236.0,1236.0,1233.0,1239.0,1270.0,1237.0,2586.0,2438.0,3462.0,2480.0,1734.0,1321.0,1236.0,1236.0,1233.0
0.0,9285.0,3793.0,3706.0,6326.0,3006.0,1392.0,495.0,1119.0,1236.0,1236.0,1234.0,1266.0,1263.0,1264.0,2464.0,3210.0,3611.0,1392.0,495.0,1119.0,1236.0,1236.0,1234.0
0.0,11818.0,3736.0,3707.0,5535.0,1211.0,149.0,36.0,1026.0,1236.0,1237.0,1234.0,1237.0,1271.0,1228.0,3552.0,4449.0,3817.0,149.0,36.0,1026.0,1236.0,1237.0,1234.0
0.0,13617.0,3767.0,3710.0,3006.0,1984.0,10.0,815.0,1159.0,1237.0,1238.0,1235.0,1249.0,1270.0,1248.0,4795.0,4912.0,3910.0,10.0,815.0,1159.0,1237.0,1238.0,1235.0
0.0,12856.0,3797.0,3712.0,1211.0,4578.0,1116.0,2066.0,1396.0,1237.0,1239.0,1236.0,1255.0,1283.0,1259.0,4938.0,4137.0,3781.0,1116.0,2066.0,1396.0,1237.0,1239.0,1236.0
0.0,10270.0,3780.0,3714.0,1984.0,6382.0,2391.0,2497.0,1494.0,1238.0,1239.0,1237.0,1281.0,1246.0,1253.0,3832.0,2890.0,3548.0,2391.0,2497.0,1494.0,1238.0,1239.0,1237.0
0.0,8474.0,3837.0,3716.0,4578.0,5649.0,2546.0,1719.0,1384.0,1239.0,1240.0,1237.0,1267.0,1284.0,1286.0,2561.0,2459.0,3454.0,2546.0,1719.0,1384.0,1239.0,1240.0,1237.0
0.0,9215.0,3857.0,3720.0,6382.0,3140.0,1427.0,523.0,1190.0,1239.0,1242.0,1239.0,1272.0,1293.0,1292.0,2410.0,3241.0,3564.0,1427.0,523.0,1190.0,1239.0,1242.0,1239.0
0.0,11740.0,3714.0,3720.0,5649.0,1205.0,115.0,64.0,1026.0,1239.0,1243.0,1238.0,1234.0,1256.0,1224.0,3529.0,4445.0,3766.0,115.0,64.0,1026.0,1239.0,1243.0,1238.0
0.0,13675.0,3778.0,3720.0,3140.0,1904.0,0.0,800.0,1104.0,1238.0,1243.0,1239.0,1255.0,1259.0,1264.0,4841.0,4908.0,3926.0,0.0,800.0,1104.0,1238.0,1243.0,1239.0
0.0,13037.0,3769.0,3722.0,1205.0,4415.0,1096.0,1984.0,1335.0,1239.0,1244.0,1239.0,1268.0,1244.0,1257.0,5013.0,4172.0,3852.0,1096.0,1984.0,1335.0,1239.0,1244.0,1239.0
0.0,10473.0,3844.0,3725.0,1904.0,6367.0,2383.0,2467.0,1517.0,1240.0,1245.0,1240.0,1283.0,1279.0,1282.0,3860.0,2992.0,3621.0,2383.0,2467.0,1517.0,1240.0,1245.0,1240.0
0.0,8533.0,3892.0,3728.0,4415.0,5856.0,2575.0,1781.0,1500.0,1241.0,1246.0,1241.0,1284.0,1294.0,1314.0,2577.0,2513.0,3443.0,2575.0,1781.0,1500.0,1241.0,1246.0,1241.0
0.0,9056.0,3763.0,3729.0,6367.0,3256.0,1436.0,570.0,1250.0,1241.0,1246.0,1242.0,1244.0,1256.0,1263.0,2389.0,3203.0,3464.0,1436.0,570.0,1250.0,1241.0,1246.0,1242.0
0.0,11660.0,3842.0,3732.0,5856.0,1254.0,155.0,59.0,1040.0,1242.0,1247.0,1243.0,1290.0,1266.0,1286.0,3528.0,4414.0,3718.0,155.0,59.0,1040.0,1242.0,1247.0,1243.0
0.0,13674.0,3825.0,3734.0,3256.0,1846.0,0.0,781.0,1065.0,1243.0,1248.0,1243.0,1262.0,1288.0,1275.0,4813.0,4929.0,3932.0,0.0,781.0,1065.0,1243.0,1248.0,1243.0
0.0,13105.0,3718.0,3733.0,1254.0,4291.0,1065.0,1937.0,1289.0,1242.0,1247.0,1244.0,1239.0,1219.0,1260.0,4987.0,4211.0,3907.0,1065.0,1937.0,1289.0,1242.0,1247.0,1244.0
0.0,10641.0,3863.0,3738.0,1846.0,6328.0,2352.0,2449.0,1527.0,1244.0,1248.0,1246.0,1279.0,1289.0,1295.0,3903.0,3051.0,3687.0,2352.0,2449.0,1527.0,1244.0,1248.0,1246.0
0.0,8624.0,3800.0,3739.0,4291.0,5841.0,2555.0,1776.0,1510.0,1245.0,1248.0,1246.0,1264.0,1264.0,1272.0,2624.0,2543.0,3457.0,2555.0,1776.0,1510.0,1245.0,1248.0,1246.0
0.0,9115.0,3837.0,3742.0,6328.0,3362.0,1473.0,616.0,1273.0,1246.0,1249.0,1247.0,1266.0,1285.0,1286.0,2425.0,3216.0,3474.0,1473.0,616.0,1273.0,1246.0,1249.0,1247.0
0.0,11606.0,3847.0,3742.0,5841.0,1368.0,172.0,140.0,1056.0,1246.0,1249.0,1247.0,1254.0,1300.0,1293.0,3511.0,4380.0,3715.0,172.0,140.0,1056.0,1246.0,1249.0,1247.0
0.0,13600.0,3778.0,3743.0,3362.0,1854.0,0.0,781.0,1073.0,1246.0,1249.0,1248.0,1235.0,1257.0,1286.0,4812.0,4856.0,3932.0,0.0,781.0,1073.0,1246.0,1249.0,1248.0
0.0,13184.0,3820.0,3746.0,1368.0,4252.0,1053.0,1907.0,1292.0,1247.0,1250.0,1249.0,1287.0,1262.0,1271.0,5050.0,4215.0,3919.0,1053.0,1907.0,1292.0,1247.0,1250.0,1249.0
0.0,10732.0,3715.0,3746.0,1854.0,6113.0,2278.0,2373.0,1462.0,1247.0,1250.0,1249.0,1225.0,1247.0,1243.0,3935.0,3093.0,3704.0,2278.0,2373.0,1462.0,1247.0,1250.0,1249.0
0.0,8871.0,3790.0,3747.0,4252.0,5655.0,2488.0,1719.0,1448.0,1248.0,1250.0,1249.0,1259.0,1253.0,1278.0,2710.0,2627.0,3534.0,2488.0,1719.0,1448.0,1248.0,1250.0,1249.0
0.0,9333.0,3780.0,3748.0,6113.0,3326.0,1475.0,595.0,1256.0,1249.0,1250.0,1249.0,1261.0,1249.0,1270.0,2504.0,3281.0,3548.0,1475.0,595.0,1256.0,1249.0,1250.0,1249.0
0.0,11666.0,3866.0,3749.0,5655.0,1541.0,281.0,164.0,1096.0,1249.0,1250.0,1250.0,1294.0,1288.0,1284.0,3521.0,4405.0,3740.0,281.0,164.0,1096.0,1249.0,1250.0,1250.0
0.0,13455.0,3761.0,3749.0,3326.0,1976.0,87.0,802.0,1087.0,1250.0,1250.0,1249.0,1277.0,1233.0,1251.0,4715.0,4836.0,3904.0,87.0,802.0,1087.0,1250.0,1250.0,1249.0
0.0,13020.0,3801.0,3754.0,1541.0,4256.0,1079.0,1911.0,1266.0,1252.0,1251.0,1251.0,1265.0,1269.0,1267.0,4913.0,4198.0,3909.0,1079.0,1911.0,1266.0,1252.0,1251.0,1251.0
0.0,10760.0,3786.0,3752.0,1976.0,6058.0,2241.0,2384.0,1433.0,1251.0,1251.0,1250.0,1253.0,1275.0,1258.0,3929.0,3093.0,3738.0,2241.0,2384.0,1433.0,1251.0,1251.0,1250.0
0.0,8950.0,3855.0,3754.0,4256.0,5665.0,2461.0,1750.0,1454.0,1252.0,1251.0,1251.0,1295.0,1277.0,1283.0,2763.0,2620.0,3567.0,2461.0,1750.0,1454.0,1252.0,1251.0,1251.0
0.0,9351.0,3707.0,3754.0,6058.0,3314.0,1464.0,582.0,1268.0,1252.0,1251.0,1251.0,1244.0,1216.0,1247.0,2547.0,3254.0,3550.0,1464.0,582.0,1268.0,1252.0,1251.0,1251.0
0.0,11702.0,3749.0,3756.0,5665.0,1406.0,288.0,60.0,1058.0,1253.0,1251.0,1252.0,1281.0,1228.0,1240.0,3544.0,4422.0,3736.0,288.0,60.0,1058.0,1253.0,1251.0,1252.0
0.0,13618.0,3768.0,3757.0,3314.0,1864.0,108.0,718.0,1038.0,1254.0,1251.0,1252.0,1280.0,1240.0,1248.0,4724.0,4944.0,3950.0,108.0,718.0,1038.0,1254.0,1251.0,1252.0
0.0,13164.0,3760.0,3758.0,1406.0,4222.0,1084.0,1910.0,1228.0,1254.0,1252.0,1252.0,1264.0,1248.0,1248.0,4908.0,4286.0,3970.0,1084.0,1910.0,1228.0,1254.0,1252.0,1252.0
0.0,10810.0,3815.0,3759.0,1864.0,6177.0,2264.0,2462.0,1451.0,1254.0,1252.0,1253.0,1288.0,1270.0,1257.0,3932.0,3098.0,3780.0,2264.0,2462.0,1451.0,1254.0,1252.0,1253.0
0.0,8859.0,3758.0,3761.0,4222.0,5721.0,2451.0,1816.0,1454.0,1255.0,1253.0,1253.0,1267.0,1260.0,1231.0,2752.0,2546.0,3561.0,2451.0,1816.0,1454.0,1255.0,1253.0,1253.0
0.0,9323.0,3765.0,3764.0,6177.0,3321.0,1471.0,618.0,1232.0,1256.0,1255.0,1253.0,1280.0,1256.0,1229.0,2569.0,3196.0,3558.0,1471.0,618.0,1232.0,1256.0,1255.0,1253.0
0.0,11735.0,3742.0,3764.0,5721.0,1342.0,264.0,56.0,1022.0,1255.0,1255.0,1254.0,1248.0,1254.0,1240.0,3553.0,4402.0,3780.0,264.0,56.0,1022.0,1255.0,1255.0,1254.0
0.0,13714.0,3576.0,3761.0,3321.0,1606.0,0.0,627.0,979.0,1254.0,1254.0,1253.0,1190.0,1193.0,1193.0,4756.0,4964.0,3994.0,0.0,627.0,979.0,1254.0,1254.0,1253.0
0.0,13459.0,3756.0,3763.0,1342.0,4007.0,956.0,1830.0,1221.0,1254.0,1255.0,1254.0,1241.0,1255.0,1260.0,5037.0,4389.0,4033.0,956.0,1830.0,1221.0,1254.0,1255.0,1254.0
0.0,11045.0,3760.0,3767.0,1606.0,6177.0,2231.0,2480.0,1466.0,1255.0,1257.0,1255.0,1271.0,1269.0,1220.0,4060.0,3190.0,3795.0,2231.0,2480.0,1466.0,1255.0,1257.0,1255.0
0.0,8891.0,3807.0,3770.0,4007.0,5989.0,2538.0,1930.0,1521.0,1256.0,1258.0,1256.0,1259.0,1276.0,1272.0,2789.0,2548.0,3554.0,2538.0,1930.0,1521.0,1256.0,1258.0,1256.0
0.0,9091.0,3824.0,3773.0,6177.0,3648.0,1554.0,763.0,1331.0,1256.0,1260.0,1257.0,1247.0,1305.0,1272.0,2486.0,3102.0,3503.0,1554.0,763.0,1331.0,1256.0,1260.0,1257.0
0.0,11444.0,3794.0,3773.0,5989.0,1453.0,269.0,111.0,1073.0,1256.0,1260.0,1257.0,1253.0,1278.0,1263.0,3470.0,4277.0,3697.0,269.0,111.0,1073.0,1256.0,1260.0,1257.0
0.0,13639.0,3727.0,3775.0,3648.0,1613.0,0.0,632.0,981.0,1256.0,1261.0,1258.0,1212.0,1280.0,1235.0,4755.0,4929.0,3955.0,0.0,632.0,981.0,1256.0,1261.0,1258.0
0.0,13560.0,3745.0,3775.0,1453.0,3832.0,907.0,1770.0,1155.0,1256.0,1261.0,1258.0,1249.0,1249.0,1247.0,5097.0,4412.0,4051.0,907.0,1770.0,1155.0,1256.0,1261.0,1258.0
0.0,11268.0,3751.0,3776.0,1613.0,5974.0,2142.0,2425.0,1407.0,1256.0,1262.0,1258.0,1235.0,1283.0,1233.0,4117.0,3274.0,3877.0,2142.0,2425.0,1407.0,1256.0,1262.0,1258.0
0.0,9130.0,3732.0,3778.0,3832.0,5882.0,2464.0,1912.0,1506.0,1256.0,1263.0,1259.0,1229.0,1253.0,1250.0,2882.0,2623.0,3625.0,2464.0,1912.0,1506.0,1256.0,1263.0,1259.0
0.0,9230.0,3748.0,3780.0,5974.0,3664.0,1566.0,765.0,1333.0,1257.0,1264.0,1259.0,1240.0,1274.0,1234.0,2560.0,3140.0,3530.0,1566.0,765.0,1333.0,1257.0,1264.0,1259.0
0.0,11456.0,3826.0,3782.0,5882.0,1616.0,358.0,135.0,1123.0,1258.0,1264.0,1260.0,1252.0,1282.0,1292.0,3462.0,4291.0,3703.0,358.0,135.0,1123.0,1258.0,1264.0,1260.0
0.0,13512.0,3852.0,3782.0,3664.0,1804.0,63.0,660.0,1081.0,1258.0,1264.0,1260.0,1271.0,1290.0,1291.0,4674.0,4921.0,3917.0,63.0,660.0,1081.0,1258.0,1264.0,1260.0
0.0,13324.0,3828.0,3784.0,1616.0,4024.0,999.0,1793.0,1232.0,1259.0,1264.0,1261.0,1290.0,1268.0,1270.0,4969.0,4396.0,3959.0,999.0,1793.0,1232.0,1259.0,1264.0,1261.0
0.0,11112.0,3807.0,3785.0,1804.0,6031.0,2223.0,2390.0,1418.0,1260.0,1264.0,1261.0,1283.0,1257.0,1267.0,4037.0,3263.0,3812.0,2223.0,2390.0,1418.0,1260.0,1264.0,1261.0
0.0,9109.0,3765.0,3785.0,4024.0,5772.0,2483.0,1854.0,1435.0,1260.0,1264.0,1261.0,1259.0,1257.0,1249.0,2817.0,2666.0,3626.0,2483.0,1854.0,1435.0,1260.0,1264.0,1261.0
0.0,9368.0,3849.0,3787.0,6031.0,3598.0,1553.0,738.0,1307.0,1261.0,1264.0,1262.0,1289.0,1274.0,1286.0,2557.0,3202.0,3609.0,1553.0,738.0,1307.0,1261.0,1264.0,1262.0
0.0,11550.0,3865.0,3789.0,5772.0,1699.0,368.0,164.0,1167.0,1262.0,1264.0,1263.0,1294.0,1280.0,1291.0,3491.0,4318.0,3741.0,368.0,164.0,1167.0,1262.0,1264.0,1263.0
0.0,13457.0,3855.0,3790.0,3598.0,1960.0,100.0,720.0,1140.0,1262.0,1265.0,1263.0,1285.0,1290.0,1280.0,4680.0,4892.0,3885.0,100.0,720.0,1140.0,1262.0,1265.0,1263.0
0.0,13200.0,3889.0,3791.0,1699.0,4154.0,1024.0,1840.0,1290.0,1262.0,1265.0,1264.0,1292.0,1284.0,1313.0,4948.0,4340.0,3912.0,1024.0,1840.0,1290.0,1262.0,1265.0,1264.0
0.0,11010.0,3774.0,3790.0,1960.0,5964.0,2181.0,2346.0,1437.0,1262.0,1264.0,1264.0,1257.0,1230.0,1287.0,4024.0,3220.0,3766.0,2181.0,2346.0,1437.0,1262.0,1264.0,1264.0
0.0,9196.0,3855.0,3792.0,4154.0,5673.0,2457.0,1763.0,1453.0,1263.0,1264.0,1265.0,1296.0,1257.0,1302.0,2867.0,2710.0,3619.0,2457.0,1763.0,1453.0,1263.0,1264.0,1265.0
0.0,9495.0,3856.0,3793.0,5964.0,3569.0,1589.0,680.0,1300.0,1264.0,1264.0,1265.0,1309.0,1263.0,1284.0,2595.0,3293.0,3607.0,1589.0,680.0,1300.0,1264.0,1264.0,1265.0
0.0,11603.0,3863.0,3795.0,5673.0,1767.0,450.0,187.0,1130.0,1265.0,1264.0,1266.0,1314.0,1270.0,1279.0,3467.0,4376.0,3760.0,450.0,187.0,1130.0,1265.0,1264.0,1266.0
0.0,13413.0,3996.0,3798.0,3569.0,2206.0,217.0,818.0,1171.0,1266.0,1265.0,1267.0,1352.0,1307.0,1337.0,4610.0,4869.0,3934.0,217.0,818.0,1171.0,1266.0,1265.0,1267.0
0.0,12986.0,3899.0,3798.0,1767.0,4338.0,1085.0,1898.0,1355.0,1267.0,1264.0,1267.0,1314.0,1271.0,1314.0,4847.0,4242.0,3897.0,1085.0,1898.0,1355.0,1267.0,1264.0,1267.0
0.0,10854.0,3943.0,3801.0,2206.0,6087.0,2176.0,2395.0,1516.0,1268.0,1265.0,1268.0,1304.0,1311.0,1328.0,3983.0,3158.0,3713.0,2176.0,2395.0,1516.0,1268.0,1265.0,1268.0
0.0,9117.0,3898.0,3803.0,4338.0,5655.0,2387.0,1791.0,1477.0,1268.0,1266.0,1269.0,1296.0,1290.0,1312.0,2896.0,2665.0,3556.0,2387.0,1791.0,1477.0,1268.0,1266.0,1269.0
0.0,9557.0,3903.0,3804.0,6087.0,3475.0,1517.0,696.0,1262.0,1269.0,1266.0,1269.0,1302.0,1300.0,1301.0,2685.0,3273.0,3599.0,1517.0,696.0,1262.0,1269.0,1266.0,1269.0
0.0,11741.0,3910.0,3807.0,5655.0,1742.0,441.0,195.0,1106.0,1270.0,1267.0,1270.0,1307.0,1286.0,1317.0,3559.0,4368.0,3814.0,441.0,195.0,1106.0,1270.0,1267.0,1270.0
0.0,13486.0,3952.0,3809.0,3475.0,2227.0,259.0,789.0,1179.0,1271.0,1267.0,1271.0,1331.0,1290.0,1331.0,4639.0,4873.0,3974.0,259.0,789.0,1179.0,1271.0,1267.0,1271.0
0.0,13009.0,3865.0,3811.0,1742.0,4358.0,1098.0,1899.0,1361.0,1272.0,1268.0,1271.0,1276.0,1301.0,1288.0,4825.0,4279.0,3905.0,1098.0,1899.0,1361.0,1272.0,1268.0,1271.0
0.0,10886.0,3822.0,3810.0,2227.0,5949.0,2095.0,2394.0,1460.0,1271.0,1268.0,1271.0,1260.0,1284.0,1278.0,3990.0,3173.0,3723.0,2095.0,2394.0,1460.0,1271.0,1268.0,1271.0
0.0,9291.0,3880.0,3811.0,4358.0,5475.0,2303.0,1775.0,1397.0,1272.0,1268.0,1271.0,1302.0,1280.0,1298.0,2989.0,2678.0,3624.0,2303.0,1775.0,1397.0,1272.0,1268.0,1271.0
0.0,9769.0,3977.0,3815.0,5949.0,3519.0,1553.0,717.0,1249.0,1274.0,1269.0,1272.0,1337.0,1332.0,1308.0,2785.0,3297.0,3687.0,1553.0,717.0,1249.0,1274.0,1269.0,1272.0
0.0,11741.0,3834.0,3816.0,5475.0,1882.0,504.0,236.0,1142.0,1274.0,1270.0,1272.0,1254.0,1290.0,1290.0,3543.0,4359.0,3839.0,504.0,236.0,1142.0,1274.0,1270.0,1272.0
0.0,13382.0,3848.0,3818.0,3519.0,2219.0,211.0,831.0,1177.0,1274.0,1271.0,1273.0,1260.0,1308.0,1280.0,4592.0,4844.0,3946.0,211.0,831.0,1177.0,1274.0,1271.0,1273.0
0.0,13053.0,3766.0,3817.0,1882.0,4099.0,965.0,1870.0,1264.0,1274.0,1271.0,1272.0,1258.0,1275.0,1233.0,4885.0,4253.0,3915.0,965.0,1870.0,1264.0,1274.0,1271.0,1272.0
0.0,11169.0,3928.0,3821.0,2219.0,5824.0,2045.0,2373.0,1406.0,1275.0,1273.0,1273.0,1287.0,1326.0,1315.0,4131.0,3214.0,3824.0,2045.0,2373.0,1406.0,1275.0,1273.0,1273.0
0.0,9460.0,3873.0,3821.0,4099.0,5598.0,2389.0,1791.0,1418.0,1275.0,1273.0,1273.0,1309.0,1288.0,1276.0,3055.0,2719.0,3686.0,2389.0,1791.0,1418.0,1275.0,1273.0,1273.0
0.0,9686.0,3827.0,3822.0,5824.0,3605.0,1605.0,726.0,1274.0,1275.0,1274.0,1273.0,1261.0,1304.0,1262.0,2711.0,3301.0,3674.0,1605.0,726.0,1274.0,1275.0,1274.0,1273.0
0.0,11683.0,3764.0,3821.0,5598.0,1767.0,489.0,182.0,1096.0,1275.0,1274.0,1272.0,1273.0,1247.0,1244.0,3495.0,4370.0,3818.0,489.0,182.0,1096.0,1275.0,1274.0,1272.0
0.0,13517.0,3786.0,3821.0,3605.0,1948.0,153.0,725.0,1070.0,1275.0,1274.0,1272.0,1269.0,1269.0,1248.0,4611.0,4914.0,3992.0,153.0,725.0,1070.0,1275.0,1274.0,1272.0
0.0,13336.0,3889.0,3822.0,1767.0,4074.0,981.0,1834.0,1259.0,1276.0,1274.0,1272.0,1313.0,1291.0,1285.0,4947.0,4371.0,4018.0,981.0,1834.0,1259.0,1276.0,1274.0,1272.0
0.0,11214.0,3820.0,3824.0,1948.0,5954.0,2106.0,2371.0,1477.0,1276.0,1275.0,1273.0,1278.0,1258.0,1284.0,4123.0,3262.0,3829.0,2106.0,2371.0,1477.0,1276.0,1275.0,1273.0
0.0,9342.0,3831.0,3826.0,4074.0,5719.0,2394.0,1818.0,1507.0,1276.0,1276.0,1274.0,1269.0,1277.0,1285.0,2998.0,2729.0,3615.0,2394.0,1818.0,1507.0,1276.0,1276.0,1274.0
0.0,9585.0,3854.0,3826.0,5954.0,3619.0,1583.0,730.0,1306.0,1276.0,1276.0,1274.0,1295.0,1283.0,1276.0,2710.0,3286.0,3589.0,1583.0,730.0,1306.0,1276.0,1276.0,1274.0
0.0,11685.0,3830.0,3829.0,5719.0,1742.0,475.0,191.0,1076.0,1277.0,1277.0,1275.0,1282.0,1275.0,1273.0,3521.0,4374.0,3790.0,475.0,191.0,1076.0,1277.0,1277.0,1275.0
0.0,13574.0,3814.0,3828.0,3619.0,1933.0,157.0,746.0,1030.0,1276.0,1277.0,1275.0,1269.0,1285.0,1260.0,4633.0,4917.0,4024.0,157.0,746.0,1030.0,1276.0,1277.0,1275.0
0.0,13379.0,3795.0,3830.0,1742.0,3994.0,962.0,1805.0,1227.0,1277.0,1277.0,1276.0,1276.0,1250.0,1269.0,4947.0,4362.0,4070.0,962.0,1805.0,1227.0,1277.0,1277.0,1276.0
0.0,11326.0,3812.0,3829.0,1933.0,5869.0,2075.0,2322.0,1472.0,1276.0,1277.0,1276.0,1274.0,1263.0,1275.0,4146.0,3303.0,3877.0,2075.0,2322.0,1472.0,1276.0,1277.0,1276.0
0.0,9447.0,3884.0,3833.0,3994.0,5775.0,2443.0,1797.0,1535.0,1278.0,1278.0,1277.0,1322.0,1276.0,1286.0,3029.0,2786.0,3632.0,2443.0,1797.0,1535.0,1278.0,1278.0,1277.0
0.0,9557.0,3870.0,3838.0,5869.0,3796.0,1665.0,768.0,1363.0,1280.0,1279.0,1279.0,1289.0,1289.0,1292.0,2669.0,3315.0,3573.0,1665.0,768.0,1363.0,1280.0,1279.0,1279.0
0.0,11556.0,3795.0,3838.0,5775.0,1816.0,495.0,227.0,1094.0,1280.0,1279.0,1279.0,1273.0,1256.0,1266.0,3455.0,4348.0,3753.0,495.0,227.0,1094.0,1280.0,1279.0,1279.0
0.0,13536.0,3839.0,3840.0,3796.0,1867.0,137.0,729.0,1001.0,1281.0,1279.0,1280.0,1303.0,1270.0,1266.0,4625.0,4889.0,4022.0,137.0,729.0,1001.0,1281.0,1279.0,1280.0
0.0,13493.0,3823.0,3840.0,1816.0,3874.0,915.0,1769.0,1190.0,1281.0,1279.0,1280.0,1273.0,1267.0,1283.0,4987.0,4387.0,4119.0,915.0,1769.0,1190.0,1281.0,1279.0,1280.0
0.0,11486.0,3831.0,3841.0,1867.0,5842.0,2062.0,2319.0,1461.0,1282.0,1279.0,1280.0,1280.0,1279.0,1272.0,4209.0,3347.0,3930.0,2062.0,2319.0,1461.0,1282.0,1279.0,1280.0
0.0,9522.0,3943.0,3844.0,3874.0,5923.0,2471.0,1824.0,1628.0,1283.0,1279.0,1282.0,1320.0,1274.0,1349.0,3066.0,2797.0,3659.0,2471.0,1824.0,1628.0,1283.0,1279.0,1282.0
0.0,9453.0,3797.0,3846.0,5842.0,3886.0,1684.0,775.0,1427.0,1284.0,1279.0,1283.0,1271.0,1270.0,1256.0,2661.0,3292.0,3500.0,1684.0,775.0,1427.0,1284.0,1279.0,1283.0
0.0,11498.0,3850.0,3847.0,5923.0,1817.0,504.0,233.0,1080.0,1285.0,1279.0,1283.0,1287.0,1282.0,1281.0,3452.0,4341.0,3705.0,504.0,233.0,1080.0,1285.0,1279.0,1283.0
0.0,13571.0,3831.0,3849.0,3886.0,1770.0,111.0,727.0,932.0,1286.0,1279.0,1284.0,1287.0,1269.0,1275.0,4636.0,4883.0,4052.0,111.0,727.0,932.0,1286.0,1279.0,1284.0
0.0,13626.0,3942.0,3854.0,1817.0,3915.0,927.0,1795.0,1193.0,1288.0,1280.0,1286.0,1312.0,1297.0,1333.0,5033.0,4389.0,4204.0,927.0,1795.0,1193.0,1288.0,1280.0,1286.0
0.0,11501.0,3866.0,3855.0,1770.0,6015.0,2093.0,2366.0,1556.0,1288.0,1280.0,1287.0,1277.0,1298.0,1291.0,4225.0,3325.0,3951.0,2093.0,2366.0,1556.0,1288.0,1280.0,1287.0
0.0,9405.0,3916.0,3857.0,3915.0,6024.0,2453.0,1866.0,1705.0,1289.0,1280.0,1288.0,1283.0,1295.0,1338.0,3059.0,2754.0,3592.0,2453.0,1866.0,1705.0,1289.0,1280.0,1288.0
0.0,9404.0,3848.0,3857.0,6015.0,3857.0,1618.0,790.0,1449.0,1289.0,1280.0,1288.0,1258.0,1290.0,1300.0,2703.0,3254.0,3447.0,1618.0,790.0,1449.0,1289.0,1280.0,1288.0
0.0,11571.0,3780.0,3856.0,6024.0,1609.0,404.0,188.0,1017.0,1288.0,1280.0,1288.0,1243.0,1264.0,1273.0,3538.0,4330.0,3703.0,404.0,188.0,1017.0,1288.0,1280.0,1288.0
0.0,13815.0,3846.0,3856.0,3857.0,1598.0,45.0,694.0,859.0,1287.0,1281.0,1288.0,1263.0,1292.0,1291.0,4748.0,4932.0,4135.0,45.0,694.0,859.0,1287.0,1281.0,1288.0
0.0,13826.0,4031.0,3861.0,1609.0,4040.0,989.0,1838.0,1213.0,1289.0,1282.0,1290.0,1340.0,1328.0,1363.0,5103.0,4430.0,4293.0,989.0,1838.0,1213.0,1289.0,1282.0,1290.0
0.0,11404.0,3946.0,3863.0,1598.0,6396.0,2255.0,2448.0,1693.0,1289.0,1283.0,1291.0,1311.0,1300.0,1335.0,4167.0,3290.0,3947.0,2255.0,2448.0,1693.0,1289.0,1283.0,1291.0
0.0,9056.0,3989.0,3866.0,4040.0,6357.0,2608.0,1927.0,1822.0,1290.0,1284.0,1292.0,1338.0,1313.0,1338.0,2901.0,2684.0,3471.0,2608.0,1927.0,1822.0,1290.0,1284.0,1292.0
0.0,9107.0,3857.0,3866.0,6396.0,3818.0,1624.0,746.0,1448.0,1290.0,1283.0,1293.0,1271.0,1271.0,1315.0,2552.0,3209.0,3346.0,1624.0,746.0,1448.0,1290.0,1283.0,1293.0
0.0,11646.0,3949.0,3867.0,6357.0,1414.0,326.0,151.0,937.0,1290.0,1284.0,1293.0,1310.0,1328.0,1311.0,3536.0,4386.0,3724.0,326.0,151.0,937.0,1290.0,1284.0,1293.0
0.0,14054.0,3905.0,3869.0,3818.0,1509.0,12.0,705.0,792.0,1291.0,1285.0,1293.0,1306.0,1296.0,1303.0,4834.0,4985.0,4235.0,12.0,705.0,792.0,1291.0,1285.0,1293.0
0.0,13967.0,3900.0,3870.0,1414.0,3999.0,989.0,1862.0,1148.0,1291.0,1286.0,1293.0,1303.0,1304.0,1293.0,5152.0,4435.0,4380.0,989.0,1862.0,1148.0,1291.0,1286.0,1293.0
0.0,11481.0,3946.0,3872.0,1509.0,6444.0,2287.0,2466.0,1691.0,1291.0,1287.0,1294.0,1310.0,1305.0,1331.0,4175.0,3282.0,4024.0,2287.0,2466.0,1691.0,1291.0,1287.0,1294.0
0.0,9044.0,3913.0,3874.0,3999.0,6366.0,2585.0,1914.0,1867.0,1291.0,1288.0,1295.0,1287.0,1306.0,1320.0,2877.0,2682.0,3485.0,2585.0,1914.0,1867.0,1291.0,1288.0,1295.0
0.0,9130.0,4035.0,3874.0,6444.0,3957.0,1653.0,796.0,1508.0,1291.0,1288.0,1295.0,1355.0,1348.0,1332.0,2579.0,3238.0,3313.0,1653.0,796.0,1508.0,1291.0,1288.0,1295.0
0.0,11539.0,4023.0,3877.0,6366.0,1626.0,416.0,231.0,979.0,1292.0,1290.0,1295.0,1344.0,1341.0,1338.0,3511.0,4356.0,3672.0,416.0,231.0,979.0,1292.0,1290.0,1295.0
0.0,13882.0,4063.0,3879.0,3957.0,1740.0,109.0,806.0,825.0,1292.0,1291.0,1296.0,1346.0,1367.0,1350.0,4752.0,4929.0,4201.0,109.0,806.0,825.0,1292.0,1291.0,1296.0
0.0,13776.0,3905.0,3879.0,1626.0,4019.0,1015.0,1867.0,1137.0,1293.0,1291.0,1295.0,1318.0,1292.0,1295.0,5059.0,4358.0,4359.0,1015.0,1867.0,1137.0,1293.0,1291.0,1295.0
0.0,11497.0,3852.0,3878.0,1740.0,6127.0,2205.0,2326.0,1596.0,1293.0,1290.0,1295.0,1299.0,1269.0,1284.0,4157.0,3297.0,4043.0,2205.0,2326.0,1596.0,1293.0,1290.0,1295.0
0.0,9385.0,4038.0,3880.0,4019.0,6154.0,2536.0,1819.0,1799.0,1293.0,1292.0,1295.0,1346.0,1352.0,1340.0,2967.0,2834.0,3584.0,2536.0,1819.0,1799.0,1293.0,1292.0,1295.0
0.0,9366.0,3945.0,3880.0,6127.0,3972.0,1651.0,808.0,1513.0,1293.0,1292.0,1295.0,1320.0,1315.0,1310.0,2636.0,3349.0,3381.0,1651.0,808.0,1513.0,1293.0,1292.0,1295.0
0.0,11548.0,3964.0,3883.0,6154.0,1794.0,433.0,316.0,1045.0,1294.0,1293.0,1296.0,1314.0,1323.0,1327.0,3521.0,4360.0,3667.0,433.0,316.0,1045.0,1294.0,1293.0,1296.0
0.0,13738.0,3869.0,3883.0,3972.0,1691.0,56.0,833.0,802.0,1294.0,1293.0,1296.0,1274.0,1325.0,1270.0,4743.0,4856.0,4139.0,56.0,833.0,802.0,1294.0,1293.0,1296.0
0.0,13841.0,3944.0,3884.0,1794.0,3845.0,938.0,1848.0,1059.0,1294.0,1294.0,1296.0,1315.0,1327.0,1302.0,5120.0,4339.0,4382.0,938.0,1848.0,1059.0,1294.0,1294.0,1296.0
0.0,11691.0,3855.0,3882.0,1691.0,6001.0,2161.0,2277.0,1563.0,1293.0,1293.0,1296.0,1283.0,1266.0,1306.0,4238.0,3328.0,4125.0,2161.0,2277.0,1563.0,1293.0,1293.0,1296.0
0.0,9527.0,3876.0,3882.0,3845.0,6032.0,2507.0,1741.0,1784.0,1294.0,1293.0,1295.0,1280.0,1312.0,1284.0,3011.0,2895.0,3621.0,2507.0,1741.0,1784.0,1294.0,1293.0,1295.0
0.0,9496.0,3891.0,3884.0,6001.0,3930.0,1644.0,761.0,1525.0,1295.0,1293.0,1296.0,1294.0,1297.0,1300.0,2669.0,3431.0,3396.0,1644.0,761.0,1525.0,1295.0,1293.0,1296.0
0.0,11606.0,3857.0,3885.0,6032.0,1759.0,434.0,286.0,1039.0,1295.0,1293.0,1297.0,1297.0,1266.0,1294.0,3536.0,4411.0,3659.0,434.0,286.0,1039.0,1295.0,1293.0,1297.0
0.0,13781.0,3911.0,3886.0,3930.0,1744.0,100.0,838.0,806.0,1296.0,1293.0,1297.0,1306.0,1313.0,1292.0,4746.0,4886.0,4149.0,100.0,838.0,806.0,1296.0,1293.0,1297.0
0.0,13800.0,3876.0,3885.0,1759.0,3857.0,946.0,1859.0,1052.0,1295.0,1293.0,1297.0,1284.0,1307.0,1285.0,5084.0,4334.0,4382.0,946.0,1859.0,1052.0,1295.0,1293.0,1297.0
0.0,11683.0,3876.0,3886.0,1744.0,5993.0,2151.0,2298.0,1544.0,1296.0,1293.0,1297.0,1301.0,1277.0,1298.0,4234.0,3313.0,4136.0,2151.0,2298.0,1544.0,1296.0,1293.0,1297.0
0.0,9551.0,3902.0,3889.0,3857.0,6050.0,2518.0,1731.0,1801.0,1297.0,1293.0,1299.0,1309.0,1292.0,1301.0,3033.0,2874.0,3644.0,2518.0,1731.0,1801.0,1297.0,1293.0,1299.0
0.0,9506.0,3926.0,3891.0,5993.0,3991.0,1675.0,747.0,1569.0,1297.0,1294.0,1300.0,1308.0,1310.0,1308.0,2670.0,3441.0,3395.0,1675.0,747.0,1569.0,1297.0,1294.0,1300.0
0.0,11573.0,3965.0,3893.0,6050.0,1914.0,498.0,331.0,1085.0,1298.0,1295.0,1300.0,1337.0,1311.0,1317.0,3513.0,4429.0,3631.0,498.0,331.0,1085.0,1298.0,1295.0,1300.0
0.0,13658.0,3864.0,3893.0,3991.0,1787.0,122.0,862.0,803.0,1298.0,1295.0,1300.0,1299.0,1278.0,1287.0,4694.0,4849.0,4115.0,122.0,862.0,803.0,1298.0,1295.0,1300.0
0.0,13785.0,4037.0,3898.0,1914.0,3930.0,992.0,1863.0,1075.0,1300.0,1296.0,1302.0,1360.0,1328.0,1349.0,5070.0,4318.0,4397.0,992.0,1863.0,1075.0,1300.0,1296.0,1302.0
0.0,11662.0,3893.0,3899.0,1787.0,6040.0,2195.0,2297.0,1548.0,1301.0,1296.0,1302.0,1321.0,1296.0,1276.0,4208.0,3321.0,4133.0,2195.0,2297.0,1548.0,1301.0,1296.0,1302.0
0.0,9556.0,4023.0,3902.0,3930.0,6145.0,2552.0,1775.0,1818.0,1302.0,1297.0,1303.0,1345.0,1337.0,1341.0,3009.0,2887.0,3660.0,2552.0,1775.0,1818.0,1302.0,1297.0,1303.0
0.0,9463.0,3900.0,3903.0,6040.0,4009.0,1656.0,759.0,1594.0,1302.0,1297.0,1304.0,1299.0,1281.0,1320.0,2656.0,3413.0,3394.0,1656.0,759.0,1594.0,1302.0,1297.0,1304.0
0.0,11603.0,3969.0,3907.0,6145.0,1849.0,461.0,296.0,1092.0,1304.0,1298.0,1305.0,1349.0,1308.0,1312.0,3552.0,4429.0,3622.0,461.0,296.0,1092.0,1304.0,1298.0,1305.0
0.0,13779.0,3893.0,3909.0,4009.0,1741.0,125.0,848.0,768.0,1305.0,1299.0,1305.0,1316.0,1307.0,1270.0,4755.0,4896.0,4128.0,125.0,848.0,768.0,1305.0,1299.0,1305.0
0.0,13895.0,3888.0,3908.0,1849.0,3776.0,974.0,1835.0,967.0,1304.0,1299.0,1305.0,1314.0,1283.0,1291.0,5095.0,4348.0,4452.0,974.0,1835.0,967.0,1304.0,1299.0,1305.0
0.0,11856.0,3955.0,3910.0,1741.0,5998.0,2171.0,2317.0,1510.0,1305.0,1300.0,1305.0,1318.0,1326.0,1311.0,4242.0,3361.0,4253.0,2171.0,2317.0,1510.0,1305.0,1300.0,1305.0
0.0,9642.0,3935.0,3913.0,3776.0,6169.0,2524.0,1790.0,1855.0,1306.0,1301.0,1306.0,1323.0,1304.0,1308.0,3049.0,2883.0,3710.0,2524.0,1790.0,1855.0,1306.0,1301.0,1306.0
0.0,9483.0,3812.0,3912.0,5998.0,3979.0,1614.0,742.0,1623.0,1305.0,1301.0,1306.0,1265.0,1269.0,1278.0,2700.0,3414.0,3369.0,1614.0,742.0,1623.0,1305.0,1301.0,1306.0
0.0,11669.0,4000.0,3916.0,6169.0,1826.0,434.0,266.0,1126.0,1306.0,1302.0,1308.0,1340.0,1310.0,1350.0,3606.0,4462.0,3601.0,434.0,266.0,1126.0,1306.0,1302.0,1308.0
0.0,13838.0,3927.0,3917.0,3979.0,1778.0,124.0,833.0,821.0,1307.0,1302.0,1308.0,1300.0,1309.0,1318.0,4790.0,4942.0,4106.0,124.0,833.0,821.0,1307.0,1302.0,1308.0
0.0,13890.0,3999.0,3919.0,1826.0,3959.0,1012.0,1919.0,1028.0,1307.0,1304.0,1308.0,1322.0,1344.0,1333.0,5104.0,4375.0,4411.0,1012.0,1919.0,1028.0,1307.0,1304.0,1308.0
0.0,11717.0,3942.0,3921.0,1778.0,6131.0,2182.0,2414.0,1535.0,1307.0,1305.0,1309.0,1294.0,1324.0,1324.0,4216.0,3297.0,4204.0,2182.0,2414.0,1535.0,1307.0,1305.0,1309.0
0.0,9553.0,3990.0,3925.0,3959.0,6178.0,2487.0,1839.0,1852.0,1308.0,1306.0,1311.0,1313.0,1340.0,1337.0,3046.0,2806.0,3701.0,2487.0,1839.0,1852.0,1308.0,1306.0,1311.0
0.0,9522.0,4031.0,3928.0,6131.0,4090.0,1633.0,776.0,1681.0,1309.0,1307.0,1312.0,1324.0,1347.0,1360.0,2745.0,3385.0,3392.0,1633.0,776.0,1681.0,1309.0,1307.0,1312.0
0.0,11622.0,3912.0,3928.0,6178.0,1824.0,430.0,246.0,1148.0,1308.0,1308.0,1312.0,1288.0,1305.0,1319.0,3603.0,4452.0,3567.0,430.0,246.0,1148.0,1308.0,1308.0,1312.0
0.0,13888.0,3948.0,3930.0,4090.0,1690.0,112.0,783.0,795.0,1309.0,1308.0,1313.0,1311.0,1313.0,1324.0,4802.0,4986.0,4100.0,112.0,783.0,795.0,1309.0,1308.0,1313.0
0.0,14030.0,3960.0,3930.0,1824.0,3826.0,982.0,1883.0,961.0,1309.0,1309.0,1312.0,1300.0,1342.0,1318.0,5124.0,4449.0,4457.0,982.0,1883.0,961.0,1309.0,1309.0,1312.0
0.0,11894.0,4002.0,3933.0,1690.0,6150.0,2194.0,2442.0,1514.0,1310.0,1310.0,1313.0,1320.0,1338.0,1344.0,4254.0,3353.0,4287.0,2194.0,2442.0,1514.0,1310.0,1310.0,1313.0
0.0,9582.0,3974.0,3936.0,3826.0,6310.0,2512.0,1909.0,1889.0,1311.0,1311.0,1314.0,1296.0,1346.0,1332.0,3046.0,2798.0,3738.0,2512.0,1909.0,1889.0,1311.0,1311.0,1314.0
0.0,9434.0,3910.0,3939.0,6150.0,4082.0,1601.0,783.0,1698.0,1312.0,1312.0,1315.0,1279.0,1312.0,1319.0,2732.0,3335.0,3367.0,1601.0,783.0,1698.0,1312.0,1312.0,1315.0
0.0,11674.0,4007.0,3937.0,6310.0,1771.0,416.0,221.0,1134.0,1311.0,1312.0,1314.0,1331.0,1347.0,1329.0,3647.0,4465.0,3562.0,416.0,221.0,1134.0,1311.0,1312.0,1314.0
0.0,13977.0,4056.0,3940.0,4082.0,1757.0,153.0,800.0,804.0,1312.0,1313.0,1315.0,1334.0,1358.0,1364.0,4828.0,5027.0,4122.0,153.0,800.0,804.0,1312.0,1313.0,1315.0
0.0,14003.0,3948.0,3939.0,1771.0,3930.0,1063.0,1884.0,983.0,1312.0,1313.0,1314.0,1326.0,1305.0,1317.0,5095.0,4452.0,4456.0,1063.0,1884.0,983.0,1312.0,1313.0,1314.0
0.0,11826.0,4018.0,3942.0,1757.0,6203.0,2249.0,2436.0,1518.0,1313.0,1314.0,1315.0,1335.0,1348.0,1335.0,4185.0,3368.0,4273.0,2249.0,2436.0,1518.0,1313.0,1314.0,1315.0
0.0,9565.0,4049.0,3943.0,3930.0,6326.0,2523.0,1923.0,1880.0,1313.0,1315.0,1315.0,1337.0,1367.0,1345.0,3003.0,2820.0,3742.0,2523.0,1923.0,1880.0,1313.0,1315.0,1315.0
0.0,9446.0,4122.0,3948.0,6203.0,4265.0,1669.0,863.0,1733.0,1315.0,1317.0,1316.0,1387.0,1368.0,1367.0,2729.0,3337.0,3380.0,1669.0,863.0,1733.0,1315.0,1317.0,1316.0
0.0,11527.0,4049.0,3951.0,6326.0,2000.0,510.0,262.0,1228.0,1316.0,1317.0,1318.0,1360.0,1322.0,1367.0,3591.0,4405.0,3531.0,510.0,262.0,1228.0,1316.0,1317.0,1318.0
0.0,13804.0,3932.0,3950.0,4265.0,1663.0,170.0,691.0,802.0,1316.0,1317.0,1317.0,1329.0,1292.0,1311.0,4754.0,5006.0,4044.0,170.0,691.0,802.0,1316.0,1317.0,1317.0
0.0,14137.0,3992.0,3953.0,2000.0,3667.0,1021.0,1737.0,909.0,1318.0,1317.0,1318.0,1353.0,1308.0,1331.0,5094.0,4577.0,4466.0,1021.0,1737.0,909.0,1318.0,1317.0,1318.0
0.0,12145.0,4042.0,3952.0,1663.0,6042.0,2215.0,2351.0,1476.0,1318.0,1316.0,1318.0,1364.0,1309.0,1369.0,4251.0,3531.0,4363.0,2215.0,2351.0,1476.0,1318.0,1316.0,1318.0
0.0,9766.0,3987.0,3951.0,3667.0,6358.0,2543.0,1912.0,1903.0,1318.0,1315.0,1318.0,1349.0,1302.0,1336.0,3057.0,2913.0,3796.0,2543.0,1912.0,1903.0,1318.0,1315.0,1318.0
0.0,9446.0,4128.0,3952.0,6042.0,4448.0,1697.0,933.0,1818.0,1318.0,1315.0,1319.0,1369.0,1372.0,1387.0,2729.0,3348.0,3369.0,1697.0,933.0,1818.0,1318.0,1315.0,1319.0
0.0,11360.0,3932.0,3953.0,6358.0,2026.0,466.0,332.0,1228.0,1318.0,1316.0,1319.0,1312.0,1307.0,1313.0,3575.0,4327.0,3458.0,466.0,332.0,1228.0,1318.0,1316.0,1319.0
0.0,13786.0,4096.0,3958.0,4448.0,1694.0,160.0,755.0,779.0,1320.0,1317.0,1321.0,1383.0,1352.0,1361.0,4806.0,4932.0,4048.0,160.0,755.0,779.0,1320.0,1317.0,1321.0
0.0,14138.0,4031.0,3958.0,2026.0,3699.0,1039.0,1741.0,919.0,1320.0,1317.0,1321.0,1345.0,1318.0,1368.0,5120.0,4513.0,4505.0,1039.0,1741.0,919.0,1320.0,1317.0,1321.0
0.0,12133.0,3957.0,3959.0,1694.0,5966.0,2204.0,2297.0,1465.0,1320.0,1317.0,1322.0,1325.0,1311.0,1321.0,4241.0,3527.0,4365.0,2204.0,2297.0,1465.0,1320.0,1317.0,1322.0
0.0,9870.0,4065.0,3960.0,3699.0,6336.0,2536.0,1902.0,1898.0,1321.0,1317.0,1322.0,1367.0,1346.0,1352.0,3076.0,2971.0,3823.0,2536.0,1902.0,1898.0,1321.0,1317.0,1322.0
0.0,9504.0,4182.0,3966.0,5966.0,4576.0,1723.0,1004.0,1849.0,1323.0,1318.0,1325.0,1383.0,1395.0,1404.0,2748.0,3366.0,3390.0,1723.0,1004.0,1849.0,1323.0,1318.0,1325.0
0.0,11288.0,4033.0,3969.0,6336.0,2285.0,529.0,457.0,1299.0,1324.0,1319.0,1326.0,1338.0,1351.0,1344.0,3569.0,4268.0,3451.0,529.0,457.0,1299.0,1324.0,1319.0,1326.0
0.0,13591.0,3929.0,3970.0,4576.0,1642.0,107.0,770.0,765.0,1324.0,1320.0,1326.0,1301.0,1313.0,1315.0,4767.0,4819.0,4005.0,107.0,770.0,765.0,1324.0,1320.0,1326.0
0.0,14238.0,3971.0,3971.0,2285.0,3332.0,901.0,1658.0,773.0,1325.0,1320.0,1326.0,1319.0,1345.0,1307.0,5189.0,4510.0,4539.0,901.0,1658.0,773.0,1325.0,1320.0,1326.0
0.0,12552.0,3993.0,3973.0,1642.0,5691.0,2145.0,2193.0,1353.0,1326.0,1320.0,1327.0,1347.0,1305.0,1341.0,4399.0,3622.0,4531.0,2145.0,2193.0,1353.0,1326.0,1320.0,1327.0
0.0,10201.0,3988.0,3975.0,3332.0,6355.0,2559.0,1895.0,1901.0,1326.0,1322.0,1327.0,1315.0,1352.0,1321.0,3159.0,3087.0,3955.0,2559.0,1895.0,1901.0,1326.0,1322.0,1327.0
0.0,9545.0,4049.0,3978.0,5691.0,4725.0,1733.0,1085.0,1907.0,1326.0,1323.0,1329.0,1319.0,1379.0,1351.0,2745.0,3393.0,3407.0,1733.0,1085.0,1907.0,1326.0,1323.0,1329.0
0.0,11187.0,4071.0,3983.0,6355.0,2461.0,548.0,567.0,1346.0,1328.0,1325.0,1330.0,1366.0,1369.0,1336.0,3571.0,4207.0,3409.0,548.0,567.0,1346.0,1328.0,1325.0,1330.0
0.0,13471.0,4009.0,3985.0,4725.0,1753.0,160.0,827.0,766.0,1329.0,1326.0,1330.0,1341.0,1341.0,1327.0,4764.0,4733.0,3974.0,160.0,827.0,766.0,1329.0,1326.0,1330.0
0.0,14187.0,4076.0,3987.0,2461.0,3376.0,961.0,1629.0,786.0,1329.0,1327.0,1331.0,1349.0,1365.0,1362.0,5156.0,4477.0,4554.0,961.0,1629.0,786.0,1329.0,1327.0,1331.0
0.0,12572.0,4024.0,3990.0,1753.0,5659.0,2148.0,2146.0,1365.0,1330.0,1328.0,1332.0,1343.0,1340.0,1341.0,4355.0,3679.0,4538.0,2148.0,2146.0,1365.0,1330.0,1328.0,1332.0
0.0,10301.0,3998.0,3990.0,3376.0,6281.0,2516.0,1854.0,1911.0,1330.0,1328.0,1332.0,1329.0,1337.0,1332.0,3172.0,3166.0,3963.0,2516.0,1854.0,1911.0,1330.0,1328.0,1332.0
0.0,9679.0,3985.0,3993.0,5659.0,4619.0,1718.0,1028.0,1873.0,1331.0,1329.0,1333.0,1346.0,1316.0,1323.0,2804.0,3458.0,3417.0,1718.0,1028.0,1873.0,1331.0,1329.0,1333.0
0.0,11353.0,3983.0,3991.0,6281.0,2313.0,536.0,510.0,1267.0,1330.0,1329.0,1332.0,1338.0,1336.0,1309.0,3606.0,4288.0,3459.0,536.0,510.0,1267.0,1330.0,1329.0,1332.0
0.0,13651.0,4034.0,3994.0,4619.0,1740.0,178.0,829.0,733.0,1331.0,1330.0,1333.0,1356.0,1343.0,1335.0,4784.0,4806.0,4061.0,178.0,829.0,733.0,1331.0,1330.0,1333.0
0.0,14236.0,4002.0,3994.0,2313.0,3429.0,974.0,1654.0,801.0,1331.0,1330.0,1333.0,1332.0,1335.0,1335.0,5146.0,4491.0,4599.0,974.0,1654.0,801.0,1331.0,1330.0,1333.0
0.0,12547.0,4031.0,3996.0,1740.0,5728.0,2116.0,2183.0,1429.0,1331.0,1331.0,1334.0,1320.0,1354.0,1357.0,4350.0,3666.0,4531.0,2116.0,2183.0,1429.0,1331.0,1331.0,1334.0
0.0,10256.0,3987.0,3997.0,3429.0,6290.0,2461.0,1868.0,1961.0,1331.0,1332.0,1334.0,1319.0,1335.0,1333.0,3208.0,3141.0,3907.0,2461.0,1868.0,1961.0,1331.0,1332.0,1334.0
0.0,9698.0,4042.0,4000.0,5728.0,4616.0,1703.0,1027.0,1886.0,1331.0,1333.0,1336.0,1358.0,1338.0,1346.0,2863.0,3460.0,3375.0,1703.0,1027.0,1886.0,1331.0,1333.0,1336.0
0.0,11384.0,3916.0,4000.0,6290.0,2242.0,530.0,466.0,1246.0,1331.0,1333.0,1336.0,1288.0,1307.0,1321.0,3621.0,4305.0,3458.0,530.0,466.0,1246.0,1331.0,1333.0,1336.0
0.0,13758.0,3987.0,4001.0,4616.0,1617.0,159.0,770.0,688.0,1331.0,1333.0,1337.0,1332.0,1331.0,1324.0,4794.0,4866.0,4098.0,159.0,770.0,688.0,1331.0,1333.0,1337.0
0.0,14387.0,3981.0,4001.0,2242.0,3356.0,948.0,1619.0,789.0,1331.0,1333.0,1337.0,1319.0,1315.0,1347.0,5165.0,4562.0,4660.0,948.0,1619.0,789.0,1331.0,1333.0,1337.0
0.0,12648.0,3995.0,4005.0,1617.0,5750.0,2123.0,2177.0,1450.0,1332.0,1334.0,1339.0,1330.0,1324.0,1341.0,4376.0,3713.0,4559.0,2123.0,2177.0,1450.0,1332.0,1334.0,1339.0
0.0,10270.0,4051.0,4006.0,3356.0,6449.0,2513.0,1908.0,2028.0,1332.0,1335.0,1339.0,1338.0,1346.0,1367.0,3205.0,3159.0,3906.0,2513.0,1908.0,2028.0,1332.0,1335.0,1339.0
0.0,9575.0,3987.0,4007.0,5750.0,4690.0,1726.0,1046.0,1918.0,1333.0,1335.0,1339.0,1332.0,1315.0,1340.0,2815.0,3432.0,3328.0,1726.0,1046.0,1918.0,1333.0,1335.0,1339.0
0.0,11338.0,4043.0,4008.0,6449.0,2288.0,554.0,476.0,1258.0,1333.0,1335.0,1340.0,1341.0,1338.0,1364.0,3606.0,4294.0,3438.0,554.0,476.0,1258.0,1333.0,1335.0,1340.0
0.0,13744.0,3933.0,4009.0,4690.0,1535.0,138.0,732.0,665.0,1334.0,1335.0,1340.0,1306.0,1302.0,1325.0,4778.0,4864.0,4102.0,138.0,732.0,665.0,1334.0,1335.0,1340.0
0.0,14501.0,4066.0,4010.0,2288.0,3317.0,912.0,1606.0,799.0,1334.0,1335.0,1341.0,1328.0,1350.0,1388.0,5198.0,4608.0,4695.0,912.0,1606.0,799.0,1334.0,1335.0,1341.0
0.0,12723.0,4011.0,4009.0,1535.0,5789.0,2111.0,2194.0,1484.0,1334.0,1334.0,1341.0,1337.0,1324.0,1350.0,4424.0,3734.0,4565.0,2111.0,2194.0,1484.0,1334.0,1334.0,1341.0
0.0,10247.0,4073.0,4012.0,3317.0,6557.0,2566.0,1922.0,2069.0,1335.0,1335.0,1342.0,1363.0,1330.0,1380.0,3225.0,3142.0,3880.0,2566.0,1922.0,2069.0,1335.0,1335.0,1342.0
0.0,9491.0,3991.0,4013.0,5789.0,4763.0,1758.0,1088.0,1917.0,1335.0,1336.0,1342.0,1303.0,1356.0,1332.0,2774.0,3418.0,3299.0,1758.0,1088.0,1917.0,1335.0,1336.0,1342.0
0.0,11289.0,3919.0,4012.0,6557.0,2121.0,489.0,458.0,1174.0,1335.0,1335.0,1342.0,1297.0,1296.0,1326.0,3582.0,4256.0,3451.0,489.0,458.0,1174.0,1335.0,1335.0,1342.0
0.0,13927.0,4107.0,4014.0,4763.0,1473.0,111.0,718.0,644.0,1336.0,1335.0,1343.0,1376.0,1348.0,1383.0,4851.0,4882.0,4194.0,111.0,718.0,644.0,1336.0,1335.0,1343.0
0.0,14583.0,4078.0,4016.0,2121.0,3438.0,978.0,1608.0,852.0,1337.0,1335.0,1344.0,1352.0,1348.0,1378.0,5233.0,4622.0,4728.0,978.0,1608.0,852.0,1337.0,1335.0,1344.0
0.0,12626.0,4083.0,4020.0,1473.0,6064.0,2230.0,2240.0,1594.0,1339.0,1336.0,1345.0,1355.0,1346.0,1382.0,4370.0,3732.0,4524.0,2230.0,2240.0,1594.0,1339.0,1336.0,1345.0
0.0,10016.0,4109.0,4022.0,3438.0,6743.0,2631.0,1992.0,2120.0,1340.0,1336.0,1346.0,1375.0,1360.0,1374.0,3126.0,3104.0,3786.0,2631.0,1992.0,2120.0,1340.0,1336.0,1346.0
0.0,9345.0,4003.0,4020.0,6064.0,4674.0,1741.0,1076.0,1857.0,1340.0,1335.0,1345.0,1340.0,1328.0,1335.0,2729.0,3352.0,3264.0,1741.0,1076.0,1857.0,1340.0,1335.0,1345.0
0.0,11406.0,4109.0,4024.0,6743.0,2056.0,482.0,464.0,1110.0,1341.0,1337.0,1346.0,1368.0,1372.0,1369.0,3619.0,4264.0,3523.0,482.0,464.0,1110.0,1341.0,1337.0,1346.0
0.0,14040.0,3952.0,4022.0,4674.0,1326.0,52.0,705.0,569.0,1340.0,1336.0,1346.0,1315.0,1321.0,1316.0,4882.0,4884.0,4274.0,52.0,705.0,569.0,1340.0,1336.0,1346.0
0.0,14762.0,4116.0,4023.0,2056.0,3390.0,951.0,1621.0,818.0,1341.0,1336.0,1346.0,1377.0,1380.0,1359.0,5308.0,4639.0,4815.0,951.0,1621.0,818.0,1341.0,1336.0,1346.0
0.0,12702.0,4143.0,4024.0,1326.0,6211.0,2290.0,2306.0,1615.0,1341.0,1337.0,1346.0,1391.0,1386.0,1366.0,4413.0,3723.0,4566.0,2290.0,2306.0,1615.0,1341.0,1337.0,1346.0
0.0,9885.0,4148.0,4026.0,3390.0,6977.0,2744.0,2075.0,2158.0,1342.0,1338.0,1346.0,1401.0,1386.0,1361.0,3074.0,3042.0,3769.0,2744.0,2075.0,2158.0,1342.0,1338.0,1346.0
0.0,9127.0,4106.0,4030.0,6211.0,4888.0,1839.0,1154.0,1895.0,1343.0,1340.0,1347.0,1381.0,1377.0,1348.0,2624.0,3277.0,3226.0,1839.0,1154.0,1895.0,1343.0,1340.0,1347.0
0.0,11232.0,4104.0,4031.0,6977.0,2019.0,463.0,455.0,1101.0,1343.0,1341.0,1347.0,1368.0,1372.0,1364.0,3533.0,4206.0,3493.0,463.0,455.0,1101.0,1343.0,1341.0,1347.0
0.0,14105.0,4100.0,4033.0,4888.0,1239.0,8.0,685.0,546.0,1344.0,1342.0,1347.0,1380.0,1380.0,1340.0,4909.0,4909.0,4287.0,8.0,685.0,546.0,1344.0,1342.0,1347.0
0.0,14893.0,4106.0,4035.0,2019.0,3334.0,922.0,1617.0,795.0,1344.0,1344.0,1347.0,1377.0,1379.0,1350.0,5368.0,4683.0,4842.0,922.0,1617.0,795.0,1344.0,1344.0,1347.0
0.0,12806.0,3967.0,4031.0,1239.0,6046.0,2243.0,2268.0,1535.0,1343.0,1343.0,1345.0,1333.0,1340.0,1294.0,4454.0,3759.0,4593.0,2243.0,2268.0,1535.0,1343.0,1343.0,1345.0
0.0,10078.0,4090.0,4035.0,3334.0,6818.0,2690.0,2049.0,2079.0,1344.0,1345.0,1346.0,1365.0,1390.0,1335.0,3129.0,3104.0,3845.0,2690.0,2049.0,2079.0,1344.0,1345.0,1346.0
0.0,9322.0,4140.0,4035.0,6046.0,4912.0,1813.0,1175.0,1924.0,1344.0,1345.0,1346.0,1366.0,1394.0,1380.0,2686.0,3331.0,3305.0,1813.0,1175.0,1924.0,1344.0,1345.0,1346.0
0.0,11228.0,4066.0,4035.0,6818.0,2160.0,491.0,495.0,1174.0,1344.0,1346.0,1345.0,1368.0,1365.0,1333.0,3563.0,4205.0,3460.0,491.0,495.0,1174.0,1344.0,1346.0,1345.0
0.0,13980.0,4117.0,4039.0,4912.0,1381.0,47.0,717.0,617.0,1345.0,1348.0,1346.0,1365.0,1389.0,1363.0,4885.0,4889.0,4206.0,47.0,717.0,617.0,1345.0,1348.0,1346.0
0.0,14775.0,4120.0,4040.0,2160.0,3345.0,922.0,1619.0,804.0,1345.0,1349.0,1346.0,1366.0,1393.0,1361.0,5333.0,4675.0,4767.0,922.0,1619.0,804.0,1345.0,1349.0,1346.0
0.0,12815.0,4085.0,4039.0,1381.0,6045.0,2236.0,2252.0,1557.0,1345.0,1348.0,1346.0,1361.0,1354.0,1370.0,4458.0,3777.0,4580.0,2236.0,2252.0,1557.0,1345.0,1348.0,1346.0
0.0,10111.0,4118.0,4041.0,3345.0,6826.0,2695.0,2015.0,2116.0,1346.0,1349.0,1346.0,1377.0,1378.0,1363.0,3144.0,3140.0,3827.0,2695.0,2015.0,2116.0,1346.0,1349.0,1346.0
0.0,9338.0,4136.0,4044.0,6045.0,4929.0,1837.0,1167.0,1925.0,1347.0,1350.0,1347.0,1374.0,1400.0,1362.0,2689.0,3381.0,3268.0,1837.0,1167.0,1925.0,1347.0,1350.0,1347.0
0.0,11247.0,4085.0,4047.0,6826.0,2200.0,496.0,534.0,1170.0,1348.0,1351.0,1348.0,1350.0,1378.0,1357.0,3551.0,4233.0,3463.0,496.0,534.0,1170.0,1348.0,1351.0,1348.0
0.0,13988.0,4097.0,4048.0,4929.0,1372.0,15.0,758.0,599.0,1348.0,1352.0,1348.0,1356.0,1387.0,1354.0,4896.0,4870.0,4222.0,15.0,758.0,599.0,1348.0,1352.0,1348.0
0.0,14820.0,4038.0,4050.0,2200.0,3218.0,849.0,1587.0,782.0,1348.0,1353.0,1349.0,1330.0,1359.0,1349.0,5377.0,4650.0,4793.0,849.0,1587.0,782.0,1348.0,1353.0,1349.0
0.0,12982.0,4020.0,4049.0,1372.0,5862.0,2152.0,2177.0,1533.0,1348.0,1352.0,1349.0,1318.0,1352.0,1350.0,4543.0,3825.0,4614.0,2152.0,2177.0,1533.0,1348.0,1352.0,1349.0
0.0,10334.0,4105.0,4050.0,3218.0,6753.0,2666.0,1945.0,2142.0,1348.0,1352.0,1350.0,1363.0,1355.0,1387.0,3240.0,3231.0,3863.0,2666.0,1945.0,2142.0,1348.0,1352.0,1350.0
0.0,9447.0,4150.0,4053.0,5862.0,5053.0,1900.0,1160.0,1993.0,1349.0,1353.0,1351.0,1382.0,1388.0,1380.0,2726.0,3463.0,3258.0,1900.0,1160.0,1993.0,1349.0,1353.0,1351.0
0.0,11159.0,4191.0,4054.0,6753.0,2495.0,621.0,633.0,1241.0,1349.0,1354.0,1351.0,1387.0,1414.0,1390.0,3496.0,4252.0,3411.0,621.0,633.0,1241.0,1349.0,1354.0,1351.0
0.0,13721.0,4023.0,4055.0,5053.0,1469.0,75.0,809.0,585.0,1350.0,1354.0,1351.0,1350.0,1336.0,1337.0,4775.0,4783.0,4163.0,75.0,809.0,585.0,1350.0,1354.0,1351.0
0.0,14751.0,4240.0,4059.0,2495.0,3230.0,875.0,1589.0,766.0,1351.0,1355.0,1353.0,1417.0,1409.0,1414.0,5325.0,4607.0,4819.0,875.0,1589.0,766.0,1351.0,1355.0,1353.0
0.0,13006.0,4079.0,4062.0,1469.0,5852.0,2164.0,2142.0,1546.0,1352.0,1356.0,1354.0,1360.0,1358.0,1361.0,4529.0,3831.0,4646.0,2164.0,2142.0,1546.0,1352.0,1356.0,1354.0
0.0,10396.0,4151.0,4064.0,3230.0,6781.0,2696.0,1921.0,2164.0,1353.0,1356.0,1355.0,1403.0,1368.0,1380.0,3244.0,3282.0,3870.0,2696.0,1921.0,2164.0,1353.0,1356.0,1355.0
0.0,9475.0,4058.0,4064.0,5852.0,4987.0,1909.0,1117.0,1961.0,1353.0,1356.0,1355.0,1377.0,1338.0,1343.0,2716.0,3503.0,3256.0,1909.0,1117.0,1961.0,1353.0,1356.0,1355.0
0.0,11269.0,4030.0,4065.0,6781.0,2240.0,571.0,531.0,1138.0,1354.0,1356.0,1355.0,1354.0,1335.0,1341.0,3503.0,4307.0,3459.0,571.0,531.0,1138.0,1354.0,1356.0,1355.0
0.0,14020.0,4000.0,4064.0,4987.0,1249.0,17.0,725.0,507.0,1354.0,1355.0,1355.0,1355.0,1315.0,1330.0,4845.0,4893.0,4282.0,17.0,725.0,507.0,1354.0,1355.0,1355.0
0.0,15007.0,4087.0,4067.0,2240.0,3108.0,809.0,1550.0,749.0,1355.0,1356.0,1356.0,1359.0,1352.0,1376.0,5399.0,4695.0,4913.0,809.0,1550.0,749.0,1355.0,1356.0,1356.0
0.0,13160.0,4074.0,4067.0,1249.0,5933.0,2151.0,2173.0,1609.0,1355.0,1356.0,1356.0,1359.0,1348.0,1367.0,4611.0,3874.0,4675.0,2151.0,2173.0,1609.0,1355.0,1356.0,1356.0
0.0,10335.0,4074.0,4070.0,3108.0,6911.0,2702.0,1970.0,2239.0,1356.0,1357.0,1357.0,1356.0,1343.0,1375.0,3269.0,3251.0,3815.0,2702.0,1970.0,2239.0,1356.0,1357.0,1357.0
0.0,9369.0,4056.0,4072.0,5933.0,5042.0,1904.0,1136.0,2002.0,1357.0,1357.0,1358.0,1349.0,1339.0,1368.0,2722.0,3458.0,3189.0,1904.0,1136.0,2002.0,1357.0,1357.0,1358.0
0.0,11246.0,4162.0,4075.0,6911.0,2305.0,593.0,542.0,1170.0,1358.0,1358.0,1359.0,1387.0,1372.0,1403.0,3524.0,4292.0,3430.0,593.0,542.0,1170.0,1358.0,1358.0,1359.0
0.0,13995.0,4154.0,4078.0,5042.0,1429.0,84.0,769.0,576.0,1359.0,1359.0,1360.0,1391.0,1359.0,1404.0,4839.0,4890.0,4266.0,84.0,769.0,576.0,1359.0,1359.0,1360.0
0.0,14883.0,4018.0,4077.0,2305.0,3138.0,836.0,1559.0,743.0,1359.0,1358.0,1360.0,1345.0,1336.0,1337.0,5352.0,4667.0,4864.0,836.0,1559.0,743.0,1359.0,1358.0,1360.0
0.0,13170.0,4089.0,4079.0,1429.0,5806.0,2108.0,2153.0,1545.0,1360.0,1359.0,1360.0,1352.0,1359.0,1378.0,4600.0,3873.0,4697.0,2108.0,2153.0,1545.0,1360.0,1359.0,1360.0
0.0,10510.0,3969.0,4078.0,3138.0,6633.0,2570.0,1908.0,2155.0,1359.0,1359.0,1360.0,1302.0,1314.0,1353.0,3332.0,3283.0,3895.0,2570.0,1908.0,2155.0,1359.0,1359.0,1360.0
0.0,9679.0,3980.0,4078.0,5806.0,4807.0,1782.0,1092.0,1933.0,1359.0,1359.0,1360.0,1320.0,1337.0,1323.0,2866.0,3528.0,3285.0,1782.0,1092.0,1933.0,1359.0,1359.0,1360.0
0.0,11505.0,4075.0,4079.0,6633.0,2253.0,580.0,516.0,1157.0,1360.0,1359.0,1360.0,1364.0,1332.0,1379.0,3654.0,4344.0,3507.0,580.0,516.0,1157.0,1360.0,1359.0,1360.0
0.0,14063.0,4105.0,4081.0,4807.0,1559.0,142.0,830.0,587.0,1360.0,1361.0,1360.0,1344.0,1398.0,1363.0,4860.0,4920.0,4283.0,142.0,830.0,587.0,1360.0,1361.0,1360.0
0.0,14765.0,4084.0,4081.0,2253.0,3390.0,915.0,1677.0,798.0,1360.0,1361.0,1360.0,1353.0,1363.0,1368.0,5298.0,4614.0,4853.0,915.0,1677.0,798.0,1360.0,1361.0,1360.0
0.0,12934.0,4150.0,4084.0,1559.0,5993.0,2150.0,2243.0,1600.0,1361.0,1362.0,1361.0,1373.0,1392.0,1385.0,4525.0,3767.0,4642.0,2150.0,2243.0,1600.0,1361.0,1362.0,1361.0
0.0,10343.0,4087.0,4087.0,3390.0,6702.0,2594.0,1957.0,2151.0,1362.0,1364.0,1361.0,1355.0,1383.0,1349.0,3294.0,3205.0,3844.0,2594.0,1957.0,2151.0,1362.0,1364.0,1361.0
0.0,9646.0,4059.0,4087.0,5993.0,4768.0,1797.0,1075.0,1896.0,1362.0,1364.0,1361.0,1353.0,1361.0,1345.0,2854.0,3499.0,3293.0,1797.0,1075.0,1896.0,1362.0,1364.0,1361.0
0.0,11580.0,4083.0,4086.0,6702.0,2145.0,566.0,471.0,1108.0,1362.0,1364.0,1360.0,1363.0,1353.0,1367.0,3651.0,4381.0,3548.0,566.0,471.0,1108.0,1362.0,1364.0,1360.0
0.0,14199.0,4092.0,4086.0,4768.0,1469.0,120.0,761.0,588.0,1362.0,1364.0,1360.0,1351.0,1365.0,1376.0,4882.0,4985.0,4332.0,120.0,761.0,588.0,1362.0,1364.0,1360.0
0.0,14875.0,4009.0,4085.0,2145.0,3329.0,901.0,1634.0,794.0,1362.0,1364.0,1359.0,1347.0,1344.0,1318.0,5328.0,4695.0,4852.0,901.0,1634.0,794.0,1362.0,1364.0,1359.0
0.0,13011.0,4116.0,4087.0,1469.0,5984.0,2128.0,2263.0,1593.0,1362.0,1365.0,1360.0,1347.0,1386.0,1383.0,4547.0,3822.0,4642.0,2128.0,2263.0,1593.0,1362.0,1365.0,1360.0
0.0,10364.0,4188.0,4088.0,3329.0,6847.0,2627.0,2021.0,2199.0,1362.0,1365.0,1361.0,1400.0,1392.0,1396.0,3320.0,3197.0,3847.0,2627.0,2021.0,2199.0,1362.0,1365.0,1361.0
0.0,9505.0,4221.0,4093.0,5984.0,5104.0,1935.0,1161.0,2008.0,1364.0,1367.0,1362.0,1428.0,1395.0,1398.0,2821.0,3439.0,3245.0,1935.0,1161.0,2008.0,1364.0,1367.0,1362.0
0.0,11268.0,4068.0,4093.0,6847.0,2325.0,667.0,509.0,1149.0,1364.0,1367.0,1362.0,1359.0,1369.0,1340.0,3521.0,4307.0,3440.0,667.0,509.0,1149.0,1364.0,1367.0,1362.0
0.0,14047.0,4109.0,4092.0,5104.0,1326.0,118.0,715.0,493.0,1364.0,1366.0,1362.0,1386.0,1371.0,1352.0,4789.0,4959.0,4299.0,118.0,715.0,493.0,1364.0,1366.0,1362.0
0.0,15042.0,4189.0,4093.0,2325.0,3194.0,885.0,1595.0,714.0,1365.0,1366.0,1362.0,1430.0,1389.0,1370.0,5338.0,4749.0,4955.0,885.0,1595.0,714.0,1365.0,1366.0,1362.0
0.0,13178.0,4151.0,4094.0,1326.0,6023.0,2155.0,2279.0,1589.0,1365.0,1367.0,1362.0,1388.0,1395.0,1368.0,4575.0,3869.0,4734.0,2155.0,2279.0,1589.0,1365.0,1367.0,1362.0
0.0,10353.0,4121.0,4094.0,3194.0,6950.0,2663.0,2060.0,2227.0,1365.0,1367.0,1362.0,1393.0,1376.0,1352.0,3305.0,3189.0,3859.0,2663.0,2060.0,2227.0,1365.0,1367.0,1362.0
0.0,9426.0,4096.0,4094.0,6023.0,5023.0,1894.0,1156.0,1973.0,1365.0,1367.0,1362.0,1386.0,1375.0,1335.0,2797.0,3408.0,3221.0,1894.0,1156.0,1973.0,1365.0,1367.0,1362.0
0.0,11353.0,4153.0,4094.0,6950.0,2226.0,611.0,490.0,1125.0,1365.0,1367.0,1362.0,1380.0,1394.0,1379.0,3566.0,4312.0,3475.0,611.0,490.0,1125.0,1365.0,1367.0,1362.0
0.0,14150.0,4249.0,4099.0,5023.0,1472.0,157.0,750.0,565.0,1367.0,1368.0,1364.0,1432.0,1412.0,1405.0,4849.0,4978.0,4323.0,157.0,750.0,565.0,1367.0,1368.0,1364.0
0.0,14924.0,4185.0,4102.0,2226.0,3443.0,952.0,1652.0,839.0,1368.0,1368.0,1366.0,1402.0,1392.0,1391.0,5311.0,4722.0,4891.0,952.0,1652.0,839.0,1368.0,1368.0,1366.0
0.0,12965.0,4279.0,4105.0,1472.0,6262.0,2261.0,2307.0,1694.0,1370.0,1369.0,1366.0,1458.0,1401.0,1420.0,4520.0,3820.0,4625.0,2261.0,2307.0,1694.0,1370.0,1369.0,1366.0
0.0,10158.0,4104.0,4105.0,3443.0,6923.0,2690.0,2003.0,2230.0,1370.0,1368.0,1367.0,1381.0,1352.0,1371.0,3219.0,3169.0,3770.0,2690.0,2003.0,2230.0,1370.0,1368.0,1367.0
0.0,9497.0,4056.0,4105.0,6262.0,4717.0,1791.0,1044.0,1882.0,1370.0,1368.0,1367.0,1362.0,1348.0,1346.0,2790.0,3469.0,3238.0,1791.0,1044.0,1882.0,1370.0,1368.0,1367.0
0.0,11703.0,4276.0,4107.0,6923.0,2078.0,530.0,451.0,1097.0,1371.0,1368.0,1368.0,1425.0,1410.0,1441.0,3689.0,4428.0,3586.0,530.0,451.0,1097.0,1371.0,1368.0,1368.0
0.0,14350.0,4168.0,4109.0,4717.0,1537.0,138.0,778.0,621.0,1372.0,1368.0,1369.0,1395.0,1371.0,1402.0,4954.0,5021.0,4375.0,138.0,778.0,621.0,1372.0,1368.0,1369.0
0.0,14899.0,4237.0,4111.0,2078.0,3704.0,1019.0,1737.0,948.0,1372.0,1369.0,1370.0,1411.0,1406.0,1420.0,5350.0,4694.0,4855.0,1019.0,1737.0,948.0,1372.0,1369.0,1370.0
0.0,12740.0,4009.0,4109.0,1537.0,6168.0,2218.0,2281.0,1669.0,1372.0,1367.0,1370.0,1337.0,1330.0,1342.0,4469.0,3739.0,4532.0,2218.0,2281.0,1669.0,1372.0,1367.0,1370.0
0.0,10268.0,4111.0,4109.0,3704.0,6575.0,2573.0,1905.0,2097.0,1372.0,1367.0,1370.0,1374.0,1361.0,1376.0,3270.0,3187.0,3811.0,2573.0,1905.0,2097.0,1372.0,1367.0,1370.0
0.0,9861.0,4213.0,4111.0,6168.0,4628.0,1756.0,1021.0,1851.0,1373.0,1367.0,1371.0,1397.0,1397.0,1419.0,2915.0,3563.0,3383.0,1756.0,1021.0,1851.0,1373.0,1367.0,1371.0
0.0,11816.0,4088.0,4113.0,6575.0,2149.0,551.0,455.0,1143.0,1374.0,1367.0,1372.0,1364.0,1339.0,1385.0,3736.0,4447.0,3633.0,551.0,455.0,1143.0,1374.0,1367.0,1372.0
0.0,14303.0,4183.0,4115.0,4628.0,1712.0,169.0,814.0,729.0,1375.0,1367.0,1373.0,1370.0,1380.0,1433.0,4945.0,5013.0,4345.0,169.0,814.0,729.0,1375.0,1367.0,1373.0
0.0,14748.0,4186.0,4117.0,2149.0,3757.0,996.0,1770.0,991.0,1375.0,1368.0,1374.0,1378.0,1407.0,1401.0,5331.0,4654.0,4763.0,996.0,1770.0,991.0,1375.0,1368.0,1374.0
0.0,12711.0,4144.0,4117.0,1712.0,6189.0,2196.0,2336.0,1657.0,1375.0,1368.0,1374.0,1369.0,1380.0,1395.0,4504.0,3702.0,4505.0,2196.0,2336.0,1657.0,1375.0,1368.0,1374.0
0.0,10279.0,4098.0,4115.0,3757.0,6522.0,2573.0,1909.0,2040.0,1374.0,1367.0,1374.0,1377.0,1347.0,1374.0,3304.0,3136.0,3839.0,2573.0,1909.0,2040.0,1374.0,1367.0,1374.0
0.0,9938.0,4077.0,4116.0,6189.0,4414.0,1740.0,923.0,1751.0,1375.0,1367.0,1374.0,1359.0,1350.0,1368.0,2923.0,3559.0,3456.0,1740.0,923.0,1751.0,1375.0,1367.0,1374.0
0.0,12050.0,4120.0,4115.0,6522.0,2008.0,537.0,385.0,1086.0,1374.0,1367.0,1374.0,1374.0,1371.0,1375.0,3760.0,4545.0,3745.0,537.0,385.0,1086.0,1374.0,1367.0,1374.0
0.0,14452.0,4141.0,4115.0,4414.0,1735.0,171.0,834.0,730.0,1374.0,1367.0,1374.0,1374.0,1372.0,1395.0,4959.0,5083.0,4410.0,171.0,834.0,730.0,1374.0,1367.0,1374.0
0.0,14725.0,4170.0,4115.0,2008.0,3897.0,998.0,1840.0,1059.0,1373.0,1367.0,1375.0,1368.0,1391.0,1411.0,5325.0,4634.0,4766.0,998.0,1840.0,1059.0,1373.0,1367.0,1375.0
0.0,12563.0,4263.0,4119.0,1735.0,6441.0,2262.0,2430.0,1749.0,1374.0,1369.0,1376.0,1431.0,1416.0,1416.0,4494.0,3628.0,4441.0,2262.0,2430.0,1749.0,1374.0,1369.0,1376.0
0.0,10035.0,4219.0,4122.0,3897.0,6775.0,2675.0,2002.0,2098.0,1375.0,1370.0,1377.0,1407.0,1408.0,1404.0,3234.0,3046.0,3755.0,2675.0,2002.0,2098.0,1375.0,1370.0,1377.0
0.0,9713.0,4228.0,4128.0,6441.0,4586.0,1815.0,968.0,1803.0,1376.0,1372.0,1380.0,1398.0,1388.0,1442.0,2825.0,3478.0,3410.0,1815.0,968.0,1803.0,1376.0,1372.0,1380.0
0.0,11926.0,4176.0,4129.0,6775.0,1991.0,552.0,353.0,1086.0,1377.0,1372.0,1380.0,1408.0,1387.0,1381.0,3689.0,4520.0,3717.0,552.0,353.0,1086.0,1377.0,1372.0,1380.0
0.0,14525.0,4191.0,4131.0,4586.0,1604.0,148.0,792.0,664.0,1378.0,1373.0,1380.0,1407.0,1403.0,1381.0,4956.0,5135.0,4434.0,148.0,792.0,664.0,1378.0,1373.0,1380.0
0.0,14920.0,4163.0,4133.0,1991.0,3784.0,987.0,1822.0,975.0,1379.0,1374.0,1380.0,1387.0,1379.0,1397.0,5364.0,4700.0,4856.0,987.0,1822.0,975.0,1379.0,1374.0,1380.0
0.0,12748.0,4163.0,4136.0,1604.0,6355.0,2239.0,2421.0,1695.0,1380.0,1375.0,1381.0,1396.0,1387.0,1380.0,4529.0,3674.0,4545.0,2239.0,2421.0,1695.0,1380.0,1375.0,1381.0
0.0,10189.0,4206.0,4137.0,3784.0,6781.0,2648.0,2013.0,2120.0,1380.0,1376.0,1381.0,1396.0,1410.0,1400.0,3281.0,3079.0,3829.0,2648.0,2013.0,2120.0,1380.0,1376.0,1381.0
0.0,9767.0,4200.0,4137.0,6355.0,4626.0,1812.0,984.0,1830.0,1380.0,1376.0,1381.0,1403.0,1392.0,1405.0,2872.0,3491.0,3404.0,1812.0,984.0,1830.0,1380.0,1376.0,1381.0
0.0,11922.0,4134.0,4138.0,6781.0,1983.0,530.0,362.0,1091.0,1380.0,1377.0,1381.0,1366.0,1387.0,1381.0,3708.0,4520.0,3694.0,530.0,362.0,1091.0,1380.0,1377.0,1381.0
0.0,14569.0,4220.0,4141.0,4626.0,1589.0,115.0,792.0,682.0,1381.0,1378.0,1382.0,1393.0,1410.0,1417.0,4990.0,5146.0,4433.0,115.0,792.0,682.0,1381.0,1378.0,1382.0
0.0,14975.0,4236.0,4147.0,1983.0,3866.0,975.0,1883.0,1008.0,1383.0,1381.0,1383.0,1382.0,1441.0,1413.0,5409.0,4720.0,4846.0,975.0,1883.0,1008.0,1383.0,1381.0,1383.0
0.0,12722.0,4147.0,4150.0,1589.0,6436.0,2231.0,2494.0,1711.0,1384.0,1382.0,1384.0,1367.0,1399.0,1381.0,4557.0,3641.0,4524.0,2231.0,2494.0,1711.0,1384.0,1382.0,1384.0
0.0,10164.0,4056.0,4150.0,3866.0,6626.0,2582.0,1983.0,2061.0,1383.0,1383.0,1384.0,1330.0,1368.0,1358.0,3305.0,3034.0,3825.0,2582.0,1983.0,2061.0,1383.0,1383.0,1384.0
0.0,9974.0,4011.0,4148.0,6436.0,4193.0,1703.0,804.0,1686.0,1383.0,1381.0,1384.0,1352.0,1323.0,1336.0,2950.0,3549.0,3475.0,1703.0,804.0,1686.0,1383.0,1381.0,1384.0
0.0,12399.0,4156.0,4149.0,6626.0,1727.0,479.0,214.0,1034.0,1383.0,1382.0,1384.0,1358.0,1389.0,1409.0,3829.0,4720.0,3850.0,479.0,214.0,1034.0,1383.0,1382.0,1384.0
0.0,14869.0,4173.0,4149.0,4193.0,1707.0,158.0,784.0,765.0,1383.0,1381.0,1385.0,1382.0,1378.0,1413.0,5053.0,5314.0,4502.0,158.0,784.0,765.0,1383.0,1381.0,1385.0
0.0,14889.0,4197.0,4152.0,1727.0,4189.0,1056.0,1993.0,1140.0,1384.0,1382.0,1386.0,1373.0,1419.0,1405.0,5374.0,4740.0,4775.0,1056.0,1993.0,1140.0,1384.0,1382.0,1386.0
0.0,12419.0,4226.0,4154.0,1707.0,6716.0,2290.0,2629.0,1797.0,1384.0,1383.0,1387.0,1392.0,1416.0,1418.0,4480.0,3535.0,4404.0,2290.0,2629.0,1797.0,1384.0,1383.0,1387.0
0.0,9900.0,4108.0,4155.0,4189.0,6639.0,2589.0,2029.0,2021.0,1384.0,1384.0,1387.0,1355.0,1389.0,1364.0,3246.0,2903.0,3751.0,2589.0,2029.0,2021.0,1384.0,1384.0,1387.0
0.0,9981.0,4124.0,4156.0,6716.0,4051.0,1681.0,778.0,1592.0,1385.0,1384.0,1387.0,1378.0,1378.0,1368.0,2947.0,3507.0,3527.0,1681.0,778.0,1592.0,1385.0,1384.0,1387.0
0.0,12573.0,4154.0,4159.0,6639.0,1578.0,471.0,126.0,981.0,1385.0,1385.0,1389.0,1379.0,1373.0,1402.0,3859.0,4758.0,3956.0,471.0,126.0,981.0,1385.0,1385.0,1389.0
0.0,15058.0,4105.0,4158.0,4051.0,1628.0,163.0,721.0,744.0,1386.0,1384.0,1388.0,1369.0,1377.0,1359.0,5069.0,5414.0,4575.0,163.0,721.0,744.0,1386.0,1384.0,1388.0
0.0,15004.0,4172.0,4158.0,1578.0,4222.0,1103.0,1980.0,1139.0,1386.0,1384.0,1388.0,1411.0,1385.0,1376.0,5381.0,4815.0,4808.0,1103.0,1980.0,1139.0,1386.0,1384.0,1388.0
0.0,12410.0,4214.0,4159.0,1628.0,6812.0,2357.0,2676.0,1779.0,1386.0,1385.0,1388.0,1417.0,1413.0,1384.0,4441.0,3556.0,4413.0,2357.0,2676.0,1779.0,1386.0,1385.0,1388.0
0.0,9824.0,4121.0,4160.0,4222.0,6715.0,2651.0,2061.0,2003.0,1387.0,1385.0,1388.0,1393.0,1365.0,1363.0,3187.0,2864.0,3773.0,2651.0,2061.0,2003.0,1387.0,1385.0,1388.0
0.0,9925.0,4226.0,4161.0,6812.0,4133.0,1720.0,778.0,1635.0,1387.0,1385.0,1389.0,1426.0,1393.0,1407.0,2897.0,3479.0,3549.0,1720.0,778.0,1635.0,1387.0,1385.0,1389.0
0.0,12511.0,4155.0,4161.0,6715.0,1573.0,450.0,85.0,1038.0,1386.0,1385.0,1390.0,1385.0,1368.0,1402.0,3828.0,4762.0,3921.0,450.0,85.0,1038.0,1386.0,1385.0,1390.0
0.0,15071.0,4176.0,4161.0,4133.0,1616.0,147.0,692.0,777.0,1387.0,1384.0,1390.0,1413.0,1389.0,1374.0,5094.0,5455.0,4522.0,147.0,692.0,777.0,1387.0,1384.0,1390.0
0.0,15028.0,4178.0,4162.0,1573.0,4225.0,1101.0,2016.0,1108.0,1387.0,1385.0,1390.0,1404.0,1405.0,1369.0,5401.0,4844.0,4783.0,1101.0,2016.0,1108.0,1387.0,1385.0,1390.0
0.0,12423.0,4273.0,4166.0,1616.0,6898.0,2433.0,2743.0,1722.0,1389.0,1386.0,1391.0,1471.0,1415.0,1387.0,4447.0,3524.0,4452.0,2433.0,2743.0,1722.0,1389.0,1386.0,1391.0
0.0,9766.0,4211.0,4167.0,4225.0,6888.0,2758.0,2128.0,2002.0,1390.0,1386.0,1391.0,1422.0,1401.0,1388.0,3123.0,2801.0,3842.0,2758.0,2128.0,2002.0,1390.0,1386.0,1391.0
0.0,9780.0,4290.0,4168.0,6898.0,4284.0,1772.0,810.0,1702.0,1390.0,1386.0,1392.0,1447.0,1425.0,1418.0,2802.0,3416.0,3562.0,1772.0,810.0,1702.0,1390.0,1386.0,1392.0
0.0,12388.0,4182.0,4168.0,6888.0,1578.0,401.0,96.0,1081.0,1390.0,1387.0,1391.0,1387.0,1410.0,1385.0,3788.0,4734.0,3866.0,401.0,96.0,1081.0,1390.0,1387.0,1391.0
0.0,15094.0,4317.0,4168.0,4284.0,1611.0,60.0,734.0,817.0,1389.0,1387.0,1392.0,1435.0,1448.0,1434.0,5159.0,5452.0,4483.0,60.0,734.0,817.0,1389.0,1387.0,1392.0
0.0,15061.0,4250.0,4171.0,1578.0,4295.0,1086.0,2050.0,1159.0,1390.0,1388.0,1393.0,1423.0,1408.0,1419.0,5496.0,4814.0,4751.0,1086.0,2050.0,1159.0,1390.0,1388.0,1393.0
0.0,12389.0,4306.0,4175.0,1611.0,7006.0,2458.0,2771.0,1777.0,1391.0,1390.0,1394.0,1428.0,1447.0,1431.0,4474.0,3502.0,4413.0,2458.0,2771.0,1777.0,1391.0,1390.0,1394.0
0.0,9694.0,4279.0,4176.0,4295.0,6994.0,2786.0,2178.0,2030.0,1391.0,1391.0,1394.0,1414.0,1453.0,1412.0,3106.0,2789.0,3799.0,2786.0,2178.0,2030.0,1391.0,1391.0,1394.0
0.0,9710.0,4237.0,4177.0,7006.0,4229.0,1747.0,830.0,1652.0,1391.0,1392.0,1394.0,1419.0,1419.0,1399.0,2778.0,3386.0,3546.0,1747.0,830.0,1652.0,1391.0,1392.0,1394.0
0.0,12479.0,4248.0,4178.0,6994.0,1487.0,352.0,87.0,1048.0,1391.0,1393.0,1394.0,1391.0,1431.0,1426.0,3817.0,4738.0,3924.0,352.0,87.0,1048.0,1391.0,1393.0,1394.0
0.0,15225.0,4252.0,4182.0,4229.0,1526.0,12.0,673.0,841.0,1392.0,1394.0,1396.0,1403.0,1412.0,1437.0,5212.0,5485.0,4528.0,12.0,673.0,841.0,1392.0,1394.0,1396.0
0.0,15202.0,4209.0,4185.0,1487.0,4260.0,1055.0,2028.0,1177.0,1393.0,1396.0,1396.0,1391.0,1434.0,1384.0,5556.0,4903.0,4743.0,1055.0,2028.0,1177.0,1393.0,1396.0,1396.0
0.0,12480.0,4296.0,4186.0,1526.0,7034.0,2457.0,2810.0,1767.0,1393.0,1397.0,1396.0,1414.0,1451.0,1431.0,4517.0,3556.0,4407.0,2457.0,2810.0,1767.0,1393.0,1397.0,1396.0
0.0,9710.0,4220.0,4188.0,4260.0,7002.0,2774.0,2214.0,2014.0,1393.0,1398.0,1397.0,1372.0,1428.0,1420.0,3115.0,2778.0,3817.0,2774.0,2214.0,2014.0,1393.0,1398.0,1397.0
0.0,9750.0,4347.0,4192.0,7034.0,4331.0,1769.0,857.0,1705.0,1395.0,1400.0,1397.0,1444.0,1445.0,1458.0,2798.0,3378.0,3574.0,1769.0,857.0,1705.0,1395.0,1400.0,1397.0
0.0,12437.0,4246.0,4193.0,7002.0,1579.0,387.0,65.0,1127.0,1395.0,1400.0,1398.0,1392.0,1422.0,1432.0,3811.0,4743.0,3883.0,387.0,65.0,1127.0,1395.0,1400.0,1398.0
0.0,15193.0,4275.0,4194.0,4331.0,1527.0,19.0,658.0,850.0,1395.0,1401.0,1398.0,1401.0,1446.0,1428.0,5193.0,5535.0,4465.0,19.0,658.0,850.0,1395.0,1401.0,1398.0
0.0,15249.0,4264.0,4198.0,1579.0,4228.0,1053.0,2005.0,1170.0,1396.0,1402.0,1400.0,1417.0,1408.0,1439.0,5561.0,4946.0,4742.0,1053.0,2005.0,1170.0,1396.0,1402.0,1400.0
0.0,12564.0,4276.0,4202.0,1527.0,6993.0,2452.0,2778.0,1763.0,1397.0,1404.0,1401.0,1414.0,1423.0,1439.0,4531.0,3603.0,4430.0,2452.0,2778.0,1763.0,1397.0,1404.0,1401.0
0.0,9815.0,4238.0,4205.0,4228.0,7015.0,2813.0,2190.0,2012.0,1398.0,1405.0,1402.0,1410.0,1413.0,1415.0,3136.0,2838.0,3841.0,2813.0,2190.0,2012.0,1398.0,1405.0,1402.0
0.0,9805.0,4158.0,4204.0,6993.0,4176.0,1754.0,766.0,1656.0,1398.0,1404.0,1402.0,1393.0,1358.0,1407.0,2779.0,3430.0,3596.0,1754.0,766.0,1656.0,1398.0,1404.0,1402.0
0.0,12640.0,4266.0,4207.0,7015.0,1453.0,362.0,0.0,1091.0,1399.0,1405.0,1403.0,1417.0,1406.0,1443.0,3838.0,4850.0,3952.0,362.0,0.0,1091.0,1399.0,1405.0,1403.0
0.0,15389.0,4256.0,4207.0,4176.0,1519.0,17.0,633.0,869.0,1399.0,1405.0,1403.0,1409.0,1413.0,1434.0,5234.0,5634.0,4521.0,17.0,633.0,869.0,1399.0,1405.0,1403.0
0.0,15309.0,4176.0,4205.0,1453.0,4234.0,1036.0,1997.0,1201.0,1398.0,1404.0,1403.0,1385.0,1368.0,1423.0,5579.0,4987.0,4743.0,1036.0,1997.0,1201.0,1398.0,1404.0,1403.0
0.0,12586.0,4128.0,4203.0,1519.0,6835.0,2404.0,2708.0,1723.0,1398.0,1403.0,1402.0,1385.0,1348.0,1395.0,4556.0,3619.0,4411.0,2404.0,2708.0,1723.0,1398.0,1403.0,1402.0
0.0,9977.0,4204.0,4205.0,4234.0,6813.0,2805.0,2097.0,1911.0,1399.0,1403.0,1403.0,1433.0,1386.0,1385.0,3188.0,2904.0,3885.0,2805.0,2097.0,1911.0,1399.0,1403.0,1403.0
0.0,10007.0,4308.0,4207.0,6835.0,4294.0,1855.0,815.0,1624.0,1400.0,1403.0,1404.0,1450.0,1426.0,1432.0,2791.0,3515.0,3701.0,1855.0,815.0,1624.0,1400.0,1403.0,1404.0
0.0,12534.0,4164.0,4207.0,6813.0,1645.0,442.0,86.0,1117.0,1400.0,1403.0,1404.0,1392.0,1368.0,1404.0,3745.0,4797.0,3992.0,442.0,86.0,1117.0,1400.0,1403.0,1404.0
0.0,15183.0,4184.0,4207.0,4294.0,1535.0,14.0,638.0,883.0,1400.0,1403.0,1404.0,1427.0,1367.0,1390.0,5158.0,5526.0,4499.0,14.0,638.0,883.0,1400.0,1403.0,1404.0
0.0,15293.0,4137.0,4205.0,1645.0,4019.0,951.0,1932.0,1136.0,1400.0,1402.0,1403.0,1379.0,1384.0,1374.0,5586.0,4974.0,4733.0,951.0,1932.0,1136.0,1400.0,1402.0,1403.0
0.0,12801.0,4141.0,4204.0,1535.0,6621.0,2302.0,2662.0,1657.0,1399.0,1402.0,1403.0,1369.0,1368.0,1404.0,4649.0,3676.0,4476.0,2302.0,2662.0,1657.0,1399.0,1402.0,1403.0
0.0,10195.0,4248.0,4206.0,4019.0,6858.0,2758.0,2150.0,1950.0,1400.0,1402.0,1404.0,1403.0,1420.0,1425.0,3294.0,2946.0,3955.0,2758.0,2150.0,1950.0,1400.0,1402.0,1404.0
0.0,9966.0,4286.0,4207.0,6621.0,4527.0,1862.0,941.0,1724.0,1400.0,1403.0,1404.0,1406.0,1449.0,1431.0,2842.0,3458.0,3666.0,1862.0,941.0,1724.0,1400.0,1403.0,1404.0
0.0,12301.0,4302.0,4209.0,6858.0,1979.0,543.0,212.0,1224.0,1401.0,1403.0,1405.0,1435.0,1421.0,1446.0,3738.0,4671.0,3892.0,543.0,212.0,1224.0,1401.0,1403.0,1405.0
0.0,14857.0,4173.0,4209.0,4527.0,1625.0,81.0,643.0,901.0,1402.0,1402.0,1405.0,1396.0,1376.0,1401.0,5061.0,5400.0,4396.0,81.0,643.0,901.0,1402.0,1402.0,1405.0
0.0,15211.0,4231.0,4212.0,1979.0,3889.0,954.0,1841.0,1094.0,1403.0,1403.0,1406.0,1412.0,1406.0,1413.0,5527.0,4965.0,4719.0,954.0,1841.0,1094.0,1403.0,1403.0,1406.0
0.0,12959.0,4290.0,4218.0,1625.0,6578.0,2310.0,2651.0,1617.0,1405.0,1405.0,1408.0,1429.0,1445.0,1416.0,4658.0,3771.0,4530.0,2310.0,2651.0,1617.0,1405.0,1405.0,1408.0
0.0,10294.0,4204.0,4220.0,3889.0,6901.0,2755.0,2226.0,1920.0,1406.0,1406.0,1408.0,1395.0,1412.0,1397.0,3310.0,2969.0,4015.0,2755.0,2226.0,1920.0,1406.0,1406.0,1408.0
0.0,9979.0,4173.0,4220.0,6578.0,4496.0,1831.0,990.0,1675.0,1406.0,1407.0,1407.0,1386.0,1411.0,1376.0,2869.0,3398.0,3712.0,1831.0,990.0,1675.0,1406.0,1407.0,1407.0
0.0,12384.0,4273.0,4220.0,6901.0,1868.0,492.0,203.0,1173.0,1406.0,1407.0,1407.0,1416.0,1439.0,1418.0,3793.0,4638.0,3953.0,492.0,203.0,1173.0,1406.0,1407.0,1407.0
0.0,15012.0,4317.0,4222.0,4496.0,1697.0,106.0,669.0,922.0,1407.0,1408.0,1407.0,1441.0,1452.0,1424.0,5132.0,5425.0,4455.0,106.0,669.0,922.0,1407.0,1408.0,1407.0
0.0,15191.0,4313.0,4227.0,1868.0,4162.0,1045.0,1938.0,1179.0,1409.0,1409.0,1409.0,1423.0,1468.0,1422.0,5522.0,4963.0,4706.0,1045.0,1938.0,1179.0,1409.0,1409.0,1409.0
0.0,12746.0,4292.0,4230.0,1697.0,6769.0,2377.0,2699.0,1693.0,1410.0,1410.0,1410.0,1434.0,1426.0,1432.0,4591.0,3698.0,4457.0,2377.0,2699.0,1693.0,1410.0,1410.0,1410.0
0.0,10151.0,4177.0,4230.0,4162.0,6784.0,2719.0,2173.0,1892.0,1410.0,1411.0,1409.0,1387.0,1408.0,1382.0,3263.0,2941.0,3947.0,2719.0,2173.0,1892.0,1410.0,1411.0,1409.0
0.0,10136.0,4359.0,4235.0,6769.0,4394.0,1809.0,937.0,1648.0,1412.0,1412.0,1411.0,1459.0,1459.0,1441.0,2921.0,3471.0,3744.0,1809.0,937.0,1648.0,1412.0,1412.0,1411.0
0.0,12546.0,4256.0,4236.0,6784.0,1870.0,505.0,212.0,1153.0,1412.0,1413.0,1411.0,1415.0,1444.0,1397.0,3839.0,4711.0,3996.0,505.0,212.0,1153.0,1412.0,1413.0,1411.0
0.0,15074.0,4193.0,4236.0,4394.0,1669.0,106.0,679.0,884.0,1412.0,1413.0,1411.0,1410.0,1404.0,1379.0,5143.0,5440.0,4491.0,106.0,679.0,884.0,1412.0,1413.0,1411.0
0.0,15275.0,4356.0,4240.0,1870.0,4171.0,1039.0,1940.0,1192.0,1412.0,1415.0,1413.0,1438.0,1465.0,1453.0,5542.0,4973.0,4760.0,1039.0,1940.0,1192.0,1412.0,1415.0,1413.0
0.0,12789.0,4327.0,4243.0,1669.0,6841.0,2392.0,2705.0,1744.0,1413.0,1416.0,1414.0,1455.0,1440.0,1432.0,4609.0,3720.0,4460.0,2392.0,2705.0,1744.0,1413.0,1416.0,1414.0
0.0,10131.0,4238.0,4244.0,4171.0,6912.0,2782.0,2189.0,1941.0,1414.0,1417.0,1413.0,1425.0,1420.0,1393.0,3260.0,2959.0,3912.0,2782.0,2189.0,1941.0,1414.0,1417.0,1413.0
0.0,10064.0,4385.0,4248.0,6841.0,4472.0,1862.0,978.0,1632.0,1415.0,1419.0,1414.0,1468.0,1486.0,1431.0,2874.0,3479.0,3711.0,1862.0,978.0,1632.0,1415.0,1419.0,1414.0
0.0,12520.0,4518.0,4255.0,6912.0,2106.0,588.0,309.0,1209.0,1417.0,1421.0,1417.0,1500.0,1512.0,1506.0,3798.0,4698.0,4024.0,588.0,309.0,1209.0,1417.0,1421.0,1417.0
0.0,14914.0,4326.0,4256.0,4472.0,1964.0,163.0,792.0,1009.0,1416.0,1422.0,1418.0,1441.0,1457.0,1428.0,5080.0,5375.0,4459.0,163.0,792.0,1009.0,1416.0,1422.0,1418.0
0.0,15060.0,4228.0,4256.0,2106.0,4086.0,971.0,1916.0,1199.0,1416.0,1422.0,1418.0,1396.0,1433.0,1399.0,5501.0,4896.0,4663.0,971.0,1916.0,1199.0,1416.0,1422.0,1418.0
0.0,12938.0,4348.0,4257.0,1964.0,6474.0,2260.0,2590.0,1624.0,1416.0,1423.0,1418.0,1452.0,1462.0,1434.0,4693.0,3772.0,4473.0,2260.0,2590.0,1624.0,1416.0,1423.0,1418.0
0.0,10554.0,4266.0,4258.0,4086.0,6658.0,2709.0,2090.0,1859.0,1416.0,1423.0,1419.0,1420.0,1416.0,1430.0,3404.0,3102.0,4048.0,2709.0,2090.0,1859.0,1416.0,1423.0,1419.0
0.0,10374.0,4353.0,4260.0,6474.0,4545.0,1933.0,926.0,1686.0,1417.0,1423.0,1420.0,1480.0,1426.0,1447.0,2955.0,3602.0,3817.0,1933.0,926.0,1686.0,1417.0,1423.0,1420.0
0.0,12495.0,4382.0,4262.0,6658.0,2277.0,696.0,290.0,1291.0,1418.0,1424.0,1420.0,1468.0,1450.0,1464.0,3735.0,4766.0,3994.0,696.0,290.0,1291.0,1418.0,1424.0,1420.0
0.0,14771.0,4321.0,4262.0,4545.0,2053.0,205.0,795.0,1053.0,1418.0,1423.0,1421.0,1442.0,1435.0,1444.0,4976.0,5406.0,4389.0,205.0,795.0,1053.0,1418.0,1423.0,1421.0
0.0,14995.0,4364.0,4264.0,2277.0,4148.0,995.0,1936.0,1217.0,1420.0,1423.0,1421.0,1478.0,1431.0,1455.0,5467.0,4897.0,4631.0,995.0,1936.0,1217.0,1420.0,1423.0,1421.0
0.0,12908.0,4270.0,4265.0,2053.0,6369.0,2225.0,2559.0,1585.0,1420.0,1423.0,1422.0,1435.0,1418.0,1417.0,4685.0,3756.0,4467.0,2225.0,2559.0,1585.0,1420.0,1423.0,1422.0
0.0,10691.0,4276.0,4265.0,4148.0,6497.0,2646.0,2051.0,1800.0,1420.0,1423.0,1422.0,1416.0,1428.0,1432.0,3455.0,3133.0,4103.0,2646.0,2051.0,1800.0,1420.0,1423.0,1422.0
0.0,10563.0,4276.0,4265.0,6369.0,4404.0,1823.0,917.0,1664.0,1420.0,1423.0,1422.0,1402.0,1425.0,1449.0,3034.0,3641.0,3888.0,1823.0,917.0,1664.0,1420.0,1423.0,1422.0
0.0,12656.0,4358.0,4269.0,6497.0,2281.0,619.0,335.0,1327.0,1421.0,1424.0,1424.0,1438.0,1465.0,1455.0,3857.0,4775.0,4024.0,619.0,335.0,1327.0,1421.0,1424.0,1424.0
0.0,14795.0,4306.0,4268.0,4404.0,2179.0,215.0,835.0,1129.0,1421.0,1423.0,1424.0,1419.0,1421.0,1466.0,5065.0,5361.0,4369.0,215.0,835.0,1129.0,1421.0,1423.0,1424.0
0.0,14893.0,4353.0,4272.0,2281.0,4267.0,1046.0,1950.0,1271.0,1423.0,1424.0,1425.0,1442.0,1446.0,1465.0,5469.0,4857.0,4567.0,1046.0,1950.0,1271.0,1423.0,1424.0,1425.0
0.0,12821.0,4252.0,4269.0,2179.0,6328.0,2234.0,2534.0,1560.0,1422.0,1423.0,1424.0,1407.0,1423.0,1422.0,4646.0,3746.0,4429.0,2234.0,2534.0,1560.0,1422.0,1423.0,1424.0
0.0,10748.0,4355.0,4272.0,4267.0,6428.0,2651.0,2042.0,1735.0,1423.0,1424.0,1425.0,1459.0,1454.0,1442.0,3454.0,3158.0,4136.0,2651.0,2042.0,1735.0,1423.0,1424.0,1425.0
0.0,10660.0,4335.0,4272.0,6328.0,4435.0,1857.0,934.0,1644.0,1424.0,1423.0,1425.0,1436.0,1430.0,1469.0,3041.0,3654.0,3965.0,1857.0,934.0,1644.0,1424.0,1423.0,1425.0
0.0,12653.0,4324.0,4274.0,6428.0,2339.0,668.0,317.0,1354.0,1425.0,1424.0,1425.0,1458.0,1421.0,1445.0,3839.0,4758.0,4056.0,668.0,317.0,1354.0,1425.0,1424.0,1425.0
0.0,14757.0,4349.0,4276.0,4435.0,2261.0,279.0,813.0,1169.0,1426.0,1424.0,1426.0,1464.0,1430.0,1455.0,5032.0,5379.0,4346.0,279.0,813.0,1169.0,1426.0,1424.0,1426.0
0.0,14843.0,4360.0,4278.0,2339.0,4290.0,1070.0,1934.0,1286.0,1427.0,1424.0,1427.0,1455.0,1438.0,1467.0,5425.0,4883.0,4535.0,1070.0,1934.0,1286.0,1427.0,1424.0,1427.0
0.0,12822.0,4366.0,4282.0,2261.0,6411.0,2250.0,2576.0,1585.0,1428.0,1426.0,1428.0,1455.0,1447.0,1464.0,4638.0,3762.0,4422.0,2250.0,2576.0,1585.0,1428.0,1426.0,1428.0
0.0,10717.0,4313.0,4283.0,4290.0,6438.0,2642.0,2068.0,1728.0,1429.0,1426.0,1428.0,1458.0,1426.0,1429.0,3462.0,3128.0,4127.0,2642.0,2068.0,1728.0,1429.0,1426.0,1428.0
0.0,10694.0,4285.0,4282.0,6411.0,4308.0,1846.0,895.0,1567.0,1429.0,1426.0,1427.0,1454.0,1403.0,1428.0,3074.0,3636.0,3984.0,1846.0,895.0,1567.0,1429.0,1426.0,1427.0
0.0,12820.0,4307.0,4286.0,6438.0,2193.0,665.0,274.0,1254.0,1431.0,1428.0,1427.0,1453.0,1439.0,1415.0,3870.0,4809.0,4141.0,665.0,274.0,1254.0,1431.0,1428.0,1427.0
0.0,14951.0,4243.0,4288.0,4308.0,2136.0,255.0,774.0,1107.0,1432.0,1428.0,1428.0,1432.0,1395.0,1416.0,5059.0,5438.0,4454.0,255.0,774.0,1107.0,1432.0,1428.0,1428.0
0.0,15016.0,4324.0,4290.0,2193.0,4275.0,1039.0,1933.0,1303.0,1432.0,1429.0,1429.0,1449.0,1429.0,1446.0,5473.0,4938.0,4605.0,1039.0,1933.0,1303.0,1432.0,1429.0,1429.0
0.0,12885.0,4332.0,4291.0,2136.0,6475.0,2243.0,2608.0,1624.0,1432.0,1430.0,1429.0,1459.0,1445.0,1428.0,4689.0,3783.0,4413.0,2243.0,2608.0,1624.0,1432.0,1430.0,1429.0
0.0,10689.0,4252.0,4292.0,4275.0,6456.0,2644.0,2079.0,1733.0,1433.0,1430.0,1429.0,1436.0,1404.0,1412.0,3485.0,3112.0,4092.0,2644.0,2079.0,1733.0,1433.0,1430.0,1429.0
0.0,10712.0,4300.0,4294.0,6475.0,4289.0,1837.0,926.0,1526.0,1433.0,1432.0,1429.0,1436.0,1447.0,1417.0,3088.0,3641.0,3983.0,1837.0,926.0,1526.0,1433.0,1432.0,1429.0
0.0,12887.0,4282.0,4298.0,6456.0,2131.0,624.0,276.0,1231.0,1434.0,1433.0,1431.0,1427.0,1425.0,1430.0,3895.0,4802.0,4190.0,624.0,276.0,1231.0,1434.0,1433.0,1431.0
0.0,15061.0,4178.0,4297.0,4289.0,2016.0,180.0,742.0,1094.0,1434.0,1433.0,1430.0,1393.0,1392.0,1393.0,5112.0,5456.0,4493.0,180.0,742.0,1094.0,1434.0,1433.0,1430.0
0.0,15172.0,4341.0,4299.0,2131.0,4234.0,1007.0,1940.0,1287.0,1435.0,1434.0,1430.0,1447.0,1470.0,1424.0,5556.0,4990.0,4626.0,1007.0,1940.0,1287.0,1435.0,1434.0,1430.0
0.0,12962.0,4308.0,4300.0,2016.0,6530.0,2287.0,2655.0,1588.0,1436.0,1434.0,1430.0,1456.0,1457.0,1395.0,4733.0,3796.0,4433.0,2287.0,2655.0,1588.0,1436.0,1434.0,1430.0
0.0,10670.0,4311.0,4300.0,4234.0,6607.0,2714.0,2173.0,1720.0,1436.0,1435.0,1429.0,1434.0,1454.0,1423.0,3457.0,3081.0,4132.0,2714.0,2173.0,1720.0,1436.0,1435.0,1429.0
0.0,10593.0,4242.0,4301.0,6530.0,4323.0,1835.0,964.0,1524.0,1436.0,1436.0,1429.0,1408.0,1442.0,1392.0,3030.0,3567.0,3996.0,1835.0,964.0,1524.0,1436.0,1436.0,1429.0
0.0,12881.0,4192.0,4301.0,6607.0,1908.0,512.0,191.0,1205.0,1436.0,1436.0,1429.0,1391.0,1400.0,1401.0,3909.0,4780.0,4192.0,512.0,191.0,1205.0,1436.0,1436.0,1429.0
0.0,15296.0,4267.0,4300.0,4323.0,1848.0,93.0,677.0,1078.0,1436.0,1436.0,1428.0,1416.0,1450.0,1401.0,5232.0,5553.0,4511.0,93.0,677.0,1078.0,1436.0,1436.0,1428.0
0.0,15352.0,4155.0,4299.0,1908.0,4091.0,943.0,1907.0,1241.0,1435.0,1436.0,1428.0,1366.0,1421.0,1368.0,5651.0,5067.0,4634.0,943.0,1907.0,1241.0,1435.0,1436.0,1428.0
0.0,13105.0,4307.0,4302.0,1848.0,6562.0,2293.0,2668.0,1601.0,1436.0,1437.0,1429.0,1439.0,1434.0,1434.0,4797.0,3837.0,4471.0,2293.0,2668.0,1601.0,1436.0,1437.0,1429.0
0.0,10646.0,4297.0,4303.0,4091.0,6772.0,2792.0,2196.0,1784.0,1437.0,1437.0,1429.0,1438.0,1435.0,1424.0,3451.0,3080.0,4115.0,2792.0,2196.0,1784.0,1437.0,1437.0,1429.0
0.0,10440.0,4260.0,4301.0,6562.0,4462.0,1923.0,941.0,1598.0,1436.0,1436.0,1429.0,1428.0,1417.0,1415.0,2956.0,3552.0,3932.0,1923.0,941.0,1598.0,1436.0,1436.0,1429.0
0.0,12742.0,4208.0,4299.0,6772.0,1890.0,531.0,159.0,1200.0,1436.0,1435.0,1428.0,1400.0,1418.0,1390.0,3821.0,4803.0,4118.0,531.0,159.0,1200.0,1436.0,1435.0,1428.0
0.0,15306.0,4308.0,4299.0,4462.0,1736.0,51.0,649.0,1036.0,1436.0,1435.0,1428.0,1443.0,1431.0,1434.0,5213.0,5581.0,4512.0,51.0,649.0,1036.0,1436.0,1435.0,1428.0
0.0,15460.0,4262.0,4302.0,1890.0,4120.0,932.0,1926.0,1262.0,1437.0,1436.0,1429.0,1408.0,1432.0,1422.0,5693.0,5091.0,4676.0,932.0,1926.0,1262.0,1437.0,1436.0,1429.0
0.0,13088.0,4229.0,4299.0,1736.0,6601.0,2302.0,2680.0,1619.0,1436.0,1435.0,1428.0,1425.0,1407.0,1397.0,4816.0,3818.0,4454.0,2302.0,2680.0,1619.0,1436.0,1435.0,1428.0
0.0,10595.0,4292.0,4300.0,4120.0,6777.0,2821.0,2183.0,1773.0,1437.0,1434.0,1429.0,1447.0,1433.0,1412.0,3442.0,3060.0,4093.0,2821.0,2183.0,1773.0,1437.0,1434.0,1429.0
0.0,10423.0,4309.0,4303.0,6601.0,4497.0,1986.0,929.0,1582.0,1438.0,1435.0,1430.0,1463.0,1422.0,1424.0,2927.0,3553.0,3943.0,1986.0,929.0,1582.0,1438.0,1435.0,1430.0
0.0,12715.0,4328.0,4301.0,6777.0,2040.0,615.0,178.0,1247.0,1438.0,1434.0,1429.0,1450.0,1436.0,1442.0,3766.0,4811.0,4138.0,615.0,178.0,1247.0,1438.0,1434.0,1429.0
0.0,15164.0,4331.0,4301.0,4497.0,1874.0,89.0,689.0,1096.0,1438.0,1434.0,1429.0,1460.0,1440.0,1431.0,5137.0,5558.0,4469.0,89.0,689.0,1096.0,1438.0,1434.0,1429.0
0.0,15330.0,4456.0,4306.0,2040.0,4310.0,965.0,2014.0,1331.0,1439.0,1436.0,1431.0,1487.0,1495.0,1474.0,5663.0,5047.0,4620.0,965.0,2014.0,1331.0,1439.0,1436.0,1431.0
0.0,12914.0,4407.0,4306.0,1874.0,6843.0,2351.0,2777.0,1715.0,1439.0,1435.0,1432.0,1475.0,1456.0,1476.0,4791.0,3730.0,4393.0,2351.0,2777.0,1715.0,1439.0,1435.0,1432.0
0.0,10381.0,4325.0,4302.0,4310.0,6842.0,2824.0,2203.0,1815.0,1438.0,1434.0,1430.0,1442.0,1444.0,1439.0,3405.0,2963.0,4013.0,2824.0,2203.0,1815.0,1438.0,1434.0,1430.0
0.0,10366.0,4531.0,4307.0,6843.0,4550.0,2001.0,934.0,1615.0,1440.0,1435.0,1432.0,1520.0,1504.0,1507.0,2928.0,3533.0,3905.0,2001.0,934.0,1615.0,1440.0,1435.0,1432.0
0.0,12678.0,4390.0,4309.0,6842.0,2106.0,666.0,165.0,1275.0,1441.0,1435.0,1433.0,1485.0,1434.0,1471.0,3759.0,4806.0,4113.0,666.0,165.0,1275.0,1441.0,1435.0,1433.0
0.0,15130.0,4371.0,4311.0,4550.0,1935.0,138.0,689.0,1108.0,1442.0,1435.0,1434.0,1469.0,1458.0,1444.0,5098.0,5575.0,4457.0,138.0,689.0,1108.0,1442.0,1435.0,1434.0
0.0,15309.0,4460.0,4314.0,2106.0,4301.0,964.0,2001.0,1336.0,1443.0,1436.0,1435.0,1488.0,1473.0,1499.0,5630.0,5051.0,4628.0,964.0,2001.0,1336.0,1443.0,1436.0,1435.0
0.0,12955.0,4457.0,4315.0,1935.0,6827.0,2316.0,2777.0,1734.0,1443.0,1436.0,1436.0,1490.0,1465.0,1502.0,4808.0,3743.0,4404.0,2316.0,2777.0,1734.0,1443.0,1436.0,1436.0
0.0,10433.0,4381.0,4315.0,4301.0,6907.0,2803.0,2224.0,1880.0,1443.0,1436.0,1436.0,1451.0,1448.0,1482.0,3456.0,2967.0,4010.0,2803.0,2224.0,1880.0,1443.0,1436.0,1436.0
0.0,10353.0,4411.0,4317.0,6827.0,4499.0,1960.0,917.0,1622.0,1443.0,1437.0,1437.0,1473.0,1466.0,1472.0,2969.0,3520.0,3864.0,1960.0,917.0,1622.0,1443.0,1437.0,1437.0
0.0,12769.0,4334.0,4316.0,6907.0,1922.0,575.0,141.0,1206.0,1442.0,1437.0,1437.0,1422.0,1448.0,1464.0,3812.0,4831.0,4126.0,575.0,141.0,1206.0,1442.0,1437.0,1437.0
0.0,15342.0,4293.0,4317.0,4499.0,1720.0,41.0,673.0,1006.0,1442.0,1438.0,1437.0,1426.0,1445.0,1422.0,5193.0,5607.0,4542.0,41.0,673.0,1006.0,1442.0,1438.0,1437.0
0.0,15548.0,4383.0,4320.0,1922.0,4193.0,914.0,2011.0,1268.0,1443.0,1439.0,1438.0,1444.0,1475.0,1464.0,5727.0,5079.0,4742.0,914.0,2011.0,1268.0,1443.0,1439.0,1438.0
0.0,13087.0,4442.0,4322.0,1720.0,6923.0,2327.0,2856.0,1740.0,1444.0,1440.0,1438.0,1450.0,1514.0,1478.0,4858.0,3745.0,4484.0,2327.0,2856.0,1740.0,1444.0,1440.0,1438.0
0.0,10365.0,4390.0,4322.0,4193.0,7120.0,2877.0,2303.0,1940.0,1444.0,1440.0,1438.0,1464.0,1458.0,1468.0,3449.0,2904.0,4012.0,2877.0,2303.0,1940.0,1444.0,1440.0,1438.0
0.0,10168.0,4280.0,4323.0,6923.0,4481.0,1950.0,890.0,1641.0,1444.0,1441.0,1438.0,1400.0,1439.0,1441.0,2899.0,3457.0,3812.0,1950.0,890.0,1641.0,1444.0,1441.0,1438.0
0.0,12811.0,4517.0,4326.0,7120.0,1890.0,569.0,116.0,1205.0,1445.0,1442.0,1439.0,1492.0,1525.0,1500.0,3826.0,4874.0,4111.0,569.0,116.0,1205.0,1445.0,1442.0,1439.0
0.0,15414.0,4432.0,4329.0,4481.0,1853.0,100.0,697.0,1056.0,1446.0,1443.0,1440.0,1477.0,1467.0,1488.0,5211.0,5652.0,4551.0,100.0,697.0,1056.0,1446.0,1443.0,1440.0
0.0,15463.0,4304.0,4328.0,1890.0,4263.0,941.0,2038.0,1284.0,1445.0,1443.0,1440.0,1414.0,1457.0,1433.0,5684.0,5075.0,4704.0,941.0,2038.0,1284.0,1445.0,1443.0,1440.0
0.0,13049.0,4312.0,4327.0,1853.0,6718.0,2264.0,2783.0,1671.0,1445.0,1443.0,1439.0,1423.0,1442.0,1447.0,4839.0,3734.0,4476.0,2264.0,2783.0,1671.0,1445.0,1443.0,1439.0
0.0,10590.0,4374.0,4329.0,4263.0,6837.0,2760.0,2219.0,1858.0,1445.0,1444.0,1440.0,1437.0,1470.0,1467.0,3516.0,2989.0,4085.0,2760.0,2219.0,1858.0,1445.0,1444.0,1440.0
0.0,10479.0,4419.0,4329.0,6718.0,4538.0,1947.0,921.0,1670.0,1444.0,1445.0,1440.0,1455.0,1481.0,1483.0,3020.0,3557.0,3902.0,1947.0,921.0,1670.0,1444.0,1445.0,1440.0
0.0,12778.0,4395.0,4331.0,6837.0,2104.0,665.0,178.0,1261.0,1445.0,1446.0,1440.0,1474.0,1472.0,1449.0,3829.0,4859.0,4090.0,665.0,178.0,1261.0,1445.0,1446.0,1440.0
0.0,15220.0,4300.0,4329.0,4538.0,1858.0,139.0,713.0,1006.0,1444.0,1446.0,1439.0,1425.0,1456.0,1419.0,5115.0,5606.0,4499.0,139.0,713.0,1006.0,1444.0,1446.0,1439.0
0.0,15458.0,4373.0,4331.0,2104.0,4135.0,935.0,1998.0,1202.0,1444.0,1447.0,1440.0,1461.0,1459.0,1453.0,5637.0,5071.0,4750.0,935.0,1998.0,1202.0,1444.0,1447.0,1440.0
0.0,13189.0,4431.0,4333.0,1858.0,6716.0,2246.0,2799.0,1671.0,1444.0,1449.0,1440.0,1450.0,1506.0,1475.0,4841.0,3790.0,4558.0,2246.0,2799.0,1671.0,1444.0,1449.0,1440.0
0.0,10616.0,4421.0,4335.0,4135.0,7010.0,2807.0,2264.0,1939.0,1445.0,1449.0,1441.0,1492.0,1463.0,1466.0,3530.0,2997.0,4089.0,2807.0,2264.0,1939.0,1445.0,1449.0,1441.0
0.0,10330.0,4321.0,4337.0,6716.0,4623.0,2010.0,898.0,1715.0,1445.0,1450.0,1442.0,1449.0,1429.0,1443.0,2973.0,3532.0,3825.0,2010.0,898.0,1715.0,1445.0,1450.0,1442.0
0.0,12725.0,4337.0,4337.0,7010.0,1950.0,663.0,85.0,1202.0,1445.0,1450.0,1442.0,1460.0,1451.0,1426.0,3770.0,4902.0,4053.0,663.0,85.0,1202.0,1445.0,1450.0,1442.0
0.0,15398.0,4436.0,4339.0,4623.0,1771.0,155.0,667.0,949.0,1446.0,1451.0,1442.0,1498.0,1476.0,1462.0,5117.0,5715.0,4566.0,155.0,667.0,949.0,1446.0,1451.0,1442.0
0.0,15585.0,4260.0,4339.0,1950.0,4081.0,924.0,2000.0,1157.0,1446.0,1451.0,1442.0,1432.0,1418.0,1410.0,5629.0,5137.0,4819.0,924.0,2000.0,1157.0,1446.0,1451.0,1442.0
0.0,13275.0,4354.0,4341.0,1771.0,6672.0,2231.0,2775.0,1666.0,1447.0,1451.0,1443.0,1458.0,1442.0,1454.0,4860.0,3804.0,4611.0,2231.0,2775.0,1666.0,1447.0,1451.0,1443.0
0.0,10692.0,4428.0,4344.0,4081.0,7031.0,2816.0,2235.0,1980.0,1448.0,1452.0,1444.0,1505.0,1456.0,1467.0,3557.0,3029.0,4106.0,2816.0,2235.0,1980.0,1448.0,1452.0,1444.0
0.0,10345.0,4340.0,4346.0,6672.0,4707.0,2035.0,927.0,1745.0,1449.0,1453.0,1444.0,1446.0,1463.0,1431.0,2976.0,3573.0,3796.0,2035.0,927.0,1745.0,1449.0,1453.0,1444.0
0.0,12677.0,4264.0,4345.0,7031.0,1936.0,657.0,90.0,1189.0,1449.0,1452.0,1444.0,1438.0,1402.0,1424.0,3761.0,4885.0,4031.0,657.0,90.0,1189.0,1449.0,1452.0,1444.0
0.0,15444.0,4402.0,4347.0,4707.0,1639.0,104.0,619.0,916.0,1449.0,1452.0,1446.0,1482.0,1456.0,1464.0,5139.0,5718.0,4587.0,104.0,619.0,916.0,1449.0,1452.0,1446.0
0.0,15749.0,4330.0,4347.0,1936.0,4033.0,908.0,1970.0,1155.0,1450.0,1451.0,1446.0,1457.0,1445.0,1428.0,5692.0,5189.0,4868.0,908.0,1970.0,1155.0,1450.0,1451.0,1446.0
0.0,13355.0,4294.0,4348.0,1639.0,6692.0,2238.0,2778.0,1676.0,1450.0,1451.0,1447.0,1434.0,1427.0,1433.0,4892.0,3834.0,4629.0,2238.0,2778.0,1676.0,1450.0,1451.0,1447.0
0.0,10700.0,4322.0,4350.0,4033.0,6989.0,2775.0,2251.0,1963.0,1451.0,1452.0,1447.0,1441.0,1439.0,1442.0,3562.0,3026.0,4112.0,2775.0,2251.0,1963.0,1451.0,1452.0,1447.0
0.0,10411.0,4396.0,4353.0,6692.0,4705.0,2003.0,926.0,1776.0,1452.0,1452.0,1449.0,1462.0,1453.0,1481.0,3029.0,3557.0,3825.0,2003.0,926.0,1776.0,1452.0,1452.0,1449.0
0.0,12707.0,4407.0,4358.0,6989.0,2143.0,700.0,140.0,1303.0,1454.0,1453.0,1451.0,1464.0,1461.0,1482.0,3805.0,4882.0,4020.0,700.0,140.0,1303.0,1454.0,1453.0,1451.0
0.0,15289.0,4310.0,4358.0,4705.0,1748.0,122.0,660.0,966.0,1454.0,1453.0,1451.0,1425.0,1446.0,1439.0,5116.0,5672.0,4501.0,122.0,660.0,966.0,1454.0,1453.0,1451.0
0.0,15684.0,4430.0,4360.0,2143.0,4043.0,887.0,2009.0,1147.0,1454.0,1454.0,1452.0,1465.0,1485.0,1480.0,5694.0,5152.0,4838.0,887.0,2009.0,1147.0,1454.0,1454.0,1452.0
0.0,13397.0,4309.0,4361.0,1748.0,6608.0,2181.0,2795.0,1632.0,1454.0,1454.0,1453.0,1416.0,1446.0,1447.0,4929.0,3807.0,4661.0,2181.0,2795.0,1632.0,1454.0,1454.0,1453.0
0.0,10836.0,4372.0,4364.0,4043.0,6949.0,2746.0,2245.0,1958.0,1455.0,1455.0,1454.0,1448.0,1455.0,1469.0,3635.0,3021.0,4180.0,2746.0,2245.0,1958.0,1455.0,1455.0,1454.0
0.0,10507.0,4388.0,4367.0,6608.0,4741.0,2043.0,910.0,1788.0,1456.0,1456.0,1455.0,1474.0,1456.0,1458.0,3074.0,3575.0,3858.0,2043.0,910.0,1788.0,1456.0,1456.0,1455.0
0.0,12727.0,4311.0,4367.0,6949.0,2103.0,731.0,111.0,1261.0,1456.0,1456.0,1455.0,1434.0,1446.0,1431.0,3781.0,4914.0,4032.0,731.0,111.0,1261.0,1456.0,1456.0,1455.0
0.0,15365.0,4456.0,4372.0,4741.0,1838.0,197.0,678.0,963.0,1458.0,1457.0,1457.0,1501.0,1473.0,1482.0,5093.0,5713.0,4559.0,197.0,678.0,963.0,1458.0,1457.0,1457.0
0.0,15650.0,4379.0,4374.0,2103.0,4122.0,939.0,2019.0,1164.0,1458.0,1458.0,1458.0,1473.0,1448.0,1458.0,5635.0,5150.0,4865.0,939.0,2019.0,1164.0,1458.0,1458.0,1458.0
0.0,13374.0,4409.0,4375.0,1838.0,6697.0,2209.0,2807.0,1681.0,1458.0,1458.0,1459.0,1467.0,1466.0,1476.0,4893.0,3813.0,4668.0,2209.0,2807.0,1681.0,1458.0,1458.0,1459.0
0.0,10803.0,4478.0,4378.0,4122.0,7065.0,2764.0,2293.0,2008.0,1459.0,1460.0,1459.0,1490.0,1497.0,1491.0,3623.0,3025.0,4155.0,2764.0,2293.0,2008.0,1459.0,1460.0,1459.0
0.0,10447.0,4476.0,4381.0,6697.0,4856.0,2057.0,959.0,1840.0,1460.0,1460.0,1461.0,1498.0,1473.0,1505.0,3072.0,3547.0,3828.0,2057.0,959.0,1840.0,1460.0,1460.0,1461.0
0.0,12668.0,4457.0,4381.0,7065.0,2248.0,774.0,145.0,1329.0,1460.0,1460.0,1461.0,1481.0,1479.0,1497.0,3783.0,4881.0,4004.0,774.0,145.0,1329.0,1460.0,1460.0,1461.0
0.0,15276.0,4598.0,4385.0,4856.0,2006.0,253.0,740.0,1013.0,1461.0,1462.0,1462.0,1532.0,1546.0,1520.0,5066.0,5695.0,4515.0,253.0,740.0,1013.0,1461.0,1462.0,1462.0
0.0,15534.0,4489.0,4387.0,2248.0,4255.0,997.0,2076.0,1182.0,1462.0,1462.0,1463.0,1514.0,1481.0,1494.0,5591.0,5108.0,4835.0,997.0,2076.0,1182.0,1462.0,1462.0,1463.0
0.0,13293.0,4458.0,4386.0,2006.0,6703.0,2225.0,2834.0,1644.0,1461.0,1462.0,1463.0,1485.0,1498.0,1475.0,4851.0,3772.0,4670.0,2225.0,2834.0,1644.0,1461.0,1462.0,1463.0
0.0,10841.0,4494.0,4388.0,4255.0,6950.0,2716.0,2274.0,1960.0,1461.0,1464.0,1463.0,1488.0,1508.0,1498.0,3619.0,3014.0,4208.0,2716.0,2274.0,1960.0,1461.0,1464.0,1463.0
0.0,10602.0,4461.0,4390.0,6703.0,4716.0,1971.0,940.0,1805.0,1462.0,1464.0,1464.0,1476.0,1500.0,1485.0,3128.0,3582.0,3892.0,1971.0,940.0,1805.0,1462.0,1464.0,1464.0
0.0,12844.0,4498.0,4390.0,6950.0,2264.0,731.0,176.0,1357.0,1461.0,1465.0,1464.0,1480.0,1506.0,1512.0,3877.0,4916.0,4051.0,731.0,176.0,1357.0,1461.0,1465.0,1464.0
0.0,15296.0,4440.0,4390.0,4716.0,1988.0,236.0,721.0,1031.0,1461.0,1465.0,1464.0,1476.0,1485.0,1479.0,5113.0,5684.0,4499.0,236.0,721.0,1031.0,1461.0,1465.0,1464.0
0.0,15572.0,4531.0,4393.0,2264.0,4267.0,1003.0,2091.0,1173.0,1462.0,1467.0,1464.0,1494.0,1538.0,1499.0,5608.0,5139.0,4825.0,1003.0,2091.0,1173.0,1462.0,1467.0,1464.0
0.0,13305.0,4412.0,4393.0,1988.0,6691.0,2227.0,2842.0,1622.0,1462.0,1467.0,1464.0,1460.0,1472.0,1480.0,4845.0,3777.0,4683.0,2227.0,2842.0,1622.0,1462.0,1467.0,1464.0
0.0,10881.0,4543.0,4398.0,4267.0,6987.0,2747.0,2275.0,1965.0,1464.0,1469.0,1465.0,1515.0,1516.0,1512.0,3621.0,3026.0,4234.0,2747.0,2275.0,1965.0,1464.0,1469.0,1465.0
0.0,10605.0,4470.0,4401.0,6691.0,4778.0,1986.0,934.0,1858.0,1464.0,1470.0,1467.0,1466.0,1497.0,1507.0,3109.0,3601.0,3895.0,1986.0,934.0,1858.0,1464.0,1470.0,1467.0
0.0,12826.0,4471.0,4402.0,6987.0,2266.0,725.0,157.0,1384.0,1465.0,1470.0,1467.0,1482.0,1498.0,1491.0,3870.0,4946.0,4010.0,725.0,157.0,1384.0,1465.0,1470.0,1467.0
0.0,15342.0,4556.0,4404.0,4778.0,2052.0,258.0,748.0,1046.0,1466.0,1470.0,1468.0,1515.0,1525.0,1516.0,5135.0,5723.0,4484.0,258.0,748.0,1046.0,1466.0,1470.0,1468.0
0.0,15564.0,4473.0,4407.0,2266.0,4271.0,1026.0,2072.0,1173.0,1467.0,1471.0,1469.0,1489.0,1477.0,1507.0,5606.0,5132.0,4826.0,1026.0,2072.0,1173.0,1467.0,1471.0,1469.0
0.0,13357.0,4461.0,4410.0,2052.0,6692.0,2247.0,2816.0,1629.0,1468.0,1472.0,1470.0,1475.0,1488.0,1498.0,4842.0,3812.0,4703.0,2247.0,2816.0,1629.0,1468.0,1472.0,1470.0
0.0,10948.0,4453.0,4408.0,4271.0,6866.0,2704.0,2237.0,1925.0,1468.0,1471.0,1469.0,1483.0,1497.0,1473.0,3625.0,3072.0,4251.0,2704.0,2237.0,1925.0,1468.0,1471.0,1469.0
0.0,10766.0,4465.0,4408.0,6692.0,4639.0,1958.0,900.0,1781.0,1468.0,1471.0,1469.0,1501.0,1479.0,1485.0,3168.0,3647.0,3951.0,1958.0,900.0,1781.0,1468.0,1471.0,1469.0
0.0,12993.0,4385.0,4410.0,6866.0,2166.0,699.0,115.0,1352.0,1469.0,1471.0,1470.0,1441.0,1452.0,1492.0,3914.0,4984.0,4095.0,699.0,115.0,1352.0,1469.0,1471.0,1470.0
0.0,15474.0,4490.0,4414.0,4639.0,2033.0,236.0,712.0,1085.0,1470.0,1472.0,1472.0,1491.0,1493.0,1506.0,5177.0,5769.0,4528.0,236.0,712.0,1085.0,1470.0,1472.0,1472.0
0.0,15623.0,4484.0,4416.0,2166.0,4359.0,1039.0,2099.0,1221.0,1471.0,1473.0,1472.0,1498.0,1498.0,1488.0,5644.0,5176.0,4803.0,1039.0,2099.0,1221.0,1471.0,1473.0,1472.0
0.0,13305.0,4536.0,4418.0,2033.0,6870.0,2336.0,2891.0,1643.0,1473.0,1473.0,1472.0,1525.0,1504.0,1507.0,4845.0,3793.0,4667.0,2336.0,2891.0,1643.0,1473.0,1473.0,1472.0
0.0,10802.0,4515.0,4421.0,4359.0,7038.0,2800.0,2302.0,1936.0,1473.0,1474.0,1474.0,1503.0,1506.0,1506.0,3556.0,3001.0,4245.0,2800.0,2302.0,1936.0,1473.0,1474.0,1474.0
0.0,10646.0,4539.0,4425.0,6870.0,4723.0,2005.0,911.0,1807.0,1475.0,1475.0,1475.0,1533.0,1496.0,1510.0,3092.0,3594.0,3960.0,2005.0,911.0,1807.0,1475.0,1475.0,1475.0
0.0,12977.0,4509.0,4428.0,7038.0,2206.0,736.0,101.0,1369.0,1477.0,1475.0,1476.0,1523.0,1492.0,1494.0,3895.0,4989.0,4093.0,736.0,101.0,1369.0,1477.0,1475.0,1476.0
0.0,15506.0,4434.0,4427.0,4723.0,1913.0,223.0,655.0,1035.0,1477.0,1474.0,1476.0,1492.0,1469.0,1473.0,5172.0,5799.0,4535.0,223.0,655.0,1035.0,1477.0,1474.0,1476.0
0.0,15795.0,4531.0,4430.0,2206.0,4250.0,1012.0,2060.0,1178.0,1478.0,1475.0,1477.0,1521.0,1502.0,1508.0,5685.0,5241.0,4869.0,1012.0,2060.0,1178.0,1478.0,1475.0,1477.0
0.0,13470.0,4386.0,4432.0,1913.0,6731.0,2273.0,2869.0,1589.0,1479.0,1476.0,1477.0,1480.0,1460.0,1446.0,4900.0,3840.0,4730.0,2273.0,2869.0,1589.0,1479.0,1476.0,1477.0
0.0,10997.0,4414.0,4432.0,4250.0,6895.0,2753.0,2291.0,1851.0,1479.0,1476.0,1477.0,1492.0,1482.0,1440.0,3643.0,3035.0,4319.0,2753.0,2291.0,1851.0,1479.0,1476.0,1477.0
0.0,10833.0,4404.0,4433.0,6731.0,4572.0,1956.0,863.0,1753.0,1479.0,1476.0,1478.0,1476.0,1441.0,1487.0,3163.0,3613.0,4057.0,1956.0,863.0,1753.0,1479.0,1476.0,1478.0
0.0,13160.0,4393.0,4435.0,6895.0,2078.0,686.0,23.0,1369.0,1480.0,1476.0,1479.0,1479.0,1451.0,1463.0,3960.0,5041.0,4159.0,686.0,23.0,1369.0,1480.0,1476.0,1479.0
0.0,15662.0,4425.0,4436.0,4572.0,1935.0,212.0,645.0,1078.0,1480.0,1477.0,1479.0,1482.0,1481.0,1462.0,5234.0,5881.0,4547.0,212.0,645.0,1078.0,1480.0,1477.0,1479.0
0.0,15809.0,4473.0,4437.0,2078.0,4334.0,1002.0,2140.0,1192.0,1480.0,1478.0,1479.0,1476.0,1514.0,1483.0,5708.0,5263.0,4838.0,1002.0,2140.0,1192.0,1480.0,1478.0,1479.0
0.0,13414.0,4479.0,4440.0,1935.0,6890.0,2315.0,2981.0,1594.0,1481.0,1479.0,1480.0,1521.0,1482.0,1476.0,4918.0,3772.0,4724.0,2315.0,2981.0,1594.0,1481.0,1479.0,1480.0
0.0,10870.0,4449.0,4443.0,4334.0,7017.0,2789.0,2331.0,1897.0,1482.0,1480.0,1481.0,1472.0,1486.0,1491.0,3609.0,2935.0,4326.0,2789.0,2331.0,1897.0,1482.0,1480.0,1481.0
0.0,10755.0,4469.0,4444.0,6890.0,4600.0,1960.0,869.0,1771.0,1482.0,1481.0,1481.0,1486.0,1515.0,1468.0,3139.0,3589.0,4027.0,1960.0,869.0,1771.0,1482.0,1481.0,1481.0
0.0,13176.0,4420.0,4446.0,7017.0,2011.0,630.0,42.0,1339.0,1482.0,1482.0,1482.0,1459.0,1500.0,1461.0,3968.0,5055.0,4153.0,630.0,42.0,1339.0,1482.0,1482.0,1482.0
0.0,15773.0,4369.0,4447.0,4600.0,1784.0,133.0,638.0,1013.0,1482.0,1483.0,1482.0,1463.0,1461.0,1445.0,5298.0,5886.0,4589.0,133.0,638.0,1013.0,1482.0,1483.0,1482.0
0.0,16004.0,4366.0,4449.0,2011.0,4147.0,959.0,2044.0,1144.0,1483.0,1483.0,1483.0,1452.0,1448.0,1466.0,5795.0,5294.0,4915.0,959.0,2044.0,1144.0,1483.0,1483.0,1483.0
0.0,13649.0,4513.0,4450.0,1784.0,6880.0,2322.0,2920.0,1638.0,1483.0,1484.0,1483.0,1496.0,1510.0,1507.0,4973.0,3888.0,4788.0,2322.0,2920.0,1638.0,1483.0,1484.0,1483.0
0.0,10920.0,4489.0,4453.0,4147.0,7234.0,2846.0,2378.0,2010.0,1484.0,1485.0,1484.0,1479.0,1498.0,1512.0,3610.0,3016.0,4294.0,2846.0,2378.0,2010.0,1484.0,1485.0,1484.0
0.0,10578.0,4481.0,4456.0,6880.0,4847.0,2011.0,971.0,1865.0,1485.0,1486.0,1485.0,1483.0,1509.0,1489.0,3090.0,3562.0,3926.0,2011.0,971.0,1865.0,1485.0,1486.0,1485.0
0.0,12977.0,4496.0,4457.0,7234.0,2113.0,655.0,122.0,1336.0,1485.0,1487.0,1485.0,1490.0,1525.0,1481.0,3929.0,4973.0,4075.0,655.0,122.0,1336.0,1485.0,1487.0,1485.0
0.0,15715.0,4638.0,4463.0,4847.0,1928.0,191.0,699.0,1038.0,1487.0,1489.0,1487.0,1539.0,1540.0,1559.0,5285.0,5826.0,4604.0,191.0,699.0,1038.0,1487.0,1489.0,1487.0
0.0,15924.0,4522.0,4467.0,2113.0,4353.0,1047.0,2095.0,1211.0,1489.0,1490.0,1488.0,1503.0,1514.0,1505.0,5757.0,5257.0,4910.0,1047.0,2095.0,1211.0,1489.0,1490.0,1488.0
0.0,13515.0,4444.0,4467.0,1928.0,6869.0,2346.0,2869.0,1654.0,1489.0,1490.0,1488.0,1490.0,1473.0,1481.0,4909.0,3865.0,4741.0,2346.0,2869.0,1654.0,1489.0,1490.0,1488.0
0.0,10999.0,4505.0,4471.0,4353.0,7037.0,2805.0,2269.0,1963.0,1490.0,1491.0,1490.0,1502.0,1491.0,1512.0,3610.0,3091.0,4298.0,2805.0,2269.0,1963.0,1490.0,1491.0,1490.0
0.0,10847.0,4563.0,4472.0,6869.0,4735.0,1967.0,934.0,1834.0,1490.0,1492.0,1490.0,1508.0,1530.0,1525.0,3155.0,3695.0,3997.0,1967.0,934.0,1834.0,1490.0,1492.0,1490.0
0.0,13153.0,4627.0,4478.0,7037.0,2349.0,707.0,220.0,1422.0,1492.0,1494.0,1492.0,1537.0,1547.0,1543.0,3993.0,5034.0,4126.0,707.0,220.0,1422.0,1492.0,1494.0,1492.0
0.0,15563.0,4426.0,4478.0,4735.0,2040.0,225.0,766.0,1049.0,1492.0,1494.0,1492.0,1485.0,1480.0,1461.0,5261.0,5756.0,4546.0,225.0,766.0,1049.0,1492.0,1494.0,1492.0
0.0,15872.0,4498.0,4478.0,2349.0,4189.0,1005.0,2037.0,1147.0,1492.0,1494.0,1492.0,1487.0,1491.0,1520.0,5743.0,5210.0,4919.0,1005.0,2037.0,1147.0,1492.0,1494.0,1492.0
0.0,13723.0,4525.0,4480.0,2040.0,6682.0,2273.0,2784.0,1625.0,1492.0,1495.0,1493.0,1493.0,1509.0,1523.0,4963.0,3939.0,4821.0,2273.0,2784.0,1625.0,1492.0,1495.0,1493.0
0.0,11238.0,4595.0,4482.0,4189.0,7096.0,2812.0,2246.0,2038.0,1493.0,1495.0,1494.0,1540.0,1499.0,1556.0,3695.0,3196.0,4347.0,2812.0,2246.0,2038.0,1493.0,1495.0,1494.0
0.0,10832.0,4519.0,4481.0,6682.0,4929.0,2031.0,976.0,1922.0,1492.0,1495.0,1494.0,1496.0,1514.0,1509.0,3160.0,3734.0,3938.0,2031.0,976.0,1922.0,1492.0,1495.0,1494.0
0.0,12995.0,4550.0,4481.0,7096.0,2383.0,748.0,211.0,1424.0,1492.0,1495.0,1494.0,1529.0,1481.0,1540.0,3937.0,5004.0,4054.0,748.0,211.0,1424.0,1492.0,1495.0,1494.0
0.0,15541.0,4443.0,4481.0,4929.0,1897.0,192.0,705.0,1000.0,1492.0,1494.0,1495.0,1475.0,1474.0,1494.0,5220.0,5769.0,4552.0,192.0,705.0,1000.0,1492.0,1494.0,1495.0
0.0,16027.0,4547.0,4483.0,2383.0,4069.0,963.0,2024.0,1082.0,1493.0,1495.0,1495.0,1515.0,1526.0,1506.0,5776.0,5271.0,4980.0,963.0,2024.0,1082.0,1493.0,1495.0,1495.0
0.0,13863.0,4536.0,4484.0,1897.0,6712.0,2301.0,2796.0,1615.0,1494.0,1494.0,1496.0,1526.0,1481.0,1529.0,5009.0,3956.0,4898.0,2301.0,2796.0,1615.0,1494.0,1494.0,1496.0
0.0,11224.0,4493.0,4484.0,4069.0,7136.0,2854.0,2243.0,2039.0,1494.0,1494.0,1496.0,1516.0,1471.0,1506.0,3675.0,3180.0,4369.0,2854.0,2243.0,2039.0,1494.0,1494.0,1496.0
0.0,10800.0,4503.0,4485.0,6712.0,4931.0,2067.0,930.0,1934.0,1495.0,1494.0,1496.0,1510.0,1483.0,1510.0,3122.0,3733.0,3945.0,2067.0,930.0,1934.0,1495.0,1494.0,1496.0
0.0,13009.0,4475.0,4484.0,7136.0,2266.0,701.0,152.0,1413.0,1495.0,1492.0,1497.0,1488.0,1473.0,1514.0,3913.0,5046.0,4050.0,701.0,152.0,1413.0,1495.0,1492.0,1497.0
0.0,15670.0,4536.0,4486.0,4931.0,1879.0,162.0,729.0,988.0,1496.0,1493.0,1497.0,1524.0,1503.0,1509.0,5279.0,5816.0,4575.0,162.0,729.0,988.0,1496.0,1493.0,1497.0
0.0,16065.0,4538.0,4486.0,2266.0,4151.0,981.0,2092.0,1078.0,1496.0,1493.0,1497.0,1520.0,1515.0,1503.0,5822.0,5243.0,5000.0,981.0,2092.0,1078.0,1496.0,1493.0,1497.0
0.0,13793.0,4503.0,4487.0,1879.0,6779.0,2309.0,2859.0,1611.0,1497.0,1493.0,1497.0,1486.0,1496.0,1521.0,5003.0,3880.0,4910.0,2309.0,2859.0,1611.0,1497.0,1493.0,1497.0
0.0,11169.0,4604.0,4490.0,4151.0,7244.0,2862.0,2301.0,2081.0,1498.0,1494.0,1498.0,1530.0,1530.0,1544.0,3679.0,3113.0,4377.0,2862.0,2301.0,2081.0,1498.0,1494.0,1498.0
0.0,10716.0,4529.0,4488.0,6779.0,4986.0,2050.0,950.0,1986.0,1497.0,1493.0,1498.0,1501.0,1512.0,1516.0,3130.0,3675.0,3911.0,2050.0,950.0,1986.0,1497.0,1493.0,1498.0
0.0,12966.0,4494.0,4489.0,7244.0,2240.0,683.0,145.0,1412.0,1497.0,1494.0,1498.0,1495.0,1492.0,1507.0,3938.0,5022.0,4006.0,683.0,145.0,1412.0,1497.0,1494.0,1498.0
0.0,15716.0,4512.0,4490.0,4986.0,1770.0,124.0,714.0,932.0,1498.0,1494.0,1498.0,1487.0,1519.0,1506.0,5305.0,5831.0,4580.0,124.0,714.0,932.0,1498.0,1494.0,1498.0
0.0,16190.0,4513.0,4491.0,2240.0,4047.0,946.0,2079.0,1022.0,1498.0,1494.0,1499.0,1505.0,1510.0,1498.0,5868.0,5262.0,5060.0,946.0,2079.0,1022.0,1498.0,1494.0,1499.0
0.0,13917.0,4401.0,4489.0,1770.0,6670.0,2285.0,2835.0,1550.0,1497.0,1494.0,1498.0,1467.0,1470.0,1464.0,5046.0,3897.0,4974.0,2285.0,2835.0,1550.0,1497.0,1494.0,1498.0
0.0,11286.0,4618.0,4494.0,4047.0,7261.0,2894.0,2310.0,2057.0,1499.0,1496.0,1499.0,1547.0,1546.0,1525.0,3703.0,3141.0,4442.0,2894.0,2310.0,2057.0,1499.0,1496.0,1499.0
0.0,10715.0,4442.0,4494.0,6670.0,5033.0,2069.0,964.0,2000.0,1499.0,1496.0,1499.0,1460.0,1489.0,1493.0,3102.0,3674.0,3939.0,2069.0,964.0,2000.0,1499.0,1496.0,1499.0
0.0,12943.0,4496.0,4494.0,7261.0,2268.0,678.0,162.0,1428.0,1499.0,1496.0,1499.0,1503.0,1508.0,1485.0,3927.0,5020.0,3996.0,678.0,162.0,1428.0,1499.0,1496.0,1499.0
0.0,15708.0,4605.0,4495.0,5033.0,1844.0,142.0,753.0,949.0,1499.0,1497.0,1499.0,1533.0,1551.0,1521.0,5318.0,5822.0,4568.0,142.0,753.0,949.0,1499.0,1497.0,1499.0
0.0,16136.0,4528.0,4495.0,2268.0,4104.0,975.0,2109.0,1020.0,1499.0,1497.0,1499.0,1511.0,1518.0,1499.0,5854.0,5235.0,5047.0,975.0,2109.0,1020.0,1499.0,1497.0,1499.0
0.0,13876.0,4389.0,4493.0,1844.0,6641.0,2292.0,2834.0,1515.0,1498.0,1497.0,1498.0,1463.0,1478.0,1448.0,5021.0,3879.0,4976.0,2292.0,2834.0,1515.0,1498.0,1497.0,1498.0
0.0,11331.0,4473.0,4491.0,4104.0,7002.0,2812.0,2239.0,1951.0,1497.0,1497.0,1497.0,1499.0,1514.0,1460.0,3700.0,3154.0,4477.0,2812.0,2239.0,1951.0,1497.0,1497.0,1497.0
0.0,10962.0,4499.0,4492.0,6641.0,4864.0,2002.0,938.0,1924.0,1497.0,1498.0,1497.0,1482.0,1529.0,1488.0,3176.0,3749.0,4037.0,2002.0,938.0,1924.0,1497.0,1498.0,1497.0
0.0,13104.0,4554.0,4493.0,7002.0,2420.0,720.0,227.0,1473.0,1497.0,1499.0,1497.0,1530.0,1524.0,1500.0,3986.0,5054.0,4064.0,720.0,227.0,1473.0,1497.0,1499.0,1497.0
0.0,15552.0,4526.0,4496.0,4864.0,2094.0,221.0,818.0,1055.0,1498.0,1500.0,1498.0,1499.0,1525.0,1502.0,5268.0,5769.0,4515.0,221.0,818.0,1055.0,1498.0,1500.0,1498.0
0.0,15890.0,4497.0,4498.0,2420.0,4179.0,1009.0,2076.0,1094.0,1498.0,1500.0,1500.0,1508.0,1485.0,1504.0,5771.0,5182.0,4937.0,1009.0,2076.0,1094.0,1498.0,1500.0,1500.0
0.0,13813.0,4522.0,4501.0,2094.0,6619.0,2310.0,2773.0,1536.0,1499.0,1502.0,1500.0,1518.0,1507.0,1497.0,4983.0,3924.0,4906.0,2310.0,2773.0,1536.0,1499.0,1502.0,1500.0
0.0,11385.0,4422.0,4501.0,4179.0,6862.0,2782.0,2179.0,1901.0,1499.0,1502.0,1500.0,1481.0,1482.0,1459.0,3686.0,3235.0,4464.0,2782.0,2179.0,1901.0,1499.0,1502.0,1500.0
0.0,11142.0,4463.0,4502.0,6619.0,4710.0,1946.0,926.0,1838.0,1499.0,1503.0,1500.0,1474.0,1516.0,1473.0,3214.0,3829.0,4099.0,1946.0,926.0,1838.0,1499.0,1503.0,1500.0
0.0,13298.0,4568.0,4503.0,6862.0,2420.0,697.0,278.0,1445.0,1500.0,1503.0,1500.0,1529.0,1531.0,1508.0,4050.0,5086.0,4162.0,697.0,278.0,1445.0,1500.0,1503.0,1500.0
0.0,15592.0,4517.0,4504.0,4710.0,2231.0,264.0,835.0,1132.0,1500.0,1503.0,1501.0,1513.0,1483.0,1521.0,5303.0,5734.0,4555.0,264.0,835.0,1132.0,1500.0,1503.0,1501.0
0.0,15785.0,4458.0,4504.0,2420.0,4269.0,1043.0,2041.0,1185.0,1500.0,1503.0,1501.0,1476.0,1484.0,1498.0,5736.0,5177.0,4872.0,1043.0,2041.0,1185.0,1500.0,1503.0,1501.0
0.0,13747.0,4448.0,4505.0,2231.0,6490.0,2259.0,2695.0,1536.0,1500.0,1503.0,1502.0,1480.0,1489.0,1479.0,4957.0,3971.0,4819.0,2259.0,2695.0,1536.0,1500.0,1503.0,1502.0
0.0,11530.0,4476.0,4504.0,4269.0,6693.0,2706.0,2133.0,1854.0,1500.0,1502.0,1502.0,1490.0,1483.0,1503.0,3741.0,3317.0,4472.0,2706.0,2133.0,1854.0,1500.0,1502.0,1502.0
0.0,11323.0,4585.0,4509.0,6490.0,4808.0,1994.0,944.0,1870.0,1502.0,1503.0,1504.0,1539.0,1502.0,1544.0,3294.0,3875.0,4154.0,1994.0,944.0,1870.0,1502.0,1503.0,1504.0
0.0,13228.0,4514.0,4512.0,6693.0,2641.0,797.0,307.0,1537.0,1503.0,1504.0,1505.0,1505.0,1492.0,1517.0,4014.0,5068.0,4146.0,797.0,307.0,1537.0,1503.0,1504.0,1505.0
0.0,15407.0,4471.0,4511.0,4808.0,2300.0,273.0,858.0,1169.0,1502.0,1504.0,1505.0,1474.0,1495.0,1502.0,5215.0,5709.0,4483.0,273.0,858.0,1169.0,1502.0,1504.0,1505.0
0.0,15744.0,4526.0,4512.0,2641.0,4189.0,984.0,2049.0,1156.0,1503.0,1504.0,1505.0,1504.0,1498.0,1524.0,5735.0,5158.0,4851.0,984.0,2049.0,1156.0,1503.0,1504.0,1505.0
0.0,13859.0,4446.0,4511.0,2300.0,6331.0,2155.0,2671.0,1505.0,1502.0,1503.0,1506.0,1448.0,1484.0,1514.0,5028.0,3967.0,4864.0,2155.0,2671.0,1505.0,1502.0,1503.0,1506.0
0.0,11713.0,4602.0,4513.0,4189.0,6752.0,2698.0,2154.0,1900.0,1503.0,1503.0,1507.0,1523.0,1532.0,1547.0,3853.0,3341.0,4519.0,2698.0,2154.0,1900.0,1503.0,1503.0,1507.0
0.0,11300.0,4506.0,4511.0,6331.0,4919.0,2013.0,980.0,1926.0,1502.0,1502.0,1507.0,1474.0,1501.0,1531.0,3314.0,3858.0,4128.0,2013.0,980.0,1926.0,1502.0,1502.0,1507.0
0.0,13125.0,4607.0,4512.0,6752.0,2778.0,876.0,335.0,1567.0,1503.0,1502.0,1507.0,1557.0,1509.0,1541.0,3995.0,5028.0,4102.0,876.0,335.0,1567.0,1503.0,1502.0,1507.0
0.0,15270.0,4505.0,4514.0,4919.0,2372.0,368.0,848.0,1156.0,1503.0,1503.0,1508.0,1505.0,1489.0,1511.0,5136.0,5673.0,4461.0,368.0,848.0,1156.0,1503.0,1503.0,1508.0
0.0,15684.0,4536.0,4514.0,2778.0,4130.0,996.0,2012.0,1122.0,1503.0,1503.0,1508.0,1504.0,1499.0,1533.0,5644.0,5164.0,4876.0,996.0,2012.0,1122.0,1503.0,1503.0,1508.0
0.0,13926.0,4652.0,4516.0,2372.0,6418.0,2183.0,2702.0,1533.0,1504.0,1503.0,1509.0,1551.0,1538.0,1563.0,5016.0,4000.0,4910.0,2183.0,2702.0,1533.0,1504.0,1503.0,1509.0
0.0,11646.0,4518.0,4514.0,4130.0,6798.0,2680.0,2188.0,1930.0,1503.0,1502.0,1509.0,1497.0,1502.0,1519.0,3833.0,3310.0,4503.0,2680.0,2188.0,1930.0,1503.0,1502.0,1509.0
0.0,11258.0,4644.0,4518.0,6418.0,5040.0,2052.0,1005.0,1983.0,1504.0,1503.0,1511.0,1551.0,1515.0,1578.0,3332.0,3820.0,4106.0,2052.0,1005.0,1983.0,1504.0,1503.0,1511.0
0.0,13032.0,4554.0,4519.0,6798.0,2800.0,888.0,328.0,1584.0,1505.0,1503.0,1511.0,1512.0,1511.0,1531.0,3964.0,5007.0,4061.0,888.0,328.0,1584.0,1505.0,1503.0,1511.0
0.0,15276.0,4587.0,4520.0,5040.0,2351.0,367.0,824.0,1160.0,1505.0,1503.0,1512.0,1531.0,1501.0,1555.0,5132.0,5684.0,4460.0,367.0,824.0,1160.0,1505.0,1503.0,1512.0
0.0,15729.0,4597.0,4520.0,2800.0,4148.0,1008.0,2015.0,1125.0,1505.0,1503.0,1512.0,1529.0,1519.0,1549.0,5653.0,5188.0,4888.0,1008.0,2015.0,1125.0,1505.0,1503.0,1512.0
0.0,13932.0,4573.0,4522.0,2351.0,6378.0,2173.0,2726.0,1479.0,1506.0,1504.0,1512.0,1528.0,1531.0,1514.0,5012.0,3997.0,4923.0,2173.0,2726.0,1479.0,1506.0,1504.0,1512.0
0.0,11710.0,4678.0,4524.0,4148.0,6916.0,2740.0,2265.0,1911.0,1507.0,1505.0,1512.0,1571.0,1550.0,1557.0,3851.0,3290.0,4569.0,2740.0,2265.0,1911.0,1507.0,1505.0,1512.0
0.0,11180.0,4593.0,4527.0,6378.0,5143.0,2106.0,1062.0,1975.0,1508.0,1506.0,1513.0,1535.0,1519.0,1539.0,3288.0,3755.0,4137.0,2106.0,1062.0,1975.0,1508.0,1506.0,1513.0
0.0,12965.0,4566.0,4527.0,6916.0,2793.0,891.0,306.0,1596.0,1508.0,1506.0,1513.0,1525.0,1509.0,1532.0,3926.0,4962.0,4077.0,891.0,306.0,1596.0,1508.0,1506.0,1513.0
0.0,15315.0,4631.0,4529.0,5143.0,2289.0,334.0,790.0,1165.0,1508.0,1507.0,1514.0,1549.0,1542.0,1540.0,5141.0,5718.0,4456.0,334.0,790.0,1165.0,1508.0,1507.0,1514.0
0.0,15827.0,4645.0,4532.0,2793.0,4153.0,1005.0,2060.0,1088.0,1509.0,1509.0,1514.0,1558.0,1568.0,1519.0,5698.0,5238.0,4891.0,1005.0,2060.0,1088.0,1509.0,1509.0,1514.0
0.0,13975.0,4653.0,4535.0,2289.0,6529.0,2226.0,2820.0,1483.0,1510.0,1510.0,1515.0,1551.0,1546.0,1556.0,5031.0,3976.0,4968.0,2226.0,2820.0,1483.0,1510.0,1510.0,1515.0
0.0,11611.0,4660.0,4538.0,4153.0,7048.0,2778.0,2339.0,1931.0,1511.0,1512.0,1515.0,1553.0,1571.0,1536.0,3814.0,3220.0,4577.0,2778.0,2339.0,1931.0,1511.0,1512.0,1515.0
0.0,11104.0,4635.0,4540.0,6529.0,5162.0,2082.0,1074.0,2006.0,1511.0,1513.0,1516.0,1530.0,1551.0,1554.0,3266.0,3709.0,4129.0,2082.0,1074.0,2006.0,1511.0,1513.0,1516.0
0.0,12998.0,4516.0,4540.0,7048.0,2630.0,796.0,259.0,1575.0,1511.0,1513.0,1516.0,1492.0,1524.0,1500.0,3962.0,4978.0,4058.0,796.0,259.0,1575.0,1511.0,1513.0,1516.0
0.0,15530.0,4642.0,4542.0,5162.0,2118.0,253.0,756.0,1109.0,1512.0,1514.0,1516.0,1535.0,1567.0,1540.0,5248.0,5793.0,4489.0,253.0,756.0,1109.0,1512.0,1514.0,1516.0
0.0,16050.0,4570.0,4542.0,2630.0,4058.0,962.0,2054.0,1042.0,1511.0,1515.0,1516.0,1509.0,1553.0,1508.0,5795.0,5300.0,4955.0,962.0,2054.0,1042.0,1511.0,1515.0,1516.0
0.0,14110.0,4603.0,4543.0,2118.0,6547.0,2240.0,2834.0,1473.0,1512.0,1515.0,1516.0,1527.0,1536.0,1540.0,5082.0,4006.0,5022.0,2240.0,2834.0,1473.0,1512.0,1515.0,1516.0
0.0,11625.0,4605.0,4544.0,4058.0,7098.0,2806.0,2331.0,1961.0,1512.0,1516.0,1516.0,1528.0,1547.0,1530.0,3808.0,3226.0,4591.0,2806.0,2331.0,1961.0,1512.0,1516.0,1516.0
0.0,11078.0,4681.0,4549.0,6547.0,5252.0,2113.0,1069.0,2070.0,1514.0,1517.0,1518.0,1539.0,1568.0,1574.0,3242.0,3733.0,4103.0,2113.0,1069.0,2070.0,1514.0,1517.0,1518.0
0.0,12944.0,4581.0,4550.0,7098.0,2739.0,832.0,272.0,1635.0,1514.0,1518.0,1518.0,1525.0,1530.0,1526.0,3943.0,4999.0,4002.0,832.0,272.0,1635.0,1514.0,1518.0,1518.0
0.0,15461.0,4645.0,4555.0,5252.0,2152.0,280.0,769.0,1103.0,1516.0,1519.0,1520.0,1553.0,1562.0,1530.0,5224.0,5800.0,4437.0,280.0,769.0,1103.0,1516.0,1519.0,1520.0
0.0,16068.0,4554.0,4553.0,2739.0,3959.0,973.0,2025.0,961.0,1515.0,1519.0,1519.0,1529.0,1528.0,1497.0,5784.0,5307.0,4977.0,973.0,2025.0,961.0,1515.0,1519.0,1519.0
0.0,14253.0,4521.0,4554.0,2152.0,6332.0,2217.0,2761.0,1354.0,1516.0,1519.0,1519.0,1520.0,1505.0,1496.0,5087.0,4051.0,5115.0,2217.0,2761.0,1354.0,1516.0,1519.0,1519.0
0.0,11884.0,4581.0,4557.0,3959.0,6966.0,2768.0,2269.0,1929.0,1517.0,1520.0,1520.0,1520.0,1529.0,1532.0,3847.0,3315.0,4722.0,2768.0,2269.0,1929.0,1517.0,1520.0,1520.0
0.0,11262.0,4601.0,4556.0,6332.0,5231.0,2079.0,1036.0,2116.0,1517.0,1519.0,1520.0,1528.0,1532.0,1541.0,3300.0,3811.0,4151.0,2079.0,1036.0,2116.0,1517.0,1519.0,1520.0
0.0,12993.0,4593.0,4558.0,6966.0,2866.0,847.0,302.0,1717.0,1517.0,1520.0,1521.0,1536.0,1531.0,1526.0,3989.0,5040.0,3964.0,847.0,302.0,1717.0,1517.0,1520.0,1521.0
0.0,15366.0,4659.0,4563.0,5231.0,2314.0,352.0,802.0,1160.0,1519.0,1521.0,1523.0,1576.0,1532.0,1551.0,5221.0,5778.0,4367.0,352.0,802.0,1160.0,1519.0,1521.0,1523.0
0.0,15938.0,4527.0,4564.0,2866.0,3979.0,1048.0,1985.0,946.0,1520.0,1520.0,1524.0,1539.0,1489.0,1499.0,5724.0,5282.0,4932.0,1048.0,1985.0,946.0,1520.0,1520.0,1524.0
0.0,14277.0,4532.0,4565.0,2314.0,6201.0,2214.0,2688.0,1299.0,1521.0,1520.0,1524.0,1514.0,1505.0,1513.0,5032.0,4095.0,5150.0,2214.0,2688.0,1299.0,1521.0,1520.0,1524.0
0.0,12059.0,4534.0,4563.0,3979.0,6748.0,2663.0,2211.0,1874.0,1520.0,1519.0,1524.0,1501.0,1512.0,1521.0,3870.0,3392.0,4797.0,2663.0,2211.0,1874.0,1520.0,1519.0,1524.0
0.0,11504.0,4591.0,4565.0,6201.0,5146.0,2002.0,1039.0,2105.0,1521.0,1519.0,1525.0,1549.0,1516.0,1526.0,3417.0,3865.0,4222.0,2002.0,1039.0,2105.0,1521.0,1519.0,1525.0
0.0,13114.0,4613.0,4567.0,6748.0,3019.0,920.0,352.0,1747.0,1522.0,1520.0,1525.0,1577.0,1520.0,1516.0,4082.0,5037.0,3995.0,920.0,352.0,1747.0,1522.0,1520.0,1525.0
0.0,15249.0,4554.0,4568.0,5146.0,2431.0,452.0,834.0,1145.0,1523.0,1520.0,1525.0,1530.0,1521.0,1503.0,5168.0,5728.0,4353.0,452.0,834.0,1145.0,1523.0,1520.0,1525.0
0.0,15841.0,4534.0,4570.0,3019.0,3954.0,1058.0,1996.0,900.0,1523.0,1521.0,1526.0,1526.0,1510.0,1498.0,5640.0,5246.0,4955.0,1058.0,1996.0,900.0,1523.0,1521.0,1526.0
0.0,14326.0,4500.0,4571.0,2431.0,6027.0,2129.0,2633.0,1265.0,1524.0,1520.0,1527.0,1519.0,1475.0,1506.0,5034.0,4088.0,5204.0,2129.0,2633.0,1265.0,1524.0,1520.0,1527.0
0.0,12257.0,4531.0,4570.0,3954.0,6600.0,2600.0,2125.0,1875.0,1524.0,1519.0,1527.0,1529.0,1492.0,1510.0,3967.0,3447.0,4843.0,2600.0,2125.0,1875.0,1524.0,1519.0,1527.0
0.0,11680.0,4645.0,4573.0,6027.0,5230.0,2012.0,1041.0,2177.0,1525.0,1520.0,1528.0,1537.0,1545.0,1563.0,3496.0,3951.0,4233.0,2012.0,1041.0,2177.0,1525.0,1520.0,1528.0
0.0,13062.0,4549.0,4574.0,6600.0,3183.0,922.0,430.0,1831.0,1525.0,1521.0,1528.0,1510.0,1510.0,1529.0,4088.0,5039.0,3935.0,922.0,430.0,1831.0,1525.0,1521.0,1528.0
0.0,15113.0,4535.0,4576.0,5230.0,2496.0,426.0,885.0,1185.0,1526.0,1521.0,1529.0,1512.0,1496.0,1527.0,5178.0,5654.0,4281.0,426.0,885.0,1185.0,1526.0,1521.0,1529.0
0.0,15808.0,4571.0,4579.0,3183.0,3896.0,1024.0,1976.0,896.0,1527.0,1522.0,1530.0,1516.0,1517.0,1538.0,5678.0,5199.0,4931.0,1024.0,1976.0,896.0,1527.0,1522.0,1530.0
0.0,14420.0,4628.0,4579.0,2496.0,6028.0,2140.0,2617.0,1271.0,1527.0,1522.0,1530.0,1542.0,1526.0,1560.0,5084.0,4112.0,5224.0,2140.0,2617.0,1271.0,1527.0,1522.0,1530.0
0.0,12288.0,4460.0,4578.0,3896.0,6588.0,2599.0,2124.0,1865.0,1526.0,1522.0,1530.0,1487.0,1483.0,1490.0,3968.0,3471.0,4849.0,2599.0,2124.0,1865.0,1526.0,1522.0,1530.0
0.0,11724.0,4489.0,4578.0,6028.0,5049.0,1930.0,1007.0,2112.0,1526.0,1522.0,1530.0,1471.0,1500.0,1518.0,3505.0,3964.0,4255.0,1930.0,1007.0,2112.0,1526.0,1522.0,1530.0
0.0,13263.0,4573.0,4579.0,6588.0,3038.0,844.0,419.0,1775.0,1526.0,1523.0,1530.0,1513.0,1532.0,1528.0,4174.0,5081.0,4008.0,844.0,419.0,1775.0,1526.0,1523.0,1530.0
0.0,15278.0,4656.0,4583.0,5049.0,2661.0,450.0,962.0,1249.0,1528.0,1524.0,1531.0,1528.0,1546.0,1582.0,5260.0,5673.0,4345.0,450.0,962.0,1249.0,1528.0,1524.0,1531.0
0.0,15671.0,4633.0,4584.0,3038.0,4260.0,1136.0,2081.0,1043.0,1528.0,1524.0,1532.0,1530.0,1538.0,1565.0,5662.0,5134.0,4875.0,1136.0,2081.0,1043.0,1528.0,1524.0,1532.0
0.0,14076.0,4634.0,4586.0,2661.0,6241.0,2233.0,2665.0,1343.0,1529.0,1525.0,1532.0,1543.0,1542.0,1549.0,4976.0,4015.0,5085.0,2233.0,2665.0,1343.0,1529.0,1525.0,1532.0
0.0,12103.0,4616.0,4587.0,4260.0,6601.0,2612.0,2135.0,1854.0,1529.0,1526.0,1532.0,1515.0,1547.0,1554.0,3883.0,3435.0,4785.0,2612.0,2135.0,1854.0,1529.0,1526.0,1532.0
0.0,11747.0,4660.0,4590.0,6241.0,5032.0,1938.0,1016.0,2078.0,1530.0,1527.0,1533.0,1555.0,1542.0,1563.0,3504.0,3969.0,4274.0,1938.0,1016.0,2078.0,1530.0,1527.0,1533.0
0.0,13328.0,4713.0,4592.0,6601.0,3152.0,881.0,464.0,1807.0,1530.0,1528.0,1534.0,1555.0,1579.0,1579.0,4182.0,5092.0,4054.0,881.0,464.0,1807.0,1530.0,1528.0,1534.0
0.0,15216.0,4659.0,4593.0,5032.0,2783.0,481.0,1026.0,1276.0,1530.0,1529.0,1534.0,1538.0,1574.0,1547.0,5239.0,5648.0,4329.0,481.0,1026.0,1276.0,1530.0,1529.0,1534.0
0.0,15589.0,4764.0,4597.0,3152.0,4411.0,1187.0,2157.0,1067.0,1532.0,1530.0,1535.0,1579.0,1591.0,1594.0,5639.0,5090.0,4860.0,1187.0,2157.0,1067.0,1532.0,1530.0,1535.0
0.0,13977.0,4552.0,4595.0,2783.0,6172.0,2233.0,2645.0,1294.0,1531.0,1530.0,1534.0,1531.0,1514.0,1507.0,4941.0,3963.0,5073.0,2233.0,2645.0,1294.0,1531.0,1530.0,1534.0
0.0,12208.0,4637.0,4597.0,4411.0,6406.0,2581.0,2047.0,1778.0,1532.0,1531.0,1534.0,1531.0,1555.0,1551.0,3891.0,3475.0,4842.0,2581.0,2047.0,1778.0,1532.0,1531.0,1534.0
0.0,11982.0,4609.0,4598.0,6172.0,4847.0,1883.0,931.0,2033.0,1532.0,1532.0,1534.0,1535.0,1525.0,1549.0,3547.0,4077.0,4358.0,1883.0,931.0,2033.0,1532.0,1532.0,1534.0
0.0,13545.0,4786.0,4601.0,6406.0,3239.0,886.0,486.0,1867.0,1533.0,1533.0,1535.0,1580.0,1598.0,1608.0,4245.0,5197.0,4103.0,886.0,486.0,1867.0,1533.0,1533.0,1535.0
0.0,15165.0,4617.0,4602.0,4847.0,3013.0,541.0,1094.0,1378.0,1533.0,1533.0,1536.0,1538.0,1539.0,1540.0,5246.0,5646.0,4273.0,541.0,1094.0,1378.0,1533.0,1533.0,1536.0
0.0,15395.0,4661.0,4602.0,3239.0,4435.0,1214.0,2152.0,1069.0,1533.0,1533.0,1536.0,1559.0,1544.0,1558.0,5591.0,5038.0,4766.0,1214.0,2152.0,1069.0,1533.0,1533.0,1536.0
0.0,13973.0,4650.0,4602.0,3013.0,6072.0,2236.0,2624.0,1212.0,1533.0,1534.0,1535.0,1563.0,1562.0,1525.0,4918.0,3980.0,5075.0,2236.0,2624.0,1212.0,1533.0,1534.0,1535.0
0.0,12336.0,4688.0,4605.0,4435.0,6337.0,2603.0,2019.0,1715.0,1534.0,1535.0,1536.0,1577.0,1543.0,1568.0,3896.0,3512.0,4928.0,2603.0,2019.0,1715.0,1534.0,1535.0,1536.0
0.0,12083.0,4661.0,4606.0,6072.0,4930.0,1929.0,942.0,2059.0,1535.0,1535.0,1536.0,1558.0,1547.0,1556.0,3533.0,4121.0,4429.0,1929.0,942.0,2059.0,1535.0,1535.0,1536.0
0.0,13494.0,4601.0,4604.0,6337.0,3186.0,872.0,450.0,1864.0,1534.0,1534.0,1536.0,1550.0,1531.0,1520.0,4211.0,5198.0,4085.0,872.0,450.0,1864.0,1534.0,1534.0,1536.0
0.0,15230.0,4675.0,4605.0,4930.0,2935.0,497.0,1057.0,1381.0,1534.0,1534.0,1537.0,1554.0,1549.0,1572.0,5264.0,5686.0,4280.0,497.0,1057.0,1381.0,1534.0,1534.0,1537.0
0.0,15485.0,4716.0,4606.0,3186.0,4469.0,1204.0,2179.0,1086.0,1535.0,1534.0,1537.0,1575.0,1572.0,1569.0,5639.0,5079.0,4767.0,1204.0,2179.0,1086.0,1535.0,1534.0,1537.0
0.0,13955.0,4608.0,4606.0,2935.0,6142.0,2246.0,2656.0,1240.0,1535.0,1534.0,1537.0,1539.0,1534.0,1535.0,4936.0,3957.0,5062.0,2246.0,2656.0,1240.0,1535.0,1534.0,1537.0
0.0,12282.0,4596.0,4608.0,4469.0,6277.0,2590.0,2003.0,1684.0,1536.0,1534.0,1538.0,1544.0,1526.0,1526.0,3894.0,3480.0,4908.0,2590.0,2003.0,1684.0,1536.0,1534.0,1538.0
0.0,12155.0,4708.0,4608.0,6142.0,4843.0,1899.0,939.0,2005.0,1536.0,1534.0,1538.0,1555.0,1592.0,1561.0,3554.0,4133.0,4468.0,1899.0,939.0,2005.0,1536.0,1534.0,1538.0
0.0,13589.0,4647.0,4610.0,6277.0,3221.0,874.0,483.0,1864.0,1537.0,1534.0,1539.0,1561.0,1547.0,1539.0,4245.0,5197.0,4147.0,874.0,483.0,1864.0,1537.0,1534.0,1539.0
0.0,15219.0,4675.0,4611.0,4843.0,3057.0,542.0,1129.0,1386.0,1538.0,1535.0,1538.0,1563.0,1581.0,1531.0,5274.0,5653.0,4292.0,542.0,1129.0,1386.0,1538.0,1535.0,1538.0
0.0,15387.0,4719.0,4614.0,3221.0,4567.0,1224.0,2232.0,1111.0,1539.0,1536.0,1539.0,1552.0,1582.0,1585.0,5610.0,5011.0,4766.0,1224.0,2232.0,1111.0,1539.0,1536.0,1539.0
0.0,13889.0,4640.0,4614.0,3057.0,6150.0,2220.0,2651.0,1279.0,1539.0,1536.0,1539.0,1538.0,1548.0,1554.0,4932.0,3912.0,5045.0,2220.0,2651.0,1279.0,1539.0,1536.0,1539.0
0.0,12306.0,4621.0,4613.0,4567.0,6200.0,2547.0,1941.0,1712.0,1539.0,1535.0,1539.0,1551.0,1526.0,1544.0,3936.0,3493.0,4877.0,2547.0,1941.0,1712.0,1539.0,1535.0,1539.0
0.0,12252.0,4759.0,4616.0,6150.0,4821.0,1912.0,900.0,2009.0,1540.0,1536.0,1540.0,1581.0,1606.0,1572.0,3609.0,4199.0,4444.0,1912.0,900.0,2009.0,1540.0,1536.0,1540.0
0.0,13643.0,4612.0,4616.0,6200.0,3233.0,877.0,494.0,1862.0,1539.0,1536.0,1541.0,1516.0,1535.0,1561.0,4248.0,5244.0,4151.0,877.0,494.0,1862.0,1539.0,1536.0,1541.0
0.0,15231.0,4687.0,4621.0,4821.0,3119.0,530.0,1172.0,1417.0,1540.0,1538.0,1543.0,1561.0,1570.0,1556.0,5279.0,5650.0,4302.0,530.0,1172.0,1417.0,1540.0,1538.0,1543.0
0.0,15365.0,4698.0,4622.0,3233.0,4588.0,1237.0,2238.0,1113.0,1541.0,1538.0,1543.0,1580.0,1560.0,1558.0,5630.0,4980.0,4755.0,1237.0,2238.0,1113.0,1541.0,1538.0,1543.0
0.0,13900.0,4722.0,4625.0,3119.0,6203.0,2260.0,2660.0,1283.0,1542.0,1539.0,1544.0,1549.0,1590.0,1583.0,4927.0,3914.0,5059.0,2260.0,2660.0,1283.0,1542.0,1539.0,1544.0
0.0,12297.0,4682.0,4626.0,4588.0,6301.0,2590.0,1993.0,1718.0,1542.0,1540.0,1544.0,1567.0,1567.0,1548.0,3908.0,3496.0,4893.0,2590.0,1993.0,1718.0,1542.0,1540.0,1544.0
0.0,12203.0,4569.0,4625.0,6203.0,4663.0,1852.0,848.0,1963.0,1541.0,1540.0,1544.0,1526.0,1515.0,1528.0,3578.0,4167.0,4458.0,1852.0,848.0,1963.0,1541.0,1540.0,1544.0
0.0,13837.0,4761.0,4629.0,6301.0,3139.0,851.0,462.0,1826.0,1542.0,1542.0,1545.0,1585.0,1599.0,1577.0,4312.0,5312.0,4213.0,851.0,462.0,1826.0,1542.0,1542.0,1545.0
0.0,15377.0,4739.0,4634.0,4663.0,3235.0,591.0,1193.0,1451.0,1544.0,1543.0,1547.0,1584.0,1575.0,1580.0,5317.0,5706.0,4354.0,591.0,1193.0,1451.0,1544.0,1543.0,1547.0
0.0,15301.0,4607.0,4635.0,3139.0,4707.0,1283.0,2285.0,1139.0,1544.0,1544.0,1547.0,1543.0,1550.0,1514.0,5585.0,4979.0,4737.0,1283.0,2285.0,1139.0,1544.0,1544.0,1547.0
0.0,13833.0,4653.0,4637.0,3235.0,6133.0,2261.0,2652.0,1220.0,1545.0,1545.0,1547.0,1565.0,1556.0,1532.0,4893.0,3891.0,5049.0,2261.0,2652.0,1220.0,1545.0,1545.0,1547.0
0.0,12415.0,4638.0,4636.0,4707.0,6060.0,2508.0,1913.0,1639.0,1544.0,1545.0,1547.0,1534.0,1546.0,1558.0,3919.0,3528.0,4968.0,2508.0,1913.0,1639.0,1544.0,1545.0,1547.0
0.0,12484.0,4656.0,4639.0,6133.0,4595.0,1792.0,810.0,1993.0,1544.0,1546.0,1549.0,1545.0,1545.0,1566.0,3668.0,4267.0,4549.0,1792.0,810.0,1993.0,1544.0,1546.0,1549.0
0.0,13961.0,4683.0,4642.0,6060.0,3230.0,841.0,477.0,1912.0,1545.0,1547.0,1550.0,1553.0,1576.0,1554.0,4384.0,5374.0,4203.0,841.0,477.0,1912.0,1545.0,1547.0,1550.0
0.0,15338.0,4639.0,4644.0,4595.0,3282.0,583.0,1227.0,1472.0,1545.0,1548.0,1551.0,1534.0,1556.0,1549.0,5339.0,5711.0,4288.0,583.0,1227.0,1472.0,1545.0,1548.0,1551.0
0.0,15294.0,4731.0,4648.0,3230.0,4799.0,1337.0,2329.0,1133.0,1546.0,1550.0,1552.0,1591.0,1571.0,1569.0,5597.0,4965.0,4732.0,1337.0,2329.0,1133.0,1546.0,1550.0,1552.0
0.0,13793.0,4512.0,4645.0,3282.0,6017.0,2249.0,2602.0,1166.0,1545.0,1549.0,1551.0,1499.0,1504.0,1509.0,4847.0,3871.0,5075.0,2249.0,2602.0,1166.0,1545.0,1549.0,1551.0
0.0,12563.0,4723.0,4649.0,4799.0,5957.0,2493.0,1860.0,1604.0,1547.0,1551.0,1551.0,1573.0,1579.0,1571.0,3931.0,3594.0,5038.0,2493.0,1860.0,1604.0,1547.0,1551.0,1551.0
0.0,12639.0,4616.0,4651.0,6017.0,4564.0,1771.0,808.0,1985.0,1547.0,1552.0,1552.0,1527.0,1546.0,1543.0,3695.0,4344.0,4600.0,1771.0,808.0,1985.0,1547.0,1552.0,1552.0
0.0,14040.0,4656.0,4652.0,5957.0,3267.0,796.0,544.0,1927.0,1547.0,1553.0,1552.0,1518.0,1592.0,1546.0,4417.0,5400.0,4223.0,796.0,544.0,1927.0,1547.0,1553.0,1552.0
0.0,15341.0,4647.0,4653.0,4564.0,3354.0,562.0,1300.0,1492.0,1547.0,1554.0,1552.0,1537.0,1560.0,1550.0,5392.0,5668.0,4281.0,562.0,1300.0,1492.0,1547.0,1554.0,1552.0
0.0,15258.0,4597.0,4655.0,3267.0,4692.0,1271.0,2299.0,1122.0,1547.0,1555.0,1553.0,1505.0,1539.0,1553.0,5626.0,4916.0,4716.0,1271.0,2299.0,1122.0,1547.0,1555.0,1553.0
0.0,13928.0,4772.0,4661.0,3354.0,6134.0,2282.0,2606.0,1246.0,1549.0,1557.0,1555.0,1565.0,1599.0,1608.0,4917.0,3921.0,5090.0,2282.0,2606.0,1246.0,1549.0,1557.0,1555.0
0.0,12510.0,4605.0,4661.0,4692.0,6047.0,2529.0,1845.0,1673.0,1549.0,1557.0,1555.0,1518.0,1538.0,1549.0,3914.0,3622.0,4974.0,2529.0,1845.0,1673.0,1549.0,1557.0,1555.0
0.0,12597.0,4693.0,4661.0,6134.0,4606.0,1795.0,801.0,2010.0,1549.0,1557.0,1555.0,1548.0,1562.0,1583.0,3667.0,4383.0,4547.0,1795.0,801.0,2010.0,1549.0,1557.0,1555.0
0.0,14038.0,4696.0,4663.0,6047.0,3263.0,819.0,555.0,1889.0,1550.0,1558.0,1555.0,1549.0,1595.0,1552.0,4401.0,5427.0,4210.0,819.0,555.0,1889.0,1550.0,1558.0,1555.0
0.0,15389.0,4716.0,4664.0,4606.0,3377.0,596.0,1333.0,1448.0,1550.0,1559.0,1555.0,1572.0,1575.0,1569.0,5381.0,5677.0,4331.0,596.0,1333.0,1448.0,1550.0,1559.0,1555.0
0.0,15279.0,4732.0,4667.0,3263.0,4858.0,1360.0,2353.0,1145.0,1552.0,1559.0,1556.0,1575.0,1575.0,1582.0,5604.0,4903.0,4772.0,1360.0,2353.0,1145.0,1552.0,1559.0,1556.0
0.0,13810.0,4713.0,4667.0,3377.0,6194.0,2341.0,2572.0,1281.0,1552.0,1559.0,1556.0,1577.0,1552.0,1584.0,4848.0,3883.0,5079.0,2341.0,2572.0,1281.0,1552.0,1559.0,1556.0
0.0,12474.0,4648.0,4667.0,4858.0,5984.0,2543.0,1757.0,1684.0,1552.0,1559.0,1556.0,1562.0,1538.0,1548.0,3867.0,3664.0,4943.0,2543.0,1757.0,1684.0,1552.0,1559.0,1556.0
0.0,12684.0,4762.0,4669.0,6194.0,4560.0,1800.0,756.0,2004.0,1553.0,1559.0,1557.0,1594.0,1571.0,1597.0,3665.0,4479.0,4540.0,1800.0,756.0,2004.0,1553.0,1559.0,1557.0
0.0,14116.0,4824.0,4670.0,5984.0,3404.0,882.0,587.0,1935.0,1554.0,1559.0,1557.0,1621.0,1588.0,1615.0,4412.0,5480.0,4224.0,882.0,587.0,1935.0,1554.0,1559.0,1557.0
0.0,15276.0,4762.0,4674.0,4560.0,3622.0,707.0,1377.0,1538.0,1556.0,1559.0,1559.0,1617.0,1546.0,1599.0,5334.0,5649.0,4293.0,707.0,1377.0,1538.0,1556.0,1559.0,1559.0
0.0,15074.0,4648.0,4674.0,3404.0,4866.0,1381.0,2339.0,1146.0,1556.0,1559.0,1559.0,1556.0,1549.0,1543.0,5517.0,4859.0,4698.0,1381.0,2339.0,1146.0,1556.0,1559.0,1559.0
0.0,13830.0,4711.0,4676.0,3622.0,5963.0,2254.0,2529.0,1180.0,1557.0,1560.0,1559.0,1576.0,1563.0,1572.0,4843.0,3897.0,5090.0,2254.0,2529.0,1180.0,1557.0,1560.0,1559.0
0.0,12741.0,4729.0,4675.0,4866.0,5822.0,2446.0,1758.0,1618.0,1557.0,1559.0,1559.0,1573.0,1572.0,1584.0,3974.0,3711.0,5056.0,2446.0,1758.0,1618.0,1557.0,1559.0,1559.0
0.0,12878.0,4720.0,4677.0,5963.0,4587.0,1771.0,801.0,2015.0,1558.0,1560.0,1559.0,1575.0,1568.0,1577.0,3782.0,4478.0,4618.0,1771.0,801.0,2015.0,1558.0,1560.0,1559.0
0.0,14121.0,4778.0,4679.0,5822.0,3551.0,934.0,637.0,1980.0,1558.0,1561.0,1560.0,1609.0,1590.0,1579.0,4461.0,5439.0,4221.0,934.0,637.0,1980.0,1558.0,1561.0,1560.0
0.0,15165.0,4724.0,4680.0,4587.0,3692.0,762.0,1399.0,1531.0,1559.0,1561.0,1560.0,1595.0,1563.0,1566.0,5298.0,5607.0,4260.0,762.0,1399.0,1531.0,1559.0,1561.0,1560.0
0.0,15028.0,4743.0,4682.0,3551.0,4892.0,1400.0,2365.0,1127.0,1559.0,1562.0,1561.0,1572.0,1599.0,1572.0,5474.0,4845.0,4709.0,1400.0,2365.0,1127.0,1559.0,1562.0,1561.0
0.0,13836.0,4686.0,4682.0,3692.0,5886.0,2191.0,2562.0,1133.0,1559.0,1563.0,1560.0,1553.0,1592.0,1541.0,4836.0,3883.0,5117.0,2191.0,2562.0,1133.0,1559.0,1563.0,1560.0
0.0,12842.0,4734.0,4685.0,4892.0,5740.0,2394.0,1782.0,1564.0,1560.0,1564.0,1561.0,1599.0,1581.0,1554.0,4045.0,3690.0,5107.0,2394.0,1782.0,1564.0,1560.0,1564.0,1561.0
0.0,13000.0,4717.0,4685.0,5886.0,4571.0,1774.0,821.0,1976.0,1560.0,1565.0,1560.0,1571.0,1597.0,1549.0,3846.0,4474.0,4680.0,1774.0,821.0,1976.0,1560.0,1565.0,1560.0
0.0,14169.0,4717.0,4685.0,5740.0,3548.0,952.0,626.0,1970.0,1560.0,1565.0,1560.0,1572.0,1587.0,1558.0,4466.0,5439.0,4264.0,952.0,626.0,1970.0,1560.0,1565.0,1560.0
0.0,15192.0,4716.0,4688.0,4571.0,3705.0,750.0,1406.0,1549.0,1561.0,1566.0,1561.0,1568.0,1597.0,1551.0,5288.0,5634.0,4270.0,750.0,1406.0,1549.0,1561.0,1566.0,1561.0
0.0,15047.0,4705.0,4689.0,3548.0,4866.0,1383.0,2370.0,1113.0,1561.0,1567.0,1561.0,1585.0,1586.0,1534.0,5494.0,4858.0,4695.0,1383.0,2370.0,1113.0,1561.0,1567.0,1561.0
0.0,13890.0,4803.0,4691.0,3705.0,5972.0,2238.0,2576.0,1158.0,1562.0,1568.0,1561.0,1601.0,1608.0,1594.0,4861.0,3898.0,5131.0,2238.0,2576.0,1158.0,1562.0,1568.0,1561.0
0.0,12792.0,4701.0,4693.0,4866.0,5815.0,2400.0,1809.0,1606.0,1562.0,1569.0,1562.0,1545.0,1599.0,1557.0,4010.0,3696.0,5086.0,2400.0,1809.0,1606.0,1562.0,1569.0,1562.0
0.0,12957.0,4877.0,4697.0,5972.0,4736.0,1787.0,868.0,2081.0,1563.0,1570.0,1564.0,1621.0,1631.0,1625.0,3848.0,4467.0,4642.0,1787.0,868.0,2081.0,1563.0,1570.0,1564.0
0.0,14052.0,4722.0,4696.0,5815.0,3639.0,936.0,661.0,2042.0,1563.0,1570.0,1563.0,1549.0,1602.0,1571.0,4465.0,5412.0,4175.0,936.0,661.0,2042.0,1563.0,1570.0,1563.0
0.0,15145.0,4768.0,4700.0,4736.0,3687.0,713.0,1434.0,1540.0,1564.0,1572.0,1564.0,1560.0,1633.0,1575.0,5316.0,5619.0,4210.0,713.0,1434.0,1540.0,1564.0,1572.0,1564.0
0.0,15113.0,4756.0,4701.0,3639.0,4808.0,1365.0,2375.0,1068.0,1564.0,1573.0,1564.0,1588.0,1598.0,1570.0,5543.0,4854.0,4716.0,1365.0,2375.0,1068.0,1564.0,1573.0,1564.0
0.0,13996.0,4664.0,4700.0,3687.0,5781.0,2200.0,2503.0,1078.0,1564.0,1572.0,1564.0,1548.0,1566.0,1550.0,4891.0,3917.0,5188.0,2200.0,2503.0,1078.0,1564.0,1572.0,1564.0
0.0,13019.0,4731.0,4701.0,4808.0,5708.0,2392.0,1712.0,1604.0,1564.0,1573.0,1564.0,1557.0,1580.0,1594.0,4056.0,3785.0,5178.0,2392.0,1712.0,1604.0,1564.0,1573.0,1564.0
0.0,13096.0,4799.0,4704.0,5781.0,4738.0,1779.0,834.0,2125.0,1565.0,1574.0,1565.0,1583.0,1621.0,1595.0,3864.0,4580.0,4652.0,1779.0,834.0,2125.0,1565.0,1574.0,1565.0
0.0,14078.0,4693.0,4704.0,5708.0,3723.0,959.0,692.0,2072.0,1565.0,1574.0,1565.0,1572.0,1570.0,1551.0,4481.0,5462.0,4135.0,959.0,692.0,2072.0,1565.0,1574.0,1565.0
0.0,15093.0,4783.0,4705.0,4738.0,3772.0,746.0,1453.0,1573.0,1565.0,1574.0,1566.0,1566.0,1595.0,1622.0,5301.0,5604.0,4188.0,746.0,1453.0,1573.0,1565.0,1574.0,1566.0
0.0,15048.0,4734.0,4705.0,3723.0,4783.0,1367.0,2334.0,1082.0,1565.0,1574.0,1566.0,1580.0,1573.0,1581.0,5514.0,4843.0,4691.0,1367.0,2334.0,1082.0,1565.0,1574.0,1566.0
0.0,14037.0,4796.0,4711.0,3772.0,5831.0,2225.0,2497.0,1109.0,1567.0,1576.0,1568.0,1596.0,1608.0,1592.0,4893.0,3962.0,5182.0,2225.0,2497.0,1109.0,1567.0,1576.0,1568.0
0.0,13013.0,4766.0,4710.0,4783.0,5810.0,2434.0,1743.0,1633.0,1566.0,1576.0,1568.0,1580.0,1580.0,1606.0,4043.0,3807.0,5163.0,2434.0,1743.0,1633.0,1566.0,1576.0,1568.0
0.0,13030.0,4753.0,4710.0,5831.0,4732.0,1792.0,838.0,2102.0,1566.0,1576.0,1568.0,1583.0,1592.0,1578.0,3830.0,4561.0,4639.0,1792.0,838.0,2102.0,1566.0,1576.0,1568.0
0.0,14108.0,4786.0,4714.0,5810.0,3724.0,948.0,683.0,2093.0,1567.0,1577.0,1570.0,1586.0,1584.0,1616.0,4472.0,5466.0,4170.0,948.0,683.0,2093.0,1567.0,1577.0,1570.0
0.0,15132.0,4708.0,4715.0,4732.0,3704.0,732.0,1410.0,1562.0,1567.0,1577.0,1571.0,1576.0,1565.0,1567.0,5320.0,5625.0,4187.0,732.0,1410.0,1562.0,1567.0,1577.0,1571.0
0.0,15156.0,4725.0,4717.0,3724.0,4713.0,1364.0,2272.0,1077.0,1568.0,1577.0,1572.0,1576.0,1545.0,1604.0,5536.0,4898.0,4722.0,1364.0,2272.0,1077.0,1568.0,1577.0,1572.0
0.0,14155.0,4672.0,4717.0,3704.0,5681.0,2206.0,2408.0,1067.0,1569.0,1577.0,1571.0,1570.0,1546.0,1556.0,4908.0,4036.0,5211.0,2206.0,2408.0,1067.0,1569.0,1577.0,1571.0
0.0,13187.0,4805.0,4719.0,4713.0,5781.0,2472.0,1710.0,1599.0,1570.0,1577.0,1572.0,1626.0,1574.0,1605.0,4070.0,3900.0,5217.0,2472.0,1710.0,1599.0,1570.0,1577.0,1572.0
0.0,13095.0,4787.0,4723.0,5681.0,4903.0,1855.0,893.0,2155.0,1571.0,1578.0,1574.0,1585.0,1587.0,1615.0,3808.0,4598.0,4689.0,1855.0,893.0,2155.0,1571.0,1578.0,1574.0
0.0,13989.0,4752.0,4723.0,5781.0,3874.0,958.0,758.0,2158.0,1571.0,1578.0,1574.0,1575.0,1575.0,1602.0,4429.0,5419.0,4141.0,958.0,758.0,2158.0,1571.0,1578.0,1574.0
0.0,15018.0,4666.0,4726.0,4903.0,3649.0,663.0,1393.0,1593.0,1572.0,1578.0,1576.0,1556.0,1528.0,1582.0,5326.0,5554.0,4138.0,663.0,1393.0,1593.0,1572.0,1578.0,1576.0
0.0,15255.0,4743.0,4726.0,3874.0,4518.0,1281.0,2222.0,1015.0,1572.0,1578.0,1576.0,1576.0,1587.0,1580.0,5625.0,4919.0,4711.0,1281.0,2222.0,1015.0,1572.0,1578.0,1576.0
0.0,14386.0,4774.0,4729.0,3649.0,5655.0,2203.0,2425.0,1027.0,1573.0,1579.0,1577.0,1581.0,1592.0,1601.0,5007.0,4090.0,5289.0,2203.0,2425.0,1027.0,1573.0,1579.0,1577.0
0.0,13261.0,4823.0,4733.0,4518.0,5976.0,2535.0,1822.0,1619.0,1575.0,1580.0,1578.0,1605.0,1615.0,1603.0,4089.0,3891.0,5281.0,2535.0,1822.0,1619.0,1575.0,1580.0,1578.0
0.0,12956.0,4745.0,4734.0,5655.0,5070.0,1898.0,973.0,2199.0,1575.0,1580.0,1579.0,1566.0,1576.0,1603.0,3765.0,4498.0,4693.0,1898.0,973.0,2199.0,1575.0,1580.0,1579.0
0.0,13866.0,4745.0,4738.0,5976.0,3855.0,955.0,739.0,2161.0,1577.0,1581.0,1580.0,1584.0,1584.0,1577.0,4402.0,5347.0,4117.0,955.0,739.0,2161.0,1577.0,1581.0,1580.0
0.0,15097.0,4819.0,4738.0,5070.0,3604.0,650.0,1375.0,1579.0,1577.0,1581.0,1580.0,1593.0,1609.0,1617.0,5353.0,5585.0,4159.0,650.0,1375.0,1579.0,1577.0,1581.0,1580.0
0.0,15348.0,4720.0,4740.0,3855.0,4477.0,1266.0,2216.0,995.0,1578.0,1582.0,1580.0,1567.0,1576.0,1577.0,5658.0,4949.0,4741.0,1266.0,2216.0,995.0,1578.0,1582.0,1580.0
0.0,14483.0,4755.0,4741.0,3604.0,5632.0,2195.0,2430.0,1007.0,1579.0,1582.0,1580.0,1575.0,1589.0,1591.0,5046.0,4112.0,5325.0,2195.0,2430.0,1007.0,1579.0,1582.0,1580.0
0.0,13332.0,4781.0,4744.0,4477.0,5948.0,2519.0,1797.0,1632.0,1580.0,1582.0,1582.0,1586.0,1583.0,1612.0,4121.0,3898.0,5313.0,2519.0,1797.0,1632.0,1580.0,1582.0,1582.0
0.0,13028.0,4744.0,4744.0,5632.0,5060.0,1905.0,957.0,2198.0,1580.0,1582.0,1582.0,1581.0,1590.0,1573.0,3801.0,4531.0,4696.0,1905.0,957.0,2198.0,1580.0,1582.0,1582.0
0.0,13916.0,4779.0,4745.0,5948.0,3895.0,969.0,763.0,2163.0,1580.0,1583.0,1582.0,1583.0,1599.0,1597.0,4415.0,5371.0,4130.0,969.0,763.0,2163.0,1580.0,1583.0,1582.0
0.0,15085.0,4755.0,4746.0,5060.0,3594.0,625.0,1430.0,1539.0,1580.0,1584.0,1582.0,1561.0,1620.0,1574.0,5351.0,5569.0,4165.0,625.0,1430.0,1539.0,1580.0,1584.0,1582.0
0.0,15390.0,4753.0,4748.0,3895.0,4460.0,1235.0,2258.0,967.0,1580.0,1585.0,1583.0,1579.0,1587.0,1587.0,5695.0,4906.0,4789.0,1235.0,2258.0,967.0,1580.0,1585.0,1583.0
0.0,14532.0,4687.0,4746.0,3594.0,5545.0,2164.0,2401.0,980.0,1579.0,1585.0,1582.0,1558.0,1573.0,1556.0,5085.0,4082.0,5365.0,2164.0,2401.0,980.0,1579.0,1585.0,1582.0
0.0,13439.0,4826.0,4746.0,4460.0,5911.0,2543.0,1750.0,1618.0,1579.0,1585.0,1582.0,1614.0,1607.0,1605.0,4152.0,3939.0,5348.0,2543.0,1750.0,1618.0,1579.0,1585.0,1582.0
0.0,13073.0,4799.0,4746.0,5545.0,5165.0,1984.0,960.0,2221.0,1579.0,1586.0,1581.0,1605.0,1607.0,1587.0,3773.0,4590.0,4710.0,1984.0,960.0,2221.0,1579.0,1586.0,1581.0
0.0,13819.0,4789.0,4749.0,5911.0,4055.0,1048.0,811.0,2196.0,1580.0,1587.0,1582.0,1603.0,1597.0,1589.0,4332.0,5384.0,4103.0,1048.0,811.0,2196.0,1580.0,1587.0,1582.0
0.0,14941.0,4764.0,4750.0,5165.0,3658.0,638.0,1467.0,1553.0,1580.0,1588.0,1582.0,1574.0,1612.0,1578.0,5272.0,5537.0,4132.0,638.0,1467.0,1553.0,1580.0,1588.0,1582.0
0.0,15342.0,4846.0,4753.0,4055.0,4461.0,1213.0,2297.0,951.0,1581.0,1590.0,1582.0,1619.0,1633.0,1594.0,5682.0,4885.0,4775.0,1213.0,2297.0,951.0,1581.0,1590.0,1582.0
0.0,14551.0,4892.0,4756.0,3658.0,5707.0,2211.0,2474.0,1022.0,1582.0,1591.0,1583.0,1632.0,1640.0,1620.0,5111.0,4063.0,5377.0,2211.0,2474.0,1022.0,1582.0,1591.0,1583.0
0.0,13317.0,4764.0,4755.0,4461.0,6006.0,2592.0,1758.0,1656.0,1581.0,1591.0,1583.0,1598.0,1581.0,1585.0,4117.0,3890.0,5310.0,2592.0,1758.0,1656.0,1581.0,1591.0,1583.0
0.0,13014.0,4757.0,4756.0,5707.0,5060.0,1989.0,871.0,2200.0,1582.0,1591.0,1583.0,1604.0,1587.0,1566.0,3732.0,4606.0,4676.0,1989.0,871.0,2200.0,1582.0,1591.0,1583.0
0.0,13964.0,4719.0,4756.0,6006.0,3773.0,990.0,659.0,2124.0,1582.0,1590.0,1584.0,1593.0,1550.0,1576.0,4339.0,5493.0,4132.0,990.0,659.0,2124.0,1582.0,1590.0,1584.0
0.0,15251.0,4866.0,4759.0,5060.0,3591.0,635.0,1425.0,1531.0,1583.0,1591.0,1585.0,1630.0,1633.0,1603.0,5338.0,5701.0,4212.0,635.0,1425.0,1531.0,1583.0,1591.0,1585.0
0.0,15445.0,4790.0,4760.0,3773.0,4612.0,1259.0,2365.0,988.0,1584.0,1591.0,1585.0,1610.0,1599.0,1581.0,5697.0,4939.0,4809.0,1259.0,2365.0,988.0,1584.0,1591.0,1585.0
0.0,14428.0,4816.0,4762.0,3591.0,5845.0,2223.0,2573.0,1049.0,1584.0,1592.0,1586.0,1599.0,1629.0,1588.0,5077.0,3999.0,5352.0,2223.0,2573.0,1049.0,1584.0,1592.0,1586.0
0.0,13203.0,4793.0,4764.0,4612.0,6034.0,2568.0,1798.0,1668.0,1585.0,1592.0,1587.0,1600.0,1590.0,1603.0,4113.0,3795.0,5295.0,2568.0,1798.0,1668.0,1585.0,1592.0,1587.0
0.0,13022.0,4768.0,4765.0,5845.0,4961.0,1956.0,818.0,2187.0,1586.0,1592.0,1587.0,1607.0,1593.0,1568.0,3772.0,4570.0,4680.0,1956.0,818.0,2187.0,1586.0,1592.0,1587.0
0.0,14099.0,4692.0,4764.0,6034.0,3615.0,957.0,563.0,2095.0,1585.0,1591.0,1588.0,1573.0,1547.0,1572.0,4388.0,5550.0,4161.0,957.0,563.0,2095.0,1585.0,1591.0,1588.0
0.0,15441.0,4707.0,4762.0,4961.0,3353.0,591.0,1291.0,1471.0,1585.0,1590.0,1587.0,1590.0,1550.0,1567.0,5383.0,5801.0,4257.0,591.0,1291.0,1471.0,1585.0,1590.0,1587.0
0.0,15695.0,4766.0,4764.0,3615.0,4512.0,1230.0,2305.0,977.0,1586.0,1590.0,1588.0,1592.0,1577.0,1597.0,5749.0,5069.0,4877.0,1230.0,2305.0,977.0,1586.0,1590.0,1588.0
0.0,14544.0,4848.0,4764.0,3353.0,6007.0,2236.0,2637.0,1134.0,1586.0,1590.0,1588.0,1597.0,1623.0,1628.0,5114.0,4055.0,5375.0,2236.0,2637.0,1134.0,1586.0,1590.0,1588.0
0.0,13049.0,4699.0,4764.0,4512.0,6194.0,2563.0,1882.0,1749.0,1586.0,1589.0,1589.0,1557.0,1554.0,1588.0,4108.0,3723.0,5218.0,2563.0,1882.0,1749.0,1586.0,1589.0,1589.0
0.0,12862.0,4688.0,4761.0,6007.0,4863.0,1864.0,826.0,2173.0,1585.0,1588.0,1588.0,1541.0,1585.0,1562.0,3781.0,4474.0,4607.0,1864.0,826.0,2173.0,1585.0,1588.0,1588.0
0.0,14181.0,4838.0,4762.0,6194.0,3511.0,896.0,566.0,2049.0,1585.0,1588.0,1589.0,1595.0,1622.0,1621.0,4476.0,5526.0,4179.0,896.0,566.0,2049.0,1585.0,1588.0,1589.0
0.0,15537.0,4781.0,4765.0,4863.0,3441.0,612.0,1339.0,1490.0,1586.0,1589.0,1590.0,1576.0,1595.0,1610.0,5444.0,5786.0,4307.0,612.0,1339.0,1490.0,1586.0,1589.0,1590.0
0.0,15619.0,4911.0,4769.0,3511.0,4857.0,1352.0,2406.0,1099.0,1587.0,1590.0,1592.0,1632.0,1629.0,1650.0,5732.0,5017.0,4870.0,1352.0,2406.0,1099.0,1587.0,1590.0,1592.0
0.0,14219.0,4793.0,4768.0,3441.0,6205.0,2325.0,2670.0,1210.0,1587.0,1589.0,1592.0,1585.0,1607.0,1601.0,4996.0,3954.0,5269.0,2325.0,2670.0,1210.0,1587.0,1589.0,1592.0
0.0,12867.0,4692.0,4768.0,4857.0,6040.0,2542.0,1817.0,1681.0,1587.0,1589.0,1592.0,1569.0,1553.0,1570.0,4023.0,3686.0,5158.0,2542.0,1817.0,1681.0,1587.0,1589.0,1592.0
0.0,13032.0,4747.0,4769.0,6205.0,4586.0,1800.0,716.0,2070.0,1588.0,1589.0,1592.0,1579.0,1569.0,1599.0,3806.0,4539.0,4687.0,1800.0,716.0,2070.0,1588.0,1589.0,1592.0
0.0,14490.0,4817.0,4769.0,6040.0,3363.0,863.0,512.0,1988.0,1588.0,1589.0,1592.0,1605.0,1613.0,1599.0,4552.0,5640.0,4298.0,863.0,512.0,1988.0,1588.0,1589.0,1592.0
0.0,15713.0,4775.0,4769.0,4586.0,3552.0,671.0,1391.0,1490.0,1588.0,1589.0,1592.0,1608.0,1595.0,1572.0,5489.0,5844.0,4380.0,671.0,1391.0,1490.0,1588.0,1589.0,1592.0
0.0,15524.0,4768.0,4769.0,3363.0,4957.0,1384.0,2457.0,1116.0,1588.0,1589.0,1592.0,1576.0,1578.0,1614.0,5681.0,4965.0,4878.0,1384.0,2457.0,1116.0,1588.0,1589.0,1592.0
0.0,14119.0,4784.0,4769.0,3552.0,6189.0,2305.0,2649.0,1235.0,1588.0,1589.0,1592.0,1592.0,1583.0,1609.0,4968.0,3899.0,5252.0,2305.0,2649.0,1235.0,1588.0,1589.0,1592.0
0.0,12887.0,4909.0,4772.0,4957.0,6153.0,2548.0,1835.0,1770.0,1589.0,1590.0,1593.0,1623.0,1639.0,1647.0,4047.0,3707.0,5133.0,2548.0,1835.0,1770.0,1589.0,1590.0,1593.0
0.0,12935.0,4746.0,4772.0,6189.0,4710.0,1814.0,772.0,2124.0,1589.0,1590.0,1593.0,1571.0,1586.0,1589.0,3808.0,4525.0,4602.0,1814.0,772.0,2124.0,1589.0,1590.0,1593.0
0.0,14378.0,4824.0,4774.0,6153.0,3389.0,863.0,566.0,1960.0,1589.0,1592.0,1593.0,1597.0,1621.0,1606.0,4542.0,5588.0,4248.0,863.0,566.0,1960.0,1589.0,1592.0,1593.0
0.0,15707.0,4773.0,4776.0,4710.0,3460.0,654.0,1370.0,1436.0,1590.0,1592.0,1594.0,1601.0,1576.0,1596.0,5493.0,5802.0,4412.0,654.0,1370.0,1436.0,1590.0,1592.0,1594.0
0.0,15644.0,4952.0,4780.0,3389.0,5039.0,1447.0,2468.0,1124.0,1591.0,1594.0,1595.0,1652.0,1656.0,1644.0,5706.0,4998.0,4940.0,1447.0,2468.0,1124.0,1591.0,1594.0,1595.0
0.0,14081.0,4909.0,4781.0,3460.0,6492.0,2420.0,2748.0,1324.0,1591.0,1595.0,1595.0,1627.0,1646.0,1636.0,4917.0,3908.0,5256.0,2420.0,2748.0,1324.0,1591.0,1595.0,1595.0
0.0,12632.0,4804.0,4783.0,5039.0,6265.0,2576.0,1887.0,1802.0,1592.0,1596.0,1595.0,1599.0,1603.0,1602.0,3944.0,3632.0,5056.0,2576.0,1887.0,1802.0,1592.0,1596.0,1595.0
0.0,12867.0,4793.0,4785.0,6492.0,4574.0,1746.0,747.0,2081.0,1592.0,1597.0,1596.0,1590.0,1604.0,1599.0,3792.0,4497.0,4578.0,1746.0,747.0,2081.0,1592.0,1597.0,1596.0
0.0,14566.0,4787.0,4786.0,6265.0,3100.0,775.0,441.0,1884.0,1593.0,1597.0,1596.0,1601.0,1581.0,1605.0,4622.0,5641.0,4303.0,775.0,441.0,1884.0,1593.0,1597.0,1596.0
0.0,16044.0,4835.0,4788.0,4574.0,3369.0,641.0,1321.0,1407.0,1594.0,1598.0,1596.0,1608.0,1623.0,1604.0,5597.0,5947.0,4500.0,641.0,1321.0,1407.0,1594.0,1598.0,1596.0
0.0,15783.0,4822.0,4787.0,3100.0,5087.0,1475.0,2466.0,1146.0,1594.0,1597.0,1596.0,1609.0,1590.0,1623.0,5735.0,5071.0,4977.0,1475.0,2466.0,1146.0,1594.0,1597.0,1596.0
0.0,14061.0,4838.0,4789.0,3369.0,6564.0,2442.0,2774.0,1348.0,1594.0,1598.0,1597.0,1608.0,1625.0,1605.0,4901.0,3922.0,5238.0,2442.0,2774.0,1348.0,1594.0,1598.0,1597.0
0.0,12592.0,4718.0,4789.0,5087.0,6195.0,2523.0,1885.0,1787.0,1594.0,1598.0,1597.0,1556.0,1577.0,1585.0,3934.0,3618.0,5040.0,2523.0,1885.0,1787.0,1594.0,1598.0,1597.0
0.0,12961.0,4784.0,4788.0,6564.0,4411.0,1679.0,727.0,2005.0,1594.0,1598.0,1596.0,1598.0,1616.0,1570.0,3853.0,4507.0,4601.0,1679.0,727.0,2005.0,1594.0,1598.0,1596.0
0.0,14741.0,4828.0,4790.0,6195.0,3052.0,758.0,465.0,1829.0,1595.0,1599.0,1596.0,1598.0,1619.0,1611.0,4697.0,5665.0,4379.0,758.0,465.0,1829.0,1595.0,1599.0,1596.0
0.0,16108.0,4719.0,4789.0,4411.0,3356.0,645.0,1328.0,1383.0,1594.0,1599.0,1596.0,1570.0,1590.0,1559.0,5622.0,5931.0,4555.0,645.0,1328.0,1383.0,1594.0,1599.0,1596.0
0.0,15800.0,4808.0,4790.0,3052.0,5116.0,1492.0,2467.0,1157.0,1595.0,1599.0,1596.0,1601.0,1604.0,1603.0,5731.0,5068.0,5001.0,1492.0,2467.0,1157.0,1595.0,1599.0,1596.0
0.0,14044.0,4940.0,4794.0,3356.0,6716.0,2500.0,2810.0,1406.0,1596.0,1601.0,1597.0,1649.0,1663.0,1628.0,4888.0,3929.0,5227.0,2500.0,2810.0,1406.0,1596.0,1601.0,1597.0
0.0,12460.0,4807.0,4794.0,5116.0,6407.0,2604.0,1940.0,1863.0,1596.0,1601.0,1597.0,1596.0,1597.0,1614.0,3884.0,3594.0,4982.0,2604.0,1940.0,1863.0,1596.0,1601.0,1597.0
0.0,12769.0,4781.0,4795.0,6716.0,4476.0,1698.0,718.0,2060.0,1597.0,1600.0,1598.0,1590.0,1592.0,1599.0,3780.0,4464.0,4525.0,1698.0,718.0,2060.0,1597.0,1600.0,1598.0
0.0,14704.0,4754.0,4794.0,6407.0,2819.0,673.0,371.0,1775.0,1597.0,1600.0,1597.0,1579.0,1593.0,1582.0,4690.0,5682.0,4332.0,673.0,371.0,1775.0,1597.0,1600.0,1597.0
0.0,16357.0,4777.0,4797.0,4476.0,3132.0,571.0,1246.0,1315.0,1598.0,1601.0,1598.0,1592.0,1589.0,1596.0,5715.0,6029.0,4613.0,571.0,1246.0,1315.0,1598.0,1601.0,1598.0
0.0,16056.0,4704.0,4794.0,2819.0,5005.0,1479.0,2431.0,1095.0,1597.0,1600.0,1597.0,1585.0,1560.0,1559.0,5821.0,5158.0,5077.0,1479.0,2431.0,1095.0,1597.0,1600.0,1597.0
0.0,14171.0,4954.0,4796.0,3132.0,6835.0,2581.0,2822.0,1432.0,1598.0,1600.0,1598.0,1669.0,1637.0,1648.0,4909.0,3969.0,5293.0,2581.0,2822.0,1432.0,1598.0,1600.0,1598.0
0.0,12349.0,4855.0,4798.0,5005.0,6693.0,2749.0,1992.0,1952.0,1599.0,1600.0,1599.0,1643.0,1601.0,1611.0,3811.0,3578.0,4960.0,2749.0,1992.0,1952.0,1599.0,1600.0,1599.0
0.0,12499.0,4904.0,4801.0,6835.0,4774.0,1838.0,789.0,2147.0,1601.0,1600.0,1600.0,1662.0,1619.0,1623.0,3647.0,4408.0,4444.0,1838.0,789.0,2147.0,1601.0,1600.0,1600.0
0.0,14430.0,4846.0,4801.0,6693.0,2927.0,737.0,391.0,1799.0,1601.0,1600.0,1600.0,1648.0,1594.0,1604.0,4566.0,5611.0,4253.0,737.0,391.0,1799.0,1601.0,1600.0,1600.0
0.0,16277.0,4878.0,4801.0,4774.0,3031.0,557.0,1215.0,1259.0,1602.0,1599.0,1600.0,1654.0,1617.0,1607.0,5667.0,6009.0,4601.0,557.0,1215.0,1259.0,1602.0,1599.0,1600.0
0.0,16173.0,4880.0,4802.0,2927.0,4988.0,1462.0,2450.0,1076.0,1602.0,1600.0,1600.0,1642.0,1622.0,1616.0,5851.0,5181.0,5141.0,1462.0,2450.0,1076.0,1602.0,1600.0,1600.0
0.0,14220.0,4925.0,4806.0,3031.0,6898.0,2561.0,2865.0,1472.0,1603.0,1601.0,1602.0,1652.0,1626.0,1647.0,4946.0,3950.0,5324.0,2561.0,2865.0,1472.0,1603.0,1601.0,1602.0
0.0,12326.0,4947.0,4810.0,4988.0,6873.0,2766.0,2049.0,2058.0,1605.0,1602.0,1603.0,1659.0,1630.0,1658.0,3851.0,3539.0,4936.0,2766.0,2049.0,2058.0,1605.0,1602.0,1603.0
0.0,12367.0,4839.0,4810.0,6898.0,4814.0,1842.0,787.0,2185.0,1605.0,1602.0,1603.0,1637.0,1603.0,1599.0,3654.0,4359.0,4354.0,1842.0,787.0,2185.0,1605.0,1602.0,1603.0
0.0,14426.0,4952.0,4813.0,6873.0,2905.0,757.0,383.0,1765.0,1606.0,1603.0,1604.0,1677.0,1641.0,1634.0,4578.0,5621.0,4227.0,757.0,383.0,1765.0,1606.0,1603.0,1604.0
0.0,16347.0,4863.0,4814.0,4814.0,2958.0,547.0,1213.0,1198.0,1607.0,1602.0,1605.0,1628.0,1621.0,1614.0,5667.0,6029.0,4651.0,547.0,1213.0,1198.0,1607.0,1602.0,1605.0
0.0,16298.0,4907.0,4815.0,2905.0,4964.0,1425.0,2477.0,1062.0,1607.0,1603.0,1605.0,1635.0,1643.0,1629.0,5881.0,5195.0,5222.0,1425.0,2477.0,1062.0,1607.0,1603.0,1605.0
0.0,14296.0,4966.0,4819.0,2958.0,6988.0,2531.0,2915.0,1542.0,1608.0,1604.0,1607.0,1649.0,1647.0,1670.0,5003.0,3935.0,5358.0,2531.0,2915.0,1542.0,1608.0,1604.0,1607.0
0.0,12288.0,4772.0,4821.0,4964.0,6804.0,2679.0,2034.0,2091.0,1608.0,1605.0,1608.0,1573.0,1592.0,1607.0,3901.0,3501.0,4886.0,2679.0,2034.0,2091.0,1608.0,1605.0,1608.0
0.0,12480.0,4897.0,4826.0,6988.0,4733.0,1772.0,751.0,2210.0,1609.0,1607.0,1610.0,1620.0,1624.0,1653.0,3753.0,4386.0,4341.0,1772.0,751.0,2210.0,1609.0,1607.0,1610.0
0.0,14571.0,5002.0,4829.0,6804.0,2943.0,745.0,386.0,1812.0,1610.0,1608.0,1611.0,1648.0,1665.0,1689.0,4664.0,5677.0,4230.0,745.0,386.0,1812.0,1610.0,1608.0,1611.0
0.0,16373.0,5006.0,4832.0,4733.0,3228.0,645.0,1316.0,1267.0,1611.0,1609.0,1612.0,1668.0,1677.0,1661.0,5695.0,6046.0,4632.0,645.0,1316.0,1267.0,1611.0,1609.0,1612.0
0.0,16100.0,4828.0,4836.0,2943.0,5129.0,1496.0,2556.0,1077.0,1612.0,1611.0,1613.0,1592.0,1618.0,1618.0,5799.0,5120.0,5181.0,1496.0,2556.0,1077.0,1612.0,1611.0,1613.0
0.0,14215.0,4929.0,4839.0,3228.0,6842.0,2482.0,2909.0,1451.0,1613.0,1612.0,1614.0,1627.0,1665.0,1637.0,4952.0,3888.0,5375.0,2482.0,2909.0,1451.0,1613.0,1612.0,1614.0
0.0,12514.0,4894.0,4841.0,5129.0,6615.0,2587.0,1989.0,2039.0,1614.0,1612.0,1615.0,1597.0,1636.0,1661.0,3970.0,3539.0,5005.0,2587.0,1989.0,2039.0,1614.0,1612.0,1615.0
0.0,12749.0,4951.0,4845.0,6842.0,4740.0,1748.0,752.0,2240.0,1615.0,1614.0,1616.0,1639.0,1664.0,1648.0,3869.0,4459.0,4421.0,1748.0,752.0,2240.0,1615.0,1614.0,1616.0
0.0,14640.0,4908.0,4845.0,6615.0,3033.0,794.0,384.0,1855.0,1615.0,1614.0,1616.0,1633.0,1621.0,1654.0,4712.0,5704.0,4224.0,794.0,384.0,1855.0,1615.0,1614.0,1616.0
0.0,16347.0,4817.0,4845.0,4740.0,3110.0,637.0,1251.0,1222.0,1615.0,1614.0,1616.0,1591.0,1619.0,1607.0,5666.0,6072.0,4609.0,637.0,1251.0,1222.0,1615.0,1614.0,1616.0
0.0,16270.0,4875.0,4849.0,3033.0,4968.0,1455.0,2515.0,998.0,1616.0,1616.0,1617.0,1608.0,1640.0,1627.0,5823.0,5205.0,5242.0,1455.0,2515.0,998.0,1616.0,1616.0,1617.0
0.0,14428.0,4910.0,4851.0,3110.0,6776.0,2481.0,2888.0,1407.0,1617.0,1617.0,1617.0,1659.0,1620.0,1631.0,5009.0,3949.0,5470.0,2481.0,2888.0,1407.0,1617.0,1617.0,1617.0
0.0,12628.0,4984.0,4855.0,4968.0,6808.0,2672.0,2059.0,2077.0,1618.0,1618.0,1619.0,1642.0,1682.0,1660.0,3987.0,3580.0,5061.0,2672.0,2059.0,2077.0,1618.0,1618.0,1619.0
0.0,12612.0,5054.0,4860.0,6776.0,5106.0,1876.0,863.0,2367.0,1619.0,1620.0,1621.0,1681.0,1684.0,1689.0,3800.0,4413.0,4399.0,1876.0,863.0,2367.0,1619.0,1620.0,1621.0
0.0,14334.0,4866.0,4861.0,6808.0,3168.0,832.0,415.0,1921.0,1620.0,1620.0,1621.0,1624.0,1611.0,1631.0,4600.0,5617.0,4117.0,832.0,415.0,1921.0,1620.0,1620.0,1621.0
0.0,16276.0,4916.0,4864.0,5106.0,2990.0,583.0,1194.0,1213.0,1621.0,1621.0,1622.0,1623.0,1638.0,1655.0,5648.0,6065.0,4563.0,583.0,1194.0,1213.0,1621.0,1621.0,1622.0
0.0,16466.0,4912.0,4864.0,3168.0,4734.0,1373.0,2422.0,939.0,1621.0,1621.0,1622.0,1622.0,1643.0,1647.0,5901.0,5290.0,5275.0,1373.0,2422.0,939.0,1621.0,1621.0,1622.0
0.0,14722.0,4944.0,4867.0,2990.0,6700.0,2449.0,2876.0,1375.0,1622.0,1622.0,1623.0,1655.0,1644.0,1645.0,5111.0,4062.0,5549.0,2449.0,2876.0,1375.0,1622.0,1622.0,1623.0
0.0,12768.0,4864.0,4869.0,4734.0,6838.0,2689.0,2065.0,2084.0,1623.0,1622.0,1624.0,1609.0,1611.0,1644.0,4039.0,3612.0,5117.0,2689.0,2065.0,2084.0,1623.0,1622.0,1624.0
0.0,12638.0,4783.0,4869.0,6700.0,4921.0,1829.0,788.0,2304.0,1622.0,1623.0,1624.0,1593.0,1595.0,1595.0,3803.0,4423.0,4412.0,1829.0,788.0,2304.0,1622.0,1623.0,1624.0
0.0,14555.0,4816.0,4866.0,6838.0,2887.0,749.0,306.0,1832.0,1622.0,1621.0,1623.0,1609.0,1591.0,1616.0,4659.0,5704.0,4192.0,749.0,306.0,1832.0,1622.0,1621.0,1623.0
0.0,16577.0,4911.0,4866.0,4921.0,2877.0,571.0,1150.0,1156.0,1622.0,1621.0,1623.0,1651.0,1632.0,1628.0,5739.0,6178.0,4660.0,571.0,1150.0,1156.0,1622.0,1621.0,1623.0
0.0,16587.0,4821.0,4867.0,2887.0,4815.0,1429.0,2437.0,949.0,1622.0,1621.0,1624.0,1607.0,1593.0,1621.0,5917.0,5334.0,5336.0,1429.0,2437.0,949.0,1622.0,1621.0,1624.0
0.0,14653.0,4901.0,4869.0,2877.0,6847.0,2498.0,2924.0,1425.0,1623.0,1622.0,1624.0,1636.0,1633.0,1632.0,5059.0,4047.0,5547.0,2498.0,2924.0,1425.0,1623.0,1622.0,1624.0
0.0,12629.0,4885.0,4871.0,4815.0,6925.0,2698.0,2115.0,2112.0,1624.0,1622.0,1625.0,1625.0,1628.0,1632.0,3994.0,3564.0,5071.0,2698.0,2115.0,2112.0,1624.0,1622.0,1625.0
0.0,12559.0,4755.0,4868.0,6847.0,4821.0,1794.0,762.0,2265.0,1623.0,1621.0,1624.0,1598.0,1575.0,1582.0,3798.0,4373.0,4388.0,1794.0,762.0,2265.0,1623.0,1621.0,1624.0
0.0,14651.0,4809.0,4869.0,6925.0,2709.0,680.0,251.0,1778.0,1623.0,1622.0,1624.0,1584.0,1600.0,1625.0,4698.0,5722.0,4231.0,680.0,251.0,1778.0,1623.0,1622.0,1624.0
0.0,16767.0,4925.0,4870.0,4821.0,2817.0,523.0,1123.0,1171.0,1623.0,1622.0,1625.0,1637.0,1634.0,1654.0,5812.0,6237.0,4718.0,523.0,1123.0,1171.0,1623.0,1622.0,1625.0
0.0,16663.0,4783.0,4871.0,2709.0,4895.0,1451.0,2476.0,968.0,1624.0,1622.0,1625.0,1604.0,1604.0,1575.0,5969.0,5365.0,5329.0,1451.0,2476.0,968.0,1624.0,1622.0,1625.0
0.0,14589.0,4965.0,4876.0,2817.0,7063.0,2595.0,3009.0,1459.0,1626.0,1623.0,1627.0,1659.0,1652.0,1654.0,5045.0,4012.0,5532.0,2595.0,3009.0,1459.0,1626.0,1623.0,1627.0
0.0,12441.0,4838.0,4875.0,4895.0,7002.0,2759.0,2160.0,2083.0,1626.0,1623.0,1626.0,1615.0,1627.0,1596.0,3909.0,3483.0,5049.0,2759.0,2160.0,2083.0,1626.0,1623.0,1626.0
0.0,12498.0,4901.0,4879.0,7063.0,4856.0,1816.0,790.0,2250.0,1627.0,1624.0,1628.0,1648.0,1635.0,1618.0,3745.0,4332.0,4421.0,1816.0,790.0,2250.0,1627.0,1624.0,1628.0
0.0,14660.0,5025.0,4883.0,7002.0,2895.0,739.0,304.0,1852.0,1629.0,1625.0,1629.0,1674.0,1670.0,1681.0,4692.0,5706.0,4262.0,739.0,304.0,1852.0,1629.0,1625.0,1629.0
0.0,16637.0,4857.0,4881.0,4856.0,2888.0,551.0,1125.0,1212.0,1628.0,1624.0,1629.0,1632.0,1615.0,1610.0,5777.0,6196.0,4664.0,551.0,1125.0,1212.0,1628.0,1624.0,1629.0
0.0,16636.0,4883.0,4883.0,2895.0,4884.0,1448.0,2445.0,991.0,1629.0,1625.0,1629.0,1632.0,1620.0,1631.0,5961.0,5371.0,5304.0,1448.0,2445.0,991.0,1629.0,1625.0,1629.0
0.0,14648.0,4945.0,4887.0,2888.0,6957.0,2568.0,2951.0,1438.0,1631.0,1626.0,1630.0,1663.0,1627.0,1655.0,5068.0,4055.0,5525.0,2568.0,2951.0,1438.0,1631.0,1626.0,1630.0
0.0,12591.0,4920.0,4889.0,4884.0,7001.0,2780.0,2135.0,2086.0,1632.0,1626.0,1631.0,1656.0,1629.0,1635.0,3956.0,3553.0,5082.0,2780.0,2135.0,2086.0,1632.0,1626.0,1631.0
0.0,12555.0,4878.0,4892.0,6957.0,4934.0,1842.0,809.0,2283.0,1633.0,1627.0,1632.0,1626.0,1621.0,1631.0,3748.0,4369.0,4438.0,1842.0,809.0,2283.0,1633.0,1627.0,1632.0
0.0,14634.0,4911.0,4896.0,7001.0,2860.0,717.0,332.0,1811.0,1634.0,1629.0,1633.0,1651.0,1650.0,1610.0,4690.0,5699.0,4245.0,717.0,332.0,1811.0,1634.0,1629.0,1633.0
0.0,16724.0,5013.0,4897.0,4934.0,2943.0,532.0,1229.0,1182.0,1634.0,1630.0,1633.0,1657.0,1702.0,1654.0,5819.0,6184.0,4721.0,532.0,1229.0,1182.0,1634.0,1630.0,1633.0
0.0,16645.0,4955.0,4898.0,2860.0,5042.0,1478.0,2559.0,1005.0,1634.0,1631.0,1633.0,1663.0,1658.0,1634.0,6004.0,5291.0,5350.0,1478.0,2559.0,1005.0,1634.0,1631.0,1633.0
0.0,14550.0,4942.0,4899.0,2943.0,7045.0,2606.0,2998.0,1441.0,1634.0,1632.0,1633.0,1660.0,1664.0,1618.0,5058.0,3965.0,5527.0,2606.0,2998.0,1441.0,1634.0,1632.0,1633.0
0.0,12551.0,4964.0,4902.0,5042.0,6979.0,2808.0,2090.0,2081.0,1635.0,1633.0,1634.0,1676.0,1647.0,1641.0,3930.0,3530.0,5091.0,2808.0,2090.0,2081.0,1635.0,1633.0,1634.0
0.0,12629.0,5007.0,4904.0,7045.0,4949.0,1894.0,771.0,2284.0,1635.0,1634.0,1635.0,1692.0,1675.0,1640.0,3732.0,4442.0,4455.0,1894.0,771.0,2284.0,1635.0,1634.0,1635.0
0.0,14667.0,4940.0,4906.0,6979.0,2918.0,744.0,345.0,1829.0,1636.0,1635.0,1635.0,1654.0,1660.0,1626.0,4646.0,5765.0,4256.0,744.0,345.0,1829.0,1636.0,1635.0,1635.0
0.0,16706.0,4930.0,4905.0,4949.0,2895.0,505.0,1226.0,1164.0,1636.0,1635.0,1634.0,1655.0,1652.0,1623.0,5800.0,6195.0,4711.0,505.0,1226.0,1164.0,1636.0,1635.0,1634.0
0.0,16725.0,5045.0,4907.0,2918.0,5030.0,1439.0,2579.0,1012.0,1636.0,1636.0,1635.0,1678.0,1694.0,1673.0,6039.0,5314.0,5372.0,1439.0,2579.0,1012.0,1636.0,1636.0,1635.0
0.0,14598.0,4983.0,4910.0,2895.0,7130.0,2607.0,3010.0,1513.0,1637.0,1637.0,1636.0,1669.0,1653.0,1661.0,5105.0,3965.0,5528.0,2607.0,3010.0,1513.0,1637.0,1637.0,1636.0
0.0,12510.0,5054.0,4912.0,5030.0,7162.0,2865.0,2111.0,2186.0,1637.0,1638.0,1637.0,1697.0,1676.0,1681.0,3941.0,3538.0,5031.0,2865.0,2111.0,2186.0,1637.0,1638.0,1637.0
0.0,12486.0,5027.0,4915.0,7130.0,5071.0,1948.0,791.0,2332.0,1638.0,1639.0,1638.0,1686.0,1686.0,1655.0,3683.0,4441.0,4362.0,1948.0,791.0,2332.0,1638.0,1639.0,1638.0
0.0,14589.0,4948.0,4915.0,7162.0,2857.0,729.0,309.0,1819.0,1638.0,1639.0,1638.0,1646.0,1629.0,1673.0,4604.0,5765.0,4220.0,729.0,309.0,1819.0,1638.0,1639.0,1638.0
0.0,16803.0,4896.0,4915.0,5071.0,2682.0,412.0,1141.0,1129.0,1638.0,1639.0,1638.0,1631.0,1623.0,1642.0,5823.0,6247.0,4733.0,412.0,1141.0,1129.0,1638.0,1639.0,1638.0
0.0,16978.0,4976.0,4918.0,2857.0,4813.0,1321.0,2506.0,986.0,1639.0,1640.0,1639.0,1634.0,1670.0,1672.0,6140.0,5415.0,5423.0,1321.0,2506.0,986.0,1639.0,1640.0,1639.0
0.0,14859.0,5043.0,4921.0,2682.0,7186.0,2595.0,3039.0,1552.0,1640.0,1641.0,1640.0,1682.0,1670.0,1691.0,5235.0,4054.0,5570.0,2595.0,3039.0,1552.0,1640.0,1641.0,1640.0
0.0,12498.0,4892.0,4919.0,4813.0,7257.0,2871.0,2185.0,2201.0,1639.0,1641.0,1639.0,1601.0,1652.0,1639.0,3965.0,3525.0,5008.0,2871.0,2185.0,2201.0,1639.0,1641.0,1639.0
0.0,12419.0,5022.0,4918.0,7186.0,5089.0,1946.0,804.0,2339.0,1639.0,1640.0,1639.0,1670.0,1662.0,1690.0,3685.0,4379.0,4355.0,1946.0,804.0,2339.0,1639.0,1640.0,1639.0
0.0,14583.0,4839.0,4919.0,7257.0,2675.0,655.0,227.0,1793.0,1639.0,1640.0,1640.0,1580.0,1608.0,1651.0,4610.0,5756.0,4217.0,655.0,227.0,1793.0,1639.0,1640.0,1640.0
0.0,17001.0,4918.0,4920.0,5089.0,2508.0,353.0,1052.0,1103.0,1640.0,1640.0,1640.0,1640.0,1629.0,1649.0,5901.0,6333.0,4767.0,353.0,1052.0,1103.0,1640.0,1640.0,1640.0
0.0,17172.0,4962.0,4920.0,2675.0,4795.0,1328.0,2489.0,978.0,1640.0,1640.0,1640.0,1630.0,1664.0,1668.0,6207.0,5508.0,5457.0,1328.0,2489.0,978.0,1640.0,1640.0,1640.0
0.0,14885.0,4933.0,4920.0,2508.0,7220.0,2648.0,3054.0,1518.0,1641.0,1639.0,1640.0,1669.0,1621.0,1643.0,5232.0,4071.0,5582.0,2648.0,3054.0,1518.0,1641.0,1639.0,1640.0
0.0,12460.0,4955.0,4922.0,4795.0,7388.0,2947.0,2227.0,2214.0,1641.0,1640.0,1641.0,1627.0,1658.0,1670.0,3916.0,3502.0,5042.0,2947.0,2227.0,2214.0,1641.0,1640.0,1641.0
0.0,12300.0,4919.0,4923.0,7220.0,5091.0,1933.0,802.0,2356.0,1641.0,1640.0,1642.0,1634.0,1629.0,1656.0,3617.0,4333.0,4350.0,1933.0,802.0,2356.0,1641.0,1640.0,1642.0
0.0,14601.0,5036.0,4927.0,7388.0,2755.0,684.0,243.0,1828.0,1643.0,1641.0,1643.0,1690.0,1664.0,1682.0,4631.0,5758.0,4212.0,684.0,243.0,1828.0,1643.0,1641.0,1643.0
0.0,16953.0,4871.0,4925.0,5091.0,2527.0,372.0,1035.0,1120.0,1642.0,1640.0,1643.0,1625.0,1598.0,1648.0,5888.0,6321.0,4744.0,372.0,1035.0,1120.0,1642.0,1640.0,1643.0
0.0,17173.0,4989.0,4926.0,2755.0,4765.0,1363.0,2457.0,945.0,1643.0,1640.0,1643.0,1671.0,1665.0,1653.0,6196.0,5525.0,5452.0,1363.0,2457.0,945.0,1643.0,1640.0,1643.0
0.0,14939.0,4969.0,4924.0,2527.0,7199.0,2652.0,3054.0,1493.0,1643.0,1639.0,1642.0,1661.0,1636.0,1672.0,5209.0,4103.0,5627.0,2652.0,3054.0,1493.0,1643.0,1639.0,1642.0
0.0,12497.0,4860.0,4924.0,4765.0,7294.0,2922.0,2219.0,2153.0,1643.0,1639.0,1642.0,1633.0,1622.0,1605.0,3920.0,3502.0,5075.0,2922.0,2219.0,2153.0,1643.0,1639.0,1642.0
0.0,12402.0,4925.0,4924.0,7199.0,5020.0,1911.0,809.0,2300.0,1643.0,1639.0,1642.0,1641.0,1644.0,1640.0,3650.0,4337.0,4415.0,1911.0,809.0,2300.0,1643.0,1639.0,1642.0
0.0,14676.0,4979.0,4925.0,7294.0,2709.0,673.0,236.0,1800.0,1644.0,1639.0,1642.0,1680.0,1646.0,1653.0,4661.0,5747.0,4268.0,673.0,236.0,1800.0,1644.0,1639.0,1642.0
0.0,16991.0,5043.0,4927.0,5020.0,2740.0,453.0,1107.0,1180.0,1645.0,1640.0,1642.0,1687.0,1676.0,1680.0,5903.0,6320.0,4768.0,453.0,1107.0,1180.0,1645.0,1640.0,1642.0
0.0,16968.0,4931.0,4928.0,2709.0,4966.0,1453.0,2502.0,1011.0,1646.0,1640.0,1642.0,1669.0,1631.0,1631.0,6127.0,5453.0,5388.0,1453.0,2502.0,1011.0,1646.0,1640.0,1642.0
0.0,14746.0,4997.0,4933.0,2740.0,7243.0,2684.0,3076.0,1483.0,1648.0,1642.0,1643.0,1676.0,1673.0,1648.0,5131.0,4058.0,5557.0,2684.0,3076.0,1483.0,1648.0,1642.0,1643.0
0.0,12489.0,4962.0,4935.0,4966.0,7247.0,2887.0,2220.0,2140.0,1648.0,1643.0,1644.0,1656.0,1642.0,1664.0,3908.0,3492.0,5089.0,2887.0,2220.0,2140.0,1648.0,1643.0,1644.0
0.0,12493.0,4856.0,4934.0,7243.0,4856.0,1813.0,754.0,2289.0,1648.0,1642.0,1644.0,1610.0,1614.0,1632.0,3705.0,4352.0,4436.0,1813.0,754.0,2289.0,1648.0,1642.0,1644.0
0.0,14880.0,4896.0,4936.0,7247.0,2513.0,585.0,173.0,1755.0,1649.0,1643.0,1644.0,1655.0,1635.0,1606.0,4779.0,5814.0,4287.0,585.0,173.0,1755.0,1649.0,1643.0,1644.0
0.0,17231.0,4915.0,4937.0,4856.0,2576.0,424.0,1074.0,1078.0,1649.0,1644.0,1644.0,1652.0,1651.0,1612.0,6011.0,6399.0,4821.0,424.0,1074.0,1078.0,1649.0,1644.0,1644.0
0.0,17172.0,4959.0,4938.0,2513.0,5026.0,1519.0,2545.0,962.0,1650.0,1644.0,1644.0,1676.0,1644.0,1639.0,6172.0,5502.0,5498.0,1519.0,2545.0,962.0,1650.0,1644.0,1644.0
0.0,14726.0,4995.0,4942.0,2576.0,7461.0,2762.0,3172.0,1527.0,1651.0,1646.0,1645.0,1663.0,1693.0,1639.0,5081.0,4031.0,5614.0,2762.0,3172.0,1527.0,1651.0,1646.0,1645.0
0.0,12307.0,4910.0,4944.0,5026.0,7353.0,2871.0,2272.0,2210.0,1652.0,1647.0,1645.0,1624.0,1641.0,1645.0,3842.0,3412.0,5053.0,2871.0,2272.0,2210.0,1652.0,1647.0,1645.0
0.0,12423.0,4942.0,4945.0,7461.0,4838.0,1750.0,775.0,2313.0,1652.0,1648.0,1645.0,1641.0,1671.0,1630.0,3737.0,4316.0,4370.0,1750.0,775.0,2313.0,1652.0,1648.0,1645.0
0.0,14942.0,4932.0,4947.0,7353.0,2425.0,493.0,178.0,1754.0,1652.0,1649.0,1646.0,1614.0,1671.0,1647.0,4858.0,5817.0,4267.0,493.0,178.0,1754.0,1652.0,1649.0,1646.0
0.0,17363.0,4978.0,4947.0,4838.0,2565.0,399.0,1073.0,1093.0,1652.0,1649.0,1646.0,1656.0,1670.0,1652.0,6115.0,6418.0,4830.0,399.0,1073.0,1093.0,1652.0,1649.0,1646.0
0.0,17223.0,4882.0,4948.0,2425.0,5026.0,1533.0,2529.0,964.0,1652.0,1649.0,1647.0,1627.0,1634.0,1621.0,6209.0,5523.0,5491.0,1533.0,2529.0,964.0,1652.0,1649.0,1647.0
0.0,14766.0,4875.0,4948.0,2565.0,7336.0,2756.0,3086.0,1494.0,1652.0,1649.0,1647.0,1622.0,1630.0,1623.0,5075.0,4067.0,5624.0,2756.0,3086.0,1494.0,1652.0,1649.0,1647.0
0.0,12456.0,4874.0,4944.0,5026.0,7168.0,2819.0,2217.0,2132.0,1650.0,1649.0,1645.0,1604.0,1660.0,1610.0,3852.0,3510.0,5094.0,2819.0,2217.0,2132.0,1650.0,1649.0,1645.0
0.0,12608.0,4990.0,4947.0,7336.0,4834.0,1730.0,811.0,2293.0,1651.0,1650.0,1646.0,1663.0,1676.0,1651.0,3781.0,4379.0,4448.0,1730.0,811.0,2293.0,1651.0,1650.0,1646.0
0.0,14954.0,4938.0,4948.0,7168.0,2608.0,537.0,270.0,1801.0,1651.0,1651.0,1646.0,1626.0,1672.0,1640.0,4874.0,5789.0,4291.0,537.0,270.0,1801.0,1651.0,1651.0,1646.0
0.0,17184.0,4978.0,4949.0,4834.0,2756.0,461.0,1147.0,1148.0,1651.0,1652.0,1646.0,1654.0,1684.0,1640.0,6067.0,6334.0,4783.0,461.0,1147.0,1148.0,1651.0,1652.0,1646.0
0.0,17040.0,4976.0,4950.0,2608.0,5128.0,1593.0,2547.0,988.0,1651.0,1653.0,1646.0,1669.0,1666.0,1641.0,6143.0,5461.0,5436.0,1593.0,2547.0,988.0,1651.0,1653.0,1646.0
0.0,14672.0,5080.0,4954.0,2756.0,7468.0,2817.0,3123.0,1528.0,1652.0,1655.0,1647.0,1681.0,1715.0,1684.0,5011.0,4065.0,5596.0,2817.0,3123.0,1528.0,1652.0,1655.0,1647.0
0.0,12348.0,5130.0,4958.0,5128.0,7486.0,2939.0,2296.0,2251.0,1653.0,1656.0,1649.0,1711.0,1716.0,1703.0,3791.0,3497.0,5060.0,2939.0,2296.0,2251.0,1653.0,1656.0,1649.0
0.0,12346.0,5030.0,4959.0,7468.0,5052.0,1810.0,845.0,2397.0,1654.0,1656.0,1649.0,1684.0,1672.0,1674.0,3673.0,4328.0,4345.0,1810.0,845.0,2397.0,1654.0,1656.0,1649.0
0.0,14784.0,4983.0,4960.0,7486.0,2553.0,541.0,211.0,1801.0,1654.0,1656.0,1650.0,1670.0,1662.0,1651.0,4806.0,5779.0,4199.0,541.0,211.0,1801.0,1654.0,1656.0,1650.0
0.0,17287.0,4998.0,4960.0,5052.0,2499.0,402.0,1031.0,1066.0,1654.0,1656.0,1650.0,1671.0,1665.0,1662.0,6075.0,6413.0,4799.0,402.0,1031.0,1066.0,1654.0,1656.0,1650.0
0.0,17341.0,4892.0,4959.0,2553.0,4834.0,1487.0,2459.0,888.0,1653.0,1656.0,1650.0,1630.0,1639.0,1623.0,6214.0,5593.0,5534.0,1487.0,2459.0,888.0,1653.0,1656.0,1650.0
0.0,15002.0,4976.0,4958.0,2499.0,7307.0,2745.0,3082.0,1480.0,1653.0,1655.0,1650.0,1660.0,1658.0,1658.0,5125.0,4165.0,5712.0,2745.0,3082.0,1480.0,1653.0,1655.0,1650.0
0.0,12525.0,5040.0,4960.0,4834.0,7521.0,2974.0,2295.0,2252.0,1654.0,1655.0,1651.0,1712.0,1672.0,1656.0,3867.0,3538.0,5120.0,2974.0,2295.0,2252.0,1654.0,1655.0,1651.0
0.0,12319.0,5056.0,4963.0,7307.0,5282.0,1939.0,890.0,2453.0,1655.0,1656.0,1652.0,1706.0,1673.0,1677.0,3642.0,4325.0,4352.0,1939.0,890.0,2453.0,1655.0,1656.0,1652.0
0.0,14570.0,5032.0,4962.0,7521.0,2789.0,670.0,250.0,1869.0,1655.0,1655.0,1652.0,1705.0,1659.0,1668.0,4681.0,5734.0,4155.0,670.0,250.0,1869.0,1655.0,1655.0,1652.0
0.0,17059.0,5075.0,4965.0,5282.0,2594.0,434.0,1039.0,1121.0,1656.0,1656.0,1653.0,1699.0,1675.0,1701.0,5950.0,6370.0,4739.0,434.0,1039.0,1121.0,1656.0,1656.0,1653.0
0.0,17266.0,5057.0,4965.0,2789.0,4862.0,1456.0,2472.0,934.0,1656.0,1656.0,1653.0,1692.0,1683.0,1682.0,6190.0,5585.0,5491.0,1456.0,2472.0,934.0,1656.0,1656.0,1653.0
0.0,14998.0,5010.0,4963.0,2594.0,7270.0,2689.0,3089.0,1492.0,1655.0,1655.0,1653.0,1671.0,1660.0,1679.0,5168.0,4152.0,5678.0,2689.0,3089.0,1492.0,1655.0,1655.0,1653.0
0.0,12582.0,5039.0,4966.0,4862.0,7459.0,2893.0,2303.0,2263.0,1656.0,1656.0,1654.0,1656.0,1682.0,1701.0,3931.0,3531.0,5120.0,2893.0,2303.0,2263.0,1656.0,1656.0,1654.0
0.0,12405.0,4992.0,4968.0,7270.0,5189.0,1889.0,836.0,2464.0,1657.0,1656.0,1655.0,1681.0,1622.0,1689.0,3731.0,4321.0,4353.0,1889.0,836.0,2464.0,1657.0,1656.0,1655.0
0.0,14683.0,4953.0,4968.0,7459.0,2683.0,635.0,173.0,1875.0,1657.0,1656.0,1655.0,1639.0,1640.0,1674.0,4739.0,5788.0,4156.0,635.0,173.0,1875.0,1657.0,1656.0,1655.0
0.0,17189.0,5038.0,4967.0,5189.0,2528.0,411.0,1001.0,1116.0,1656.0,1656.0,1655.0,1669.0,1664.0,1705.0,5993.0,6451.0,4745.0,411.0,1001.0,1116.0,1656.0,1656.0,1655.0
0.0,17340.0,4962.0,4968.0,2683.0,4811.0,1427.0,2480.0,904.0,1657.0,1656.0,1655.0,1647.0,1652.0,1663.0,6213.0,5623.0,5504.0,1427.0,2480.0,904.0,1657.0,1656.0,1655.0
0.0,15061.0,5086.0,4970.0,2528.0,7377.0,2707.0,3179.0,1491.0,1658.0,1656.0,1656.0,1687.0,1700.0,1699.0,5201.0,4144.0,5716.0,2707.0,3179.0,1491.0,1658.0,1656.0,1656.0
0.0,12503.0,5099.0,4975.0,4811.0,7685.0,2978.0,2397.0,2310.0,1660.0,1658.0,1657.0,1690.0,1690.0,1719.0,3925.0,3445.0,5133.0,2978.0,2397.0,2310.0,1660.0,1658.0,1657.0
0.0,12215.0,4957.0,4975.0,7377.0,5265.0,1880.0,911.0,2474.0,1659.0,1659.0,1657.0,1613.0,1689.0,1655.0,3662.0,4235.0,4318.0,1880.0,911.0,2474.0,1659.0,1659.0,1657.0
0.0,14635.0,5086.0,4978.0,7685.0,2678.0,569.0,227.0,1882.0,1660.0,1660.0,1658.0,1663.0,1709.0,1714.0,4756.0,5725.0,4154.0,569.0,227.0,1882.0,1660.0,1660.0,1658.0
0.0,17234.0,5075.0,4980.0,5265.0,2496.0,373.0,1017.0,1106.0,1660.0,1661.0,1659.0,1684.0,1697.0,1694.0,6071.0,6413.0,4750.0,373.0,1017.0,1106.0,1660.0,1661.0,1659.0
0.0,17424.0,5105.0,4983.0,2678.0,4935.0,1525.0,2497.0,913.0,1662.0,1662.0,1659.0,1713.0,1703.0,1689.0,6267.0,5627.0,5530.0,1525.0,2497.0,913.0,1662.0,1662.0,1659.0
0.0,14997.0,5002.0,4984.0,2496.0,7445.0,2813.0,3165.0,1467.0,1662.0,1663.0,1659.0,1661.0,1681.0,1660.0,5123.0,4151.0,5723.0,2813.0,3165.0,1467.0,1662.0,1663.0,1659.0
0.0,12491.0,5114.0,4987.0,4935.0,7636.0,3004.0,2367.0,2265.0,1663.0,1664.0,1660.0,1712.0,1695.0,1707.0,3835.0,3487.0,5169.0,3004.0,2367.0,2265.0,1663.0,1664.0,1660.0
0.0,12312.0,5038.0,4990.0,7445.0,5241.0,1846.0,904.0,2491.0,1663.0,1666.0,1661.0,1655.0,1694.0,1689.0,3648.0,4289.0,4375.0,1846.0,904.0,2491.0,1663.0,1666.0,1661.0
0.0,14719.0,5047.0,4991.0,7636.0,2656.0,536.0,212.0,1908.0,1664.0,1666.0,1661.0,1690.0,1675.0,1682.0,4806.0,5760.0,4153.0,536.0,212.0,1908.0,1664.0,1666.0,1661.0
0.0,17308.0,5099.0,4993.0,5241.0,2522.0,378.0,1015.0,1129.0,1664.0,1667.0,1662.0,1688.0,1703.0,1708.0,6120.0,6452.0,4736.0,378.0,1015.0,1129.0,1664.0,1667.0,1662.0
0.0,17450.0,5042.0,4996.0,2656.0,4920.0,1509.0,2499.0,912.0,1665.0,1668.0,1663.0,1663.0,1692.0,1687.0,6278.0,5653.0,5519.0,1509.0,2499.0,912.0,1665.0,1668.0,1663.0
0.0,15064.0,4997.0,4998.0,2522.0,7403.0,2800.0,3159.0,1444.0,1665.0,1669.0,1664.0,1669.0,1671.0,1657.0,5151.0,4173.0,5740.0,2800.0,3159.0,1444.0,1665.0,1669.0,1664.0
0.0,12589.0,5067.0,5000.0,4920.0,7558.0,2986.0,2357.0,2215.0,1666.0,1670.0,1664.0,1691.0,1693.0,1683.0,3860.0,3517.0,5212.0,2986.0,2357.0,2215.0,1666.0,1670.0,1664.0
0.0,12442.0,5112.0,5001.0,7403.0,5271.0,1884.0,929.0,2458.0,1666.0,1671.0,1664.0,1698.0,1727.0,1687.0,3678.0,4323.0,4441.0,1884.0,929.0,2458.0,1666.0,1671.0,1664.0
0.0,14733.0,5076.0,5003.0,7558.0,2797.0,601.0,273.0,1923.0,1666.0,1672.0,1665.0,1703.0,1697.0,1676.0,4780.0,5755.0,4198.0,601.0,273.0,1923.0,1666.0,1672.0,1665.0
0.0,17215.0,5060.0,5005.0,5271.0,2594.0,396.0,1062.0,1136.0,1666.0,1673.0,1666.0,1679.0,1714.0,1667.0,6063.0,6415.0,4737.0,396.0,1062.0,1136.0,1666.0,1673.0,1666.0
0.0,17426.0,5015.0,5006.0,2797.0,4816.0,1476.0,2458.0,882.0,1667.0,1673.0,1666.0,1677.0,1669.0,1669.0,6268.0,5630.0,5528.0,1476.0,2458.0,882.0,1667.0,1673.0,1666.0
0.0,15208.0,5016.0,5009.0,2594.0,7250.0,2755.0,3089.0,1406.0,1668.0,1675.0,1666.0,1671.0,1685.0,1660.0,5192.0,4234.0,5782.0,2755.0,3089.0,1406.0,1668.0,1675.0,1666.0
0.0,12786.0,4912.0,5010.0,4816.0,7350.0,2927.0,2263.0,2160.0,1668.0,1675.0,1667.0,1648.0,1632.0,1632.0,3917.0,3611.0,5258.0,2927.0,2263.0,2160.0,1668.0,1675.0,1667.0
0.0,12690.0,4865.0,5008.0,7250.0,4957.0,1785.0,798.0,2374.0,1667.0,1674.0,1667.0,1617.0,1628.0,1620.0,3745.0,4437.0,4508.0,1785.0,798.0,2374.0,1667.0,1674.0,1667.0
0.0,15075.0,4942.0,5007.0,7350.0,2545.0,491.0,187.0,1867.0,1666.0,1674.0,1667.0,1637.0,1652.0,1653.0,4883.0,5898.0,4294.0,491.0,187.0,1867.0,1666.0,1674.0,1667.0
0.0,17483.0,5062.0,5010.0,4957.0,2662.0,390.0,1092.0,1180.0,1667.0,1675.0,1668.0,1680.0,1699.0,1683.0,6173.0,6509.0,4801.0,390.0,1092.0,1180.0,1667.0,1675.0,1668.0
0.0,17378.0,5021.0,5011.0,2545.0,5142.0,1588.0,2575.0,979.0,1668.0,1675.0,1668.0,1685.0,1670.0,1666.0,6278.0,5608.0,5492.0,1588.0,2575.0,979.0,1668.0,1675.0,1668.0
0.0,14902.0,5024.0,5013.0,2662.0,7512.0,2856.0,3184.0,1472.0,1668.0,1676.0,1669.0,1658.0,1697.0,1669.0,5084.0,4125.0,5693.0,2856.0,3184.0,1472.0,1668.0,1676.0,1669.0
0.0,12540.0,5102.0,5016.0,5142.0,7484.0,2999.0,2301.0,2184.0,1670.0,1676.0,1670.0,1723.0,1692.0,1687.0,3816.0,3520.0,5204.0,2999.0,2301.0,2184.0,1670.0,1676.0,1670.0
0.0,12580.0,4903.0,5015.0,7512.0,4871.0,1784.0,744.0,2343.0,1670.0,1675.0,1670.0,1641.0,1631.0,1631.0,3681.0,4403.0,4496.0,1784.0,744.0,2343.0,1670.0,1675.0,1670.0
0.0,15189.0,5001.0,5018.0,7484.0,2400.0,459.0,99.0,1842.0,1671.0,1676.0,1671.0,1670.0,1652.0,1679.0,4896.0,5956.0,4337.0,459.0,99.0,1842.0,1671.0,1676.0,1671.0
0.0,17672.0,5038.0,5021.0,4871.0,2579.0,338.0,1052.0,1189.0,1672.0,1677.0,1672.0,1659.0,1693.0,1686.0,6225.0,6605.0,4842.0,338.0,1052.0,1189.0,1672.0,1677.0,1672.0
0.0,17505.0,5037.0,5023.0,2400.0,5224.0,1554.0,2640.0,1030.0,1673.0,1677.0,1673.0,1671.0,1687.0,1679.0,6350.0,5656.0,5499.0,1554.0,2640.0,1030.0,1673.0,1677.0,1673.0
0.0,14868.0,5031.0,5024.0,2579.0,7680.0,2891.0,3265.0,1524.0,1673.0,1677.0,1674.0,1675.0,1677.0,1679.0,5138.0,4068.0,5662.0,2891.0,3265.0,1524.0,1673.0,1677.0,1674.0
0.0,12416.0,5004.0,5025.0,5224.0,7464.0,3025.0,2291.0,2148.0,1674.0,1677.0,1674.0,1684.0,1666.0,1654.0,3801.0,3443.0,5172.0,3025.0,2291.0,2148.0,1674.0,1677.0,1674.0
0.0,12636.0,5028.0,5027.0,7680.0,4820.0,1812.0,700.0,2308.0,1675.0,1677.0,1675.0,1674.0,1674.0,1680.0,3671.0,4417.0,4548.0,1812.0,700.0,2308.0,1675.0,1677.0,1675.0
0.0,15288.0,4995.0,5027.0,7464.0,2351.0,469.0,57.0,1825.0,1675.0,1677.0,1675.0,1682.0,1648.0,1665.0,4888.0,6008.0,4392.0,469.0,57.0,1825.0,1675.0,1677.0,1675.0
0.0,17757.0,5021.0,5026.0,4820.0,2548.0,337.0,992.0,1219.0,1675.0,1675.0,1676.0,1680.0,1643.0,1698.0,6231.0,6651.0,4875.0,337.0,992.0,1219.0,1675.0,1675.0,1676.0
0.0,17556.0,5070.0,5025.0,2351.0,5263.0,1568.0,2613.0,1082.0,1675.0,1675.0,1675.0,1700.0,1678.0,1692.0,6363.0,5708.0,5485.0,1568.0,2613.0,1082.0,1675.0,1675.0,1675.0
0.0,14837.0,5143.0,5027.0,2548.0,7866.0,2939.0,3346.0,1581.0,1675.0,1676.0,1676.0,1708.0,1721.0,1714.0,5132.0,4087.0,5618.0,2939.0,3346.0,1581.0,1675.0,1676.0,1676.0
0.0,12242.0,5012.0,5027.0,5263.0,7615.0,3067.0,2386.0,2162.0,1676.0,1675.0,1676.0,1692.0,1657.0,1663.0,3761.0,3358.0,5123.0,3067.0,2386.0,2162.0,1676.0,1675.0,1676.0
0.0,12493.0,5114.0,5029.0,7866.0,4871.0,1815.0,752.0,2304.0,1676.0,1676.0,1677.0,1687.0,1708.0,1719.0,3637.0,4314.0,4542.0,1815.0,752.0,2304.0,1676.0,1676.0,1677.0
0.0,15245.0,5143.0,5035.0,7615.0,2423.0,483.0,88.0,1852.0,1678.0,1678.0,1679.0,1727.0,1714.0,1702.0,4889.0,5952.0,4404.0,483.0,88.0,1852.0,1678.0,1678.0,1679.0
0.0,17717.0,5119.0,5038.0,4871.0,2683.0,392.0,1041.0,1250.0,1679.0,1679.0,1680.0,1720.0,1701.0,1698.0,6229.0,6624.0,4864.0,392.0,1041.0,1250.0,1679.0,1679.0,1680.0
0.0,17469.0,5090.0,5038.0,2423.0,5350.0,1608.0,2650.0,1092.0,1679.0,1679.0,1680.0,1699.0,1697.0,1694.0,6324.0,5675.0,5470.0,1608.0,2650.0,1092.0,1679.0,1679.0,1680.0
0.0,14802.0,5154.0,5040.0,2683.0,7829.0,2928.0,3342.0,1559.0,1679.0,1680.0,1681.0,1712.0,1729.0,1713.0,5108.0,4066.0,5628.0,2928.0,3342.0,1559.0,1679.0,1680.0,1681.0
0.0,12331.0,5156.0,5042.0,5350.0,7643.0,3039.0,2407.0,2197.0,1679.0,1681.0,1682.0,1719.0,1711.0,1726.0,3788.0,3378.0,5165.0,3039.0,2407.0,2197.0,1679.0,1681.0,1682.0
0.0,12525.0,5172.0,5045.0,7829.0,4998.0,1847.0,773.0,2378.0,1680.0,1682.0,1683.0,1732.0,1704.0,1736.0,3677.0,4317.0,4531.0,1847.0,773.0,2378.0,1680.0,1682.0,1683.0
0.0,15182.0,5250.0,5047.0,7643.0,2613.0,543.0,129.0,1941.0,1680.0,1683.0,1684.0,1735.0,1759.0,1756.0,4873.0,5955.0,4354.0,543.0,129.0,1941.0,1680.0,1683.0,1684.0
0.0,17575.0,5123.0,5050.0,4998.0,2750.0,411.0,1070.0,1269.0,1681.0,1684.0,1685.0,1711.0,1710.0,1702.0,6177.0,6603.0,4795.0,411.0,1070.0,1269.0,1681.0,1684.0,1685.0
0.0,17450.0,5314.0,5055.0,2613.0,5471.0,1645.0,2717.0,1109.0,1683.0,1686.0,1686.0,1769.0,1768.0,1777.0,6313.0,5666.0,5471.0,1645.0,2717.0,1109.0,1683.0,1686.0,1686.0
0.0,14749.0,5089.0,5057.0,2750.0,7818.0,2904.0,3361.0,1553.0,1683.0,1687.0,1687.0,1670.0,1710.0,1709.0,5087.0,4027.0,5635.0,2904.0,3361.0,1553.0,1683.0,1687.0,1687.0
0.0,12410.0,5171.0,5062.0,5471.0,7538.0,2992.0,2366.0,2180.0,1685.0,1689.0,1688.0,1725.0,1714.0,1732.0,3828.0,3387.0,5195.0,2992.0,2366.0,2180.0,1685.0,1689.0,1688.0
0.0,12710.0,5225.0,5065.0,7818.0,4957.0,1823.0,742.0,2392.0,1686.0,1690.0,1689.0,1731.0,1733.0,1761.0,3748.0,4390.0,4572.0,1823.0,742.0,2392.0,1686.0,1690.0,1689.0
0.0,15303.0,5149.0,5069.0,7538.0,2584.0,540.0,107.0,1937.0,1687.0,1692.0,1690.0,1705.0,1723.0,1721.0,4921.0,6018.0,4364.0,540.0,107.0,1937.0,1687.0,1692.0,1690.0
0.0,17692.0,5129.0,5069.0,4957.0,2756.0,419.0,1094.0,1243.0,1687.0,1692.0,1690.0,1702.0,1729.0,1698.0,6208.0,6661.0,4823.0,419.0,1094.0,1243.0,1687.0,1692.0,1690.0
0.0,17520.0,5060.0,5069.0,2584.0,5232.0,1540.0,2681.0,1011.0,1687.0,1692.0,1690.0,1661.0,1694.0,1705.0,6329.0,5674.0,5517.0,1540.0,2681.0,1011.0,1687.0,1692.0,1690.0
0.0,15044.0,5148.0,5073.0,2756.0,7640.0,2837.0,3315.0,1488.0,1689.0,1693.0,1691.0,1708.0,1724.0,1716.0,5208.0,4087.0,5749.0,2837.0,3315.0,1488.0,1689.0,1693.0,1691.0
0.0,12652.0,5175.0,5074.0,5232.0,7587.0,3007.0,2360.0,2220.0,1690.0,1693.0,1691.0,1706.0,1726.0,1743.0,3919.0,3457.0,5276.0,3007.0,2360.0,2220.0,1690.0,1693.0,1691.0
0.0,12709.0,5138.0,5076.0,7640.0,5093.0,1869.0,775.0,2449.0,1690.0,1694.0,1692.0,1699.0,1726.0,1713.0,3753.0,4412.0,4544.0,1869.0,775.0,2449.0,1690.0,1694.0,1692.0
0.0,15211.0,5035.0,5074.0,7587.0,2533.0,534.0,79.0,1920.0,1689.0,1693.0,1692.0,1676.0,1668.0,1691.0,4891.0,6001.0,4319.0,534.0,79.0,1920.0,1689.0,1693.0,1692.0
0.0,17763.0,5132.0,5077.0,5093.0,2584.0,378.0,1025.0,1181.0,1690.0,1694.0,1693.0,1709.0,1717.0,1706.0,6222.0,6693.0,4848.0,378.0,1025.0,1181.0,1690.0,1694.0,1693.0
0.0,17724.0,5010.0,5074.0,2533.0,5049.0,1521.0,2620.0,908.0,1689.0,1693.0,1692.0,1681.0,1678.0,1651.0,6382.0,5751.0,5591.0,1521.0,2620.0,908.0,1689.0,1693.0,1692.0
0.0,15247.0,5010.0,5074.0,2584.0,7475.0,2827.0,3266.0,1382.0,1690.0,1693.0,1691.0,1680.0,1671.0,1659.0,5235.0,4152.0,5860.0,2827.0,3266.0,1382.0,1690.0,1693.0,1691.0
0.0,12821.0,5049.0,5074.0,5049.0,7475.0,3009.0,2317.0,2149.0,1690.0,1693.0,1691.0,1703.0,1671.0,1675.0,3933.0,3506.0,5382.0,3009.0,2317.0,2149.0,1690.0,1693.0,1691.0
0.0,12821.0,5083.0,5074.0,7475.0,5083.0,1892.0,759.0,2432.0,1691.0,1693.0,1690.0,1706.0,1708.0,1669.0,3751.0,4455.0,4615.0,1892.0,759.0,2432.0,1691.0,1693.0,1690.0
0.0,15213.0,5110.0,5075.0,7475.0,2722.0,613.0,144.0,1965.0,1692.0,1693.0,1690.0,1726.0,1702.0,1682.0,4872.0,6013.0,4328.0,613.0,144.0,1965.0,1692.0,1693.0,1690.0
0.0,17578.0,5196.0,5079.0,5083.0,2851.0,448.0,1139.0,1264.0,1693.0,1695.0,1691.0,1723.0,1746.0,1727.0,6155.0,6628.0,4795.0,448.0,1139.0,1264.0,1693.0,1695.0,1691.0
0.0,17465.0,5103.0,5080.0,2722.0,5236.0,1548.0,2680.0,1008.0,1693.0,1695.0,1692.0,1713.0,1685.0,1705.0,6324.0,5641.0,5500.0,1548.0,2680.0,1008.0,1693.0,1695.0,1692.0
0.0,15084.0,5074.0,5079.0,2851.0,7455.0,2853.0,3211.0,1391.0,1694.0,1694.0,1691.0,1749.0,1674.0,1651.0,5224.0,4100.0,5760.0,2853.0,3211.0,1391.0,1694.0,1694.0,1691.0
0.0,12861.0,5094.0,5079.0,5236.0,7313.0,3010.0,2230.0,2073.0,1694.0,1694.0,1691.0,1705.0,1699.0,1690.0,3923.0,3565.0,5373.0,3010.0,2230.0,2073.0,1694.0,1694.0,1691.0
0.0,13003.0,5163.0,5081.0,7455.0,5029.0,1912.0,713.0,2404.0,1696.0,1693.0,1692.0,1747.0,1698.0,1718.0,3766.0,4546.0,4691.0,1912.0,713.0,2404.0,1696.0,1693.0,1692.0
0.0,15295.0,5058.0,5082.0,7313.0,2778.0,588.0,187.0,2003.0,1696.0,1694.0,1692.0,1686.0,1700.0,1672.0,4872.0,6059.0,4364.0,588.0,187.0,2003.0,1696.0,1694.0,1692.0
0.0,17550.0,5073.0,5083.0,5029.0,2826.0,370.0,1160.0,1296.0,1696.0,1694.0,1693.0,1694.0,1686.0,1693.0,6196.0,6589.0,4765.0,370.0,1160.0,1296.0,1696.0,1694.0,1693.0
0.0,17506.0,5037.0,5085.0,2778.0,5093.0,1484.0,2671.0,938.0,1697.0,1695.0,1693.0,1698.0,1694.0,1645.0,6414.0,5616.0,5476.0,1484.0,2671.0,938.0,1697.0,1695.0,1693.0
0.0,15247.0,5077.0,5090.0,2826.0,7364.0,2820.0,3204.0,1340.0,1699.0,1696.0,1695.0,1698.0,1689.0,1690.0,5304.0,4109.0,5834.0,2820.0,3204.0,1340.0,1699.0,1696.0,1695.0
0.0,12996.0,5026.0,5091.0,5093.0,7301.0,3011.0,2220.0,2070.0,1699.0,1697.0,1695.0,1675.0,1683.0,1668.0,3976.0,3580.0,5440.0,3011.0,2220.0,2070.0,1699.0,1697.0,1695.0
0.0,13063.0,5118.0,5092.0,7364.0,5059.0,1899.0,732.0,2428.0,1700.0,1697.0,1695.0,1704.0,1716.0,1698.0,3785.0,4568.0,4710.0,1899.0,732.0,2428.0,1700.0,1697.0,1695.0
0.0,15309.0,5049.0,5093.0,7301.0,2811.0,573.0,192.0,2046.0,1700.0,1697.0,1696.0,1685.0,1680.0,1684.0,4901.0,6056.0,4352.0,573.0,192.0,2046.0,1700.0,1697.0,1696.0
0.0,17561.0,5126.0,5095.0,5059.0,2886.0,386.0,1151.0,1349.0,1701.0,1697.0,1697.0,1708.0,1691.0,1727.0,6227.0,6596.0,4738.0,386.0,1151.0,1349.0,1701.0,1697.0,1697.0
0.0,17494.0,5177.0,5095.0,2811.0,5252.0,1515.0,2720.0,1017.0,1700.0,1698.0,1697.0,1706.0,1757.0,1714.0,6418.0,5637.0,5439.0,1515.0,2720.0,1017.0,1700.0,1698.0,1697.0
0.0,15128.0,5153.0,5101.0,2886.0,7543.0,2823.0,3328.0,1392.0,1701.0,1701.0,1699.0,1690.0,1747.0,1716.0,5285.0,4072.0,5771.0,2823.0,3328.0,1392.0,1701.0,1701.0,1699.0
0.0,12861.0,5109.0,5103.0,5252.0,7408.0,3014.0,2310.0,2084.0,1702.0,1702.0,1699.0,1702.0,1698.0,1709.0,3981.0,3476.0,5404.0,3014.0,2310.0,2084.0,1702.0,1702.0,1699.0
0.0,13004.0,5150.0,5105.0,7543.0,5023.0,1908.0,711.0,2404.0,1703.0,1702.0,1700.0,1713.0,1729.0,1708.0,3794.0,4498.0,4712.0,1908.0,711.0,2404.0,1703.0,1702.0,1700.0
0.0,15397.0,5117.0,5107.0,7408.0,2740.0,580.0,123.0,2037.0,1703.0,1703.0,1701.0,1686.0,1718.0,1713.0,4904.0,6097.0,4396.0,580.0,123.0,2037.0,1703.0,1703.0,1701.0
0.0,17688.0,5070.0,5108.0,5023.0,2791.0,366.0,1113.0,1312.0,1704.0,1703.0,1701.0,1690.0,1701.0,1679.0,6232.0,6689.0,4767.0,366.0,1113.0,1312.0,1704.0,1703.0,1701.0
0.0,17641.0,5051.0,5108.0,2740.0,5102.0,1444.0,2692.0,966.0,1703.0,1704.0,1701.0,1662.0,1698.0,1691.0,6450.0,5699.0,5492.0,1444.0,2692.0,966.0,1703.0,1704.0,1701.0
0.0,15330.0,5171.0,5111.0,2791.0,7494.0,2787.0,3320.0,1387.0,1704.0,1705.0,1702.0,1705.0,1737.0,1729.0,5368.0,4124.0,5838.0,2787.0,3320.0,1387.0,1704.0,1705.0,1702.0
0.0,12950.0,5133.0,5114.0,5102.0,7537.0,3033.0,2372.0,2132.0,1704.0,1707.0,1703.0,1690.0,1736.0,1707.0,4029.0,3500.0,5421.0,3033.0,2372.0,2132.0,1704.0,1707.0,1703.0
0.0,12919.0,5231.0,5118.0,7494.0,5290.0,1989.0,808.0,2493.0,1705.0,1709.0,1704.0,1739.0,1748.0,1744.0,3783.0,4456.0,4680.0,1989.0,808.0,2493.0,1705.0,1709.0,1704.0
0.0,15182.0,5163.0,5120.0,7537.0,2924.0,657.0,169.0,2098.0,1705.0,1710.0,1705.0,1701.0,1729.0,1733.0,4831.0,6028.0,4323.0,657.0,169.0,2098.0,1705.0,1710.0,1705.0
0.0,17556.0,5130.0,5119.0,5290.0,2760.0,392.0,1077.0,1291.0,1705.0,1710.0,1704.0,1724.0,1716.0,1690.0,6163.0,6671.0,4722.0,392.0,1077.0,1291.0,1705.0,1710.0,1704.0
0.0,17716.0,5263.0,5125.0,2924.0,5123.0,1496.0,2672.0,955.0,1707.0,1712.0,1706.0,1753.0,1756.0,1754.0,6428.0,5763.0,5525.0,1496.0,2672.0,955.0,1707.0,1712.0,1706.0
0.0,15377.0,5157.0,5125.0,2760.0,7520.0,2821.0,3297.0,1402.0,1707.0,1712.0,1706.0,1717.0,1702.0,1738.0,5332.0,4176.0,5869.0,2821.0,3297.0,1402.0,1707.0,1712.0,1706.0
0.0,12980.0,5217.0,5127.0,5123.0,7622.0,3072.0,2338.0,2212.0,1708.0,1712.0,1707.0,1743.0,1713.0,1761.0,4007.0,3551.0,5422.0,3072.0,2338.0,2212.0,1708.0,1712.0,1707.0
0.0,12886.0,5227.0,5128.0,7520.0,5333.0,2011.0,768.0,2554.0,1708.0,1712.0,1708.0,1760.0,1727.0,1740.0,3760.0,4510.0,4616.0,2011.0,768.0,2554.0,1708.0,1712.0,1708.0
0.0,15179.0,5179.0,5130.0,7622.0,2898.0,682.0,137.0,2079.0,1709.0,1712.0,1709.0,1739.0,1707.0,1733.0,4821.0,6080.0,4278.0,682.0,137.0,2079.0,1709.0,1712.0,1709.0
0.0,17622.0,5164.0,5130.0,5333.0,2729.0,401.0,1073.0,1255.0,1709.0,1712.0,1709.0,1730.0,1704.0,1730.0,6154.0,6711.0,4757.0,401.0,1073.0,1255.0,1709.0,1712.0,1709.0
0.0,17791.0,5243.0,5132.0,2898.0,5082.0,1470.0,2671.0,941.0,1710.0,1712.0,1710.0,1747.0,1735.0,1761.0,6435.0,5775.0,5581.0,1470.0,2671.0,941.0,1710.0,1712.0,1710.0
0.0,15446.0,5209.0,5133.0,2729.0,7566.0,2796.0,3334.0,1436.0,1710.0,1713.0,1710.0,1727.0,1732.0,1750.0,5370.0,4177.0,5899.0,2796.0,3334.0,1436.0,1710.0,1713.0,1710.0
0.0,12966.0,5122.0,5130.0,5082.0,7594.0,3033.0,2348.0,2213.0,1709.0,1711.0,1710.0,1711.0,1693.0,1718.0,4044.0,3518.0,5404.0,3033.0,2348.0,2213.0,1709.0,1711.0,1710.0
0.0,12926.0,5149.0,5131.0,7566.0,5181.0,1958.0,711.0,2512.0,1710.0,1711.0,1710.0,1717.0,1697.0,1735.0,3803.0,4496.0,4627.0,1958.0,711.0,2512.0,1710.0,1711.0,1710.0
0.0,15343.0,5156.0,5129.0,7594.0,2735.0,653.0,40.0,2042.0,1709.0,1710.0,1710.0,1732.0,1681.0,1743.0,4882.0,6133.0,4328.0,653.0,40.0,2042.0,1709.0,1710.0,1710.0
0.0,17781.0,5155.0,5129.0,5181.0,2709.0,415.0,1019.0,1275.0,1710.0,1709.0,1710.0,1716.0,1694.0,1745.0,6183.0,6800.0,4798.0,415.0,1019.0,1275.0,1710.0,1709.0,1710.0
0.0,17807.0,5191.0,5129.0,2735.0,5165.0,1473.0,2699.0,993.0,1709.0,1709.0,1711.0,1715.0,1720.0,1756.0,6425.0,5817.0,5565.0,1473.0,2699.0,993.0,1709.0,1709.0,1711.0
0.0,15351.0,5099.0,5127.0,2709.0,7547.0,2759.0,3353.0,1435.0,1709.0,1708.0,1710.0,1701.0,1677.0,1721.0,5363.0,4137.0,5851.0,2759.0,3353.0,1435.0,1709.0,1708.0,1710.0
0.0,12961.0,5117.0,5127.0,5165.0,7499.0,2979.0,2367.0,2153.0,1709.0,1708.0,1710.0,1693.0,1713.0,1711.0,4077.0,3479.0,5405.0,2979.0,2367.0,2153.0,1709.0,1708.0,1710.0
0.0,13009.0,5166.0,5128.0,7547.0,5122.0,1922.0,735.0,2465.0,1709.0,1708.0,1711.0,1702.0,1721.0,1743.0,3857.0,4465.0,4687.0,1922.0,735.0,2465.0,1709.0,1708.0,1711.0
0.0,15390.0,5177.0,5129.0,7499.0,2804.0,691.0,83.0,2030.0,1710.0,1708.0,1711.0,1744.0,1715.0,1718.0,4914.0,6097.0,4379.0,691.0,83.0,2030.0,1710.0,1708.0,1711.0
0.0,17712.0,5263.0,5132.0,5122.0,2957.0,523.0,1107.0,1327.0,1711.0,1709.0,1712.0,1750.0,1755.0,1758.0,6149.0,6749.0,4814.0,523.0,1107.0,1327.0,1711.0,1709.0,1712.0
0.0,17571.0,5166.0,5132.0,2804.0,5319.0,1542.0,2740.0,1037.0,1711.0,1709.0,1712.0,1710.0,1716.0,1740.0,6321.0,5729.0,5521.0,1542.0,2740.0,1037.0,1711.0,1709.0,1712.0
0.0,15209.0,5090.0,5130.0,2957.0,7444.0,2708.0,3339.0,1397.0,1711.0,1708.0,1711.0,1689.0,1710.0,1691.0,5302.0,4096.0,5811.0,2708.0,3339.0,1397.0,1711.0,1708.0,1711.0
0.0,13076.0,5039.0,5131.0,5319.0,7168.0,2848.0,2284.0,2036.0,1711.0,1709.0,1711.0,1682.0,1681.0,1676.0,4136.0,3493.0,5447.0,2848.0,2284.0,2036.0,1711.0,1709.0,1711.0
0.0,13356.0,5084.0,5129.0,7444.0,4800.0,1853.0,643.0,2304.0,1711.0,1708.0,1710.0,1713.0,1702.0,1669.0,3996.0,4552.0,4808.0,1853.0,643.0,2304.0,1711.0,1708.0,1710.0
0.0,15716.0,5159.0,5133.0,7168.0,2807.0,712.0,110.0,1985.0,1712.0,1710.0,1711.0,1703.0,1743.0,1713.0,4991.0,6189.0,4536.0,712.0,110.0,1985.0,1712.0,1710.0,1711.0
0.0,17725.0,5228.0,5137.0,4800.0,3251.0,613.0,1223.0,1415.0,1713.0,1711.0,1713.0,1750.0,1752.0,1726.0,6136.0,6730.0,4859.0,613.0,1223.0,1415.0,1713.0,1711.0,1713.0
0.0,17297.0,5131.0,5138.0,2807.0,5579.0,1607.0,2828.0,1144.0,1713.0,1712.0,1713.0,1706.0,1711.0,1714.0,6239.0,5621.0,5437.0,1607.0,2828.0,1144.0,1713.0,1712.0,1713.0
0.0,14973.0,5313.0,5142.0,3251.0,7657.0,2779.0,3380.0,1498.0,1714.0,1713.0,1715.0,1781.0,1771.0,1761.0,5245.0,4020.0,5708.0,2779.0,3380.0,1498.0,1714.0,1713.0,1715.0
0.0,12911.0,5096.0,5142.0,5579.0,7174.0,2885.0,2259.0,2030.0,1714.0,1713.0,1715.0,1713.0,1707.0,1676.0,4077.0,3472.0,5362.0,2885.0,2259.0,2030.0,1714.0,1713.0,1715.0
0.0,13394.0,5096.0,5140.0,7657.0,4605.0,1821.0,566.0,2218.0,1714.0,1712.0,1714.0,1715.0,1691.0,1690.0,3971.0,4593.0,4830.0,1821.0,566.0,2218.0,1714.0,1712.0,1714.0
0.0,15955.0,5223.0,5143.0,7174.0,2666.0,684.0,48.0,1934.0,1715.0,1713.0,1715.0,1744.0,1737.0,1742.0,5035.0,6282.0,4638.0,684.0,48.0,1934.0,1715.0,1713.0,1715.0
0.0,17906.0,5165.0,5144.0,4605.0,3230.0,596.0,1195.0,1439.0,1714.0,1714.0,1716.0,1737.0,1709.0,1719.0,6176.0,6804.0,4926.0,596.0,1195.0,1439.0,1714.0,1714.0,1716.0
0.0,17346.0,5151.0,5146.0,2666.0,5723.0,1636.0,2876.0,1211.0,1715.0,1714.0,1717.0,1720.0,1729.0,1702.0,6260.0,5661.0,5425.0,1636.0,2876.0,1211.0,1715.0,1714.0,1717.0
0.0,14861.0,5164.0,5145.0,3230.0,7653.0,2757.0,3425.0,1471.0,1714.0,1715.0,1716.0,1721.0,1740.0,1703.0,5224.0,3980.0,5657.0,2757.0,3425.0,1471.0,1714.0,1715.0,1716.0
0.0,12927.0,5222.0,5148.0,5723.0,7164.0,2871.0,2303.0,1990.0,1715.0,1716.0,1717.0,1746.0,1750.0,1726.0,4099.0,3435.0,5393.0,2871.0,2303.0,1990.0,1715.0,1716.0,1717.0
0.0,13428.0,5199.0,5151.0,7653.0,4722.0,1842.0,625.0,2255.0,1716.0,1717.0,1718.0,1724.0,1743.0,1732.0,3989.0,4561.0,4878.0,1842.0,625.0,2255.0,1716.0,1717.0,1718.0
0.0,15882.0,5179.0,5154.0,7164.0,2749.0,726.0,53.0,1970.0,1717.0,1718.0,1719.0,1751.0,1727.0,1701.0,5022.0,6243.0,4617.0,726.0,53.0,1970.0,1717.0,1718.0,1719.0
0.0,17867.0,5178.0,5155.0,4722.0,3209.0,606.0,1181.0,1422.0,1717.0,1719.0,1719.0,1722.0,1749.0,1707.0,6142.0,6819.0,4906.0,606.0,1181.0,1422.0,1717.0,1719.0,1719.0
0.0,17411.0,5079.0,5156.0,2749.0,5543.0,1558.0,2823.0,1162.0,1717.0,1719.0,1720.0,1678.0,1695.0,1706.0,6262.0,5695.0,5454.0,1558.0,2823.0,1162.0,1717.0,1719.0,1720.0
0.0,15081.0,5233.0,5159.0,3209.0,7579.0,2712.0,3399.0,1468.0,1718.0,1720.0,1721.0,1756.0,1753.0,1724.0,5310.0,4053.0,5718.0,2712.0,3399.0,1468.0,1718.0,1720.0,1721.0
0.0,13057.0,5171.0,5161.0,5543.0,7215.0,2880.0,2314.0,2021.0,1719.0,1721.0,1721.0,1722.0,1734.0,1715.0,4160.0,3481.0,5416.0,2880.0,2314.0,2021.0,1719.0,1721.0,1721.0
0.0,13429.0,5160.0,5162.0,7579.0,4800.0,1882.0,642.0,2276.0,1719.0,1722.0,1721.0,1714.0,1723.0,1723.0,3996.0,4570.0,4863.0,1882.0,642.0,2276.0,1719.0,1722.0,1721.0
0.0,15848.0,5160.0,5162.0,7215.0,2745.0,716.0,36.0,1993.0,1719.0,1721.0,1722.0,1714.0,1712.0,1734.0,4994.0,6246.0,4608.0,716.0,36.0,1993.0,1719.0,1721.0,1722.0
0.0,17903.0,5157.0,5162.0,4800.0,3102.0,541.0,1112.0,1449.0,1720.0,1720.0,1722.0,1703.0,1722.0,1732.0,6160.0,6848.0,4895.0,541.0,1112.0,1449.0,1720.0,1720.0,1722.0
0.0,17546.0,5197.0,5164.0,2745.0,5562.0,1545.0,2810.0,1207.0,1720.0,1721.0,1723.0,1720.0,1730.0,1747.0,6339.0,5768.0,5439.0,1545.0,2810.0,1207.0,1720.0,1721.0,1723.0
0.0,15094.0,5217.0,5164.0,3102.0,7677.0,2730.0,3438.0,1509.0,1720.0,1721.0,1723.0,1726.0,1740.0,1751.0,5335.0,4074.0,5685.0,2730.0,3438.0,1509.0,1720.0,1721.0,1723.0
0.0,12979.0,5117.0,5165.0,5562.0,7236.0,2889.0,2343.0,2004.0,1721.0,1721.0,1723.0,1700.0,1715.0,1702.0,4150.0,3446.0,5383.0,2889.0,2343.0,2004.0,1721.0,1721.0,1723.0
0.0,13424.0,5204.0,5168.0,7677.0,4775.0,1905.0,630.0,2240.0,1722.0,1722.0,1724.0,1742.0,1721.0,1741.0,3995.0,4541.0,4888.0,1905.0,630.0,2240.0,1722.0,1722.0,1724.0
0.0,15897.0,5205.0,5171.0,7236.0,2756.0,747.0,18.0,1991.0,1723.0,1722.0,1726.0,1727.0,1731.0,1747.0,4983.0,6258.0,4656.0,747.0,18.0,1991.0,1723.0,1722.0,1726.0
0.0,17928.0,5089.0,5168.0,4775.0,3058.0,528.0,1068.0,1462.0,1722.0,1721.0,1725.0,1690.0,1684.0,1715.0,6145.0,6870.0,4913.0,528.0,1068.0,1462.0,1722.0,1721.0,1725.0
0.0,17614.0,5208.0,5171.0,2756.0,5522.0,1531.0,2771.0,1220.0,1724.0,1721.0,1726.0,1742.0,1721.0,1745.0,6360.0,5816.0,5438.0,1531.0,2771.0,1220.0,1724.0,1721.0,1726.0
0.0,15162.0,5168.0,5169.0,3058.0,7624.0,2735.0,3405.0,1484.0,1723.0,1720.0,1726.0,1736.0,1706.0,1726.0,5365.0,4113.0,5684.0,2735.0,3405.0,1484.0,1723.0,1720.0,1726.0
0.0,13052.0,5148.0,5169.0,5522.0,7250.0,2949.0,2341.0,1960.0,1724.0,1720.0,1725.0,1741.0,1707.0,1700.0,4157.0,3475.0,5420.0,2949.0,2341.0,1960.0,1724.0,1720.0,1725.0
0.0,13426.0,5178.0,5170.0,7624.0,4808.0,1959.0,622.0,2227.0,1725.0,1719.0,1726.0,1741.0,1690.0,1747.0,3947.0,4539.0,4940.0,1959.0,622.0,2227.0,1725.0,1719.0,1726.0
0.0,15872.0,5251.0,5169.0,7250.0,2808.0,785.0,0.0,2023.0,1725.0,1718.0,1726.0,1775.0,1720.0,1756.0,4941.0,6254.0,4677.0,785.0,0.0,2023.0,1725.0,1718.0,1726.0
0.0,17871.0,5272.0,5172.0,4808.0,3281.0,582.0,1116.0,1583.0,1726.0,1719.0,1727.0,1752.0,1737.0,1783.0,6115.0,6875.0,4881.0,582.0,1116.0,1583.0,1726.0,1719.0,1727.0
0.0,17407.0,5283.0,5173.0,2808.0,5760.0,1548.0,2875.0,1337.0,1726.0,1720.0,1727.0,1751.0,1755.0,1777.0,6322.0,5760.0,5325.0,1548.0,2875.0,1337.0,1726.0,1720.0,1727.0
0.0,14932.0,5276.0,5174.0,3281.0,7759.0,2739.0,3484.0,1536.0,1726.0,1720.0,1728.0,1773.0,1725.0,1778.0,5356.0,4005.0,5571.0,2739.0,3484.0,1536.0,1726.0,1720.0,1728.0
0.0,12937.0,5206.0,5174.0,5760.0,7205.0,2949.0,2341.0,1915.0,1726.0,1720.0,1728.0,1758.0,1732.0,1716.0,4165.0,3396.0,5376.0,2949.0,2341.0,1915.0,1726.0,1720.0,1728.0
0.0,13491.0,5355.0,5178.0,7759.0,4817.0,1996.0,645.0,2176.0,1727.0,1722.0,1729.0,1782.0,1780.0,1793.0,3955.0,4539.0,4997.0,1996.0,645.0,2176.0,1727.0,1722.0,1729.0
0.0,15895.0,5343.0,5180.0,7205.0,2963.0,836.0,80.0,2047.0,1728.0,1723.0,1729.0,1785.0,1772.0,1786.0,4912.0,6243.0,4740.0,836.0,80.0,2047.0,1728.0,1723.0,1729.0
0.0,17757.0,5235.0,5181.0,4817.0,3385.0,593.0,1162.0,1630.0,1729.0,1722.0,1730.0,1749.0,1731.0,1755.0,6076.0,6812.0,4869.0,593.0,1162.0,1630.0,1729.0,1722.0,1730.0
0.0,17339.0,5291.0,5185.0,2963.0,5729.0,1523.0,2848.0,1358.0,1730.0,1724.0,1731.0,1762.0,1758.0,1771.0,6323.0,5726.0,5290.0,1523.0,2848.0,1358.0,1730.0,1724.0,1731.0
0.0,15011.0,5257.0,5186.0,3385.0,7605.0,2691.0,3440.0,1474.0,1730.0,1725.0,1731.0,1761.0,1750.0,1746.0,5397.0,4048.0,5566.0,2691.0,3440.0,1474.0,1730.0,1725.0,1731.0
0.0,13139.0,5249.0,5188.0,5729.0,7133.0,2923.0,2353.0,1857.0,1731.0,1726.0,1731.0,1751.0,1757.0,1741.0,4229.0,3460.0,5450.0,2923.0,2353.0,1857.0,1731.0,1726.0,1731.0
0.0,13619.0,5195.0,5188.0,7605.0,4723.0,1945.0,676.0,2102.0,1731.0,1727.0,1730.0,1713.0,1759.0,1723.0,4001.0,4551.0,5067.0,1945.0,676.0,2102.0,1731.0,1727.0,1730.0
0.0,16029.0,5333.0,5191.0,7133.0,2935.0,799.0,142.0,1994.0,1732.0,1729.0,1730.0,1773.0,1811.0,1749.0,4979.0,6232.0,4818.0,799.0,142.0,1994.0,1732.0,1729.0,1730.0
0.0,17829.0,5342.0,5196.0,4723.0,3574.0,626.0,1284.0,1664.0,1733.0,1732.0,1731.0,1768.0,1806.0,1768.0,6129.0,6774.0,4926.0,626.0,1284.0,1664.0,1733.0,1732.0,1731.0
0.0,17210.0,5242.0,5199.0,2935.0,5893.0,1571.0,2909.0,1413.0,1734.0,1733.0,1732.0,1740.0,1763.0,1739.0,6306.0,5644.0,5260.0,1571.0,2909.0,1413.0,1734.0,1733.0,1732.0
0.0,14903.0,5293.0,5201.0,3574.0,7620.0,2694.0,3427.0,1499.0,1735.0,1734.0,1732.0,1745.0,1798.0,1750.0,5365.0,4023.0,5515.0,2694.0,3427.0,1499.0,1735.0,1734.0,1732.0
0.0,13184.0,5220.0,5202.0,5893.0,6951.0,2860.0,2265.0,1826.0,1735.0,1735.0,1732.0,1737.0,1743.0,1740.0,4246.0,3509.0,5429.0,2860.0,2265.0,1826.0,1735.0,1735.0,1732.0
0.0,13857.0,5142.0,5199.0,7620.0,4461.0,1881.0,574.0,2006.0,1734.0,1734.0,1731.0,1719.0,1740.0,1683.0,4080.0,4675.0,5102.0,1881.0,574.0,2006.0,1734.0,1734.0,1731.0
0.0,16335.0,5241.0,5201.0,6951.0,2759.0,761.0,82.0,1916.0,1735.0,1735.0,1731.0,1736.0,1769.0,1736.0,5055.0,6362.0,4918.0,761.0,82.0,1916.0,1735.0,1735.0,1731.0
0.0,18045.0,5143.0,5202.0,4461.0,3445.0,585.0,1245.0,1615.0,1735.0,1736.0,1731.0,1705.0,1733.0,1705.0,6179.0,6858.0,5008.0,585.0,1245.0,1615.0,1735.0,1736.0,1731.0
0.0,17363.0,5205.0,5205.0,2759.0,5903.0,1563.0,2921.0,1419.0,1736.0,1737.0,1732.0,1735.0,1754.0,1716.0,6355.0,5699.0,5309.0,1563.0,2921.0,1419.0,1736.0,1737.0,1732.0
0.0,14917.0,5234.0,5208.0,3445.0,7704.0,2737.0,3435.0,1532.0,1737.0,1738.0,1733.0,1755.0,1755.0,1724.0,5381.0,4027.0,5509.0,2737.0,3435.0,1532.0,1737.0,1738.0,1733.0
0.0,13128.0,5229.0,5208.0,5903.0,7030.0,2915.0,2264.0,1851.0,1737.0,1738.0,1733.0,1741.0,1750.0,1738.0,4211.0,3517.0,5400.0,2915.0,2264.0,1851.0,1737.0,1738.0,1733.0
0.0,13802.0,5212.0,5208.0,7704.0,4538.0,1920.0,584.0,2034.0,1737.0,1738.0,1733.0,1742.0,1755.0,1715.0,4033.0,4688.0,5081.0,1920.0,584.0,2034.0,1737.0,1738.0,1733.0
0.0,16294.0,5273.0,5211.0,7030.0,2793.0,807.0,83.0,1903.0,1739.0,1739.0,1733.0,1794.0,1759.0,1720.0,5028.0,6368.0,4898.0,807.0,83.0,1903.0,1739.0,1739.0,1733.0
0.0,18051.0,5313.0,5211.0,4538.0,3568.0,686.0,1272.0,1610.0,1739.0,1739.0,1733.0,1799.0,1773.0,1741.0,6149.0,6873.0,5029.0,686.0,1272.0,1610.0,1739.0,1739.0,1733.0
0.0,17276.0,5093.0,5211.0,2793.0,5868.0,1589.0,2878.0,1401.0,1739.0,1739.0,1733.0,1710.0,1689.0,1694.0,6270.0,5684.0,5322.0,1589.0,2878.0,1401.0,1739.0,1739.0,1733.0
0.0,14976.0,5204.0,5214.0,3568.0,7516.0,2666.0,3339.0,1511.0,1740.0,1740.0,1734.0,1759.0,1729.0,1716.0,5367.0,4078.0,5531.0,2666.0,3339.0,1511.0,1740.0,1740.0,1734.0
0.0,13340.0,5220.0,5214.0,5868.0,6868.0,2821.0,2197.0,1850.0,1740.0,1740.0,1734.0,1744.0,1736.0,1740.0,4294.0,3621.0,5425.0,2821.0,2197.0,1850.0,1740.0,1740.0,1734.0
0.0,13988.0,5201.0,5214.0,7516.0,4553.0,1909.0,565.0,2079.0,1740.0,1740.0,1734.0,1754.0,1707.0,1740.0,4139.0,4763.0,5086.0,1909.0,565.0,2079.0,1740.0,1740.0,1734.0
0.0,16303.0,5174.0,5214.0,6868.0,2859.0,852.0,76.0,1931.0,1741.0,1739.0,1734.0,1760.0,1712.0,1702.0,5051.0,6395.0,4857.0,852.0,76.0,1931.0,1741.0,1739.0,1734.0
0.0,17997.0,5254.0,5216.0,4553.0,3568.0,730.0,1259.0,1579.0,1742.0,1740.0,1734.0,1783.0,1744.0,1727.0,6112.0,6880.0,5005.0,730.0,1259.0,1579.0,1742.0,1740.0,1734.0
0.0,17296.0,5259.0,5217.0,2859.0,5972.0,1646.0,2922.0,1404.0,1743.0,1739.0,1735.0,1764.0,1743.0,1752.0,6238.0,5701.0,5357.0,1646.0,2922.0,1404.0,1743.0,1739.0,1735.0
0.0,14896.0,5201.0,5217.0,3568.0,7605.0,2661.0,3377.0,1567.0,1743.0,1739.0,1735.0,1745.0,1714.0,1742.0,5326.0,4034.0,5536.0,2661.0,3377.0,1567.0,1743.0,1739.0,1735.0
0.0,13263.0,5114.0,5216.0,5972.0,6743.0,2704.0,2145.0,1894.0,1742.0,1738.0,1736.0,1693.0,1694.0,1727.0,4311.0,3579.0,5373.0,2704.0,2145.0,1894.0,1742.0,1738.0,1736.0
0.0,14121.0,5245.0,5217.0,7605.0,4387.0,1779.0,500.0,2108.0,1742.0,1738.0,1737.0,1736.0,1732.0,1777.0,4264.0,4807.0,5050.0,1779.0,500.0,2108.0,1742.0,1738.0,1737.0
0.0,16481.0,5185.0,5219.0,6743.0,2837.0,802.0,74.0,1961.0,1743.0,1738.0,1738.0,1723.0,1719.0,1743.0,5189.0,6452.0,4840.0,802.0,74.0,1961.0,1743.0,1738.0,1738.0
0.0,18039.0,5303.0,5220.0,4387.0,3757.0,790.0,1331.0,1636.0,1743.0,1738.0,1739.0,1767.0,1757.0,1779.0,6170.0,6878.0,4991.0,790.0,1331.0,1636.0,1743.0,1738.0,1739.0
0.0,17123.0,5183.0,5221.0,2837.0,6107.0,1733.0,2954.0,1420.0,1744.0,1738.0,1739.0,1741.0,1697.0,1745.0,6182.0,5621.0,5320.0,1733.0,2954.0,1420.0,1744.0,1738.0,1739.0
0.0,14777.0,5267.0,5223.0,3757.0,7625.0,2701.0,3385.0,1539.0,1745.0,1738.0,1740.0,1754.0,1762.0,1751.0,5243.0,3998.0,5536.0,2701.0,3385.0,1539.0,1745.0,1738.0,1740.0
0.0,13267.0,5276.0,5224.0,6107.0,6798.0,2724.0,2190.0,1884.0,1745.0,1739.0,1740.0,1756.0,1755.0,1765.0,4279.0,3567.0,5421.0,2724.0,2190.0,1884.0,1745.0,1739.0,1740.0
0.0,14098.0,5230.0,5227.0,7625.0,4415.0,1766.0,553.0,2096.0,1746.0,1740.0,1741.0,1739.0,1744.0,1747.0,4256.0,4766.0,5076.0,1766.0,553.0,2096.0,1746.0,1740.0,1741.0
0.0,16493.0,5190.0,5226.0,6798.0,2803.0,762.0,74.0,1967.0,1746.0,1739.0,1741.0,1720.0,1715.0,1755.0,5218.0,6407.0,4868.0,762.0,74.0,1967.0,1746.0,1739.0,1741.0
0.0,18101.0,5274.0,5227.0,4415.0,3666.0,757.0,1262.0,1647.0,1747.0,1739.0,1741.0,1757.0,1741.0,1776.0,6222.0,6882.0,4997.0,757.0,1262.0,1647.0,1747.0,1739.0,1741.0
0.0,17242.0,5242.0,5230.0,2803.0,6117.0,1760.0,2931.0,1426.0,1748.0,1740.0,1742.0,1761.0,1739.0,1742.0,6231.0,5694.0,5317.0,1760.0,2931.0,1426.0,1748.0,1740.0,1742.0
0.0,14803.0,5296.0,5231.0,3666.0,7751.0,2770.0,3448.0,1533.0,1748.0,1741.0,1742.0,1767.0,1775.0,1754.0,5232.0,4029.0,5542.0,2770.0,3448.0,1533.0,1748.0,1741.0,1742.0
0.0,13173.0,5231.0,5232.0,6117.0,6869.0,2729.0,2265.0,1875.0,1748.0,1741.0,1743.0,1719.0,1748.0,1764.0,4222.0,3516.0,5435.0,2729.0,2265.0,1875.0,1748.0,1741.0,1743.0
0.0,14059.0,5395.0,5238.0,7751.0,4537.0,1743.0,643.0,2151.0,1750.0,1744.0,1744.0,1776.0,1814.0,1805.0,4263.0,4699.0,5097.0,1743.0,643.0,2151.0,1750.0,1744.0,1744.0
0.0,16415.0,5297.0,5239.0,6869.0,2969.0,788.0,134.0,2047.0,1750.0,1744.0,1745.0,1774.0,1756.0,1767.0,5257.0,6333.0,4825.0,788.0,134.0,2047.0,1750.0,1744.0,1745.0
0.0,17987.0,5393.0,5244.0,4537.0,3845.0,827.0,1294.0,1724.0,1751.0,1746.0,1747.0,1778.0,1795.0,1820.0,6212.0,6842.0,4933.0,827.0,1294.0,1724.0,1751.0,1746.0,1747.0
0.0,17131.0,5308.0,5247.0,2969.0,6196.0,1826.0,2905.0,1465.0,1752.0,1747.0,1748.0,1783.0,1741.0,1784.0,6177.0,5690.0,5264.0,1826.0,2905.0,1465.0,1752.0,1747.0,1748.0
0.0,14792.0,5318.0,5250.0,3845.0,7681.0,2791.0,3369.0,1521.0,1753.0,1748.0,1749.0,1788.0,1754.0,1776.0,5182.0,4083.0,5527.0,2791.0,3369.0,1521.0,1753.0,1748.0,1749.0
0.0,13319.0,5221.0,5249.0,6196.0,6702.0,2711.0,2195.0,1796.0,1752.0,1748.0,1749.0,1750.0,1731.0,1740.0,4221.0,3623.0,5475.0,2711.0,2195.0,1796.0,1752.0,1748.0,1749.0
0.0,14294.0,5251.0,5248.0,7681.0,4268.0,1656.0,568.0,2044.0,1752.0,1748.0,1748.0,1736.0,1742.0,1773.0,4297.0,4797.0,5200.0,1656.0,568.0,2044.0,1752.0,1748.0,1748.0
0.0,16724.0,5358.0,5250.0,6702.0,2932.0,734.0,181.0,2017.0,1753.0,1749.0,1748.0,1785.0,1804.0,1769.0,5352.0,6424.0,4948.0,734.0,181.0,2017.0,1753.0,1749.0,1748.0
0.0,18068.0,5405.0,5253.0,4268.0,4081.0,904.0,1428.0,1749.0,1754.0,1751.0,1748.0,1822.0,1807.0,1776.0,6278.0,6815.0,4975.0,904.0,1428.0,1749.0,1754.0,1751.0,1748.0
0.0,16931.0,5360.0,5255.0,2932.0,6517.0,1965.0,3037.0,1515.0,1754.0,1752.0,1749.0,1795.0,1786.0,1779.0,6112.0,5576.0,5243.0,1965.0,3037.0,1515.0,1754.0,1752.0,1749.0
0.0,14503.0,5316.0,5255.0,4081.0,7752.0,2839.0,3375.0,1538.0,1754.0,1752.0,1749.0,1778.0,1766.0,1772.0,5051.0,3971.0,5481.0,2839.0,3375.0,1538.0,1754.0,1752.0,1749.0
0.0,13268.0,5325.0,5254.0,6517.0,6556.0,2662.0,2130.0,1764.0,1754.0,1752.0,1748.0,1788.0,1792.0,1745.0,4177.0,3633.0,5458.0,2662.0,2130.0,1764.0,1754.0,1752.0,1748.0
0.0,14460.0,5412.0,5258.0,7752.0,4232.0,1624.0,572.0,2036.0,1755.0,1754.0,1749.0,1797.0,1809.0,1806.0,4354.0,4878.0,5228.0,1624.0,572.0,2036.0,1755.0,1754.0,1749.0
0.0,16800.0,5294.0,5258.0,6556.0,2970.0,739.0,189.0,2042.0,1756.0,1753.0,1749.0,1773.0,1751.0,1770.0,5396.0,6444.0,4960.0,739.0,189.0,2042.0,1756.0,1753.0,1749.0
0.0,18062.0,5274.0,5259.0,4232.0,4016.0,873.0,1378.0,1765.0,1756.0,1754.0,1749.0,1758.0,1757.0,1759.0,6285.0,6823.0,4954.0,873.0,1378.0,1765.0,1756.0,1754.0,1749.0
0.0,17020.0,5273.0,5259.0,2970.0,6319.0,1896.0,2938.0,1485.0,1756.0,1753.0,1750.0,1762.0,1753.0,1758.0,6151.0,5638.0,5231.0,1896.0,2938.0,1485.0,1756.0,1753.0,1750.0
0.0,14717.0,5317.0,5262.0,4016.0,7632.0,2799.0,3342.0,1491.0,1757.0,1754.0,1751.0,1772.0,1778.0,1767.0,5128.0,4074.0,5515.0,2799.0,3342.0,1491.0,1757.0,1754.0,1751.0
0.0,13416.0,5395.0,5262.0,6319.0,6708.0,2692.0,2212.0,1804.0,1757.0,1754.0,1751.0,1789.0,1808.0,1798.0,4229.0,3674.0,5513.0,2692.0,2212.0,1804.0,1757.0,1754.0,1751.0
0.0,14340.0,5277.0,5261.0,7632.0,4349.0,1656.0,633.0,2060.0,1757.0,1753.0,1751.0,1763.0,1767.0,1747.0,4336.0,4804.0,5200.0,1656.0,633.0,2060.0,1757.0,1753.0,1751.0
0.0,16695.0,5207.0,5261.0,6708.0,2848.0,713.0,162.0,1973.0,1757.0,1753.0,1751.0,1749.0,1741.0,1717.0,5372.0,6379.0,4944.0,713.0,162.0,1973.0,1757.0,1753.0,1751.0
0.0,18196.0,5309.0,5261.0,4349.0,3808.0,830.0,1285.0,1693.0,1758.0,1752.0,1751.0,1769.0,1760.0,1780.0,6315.0,6850.0,5031.0,830.0,1285.0,1693.0,1758.0,1752.0,1751.0
0.0,17236.0,5327.0,5262.0,2848.0,6291.0,1880.0,2887.0,1524.0,1758.0,1752.0,1752.0,1763.0,1764.0,1800.0,6202.0,5723.0,5311.0,1880.0,2887.0,1524.0,1758.0,1752.0,1752.0
0.0,14757.0,5307.0,5266.0,3808.0,7806.0,2811.0,3398.0,1597.0,1759.0,1753.0,1754.0,1757.0,1792.0,1758.0,5152.0,4121.0,5484.0,2811.0,3398.0,1597.0,1759.0,1753.0,1754.0
0.0,13258.0,5261.0,5266.0,6291.0,6776.0,2689.0,2259.0,1828.0,1759.0,1753.0,1754.0,1758.0,1748.0,1755.0,4225.0,3614.0,5419.0,2689.0,2259.0,1828.0,1759.0,1753.0,1754.0
0.0,14288.0,5235.0,5268.0,7806.0,4213.0,1633.0,595.0,1985.0,1760.0,1753.0,1755.0,1751.0,1734.0,1750.0,4347.0,4753.0,5188.0,1633.0,595.0,1985.0,1760.0,1753.0,1755.0
0.0,16859.0,5340.0,5270.0,6776.0,2785.0,719.0,121.0,1945.0,1761.0,1753.0,1756.0,1771.0,1785.0,1784.0,5407.0,6417.0,5035.0,719.0,121.0,1945.0,1761.0,1753.0,1756.0
0.0,18295.0,5316.0,5272.0,4213.0,3896.0,860.0,1314.0,1722.0,1761.0,1754.0,1757.0,1774.0,1784.0,1758.0,6325.0,6891.0,5079.0,860.0,1314.0,1722.0,1761.0,1754.0,1757.0
0.0,17192.0,5292.0,5274.0,2785.0,6411.0,1901.0,2956.0,1554.0,1762.0,1754.0,1758.0,1756.0,1763.0,1773.0,6184.0,5702.0,5306.0,1901.0,2956.0,1554.0,1762.0,1754.0,1758.0
0.0,14685.0,5368.0,5277.0,3896.0,7895.0,2841.0,3431.0,1623.0,1763.0,1755.0,1759.0,1796.0,1785.0,1787.0,5147.0,4060.0,5478.0,2841.0,3431.0,1623.0,1763.0,1755.0,1759.0
0.0,13213.0,5282.0,5276.0,6411.0,6762.0,2696.0,2265.0,1801.0,1762.0,1755.0,1759.0,1760.0,1790.0,1732.0,4211.0,3589.0,5413.0,2696.0,2265.0,1801.0,1762.0,1755.0,1759.0
0.0,14342.0,5319.0,5277.0,7895.0,4190.0,1614.0,623.0,1953.0,1761.0,1756.0,1760.0,1763.0,1785.0,1771.0,4352.0,4755.0,5235.0,1614.0,623.0,1953.0,1761.0,1756.0,1760.0
0.0,16918.0,5306.0,5281.0,6762.0,2750.0,708.0,125.0,1917.0,1763.0,1757.0,1761.0,1782.0,1763.0,1761.0,5430.0,6401.0,5087.0,708.0,125.0,1917.0,1763.0,1757.0,1761.0
0.0,18374.0,5294.0,5283.0,4190.0,3862.0,866.0,1275.0,1721.0,1763.0,1758.0,1762.0,1772.0,1769.0,1753.0,6344.0,6903.0,5127.0,866.0,1275.0,1721.0,1763.0,1758.0,1762.0
0.0,17270.0,5387.0,5286.0,2750.0,6511.0,1964.0,2938.0,1609.0,1764.0,1759.0,1763.0,1802.0,1784.0,1801.0,6186.0,5757.0,5327.0,1964.0,2938.0,1609.0,1764.0,1759.0,1763.0
0.0,14633.0,5306.0,5288.0,3862.0,7963.0,2886.0,3431.0,1646.0,1765.0,1760.0,1763.0,1784.0,1764.0,1758.0,5092.0,4098.0,5443.0,2886.0,3431.0,1646.0,1765.0,1760.0,1763.0
0.0,13189.0,5275.0,5289.0,6511.0,6731.0,2671.0,2271.0,1789.0,1764.0,1761.0,1764.0,1753.0,1774.0,1748.0,4174.0,3609.0,5406.0,2671.0,2271.0,1789.0,1764.0,1761.0,1764.0
0.0,14425.0,5360.0,5292.0,7963.0,4140.0,1584.0,624.0,1932.0,1765.0,1762.0,1765.0,1795.0,1780.0,1785.0,4385.0,4773.0,5267.0,1584.0,624.0,1932.0,1765.0,1762.0,1765.0
0.0,17028.0,5275.0,5293.0,6731.0,2688.0,684.0,91.0,1913.0,1765.0,1762.0,1766.0,1771.0,1738.0,1766.0,5476.0,6424.0,5128.0,684.0,91.0,1913.0,1765.0,1762.0,1766.0
0.0,18484.0,5395.0,5296.0,4140.0,3955.0,908.0,1263.0,1784.0,1766.0,1763.0,1767.0,1804.0,1792.0,1799.0,6376.0,6957.0,5151.0,908.0,1263.0,1784.0,1766.0,1763.0,1767.0
0.0,17229.0,5386.0,5301.0,2688.0,6673.0,2019.0,2990.0,1664.0,1768.0,1765.0,1768.0,1787.0,1810.0,1789.0,6156.0,5789.0,5284.0,2019.0,2990.0,1664.0,1768.0,1765.0,1768.0
0.0,14531.0,5345.0,5304.0,3955.0,8075.0,2895.0,3530.0,1650.0,1769.0,1767.0,1768.0,1780.0,1795.0,1770.0,5053.0,4070.0,5408.0,2895.0,3530.0,1650.0,1769.0,1767.0,1768.0
0.0,13141.0,5342.0,5306.0,6673.0,6752.0,2664.0,2324.0,1764.0,1770.0,1768.0,1768.0,1784.0,1780.0,1778.0,4181.0,3538.0,5422.0,2664.0,2324.0,1764.0,1770.0,1768.0,1768.0
0.0,14472.0,5291.0,5305.0,8075.0,3964.0,1510.0,567.0,1887.0,1769.0,1768.0,1768.0,1745.0,1773.0,1773.0,4416.0,4748.0,5308.0,1510.0,567.0,1887.0,1769.0,1768.0,1768.0
0.0,17256.0,5265.0,5307.0,6752.0,2485.0,586.0,8.0,1891.0,1769.0,1769.0,1769.0,1740.0,1761.0,1764.0,5566.0,6505.0,5185.0,586.0,8.0,1891.0,1769.0,1769.0,1769.0
0.0,18743.0,5427.0,5310.0,3964.0,3960.0,878.0,1261.0,1821.0,1770.0,1770.0,1770.0,1798.0,1816.0,1813.0,6490.0,7068.0,5185.0,878.0,1261.0,1821.0,1770.0,1770.0,1770.0
0.0,17280.0,5406.0,5313.0,2485.0,6893.0,2087.0,3058.0,1748.0,1771.0,1771.0,1771.0,1791.0,1801.0,1814.0,6202.0,5819.0,5259.0,2087.0,3058.0,1748.0,1771.0,1771.0,1771.0
0.0,14359.0,5353.0,5315.0,3960.0,8294.0,2966.0,3582.0,1746.0,1771.0,1772.0,1772.0,1757.0,1781.0,1815.0,4997.0,4026.0,5336.0,2966.0,3582.0,1746.0,1771.0,1772.0,1772.0
0.0,12966.0,5323.0,5318.0,6893.0,6736.0,2664.0,2296.0,1776.0,1772.0,1773.0,1773.0,1781.0,1768.0,1774.0,4118.0,3506.0,5342.0,2664.0,2296.0,1776.0,1772.0,1773.0,1773.0
0.0,14536.0,5437.0,5321.0,8294.0,3891.0,1506.0,520.0,1865.0,1773.0,1774.0,1774.0,1804.0,1802.0,1831.0,4424.0,4796.0,5316.0,1506.0,520.0,1865.0,1773.0,1774.0,1774.0
0.0,17393.0,5387.0,5323.0,6736.0,2550.0,650.0,27.0,1873.0,1774.0,1775.0,1774.0,1804.0,1799.0,1784.0,5586.0,6576.0,5231.0,650.0,27.0,1873.0,1774.0,1775.0,1774.0
0.0,18742.0,5356.0,5325.0,3891.0,4023.0,913.0,1299.0,1811.0,1774.0,1776.0,1775.0,1769.0,1788.0,1799.0,6446.0,7073.0,5223.0,913.0,1299.0,1811.0,1774.0,1776.0,1775.0
0.0,17277.0,5376.0,5328.0,2550.0,6861.0,2048.0,3085.0,1728.0,1775.0,1777.0,1776.0,1781.0,1809.0,1786.0,6183.0,5805.0,5289.0,2048.0,3085.0,1728.0,1775.0,1777.0,1776.0
0.0,14451.0,5320.0,5327.0,4023.0,8154.0,2904.0,3538.0,1712.0,1775.0,1776.0,1776.0,1769.0,1756.0,1795.0,5052.0,4023.0,5376.0,2904.0,3538.0,1712.0,1775.0,1776.0,1776.0
0.0,13154.0,5398.0,5329.0,6861.0,6699.0,2660.0,2261.0,1778.0,1776.0,1777.0,1776.0,1800.0,1804.0,1794.0,4196.0,3566.0,5392.0,2660.0,2261.0,1778.0,1776.0,1777.0,1776.0
0.0,14617.0,5404.0,5328.0,8154.0,3945.0,1548.0,512.0,1885.0,1776.0,1776.0,1776.0,1792.0,1793.0,1819.0,4444.0,4847.0,5326.0,1548.0,512.0,1885.0,1776.0,1776.0,1776.0
0.0,17367.0,5291.0,5328.0,6699.0,2548.0,653.0,0.0,1895.0,1776.0,1776.0,1776.0,1765.0,1738.0,1788.0,5556.0,6592.0,5219.0,653.0,0.0,1895.0,1776.0,1776.0,1776.0
0.0,18775.0,5377.0,5329.0,3945.0,3973.0,909.0,1269.0,1795.0,1776.0,1777.0,1776.0,1804.0,1788.0,1785.0,6451.0,7115.0,5209.0,909.0,1269.0,1795.0,1776.0,1777.0,1776.0
0.0,17343.0,5390.0,5332.0,2548.0,6827.0,2062.0,3064.0,1701.0,1777.0,1778.0,1777.0,1802.0,1791.0,1797.0,6195.0,5839.0,5309.0,2062.0,3064.0,1701.0,1777.0,1778.0,1777.0
0.0,14501.0,5434.0,5336.0,3973.0,8304.0,2987.0,3601.0,1716.0,1779.0,1779.0,1778.0,1826.0,1802.0,1806.0,5046.0,4048.0,5407.0,2987.0,3601.0,1716.0,1779.0,1779.0,1778.0
0.0,13040.0,5438.0,5338.0,6827.0,6923.0,2775.0,2318.0,1830.0,1780.0,1779.0,1779.0,1846.0,1781.0,1811.0,4129.0,3515.0,5396.0,2775.0,2318.0,1830.0,1780.0,1779.0,1779.0
0.0,14429.0,5314.0,5336.0,8304.0,3925.0,1592.0,467.0,1866.0,1780.0,1778.0,1778.0,1804.0,1754.0,1756.0,4345.0,4798.0,5286.0,1592.0,467.0,1866.0,1780.0,1778.0,1778.0
0.0,17419.0,5450.0,5337.0,6923.0,2496.0,653.0,0.0,1843.0,1780.0,1778.0,1779.0,1836.0,1811.0,1803.0,5528.0,6645.0,5246.0,653.0,0.0,1843.0,1780.0,1778.0,1779.0
0.0,18892.0,5478.0,5341.0,3925.0,4025.0,919.0,1305.0,1801.0,1782.0,1779.0,1780.0,1850.0,1808.0,1820.0,6467.0,7152.0,5273.0,919.0,1305.0,1801.0,1782.0,1779.0,1780.0
0.0,17339.0,5376.0,5342.0,2496.0,6909.0,2075.0,3090.0,1744.0,1782.0,1779.0,1781.0,1809.0,1785.0,1782.0,6209.0,5811.0,5319.0,2075.0,3090.0,1744.0,1782.0,1779.0,1781.0
0.0,14459.0,5381.0,5340.0,4025.0,8257.0,2959.0,3558.0,1740.0,1782.0,1778.0,1780.0,1803.0,1777.0,1801.0,5053.0,4026.0,5380.0,2959.0,3558.0,1740.0,1782.0,1778.0,1780.0
0.0,13103.0,5381.0,5343.0,6909.0,6741.0,2700.0,2284.0,1757.0,1783.0,1780.0,1780.0,1812.0,1808.0,1761.0,4169.0,3554.0,5380.0,2700.0,2284.0,1757.0,1783.0,1780.0,1780.0
0.0,14631.0,5380.0,5345.0,8257.0,3872.0,1533.0,512.0,1827.0,1784.0,1780.0,1781.0,1788.0,1786.0,1806.0,4432.0,4836.0,5363.0,1533.0,512.0,1827.0,1784.0,1780.0,1781.0
0.0,17508.0,5449.0,5348.0,6741.0,2592.0,684.0,37.0,1871.0,1785.0,1781.0,1782.0,1847.0,1805.0,1797.0,5603.0,6608.0,5297.0,684.0,37.0,1871.0,1785.0,1781.0,1782.0
0.0,18800.0,5399.0,5349.0,3872.0,4123.0,971.0,1314.0,1838.0,1786.0,1781.0,1782.0,1816.0,1789.0,1794.0,6456.0,7087.0,5257.0,971.0,1314.0,1838.0,1786.0,1781.0,1782.0
0.0,17273.0,5332.0,5348.0,2592.0,6859.0,2042.0,3065.0,1752.0,1785.0,1781.0,1782.0,1759.0,1788.0,1785.0,6173.0,5810.0,5290.0,2042.0,3065.0,1752.0,1785.0,1781.0,1782.0
0.0,14533.0,5423.0,5351.0,4123.0,8171.0,2864.0,3578.0,1729.0,1786.0,1782.0,1783.0,1789.0,1823.0,1811.0,5098.0,4059.0,5376.0,2864.0,3578.0,1729.0,1786.0,1782.0,1783.0
0.0,13233.0,5478.0,5356.0,6859.0,6810.0,2646.0,2332.0,1832.0,1787.0,1783.0,1786.0,1820.0,1815.0,1843.0,4280.0,3550.0,5403.0,2646.0,2332.0,1832.0,1787.0,1783.0,1786.0
0.0,14614.0,5342.0,5358.0,8171.0,3989.0,1574.0,527.0,1888.0,1788.0,1784.0,1786.0,1788.0,1769.0,1785.0,4502.0,4800.0,5312.0,1574.0,527.0,1888.0,1788.0,1784.0,1786.0
0.0,17443.0,5327.0,5357.0,6810.0,2523.0,701.0,0.0,1822.0,1788.0,1784.0,1785.0,1773.0,1784.0,1770.0,5578.0,6609.0,5256.0,701.0,0.0,1822.0,1788.0,1784.0,1785.0
0.0,18926.0,5432.0,5359.0,3989.0,3953.0,914.0,1295.0,1744.0,1788.0,1785.0,1786.0,1787.0,1839.0,1806.0,6451.0,7157.0,5318.0,914.0,1295.0,1744.0,1788.0,1785.0,1786.0
0.0,17483.0,5375.0,5362.0,2523.0,6817.0,2008.0,3098.0,1711.0,1789.0,1786.0,1787.0,1791.0,1799.0,1785.0,6238.0,5845.0,5400.0,2008.0,3098.0,1711.0,1789.0,1786.0,1787.0
0.0,14631.0,5465.0,5366.0,3953.0,8345.0,2900.0,3649.0,1796.0,1790.0,1788.0,1788.0,1802.0,1838.0,1825.0,5148.0,4046.0,5437.0,2900.0,3649.0,1796.0,1790.0,1788.0,1788.0
0.0,13119.0,5362.0,5367.0,6817.0,6894.0,2660.0,2337.0,1897.0,1790.0,1788.0,1789.0,1768.0,1786.0,1808.0,4260.0,3503.0,5356.0,2660.0,2337.0,1897.0,1790.0,1788.0,1789.0
0.0,14574.0,5524.0,5371.0,8345.0,4089.0,1626.0,525.0,1938.0,1792.0,1789.0,1790.0,1858.0,1833.0,1833.0,4500.0,4815.0,5259.0,1626.0,525.0,1938.0,1792.0,1789.0,1790.0
0.0,17395.0,5432.0,5374.0,6894.0,2639.0,784.0,17.0,1838.0,1793.0,1790.0,1791.0,1814.0,1825.0,1793.0,5542.0,6631.0,5222.0,784.0,17.0,1838.0,1793.0,1790.0,1791.0
0.0,18857.0,5396.0,5374.0,4089.0,3946.0,956.0,1283.0,1707.0,1793.0,1790.0,1791.0,1798.0,1791.0,1807.0,6388.0,7143.0,5326.0,956.0,1283.0,1707.0,1793.0,1790.0,1791.0
0.0,17550.0,5385.0,5376.0,2639.0,6700.0,1962.0,3080.0,1658.0,1793.0,1791.0,1792.0,1790.0,1810.0,1785.0,6216.0,5877.0,5457.0,1962.0,3080.0,1658.0,1793.0,1791.0,1792.0
0.0,14804.0,5419.0,5377.0,3946.0,8177.0,2805.0,3625.0,1747.0,1794.0,1791.0,1792.0,1795.0,1828.0,1796.0,5210.0,4084.0,5510.0,2805.0,3625.0,1747.0,1794.0,1791.0,1792.0
0.0,13331.0,5519.0,5382.0,6700.0,7016.0,2673.0,2392.0,1951.0,1795.0,1793.0,1794.0,1826.0,1839.0,1854.0,4371.0,3539.0,5421.0,2673.0,2392.0,1951.0,1795.0,1793.0,1794.0
0.0,14512.0,5413.0,5384.0,8177.0,4260.0,1694.0,559.0,2007.0,1796.0,1793.0,1795.0,1822.0,1792.0,1799.0,4507.0,4780.0,5225.0,1694.0,559.0,2007.0,1796.0,1793.0,1795.0
0.0,17276.0,5371.0,5383.0,7016.0,2649.0,803.0,0.0,1846.0,1795.0,1793.0,1795.0,1786.0,1795.0,1790.0,5490.0,6613.0,5173.0,803.0,0.0,1846.0,1795.0,1793.0,1795.0
0.0,18921.0,5321.0,5383.0,4260.0,3672.0,891.0,1160.0,1621.0,1795.0,1793.0,1795.0,1782.0,1757.0,1782.0,6377.0,7210.0,5334.0,891.0,1160.0,1621.0,1795.0,1793.0,1795.0
0.0,17860.0,5369.0,5386.0,2649.0,6404.0,1874.0,2952.0,1578.0,1796.0,1794.0,1796.0,1782.0,1788.0,1799.0,6289.0,6012.0,5559.0,1874.0,2952.0,1578.0,1796.0,1794.0,1796.0
0.0,15140.0,5431.0,5387.0,3672.0,8167.0,2806.0,3584.0,1777.0,1796.0,1794.0,1797.0,1823.0,1792.0,1816.0,5310.0,4224.0,5606.0,2806.0,3584.0,1777.0,1796.0,1794.0,1797.0
0.0,13381.0,5403.0,5390.0,6404.0,7178.0,2721.0,2445.0,2012.0,1797.0,1795.0,1798.0,1785.0,1809.0,1809.0,4378.0,3592.0,5411.0,2721.0,2445.0,2012.0,1797.0,1795.0,1798.0
0.0,14382.0,5386.0,5389.0,8167.0,4393.0,1701.0,640.0,2052.0,1796.0,1795.0,1798.0,1790.0,1779.0,1817.0,4467.0,4735.0,5180.0,1701.0,640.0,2052.0,1796.0,1795.0,1798.0
0.0,17163.0,5406.0,5390.0,7178.0,2673.0,820.0,0.0,1853.0,1797.0,1794.0,1799.0,1836.0,1761.0,1809.0,5483.0,6540.0,5140.0,820.0,0.0,1853.0,1797.0,1794.0,1799.0
0.0,18935.0,5354.0,5391.0,4393.0,3590.0,910.0,1085.0,1595.0,1798.0,1794.0,1799.0,1787.0,1773.0,1794.0,6368.0,7224.0,5343.0,910.0,1085.0,1595.0,1798.0,1794.0,1799.0
0.0,17974.0,5384.0,5391.0,2673.0,6301.0,1886.0,2878.0,1537.0,1798.0,1794.0,1799.0,1796.0,1793.0,1795.0,6282.0,6091.0,5601.0,1886.0,2878.0,1537.0,1798.0,1794.0,1799.0
0.0,15263.0,5296.0,5390.0,3590.0,8003.0,2746.0,3543.0,1714.0,1798.0,1793.0,1799.0,1770.0,1754.0,1772.0,5306.0,4298.0,5659.0,2746.0,3543.0,1714.0,1798.0,1793.0,1799.0
0.0,13557.0,5513.0,5396.0,6301.0,7239.0,2688.0,2516.0,2035.0,1800.0,1795.0,1801.0,1820.0,1843.0,1850.0,4446.0,3629.0,5482.0,2688.0,2516.0,2035.0,1800.0,1795.0,1801.0
0.0,14345.0,5333.0,5394.0,8003.0,4561.0,1701.0,748.0,2112.0,1799.0,1794.0,1801.0,1763.0,1779.0,1791.0,4512.0,4664.0,5169.0,1701.0,748.0,2112.0,1799.0,1794.0,1801.0
0.0,17015.0,5419.0,5394.0,7239.0,2741.0,806.0,37.0,1898.0,1799.0,1794.0,1801.0,1793.0,1805.0,1821.0,5495.0,6428.0,5092.0,806.0,37.0,1898.0,1799.0,1794.0,1801.0
0.0,18835.0,5337.0,5394.0,4561.0,3517.0,893.0,1064.0,1560.0,1800.0,1794.0,1800.0,1784.0,1775.0,1778.0,6390.0,7139.0,5306.0,893.0,1064.0,1560.0,1800.0,1794.0,1800.0
0.0,18059.0,5357.0,5395.0,2741.0,6137.0,1859.0,2819.0,1459.0,1800.0,1795.0,1800.0,1772.0,1788.0,1797.0,6307.0,6112.0,5640.0,1859.0,2819.0,1459.0,1800.0,1795.0,1800.0
0.0,15443.0,5323.0,5392.0,3517.0,7931.0,2741.0,3532.0,1658.0,1799.0,1794.0,1799.0,1779.0,1781.0,1763.0,5341.0,4361.0,5741.0,2741.0,3532.0,1658.0,1799.0,1794.0,1799.0
0.0,13637.0,5567.0,5396.0,6137.0,7377.0,2750.0,2559.0,2068.0,1800.0,1795.0,1801.0,1864.0,1842.0,1861.0,4455.0,3644.0,5538.0,2750.0,2559.0,2068.0,1800.0,1795.0,1801.0
0.0,14207.0,5345.0,5396.0,7931.0,4791.0,1778.0,795.0,2218.0,1800.0,1795.0,1801.0,1769.0,1768.0,1808.0,4450.0,4621.0,5136.0,1778.0,795.0,2218.0,1800.0,1795.0,1801.0
0.0,16793.0,5399.0,5396.0,7377.0,2813.0,803.0,23.0,1987.0,1800.0,1794.0,1802.0,1775.0,1791.0,1833.0,5422.0,6385.0,4986.0,803.0,23.0,1987.0,1800.0,1794.0,1802.0
0.0,18771.0,5410.0,5398.0,4791.0,3440.0,844.0,1029.0,1567.0,1801.0,1795.0,1802.0,1815.0,1797.0,1798.0,6397.0,7153.0,5221.0,844.0,1029.0,1567.0,1801.0,1795.0,1802.0
0.0,18152.0,5395.0,5398.0,2813.0,6022.0,1825.0,2820.0,1377.0,1801.0,1795.0,1802.0,1784.0,1814.0,1797.0,6360.0,6151.0,5641.0,1825.0,2820.0,1377.0,1801.0,1795.0,1802.0
0.0,15570.0,5406.0,5398.0,3440.0,7988.0,2779.0,3603.0,1606.0,1801.0,1796.0,1801.0,1798.0,1808.0,1800.0,5379.0,4360.0,5831.0,2779.0,3603.0,1606.0,1801.0,1796.0,1801.0
0.0,13604.0,5473.0,5401.0,6022.0,7451.0,2801.0,2594.0,2056.0,1802.0,1797.0,1802.0,1843.0,1807.0,1823.0,4425.0,3581.0,5598.0,2801.0,2594.0,2056.0,1802.0,1797.0,1802.0
0.0,14153.0,5457.0,5403.0,7988.0,4928.0,1846.0,826.0,2256.0,1803.0,1798.0,1802.0,1820.0,1831.0,1806.0,4407.0,4594.0,5152.0,1846.0,826.0,2256.0,1803.0,1798.0,1802.0
0.0,16684.0,5369.0,5402.0,7451.0,2842.0,830.0,24.0,1988.0,1802.0,1798.0,1802.0,1789.0,1792.0,1788.0,5366.0,6366.0,4952.0,830.0,24.0,1988.0,1802.0,1798.0,1802.0
0.0,18766.0,5580.0,5405.0,4928.0,3506.0,843.0,1078.0,1585.0,1803.0,1799.0,1803.0,1855.0,1876.0,1849.0,6378.0,7168.0,5220.0,843.0,1078.0,1585.0,1803.0,1799.0,1803.0
0.0,18114.0,5517.0,5406.0,2842.0,6185.0,1871.0,2893.0,1421.0,1803.0,1800.0,1803.0,1858.0,1835.0,1824.0,6369.0,6118.0,5627.0,1871.0,2893.0,1421.0,1803.0,1800.0,1803.0
0.0,15439.0,5455.0,5409.0,3506.0,8146.0,2848.0,3646.0,1652.0,1803.0,1802.0,1804.0,1820.0,1823.0,1812.0,5341.0,4307.0,5791.0,2848.0,3646.0,1652.0,1803.0,1802.0,1804.0
0.0,13490.0,5440.0,5409.0,6185.0,7401.0,2814.0,2576.0,2011.0,1803.0,1802.0,1804.0,1837.0,1823.0,1780.0,4364.0,3562.0,5564.0,2814.0,2576.0,2011.0,1803.0,1802.0,1804.0
0.0,14235.0,5475.0,5409.0,8146.0,4730.0,1813.0,749.0,2168.0,1803.0,1802.0,1804.0,1847.0,1819.0,1809.0,4398.0,4632.0,5205.0,1813.0,749.0,2168.0,1803.0,1802.0,1804.0
0.0,16906.0,5443.0,5411.0,7401.0,2780.0,823.0,0.0,1957.0,1804.0,1803.0,1804.0,1820.0,1823.0,1800.0,5399.0,6459.0,5048.0,823.0,0.0,1957.0,1804.0,1803.0,1804.0
0.0,18864.0,5421.0,5412.0,4730.0,3475.0,810.0,1072.0,1593.0,1804.0,1804.0,1804.0,1800.0,1817.0,1804.0,6393.0,7212.0,5259.0,810.0,1072.0,1593.0,1804.0,1804.0,1804.0
0.0,18173.0,5374.0,5411.0,2780.0,6065.0,1776.0,2890.0,1399.0,1803.0,1804.0,1804.0,1793.0,1818.0,1763.0,6406.0,6144.0,5623.0,1776.0,2890.0,1399.0,1803.0,1804.0,1804.0
0.0,15579.0,5431.0,5412.0,3475.0,8025.0,2781.0,3643.0,1601.0,1804.0,1804.0,1804.0,1811.0,1825.0,1795.0,5436.0,4326.0,5817.0,2781.0,3643.0,1601.0,1804.0,1804.0,1804.0
0.0,13623.0,5415.0,5412.0,6065.0,7375.0,2804.0,2579.0,1992.0,1803.0,1805.0,1804.0,1803.0,1822.0,1790.0,4435.0,3573.0,5615.0,2804.0,2579.0,1992.0,1803.0,1805.0,1804.0
0.0,14273.0,5503.0,5413.0,8025.0,4857.0,1869.0,783.0,2205.0,1803.0,1806.0,1804.0,1846.0,1843.0,1814.0,4408.0,4641.0,5224.0,1869.0,783.0,2205.0,1803.0,1806.0,1804.0
0.0,16795.0,5495.0,5417.0,7375.0,2993.0,904.0,64.0,2025.0,1805.0,1807.0,1805.0,1831.0,1856.0,1808.0,5343.0,6441.0,5011.0,904.0,64.0,2025.0,1805.0,1807.0,1805.0
0.0,18675.0,5505.0,5419.0,4857.0,3649.0,873.0,1145.0,1631.0,1806.0,1808.0,1805.0,1834.0,1860.0,1811.0,6316.0,7164.0,5195.0,873.0,1145.0,1631.0,1806.0,1808.0,1805.0
0.0,18027.0,5451.0,5418.0,2993.0,6103.0,1787.0,2903.0,1413.0,1806.0,1808.0,1804.0,1818.0,1822.0,1811.0,6351.0,6087.0,5589.0,1787.0,2903.0,1413.0,1806.0,1808.0,1804.0
0.0,15569.0,5527.0,5420.0,3649.0,7989.0,2746.0,3604.0,1639.0,1806.0,1809.0,1805.0,1832.0,1842.0,1853.0,5437.0,4329.0,5803.0,2746.0,3604.0,1639.0,1806.0,1809.0,1805.0
0.0,13691.0,5608.0,5427.0,6103.0,7522.0,2798.0,2597.0,2127.0,1808.0,1811.0,1808.0,1831.0,1888.0,1889.0,4478.0,3632.0,5581.0,2798.0,2597.0,2127.0,1808.0,1811.0,1808.0
0.0,14186.0,5471.0,5427.0,7989.0,5004.0,1883.0,803.0,2318.0,1808.0,1811.0,1808.0,1831.0,1810.0,1830.0,4434.0,4647.0,5105.0,1883.0,803.0,2318.0,1808.0,1811.0,1808.0
0.0,16704.0,5533.0,5431.0,7522.0,3031.0,922.0,54.0,2055.0,1809.0,1812.0,1810.0,1833.0,1844.0,1856.0,5349.0,6441.0,4914.0,922.0,54.0,2055.0,1809.0,1812.0,1810.0
0.0,18693.0,5387.0,5429.0,5004.0,3406.0,832.0,1049.0,1525.0,1809.0,1811.0,1809.0,1793.0,1802.0,1792.0,6314.0,7194.0,5185.0,832.0,1049.0,1525.0,1809.0,1811.0,1809.0
0.0,18310.0,5495.0,5431.0,3031.0,5878.0,1754.0,2818.0,1306.0,1810.0,1812.0,1809.0,1840.0,1819.0,1836.0,6404.0,6195.0,5711.0,1754.0,2818.0,1306.0,1810.0,1812.0,1809.0
0.0,15846.0,5384.0,5429.0,3406.0,7848.0,2733.0,3529.0,1586.0,1810.0,1810.0,1809.0,1811.0,1768.0,1805.0,5486.0,4430.0,5930.0,2733.0,3529.0,1586.0,1810.0,1810.0,1809.0
0.0,13868.0,5416.0,5429.0,5878.0,7386.0,2799.0,2507.0,2080.0,1810.0,1810.0,1809.0,1820.0,1796.0,1800.0,4507.0,3711.0,5650.0,2799.0,2507.0,2080.0,1810.0,1810.0,1809.0
0.0,14330.0,5410.0,5429.0,7848.0,4948.0,1859.0,775.0,2314.0,1810.0,1810.0,1809.0,1793.0,1797.0,1820.0,4441.0,4733.0,5156.0,1859.0,775.0,2314.0,1810.0,1810.0,1809.0
0.0,16768.0,5354.0,5427.0,7386.0,2908.0,838.0,47.0,2023.0,1809.0,1809.0,1809.0,1782.0,1783.0,1789.0,5381.0,6465.0,4922.0,838.0,47.0,2023.0,1809.0,1809.0,1809.0
0.0,18800.0,5418.0,5429.0,4948.0,3386.0,802.0,1057.0,1527.0,1810.0,1809.0,1810.0,1819.0,1785.0,1814.0,6398.0,7189.0,5213.0,802.0,1057.0,1527.0,1810.0,1809.0,1810.0
0.0,18330.0,5540.0,5429.0,2908.0,6018.0,1812.0,2856.0,1350.0,1810.0,1809.0,1810.0,1848.0,1846.0,1846.0,6438.0,6179.0,5713.0,1812.0,2856.0,1350.0,1810.0,1809.0,1810.0
0.0,15698.0,5519.0,5431.0,3386.0,8159.0,2856.0,3641.0,1662.0,1811.0,1810.0,1810.0,1842.0,1838.0,1839.0,5428.0,4380.0,5890.0,2856.0,3641.0,1662.0,1811.0,1810.0,1810.0
0.0,13565.0,5415.0,5432.0,6018.0,7560.0,2848.0,2579.0,2133.0,1811.0,1810.0,1811.0,1804.0,1794.0,1817.0,4388.0,3599.0,5578.0,2848.0,2579.0,2133.0,1811.0,1810.0,1811.0
0.0,14168.0,5318.0,5431.0,8159.0,4715.0,1781.0,680.0,2254.0,1811.0,1809.0,1811.0,1789.0,1746.0,1783.0,4396.0,4661.0,5111.0,1781.0,680.0,2254.0,1811.0,1809.0,1811.0
0.0,17009.0,5560.0,5435.0,7560.0,2766.0,768.0,0.0,1998.0,1812.0,1811.0,1812.0,1831.0,1856.0,1873.0,5463.0,6556.0,4990.0,768.0,0.0,1998.0,1812.0,1811.0,1812.0
0.0,19009.0,5467.0,5435.0,4715.0,3483.0,806.0,1111.0,1566.0,1812.0,1811.0,1812.0,1819.0,1826.0,1822.0,6480.0,7279.0,5250.0,806.0,1111.0,1566.0,1812.0,1811.0,1812.0
0.0,18257.0,5381.0,5435.0,2766.0,6098.0,1825.0,2904.0,1369.0,1812.0,1811.0,1812.0,1787.0,1793.0,1801.0,6442.0,6133.0,5682.0,1825.0,2904.0,1369.0,1812.0,1811.0,1812.0
0.0,15642.0,5461.0,5437.0,3483.0,8084.0,2842.0,3629.0,1613.0,1813.0,1812.0,1812.0,1819.0,1832.0,1810.0,5423.0,4340.0,5879.0,2842.0,3629.0,1613.0,1813.0,1812.0,1812.0
0.0,13664.0,5436.0,5437.0,6098.0,7422.0,2826.0,2530.0,2066.0,1812.0,1813.0,1812.0,1813.0,1801.0,1822.0,4410.0,3619.0,5635.0,2826.0,2530.0,2066.0,1812.0,1813.0,1812.0
0.0,14326.0,5436.0,5439.0,8084.0,4782.0,1773.0,716.0,2293.0,1812.0,1814.0,1813.0,1789.0,1811.0,1836.0,4422.0,4722.0,5182.0,1773.0,716.0,2293.0,1812.0,1814.0,1813.0
0.0,16974.0,5498.0,5441.0,7422.0,2866.0,790.0,37.0,2039.0,1813.0,1815.0,1813.0,1839.0,1847.0,1812.0,5475.0,6540.0,4959.0,790.0,37.0,2039.0,1813.0,1815.0,1813.0
0.0,18898.0,5455.0,5444.0,4782.0,3551.0,812.0,1141.0,1598.0,1813.0,1816.0,1815.0,1795.0,1816.0,1844.0,6462.0,7223.0,5213.0,812.0,1141.0,1598.0,1813.0,1816.0,1815.0
0.0,18225.0,5520.0,5444.0,2866.0,6205.0,1876.0,2950.0,1379.0,1814.0,1816.0,1814.0,1850.0,1846.0,1824.0,6440.0,6123.0,5662.0,1876.0,2950.0,1379.0,1814.0,1816.0,1814.0
0.0,15571.0,5579.0,5450.0,3551.0,8257.0,2916.0,3695.0,1646.0,1816.0,1818.0,1816.0,1844.0,1878.0,1857.0,5380.0,4314.0,5877.0,2916.0,3695.0,1646.0,1816.0,1818.0,1816.0
0.0,13543.0,5463.0,5449.0,6205.0,7511.0,2873.0,2564.0,2074.0,1816.0,1818.0,1815.0,1833.0,1819.0,1811.0,4348.0,3577.0,5618.0,2873.0,2564.0,2074.0,1816.0,1818.0,1815.0
0.0,14285.0,5482.0,5452.0,8257.0,4748.0,1780.0,722.0,2246.0,1817.0,1819.0,1816.0,1819.0,1849.0,1814.0,4391.0,4708.0,5186.0,1780.0,722.0,2246.0,1817.0,1819.0,1816.0
0.0,17060.0,5465.0,5455.0,7511.0,2714.0,715.0,13.0,1986.0,1818.0,1821.0,1816.0,1804.0,1847.0,1814.0,5488.0,6554.0,5018.0,715.0,13.0,1986.0,1818.0,1821.0,1816.0
0.0,19106.0,5368.0,5456.0,4748.0,3338.0,707.0,1097.0,1534.0,1818.0,1821.0,1817.0,1772.0,1806.0,1790.0,6557.0,7271.0,5278.0,707.0,1097.0,1534.0,1818.0,1821.0,1817.0
0.0,18486.0,5507.0,5455.0,2714.0,6127.0,1799.0,2960.0,1368.0,1817.0,1822.0,1816.0,1811.0,1872.0,1824.0,6565.0,6187.0,5734.0,1799.0,2960.0,1368.0,1817.0,1822.0,1816.0
0.0,15693.0,5414.0,5456.0,3338.0,8207.0,2883.0,3687.0,1637.0,1817.0,1823.0,1816.0,1791.0,1820.0,1803.0,5469.0,4328.0,5896.0,2883.0,3687.0,1637.0,1817.0,1823.0,1816.0
0.0,13617.0,5423.0,5457.0,6127.0,7507.0,2898.0,2536.0,2073.0,1818.0,1823.0,1816.0,1810.0,1809.0,1804.0,4385.0,3605.0,5627.0,2898.0,2536.0,2073.0,1818.0,1823.0,1816.0
0.0,14321.0,5489.0,5458.0,8207.0,4793.0,1848.0,687.0,2258.0,1818.0,1824.0,1816.0,1833.0,1834.0,1822.0,4374.0,4756.0,5191.0,1848.0,687.0,2258.0,1818.0,1824.0,1816.0
0.0,17039.0,5463.0,5459.0,7507.0,2774.0,784.0,0.0,1990.0,1819.0,1824.0,1816.0,1830.0,1828.0,1805.0,5424.0,6609.0,5006.0,784.0,0.0,1990.0,1819.0,1824.0,1816.0
0.0,19083.0,5464.0,5459.0,4793.0,3424.0,767.0,1126.0,1531.0,1819.0,1824.0,1816.0,1831.0,1834.0,1799.0,6492.0,7317.0,5274.0,767.0,1126.0,1531.0,1819.0,1824.0,1816.0
0.0,18412.0,5510.0,5461.0,2774.0,6168.0,1837.0,2969.0,1362.0,1820.0,1825.0,1816.0,1850.0,1839.0,1821.0,6509.0,6170.0,5733.0,1837.0,2969.0,1362.0,1820.0,1825.0,1816.0
0.0,15676.0,5508.0,5461.0,3424.0,8252.0,2925.0,3682.0,1645.0,1820.0,1825.0,1816.0,1855.0,1839.0,1814.0,5443.0,4331.0,5902.0,2925.0,3682.0,1645.0,1820.0,1825.0,1816.0
0.0,13592.0,5670.0,5468.0,6168.0,7782.0,3012.0,2615.0,2155.0,1823.0,1827.0,1818.0,1912.0,1894.0,1864.0,4355.0,3618.0,5619.0,3012.0,2615.0,2155.0,1823.0,1827.0,1818.0
0.0,14090.0,5428.0,5464.0,8252.0,4942.0,1922.0,697.0,2323.0,1822.0,1825.0,1817.0,1839.0,1772.0,1817.0,4280.0,4693.0,5117.0,1922.0,697.0,2323.0,1822.0,1825.0,1817.0
0.0,16914.0,5452.0,5464.0,7782.0,2722.0,745.0,0.0,1977.0,1822.0,1825.0,1817.0,1835.0,1808.0,1809.0,5366.0,6603.0,4945.0,745.0,0.0,1977.0,1822.0,1825.0,1817.0
0.0,19244.0,5438.0,5463.0,4942.0,3104.0,655.0,993.0,1456.0,1822.0,1824.0,1817.0,1832.0,1804.0,1802.0,6543.0,7410.0,5291.0,655.0,993.0,1456.0,1822.0,1824.0,1817.0
0.0,18748.0,5491.0,5465.0,2722.0,5881.0,1774.0,2802.0,1305.0,1823.0,1824.0,1818.0,1860.0,1809.0,1822.0,6633.0,6303.0,5812.0,1774.0,2802.0,1305.0,1823.0,1824.0,1818.0
0.0,15979.0,5400.0,5463.0,3104.0,8169.0,2942.0,3608.0,1619.0,1822.0,1824.0,1817.0,1827.0,1799.0,1774.0,5518.0,4494.0,5967.0,2942.0,3608.0,1619.0,1822.0,1824.0,1817.0
0.0,13683.0,5532.0,5465.0,5881.0,7828.0,3020.0,2655.0,2153.0,1823.0,1824.0,1818.0,1848.0,1849.0,1835.0,4346.0,3688.0,5649.0,3020.0,2655.0,2153.0,1823.0,1824.0,1818.0
0.0,14032.0,5451.0,5465.0,8169.0,5110.0,1922.0,855.0,2333.0,1824.0,1824.0,1817.0,1840.0,1808.0,1803.0,4272.0,4641.0,5119.0,1922.0,855.0,2333.0,1824.0,1824.0,1817.0
0.0,16750.0,5418.0,5465.0,7828.0,2717.0,735.0,0.0,1982.0,1824.0,1823.0,1818.0,1833.0,1787.0,1798.0,5374.0,6441.0,4935.0,735.0,0.0,1982.0,1824.0,1823.0,1818.0
0.0,19160.0,5463.0,5467.0,5110.0,3061.0,657.0,915.0,1489.0,1825.0,1823.0,1819.0,1840.0,1787.0,1836.0,6561.0,7309.0,5290.0,657.0,915.0,1489.0,1825.0,1823.0,1819.0
0.0,18807.0,5576.0,5469.0,2717.0,5928.0,1798.0,2763.0,1367.0,1826.0,1823.0,1820.0,1872.0,1848.0,1856.0,6643.0,6377.0,5787.0,1798.0,2763.0,1367.0,1826.0,1823.0,1820.0
0.0,15948.0,5454.0,5468.0,3061.0,8317.0,2948.0,3675.0,1694.0,1825.0,1823.0,1820.0,1811.0,1827.0,1816.0,5506.0,4529.0,5913.0,2948.0,3675.0,1694.0,1825.0,1823.0,1820.0
0.0,13555.0,5518.0,5470.0,5928.0,7915.0,2989.0,2761.0,2165.0,1826.0,1823.0,1821.0,1835.0,1849.0,1834.0,4352.0,3617.0,5586.0,2989.0,2761.0,2165.0,1826.0,1823.0,1821.0
0.0,13965.0,5596.0,5470.0,8317.0,5194.0,1902.0,926.0,2366.0,1826.0,1822.0,1822.0,1861.0,1844.0,1891.0,4315.0,4531.0,5119.0,1902.0,926.0,2366.0,1826.0,1822.0,1822.0
0.0,16686.0,5525.0,5472.0,7915.0,2812.0,753.0,10.0,2049.0,1826.0,1823.0,1823.0,1840.0,1841.0,1844.0,5402.0,6362.0,4922.0,753.0,10.0,2049.0,1826.0,1823.0,1823.0
0.0,19076.0,5575.0,5473.0,5194.0,3197.0,714.0,937.0,1546.0,1827.0,1823.0,1823.0,1859.0,1853.0,1863.0,6551.0,7282.0,5243.0,714.0,937.0,1546.0,1827.0,1823.0,1823.0
0.0,18695.0,5520.0,5471.0,2812.0,5897.0,1778.0,2772.0,1347.0,1827.0,1822.0,1822.0,1817.0,1849.0,1854.0,6594.0,6355.0,5746.0,1778.0,2772.0,1347.0,1827.0,1822.0,1822.0
0.0,15987.0,5594.0,5473.0,3197.0,8302.0,2930.0,3696.0,1676.0,1827.0,1823.0,1823.0,1866.0,1857.0,1871.0,5530.0,4516.0,5941.0,2930.0,3696.0,1676.0,1827.0,1823.0,1823.0
0.0,13590.0,5556.0,5473.0,5897.0,7961.0,2986.0,2783.0,2192.0,1827.0,1823.0,1823.0,1834.0,1859.0,1863.0,4378.0,3596.0,5616.0,2986.0,2783.0,2192.0,1827.0,1823.0,1823.0
0.0,13931.0,5483.0,5476.0,8302.0,5154.0,1885.0,910.0,2359.0,1828.0,1824.0,1824.0,1825.0,1819.0,1839.0,4322.0,4509.0,5100.0,1885.0,910.0,2359.0,1828.0,1824.0,1824.0
0.0,16750.0,5539.0,5477.0,7961.0,2774.0,733.0,0.0,2041.0,1828.0,1824.0,1825.0,1834.0,1835.0,1870.0,5427.0,6386.0,4937.0,733.0,0.0,2041.0,1828.0,1824.0,1825.0
0.0,19172.0,5493.0,5479.0,5154.0,3083.0,661.0,880.0,1542.0,1828.0,1825.0,1826.0,1813.0,1824.0,1856.0,6579.0,7334.0,5259.0,661.0,880.0,1542.0,1828.0,1825.0,1826.0
0.0,18833.0,5579.0,5482.0,2774.0,5900.0,1770.0,2754.0,1376.0,1828.0,1827.0,1827.0,1842.0,1866.0,1871.0,6651.0,6420.0,5762.0,1770.0,2754.0,1376.0,1828.0,1827.0,1827.0
0.0,16028.0,5615.0,5486.0,3083.0,8448.0,2986.0,3750.0,1712.0,1830.0,1828.0,1828.0,1869.0,1872.0,1874.0,5542.0,4554.0,5932.0,2986.0,3750.0,1712.0,1830.0,1828.0,1828.0
0.0,13496.0,5602.0,5491.0,5900.0,8170.0,3064.0,2871.0,2235.0,1831.0,1830.0,1830.0,1844.0,1867.0,1891.0,4334.0,3562.0,5600.0,3064.0,2871.0,2235.0,1831.0,1830.0,1830.0
0.0,13794.0,5449.0,5491.0,8448.0,5171.0,1897.0,934.0,2340.0,1831.0,1830.0,1830.0,1819.0,1813.0,1817.0,4260.0,4449.0,5085.0,1897.0,934.0,2340.0,1831.0,1830.0,1830.0
0.0,16793.0,5640.0,5493.0,8170.0,2693.0,701.0,0.0,1992.0,1831.0,1831.0,1831.0,1868.0,1889.0,1883.0,5427.0,6386.0,4980.0,701.0,0.0,1992.0,1831.0,1831.0,1831.0
0.0,19323.0,5659.0,5497.0,5171.0,3153.0,679.0,897.0,1577.0,1832.0,1832.0,1833.0,1871.0,1871.0,1917.0,6623.0,7368.0,5332.0,679.0,897.0,1577.0,1832.0,1832.0,1833.0
0.0,18835.0,5634.0,5501.0,2693.0,6110.0,1878.0,2759.0,1473.0,1834.0,1833.0,1834.0,1892.0,1858.0,1884.0,6649.0,6431.0,5755.0,1878.0,2759.0,1473.0,1834.0,1833.0,1834.0
0.0,15894.0,5596.0,5506.0,3153.0,8573.0,3052.0,3739.0,1782.0,1835.0,1835.0,1836.0,1849.0,1869.0,1878.0,5458.0,4573.0,5863.0,3052.0,3739.0,1782.0,1835.0,1835.0,1836.0
0.0,13451.0,5504.0,5505.0,6110.0,7963.0,3005.0,2811.0,2147.0,1835.0,1835.0,1835.0,1831.0,1831.0,1842.0,4288.0,3601.0,5562.0,3005.0,2811.0,2147.0,1835.0,1835.0,1835.0
0.0,14057.0,5540.0,5506.0,8573.0,4934.0,1793.0,905.0,2236.0,1835.0,1835.0,1836.0,1840.0,1833.0,1867.0,4335.0,4529.0,5193.0,1793.0,905.0,2236.0,1835.0,1835.0,1836.0
0.0,17090.0,5545.0,5509.0,7963.0,2567.0,628.0,0.0,1939.0,1836.0,1836.0,1837.0,1836.0,1863.0,1846.0,5547.0,6435.0,5108.0,628.0,0.0,1939.0,1836.0,1836.0,1837.0
0.0,19508.0,5536.0,5511.0,4934.0,3138.0,680.0,919.0,1539.0,1837.0,1837.0,1837.0,1841.0,1859.0,1836.0,6716.0,7383.0,5409.0,680.0,919.0,1539.0,1837.0,1837.0,1837.0
0.0,18906.0,5526.0,5513.0,2567.0,6105.0,1892.0,2766.0,1447.0,1837.0,1838.0,1838.0,1840.0,1843.0,1843.0,6668.0,6429.0,5809.0,1892.0,2766.0,1447.0,1837.0,1838.0,1838.0
0.0,15947.0,5512.0,5514.0,3138.0,8483.0,3059.0,3685.0,1739.0,1838.0,1838.0,1838.0,1843.0,1838.0,1831.0,5456.0,4586.0,5905.0,3059.0,3685.0,1739.0,1838.0,1838.0,1838.0
0.0,13573.0,5493.0,5514.0,6105.0,7871.0,3006.0,2756.0,2109.0,1838.0,1838.0,1838.0,1839.0,1837.0,1817.0,4293.0,3667.0,5613.0,3006.0,2756.0,2109.0,1838.0,1838.0,1838.0
0.0,14185.0,5576.0,5516.0,8483.0,4972.0,1786.0,944.0,2242.0,1839.0,1839.0,1838.0,1835.0,1869.0,1872.0,4346.0,4596.0,5243.0,1786.0,944.0,2242.0,1839.0,1839.0,1838.0
0.0,17092.0,5594.0,5518.0,7871.0,2703.0,667.0,27.0,2009.0,1840.0,1839.0,1839.0,1883.0,1839.0,1872.0,5570.0,6412.0,5110.0,667.0,27.0,2009.0,1840.0,1839.0,1839.0
0.0,19369.0,5504.0,5516.0,4972.0,3227.0,733.0,911.0,1583.0,1840.0,1838.0,1838.0,1852.0,1832.0,1820.0,6693.0,7329.0,5347.0,733.0,911.0,1583.0,1840.0,1838.0,1838.0
0.0,18837.0,5523.0,5517.0,2703.0,6051.0,1899.0,2728.0,1424.0,1840.0,1838.0,1839.0,1833.0,1844.0,1846.0,6627.0,6441.0,5769.0,1899.0,2728.0,1424.0,1840.0,1838.0,1839.0
0.0,16017.0,5535.0,5518.0,3227.0,8363.0,3011.0,3656.0,1696.0,1840.0,1838.0,1840.0,1845.0,1839.0,1851.0,5461.0,4624.0,5932.0,3011.0,3656.0,1696.0,1840.0,1838.0,1840.0
0.0,13709.0,5583.0,5520.0,6051.0,7903.0,2981.0,2782.0,2140.0,1841.0,1838.0,1841.0,1865.0,1854.0,1864.0,4349.0,3696.0,5664.0,2981.0,2782.0,2140.0,1841.0,1838.0,1841.0
0.0,14177.0,5473.0,5522.0,8363.0,5021.0,1802.0,952.0,2267.0,1842.0,1839.0,1841.0,1828.0,1822.0,1823.0,4383.0,4570.0,5224.0,1802.0,952.0,2267.0,1842.0,1839.0,1841.0
0.0,17067.0,5527.0,5523.0,7903.0,2649.0,657.0,11.0,1981.0,1843.0,1838.0,1842.0,1832.0,1845.0,1850.0,5566.0,6404.0,5097.0,657.0,11.0,1981.0,1843.0,1838.0,1842.0
0.0,19443.0,5576.0,5526.0,5021.0,3216.0,721.0,926.0,1569.0,1844.0,1839.0,1843.0,1862.0,1863.0,1851.0,6715.0,7341.0,5387.0,721.0,926.0,1569.0,1844.0,1839.0,1843.0
0.0,18888.0,5645.0,5530.0,2649.0,6228.0,1955.0,2806.0,1467.0,1846.0,1840.0,1844.0,1883.0,1887.0,1875.0,6655.0,6430.0,5803.0,1955.0,2806.0,1467.0,1846.0,1840.0,1844.0
0.0,15892.0,5613.0,5532.0,3216.0,8633.0,3105.0,3753.0,1775.0,1846.0,1841.0,1845.0,1871.0,1869.0,1873.0,5429.0,4554.0,5909.0,3105.0,3753.0,1775.0,1846.0,1841.0,1845.0
0.0,13495.0,5520.0,5534.0,6228.0,7933.0,3008.0,2782.0,2143.0,1847.0,1841.0,1846.0,1854.0,1835.0,1831.0,4279.0,3611.0,5605.0,3008.0,2782.0,2143.0,1847.0,1841.0,1846.0
0.0,14203.0,5594.0,5537.0,8633.0,4906.0,1779.0,899.0,2228.0,1848.0,1842.0,1847.0,1872.0,1866.0,1856.0,4380.0,4582.0,5241.0,1779.0,899.0,2228.0,1848.0,1842.0,1847.0
0.0,17242.0,5620.0,5539.0,7933.0,2601.0,639.0,14.0,1948.0,1848.0,1843.0,1848.0,1868.0,1893.0,1859.0,5613.0,6469.0,5160.0,639.0,14.0,1948.0,1848.0,1843.0,1848.0
0.0,19555.0,5572.0,5539.0,4906.0,3267.0,718.0,968.0,1581.0,1848.0,1843.0,1848.0,1858.0,1853.0,1861.0,6753.0,7358.0,5444.0,718.0,968.0,1581.0,1848.0,1843.0,1848.0
0.0,18889.0,5554.0,5537.0,2601.0,6212.0,1934.0,2800.0,1478.0,1847.0,1842.0,1848.0,1859.0,1850.0,1845.0,6674.0,6404.0,5811.0,1934.0,2800.0,1478.0,1847.0,1842.0,1848.0
0.0,15936.0,5582.0,5541.0,3267.0,8543.0,3084.0,3704.0,1755.0,1848.0,1844.0,1849.0,1864.0,1864.0,1854.0,5454.0,4568.0,5914.0,3084.0,3704.0,1755.0,1848.0,1844.0,1849.0
0.0,13621.0,5559.0,5542.0,6212.0,7894.0,3016.0,2755.0,2123.0,1848.0,1845.0,1849.0,1866.0,1847.0,1846.0,4308.0,3672.0,5641.0,3016.0,2755.0,2123.0,1848.0,1845.0,1849.0
0.0,14274.0,5601.0,5546.0,8543.0,4968.0,1811.0,923.0,2234.0,1849.0,1846.0,1851.0,1875.0,1868.0,1858.0,4376.0,4625.0,5273.0,1811.0,923.0,2234.0,1849.0,1846.0,1851.0
0.0,17216.0,5626.0,5548.0,7894.0,2708.0,663.0,73.0,1972.0,1849.0,1848.0,1851.0,1868.0,1897.0,1861.0,5585.0,6461.0,5170.0,663.0,73.0,1972.0,1849.0,1848.0,1851.0
0.0,19484.0,5591.0,5552.0,4968.0,3347.0,722.0,1032.0,1593.0,1850.0,1849.0,1853.0,1866.0,1878.0,1847.0,6733.0,7319.0,5432.0,722.0,1032.0,1593.0,1850.0,1849.0,1853.0
0.0,18861.0,5693.0,5554.0,2708.0,6340.0,1980.0,2873.0,1487.0,1851.0,1850.0,1853.0,1917.0,1910.0,1866.0,6678.0,6364.0,5819.0,1980.0,2873.0,1487.0,1851.0,1850.0,1853.0
0.0,15876.0,5623.0,5559.0,3347.0,8636.0,3127.0,3741.0,1768.0,1852.0,1852.0,1855.0,1865.0,1892.0,1866.0,5424.0,4527.0,5925.0,3127.0,3741.0,1768.0,1852.0,1852.0,1855.0
0.0,13600.0,5667.0,5563.0,6340.0,7979.0,3048.0,2776.0,2155.0,1853.0,1854.0,1856.0,1897.0,1900.0,1870.0,4281.0,3667.0,5652.0,3048.0,2776.0,2155.0,1853.0,1854.0,1856.0
0.0,14273.0,5635.0,5566.0,8636.0,4990.0,1775.0,932.0,2283.0,1853.0,1856.0,1857.0,1854.0,1889.0,1892.0,4364.0,4640.0,5269.0,1775.0,932.0,2283.0,1853.0,1856.0,1857.0
0.0,17274.0,5694.0,5569.0,7979.0,2717.0,609.0,91.0,2017.0,1853.0,1858.0,1858.0,1882.0,1927.0,1885.0,5637.0,6492.0,5145.0,609.0,91.0,2017.0,1853.0,1858.0,1858.0
0.0,19559.0,5616.0,5572.0,4990.0,3355.0,679.0,1046.0,1630.0,1854.0,1859.0,1859.0,1841.0,1883.0,1892.0,6803.0,7341.0,5415.0,679.0,1046.0,1630.0,1854.0,1859.0,1859.0
0.0,18933.0,5584.0,5573.0,2717.0,6226.0,1920.0,2829.0,1477.0,1854.0,1859.0,1860.0,1850.0,1874.0,1860.0,6737.0,6390.0,5806.0,1920.0,2829.0,1477.0,1854.0,1859.0,1860.0
0.0,16066.0,5435.0,5570.0,3355.0,8294.0,3040.0,3591.0,1663.0,1853.0,1859.0,1858.0,1803.0,1808.0,1824.0,5496.0,4607.0,5963.0,3040.0,3591.0,1663.0,1853.0,1859.0,1858.0
0.0,13986.0,5659.0,5572.0,6226.0,7735.0,3003.0,2643.0,2089.0,1854.0,1859.0,1859.0,1879.0,1881.0,1899.0,4372.0,3845.0,5769.0,3003.0,2643.0,2089.0,1854.0,1859.0,1859.0
0.0,14553.0,5561.0,5572.0,8294.0,5002.0,1809.0,915.0,2278.0,1854.0,1859.0,1859.0,1846.0,1863.0,1852.0,4413.0,4793.0,5347.0,1809.0,915.0,2278.0,1854.0,1859.0,1859.0
0.0,17286.0,5572.0,5573.0,7735.0,2843.0,649.0,146.0,2048.0,1854.0,1860.0,1859.0,1843.0,1870.0,1859.0,5607.0,6521.0,5158.0,649.0,146.0,2048.0,1854.0,1860.0,1859.0
0.0,19449.0,5582.0,5573.0,5002.0,3423.0,681.0,1097.0,1645.0,1854.0,1860.0,1859.0,1841.0,1866.0,1875.0,6767.0,7294.0,5388.0,681.0,1097.0,1645.0,1854.0,1860.0,1859.0
0.0,18869.0,5674.0,5575.0,2843.0,6262.0,1903.0,2854.0,1505.0,1854.0,1861.0,1860.0,1871.0,1899.0,1904.0,6735.0,6343.0,5791.0,1903.0,2854.0,1505.0,1854.0,1861.0,1860.0
0.0,16038.0,5617.0,5578.0,3423.0,8468.0,3086.0,3622.0,1760.0,1855.0,1862.0,1861.0,1860.0,1861.0,1896.0,5513.0,4590.0,5935.0,3086.0,3622.0,1760.0,1855.0,1862.0,1861.0
0.0,13844.0,5590.0,5579.0,6262.0,7800.0,3030.0,2655.0,2115.0,1855.0,1863.0,1861.0,1847.0,1883.0,1860.0,4334.0,3826.0,5684.0,3030.0,2655.0,2115.0,1855.0,1863.0,1861.0
0.0,14516.0,5644.0,5582.0,8468.0,4988.0,1819.0,917.0,2252.0,1856.0,1864.0,1862.0,1871.0,1880.0,1893.0,4390.0,4797.0,5329.0,1819.0,917.0,2252.0,1856.0,1864.0,1862.0
0.0,17340.0,5572.0,5582.0,7800.0,2760.0,655.0,94.0,2011.0,1857.0,1863.0,1862.0,1862.0,1836.0,1874.0,5605.0,6539.0,5196.0,655.0,94.0,2011.0,1857.0,1863.0,1862.0
0.0,19568.0,5576.0,5580.0,4988.0,3340.0,689.0,1016.0,1635.0,1856.0,1862.0,1862.0,1857.0,1843.0,1876.0,6773.0,7358.0,5437.0,689.0,1016.0,1635.0,1856.0,1862.0,1862.0
0.0,18980.0,5574.0,5581.0,2760.0,6158.0,1910.0,2794.0,1454.0,1857.0,1863.0,1861.0,1872.0,1868.0,1834.0,6735.0,6432.0,5813.0,1910.0,2794.0,1454.0,1857.0,1863.0,1861.0
0.0,16166.0,5605.0,5583.0,3340.0,8431.0,3107.0,3648.0,1676.0,1858.0,1864.0,1861.0,1882.0,1866.0,1857.0,5518.0,4658.0,5990.0,3107.0,3648.0,1676.0,1858.0,1864.0,1861.0
0.0,13901.0,5595.0,5582.0,6158.0,7864.0,3075.0,2709.0,2080.0,1858.0,1863.0,1861.0,1878.0,1859.0,1858.0,4325.0,3808.0,5768.0,3075.0,2709.0,2080.0,1858.0,1863.0,1861.0
0.0,14464.0,5722.0,5583.0,8431.0,5159.0,1896.0,958.0,2305.0,1859.0,1863.0,1861.0,1924.0,1897.0,1901.0,4357.0,4743.0,5364.0,1896.0,958.0,2305.0,1859.0,1863.0,1861.0
0.0,17173.0,5578.0,5582.0,7864.0,2869.0,701.0,75.0,2093.0,1859.0,1863.0,1860.0,1880.0,1826.0,1872.0,5540.0,6494.0,5139.0,701.0,75.0,2093.0,1859.0,1863.0,1860.0
0.0,19459.0,5521.0,5581.0,5159.0,3227.0,646.0,940.0,1641.0,1859.0,1862.0,1860.0,1841.0,1827.0,1853.0,6735.0,7377.0,5347.0,646.0,940.0,1641.0,1859.0,1862.0,1860.0
0.0,19097.0,5615.0,5584.0,2869.0,5985.0,1829.0,2730.0,1426.0,1860.0,1863.0,1861.0,1880.0,1861.0,1874.0,6790.0,6508.0,5799.0,1829.0,2730.0,1426.0,1860.0,1863.0,1861.0
0.0,16351.0,5664.0,5586.0,3227.0,8430.0,3082.0,3679.0,1669.0,1861.0,1864.0,1861.0,1895.0,1885.0,1884.0,5611.0,4722.0,6018.0,3082.0,3679.0,1669.0,1861.0,1864.0,1861.0
0.0,13914.0,5715.0,5589.0,5985.0,8172.0,3187.0,2845.0,2140.0,1863.0,1864.0,1862.0,1926.0,1896.0,1893.0,4362.0,3777.0,5775.0,3187.0,2845.0,2140.0,1863.0,1864.0,1862.0
0.0,14184.0,5688.0,5592.0,8430.0,5442.0,2020.0,1044.0,2378.0,1864.0,1865.0,1863.0,1911.0,1874.0,1903.0,4265.0,4611.0,5308.0,2020.0,1044.0,2378.0,1864.0,1865.0,1863.0
0.0,16926.0,5583.0,5593.0,8172.0,2857.0,714.0,43.0,2100.0,1865.0,1865.0,1863.0,1877.0,1844.0,1862.0,5436.0,6416.0,5074.0,714.0,43.0,2100.0,1865.0,1865.0,1863.0
0.0,19515.0,5684.0,5597.0,5442.0,3115.0,577.0,905.0,1633.0,1866.0,1866.0,1865.0,1879.0,1902.0,1903.0,6746.0,7417.0,5352.0,577.0,905.0,1633.0,1866.0,1866.0,1865.0
0.0,19273.0,5636.0,5599.0,2857.0,5902.0,1750.0,2746.0,1406.0,1866.0,1867.0,1866.0,1887.0,1880.0,1869.0,6887.0,6559.0,5827.0,1750.0,2746.0,1406.0,1866.0,1867.0,1866.0
0.0,16494.0,5641.0,5600.0,3115.0,8432.0,3055.0,3722.0,1655.0,1867.0,1867.0,1866.0,1878.0,1881.0,1882.0,5714.0,4722.0,6058.0,3055.0,3722.0,1655.0,1867.0,1867.0,1866.0
0.0,13968.0,5528.0,5599.0,5902.0,8054.0,3162.0,2810.0,2082.0,1867.0,1867.0,1865.0,1857.0,1834.0,1837.0,4413.0,3746.0,5809.0,3162.0,2810.0,2082.0,1867.0,1867.0,1865.0
0.0,14342.0,5586.0,5600.0,8432.0,5212.0,1974.0,948.0,2290.0,1867.0,1867.0,1866.0,1867.0,1860.0,1859.0,4306.0,4658.0,5378.0,1974.0,948.0,2290.0,1867.0,1867.0,1866.0
0.0,17188.0,5632.0,5602.0,8054.0,2798.0,709.0,23.0,2066.0,1868.0,1868.0,1866.0,1893.0,1881.0,1858.0,5494.0,6520.0,5174.0,709.0,23.0,2066.0,1868.0,1868.0,1866.0
0.0,19610.0,5580.0,5603.0,5212.0,3170.0,608.0,931.0,1631.0,1869.0,1868.0,1866.0,1869.0,1856.0,1855.0,6763.0,7449.0,5398.0,608.0,931.0,1631.0,1869.0,1868.0,1866.0
0.0,19242.0,5521.0,5603.0,2798.0,5893.0,1724.0,2777.0,1392.0,1868.0,1869.0,1866.0,1829.0,1865.0,1827.0,6868.0,6541.0,5833.0,1724.0,2777.0,1392.0,1868.0,1869.0,1866.0
0.0,16519.0,5580.0,5604.0,3170.0,8307.0,2965.0,3728.0,1614.0,1868.0,1870.0,1866.0,1849.0,1878.0,1853.0,5748.0,4699.0,6072.0,2965.0,3728.0,1614.0,1868.0,1870.0,1866.0
0.0,14109.0,5591.0,5605.0,5893.0,8009.0,3089.0,2841.0,2079.0,1869.0,1870.0,1866.0,1844.0,1890.0,1857.0,4507.0,3752.0,5850.0,3089.0,2841.0,2079.0,1869.0,1870.0,1866.0
0.0,14411.0,5621.0,5607.0,8307.0,5331.0,1979.0,1010.0,2342.0,1869.0,1871.0,1867.0,1855.0,1893.0,1873.0,4387.0,4639.0,5385.0,1979.0,1010.0,2342.0,1869.0,1871.0,1867.0
0.0,17097.0,5602.0,5605.0,8009.0,2916.0,746.0,54.0,2116.0,1868.0,1871.0,1866.0,1860.0,1885.0,1857.0,5497.0,6474.0,5126.0,746.0,54.0,2116.0,1868.0,1871.0,1866.0
0.0,19504.0,5568.0,5605.0,5331.0,3153.0,609.0,927.0,1617.0,1868.0,1871.0,1866.0,1842.0,1883.0,1843.0,6726.0,7430.0,5348.0,609.0,927.0,1617.0,1868.0,1871.0,1866.0
0.0,19267.0,5629.0,5606.0,2916.0,5870.0,1733.0,2775.0,1362.0,1868.0,1872.0,1866.0,1870.0,1898.0,1861.0,6863.0,6557.0,5847.0,1733.0,2775.0,1362.0,1868.0,1872.0,1866.0
0.0,16554.0,5647.0,5608.0,3153.0,8372.0,2988.0,3751.0,1633.0,1868.0,1873.0,1867.0,1864.0,1899.0,1884.0,5739.0,4713.0,6102.0,2988.0,3751.0,1633.0,1868.0,1873.0,1867.0
0.0,14060.0,5692.0,5609.0,5870.0,8198.0,3158.0,2866.0,2174.0,1868.0,1873.0,1868.0,1903.0,1890.0,1899.0,4484.0,3741.0,5835.0,3158.0,2866.0,2174.0,1868.0,1873.0,1868.0
0.0,14238.0,5600.0,5611.0,8372.0,5434.0,2042.0,1000.0,2392.0,1869.0,1874.0,1868.0,1868.0,1881.0,1851.0,4314.0,4626.0,5298.0,2042.0,1000.0,2392.0,1869.0,1874.0,1868.0
0.0,17010.0,5746.0,5614.0,8198.0,2994.0,801.0,46.0,2147.0,1870.0,1875.0,1869.0,1913.0,1908.0,1925.0,5434.0,6496.0,5080.0,801.0,46.0,2147.0,1870.0,1875.0,1869.0
0.0,19462.0,5716.0,5617.0,5434.0,3288.0,678.0,957.0,1653.0,1871.0,1876.0,1870.0,1915.0,1907.0,1894.0,6679.0,7454.0,5329.0,678.0,957.0,1653.0,1871.0,1876.0,1870.0
0.0,19180.0,5680.0,5618.0,2994.0,5978.0,1802.0,2794.0,1382.0,1872.0,1876.0,1870.0,1921.0,1883.0,1876.0,6806.0,6547.0,5827.0,1802.0,2794.0,1382.0,1872.0,1876.0,1870.0
0.0,16494.0,5765.0,5622.0,3288.0,8471.0,3053.0,3753.0,1665.0,1873.0,1877.0,1872.0,1925.0,1912.0,1928.0,5686.0,4710.0,6098.0,3053.0,3753.0,1665.0,1873.0,1877.0,1872.0
0.0,14017.0,5663.0,5622.0,5978.0,8156.0,3136.0,2859.0,2161.0,1873.0,1877.0,1872.0,1885.0,1900.0,1878.0,4439.0,3755.0,5823.0,3136.0,2859.0,2161.0,1873.0,1877.0,1872.0
0.0,14332.0,5758.0,5626.0,8471.0,5459.0,2006.0,1018.0,2435.0,1874.0,1878.0,1874.0,1919.0,1908.0,1931.0,4356.0,4649.0,5327.0,2006.0,1018.0,2435.0,1874.0,1878.0,1874.0
0.0,17045.0,5813.0,5628.0,8156.0,3124.0,828.0,86.0,2210.0,1875.0,1878.0,1875.0,1954.0,1927.0,1932.0,5490.0,6494.0,5061.0,828.0,86.0,2210.0,1875.0,1878.0,1875.0
0.0,19388.0,5681.0,5629.0,5459.0,3350.0,708.0,939.0,1703.0,1875.0,1878.0,1876.0,1886.0,1871.0,1924.0,6672.0,7426.0,5290.0,708.0,939.0,1703.0,1875.0,1878.0,1876.0
0.0,19166.0,5653.0,5629.0,3124.0,5879.0,1755.0,2724.0,1400.0,1875.0,1877.0,1877.0,1875.0,1875.0,1903.0,6792.0,6573.0,5801.0,1755.0,2724.0,1400.0,1875.0,1877.0,1877.0
0.0,16637.0,5662.0,5629.0,3350.0,8191.0,2943.0,3646.0,1602.0,1875.0,1877.0,1877.0,1896.0,1861.0,1905.0,5745.0,4784.0,6108.0,2943.0,3646.0,1602.0,1875.0,1877.0,1877.0
0.0,14325.0,5740.0,5630.0,5879.0,8056.0,3128.0,2802.0,2126.0,1876.0,1876.0,1878.0,1936.0,1884.0,1920.0,4557.0,3862.0,5906.0,3128.0,2802.0,2126.0,1876.0,1876.0,1878.0
0.0,14464.0,5668.0,5631.0,8191.0,5537.0,2076.0,1027.0,2434.0,1877.0,1876.0,1878.0,1887.0,1871.0,1910.0,4376.0,4702.0,5386.0,2076.0,1027.0,2434.0,1877.0,1876.0,1878.0
0.0,16987.0,5832.0,5636.0,8056.0,3333.0,885.0,174.0,2274.0,1879.0,1877.0,1880.0,1929.0,1945.0,1958.0,5432.0,6477.0,5078.0,885.0,174.0,2274.0,1879.0,1877.0,1880.0
0.0,19211.0,5634.0,5639.0,5537.0,3442.0,680.0,1030.0,1732.0,1880.0,1878.0,1881.0,1867.0,1879.0,1888.0,6631.0,7334.0,5246.0,680.0,1030.0,1732.0,1880.0,1878.0,1881.0
0.0,19114.0,5723.0,5641.0,3333.0,5840.0,1679.0,2757.0,1404.0,1880.0,1879.0,1882.0,1884.0,1897.0,1942.0,6840.0,6482.0,5792.0,1679.0,2757.0,1404.0,1880.0,1879.0,1882.0
0.0,16724.0,5692.0,5643.0,3442.0,8098.0,2884.0,3617.0,1597.0,1881.0,1879.0,1883.0,1881.0,1890.0,1921.0,5841.0,4759.0,6124.0,2884.0,3617.0,1597.0,1881.0,1879.0,1883.0
0.0,14474.0,5754.0,5647.0,5840.0,8028.0,3100.0,2793.0,2135.0,1882.0,1880.0,1885.0,1891.0,1929.0,1934.0,4640.0,3899.0,5935.0,3100.0,2793.0,2135.0,1882.0,1880.0,1885.0
0.0,14560.0,5772.0,5650.0,8098.0,5714.0,2132.0,1104.0,2478.0,1883.0,1881.0,1886.0,1912.0,1924.0,1936.0,4428.0,4727.0,5405.0,2132.0,1104.0,2478.0,1883.0,1881.0,1886.0
0.0,16886.0,5751.0,5652.0,8028.0,3445.0,948.0,247.0,2250.0,1884.0,1882.0,1886.0,1912.0,1932.0,1907.0,5400.0,6420.0,5066.0,948.0,247.0,2250.0,1884.0,1882.0,1886.0
0.0,19163.0,5642.0,5652.0,5714.0,3373.0,688.0,1013.0,1672.0,1884.0,1882.0,1886.0,1872.0,1870.0,1900.0,6588.0,7281.0,5294.0,688.0,1013.0,1672.0,1884.0,1882.0,1886.0
0.0,19235.0,5636.0,5653.0,3445.0,5568.0,1594.0,2636.0,1338.0,1884.0,1882.0,1887.0,1854.0,1870.0,1912.0,6848.0,6515.0,5872.0,1594.0,2636.0,1338.0,1884.0,1882.0,1887.0
0.0,17044.0,5664.0,5654.0,3373.0,7863.0,2781.0,3490.0,1592.0,1884.0,1882.0,1888.0,1875.0,1867.0,1922.0,5942.0,4892.0,6210.0,2781.0,3490.0,1592.0,1884.0,1882.0,1888.0
0.0,14753.0,5644.0,5656.0,5568.0,7947.0,3072.0,2739.0,2136.0,1885.0,1883.0,1888.0,1881.0,1881.0,1882.0,4755.0,4038.0,5960.0,3072.0,2739.0,2136.0,1885.0,1883.0,1888.0
0.0,14677.0,5661.0,5657.0,7863.0,5749.0,2163.0,1154.0,2432.0,1885.0,1884.0,1888.0,1872.0,1901.0,1888.0,4468.0,4793.0,5416.0,2163.0,1154.0,2432.0,1885.0,1884.0,1888.0
0.0,16879.0,5687.0,5658.0,7947.0,3493.0,978.0,311.0,2204.0,1885.0,1884.0,1889.0,1887.0,1896.0,1904.0,5377.0,6382.0,5120.0,978.0,311.0,2204.0,1885.0,1884.0,1889.0
0.0,19139.0,5791.0,5663.0,5749.0,3555.0,733.0,1102.0,1720.0,1886.0,1886.0,1891.0,1914.0,1937.0,1940.0,6562.0,7225.0,5352.0,733.0,1102.0,1720.0,1886.0,1886.0,1891.0
0.0,19097.0,5648.0,5663.0,3493.0,5710.0,1644.0,2687.0,1379.0,1886.0,1886.0,1891.0,1889.0,1896.0,1863.0,6811.0,6442.0,5844.0,1644.0,2687.0,1379.0,1886.0,1886.0,1891.0
0.0,16942.0,5678.0,5663.0,3555.0,7833.0,2789.0,3500.0,1544.0,1885.0,1887.0,1891.0,1882.0,1911.0,1885.0,5900.0,4857.0,6185.0,2789.0,3500.0,1544.0,1885.0,1887.0,1891.0
0.0,14819.0,5679.0,5665.0,5710.0,7810.0,3054.0,2703.0,2053.0,1886.0,1888.0,1891.0,1905.0,1886.0,1888.0,4751.0,4048.0,6020.0,3054.0,2703.0,2053.0,1886.0,1888.0,1891.0
0.0,14850.0,5662.0,5667.0,7833.0,5647.0,2166.0,1097.0,2384.0,1887.0,1889.0,1891.0,1897.0,1890.0,1875.0,4490.0,4849.0,5511.0,2166.0,1097.0,2384.0,1887.0,1889.0,1891.0
0.0,17021.0,5691.0,5669.0,7810.0,3536.0,1031.0,307.0,2198.0,1888.0,1890.0,1891.0,1915.0,1909.0,1867.0,5382.0,6459.0,5180.0,1031.0,307.0,2198.0,1888.0,1890.0,1891.0
0.0,19140.0,5732.0,5670.0,5647.0,3625.0,777.0,1118.0,1730.0,1888.0,1890.0,1892.0,1912.0,1908.0,1912.0,6521.0,7253.0,5366.0,777.0,1118.0,1730.0,1888.0,1890.0,1892.0
0.0,19055.0,5651.0,5668.0,3536.0,5732.0,1628.0,2708.0,1396.0,1887.0,1890.0,1891.0,1886.0,1897.0,1868.0,6775.0,6442.0,5838.0,1628.0,2708.0,1396.0,1887.0,1890.0,1891.0
0.0,16940.0,5822.0,5671.0,3625.0,7941.0,2801.0,3523.0,1617.0,1888.0,1891.0,1892.0,1946.0,1929.0,1947.0,5920.0,4852.0,6168.0,2801.0,3523.0,1617.0,1888.0,1891.0,1892.0
0.0,14743.0,5695.0,5674.0,5732.0,7916.0,3096.0,2746.0,2074.0,1889.0,1893.0,1892.0,1919.0,1923.0,1853.0,4751.0,4041.0,5951.0,3096.0,2746.0,2074.0,1889.0,1893.0,1892.0
0.0,14780.0,5714.0,5674.0,7941.0,5689.0,2200.0,1141.0,2348.0,1889.0,1893.0,1892.0,1905.0,1918.0,1891.0,4460.0,4826.0,5494.0,2200.0,1141.0,2348.0,1889.0,1893.0,1892.0
0.0,17007.0,5706.0,5675.0,7916.0,3483.0,1000.0,316.0,2167.0,1889.0,1894.0,1892.0,1896.0,1917.0,1893.0,5356.0,6431.0,5220.0,1000.0,316.0,2167.0,1889.0,1894.0,1892.0
0.0,19217.0,5686.0,5676.0,5689.0,3484.0,708.0,1087.0,1689.0,1890.0,1894.0,1892.0,1904.0,1912.0,1870.0,6556.0,7260.0,5401.0,708.0,1087.0,1689.0,1890.0,1894.0,1892.0
0.0,19220.0,5716.0,5680.0,3483.0,5733.0,1616.0,2687.0,1430.0,1891.0,1896.0,1893.0,1904.0,1908.0,1904.0,6852.0,6489.0,5879.0,1616.0,2687.0,1430.0,1891.0,1896.0,1893.0
0.0,16987.0,5661.0,5682.0,3484.0,7918.0,2784.0,3496.0,1638.0,1891.0,1897.0,1894.0,1876.0,1892.0,1893.0,5948.0,4897.0,6142.0,2784.0,3496.0,1638.0,1891.0,1897.0,1894.0
0.0,14810.0,5771.0,5684.0,5733.0,7964.0,3085.0,2712.0,2167.0,1891.0,1897.0,1896.0,1917.0,1903.0,1951.0,4780.0,4092.0,5938.0,3085.0,2712.0,2167.0,1891.0,1897.0,1896.0
0.0,14772.0,5577.0,5684.0,7918.0,5623.0,2147.0,1083.0,2393.0,1891.0,1897.0,1896.0,1846.0,1867.0,1864.0,4479.0,4876.0,5417.0,2147.0,1083.0,2393.0,1891.0,1897.0,1896.0
0.0,17113.0,5717.0,5688.0,7964.0,3392.0,954.0,286.0,2152.0,1892.0,1898.0,1898.0,1888.0,1911.0,1918.0,5417.0,6505.0,5191.0,954.0,286.0,2152.0,1892.0,1898.0,1898.0
0.0,19360.0,5726.0,5691.0,5623.0,3507.0,717.0,1119.0,1671.0,1893.0,1899.0,1899.0,1906.0,1912.0,1908.0,6614.0,7306.0,5440.0,717.0,1119.0,1671.0,1893.0,1899.0,1899.0
0.0,19257.0,5650.0,5692.0,3392.0,5769.0,1646.0,2702.0,1421.0,1894.0,1898.0,1900.0,1879.0,1873.0,1898.0,6855.0,6477.0,5925.0,1646.0,2702.0,1421.0,1894.0,1898.0,1900.0
0.0,16999.0,5688.0,5693.0,3507.0,7954.0,2817.0,3496.0,1641.0,1894.0,1899.0,1900.0,1888.0,1909.0,1891.0,5930.0,4890.0,6179.0,2817.0,3496.0,1641.0,1894.0,1899.0,1900.0
0.0,14818.0,5584.0,5692.0,5769.0,7765.0,3035.0,2654.0,2076.0,1894.0,1898.0,1900.0,1864.0,1864.0,1856.0,4759.0,4100.0,5959.0,3035.0,2654.0,2076.0,1894.0,1898.0,1900.0
0.0,15003.0,5784.0,5696.0,7954.0,5611.0,2166.0,1089.0,2356.0,1896.0,1899.0,1901.0,1940.0,1927.0,1917.0,4541.0,4938.0,5524.0,2166.0,1089.0,2356.0,1896.0,1899.0,1901.0
0.0,17173.0,5610.0,5696.0,7765.0,3456.0,1017.0,291.0,2148.0,1897.0,1898.0,1901.0,1882.0,1860.0,1868.0,5418.0,6507.0,5248.0,1017.0,291.0,2148.0,1897.0,1898.0,1901.0
0.0,19328.0,5649.0,5696.0,5611.0,3494.0,717.0,1098.0,1679.0,1897.0,1898.0,1901.0,1866.0,1896.0,1887.0,6571.0,7301.0,5456.0,717.0,1098.0,1679.0,1897.0,1898.0,1901.0
0.0,19290.0,5650.0,5695.0,3456.0,5684.0,1584.0,2672.0,1428.0,1896.0,1898.0,1901.0,1888.0,1865.0,1897.0,6871.0,6494.0,5925.0,1584.0,2672.0,1428.0,1896.0,1898.0,1901.0
0.0,17096.0,5821.0,5700.0,3494.0,8031.0,2812.0,3518.0,1701.0,1898.0,1899.0,1903.0,1937.0,1940.0,1944.0,6000.0,4920.0,6176.0,2812.0,3518.0,1701.0,1898.0,1899.0,1903.0
0.0,14769.0,5780.0,5700.0,5684.0,8127.0,3169.0,2750.0,2208.0,1898.0,1899.0,1903.0,1941.0,1904.0,1935.0,4780.0,4078.0,5911.0,3169.0,2750.0,2208.0,1898.0,1899.0,1903.0
0.0,14673.0,5739.0,5701.0,8031.0,5839.0,2276.0,1143.0,2420.0,1898.0,1899.0,1904.0,1919.0,1911.0,1909.0,4423.0,4846.0,5404.0,2276.0,1143.0,2420.0,1898.0,1899.0,1904.0
0.0,16965.0,5700.0,5701.0,8127.0,3412.0,1031.0,275.0,2106.0,1898.0,1899.0,1904.0,1924.0,1882.0,1894.0,5316.0,6453.0,5196.0,1031.0,275.0,2106.0,1898.0,1899.0,1904.0
0.0,19392.0,5670.0,5699.0,5839.0,3235.0,650.0,1007.0,1578.0,1898.0,1898.0,1903.0,1895.0,1879.0,1896.0,6561.0,7321.0,5510.0,650.0,1007.0,1578.0,1898.0,1898.0,1903.0
0.0,19561.0,5703.0,5700.0,3412.0,5530.0,1496.0,2630.0,1404.0,1898.0,1898.0,1904.0,1877.0,1898.0,1928.0,6942.0,6585.0,6034.0,1496.0,2630.0,1404.0,1898.0,1898.0,1904.0
0.0,17270.0,5802.0,5701.0,3235.0,8101.0,2781.0,3564.0,1756.0,1898.0,1899.0,1904.0,1935.0,1937.0,1930.0,6096.0,4962.0,6212.0,2781.0,3564.0,1756.0,1898.0,1899.0,1904.0
0.0,14703.0,5809.0,5701.0,5530.0,8380.0,3231.0,2869.0,2280.0,1898.0,1899.0,1904.0,1946.0,1935.0,1928.0,4811.0,4032.0,5860.0,3231.0,2869.0,2280.0,1898.0,1899.0,1904.0
0.0,14424.0,5812.0,5704.0,8101.0,6103.0,2394.0,1243.0,2466.0,1899.0,1900.0,1905.0,1940.0,1934.0,1938.0,4361.0,4727.0,5336.0,2394.0,1243.0,2466.0,1899.0,1900.0,1905.0
0.0,16713.0,5866.0,5708.0,8380.0,3605.0,1113.0,331.0,2161.0,1900.0,1902.0,1906.0,1946.0,1949.0,1971.0,5202.0,6357.0,5154.0,1113.0,331.0,2161.0,1900.0,1902.0,1906.0
0.0,19227.0,5880.0,5712.0,6103.0,3398.0,682.0,1062.0,1654.0,1901.0,1904.0,1907.0,1959.0,1966.0,1955.0,6487.0,7277.0,5463.0,682.0,1062.0,1654.0,1901.0,1904.0,1907.0
0.0,19450.0,5822.0,5714.0,3605.0,5623.0,1529.0,2665.0,1429.0,1902.0,1905.0,1907.0,1956.0,1930.0,1936.0,6922.0,6554.0,5974.0,1529.0,2665.0,1429.0,1902.0,1905.0,1907.0
0.0,17233.0,5738.0,5715.0,3398.0,7967.0,2736.0,3512.0,1719.0,1902.0,1905.0,1908.0,1889.0,1909.0,1940.0,6079.0,4955.0,6199.0,2736.0,3512.0,1719.0,1902.0,1905.0,1908.0
0.0,14893.0,5813.0,5714.0,5623.0,8153.0,3134.0,2790.0,2229.0,1902.0,1905.0,1907.0,1927.0,1943.0,1943.0,4872.0,4108.0,5913.0,3134.0,2790.0,2229.0,1902.0,1905.0,1907.0
0.0,14703.0,5912.0,5719.0,7967.0,6118.0,2345.0,1269.0,2504.0,1903.0,1907.0,1909.0,1943.0,1983.0,1986.0,4474.0,4830.0,5399.0,2345.0,1269.0,2504.0,1903.0,1907.0,1909.0
0.0,16758.0,5744.0,5720.0,8153.0,3713.0,1104.0,400.0,2209.0,1903.0,1908.0,1909.0,1893.0,1917.0,1934.0,5267.0,6359.0,5132.0,1104.0,400.0,2209.0,1903.0,1908.0,1909.0
0.0,19167.0,5793.0,5722.0,6118.0,3396.0,687.0,1061.0,1648.0,1904.0,1908.0,1910.0,1924.0,1930.0,1939.0,6508.0,7232.0,5427.0,687.0,1061.0,1648.0,1904.0,1908.0,1910.0
0.0,19492.0,5737.0,5722.0,3713.0,5420.0,1492.0,2578.0,1350.0,1905.0,1908.0,1909.0,1905.0,1917.0,1915.0,6929.0,6571.0,5992.0,1492.0,2578.0,1350.0,1905.0,1908.0,1909.0
0.0,17468.0,5751.0,5721.0,3396.0,7771.0,2691.0,3455.0,1625.0,1904.0,1908.0,1909.0,1890.0,1938.0,1923.0,6128.0,5054.0,6286.0,2691.0,3455.0,1625.0,1904.0,1908.0,1909.0
0.0,15113.0,5730.0,5721.0,5420.0,8081.0,3091.0,2799.0,2191.0,1904.0,1908.0,1909.0,1892.0,1922.0,1916.0,4925.0,4177.0,6011.0,3091.0,2799.0,2191.0,1904.0,1908.0,1909.0
0.0,14803.0,5710.0,5722.0,7771.0,6024.0,2293.0,1271.0,2460.0,1904.0,1909.0,1909.0,1893.0,1923.0,1894.0,4525.0,4833.0,5445.0,2293.0,1271.0,2460.0,1904.0,1909.0,1909.0
0.0,16864.0,5811.0,5725.0,8081.0,3766.0,1158.0,404.0,2204.0,1906.0,1910.0,1909.0,1948.0,1928.0,1935.0,5323.0,6365.0,5176.0,1158.0,404.0,2204.0,1906.0,1910.0,1909.0
0.0,19134.0,5843.0,5729.0,6024.0,3601.0,821.0,1101.0,1679.0,1907.0,1912.0,1910.0,1952.0,1960.0,1931.0,6466.0,7236.0,5432.0,821.0,1101.0,1679.0,1907.0,1912.0,1910.0
0.0,19315.0,5701.0,5730.0,3766.0,5540.0,1581.0,2595.0,1364.0,1908.0,1912.0,1910.0,1914.0,1898.0,1889.0,6807.0,6547.0,5961.0,1581.0,2595.0,1364.0,1908.0,1912.0,1910.0
0.0,17380.0,5800.0,5732.0,3601.0,7747.0,2698.0,3444.0,1605.0,1909.0,1913.0,1910.0,1934.0,1946.0,1920.0,6051.0,5053.0,6276.0,2698.0,3444.0,1605.0,1909.0,1913.0,1910.0
0.0,15181.0,5820.0,5735.0,5540.0,8039.0,3070.0,2786.0,2183.0,1910.0,1914.0,1911.0,1949.0,1933.0,1938.0,4938.0,4208.0,6035.0,3070.0,2786.0,2183.0,1910.0,1914.0,1911.0
0.0,14901.0,5754.0,5735.0,7747.0,6046.0,2279.0,1267.0,2500.0,1910.0,1914.0,1911.0,1907.0,1925.0,1922.0,4570.0,4870.0,5461.0,2279.0,1267.0,2500.0,1910.0,1914.0,1911.0
0.0,16894.0,5786.0,5737.0,8039.0,3801.0,1159.0,408.0,2234.0,1911.0,1914.0,1912.0,1946.0,1927.0,1913.0,5361.0,6389.0,5144.0,1159.0,408.0,2234.0,1911.0,1914.0,1912.0
0.0,19147.0,5742.0,5739.0,6046.0,3505.0,832.0,1039.0,1634.0,1913.0,1914.0,1912.0,1944.0,1898.0,1900.0,6485.0,7248.0,5414.0,832.0,1039.0,1634.0,1913.0,1914.0,1912.0
0.0,19451.0,5845.0,5742.0,3801.0,5561.0,1639.0,2588.0,1334.0,1914.0,1915.0,1913.0,1962.0,1953.0,1930.0,6820.0,6617.0,6014.0,1639.0,2588.0,1334.0,1914.0,1915.0,1913.0
0.0,17407.0,5765.0,5744.0,3505.0,7829.0,2755.0,3475.0,1599.0,1915.0,1916.0,1913.0,1944.0,1922.0,1899.0,6017.0,5072.0,6318.0,2755.0,3475.0,1599.0,1915.0,1916.0,1913.0
0.0,15147.0,5725.0,5745.0,5561.0,7997.0,3050.0,2789.0,2158.0,1915.0,1916.0,1914.0,1934.0,1902.0,1889.0,4905.0,4189.0,6053.0,3050.0,2789.0,2158.0,1915.0,1916.0,1914.0
0.0,14983.0,5758.0,5745.0,7829.0,5926.0,2231.0,1224.0,2471.0,1915.0,1916.0,1914.0,1936.0,1910.0,1912.0,4610.0,4875.0,5498.0,2231.0,1224.0,2471.0,1915.0,1916.0,1914.0
0.0,17054.0,5706.0,5746.0,7997.0,3639.0,1094.0,317.0,2228.0,1916.0,1916.0,1914.0,1909.0,1882.0,1915.0,5429.0,6440.0,5185.0,1094.0,317.0,2228.0,1916.0,1916.0,1914.0
0.0,19345.0,5744.0,5744.0,5926.0,3449.0,775.0,990.0,1684.0,1915.0,1915.0,1914.0,1916.0,1901.0,1927.0,6570.0,7347.0,5428.0,775.0,990.0,1684.0,1915.0,1915.0,1914.0
0.0,19527.0,5668.0,5744.0,3639.0,5478.0,1573.0,2555.0,1350.0,1915.0,1914.0,1915.0,1892.0,1886.0,1890.0,6885.0,6670.0,5972.0,1573.0,2555.0,1350.0,1915.0,1914.0,1915.0
0.0,17498.0,5776.0,5745.0,3449.0,7809.0,2712.0,3511.0,1586.0,1915.0,1915.0,1915.0,1914.0,1942.0,1920.0,6087.0,5101.0,6310.0,2712.0,3511.0,1586.0,1915.0,1915.0,1915.0
0.0,15171.0,5705.0,5746.0,5478.0,8040.0,3071.0,2828.0,2141.0,1916.0,1914.0,1916.0,1928.0,1876.0,1901.0,4948.0,4149.0,6074.0,3071.0,2828.0,2141.0,1916.0,1914.0,1916.0
0.0,14944.0,5714.0,5746.0,7809.0,5945.0,2307.0,1203.0,2435.0,1916.0,1914.0,1916.0,1948.0,1886.0,1880.0,4593.0,4828.0,5523.0,2307.0,1203.0,2435.0,1916.0,1914.0,1916.0
0.0,17039.0,5739.0,5746.0,8040.0,3644.0,1163.0,268.0,2213.0,1917.0,1913.0,1916.0,1923.0,1897.0,1919.0,5357.0,6453.0,5229.0,1163.0,268.0,2213.0,1917.0,1913.0,1916.0
0.0,19340.0,5693.0,5747.0,5945.0,3396.0,751.0,942.0,1703.0,1917.0,1913.0,1917.0,1895.0,1877.0,1921.0,6505.0,7384.0,5451.0,751.0,942.0,1703.0,1917.0,1913.0,1917.0
0.0,19592.0,5716.0,5746.0,3644.0,5464.0,1491.0,2588.0,1385.0,1917.0,1913.0,1916.0,1903.0,1914.0,1899.0,6917.0,6710.0,5965.0,1491.0,2588.0,1385.0,1917.0,1913.0,1916.0
0.0,17520.0,5642.0,5747.0,3396.0,7714.0,2639.0,3519.0,1556.0,1918.0,1913.0,1916.0,1895.0,1873.0,1874.0,6177.0,5064.0,6279.0,2639.0,3519.0,1556.0,1918.0,1913.0,1916.0
0.0,15274.0,5818.0,5749.0,5464.0,8076.0,3095.0,2876.0,2105.0,1919.0,1914.0,1916.0,1943.0,1941.0,1934.0,5033.0,4133.0,6108.0,3095.0,2876.0,2105.0,1919.0,1914.0,1916.0
0.0,14920.0,5747.0,5749.0,7714.0,6109.0,2372.0,1275.0,2462.0,1919.0,1914.0,1916.0,1916.0,1918.0,1913.0,4581.0,4780.0,5559.0,2372.0,1275.0,2462.0,1919.0,1914.0,1916.0
0.0,16887.0,5822.0,5753.0,8076.0,3871.0,1214.0,363.0,2294.0,1920.0,1916.0,1917.0,1933.0,1956.0,1933.0,5304.0,6381.0,5202.0,1214.0,363.0,2294.0,1920.0,1916.0,1917.0
0.0,19141.0,5752.0,5753.0,6109.0,3514.0,745.0,1012.0,1757.0,1920.0,1916.0,1917.0,1903.0,1924.0,1925.0,6466.0,7301.0,5374.0,745.0,1012.0,1757.0,1920.0,1916.0,1917.0
0.0,19498.0,5694.0,5756.0,3871.0,5349.0,1409.0,2586.0,1354.0,1921.0,1917.0,1918.0,1874.0,1933.0,1887.0,6935.0,6652.0,5911.0,1409.0,2586.0,1354.0,1921.0,1917.0,1918.0
0.0,17675.0,5809.0,5756.0,3514.0,7644.0,2595.0,3513.0,1536.0,1920.0,1918.0,1918.0,1935.0,1935.0,1939.0,6275.0,5082.0,6318.0,2595.0,3513.0,1536.0,1920.0,1918.0,1918.0
0.0,15380.0,5762.0,5760.0,5349.0,8073.0,3096.0,2859.0,2118.0,1921.0,1919.0,1920.0,1906.0,1928.0,1928.0,5085.0,4159.0,6136.0,3096.0,2859.0,2118.0,1921.0,1919.0,1920.0
0.0,14967.0,5839.0,5763.0,7644.0,6280.0,2431.0,1293.0,2556.0,1922.0,1920.0,1921.0,1926.0,1943.0,1970.0,4588.0,4817.0,5562.0,2431.0,1293.0,2556.0,1922.0,1920.0,1921.0
0.0,16772.0,5867.0,5768.0,8073.0,4094.0,1259.0,407.0,2428.0,1923.0,1922.0,1923.0,1920.0,1965.0,1982.0,5257.0,6387.0,5128.0,1259.0,407.0,2428.0,1923.0,1922.0,1923.0
0.0,18978.0,5822.0,5768.0,6280.0,3636.0,774.0,1056.0,1806.0,1923.0,1922.0,1923.0,1946.0,1942.0,1934.0,6433.0,7281.0,5264.0,774.0,1056.0,1806.0,1923.0,1922.0,1923.0
0.0,19436.0,5982.0,5771.0,4094.0,5536.0,1534.0,2635.0,1367.0,1924.0,1923.0,1924.0,2015.0,1982.0,1985.0,6918.0,6632.0,5886.0,1534.0,2635.0,1367.0,1924.0,1923.0,1924.0
0.0,17548.0,5891.0,5774.0,3636.0,7803.0,2718.0,3552.0,1533.0,1925.0,1924.0,1925.0,1954.0,1969.0,1968.0,6162.0,5057.0,6329.0,2718.0,3552.0,1533.0,1925.0,1924.0,1925.0
0.0,15293.0,5823.0,5776.0,5536.0,8098.0,3122.0,2864.0,2112.0,1925.0,1925.0,1926.0,1938.0,1943.0,1942.0,4982.0,4144.0,6167.0,3122.0,2864.0,2112.0,1925.0,1925.0,1926.0
0.0,15006.0,5885.0,5780.0,7803.0,6196.0,2363.0,1289.0,2544.0,1926.0,1927.0,1927.0,1955.0,1969.0,1961.0,4578.0,4836.0,5592.0,2363.0,1289.0,2544.0,1926.0,1927.0,1927.0
0.0,16924.0,5851.0,5783.0,8098.0,3961.0,1206.0,390.0,2365.0,1928.0,1928.0,1927.0,1957.0,1961.0,1933.0,5341.0,6419.0,5164.0,1206.0,390.0,2365.0,1928.0,1928.0,1927.0
0.0,19171.0,5880.0,5786.0,6196.0,3657.0,815.0,1053.0,1789.0,1929.0,1929.0,1928.0,1968.0,1948.0,1964.0,6506.0,7322.0,5343.0,815.0,1053.0,1789.0,1929.0,1929.0,1928.0
0.0,19487.0,5847.0,5786.0,3961.0,5543.0,1562.0,2608.0,1373.0,1929.0,1929.0,1928.0,1953.0,1945.0,1949.0,6901.0,6663.0,5923.0,1562.0,2608.0,1373.0,1929.0,1929.0,1928.0
0.0,17601.0,5812.0,5786.0,3657.0,7698.0,2688.0,3488.0,1522.0,1929.0,1929.0,1928.0,1941.0,1933.0,1938.0,6154.0,5108.0,6339.0,2688.0,3488.0,1522.0,1929.0,1929.0,1928.0
0.0,15446.0,5793.0,5784.0,5543.0,7940.0,3042.0,2815.0,2083.0,1928.0,1929.0,1927.0,1920.0,1935.0,1938.0,5028.0,4228.0,6190.0,3042.0,2815.0,2083.0,1928.0,1929.0,1927.0
0.0,15196.0,5876.0,5785.0,7698.0,6122.0,2301.0,1293.0,2528.0,1928.0,1929.0,1928.0,1947.0,1966.0,1963.0,4670.0,4901.0,5625.0,2301.0,1293.0,2528.0,1928.0,1929.0,1928.0
0.0,17018.0,5882.0,5785.0,7940.0,4064.0,1218.0,436.0,2410.0,1928.0,1929.0,1928.0,1959.0,1958.0,1965.0,5411.0,6423.0,5184.0,1218.0,436.0,2410.0,1928.0,1929.0,1928.0
0.0,19076.0,5814.0,5787.0,6122.0,3764.0,848.0,1088.0,1828.0,1929.0,1930.0,1928.0,1927.0,1941.0,1946.0,6494.0,7280.0,5302.0,848.0,1088.0,1828.0,1929.0,1930.0,1928.0
0.0,19384.0,5865.0,5788.0,4064.0,5569.0,1564.0,2618.0,1387.0,1929.0,1930.0,1929.0,1934.0,1966.0,1965.0,6868.0,6632.0,5884.0,1564.0,2618.0,1387.0,1929.0,1930.0,1929.0
0.0,17583.0,5726.0,5784.0,3764.0,7515.0,2615.0,3439.0,1461.0,1928.0,1929.0,1927.0,1903.0,1913.0,1910.0,6152.0,5102.0,6329.0,2615.0,3439.0,1461.0,1928.0,1929.0,1927.0
0.0,15621.0,5738.0,5784.0,5569.0,7684.0,2968.0,2702.0,2014.0,1929.0,1928.0,1927.0,1913.0,1885.0,1940.0,5097.0,4277.0,6247.0,2968.0,2702.0,2014.0,1929.0,1928.0,1927.0
0.0,15452.0,5833.0,5785.0,7515.0,6006.0,2287.0,1205.0,2514.0,1929.0,1928.0,1928.0,1934.0,1942.0,1957.0,4748.0,5010.0,5694.0,2287.0,1205.0,2514.0,1929.0,1928.0,1928.0
0.0,17134.0,5869.0,5788.0,7684.0,4203.0,1279.0,450.0,2474.0,1930.0,1929.0,1929.0,1956.0,1943.0,1970.0,5429.0,6507.0,5198.0,1279.0,450.0,2474.0,1930.0,1929.0,1929.0
0.0,18949.0,5860.0,5789.0,6006.0,4061.0,917.0,1200.0,1944.0,1930.0,1929.0,1930.0,1925.0,1955.0,1980.0,6441.0,7266.0,5242.0,917.0,1200.0,1944.0,1930.0,1929.0,1930.0
0.0,19095.0,5750.0,5790.0,4203.0,5612.0,1547.0,2680.0,1385.0,1931.0,1929.0,1930.0,1905.0,1930.0,1915.0,6803.0,6516.0,5776.0,1547.0,2680.0,1385.0,1931.0,1929.0,1930.0
0.0,17548.0,5853.0,5793.0,4061.0,7416.0,2579.0,3450.0,1387.0,1932.0,1930.0,1931.0,1945.0,1966.0,1942.0,6177.0,5036.0,6335.0,2579.0,3450.0,1387.0,1932.0,1930.0,1931.0
0.0,15756.0,5831.0,5794.0,5612.0,7639.0,2974.0,2721.0,1944.0,1932.0,1931.0,1931.0,1942.0,1947.0,1942.0,5149.0,4270.0,6337.0,2974.0,2721.0,1944.0,1932.0,1931.0,1931.0
0.0,15537.0,5856.0,5793.0,7416.0,6075.0,2347.0,1212.0,2516.0,1932.0,1930.0,1931.0,1952.0,1945.0,1959.0,4754.0,5003.0,5780.0,2347.0,1212.0,2516.0,1932.0,1930.0,1931.0
0.0,17097.0,5733.0,5794.0,7639.0,4173.0,1294.0,394.0,2485.0,1932.0,1930.0,1932.0,1921.0,1903.0,1909.0,5381.0,6508.0,5208.0,1294.0,394.0,2485.0,1932.0,1930.0,1932.0
0.0,19003.0,5821.0,5794.0,6075.0,3919.0,905.0,1121.0,1893.0,1932.0,1930.0,1932.0,1958.0,1939.0,1924.0,6434.0,7326.0,5243.0,905.0,1121.0,1893.0,1932.0,1930.0,1932.0
0.0,19257.0,5855.0,5795.0,4173.0,5605.0,1573.0,2683.0,1349.0,1932.0,1931.0,1932.0,1962.0,1952.0,1941.0,6823.0,6599.0,5835.0,1573.0,2683.0,1349.0,1932.0,1931.0,1932.0
0.0,17575.0,5854.0,5796.0,3919.0,7544.0,2629.0,3513.0,1402.0,1933.0,1931.0,1932.0,1957.0,1951.0,1946.0,6155.0,5041.0,6379.0,2629.0,3513.0,1402.0,1933.0,1931.0,1932.0
0.0,15640.0,5803.0,5797.0,5605.0,7746.0,3021.0,2766.0,1959.0,1934.0,1931.0,1932.0,1961.0,1936.0,1906.0,5103.0,4211.0,6326.0,3021.0,2766.0,1959.0,1934.0,1931.0,1932.0
0.0,15442.0,5862.0,5799.0,7544.0,6072.0,2359.0,1210.0,2503.0,1934.0,1932.0,1933.0,1967.0,1953.0,1942.0,4715.0,4958.0,5769.0,2359.0,1210.0,2503.0,1934.0,1932.0,1933.0
0.0,17124.0,5796.0,5799.0,7746.0,4122.0,1285.0,385.0,2452.0,1934.0,1932.0,1933.0,1947.0,1941.0,1908.0,5377.0,6518.0,5229.0,1285.0,385.0,2452.0,1934.0,1932.0,1933.0
0.0,19074.0,5911.0,5801.0,6072.0,3969.0,903.0,1143.0,1923.0,1934.0,1933.0,1934.0,1977.0,1964.0,1970.0,6451.0,7343.0,5280.0,903.0,1143.0,1923.0,1934.0,1933.0,1934.0
0.0,19235.0,5755.0,5801.0,4122.0,5602.0,1545.0,2685.0,1372.0,1934.0,1933.0,1934.0,1927.0,1927.0,1901.0,6833.0,6589.0,5813.0,1545.0,2685.0,1372.0,1934.0,1933.0,1934.0
0.0,17602.0,5791.0,5803.0,3969.0,7432.0,2572.0,3479.0,1381.0,1934.0,1934.0,1935.0,1930.0,1933.0,1928.0,6191.0,5047.0,6364.0,2572.0,3479.0,1381.0,1934.0,1934.0,1935.0
0.0,15780.0,5767.0,5804.0,5602.0,7601.0,2969.0,2706.0,1926.0,1935.0,1934.0,1935.0,1938.0,1912.0,1917.0,5164.0,4257.0,6359.0,2969.0,2706.0,1926.0,1935.0,1934.0,1935.0
0.0,15615.0,5717.0,5804.0,7432.0,5886.0,2312.0,1144.0,2430.0,1935.0,1935.0,1934.0,1915.0,1913.0,1889.0,4771.0,5030.0,5814.0,2312.0,1144.0,2430.0,1935.0,1935.0,1934.0
0.0,17330.0,5907.0,5808.0,7601.0,4208.0,1315.0,432.0,2461.0,1936.0,1937.0,1935.0,1968.0,1986.0,1953.0,5428.0,6596.0,5306.0,1315.0,432.0,2461.0,1936.0,1937.0,1935.0
0.0,19024.0,5873.0,5810.0,5886.0,4203.0,948.0,1261.0,1994.0,1937.0,1937.0,1936.0,1941.0,1973.0,1959.0,6429.0,7316.0,5279.0,948.0,1261.0,1994.0,1937.0,1937.0,1936.0
0.0,19037.0,5740.0,5810.0,4208.0,5735.0,1537.0,2766.0,1432.0,1936.0,1938.0,1936.0,1908.0,1933.0,1899.0,6800.0,6487.0,5750.0,1537.0,2766.0,1432.0,1936.0,1938.0,1936.0
0.0,17505.0,5973.0,5815.0,4203.0,7525.0,2575.0,3503.0,1447.0,1937.0,1940.0,1938.0,1982.0,1990.0,2001.0,6207.0,4986.0,6312.0,2575.0,3503.0,1447.0,1937.0,1940.0,1938.0
0.0,15735.0,5808.0,5817.0,5735.0,7606.0,2950.0,2675.0,1981.0,1937.0,1941.0,1939.0,1912.0,1934.0,1962.0,5173.0,4257.0,6305.0,2950.0,2675.0,1981.0,1937.0,1941.0,1939.0
0.0,15662.0,5918.0,5821.0,7525.0,6015.0,2332.0,1162.0,2521.0,1938.0,1943.0,1940.0,1953.0,1982.0,1983.0,4798.0,5089.0,5775.0,2332.0,1162.0,2521.0,1938.0,1943.0,1940.0
0.0,17269.0,5772.0,5822.0,7606.0,4185.0,1296.0,419.0,2470.0,1938.0,1943.0,1941.0,1914.0,1932.0,1926.0,5420.0,6610.0,5239.0,1296.0,419.0,2470.0,1938.0,1943.0,1941.0
0.0,19103.0,5753.0,5824.0,6015.0,3931.0,865.0,1201.0,1865.0,1938.0,1945.0,1941.0,1901.0,1936.0,1916.0,6456.0,7353.0,5294.0,865.0,1201.0,1865.0,1938.0,1945.0,1941.0
0.0,19365.0,5798.0,5824.0,4185.0,5544.0,1486.0,2705.0,1353.0,1938.0,1944.0,1942.0,1917.0,1927.0,1954.0,6887.0,6579.0,5899.0,1486.0,2705.0,1353.0,1938.0,1944.0,1942.0
0.0,17752.0,5920.0,5827.0,3931.0,7545.0,2578.0,3496.0,1471.0,1938.0,1946.0,1943.0,1957.0,1984.0,1979.0,6266.0,5071.0,6415.0,2578.0,3496.0,1471.0,1938.0,1946.0,1943.0
0.0,15763.0,5772.0,5826.0,5544.0,7769.0,2993.0,2714.0,2062.0,1938.0,1945.0,1943.0,1901.0,1927.0,1944.0,5174.0,4288.0,6301.0,2993.0,2714.0,2062.0,1938.0,1945.0,1943.0
0.0,15535.0,5950.0,5830.0,7545.0,6190.0,2403.0,1198.0,2589.0,1939.0,1946.0,1945.0,1984.0,1976.0,1990.0,4759.0,5066.0,5710.0,2403.0,1198.0,2589.0,1939.0,1946.0,1945.0
0.0,17130.0,5839.0,5832.0,7769.0,4268.0,1326.0,443.0,2499.0,1940.0,1946.0,1946.0,1912.0,1959.0,1968.0,5353.0,6586.0,5191.0,1326.0,443.0,2499.0,1940.0,1946.0,1946.0
0.0,19060.0,5862.0,5834.0,6190.0,3948.0,875.0,1193.0,1880.0,1940.0,1947.0,1947.0,1952.0,1944.0,1966.0,6434.0,7341.0,5285.0,875.0,1193.0,1880.0,1940.0,1947.0,1947.0
0.0,19388.0,5893.0,5837.0,4268.0,5585.0,1524.0,2702.0,1359.0,1942.0,1947.0,1948.0,1967.0,1952.0,1974.0,6885.0,6595.0,5908.0,1524.0,2702.0,1359.0,1942.0,1947.0,1948.0
0.0,17763.0,5828.0,5836.0,3948.0,7461.0,2562.0,3452.0,1447.0,1941.0,1947.0,1948.0,1917.0,1943.0,1968.0,6244.0,5086.0,6433.0,2562.0,3452.0,1447.0,1941.0,1947.0,1948.0
0.0,15883.0,5827.0,5836.0,5585.0,7703.0,2979.0,2683.0,2041.0,1942.0,1947.0,1947.0,1937.0,1933.0,1957.0,5202.0,4336.0,6345.0,2979.0,2683.0,2041.0,1942.0,1947.0,1947.0
0.0,15641.0,5826.0,5835.0,7461.0,6064.0,2367.0,1155.0,2542.0,1942.0,1946.0,1947.0,1950.0,1928.0,1948.0,4789.0,5105.0,5747.0,2367.0,1155.0,2542.0,1942.0,1946.0,1947.0
0.0,17276.0,5918.0,5834.0,7703.0,4275.0,1367.0,407.0,2501.0,1941.0,1945.0,1948.0,1983.0,1939.0,1996.0,5401.0,6629.0,5246.0,1367.0,407.0,2501.0,1941.0,1945.0,1948.0
0.0,19061.0,5929.0,5835.0,6064.0,4144.0,981.0,1219.0,1944.0,1942.0,1945.0,1948.0,1977.0,1967.0,1985.0,6397.0,7373.0,5291.0,981.0,1219.0,1944.0,1942.0,1945.0,1948.0
0.0,19196.0,5979.0,5838.0,4275.0,5860.0,1616.0,2799.0,1445.0,1943.0,1946.0,1949.0,1998.0,1983.0,1998.0,6787.0,6561.0,5848.0,1616.0,2799.0,1445.0,1943.0,1946.0,1949.0
0.0,17492.0,5914.0,5839.0,4144.0,7634.0,2629.0,3529.0,1476.0,1944.0,1946.0,1949.0,1990.0,1949.0,1975.0,6156.0,4985.0,6351.0,2629.0,3529.0,1476.0,1944.0,1946.0,1949.0
0.0,15722.0,5911.0,5840.0,5860.0,7689.0,2978.0,2697.0,2014.0,1944.0,1946.0,1950.0,1965.0,1967.0,1979.0,5147.0,4255.0,6320.0,2978.0,2697.0,2014.0,1944.0,1946.0,1950.0
0.0,15671.0,5899.0,5840.0,7634.0,5954.0,2331.0,1104.0,2519.0,1944.0,1946.0,1950.0,1982.0,1936.0,1981.0,4798.0,5087.0,5786.0,2331.0,1104.0,2519.0,1944.0,1946.0,1950.0
0.0,17406.0,5925.0,5842.0,7689.0,4198.0,1345.0,366.0,2487.0,1945.0,1946.0,1951.0,1988.0,1959.0,1978.0,5445.0,6680.0,5281.0,1345.0,366.0,2487.0,1945.0,1946.0,1951.0
0.0,19170.0,5895.0,5843.0,5954.0,4143.0,989.0,1197.0,1957.0,1945.0,1946.0,1952.0,1975.0,1935.0,1985.0,6435.0,7418.0,5317.0,989.0,1197.0,1957.0,1945.0,1946.0,1952.0
0.0,19229.0,5923.0,5846.0,4198.0,5880.0,1628.0,2801.0,1451.0,1946.0,1947.0,1953.0,1980.0,1966.0,1977.0,6791.0,6587.0,5851.0,1628.0,2801.0,1451.0,1946.0,1947.0,1953.0
0.0,17504.0,5972.0,5847.0,4143.0,7713.0,2628.0,3588.0,1497.0,1947.0,1947.0,1953.0,1985.0,1984.0,2003.0,6156.0,4987.0,6361.0,2628.0,3588.0,1497.0,1947.0,1947.0,1953.0
0.0,15675.0,5868.0,5848.0,5880.0,7705.0,2945.0,2728.0,2032.0,1947.0,1947.0,1954.0,1945.0,1941.0,1982.0,5160.0,4200.0,6315.0,2945.0,2728.0,2032.0,1947.0,1947.0,1954.0
0.0,15687.0,5933.0,5849.0,7713.0,5929.0,2308.0,1114.0,2507.0,1948.0,1947.0,1954.0,1987.0,1974.0,1972.0,4843.0,5060.0,5784.0,2308.0,1114.0,2507.0,1948.0,1947.0,1954.0
0.0,17467.0,5878.0,5850.0,7705.0,4106.0,1330.0,351.0,2425.0,1949.0,1947.0,1954.0,1963.0,1965.0,1950.0,5484.0,6674.0,5309.0,1330.0,351.0,2425.0,1949.0,1947.0,1954.0
0.0,19294.0,5891.0,5853.0,5929.0,4080.0,987.0,1208.0,1885.0,1950.0,1948.0,1955.0,1961.0,1967.0,1963.0,6466.0,7437.0,5391.0,987.0,1208.0,1885.0,1950.0,1948.0,1955.0
0.0,19332.0,5909.0,5856.0,4106.0,5895.0,1608.0,2847.0,1440.0,1950.0,1950.0,1956.0,1951.0,1982.0,1976.0,6813.0,6584.0,5935.0,1608.0,2847.0,1440.0,1950.0,1950.0,1956.0
0.0,17529.0,5860.0,5856.0,4080.0,7675.0,2553.0,3632.0,1490.0,1950.0,1951.0,1955.0,1932.0,1989.0,1939.0,6192.0,4953.0,6384.0,2553.0,3632.0,1490.0,1950.0,1951.0,1955.0
0.0,15749.0,5838.0,5855.0,5895.0,7614.0,2896.0,2743.0,1975.0,1950.0,1951.0,1954.0,1951.0,1958.0,1929.0,5247.0,4172.0,6330.0,2896.0,2743.0,1975.0,1950.0,1951.0,1954.0
0.0,15806.0,5863.0,5857.0,7675.0,5810.0,2299.0,1092.0,2419.0,1951.0,1952.0,1954.0,1952.0,1977.0,1934.0,4904.0,5061.0,5841.0,2299.0,1092.0,2419.0,1951.0,1952.0,1954.0
0.0,17618.0,5916.0,5860.0,7614.0,4124.0,1377.0,327.0,2420.0,1952.0,1953.0,1955.0,1970.0,1974.0,1972.0,5505.0,6716.0,5397.0,1377.0,327.0,2420.0,1952.0,1953.0,1955.0
0.0,19316.0,5828.0,5859.0,5810.0,4138.0,1029.0,1166.0,1943.0,1952.0,1952.0,1955.0,1951.0,1935.0,1942.0,6431.0,7485.0,5400.0,1029.0,1166.0,1943.0,1952.0,1952.0,1955.0
0.0,19298.0,5906.0,5860.0,4124.0,5924.0,1619.0,2812.0,1493.0,1953.0,1952.0,1955.0,1963.0,1973.0,1970.0,6779.0,6642.0,5877.0,1619.0,2812.0,1493.0,1953.0,1952.0,1955.0
0.0,17516.0,5968.0,5863.0,4138.0,7766.0,2571.0,3665.0,1530.0,1953.0,1954.0,1956.0,1981.0,2011.0,1976.0,6193.0,4996.0,6327.0,2571.0,3665.0,1530.0,1953.0,1954.0,1956.0
0.0,15686.0,5923.0,5865.0,5924.0,7773.0,2944.0,2842.0,1987.0,1954.0,1955.0,1956.0,1988.0,1985.0,1950.0,5241.0,4151.0,6294.0,2944.0,2842.0,1987.0,1954.0,1955.0,1956.0
0.0,15687.0,5834.0,5866.0,7766.0,5845.0,2317.0,1144.0,2384.0,1954.0,1956.0,1956.0,1944.0,1963.0,1927.0,4872.0,4978.0,5837.0,2317.0,1144.0,2384.0,1954.0,1956.0,1956.0
0.0,17619.0,5914.0,5867.0,7773.0,3990.0,1348.0,287.0,2355.0,1954.0,1956.0,1957.0,1975.0,1985.0,1954.0,5499.0,6680.0,5440.0,1348.0,287.0,2355.0,1954.0,1956.0,1957.0
0.0,19478.0,5908.0,5869.0,5845.0,4061.0,1015.0,1122.0,1924.0,1955.0,1957.0,1957.0,1980.0,1975.0,1953.0,6468.0,7537.0,5473.0,1015.0,1122.0,1924.0,1955.0,1957.0,1957.0
0.0,19415.0,5878.0,5871.0,3990.0,5957.0,1623.0,2811.0,1523.0,1955.0,1958.0,1958.0,1956.0,1972.0,1950.0,6805.0,6706.0,5904.0,1623.0,2811.0,1523.0,1955.0,1958.0,1958.0
0.0,17527.0,5818.0,5868.0,4061.0,7702.0,2557.0,3625.0,1520.0,1954.0,1957.0,1957.0,1953.0,1940.0,1925.0,6197.0,5021.0,6309.0,2557.0,3625.0,1520.0,1954.0,1957.0,1957.0
0.0,15770.0,5939.0,5872.0,5957.0,7700.0,2948.0,2795.0,1957.0,1956.0,1958.0,1958.0,2006.0,1977.0,1956.0,5259.0,4203.0,6308.0,2948.0,2795.0,1957.0,1956.0,1958.0,1958.0
0.0,15788.0,5954.0,5872.0,7702.0,5952.0,2384.0,1157.0,2411.0,1956.0,1958.0,1958.0,1993.0,1987.0,1974.0,4876.0,5037.0,5875.0,2384.0,1157.0,2411.0,1956.0,1958.0,1958.0
0.0,17536.0,5880.0,5875.0,7700.0,4144.0,1410.0,331.0,2403.0,1957.0,1959.0,1959.0,1970.0,1965.0,1945.0,5440.0,6675.0,5421.0,1410.0,331.0,2403.0,1957.0,1959.0,1959.0
0.0,19356.0,5788.0,5875.0,5952.0,3980.0,954.0,1092.0,1934.0,1957.0,1959.0,1959.0,1928.0,1918.0,1942.0,6418.0,7505.0,5433.0,954.0,1092.0,1934.0,1957.0,1959.0,1959.0
0.0,19520.0,5978.0,5879.0,4144.0,5830.0,1529.0,2753.0,1548.0,1958.0,1960.0,1961.0,1981.0,1988.0,2009.0,6874.0,6744.0,5902.0,1529.0,2753.0,1548.0,1958.0,1960.0,1961.0
0.0,17686.0,5913.0,5883.0,3980.0,7779.0,2550.0,3616.0,1613.0,1959.0,1961.0,1963.0,1971.0,1951.0,1991.0,6303.0,5087.0,6296.0,2550.0,3616.0,1613.0,1959.0,1961.0,1963.0
0.0,15753.0,5915.0,5884.0,5830.0,7868.0,2995.0,2820.0,2053.0,1959.0,1961.0,1964.0,1974.0,1957.0,1984.0,5286.0,4228.0,6239.0,2995.0,2820.0,2053.0,1959.0,1961.0,1964.0
0.0,15668.0,5796.0,5882.0,7779.0,5877.0,2364.0,1125.0,2388.0,1958.0,1960.0,1964.0,1923.0,1925.0,1948.0,4841.0,5024.0,5803.0,2364.0,1125.0,2388.0,1958.0,1960.0,1964.0
0.0,17651.0,5899.0,5884.0,7868.0,3916.0,1334.0,264.0,2318.0,1959.0,1960.0,1965.0,1961.0,1959.0,1979.0,5468.0,6715.0,5468.0,1334.0,264.0,2318.0,1959.0,1960.0,1965.0
0.0,19620.0,5909.0,5883.0,5877.0,3944.0,946.0,1116.0,1882.0,1959.0,1960.0,1964.0,1976.0,1977.0,1956.0,6502.0,7576.0,5542.0,946.0,1116.0,1882.0,1959.0,1960.0,1964.0
0.0,19588.0,5863.0,5884.0,3916.0,5895.0,1579.0,2779.0,1537.0,1960.0,1960.0,1964.0,1963.0,1927.0,1973.0,6890.0,6724.0,5974.0,1579.0,2779.0,1537.0,1960.0,1960.0,1964.0
0.0,17641.0,5856.0,5883.0,3944.0,7803.0,2578.0,3613.0,1612.0,1960.0,1959.0,1964.0,1945.0,1954.0,1957.0,6261.0,5061.0,6319.0,2578.0,3613.0,1612.0,1960.0,1959.0,1964.0
0.0,15729.0,5910.0,5886.0,5895.0,7830.0,2953.0,2824.0,2053.0,1961.0,1960.0,1965.0,1950.0,1986.0,1974.0,5262.0,4223.0,6244.0,2953.0,2824.0,2053.0,1961.0,1960.0,1965.0
0.0,15714.0,5875.0,5888.0,7803.0,5910.0,2327.0,1162.0,2421.0,1962.0,1960.0,1966.0,1948.0,1951.0,1976.0,4891.0,5016.0,5807.0,2327.0,1162.0,2421.0,1962.0,1960.0,1966.0
0.0,17642.0,6023.0,5893.0,7830.0,4123.0,1363.0,349.0,2411.0,1963.0,1962.0,1968.0,1985.0,2003.0,2035.0,5521.0,6678.0,5443.0,1363.0,349.0,2411.0,1963.0,1962.0,1968.0
0.0,19449.0,5924.0,5893.0,5910.0,4137.0,1001.0,1151.0,1985.0,1963.0,1962.0,1968.0,1965.0,1964.0,1995.0,6489.0,7499.0,5461.0,1001.0,1151.0,1985.0,1963.0,1962.0,1968.0
0.0,19435.0,5914.0,5896.0,4123.0,5940.0,1619.0,2758.0,1563.0,1965.0,1962.0,1969.0,1973.0,1956.0,1985.0,6851.0,6697.0,5887.0,1619.0,2758.0,1563.0,1965.0,1962.0,1969.0
0.0,17644.0,5803.0,5893.0,4137.0,7594.0,2527.0,3554.0,1513.0,1963.0,1962.0,1968.0,1917.0,1947.0,1939.0,6241.0,5090.0,6313.0,2527.0,3554.0,1513.0,1963.0,1962.0,1968.0
0.0,15978.0,5917.0,5894.0,5940.0,7575.0,2885.0,2760.0,1930.0,1964.0,1962.0,1968.0,1973.0,1964.0,1980.0,5325.0,4294.0,6359.0,2885.0,2760.0,1930.0,1964.0,1962.0,1968.0
0.0,16001.0,5992.0,5896.0,7594.0,5981.0,2341.0,1191.0,2449.0,1965.0,1962.0,1969.0,1979.0,1985.0,2028.0,4971.0,5088.0,5942.0,2341.0,1191.0,2449.0,1965.0,1962.0,1969.0
0.0,17603.0,5940.0,5897.0,7575.0,4350.0,1425.0,414.0,2511.0,1965.0,1963.0,1969.0,1969.0,1979.0,1992.0,5519.0,6657.0,5427.0,1425.0,414.0,2511.0,1965.0,1963.0,1969.0
0.0,19238.0,5953.0,5901.0,5981.0,4338.0,1091.0,1209.0,2038.0,1967.0,1964.0,1970.0,1999.0,1982.0,1972.0,6435.0,7438.0,5365.0,1091.0,1209.0,2038.0,1967.0,1964.0,1970.0
0.0,19266.0,5944.0,5902.0,4350.0,5936.0,1642.0,2777.0,1517.0,1967.0,1965.0,1970.0,1976.0,1978.0,1990.0,6777.0,6647.0,5842.0,1642.0,2777.0,1517.0,1967.0,1965.0,1970.0
0.0,17672.0,5962.0,5905.0,4338.0,7572.0,2549.0,3555.0,1468.0,1968.0,1966.0,1971.0,1994.0,1983.0,1985.0,6226.0,5083.0,6363.0,2549.0,3555.0,1468.0,1968.0,1966.0,1971.0
0.0,16048.0,6008.0,5907.0,5936.0,7652.0,2916.0,2779.0,1957.0,1969.0,1967.0,1971.0,2005.0,1997.0,2006.0,5323.0,4309.0,6416.0,2916.0,2779.0,1957.0,1969.0,1967.0,1971.0
0.0,15976.0,5856.0,5905.0,7572.0,5928.0,2297.0,1206.0,2425.0,1968.0,1967.0,1970.0,1934.0,1982.0,1940.0,4960.0,5089.0,5927.0,2297.0,1206.0,2425.0,1968.0,1967.0,1970.0
0.0,17692.0,6036.0,5906.0,7652.0,4316.0,1397.0,448.0,2471.0,1968.0,1968.0,1970.0,2016.0,2017.0,2003.0,5575.0,6662.0,5455.0,1397.0,448.0,2471.0,1968.0,1968.0,1970.0
0.0,19308.0,6012.0,5908.0,5928.0,4408.0,1107.0,1255.0,2046.0,1968.0,1969.0,1971.0,2007.0,2009.0,1996.0,6475.0,7424.0,5409.0,1107.0,1255.0,2046.0,1968.0,1969.0,1971.0
0.0,19224.0,6034.0,5911.0,4316.0,6138.0,1754.0,2828.0,1556.0,1970.0,1970.0,1971.0,2036.0,2017.0,1981.0,6765.0,6621.0,5838.0,1754.0,2828.0,1556.0,1970.0,1970.0,1971.0
0.0,17506.0,6024.0,5912.0,4408.0,7758.0,2650.0,3593.0,1515.0,1970.0,1971.0,1971.0,2003.0,2016.0,2005.0,6126.0,5052.0,6328.0,2650.0,3593.0,1515.0,1970.0,1971.0,1971.0
0.0,15890.0,5993.0,5913.0,6138.0,7617.0,2898.0,2785.0,1934.0,1970.0,1972.0,1971.0,2002.0,2016.0,1975.0,5230.0,4291.0,6369.0,2898.0,2785.0,1934.0,1970.0,1972.0,1971.0
0.0,16035.0,6088.0,5918.0,7758.0,5967.0,2291.0,1224.0,2452.0,1972.0,1974.0,1972.0,2035.0,2024.0,2029.0,4982.0,5103.0,5950.0,2291.0,1224.0,2452.0,1972.0,1974.0,1972.0
0.0,17705.0,5980.0,5918.0,7617.0,4330.0,1404.0,413.0,2513.0,1972.0,1974.0,1972.0,2011.0,1974.0,1995.0,5597.0,6672.0,5436.0,1404.0,413.0,2513.0,1972.0,1974.0,1972.0
0.0,19342.0,5992.0,5919.0,5967.0,4359.0,1111.0,1198.0,2050.0,1972.0,1975.0,1972.0,1998.0,2005.0,1989.0,6484.0,7483.0,5375.0,1111.0,1198.0,2050.0,1972.0,1975.0,1972.0
0.0,19317.0,6002.0,5922.0,4330.0,6043.0,1726.0,2804.0,1513.0,1974.0,1976.0,1972.0,2011.0,2015.0,1976.0,6777.0,6702.0,5838.0,1726.0,2804.0,1513.0,1974.0,1976.0,1972.0
0.0,17645.0,5927.0,5921.0,4359.0,7607.0,2582.0,3581.0,1444.0,1973.0,1976.0,1972.0,1971.0,1975.0,1981.0,6170.0,5100.0,6375.0,2582.0,3581.0,1444.0,1973.0,1976.0,1972.0
0.0,16077.0,6017.0,5924.0,6043.0,7593.0,2857.0,2794.0,1942.0,1974.0,1977.0,1973.0,1997.0,2013.0,2007.0,5310.0,4323.0,6444.0,2857.0,2794.0,1942.0,1974.0,1977.0,1973.0
0.0,16103.0,5848.0,5924.0,7607.0,5834.0,2218.0,1181.0,2435.0,1974.0,1977.0,1973.0,1943.0,1968.0,1937.0,5039.0,5114.0,5950.0,2218.0,1181.0,2435.0,1974.0,1977.0,1973.0
0.0,17862.0,5954.0,5925.0,7593.0,4199.0,1359.0,372.0,2468.0,1975.0,1977.0,1973.0,1994.0,1985.0,1975.0,5678.0,6727.0,5457.0,1359.0,372.0,2468.0,1975.0,1977.0,1973.0
0.0,19501.0,6004.0,5927.0,5834.0,4377.0,1144.0,1196.0,2037.0,1976.0,1977.0,1974.0,1999.0,2005.0,2000.0,6541.0,7536.0,5424.0,1144.0,1196.0,2037.0,1976.0,1977.0,1974.0
0.0,19331.0,6060.0,5931.0,4199.0,6254.0,1798.0,2876.0,1580.0,1977.0,1979.0,1975.0,2009.0,2044.0,2007.0,6760.0,6712.0,5859.0,1798.0,2876.0,1580.0,1977.0,1979.0,1975.0
0.0,17470.0,5905.0,5932.0,4377.0,7786.0,2630.0,3649.0,1507.0,1977.0,1979.0,1976.0,1976.0,1969.0,1960.0,6110.0,5040.0,6320.0,2630.0,3649.0,1507.0,1977.0,1979.0,1976.0
0.0,15942.0,5986.0,5933.0,6254.0,7522.0,2826.0,2768.0,1928.0,1978.0,1979.0,1976.0,1990.0,1995.0,2001.0,5278.0,4267.0,6397.0,2826.0,2768.0,1928.0,1978.0,1979.0,1976.0
0.0,16210.0,6044.0,5938.0,7786.0,5800.0,2223.0,1131.0,2446.0,1979.0,1981.0,1978.0,2023.0,2004.0,2017.0,5086.0,5148.0,5976.0,2223.0,1131.0,2446.0,1979.0,1981.0,1978.0
0.0,17952.0,6030.0,5940.0,7522.0,4316.0,1414.0,363.0,2539.0,1980.0,1981.0,1979.0,2013.0,2000.0,2017.0,5693.0,6793.0,5466.0,1414.0,363.0,2539.0,1980.0,1981.0,1979.0
0.0,19444.0,6016.0,5941.0,5800.0,4536.0,1206.0,1239.0,2091.0,1981.0,1981.0,1979.0,2011.0,2007.0,1998.0,6506.0,7561.0,5377.0,1206.0,1239.0,2091.0,1981.0,1981.0,1979.0
0.0,19228.0,6013.0,5943.0,4316.0,6241.0,1790.0,2891.0,1560.0,1981.0,1982.0,1980.0,1998.0,2011.0,2004.0,6718.0,6685.0,5825.0,1790.0,2891.0,1560.0,1981.0,1982.0,1980.0
0.0,17531.0,5879.0,5944.0,4536.0,7588.0,2561.0,3597.0,1430.0,1982.0,1981.0,1981.0,1973.0,1949.0,1957.0,6134.0,5037.0,6360.0,2561.0,3597.0,1430.0,1982.0,1981.0,1981.0
0.0,16188.0,5857.0,5943.0,6241.0,7200.0,2726.0,2666.0,1808.0,1981.0,1981.0,1981.0,1959.0,1960.0,1938.0,5367.0,4327.0,6494.0,2726.0,2666.0,1808.0,1981.0,1981.0,1981.0
0.0,16572.0,5898.0,5942.0,7588.0,5506.0,2132.0,1015.0,2359.0,1981.0,1980.0,1981.0,1967.0,1950.0,1981.0,5198.0,5258.0,6116.0,2132.0,1015.0,2359.0,1981.0,1980.0,1981.0
0.0,18262.0,5970.0,5945.0,7200.0,4288.0,1411.0,334.0,2543.0,1982.0,1981.0,1982.0,2001.0,1981.0,1988.0,5792.0,6905.0,5565.0,1411.0,334.0,2543.0,1982.0,1981.0,1982.0
0.0,19492.0,5938.0,5947.0,5506.0,4728.0,1283.0,1280.0,2165.0,1983.0,1981.0,1983.0,2000.0,1961.0,1977.0,6517.0,7590.0,5385.0,1283.0,1280.0,2165.0,1983.0,1981.0,1983.0
0.0,19060.0,6068.0,5949.0,4288.0,6516.0,1895.0,2956.0,1665.0,1983.0,1982.0,1984.0,2023.0,2006.0,2039.0,6649.0,6644.0,5767.0,1895.0,2956.0,1665.0,1983.0,1982.0,1984.0
0.0,17280.0,5954.0,5949.0,4728.0,7742.0,2625.0,3632.0,1485.0,1983.0,1981.0,1985.0,2013.0,1960.0,1981.0,6037.0,4972.0,6271.0,2625.0,3632.0,1485.0,1983.0,1981.0,1985.0
0.0,16054.0,5973.0,5950.0,6516.0,7203.0,2744.0,2661.0,1798.0,1984.0,1981.0,1985.0,2010.0,1985.0,1978.0,5307.0,4292.0,6455.0,2744.0,2661.0,1798.0,1984.0,1981.0,1985.0
0.0,16597.0,5979.0,5955.0,7742.0,5460.0,2132.0,1017.0,2311.0,1986.0,1983.0,1986.0,2005.0,1980.0,1994.0,5192.0,5263.0,6142.0,2132.0,1017.0,2311.0,1986.0,1983.0,1986.0
0.0,18360.0,5938.0,5954.0,7203.0,4191.0,1366.0,332.0,2493.0,1986.0,1982.0,1986.0,1978.0,1980.0,1980.0,5812.0,6915.0,5633.0,1366.0,332.0,2493.0,1986.0,1982.0,1986.0
0.0,19625.0,5968.0,5954.0,5460.0,4699.0,1235.0,1312.0,2152.0,1986.0,1983.0,1985.0,2001.0,1993.0,1974.0,6578.0,7596.0,5451.0,1235.0,1312.0,2152.0,1986.0,1983.0,1985.0
0.0,19117.0,6013.0,5956.0,4191.0,6529.0,1898.0,2986.0,1645.0,1987.0,1984.0,1985.0,2025.0,2002.0,1986.0,6709.0,6620.0,5788.0,1898.0,2986.0,1645.0,1987.0,1984.0,1985.0
0.0,17295.0,6047.0,5962.0,4699.0,7901.0,2681.0,3703.0,1517.0,1989.0,1986.0,1987.0,2010.0,2021.0,2016.0,6050.0,4950.0,6295.0,2681.0,3703.0,1517.0,1989.0,1986.0,1987.0
0.0,15947.0,5986.0,5963.0,6529.0,7362.0,2774.0,2714.0,1874.0,1989.0,1987.0,1987.0,1991.0,1993.0,2002.0,5275.0,4241.0,6431.0,2774.0,2714.0,1874.0,1989.0,1987.0,1987.0
0.0,16490.0,6124.0,5968.0,7901.0,5605.0,2135.0,1065.0,2405.0,1991.0,1988.0,1989.0,2034.0,2050.0,2040.0,5182.0,5234.0,6074.0,2135.0,1065.0,2405.0,1991.0,1988.0,1989.0
0.0,18267.0,6087.0,5972.0,7362.0,4346.0,1386.0,405.0,2555.0,1992.0,1990.0,1990.0,2021.0,2046.0,2020.0,5829.0,6887.0,5551.0,1386.0,405.0,2555.0,1992.0,1990.0,1990.0
0.0,19542.0,5990.0,5974.0,5605.0,4739.0,1238.0,1329.0,2172.0,1992.0,1991.0,1991.0,1987.0,1985.0,2018.0,6582.0,7555.0,5405.0,1238.0,1329.0,2172.0,1992.0,1991.0,1991.0
0.0,19157.0,5955.0,5975.0,4346.0,6352.0,1831.0,2911.0,1610.0,1993.0,1991.0,1991.0,1975.0,1987.0,1993.0,6730.0,6635.0,5792.0,1831.0,2911.0,1610.0,1993.0,1991.0,1991.0
0.0,17548.0,6055.0,5978.0,4739.0,7680.0,2605.0,3604.0,1471.0,1994.0,1992.0,1992.0,2008.0,2018.0,2029.0,6141.0,5053.0,6354.0,2605.0,3604.0,1471.0,1994.0,1992.0,1992.0
0.0,16232.0,6104.0,5980.0,6352.0,7440.0,2785.0,2741.0,1914.0,1995.0,1993.0,1992.0,2007.0,2044.0,2053.0,5371.0,4364.0,6497.0,2785.0,2741.0,1914.0,1995.0,1993.0,1992.0
0.0,16480.0,6059.0,5982.0,7680.0,5827.0,2186.0,1173.0,2468.0,1995.0,1994.0,1993.0,2006.0,2032.0,2021.0,5195.0,5231.0,6054.0,2186.0,1173.0,2468.0,1995.0,1994.0,1993.0
0.0,18101.0,5992.0,5984.0,7440.0,4387.0,1408.0,422.0,2557.0,1996.0,1995.0,1993.0,2003.0,1986.0,2003.0,5794.0,6803.0,5504.0,1408.0,422.0,2557.0,1996.0,1995.0,1993.0
0.0,19549.0,5922.0,5987.0,5827.0,4494.0,1191.0,1231.0,2072.0,1997.0,1996.0,1994.0,1965.0,1978.0,1979.0,6576.0,7558.0,5415.0,1191.0,1231.0,2072.0,1997.0,1996.0,1994.0
0.0,19454.0,6005.0,5988.0,4387.0,6116.0,1767.0,2813.0,1536.0,1997.0,1996.0,1995.0,1984.0,2004.0,2017.0,6797.0,6753.0,5904.0,1767.0,2813.0,1536.0,1997.0,1996.0,1995.0
0.0,17836.0,6064.0,5990.0,4494.0,7694.0,2591.0,3599.0,1504.0,1998.0,1997.0,1995.0,2011.0,2013.0,2040.0,6221.0,5171.0,6444.0,2591.0,3599.0,1504.0,1998.0,1997.0,1995.0
0.0,16266.0,6032.0,5992.0,6116.0,7618.0,2853.0,2805.0,1960.0,1999.0,1998.0,1995.0,2025.0,2015.0,1992.0,5401.0,4389.0,6476.0,2853.0,2805.0,1960.0,1999.0,1998.0,1995.0
0.0,16350.0,5967.0,5992.0,7694.0,5891.0,2231.0,1194.0,2466.0,1998.0,1998.0,1996.0,1973.0,1988.0,2006.0,5143.0,5187.0,6020.0,2231.0,1194.0,2466.0,1998.0,1998.0,1996.0
0.0,18077.0,6097.0,5995.0,7618.0,4382.0,1438.0,401.0,2543.0,2000.0,1998.0,1997.0,2052.0,2012.0,2033.0,5761.0,6798.0,5518.0,1438.0,401.0,2543.0,2000.0,1998.0,1997.0
0.0,19598.0,6055.0,5996.0,5891.0,4550.0,1224.0,1232.0,2094.0,2000.0,1999.0,1997.0,2017.0,2021.0,2017.0,6562.0,7591.0,5445.0,1224.0,1232.0,2094.0,2000.0,1999.0,1997.0
0.0,19434.0,6017.0,5997.0,4382.0,6189.0,1817.0,2811.0,1561.0,2001.0,1999.0,1997.0,2027.0,1980.0,2010.0,6776.0,6764.0,5894.0,1817.0,2811.0,1561.0,2001.0,1999.0,1997.0
0.0,17799.0,6090.0,6001.0,4550.0,7745.0,2640.0,3598.0,1507.0,2003.0,1999.0,1999.0,2039.0,2019.0,2032.0,6187.0,5185.0,6427.0,2640.0,3598.0,1507.0,2003.0,1999.0,1999.0
0.0,16259.0,6036.0,6000.0,6189.0,7588.0,2878.0,2790.0,1920.0,2003.0,1999.0,1998.0,2055.0,2003.0,1978.0,5372.0,4398.0,6489.0,2878.0,2790.0,1920.0,2003.0,1999.0,1998.0
0.0,16412.0,5997.0,6000.0,7745.0,5840.0,2253.0,1188.0,2399.0,2003.0,1999.0,1998.0,2015.0,1996.0,1986.0,5134.0,5206.0,6072.0,2253.0,1188.0,2399.0,2003.0,1999.0,1998.0
0.0,18160.0,5999.0,6000.0,7588.0,4251.0,1384.0,379.0,2488.0,2003.0,1998.0,1999.0,2009.0,1985.0,2005.0,5759.0,6808.0,5593.0,1384.0,379.0,2488.0,2003.0,1998.0,1999.0
0.0,19749.0,6011.0,6000.0,5840.0,4422.0,1154.0,1176.0,2092.0,2003.0,1998.0,1999.0,2023.0,1985.0,2003.0,6628.0,7613.0,5508.0,1154.0,1176.0,2092.0,2003.0,1998.0,1999.0
0.0,19578.0,6054.0,6001.0,4251.0,6229.0,1809.0,2789.0,1631.0,2004.0,1997.0,2000.0,2035.0,1996.0,2023.0,6858.0,6816.0,5904.0,1809.0,2789.0,1631.0,2004.0,1997.0,2000.0
0.0,17775.0,6091.0,6001.0,4422.0,7898.0,2724.0,3626.0,1548.0,2005.0,1997.0,1999.0,2065.0,2013.0,2013.0,6207.0,5199.0,6369.0,2724.0,3626.0,1548.0,2005.0,1997.0,1999.0
0.0,16106.0,6024.0,6002.0,6229.0,7697.0,2931.0,2825.0,1941.0,2005.0,1997.0,2000.0,2016.0,1988.0,2020.0,5296.0,4362.0,6448.0,2931.0,2825.0,1941.0,2005.0,1997.0,2000.0
0.0,16311.0,6067.0,6004.0,7898.0,5874.0,2231.0,1218.0,2425.0,2005.0,1998.0,2001.0,2024.0,2015.0,2028.0,5089.0,5163.0,6059.0,2231.0,1218.0,2425.0,2005.0,1998.0,2001.0
0.0,18142.0,5959.0,6003.0,7697.0,4132.0,1293.0,382.0,2457.0,2005.0,1997.0,2001.0,1993.0,1993.0,1973.0,5789.0,6774.0,5579.0,1293.0,382.0,2457.0,2005.0,1997.0,2001.0
0.0,19880.0,6045.0,6005.0,5874.0,4311.0,1089.0,1179.0,2043.0,2006.0,1998.0,2001.0,2023.0,2011.0,2011.0,6727.0,7606.0,5547.0,1089.0,1179.0,2043.0,2006.0,1998.0,2001.0
0.0,19709.0,6039.0,6004.0,4132.0,6214.0,1816.0,2790.0,1608.0,2006.0,1997.0,2001.0,2020.0,1997.0,2022.0,6935.0,6813.0,5961.0,1816.0,2790.0,1608.0,2006.0,1997.0,2001.0
0.0,17802.0,6105.0,6010.0,4311.0,8032.0,2781.0,3664.0,1587.0,2008.0,1999.0,2003.0,2046.0,2045.0,2014.0,6208.0,5198.0,6396.0,2781.0,3664.0,1587.0,2008.0,1999.0,2003.0
0.0,16008.0,6125.0,6013.0,6214.0,7955.0,3009.0,2920.0,2026.0,2009.0,2000.0,2004.0,2040.0,2042.0,2043.0,5251.0,4332.0,6425.0,3009.0,2920.0,2026.0,2009.0,2000.0,2004.0
0.0,16097.0,6063.0,6014.0,8032.0,5990.0,2240.0,1267.0,2483.0,2009.0,2000.0,2005.0,2012.0,2011.0,2040.0,5027.0,5080.0,5990.0,2240.0,1267.0,2483.0,2009.0,2000.0,2005.0
0.0,18066.0,6113.0,6015.0,7955.0,4152.0,1245.0,400.0,2507.0,2009.0,2000.0,2006.0,2014.0,2053.0,2046.0,5796.0,6733.0,5537.0,1245.0,400.0,2507.0,2009.0,2000.0,2006.0
0.0,19908.0,5979.0,6017.0,5990.0,4149.0,992.0,1138.0,2019.0,2010.0,2001.0,2006.0,1983.0,2001.0,1995.0,6791.0,7600.0,5517.0,992.0,1138.0,2019.0,2010.0,2001.0,2006.0
0.0,19919.0,6079.0,6019.0,4152.0,6084.0,1761.0,2783.0,1540.0,2010.0,2002.0,2007.0,2014.0,2041.0,2024.0,7048.0,6866.0,6005.0,1761.0,2783.0,1540.0,2010.0,2002.0,2007.0
0.0,17992.0,6136.0,6020.0,4149.0,8075.0,2796.0,3717.0,1562.0,2010.0,2003.0,2007.0,2027.0,2068.0,2041.0,6279.0,5225.0,6488.0,2796.0,3717.0,1562.0,2010.0,2003.0,2007.0
0.0,16005.0,6075.0,6021.0,6084.0,8070.0,3064.0,2967.0,2039.0,2010.0,2004.0,2007.0,2029.0,2029.0,2017.0,5244.0,4295.0,6466.0,3064.0,2967.0,2039.0,2010.0,2004.0,2007.0
0.0,16014.0,5941.0,6020.0,8075.0,5932.0,2234.0,1226.0,2472.0,2010.0,2003.0,2007.0,1966.0,1980.0,1995.0,4976.0,5049.0,5989.0,2234.0,1226.0,2472.0,2010.0,2003.0,2007.0
0.0,18148.0,6208.0,6023.0,8070.0,4082.0,1236.0,339.0,2507.0,2011.0,2004.0,2008.0,2062.0,2076.0,2070.0,5806.0,6786.0,5556.0,1236.0,339.0,2507.0,2011.0,2004.0,2008.0
0.0,20010.0,6183.0,6030.0,5932.0,4361.0,1076.0,1167.0,2118.0,2013.0,2006.0,2011.0,2066.0,2046.0,2071.0,6808.0,7677.0,5525.0,1076.0,1167.0,2118.0,2013.0,2006.0,2011.0
0.0,19759.0,5983.0,6032.0,4082.0,6270.0,1812.0,2829.0,1629.0,2013.0,2007.0,2012.0,1972.0,1997.0,2014.0,6976.0,6857.0,5926.0,1812.0,2829.0,1629.0,2013.0,2007.0,2012.0
0.0,17858.0,5972.0,6033.0,4361.0,7885.0,2726.0,3640.0,1519.0,2013.0,2007.0,2013.0,1990.0,1978.0,2004.0,6240.0,5199.0,6419.0,2726.0,3640.0,1519.0,2013.0,2007.0,2013.0
0.0,16247.0,6014.0,6034.0,6270.0,7633.0,2907.0,2830.0,1896.0,2013.0,2008.0,2013.0,1993.0,2015.0,2006.0,5326.0,4388.0,6533.0,2907.0,2830.0,1896.0,2013.0,2008.0,2013.0
0.0,16503.0,6119.0,6038.0,7885.0,5883.0,2212.0,1259.0,2412.0,2014.0,2010.0,2014.0,2027.0,2061.0,2031.0,5145.0,5202.0,6156.0,2212.0,1259.0,2412.0,2014.0,2010.0,2014.0
0.0,18269.0,6061.0,6037.0,7633.0,4307.0,1315.0,456.0,2536.0,2013.0,2010.0,2014.0,2014.0,2027.0,2020.0,5844.0,6781.0,5644.0,1315.0,456.0,2536.0,2013.0,2010.0,2014.0
0.0,19841.0,6078.0,6040.0,5883.0,4514.0,1156.0,1227.0,2131.0,2014.0,2012.0,2014.0,2049.0,2022.0,2007.0,6737.0,7584.0,5520.0,1156.0,1227.0,2131.0,2014.0,2012.0,2014.0
0.0,19646.0,6151.0,6043.0,4307.0,6370.0,1912.0,2815.0,1643.0,2015.0,2013.0,2015.0,2067.0,2040.0,2044.0,6900.0,6821.0,5925.0,1912.0,2815.0,1643.0,2015.0,2013.0,2015.0
0.0,17802.0,6058.0,6045.0,4514.0,7922.0,2770.0,3616.0,1536.0,2015.0,2014.0,2016.0,2014.0,2024.0,2020.0,6148.0,5237.0,6417.0,2770.0,3616.0,1536.0,2015.0,2014.0,2016.0
0.0,16258.0,6076.0,6048.0,6370.0,7640.0,2902.0,2835.0,1903.0,2017.0,2015.0,2016.0,2036.0,2030.0,2010.0,5290.0,4440.0,6528.0,2902.0,2835.0,1903.0,2017.0,2015.0,2016.0
0.0,16552.0,6114.0,6051.0,7922.0,5844.0,2132.0,1278.0,2434.0,2017.0,2016.0,2018.0,2000.0,2055.0,2059.0,5166.0,5225.0,6161.0,2132.0,1278.0,2434.0,2017.0,2016.0,2018.0
0.0,18360.0,6030.0,6051.0,7640.0,4234.0,1229.0,444.0,2561.0,2016.0,2016.0,2019.0,2003.0,2001.0,2026.0,5936.0,6786.0,5638.0,1229.0,444.0,2561.0,2016.0,2016.0,2019.0
0.0,19970.0,6173.0,6053.0,5844.0,4571.0,1148.0,1218.0,2205.0,2017.0,2016.0,2020.0,2047.0,2052.0,2074.0,6835.0,7620.0,5515.0,1148.0,1218.0,2205.0,2017.0,2016.0,2020.0
0.0,19641.0,5949.0,6053.0,4234.0,6286.0,1904.0,2751.0,1631.0,2017.0,2016.0,2020.0,1985.0,1977.0,1987.0,6920.0,6846.0,5875.0,1904.0,2751.0,1631.0,2017.0,2016.0,2020.0
0.0,17926.0,6096.0,6052.0,4571.0,7807.0,2771.0,3564.0,1472.0,2016.0,2016.0,2020.0,2019.0,2031.0,2046.0,6164.0,5313.0,6449.0,2771.0,3564.0,1472.0,2016.0,2016.0,2020.0
0.0,16401.0,5998.0,6051.0,6286.0,7515.0,2851.0,2802.0,1862.0,2016.0,2015.0,2020.0,1984.0,1993.0,2021.0,5293.0,4500.0,6608.0,2851.0,2802.0,1862.0,2016.0,2015.0,2020.0
0.0,16689.0,6110.0,6052.0,7807.0,5822.0,2098.0,1280.0,2444.0,2016.0,2016.0,2020.0,2018.0,2038.0,2054.0,5213.0,5258.0,6218.0,2098.0,1280.0,2444.0,2016.0,2016.0,2020.0
0.0,18386.0,6110.0,6055.0,7515.0,4429.0,1280.0,522.0,2627.0,2017.0,2017.0,2021.0,2029.0,2040.0,2041.0,5966.0,6784.0,5636.0,1280.0,522.0,2627.0,2017.0,2017.0,2021.0
0.0,19791.0,5994.0,6054.0,5822.0,4597.0,1176.0,1222.0,2199.0,2017.0,2016.0,2021.0,1994.0,1984.0,2016.0,6788.0,7546.0,5457.0,1176.0,1222.0,2199.0,2017.0,2016.0,2021.0
0.0,19619.0,6107.0,6054.0,4429.0,6275.0,1914.0,2738.0,1623.0,2017.0,2016.0,2021.0,2018.0,2038.0,2051.0,6892.0,6842.0,5885.0,1914.0,2738.0,1623.0,2017.0,2016.0,2021.0
0.0,17941.0,6007.0,6053.0,4597.0,7681.0,2744.0,3497.0,1440.0,2017.0,2015.0,2021.0,2006.0,1985.0,2016.0,6154.0,5326.0,6461.0,2744.0,3497.0,1440.0,2017.0,2015.0,2021.0
0.0,16531.0,5945.0,6053.0,6275.0,7351.0,2797.0,2747.0,1807.0,2017.0,2015.0,2021.0,1967.0,1988.0,1990.0,5324.0,4563.0,6644.0,2797.0,2747.0,1807.0,2017.0,2015.0,2021.0
0.0,16861.0,6022.0,6055.0,7681.0,5700.0,2046.0,1260.0,2394.0,2017.0,2016.0,2022.0,1993.0,2006.0,2023.0,5271.0,5313.0,6277.0,2046.0,1260.0,2394.0,2017.0,2016.0,2022.0
0.0,18520.0,6084.0,6056.0,7351.0,4437.0,1272.0,525.0,2640.0,2018.0,2016.0,2022.0,2019.0,2012.0,2053.0,6022.0,6804.0,5694.0,1272.0,525.0,2640.0,2018.0,2016.0,2022.0
0.0,19787.0,6004.0,6054.0,5700.0,4733.0,1212.0,1247.0,2274.0,2017.0,2015.0,2022.0,1990.0,1986.0,2028.0,6800.0,7539.0,5448.0,1212.0,1247.0,2274.0,2017.0,2015.0,2022.0
0.0,19483.0,6056.0,6055.0,4437.0,6356.0,1966.0,2734.0,1656.0,2017.0,2015.0,2023.0,2026.0,2012.0,2018.0,6856.0,6813.0,5814.0,1966.0,2734.0,1656.0,2017.0,2015.0,2023.0
0.0,17864.0,6205.0,6060.0,4733.0,7848.0,2832.0,3563.0,1453.0,2019.0,2017.0,2024.0,2070.0,2068.0,2067.0,6102.0,5326.0,6436.0,2832.0,3563.0,1453.0,2019.0,2017.0,2024.0
0.0,16392.0,6046.0,6059.0,6356.0,7534.0,2892.0,2819.0,1823.0,2019.0,2016.0,2024.0,2026.0,1994.0,2026.0,5244.0,4505.0,6643.0,2892.0,2819.0,1823.0,2019.0,2016.0,2024.0
0.0,16702.0,6137.0,6060.0,7848.0,5827.0,2140.0,1287.0,2400.0,2020.0,2016.0,2024.0,2076.0,2031.0,2030.0,5184.0,5245.0,6273.0,2140.0,1287.0,2400.0,2020.0,2016.0,2024.0
0.0,18413.0,6095.0,6061.0,7534.0,4392.0,1290.0,502.0,2600.0,2020.0,2017.0,2024.0,2042.0,2030.0,2023.0,5940.0,6777.0,5696.0,1290.0,502.0,2600.0,2020.0,2017.0,2024.0
0.0,19852.0,6077.0,6062.0,5827.0,4646.0,1181.0,1255.0,2210.0,2020.0,2018.0,2024.0,2031.0,2036.0,2010.0,6790.0,7566.0,5496.0,1181.0,1255.0,2210.0,2020.0,2018.0,2024.0
0.0,19602.0,6132.0,6063.0,4392.0,6390.0,1957.0,2790.0,1643.0,2020.0,2018.0,2025.0,2066.0,2037.0,2029.0,6899.0,6817.0,5886.0,1957.0,2790.0,1643.0,2020.0,2018.0,2025.0
0.0,17862.0,6130.0,6065.0,4646.0,7882.0,2859.0,3583.0,1440.0,2021.0,2019.0,2025.0,2079.0,2044.0,2007.0,6123.0,5282.0,6457.0,2859.0,3583.0,1440.0,2021.0,2019.0,2025.0
0.0,16378.0,6151.0,6069.0,6390.0,7659.0,2947.0,2855.0,1857.0,2022.0,2021.0,2026.0,2041.0,2054.0,2056.0,5225.0,4493.0,6660.0,2947.0,2855.0,1857.0,2022.0,2021.0,2026.0
0.0,16617.0,6240.0,6073.0,7882.0,6033.0,2178.0,1369.0,2486.0,2023.0,2023.0,2027.0,2086.0,2089.0,2065.0,5141.0,5229.0,6247.0,2178.0,1369.0,2486.0,2023.0,2023.0,2027.0
0.0,18259.0,6047.0,6073.0,7659.0,4421.0,1260.0,540.0,2621.0,2023.0,2023.0,2027.0,2029.0,2026.0,1992.0,5914.0,6723.0,5622.0,1260.0,540.0,2621.0,2023.0,2023.0,2027.0
0.0,19871.0,6145.0,6074.0,6033.0,4537.0,1131.0,1241.0,2165.0,2023.0,2024.0,2027.0,2049.0,2066.0,2030.0,6832.0,7552.0,5487.0,1131.0,1241.0,2165.0,2023.0,2024.0,2027.0
0.0,19759.0,6092.0,6075.0,4421.0,6212.0,1907.0,2753.0,1552.0,2023.0,2025.0,2027.0,2036.0,2048.0,2008.0,6961.0,6855.0,5943.0,1907.0,2753.0,1552.0,2023.0,2025.0,2027.0
0.0,18088.0,6099.0,6077.0,4537.0,7782.0,2826.0,3548.0,1408.0,2024.0,2026.0,2027.0,2046.0,2032.0,2021.0,6185.0,5347.0,6556.0,2826.0,3548.0,1408.0,2024.0,2026.0,2027.0
0.0,16526.0,6147.0,6080.0,6212.0,7729.0,2971.0,2868.0,1890.0,2025.0,2027.0,2028.0,2048.0,2069.0,2030.0,5270.0,4556.0,6700.0,2971.0,2868.0,1890.0,2025.0,2027.0,2028.0
0.0,16591.0,6146.0,6081.0,7782.0,6097.0,2196.0,1385.0,2516.0,2025.0,2028.0,2028.0,2051.0,2061.0,2034.0,5129.0,5240.0,6222.0,2196.0,1385.0,2516.0,2025.0,2028.0,2028.0
0.0,18227.0,6276.0,6086.0,7729.0,4664.0,1305.0,634.0,2725.0,2026.0,2030.0,2030.0,2076.0,2109.0,2091.0,5904.0,6727.0,5596.0,1305.0,634.0,2725.0,2026.0,2030.0,2030.0
0.0,19680.0,6113.0,6087.0,6097.0,4684.0,1136.0,1322.0,2226.0,2026.0,2031.0,2030.0,2027.0,2069.0,2017.0,6799.0,7486.0,5395.0,1136.0,1322.0,2226.0,2026.0,2031.0,2030.0
0.0,19664.0,6102.0,6086.0,4664.0,6118.0,1872.0,2726.0,1520.0,2026.0,2031.0,2029.0,2041.0,2038.0,2023.0,6968.0,6802.0,5894.0,1872.0,2726.0,1520.0,2026.0,2031.0,2029.0
0.0,18226.0,6175.0,6088.0,4684.0,7617.0,2785.0,3485.0,1347.0,2027.0,2032.0,2029.0,2045.0,2077.0,2053.0,6232.0,5398.0,6596.0,2785.0,3485.0,1347.0,2027.0,2032.0,2029.0
0.0,16735.0,6113.0,6088.0,6118.0,7612.0,2969.0,2797.0,1846.0,2027.0,2032.0,2029.0,2056.0,2038.0,2019.0,5323.0,4643.0,6769.0,2969.0,2797.0,1846.0,2027.0,2032.0,2029.0
0.0,16740.0,6090.0,6090.0,7617.0,6093.0,2207.0,1370.0,2516.0,2028.0,2033.0,2029.0,2019.0,2054.0,2017.0,5139.0,5331.0,6270.0,2207.0,1370.0,2516.0,2028.0,2033.0,2029.0
0.0,18267.0,6136.0,6092.0,7612.0,4625.0,1279.0,633.0,2713.0,2029.0,2033.0,2030.0,2037.0,2060.0,2039.0,5905.0,6762.0,5600.0,1279.0,633.0,2713.0,2029.0,2033.0,2030.0
0.0,19743.0,6191.0,6092.0,6093.0,4723.0,1143.0,1331.0,2249.0,2029.0,2033.0,2030.0,2071.0,2068.0,2052.0,6837.0,7499.0,5407.0,1143.0,1331.0,2249.0,2029.0,2033.0,2030.0
0.0,19645.0,6193.0,6095.0,4625.0,6303.0,1919.0,2759.0,1625.0,2030.0,2034.0,2031.0,2051.0,2057.0,2085.0,6973.0,6801.0,5871.0,1919.0,2759.0,1625.0,2030.0,2034.0,2031.0
0.0,18077.0,6116.0,6098.0,4723.0,7708.0,2822.0,3460.0,1426.0,2031.0,2035.0,2032.0,2042.0,2028.0,2046.0,6201.0,5377.0,6499.0,2822.0,3460.0,1426.0,2031.0,2035.0,2032.0
0.0,16684.0,6185.0,6097.0,6303.0,7586.0,2949.0,2751.0,1886.0,2031.0,2034.0,2032.0,2046.0,2054.0,2085.0,5302.0,4680.0,6702.0,2949.0,2751.0,1886.0,2031.0,2034.0,2032.0
0.0,16802.0,6152.0,6097.0,7708.0,6030.0,2175.0,1322.0,2533.0,2031.0,2034.0,2032.0,2048.0,2031.0,2073.0,5175.0,5385.0,6242.0,2175.0,1322.0,2533.0,2031.0,2034.0,2032.0
0.0,18358.0,6166.0,6100.0,7586.0,4622.0,1294.0,617.0,2711.0,2032.0,2035.0,2033.0,2064.0,2042.0,2060.0,5949.0,6814.0,5595.0,1294.0,617.0,2711.0,2032.0,2035.0,2033.0
0.0,19778.0,6160.0,6104.0,6030.0,4768.0,1188.0,1342.0,2238.0,2034.0,2036.0,2034.0,2061.0,2043.0,2056.0,6834.0,7523.0,5421.0,1188.0,1342.0,2238.0,2034.0,2036.0,2034.0
0.0,19648.0,6209.0,6108.0,4622.0,6371.0,1985.0,2794.0,1592.0,2036.0,2037.0,2035.0,2083.0,2065.0,2061.0,6948.0,6802.0,5898.0,1985.0,2794.0,1592.0,2036.0,2037.0,2035.0
0.0,18061.0,6184.0,6109.0,4768.0,7791.0,2853.0,3512.0,1426.0,2036.0,2037.0,2036.0,2056.0,2060.0,2068.0,6159.0,5354.0,6548.0,2853.0,3512.0,1426.0,2036.0,2037.0,2036.0
0.0,16645.0,6140.0,6111.0,6371.0,7568.0,2910.0,2758.0,1900.0,2037.0,2037.0,2037.0,2038.0,2040.0,2062.0,5291.0,4636.0,6718.0,2910.0,2758.0,1900.0,2037.0,2037.0,2037.0
0.0,16876.0,6092.0,6111.0,7791.0,5869.0,2096.0,1245.0,2528.0,2036.0,2037.0,2038.0,2043.0,1999.0,2050.0,5238.0,5390.0,6248.0,2096.0,1245.0,2528.0,2036.0,2037.0,2038.0
0.0,18575.0,6187.0,6112.0,7568.0,4492.0,1267.0,531.0,2694.0,2037.0,2037.0,2038.0,2077.0,2044.0,2066.0,6048.0,6903.0,5624.0,1267.0,531.0,2694.0,2037.0,2037.0,2038.0
0.0,19956.0,6087.0,6112.0,5869.0,4710.0,1217.0,1284.0,2209.0,2037.0,2036.0,2039.0,2046.0,2002.0,2039.0,6881.0,7617.0,5458.0,1217.0,1284.0,2209.0,2037.0,2036.0,2039.0
0.0,19738.0,6133.0,6113.0,4492.0,6355.0,2028.0,2777.0,1550.0,2038.0,2036.0,2039.0,2074.0,2024.0,2035.0,6931.0,6860.0,5947.0,2028.0,2777.0,1550.0,2038.0,2036.0,2039.0
0.0,18097.0,6186.0,6114.0,4710.0,7835.0,2874.0,3556.0,1405.0,2039.0,2036.0,2039.0,2059.0,2063.0,2064.0,6124.0,5367.0,6606.0,2874.0,3556.0,1405.0,2039.0,2036.0,2039.0
0.0,16621.0,6116.0,6117.0,6355.0,7608.0,2875.0,2820.0,1913.0,2040.0,2037.0,2040.0,2025.0,2037.0,2054.0,5282.0,4588.0,6751.0,2875.0,2820.0,1913.0,2040.0,2037.0,2040.0
0.0,16860.0,6105.0,6115.0,7835.0,5870.0,2019.0,1294.0,2557.0,2039.0,2037.0,2039.0,2022.0,2030.0,2053.0,5285.0,5328.0,6247.0,2019.0,1294.0,2557.0,2039.0,2037.0,2039.0
0.0,18590.0,6107.0,6118.0,7608.0,4381.0,1187.0,509.0,2685.0,2040.0,2038.0,2040.0,2039.0,2031.0,2037.0,6137.0,6854.0,5599.0,1187.0,509.0,2685.0,2040.0,2038.0,2040.0
0.0,20091.0,6155.0,6120.0,5870.0,4674.0,1218.0,1257.0,2199.0,2041.0,2038.0,2041.0,2046.0,2042.0,2067.0,6973.0,7643.0,5475.0,1218.0,1257.0,2199.0,2041.0,2038.0,2041.0
0.0,19806.0,6146.0,6122.0,4381.0,6447.0,2082.0,2818.0,1547.0,2042.0,2039.0,2041.0,2047.0,2066.0,2033.0,6946.0,6895.0,5965.0,2082.0,2818.0,1547.0,2042.0,2039.0,2041.0
0.0,18041.0,6189.0,6123.0,4674.0,7966.0,2917.0,3636.0,1413.0,2042.0,2040.0,2041.0,2053.0,2071.0,2065.0,6086.0,5338.0,6617.0,2917.0,3636.0,1413.0,2042.0,2040.0,2041.0
0.0,16526.0,6092.0,6124.0,6447.0,7615.0,2874.0,2851.0,1890.0,2043.0,2040.0,2041.0,2035.0,2033.0,2024.0,5251.0,4524.0,6751.0,2874.0,2851.0,1890.0,2043.0,2040.0,2041.0
0.0,16881.0,6044.0,6124.0,7966.0,5693.0,1975.0,1241.0,2477.0,2043.0,2041.0,2040.0,2018.0,2022.0,2004.0,5298.0,5309.0,6274.0,1975.0,1241.0,2477.0,2043.0,2041.0,2040.0
0.0,18803.0,6054.0,6123.0,7615.0,4128.0,1121.0,410.0,2597.0,2043.0,2040.0,2040.0,2020.0,2024.0,2010.0,6197.0,6923.0,5683.0,1121.0,410.0,2597.0,2043.0,2040.0,2040.0
0.0,20364.0,6172.0,6127.0,5693.0,4623.0,1184.0,1249.0,2190.0,2044.0,2042.0,2041.0,2034.0,2072.0,2066.0,7051.0,7750.0,5563.0,1184.0,1249.0,2190.0,2044.0,2042.0,2041.0
0.0,19885.0,6099.0,6129.0,4128.0,6602.0,2102.0,2879.0,1621.0,2045.0,2043.0,2041.0,2035.0,2036.0,2028.0,6992.0,6919.0,5974.0,2102.0,2879.0,1621.0,2045.0,2043.0,2041.0
0.0,17914.0,6092.0,6130.0,4623.0,8075.0,2956.0,3666.0,1453.0,2046.0,2043.0,2041.0,2034.0,2036.0,2022.0,6078.0,5293.0,6543.0,2956.0,3666.0,1453.0,2046.0,2043.0,2041.0
0.0,16445.0,6129.0,6132.0,6602.0,7610.0,2874.0,2875.0,1861.0,2046.0,2045.0,2041.0,2020.0,2080.0,2029.0,5228.0,4506.0,6711.0,2874.0,2875.0,1861.0,2046.0,2045.0,2041.0
0.0,16918.0,6209.0,6135.0,8075.0,5756.0,1996.0,1300.0,2460.0,2047.0,2047.0,2041.0,2074.0,2083.0,2052.0,5310.0,5305.0,6303.0,1996.0,1300.0,2460.0,2047.0,2047.0,2041.0
0.0,18784.0,6133.0,6137.0,7610.0,4287.0,1171.0,493.0,2623.0,2048.0,2048.0,2041.0,2045.0,2064.0,2024.0,6192.0,6888.0,5704.0,1171.0,493.0,2623.0,2048.0,2048.0,2041.0
0.0,20261.0,6206.0,6137.0,5756.0,4737.0,1261.0,1258.0,2218.0,2048.0,2048.0,2041.0,2086.0,2065.0,2055.0,7021.0,7699.0,5541.0,1261.0,1258.0,2218.0,2048.0,2048.0,2041.0
0.0,19811.0,6143.0,6139.0,4287.0,6601.0,2151.0,2825.0,1625.0,2049.0,2049.0,2041.0,2057.0,2056.0,2030.0,6931.0,6934.0,5946.0,2151.0,2825.0,1625.0,2049.0,2049.0,2041.0
0.0,17955.0,6118.0,6138.0,4737.0,7978.0,2934.0,3605.0,1439.0,2048.0,2049.0,2041.0,2048.0,2038.0,2032.0,6045.0,5371.0,6539.0,2934.0,3605.0,1439.0,2048.0,2049.0,2041.0
0.0,16574.0,6155.0,6140.0,6601.0,7540.0,2824.0,2865.0,1851.0,2048.0,2050.0,2042.0,2041.0,2081.0,2033.0,5258.0,4591.0,6725.0,2824.0,2865.0,1851.0,2048.0,2050.0,2042.0
0.0,17020.0,6146.0,6141.0,7978.0,5712.0,1947.0,1306.0,2459.0,2049.0,2050.0,2042.0,2053.0,2046.0,2047.0,5368.0,5335.0,6317.0,1947.0,1306.0,2459.0,2049.0,2050.0,2042.0
0.0,18852.0,6244.0,6143.0,7540.0,4424.0,1202.0,534.0,2688.0,2049.0,2051.0,2043.0,2079.0,2089.0,2076.0,6249.0,6894.0,5709.0,1202.0,534.0,2688.0,2049.0,2051.0,2043.0
0.0,20148.0,6265.0,6146.0,5712.0,4989.0,1348.0,1322.0,2319.0,2049.0,2052.0,2045.0,2093.0,2090.0,2082.0,6994.0,7670.0,5484.0,1348.0,1322.0,2319.0,2049.0,2052.0,2045.0
0.0,19595.0,6216.0,6147.0,4424.0,6785.0,2238.0,2860.0,1687.0,2050.0,2052.0,2045.0,2088.0,2072.0,2056.0,6848.0,6886.0,5861.0,2238.0,2860.0,1687.0,2050.0,2052.0,2045.0
0.0,17803.0,6125.0,6145.0,4989.0,7913.0,2932.0,3586.0,1395.0,2049.0,2052.0,2044.0,2046.0,2048.0,2031.0,5962.0,5348.0,6493.0,2932.0,3586.0,1395.0,2049.0,2052.0,2044.0
0.0,16667.0,6172.0,6147.0,6785.0,7308.0,2766.0,2780.0,1762.0,2050.0,2052.0,2045.0,2068.0,2054.0,2050.0,5264.0,4622.0,6781.0,2766.0,2780.0,1762.0,2050.0,2052.0,2045.0
0.0,17280.0,6104.0,6146.0,7913.0,5495.0,1887.0,1221.0,2387.0,2050.0,2051.0,2045.0,2053.0,2031.0,2020.0,5434.0,5428.0,6418.0,1887.0,1221.0,2387.0,2050.0,2051.0,2045.0
0.0,19089.0,6176.0,6147.0,7308.0,4367.0,1181.0,489.0,2697.0,2050.0,2051.0,2046.0,2060.0,2048.0,2068.0,6313.0,6983.0,5793.0,1181.0,489.0,2697.0,2050.0,2051.0,2046.0
0.0,20221.0,6129.0,6149.0,5495.0,5009.0,1350.0,1316.0,2343.0,2051.0,2052.0,2046.0,2052.0,2044.0,2033.0,7019.0,7715.0,5487.0,1350.0,1316.0,2343.0,2051.0,2052.0,2046.0
0.0,19587.0,6244.0,6150.0,4367.0,6890.0,2262.0,2903.0,1725.0,2051.0,2052.0,2047.0,2093.0,2076.0,2075.0,6854.0,6892.0,5841.0,2262.0,2903.0,1725.0,2051.0,2052.0,2047.0
0.0,17710.0,6244.0,6152.0,5009.0,8133.0,2988.0,3662.0,1483.0,2052.0,2052.0,2048.0,2072.0,2075.0,2097.0,5942.0,5305.0,6463.0,2988.0,3662.0,1483.0,2052.0,2052.0,2048.0
0.0,16475.0,6293.0,6152.0,6890.0,7536.0,2830.0,2853.0,1853.0,2052.0,2052.0,2048.0,2104.0,2094.0,2095.0,5220.0,4546.0,6709.0,2830.0,2853.0,1853.0,2052.0,2052.0,2048.0
0.0,17072.0,6139.0,6153.0,8133.0,5546.0,1899.0,1240.0,2407.0,2053.0,2051.0,2049.0,2053.0,2053.0,2033.0,5378.0,5355.0,6339.0,1899.0,1240.0,2407.0,2053.0,2051.0,2049.0
0.0,19066.0,6189.0,6155.0,7536.0,4207.0,1109.0,433.0,2665.0,2053.0,2052.0,2050.0,2040.0,2042.0,2107.0,6313.0,6964.0,5789.0,1109.0,433.0,2665.0,2053.0,2052.0,2050.0
0.0,20413.0,6125.0,6154.0,5546.0,4782.0,1219.0,1226.0,2337.0,2052.0,2051.0,2051.0,2013.0,2037.0,2075.0,7103.0,7775.0,5535.0,1219.0,1226.0,2337.0,2052.0,2051.0,2051.0
0.0,19834.0,6234.0,6156.0,4207.0,6817.0,2186.0,2862.0,1769.0,2053.0,2051.0,2052.0,2072.0,2069.0,2093.0,6989.0,6978.0,5867.0,2186.0,2862.0,1769.0,2053.0,2051.0,2052.0
0.0,17807.0,6191.0,6157.0,4782.0,8230.0,3023.0,3690.0,1517.0,2053.0,2051.0,2053.0,2056.0,2054.0,2081.0,6026.0,5342.0,6439.0,3023.0,3690.0,1517.0,2053.0,2051.0,2053.0
0.0,16398.0,6224.0,6160.0,6817.0,7649.0,2895.0,2895.0,1859.0,2054.0,2051.0,2055.0,2054.0,2067.0,2103.0,5189.0,4514.0,6695.0,2895.0,2895.0,1859.0,2054.0,2051.0,2055.0
0.0,16991.0,6198.0,6160.0,8230.0,5617.0,1900.0,1266.0,2451.0,2053.0,2051.0,2056.0,2032.0,2061.0,2105.0,5321.0,5309.0,6361.0,1900.0,1266.0,2451.0,2053.0,2051.0,2056.0
0.0,19023.0,6204.0,6160.0,7649.0,4172.0,1064.0,414.0,2694.0,2053.0,2051.0,2056.0,2059.0,2043.0,2102.0,6312.0,6938.0,5773.0,1064.0,414.0,2694.0,2053.0,2051.0,2056.0
0.0,20468.0,6166.0,6161.0,5617.0,4725.0,1208.0,1211.0,2306.0,2053.0,2052.0,2056.0,2044.0,2059.0,2063.0,7148.0,7790.0,5530.0,1208.0,1211.0,2306.0,2053.0,2052.0,2056.0
0.0,19919.0,6172.0,6161.0,4172.0,6725.0,2190.0,2861.0,1674.0,2053.0,2052.0,2056.0,2046.0,2064.0,2062.0,7004.0,6997.0,5918.0,2190.0,2861.0,1674.0,2053.0,2052.0,2056.0
0.0,17919.0,6236.0,6162.0,4725.0,8240.0,3040.0,3736.0,1464.0,2053.0,2053.0,2056.0,2058.0,2082.0,2096.0,6022.0,5347.0,6550.0,3040.0,3736.0,1464.0,2053.0,2053.0,2056.0
0.0,16408.0,6234.0,6165.0,6725.0,7761.0,2938.0,2958.0,1865.0,2054.0,2054.0,2057.0,2084.0,2079.0,2071.0,5172.0,4476.0,6760.0,2938.0,2958.0,1865.0,2054.0,2054.0,2057.0
0.0,16899.0,6251.0,6166.0,8240.0,5776.0,1969.0,1324.0,2483.0,2054.0,2055.0,2057.0,2071.0,2098.0,2082.0,5278.0,5258.0,6363.0,1969.0,1324.0,2483.0,2054.0,2055.0,2057.0
0.0,18888.0,6233.0,6167.0,7761.0,4252.0,1098.0,447.0,2707.0,2054.0,2055.0,2058.0,2067.0,2081.0,2085.0,6247.0,6896.0,5745.0,1098.0,447.0,2707.0,2054.0,2055.0,2058.0
0.0,20416.0,6266.0,6168.0,5776.0,4746.0,1219.0,1218.0,2309.0,2054.0,2056.0,2058.0,2090.0,2091.0,2085.0,7118.0,7773.0,5525.0,1219.0,1218.0,2309.0,2054.0,2056.0,2058.0
0.0,19926.0,6208.0,6169.0,4252.0,6706.0,2201.0,2836.0,1669.0,2055.0,2056.0,2058.0,2076.0,2065.0,2067.0,6997.0,7006.0,5923.0,2201.0,2836.0,1669.0,2055.0,2056.0,2058.0
0.0,17970.0,6248.0,6172.0,4746.0,8220.0,3084.0,3714.0,1422.0,2056.0,2058.0,2058.0,2098.0,2088.0,2062.0,6019.0,5388.0,6563.0,3084.0,3714.0,1422.0,2056.0,2058.0,2058.0
0.0,16468.0,6174.0,6172.0,6706.0,7688.0,2950.0,2924.0,1814.0,2056.0,2058.0,2058.0,2067.0,2046.0,2061.0,5140.0,4518.0,6810.0,2950.0,2924.0,1814.0,2056.0,2058.0,2058.0
0.0,17000.0,6184.0,6173.0,8220.0,5656.0,1928.0,1288.0,2440.0,2056.0,2059.0,2058.0,2062.0,2074.0,2048.0,5274.0,5308.0,6418.0,1928.0,1288.0,2440.0,2056.0,2059.0,2058.0
0.0,19036.0,6236.0,6176.0,7688.0,4216.0,1080.0,432.0,2704.0,2057.0,2060.0,2059.0,2098.0,2064.0,2074.0,6296.0,6948.0,5792.0,1080.0,432.0,2704.0,2057.0,2060.0,2059.0
0.0,20488.0,6279.0,6176.0,5656.0,4839.0,1248.0,1238.0,2353.0,2057.0,2060.0,2059.0,2096.0,2094.0,2089.0,7148.0,7808.0,5532.0,1248.0,1238.0,2353.0,2057.0,2060.0,2059.0
0.0,19865.0,6227.0,6180.0,4216.0,6866.0,2226.0,2905.0,1735.0,2058.0,2062.0,2060.0,2054.0,2091.0,2082.0,6980.0,7002.0,5883.0,2226.0,2905.0,1735.0,2058.0,2062.0,2060.0
0.0,17854.0,6228.0,6182.0,4839.0,8263.0,3056.0,3756.0,1451.0,2059.0,2063.0,2060.0,2074.0,2085.0,2069.0,6006.0,5343.0,6505.0,3056.0,3756.0,1451.0,2059.0,2063.0,2060.0
0.0,16465.0,6169.0,6182.0,6866.0,7566.0,2879.0,2925.0,1762.0,2059.0,2063.0,2060.0,2049.0,2074.0,2046.0,5180.0,4496.0,6789.0,2879.0,2925.0,1762.0,2059.0,2063.0,2060.0
0.0,17162.0,6087.0,6182.0,8263.0,5390.0,1848.0,1198.0,2344.0,2059.0,2063.0,2060.0,2025.0,2029.0,2033.0,5357.0,5327.0,6478.0,1848.0,1198.0,2344.0,2059.0,2063.0,2060.0
0.0,19338.0,6159.0,6182.0,7566.0,3983.0,1022.0,327.0,2634.0,2059.0,2063.0,2060.0,2053.0,2054.0,2052.0,6388.0,7054.0,5896.0,1022.0,327.0,2634.0,2059.0,2063.0,2060.0
0.0,20745.0,6167.0,6181.0,5390.0,4756.0,1203.0,1196.0,2357.0,2058.0,2063.0,2060.0,2033.0,2067.0,2067.0,7214.0,7925.0,5606.0,1203.0,1196.0,2357.0,2058.0,2063.0,2060.0
0.0,19968.0,6181.0,6184.0,3983.0,6966.0,2243.0,2941.0,1782.0,2059.0,2064.0,2061.0,2058.0,2068.0,2055.0,7029.0,7056.0,5883.0,2243.0,2941.0,1782.0,2059.0,2064.0,2061.0
0.0,17770.0,6126.0,6184.0,4756.0,8336.0,3075.0,3813.0,1448.0,2059.0,2064.0,2061.0,2035.0,2068.0,2023.0,5993.0,5315.0,6462.0,3075.0,3813.0,1448.0,2059.0,2064.0,2061.0
0.0,16400.0,6189.0,6187.0,6966.0,7571.0,2873.0,2969.0,1729.0,2059.0,2066.0,2062.0,2041.0,2089.0,2059.0,5161.0,4443.0,6796.0,2873.0,2969.0,1729.0,2059.0,2066.0,2062.0
0.0,17177.0,6159.0,6188.0,8336.0,5398.0,1843.0,1237.0,2318.0,2060.0,2066.0,2062.0,2041.0,2081.0,2037.0,5363.0,5295.0,6519.0,1843.0,1237.0,2318.0,2060.0,2066.0,2062.0
0.0,19354.0,6100.0,6188.0,7571.0,3927.0,1013.0,298.0,2616.0,2060.0,2066.0,2062.0,2043.0,2030.0,2027.0,6397.0,7027.0,5930.0,1013.0,298.0,2616.0,2060.0,2066.0,2062.0
0.0,20825.0,6066.0,6186.0,5398.0,4587.0,1184.0,1078.0,2325.0,2059.0,2065.0,2062.0,2018.0,2021.0,2027.0,7227.0,7966.0,5632.0,1184.0,1078.0,2325.0,2059.0,2065.0,2062.0
0.0,20157.0,6131.0,6186.0,3927.0,6791.0,2232.0,2800.0,1759.0,2060.0,2064.0,2062.0,2057.0,2024.0,2050.0,7052.0,7182.0,5923.0,2232.0,2800.0,1759.0,2060.0,2064.0,2062.0
0.0,17953.0,6115.0,6185.0,4587.0,8315.0,3103.0,3737.0,1475.0,2060.0,2063.0,2062.0,2055.0,2019.0,2041.0,6008.0,5456.0,6489.0,3103.0,3737.0,1475.0,2060.0,2063.0,2062.0
0.0,16425.0,6277.0,6188.0,6791.0,7813.0,2968.0,3028.0,1817.0,2061.0,2064.0,2063.0,2093.0,2087.0,2097.0,5137.0,4515.0,6773.0,2968.0,3028.0,1817.0,2061.0,2064.0,2063.0
0.0,16939.0,6142.0,6186.0,8315.0,5632.0,1900.0,1334.0,2398.0,2060.0,2063.0,2063.0,2039.0,2047.0,2056.0,5276.0,5228.0,6435.0,1900.0,1334.0,2398.0,2060.0,2063.0,2063.0
0.0,19112.0,6230.0,6188.0,7813.0,4057.0,1015.0,355.0,2687.0,2060.0,2063.0,2065.0,2083.0,2049.0,2098.0,6340.0,6918.0,5854.0,1015.0,355.0,2687.0,2060.0,2063.0,2065.0
0.0,20695.0,6288.0,6191.0,5632.0,4725.0,1209.0,1133.0,2383.0,2061.0,2064.0,2066.0,2090.0,2108.0,2090.0,7225.0,7897.0,5573.0,1209.0,1133.0,2383.0,2061.0,2064.0,2066.0
0.0,20039.0,6432.0,6197.0,4057.0,7124.0,2356.0,2935.0,1833.0,2063.0,2066.0,2068.0,2154.0,2149.0,2129.0,7035.0,7123.0,5881.0,2356.0,2935.0,1833.0,2063.0,2066.0,2068.0
0.0,17664.0,6270.0,6199.0,4725.0,8677.0,3248.0,3906.0,1523.0,2064.0,2067.0,2068.0,2097.0,2100.0,2073.0,5896.0,5329.0,6439.0,3248.0,3906.0,1523.0,2064.0,2067.0,2068.0
0.0,16119.0,6294.0,6200.0,7124.0,7851.0,3018.0,3055.0,1778.0,2065.0,2067.0,2068.0,2122.0,2084.0,2088.0,5008.0,4362.0,6749.0,3018.0,3055.0,1778.0,2065.0,2067.0,2068.0
0.0,16949.0,6192.0,6199.0,8677.0,5362.0,1866.0,1188.0,2308.0,2065.0,2066.0,2068.0,2096.0,2043.0,2053.0,5242.0,5213.0,6494.0,1866.0,1188.0,2308.0,2065.0,2066.0,2068.0
0.0,19434.0,6250.0,6199.0,7851.0,3761.0,931.0,212.0,2618.0,2065.0,2066.0,2068.0,2083.0,2079.0,2088.0,6394.0,7076.0,5964.0,931.0,212.0,2618.0,2065.0,2066.0,2068.0
0.0,21035.0,6117.0,6199.0,5362.0,4516.0,1102.0,1070.0,2344.0,2065.0,2066.0,2068.0,2037.0,2046.0,2034.0,7329.0,8052.0,5654.0,1102.0,1070.0,2344.0,2065.0,2066.0,2068.0
0.0,20280.0,6264.0,6202.0,3761.0,7031.0,2287.0,2952.0,1792.0,2066.0,2067.0,2069.0,2112.0,2090.0,2062.0,7158.0,7194.0,5928.0,2287.0,2952.0,1792.0,2066.0,2067.0,2069.0
0.0,17777.0,6214.0,6203.0,4516.0,8733.0,3251.0,3955.0,1527.0,2066.0,2067.0,2070.0,2066.0,2073.0,2075.0,5977.0,5316.0,6484.0,3251.0,3955.0,1527.0,2066.0,2067.0,2070.0
0.0,16079.0,6212.0,6204.0,7031.0,7918.0,3018.0,3074.0,1826.0,2066.0,2068.0,2070.0,2054.0,2067.0,2091.0,5013.0,4313.0,6753.0,3018.0,3074.0,1826.0,2066.0,2068.0,2070.0
0.0,16898.0,6231.0,6206.0,8733.0,5424.0,1841.0,1219.0,2364.0,2066.0,2069.0,2071.0,2074.0,2096.0,2061.0,5246.0,5198.0,6454.0,1841.0,1219.0,2364.0,2066.0,2069.0,2071.0
0.0,19400.0,6275.0,6206.0,7918.0,3781.0,895.0,252.0,2634.0,2066.0,2069.0,2071.0,2072.0,2107.0,2096.0,6423.0,7057.0,5920.0,895.0,252.0,2634.0,2066.0,2069.0,2071.0
0.0,21043.0,6363.0,6209.0,5424.0,4732.0,1169.0,1157.0,2406.0,2067.0,2070.0,2072.0,2111.0,2120.0,2132.0,7369.0,8024.0,5650.0,1169.0,1157.0,2406.0,2067.0,2070.0,2072.0
0.0,20104.0,6354.0,6209.0,3781.0,7305.0,2370.0,3038.0,1897.0,2066.0,2071.0,2072.0,2100.0,2129.0,2125.0,7099.0,7123.0,5882.0,2370.0,3038.0,1897.0,2066.0,2071.0,2072.0
0.0,17531.0,6321.0,6213.0,4732.0,8910.0,3304.0,3995.0,1611.0,2067.0,2072.0,2074.0,2099.0,2110.0,2112.0,5894.0,5246.0,6391.0,3304.0,3995.0,1611.0,2067.0,2072.0,2074.0
0.0,15942.0,6244.0,6214.0,7305.0,7853.0,3024.0,3020.0,1809.0,2068.0,2072.0,2074.0,2086.0,2063.0,2095.0,4964.0,4293.0,6685.0,3024.0,3020.0,1809.0,2068.0,2072.0,2074.0
0.0,17003.0,6284.0,6217.0,8910.0,5239.0,1799.0,1131.0,2309.0,2069.0,2074.0,2074.0,2075.0,2098.0,2111.0,5248.0,5268.0,6487.0,1799.0,1131.0,2309.0,2069.0,2074.0,2074.0
0.0,19629.0,6327.0,6219.0,7853.0,3721.0,865.0,225.0,2631.0,2070.0,2074.0,2075.0,2086.0,2114.0,2127.0,6477.0,7165.0,5987.0,865.0,225.0,2631.0,2070.0,2074.0,2075.0
0.0,21155.0,6269.0,6221.0,5239.0,4759.0,1170.0,1166.0,2423.0,2071.0,2075.0,2075.0,2100.0,2068.0,2101.0,7415.0,8071.0,5669.0,1170.0,1166.0,2423.0,2071.0,2075.0,2075.0
0.0,20125.0,6205.0,6221.0,3721.0,7243.0,2362.0,3005.0,1876.0,2071.0,2075.0,2075.0,2057.0,2064.0,2084.0,7114.0,7134.0,5877.0,2362.0,3005.0,1876.0,2071.0,2075.0,2075.0
0.0,17641.0,6273.0,6221.0,4759.0,8757.0,3267.0,3937.0,1553.0,2071.0,2075.0,2075.0,2075.0,2098.0,2100.0,5922.0,5295.0,6424.0,3267.0,3937.0,1553.0,2071.0,2075.0,2075.0
0.0,16127.0,6316.0,6224.0,7243.0,7842.0,2996.0,3060.0,1786.0,2072.0,2077.0,2075.0,2087.0,2120.0,2109.0,5017.0,4363.0,6747.0,2996.0,3060.0,1786.0,2072.0,2077.0,2075.0
0.0,17054.0,6308.0,6226.0,8757.0,5401.0,1824.0,1257.0,2320.0,2073.0,2078.0,2075.0,2091.0,2130.0,2087.0,5292.0,5248.0,6514.0,1824.0,1257.0,2320.0,2073.0,2078.0,2075.0
0.0,19503.0,6227.0,6228.0,7842.0,3794.0,892.0,290.0,2612.0,2073.0,2079.0,2076.0,2064.0,2089.0,2074.0,6468.0,7055.0,5980.0,892.0,290.0,2612.0,2073.0,2079.0,2076.0
0.0,21118.0,6219.0,6228.0,5401.0,4612.0,1152.0,1111.0,2349.0,2074.0,2079.0,2075.0,2080.0,2078.0,2061.0,7400.0,8026.0,5692.0,1152.0,1111.0,2349.0,2074.0,2079.0,2075.0
0.0,20300.0,6364.0,6229.0,3794.0,7186.0,2385.0,2947.0,1854.0,2074.0,2079.0,2076.0,2125.0,2126.0,2113.0,7144.0,7205.0,5951.0,2385.0,2947.0,1854.0,2074.0,2079.0,2076.0
0.0,17730.0,6328.0,6231.0,4612.0,8910.0,3331.0,3972.0,1607.0,2075.0,2080.0,2076.0,2094.0,2132.0,2102.0,5911.0,5369.0,6450.0,3331.0,3972.0,1607.0,2075.0,2080.0,2076.0
0.0,16014.0,6210.0,6231.0,7186.0,7934.0,3033.0,3078.0,1823.0,2075.0,2080.0,2076.0,2087.0,2053.0,2070.0,4969.0,4348.0,6697.0,3033.0,3078.0,1823.0,2075.0,2080.0,2076.0
0.0,16990.0,6376.0,6233.0,8910.0,5408.0,1855.0,1210.0,2343.0,2076.0,2080.0,2077.0,2149.0,2104.0,2123.0,5267.0,5242.0,6481.0,1855.0,1210.0,2343.0,2076.0,2080.0,2077.0
0.0,19524.0,6272.0,6234.0,7934.0,3750.0,921.0,214.0,2615.0,2077.0,2080.0,2077.0,2095.0,2082.0,2095.0,6449.0,7110.0,5965.0,921.0,214.0,2615.0,2077.0,2080.0,2077.0
0.0,21186.0,6212.0,6234.0,5408.0,4554.0,1136.0,1060.0,2358.0,2076.0,2080.0,2078.0,2074.0,2056.0,2082.0,7387.0,8106.0,5693.0,1136.0,1060.0,2358.0,2076.0,2080.0,2078.0
0.0,20382.0,6281.0,6236.0,3750.0,7093.0,2308.0,2922.0,1863.0,2077.0,2080.0,2079.0,2089.0,2076.0,2116.0,7168.0,7260.0,5954.0,2308.0,2922.0,1863.0,2077.0,2080.0,2079.0
0.0,17851.0,6257.0,6236.0,4554.0,8796.0,3264.0,3944.0,1588.0,2077.0,2080.0,2079.0,2092.0,2082.0,2083.0,6000.0,5398.0,6453.0,3264.0,3944.0,1588.0,2077.0,2080.0,2079.0
0.0,16148.0,6328.0,6239.0,7093.0,8043.0,3070.0,3132.0,1841.0,2078.0,2081.0,2080.0,2110.0,2106.0,2112.0,5044.0,4376.0,6728.0,3070.0,3132.0,1841.0,2078.0,2081.0,2080.0
0.0,16913.0,6310.0,6239.0,8796.0,5557.0,1931.0,1281.0,2345.0,2078.0,2081.0,2080.0,2125.0,2093.0,2092.0,5242.0,5192.0,6479.0,1931.0,1281.0,2345.0,2078.0,2081.0,2080.0
0.0,19399.0,6202.0,6239.0,8043.0,3716.0,924.0,213.0,2579.0,2078.0,2081.0,2080.0,2063.0,2064.0,2075.0,6381.0,7043.0,5975.0,924.0,213.0,2579.0,2078.0,2081.0,2080.0
0.0,21240.0,6256.0,6239.0,5557.0,4415.0,1075.0,1015.0,2325.0,2078.0,2081.0,2080.0,2082.0,2083.0,2091.0,7388.0,8111.0,5741.0,1075.0,1015.0,2325.0,2078.0,2081.0,2080.0
0.0,20541.0,6326.0,6242.0,3716.0,7037.0,2251.0,2907.0,1879.0,2079.0,2081.0,2082.0,2096.0,2105.0,2125.0,7237.0,7309.0,5995.0,2251.0,2907.0,1879.0,2079.0,2081.0,2082.0
0.0,17931.0,6246.0,6246.0,4415.0,8884.0,3279.0,3980.0,1625.0,2081.0,2082.0,2083.0,2095.0,2084.0,2067.0,6065.0,5417.0,6449.0,3279.0,3980.0,1625.0,2081.0,2082.0,2083.0
0.0,16100.0,6180.0,6246.0,7037.0,8027.0,3091.0,3127.0,1809.0,2081.0,2082.0,2083.0,2063.0,2054.0,2063.0,5045.0,4348.0,6707.0,3091.0,3127.0,1809.0,2081.0,2082.0,2083.0
0.0,16957.0,6223.0,6247.0,8884.0,5370.0,1894.0,1223.0,2253.0,2082.0,2082.0,2083.0,2078.0,2076.0,2069.0,5233.0,5201.0,6523.0,1894.0,1223.0,2253.0,2082.0,2082.0,2083.0
0.0,19618.0,6217.0,6247.0,8027.0,3560.0,869.0,168.0,2523.0,2082.0,2082.0,2083.0,2066.0,2072.0,2079.0,6434.0,7105.0,6079.0,869.0,168.0,2523.0,2082.0,2082.0,2083.0
0.0,21428.0,6232.0,6250.0,5370.0,4434.0,1055.0,1030.0,2349.0,2083.0,2083.0,2084.0,2076.0,2081.0,2075.0,7459.0,8160.0,5809.0,1055.0,1030.0,2349.0,2083.0,2083.0,2084.0
0.0,20566.0,6414.0,6254.0,3560.0,7304.0,2318.0,3008.0,1978.0,2084.0,2084.0,2086.0,2128.0,2142.0,2144.0,7277.0,7302.0,5987.0,2318.0,3008.0,1978.0,2084.0,2084.0,2086.0
0.0,17712.0,6260.0,6255.0,4434.0,9134.0,3346.0,4095.0,1693.0,2085.0,2084.0,2086.0,2079.0,2117.0,2064.0,6018.0,5328.0,6366.0,3346.0,4095.0,1693.0,2085.0,2084.0,2086.0
0.0,15886.0,6332.0,6260.0,7304.0,8182.0,3121.0,3204.0,1857.0,2086.0,2086.0,2088.0,2089.0,2109.0,2134.0,4994.0,4241.0,6651.0,3121.0,3204.0,1857.0,2086.0,2086.0,2088.0
0.0,16858.0,6320.0,6265.0,9134.0,5388.0,1875.0,1249.0,2264.0,2087.0,2088.0,2090.0,2096.0,2132.0,2092.0,5223.0,5140.0,6495.0,1875.0,1249.0,2264.0,2087.0,2088.0,2090.0
0.0,19672.0,6261.0,6267.0,8182.0,3475.0,848.0,137.0,2490.0,2088.0,2089.0,2090.0,2090.0,2088.0,2083.0,6473.0,7103.0,6096.0,848.0,137.0,2490.0,2088.0,2089.0,2090.0
0.0,21593.0,6368.0,6273.0,5388.0,4479.0,1094.0,1036.0,2349.0,2089.0,2092.0,2092.0,2117.0,2136.0,2115.0,7504.0,8219.0,5870.0,1094.0,1036.0,2349.0,2089.0,2092.0,2092.0
0.0,20613.0,6288.0,6273.0,3475.0,7292.0,2359.0,3009.0,1924.0,2090.0,2092.0,2091.0,2109.0,2110.0,2069.0,7262.0,7332.0,6019.0,2359.0,3009.0,1924.0,2090.0,2092.0,2091.0
0.0,17800.0,6323.0,6276.0,4479.0,9148.0,3393.0,4098.0,1657.0,2091.0,2093.0,2092.0,2124.0,2121.0,2078.0,6001.0,5359.0,6440.0,3393.0,4098.0,1657.0,2091.0,2093.0,2092.0
0.0,15956.0,6241.0,6276.0,7292.0,8097.0,3106.0,3191.0,1800.0,2091.0,2094.0,2091.0,2072.0,2098.0,2071.0,4971.0,4274.0,6711.0,3106.0,3191.0,1800.0,2091.0,2094.0,2091.0
0.0,17007.0,6340.0,6277.0,9148.0,5293.0,1825.0,1205.0,2263.0,2091.0,2094.0,2092.0,2112.0,2112.0,2116.0,5258.0,5185.0,6564.0,1825.0,1205.0,2263.0,2091.0,2094.0,2092.0
0.0,19815.0,6373.0,6276.0,8097.0,3565.0,849.0,144.0,2572.0,2091.0,2094.0,2091.0,2130.0,2130.0,2113.0,6539.0,7171.0,6105.0,849.0,144.0,2572.0,2091.0,2094.0,2091.0
0.0,21539.0,6331.0,6278.0,5293.0,4611.0,1140.0,1070.0,2401.0,2091.0,2095.0,2092.0,2116.0,2127.0,2088.0,7515.0,8232.0,5792.0,1140.0,1070.0,2401.0,2091.0,2095.0,2092.0
0.0,20501.0,6329.0,6278.0,3565.0,7375.0,2412.0,3028.0,1935.0,2091.0,2095.0,2092.0,2121.0,2102.0,2106.0,7224.0,7310.0,5967.0,2412.0,3028.0,1935.0,2091.0,2095.0,2092.0
0.0,17737.0,6353.0,6282.0,4611.0,9133.0,3402.0,4097.0,1634.0,2092.0,2097.0,2093.0,2126.0,2131.0,2096.0,5952.0,5352.0,6433.0,3402.0,4097.0,1634.0,2092.0,2097.0,2093.0
0.0,15995.0,6347.0,6283.0,7375.0,8109.0,3138.0,3186.0,1785.0,2093.0,2097.0,2093.0,2144.0,2117.0,2086.0,4966.0,4291.0,6738.0,3138.0,3186.0,1785.0,2093.0,2097.0,2093.0
0.0,17023.0,6381.0,6288.0,9133.0,5377.0,1871.0,1236.0,2270.0,2095.0,2099.0,2094.0,2127.0,2139.0,2115.0,5234.0,5202.0,6587.0,1871.0,1236.0,2270.0,2095.0,2099.0,2094.0
0.0,19775.0,6392.0,6290.0,8109.0,3668.0,882.0,191.0,2595.0,2095.0,2100.0,2095.0,2149.0,2137.0,2106.0,6509.0,7160.0,6106.0,882.0,191.0,2595.0,2095.0,2100.0,2095.0
0.0,21492.0,6362.0,6293.0,5377.0,4665.0,1129.0,1063.0,2473.0,2096.0,2101.0,2096.0,2114.0,2104.0,2144.0,7498.0,8209.0,5785.0,1129.0,1063.0,2473.0,2096.0,2101.0,2096.0
0.0,20507.0,6306.0,6295.0,3668.0,7311.0,2358.0,2963.0,1990.0,2097.0,2101.0,2097.0,2107.0,2091.0,2108.0,7255.0,7341.0,5911.0,2358.0,2963.0,1990.0,2097.0,2101.0,2097.0
0.0,17869.0,6398.0,6299.0,4665.0,9060.0,3369.0,4034.0,1657.0,2099.0,2102.0,2098.0,2132.0,2130.0,2136.0,6030.0,5441.0,6398.0,3369.0,4034.0,1657.0,2099.0,2102.0,2098.0
0.0,16136.0,6374.0,6300.0,7311.0,8127.0,3117.0,3203.0,1807.0,2099.0,2102.0,2099.0,2106.0,2132.0,2136.0,5027.0,4374.0,6735.0,3117.0,3203.0,1807.0,2099.0,2102.0,2099.0
0.0,17073.0,6438.0,6302.0,9060.0,5513.0,1873.0,1320.0,2320.0,2099.0,2103.0,2100.0,2125.0,2147.0,2166.0,5279.0,5205.0,6589.0,1873.0,1320.0,2320.0,2099.0,2103.0,2100.0
0.0,19695.0,6443.0,6304.0,8127.0,3837.0,894.0,252.0,2691.0,2100.0,2103.0,2101.0,2134.0,2135.0,2174.0,6523.0,7092.0,6080.0,894.0,252.0,2691.0,2100.0,2103.0,2101.0
0.0,21379.0,6400.0,6305.0,5513.0,4728.0,1157.0,1049.0,2522.0,2101.0,2103.0,2101.0,2132.0,2117.0,2151.0,7506.0,8160.0,5713.0,1157.0,1049.0,2522.0,2101.0,2103.0,2101.0
0.0,20492.0,6430.0,6309.0,3837.0,7337.0,2377.0,2951.0,2009.0,2101.0,2105.0,2103.0,2114.0,2146.0,2170.0,7247.0,7363.0,5882.0,2377.0,2951.0,2009.0,2101.0,2105.0,2103.0
0.0,17899.0,6369.0,6311.0,4728.0,8986.0,3334.0,4009.0,1643.0,2102.0,2105.0,2104.0,2110.0,2107.0,2152.0,6027.0,5469.0,6403.0,3334.0,4009.0,1643.0,2102.0,2105.0,2104.0
0.0,16258.0,6372.0,6312.0,7337.0,8025.0,3082.0,3179.0,1764.0,2103.0,2105.0,2104.0,2121.0,2121.0,2130.0,5074.0,4411.0,6773.0,3082.0,3179.0,1764.0,2103.0,2105.0,2104.0
0.0,17223.0,6271.0,6311.0,8986.0,5306.0,1816.0,1250.0,2240.0,2102.0,2105.0,2104.0,2072.0,2080.0,2119.0,5330.0,5241.0,6652.0,1816.0,1250.0,2240.0,2102.0,2105.0,2104.0
0.0,19938.0,6432.0,6316.0,8025.0,3733.0,885.0,216.0,2632.0,2104.0,2107.0,2105.0,2143.0,2137.0,2152.0,6592.0,7170.0,6176.0,885.0,216.0,2632.0,2104.0,2107.0,2105.0
0.0,21531.0,6335.0,6316.0,5306.0,4762.0,1173.0,1057.0,2532.0,2104.0,2106.0,2106.0,2104.0,2095.0,2136.0,7531.0,8212.0,5788.0,1173.0,1057.0,2532.0,2104.0,2106.0,2106.0
0.0,20502.0,6333.0,6317.0,3733.0,7366.0,2421.0,2951.0,1994.0,2105.0,2106.0,2106.0,2129.0,2110.0,2094.0,7243.0,7367.0,5892.0,2421.0,2951.0,1994.0,2105.0,2106.0,2106.0
0.0,17902.0,6388.0,6319.0,4762.0,9000.0,3366.0,4025.0,1609.0,2106.0,2106.0,2107.0,2114.0,2131.0,2143.0,5999.0,5473.0,6430.0,3366.0,4025.0,1609.0,2106.0,2106.0,2107.0
0.0,16276.0,6286.0,6320.0,7366.0,7924.0,3051.0,3141.0,1732.0,2106.0,2106.0,2108.0,2106.0,2067.0,2113.0,5058.0,4399.0,6819.0,3051.0,3141.0,1732.0,2106.0,2106.0,2108.0
0.0,17356.0,6348.0,6323.0,9000.0,5284.0,1801.0,1233.0,2250.0,2107.0,2107.0,2109.0,2112.0,2113.0,2123.0,5373.0,5283.0,6700.0,1801.0,1233.0,2250.0,2107.0,2107.0,2109.0
0.0,20008.0,6398.0,6322.0,7924.0,3754.0,897.0,212.0,2645.0,2107.0,2106.0,2109.0,2147.0,2124.0,2127.0,6627.0,7195.0,6186.0,897.0,212.0,2645.0,2107.0,2106.0,2109.0
0.0,21534.0,6376.0,6324.0,5284.0,4854.0,1215.0,1097.0,2542.0,2108.0,2106.0,2110.0,2115.0,2118.0,2143.0,7531.0,8212.0,5791.0,1215.0,1097.0,2542.0,2108.0,2106.0,2110.0
0.0,20442.0,6411.0,6328.0,3754.0,7527.0,2471.0,3021.0,2035.0,2109.0,2108.0,2111.0,2149.0,2128.0,2134.0,7217.0,7327.0,5898.0,2471.0,3021.0,2035.0,2109.0,2108.0,2111.0
0.0,17785.0,6367.0,6328.0,4854.0,9040.0,3350.0,4046.0,1644.0,2108.0,2108.0,2112.0,2098.0,2122.0,2147.0,5965.0,5411.0,6409.0,3350.0,4046.0,1644.0,2108.0,2108.0,2112.0
0.0,16272.0,6347.0,6329.0,7527.0,7864.0,2978.0,3169.0,1717.0,2108.0,2109.0,2112.0,2099.0,2140.0,2108.0,5082.0,4386.0,6804.0,2978.0,3169.0,1717.0,2108.0,2109.0,2112.0
0.0,17452.0,6437.0,6334.0,9040.0,5281.0,1793.0,1276.0,2212.0,2110.0,2111.0,2113.0,2157.0,2145.0,2135.0,5454.0,5267.0,6731.0,1793.0,1276.0,2212.0,2110.0,2111.0,2113.0
0.0,20055.0,6397.0,6336.0,7864.0,3822.0,963.0,254.0,2605.0,2111.0,2112.0,2113.0,2144.0,2143.0,2110.0,6647.0,7168.0,6240.0,963.0,254.0,2605.0,2111.0,2112.0,2113.0
0.0,21522.0,6337.0,6337.0,5281.0,4882.0,1289.0,1085.0,2508.0,2111.0,2113.0,2113.0,2119.0,2103.0,2115.0,7481.0,8194.0,5847.0,1289.0,1085.0,2508.0,2111.0,2113.0,2113.0
0.0,20466.0,6381.0,6338.0,3822.0,7445.0,2461.0,2959.0,2025.0,2112.0,2113.0,2113.0,2131.0,2128.0,2122.0,7155.0,7367.0,5944.0,2461.0,2959.0,2025.0,2112.0,2113.0,2113.0
0.0,17907.0,6405.0,6340.0,4882.0,8976.0,3314.0,4017.0,1645.0,2112.0,2114.0,2114.0,2142.0,2139.0,2124.0,5987.0,5493.0,6427.0,3314.0,4017.0,1645.0,2112.0,2114.0,2114.0
0.0,16384.0,6431.0,6344.0,7445.0,7978.0,2991.0,3208.0,1779.0,2113.0,2115.0,2116.0,2134.0,2146.0,2151.0,5134.0,4439.0,6811.0,2991.0,3208.0,1779.0,2113.0,2115.0,2116.0
0.0,17398.0,6290.0,6345.0,8976.0,5296.0,1778.0,1300.0,2218.0,2114.0,2116.0,2115.0,2097.0,2105.0,2088.0,5461.0,5252.0,6685.0,1778.0,1300.0,2218.0,2114.0,2116.0,2115.0
0.0,20084.0,6310.0,6344.0,7978.0,3624.0,869.0,225.0,2530.0,2113.0,2116.0,2115.0,2086.0,2133.0,2091.0,6678.0,7164.0,6242.0,869.0,225.0,2530.0,2113.0,2116.0,2115.0
0.0,21752.0,6306.0,6346.0,5296.0,4642.0,1176.0,1045.0,2421.0,2113.0,2117.0,2116.0,2085.0,2116.0,2105.0,7583.0,8239.0,5930.0,1176.0,1045.0,2421.0,2113.0,2117.0,2116.0
0.0,20742.0,6394.0,6350.0,3624.0,7428.0,2445.0,2949.0,2034.0,2115.0,2118.0,2117.0,2130.0,2125.0,2139.0,7276.0,7423.0,6043.0,2445.0,2949.0,2034.0,2115.0,2118.0,2117.0
0.0,17972.0,6346.0,6352.0,4642.0,9140.0,3373.0,4039.0,1728.0,2115.0,2119.0,2118.0,2104.0,2131.0,2111.0,6015.0,5523.0,6434.0,3373.0,4039.0,1728.0,2115.0,2119.0,2118.0
0.0,16268.0,6325.0,6354.0,7428.0,8045.0,3047.0,3193.0,1805.0,2116.0,2120.0,2118.0,2115.0,2099.0,2111.0,5087.0,4437.0,6744.0,3047.0,3193.0,1805.0,2116.0,2120.0,2118.0
0.0,17371.0,6352.0,6356.0,9140.0,5265.0,1774.0,1309.0,2182.0,2116.0,2121.0,2119.0,2100.0,2151.0,2101.0,5417.0,5287.0,6667.0,1774.0,1309.0,2182.0,2116.0,2121.0,2119.0
0.0,20159.0,6343.0,6355.0,8045.0,3559.0,831.0,240.0,2488.0,2116.0,2121.0,2118.0,2104.0,2124.0,2115.0,6690.0,7175.0,6294.0,831.0,240.0,2488.0,2116.0,2121.0,2118.0
0.0,21861.0,6294.0,6356.0,5265.0,4592.0,1154.0,1045.0,2393.0,2116.0,2121.0,2119.0,2097.0,2114.0,2083.0,7633.0,8244.0,5984.0,1154.0,1045.0,2393.0,2116.0,2121.0,2119.0
0.0,20832.0,6305.0,6356.0,3559.0,7338.0,2431.0,2918.0,1989.0,2117.0,2121.0,2118.0,2104.0,2113.0,2088.0,7310.0,7439.0,6083.0,2431.0,2918.0,1989.0,2117.0,2121.0,2118.0
0.0,18086.0,6350.0,6356.0,4592.0,9096.0,3383.0,4001.0,1712.0,2117.0,2121.0,2118.0,2106.0,2128.0,2116.0,6037.0,5566.0,6483.0,3383.0,4001.0,1712.0,2117.0,2121.0,2118.0
0.0,16328.0,6351.0,6357.0,7338.0,8113.0,3066.0,3192.0,1855.0,2117.0,2121.0,2119.0,2114.0,2109.0,2128.0,5085.0,4483.0,6760.0,3066.0,3192.0,1855.0,2117.0,2121.0,2119.0
0.0,17315.0,6425.0,6359.0,9096.0,5450.0,1835.0,1316.0,2299.0,2118.0,2121.0,2120.0,2148.0,2125.0,2152.0,5402.0,5292.0,6621.0,1835.0,1316.0,2299.0,2118.0,2121.0,2120.0
0.0,19986.0,6227.0,6357.0,8113.0,3556.0,848.0,173.0,2535.0,2117.0,2120.0,2120.0,2083.0,2053.0,2091.0,6637.0,7168.0,6181.0,848.0,173.0,2535.0,2117.0,2120.0,2120.0
0.0,21872.0,6339.0,6358.0,5450.0,4449.0,1130.0,979.0,2340.0,2117.0,2120.0,2121.0,2117.0,2122.0,2100.0,7620.0,8307.0,5945.0,1130.0,979.0,2340.0,2117.0,2120.0,2121.0
0.0,20983.0,6404.0,6361.0,3556.0,7309.0,2420.0,2938.0,1951.0,2118.0,2121.0,2122.0,2134.0,2128.0,2142.0,7338.0,7501.0,6144.0,2420.0,2938.0,1951.0,2118.0,2121.0,2122.0
0.0,18135.0,6406.0,6362.0,4449.0,9270.0,3445.0,4080.0,1745.0,2119.0,2121.0,2122.0,2151.0,2121.0,2134.0,6052.0,5546.0,6537.0,3445.0,4080.0,1745.0,2119.0,2121.0,2122.0
0.0,16178.0,6389.0,6363.0,7309.0,8354.0,3150.0,3263.0,1941.0,2119.0,2121.0,2123.0,2125.0,2121.0,2143.0,5031.0,4404.0,6743.0,3150.0,3263.0,1941.0,2119.0,2121.0,2123.0
0.0,17098.0,6438.0,6365.0,9270.0,5530.0,1858.0,1310.0,2362.0,2120.0,2121.0,2124.0,2149.0,2127.0,2162.0,5326.0,5221.0,6551.0,1858.0,1310.0,2362.0,2120.0,2121.0,2124.0
0.0,19930.0,6398.0,6366.0,8354.0,3578.0,861.0,162.0,2555.0,2120.0,2121.0,2125.0,2153.0,2115.0,2130.0,6622.0,7174.0,6134.0,861.0,162.0,2555.0,2120.0,2121.0,2125.0
0.0,21886.0,6361.0,6366.0,5530.0,4409.0,1128.0,953.0,2328.0,2120.0,2120.0,2126.0,2125.0,2105.0,2131.0,7619.0,8322.0,5945.0,1128.0,953.0,2328.0,2120.0,2120.0,2126.0
0.0,21055.0,6452.0,6368.0,3578.0,7291.0,2418.0,2935.0,1938.0,2120.0,2121.0,2127.0,2151.0,2140.0,2161.0,7352.0,7527.0,6176.0,2418.0,2935.0,1938.0,2120.0,2121.0,2127.0
0.0,18181.0,6442.0,6370.0,4409.0,9332.0,3441.0,4108.0,1783.0,2121.0,2121.0,2128.0,2147.0,2126.0,2169.0,6062.0,5549.0,6570.0,3441.0,4108.0,1783.0,2121.0,2121.0,2128.0
0.0,16148.0,6431.0,6370.0,7291.0,8472.0,3173.0,3292.0,2007.0,2121.0,2120.0,2129.0,2150.0,2123.0,2158.0,5043.0,4376.0,6729.0,3173.0,3292.0,2007.0,2121.0,2120.0,2129.0
0.0,17008.0,6386.0,6371.0,9332.0,5530.0,1866.0,1313.0,2351.0,2121.0,2121.0,2129.0,2134.0,2125.0,2127.0,5311.0,5188.0,6509.0,1866.0,1313.0,2351.0,2121.0,2121.0,2129.0
0.0,19954.0,6346.0,6372.0,8472.0,3408.0,833.0,115.0,2460.0,2122.0,2121.0,2129.0,2136.0,2094.0,2116.0,6618.0,7171.0,6165.0,833.0,115.0,2460.0,2122.0,2121.0,2129.0
0.0,22080.0,6373.0,6372.0,5530.0,4251.0,1085.0,930.0,2236.0,2122.0,2121.0,2129.0,2118.0,2128.0,2127.0,7655.0,8369.0,6056.0,1085.0,930.0,2236.0,2122.0,2121.0,2129.0
0.0,21237.0,6460.0,6372.0,3408.0,7303.0,2390.0,2965.0,1948.0,2122.0,2121.0,2129.0,2138.0,2150.0,2172.0,7403.0,7554.0,6280.0,2390.0,2965.0,1948.0,2122.0,2121.0,2129.0
0.0,18185.0,6413.0,6372.0,4251.0,9465.0,3458.0,4141.0,1866.0,2123.0,2120.0,2129.0,2149.0,2110.0,2154.0,6098.0,5519.0,6568.0,3458.0,4141.0,1866.0,2123.0,2120.0,2129.0
0.0,16023.0,6459.0,6373.0,7303.0,8625.0,3202.0,3341.0,2082.0,2123.0,2121.0,2129.0,2134.0,2161.0,2164.0,5034.0,4339.0,6650.0,3202.0,3341.0,2082.0,2123.0,2121.0,2129.0
0.0,16867.0,6414.0,6372.0,9465.0,5570.0,1863.0,1333.0,2374.0,2122.0,2121.0,2129.0,2123.0,2133.0,2158.0,5290.0,5143.0,6434.0,1863.0,1333.0,2374.0,2122.0,2121.0,2129.0
0.0,19918.0,6341.0,6371.0,8625.0,3282.0,754.0,119.0,2409.0,2122.0,2121.0,2128.0,2093.0,2127.0,2121.0,6625.0,7151.0,6142.0,754.0,119.0,2409.0,2122.0,2121.0,2128.0
0.0,22202.0,6311.0,6369.0,5570.0,4015.0,952.0,921.0,2142.0,2121.0,2121.0,2127.0,2065.0,2135.0,2111.0,7734.0,8365.0,6103.0,952.0,921.0,2142.0,2121.0,2121.0,2127.0
0.0,21461.0,6438.0,6371.0,3282.0,7179.0,2331.0,2963.0,1885.0,2121.0,2122.0,2128.0,2133.0,2157.0,2148.0,7532.0,7563.0,6366.0,2331.0,2963.0,1885.0,2121.0,2122.0,2128.0
0.0,18305.0,6428.0,6374.0,4015.0,9604.0,3521.0,4193.0,1890.0,2123.0,2123.0,2128.0,2134.0,2147.0,2147.0,6153.0,5525.0,6627.0,3521.0,4193.0,1890.0,2123.0,2123.0,2128.0
0.0,15892.0,6447.0,6374.0,7179.0,8872.0,3350.0,3364.0,2158.0,2123.0,2123.0,2128.0,2160.0,2134.0,2153.0,4971.0,4299.0,6622.0,3350.0,3364.0,2158.0,2123.0,2123.0,2128.0
0.0,16624.0,6486.0,6378.0,9604.0,5770.0,1971.0,1365.0,2434.0,2124.0,2125.0,2129.0,2138.0,2186.0,2162.0,5142.0,5128.0,6354.0,1971.0,1365.0,2434.0,2124.0,2125.0,2129.0
0.0,19742.0,6456.0,6380.0,8872.0,3362.0,766.0,158.0,2438.0,2124.0,2126.0,2130.0,2145.0,2153.0,2158.0,6525.0,7135.0,6082.0,766.0,158.0,2438.0,2124.0,2126.0,2130.0
0.0,22158.0,6440.0,6380.0,5770.0,4032.0,922.0,958.0,2152.0,2124.0,2126.0,2130.0,2127.0,2165.0,2148.0,7730.0,8346.0,6082.0,922.0,958.0,2152.0,2124.0,2126.0,2130.0
0.0,21488.0,6375.0,6382.0,3362.0,7053.0,2270.0,2949.0,1834.0,2124.0,2128.0,2130.0,2114.0,2141.0,2120.0,7574.0,7546.0,6368.0,2270.0,2949.0,1834.0,2124.0,2128.0,2130.0
0.0,18475.0,6353.0,6382.0,4032.0,9374.0,3470.0,4111.0,1793.0,2124.0,2128.0,2130.0,2122.0,2120.0,2111.0,6226.0,5563.0,6686.0,3470.0,4111.0,1793.0,2124.0,2128.0,2130.0
0.0,16154.0,6525.0,6385.0,7053.0,8858.0,3383.0,3335.0,2140.0,2125.0,2129.0,2131.0,2179.0,2169.0,2177.0,5026.0,4401.0,6727.0,3383.0,3335.0,2140.0,2125.0,2129.0,2131.0
0.0,16682.0,6366.0,6384.0,9374.0,5846.0,2039.0,1351.0,2456.0,2125.0,2129.0,2130.0,2126.0,2127.0,2113.0,5117.0,5181.0,6384.0,2039.0,1351.0,2456.0,2125.0,2129.0,2130.0
0.0,19690.0,6418.0,6384.0,8858.0,3406.0,812.0,155.0,2439.0,2125.0,2129.0,2130.0,2156.0,2139.0,2123.0,6461.0,7165.0,6064.0,812.0,155.0,2439.0,2125.0,2129.0,2130.0
0.0,22130.0,6415.0,6386.0,5846.0,3983.0,910.0,965.0,2108.0,2126.0,2130.0,2130.0,2133.0,2157.0,2125.0,7688.0,8361.0,6081.0,910.0,965.0,2108.0,2126.0,2130.0,2130.0
0.0,21561.0,6455.0,6387.0,3406.0,7036.0,2245.0,2980.0,1811.0,2127.0,2130.0,2130.0,2143.0,2170.0,2142.0,7594.0,7555.0,6412.0,2245.0,2980.0,1811.0,2127.0,2130.0,2130.0
0.0,18512.0,6484.0,6389.0,3983.0,9545.0,3494.0,4167.0,1884.0,2127.0,2131.0,2131.0,2159.0,2148.0,2177.0,6263.0,5540.0,6709.0,3494.0,4167.0,1884.0,2127.0,2131.0,2131.0
0.0,16011.0,6282.0,6386.0,7036.0,8779.0,3349.0,3261.0,2169.0,2126.0,2129.0,2131.0,2104.0,2082.0,2096.0,5014.0,4357.0,6640.0,3349.0,3261.0,2169.0,2126.0,2129.0,2131.0
0.0,16765.0,6394.0,6388.0,9545.0,5636.0,2021.0,1217.0,2398.0,2127.0,2130.0,2131.0,2162.0,2119.0,2113.0,5155.0,5255.0,6355.0,2021.0,1217.0,2398.0,2127.0,2130.0,2131.0
0.0,19916.0,6318.0,6387.0,8779.0,3171.0,789.0,45.0,2337.0,2127.0,2129.0,2131.0,2117.0,2093.0,2108.0,6487.0,7303.0,6126.0,789.0,45.0,2337.0,2127.0,2129.0,2131.0
0.0,22377.0,6448.0,6387.0,5636.0,3983.0,935.0,958.0,2090.0,2127.0,2129.0,2131.0,2167.0,2130.0,2151.0,7719.0,8471.0,6187.0,935.0,958.0,2090.0,2127.0,2129.0,2131.0
0.0,21565.0,6274.0,6385.0,3171.0,7078.0,2264.0,2993.0,1821.0,2127.0,2128.0,2130.0,2118.0,2084.0,2072.0,7573.0,7558.0,6434.0,2264.0,2993.0,1821.0,2127.0,2128.0,2130.0
0.0,18462.0,6428.0,6387.0,3983.0,9531.0,3495.0,4158.0,1878.0,2128.0,2128.0,2131.0,2162.0,2123.0,2143.0,6244.0,5519.0,6699.0,3495.0,4158.0,1878.0,2128.0,2128.0,2131.0
0.0,16017.0,6274.0,6385.0,7078.0,8719.0,3329.0,3260.0,2130.0,2128.0,2127.0,2130.0,2098.0,2099.0,2077.0,5017.0,4354.0,6646.0,3329.0,3260.0,2130.0,2128.0,2127.0,2130.0
0.0,16821.0,6332.0,6387.0,9531.0,5528.0,1942.0,1203.0,2383.0,2129.0,2127.0,2131.0,2104.0,2101.0,2127.0,5183.0,5248.0,6390.0,1942.0,1203.0,2383.0,2129.0,2127.0,2131.0
0.0,20020.0,6442.0,6387.0,8719.0,3251.0,776.0,68.0,2407.0,2129.0,2127.0,2131.0,2163.0,2125.0,2154.0,6574.0,7305.0,6141.0,776.0,68.0,2407.0,2129.0,2127.0,2131.0
0.0,22297.0,6355.0,6388.0,5528.0,4082.0,967.0,969.0,2146.0,2130.0,2127.0,2131.0,2129.0,2104.0,2122.0,7740.0,8440.0,6117.0,967.0,969.0,2146.0,2130.0,2127.0,2131.0
0.0,21470.0,6404.0,6389.0,3251.0,7239.0,2327.0,3019.0,1893.0,2130.0,2127.0,2132.0,2136.0,2118.0,2150.0,7553.0,7539.0,6378.0,2327.0,3019.0,1893.0,2130.0,2127.0,2132.0
0.0,18317.0,6354.0,6389.0,4082.0,9511.0,3497.0,4158.0,1856.0,2131.0,2126.0,2132.0,2133.0,2112.0,2109.0,6193.0,5489.0,6635.0,3497.0,4158.0,1856.0,2131.0,2126.0,2132.0
0.0,16045.0,6354.0,6390.0,7239.0,8630.0,3273.0,3252.0,2105.0,2131.0,2126.0,2133.0,2103.0,2113.0,2138.0,5027.0,4346.0,6672.0,3273.0,3252.0,2105.0,2131.0,2126.0,2133.0
0.0,16930.0,6458.0,6393.0,9511.0,5589.0,1925.0,1253.0,2411.0,2132.0,2127.0,2134.0,2145.0,2155.0,2158.0,5251.0,5252.0,6427.0,1925.0,1253.0,2411.0,2132.0,2127.0,2134.0
0.0,19983.0,6424.0,6394.0,8630.0,3387.0,789.0,138.0,2460.0,2132.0,2127.0,2135.0,2137.0,2137.0,2150.0,6603.0,7255.0,6125.0,789.0,138.0,2460.0,2132.0,2127.0,2135.0
0.0,22189.0,6466.0,6397.0,5589.0,4276.0,1005.0,1046.0,2225.0,2133.0,2128.0,2136.0,2137.0,2157.0,2172.0,7739.0,8370.0,6080.0,1005.0,1046.0,2225.0,2133.0,2128.0,2136.0
0.0,21312.0,6459.0,6400.0,3387.0,7360.0,2362.0,3063.0,1935.0,2134.0,2129.0,2137.0,2142.0,2151.0,2166.0,7527.0,7466.0,6319.0,2362.0,3063.0,1935.0,2134.0,2129.0,2137.0
0.0,18240.0,6366.0,6399.0,4276.0,9446.0,3475.0,4140.0,1831.0,2133.0,2129.0,2137.0,2122.0,2123.0,2121.0,6174.0,5453.0,6613.0,3475.0,4140.0,1831.0,2133.0,2129.0,2137.0
0.0,16150.0,6359.0,6401.0,7360.0,8453.0,3213.0,3192.0,2048.0,2133.0,2130.0,2138.0,2100.0,2111.0,2148.0,5057.0,4376.0,6717.0,3213.0,3192.0,2048.0,2133.0,2130.0,2138.0
0.0,17151.0,6486.0,6404.0,9446.0,5505.0,1893.0,1224.0,2388.0,2134.0,2131.0,2139.0,2151.0,2168.0,2167.0,5319.0,5328.0,6504.0,1893.0,1224.0,2388.0,2134.0,2131.0,2139.0
0.0,20111.0,6405.0,6403.0,8453.0,3453.0,815.0,144.0,2494.0,2134.0,2130.0,2139.0,2135.0,2116.0,2154.0,6643.0,7300.0,6168.0,815.0,144.0,2494.0,2134.0,2130.0,2139.0
0.0,22159.0,6457.0,6404.0,5505.0,4409.0,1079.0,1078.0,2252.0,2134.0,2131.0,2139.0,2157.0,2154.0,2146.0,7721.0,8376.0,6062.0,1079.0,1078.0,2252.0,2134.0,2131.0,2139.0
0.0,21207.0,6501.0,6407.0,3453.0,7469.0,2449.0,3099.0,1921.0,2135.0,2132.0,2140.0,2181.0,2161.0,2159.0,7457.0,7446.0,6304.0,2449.0,3099.0,1921.0,2135.0,2132.0,2140.0
0.0,18159.0,6378.0,6406.0,4409.0,9434.0,3491.0,4151.0,1792.0,2135.0,2132.0,2139.0,2121.0,2130.0,2127.0,6091.0,5429.0,6639.0,3491.0,4151.0,1792.0,2135.0,2132.0,2139.0
0.0,16190.0,6504.0,6408.0,7469.0,8477.0,3213.0,3220.0,2044.0,2135.0,2133.0,2140.0,2171.0,2164.0,2169.0,5049.0,4377.0,6764.0,3213.0,3220.0,2044.0,2135.0,2133.0,2140.0
0.0,17155.0,6515.0,6411.0,9434.0,5570.0,1910.0,1229.0,2431.0,2136.0,2134.0,2141.0,2184.0,2156.0,2175.0,5327.0,5312.0,6516.0,1910.0,1229.0,2431.0,2136.0,2134.0,2141.0
0.0,20074.0,6606.0,6413.0,8477.0,3707.0,914.0,215.0,2578.0,2137.0,2135.0,2141.0,2213.0,2202.0,2191.0,6634.0,7307.0,6133.0,914.0,215.0,2578.0,2137.0,2135.0,2141.0
0.0,21945.0,6562.0,6416.0,5570.0,4711.0,1215.0,1173.0,2323.0,2139.0,2136.0,2141.0,2203.0,2183.0,2176.0,7634.0,8325.0,5986.0,1215.0,1173.0,2323.0,2139.0,2136.0,2141.0
0.0,20953.0,6471.0,6417.0,3707.0,7479.0,2453.0,3101.0,1925.0,2139.0,2136.0,2142.0,2152.0,2143.0,2176.0,7341.0,7371.0,6241.0,2453.0,3101.0,1925.0,2139.0,2136.0,2142.0
0.0,18189.0,6576.0,6420.0,4711.0,9356.0,3440.0,4113.0,1803.0,2140.0,2137.0,2143.0,2198.0,2181.0,2197.0,6103.0,5443.0,6643.0,3440.0,4113.0,1803.0,2140.0,2137.0,2143.0
0.0,16324.0,6472.0,6423.0,7479.0,8361.0,3142.0,3186.0,2033.0,2140.0,2139.0,2144.0,2155.0,2166.0,2151.0,5120.0,4435.0,6769.0,3142.0,3186.0,2033.0,2140.0,2139.0,2144.0
0.0,17331.0,6496.0,6426.0,9356.0,5513.0,1854.0,1257.0,2402.0,2141.0,2140.0,2145.0,2148.0,2180.0,2168.0,5418.0,5370.0,6543.0,1854.0,1257.0,2402.0,2141.0,2140.0,2145.0
0.0,20191.0,6570.0,6428.0,8361.0,3730.0,895.0,274.0,2561.0,2142.0,2141.0,2145.0,2179.0,2199.0,2192.0,6710.0,7303.0,6178.0,895.0,274.0,2561.0,2142.0,2141.0,2145.0
0.0,21982.0,6445.0,6428.0,5513.0,4662.0,1179.0,1170.0,2313.0,2141.0,2142.0,2145.0,2142.0,2149.0,2154.0,7673.0,8290.0,6019.0,1179.0,1170.0,2313.0,2141.0,2142.0,2145.0
0.0,21050.0,6519.0,6429.0,3730.0,7455.0,2468.0,3068.0,1919.0,2142.0,2142.0,2145.0,2180.0,2172.0,2167.0,7385.0,7398.0,6267.0,2468.0,3068.0,1919.0,2142.0,2142.0,2145.0
0.0,18261.0,6424.0,6429.0,4662.0,9217.0,3421.0,4040.0,1756.0,2142.0,2142.0,2145.0,2132.0,2142.0,2150.0,6100.0,5500.0,6661.0,3421.0,4040.0,1756.0,2142.0,2142.0,2145.0
0.0,16499.0,6461.0,6431.0,7455.0,8231.0,3101.0,3127.0,2003.0,2143.0,2142.0,2146.0,2144.0,2155.0,2162.0,5147.0,4528.0,6824.0,3101.0,3127.0,2003.0,2143.0,2142.0,2146.0
0.0,17493.0,6451.0,6434.0,9217.0,5477.0,1846.0,1236.0,2395.0,2145.0,2143.0,2146.0,2158.0,2145.0,2148.0,5471.0,5441.0,6581.0,1846.0,1236.0,2395.0,2145.0,2143.0,2146.0
0.0,20259.0,6486.0,6436.0,8231.0,3740.0,908.0,271.0,2561.0,2146.0,2143.0,2147.0,2159.0,2162.0,2165.0,6734.0,7336.0,6189.0,908.0,271.0,2561.0,2146.0,2143.0,2147.0
0.0,22004.0,6468.0,6436.0,5477.0,4731.0,1229.0,1186.0,2316.0,2146.0,2143.0,2147.0,2167.0,2151.0,2150.0,7676.0,8301.0,6027.0,1229.0,1186.0,2316.0,2146.0,2143.0,2147.0
0.0,21013.0,6475.0,6436.0,3740.0,7466.0,2480.0,3052.0,1934.0,2146.0,2143.0,2147.0,2159.0,2137.0,2179.0,7355.0,7386.0,6272.0,2480.0,3052.0,1934.0,2146.0,2143.0,2147.0
0.0,18278.0,6454.0,6435.0,4731.0,9185.0,3391.0,4017.0,1777.0,2146.0,2142.0,2147.0,2140.0,2155.0,2159.0,6104.0,5520.0,6654.0,3391.0,4017.0,1777.0,2146.0,2142.0,2147.0
0.0,16555.0,6555.0,6438.0,7466.0,8286.0,3099.0,3143.0,2044.0,2147.0,2143.0,2148.0,2184.0,2174.0,2197.0,5193.0,4551.0,6811.0,3099.0,3143.0,2044.0,2147.0,2143.0,2148.0
0.0,17466.0,6519.0,6439.0,9185.0,5624.0,1895.0,1305.0,2424.0,2148.0,2143.0,2148.0,2183.0,2179.0,2157.0,5489.0,5429.0,6548.0,1895.0,1305.0,2424.0,2148.0,2143.0,2148.0
0.0,20132.0,6368.0,6440.0,8286.0,3710.0,934.0,294.0,2482.0,2149.0,2143.0,2148.0,2134.0,2132.0,2102.0,6697.0,7267.0,6168.0,934.0,294.0,2482.0,2149.0,2143.0,2148.0
0.0,22050.0,6451.0,6441.0,5624.0,4541.0,1184.0,1115.0,2242.0,2149.0,2143.0,2149.0,2145.0,2126.0,2180.0,7662.0,8278.0,6110.0,1184.0,1115.0,2242.0,2149.0,2143.0,2149.0
0.0,21223.0,6398.0,6438.0,3710.0,7217.0,2394.0,2942.0,1881.0,2148.0,2142.0,2148.0,2148.0,2125.0,2125.0,7412.0,7457.0,6354.0,2394.0,2942.0,1881.0,2148.0,2142.0,2148.0
0.0,18535.0,6460.0,6440.0,4541.0,9144.0,3389.0,3968.0,1787.0,2149.0,2142.0,2149.0,2175.0,2141.0,2144.0,6198.0,5626.0,6711.0,3389.0,3968.0,1787.0,2149.0,2142.0,2149.0
0.0,16616.0,6552.0,6443.0,7217.0,8491.0,3200.0,3213.0,2078.0,2150.0,2143.0,2150.0,2201.0,2183.0,2168.0,5207.0,4600.0,6809.0,3200.0,3213.0,2078.0,2150.0,2143.0,2150.0
0.0,17281.0,6477.0,6444.0,9144.0,5828.0,2004.0,1387.0,2437.0,2151.0,2143.0,2150.0,2189.0,2142.0,2146.0,5400.0,5359.0,6522.0,2004.0,1387.0,2437.0,2151.0,2143.0,2150.0
0.0,19948.0,6564.0,6447.0,8491.0,3913.0,1029.0,347.0,2537.0,2153.0,2143.0,2151.0,2217.0,2173.0,2174.0,6600.0,7185.0,6163.0,1029.0,347.0,2537.0,2153.0,2143.0,2151.0
0.0,21875.0,6521.0,6446.0,5828.0,4602.0,1222.0,1133.0,2247.0,2153.0,2143.0,2150.0,2197.0,2173.0,2151.0,7583.0,8225.0,6067.0,1222.0,1133.0,2247.0,2153.0,2143.0,2150.0
0.0,21182.0,6460.0,6451.0,3913.0,7169.0,2386.0,2936.0,1847.0,2155.0,2145.0,2151.0,2185.0,2142.0,2133.0,7390.0,7439.0,6353.0,2386.0,2936.0,1847.0,2155.0,2145.0,2151.0
0.0,18635.0,6396.0,6451.0,4602.0,8963.0,3319.0,3927.0,1717.0,2155.0,2145.0,2151.0,2155.0,2124.0,2117.0,6234.0,5644.0,6757.0,3319.0,3927.0,1717.0,2155.0,2145.0,2151.0
0.0,16841.0,6440.0,6453.0,7169.0,8242.0,3095.0,3126.0,2021.0,2156.0,2145.0,2152.0,2158.0,2135.0,2147.0,5301.0,4653.0,6887.0,3095.0,3126.0,2021.0,2156.0,2145.0,2152.0
0.0,17570.0,6411.0,6452.0,8963.0,5686.0,1908.0,1348.0,2430.0,2155.0,2146.0,2151.0,2136.0,2145.0,2130.0,5529.0,5454.0,6587.0,1908.0,1348.0,2430.0,2155.0,2146.0,2151.0
0.0,20122.0,6470.0,6456.0,8242.0,3930.0,973.0,409.0,2548.0,2156.0,2148.0,2152.0,2156.0,2179.0,2135.0,6712.0,7236.0,6174.0,973.0,409.0,2548.0,2156.0,2148.0,2152.0
0.0,21894.0,6520.0,6458.0,5686.0,4772.0,1242.0,1242.0,2288.0,2156.0,2149.0,2153.0,2177.0,2177.0,2166.0,7651.0,8183.0,6060.0,1242.0,1242.0,2288.0,2156.0,2149.0,2153.0
0.0,21060.0,6465.0,6461.0,3930.0,7319.0,2423.0,2993.0,1903.0,2157.0,2150.0,2154.0,2150.0,2156.0,2159.0,7382.0,7354.0,6324.0,2423.0,2993.0,1903.0,2157.0,2150.0,2154.0
0.0,18525.0,6540.0,6465.0,4772.0,9103.0,3346.0,3940.0,1817.0,2158.0,2151.0,2156.0,2161.0,2185.0,2194.0,6205.0,5607.0,6713.0,3346.0,3940.0,1817.0,2158.0,2151.0,2156.0
0.0,16757.0,6513.0,6466.0,7319.0,8301.0,3097.0,3121.0,2083.0,2158.0,2152.0,2156.0,2174.0,2170.0,2169.0,5286.0,4664.0,6807.0,3097.0,3121.0,2083.0,2158.0,2152.0,2156.0
0.0,17563.0,6435.0,6467.0,9103.0,5637.0,1877.0,1353.0,2407.0,2158.0,2153.0,2156.0,2126.0,2168.0,2141.0,5535.0,5487.0,6541.0,1877.0,1353.0,2407.0,2158.0,2153.0,2156.0
0.0,20231.0,6462.0,6469.0,8301.0,3806.0,932.0,396.0,2478.0,2159.0,2154.0,2156.0,2148.0,2160.0,2154.0,6755.0,7259.0,6217.0,932.0,396.0,2478.0,2159.0,2154.0,2156.0
0.0,22070.0,6609.0,6474.0,5637.0,4798.0,1256.0,1254.0,2288.0,2160.0,2156.0,2158.0,2197.0,2203.0,2209.0,7704.0,8220.0,6146.0,1256.0,1254.0,2288.0,2160.0,2156.0,2158.0
0.0,21098.0,6498.0,6477.0,3806.0,7502.0,2473.0,3051.0,1978.0,2161.0,2157.0,2159.0,2145.0,2189.0,2164.0,7384.0,7370.0,6344.0,2473.0,3051.0,1978.0,2161.0,2157.0,2159.0
0.0,18406.0,6554.0,6479.0,4798.0,9266.0,3394.0,3977.0,1895.0,2161.0,2158.0,2160.0,2177.0,2176.0,2201.0,6171.0,5577.0,6658.0,3394.0,3977.0,1895.0,2161.0,2158.0,2160.0
0.0,16650.0,6530.0,6481.0,7502.0,8302.0,3095.0,3104.0,2103.0,2162.0,2159.0,2160.0,2170.0,2174.0,2186.0,5250.0,4655.0,6745.0,3095.0,3104.0,2103.0,2162.0,2159.0,2160.0
0.0,17622.0,6561.0,6483.0,9266.0,5605.0,1898.0,1310.0,2397.0,2163.0,2159.0,2161.0,2193.0,2183.0,2185.0,5553.0,5532.0,6537.0,1898.0,1310.0,2397.0,2163.0,2159.0,2161.0
0.0,20327.0,6509.0,6484.0,8302.0,3816.0,955.0,387.0,2474.0,2163.0,2160.0,2161.0,2152.0,2177.0,2180.0,6754.0,7326.0,6247.0,955.0,387.0,2474.0,2163.0,2160.0,2161.0
0.0,22120.0,6549.0,6487.0,5605.0,4772.0,1244.0,1274.0,2254.0,2164.0,2161.0,2162.0,2183.0,2193.0,2173.0,7697.0,8253.0,6170.0,1244.0,1274.0,2254.0,2164.0,2161.0,2162.0
0.0,21176.0,6523.0,6491.0,3816.0,7495.0,2459.0,3064.0,1972.0,2166.0,2162.0,2163.0,2162.0,2173.0,2188.0,7412.0,7370.0,6394.0,2459.0,3064.0,1972.0,2166.0,2162.0,2163.0
0.0,18469.0,6473.0,6490.0,4772.0,9192.0,3352.0,3959.0,1881.0,2165.0,2162.0,2163.0,2141.0,2169.0,2163.0,6205.0,5584.0,6680.0,3352.0,3959.0,1881.0,2165.0,2162.0,2163.0
0.0,16768.0,6538.0,6492.0,7495.0,8243.0,3090.0,3056.0,2097.0,2166.0,2163.0,2163.0,2193.0,2157.0,2188.0,5308.0,4689.0,6771.0,3090.0,3056.0,2097.0,2166.0,2163.0,2163.0
0.0,17725.0,6617.0,6496.0,9192.0,5684.0,1933.0,1289.0,2462.0,2167.0,2164.0,2165.0,2191.0,2188.0,2238.0,5574.0,5596.0,6555.0,1933.0,1289.0,2462.0,2167.0,2164.0,2165.0
0.0,20300.0,6562.0,6497.0,8243.0,4007.0,1023.0,416.0,2568.0,2167.0,2164.0,2166.0,2180.0,2183.0,2199.0,6735.0,7367.0,6198.0,1023.0,416.0,2568.0,2167.0,2164.0,2166.0
0.0,21981.0,6580.0,6500.0,5684.0,4915.0,1283.0,1323.0,2309.0,2168.0,2165.0,2167.0,2189.0,2192.0,2199.0,7645.0,8240.0,6096.0,1283.0,1323.0,2309.0,2168.0,2165.0,2167.0
0.0,21085.0,6524.0,6501.0,4007.0,7436.0,2447.0,3071.0,1918.0,2169.0,2165.0,2167.0,2183.0,2164.0,2177.0,7389.0,7337.0,6359.0,2447.0,3071.0,1918.0,2169.0,2165.0,2167.0
0.0,18568.0,6640.0,6503.0,4915.0,9169.0,3386.0,3943.0,1840.0,2169.0,2166.0,2168.0,2222.0,2191.0,2227.0,6229.0,5589.0,6750.0,3386.0,3943.0,1840.0,2169.0,2166.0,2168.0
0.0,16843.0,6524.0,6502.0,7436.0,8253.0,3121.0,3034.0,2098.0,2169.0,2165.0,2168.0,2182.0,2166.0,2176.0,5290.0,4721.0,6832.0,3121.0,3034.0,2098.0,2169.0,2165.0,2168.0
0.0,17755.0,6679.0,6504.0,9169.0,5771.0,1966.0,1304.0,2501.0,2169.0,2166.0,2169.0,2231.0,2209.0,2239.0,5555.0,5626.0,6574.0,1966.0,1304.0,2501.0,2169.0,2166.0,2169.0
0.0,20245.0,6623.0,6507.0,8253.0,4153.0,1062.0,471.0,2620.0,2170.0,2167.0,2170.0,2213.0,2197.0,2213.0,6710.0,7360.0,6175.0,1062.0,471.0,2620.0,2170.0,2167.0,2170.0
0.0,21875.0,6553.0,6507.0,5771.0,4935.0,1282.0,1351.0,2302.0,2170.0,2167.0,2170.0,2186.0,2184.0,2183.0,7618.0,8197.0,6060.0,1282.0,1351.0,2302.0,2170.0,2167.0,2170.0
0.0,21093.0,6526.0,6507.0,4153.0,7308.0,2434.0,3021.0,1853.0,2171.0,2166.0,2170.0,2210.0,2145.0,2171.0,7398.0,7317.0,6378.0,2434.0,3021.0,1853.0,2171.0,2166.0,2170.0
0.0,18720.0,6586.0,6509.0,4935.0,8967.0,3360.0,3857.0,1750.0,2172.0,2166.0,2171.0,2204.0,2187.0,2195.0,6250.0,5643.0,6827.0,3360.0,3857.0,1750.0,2172.0,2166.0,2171.0
0.0,17069.0,6636.0,6510.0,7308.0,8299.0,3159.0,3026.0,2114.0,2173.0,2166.0,2171.0,2229.0,2190.0,2217.0,5328.0,4807.0,6934.0,3159.0,3026.0,2114.0,2173.0,2166.0,2171.0
0.0,17741.0,6517.0,6511.0,8967.0,5853.0,2004.0,1318.0,2531.0,2174.0,2166.0,2171.0,2201.0,2149.0,2167.0,5533.0,5638.0,6570.0,2004.0,1318.0,2531.0,2174.0,2166.0,2171.0
0.0,20191.0,6556.0,6512.0,8299.0,4114.0,1021.0,472.0,2621.0,2174.0,2166.0,2172.0,2176.0,2180.0,2200.0,6692.0,7346.0,6153.0,1021.0,472.0,2621.0,2174.0,2166.0,2172.0
0.0,21934.0,6500.0,6514.0,5853.0,4769.0,1178.0,1321.0,2270.0,2175.0,2167.0,2172.0,2157.0,2163.0,2180.0,7675.0,8192.0,6067.0,1178.0,1321.0,2270.0,2175.0,2167.0,2172.0
0.0,21287.0,6597.0,6518.0,4114.0,7268.0,2344.0,3050.0,1874.0,2176.0,2168.0,2174.0,2183.0,2197.0,2217.0,7522.0,7347.0,6418.0,2344.0,3050.0,1874.0,2176.0,2168.0,2174.0
0.0,18804.0,6602.0,6519.0,4769.0,9105.0,3361.0,3948.0,1796.0,2176.0,2169.0,2174.0,2195.0,2215.0,2192.0,6360.0,5622.0,6822.0,3361.0,3948.0,1796.0,2176.0,2169.0,2174.0
0.0,16971.0,6498.0,6519.0,7268.0,8335.0,3185.0,3067.0,2083.0,2176.0,2169.0,2174.0,2168.0,2169.0,2161.0,5343.0,4728.0,6900.0,3185.0,3067.0,2083.0,2176.0,2169.0,2174.0
0.0,17741.0,6516.0,6521.0,9105.0,5754.0,1987.0,1304.0,2463.0,2176.0,2170.0,2175.0,2163.0,2181.0,2172.0,5519.0,5609.0,6613.0,1987.0,1304.0,2463.0,2176.0,2170.0,2175.0
0.0,20330.0,6472.0,6520.0,8335.0,3887.0,940.0,410.0,2537.0,2176.0,2170.0,2174.0,2138.0,2173.0,2161.0,6717.0,7376.0,6237.0,940.0,410.0,2537.0,2176.0,2170.0,2174.0
0.0,22193.0,6588.0,6523.0,5754.0,4733.0,1164.0,1310.0,2259.0,2177.0,2171.0,2175.0,2207.0,2200.0,2181.0,7764.0,8270.0,6159.0,1164.0,1310.0,2259.0,2177.0,2171.0,2175.0
0.0,21359.0,6506.0,6523.0,3887.0,7352.0,2386.0,3092.0,1874.0,2177.0,2172.0,2174.0,2162.0,2188.0,2156.0,7544.0,7374.0,6441.0,2386.0,3092.0,1874.0,2177.0,2172.0,2174.0
0.0,18740.0,6642.0,6525.0,4733.0,9269.0,3419.0,4020.0,1830.0,2177.0,2173.0,2175.0,2197.0,2234.0,2211.0,6322.0,5596.0,6822.0,3419.0,4020.0,1830.0,2177.0,2173.0,2175.0
0.0,16831.0,6587.0,6528.0,7352.0,8516.0,3236.0,3144.0,2136.0,2178.0,2174.0,2176.0,2199.0,2212.0,2176.0,5289.0,4672.0,6870.0,3236.0,3144.0,2136.0,2178.0,2174.0,2176.0
0.0,17596.0,6534.0,6531.0,9269.0,5793.0,2003.0,1331.0,2459.0,2179.0,2176.0,2176.0,2182.0,2199.0,2153.0,5476.0,5552.0,6568.0,2003.0,1331.0,2459.0,2179.0,2176.0,2176.0
0.0,20331.0,6568.0,6534.0,8516.0,3857.0,957.0,389.0,2511.0,2180.0,2177.0,2177.0,2186.0,2198.0,2184.0,6713.0,7373.0,6245.0,957.0,389.0,2511.0,2180.0,2177.0,2177.0
0.0,22279.0,6588.0,6536.0,5793.0,4660.0,1151.0,1269.0,2240.0,2180.0,2178.0,2178.0,2197.0,2207.0,2184.0,7763.0,8319.0,6197.0,1151.0,1269.0,2240.0,2180.0,2178.0,2178.0
0.0,21484.0,6617.0,6537.0,3857.0,7424.0,2394.0,3115.0,1915.0,2180.0,2179.0,2178.0,2200.0,2231.0,2186.0,7569.0,7443.0,6472.0,2394.0,3115.0,1915.0,2180.0,2179.0,2178.0
0.0,18724.0,6466.0,6537.0,4660.0,9230.0,3424.0,3997.0,1809.0,2180.0,2179.0,2178.0,2181.0,2151.0,2134.0,6326.0,5601.0,6797.0,3424.0,3997.0,1809.0,2180.0,2179.0,2178.0
0.0,16918.0,6543.0,6537.0,7424.0,8349.0,3233.0,3064.0,2052.0,2180.0,2179.0,2178.0,2203.0,2182.0,2158.0,5296.0,4719.0,6903.0,3233.0,3064.0,2052.0,2180.0,2179.0,2178.0
0.0,17799.0,6560.0,6538.0,9230.0,5683.0,1996.0,1284.0,2403.0,2180.0,2180.0,2178.0,2187.0,2213.0,2160.0,5487.0,5652.0,6660.0,1996.0,1284.0,2403.0,2180.0,2180.0,2178.0
0.0,20469.0,6634.0,6541.0,8349.0,3980.0,990.0,447.0,2543.0,2180.0,2182.0,2179.0,2227.0,2219.0,2188.0,6724.0,7436.0,6309.0,990.0,447.0,2543.0,2180.0,2182.0,2179.0
0.0,22184.0,6632.0,6546.0,5683.0,4949.0,1206.0,1395.0,2348.0,2181.0,2184.0,2181.0,2208.0,2224.0,2200.0,7730.0,8281.0,6173.0,1206.0,1395.0,2348.0,2181.0,2184.0,2181.0
0.0,21235.0,6589.0,6548.0,3980.0,7566.0,2420.0,3151.0,1995.0,2182.0,2185.0,2181.0,2200.0,2199.0,2190.0,7518.0,7341.0,6376.0,2420.0,3151.0,1995.0,2182.0,2185.0,2181.0
0.0,18626.0,6558.0,6552.0,4949.0,9191.0,3423.0,3944.0,1824.0,2184.0,2186.0,2182.0,2201.0,2184.0,2173.0,6308.0,5589.0,6729.0,3423.0,3944.0,1824.0,2184.0,2186.0,2182.0
0.0,17017.0,6354.0,6549.0,7566.0,7967.0,3107.0,2902.0,1958.0,2183.0,2184.0,2182.0,2108.0,2117.0,2129.0,5313.0,4800.0,6904.0,3107.0,2902.0,1958.0,2183.0,2184.0,2182.0
0.0,18229.0,6617.0,6551.0,9191.0,5401.0,1895.0,1148.0,2358.0,2183.0,2185.0,2183.0,2211.0,2186.0,2220.0,5625.0,5834.0,6770.0,1895.0,1148.0,2358.0,2183.0,2185.0,2183.0
0.0,20803.0,6486.0,6551.0,7967.0,3920.0,947.0,413.0,2560.0,2183.0,2185.0,2183.0,2159.0,2167.0,2160.0,6837.0,7592.0,6374.0,947.0,413.0,2560.0,2183.0,2185.0,2183.0
0.0,22284.0,6641.0,6553.0,5401.0,5168.0,1272.0,1463.0,2433.0,2184.0,2185.0,2184.0,2216.0,2198.0,2227.0,7785.0,8327.0,6172.0,1272.0,1463.0,2433.0,2184.0,2185.0,2184.0
0.0,21044.0,6484.0,6553.0,3920.0,7732.0,2491.0,3201.0,2040.0,2184.0,2185.0,2184.0,2166.0,2151.0,2167.0,7464.0,7277.0,6303.0,2491.0,3201.0,2040.0,2184.0,2185.0,2184.0
0.0,18480.0,6576.0,6555.0,5168.0,9148.0,3401.0,3944.0,1803.0,2185.0,2185.0,2185.0,2178.0,2206.0,2192.0,6245.0,5539.0,6696.0,3401.0,3944.0,1803.0,2185.0,2185.0,2185.0
0.0,17072.0,6524.0,6557.0,7732.0,7948.0,3065.0,2917.0,1966.0,2185.0,2186.0,2186.0,2155.0,2170.0,2199.0,5339.0,4796.0,6937.0,3065.0,2917.0,1966.0,2185.0,2186.0,2186.0
0.0,18280.0,6490.0,6554.0,9148.0,5278.0,1798.0,1132.0,2348.0,2184.0,2185.0,2185.0,2138.0,2163.0,2189.0,5675.0,5827.0,6778.0,1798.0,1132.0,2348.0,2184.0,2185.0,2185.0
0.0,20938.0,6527.0,6555.0,7948.0,3861.0,916.0,369.0,2576.0,2185.0,2184.0,2186.0,2179.0,2158.0,2190.0,6938.0,7608.0,6392.0,916.0,369.0,2576.0,2185.0,2184.0,2186.0
0.0,22359.0,6534.0,6555.0,5278.0,5117.0,1280.0,1409.0,2428.0,2185.0,2184.0,2186.0,2162.0,2172.0,2200.0,7824.0,8367.0,6168.0,1280.0,1409.0,2428.0,2185.0,2184.0,2186.0
0.0,21103.0,6615.0,6556.0,3861.0,7875.0,2551.0,3225.0,2099.0,2185.0,2184.0,2187.0,2187.0,2185.0,2243.0,7460.0,7327.0,6316.0,2551.0,3225.0,2099.0,2185.0,2184.0,2187.0
0.0,18349.0,6524.0,6555.0,5117.0,9278.0,3433.0,3973.0,1872.0,2184.0,2184.0,2187.0,2166.0,2157.0,2201.0,6189.0,5511.0,6649.0,3433.0,3973.0,1872.0,2184.0,2184.0,2187.0
0.0,16942.0,6634.0,6557.0,7875.0,8045.0,3081.0,2949.0,2015.0,2185.0,2184.0,2188.0,2195.0,2201.0,2238.0,5303.0,4763.0,6876.0,3081.0,2949.0,2015.0,2185.0,2184.0,2188.0
0.0,18183.0,6706.0,6561.0,9278.0,5489.0,1874.0,1214.0,2401.0,2186.0,2185.0,2190.0,2222.0,2234.0,2250.0,5659.0,5787.0,6737.0,1874.0,1214.0,2401.0,2186.0,2185.0,2190.0
0.0,20755.0,6575.0,6562.0,8045.0,4023.0,988.0,441.0,2594.0,2187.0,2185.0,2190.0,2191.0,2176.0,2208.0,6870.0,7526.0,6359.0,988.0,441.0,2594.0,2187.0,2185.0,2190.0
0.0,22225.0,6647.0,6565.0,5489.0,5193.0,1334.0,1442.0,2417.0,2188.0,2186.0,2191.0,2216.0,2211.0,2220.0,7760.0,8299.0,6166.0,1334.0,1442.0,2417.0,2188.0,2186.0,2191.0
0.0,21067.0,6762.0,6570.0,4023.0,7952.0,2606.0,3250.0,2096.0,2189.0,2188.0,2193.0,2256.0,2241.0,2265.0,7418.0,7302.0,6347.0,2606.0,3250.0,2096.0,2189.0,2188.0,2193.0
0.0,18328.0,6592.0,6569.0,5193.0,9347.0,3480.0,3983.0,1884.0,2190.0,2187.0,2192.0,2204.0,2179.0,2209.0,6150.0,5502.0,6676.0,3480.0,3983.0,1884.0,2190.0,2187.0,2192.0
0.0,16929.0,6657.0,6571.0,7952.0,8060.0,3096.0,2949.0,2015.0,2190.0,2188.0,2193.0,2222.0,2212.0,2223.0,5280.0,4765.0,6884.0,3096.0,2949.0,2015.0,2190.0,2188.0,2193.0
0.0,18224.0,6563.0,6570.0,9347.0,5272.0,1813.0,1149.0,2310.0,2190.0,2188.0,2192.0,2197.0,2183.0,2183.0,5664.0,5803.0,6757.0,1813.0,1149.0,2310.0,2190.0,2188.0,2192.0
0.0,21008.0,6647.0,6573.0,8060.0,3871.0,951.0,404.0,2516.0,2191.0,2189.0,2193.0,2230.0,2200.0,2217.0,6947.0,7603.0,6458.0,951.0,404.0,2516.0,2191.0,2189.0,2193.0
0.0,22421.0,6649.0,6573.0,5272.0,5248.0,1338.0,1476.0,2434.0,2191.0,2189.0,2193.0,2200.0,2221.0,2228.0,7813.0,8352.0,6256.0,1338.0,1476.0,2434.0,2191.0,2189.0,2193.0
0.0,21044.0,6636.0,6576.0,3871.0,8025.0,2618.0,3278.0,2129.0,2192.0,2190.0,2194.0,2227.0,2202.0,2207.0,7426.0,7280.0,6338.0,2618.0,3278.0,2129.0,2192.0,2190.0,2194.0
0.0,18279.0,6720.0,6576.0,5248.0,9497.0,3523.0,4039.0,1935.0,2192.0,2190.0,2194.0,2243.0,2237.0,2240.0,6150.0,5482.0,6647.0,3523.0,4039.0,1935.0,2192.0,2190.0,2194.0
0.0,16807.0,6590.0,6575.0,8025.0,8058.0,3132.0,2950.0,1976.0,2192.0,2190.0,2193.0,2227.0,2189.0,2174.0,5245.0,4721.0,6841.0,3132.0,2950.0,1976.0,2192.0,2190.0,2193.0
0.0,18242.0,6711.0,6578.0,9497.0,5284.0,1830.0,1166.0,2288.0,2193.0,2191.0,2194.0,2217.0,2251.0,2243.0,5636.0,5810.0,6796.0,1830.0,1166.0,2288.0,2193.0,2191.0,2194.0
0.0,21028.0,6629.0,6581.0,8058.0,3867.0,902.0,431.0,2534.0,2193.0,2193.0,2195.0,2204.0,2207.0,2218.0,6942.0,7598.0,6488.0,902.0,431.0,2534.0,2193.0,2193.0,2195.0
0.0,22457.0,6673.0,6583.0,5284.0,5264.0,1322.0,1504.0,2438.0,2194.0,2194.0,2195.0,2246.0,2235.0,2192.0,7870.0,8341.0,6246.0,1322.0,1504.0,2438.0,2194.0,2194.0,2195.0
0.0,21068.0,6634.0,6582.0,3867.0,8027.0,2629.0,3290.0,2108.0,2193.0,2194.0,2195.0,2213.0,2217.0,2204.0,7454.0,7272.0,6342.0,2629.0,3290.0,2108.0,2193.0,2194.0,2195.0
0.0,18301.0,6561.0,6583.0,5264.0,9328.0,3503.0,3968.0,1857.0,2193.0,2195.0,2195.0,2196.0,2178.0,2187.0,6143.0,5486.0,6672.0,3503.0,3968.0,1857.0,2193.0,2195.0,2195.0
0.0,17004.0,6540.0,6582.0,8027.0,7837.0,3055.0,2870.0,1912.0,2193.0,2195.0,2194.0,2181.0,2192.0,2167.0,5269.0,4812.0,6923.0,3055.0,2870.0,1912.0,2193.0,2195.0,2194.0
0.0,18491.0,6666.0,6585.0,9328.0,5187.0,1752.0,1138.0,2297.0,2194.0,2196.0,2195.0,2196.0,2232.0,2238.0,5717.0,5910.0,6864.0,1752.0,1138.0,2297.0,2194.0,2196.0,2195.0
0.0,21153.0,6650.0,6587.0,7837.0,4008.0,921.0,515.0,2572.0,2195.0,2197.0,2195.0,2220.0,2243.0,2187.0,7024.0,7646.0,6483.0,921.0,515.0,2572.0,2195.0,2197.0,2195.0
0.0,22340.0,6665.0,6588.0,5187.0,5490.0,1377.0,1617.0,2496.0,2195.0,2198.0,2195.0,2208.0,2236.0,2221.0,7859.0,8273.0,6208.0,1377.0,1617.0,2496.0,2195.0,2198.0,2195.0
0.0,20862.0,6716.0,6592.0,4008.0,8214.0,2692.0,3388.0,2134.0,2196.0,2200.0,2196.0,2232.0,2278.0,2206.0,7403.0,7175.0,6284.0,2692.0,3388.0,2134.0,2196.0,2200.0,2196.0
0.0,18154.0,6686.0,6595.0,5490.0,9422.0,3541.0,4026.0,1855.0,2197.0,2201.0,2197.0,2222.0,2251.0,2213.0,6092.0,5412.0,6650.0,3541.0,4026.0,1855.0,2197.0,2201.0,2197.0
0.0,16958.0,6633.0,6599.0,8214.0,7857.0,3073.0,2859.0,1925.0,2199.0,2202.0,2198.0,2216.0,2217.0,2200.0,5247.0,4778.0,6933.0,3073.0,2859.0,1925.0,2199.0,2202.0,2198.0
0.0,18539.0,6670.0,6601.0,9422.0,5113.0,1740.0,1079.0,2294.0,2199.0,2203.0,2199.0,2208.0,2242.0,2220.0,5723.0,5949.0,6867.0,1740.0,1079.0,2294.0,2199.0,2203.0,2199.0
0.0,21291.0,6623.0,6603.0,7857.0,3887.0,873.0,418.0,2596.0,2200.0,2203.0,2200.0,2202.0,2198.0,2223.0,7056.0,7733.0,6502.0,873.0,418.0,2596.0,2200.0,2203.0,2200.0
0.0,22525.0,6635.0,6602.0,5113.0,5405.0,1326.0,1550.0,2529.0,2200.0,2202.0,2200.0,2193.0,2215.0,2227.0,7927.0,8394.0,6204.0,1326.0,1550.0,2529.0,2200.0,2202.0,2200.0
0.0,21003.0,6569.0,6602.0,3887.0,8087.0,2660.0,3311.0,2116.0,2200.0,2202.0,2200.0,2207.0,2179.0,2183.0,7474.0,7258.0,6271.0,2660.0,3311.0,2116.0,2200.0,2202.0,2200.0
0.0,18321.0,6529.0,6602.0,5405.0,9211.0,3505.0,3930.0,1776.0,2200.0,2201.0,2201.0,2171.0,2173.0,2185.0,6140.0,5497.0,6684.0,3505.0,3930.0,1776.0,2200.0,2201.0,2201.0
0.0,17197.0,6537.0,6601.0,8087.0,7657.0,3021.0,2802.0,1834.0,2199.0,2201.0,2201.0,2180.0,2183.0,2174.0,5295.0,4874.0,7028.0,3021.0,2802.0,1834.0,2199.0,2201.0,2201.0
0.0,18747.0,6623.0,6602.0,9211.0,5073.0,1736.0,1080.0,2257.0,2200.0,2201.0,2201.0,2216.0,2208.0,2199.0,5775.0,6002.0,6970.0,1736.0,1080.0,2257.0,2200.0,2201.0,2201.0
0.0,21335.0,6570.0,6601.0,7657.0,3982.0,900.0,458.0,2624.0,2200.0,2200.0,2201.0,2185.0,2184.0,2201.0,7064.0,7724.0,6547.0,900.0,458.0,2624.0,2200.0,2200.0,2201.0
0.0,22422.0,6569.0,6602.0,5073.0,5482.0,1382.0,1545.0,2555.0,2200.0,2200.0,2202.0,2218.0,2167.0,2184.0,7900.0,8342.0,6180.0,1382.0,1545.0,2555.0,2200.0,2200.0,2202.0
0.0,20926.0,6658.0,6606.0,3982.0,8174.0,2715.0,3283.0,2176.0,2201.0,2201.0,2204.0,2229.0,2192.0,2237.0,7418.0,7255.0,6253.0,2715.0,3283.0,2176.0,2201.0,2201.0,2204.0
0.0,18250.0,6594.0,6606.0,5482.0,9286.0,3577.0,3895.0,1814.0,2202.0,2200.0,2204.0,2240.0,2161.0,2193.0,6089.0,5521.0,6640.0,3577.0,3895.0,1814.0,2202.0,2200.0,2204.0
0.0,17138.0,6649.0,6606.0,8174.0,7761.0,3081.0,2813.0,1867.0,2202.0,2199.0,2205.0,2219.0,2205.0,2225.0,5231.0,4905.0,7002.0,3081.0,2813.0,1867.0,2202.0,2199.0,2205.0
0.0,18663.0,6695.0,6607.0,9286.0,5174.0,1751.0,1129.0,2294.0,2202.0,2199.0,2206.0,2247.0,2211.0,2237.0,5727.0,5983.0,6953.0,1751.0,1129.0,2294.0,2202.0,2199.0,2206.0
0.0,21254.0,6612.0,6608.0,7761.0,4029.0,887.0,495.0,2647.0,2203.0,2199.0,2206.0,2213.0,2179.0,2220.0,7057.0,7667.0,6530.0,887.0,495.0,2647.0,2203.0,2199.0,2206.0
0.0,22403.0,6622.0,6609.0,5174.0,5481.0,1338.0,1572.0,2571.0,2203.0,2199.0,2207.0,2202.0,2206.0,2214.0,7925.0,8301.0,6177.0,1338.0,1572.0,2571.0,2203.0,2199.0,2207.0
0.0,20955.0,6748.0,6616.0,4029.0,8228.0,2731.0,3321.0,2176.0,2206.0,2201.0,2209.0,2268.0,2236.0,2244.0,7474.0,7224.0,6257.0,2731.0,3321.0,2176.0,2206.0,2201.0,2209.0
0.0,18236.0,6691.0,6618.0,5481.0,9446.0,3603.0,3992.0,1851.0,2206.0,2202.0,2210.0,2210.0,2239.0,2242.0,6093.0,5483.0,6660.0,3603.0,3992.0,1851.0,2206.0,2202.0,2210.0
0.0,17026.0,6633.0,6621.0,8228.0,7863.0,3104.0,2868.0,1891.0,2207.0,2203.0,2211.0,2228.0,2193.0,2212.0,5221.0,4816.0,6989.0,3104.0,2868.0,1891.0,2207.0,2203.0,2211.0
0.0,18621.0,6630.0,6621.0,9446.0,5047.0,1696.0,1084.0,2267.0,2207.0,2203.0,2211.0,2195.0,2208.0,2227.0,5724.0,5944.0,6953.0,1696.0,1084.0,2267.0,2207.0,2203.0,2211.0
0.0,21437.0,6623.0,6623.0,7863.0,3815.0,798.0,423.0,2594.0,2207.0,2204.0,2212.0,2206.0,2203.0,2214.0,7132.0,7728.0,6577.0,798.0,423.0,2594.0,2207.0,2204.0,2212.0
0.0,22677.0,6695.0,6626.0,5047.0,5475.0,1309.0,1589.0,2577.0,2208.0,2205.0,2213.0,2203.0,2246.0,2246.0,8030.0,8393.0,6254.0,1309.0,1589.0,2577.0,2208.0,2205.0,2213.0
0.0,21029.0,6658.0,6628.0,3815.0,8326.0,2710.0,3408.0,2208.0,2209.0,2206.0,2213.0,2195.0,2238.0,2225.0,7523.0,7231.0,6275.0,2710.0,3408.0,2208.0,2209.0,2206.0,2213.0
0.0,18186.0,6508.0,6629.0,5475.0,9363.0,3548.0,4012.0,1803.0,2209.0,2207.0,2213.0,2147.0,2189.0,2172.0,6126.0,5416.0,6644.0,3548.0,4012.0,1803.0,2209.0,2207.0,2213.0
0.0,17153.0,6567.0,6630.0,8326.0,7608.0,3004.0,2808.0,1796.0,2209.0,2208.0,2213.0,2166.0,2200.0,2201.0,5288.0,4816.0,7049.0,3004.0,2808.0,1796.0,2209.0,2208.0,2213.0
0.0,18912.0,6579.0,6630.0,9363.0,4824.0,1641.0,995.0,2188.0,2209.0,2208.0,2213.0,2185.0,2199.0,2195.0,5832.0,6024.0,7056.0,1641.0,995.0,2188.0,2209.0,2208.0,2213.0
0.0,21696.0,6655.0,6632.0,7608.0,3879.0,864.0,411.0,2604.0,2210.0,2209.0,2213.0,2223.0,2220.0,2212.0,7195.0,7837.0,6664.0,864.0,411.0,2604.0,2210.0,2209.0,2213.0
0.0,22649.0,6676.0,6634.0,4824.0,5739.0,1438.0,1645.0,2656.0,2211.0,2210.0,2213.0,2211.0,2225.0,2240.0,7976.0,8425.0,6248.0,1438.0,1645.0,2656.0,2211.0,2210.0,2213.0
0.0,20797.0,6696.0,6635.0,3879.0,8560.0,2792.0,3468.0,2300.0,2211.0,2211.0,2213.0,2218.0,2230.0,2248.0,7406.0,7195.0,6196.0,2792.0,3468.0,2300.0,2211.0,2211.0,2213.0
0.0,17980.0,6668.0,6635.0,5739.0,9489.0,3562.0,4054.0,1873.0,2211.0,2211.0,2213.0,2208.0,2231.0,2229.0,6052.0,5376.0,6552.0,3562.0,4054.0,1873.0,2211.0,2211.0,2213.0
0.0,17051.0,6601.0,6635.0,8560.0,7530.0,2961.0,2795.0,1774.0,2211.0,2211.0,2213.0,2191.0,2209.0,2201.0,5282.0,4790.0,6979.0,2961.0,2795.0,1774.0,2211.0,2211.0,2213.0
0.0,19010.0,6684.0,6636.0,9489.0,4729.0,1613.0,982.0,2134.0,2211.0,2212.0,2213.0,2214.0,2237.0,2233.0,5883.0,6049.0,7078.0,1613.0,982.0,2134.0,2211.0,2212.0,2213.0
0.0,21815.0,6671.0,6634.0,7530.0,3862.0,843.0,434.0,2585.0,2210.0,2212.0,2212.0,2195.0,2247.0,2229.0,7231.0,7866.0,6718.0,843.0,434.0,2585.0,2210.0,2212.0,2212.0
0.0,22674.0,6743.0,6636.0,4729.0,5884.0,1461.0,1710.0,2713.0,2210.0,2213.0,2213.0,2231.0,2254.0,2258.0,7997.0,8414.0,6263.0,1461.0,1710.0,2713.0,2210.0,2213.0,2213.0
0.0,20660.0,6704.0,6637.0,3862.0,8730.0,2861.0,3496.0,2373.0,2210.0,2213.0,2214.0,2243.0,2220.0,2241.0,7379.0,7142.0,6139.0,2861.0,3496.0,2373.0,2210.0,2213.0,2214.0
0.0,17818.0,6736.0,6641.0,5884.0,9598.0,3675.0,4015.0,1908.0,2212.0,2214.0,2215.0,2267.0,2225.0,2244.0,5979.0,5356.0,6483.0,3675.0,4015.0,1908.0,2212.0,2214.0,2215.0
0.0,16966.0,6735.0,6642.0,8730.0,7607.0,3074.0,2765.0,1768.0,2212.0,2215.0,2215.0,2260.0,2242.0,2233.0,5173.0,4841.0,6952.0,3074.0,2765.0,1768.0,2212.0,2215.0,2215.0
0.0,18961.0,6740.0,6645.0,9598.0,4761.0,1653.0,1003.0,2105.0,2213.0,2216.0,2216.0,2250.0,2249.0,2241.0,5774.0,6095.0,7092.0,1653.0,1003.0,2105.0,2213.0,2216.0,2216.0
0.0,21819.0,6697.0,6645.0,7607.0,3851.0,807.0,476.0,2568.0,2213.0,2216.0,2216.0,2228.0,2238.0,2231.0,7199.0,7861.0,6759.0,807.0,476.0,2568.0,2213.0,2216.0,2216.0
0.0,22729.0,6694.0,6645.0,4761.0,5784.0,1386.0,1702.0,2696.0,2213.0,2216.0,2216.0,2232.0,2229.0,2233.0,8045.0,8388.0,6296.0,1386.0,1702.0,2696.0,2213.0,2216.0,2216.0
0.0,20796.0,6737.0,6648.0,3851.0,8682.0,2849.0,3468.0,2365.0,2214.0,2217.0,2217.0,2266.0,2238.0,2233.0,7466.0,7162.0,6168.0,2849.0,3468.0,2365.0,2214.0,2217.0,2217.0
0.0,17910.0,6764.0,6649.0,5784.0,9666.0,3729.0,4035.0,1902.0,2215.0,2217.0,2217.0,2262.0,2269.0,2233.0,6007.0,5400.0,6503.0,3729.0,4035.0,1902.0,2215.0,2217.0,2217.0
0.0,16930.0,6694.0,6650.0,8682.0,7682.0,3152.0,2793.0,1737.0,2216.0,2218.0,2216.0,2268.0,2222.0,2204.0,5131.0,4833.0,6966.0,3152.0,2793.0,1737.0,2216.0,2218.0,2216.0
0.0,18918.0,6649.0,6650.0,9666.0,4665.0,1645.0,959.0,2061.0,2216.0,2217.0,2217.0,2222.0,2205.0,2222.0,5712.0,6079.0,7127.0,1645.0,959.0,2061.0,2216.0,2217.0,2217.0
0.0,21935.0,6679.0,6650.0,7682.0,3662.0,735.0,386.0,2541.0,2216.0,2217.0,2217.0,2242.0,2220.0,2217.0,7219.0,7909.0,6807.0,735.0,386.0,2541.0,2216.0,2217.0,2217.0
0.0,22938.0,6678.0,6653.0,4665.0,5687.0,1319.0,1647.0,2721.0,2217.0,2218.0,2218.0,2225.0,2216.0,2237.0,8129.0,8482.0,6327.0,1319.0,1647.0,2721.0,2217.0,2218.0,2218.0
0.0,20925.0,6710.0,6656.0,3662.0,8747.0,2834.0,3504.0,2409.0,2218.0,2219.0,2219.0,2246.0,2239.0,2225.0,7549.0,7225.0,6151.0,2834.0,3504.0,2409.0,2218.0,2219.0,2219.0
0.0,17877.0,6670.0,6656.0,5687.0,9730.0,3756.0,4066.0,1908.0,2219.0,2218.0,2219.0,2237.0,2213.0,2220.0,6038.0,5372.0,6467.0,3756.0,4066.0,1908.0,2219.0,2218.0,2219.0
0.0,16894.0,6754.0,6658.0,8747.0,7745.0,3169.0,2834.0,1742.0,2219.0,2219.0,2220.0,2247.0,2268.0,2239.0,5120.0,4806.0,6968.0,3169.0,2834.0,1742.0,2219.0,2219.0,2220.0
0.0,18887.0,6666.0,6658.0,9730.0,4681.0,1637.0,994.0,2050.0,2219.0,2219.0,2220.0,2224.0,2226.0,2216.0,5707.0,6042.0,7138.0,1637.0,994.0,2050.0,2219.0,2219.0,2220.0
0.0,21951.0,6684.0,6658.0,7745.0,3620.0,687.0,382.0,2551.0,2219.0,2218.0,2221.0,2219.0,2226.0,2239.0,7239.0,7882.0,6830.0,687.0,382.0,2551.0,2219.0,2218.0,2221.0
0.0,23012.0,6584.0,6655.0,4681.0,5511.0,1249.0,1567.0,2695.0,2219.0,2216.0,2220.0,2199.0,2187.0,2198.0,8189.0,8490.0,6333.0,1249.0,1567.0,2695.0,2219.0,2216.0,2220.0
0.0,21109.0,6634.0,6656.0,3620.0,8529.0,2765.0,3402.0,2362.0,2219.0,2216.0,2221.0,2203.0,2217.0,2214.0,7627.0,7297.0,6185.0,2765.0,3402.0,2362.0,2219.0,2216.0,2221.0
0.0,18095.0,6715.0,6657.0,5511.0,9737.0,3751.0,4086.0,1900.0,2219.0,2217.0,2221.0,2235.0,2247.0,2233.0,6111.0,5462.0,6522.0,3751.0,4086.0,1900.0,2219.0,2217.0,2221.0
0.0,16891.0,6680.0,6658.0,8529.0,7892.0,3225.0,2893.0,1774.0,2220.0,2217.0,2221.0,2235.0,2209.0,2236.0,5125.0,4782.0,6984.0,3225.0,2893.0,1774.0,2220.0,2217.0,2221.0
0.0,18740.0,6830.0,6661.0,9737.0,4997.0,1747.0,1114.0,2136.0,2221.0,2218.0,2222.0,2269.0,2303.0,2258.0,5655.0,5975.0,7110.0,1747.0,1114.0,2136.0,2221.0,2218.0,2222.0
0.0,21647.0,6854.0,6667.0,7892.0,3983.0,787.0,526.0,2670.0,2222.0,2221.0,2224.0,2261.0,2293.0,2300.0,7137.0,7758.0,6752.0,787.0,526.0,2670.0,2222.0,2221.0,2224.0
0.0,22685.0,6654.0,6670.0,4997.0,5652.0,1256.0,1640.0,2756.0,2223.0,2222.0,2225.0,2212.0,2224.0,2218.0,8101.0,8358.0,6226.0,1256.0,1640.0,2756.0,2223.0,2222.0,2225.0
0.0,21028.0,6764.0,6673.0,3983.0,8445.0,2718.0,3397.0,2330.0,2224.0,2223.0,2226.0,2245.0,2279.0,2240.0,7636.0,7248.0,6144.0,2718.0,3397.0,2330.0,2224.0,2223.0,2226.0
0.0,18247.0,6708.0,6676.0,5652.0,9513.0,3707.0,3992.0,1814.0,2225.0,2224.0,2227.0,2241.0,2231.0,2236.0,6178.0,5495.0,6574.0,3707.0,3992.0,1814.0,2225.0,2224.0,2227.0
0.0,17191.0,6796.0,6680.0,8445.0,7880.0,3258.0,2875.0,1747.0,2226.0,2226.0,2228.0,2265.0,2272.0,2259.0,5193.0,4904.0,7094.0,3258.0,2875.0,1747.0,2226.0,2226.0,2228.0
0.0,18840.0,6672.0,6682.0,9513.0,5047.0,1760.0,1111.0,2176.0,2226.0,2227.0,2229.0,2209.0,2224.0,2239.0,5646.0,6029.0,7165.0,1760.0,1111.0,2176.0,2226.0,2227.0,2229.0
0.0,21681.0,6697.0,6683.0,7880.0,3868.0,722.0,490.0,2656.0,2226.0,2228.0,2229.0,2220.0,2250.0,2227.0,7144.0,7797.0,6740.0,722.0,490.0,2656.0,2226.0,2228.0,2229.0
0.0,22864.0,6816.0,6687.0,5047.0,5653.0,1242.0,1625.0,2786.0,2227.0,2229.0,2231.0,2276.0,2242.0,2298.0,8182.0,8422.0,6260.0,1242.0,1625.0,2786.0,2227.0,2229.0,2231.0
0.0,21095.0,6788.0,6690.0,3868.0,8585.0,2760.0,3407.0,2418.0,2227.0,2231.0,2232.0,2240.0,2264.0,2284.0,7666.0,7291.0,6138.0,2760.0,3407.0,2418.0,2227.0,2231.0,2232.0
0.0,18175.0,6713.0,6689.0,5653.0,9641.0,3770.0,4016.0,1855.0,2227.0,2231.0,2231.0,2252.0,2234.0,2227.0,6148.0,5517.0,6510.0,3770.0,4016.0,1855.0,2227.0,2231.0,2231.0
0.0,17115.0,6770.0,6692.0,8585.0,7838.0,3273.0,2859.0,1706.0,2228.0,2232.0,2232.0,2259.0,2246.0,2265.0,5138.0,4908.0,7069.0,3273.0,2859.0,1706.0,2228.0,2232.0,2232.0
0.0,18930.0,6713.0,6694.0,9641.0,4918.0,1727.0,1097.0,2094.0,2228.0,2233.0,2233.0,2224.0,2250.0,2239.0,5639.0,6069.0,7222.0,1727.0,1097.0,2094.0,2228.0,2233.0,2233.0
0.0,21858.0,6815.0,6695.0,7838.0,3899.0,719.0,526.0,2654.0,2228.0,2234.0,2233.0,2265.0,2284.0,2266.0,7185.0,7835.0,6838.0,719.0,526.0,2654.0,2228.0,2234.0,2233.0
0.0,22881.0,6690.0,6696.0,4918.0,5675.0,1229.0,1661.0,2785.0,2229.0,2234.0,2233.0,2233.0,2232.0,2225.0,8193.0,8410.0,6278.0,1229.0,1661.0,2785.0,2229.0,2234.0,2233.0
0.0,21109.0,6763.0,6698.0,3899.0,8547.0,2766.0,3388.0,2393.0,2229.0,2235.0,2234.0,2256.0,2249.0,2258.0,7687.0,7275.0,6147.0,2766.0,3388.0,2393.0,2229.0,2235.0,2234.0
0.0,18245.0,6625.0,6698.0,5675.0,9497.0,3729.0,3936.0,1832.0,2229.0,2235.0,2234.0,2192.0,2209.0,2224.0,6150.0,5552.0,6543.0,3729.0,3936.0,1832.0,2229.0,2235.0,2234.0
0.0,17295.0,6647.0,6698.0,8547.0,7597.0,3163.0,2768.0,1666.0,2229.0,2235.0,2234.0,2200.0,2220.0,2227.0,5187.0,5004.0,7104.0,3163.0,2768.0,1666.0,2229.0,2235.0,2234.0
0.0,19195.0,6729.0,6699.0,9497.0,4833.0,1678.0,1070.0,2085.0,2230.0,2235.0,2234.0,2240.0,2238.0,2251.0,5753.0,6172.0,7270.0,1678.0,1070.0,2085.0,2230.0,2235.0,2234.0
0.0,21963.0,6654.0,6699.0,7597.0,3890.0,708.0,523.0,2659.0,2230.0,2235.0,2234.0,2193.0,2221.0,2240.0,7242.0,7870.0,6851.0,708.0,523.0,2659.0,2230.0,2235.0,2234.0
0.0,22906.0,6714.0,6704.0,4833.0,5791.0,1283.0,1695.0,2813.0,2232.0,2236.0,2236.0,2245.0,2238.0,2231.0,8212.0,8417.0,6277.0,1283.0,1695.0,2813.0,2232.0,2236.0,2236.0
0.0,21025.0,6823.0,6708.0,3890.0,8740.0,2847.0,3440.0,2453.0,2234.0,2237.0,2237.0,2264.0,2264.0,2295.0,7645.0,7249.0,6131.0,2847.0,3440.0,2453.0,2234.0,2237.0,2237.0
0.0,18092.0,6811.0,6713.0,5791.0,9780.0,3856.0,4016.0,1908.0,2236.0,2238.0,2239.0,2284.0,2267.0,2260.0,6089.0,5508.0,6495.0,3856.0,4016.0,1908.0,2236.0,2238.0,2239.0
0.0,17072.0,6650.0,6712.0,8740.0,7686.0,3190.0,2802.0,1694.0,2235.0,2238.0,2239.0,2185.0,2226.0,2239.0,5088.0,4936.0,7048.0,3190.0,2802.0,1694.0,2235.0,2238.0,2239.0
0.0,19162.0,6703.0,6712.0,9780.0,4609.0,1554.0,1011.0,2044.0,2235.0,2238.0,2239.0,2220.0,2225.0,2258.0,5750.0,6150.0,7262.0,1554.0,1011.0,2044.0,2235.0,2238.0,2239.0
0.0,22239.0,6749.0,6714.0,7686.0,3680.0,604.0,466.0,2610.0,2235.0,2239.0,2240.0,2240.0,2253.0,2256.0,7386.0,7941.0,6912.0,604.0,466.0,2610.0,2235.0,2239.0,2240.0
0.0,23176.0,6727.0,6715.0,4609.0,5802.0,1314.0,1672.0,2816.0,2236.0,2239.0,2240.0,2260.0,2217.0,2250.0,8336.0,8490.0,6350.0,1314.0,1672.0,2816.0,2236.0,2239.0,2240.0
0.0,21058.0,6621.0,6715.0,3680.0,8743.0,2936.0,3391.0,2416.0,2237.0,2238.0,2240.0,2222.0,2189.0,2210.0,7630.0,7284.0,6144.0,2936.0,3391.0,2416.0,2237.0,2238.0,2240.0
0.0,18117.0,6779.0,6717.0,5802.0,9728.0,3896.0,3953.0,1879.0,2238.0,2238.0,2241.0,2270.0,2234.0,2275.0,6012.0,5561.0,6544.0,3896.0,3953.0,1879.0,2238.0,2238.0,2241.0
0.0,17140.0,6816.0,6721.0,8743.0,7817.0,3253.0,2840.0,1724.0,2240.0,2239.0,2242.0,2285.0,2274.0,2257.0,5056.0,4999.0,7085.0,3253.0,2840.0,1724.0,2240.0,2239.0,2242.0
0.0,19067.0,6715.0,6719.0,9728.0,4796.0,1588.0,1128.0,2080.0,2240.0,2238.0,2241.0,2231.0,2245.0,2239.0,5707.0,6116.0,7244.0,1588.0,1128.0,2080.0,2240.0,2238.0,2241.0
0.0,22080.0,6779.0,6720.0,7817.0,3762.0,607.0,542.0,2613.0,2240.0,2239.0,2241.0,2272.0,2250.0,2257.0,7372.0,7824.0,6884.0,607.0,542.0,2613.0,2240.0,2239.0,2241.0
0.0,23118.0,6750.0,6722.0,4796.0,5724.0,1252.0,1667.0,2805.0,2240.0,2240.0,2242.0,2233.0,2249.0,2268.0,8353.0,8414.0,6351.0,1252.0,1667.0,2805.0,2240.0,2240.0,2242.0
0.0,21164.0,6774.0,6722.0,3762.0,8736.0,2915.0,3371.0,2450.0,2240.0,2240.0,2242.0,2270.0,2246.0,2258.0,7708.0,7293.0,6163.0,2915.0,3371.0,2450.0,2240.0,2240.0,2242.0
0.0,18152.0,6720.0,6722.0,5724.0,9732.0,3914.0,3968.0,1850.0,2240.0,2240.0,2242.0,2251.0,2264.0,2205.0,6045.0,5589.0,6518.0,3914.0,3968.0,1850.0,2240.0,2240.0,2242.0
0.0,17156.0,6741.0,6723.0,8736.0,7741.0,3264.0,2838.0,1639.0,2241.0,2240.0,2242.0,2261.0,2241.0,2239.0,5046.0,4992.0,7118.0,3264.0,2838.0,1639.0,2241.0,2240.0,2242.0
0.0,19151.0,6826.0,6724.0,9732.0,4839.0,1627.0,1157.0,2055.0,2241.0,2241.0,2242.0,2277.0,2283.0,2266.0,5700.0,6122.0,7329.0,1627.0,1157.0,2055.0,2241.0,2241.0,2242.0
0.0,22057.0,6844.0,6727.0,7741.0,3954.0,662.0,598.0,2694.0,2242.0,2242.0,2243.0,2295.0,2275.0,2274.0,7337.0,7807.0,6913.0,662.0,598.0,2694.0,2242.0,2242.0,2243.0
0.0,22954.0,6804.0,6728.0,4839.0,5923.0,1308.0,1720.0,2895.0,2242.0,2242.0,2244.0,2273.0,2279.0,2252.0,8306.0,8370.0,6278.0,1308.0,1720.0,2895.0,2242.0,2242.0,2244.0
0.0,20989.0,6716.0,6728.0,3954.0,8685.0,2895.0,3352.0,2438.0,2242.0,2242.0,2244.0,2249.0,2230.0,2237.0,7660.0,7248.0,6081.0,2895.0,3352.0,2438.0,2242.0,2242.0,2244.0
0.0,18227.0,6728.0,6730.0,5923.0,9498.0,3856.0,3880.0,1762.0,2243.0,2243.0,2244.0,2265.0,2244.0,2219.0,6073.0,5616.0,6538.0,3856.0,3880.0,1762.0,2243.0,2243.0,2244.0
0.0,17422.0,6802.0,6732.0,8685.0,7623.0,3235.0,2817.0,1571.0,2243.0,2244.0,2245.0,2274.0,2285.0,2243.0,5116.0,5092.0,7214.0,3235.0,2817.0,1571.0,2243.0,2244.0,2245.0
0.0,19305.0,6796.0,6734.0,9498.0,4929.0,1661.0,1213.0,2055.0,2244.0,2245.0,2245.0,2278.0,2272.0,2246.0,5737.0,6159.0,7409.0,1661.0,1213.0,2055.0,2244.0,2245.0,2245.0
0.0,22007.0,6823.0,6737.0,7623.0,4141.0,704.0,687.0,2750.0,2245.0,2246.0,2246.0,2274.0,2287.0,2262.0,7315.0,7767.0,6925.0,704.0,687.0,2750.0,2245.0,2246.0,2246.0
0.0,22807.0,6681.0,6736.0,4929.0,5889.0,1261.0,1737.0,2891.0,2244.0,2247.0,2245.0,2222.0,2259.0,2200.0,8276.0,8297.0,6234.0,1261.0,1737.0,2891.0,2244.0,2247.0,2245.0
0.0,21055.0,6706.0,6736.0,4141.0,8454.0,2809.0,3291.0,2354.0,2245.0,2246.0,2245.0,2248.0,2245.0,2213.0,7715.0,7251.0,6089.0,2809.0,3291.0,2354.0,2245.0,2246.0,2245.0
0.0,18490.0,6807.0,6739.0,5889.0,9384.0,3789.0,3846.0,1749.0,2245.0,2248.0,2246.0,2241.0,2284.0,2282.0,6171.0,5693.0,6626.0,3789.0,3846.0,1749.0,2245.0,2248.0,2246.0
0.0,17572.0,6744.0,6739.0,8454.0,7674.0,3214.0,2826.0,1634.0,2245.0,2248.0,2246.0,2234.0,2271.0,2239.0,5191.0,5146.0,7235.0,3214.0,2826.0,1634.0,2245.0,2248.0,2246.0
0.0,19282.0,6865.0,6745.0,9384.0,5179.0,1698.0,1290.0,2191.0,2246.0,2251.0,2248.0,2269.0,2298.0,2298.0,5766.0,6166.0,7350.0,1698.0,1290.0,2191.0,2246.0,2251.0,2248.0
0.0,21801.0,6836.0,6749.0,7674.0,4357.0,759.0,773.0,2825.0,2248.0,2252.0,2249.0,2267.0,2305.0,2264.0,7286.0,7714.0,6801.0,759.0,773.0,2825.0,2248.0,2252.0,2249.0
0.0,22639.0,6836.0,6751.0,5179.0,6022.0,1320.0,1786.0,2916.0,2248.0,2253.0,2250.0,2259.0,2299.0,2278.0,8233.0,8235.0,6171.0,1320.0,1786.0,2916.0,2248.0,2253.0,2250.0
0.0,20982.0,6832.0,6755.0,4357.0,8513.0,2825.0,3307.0,2381.0,2249.0,2255.0,2251.0,2260.0,2286.0,2286.0,7672.0,7226.0,6084.0,2825.0,3307.0,2381.0,2249.0,2255.0,2251.0
0.0,18507.0,6785.0,6754.0,6022.0,9272.0,3773.0,3767.0,1732.0,2249.0,2254.0,2251.0,2268.0,2250.0,2267.0,6171.0,5713.0,6623.0,3773.0,3767.0,1732.0,2249.0,2254.0,2251.0
0.0,17744.0,6817.0,6753.0,8513.0,7572.0,3216.0,2744.0,1612.0,2249.0,2254.0,2250.0,2268.0,2284.0,2265.0,5223.0,5249.0,7272.0,3216.0,2744.0,1612.0,2249.0,2254.0,2250.0
0.0,19440.0,6810.0,6755.0,9272.0,5118.0,1719.0,1235.0,2164.0,2250.0,2254.0,2251.0,2272.0,2258.0,2280.0,5780.0,6272.0,7388.0,1719.0,1235.0,2164.0,2250.0,2254.0,2251.0
0.0,21902.0,6755.0,6756.0,7572.0,4305.0,740.0,755.0,2810.0,2250.0,2254.0,2252.0,2237.0,2264.0,2254.0,7281.0,7781.0,6840.0,740.0,755.0,2810.0,2250.0,2254.0,2252.0
0.0,22719.0,6767.0,6757.0,5118.0,5958.0,1270.0,1798.0,2890.0,2250.0,2255.0,2252.0,2249.0,2274.0,2244.0,8260.0,8261.0,6198.0,1270.0,1798.0,2890.0,2250.0,2255.0,2252.0
0.0,21070.0,6855.0,6758.0,4305.0,8512.0,2837.0,3315.0,2360.0,2251.0,2255.0,2252.0,2303.0,2272.0,2280.0,7730.0,7222.0,6118.0,2837.0,3315.0,2360.0,2251.0,2255.0,2252.0
0.0,18520.0,6850.0,6761.0,5958.0,9416.0,3858.0,3811.0,1747.0,2252.0,2256.0,2253.0,2287.0,2290.0,2273.0,6167.0,5705.0,6648.0,3858.0,3811.0,1747.0,2252.0,2256.0,2253.0
0.0,17628.0,6677.0,6761.0,8512.0,7581.0,3265.0,2710.0,1606.0,2253.0,2255.0,2253.0,2240.0,2218.0,2219.0,5150.0,5213.0,7265.0,3265.0,2710.0,1606.0,2253.0,2255.0,2253.0
0.0,19463.0,6735.0,6759.0,9416.0,4892.0,1644.0,1130.0,2118.0,2252.0,2255.0,2252.0,2241.0,2231.0,2263.0,5747.0,6310.0,7406.0,1644.0,1130.0,2118.0,2252.0,2255.0,2252.0
0.0,22144.0,6881.0,6761.0,7581.0,4200.0,681.0,712.0,2807.0,2253.0,2256.0,2252.0,2298.0,2288.0,2295.0,7364.0,7890.0,6890.0,681.0,712.0,2807.0,2253.0,2256.0,2252.0
0.0,22844.0,6839.0,6764.0,4892.0,6159.0,1329.0,1840.0,2990.0,2254.0,2256.0,2254.0,2288.0,2258.0,2293.0,8331.0,8312.0,6201.0,1329.0,1840.0,2990.0,2254.0,2256.0,2254.0
0.0,20897.0,6829.0,6764.0,4200.0,8788.0,2942.0,3368.0,2478.0,2254.0,2256.0,2254.0,2294.0,2240.0,2295.0,7687.0,7184.0,6026.0,2942.0,3368.0,2478.0,2254.0,2256.0,2254.0
0.0,18268.0,6972.0,6769.0,6159.0,9621.0,3952.0,3826.0,1843.0,2256.0,2257.0,2256.0,2331.0,2294.0,2347.0,6074.0,5656.0,6538.0,3952.0,3826.0,1843.0,2256.0,2257.0,2256.0
0.0,17455.0,6753.0,6768.0,8788.0,7582.0,3269.0,2691.0,1622.0,2256.0,2256.0,2256.0,2259.0,2237.0,2257.0,5072.0,5202.0,7181.0,3269.0,2691.0,1622.0,2256.0,2256.0,2256.0
0.0,19490.0,6720.0,6768.0,9621.0,4681.0,1561.0,1094.0,2026.0,2256.0,2256.0,2256.0,2244.0,2229.0,2247.0,5755.0,6333.0,7402.0,1561.0,1094.0,2026.0,2256.0,2256.0,2256.0
0.0,22391.0,6796.0,6770.0,7582.0,3903.0,569.0,647.0,2687.0,2257.0,2256.0,2257.0,2273.0,2244.0,2279.0,7463.0,7930.0,6998.0,569.0,647.0,2687.0,2257.0,2256.0,2257.0
0.0,23177.0,6791.0,6773.0,4681.0,6025.0,1279.0,1822.0,2924.0,2258.0,2257.0,2258.0,2267.0,2265.0,2259.0,8459.0,8377.0,6341.0,1279.0,1822.0,2924.0,2258.0,2257.0,2258.0
0.0,21067.0,6803.0,6776.0,3903.0,8937.0,2969.0,3433.0,2535.0,2259.0,2258.0,2259.0,2255.0,2254.0,2294.0,7753.0,7206.0,6108.0,2969.0,3433.0,2535.0,2259.0,2258.0,2259.0
0.0,18167.0,6834.0,6778.0,6025.0,9754.0,3984.0,3864.0,1906.0,2260.0,2258.0,2260.0,2290.0,2253.0,2291.0,6067.0,5599.0,6501.0,3984.0,3864.0,1906.0,2260.0,2258.0,2260.0
0.0,17358.0,6765.0,6779.0,8937.0,7586.0,3270.0,2682.0,1634.0,2261.0,2258.0,2260.0,2251.0,2251.0,2263.0,5056.0,5168.0,7134.0,3270.0,2682.0,1634.0,2261.0,2258.0,2260.0
0.0,19530.0,6744.0,6780.0,9754.0,4580.0,1524.0,1079.0,1977.0,2261.0,2259.0,2260.0,2238.0,2257.0,2249.0,5774.0,6350.0,7406.0,1524.0,1079.0,1977.0,2261.0,2259.0,2260.0
0.0,22540.0,6766.0,6780.0,7586.0,3760.0,488.0,671.0,2601.0,2261.0,2259.0,2260.0,2234.0,2274.0,2258.0,7520.0,7957.0,7063.0,488.0,671.0,2601.0,2261.0,2259.0,2260.0
0.0,23360.0,6791.0,6779.0,4580.0,5967.0,1205.0,1871.0,2891.0,2260.0,2259.0,2260.0,2245.0,2279.0,2267.0,8556.0,8365.0,6439.0,1205.0,1871.0,2891.0,2260.0,2259.0,2260.0
0.0,21149.0,6797.0,6781.0,3760.0,9012.0,2972.0,3479.0,2561.0,2261.0,2260.0,2260.0,2251.0,2275.0,2271.0,7835.0,7165.0,6149.0,2972.0,3479.0,2561.0,2261.0,2260.0,2260.0
0.0,18112.0,6720.0,6782.0,5967.0,9769.0,4019.0,3845.0,1905.0,2262.0,2260.0,2260.0,2248.0,2237.0,2235.0,6072.0,5561.0,6479.0,4019.0,3845.0,1905.0,2262.0,2260.0,2260.0
0.0,17359.0,6777.0,6783.0,9012.0,7538.0,3296.0,2650.0,1592.0,2262.0,2261.0,2260.0,2249.0,2280.0,2248.0,5029.0,5195.0,7135.0,3296.0,2650.0,1592.0,2262.0,2261.0,2260.0
0.0,19594.0,6744.0,6783.0,9769.0,4513.0,1515.0,1051.0,1947.0,2262.0,2261.0,2260.0,2238.0,2246.0,2260.0,5752.0,6394.0,7448.0,1515.0,1051.0,1947.0,2262.0,2261.0,2260.0
0.0,22619.0,6749.0,6785.0,7538.0,3732.0,436.0,672.0,2624.0,2261.0,2263.0,2261.0,2221.0,2263.0,2265.0,7533.0,7993.0,7093.0,436.0,672.0,2624.0,2261.0,2263.0,2261.0
0.0,23408.0,6786.0,6786.0,4513.0,6009.0,1187.0,1895.0,2927.0,2261.0,2264.0,2261.0,2266.0,2270.0,2250.0,8608.0,8380.0,6420.0,1187.0,1895.0,2927.0,2261.0,2264.0,2261.0
0.0,21135.0,6814.0,6785.0,3732.0,9087.0,3022.0,3521.0,2544.0,2261.0,2264.0,2260.0,2271.0,2298.0,2245.0,7857.0,7161.0,6117.0,3022.0,3521.0,2544.0,2261.0,2264.0,2260.0
0.0,18053.0,6790.0,6787.0,6009.0,9876.0,4116.0,3911.0,1849.0,2262.0,2265.0,2260.0,2277.0,2281.0,2232.0,6022.0,5535.0,6496.0,4116.0,3911.0,1849.0,2262.0,2265.0,2260.0
0.0,17272.0,6849.0,6788.0,9087.0,7642.0,3373.0,2701.0,1568.0,2262.0,2266.0,2260.0,2279.0,2307.0,2263.0,4932.0,5149.0,7191.0,3373.0,2701.0,1568.0,2262.0,2266.0,2260.0
0.0,19510.0,6734.0,6789.0,9876.0,4504.0,1526.0,1032.0,1946.0,2263.0,2266.0,2260.0,2265.0,2242.0,2227.0,5675.0,6363.0,7472.0,1526.0,1032.0,1946.0,2263.0,2266.0,2260.0
0.0,22652.0,6911.0,6791.0,7642.0,3781.0,491.0,636.0,2654.0,2264.0,2267.0,2260.0,2334.0,2301.0,2276.0,7526.0,8032.0,7094.0,491.0,636.0,2654.0,2264.0,2267.0,2260.0
0.0,23383.0,6896.0,6794.0,4504.0,6185.0,1294.0,1914.0,2977.0,2265.0,2268.0,2261.0,2325.0,2306.0,2265.0,8565.0,8432.0,6386.0,1294.0,1914.0,2977.0,2265.0,2268.0,2261.0
0.0,20991.0,6924.0,6798.0,3781.0,9344.0,3106.0,3590.0,2648.0,2266.0,2269.0,2263.0,2299.0,2308.0,2317.0,7766.0,7158.0,6067.0,3106.0,3590.0,2648.0,2266.0,2269.0,2263.0
0.0,17848.0,6776.0,6797.0,6185.0,9931.0,4081.0,3952.0,1898.0,2266.0,2269.0,2262.0,2269.0,2276.0,2231.0,5958.0,5486.0,6404.0,4081.0,3952.0,1898.0,2266.0,2269.0,2262.0
0.0,17257.0,6878.0,6797.0,9344.0,7465.0,3271.0,2661.0,1533.0,2266.0,2269.0,2262.0,2296.0,2299.0,2283.0,4983.0,5124.0,7150.0,3271.0,2661.0,1533.0,2266.0,2269.0,2262.0
0.0,19723.0,6858.0,6799.0,9931.0,4400.0,1496.0,986.0,1918.0,2267.0,2269.0,2263.0,2302.0,2277.0,2279.0,5793.0,6415.0,7515.0,1496.0,986.0,1918.0,2267.0,2269.0,2263.0
0.0,22796.0,6817.0,6800.0,7465.0,3756.0,497.0,597.0,2662.0,2267.0,2270.0,2263.0,2272.0,2268.0,2277.0,7572.0,8090.0,7134.0,497.0,597.0,2662.0,2267.0,2270.0,2263.0
0.0,23444.0,6907.0,6804.0,4400.0,6279.0,1316.0,1918.0,3045.0,2268.0,2271.0,2265.0,2311.0,2303.0,2293.0,8571.0,8483.0,6390.0,1316.0,1918.0,3045.0,2268.0,2271.0,2265.0
0.0,20937.0,6900.0,6805.0,3756.0,9427.0,3120.0,3610.0,2697.0,2268.0,2271.0,2266.0,2301.0,2289.0,2310.0,7756.0,7166.0,6015.0,3120.0,3610.0,2697.0,2268.0,2271.0,2266.0
0.0,17793.0,6905.0,6807.0,6279.0,10061.0,4131.0,3977.0,1953.0,2269.0,2271.0,2267.0,2323.0,2285.0,2297.0,5952.0,5474.0,6367.0,4131.0,3977.0,1953.0,2269.0,2271.0,2267.0
0.0,17167.0,6838.0,6808.0,9427.0,7476.0,3291.0,2637.0,1548.0,2269.0,2271.0,2268.0,2280.0,2270.0,2288.0,4945.0,5107.0,7115.0,3291.0,2637.0,1548.0,2269.0,2271.0,2268.0
0.0,19756.0,6952.0,6813.0,10061.0,4387.0,1482.0,987.0,1918.0,2271.0,2272.0,2270.0,2314.0,2323.0,2315.0,5785.0,6447.0,7524.0,1482.0,987.0,1918.0,2271.0,2272.0,2270.0
0.0,22865.0,6786.0,6814.0,7476.0,3701.0,455.0,599.0,2647.0,2271.0,2272.0,2271.0,2264.0,2249.0,2273.0,7602.0,8101.0,7162.0,455.0,599.0,2647.0,2271.0,2272.0,2271.0
0.0,23555.0,6803.0,6815.0,4387.0,6121.0,1244.0,1860.0,3017.0,2272.0,2272.0,2271.0,2267.0,2248.0,2288.0,8629.0,8489.0,6437.0,1244.0,1860.0,3017.0,2272.0,2272.0,2271.0
0.0,21139.0,6882.0,6818.0,3701.0,9314.0,3065.0,3552.0,2697.0,2273.0,2272.0,2273.0,2272.0,2291.0,2319.0,7844.0,7228.0,6067.0,3065.0,3552.0,2697.0,2273.0,2272.0,2273.0
0.0,17958.0,6767.0,6815.0,6121.0,9948.0,4047.0,3959.0,1942.0,2272.0,2271.0,2272.0,2230.0,2271.0,2266.0,6027.0,5536.0,6395.0,4047.0,3959.0,1942.0,2272.0,2271.0,2272.0
0.0,17312.0,6781.0,6814.0,9314.0,7411.0,3228.0,2652.0,1531.0,2272.0,2270.0,2272.0,2246.0,2249.0,2286.0,5041.0,5125.0,7146.0,3228.0,2652.0,1531.0,2272.0,2270.0,2272.0
0.0,19845.0,6810.0,6814.0,9948.0,4273.0,1438.0,969.0,1866.0,2272.0,2270.0,2272.0,2257.0,2276.0,2277.0,5860.0,6428.0,7557.0,1438.0,969.0,1866.0,2272.0,2270.0,2272.0
0.0,22983.0,6791.0,6813.0,7411.0,3649.0,473.0,566.0,2610.0,2272.0,2269.0,2272.0,2263.0,2253.0,2275.0,7650.0,8111.0,7222.0,473.0,566.0,2610.0,2272.0,2269.0,2272.0
0.0,23603.0,6805.0,6813.0,4273.0,6181.0,1329.0,1848.0,3004.0,2272.0,2269.0,2272.0,2294.0,2251.0,2260.0,8615.0,8510.0,6478.0,1329.0,1848.0,3004.0,2272.0,2269.0,2272.0
0.0,21071.0,6692.0,6812.0,3649.0,9220.0,3094.0,3489.0,2637.0,2272.0,2268.0,2272.0,2238.0,2211.0,2243.0,7759.0,7228.0,6084.0,3094.0,3489.0,2637.0,2272.0,2268.0,2272.0
0.0,18028.0,6860.0,6812.0,6181.0,9899.0,4037.0,3914.0,1948.0,2272.0,2268.0,2272.0,2272.0,2273.0,2315.0,5994.0,5583.0,6451.0,4037.0,3914.0,1948.0,2272.0,2268.0,2272.0
0.0,17349.0,6837.0,6813.0,9220.0,7520.0,3231.0,2677.0,1612.0,2272.0,2268.0,2273.0,2288.0,2252.0,2297.0,5051.0,5158.0,7140.0,3231.0,2677.0,1612.0,2272.0,2268.0,2273.0
0.0,19732.0,6940.0,6817.0,9899.0,4577.0,1509.0,1054.0,2014.0,2274.0,2268.0,2275.0,2307.0,2291.0,2342.0,5857.0,6395.0,7480.0,1509.0,1054.0,2014.0,2274.0,2268.0,2275.0
0.0,22691.0,6825.0,6816.0,7520.0,3878.0,545.0,658.0,2675.0,2273.0,2268.0,2275.0,2271.0,2281.0,2273.0,7587.0,8018.0,7086.0,545.0,658.0,2675.0,2273.0,2268.0,2275.0
0.0,23386.0,6933.0,6819.0,4577.0,6246.0,1361.0,1903.0,2982.0,2274.0,2269.0,2276.0,2321.0,2295.0,2317.0,8547.0,8414.0,6425.0,1361.0,1903.0,2982.0,2274.0,2269.0,2276.0
0.0,21030.0,6867.0,6822.0,3878.0,9247.0,3112.0,3529.0,2606.0,2275.0,2270.0,2277.0,2292.0,2280.0,2295.0,7735.0,7173.0,6122.0,3112.0,3529.0,2606.0,2275.0,2270.0,2277.0
0.0,18041.0,6848.0,6823.0,6246.0,9853.0,4032.0,3892.0,1929.0,2275.0,2270.0,2278.0,2281.0,2266.0,2301.0,5988.0,5551.0,6502.0,4032.0,3892.0,1929.0,2275.0,2270.0,2278.0
0.0,17439.0,6865.0,6824.0,9247.0,7475.0,3204.0,2668.0,1603.0,2275.0,2271.0,2278.0,2284.0,2301.0,2280.0,5068.0,5188.0,7183.0,3204.0,2668.0,1603.0,2275.0,2271.0,2278.0
0.0,19821.0,6944.0,6826.0,9853.0,4574.0,1505.0,1083.0,1986.0,2276.0,2272.0,2278.0,2329.0,2303.0,2312.0,5896.0,6416.0,7509.0,1505.0,1083.0,1986.0,2276.0,2272.0,2278.0
0.0,22730.0,6833.0,6825.0,7475.0,3928.0,593.0,689.0,2646.0,2276.0,2272.0,2277.0,2292.0,2274.0,2267.0,7599.0,8005.0,7126.0,593.0,689.0,2646.0,2276.0,2272.0,2277.0
0.0,23372.0,6919.0,6824.0,4574.0,6269.0,1379.0,1906.0,2984.0,2275.0,2272.0,2277.0,2295.0,2300.0,2324.0,8511.0,8399.0,6462.0,1379.0,1906.0,2984.0,2275.0,2272.0,2277.0
0.0,21027.0,6884.0,6827.0,3928.0,9237.0,3084.0,3505.0,2648.0,2276.0,2273.0,2278.0,2294.0,2284.0,2306.0,7721.0,7182.0,6124.0,3084.0,3505.0,2648.0,2276.0,2273.0,2278.0
0.0,18071.0,6789.0,6828.0,6269.0,9761.0,3979.0,3868.0,1914.0,2276.0,2274.0,2278.0,2274.0,2265.0,2250.0,6020.0,5587.0,6464.0,3979.0,3868.0,1914.0,2276.0,2274.0,2278.0
0.0,17551.0,6824.0,6829.0,9237.0,7352.0,3156.0,2664.0,1532.0,2276.0,2275.0,2278.0,2261.0,2297.0,2266.0,5125.0,5228.0,7198.0,3156.0,2664.0,1532.0,2276.0,2275.0,2278.0
0.0,19964.0,6769.0,6829.0,9761.0,4360.0,1420.0,1062.0,1878.0,2276.0,2275.0,2278.0,2243.0,2266.0,2260.0,5948.0,6436.0,7580.0,1420.0,1062.0,1878.0,2276.0,2275.0,2278.0
0.0,22956.0,6904.0,6830.0,7352.0,3916.0,563.0,732.0,2621.0,2277.0,2276.0,2277.0,2295.0,2330.0,2279.0,7684.0,8038.0,7234.0,563.0,732.0,2621.0,2277.0,2276.0,2277.0
0.0,23404.0,6822.0,6830.0,4360.0,6378.0,1401.0,1959.0,3018.0,2276.0,2277.0,2277.0,2262.0,2285.0,2275.0,8545.0,8372.0,6487.0,1401.0,1959.0,3018.0,2276.0,2277.0,2277.0
0.0,20942.0,6748.0,6831.0,3916.0,9214.0,3064.0,3510.0,2640.0,2276.0,2278.0,2277.0,2226.0,2279.0,2243.0,7703.0,7149.0,6090.0,3064.0,3510.0,2640.0,2276.0,2278.0,2277.0
0.0,18110.0,6812.0,6832.0,6378.0,9652.0,3915.0,3862.0,1875.0,2276.0,2279.0,2277.0,2252.0,2307.0,2253.0,6040.0,5602.0,6468.0,3915.0,3862.0,1875.0,2276.0,2279.0,2277.0
0.0,17676.0,6922.0,6834.0,9214.0,7368.0,3183.0,2667.0,1518.0,2278.0,2279.0,2277.0,2324.0,2315.0,2283.0,5189.0,5254.0,7233.0,3183.0,2667.0,1518.0,2278.0,2279.0,2277.0
0.0,19968.0,6932.0,6837.0,9652.0,4660.0,1571.0,1118.0,1971.0,2279.0,2280.0,2278.0,2299.0,2309.0,2324.0,5929.0,6449.0,7590.0,1571.0,1118.0,1971.0,2279.0,2280.0,2278.0
0.0,22688.0,6822.0,6837.0,7368.0,4114.0,660.0,732.0,2722.0,2279.0,2280.0,2278.0,2272.0,2281.0,2269.0,7545.0,8002.0,7141.0,660.0,732.0,2722.0,2279.0,2280.0,2278.0
0.0,23234.0,6776.0,6838.0,4660.0,6234.0,1344.0,1862.0,3028.0,2279.0,2280.0,2279.0,2255.0,2248.0,2273.0,8456.0,8388.0,6390.0,1344.0,1862.0,3028.0,2279.0,2280.0,2279.0
0.0,21118.0,6800.0,6839.0,4114.0,8924.0,2952.0,3391.0,2581.0,2279.0,2280.0,2280.0,2268.0,2261.0,2271.0,7772.0,7258.0,6088.0,2952.0,3391.0,2581.0,2279.0,2280.0,2280.0
0.0,18432.0,6808.0,6840.0,6234.0,9502.0,3880.0,3787.0,1835.0,2280.0,2280.0,2280.0,2268.0,2258.0,2282.0,6164.0,5729.0,6539.0,3880.0,3787.0,1835.0,2280.0,2280.0,2280.0
0.0,17858.0,6850.0,6842.0,8924.0,7436.0,3200.0,2693.0,1543.0,2281.0,2281.0,2280.0,2268.0,2293.0,2289.0,5240.0,5333.0,7285.0,3200.0,2693.0,1543.0,2281.0,2281.0,2280.0
0.0,19932.0,6858.0,6844.0,9502.0,4800.0,1627.0,1183.0,1990.0,2282.0,2281.0,2281.0,2303.0,2277.0,2278.0,5924.0,6431.0,7577.0,1627.0,1183.0,1990.0,2282.0,2281.0,2281.0
0.0,22576.0,6889.0,6845.0,7436.0,4257.0,771.0,777.0,2709.0,2283.0,2281.0,2281.0,2340.0,2287.0,2262.0,7501.0,7941.0,7134.0,771.0,777.0,2709.0,2283.0,2281.0,2281.0
0.0,23123.0,6923.0,6848.0,4800.0,6392.0,1484.0,1874.0,3034.0,2284.0,2281.0,2283.0,2336.0,2280.0,2307.0,8361.0,8347.0,6415.0,1484.0,1874.0,3034.0,2284.0,2281.0,2283.0
0.0,21000.0,6920.0,6849.0,4257.0,9059.0,3054.0,3370.0,2635.0,2285.0,2280.0,2284.0,2337.0,2277.0,2306.0,7652.0,7250.0,6098.0,3054.0,3370.0,2635.0,2285.0,2280.0,2284.0
0.0,18337.0,6839.0,6851.0,6392.0,9514.0,3848.0,3783.0,1883.0,2285.0,2281.0,2285.0,2278.0,2283.0,2278.0,6086.0,5750.0,6501.0,3848.0,3783.0,1883.0,2285.0,2281.0,2285.0
0.0,17890.0,6885.0,6851.0,9059.0,7340.0,3098.0,2709.0,1533.0,2285.0,2281.0,2285.0,2304.0,2296.0,2285.0,5292.0,5341.0,7257.0,3098.0,2709.0,1533.0,2285.0,2281.0,2285.0
0.0,20064.0,6872.0,6849.0,9514.0,4690.0,1538.0,1200.0,1952.0,2284.0,2280.0,2285.0,2292.0,2278.0,2302.0,6042.0,6415.0,7607.0,1538.0,1200.0,1952.0,2284.0,2280.0,2285.0
0.0,22706.0,6978.0,6851.0,7340.0,4336.0,784.0,801.0,2751.0,2285.0,2280.0,2286.0,2340.0,2310.0,2328.0,7598.0,7920.0,7188.0,784.0,801.0,2751.0,2285.0,2280.0,2286.0
0.0,23068.0,6939.0,6854.0,4690.0,6597.0,1577.0,1921.0,3099.0,2286.0,2281.0,2287.0,2327.0,2316.0,2296.0,8356.0,8319.0,6393.0,1577.0,1921.0,3099.0,2286.0,2281.0,2287.0
0.0,20819.0,6955.0,6856.0,4336.0,9224.0,3113.0,3451.0,2660.0,2287.0,2282.0,2287.0,2316.0,2327.0,2312.0,7567.0,7203.0,6049.0,3113.0,3451.0,2660.0,2287.0,2282.0,2287.0
0.0,18200.0,6936.0,6857.0,6597.0,9567.0,3856.0,3819.0,1892.0,2287.0,2282.0,2288.0,2320.0,2289.0,2327.0,6035.0,5677.0,6488.0,3856.0,3819.0,1892.0,2287.0,2282.0,2288.0
0.0,17861.0,7038.0,6861.0,9224.0,7397.0,3101.0,2705.0,1591.0,2288.0,2283.0,2290.0,2354.0,2333.0,2351.0,5292.0,5309.0,7260.0,3101.0,2705.0,1591.0,2288.0,2283.0,2290.0
0.0,20047.0,7042.0,6865.0,9567.0,4888.0,1620.0,1228.0,2040.0,2290.0,2284.0,2291.0,2367.0,2338.0,2337.0,6051.0,6427.0,7569.0,1620.0,1228.0,2040.0,2290.0,2284.0,2291.0
0.0,22572.0,7009.0,6865.0,7397.0,4500.0,850.0,850.0,2800.0,2290.0,2284.0,2291.0,2331.0,2327.0,2351.0,7540.0,7908.0,7124.0,850.0,850.0,2800.0,2290.0,2284.0,2291.0
0.0,22960.0,6981.0,6867.0,4888.0,6601.0,1550.0,1966.0,3085.0,2290.0,2285.0,2292.0,2320.0,2340.0,2321.0,8310.0,8286.0,6364.0,1550.0,1966.0,3085.0,2290.0,2285.0,2292.0
0.0,20867.0,6899.0,6868.0,4500.0,9004.0,2982.0,3434.0,2588.0,2290.0,2286.0,2292.0,2282.0,2314.0,2303.0,7610.0,7174.0,6083.0,2982.0,3434.0,2588.0,2290.0,2286.0,2292.0
0.0,18468.0,6958.0,6869.0,6601.0,9365.0,3733.0,3791.0,1841.0,2290.0,2286.0,2293.0,2301.0,2323.0,2334.0,6178.0,5710.0,6580.0,3733.0,3791.0,1841.0,2290.0,2286.0,2293.0
0.0,18111.0,6916.0,6871.0,9004.0,7285.0,3030.0,2693.0,1562.0,2290.0,2288.0,2293.0,2279.0,2328.0,2309.0,5427.0,5353.0,7331.0,3030.0,2693.0,1562.0,2290.0,2288.0,2293.0
0.0,20199.0,6933.0,6874.0,9365.0,4865.0,1596.0,1217.0,2052.0,2291.0,2289.0,2294.0,2295.0,2311.0,2327.0,6130.0,6459.0,7610.0,1596.0,1217.0,2052.0,2291.0,2289.0,2294.0
0.0,22631.0,6986.0,6877.0,7285.0,4578.0,888.0,844.0,2846.0,2292.0,2290.0,2295.0,2318.0,2316.0,2352.0,7568.0,7939.0,7124.0,888.0,844.0,2846.0,2292.0,2290.0,2295.0
0.0,22930.0,6886.0,6878.0,4865.0,6603.0,1583.0,1935.0,3085.0,2293.0,2290.0,2295.0,2287.0,2308.0,2291.0,8280.0,8316.0,6334.0,1583.0,1935.0,3085.0,2293.0,2290.0,2295.0
0.0,20909.0,6874.0,6879.0,4578.0,8903.0,2970.0,3390.0,2543.0,2293.0,2291.0,2295.0,2275.0,2295.0,2304.0,7589.0,7225.0,6095.0,2970.0,3390.0,2543.0,2293.0,2291.0,2295.0
0.0,18613.0,6865.0,6882.0,6603.0,9177.0,3665.0,3763.0,1749.0,2294.0,2292.0,2296.0,2274.0,2304.0,2287.0,6202.0,5774.0,6637.0,3665.0,3763.0,1749.0,2294.0,2292.0,2296.0
0.0,18351.0,6959.0,6883.0,8903.0,7237.0,3005.0,2714.0,1518.0,2294.0,2293.0,2296.0,2310.0,2337.0,2312.0,5511.0,5405.0,7435.0,3005.0,2714.0,1518.0,2294.0,2293.0,2296.0
0.0,20295.0,6983.0,6887.0,9177.0,5059.0,1669.0,1264.0,2126.0,2295.0,2294.0,2298.0,2325.0,2309.0,2349.0,6171.0,6458.0,7666.0,1669.0,1264.0,2126.0,2295.0,2294.0,2298.0
0.0,22489.0,6875.0,6891.0,7237.0,4713.0,939.0,855.0,2919.0,2296.0,2296.0,2299.0,2271.0,2297.0,2307.0,7511.0,7912.0,7066.0,939.0,855.0,2919.0,2296.0,2296.0,2299.0
0.0,22851.0,7024.0,6894.0,5059.0,6690.0,1598.0,1941.0,3151.0,2297.0,2297.0,2300.0,2324.0,2346.0,2354.0,8245.0,8329.0,6277.0,1598.0,1941.0,3151.0,2297.0,2297.0,2300.0
0.0,20886.0,6951.0,6897.0,4713.0,8940.0,2956.0,3425.0,2559.0,2297.0,2299.0,2301.0,2297.0,2331.0,2323.0,7590.0,7247.0,6049.0,2956.0,3425.0,2559.0,2297.0,2299.0,2301.0
0.0,18648.0,6951.0,6897.0,6690.0,9201.0,3677.0,3808.0,1716.0,2297.0,2300.0,2300.0,2319.0,2320.0,2312.0,6232.0,5771.0,6645.0,3677.0,3808.0,1716.0,2297.0,2300.0,2300.0
0.0,18387.0,6899.0,6898.0,8940.0,7164.0,3029.0,2695.0,1440.0,2298.0,2300.0,2300.0,2304.0,2312.0,2283.0,5511.0,5392.0,7484.0,3029.0,2695.0,1440.0,2298.0,2300.0,2300.0
0.0,20428.0,6948.0,6898.0,9201.0,4911.0,1655.0,1207.0,2049.0,2297.0,2301.0,2300.0,2307.0,2316.0,2325.0,6163.0,6505.0,7760.0,1655.0,1207.0,2049.0,2297.0,2301.0,2300.0
0.0,22681.0,6941.0,6900.0,7164.0,4696.0,956.0,808.0,2932.0,2298.0,2301.0,2301.0,2326.0,2296.0,2319.0,7533.0,7997.0,7151.0,956.0,808.0,2932.0,2298.0,2301.0,2301.0
0.0,22904.0,6883.0,6900.0,4911.0,6668.0,1611.0,1895.0,3162.0,2299.0,2301.0,2300.0,2306.0,2294.0,2283.0,8236.0,8396.0,6272.0,1611.0,1895.0,3162.0,2299.0,2301.0,2300.0
0.0,20932.0,6888.0,6900.0,4696.0,8860.0,2974.0,3372.0,2514.0,2299.0,2301.0,2300.0,2319.0,2285.0,2284.0,7585.0,7309.0,6038.0,2974.0,3372.0,2514.0,2299.0,2301.0,2300.0
0.0,18740.0,6903.0,6900.0,6668.0,9095.0,3673.0,3780.0,1642.0,2299.0,2301.0,2300.0,2310.0,2303.0,2290.0,6222.0,5832.0,6686.0,3673.0,3780.0,1642.0,2299.0,2301.0,2300.0
0.0,18505.0,7033.0,6903.0,8860.0,7280.0,3056.0,2758.0,1466.0,2300.0,2302.0,2301.0,2353.0,2346.0,2334.0,5523.0,5424.0,7558.0,3056.0,2758.0,1466.0,2300.0,2302.0,2301.0
0.0,20332.0,6874.0,6903.0,9095.0,5059.0,1678.0,1265.0,2116.0,2300.0,2302.0,2301.0,2295.0,2287.0,2292.0,6144.0,6450.0,7738.0,1678.0,1265.0,2116.0,2300.0,2302.0,2301.0
0.0,22553.0,6867.0,6902.0,7280.0,4642.0,929.0,785.0,2928.0,2300.0,2302.0,2300.0,2307.0,2278.0,2282.0,7522.0,7943.0,7088.0,929.0,785.0,2928.0,2300.0,2302.0,2300.0
0.0,22966.0,6899.0,6905.0,5059.0,6494.0,1572.0,1831.0,3091.0,2301.0,2303.0,2301.0,2317.0,2307.0,2275.0,8271.0,8423.0,6272.0,1572.0,1831.0,3091.0,2301.0,2303.0,2301.0
0.0,21126.0,6863.0,6905.0,4642.0,8715.0,2914.0,3347.0,2454.0,2301.0,2303.0,2301.0,2271.0,2301.0,2291.0,7632.0,7381.0,6113.0,2914.0,3347.0,2454.0,2301.0,2303.0,2301.0
0.0,18905.0,6961.0,6909.0,6494.0,9198.0,3647.0,3842.0,1709.0,2302.0,2304.0,2303.0,2301.0,2322.0,2338.0,6290.0,5865.0,6750.0,3647.0,3842.0,1709.0,2302.0,2304.0,2303.0
0.0,18438.0,6786.0,6907.0,8715.0,7261.0,3001.0,2756.0,1504.0,2302.0,2303.0,2302.0,2268.0,2265.0,2253.0,5561.0,5374.0,7503.0,3001.0,2756.0,1504.0,2302.0,2303.0,2302.0
0.0,20367.0,6939.0,6909.0,9198.0,5010.0,1670.0,1213.0,2127.0,2303.0,2303.0,2303.0,2312.0,2299.0,2328.0,6207.0,6456.0,7704.0,1670.0,1213.0,2127.0,2303.0,2303.0,2303.0
0.0,22626.0,6712.0,6908.0,7261.0,4457.0,892.0,687.0,2878.0,2303.0,2302.0,2303.0,2223.0,2234.0,2255.0,7542.0,7999.0,7085.0,892.0,687.0,2878.0,2303.0,2302.0,2303.0
0.0,23175.0,6995.0,6912.0,5010.0,6458.0,1560.0,1813.0,3085.0,2304.0,2303.0,2305.0,2334.0,2335.0,2326.0,8320.0,8521.0,6334.0,1560.0,1813.0,3085.0,2304.0,2303.0,2305.0
0.0,21190.0,6820.0,6909.0,4457.0,8809.0,2936.0,3414.0,2459.0,2303.0,2302.0,2304.0,2272.0,2292.0,2256.0,7656.0,7399.0,6135.0,2936.0,3414.0,2459.0,2303.0,2302.0,2304.0
0.0,18827.0,6894.0,6909.0,6458.0,9245.0,3675.0,3911.0,1659.0,2303.0,2302.0,2304.0,2299.0,2310.0,2285.0,6276.0,5794.0,6757.0,3675.0,3911.0,1659.0,2303.0,2302.0,2304.0
0.0,18391.0,6856.0,6910.0,8809.0,7296.0,3036.0,2776.0,1484.0,2304.0,2302.0,2304.0,2293.0,2279.0,2284.0,5537.0,5297.0,7557.0,3036.0,2776.0,1484.0,2304.0,2302.0,2304.0
0.0,20344.0,6790.0,6911.0,9245.0,4845.0,1623.0,1144.0,2078.0,2304.0,2303.0,2304.0,2262.0,2275.0,2253.0,6180.0,6432.0,7732.0,1623.0,1144.0,2078.0,2304.0,2303.0,2304.0
0.0,22799.0,6965.0,6914.0,7296.0,4526.0,914.0,688.0,2924.0,2305.0,2304.0,2305.0,2323.0,2316.0,2326.0,7593.0,8068.0,7138.0,914.0,688.0,2924.0,2305.0,2304.0,2305.0
0.0,23130.0,7018.0,6917.0,4845.0,6711.0,1625.0,1911.0,3175.0,2306.0,2306.0,2305.0,2330.0,2359.0,2329.0,8306.0,8528.0,6296.0,1625.0,1911.0,3175.0,2306.0,2306.0,2305.0
0.0,20957.0,6840.0,6917.0,4526.0,9025.0,2987.0,3506.0,2532.0,2306.0,2306.0,2305.0,2276.0,2283.0,2281.0,7599.0,7313.0,6045.0,2987.0,3506.0,2532.0,2306.0,2306.0,2305.0
0.0,18643.0,6969.0,6920.0,6711.0,9295.0,3702.0,3929.0,1664.0,2307.0,2307.0,2306.0,2336.0,2330.0,2303.0,6237.0,5718.0,6688.0,3702.0,3929.0,1664.0,2307.0,2307.0,2306.0
0.0,18385.0,7005.0,6922.0,9025.0,7283.0,3048.0,2767.0,1468.0,2307.0,2308.0,2307.0,2333.0,2340.0,2332.0,5526.0,5299.0,7560.0,3048.0,2767.0,1468.0,2307.0,2308.0,2307.0
0.0,20405.0,6993.0,6923.0,9295.0,4985.0,1689.0,1163.0,2133.0,2307.0,2308.0,2308.0,2343.0,2325.0,2325.0,6180.0,6465.0,7760.0,1689.0,1163.0,2133.0,2307.0,2308.0,2308.0
0.0,22707.0,7025.0,6925.0,7283.0,4735.0,989.0,747.0,2999.0,2307.0,2310.0,2308.0,2348.0,2343.0,2334.0,7539.0,8069.0,7099.0,989.0,747.0,2999.0,2307.0,2310.0,2308.0
0.0,22965.0,6976.0,6928.0,4985.0,6738.0,1634.0,1920.0,3184.0,2308.0,2311.0,2309.0,2330.0,2332.0,2314.0,8239.0,8493.0,6233.0,1634.0,1920.0,3184.0,2308.0,2311.0,2309.0
0.0,20974.0,7067.0,6931.0,4735.0,9082.0,3010.0,3521.0,2551.0,2309.0,2312.0,2310.0,2361.0,2344.0,2362.0,7598.0,7324.0,6052.0,3010.0,3521.0,2551.0,2309.0,2312.0,2310.0
0.0,18642.0,6981.0,6934.0,6738.0,9337.0,3697.0,3932.0,1708.0,2310.0,2313.0,2311.0,2317.0,2327.0,2337.0,6226.0,5727.0,6689.0,3697.0,3932.0,1708.0,2310.0,2313.0,2311.0
0.0,18399.0,7025.0,6934.0,9082.0,7280.0,3030.0,2764.0,1486.0,2310.0,2313.0,2311.0,2343.0,2353.0,2329.0,5543.0,5320.0,7536.0,3030.0,2764.0,1486.0,2310.0,2313.0,2311.0
0.0,20456.0,7032.0,6935.0,9337.0,4979.0,1689.0,1186.0,2104.0,2310.0,2314.0,2311.0,2356.0,2350.0,2326.0,6210.0,6488.0,7758.0,1689.0,1186.0,2104.0,2310.0,2314.0,2311.0
0.0,22761.0,6914.0,6935.0,7280.0,4613.0,966.0,748.0,2899.0,2310.0,2314.0,2311.0,2307.0,2326.0,2281.0,7551.0,8070.0,7140.0,966.0,748.0,2899.0,2310.0,2314.0,2311.0
0.0,23127.0,7117.0,6939.0,4979.0,6767.0,1655.0,1947.0,3165.0,2311.0,2316.0,2312.0,2374.0,2377.0,2366.0,8274.0,8508.0,6345.0,1655.0,1947.0,3165.0,2311.0,2316.0,2312.0
0.0,20989.0,7063.0,6939.0,4613.0,9217.0,3044.0,3556.0,2617.0,2311.0,2316.0,2312.0,2355.0,2357.0,2351.0,7589.0,7317.0,6083.0,3044.0,3556.0,2617.0,2311.0,2316.0,2312.0
0.0,18539.0,7161.0,6941.0,6767.0,9619.0,3766.0,4003.0,1850.0,2311.0,2317.0,2313.0,2377.0,2390.0,2394.0,6200.0,5708.0,6631.0,3766.0,4003.0,1850.0,2311.0,2317.0,2313.0
0.0,18145.0,7058.0,6943.0,9217.0,7468.0,3074.0,2804.0,1590.0,2312.0,2318.0,2313.0,2348.0,2353.0,2357.0,5478.0,5265.0,7402.0,3074.0,2804.0,1590.0,2312.0,2318.0,2313.0
0.0,20304.0,7000.0,6943.0,9619.0,4849.0,1624.0,1141.0,2084.0,2312.0,2318.0,2313.0,2316.0,2340.0,2344.0,6174.0,6468.0,7662.0,1624.0,1141.0,2084.0,2312.0,2318.0,2313.0
0.0,22923.0,6929.0,6943.0,7468.0,4310.0,841.0,668.0,2801.0,2312.0,2318.0,2313.0,2291.0,2331.0,2307.0,7624.0,8131.0,7168.0,841.0,668.0,2801.0,2312.0,2318.0,2313.0
0.0,23462.0,7164.0,6947.0,4849.0,6641.0,1579.0,1924.0,3138.0,2313.0,2319.0,2315.0,2358.0,2393.0,2413.0,8407.0,8604.0,6451.0,1579.0,1924.0,3138.0,2313.0,2319.0,2315.0
0.0,21147.0,7073.0,6950.0,4310.0,9416.0,3073.0,3618.0,2725.0,2314.0,2320.0,2316.0,2331.0,2358.0,2384.0,7673.0,7352.0,6122.0,3073.0,3618.0,2725.0,2314.0,2320.0,2316.0
0.0,18384.0,6928.0,6950.0,6641.0,9703.0,3754.0,4018.0,1931.0,2313.0,2320.0,2317.0,2264.0,2324.0,2340.0,6183.0,5662.0,6539.0,3754.0,4018.0,1931.0,2313.0,2320.0,2317.0
0.0,18097.0,7005.0,6950.0,9416.0,7292.0,3003.0,2729.0,1560.0,2313.0,2320.0,2317.0,2322.0,2329.0,2354.0,5498.0,5262.0,7337.0,3003.0,2729.0,1560.0,2313.0,2320.0,2317.0
0.0,20508.0,7054.0,6954.0,9703.0,4659.0,1579.0,1050.0,2030.0,2314.0,2321.0,2319.0,2326.0,2335.0,2393.0,6249.0,6551.0,7708.0,1579.0,1050.0,2030.0,2314.0,2321.0,2319.0
0.0,23157.0,6965.0,6955.0,7292.0,4336.0,904.0,637.0,2795.0,2315.0,2321.0,2319.0,2324.0,2316.0,2325.0,7677.0,8234.0,7246.0,904.0,637.0,2795.0,2315.0,2321.0,2319.0
0.0,23484.0,6994.0,6958.0,4659.0,6683.0,1660.0,1926.0,3097.0,2316.0,2322.0,2320.0,2331.0,2335.0,2328.0,8356.0,8647.0,6481.0,1660.0,1926.0,3097.0,2316.0,2322.0,2320.0
0.0,21149.0,7040.0,6960.0,4336.0,9395.0,3106.0,3628.0,2661.0,2317.0,2322.0,2321.0,2346.0,2339.0,2355.0,7604.0,7362.0,6183.0,3106.0,3628.0,2661.0,2317.0,2322.0,2321.0
0.0,18445.0,6960.0,6958.0,6683.0,9664.0,3741.0,4032.0,1891.0,2316.0,2322.0,2320.0,2299.0,2330.0,2331.0,6162.0,5660.0,6623.0,3741.0,4032.0,1891.0,2316.0,2322.0,2320.0
0.0,18168.0,7001.0,6962.0,9395.0,7286.0,2977.0,2734.0,1575.0,2318.0,2323.0,2321.0,2334.0,2326.0,2341.0,5523.0,5256.0,7389.0,2977.0,2734.0,1575.0,2318.0,2323.0,2321.0
0.0,20562.0,7069.0,6963.0,9664.0,4695.0,1610.0,1047.0,2038.0,2319.0,2323.0,2321.0,2370.0,2345.0,2354.0,6295.0,6558.0,7709.0,1610.0,1047.0,2038.0,2319.0,2323.0,2321.0
0.0,23157.0,6951.0,6963.0,7286.0,4360.0,953.0,623.0,2784.0,2319.0,2323.0,2321.0,2320.0,2310.0,2321.0,7666.0,8245.0,7246.0,953.0,623.0,2784.0,2319.0,2323.0,2321.0
0.0,23492.0,6987.0,6962.0,4695.0,6648.0,1688.0,1884.0,3076.0,2319.0,2322.0,2321.0,2345.0,2312.0,2330.0,8323.0,8669.0,6500.0,1688.0,1884.0,3076.0,2319.0,2322.0,2321.0
0.0,21200.0,6861.0,6962.0,4360.0,9149.0,3029.0,3540.0,2580.0,2319.0,2322.0,2321.0,2294.0,2279.0,2288.0,7588.0,7404.0,6208.0,3029.0,3540.0,2580.0,2319.0,2322.0,2321.0
0.0,18699.0,6982.0,6963.0,6648.0,9487.0,3682.0,3992.0,1813.0,2320.0,2322.0,2321.0,2337.0,2336.0,2309.0,6247.0,5748.0,6704.0,3682.0,3992.0,1813.0,2320.0,2322.0,2321.0
0.0,18365.0,7063.0,6965.0,9149.0,7409.0,3043.0,2807.0,1559.0,2321.0,2323.0,2321.0,2386.0,2351.0,2326.0,5598.0,5296.0,7471.0,3043.0,2807.0,1559.0,2321.0,2323.0,2321.0
0.0,20451.0,6992.0,6967.0,9487.0,4922.0,1708.0,1120.0,2094.0,2322.0,2323.0,2322.0,2343.0,2305.0,2344.0,6241.0,6485.0,7725.0,1708.0,1120.0,2094.0,2322.0,2323.0,2322.0
0.0,22946.0,6903.0,6968.0,7409.0,4420.0,1003.0,580.0,2837.0,2322.0,2323.0,2323.0,2338.0,2267.0,2298.0,7580.0,8172.0,7194.0,1003.0,580.0,2837.0,2322.0,2323.0,2323.0
0.0,23452.0,6998.0,6970.0,4922.0,6504.0,1646.0,1770.0,3088.0,2323.0,2323.0,2324.0,2347.0,2310.0,2341.0,8285.0,8712.0,6455.0,1646.0,1770.0,3088.0,2323.0,2323.0,2324.0
0.0,21376.0,6965.0,6968.0,4420.0,9041.0,2966.0,3530.0,2545.0,2322.0,2323.0,2323.0,2327.0,2340.0,2298.0,7646.0,7522.0,6208.0,2966.0,3530.0,2545.0,2322.0,2323.0,2323.0
0.0,18831.0,6942.0,6969.0,6504.0,9483.0,3622.0,4087.0,1774.0,2322.0,2324.0,2323.0,2302.0,2323.0,2317.0,6322.0,5762.0,6747.0,3622.0,4087.0,1774.0,2322.0,2324.0,2323.0
0.0,18393.0,7026.0,6972.0,9041.0,7480.0,3012.0,2894.0,1574.0,2323.0,2325.0,2324.0,2352.0,2333.0,2341.0,5666.0,5209.0,7518.0,3012.0,2894.0,1574.0,2323.0,2325.0,2324.0
0.0,20408.0,6910.0,6973.0,9483.0,4911.0,1699.0,1108.0,2104.0,2323.0,2325.0,2325.0,2309.0,2301.0,2300.0,6280.0,6406.0,7722.0,1699.0,1108.0,2104.0,2323.0,2325.0,2325.0
0.0,22981.0,6993.0,6975.0,7480.0,4432.0,1042.0,553.0,2837.0,2325.0,2325.0,2325.0,2347.0,2339.0,2307.0,7593.0,8192.0,7196.0,1042.0,553.0,2837.0,2325.0,2325.0,2325.0
0.0,23468.0,6910.0,6973.0,4911.0,6423.0,1633.0,1769.0,3021.0,2324.0,2325.0,2324.0,2294.0,2324.0,2292.0,8258.0,8747.0,6463.0,1633.0,1769.0,3021.0,2324.0,2325.0,2324.0
0.0,21469.0,6943.0,6977.0,4432.0,8950.0,2914.0,3552.0,2484.0,2325.0,2327.0,2325.0,2319.0,2328.0,2296.0,7663.0,7531.0,6275.0,2914.0,3552.0,2484.0,2325.0,2327.0,2325.0
0.0,18958.0,6955.0,6977.0,6423.0,9482.0,3591.0,4115.0,1776.0,2325.0,2327.0,2325.0,2310.0,2332.0,2313.0,6386.0,5756.0,6816.0,3591.0,4115.0,1776.0,2325.0,2327.0,2325.0
0.0,18426.0,6953.0,6982.0,8950.0,7505.0,3003.0,2910.0,1592.0,2327.0,2329.0,2326.0,2318.0,2339.0,2296.0,5709.0,5193.0,7524.0,3003.0,2910.0,1592.0,2327.0,2329.0,2326.0
0.0,20423.0,6993.0,6983.0,9482.0,5020.0,1713.0,1161.0,2146.0,2327.0,2330.0,2326.0,2301.0,2362.0,2330.0,6305.0,6406.0,7712.0,1713.0,1161.0,2146.0,2327.0,2330.0,2326.0
0.0,22912.0,7012.0,6986.0,7505.0,4539.0,1037.0,609.0,2893.0,2328.0,2331.0,2327.0,2323.0,2354.0,2335.0,7595.0,8159.0,7158.0,1037.0,609.0,2893.0,2328.0,2331.0,2327.0
0.0,23405.0,6922.0,6986.0,5020.0,6441.0,1611.0,1762.0,3068.0,2327.0,2331.0,2328.0,2291.0,2314.0,2317.0,8275.0,8715.0,6415.0,1611.0,1762.0,3068.0,2327.0,2331.0,2328.0
0.0,21503.0,7070.0,6990.0,4539.0,8988.0,2914.0,3539.0,2535.0,2328.0,2333.0,2329.0,2336.0,2378.0,2356.0,7697.0,7562.0,6244.0,2914.0,3539.0,2535.0,2328.0,2333.0,2329.0
0.0,18972.0,7072.0,6996.0,6441.0,9643.0,3668.0,4150.0,1825.0,2330.0,2335.0,2331.0,2357.0,2365.0,2350.0,6398.0,5793.0,6781.0,3668.0,4150.0,1825.0,2330.0,2335.0,2331.0
0.0,18341.0,7096.0,6999.0,8988.0,7763.0,3117.0,2976.0,1670.0,2331.0,2336.0,2332.0,2359.0,2361.0,2376.0,5652.0,5190.0,7499.0,3117.0,2976.0,1670.0,2331.0,2336.0,2332.0
0.0,20233.0,7051.0,7000.0,9643.0,5175.0,1796.0,1181.0,2198.0,2331.0,2336.0,2333.0,2347.0,2355.0,2349.0,6207.0,6368.0,7658.0,1796.0,1181.0,2198.0,2331.0,2336.0,2333.0
0.0,22825.0,6979.0,7002.0,7763.0,4399.0,999.0,529.0,2871.0,2332.0,2336.0,2334.0,2316.0,2324.0,2339.0,7528.0,8163.0,7134.0,999.0,529.0,2871.0,2332.0,2336.0,2334.0
0.0,23609.0,7006.0,7002.0,5175.0,6230.0,1508.0,1708.0,3014.0,2331.0,2337.0,2334.0,2309.0,2356.0,2341.0,8329.0,8815.0,6465.0,1508.0,1708.0,3014.0,2331.0,2337.0,2334.0
0.0,21778.0,7103.0,7005.0,4399.0,8946.0,2869.0,3564.0,2513.0,2332.0,2338.0,2335.0,2356.0,2381.0,2366.0,7816.0,7640.0,6322.0,2869.0,3564.0,2513.0,2332.0,2338.0,2335.0
0.0,19074.0,7046.0,7005.0,6230.0,9762.0,3721.0,4200.0,1841.0,2332.0,2338.0,2335.0,2360.0,2344.0,2342.0,6459.0,5788.0,6827.0,3721.0,4200.0,1841.0,2332.0,2338.0,2335.0
0.0,18258.0,7046.0,7007.0,8946.0,7870.0,3184.0,3011.0,1675.0,2332.0,2339.0,2336.0,2332.0,2371.0,2343.0,5607.0,5152.0,7499.0,3184.0,3011.0,1675.0,2332.0,2339.0,2336.0
0.0,20158.0,6923.0,7005.0,9762.0,5023.0,1786.0,1106.0,2131.0,2332.0,2338.0,2335.0,2323.0,2299.0,2301.0,6144.0,6345.0,7669.0,1786.0,1106.0,2131.0,2332.0,2338.0,2335.0
0.0,22997.0,7026.0,7004.0,7870.0,4175.0,930.0,441.0,2804.0,2331.0,2338.0,2335.0,2332.0,2346.0,2348.0,7542.0,8246.0,7209.0,930.0,441.0,2804.0,2331.0,2338.0,2335.0
0.0,23841.0,7143.0,7006.0,5023.0,6303.0,1528.0,1686.0,3089.0,2332.0,2338.0,2336.0,2380.0,2351.0,2412.0,8394.0,8911.0,6536.0,1528.0,1686.0,3089.0,2332.0,2338.0,2336.0
0.0,21721.0,7047.0,7008.0,4175.0,9183.0,2963.0,3571.0,2649.0,2333.0,2338.0,2337.0,2361.0,2326.0,2360.0,7800.0,7666.0,6255.0,2963.0,3571.0,2649.0,2333.0,2338.0,2337.0
0.0,18849.0,7127.0,7009.0,6303.0,10011.0,3831.0,4238.0,1942.0,2333.0,2338.0,2338.0,2396.0,2353.0,2378.0,6369.0,5781.0,6699.0,3831.0,4238.0,1942.0,2333.0,2338.0,2338.0
0.0,18025.0,7101.0,7014.0,9183.0,7949.0,3245.0,3031.0,1673.0,2335.0,2339.0,2340.0,2369.0,2360.0,2372.0,5501.0,5114.0,7410.0,3245.0,3031.0,1673.0,2335.0,2339.0,2340.0
0.0,20107.0,7195.0,7014.0,10011.0,5133.0,1819.0,1189.0,2125.0,2335.0,2339.0,2340.0,2405.0,2396.0,2394.0,6095.0,6325.0,7687.0,1819.0,1189.0,2125.0,2335.0,2339.0,2340.0
0.0,22923.0,7076.0,7014.0,7949.0,4260.0,939.0,483.0,2838.0,2335.0,2338.0,2341.0,2365.0,2329.0,2382.0,7521.0,8167.0,7235.0,939.0,483.0,2838.0,2335.0,2338.0,2341.0
0.0,23796.0,7000.0,7012.0,5133.0,6119.0,1459.0,1602.0,3058.0,2335.0,2337.0,2340.0,2339.0,2312.0,2349.0,8401.0,8869.0,6526.0,1459.0,1602.0,3058.0,2335.0,2337.0,2340.0
0.0,21929.0,7128.0,7013.0,4260.0,8991.0,2902.0,3463.0,2626.0,2335.0,2337.0,2341.0,2382.0,2344.0,2402.0,7881.0,7746.0,6302.0,2902.0,3463.0,2626.0,2335.0,2337.0,2341.0
0.0,19061.0,7125.0,7015.0,6119.0,10005.0,3821.0,4223.0,1961.0,2336.0,2337.0,2342.0,2374.0,2362.0,2389.0,6438.0,5885.0,6738.0,3821.0,4223.0,1961.0,2336.0,2337.0,2342.0
0.0,18055.0,7093.0,7018.0,8991.0,8119.0,3262.0,3136.0,1721.0,2337.0,2338.0,2343.0,2339.0,2372.0,2382.0,5523.0,5125.0,7407.0,3262.0,3136.0,1721.0,2337.0,2338.0,2343.0
0.0,19953.0,7029.0,7016.0,10005.0,5135.0,1774.0,1254.0,2107.0,2337.0,2337.0,2342.0,2333.0,2345.0,2351.0,6086.0,6216.0,7651.0,1774.0,1254.0,2107.0,2337.0,2337.0,2342.0
0.0,22929.0,7051.0,7015.0,8119.0,4063.0,863.0,466.0,2734.0,2337.0,2337.0,2341.0,2351.0,2348.0,2352.0,7574.0,8094.0,7261.0,863.0,466.0,2734.0,2337.0,2337.0,2341.0
0.0,23997.0,7096.0,7019.0,5135.0,6040.0,1454.0,1580.0,3006.0,2339.0,2338.0,2342.0,2357.0,2364.0,2375.0,8485.0,8882.0,6630.0,1454.0,1580.0,3006.0,2339.0,2338.0,2342.0
0.0,22036.0,7059.0,7020.0,4063.0,9040.0,2960.0,3453.0,2627.0,2340.0,2338.0,2342.0,2365.0,2339.0,2355.0,7902.0,7772.0,6362.0,2960.0,3453.0,2627.0,2340.0,2338.0,2342.0
0.0,19040.0,7126.0,7022.0,6040.0,10134.0,3885.0,4258.0,1991.0,2341.0,2339.0,2342.0,2375.0,2381.0,2370.0,6400.0,5899.0,6741.0,3885.0,4258.0,1991.0,2341.0,2339.0,2342.0
0.0,17954.0,7100.0,7024.0,9040.0,8202.0,3297.0,3160.0,1745.0,2342.0,2339.0,2343.0,2368.0,2355.0,2377.0,5479.0,5098.0,7377.0,3297.0,3160.0,1745.0,2342.0,2339.0,2343.0
0.0,19894.0,7137.0,7026.0,10134.0,5213.0,1765.0,1292.0,2156.0,2342.0,2340.0,2344.0,2353.0,2386.0,2398.0,6071.0,6196.0,7627.0,1765.0,1292.0,2156.0,2342.0,2340.0,2344.0
0.0,22891.0,7029.0,7027.0,8202.0,4044.0,797.0,485.0,2762.0,2342.0,2341.0,2344.0,2329.0,2349.0,2351.0,7603.0,8068.0,7220.0,797.0,485.0,2762.0,2342.0,2341.0,2344.0
0.0,24064.0,7162.0,7031.0,5213.0,6009.0,1443.0,1578.0,2988.0,2344.0,2342.0,2345.0,2403.0,2381.0,2378.0,8571.0,8879.0,6614.0,1443.0,1578.0,2988.0,2344.0,2342.0,2345.0
0.0,22115.0,7119.0,7032.0,4044.0,9088.0,3014.0,3475.0,2599.0,2344.0,2343.0,2345.0,2368.0,2378.0,2373.0,7933.0,7790.0,6392.0,3014.0,3475.0,2599.0,2344.0,2343.0,2345.0
0.0,19040.0,7086.0,7032.0,6009.0,10165.0,3931.0,4273.0,1961.0,2344.0,2343.0,2345.0,2360.0,2376.0,2350.0,6362.0,5897.0,6781.0,3931.0,4273.0,1961.0,2344.0,2343.0,2345.0
0.0,17963.0,7005.0,7034.0,9088.0,8090.0,3263.0,3140.0,1687.0,2345.0,2344.0,2345.0,2342.0,2338.0,2325.0,5445.0,5099.0,7419.0,3263.0,3140.0,1687.0,2345.0,2344.0,2345.0
0.0,20046.0,7027.0,7035.0,10165.0,4956.0,1670.0,1239.0,2047.0,2345.0,2345.0,2345.0,2338.0,2368.0,2321.0,6117.0,6236.0,7693.0,1670.0,1239.0,2047.0,2345.0,2345.0,2345.0
0.0,23184.0,6979.0,7037.0,8090.0,3853.0,738.0,437.0,2678.0,2345.0,2346.0,2346.0,2331.0,2334.0,2314.0,7710.0,8141.0,7333.0,738.0,437.0,2678.0,2345.0,2346.0,2346.0
0.0,24295.0,7042.0,7038.0,4956.0,5943.0,1425.0,1549.0,2969.0,2346.0,2346.0,2346.0,2353.0,2351.0,2338.0,8642.0,8947.0,6706.0,1425.0,1549.0,2969.0,2346.0,2346.0,2346.0
0.0,22209.0,7095.0,7039.0,3853.0,9189.0,3044.0,3491.0,2654.0,2345.0,2347.0,2347.0,2361.0,2375.0,2359.0,7959.0,7835.0,6415.0,3044.0,3491.0,2654.0,2345.0,2347.0,2347.0
0.0,18967.0,7014.0,7039.0,5943.0,10260.0,3960.0,4290.0,2010.0,2345.0,2347.0,2347.0,2341.0,2348.0,2325.0,6336.0,5897.0,6734.0,3960.0,4290.0,2010.0,2345.0,2347.0,2347.0
0.0,17896.0,7121.0,7044.0,9189.0,8212.0,3300.0,3199.0,1713.0,2346.0,2350.0,2348.0,2380.0,2388.0,2353.0,5420.0,5098.0,7378.0,3300.0,3199.0,1713.0,2346.0,2350.0,2348.0
0.0,19964.0,7037.0,7044.0,10260.0,4989.0,1706.0,1243.0,2040.0,2346.0,2350.0,2348.0,2366.0,2334.0,2337.0,6084.0,6201.0,7679.0,1706.0,1243.0,2040.0,2346.0,2350.0,2348.0
0.0,23187.0,7043.0,7045.0,8212.0,3824.0,774.0,381.0,2669.0,2347.0,2350.0,2348.0,2364.0,2337.0,2342.0,7678.0,8157.0,7352.0,774.0,381.0,2669.0,2347.0,2350.0,2348.0
0.0,24356.0,7062.0,7048.0,4989.0,5909.0,1437.0,1490.0,2982.0,2348.0,2351.0,2349.0,2365.0,2348.0,2349.0,8614.0,9019.0,6723.0,1437.0,1490.0,2982.0,2348.0,2351.0,2349.0
0.0,22283.0,7086.0,7049.0,3824.0,9175.0,3056.0,3477.0,2642.0,2349.0,2351.0,2349.0,2389.0,2368.0,2329.0,7955.0,7914.0,6414.0,3056.0,3477.0,2642.0,2349.0,2351.0,2349.0
0.0,19021.0,6970.0,7050.0,5909.0,10240.0,3954.0,4309.0,1977.0,2349.0,2352.0,2349.0,2335.0,2318.0,2317.0,6340.0,5927.0,6754.0,3954.0,4309.0,1977.0,2349.0,2352.0,2349.0
0.0,17960.0,7033.0,7052.0,9175.0,8106.0,3260.0,3174.0,1672.0,2350.0,2352.0,2350.0,2358.0,2342.0,2333.0,5442.0,5099.0,7419.0,3260.0,3174.0,1672.0,2350.0,2352.0,2350.0
0.0,20102.0,7081.0,7054.0,10240.0,4955.0,1677.0,1219.0,2059.0,2351.0,2352.0,2351.0,2367.0,2354.0,2360.0,6140.0,6234.0,7728.0,1677.0,1219.0,2059.0,2351.0,2352.0,2351.0
0.0,23261.0,7011.0,7055.0,8106.0,3864.0,759.0,363.0,2742.0,2351.0,2352.0,2352.0,2342.0,2318.0,2351.0,7727.0,8189.0,7345.0,759.0,363.0,2742.0,2351.0,2352.0,2352.0
0.0,24356.0,6990.0,7056.0,4955.0,5903.0,1410.0,1476.0,3017.0,2352.0,2352.0,2352.0,2324.0,2332.0,2334.0,8645.0,9045.0,6666.0,1410.0,1476.0,3017.0,2352.0,2352.0,2352.0
0.0,22321.0,7169.0,7060.0,3864.0,9224.0,3053.0,3496.0,2675.0,2353.0,2353.0,2354.0,2398.0,2379.0,2392.0,7998.0,7932.0,6391.0,3053.0,3496.0,2675.0,2353.0,2353.0,2354.0
0.0,19016.0,7047.0,7062.0,5903.0,10376.0,3995.0,4365.0,2016.0,2354.0,2353.0,2355.0,2348.0,2345.0,2354.0,6359.0,5916.0,6741.0,3995.0,4365.0,2016.0,2354.0,2353.0,2355.0
0.0,17872.0,7014.0,7061.0,9224.0,8162.0,3279.0,3204.0,1679.0,2354.0,2352.0,2355.0,2337.0,2339.0,2338.0,5421.0,5047.0,7404.0,3279.0,3204.0,1679.0,2354.0,2352.0,2355.0
0.0,20082.0,7077.0,7065.0,10376.0,4879.0,1658.0,1174.0,2047.0,2356.0,2353.0,2356.0,2366.0,2331.0,2380.0,6137.0,6204.0,7741.0,1658.0,1174.0,2047.0,2356.0,2353.0,2356.0
0.0,23381.0,7114.0,7065.0,8162.0,3831.0,727.0,321.0,2783.0,2356.0,2352.0,2357.0,2348.0,2355.0,2411.0,7766.0,8238.0,7377.0,727.0,321.0,2783.0,2356.0,2352.0,2357.0
0.0,24429.0,7107.0,7066.0,4879.0,6063.0,1424.0,1514.0,3125.0,2356.0,2352.0,2358.0,2355.0,2367.0,2385.0,8697.0,9087.0,6645.0,1424.0,1514.0,3125.0,2356.0,2352.0,2358.0
0.0,22201.0,7068.0,7066.0,3831.0,9300.0,3042.0,3532.0,2726.0,2356.0,2352.0,2358.0,2345.0,2339.0,2384.0,8000.0,7894.0,6307.0,3042.0,3532.0,2726.0,2356.0,2352.0,2358.0
0.0,18964.0,7043.0,7066.0,6063.0,10280.0,3980.0,4362.0,1938.0,2356.0,2352.0,2358.0,2362.0,2344.0,2337.0,6382.0,5876.0,6706.0,3980.0,4362.0,1938.0,2356.0,2352.0,2358.0
0.0,17984.0,7081.0,7067.0,9300.0,8065.0,3302.0,3188.0,1575.0,2357.0,2352.0,2358.0,2360.0,2358.0,2363.0,5444.0,5046.0,7494.0,3302.0,3188.0,1575.0,2357.0,2352.0,2358.0
0.0,20203.0,7152.0,7069.0,10280.0,4945.0,1712.0,1190.0,2043.0,2358.0,2352.0,2359.0,2386.0,2364.0,2402.0,6126.0,6220.0,7857.0,1712.0,1190.0,2043.0,2358.0,2352.0,2359.0
0.0,23331.0,7143.0,7071.0,8065.0,4031.0,787.0,370.0,2874.0,2359.0,2352.0,2360.0,2373.0,2368.0,2402.0,7720.0,8218.0,7393.0,787.0,370.0,2874.0,2359.0,2352.0,2360.0
0.0,24253.0,7084.0,7072.0,4945.0,6174.0,1449.0,1516.0,3209.0,2359.0,2352.0,2361.0,2374.0,2336.0,2374.0,8649.0,9038.0,6566.0,1449.0,1516.0,3209.0,2359.0,2352.0,2361.0
0.0,22114.0,7185.0,7074.0,4031.0,9336.0,3057.0,3532.0,2747.0,2360.0,2352.0,2362.0,2391.0,2386.0,2408.0,7987.0,7892.0,6235.0,3057.0,3532.0,2747.0,2360.0,2352.0,2362.0
0.0,18960.0,7210.0,7080.0,6174.0,10396.0,4036.0,4403.0,1957.0,2362.0,2354.0,2364.0,2420.0,2379.0,2411.0,6383.0,5876.0,6701.0,4036.0,4403.0,1957.0,2362.0,2354.0,2364.0
0.0,17924.0,7049.0,7080.0,9336.0,8109.0,3327.0,3203.0,1579.0,2362.0,2354.0,2364.0,2348.0,2332.0,2369.0,5412.0,5013.0,7499.0,3327.0,3203.0,1579.0,2362.0,2354.0,2364.0
0.0,20211.0,7202.0,7081.0,10396.0,4919.0,1713.0,1185.0,2021.0,2363.0,2354.0,2364.0,2418.0,2385.0,2399.0,6121.0,6213.0,7877.0,1713.0,1185.0,2021.0,2363.0,2354.0,2364.0
0.0,23405.0,7138.0,7083.0,8109.0,3956.0,779.0,366.0,2811.0,2364.0,2355.0,2364.0,2389.0,2380.0,2369.0,7739.0,8231.0,7435.0,779.0,366.0,2811.0,2364.0,2355.0,2364.0
0.0,24376.0,7151.0,7084.0,4919.0,6192.0,1451.0,1554.0,3187.0,2363.0,2356.0,2365.0,2389.0,2369.0,2393.0,8677.0,9054.0,6645.0,1451.0,1554.0,3187.0,2363.0,2356.0,2365.0
0.0,22144.0,7168.0,7085.0,3956.0,9408.0,3055.0,3577.0,2776.0,2364.0,2356.0,2365.0,2379.0,2389.0,2400.0,8001.0,7870.0,6273.0,3055.0,3577.0,2776.0,2364.0,2356.0,2365.0
0.0,18932.0,7146.0,7084.0,6192.0,10358.0,3992.0,4406.0,1960.0,2363.0,2356.0,2365.0,2392.0,2383.0,2371.0,6401.0,5847.0,6684.0,3992.0,4406.0,1960.0,2363.0,2356.0,2365.0
0.0,17978.0,7184.0,7086.0,9408.0,8142.0,3350.0,3222.0,1570.0,2364.0,2357.0,2365.0,2409.0,2389.0,2386.0,5460.0,5018.0,7500.0,3350.0,3222.0,1570.0,2364.0,2357.0,2365.0
0.0,20202.0,7175.0,7090.0,10358.0,4975.0,1744.0,1224.0,2007.0,2365.0,2359.0,2366.0,2382.0,2400.0,2393.0,6106.0,6206.0,7890.0,1744.0,1224.0,2007.0,2365.0,2359.0,2366.0
0.0,23385.0,7168.0,7090.0,8142.0,4001.0,777.0,402.0,2822.0,2365.0,2360.0,2365.0,2383.0,2396.0,2389.0,7716.0,8212.0,7457.0,777.0,402.0,2822.0,2365.0,2360.0,2365.0
0.0,24359.0,7115.0,7090.0,4975.0,6141.0,1394.0,1554.0,3193.0,2365.0,2360.0,2365.0,2361.0,2376.0,2378.0,8683.0,9038.0,6638.0,1394.0,1554.0,3193.0,2365.0,2360.0,2365.0
0.0,22219.0,7176.0,7091.0,4001.0,9320.0,2990.0,3560.0,2770.0,2365.0,2361.0,2365.0,2373.0,2404.0,2399.0,8066.0,7886.0,6267.0,2990.0,3560.0,2770.0,2365.0,2361.0,2365.0
0.0,19044.0,7150.0,7093.0,6141.0,10337.0,3981.0,4387.0,1969.0,2366.0,2361.0,2366.0,2381.0,2381.0,2388.0,6470.0,5884.0,6690.0,3981.0,4387.0,1969.0,2366.0,2361.0,2366.0
0.0,18035.0,7112.0,7095.0,9320.0,8137.0,3372.0,3198.0,1567.0,2367.0,2362.0,2366.0,2377.0,2367.0,2368.0,5483.0,5057.0,7495.0,3372.0,3198.0,1567.0,2367.0,2362.0,2366.0
0.0,20243.0,7092.0,7095.0,10337.0,4892.0,1750.0,1170.0,1972.0,2367.0,2362.0,2366.0,2359.0,2359.0,2374.0,6096.0,6250.0,7897.0,1750.0,1170.0,1972.0,2367.0,2362.0,2366.0
0.0,23488.0,7146.0,7097.0,8137.0,3909.0,743.0,378.0,2788.0,2367.0,2363.0,2367.0,2365.0,2402.0,2379.0,7718.0,8278.0,7492.0,743.0,378.0,2788.0,2367.0,2363.0,2367.0
0.0,24479.0,7050.0,7095.0,4892.0,6059.0,1340.0,1536.0,3183.0,2366.0,2362.0,2367.0,2351.0,2332.0,2367.0,8725.0,9074.0,6680.0,1340.0,1536.0,3183.0,2366.0,2362.0,2367.0
0.0,22321.0,7092.0,7095.0,3909.0,9242.0,2959.0,3523.0,2760.0,2366.0,2362.0,2367.0,2362.0,2365.0,2365.0,8124.0,7912.0,6285.0,2959.0,3523.0,2760.0,2366.0,2362.0,2367.0
0.0,19138.0,7173.0,7096.0,6059.0,10360.0,3994.0,4388.0,1978.0,2367.0,2362.0,2367.0,2371.0,2401.0,2401.0,6505.0,5925.0,6708.0,3994.0,4388.0,1978.0,2367.0,2362.0,2367.0
0.0,18024.0,7093.0,7097.0,9242.0,8215.0,3392.0,3249.0,1574.0,2367.0,2363.0,2367.0,2357.0,2380.0,2356.0,5474.0,5060.0,7490.0,3392.0,3249.0,1574.0,2367.0,2363.0,2367.0
0.0,20173.0,7230.0,7098.0,10360.0,5089.0,1805.0,1292.0,1992.0,2367.0,2364.0,2367.0,2407.0,2427.0,2396.0,6076.0,6203.0,7894.0,1805.0,1292.0,1992.0,2367.0,2364.0,2367.0
0.0,23303.0,7092.0,7097.0,8215.0,3962.0,776.0,395.0,2791.0,2367.0,2363.0,2367.0,2363.0,2356.0,2373.0,7663.0,8164.0,7476.0,776.0,395.0,2791.0,2367.0,2363.0,2367.0
0.0,24426.0,7059.0,7097.0,5089.0,5932.0,1343.0,1445.0,3144.0,2367.0,2363.0,2367.0,2372.0,2342.0,2345.0,8692.0,9057.0,6677.0,1343.0,1445.0,3144.0,2367.0,2363.0,2367.0
0.0,22456.0,7211.0,7101.0,3962.0,9197.0,2986.0,3455.0,2756.0,2369.0,2364.0,2368.0,2411.0,2401.0,2399.0,8125.0,8007.0,6324.0,2986.0,3455.0,2756.0,2369.0,2364.0,2368.0
0.0,19207.0,7201.0,7104.0,5932.0,10478.0,4062.0,4394.0,2022.0,2370.0,2364.0,2370.0,2415.0,2384.0,2402.0,6490.0,6001.0,6716.0,4062.0,4394.0,2022.0,2370.0,2364.0,2370.0
0.0,17938.0,7080.0,7106.0,9197.0,8369.0,3468.0,3277.0,1624.0,2371.0,2364.0,2371.0,2388.0,2338.0,2354.0,5418.0,5062.0,7458.0,3468.0,3277.0,1624.0,2371.0,2364.0,2371.0
0.0,20055.0,7060.0,7108.0,10478.0,4959.0,1771.0,1255.0,1933.0,2372.0,2365.0,2371.0,2361.0,2368.0,2331.0,6016.0,6179.0,7860.0,1771.0,1255.0,1933.0,2372.0,2365.0,2371.0
0.0,23473.0,7138.0,7108.0,8369.0,3728.0,690.0,361.0,2677.0,2372.0,2365.0,2371.0,2387.0,2383.0,2368.0,7717.0,8205.0,7551.0,690.0,361.0,2677.0,2372.0,2365.0,2371.0
0.0,24704.0,7164.0,7110.0,4959.0,5941.0,1330.0,1492.0,3119.0,2373.0,2365.0,2372.0,2407.0,2386.0,2371.0,8798.0,9099.0,6807.0,1330.0,1492.0,3119.0,2373.0,2365.0,2372.0
0.0,22499.0,7071.0,7110.0,3728.0,9284.0,3007.0,3485.0,2792.0,2373.0,2365.0,2372.0,2367.0,2354.0,2350.0,8162.0,7968.0,6369.0,3007.0,3485.0,2792.0,2373.0,2365.0,2372.0
0.0,19156.0,7205.0,7113.0,5941.0,10560.0,4099.0,4378.0,2083.0,2374.0,2366.0,2373.0,2418.0,2381.0,2406.0,6485.0,5975.0,6696.0,4099.0,4378.0,2083.0,2374.0,2366.0,2373.0
0.0,17892.0,7176.0,7116.0,9284.0,8464.0,3508.0,3276.0,1680.0,2375.0,2367.0,2374.0,2412.0,2379.0,2385.0,5397.0,5086.0,7409.0,3508.0,3276.0,1680.0,2375.0,2367.0,2374.0
0.0,20000.0,7116.0,7116.0,10560.0,5020.0,1790.0,1259.0,1971.0,2375.0,2367.0,2374.0,2381.0,2361.0,2374.0,5992.0,6192.0,7816.0,1790.0,1259.0,1971.0,2375.0,2367.0,2374.0
0.0,23444.0,7088.0,7116.0,8464.0,3644.0,664.0,352.0,2628.0,2375.0,2367.0,2374.0,2382.0,2369.0,2337.0,7710.0,8209.0,7525.0,664.0,352.0,2628.0,2375.0,2367.0,2374.0
0.0,24820.0,7067.0,7118.0,5020.0,5699.0,1256.0,1446.0,2997.0,2376.0,2367.0,2375.0,2378.0,2353.0,2336.0,8836.0,9116.0,6868.0,1256.0,1446.0,2997.0,2376.0,2367.0,2375.0
0.0,22773.0,7084.0,7120.0,3644.0,9147.0,2952.0,3451.0,2744.0,2376.0,2368.0,2376.0,2360.0,2353.0,2371.0,8248.0,8022.0,6503.0,2952.0,3451.0,2744.0,2376.0,2368.0,2376.0
0.0,19333.0,7149.0,7120.0,5699.0,10597.0,4080.0,4389.0,2128.0,2376.0,2368.0,2376.0,2384.0,2384.0,2381.0,6552.0,6021.0,6760.0,4080.0,4389.0,2128.0,2376.0,2368.0,2376.0
0.0,17883.0,7192.0,7124.0,9147.0,8658.0,3525.0,3338.0,1795.0,2377.0,2370.0,2377.0,2393.0,2392.0,2407.0,5424.0,5083.0,7376.0,3525.0,3338.0,1795.0,2377.0,2370.0,2377.0
0.0,19838.0,7049.0,7126.0,10597.0,5118.0,1791.0,1286.0,2041.0,2378.0,2370.0,2378.0,2342.0,2337.0,2370.0,5983.0,6142.0,7713.0,1791.0,1286.0,2041.0,2378.0,2370.0,2378.0
0.0,23386.0,7105.0,7123.0,8658.0,3553.0,648.0,295.0,2610.0,2377.0,2369.0,2377.0,2386.0,2351.0,2368.0,7721.0,8194.0,7471.0,648.0,295.0,2610.0,2377.0,2369.0,2377.0
0.0,24939.0,7189.0,7127.0,5118.0,5640.0,1240.0,1436.0,2964.0,2378.0,2371.0,2378.0,2379.0,2419.0,2391.0,8860.0,9181.0,6898.0,1240.0,1436.0,2964.0,2378.0,2371.0,2378.0
0.0,22868.0,7163.0,7129.0,3553.0,9258.0,2939.0,3544.0,2775.0,2378.0,2372.0,2379.0,2347.0,2399.0,2417.0,8272.0,8048.0,6548.0,2939.0,3544.0,2775.0,2378.0,2372.0,2379.0
0.0,19258.0,7176.0,7132.0,5640.0,10806.0,4088.0,4493.0,2225.0,2379.0,2373.0,2380.0,2385.0,2381.0,2410.0,6573.0,5944.0,6741.0,4088.0,4493.0,2225.0,2379.0,2373.0,2380.0
0.0,17722.0,7197.0,7133.0,9258.0,8749.0,3525.0,3356.0,1868.0,2379.0,2374.0,2380.0,2376.0,2403.0,2418.0,5428.0,4999.0,7295.0,3525.0,3356.0,1868.0,2379.0,2374.0,2380.0
0.0,19783.0,7240.0,7136.0,10806.0,5195.0,1834.0,1297.0,2064.0,2380.0,2375.0,2381.0,2393.0,2430.0,2417.0,5991.0,6140.0,7652.0,1834.0,1297.0,2064.0,2380.0,2375.0,2381.0
0.0,23349.0,7159.0,7137.0,8749.0,3609.0,688.0,338.0,2583.0,2380.0,2376.0,2381.0,2379.0,2393.0,2387.0,7686.0,8203.0,7460.0,688.0,338.0,2583.0,2380.0,2376.0,2381.0
0.0,24939.0,7221.0,7140.0,5195.0,5647.0,1246.0,1458.0,2943.0,2381.0,2377.0,2382.0,2388.0,2413.0,2420.0,8832.0,9166.0,6941.0,1246.0,1458.0,2943.0,2381.0,2377.0,2382.0
0.0,22913.0,7206.0,7143.0,3609.0,9256.0,2940.0,3515.0,2801.0,2381.0,2378.0,2384.0,2382.0,2391.0,2433.0,8278.0,8050.0,6585.0,2940.0,3515.0,2801.0,2381.0,2378.0,2384.0
0.0,19316.0,7232.0,7144.0,5647.0,10845.0,4084.0,4478.0,2283.0,2381.0,2379.0,2384.0,2390.0,2417.0,2425.0,6584.0,5997.0,6735.0,4084.0,4478.0,2283.0,2381.0,2379.0,2384.0
0.0,17731.0,7195.0,7145.0,9256.0,8788.0,3547.0,3354.0,1887.0,2382.0,2379.0,2384.0,2399.0,2391.0,2405.0,5440.0,5038.0,7253.0,3547.0,3354.0,1887.0,2382.0,2379.0,2384.0
0.0,19792.0,7250.0,7149.0,10845.0,5209.0,1882.0,1313.0,2014.0,2383.0,2381.0,2385.0,2415.0,2429.0,2406.0,5981.0,6162.0,7649.0,1882.0,1313.0,2014.0,2383.0,2381.0,2385.0
0.0,23387.0,7106.0,7148.0,8788.0,3523.0,718.0,318.0,2487.0,2383.0,2381.0,2384.0,2383.0,2359.0,2364.0,7650.0,8211.0,7526.0,718.0,318.0,2487.0,2383.0,2381.0,2384.0
0.0,25069.0,7147.0,7147.0,5209.0,5457.0,1217.0,1382.0,2858.0,2382.0,2381.0,2384.0,2385.0,2377.0,2385.0,8814.0,9206.0,7049.0,1217.0,1382.0,2858.0,2382.0,2381.0,2384.0
0.0,23131.0,7182.0,7149.0,3523.0,9124.0,2889.0,3457.0,2778.0,2383.0,2382.0,2384.0,2386.0,2389.0,2407.0,8311.0,8142.0,6678.0,2889.0,3457.0,2778.0,2383.0,2382.0,2384.0
0.0,19472.0,7048.0,7145.0,5457.0,10699.0,4015.0,4420.0,2264.0,2381.0,2381.0,2383.0,2351.0,2349.0,2348.0,6643.0,6071.0,6758.0,4015.0,4420.0,2264.0,2381.0,2381.0,2383.0
0.0,17881.0,7286.0,7149.0,9124.0,8877.0,3552.0,3376.0,1949.0,2382.0,2382.0,2385.0,2422.0,2409.0,2455.0,5509.0,5104.0,7268.0,3552.0,3376.0,1949.0,2382.0,2382.0,2385.0
0.0,19719.0,7315.0,7152.0,10699.0,5505.0,1987.0,1391.0,2127.0,2383.0,2383.0,2386.0,2446.0,2431.0,2438.0,5976.0,6152.0,7591.0,1987.0,1391.0,2127.0,2383.0,2383.0,2386.0
0.0,23103.0,7241.0,7153.0,8877.0,3873.0,832.0,420.0,2621.0,2383.0,2383.0,2387.0,2397.0,2405.0,2439.0,7545.0,8141.0,7417.0,832.0,420.0,2621.0,2383.0,2383.0,2387.0
0.0,24739.0,7108.0,7152.0,5505.0,5472.0,1226.0,1373.0,2873.0,2383.0,2382.0,2387.0,2381.0,2348.0,2379.0,8700.0,9112.0,6927.0,1226.0,1373.0,2873.0,2383.0,2382.0,2387.0
0.0,23136.0,7274.0,7154.0,3873.0,8881.0,2828.0,3381.0,2672.0,2384.0,2383.0,2387.0,2430.0,2424.0,2420.0,8306.0,8155.0,6675.0,2828.0,3381.0,2672.0,2384.0,2383.0,2387.0
0.0,19735.0,7138.0,7153.0,5472.0,10543.0,3995.0,4369.0,2179.0,2384.0,2382.0,2387.0,2393.0,2365.0,2380.0,6708.0,6151.0,6876.0,3995.0,4369.0,2179.0,2384.0,2382.0,2387.0
0.0,18069.0,7307.0,7156.0,8881.0,8981.0,3603.0,3419.0,1959.0,2385.0,2383.0,2388.0,2432.0,2427.0,2448.0,5541.0,5159.0,7369.0,3603.0,3419.0,1959.0,2385.0,2383.0,2388.0
0.0,19643.0,7220.0,7158.0,10543.0,5666.0,2038.0,1450.0,2178.0,2386.0,2383.0,2389.0,2426.0,2400.0,2394.0,5937.0,6113.0,7593.0,2038.0,1450.0,2178.0,2386.0,2383.0,2389.0
0.0,22966.0,7100.0,7157.0,8981.0,3781.0,805.0,391.0,2585.0,2386.0,2383.0,2388.0,2370.0,2360.0,2370.0,7506.0,8082.0,7378.0,805.0,391.0,2585.0,2386.0,2383.0,2388.0
0.0,24847.0,7244.0,7158.0,5666.0,5363.0,1171.0,1355.0,2837.0,2386.0,2383.0,2389.0,2404.0,2414.0,2426.0,8739.0,9141.0,6967.0,1171.0,1355.0,2837.0,2386.0,2383.0,2389.0
0.0,23269.0,7116.0,7158.0,3781.0,8698.0,2744.0,3329.0,2625.0,2386.0,2383.0,2389.0,2378.0,2365.0,2373.0,8373.0,8177.0,6719.0,2744.0,3329.0,2625.0,2386.0,2383.0,2389.0
0.0,19934.0,7157.0,7159.0,5363.0,10496.0,3928.0,4382.0,2186.0,2386.0,2384.0,2389.0,2355.0,2404.0,2398.0,6800.0,6203.0,6931.0,3928.0,4382.0,2186.0,2386.0,2384.0,2389.0
0.0,18140.0,7146.0,7160.0,8698.0,8948.0,3579.0,3402.0,1967.0,2387.0,2383.0,2390.0,2391.0,2353.0,2402.0,5616.0,5154.0,7370.0,3579.0,3402.0,1967.0,2387.0,2383.0,2390.0
0.0,19692.0,7179.0,7162.0,10496.0,5639.0,2046.0,1416.0,2177.0,2388.0,2384.0,2390.0,2391.0,2392.0,2396.0,5969.0,6130.0,7593.0,2046.0,1416.0,2177.0,2388.0,2384.0,2390.0
0.0,23009.0,7236.0,7165.0,8948.0,3939.0,885.0,428.0,2626.0,2389.0,2385.0,2391.0,2414.0,2410.0,2412.0,7506.0,8120.0,7383.0,885.0,428.0,2626.0,2389.0,2385.0,2391.0
0.0,24721.0,7060.0,7163.0,5639.0,5352.0,1204.0,1353.0,2795.0,2389.0,2384.0,2390.0,2365.0,2345.0,2350.0,8671.0,9112.0,6938.0,1204.0,1353.0,2795.0,2389.0,2384.0,2390.0
0.0,23300.0,7197.0,7165.0,3939.0,8618.0,2713.0,3338.0,2567.0,2389.0,2385.0,2391.0,2394.0,2409.0,2394.0,8352.0,8183.0,6765.0,2713.0,3338.0,2567.0,2389.0,2385.0,2391.0
0.0,20042.0,7155.0,7164.0,5352.0,10417.0,3894.0,4376.0,2147.0,2389.0,2384.0,2391.0,2385.0,2395.0,2375.0,6843.0,6202.0,6997.0,3894.0,4376.0,2147.0,2389.0,2384.0,2391.0
0.0,18239.0,7133.0,7164.0,8618.0,8932.0,3571.0,3401.0,1960.0,2389.0,2384.0,2391.0,2390.0,2363.0,2380.0,5662.0,5160.0,7417.0,3571.0,3401.0,1960.0,2389.0,2384.0,2391.0
0.0,19724.0,7188.0,7167.0,10417.0,5715.0,2067.0,1424.0,2224.0,2390.0,2385.0,2392.0,2386.0,2395.0,2407.0,5985.0,6135.0,7604.0,2067.0,1424.0,2224.0,2390.0,2385.0,2392.0
0.0,22953.0,7245.0,7167.0,8932.0,4028.0,922.0,439.0,2667.0,2390.0,2385.0,2392.0,2426.0,2416.0,2403.0,7493.0,8116.0,7344.0,922.0,439.0,2667.0,2390.0,2385.0,2392.0
0.0,24640.0,7196.0,7167.0,5715.0,5509.0,1240.0,1432.0,2837.0,2389.0,2386.0,2392.0,2389.0,2413.0,2394.0,8638.0,9101.0,6901.0,1240.0,1432.0,2837.0,2389.0,2386.0,2392.0
0.0,23159.0,7269.0,7171.0,4028.0,8766.0,2754.0,3433.0,2579.0,2390.0,2388.0,2393.0,2432.0,2432.0,2405.0,8316.0,8112.0,6731.0,2754.0,3433.0,2579.0,2390.0,2388.0,2393.0
0.0,19918.0,7163.0,7173.0,5509.0,10428.0,3918.0,4376.0,2134.0,2391.0,2388.0,2394.0,2400.0,2375.0,2388.0,6806.0,6119.0,6993.0,3918.0,4376.0,2134.0,2391.0,2388.0,2394.0
0.0,18264.0,7237.0,7175.0,8766.0,8907.0,3598.0,3362.0,1947.0,2392.0,2389.0,2394.0,2430.0,2415.0,2392.0,5646.0,5176.0,7442.0,3598.0,3362.0,1947.0,2392.0,2389.0,2394.0
0.0,19793.0,7233.0,7176.0,10428.0,5716.0,2095.0,1431.0,2190.0,2392.0,2390.0,2394.0,2415.0,2441.0,2377.0,5970.0,6194.0,7629.0,2095.0,1431.0,2190.0,2392.0,2390.0,2394.0
0.0,22988.0,7090.0,7177.0,8907.0,3903.0,854.0,443.0,2606.0,2392.0,2390.0,2395.0,2357.0,2374.0,2359.0,7473.0,8129.0,7386.0,854.0,443.0,2606.0,2392.0,2390.0,2395.0
0.0,24805.0,7211.0,7176.0,5716.0,5394.0,1155.0,1418.0,2821.0,2391.0,2390.0,2395.0,2400.0,2406.0,2405.0,8714.0,9117.0,6974.0,1155.0,1418.0,2821.0,2391.0,2390.0,2395.0
0.0,23310.0,7200.0,7177.0,3903.0,8695.0,2698.0,3387.0,2610.0,2391.0,2391.0,2395.0,2397.0,2408.0,2395.0,8409.0,8142.0,6759.0,2698.0,3387.0,2610.0,2391.0,2391.0,2395.0
0.0,20013.0,7201.0,7179.0,5394.0,10510.0,3953.0,4374.0,2183.0,2392.0,2392.0,2395.0,2406.0,2401.0,2394.0,6866.0,6177.0,6970.0,3953.0,4374.0,2183.0,2392.0,2392.0,2395.0
0.0,18206.0,7330.0,7183.0,8695.0,9161.0,3690.0,3436.0,2035.0,2393.0,2393.0,2397.0,2431.0,2445.0,2454.0,5615.0,5194.0,7397.0,3690.0,3436.0,2035.0,2393.0,2393.0,2397.0
0.0,19571.0,7178.0,7185.0,10510.0,5837.0,2131.0,1471.0,2235.0,2393.0,2394.0,2398.0,2394.0,2405.0,2379.0,5882.0,6136.0,7553.0,2131.0,1471.0,2235.0,2393.0,2394.0,2398.0
0.0,22903.0,7222.0,7188.0,9161.0,3910.0,830.0,461.0,2619.0,2393.0,2396.0,2399.0,2389.0,2418.0,2415.0,7441.0,8105.0,7357.0,830.0,461.0,2619.0,2393.0,2396.0,2399.0
0.0,24842.0,7217.0,7189.0,5837.0,5294.0,1080.0,1402.0,2812.0,2393.0,2396.0,2400.0,2381.0,2412.0,2424.0,8742.0,9123.0,6977.0,1080.0,1402.0,2812.0,2393.0,2396.0,2400.0
0.0,23462.0,7341.0,7192.0,3910.0,8737.0,2688.0,3385.0,2664.0,2394.0,2397.0,2401.0,2434.0,2440.0,2467.0,8492.0,8182.0,6788.0,2688.0,3385.0,2664.0,2394.0,2397.0,2401.0
0.0,20031.0,7231.0,7196.0,5294.0,10690.0,4027.0,4398.0,2265.0,2396.0,2398.0,2402.0,2411.0,2411.0,2409.0,6888.0,6203.0,6940.0,4027.0,4398.0,2265.0,2396.0,2398.0,2402.0
0.0,18094.0,7281.0,7199.0,8737.0,9246.0,3765.0,3448.0,2033.0,2396.0,2400.0,2403.0,2426.0,2427.0,2428.0,5557.0,5194.0,7343.0,3765.0,3448.0,2033.0,2396.0,2400.0,2403.0
0.0,19550.0,7148.0,7198.0,10690.0,5700.0,2111.0,1429.0,2160.0,2396.0,2399.0,2403.0,2373.0,2383.0,2392.0,5819.0,6152.0,7579.0,2111.0,1429.0,2160.0,2396.0,2399.0,2403.0
0.0,23092.0,7228.0,7200.0,9246.0,3690.0,753.0,365.0,2572.0,2397.0,2399.0,2404.0,2403.0,2384.0,2441.0,7473.0,8167.0,7452.0,753.0,365.0,2572.0,2397.0,2399.0,2404.0
0.0,25110.0,7211.0,7200.0,5700.0,5201.0,1029.0,1331.0,2841.0,2397.0,2399.0,2404.0,2387.0,2395.0,2429.0,8835.0,9231.0,7044.0,1029.0,1331.0,2841.0,2397.0,2399.0,2404.0
0.0,23599.0,7216.0,7202.0,3690.0,8735.0,2668.0,3393.0,2674.0,2398.0,2400.0,2404.0,2388.0,2423.0,2405.0,8559.0,8265.0,6775.0,2668.0,3393.0,2674.0,2398.0,2400.0,2404.0
0.0,20073.0,7134.0,7198.0,5201.0,10652.0,3993.0,4430.0,2229.0,2397.0,2398.0,2403.0,2358.0,2376.0,2400.0,6924.0,6207.0,6942.0,3993.0,4430.0,2229.0,2397.0,2398.0,2403.0
0.0,18140.0,7214.0,7200.0,8735.0,9139.0,3721.0,3438.0,1980.0,2397.0,2399.0,2404.0,2396.0,2397.0,2421.0,5595.0,5162.0,7383.0,3721.0,3438.0,1980.0,2397.0,2399.0,2404.0
0.0,19661.0,7212.0,7199.0,10652.0,5695.0,2123.0,1381.0,2191.0,2397.0,2398.0,2404.0,2395.0,2377.0,2440.0,5867.0,6158.0,7636.0,2123.0,1381.0,2191.0,2397.0,2398.0,2404.0
0.0,23101.0,7369.0,7203.0,9139.0,3941.0,863.0,399.0,2679.0,2399.0,2399.0,2405.0,2453.0,2452.0,2464.0,7465.0,8211.0,7425.0,863.0,399.0,2679.0,2399.0,2399.0,2405.0
0.0,24871.0,7251.0,7203.0,5695.0,5497.0,1152.0,1422.0,2923.0,2399.0,2399.0,2405.0,2412.0,2404.0,2435.0,8733.0,9197.0,6941.0,1152.0,1422.0,2923.0,2399.0,2399.0,2405.0
0.0,23315.0,7202.0,7203.0,3941.0,8758.0,2685.0,3418.0,2655.0,2399.0,2399.0,2405.0,2396.0,2395.0,2411.0,8444.0,8174.0,6697.0,2685.0,3418.0,2655.0,2399.0,2399.0,2405.0
0.0,20054.0,7259.0,7204.0,5497.0,10524.0,3943.0,4422.0,2159.0,2399.0,2399.0,2406.0,2410.0,2426.0,2423.0,6911.0,6178.0,6965.0,3943.0,4422.0,2159.0,2399.0,2399.0,2406.0
0.0,18292.0,7262.0,7206.0,8758.0,9036.0,3703.0,3396.0,1937.0,2400.0,2399.0,2407.0,2441.0,2392.0,2429.0,5653.0,5174.0,7465.0,3703.0,3396.0,1937.0,2400.0,2399.0,2407.0
0.0,19788.0,7295.0,7209.0,10524.0,5819.0,2200.0,1403.0,2216.0,2401.0,2400.0,2408.0,2436.0,2425.0,2434.0,5897.0,6200.0,7691.0,2200.0,1403.0,2216.0,2401.0,2400.0,2408.0
0.0,23017.0,7311.0,7211.0,9036.0,4102.0,956.0,431.0,2715.0,2402.0,2401.0,2408.0,2455.0,2420.0,2436.0,7404.0,8197.0,7416.0,956.0,431.0,2715.0,2402.0,2401.0,2408.0
0.0,24742.0,7337.0,7217.0,5819.0,5644.0,1221.0,1480.0,2943.0,2404.0,2403.0,2410.0,2457.0,2444.0,2436.0,8652.0,9173.0,6917.0,1221.0,1480.0,2943.0,2404.0,2403.0,2410.0
0.0,23224.0,7311.0,7218.0,4102.0,8857.0,2711.0,3466.0,2680.0,2405.0,2403.0,2410.0,2442.0,2417.0,2452.0,8395.0,8132.0,6697.0,2711.0,3466.0,2680.0,2405.0,2403.0,2410.0
0.0,20015.0,7259.0,7217.0,5644.0,10468.0,3927.0,4395.0,2146.0,2405.0,2403.0,2409.0,2437.0,2409.0,2413.0,6909.0,6146.0,6960.0,3927.0,4395.0,2146.0,2405.0,2403.0,2409.0
0.0,18400.0,7133.0,7215.0,8857.0,8736.0,3615.0,3291.0,1830.0,2405.0,2402.0,2408.0,2399.0,2366.0,2368.0,5693.0,5217.0,7490.0,3615.0,3291.0,1830.0,2405.0,2402.0,2408.0
0.0,20124.0,7283.0,7218.0,10468.0,5563.0,2126.0,1328.0,2109.0,2406.0,2403.0,2409.0,2434.0,2428.0,2421.0,6005.0,6317.0,7802.0,2126.0,1328.0,2109.0,2406.0,2403.0,2409.0
0.0,23309.0,7319.0,7219.0,8736.0,4150.0,944.0,493.0,2713.0,2406.0,2404.0,2409.0,2433.0,2452.0,2434.0,7498.0,8284.0,7527.0,944.0,493.0,2713.0,2406.0,2404.0,2409.0
0.0,24726.0,7362.0,7223.0,5563.0,5965.0,1264.0,1618.0,3083.0,2407.0,2405.0,2411.0,2442.0,2449.0,2471.0,8680.0,9123.0,6923.0,1264.0,1618.0,3083.0,2407.0,2405.0,2411.0
0.0,22927.0,7282.0,7223.0,4150.0,9097.0,2749.0,3574.0,2774.0,2407.0,2406.0,2410.0,2429.0,2445.0,2408.0,8364.0,8002.0,6561.0,2749.0,3574.0,2774.0,2407.0,2406.0,2410.0
0.0,19795.0,7384.0,7226.0,5965.0,10528.0,3943.0,4415.0,2170.0,2407.0,2407.0,2412.0,2458.0,2455.0,2471.0,6879.0,6050.0,6866.0,3943.0,4415.0,2170.0,2407.0,2407.0,2412.0
0.0,18376.0,7201.0,7228.0,9097.0,8640.0,3585.0,3255.0,1800.0,2408.0,2408.0,2412.0,2387.0,2410.0,2404.0,5685.0,5213.0,7478.0,3585.0,3255.0,1800.0,2408.0,2408.0,2412.0
0.0,20272.0,7260.0,7228.0,10528.0,5372.0,2065.0,1265.0,2042.0,2408.0,2408.0,2412.0,2423.0,2425.0,2412.0,6047.0,6377.0,7848.0,2065.0,1265.0,2042.0,2408.0,2408.0,2412.0
0.0,23540.0,7318.0,7232.0,8640.0,4066.0,923.0,476.0,2667.0,2409.0,2410.0,2413.0,2439.0,2458.0,2421.0,7567.0,8367.0,7606.0,923.0,476.0,2667.0,2409.0,2410.0,2413.0
0.0,24862.0,7317.0,7236.0,5372.0,6027.0,1296.0,1665.0,3066.0,2411.0,2411.0,2414.0,2430.0,2450.0,2437.0,8713.0,9164.0,6985.0,1296.0,1665.0,3066.0,2411.0,2411.0,2414.0
0.0,22917.0,7327.0,7239.0,4066.0,9300.0,2797.0,3650.0,2853.0,2411.0,2413.0,2415.0,2424.0,2453.0,2450.0,8348.0,7979.0,6590.0,2797.0,3650.0,2853.0,2411.0,2413.0,2415.0
0.0,19656.0,7295.0,7240.0,6027.0,10572.0,3908.0,4452.0,2212.0,2411.0,2414.0,2415.0,2407.0,2463.0,2425.0,6847.0,6002.0,6807.0,3908.0,4452.0,2212.0,2411.0,2414.0,2415.0
0.0,18388.0,7174.0,7240.0,9300.0,8446.0,3500.0,3196.0,1750.0,2411.0,2414.0,2415.0,2389.0,2394.0,2391.0,5736.0,5204.0,7448.0,3500.0,3196.0,1750.0,2411.0,2414.0,2415.0
0.0,20514.0,7333.0,7245.0,10572.0,5227.0,2046.0,1210.0,1971.0,2413.0,2416.0,2416.0,2446.0,2458.0,2429.0,6144.0,6460.0,7910.0,2046.0,1210.0,1971.0,2413.0,2416.0,2416.0
0.0,23753.0,7194.0,7245.0,8446.0,3975.0,946.0,413.0,2616.0,2413.0,2416.0,2416.0,2400.0,2399.0,2395.0,7606.0,8454.0,7693.0,946.0,413.0,2616.0,2413.0,2416.0,2416.0
0.0,25005.0,7200.0,7246.0,5227.0,5952.0,1295.0,1616.0,3041.0,2413.0,2416.0,2417.0,2395.0,2413.0,2392.0,8706.0,9251.0,7048.0,1295.0,1616.0,3041.0,2413.0,2416.0,2417.0
0.0,23032.0,7337.0,7249.0,3975.0,9326.0,2806.0,3688.0,2832.0,2414.0,2418.0,2417.0,2453.0,2477.0,2407.0,8357.0,8048.0,6627.0,2806.0,3688.0,2832.0,2414.0,2418.0,2417.0
0.0,19670.0,7295.0,7251.0,5952.0,10677.0,3946.0,4523.0,2208.0,2415.0,2419.0,2417.0,2431.0,2447.0,2417.0,6850.0,5984.0,6836.0,3946.0,4523.0,2208.0,2415.0,2419.0,2417.0
0.0,18327.0,7372.0,7254.0,9326.0,8735.0,3605.0,3301.0,1829.0,2416.0,2420.0,2418.0,2461.0,2462.0,2449.0,5714.0,5153.0,7460.0,3605.0,3301.0,1829.0,2416.0,2420.0,2418.0
0.0,20281.0,7382.0,7257.0,10677.0,5452.0,2138.0,1246.0,2068.0,2417.0,2421.0,2419.0,2475.0,2464.0,2443.0,6059.0,6379.0,7843.0,2138.0,1246.0,2068.0,2417.0,2421.0,2419.0
0.0,23576.0,7245.0,7257.0,8735.0,3962.0,961.0,365.0,2636.0,2417.0,2421.0,2419.0,2428.0,2420.0,2397.0,7530.0,8438.0,7608.0,961.0,365.0,2636.0,2417.0,2421.0,2419.0
0.0,25066.0,7349.0,7260.0,5452.0,5871.0,1271.0,1571.0,3029.0,2418.0,2422.0,2420.0,2444.0,2448.0,2457.0,8707.0,9319.0,7040.0,1271.0,1571.0,3029.0,2418.0,2422.0,2420.0
0.0,23169.0,7355.0,7263.0,3962.0,9276.0,2753.0,3660.0,2863.0,2418.0,2423.0,2422.0,2443.0,2450.0,2462.0,8401.0,8117.0,6651.0,2753.0,3660.0,2863.0,2418.0,2423.0,2422.0
0.0,19776.0,7365.0,7265.0,5871.0,10778.0,3944.0,4535.0,2299.0,2419.0,2423.0,2423.0,2458.0,2446.0,2461.0,6919.0,6032.0,6825.0,3944.0,4535.0,2299.0,2419.0,2423.0,2423.0
0.0,18282.0,7190.0,7267.0,9276.0,8700.0,3617.0,3246.0,1837.0,2420.0,2423.0,2424.0,2422.0,2371.0,2397.0,5732.0,5157.0,7393.0,3617.0,3246.0,1837.0,2420.0,2423.0,2424.0
0.0,20368.0,7328.0,7270.0,10778.0,5262.0,2117.0,1149.0,1996.0,2421.0,2424.0,2425.0,2440.0,2434.0,2454.0,6063.0,6446.0,7859.0,2117.0,1149.0,1996.0,2421.0,2424.0,2425.0
0.0,23818.0,7260.0,7270.0,8700.0,3822.0,951.0,291.0,2580.0,2422.0,2423.0,2425.0,2447.0,2392.0,2421.0,7567.0,8547.0,7704.0,951.0,291.0,2580.0,2422.0,2423.0,2425.0
0.0,25258.0,7318.0,7273.0,5262.0,5890.0,1292.0,1556.0,3042.0,2423.0,2423.0,2427.0,2454.0,2414.0,2450.0,8737.0,9401.0,7120.0,1292.0,1556.0,3042.0,2423.0,2423.0,2427.0
0.0,23202.0,7236.0,7271.0,3822.0,9296.0,2762.0,3655.0,2879.0,2423.0,2422.0,2426.0,2421.0,2394.0,2421.0,8400.0,8136.0,6666.0,2762.0,3655.0,2879.0,2423.0,2422.0,2426.0
0.0,19788.0,7359.0,7275.0,5890.0,10781.0,3928.0,4544.0,2309.0,2424.0,2423.0,2428.0,2454.0,2441.0,2464.0,6930.0,6033.0,6825.0,3928.0,4544.0,2309.0,2424.0,2423.0,2428.0
0.0,18319.0,7283.0,7276.0,9296.0,8772.0,3603.0,3301.0,1868.0,2425.0,2423.0,2428.0,2433.0,2412.0,2438.0,5768.0,5148.0,7403.0,3603.0,3301.0,1868.0,2425.0,2423.0,2428.0
0.0,20332.0,7416.0,7280.0,10781.0,5423.0,2160.0,1222.0,2041.0,2427.0,2424.0,2429.0,2477.0,2461.0,2478.0,6097.0,6391.0,7844.0,2160.0,1222.0,2041.0,2427.0,2424.0,2429.0
0.0,23697.0,7189.0,7277.0,8772.0,3828.0,933.0,310.0,2585.0,2426.0,2423.0,2428.0,2380.0,2393.0,2416.0,7548.0,8474.0,7675.0,933.0,310.0,2585.0,2426.0,2423.0,2428.0
0.0,25280.0,7252.0,7276.0,5423.0,5653.0,1168.0,1513.0,2972.0,2425.0,2423.0,2428.0,2399.0,2425.0,2428.0,8771.0,9382.0,7127.0,1168.0,1513.0,2972.0,2425.0,2423.0,2428.0
0.0,23451.0,7256.0,7276.0,3828.0,9081.0,2646.0,3617.0,2818.0,2425.0,2423.0,2428.0,2411.0,2414.0,2431.0,8532.0,8179.0,6740.0,2646.0,3617.0,2818.0,2425.0,2423.0,2428.0
0.0,20023.0,7242.0,7278.0,5653.0,10678.0,3869.0,4527.0,2282.0,2425.0,2424.0,2429.0,2391.0,2419.0,2432.0,7054.0,6075.0,6894.0,3869.0,4527.0,2282.0,2425.0,2424.0,2429.0
0.0,18434.0,7349.0,7280.0,9081.0,8954.0,3681.0,3361.0,1912.0,2426.0,2425.0,2429.0,2454.0,2447.0,2448.0,5831.0,5169.0,7434.0,3681.0,3361.0,1912.0,2426.0,2425.0,2429.0
0.0,20166.0,7237.0,7281.0,10678.0,5517.0,2196.0,1267.0,2054.0,2426.0,2426.0,2429.0,2384.0,2429.0,2424.0,6023.0,6339.0,7804.0,2196.0,1267.0,2054.0,2426.0,2426.0,2429.0
0.0,23607.0,7350.0,7283.0,8954.0,3921.0,953.0,358.0,2610.0,2427.0,2426.0,2430.0,2434.0,2452.0,2464.0,7508.0,8437.0,7662.0,953.0,358.0,2610.0,2427.0,2426.0,2430.0
0.0,25211.0,7319.0,7287.0,5517.0,5739.0,1174.0,1553.0,3012.0,2428.0,2428.0,2431.0,2413.0,2454.0,2452.0,8755.0,9346.0,7110.0,1174.0,1553.0,3012.0,2428.0,2428.0,2431.0
0.0,23409.0,7307.0,7290.0,3921.0,9137.0,2635.0,3650.0,2852.0,2429.0,2429.0,2432.0,2410.0,2451.0,2446.0,8538.0,8159.0,6712.0,2635.0,3650.0,2852.0,2429.0,2429.0,2432.0
0.0,20023.0,7328.0,7292.0,5739.0,10734.0,3918.0,4550.0,2266.0,2430.0,2430.0,2432.0,2453.0,2449.0,2426.0,7081.0,6066.0,6876.0,3918.0,4550.0,2266.0,2430.0,2430.0,2432.0
0.0,18434.0,7314.0,7290.0,9137.0,8903.0,3715.0,3331.0,1857.0,2429.0,2430.0,2431.0,2436.0,2431.0,2447.0,5802.0,5170.0,7462.0,3715.0,3331.0,1857.0,2429.0,2430.0,2431.0
0.0,20257.0,7374.0,7293.0,10734.0,5555.0,2253.0,1243.0,2059.0,2430.0,2431.0,2432.0,2452.0,2458.0,2464.0,6001.0,6389.0,7867.0,2253.0,1243.0,2059.0,2430.0,2431.0,2432.0
0.0,23617.0,7364.0,7295.0,8903.0,4024.0,1006.0,385.0,2633.0,2431.0,2432.0,2432.0,2464.0,2469.0,2431.0,7467.0,8481.0,7669.0,1006.0,385.0,2633.0,2431.0,2432.0,2432.0
0.0,25156.0,7415.0,7298.0,5555.0,5896.0,1214.0,1621.0,3061.0,2432.0,2433.0,2433.0,2457.0,2475.0,2483.0,8718.0,9343.0,7095.0,1214.0,1621.0,3061.0,2432.0,2433.0,2433.0
0.0,23296.0,7372.0,7301.0,4024.0,9256.0,2670.0,3696.0,2890.0,2433.0,2434.0,2434.0,2458.0,2456.0,2458.0,8514.0,8111.0,6671.0,2670.0,3696.0,2890.0,2433.0,2434.0,2434.0
0.0,19948.0,7359.0,7302.0,5896.0,10723.0,3917.0,4542.0,2264.0,2433.0,2435.0,2434.0,2461.0,2463.0,2435.0,7062.0,6040.0,6846.0,3917.0,4542.0,2264.0,2433.0,2435.0,2434.0
0.0,18485.0,7394.0,7304.0,9256.0,8869.0,3711.0,3307.0,1851.0,2433.0,2436.0,2435.0,2464.0,2457.0,2473.0,5815.0,5198.0,7472.0,3711.0,3307.0,1851.0,2433.0,2436.0,2435.0
0.0,20347.0,7415.0,7305.0,10723.0,5565.0,2273.0,1240.0,2052.0,2434.0,2436.0,2435.0,2475.0,2475.0,2465.0,6021.0,6437.0,7889.0,2273.0,1240.0,2052.0,2434.0,2436.0,2435.0
0.0,23655.0,7463.0,7308.0,8869.0,4171.0,1066.0,441.0,2664.0,2435.0,2438.0,2435.0,2500.0,2500.0,2463.0,7463.0,8504.0,7688.0,1066.0,441.0,2664.0,2435.0,2438.0,2435.0
0.0,25061.0,7458.0,7312.0,5565.0,6080.0,1299.0,1701.0,3080.0,2436.0,2440.0,2436.0,2502.0,2492.0,2464.0,8674.0,9311.0,7076.0,1299.0,1701.0,3080.0,2436.0,2440.0,2436.0
0.0,23168.0,7354.0,7316.0,4171.0,9279.0,2692.0,3720.0,2867.0,2437.0,2441.0,2438.0,2455.0,2456.0,2443.0,8445.0,8059.0,6664.0,2692.0,3720.0,2867.0,2437.0,2441.0,2438.0
0.0,19985.0,7470.0,7320.0,6080.0,10685.0,3889.0,4523.0,2273.0,2438.0,2443.0,2439.0,2492.0,2496.0,2482.0,7056.0,6044.0,6885.0,3889.0,4523.0,2273.0,2438.0,2443.0,2439.0
0.0,18595.0,7368.0,7321.0,9279.0,8778.0,3659.0,3266.0,1853.0,2439.0,2443.0,2439.0,2458.0,2463.0,2447.0,5863.0,5249.0,7483.0,3659.0,3266.0,1853.0,2439.0,2443.0,2439.0
0.0,20506.0,7300.0,7319.0,10685.0,5385.0,2227.0,1169.0,1989.0,2439.0,2442.0,2438.0,2457.0,2430.0,2413.0,6097.0,6506.0,7903.0,2227.0,1169.0,1989.0,2439.0,2442.0,2438.0
0.0,23891.0,7256.0,7319.0,8778.0,3863.0,996.0,320.0,2547.0,2439.0,2442.0,2438.0,2428.0,2417.0,2411.0,7529.0,8599.0,7763.0,996.0,320.0,2547.0,2439.0,2442.0,2438.0
0.0,25413.0,7330.0,7319.0,5385.0,5808.0,1205.0,1601.0,3002.0,2439.0,2442.0,2438.0,2436.0,2450.0,2444.0,8760.0,9448.0,7205.0,1205.0,1601.0,3002.0,2439.0,2442.0,2438.0
0.0,23468.0,7471.0,7322.0,3863.0,9428.0,2699.0,3779.0,2950.0,2440.0,2443.0,2439.0,2486.0,2494.0,2491.0,8551.0,8167.0,6750.0,2699.0,3779.0,2950.0,2440.0,2443.0,2439.0
0.0,19860.0,7289.0,7324.0,5808.0,10917.0,3943.0,4599.0,2375.0,2441.0,2443.0,2440.0,2445.0,2421.0,2423.0,7061.0,5993.0,6806.0,3943.0,4599.0,2375.0,2441.0,2443.0,2440.0
0.0,18379.0,7367.0,7324.0,9428.0,8856.0,3703.0,3278.0,1875.0,2441.0,2443.0,2440.0,2459.0,2458.0,2450.0,5821.0,5173.0,7385.0,3703.0,3278.0,1875.0,2441.0,2443.0,2440.0
0.0,20440.0,7333.0,7325.0,10917.0,5276.0,2196.0,1140.0,1940.0,2441.0,2444.0,2440.0,2436.0,2457.0,2440.0,6061.0,6494.0,7885.0,2196.0,1140.0,1940.0,2441.0,2444.0,2440.0
0.0,24024.0,7383.0,7326.0,8856.0,3807.0,979.0,293.0,2535.0,2442.0,2443.0,2441.0,2482.0,2435.0,2466.0,7568.0,8636.0,7820.0,979.0,293.0,2535.0,2442.0,2443.0,2441.0
0.0,25497.0,7289.0,7326.0,5276.0,5820.0,1232.0,1583.0,3005.0,2443.0,2443.0,2440.0,2445.0,2430.0,2414.0,8789.0,9479.0,7229.0,1232.0,1583.0,3005.0,2443.0,2443.0,2440.0
0.0,23484.0,7548.0,7333.0,3807.0,9589.0,2766.0,3816.0,3007.0,2445.0,2445.0,2443.0,2505.0,2518.0,2525.0,8540.0,8189.0,6755.0,2766.0,3816.0,3007.0,2445.0,2445.0,2443.0
0.0,19743.0,7343.0,7333.0,5820.0,11112.0,3977.0,4664.0,2471.0,2445.0,2444.0,2444.0,2443.0,2435.0,2465.0,7014.0,5964.0,6765.0,3977.0,4664.0,2471.0,2445.0,2444.0,2444.0
0.0,18220.0,7495.0,7340.0,9589.0,9046.0,3704.0,3371.0,1971.0,2447.0,2447.0,2446.0,2485.0,2511.0,2499.0,5803.0,5112.0,7305.0,3704.0,3371.0,1971.0,2447.0,2447.0,2446.0
0.0,20314.0,7351.0,7342.0,11112.0,5293.0,2197.0,1147.0,1949.0,2448.0,2447.0,2447.0,2466.0,2440.0,2445.0,6084.0,6417.0,7813.0,2197.0,1147.0,1949.0,2448.0,2447.0,2447.0
0.0,24075.0,7335.0,7342.0,9046.0,3582.0,938.0,209.0,2435.0,2448.0,2446.0,2448.0,2445.0,2437.0,2453.0,7595.0,8641.0,7839.0,938.0,209.0,2435.0,2448.0,2446.0,2448.0
0.0,25786.0,7320.0,7343.0,5293.0,5613.0,1199.0,1479.0,2935.0,2449.0,2446.0,2448.0,2454.0,2417.0,2449.0,8854.0,9575.0,7357.0,1199.0,1479.0,2935.0,2449.0,2446.0,2448.0
0.0,23759.0,7409.0,7344.0,3582.0,9444.0,2726.0,3734.0,2984.0,2449.0,2446.0,2449.0,2465.0,2464.0,2480.0,8597.0,8305.0,6857.0,2726.0,3734.0,2984.0,2449.0,2446.0,2449.0
0.0,19932.0,7298.0,7342.0,5613.0,11121.0,3965.0,4667.0,2489.0,2448.0,2445.0,2449.0,2442.0,2416.0,2440.0,7070.0,6050.0,6812.0,3965.0,4667.0,2489.0,2448.0,2445.0,2449.0
0.0,18247.0,7423.0,7345.0,9444.0,9112.0,3718.0,3371.0,2023.0,2449.0,2445.0,2451.0,2475.0,2438.0,2510.0,5827.0,5113.0,7307.0,3718.0,3371.0,2023.0,2449.0,2445.0,2451.0
0.0,20268.0,7359.0,7346.0,11121.0,5354.0,2226.0,1151.0,1977.0,2450.0,2445.0,2451.0,2469.0,2447.0,2443.0,6078.0,6409.0,7781.0,2226.0,1151.0,1977.0,2450.0,2445.0,2451.0
0.0,24030.0,7382.0,7346.0,9112.0,3624.0,985.0,248.0,2391.0,2450.0,2446.0,2450.0,2477.0,2464.0,2441.0,7574.0,8629.0,7827.0,985.0,248.0,2391.0,2450.0,2446.0,2450.0
0.0,25760.0,7331.0,7345.0,5354.0,5597.0,1227.0,1503.0,2867.0,2450.0,2445.0,2450.0,2468.0,2410.0,2453.0,8815.0,9536.0,7409.0,1227.0,1503.0,2867.0,2450.0,2445.0,2450.0
0.0,23783.0,7420.0,7349.0,3624.0,9409.0,2717.0,3744.0,2948.0,2451.0,2447.0,2451.0,2471.0,2481.0,2468.0,8573.0,8277.0,6933.0,2717.0,3744.0,2948.0,2451.0,2447.0,2451.0
0.0,19987.0,7414.0,7351.0,5597.0,11234.0,3981.0,4684.0,2569.0,2452.0,2447.0,2452.0,2487.0,2443.0,2484.0,7087.0,6044.0,6856.0,3981.0,4684.0,2569.0,2452.0,2447.0,2452.0
0.0,18170.0,7285.0,7352.0,9409.0,9114.0,3691.0,3371.0,2052.0,2452.0,2448.0,2452.0,2427.0,2427.0,2431.0,5827.0,5104.0,7239.0,3691.0,3371.0,2052.0,2452.0,2448.0,2452.0
0.0,20294.0,7294.0,7352.0,11234.0,5174.0,2147.0,1114.0,1913.0,2452.0,2448.0,2452.0,2437.0,2427.0,2430.0,6117.0,6421.0,7756.0,2147.0,1114.0,1913.0,2452.0,2448.0,2452.0
0.0,24234.0,7470.0,7356.0,9114.0,3546.0,949.0,250.0,2347.0,2453.0,2450.0,2453.0,2489.0,2499.0,2482.0,7661.0,8678.0,7895.0,949.0,250.0,2347.0,2453.0,2450.0,2453.0
0.0,25878.0,7471.0,7358.0,5174.0,5851.0,1275.0,1630.0,2946.0,2453.0,2451.0,2454.0,2473.0,2490.0,2508.0,8863.0,9550.0,7465.0,1275.0,1630.0,2946.0,2453.0,2451.0,2454.0
0.0,23581.0,7370.0,7360.0,3546.0,9683.0,2763.0,3839.0,3081.0,2453.0,2452.0,2455.0,2437.0,2455.0,2478.0,8537.0,8174.0,6870.0,2763.0,3839.0,3081.0,2453.0,2452.0,2455.0
0.0,19757.0,7340.0,7358.0,5851.0,11164.0,3916.0,4666.0,2582.0,2452.0,2452.0,2454.0,2432.0,2457.0,2451.0,7049.0,5969.0,6739.0,3916.0,4666.0,2582.0,2452.0,2452.0,2454.0
0.0,18268.0,7351.0,7361.0,9683.0,8844.0,3590.0,3291.0,1963.0,2453.0,2453.0,2455.0,2433.0,2460.0,2458.0,5892.0,5142.0,7234.0,3590.0,3291.0,1963.0,2453.0,2453.0,2455.0
0.0,20600.0,7439.0,7365.0,11164.0,5135.0,2140.0,1128.0,1867.0,2455.0,2454.0,2456.0,2458.0,2499.0,2482.0,6222.0,6521.0,7857.0,2140.0,1128.0,1867.0,2455.0,2454.0,2456.0
0.0,24325.0,7401.0,7368.0,8844.0,3704.0,1029.0,327.0,2348.0,2456.0,2456.0,2456.0,2475.0,2482.0,2444.0,7680.0,8688.0,7957.0,1029.0,327.0,2348.0,2456.0,2456.0,2456.0
0.0,25768.0,7375.0,7371.0,5135.0,5956.0,1346.0,1664.0,2946.0,2457.0,2457.0,2457.0,2453.0,2461.0,2461.0,8795.0,9497.0,7476.0,1346.0,1664.0,2946.0,2457.0,2457.0,2457.0
0.0,23528.0,7375.0,7370.0,3704.0,9623.0,2742.0,3812.0,3069.0,2456.0,2457.0,2457.0,2429.0,2475.0,2471.0,8482.0,8164.0,6882.0,2742.0,3812.0,3069.0,2456.0,2457.0,2457.0
0.0,19857.0,7399.0,7374.0,5956.0,11082.0,3869.0,4638.0,2575.0,2458.0,2458.0,2458.0,2465.0,2486.0,2448.0,7082.0,6016.0,6759.0,3869.0,4638.0,2575.0,2458.0,2458.0,2458.0
0.0,18414.0,7341.0,7373.0,9623.0,8796.0,3560.0,3275.0,1961.0,2458.0,2458.0,2457.0,2433.0,2449.0,2459.0,5963.0,5194.0,7257.0,3560.0,3275.0,1961.0,2458.0,2458.0,2457.0
0.0,20696.0,7281.0,7373.0,11082.0,4995.0,2097.0,1079.0,1819.0,2458.0,2458.0,2457.0,2406.0,2442.0,2433.0,6272.0,6557.0,7867.0,2097.0,1079.0,1819.0,2458.0,2458.0,2457.0
0.0,24497.0,7350.0,7373.0,8796.0,3549.0,979.0,273.0,2297.0,2458.0,2458.0,2457.0,2442.0,2469.0,2439.0,7735.0,8753.0,8009.0,979.0,273.0,2297.0,2458.0,2458.0,2457.0
0.0,25943.0,7472.0,7376.0,4995.0,6038.0,1373.0,1682.0,2983.0,2459.0,2459.0,2458.0,2487.0,2484.0,2501.0,8853.0,9559.0,7531.0,1373.0,1682.0,2983.0,2459.0,2459.0,2458.0
0.0,23466.0,7429.0,7379.0,3549.0,9930.0,2872.0,3897.0,3161.0,2460.0,2460.0,2459.0,2474.0,2484.0,2471.0,8463.0,8154.0,6849.0,2872.0,3897.0,3161.0,2460.0,2460.0,2459.0
0.0,19586.0,7350.0,7379.0,6038.0,11242.0,3942.0,4660.0,2640.0,2460.0,2460.0,2459.0,2443.0,2445.0,2462.0,6968.0,5943.0,6675.0,3942.0,4660.0,2640.0,2460.0,2460.0,2459.0
0.0,18274.0,7351.0,7377.0,9930.0,8655.0,3517.0,3197.0,1941.0,2459.0,2459.0,2459.0,2451.0,2438.0,2462.0,5898.0,5180.0,7196.0,3517.0,3197.0,1941.0,2459.0,2459.0,2459.0
0.0,20853.0,7434.0,7378.0,11242.0,4851.0,2072.0,1014.0,1765.0,2460.0,2459.0,2459.0,2493.0,2477.0,2464.0,6319.0,6639.0,7895.0,2072.0,1014.0,1765.0,2460.0,2459.0,2459.0
0.0,24661.0,7324.0,7378.0,8655.0,3520.0,1002.0,256.0,2262.0,2460.0,2459.0,2459.0,2447.0,2439.0,2438.0,7768.0,8822.0,8071.0,1002.0,256.0,2262.0,2460.0,2459.0,2459.0
0.0,25992.0,7421.0,7379.0,4851.0,6094.0,1438.0,1698.0,2958.0,2461.0,2459.0,2459.0,2504.0,2456.0,2461.0,8838.0,9580.0,7574.0,1438.0,1698.0,2958.0,2461.0,2459.0,2459.0
0.0,23422.0,7319.0,7378.0,3520.0,9889.0,2901.0,3836.0,3152.0,2461.0,2458.0,2459.0,2465.0,2398.0,2456.0,8406.0,8138.0,6878.0,2901.0,3836.0,3152.0,2461.0,2458.0,2459.0
0.0,19623.0,7489.0,7379.0,6094.0,11288.0,3981.0,4623.0,2684.0,2462.0,2458.0,2459.0,2514.0,2485.0,2490.0,6943.0,5996.0,6684.0,3981.0,4623.0,2684.0,2462.0,2458.0,2459.0
0.0,18228.0,7448.0,7379.0,9889.0,8847.0,3591.0,3241.0,2015.0,2462.0,2457.0,2460.0,2511.0,2458.0,2479.0,5867.0,5209.0,7152.0,3591.0,3241.0,2015.0,2462.0,2457.0,2460.0
0.0,20669.0,7433.0,7378.0,11288.0,4988.0,2105.0,1101.0,1782.0,2462.0,2457.0,2459.0,2495.0,2483.0,2455.0,6257.0,6587.0,7825.0,2105.0,1101.0,1782.0,2462.0,2457.0,2459.0
0.0,24524.0,7395.0,7379.0,8847.0,3540.0,991.0,322.0,2227.0,2462.0,2457.0,2460.0,2477.0,2462.0,2456.0,7743.0,8727.0,8054.0,991.0,322.0,2227.0,2462.0,2457.0,2460.0
0.0,25976.0,7343.0,7376.0,4988.0,5883.0,1337.0,1664.0,2882.0,2461.0,2456.0,2459.0,2455.0,2447.0,2441.0,8857.0,9506.0,7613.0,1337.0,1664.0,2882.0,2461.0,2456.0,2459.0
0.0,23621.0,7404.0,7377.0,3540.0,9751.0,2841.0,3809.0,3101.0,2462.0,2456.0,2459.0,2491.0,2467.0,2446.0,8507.0,8160.0,6954.0,2841.0,3809.0,3101.0,2462.0,2456.0,2459.0
0.0,19757.0,7438.0,7380.0,5883.0,11318.0,4025.0,4606.0,2687.0,2463.0,2457.0,2460.0,2517.0,2457.0,2464.0,7007.0,6015.0,6735.0,4025.0,4606.0,2687.0,2463.0,2457.0,2460.0
0.0,18202.0,7358.0,7381.0,9751.0,8929.0,3651.0,3257.0,2021.0,2464.0,2457.0,2460.0,2463.0,2460.0,2435.0,5827.0,5222.0,7153.0,3651.0,3257.0,2021.0,2464.0,2457.0,2460.0
0.0,20595.0,7464.0,7384.0,11318.0,5087.0,2114.0,1152.0,1821.0,2465.0,2458.0,2461.0,2484.0,2497.0,2483.0,6205.0,6571.0,7819.0,2114.0,1152.0,1821.0,2465.0,2458.0,2461.0
0.0,24449.0,7378.0,7383.0,8929.0,3532.0,896.0,365.0,2271.0,2464.0,2458.0,2461.0,2437.0,2470.0,2471.0,7746.0,8680.0,8023.0,896.0,365.0,2271.0,2464.0,2458.0,2461.0
0.0,26000.0,7469.0,7386.0,5087.0,5926.0,1273.0,1695.0,2958.0,2465.0,2459.0,2462.0,2487.0,2478.0,2504.0,8960.0,9467.0,7573.0,1273.0,1695.0,2958.0,2465.0,2459.0,2462.0
0.0,23618.0,7468.0,7388.0,3532.0,9870.0,2845.0,3841.0,3184.0,2465.0,2460.0,2463.0,2468.0,2507.0,2493.0,8587.0,8141.0,6890.0,2845.0,3841.0,3184.0,2465.0,2460.0,2463.0
0.0,19682.0,7377.0,7389.0,5926.0,11325.0,4027.0,4607.0,2691.0,2465.0,2460.0,2464.0,2455.0,2461.0,2461.0,7015.0,5999.0,6668.0,4027.0,4607.0,2691.0,2465.0,2460.0,2464.0
0.0,18231.0,7596.0,7393.0,9870.0,9067.0,3703.0,3317.0,2047.0,2466.0,2462.0,2465.0,2517.0,2543.0,2536.0,5833.0,5233.0,7165.0,3703.0,3317.0,2047.0,2466.0,2462.0,2465.0
0.0,20505.0,7495.0,7397.0,11325.0,5253.0,2172.0,1234.0,1847.0,2467.0,2464.0,2466.0,2492.0,2516.0,2487.0,6161.0,6531.0,7813.0,2172.0,1234.0,1847.0,2467.0,2464.0,2466.0
0.0,24335.0,7479.0,7395.0,9067.0,3657.0,952.0,410.0,2295.0,2466.0,2463.0,2466.0,2487.0,2497.0,2495.0,7696.0,8622.0,8017.0,952.0,410.0,2295.0,2466.0,2463.0,2466.0
0.0,25923.0,7546.0,7399.0,5253.0,5966.0,1310.0,1713.0,2943.0,2468.0,2465.0,2466.0,2522.0,2529.0,2495.0,8912.0,9442.0,7569.0,1310.0,1713.0,2943.0,2468.0,2465.0,2466.0
0.0,23630.0,7338.0,7396.0,3657.0,9635.0,2799.0,3743.0,3093.0,2467.0,2464.0,2465.0,2445.0,2444.0,2449.0,8562.0,8147.0,6921.0,2799.0,3743.0,3093.0,2467.0,2464.0,2465.0
0.0,19949.0,7378.0,7396.0,5966.0,11047.0,3961.0,4496.0,2590.0,2467.0,2464.0,2465.0,2472.0,2466.0,2440.0,7069.0,6113.0,6767.0,3961.0,4496.0,2590.0,2467.0,2464.0,2465.0
0.0,18537.0,7392.0,7398.0,9635.0,8812.0,3628.0,3237.0,1947.0,2468.0,2465.0,2465.0,2462.0,2480.0,2450.0,5907.0,5360.0,7270.0,3628.0,3237.0,1947.0,2468.0,2465.0,2465.0
0.0,20780.0,7437.0,7400.0,11047.0,5210.0,2154.0,1225.0,1831.0,2468.0,2466.0,2466.0,2487.0,2480.0,2470.0,6244.0,6623.0,7913.0,2154.0,1225.0,1831.0,2468.0,2466.0,2466.0
0.0,24390.0,7454.0,7401.0,8812.0,3856.0,1002.0,469.0,2385.0,2468.0,2467.0,2466.0,2476.0,2477.0,2501.0,7718.0,8639.0,8033.0,1002.0,469.0,2385.0,2468.0,2467.0,2466.0
0.0,25748.0,7314.0,7402.0,5210.0,5964.0,1301.0,1683.0,2980.0,2469.0,2467.0,2466.0,2449.0,2439.0,2426.0,8870.0,9399.0,7479.0,1301.0,1683.0,2980.0,2469.0,2467.0,2466.0
0.0,23644.0,7392.0,7401.0,3856.0,9496.0,2766.0,3681.0,3049.0,2468.0,2468.0,2465.0,2471.0,2463.0,2458.0,8575.0,8185.0,6884.0,2766.0,3681.0,3049.0,2468.0,2468.0,2465.0
0.0,20108.0,7478.0,7403.0,5964.0,11018.0,3961.0,4504.0,2553.0,2469.0,2469.0,2465.0,2492.0,2502.0,2484.0,7106.0,6191.0,6811.0,3961.0,4504.0,2553.0,2469.0,2469.0,2465.0
0.0,18594.0,7429.0,7404.0,9496.0,8955.0,3660.0,3304.0,1991.0,2469.0,2469.0,2466.0,2465.0,2481.0,2483.0,5915.0,5372.0,7307.0,3660.0,3304.0,1991.0,2469.0,2469.0,2466.0
0.0,20661.0,7389.0,7405.0,11018.0,5330.0,2169.0,1241.0,1920.0,2469.0,2469.0,2467.0,2470.0,2441.0,2478.0,6216.0,6572.0,7873.0,2169.0,1241.0,1920.0,2469.0,2469.0,2467.0
0.0,24290.0,7531.0,7407.0,8955.0,3914.0,1042.0,438.0,2434.0,2470.0,2470.0,2467.0,2529.0,2497.0,2505.0,7707.0,8635.0,7948.0,1042.0,438.0,2434.0,2470.0,2470.0,2467.0
0.0,25714.0,7400.0,7407.0,5330.0,5984.0,1351.0,1647.0,2986.0,2470.0,2470.0,2467.0,2478.0,2450.0,2472.0,8838.0,9442.0,7434.0,1351.0,1647.0,2986.0,2470.0,2470.0,2467.0
0.0,23644.0,7443.0,7411.0,3914.0,9529.0,2792.0,3680.0,3057.0,2471.0,2471.0,2469.0,2479.0,2467.0,2497.0,8529.0,8233.0,6882.0,2792.0,3680.0,3057.0,2471.0,2471.0,2469.0
0.0,20115.0,7445.0,7412.0,5984.0,10994.0,3975.0,4494.0,2525.0,2472.0,2471.0,2469.0,2530.0,2461.0,2454.0,7092.0,6204.0,6819.0,3975.0,4494.0,2525.0,2472.0,2471.0,2469.0
0.0,18654.0,7496.0,7413.0,9529.0,8965.0,3690.0,3311.0,1964.0,2473.0,2471.0,2469.0,2503.0,2497.0,2496.0,5913.0,5390.0,7351.0,3690.0,3311.0,1964.0,2473.0,2471.0,2469.0
0.0,20687.0,7249.0,7409.0,10994.0,5204.0,2127.0,1231.0,1846.0,2472.0,2470.0,2467.0,2416.0,2418.0,2415.0,6202.0,6573.0,7912.0,2127.0,1231.0,1846.0,2472.0,2470.0,2467.0
0.0,24432.0,7536.0,7412.0,8965.0,3787.0,954.0,437.0,2396.0,2473.0,2471.0,2468.0,2513.0,2513.0,2510.0,7761.0,8649.0,8022.0,954.0,437.0,2396.0,2473.0,2471.0,2468.0
0.0,25861.0,7359.0,7412.0,5204.0,5942.0,1299.0,1622.0,3021.0,2474.0,2470.0,2468.0,2468.0,2420.0,2471.0,8938.0,9447.0,7476.0,1299.0,1622.0,3021.0,2474.0,2470.0,2468.0
0.0,23706.0,7397.0,7413.0,3787.0,9556.0,2815.0,3628.0,3113.0,2474.0,2470.0,2469.0,2470.0,2443.0,2484.0,8597.0,8258.0,6851.0,2815.0,3628.0,3113.0,2474.0,2470.0,2469.0
0.0,20096.0,7451.0,7414.0,5942.0,11069.0,4005.0,4486.0,2578.0,2475.0,2470.0,2469.0,2485.0,2480.0,2486.0,7081.0,6252.0,6763.0,4005.0,4486.0,2578.0,2475.0,2470.0,2469.0
0.0,18587.0,7299.0,7411.0,9556.0,8800.0,3622.0,3272.0,1906.0,2474.0,2468.0,2469.0,2436.0,2422.0,2441.0,5895.0,5394.0,7298.0,3622.0,3272.0,1906.0,2474.0,2468.0,2469.0
0.0,20844.0,7488.0,7414.0,11069.0,5231.0,2100.0,1294.0,1837.0,2475.0,2469.0,2470.0,2479.0,2504.0,2505.0,6274.0,6600.0,7970.0,2100.0,1294.0,1837.0,2475.0,2469.0,2470.0
0.0,24425.0,7387.0,7414.0,8800.0,3818.0,938.0,464.0,2416.0,2475.0,2469.0,2470.0,2460.0,2442.0,2485.0,7800.0,8582.0,8043.0,938.0,464.0,2416.0,2475.0,2469.0,2470.0
0.0,25838.0,7351.0,7413.0,5231.0,5934.0,1280.0,1632.0,3022.0,2475.0,2468.0,2470.0,2442.0,2466.0,2443.0,8962.0,9412.0,7464.0,1280.0,1632.0,3022.0,2475.0,2468.0,2470.0
0.0,23718.0,7509.0,7417.0,3818.0,9641.0,2839.0,3692.0,3110.0,2476.0,2470.0,2471.0,2493.0,2516.0,2500.0,8620.0,8240.0,6858.0,2839.0,3692.0,3110.0,2476.0,2470.0,2471.0
0.0,20027.0,7473.0,7420.0,5934.0,11192.0,4044.0,4573.0,2575.0,2477.0,2471.0,2472.0,2481.0,2509.0,2483.0,7065.0,6188.0,6774.0,4044.0,4573.0,2575.0,2477.0,2471.0,2472.0
0.0,18488.0,7402.0,7421.0,9641.0,8957.0,3667.0,3359.0,1931.0,2478.0,2471.0,2472.0,2458.0,2478.0,2466.0,5864.0,5311.0,7313.0,3667.0,3359.0,1931.0,2478.0,2471.0,2472.0
0.0,20727.0,7492.0,7421.0,11192.0,5257.0,2114.0,1283.0,1860.0,2478.0,2471.0,2472.0,2491.0,2497.0,2504.0,6245.0,6525.0,7957.0,2114.0,1283.0,1860.0,2478.0,2471.0,2472.0
0.0,24427.0,7419.0,7421.0,8957.0,3719.0,927.0,397.0,2395.0,2478.0,2471.0,2472.0,2480.0,2473.0,2466.0,7798.0,8601.0,8028.0,927.0,397.0,2395.0,2478.0,2471.0,2472.0
0.0,25965.0,7490.0,7424.0,5257.0,5964.0,1313.0,1621.0,3030.0,2479.0,2472.0,2473.0,2496.0,2503.0,2491.0,8985.0,9487.0,7493.0,1313.0,1621.0,3030.0,2479.0,2472.0,2473.0
0.0,23732.0,7446.0,7426.0,3719.0,9699.0,2898.0,3690.0,3111.0,2480.0,2473.0,2473.0,2508.0,2462.0,2476.0,8603.0,8267.0,6862.0,2898.0,3690.0,3111.0,2480.0,2473.0,2473.0
0.0,20005.0,7467.0,7426.0,5964.0,11202.0,4081.0,4557.0,2564.0,2480.0,2473.0,2473.0,2496.0,2488.0,2483.0,7022.0,6202.0,6781.0,4081.0,4557.0,2564.0,2480.0,2473.0,2473.0
0.0,18502.0,7494.0,7429.0,9699.0,9009.0,3694.0,3370.0,1945.0,2481.0,2474.0,2474.0,2507.0,2499.0,2488.0,5839.0,5335.0,7328.0,3694.0,3370.0,1945.0,2481.0,2474.0,2474.0
0.0,20707.0,7353.0,7429.0,11202.0,5160.0,2077.0,1276.0,1807.0,2481.0,2474.0,2474.0,2464.0,2463.0,2426.0,6230.0,6526.0,7951.0,2077.0,1276.0,1807.0,2481.0,2474.0,2474.0
0.0,24556.0,7545.0,7433.0,9009.0,3712.0,895.0,451.0,2366.0,2481.0,2477.0,2475.0,2512.0,2533.0,2500.0,7847.0,8620.0,8089.0,895.0,451.0,2366.0,2481.0,2477.0,2475.0
0.0,26020.0,7497.0,7432.0,5160.0,6045.0,1328.0,1684.0,3033.0,2481.0,2477.0,2474.0,2510.0,2509.0,2478.0,9029.0,9457.0,7534.0,1328.0,1684.0,3033.0,2481.0,2477.0,2474.0
0.0,23683.0,7441.0,7433.0,3712.0,9778.0,2925.0,3712.0,3141.0,2481.0,2478.0,2474.0,2492.0,2475.0,2474.0,8596.0,8224.0,6863.0,2925.0,3712.0,3141.0,2481.0,2478.0,2474.0
0.0,19954.0,7521.0,7434.0,6045.0,11258.0,4117.0,4553.0,2588.0,2481.0,2478.0,2475.0,2520.0,2525.0,2476.0,6999.0,6200.0,6755.0,4117.0,4553.0,2588.0,2481.0,2478.0,2475.0
0.0,18478.0,7526.0,7437.0,9778.0,9018.0,3732.0,3359.0,1927.0,2483.0,2479.0,2475.0,2532.0,2514.0,2480.0,5807.0,5359.0,7312.0,3732.0,3359.0,1927.0,2483.0,2479.0,2475.0
0.0,20730.0,7485.0,7440.0,11258.0,5257.0,2132.0,1300.0,1825.0,2484.0,2480.0,2476.0,2513.0,2490.0,2482.0,6200.0,6557.0,7973.0,2132.0,1300.0,1825.0,2484.0,2480.0,2476.0
0.0,24503.0,7510.0,7442.0,9018.0,3757.0,916.0,442.0,2399.0,2484.0,2481.0,2477.0,2516.0,2497.0,2497.0,7804.0,8620.0,8079.0,916.0,442.0,2399.0,2484.0,2481.0,2477.0
0.0,26011.0,7531.0,7444.0,5257.0,6039.0,1270.0,1672.0,3097.0,2484.0,2482.0,2478.0,2486.0,2526.0,2519.0,9020.0,9482.0,7509.0,1270.0,1672.0,3097.0,2484.0,2482.0,2478.0
0.0,23737.0,7497.0,7446.0,3757.0,9787.0,2851.0,3747.0,3189.0,2484.0,2483.0,2479.0,2497.0,2513.0,2487.0,8666.0,8256.0,6815.0,2851.0,3747.0,3189.0,2484.0,2483.0,2479.0
0.0,19997.0,7513.0,7446.0,6039.0,11261.0,4070.0,4587.0,2604.0,2484.0,2483.0,2479.0,2489.0,2512.0,2512.0,7085.0,6185.0,6727.0,4070.0,4587.0,2604.0,2484.0,2483.0,2479.0
0.0,18523.0,7481.0,7449.0,9787.0,8967.0,3705.0,3356.0,1906.0,2485.0,2484.0,2480.0,2482.0,2512.0,2487.0,5866.0,5345.0,7312.0,3705.0,3356.0,1906.0,2485.0,2484.0,2480.0
0.0,20829.0,7522.0,7450.0,11261.0,5232.0,2136.0,1282.0,1814.0,2485.0,2485.0,2480.0,2501.0,2509.0,2512.0,6235.0,6580.0,8014.0,2136.0,1282.0,1814.0,2485.0,2485.0,2480.0
0.0,24568.0,7478.0,7451.0,8967.0,3747.0,929.0,426.0,2392.0,2486.0,2485.0,2480.0,2494.0,2500.0,2484.0,7804.0,8658.0,8106.0,929.0,426.0,2392.0,2486.0,2485.0,2480.0
0.0,26057.0,7553.0,7454.0,5232.0,6080.0,1312.0,1667.0,3101.0,2487.0,2486.0,2481.0,2515.0,2519.0,2519.0,9015.0,9514.0,7528.0,1312.0,1667.0,3101.0,2487.0,2486.0,2481.0
0.0,23736.0,7479.0,7451.0,3747.0,9800.0,2857.0,3731.0,3212.0,2486.0,2485.0,2480.0,2478.0,2494.0,2507.0,8636.0,8277.0,6823.0,2857.0,3731.0,3212.0,2486.0,2485.0,2480.0
0.0,20004.0,7501.0,7452.0,6080.0,11225.0,4034.0,4571.0,2620.0,2486.0,2485.0,2481.0,2489.0,2507.0,2505.0,7087.0,6209.0,6708.0,4034.0,4571.0,2620.0,2486.0,2485.0,2481.0
0.0,18583.0,7491.0,7451.0,9800.0,8912.0,3672.0,3315.0,1925.0,2486.0,2484.0,2481.0,2495.0,2479.0,2517.0,5910.0,5369.0,7304.0,3672.0,3315.0,1925.0,2486.0,2484.0,2481.0
0.0,20892.0,7445.0,7450.0,11225.0,5128.0,2124.0,1206.0,1798.0,2486.0,2483.0,2481.0,2486.0,2466.0,2493.0,6272.0,6621.0,7999.0,2124.0,1206.0,1798.0,2486.0,2483.0,2481.0
0.0,24672.0,7505.0,7454.0,8912.0,3737.0,949.0,365.0,2423.0,2487.0,2484.0,2483.0,2493.0,2470.0,2542.0,7820.0,8726.0,8126.0,949.0,365.0,2423.0,2487.0,2484.0,2483.0
0.0,26079.0,7378.0,7452.0,5128.0,5979.0,1272.0,1614.0,3093.0,2486.0,2483.0,2483.0,2451.0,2459.0,2468.0,8999.0,9571.0,7509.0,1272.0,1614.0,3093.0,2486.0,2483.0,2483.0
0.0,23829.0,7427.0,7454.0,3737.0,9677.0,2806.0,3718.0,3153.0,2487.0,2483.0,2484.0,2479.0,2469.0,2479.0,8672.0,8318.0,6839.0,2806.0,3718.0,3153.0,2487.0,2483.0,2484.0
0.0,20139.0,7500.0,7455.0,5979.0,11202.0,4036.0,4588.0,2578.0,2487.0,2483.0,2485.0,2502.0,2484.0,2514.0,7142.0,6214.0,6783.0,4036.0,4588.0,2578.0,2487.0,2483.0,2485.0
0.0,18618.0,7548.0,7457.0,9677.0,9081.0,3751.0,3377.0,1953.0,2488.0,2484.0,2485.0,2517.0,2503.0,2528.0,5912.0,5344.0,7362.0,3751.0,3377.0,1953.0,2488.0,2484.0,2485.0
0.0,20747.0,7491.0,7461.0,11202.0,5386.0,2214.0,1279.0,1893.0,2489.0,2485.0,2487.0,2495.0,2486.0,2510.0,6201.0,6559.0,7987.0,2214.0,1279.0,1893.0,2489.0,2485.0,2487.0
0.0,24458.0,7503.0,7463.0,9081.0,3816.0,992.0,371.0,2453.0,2490.0,2485.0,2488.0,2525.0,2469.0,2509.0,7742.0,8661.0,8055.0,992.0,371.0,2453.0,2490.0,2485.0,2488.0
0.0,26036.0,7377.0,7461.0,5386.0,5799.0,1231.0,1541.0,3027.0,2489.0,2484.0,2488.0,2457.0,2453.0,2467.0,8968.0,9569.0,7499.0,1231.0,1541.0,3027.0,2489.0,2484.0,2488.0
0.0,24045.0,7533.0,7462.0,3816.0,9520.0,2765.0,3669.0,3086.0,2490.0,2484.0,2488.0,2522.0,2499.0,2512.0,8725.0,8395.0,6925.0,2765.0,3669.0,3086.0,2490.0,2484.0,2488.0
0.0,20328.0,7558.0,7466.0,5799.0,11295.0,4043.0,4653.0,2599.0,2491.0,2486.0,2489.0,2505.0,2517.0,2536.0,7195.0,6267.0,6866.0,4043.0,4653.0,2599.0,2491.0,2486.0,2489.0
0.0,18569.0,7612.0,7468.0,9520.0,9395.0,3830.0,3530.0,2035.0,2491.0,2487.0,2490.0,2552.0,2542.0,2518.0,5921.0,5291.0,7357.0,3830.0,3530.0,2035.0,2491.0,2487.0,2490.0
0.0,20477.0,7566.0,7471.0,11295.0,5678.0,2322.0,1389.0,1967.0,2492.0,2488.0,2491.0,2531.0,2508.0,2527.0,6134.0,6418.0,7925.0,2322.0,1389.0,1967.0,2492.0,2488.0,2491.0
0.0,24206.0,7480.0,7471.0,9395.0,3763.0,988.0,340.0,2435.0,2492.0,2488.0,2491.0,2496.0,2481.0,2503.0,7646.0,8563.0,7997.0,988.0,340.0,2435.0,2492.0,2488.0,2491.0
0.0,26121.0,7535.0,7472.0,5678.0,5624.0,1194.0,1475.0,2955.0,2492.0,2489.0,2491.0,2528.0,2520.0,2487.0,8980.0,9612.0,7529.0,1194.0,1475.0,2955.0,2492.0,2489.0,2491.0
0.0,24264.0,7387.0,7470.0,3763.0,9240.0,2650.0,3590.0,3000.0,2491.0,2488.0,2491.0,2448.0,2459.0,2480.0,8774.0,8481.0,7009.0,2650.0,3590.0,3000.0,2491.0,2488.0,2491.0
0.0,20640.0,7504.0,7476.0,5624.0,11144.0,3965.0,4619.0,2560.0,2493.0,2490.0,2493.0,2501.0,2496.0,2507.0,7314.0,6362.0,6964.0,3965.0,4619.0,2560.0,2493.0,2490.0,2493.0
0.0,18760.0,7526.0,7476.0,9240.0,9430.0,3813.0,3533.0,2084.0,2493.0,2490.0,2493.0,2498.0,2504.0,2524.0,6007.0,5341.0,7412.0,3813.0,3533.0,2084.0,2493.0,2490.0,2493.0
0.0,20474.0,7435.0,7477.0,11144.0,5725.0,2323.0,1410.0,1992.0,2493.0,2491.0,2493.0,2475.0,2492.0,2468.0,6159.0,6427.0,7888.0,2323.0,1410.0,1992.0,2493.0,2491.0,2493.0
0.0,24183.0,7605.0,7481.0,9430.0,3916.0,1055.0,427.0,2434.0,2494.0,2493.0,2494.0,2541.0,2542.0,2522.0,7649.0,8554.0,7980.0,1055.0,427.0,2434.0,2494.0,2493.0,2494.0
0.0,26008.0,7558.0,7483.0,5725.0,5757.0,1237.0,1553.0,2967.0,2495.0,2494.0,2494.0,2501.0,2532.0,2525.0,8921.0,9545.0,7542.0,1237.0,1553.0,2967.0,2495.0,2494.0,2494.0
0.0,24175.0,7518.0,7488.0,3916.0,9379.0,2688.0,3653.0,3038.0,2496.0,2496.0,2496.0,2502.0,2519.0,2497.0,8743.0,8423.0,7009.0,2688.0,3653.0,3038.0,2496.0,2496.0,2496.0
0.0,20573.0,7439.0,7486.0,5757.0,11053.0,3918.0,4577.0,2558.0,2496.0,2495.0,2495.0,2467.0,2481.0,2491.0,7296.0,6331.0,6946.0,3918.0,4577.0,2558.0,2496.0,2495.0,2495.0
0.0,18891.0,7585.0,7490.0,9379.0,9275.0,3733.0,3488.0,2054.0,2496.0,2498.0,2496.0,2503.0,2552.0,2530.0,6066.0,5403.0,7422.0,3733.0,3488.0,2054.0,2496.0,2498.0,2496.0
0.0,20685.0,7488.0,7492.0,11053.0,5718.0,2311.0,1418.0,1989.0,2497.0,2498.0,2497.0,2492.0,2507.0,2489.0,6251.0,6504.0,7930.0,2311.0,1418.0,1989.0,2497.0,2498.0,2497.0
0.0,24250.0,7417.0,7491.0,9275.0,3856.0,1041.0,415.0,2400.0,2497.0,2498.0,2496.0,2463.0,2485.0,2469.0,7677.0,8574.0,7999.0,1041.0,415.0,2400.0,2497.0,2498.0,2496.0
0.0,26108.0,7547.0,7492.0,5718.0,5689.0,1243.0,1498.0,2948.0,2497.0,2498.0,2497.0,2513.0,2501.0,2533.0,8947.0,9577.0,7584.0,1243.0,1498.0,2948.0,2497.0,2498.0,2497.0
0.0,24279.0,7436.0,7492.0,3856.0,9269.0,2656.0,3605.0,3008.0,2497.0,2498.0,2497.0,2454.0,2522.0,2460.0,8745.0,8494.0,7040.0,2656.0,3605.0,3008.0,2497.0,2498.0,2497.0
0.0,20699.0,7444.0,7493.0,5689.0,11028.0,3887.0,4614.0,2527.0,2497.0,2499.0,2497.0,2474.0,2503.0,2467.0,7332.0,6387.0,6980.0,3887.0,4614.0,2527.0,2497.0,2499.0,2497.0
0.0,18944.0,7609.0,7496.0,9269.0,9380.0,3759.0,3556.0,2065.0,2498.0,2500.0,2498.0,2524.0,2543.0,2542.0,6101.0,5382.0,7461.0,3759.0,3556.0,2065.0,2498.0,2500.0,2498.0
0.0,20604.0,7601.0,7498.0,11028.0,5961.0,2414.0,1475.0,2072.0,2499.0,2500.0,2499.0,2538.0,2533.0,2530.0,6233.0,6444.0,7927.0,2414.0,1475.0,2072.0,2499.0,2500.0,2499.0
0.0,24031.0,7556.0,7501.0,9380.0,4149.0,1172.0,450.0,2527.0,2499.0,2502.0,2500.0,2517.0,2523.0,2516.0,7582.0,8525.0,7924.0,1172.0,450.0,2527.0,2499.0,2502.0,2500.0
0.0,25855.0,7558.0,7502.0,5961.0,5750.0,1276.0,1525.0,2949.0,2499.0,2503.0,2500.0,2518.0,2546.0,2494.0,8824.0,9558.0,7473.0,1276.0,1525.0,2949.0,2499.0,2503.0,2500.0
0.0,24258.0,7537.0,7502.0,4149.0,9138.0,2615.0,3586.0,2937.0,2499.0,2503.0,2500.0,2511.0,2511.0,2515.0,8720.0,8487.0,7051.0,2615.0,3586.0,2937.0,2499.0,2503.0,2500.0
0.0,20870.0,7605.0,7507.0,5750.0,11013.0,3887.0,4603.0,2523.0,2501.0,2504.0,2502.0,2540.0,2538.0,2527.0,7381.0,6426.0,7063.0,3887.0,4603.0,2523.0,2501.0,2504.0,2502.0
0.0,19015.0,7528.0,7508.0,9138.0,9407.0,3790.0,3511.0,2106.0,2501.0,2504.0,2503.0,2518.0,2494.0,2516.0,6117.0,5413.0,7485.0,3790.0,3511.0,2106.0,2501.0,2504.0,2503.0
0.0,20625.0,7619.0,7510.0,11013.0,6021.0,2454.0,1445.0,2122.0,2502.0,2504.0,2504.0,2547.0,2537.0,2535.0,6214.0,6505.0,7906.0,2454.0,1445.0,2122.0,2502.0,2504.0,2504.0
0.0,24019.0,7590.0,7513.0,9407.0,4216.0,1209.0,462.0,2545.0,2503.0,2505.0,2505.0,2541.0,2524.0,2525.0,7554.0,8571.0,7894.0,1209.0,462.0,2545.0,2503.0,2505.0,2505.0
0.0,25836.0,7611.0,7514.0,6021.0,5810.0,1299.0,1548.0,2963.0,2503.0,2505.0,2506.0,2544.0,2531.0,2536.0,8803.0,9558.0,7475.0,1299.0,1548.0,2963.0,2503.0,2505.0,2506.0
0.0,24246.0,7416.0,7512.0,4216.0,9002.0,2570.0,3541.0,2891.0,2502.0,2504.0,2506.0,2484.0,2459.0,2473.0,8713.0,8472.0,7061.0,2570.0,3541.0,2891.0,2502.0,2504.0,2506.0
0.0,21046.0,7579.0,7514.0,5810.0,10779.0,3826.0,4488.0,2465.0,2503.0,2504.0,2507.0,2551.0,2495.0,2533.0,7438.0,6475.0,7133.0,3826.0,4488.0,2465.0,2503.0,2504.0,2507.0
0.0,19277.0,7650.0,7516.0,9002.0,9435.0,3820.0,3505.0,2110.0,2504.0,2505.0,2507.0,2560.0,2554.0,2536.0,6186.0,5528.0,7563.0,3820.0,3505.0,2110.0,2504.0,2505.0,2507.0
0.0,20629.0,7627.0,7519.0,10779.0,6295.0,2539.0,1557.0,2199.0,2505.0,2506.0,2508.0,2541.0,2536.0,2550.0,6196.0,6515.0,7918.0,2539.0,1557.0,2199.0,2505.0,2506.0,2508.0
0.0,23781.0,7582.0,7520.0,9435.0,4446.0,1267.0,574.0,2605.0,2506.0,2506.0,2508.0,2544.0,2522.0,2516.0,7481.0,8467.0,7833.0,1267.0,574.0,2605.0,2506.0,2506.0,2508.0
0.0,25634.0,7628.0,7523.0,6295.0,5791.0,1274.0,1539.0,2978.0,2507.0,2506.0,2510.0,2542.0,2522.0,2564.0,8757.0,9450.0,7427.0,1274.0,1539.0,2978.0,2507.0,2506.0,2510.0
0.0,24301.0,7589.0,7524.0,4446.0,8938.0,2522.0,3494.0,2922.0,2507.0,2506.0,2511.0,2515.0,2529.0,2545.0,8754.0,8485.0,7062.0,2522.0,3494.0,2922.0,2507.0,2506.0,2511.0
0.0,21158.0,7601.0,7526.0,5791.0,10756.0,3759.0,4491.0,2506.0,2507.0,2507.0,2512.0,2511.0,2532.0,2558.0,7506.0,6530.0,7122.0,3759.0,4491.0,2506.0,2507.0,2507.0,2512.0
0.0,19348.0,7633.0,7529.0,8938.0,9463.0,3778.0,3543.0,2142.0,2508.0,2508.0,2513.0,2537.0,2542.0,2554.0,6269.0,5537.0,7542.0,3778.0,3543.0,2142.0,2508.0,2508.0,2513.0
0.0,20653.0,7693.0,7531.0,10756.0,6408.0,2567.0,1600.0,2241.0,2509.0,2508.0,2514.0,2544.0,2548.0,2601.0,6254.0,6489.0,7910.0,2567.0,1600.0,2241.0,2509.0,2508.0,2514.0
0.0,23716.0,7584.0,7533.0,9463.0,4537.0,1300.0,583.0,2654.0,2509.0,2509.0,2515.0,2511.0,2522.0,2551.0,7469.0,8432.0,7815.0,1300.0,583.0,2654.0,2509.0,2509.0,2515.0
0.0,25595.0,7608.0,7536.0,6408.0,5749.0,1285.0,1505.0,2959.0,2511.0,2509.0,2516.0,2544.0,2522.0,2542.0,8736.0,9453.0,7406.0,1285.0,1505.0,2959.0,2511.0,2509.0,2516.0
0.0,24395.0,7538.0,7536.0,4537.0,8750.0,2470.0,3451.0,2829.0,2510.0,2510.0,2516.0,2489.0,2525.0,2524.0,8759.0,8531.0,7105.0,2470.0,3451.0,2829.0,2510.0,2510.0,2516.0
0.0,21394.0,7714.0,7542.0,5749.0,10739.0,3743.0,4536.0,2460.0,2512.0,2512.0,2518.0,2550.0,2582.0,2582.0,7570.0,6589.0,7235.0,3743.0,4536.0,2460.0,2512.0,2512.0,2518.0
0.0,19429.0,7489.0,7541.0,8750.0,9474.0,3748.0,3594.0,2132.0,2511.0,2513.0,2517.0,2479.0,2505.0,2505.0,6305.0,5512.0,7612.0,3748.0,3594.0,2132.0,2511.0,2513.0,2517.0
0.0,20690.0,7687.0,7548.0,10739.0,6450.0,2578.0,1635.0,2237.0,2514.0,2515.0,2519.0,2561.0,2569.0,2557.0,6296.0,6458.0,7936.0,2578.0,1635.0,2237.0,2514.0,2515.0,2519.0
0.0,23742.0,7680.0,7553.0,9474.0,4676.0,1383.0,613.0,2680.0,2515.0,2517.0,2521.0,2549.0,2564.0,2567.0,7478.0,8425.0,7839.0,1383.0,613.0,2680.0,2515.0,2517.0,2521.0
0.0,25536.0,7512.0,7552.0,6450.0,5734.0,1305.0,1483.0,2946.0,2515.0,2517.0,2520.0,2500.0,2505.0,2507.0,8677.0,9455.0,7404.0,1305.0,1483.0,2946.0,2515.0,2517.0,2520.0
0.0,24474.0,7542.0,7552.0,4676.0,8600.0,2431.0,3374.0,2795.0,2515.0,2517.0,2520.0,2509.0,2504.0,2529.0,8755.0,8585.0,7134.0,2431.0,3374.0,2795.0,2515.0,2517.0,2520.0
0.0,21608.0,7545.0,7554.0,5734.0,10419.0,3629.0,4417.0,2373.0,2515.0,2518.0,2521.0,2503.0,2522.0,2520.0,7629.0,6694.0,7285.0,3629.0,4417.0,2373.0,2515.0,2518.0,2521.0
0.0,19797.0,7534.0,7554.0,8600.0,9353.0,3710.0,3545.0,2098.0,2515.0,2518.0,2521.0,2512.0,2502.0,2520.0,6431.0,5655.0,7711.0,3710.0,3545.0,2098.0,2515.0,2518.0,2521.0
0.0,20863.0,7573.0,7558.0,10419.0,6523.0,2594.0,1674.0,2255.0,2516.0,2520.0,2522.0,2509.0,2538.0,2526.0,6350.0,6527.0,7986.0,2594.0,1674.0,2255.0,2516.0,2520.0,2522.0
0.0,23709.0,7597.0,7558.0,9353.0,4767.0,1393.0,692.0,2682.0,2515.0,2521.0,2522.0,2513.0,2559.0,2525.0,7470.0,8406.0,7833.0,1393.0,692.0,2682.0,2515.0,2521.0,2522.0
0.0,25465.0,7594.0,7559.0,6523.0,5842.0,1348.0,1573.0,2921.0,2516.0,2522.0,2521.0,2545.0,2551.0,2498.0,8667.0,9392.0,7406.0,1348.0,1573.0,2921.0,2516.0,2522.0,2521.0
0.0,24394.0,7557.0,7558.0,4767.0,8628.0,2488.0,3383.0,2757.0,2516.0,2521.0,2521.0,2533.0,2506.0,2518.0,8716.0,8515.0,7163.0,2488.0,3383.0,2757.0,2516.0,2521.0,2521.0
0.0,21604.0,7521.0,7558.0,5842.0,10307.0,3657.0,4330.0,2320.0,2516.0,2521.0,2521.0,2517.0,2520.0,2484.0,7576.0,6701.0,7327.0,3657.0,4330.0,2320.0,2516.0,2521.0,2521.0
0.0,19925.0,7521.0,7559.0,8628.0,9204.0,3674.0,3463.0,2067.0,2516.0,2522.0,2521.0,2505.0,2512.0,2504.0,6407.0,5754.0,7764.0,3674.0,3463.0,2067.0,2516.0,2522.0,2521.0
0.0,21032.0,7609.0,7560.0,10307.0,6510.0,2549.0,1677.0,2284.0,2516.0,2522.0,2522.0,2532.0,2544.0,2533.0,6390.0,6625.0,8017.0,2549.0,1677.0,2284.0,2516.0,2522.0,2522.0
0.0,23730.0,7512.0,7562.0,9204.0,4826.0,1408.0,717.0,2701.0,2517.0,2523.0,2522.0,2529.0,2499.0,2484.0,7515.0,8411.0,7804.0,1408.0,717.0,2701.0,2517.0,2523.0,2522.0
0.0,25422.0,7610.0,7564.0,6510.0,5934.0,1392.0,1589.0,2953.0,2518.0,2524.0,2522.0,2529.0,2545.0,2536.0,8660.0,9375.0,7387.0,1392.0,1589.0,2953.0,2518.0,2524.0,2522.0
0.0,24322.0,7497.0,7564.0,4826.0,8605.0,2487.0,3357.0,2761.0,2518.0,2524.0,2522.0,2503.0,2485.0,2509.0,8680.0,8507.0,7135.0,2487.0,3357.0,2761.0,2518.0,2524.0,2522.0
0.0,21651.0,7607.0,7567.0,5934.0,10290.0,3634.0,4314.0,2342.0,2519.0,2525.0,2523.0,2535.0,2542.0,2530.0,7585.0,6739.0,7327.0,3634.0,4314.0,2342.0,2519.0,2525.0,2523.0
0.0,19978.0,7512.0,7566.0,8605.0,9193.0,3659.0,3457.0,2077.0,2519.0,2524.0,2523.0,2512.0,2504.0,2496.0,6442.0,5786.0,7750.0,3659.0,3457.0,2077.0,2519.0,2524.0,2523.0
0.0,21071.0,7452.0,7563.0,10290.0,6343.0,2493.0,1630.0,2220.0,2518.0,2523.0,2522.0,2472.0,2491.0,2489.0,6417.0,6639.0,8015.0,2493.0,1630.0,2220.0,2518.0,2523.0,2522.0
0.0,23909.0,7478.0,7563.0,9193.0,4628.0,1343.0,659.0,2626.0,2518.0,2523.0,2522.0,2509.0,2486.0,2483.0,7579.0,8462.0,7868.0,1343.0,659.0,2626.0,2518.0,2523.0,2522.0
0.0,25624.0,7521.0,7564.0,6343.0,5810.0,1356.0,1547.0,2907.0,2519.0,2523.0,2522.0,2502.0,2518.0,2501.0,8729.0,9433.0,7462.0,1356.0,1547.0,2907.0,2519.0,2523.0,2522.0
0.0,24446.0,7571.0,7564.0,4628.0,8753.0,2541.0,3403.0,2809.0,2519.0,2523.0,2522.0,2528.0,2515.0,2528.0,8720.0,8545.0,7181.0,2541.0,3403.0,2809.0,2519.0,2523.0,2522.0
0.0,21503.0,7541.0,7564.0,5810.0,10484.0,3712.0,4351.0,2421.0,2520.0,2522.0,2522.0,2523.0,2499.0,2519.0,7535.0,6689.0,7279.0,3712.0,4351.0,2421.0,2520.0,2522.0,2522.0
0.0,19772.0,7522.0,7567.0,8753.0,9265.0,3706.0,3447.0,2112.0,2521.0,2523.0,2523.0,2531.0,2495.0,2496.0,6368.0,5737.0,7667.0,3706.0,3447.0,2112.0,2521.0,2523.0,2523.0
0.0,21003.0,7527.0,7565.0,10484.0,6300.0,2522.0,1587.0,2191.0,2521.0,2522.0,2522.0,2528.0,2495.0,2504.0,6378.0,6645.0,7980.0,2522.0,1587.0,2191.0,2521.0,2522.0,2522.0
0.0,23960.0,7545.0,7568.0,9265.0,4592.0,1337.0,656.0,2599.0,2523.0,2522.0,2523.0,2513.0,2516.0,2516.0,7562.0,8501.0,7897.0,1337.0,656.0,2599.0,2523.0,2522.0,2523.0
0.0,25680.0,7583.0,7571.0,6300.0,5887.0,1352.0,1602.0,2933.0,2524.0,2523.0,2524.0,2533.0,2529.0,2521.0,8755.0,9432.0,7493.0,1352.0,1602.0,2933.0,2524.0,2523.0,2524.0
0.0,24397.0,7484.0,7569.0,4592.0,8771.0,2495.0,3440.0,2836.0,2523.0,2522.0,2524.0,2484.0,2498.0,2502.0,8744.0,8490.0,7163.0,2495.0,3440.0,2836.0,2523.0,2522.0,2524.0
0.0,21505.0,7661.0,7570.0,5887.0,10549.0,3686.0,4380.0,2483.0,2523.0,2522.0,2525.0,2543.0,2542.0,2576.0,7597.0,6648.0,7260.0,3686.0,4380.0,2483.0,2523.0,2522.0,2525.0
0.0,19731.0,7580.0,7570.0,8771.0,9358.0,3737.0,3474.0,2147.0,2524.0,2522.0,2524.0,2542.0,2534.0,2504.0,6406.0,5708.0,7617.0,3737.0,3474.0,2147.0,2524.0,2522.0,2524.0
0.0,20922.0,7634.0,7572.0,10549.0,6451.0,2591.0,1653.0,2207.0,2524.0,2523.0,2525.0,2540.0,2555.0,2539.0,6359.0,6614.0,7949.0,2591.0,1653.0,2207.0,2524.0,2523.0,2525.0
0.0,23837.0,7625.0,7574.0,9358.0,4726.0,1411.0,713.0,2602.0,2525.0,2523.0,2526.0,2553.0,2534.0,2538.0,7505.0,8439.0,7893.0,1411.0,713.0,2602.0,2525.0,2523.0,2526.0
0.0,25570.0,7639.0,7574.0,6451.0,5914.0,1382.0,1601.0,2931.0,2525.0,2523.0,2526.0,2562.0,2541.0,2536.0,8689.0,9379.0,7502.0,1382.0,1601.0,2931.0,2525.0,2523.0,2526.0
0.0,24382.0,7695.0,7577.0,4726.0,8895.0,2551.0,3467.0,2877.0,2526.0,2525.0,2526.0,2576.0,2571.0,2548.0,8718.0,8491.0,7173.0,2551.0,3467.0,2877.0,2526.0,2525.0,2526.0
0.0,21413.0,7701.0,7579.0,5914.0,10690.0,3743.0,4423.0,2524.0,2527.0,2525.0,2527.0,2570.0,2557.0,2574.0,7553.0,6633.0,7227.0,3743.0,4423.0,2524.0,2527.0,2525.0,2527.0
0.0,19626.0,7651.0,7580.0,8895.0,9450.0,3777.0,3508.0,2165.0,2528.0,2525.0,2527.0,2581.0,2552.0,2518.0,6365.0,5677.0,7584.0,3777.0,3508.0,2165.0,2528.0,2525.0,2527.0
0.0,20870.0,7574.0,7579.0,10690.0,6330.0,2566.0,1599.0,2165.0,2527.0,2525.0,2527.0,2536.0,2514.0,2524.0,6335.0,6592.0,7943.0,2566.0,1599.0,2165.0,2527.0,2525.0,2527.0
0.0,23986.0,7733.0,7585.0,9450.0,4637.0,1372.0,675.0,2590.0,2529.0,2527.0,2529.0,2575.0,2576.0,2582.0,7542.0,8501.0,7943.0,1372.0,675.0,2590.0,2529.0,2527.0,2529.0
0.0,25703.0,7668.0,7587.0,6330.0,5983.0,1370.0,1644.0,2969.0,2529.0,2529.0,2529.0,2564.0,2560.0,2544.0,8744.0,9433.0,7526.0,1370.0,1644.0,2969.0,2529.0,2529.0,2529.0
0.0,24365.0,7716.0,7588.0,4637.0,9066.0,2604.0,3534.0,2928.0,2530.0,2529.0,2529.0,2602.0,2565.0,2549.0,8746.0,8472.0,7147.0,2604.0,3534.0,2928.0,2530.0,2529.0,2529.0
0.0,21286.0,7539.0,7587.0,5983.0,10618.0,3746.0,4394.0,2478.0,2530.0,2528.0,2529.0,2512.0,2508.0,2519.0,7516.0,6582.0,7188.0,3746.0,4394.0,2478.0,2530.0,2528.0,2529.0
0.0,19730.0,7634.0,7588.0,9066.0,9190.0,3689.0,3410.0,2091.0,2530.0,2529.0,2529.0,2547.0,2546.0,2541.0,6374.0,5718.0,7638.0,3689.0,3410.0,2091.0,2530.0,2529.0,2529.0
0.0,21162.0,7668.0,7589.0,10618.0,6244.0,2482.0,1599.0,2163.0,2530.0,2530.0,2529.0,2539.0,2579.0,2550.0,6431.0,6706.0,8025.0,2482.0,1599.0,2163.0,2530.0,2530.0,2529.0
0.0,24112.0,7749.0,7592.0,9190.0,4815.0,1366.0,769.0,2680.0,2531.0,2531.0,2530.0,2569.0,2576.0,2604.0,7638.0,8521.0,7953.0,1366.0,769.0,2680.0,2531.0,2531.0,2530.0
0.0,25553.0,7663.0,7593.0,6244.0,6238.0,1408.0,1763.0,3067.0,2531.0,2532.0,2530.0,2524.0,2589.0,2550.0,8758.0,9355.0,7440.0,1408.0,1763.0,3067.0,2531.0,2532.0,2530.0
0.0,24134.0,7660.0,7593.0,4815.0,9083.0,2587.0,3548.0,2948.0,2531.0,2532.0,2530.0,2545.0,2554.0,2561.0,8716.0,8365.0,7053.0,2587.0,3548.0,2948.0,2531.0,2532.0,2530.0
0.0,21289.0,7690.0,7593.0,6238.0,10535.0,3720.0,4348.0,2467.0,2531.0,2532.0,2530.0,2541.0,2563.0,2586.0,7537.0,6580.0,7172.0,3720.0,4348.0,2467.0,2531.0,2532.0,2530.0
0.0,19837.0,7659.0,7594.0,9083.0,9115.0,3660.0,3353.0,2102.0,2531.0,2533.0,2530.0,2527.0,2549.0,2583.0,6404.0,5780.0,7653.0,3660.0,3353.0,2102.0,2531.0,2533.0,2530.0
0.0,21261.0,7627.0,7595.0,10535.0,6211.0,2465.0,1568.0,2178.0,2531.0,2534.0,2530.0,2525.0,2559.0,2543.0,6464.0,6779.0,8018.0,2465.0,1568.0,2178.0,2531.0,2534.0,2530.0
0.0,24169.0,7566.0,7595.0,9115.0,4662.0,1316.0,725.0,2621.0,2531.0,2533.0,2531.0,2511.0,2514.0,2541.0,7659.0,8568.0,7942.0,1316.0,725.0,2621.0,2531.0,2533.0,2531.0
0.0,25718.0,7593.0,7593.0,6211.0,6036.0,1393.0,1672.0,2971.0,2531.0,2532.0,2530.0,2542.0,2519.0,2532.0,8808.0,9407.0,7503.0,1393.0,1672.0,2971.0,2531.0,2532.0,2530.0
0.0,24336.0,7615.0,7595.0,4662.0,8997.0,2614.0,3497.0,2886.0,2532.0,2533.0,2530.0,2533.0,2546.0,2536.0,8731.0,8456.0,7149.0,2614.0,3497.0,2886.0,2532.0,2533.0,2530.0
0.0,21383.0,7602.0,7594.0,6036.0,10559.0,3778.0,4333.0,2448.0,2532.0,2532.0,2530.0,2557.0,2512.0,2533.0,7514.0,6635.0,7234.0,3778.0,4333.0,2448.0,2532.0,2532.0,2530.0
0.0,19817.0,7504.0,7591.0,8997.0,9054.0,3649.0,3339.0,2066.0,2531.0,2531.0,2529.0,2489.0,2507.0,2508.0,6350.0,5795.0,7672.0,3649.0,3339.0,2066.0,2531.0,2531.0,2529.0
0.0,21310.0,7752.0,7595.0,10559.0,6263.0,2464.0,1581.0,2218.0,2533.0,2532.0,2530.0,2585.0,2571.0,2596.0,6475.0,6785.0,8050.0,2464.0,1581.0,2218.0,2533.0,2532.0,2530.0
0.0,24117.0,7668.0,7598.0,9054.0,4889.0,1389.0,797.0,2703.0,2534.0,2533.0,2531.0,2570.0,2551.0,2547.0,7668.0,8547.0,7902.0,1389.0,797.0,2703.0,2534.0,2533.0,2531.0
0.0,25503.0,7614.0,7599.0,6263.0,6244.0,1458.0,1729.0,3057.0,2534.0,2533.0,2532.0,2533.0,2513.0,2568.0,8747.0,9335.0,7421.0,1458.0,1729.0,3057.0,2534.0,2533.0,2532.0
0.0,24152.0,7687.0,7602.0,4889.0,9054.0,2639.0,3497.0,2918.0,2535.0,2534.0,2533.0,2566.0,2561.0,2560.0,8678.0,8403.0,7071.0,2639.0,3497.0,2918.0,2535.0,2534.0,2533.0
0.0,21354.0,7583.0,7602.0,6244.0,10393.0,3730.0,4300.0,2363.0,2536.0,2534.0,2532.0,2545.0,2532.0,2506.0,7501.0,6639.0,7214.0,3730.0,4300.0,2363.0,2536.0,2534.0,2532.0
0.0,20015.0,7619.0,7602.0,9054.0,8958.0,3639.0,3335.0,1984.0,2537.0,2533.0,2532.0,2544.0,2536.0,2539.0,6414.0,5836.0,7765.0,3639.0,3335.0,1984.0,2537.0,2533.0,2532.0
0.0,21450.0,7657.0,7604.0,10393.0,6230.0,2469.0,1576.0,2185.0,2537.0,2533.0,2534.0,2560.0,2541.0,2556.0,6509.0,6797.0,8144.0,2469.0,1576.0,2185.0,2537.0,2533.0,2534.0
0.0,24186.0,7633.0,7606.0,8958.0,4913.0,1403.0,777.0,2733.0,2538.0,2534.0,2534.0,2569.0,2532.0,2532.0,7679.0,8556.0,7951.0,1403.0,777.0,2733.0,2538.0,2534.0,2534.0
0.0,25511.0,7673.0,7608.0,6230.0,6364.0,1506.0,1736.0,3122.0,2539.0,2534.0,2535.0,2568.0,2535.0,2570.0,8749.0,9359.0,7403.0,1506.0,1736.0,3122.0,2539.0,2534.0,2535.0
0.0,24068.0,7685.0,7612.0,4913.0,9152.0,2680.0,3510.0,2962.0,2540.0,2535.0,2537.0,2573.0,2547.0,2565.0,8650.0,8400.0,7018.0,2680.0,3510.0,2962.0,2540.0,2535.0,2537.0
0.0,21296.0,7590.0,7612.0,6364.0,10378.0,3737.0,4312.0,2329.0,2541.0,2535.0,2536.0,2559.0,2538.0,2493.0,7480.0,6630.0,7186.0,3737.0,4312.0,2329.0,2541.0,2535.0,2536.0
0.0,20070.0,7751.0,7616.0,9152.0,8993.0,3657.0,3380.0,1956.0,2542.0,2536.0,2538.0,2596.0,2574.0,2581.0,6427.0,5828.0,7815.0,3657.0,3380.0,1956.0,2542.0,2536.0,2538.0
0.0,21471.0,7590.0,7614.0,10378.0,6197.0,2474.0,1583.0,2140.0,2542.0,2535.0,2537.0,2554.0,2519.0,2517.0,6511.0,6764.0,8196.0,2474.0,1583.0,2140.0,2542.0,2535.0,2537.0
0.0,24259.0,7622.0,7617.0,8993.0,4838.0,1382.0,760.0,2696.0,2543.0,2537.0,2537.0,2561.0,2549.0,2512.0,7694.0,8557.0,8008.0,1382.0,760.0,2696.0,2543.0,2537.0,2537.0
0.0,25630.0,7576.0,7616.0,6197.0,6213.0,1442.0,1701.0,3070.0,2543.0,2536.0,2537.0,2534.0,2528.0,2514.0,8790.0,9388.0,7452.0,1442.0,1701.0,3070.0,2543.0,2536.0,2537.0
0.0,24251.0,7604.0,7619.0,4838.0,8991.0,2595.0,3479.0,2917.0,2544.0,2537.0,2538.0,2531.0,2534.0,2539.0,8730.0,8443.0,7078.0,2595.0,3479.0,2917.0,2544.0,2537.0,2538.0
0.0,21485.0,7764.0,7625.0,6213.0,10566.0,3761.0,4374.0,2431.0,2546.0,2539.0,2540.0,2600.0,2588.0,2576.0,7581.0,6669.0,7235.0,3761.0,4374.0,2431.0,2546.0,2539.0,2540.0
0.0,19934.0,7550.0,7626.0,8991.0,9129.0,3682.0,3438.0,2009.0,2546.0,2540.0,2540.0,2516.0,2539.0,2495.0,6423.0,5782.0,7729.0,3682.0,3438.0,2009.0,2546.0,2540.0,2540.0
0.0,21375.0,7651.0,7629.0,10566.0,6226.0,2464.0,1635.0,2127.0,2547.0,2541.0,2541.0,2539.0,2567.0,2545.0,6502.0,6722.0,8151.0,2464.0,1635.0,2127.0,2547.0,2541.0,2541.0
0.0,24290.0,7517.0,7627.0,9129.0,4606.0,1267.0,707.0,2632.0,2546.0,2541.0,2540.0,2489.0,2510.0,2518.0,7724.0,8529.0,8037.0,1267.0,707.0,2632.0,2546.0,2541.0,2540.0
0.0,25902.0,7636.0,7630.0,6226.0,6028.0,1356.0,1642.0,3030.0,2547.0,2542.0,2541.0,2549.0,2566.0,2521.0,8917.0,9457.0,7528.0,1356.0,1642.0,3030.0,2547.0,2542.0,2541.0
0.0,24492.0,7661.0,7632.0,4606.0,9091.0,2645.0,3497.0,2949.0,2547.0,2543.0,2542.0,2556.0,2558.0,2547.0,8832.0,8526.0,7134.0,2645.0,3497.0,2949.0,2547.0,2543.0,2542.0
0.0,21437.0,7588.0,7633.0,6028.0,10655.0,3796.0,4400.0,2459.0,2547.0,2544.0,2542.0,2507.0,2541.0,2540.0,7543.0,6675.0,7219.0,3796.0,4400.0,2459.0,2547.0,2544.0,2542.0
0.0,19877.0,7714.0,7636.0,9091.0,9290.0,3711.0,3489.0,2090.0,2548.0,2545.0,2543.0,2556.0,2582.0,2576.0,6392.0,5776.0,7709.0,3711.0,3489.0,2090.0,2548.0,2545.0,2543.0
0.0,21254.0,7735.0,7639.0,10655.0,6382.0,2485.0,1694.0,2203.0,2548.0,2547.0,2544.0,2570.0,2597.0,2568.0,6481.0,6691.0,8082.0,2485.0,1694.0,2203.0,2548.0,2547.0,2544.0
0.0,24174.0,7753.0,7645.0,9290.0,4869.0,1349.0,812.0,2708.0,2550.0,2549.0,2546.0,2567.0,2599.0,2587.0,7707.0,8494.0,7973.0,1349.0,812.0,2708.0,2550.0,2549.0,2546.0
0.0,25711.0,7732.0,7646.0,6382.0,6223.0,1448.0,1699.0,3076.0,2551.0,2549.0,2546.0,2580.0,2581.0,2571.0,8851.0,9384.0,7476.0,1448.0,1699.0,3076.0,2551.0,2549.0,2546.0
0.0,24361.0,7639.0,7647.0,4869.0,8997.0,2648.0,3445.0,2904.0,2551.0,2550.0,2546.0,2549.0,2554.0,2536.0,8756.0,8497.0,7108.0,2648.0,3445.0,2904.0,2551.0,2550.0,2546.0
0.0,21591.0,7692.0,7648.0,6223.0,10470.0,3750.0,4322.0,2398.0,2551.0,2550.0,2547.0,2550.0,2576.0,2566.0,7556.0,6755.0,7280.0,3750.0,4322.0,2398.0,2551.0,2550.0,2547.0
0.0,20122.0,7744.0,7651.0,8997.0,9229.0,3692.0,3452.0,2085.0,2552.0,2551.0,2548.0,2586.0,2571.0,2587.0,6454.0,5878.0,7790.0,3692.0,3452.0,2085.0,2552.0,2551.0,2548.0
0.0,21375.0,7748.0,7653.0,10470.0,6515.0,2524.0,1707.0,2284.0,2552.0,2552.0,2549.0,2582.0,2573.0,2593.0,6516.0,6752.0,8107.0,2524.0,1707.0,2284.0,2552.0,2552.0,2549.0
0.0,24097.0,7752.0,7653.0,9229.0,5038.0,1421.0,812.0,2805.0,2552.0,2551.0,2550.0,2589.0,2561.0,2602.0,7684.0,8501.0,7912.0,1421.0,812.0,2805.0,2552.0,2551.0,2550.0
0.0,25574.0,7656.0,7652.0,6515.0,6175.0,1451.0,1670.0,3054.0,2552.0,2551.0,2549.0,2554.0,2565.0,2537.0,8787.0,9392.0,7395.0,1451.0,1670.0,3054.0,2552.0,2551.0,2549.0
0.0,24433.0,7701.0,7654.0,5038.0,8846.0,2587.0,3431.0,2828.0,2552.0,2552.0,2550.0,2557.0,2569.0,2575.0,8757.0,8534.0,7142.0,2587.0,3431.0,2828.0,2552.0,2552.0,2550.0
0.0,21770.0,7665.0,7655.0,6175.0,10340.0,3700.0,4307.0,2333.0,2552.0,2552.0,2551.0,2564.0,2546.0,2555.0,7621.0,6777.0,7372.0,3700.0,4307.0,2333.0,2552.0,2552.0,2551.0
0.0,20280.0,7761.0,7656.0,8846.0,9259.0,3719.0,3452.0,2088.0,2553.0,2552.0,2551.0,2602.0,2576.0,2583.0,6508.0,5901.0,7871.0,3719.0,3452.0,2088.0,2553.0,2552.0,2551.0
0.0,21365.0,7826.0,7660.0,10340.0,6761.0,2639.0,1736.0,2386.0,2554.0,2553.0,2553.0,2616.0,2587.0,2623.0,6493.0,6756.0,8116.0,2639.0,1736.0,2386.0,2554.0,2553.0,2553.0
0.0,23879.0,7705.0,7659.0,9259.0,5203.0,1478.0,839.0,2886.0,2553.0,2553.0,2553.0,2562.0,2555.0,2588.0,7577.0,8476.0,7826.0,1478.0,839.0,2886.0,2553.0,2553.0,2553.0
0.0,25433.0,7813.0,7664.0,6761.0,6275.0,1448.0,1699.0,3128.0,2555.0,2554.0,2555.0,2601.0,2592.0,2620.0,8734.0,9373.0,7326.0,1448.0,1699.0,3128.0,2555.0,2554.0,2555.0
0.0,24381.0,7692.0,7665.0,5203.0,8768.0,2542.0,3405.0,2821.0,2555.0,2554.0,2556.0,2572.0,2545.0,2575.0,8772.0,8517.0,7092.0,2542.0,3405.0,2821.0,2555.0,2554.0,2556.0
0.0,21892.0,7775.0,7667.0,6275.0,10276.0,3687.0,4293.0,2296.0,2556.0,2554.0,2557.0,2589.0,2587.0,2599.0,7678.0,6811.0,7403.0,3687.0,4293.0,2296.0,2556.0,2554.0,2557.0
0.0,20392.0,7815.0,7669.0,8768.0,9331.0,3754.0,3489.0,2088.0,2557.0,2555.0,2557.0,2605.0,2597.0,2613.0,6537.0,5923.0,7932.0,3754.0,3489.0,2088.0,2557.0,2555.0,2557.0
0.0,21345.0,7696.0,7669.0,10276.0,6751.0,2618.0,1748.0,2385.0,2557.0,2554.0,2558.0,2551.0,2556.0,2589.0,6474.0,6731.0,8140.0,2618.0,1748.0,2385.0,2557.0,2554.0,2558.0
0.0,23925.0,7680.0,7670.0,9331.0,5104.0,1431.0,806.0,2867.0,2558.0,2554.0,2558.0,2563.0,2547.0,2570.0,7610.0,8468.0,7847.0,1431.0,806.0,2867.0,2558.0,2554.0,2558.0
0.0,25576.0,7599.0,7668.0,6751.0,5944.0,1324.0,1596.0,3024.0,2557.0,2554.0,2557.0,2515.0,2538.0,2546.0,8801.0,9410.0,7365.0,1324.0,1596.0,3024.0,2557.0,2554.0,2557.0
0.0,24728.0,7753.0,7670.0,5104.0,8601.0,2473.0,3357.0,2771.0,2558.0,2554.0,2558.0,2576.0,2567.0,2610.0,8904.0,8620.0,7204.0,2473.0,3357.0,2771.0,2558.0,2554.0,2558.0
0.0,22079.0,7640.0,7670.0,5944.0,10297.0,3689.0,4307.0,2301.0,2558.0,2554.0,2558.0,2540.0,2546.0,2554.0,7759.0,6859.0,7461.0,3689.0,4307.0,2301.0,2558.0,2554.0,2558.0
0.0,20383.0,7830.0,7675.0,8601.0,9546.0,3834.0,3572.0,2140.0,2560.0,2556.0,2559.0,2610.0,2614.0,2606.0,6543.0,5909.0,7931.0,3834.0,3572.0,2140.0,2560.0,2556.0,2559.0
0.0,21154.0,7692.0,7677.0,10297.0,6949.0,2693.0,1836.0,2420.0,2560.0,2557.0,2560.0,2548.0,2567.0,2577.0,6406.0,6652.0,8096.0,2693.0,1836.0,2420.0,2560.0,2557.0,2560.0
0.0,23759.0,7758.0,7679.0,9546.0,5169.0,1447.0,841.0,2881.0,2561.0,2557.0,2561.0,2584.0,2577.0,2597.0,7547.0,8392.0,7820.0,1447.0,841.0,2881.0,2561.0,2557.0,2561.0
0.0,25547.0,7801.0,7684.0,6949.0,6041.0,1388.0,1599.0,3054.0,2563.0,2559.0,2562.0,2626.0,2586.0,2589.0,8797.0,9387.0,7363.0,1388.0,1599.0,3054.0,2563.0,2559.0,2562.0
0.0,24695.0,7731.0,7688.0,5169.0,8619.0,2501.0,3331.0,2787.0,2564.0,2560.0,2564.0,2556.0,2569.0,2606.0,8864.0,8637.0,7194.0,2501.0,3331.0,2787.0,2564.0,2560.0,2564.0
0.0,22133.0,7590.0,7685.0,6041.0,10156.0,3642.0,4254.0,2260.0,2563.0,2559.0,2563.0,2533.0,2526.0,2531.0,7755.0,6909.0,7469.0,3642.0,4254.0,2260.0,2563.0,2559.0,2563.0
0.0,20584.0,7690.0,7685.0,8619.0,9227.0,3718.0,3471.0,2038.0,2563.0,2559.0,2563.0,2577.0,2548.0,2565.0,6610.0,5982.0,7992.0,3718.0,3471.0,2038.0,2563.0,2559.0,2563.0
0.0,21513.0,7771.0,7688.0,10156.0,6854.0,2672.0,1831.0,2351.0,2564.0,2561.0,2563.0,2592.0,2606.0,2573.0,6534.0,6765.0,8214.0,2672.0,1831.0,2351.0,2564.0,2561.0,2563.0
0.0,23898.0,7737.0,7690.0,9227.0,5372.0,1542.0,934.0,2896.0,2565.0,2561.0,2564.0,2584.0,2574.0,2579.0,7584.0,8413.0,7901.0,1542.0,934.0,2896.0,2565.0,2561.0,2564.0
0.0,25388.0,7794.0,7693.0,6854.0,6324.0,1471.0,1711.0,3142.0,2566.0,2562.0,2565.0,2597.0,2604.0,2593.0,8718.0,9310.0,7360.0,1471.0,1711.0,3142.0,2566.0,2562.0,2565.0
0.0,24448.0,7675.0,7694.0,5372.0,8631.0,2520.0,3340.0,2771.0,2566.0,2563.0,2565.0,2591.0,2559.0,2525.0,8793.0,8537.0,7118.0,2520.0,3340.0,2771.0,2566.0,2563.0,2565.0
0.0,22145.0,7740.0,7696.0,6324.0,10055.0,3645.0,4224.0,2186.0,2567.0,2564.0,2565.0,2592.0,2591.0,2557.0,7744.0,6912.0,7489.0,3645.0,4224.0,2186.0,2567.0,2564.0,2565.0
0.0,20729.0,7661.0,7696.0,8631.0,9085.0,3692.0,3441.0,1952.0,2567.0,2564.0,2565.0,2567.0,2557.0,2537.0,6623.0,6032.0,8074.0,3692.0,3441.0,1952.0,2567.0,2564.0,2565.0
0.0,21699.0,7691.0,7697.0,10055.0,6725.0,2617.0,1794.0,2314.0,2567.0,2565.0,2565.0,2570.0,2573.0,2548.0,6576.0,6815.0,8308.0,2617.0,1794.0,2314.0,2567.0,2565.0,2565.0
0.0,24063.0,7758.0,7698.0,9085.0,5402.0,1536.0,929.0,2937.0,2568.0,2565.0,2565.0,2607.0,2576.0,2575.0,7651.0,8466.0,7946.0,1536.0,929.0,2937.0,2568.0,2565.0,2565.0
0.0,25390.0,7686.0,7700.0,6725.0,6371.0,1480.0,1707.0,3184.0,2568.0,2566.0,2566.0,2561.0,2568.0,2557.0,8736.0,9331.0,7323.0,1480.0,1707.0,3184.0,2568.0,2566.0,2566.0
0.0,24429.0,7767.0,7701.0,5402.0,8740.0,2551.0,3389.0,2800.0,2568.0,2567.0,2566.0,2607.0,2607.0,2553.0,8792.0,8557.0,7080.0,2551.0,3389.0,2800.0,2568.0,2567.0,2566.0
0.0,22064.0,7727.0,7703.0,6371.0,10104.0,3642.0,4273.0,2189.0,2568.0,2568.0,2567.0,2571.0,2587.0,2569.0,7721.0,6879.0,7464.0,3642.0,4273.0,2189.0,2568.0,2568.0,2567.0
0.0,20708.0,7693.0,7704.0,8740.0,9061.0,3649.0,3478.0,1934.0,2568.0,2569.0,2567.0,2558.0,2590.0,2545.0,6630.0,5999.0,8079.0,3649.0,3478.0,1934.0,2568.0,2569.0,2567.0
0.0,21755.0,7657.0,7706.0,10104.0,6622.0,2572.0,1759.0,2291.0,2569.0,2569.0,2568.0,2561.0,2554.0,2542.0,6623.0,6798.0,8334.0,2572.0,1759.0,2291.0,2569.0,2569.0,2568.0
0.0,24202.0,7698.0,7708.0,9061.0,5267.0,1499.0,866.0,2902.0,2570.0,2570.0,2568.0,2572.0,2581.0,2545.0,7704.0,8517.0,7981.0,1499.0,866.0,2902.0,2570.0,2570.0,2568.0
0.0,25565.0,7748.0,7707.0,6622.0,6389.0,1510.0,1675.0,3204.0,2569.0,2570.0,2568.0,2587.0,2568.0,2593.0,8781.0,9414.0,7370.0,1510.0,1675.0,3204.0,2569.0,2570.0,2568.0
0.0,24439.0,7694.0,7710.0,5267.0,8828.0,2587.0,3365.0,2876.0,2570.0,2570.0,2570.0,2572.0,2556.0,2566.0,8766.0,8605.0,7068.0,2587.0,3365.0,2876.0,2570.0,2570.0,2570.0
0.0,22012.0,7696.0,7711.0,6389.0,10139.0,3634.0,4263.0,2242.0,2571.0,2570.0,2570.0,2553.0,2573.0,2570.0,7693.0,6915.0,7404.0,3634.0,4263.0,2242.0,2571.0,2570.0,2570.0
0.0,20705.0,7679.0,7714.0,8828.0,9002.0,3614.0,3448.0,1940.0,2572.0,2571.0,2571.0,2563.0,2546.0,2570.0,6650.0,6017.0,8038.0,3614.0,3448.0,1940.0,2572.0,2571.0,2571.0
0.0,21854.0,7723.0,7716.0,10139.0,6594.0,2561.0,1753.0,2280.0,2573.0,2571.0,2572.0,2577.0,2568.0,2578.0,6674.0,6836.0,8344.0,2561.0,1753.0,2280.0,2573.0,2571.0,2572.0
0.0,24270.0,7697.0,7717.0,9002.0,5293.0,1508.0,869.0,2916.0,2573.0,2571.0,2573.0,2561.0,2564.0,2572.0,7731.0,8531.0,8008.0,1508.0,869.0,2916.0,2573.0,2571.0,2573.0
0.0,25575.0,7710.0,7720.0,6594.0,6421.0,1504.0,1691.0,3226.0,2574.0,2572.0,2574.0,2553.0,2571.0,2586.0,8784.0,9415.0,7376.0,1504.0,1691.0,3226.0,2574.0,2572.0,2574.0
0.0,24459.0,7742.0,7719.0,5293.0,8866.0,2572.0,3390.0,2904.0,2574.0,2571.0,2574.0,2576.0,2572.0,2594.0,8792.0,8597.0,7070.0,2572.0,3390.0,2904.0,2574.0,2571.0,2574.0
0.0,22010.0,7789.0,7720.0,6421.0,10238.0,3651.0,4285.0,2302.0,2574.0,2571.0,2575.0,2583.0,2586.0,2620.0,7724.0,6894.0,7392.0,3651.0,4285.0,2302.0,2574.0,2571.0,2575.0
0.0,20642.0,7696.0,7719.0,8866.0,9064.0,3648.0,3447.0,1969.0,2574.0,2570.0,2575.0,2569.0,2556.0,2571.0,6645.0,5999.0,7998.0,3648.0,3447.0,1969.0,2574.0,2570.0,2575.0
0.0,21812.0,7721.0,7719.0,10238.0,6547.0,2575.0,1705.0,2267.0,2574.0,2570.0,2575.0,2578.0,2543.0,2600.0,6648.0,6833.0,8331.0,2575.0,1705.0,2267.0,2574.0,2570.0,2575.0
0.0,24329.0,7817.0,7723.0,9064.0,5316.0,1551.0,853.0,2912.0,2576.0,2570.0,2577.0,2616.0,2595.0,2606.0,7721.0,8575.0,8033.0,1551.0,853.0,2912.0,2576.0,2570.0,2577.0
0.0,25576.0,7756.0,7724.0,6547.0,6529.0,1563.0,1742.0,3224.0,2576.0,2571.0,2577.0,2587.0,2590.0,2579.0,8753.0,9427.0,7396.0,1563.0,1742.0,3224.0,2576.0,2571.0,2577.0
0.0,24367.0,7781.0,7724.0,5316.0,8994.0,2601.0,3465.0,2928.0,2576.0,2571.0,2577.0,2589.0,2576.0,2616.0,8741.0,8542.0,7084.0,2601.0,3465.0,2928.0,2576.0,2571.0,2577.0
0.0,21902.0,7812.0,7727.0,6529.0,10289.0,3637.0,4336.0,2316.0,2577.0,2572.0,2578.0,2595.0,2609.0,2608.0,7703.0,6819.0,7380.0,3637.0,4336.0,2316.0,2577.0,2572.0,2578.0
0.0,20619.0,7783.0,7727.0,8994.0,9078.0,3635.0,3453.0,1990.0,2577.0,2572.0,2578.0,2599.0,2582.0,2602.0,6671.0,5952.0,7996.0,3635.0,3453.0,1990.0,2577.0,2572.0,2578.0
1.0,0.0,291.0,291.0,0.0,1164.0,392.0,396.0,376.0,98.0,99.0,94.0,98.0,99.0,94.0,0.0,0.0,0.0,392.0,396.0,376.0,98.0,99.0,94.0
1.0,0.0,313.0,301.0,0.0,1204.0,408.0,408.0,388.0,102.0,102.0,97.0,107.0,106.0,100.0,0.0,0.0,0.0,408.0,408.0,388.0,102.0,102.0,97.0
1.0,0.0,340.0,315.0,0.0,1260.0,412.0,428.0,420.0,103.0,107.0,105.0,104.0,116.0,120.0,0.0,0.0,0.0,412.0,428.0,420.0,103.0,107.0,105.0
1.0,0.0,340.0,321.0,0.0,1284.0,424.0,432.0,428.0,106.0,108.0,107.0,114.0,113.0,113.0,0.0,0.0,0.0,424.0,432.0,428.0,106.0,108.0,107.0
1.0,0.0,293.0,315.0,3628.0,0.0,0.0,0.0,0.0,106.0,104.0,105.0,106.0,87.0,100.0,0.0,0.0,0.0,0.0,0.0,0.0,106.0,104.0,105.0
1.0,2051.0,308.0,314.0,1284.0,0.0,0.0,0.0,0.0,106.0,103.0,105.0,105.0,99.0,104.0,683.0,711.0,657.0,0.0,0.0,0.0,106.0,103.0,105.0
1.0,3027.0,313.0,314.0,0.0,0.0,0.0,0.0,0.0,106.0,103.0,105.0,108.0,104.0,101.0,1002.0,1044.0,981.0,0.0,0.0,0.0,106.0,103.0,105.0
1.0,2714.0,269.0,309.0,0.0,0.0,0.0,0.0,0.0,104.0,102.0,103.0,89.0,89.0,91.0,894.0,940.0,880.0,0.0,0.0,0.0,104.0,102.0,103.0
1.0,2445.0,300.0,308.0,0.0,0.0,0.0,0.0,0.0,104.0,101.0,103.0,102.0,94.0,104.0,805.0,851.0,789.0,0.0,0.0,0.0,104.0,101.0,103.0
1.0,2145.0,309.0,308.0,0.0,0.0,0.0,0.0,0.0,104.0,101.0,103.0,106.0,104.0,99.0,703.0,757.0,685.0,0.0,0.0,0.0,104.0,101.0,103.0
1.0,1836.0,331.0,310.0,0.0,0.0,0.0,0.0,0.0,104.0,102.0,104.0,108.0,107.0,116.0,597.0,653.0,586.0,0.0,0.0,0.0,104.0,102.0,104.0
1.0,1505.0,325.0,310.0,0.0,86.0,34.0,0.0,52.0,104.0,102.0,104.0,107.0,112.0,106.0,489.0,546.0,470.0,34.0,0.0,52.0,104.0,102.0,104.0
1.0,1180.0,311.0,311.0,0.0,375.0,138.0,68.0,169.0,104.0,102.0,105.0,104.0,94.0,113.0,382.0,434.0,364.0,138.0,68.0,169.0,104.0,102.0,105.0
1.0,869.0,310.0,310.0,86.0,595.0,204.0,176.0,215.0,104.0,102.0,104.0,100.0,108.0,102.0,278.0,340.0,251.0,204.0,176.0,215.0,104.0,102.0,104.0
1.0,645.0,363.0,314.0,375.0,599.0,188.0,224.0,187.0,105.0,103.0,106.0,118.0,112.0,133.0,212.0,232.0,201.0,188.0,224.0,187.0,105.0,103.0,106.0
1.0,657.0,313.0,314.0,595.0,317.0,89.0,151.0,77.0,105.0,103.0,106.0,105.0,103.0,105.0,232.0,188.0,237.0,89.0,151.0,77.0,105.0,103.0,106.0
1.0,939.0,287.0,312.0,599.0,16.0,0.0,16.0,0.0,104.0,102.0,106.0,86.0,93.0,108.0,331.0,261.0,347.0,0.0,16.0,0.0,104.0,102.0,106.0
1.0,1251.0,295.0,312.0,317.0,22.0,0.0,0.0,22.0,104.0,102.0,106.0,97.0,97.0,101.0,433.0,392.0,426.0,0.0,0.0,22.0,104.0,102.0,106.0
1.0,1273.0,310.0,312.0,16.0,269.0,83.0,46.0,140.0,103.0,102.0,107.0,96.0,100.0,114.0,425.0,446.0,402.0,83.0,46.0,140.0,103.0,102.0,107.0
1.0,979.0,340.0,313.0,22.0,591.0,200.0,156.0,235.0,104.0,102.0,107.0,113.0,110.0,117.0,329.0,362.0,288.0,200.0,156.0,235.0,104.0,102.0,107.0
1.0,661.0,329.0,315.0,269.0,659.0,219.0,223.0,217.0,104.0,103.0,108.0,102.0,109.0,118.0,216.0,252.0,193.0,219.0,223.0,217.0,104.0,103.0,108.0
1.0,601.0,357.0,315.0,591.0,425.0,138.0,178.0,109.0,104.0,103.0,108.0,119.0,111.0,127.0,197.0,189.0,215.0,138.0,178.0,109.0,104.0,103.0,108.0
1.0,835.0,266.0,314.0,659.0,49.0,0.0,49.0,0.0,103.0,103.0,108.0,78.0,94.0,94.0,278.0,234.0,323.0,0.0,49.0,0.0,103.0,103.0,108.0
1.0,1228.0,308.0,314.0,425.0,0.0,0.0,0.0,0.0,103.0,103.0,108.0,101.0,103.0,104.0,419.0,363.0,446.0,0.0,0.0,0.0,103.0,103.0,108.0
1.0,1345.0,316.0,314.0,49.0,178.0,56.0,33.0,89.0,103.0,103.0,108.0,100.0,108.0,108.0,456.0,438.0,451.0,56.0,33.0,89.0,103.0,103.0,108.0
1.0,1078.0,313.0,314.0,0.0,491.0,160.0,133.0,198.0,103.0,103.0,108.0,104.0,100.0,109.0,356.0,379.0,343.0,160.0,133.0,198.0,103.0,103.0,108.0
1.0,765.0,296.0,314.0,178.0,609.0,197.0,201.0,211.0,103.0,103.0,108.0,93.0,101.0,102.0,252.0,279.0,234.0,197.0,201.0,211.0,103.0,103.0,108.0
1.0,647.0,349.0,314.0,491.0,467.0,146.0,191.0,130.0,103.0,103.0,108.0,109.0,123.0,117.0,215.0,211.0,221.0,146.0,191.0,130.0,103.0,103.0,108.0
1.0,789.0,323.0,315.0,609.0,185.0,52.0,102.0,31.0,103.0,104.0,108.0,103.0,108.0,112.0,266.0,221.0,302.0,52.0,102.0,31.0,103.0,104.0,108.0
1.0,1075.0,328.0,315.0,467.0,46.0,17.0,19.0,10.0,103.0,104.0,108.0,111.0,108.0,109.0,360.0,314.0,401.0,17.0,19.0,10.0,103.0,104.0,108.0
1.0,1214.0,335.0,315.0,185.0,196.0,76.0,25.0,95.0,103.0,104.0,108.0,111.0,108.0,116.0,395.0,397.0,422.0,76.0,25.0,95.0,103.0,104.0,108.0
1.0,1064.0,354.0,317.0,46.0,512.0,183.0,124.0,205.0,104.0,104.0,109.0,120.0,118.0,116.0,336.0,391.0,337.0,183.0,124.0,205.0,104.0,104.0,109.0
1.0,756.0,305.0,316.0,196.0,617.0,211.0,203.0,203.0,104.0,104.0,108.0,104.0,104.0,97.0,233.0,292.0,231.0,211.0,203.0,203.0,104.0,104.0,108.0
1.0,647.0,304.0,316.0,512.0,409.0,129.0,184.0,96.0,104.0,104.0,108.0,101.0,105.0,98.0,205.0,213.0,229.0,129.0,184.0,96.0,104.0,104.0,108.0
1.0,855.0,352.0,317.0,617.0,148.0,34.0,105.0,9.0,104.0,105.0,108.0,116.0,120.0,116.0,287.0,232.0,336.0,34.0,105.0,9.0,104.0,105.0,108.0
1.0,1120.0,321.0,317.0,409.0,60.0,11.0,25.0,24.0,104.0,105.0,108.0,106.0,104.0,111.0,382.0,315.0,423.0,11.0,25.0,24.0,104.0,105.0,108.0
1.0,1208.0,325.0,317.0,148.0,237.0,84.0,29.0,124.0,104.0,105.0,108.0,107.0,109.0,109.0,405.0,395.0,408.0,84.0,29.0,124.0,104.0,105.0,108.0
1.0,1031.0,320.0,317.0,60.0,497.0,181.0,116.0,200.0,104.0,105.0,108.0,108.0,112.0,100.0,332.0,391.0,308.0,181.0,116.0,200.0,104.0,105.0,108.0
1.0,771.0,335.0,318.0,237.0,599.0,212.0,198.0,189.0,105.0,105.0,108.0,111.0,111.0,113.0,235.0,304.0,232.0,212.0,198.0,189.0,105.0,105.0,108.0
1.0,673.0,321.0,318.0,497.0,423.0,142.0,188.0,93.0,105.0,105.0,108.0,111.0,106.0,104.0,208.0,222.0,243.0,142.0,188.0,93.0,105.0,105.0,108.0
1.0,849.0,389.0,320.0,599.0,221.0,61.0,120.0,40.0,105.0,106.0,109.0,131.0,126.0,132.0,278.0,232.0,339.0,61.0,120.0,40.0,105.0,106.0,109.0
1.0,1059.0,345.0,320.0,423.0,143.0,26.0,53.0,64.0,105.0,106.0,109.0,107.0,121.0,117.0,359.0,304.0,396.0,26.0,53.0,64.0,105.0,106.0,109.0
1.0,1137.0,304.0,320.0,221.0,226.0,71.0,28.0,127.0,105.0,106.0,109.0,106.0,95.0,103.0,394.0,371.0,372.0,71.0,28.0,127.0,105.0,106.0,109.0
1.0,1054.0,300.0,319.0,143.0,379.0,148.0,73.0,158.0,105.0,106.0,108.0,103.0,98.0,99.0,349.0,396.0,309.0,148.0,73.0,158.0,105.0,106.0,108.0
1.0,897.0,292.0,319.0,226.0,445.0,177.0,148.0,120.0,105.0,106.0,108.0,100.0,103.0,89.0,272.0,351.0,274.0,177.0,148.0,120.0,105.0,106.0,108.0
1.0,831.0,339.0,319.0,379.0,405.0,139.0,194.0,72.0,105.0,106.0,108.0,110.0,119.0,110.0,243.0,276.0,312.0,139.0,194.0,72.0,105.0,106.0,108.0
1.0,871.0,337.0,320.0,445.0,301.0,88.0,151.0,62.0,106.0,106.0,108.0,122.0,105.0,110.0,281.0,230.0,360.0,88.0,151.0,62.0,106.0,106.0,108.0
1.0,979.0,322.0,320.0,405.0,218.0,49.0,64.0,105.0,106.0,106.0,108.0,100.0,107.0,115.0,336.0,273.0,370.0,49.0,64.0,105.0,106.0,106.0,108.0
1.0,1062.0,342.0,320.0,301.0,259.0,78.0,25.0,156.0,106.0,106.0,108.0,117.0,112.0,113.0,375.0,360.0,327.0,78.0,25.0,156.0,106.0,106.0,108.0
1.0,1021.0,299.0,320.0,218.0,340.0,132.0,66.0,142.0,106.0,106.0,108.0,103.0,105.0,91.0,346.0,399.0,276.0,132.0,66.0,142.0,106.0,106.0,108.0
1.0,940.0,291.0,320.0,259.0,372.0,154.0,139.0,79.0,106.0,106.0,108.0,100.0,98.0,93.0,292.0,358.0,290.0,154.0,139.0,79.0,106.0,106.0,108.0
1.0,908.0,359.0,320.0,340.0,391.0,140.0,199.0,52.0,106.0,106.0,108.0,118.0,126.0,115.0,270.0,285.0,353.0,140.0,199.0,52.0,106.0,106.0,108.0
1.0,889.0,375.0,321.0,372.0,398.0,115.0,188.0,95.0,106.0,107.0,108.0,129.0,124.0,122.0,284.0,225.0,380.0,115.0,188.0,95.0,106.0,107.0,108.0
1.0,886.0,381.0,323.0,391.0,396.0,111.0,111.0,174.0,107.0,107.0,109.0,132.0,122.0,127.0,309.0,240.0,337.0,111.0,111.0,174.0,107.0,107.0,109.0
1.0,896.0,359.0,323.0,398.0,357.0,112.0,42.0,203.0,107.0,107.0,109.0,116.0,119.0,124.0,317.0,317.0,262.0,112.0,42.0,203.0,107.0,107.0,109.0
1.0,935.0,338.0,323.0,396.0,299.0,113.0,46.0,140.0,107.0,107.0,109.0,112.0,115.0,111.0,316.0,386.0,233.0,113.0,46.0,140.0,107.0,107.0,109.0
1.0,993.0,328.0,323.0,357.0,270.0,119.0,107.0,44.0,107.0,107.0,109.0,118.0,103.0,107.0,315.0,382.0,296.0,119.0,107.0,44.0,107.0,107.0,109.0
1.0,1022.0,374.0,325.0,299.0,353.0,138.0,190.0,25.0,108.0,108.0,109.0,128.0,125.0,121.0,309.0,321.0,392.0,138.0,190.0,25.0,108.0,108.0,109.0
1.0,947.0,328.0,326.0,270.0,415.0,119.0,192.0,104.0,108.0,108.0,110.0,100.0,109.0,119.0,294.0,242.0,411.0,119.0,192.0,104.0,108.0,108.0,110.0
1.0,889.0,341.0,327.0,353.0,407.0,94.0,121.0,192.0,108.0,109.0,110.0,113.0,115.0,113.0,313.0,240.0,336.0,94.0,121.0,192.0,108.0,109.0,110.0
1.0,901.0,325.0,327.0,415.0,317.0,76.0,33.0,208.0,108.0,109.0,110.0,101.0,104.0,120.0,338.0,315.0,248.0,76.0,33.0,208.0,108.0,109.0,110.0
1.0,991.0,374.0,328.0,407.0,288.0,109.0,47.0,132.0,108.0,109.0,111.0,127.0,135.0,112.0,356.0,403.0,232.0,109.0,47.0,132.0,108.0,109.0,111.0
1.0,1024.0,363.0,330.0,317.0,342.0,169.0,140.0,33.0,109.0,110.0,111.0,132.0,122.0,109.0,323.0,389.0,312.0,169.0,140.0,33.0,109.0,110.0,111.0
1.0,978.0,349.0,330.0,288.0,403.0,174.0,206.0,23.0,109.0,110.0,111.0,114.0,113.0,122.0,267.0,300.0,411.0,174.0,206.0,23.0,109.0,110.0,111.0
1.0,917.0,348.0,330.0,342.0,409.0,119.0,184.0,106.0,109.0,110.0,111.0,114.0,118.0,116.0,262.0,234.0,421.0,119.0,184.0,106.0,109.0,110.0,111.0
1.0,911.0,324.0,330.0,403.0,330.0,53.0,85.0,192.0,109.0,110.0,111.0,108.0,107.0,109.0,317.0,256.0,338.0,53.0,85.0,192.0,109.0,110.0,111.0
1.0,990.0,327.0,330.0,409.0,248.0,42.0,15.0,191.0,109.0,110.0,111.0,108.0,114.0,105.0,383.0,355.0,252.0,42.0,15.0,191.0,109.0,110.0,111.0
1.0,1072.0,311.0,330.0,330.0,229.0,92.0,28.0,109.0,109.0,110.0,111.0,103.0,98.0,110.0,394.0,425.0,253.0,92.0,28.0,109.0,109.0,110.0,111.0
1.0,1091.0,381.0,332.0,248.0,370.0,178.0,147.0,45.0,110.0,111.0,111.0,124.0,130.0,127.0,344.0,412.0,335.0,178.0,147.0,45.0,110.0,111.0,111.0
1.0,958.0,348.0,332.0,229.0,489.0,197.0,236.0,56.0,110.0,111.0,111.0,111.0,117.0,120.0,262.0,297.0,399.0,197.0,236.0,56.0,110.0,111.0,111.0
1.0,839.0,331.0,333.0,370.0,454.0,139.0,204.0,111.0,111.0,111.0,111.0,116.0,115.0,100.0,243.0,208.0,388.0,139.0,204.0,111.0,111.0,111.0,111.0
1.0,878.0,325.0,332.0,489.0,286.0,39.0,76.0,171.0,110.0,111.0,111.0,101.0,108.0,116.0,305.0,240.0,333.0,39.0,76.0,171.0,110.0,111.0,111.0
1.0,1042.0,322.0,332.0,454.0,177.0,8.0,0.0,169.0,110.0,111.0,111.0,108.0,105.0,109.0,401.0,368.0,273.0,8.0,0.0,169.0,110.0,111.0,111.0
1.0,1174.0,351.0,333.0,286.0,223.0,97.0,9.0,117.0,111.0,111.0,111.0,124.0,108.0,119.0,432.0,467.0,275.0,97.0,9.0,117.0,111.0,111.0,111.0
1.0,1109.0,327.0,334.0,177.0,377.0,198.0,122.0,57.0,111.0,112.0,111.0,109.0,109.0,109.0,347.0,435.0,327.0,198.0,122.0,57.0,111.0,112.0,111.0
1.0,959.0,352.0,334.0,223.0,506.0,212.0,232.0,62.0,111.0,112.0,111.0,111.0,119.0,122.0,246.0,326.0,387.0,212.0,232.0,62.0,111.0,112.0,111.0
1.0,830.0,323.0,335.0,377.0,456.0,126.0,218.0,112.0,112.0,112.0,111.0,108.0,108.0,107.0,232.0,216.0,382.0,126.0,218.0,112.0,112.0,112.0,111.0
1.0,884.0,320.0,334.0,506.0,266.0,12.0,96.0,158.0,111.0,112.0,111.0,102.0,110.0,108.0,322.0,230.0,332.0,12.0,96.0,158.0,111.0,112.0,111.0
1.0,1070.0,382.0,337.0,456.0,204.0,19.0,13.0,172.0,112.0,113.0,112.0,129.0,131.0,122.0,432.0,352.0,286.0,19.0,13.0,172.0,112.0,113.0,112.0
1.0,1144.0,329.0,336.0,266.0,263.0,116.0,27.0,120.0,112.0,112.0,112.0,109.0,114.0,106.0,429.0,439.0,276.0,116.0,27.0,120.0,112.0,112.0,112.0
1.0,1081.0,357.0,337.0,204.0,420.0,216.0,139.0,65.0,112.0,113.0,112.0,119.0,121.0,117.0,332.0,421.0,328.0,216.0,139.0,65.0,112.0,113.0,112.0
1.0,928.0,328.0,337.0,263.0,485.0,212.0,221.0,52.0,112.0,113.0,112.0,112.0,109.0,107.0,232.0,313.0,383.0,212.0,221.0,52.0,112.0,113.0,112.0
1.0,863.0,352.0,338.0,420.0,421.0,121.0,200.0,100.0,113.0,113.0,112.0,121.0,118.0,113.0,236.0,231.0,396.0,121.0,200.0,100.0,113.0,113.0,112.0
1.0,931.0,335.0,336.0,485.0,263.0,13.0,96.0,154.0,112.0,113.0,111.0,108.0,117.0,110.0,331.0,252.0,348.0,13.0,96.0,154.0,112.0,113.0,111.0
1.0,1081.0,361.0,338.0,421.0,211.0,14.0,20.0,177.0,113.0,113.0,112.0,118.0,124.0,119.0,435.0,356.0,290.0,14.0,20.0,177.0,113.0,113.0,112.0
1.0,1141.0,332.0,338.0,263.0,280.0,111.0,39.0,130.0,113.0,113.0,112.0,110.0,115.0,107.0,438.0,432.0,271.0,111.0,39.0,130.0,113.0,113.0,112.0
1.0,1072.0,272.0,337.0,211.0,337.0,180.0,112.0,45.0,112.0,113.0,112.0,87.0,93.0,92.0,341.0,413.0,318.0,180.0,112.0,45.0,112.0,113.0,112.0
1.0,1011.0,302.0,336.0,280.0,355.0,172.0,171.0,12.0,112.0,113.0,111.0,103.0,98.0,101.0,268.0,340.0,403.0,172.0,171.0,12.0,112.0,113.0,111.0
1.0,989.0,311.0,336.0,337.0,329.0,104.0,159.0,66.0,112.0,113.0,111.0,112.0,100.0,99.0,276.0,281.0,432.0,104.0,159.0,66.0,112.0,113.0,111.0
1.0,1015.0,347.0,338.0,355.0,329.0,55.0,98.0,176.0,113.0,113.0,112.0,119.0,110.0,118.0,344.0,293.0,378.0,55.0,98.0,176.0,113.0,113.0,112.0
1.0,1023.0,325.0,336.0,329.0,317.0,68.0,41.0,208.0,113.0,112.0,111.0,117.0,106.0,102.0,397.0,354.0,272.0,68.0,41.0,208.0,113.0,112.0,111.0
1.0,1027.0,377.0,338.0,329.0,373.0,144.0,66.0,163.0,113.0,113.0,112.0,131.0,119.0,127.0,384.0,407.0,236.0,144.0,66.0,163.0,113.0,113.0,112.0
1.0,979.0,353.0,337.0,317.0,405.0,193.0,148.0,64.0,113.0,113.0,111.0,117.0,123.0,113.0,308.0,386.0,285.0,193.0,148.0,64.0,113.0,113.0,111.0
1.0,943.0,367.0,337.0,373.0,399.0,171.0,210.0,18.0,113.0,113.0,111.0,122.0,128.0,117.0,259.0,304.0,380.0,171.0,210.0,18.0,113.0,113.0,111.0
1.0,949.0,399.0,340.0,405.0,405.0,118.0,202.0,85.0,114.0,114.0,112.0,136.0,136.0,127.0,281.0,242.0,426.0,118.0,202.0,85.0,114.0,114.0,112.0
1.0,955.0,362.0,340.0,399.0,368.0,76.0,112.0,180.0,114.0,114.0,112.0,129.0,120.0,113.0,338.0,254.0,363.0,76.0,112.0,180.0,114.0,114.0,112.0
1.0,992.0,365.0,342.0,405.0,336.0,89.0,31.0,216.0,115.0,114.0,113.0,127.0,121.0,117.0,380.0,344.0,268.0,89.0,31.0,216.0,115.0,114.0,113.0
1.0,1032.0,369.0,342.0,368.0,337.0,129.0,42.0,166.0,115.0,114.0,113.0,116.0,123.0,130.0,371.0,425.0,236.0,129.0,42.0,166.0,115.0,114.0,113.0
1.0,1031.0,375.0,343.0,336.0,380.0,163.0,146.0,71.0,115.0,115.0,113.0,123.0,131.0,121.0,331.0,414.0,286.0,163.0,146.0,71.0,115.0,115.0,113.0
1.0,992.0,368.0,344.0,337.0,415.0,172.0,222.0,21.0,116.0,115.0,113.0,134.0,118.0,116.0,297.0,314.0,381.0,172.0,222.0,21.0,116.0,115.0,113.0
1.0,961.0,383.0,346.0,380.0,426.0,137.0,210.0,79.0,116.0,116.0,114.0,128.0,130.0,125.0,292.0,238.0,431.0,137.0,210.0,79.0,116.0,116.0,114.0
1.0,958.0,407.0,346.0,415.0,418.0,101.0,123.0,194.0,116.0,116.0,114.0,136.0,135.0,136.0,327.0,254.0,377.0,101.0,123.0,194.0,116.0,116.0,114.0
1.0,966.0,379.0,349.0,426.0,383.0,91.0,47.0,245.0,117.0,117.0,115.0,123.0,130.0,126.0,363.0,341.0,262.0,91.0,47.0,245.0,117.0,117.0,115.0
1.0,1013.0,391.0,349.0,418.0,356.0,121.0,51.0,184.0,117.0,117.0,115.0,131.0,127.0,133.0,377.0,421.0,215.0,121.0,51.0,184.0,117.0,117.0,115.0
1.0,1040.0,337.0,348.0,383.0,306.0,147.0,110.0,49.0,117.0,116.0,115.0,117.0,110.0,110.0,347.0,417.0,276.0,147.0,110.0,49.0,117.0,116.0,115.0
1.0,1086.0,416.0,349.0,356.0,372.0,168.0,204.0,0.0,117.0,117.0,115.0,142.0,141.0,133.0,321.0,354.0,411.0,168.0,204.0,0.0,117.0,117.0,115.0
1.0,1026.0,364.0,349.0,306.0,428.0,140.0,219.0,69.0,117.0,117.0,115.0,119.0,125.0,120.0,300.0,264.0,462.0,140.0,219.0,69.0,117.0,117.0,115.0
1.0,968.0,409.0,351.0,372.0,473.0,118.0,144.0,211.0,118.0,117.0,116.0,142.0,129.0,138.0,328.0,249.0,391.0,118.0,144.0,211.0,118.0,117.0,116.0
1.0,931.0,341.0,350.0,428.0,382.0,84.0,35.0,263.0,117.0,117.0,116.0,110.0,110.0,121.0,354.0,324.0,253.0,84.0,35.0,263.0,117.0,117.0,116.0
1.0,1018.0,398.0,351.0,473.0,311.0,102.0,21.0,188.0,118.0,117.0,116.0,132.0,130.0,136.0,384.0,433.0,201.0,102.0,21.0,188.0,118.0,117.0,116.0
1.0,1093.0,342.0,352.0,382.0,275.0,129.0,108.0,38.0,118.0,118.0,116.0,111.0,118.0,113.0,370.0,447.0,276.0,129.0,108.0,38.0,118.0,118.0,116.0
1.0,1133.0,353.0,352.0,311.0,346.0,142.0,204.0,0.0,118.0,118.0,116.0,115.0,117.0,121.0,343.0,364.0,426.0,142.0,204.0,0.0,118.0,118.0,116.0
1.0,1091.0,403.0,352.0,275.0,445.0,148.0,233.0,64.0,118.0,118.0,116.0,135.0,137.0,131.0,330.0,268.0,493.0,148.0,233.0,64.0,118.0,118.0,116.0
1.0,963.0,361.0,353.0,346.0,464.0,129.0,139.0,196.0,118.0,118.0,117.0,123.0,110.0,128.0,324.0,239.0,400.0,129.0,139.0,196.0,118.0,118.0,117.0
1.0,948.0,393.0,353.0,445.0,412.0,111.0,35.0,266.0,118.0,118.0,117.0,130.0,129.0,134.0,343.0,333.0,272.0,111.0,35.0,266.0,118.0,118.0,117.0
1.0,1000.0,408.0,355.0,464.0,364.0,117.0,37.0,210.0,119.0,118.0,118.0,131.0,141.0,136.0,361.0,437.0,202.0,117.0,37.0,210.0,119.0,118.0,118.0
1.0,1056.0,448.0,356.0,412.0,404.0,156.0,156.0,92.0,119.0,119.0,118.0,150.0,150.0,148.0,359.0,435.0,262.0,156.0,156.0,92.0,119.0,119.0,118.0
1.0,1020.0,372.0,358.0,364.0,420.0,164.0,241.0,15.0,120.0,119.0,119.0,121.0,122.0,129.0,320.0,320.0,380.0,164.0,241.0,15.0,120.0,119.0,119.0
1.0,1012.0,375.0,359.0,404.0,395.0,127.0,222.0,46.0,120.0,120.0,119.0,119.0,133.0,123.0,316.0,235.0,461.0,127.0,222.0,46.0,120.0,120.0,119.0
1.0,1041.0,371.0,359.0,420.0,346.0,91.0,103.0,152.0,120.0,120.0,119.0,128.0,122.0,121.0,353.0,258.0,430.0,91.0,103.0,152.0,120.0,120.0,119.0
1.0,1090.0,408.0,359.0,395.0,359.0,94.0,19.0,246.0,120.0,120.0,119.0,130.0,138.0,140.0,389.0,377.0,324.0,94.0,19.0,246.0,120.0,120.0,119.0
1.0,1077.0,334.0,359.0,346.0,347.0,106.0,31.0,210.0,120.0,120.0,119.0,103.0,115.0,116.0,386.0,461.0,230.0,106.0,31.0,210.0,120.0,120.0,119.0
1.0,1089.0,377.0,360.0,359.0,369.0,137.0,133.0,99.0,120.0,120.0,120.0,125.0,121.0,131.0,374.0,449.0,266.0,137.0,133.0,99.0,120.0,120.0,120.0
1.0,1071.0,400.0,362.0,347.0,430.0,166.0,240.0,24.0,121.0,121.0,120.0,131.0,134.0,135.0,343.0,347.0,381.0,166.0,240.0,24.0,121.0,121.0,120.0
1.0,1018.0,383.0,363.0,369.0,448.0,146.0,234.0,68.0,121.0,121.0,121.0,117.0,127.0,139.0,318.0,244.0,456.0,146.0,234.0,68.0,121.0,121.0,121.0
1.0,1004.0,376.0,364.0,430.0,398.0,95.0,127.0,176.0,121.0,122.0,121.0,115.0,129.0,132.0,338.0,250.0,416.0,95.0,127.0,176.0,121.0,122.0,121.0
1.0,1058.0,431.0,366.0,448.0,389.0,93.0,28.0,268.0,122.0,122.0,122.0,140.0,135.0,156.0,389.0,361.0,308.0,93.0,28.0,268.0,122.0,122.0,122.0
1.0,1075.0,354.0,366.0,398.0,345.0,110.0,24.0,211.0,122.0,122.0,122.0,112.0,123.0,119.0,395.0,460.0,220.0,110.0,24.0,211.0,122.0,122.0,122.0
1.0,1119.0,369.0,367.0,389.0,329.0,142.0,118.0,69.0,122.0,123.0,122.0,125.0,118.0,126.0,378.0,464.0,277.0,142.0,118.0,69.0,122.0,123.0,122.0
1.0,1139.0,395.0,368.0,345.0,384.0,161.0,223.0,0.0,122.0,123.0,123.0,129.0,129.0,137.0,346.0,374.0,419.0,161.0,223.0,0.0,122.0,123.0,123.0
1.0,1089.0,385.0,368.0,329.0,439.0,143.0,237.0,59.0,122.0,123.0,123.0,124.0,132.0,129.0,327.0,269.0,493.0,143.0,237.0,59.0,122.0,123.0,123.0
1.0,1033.0,353.0,368.0,384.0,408.0,96.0,140.0,172.0,122.0,123.0,123.0,114.0,126.0,113.0,345.0,255.0,433.0,96.0,140.0,172.0,122.0,123.0,123.0
1.0,1064.0,388.0,369.0,439.0,361.0,83.0,35.0,243.0,123.0,123.0,123.0,126.0,132.0,130.0,392.0,352.0,320.0,83.0,35.0,243.0,123.0,123.0,123.0
1.0,1115.0,360.0,371.0,408.0,321.0,109.0,18.0,194.0,123.0,124.0,124.0,122.0,119.0,119.0,409.0,457.0,249.0,109.0,18.0,194.0,123.0,124.0,124.0
1.0,1163.0,350.0,371.0,361.0,310.0,151.0,99.0,60.0,123.0,124.0,124.0,125.0,116.0,109.0,383.0,478.0,302.0,151.0,99.0,60.0,123.0,124.0,124.0
1.0,1174.0,344.0,371.0,321.0,348.0,150.0,198.0,0.0,123.0,124.0,124.0,108.0,117.0,119.0,341.0,397.0,436.0,150.0,198.0,0.0,123.0,124.0,124.0
1.0,1151.0,366.0,370.0,310.0,385.0,116.0,218.0,51.0,123.0,123.0,124.0,117.0,123.0,126.0,342.0,298.0,511.0,116.0,218.0,51.0,123.0,123.0,124.0
1.0,1095.0,399.0,371.0,348.0,440.0,95.0,154.0,191.0,123.0,124.0,124.0,129.0,130.0,140.0,376.0,274.0,445.0,95.0,154.0,191.0,123.0,124.0,124.0
1.0,1044.0,377.0,374.0,385.0,444.0,105.0,74.0,265.0,124.0,125.0,125.0,122.0,134.0,121.0,397.0,342.0,305.0,105.0,74.0,265.0,124.0,125.0,125.0
1.0,1052.0,342.0,374.0,440.0,346.0,125.0,27.0,194.0,124.0,125.0,125.0,115.0,107.0,120.0,391.0,426.0,235.0,125.0,27.0,194.0,124.0,125.0,125.0
1.0,1150.0,334.0,375.0,444.0,240.0,132.0,69.0,39.0,124.0,125.0,126.0,112.0,116.0,106.0,371.0,473.0,306.0,132.0,69.0,39.0,124.0,125.0,126.0
1.0,1260.0,354.0,374.0,346.0,294.0,130.0,164.0,0.0,124.0,125.0,125.0,123.0,122.0,109.0,364.0,431.0,465.0,130.0,164.0,0.0,124.0,125.0,125.0
1.0,1252.0,376.0,376.0,240.0,388.0,128.0,230.0,30.0,124.0,126.0,126.0,130.0,131.0,115.0,366.0,336.0,550.0,128.0,230.0,30.0,124.0,126.0,126.0
1.0,1116.0,354.0,375.0,294.0,444.0,124.0,182.0,138.0,124.0,126.0,125.0,126.0,116.0,112.0,368.0,274.0,474.0,124.0,182.0,138.0,124.0,126.0,125.0
1.0,1056.0,356.0,376.0,388.0,416.0,127.0,68.0,221.0,125.0,126.0,125.0,127.0,116.0,113.0,372.0,322.0,362.0,127.0,68.0,221.0,125.0,126.0,125.0
1.0,1088.0,379.0,376.0,444.0,351.0,132.0,3.0,216.0,125.0,125.0,126.0,129.0,121.0,129.0,373.0,436.0,279.0,132.0,3.0,216.0,125.0,125.0,126.0
1.0,1153.0,350.0,374.0,416.0,277.0,124.0,46.0,107.0,124.0,125.0,125.0,123.0,111.0,116.0,368.0,497.0,288.0,124.0,46.0,107.0,124.0,125.0,125.0
1.0,1219.0,364.0,375.0,351.0,294.0,112.0,161.0,21.0,124.0,125.0,126.0,120.0,118.0,126.0,372.0,454.0,393.0,112.0,161.0,21.0,124.0,125.0,126.0
1.0,1206.0,368.0,375.0,277.0,385.0,119.0,238.0,28.0,124.0,125.0,126.0,131.0,123.0,114.0,384.0,339.0,483.0,119.0,238.0,28.0,124.0,125.0,126.0
1.0,1115.0,433.0,376.0,294.0,528.0,158.0,224.0,146.0,125.0,125.0,126.0,147.0,147.0,139.0,377.0,262.0,476.0,158.0,224.0,146.0,125.0,125.0,126.0
1.0,976.0,386.0,376.0,385.0,529.0,173.0,109.0,247.0,125.0,125.0,126.0,134.0,123.0,129.0,342.0,276.0,358.0,173.0,109.0,247.0,125.0,125.0,126.0
1.0,975.0,410.0,377.0,528.0,415.0,159.0,21.0,235.0,125.0,126.0,126.0,144.0,132.0,134.0,327.0,391.0,257.0,159.0,21.0,235.0,125.0,126.0,126.0
1.0,1093.0,392.0,378.0,529.0,282.0,126.0,48.0,108.0,126.0,126.0,126.0,136.0,136.0,120.0,341.0,483.0,269.0,126.0,48.0,108.0,126.0,126.0,126.0
1.0,1230.0,388.0,376.0,415.0,247.0,97.0,146.0,4.0,125.0,125.0,126.0,134.0,123.0,131.0,378.0,456.0,396.0,97.0,146.0,4.0,125.0,125.0,126.0
1.0,1257.0,340.0,376.0,282.0,305.0,94.0,206.0,5.0,125.0,125.0,126.0,123.0,108.0,109.0,403.0,354.0,500.0,94.0,206.0,5.0,125.0,125.0,126.0
1.0,1199.0,387.0,377.0,247.0,449.0,134.0,187.0,128.0,126.0,125.0,126.0,133.0,127.0,127.0,406.0,294.0,499.0,134.0,187.0,128.0,126.0,125.0,126.0
1.0,1059.0,389.0,378.0,305.0,537.0,166.0,123.0,248.0,126.0,126.0,126.0,126.0,138.0,125.0,370.0,313.0,376.0,166.0,123.0,248.0,126.0,126.0,126.0
1.0,975.0,371.0,376.0,449.0,451.0,158.0,56.0,237.0,125.0,125.0,126.0,130.0,124.0,117.0,338.0,381.0,256.0,158.0,56.0,237.0,125.0,125.0,126.0
1.0,1053.0,405.0,377.0,537.0,323.0,136.0,73.0,114.0,126.0,125.0,126.0,140.0,140.0,125.0,342.0,444.0,267.0,136.0,73.0,114.0,126.0,125.0,126.0
1.0,1185.0,384.0,376.0,451.0,261.0,118.0,143.0,0.0,126.0,125.0,125.0,140.0,126.0,118.0,368.0,427.0,390.0,118.0,143.0,0.0,126.0,125.0,125.0
1.0,1252.0,402.0,377.0,323.0,335.0,113.0,212.0,10.0,126.0,126.0,125.0,131.0,138.0,133.0,386.0,357.0,509.0,113.0,212.0,10.0,126.0,126.0,125.0
1.0,1173.0,410.0,377.0,261.0,484.0,134.0,211.0,139.0,126.0,126.0,125.0,139.0,142.0,129.0,391.0,292.0,490.0,134.0,211.0,139.0,126.0,126.0,125.0
1.0,1024.0,391.0,378.0,335.0,544.0,162.0,132.0,250.0,127.0,126.0,125.0,137.0,133.0,121.0,370.0,293.0,361.0,162.0,132.0,250.0,127.0,126.0,125.0
1.0,968.0,409.0,380.0,484.0,477.0,173.0,59.0,245.0,127.0,127.0,126.0,145.0,134.0,130.0,346.0,372.0,250.0,173.0,59.0,245.0,127.0,127.0,126.0
1.0,1043.0,410.0,381.0,544.0,347.0,158.0,70.0,119.0,128.0,127.0,126.0,143.0,143.0,124.0,335.0,449.0,259.0,158.0,70.0,119.0,128.0,127.0,126.0
1.0,1177.0,414.0,381.0,477.0,284.0,135.0,145.0,4.0,128.0,127.0,126.0,150.0,134.0,130.0,354.0,438.0,385.0,135.0,145.0,4.0,128.0,127.0,126.0
1.0,1240.0,396.0,381.0,347.0,333.0,113.0,214.0,6.0,128.0,128.0,125.0,136.0,135.0,125.0,377.0,363.0,500.0,113.0,214.0,6.0,128.0,128.0,125.0
1.0,1191.0,427.0,382.0,284.0,480.0,122.0,210.0,148.0,128.0,128.0,126.0,144.0,141.0,142.0,399.0,298.0,494.0,122.0,210.0,148.0,128.0,128.0,126.0
1.0,1048.0,449.0,381.0,333.0,592.0,161.0,141.0,290.0,128.0,127.0,126.0,152.0,149.0,148.0,390.0,302.0,356.0,161.0,141.0,290.0,128.0,127.0,126.0
1.0,932.0,390.0,382.0,480.0,506.0,170.0,71.0,265.0,129.0,128.0,125.0,127.0,136.0,127.0,351.0,367.0,214.0,170.0,71.0,265.0,129.0,128.0,125.0
1.0,1022.0,408.0,383.0,592.0,326.0,146.0,67.0,113.0,129.0,128.0,126.0,137.0,137.0,134.0,346.0,441.0,235.0,146.0,67.0,113.0,129.0,128.0,126.0
1.0,1206.0,408.0,383.0,506.0,241.0,107.0,134.0,0.0,129.0,128.0,126.0,131.0,138.0,139.0,370.0,445.0,391.0,107.0,134.0,0.0,129.0,128.0,126.0
1.0,1304.0,413.0,383.0,326.0,315.0,101.0,201.0,13.0,129.0,128.0,126.0,140.0,134.0,139.0,409.0,378.0,517.0,101.0,201.0,13.0,129.0,128.0,126.0
1.0,1217.0,404.0,385.0,241.0,486.0,124.0,213.0,149.0,130.0,129.0,126.0,126.0,142.0,136.0,415.0,311.0,491.0,124.0,213.0,149.0,130.0,129.0,126.0
1.0,1054.0,421.0,385.0,315.0,592.0,162.0,157.0,273.0,130.0,129.0,126.0,139.0,145.0,137.0,396.0,303.0,355.0,162.0,157.0,273.0,130.0,129.0,126.0
1.0,948.0,448.0,386.0,486.0,558.0,179.0,101.0,278.0,130.0,129.0,127.0,141.0,157.0,150.0,358.0,359.0,231.0,179.0,101.0,278.0,130.0,129.0,127.0
1.0,986.0,416.0,387.0,592.0,386.0,148.0,91.0,147.0,130.0,130.0,127.0,131.0,143.0,142.0,341.0,415.0,230.0,148.0,91.0,147.0,130.0,130.0,127.0
1.0,1162.0,391.0,388.0,558.0,223.0,98.0,124.0,1.0,131.0,130.0,127.0,125.0,134.0,132.0,372.0,429.0,361.0,98.0,124.0,1.0,131.0,130.0,127.0
1.0,1329.0,431.0,387.0,386.0,264.0,78.0,180.0,6.0,130.0,130.0,127.0,132.0,147.0,152.0,426.0,396.0,507.0,78.0,180.0,6.0,130.0,130.0,127.0
1.0,1284.0,409.0,388.0,223.0,454.0,121.0,193.0,140.0,131.0,130.0,127.0,137.0,137.0,135.0,442.0,340.0,502.0,121.0,193.0,140.0,131.0,130.0,127.0
1.0,1098.0,394.0,389.0,264.0,588.0,171.0,151.0,266.0,131.0,131.0,127.0,128.0,134.0,132.0,403.0,327.0,368.0,171.0,151.0,266.0,131.0,131.0,127.0
1.0,968.0,430.0,389.0,454.0,564.0,180.0,108.0,276.0,131.0,131.0,127.0,130.0,150.0,150.0,353.0,373.0,242.0,180.0,108.0,276.0,131.0,131.0,127.0
1.0,992.0,401.0,390.0,588.0,381.0,141.0,94.0,146.0,131.0,131.0,128.0,132.0,137.0,132.0,344.0,416.0,232.0,141.0,94.0,146.0,131.0,131.0,128.0
1.0,1179.0,385.0,390.0,564.0,202.0,79.0,117.0,6.0,131.0,131.0,128.0,118.0,131.0,136.0,383.0,430.0,366.0,79.0,117.0,6.0,131.0,131.0,128.0
1.0,1358.0,426.0,390.0,381.0,247.0,77.0,162.0,8.0,131.0,131.0,128.0,139.0,139.0,148.0,445.0,407.0,506.0,77.0,162.0,8.0,131.0,131.0,128.0
1.0,1313.0,381.0,392.0,202.0,434.0,110.0,184.0,140.0,131.0,132.0,129.0,112.0,135.0,134.0,447.0,362.0,504.0,110.0,184.0,140.0,131.0,132.0,129.0
1.0,1134.0,392.0,392.0,247.0,579.0,150.0,157.0,272.0,131.0,132.0,129.0,117.0,135.0,140.0,414.0,344.0,376.0,150.0,157.0,272.0,131.0,132.0,129.0
1.0,989.0,416.0,394.0,434.0,569.0,178.0,110.0,281.0,132.0,132.0,130.0,134.0,137.0,145.0,374.0,371.0,244.0,178.0,110.0,281.0,132.0,132.0,130.0
1.0,1007.0,386.0,395.0,579.0,380.0,140.0,99.0,141.0,132.0,133.0,130.0,112.0,142.0,132.0,350.0,418.0,239.0,140.0,99.0,141.0,132.0,133.0,130.0
1.0,1200.0,467.0,396.0,569.0,282.0,109.0,158.0,15.0,132.0,134.0,130.0,147.0,165.0,155.0,388.0,433.0,379.0,109.0,158.0,15.0,132.0,134.0,130.0
1.0,1302.0,419.0,396.0,380.0,321.0,112.0,202.0,7.0,132.0,134.0,130.0,143.0,143.0,133.0,419.0,378.0,505.0,112.0,202.0,7.0,132.0,134.0,130.0
1.0,1263.0,455.0,398.0,282.0,502.0,157.0,191.0,154.0,133.0,134.0,131.0,150.0,147.0,158.0,416.0,334.0,513.0,157.0,191.0,154.0,133.0,134.0,131.0
1.0,1090.0,389.0,400.0,321.0,578.0,168.0,119.0,291.0,133.0,135.0,132.0,123.0,126.0,140.0,375.0,345.0,370.0,168.0,119.0,291.0,133.0,135.0,132.0
1.0,1022.0,387.0,400.0,502.0,463.0,147.0,45.0,271.0,133.0,135.0,132.0,136.0,117.0,134.0,364.0,421.0,237.0,147.0,45.0,271.0,133.0,135.0,132.0
1.0,1137.0,385.0,400.0,578.0,270.0,103.0,49.0,118.0,133.0,134.0,133.0,124.0,127.0,134.0,385.0,495.0,257.0,103.0,49.0,118.0,133.0,134.0,133.0
1.0,1330.0,409.0,402.0,463.0,233.0,97.0,136.0,0.0,134.0,135.0,133.0,137.0,128.0,144.0,429.0,487.0,414.0,97.0,136.0,0.0,134.0,135.0,133.0
1.0,1384.0,356.0,401.0,270.0,309.0,108.0,201.0,0.0,133.0,135.0,133.0,118.0,114.0,124.0,439.0,404.0,541.0,108.0,201.0,0.0,133.0,135.0,133.0
1.0,1298.0,410.0,402.0,233.0,487.0,164.0,191.0,132.0,134.0,135.0,133.0,149.0,126.0,135.0,424.0,339.0,535.0,164.0,191.0,132.0,134.0,135.0,133.0
1.0,1121.0,413.0,403.0,309.0,595.0,193.0,125.0,277.0,134.0,135.0,134.0,137.0,135.0,141.0,372.0,349.0,400.0,193.0,125.0,277.0,134.0,135.0,134.0
1.0,1017.0,424.0,404.0,487.0,536.0,175.0,71.0,290.0,134.0,136.0,134.0,146.0,133.0,145.0,343.0,415.0,259.0,175.0,71.0,290.0,134.0,136.0,134.0
1.0,1080.0,440.0,406.0,595.0,389.0,133.0,90.0,166.0,135.0,136.0,135.0,147.0,144.0,149.0,361.0,473.0,246.0,133.0,90.0,166.0,135.0,136.0,135.0
1.0,1235.0,384.0,404.0,536.0,229.0,80.0,138.0,11.0,134.0,135.0,135.0,126.0,123.0,135.0,407.0,454.0,374.0,80.0,138.0,11.0,134.0,135.0,135.0
1.0,1387.0,427.0,405.0,389.0,279.0,85.0,194.0,0.0,134.0,136.0,135.0,138.0,142.0,147.0,456.0,402.0,529.0,85.0,194.0,0.0,134.0,136.0,135.0
1.0,1349.0,404.0,405.0,229.0,446.0,145.0,180.0,121.0,134.0,136.0,135.0,140.0,124.0,140.0,451.0,350.0,548.0,145.0,180.0,121.0,134.0,136.0,135.0
1.0,1174.0,378.0,404.0,279.0,541.0,197.0,105.0,239.0,134.0,135.0,135.0,137.0,123.0,118.0,391.0,364.0,419.0,197.0,105.0,239.0,134.0,135.0,135.0
1.0,1075.0,422.0,406.0,446.0,525.0,191.0,69.0,265.0,134.0,136.0,136.0,139.0,140.0,143.0,339.0,435.0,301.0,191.0,69.0,265.0,134.0,136.0,136.0
1.0,1099.0,383.0,407.0,541.0,371.0,132.0,90.0,149.0,135.0,136.0,136.0,134.0,126.0,123.0,345.0,475.0,279.0,132.0,90.0,149.0,135.0,136.0,136.0
1.0,1257.0,453.0,408.0,525.0,303.0,94.0,174.0,35.0,135.0,137.0,136.0,153.0,149.0,151.0,408.0,454.0,395.0,94.0,174.0,35.0,135.0,137.0,136.0
1.0,1329.0,409.0,408.0,371.0,341.0,102.0,209.0,30.0,135.0,136.0,137.0,140.0,129.0,140.0,446.0,374.0,509.0,102.0,209.0,30.0,135.0,136.0,137.0
1.0,1291.0,429.0,410.0,303.0,475.0,160.0,179.0,136.0,136.0,137.0,137.0,148.0,140.0,141.0,438.0,335.0,518.0,160.0,179.0,136.0,136.0,137.0,137.0
1.0,1165.0,423.0,410.0,341.0,557.0,209.0,106.0,242.0,136.0,137.0,137.0,151.0,136.0,136.0,384.0,369.0,412.0,209.0,106.0,242.0,136.0,137.0,137.0
1.0,1083.0,394.0,410.0,475.0,476.0,188.0,56.0,232.0,136.0,137.0,137.0,139.0,129.0,126.0,335.0,442.0,306.0,188.0,56.0,232.0,136.0,137.0,137.0
1.0,1164.0,434.0,411.0,557.0,357.0,127.0,87.0,143.0,136.0,137.0,138.0,148.0,137.0,149.0,356.0,492.0,316.0,127.0,87.0,143.0,136.0,137.0,138.0
1.0,1287.0,452.0,412.0,476.0,337.0,100.0,175.0,62.0,137.0,137.0,138.0,157.0,144.0,151.0,417.0,461.0,409.0,100.0,175.0,62.0,137.0,137.0,138.0
1.0,1311.0,443.0,413.0,357.0,427.0,119.0,237.0,71.0,137.0,137.0,139.0,146.0,149.0,148.0,448.0,373.0,490.0,119.0,237.0,71.0,137.0,137.0,139.0
1.0,1225.0,431.0,413.0,337.0,521.0,173.0,198.0,150.0,137.0,137.0,139.0,154.0,136.0,141.0,429.0,311.0,485.0,173.0,198.0,150.0,137.0,137.0,139.0
1.0,1131.0,435.0,413.0,427.0,529.0,207.0,102.0,220.0,137.0,137.0,139.0,153.0,141.0,141.0,375.0,350.0,406.0,207.0,102.0,220.0,137.0,137.0,139.0
1.0,1123.0,446.0,414.0,521.0,458.0,183.0,55.0,220.0,137.0,137.0,140.0,149.0,151.0,146.0,341.0,446.0,336.0,183.0,55.0,220.0,137.0,137.0,140.0
1.0,1198.0,460.0,416.0,529.0,397.0,141.0,105.0,151.0,138.0,138.0,140.0,161.0,148.0,151.0,365.0,493.0,340.0,141.0,105.0,151.0,138.0,138.0,140.0
1.0,1267.0,433.0,416.0,458.0,372.0,105.0,197.0,70.0,138.0,138.0,140.0,147.0,147.0,139.0,411.0,447.0,409.0,105.0,197.0,70.0,138.0,138.0,140.0
1.0,1292.0,446.0,415.0,397.0,417.0,120.0,226.0,71.0,138.0,137.0,140.0,156.0,138.0,152.0,447.0,355.0,490.0,120.0,226.0,71.0,138.0,137.0,140.0
1.0,1243.0,429.0,415.0,372.0,474.0,168.0,162.0,144.0,138.0,137.0,140.0,153.0,133.0,143.0,432.0,322.0,489.0,168.0,162.0,144.0,138.0,137.0,140.0
1.0,1186.0,437.0,417.0,417.0,502.0,206.0,91.0,205.0,139.0,138.0,140.0,154.0,151.0,132.0,384.0,386.0,416.0,206.0,91.0,205.0,139.0,138.0,140.0
1.0,1166.0,451.0,418.0,474.0,483.0,194.0,74.0,215.0,139.0,138.0,141.0,156.0,145.0,150.0,350.0,461.0,355.0,194.0,74.0,215.0,139.0,138.0,141.0
1.0,1189.0,405.0,417.0,502.0,382.0,133.0,117.0,132.0,139.0,138.0,140.0,145.0,134.0,126.0,362.0,478.0,349.0,133.0,117.0,132.0,139.0,138.0,140.0
1.0,1286.0,397.0,417.0,483.0,296.0,71.0,179.0,46.0,139.0,138.0,140.0,132.0,136.0,129.0,423.0,435.0,428.0,71.0,179.0,46.0,139.0,138.0,140.0
1.0,1372.0,405.0,417.0,382.0,319.0,71.0,204.0,44.0,139.0,138.0,140.0,133.0,142.0,130.0,485.0,373.0,514.0,71.0,204.0,44.0,139.0,138.0,140.0
1.0,1349.0,433.0,416.0,296.0,452.0,141.0,171.0,140.0,139.0,137.0,140.0,141.0,150.0,142.0,485.0,348.0,516.0,141.0,171.0,140.0,139.0,137.0,140.0
1.0,1212.0,490.0,418.0,319.0,631.0,243.0,134.0,254.0,140.0,138.0,140.0,169.0,163.0,158.0,415.0,377.0,420.0,243.0,134.0,254.0,140.0,138.0,140.0
1.0,1041.0,437.0,418.0,452.0,616.0,251.0,103.0,262.0,140.0,138.0,140.0,149.0,140.0,148.0,317.0,418.0,306.0,251.0,103.0,262.0,140.0,138.0,140.0
1.0,1056.0,387.0,418.0,631.0,372.0,135.0,102.0,135.0,140.0,138.0,140.0,127.0,133.0,127.0,309.0,449.0,298.0,135.0,102.0,135.0,140.0,138.0,140.0
1.0,1300.0,426.0,418.0,616.0,182.0,18.0,148.0,16.0,140.0,138.0,140.0,134.0,149.0,143.0,425.0,450.0,425.0,18.0,148.0,16.0,140.0,138.0,140.0
1.0,1490.0,473.0,420.0,372.0,291.0,43.0,208.0,40.0,141.0,138.0,141.0,156.0,162.0,155.0,542.0,404.0,544.0,43.0,208.0,40.0,141.0,138.0,141.0
1.0,1389.0,437.0,420.0,182.0,546.0,166.0,217.0,163.0,141.0,139.0,140.0,141.0,153.0,143.0,521.0,344.0,524.0,166.0,217.0,163.0,141.0,139.0,140.0
1.0,1134.0,419.0,420.0,291.0,674.0,259.0,162.0,253.0,141.0,139.0,140.0,136.0,153.0,130.0,398.0,339.0,397.0,259.0,162.0,253.0,141.0,139.0,140.0
1.0,1006.0,447.0,422.0,546.0,583.0,242.0,97.0,244.0,142.0,139.0,141.0,145.0,152.0,150.0,305.0,394.0,307.0,242.0,97.0,244.0,142.0,139.0,141.0
1.0,1105.0,450.0,423.0,674.0,363.0,136.0,92.0,135.0,142.0,140.0,141.0,153.0,153.0,144.0,326.0,459.0,320.0,136.0,92.0,135.0,142.0,140.0,141.0
1.0,1329.0,438.0,423.0,583.0,218.0,37.0,149.0,32.0,142.0,140.0,141.0,143.0,154.0,141.0,432.0,468.0,429.0,37.0,149.0,32.0,142.0,140.0,141.0
1.0,1474.0,454.0,424.0,363.0,313.0,50.0,218.0,45.0,143.0,140.0,141.0,145.0,161.0,148.0,531.0,411.0,532.0,50.0,218.0,45.0,143.0,140.0,141.0
1.0,1383.0,409.0,424.0,218.0,504.0,151.0,210.0,143.0,143.0,140.0,141.0,138.0,141.0,130.0,522.0,342.0,519.0,151.0,210.0,143.0,143.0,140.0,141.0
1.0,1192.0,421.0,424.0,313.0,612.0,234.0,132.0,246.0,143.0,140.0,141.0,133.0,140.0,148.0,421.0,350.0,421.0,234.0,132.0,246.0,143.0,140.0,141.0
1.0,1084.0,438.0,424.0,504.0,546.0,219.0,80.0,247.0,143.0,140.0,141.0,136.0,158.0,144.0,338.0,428.0,318.0,219.0,80.0,247.0,143.0,140.0,141.0
1.0,1150.0,413.0,424.0,612.0,347.0,111.0,92.0,144.0,143.0,140.0,141.0,126.0,144.0,143.0,353.0,480.0,317.0,111.0,92.0,144.0,143.0,140.0,141.0
1.0,1349.0,382.0,422.0,546.0,175.0,14.0,142.0,19.0,142.0,140.0,140.0,126.0,130.0,126.0,461.0,468.0,420.0,14.0,142.0,19.0,142.0,140.0,140.0
1.0,1513.0,434.0,423.0,347.0,266.0,47.0,203.0,16.0,143.0,140.0,140.0,140.0,153.0,141.0,554.0,418.0,541.0,47.0,203.0,16.0,143.0,140.0,140.0
1.0,1426.0,426.0,424.0,175.0,521.0,166.0,221.0,134.0,143.0,141.0,140.0,133.0,156.0,137.0,525.0,357.0,544.0,166.0,221.0,134.0,143.0,141.0,140.0
1.0,1175.0,424.0,425.0,266.0,683.0,256.0,172.0,255.0,143.0,142.0,140.0,137.0,150.0,137.0,406.0,343.0,426.0,256.0,172.0,255.0,143.0,142.0,140.0
1.0,1017.0,431.0,425.0,521.0,593.0,235.0,97.0,261.0,143.0,142.0,140.0,145.0,146.0,140.0,316.0,396.0,305.0,235.0,97.0,261.0,143.0,142.0,140.0
1.0,1107.0,415.0,427.0,683.0,333.0,106.0,79.0,148.0,143.0,143.0,141.0,127.0,150.0,138.0,337.0,471.0,299.0,106.0,79.0,148.0,143.0,143.0,141.0
1.0,1375.0,435.0,427.0,593.0,175.0,9.0,121.0,45.0,143.0,143.0,141.0,138.0,139.0,158.0,466.0,493.0,416.0,9.0,121.0,45.0,143.0,143.0,141.0
1.0,1533.0,426.0,427.0,333.0,268.0,32.0,187.0,49.0,143.0,143.0,141.0,129.0,145.0,152.0,563.0,451.0,519.0,32.0,187.0,49.0,143.0,143.0,141.0
1.0,1440.0,381.0,426.0,175.0,470.0,146.0,189.0,135.0,142.0,143.0,141.0,127.0,123.0,131.0,540.0,385.0,515.0,146.0,189.0,135.0,142.0,143.0,141.0
1.0,1234.0,431.0,426.0,268.0,633.0,253.0,151.0,229.0,142.0,143.0,141.0,139.0,149.0,143.0,422.0,383.0,429.0,253.0,151.0,229.0,142.0,143.0,141.0
1.0,1071.0,449.0,428.0,470.0,620.0,255.0,115.0,250.0,143.0,144.0,141.0,144.0,149.0,156.0,315.0,421.0,335.0,255.0,115.0,250.0,143.0,144.0,141.0
1.0,1092.0,442.0,428.0,633.0,429.0,149.0,109.0,171.0,143.0,144.0,141.0,147.0,145.0,150.0,317.0,461.0,314.0,149.0,109.0,171.0,143.0,144.0,141.0
1.0,1283.0,433.0,428.0,620.0,242.0,36.0,137.0,69.0,143.0,144.0,141.0,142.0,143.0,148.0,423.0,467.0,393.0,36.0,137.0,69.0,143.0,144.0,141.0
1.0,1470.0,459.0,430.0,429.0,280.0,41.0,187.0,52.0,143.0,145.0,142.0,154.0,155.0,150.0,536.0,439.0,495.0,41.0,187.0,52.0,143.0,145.0,142.0
1.0,1440.0,434.0,430.0,242.0,472.0,144.0,187.0,141.0,143.0,145.0,142.0,139.0,137.0,158.0,531.0,393.0,516.0,144.0,187.0,141.0,143.0,145.0,142.0
1.0,1248.0,435.0,431.0,280.0,631.0,247.0,149.0,235.0,143.0,145.0,143.0,144.0,149.0,142.0,428.0,393.0,427.0,247.0,149.0,235.0,143.0,145.0,143.0
1.0,1093.0,503.0,432.0,472.0,666.0,277.0,129.0,260.0,144.0,145.0,143.0,170.0,167.0,166.0,325.0,431.0,337.0,277.0,129.0,260.0,144.0,145.0,143.0
1.0,1062.0,445.0,432.0,631.0,480.0,183.0,116.0,181.0,144.0,145.0,143.0,153.0,136.0,156.0,299.0,451.0,312.0,183.0,116.0,181.0,144.0,145.0,143.0
1.0,1248.0,470.0,434.0,666.0,292.0,67.0,142.0,83.0,144.0,146.0,144.0,161.0,151.0,158.0,393.0,464.0,391.0,67.0,142.0,83.0,144.0,146.0,144.0
1.0,1444.0,525.0,436.0,480.0,345.0,43.0,209.0,93.0,144.0,147.0,145.0,159.0,179.0,187.0,509.0,442.0,493.0,43.0,209.0,93.0,144.0,147.0,145.0
1.0,1399.0,517.0,438.0,292.0,578.0,153.0,235.0,190.0,145.0,147.0,146.0,173.0,168.0,176.0,533.0,379.0,487.0,153.0,235.0,190.0,145.0,147.0,146.0
1.0,1174.0,490.0,439.0,345.0,727.0,276.0,187.0,264.0,145.0,148.0,146.0,166.0,157.0,167.0,427.0,353.0,394.0,276.0,187.0,264.0,145.0,148.0,146.0
1.0,1029.0,494.0,440.0,578.0,647.0,296.0,111.0,240.0,146.0,148.0,146.0,169.0,159.0,166.0,304.0,405.0,320.0,296.0,111.0,240.0,146.0,148.0,146.0
1.0,1113.0,461.0,440.0,727.0,381.0,182.0,69.0,130.0,146.0,148.0,146.0,162.0,145.0,154.0,288.0,481.0,344.0,182.0,69.0,130.0,146.0,148.0,146.0
1.0,1379.0,423.0,441.0,647.0,161.0,25.0,90.0,46.0,146.0,148.0,147.0,139.0,132.0,152.0,402.0,523.0,454.0,25.0,90.0,46.0,146.0,148.0,147.0
1.0,1603.0,539.0,442.0,381.0,323.0,19.0,193.0,111.0,146.0,148.0,148.0,176.0,172.0,191.0,559.0,502.0,542.0,19.0,193.0,111.0,146.0,148.0,148.0
1.0,1445.0,478.0,443.0,161.0,644.0,153.0,268.0,223.0,146.0,149.0,148.0,159.0,161.0,158.0,565.0,399.0,481.0,153.0,268.0,223.0,146.0,149.0,148.0
1.0,1128.0,489.0,444.0,323.0,814.0,314.0,227.0,273.0,147.0,149.0,148.0,176.0,152.0,161.0,431.0,328.0,369.0,314.0,227.0,273.0,147.0,149.0,148.0
1.0,962.0,501.0,445.0,644.0,675.0,328.0,117.0,230.0,147.0,149.0,149.0,167.0,158.0,176.0,274.0,369.0,319.0,328.0,117.0,230.0,147.0,149.0,149.0
1.0,1105.0,471.0,445.0,814.0,332.0,180.0,35.0,117.0,147.0,149.0,149.0,166.0,145.0,160.0,260.0,479.0,366.0,180.0,35.0,117.0,147.0,149.0,149.0
1.0,1448.0,441.0,445.0,675.0,99.0,0.0,59.0,40.0,147.0,149.0,149.0,147.0,141.0,153.0,408.0,561.0,479.0,0.0,59.0,40.0,147.0,149.0,149.0
1.0,1682.0,523.0,446.0,332.0,299.0,0.0,191.0,108.0,147.0,149.0,150.0,175.0,167.0,181.0,589.0,537.0,556.0,0.0,191.0,108.0,147.0,149.0,150.0
1.0,1491.0,498.0,448.0,99.0,700.0,169.0,295.0,236.0,148.0,150.0,150.0,171.0,159.0,168.0,594.0,405.0,492.0,169.0,295.0,236.0,148.0,150.0,150.0
1.0,1092.0,469.0,449.0,299.0,874.0,332.0,253.0,289.0,148.0,150.0,151.0,163.0,149.0,157.0,423.0,305.0,364.0,332.0,253.0,289.0,148.0,150.0,151.0
1.0,922.0,486.0,451.0,700.0,668.0,327.0,114.0,227.0,149.0,150.0,152.0,160.0,156.0,170.0,260.0,347.0,315.0,327.0,114.0,227.0,149.0,150.0,152.0
1.0,1136.0,517.0,453.0,874.0,319.0,172.0,26.0,121.0,149.0,151.0,153.0,177.0,161.0,179.0,269.0,486.0,381.0,172.0,26.0,121.0,149.0,151.0,153.0
1.0,1493.0,490.0,454.0,668.0,145.0,10.0,74.0,61.0,150.0,151.0,153.0,161.0,162.0,167.0,424.0,578.0,491.0,10.0,74.0,61.0,150.0,151.0,153.0
1.0,1671.0,456.0,454.0,319.0,283.0,0.0,190.0,93.0,150.0,151.0,153.0,161.0,142.0,153.0,590.0,530.0,551.0,0.0,190.0,93.0,150.0,151.0,153.0
1.0,1534.0,481.0,454.0,145.0,618.0,157.0,267.0,194.0,150.0,151.0,153.0,168.0,151.0,162.0,601.0,414.0,519.0,157.0,267.0,194.0,150.0,151.0,153.0
1.0,1198.0,492.0,456.0,283.0,835.0,332.0,231.0,272.0,151.0,151.0,154.0,171.0,154.0,167.0,443.0,337.0,418.0,332.0,231.0,272.0,151.0,151.0,154.0
1.0,989.0,471.0,456.0,618.0,688.0,336.0,115.0,237.0,151.0,151.0,154.0,161.0,151.0,159.0,272.0,373.0,344.0,336.0,115.0,237.0,151.0,151.0,154.0
1.0,1136.0,454.0,456.0,835.0,307.0,159.0,32.0,116.0,151.0,151.0,154.0,155.0,148.0,151.0,268.0,489.0,379.0,159.0,32.0,116.0,151.0,151.0,154.0
1.0,1517.0,411.0,455.0,688.0,68.0,0.0,41.0,27.0,151.0,150.0,154.0,135.0,128.0,148.0,445.0,572.0,500.0,0.0,41.0,27.0,151.0,150.0,154.0
1.0,1794.0,472.0,457.0,307.0,236.0,0.0,157.0,79.0,152.0,150.0,155.0,160.0,148.0,164.0,646.0,559.0,589.0,0.0,157.0,79.0,152.0,150.0,155.0
1.0,1629.0,472.0,458.0,68.0,607.0,113.0,288.0,206.0,152.0,151.0,155.0,150.0,168.0,154.0,645.0,443.0,541.0,113.0,288.0,206.0,152.0,151.0,155.0
1.0,1225.0,429.0,458.0,236.0,800.0,250.0,274.0,276.0,152.0,151.0,155.0,137.0,143.0,149.0,495.0,316.0,414.0,250.0,274.0,276.0,152.0,151.0,155.0
1.0,1032.0,458.0,457.0,607.0,647.0,297.0,134.0,216.0,152.0,150.0,155.0,160.0,152.0,146.0,358.0,330.0,344.0,297.0,134.0,216.0,152.0,150.0,155.0
1.0,1181.0,488.0,458.0,800.0,339.0,210.0,21.0,108.0,152.0,150.0,156.0,163.0,161.0,164.0,311.0,466.0,404.0,210.0,21.0,108.0,152.0,150.0,156.0
1.0,1493.0,450.0,459.0,647.0,146.0,62.0,42.0,42.0,152.0,151.0,156.0,149.0,151.0,150.0,398.0,579.0,516.0,62.0,42.0,42.0,152.0,151.0,156.0
1.0,1690.0,443.0,460.0,339.0,256.0,0.0,180.0,76.0,153.0,151.0,156.0,142.0,159.0,142.0,546.0,562.0,582.0,0.0,180.0,76.0,153.0,151.0,156.0
1.0,1586.0,470.0,460.0,146.0,578.0,88.0,301.0,189.0,153.0,151.0,156.0,152.0,163.0,155.0,614.0,424.0,548.0,88.0,301.0,189.0,153.0,151.0,156.0
1.0,1262.0,441.0,460.0,256.0,763.0,232.0,270.0,261.0,153.0,151.0,156.0,144.0,149.0,148.0,524.0,303.0,435.0,232.0,270.0,261.0,153.0,151.0,156.0
1.0,1077.0,425.0,462.0,578.0,618.0,289.0,119.0,210.0,154.0,152.0,156.0,141.0,146.0,138.0,380.0,334.0,363.0,289.0,119.0,210.0,154.0,152.0,156.0
1.0,1230.0,485.0,463.0,763.0,344.0,206.0,17.0,121.0,154.0,152.0,157.0,149.0,168.0,168.0,327.0,489.0,414.0,206.0,17.0,121.0,154.0,152.0,157.0
1.0,1508.0,476.0,463.0,618.0,202.0,73.0,65.0,64.0,154.0,152.0,157.0,156.0,167.0,153.0,410.0,591.0,507.0,73.0,65.0,64.0,154.0,152.0,157.0
1.0,1650.0,479.0,465.0,344.0,345.0,29.0,212.0,104.0,155.0,152.0,158.0,158.0,164.0,157.0,543.0,543.0,564.0,29.0,212.0,104.0,155.0,152.0,158.0
1.0,1515.0,451.0,465.0,202.0,594.0,110.0,298.0,186.0,155.0,152.0,158.0,154.0,151.0,146.0,591.0,396.0,528.0,110.0,298.0,186.0,155.0,152.0,158.0
1.0,1266.0,486.0,466.0,345.0,739.0,237.0,265.0,237.0,155.0,153.0,158.0,156.0,175.0,155.0,510.0,310.0,446.0,237.0,265.0,237.0,155.0,153.0,158.0
1.0,1125.0,442.0,466.0,594.0,587.0,273.0,117.0,197.0,155.0,153.0,158.0,146.0,150.0,146.0,383.0,347.0,395.0,273.0,117.0,197.0,155.0,153.0,158.0
1.0,1277.0,476.0,467.0,739.0,328.0,202.0,13.0,113.0,156.0,153.0,158.0,162.0,161.0,153.0,347.0,495.0,435.0,202.0,13.0,113.0,156.0,153.0,158.0
1.0,1540.0,439.0,468.0,587.0,184.0,76.0,55.0,53.0,156.0,154.0,158.0,147.0,155.0,137.0,422.0,599.0,519.0,76.0,55.0,53.0,156.0,154.0,158.0
1.0,1688.0,481.0,469.0,328.0,341.0,29.0,216.0,96.0,157.0,154.0,158.0,151.0,174.0,156.0,548.0,561.0,579.0,29.0,216.0,96.0,157.0,154.0,158.0
1.0,1535.0,465.0,470.0,184.0,626.0,112.0,324.0,190.0,157.0,155.0,158.0,159.0,159.0,147.0,599.0,400.0,536.0,112.0,324.0,190.0,157.0,155.0,158.0
1.0,1254.0,467.0,470.0,341.0,752.0,236.0,264.0,252.0,157.0,155.0,158.0,153.0,156.0,158.0,516.0,296.0,442.0,236.0,264.0,252.0,157.0,155.0,158.0
1.0,1128.0,465.0,470.0,626.0,591.0,275.0,102.0,214.0,157.0,155.0,158.0,151.0,162.0,152.0,392.0,356.0,380.0,275.0,102.0,214.0,157.0,155.0,158.0
1.0,1289.0,434.0,470.0,752.0,280.0,181.0,0.0,99.0,157.0,155.0,158.0,142.0,155.0,137.0,353.0,518.0,418.0,181.0,0.0,99.0,157.0,155.0,158.0
1.0,1607.0,473.0,471.0,591.0,159.0,65.0,56.0,38.0,157.0,156.0,158.0,159.0,161.0,153.0,447.0,627.0,533.0,65.0,56.0,38.0,157.0,156.0,158.0
1.0,1725.0,496.0,472.0,280.0,379.0,65.0,218.0,96.0,158.0,156.0,158.0,177.0,162.0,157.0,563.0,568.0,594.0,65.0,218.0,96.0,158.0,156.0,158.0
1.0,1509.0,482.0,472.0,159.0,702.0,156.0,326.0,220.0,158.0,156.0,158.0,156.0,164.0,162.0,567.0,406.0,536.0,156.0,326.0,220.0,158.0,156.0,158.0
1.0,1186.0,481.0,473.0,379.0,808.0,253.0,282.0,273.0,158.0,157.0,158.0,162.0,170.0,149.0,476.0,298.0,412.0,253.0,282.0,273.0,158.0,157.0,158.0
1.0,1084.0,514.0,473.0,702.0,620.0,259.0,143.0,218.0,158.0,157.0,158.0,162.0,187.0,165.0,379.0,346.0,359.0,259.0,143.0,218.0,158.0,157.0,158.0
1.0,1272.0,554.0,474.0,808.0,370.0,188.0,62.0,120.0,158.0,158.0,158.0,182.0,197.0,175.0,373.0,485.0,414.0,188.0,62.0,120.0,158.0,158.0,158.0
1.0,1526.0,467.0,472.0,620.0,209.0,84.0,74.0,51.0,158.0,157.0,157.0,155.0,159.0,153.0,444.0,570.0,512.0,84.0,74.0,51.0,158.0,157.0,157.0
1.0,1679.0,494.0,473.0,370.0,337.0,62.0,179.0,96.0,158.0,158.0,157.0,166.0,163.0,165.0,548.0,554.0,577.0,62.0,179.0,96.0,158.0,158.0,157.0
1.0,1555.0,512.0,473.0,209.0,640.0,147.0,280.0,213.0,158.0,158.0,157.0,169.0,175.0,168.0,570.0,453.0,532.0,147.0,280.0,213.0,158.0,158.0,157.0
1.0,1252.0,511.0,474.0,337.0,818.0,261.0,268.0,289.0,158.0,158.0,158.0,176.0,167.0,168.0,485.0,352.0,415.0,261.0,268.0,289.0,158.0,158.0,158.0
1.0,1078.0,510.0,476.0,640.0,696.0,291.0,160.0,245.0,159.0,159.0,158.0,173.0,168.0,169.0,371.0,364.0,343.0,291.0,160.0,245.0,159.0,159.0,158.0
1.0,1208.0,525.0,476.0,818.0,403.0,200.0,74.0,129.0,159.0,159.0,158.0,170.0,182.0,173.0,345.0,476.0,387.0,200.0,74.0,129.0,159.0,159.0,158.0
1.0,1501.0,539.0,477.0,696.0,250.0,95.0,98.0,57.0,159.0,160.0,158.0,186.0,180.0,173.0,436.0,562.0,503.0,95.0,98.0,57.0,159.0,160.0,158.0
1.0,1658.0,495.0,477.0,403.0,342.0,61.0,188.0,93.0,159.0,160.0,158.0,166.0,164.0,165.0,541.0,542.0,575.0,61.0,188.0,93.0,159.0,160.0,158.0
1.0,1566.0,546.0,478.0,250.0,642.0,155.0,280.0,207.0,160.0,160.0,158.0,185.0,190.0,171.0,575.0,452.0,539.0,155.0,280.0,207.0,160.0,160.0,158.0
1.0,1270.0,547.0,480.0,342.0,855.0,276.0,274.0,305.0,160.0,161.0,159.0,182.0,178.0,187.0,485.0,360.0,425.0,276.0,274.0,305.0,160.0,161.0,159.0
1.0,1065.0,515.0,481.0,642.0,732.0,293.0,176.0,263.0,160.0,162.0,159.0,172.0,178.0,165.0,364.0,370.0,331.0,293.0,176.0,263.0,160.0,162.0,159.0
1.0,1192.0,496.0,480.0,855.0,369.0,189.0,66.0,114.0,160.0,162.0,158.0,172.0,164.0,160.0,347.0,472.0,373.0,189.0,66.0,114.0,160.0,162.0,158.0
1.0,1551.0,510.0,481.0,732.0,151.0,61.0,58.0,32.0,160.0,162.0,159.0,165.0,168.0,177.0,451.0,582.0,518.0,61.0,58.0,32.0,160.0,162.0,159.0
1.0,1773.0,534.0,482.0,369.0,320.0,62.0,166.0,92.0,161.0,162.0,159.0,186.0,174.0,174.0,579.0,590.0,604.0,62.0,166.0,92.0,161.0,162.0,159.0
1.0,1608.0,561.0,483.0,151.0,734.0,187.0,297.0,250.0,161.0,163.0,159.0,186.0,185.0,190.0,582.0,482.0,544.0,187.0,297.0,250.0,161.0,163.0,159.0
1.0,1198.0,568.0,483.0,320.0,982.0,319.0,319.0,344.0,161.0,163.0,159.0,194.0,188.0,186.0,457.0,355.0,386.0,319.0,319.0,344.0,161.0,163.0,159.0
1.0,950.0,507.0,484.0,734.0,759.0,307.0,188.0,264.0,162.0,163.0,159.0,171.0,166.0,170.0,325.0,333.0,292.0,307.0,188.0,264.0,162.0,163.0,159.0
1.0,1177.0,542.0,486.0,982.0,327.0,171.0,57.0,99.0,162.0,164.0,160.0,183.0,184.0,175.0,341.0,464.0,372.0,171.0,57.0,99.0,162.0,164.0,160.0
1.0,1617.0,533.0,487.0,759.0,105.0,42.0,50.0,13.0,162.0,165.0,160.0,178.0,177.0,178.0,477.0,599.0,541.0,42.0,50.0,13.0,162.0,165.0,160.0
1.0,1843.0,533.0,488.0,327.0,315.0,60.0,159.0,96.0,163.0,165.0,160.0,185.0,166.0,182.0,606.0,610.0,627.0,60.0,159.0,96.0,163.0,165.0,160.0
1.0,1637.0,455.0,487.0,105.0,661.0,171.0,255.0,235.0,162.0,165.0,160.0,157.0,146.0,152.0,592.0,501.0,544.0,171.0,255.0,235.0,162.0,165.0,160.0
1.0,1287.0,469.0,488.0,315.0,819.0,275.0,248.0,296.0,163.0,165.0,160.0,160.0,152.0,157.0,477.0,405.0,405.0,275.0,248.0,296.0,163.0,165.0,160.0
1.0,1133.0,506.0,490.0,661.0,672.0,281.0,154.0,237.0,163.0,166.0,161.0,177.0,157.0,172.0,377.0,412.0,344.0,281.0,154.0,237.0,163.0,166.0,161.0
1.0,1288.0,553.0,491.0,819.0,410.0,201.0,77.0,132.0,164.0,166.0,161.0,191.0,171.0,191.0,371.0,510.0,407.0,201.0,77.0,132.0,164.0,166.0,161.0
1.0,1554.0,511.0,492.0,672.0,253.0,93.0,84.0,76.0,164.0,166.0,162.0,173.0,161.0,177.0,455.0,587.0,512.0,93.0,84.0,76.0,164.0,166.0,162.0
1.0,1715.0,526.0,493.0,410.0,373.0,69.0,180.0,124.0,165.0,166.0,162.0,173.0,173.0,180.0,563.0,580.0,572.0,69.0,180.0,124.0,165.0,166.0,162.0
1.0,1599.0,494.0,495.0,253.0,622.0,140.0,266.0,216.0,165.0,167.0,163.0,164.0,166.0,164.0,591.0,484.0,524.0,140.0,266.0,216.0,165.0,167.0,163.0
1.0,1358.0,512.0,495.0,373.0,761.0,242.0,254.0,265.0,165.0,167.0,163.0,171.0,168.0,173.0,520.0,402.0,436.0,242.0,254.0,265.0,165.0,167.0,163.0
1.0,1219.0,443.0,495.0,622.0,582.0,250.0,134.0,198.0,165.0,167.0,163.0,148.0,146.0,149.0,418.0,414.0,387.0,250.0,134.0,198.0,165.0,167.0,163.0
1.0,1398.0,540.0,497.0,761.0,369.0,192.0,53.0,124.0,166.0,167.0,164.0,180.0,173.0,187.0,410.0,534.0,454.0,192.0,53.0,124.0,166.0,167.0,164.0
1.0,1619.0,508.0,498.0,582.0,299.0,125.0,81.0,93.0,167.0,167.0,164.0,179.0,162.0,167.0,472.0,615.0,532.0,125.0,81.0,93.0,167.0,167.0,164.0
1.0,1693.0,484.0,498.0,369.0,414.0,98.0,183.0,133.0,167.0,167.0,164.0,165.0,155.0,164.0,543.0,587.0,563.0,98.0,183.0,133.0,167.0,167.0,164.0
1.0,1578.0,503.0,499.0,299.0,622.0,142.0,259.0,221.0,167.0,167.0,165.0,169.0,157.0,177.0,570.0,485.0,523.0,142.0,259.0,221.0,167.0,167.0,165.0
1.0,1374.0,523.0,500.0,414.0,735.0,222.0,239.0,274.0,168.0,167.0,165.0,174.0,163.0,186.0,526.0,409.0,439.0,222.0,239.0,274.0,168.0,167.0,165.0
1.0,1265.0,508.0,501.0,622.0,625.0,244.0,143.0,238.0,168.0,167.0,166.0,164.0,163.0,181.0,450.0,429.0,386.0,244.0,143.0,238.0,168.0,167.0,166.0
1.0,1379.0,475.0,501.0,735.0,365.0,161.0,61.0,143.0,168.0,167.0,166.0,139.0,157.0,179.0,428.0,525.0,426.0,161.0,61.0,143.0,168.0,167.0,166.0
1.0,1639.0,509.0,502.0,625.0,253.0,77.0,89.0,87.0,168.0,167.0,167.0,160.0,171.0,178.0,511.0,607.0,521.0,77.0,89.0,87.0,168.0,167.0,167.0
1.0,1755.0,519.0,502.0,365.0,407.0,90.0,197.0,120.0,168.0,167.0,167.0,174.0,169.0,176.0,595.0,579.0,581.0,90.0,197.0,120.0,168.0,167.0,167.0
1.0,1601.0,527.0,505.0,253.0,693.0,195.0,282.0,216.0,169.0,168.0,168.0,178.0,170.0,179.0,582.0,471.0,548.0,195.0,282.0,216.0,169.0,168.0,168.0
1.0,1327.0,514.0,505.0,407.0,800.0,267.0,263.0,270.0,169.0,168.0,168.0,162.0,178.0,174.0,481.0,390.0,456.0,267.0,263.0,270.0,169.0,168.0,168.0
1.0,1220.0,491.0,506.0,693.0,602.0,233.0,141.0,228.0,169.0,168.0,169.0,161.0,160.0,170.0,409.0,409.0,402.0,233.0,141.0,228.0,169.0,168.0,169.0
1.0,1422.0,495.0,506.0,800.0,297.0,127.0,42.0,128.0,169.0,168.0,169.0,161.0,164.0,170.0,443.0,531.0,448.0,127.0,42.0,128.0,169.0,168.0,169.0
1.0,1727.0,471.0,507.0,602.0,170.0,51.0,56.0,63.0,169.0,168.0,170.0,157.0,155.0,159.0,549.0,630.0,548.0,51.0,56.0,63.0,169.0,168.0,170.0
1.0,1858.0,536.0,507.0,297.0,409.0,89.0,197.0,123.0,169.0,168.0,170.0,165.0,183.0,188.0,625.0,616.0,617.0,89.0,197.0,123.0,169.0,168.0,170.0
1.0,1619.0,467.0,507.0,170.0,706.0,185.0,298.0,223.0,169.0,168.0,170.0,147.0,157.0,163.0,587.0,475.0,557.0,185.0,298.0,223.0,169.0,168.0,170.0
1.0,1322.0,519.0,510.0,409.0,828.0,261.0,282.0,285.0,170.0,169.0,171.0,161.0,177.0,181.0,491.0,374.0,457.0,261.0,282.0,285.0,170.0,169.0,171.0
1.0,1212.0,520.0,511.0,706.0,646.0,244.0,157.0,245.0,170.0,169.0,172.0,168.0,173.0,179.0,419.0,394.0,399.0,244.0,157.0,245.0,170.0,169.0,172.0
1.0,1398.0,519.0,511.0,828.0,337.0,153.0,44.0,140.0,170.0,169.0,172.0,170.0,169.0,180.0,436.0,519.0,443.0,153.0,44.0,140.0,170.0,169.0,172.0
1.0,1707.0,533.0,512.0,646.0,228.0,85.0,64.0,79.0,170.0,169.0,173.0,176.0,177.0,180.0,527.0,632.0,548.0,85.0,64.0,79.0,170.0,169.0,173.0
1.0,1820.0,543.0,513.0,337.0,438.0,118.0,199.0,121.0,171.0,169.0,173.0,182.0,179.0,182.0,595.0,612.0,613.0,118.0,199.0,121.0,171.0,169.0,173.0
1.0,1614.0,530.0,513.0,228.0,740.0,201.0,315.0,224.0,171.0,169.0,173.0,168.0,180.0,182.0,566.0,477.0,571.0,201.0,315.0,224.0,171.0,169.0,173.0
1.0,1312.0,537.0,514.0,438.0,843.0,262.0,297.0,284.0,171.0,169.0,174.0,179.0,181.0,177.0,483.0,361.0,468.0,262.0,297.0,284.0,171.0,169.0,174.0
1.0,1213.0,544.0,515.0,740.0,651.0,239.0,172.0,240.0,171.0,170.0,174.0,178.0,186.0,180.0,422.0,379.0,412.0,239.0,172.0,240.0,171.0,170.0,174.0
1.0,1409.0,524.0,515.0,843.0,332.0,154.0,53.0,125.0,171.0,170.0,174.0,177.0,178.0,169.0,445.0,508.0,456.0,154.0,53.0,125.0,171.0,170.0,174.0
1.0,1728.0,527.0,515.0,651.0,208.0,88.0,61.0,59.0,171.0,170.0,174.0,173.0,180.0,174.0,530.0,627.0,571.0,88.0,61.0,59.0,171.0,170.0,174.0
1.0,1852.0,552.0,515.0,332.0,428.0,114.0,201.0,113.0,171.0,170.0,174.0,180.0,193.0,179.0,596.0,619.0,637.0,114.0,201.0,113.0,171.0,170.0,174.0
1.0,1632.0,533.0,518.0,208.0,765.0,213.0,319.0,233.0,172.0,171.0,175.0,183.0,175.0,175.0,570.0,479.0,583.0,213.0,319.0,233.0,172.0,171.0,175.0
1.0,1307.0,568.0,518.0,428.0,905.0,289.0,314.0,302.0,172.0,171.0,175.0,190.0,196.0,182.0,475.0,365.0,467.0,289.0,314.0,302.0,172.0,171.0,175.0
1.0,1167.0,548.0,518.0,765.0,688.0,255.0,188.0,245.0,172.0,171.0,175.0,179.0,193.0,176.0,399.0,370.0,398.0,255.0,188.0,245.0,172.0,171.0,175.0
1.0,1384.0,568.0,519.0,905.0,355.0,147.0,79.0,129.0,172.0,172.0,175.0,181.0,201.0,186.0,433.0,496.0,455.0,147.0,79.0,129.0,172.0,172.0,175.0
1.0,1721.0,503.0,519.0,688.0,170.0,60.0,70.0,40.0,172.0,172.0,175.0,168.0,179.0,156.0,541.0,609.0,571.0,60.0,70.0,40.0,172.0,172.0,175.0
1.0,1906.0,543.0,518.0,355.0,354.0,98.0,186.0,70.0,172.0,172.0,174.0,185.0,195.0,163.0,628.0,618.0,660.0,98.0,186.0,70.0,172.0,172.0,174.0
1.0,1718.0,559.0,519.0,170.0,747.0,229.0,307.0,211.0,172.0,172.0,175.0,191.0,191.0,177.0,590.0,502.0,626.0,229.0,307.0,211.0,172.0,172.0,175.0
1.0,1329.0,557.0,521.0,354.0,958.0,329.0,321.0,308.0,173.0,173.0,175.0,194.0,196.0,167.0,459.0,381.0,489.0,329.0,321.0,308.0,173.0,173.0,175.0
1.0,1126.0,498.0,520.0,747.0,705.0,269.0,186.0,250.0,173.0,173.0,174.0,169.0,172.0,157.0,363.0,371.0,392.0,269.0,186.0,250.0,173.0,173.0,174.0
1.0,1375.0,551.0,521.0,958.0,302.0,124.0,48.0,130.0,173.0,173.0,175.0,184.0,183.0,184.0,423.0,506.0,446.0,124.0,48.0,130.0,173.0,173.0,175.0
1.0,1782.0,543.0,520.0,705.0,136.0,39.0,47.0,50.0,173.0,173.0,174.0,184.0,185.0,174.0,568.0,644.0,570.0,39.0,47.0,50.0,173.0,173.0,174.0
1.0,1944.0,552.0,520.0,302.0,386.0,104.0,190.0,92.0,173.0,173.0,174.0,189.0,191.0,172.0,653.0,645.0,646.0,104.0,190.0,92.0,173.0,173.0,174.0
1.0,1694.0,545.0,521.0,136.0,799.0,248.0,338.0,213.0,173.0,174.0,174.0,183.0,191.0,171.0,588.0,502.0,604.0,248.0,338.0,213.0,173.0,174.0,174.0
1.0,1285.0,527.0,521.0,386.0,940.0,328.0,332.0,280.0,173.0,174.0,174.0,184.0,184.0,159.0,444.0,358.0,483.0,328.0,332.0,280.0,173.0,174.0,174.0
1.0,1144.0,512.0,521.0,799.0,653.0,250.0,170.0,233.0,173.0,174.0,174.0,170.0,176.0,166.0,364.0,364.0,416.0,250.0,170.0,233.0,173.0,174.0,174.0
1.0,1431.0,489.0,518.0,940.0,196.0,77.0,0.0,119.0,172.0,173.0,173.0,159.0,160.0,170.0,442.0,526.0,463.0,77.0,0.0,119.0,172.0,173.0,173.0
1.0,1882.0,548.0,521.0,653.0,97.0,26.0,8.0,63.0,173.0,174.0,174.0,195.0,180.0,173.0,611.0,698.0,573.0,26.0,8.0,63.0,173.0,174.0,174.0
1.0,1987.0,524.0,521.0,196.0,425.0,130.0,178.0,117.0,173.0,174.0,174.0,181.0,170.0,173.0,666.0,688.0,633.0,130.0,178.0,117.0,173.0,174.0,174.0
1.0,1659.0,580.0,523.0,97.0,916.0,302.0,368.0,246.0,174.0,175.0,174.0,194.0,194.0,192.0,562.0,518.0,579.0,302.0,368.0,246.0,174.0,175.0,174.0
1.0,1176.0,526.0,522.0,425.0,1013.0,341.0,370.0,302.0,173.0,175.0,174.0,173.0,180.0,173.0,394.0,332.0,450.0,341.0,370.0,302.0,173.0,175.0,174.0
1.0,1075.0,553.0,524.0,916.0,658.0,226.0,198.0,234.0,174.0,176.0,174.0,183.0,192.0,178.0,351.0,330.0,394.0,226.0,198.0,234.0,174.0,176.0,174.0
1.0,1438.0,533.0,524.0,1013.0,178.0,66.0,6.0,106.0,174.0,176.0,174.0,181.0,178.0,174.0,470.0,506.0,462.0,66.0,6.0,106.0,174.0,176.0,174.0
1.0,1918.0,557.0,524.0,658.0,90.0,34.0,0.0,56.0,174.0,176.0,174.0,194.0,179.0,184.0,630.0,698.0,590.0,34.0,0.0,56.0,174.0,176.0,174.0
1.0,2019.0,560.0,526.0,178.0,467.0,163.0,172.0,132.0,175.0,177.0,174.0,191.0,187.0,182.0,662.0,717.0,640.0,163.0,172.0,132.0,175.0,177.0,174.0
1.0,1637.0,515.0,527.0,90.0,896.0,313.0,348.0,235.0,175.0,177.0,175.0,184.0,176.0,155.0,537.0,536.0,564.0,313.0,348.0,235.0,175.0,177.0,175.0
1.0,1212.0,481.0,526.0,467.0,906.0,318.0,334.0,254.0,175.0,177.0,174.0,168.0,158.0,155.0,387.0,360.0,465.0,318.0,334.0,254.0,175.0,177.0,174.0
1.0,1198.0,528.0,526.0,896.0,538.0,182.0,161.0,195.0,175.0,177.0,174.0,177.0,175.0,176.0,382.0,374.0,442.0,182.0,161.0,195.0,175.0,177.0,174.0
1.0,1566.0,526.0,527.0,906.0,162.0,42.0,5.0,115.0,175.0,178.0,174.0,178.0,174.0,174.0,518.0,547.0,501.0,42.0,5.0,115.0,175.0,178.0,174.0
1.0,1946.0,568.0,529.0,538.0,200.0,53.0,29.0,118.0,176.0,178.0,175.0,189.0,185.0,194.0,658.0,707.0,581.0,53.0,29.0,118.0,176.0,178.0,175.0
1.0,1916.0,555.0,529.0,162.0,593.0,198.0,205.0,190.0,176.0,178.0,175.0,187.0,181.0,187.0,651.0,683.0,582.0,198.0,205.0,190.0,176.0,178.0,175.0
1.0,1523.0,522.0,530.0,200.0,919.0,314.0,356.0,249.0,176.0,179.0,175.0,169.0,176.0,177.0,506.0,507.0,510.0,314.0,356.0,249.0,176.0,179.0,175.0
1.0,1201.0,550.0,531.0,593.0,880.0,298.0,329.0,253.0,177.0,179.0,175.0,178.0,178.0,194.0,390.0,360.0,451.0,298.0,329.0,253.0,177.0,179.0,175.0
1.0,1244.0,525.0,531.0,919.0,486.0,156.0,147.0,183.0,177.0,179.0,175.0,172.0,174.0,179.0,410.0,387.0,447.0,156.0,147.0,183.0,177.0,179.0,175.0
1.0,1638.0,531.0,531.0,880.0,147.0,25.0,0.0,122.0,177.0,179.0,175.0,167.0,172.0,192.0,552.0,569.0,517.0,25.0,0.0,122.0,177.0,179.0,175.0
1.0,1987.0,566.0,532.0,486.0,221.0,51.0,44.0,126.0,177.0,180.0,175.0,182.0,197.0,187.0,683.0,726.0,578.0,51.0,44.0,126.0,177.0,180.0,175.0
1.0,1907.0,516.0,531.0,147.0,586.0,201.0,204.0,181.0,177.0,179.0,175.0,175.0,164.0,177.0,657.0,676.0,574.0,201.0,204.0,181.0,177.0,179.0,175.0
1.0,1538.0,506.0,532.0,221.0,875.0,316.0,318.0,241.0,177.0,179.0,176.0,166.0,158.0,182.0,507.0,512.0,519.0,316.0,318.0,241.0,177.0,179.0,176.0
1.0,1253.0,530.0,534.0,586.0,827.0,294.0,298.0,235.0,178.0,180.0,176.0,175.0,180.0,175.0,392.0,398.0,463.0,294.0,298.0,235.0,178.0,180.0,176.0
1.0,1309.0,521.0,534.0,875.0,473.0,160.0,147.0,166.0,178.0,180.0,176.0,182.0,167.0,172.0,418.0,422.0,469.0,160.0,147.0,166.0,178.0,180.0,176.0
1.0,1663.0,542.0,534.0,827.0,188.0,38.0,19.0,131.0,178.0,180.0,176.0,172.0,170.0,200.0,552.0,573.0,538.0,38.0,19.0,131.0,178.0,180.0,176.0
1.0,1948.0,516.0,536.0,473.0,239.0,52.0,42.0,145.0,179.0,180.0,177.0,170.0,170.0,176.0,674.0,701.0,573.0,52.0,42.0,145.0,179.0,180.0,177.0
1.0,1905.0,539.0,536.0,188.0,590.0,191.0,199.0,200.0,179.0,180.0,177.0,177.0,176.0,186.0,664.0,678.0,563.0,191.0,199.0,200.0,179.0,180.0,177.0
1.0,1554.0,561.0,536.0,239.0,912.0,320.0,348.0,244.0,179.0,180.0,177.0,181.0,191.0,189.0,525.0,521.0,508.0,320.0,348.0,244.0,179.0,180.0,177.0
1.0,1232.0,561.0,536.0,590.0,883.0,309.0,331.0,243.0,179.0,180.0,177.0,180.0,182.0,199.0,396.0,372.0,464.0,309.0,331.0,243.0,179.0,180.0,177.0
1.0,1261.0,542.0,537.0,912.0,517.0,176.0,155.0,186.0,180.0,180.0,177.0,183.0,172.0,187.0,407.0,389.0,465.0,176.0,155.0,186.0,180.0,180.0,177.0
1.0,1631.0,517.0,536.0,883.0,155.0,30.0,0.0,125.0,179.0,180.0,177.0,167.0,168.0,182.0,544.0,565.0,522.0,30.0,0.0,125.0,179.0,180.0,177.0
1.0,1997.0,551.0,536.0,517.0,181.0,33.0,18.0,130.0,179.0,180.0,177.0,179.0,181.0,191.0,686.0,728.0,583.0,33.0,18.0,130.0,179.0,180.0,177.0
1.0,1963.0,566.0,537.0,155.0,596.0,184.0,209.0,203.0,179.0,180.0,178.0,181.0,191.0,194.0,683.0,702.0,578.0,184.0,209.0,203.0,179.0,180.0,178.0
1.0,1552.0,537.0,538.0,181.0,956.0,335.0,368.0,253.0,180.0,180.0,178.0,180.0,177.0,180.0,532.0,511.0,509.0,335.0,368.0,253.0,180.0,180.0,178.0
1.0,1196.0,554.0,538.0,596.0,914.0,328.0,342.0,244.0,180.0,180.0,178.0,177.0,183.0,194.0,385.0,352.0,459.0,328.0,342.0,244.0,180.0,180.0,178.0
1.0,1238.0,572.0,539.0,956.0,534.0,183.0,162.0,189.0,180.0,180.0,179.0,190.0,188.0,194.0,392.0,378.0,468.0,183.0,162.0,189.0,180.0,180.0,179.0
1.0,1622.0,558.0,539.0,914.0,187.0,41.0,0.0,146.0,180.0,180.0,179.0,186.0,171.0,201.0,537.0,558.0,527.0,41.0,0.0,146.0,180.0,180.0,179.0
1.0,1978.0,592.0,541.0,534.0,244.0,49.0,37.0,158.0,180.0,181.0,180.0,191.0,204.0,197.0,679.0,729.0,570.0,49.0,37.0,158.0,180.0,181.0,180.0
1.0,1920.0,553.0,540.0,187.0,606.0,180.0,219.0,207.0,180.0,180.0,180.0,172.0,186.0,195.0,671.0,687.0,562.0,180.0,219.0,207.0,180.0,180.0,180.0
1.0,1554.0,569.0,540.0,244.0,931.0,317.0,362.0,252.0,180.0,180.0,180.0,186.0,180.0,203.0,540.0,501.0,513.0,317.0,362.0,252.0,180.0,180.0,180.0
1.0,1229.0,552.0,540.0,606.0,877.0,328.0,323.0,226.0,180.0,180.0,180.0,191.0,180.0,181.0,403.0,358.0,468.0,328.0,323.0,226.0,180.0,180.0,180.0
1.0,1283.0,598.0,542.0,931.0,552.0,211.0,158.0,183.0,181.0,180.0,181.0,196.0,197.0,205.0,392.0,397.0,494.0,211.0,158.0,183.0,181.0,180.0,181.0
1.0,1616.0,603.0,543.0,877.0,282.0,87.0,33.0,162.0,181.0,180.0,182.0,204.0,198.0,201.0,513.0,562.0,541.0,87.0,33.0,162.0,181.0,180.0,182.0
1.0,1890.0,614.0,544.0,552.0,348.0,75.0,89.0,184.0,181.0,181.0,182.0,199.0,210.0,205.0,637.0,687.0,566.0,75.0,89.0,184.0,181.0,181.0,182.0
1.0,1828.0,609.0,545.0,282.0,679.0,188.0,256.0,235.0,181.0,181.0,183.0,200.0,200.0,209.0,649.0,635.0,544.0,188.0,256.0,235.0,181.0,181.0,183.0
1.0,1501.0,642.0,548.0,348.0,985.0,317.0,384.0,284.0,182.0,181.0,185.0,200.0,217.0,225.0,536.0,468.0,497.0,317.0,384.0,284.0,182.0,181.0,185.0
1.0,1207.0,571.0,549.0,679.0,881.0,321.0,321.0,239.0,182.0,182.0,185.0,192.0,189.0,190.0,411.0,340.0,456.0,321.0,321.0,239.0,182.0,182.0,185.0
1.0,1315.0,606.0,549.0,985.0,502.0,208.0,144.0,150.0,182.0,182.0,185.0,204.0,207.0,195.0,407.0,407.0,501.0,208.0,144.0,150.0,182.0,182.0,185.0
1.0,1694.0,541.0,549.0,881.0,162.0,69.0,3.0,90.0,182.0,182.0,185.0,182.0,180.0,179.0,520.0,584.0,590.0,69.0,3.0,90.0,182.0,182.0,185.0
1.0,2034.0,552.0,549.0,502.0,212.0,51.0,44.0,117.0,182.0,182.0,185.0,190.0,185.0,177.0,659.0,725.0,650.0,51.0,44.0,117.0,182.0,182.0,185.0
1.0,1984.0,579.0,550.0,162.0,633.0,167.0,233.0,233.0,182.0,182.0,186.0,185.0,192.0,202.0,677.0,684.0,623.0,167.0,233.0,233.0,182.0,182.0,186.0
1.0,1567.0,569.0,552.0,212.0,998.0,310.0,376.0,312.0,183.0,182.0,187.0,190.0,187.0,192.0,561.0,495.0,511.0,310.0,376.0,312.0,183.0,182.0,187.0
1.0,1210.0,613.0,553.0,633.0,982.0,337.0,352.0,293.0,183.0,183.0,187.0,194.0,205.0,214.0,422.0,352.0,436.0,337.0,352.0,293.0,183.0,183.0,187.0
1.0,1230.0,586.0,554.0,998.0,574.0,220.0,176.0,178.0,183.0,183.0,188.0,193.0,200.0,193.0,395.0,380.0,455.0,220.0,176.0,178.0,183.0,183.0,188.0
1.0,1642.0,612.0,556.0,982.0,212.0,95.0,33.0,84.0,184.0,184.0,188.0,208.0,205.0,199.0,512.0,556.0,574.0,95.0,33.0,84.0,184.0,184.0,188.0
1.0,2012.0,590.0,556.0,574.0,228.0,72.0,54.0,102.0,184.0,184.0,188.0,197.0,197.0,196.0,641.0,703.0,668.0,72.0,54.0,102.0,184.0,184.0,188.0
1.0,1996.0,608.0,558.0,212.0,632.0,185.0,224.0,223.0,185.0,184.0,189.0,204.0,203.0,201.0,664.0,682.0,650.0,185.0,224.0,223.0,185.0,184.0,189.0
1.0,1600.0,639.0,559.0,228.0,1047.0,335.0,390.0,322.0,185.0,185.0,189.0,222.0,216.0,201.0,555.0,512.0,533.0,335.0,390.0,322.0,185.0,185.0,189.0
1.0,1189.0,599.0,561.0,632.0,1022.0,363.0,368.0,291.0,186.0,185.0,190.0,209.0,202.0,188.0,405.0,350.0,434.0,363.0,368.0,291.0,186.0,185.0,190.0
1.0,1222.0,573.0,562.0,1047.0,552.0,231.0,171.0,150.0,186.0,186.0,190.0,203.0,189.0,181.0,381.0,372.0,469.0,231.0,171.0,150.0,186.0,186.0,190.0
1.0,1696.0,587.0,562.0,1022.0,117.0,66.0,7.0,44.0,186.0,186.0,190.0,198.0,204.0,185.0,513.0,573.0,610.0,66.0,7.0,44.0,186.0,186.0,190.0
1.0,2131.0,566.0,562.0,552.0,131.0,23.0,35.0,73.0,186.0,186.0,190.0,188.0,199.0,179.0,678.0,737.0,716.0,23.0,35.0,73.0,186.0,186.0,190.0
1.0,2117.0,602.0,565.0,117.0,628.0,160.0,244.0,224.0,187.0,187.0,191.0,199.0,212.0,191.0,721.0,709.0,687.0,160.0,244.0,224.0,187.0,187.0,191.0
1.0,1632.0,573.0,566.0,131.0,1074.0,329.0,412.0,333.0,187.0,188.0,191.0,192.0,199.0,182.0,588.0,504.0,540.0,329.0,412.0,333.0,187.0,188.0,191.0
1.0,1190.0,556.0,566.0,628.0,1002.0,356.0,352.0,294.0,187.0,188.0,191.0,187.0,184.0,185.0,419.0,340.0,431.0,356.0,352.0,294.0,187.0,188.0,191.0
1.0,1262.0,539.0,566.0,1074.0,467.0,212.0,121.0,134.0,187.0,188.0,191.0,185.0,181.0,173.0,392.0,400.0,470.0,212.0,121.0,134.0,187.0,188.0,191.0
1.0,1797.0,577.0,566.0,1002.0,80.0,50.0,0.0,30.0,187.0,188.0,191.0,194.0,193.0,190.0,536.0,631.0,630.0,50.0,0.0,30.0,187.0,188.0,191.0
1.0,2222.0,573.0,568.0,467.0,156.0,33.0,45.0,78.0,188.0,189.0,191.0,191.0,200.0,182.0,698.0,790.0,734.0,33.0,45.0,78.0,188.0,189.0,191.0
1.0,2116.0,555.0,568.0,80.0,631.0,174.0,229.0,228.0,188.0,189.0,191.0,191.0,184.0,180.0,719.0,711.0,686.0,174.0,229.0,228.0,188.0,189.0,191.0
1.0,1641.0,553.0,568.0,156.0,1028.0,328.0,369.0,331.0,188.0,189.0,191.0,187.0,185.0,181.0,578.0,527.0,536.0,328.0,369.0,331.0,188.0,189.0,191.0
1.0,1244.0,592.0,570.0,631.0,997.0,364.0,346.0,287.0,189.0,190.0,191.0,206.0,202.0,184.0,424.0,387.0,433.0,364.0,346.0,287.0,189.0,190.0,191.0
1.0,1283.0,581.0,570.0,1028.0,550.0,230.0,174.0,146.0,189.0,190.0,191.0,194.0,197.0,190.0,392.0,414.0,477.0,230.0,174.0,146.0,189.0,190.0,191.0
1.0,1730.0,572.0,571.0,997.0,129.0,64.0,19.0,46.0,190.0,190.0,191.0,194.0,191.0,187.0,526.0,586.0,618.0,64.0,19.0,46.0,190.0,190.0,191.0
1.0,2155.0,577.0,572.0,550.0,160.0,21.0,48.0,91.0,190.0,191.0,191.0,187.0,199.0,191.0,696.0,741.0,718.0,21.0,48.0,91.0,190.0,191.0,191.0
1.0,2128.0,571.0,572.0,129.0,602.0,148.0,219.0,235.0,190.0,191.0,191.0,191.0,190.0,190.0,739.0,716.0,673.0,148.0,219.0,235.0,190.0,191.0,191.0
1.0,1686.0,564.0,574.0,160.0,1014.0,322.0,357.0,335.0,191.0,191.0,192.0,191.0,186.0,187.0,612.0,545.0,529.0,322.0,357.0,335.0,191.0,191.0,192.0
1.0,1282.0,553.0,574.0,602.0,965.0,361.0,325.0,279.0,191.0,192.0,191.0,187.0,183.0,183.0,442.0,407.0,433.0,361.0,325.0,279.0,191.0,192.0,191.0
1.0,1331.0,640.0,577.0,1014.0,603.0,253.0,187.0,163.0,192.0,193.0,192.0,210.0,215.0,215.0,403.0,443.0,485.0,253.0,187.0,163.0,192.0,193.0,192.0
1.0,1705.0,526.0,577.0,965.0,164.0,75.0,41.0,48.0,192.0,193.0,192.0,183.0,179.0,164.0,515.0,585.0,605.0,75.0,41.0,48.0,192.0,193.0,192.0
1.0,2144.0,544.0,575.0,603.0,97.0,9.0,28.0,60.0,192.0,192.0,191.0,187.0,178.0,179.0,693.0,731.0,720.0,9.0,28.0,60.0,192.0,192.0,191.0
1.0,2203.0,559.0,576.0,164.0,496.0,117.0,185.0,194.0,192.0,193.0,191.0,183.0,194.0,182.0,759.0,740.0,704.0,117.0,185.0,194.0,192.0,193.0,191.0
1.0,1808.0,560.0,576.0,97.0,959.0,303.0,343.0,313.0,192.0,193.0,191.0,195.0,186.0,179.0,651.0,587.0,570.0,303.0,343.0,313.0,192.0,193.0,191.0
1.0,1345.0,547.0,576.0,496.0,1010.0,367.0,345.0,298.0,192.0,193.0,191.0,181.0,187.0,179.0,465.0,429.0,451.0,367.0,345.0,298.0,192.0,193.0,191.0
1.0,1294.0,561.0,577.0,959.0,616.0,257.0,185.0,174.0,193.0,193.0,191.0,189.0,183.0,189.0,401.0,427.0,466.0,257.0,185.0,174.0,193.0,193.0,191.0
1.0,1692.0,555.0,577.0,1010.0,161.0,71.0,28.0,62.0,193.0,193.0,191.0,181.0,188.0,186.0,515.0,587.0,590.0,71.0,28.0,62.0,193.0,193.0,191.0
1.0,2147.0,551.0,577.0,616.0,100.0,0.0,30.0,70.0,193.0,193.0,191.0,182.0,187.0,182.0,701.0,744.0,702.0,0.0,30.0,70.0,193.0,193.0,191.0
1.0,2212.0,570.0,577.0,161.0,505.0,118.0,185.0,202.0,193.0,193.0,191.0,193.0,183.0,194.0,776.0,742.0,694.0,118.0,185.0,202.0,193.0,193.0,191.0
1.0,1803.0,567.0,577.0,100.0,972.0,311.0,338.0,323.0,193.0,193.0,191.0,193.0,183.0,191.0,654.0,587.0,562.0,311.0,338.0,323.0,193.0,193.0,191.0
1.0,1336.0,592.0,577.0,505.0,1059.0,392.0,353.0,314.0,193.0,194.0,190.0,199.0,196.0,197.0,461.0,434.0,441.0,392.0,353.0,314.0,193.0,194.0,190.0
1.0,1249.0,599.0,578.0,972.0,690.0,276.0,215.0,199.0,193.0,194.0,191.0,195.0,200.0,204.0,380.0,423.0,446.0,276.0,215.0,199.0,193.0,194.0,191.0
1.0,1622.0,605.0,579.0,1059.0,240.0,85.0,62.0,93.0,194.0,194.0,191.0,197.0,200.0,208.0,496.0,561.0,565.0,85.0,62.0,93.0,194.0,194.0,191.0
1.0,2076.0,596.0,579.0,690.0,146.0,6.0,41.0,99.0,194.0,194.0,191.0,197.0,194.0,205.0,691.0,714.0,671.0,6.0,41.0,99.0,194.0,194.0,191.0
1.0,2170.0,596.0,580.0,240.0,506.0,121.0,177.0,208.0,194.0,195.0,191.0,200.0,194.0,202.0,770.0,735.0,665.0,121.0,177.0,208.0,194.0,195.0,191.0
1.0,1814.0,535.0,579.0,146.0,891.0,292.0,309.0,290.0,194.0,194.0,191.0,177.0,177.0,181.0,655.0,603.0,556.0,292.0,309.0,290.0,194.0,194.0,191.0
1.0,1425.0,535.0,578.0,506.0,916.0,342.0,305.0,269.0,193.0,194.0,191.0,175.0,173.0,187.0,484.0,467.0,474.0,342.0,305.0,269.0,193.0,194.0,191.0
1.0,1396.0,609.0,577.0,891.0,630.0,250.0,186.0,194.0,193.0,193.0,191.0,200.0,194.0,215.0,430.0,471.0,495.0,250.0,186.0,194.0,193.0,193.0,191.0
1.0,1678.0,631.0,577.0,916.0,345.0,116.0,84.0,145.0,193.0,193.0,191.0,208.0,203.0,220.0,522.0,586.0,570.0,116.0,84.0,145.0,193.0,193.0,191.0
1.0,1963.0,609.0,577.0,630.0,324.0,64.0,100.0,160.0,193.0,193.0,191.0,198.0,202.0,209.0,656.0,688.0,619.0,64.0,100.0,160.0,193.0,193.0,191.0
1.0,1984.0,587.0,578.0,345.0,570.0,151.0,206.0,213.0,194.0,193.0,191.0,199.0,190.0,198.0,708.0,672.0,604.0,151.0,206.0,213.0,194.0,193.0,191.0
1.0,1742.0,648.0,578.0,324.0,894.0,304.0,318.0,272.0,194.0,193.0,191.0,217.0,212.0,219.0,625.0,566.0,551.0,304.0,318.0,272.0,194.0,193.0,191.0
1.0,1418.0,585.0,579.0,570.0,913.0,350.0,305.0,258.0,194.0,193.0,192.0,197.0,193.0,195.0,472.0,454.0,492.0,350.0,305.0,258.0,194.0,193.0,192.0
1.0,1403.0,594.0,580.0,894.0,617.0,249.0,183.0,185.0,194.0,194.0,192.0,203.0,192.0,199.0,426.0,467.0,510.0,249.0,183.0,185.0,194.0,194.0,192.0
1.0,1703.0,618.0,581.0,913.0,326.0,108.0,86.0,132.0,195.0,194.0,192.0,205.0,208.0,205.0,527.0,593.0,583.0,108.0,86.0,132.0,195.0,194.0,192.0
1.0,1998.0,619.0,581.0,617.0,328.0,63.0,106.0,159.0,195.0,194.0,192.0,204.0,203.0,212.0,672.0,690.0,636.0,63.0,106.0,159.0,195.0,194.0,192.0
1.0,1996.0,634.0,581.0,326.0,636.0,169.0,229.0,238.0,195.0,194.0,192.0,214.0,209.0,211.0,717.0,670.0,609.0,169.0,229.0,238.0,195.0,194.0,192.0
1.0,1688.0,621.0,583.0,328.0,937.0,324.0,321.0,292.0,196.0,194.0,193.0,214.0,198.0,209.0,611.0,547.0,530.0,324.0,321.0,292.0,196.0,194.0,193.0
1.0,1395.0,579.0,583.0,636.0,880.0,356.0,274.0,250.0,196.0,194.0,193.0,201.0,182.0,196.0,460.0,455.0,480.0,356.0,274.0,250.0,196.0,194.0,193.0
1.0,1452.0,590.0,583.0,937.0,533.0,241.0,135.0,157.0,196.0,194.0,193.0,209.0,182.0,199.0,428.0,502.0,522.0,241.0,135.0,157.0,196.0,194.0,193.0
1.0,1799.0,613.0,582.0,880.0,262.0,87.0,56.0,119.0,196.0,193.0,193.0,202.0,199.0,212.0,543.0,641.0,615.0,87.0,56.0,119.0,196.0,193.0,193.0
1.0,2066.0,619.0,582.0,533.0,348.0,55.0,122.0,171.0,196.0,193.0,193.0,209.0,201.0,209.0,697.0,716.0,653.0,55.0,122.0,171.0,196.0,193.0,193.0
1.0,1980.0,601.0,581.0,262.0,683.0,159.0,268.0,256.0,195.0,193.0,193.0,195.0,202.0,204.0,729.0,650.0,601.0,159.0,268.0,256.0,195.0,193.0,193.0
1.0,1641.0,575.0,582.0,348.0,914.0,295.0,343.0,276.0,195.0,193.0,194.0,191.0,197.0,187.0,621.0,504.0,516.0,295.0,343.0,276.0,195.0,193.0,194.0
1.0,1414.0,643.0,583.0,683.0,878.0,362.0,280.0,236.0,196.0,193.0,194.0,222.0,205.0,216.0,485.0,429.0,500.0,362.0,280.0,236.0,196.0,193.0,194.0
1.0,1454.0,602.0,584.0,914.0,570.0,265.0,132.0,173.0,196.0,193.0,195.0,198.0,195.0,209.0,422.0,492.0,540.0,265.0,132.0,173.0,196.0,193.0,195.0
1.0,1766.0,627.0,584.0,878.0,319.0,114.0,58.0,147.0,196.0,193.0,195.0,211.0,206.0,210.0,519.0,640.0,607.0,114.0,58.0,147.0,196.0,193.0,195.0
1.0,2017.0,608.0,584.0,570.0,357.0,50.0,130.0,177.0,196.0,193.0,195.0,201.0,204.0,203.0,670.0,714.0,633.0,50.0,130.0,177.0,196.0,193.0,195.0
1.0,1979.0,591.0,585.0,319.0,633.0,135.0,261.0,237.0,196.0,193.0,196.0,199.0,189.0,203.0,734.0,642.0,603.0,135.0,261.0,237.0,196.0,193.0,196.0
1.0,1707.0,578.0,586.0,357.0,858.0,282.0,312.0,264.0,197.0,193.0,196.0,193.0,181.0,204.0,649.0,511.0,547.0,282.0,312.0,264.0,197.0,193.0,196.0
1.0,1486.0,660.0,588.0,633.0,893.0,373.0,271.0,249.0,197.0,194.0,197.0,226.0,216.0,218.0,506.0,460.0,520.0,373.0,271.0,249.0,197.0,194.0,197.0
1.0,1459.0,619.0,588.0,858.0,654.0,291.0,172.0,191.0,197.0,194.0,197.0,200.0,213.0,206.0,415.0,505.0,539.0,291.0,172.0,191.0,197.0,194.0,197.0
1.0,1698.0,611.0,590.0,893.0,380.0,122.0,108.0,150.0,198.0,194.0,198.0,200.0,207.0,204.0,497.0,604.0,597.0,122.0,108.0,150.0,198.0,194.0,198.0
1.0,1980.0,622.0,591.0,654.0,352.0,37.0,151.0,164.0,198.0,195.0,198.0,206.0,211.0,205.0,670.0,668.0,642.0,37.0,151.0,164.0,198.0,195.0,198.0
1.0,2012.0,590.0,592.0,380.0,566.0,104.0,243.0,219.0,198.0,195.0,199.0,189.0,200.0,201.0,755.0,629.0,628.0,104.0,243.0,219.0,198.0,195.0,199.0
1.0,1802.0,588.0,592.0,352.0,802.0,274.0,277.0,251.0,198.0,195.0,199.0,207.0,185.0,196.0,688.0,537.0,577.0,274.0,277.0,251.0,198.0,195.0,199.0
1.0,1566.0,607.0,592.0,566.0,843.0,365.0,250.0,228.0,198.0,195.0,199.0,195.0,216.0,196.0,518.0,503.0,545.0,365.0,250.0,228.0,198.0,195.0,199.0
1.0,1525.0,610.0,592.0,802.0,651.0,292.0,177.0,182.0,198.0,195.0,199.0,201.0,204.0,205.0,427.0,530.0,568.0,292.0,177.0,182.0,198.0,195.0,199.0
1.0,1717.0,638.0,594.0,843.0,454.0,132.0,144.0,178.0,198.0,196.0,200.0,205.0,213.0,220.0,500.0,603.0,614.0,132.0,144.0,178.0,198.0,196.0,200.0
1.0,1922.0,611.0,594.0,651.0,414.0,37.0,179.0,198.0,198.0,196.0,200.0,197.0,212.0,202.0,660.0,640.0,622.0,37.0,179.0,198.0,198.0,196.0,200.0
1.0,1962.0,632.0,596.0,454.0,600.0,118.0,258.0,224.0,199.0,197.0,200.0,209.0,219.0,204.0,755.0,605.0,602.0,118.0,258.0,224.0,199.0,197.0,200.0
1.0,1784.0,585.0,595.0,414.0,767.0,265.0,278.0,224.0,198.0,197.0,200.0,188.0,199.0,198.0,678.0,530.0,576.0,265.0,278.0,224.0,198.0,197.0,200.0
1.0,1613.0,651.0,597.0,600.0,826.0,362.0,233.0,231.0,199.0,197.0,201.0,211.0,213.0,227.0,527.0,510.0,576.0,362.0,233.0,231.0,199.0,197.0,201.0
1.0,1562.0,601.0,599.0,767.0,668.0,296.0,164.0,208.0,199.0,198.0,202.0,199.0,205.0,197.0,434.0,555.0,573.0,296.0,164.0,208.0,199.0,198.0,202.0
1.0,1728.0,638.0,600.0,826.0,484.0,147.0,142.0,195.0,200.0,198.0,202.0,209.0,211.0,218.0,500.0,628.0,600.0,147.0,142.0,195.0,200.0,198.0,202.0
1.0,1916.0,578.0,600.0,668.0,394.0,29.0,178.0,187.0,199.0,198.0,203.0,182.0,200.0,196.0,653.0,650.0,613.0,29.0,178.0,187.0,199.0,198.0,203.0
1.0,2006.0,576.0,602.0,484.0,494.0,76.0,234.0,184.0,200.0,199.0,203.0,190.0,194.0,192.0,767.0,614.0,625.0,76.0,234.0,184.0,200.0,199.0,203.0
1.0,1914.0,608.0,602.0,394.0,708.0,247.0,272.0,189.0,200.0,199.0,203.0,200.0,216.0,192.0,724.0,562.0,628.0,247.0,272.0,189.0,200.0,199.0,203.0
1.0,1700.0,624.0,603.0,494.0,842.0,371.0,261.0,210.0,200.0,200.0,203.0,200.0,219.0,205.0,553.0,524.0,623.0,371.0,261.0,210.0,200.0,200.0,203.0
1.0,1570.0,599.0,604.0,708.0,737.0,320.0,197.0,220.0,200.0,200.0,204.0,196.0,208.0,195.0,429.0,539.0,602.0,320.0,197.0,220.0,200.0,200.0,204.0
1.0,1679.0,555.0,603.0,842.0,446.0,128.0,129.0,189.0,200.0,200.0,203.0,179.0,193.0,183.0,480.0,603.0,596.0,128.0,129.0,189.0,200.0,200.0,203.0
1.0,1966.0,609.0,605.0,737.0,326.0,10.0,147.0,169.0,200.0,201.0,204.0,202.0,211.0,196.0,672.0,671.0,623.0,10.0,147.0,169.0,200.0,201.0,204.0
1.0,2094.0,603.0,605.0,446.0,483.0,79.0,220.0,184.0,200.0,201.0,204.0,197.0,202.0,204.0,790.0,657.0,647.0,79.0,220.0,184.0,200.0,201.0,204.0
1.0,1937.0,629.0,606.0,326.0,790.0,278.0,286.0,226.0,201.0,201.0,204.0,205.0,213.0,211.0,721.0,584.0,632.0,278.0,286.0,226.0,201.0,201.0,204.0
1.0,1634.0,581.0,604.0,483.0,880.0,382.0,271.0,227.0,200.0,201.0,203.0,187.0,205.0,189.0,526.0,518.0,590.0,382.0,271.0,227.0,200.0,201.0,203.0
1.0,1536.0,578.0,604.0,790.0,668.0,296.0,179.0,193.0,200.0,201.0,203.0,192.0,194.0,192.0,418.0,533.0,585.0,296.0,179.0,193.0,200.0,201.0,203.0
1.0,1748.0,613.0,605.0,880.0,405.0,112.0,120.0,173.0,200.0,202.0,203.0,198.0,208.0,207.0,504.0,625.0,619.0,112.0,120.0,173.0,200.0,202.0,203.0
1.0,2015.0,582.0,606.0,668.0,323.0,25.0,135.0,163.0,201.0,202.0,203.0,205.0,194.0,183.0,688.0,688.0,639.0,25.0,135.0,163.0,201.0,202.0,203.0
1.0,2101.0,614.0,608.0,405.0,540.0,119.0,225.0,196.0,201.0,203.0,204.0,206.0,206.0,202.0,779.0,673.0,649.0,119.0,225.0,196.0,201.0,203.0,204.0
1.0,1892.0,600.0,607.0,323.0,813.0,298.0,273.0,242.0,201.0,202.0,204.0,204.0,187.0,209.0,685.0,587.0,620.0,298.0,273.0,242.0,201.0,202.0,204.0
1.0,1615.0,654.0,608.0,540.0,931.0,402.0,276.0,253.0,202.0,203.0,203.0,219.0,224.0,211.0,506.0,535.0,574.0,402.0,276.0,253.0,202.0,203.0,203.0
1.0,1501.0,603.0,608.0,813.0,721.0,309.0,206.0,206.0,202.0,203.0,203.0,205.0,203.0,195.0,406.0,536.0,559.0,309.0,206.0,206.0,202.0,203.0,203.0
1.0,1711.0,588.0,608.0,931.0,378.0,106.0,123.0,149.0,202.0,203.0,203.0,199.0,193.0,196.0,499.0,606.0,606.0,106.0,123.0,149.0,202.0,203.0,203.0
1.0,2054.0,587.0,607.0,721.0,251.0,0.0,114.0,137.0,201.0,203.0,203.0,196.0,197.0,194.0,702.0,689.0,663.0,0.0,114.0,137.0,201.0,203.0,203.0
1.0,2188.0,618.0,608.0,378.0,484.0,99.0,194.0,191.0,202.0,203.0,203.0,212.0,203.0,203.0,815.0,698.0,675.0,99.0,194.0,191.0,202.0,203.0,203.0
1.0,1948.0,603.0,608.0,251.0,836.0,299.0,285.0,252.0,202.0,203.0,203.0,200.0,205.0,198.0,709.0,618.0,621.0,299.0,285.0,252.0,202.0,203.0,203.0
1.0,1596.0,633.0,608.0,484.0,985.0,406.0,307.0,272.0,202.0,203.0,203.0,206.0,216.0,211.0,509.0,527.0,560.0,406.0,307.0,272.0,202.0,203.0,203.0
1.0,1447.0,651.0,609.0,836.0,804.0,326.0,249.0,229.0,202.0,204.0,203.0,219.0,223.0,209.0,402.0,505.0,540.0,326.0,249.0,229.0,202.0,204.0,203.0
1.0,1632.0,659.0,609.0,985.0,478.0,141.0,156.0,181.0,202.0,204.0,203.0,221.0,214.0,224.0,482.0,567.0,583.0,141.0,156.0,181.0,202.0,204.0,203.0
1.0,1958.0,595.0,609.0,804.0,269.0,16.0,104.0,149.0,202.0,204.0,203.0,201.0,197.0,197.0,667.0,660.0,631.0,16.0,104.0,149.0,202.0,204.0,203.0
1.0,2167.0,575.0,608.0,478.0,362.0,77.0,138.0,147.0,202.0,204.0,202.0,202.0,190.0,183.0,792.0,712.0,663.0,77.0,138.0,147.0,202.0,204.0,202.0
1.0,2070.0,664.0,609.0,269.0,761.0,289.0,247.0,225.0,202.0,204.0,203.0,228.0,213.0,223.0,731.0,678.0,661.0,289.0,247.0,225.0,202.0,204.0,203.0
1.0,1675.0,591.0,609.0,362.0,990.0,410.0,307.0,273.0,202.0,204.0,203.0,198.0,198.0,195.0,519.0,569.0,587.0,410.0,307.0,273.0,202.0,204.0,203.0
1.0,1446.0,604.0,608.0,761.0,829.0,327.0,257.0,245.0,202.0,204.0,202.0,206.0,197.0,201.0,398.0,509.0,539.0,327.0,257.0,245.0,202.0,204.0,202.0
1.0,1603.0,607.0,608.0,990.0,446.0,130.0,145.0,171.0,202.0,204.0,202.0,213.0,195.0,199.0,481.0,559.0,563.0,130.0,145.0,171.0,202.0,204.0,202.0
1.0,1986.0,650.0,611.0,829.0,279.0,30.0,109.0,140.0,203.0,205.0,203.0,223.0,217.0,210.0,678.0,671.0,637.0,30.0,109.0,140.0,203.0,205.0,203.0
1.0,2165.0,585.0,608.0,446.0,406.0,90.0,158.0,158.0,202.0,204.0,202.0,194.0,198.0,193.0,782.0,711.0,672.0,90.0,158.0,158.0,202.0,204.0,202.0
1.0,2026.0,644.0,610.0,279.0,779.0,281.0,266.0,232.0,203.0,205.0,202.0,217.0,213.0,214.0,718.0,658.0,650.0,281.0,266.0,232.0,203.0,205.0,202.0
1.0,1661.0,624.0,610.0,406.0,997.0,404.0,315.0,278.0,203.0,205.0,202.0,213.0,207.0,204.0,531.0,554.0,576.0,404.0,315.0,278.0,203.0,205.0,202.0
1.0,1443.0,620.0,610.0,779.0,838.0,334.0,257.0,247.0,203.0,205.0,202.0,211.0,208.0,201.0,408.0,505.0,530.0,334.0,257.0,247.0,203.0,205.0,202.0
1.0,1602.0,614.0,610.0,997.0,455.0,135.0,144.0,176.0,203.0,205.0,202.0,205.0,202.0,207.0,478.0,563.0,561.0,135.0,144.0,176.0,203.0,205.0,202.0
1.0,1985.0,617.0,612.0,838.0,242.0,20.0,96.0,126.0,204.0,206.0,202.0,215.0,205.0,197.0,677.0,676.0,632.0,20.0,96.0,126.0,204.0,206.0,202.0
1.0,2206.0,603.0,610.0,455.0,382.0,88.0,147.0,147.0,203.0,205.0,202.0,207.0,199.0,197.0,796.0,728.0,682.0,88.0,147.0,147.0,203.0,205.0,202.0
1.0,2058.0,657.0,611.0,242.0,801.0,301.0,268.0,232.0,204.0,205.0,202.0,229.0,217.0,211.0,724.0,673.0,661.0,301.0,268.0,232.0,204.0,205.0,202.0
1.0,1643.0,626.0,611.0,382.0,1045.0,418.0,329.0,298.0,204.0,205.0,202.0,205.0,208.0,213.0,515.0,552.0,576.0,418.0,329.0,298.0,204.0,205.0,202.0
1.0,1399.0,609.0,611.0,801.0,853.0,330.0,257.0,266.0,204.0,205.0,202.0,213.0,196.0,200.0,398.0,491.0,510.0,330.0,257.0,266.0,204.0,205.0,202.0
1.0,1591.0,648.0,612.0,1045.0,460.0,143.0,139.0,178.0,205.0,205.0,202.0,227.0,211.0,210.0,486.0,563.0,542.0,143.0,139.0,178.0,205.0,205.0,202.0
1.0,1988.0,660.0,614.0,853.0,275.0,36.0,98.0,141.0,205.0,206.0,203.0,223.0,212.0,225.0,677.0,681.0,630.0,36.0,98.0,141.0,205.0,206.0,203.0
1.0,2181.0,659.0,615.0,460.0,478.0,119.0,175.0,184.0,206.0,206.0,203.0,222.0,216.0,221.0,784.0,726.0,671.0,119.0,175.0,184.0,206.0,206.0,203.0
1.0,1982.0,650.0,615.0,275.0,853.0,300.0,293.0,260.0,206.0,206.0,203.0,217.0,216.0,217.0,705.0,649.0,628.0,300.0,293.0,260.0,206.0,206.0,203.0
1.0,1607.0,670.0,616.0,478.0,1049.0,409.0,335.0,305.0,206.0,206.0,204.0,228.0,217.0,225.0,524.0,531.0,552.0,409.0,335.0,305.0,206.0,206.0,204.0
1.0,1415.0,657.0,617.0,853.0,857.0,335.0,256.0,266.0,207.0,206.0,204.0,222.0,214.0,221.0,415.0,489.0,511.0,335.0,256.0,266.0,207.0,206.0,204.0
1.0,1611.0,670.0,617.0,1049.0,478.0,150.0,145.0,183.0,207.0,206.0,204.0,224.0,224.0,222.0,493.0,568.0,550.0,150.0,145.0,183.0,207.0,206.0,204.0
1.0,1990.0,672.0,620.0,857.0,305.0,48.0,118.0,139.0,208.0,207.0,205.0,229.0,225.0,218.0,678.0,679.0,633.0,48.0,118.0,139.0,208.0,207.0,205.0
1.0,2175.0,630.0,619.0,478.0,453.0,103.0,180.0,170.0,208.0,207.0,204.0,205.0,207.0,218.0,784.0,710.0,681.0,103.0,180.0,170.0,208.0,207.0,204.0
1.0,2023.0,666.0,620.0,305.0,818.0,279.0,281.0,258.0,208.0,207.0,205.0,224.0,219.0,223.0,729.0,648.0,646.0,279.0,281.0,258.0,208.0,207.0,205.0
1.0,1662.0,651.0,620.0,453.0,1016.0,388.0,325.0,303.0,208.0,207.0,205.0,212.0,224.0,215.0,553.0,547.0,562.0,388.0,325.0,303.0,208.0,207.0,205.0
1.0,1464.0,626.0,622.0,818.0,832.0,310.0,266.0,256.0,209.0,208.0,205.0,197.0,218.0,211.0,444.0,503.0,517.0,310.0,266.0,256.0,209.0,208.0,205.0
1.0,1656.0,623.0,623.0,1016.0,443.0,126.0,149.0,168.0,209.0,208.0,206.0,204.0,208.0,211.0,526.0,566.0,564.0,126.0,149.0,168.0,209.0,208.0,206.0
1.0,2049.0,667.0,623.0,832.0,278.0,30.0,104.0,144.0,209.0,208.0,206.0,214.0,221.0,232.0,710.0,683.0,656.0,30.0,104.0,144.0,209.0,208.0,206.0
1.0,2214.0,652.0,625.0,443.0,495.0,126.0,168.0,201.0,210.0,208.0,207.0,218.0,213.0,221.0,806.0,728.0,680.0,126.0,168.0,201.0,210.0,208.0,207.0
1.0,2005.0,686.0,625.0,278.0,903.0,326.0,296.0,281.0,210.0,208.0,207.0,230.0,232.0,224.0,714.0,664.0,627.0,326.0,296.0,281.0,210.0,208.0,207.0
1.0,1597.0,690.0,628.0,495.0,1110.0,429.0,368.0,313.0,211.0,209.0,208.0,225.0,236.0,229.0,514.0,536.0,547.0,429.0,368.0,313.0,211.0,209.0,208.0
1.0,1402.0,661.0,629.0,903.0,872.0,321.0,288.0,263.0,211.0,209.0,209.0,218.0,216.0,227.0,415.0,468.0,519.0,321.0,288.0,263.0,211.0,209.0,209.0
1.0,1644.0,683.0,631.0,1110.0,453.0,121.0,154.0,178.0,212.0,210.0,209.0,225.0,230.0,228.0,523.0,548.0,573.0,121.0,154.0,178.0,212.0,210.0,209.0
1.0,2071.0,652.0,631.0,872.0,233.0,15.0,80.0,138.0,212.0,210.0,209.0,215.0,214.0,223.0,727.0,686.0,658.0,15.0,80.0,138.0,212.0,210.0,209.0
1.0,2291.0,667.0,633.0,453.0,455.0,115.0,158.0,182.0,213.0,210.0,210.0,217.0,232.0,218.0,833.0,760.0,698.0,115.0,158.0,182.0,213.0,210.0,210.0
1.0,2077.0,693.0,635.0,233.0,923.0,330.0,315.0,278.0,213.0,211.0,211.0,230.0,233.0,230.0,737.0,682.0,658.0,330.0,315.0,278.0,213.0,211.0,211.0
1.0,1617.0,625.0,635.0,455.0,1093.0,412.0,369.0,312.0,213.0,211.0,211.0,197.0,212.0,216.0,522.0,529.0,566.0,412.0,369.0,312.0,213.0,211.0,211.0
1.0,1447.0,724.0,638.0,923.0,906.0,317.0,306.0,283.0,214.0,212.0,212.0,231.0,248.0,245.0,440.0,475.0,532.0,317.0,306.0,283.0,214.0,212.0,212.0
1.0,1646.0,699.0,640.0,1093.0,520.0,130.0,170.0,220.0,214.0,213.0,213.0,225.0,229.0,245.0,539.0,542.0,565.0,130.0,170.0,220.0,214.0,213.0,213.0
1.0,2040.0,638.0,640.0,906.0,252.0,18.0,87.0,147.0,214.0,213.0,213.0,205.0,223.0,210.0,726.0,682.0,632.0,18.0,87.0,147.0,214.0,213.0,213.0
1.0,2308.0,692.0,640.0,520.0,424.0,115.0,152.0,157.0,214.0,213.0,213.0,227.0,235.0,230.0,838.0,765.0,705.0,115.0,152.0,157.0,214.0,213.0,213.0
1.0,2136.0,642.0,642.0,252.0,822.0,304.0,285.0,233.0,214.0,214.0,214.0,207.0,216.0,219.0,741.0,700.0,695.0,304.0,285.0,233.0,214.0,214.0,214.0
1.0,1746.0,696.0,644.0,424.0,1102.0,420.0,373.0,309.0,215.0,215.0,214.0,227.0,236.0,233.0,552.0,571.0,623.0,420.0,373.0,309.0,215.0,215.0,214.0
1.0,1474.0,678.0,645.0,822.0,962.0,335.0,318.0,309.0,215.0,215.0,215.0,219.0,230.0,229.0,440.0,487.0,547.0,335.0,318.0,309.0,215.0,215.0,215.0
1.0,1618.0,657.0,647.0,1102.0,525.0,136.0,161.0,228.0,216.0,215.0,216.0,217.0,216.0,224.0,525.0,542.0,551.0,136.0,161.0,228.0,216.0,215.0,216.0
1.0,2063.0,637.0,648.0,962.0,204.0,17.0,63.0,124.0,216.0,216.0,216.0,216.0,216.0,205.0,728.0,699.0,636.0,17.0,63.0,124.0,216.0,216.0,216.0
1.0,2388.0,709.0,648.0,525.0,388.0,115.0,142.0,131.0,216.0,216.0,216.0,234.0,240.0,235.0,847.0,801.0,740.0,115.0,142.0,131.0,216.0,216.0,216.0
1.0,2204.0,639.0,648.0,204.0,823.0,310.0,292.0,221.0,216.0,216.0,216.0,212.0,213.0,214.0,749.0,722.0,733.0,310.0,292.0,221.0,216.0,216.0,216.0
1.0,1769.0,679.0,648.0,388.0,1114.0,421.0,378.0,315.0,216.0,216.0,216.0,226.0,228.0,225.0,554.0,572.0,643.0,421.0,378.0,315.0,216.0,216.0,216.0
1.0,1478.0,637.0,650.0,823.0,936.0,329.0,292.0,315.0,217.0,216.0,217.0,214.0,206.0,217.0,443.0,486.0,549.0,329.0,292.0,315.0,217.0,216.0,217.0
1.0,1664.0,643.0,651.0,1114.0,469.0,126.0,131.0,212.0,217.0,217.0,217.0,218.0,213.0,212.0,539.0,572.0,553.0,126.0,131.0,212.0,217.0,217.0,217.0
1.0,2135.0,627.0,651.0,936.0,160.0,6.0,44.0,110.0,217.0,217.0,217.0,209.0,205.0,213.0,742.0,737.0,656.0,6.0,44.0,110.0,217.0,217.0,217.0
1.0,2444.0,619.0,651.0,469.0,310.0,90.0,122.0,98.0,217.0,217.0,217.0,210.0,209.0,200.0,862.0,824.0,758.0,90.0,122.0,98.0,217.0,217.0,217.0
1.0,2294.0,680.0,652.0,160.0,834.0,312.0,301.0,221.0,217.0,217.0,218.0,228.0,223.0,229.0,778.0,746.0,770.0,312.0,301.0,221.0,217.0,217.0,218.0
1.0,1774.0,659.0,653.0,310.0,1187.0,440.0,404.0,343.0,217.0,218.0,218.0,218.0,221.0,220.0,556.0,567.0,651.0,440.0,404.0,343.0,217.0,218.0,218.0
1.0,1425.0,651.0,653.0,834.0,1004.0,345.0,319.0,340.0,217.0,218.0,218.0,217.0,216.0,218.0,428.0,468.0,529.0,345.0,319.0,340.0,217.0,218.0,218.0
1.0,1608.0,651.0,655.0,1187.0,476.0,127.0,134.0,215.0,218.0,218.0,219.0,218.0,219.0,214.0,523.0,553.0,532.0,127.0,134.0,215.0,218.0,218.0,219.0
1.0,2144.0,649.0,655.0,1004.0,121.0,0.0,34.0,87.0,218.0,218.0,219.0,218.0,219.0,212.0,745.0,738.0,661.0,0.0,34.0,87.0,218.0,218.0,219.0
1.0,2499.0,705.0,656.0,476.0,354.0,113.0,131.0,110.0,218.0,219.0,219.0,240.0,227.0,238.0,872.0,838.0,789.0,113.0,131.0,110.0,218.0,219.0,219.0
1.0,2270.0,678.0,657.0,121.0,915.0,342.0,326.0,247.0,218.0,219.0,220.0,229.0,229.0,220.0,759.0,745.0,766.0,342.0,326.0,247.0,218.0,219.0,220.0
1.0,1713.0,639.0,658.0,354.0,1204.0,450.0,408.0,346.0,219.0,219.0,220.0,217.0,213.0,209.0,530.0,550.0,633.0,450.0,408.0,346.0,219.0,219.0,220.0
1.0,1428.0,653.0,659.0,915.0,946.0,334.0,302.0,310.0,219.0,220.0,220.0,226.0,216.0,211.0,426.0,468.0,534.0,334.0,302.0,310.0,219.0,220.0,220.0
1.0,1690.0,641.0,659.0,1204.0,383.0,106.0,106.0,171.0,219.0,220.0,220.0,222.0,212.0,207.0,542.0,578.0,570.0,106.0,106.0,171.0,219.0,220.0,220.0
1.0,2253.0,617.0,659.0,946.0,65.0,0.0,12.0,53.0,219.0,220.0,220.0,217.0,208.0,192.0,770.0,774.0,709.0,0.0,12.0,53.0,219.0,220.0,220.0
1.0,2582.0,659.0,659.0,383.0,330.0,113.0,116.0,101.0,219.0,220.0,220.0,230.0,210.0,219.0,887.0,868.0,827.0,113.0,116.0,101.0,219.0,220.0,220.0
1.0,2306.0,640.0,660.0,65.0,909.0,339.0,313.0,257.0,220.0,220.0,220.0,222.0,209.0,209.0,763.0,764.0,779.0,339.0,313.0,257.0,220.0,220.0,220.0
1.0,1731.0,675.0,660.0,330.0,1254.0,459.0,414.0,381.0,220.0,220.0,220.0,233.0,217.0,225.0,541.0,567.0,623.0,459.0,414.0,381.0,220.0,220.0,220.0
1.0,1386.0,630.0,660.0,909.0,975.0,332.0,308.0,335.0,220.0,220.0,220.0,212.0,207.0,211.0,421.0,466.0,499.0,332.0,308.0,335.0,220.0,220.0,220.0
1.0,1665.0,662.0,660.0,1254.0,383.0,99.0,104.0,180.0,220.0,220.0,220.0,226.0,210.0,226.0,548.0,572.0,545.0,99.0,104.0,180.0,220.0,220.0,220.0
1.0,2257.0,698.0,660.0,975.0,108.0,0.0,27.0,81.0,220.0,220.0,220.0,231.0,231.0,236.0,781.0,776.0,700.0,0.0,27.0,81.0,220.0,220.0,220.0
1.0,2534.0,664.0,660.0,383.0,387.0,127.0,144.0,116.0,220.0,220.0,220.0,228.0,221.0,215.0,882.0,853.0,799.0,127.0,144.0,116.0,220.0,220.0,220.0
1.0,2253.0,642.0,660.0,108.0,921.0,341.0,329.0,251.0,220.0,220.0,220.0,214.0,212.0,216.0,753.0,736.0,764.0,341.0,329.0,251.0,220.0,220.0,220.0
1.0,1719.0,670.0,660.0,387.0,1204.0,451.0,405.0,348.0,220.0,220.0,220.0,237.0,220.0,213.0,539.0,551.0,629.0,451.0,405.0,348.0,220.0,220.0,220.0
1.0,1436.0,673.0,660.0,921.0,956.0,343.0,296.0,317.0,220.0,220.0,220.0,233.0,220.0,220.0,429.0,475.0,532.0,343.0,296.0,317.0,220.0,220.0,220.0
1.0,1684.0,637.0,660.0,1204.0,389.0,119.0,109.0,161.0,220.0,220.0,220.0,227.0,218.0,192.0,537.0,584.0,563.0,119.0,109.0,161.0,220.0,220.0,220.0
1.0,2251.0,651.0,660.0,956.0,84.0,8.0,25.0,51.0,221.0,220.0,219.0,228.0,212.0,211.0,761.0,771.0,719.0,8.0,25.0,51.0,221.0,220.0,219.0
1.0,2556.0,685.0,660.0,389.0,380.0,126.0,140.0,114.0,221.0,220.0,219.0,237.0,224.0,224.0,876.0,855.0,825.0,126.0,140.0,114.0,221.0,220.0,219.0
1.0,2260.0,675.0,662.0,84.0,979.0,354.0,336.0,289.0,222.0,220.0,220.0,232.0,221.0,222.0,758.0,740.0,762.0,354.0,336.0,289.0,222.0,220.0,220.0
1.0,1669.0,647.0,662.0,380.0,1246.0,452.0,405.0,389.0,222.0,220.0,220.0,224.0,209.0,214.0,534.0,544.0,591.0,452.0,405.0,389.0,222.0,220.0,220.0
1.0,1402.0,643.0,661.0,979.0,906.0,313.0,280.0,313.0,222.0,220.0,219.0,215.0,211.0,217.0,436.0,475.0,491.0,313.0,280.0,313.0,222.0,220.0,219.0
1.0,1738.0,680.0,661.0,1246.0,340.0,91.0,106.0,143.0,222.0,220.0,219.0,230.0,231.0,219.0,575.0,600.0,563.0,91.0,106.0,143.0,222.0,220.0,219.0
1.0,2304.0,643.0,661.0,906.0,83.0,0.0,39.0,44.0,222.0,220.0,219.0,216.0,213.0,214.0,797.0,774.0,733.0,0.0,39.0,44.0,222.0,220.0,219.0
1.0,2567.0,647.0,661.0,340.0,384.0,123.0,152.0,109.0,222.0,220.0,219.0,220.0,219.0,208.0,894.0,841.0,832.0,123.0,152.0,109.0,222.0,220.0,219.0
1.0,2260.0,687.0,661.0,83.0,988.0,361.0,342.0,285.0,222.0,220.0,219.0,238.0,229.0,220.0,765.0,728.0,767.0,361.0,342.0,285.0,222.0,220.0,219.0
1.0,1656.0,706.0,662.0,384.0,1314.0,477.0,427.0,410.0,223.0,220.0,219.0,235.0,237.0,234.0,527.0,538.0,591.0,477.0,427.0,410.0,223.0,220.0,219.0
1.0,1334.0,671.0,662.0,988.0,997.0,348.0,311.0,338.0,223.0,220.0,219.0,232.0,226.0,213.0,415.0,453.0,466.0,348.0,311.0,338.0,223.0,220.0,219.0
1.0,1651.0,732.0,663.0,1314.0,419.0,110.0,144.0,165.0,223.0,221.0,219.0,239.0,256.0,237.0,544.0,569.0,538.0,110.0,144.0,165.0,223.0,221.0,219.0
1.0,2233.0,690.0,663.0,997.0,127.0,0.0,71.0,56.0,223.0,221.0,219.0,223.0,238.0,229.0,782.0,740.0,711.0,0.0,71.0,56.0,223.0,221.0,219.0
1.0,2540.0,688.0,664.0,419.0,385.0,105.0,154.0,126.0,224.0,221.0,219.0,226.0,227.0,235.0,907.0,813.0,820.0,105.0,154.0,126.0,224.0,221.0,219.0
1.0,2271.0,673.0,664.0,127.0,931.0,324.0,309.0,298.0,224.0,221.0,219.0,219.0,226.0,228.0,791.0,730.0,750.0,324.0,309.0,298.0,224.0,221.0,219.0
1.0,1725.0,669.0,663.0,385.0,1211.0,426.0,384.0,401.0,223.0,221.0,219.0,211.0,229.0,229.0,572.0,575.0,578.0,426.0,384.0,401.0,223.0,221.0,219.0
1.0,1441.0,678.0,664.0,931.0,962.0,327.0,306.0,329.0,224.0,221.0,219.0,221.0,231.0,226.0,466.0,500.0,475.0,327.0,306.0,329.0,224.0,221.0,219.0
1.0,1694.0,699.0,664.0,1211.0,450.0,132.0,156.0,162.0,224.0,221.0,219.0,231.0,234.0,234.0,569.0,578.0,547.0,132.0,156.0,162.0,224.0,221.0,219.0
1.0,2206.0,718.0,665.0,962.0,210.0,41.0,82.0,87.0,224.0,221.0,220.0,236.0,232.0,250.0,764.0,728.0,714.0,41.0,82.0,87.0,224.0,221.0,220.0
1.0,2450.0,714.0,665.0,450.0,474.0,135.0,169.0,170.0,224.0,221.0,220.0,226.0,243.0,245.0,855.0,802.0,793.0,135.0,169.0,170.0,224.0,221.0,220.0
1.0,2186.0,717.0,665.0,210.0,981.0,327.0,321.0,333.0,224.0,221.0,220.0,233.0,234.0,250.0,761.0,715.0,710.0,327.0,321.0,333.0,224.0,221.0,220.0
1.0,1679.0,712.0,668.0,474.0,1231.0,427.0,397.0,407.0,225.0,222.0,221.0,231.0,241.0,240.0,569.0,563.0,547.0,427.0,397.0,407.0,225.0,222.0,221.0
1.0,1441.0,709.0,668.0,981.0,959.0,326.0,317.0,316.0,225.0,222.0,221.0,226.0,241.0,242.0,473.0,491.0,477.0,326.0,317.0,316.0,225.0,222.0,221.0
1.0,1713.0,689.0,669.0,1231.0,421.0,119.0,142.0,160.0,225.0,222.0,222.0,220.0,222.0,247.0,574.0,571.0,568.0,119.0,142.0,160.0,225.0,222.0,222.0
1.0,2255.0,709.0,669.0,959.0,171.0,17.0,67.0,87.0,225.0,222.0,222.0,224.0,242.0,243.0,781.0,746.0,728.0,17.0,67.0,87.0,225.0,222.0,222.0
1.0,2505.0,748.0,671.0,421.0,506.0,135.0,184.0,187.0,225.0,223.0,223.0,237.0,255.0,256.0,883.0,821.0,801.0,135.0,184.0,187.0,225.0,223.0,223.0
1.0,2178.0,725.0,673.0,171.0,1068.0,360.0,366.0,342.0,226.0,224.0,223.0,238.0,245.0,242.0,765.0,708.0,705.0,360.0,366.0,342.0,226.0,224.0,223.0
1.0,1624.0,743.0,674.0,506.0,1309.0,473.0,431.0,405.0,226.0,224.0,224.0,248.0,249.0,246.0,544.0,530.0,550.0,473.0,431.0,405.0,226.0,224.0,224.0
1.0,1387.0,729.0,676.0,1068.0,978.0,356.0,321.0,301.0,227.0,225.0,224.0,239.0,252.0,238.0,431.0,465.0,491.0,356.0,321.0,301.0,227.0,225.0,224.0
1.0,1726.0,704.0,678.0,1309.0,381.0,115.0,135.0,131.0,227.0,226.0,225.0,232.0,241.0,231.0,552.0,579.0,595.0,115.0,135.0,131.0,227.0,226.0,225.0
1.0,2331.0,675.0,678.0,978.0,109.0,0.0,42.0,67.0,227.0,226.0,225.0,210.0,228.0,237.0,793.0,769.0,769.0,0.0,42.0,67.0,227.0,226.0,225.0
1.0,2634.0,714.0,678.0,381.0,411.0,85.0,150.0,176.0,227.0,226.0,225.0,231.0,243.0,240.0,939.0,862.0,833.0,85.0,150.0,176.0,227.0,226.0,225.0
1.0,2301.0,680.0,680.0,109.0,990.0,318.0,338.0,334.0,227.0,227.0,226.0,233.0,226.0,221.0,823.0,754.0,724.0,318.0,338.0,334.0,227.0,227.0,226.0
1.0,1730.0,705.0,681.0,411.0,1288.0,466.0,427.0,395.0,228.0,227.0,226.0,229.0,239.0,237.0,590.0,570.0,570.0,466.0,427.0,395.0,228.0,227.0,226.0
1.0,1436.0,681.0,681.0,990.0,979.0,371.0,313.0,295.0,228.0,227.0,226.0,223.0,224.0,234.0,446.0,481.0,509.0,371.0,313.0,295.0,228.0,227.0,226.0
1.0,1745.0,669.0,680.0,1288.0,356.0,116.0,114.0,126.0,227.0,227.0,226.0,215.0,228.0,226.0,541.0,595.0,609.0,116.0,114.0,126.0,227.0,227.0,226.0
1.0,2364.0,669.0,680.0,979.0,85.0,0.0,29.0,56.0,227.0,227.0,226.0,216.0,228.0,225.0,792.0,794.0,778.0,0.0,29.0,56.0,227.0,227.0,226.0
1.0,2674.0,668.0,681.0,356.0,362.0,57.0,138.0,167.0,227.0,227.0,227.0,212.0,223.0,233.0,947.0,879.0,848.0,57.0,138.0,167.0,227.0,227.0,227.0
1.0,2362.0,687.0,682.0,85.0,968.0,288.0,345.0,335.0,227.0,228.0,227.0,231.0,232.0,224.0,851.0,770.0,741.0,288.0,345.0,335.0,227.0,228.0,227.0
1.0,1760.0,669.0,682.0,362.0,1275.0,447.0,433.0,395.0,227.0,228.0,227.0,216.0,226.0,227.0,620.0,567.0,573.0,447.0,433.0,395.0,227.0,228.0,227.0
1.0,1453.0,698.0,683.0,968.0,1009.0,388.0,322.0,299.0,227.0,228.0,228.0,229.0,234.0,235.0,461.0,479.0,513.0,388.0,322.0,299.0,227.0,228.0,228.0
1.0,1723.0,732.0,685.0,1275.0,474.0,181.0,147.0,146.0,227.0,229.0,229.0,240.0,254.0,238.0,520.0,590.0,613.0,181.0,147.0,146.0,227.0,229.0,229.0
1.0,2266.0,704.0,686.0,1009.0,173.0,28.0,63.0,82.0,227.0,230.0,229.0,235.0,234.0,235.0,727.0,769.0,770.0,28.0,63.0,82.0,227.0,230.0,229.0
1.0,2571.0,707.0,687.0,474.0,410.0,92.0,147.0,171.0,228.0,230.0,229.0,241.0,231.0,235.0,880.0,857.0,834.0,92.0,147.0,171.0,228.0,230.0,229.0
1.0,2338.0,714.0,689.0,173.0,959.0,301.0,338.0,320.0,228.0,231.0,230.0,237.0,250.0,227.0,820.0,773.0,745.0,301.0,338.0,320.0,228.0,231.0,230.0
1.0,1797.0,713.0,689.0,410.0,1262.0,449.0,428.0,385.0,228.0,231.0,230.0,240.0,237.0,236.0,611.0,586.0,600.0,449.0,428.0,385.0,228.0,231.0,230.0
1.0,1494.0,697.0,690.0,959.0,1004.0,391.0,315.0,298.0,229.0,231.0,230.0,239.0,225.0,233.0,463.0,496.0,535.0,391.0,315.0,298.0,229.0,231.0,230.0
1.0,1756.0,660.0,689.0,1262.0,398.0,157.0,120.0,121.0,228.0,231.0,230.0,219.0,233.0,208.0,525.0,609.0,622.0,157.0,120.0,121.0,228.0,231.0,230.0
1.0,2358.0,706.0,691.0,1004.0,108.0,20.0,32.0,56.0,229.0,232.0,230.0,250.0,223.0,233.0,755.0,804.0,799.0,20.0,32.0,56.0,229.0,232.0,230.0
1.0,2656.0,719.0,692.0,398.0,433.0,105.0,137.0,191.0,229.0,232.0,231.0,242.0,225.0,252.0,896.0,896.0,864.0,105.0,137.0,191.0,229.0,232.0,231.0
1.0,2335.0,672.0,692.0,108.0,997.0,303.0,330.0,364.0,229.0,232.0,231.0,218.0,225.0,229.0,811.0,791.0,733.0,303.0,330.0,364.0,229.0,232.0,231.0
1.0,1771.0,726.0,693.0,433.0,1294.0,444.0,432.0,418.0,229.0,232.0,232.0,246.0,239.0,241.0,613.0,598.0,560.0,444.0,432.0,418.0,229.0,232.0,232.0
1.0,1478.0,702.0,694.0,997.0,1003.0,388.0,323.0,292.0,230.0,232.0,232.0,243.0,221.0,238.0,472.0,496.0,510.0,388.0,323.0,292.0,230.0,232.0,232.0
1.0,1773.0,691.0,694.0,1294.0,400.0,182.0,114.0,104.0,230.0,232.0,232.0,238.0,223.0,230.0,532.0,605.0,636.0,182.0,114.0,104.0,230.0,232.0,232.0
1.0,2376.0,735.0,696.0,1003.0,140.0,43.0,40.0,57.0,230.0,233.0,233.0,249.0,245.0,241.0,738.0,814.0,824.0,43.0,40.0,57.0,230.0,233.0,233.0
1.0,2644.0,686.0,696.0,400.0,426.0,94.0,149.0,183.0,230.0,233.0,233.0,233.0,223.0,230.0,877.0,892.0,875.0,94.0,149.0,183.0,230.0,233.0,233.0
1.0,2358.0,715.0,698.0,140.0,1009.0,296.0,350.0,363.0,231.0,234.0,233.0,241.0,237.0,237.0,826.0,783.0,749.0,296.0,350.0,363.0,231.0,234.0,233.0
1.0,1783.0,687.0,699.0,426.0,1274.0,434.0,426.0,414.0,231.0,234.0,234.0,232.0,225.0,230.0,628.0,586.0,569.0,434.0,426.0,414.0,231.0,234.0,234.0
1.0,1522.0,676.0,699.0,1009.0,941.0,375.0,293.0,273.0,231.0,234.0,234.0,237.0,217.0,222.0,490.0,510.0,522.0,375.0,293.0,273.0,231.0,234.0,234.0
1.0,1855.0,711.0,699.0,1274.0,378.0,184.0,98.0,96.0,231.0,234.0,234.0,243.0,231.0,237.0,549.0,643.0,663.0,184.0,98.0,96.0,231.0,234.0,234.0
1.0,2418.0,705.0,700.0,941.0,146.0,44.0,40.0,62.0,231.0,234.0,235.0,235.0,235.0,235.0,740.0,838.0,840.0,44.0,40.0,62.0,231.0,234.0,235.0
1.0,2654.0,714.0,700.0,378.0,482.0,114.0,179.0,189.0,232.0,234.0,234.0,250.0,237.0,227.0,880.0,896.0,878.0,114.0,179.0,189.0,232.0,234.0,234.0
1.0,2318.0,744.0,701.0,146.0,1084.0,313.0,388.0,383.0,232.0,234.0,235.0,243.0,249.0,252.0,814.0,757.0,747.0,313.0,388.0,383.0,232.0,234.0,235.0
1.0,1720.0,701.0,701.0,482.0,1303.0,436.0,434.0,433.0,232.0,234.0,235.0,237.0,225.0,239.0,615.0,548.0,557.0,436.0,434.0,433.0,232.0,234.0,235.0
1.0,1501.0,705.0,701.0,1084.0,924.0,366.0,274.0,284.0,232.0,234.0,235.0,243.0,228.0,234.0,492.0,502.0,507.0,366.0,274.0,284.0,232.0,234.0,235.0
1.0,1880.0,725.0,702.0,1303.0,350.0,184.0,80.0,86.0,233.0,234.0,235.0,250.0,240.0,235.0,562.0,662.0,656.0,184.0,80.0,86.0,233.0,234.0,235.0
1.0,2458.0,718.0,703.0,924.0,148.0,61.0,45.0,42.0,233.0,234.0,236.0,243.0,239.0,236.0,748.0,856.0,854.0,61.0,45.0,42.0,233.0,234.0,236.0
1.0,2664.0,696.0,704.0,350.0,498.0,116.0,190.0,192.0,234.0,234.0,236.0,235.0,225.0,236.0,871.0,891.0,902.0,116.0,190.0,192.0,234.0,234.0,236.0
1.0,2318.0,698.0,704.0,148.0,1048.0,286.0,378.0,384.0,234.0,234.0,236.0,231.0,233.0,234.0,820.0,746.0,752.0,286.0,378.0,384.0,234.0,234.0,236.0
1.0,1768.0,751.0,704.0,498.0,1301.0,430.0,439.0,432.0,234.0,234.0,236.0,260.0,251.0,240.0,650.0,558.0,560.0,430.0,439.0,432.0,234.0,234.0,236.0
1.0,1515.0,716.0,705.0,1048.0,973.0,378.0,311.0,284.0,234.0,235.0,236.0,234.0,246.0,236.0,506.0,497.0,512.0,378.0,311.0,284.0,234.0,235.0,236.0
1.0,1847.0,742.0,706.0,1301.0,418.0,202.0,119.0,97.0,235.0,235.0,236.0,250.0,247.0,245.0,558.0,629.0,660.0,202.0,119.0,97.0,235.0,235.0,236.0
1.0,2406.0,720.0,706.0,973.0,165.0,63.0,48.0,54.0,235.0,235.0,236.0,239.0,240.0,241.0,738.0,821.0,847.0,63.0,48.0,54.0,235.0,235.0,236.0
1.0,2659.0,686.0,704.0,418.0,425.0,96.0,146.0,183.0,235.0,234.0,235.0,235.0,221.0,230.0,877.0,892.0,890.0,96.0,146.0,183.0,235.0,234.0,235.0
1.0,2391.0,745.0,705.0,165.0,1009.0,281.0,351.0,377.0,235.0,235.0,235.0,248.0,249.0,248.0,844.0,790.0,757.0,281.0,351.0,377.0,235.0,235.0,235.0
1.0,1811.0,747.0,707.0,425.0,1339.0,440.0,447.0,452.0,236.0,235.0,236.0,251.0,242.0,254.0,659.0,589.0,563.0,440.0,447.0,452.0,236.0,235.0,236.0
1.0,1489.0,728.0,707.0,1009.0,1058.0,402.0,341.0,315.0,236.0,235.0,236.0,243.0,245.0,240.0,504.0,493.0,492.0,402.0,341.0,315.0,236.0,235.0,236.0
1.0,1770.0,722.0,706.0,1339.0,437.0,206.0,132.0,99.0,236.0,235.0,235.0,244.0,238.0,240.0,542.0,599.0,629.0,206.0,132.0,99.0,236.0,235.0,235.0
1.0,2387.0,702.0,706.0,1058.0,81.0,35.0,31.0,15.0,236.0,235.0,235.0,231.0,240.0,231.0,738.0,808.0,841.0,35.0,31.0,15.0,236.0,235.0,235.0
1.0,2743.0,660.0,704.0,437.0,296.0,46.0,117.0,133.0,236.0,234.0,234.0,217.0,222.0,221.0,909.0,909.0,925.0,46.0,117.0,133.0,236.0,234.0,234.0
1.0,2520.0,694.0,703.0,81.0,905.0,233.0,328.0,344.0,235.0,234.0,234.0,226.0,242.0,226.0,898.0,819.0,803.0,233.0,328.0,344.0,235.0,234.0,234.0
1.0,1907.0,692.0,703.0,296.0,1301.0,415.0,451.0,435.0,235.0,234.0,234.0,228.0,240.0,224.0,707.0,608.0,592.0,415.0,451.0,435.0,235.0,234.0,234.0
1.0,1511.0,744.0,704.0,905.0,1144.0,431.0,375.0,338.0,236.0,234.0,234.0,245.0,252.0,247.0,525.0,485.0,501.0,431.0,375.0,338.0,236.0,234.0,234.0
1.0,1672.0,715.0,704.0,1301.0,558.0,252.0,163.0,143.0,236.0,234.0,234.0,236.0,239.0,240.0,513.0,561.0,598.0,252.0,163.0,143.0,236.0,234.0,234.0
1.0,2258.0,710.0,706.0,1144.0,132.0,57.0,34.0,41.0,236.0,235.0,235.0,236.0,242.0,232.0,692.0,773.0,793.0,57.0,34.0,41.0,236.0,235.0,235.0
1.0,2692.0,679.0,705.0,558.0,249.0,24.0,107.0,118.0,236.0,235.0,234.0,219.0,236.0,224.0,887.0,906.0,899.0,24.0,107.0,118.0,236.0,235.0,234.0
1.0,2571.0,684.0,705.0,132.0,801.0,192.0,310.0,299.0,236.0,235.0,234.0,225.0,237.0,222.0,920.0,833.0,818.0,192.0,310.0,299.0,236.0,235.0,234.0
1.0,2019.0,688.0,705.0,249.0,1240.0,383.0,447.0,410.0,236.0,235.0,234.0,215.0,244.0,229.0,752.0,630.0,637.0,383.0,447.0,410.0,236.0,235.0,234.0
1.0,1580.0,682.0,705.0,801.0,1121.0,413.0,368.0,340.0,236.0,235.0,234.0,222.0,231.0,229.0,561.0,493.0,526.0,413.0,368.0,340.0,236.0,235.0,234.0
1.0,1699.0,684.0,705.0,1240.0,565.0,257.0,156.0,152.0,236.0,235.0,234.0,227.0,235.0,222.0,531.0,572.0,596.0,257.0,156.0,152.0,236.0,235.0,234.0
1.0,2255.0,727.0,707.0,1121.0,179.0,93.0,34.0,52.0,237.0,236.0,234.0,245.0,242.0,240.0,687.0,784.0,784.0,93.0,34.0,52.0,237.0,236.0,234.0
1.0,2649.0,715.0,707.0,565.0,329.0,79.0,117.0,133.0,237.0,236.0,234.0,243.0,239.0,233.0,855.0,910.0,884.0,79.0,117.0,133.0,237.0,236.0,234.0
1.0,2499.0,692.0,707.0,179.0,842.0,217.0,326.0,299.0,237.0,236.0,234.0,231.0,243.0,218.0,869.0,827.0,803.0,217.0,326.0,299.0,237.0,236.0,234.0
1.0,1986.0,752.0,708.0,329.0,1269.0,399.0,452.0,418.0,238.0,236.0,234.0,257.0,243.0,252.0,731.0,618.0,637.0,399.0,452.0,418.0,238.0,236.0,234.0
1.0,1563.0,695.0,707.0,842.0,1118.0,405.0,368.0,345.0,237.0,236.0,234.0,227.0,242.0,226.0,553.0,492.0,518.0,405.0,368.0,345.0,237.0,236.0,234.0
1.0,1710.0,788.0,710.0,1269.0,649.0,275.0,187.0,187.0,238.0,237.0,235.0,265.0,267.0,256.0,543.0,576.0,591.0,275.0,187.0,187.0,238.0,237.0,235.0
1.0,2191.0,707.0,709.0,1118.0,234.0,107.0,54.0,73.0,238.0,236.0,235.0,237.0,239.0,231.0,677.0,761.0,753.0,107.0,54.0,73.0,238.0,236.0,235.0
1.0,2602.0,688.0,708.0,649.0,269.0,59.0,103.0,107.0,238.0,236.0,234.0,227.0,236.0,225.0,845.0,890.0,867.0,59.0,103.0,107.0,238.0,236.0,234.0
1.0,2563.0,743.0,710.0,234.0,786.0,197.0,301.0,288.0,238.0,237.0,235.0,245.0,248.0,250.0,893.0,841.0,829.0,197.0,301.0,288.0,238.0,237.0,235.0
1.0,2054.0,735.0,711.0,269.0,1256.0,380.0,442.0,434.0,238.0,237.0,236.0,242.0,244.0,249.0,755.0,647.0,652.0,380.0,442.0,434.0,238.0,237.0,236.0
1.0,1588.0,738.0,712.0,786.0,1212.0,427.0,395.0,390.0,238.0,238.0,236.0,244.0,250.0,244.0,572.0,506.0,510.0,427.0,395.0,390.0,238.0,238.0,236.0
1.0,1636.0,735.0,712.0,1256.0,691.0,291.0,196.0,204.0,238.0,238.0,236.0,244.0,243.0,248.0,525.0,557.0,554.0,291.0,196.0,204.0,238.0,238.0,236.0
1.0,2157.0,695.0,712.0,1212.0,174.0,91.0,38.0,45.0,238.0,238.0,236.0,227.0,237.0,231.0,661.0,756.0,740.0,91.0,38.0,45.0,238.0,238.0,236.0
1.0,2674.0,737.0,712.0,691.0,220.0,48.0,83.0,89.0,238.0,238.0,236.0,248.0,241.0,248.0,861.0,914.0,899.0,48.0,83.0,89.0,238.0,238.0,236.0
1.0,2628.0,741.0,713.0,174.0,791.0,197.0,305.0,289.0,238.0,239.0,236.0,240.0,256.0,245.0,904.0,869.0,855.0,197.0,305.0,289.0,238.0,239.0,236.0
1.0,2061.0,740.0,714.0,220.0,1315.0,393.0,461.0,461.0,238.0,239.0,237.0,244.0,239.0,257.0,755.0,651.0,655.0,393.0,461.0,461.0,238.0,239.0,237.0
1.0,1541.0,765.0,714.0,791.0,1289.0,448.0,404.0,437.0,238.0,239.0,237.0,252.0,248.0,265.0,559.0,495.0,487.0,448.0,404.0,437.0,238.0,239.0,237.0
1.0,1567.0,780.0,717.0,1315.0,766.0,320.0,203.0,243.0,239.0,240.0,238.0,261.0,256.0,263.0,504.0,552.0,511.0,320.0,203.0,243.0,239.0,240.0,238.0
1.0,2102.0,717.0,717.0,1289.0,194.0,116.0,36.0,42.0,239.0,240.0,238.0,244.0,237.0,236.0,636.0,757.0,709.0,116.0,36.0,42.0,239.0,240.0,238.0
1.0,2674.0,748.0,717.0,766.0,176.0,34.0,90.0,52.0,239.0,240.0,238.0,238.0,257.0,253.0,840.0,924.0,910.0,34.0,90.0,52.0,239.0,240.0,238.0
1.0,2692.0,771.0,720.0,194.0,765.0,186.0,308.0,271.0,240.0,241.0,239.0,264.0,250.0,257.0,922.0,870.0,900.0,186.0,308.0,271.0,240.0,241.0,239.0
1.0,2115.0,747.0,720.0,176.0,1336.0,397.0,463.0,476.0,240.0,241.0,239.0,245.0,245.0,257.0,774.0,656.0,685.0,397.0,463.0,476.0,240.0,241.0,239.0
1.0,1544.0,734.0,721.0,765.0,1309.0,455.0,400.0,454.0,240.0,242.0,239.0,244.0,241.0,249.0,563.0,501.0,480.0,455.0,400.0,454.0,240.0,242.0,239.0
1.0,1575.0,783.0,722.0,1336.0,760.0,318.0,191.0,251.0,240.0,242.0,240.0,260.0,254.0,269.0,505.0,568.0,502.0,318.0,191.0,251.0,240.0,242.0,240.0
1.0,2128.0,724.0,722.0,1309.0,175.0,106.0,27.0,42.0,240.0,242.0,240.0,243.0,236.0,245.0,642.0,777.0,709.0,106.0,27.0,42.0,240.0,242.0,240.0
1.0,2713.0,760.0,722.0,760.0,175.0,42.0,79.0,54.0,240.0,242.0,240.0,254.0,243.0,263.0,854.0,941.0,918.0,42.0,79.0,54.0,240.0,242.0,240.0
1.0,2713.0,768.0,724.0,175.0,776.0,200.0,298.0,278.0,241.0,242.0,241.0,260.0,246.0,262.0,918.0,889.0,906.0,200.0,298.0,278.0,241.0,242.0,241.0
1.0,2120.0,772.0,725.0,175.0,1377.0,413.0,482.0,482.0,241.0,243.0,241.0,255.0,259.0,258.0,764.0,670.0,686.0,413.0,482.0,482.0,241.0,243.0,241.0
1.0,1523.0,777.0,726.0,776.0,1382.0,479.0,437.0,466.0,241.0,243.0,242.0,266.0,253.0,258.0,551.0,490.0,482.0,479.0,437.0,466.0,241.0,243.0,242.0
1.0,1522.0,724.0,726.0,1377.0,729.0,308.0,186.0,235.0,241.0,243.0,242.0,242.0,231.0,251.0,485.0,535.0,502.0,308.0,186.0,235.0,241.0,243.0,242.0
1.0,2175.0,766.0,728.0,1382.0,121.0,88.0,4.0,29.0,242.0,243.0,243.0,255.0,255.0,256.0,656.0,786.0,733.0,88.0,4.0,29.0,242.0,243.0,243.0
1.0,2791.0,734.0,728.0,729.0,126.0,29.0,57.0,40.0,242.0,243.0,243.0,249.0,239.0,246.0,880.0,968.0,943.0,29.0,57.0,40.0,242.0,243.0,243.0
1.0,2786.0,756.0,728.0,121.0,761.0,184.0,302.0,275.0,242.0,243.0,243.0,243.0,249.0,264.0,939.0,915.0,932.0,184.0,302.0,275.0,242.0,243.0,243.0
1.0,2151.0,797.0,730.0,126.0,1440.0,421.0,509.0,510.0,242.0,244.0,244.0,266.0,260.0,271.0,784.0,670.0,697.0,421.0,509.0,510.0,242.0,244.0,244.0
1.0,1480.0,726.0,729.0,761.0,1401.0,472.0,436.0,493.0,242.0,243.0,244.0,235.0,233.0,258.0,547.0,467.0,466.0,472.0,436.0,493.0,242.0,243.0,244.0
1.0,1515.0,813.0,732.0,1440.0,786.0,336.0,192.0,258.0,243.0,244.0,245.0,281.0,261.0,271.0,496.0,536.0,483.0,336.0,192.0,258.0,243.0,244.0,245.0
1.0,2142.0,753.0,732.0,1401.0,138.0,114.0,1.0,23.0,243.0,244.0,245.0,250.0,245.0,258.0,636.0,784.0,722.0,114.0,1.0,23.0,243.0,244.0,245.0
1.0,2790.0,777.0,732.0,786.0,129.0,35.0,66.0,28.0,243.0,244.0,245.0,257.0,257.0,263.0,858.0,975.0,957.0,35.0,66.0,28.0,243.0,244.0,245.0
1.0,2799.0,739.0,733.0,138.0,734.0,167.0,304.0,263.0,243.0,244.0,246.0,246.0,239.0,254.0,937.0,910.0,952.0,167.0,304.0,263.0,243.0,244.0,246.0
1.0,2198.0,731.0,733.0,129.0,1336.0,376.0,480.0,480.0,243.0,244.0,246.0,244.0,242.0,245.0,805.0,672.0,721.0,376.0,480.0,480.0,243.0,244.0,246.0
1.0,1596.0,719.0,733.0,734.0,1321.0,452.0,408.0,461.0,243.0,244.0,246.0,243.0,232.0,244.0,596.0,496.0,504.0,452.0,408.0,461.0,243.0,244.0,246.0
1.0,1611.0,715.0,734.0,1336.0,704.0,325.0,167.0,212.0,244.0,244.0,246.0,245.0,239.0,231.0,520.0,568.0,523.0,325.0,167.0,212.0,244.0,244.0,246.0
1.0,2232.0,720.0,734.0,1321.0,112.0,112.0,0.0,0.0,244.0,244.0,246.0,239.0,238.0,243.0,651.0,809.0,772.0,112.0,0.0,0.0,244.0,244.0,246.0
1.0,2833.0,724.0,735.0,704.0,127.0,28.0,72.0,27.0,244.0,244.0,247.0,241.0,242.0,241.0,864.0,979.0,990.0,28.0,72.0,27.0,244.0,244.0,247.0
1.0,2813.0,706.0,735.0,112.0,721.0,153.0,302.0,266.0,244.0,244.0,247.0,237.0,230.0,239.0,948.0,904.0,961.0,153.0,302.0,266.0,244.0,244.0,247.0
1.0,2219.0,707.0,735.0,127.0,1301.0,354.0,467.0,480.0,244.0,244.0,247.0,229.0,237.0,241.0,823.0,674.0,722.0,354.0,467.0,480.0,244.0,244.0,247.0
1.0,1639.0,744.0,735.0,721.0,1324.0,447.0,416.0,461.0,244.0,244.0,247.0,246.0,251.0,247.0,622.0,509.0,508.0,447.0,416.0,461.0,244.0,244.0,247.0
1.0,1616.0,738.0,736.0,1301.0,765.0,350.0,187.0,228.0,245.0,244.0,247.0,253.0,238.0,247.0,529.0,560.0,527.0,350.0,187.0,228.0,245.0,244.0,247.0
1.0,2179.0,694.0,737.0,1324.0,139.0,128.0,6.0,5.0,245.0,244.0,248.0,225.0,235.0,234.0,630.0,789.0,760.0,128.0,6.0,5.0,245.0,244.0,248.0
1.0,2809.0,727.0,738.0,765.0,105.0,23.0,61.0,21.0,246.0,244.0,248.0,241.0,242.0,244.0,852.0,970.0,987.0,23.0,61.0,21.0,246.0,244.0,248.0
1.0,2847.0,720.0,738.0,139.0,686.0,134.0,296.0,256.0,246.0,244.0,248.0,239.0,241.0,240.0,961.0,915.0,971.0,134.0,296.0,256.0,246.0,244.0,248.0
1.0,2266.0,788.0,740.0,105.0,1377.0,366.0,502.0,509.0,246.0,245.0,249.0,255.0,263.0,270.0,850.0,680.0,736.0,366.0,502.0,509.0,246.0,245.0,249.0
1.0,1583.0,771.0,741.0,686.0,1466.0,493.0,468.0,505.0,247.0,245.0,249.0,257.0,262.0,252.0,618.0,478.0,487.0,493.0,468.0,505.0,247.0,245.0,249.0
1.0,1498.0,792.0,743.0,1377.0,889.0,389.0,238.0,262.0,247.0,246.0,250.0,262.0,268.0,262.0,495.0,512.0,491.0,389.0,238.0,262.0,247.0,246.0,250.0
1.0,2083.0,746.0,743.0,1466.0,169.0,143.0,18.0,8.0,247.0,246.0,250.0,247.0,248.0,251.0,599.0,746.0,738.0,143.0,18.0,8.0,247.0,246.0,250.0
1.0,2803.0,793.0,744.0,889.0,77.0,26.0,48.0,3.0,248.0,246.0,250.0,268.0,268.0,257.0,845.0,966.0,992.0,26.0,48.0,3.0,248.0,246.0,250.0
1.0,2899.0,751.0,746.0,169.0,667.0,136.0,283.0,248.0,248.0,247.0,251.0,253.0,249.0,249.0,966.0,936.0,997.0,136.0,283.0,248.0,248.0,247.0,251.0
1.0,2317.0,709.0,744.0,77.0,1291.0,334.0,476.0,481.0,247.0,246.0,251.0,228.0,245.0,236.0,856.0,705.0,756.0,334.0,476.0,481.0,247.0,246.0,251.0
1.0,1685.0,738.0,744.0,667.0,1362.0,444.0,446.0,472.0,247.0,246.0,251.0,246.0,253.0,239.0,654.0,508.0,523.0,444.0,446.0,472.0,247.0,246.0,251.0
1.0,1614.0,690.0,745.0,1291.0,765.0,344.0,206.0,215.0,248.0,246.0,251.0,230.0,236.0,224.0,544.0,538.0,532.0,344.0,206.0,215.0,248.0,246.0,251.0
1.0,2215.0,792.0,746.0,1362.0,199.0,159.0,26.0,14.0,248.0,247.0,251.0,259.0,262.0,271.0,648.0,778.0,789.0,159.0,26.0,14.0,248.0,247.0,251.0
1.0,2785.0,770.0,746.0,765.0,204.0,74.0,80.0,50.0,248.0,247.0,251.0,259.0,260.0,251.0,833.0,962.0,990.0,74.0,80.0,50.0,248.0,247.0,251.0
1.0,2780.0,767.0,746.0,199.0,772.0,173.0,314.0,285.0,248.0,247.0,251.0,258.0,260.0,249.0,918.0,908.0,954.0,173.0,314.0,285.0,248.0,247.0,251.0
1.0,2212.0,764.0,747.0,204.0,1336.0,359.0,490.0,487.0,249.0,247.0,251.0,256.0,256.0,252.0,819.0,674.0,719.0,359.0,490.0,487.0,249.0,247.0,251.0
1.0,1652.0,744.0,748.0,772.0,1312.0,448.0,425.0,439.0,249.0,248.0,251.0,262.0,245.0,237.0,637.0,498.0,517.0,448.0,425.0,439.0,249.0,248.0,251.0
1.0,1680.0,741.0,748.0,1336.0,717.0,338.0,190.0,189.0,249.0,248.0,251.0,249.0,255.0,237.0,548.0,567.0,565.0,338.0,190.0,189.0,249.0,248.0,251.0
1.0,2275.0,765.0,749.0,1312.0,178.0,160.0,18.0,0.0,250.0,248.0,251.0,266.0,253.0,246.0,658.0,802.0,815.0,160.0,18.0,0.0,250.0,248.0,251.0
1.0,2822.0,792.0,749.0,717.0,249.0,93.0,100.0,56.0,250.0,248.0,251.0,271.0,272.0,249.0,840.0,974.0,1008.0,93.0,100.0,56.0,250.0,248.0,251.0
1.0,2747.0,761.0,749.0,178.0,832.0,191.0,333.0,308.0,250.0,248.0,251.0,258.0,251.0,252.0,907.0,892.0,948.0,191.0,333.0,308.0,250.0,248.0,251.0
1.0,2164.0,764.0,748.0,249.0,1343.0,358.0,491.0,494.0,250.0,248.0,250.0,260.0,258.0,246.0,809.0,659.0,696.0,358.0,491.0,494.0,250.0,248.0,250.0
1.0,1649.0,770.0,751.0,832.0,1293.0,424.0,427.0,442.0,251.0,249.0,251.0,253.0,265.0,252.0,642.0,501.0,506.0,424.0,427.0,442.0,251.0,249.0,251.0
1.0,1711.0,746.0,751.0,1343.0,696.0,320.0,183.0,193.0,251.0,249.0,251.0,254.0,247.0,245.0,580.0,569.0,562.0,320.0,183.0,193.0,251.0,249.0,251.0
1.0,2308.0,741.0,750.0,1293.0,153.0,148.0,5.0,0.0,251.0,249.0,250.0,252.0,249.0,240.0,684.0,813.0,811.0,148.0,5.0,0.0,251.0,249.0,250.0
1.0,2860.0,742.0,750.0,696.0,186.0,78.0,73.0,35.0,251.0,249.0,250.0,250.0,251.0,241.0,856.0,991.0,1013.0,78.0,73.0,35.0,251.0,249.0,250.0
1.0,2814.0,799.0,751.0,153.0,836.0,197.0,349.0,290.0,251.0,250.0,250.0,267.0,277.0,255.0,926.0,923.0,965.0,197.0,349.0,290.0,251.0,250.0,250.0
1.0,2168.0,786.0,751.0,186.0,1436.0,382.0,544.0,510.0,251.0,250.0,250.0,263.0,268.0,255.0,807.0,651.0,710.0,382.0,544.0,510.0,251.0,250.0,250.0
1.0,1568.0,787.0,752.0,836.0,1391.0,455.0,458.0,478.0,252.0,250.0,250.0,266.0,263.0,258.0,622.0,456.0,490.0,455.0,458.0,478.0,252.0,250.0,250.0
1.0,1617.0,803.0,753.0,1436.0,762.0,342.0,190.0,230.0,252.0,251.0,250.0,269.0,272.0,262.0,553.0,542.0,522.0,342.0,190.0,230.0,252.0,251.0,250.0
1.0,2250.0,788.0,753.0,1391.0,169.0,158.0,0.0,11.0,252.0,251.0,250.0,271.0,258.0,259.0,666.0,814.0,770.0,158.0,0.0,11.0,252.0,251.0,250.0
1.0,2853.0,793.0,753.0,762.0,190.0,76.0,67.0,47.0,252.0,251.0,250.0,260.0,267.0,266.0,850.0,1014.0,989.0,76.0,67.0,47.0,252.0,251.0,250.0
1.0,2822.0,791.0,754.0,169.0,816.0,175.0,339.0,302.0,252.0,252.0,250.0,257.0,268.0,266.0,932.0,937.0,953.0,175.0,339.0,302.0,252.0,252.0,250.0
1.0,2200.0,856.0,757.0,190.0,1494.0,394.0,556.0,544.0,253.0,253.0,251.0,291.0,280.0,285.0,833.0,669.0,698.0,394.0,556.0,544.0,253.0,253.0,251.0
1.0,1534.0,772.0,757.0,816.0,1450.0,475.0,483.0,492.0,253.0,253.0,251.0,256.0,266.0,250.0,618.0,456.0,460.0,475.0,483.0,492.0,253.0,253.0,251.0
1.0,1578.0,811.0,758.0,1494.0,771.0,344.0,208.0,219.0,253.0,254.0,251.0,263.0,277.0,271.0,537.0,529.0,512.0,344.0,208.0,219.0,253.0,254.0,251.0
1.0,2261.0,755.0,759.0,1450.0,125.0,125.0,0.0,0.0,254.0,254.0,251.0,252.0,251.0,252.0,668.0,808.0,785.0,125.0,0.0,0.0,254.0,254.0,251.0
1.0,2956.0,789.0,759.0,771.0,98.0,47.0,32.0,19.0,254.0,254.0,251.0,266.0,264.0,259.0,891.0,1040.0,1025.0,47.0,32.0,19.0,254.0,254.0,251.0
1.0,2938.0,818.0,759.0,125.0,791.0,195.0,307.0,289.0,254.0,254.0,251.0,273.0,275.0,270.0,969.0,984.0,985.0,195.0,307.0,289.0,254.0,254.0,251.0
1.0,2245.0,794.0,759.0,98.0,1487.0,420.0,536.0,531.0,254.0,254.0,251.0,272.0,261.0,261.0,821.0,709.0,715.0,420.0,536.0,531.0,254.0,254.0,251.0
1.0,1549.0,765.0,760.0,791.0,1465.0,484.0,488.0,493.0,254.0,255.0,251.0,259.0,255.0,251.0,596.0,480.0,473.0,484.0,488.0,493.0,254.0,255.0,251.0
1.0,1575.0,785.0,760.0,1487.0,763.0,326.0,217.0,220.0,254.0,255.0,251.0,262.0,265.0,258.0,532.0,532.0,511.0,326.0,217.0,220.0,254.0,255.0,251.0
1.0,2277.0,727.0,759.0,1465.0,85.0,85.0,0.0,0.0,254.0,255.0,250.0,243.0,242.0,242.0,690.0,803.0,784.0,85.0,0.0,0.0,254.0,255.0,250.0
1.0,3015.0,782.0,761.0,763.0,48.0,23.0,12.0,13.0,255.0,255.0,251.0,260.0,258.0,264.0,931.0,1049.0,1035.0,23.0,12.0,13.0,255.0,255.0,251.0
1.0,2996.0,798.0,762.0,85.0,765.0,204.0,276.0,285.0,255.0,256.0,251.0,266.0,260.0,272.0,997.0,1008.0,991.0,204.0,276.0,285.0,255.0,256.0,251.0
1.0,2283.0,754.0,763.0,48.0,1475.0,428.0,515.0,532.0,255.0,256.0,252.0,247.0,251.0,256.0,816.0,748.0,719.0,428.0,515.0,532.0,255.0,256.0,252.0
1.0,1577.0,769.0,763.0,765.0,1479.0,478.0,487.0,514.0,255.0,256.0,252.0,254.0,248.0,267.0,592.0,509.0,476.0,478.0,487.0,514.0,255.0,256.0,252.0
1.0,1573.0,770.0,765.0,1475.0,782.0,310.0,219.0,253.0,256.0,256.0,253.0,256.0,247.0,267.0,542.0,537.0,494.0,310.0,219.0,253.0,256.0,256.0,253.0
1.0,2278.0,765.0,766.0,1479.0,88.0,88.0,0.0,0.0,256.0,257.0,253.0,256.0,253.0,256.0,714.0,805.0,759.0,88.0,0.0,0.0,256.0,257.0,253.0
1.0,2992.0,750.0,766.0,782.0,45.0,26.0,19.0,0.0,256.0,257.0,253.0,248.0,249.0,253.0,936.0,1039.0,1017.0,26.0,19.0,0.0,256.0,257.0,253.0
1.0,3024.0,747.0,767.0,88.0,703.0,195.0,263.0,245.0,257.0,257.0,253.0,253.0,244.0,250.0,998.0,1009.0,1017.0,195.0,263.0,245.0,257.0,257.0,253.0
1.0,2365.0,789.0,768.0,45.0,1451.0,424.0,511.0,516.0,257.0,257.0,254.0,255.0,267.0,267.0,833.0,765.0,767.0,424.0,511.0,516.0,257.0,257.0,254.0
1.0,1621.0,768.0,769.0,703.0,1520.0,479.0,508.0,533.0,257.0,258.0,254.0,250.0,256.0,262.0,604.0,517.0,500.0,479.0,508.0,533.0,257.0,258.0,254.0
1.0,1556.0,798.0,770.0,1451.0,871.0,315.0,259.0,297.0,257.0,258.0,255.0,260.0,262.0,276.0,549.0,524.0,483.0,315.0,259.0,297.0,257.0,258.0,255.0
1.0,2209.0,749.0,771.0,1520.0,106.0,84.0,0.0,22.0,258.0,258.0,255.0,244.0,247.0,258.0,713.0,773.0,723.0,84.0,0.0,22.0,258.0,258.0,255.0
1.0,2980.0,775.0,771.0,871.0,22.0,22.0,0.0,0.0,258.0,258.0,255.0,253.0,259.0,263.0,948.0,1034.0,998.0,22.0,0.0,0.0,258.0,258.0,255.0
1.0,3076.0,744.0,770.0,106.0,642.0,175.0,237.0,230.0,257.0,258.0,255.0,241.0,239.0,264.0,1010.0,1034.0,1032.0,175.0,237.0,230.0,257.0,258.0,255.0
1.0,2438.0,800.0,770.0,22.0,1420.0,417.0,489.0,514.0,257.0,257.0,256.0,264.0,256.0,280.0,853.0,795.0,790.0,417.0,489.0,514.0,257.0,257.0,256.0
1.0,1660.0,809.0,772.0,642.0,1595.0,514.0,517.0,564.0,258.0,258.0,256.0,268.0,261.0,280.0,611.0,539.0,510.0,514.0,517.0,564.0,258.0,258.0,256.0
1.0,1493.0,783.0,771.0,1420.0,954.0,343.0,275.0,336.0,257.0,257.0,257.0,250.0,251.0,282.0,518.0,515.0,460.0,343.0,275.0,336.0,257.0,257.0,257.0
1.0,2130.0,796.0,772.0,1595.0,159.0,88.0,23.0,48.0,257.0,258.0,257.0,259.0,261.0,276.0,685.0,753.0,692.0,88.0,23.0,48.0,257.0,258.0,257.0
1.0,2929.0,820.0,774.0,954.0,33.0,9.0,23.0,1.0,258.0,258.0,258.0,260.0,275.0,285.0,940.0,1009.0,980.0,9.0,23.0,1.0,258.0,258.0,258.0
1.0,3063.0,791.0,775.0,159.0,669.0,187.0,259.0,223.0,258.0,258.0,259.0,266.0,259.0,266.0,1023.0,1009.0,1031.0,187.0,259.0,223.0,258.0,258.0,259.0
1.0,2431.0,765.0,777.0,33.0,1409.0,433.0,498.0,478.0,259.0,259.0,259.0,251.0,258.0,256.0,845.0,773.0,813.0,433.0,498.0,478.0,259.0,259.0,259.0
1.0,1699.0,778.0,777.0,669.0,1518.0,497.0,495.0,526.0,259.0,259.0,259.0,251.0,256.0,271.0,603.0,538.0,558.0,497.0,495.0,526.0,259.0,259.0,259.0
1.0,1590.0,760.0,776.0,1409.0,865.0,307.0,247.0,311.0,258.0,258.0,260.0,247.0,254.0,259.0,539.0,541.0,510.0,307.0,247.0,311.0,258.0,258.0,260.0
1.0,2239.0,826.0,778.0,1518.0,181.0,91.0,31.0,59.0,259.0,259.0,260.0,277.0,275.0,274.0,725.0,785.0,729.0,91.0,31.0,59.0,259.0,259.0,260.0
1.0,2931.0,805.0,778.0,865.0,121.0,50.0,53.0,18.0,259.0,259.0,260.0,266.0,269.0,270.0,945.0,1005.0,981.0,50.0,53.0,18.0,259.0,259.0,260.0
1.0,2991.0,848.0,780.0,181.0,796.0,240.0,309.0,247.0,259.0,260.0,261.0,281.0,283.0,284.0,986.0,983.0,1022.0,240.0,309.0,247.0,259.0,260.0,261.0
1.0,2324.0,794.0,782.0,121.0,1477.0,461.0,510.0,506.0,260.0,260.0,262.0,267.0,254.0,273.0,796.0,731.0,797.0,461.0,510.0,506.0,260.0,260.0,262.0
1.0,1651.0,835.0,782.0,796.0,1516.0,502.0,481.0,533.0,260.0,260.0,262.0,281.0,280.0,274.0,579.0,530.0,542.0,502.0,481.0,533.0,260.0,260.0,262.0
1.0,1612.0,746.0,782.0,1477.0,785.0,282.0,217.0,286.0,259.0,260.0,263.0,245.0,246.0,255.0,538.0,559.0,515.0,282.0,217.0,286.0,259.0,260.0,263.0
1.0,2343.0,810.0,783.0,1516.0,84.0,57.0,0.0,27.0,260.0,260.0,263.0,273.0,263.0,274.0,754.0,823.0,766.0,57.0,0.0,27.0,260.0,260.0,263.0
1.0,3049.0,781.0,783.0,785.0,79.0,40.0,33.0,6.0,260.0,260.0,263.0,265.0,251.0,265.0,983.0,1041.0,1025.0,40.0,33.0,6.0,260.0,260.0,263.0
1.0,3053.0,815.0,784.0,84.0,814.0,261.0,301.0,252.0,260.0,260.0,264.0,278.0,268.0,269.0,1000.0,1007.0,1046.0,261.0,301.0,252.0,260.0,260.0,264.0
1.0,2322.0,834.0,785.0,79.0,1573.0,507.0,543.0,523.0,261.0,260.0,264.0,282.0,275.0,277.0,779.0,739.0,804.0,507.0,543.0,523.0,261.0,260.0,264.0
1.0,1567.0,816.0,787.0,814.0,1583.0,516.0,514.0,553.0,261.0,261.0,265.0,270.0,268.0,278.0,537.0,497.0,533.0,516.0,514.0,553.0,261.0,261.0,265.0
1.0,1565.0,797.0,787.0,1573.0,807.0,268.0,252.0,287.0,261.0,261.0,265.0,259.0,281.0,257.0,528.0,530.0,507.0,268.0,252.0,287.0,261.0,261.0,265.0
1.0,2341.0,812.0,789.0,1583.0,44.0,30.0,13.0,1.0,262.0,261.0,266.0,274.0,275.0,263.0,776.0,792.0,773.0,30.0,13.0,1.0,262.0,261.0,266.0
1.0,3112.0,818.0,790.0,807.0,84.0,42.0,42.0,0.0,262.0,262.0,266.0,280.0,277.0,261.0,1018.0,1031.0,1063.0,42.0,42.0,0.0,262.0,262.0,266.0
1.0,3101.0,793.0,790.0,44.0,808.0,281.0,297.0,230.0,262.0,262.0,266.0,269.0,268.0,256.0,1006.0,1006.0,1089.0,281.0,297.0,230.0,262.0,262.0,266.0
1.0,2352.0,807.0,790.0,84.0,1531.0,512.0,528.0,491.0,262.0,262.0,266.0,273.0,273.0,261.0,767.0,751.0,834.0,512.0,528.0,491.0,262.0,262.0,266.0
1.0,1629.0,816.0,790.0,808.0,1539.0,503.0,515.0,521.0,262.0,262.0,266.0,272.0,284.0,260.0,536.0,520.0,573.0,503.0,515.0,521.0,262.0,262.0,266.0
1.0,1621.0,811.0,790.0,1531.0,819.0,266.0,258.0,295.0,262.0,262.0,266.0,275.0,271.0,265.0,545.0,533.0,543.0,266.0,258.0,295.0,262.0,262.0,266.0
1.0,2341.0,797.0,790.0,1539.0,77.0,36.0,14.0,27.0,263.0,262.0,265.0,269.0,271.0,257.0,782.0,790.0,769.0,36.0,14.0,27.0,263.0,262.0,265.0
1.0,3083.0,878.0,791.0,819.0,140.0,61.0,60.0,19.0,263.0,263.0,265.0,291.0,300.0,287.0,1016.0,1034.0,1033.0,61.0,60.0,19.0,263.0,263.0,265.0
1.0,3024.0,825.0,792.0,77.0,892.0,307.0,328.0,257.0,263.0,263.0,266.0,282.0,282.0,261.0,991.0,992.0,1041.0,307.0,328.0,257.0,263.0,263.0,266.0
1.0,2276.0,830.0,792.0,140.0,1582.0,525.0,546.0,511.0,263.0,263.0,266.0,279.0,278.0,273.0,745.0,724.0,807.0,525.0,546.0,511.0,263.0,263.0,266.0
1.0,1586.0,847.0,794.0,892.0,1545.0,508.0,514.0,523.0,264.0,264.0,266.0,286.0,292.0,269.0,527.0,506.0,553.0,508.0,514.0,523.0,264.0,264.0,266.0
1.0,1631.0,811.0,794.0,1582.0,774.0,264.0,243.0,267.0,264.0,264.0,266.0,281.0,275.0,255.0,548.0,542.0,541.0,264.0,243.0,267.0,264.0,264.0,266.0
1.0,2402.0,805.0,794.0,1545.0,40.0,31.0,0.0,9.0,264.0,264.0,266.0,275.0,265.0,265.0,792.0,813.0,797.0,31.0,0.0,9.0,264.0,264.0,266.0
1.0,3142.0,819.0,794.0,774.0,79.0,47.0,22.0,10.0,264.0,264.0,266.0,280.0,271.0,268.0,1025.0,1062.0,1055.0,47.0,22.0,10.0,264.0,264.0,266.0
1.0,3097.0,818.0,795.0,40.0,861.0,298.0,303.0,260.0,265.0,264.0,266.0,278.0,281.0,259.0,1009.0,1034.0,1054.0,298.0,303.0,260.0,265.0,264.0,266.0
1.0,2319.0,796.0,796.0,79.0,1582.0,526.0,554.0,502.0,265.0,265.0,266.0,275.0,269.0,252.0,762.0,753.0,804.0,526.0,554.0,502.0,265.0,265.0,266.0
1.0,1602.0,816.0,797.0,861.0,1541.0,507.0,527.0,507.0,266.0,265.0,266.0,275.0,276.0,265.0,534.0,506.0,562.0,507.0,527.0,507.0,266.0,265.0,266.0
1.0,1647.0,788.0,797.0,1582.0,747.0,242.0,242.0,263.0,266.0,265.0,266.0,261.0,269.0,258.0,557.0,533.0,557.0,242.0,242.0,263.0,266.0,265.0,266.0
1.0,2441.0,838.0,798.0,1541.0,48.0,15.0,1.0,32.0,266.0,266.0,266.0,280.0,282.0,276.0,822.0,818.0,801.0,15.0,1.0,32.0,266.0,266.0,266.0
1.0,3144.0,838.0,801.0,747.0,151.0,58.0,48.0,45.0,267.0,267.0,267.0,281.0,285.0,272.0,1049.0,1063.0,1032.0,58.0,48.0,45.0,267.0,267.0,267.0
1.0,3053.0,843.0,801.0,48.0,946.0,325.0,344.0,277.0,267.0,267.0,267.0,282.0,297.0,264.0,1010.0,1020.0,1023.0,325.0,344.0,277.0,267.0,267.0,267.0
1.0,2258.0,843.0,803.0,151.0,1646.0,546.0,591.0,509.0,268.0,268.0,267.0,275.0,291.0,277.0,743.0,724.0,791.0,546.0,591.0,509.0,268.0,268.0,267.0
1.0,1566.0,839.0,804.0,946.0,1543.0,498.0,541.0,504.0,268.0,269.0,267.0,277.0,290.0,272.0,526.0,481.0,559.0,498.0,541.0,504.0,268.0,269.0,267.0
1.0,1673.0,803.0,805.0,1646.0,704.0,212.0,237.0,255.0,268.0,270.0,267.0,260.0,283.0,260.0,574.0,535.0,564.0,212.0,237.0,255.0,268.0,270.0,267.0
1.0,2516.0,784.0,806.0,1543.0,17.0,0.0,0.0,17.0,268.0,270.0,268.0,263.0,259.0,262.0,860.0,843.0,813.0,0.0,0.0,17.0,268.0,270.0,268.0
1.0,3275.0,788.0,805.0,704.0,41.0,25.0,0.0,16.0,268.0,270.0,267.0,260.0,270.0,258.0,1095.0,1125.0,1055.0,25.0,0.0,16.0,268.0,270.0,267.0
1.0,3191.0,765.0,805.0,17.0,777.0,273.0,248.0,256.0,268.0,270.0,267.0,248.0,260.0,257.0,1047.0,1092.0,1052.0,273.0,248.0,256.0,268.0,270.0,267.0
1.0,2443.0,764.0,805.0,41.0,1500.0,500.0,503.0,497.0,268.0,270.0,267.0,252.0,255.0,257.0,799.0,832.0,812.0,500.0,503.0,497.0,268.0,270.0,267.0
1.0,1720.0,838.0,807.0,777.0,1569.0,501.0,548.0,520.0,269.0,271.0,267.0,270.0,289.0,279.0,572.0,577.0,571.0,501.0,548.0,520.0,269.0,271.0,267.0
1.0,1659.0,852.0,808.0,1500.0,925.0,284.0,328.0,313.0,269.0,271.0,268.0,283.0,283.0,286.0,575.0,536.0,548.0,284.0,328.0,313.0,269.0,271.0,268.0
1.0,2307.0,786.0,810.0,1569.0,150.0,46.0,53.0,51.0,270.0,272.0,268.0,259.0,269.0,258.0,792.0,756.0,759.0,46.0,53.0,51.0,270.0,272.0,268.0
1.0,3090.0,806.0,809.0,925.0,36.0,31.0,0.0,5.0,270.0,272.0,267.0,269.0,266.0,271.0,1034.0,1035.0,1021.0,31.0,0.0,5.0,270.0,272.0,267.0
1.0,3209.0,805.0,809.0,150.0,682.0,259.0,204.0,219.0,270.0,272.0,267.0,274.0,266.0,265.0,1049.0,1097.0,1063.0,259.0,204.0,219.0,270.0,272.0,267.0
1.0,2554.0,817.0,809.0,36.0,1463.0,493.0,469.0,501.0,270.0,272.0,267.0,265.0,265.0,287.0,821.0,884.0,849.0,493.0,469.0,501.0,270.0,272.0,267.0
1.0,1773.0,793.0,809.0,682.0,1574.0,492.0,526.0,556.0,270.0,272.0,267.0,258.0,261.0,274.0,587.0,619.0,567.0,492.0,526.0,556.0,270.0,272.0,267.0
1.0,1662.0,807.0,809.0,1463.0,918.0,264.0,324.0,330.0,270.0,272.0,267.0,265.0,267.0,275.0,588.0,562.0,512.0,264.0,324.0,330.0,270.0,272.0,267.0
1.0,2318.0,855.0,811.0,1574.0,207.0,62.0,83.0,62.0,271.0,273.0,267.0,286.0,281.0,288.0,816.0,764.0,738.0,62.0,83.0,62.0,271.0,273.0,267.0
1.0,3037.0,819.0,812.0,918.0,112.0,65.0,26.0,21.0,271.0,273.0,268.0,267.0,267.0,285.0,1022.0,1009.0,1006.0,65.0,26.0,21.0,271.0,273.0,268.0
1.0,3136.0,769.0,812.0,207.0,674.0,249.0,199.0,226.0,271.0,273.0,268.0,246.0,256.0,267.0,1019.0,1066.0,1051.0,249.0,199.0,226.0,271.0,273.0,268.0
1.0,2574.0,796.0,812.0,112.0,1358.0,439.0,435.0,484.0,271.0,273.0,268.0,255.0,262.0,279.0,835.0,893.0,846.0,439.0,435.0,484.0,271.0,273.0,268.0
1.0,1890.0,822.0,812.0,674.0,1506.0,461.0,506.0,539.0,271.0,273.0,268.0,271.0,270.0,281.0,645.0,657.0,588.0,461.0,506.0,539.0,271.0,273.0,268.0
1.0,1742.0,817.0,813.0,1358.0,969.0,291.0,338.0,340.0,271.0,273.0,269.0,269.0,267.0,281.0,623.0,586.0,533.0,291.0,338.0,340.0,271.0,273.0,269.0
1.0,2283.0,828.0,813.0,1506.0,291.0,108.0,100.0,83.0,271.0,273.0,269.0,278.0,268.0,282.0,793.0,754.0,736.0,108.0,100.0,83.0,271.0,273.0,269.0
1.0,2961.0,811.0,813.0,969.0,133.0,86.0,31.0,16.0,271.0,273.0,269.0,269.0,269.0,273.0,976.0,992.0,993.0,86.0,31.0,16.0,271.0,273.0,269.0
1.0,3119.0,809.0,813.0,291.0,651.0,245.0,200.0,206.0,271.0,273.0,269.0,267.0,269.0,273.0,998.0,1061.0,1060.0,245.0,200.0,206.0,271.0,273.0,269.0
1.0,2601.0,815.0,813.0,133.0,1333.0,438.0,432.0,463.0,271.0,273.0,269.0,279.0,263.0,273.0,839.0,892.0,870.0,438.0,432.0,463.0,271.0,273.0,269.0
1.0,1919.0,796.0,813.0,651.0,1478.0,454.0,492.0,532.0,271.0,273.0,269.0,261.0,260.0,275.0,646.0,660.0,613.0,454.0,492.0,532.0,271.0,273.0,269.0
1.0,1774.0,831.0,813.0,1333.0,976.0,292.0,338.0,346.0,271.0,273.0,269.0,276.0,278.0,277.0,630.0,600.0,544.0,292.0,338.0,346.0,271.0,273.0,269.0
1.0,2276.0,784.0,813.0,1478.0,282.0,100.0,96.0,86.0,271.0,273.0,269.0,262.0,250.0,272.0,792.0,754.0,730.0,100.0,96.0,86.0,271.0,273.0,269.0
1.0,2970.0,854.0,814.0,976.0,164.0,87.0,40.0,37.0,271.0,273.0,270.0,279.0,282.0,293.0,984.0,996.0,990.0,87.0,40.0,37.0,271.0,273.0,270.0
1.0,3092.0,845.0,814.0,282.0,727.0,273.0,219.0,235.0,271.0,273.0,270.0,286.0,275.0,284.0,997.0,1052.0,1043.0,273.0,219.0,235.0,271.0,273.0,270.0
1.0,2529.0,845.0,815.0,164.0,1412.0,470.0,453.0,489.0,272.0,273.0,270.0,280.0,274.0,291.0,811.0,873.0,845.0,470.0,453.0,489.0,272.0,273.0,270.0
1.0,1848.0,817.0,816.0,727.0,1506.0,472.0,492.0,542.0,272.0,273.0,271.0,275.0,258.0,284.0,618.0,639.0,591.0,472.0,492.0,542.0,272.0,273.0,271.0
1.0,1758.0,807.0,815.0,1412.0,897.0,266.0,302.0,329.0,271.0,273.0,271.0,268.0,263.0,276.0,616.0,600.0,542.0,266.0,302.0,329.0,271.0,273.0,271.0
1.0,2363.0,896.0,817.0,1506.0,295.0,109.0,99.0,87.0,272.0,273.0,272.0,311.0,289.0,296.0,818.0,790.0,755.0,109.0,99.0,87.0,272.0,273.0,272.0
1.0,2973.0,872.0,818.0,897.0,274.0,127.0,87.0,60.0,272.0,273.0,273.0,284.0,290.0,298.0,979.0,993.0,1001.0,127.0,87.0,60.0,272.0,273.0,273.0
1.0,2998.0,881.0,819.0,295.0,864.0,315.0,278.0,271.0,273.0,273.0,273.0,293.0,290.0,298.0,961.0,1005.0,1032.0,315.0,278.0,271.0,273.0,273.0,273.0
1.0,2412.0,790.0,819.0,274.0,1380.0,462.0,442.0,476.0,273.0,273.0,273.0,274.0,251.0,265.0,777.0,814.0,821.0,462.0,442.0,476.0,273.0,273.0,273.0
1.0,1896.0,841.0,820.0,864.0,1361.0,439.0,430.0,492.0,273.0,273.0,274.0,292.0,266.0,283.0,630.0,650.0,616.0,439.0,430.0,492.0,273.0,273.0,274.0
1.0,1919.0,851.0,819.0,1380.0,828.0,268.0,258.0,302.0,273.0,272.0,274.0,291.0,274.0,286.0,653.0,662.0,604.0,268.0,258.0,302.0,273.0,272.0,274.0
1.0,2448.0,870.0,820.0,1361.0,341.0,116.0,120.0,105.0,273.0,273.0,274.0,287.0,288.0,295.0,824.0,830.0,794.0,116.0,120.0,105.0,273.0,273.0,274.0
1.0,2939.0,832.0,820.0,828.0,345.0,137.0,127.0,81.0,274.0,272.0,274.0,285.0,269.0,278.0,976.0,972.0,991.0,137.0,127.0,81.0,274.0,272.0,274.0
1.0,2935.0,865.0,821.0,341.0,873.0,308.0,298.0,267.0,274.0,272.0,275.0,287.0,291.0,287.0,959.0,961.0,1015.0,308.0,298.0,267.0,274.0,272.0,275.0
1.0,2411.0,792.0,820.0,345.0,1316.0,427.0,443.0,446.0,273.0,272.0,275.0,260.0,272.0,260.0,788.0,790.0,833.0,427.0,443.0,446.0,273.0,272.0,275.0
1.0,1964.0,843.0,821.0,873.0,1290.0,401.0,432.0,457.0,273.0,273.0,275.0,282.0,283.0,278.0,665.0,645.0,654.0,401.0,432.0,457.0,273.0,273.0,275.0
1.0,1994.0,888.0,822.0,1316.0,866.0,264.0,281.0,321.0,273.0,273.0,276.0,290.0,292.0,306.0,691.0,660.0,643.0,264.0,281.0,321.0,273.0,273.0,276.0
1.0,2422.0,850.0,823.0,1290.0,430.0,154.0,132.0,144.0,274.0,273.0,276.0,287.0,283.0,280.0,828.0,811.0,783.0,154.0,132.0,144.0,274.0,273.0,276.0
1.0,2862.0,903.0,824.0,866.0,471.0,196.0,137.0,138.0,274.0,273.0,277.0,306.0,286.0,311.0,942.0,960.0,960.0,196.0,137.0,138.0,274.0,273.0,277.0
1.0,2825.0,873.0,827.0,430.0,926.0,340.0,294.0,292.0,275.0,274.0,278.0,294.0,285.0,294.0,900.0,955.0,970.0,340.0,294.0,292.0,275.0,274.0,278.0
1.0,2382.0,842.0,827.0,471.0,1297.0,419.0,448.0,430.0,275.0,274.0,278.0,275.0,291.0,276.0,760.0,802.0,820.0,419.0,448.0,430.0,275.0,274.0,278.0
1.0,2011.0,829.0,827.0,926.0,1200.0,358.0,426.0,416.0,275.0,274.0,278.0,279.0,272.0,278.0,681.0,648.0,682.0,358.0,426.0,416.0,275.0,274.0,278.0
1.0,2108.0,853.0,828.0,1297.0,760.0,227.0,261.0,272.0,275.0,274.0,279.0,288.0,283.0,282.0,742.0,670.0,696.0,227.0,261.0,272.0,275.0,274.0,279.0
1.0,2552.0,880.0,828.0,1200.0,440.0,169.0,125.0,146.0,275.0,274.0,279.0,300.0,290.0,290.0,873.0,835.0,844.0,169.0,125.0,146.0,275.0,274.0,279.0
1.0,2872.0,854.0,828.0,760.0,534.0,223.0,148.0,163.0,275.0,274.0,279.0,281.0,284.0,289.0,931.0,971.0,970.0,223.0,148.0,163.0,275.0,274.0,279.0
1.0,2778.0,866.0,829.0,440.0,964.0,354.0,300.0,310.0,276.0,273.0,280.0,296.0,281.0,289.0,877.0,948.0,953.0,354.0,300.0,310.0,276.0,273.0,280.0
1.0,2352.0,846.0,830.0,534.0,1280.0,408.0,452.0,420.0,276.0,274.0,280.0,277.0,296.0,273.0,750.0,792.0,810.0,408.0,452.0,420.0,276.0,274.0,280.0
1.0,2040.0,816.0,830.0,964.0,1132.0,323.0,430.0,379.0,276.0,274.0,280.0,269.0,278.0,269.0,696.0,644.0,700.0,323.0,430.0,379.0,276.0,274.0,280.0
1.0,2188.0,877.0,832.0,1280.0,737.0,209.0,275.0,253.0,277.0,274.0,281.0,290.0,297.0,290.0,781.0,666.0,741.0,209.0,275.0,253.0,277.0,274.0,281.0
1.0,2591.0,864.0,834.0,1132.0,477.0,174.0,142.0,161.0,278.0,275.0,281.0,284.0,293.0,287.0,899.0,821.0,871.0,174.0,142.0,161.0,278.0,275.0,281.0
1.0,2859.0,829.0,836.0,737.0,577.0,239.0,151.0,187.0,278.0,276.0,282.0,274.0,280.0,275.0,938.0,958.0,963.0,239.0,151.0,187.0,278.0,276.0,282.0
1.0,2767.0,866.0,836.0,477.0,966.0,351.0,299.0,316.0,278.0,276.0,282.0,286.0,290.0,290.0,873.0,953.0,941.0,351.0,299.0,316.0,278.0,276.0,282.0
1.0,2378.0,819.0,835.0,577.0,1204.0,382.0,428.0,394.0,278.0,276.0,281.0,270.0,280.0,269.0,761.0,805.0,812.0,382.0,428.0,394.0,278.0,276.0,281.0
1.0,2136.0,819.0,836.0,966.0,1061.0,302.0,408.0,351.0,278.0,276.0,282.0,271.0,279.0,269.0,730.0,676.0,730.0,302.0,408.0,351.0,278.0,276.0,282.0
1.0,2283.0,843.0,837.0,1204.0,704.0,211.0,259.0,234.0,279.0,276.0,282.0,287.0,279.0,277.0,810.0,696.0,777.0,211.0,259.0,234.0,279.0,276.0,282.0
1.0,2644.0,836.0,837.0,1061.0,479.0,182.0,138.0,159.0,279.0,276.0,282.0,273.0,287.0,276.0,905.0,845.0,894.0,182.0,138.0,159.0,279.0,276.0,282.0
1.0,2869.0,846.0,838.0,704.0,625.0,256.0,169.0,200.0,279.0,277.0,282.0,285.0,286.0,275.0,934.0,966.0,969.0,256.0,169.0,200.0,279.0,277.0,282.0
1.0,2727.0,878.0,840.0,479.0,1032.0,373.0,332.0,327.0,280.0,278.0,282.0,295.0,297.0,286.0,860.0,939.0,928.0,373.0,332.0,327.0,280.0,278.0,282.0
1.0,2328.0,834.0,840.0,625.0,1241.0,395.0,454.0,392.0,280.0,278.0,282.0,278.0,291.0,265.0,747.0,780.0,801.0,395.0,454.0,392.0,280.0,278.0,282.0
1.0,2119.0,833.0,840.0,1032.0,1042.0,294.0,397.0,351.0,280.0,278.0,282.0,272.0,275.0,286.0,725.0,658.0,736.0,294.0,397.0,351.0,280.0,278.0,282.0
1.0,2318.0,845.0,839.0,1241.0,642.0,185.0,233.0,224.0,280.0,278.0,281.0,286.0,290.0,269.0,826.0,715.0,777.0,185.0,233.0,224.0,280.0,278.0,281.0
1.0,2714.0,882.0,842.0,1042.0,494.0,195.0,135.0,164.0,281.0,279.0,282.0,300.0,295.0,287.0,935.0,879.0,900.0,195.0,135.0,164.0,281.0,279.0,282.0
1.0,2874.0,843.0,843.0,642.0,699.0,279.0,203.0,217.0,281.0,280.0,282.0,269.0,297.0,277.0,929.0,981.0,964.0,279.0,203.0,217.0,281.0,280.0,282.0
1.0,2673.0,820.0,843.0,494.0,1025.0,354.0,350.0,321.0,281.0,280.0,282.0,270.0,282.0,268.0,845.0,917.0,911.0,354.0,350.0,321.0,281.0,280.0,282.0
1.0,2347.0,866.0,844.0,699.0,1196.0,365.0,441.0,390.0,282.0,280.0,282.0,286.0,294.0,286.0,770.0,770.0,807.0,365.0,441.0,390.0,282.0,280.0,282.0
1.0,2180.0,852.0,844.0,1025.0,1023.0,300.0,387.0,336.0,282.0,281.0,281.0,289.0,292.0,271.0,763.0,679.0,738.0,300.0,387.0,336.0,282.0,281.0,281.0
1.0,2353.0,840.0,845.0,1196.0,671.0,210.0,229.0,232.0,282.0,281.0,282.0,275.0,283.0,282.0,828.0,737.0,788.0,210.0,229.0,232.0,282.0,281.0,282.0
1.0,2709.0,823.0,845.0,1023.0,471.0,181.0,116.0,174.0,282.0,281.0,282.0,271.0,274.0,278.0,918.0,895.0,896.0,181.0,116.0,174.0,282.0,281.0,282.0
1.0,2909.0,829.0,846.0,671.0,633.0,238.0,173.0,222.0,282.0,282.0,282.0,267.0,282.0,280.0,947.0,1008.0,954.0,238.0,173.0,222.0,282.0,282.0,282.0
1.0,2751.0,863.0,846.0,471.0,1025.0,343.0,348.0,334.0,282.0,282.0,282.0,286.0,291.0,286.0,890.0,955.0,906.0,343.0,348.0,334.0,282.0,282.0,282.0
1.0,2359.0,875.0,848.0,633.0,1275.0,405.0,477.0,393.0,283.0,283.0,282.0,296.0,298.0,281.0,785.0,780.0,794.0,405.0,477.0,393.0,283.0,283.0,282.0
1.0,2117.0,871.0,848.0,1025.0,1121.0,355.0,420.0,346.0,283.0,283.0,282.0,293.0,291.0,287.0,727.0,655.0,735.0,355.0,420.0,346.0,283.0,283.0,282.0
1.0,2271.0,862.0,849.0,1275.0,712.0,237.0,241.0,234.0,283.0,284.0,282.0,287.0,294.0,281.0,777.0,712.0,782.0,237.0,241.0,234.0,283.0,284.0,282.0
1.0,2684.0,814.0,849.0,1121.0,405.0,148.0,96.0,161.0,283.0,284.0,282.0,266.0,275.0,273.0,895.0,895.0,894.0,148.0,96.0,161.0,283.0,284.0,282.0
1.0,2991.0,831.0,849.0,712.0,524.0,195.0,124.0,205.0,283.0,284.0,282.0,284.0,269.0,278.0,984.0,1040.0,967.0,195.0,124.0,205.0,283.0,284.0,282.0
1.0,2872.0,815.0,849.0,405.0,934.0,313.0,304.0,317.0,283.0,284.0,282.0,266.0,276.0,273.0,937.0,1012.0,923.0,313.0,304.0,317.0,283.0,284.0,282.0
1.0,2462.0,896.0,850.0,524.0,1310.0,429.0,468.0,413.0,284.0,284.0,282.0,307.0,288.0,301.0,819.0,832.0,811.0,429.0,468.0,413.0,284.0,284.0,282.0
1.0,2090.0,867.0,849.0,934.0,1239.0,407.0,450.0,382.0,283.0,284.0,282.0,295.0,286.0,286.0,707.0,668.0,715.0,407.0,450.0,382.0,283.0,284.0,282.0
1.0,2157.0,873.0,850.0,1310.0,806.0,276.0,271.0,259.0,284.0,284.0,282.0,294.0,289.0,290.0,725.0,686.0,746.0,276.0,271.0,259.0,284.0,284.0,282.0
1.0,2594.0,903.0,851.0,1239.0,474.0,174.0,127.0,173.0,284.0,285.0,282.0,305.0,302.0,296.0,860.0,865.0,869.0,174.0,127.0,173.0,284.0,285.0,282.0
1.0,2930.0,830.0,851.0,806.0,498.0,175.0,129.0,194.0,284.0,285.0,282.0,277.0,273.0,280.0,962.0,1013.0,955.0,175.0,129.0,194.0,284.0,285.0,282.0
1.0,2906.0,868.0,851.0,474.0,892.0,290.0,294.0,308.0,284.0,285.0,282.0,289.0,292.0,287.0,961.0,1011.0,934.0,290.0,294.0,308.0,284.0,285.0,282.0
1.0,2512.0,879.0,852.0,498.0,1277.0,407.0,462.0,408.0,284.0,286.0,282.0,292.0,293.0,294.0,846.0,846.0,820.0,407.0,462.0,408.0,284.0,286.0,282.0
1.0,2131.0,864.0,852.0,892.0,1249.0,405.0,453.0,391.0,284.0,286.0,282.0,288.0,285.0,291.0,729.0,682.0,720.0,405.0,453.0,391.0,284.0,286.0,282.0
1.0,2159.0,902.0,852.0,1277.0,874.0,303.0,292.0,279.0,284.0,286.0,282.0,305.0,301.0,296.0,731.0,691.0,737.0,303.0,292.0,279.0,284.0,286.0,282.0
1.0,2534.0,900.0,854.0,1249.0,533.0,209.0,132.0,192.0,285.0,286.0,283.0,307.0,293.0,300.0,833.0,852.0,849.0,209.0,132.0,192.0,285.0,286.0,283.0
1.0,2883.0,902.0,856.0,874.0,569.0,212.0,133.0,224.0,285.0,287.0,284.0,306.0,289.0,307.0,931.0,1012.0,940.0,212.0,133.0,224.0,285.0,287.0,284.0
1.0,2855.0,844.0,857.0,533.0,884.0,296.0,277.0,311.0,286.0,287.0,284.0,289.0,276.0,279.0,928.0,1015.0,912.0,296.0,277.0,311.0,286.0,287.0,284.0
1.0,2544.0,892.0,856.0,569.0,1203.0,392.0,436.0,375.0,286.0,287.0,283.0,308.0,292.0,292.0,848.0,871.0,825.0,392.0,436.0,375.0,286.0,287.0,283.0
1.0,2221.0,850.0,856.0,884.0,1169.0,382.0,440.0,347.0,286.0,287.0,283.0,286.0,281.0,283.0,752.0,712.0,757.0,382.0,440.0,347.0,286.0,287.0,283.0
1.0,2255.0,888.0,856.0,1203.0,854.0,292.0,286.0,276.0,286.0,287.0,283.0,302.0,282.0,304.0,762.0,708.0,785.0,292.0,286.0,276.0,286.0,287.0,283.0
1.0,2570.0,888.0,856.0,1169.0,573.0,207.0,137.0,229.0,286.0,287.0,283.0,297.0,291.0,300.0,852.0,862.0,856.0,207.0,137.0,229.0,286.0,287.0,283.0
1.0,2851.0,938.0,858.0,854.0,665.0,242.0,150.0,273.0,287.0,287.0,284.0,323.0,299.0,316.0,937.0,1011.0,903.0,242.0,150.0,273.0,287.0,287.0,284.0
1.0,2767.0,834.0,858.0,573.0,926.0,323.0,281.0,322.0,287.0,287.0,284.0,288.0,268.0,278.0,906.0,998.0,863.0,323.0,281.0,322.0,287.0,287.0,284.0
1.0,2506.0,908.0,859.0,665.0,1173.0,390.0,427.0,356.0,287.0,287.0,285.0,309.0,296.0,303.0,825.0,867.0,814.0,390.0,427.0,356.0,287.0,287.0,285.0
1.0,2263.0,909.0,860.0,926.0,1160.0,383.0,439.0,338.0,288.0,287.0,285.0,312.0,293.0,304.0,758.0,721.0,784.0,383.0,439.0,338.0,288.0,287.0,285.0
1.0,2280.0,893.0,860.0,1173.0,880.0,294.0,311.0,275.0,288.0,287.0,285.0,301.0,299.0,293.0,769.0,709.0,802.0,294.0,311.0,275.0,288.0,287.0,285.0
1.0,2560.0,895.0,861.0,1160.0,619.0,211.0,173.0,235.0,288.0,288.0,285.0,300.0,297.0,298.0,858.0,837.0,865.0,211.0,173.0,235.0,288.0,288.0,285.0
1.0,2825.0,881.0,861.0,880.0,620.0,210.0,143.0,267.0,288.0,287.0,286.0,293.0,285.0,303.0,941.0,979.0,905.0,210.0,143.0,267.0,288.0,287.0,286.0
1.0,2824.0,921.0,864.0,619.0,934.0,308.0,274.0,352.0,289.0,288.0,287.0,305.0,300.0,316.0,942.0,1005.0,877.0,308.0,274.0,352.0,289.0,288.0,287.0
1.0,2522.0,897.0,864.0,620.0,1211.0,403.0,423.0,385.0,289.0,288.0,287.0,305.0,292.0,300.0,848.0,878.0,796.0,403.0,423.0,385.0,289.0,288.0,287.0
1.0,2245.0,908.0,865.0,934.0,1189.0,409.0,446.0,334.0,290.0,288.0,287.0,310.0,297.0,301.0,753.0,729.0,763.0,409.0,446.0,334.0,290.0,288.0,287.0
1.0,2271.0,896.0,866.0,1211.0,878.0,307.0,315.0,256.0,290.0,288.0,288.0,301.0,292.0,303.0,751.0,706.0,814.0,307.0,315.0,256.0,290.0,288.0,288.0
1.0,2586.0,889.0,867.0,1189.0,582.0,199.0,157.0,226.0,291.0,288.0,288.0,297.0,288.0,304.0,853.0,837.0,896.0,199.0,157.0,226.0,291.0,288.0,288.0
1.0,2886.0,850.0,867.0,878.0,554.0,170.0,120.0,264.0,291.0,288.0,288.0,278.0,278.0,294.0,965.0,995.0,926.0,170.0,120.0,264.0,291.0,288.0,288.0
1.0,2914.0,843.0,867.0,582.0,815.0,253.0,248.0,314.0,291.0,288.0,288.0,282.0,285.0,276.0,994.0,1032.0,888.0,253.0,248.0,314.0,291.0,288.0,288.0
1.0,2653.0,925.0,869.0,554.0,1194.0,392.0,440.0,362.0,291.0,289.0,289.0,309.0,308.0,308.0,911.0,904.0,838.0,392.0,440.0,362.0,291.0,289.0,289.0
1.0,2282.0,867.0,870.0,815.0,1250.0,434.0,479.0,337.0,292.0,289.0,289.0,291.0,287.0,289.0,772.0,716.0,794.0,434.0,479.0,337.0,292.0,289.0,289.0
1.0,2230.0,895.0,871.0,1194.0,955.0,341.0,327.0,287.0,292.0,289.0,290.0,299.0,288.0,308.0,734.0,677.0,819.0,341.0,327.0,287.0,292.0,289.0,290.0
1.0,2529.0,875.0,871.0,1250.0,580.0,195.0,139.0,246.0,292.0,289.0,290.0,288.0,291.0,296.0,827.0,829.0,873.0,195.0,139.0,246.0,292.0,289.0,290.0
1.0,2904.0,876.0,872.0,955.0,505.0,141.0,106.0,258.0,292.0,289.0,291.0,287.0,294.0,295.0,973.0,1017.0,914.0,141.0,106.0,258.0,292.0,289.0,291.0
1.0,2983.0,880.0,872.0,580.0,805.0,230.0,263.0,312.0,292.0,289.0,291.0,284.0,296.0,300.0,1027.0,1050.0,906.0,230.0,263.0,312.0,292.0,289.0,291.0
1.0,2683.0,871.0,873.0,505.0,1175.0,376.0,441.0,358.0,292.0,289.0,292.0,287.0,284.0,300.0,938.0,893.0,852.0,376.0,441.0,358.0,292.0,289.0,292.0
1.0,2317.0,889.0,873.0,805.0,1259.0,439.0,474.0,346.0,292.0,289.0,292.0,293.0,296.0,300.0,792.0,715.0,810.0,439.0,474.0,346.0,292.0,289.0,292.0
1.0,2233.0,884.0,874.0,1175.0,972.0,364.0,330.0,278.0,293.0,289.0,292.0,297.0,297.0,290.0,729.0,682.0,822.0,364.0,330.0,278.0,293.0,289.0,292.0
1.0,2524.0,896.0,875.0,1259.0,613.0,217.0,156.0,240.0,293.0,289.0,293.0,292.0,300.0,304.0,808.0,826.0,890.0,217.0,156.0,240.0,293.0,289.0,293.0
1.0,2887.0,901.0,875.0,972.0,542.0,151.0,126.0,265.0,293.0,289.0,293.0,298.0,300.0,303.0,955.0,1000.0,932.0,151.0,126.0,265.0,293.0,289.0,293.0
1.0,2958.0,850.0,875.0,613.0,779.0,211.0,261.0,307.0,293.0,289.0,293.0,277.0,291.0,282.0,1021.0,1030.0,907.0,211.0,261.0,307.0,293.0,289.0,293.0
1.0,2721.0,863.0,875.0,542.0,1100.0,345.0,424.0,331.0,293.0,289.0,293.0,285.0,289.0,289.0,961.0,895.0,865.0,345.0,424.0,331.0,293.0,289.0,293.0
1.0,2400.0,877.0,878.0,779.0,1210.0,424.0,462.0,324.0,294.0,290.0,294.0,286.0,295.0,296.0,827.0,732.0,841.0,424.0,462.0,324.0,294.0,290.0,294.0
1.0,2302.0,911.0,878.0,1100.0,1021.0,384.0,346.0,291.0,294.0,290.0,294.0,305.0,308.0,298.0,752.0,698.0,852.0,384.0,346.0,291.0,294.0,290.0,294.0
1.0,2491.0,944.0,881.0,1210.0,767.0,277.0,200.0,290.0,295.0,291.0,295.0,313.0,312.0,319.0,792.0,814.0,885.0,277.0,200.0,290.0,295.0,291.0,295.0
1.0,2757.0,895.0,881.0,1021.0,641.0,189.0,162.0,290.0,295.0,291.0,295.0,296.0,308.0,291.0,903.0,964.0,890.0,189.0,162.0,290.0,295.0,291.0,295.0
1.0,2883.0,886.0,881.0,767.0,760.0,208.0,253.0,299.0,295.0,291.0,295.0,296.0,291.0,299.0,991.0,1002.0,890.0,208.0,253.0,299.0,295.0,291.0,295.0
1.0,2764.0,919.0,882.0,641.0,1042.0,325.0,400.0,317.0,295.0,291.0,296.0,306.0,309.0,304.0,972.0,911.0,881.0,325.0,400.0,317.0,295.0,291.0,296.0
1.0,2486.0,916.0,884.0,760.0,1206.0,422.0,463.0,321.0,296.0,292.0,296.0,301.0,312.0,303.0,855.0,764.0,867.0,422.0,463.0,321.0,296.0,292.0,296.0
1.0,2330.0,908.0,886.0,1042.0,1080.0,395.0,377.0,308.0,296.0,293.0,297.0,298.0,310.0,300.0,762.0,705.0,863.0,395.0,377.0,308.0,296.0,293.0,297.0
1.0,2464.0,930.0,888.0,1206.0,812.0,284.0,232.0,296.0,297.0,294.0,297.0,307.0,314.0,309.0,789.0,795.0,880.0,284.0,232.0,296.0,297.0,294.0,297.0
1.0,2740.0,883.0,888.0,1080.0,615.0,186.0,149.0,280.0,297.0,294.0,297.0,297.0,294.0,292.0,904.0,944.0,892.0,186.0,149.0,280.0,297.0,294.0,297.0
1.0,2937.0,891.0,888.0,812.0,694.0,197.0,222.0,275.0,297.0,294.0,297.0,295.0,305.0,291.0,1002.0,1027.0,908.0,197.0,222.0,275.0,297.0,294.0,297.0
1.0,2858.0,912.0,888.0,615.0,991.0,314.0,377.0,300.0,297.0,294.0,297.0,303.0,304.0,305.0,991.0,954.0,913.0,314.0,377.0,300.0,297.0,294.0,297.0
1.0,2561.0,880.0,888.0,694.0,1177.0,413.0,447.0,317.0,297.0,294.0,297.0,296.0,292.0,292.0,874.0,799.0,888.0,413.0,447.0,317.0,297.0,294.0,297.0
1.0,2375.0,911.0,890.0,991.0,1105.0,397.0,387.0,321.0,297.0,295.0,298.0,298.0,313.0,300.0,775.0,729.0,871.0,397.0,387.0,321.0,297.0,295.0,298.0
1.0,2455.0,910.0,891.0,1177.0,842.0,293.0,250.0,299.0,298.0,295.0,298.0,305.0,310.0,295.0,791.0,793.0,871.0,293.0,250.0,299.0,298.0,295.0,298.0
1.0,2722.0,946.0,892.0,1105.0,687.0,211.0,193.0,283.0,298.0,296.0,298.0,315.0,326.0,305.0,899.0,930.0,893.0,211.0,193.0,283.0,298.0,296.0,298.0
1.0,2881.0,915.0,892.0,842.0,760.0,221.0,254.0,285.0,298.0,296.0,298.0,303.0,311.0,301.0,981.0,991.0,909.0,221.0,254.0,285.0,298.0,296.0,298.0
1.0,2808.0,891.0,892.0,687.0,964.0,312.0,362.0,290.0,298.0,296.0,298.0,302.0,301.0,288.0,971.0,930.0,907.0,312.0,362.0,290.0,298.0,296.0,298.0
1.0,2604.0,934.0,893.0,760.0,1142.0,401.0,424.0,317.0,298.0,297.0,298.0,310.0,312.0,312.0,880.0,822.0,902.0,401.0,424.0,317.0,298.0,297.0,298.0
1.0,2430.0,899.0,893.0,964.0,1077.0,394.0,360.0,323.0,298.0,297.0,298.0,305.0,298.0,296.0,791.0,764.0,875.0,394.0,360.0,323.0,298.0,297.0,298.0
1.0,2495.0,938.0,896.0,1142.0,885.0,317.0,250.0,318.0,299.0,298.0,299.0,320.0,310.0,308.0,798.0,828.0,869.0,317.0,250.0,318.0,299.0,298.0,299.0
1.0,2699.0,902.0,896.0,1077.0,710.0,229.0,182.0,299.0,299.0,298.0,299.0,306.0,292.0,304.0,879.0,942.0,878.0,229.0,182.0,299.0,299.0,298.0,299.0
1.0,2874.0,877.0,896.0,885.0,702.0,212.0,217.0,273.0,299.0,298.0,299.0,300.0,285.0,292.0,967.0,1010.0,897.0,212.0,217.0,273.0,299.0,298.0,299.0
1.0,2882.0,898.0,896.0,710.0,890.0,289.0,337.0,264.0,299.0,298.0,299.0,306.0,302.0,290.0,984.0,975.0,923.0,289.0,337.0,264.0,299.0,298.0,299.0
1.0,2694.0,870.0,896.0,702.0,1058.0,373.0,413.0,272.0,299.0,298.0,299.0,296.0,293.0,281.0,907.0,855.0,932.0,373.0,413.0,272.0,299.0,298.0,299.0
1.0,2526.0,926.0,895.0,890.0,1090.0,404.0,381.0,305.0,299.0,298.0,298.0,320.0,305.0,301.0,823.0,779.0,924.0,404.0,381.0,305.0,299.0,298.0,298.0
1.0,2490.0,917.0,898.0,1058.0,961.0,351.0,276.0,334.0,300.0,299.0,299.0,316.0,304.0,297.0,792.0,811.0,887.0,351.0,276.0,334.0,300.0,299.0,299.0
1.0,2631.0,913.0,897.0,1090.0,780.0,257.0,204.0,319.0,300.0,299.0,298.0,310.0,309.0,294.0,849.0,920.0,862.0,257.0,204.0,319.0,300.0,299.0,298.0
1.0,2808.0,915.0,897.0,961.0,734.0,220.0,229.0,285.0,300.0,299.0,298.0,314.0,301.0,300.0,943.0,992.0,873.0,220.0,229.0,285.0,300.0,299.0,298.0
1.0,2854.0,882.0,897.0,780.0,836.0,267.0,314.0,255.0,300.0,299.0,298.0,304.0,289.0,289.0,980.0,967.0,907.0,267.0,314.0,255.0,300.0,299.0,298.0
1.0,2752.0,920.0,897.0,734.0,1022.0,358.0,393.0,271.0,300.0,299.0,298.0,311.0,308.0,301.0,933.0,882.0,937.0,358.0,393.0,271.0,300.0,299.0,298.0
1.0,2566.0,926.0,898.0,836.0,1116.0,411.0,384.0,321.0,300.0,300.0,298.0,320.0,301.0,305.0,842.0,803.0,921.0,411.0,384.0,321.0,300.0,300.0,298.0
1.0,2476.0,934.0,899.0,1022.0,1032.0,374.0,298.0,360.0,301.0,300.0,298.0,317.0,307.0,310.0,789.0,816.0,871.0,374.0,298.0,360.0,301.0,300.0,298.0
1.0,2564.0,913.0,899.0,1116.0,829.0,273.0,217.0,339.0,301.0,300.0,298.0,310.0,303.0,300.0,830.0,902.0,832.0,273.0,217.0,339.0,301.0,300.0,298.0
1.0,2767.0,891.0,899.0,1032.0,688.0,202.0,213.0,273.0,301.0,300.0,298.0,303.0,294.0,294.0,931.0,983.0,853.0,202.0,213.0,273.0,301.0,300.0,298.0
1.0,2908.0,926.0,899.0,829.0,785.0,246.0,298.0,241.0,301.0,300.0,298.0,317.0,302.0,307.0,1002.0,987.0,919.0,246.0,298.0,241.0,301.0,300.0,298.0
1.0,2811.0,895.0,899.0,688.0,992.0,345.0,380.0,267.0,301.0,300.0,298.0,301.0,295.0,299.0,958.0,902.0,951.0,345.0,380.0,267.0,301.0,300.0,298.0
1.0,2604.0,900.0,900.0,785.0,1111.0,413.0,373.0,325.0,302.0,300.0,298.0,310.0,291.0,299.0,859.0,820.0,925.0,413.0,373.0,325.0,302.0,300.0,298.0
1.0,2489.0,897.0,901.0,992.0,1020.0,376.0,281.0,363.0,302.0,300.0,299.0,308.0,288.0,301.0,795.0,827.0,867.0,376.0,281.0,363.0,302.0,300.0,299.0
1.0,2584.0,890.0,900.0,1111.0,795.0,263.0,206.0,326.0,302.0,300.0,298.0,300.0,298.0,292.0,832.0,919.0,833.0,263.0,206.0,326.0,302.0,300.0,298.0
1.0,2805.0,890.0,901.0,1020.0,669.0,182.0,218.0,269.0,302.0,300.0,299.0,295.0,293.0,302.0,945.0,994.0,866.0,182.0,218.0,269.0,302.0,300.0,299.0
1.0,2935.0,927.0,902.0,795.0,805.0,229.0,323.0,253.0,302.0,301.0,299.0,310.0,307.0,310.0,1026.0,982.0,927.0,229.0,323.0,253.0,302.0,301.0,299.0
1.0,2803.0,875.0,902.0,669.0,1011.0,339.0,399.0,273.0,302.0,301.0,299.0,292.0,294.0,289.0,979.0,881.0,943.0,339.0,399.0,273.0,302.0,301.0,299.0
1.0,2597.0,915.0,903.0,805.0,1125.0,419.0,379.0,327.0,303.0,301.0,299.0,305.0,303.0,307.0,869.0,805.0,923.0,419.0,379.0,327.0,303.0,301.0,299.0
1.0,2487.0,870.0,903.0,1011.0,984.0,375.0,266.0,343.0,303.0,301.0,299.0,295.0,286.0,289.0,793.0,825.0,869.0,375.0,266.0,343.0,303.0,301.0,299.0
1.0,2628.0,939.0,904.0,1125.0,802.0,279.0,192.0,331.0,304.0,301.0,299.0,319.0,305.0,315.0,837.0,938.0,853.0,279.0,192.0,331.0,304.0,301.0,299.0
1.0,2814.0,928.0,904.0,984.0,746.0,210.0,234.0,302.0,304.0,301.0,299.0,306.0,308.0,314.0,937.0,1012.0,865.0,210.0,234.0,302.0,304.0,301.0,299.0
1.0,2870.0,904.0,905.0,802.0,852.0,230.0,347.0,275.0,304.0,302.0,299.0,299.0,301.0,304.0,1006.0,970.0,894.0,230.0,347.0,275.0,304.0,302.0,299.0
1.0,2768.0,914.0,905.0,746.0,1020.0,325.0,419.0,276.0,304.0,302.0,299.0,305.0,306.0,303.0,986.0,861.0,921.0,325.0,419.0,276.0,304.0,302.0,299.0
1.0,2600.0,991.0,907.0,852.0,1167.0,426.0,399.0,342.0,305.0,302.0,300.0,327.0,327.0,337.0,891.0,789.0,920.0,426.0,399.0,342.0,305.0,302.0,300.0
1.0,2461.0,870.0,907.0,1020.0,1017.0,389.0,269.0,359.0,305.0,302.0,300.0,288.0,289.0,293.0,794.0,809.0,858.0,389.0,269.0,359.0,305.0,302.0,300.0
1.0,2611.0,895.0,908.0,1167.0,749.0,265.0,159.0,325.0,305.0,302.0,301.0,302.0,289.0,304.0,831.0,939.0,841.0,265.0,159.0,325.0,305.0,302.0,301.0
1.0,2883.0,919.0,909.0,1017.0,655.0,185.0,202.0,268.0,306.0,302.0,301.0,305.0,312.0,302.0,955.0,1049.0,879.0,185.0,202.0,268.0,306.0,302.0,301.0
1.0,2981.0,907.0,909.0,749.0,813.0,224.0,345.0,244.0,306.0,302.0,301.0,304.0,302.0,301.0,1039.0,1006.0,936.0,224.0,345.0,244.0,306.0,302.0,301.0
1.0,2823.0,909.0,907.0,655.0,1059.0,339.0,440.0,280.0,305.0,302.0,300.0,304.0,297.0,308.0,1000.0,863.0,960.0,339.0,440.0,280.0,305.0,302.0,300.0
1.0,2569.0,940.0,909.0,813.0,1194.0,424.0,413.0,357.0,306.0,302.0,301.0,305.0,318.0,317.0,881.0,768.0,920.0,424.0,413.0,357.0,306.0,302.0,301.0
1.0,2442.0,920.0,909.0,1059.0,1055.0,386.0,278.0,391.0,306.0,302.0,301.0,301.0,305.0,314.0,800.0,795.0,847.0,386.0,278.0,391.0,306.0,302.0,301.0
1.0,2581.0,978.0,911.0,1194.0,847.0,286.0,198.0,363.0,306.0,303.0,302.0,324.0,329.0,325.0,838.0,930.0,813.0,286.0,198.0,363.0,306.0,303.0,302.0
1.0,2797.0,896.0,910.0,1055.0,684.0,172.0,233.0,279.0,305.0,303.0,302.0,276.0,313.0,307.0,938.0,1014.0,845.0,172.0,233.0,279.0,305.0,303.0,302.0
1.0,2956.0,966.0,911.0,847.0,807.0,203.0,360.0,244.0,306.0,303.0,302.0,313.0,325.0,328.0,1048.0,979.0,929.0,203.0,360.0,244.0,306.0,303.0,302.0
1.0,2837.0,936.0,911.0,684.0,1059.0,338.0,445.0,276.0,306.0,303.0,302.0,307.0,318.0,311.0,1021.0,852.0,964.0,338.0,445.0,276.0,306.0,303.0,302.0
1.0,2585.0,950.0,913.0,807.0,1210.0,445.0,417.0,348.0,306.0,304.0,303.0,310.0,328.0,312.0,886.0,767.0,932.0,445.0,417.0,348.0,306.0,304.0,303.0
1.0,2442.0,946.0,913.0,1059.0,1097.0,410.0,285.0,402.0,306.0,304.0,303.0,303.0,313.0,330.0,779.0,799.0,864.0,410.0,285.0,402.0,306.0,304.0,303.0
1.0,2555.0,924.0,914.0,1210.0,815.0,271.0,174.0,370.0,306.0,304.0,304.0,306.0,306.0,312.0,814.0,931.0,810.0,271.0,174.0,370.0,306.0,304.0,304.0
1.0,2841.0,910.0,914.0,1097.0,628.0,156.0,192.0,280.0,306.0,304.0,304.0,295.0,303.0,312.0,953.0,1042.0,846.0,156.0,192.0,280.0,306.0,304.0,304.0
1.0,3028.0,993.0,917.0,815.0,818.0,210.0,364.0,244.0,307.0,305.0,305.0,321.0,342.0,330.0,1068.0,1024.0,936.0,210.0,364.0,244.0,307.0,305.0,305.0
1.0,2850.0,957.0,917.0,628.0,1147.0,372.0,500.0,275.0,307.0,305.0,305.0,318.0,328.0,311.0,1018.0,856.0,976.0,372.0,500.0,275.0,307.0,305.0,305.0
1.0,2521.0,941.0,917.0,818.0,1270.0,467.0,450.0,353.0,307.0,305.0,305.0,305.0,314.0,322.0,856.0,720.0,945.0,467.0,450.0,353.0,307.0,305.0,305.0
1.0,2398.0,929.0,917.0,1147.0,1052.0,396.0,267.0,389.0,307.0,305.0,305.0,301.0,317.0,311.0,761.0,770.0,867.0,396.0,267.0,389.0,307.0,305.0,305.0
1.0,2616.0,972.0,919.0,1270.0,762.0,246.0,155.0,361.0,307.0,306.0,306.0,317.0,334.0,321.0,832.0,953.0,831.0,246.0,155.0,361.0,307.0,306.0,306.0
1.0,2914.0,976.0,919.0,1052.0,686.0,172.0,212.0,302.0,307.0,306.0,306.0,322.0,324.0,330.0,982.0,1069.0,863.0,172.0,212.0,302.0,307.0,306.0,306.0
1.0,2990.0,966.0,921.0,762.0,898.0,253.0,378.0,267.0,308.0,306.0,307.0,323.0,321.0,322.0,1056.0,1012.0,922.0,253.0,378.0,267.0,308.0,306.0,307.0
1.0,2786.0,961.0,921.0,686.0,1173.0,394.0,492.0,287.0,307.0,307.0,307.0,317.0,322.0,322.0,979.0,846.0,961.0,394.0,492.0,287.0,307.0,307.0,307.0
1.0,2511.0,922.0,921.0,898.0,1197.0,444.0,420.0,333.0,307.0,307.0,307.0,303.0,306.0,313.0,834.0,736.0,941.0,444.0,420.0,333.0,307.0,307.0,307.0
1.0,2487.0,933.0,923.0,1173.0,965.0,359.0,240.0,366.0,308.0,307.0,308.0,305.0,312.0,316.0,784.0,808.0,895.0,359.0,240.0,366.0,308.0,307.0,308.0
1.0,2727.0,988.0,924.0,1197.0,760.0,239.0,161.0,360.0,308.0,308.0,308.0,324.0,337.0,327.0,873.0,988.0,866.0,239.0,161.0,360.0,308.0,308.0,308.0
1.0,2936.0,984.0,926.0,965.0,787.0,203.0,255.0,329.0,308.0,309.0,309.0,323.0,330.0,331.0,993.0,1071.0,872.0,203.0,255.0,329.0,308.0,309.0,309.0
1.0,2917.0,958.0,927.0,760.0,989.0,282.0,429.0,278.0,308.0,309.0,310.0,318.0,335.0,305.0,1029.0,981.0,907.0,282.0,429.0,278.0,308.0,309.0,310.0
1.0,2719.0,899.0,927.0,787.0,1101.0,382.0,468.0,251.0,308.0,309.0,310.0,303.0,294.0,302.0,950.0,807.0,962.0,382.0,468.0,251.0,308.0,309.0,310.0
1.0,2607.0,948.0,927.0,989.0,1060.0,423.0,352.0,285.0,308.0,309.0,310.0,323.0,313.0,312.0,850.0,768.0,989.0,423.0,352.0,285.0,308.0,309.0,310.0
1.0,2648.0,935.0,927.0,1101.0,894.0,352.0,195.0,347.0,308.0,309.0,310.0,311.0,311.0,313.0,809.0,884.0,955.0,352.0,195.0,347.0,308.0,309.0,310.0
1.0,2814.0,938.0,929.0,1060.0,780.0,241.0,160.0,379.0,308.0,310.0,311.0,312.0,313.0,313.0,880.0,1041.0,893.0,241.0,160.0,379.0,308.0,310.0,311.0
1.0,2936.0,974.0,930.0,894.0,864.0,209.0,294.0,361.0,309.0,310.0,311.0,316.0,329.0,329.0,991.0,1080.0,865.0,209.0,294.0,361.0,309.0,310.0,311.0
1.0,2856.0,945.0,930.0,780.0,1029.0,289.0,443.0,297.0,309.0,310.0,311.0,321.0,309.0,315.0,1027.0,946.0,883.0,289.0,443.0,297.0,309.0,310.0,311.0
1.0,2691.0,997.0,932.0,864.0,1170.0,433.0,477.0,260.0,309.0,311.0,312.0,353.0,324.0,320.0,947.0,797.0,947.0,433.0,477.0,260.0,309.0,311.0,312.0
1.0,2558.0,970.0,933.0,1029.0,1115.0,475.0,358.0,282.0,310.0,311.0,312.0,327.0,324.0,319.0,803.0,767.0,988.0,475.0,358.0,282.0,310.0,311.0,312.0
1.0,2617.0,924.0,933.0,1170.0,869.0,355.0,185.0,329.0,310.0,311.0,312.0,313.0,304.0,307.0,765.0,886.0,966.0,355.0,185.0,329.0,310.0,311.0,312.0
1.0,2863.0,935.0,934.0,1115.0,693.0,195.0,137.0,361.0,310.0,312.0,312.0,315.0,306.0,314.0,885.0,1059.0,919.0,195.0,137.0,361.0,310.0,312.0,312.0
1.0,3043.0,902.0,934.0,869.0,726.0,145.0,250.0,331.0,310.0,312.0,312.0,305.0,298.0,299.0,1045.0,1111.0,887.0,145.0,250.0,331.0,310.0,312.0,312.0
1.0,3010.0,936.0,934.0,693.0,969.0,274.0,423.0,272.0,310.0,312.0,312.0,324.0,310.0,302.0,1095.0,998.0,917.0,274.0,423.0,272.0,310.0,312.0,312.0
1.0,2767.0,961.0,937.0,726.0,1216.0,467.0,496.0,253.0,311.0,313.0,313.0,334.0,319.0,308.0,966.0,825.0,976.0,467.0,496.0,253.0,311.0,313.0,313.0
1.0,2532.0,906.0,937.0,969.0,1153.0,498.0,375.0,280.0,311.0,313.0,313.0,305.0,302.0,299.0,777.0,756.0,999.0,498.0,375.0,280.0,311.0,313.0,313.0
1.0,2595.0,921.0,937.0,1216.0,858.0,346.0,186.0,326.0,311.0,313.0,313.0,315.0,307.0,299.0,746.0,877.0,972.0,346.0,186.0,326.0,311.0,313.0,313.0
1.0,2890.0,902.0,935.0,1153.0,599.0,165.0,93.0,341.0,311.0,312.0,312.0,317.0,286.0,299.0,898.0,1066.0,926.0,165.0,93.0,341.0,311.0,312.0,312.0
1.0,3141.0,884.0,936.0,858.0,629.0,122.0,192.0,315.0,311.0,312.0,313.0,303.0,285.0,296.0,1079.0,1155.0,907.0,122.0,192.0,315.0,311.0,312.0,313.0
1.0,3115.0,885.0,935.0,599.0,911.0,255.0,389.0,267.0,311.0,312.0,312.0,298.0,290.0,297.0,1122.0,1056.0,937.0,255.0,389.0,267.0,311.0,312.0,312.0
1.0,2829.0,952.0,938.0,629.0,1246.0,462.0,515.0,269.0,312.0,313.0,313.0,325.0,314.0,313.0,989.0,859.0,981.0,462.0,515.0,269.0,312.0,313.0,313.0
1.0,2506.0,900.0,936.0,911.0,1227.0,516.0,415.0,296.0,312.0,312.0,312.0,309.0,293.0,298.0,786.0,737.0,983.0,516.0,415.0,296.0,312.0,312.0,312.0
1.0,2517.0,916.0,936.0,1246.0,897.0,361.0,208.0,328.0,312.0,312.0,312.0,307.0,308.0,301.0,732.0,833.0,952.0,361.0,208.0,328.0,312.0,312.0,312.0
1.0,2847.0,933.0,936.0,1227.0,603.0,165.0,99.0,339.0,312.0,312.0,312.0,320.0,306.0,307.0,887.0,1040.0,920.0,165.0,99.0,339.0,312.0,312.0,312.0
1.0,3141.0,934.0,937.0,897.0,644.0,123.0,208.0,313.0,312.0,313.0,312.0,319.0,313.0,302.0,1083.0,1149.0,909.0,123.0,208.0,313.0,312.0,313.0,312.0
1.0,3104.0,934.0,936.0,603.0,971.0,272.0,419.0,280.0,312.0,312.0,312.0,314.0,314.0,306.0,1125.0,1044.0,935.0,272.0,419.0,280.0,312.0,312.0,312.0
1.0,2773.0,934.0,938.0,644.0,1269.0,468.0,519.0,282.0,313.0,313.0,312.0,315.0,304.0,315.0,976.0,829.0,968.0,468.0,519.0,282.0,313.0,313.0,312.0
1.0,2483.0,926.0,938.0,971.0,1224.0,513.0,409.0,302.0,313.0,313.0,312.0,317.0,309.0,300.0,784.0,733.0,966.0,513.0,409.0,302.0,313.0,313.0,312.0
1.0,2528.0,880.0,937.0,1269.0,831.0,341.0,172.0,318.0,313.0,312.0,312.0,296.0,286.0,298.0,739.0,843.0,946.0,341.0,172.0,318.0,313.0,312.0,312.0
1.0,2917.0,940.0,938.0,1224.0,551.0,144.0,80.0,327.0,313.0,313.0,312.0,316.0,313.0,311.0,911.0,1076.0,930.0,144.0,80.0,327.0,313.0,313.0,312.0
1.0,3201.0,1000.0,940.0,831.0,728.0,139.0,236.0,353.0,314.0,313.0,313.0,332.0,328.0,340.0,1108.0,1172.0,921.0,139.0,236.0,353.0,314.0,313.0,313.0
1.0,3032.0,937.0,940.0,551.0,1114.0,305.0,475.0,334.0,314.0,313.0,313.0,310.0,319.0,308.0,1117.0,1016.0,899.0,305.0,475.0,334.0,314.0,313.0,313.0
1.0,2646.0,934.0,940.0,728.0,1320.0,473.0,566.0,281.0,314.0,314.0,312.0,307.0,323.0,304.0,951.0,777.0,918.0,473.0,566.0,281.0,314.0,314.0,312.0
1.0,2440.0,974.0,940.0,1114.0,1180.0,493.0,412.0,275.0,314.0,314.0,312.0,325.0,321.0,328.0,783.0,690.0,967.0,493.0,412.0,275.0,314.0,314.0,312.0
1.0,2580.0,937.0,941.0,1320.0,801.0,327.0,159.0,315.0,314.0,314.0,313.0,307.0,313.0,317.0,763.0,844.0,973.0,327.0,159.0,315.0,314.0,314.0,313.0
1.0,2963.0,941.0,939.0,1180.0,554.0,142.0,57.0,355.0,314.0,313.0,312.0,308.0,314.0,319.0,929.0,1097.0,937.0,142.0,57.0,355.0,314.0,313.0,312.0
1.0,3202.0,949.0,940.0,801.0,706.0,129.0,214.0,363.0,314.0,313.0,313.0,314.0,316.0,319.0,1114.0,1195.0,893.0,129.0,214.0,363.0,314.0,313.0,313.0
1.0,3054.0,960.0,941.0,554.0,1116.0,311.0,485.0,320.0,315.0,313.0,313.0,320.0,328.0,312.0,1127.0,1038.0,889.0,311.0,485.0,320.0,315.0,313.0,313.0
1.0,2648.0,952.0,940.0,706.0,1358.0,494.0,587.0,277.0,315.0,313.0,312.0,312.0,316.0,324.0,949.0,767.0,932.0,494.0,587.0,277.0,315.0,313.0,312.0
1.0,2402.0,941.0,940.0,1116.0,1183.0,502.0,416.0,265.0,315.0,313.0,312.0,319.0,314.0,308.0,766.0,665.0,971.0,502.0,416.0,265.0,315.0,313.0,312.0
1.0,2577.0,965.0,942.0,1358.0,798.0,325.0,152.0,321.0,315.0,314.0,313.0,317.0,319.0,329.0,758.0,836.0,983.0,325.0,152.0,321.0,315.0,314.0,313.0
1.0,2970.0,969.0,941.0,1183.0,580.0,139.0,57.0,384.0,315.0,313.0,313.0,316.0,325.0,328.0,935.0,1104.0,931.0,139.0,57.0,384.0,315.0,313.0,313.0
1.0,3184.0,952.0,941.0,798.0,734.0,130.0,216.0,388.0,315.0,313.0,313.0,316.0,311.0,325.0,1121.0,1195.0,868.0,130.0,216.0,388.0,315.0,313.0,313.0
1.0,3030.0,940.0,941.0,580.0,1094.0,305.0,468.0,321.0,315.0,313.0,313.0,314.0,309.0,317.0,1130.0,1036.0,864.0,305.0,468.0,321.0,315.0,313.0,313.0
1.0,2670.0,1007.0,943.0,734.0,1375.0,512.0,598.0,265.0,316.0,314.0,313.0,333.0,342.0,332.0,955.0,784.0,931.0,512.0,598.0,265.0,316.0,314.0,313.0
1.0,2397.0,986.0,942.0,1094.0,1263.0,535.0,456.0,272.0,316.0,313.0,313.0,328.0,330.0,328.0,752.0,658.0,987.0,535.0,456.0,272.0,316.0,313.0,313.0
1.0,2505.0,963.0,942.0,1375.0,851.0,344.0,180.0,327.0,316.0,313.0,313.0,321.0,322.0,320.0,729.0,796.0,980.0,344.0,180.0,327.0,316.0,313.0,313.0
1.0,2917.0,968.0,942.0,1263.0,556.0,123.0,49.0,384.0,316.0,313.0,313.0,314.0,325.0,329.0,920.0,1072.0,925.0,123.0,49.0,384.0,316.0,313.0,313.0
1.0,3212.0,918.0,942.0,851.0,623.0,74.0,183.0,366.0,316.0,313.0,313.0,295.0,314.0,309.0,1141.0,1203.0,868.0,74.0,183.0,366.0,316.0,313.0,313.0
1.0,3145.0,953.0,943.0,556.0,1024.0,269.0,458.0,297.0,316.0,314.0,313.0,318.0,320.0,315.0,1190.0,1069.0,886.0,269.0,458.0,297.0,316.0,314.0,313.0
1.0,2748.0,967.0,943.0,623.0,1368.0,520.0,598.0,250.0,316.0,314.0,313.0,325.0,323.0,319.0,995.0,798.0,955.0,520.0,598.0,250.0,316.0,314.0,313.0
1.0,2404.0,958.0,943.0,1024.0,1302.0,570.0,463.0,269.0,316.0,314.0,313.0,319.0,323.0,316.0,744.0,658.0,1002.0,570.0,463.0,269.0,316.0,314.0,313.0
1.0,2470.0,971.0,942.0,1368.0,901.0,372.0,188.0,341.0,316.0,313.0,313.0,322.0,327.0,322.0,694.0,793.0,983.0,372.0,188.0,341.0,316.0,313.0,313.0
1.0,2867.0,960.0,942.0,1302.0,559.0,118.0,52.0,389.0,316.0,313.0,313.0,316.0,327.0,317.0,892.0,1064.0,911.0,118.0,52.0,389.0,316.0,313.0,313.0
1.0,3209.0,931.0,943.0,901.0,593.0,51.0,178.0,364.0,316.0,314.0,313.0,305.0,310.0,316.0,1146.0,1200.0,863.0,51.0,178.0,364.0,316.0,314.0,313.0
1.0,3179.0,976.0,944.0,559.0,1014.0,252.0,459.0,303.0,316.0,314.0,314.0,319.0,333.0,324.0,1213.0,1078.0,888.0,252.0,459.0,303.0,316.0,314.0,314.0
1.0,2762.0,987.0,944.0,593.0,1408.0,526.0,616.0,266.0,316.0,314.0,314.0,325.0,335.0,327.0,1012.0,797.0,953.0,526.0,616.0,266.0,316.0,314.0,314.0
1.0,2368.0,992.0,946.0,1014.0,1394.0,604.0,496.0,294.0,317.0,315.0,314.0,326.0,335.0,331.0,738.0,640.0,990.0,604.0,496.0,294.0,317.0,315.0,314.0
1.0,2390.0,961.0,946.0,1408.0,947.0,399.0,200.0,348.0,317.0,315.0,314.0,321.0,320.0,320.0,664.0,764.0,962.0,399.0,200.0,348.0,317.0,315.0,314.0
1.0,2837.0,953.0,946.0,1394.0,506.0,118.0,22.0,366.0,317.0,315.0,314.0,323.0,318.0,312.0,869.0,1060.0,908.0,118.0,22.0,366.0,317.0,315.0,314.0
1.0,3278.0,1001.0,945.0,947.0,556.0,52.0,156.0,348.0,316.0,315.0,314.0,337.0,334.0,330.0,1150.0,1238.0,890.0,52.0,156.0,348.0,316.0,315.0,314.0
1.0,3224.0,967.0,945.0,506.0,1017.0,255.0,450.0,312.0,316.0,315.0,314.0,321.0,316.0,330.0,1212.0,1104.0,908.0,255.0,450.0,312.0,316.0,315.0,314.0
1.0,2763.0,983.0,947.0,556.0,1452.0,528.0,626.0,298.0,317.0,315.0,315.0,321.0,332.0,330.0,1009.0,810.0,944.0,528.0,626.0,298.0,317.0,315.0,315.0
1.0,2336.0,986.0,948.0,1017.0,1425.0,605.0,502.0,318.0,317.0,316.0,315.0,332.0,322.0,332.0,740.0,634.0,962.0,605.0,502.0,318.0,317.0,316.0,315.0
1.0,2367.0,931.0,948.0,1452.0,904.0,390.0,191.0,323.0,317.0,316.0,315.0,313.0,315.0,303.0,663.0,762.0,942.0,390.0,191.0,323.0,317.0,316.0,315.0
1.0,2888.0,953.0,948.0,1425.0,432.0,102.0,10.0,320.0,317.0,316.0,315.0,317.0,321.0,315.0,878.0,1073.0,937.0,102.0,10.0,320.0,317.0,316.0,315.0
1.0,3360.0,1017.0,950.0,904.0,553.0,49.0,163.0,341.0,317.0,317.0,316.0,337.0,340.0,340.0,1166.0,1254.0,940.0,49.0,163.0,341.0,317.0,317.0,316.0
1.0,3247.0,1013.0,952.0,432.0,1142.0,296.0,494.0,352.0,318.0,317.0,317.0,345.0,341.0,327.0,1219.0,1105.0,923.0,296.0,494.0,352.0,318.0,317.0,317.0
1.0,2666.0,979.0,953.0,553.0,1572.0,577.0,660.0,335.0,318.0,318.0,317.0,330.0,325.0,324.0,976.0,774.0,916.0,577.0,660.0,335.0,318.0,318.0,317.0
1.0,2240.0,995.0,955.0,1142.0,1433.0,602.0,507.0,324.0,318.0,319.0,318.0,321.0,337.0,337.0,695.0,612.0,933.0,602.0,507.0,324.0,318.0,319.0,318.0
1.0,2387.0,965.0,957.0,1572.0,834.0,356.0,176.0,302.0,319.0,320.0,318.0,327.0,325.0,313.0,670.0,769.0,948.0,356.0,176.0,302.0,319.0,320.0,318.0
1.0,2994.0,999.0,958.0,1433.0,411.0,99.0,0.0,312.0,319.0,320.0,319.0,345.0,324.0,330.0,920.0,1104.0,970.0,99.0,0.0,312.0,319.0,320.0,319.0
1.0,3428.0,962.0,958.0,834.0,532.0,66.0,136.0,330.0,319.0,320.0,319.0,323.0,319.0,320.0,1177.0,1287.0,964.0,66.0,136.0,330.0,319.0,320.0,319.0
1.0,3300.0,947.0,960.0,411.0,1076.0,288.0,459.0,329.0,320.0,321.0,319.0,317.0,319.0,311.0,1210.0,1144.0,946.0,288.0,459.0,329.0,320.0,321.0,319.0
1.0,2764.0,962.0,961.0,532.0,1510.0,546.0,637.0,327.0,320.0,321.0,320.0,324.0,314.0,324.0,992.0,825.0,947.0,546.0,637.0,327.0,320.0,321.0,320.0
1.0,2334.0,924.0,961.0,1076.0,1358.0,561.0,491.0,306.0,320.0,321.0,320.0,303.0,313.0,308.0,734.0,647.0,953.0,561.0,491.0,306.0,320.0,321.0,320.0
1.0,2486.0,980.0,961.0,1510.0,828.0,344.0,175.0,309.0,320.0,321.0,320.0,329.0,321.0,330.0,719.0,793.0,974.0,344.0,175.0,309.0,320.0,321.0,320.0
1.0,3016.0,1034.0,963.0,1358.0,512.0,125.0,33.0,354.0,320.0,322.0,321.0,342.0,345.0,347.0,936.0,1109.0,971.0,125.0,33.0,354.0,320.0,322.0,321.0
1.0,3340.0,972.0,963.0,828.0,656.0,105.0,178.0,373.0,320.0,322.0,321.0,324.0,320.0,328.0,1155.0,1255.0,930.0,105.0,178.0,373.0,320.0,322.0,321.0
1.0,3196.0,1017.0,966.0,512.0,1173.0,334.0,485.0,354.0,321.0,323.0,322.0,350.0,336.0,331.0,1175.0,1110.0,911.0,334.0,485.0,354.0,321.0,323.0,322.0
1.0,2691.0,987.0,967.0,656.0,1508.0,565.0,634.0,309.0,322.0,323.0,322.0,332.0,327.0,328.0,950.0,807.0,934.0,565.0,634.0,309.0,322.0,323.0,322.0
1.0,2360.0,966.0,969.0,1173.0,1309.0,553.0,472.0,284.0,322.0,324.0,323.0,322.0,319.0,325.0,723.0,658.0,979.0,553.0,472.0,284.0,322.0,324.0,323.0
1.0,2567.0,1017.0,969.0,1508.0,818.0,331.0,172.0,315.0,322.0,324.0,323.0,343.0,334.0,340.0,735.0,824.0,1008.0,331.0,172.0,315.0,322.0,324.0,323.0
1.0,3058.0,979.0,969.0,1309.0,488.0,99.0,29.0,360.0,322.0,324.0,323.0,321.0,329.0,329.0,957.0,1124.0,977.0,99.0,29.0,360.0,322.0,324.0,323.0
1.0,3388.0,1003.0,971.0,818.0,681.0,101.0,202.0,378.0,323.0,324.0,324.0,329.0,345.0,329.0,1189.0,1267.0,932.0,101.0,202.0,378.0,323.0,324.0,324.0
1.0,3203.0,936.0,970.0,488.0,1125.0,325.0,481.0,319.0,323.0,324.0,323.0,323.0,308.0,305.0,1191.0,1094.0,918.0,325.0,481.0,319.0,323.0,324.0,323.0
1.0,2755.0,996.0,971.0,681.0,1444.0,551.0,602.0,291.0,323.0,324.0,324.0,327.0,323.0,346.0,967.0,815.0,973.0,551.0,602.0,291.0,323.0,324.0,324.0
1.0,2440.0,999.0,973.0,1125.0,1326.0,561.0,462.0,303.0,324.0,325.0,324.0,331.0,337.0,331.0,741.0,694.0,1005.0,561.0,462.0,303.0,324.0,325.0,324.0
1.0,2566.0,1002.0,973.0,1444.0,884.0,343.0,194.0,347.0,324.0,325.0,324.0,333.0,334.0,335.0,735.0,838.0,993.0,343.0,194.0,347.0,324.0,325.0,324.0
1.0,3008.0,1034.0,974.0,1326.0,596.0,128.0,78.0,390.0,324.0,325.0,325.0,346.0,346.0,342.0,953.0,1106.0,949.0,128.0,78.0,390.0,324.0,325.0,325.0
1.0,3300.0,989.0,976.0,884.0,709.0,120.0,217.0,372.0,325.0,326.0,325.0,331.0,329.0,329.0,1168.0,1222.0,910.0,120.0,217.0,372.0,325.0,326.0,325.0
1.0,3195.0,1004.0,976.0,596.0,1117.0,327.0,475.0,315.0,325.0,326.0,325.0,335.0,336.0,333.0,1180.0,1087.0,928.0,327.0,475.0,315.0,325.0,326.0,325.0
1.0,2787.0,1022.0,977.0,709.0,1434.0,543.0,601.0,290.0,325.0,326.0,326.0,336.0,343.0,343.0,973.0,829.0,985.0,543.0,601.0,290.0,325.0,326.0,326.0
1.0,2474.0,1027.0,979.0,1117.0,1352.0,562.0,474.0,316.0,326.0,327.0,326.0,342.0,344.0,341.0,757.0,703.0,1014.0,562.0,474.0,316.0,326.0,327.0,326.0
1.0,2564.0,988.0,979.0,1434.0,906.0,353.0,195.0,358.0,326.0,327.0,326.0,334.0,322.0,332.0,742.0,834.0,988.0,353.0,195.0,358.0,326.0,327.0,326.0
1.0,3010.0,968.0,979.0,1352.0,522.0,110.0,48.0,364.0,326.0,327.0,326.0,319.0,327.0,322.0,951.0,1113.0,946.0,110.0,48.0,364.0,326.0,327.0,326.0
1.0,3394.0,1005.0,980.0,906.0,625.0,102.0,185.0,338.0,327.0,327.0,326.0,341.0,332.0,332.0,1194.0,1260.0,940.0,102.0,185.0,338.0,327.0,327.0,326.0
1.0,3295.0,1021.0,981.0,522.0,1128.0,340.0,485.0,303.0,327.0,328.0,326.0,348.0,344.0,329.0,1206.0,1123.0,966.0,340.0,485.0,303.0,327.0,328.0,326.0
1.0,2796.0,1020.0,982.0,625.0,1527.0,569.0,643.0,315.0,327.0,328.0,327.0,331.0,343.0,346.0,968.0,827.0,1001.0,569.0,643.0,315.0,327.0,328.0,327.0
1.0,2401.0,968.0,981.0,1128.0,1363.0,553.0,484.0,326.0,327.0,328.0,326.0,324.0,326.0,318.0,739.0,669.0,993.0,553.0,484.0,326.0,327.0,328.0,326.0
1.0,2561.0,967.0,983.0,1527.0,811.0,308.0,169.0,334.0,328.0,328.0,327.0,320.0,328.0,319.0,755.0,828.0,978.0,308.0,169.0,334.0,328.0,328.0,327.0
1.0,3121.0,1052.0,984.0,1363.0,504.0,105.0,39.0,360.0,328.0,329.0,327.0,350.0,350.0,352.0,1004.0,1143.0,974.0,105.0,39.0,360.0,328.0,329.0,327.0
1.0,3432.0,974.0,984.0,811.0,667.0,126.0,191.0,350.0,328.0,329.0,327.0,329.0,321.0,324.0,1207.0,1277.0,948.0,126.0,191.0,350.0,328.0,329.0,327.0
1.0,3269.0,1001.0,986.0,504.0,1172.0,354.0,489.0,329.0,329.0,329.0,328.0,329.0,337.0,335.0,1186.0,1125.0,958.0,354.0,489.0,329.0,329.0,329.0,328.0
1.0,2772.0,992.0,986.0,667.0,1497.0,549.0,634.0,314.0,329.0,329.0,328.0,321.0,336.0,335.0,962.0,827.0,983.0,549.0,634.0,314.0,329.0,329.0,328.0
1.0,2447.0,973.0,986.0,1172.0,1298.0,515.0,470.0,313.0,329.0,329.0,328.0,320.0,325.0,328.0,767.0,682.0,998.0,515.0,470.0,313.0,329.0,329.0,328.0
1.0,2646.0,965.0,986.0,1497.0,766.0,281.0,158.0,327.0,329.0,329.0,328.0,315.0,322.0,328.0,801.0,846.0,999.0,281.0,158.0,327.0,329.0,329.0,328.0
1.0,3178.0,1007.0,987.0,1298.0,479.0,110.0,34.0,335.0,329.0,330.0,328.0,344.0,342.0,321.0,1035.0,1158.0,985.0,110.0,34.0,335.0,329.0,330.0,328.0
1.0,3469.0,984.0,988.0,766.0,701.0,165.0,190.0,346.0,330.0,329.0,329.0,332.0,318.0,334.0,1206.0,1286.0,977.0,165.0,190.0,346.0,330.0,329.0,329.0
1.0,3251.0,995.0,987.0,479.0,1213.0,386.0,492.0,335.0,330.0,329.0,328.0,331.0,336.0,328.0,1155.0,1126.0,970.0,386.0,492.0,335.0,330.0,329.0,328.0
1.0,2735.0,976.0,988.0,701.0,1492.0,550.0,627.0,315.0,330.0,329.0,329.0,329.0,325.0,322.0,934.0,824.0,977.0,550.0,627.0,315.0,330.0,329.0,329.0
1.0,2460.0,945.0,987.0,1213.0,1220.0,467.0,453.0,300.0,329.0,329.0,329.0,307.0,318.0,320.0,770.0,689.0,1001.0,467.0,453.0,300.0,329.0,329.0,329.0
1.0,2728.0,960.0,986.0,1492.0,684.0,240.0,143.0,301.0,329.0,329.0,328.0,323.0,317.0,320.0,849.0,863.0,1016.0,240.0,143.0,301.0,329.0,329.0,328.0
1.0,3260.0,1007.0,988.0,1220.0,479.0,106.0,36.0,337.0,329.0,330.0,329.0,333.0,342.0,332.0,1076.0,1173.0,1011.0,106.0,36.0,337.0,329.0,330.0,329.0
1.0,3473.0,1014.0,989.0,684.0,813.0,207.0,232.0,374.0,330.0,330.0,329.0,337.0,339.0,338.0,1210.0,1284.0,979.0,207.0,232.0,374.0,330.0,330.0,329.0
1.0,3143.0,1037.0,989.0,479.0,1371.0,447.0,548.0,376.0,330.0,330.0,329.0,346.0,352.0,339.0,1113.0,1088.0,942.0,447.0,548.0,376.0,330.0,330.0,329.0
1.0,2585.0,1000.0,989.0,813.0,1558.0,578.0,644.0,336.0,330.0,330.0,329.0,338.0,328.0,334.0,873.0,772.0,940.0,578.0,644.0,336.0,330.0,330.0,329.0
1.0,2398.0,973.0,992.0,1371.0,1172.0,455.0,429.0,288.0,331.0,331.0,330.0,320.0,329.0,324.0,742.0,676.0,980.0,455.0,429.0,288.0,331.0,331.0,330.0
1.0,2796.0,967.0,989.0,1558.0,569.0,193.0,102.0,274.0,330.0,330.0,329.0,320.0,321.0,326.0,869.0,895.0,1032.0,193.0,102.0,274.0,330.0,330.0,329.0
1.0,3387.0,970.0,989.0,1172.0,374.0,62.0,0.0,312.0,330.0,330.0,329.0,324.0,320.0,326.0,1127.0,1218.0,1042.0,62.0,0.0,312.0,330.0,330.0,329.0
1.0,3589.0,1034.0,990.0,569.0,836.0,217.0,241.0,378.0,330.0,330.0,330.0,348.0,350.0,336.0,1258.0,1327.0,1004.0,217.0,241.0,378.0,330.0,330.0,330.0
1.0,3124.0,977.0,989.0,374.0,1435.0,490.0,564.0,381.0,330.0,330.0,329.0,335.0,323.0,319.0,1103.0,1079.0,942.0,490.0,564.0,381.0,330.0,330.0,329.0
1.0,2521.0,1024.0,991.0,836.0,1631.0,624.0,657.0,350.0,331.0,330.0,330.0,347.0,334.0,343.0,830.0,756.0,935.0,624.0,657.0,350.0,331.0,330.0,330.0
1.0,2333.0,975.0,990.0,1435.0,1167.0,458.0,421.0,288.0,330.0,330.0,330.0,328.0,328.0,319.0,700.0,663.0,970.0,458.0,421.0,288.0,330.0,330.0,330.0
1.0,2793.0,1017.0,992.0,1631.0,561.0,171.0,113.0,277.0,331.0,331.0,330.0,333.0,345.0,339.0,862.0,899.0,1032.0,171.0,113.0,277.0,331.0,331.0,330.0
1.0,3407.0,997.0,992.0,1167.0,391.0,51.0,25.0,315.0,331.0,331.0,330.0,338.0,333.0,326.0,1153.0,1211.0,1043.0,51.0,25.0,315.0,331.0,331.0,330.0
1.0,3577.0,1010.0,993.0,561.0,844.0,217.0,255.0,372.0,331.0,332.0,330.0,337.0,339.0,334.0,1273.0,1299.0,1005.0,217.0,255.0,372.0,331.0,332.0,330.0
1.0,3128.0,1001.0,995.0,391.0,1462.0,505.0,568.0,389.0,332.0,332.0,331.0,335.0,338.0,328.0,1107.0,1073.0,948.0,505.0,568.0,389.0,332.0,332.0,331.0
1.0,2518.0,1013.0,995.0,844.0,1631.0,619.0,657.0,355.0,332.0,332.0,331.0,331.0,344.0,338.0,823.0,760.0,935.0,619.0,657.0,355.0,332.0,332.0,331.0
1.0,2349.0,1054.0,996.0,1462.0,1227.0,471.0,442.0,314.0,332.0,333.0,331.0,357.0,349.0,348.0,709.0,671.0,969.0,471.0,442.0,314.0,332.0,333.0,331.0
1.0,2757.0,1037.0,997.0,1631.0,637.0,203.0,129.0,305.0,333.0,333.0,331.0,347.0,344.0,346.0,857.0,890.0,1010.0,203.0,129.0,305.0,333.0,333.0,331.0
1.0,3351.0,1051.0,998.0,1227.0,465.0,88.0,34.0,343.0,333.0,333.0,332.0,356.0,347.0,348.0,1129.0,1203.0,1019.0,88.0,34.0,343.0,333.0,333.0,332.0
1.0,3527.0,1045.0,999.0,637.0,877.0,229.0,263.0,385.0,333.0,334.0,332.0,344.0,354.0,347.0,1244.0,1298.0,985.0,229.0,263.0,385.0,333.0,334.0,332.0
1.0,3119.0,1010.0,999.0,465.0,1422.0,466.0,568.0,388.0,333.0,334.0,332.0,325.0,339.0,346.0,1103.0,1073.0,943.0,466.0,568.0,388.0,333.0,334.0,332.0
1.0,2574.0,1022.0,999.0,877.0,1567.0,578.0,647.0,342.0,333.0,334.0,332.0,341.0,342.0,339.0,866.0,768.0,940.0,578.0,647.0,342.0,333.0,334.0,332.0
1.0,2429.0,1050.0,1002.0,1422.0,1207.0,465.0,433.0,309.0,334.0,335.0,333.0,349.0,350.0,351.0,754.0,689.0,986.0,465.0,433.0,309.0,334.0,335.0,333.0
1.0,2801.0,1068.0,1003.0,1567.0,712.0,236.0,139.0,337.0,334.0,335.0,334.0,349.0,353.0,366.0,871.0,907.0,1023.0,236.0,139.0,337.0,334.0,335.0,334.0
1.0,3300.0,986.0,1003.0,1207.0,491.0,95.0,32.0,364.0,334.0,335.0,334.0,324.0,326.0,336.0,1100.0,1201.0,999.0,95.0,32.0,364.0,334.0,335.0,334.0
1.0,3521.0,1023.0,1004.0,712.0,806.0,199.0,238.0,369.0,334.0,336.0,334.0,340.0,341.0,342.0,1241.0,1308.0,972.0,199.0,238.0,369.0,334.0,336.0,334.0
1.0,3210.0,1023.0,1004.0,491.0,1338.0,443.0,547.0,348.0,334.0,336.0,334.0,339.0,341.0,343.0,1137.0,1106.0,967.0,443.0,547.0,348.0,334.0,336.0,334.0
1.0,2678.0,1037.0,1006.0,806.0,1577.0,595.0,650.0,332.0,335.0,336.0,335.0,347.0,341.0,349.0,893.0,797.0,988.0,595.0,650.0,332.0,335.0,336.0,335.0
1.0,2447.0,1019.0,1005.0,1338.0,1254.0,493.0,442.0,319.0,335.0,336.0,334.0,341.0,339.0,339.0,745.0,694.0,1008.0,493.0,442.0,319.0,335.0,336.0,334.0
1.0,2766.0,1025.0,1006.0,1577.0,706.0,231.0,133.0,342.0,335.0,336.0,335.0,333.0,341.0,351.0,847.0,902.0,1017.0,231.0,133.0,342.0,335.0,336.0,335.0
1.0,3318.0,1005.0,1006.0,1254.0,457.0,71.0,29.0,357.0,335.0,336.0,335.0,333.0,338.0,334.0,1109.0,1211.0,998.0,71.0,29.0,357.0,335.0,336.0,335.0
1.0,3567.0,1016.0,1006.0,706.0,767.0,176.0,235.0,356.0,335.0,336.0,335.0,336.0,339.0,341.0,1269.0,1315.0,983.0,176.0,235.0,356.0,335.0,336.0,335.0
1.0,3257.0,1072.0,1006.0,457.0,1382.0,453.0,564.0,365.0,335.0,336.0,335.0,348.0,358.0,366.0,1164.0,1109.0,984.0,453.0,564.0,365.0,335.0,336.0,335.0
1.0,2642.0,993.0,1006.0,767.0,1608.0,609.0,654.0,345.0,335.0,336.0,335.0,332.0,325.0,336.0,887.0,780.0,975.0,609.0,654.0,345.0,335.0,336.0,335.0
1.0,2416.0,1056.0,1008.0,1382.0,1290.0,507.0,447.0,336.0,335.0,337.0,336.0,351.0,353.0,352.0,731.0,690.0,995.0,507.0,447.0,336.0,335.0,337.0,336.0
1.0,2742.0,1040.0,1008.0,1608.0,722.0,244.0,138.0,340.0,335.0,337.0,336.0,346.0,345.0,349.0,833.0,901.0,1008.0,244.0,138.0,340.0,335.0,337.0,336.0
1.0,3310.0,1020.0,1009.0,1290.0,456.0,77.0,23.0,356.0,335.0,337.0,337.0,340.0,332.0,348.0,1096.0,1210.0,1004.0,77.0,23.0,356.0,335.0,337.0,337.0
1.0,3580.0,1031.0,1009.0,722.0,765.0,166.0,226.0,373.0,335.0,337.0,337.0,333.0,341.0,357.0,1263.0,1325.0,992.0,166.0,226.0,373.0,335.0,337.0,337.0
1.0,3271.0,1016.0,1011.0,456.0,1333.0,430.0,532.0,371.0,336.0,337.0,338.0,337.0,329.0,350.0,1174.0,1122.0,975.0,430.0,532.0,371.0,336.0,337.0,338.0
1.0,2711.0,1051.0,1011.0,765.0,1619.0,611.0,649.0,359.0,336.0,337.0,338.0,347.0,343.0,361.0,914.0,816.0,981.0,611.0,649.0,359.0,336.0,337.0,338.0
1.0,2425.0,1044.0,1011.0,1333.0,1330.0,523.0,469.0,338.0,336.0,337.0,338.0,342.0,352.0,350.0,733.0,699.0,993.0,523.0,469.0,338.0,336.0,337.0,338.0
1.0,2714.0,998.0,1012.0,1619.0,713.0,242.0,151.0,320.0,336.0,337.0,339.0,330.0,331.0,337.0,821.0,879.0,1014.0,242.0,151.0,320.0,336.0,337.0,339.0
1.0,3335.0,1035.0,1012.0,1330.0,418.0,70.0,28.0,320.0,336.0,337.0,339.0,351.0,346.0,338.0,1102.0,1197.0,1036.0,70.0,28.0,320.0,336.0,337.0,339.0
1.0,3630.0,995.0,1012.0,713.0,700.0,152.0,206.0,342.0,336.0,337.0,339.0,324.0,329.0,342.0,1274.0,1320.0,1036.0,152.0,206.0,342.0,336.0,337.0,339.0
1.0,3348.0,1058.0,1014.0,418.0,1348.0,432.0,534.0,382.0,337.0,338.0,339.0,346.0,352.0,360.0,1192.0,1142.0,1014.0,432.0,534.0,382.0,337.0,338.0,339.0
1.0,2708.0,1000.0,1014.0,700.0,1648.0,615.0,658.0,375.0,337.0,338.0,339.0,335.0,330.0,335.0,916.0,818.0,974.0,615.0,658.0,375.0,337.0,338.0,339.0
1.0,2408.0,1017.0,1015.0,1348.0,1321.0,529.0,455.0,337.0,337.0,338.0,340.0,346.0,331.0,340.0,733.0,694.0,981.0,529.0,455.0,337.0,337.0,338.0,340.0
1.0,2739.0,1021.0,1015.0,1648.0,694.0,250.0,135.0,309.0,337.0,338.0,340.0,336.0,338.0,347.0,819.0,897.0,1023.0,250.0,135.0,309.0,337.0,338.0,340.0
1.0,3366.0,978.0,1015.0,1321.0,354.0,44.0,0.0,310.0,337.0,338.0,340.0,323.0,317.0,338.0,1098.0,1217.0,1051.0,44.0,0.0,310.0,337.0,338.0,340.0
1.0,3709.0,1028.0,1017.0,694.0,693.0,149.0,204.0,340.0,338.0,338.0,341.0,351.0,342.0,335.0,1304.0,1355.0,1050.0,149.0,204.0,340.0,338.0,338.0,341.0
1.0,3375.0,1041.0,1018.0,354.0,1384.0,452.0,552.0,380.0,338.0,339.0,341.0,347.0,344.0,350.0,1203.0,1148.0,1024.0,452.0,552.0,380.0,338.0,339.0,341.0
1.0,2688.0,1035.0,1020.0,693.0,1734.0,644.0,698.0,392.0,339.0,339.0,342.0,337.0,350.0,348.0,900.0,804.0,984.0,644.0,698.0,392.0,339.0,339.0,342.0
1.0,2346.0,1003.0,1020.0,1384.0,1353.0,527.0,480.0,346.0,339.0,339.0,342.0,335.0,334.0,334.0,712.0,658.0,976.0,527.0,480.0,346.0,339.0,339.0,342.0
1.0,2727.0,1023.0,1020.0,1734.0,642.0,228.0,120.0,294.0,339.0,339.0,342.0,345.0,338.0,340.0,829.0,876.0,1022.0,228.0,120.0,294.0,339.0,339.0,342.0
1.0,3438.0,1034.0,1020.0,1353.0,343.0,44.0,0.0,299.0,339.0,339.0,342.0,343.0,340.0,351.0,1128.0,1236.0,1074.0,44.0,0.0,299.0,339.0,339.0,342.0
1.0,3757.0,1020.0,1020.0,642.0,701.0,154.0,196.0,351.0,339.0,339.0,342.0,338.0,336.0,346.0,1312.0,1376.0,1069.0,154.0,196.0,351.0,339.0,339.0,342.0
1.0,3379.0,959.0,1020.0,343.0,1317.0,431.0,514.0,372.0,339.0,339.0,342.0,321.0,318.0,320.0,1202.0,1160.0,1017.0,431.0,514.0,372.0,339.0,339.0,342.0
1.0,2763.0,1014.0,1020.0,701.0,1630.0,618.0,655.0,357.0,339.0,339.0,342.0,341.0,337.0,336.0,925.0,842.0,996.0,618.0,655.0,357.0,339.0,339.0,342.0
1.0,2450.0,1026.0,1022.0,1317.0,1347.0,534.0,492.0,321.0,340.0,340.0,342.0,343.0,347.0,336.0,738.0,701.0,1011.0,534.0,492.0,321.0,340.0,340.0,342.0
1.0,2741.0,1013.0,1020.0,1630.0,722.0,246.0,178.0,298.0,339.0,339.0,342.0,334.0,345.0,334.0,826.0,868.0,1047.0,246.0,178.0,298.0,339.0,339.0,342.0
1.0,3358.0,1011.0,1023.0,1347.0,398.0,59.0,26.0,313.0,340.0,340.0,343.0,343.0,336.0,332.0,1110.0,1178.0,1070.0,59.0,26.0,313.0,340.0,340.0,343.0
1.0,3694.0,1026.0,1023.0,722.0,702.0,159.0,184.0,359.0,340.0,340.0,343.0,346.0,336.0,344.0,1301.0,1334.0,1059.0,159.0,184.0,359.0,340.0,340.0,343.0
1.0,3390.0,1070.0,1024.0,398.0,1378.0,456.0,513.0,409.0,340.0,340.0,344.0,356.0,355.0,359.0,1201.0,1176.0,1013.0,456.0,513.0,409.0,340.0,340.0,344.0
1.0,2718.0,1092.0,1026.0,702.0,1776.0,668.0,697.0,411.0,341.0,341.0,344.0,367.0,364.0,361.0,904.0,847.0,967.0,668.0,697.0,411.0,341.0,341.0,344.0
1.0,2328.0,988.0,1025.0,1378.0,1382.0,543.0,506.0,333.0,341.0,340.0,344.0,331.0,326.0,331.0,696.0,667.0,965.0,543.0,506.0,333.0,341.0,340.0,344.0
1.0,2718.0,1008.0,1025.0,1776.0,614.0,215.0,141.0,258.0,341.0,340.0,344.0,340.0,332.0,336.0,821.0,854.0,1043.0,215.0,141.0,258.0,341.0,340.0,344.0
1.0,3486.0,1042.0,1026.0,1382.0,286.0,19.0,0.0,267.0,341.0,341.0,344.0,347.0,353.0,342.0,1149.0,1219.0,1118.0,19.0,0.0,267.0,341.0,341.0,344.0
1.0,3826.0,1029.0,1026.0,614.0,693.0,160.0,194.0,339.0,341.0,341.0,344.0,356.0,343.0,330.0,1345.0,1372.0,1109.0,160.0,194.0,339.0,341.0,341.0,344.0
1.0,3411.0,1072.0,1027.0,286.0,1483.0,514.0,550.0,419.0,342.0,341.0,344.0,369.0,356.0,347.0,1204.0,1170.0,1037.0,514.0,550.0,419.0,342.0,341.0,344.0
1.0,2625.0,1026.0,1026.0,693.0,1812.0,689.0,698.0,425.0,341.0,341.0,344.0,339.0,342.0,345.0,854.0,814.0,957.0,689.0,698.0,425.0,341.0,341.0,344.0
1.0,2292.0,1050.0,1026.0,1483.0,1379.0,524.0,512.0,343.0,341.0,341.0,344.0,349.0,364.0,337.0,675.0,666.0,951.0,524.0,512.0,343.0,341.0,341.0,344.0
1.0,2725.0,999.0,1026.0,1812.0,566.0,172.0,146.0,248.0,341.0,341.0,344.0,337.0,332.0,330.0,840.0,852.0,1033.0,172.0,146.0,248.0,341.0,341.0,344.0
1.0,3538.0,1019.0,1025.0,1379.0,239.0,3.0,0.0,236.0,342.0,340.0,343.0,351.0,333.0,335.0,1192.0,1218.0,1128.0,3.0,0.0,236.0,342.0,340.0,343.0
1.0,3898.0,1049.0,1026.0,566.0,689.0,183.0,175.0,331.0,342.0,341.0,343.0,352.0,354.0,343.0,1365.0,1397.0,1136.0,183.0,175.0,331.0,342.0,341.0,343.0
1.0,3415.0,1040.0,1026.0,239.0,1490.0,530.0,529.0,431.0,342.0,341.0,343.0,350.0,354.0,336.0,1185.0,1189.0,1041.0,530.0,529.0,431.0,342.0,341.0,343.0
1.0,2614.0,1060.0,1026.0,689.0,1861.0,701.0,708.0,452.0,342.0,341.0,343.0,354.0,354.0,352.0,838.0,835.0,941.0,701.0,708.0,452.0,342.0,341.0,343.0
1.0,2243.0,1046.0,1026.0,1490.0,1417.0,519.0,533.0,365.0,342.0,341.0,343.0,348.0,354.0,344.0,667.0,656.0,920.0,519.0,533.0,365.0,342.0,341.0,343.0
1.0,2687.0,1066.0,1028.0,1861.0,630.0,174.0,190.0,266.0,343.0,342.0,343.0,352.0,361.0,353.0,849.0,831.0,1007.0,174.0,190.0,266.0,343.0,342.0,343.0
1.0,3482.0,1070.0,1028.0,1417.0,283.0,9.0,26.0,248.0,343.0,342.0,343.0,354.0,369.0,347.0,1198.0,1178.0,1106.0,9.0,26.0,248.0,343.0,342.0,343.0
1.0,3829.0,1080.0,1029.0,630.0,737.0,197.0,209.0,331.0,343.0,343.0,343.0,362.0,369.0,349.0,1363.0,1342.0,1124.0,197.0,209.0,331.0,343.0,343.0,343.0
1.0,3379.0,1012.0,1029.0,283.0,1466.0,528.0,523.0,415.0,343.0,343.0,343.0,340.0,340.0,332.0,1175.0,1163.0,1041.0,528.0,523.0,415.0,343.0,343.0,343.0
1.0,2650.0,1051.0,1030.0,737.0,1784.0,683.0,667.0,434.0,344.0,343.0,343.0,348.0,353.0,350.0,844.0,849.0,957.0,683.0,667.0,434.0,344.0,343.0,343.0
1.0,2336.0,1065.0,1031.0,1466.0,1387.0,508.0,513.0,366.0,344.0,344.0,343.0,353.0,365.0,347.0,693.0,705.0,938.0,508.0,513.0,366.0,344.0,344.0,343.0
1.0,2737.0,1077.0,1032.0,1784.0,684.0,183.0,207.0,294.0,344.0,344.0,344.0,358.0,361.0,358.0,868.0,863.0,1006.0,183.0,207.0,294.0,344.0,344.0,344.0
1.0,3444.0,1030.0,1032.0,1387.0,327.0,15.0,32.0,280.0,344.0,344.0,344.0,340.0,338.0,352.0,1193.0,1169.0,1082.0,15.0,32.0,280.0,344.0,344.0,344.0
1.0,3801.0,1068.0,1032.0,684.0,711.0,181.0,189.0,341.0,344.0,344.0,344.0,349.0,364.0,355.0,1361.0,1344.0,1096.0,181.0,189.0,341.0,344.0,344.0,344.0
1.0,3417.0,1059.0,1033.0,327.0,1447.0,524.0,511.0,412.0,345.0,344.0,344.0,354.0,354.0,351.0,1195.0,1187.0,1035.0,524.0,511.0,412.0,345.0,344.0,344.0
1.0,2685.0,1126.0,1034.0,711.0,1866.0,717.0,707.0,442.0,345.0,345.0,344.0,374.0,381.0,371.0,856.0,865.0,964.0,717.0,707.0,442.0,345.0,345.0,344.0
1.0,2270.0,1044.0,1034.0,1447.0,1463.0,545.0,545.0,373.0,345.0,345.0,344.0,352.0,349.0,343.0,663.0,673.0,934.0,545.0,545.0,373.0,345.0,345.0,344.0
1.0,2673.0,1021.0,1035.0,1866.0,622.0,180.0,181.0,261.0,346.0,345.0,344.0,348.0,343.0,330.0,835.0,835.0,1003.0,180.0,181.0,261.0,346.0,345.0,344.0
1.0,3518.0,1028.0,1036.0,1463.0,235.0,0.0,0.0,235.0,346.0,346.0,344.0,336.0,345.0,347.0,1204.0,1199.0,1115.0,0.0,0.0,235.0,346.0,346.0,344.0
1.0,3953.0,1074.0,1036.0,622.0,643.0,145.0,164.0,334.0,346.0,346.0,344.0,354.0,360.0,360.0,1413.0,1399.0,1141.0,145.0,164.0,334.0,346.0,346.0,344.0
1.0,3501.0,1051.0,1036.0,235.0,1459.0,489.0,524.0,446.0,346.0,346.0,344.0,344.0,360.0,347.0,1239.0,1220.0,1042.0,489.0,524.0,446.0,346.0,346.0,344.0
1.0,2685.0,1031.0,1037.0,643.0,1851.0,680.0,714.0,457.0,346.0,347.0,344.0,336.0,350.0,345.0,895.0,860.0,930.0,680.0,714.0,457.0,346.0,347.0,344.0
1.0,2297.0,1019.0,1037.0,1459.0,1411.0,524.0,533.0,354.0,346.0,347.0,344.0,333.0,343.0,343.0,704.0,674.0,919.0,524.0,533.0,354.0,346.0,347.0,344.0
1.0,2737.0,1060.0,1037.0,1851.0,620.0,198.0,166.0,256.0,346.0,347.0,344.0,354.0,347.0,359.0,860.0,855.0,1022.0,198.0,166.0,256.0,346.0,347.0,344.0
1.0,3528.0,1063.0,1037.0,1411.0,285.0,20.0,0.0,265.0,346.0,347.0,344.0,346.0,354.0,363.0,1186.0,1222.0,1120.0,20.0,0.0,265.0,346.0,347.0,344.0
1.0,3876.0,1055.0,1038.0,620.0,711.0,163.0,186.0,362.0,346.0,348.0,344.0,341.0,361.0,353.0,1364.0,1401.0,1111.0,163.0,186.0,362.0,346.0,348.0,344.0
1.0,3441.0,1054.0,1039.0,285.0,1484.0,490.0,541.0,453.0,346.0,348.0,345.0,347.0,355.0,352.0,1221.0,1206.0,1014.0,490.0,541.0,453.0,346.0,348.0,345.0
1.0,2672.0,1064.0,1040.0,711.0,1841.0,690.0,694.0,457.0,347.0,348.0,345.0,359.0,339.0,366.0,894.0,851.0,927.0,690.0,694.0,457.0,347.0,348.0,345.0
1.0,2319.0,1052.0,1041.0,1484.0,1413.0,547.0,505.0,361.0,347.0,349.0,345.0,347.0,348.0,357.0,698.0,698.0,923.0,547.0,505.0,361.0,347.0,349.0,345.0
1.0,2751.0,1038.0,1042.0,1841.0,614.0,205.0,154.0,255.0,347.0,349.0,346.0,348.0,343.0,347.0,841.0,891.0,1019.0,205.0,154.0,255.0,347.0,349.0,346.0
1.0,3554.0,1044.0,1042.0,1413.0,249.0,0.0,8.0,241.0,347.0,349.0,346.0,338.0,359.0,347.0,1183.0,1242.0,1129.0,0.0,8.0,241.0,347.0,349.0,346.0
1.0,3923.0,1049.0,1042.0,614.0,680.0,143.0,196.0,341.0,347.0,349.0,346.0,352.0,342.0,355.0,1392.0,1388.0,1143.0,143.0,196.0,341.0,347.0,349.0,346.0
1.0,3488.0,1079.0,1043.0,249.0,1514.0,517.0,543.0,454.0,348.0,349.0,346.0,370.0,355.0,354.0,1245.0,1200.0,1043.0,517.0,543.0,454.0,348.0,349.0,346.0
1.0,2658.0,1067.0,1045.0,680.0,1909.0,721.0,708.0,480.0,348.0,350.0,347.0,347.0,357.0,363.0,875.0,853.0,930.0,721.0,708.0,480.0,348.0,350.0,347.0
1.0,2271.0,1047.0,1045.0,1514.0,1442.0,543.0,507.0,392.0,348.0,350.0,347.0,339.0,342.0,366.0,671.0,692.0,908.0,543.0,507.0,392.0,348.0,350.0,347.0
1.0,2738.0,1078.0,1045.0,1909.0,611.0,179.0,154.0,278.0,348.0,350.0,347.0,357.0,355.0,366.0,849.0,893.0,996.0,179.0,154.0,278.0,348.0,350.0,347.0
1.0,3569.0,1021.0,1047.0,1442.0,231.0,0.0,0.0,231.0,349.0,350.0,348.0,339.0,341.0,341.0,1213.0,1246.0,1110.0,0.0,0.0,231.0,349.0,350.0,348.0
1.0,3990.0,1041.0,1047.0,611.0,628.0,149.0,177.0,302.0,349.0,350.0,348.0,349.0,343.0,349.0,1417.0,1412.0,1161.0,149.0,177.0,302.0,349.0,350.0,348.0
1.0,3560.0,1092.0,1048.0,231.0,1493.0,516.0,544.0,433.0,349.0,351.0,348.0,367.0,363.0,362.0,1247.0,1223.0,1090.0,516.0,544.0,433.0,349.0,351.0,348.0
1.0,2699.0,1059.0,1049.0,628.0,1928.0,718.0,713.0,497.0,349.0,351.0,349.0,351.0,346.0,362.0,880.0,860.0,959.0,718.0,713.0,497.0,349.0,351.0,349.0
1.0,2268.0,1046.0,1050.0,1493.0,1485.0,550.0,519.0,416.0,350.0,351.0,349.0,344.0,350.0,352.0,678.0,691.0,899.0,550.0,519.0,416.0,350.0,351.0,349.0
1.0,2715.0,1047.0,1050.0,1928.0,604.0,170.0,159.0,275.0,349.0,351.0,350.0,342.0,353.0,352.0,850.0,885.0,980.0,170.0,159.0,275.0,349.0,351.0,350.0
1.0,3596.0,1076.0,1051.0,1485.0,220.0,0.0,0.0,220.0,350.0,351.0,350.0,360.0,355.0,361.0,1226.0,1245.0,1125.0,0.0,0.0,220.0,350.0,351.0,350.0
1.0,4005.0,1072.0,1050.0,604.0,663.0,168.0,190.0,305.0,349.0,351.0,350.0,358.0,354.0,360.0,1416.0,1409.0,1180.0,168.0,190.0,305.0,349.0,351.0,350.0
1.0,3537.0,1099.0,1052.0,220.0,1550.0,545.0,551.0,454.0,350.0,352.0,350.0,373.0,357.0,369.0,1228.0,1214.0,1095.0,545.0,551.0,454.0,350.0,352.0,350.0
1.0,2658.0,1041.0,1053.0,663.0,1932.0,722.0,700.0,510.0,350.0,352.0,351.0,345.0,339.0,357.0,855.0,857.0,946.0,722.0,700.0,510.0,350.0,352.0,351.0
1.0,2280.0,1129.0,1054.0,1550.0,1515.0,558.0,521.0,436.0,351.0,352.0,351.0,377.0,372.0,380.0,678.0,708.0,894.0,558.0,521.0,436.0,351.0,352.0,351.0
1.0,2701.0,1027.0,1054.0,1932.0,610.0,171.0,157.0,282.0,350.0,352.0,352.0,339.0,336.0,352.0,846.0,887.0,968.0,171.0,157.0,282.0,350.0,352.0,352.0
1.0,3606.0,1081.0,1054.0,1515.0,213.0,0.0,0.0,213.0,350.0,352.0,352.0,359.0,355.0,367.0,1229.0,1251.0,1126.0,0.0,0.0,213.0,350.0,352.0,352.0
1.0,4040.0,1108.0,1056.0,610.0,682.0,182.0,193.0,307.0,351.0,352.0,353.0,377.0,359.0,372.0,1428.0,1417.0,1195.0,182.0,193.0,307.0,351.0,352.0,353.0
1.0,3542.0,1053.0,1056.0,213.0,1522.0,543.0,535.0,444.0,351.0,352.0,353.0,361.0,342.0,350.0,1222.0,1215.0,1105.0,543.0,535.0,444.0,351.0,352.0,353.0
1.0,2702.0,1069.0,1058.0,682.0,1917.0,727.0,701.0,489.0,352.0,353.0,353.0,362.0,355.0,352.0,861.0,873.0,968.0,727.0,701.0,489.0,352.0,353.0,353.0
1.0,2315.0,1086.0,1059.0,1522.0,1485.0,545.0,523.0,417.0,352.0,353.0,354.0,361.0,357.0,368.0,681.0,711.0,923.0,545.0,523.0,417.0,352.0,353.0,354.0
1.0,2751.0,1098.0,1059.0,1917.0,666.0,191.0,181.0,294.0,352.0,353.0,354.0,373.0,359.0,366.0,863.0,889.0,999.0,191.0,181.0,294.0,352.0,353.0,354.0
1.0,3570.0,1113.0,1061.0,1485.0,302.0,25.0,27.0,250.0,353.0,353.0,355.0,375.0,369.0,369.0,1217.0,1231.0,1122.0,25.0,27.0,250.0,353.0,353.0,355.0
1.0,3942.0,1084.0,1062.0,666.0,724.0,199.0,212.0,313.0,353.0,354.0,355.0,365.0,362.0,357.0,1387.0,1385.0,1170.0,199.0,212.0,313.0,353.0,354.0,355.0
1.0,3524.0,1063.0,1061.0,302.0,1481.0,531.0,533.0,417.0,353.0,353.0,355.0,357.0,352.0,354.0,1213.0,1204.0,1107.0,531.0,533.0,417.0,353.0,353.0,355.0
1.0,2763.0,1097.0,1064.0,724.0,1866.0,708.0,691.0,467.0,354.0,354.0,356.0,372.0,366.0,359.0,881.0,879.0,1003.0,708.0,691.0,467.0,354.0,354.0,356.0
1.0,2390.0,1094.0,1064.0,1481.0,1479.0,545.0,530.0,404.0,354.0,354.0,356.0,368.0,372.0,354.0,708.0,725.0,957.0,545.0,530.0,404.0,354.0,354.0,356.0
1.0,2777.0,1074.0,1063.0,1866.0,683.0,196.0,194.0,293.0,354.0,353.0,356.0,359.0,359.0,356.0,871.0,886.0,1020.0,196.0,194.0,293.0,354.0,353.0,356.0
1.0,3569.0,1081.0,1064.0,1479.0,289.0,17.0,33.0,239.0,354.0,354.0,356.0,366.0,365.0,350.0,1220.0,1218.0,1131.0,17.0,33.0,239.0,354.0,354.0,356.0
1.0,3967.0,1109.0,1066.0,683.0,723.0,196.0,202.0,325.0,355.0,354.0,357.0,371.0,363.0,375.0,1399.0,1383.0,1185.0,196.0,202.0,325.0,355.0,354.0,357.0
1.0,3541.0,1109.0,1066.0,289.0,1543.0,553.0,543.0,447.0,355.0,354.0,357.0,374.0,374.0,361.0,1224.0,1214.0,1103.0,553.0,543.0,447.0,355.0,354.0,357.0
1.0,2721.0,1107.0,1067.0,723.0,1931.0,718.0,727.0,486.0,355.0,355.0,357.0,361.0,382.0,364.0,867.0,873.0,981.0,718.0,727.0,486.0,355.0,355.0,357.0
1.0,2337.0,1112.0,1068.0,1543.0,1504.0,544.0,554.0,406.0,356.0,355.0,357.0,375.0,370.0,367.0,702.0,693.0,942.0,544.0,554.0,406.0,356.0,355.0,357.0
1.0,2768.0,1090.0,1068.0,1931.0,663.0,193.0,193.0,277.0,356.0,355.0,357.0,367.0,366.0,357.0,880.0,866.0,1022.0,193.0,193.0,277.0,356.0,355.0,357.0
1.0,3609.0,1099.0,1070.0,1504.0,266.0,23.0,21.0,222.0,357.0,356.0,357.0,370.0,378.0,351.0,1231.0,1227.0,1151.0,23.0,21.0,222.0,357.0,356.0,357.0
1.0,4014.0,1095.0,1068.0,663.0,690.0,196.0,188.0,306.0,356.0,355.0,357.0,370.0,364.0,361.0,1405.0,1403.0,1206.0,196.0,188.0,306.0,356.0,355.0,357.0
1.0,3582.0,1107.0,1070.0,266.0,1539.0,555.0,538.0,446.0,357.0,356.0,357.0,378.0,367.0,362.0,1228.0,1232.0,1122.0,555.0,538.0,446.0,357.0,356.0,357.0
1.0,2741.0,1107.0,1071.0,690.0,1960.0,732.0,722.0,506.0,357.0,356.0,358.0,373.0,372.0,362.0,873.0,886.0,982.0,732.0,722.0,506.0,357.0,356.0,358.0
1.0,2324.0,1105.0,1073.0,1539.0,1534.0,553.0,560.0,421.0,358.0,357.0,358.0,372.0,372.0,361.0,696.0,702.0,926.0,553.0,560.0,421.0,358.0,357.0,358.0
1.0,2758.0,1065.0,1073.0,1960.0,639.0,182.0,196.0,261.0,358.0,357.0,358.0,361.0,358.0,346.0,879.0,868.0,1011.0,182.0,196.0,261.0,358.0,357.0,358.0
1.0,3653.0,1128.0,1075.0,1534.0,241.0,4.0,15.0,222.0,359.0,357.0,359.0,371.0,379.0,378.0,1250.0,1232.0,1171.0,4.0,15.0,222.0,359.0,357.0,359.0
1.0,4059.0,1070.0,1075.0,639.0,672.0,177.0,181.0,314.0,359.0,357.0,359.0,355.0,362.0,353.0,1432.0,1413.0,1214.0,177.0,181.0,314.0,359.0,357.0,359.0
1.0,3628.0,1084.0,1077.0,241.0,1523.0,534.0,539.0,450.0,360.0,358.0,359.0,357.0,369.0,358.0,1259.0,1247.0,1122.0,534.0,539.0,450.0,360.0,358.0,359.0
1.0,2785.0,1111.0,1078.0,672.0,1966.0,727.0,744.0,495.0,360.0,359.0,359.0,370.0,382.0,359.0,906.0,893.0,986.0,727.0,744.0,495.0,360.0,359.0,359.0
1.0,2346.0,1096.0,1078.0,1523.0,1539.0,558.0,578.0,403.0,360.0,359.0,359.0,365.0,373.0,358.0,713.0,692.0,941.0,558.0,578.0,403.0,360.0,359.0,359.0
1.0,2773.0,1143.0,1079.0,1966.0,720.0,219.0,219.0,282.0,361.0,359.0,359.0,384.0,385.0,374.0,882.0,858.0,1033.0,219.0,219.0,282.0,361.0,359.0,359.0
1.0,3596.0,1088.0,1081.0,1539.0,277.0,17.0,22.0,238.0,361.0,360.0,360.0,356.0,377.0,355.0,1225.0,1217.0,1154.0,17.0,22.0,238.0,361.0,360.0,360.0
1.0,4047.0,1082.0,1080.0,720.0,635.0,156.0,169.0,310.0,361.0,360.0,359.0,358.0,366.0,358.0,1427.0,1418.0,1202.0,156.0,169.0,310.0,361.0,360.0,359.0
1.0,3685.0,1077.0,1081.0,277.0,1439.0,485.0,525.0,429.0,361.0,361.0,359.0,346.0,374.0,357.0,1288.0,1271.0,1126.0,485.0,525.0,429.0,361.0,361.0,359.0
1.0,2885.0,1079.0,1081.0,635.0,1883.0,687.0,724.0,472.0,361.0,361.0,359.0,358.0,368.0,353.0,959.0,919.0,1007.0,687.0,724.0,472.0,361.0,361.0,359.0
1.0,2441.0,1129.0,1084.0,1439.0,1585.0,579.0,582.0,424.0,362.0,362.0,360.0,373.0,379.0,377.0,757.0,720.0,964.0,579.0,582.0,424.0,362.0,362.0,360.0
1.0,2751.0,1091.0,1084.0,1883.0,793.0,252.0,231.0,310.0,362.0,362.0,360.0,360.0,373.0,358.0,869.0,866.0,1016.0,252.0,231.0,310.0,362.0,362.0,360.0
1.0,3543.0,1087.0,1085.0,1585.0,299.0,30.0,18.0,251.0,362.0,363.0,360.0,357.0,365.0,365.0,1196.0,1217.0,1130.0,30.0,18.0,251.0,362.0,363.0,360.0
1.0,4041.0,1106.0,1085.0,793.0,612.0,146.0,165.0,301.0,362.0,363.0,360.0,368.0,378.0,360.0,1418.0,1434.0,1189.0,146.0,165.0,301.0,362.0,363.0,360.0
1.0,3728.0,1070.0,1086.0,299.0,1387.0,475.0,508.0,404.0,363.0,363.0,360.0,355.0,361.0,354.0,1302.0,1287.0,1139.0,475.0,508.0,404.0,363.0,363.0,360.0
1.0,2957.0,1094.0,1087.0,612.0,1873.0,683.0,720.0,470.0,363.0,364.0,360.0,354.0,373.0,367.0,977.0,944.0,1036.0,683.0,720.0,470.0,363.0,364.0,360.0
1.0,2475.0,1159.0,1089.0,1387.0,1653.0,590.0,606.0,457.0,363.0,365.0,361.0,382.0,390.0,387.0,769.0,736.0,970.0,590.0,606.0,457.0,363.0,365.0,361.0
1.0,2703.0,1103.0,1090.0,1873.0,887.0,284.0,253.0,350.0,364.0,365.0,361.0,373.0,367.0,363.0,862.0,854.0,987.0,284.0,253.0,350.0,364.0,365.0,361.0
1.0,3473.0,1060.0,1090.0,1653.0,296.0,47.0,0.0,249.0,364.0,365.0,361.0,353.0,351.0,356.0,1172.0,1207.0,1094.0,47.0,0.0,249.0,364.0,365.0,361.0
1.0,4066.0,1073.0,1090.0,887.0,480.0,109.0,116.0,255.0,364.0,365.0,361.0,346.0,371.0,356.0,1409.0,1462.0,1195.0,109.0,116.0,255.0,364.0,365.0,361.0
1.0,3880.0,1078.0,1090.0,296.0,1262.0,425.0,473.0,364.0,364.0,365.0,361.0,363.0,357.0,358.0,1347.0,1344.0,1189.0,425.0,473.0,364.0,364.0,365.0,361.0
1.0,3098.0,1060.0,1091.0,480.0,1846.0,669.0,717.0,460.0,364.0,366.0,361.0,353.0,356.0,351.0,1031.0,987.0,1080.0,669.0,717.0,460.0,364.0,366.0,361.0
1.0,2518.0,1071.0,1090.0,1262.0,1651.0,607.0,591.0,453.0,364.0,365.0,361.0,363.0,351.0,357.0,787.0,747.0,984.0,607.0,591.0,453.0,364.0,365.0,361.0
1.0,2709.0,1065.0,1091.0,1846.0,874.0,293.0,240.0,341.0,364.0,366.0,361.0,355.0,362.0,348.0,849.0,869.0,991.0,293.0,240.0,341.0,364.0,366.0,361.0
1.0,3490.0,1088.0,1091.0,1651.0,311.0,52.0,7.0,252.0,364.0,366.0,361.0,366.0,358.0,364.0,1163.0,1224.0,1103.0,52.0,7.0,252.0,364.0,366.0,361.0
1.0,4053.0,1039.0,1091.0,874.0,476.0,108.0,102.0,266.0,364.0,366.0,361.0,349.0,335.0,355.0,1404.0,1457.0,1192.0,108.0,102.0,266.0,364.0,366.0,361.0
1.0,3888.0,1139.0,1091.0,311.0,1304.0,429.0,478.0,397.0,364.0,366.0,361.0,373.0,383.0,383.0,1348.0,1362.0,1178.0,429.0,478.0,397.0,364.0,366.0,361.0
1.0,3060.0,1079.0,1091.0,476.0,1907.0,681.0,733.0,493.0,364.0,366.0,361.0,360.0,357.0,362.0,1027.0,986.0,1047.0,681.0,733.0,493.0,364.0,366.0,361.0
1.0,2457.0,1114.0,1092.0,1304.0,1721.0,625.0,627.0,469.0,365.0,366.0,361.0,369.0,372.0,373.0,775.0,731.0,951.0,625.0,627.0,469.0,365.0,366.0,361.0
1.0,2647.0,1097.0,1092.0,1907.0,911.0,308.0,262.0,341.0,364.0,367.0,361.0,368.0,364.0,365.0,835.0,837.0,975.0,308.0,262.0,341.0,364.0,367.0,361.0
1.0,3457.0,1109.0,1093.0,1721.0,303.0,63.0,0.0,240.0,365.0,367.0,361.0,376.0,365.0,368.0,1148.0,1206.0,1103.0,63.0,0.0,240.0,365.0,367.0,361.0
1.0,4069.0,1071.0,1093.0,911.0,463.0,119.0,83.0,261.0,365.0,367.0,361.0,364.0,345.0,362.0,1397.0,1468.0,1204.0,119.0,83.0,261.0,365.0,367.0,361.0
1.0,3909.0,1086.0,1093.0,303.0,1246.0,419.0,445.0,382.0,365.0,367.0,361.0,363.0,362.0,361.0,1341.0,1385.0,1183.0,419.0,445.0,382.0,365.0,367.0,361.0
1.0,3126.0,1118.0,1093.0,463.0,1901.0,686.0,718.0,497.0,365.0,367.0,361.0,386.0,356.0,376.0,1041.0,1023.0,1062.0,686.0,718.0,497.0,365.0,367.0,361.0
1.0,2471.0,1124.0,1094.0,1246.0,1783.0,644.0,640.0,499.0,365.0,367.0,362.0,377.0,367.0,380.0,774.0,750.0,947.0,644.0,640.0,499.0,365.0,367.0,362.0
1.0,2593.0,1115.0,1094.0,1901.0,997.0,337.0,288.0,372.0,365.0,367.0,362.0,379.0,366.0,370.0,816.0,828.0,949.0,337.0,288.0,372.0,365.0,367.0,362.0
1.0,3379.0,1126.0,1095.0,1783.0,344.0,74.0,22.0,248.0,366.0,367.0,362.0,377.0,374.0,375.0,1123.0,1180.0,1076.0,74.0,22.0,248.0,366.0,367.0,362.0
1.0,4036.0,1097.0,1095.0,997.0,444.0,113.0,89.0,242.0,366.0,367.0,362.0,376.0,355.0,366.0,1390.0,1446.0,1200.0,113.0,89.0,242.0,366.0,367.0,362.0
1.0,3936.0,1147.0,1096.0,344.0,1251.0,429.0,438.0,384.0,366.0,367.0,363.0,390.0,371.0,386.0,1351.0,1379.0,1206.0,429.0,438.0,384.0,366.0,367.0,363.0
1.0,3133.0,1136.0,1098.0,444.0,1951.0,700.0,725.0,526.0,367.0,367.0,364.0,380.0,376.0,380.0,1035.0,1030.0,1068.0,700.0,725.0,526.0,367.0,367.0,364.0
1.0,2441.0,1121.0,1098.0,1251.0,1821.0,657.0,643.0,521.0,367.0,367.0,364.0,386.0,356.0,379.0,768.0,743.0,930.0,657.0,643.0,521.0,367.0,367.0,364.0
1.0,2571.0,1126.0,1098.0,1951.0,996.0,328.0,287.0,381.0,367.0,367.0,364.0,371.0,369.0,386.0,811.0,825.0,935.0,328.0,287.0,381.0,367.0,367.0,364.0
1.0,3396.0,1148.0,1100.0,1821.0,331.0,61.0,29.0,241.0,367.0,368.0,365.0,390.0,381.0,377.0,1140.0,1181.0,1075.0,61.0,29.0,241.0,367.0,368.0,365.0
1.0,4069.0,1108.0,1100.0,996.0,443.0,114.0,106.0,223.0,368.0,367.0,365.0,377.0,368.0,363.0,1407.0,1443.0,1219.0,114.0,106.0,223.0,368.0,367.0,365.0
1.0,3957.0,1138.0,1100.0,331.0,1250.0,435.0,450.0,365.0,368.0,367.0,365.0,382.0,373.0,383.0,1358.0,1362.0,1237.0,435.0,450.0,365.0,368.0,367.0,365.0
1.0,3150.0,1136.0,1100.0,443.0,1943.0,712.0,715.0,516.0,368.0,367.0,365.0,391.0,371.0,374.0,1037.0,1018.0,1095.0,712.0,715.0,516.0,368.0,367.0,365.0
1.0,2457.0,1093.0,1100.0,1250.0,1786.0,657.0,617.0,512.0,368.0,367.0,365.0,380.0,352.0,361.0,760.0,753.0,944.0,657.0,617.0,512.0,368.0,367.0,365.0
1.0,2614.0,1155.0,1102.0,1943.0,1006.0,343.0,277.0,386.0,369.0,367.0,366.0,394.0,375.0,386.0,815.0,851.0,948.0,343.0,277.0,386.0,369.0,367.0,366.0
1.0,3402.0,1153.0,1102.0,1786.0,373.0,71.0,42.0,260.0,369.0,367.0,366.0,385.0,382.0,386.0,1133.0,1191.0,1078.0,71.0,42.0,260.0,369.0,367.0,366.0
1.0,4035.0,1185.0,1104.0,1006.0,560.0,121.0,160.0,279.0,369.0,368.0,367.0,393.0,391.0,401.0,1405.0,1426.0,1204.0,121.0,160.0,279.0,369.0,368.0,367.0
1.0,3856.0,1172.0,1106.0,373.0,1367.0,456.0,491.0,420.0,370.0,368.0,368.0,402.0,373.0,397.0,1355.0,1312.0,1189.0,456.0,491.0,420.0,370.0,368.0,368.0
1.0,3057.0,1158.0,1107.0,560.0,1969.0,719.0,712.0,538.0,370.0,368.0,369.0,384.0,381.0,393.0,1024.0,981.0,1052.0,719.0,712.0,538.0,370.0,368.0,369.0
1.0,2459.0,1163.0,1108.0,1367.0,1769.0,658.0,599.0,512.0,371.0,368.0,369.0,391.0,378.0,394.0,761.0,760.0,938.0,658.0,599.0,512.0,371.0,368.0,369.0
1.0,2663.0,1086.0,1108.0,1969.0,886.0,303.0,242.0,341.0,371.0,368.0,369.0,364.0,355.0,367.0,826.0,873.0,964.0,303.0,242.0,341.0,371.0,368.0,369.0
1.0,3546.0,1123.0,1109.0,1769.0,244.0,25.0,12.0,207.0,371.0,368.0,370.0,380.0,369.0,374.0,1181.0,1230.0,1135.0,25.0,12.0,207.0,371.0,368.0,370.0
1.0,4192.0,1115.0,1109.0,886.0,473.0,90.0,146.0,237.0,371.0,368.0,370.0,368.0,376.0,371.0,1459.0,1460.0,1273.0,90.0,146.0,237.0,371.0,368.0,370.0
1.0,3963.0,1115.0,1109.0,244.0,1344.0,430.0,503.0,411.0,371.0,368.0,370.0,365.0,369.0,381.0,1394.0,1326.0,1243.0,430.0,503.0,411.0,371.0,368.0,370.0
1.0,3092.0,1177.0,1110.0,473.0,2052.0,722.0,754.0,576.0,371.0,368.0,371.0,382.0,397.0,398.0,1054.0,969.0,1069.0,722.0,754.0,576.0,371.0,368.0,371.0
1.0,2388.0,1109.0,1110.0,1344.0,1817.0,653.0,627.0,537.0,371.0,368.0,371.0,361.0,376.0,372.0,762.0,718.0,908.0,653.0,627.0,537.0,371.0,368.0,371.0
1.0,2623.0,1158.0,1112.0,2052.0,931.0,326.0,266.0,339.0,372.0,369.0,371.0,391.0,389.0,378.0,831.0,845.0,947.0,326.0,266.0,339.0,372.0,369.0,371.0
1.0,3517.0,1094.0,1112.0,1817.0,209.0,39.0,0.0,170.0,372.0,368.0,372.0,366.0,364.0,364.0,1162.0,1210.0,1145.0,39.0,0.0,170.0,372.0,368.0,372.0
1.0,4240.0,1166.0,1114.0,931.0,451.0,100.0,134.0,217.0,373.0,369.0,372.0,383.0,397.0,386.0,1449.0,1473.0,1318.0,100.0,134.0,217.0,373.0,369.0,372.0
1.0,4005.0,1104.0,1114.0,209.0,1346.0,418.0,508.0,420.0,373.0,369.0,372.0,357.0,374.0,373.0,1392.0,1342.0,1271.0,418.0,508.0,420.0,373.0,369.0,372.0
1.0,3110.0,1105.0,1114.0,451.0,2000.0,692.0,747.0,561.0,373.0,369.0,372.0,374.0,373.0,358.0,1074.0,968.0,1068.0,692.0,747.0,561.0,373.0,369.0,372.0
1.0,2456.0,1139.0,1114.0,1346.0,1793.0,657.0,623.0,513.0,373.0,369.0,372.0,383.0,384.0,372.0,800.0,729.0,927.0,657.0,623.0,513.0,373.0,369.0,372.0
1.0,2663.0,1129.0,1116.0,2000.0,930.0,341.0,259.0,330.0,374.0,369.0,373.0,372.0,383.0,374.0,835.0,853.0,975.0,341.0,259.0,330.0,374.0,369.0,373.0
1.0,3534.0,1164.0,1117.0,1793.0,305.0,78.0,34.0,193.0,374.0,370.0,373.0,394.0,394.0,376.0,1155.0,1217.0,1162.0,78.0,34.0,193.0,374.0,370.0,373.0
1.0,4163.0,1089.0,1117.0,930.0,464.0,93.0,144.0,227.0,374.0,370.0,373.0,356.0,369.0,364.0,1418.0,1446.0,1299.0,93.0,144.0,227.0,374.0,370.0,373.0
1.0,4004.0,1104.0,1116.0,305.0,1259.0,377.0,488.0,394.0,374.0,370.0,372.0,362.0,378.0,364.0,1403.0,1336.0,1265.0,377.0,488.0,394.0,374.0,370.0,372.0
1.0,3205.0,1135.0,1117.0,464.0,1934.0,662.0,724.0,548.0,374.0,370.0,373.0,378.0,380.0,377.0,1119.0,992.0,1094.0,662.0,724.0,548.0,374.0,370.0,373.0
1.0,2534.0,1150.0,1118.0,1259.0,1829.0,658.0,641.0,530.0,374.0,371.0,373.0,373.0,401.0,376.0,834.0,756.0,944.0,658.0,641.0,530.0,374.0,371.0,373.0
1.0,2643.0,1108.0,1119.0,1934.0,1007.0,364.0,291.0,352.0,375.0,371.0,373.0,364.0,374.0,370.0,838.0,843.0,962.0,364.0,291.0,352.0,375.0,371.0,373.0
1.0,3469.0,1112.0,1119.0,1829.0,290.0,81.0,27.0,182.0,375.0,371.0,373.0,375.0,377.0,360.0,1136.0,1193.0,1140.0,81.0,27.0,182.0,375.0,371.0,373.0
1.0,4186.0,1102.0,1121.0,1007.0,393.0,77.0,116.0,200.0,375.0,372.0,374.0,360.0,376.0,366.0,1419.0,1457.0,1310.0,77.0,116.0,200.0,375.0,372.0,374.0
1.0,4091.0,1108.0,1121.0,290.0,1211.0,363.0,458.0,390.0,375.0,372.0,374.0,367.0,369.0,372.0,1423.0,1372.0,1296.0,363.0,458.0,390.0,375.0,372.0,374.0
1.0,3273.0,1115.0,1121.0,393.0,1933.0,652.0,718.0,563.0,375.0,372.0,374.0,366.0,376.0,373.0,1137.0,1030.0,1106.0,652.0,718.0,563.0,375.0,372.0,374.0
1.0,2551.0,1151.0,1124.0,1211.0,1885.0,672.0,658.0,555.0,376.0,373.0,375.0,379.0,394.0,378.0,848.0,770.0,933.0,672.0,658.0,555.0,376.0,373.0,375.0
1.0,2611.0,1093.0,1125.0,1933.0,1049.0,388.0,318.0,343.0,376.0,374.0,375.0,368.0,374.0,351.0,832.0,834.0,945.0,388.0,318.0,343.0,376.0,374.0,375.0
1.0,3451.0,1148.0,1124.0,1885.0,308.0,98.0,52.0,158.0,376.0,374.0,374.0,382.0,392.0,374.0,1116.0,1178.0,1157.0,98.0,52.0,158.0,376.0,374.0,374.0
1.0,4188.0,1109.0,1125.0,1049.0,372.0,78.0,108.0,186.0,376.0,374.0,375.0,368.0,374.0,367.0,1406.0,1444.0,1338.0,78.0,108.0,186.0,376.0,374.0,375.0
1.0,4128.0,1107.0,1125.0,308.0,1171.0,341.0,429.0,401.0,376.0,374.0,375.0,361.0,373.0,373.0,1426.0,1388.0,1314.0,341.0,429.0,401.0,376.0,374.0,375.0
1.0,3329.0,1170.0,1126.0,372.0,1973.0,643.0,721.0,609.0,376.0,375.0,375.0,380.0,396.0,394.0,1163.0,1067.0,1099.0,643.0,721.0,609.0,376.0,375.0,375.0
1.0,2531.0,1109.0,1126.0,1171.0,1911.0,663.0,669.0,579.0,376.0,375.0,375.0,361.0,377.0,371.0,861.0,779.0,891.0,663.0,669.0,579.0,376.0,375.0,375.0
1.0,2593.0,1151.0,1128.0,1973.0,1097.0,404.0,338.0,355.0,376.0,376.0,376.0,384.0,386.0,381.0,841.0,831.0,921.0,404.0,338.0,355.0,376.0,376.0,376.0
1.0,3415.0,1154.0,1129.0,1911.0,344.0,128.0,66.0,150.0,377.0,376.0,376.0,383.0,397.0,374.0,1100.0,1166.0,1149.0,128.0,66.0,150.0,377.0,376.0,376.0
1.0,4172.0,1111.0,1130.0,1097.0,362.0,95.0,108.0,159.0,377.0,377.0,376.0,371.0,376.0,364.0,1380.0,1438.0,1354.0,95.0,108.0,159.0,377.0,377.0,376.0
1.0,4158.0,1108.0,1129.0,344.0,1122.0,342.0,415.0,365.0,377.0,377.0,375.0,375.0,373.0,360.0,1413.0,1400.0,1345.0,342.0,415.0,365.0,377.0,377.0,375.0
1.0,3394.0,1141.0,1129.0,362.0,1901.0,630.0,687.0,584.0,377.0,377.0,375.0,383.0,380.0,378.0,1166.0,1093.0,1135.0,630.0,687.0,584.0,377.0,377.0,375.0
1.0,2615.0,1138.0,1129.0,1122.0,1917.0,674.0,655.0,588.0,377.0,377.0,375.0,386.0,383.0,369.0,878.0,821.0,916.0,674.0,655.0,588.0,377.0,377.0,375.0
1.0,2599.0,1159.0,1131.0,1901.0,1183.0,431.0,364.0,388.0,377.0,378.0,376.0,387.0,392.0,380.0,834.0,853.0,912.0,431.0,364.0,388.0,377.0,378.0,376.0
1.0,3341.0,1144.0,1130.0,1917.0,406.0,145.0,87.0,174.0,377.0,378.0,375.0,388.0,378.0,378.0,1077.0,1148.0,1116.0,145.0,87.0,174.0,377.0,378.0,375.0
1.0,4114.0,1139.0,1130.0,1183.0,362.0,94.0,104.0,164.0,377.0,378.0,375.0,380.0,381.0,378.0,1363.0,1425.0,1326.0,94.0,104.0,164.0,377.0,378.0,375.0
1.0,4158.0,1130.0,1131.0,406.0,1090.0,325.0,399.0,366.0,377.0,379.0,375.0,376.0,378.0,376.0,1414.0,1408.0,1336.0,325.0,399.0,366.0,377.0,379.0,375.0
1.0,3434.0,1184.0,1131.0,362.0,1912.0,630.0,688.0,594.0,377.0,379.0,375.0,399.0,393.0,392.0,1183.0,1117.0,1134.0,630.0,688.0,594.0,377.0,379.0,375.0
1.0,2612.0,1156.0,1132.0,1090.0,1982.0,702.0,663.0,617.0,377.0,379.0,376.0,397.0,374.0,385.0,878.0,828.0,906.0,702.0,663.0,617.0,377.0,379.0,376.0
1.0,2546.0,1117.0,1132.0,1912.0,1187.0,448.0,342.0,397.0,377.0,379.0,376.0,376.0,367.0,374.0,806.0,853.0,887.0,448.0,342.0,397.0,377.0,379.0,376.0
1.0,3341.0,1136.0,1133.0,1982.0,345.0,139.0,44.0,162.0,378.0,379.0,376.0,389.0,365.0,382.0,1060.0,1174.0,1107.0,139.0,44.0,162.0,378.0,379.0,376.0
1.0,4187.0,1159.0,1133.0,1187.0,317.0,79.0,90.0,148.0,378.0,379.0,376.0,388.0,388.0,383.0,1373.0,1472.0,1342.0,79.0,90.0,148.0,378.0,379.0,376.0
1.0,4215.0,1154.0,1134.0,345.0,1130.0,329.0,429.0,372.0,378.0,380.0,376.0,389.0,379.0,386.0,1433.0,1426.0,1356.0,329.0,429.0,372.0,378.0,380.0,376.0
1.0,3406.0,1150.0,1134.0,317.0,1963.0,636.0,719.0,608.0,378.0,380.0,376.0,386.0,380.0,384.0,1183.0,1091.0,1132.0,636.0,719.0,608.0,378.0,380.0,376.0
1.0,2573.0,1149.0,1134.0,1130.0,1982.0,692.0,672.0,618.0,378.0,380.0,376.0,385.0,382.0,382.0,876.0,801.0,896.0,692.0,672.0,618.0,378.0,380.0,376.0
1.0,2554.0,1079.0,1131.0,1963.0,1086.0,412.0,308.0,366.0,377.0,379.0,375.0,360.0,359.0,360.0,820.0,848.0,886.0,412.0,308.0,366.0,377.0,379.0,375.0
1.0,3438.0,1194.0,1132.0,1982.0,302.0,120.0,36.0,146.0,377.0,380.0,375.0,400.0,396.0,398.0,1096.0,1208.0,1134.0,120.0,36.0,146.0,377.0,380.0,375.0
1.0,4226.0,1146.0,1132.0,1086.0,362.0,102.0,103.0,157.0,377.0,380.0,375.0,394.0,375.0,377.0,1388.0,1484.0,1354.0,102.0,103.0,157.0,377.0,380.0,375.0
1.0,4166.0,1151.0,1132.0,302.0,1211.0,370.0,443.0,398.0,377.0,380.0,375.0,388.0,376.0,387.0,1406.0,1417.0,1343.0,370.0,443.0,398.0,377.0,380.0,375.0
1.0,3317.0,1202.0,1134.0,362.0,2059.0,675.0,732.0,652.0,378.0,380.0,376.0,403.0,392.0,407.0,1138.0,1077.0,1102.0,675.0,732.0,652.0,378.0,380.0,376.0
1.0,2477.0,1163.0,1134.0,1211.0,2011.0,699.0,668.0,644.0,378.0,380.0,376.0,394.0,379.0,390.0,837.0,788.0,852.0,699.0,668.0,644.0,378.0,380.0,376.0
1.0,2525.0,1184.0,1137.0,2059.0,1148.0,433.0,321.0,394.0,379.0,381.0,377.0,405.0,381.0,398.0,813.0,852.0,860.0,433.0,321.0,394.0,379.0,381.0,377.0
1.0,3400.0,1169.0,1137.0,2011.0,306.0,126.0,39.0,141.0,379.0,381.0,377.0,392.0,386.0,391.0,1083.0,1203.0,1114.0,126.0,39.0,141.0,379.0,381.0,377.0
1.0,4242.0,1141.0,1137.0,1148.0,299.0,63.0,104.0,132.0,379.0,381.0,377.0,370.0,386.0,385.0,1390.0,1485.0,1367.0,63.0,104.0,132.0,379.0,381.0,377.0
1.0,4249.0,1169.0,1138.0,306.0,1166.0,329.0,452.0,385.0,380.0,381.0,377.0,388.0,387.0,394.0,1453.0,1420.0,1376.0,329.0,452.0,385.0,380.0,381.0,377.0
1.0,3386.0,1165.0,1137.0,299.0,2028.0,636.0,741.0,651.0,379.0,381.0,377.0,374.0,393.0,398.0,1191.0,1072.0,1123.0,636.0,741.0,651.0,379.0,381.0,377.0
1.0,2520.0,1156.0,1138.0,1166.0,2022.0,685.0,673.0,664.0,379.0,381.0,378.0,378.0,384.0,394.0,880.0,783.0,857.0,685.0,673.0,664.0,379.0,381.0,378.0
1.0,2530.0,1183.0,1138.0,2028.0,1177.0,433.0,326.0,418.0,379.0,381.0,378.0,384.0,394.0,405.0,831.0,851.0,848.0,433.0,326.0,418.0,379.0,381.0,378.0
1.0,3375.0,1146.0,1140.0,2022.0,309.0,140.0,26.0,143.0,380.0,381.0,379.0,388.0,373.0,385.0,1083.0,1198.0,1094.0,140.0,26.0,143.0,380.0,381.0,379.0
1.0,4251.0,1142.0,1140.0,1177.0,274.0,84.0,67.0,123.0,380.0,381.0,379.0,377.0,367.0,398.0,1380.0,1498.0,1373.0,84.0,67.0,123.0,380.0,381.0,379.0
1.0,4286.0,1169.0,1141.0,309.0,1138.0,334.0,424.0,380.0,380.0,381.0,380.0,390.0,383.0,396.0,1436.0,1457.0,1393.0,334.0,424.0,380.0,380.0,381.0,380.0
1.0,3426.0,1193.0,1142.0,274.0,2061.0,655.0,738.0,668.0,381.0,381.0,380.0,401.0,381.0,411.0,1186.0,1100.0,1140.0,655.0,738.0,668.0,381.0,381.0,380.0
1.0,2507.0,1140.0,1143.0,1138.0,2067.0,700.0,691.0,676.0,381.0,381.0,381.0,379.0,377.0,384.0,869.0,786.0,852.0,700.0,691.0,676.0,381.0,381.0,381.0
1.0,2505.0,1152.0,1143.0,2061.0,1158.0,429.0,336.0,393.0,381.0,381.0,381.0,384.0,383.0,385.0,824.0,833.0,848.0,429.0,336.0,393.0,381.0,381.0,381.0
1.0,3414.0,1108.0,1143.0,2067.0,199.0,98.0,15.0,86.0,381.0,381.0,381.0,369.0,370.0,369.0,1095.0,1188.0,1131.0,98.0,15.0,86.0,381.0,381.0,381.0
1.0,4373.0,1134.0,1143.0,1158.0,175.0,48.0,57.0,70.0,381.0,381.0,381.0,379.0,378.0,377.0,1426.0,1509.0,1438.0,48.0,57.0,70.0,381.0,381.0,381.0
1.0,4397.0,1153.0,1143.0,199.0,1129.0,321.0,433.0,375.0,381.0,381.0,381.0,371.0,391.0,391.0,1476.0,1467.0,1454.0,321.0,433.0,375.0,381.0,381.0,381.0
1.0,3443.0,1177.0,1145.0,175.0,2139.0,660.0,771.0,708.0,382.0,381.0,382.0,383.0,395.0,399.0,1203.0,1091.0,1149.0,660.0,771.0,708.0,382.0,381.0,382.0
1.0,2441.0,1133.0,1145.0,1129.0,2143.0,706.0,712.0,725.0,381.0,381.0,383.0,371.0,374.0,388.0,868.0,753.0,820.0,706.0,712.0,725.0,381.0,381.0,383.0
1.0,2437.0,1174.0,1146.0,2139.0,1182.0,437.0,339.0,406.0,382.0,381.0,383.0,387.0,398.0,389.0,818.0,812.0,807.0,437.0,339.0,406.0,382.0,381.0,383.0
1.0,3402.0,1178.0,1148.0,2143.0,225.0,133.0,24.0,68.0,383.0,382.0,383.0,398.0,393.0,387.0,1091.0,1185.0,1126.0,133.0,24.0,68.0,383.0,382.0,383.0
1.0,4367.0,1152.0,1149.0,1182.0,199.0,70.0,69.0,60.0,383.0,382.0,384.0,374.0,384.0,394.0,1399.0,1504.0,1464.0,70.0,69.0,60.0,383.0,382.0,384.0
1.0,4397.0,1192.0,1149.0,225.0,1166.0,329.0,443.0,394.0,383.0,382.0,384.0,392.0,398.0,402.0,1462.0,1459.0,1476.0,329.0,443.0,394.0,383.0,382.0,384.0
1.0,3430.0,1148.0,1150.0,199.0,2119.0,635.0,764.0,720.0,383.0,382.0,385.0,376.0,390.0,382.0,1203.0,1085.0,1142.0,635.0,764.0,720.0,383.0,382.0,385.0
1.0,2481.0,1159.0,1150.0,1166.0,2112.0,679.0,712.0,721.0,383.0,382.0,385.0,373.0,391.0,395.0,897.0,764.0,820.0,679.0,712.0,721.0,383.0,382.0,385.0
1.0,2488.0,1170.0,1152.0,2119.0,1171.0,436.0,336.0,399.0,383.0,383.0,386.0,392.0,384.0,394.0,853.0,816.0,819.0,436.0,336.0,399.0,383.0,383.0,386.0
1.0,3437.0,1143.0,1153.0,2112.0,206.0,144.0,5.0,57.0,384.0,383.0,386.0,383.0,381.0,379.0,1096.0,1196.0,1145.0,144.0,5.0,57.0,384.0,383.0,386.0
1.0,4406.0,1206.0,1153.0,1171.0,241.0,98.0,81.0,62.0,384.0,383.0,386.0,390.0,412.0,404.0,1392.0,1527.0,1487.0,98.0,81.0,62.0,384.0,383.0,386.0
1.0,4371.0,1170.0,1154.0,206.0,1209.0,337.0,479.0,393.0,384.0,384.0,386.0,383.0,399.0,388.0,1438.0,1451.0,1482.0,337.0,479.0,393.0,384.0,384.0,386.0
1.0,3407.0,1162.0,1154.0,241.0,2130.0,615.0,792.0,723.0,384.0,384.0,386.0,376.0,394.0,392.0,1199.0,1057.0,1151.0,615.0,792.0,723.0,384.0,384.0,386.0
1.0,2486.0,1163.0,1155.0,1209.0,2088.0,668.0,705.0,715.0,384.0,384.0,387.0,390.0,392.0,381.0,921.0,744.0,821.0,668.0,705.0,715.0,384.0,384.0,387.0
1.0,2532.0,1183.0,1156.0,2130.0,1145.0,460.0,289.0,396.0,385.0,384.0,387.0,403.0,376.0,404.0,868.0,831.0,833.0,460.0,289.0,396.0,385.0,384.0,387.0
1.0,3479.0,1186.0,1157.0,2088.0,261.0,185.0,0.0,76.0,385.0,384.0,388.0,393.0,402.0,391.0,1080.0,1247.0,1152.0,185.0,0.0,76.0,385.0,384.0,388.0
1.0,4381.0,1184.0,1158.0,1145.0,290.0,122.0,91.0,77.0,386.0,384.0,388.0,393.0,394.0,397.0,1355.0,1550.0,1476.0,122.0,91.0,77.0,386.0,384.0,388.0
1.0,4342.0,1183.0,1160.0,261.0,1220.0,334.0,499.0,387.0,386.0,385.0,389.0,397.0,404.0,382.0,1422.0,1445.0,1475.0,334.0,499.0,387.0,386.0,385.0,389.0
1.0,3420.0,1211.0,1160.0,290.0,2141.0,618.0,817.0,706.0,386.0,385.0,389.0,406.0,409.0,396.0,1210.0,1041.0,1169.0,618.0,817.0,706.0,386.0,385.0,389.0
1.0,2499.0,1168.0,1160.0,1220.0,2089.0,675.0,711.0,703.0,386.0,385.0,389.0,391.0,393.0,384.0,926.0,723.0,850.0,675.0,711.0,703.0,386.0,385.0,389.0
1.0,2551.0,1187.0,1161.0,2141.0,1139.0,451.0,300.0,388.0,386.0,386.0,389.0,394.0,402.0,391.0,869.0,829.0,853.0,451.0,300.0,388.0,386.0,386.0,389.0
1.0,3505.0,1142.0,1162.0,2089.0,218.0,165.0,0.0,53.0,387.0,386.0,389.0,385.0,389.0,368.0,1093.0,1244.0,1168.0,165.0,0.0,53.0,387.0,386.0,389.0
1.0,4452.0,1234.0,1162.0,1139.0,291.0,132.0,90.0,69.0,387.0,386.0,389.0,418.0,412.0,404.0,1383.0,1566.0,1503.0,132.0,90.0,69.0,387.0,386.0,389.0
1.0,4357.0,1236.0,1164.0,218.0,1317.0,386.0,505.0,426.0,387.0,387.0,390.0,419.0,411.0,406.0,1416.0,1454.0,1487.0,386.0,505.0,426.0,387.0,387.0,390.0
1.0,3339.0,1162.0,1165.0,291.0,2192.0,645.0,796.0,751.0,388.0,387.0,390.0,387.0,381.0,394.0,1162.0,1043.0,1134.0,645.0,796.0,751.0,388.0,387.0,390.0
1.0,2468.0,1196.0,1166.0,1317.0,2075.0,664.0,696.0,715.0,388.0,388.0,390.0,405.0,401.0,390.0,907.0,752.0,809.0,664.0,696.0,715.0,388.0,388.0,390.0
1.0,2589.0,1215.0,1167.0,2192.0,1102.0,428.0,310.0,364.0,388.0,388.0,391.0,409.0,410.0,396.0,888.0,856.0,845.0,428.0,310.0,364.0,388.0,388.0,391.0
1.0,3566.0,1233.0,1169.0,2075.0,268.0,183.0,33.0,52.0,389.0,389.0,391.0,415.0,415.0,403.0,1124.0,1242.0,1200.0,183.0,33.0,52.0,389.0,389.0,391.0
1.0,4408.0,1202.0,1170.0,1102.0,372.0,159.0,131.0,82.0,389.0,390.0,391.0,404.0,404.0,394.0,1373.0,1523.0,1512.0,159.0,131.0,82.0,389.0,390.0,391.0
1.0,4308.0,1229.0,1171.0,268.0,1337.0,396.0,508.0,433.0,390.0,390.0,391.0,416.0,410.0,403.0,1397.0,1429.0,1482.0,396.0,508.0,433.0,390.0,390.0,391.0
1.0,3347.0,1230.0,1174.0,372.0,2207.0,657.0,798.0,752.0,391.0,391.0,392.0,416.0,417.0,397.0,1164.0,1052.0,1131.0,657.0,798.0,752.0,391.0,391.0,392.0
1.0,2489.0,1195.0,1174.0,1337.0,2065.0,663.0,695.0,707.0,391.0,391.0,392.0,402.0,405.0,388.0,907.0,766.0,816.0,663.0,695.0,707.0,391.0,391.0,392.0
1.0,2631.0,1175.0,1175.0,2207.0,1037.0,409.0,286.0,342.0,391.0,392.0,392.0,403.0,385.0,387.0,901.0,869.0,861.0,409.0,286.0,342.0,391.0,392.0,392.0
1.0,3663.0,1233.0,1177.0,2065.0,217.0,174.0,0.0,43.0,392.0,392.0,393.0,424.0,405.0,404.0,1155.0,1282.0,1226.0,174.0,0.0,43.0,392.0,392.0,393.0
1.0,4495.0,1193.0,1176.0,1037.0,365.0,165.0,106.0,94.0,392.0,392.0,392.0,400.0,396.0,397.0,1394.0,1572.0,1529.0,165.0,106.0,94.0,392.0,392.0,392.0
1.0,4339.0,1196.0,1177.0,217.0,1348.0,394.0,513.0,441.0,392.0,393.0,392.0,403.0,403.0,390.0,1403.0,1462.0,1474.0,394.0,513.0,441.0,392.0,393.0,392.0
1.0,3360.0,1206.0,1177.0,365.0,2189.0,636.0,811.0,742.0,392.0,393.0,392.0,407.0,404.0,395.0,1174.0,1059.0,1127.0,636.0,811.0,742.0,392.0,393.0,392.0
1.0,2519.0,1183.0,1177.0,1348.0,2024.0,639.0,691.0,694.0,392.0,393.0,392.0,397.0,393.0,393.0,932.0,761.0,826.0,639.0,691.0,694.0,392.0,393.0,392.0
1.0,2684.0,1164.0,1178.0,2189.0,1003.0,403.0,269.0,331.0,393.0,393.0,392.0,396.0,389.0,379.0,929.0,881.0,874.0,403.0,269.0,331.0,393.0,393.0,392.0
1.0,3709.0,1191.0,1179.0,2024.0,197.0,159.0,0.0,38.0,393.0,394.0,392.0,395.0,395.0,401.0,1169.0,1303.0,1237.0,159.0,0.0,38.0,393.0,394.0,392.0
1.0,4542.0,1236.0,1181.0,1003.0,415.0,179.0,113.0,123.0,394.0,394.0,393.0,419.0,405.0,412.0,1413.0,1599.0,1530.0,179.0,113.0,123.0,394.0,394.0,393.0
1.0,4309.0,1176.0,1181.0,197.0,1394.0,417.0,497.0,480.0,394.0,394.0,393.0,397.0,384.0,395.0,1397.0,1463.0,1449.0,417.0,497.0,480.0,394.0,394.0,393.0
1.0,3330.0,1145.0,1179.0,415.0,2116.0,628.0,757.0,731.0,394.0,393.0,392.0,390.0,377.0,378.0,1159.0,1079.0,1092.0,628.0,757.0,731.0,394.0,393.0,392.0
1.0,2600.0,1206.0,1180.0,1394.0,1932.0,607.0,673.0,652.0,394.0,394.0,392.0,396.0,409.0,401.0,948.0,815.0,837.0,607.0,673.0,652.0,394.0,394.0,392.0
1.0,2788.0,1206.0,1182.0,2116.0,1030.0,395.0,315.0,320.0,395.0,395.0,392.0,412.0,395.0,399.0,969.0,903.0,916.0,395.0,315.0,320.0,395.0,395.0,392.0
1.0,3698.0,1179.0,1182.0,1932.0,277.0,181.0,32.0,64.0,395.0,395.0,392.0,393.0,390.0,396.0,1185.0,1265.0,1248.0,181.0,32.0,64.0,395.0,395.0,392.0
1.0,4451.0,1192.0,1182.0,1030.0,439.0,180.0,122.0,137.0,395.0,395.0,392.0,394.0,405.0,393.0,1399.0,1548.0,1504.0,180.0,122.0,137.0,395.0,395.0,392.0
1.0,4289.0,1181.0,1183.0,277.0,1347.0,397.0,493.0,457.0,395.0,396.0,392.0,398.0,399.0,384.0,1400.0,1458.0,1431.0,397.0,493.0,457.0,395.0,396.0,392.0
1.0,3385.0,1219.0,1185.0,439.0,2135.0,635.0,766.0,734.0,396.0,396.0,393.0,414.0,395.0,410.0,1183.0,1091.0,1111.0,635.0,766.0,734.0,396.0,396.0,393.0
1.0,2605.0,1207.0,1186.0,1347.0,1999.0,640.0,678.0,681.0,396.0,397.0,393.0,402.0,401.0,404.0,949.0,818.0,838.0,640.0,678.0,681.0,396.0,397.0,393.0
1.0,2745.0,1139.0,1185.0,2135.0,999.0,391.0,277.0,331.0,396.0,396.0,393.0,386.0,369.0,384.0,944.0,910.0,891.0,391.0,277.0,331.0,396.0,396.0,393.0
1.0,3741.0,1130.0,1186.0,1999.0,162.0,130.0,0.0,32.0,397.0,396.0,393.0,375.0,373.0,382.0,1193.0,1307.0,1241.0,130.0,0.0,32.0,397.0,396.0,393.0
1.0,4610.0,1192.0,1186.0,999.0,327.0,139.0,88.0,100.0,397.0,396.0,393.0,400.0,393.0,399.0,1458.0,1612.0,1540.0,139.0,88.0,100.0,397.0,396.0,393.0
1.0,4417.0,1183.0,1187.0,162.0,1352.0,400.0,474.0,478.0,397.0,396.0,394.0,391.0,386.0,406.0,1449.0,1496.0,1472.0,400.0,474.0,478.0,397.0,396.0,394.0
1.0,3396.0,1190.0,1187.0,327.0,2215.0,654.0,787.0,774.0,397.0,396.0,394.0,393.0,401.0,396.0,1188.0,1110.0,1098.0,654.0,787.0,774.0,397.0,396.0,394.0
1.0,2533.0,1186.0,1187.0,1352.0,2049.0,652.0,709.0,688.0,397.0,396.0,394.0,398.0,396.0,392.0,934.0,797.0,802.0,652.0,709.0,688.0,397.0,396.0,394.0
1.0,2699.0,1140.0,1188.0,2215.0,978.0,381.0,299.0,298.0,398.0,396.0,394.0,379.0,377.0,384.0,936.0,875.0,888.0,381.0,299.0,298.0,398.0,396.0,394.0
1.0,3774.0,1172.0,1187.0,2049.0,121.0,121.0,0.0,0.0,398.0,396.0,393.0,392.0,387.0,393.0,1211.0,1285.0,1278.0,121.0,0.0,0.0,398.0,396.0,393.0
1.0,4651.0,1144.0,1187.0,978.0,263.0,109.0,60.0,94.0,397.0,396.0,394.0,373.0,382.0,389.0,1471.0,1607.0,1573.0,109.0,60.0,94.0,397.0,396.0,394.0
1.0,4485.0,1117.0,1185.0,121.0,1251.0,348.0,422.0,481.0,397.0,395.0,393.0,360.0,366.0,391.0,1479.0,1524.0,1482.0,348.0,422.0,481.0,397.0,395.0,393.0
1.0,3489.0,1213.0,1187.0,263.0,2209.0,640.0,767.0,802.0,397.0,396.0,394.0,401.0,401.0,411.0,1240.0,1158.0,1091.0,640.0,767.0,802.0,397.0,396.0,394.0
1.0,2539.0,1193.0,1188.0,1251.0,2155.0,690.0,742.0,723.0,398.0,396.0,394.0,394.0,397.0,402.0,948.0,817.0,774.0,690.0,742.0,723.0,398.0,396.0,394.0
1.0,2597.0,1165.0,1186.0,2209.0,1103.0,427.0,358.0,318.0,397.0,395.0,394.0,381.0,387.0,397.0,902.0,842.0,853.0,427.0,358.0,318.0,397.0,395.0,394.0
1.0,3641.0,1202.0,1187.0,2155.0,154.0,142.0,11.0,1.0,398.0,395.0,394.0,401.0,395.0,406.0,1161.0,1222.0,1258.0,142.0,11.0,1.0,398.0,395.0,394.0
1.0,4594.0,1175.0,1187.0,1103.0,226.0,103.0,46.0,77.0,398.0,395.0,394.0,388.0,393.0,394.0,1450.0,1569.0,1575.0,103.0,46.0,77.0,398.0,395.0,394.0
1.0,4522.0,1202.0,1188.0,154.0,1278.0,356.0,424.0,498.0,398.0,395.0,395.0,395.0,389.0,418.0,1489.0,1534.0,1499.0,356.0,424.0,498.0,398.0,395.0,395.0
1.0,3474.0,1246.0,1190.0,226.0,2306.0,666.0,795.0,845.0,398.0,396.0,396.0,413.0,413.0,420.0,1236.0,1156.0,1082.0,666.0,795.0,845.0,398.0,396.0,396.0
1.0,2454.0,1202.0,1190.0,1278.0,2230.0,707.0,775.0,748.0,398.0,396.0,396.0,397.0,404.0,401.0,926.0,789.0,739.0,707.0,775.0,748.0,398.0,396.0,396.0
1.0,2530.0,1168.0,1190.0,2306.0,1092.0,423.0,369.0,300.0,398.0,396.0,396.0,382.0,389.0,397.0,885.0,809.0,836.0,423.0,369.0,300.0,398.0,396.0,396.0
1.0,3668.0,1174.0,1190.0,2230.0,102.0,102.0,0.0,0.0,398.0,396.0,396.0,386.0,386.0,402.0,1169.0,1215.0,1284.0,102.0,0.0,0.0,398.0,396.0,396.0
1.0,4724.0,1176.0,1189.0,1092.0,123.0,67.0,0.0,56.0,398.0,395.0,396.0,388.0,386.0,402.0,1490.0,1604.0,1630.0,67.0,0.0,56.0,398.0,395.0,396.0
1.0,4640.0,1182.0,1190.0,102.0,1200.0,352.0,386.0,462.0,398.0,395.0,397.0,387.0,393.0,402.0,1525.0,1587.0,1528.0,352.0,386.0,462.0,398.0,395.0,397.0
1.0,3560.0,1258.0,1191.0,123.0,2339.0,698.0,820.0,821.0,398.0,396.0,397.0,413.0,430.0,415.0,1240.0,1194.0,1126.0,698.0,820.0,821.0,398.0,396.0,397.0
1.0,2425.0,1214.0,1192.0,1200.0,2357.0,746.0,833.0,778.0,398.0,396.0,398.0,400.0,399.0,415.0,894.0,764.0,767.0,746.0,833.0,778.0,398.0,396.0,398.0
1.0,2411.0,1203.0,1192.0,2339.0,1221.0,446.0,410.0,365.0,398.0,396.0,398.0,398.0,397.0,408.0,846.0,751.0,814.0,446.0,410.0,365.0,398.0,396.0,398.0
1.0,3547.0,1252.0,1192.0,2357.0,116.0,105.0,10.0,1.0,398.0,396.0,398.0,405.0,433.0,414.0,1146.0,1174.0,1227.0,105.0,10.0,1.0,398.0,396.0,398.0
1.0,4652.0,1271.0,1194.0,1221.0,174.0,84.0,27.0,63.0,398.0,397.0,399.0,425.0,423.0,423.0,1487.0,1574.0,1591.0,84.0,27.0,63.0,398.0,397.0,399.0
1.0,4602.0,1239.0,1194.0,116.0,1297.0,387.0,437.0,473.0,398.0,397.0,399.0,408.0,420.0,411.0,1508.0,1561.0,1533.0,387.0,437.0,473.0,398.0,397.0,399.0
1.0,3479.0,1230.0,1194.0,174.0,2353.0,717.0,819.0,817.0,398.0,397.0,399.0,414.0,409.0,407.0,1205.0,1151.0,1123.0,717.0,819.0,817.0,398.0,397.0,399.0
1.0,2423.0,1284.0,1197.0,1297.0,2352.0,759.0,818.0,775.0,399.0,398.0,400.0,425.0,432.0,427.0,875.0,769.0,779.0,759.0,818.0,775.0,399.0,398.0,400.0
1.0,2436.0,1217.0,1197.0,2353.0,1216.0,443.0,408.0,365.0,399.0,398.0,400.0,401.0,409.0,407.0,837.0,774.0,825.0,443.0,408.0,365.0,399.0,398.0,400.0
1.0,3572.0,1230.0,1196.0,2352.0,90.0,86.0,3.0,1.0,398.0,398.0,400.0,406.0,413.0,411.0,1153.0,1184.0,1235.0,86.0,3.0,1.0,398.0,398.0,400.0
1.0,4694.0,1225.0,1196.0,1216.0,99.0,45.0,13.0,41.0,398.0,398.0,400.0,402.0,418.0,405.0,1506.0,1589.0,1599.0,45.0,13.0,41.0,398.0,398.0,400.0
1.0,4685.0,1274.0,1197.0,90.0,1287.0,379.0,433.0,475.0,398.0,398.0,401.0,420.0,423.0,431.0,1547.0,1579.0,1559.0,379.0,433.0,475.0,398.0,398.0,401.0
1.0,3501.0,1244.0,1200.0,99.0,2444.0,760.0,836.0,848.0,399.0,399.0,402.0,422.0,412.0,410.0,1213.0,1159.0,1129.0,760.0,836.0,848.0,399.0,399.0,402.0
1.0,2356.0,1246.0,1200.0,1287.0,2403.0,799.0,813.0,791.0,399.0,399.0,402.0,418.0,410.0,418.0,836.0,760.0,760.0,799.0,813.0,791.0,399.0,399.0,402.0
1.0,2397.0,1254.0,1200.0,2444.0,1213.0,463.0,404.0,346.0,399.0,399.0,402.0,424.0,427.0,403.0,797.0,783.0,817.0,463.0,404.0,346.0,399.0,399.0,402.0
1.0,3587.0,1226.0,1200.0,2403.0,83.0,83.0,0.0,0.0,399.0,399.0,402.0,419.0,403.0,404.0,1133.0,1192.0,1262.0,83.0,0.0,0.0,399.0,399.0,402.0
1.0,4764.0,1235.0,1202.0,1213.0,71.0,45.0,0.0,26.0,400.0,399.0,403.0,421.0,405.0,409.0,1513.0,1602.0,1649.0,45.0,0.0,26.0,400.0,399.0,403.0
1.0,4742.0,1234.0,1203.0,83.0,1221.0,382.0,404.0,435.0,400.0,400.0,403.0,420.0,405.0,409.0,1555.0,1601.0,1586.0,382.0,404.0,435.0,400.0,400.0,403.0
1.0,3591.0,1217.0,1203.0,71.0,2367.0,747.0,810.0,810.0,400.0,400.0,403.0,410.0,406.0,401.0,1218.0,1196.0,1177.0,747.0,810.0,810.0,400.0,400.0,403.0
1.0,2445.0,1242.0,1204.0,1221.0,2392.0,792.0,822.0,778.0,401.0,400.0,403.0,423.0,416.0,403.0,853.0,790.0,802.0,792.0,822.0,778.0,401.0,400.0,403.0
1.0,2424.0,1233.0,1204.0,2367.0,1258.0,451.0,424.0,383.0,401.0,400.0,403.0,406.0,412.0,415.0,812.0,778.0,834.0,451.0,424.0,383.0,401.0,400.0,403.0
1.0,3558.0,1236.0,1205.0,2392.0,106.0,76.0,23.0,7.0,401.0,401.0,403.0,417.0,417.0,402.0,1153.0,1176.0,1229.0,76.0,23.0,7.0,401.0,401.0,403.0
1.0,4714.0,1242.0,1208.0,1258.0,102.0,52.0,9.0,41.0,402.0,402.0,404.0,423.0,406.0,413.0,1528.0,1581.0,1605.0,52.0,9.0,41.0,402.0,402.0,404.0
1.0,4730.0,1226.0,1208.0,106.0,1222.0,387.0,395.0,440.0,402.0,402.0,404.0,411.0,409.0,406.0,1556.0,1599.0,1575.0,387.0,395.0,440.0,402.0,402.0,404.0
1.0,3610.0,1194.0,1208.0,102.0,2314.0,732.0,793.0,789.0,402.0,402.0,404.0,397.0,407.0,390.0,1221.0,1213.0,1176.0,732.0,793.0,789.0,402.0,402.0,404.0
1.0,2518.0,1218.0,1208.0,1222.0,2310.0,757.0,807.0,746.0,402.0,402.0,404.0,412.0,409.0,397.0,876.0,815.0,827.0,757.0,807.0,746.0,402.0,402.0,404.0
1.0,2522.0,1223.0,1208.0,2314.0,1219.0,438.0,422.0,359.0,402.0,402.0,404.0,413.0,408.0,402.0,851.0,801.0,870.0,438.0,422.0,359.0,402.0,402.0,404.0
1.0,3613.0,1236.0,1210.0,2310.0,153.0,102.0,23.0,28.0,403.0,402.0,405.0,417.0,408.0,411.0,1170.0,1186.0,1257.0,102.0,23.0,28.0,403.0,402.0,405.0
1.0,4687.0,1256.0,1211.0,1219.0,194.0,80.0,34.0,80.0,403.0,403.0,405.0,416.0,429.0,411.0,1510.0,1585.0,1592.0,80.0,34.0,80.0,403.0,403.0,405.0
1.0,4650.0,1243.0,1211.0,153.0,1284.0,395.0,423.0,466.0,403.0,403.0,405.0,417.0,412.0,414.0,1532.0,1578.0,1540.0,395.0,423.0,466.0,403.0,403.0,405.0
1.0,3560.0,1204.0,1212.0,194.0,2298.0,717.0,797.0,784.0,403.0,404.0,405.0,402.0,404.0,398.0,1217.0,1189.0,1154.0,717.0,797.0,784.0,403.0,404.0,405.0
1.0,2550.0,1214.0,1214.0,1284.0,2236.0,731.0,775.0,730.0,404.0,404.0,406.0,405.0,401.0,408.0,895.0,819.0,836.0,731.0,775.0,730.0,404.0,404.0,406.0
1.0,2620.0,1206.0,1215.0,2298.0,1148.0,413.0,388.0,347.0,404.0,405.0,406.0,399.0,406.0,401.0,885.0,841.0,894.0,413.0,388.0,347.0,404.0,405.0,406.0
1.0,3712.0,1187.0,1214.0,2236.0,95.0,74.0,19.0,2.0,404.0,405.0,405.0,392.0,406.0,389.0,1203.0,1232.0,1277.0,74.0,19.0,2.0,404.0,405.0,405.0
1.0,4761.0,1233.0,1215.0,1148.0,184.0,66.0,49.0,69.0,404.0,405.0,406.0,405.0,418.0,410.0,1542.0,1601.0,1618.0,66.0,49.0,69.0,404.0,405.0,406.0
1.0,4676.0,1219.0,1217.0,95.0,1316.0,408.0,440.0,468.0,405.0,406.0,406.0,412.0,406.0,401.0,1550.0,1571.0,1555.0,408.0,440.0,468.0,405.0,406.0,406.0
1.0,3552.0,1197.0,1217.0,184.0,2329.0,746.0,791.0,792.0,405.0,406.0,406.0,404.0,400.0,393.0,1212.0,1184.0,1156.0,746.0,791.0,792.0,405.0,406.0,406.0
1.0,2539.0,1189.0,1217.0,1316.0,2202.0,733.0,749.0,720.0,405.0,406.0,406.0,395.0,398.0,396.0,874.0,833.0,832.0,733.0,749.0,720.0,405.0,406.0,406.0
1.0,2666.0,1233.0,1220.0,2329.0,1118.0,409.0,366.0,343.0,406.0,407.0,407.0,418.0,404.0,411.0,887.0,875.0,904.0,409.0,366.0,343.0,406.0,407.0,407.0
1.0,3762.0,1210.0,1221.0,2202.0,130.0,82.0,19.0,29.0,407.0,407.0,407.0,402.0,402.0,406.0,1215.0,1262.0,1285.0,82.0,19.0,29.0,407.0,407.0,407.0
1.0,4754.0,1198.0,1220.0,1118.0,206.0,77.0,56.0,73.0,407.0,407.0,406.0,404.0,403.0,391.0,1546.0,1609.0,1599.0,77.0,56.0,73.0,407.0,407.0,406.0
1.0,4674.0,1232.0,1222.0,130.0,1316.0,403.0,443.0,470.0,407.0,408.0,407.0,408.0,402.0,422.0,1551.0,1572.0,1551.0,403.0,443.0,470.0,407.0,408.0,407.0
1.0,3572.0,1215.0,1222.0,206.0,2325.0,729.0,797.0,799.0,407.0,408.0,407.0,403.0,410.0,402.0,1225.0,1189.0,1158.0,729.0,797.0,799.0,407.0,408.0,407.0
1.0,2563.0,1208.0,1223.0,1316.0,2221.0,734.0,751.0,736.0,408.0,408.0,407.0,404.0,397.0,407.0,899.0,835.0,829.0,734.0,751.0,736.0,408.0,408.0,407.0
1.0,2671.0,1192.0,1223.0,2325.0,1088.0,397.0,351.0,340.0,408.0,408.0,407.0,392.0,397.0,403.0,898.0,881.0,892.0,397.0,351.0,340.0,408.0,408.0,407.0
1.0,3804.0,1175.0,1223.0,2221.0,56.0,56.0,0.0,0.0,408.0,408.0,407.0,393.0,392.0,390.0,1235.0,1281.0,1288.0,56.0,0.0,0.0,408.0,408.0,407.0
1.0,4850.0,1186.0,1221.0,1088.0,132.0,53.0,34.0,45.0,407.0,408.0,406.0,398.0,393.0,395.0,1576.0,1640.0,1634.0,53.0,34.0,45.0,407.0,408.0,406.0
1.0,4752.0,1236.0,1222.0,56.0,1316.0,411.0,451.0,454.0,408.0,408.0,406.0,410.0,417.0,409.0,1575.0,1598.0,1579.0,411.0,451.0,454.0,408.0,408.0,406.0
1.0,3572.0,1215.0,1222.0,132.0,2399.0,771.0,816.0,812.0,408.0,408.0,406.0,413.0,399.0,403.0,1221.0,1181.0,1170.0,771.0,816.0,812.0,408.0,408.0,406.0
1.0,2489.0,1272.0,1225.0,1316.0,2367.0,786.0,794.0,787.0,409.0,409.0,407.0,422.0,425.0,425.0,861.0,816.0,812.0,786.0,794.0,787.0,409.0,409.0,407.0
1.0,2533.0,1218.0,1225.0,2399.0,1186.0,424.0,381.0,381.0,409.0,409.0,407.0,409.0,403.0,406.0,850.0,842.0,841.0,424.0,381.0,381.0,409.0,409.0,407.0
1.0,3714.0,1239.0,1227.0,2367.0,68.0,57.0,0.0,11.0,410.0,410.0,407.0,415.0,407.0,417.0,1212.0,1255.0,1247.0,57.0,0.0,11.0,410.0,410.0,407.0
1.0,4842.0,1231.0,1226.0,1186.0,107.0,43.0,29.0,35.0,410.0,409.0,407.0,410.0,416.0,405.0,1583.0,1642.0,1617.0,43.0,29.0,35.0,410.0,409.0,407.0
1.0,4797.0,1263.0,1227.0,68.0,1306.0,414.0,443.0,449.0,410.0,410.0,407.0,428.0,410.0,425.0,1597.0,1607.0,1593.0,414.0,443.0,449.0,410.0,410.0,407.0
1.0,3602.0,1192.0,1227.0,107.0,2391.0,769.0,815.0,807.0,410.0,410.0,407.0,398.0,401.0,393.0,1226.0,1197.0,1179.0,769.0,815.0,807.0,410.0,410.0,407.0
1.0,2517.0,1253.0,1226.0,1306.0,2334.0,773.0,794.0,767.0,410.0,409.0,407.0,418.0,426.0,409.0,871.0,825.0,821.0,773.0,794.0,767.0,410.0,409.0,407.0
1.0,2570.0,1267.0,1227.0,2391.0,1214.0,439.0,383.0,392.0,411.0,409.0,407.0,431.0,404.0,432.0,867.0,842.0,861.0,439.0,383.0,392.0,411.0,409.0,407.0
1.0,3694.0,1257.0,1227.0,2334.0,137.0,85.0,2.0,50.0,411.0,409.0,407.0,419.0,413.0,425.0,1205.0,1253.0,1236.0,85.0,2.0,50.0,411.0,409.0,407.0
1.0,4771.0,1252.0,1227.0,1214.0,175.0,64.0,39.0,72.0,411.0,409.0,407.0,418.0,420.0,414.0,1559.0,1634.0,1578.0,64.0,39.0,72.0,411.0,409.0,407.0
1.0,4733.0,1263.0,1227.0,137.0,1301.0,403.0,456.0,442.0,411.0,409.0,407.0,424.0,419.0,420.0,1580.0,1597.0,1556.0,403.0,456.0,442.0,411.0,409.0,407.0
1.0,3607.0,1238.0,1227.0,175.0,2364.0,758.0,828.0,778.0,411.0,409.0,407.0,419.0,411.0,408.0,1241.0,1180.0,1186.0,758.0,828.0,778.0,411.0,409.0,407.0
1.0,2544.0,1259.0,1228.0,1301.0,2326.0,785.0,790.0,751.0,412.0,409.0,407.0,426.0,418.0,415.0,886.0,808.0,850.0,785.0,790.0,751.0,412.0,409.0,407.0
1.0,2586.0,1239.0,1228.0,2364.0,1201.0,451.0,372.0,378.0,412.0,409.0,407.0,424.0,410.0,405.0,863.0,846.0,877.0,451.0,372.0,378.0,412.0,409.0,407.0
1.0,3711.0,1244.0,1228.0,2326.0,119.0,85.0,4.0,30.0,412.0,409.0,407.0,419.0,422.0,403.0,1197.0,1264.0,1250.0,85.0,4.0,30.0,412.0,409.0,407.0
1.0,4793.0,1245.0,1228.0,1201.0,163.0,53.0,51.0,59.0,412.0,409.0,407.0,419.0,419.0,407.0,1563.0,1632.0,1598.0,53.0,51.0,59.0,412.0,409.0,407.0
1.0,4749.0,1308.0,1228.0,119.0,1352.0,411.0,481.0,460.0,412.0,409.0,407.0,443.0,434.0,431.0,1595.0,1585.0,1569.0,411.0,481.0,460.0,412.0,409.0,407.0
1.0,3560.0,1277.0,1229.0,163.0,2470.0,790.0,852.0,828.0,413.0,409.0,407.0,428.0,422.0,427.0,1237.0,1155.0,1168.0,790.0,852.0,828.0,413.0,409.0,407.0
1.0,2446.0,1281.0,1231.0,1352.0,2407.0,806.0,801.0,800.0,413.0,410.0,408.0,427.0,426.0,428.0,862.0,784.0,800.0,806.0,801.0,800.0,413.0,410.0,408.0
1.0,2517.0,1266.0,1231.0,2470.0,1203.0,440.0,365.0,398.0,413.0,410.0,408.0,424.0,416.0,426.0,846.0,839.0,832.0,440.0,365.0,398.0,413.0,410.0,408.0
1.0,3721.0,1264.0,1232.0,2407.0,83.0,57.0,0.0,26.0,413.0,410.0,409.0,423.0,417.0,424.0,1212.0,1275.0,1234.0,57.0,0.0,26.0,413.0,410.0,409.0
1.0,4864.0,1278.0,1233.0,1203.0,143.0,41.0,57.0,45.0,413.0,411.0,409.0,424.0,437.0,417.0,1595.0,1659.0,1610.0,41.0,57.0,45.0,413.0,411.0,409.0
1.0,4789.0,1234.0,1233.0,83.0,1294.0,398.0,470.0,426.0,413.0,411.0,409.0,414.0,413.0,407.0,1611.0,1587.0,1591.0,398.0,470.0,426.0,413.0,411.0,409.0
1.0,3638.0,1239.0,1233.0,143.0,2390.0,778.0,823.0,789.0,413.0,411.0,409.0,421.0,410.0,408.0,1254.0,1174.0,1210.0,778.0,823.0,789.0,413.0,411.0,409.0
1.0,2542.0,1265.0,1233.0,1294.0,2361.0,805.0,770.0,786.0,413.0,411.0,409.0,425.0,417.0,423.0,874.0,821.0,847.0,805.0,770.0,786.0,413.0,411.0,409.0
1.0,2571.0,1234.0,1233.0,2390.0,1205.0,436.0,361.0,408.0,413.0,411.0,409.0,409.0,414.0,411.0,847.0,874.0,850.0,436.0,361.0,408.0,413.0,411.0,409.0
1.0,3727.0,1233.0,1233.0,2361.0,81.0,39.0,0.0,42.0,413.0,411.0,409.0,408.0,405.0,420.0,1216.0,1283.0,1228.0,39.0,0.0,42.0,413.0,411.0,409.0
1.0,4855.0,1252.0,1234.0,1205.0,128.0,21.0,51.0,56.0,413.0,411.0,410.0,418.0,416.0,418.0,1613.0,1648.0,1594.0,21.0,51.0,56.0,413.0,411.0,410.0
1.0,4808.0,1249.0,1235.0,81.0,1300.0,411.0,461.0,428.0,414.0,411.0,410.0,425.0,410.0,414.0,1631.0,1593.0,1584.0,411.0,461.0,428.0,414.0,411.0,410.0
1.0,3640.0,1246.0,1235.0,128.0,2418.0,801.0,834.0,783.0,414.0,411.0,410.0,411.0,424.0,411.0,1245.0,1183.0,1212.0,801.0,834.0,783.0,414.0,411.0,410.0
1.0,2522.0,1245.0,1236.0,1300.0,2367.0,790.0,800.0,777.0,413.0,412.0,411.0,404.0,423.0,418.0,855.0,810.0,857.0,790.0,800.0,777.0,413.0,412.0,411.0
1.0,2577.0,1283.0,1237.0,2418.0,1236.0,416.0,397.0,423.0,414.0,412.0,411.0,423.0,431.0,429.0,862.0,848.0,867.0,416.0,397.0,423.0,414.0,412.0,411.0
1.0,3712.0,1267.0,1237.0,2367.0,136.0,46.0,27.0,63.0,414.0,412.0,411.0,420.0,430.0,417.0,1240.0,1251.0,1221.0,46.0,27.0,63.0,414.0,412.0,411.0
1.0,4812.0,1259.0,1237.0,1236.0,159.0,51.0,48.0,60.0,414.0,412.0,411.0,421.0,418.0,420.0,1610.0,1621.0,1581.0,51.0,48.0,60.0,414.0,412.0,411.0
1.0,4789.0,1298.0,1240.0,136.0,1333.0,447.0,456.0,430.0,415.0,413.0,412.0,438.0,431.0,429.0,1605.0,1600.0,1584.0,447.0,456.0,430.0,415.0,413.0,412.0
1.0,3627.0,1265.0,1240.0,159.0,2439.0,809.0,829.0,801.0,415.0,413.0,412.0,413.0,421.0,431.0,1213.0,1196.0,1218.0,809.0,829.0,801.0,415.0,413.0,412.0
1.0,2521.0,1259.0,1241.0,1333.0,2369.0,776.0,790.0,803.0,415.0,413.0,413.0,414.0,417.0,428.0,851.0,823.0,847.0,776.0,790.0,803.0,415.0,413.0,413.0
1.0,2595.0,1235.0,1241.0,2439.0,1165.0,372.0,378.0,415.0,415.0,413.0,413.0,405.0,417.0,413.0,884.0,862.0,849.0,372.0,378.0,415.0,415.0,413.0,413.0
1.0,3799.0,1255.0,1242.0,2369.0,55.0,16.0,14.0,25.0,415.0,414.0,413.0,420.0,422.0,413.0,1288.0,1274.0,1237.0,16.0,14.0,25.0,415.0,414.0,413.0
1.0,4913.0,1284.0,1244.0,1165.0,182.0,77.0,60.0,45.0,416.0,414.0,414.0,429.0,424.0,431.0,1644.0,1642.0,1627.0,77.0,60.0,45.0,416.0,414.0,414.0
1.0,4794.0,1305.0,1247.0,55.0,1444.0,505.0,478.0,461.0,417.0,415.0,415.0,440.0,428.0,437.0,1587.0,1596.0,1611.0,505.0,478.0,461.0,417.0,415.0,415.0
1.0,3544.0,1249.0,1247.0,182.0,2511.0,846.0,834.0,831.0,417.0,415.0,415.0,418.0,416.0,415.0,1163.0,1182.0,1199.0,846.0,834.0,831.0,417.0,415.0,415.0
1.0,2477.0,1293.0,1248.0,1444.0,2364.0,769.0,797.0,798.0,417.0,416.0,415.0,428.0,437.0,428.0,822.0,826.0,829.0,769.0,797.0,798.0,417.0,416.0,415.0
1.0,2628.0,1288.0,1250.0,2511.0,1149.0,350.0,397.0,402.0,418.0,416.0,416.0,423.0,434.0,431.0,899.0,867.0,862.0,350.0,397.0,402.0,418.0,416.0,416.0
1.0,3851.0,1297.0,1251.0,2364.0,86.0,12.0,44.0,30.0,418.0,417.0,416.0,431.0,440.0,426.0,1322.0,1267.0,1262.0,12.0,44.0,30.0,418.0,417.0,416.0
1.0,4918.0,1251.0,1252.0,1149.0,192.0,73.0,70.0,49.0,418.0,417.0,417.0,411.0,423.0,417.0,1660.0,1624.0,1634.0,73.0,70.0,49.0,418.0,417.0,417.0
1.0,4816.0,1225.0,1253.0,86.0,1335.0,455.0,449.0,431.0,418.0,418.0,417.0,394.0,419.0,412.0,1599.0,1598.0,1619.0,455.0,449.0,431.0,418.0,418.0,417.0
1.0,3677.0,1241.0,1253.0,192.0,2384.0,798.0,788.0,798.0,418.0,418.0,417.0,416.0,409.0,416.0,1217.0,1223.0,1237.0,798.0,788.0,798.0,418.0,418.0,417.0
1.0,2628.0,1290.0,1256.0,1335.0,2351.0,769.0,775.0,807.0,419.0,419.0,418.0,422.0,432.0,436.0,874.0,884.0,870.0,769.0,775.0,807.0,419.0,419.0,418.0
1.0,2673.0,1251.0,1256.0,2384.0,1218.0,389.0,408.0,421.0,419.0,419.0,418.0,418.0,421.0,412.0,907.0,901.0,865.0,389.0,408.0,421.0,419.0,419.0,418.0
1.0,3806.0,1277.0,1258.0,2351.0,152.0,52.0,55.0,45.0,420.0,419.0,419.0,428.0,422.0,427.0,1287.0,1268.0,1251.0,52.0,55.0,45.0,420.0,419.0,419.0
1.0,4880.0,1254.0,1259.0,1218.0,192.0,75.0,73.0,44.0,420.0,420.0,419.0,412.0,422.0,420.0,1628.0,1621.0,1631.0,75.0,73.0,44.0,420.0,420.0,419.0
1.0,4844.0,1267.0,1259.0,152.0,1307.0,433.0,458.0,416.0,420.0,420.0,419.0,410.0,440.0,417.0,1605.0,1607.0,1632.0,433.0,458.0,416.0,420.0,420.0,419.0
1.0,3729.0,1270.0,1259.0,192.0,2385.0,775.0,808.0,802.0,420.0,420.0,419.0,417.0,423.0,430.0,1247.0,1222.0,1260.0,775.0,808.0,802.0,420.0,420.0,419.0
1.0,2651.0,1298.0,1261.0,1307.0,2384.0,772.0,782.0,830.0,420.0,421.0,420.0,430.0,428.0,440.0,905.0,872.0,874.0,772.0,782.0,830.0,420.0,421.0,420.0
1.0,2660.0,1252.0,1261.0,2385.0,1251.0,409.0,392.0,450.0,420.0,421.0,420.0,412.0,418.0,422.0,908.0,902.0,850.0,409.0,392.0,450.0,420.0,421.0,420.0
1.0,3793.0,1258.0,1261.0,2384.0,125.0,58.0,24.0,43.0,420.0,421.0,420.0,421.0,414.0,423.0,1271.0,1292.0,1230.0,58.0,24.0,43.0,420.0,421.0,420.0
1.0,4919.0,1288.0,1262.0,1251.0,166.0,74.0,66.0,26.0,420.0,421.0,421.0,425.0,434.0,429.0,1622.0,1660.0,1637.0,74.0,66.0,26.0,420.0,421.0,421.0
1.0,4882.0,1302.0,1264.0,125.0,1351.0,455.0,489.0,407.0,421.0,422.0,421.0,435.0,443.0,424.0,1606.0,1618.0,1658.0,455.0,489.0,407.0,421.0,422.0,421.0
1.0,3705.0,1269.0,1264.0,166.0,2454.0,803.0,850.0,801.0,421.0,422.0,421.0,422.0,427.0,420.0,1229.0,1199.0,1277.0,803.0,850.0,801.0,421.0,422.0,421.0
1.0,2602.0,1277.0,1265.0,1351.0,2384.0,773.0,795.0,816.0,421.0,423.0,421.0,425.0,430.0,422.0,881.0,838.0,883.0,773.0,795.0,816.0,421.0,423.0,421.0
1.0,2676.0,1251.0,1265.0,2454.0,1181.0,387.0,363.0,431.0,421.0,423.0,421.0,417.0,418.0,416.0,911.0,897.0,868.0,387.0,363.0,431.0,421.0,423.0,421.0
1.0,3879.0,1270.0,1265.0,2384.0,80.0,39.0,0.0,41.0,421.0,423.0,421.0,425.0,419.0,426.0,1297.0,1329.0,1253.0,39.0,0.0,41.0,421.0,423.0,421.0
1.0,4993.0,1245.0,1264.0,1181.0,127.0,57.0,42.0,28.0,420.0,423.0,421.0,409.0,418.0,418.0,1645.0,1705.0,1643.0,57.0,42.0,28.0,420.0,423.0,421.0
1.0,4929.0,1272.0,1264.0,80.0,1319.0,444.0,466.0,409.0,420.0,423.0,421.0,426.0,424.0,422.0,1623.0,1650.0,1656.0,444.0,466.0,409.0,420.0,423.0,421.0
1.0,3737.0,1244.0,1264.0,127.0,2436.0,807.0,835.0,794.0,420.0,423.0,421.0,420.0,411.0,413.0,1236.0,1226.0,1275.0,807.0,835.0,794.0,420.0,423.0,421.0
1.0,2620.0,1265.0,1265.0,1319.0,2386.0,785.0,792.0,809.0,420.0,423.0,422.0,422.0,423.0,420.0,873.0,857.0,890.0,785.0,792.0,809.0,420.0,423.0,422.0
1.0,2674.0,1256.0,1265.0,2436.0,1206.0,399.0,372.0,435.0,420.0,423.0,422.0,421.0,415.0,420.0,895.0,900.0,879.0,399.0,372.0,435.0,420.0,423.0,422.0
1.0,3854.0,1275.0,1265.0,2386.0,95.0,39.0,8.0,48.0,420.0,423.0,422.0,425.0,428.0,422.0,1281.0,1320.0,1253.0,39.0,8.0,48.0,420.0,423.0,422.0
1.0,4965.0,1250.0,1263.0,1206.0,131.0,59.0,45.0,27.0,420.0,422.0,421.0,419.0,413.0,418.0,1641.0,1684.0,1640.0,59.0,45.0,27.0,420.0,422.0,421.0
1.0,4921.0,1268.0,1263.0,95.0,1304.0,444.0,462.0,398.0,420.0,422.0,421.0,424.0,425.0,419.0,1621.0,1643.0,1657.0,444.0,462.0,398.0,420.0,422.0,421.0
1.0,3748.0,1266.0,1264.0,131.0,2443.0,809.0,846.0,788.0,420.0,423.0,421.0,424.0,425.0,417.0,1236.0,1226.0,1286.0,809.0,846.0,788.0,420.0,423.0,421.0
1.0,2613.0,1282.0,1264.0,1304.0,2421.0,798.0,811.0,812.0,420.0,423.0,421.0,433.0,427.0,422.0,871.0,846.0,896.0,798.0,811.0,812.0,420.0,423.0,421.0
1.0,2635.0,1272.0,1264.0,2443.0,1250.0,424.0,390.0,436.0,420.0,423.0,421.0,435.0,425.0,412.0,882.0,881.0,872.0,424.0,390.0,436.0,420.0,423.0,421.0
1.0,3806.0,1239.0,1263.0,2421.0,81.0,50.0,0.0,31.0,420.0,422.0,421.0,424.0,408.0,407.0,1256.0,1302.0,1248.0,50.0,0.0,31.0,420.0,422.0,421.0
1.0,4988.0,1271.0,1265.0,1250.0,93.0,59.0,17.0,17.0,421.0,423.0,421.0,429.0,420.0,422.0,1630.0,1705.0,1653.0,59.0,17.0,17.0,421.0,423.0,421.0
1.0,4967.0,1228.0,1264.0,81.0,1236.0,427.0,417.0,392.0,421.0,422.0,421.0,418.0,404.0,406.0,1625.0,1675.0,1667.0,427.0,417.0,392.0,421.0,422.0,421.0
1.0,3820.0,1240.0,1264.0,93.0,2383.0,787.0,812.0,784.0,421.0,422.0,421.0,419.0,412.0,409.0,1257.0,1271.0,1292.0,787.0,812.0,784.0,421.0,422.0,421.0
1.0,2673.0,1311.0,1265.0,1236.0,2462.0,805.0,824.0,833.0,421.0,423.0,421.0,445.0,425.0,441.0,897.0,876.0,900.0,805.0,824.0,833.0,421.0,423.0,421.0
1.0,2598.0,1332.0,1267.0,2383.0,1419.0,464.0,465.0,490.0,422.0,423.0,422.0,442.0,453.0,437.0,879.0,868.0,851.0,464.0,465.0,490.0,422.0,423.0,422.0
1.0,3649.0,1265.0,1268.0,2462.0,226.0,87.0,61.0,78.0,422.0,424.0,422.0,428.0,416.0,421.0,1224.0,1227.0,1198.0,87.0,61.0,78.0,422.0,424.0,422.0
1.0,4846.0,1217.0,1267.0,1419.0,36.0,36.0,0.0,0.0,422.0,423.0,422.0,413.0,406.0,398.0,1601.0,1635.0,1610.0,36.0,0.0,0.0,422.0,423.0,422.0
1.0,5048.0,1265.0,1266.0,226.0,1055.0,376.0,362.0,317.0,422.0,423.0,421.0,427.0,425.0,413.0,1652.0,1694.0,1702.0,376.0,362.0,317.0,422.0,423.0,421.0
1.0,4009.0,1289.0,1267.0,36.0,2312.0,776.0,794.0,742.0,423.0,423.0,421.0,432.0,432.0,425.0,1312.0,1330.0,1367.0,776.0,794.0,742.0,423.0,423.0,421.0
1.0,2756.0,1290.0,1268.0,1055.0,2551.0,838.0,856.0,857.0,423.0,423.0,422.0,438.0,424.0,428.0,916.0,898.0,942.0,838.0,856.0,857.0,423.0,423.0,422.0
1.0,2521.0,1301.0,1268.0,2312.0,1540.0,496.0,494.0,550.0,423.0,423.0,422.0,434.0,432.0,435.0,854.0,836.0,831.0,496.0,494.0,550.0,423.0,423.0,422.0
1.0,3532.0,1266.0,1268.0,2551.0,255.0,82.0,64.0,109.0,423.0,423.0,422.0,424.0,426.0,416.0,1196.0,1198.0,1138.0,82.0,64.0,109.0,423.0,423.0,422.0
1.0,4817.0,1305.0,1269.0,1540.0,31.0,19.0,12.0,0.0,423.0,424.0,422.0,433.0,438.0,434.0,1610.0,1628.0,1579.0,19.0,12.0,0.0,423.0,424.0,422.0
1.0,5052.0,1271.0,1270.0,255.0,1044.0,367.0,371.0,306.0,424.0,424.0,422.0,426.0,423.0,422.0,1673.0,1684.0,1695.0,367.0,371.0,306.0,424.0,424.0,422.0
1.0,4036.0,1283.0,1270.0,31.0,2296.0,778.0,791.0,727.0,424.0,424.0,422.0,430.0,432.0,421.0,1329.0,1325.0,1382.0,778.0,791.0,727.0,424.0,424.0,422.0
1.0,2784.0,1326.0,1271.0,1044.0,2582.0,851.0,870.0,861.0,424.0,425.0,422.0,440.0,446.0,440.0,918.0,905.0,961.0,851.0,870.0,861.0,424.0,425.0,422.0
1.0,2502.0,1346.0,1272.0,2296.0,1636.0,532.0,525.0,579.0,425.0,425.0,422.0,455.0,446.0,445.0,845.0,830.0,827.0,532.0,525.0,579.0,425.0,425.0,422.0
1.0,3452.0,1313.0,1273.0,2582.0,371.0,121.0,89.0,161.0,425.0,425.0,423.0,440.0,434.0,439.0,1168.0,1175.0,1109.0,121.0,89.0,161.0,425.0,425.0,423.0
1.0,4721.0,1281.0,1273.0,1636.0,26.0,16.0,0.0,10.0,425.0,425.0,423.0,427.0,426.0,428.0,1579.0,1611.0,1531.0,16.0,0.0,10.0,425.0,425.0,423.0
1.0,5076.0,1274.0,1273.0,371.0,919.0,314.0,327.0,278.0,425.0,425.0,423.0,419.0,426.0,429.0,1684.0,1710.0,1682.0,314.0,327.0,278.0,425.0,425.0,423.0
1.0,4173.0,1279.0,1273.0,26.0,2172.0,721.0,752.0,699.0,425.0,425.0,423.0,423.0,425.0,431.0,1386.0,1373.0,1414.0,721.0,752.0,699.0,425.0,425.0,423.0
1.0,2920.0,1283.0,1273.0,919.0,2536.0,830.0,857.0,849.0,425.0,425.0,423.0,423.0,432.0,428.0,979.0,948.0,993.0,830.0,857.0,849.0,425.0,425.0,423.0
1.0,2556.0,1284.0,1273.0,2172.0,1648.0,541.0,539.0,568.0,425.0,425.0,423.0,432.0,434.0,418.0,870.0,843.0,843.0,541.0,539.0,568.0,425.0,425.0,423.0
1.0,3444.0,1294.0,1274.0,2536.0,410.0,140.0,114.0,156.0,426.0,425.0,423.0,425.0,432.0,437.0,1159.0,1161.0,1124.0,140.0,114.0,156.0,426.0,425.0,423.0
1.0,4686.0,1288.0,1276.0,1648.0,58.0,20.0,15.0,23.0,426.0,426.0,424.0,421.0,436.0,431.0,1564.0,1586.0,1536.0,20.0,15.0,23.0,426.0,426.0,424.0
1.0,5046.0,1263.0,1275.0,410.0,907.0,303.0,325.0,279.0,426.0,426.0,423.0,423.0,424.0,416.0,1684.0,1689.0,1673.0,303.0,325.0,279.0,426.0,426.0,423.0
1.0,4193.0,1300.0,1276.0,58.0,2153.0,710.0,745.0,698.0,426.0,426.0,424.0,427.0,435.0,438.0,1401.0,1379.0,1413.0,710.0,745.0,698.0,426.0,426.0,424.0
1.0,2951.0,1325.0,1276.0,907.0,2571.0,849.0,868.0,854.0,426.0,426.0,424.0,442.0,448.0,435.0,994.0,959.0,998.0,849.0,868.0,854.0,426.0,426.0,424.0
1.0,2533.0,1378.0,1279.0,2153.0,1808.0,601.0,589.0,618.0,427.0,427.0,425.0,458.0,462.0,458.0,855.0,836.0,842.0,601.0,589.0,618.0,427.0,427.0,425.0
1.0,3308.0,1320.0,1280.0,2571.0,561.0,196.0,164.0,201.0,428.0,427.0,425.0,440.0,443.0,437.0,1107.0,1119.0,1082.0,196.0,164.0,201.0,428.0,427.0,425.0
1.0,4559.0,1328.0,1281.0,1808.0,85.0,29.0,23.0,33.0,428.0,428.0,425.0,434.0,444.0,450.0,1516.0,1544.0,1499.0,29.0,23.0,33.0,428.0,428.0,425.0
1.0,5039.0,1315.0,1282.0,561.0,843.0,258.0,302.0,283.0,428.0,428.0,426.0,425.0,443.0,447.0,1683.0,1689.0,1667.0,258.0,302.0,283.0,428.0,428.0,426.0
1.0,4285.0,1263.0,1282.0,85.0,2021.0,636.0,712.0,673.0,428.0,428.0,426.0,407.0,433.0,423.0,1454.0,1410.0,1421.0,636.0,712.0,673.0,428.0,428.0,426.0
1.0,3107.0,1331.0,1283.0,843.0,2513.0,811.0,863.0,839.0,428.0,429.0,426.0,433.0,449.0,449.0,1076.0,1000.0,1031.0,811.0,863.0,839.0,428.0,429.0,426.0
1.0,2619.0,1364.0,1284.0,2021.0,1860.0,619.0,612.0,629.0,428.0,429.0,427.0,444.0,461.0,459.0,901.0,853.0,865.0,619.0,612.0,629.0,428.0,429.0,427.0
1.0,3276.0,1312.0,1285.0,2513.0,663.0,248.0,184.0,231.0,429.0,429.0,427.0,436.0,435.0,441.0,1093.0,1104.0,1079.0,248.0,184.0,231.0,429.0,429.0,427.0
1.0,4477.0,1323.0,1286.0,1860.0,130.0,65.0,7.0,58.0,429.0,429.0,428.0,436.0,435.0,452.0,1468.0,1532.0,1477.0,65.0,7.0,58.0,429.0,429.0,428.0
1.0,5014.0,1316.0,1287.0,663.0,787.0,245.0,273.0,269.0,429.0,430.0,428.0,428.0,446.0,442.0,1651.0,1709.0,1654.0,245.0,273.0,269.0,429.0,430.0,428.0
1.0,4361.0,1343.0,1288.0,130.0,2004.0,618.0,717.0,669.0,429.0,430.0,429.0,438.0,451.0,454.0,1471.0,1447.0,1443.0,618.0,717.0,669.0,429.0,430.0,429.0
1.0,3148.0,1327.0,1290.0,787.0,2552.0,821.0,886.0,845.0,430.0,431.0,429.0,444.0,438.0,445.0,1098.0,1003.0,1047.0,821.0,886.0,845.0,430.0,431.0,429.0
1.0,2608.0,1284.0,1290.0,2004.0,1832.0,628.0,596.0,608.0,430.0,431.0,429.0,425.0,427.0,432.0,899.0,838.0,871.0,628.0,596.0,608.0,430.0,431.0,429.0
1.0,3328.0,1359.0,1291.0,2552.0,643.0,257.0,163.0,223.0,430.0,431.0,430.0,450.0,453.0,456.0,1092.0,1128.0,1108.0,257.0,163.0,223.0,430.0,431.0,430.0
1.0,4521.0,1292.0,1292.0,1832.0,107.0,50.0,1.0,56.0,430.0,432.0,430.0,421.0,430.0,441.0,1463.0,1561.0,1497.0,50.0,1.0,56.0,430.0,432.0,430.0
1.0,5061.0,1348.0,1294.0,643.0,820.0,242.0,285.0,293.0,431.0,432.0,431.0,445.0,447.0,456.0,1670.0,1727.0,1664.0,242.0,285.0,293.0,431.0,432.0,431.0
1.0,4356.0,1332.0,1296.0,107.0,2053.0,637.0,730.0,686.0,431.0,433.0,432.0,445.0,442.0,445.0,1482.0,1443.0,1431.0,637.0,730.0,686.0,431.0,433.0,432.0
1.0,3131.0,1328.0,1297.0,820.0,2565.0,837.0,887.0,841.0,432.0,433.0,432.0,438.0,442.0,448.0,1087.0,1002.0,1042.0,837.0,887.0,841.0,432.0,433.0,432.0
1.0,2623.0,1285.0,1297.0,2053.0,1797.0,620.0,587.0,590.0,432.0,433.0,432.0,420.0,430.0,435.0,891.0,845.0,887.0,620.0,587.0,590.0,432.0,433.0,432.0
1.0,3391.0,1367.0,1299.0,2565.0,607.0,240.0,149.0,218.0,432.0,434.0,433.0,457.0,445.0,465.0,1108.0,1145.0,1138.0,240.0,149.0,218.0,432.0,434.0,433.0
1.0,4589.0,1322.0,1301.0,1797.0,145.0,70.0,0.0,75.0,433.0,434.0,434.0,446.0,433.0,443.0,1488.0,1587.0,1514.0,70.0,0.0,75.0,433.0,434.0,434.0
1.0,5064.0,1295.0,1300.0,607.0,824.0,247.0,282.0,295.0,432.0,434.0,434.0,421.0,436.0,438.0,1662.0,1741.0,1661.0,247.0,282.0,295.0,432.0,434.0,434.0
1.0,4376.0,1342.0,1302.0,145.0,2029.0,632.0,727.0,670.0,433.0,434.0,435.0,451.0,445.0,446.0,1481.0,1454.0,1441.0,632.0,727.0,670.0,433.0,434.0,435.0
1.0,3179.0,1311.0,1304.0,824.0,2524.0,822.0,877.0,825.0,433.0,435.0,436.0,437.0,428.0,446.0,1100.0,1009.0,1070.0,822.0,877.0,825.0,433.0,435.0,436.0
1.0,2692.0,1349.0,1304.0,2029.0,1844.0,639.0,602.0,603.0,433.0,435.0,436.0,449.0,452.0,448.0,910.0,863.0,919.0,639.0,602.0,603.0,433.0,435.0,436.0
1.0,3372.0,1259.0,1305.0,2524.0,583.0,237.0,151.0,195.0,433.0,436.0,436.0,420.0,422.0,417.0,1093.0,1138.0,1141.0,237.0,151.0,195.0,433.0,436.0,436.0
1.0,4637.0,1333.0,1307.0,1844.0,87.0,47.0,0.0,40.0,434.0,436.0,437.0,445.0,444.0,444.0,1495.0,1593.0,1549.0,47.0,0.0,40.0,434.0,436.0,437.0
1.0,5148.0,1343.0,1308.0,583.0,844.0,257.0,292.0,295.0,434.0,437.0,437.0,447.0,446.0,450.0,1689.0,1751.0,1708.0,257.0,292.0,295.0,434.0,437.0,437.0
1.0,4388.0,1316.0,1307.0,87.0,2069.0,656.0,724.0,689.0,434.0,436.0,437.0,446.0,436.0,434.0,1479.0,1456.0,1453.0,656.0,724.0,689.0,434.0,436.0,437.0
1.0,3159.0,1353.0,1310.0,844.0,2590.0,859.0,881.0,850.0,435.0,437.0,438.0,456.0,445.0,452.0,1080.0,1020.0,1059.0,859.0,881.0,850.0,435.0,437.0,438.0
1.0,2650.0,1318.0,1312.0,2069.0,1847.0,642.0,596.0,609.0,435.0,438.0,439.0,439.0,435.0,444.0,881.0,867.0,902.0,642.0,596.0,609.0,435.0,438.0,439.0
1.0,3401.0,1314.0,1312.0,2590.0,571.0,222.0,144.0,205.0,435.0,438.0,439.0,439.0,429.0,446.0,1098.0,1156.0,1147.0,222.0,144.0,205.0,435.0,438.0,439.0
1.0,4677.0,1282.0,1311.0,1847.0,39.0,15.0,0.0,24.0,435.0,437.0,439.0,435.0,419.0,428.0,1518.0,1608.0,1551.0,15.0,0.0,24.0,435.0,437.0,439.0
1.0,5242.0,1345.0,1314.0,571.0,788.0,249.0,268.0,271.0,436.0,438.0,440.0,452.0,445.0,448.0,1725.0,1785.0,1732.0,249.0,268.0,271.0,436.0,438.0,440.0
1.0,4468.0,1277.0,1314.0,39.0,2026.0,665.0,687.0,674.0,436.0,438.0,440.0,431.0,419.0,427.0,1495.0,1484.0,1489.0,665.0,687.0,674.0,436.0,438.0,440.0
1.0,3230.0,1286.0,1314.0,788.0,2524.0,847.0,845.0,832.0,436.0,438.0,440.0,431.0,426.0,429.0,1079.0,1065.0,1086.0,847.0,845.0,832.0,436.0,438.0,440.0
1.0,2732.0,1355.0,1314.0,2026.0,1853.0,642.0,599.0,612.0,436.0,438.0,440.0,460.0,441.0,454.0,897.0,907.0,928.0,642.0,599.0,612.0,436.0,438.0,440.0
1.0,3403.0,1302.0,1315.0,2524.0,635.0,248.0,187.0,200.0,437.0,438.0,440.0,449.0,433.0,420.0,1102.0,1153.0,1148.0,248.0,187.0,200.0,437.0,438.0,440.0
1.0,4625.0,1307.0,1315.0,1853.0,89.0,51.0,14.0,24.0,437.0,438.0,440.0,445.0,426.0,436.0,1500.0,1565.0,1560.0,51.0,14.0,24.0,437.0,438.0,440.0
1.0,5171.0,1350.0,1316.0,635.0,808.0,264.0,263.0,281.0,437.0,438.0,441.0,461.0,436.0,453.0,1697.0,1738.0,1736.0,264.0,263.0,281.0,437.0,438.0,441.0
1.0,4456.0,1319.0,1314.0,89.0,2030.0,659.0,686.0,685.0,437.0,437.0,440.0,446.0,441.0,432.0,1484.0,1489.0,1483.0,659.0,686.0,685.0,437.0,437.0,440.0
1.0,3226.0,1286.0,1314.0,808.0,2508.0,829.0,847.0,832.0,437.0,437.0,440.0,434.0,424.0,428.0,1089.0,1062.0,1075.0,829.0,847.0,832.0,437.0,437.0,440.0
1.0,2748.0,1324.0,1315.0,2030.0,1806.0,627.0,595.0,584.0,438.0,437.0,440.0,453.0,434.0,437.0,919.0,901.0,928.0,627.0,595.0,584.0,438.0,437.0,440.0
1.0,3454.0,1276.0,1315.0,2508.0,574.0,228.0,171.0,175.0,438.0,437.0,440.0,430.0,423.0,423.0,1125.0,1153.0,1176.0,228.0,171.0,175.0,438.0,437.0,440.0
1.0,4686.0,1357.0,1317.0,1806.0,133.0,62.0,27.0,44.0,438.0,438.0,441.0,461.0,447.0,449.0,1524.0,1577.0,1585.0,62.0,27.0,44.0,438.0,438.0,441.0
1.0,5135.0,1279.0,1317.0,574.0,838.0,275.0,280.0,283.0,439.0,438.0,440.0,437.0,424.0,418.0,1690.0,1725.0,1720.0,275.0,280.0,283.0,439.0,438.0,440.0
1.0,4430.0,1365.0,1318.0,133.0,2074.0,667.0,706.0,701.0,439.0,438.0,441.0,454.0,453.0,458.0,1481.0,1472.0,1477.0,667.0,706.0,701.0,439.0,438.0,441.0
1.0,3198.0,1310.0,1318.0,838.0,2546.0,833.0,863.0,850.0,439.0,438.0,441.0,441.0,437.0,432.0,1089.0,1046.0,1063.0,833.0,863.0,850.0,439.0,438.0,441.0
1.0,2726.0,1308.0,1319.0,2074.0,1784.0,604.0,596.0,584.0,440.0,438.0,441.0,434.0,439.0,435.0,923.0,889.0,914.0,604.0,596.0,584.0,440.0,438.0,441.0
1.0,3492.0,1345.0,1321.0,2546.0,591.0,215.0,191.0,185.0,440.0,439.0,442.0,444.0,454.0,447.0,1156.0,1156.0,1180.0,215.0,191.0,185.0,440.0,439.0,442.0
1.0,4693.0,1315.0,1321.0,1784.0,122.0,54.0,32.0,36.0,440.0,439.0,442.0,443.0,437.0,435.0,1545.0,1565.0,1583.0,54.0,32.0,36.0,440.0,439.0,442.0
1.0,5162.0,1317.0,1321.0,591.0,848.0,271.0,288.0,289.0,440.0,439.0,442.0,432.0,447.0,438.0,1706.0,1724.0,1732.0,271.0,288.0,289.0,440.0,439.0,442.0
1.0,4436.0,1308.0,1319.0,122.0,2026.0,647.0,698.0,681.0,440.0,438.0,441.0,430.0,446.0,432.0,1489.0,1468.0,1479.0,647.0,698.0,681.0,440.0,438.0,441.0
1.0,3250.0,1317.0,1320.0,848.0,2499.0,810.0,864.0,825.0,440.0,439.0,441.0,434.0,450.0,433.0,1113.0,1054.0,1083.0,810.0,864.0,825.0,440.0,439.0,441.0
1.0,2781.0,1334.0,1320.0,2026.0,1807.0,609.0,612.0,586.0,440.0,439.0,441.0,446.0,446.0,442.0,950.0,892.0,939.0,609.0,612.0,586.0,440.0,439.0,441.0
1.0,3473.0,1308.0,1320.0,2499.0,616.0,233.0,191.0,192.0,440.0,439.0,441.0,434.0,443.0,431.0,1151.0,1144.0,1178.0,233.0,191.0,192.0,440.0,439.0,441.0
1.0,4664.0,1340.0,1321.0,1807.0,153.0,68.0,35.0,50.0,441.0,439.0,441.0,440.0,456.0,444.0,1527.0,1565.0,1572.0,68.0,35.0,50.0,441.0,439.0,441.0
1.0,5131.0,1282.0,1320.0,616.0,815.0,254.0,279.0,282.0,440.0,439.0,441.0,423.0,435.0,424.0,1696.0,1721.0,1714.0,254.0,279.0,282.0,440.0,439.0,441.0
1.0,4465.0,1349.0,1319.0,153.0,2007.0,632.0,696.0,679.0,440.0,439.0,440.0,446.0,452.0,451.0,1506.0,1477.0,1482.0,632.0,696.0,679.0,440.0,439.0,440.0
1.0,3269.0,1370.0,1321.0,815.0,2570.0,841.0,871.0,858.0,441.0,439.0,441.0,459.0,454.0,457.0,1128.0,1060.0,1081.0,841.0,871.0,858.0,441.0,439.0,441.0
1.0,2714.0,1316.0,1321.0,2007.0,1879.0,642.0,617.0,620.0,441.0,439.0,441.0,433.0,442.0,441.0,923.0,885.0,906.0,642.0,617.0,620.0,441.0,439.0,441.0
1.0,3405.0,1357.0,1321.0,2570.0,666.0,251.0,197.0,218.0,441.0,439.0,441.0,450.0,451.0,456.0,1122.0,1139.0,1144.0,251.0,197.0,218.0,441.0,439.0,441.0
1.0,4618.0,1339.0,1321.0,1879.0,126.0,53.0,31.0,42.0,441.0,439.0,441.0,444.0,451.0,444.0,1513.0,1559.0,1546.0,53.0,31.0,42.0,441.0,439.0,441.0
1.0,5158.0,1334.0,1321.0,666.0,794.0,235.0,284.0,275.0,441.0,439.0,441.0,433.0,450.0,451.0,1711.0,1725.0,1722.0,235.0,284.0,275.0,441.0,439.0,441.0
1.0,4490.0,1334.0,1322.0,126.0,2006.0,620.0,713.0,673.0,441.0,440.0,441.0,438.0,456.0,440.0,1529.0,1472.0,1489.0,620.0,713.0,673.0,441.0,440.0,441.0
1.0,3282.0,1331.0,1322.0,794.0,2543.0,822.0,876.0,845.0,441.0,440.0,441.0,437.0,447.0,447.0,1144.0,1047.0,1091.0,822.0,876.0,845.0,441.0,440.0,441.0
1.0,2745.0,1369.0,1323.0,2006.0,1910.0,659.0,615.0,636.0,442.0,440.0,441.0,453.0,452.0,464.0,942.0,884.0,919.0,659.0,615.0,636.0,442.0,440.0,441.0
1.0,3382.0,1366.0,1324.0,2543.0,737.0,280.0,208.0,249.0,442.0,441.0,441.0,443.0,465.0,458.0,1109.0,1145.0,1128.0,280.0,208.0,249.0,442.0,441.0,441.0
1.0,4559.0,1322.0,1324.0,1910.0,149.0,57.0,31.0,61.0,442.0,441.0,441.0,436.0,438.0,448.0,1488.0,1556.0,1515.0,57.0,31.0,61.0,442.0,441.0,441.0
1.0,5147.0,1342.0,1324.0,737.0,754.0,214.0,274.0,266.0,442.0,441.0,441.0,437.0,451.0,454.0,1711.0,1733.0,1703.0,214.0,274.0,266.0,442.0,441.0,441.0
1.0,4542.0,1351.0,1325.0,149.0,1960.0,610.0,687.0,663.0,442.0,441.0,442.0,453.0,444.0,454.0,1554.0,1490.0,1498.0,610.0,687.0,663.0,442.0,441.0,442.0
1.0,3340.0,1312.0,1324.0,754.0,2514.0,823.0,860.0,831.0,442.0,441.0,441.0,427.0,447.0,438.0,1158.0,1077.0,1105.0,823.0,860.0,831.0,442.0,441.0,441.0
1.0,2782.0,1342.0,1324.0,1960.0,1896.0,659.0,630.0,607.0,442.0,441.0,441.0,446.0,457.0,439.0,945.0,904.0,933.0,659.0,630.0,607.0,442.0,441.0,441.0
1.0,3400.0,1312.0,1325.0,2514.0,698.0,267.0,212.0,219.0,442.0,442.0,441.0,431.0,438.0,443.0,1109.0,1134.0,1157.0,267.0,212.0,219.0,442.0,442.0,441.0
1.0,4602.0,1322.0,1324.0,1896.0,120.0,31.0,28.0,61.0,441.0,442.0,441.0,427.0,446.0,449.0,1501.0,1556.0,1545.0,31.0,28.0,61.0,441.0,442.0,441.0
1.0,5176.0,1341.0,1324.0,698.0,763.0,198.0,269.0,296.0,441.0,442.0,441.0,434.0,453.0,454.0,1733.0,1740.0,1703.0,198.0,269.0,296.0,441.0,442.0,441.0
1.0,4533.0,1343.0,1325.0,120.0,1990.0,605.0,692.0,693.0,441.0,442.0,442.0,438.0,451.0,454.0,1566.0,1499.0,1468.0,605.0,692.0,693.0,441.0,442.0,442.0
1.0,3310.0,1334.0,1325.0,763.0,2561.0,844.0,867.0,850.0,441.0,442.0,442.0,437.0,444.0,453.0,1159.0,1076.0,1075.0,844.0,867.0,850.0,441.0,442.0,442.0
1.0,2739.0,1350.0,1327.0,1990.0,1929.0,695.0,632.0,602.0,442.0,443.0,442.0,452.0,453.0,445.0,920.0,901.0,918.0,695.0,632.0,602.0,442.0,443.0,442.0
1.0,3379.0,1377.0,1328.0,2561.0,749.0,314.0,217.0,218.0,442.0,443.0,443.0,463.0,452.0,462.0,1073.0,1140.0,1166.0,314.0,217.0,218.0,442.0,443.0,443.0
1.0,4563.0,1360.0,1328.0,1929.0,180.0,75.0,33.0,72.0,442.0,443.0,443.0,456.0,448.0,456.0,1454.0,1555.0,1554.0,75.0,33.0,72.0,442.0,443.0,443.0
1.0,5132.0,1390.0,1328.0,749.0,821.0,216.0,280.0,325.0,442.0,443.0,443.0,455.0,464.0,471.0,1693.0,1739.0,1700.0,216.0,280.0,325.0,442.0,443.0,443.0
1.0,4491.0,1306.0,1328.0,180.0,1947.0,576.0,678.0,693.0,442.0,443.0,443.0,435.0,431.0,440.0,1552.0,1492.0,1447.0,576.0,678.0,693.0,442.0,443.0,443.0
1.0,3365.0,1362.0,1330.0,821.0,2496.0,810.0,851.0,835.0,442.0,444.0,444.0,450.0,449.0,463.0,1192.0,1094.0,1079.0,810.0,851.0,835.0,442.0,444.0,444.0
1.0,2824.0,1357.0,1331.0,1947.0,1910.0,693.0,622.0,595.0,443.0,444.0,444.0,455.0,449.0,453.0,958.0,925.0,941.0,693.0,622.0,595.0,443.0,444.0,444.0
1.0,3414.0,1324.0,1330.0,2496.0,734.0,320.0,204.0,210.0,442.0,444.0,444.0,441.0,433.0,450.0,1079.0,1154.0,1181.0,320.0,204.0,210.0,442.0,444.0,444.0
1.0,4586.0,1333.0,1331.0,1910.0,161.0,81.0,23.0,57.0,443.0,444.0,444.0,450.0,441.0,442.0,1448.0,1572.0,1566.0,81.0,23.0,57.0,443.0,444.0,444.0
1.0,5163.0,1371.0,1333.0,734.0,806.0,225.0,266.0,315.0,443.0,445.0,445.0,464.0,443.0,464.0,1691.0,1753.0,1719.0,225.0,266.0,315.0,443.0,445.0,445.0
1.0,4526.0,1361.0,1333.0,161.0,2006.0,595.0,697.0,714.0,443.0,445.0,445.0,451.0,454.0,456.0,1547.0,1514.0,1465.0,595.0,697.0,714.0,443.0,445.0,445.0
1.0,3326.0,1330.0,1334.0,806.0,2534.0,811.0,870.0,853.0,443.0,445.0,446.0,441.0,439.0,450.0,1177.0,1083.0,1066.0,811.0,870.0,853.0,443.0,445.0,446.0
1.0,2802.0,1368.0,1335.0,2006.0,1900.0,678.0,628.0,594.0,443.0,446.0,446.0,462.0,451.0,455.0,961.0,910.0,931.0,678.0,628.0,594.0,443.0,446.0,446.0
1.0,3440.0,1355.0,1335.0,2534.0,721.0,311.0,213.0,197.0,443.0,446.0,446.0,444.0,455.0,456.0,1094.0,1156.0,1190.0,311.0,213.0,197.0,443.0,446.0,446.0
1.0,4619.0,1312.0,1335.0,1900.0,133.0,75.0,9.0,49.0,443.0,446.0,446.0,442.0,424.0,446.0,1461.0,1571.0,1587.0,75.0,9.0,49.0,443.0,446.0,446.0
1.0,5207.0,1312.0,1336.0,721.0,728.0,205.0,227.0,296.0,443.0,446.0,447.0,441.0,431.0,440.0,1697.0,1775.0,1735.0,205.0,227.0,296.0,443.0,446.0,447.0
1.0,4616.0,1349.0,1336.0,133.0,1944.0,585.0,663.0,696.0,443.0,446.0,447.0,455.0,445.0,449.0,1567.0,1557.0,1492.0,585.0,663.0,696.0,443.0,446.0,447.0
1.0,3400.0,1406.0,1339.0,728.0,2634.0,861.0,908.0,865.0,444.0,447.0,448.0,477.0,468.0,461.0,1187.0,1121.0,1092.0,861.0,908.0,865.0,444.0,447.0,448.0
1.0,2722.0,1375.0,1339.0,1944.0,2065.0,737.0,704.0,624.0,444.0,447.0,448.0,461.0,459.0,455.0,915.0,880.0,927.0,737.0,704.0,624.0,444.0,447.0,448.0
1.0,3291.0,1375.0,1340.0,2634.0,810.0,348.0,243.0,219.0,445.0,447.0,448.0,468.0,447.0,460.0,1039.0,1084.0,1168.0,348.0,243.0,219.0,445.0,447.0,448.0
1.0,4550.0,1372.0,1341.0,2065.0,121.0,71.0,0.0,50.0,445.0,448.0,448.0,460.0,457.0,455.0,1432.0,1545.0,1573.0,71.0,0.0,50.0,445.0,448.0,448.0
1.0,5243.0,1377.0,1342.0,810.0,692.0,197.0,202.0,293.0,445.0,448.0,449.0,474.0,445.0,458.0,1709.0,1792.0,1742.0,197.0,202.0,293.0,445.0,448.0,449.0
1.0,4676.0,1355.0,1343.0,121.0,1930.0,588.0,644.0,698.0,446.0,448.0,449.0,458.0,442.0,455.0,1583.0,1590.0,1503.0,588.0,644.0,698.0,446.0,448.0,449.0
1.0,3442.0,1305.0,1342.0,692.0,2539.0,833.0,862.0,844.0,446.0,447.0,449.0,442.0,424.0,439.0,1196.0,1148.0,1098.0,833.0,862.0,844.0,446.0,447.0,449.0
1.0,2829.0,1334.0,1342.0,1930.0,1943.0,697.0,652.0,594.0,446.0,447.0,449.0,452.0,434.0,448.0,951.0,926.0,952.0,697.0,652.0,594.0,446.0,447.0,449.0
1.0,3425.0,1342.0,1343.0,2539.0,750.0,311.0,239.0,200.0,446.0,447.0,450.0,447.0,449.0,446.0,1087.0,1136.0,1202.0,311.0,239.0,200.0,446.0,447.0,450.0
1.0,4622.0,1323.0,1343.0,1943.0,130.0,51.0,26.0,53.0,446.0,447.0,450.0,437.0,439.0,447.0,1473.0,1549.0,1600.0,51.0,26.0,53.0,446.0,447.0,450.0
1.0,5242.0,1412.0,1345.0,750.0,800.0,221.0,248.0,331.0,447.0,447.0,451.0,477.0,461.0,474.0,1733.0,1762.0,1747.0,221.0,248.0,331.0,447.0,447.0,451.0
1.0,4580.0,1347.0,1345.0,130.0,2017.0,623.0,664.0,730.0,447.0,447.0,451.0,453.0,442.0,452.0,1567.0,1540.0,1473.0,623.0,664.0,730.0,447.0,447.0,451.0
1.0,3363.0,1415.0,1348.0,800.0,2644.0,883.0,881.0,880.0,448.0,448.0,452.0,477.0,461.0,477.0,1165.0,1124.0,1074.0,883.0,881.0,880.0,448.0,448.0,452.0
1.0,2748.0,1350.0,1347.0,2017.0,1973.0,714.0,656.0,603.0,448.0,447.0,452.0,454.0,443.0,453.0,909.0,911.0,928.0,714.0,656.0,603.0,448.0,447.0,452.0
1.0,3415.0,1386.0,1350.0,2644.0,727.0,305.0,233.0,189.0,449.0,448.0,453.0,470.0,454.0,462.0,1078.0,1132.0,1205.0,305.0,233.0,189.0,449.0,448.0,453.0
1.0,4673.0,1366.0,1351.0,1973.0,124.0,56.0,34.0,34.0,450.0,448.0,453.0,461.0,457.0,448.0,1491.0,1559.0,1623.0,56.0,34.0,34.0,450.0,448.0,453.0
1.0,5280.0,1365.0,1350.0,727.0,758.0,204.0,260.0,294.0,450.0,448.0,452.0,453.0,459.0,453.0,1744.0,1758.0,1778.0,204.0,260.0,294.0,450.0,448.0,452.0
1.0,4642.0,1370.0,1351.0,124.0,2008.0,602.0,684.0,722.0,450.0,448.0,453.0,454.0,458.0,458.0,1596.0,1532.0,1514.0,602.0,684.0,722.0,450.0,448.0,453.0
1.0,3396.0,1322.0,1351.0,758.0,2572.0,837.0,861.0,874.0,450.0,448.0,453.0,439.0,437.0,446.0,1198.0,1108.0,1090.0,837.0,861.0,874.0,450.0,448.0,453.0
1.0,2832.0,1360.0,1351.0,2008.0,1924.0,695.0,631.0,598.0,450.0,448.0,453.0,460.0,454.0,446.0,963.0,931.0,938.0,695.0,631.0,598.0,450.0,448.0,453.0
1.0,3480.0,1370.0,1351.0,2572.0,722.0,314.0,237.0,171.0,450.0,448.0,453.0,456.0,467.0,447.0,1105.0,1161.0,1214.0,314.0,237.0,171.0,450.0,448.0,453.0
1.0,4682.0,1387.0,1352.0,1924.0,189.0,80.0,76.0,33.0,451.0,448.0,453.0,457.0,470.0,460.0,1486.0,1555.0,1641.0,80.0,76.0,33.0,451.0,448.0,453.0
1.0,5219.0,1388.0,1353.0,722.0,859.0,224.0,311.0,324.0,451.0,449.0,453.0,458.0,468.0,462.0,1724.0,1716.0,1779.0,224.0,311.0,324.0,451.0,449.0,453.0
1.0,4553.0,1400.0,1354.0,189.0,2074.0,619.0,699.0,756.0,452.0,449.0,453.0,471.0,464.0,465.0,1580.0,1485.0,1488.0,619.0,699.0,756.0,452.0,449.0,453.0
1.0,3342.0,1354.0,1354.0,859.0,2569.0,846.0,855.0,868.0,452.0,449.0,453.0,451.0,467.0,436.0,1189.0,1097.0,1056.0,846.0,855.0,868.0,452.0,449.0,453.0
1.0,2847.0,1376.0,1355.0,2074.0,1875.0,680.0,626.0,569.0,452.0,450.0,453.0,453.0,466.0,457.0,962.0,941.0,944.0,680.0,626.0,569.0,452.0,450.0,453.0
1.0,3545.0,1410.0,1355.0,2569.0,716.0,293.0,256.0,167.0,452.0,450.0,453.0,459.0,485.0,466.0,1128.0,1174.0,1243.0,293.0,256.0,167.0,452.0,450.0,453.0
1.0,4704.0,1402.0,1357.0,1875.0,251.0,81.0,109.0,61.0,453.0,451.0,453.0,464.0,475.0,463.0,1515.0,1544.0,1645.0,81.0,109.0,61.0,453.0,451.0,453.0
1.0,5177.0,1397.0,1359.0,716.0,940.0,253.0,333.0,354.0,453.0,452.0,454.0,465.0,476.0,456.0,1731.0,1695.0,1751.0,253.0,333.0,354.0,453.0,452.0,454.0
1.0,4496.0,1354.0,1359.0,251.0,2043.0,615.0,684.0,744.0,453.0,452.0,454.0,443.0,460.0,451.0,1559.0,1475.0,1462.0,615.0,684.0,744.0,453.0,452.0,454.0
1.0,3393.0,1365.0,1360.0,940.0,2472.0,811.0,817.0,844.0,454.0,452.0,454.0,445.0,466.0,454.0,1197.0,1124.0,1072.0,811.0,817.0,844.0,454.0,452.0,454.0
1.0,2968.0,1409.0,1361.0,2043.0,1842.0,660.0,619.0,563.0,454.0,453.0,454.0,464.0,482.0,463.0,1005.0,991.0,972.0,660.0,619.0,563.0,454.0,453.0,454.0
1.0,3602.0,1378.0,1362.0,2472.0,752.0,305.0,275.0,172.0,455.0,453.0,454.0,452.0,473.0,453.0,1156.0,1193.0,1253.0,305.0,275.0,172.0,455.0,453.0,454.0
1.0,4696.0,1401.0,1364.0,1842.0,319.0,110.0,130.0,79.0,455.0,454.0,455.0,465.0,470.0,466.0,1515.0,1537.0,1644.0,110.0,130.0,79.0,455.0,454.0,455.0
1.0,5137.0,1390.0,1365.0,752.0,961.0,266.0,326.0,369.0,456.0,454.0,455.0,457.0,471.0,462.0,1710.0,1686.0,1741.0,266.0,326.0,369.0,456.0,454.0,455.0
1.0,4499.0,1395.0,1365.0,319.0,2037.0,619.0,666.0,752.0,456.0,454.0,455.0,463.0,470.0,462.0,1558.0,1490.0,1451.0,619.0,666.0,752.0,456.0,454.0,455.0
1.0,3423.0,1365.0,1365.0,961.0,2441.0,812.0,794.0,835.0,456.0,454.0,455.0,459.0,454.0,452.0,1205.0,1150.0,1068.0,812.0,794.0,835.0,456.0,454.0,455.0
1.0,3019.0,1384.0,1366.0,2037.0,1792.0,655.0,594.0,543.0,456.0,455.0,455.0,462.0,462.0,460.0,1012.0,1022.0,985.0,655.0,594.0,543.0,456.0,455.0,455.0
1.0,3672.0,1347.0,1366.0,2441.0,698.0,292.0,255.0,151.0,456.0,455.0,455.0,449.0,455.0,443.0,1169.0,1226.0,1277.0,292.0,255.0,151.0,456.0,455.0,455.0
1.0,4766.0,1368.0,1366.0,1792.0,274.0,84.0,124.0,66.0,456.0,455.0,455.0,447.0,463.0,458.0,1532.0,1565.0,1669.0,84.0,124.0,66.0,456.0,455.0,455.0
1.0,5190.0,1363.0,1366.0,698.0,939.0,244.0,332.0,363.0,456.0,455.0,455.0,452.0,463.0,448.0,1740.0,1696.0,1754.0,244.0,332.0,363.0,456.0,455.0,455.0
1.0,4525.0,1392.0,1367.0,274.0,2061.0,616.0,680.0,765.0,456.0,456.0,455.0,456.0,468.0,468.0,1580.0,1488.0,1457.0,616.0,680.0,765.0,456.0,456.0,455.0
1.0,3407.0,1405.0,1368.0,939.0,2531.0,849.0,818.0,864.0,457.0,456.0,455.0,473.0,470.0,462.0,1208.0,1144.0,1055.0,849.0,818.0,864.0,457.0,456.0,455.0
1.0,2941.0,1329.0,1368.0,2061.0,1799.0,672.0,585.0,542.0,456.0,457.0,455.0,443.0,443.0,443.0,979.0,1006.0,956.0,672.0,585.0,542.0,456.0,457.0,455.0
1.0,3673.0,1356.0,1368.0,2531.0,624.0,274.0,218.0,132.0,456.0,457.0,455.0,451.0,451.0,454.0,1152.0,1243.0,1278.0,274.0,218.0,132.0,456.0,457.0,455.0
1.0,4848.0,1371.0,1368.0,1799.0,196.0,59.0,86.0,51.0,456.0,457.0,455.0,457.0,453.0,461.0,1550.0,1610.0,1688.0,59.0,86.0,51.0,456.0,457.0,455.0
1.0,5276.0,1394.0,1369.0,624.0,970.0,250.0,339.0,381.0,457.0,457.0,455.0,461.0,471.0,462.0,1765.0,1742.0,1769.0,250.0,339.0,381.0,457.0,457.0,455.0
1.0,4506.0,1422.0,1371.0,196.0,2204.0,664.0,732.0,808.0,457.0,458.0,456.0,473.0,475.0,474.0,1578.0,1489.0,1439.0,664.0,732.0,808.0,457.0,458.0,456.0
1.0,3280.0,1366.0,1371.0,970.0,2600.0,866.0,851.0,883.0,457.0,458.0,456.0,452.0,458.0,456.0,1164.0,1100.0,1016.0,866.0,851.0,883.0,457.0,458.0,456.0
1.0,2884.0,1396.0,1373.0,2204.0,1800.0,674.0,585.0,541.0,458.0,459.0,456.0,468.0,462.0,466.0,962.0,981.0,941.0,674.0,585.0,541.0,458.0,459.0,456.0
1.0,3692.0,1340.0,1373.0,2600.0,540.0,244.0,186.0,110.0,458.0,459.0,456.0,436.0,452.0,452.0,1158.0,1251.0,1283.0,244.0,186.0,110.0,458.0,459.0,456.0
1.0,4952.0,1381.0,1374.0,1800.0,125.0,32.0,55.0,38.0,458.0,459.0,457.0,462.0,454.0,465.0,1588.0,1650.0,1714.0,32.0,55.0,38.0,458.0,459.0,457.0
1.0,5371.0,1363.0,1372.0,540.0,940.0,242.0,325.0,373.0,457.0,459.0,456.0,458.0,456.0,449.0,1800.0,1781.0,1790.0,242.0,325.0,373.0,457.0,459.0,456.0
1.0,4548.0,1362.0,1372.0,125.0,2177.0,672.0,717.0,788.0,457.0,459.0,456.0,462.0,447.0,453.0,1586.0,1511.0,1451.0,672.0,717.0,788.0,457.0,459.0,456.0
1.0,3311.0,1385.0,1372.0,940.0,2622.0,893.0,847.0,882.0,457.0,459.0,456.0,463.0,455.0,467.0,1156.0,1119.0,1036.0,893.0,847.0,882.0,457.0,459.0,456.0
1.0,2866.0,1352.0,1372.0,2177.0,1797.0,676.0,581.0,540.0,457.0,459.0,456.0,455.0,451.0,446.0,935.0,989.0,942.0,676.0,581.0,540.0,457.0,459.0,456.0
1.0,3691.0,1419.0,1373.0,2622.0,598.0,260.0,200.0,138.0,457.0,459.0,457.0,477.0,466.0,476.0,1152.0,1255.0,1284.0,260.0,200.0,138.0,457.0,459.0,457.0
1.0,4894.0,1415.0,1375.0,1797.0,224.0,69.0,90.0,65.0,458.0,460.0,457.0,481.0,467.0,467.0,1568.0,1636.0,1690.0,69.0,90.0,65.0,458.0,460.0,457.0
1.0,5276.0,1378.0,1375.0,598.0,1004.0,272.0,352.0,380.0,458.0,460.0,457.0,463.0,462.0,453.0,1763.0,1750.0,1763.0,272.0,352.0,380.0,458.0,460.0,457.0
1.0,4496.0,1381.0,1376.0,224.0,2165.0,666.0,718.0,781.0,458.0,461.0,457.0,463.0,452.0,466.0,1560.0,1488.0,1448.0,666.0,718.0,781.0,458.0,461.0,457.0
1.0,3339.0,1399.0,1378.0,1004.0,2568.0,865.0,832.0,871.0,459.0,461.0,458.0,467.0,466.0,466.0,1166.0,1126.0,1047.0,865.0,832.0,871.0,459.0,461.0,458.0
1.0,2944.0,1441.0,1380.0,2165.0,1852.0,675.0,588.0,589.0,459.0,462.0,459.0,476.0,470.0,495.0,971.0,1012.0,961.0,675.0,588.0,589.0,459.0,462.0,459.0
1.0,3668.0,1431.0,1380.0,2568.0,715.0,293.0,225.0,197.0,459.0,462.0,459.0,483.0,469.0,479.0,1161.0,1260.0,1247.0,293.0,225.0,197.0,459.0,462.0,459.0
1.0,4805.0,1382.0,1381.0,1852.0,249.0,79.0,93.0,77.0,460.0,462.0,459.0,457.0,456.0,469.0,1543.0,1623.0,1639.0,79.0,93.0,77.0,460.0,462.0,459.0
1.0,5275.0,1410.0,1380.0,715.0,940.0,248.0,335.0,357.0,459.0,462.0,459.0,466.0,467.0,477.0,1761.0,1755.0,1759.0,248.0,335.0,357.0,459.0,462.0,459.0
1.0,4580.0,1442.0,1383.0,249.0,2145.0,659.0,717.0,769.0,460.0,463.0,460.0,486.0,471.0,485.0,1588.0,1513.0,1479.0,659.0,717.0,769.0,460.0,463.0,460.0
1.0,3387.0,1438.0,1383.0,940.0,2643.0,884.0,869.0,890.0,460.0,463.0,460.0,473.0,487.0,478.0,1181.0,1135.0,1071.0,884.0,869.0,890.0,460.0,463.0,460.0
1.0,2889.0,1409.0,1384.0,2145.0,1911.0,694.0,618.0,599.0,460.0,463.0,461.0,469.0,466.0,474.0,956.0,983.0,950.0,694.0,618.0,599.0,460.0,463.0,461.0
1.0,3625.0,1410.0,1386.0,2643.0,686.0,287.0,218.0,181.0,461.0,464.0,461.0,473.0,465.0,472.0,1146.0,1234.0,1245.0,287.0,218.0,181.0,461.0,464.0,461.0
1.0,4858.0,1437.0,1386.0,1911.0,212.0,74.0,70.0,68.0,461.0,464.0,461.0,481.0,470.0,486.0,1557.0,1638.0,1663.0,74.0,70.0,68.0,461.0,464.0,461.0
1.0,5332.0,1390.0,1388.0,686.0,924.0,253.0,311.0,360.0,462.0,464.0,462.0,462.0,459.0,469.0,1770.0,1786.0,1776.0,253.0,311.0,360.0,462.0,464.0,462.0
1.0,4628.0,1381.0,1388.0,212.0,2093.0,638.0,698.0,757.0,462.0,464.0,462.0,459.0,457.0,465.0,1595.0,1545.0,1488.0,638.0,698.0,757.0,462.0,464.0,462.0
1.0,3459.0,1390.0,1389.0,924.0,2563.0,856.0,838.0,869.0,462.0,464.0,463.0,471.0,451.0,468.0,1210.0,1158.0,1091.0,856.0,838.0,869.0,462.0,464.0,463.0
1.0,2993.0,1400.0,1389.0,2093.0,1870.0,681.0,589.0,600.0,462.0,464.0,463.0,463.0,449.0,488.0,992.0,1018.0,983.0,681.0,589.0,600.0,462.0,464.0,463.0
1.0,3686.0,1372.0,1388.0,2563.0,675.0,278.0,199.0,198.0,462.0,463.0,463.0,453.0,452.0,467.0,1167.0,1267.0,1252.0,278.0,199.0,198.0,462.0,463.0,463.0
1.0,4877.0,1436.0,1390.0,1870.0,249.0,69.0,101.0,79.0,462.0,464.0,464.0,472.0,487.0,477.0,1570.0,1653.0,1654.0,69.0,101.0,79.0,462.0,464.0,464.0
1.0,5311.0,1412.0,1390.0,675.0,986.0,261.0,368.0,357.0,462.0,464.0,464.0,470.0,466.0,476.0,1779.0,1755.0,1777.0,261.0,368.0,357.0,462.0,464.0,464.0
1.0,4574.0,1423.0,1391.0,249.0,2164.0,659.0,743.0,762.0,462.0,464.0,465.0,467.0,476.0,480.0,1587.0,1488.0,1499.0,659.0,743.0,762.0,462.0,464.0,465.0
1.0,3400.0,1411.0,1392.0,986.0,2593.0,874.0,841.0,878.0,463.0,464.0,465.0,472.0,466.0,473.0,1189.0,1113.0,1098.0,874.0,841.0,878.0,463.0,464.0,465.0
1.0,2975.0,1416.0,1392.0,2164.0,1845.0,682.0,578.0,585.0,463.0,464.0,465.0,467.0,480.0,469.0,978.0,1015.0,982.0,682.0,578.0,585.0,463.0,464.0,465.0
1.0,3723.0,1364.0,1391.0,2593.0,612.0,266.0,177.0,169.0,463.0,463.0,465.0,458.0,444.0,462.0,1170.0,1278.0,1275.0,266.0,177.0,169.0,463.0,463.0,465.0
1.0,4952.0,1446.0,1392.0,1845.0,217.0,64.0,76.0,77.0,463.0,463.0,466.0,480.0,477.0,489.0,1586.0,1675.0,1691.0,64.0,76.0,77.0,463.0,463.0,466.0
1.0,5351.0,1400.0,1393.0,612.0,1009.0,262.0,366.0,381.0,464.0,463.0,466.0,460.0,467.0,473.0,1788.0,1776.0,1787.0,262.0,366.0,381.0,464.0,463.0,466.0
1.0,4563.0,1358.0,1392.0,217.0,2146.0,645.0,741.0,760.0,463.0,463.0,466.0,451.0,451.0,456.0,1594.0,1486.0,1483.0,645.0,741.0,760.0,463.0,463.0,466.0
1.0,3422.0,1422.0,1394.0,1009.0,2567.0,857.0,848.0,862.0,464.0,463.0,467.0,470.0,473.0,479.0,1207.0,1111.0,1104.0,857.0,848.0,862.0,464.0,463.0,467.0
1.0,3009.0,1383.0,1393.0,2146.0,1800.0,672.0,570.0,558.0,464.0,463.0,466.0,460.0,463.0,460.0,999.0,1004.0,1006.0,672.0,570.0,558.0,464.0,463.0,466.0
1.0,3772.0,1385.0,1393.0,2567.0,618.0,273.0,170.0,175.0,464.0,462.0,467.0,458.0,452.0,475.0,1184.0,1282.0,1306.0,273.0,170.0,175.0,464.0,462.0,467.0
1.0,4954.0,1359.0,1392.0,1800.0,173.0,43.0,57.0,73.0,463.0,462.0,467.0,446.0,457.0,456.0,1583.0,1678.0,1693.0,43.0,57.0,73.0,463.0,462.0,467.0
1.0,5395.0,1452.0,1394.0,618.0,1015.0,250.0,376.0,389.0,464.0,463.0,467.0,476.0,485.0,491.0,1809.0,1791.0,1795.0,250.0,376.0,389.0,464.0,463.0,467.0
1.0,4561.0,1390.0,1394.0,173.0,2232.0,670.0,772.0,790.0,464.0,462.0,468.0,463.0,457.0,470.0,1606.0,1476.0,1479.0,670.0,772.0,790.0,464.0,462.0,468.0
1.0,3344.0,1394.0,1395.0,1015.0,2615.0,876.0,861.0,878.0,464.0,463.0,468.0,456.0,461.0,477.0,1186.0,1076.0,1082.0,876.0,861.0,878.0,464.0,463.0,468.0
1.0,2965.0,1423.0,1395.0,2232.0,1806.0,676.0,573.0,557.0,464.0,463.0,468.0,470.0,484.0,469.0,980.0,991.0,994.0,676.0,573.0,557.0,464.0,463.0,468.0
1.0,3774.0,1418.0,1397.0,2615.0,617.0,276.0,185.0,156.0,465.0,463.0,469.0,472.0,473.0,473.0,1180.0,1279.0,1315.0,276.0,185.0,156.0,465.0,463.0,469.0
1.0,4971.0,1375.0,1397.0,1806.0,186.0,52.0,73.0,61.0,465.0,463.0,469.0,452.0,461.0,462.0,1584.0,1667.0,1720.0,52.0,73.0,61.0,465.0,463.0,469.0
1.0,5402.0,1383.0,1396.0,617.0,948.0,235.0,344.0,369.0,464.0,463.0,469.0,463.0,456.0,464.0,1808.0,1779.0,1815.0,235.0,344.0,369.0,464.0,463.0,469.0
1.0,4636.0,1370.0,1397.0,186.0,2136.0,643.0,737.0,756.0,465.0,463.0,469.0,456.0,466.0,448.0,1621.0,1508.0,1507.0,643.0,737.0,756.0,465.0,463.0,469.0
1.0,3452.0,1401.0,1398.0,948.0,2593.0,879.0,863.0,851.0,465.0,464.0,469.0,471.0,466.0,464.0,1217.0,1115.0,1120.0,879.0,863.0,851.0,465.0,464.0,469.0
1.0,2999.0,1361.0,1398.0,2136.0,1818.0,690.0,583.0,545.0,465.0,464.0,469.0,454.0,457.0,450.0,981.0,993.0,1025.0,690.0,583.0,545.0,465.0,464.0,469.0
1.0,3774.0,1387.0,1398.0,2593.0,612.0,276.0,187.0,149.0,465.0,464.0,469.0,465.0,467.0,455.0,1170.0,1273.0,1331.0,276.0,187.0,149.0,465.0,464.0,469.0
1.0,4980.0,1403.0,1397.0,1818.0,193.0,55.0,70.0,68.0,465.0,463.0,469.0,469.0,470.0,464.0,1584.0,1669.0,1727.0,55.0,70.0,68.0,465.0,463.0,469.0
1.0,5395.0,1404.0,1398.0,612.0,989.0,252.0,357.0,380.0,465.0,464.0,469.0,473.0,470.0,461.0,1805.0,1782.0,1808.0,252.0,357.0,380.0,465.0,464.0,469.0
1.0,4603.0,1412.0,1399.0,193.0,2212.0,681.0,756.0,775.0,466.0,464.0,469.0,480.0,469.0,463.0,1608.0,1499.0,1496.0,681.0,756.0,775.0,466.0,464.0,469.0
1.0,3384.0,1357.0,1398.0,989.0,2576.0,879.0,861.0,836.0,466.0,464.0,468.0,450.0,462.0,445.0,1183.0,1100.0,1101.0,879.0,861.0,836.0,466.0,464.0,468.0
1.0,3016.0,1403.0,1398.0,2212.0,1767.0,665.0,584.0,518.0,466.0,464.0,468.0,467.0,479.0,457.0,985.0,995.0,1036.0,665.0,584.0,518.0,466.0,464.0,468.0
1.0,3825.0,1403.0,1400.0,2576.0,602.0,260.0,197.0,145.0,466.0,465.0,469.0,474.0,470.0,459.0,1199.0,1272.0,1354.0,260.0,197.0,145.0,466.0,465.0,469.0
1.0,4998.0,1411.0,1401.0,1767.0,250.0,77.0,90.0,83.0,467.0,465.0,469.0,478.0,477.0,456.0,1604.0,1663.0,1731.0,77.0,90.0,83.0,467.0,465.0,469.0
1.0,5354.0,1390.0,1401.0,602.0,1038.0,289.0,364.0,385.0,467.0,466.0,468.0,472.0,467.0,451.0,1791.0,1770.0,1793.0,289.0,364.0,385.0,467.0,466.0,468.0
1.0,4566.0,1417.0,1402.0,250.0,2209.0,683.0,752.0,774.0,467.0,466.0,469.0,471.0,478.0,468.0,1579.0,1500.0,1487.0,683.0,752.0,774.0,467.0,466.0,469.0
1.0,3399.0,1457.0,1402.0,1038.0,2628.0,878.0,876.0,874.0,467.0,466.0,469.0,484.0,488.0,485.0,1185.0,1112.0,1102.0,878.0,876.0,874.0,467.0,466.0,469.0
1.0,2980.0,1388.0,1402.0,2209.0,1807.0,665.0,588.0,554.0,467.0,466.0,469.0,470.0,464.0,454.0,990.0,988.0,1002.0,665.0,588.0,554.0,467.0,466.0,469.0
1.0,3801.0,1405.0,1403.0,2628.0,588.0,268.0,188.0,132.0,467.0,467.0,469.0,481.0,472.0,452.0,1203.0,1276.0,1322.0,268.0,188.0,132.0,467.0,467.0,469.0
1.0,5024.0,1433.0,1404.0,1807.0,218.0,86.0,87.0,45.0,468.0,467.0,469.0,479.0,487.0,467.0,1600.0,1680.0,1744.0,86.0,87.0,45.0,468.0,467.0,469.0
1.0,5398.0,1418.0,1404.0,588.0,1048.0,301.0,371.0,376.0,468.0,467.0,469.0,483.0,472.0,463.0,1786.0,1781.0,1831.0,301.0,371.0,376.0,468.0,467.0,469.0
1.0,4568.0,1380.0,1403.0,218.0,2206.0,674.0,752.0,780.0,468.0,467.0,468.0,459.0,468.0,453.0,1571.0,1497.0,1500.0,674.0,752.0,780.0,468.0,467.0,468.0
1.0,3406.0,1443.0,1404.0,1048.0,2605.0,862.0,866.0,877.0,468.0,468.0,468.0,489.0,481.0,473.0,1198.0,1116.0,1092.0,862.0,866.0,877.0,468.0,468.0,468.0
1.0,3011.0,1473.0,1404.0,2206.0,1872.0,679.0,605.0,588.0,468.0,468.0,468.0,491.0,491.0,491.0,1010.0,1006.0,995.0,679.0,605.0,588.0,468.0,468.0,468.0
1.0,3744.0,1426.0,1405.0,2605.0,697.0,302.0,216.0,179.0,469.0,468.0,468.0,481.0,477.0,468.0,1193.0,1267.0,1284.0,302.0,216.0,179.0,469.0,468.0,468.0
1.0,4923.0,1421.0,1405.0,1872.0,246.0,105.0,90.0,51.0,469.0,469.0,467.0,482.0,475.0,464.0,1574.0,1656.0,1693.0,105.0,90.0,51.0,469.0,469.0,467.0
1.0,5374.0,1394.0,1403.0,697.0,935.0,262.0,348.0,325.0,468.0,468.0,467.0,463.0,478.0,453.0,1771.0,1786.0,1817.0,262.0,348.0,325.0,468.0,468.0,467.0
1.0,4677.0,1447.0,1405.0,246.0,2144.0,654.0,738.0,752.0,469.0,469.0,467.0,493.0,476.0,478.0,1610.0,1524.0,1543.0,654.0,738.0,752.0,469.0,469.0,467.0
1.0,3476.0,1470.0,1405.0,935.0,2679.0,895.0,871.0,913.0,469.0,469.0,467.0,503.0,481.0,486.0,1222.0,1138.0,1116.0,895.0,871.0,913.0,469.0,469.0,467.0
1.0,2941.0,1410.0,1405.0,2144.0,1945.0,725.0,599.0,621.0,469.0,469.0,467.0,484.0,466.0,460.0,981.0,1005.0,955.0,725.0,599.0,621.0,469.0,469.0,467.0
1.0,3675.0,1455.0,1406.0,2679.0,725.0,320.0,215.0,190.0,470.0,469.0,467.0,486.0,487.0,482.0,1151.0,1277.0,1247.0,320.0,215.0,190.0,470.0,469.0,467.0
1.0,4899.0,1424.0,1407.0,1945.0,208.0,73.0,93.0,42.0,470.0,470.0,467.0,478.0,473.0,473.0,1560.0,1661.0,1678.0,73.0,93.0,42.0,470.0,470.0,467.0
1.0,5420.0,1423.0,1407.0,725.0,906.0,233.0,346.0,327.0,470.0,470.0,467.0,480.0,468.0,475.0,1807.0,1787.0,1826.0,233.0,346.0,327.0,470.0,470.0,467.0
1.0,4722.0,1451.0,1409.0,208.0,2157.0,639.0,743.0,775.0,471.0,471.0,467.0,475.0,486.0,490.0,1647.0,1534.0,1541.0,639.0,743.0,775.0,471.0,471.0,467.0
1.0,3479.0,1438.0,1410.0,906.0,2693.0,886.0,873.0,934.0,471.0,471.0,468.0,480.0,476.0,482.0,1245.0,1141.0,1093.0,886.0,873.0,934.0,471.0,471.0,468.0
1.0,2947.0,1421.0,1410.0,2157.0,1957.0,723.0,603.0,631.0,471.0,471.0,468.0,476.0,473.0,472.0,998.0,1011.0,938.0,723.0,603.0,631.0,471.0,471.0,468.0
1.0,3683.0,1441.0,1411.0,2693.0,709.0,324.0,195.0,190.0,472.0,471.0,468.0,483.0,465.0,493.0,1161.0,1281.0,1241.0,324.0,195.0,190.0,472.0,471.0,468.0
1.0,4935.0,1446.0,1411.0,1957.0,198.0,83.0,79.0,36.0,472.0,471.0,468.0,482.0,487.0,477.0,1564.0,1689.0,1682.0,83.0,79.0,36.0,472.0,471.0,468.0
1.0,5446.0,1462.0,1411.0,709.0,951.0,245.0,369.0,337.0,472.0,471.0,468.0,486.0,485.0,491.0,1805.0,1805.0,1836.0,245.0,369.0,337.0,472.0,471.0,468.0
1.0,4693.0,1435.0,1412.0,198.0,2192.0,638.0,764.0,790.0,472.0,471.0,469.0,476.0,474.0,485.0,1643.0,1515.0,1535.0,638.0,764.0,790.0,472.0,471.0,469.0
1.0,3456.0,1455.0,1414.0,951.0,2704.0,878.0,882.0,944.0,473.0,472.0,469.0,481.0,483.0,491.0,1250.0,1120.0,1086.0,878.0,882.0,944.0,473.0,472.0,469.0
1.0,2952.0,1434.0,1414.0,2192.0,1946.0,716.0,597.0,633.0,473.0,472.0,469.0,476.0,479.0,479.0,1014.0,1006.0,932.0,716.0,597.0,633.0,473.0,472.0,469.0
1.0,3710.0,1402.0,1414.0,2704.0,644.0,300.0,180.0,164.0,473.0,472.0,469.0,462.0,465.0,475.0,1176.0,1291.0,1243.0,300.0,180.0,164.0,473.0,472.0,469.0
1.0,5012.0,1409.0,1414.0,1946.0,110.0,68.0,42.0,0.0,473.0,472.0,469.0,484.0,459.0,466.0,1592.0,1708.0,1712.0,68.0,42.0,0.0,473.0,472.0,469.0
1.0,5549.0,1456.0,1415.0,644.0,923.0,255.0,347.0,321.0,474.0,472.0,469.0,483.0,485.0,488.0,1824.0,1846.0,1879.0,255.0,347.0,321.0,474.0,472.0,469.0
1.0,4737.0,1470.0,1417.0,110.0,2291.0,676.0,800.0,815.0,474.0,473.0,470.0,489.0,491.0,490.0,1641.0,1541.0,1555.0,676.0,800.0,815.0,474.0,473.0,470.0
1.0,3377.0,1422.0,1417.0,923.0,2790.0,894.0,928.0,968.0,474.0,473.0,470.0,473.0,475.0,474.0,1220.0,1092.0,1065.0,894.0,928.0,968.0,474.0,473.0,470.0
1.0,2878.0,1396.0,1419.0,2291.0,1903.0,681.0,596.0,626.0,475.0,474.0,470.0,459.0,464.0,473.0,1002.0,964.0,912.0,681.0,596.0,626.0,475.0,474.0,470.0
1.0,3773.0,1441.0,1418.0,2790.0,550.0,258.0,136.0,156.0,475.0,473.0,470.0,471.0,472.0,498.0,1219.0,1300.0,1254.0,258.0,136.0,156.0,475.0,473.0,470.0
1.0,5122.0,1437.0,1419.0,1903.0,88.0,59.0,24.0,5.0,475.0,474.0,470.0,482.0,480.0,475.0,1642.0,1756.0,1724.0,59.0,24.0,5.0,475.0,474.0,470.0
1.0,5588.0,1428.0,1420.0,550.0,970.0,270.0,362.0,338.0,475.0,474.0,471.0,469.0,474.0,485.0,1841.0,1872.0,1875.0,270.0,362.0,338.0,475.0,474.0,471.0
1.0,4710.0,1439.0,1420.0,88.0,2321.0,688.0,814.0,819.0,475.0,474.0,471.0,477.0,476.0,486.0,1630.0,1534.0,1546.0,688.0,814.0,819.0,475.0,474.0,471.0
1.0,3359.0,1427.0,1420.0,970.0,2778.0,897.0,923.0,958.0,475.0,474.0,471.0,479.0,471.0,477.0,1212.0,1082.0,1065.0,897.0,923.0,958.0,475.0,474.0,471.0
1.0,2902.0,1431.0,1421.0,2321.0,1892.0,692.0,580.0,620.0,476.0,474.0,471.0,479.0,471.0,481.0,1003.0,973.0,926.0,692.0,580.0,620.0,476.0,474.0,471.0
1.0,3792.0,1380.0,1421.0,2778.0,494.0,252.0,112.0,130.0,476.0,474.0,471.0,457.0,455.0,468.0,1212.0,1316.0,1264.0,252.0,112.0,130.0,476.0,474.0,471.0
1.0,5190.0,1422.0,1422.0,1892.0,37.0,34.0,3.0,0.0,476.0,474.0,472.0,474.0,471.0,477.0,1652.0,1784.0,1754.0,34.0,3.0,0.0,476.0,474.0,472.0
1.0,5660.0,1418.0,1422.0,494.0,952.0,252.0,360.0,340.0,476.0,474.0,472.0,470.0,469.0,479.0,1870.0,1893.0,1897.0,252.0,360.0,340.0,476.0,474.0,472.0
1.0,4736.0,1422.0,1423.0,37.0,2341.0,688.0,824.0,829.0,476.0,474.0,473.0,470.0,467.0,485.0,1652.0,1536.0,1548.0,688.0,824.0,829.0,476.0,474.0,473.0
1.0,3351.0,1432.0,1425.0,952.0,2829.0,906.0,937.0,986.0,477.0,474.0,474.0,466.0,473.0,493.0,1216.0,1072.0,1063.0,906.0,937.0,986.0,477.0,474.0,474.0
1.0,2871.0,1423.0,1426.0,2341.0,1915.0,694.0,592.0,629.0,477.0,475.0,474.0,476.0,475.0,472.0,1002.0,959.0,910.0,694.0,592.0,629.0,477.0,475.0,474.0
1.0,3789.0,1420.0,1425.0,2829.0,502.0,262.0,115.0,125.0,477.0,474.0,474.0,474.0,464.0,482.0,1214.0,1308.0,1267.0,262.0,115.0,125.0,477.0,474.0,474.0
1.0,5198.0,1490.0,1427.0,1915.0,85.0,58.0,23.0,4.0,477.0,475.0,475.0,490.0,496.0,504.0,1646.0,1781.0,1771.0,58.0,23.0,4.0,477.0,475.0,475.0
1.0,5623.0,1438.0,1428.0,502.0,1025.0,262.0,397.0,366.0,477.0,475.0,476.0,466.0,489.0,483.0,1850.0,1877.0,1896.0,262.0,397.0,366.0,477.0,475.0,476.0
1.0,4687.0,1473.0,1430.0,85.0,2421.0,698.0,871.0,852.0,478.0,476.0,476.0,490.0,493.0,490.0,1646.0,1503.0,1538.0,698.0,871.0,852.0,478.0,476.0,476.0
1.0,3299.0,1448.0,1431.0,1025.0,2848.0,920.0,952.0,976.0,478.0,476.0,477.0,484.0,478.0,486.0,1214.0,1033.0,1052.0,920.0,952.0,976.0,478.0,476.0,477.0
1.0,2876.0,1456.0,1431.0,2421.0,1883.0,709.0,567.0,607.0,478.0,476.0,477.0,487.0,486.0,483.0,992.0,952.0,932.0,709.0,567.0,607.0,478.0,476.0,477.0
1.0,3841.0,1458.0,1432.0,2848.0,497.0,269.0,103.0,125.0,478.0,476.0,478.0,480.0,488.0,490.0,1203.0,1337.0,1301.0,269.0,103.0,125.0,478.0,476.0,478.0
1.0,5231.0,1469.0,1434.0,1883.0,91.0,48.0,33.0,10.0,478.0,477.0,479.0,488.0,493.0,488.0,1643.0,1801.0,1787.0,48.0,33.0,10.0,478.0,477.0,479.0
1.0,5645.0,1440.0,1433.0,497.0,1030.0,256.0,416.0,358.0,478.0,477.0,478.0,477.0,486.0,477.0,1864.0,1875.0,1906.0,256.0,416.0,358.0,478.0,477.0,478.0
1.0,4702.0,1462.0,1435.0,91.0,2409.0,706.0,862.0,841.0,479.0,477.0,479.0,494.0,479.0,489.0,1656.0,1492.0,1554.0,706.0,862.0,841.0,479.0,477.0,479.0
1.0,3331.0,1436.0,1436.0,1030.0,2819.0,935.0,923.0,961.0,479.0,477.0,480.0,485.0,477.0,474.0,1210.0,1046.0,1075.0,935.0,923.0,961.0,479.0,477.0,480.0
1.0,2925.0,1460.0,1436.0,2409.0,1870.0,717.0,551.0,602.0,479.0,477.0,480.0,488.0,490.0,482.0,981.0,985.0,959.0,717.0,551.0,602.0,479.0,477.0,480.0
1.0,3874.0,1474.0,1437.0,2819.0,529.0,277.0,121.0,131.0,479.0,478.0,480.0,495.0,489.0,490.0,1199.0,1357.0,1318.0,277.0,121.0,131.0,479.0,478.0,480.0
1.0,5219.0,1487.0,1439.0,1870.0,154.0,64.0,64.0,26.0,480.0,478.0,481.0,500.0,494.0,493.0,1639.0,1791.0,1789.0,64.0,64.0,26.0,480.0,478.0,481.0
1.0,5602.0,1429.0,1439.0,529.0,1054.0,263.0,421.0,370.0,480.0,478.0,481.0,476.0,478.0,475.0,1856.0,1848.0,1898.0,263.0,421.0,370.0,480.0,478.0,481.0
1.0,4702.0,1479.0,1439.0,154.0,2379.0,706.0,842.0,831.0,480.0,478.0,481.0,507.0,485.0,487.0,1657.0,1491.0,1554.0,706.0,842.0,831.0,480.0,478.0,481.0
1.0,3377.0,1453.0,1439.0,1054.0,2778.0,932.0,897.0,949.0,480.0,478.0,481.0,489.0,476.0,488.0,1214.0,1070.0,1093.0,932.0,897.0,949.0,480.0,478.0,481.0
1.0,2978.0,1472.0,1440.0,2379.0,1875.0,718.0,551.0,606.0,480.0,478.0,482.0,492.0,496.0,484.0,988.0,1015.0,975.0,718.0,551.0,606.0,480.0,478.0,482.0
1.0,3885.0,1458.0,1442.0,2778.0,563.0,271.0,157.0,135.0,481.0,479.0,482.0,481.0,499.0,478.0,1202.0,1361.0,1322.0,271.0,157.0,135.0,481.0,479.0,482.0
1.0,5205.0,1481.0,1442.0,1875.0,169.0,52.0,111.0,6.0,481.0,479.0,482.0,499.0,505.0,477.0,1653.0,1759.0,1793.0,52.0,111.0,6.0,481.0,479.0,482.0
1.0,5599.0,1509.0,1443.0,563.0,1119.0,288.0,468.0,363.0,481.0,480.0,482.0,507.0,510.0,492.0,1872.0,1805.0,1922.0,288.0,468.0,363.0,481.0,480.0,482.0
1.0,4653.0,1430.0,1444.0,169.0,2384.0,717.0,838.0,829.0,481.0,480.0,483.0,481.0,481.0,468.0,1636.0,1452.0,1565.0,717.0,838.0,829.0,481.0,480.0,483.0
1.0,3392.0,1462.0,1444.0,1119.0,2727.0,918.0,862.0,947.0,481.0,480.0,483.0,489.0,492.0,481.0,1207.0,1082.0,1103.0,918.0,862.0,947.0,481.0,480.0,483.0
1.0,3049.0,1446.0,1444.0,2384.0,1789.0,689.0,509.0,591.0,481.0,480.0,483.0,488.0,485.0,473.0,1006.0,1058.0,985.0,689.0,509.0,591.0,481.0,480.0,483.0
1.0,3987.0,1471.0,1445.0,2727.0,537.0,262.0,155.0,120.0,481.0,481.0,483.0,491.0,504.0,476.0,1235.0,1411.0,1341.0,262.0,155.0,120.0,481.0,481.0,483.0
1.0,5243.0,1507.0,1446.0,1789.0,259.0,82.0,155.0,22.0,482.0,481.0,483.0,505.0,509.0,493.0,1662.0,1769.0,1812.0,82.0,155.0,22.0,482.0,481.0,483.0
1.0,5525.0,1507.0,1448.0,537.0,1237.0,335.0,498.0,404.0,483.0,482.0,483.0,511.0,494.0,502.0,1846.0,1769.0,1910.0,335.0,498.0,404.0,483.0,482.0,483.0
1.0,4555.0,1479.0,1448.0,259.0,2457.0,742.0,839.0,876.0,483.0,482.0,483.0,489.0,496.0,494.0,1597.0,1430.0,1528.0,742.0,839.0,876.0,483.0,482.0,483.0
1.0,3335.0,1483.0,1449.0,1237.0,2707.0,904.0,834.0,969.0,483.0,483.0,483.0,497.0,489.0,497.0,1190.0,1089.0,1056.0,904.0,834.0,969.0,483.0,483.0,483.0
1.0,3089.0,1395.0,1448.0,2457.0,1641.0,628.0,456.0,557.0,483.0,482.0,483.0,466.0,465.0,464.0,1028.0,1098.0,963.0,628.0,456.0,557.0,483.0,482.0,483.0
1.0,4151.0,1450.0,1449.0,2707.0,388.0,201.0,123.0,64.0,483.0,483.0,483.0,477.0,497.0,476.0,1304.0,1472.0,1375.0,201.0,123.0,64.0,483.0,483.0,483.0
1.0,5408.0,1448.0,1449.0,1641.0,214.0,57.0,157.0,0.0,483.0,483.0,483.0,484.0,490.0,474.0,1731.0,1809.0,1868.0,57.0,157.0,0.0,483.0,483.0,483.0
1.0,5601.0,1501.0,1449.0,388.0,1308.0,356.0,537.0,415.0,483.0,483.0,483.0,500.0,503.0,498.0,1875.0,1775.0,1951.0,356.0,537.0,415.0,483.0,483.0,483.0
1.0,4488.0,1447.0,1449.0,214.0,2541.0,789.0,859.0,893.0,483.0,483.0,483.0,490.0,479.0,478.0,1576.0,1395.0,1517.0,789.0,859.0,893.0,483.0,483.0,483.0
1.0,3255.0,1435.0,1450.0,1308.0,2672.0,919.0,800.0,953.0,484.0,483.0,483.0,482.0,478.0,475.0,1143.0,1073.0,1039.0,919.0,800.0,953.0,484.0,483.0,483.0
1.0,3128.0,1510.0,1452.0,2541.0,1649.0,637.0,446.0,566.0,484.0,484.0,484.0,507.0,501.0,502.0,1017.0,1132.0,979.0,637.0,446.0,566.0,484.0,484.0,484.0
1.0,4159.0,1482.0,1453.0,2672.0,463.0,207.0,152.0,104.0,484.0,485.0,484.0,489.0,502.0,491.0,1299.0,1490.0,1370.0,207.0,152.0,104.0,484.0,485.0,484.0
1.0,5349.0,1439.0,1452.0,1649.0,249.0,47.0,194.0,8.0,484.0,485.0,483.0,477.0,488.0,474.0,1729.0,1788.0,1832.0,47.0,194.0,8.0,484.0,485.0,483.0
1.0,5559.0,1463.0,1453.0,463.0,1253.0,342.0,528.0,383.0,485.0,485.0,483.0,498.0,486.0,479.0,1889.0,1746.0,1924.0,342.0,528.0,383.0,485.0,485.0,483.0
1.0,4559.0,1443.0,1453.0,249.0,2447.0,777.0,822.0,848.0,485.0,485.0,483.0,482.0,488.0,473.0,1598.0,1412.0,1549.0,777.0,822.0,848.0,485.0,485.0,483.0
1.0,3365.0,1490.0,1455.0,1253.0,2692.0,924.0,793.0,975.0,485.0,486.0,484.0,489.0,495.0,506.0,1163.0,1118.0,1084.0,924.0,793.0,975.0,485.0,486.0,484.0
1.0,3128.0,1447.0,1455.0,2447.0,1692.0,623.0,459.0,610.0,485.0,486.0,484.0,476.0,488.0,483.0,1016.0,1151.0,961.0,623.0,459.0,610.0,485.0,486.0,484.0
1.0,4128.0,1498.0,1456.0,2692.0,502.0,204.0,160.0,138.0,486.0,486.0,484.0,501.0,494.0,503.0,1317.0,1485.0,1326.0,204.0,160.0,138.0,486.0,486.0,484.0
1.0,5322.0,1462.0,1456.0,1692.0,272.0,74.0,177.0,21.0,486.0,486.0,484.0,493.0,476.0,493.0,1740.0,1784.0,1798.0,74.0,177.0,21.0,486.0,486.0,484.0
1.0,5552.0,1445.0,1457.0,502.0,1219.0,344.0,509.0,366.0,486.0,487.0,484.0,474.0,488.0,483.0,1870.0,1767.0,1915.0,344.0,509.0,366.0,486.0,487.0,484.0
1.0,4609.0,1396.0,1456.0,272.0,2339.0,731.0,793.0,815.0,486.0,486.0,484.0,461.0,465.0,470.0,1600.0,1439.0,1570.0,731.0,793.0,815.0,486.0,486.0,484.0
1.0,3485.0,1510.0,1459.0,1219.0,2642.0,902.0,791.0,949.0,487.0,487.0,485.0,511.0,503.0,496.0,1213.0,1151.0,1121.0,902.0,791.0,949.0,487.0,487.0,485.0
1.0,3194.0,1440.0,1460.0,2339.0,1747.0,645.0,485.0,617.0,487.0,488.0,485.0,474.0,483.0,483.0,1046.0,1157.0,991.0,645.0,485.0,617.0,487.0,488.0,485.0
1.0,4093.0,1457.0,1460.0,2642.0,562.0,227.0,179.0,156.0,487.0,488.0,485.0,484.0,485.0,488.0,1303.0,1467.0,1323.0,227.0,179.0,156.0,487.0,488.0,485.0
1.0,5278.0,1468.0,1460.0,1747.0,283.0,66.0,178.0,39.0,487.0,488.0,485.0,484.0,484.0,500.0,1721.0,1773.0,1784.0,66.0,178.0,39.0,487.0,488.0,485.0
1.0,5557.0,1447.0,1461.0,562.0,1172.0,326.0,473.0,373.0,488.0,488.0,485.0,483.0,474.0,490.0,1882.0,1774.0,1901.0,326.0,473.0,373.0,488.0,488.0,485.0
1.0,4672.0,1526.0,1463.0,283.0,2423.0,769.0,805.0,849.0,488.0,489.0,486.0,509.0,506.0,511.0,1626.0,1479.0,1567.0,769.0,805.0,849.0,488.0,489.0,486.0
1.0,3429.0,1451.0,1463.0,1172.0,2702.0,926.0,812.0,964.0,488.0,489.0,486.0,483.0,480.0,488.0,1183.0,1151.0,1095.0,926.0,812.0,964.0,488.0,489.0,486.0
1.0,3150.0,1521.0,1464.0,2423.0,1804.0,666.0,508.0,630.0,489.0,489.0,486.0,505.0,501.0,515.0,1026.0,1144.0,980.0,666.0,508.0,630.0,489.0,489.0,486.0
1.0,4052.0,1446.0,1464.0,2702.0,548.0,212.0,181.0,155.0,489.0,489.0,486.0,472.0,485.0,489.0,1290.0,1448.0,1314.0,212.0,181.0,155.0,489.0,489.0,486.0
1.0,5308.0,1482.0,1464.0,1804.0,226.0,37.0,171.0,18.0,489.0,489.0,486.0,491.0,498.0,493.0,1744.0,1775.0,1789.0,37.0,171.0,18.0,489.0,489.0,486.0
1.0,5630.0,1463.0,1465.0,548.0,1145.0,315.0,469.0,361.0,489.0,489.0,487.0,490.0,479.0,494.0,1919.0,1785.0,1926.0,315.0,469.0,361.0,489.0,489.0,487.0
1.0,4715.0,1432.0,1465.0,226.0,2351.0,756.0,768.0,827.0,489.0,489.0,487.0,478.0,470.0,484.0,1641.0,1487.0,1587.0,756.0,768.0,827.0,489.0,489.0,487.0
1.0,3509.0,1444.0,1464.0,1145.0,2646.0,924.0,778.0,944.0,489.0,489.0,486.0,483.0,479.0,482.0,1200.0,1188.0,1121.0,924.0,778.0,944.0,489.0,489.0,486.0
1.0,3210.0,1475.0,1465.0,2351.0,1774.0,655.0,503.0,616.0,489.0,489.0,487.0,487.0,493.0,495.0,1032.0,1178.0,1000.0,655.0,503.0,616.0,489.0,489.0,487.0
1.0,4086.0,1509.0,1466.0,2646.0,641.0,245.0,223.0,173.0,490.0,489.0,487.0,510.0,498.0,501.0,1301.0,1453.0,1332.0,245.0,223.0,173.0,490.0,489.0,487.0
1.0,5223.0,1476.0,1465.0,1774.0,339.0,77.0,207.0,55.0,489.0,489.0,487.0,491.0,487.0,498.0,1715.0,1733.0,1775.0,77.0,207.0,55.0,489.0,489.0,487.0
1.0,5521.0,1499.0,1467.0,641.0,1205.0,341.0,471.0,393.0,490.0,489.0,488.0,505.0,487.0,507.0,1879.0,1749.0,1893.0,341.0,471.0,393.0,490.0,489.0,488.0
1.0,4663.0,1466.0,1467.0,339.0,2332.0,747.0,745.0,840.0,490.0,489.0,488.0,483.0,481.0,502.0,1619.0,1485.0,1559.0,747.0,745.0,840.0,490.0,489.0,488.0
1.0,3536.0,1482.0,1467.0,1205.0,2609.0,894.0,766.0,949.0,490.0,489.0,488.0,488.0,492.0,502.0,1213.0,1211.0,1112.0,894.0,766.0,949.0,490.0,489.0,488.0
1.0,3259.0,1511.0,1468.0,2332.0,1792.0,655.0,525.0,612.0,490.0,489.0,489.0,508.0,504.0,499.0,1066.0,1190.0,1003.0,655.0,525.0,612.0,490.0,489.0,489.0
1.0,4080.0,1499.0,1469.0,2609.0,686.0,259.0,264.0,163.0,490.0,490.0,489.0,498.0,501.0,500.0,1305.0,1431.0,1344.0,259.0,264.0,163.0,490.0,490.0,489.0
1.0,5190.0,1517.0,1470.0,1792.0,415.0,114.0,234.0,67.0,490.0,490.0,490.0,510.0,495.0,512.0,1701.0,1696.0,1793.0,114.0,234.0,67.0,490.0,490.0,490.0
1.0,5465.0,1469.0,1469.0,686.0,1194.0,354.0,459.0,381.0,490.0,490.0,489.0,499.0,489.0,481.0,1846.0,1726.0,1893.0,354.0,459.0,381.0,490.0,490.0,489.0
1.0,4682.0,1527.0,1471.0,415.0,2314.0,753.0,727.0,834.0,491.0,490.0,490.0,509.0,502.0,516.0,1606.0,1501.0,1575.0,753.0,727.0,834.0,491.0,490.0,490.0
1.0,3570.0,1564.0,1474.0,1194.0,2696.0,935.0,790.0,971.0,492.0,491.0,491.0,532.0,518.0,514.0,1211.0,1233.0,1126.0,935.0,790.0,971.0,492.0,491.0,491.0
1.0,3200.0,1506.0,1474.0,2314.0,1888.0,689.0,554.0,645.0,492.0,491.0,491.0,507.0,491.0,508.0,1033.0,1174.0,993.0,689.0,554.0,645.0,492.0,491.0,491.0
1.0,4008.0,1499.0,1474.0,2696.0,691.0,252.0,257.0,182.0,492.0,490.0,492.0,498.0,497.0,504.0,1279.0,1410.0,1319.0,252.0,257.0,182.0,492.0,490.0,492.0
1.0,5205.0,1524.0,1475.0,1888.0,331.0,63.0,219.0,49.0,492.0,491.0,492.0,500.0,512.0,512.0,1716.0,1703.0,1786.0,63.0,219.0,49.0,492.0,491.0,492.0
1.0,5569.0,1528.0,1476.0,691.0,1172.0,320.0,459.0,393.0,492.0,491.0,493.0,509.0,497.0,522.0,1905.0,1745.0,1919.0,320.0,459.0,393.0,492.0,491.0,493.0
1.0,4732.0,1564.0,1479.0,331.0,2417.0,781.0,760.0,876.0,493.0,492.0,494.0,520.0,516.0,528.0,1648.0,1505.0,1579.0,781.0,760.0,876.0,493.0,492.0,494.0
1.0,3499.0,1587.0,1481.0,1172.0,2840.0,996.0,833.0,1011.0,494.0,492.0,495.0,531.0,532.0,524.0,1191.0,1208.0,1100.0,996.0,833.0,1011.0,494.0,492.0,495.0
1.0,3084.0,1482.0,1481.0,2417.0,1905.0,713.0,562.0,630.0,494.0,492.0,495.0,498.0,489.0,495.0,980.0,1135.0,969.0,713.0,562.0,630.0,494.0,492.0,495.0
1.0,4019.0,1527.0,1481.0,2840.0,592.0,232.0,237.0,123.0,494.0,492.0,495.0,515.0,508.0,504.0,1263.0,1406.0,1350.0,232.0,237.0,123.0,494.0,492.0,495.0
1.0,5332.0,1523.0,1481.0,1905.0,210.0,28.0,182.0,0.0,494.0,492.0,495.0,509.0,507.0,507.0,1744.0,1731.0,1857.0,28.0,182.0,0.0,494.0,492.0,495.0
1.0,5714.0,1518.0,1483.0,592.0,1144.0,300.0,463.0,381.0,494.0,493.0,496.0,504.0,514.0,500.0,1948.0,1786.0,1980.0,300.0,463.0,381.0,494.0,493.0,496.0
1.0,4788.0,1508.0,1484.0,210.0,2446.0,776.0,786.0,884.0,495.0,493.0,496.0,500.0,505.0,503.0,1676.0,1509.0,1603.0,776.0,786.0,884.0,495.0,493.0,496.0
1.0,3490.0,1484.0,1485.0,1144.0,2790.0,987.0,811.0,992.0,496.0,493.0,496.0,507.0,488.0,489.0,1204.0,1186.0,1100.0,987.0,811.0,992.0,496.0,493.0,496.0
1.0,3150.0,1541.0,1487.0,2446.0,1893.0,725.0,545.0,623.0,496.0,494.0,497.0,514.0,516.0,511.0,997.0,1161.0,992.0,725.0,545.0,623.0,496.0,494.0,497.0
1.0,4055.0,1452.0,1487.0,2790.0,555.0,214.0,223.0,118.0,496.0,494.0,497.0,476.0,489.0,487.0,1259.0,1431.0,1365.0,214.0,223.0,118.0,496.0,494.0,497.0
1.0,5393.0,1542.0,1488.0,1893.0,211.0,0.0,192.0,19.0,496.0,494.0,498.0,508.0,514.0,520.0,1770.0,1753.0,1870.0,0.0,192.0,19.0,496.0,494.0,498.0
1.0,5744.0,1505.0,1489.0,555.0,1162.0,289.0,476.0,397.0,496.0,495.0,498.0,506.0,503.0,496.0,1987.0,1784.0,1973.0,289.0,476.0,397.0,496.0,495.0,498.0
1.0,4794.0,1514.0,1490.0,211.0,2469.0,804.0,783.0,882.0,497.0,495.0,498.0,511.0,499.0,504.0,1695.0,1504.0,1595.0,804.0,783.0,882.0,497.0,495.0,498.0
1.0,3491.0,1528.0,1490.0,1162.0,2835.0,1025.0,821.0,989.0,497.0,495.0,498.0,510.0,514.0,504.0,1184.0,1197.0,1110.0,1025.0,821.0,989.0,497.0,495.0,498.0
1.0,3125.0,1533.0,1491.0,2469.0,1903.0,726.0,547.0,630.0,497.0,495.0,499.0,505.0,509.0,519.0,963.0,1159.0,1003.0,726.0,547.0,630.0,497.0,495.0,499.0
1.0,4061.0,1466.0,1492.0,2835.0,538.0,186.0,216.0,136.0,497.0,495.0,500.0,485.0,490.0,491.0,1262.0,1433.0,1366.0,186.0,216.0,136.0,497.0,495.0,500.0
1.0,5430.0,1498.0,1494.0,1903.0,176.0,0.0,175.0,1.0,498.0,496.0,500.0,501.0,502.0,495.0,1802.0,1764.0,1864.0,0.0,175.0,1.0,498.0,496.0,500.0
1.0,5835.0,1491.0,1494.0,538.0,1094.0,273.0,458.0,363.0,498.0,496.0,500.0,494.0,499.0,498.0,2027.0,1809.0,1999.0,273.0,458.0,363.0,498.0,496.0,500.0
1.0,4882.0,1501.0,1494.0,176.0,2419.0,754.0,799.0,866.0,498.0,496.0,500.0,481.0,516.0,504.0,1719.0,1526.0,1637.0,754.0,799.0,866.0,498.0,496.0,500.0
1.0,3557.0,1500.0,1495.0,1094.0,2829.0,976.0,857.0,996.0,498.0,497.0,500.0,495.0,512.0,493.0,1238.0,1185.0,1134.0,976.0,857.0,996.0,498.0,497.0,500.0
1.0,3151.0,1548.0,1496.0,2419.0,1962.0,733.0,577.0,652.0,498.0,497.0,501.0,511.0,519.0,518.0,1016.0,1131.0,1004.0,733.0,577.0,652.0,498.0,497.0,501.0
1.0,4022.0,1478.0,1497.0,2829.0,615.0,242.0,224.0,149.0,498.0,498.0,501.0,485.0,500.0,493.0,1259.0,1411.0,1352.0,242.0,224.0,149.0,498.0,498.0,501.0
1.0,5373.0,1475.0,1498.0,1962.0,138.0,3.0,135.0,0.0,499.0,498.0,501.0,490.0,488.0,497.0,1750.0,1768.0,1855.0,3.0,135.0,0.0,499.0,498.0,501.0
1.0,5860.0,1480.0,1497.0,615.0,993.0,245.0,414.0,334.0,498.0,498.0,501.0,488.0,503.0,489.0,1993.0,1857.0,2010.0,245.0,414.0,334.0,498.0,498.0,501.0
1.0,4995.0,1516.0,1500.0,138.0,2383.0,738.0,799.0,846.0,499.0,499.0,502.0,492.0,516.0,508.0,1747.0,1578.0,1670.0,738.0,799.0,846.0,499.0,499.0,502.0
1.0,3617.0,1481.0,1500.0,993.0,2871.0,988.0,878.0,1005.0,499.0,499.0,502.0,495.0,493.0,493.0,1258.0,1197.0,1162.0,988.0,878.0,1005.0,499.0,499.0,502.0
1.0,3129.0,1520.0,1501.0,2383.0,2012.0,755.0,600.0,657.0,499.0,500.0,502.0,505.0,517.0,498.0,1008.0,1118.0,1003.0,755.0,600.0,657.0,499.0,500.0,502.0
1.0,3992.0,1470.0,1501.0,2871.0,611.0,250.0,219.0,142.0,499.0,500.0,502.0,483.0,497.0,490.0,1241.0,1400.0,1351.0,250.0,219.0,142.0,499.0,500.0,502.0
1.0,5393.0,1462.0,1500.0,2012.0,108.0,0.0,108.0,0.0,499.0,500.0,501.0,486.0,489.0,487.0,1746.0,1781.0,1866.0,0.0,108.0,0.0,499.0,500.0,501.0
1.0,5943.0,1504.0,1500.0,611.0,950.0,237.0,387.0,326.0,499.0,500.0,501.0,506.0,498.0,500.0,2015.0,1892.0,2036.0,237.0,387.0,326.0,499.0,500.0,501.0
1.0,5050.0,1497.0,1500.0,108.0,2339.0,738.0,778.0,823.0,499.0,500.0,501.0,501.0,499.0,497.0,1759.0,1613.0,1678.0,738.0,778.0,823.0,499.0,500.0,501.0
1.0,3661.0,1505.0,1501.0,950.0,2898.0,999.0,894.0,1005.0,500.0,500.0,501.0,494.0,503.0,508.0,1258.0,1222.0,1181.0,999.0,894.0,1005.0,500.0,500.0,501.0
1.0,3106.0,1498.0,1502.0,2339.0,2061.0,758.0,620.0,683.0,500.0,500.0,502.0,497.0,504.0,497.0,1001.0,1106.0,999.0,758.0,620.0,683.0,500.0,500.0,502.0
1.0,3947.0,1489.0,1503.0,2898.0,656.0,254.0,227.0,175.0,500.0,501.0,502.0,495.0,497.0,497.0,1242.0,1380.0,1325.0,254.0,227.0,175.0,500.0,501.0,502.0
1.0,5356.0,1499.0,1504.0,2061.0,123.0,0.0,123.0,0.0,500.0,502.0,502.0,502.0,512.0,485.0,1746.0,1777.0,1833.0,0.0,123.0,0.0,500.0,502.0,502.0
1.0,5918.0,1480.0,1504.0,656.0,922.0,235.0,390.0,297.0,500.0,502.0,502.0,491.0,494.0,495.0,2002.0,1885.0,2031.0,235.0,390.0,297.0,500.0,502.0,502.0
1.0,5094.0,1501.0,1505.0,123.0,2304.0,729.0,773.0,802.0,501.0,502.0,502.0,490.0,506.0,505.0,1765.0,1618.0,1711.0,729.0,773.0,802.0,501.0,502.0,502.0
1.0,3716.0,1469.0,1504.0,922.0,2847.0,978.0,877.0,992.0,500.0,502.0,502.0,488.0,494.0,487.0,1275.0,1235.0,1206.0,978.0,877.0,992.0,500.0,502.0,502.0
1.0,3169.0,1497.0,1504.0,2304.0,2040.0,753.0,607.0,680.0,500.0,502.0,502.0,504.0,503.0,490.0,1022.0,1131.0,1016.0,753.0,607.0,680.0,500.0,502.0,502.0
1.0,3976.0,1512.0,1505.0,2847.0,709.0,273.0,241.0,195.0,500.0,503.0,502.0,498.0,507.0,507.0,1247.0,1401.0,1328.0,273.0,241.0,195.0,500.0,503.0,502.0
1.0,5311.0,1522.0,1506.0,2040.0,195.0,28.0,142.0,25.0,501.0,503.0,502.0,504.0,508.0,510.0,1727.0,1771.0,1813.0,28.0,142.0,25.0,501.0,503.0,502.0
1.0,5829.0,1466.0,1506.0,709.0,952.0,239.0,394.0,319.0,501.0,503.0,502.0,484.0,493.0,489.0,1976.0,1870.0,1983.0,239.0,394.0,319.0,501.0,503.0,502.0
1.0,5072.0,1471.0,1504.0,195.0,2220.0,696.0,750.0,774.0,500.0,503.0,501.0,489.0,498.0,484.0,1765.0,1618.0,1689.0,696.0,750.0,774.0,500.0,503.0,501.0
1.0,3796.0,1516.0,1504.0,952.0,2784.0,960.0,867.0,957.0,500.0,503.0,501.0,503.0,511.0,502.0,1304.0,1262.0,1230.0,960.0,867.0,957.0,500.0,503.0,501.0
1.0,3232.0,1527.0,1505.0,2220.0,2095.0,780.0,631.0,684.0,500.0,504.0,501.0,516.0,510.0,501.0,1040.0,1145.0,1047.0,780.0,631.0,684.0,500.0,504.0,501.0
1.0,3925.0,1539.0,1507.0,2784.0,858.0,349.0,263.0,246.0,501.0,504.0,502.0,525.0,499.0,515.0,1220.0,1385.0,1320.0,349.0,263.0,246.0,501.0,504.0,502.0
1.0,5170.0,1524.0,1506.0,2095.0,283.0,84.0,140.0,59.0,501.0,504.0,501.0,515.0,508.0,501.0,1655.0,1753.0,1762.0,84.0,140.0,59.0,501.0,504.0,501.0
1.0,5741.0,1510.0,1505.0,858.0,931.0,236.0,379.0,316.0,500.0,504.0,501.0,505.0,502.0,503.0,1920.0,1876.0,1945.0,236.0,379.0,316.0,500.0,504.0,501.0
1.0,5089.0,1525.0,1506.0,283.0,2177.0,668.0,738.0,771.0,501.0,504.0,501.0,512.0,499.0,514.0,1764.0,1637.0,1688.0,668.0,738.0,771.0,501.0,504.0,501.0
1.0,3847.0,1524.0,1506.0,931.0,2770.0,945.0,861.0,964.0,501.0,504.0,501.0,513.0,502.0,509.0,1336.0,1278.0,1233.0,945.0,861.0,964.0,501.0,504.0,501.0
1.0,3254.0,1550.0,1507.0,2177.0,2147.0,793.0,636.0,718.0,501.0,504.0,502.0,516.0,513.0,521.0,1059.0,1155.0,1040.0,793.0,636.0,718.0,501.0,504.0,502.0
1.0,3881.0,1522.0,1506.0,2770.0,895.0,361.0,282.0,252.0,501.0,504.0,501.0,513.0,507.0,502.0,1211.0,1380.0,1290.0,361.0,282.0,252.0,501.0,504.0,501.0
1.0,5129.0,1524.0,1506.0,2147.0,272.0,86.0,146.0,40.0,501.0,504.0,501.0,518.0,500.0,506.0,1643.0,1734.0,1752.0,86.0,146.0,40.0,501.0,504.0,501.0
1.0,5752.0,1585.0,1506.0,895.0,962.0,250.0,388.0,324.0,501.0,504.0,501.0,525.0,524.0,536.0,1918.0,1870.0,1964.0,250.0,388.0,324.0,501.0,504.0,501.0
1.0,5062.0,1563.0,1508.0,272.0,2261.0,691.0,758.0,812.0,502.0,504.0,502.0,523.0,516.0,524.0,1754.0,1628.0,1680.0,691.0,758.0,812.0,502.0,504.0,502.0
1.0,3771.0,1517.0,1508.0,962.0,2816.0,953.0,872.0,991.0,502.0,504.0,502.0,512.0,502.0,503.0,1317.0,1258.0,1196.0,953.0,872.0,991.0,502.0,504.0,502.0
1.0,3216.0,1519.0,1507.0,2261.0,2070.0,776.0,620.0,674.0,502.0,504.0,501.0,514.0,506.0,499.0,1055.0,1144.0,1017.0,776.0,620.0,674.0,502.0,504.0,501.0
1.0,3958.0,1505.0,1507.0,2816.0,759.0,328.0,250.0,181.0,502.0,504.0,501.0,505.0,502.0,498.0,1232.0,1396.0,1330.0,328.0,250.0,181.0,502.0,504.0,501.0
1.0,5269.0,1528.0,1508.0,2070.0,221.0,70.0,124.0,27.0,502.0,504.0,502.0,518.0,494.0,516.0,1680.0,1766.0,1823.0,70.0,124.0,27.0,502.0,504.0,502.0
1.0,5811.0,1527.0,1508.0,759.0,989.0,252.0,376.0,361.0,502.0,504.0,502.0,510.0,502.0,515.0,1938.0,1892.0,1981.0,252.0,376.0,361.0,502.0,504.0,502.0
1.0,5043.0,1539.0,1508.0,221.0,2307.0,696.0,764.0,847.0,502.0,504.0,502.0,514.0,512.0,513.0,1756.0,1640.0,1647.0,696.0,764.0,847.0,502.0,504.0,502.0
1.0,3725.0,1513.0,1510.0,989.0,2839.0,954.0,887.0,998.0,503.0,504.0,503.0,506.0,499.0,508.0,1312.0,1252.0,1161.0,954.0,887.0,998.0,503.0,504.0,503.0
1.0,3201.0,1540.0,1510.0,2307.0,2072.0,764.0,636.0,672.0,503.0,504.0,503.0,506.0,513.0,521.0,1058.0,1129.0,1014.0,764.0,636.0,672.0,503.0,504.0,503.0
1.0,3968.0,1495.0,1509.0,2839.0,724.0,303.0,250.0,171.0,502.0,504.0,503.0,497.0,501.0,497.0,1248.0,1380.0,1340.0,303.0,250.0,171.0,502.0,504.0,503.0
1.0,5312.0,1535.0,1509.0,2072.0,187.0,50.0,123.0,14.0,502.0,504.0,503.0,511.0,509.0,515.0,1705.0,1766.0,1841.0,50.0,123.0,14.0,502.0,504.0,503.0
1.0,5849.0,1545.0,1509.0,724.0,1008.0,258.0,391.0,359.0,502.0,504.0,503.0,511.0,518.0,516.0,1958.0,1893.0,1998.0,258.0,391.0,359.0,502.0,504.0,503.0
1.0,5028.0,1538.0,1510.0,187.0,2363.0,724.0,772.0,867.0,503.0,504.0,503.0,512.0,504.0,522.0,1750.0,1625.0,1653.0,724.0,772.0,867.0,503.0,504.0,503.0
1.0,3677.0,1573.0,1512.0,1008.0,2936.0,989.0,908.0,1039.0,503.0,505.0,504.0,523.0,523.0,527.0,1288.0,1244.0,1145.0,989.0,908.0,1039.0,503.0,505.0,504.0
1.0,3112.0,1556.0,1513.0,2363.0,2133.0,790.0,648.0,695.0,504.0,505.0,504.0,521.0,512.0,523.0,1023.0,1112.0,977.0,790.0,648.0,695.0,504.0,505.0,504.0
1.0,3919.0,1525.0,1514.0,2936.0,726.0,305.0,253.0,168.0,504.0,505.0,505.0,504.0,513.0,508.0,1226.0,1372.0,1321.0,305.0,253.0,168.0,504.0,505.0,505.0
1.0,5330.0,1504.0,1513.0,2133.0,122.0,21.0,101.0,0.0,504.0,505.0,504.0,506.0,496.0,502.0,1711.0,1767.0,1852.0,21.0,101.0,0.0,504.0,505.0,504.0
1.0,5959.0,1564.0,1515.0,726.0,939.0,242.0,370.0,327.0,505.0,505.0,505.0,522.0,522.0,520.0,1995.0,1919.0,2045.0,242.0,370.0,327.0,505.0,505.0,505.0
1.0,5121.0,1534.0,1515.0,122.0,2351.0,732.0,780.0,839.0,505.0,505.0,505.0,511.0,511.0,512.0,1778.0,1650.0,1693.0,732.0,780.0,839.0,505.0,505.0,505.0
1.0,3709.0,1545.0,1515.0,939.0,2957.0,991.0,941.0,1025.0,505.0,505.0,505.0,501.0,531.0,513.0,1288.0,1240.0,1181.0,991.0,941.0,1025.0,505.0,505.0,505.0
1.0,3103.0,1597.0,1518.0,2351.0,2215.0,788.0,701.0,726.0,506.0,506.0,506.0,525.0,536.0,536.0,1029.0,1079.0,995.0,788.0,701.0,726.0,506.0,506.0,506.0
1.0,3857.0,1539.0,1519.0,2957.0,801.0,315.0,264.0,222.0,506.0,506.0,507.0,518.0,504.0,517.0,1236.0,1323.0,1298.0,315.0,264.0,222.0,506.0,506.0,507.0
1.0,5275.0,1545.0,1520.0,2215.0,135.0,38.0,78.0,19.0,507.0,506.0,507.0,507.0,515.0,523.0,1709.0,1760.0,1806.0,38.0,78.0,19.0,507.0,506.0,507.0
1.0,5945.0,1535.0,1521.0,801.0,873.0,232.0,332.0,309.0,507.0,507.0,507.0,509.0,514.0,512.0,1990.0,1946.0,2009.0,232.0,332.0,309.0,507.0,507.0,507.0
1.0,5211.0,1521.0,1521.0,135.0,2259.0,696.0,764.0,799.0,507.0,507.0,507.0,502.0,510.0,509.0,1796.0,1696.0,1719.0,696.0,764.0,799.0,507.0,507.0,507.0
1.0,3825.0,1530.0,1522.0,873.0,2920.0,962.0,945.0,1013.0,507.0,507.0,508.0,498.0,513.0,519.0,1332.0,1264.0,1229.0,962.0,945.0,1013.0,507.0,507.0,508.0
1.0,3168.0,1526.0,1523.0,2259.0,2191.0,780.0,693.0,718.0,508.0,507.0,508.0,510.0,512.0,504.0,1066.0,1083.0,1019.0,780.0,693.0,718.0,508.0,507.0,508.0
1.0,3901.0,1515.0,1524.0,2920.0,790.0,318.0,261.0,211.0,508.0,508.0,508.0,500.0,509.0,506.0,1252.0,1335.0,1314.0,318.0,261.0,211.0,508.0,508.0,508.0
1.0,5306.0,1528.0,1525.0,2191.0,131.0,39.0,74.0,18.0,508.0,508.0,509.0,501.0,506.0,521.0,1714.0,1771.0,1821.0,39.0,74.0,18.0,508.0,508.0,509.0
1.0,5969.0,1524.0,1525.0,790.0,865.0,224.0,323.0,318.0,508.0,508.0,509.0,503.0,510.0,511.0,1993.0,1958.0,2018.0,224.0,323.0,318.0,508.0,508.0,509.0
1.0,5235.0,1547.0,1525.0,131.0,2281.0,687.0,780.0,814.0,508.0,508.0,509.0,502.0,531.0,514.0,1808.0,1709.0,1718.0,687.0,780.0,814.0,508.0,508.0,509.0
1.0,3819.0,1537.0,1527.0,865.0,2961.0,967.0,979.0,1015.0,508.0,509.0,510.0,504.0,518.0,515.0,1345.0,1252.0,1222.0,967.0,979.0,1015.0,508.0,509.0,510.0
1.0,3147.0,1530.0,1527.0,2281.0,2210.0,788.0,713.0,709.0,508.0,509.0,510.0,508.0,514.0,508.0,1065.0,1057.0,1025.0,788.0,713.0,709.0,508.0,509.0,510.0
1.0,3898.0,1553.0,1528.0,2961.0,806.0,331.0,257.0,218.0,508.0,509.0,511.0,510.0,523.0,520.0,1244.0,1323.0,1331.0,331.0,257.0,218.0,508.0,509.0,511.0
1.0,5306.0,1578.0,1530.0,2210.0,182.0,73.0,82.0,27.0,509.0,510.0,511.0,526.0,534.0,518.0,1701.0,1779.0,1826.0,73.0,82.0,27.0,509.0,510.0,511.0
1.0,5938.0,1544.0,1531.0,806.0,924.0,254.0,340.0,330.0,510.0,510.0,511.0,508.0,515.0,521.0,1963.0,1958.0,2017.0,254.0,340.0,330.0,510.0,510.0,511.0
1.0,5200.0,1548.0,1533.0,182.0,2298.0,684.0,783.0,831.0,510.0,511.0,512.0,503.0,521.0,524.0,1786.0,1700.0,1714.0,684.0,783.0,831.0,510.0,511.0,512.0
1.0,3834.0,1519.0,1532.0,924.0,2889.0,941.0,938.0,1010.0,510.0,510.0,512.0,511.0,499.0,509.0,1356.0,1261.0,1217.0,941.0,938.0,1010.0,510.0,510.0,512.0
1.0,3239.0,1568.0,1533.0,2298.0,2163.0,774.0,688.0,701.0,510.0,511.0,512.0,517.0,529.0,522.0,1099.0,1102.0,1038.0,774.0,688.0,701.0,510.0,511.0,512.0
1.0,3969.0,1541.0,1535.0,2889.0,823.0,347.0,262.0,214.0,511.0,511.0,513.0,510.0,512.0,519.0,1266.0,1356.0,1347.0,347.0,262.0,214.0,511.0,511.0,513.0
1.0,5317.0,1536.0,1536.0,2163.0,200.0,79.0,98.0,23.0,511.0,512.0,513.0,506.0,520.0,510.0,1697.0,1782.0,1838.0,79.0,98.0,23.0,511.0,512.0,513.0
1.0,5944.0,1515.0,1537.0,823.0,896.0,233.0,341.0,322.0,511.0,512.0,514.0,501.0,505.0,509.0,1965.0,1950.0,2029.0,233.0,341.0,322.0,511.0,512.0,514.0
1.0,5252.0,1544.0,1537.0,200.0,2240.0,662.0,764.0,814.0,511.0,512.0,514.0,508.0,521.0,515.0,1811.0,1707.0,1734.0,662.0,764.0,814.0,511.0,512.0,514.0
1.0,3908.0,1572.0,1537.0,896.0,2916.0,950.0,948.0,1018.0,511.0,512.0,514.0,521.0,525.0,526.0,1382.0,1284.0,1242.0,950.0,948.0,1018.0,511.0,512.0,514.0
1.0,3232.0,1542.0,1537.0,2240.0,2218.0,798.0,696.0,724.0,511.0,512.0,514.0,510.0,512.0,520.0,1094.0,1100.0,1038.0,798.0,696.0,724.0,511.0,512.0,514.0
1.0,3930.0,1503.0,1536.0,2916.0,801.0,348.0,247.0,206.0,510.0,512.0,514.0,504.0,499.0,500.0,1246.0,1352.0,1332.0,348.0,247.0,206.0,510.0,512.0,514.0
1.0,5343.0,1555.0,1538.0,2218.0,146.0,59.0,78.0,9.0,510.0,513.0,515.0,509.0,523.0,523.0,1692.0,1801.0,1850.0,59.0,78.0,9.0,510.0,513.0,515.0
1.0,6006.0,1621.0,1539.0,801.0,970.0,264.0,366.0,340.0,511.0,513.0,515.0,549.0,535.0,537.0,1981.0,1974.0,2051.0,264.0,366.0,340.0,511.0,513.0,515.0
1.0,5186.0,1555.0,1540.0,146.0,2383.0,721.0,821.0,841.0,511.0,514.0,515.0,516.0,529.0,510.0,1780.0,1686.0,1720.0,721.0,821.0,841.0,511.0,514.0,515.0
1.0,3777.0,1586.0,1541.0,970.0,3003.0,1000.0,980.0,1023.0,512.0,514.0,515.0,539.0,525.0,522.0,1323.0,1235.0,1219.0,1000.0,980.0,1023.0,512.0,514.0,515.0
1.0,3161.0,1545.0,1541.0,2383.0,2165.0,795.0,673.0,697.0,512.0,514.0,515.0,516.0,514.0,515.0,1048.0,1076.0,1037.0,795.0,673.0,697.0,512.0,514.0,515.0
1.0,3999.0,1556.0,1541.0,3003.0,718.0,323.0,203.0,192.0,512.0,514.0,515.0,528.0,510.0,518.0,1253.0,1383.0,1363.0,323.0,203.0,192.0,512.0,514.0,515.0
1.0,5446.0,1565.0,1541.0,2165.0,118.0,65.0,51.0,2.0,512.0,514.0,515.0,537.0,521.0,507.0,1725.0,1853.0,1868.0,65.0,51.0,2.0,512.0,514.0,515.0
1.0,6046.0,1530.0,1541.0,718.0,930.0,260.0,363.0,307.0,512.0,514.0,515.0,518.0,515.0,497.0,1983.0,2005.0,2058.0,260.0,363.0,307.0,512.0,514.0,515.0
1.0,5234.0,1567.0,1542.0,118.0,2383.0,732.0,834.0,817.0,512.0,515.0,515.0,537.0,518.0,512.0,1788.0,1693.0,1753.0,732.0,834.0,817.0,512.0,515.0,515.0
1.0,3785.0,1558.0,1543.0,930.0,3015.0,1006.0,981.0,1028.0,513.0,515.0,515.0,530.0,510.0,518.0,1316.0,1226.0,1243.0,1006.0,981.0,1028.0,513.0,515.0,515.0
1.0,3157.0,1579.0,1543.0,2383.0,2211.0,809.0,669.0,733.0,513.0,515.0,515.0,535.0,522.0,522.0,1046.0,1079.0,1032.0,809.0,669.0,733.0,513.0,515.0,515.0
1.0,3961.0,1550.0,1544.0,3015.0,750.0,337.0,195.0,218.0,514.0,515.0,515.0,530.0,507.0,513.0,1243.0,1391.0,1327.0,337.0,195.0,218.0,514.0,515.0,515.0
1.0,5426.0,1585.0,1546.0,2211.0,132.0,50.0,68.0,14.0,514.0,516.0,516.0,522.0,538.0,525.0,1719.0,1865.0,1842.0,50.0,68.0,14.0,514.0,516.0,516.0
1.0,6052.0,1551.0,1546.0,750.0,933.0,231.0,388.0,314.0,514.0,516.0,516.0,518.0,515.0,518.0,2006.0,1996.0,2050.0,231.0,388.0,314.0,514.0,516.0,516.0
1.0,5251.0,1577.0,1547.0,132.0,2382.0,716.0,846.0,820.0,515.0,516.0,516.0,531.0,526.0,520.0,1825.0,1676.0,1750.0,716.0,846.0,820.0,515.0,516.0,516.0
1.0,3806.0,1535.0,1548.0,933.0,2988.0,998.0,969.0,1021.0,515.0,517.0,516.0,513.0,507.0,515.0,1344.0,1218.0,1244.0,998.0,969.0,1021.0,515.0,517.0,516.0
1.0,3204.0,1568.0,1548.0,2382.0,2174.0,814.0,647.0,713.0,515.0,517.0,516.0,532.0,524.0,512.0,1062.0,1099.0,1043.0,814.0,647.0,713.0,515.0,517.0,516.0
1.0,4018.0,1581.0,1549.0,2988.0,771.0,354.0,200.0,217.0,516.0,517.0,516.0,534.0,522.0,525.0,1246.0,1421.0,1351.0,354.0,200.0,217.0,516.0,517.0,516.0
1.0,5425.0,1547.0,1549.0,2174.0,144.0,57.0,66.0,21.0,516.0,517.0,516.0,517.0,513.0,517.0,1710.0,1868.0,1847.0,57.0,66.0,21.0,516.0,517.0,516.0
1.0,6052.0,1547.0,1549.0,771.0,920.0,228.0,384.0,308.0,516.0,517.0,516.0,525.0,518.0,504.0,2007.0,2002.0,2043.0,228.0,384.0,308.0,516.0,517.0,516.0
1.0,5276.0,1549.0,1548.0,144.0,2321.0,695.0,833.0,793.0,516.0,517.0,515.0,524.0,515.0,510.0,1836.0,1684.0,1756.0,695.0,833.0,793.0,516.0,517.0,515.0
1.0,3871.0,1587.0,1549.0,920.0,2992.0,1003.0,980.0,1009.0,516.0,517.0,516.0,536.0,531.0,520.0,1369.0,1235.0,1267.0,1003.0,980.0,1009.0,516.0,517.0,516.0
1.0,3204.0,1596.0,1551.0,2321.0,2275.0,839.0,688.0,748.0,517.0,518.0,516.0,527.0,537.0,532.0,1061.0,1088.0,1055.0,839.0,688.0,748.0,517.0,518.0,516.0
1.0,3929.0,1541.0,1551.0,2992.0,824.0,364.0,214.0,246.0,517.0,518.0,516.0,528.0,506.0,507.0,1229.0,1384.0,1316.0,364.0,214.0,246.0,517.0,518.0,516.0
1.0,5380.0,1586.0,1551.0,2275.0,135.0,57.0,66.0,12.0,517.0,518.0,516.0,532.0,540.0,514.0,1704.0,1858.0,1818.0,57.0,66.0,12.0,517.0,518.0,516.0
1.0,6069.0,1550.0,1552.0,824.0,865.0,209.0,372.0,284.0,518.0,518.0,516.0,512.0,520.0,518.0,2011.0,2006.0,2052.0,209.0,372.0,284.0,518.0,518.0,516.0
1.0,5343.0,1585.0,1552.0,135.0,2315.0,683.0,834.0,798.0,518.0,518.0,516.0,531.0,528.0,526.0,1863.0,1700.0,1780.0,683.0,834.0,798.0,518.0,518.0,516.0
1.0,3893.0,1527.0,1552.0,865.0,2977.0,989.0,971.0,1017.0,518.0,518.0,516.0,515.0,509.0,503.0,1389.0,1238.0,1266.0,989.0,971.0,1017.0,518.0,518.0,516.0
1.0,3231.0,1549.0,1552.0,2315.0,2211.0,827.0,645.0,739.0,518.0,518.0,516.0,521.0,508.0,520.0,1083.0,1101.0,1047.0,827.0,645.0,739.0,518.0,518.0,516.0
1.0,3997.0,1537.0,1552.0,2977.0,771.0,355.0,177.0,239.0,518.0,518.0,516.0,517.0,503.0,517.0,1245.0,1427.0,1325.0,355.0,177.0,239.0,518.0,518.0,516.0
1.0,5437.0,1579.0,1553.0,2211.0,143.0,64.0,58.0,21.0,519.0,518.0,516.0,532.0,526.0,521.0,1717.0,1895.0,1825.0,64.0,58.0,21.0,519.0,518.0,516.0
1.0,6069.0,1557.0,1553.0,771.0,929.0,232.0,391.0,306.0,519.0,518.0,516.0,523.0,510.0,524.0,2012.0,2014.0,2043.0,232.0,391.0,306.0,519.0,518.0,516.0
1.0,5283.0,1595.0,1554.0,143.0,2385.0,710.0,863.0,812.0,520.0,518.0,516.0,538.0,530.0,527.0,1844.0,1681.0,1758.0,710.0,863.0,812.0,520.0,518.0,516.0
1.0,3831.0,1549.0,1556.0,929.0,3013.0,984.0,1003.0,1026.0,520.0,519.0,517.0,506.0,527.0,516.0,1370.0,1209.0,1252.0,984.0,1003.0,1026.0,520.0,519.0,517.0
1.0,3211.0,1566.0,1556.0,2385.0,2194.0,792.0,660.0,742.0,520.0,519.0,517.0,518.0,520.0,528.0,1096.0,1073.0,1042.0,792.0,660.0,742.0,520.0,519.0,517.0
1.0,4030.0,1572.0,1557.0,3013.0,757.0,336.0,178.0,243.0,521.0,519.0,517.0,524.0,521.0,527.0,1288.0,1416.0,1326.0,336.0,178.0,243.0,521.0,519.0,517.0
1.0,5471.0,1559.0,1557.0,2194.0,122.0,62.0,38.0,22.0,521.0,519.0,517.0,518.0,520.0,521.0,1748.0,1898.0,1825.0,62.0,38.0,22.0,521.0,519.0,517.0
1.0,6106.0,1588.0,1557.0,757.0,953.0,256.0,391.0,306.0,521.0,519.0,517.0,530.0,531.0,527.0,2022.0,2038.0,2046.0,256.0,391.0,306.0,521.0,519.0,517.0
1.0,5275.0,1549.0,1558.0,122.0,2384.0,715.0,877.0,792.0,522.0,519.0,517.0,517.0,524.0,508.0,1828.0,1685.0,1762.0,715.0,877.0,792.0,522.0,519.0,517.0
1.0,3848.0,1573.0,1559.0,953.0,3008.0,959.0,1024.0,1025.0,521.0,520.0,518.0,504.0,534.0,535.0,1373.0,1199.0,1276.0,959.0,1024.0,1025.0,521.0,520.0,518.0
1.0,3228.0,1551.0,1558.0,2384.0,2171.0,749.0,663.0,759.0,521.0,519.0,518.0,505.0,520.0,526.0,1125.0,1056.0,1047.0,749.0,663.0,759.0,521.0,519.0,518.0
1.0,4061.0,1585.0,1559.0,3008.0,752.0,308.0,180.0,264.0,521.0,520.0,518.0,518.0,537.0,530.0,1335.0,1413.0,1313.0,308.0,180.0,264.0,521.0,520.0,518.0
1.0,5484.0,1599.0,1560.0,2171.0,184.0,86.0,53.0,45.0,522.0,520.0,518.0,523.0,536.0,540.0,1776.0,1900.0,1808.0,86.0,53.0,45.0,522.0,520.0,518.0
1.0,6056.0,1565.0,1562.0,752.0,1005.0,288.0,406.0,311.0,522.0,521.0,519.0,510.0,529.0,526.0,2002.0,2027.0,2027.0,288.0,406.0,311.0,522.0,521.0,519.0
1.0,5243.0,1603.0,1562.0,184.0,2424.0,731.0,892.0,801.0,522.0,521.0,519.0,529.0,539.0,535.0,1800.0,1678.0,1765.0,731.0,892.0,801.0,522.0,521.0,519.0
1.0,3824.0,1591.0,1562.0,1005.0,3010.0,961.0,1024.0,1025.0,522.0,521.0,519.0,518.0,538.0,535.0,1357.0,1192.0,1275.0,961.0,1024.0,1025.0,522.0,521.0,519.0
1.0,3238.0,1577.0,1564.0,2424.0,2171.0,752.0,667.0,752.0,522.0,522.0,520.0,522.0,531.0,524.0,1127.0,1060.0,1051.0,752.0,667.0,752.0,522.0,522.0,520.0
1.0,4085.0,1588.0,1565.0,3010.0,753.0,314.0,183.0,256.0,523.0,522.0,520.0,519.0,540.0,529.0,1336.0,1421.0,1328.0,314.0,183.0,256.0,523.0,522.0,520.0
1.0,5507.0,1609.0,1566.0,2171.0,195.0,88.0,62.0,45.0,523.0,523.0,520.0,526.0,542.0,541.0,1778.0,1905.0,1824.0,88.0,62.0,45.0,523.0,523.0,520.0
1.0,6069.0,1578.0,1566.0,753.0,1020.0,296.0,407.0,317.0,523.0,523.0,520.0,522.0,528.0,528.0,2004.0,2030.0,2035.0,296.0,407.0,317.0,523.0,523.0,520.0
1.0,5244.0,1603.0,1567.0,195.0,2432.0,731.0,884.0,817.0,523.0,523.0,521.0,523.0,539.0,541.0,1796.0,1685.0,1763.0,731.0,884.0,817.0,523.0,523.0,521.0
1.0,3836.0,1593.0,1569.0,1020.0,3013.0,951.0,1013.0,1049.0,523.0,524.0,522.0,516.0,532.0,545.0,1361.0,1208.0,1267.0,951.0,1013.0,1049.0,523.0,524.0,522.0
1.0,3263.0,1591.0,1570.0,2432.0,2176.0,751.0,656.0,769.0,524.0,524.0,522.0,527.0,527.0,537.0,1141.0,1083.0,1039.0,751.0,656.0,769.0,524.0,524.0,522.0
1.0,4104.0,1581.0,1569.0,3013.0,740.0,313.0,177.0,250.0,523.0,524.0,522.0,517.0,534.0,530.0,1345.0,1440.0,1319.0,313.0,177.0,250.0,523.0,524.0,522.0
1.0,5536.0,1600.0,1570.0,2176.0,168.0,105.0,59.0,4.0,524.0,524.0,522.0,539.0,538.0,523.0,1779.0,1919.0,1838.0,105.0,59.0,4.0,524.0,524.0,522.0
1.0,6112.0,1587.0,1569.0,740.0,1011.0,313.0,410.0,288.0,523.0,524.0,522.0,525.0,528.0,534.0,1991.0,2037.0,2084.0,313.0,410.0,288.0,523.0,524.0,522.0
1.0,5265.0,1553.0,1569.0,168.0,2396.0,725.0,868.0,803.0,523.0,524.0,522.0,517.0,517.0,519.0,1779.0,1686.0,1800.0,725.0,868.0,803.0,523.0,524.0,522.0
1.0,3880.0,1581.0,1570.0,1011.0,2970.0,936.0,981.0,1053.0,523.0,524.0,523.0,524.0,523.0,534.0,1367.0,1228.0,1285.0,936.0,981.0,1053.0,523.0,524.0,523.0
1.0,3310.0,1574.0,1570.0,2396.0,2148.0,737.0,633.0,778.0,523.0,524.0,523.0,526.0,520.0,528.0,1156.0,1115.0,1039.0,737.0,633.0,778.0,523.0,524.0,523.0
1.0,4132.0,1532.0,1570.0,2970.0,710.0,310.0,168.0,232.0,523.0,524.0,523.0,509.0,516.0,507.0,1355.0,1463.0,1314.0,310.0,168.0,232.0,523.0,524.0,523.0
1.0,5570.0,1623.0,1572.0,2148.0,195.0,118.0,77.0,0.0,523.0,525.0,524.0,545.0,538.0,540.0,1782.0,1928.0,1860.0,118.0,77.0,0.0,523.0,525.0,524.0
1.0,6095.0,1586.0,1572.0,710.0,1069.0,330.0,441.0,298.0,523.0,525.0,524.0,522.0,532.0,532.0,1974.0,2023.0,2098.0,330.0,441.0,298.0,523.0,525.0,524.0
1.0,5219.0,1620.0,1574.0,195.0,2502.0,747.0,912.0,843.0,523.0,526.0,525.0,535.0,544.0,541.0,1762.0,1659.0,1798.0,747.0,912.0,843.0,523.0,526.0,525.0
1.0,3794.0,1618.0,1574.0,1069.0,3051.0,959.0,1015.0,1077.0,523.0,526.0,525.0,542.0,544.0,532.0,1345.0,1192.0,1257.0,959.0,1015.0,1077.0,523.0,526.0,525.0
1.0,3245.0,1609.0,1574.0,2502.0,2158.0,749.0,634.0,775.0,523.0,526.0,525.0,537.0,531.0,541.0,1133.0,1089.0,1023.0,749.0,634.0,775.0,523.0,526.0,525.0
1.0,4138.0,1599.0,1576.0,3051.0,714.0,332.0,156.0,226.0,524.0,527.0,525.0,538.0,533.0,528.0,1343.0,1470.0,1325.0,332.0,156.0,226.0,524.0,527.0,525.0
1.0,5590.0,1624.0,1577.0,2158.0,189.0,128.0,61.0,0.0,524.0,527.0,526.0,545.0,539.0,540.0,1764.0,1952.0,1874.0,128.0,61.0,0.0,524.0,527.0,526.0
1.0,6124.0,1602.0,1578.0,714.0,1076.0,336.0,434.0,306.0,525.0,527.0,526.0,536.0,529.0,537.0,1968.0,2047.0,2109.0,336.0,434.0,306.0,525.0,527.0,526.0
1.0,5236.0,1595.0,1579.0,189.0,2486.0,733.0,913.0,840.0,524.0,528.0,527.0,529.0,536.0,530.0,1764.0,1674.0,1798.0,733.0,913.0,840.0,524.0,528.0,527.0
1.0,3830.0,1584.0,1578.0,1076.0,2990.0,932.0,991.0,1067.0,524.0,527.0,527.0,535.0,516.0,533.0,1363.0,1199.0,1268.0,932.0,991.0,1067.0,524.0,527.0,527.0
1.0,3322.0,1560.0,1579.0,2486.0,2068.0,728.0,593.0,747.0,525.0,527.0,527.0,525.0,515.0,520.0,1164.0,1117.0,1041.0,728.0,593.0,747.0,525.0,527.0,527.0
1.0,4248.0,1592.0,1580.0,2990.0,674.0,335.0,131.0,208.0,525.0,528.0,527.0,539.0,525.0,528.0,1372.0,1515.0,1361.0,335.0,131.0,208.0,525.0,528.0,527.0
1.0,5646.0,1595.0,1581.0,2068.0,209.0,144.0,65.0,0.0,525.0,528.0,528.0,537.0,527.0,531.0,1765.0,1981.0,1900.0,144.0,65.0,0.0,525.0,528.0,528.0
1.0,6119.0,1600.0,1581.0,674.0,1131.0,346.0,460.0,325.0,525.0,528.0,528.0,537.0,526.0,537.0,1956.0,2047.0,2116.0,346.0,460.0,325.0,525.0,528.0,528.0
1.0,5193.0,1580.0,1581.0,209.0,2502.0,737.0,919.0,846.0,525.0,528.0,528.0,535.0,524.0,521.0,1754.0,1652.0,1787.0,737.0,919.0,846.0,525.0,528.0,528.0
1.0,3822.0,1606.0,1581.0,1131.0,2977.0,926.0,997.0,1054.0,525.0,528.0,528.0,535.0,538.0,533.0,1363.0,1193.0,1266.0,926.0,997.0,1054.0,525.0,528.0,528.0
1.0,3347.0,1590.0,1583.0,2502.0,2073.0,727.0,605.0,741.0,526.0,528.0,529.0,534.0,527.0,529.0,1174.0,1115.0,1058.0,727.0,605.0,741.0,526.0,528.0,529.0
1.0,4259.0,1593.0,1583.0,2977.0,689.0,341.0,133.0,215.0,526.0,528.0,529.0,540.0,525.0,528.0,1377.0,1507.0,1375.0,341.0,133.0,215.0,526.0,528.0,529.0
1.0,5643.0,1544.0,1583.0,2073.0,168.0,132.0,36.0,0.0,526.0,528.0,529.0,518.0,508.0,518.0,1763.0,1979.0,1901.0,132.0,36.0,0.0,526.0,528.0,529.0
1.0,6172.0,1559.0,1583.0,689.0,1030.0,316.0,424.0,290.0,526.0,528.0,529.0,525.0,521.0,513.0,1972.0,2076.0,2124.0,316.0,424.0,290.0,526.0,528.0,529.0
1.0,5302.0,1565.0,1583.0,168.0,2427.0,713.0,904.0,810.0,526.0,528.0,529.0,529.0,516.0,520.0,1788.0,1688.0,1826.0,713.0,904.0,810.0,526.0,528.0,529.0
1.0,3905.0,1593.0,1584.0,1030.0,2994.0,939.0,1011.0,1044.0,527.0,528.0,529.0,538.0,531.0,524.0,1391.0,1208.0,1306.0,939.0,1011.0,1044.0,527.0,528.0,529.0
1.0,3342.0,1575.0,1584.0,2427.0,2142.0,746.0,642.0,754.0,526.0,529.0,529.0,524.0,531.0,520.0,1169.0,1101.0,1072.0,746.0,642.0,754.0,526.0,529.0,529.0
1.0,4194.0,1548.0,1585.0,2994.0,700.0,340.0,140.0,220.0,527.0,529.0,529.0,529.0,509.0,510.0,1358.0,1474.0,1362.0,340.0,140.0,220.0,527.0,529.0,529.0
1.0,5640.0,1585.0,1584.0,2142.0,143.0,115.0,28.0,0.0,526.0,529.0,529.0,525.0,530.0,530.0,1768.0,1976.0,1896.0,115.0,28.0,0.0,526.0,529.0,529.0
1.0,6197.0,1558.0,1584.0,700.0,997.0,298.0,387.0,312.0,527.0,528.0,529.0,519.0,503.0,536.0,1989.0,2088.0,2120.0,298.0,387.0,312.0,527.0,528.0,529.0
1.0,5339.0,1611.0,1584.0,143.0,2465.0,725.0,894.0,846.0,527.0,528.0,529.0,542.0,535.0,534.0,1810.0,1725.0,1804.0,725.0,894.0,846.0,527.0,528.0,529.0
1.0,3871.0,1575.0,1584.0,997.0,3043.0,960.0,1028.0,1055.0,527.0,528.0,529.0,533.0,521.0,521.0,1383.0,1218.0,1270.0,960.0,1028.0,1055.0,527.0,528.0,529.0
1.0,3293.0,1603.0,1585.0,2465.0,2185.0,766.0,677.0,742.0,527.0,529.0,529.0,531.0,539.0,533.0,1148.0,1084.0,1061.0,766.0,677.0,742.0,527.0,529.0,529.0
1.0,4155.0,1580.0,1585.0,3043.0,722.0,336.0,178.0,208.0,527.0,529.0,529.0,530.0,529.0,521.0,1342.0,1439.0,1374.0,336.0,178.0,208.0,527.0,529.0,529.0
1.0,5618.0,1564.0,1585.0,2185.0,112.0,90.0,22.0,0.0,527.0,529.0,529.0,520.0,521.0,523.0,1772.0,1938.0,1908.0,90.0,22.0,0.0,527.0,529.0,529.0
1.0,6239.0,1560.0,1585.0,722.0,939.0,285.0,352.0,302.0,528.0,528.0,529.0,527.0,512.0,521.0,2018.0,2094.0,2127.0,285.0,352.0,302.0,528.0,528.0,529.0
1.0,5401.0,1589.0,1585.0,112.0,2416.0,722.0,859.0,835.0,528.0,528.0,529.0,527.0,529.0,533.0,1827.0,1760.0,1814.0,722.0,859.0,835.0,528.0,528.0,529.0
1.0,3924.0,1597.0,1586.0,939.0,3078.0,975.0,1038.0,1065.0,529.0,528.0,529.0,534.0,531.0,532.0,1390.0,1253.0,1281.0,975.0,1038.0,1065.0,529.0,528.0,529.0
1.0,3266.0,1615.0,1586.0,2416.0,2277.0,796.0,722.0,759.0,529.0,528.0,529.0,543.0,543.0,529.0,1141.0,1074.0,1051.0,796.0,722.0,759.0,529.0,528.0,529.0
1.0,4067.0,1605.0,1588.0,3078.0,812.0,361.0,225.0,226.0,530.0,529.0,529.0,536.0,537.0,532.0,1320.0,1390.0,1357.0,361.0,225.0,226.0,530.0,529.0,529.0
1.0,5540.0,1587.0,1587.0,2277.0,124.0,96.0,28.0,0.0,530.0,528.0,529.0,531.0,529.0,527.0,1759.0,1891.0,1890.0,96.0,28.0,0.0,530.0,528.0,529.0
1.0,6230.0,1623.0,1588.0,812.0,933.0,265.0,357.0,311.0,530.0,529.0,529.0,530.0,550.0,543.0,2024.0,2084.0,2122.0,265.0,357.0,311.0,530.0,529.0,529.0
1.0,5419.0,1615.0,1589.0,124.0,2428.0,706.0,869.0,853.0,530.0,529.0,530.0,537.0,540.0,538.0,1855.0,1759.0,1805.0,706.0,869.0,853.0,530.0,529.0,530.0
1.0,3928.0,1608.0,1589.0,933.0,3103.0,972.0,1052.0,1079.0,530.0,529.0,530.0,531.0,540.0,537.0,1414.0,1247.0,1267.0,972.0,1052.0,1079.0,530.0,529.0,530.0
1.0,3253.0,1616.0,1589.0,2428.0,2291.0,802.0,715.0,774.0,530.0,529.0,530.0,536.0,532.0,548.0,1148.0,1064.0,1041.0,802.0,715.0,774.0,530.0,529.0,530.0
1.0,4065.0,1628.0,1590.0,3103.0,820.0,370.0,211.0,239.0,531.0,529.0,530.0,536.0,548.0,544.0,1318.0,1401.0,1346.0,370.0,211.0,239.0,531.0,529.0,530.0
1.0,5540.0,1574.0,1590.0,2291.0,121.0,93.0,28.0,0.0,531.0,529.0,530.0,525.0,532.0,517.0,1754.0,1905.0,1881.0,93.0,28.0,0.0,531.0,529.0,530.0
1.0,6257.0,1618.0,1590.0,820.0,901.0,262.0,356.0,283.0,531.0,529.0,530.0,539.0,539.0,540.0,2031.0,2088.0,2138.0,262.0,356.0,283.0,531.0,529.0,530.0
1.0,5459.0,1587.0,1589.0,121.0,2363.0,696.0,857.0,810.0,531.0,529.0,529.0,527.0,529.0,531.0,1862.0,1760.0,1837.0,696.0,857.0,810.0,531.0,529.0,529.0
1.0,3993.0,1628.0,1591.0,901.0,3098.0,980.0,1050.0,1068.0,532.0,529.0,530.0,542.0,549.0,537.0,1428.0,1259.0,1306.0,980.0,1050.0,1068.0,532.0,529.0,530.0
1.0,3266.0,1645.0,1592.0,2363.0,2384.0,835.0,746.0,803.0,532.0,530.0,530.0,551.0,549.0,545.0,1148.0,1066.0,1052.0,835.0,746.0,803.0,532.0,530.0,530.0
1.0,3984.0,1584.0,1592.0,3098.0,870.0,379.0,224.0,267.0,532.0,530.0,530.0,524.0,528.0,532.0,1293.0,1374.0,1317.0,379.0,224.0,267.0,532.0,530.0,530.0
1.0,5498.0,1627.0,1592.0,2384.0,113.0,85.0,24.0,4.0,532.0,530.0,530.0,541.0,546.0,540.0,1749.0,1896.0,1853.0,85.0,24.0,4.0,532.0,530.0,530.0
1.0,6255.0,1606.0,1594.0,870.0,857.0,240.0,350.0,267.0,533.0,531.0,530.0,530.0,546.0,530.0,2043.0,2096.0,2116.0,240.0,350.0,267.0,533.0,531.0,530.0
1.0,5519.0,1595.0,1594.0,113.0,2339.0,685.0,864.0,790.0,533.0,531.0,530.0,530.0,538.0,527.0,1892.0,1774.0,1853.0,685.0,864.0,790.0,533.0,531.0,530.0
1.0,4037.0,1642.0,1596.0,857.0,3132.0,984.0,1070.0,1078.0,533.0,532.0,531.0,539.0,552.0,551.0,1447.0,1260.0,1330.0,984.0,1070.0,1078.0,533.0,532.0,531.0
1.0,3252.0,1639.0,1596.0,2339.0,2432.0,837.0,759.0,836.0,533.0,532.0,531.0,538.0,553.0,548.0,1148.0,1058.0,1046.0,837.0,759.0,836.0,533.0,532.0,531.0
1.0,3952.0,1634.0,1597.0,3132.0,938.0,383.0,239.0,316.0,533.0,532.0,532.0,530.0,550.0,554.0,1295.0,1369.0,1288.0,383.0,239.0,316.0,533.0,532.0,532.0
1.0,5450.0,1672.0,1599.0,2432.0,186.0,103.0,49.0,34.0,534.0,533.0,532.0,553.0,565.0,554.0,1749.0,1889.0,1812.0,103.0,49.0,34.0,534.0,533.0,532.0
1.0,6210.0,1625.0,1598.0,938.0,869.0,249.0,358.0,262.0,533.0,533.0,532.0,533.0,548.0,544.0,2033.0,2083.0,2094.0,249.0,358.0,262.0,533.0,533.0,532.0
1.0,5523.0,1641.0,1599.0,186.0,2328.0,695.0,859.0,774.0,534.0,533.0,532.0,545.0,550.0,546.0,1883.0,1774.0,1866.0,695.0,859.0,774.0,534.0,533.0,532.0
1.0,4068.0,1634.0,1600.0,869.0,3097.0,986.0,1047.0,1064.0,534.0,533.0,533.0,540.0,546.0,548.0,1441.0,1273.0,1354.0,986.0,1047.0,1064.0,534.0,533.0,533.0
1.0,3303.0,1639.0,1600.0,2328.0,2408.0,843.0,721.0,844.0,534.0,533.0,533.0,552.0,533.0,554.0,1150.0,1085.0,1068.0,843.0,721.0,844.0,534.0,533.0,533.0
1.0,3992.0,1655.0,1601.0,3097.0,970.0,409.0,230.0,331.0,534.0,534.0,533.0,552.0,552.0,551.0,1293.0,1411.0,1288.0,409.0,230.0,331.0,534.0,534.0,533.0
1.0,5434.0,1680.0,1603.0,2408.0,250.0,130.0,67.0,53.0,535.0,534.0,534.0,560.0,558.0,562.0,1727.0,1906.0,1801.0,130.0,67.0,53.0,535.0,534.0,534.0
1.0,6162.0,1607.0,1603.0,970.0,887.0,256.0,375.0,256.0,535.0,534.0,534.0,535.0,538.0,534.0,2010.0,2069.0,2083.0,256.0,375.0,256.0,535.0,534.0,534.0
1.0,5525.0,1635.0,1604.0,250.0,2276.0,671.0,851.0,754.0,535.0,535.0,534.0,545.0,539.0,551.0,1884.0,1761.0,1880.0,671.0,851.0,754.0,535.0,535.0,534.0
1.0,4140.0,1646.0,1605.0,887.0,3039.0,969.0,1028.0,1042.0,535.0,535.0,535.0,554.0,552.0,540.0,1469.0,1289.0,1382.0,969.0,1028.0,1042.0,535.0,535.0,535.0
1.0,3381.0,1659.0,1607.0,2276.0,2430.0,858.0,730.0,842.0,536.0,536.0,535.0,556.0,549.0,554.0,1171.0,1112.0,1098.0,858.0,730.0,842.0,536.0,536.0,535.0
1.0,3998.0,1611.0,1607.0,3039.0,1002.0,426.0,241.0,335.0,536.0,536.0,535.0,537.0,539.0,535.0,1286.0,1414.0,1298.0,426.0,241.0,335.0,536.0,536.0,535.0
1.0,5426.0,1626.0,1608.0,2430.0,202.0,110.0,59.0,33.0,536.0,537.0,535.0,542.0,544.0,540.0,1718.0,1903.0,1805.0,110.0,59.0,33.0,536.0,537.0,535.0
1.0,6230.0,1637.0,1609.0,1002.0,841.0,225.0,364.0,252.0,536.0,537.0,536.0,541.0,546.0,550.0,2034.0,2089.0,2107.0,225.0,364.0,252.0,536.0,537.0,536.0
1.0,5595.0,1635.0,1609.0,202.0,2274.0,664.0,848.0,762.0,536.0,537.0,536.0,549.0,543.0,543.0,1919.0,1784.0,1892.0,664.0,848.0,762.0,536.0,537.0,536.0
1.0,4162.0,1654.0,1610.0,841.0,3091.0,991.0,1030.0,1070.0,536.0,537.0,537.0,552.0,546.0,556.0,1480.0,1300.0,1382.0,991.0,1030.0,1070.0,536.0,537.0,537.0
1.0,3349.0,1597.0,1612.0,2274.0,2422.0,859.0,716.0,847.0,537.0,538.0,537.0,528.0,530.0,539.0,1153.0,1118.0,1078.0,859.0,716.0,847.0,537.0,538.0,537.0
1.0,4026.0,1627.0,1613.0,3091.0,962.0,412.0,226.0,324.0,537.0,538.0,538.0,544.0,540.0,543.0,1289.0,1436.0,1301.0,412.0,226.0,324.0,537.0,538.0,538.0
1.0,5490.0,1613.0,1613.0,2422.0,153.0,102.0,36.0,15.0,537.0,538.0,538.0,549.0,526.0,538.0,1736.0,1926.0,1828.0,102.0,36.0,15.0,537.0,538.0,538.0
1.0,6299.0,1573.0,1613.0,962.0,764.0,223.0,325.0,216.0,537.0,538.0,538.0,533.0,515.0,525.0,2046.0,2116.0,2137.0,223.0,325.0,216.0,537.0,538.0,538.0
1.0,5688.0,1632.0,1614.0,153.0,2247.0,674.0,825.0,748.0,538.0,538.0,538.0,549.0,536.0,547.0,1925.0,1827.0,1936.0,674.0,825.0,748.0,538.0,538.0,538.0
1.0,4209.0,1635.0,1616.0,764.0,3126.0,992.0,1045.0,1089.0,538.0,539.0,539.0,541.0,541.0,553.0,1478.0,1327.0,1404.0,992.0,1045.0,1089.0,538.0,539.0,539.0
1.0,3338.0,1626.0,1616.0,2247.0,2505.0,860.0,763.0,882.0,538.0,539.0,539.0,542.0,543.0,541.0,1160.0,1111.0,1067.0,860.0,763.0,882.0,538.0,539.0,539.0
1.0,3959.0,1652.0,1619.0,3126.0,1043.0,423.0,270.0,350.0,539.0,540.0,540.0,551.0,548.0,553.0,1292.0,1393.0,1274.0,423.0,270.0,350.0,539.0,540.0,540.0
1.0,5433.0,1616.0,1619.0,2505.0,154.0,108.0,32.0,14.0,539.0,540.0,540.0,545.0,525.0,546.0,1733.0,1890.0,1810.0,108.0,32.0,14.0,539.0,540.0,540.0
1.0,6322.0,1600.0,1619.0,1043.0,711.0,228.0,289.0,194.0,539.0,540.0,540.0,543.0,527.0,530.0,2048.0,2128.0,2146.0,228.0,289.0,194.0,539.0,540.0,540.0
1.0,5765.0,1622.0,1620.0,154.0,2183.0,661.0,787.0,735.0,539.0,540.0,541.0,541.0,530.0,551.0,1928.0,1871.0,1966.0,661.0,787.0,735.0,539.0,540.0,541.0
1.0,4297.0,1613.0,1621.0,711.0,3089.0,975.0,1034.0,1080.0,540.0,540.0,541.0,538.0,536.0,539.0,1495.0,1373.0,1429.0,975.0,1034.0,1080.0,540.0,540.0,541.0
1.0,3395.0,1593.0,1621.0,2183.0,2499.0,845.0,767.0,887.0,540.0,540.0,541.0,531.0,520.0,542.0,1185.0,1126.0,1084.0,845.0,767.0,887.0,540.0,540.0,541.0
1.0,3985.0,1604.0,1621.0,3089.0,1014.0,408.0,270.0,336.0,540.0,540.0,541.0,538.0,537.0,529.0,1315.0,1393.0,1277.0,408.0,270.0,336.0,540.0,540.0,541.0
1.0,5470.0,1627.0,1623.0,2499.0,154.0,97.0,57.0,0.0,540.0,541.0,542.0,534.0,550.0,543.0,1752.0,1890.0,1828.0,97.0,57.0,0.0,540.0,541.0,542.0
1.0,6342.0,1636.0,1623.0,1014.0,772.0,233.0,330.0,209.0,540.0,541.0,542.0,544.0,543.0,549.0,2063.0,2107.0,2172.0,233.0,330.0,209.0,540.0,541.0,542.0
1.0,5720.0,1650.0,1623.0,154.0,2268.0,674.0,826.0,768.0,540.0,541.0,542.0,538.0,553.0,559.0,1927.0,1834.0,1959.0,674.0,826.0,768.0,540.0,541.0,542.0
1.0,4224.0,1615.0,1624.0,772.0,3115.0,983.0,1032.0,1100.0,540.0,541.0,543.0,542.0,536.0,537.0,1486.0,1338.0,1400.0,983.0,1032.0,1100.0,540.0,541.0,543.0
1.0,3381.0,1608.0,1624.0,2268.0,2455.0,836.0,745.0,874.0,540.0,541.0,543.0,527.0,539.0,542.0,1177.0,1132.0,1072.0,836.0,745.0,874.0,540.0,541.0,543.0
1.0,4041.0,1652.0,1625.0,3115.0,996.0,406.0,261.0,329.0,541.0,541.0,543.0,549.0,548.0,555.0,1324.0,1419.0,1298.0,406.0,261.0,329.0,541.0,541.0,543.0
1.0,5504.0,1641.0,1625.0,2455.0,182.0,105.0,65.0,12.0,541.0,541.0,543.0,535.0,549.0,557.0,1758.0,1903.0,1843.0,105.0,65.0,12.0,541.0,541.0,543.0
1.0,6318.0,1644.0,1626.0,996.0,834.0,255.0,343.0,236.0,541.0,541.0,544.0,556.0,539.0,549.0,2059.0,2099.0,2160.0,255.0,343.0,236.0,541.0,541.0,544.0
1.0,5670.0,1647.0,1627.0,182.0,2303.0,695.0,830.0,778.0,541.0,542.0,544.0,545.0,548.0,554.0,1909.0,1821.0,1940.0,695.0,830.0,778.0,541.0,542.0,544.0
1.0,4205.0,1603.0,1626.0,834.0,3068.0,964.0,1022.0,1082.0,541.0,541.0,544.0,524.0,539.0,540.0,1469.0,1338.0,1398.0,964.0,1022.0,1082.0,541.0,541.0,544.0
1.0,3436.0,1630.0,1627.0,2303.0,2399.0,808.0,744.0,847.0,541.0,542.0,544.0,539.0,548.0,543.0,1200.0,1142.0,1094.0,808.0,744.0,847.0,541.0,542.0,544.0
1.0,4109.0,1632.0,1627.0,3068.0,963.0,385.0,264.0,314.0,541.0,542.0,544.0,541.0,542.0,549.0,1356.0,1424.0,1329.0,385.0,264.0,314.0,541.0,542.0,544.0
1.0,5545.0,1623.0,1629.0,2399.0,195.0,133.0,55.0,7.0,542.0,542.0,545.0,552.0,535.0,536.0,1779.0,1904.0,1862.0,133.0,55.0,7.0,542.0,542.0,545.0
1.0,6321.0,1662.0,1629.0,963.0,894.0,304.0,346.0,244.0,542.0,542.0,545.0,556.0,555.0,551.0,2035.0,2113.0,2173.0,304.0,346.0,244.0,542.0,542.0,545.0
1.0,5622.0,1658.0,1629.0,195.0,2357.0,728.0,839.0,790.0,542.0,542.0,545.0,557.0,548.0,553.0,1864.0,1822.0,1936.0,728.0,839.0,790.0,542.0,542.0,545.0
1.0,4159.0,1670.0,1631.0,894.0,3141.0,981.0,1054.0,1106.0,543.0,543.0,545.0,553.0,557.0,560.0,1440.0,1329.0,1390.0,981.0,1054.0,1106.0,543.0,543.0,545.0
1.0,3383.0,1640.0,1632.0,2357.0,2428.0,801.0,765.0,862.0,543.0,543.0,546.0,548.0,550.0,542.0,1191.0,1118.0,1074.0,801.0,765.0,862.0,543.0,543.0,546.0
1.0,4100.0,1657.0,1632.0,3141.0,944.0,370.0,261.0,313.0,543.0,543.0,546.0,550.0,550.0,557.0,1371.0,1407.0,1322.0,370.0,261.0,313.0,543.0,543.0,546.0
1.0,5584.0,1680.0,1634.0,2428.0,204.0,136.0,56.0,12.0,544.0,543.0,547.0,563.0,560.0,557.0,1802.0,1911.0,1871.0,136.0,56.0,12.0,544.0,543.0,547.0
1.0,6332.0,1682.0,1634.0,944.0,942.0,325.0,354.0,263.0,544.0,543.0,547.0,559.0,559.0,564.0,2040.0,2116.0,2176.0,325.0,354.0,263.0,544.0,543.0,547.0
1.0,5594.0,1649.0,1634.0,204.0,2387.0,729.0,852.0,806.0,544.0,543.0,547.0,540.0,554.0,555.0,1851.0,1818.0,1925.0,729.0,852.0,806.0,544.0,543.0,547.0
1.0,4149.0,1636.0,1635.0,942.0,3085.0,952.0,1040.0,1093.0,545.0,543.0,547.0,544.0,542.0,550.0,1447.0,1320.0,1382.0,952.0,1040.0,1093.0,545.0,543.0,547.0
1.0,3455.0,1671.0,1634.0,2387.0,2365.0,770.0,749.0,846.0,544.0,543.0,547.0,551.0,561.0,559.0,1228.0,1132.0,1095.0,770.0,749.0,846.0,544.0,543.0,547.0
1.0,4171.0,1700.0,1635.0,3085.0,984.0,393.0,271.0,320.0,545.0,543.0,547.0,571.0,562.0,567.0,1406.0,1423.0,1342.0,393.0,271.0,320.0,545.0,543.0,547.0
1.0,5556.0,1635.0,1635.0,2365.0,254.0,170.0,71.0,13.0,545.0,543.0,547.0,547.0,549.0,539.0,1787.0,1901.0,1868.0,170.0,71.0,13.0,545.0,543.0,547.0
1.0,6286.0,1638.0,1635.0,984.0,908.0,327.0,351.0,230.0,545.0,543.0,547.0,550.0,551.0,537.0,2010.0,2101.0,2175.0,327.0,351.0,230.0,545.0,543.0,547.0
1.0,5632.0,1614.0,1636.0,254.0,2272.0,693.0,830.0,749.0,545.0,544.0,547.0,536.0,546.0,532.0,1853.0,1821.0,1958.0,693.0,830.0,749.0,545.0,544.0,547.0
1.0,4272.0,1681.0,1636.0,908.0,3045.0,921.0,1044.0,1080.0,545.0,544.0,547.0,555.0,565.0,561.0,1487.0,1346.0,1439.0,921.0,1044.0,1080.0,545.0,544.0,547.0
1.0,3499.0,1637.0,1635.0,2272.0,2406.0,776.0,763.0,867.0,545.0,544.0,546.0,548.0,549.0,540.0,1259.0,1132.0,1108.0,776.0,763.0,867.0,545.0,544.0,546.0
1.0,4134.0,1649.0,1636.0,3045.0,1014.0,410.0,265.0,339.0,545.0,544.0,547.0,555.0,546.0,548.0,1404.0,1413.0,1317.0,410.0,265.0,339.0,545.0,544.0,547.0
1.0,5530.0,1617.0,1635.0,2406.0,221.0,171.0,48.0,2.0,545.0,544.0,546.0,537.0,546.0,534.0,1770.0,1911.0,1849.0,171.0,48.0,2.0,545.0,544.0,546.0
1.0,6319.0,1651.0,1636.0,1014.0,862.0,314.0,333.0,215.0,545.0,544.0,547.0,553.0,550.0,548.0,2009.0,2128.0,2182.0,314.0,333.0,215.0,545.0,544.0,547.0
1.0,5682.0,1684.0,1636.0,221.0,2325.0,711.0,844.0,770.0,545.0,544.0,547.0,568.0,559.0,557.0,1866.0,1843.0,1973.0,711.0,844.0,770.0,545.0,544.0,547.0
1.0,4219.0,1665.0,1638.0,862.0,3136.0,952.0,1083.0,1101.0,546.0,545.0,547.0,551.0,568.0,546.0,1469.0,1332.0,1418.0,952.0,1083.0,1101.0,546.0,545.0,547.0
1.0,3416.0,1652.0,1638.0,2325.0,2463.0,794.0,794.0,875.0,546.0,545.0,547.0,553.0,555.0,544.0,1232.0,1097.0,1087.0,794.0,794.0,875.0,546.0,545.0,547.0
1.0,4089.0,1638.0,1638.0,3136.0,965.0,392.0,261.0,312.0,546.0,545.0,547.0,550.0,550.0,538.0,1390.0,1386.0,1313.0,392.0,261.0,312.0,546.0,545.0,547.0
1.0,5587.0,1634.0,1638.0,2463.0,150.0,144.0,6.0,0.0,546.0,545.0,547.0,546.0,539.0,549.0,1792.0,1919.0,1876.0,144.0,6.0,0.0,546.0,545.0,547.0
1.0,6416.0,1620.0,1637.0,965.0,787.0,291.0,287.0,209.0,546.0,545.0,546.0,539.0,542.0,539.0,2040.0,2174.0,2202.0,291.0,287.0,209.0,546.0,545.0,546.0
1.0,5761.0,1658.0,1638.0,150.0,2299.0,702.0,835.0,762.0,546.0,545.0,547.0,555.0,554.0,549.0,1893.0,1893.0,1975.0,702.0,835.0,762.0,546.0,545.0,547.0
1.0,4253.0,1648.0,1639.0,787.0,3164.0,960.0,1108.0,1096.0,546.0,546.0,547.0,549.0,556.0,543.0,1482.0,1345.0,1426.0,960.0,1108.0,1096.0,546.0,546.0,547.0
1.0,3392.0,1679.0,1640.0,2299.0,2548.0,824.0,837.0,887.0,547.0,546.0,547.0,562.0,564.0,553.0,1224.0,1076.0,1092.0,824.0,837.0,887.0,547.0,546.0,547.0
1.0,4012.0,1683.0,1642.0,3164.0,1075.0,431.0,290.0,354.0,547.0,547.0,548.0,567.0,557.0,559.0,1364.0,1347.0,1301.0,431.0,290.0,354.0,547.0,547.0,548.0
1.0,5493.0,1647.0,1642.0,2548.0,176.0,155.0,0.0,21.0,547.0,547.0,548.0,548.0,545.0,554.0,1757.0,1898.0,1838.0,155.0,0.0,21.0,547.0,547.0,548.0
1.0,6394.0,1657.0,1643.0,1075.0,760.0,273.0,266.0,221.0,547.0,548.0,548.0,549.0,554.0,554.0,2033.0,2190.0,2171.0,273.0,266.0,221.0,547.0,548.0,548.0
1.0,5812.0,1657.0,1644.0,176.0,2245.0,671.0,822.0,752.0,548.0,548.0,548.0,549.0,556.0,552.0,1915.0,1926.0,1971.0,671.0,822.0,752.0,548.0,548.0,548.0
1.0,4331.0,1656.0,1644.0,760.0,3141.0,953.0,1107.0,1081.0,548.0,548.0,548.0,555.0,551.0,550.0,1521.0,1370.0,1440.0,953.0,1107.0,1081.0,548.0,548.0,548.0
1.0,3435.0,1722.0,1645.0,2245.0,2622.0,859.0,865.0,898.0,548.0,549.0,548.0,577.0,576.0,569.0,1239.0,1085.0,1111.0,859.0,865.0,898.0,548.0,549.0,548.0
1.0,3958.0,1657.0,1647.0,3141.0,1146.0,472.0,305.0,369.0,549.0,549.0,549.0,562.0,547.0,548.0,1333.0,1331.0,1294.0,472.0,305.0,369.0,549.0,549.0,549.0
1.0,5442.0,1695.0,1648.0,2622.0,223.0,182.0,11.0,30.0,549.0,550.0,549.0,569.0,567.0,559.0,1724.0,1891.0,1827.0,182.0,11.0,30.0,549.0,550.0,549.0
1.0,6369.0,1650.0,1648.0,1146.0,727.0,259.0,254.0,214.0,549.0,550.0,549.0,549.0,548.0,553.0,2014.0,2189.0,2166.0,259.0,254.0,214.0,549.0,550.0,549.0
1.0,5865.0,1705.0,1651.0,223.0,2221.0,654.0,813.0,754.0,550.0,551.0,550.0,573.0,566.0,566.0,1937.0,1946.0,1982.0,654.0,813.0,754.0,550.0,551.0,550.0
1.0,4383.0,1689.0,1652.0,727.0,3187.0,965.0,1112.0,1110.0,551.0,551.0,550.0,566.0,553.0,570.0,1546.0,1391.0,1446.0,965.0,1112.0,1110.0,551.0,551.0,550.0
1.0,3421.0,1714.0,1655.0,2221.0,2692.0,897.0,865.0,930.0,552.0,552.0,551.0,582.0,562.0,570.0,1239.0,1092.0,1090.0,897.0,865.0,930.0,552.0,552.0,551.0
1.0,3928.0,1662.0,1655.0,3187.0,1167.0,491.0,299.0,377.0,552.0,552.0,551.0,559.0,546.0,557.0,1311.0,1343.0,1274.0,491.0,299.0,377.0,552.0,552.0,551.0
1.0,5453.0,1625.0,1655.0,2692.0,141.0,141.0,0.0,0.0,552.0,552.0,551.0,547.0,541.0,537.0,1717.0,1909.0,1827.0,141.0,0.0,0.0,552.0,552.0,551.0
1.0,6520.0,1664.0,1655.0,1167.0,597.0,213.0,225.0,159.0,552.0,552.0,551.0,563.0,549.0,552.0,2067.0,2233.0,2220.0,213.0,225.0,159.0,552.0,552.0,551.0
1.0,6023.0,1725.0,1658.0,141.0,2193.0,647.0,807.0,739.0,553.0,553.0,552.0,571.0,578.0,576.0,1995.0,1983.0,2045.0,647.0,807.0,739.0,553.0,553.0,552.0
1.0,4439.0,1698.0,1659.0,597.0,3298.0,1002.0,1151.0,1145.0,554.0,553.0,552.0,564.0,569.0,565.0,1565.0,1405.0,1469.0,1002.0,1151.0,1145.0,554.0,553.0,552.0
1.0,3338.0,1716.0,1659.0,2193.0,2821.0,917.0,912.0,992.0,554.0,553.0,552.0,562.0,568.0,586.0,1214.0,1061.0,1063.0,917.0,912.0,992.0,554.0,553.0,552.0
1.0,3815.0,1651.0,1659.0,3298.0,1174.0,462.0,309.0,403.0,554.0,553.0,552.0,547.0,548.0,556.0,1299.0,1300.0,1216.0,462.0,309.0,403.0,554.0,553.0,552.0
1.0,5462.0,1674.0,1661.0,2821.0,96.0,96.0,0.0,0.0,554.0,554.0,553.0,551.0,552.0,571.0,1754.0,1903.0,1805.0,96.0,0.0,0.0,554.0,554.0,553.0
1.0,6609.0,1658.0,1662.0,1174.0,523.0,188.0,190.0,145.0,555.0,554.0,553.0,550.0,546.0,562.0,2120.0,2263.0,2226.0,188.0,190.0,145.0,555.0,554.0,553.0
1.0,6125.0,1664.0,1663.0,96.0,2095.0,643.0,744.0,708.0,555.0,554.0,554.0,551.0,554.0,559.0,2032.0,2026.0,2067.0,643.0,744.0,708.0,555.0,554.0,554.0
1.0,4557.0,1658.0,1663.0,523.0,3230.0,1003.0,1100.0,1127.0,555.0,554.0,554.0,548.0,546.0,564.0,1577.0,1472.0,1508.0,1003.0,1100.0,1127.0,555.0,554.0,554.0
1.0,3422.0,1659.0,1663.0,2095.0,2794.0,911.0,901.0,982.0,555.0,554.0,554.0,551.0,545.0,563.0,1217.0,1116.0,1089.0,911.0,901.0,982.0,555.0,554.0,554.0
1.0,3858.0,1711.0,1664.0,3230.0,1279.0,475.0,369.0,435.0,555.0,554.0,555.0,567.0,568.0,576.0,1309.0,1315.0,1234.0,475.0,369.0,435.0,555.0,554.0,555.0
1.0,5377.0,1687.0,1664.0,2794.0,172.0,120.0,25.0,27.0,555.0,554.0,555.0,556.0,557.0,574.0,1745.0,1847.0,1785.0,120.0,25.0,27.0,555.0,554.0,555.0
1.0,6484.0,1714.0,1666.0,1279.0,615.0,214.0,224.0,177.0,555.0,555.0,556.0,569.0,564.0,581.0,2100.0,2191.0,2193.0,214.0,224.0,177.0,555.0,555.0,556.0
1.0,6049.0,1652.0,1665.0,172.0,2091.0,641.0,739.0,711.0,555.0,554.0,556.0,547.0,544.0,561.0,2006.0,1996.0,2047.0,641.0,739.0,711.0,555.0,554.0,556.0
1.0,4569.0,1625.0,1665.0,615.0,3101.0,967.0,1061.0,1073.0,555.0,554.0,556.0,540.0,546.0,539.0,1579.0,1477.0,1513.0,967.0,1061.0,1073.0,555.0,554.0,556.0
1.0,3559.0,1710.0,1665.0,2091.0,2720.0,899.0,880.0,941.0,555.0,554.0,556.0,573.0,558.0,579.0,1253.0,1155.0,1151.0,899.0,880.0,941.0,555.0,554.0,556.0
1.0,3940.0,1680.0,1665.0,3101.0,1299.0,495.0,376.0,428.0,555.0,554.0,556.0,563.0,557.0,560.0,1321.0,1336.0,1283.0,495.0,376.0,428.0,555.0,554.0,556.0
1.0,5361.0,1701.0,1667.0,2720.0,288.0,160.0,70.0,58.0,556.0,555.0,556.0,560.0,570.0,571.0,1725.0,1840.0,1796.0,160.0,70.0,58.0,556.0,555.0,556.0
1.0,6380.0,1649.0,1667.0,1299.0,638.0,207.0,251.0,180.0,556.0,555.0,556.0,542.0,557.0,550.0,2064.0,2150.0,2166.0,207.0,251.0,180.0,556.0,555.0,556.0
1.0,6030.0,1673.0,1667.0,288.0,2023.0,598.0,734.0,691.0,556.0,555.0,556.0,551.0,553.0,569.0,2017.0,1969.0,2044.0,598.0,734.0,691.0,556.0,555.0,556.0
1.0,4645.0,1654.0,1665.0,638.0,3031.0,933.0,1026.0,1072.0,555.0,554.0,556.0,546.0,547.0,561.0,1626.0,1486.0,1533.0,933.0,1026.0,1072.0,555.0,554.0,556.0
1.0,3629.0,1666.0,1667.0,2023.0,2682.0,885.0,851.0,946.0,555.0,555.0,557.0,550.0,555.0,561.0,1287.0,1190.0,1152.0,885.0,851.0,946.0,555.0,555.0,557.0
1.0,3986.0,1669.0,1668.0,3031.0,1324.0,512.0,378.0,434.0,556.0,555.0,557.0,556.0,553.0,560.0,1335.0,1369.0,1282.0,512.0,378.0,434.0,556.0,555.0,557.0
1.0,5348.0,1663.0,1669.0,2682.0,309.0,181.0,79.0,49.0,556.0,555.0,558.0,554.0,552.0,557.0,1712.0,1842.0,1794.0,181.0,79.0,49.0,556.0,555.0,558.0
1.0,6367.0,1686.0,1669.0,1324.0,671.0,226.0,262.0,183.0,556.0,555.0,558.0,557.0,561.0,568.0,2043.0,2141.0,2183.0,226.0,262.0,183.0,556.0,555.0,558.0
1.0,6005.0,1676.0,1669.0,309.0,2038.0,605.0,740.0,693.0,556.0,555.0,558.0,560.0,557.0,559.0,1998.0,1958.0,2049.0,605.0,740.0,693.0,556.0,555.0,558.0
1.0,4638.0,1680.0,1670.0,671.0,3051.0,929.0,1043.0,1079.0,556.0,555.0,559.0,550.0,565.0,565.0,1619.0,1480.0,1539.0,929.0,1043.0,1079.0,556.0,555.0,559.0
1.0,3629.0,1668.0,1670.0,2038.0,2681.0,880.0,863.0,938.0,556.0,555.0,559.0,556.0,560.0,552.0,1295.0,1177.0,1157.0,880.0,863.0,938.0,556.0,555.0,559.0
1.0,3999.0,1689.0,1671.0,3051.0,1323.0,506.0,383.0,434.0,556.0,556.0,559.0,555.0,559.0,575.0,1344.0,1357.0,1298.0,506.0,383.0,434.0,556.0,556.0,559.0
1.0,5361.0,1706.0,1672.0,2681.0,352.0,190.0,92.0,70.0,556.0,556.0,560.0,564.0,572.0,570.0,1718.0,1841.0,1802.0,190.0,92.0,70.0,556.0,556.0,560.0
1.0,6336.0,1668.0,1672.0,1323.0,697.0,229.0,271.0,197.0,556.0,556.0,560.0,545.0,562.0,561.0,2034.0,2132.0,2170.0,229.0,271.0,197.0,556.0,556.0,560.0
1.0,5991.0,1711.0,1673.0,352.0,2060.0,617.0,745.0,698.0,557.0,556.0,560.0,574.0,566.0,571.0,1995.0,1953.0,2043.0,617.0,745.0,698.0,557.0,556.0,560.0
1.0,4632.0,1676.0,1674.0,697.0,3043.0,941.0,1041.0,1061.0,557.0,556.0,561.0,553.0,567.0,556.0,1611.0,1479.0,1542.0,941.0,1041.0,1061.0,557.0,556.0,561.0
1.0,3653.0,1733.0,1675.0,2060.0,2720.0,899.0,879.0,942.0,557.0,557.0,561.0,575.0,579.0,579.0,1287.0,1183.0,1183.0,899.0,879.0,942.0,557.0,557.0,561.0
1.0,3980.0,1672.0,1677.0,3043.0,1357.0,516.0,397.0,444.0,558.0,557.0,562.0,554.0,559.0,559.0,1329.0,1349.0,1302.0,516.0,397.0,444.0,558.0,557.0,562.0
1.0,5351.0,1691.0,1678.0,2720.0,332.0,180.0,94.0,58.0,558.0,558.0,562.0,563.0,572.0,556.0,1716.0,1831.0,1804.0,180.0,94.0,58.0,558.0,558.0,562.0
1.0,6380.0,1685.0,1678.0,1357.0,660.0,224.0,262.0,174.0,558.0,558.0,562.0,560.0,565.0,560.0,2052.0,2138.0,2190.0,224.0,262.0,174.0,558.0,558.0,562.0
1.0,6052.0,1668.0,1678.0,332.0,1996.0,602.0,728.0,666.0,558.0,558.0,562.0,558.0,560.0,550.0,2008.0,1970.0,2074.0,602.0,728.0,666.0,558.0,558.0,562.0
1.0,4716.0,1691.0,1678.0,660.0,3027.0,943.0,1034.0,1050.0,558.0,558.0,562.0,565.0,568.0,558.0,1630.0,1504.0,1582.0,943.0,1034.0,1050.0,558.0,558.0,562.0
1.0,3685.0,1682.0,1678.0,1996.0,2713.0,900.0,866.0,947.0,558.0,558.0,562.0,559.0,560.0,563.0,1289.0,1198.0,1198.0,900.0,866.0,947.0,558.0,558.0,562.0
1.0,3999.0,1651.0,1678.0,3027.0,1337.0,511.0,387.0,439.0,558.0,558.0,562.0,554.0,555.0,542.0,1332.0,1366.0,1301.0,511.0,387.0,439.0,558.0,558.0,562.0
1.0,5375.0,1734.0,1680.0,2713.0,366.0,203.0,101.0,62.0,559.0,559.0,562.0,588.0,576.0,570.0,1721.0,1845.0,1809.0,203.0,101.0,62.0,559.0,559.0,562.0
1.0,6354.0,1679.0,1680.0,1337.0,708.0,259.0,277.0,172.0,559.0,559.0,562.0,567.0,563.0,549.0,2033.0,2135.0,2186.0,259.0,277.0,172.0,559.0,559.0,562.0
1.0,6012.0,1724.0,1680.0,366.0,2066.0,634.0,751.0,681.0,559.0,559.0,562.0,578.0,575.0,571.0,1977.0,1959.0,2076.0,634.0,751.0,681.0,559.0,559.0,562.0
1.0,4654.0,1692.0,1682.0,708.0,3058.0,937.0,1053.0,1068.0,559.0,560.0,563.0,562.0,575.0,555.0,1602.0,1485.0,1567.0,937.0,1053.0,1068.0,559.0,560.0,563.0
1.0,3670.0,1721.0,1682.0,2066.0,2713.0,878.0,877.0,958.0,559.0,560.0,563.0,575.0,575.0,571.0,1299.0,1187.0,1184.0,878.0,877.0,958.0,559.0,560.0,563.0
1.0,4015.0,1739.0,1684.0,3058.0,1402.0,520.0,424.0,458.0,560.0,561.0,563.0,575.0,596.0,568.0,1358.0,1363.0,1294.0,520.0,424.0,458.0,560.0,561.0,563.0
1.0,5334.0,1663.0,1682.0,2713.0,344.0,184.0,104.0,56.0,559.0,560.0,563.0,546.0,561.0,556.0,1720.0,1820.0,1794.0,184.0,104.0,56.0,559.0,560.0,563.0
1.0,6384.0,1687.0,1683.0,1402.0,633.0,226.0,252.0,155.0,559.0,561.0,563.0,562.0,568.0,557.0,2052.0,2136.0,2196.0,226.0,252.0,155.0,559.0,561.0,563.0
1.0,6099.0,1694.0,1682.0,344.0,1979.0,611.0,711.0,657.0,559.0,561.0,562.0,569.0,563.0,562.0,2010.0,1992.0,2097.0,611.0,711.0,657.0,559.0,561.0,562.0
1.0,4749.0,1712.0,1684.0,633.0,3066.0,953.0,1047.0,1066.0,559.0,562.0,563.0,568.0,584.0,560.0,1625.0,1533.0,1591.0,953.0,1047.0,1066.0,559.0,562.0,563.0
1.0,3670.0,1720.0,1685.0,1979.0,2811.0,919.0,912.0,980.0,560.0,562.0,563.0,573.0,576.0,571.0,1283.0,1201.0,1186.0,919.0,912.0,980.0,560.0,562.0,563.0
1.0,3929.0,1679.0,1685.0,3066.0,1424.0,526.0,427.0,471.0,560.0,562.0,563.0,560.0,562.0,557.0,1321.0,1336.0,1272.0,526.0,427.0,471.0,560.0,562.0,563.0
1.0,5316.0,1676.0,1684.0,2811.0,285.0,161.0,83.0,41.0,559.0,562.0,563.0,558.0,568.0,550.0,1714.0,1821.0,1781.0,161.0,83.0,41.0,559.0,562.0,563.0
1.0,6451.0,1741.0,1686.0,1424.0,610.0,225.0,246.0,139.0,560.0,563.0,563.0,586.0,586.0,569.0,2075.0,2165.0,2211.0,225.0,246.0,139.0,560.0,563.0,563.0
1.0,6134.0,1674.0,1684.0,285.0,1991.0,622.0,720.0,649.0,560.0,562.0,562.0,558.0,561.0,555.0,2015.0,2006.0,2113.0,622.0,720.0,649.0,560.0,562.0,562.0
1.0,4745.0,1712.0,1685.0,610.0,3097.0,966.0,1055.0,1076.0,560.0,563.0,562.0,569.0,577.0,566.0,1618.0,1528.0,1599.0,966.0,1055.0,1076.0,560.0,563.0,562.0
1.0,3643.0,1757.0,1688.0,1991.0,2875.0,941.0,918.0,1016.0,561.0,564.0,563.0,593.0,579.0,585.0,1274.0,1197.0,1172.0,941.0,918.0,1016.0,561.0,564.0,563.0
1.0,3877.0,1747.0,1688.0,3097.0,1525.0,550.0,452.0,523.0,561.0,564.0,563.0,575.0,589.0,583.0,1303.0,1338.0,1236.0,550.0,452.0,523.0,561.0,564.0,563.0
1.0,5227.0,1726.0,1690.0,2875.0,384.0,193.0,113.0,78.0,562.0,565.0,563.0,580.0,575.0,571.0,1694.0,1804.0,1729.0,193.0,113.0,78.0,562.0,565.0,563.0
1.0,6376.0,1685.0,1690.0,1525.0,544.0,205.0,228.0,111.0,562.0,565.0,563.0,562.0,567.0,556.0,2055.0,2147.0,2174.0,205.0,228.0,111.0,562.0,565.0,563.0
1.0,6216.0,1717.0,1692.0,384.0,1885.0,596.0,694.0,595.0,563.0,566.0,563.0,580.0,575.0,562.0,2043.0,2032.0,2141.0,596.0,694.0,595.0,563.0,566.0,563.0
1.0,4883.0,1754.0,1692.0,544.0,3095.0,974.0,1053.0,1068.0,563.0,566.0,563.0,583.0,587.0,584.0,1656.0,1570.0,1657.0,974.0,1053.0,1068.0,563.0,566.0,563.0
1.0,3673.0,1711.0,1692.0,1885.0,2921.0,941.0,934.0,1046.0,563.0,566.0,563.0,563.0,575.0,573.0,1278.0,1211.0,1184.0,941.0,934.0,1046.0,563.0,566.0,563.0
1.0,3847.0,1752.0,1693.0,3095.0,1582.0,549.0,474.0,559.0,563.0,567.0,563.0,582.0,589.0,581.0,1311.0,1330.0,1206.0,549.0,474.0,559.0,563.0,567.0,563.0
1.0,5190.0,1689.0,1694.0,2921.0,354.0,174.0,111.0,69.0,564.0,567.0,563.0,562.0,571.0,556.0,1703.0,1794.0,1693.0,174.0,111.0,69.0,564.0,567.0,563.0
1.0,6422.0,1762.0,1696.0,1582.0,542.0,206.0,235.0,101.0,564.0,568.0,564.0,581.0,594.0,587.0,2082.0,2157.0,2183.0,206.0,235.0,101.0,564.0,568.0,564.0
1.0,6242.0,1724.0,1697.0,354.0,1916.0,602.0,706.0,608.0,564.0,569.0,564.0,570.0,578.0,576.0,2050.0,2037.0,2155.0,602.0,706.0,608.0,564.0,569.0,564.0
1.0,4872.0,1698.0,1697.0,542.0,3072.0,954.0,1032.0,1086.0,564.0,569.0,564.0,558.0,561.0,579.0,1654.0,1570.0,1648.0,954.0,1032.0,1086.0,564.0,569.0,564.0
1.0,3716.0,1742.0,1699.0,1916.0,2906.0,929.0,911.0,1066.0,565.0,569.0,565.0,573.0,585.0,584.0,1302.0,1244.0,1170.0,929.0,911.0,1066.0,565.0,569.0,565.0
1.0,3890.0,1804.0,1702.0,3072.0,1650.0,581.0,491.0,578.0,566.0,570.0,566.0,602.0,608.0,594.0,1331.0,1365.0,1194.0,581.0,491.0,578.0,566.0,570.0,566.0
1.0,5158.0,1734.0,1703.0,2906.0,482.0,230.0,161.0,91.0,566.0,571.0,566.0,578.0,577.0,579.0,1683.0,1789.0,1686.0,230.0,161.0,91.0,566.0,571.0,566.0
1.0,6330.0,1693.0,1704.0,1650.0,529.0,219.0,231.0,79.0,567.0,571.0,566.0,566.0,561.0,566.0,2034.0,2123.0,2173.0,219.0,231.0,79.0,567.0,571.0,566.0
1.0,6287.0,1697.0,1704.0,482.0,1744.0,547.0,639.0,558.0,567.0,571.0,566.0,558.0,569.0,570.0,2049.0,2053.0,2185.0,547.0,639.0,558.0,567.0,571.0,566.0
1.0,5072.0,1722.0,1704.0,529.0,2937.0,904.0,977.0,1056.0,567.0,571.0,566.0,576.0,569.0,577.0,1721.0,1645.0,1706.0,904.0,977.0,1056.0,567.0,571.0,566.0
1.0,3879.0,1727.0,1706.0,1744.0,2928.0,927.0,914.0,1087.0,567.0,572.0,567.0,570.0,572.0,585.0,1364.0,1307.0,1208.0,927.0,914.0,1087.0,567.0,572.0,567.0
1.0,3896.0,1743.0,1707.0,2937.0,1738.0,612.0,511.0,615.0,568.0,572.0,567.0,585.0,574.0,584.0,1341.0,1374.0,1181.0,612.0,511.0,615.0,568.0,572.0,567.0
1.0,5090.0,1743.0,1709.0,2928.0,561.0,266.0,185.0,110.0,568.0,573.0,568.0,581.0,584.0,578.0,1660.0,1777.0,1653.0,266.0,185.0,110.0,568.0,573.0,568.0
1.0,6275.0,1730.0,1710.0,1738.0,557.0,239.0,241.0,77.0,569.0,573.0,568.0,581.0,567.0,582.0,2006.0,2107.0,2162.0,239.0,241.0,77.0,569.0,573.0,568.0
1.0,6283.0,1741.0,1711.0,561.0,1741.0,546.0,627.0,568.0,569.0,573.0,569.0,573.0,571.0,597.0,2037.0,2051.0,2195.0,546.0,627.0,568.0,569.0,573.0,569.0
1.0,5103.0,1727.0,1712.0,557.0,2915.0,877.0,966.0,1072.0,570.0,573.0,569.0,566.0,580.0,581.0,1730.0,1665.0,1708.0,877.0,966.0,1072.0,570.0,573.0,569.0
1.0,3933.0,1714.0,1712.0,1741.0,2888.0,899.0,901.0,1088.0,570.0,573.0,569.0,568.0,562.0,584.0,1403.0,1326.0,1204.0,899.0,901.0,1088.0,570.0,573.0,569.0
1.0,3960.0,1710.0,1712.0,2915.0,1683.0,589.0,502.0,592.0,570.0,573.0,569.0,567.0,567.0,576.0,1381.0,1391.0,1188.0,589.0,502.0,592.0,570.0,573.0,569.0
1.0,5165.0,1685.0,1713.0,2888.0,484.0,247.0,154.0,83.0,570.0,573.0,570.0,557.0,553.0,575.0,1691.0,1790.0,1684.0,247.0,154.0,83.0,570.0,573.0,570.0
1.0,6368.0,1714.0,1713.0,1683.0,515.0,227.0,216.0,72.0,570.0,573.0,570.0,569.0,564.0,581.0,2033.0,2138.0,2197.0,227.0,216.0,72.0,570.0,573.0,570.0
1.0,6337.0,1688.0,1712.0,484.0,1715.0,535.0,610.0,570.0,570.0,572.0,570.0,555.0,552.0,581.0,2053.0,2076.0,2208.0,535.0,610.0,570.0,570.0,572.0,570.0
1.0,5133.0,1725.0,1713.0,515.0,2929.0,878.0,956.0,1095.0,570.0,572.0,571.0,570.0,562.0,593.0,1745.0,1678.0,1710.0,878.0,956.0,1095.0,570.0,572.0,571.0
1.0,3923.0,1681.0,1713.0,1715.0,2895.0,902.0,898.0,1095.0,570.0,572.0,571.0,559.0,552.0,570.0,1402.0,1332.0,1189.0,902.0,898.0,1095.0,570.0,572.0,571.0
1.0,3957.0,1734.0,1713.0,2929.0,1700.0,603.0,513.0,584.0,570.0,572.0,571.0,579.0,571.0,584.0,1378.0,1390.0,1189.0,603.0,513.0,584.0,570.0,572.0,571.0
1.0,5152.0,1698.0,1714.0,2895.0,507.0,272.0,174.0,61.0,570.0,572.0,572.0,571.0,559.0,568.0,1677.0,1775.0,1700.0,272.0,174.0,61.0,570.0,572.0,572.0
1.0,6349.0,1716.0,1715.0,1700.0,527.0,241.0,227.0,59.0,571.0,572.0,572.0,568.0,566.0,582.0,2008.0,2114.0,2227.0,241.0,227.0,59.0,571.0,572.0,572.0
1.0,6333.0,1703.0,1715.0,507.0,1723.0,529.0,621.0,573.0,571.0,572.0,572.0,560.0,568.0,575.0,2043.0,2061.0,2229.0,529.0,621.0,573.0,571.0,572.0,572.0
1.0,5137.0,1698.0,1716.0,527.0,2898.0,848.0,964.0,1086.0,571.0,572.0,573.0,560.0,570.0,568.0,1755.0,1667.0,1715.0,848.0,964.0,1086.0,571.0,572.0,573.0
1.0,3966.0,1735.0,1715.0,1723.0,2906.0,888.0,911.0,1107.0,570.0,572.0,573.0,573.0,568.0,594.0,1436.0,1324.0,1206.0,888.0,911.0,1107.0,570.0,572.0,573.0
1.0,3954.0,1697.0,1716.0,2898.0,1709.0,602.0,507.0,600.0,570.0,572.0,574.0,562.0,560.0,575.0,1392.0,1377.0,1185.0,602.0,507.0,600.0,570.0,572.0,574.0
1.0,5155.0,1730.0,1716.0,2906.0,533.0,296.0,170.0,67.0,570.0,572.0,574.0,582.0,574.0,574.0,1678.0,1781.0,1696.0,296.0,170.0,67.0,570.0,572.0,574.0
1.0,6331.0,1692.0,1717.0,1709.0,520.0,270.0,222.0,28.0,571.0,572.0,574.0,572.0,559.0,561.0,1984.0,2118.0,2229.0,270.0,222.0,28.0,571.0,572.0,574.0
1.0,6348.0,1759.0,1717.0,533.0,1746.0,563.0,635.0,548.0,571.0,572.0,574.0,589.0,583.0,587.0,2014.0,2066.0,2268.0,563.0,635.0,548.0,571.0,572.0,574.0
1.0,5122.0,1725.0,1717.0,520.0,2951.0,875.0,983.0,1093.0,571.0,572.0,574.0,582.0,570.0,573.0,1721.0,1653.0,1748.0,875.0,983.0,1093.0,571.0,572.0,574.0
1.0,3917.0,1728.0,1719.0,1746.0,2941.0,891.0,921.0,1129.0,572.0,572.0,575.0,575.0,573.0,580.0,1409.0,1305.0,1203.0,891.0,921.0,1129.0,572.0,572.0,575.0
1.0,3935.0,1739.0,1719.0,2951.0,1729.0,597.0,517.0,615.0,572.0,572.0,575.0,581.0,579.0,579.0,1397.0,1367.0,1171.0,597.0,517.0,615.0,572.0,572.0,575.0
1.0,5147.0,1677.0,1719.0,2941.0,465.0,276.0,153.0,36.0,572.0,572.0,575.0,570.0,557.0,550.0,1691.0,1771.0,1685.0,276.0,153.0,36.0,572.0,572.0,575.0
1.0,6411.0,1775.0,1720.0,1729.0,515.0,277.0,221.0,17.0,572.0,572.0,576.0,598.0,585.0,592.0,2012.0,2135.0,2264.0,277.0,221.0,17.0,572.0,572.0,576.0
1.0,6365.0,1763.0,1721.0,465.0,1817.0,594.0,657.0,566.0,573.0,572.0,576.0,589.0,589.0,585.0,2011.0,2067.0,2287.0,594.0,657.0,566.0,573.0,572.0,576.0
1.0,5067.0,1753.0,1721.0,515.0,3055.0,912.0,1013.0,1130.0,573.0,572.0,576.0,595.0,577.0,581.0,1698.0,1631.0,1738.0,912.0,1013.0,1130.0,573.0,572.0,576.0
1.0,3829.0,1782.0,1724.0,1817.0,3032.0,921.0,952.0,1159.0,574.0,573.0,577.0,599.0,592.0,591.0,1380.0,1275.0,1174.0,921.0,952.0,1159.0,574.0,573.0,577.0
1.0,3864.0,1716.0,1724.0,3055.0,1693.0,586.0,508.0,599.0,574.0,573.0,577.0,577.0,569.0,570.0,1375.0,1340.0,1149.0,586.0,508.0,599.0,574.0,573.0,577.0
1.0,5203.0,1789.0,1726.0,3032.0,458.0,271.0,150.0,37.0,575.0,573.0,578.0,602.0,594.0,593.0,1710.0,1784.0,1709.0,271.0,150.0,37.0,575.0,573.0,578.0
1.0,6446.0,1687.0,1726.0,1693.0,459.0,244.0,215.0,0.0,575.0,573.0,578.0,559.0,573.0,555.0,2029.0,2142.0,2275.0,244.0,215.0,0.0,575.0,573.0,578.0
1.0,6452.0,1756.0,1726.0,458.0,1750.0,561.0,657.0,532.0,575.0,573.0,578.0,588.0,592.0,576.0,2056.0,2077.0,2319.0,561.0,657.0,532.0,575.0,573.0,578.0
1.0,5154.0,1762.0,1726.0,459.0,3053.0,908.0,1025.0,1120.0,575.0,573.0,578.0,591.0,583.0,588.0,1739.0,1635.0,1780.0,908.0,1025.0,1120.0,575.0,573.0,578.0
1.0,3851.0,1752.0,1726.0,1750.0,3055.0,941.0,949.0,1165.0,575.0,573.0,578.0,594.0,581.0,577.0,1392.0,1267.0,1192.0,941.0,949.0,1165.0,575.0,573.0,578.0
1.0,3849.0,1749.0,1728.0,3053.0,1759.0,625.0,507.0,627.0,576.0,574.0,578.0,588.0,579.0,582.0,1359.0,1343.0,1147.0,625.0,507.0,627.0,576.0,574.0,578.0
1.0,5153.0,1746.0,1729.0,3055.0,454.0,261.0,148.0,45.0,576.0,574.0,579.0,577.0,590.0,579.0,1679.0,1789.0,1685.0,261.0,148.0,45.0,576.0,574.0,579.0
1.0,6462.0,1739.0,1729.0,1759.0,438.0,220.0,218.0,0.0,576.0,574.0,579.0,584.0,577.0,578.0,2043.0,2148.0,2271.0,220.0,218.0,0.0,576.0,574.0,579.0
1.0,6482.0,1778.0,1729.0,454.0,1758.0,552.0,668.0,538.0,576.0,574.0,579.0,593.0,598.0,587.0,2084.0,2078.0,2320.0,552.0,668.0,538.0,576.0,574.0,579.0
1.0,5158.0,1711.0,1729.0,438.0,3031.0,898.0,1025.0,1108.0,576.0,574.0,579.0,566.0,575.0,570.0,1752.0,1628.0,1778.0,898.0,1025.0,1108.0,576.0,574.0,579.0
1.0,3885.0,1750.0,1729.0,1758.0,3023.0,935.0,950.0,1138.0,576.0,574.0,579.0,589.0,593.0,568.0,1406.0,1271.0,1208.0,935.0,950.0,1138.0,576.0,574.0,579.0
1.0,3893.0,1777.0,1730.0,3031.0,1773.0,634.0,521.0,618.0,577.0,574.0,579.0,593.0,596.0,588.0,1369.0,1346.0,1178.0,634.0,521.0,618.0,577.0,574.0,579.0
1.0,5147.0,1755.0,1731.0,3023.0,509.0,292.0,160.0,57.0,577.0,575.0,579.0,593.0,585.0,577.0,1674.0,1775.0,1698.0,292.0,160.0,57.0,577.0,575.0,579.0
1.0,6415.0,1789.0,1732.0,1773.0,529.0,255.0,242.0,32.0,578.0,575.0,579.0,593.0,603.0,593.0,2016.0,2140.0,2259.0,255.0,242.0,32.0,578.0,575.0,579.0
1.0,6399.0,1770.0,1733.0,509.0,1794.0,554.0,681.0,559.0,578.0,576.0,579.0,591.0,595.0,584.0,2057.0,2058.0,2284.0,554.0,681.0,559.0,578.0,576.0,579.0
1.0,5138.0,1741.0,1732.0,529.0,3002.0,879.0,1018.0,1105.0,578.0,575.0,579.0,580.0,583.0,578.0,1758.0,1623.0,1757.0,879.0,1018.0,1105.0,578.0,575.0,579.0
1.0,3926.0,1779.0,1733.0,1794.0,2991.0,919.0,947.0,1125.0,578.0,576.0,579.0,594.0,606.0,579.0,1433.0,1282.0,1211.0,919.0,947.0,1125.0,578.0,576.0,579.0
1.0,3941.0,1782.0,1733.0,3002.0,1771.0,623.0,534.0,614.0,578.0,576.0,579.0,583.0,605.0,594.0,1393.0,1357.0,1191.0,623.0,534.0,614.0,578.0,576.0,579.0
1.0,5161.0,1779.0,1736.0,2991.0,571.0,291.0,189.0,91.0,579.0,577.0,580.0,583.0,598.0,598.0,1689.0,1770.0,1702.0,291.0,189.0,91.0,579.0,577.0,580.0
1.0,6373.0,1766.0,1736.0,1771.0,566.0,253.0,249.0,64.0,579.0,577.0,580.0,585.0,594.0,587.0,2025.0,2119.0,2229.0,253.0,249.0,64.0,579.0,577.0,580.0
1.0,6378.0,1742.0,1737.0,571.0,1741.0,538.0,649.0,554.0,579.0,578.0,580.0,576.0,585.0,581.0,2063.0,2059.0,2256.0,538.0,649.0,554.0,579.0,578.0,580.0
1.0,5207.0,1716.0,1737.0,566.0,2891.0,846.0,976.0,1069.0,579.0,578.0,580.0,561.0,576.0,579.0,1778.0,1663.0,1766.0,846.0,976.0,1069.0,579.0,578.0,580.0
1.0,4057.0,1776.0,1737.0,1741.0,2926.0,904.0,923.0,1099.0,579.0,578.0,580.0,596.0,596.0,584.0,1470.0,1336.0,1251.0,904.0,923.0,1099.0,579.0,578.0,580.0
1.0,4022.0,1783.0,1738.0,2891.0,1822.0,648.0,556.0,618.0,579.0,579.0,580.0,590.0,605.0,588.0,1412.0,1389.0,1221.0,648.0,556.0,618.0,579.0,579.0,580.0
1.0,5130.0,1797.0,1739.0,2926.0,697.0,343.0,237.0,117.0,580.0,579.0,580.0,595.0,604.0,598.0,1668.0,1760.0,1702.0,343.0,237.0,117.0,580.0,579.0,580.0
1.0,6259.0,1732.0,1739.0,1822.0,607.0,267.0,262.0,78.0,580.0,579.0,580.0,572.0,581.0,579.0,1977.0,2079.0,2203.0,267.0,262.0,78.0,580.0,579.0,580.0
1.0,6349.0,1797.0,1741.0,697.0,1715.0,522.0,626.0,567.0,580.0,580.0,581.0,598.0,597.0,602.0,2053.0,2054.0,2242.0,522.0,626.0,567.0,580.0,580.0,581.0
1.0,5249.0,1710.0,1740.0,607.0,2814.0,820.0,941.0,1053.0,580.0,580.0,580.0,565.0,577.0,568.0,1798.0,1694.0,1757.0,820.0,941.0,1053.0,580.0,580.0,580.0
1.0,4146.0,1757.0,1743.0,1715.0,2868.0,881.0,911.0,1076.0,581.0,581.0,581.0,579.0,592.0,586.0,1500.0,1379.0,1267.0,881.0,911.0,1076.0,581.0,581.0,581.0
1.0,4104.0,1742.0,1743.0,2814.0,1796.0,639.0,554.0,603.0,581.0,581.0,581.0,578.0,584.0,580.0,1443.0,1413.0,1248.0,639.0,554.0,603.0,581.0,581.0,581.0
1.0,5176.0,1724.0,1743.0,2868.0,652.0,338.0,220.0,94.0,581.0,582.0,580.0,580.0,573.0,571.0,1685.0,1770.0,1721.0,338.0,220.0,94.0,581.0,582.0,580.0
1.0,6320.0,1744.0,1744.0,1796.0,604.0,292.0,244.0,68.0,582.0,582.0,580.0,589.0,578.0,577.0,1986.0,2108.0,2226.0,292.0,244.0,68.0,582.0,582.0,580.0
1.0,6372.0,1753.0,1745.0,652.0,1709.0,536.0,611.0,562.0,582.0,583.0,580.0,582.0,583.0,588.0,2036.0,2084.0,2252.0,536.0,611.0,562.0,582.0,583.0,580.0
1.0,5271.0,1722.0,1745.0,604.0,2827.0,824.0,937.0,1066.0,582.0,583.0,580.0,580.0,570.0,572.0,1792.0,1721.0,1758.0,824.0,937.0,1066.0,582.0,583.0,580.0
1.0,4153.0,1715.0,1745.0,1709.0,2833.0,854.0,904.0,1075.0,582.0,583.0,580.0,566.0,578.0,571.0,1504.0,1395.0,1254.0,854.0,904.0,1075.0,582.0,583.0,580.0
1.0,4147.0,1744.0,1745.0,2827.0,1750.0,606.0,553.0,591.0,582.0,583.0,580.0,576.0,586.0,582.0,1474.0,1428.0,1245.0,606.0,553.0,591.0,582.0,583.0,580.0
1.0,5230.0,1770.0,1747.0,2833.0,695.0,347.0,243.0,105.0,583.0,584.0,580.0,591.0,590.0,589.0,1722.0,1779.0,1729.0,347.0,243.0,105.0,583.0,584.0,580.0
1.0,6293.0,1776.0,1748.0,1750.0,725.0,334.0,279.0,112.0,583.0,584.0,581.0,593.0,589.0,594.0,1985.0,2093.0,2215.0,334.0,279.0,112.0,583.0,584.0,581.0
1.0,6267.0,1726.0,1748.0,695.0,1756.0,559.0,610.0,587.0,583.0,584.0,581.0,572.0,574.0,580.0,1998.0,2057.0,2212.0,559.0,610.0,587.0,583.0,584.0,581.0
1.0,5236.0,1732.0,1750.0,725.0,2771.0,809.0,911.0,1051.0,584.0,585.0,581.0,580.0,576.0,576.0,1773.0,1726.0,1737.0,809.0,911.0,1051.0,584.0,585.0,581.0
1.0,4229.0,1703.0,1749.0,1756.0,2714.0,820.0,857.0,1037.0,584.0,584.0,581.0,570.0,560.0,573.0,1527.0,1429.0,1273.0,820.0,857.0,1037.0,584.0,584.0,581.0
1.0,4282.0,1722.0,1750.0,2771.0,1669.0,593.0,522.0,554.0,584.0,585.0,581.0,582.0,572.0,568.0,1516.0,1479.0,1287.0,593.0,522.0,554.0,584.0,585.0,581.0
1.0,5331.0,1739.0,1749.0,2714.0,690.0,360.0,233.0,97.0,584.0,584.0,581.0,587.0,572.0,580.0,1743.0,1818.0,1770.0,360.0,233.0,97.0,584.0,584.0,581.0
1.0,6306.0,1768.0,1750.0,1669.0,793.0,358.0,299.0,136.0,584.0,585.0,581.0,591.0,584.0,593.0,1976.0,2103.0,2227.0,358.0,299.0,136.0,584.0,585.0,581.0
1.0,6207.0,1771.0,1750.0,690.0,1874.0,590.0,646.0,638.0,584.0,585.0,581.0,592.0,580.0,599.0,1978.0,2041.0,2188.0,590.0,646.0,638.0,584.0,585.0,581.0
1.0,5126.0,1779.0,1751.0,793.0,2864.0,823.0,936.0,1105.0,584.0,585.0,582.0,591.0,589.0,599.0,1746.0,1694.0,1686.0,823.0,936.0,1105.0,584.0,585.0,582.0
1.0,4140.0,1771.0,1754.0,1874.0,2773.0,829.0,878.0,1066.0,585.0,586.0,583.0,592.0,584.0,595.0,1513.0,1404.0,1223.0,829.0,878.0,1066.0,585.0,586.0,583.0
1.0,4243.0,1732.0,1751.0,2864.0,1629.0,586.0,508.0,535.0,584.0,585.0,582.0,584.0,570.0,578.0,1511.0,1466.0,1266.0,586.0,508.0,535.0,584.0,585.0,582.0
1.0,5375.0,1743.0,1751.0,2773.0,599.0,344.0,201.0,54.0,584.0,585.0,582.0,587.0,571.0,585.0,1750.0,1832.0,1793.0,344.0,201.0,54.0,584.0,585.0,582.0
1.0,6405.0,1769.0,1752.0,1629.0,743.0,350.0,276.0,117.0,584.0,585.0,583.0,592.0,583.0,594.0,1992.0,2139.0,2274.0,350.0,276.0,117.0,584.0,585.0,583.0
1.0,6265.0,1713.0,1750.0,599.0,1849.0,581.0,637.0,631.0,584.0,584.0,582.0,575.0,566.0,572.0,1986.0,2064.0,2215.0,581.0,637.0,631.0,584.0,584.0,582.0
1.0,5151.0,1744.0,1751.0,743.0,2854.0,824.0,927.0,1103.0,584.0,584.0,583.0,593.0,566.0,585.0,1755.0,1699.0,1697.0,824.0,927.0,1103.0,584.0,584.0,583.0
1.0,4150.0,1803.0,1751.0,1849.0,2808.0,853.0,881.0,1074.0,584.0,584.0,583.0,610.0,591.0,602.0,1512.0,1409.0,1229.0,853.0,881.0,1074.0,584.0,584.0,583.0
1.0,4196.0,1796.0,1754.0,2854.0,1762.0,633.0,550.0,579.0,585.0,585.0,584.0,600.0,592.0,604.0,1483.0,1455.0,1258.0,633.0,550.0,579.0,585.0,585.0,584.0
1.0,5254.0,1751.0,1754.0,2808.0,705.0,368.0,251.0,86.0,585.0,585.0,584.0,588.0,582.0,581.0,1707.0,1790.0,1757.0,368.0,251.0,86.0,585.0,585.0,584.0
1.0,6311.0,1771.0,1753.0,1762.0,710.0,327.0,277.0,106.0,585.0,584.0,584.0,592.0,580.0,599.0,1972.0,2089.0,2250.0,327.0,277.0,106.0,585.0,584.0,584.0
1.0,6302.0,1786.0,1754.0,705.0,1795.0,550.0,626.0,619.0,585.0,585.0,584.0,591.0,596.0,599.0,2013.0,2059.0,2230.0,550.0,626.0,619.0,585.0,585.0,584.0
1.0,5221.0,1801.0,1755.0,710.0,2890.0,820.0,953.0,1117.0,585.0,585.0,585.0,597.0,604.0,600.0,1790.0,1714.0,1717.0,820.0,953.0,1117.0,585.0,585.0,585.0
1.0,4130.0,1787.0,1756.0,1795.0,2886.0,869.0,919.0,1098.0,586.0,585.0,585.0,595.0,592.0,600.0,1520.0,1387.0,1223.0,869.0,919.0,1098.0,586.0,585.0,585.0
1.0,4138.0,1788.0,1757.0,2890.0,1788.0,651.0,552.0,585.0,586.0,585.0,586.0,602.0,586.0,600.0,1475.0,1421.0,1242.0,651.0,552.0,585.0,586.0,585.0,586.0
1.0,5240.0,1783.0,1757.0,2886.0,685.0,377.0,219.0,89.0,586.0,585.0,586.0,595.0,586.0,602.0,1693.0,1788.0,1759.0,377.0,219.0,89.0,586.0,585.0,586.0
1.0,6343.0,1841.0,1760.0,1788.0,750.0,346.0,280.0,124.0,587.0,586.0,587.0,616.0,609.0,616.0,1967.0,2121.0,2255.0,346.0,280.0,124.0,587.0,586.0,587.0
1.0,6290.0,1836.0,1761.0,685.0,1905.0,574.0,676.0,655.0,587.0,586.0,588.0,605.0,615.0,616.0,2002.0,2064.0,2224.0,574.0,676.0,655.0,587.0,586.0,588.0
1.0,5139.0,1845.0,1763.0,750.0,3008.0,856.0,1009.0,1143.0,588.0,587.0,588.0,624.0,609.0,612.0,1774.0,1668.0,1697.0,856.0,1009.0,1143.0,588.0,587.0,588.0
1.0,4044.0,1786.0,1764.0,1905.0,2893.0,873.0,927.0,1093.0,588.0,587.0,589.0,591.0,594.0,601.0,1496.0,1339.0,1209.0,873.0,927.0,1093.0,588.0,587.0,589.0
1.0,4163.0,1756.0,1763.0,3008.0,1637.0,598.0,492.0,547.0,588.0,586.0,589.0,581.0,578.0,597.0,1479.0,1421.0,1263.0,598.0,492.0,547.0,588.0,586.0,589.0
1.0,5415.0,1836.0,1764.0,2893.0,584.0,327.0,187.0,70.0,588.0,587.0,589.0,602.0,618.0,616.0,1754.0,1852.0,1809.0,327.0,187.0,70.0,588.0,587.0,589.0
1.0,6472.0,1805.0,1765.0,1637.0,756.0,329.0,289.0,138.0,588.0,587.0,590.0,600.0,594.0,611.0,2025.0,2161.0,2286.0,329.0,289.0,138.0,588.0,587.0,590.0
1.0,6304.0,1846.0,1767.0,584.0,2026.0,619.0,719.0,688.0,589.0,587.0,591.0,613.0,617.0,616.0,2023.0,2059.0,2222.0,619.0,719.0,688.0,589.0,587.0,591.0
1.0,5042.0,1749.0,1766.0,756.0,3015.0,871.0,1016.0,1128.0,589.0,587.0,590.0,581.0,586.0,582.0,1737.0,1629.0,1676.0,871.0,1016.0,1128.0,589.0,587.0,590.0
1.0,4049.0,1806.0,1767.0,2026.0,2799.0,844.0,905.0,1050.0,589.0,587.0,591.0,592.0,608.0,606.0,1485.0,1332.0,1232.0,844.0,905.0,1050.0,589.0,587.0,591.0
1.0,4269.0,1822.0,1767.0,3015.0,1606.0,584.0,498.0,524.0,589.0,587.0,591.0,611.0,609.0,602.0,1512.0,1443.0,1314.0,584.0,498.0,524.0,589.0,587.0,591.0
1.0,5462.0,1740.0,1767.0,2799.0,547.0,317.0,175.0,55.0,589.0,587.0,591.0,577.0,582.0,581.0,1772.0,1850.0,1840.0,317.0,175.0,55.0,589.0,587.0,591.0
1.0,6521.0,1821.0,1769.0,1606.0,770.0,340.0,296.0,134.0,590.0,588.0,591.0,603.0,615.0,603.0,2039.0,2173.0,2309.0,340.0,296.0,134.0,590.0,588.0,591.0
1.0,6306.0,1816.0,1770.0,547.0,2043.0,624.0,739.0,680.0,590.0,588.0,592.0,601.0,618.0,597.0,2020.0,2056.0,2230.0,624.0,739.0,680.0,590.0,588.0,592.0
1.0,5037.0,1753.0,1770.0,770.0,3026.0,860.0,1033.0,1133.0,590.0,588.0,592.0,576.0,590.0,587.0,1736.0,1613.0,1688.0,860.0,1033.0,1133.0,590.0,588.0,592.0
1.0,4054.0,1779.0,1770.0,2043.0,2762.0,821.0,892.0,1049.0,590.0,588.0,592.0,585.0,598.0,596.0,1500.0,1319.0,1235.0,821.0,892.0,1049.0,590.0,588.0,592.0
1.0,4318.0,1744.0,1770.0,3026.0,1480.0,541.0,442.0,497.0,590.0,588.0,592.0,580.0,583.0,581.0,1539.0,1460.0,1319.0,541.0,442.0,497.0,590.0,588.0,592.0
1.0,5600.0,1759.0,1768.0,2762.0,469.0,291.0,143.0,35.0,589.0,588.0,591.0,575.0,593.0,591.0,1819.0,1910.0,1871.0,291.0,143.0,35.0,589.0,588.0,591.0
1.0,6603.0,1749.0,1770.0,1480.0,746.0,338.0,281.0,127.0,590.0,588.0,592.0,584.0,580.0,585.0,2065.0,2209.0,2329.0,338.0,281.0,127.0,590.0,588.0,592.0
1.0,6334.0,1788.0,1770.0,469.0,2065.0,634.0,737.0,694.0,590.0,588.0,592.0,587.0,599.0,602.0,2022.0,2071.0,2241.0,634.0,737.0,694.0,590.0,588.0,592.0
1.0,5015.0,1812.0,1771.0,746.0,3135.0,900.0,1067.0,1168.0,590.0,589.0,592.0,604.0,607.0,601.0,1726.0,1615.0,1674.0,900.0,1067.0,1168.0,590.0,589.0,592.0
1.0,3949.0,1788.0,1773.0,2065.0,2866.0,866.0,924.0,1076.0,591.0,589.0,593.0,596.0,594.0,598.0,1460.0,1289.0,1200.0,866.0,924.0,1076.0,591.0,589.0,593.0
1.0,4226.0,1815.0,1775.0,3135.0,1554.0,561.0,467.0,526.0,591.0,590.0,594.0,595.0,606.0,614.0,1498.0,1432.0,1296.0,561.0,467.0,526.0,591.0,590.0,594.0
1.0,5546.0,1766.0,1775.0,2866.0,454.0,276.0,143.0,35.0,591.0,590.0,594.0,581.0,600.0,585.0,1803.0,1893.0,1850.0,276.0,143.0,35.0,591.0,590.0,594.0
1.0,6646.0,1773.0,1775.0,1554.0,673.0,298.0,269.0,106.0,591.0,590.0,594.0,583.0,593.0,597.0,2088.0,2217.0,2341.0,298.0,269.0,106.0,591.0,590.0,594.0
1.0,6427.0,1770.0,1776.0,454.0,1993.0,611.0,728.0,654.0,591.0,591.0,594.0,589.0,598.0,583.0,2066.0,2091.0,2270.0,611.0,728.0,654.0,591.0,591.0,594.0
1.0,5111.0,1752.0,1776.0,673.0,3072.0,896.0,1044.0,1132.0,591.0,591.0,594.0,583.0,585.0,584.0,1753.0,1636.0,1722.0,896.0,1044.0,1132.0,591.0,591.0,594.0
1.0,4032.0,1778.0,1776.0,1993.0,2857.0,872.0,913.0,1072.0,591.0,591.0,594.0,587.0,597.0,594.0,1468.0,1320.0,1244.0,872.0,913.0,1072.0,591.0,591.0,594.0
1.0,4247.0,1768.0,1776.0,3072.0,1553.0,560.0,463.0,530.0,591.0,591.0,594.0,584.0,594.0,590.0,1492.0,1451.0,1304.0,560.0,463.0,530.0,591.0,591.0,594.0
1.0,5551.0,1770.0,1778.0,2857.0,474.0,279.0,143.0,52.0,592.0,591.0,595.0,587.0,593.0,590.0,1804.0,1901.0,1846.0,279.0,143.0,52.0,592.0,591.0,595.0
1.0,6638.0,1791.0,1779.0,1553.0,716.0,309.0,286.0,121.0,592.0,592.0,595.0,590.0,602.0,599.0,2089.0,2221.0,2328.0,309.0,286.0,121.0,592.0,592.0,595.0
1.0,6400.0,1806.0,1781.0,474.0,2056.0,625.0,759.0,672.0,592.0,593.0,596.0,595.0,612.0,599.0,2059.0,2082.0,2259.0,625.0,759.0,672.0,592.0,593.0,596.0
1.0,5068.0,1784.0,1781.0,716.0,3124.0,912.0,1072.0,1140.0,592.0,593.0,596.0,596.0,599.0,589.0,1743.0,1613.0,1712.0,912.0,1072.0,1140.0,592.0,593.0,596.0
1.0,4000.0,1759.0,1782.0,2056.0,2831.0,885.0,896.0,1050.0,593.0,593.0,596.0,594.0,583.0,582.0,1456.0,1300.0,1244.0,885.0,896.0,1050.0,593.0,593.0,596.0
1.0,4297.0,1742.0,1781.0,3124.0,1445.0,553.0,409.0,483.0,592.0,593.0,596.0,584.0,585.0,573.0,1487.0,1476.0,1334.0,553.0,409.0,483.0,592.0,593.0,596.0
1.0,5679.0,1776.0,1782.0,2831.0,394.0,270.0,107.0,17.0,593.0,594.0,595.0,598.0,590.0,588.0,1815.0,1963.0,1901.0,270.0,107.0,17.0,593.0,594.0,595.0
1.0,6734.0,1776.0,1782.0,1445.0,725.0,309.0,297.0,119.0,593.0,594.0,595.0,592.0,599.0,585.0,2102.0,2269.0,2363.0,309.0,297.0,119.0,593.0,594.0,595.0
1.0,6403.0,1803.0,1782.0,394.0,2134.0,644.0,785.0,705.0,593.0,594.0,595.0,605.0,595.0,603.0,2063.0,2079.0,2261.0,644.0,785.0,705.0,593.0,594.0,595.0
1.0,4994.0,1799.0,1784.0,725.0,3216.0,932.0,1100.0,1184.0,593.0,595.0,596.0,597.0,608.0,594.0,1728.0,1591.0,1675.0,932.0,1100.0,1184.0,593.0,595.0,596.0
1.0,3920.0,1775.0,1784.0,2134.0,2857.0,882.0,913.0,1062.0,593.0,595.0,596.0,594.0,598.0,583.0,1440.0,1280.0,1200.0,882.0,913.0,1062.0,593.0,595.0,596.0
1.0,4279.0,1765.0,1783.0,3216.0,1402.0,540.0,401.0,461.0,593.0,595.0,595.0,590.0,588.0,587.0,1490.0,1467.0,1322.0,540.0,401.0,461.0,593.0,595.0,595.0
1.0,5730.0,1803.0,1786.0,2857.0,362.0,266.0,96.0,0.0,594.0,596.0,596.0,604.0,604.0,595.0,1832.0,1979.0,1919.0,266.0,96.0,0.0,594.0,596.0,596.0
1.0,6784.0,1766.0,1786.0,1402.0,724.0,314.0,279.0,131.0,594.0,596.0,596.0,588.0,584.0,594.0,2110.0,2288.0,2386.0,314.0,279.0,131.0,594.0,596.0,596.0
1.0,6420.0,1794.0,1786.0,362.0,2156.0,651.0,772.0,733.0,594.0,596.0,596.0,603.0,589.0,602.0,2062.0,2105.0,2253.0,651.0,772.0,733.0,594.0,596.0,596.0
1.0,4988.0,1822.0,1787.0,724.0,3258.0,951.0,1104.0,1203.0,594.0,597.0,596.0,614.0,607.0,601.0,1725.0,1612.0,1651.0,951.0,1104.0,1203.0,594.0,597.0,596.0
1.0,3890.0,1776.0,1787.0,2156.0,2878.0,901.0,919.0,1058.0,594.0,597.0,596.0,601.0,587.0,588.0,1425.0,1284.0,1181.0,901.0,919.0,1058.0,594.0,597.0,596.0
1.0,4270.0,1839.0,1788.0,3258.0,1463.0,573.0,425.0,465.0,595.0,597.0,596.0,619.0,610.0,610.0,1475.0,1469.0,1326.0,573.0,425.0,465.0,595.0,597.0,596.0
1.0,5689.0,1788.0,1789.0,2878.0,383.0,270.0,113.0,0.0,595.0,598.0,596.0,598.0,603.0,587.0,1807.0,1963.0,1919.0,270.0,113.0,0.0,595.0,598.0,596.0
1.0,6779.0,1821.0,1789.0,1463.0,735.0,312.0,291.0,132.0,595.0,598.0,596.0,615.0,603.0,603.0,2110.0,2279.0,2390.0,312.0,291.0,132.0,595.0,598.0,596.0
1.0,6421.0,1793.0,1789.0,383.0,2145.0,638.0,777.0,730.0,595.0,598.0,596.0,596.0,599.0,598.0,2068.0,2101.0,2252.0,638.0,777.0,730.0,595.0,598.0,596.0
1.0,5011.0,1836.0,1789.0,735.0,3246.0,945.0,1092.0,1209.0,595.0,598.0,596.0,619.0,606.0,611.0,1742.0,1615.0,1654.0,945.0,1092.0,1209.0,595.0,598.0,596.0
1.0,3910.0,1810.0,1790.0,2145.0,2915.0,920.0,913.0,1082.0,596.0,598.0,596.0,609.0,598.0,603.0,1435.0,1300.0,1175.0,920.0,913.0,1082.0,596.0,598.0,596.0
1.0,4245.0,1834.0,1790.0,3246.0,1503.0,587.0,422.0,494.0,596.0,598.0,596.0,612.0,601.0,621.0,1464.0,1479.0,1302.0,587.0,422.0,494.0,596.0,598.0,596.0
1.0,5657.0,1790.0,1789.0,2915.0,374.0,259.0,105.0,10.0,595.0,598.0,596.0,596.0,596.0,598.0,1797.0,1970.0,1890.0,259.0,105.0,10.0,595.0,598.0,596.0
1.0,6782.0,1852.0,1789.0,1503.0,723.0,296.0,291.0,136.0,595.0,598.0,596.0,624.0,608.0,620.0,2121.0,2287.0,2374.0,296.0,291.0,136.0,595.0,598.0,596.0
1.0,6433.0,1818.0,1790.0,374.0,2171.0,654.0,786.0,731.0,596.0,598.0,596.0,613.0,600.0,605.0,2084.0,2101.0,2248.0,654.0,786.0,731.0,596.0,598.0,596.0
1.0,4989.0,1840.0,1791.0,723.0,3292.0,974.0,1104.0,1214.0,596.0,598.0,597.0,616.0,609.0,615.0,1730.0,1606.0,1653.0,974.0,1104.0,1214.0,596.0,598.0,597.0
1.0,3872.0,1829.0,1791.0,2171.0,2950.0,940.0,922.0,1088.0,597.0,598.0,596.0,616.0,604.0,609.0,1410.0,1288.0,1174.0,940.0,922.0,1088.0,597.0,598.0,596.0
1.0,4214.0,1791.0,1791.0,3292.0,1449.0,571.0,408.0,470.0,597.0,598.0,596.0,605.0,590.0,596.0,1448.0,1470.0,1296.0,571.0,408.0,470.0,597.0,598.0,596.0
1.0,5715.0,1822.0,1791.0,2950.0,326.0,233.0,93.0,0.0,597.0,598.0,596.0,602.0,607.0,613.0,1817.0,1984.0,1914.0,233.0,93.0,0.0,597.0,598.0,596.0
1.0,6843.0,1834.0,1792.0,1449.0,710.0,279.0,297.0,134.0,597.0,598.0,597.0,617.0,612.0,605.0,2155.0,2299.0,2389.0,279.0,297.0,134.0,597.0,598.0,597.0
1.0,6458.0,1826.0,1793.0,326.0,2214.0,663.0,808.0,743.0,598.0,598.0,597.0,613.0,604.0,609.0,2109.0,2095.0,2254.0,663.0,808.0,743.0,598.0,598.0,597.0
1.0,4958.0,1859.0,1793.0,710.0,3363.0,1002.0,1127.0,1234.0,598.0,598.0,597.0,618.0,616.0,625.0,1729.0,1584.0,1645.0,1002.0,1127.0,1234.0,598.0,598.0,597.0
1.0,3809.0,1806.0,1795.0,2214.0,2963.0,939.0,919.0,1105.0,598.0,599.0,598.0,600.0,596.0,610.0,1390.0,1265.0,1154.0,939.0,919.0,1105.0,598.0,599.0,598.0
1.0,4217.0,1863.0,1795.0,3363.0,1463.0,547.0,416.0,500.0,598.0,599.0,598.0,610.0,624.0,629.0,1453.0,1477.0,1287.0,547.0,416.0,500.0,598.0,599.0,598.0
1.0,5717.0,1815.0,1796.0,2963.0,319.0,216.0,99.0,4.0,599.0,599.0,598.0,604.0,602.0,609.0,1845.0,1980.0,1892.0,216.0,99.0,4.0,599.0,599.0,598.0
1.0,6865.0,1821.0,1797.0,1463.0,681.0,280.0,278.0,123.0,599.0,599.0,599.0,611.0,595.0,615.0,2180.0,2297.0,2388.0,280.0,278.0,123.0,599.0,599.0,599.0
1.0,6507.0,1834.0,1798.0,319.0,2200.0,675.0,787.0,738.0,600.0,599.0,599.0,607.0,608.0,619.0,2116.0,2118.0,2273.0,675.0,787.0,738.0,600.0,599.0,599.0
1.0,4992.0,1841.0,1799.0,681.0,3364.0,1005.0,1113.0,1246.0,600.0,599.0,600.0,610.0,604.0,627.0,1725.0,1609.0,1658.0,1005.0,1113.0,1246.0,600.0,599.0,600.0
1.0,3832.0,1800.0,1800.0,2200.0,2968.0,931.0,928.0,1109.0,601.0,599.0,600.0,597.0,602.0,601.0,1395.0,1283.0,1154.0,931.0,928.0,1109.0,601.0,599.0,600.0
1.0,4232.0,1775.0,1802.0,3364.0,1387.0,510.0,414.0,463.0,601.0,600.0,601.0,584.0,595.0,596.0,1473.0,1468.0,1291.0,510.0,414.0,463.0,601.0,600.0,601.0
1.0,5821.0,1819.0,1802.0,2968.0,273.0,180.0,93.0,0.0,601.0,600.0,601.0,601.0,607.0,611.0,1894.0,1986.0,1941.0,180.0,93.0,0.0,601.0,600.0,601.0
1.0,6970.0,1809.0,1802.0,1387.0,660.0,271.0,286.0,103.0,601.0,600.0,601.0,601.0,607.0,601.0,2224.0,2307.0,2439.0,271.0,286.0,103.0,601.0,600.0,601.0
1.0,6548.0,1786.0,1802.0,273.0,2173.0,685.0,784.0,704.0,601.0,600.0,601.0,594.0,591.0,601.0,2133.0,2114.0,2301.0,685.0,784.0,704.0,601.0,600.0,601.0
1.0,5035.0,1780.0,1802.0,660.0,3293.0,1009.0,1086.0,1198.0,601.0,600.0,601.0,595.0,588.0,597.0,1719.0,1616.0,1700.0,1009.0,1086.0,1198.0,601.0,600.0,601.0
1.0,3915.0,1816.0,1802.0,2173.0,2936.0,920.0,915.0,1101.0,601.0,600.0,601.0,596.0,613.0,607.0,1395.0,1314.0,1206.0,920.0,915.0,1101.0,601.0,600.0,601.0
1.0,4272.0,1834.0,1802.0,3293.0,1477.0,513.0,446.0,518.0,601.0,600.0,601.0,602.0,617.0,615.0,1484.0,1485.0,1303.0,513.0,446.0,518.0,601.0,600.0,601.0
1.0,5731.0,1786.0,1803.0,2936.0,331.0,179.0,133.0,19.0,601.0,600.0,602.0,586.0,602.0,598.0,1891.0,1954.0,1886.0,179.0,133.0,19.0,601.0,600.0,602.0
1.0,6881.0,1807.0,1805.0,1477.0,669.0,268.0,296.0,105.0,602.0,601.0,602.0,598.0,605.0,604.0,2225.0,2267.0,2389.0,268.0,296.0,105.0,602.0,601.0,602.0
1.0,6551.0,1786.0,1805.0,331.0,2124.0,679.0,764.0,681.0,602.0,601.0,602.0,590.0,601.0,595.0,2140.0,2108.0,2303.0,679.0,764.0,681.0,602.0,601.0,602.0
1.0,5096.0,1781.0,1805.0,669.0,3236.0,1008.0,1057.0,1171.0,602.0,601.0,602.0,597.0,589.0,595.0,1729.0,1640.0,1727.0,1008.0,1057.0,1171.0,602.0,601.0,602.0
1.0,3984.0,1867.0,1807.0,2124.0,2987.0,952.0,911.0,1124.0,603.0,601.0,603.0,619.0,618.0,630.0,1400.0,1347.0,1237.0,952.0,911.0,1124.0,603.0,601.0,603.0
1.0,4241.0,1841.0,1807.0,3236.0,1592.0,556.0,468.0,568.0,603.0,601.0,603.0,612.0,614.0,615.0,1460.0,1493.0,1288.0,556.0,468.0,568.0,603.0,601.0,603.0
1.0,5636.0,1852.0,1809.0,2987.0,465.0,212.0,185.0,68.0,603.0,602.0,604.0,608.0,624.0,620.0,1856.0,1936.0,1844.0,212.0,185.0,68.0,603.0,602.0,604.0
1.0,6771.0,1831.0,1809.0,1592.0,704.0,255.0,331.0,118.0,603.0,602.0,604.0,599.0,614.0,618.0,2200.0,2223.0,2348.0,255.0,331.0,118.0,603.0,602.0,604.0
1.0,6532.0,1809.0,1810.0,465.0,2052.0,643.0,748.0,661.0,603.0,602.0,605.0,600.0,602.0,607.0,2157.0,2077.0,2298.0,643.0,748.0,661.0,603.0,602.0,605.0
1.0,5188.0,1845.0,1813.0,704.0,3205.0,1000.0,1036.0,1169.0,604.0,603.0,606.0,608.0,615.0,622.0,1769.0,1660.0,1759.0,1000.0,1036.0,1169.0,604.0,603.0,606.0
1.0,4047.0,1825.0,1813.0,2052.0,2978.0,960.0,901.0,1117.0,604.0,603.0,606.0,603.0,613.0,609.0,1416.0,1376.0,1255.0,960.0,901.0,1117.0,604.0,603.0,606.0
1.0,4274.0,1811.0,1813.0,3205.0,1584.0,564.0,465.0,555.0,604.0,603.0,606.0,604.0,600.0,607.0,1456.0,1511.0,1307.0,564.0,465.0,555.0,604.0,603.0,606.0
1.0,5668.0,1853.0,1816.0,2978.0,471.0,235.0,176.0,60.0,605.0,604.0,607.0,627.0,608.0,618.0,1852.0,1947.0,1869.0,235.0,176.0,60.0,605.0,604.0,607.0
1.0,6793.0,1852.0,1816.0,1584.0,739.0,280.0,333.0,126.0,605.0,604.0,607.0,609.0,622.0,621.0,2185.0,2240.0,2368.0,280.0,333.0,126.0,605.0,604.0,607.0
1.0,6525.0,1885.0,1818.0,471.0,2161.0,677.0,783.0,701.0,606.0,604.0,608.0,628.0,626.0,631.0,2140.0,2083.0,2302.0,677.0,783.0,701.0,606.0,604.0,608.0
1.0,5111.0,1859.0,1820.0,739.0,3289.0,1013.0,1078.0,1198.0,606.0,605.0,609.0,616.0,624.0,619.0,1747.0,1633.0,1731.0,1013.0,1078.0,1198.0,606.0,605.0,609.0
1.0,3991.0,1810.0,1820.0,2161.0,2938.0,944.0,900.0,1094.0,606.0,605.0,609.0,608.0,605.0,597.0,1411.0,1342.0,1238.0,944.0,900.0,1094.0,606.0,605.0,609.0
1.0,4342.0,1869.0,1822.0,3289.0,1526.0,553.0,460.0,513.0,607.0,606.0,609.0,618.0,634.0,617.0,1480.0,1520.0,1342.0,553.0,460.0,513.0,607.0,606.0,609.0
1.0,5762.0,1821.0,1822.0,2938.0,409.0,205.0,173.0,31.0,607.0,606.0,609.0,596.0,613.0,612.0,1875.0,1964.0,1923.0,205.0,173.0,31.0,607.0,606.0,609.0
1.0,6879.0,1830.0,1823.0,1526.0,717.0,250.0,337.0,130.0,606.0,607.0,610.0,602.0,620.0,608.0,2223.0,2251.0,2405.0,250.0,337.0,130.0,606.0,607.0,610.0
1.0,6575.0,1887.0,1825.0,409.0,2203.0,677.0,798.0,728.0,607.0,608.0,610.0,628.0,630.0,629.0,2174.0,2091.0,2310.0,677.0,798.0,728.0,607.0,608.0,610.0
1.0,5097.0,1855.0,1825.0,717.0,3341.0,1053.0,1086.0,1202.0,607.0,608.0,610.0,626.0,625.0,604.0,1751.0,1634.0,1712.0,1053.0,1086.0,1202.0,607.0,608.0,610.0
1.0,3959.0,1830.0,1826.0,2203.0,2972.0,993.0,894.0,1085.0,607.0,608.0,611.0,617.0,606.0,607.0,1375.0,1346.0,1238.0,993.0,894.0,1085.0,607.0,608.0,611.0
1.0,4332.0,1895.0,1827.0,3341.0,1530.0,579.0,439.0,512.0,608.0,608.0,611.0,635.0,631.0,629.0,1435.0,1538.0,1359.0,579.0,439.0,512.0,608.0,608.0,611.0
1.0,5778.0,1912.0,1830.0,2972.0,482.0,235.0,180.0,67.0,609.0,609.0,612.0,645.0,631.0,636.0,1853.0,1993.0,1932.0,235.0,180.0,67.0,609.0,609.0,612.0
1.0,6838.0,1831.0,1830.0,1530.0,783.0,268.0,353.0,162.0,609.0,609.0,612.0,612.0,612.0,607.0,2201.0,2256.0,2381.0,268.0,353.0,162.0,609.0,609.0,612.0
1.0,6537.0,1814.0,1830.0,482.0,2115.0,646.0,767.0,702.0,609.0,609.0,612.0,613.0,594.0,607.0,2168.0,2083.0,2286.0,646.0,767.0,702.0,609.0,609.0,612.0
1.0,5205.0,1866.0,1830.0,783.0,3198.0,1004.0,1031.0,1163.0,609.0,609.0,612.0,626.0,617.0,623.0,1790.0,1669.0,1746.0,1004.0,1031.0,1163.0,609.0,609.0,612.0
1.0,4122.0,1837.0,1831.0,2115.0,2924.0,981.0,873.0,1070.0,609.0,610.0,612.0,623.0,605.0,609.0,1432.0,1405.0,1285.0,981.0,873.0,1070.0,609.0,610.0,612.0
1.0,4400.0,1865.0,1831.0,3198.0,1591.0,603.0,466.0,522.0,609.0,610.0,612.0,626.0,624.0,615.0,1455.0,1567.0,1378.0,603.0,466.0,522.0,609.0,610.0,612.0
1.0,5733.0,1873.0,1832.0,2924.0,544.0,259.0,212.0,73.0,610.0,610.0,612.0,633.0,619.0,621.0,1833.0,1974.0,1926.0,259.0,212.0,73.0,610.0,610.0,612.0
1.0,6784.0,1834.0,1832.0,1591.0,787.0,269.0,360.0,158.0,610.0,610.0,612.0,613.0,614.0,607.0,2181.0,2228.0,2375.0,269.0,360.0,158.0,610.0,610.0,612.0
1.0,6541.0,1864.0,1833.0,544.0,2111.0,637.0,778.0,696.0,610.0,611.0,612.0,627.0,626.0,611.0,2171.0,2080.0,2290.0,637.0,778.0,696.0,610.0,611.0,612.0
1.0,5221.0,1822.0,1833.0,787.0,3146.0,986.0,1020.0,1140.0,610.0,611.0,612.0,618.0,602.0,602.0,1803.0,1666.0,1752.0,986.0,1020.0,1140.0,610.0,611.0,612.0
1.0,4186.0,1849.0,1834.0,2111.0,2888.0,974.0,854.0,1060.0,611.0,611.0,612.0,621.0,612.0,616.0,1454.0,1424.0,1308.0,974.0,854.0,1060.0,611.0,611.0,612.0
1.0,4448.0,1832.0,1834.0,3146.0,1574.0,609.0,443.0,522.0,611.0,611.0,612.0,621.0,609.0,602.0,1470.0,1590.0,1388.0,609.0,443.0,522.0,611.0,611.0,612.0
1.0,5762.0,1854.0,1834.0,2888.0,540.0,262.0,202.0,76.0,611.0,611.0,612.0,627.0,613.0,614.0,1835.0,2001.0,1926.0,262.0,202.0,76.0,611.0,611.0,612.0
1.0,6796.0,1836.0,1834.0,1574.0,802.0,271.0,367.0,164.0,611.0,611.0,612.0,618.0,608.0,610.0,2182.0,2242.0,2372.0,271.0,367.0,164.0,611.0,611.0,612.0
1.0,6534.0,1857.0,1835.0,540.0,2123.0,628.0,788.0,707.0,611.0,612.0,612.0,619.0,619.0,619.0,2173.0,2077.0,2284.0,628.0,788.0,707.0,611.0,612.0,612.0
1.0,5217.0,1831.0,1834.0,802.0,3148.0,974.0,1028.0,1146.0,611.0,611.0,612.0,617.0,611.0,603.0,1816.0,1660.0,1741.0,974.0,1028.0,1146.0,611.0,611.0,612.0
1.0,4188.0,1858.0,1836.0,2123.0,2891.0,977.0,861.0,1053.0,612.0,612.0,612.0,627.0,617.0,614.0,1470.0,1416.0,1302.0,977.0,861.0,1053.0,612.0,612.0,612.0
1.0,4453.0,1837.0,1836.0,3148.0,1580.0,617.0,439.0,524.0,612.0,612.0,612.0,614.0,606.0,617.0,1471.0,1587.0,1395.0,617.0,439.0,524.0,612.0,612.0,612.0
1.0,5764.0,1864.0,1836.0,2891.0,553.0,267.0,192.0,94.0,612.0,612.0,612.0,627.0,614.0,623.0,1831.0,2009.0,1924.0,267.0,192.0,94.0,612.0,612.0,612.0
1.0,6791.0,1838.0,1836.0,1580.0,811.0,267.0,362.0,182.0,612.0,612.0,612.0,617.0,609.0,612.0,2181.0,2256.0,2354.0,267.0,362.0,182.0,612.0,612.0,612.0
1.0,6533.0,1860.0,1837.0,553.0,2122.0,622.0,784.0,716.0,613.0,612.0,612.0,618.0,614.0,628.0,2181.0,2086.0,2266.0,622.0,784.0,716.0,613.0,612.0,612.0
1.0,5226.0,1869.0,1840.0,811.0,3192.0,987.0,1056.0,1149.0,614.0,613.0,613.0,628.0,630.0,611.0,1830.0,1664.0,1732.0,987.0,1056.0,1149.0,614.0,613.0,613.0
1.0,4168.0,1836.0,1840.0,2122.0,2906.0,976.0,872.0,1058.0,614.0,613.0,613.0,611.0,600.0,625.0,1469.0,1396.0,1303.0,976.0,872.0,1058.0,614.0,613.0,613.0
1.0,4454.0,1813.0,1840.0,3192.0,1527.0,599.0,418.0,510.0,614.0,613.0,613.0,610.0,602.0,601.0,1480.0,1580.0,1394.0,599.0,418.0,510.0,614.0,613.0,613.0
1.0,5833.0,1849.0,1841.0,2906.0,474.0,250.0,162.0,62.0,615.0,613.0,613.0,623.0,616.0,610.0,1857.0,2034.0,1942.0,250.0,162.0,62.0,615.0,613.0,613.0
1.0,6890.0,1811.0,1841.0,1527.0,758.0,263.0,341.0,154.0,615.0,613.0,613.0,612.0,597.0,602.0,2210.0,2290.0,2390.0,263.0,341.0,154.0,615.0,613.0,613.0
1.0,6606.0,1844.0,1841.0,474.0,2128.0,625.0,801.0,702.0,615.0,613.0,613.0,612.0,622.0,610.0,2197.0,2111.0,2298.0,625.0,801.0,702.0,615.0,613.0,613.0
1.0,5236.0,1845.0,1842.0,758.0,3219.0,980.0,1077.0,1162.0,616.0,613.0,613.0,614.0,617.0,614.0,1835.0,1651.0,1750.0,980.0,1077.0,1162.0,616.0,613.0,613.0
1.0,4149.0,1825.0,1843.0,2128.0,2920.0,963.0,890.0,1067.0,616.0,614.0,613.0,608.0,610.0,607.0,1484.0,1375.0,1290.0,963.0,890.0,1067.0,616.0,614.0,613.0
1.0,4452.0,1821.0,1843.0,3219.0,1522.0,586.0,426.0,510.0,616.0,614.0,613.0,603.0,613.0,605.0,1501.0,1566.0,1385.0,586.0,426.0,510.0,616.0,614.0,613.0
1.0,5850.0,1834.0,1844.0,2920.0,440.0,224.0,151.0,65.0,616.0,614.0,614.0,601.0,615.0,618.0,1878.0,2030.0,1942.0,224.0,151.0,65.0,616.0,614.0,614.0
1.0,6936.0,1791.0,1844.0,1522.0,709.0,237.0,316.0,156.0,616.0,614.0,614.0,599.0,591.0,601.0,2240.0,2305.0,2391.0,237.0,316.0,156.0,616.0,614.0,614.0
1.0,6667.0,1854.0,1844.0,440.0,2123.0,626.0,782.0,715.0,616.0,614.0,614.0,613.0,617.0,624.0,2227.0,2140.0,2300.0,626.0,782.0,715.0,616.0,614.0,614.0
1.0,5253.0,1854.0,1844.0,709.0,3268.0,1003.0,1080.0,1185.0,616.0,614.0,614.0,614.0,614.0,626.0,1838.0,1674.0,1741.0,1003.0,1080.0,1185.0,616.0,614.0,614.0
1.0,4108.0,1847.0,1844.0,2123.0,2992.0,986.0,927.0,1079.0,616.0,614.0,614.0,609.0,629.0,609.0,1461.0,1376.0,1271.0,986.0,927.0,1079.0,616.0,614.0,614.0
1.0,4384.0,1840.0,1844.0,3268.0,1564.0,590.0,457.0,517.0,616.0,614.0,614.0,607.0,610.0,623.0,1478.0,1529.0,1377.0,590.0,457.0,517.0,616.0,614.0,614.0
1.0,5812.0,1790.0,1844.0,2992.0,362.0,186.0,130.0,46.0,616.0,614.0,614.0,582.0,600.0,608.0,1874.0,1999.0,1939.0,186.0,130.0,46.0,616.0,614.0,614.0
1.0,7014.0,1826.0,1844.0,1564.0,624.0,205.0,282.0,137.0,616.0,614.0,614.0,609.0,609.0,608.0,2278.0,2326.0,2410.0,205.0,282.0,137.0,616.0,614.0,614.0
1.0,6752.0,1791.0,1844.0,362.0,2053.0,608.0,748.0,697.0,616.0,614.0,614.0,589.0,596.0,606.0,2259.0,2174.0,2319.0,608.0,748.0,697.0,616.0,614.0,614.0
1.0,5323.0,1854.0,1844.0,624.0,3283.0,1020.0,1083.0,1180.0,616.0,614.0,614.0,617.0,617.0,620.0,1856.0,1708.0,1759.0,1020.0,1083.0,1180.0,616.0,614.0,614.0
1.0,4093.0,1852.0,1844.0,2053.0,3082.0,1021.0,953.0,1108.0,616.0,614.0,614.0,609.0,618.0,625.0,1444.0,1373.0,1276.0,1021.0,953.0,1108.0,616.0,614.0,614.0
1.0,4294.0,1831.0,1844.0,3283.0,1630.0,612.0,481.0,537.0,616.0,614.0,614.0,611.0,611.0,609.0,1443.0,1503.0,1348.0,612.0,481.0,537.0,616.0,614.0,614.0
1.0,5746.0,1802.0,1842.0,3082.0,342.0,177.0,132.0,33.0,615.0,614.0,613.0,590.0,604.0,608.0,1852.0,1975.0,1919.0,177.0,132.0,33.0,615.0,614.0,613.0
1.0,7026.0,1873.0,1842.0,1630.0,585.0,192.0,275.0,118.0,615.0,614.0,613.0,627.0,624.0,622.0,2283.0,2324.0,2419.0,192.0,275.0,118.0,615.0,614.0,613.0
1.0,6783.0,1861.0,1843.0,342.0,2108.0,633.0,763.0,712.0,615.0,614.0,614.0,618.0,620.0,623.0,2268.0,2181.0,2334.0,633.0,763.0,712.0,615.0,614.0,614.0
1.0,5264.0,1833.0,1842.0,585.0,3352.0,1043.0,1096.0,1213.0,615.0,613.0,614.0,602.0,612.0,619.0,1827.0,1693.0,1744.0,1043.0,1096.0,1213.0,615.0,613.0,614.0
1.0,4016.0,1886.0,1844.0,2108.0,3138.0,1034.0,976.0,1128.0,616.0,614.0,614.0,620.0,639.0,627.0,1417.0,1356.0,1243.0,1034.0,976.0,1128.0,616.0,614.0,614.0
1.0,4238.0,1869.0,1844.0,3352.0,1655.0,611.0,503.0,541.0,616.0,614.0,614.0,620.0,623.0,626.0,1430.0,1480.0,1328.0,611.0,503.0,541.0,616.0,614.0,614.0
1.0,5721.0,1872.0,1844.0,3138.0,389.0,203.0,151.0,35.0,616.0,614.0,614.0,626.0,624.0,622.0,1853.0,1953.0,1915.0,203.0,151.0,35.0,616.0,614.0,614.0
1.0,6987.0,1892.0,1845.0,1655.0,630.0,225.0,286.0,119.0,616.0,614.0,615.0,633.0,638.0,621.0,2261.0,2305.0,2421.0,225.0,286.0,119.0,616.0,614.0,615.0
1.0,6750.0,1904.0,1845.0,389.0,2145.0,656.0,762.0,727.0,616.0,614.0,615.0,634.0,627.0,643.0,2239.0,2170.0,2341.0,656.0,762.0,727.0,616.0,614.0,615.0
1.0,5235.0,1913.0,1847.0,630.0,3436.0,1067.0,1116.0,1253.0,616.0,615.0,616.0,636.0,636.0,641.0,1808.0,1694.0,1733.0,1067.0,1116.0,1253.0,616.0,615.0,616.0
1.0,3952.0,1853.0,1845.0,2145.0,3136.0,1032.0,970.0,1134.0,616.0,614.0,615.0,621.0,620.0,612.0,1397.0,1344.0,1211.0,1032.0,970.0,1134.0,616.0,614.0,615.0
1.0,4244.0,1945.0,1848.0,3436.0,1657.0,619.0,510.0,528.0,617.0,615.0,616.0,650.0,652.0,643.0,1432.0,1486.0,1326.0,619.0,510.0,528.0,617.0,615.0,616.0
1.0,5735.0,1884.0,1849.0,3136.0,409.0,211.0,170.0,28.0,617.0,616.0,616.0,624.0,626.0,634.0,1849.0,1950.0,1936.0,211.0,170.0,28.0,617.0,616.0,616.0
1.0,6987.0,1891.0,1849.0,1657.0,643.0,225.0,289.0,129.0,617.0,616.0,616.0,633.0,629.0,629.0,2257.0,2294.0,2436.0,225.0,289.0,129.0,617.0,616.0,616.0
1.0,6753.0,1899.0,1851.0,409.0,2141.0,646.0,761.0,734.0,617.0,617.0,617.0,632.0,638.0,629.0,2243.0,2175.0,2335.0,646.0,761.0,734.0,617.0,617.0,617.0
1.0,5263.0,1911.0,1851.0,643.0,3409.0,1057.0,1103.0,1249.0,617.0,617.0,617.0,636.0,631.0,644.0,1822.0,1707.0,1734.0,1057.0,1103.0,1249.0,617.0,617.0,617.0
1.0,3995.0,1887.0,1852.0,2141.0,3159.0,1037.0,968.0,1154.0,617.0,617.0,618.0,626.0,626.0,635.0,1411.0,1365.0,1219.0,1037.0,968.0,1154.0,617.0,617.0,618.0
1.0,4249.0,1907.0,1852.0,3409.0,1657.0,607.0,503.0,547.0,617.0,617.0,618.0,627.0,638.0,642.0,1431.0,1500.0,1318.0,607.0,503.0,547.0,617.0,617.0,618.0
1.0,5751.0,1875.0,1853.0,3159.0,377.0,196.0,157.0,24.0,617.0,617.0,619.0,626.0,622.0,627.0,1861.0,1965.0,1925.0,196.0,157.0,24.0,617.0,617.0,619.0
1.0,7035.0,1853.0,1854.0,1657.0,577.0,205.0,275.0,97.0,617.0,618.0,619.0,616.0,617.0,620.0,2272.0,2311.0,2452.0,205.0,275.0,97.0,617.0,618.0,619.0
1.0,6839.0,1885.0,1855.0,377.0,2089.0,641.0,745.0,703.0,618.0,618.0,619.0,628.0,627.0,630.0,2263.0,2197.0,2379.0,641.0,745.0,703.0,618.0,618.0,619.0
1.0,5331.0,1921.0,1856.0,577.0,3437.0,1083.0,1114.0,1240.0,618.0,618.0,620.0,647.0,644.0,630.0,1831.0,1727.0,1773.0,1083.0,1114.0,1240.0,618.0,618.0,620.0
1.0,3987.0,1882.0,1857.0,2089.0,3234.0,1074.0,995.0,1165.0,618.0,619.0,620.0,632.0,622.0,628.0,1389.0,1358.0,1240.0,1074.0,995.0,1165.0,618.0,619.0,620.0
1.0,4194.0,1881.0,1857.0,3437.0,1678.0,619.0,506.0,553.0,618.0,619.0,620.0,628.0,625.0,628.0,1398.0,1481.0,1315.0,619.0,506.0,553.0,618.0,619.0,620.0
1.0,5750.0,1933.0,1859.0,3234.0,385.0,195.0,154.0,36.0,619.0,619.0,621.0,646.0,643.0,644.0,1853.0,1970.0,1927.0,195.0,154.0,36.0,619.0,619.0,621.0
1.0,7051.0,1879.0,1860.0,1678.0,590.0,201.0,277.0,112.0,619.0,620.0,621.0,625.0,625.0,629.0,2281.0,2322.0,2448.0,201.0,277.0,112.0,619.0,620.0,621.0
1.0,6850.0,1837.0,1860.0,385.0,2042.0,619.0,731.0,692.0,619.0,620.0,621.0,613.0,608.0,616.0,2275.0,2203.0,2372.0,619.0,731.0,692.0,619.0,620.0,621.0
1.0,5398.0,1850.0,1861.0,590.0,3306.0,1036.0,1065.0,1205.0,619.0,620.0,622.0,618.0,611.0,621.0,1857.0,1749.0,1792.0,1036.0,1065.0,1205.0,619.0,620.0,622.0
1.0,4138.0,1873.0,1861.0,2042.0,3137.0,1048.0,953.0,1136.0,619.0,620.0,622.0,631.0,619.0,623.0,1440.0,1415.0,1283.0,1048.0,953.0,1136.0,619.0,620.0,622.0
1.0,4307.0,1881.0,1861.0,3306.0,1712.0,640.0,509.0,563.0,619.0,620.0,622.0,628.0,621.0,632.0,1428.0,1527.0,1352.0,640.0,509.0,563.0,619.0,620.0,622.0
1.0,5732.0,1871.0,1861.0,3137.0,446.0,218.0,177.0,51.0,619.0,620.0,622.0,626.0,621.0,624.0,1836.0,1971.0,1925.0,218.0,177.0,51.0,619.0,620.0,622.0
1.0,6998.0,1825.0,1861.0,1712.0,559.0,189.0,276.0,94.0,619.0,620.0,622.0,611.0,608.0,606.0,2258.0,2303.0,2437.0,189.0,276.0,94.0,619.0,620.0,622.0
1.0,6885.0,1875.0,1861.0,446.0,1988.0,601.0,721.0,666.0,619.0,620.0,622.0,630.0,622.0,623.0,2287.0,2204.0,2394.0,601.0,721.0,666.0,619.0,620.0,622.0
1.0,5456.0,1868.0,1861.0,559.0,3297.0,1032.0,1067.0,1198.0,619.0,620.0,622.0,620.0,622.0,626.0,1875.0,1759.0,1822.0,1032.0,1067.0,1198.0,619.0,620.0,622.0
1.0,4147.0,1880.0,1863.0,1988.0,3197.0,1069.0,975.0,1153.0,620.0,621.0,622.0,634.0,625.0,621.0,1444.0,1413.0,1290.0,1069.0,975.0,1153.0,620.0,621.0,622.0
1.0,4255.0,1824.0,1863.0,3297.0,1724.0,643.0,521.0,560.0,620.0,621.0,622.0,606.0,613.0,605.0,1411.0,1509.0,1335.0,643.0,521.0,560.0,620.0,621.0,622.0
1.0,5728.0,1855.0,1863.0,3197.0,382.0,200.0,161.0,21.0,620.0,621.0,622.0,626.0,615.0,614.0,1837.0,1963.0,1928.0,200.0,161.0,21.0,620.0,621.0,622.0
1.0,7070.0,1899.0,1864.0,1724.0,561.0,202.0,269.0,90.0,620.0,621.0,623.0,645.0,629.0,625.0,2280.0,2323.0,2467.0,202.0,269.0,90.0,620.0,621.0,623.0
1.0,6895.0,1834.0,1865.0,382.0,2017.0,622.0,722.0,673.0,621.0,621.0,623.0,616.0,614.0,604.0,2278.0,2215.0,2402.0,622.0,722.0,673.0,621.0,621.0,623.0
1.0,5443.0,1848.0,1865.0,561.0,3304.0,1036.0,1067.0,1201.0,621.0,621.0,623.0,616.0,614.0,618.0,1862.0,1762.0,1819.0,1036.0,1067.0,1201.0,621.0,621.0,623.0
1.0,4156.0,1888.0,1865.0,2017.0,3175.0,1044.0,970.0,1161.0,621.0,621.0,623.0,630.0,625.0,633.0,1448.0,1417.0,1291.0,1044.0,970.0,1161.0,621.0,621.0,623.0
1.0,4285.0,1861.0,1868.0,3304.0,1744.0,630.0,529.0,585.0,622.0,622.0,624.0,618.0,622.0,621.0,1440.0,1514.0,1331.0,630.0,529.0,585.0,622.0,622.0,624.0
1.0,5728.0,1816.0,1867.0,3175.0,381.0,192.0,160.0,29.0,622.0,622.0,623.0,606.0,601.0,609.0,1858.0,1959.0,1911.0,192.0,160.0,29.0,622.0,622.0,623.0
1.0,7087.0,1896.0,1867.0,1744.0,533.0,198.0,259.0,76.0,622.0,622.0,623.0,636.0,628.0,632.0,2296.0,2328.0,2463.0,198.0,259.0,76.0,622.0,622.0,623.0
1.0,6935.0,1873.0,1868.0,381.0,2029.0,638.0,724.0,667.0,622.0,622.0,624.0,632.0,625.0,616.0,2290.0,2229.0,2416.0,638.0,724.0,667.0,622.0,622.0,624.0
1.0,5443.0,1834.0,1868.0,533.0,3330.0,1058.0,1073.0,1199.0,623.0,622.0,623.0,614.0,608.0,612.0,1850.0,1764.0,1829.0,1058.0,1073.0,1199.0,623.0,622.0,623.0
1.0,4142.0,1891.0,1870.0,2029.0,3200.0,1056.0,980.0,1164.0,624.0,622.0,624.0,632.0,631.0,628.0,1434.0,1415.0,1293.0,1056.0,980.0,1164.0,624.0,622.0,624.0
1.0,4280.0,1866.0,1871.0,3330.0,1740.0,620.0,536.0,584.0,624.0,623.0,624.0,622.0,625.0,619.0,1440.0,1508.0,1332.0,620.0,536.0,584.0,624.0,623.0,624.0
1.0,5744.0,1881.0,1872.0,3200.0,425.0,196.0,186.0,43.0,625.0,623.0,624.0,628.0,630.0,623.0,1876.0,1956.0,1912.0,196.0,186.0,43.0,625.0,623.0,624.0
1.0,7063.0,1833.0,1872.0,1740.0,518.0,196.0,259.0,63.0,625.0,623.0,624.0,620.0,609.0,604.0,2304.0,2306.0,2453.0,196.0,259.0,63.0,625.0,623.0,624.0
1.0,6970.0,1892.0,1873.0,425.0,1989.0,627.0,711.0,651.0,625.0,624.0,624.0,627.0,634.0,631.0,2304.0,2233.0,2433.0,627.0,711.0,651.0,625.0,624.0,624.0
1.0,5503.0,1826.0,1872.0,518.0,3293.0,1038.0,1054.0,1201.0,625.0,623.0,624.0,607.0,606.0,613.0,1873.0,1785.0,1845.0,1038.0,1054.0,1201.0,625.0,623.0,624.0
1.0,4195.0,1858.0,1873.0,1989.0,3166.0,1029.0,968.0,1169.0,625.0,624.0,624.0,618.0,621.0,619.0,1462.0,1438.0,1295.0,1029.0,968.0,1169.0,625.0,624.0,624.0
1.0,4326.0,1887.0,1874.0,3293.0,1764.0,617.0,543.0,604.0,625.0,624.0,625.0,626.0,629.0,632.0,1471.0,1528.0,1327.0,617.0,543.0,604.0,625.0,624.0,625.0
1.0,5732.0,1834.0,1873.0,3166.0,428.0,191.0,198.0,39.0,625.0,624.0,624.0,603.0,623.0,608.0,1883.0,1953.0,1896.0,191.0,198.0,39.0,625.0,624.0,624.0
1.0,7064.0,1878.0,1874.0,1764.0,546.0,215.0,280.0,51.0,626.0,624.0,624.0,637.0,625.0,616.0,2309.0,2298.0,2457.0,215.0,280.0,51.0,626.0,624.0,624.0
1.0,6950.0,1857.0,1874.0,428.0,1975.0,634.0,703.0,638.0,626.0,624.0,624.0,610.0,621.0,626.0,2289.0,2216.0,2445.0,634.0,703.0,638.0,626.0,624.0,624.0
1.0,5521.0,1882.0,1874.0,546.0,3311.0,1041.0,1050.0,1220.0,626.0,624.0,624.0,622.0,627.0,633.0,1870.0,1793.0,1858.0,1041.0,1050.0,1220.0,626.0,624.0,624.0
1.0,4185.0,1893.0,1874.0,1975.0,3229.0,1049.0,974.0,1206.0,626.0,624.0,624.0,642.0,627.0,624.0,1463.0,1446.0,1276.0,1049.0,974.0,1206.0,626.0,624.0,624.0
1.0,4267.0,1910.0,1875.0,3311.0,1832.0,639.0,566.0,627.0,626.0,624.0,625.0,631.0,642.0,637.0,1455.0,1522.0,1290.0,639.0,566.0,627.0,626.0,624.0,625.0
1.0,5668.0,1896.0,1874.0,3229.0,495.0,230.0,226.0,39.0,626.0,624.0,624.0,640.0,634.0,622.0,1865.0,1930.0,1873.0,230.0,226.0,39.0,626.0,624.0,624.0
1.0,7001.0,1934.0,1874.0,1832.0,597.0,237.0,298.0,62.0,626.0,624.0,624.0,646.0,638.0,650.0,2274.0,2270.0,2457.0,237.0,298.0,62.0,626.0,624.0,624.0
1.0,6899.0,1895.0,1875.0,495.0,2001.0,641.0,707.0,653.0,626.0,624.0,625.0,634.0,635.0,626.0,2267.0,2198.0,2434.0,641.0,707.0,653.0,626.0,624.0,625.0
1.0,5499.0,1881.0,1874.0,597.0,3281.0,1036.0,1031.0,1214.0,626.0,624.0,624.0,632.0,622.0,627.0,1863.0,1789.0,1847.0,1036.0,1031.0,1214.0,626.0,624.0,624.0
1.0,4215.0,1899.0,1874.0,2001.0,3179.0,1035.0,960.0,1184.0,626.0,624.0,624.0,640.0,636.0,623.0,1468.0,1465.0,1282.0,1035.0,960.0,1184.0,626.0,624.0,624.0
1.0,4317.0,1911.0,1875.0,3281.0,1813.0,640.0,572.0,601.0,627.0,624.0,624.0,637.0,643.0,631.0,1469.0,1536.0,1312.0,640.0,572.0,601.0,627.0,624.0,624.0
1.0,5687.0,1920.0,1875.0,3179.0,554.0,246.0,247.0,61.0,627.0,624.0,624.0,641.0,635.0,644.0,1868.0,1924.0,1895.0,246.0,247.0,61.0,627.0,624.0,624.0
1.0,6946.0,1909.0,1875.0,1813.0,650.0,245.0,308.0,97.0,627.0,624.0,624.0,639.0,633.0,637.0,2262.0,2249.0,2435.0,245.0,308.0,97.0,627.0,624.0,624.0
1.0,6850.0,1940.0,1877.0,554.0,2044.0,650.0,706.0,688.0,627.0,625.0,625.0,651.0,641.0,648.0,2263.0,2188.0,2399.0,650.0,706.0,688.0,627.0,625.0,625.0
1.0,5464.0,1869.0,1875.0,650.0,3255.0,1027.0,1011.0,1217.0,627.0,624.0,624.0,622.0,617.0,630.0,1858.0,1794.0,1812.0,1027.0,1011.0,1217.0,627.0,624.0,624.0
1.0,4245.0,1929.0,1878.0,2044.0,3152.0,1029.0,947.0,1176.0,628.0,625.0,625.0,648.0,638.0,643.0,1481.0,1485.0,1279.0,1029.0,947.0,1176.0,628.0,625.0,625.0
1.0,4360.0,1934.0,1878.0,3255.0,1831.0,653.0,577.0,601.0,628.0,625.0,625.0,651.0,641.0,642.0,1483.0,1553.0,1324.0,653.0,577.0,601.0,628.0,625.0,625.0
1.0,5681.0,1935.0,1879.0,3152.0,618.0,278.0,273.0,67.0,629.0,625.0,625.0,650.0,643.0,642.0,1859.0,1923.0,1899.0,278.0,273.0,67.0,629.0,625.0,625.0
1.0,6898.0,1973.0,1881.0,1831.0,768.0,285.0,357.0,126.0,629.0,626.0,626.0,660.0,657.0,656.0,2238.0,2227.0,2433.0,285.0,357.0,126.0,629.0,626.0,626.0
1.0,6756.0,1962.0,1881.0,618.0,2112.0,660.0,741.0,711.0,629.0,626.0,626.0,653.0,657.0,652.0,2231.0,2147.0,2378.0,660.0,741.0,711.0,629.0,626.0,626.0
1.0,5412.0,1933.0,1883.0,768.0,3285.0,1028.0,1023.0,1234.0,630.0,626.0,627.0,649.0,639.0,645.0,1856.0,1763.0,1793.0,1028.0,1023.0,1234.0,630.0,626.0,627.0
1.0,4247.0,1935.0,1884.0,2112.0,3112.0,1008.0,933.0,1171.0,630.0,627.0,627.0,640.0,647.0,648.0,1492.0,1481.0,1274.0,1008.0,933.0,1171.0,630.0,627.0,627.0
1.0,4424.0,1940.0,1884.0,3285.0,1767.0,623.0,563.0,581.0,630.0,627.0,627.0,643.0,653.0,644.0,1512.0,1575.0,1337.0,623.0,563.0,581.0,630.0,627.0,627.0
1.0,5769.0,1913.0,1885.0,3112.0,572.0,253.0,268.0,51.0,630.0,628.0,627.0,638.0,634.0,641.0,1897.0,1945.0,1927.0,253.0,268.0,51.0,630.0,628.0,627.0
1.0,6968.0,1964.0,1887.0,1767.0,777.0,294.0,356.0,127.0,631.0,628.0,628.0,660.0,651.0,653.0,2267.0,2244.0,2457.0,294.0,356.0,127.0,631.0,628.0,628.0
1.0,6771.0,1928.0,1888.0,572.0,2137.0,678.0,741.0,718.0,631.0,629.0,628.0,637.0,649.0,642.0,2230.0,2156.0,2385.0,678.0,741.0,718.0,631.0,629.0,628.0
1.0,5415.0,1940.0,1891.0,777.0,3312.0,1034.0,1041.0,1237.0,632.0,630.0,629.0,646.0,652.0,642.0,1846.0,1775.0,1794.0,1034.0,1041.0,1237.0,632.0,630.0,629.0
1.0,4252.0,1978.0,1891.0,2137.0,3153.0,1015.0,969.0,1169.0,632.0,630.0,629.0,659.0,669.0,650.0,1494.0,1479.0,1279.0,1015.0,969.0,1169.0,632.0,630.0,629.0
1.0,4411.0,1970.0,1894.0,3312.0,1823.0,641.0,584.0,598.0,633.0,631.0,630.0,656.0,652.0,662.0,1513.0,1551.0,1347.0,641.0,584.0,598.0,633.0,631.0,630.0
1.0,5753.0,1973.0,1897.0,3153.0,655.0,286.0,283.0,86.0,634.0,632.0,631.0,656.0,664.0,653.0,1891.0,1940.0,1922.0,286.0,283.0,86.0,634.0,632.0,631.0
1.0,6933.0,1924.0,1897.0,1823.0,756.0,289.0,334.0,133.0,634.0,632.0,631.0,644.0,635.0,645.0,2250.0,2245.0,2438.0,289.0,334.0,133.0,634.0,632.0,631.0
1.0,6832.0,1968.0,1900.0,655.0,2081.0,671.0,706.0,704.0,635.0,633.0,632.0,664.0,651.0,653.0,2247.0,2194.0,2391.0,671.0,706.0,704.0,635.0,633.0,632.0
1.0,5519.0,1900.0,1900.0,756.0,3225.0,1009.0,1003.0,1213.0,635.0,633.0,632.0,627.0,631.0,642.0,1869.0,1826.0,1824.0,1009.0,1003.0,1213.0,635.0,633.0,632.0
1.0,4375.0,1913.0,1902.0,2081.0,3065.0,966.0,942.0,1157.0,635.0,634.0,633.0,628.0,641.0,644.0,1531.0,1529.0,1315.0,966.0,942.0,1157.0,635.0,634.0,633.0
1.0,4543.0,1921.0,1902.0,3225.0,1761.0,600.0,573.0,588.0,635.0,634.0,633.0,643.0,634.0,644.0,1574.0,1594.0,1375.0,600.0,573.0,588.0,635.0,634.0,633.0
1.0,5847.0,1898.0,1903.0,3065.0,598.0,263.0,264.0,71.0,635.0,634.0,634.0,629.0,633.0,636.0,1940.0,1963.0,1944.0,263.0,264.0,71.0,635.0,634.0,634.0
1.0,7014.0,1900.0,1905.0,1761.0,745.0,302.0,332.0,111.0,636.0,635.0,634.0,635.0,637.0,628.0,2277.0,2272.0,2465.0,302.0,332.0,111.0,636.0,635.0,634.0
1.0,6875.0,1911.0,1905.0,598.0,2058.0,673.0,708.0,677.0,636.0,635.0,634.0,634.0,640.0,637.0,2242.0,2208.0,2425.0,673.0,708.0,677.0,636.0,635.0,634.0
1.0,5562.0,1924.0,1906.0,745.0,3241.0,1007.0,1014.0,1220.0,636.0,635.0,635.0,636.0,638.0,650.0,1871.0,1832.0,1859.0,1007.0,1014.0,1220.0,636.0,635.0,635.0
1.0,4383.0,1911.0,1908.0,2058.0,3102.0,970.0,952.0,1180.0,637.0,636.0,635.0,632.0,642.0,637.0,1537.0,1526.0,1320.0,970.0,952.0,1180.0,637.0,636.0,635.0
1.0,4530.0,1928.0,1909.0,3241.0,1793.0,595.0,588.0,610.0,637.0,636.0,636.0,632.0,650.0,646.0,1578.0,1592.0,1360.0,595.0,588.0,610.0,637.0,636.0,636.0
1.0,5843.0,1905.0,1910.0,3102.0,600.0,261.0,271.0,68.0,637.0,637.0,636.0,636.0,631.0,638.0,1953.0,1956.0,1934.0,261.0,271.0,68.0,637.0,637.0,636.0
1.0,7040.0,1905.0,1911.0,1793.0,716.0,298.0,316.0,102.0,637.0,637.0,637.0,632.0,633.0,640.0,2287.0,2277.0,2476.0,298.0,316.0,102.0,637.0,637.0,637.0
1.0,6928.0,1868.0,1911.0,600.0,1984.0,659.0,658.0,667.0,637.0,637.0,637.0,622.0,613.0,633.0,2250.0,2232.0,2446.0,659.0,658.0,667.0,637.0,637.0,637.0
1.0,5660.0,1927.0,1911.0,716.0,3195.0,995.0,981.0,1219.0,637.0,637.0,637.0,634.0,639.0,654.0,1889.0,1890.0,1881.0,995.0,981.0,1219.0,637.0,637.0,637.0
1.0,4449.0,1944.0,1912.0,1984.0,3159.0,982.0,972.0,1205.0,637.0,637.0,638.0,646.0,649.0,649.0,1553.0,1567.0,1329.0,982.0,972.0,1205.0,637.0,637.0,638.0
1.0,4489.0,1914.0,1915.0,3195.0,1890.0,622.0,631.0,637.0,638.0,638.0,639.0,631.0,636.0,647.0,1566.0,1576.0,1347.0,622.0,631.0,637.0,638.0,638.0,639.0
1.0,5770.0,1916.0,1915.0,3159.0,647.0,281.0,292.0,74.0,638.0,638.0,639.0,641.0,633.0,642.0,1930.0,1921.0,1919.0,281.0,292.0,74.0,638.0,638.0,639.0
1.0,7013.0,1974.0,1918.0,1890.0,743.0,318.0,324.0,101.0,639.0,639.0,640.0,655.0,659.0,660.0,2271.0,2260.0,2482.0,318.0,324.0,101.0,639.0,639.0,640.0
1.0,6929.0,1922.0,1918.0,647.0,2018.0,683.0,670.0,665.0,639.0,639.0,640.0,646.0,638.0,638.0,2238.0,2232.0,2459.0,683.0,670.0,665.0,639.0,639.0,640.0
1.0,5654.0,1878.0,1918.0,743.0,3153.0,982.0,974.0,1197.0,639.0,639.0,640.0,617.0,628.0,633.0,1873.0,1886.0,1895.0,982.0,974.0,1197.0,639.0,639.0,640.0
1.0,4519.0,1910.0,1921.0,2018.0,3057.0,930.0,949.0,1178.0,640.0,640.0,641.0,627.0,641.0,642.0,1574.0,1582.0,1363.0,930.0,949.0,1178.0,640.0,640.0,641.0
1.0,4627.0,1943.0,1922.0,3153.0,1851.0,594.0,624.0,633.0,640.0,640.0,642.0,646.0,649.0,648.0,1630.0,1611.0,1386.0,594.0,624.0,633.0,640.0,640.0,642.0
1.0,5837.0,1971.0,1923.0,3057.0,769.0,320.0,321.0,128.0,641.0,640.0,642.0,652.0,646.0,673.0,1966.0,1936.0,1935.0,320.0,321.0,128.0,641.0,640.0,642.0
1.0,6923.0,1883.0,1923.0,1851.0,801.0,355.0,324.0,122.0,641.0,640.0,642.0,629.0,627.0,627.0,2244.0,2239.0,2440.0,355.0,324.0,122.0,641.0,640.0,642.0
1.0,6891.0,1890.0,1923.0,769.0,1922.0,660.0,620.0,642.0,640.0,640.0,643.0,629.0,617.0,644.0,2209.0,2236.0,2446.0,660.0,620.0,642.0,640.0,640.0,643.0
1.0,5770.0,1917.0,1924.0,801.0,3042.0,947.0,939.0,1156.0,641.0,640.0,643.0,638.0,643.0,636.0,1900.0,1940.0,1930.0,947.0,939.0,1156.0,641.0,640.0,643.0
1.0,4654.0,1949.0,1924.0,1922.0,3069.0,934.0,959.0,1176.0,641.0,640.0,643.0,647.0,640.0,662.0,1617.0,1621.0,1416.0,934.0,959.0,1176.0,641.0,640.0,643.0
1.0,4627.0,1923.0,1925.0,3042.0,1954.0,628.0,669.0,657.0,641.0,641.0,643.0,641.0,645.0,637.0,1630.0,1601.0,1396.0,628.0,669.0,657.0,641.0,641.0,643.0
1.0,5746.0,1930.0,1926.0,3069.0,819.0,327.0,359.0,133.0,641.0,641.0,644.0,633.0,649.0,648.0,1936.0,1895.0,1915.0,327.0,359.0,133.0,641.0,641.0,644.0
1.0,6885.0,1896.0,1926.0,1954.0,761.0,332.0,321.0,108.0,641.0,641.0,644.0,633.0,631.0,632.0,2237.0,2205.0,2443.0,332.0,321.0,108.0,641.0,641.0,644.0
1.0,6943.0,1936.0,1926.0,819.0,1878.0,653.0,609.0,616.0,641.0,641.0,644.0,648.0,647.0,641.0,2232.0,2243.0,2468.0,653.0,609.0,616.0,641.0,641.0,644.0
1.0,5826.0,1938.0,1926.0,761.0,3055.0,971.0,930.0,1154.0,641.0,641.0,644.0,650.0,642.0,646.0,1911.0,1955.0,1960.0,971.0,930.0,1154.0,641.0,641.0,644.0
1.0,4649.0,1873.0,1926.0,1878.0,3050.0,945.0,945.0,1160.0,641.0,641.0,644.0,627.0,624.0,622.0,1593.0,1634.0,1422.0,945.0,945.0,1160.0,641.0,641.0,644.0
1.0,4654.0,1903.0,1926.0,3055.0,1898.0,614.0,646.0,638.0,641.0,641.0,644.0,640.0,631.0,632.0,1619.0,1619.0,1416.0,614.0,646.0,638.0,641.0,641.0,644.0
1.0,5806.0,1913.0,1925.0,3050.0,757.0,313.0,340.0,104.0,641.0,641.0,643.0,644.0,639.0,630.0,1950.0,1918.0,1938.0,313.0,340.0,104.0,641.0,641.0,643.0
1.0,6943.0,1947.0,1927.0,1898.0,814.0,349.0,356.0,109.0,641.0,642.0,644.0,650.0,658.0,639.0,2251.0,2224.0,2468.0,349.0,356.0,109.0,641.0,642.0,644.0
1.0,6894.0,1939.0,1927.0,757.0,1996.0,680.0,659.0,657.0,641.0,642.0,644.0,644.0,643.0,652.0,2215.0,2212.0,2467.0,680.0,659.0,657.0,641.0,642.0,644.0
1.0,5712.0,1926.0,1927.0,814.0,3108.0,985.0,944.0,1179.0,641.0,642.0,644.0,654.0,641.0,631.0,1884.0,1909.0,1919.0,985.0,944.0,1179.0,641.0,642.0,644.0
1.0,4600.0,1957.0,1927.0,1996.0,3069.0,953.0,941.0,1175.0,641.0,642.0,644.0,648.0,656.0,653.0,1579.0,1624.0,1397.0,953.0,941.0,1175.0,641.0,642.0,644.0
1.0,4639.0,1947.0,1927.0,3108.0,1908.0,615.0,652.0,641.0,641.0,642.0,644.0,647.0,655.0,645.0,1611.0,1627.0,1401.0,615.0,652.0,641.0,641.0,642.0,644.0
1.0,5800.0,1919.0,1926.0,3069.0,754.0,312.0,348.0,94.0,641.0,642.0,643.0,650.0,637.0,632.0,1949.0,1916.0,1935.0,312.0,348.0,94.0,641.0,642.0,643.0
1.0,6950.0,1932.0,1926.0,1908.0,778.0,341.0,345.0,92.0,641.0,642.0,643.0,644.0,649.0,639.0,2252.0,2220.0,2478.0,341.0,345.0,92.0,641.0,642.0,643.0
1.0,6926.0,1926.0,1926.0,754.0,1950.0,684.0,636.0,630.0,641.0,642.0,643.0,655.0,639.0,632.0,2223.0,2223.0,2480.0,684.0,636.0,630.0,641.0,642.0,643.0
1.0,5754.0,1905.0,1925.0,778.0,3073.0,982.0,924.0,1167.0,641.0,641.0,643.0,639.0,637.0,629.0,1880.0,1932.0,1942.0,982.0,924.0,1167.0,641.0,641.0,643.0
1.0,4627.0,1995.0,1927.0,1950.0,3126.0,976.0,948.0,1202.0,642.0,642.0,643.0,674.0,656.0,665.0,1582.0,1640.0,1405.0,976.0,948.0,1202.0,642.0,642.0,643.0
1.0,4582.0,1912.0,1925.0,3073.0,1957.0,635.0,652.0,670.0,641.0,641.0,643.0,645.0,632.0,635.0,1592.0,1620.0,1370.0,635.0,652.0,670.0,641.0,641.0,643.0
1.0,5743.0,1943.0,1926.0,3126.0,778.0,308.0,353.0,117.0,642.0,641.0,643.0,645.0,649.0,649.0,1929.0,1912.0,1902.0,308.0,353.0,117.0,642.0,641.0,643.0
1.0,6926.0,1972.0,1926.0,1957.0,793.0,344.0,354.0,95.0,642.0,641.0,643.0,671.0,653.0,648.0,2260.0,2211.0,2455.0,344.0,354.0,95.0,642.0,641.0,643.0
1.0,6911.0,1951.0,1926.0,778.0,1966.0,696.0,655.0,615.0,642.0,641.0,643.0,660.0,654.0,637.0,2224.0,2210.0,2477.0,696.0,655.0,615.0,642.0,641.0,643.0
1.0,5738.0,1908.0,1925.0,793.0,3077.0,987.0,942.0,1148.0,642.0,641.0,642.0,635.0,641.0,632.0,1872.0,1909.0,1957.0,987.0,942.0,1148.0,642.0,641.0,642.0
1.0,4623.0,1951.0,1925.0,1966.0,3062.0,948.0,941.0,1173.0,642.0,641.0,642.0,657.0,654.0,640.0,1581.0,1622.0,1420.0,948.0,941.0,1173.0,642.0,641.0,642.0
1.0,4638.0,1934.0,1925.0,3077.0,1919.0,604.0,650.0,665.0,642.0,641.0,642.0,643.0,651.0,640.0,1620.0,1623.0,1395.0,604.0,650.0,665.0,642.0,641.0,642.0
1.0,5781.0,1959.0,1925.0,3062.0,816.0,314.0,359.0,143.0,642.0,641.0,642.0,658.0,650.0,651.0,1964.0,1914.0,1903.0,314.0,359.0,143.0,642.0,641.0,642.0
1.0,6884.0,1952.0,1925.0,1919.0,849.0,371.0,360.0,118.0,642.0,641.0,642.0,661.0,651.0,640.0,2254.0,2205.0,2425.0,371.0,360.0,118.0,642.0,641.0,642.0
1.0,6851.0,1917.0,1925.0,816.0,1950.0,717.0,631.0,602.0,643.0,641.0,641.0,656.0,630.0,631.0,2197.0,2204.0,2450.0,717.0,631.0,602.0,643.0,641.0,641.0
1.0,5750.0,1942.0,1926.0,849.0,3047.0,994.0,914.0,1139.0,643.0,641.0,642.0,648.0,643.0,651.0,1855.0,1933.0,1962.0,994.0,914.0,1139.0,643.0,641.0,642.0
1.0,4657.0,1919.0,1927.0,1950.0,3020.0,918.0,930.0,1172.0,643.0,642.0,642.0,641.0,643.0,635.0,1578.0,1650.0,1429.0,918.0,930.0,1172.0,643.0,642.0,642.0
1.0,4688.0,1913.0,1927.0,3047.0,1886.0,555.0,660.0,671.0,643.0,642.0,642.0,631.0,644.0,638.0,1654.0,1638.0,1396.0,555.0,660.0,671.0,643.0,642.0,642.0
1.0,5822.0,1932.0,1926.0,3020.0,794.0,290.0,383.0,121.0,643.0,642.0,641.0,653.0,653.0,626.0,2017.0,1908.0,1897.0,290.0,383.0,121.0,643.0,642.0,641.0
1.0,6910.0,1943.0,1927.0,1886.0,855.0,384.0,373.0,98.0,644.0,642.0,641.0,645.0,650.0,648.0,2282.0,2185.0,2443.0,384.0,373.0,98.0,644.0,642.0,641.0
1.0,6853.0,1930.0,1927.0,794.0,1991.0,734.0,642.0,615.0,644.0,642.0,641.0,640.0,652.0,638.0,2192.0,2195.0,2466.0,734.0,642.0,615.0,644.0,642.0,641.0
1.0,5717.0,1899.0,1927.0,855.0,3035.0,975.0,908.0,1152.0,644.0,642.0,641.0,625.0,639.0,635.0,1842.0,1926.0,1949.0,975.0,908.0,1152.0,644.0,642.0,641.0
1.0,4673.0,1936.0,1928.0,1991.0,2984.0,869.0,922.0,1193.0,643.0,643.0,642.0,632.0,652.0,652.0,1601.0,1660.0,1412.0,869.0,922.0,1193.0,643.0,643.0,642.0
1.0,4728.0,1990.0,1929.0,3035.0,1943.0,562.0,682.0,699.0,644.0,643.0,642.0,664.0,668.0,658.0,1703.0,1650.0,1375.0,562.0,682.0,699.0,644.0,643.0,642.0
1.0,5773.0,1935.0,1930.0,2984.0,898.0,336.0,416.0,146.0,644.0,644.0,642.0,643.0,652.0,640.0,2014.0,1890.0,1869.0,336.0,416.0,146.0,644.0,644.0,642.0
1.0,6822.0,1940.0,1931.0,1943.0,899.0,427.0,383.0,89.0,645.0,644.0,642.0,649.0,649.0,642.0,2240.0,2160.0,2422.0,427.0,383.0,89.0,645.0,644.0,642.0
1.0,6825.0,1941.0,1931.0,898.0,1942.0,738.0,610.0,594.0,645.0,644.0,642.0,647.0,643.0,651.0,2153.0,2193.0,2479.0,738.0,610.0,594.0,645.0,644.0,642.0
1.0,5782.0,1943.0,1931.0,899.0,2986.0,951.0,880.0,1155.0,645.0,644.0,642.0,640.0,653.0,650.0,1842.0,1966.0,1974.0,951.0,880.0,1155.0,645.0,644.0,642.0
1.0,4738.0,1972.0,1932.0,1942.0,3020.0,864.0,934.0,1222.0,645.0,645.0,642.0,651.0,660.0,661.0,1629.0,1696.0,1413.0,864.0,934.0,1222.0,645.0,645.0,642.0
1.0,4708.0,1957.0,1932.0,2986.0,1991.0,571.0,695.0,725.0,645.0,645.0,642.0,658.0,641.0,658.0,1716.0,1646.0,1346.0,571.0,695.0,725.0,645.0,645.0,642.0
1.0,5737.0,1972.0,1933.0,3020.0,947.0,358.0,419.0,170.0,645.0,645.0,643.0,651.0,658.0,663.0,2009.0,1885.0,1843.0,358.0,419.0,170.0,645.0,645.0,643.0
1.0,6785.0,1958.0,1934.0,1991.0,918.0,438.0,378.0,102.0,646.0,645.0,643.0,647.0,654.0,657.0,2222.0,2161.0,2402.0,438.0,378.0,102.0,646.0,645.0,643.0
1.0,6818.0,1965.0,1935.0,947.0,1940.0,727.0,626.0,587.0,646.0,646.0,643.0,647.0,663.0,655.0,2146.0,2202.0,2470.0,727.0,626.0,587.0,646.0,646.0,643.0
1.0,5800.0,1986.0,1936.0,918.0,3012.0,940.0,909.0,1163.0,646.0,646.0,644.0,651.0,661.0,674.0,1857.0,1958.0,1985.0,940.0,909.0,1163.0,646.0,646.0,644.0
1.0,4732.0,1935.0,1936.0,1940.0,3007.0,852.0,922.0,1233.0,646.0,646.0,644.0,639.0,639.0,657.0,1644.0,1675.0,1413.0,852.0,922.0,1233.0,646.0,646.0,644.0
1.0,4737.0,1990.0,1937.0,3012.0,1989.0,561.0,685.0,743.0,646.0,647.0,644.0,649.0,668.0,673.0,1732.0,1662.0,1343.0,561.0,685.0,743.0,646.0,647.0,644.0
1.0,5759.0,1957.0,1939.0,3007.0,947.0,367.0,417.0,163.0,647.0,647.0,645.0,654.0,654.0,649.0,2023.0,1903.0,1833.0,367.0,417.0,163.0,647.0,647.0,645.0
1.0,6809.0,1952.0,1940.0,1989.0,914.0,452.0,388.0,74.0,647.0,648.0,645.0,646.0,652.0,654.0,2221.0,2171.0,2417.0,452.0,388.0,74.0,647.0,648.0,645.0
1.0,6846.0,1953.0,1940.0,947.0,1920.0,726.0,621.0,573.0,647.0,648.0,645.0,641.0,650.0,662.0,2136.0,2204.0,2506.0,726.0,621.0,573.0,647.0,648.0,645.0
1.0,5840.0,1946.0,1940.0,914.0,2952.0,918.0,878.0,1156.0,647.0,648.0,645.0,644.0,645.0,657.0,1862.0,1971.0,2007.0,918.0,878.0,1156.0,647.0,648.0,645.0
1.0,4808.0,2020.0,1942.0,1920.0,3060.0,864.0,930.0,1266.0,648.0,648.0,646.0,668.0,673.0,679.0,1670.0,1714.0,1424.0,864.0,930.0,1266.0,648.0,648.0,646.0
1.0,4708.0,1963.0,1943.0,2952.0,2075.0,594.0,709.0,772.0,648.0,649.0,646.0,648.0,653.0,662.0,1728.0,1662.0,1318.0,594.0,709.0,772.0,648.0,649.0,646.0
1.0,5697.0,1929.0,1944.0,3060.0,948.0,374.0,418.0,156.0,648.0,649.0,647.0,644.0,639.0,646.0,1998.0,1887.0,1812.0,374.0,418.0,156.0,648.0,649.0,647.0
1.0,6828.0,1993.0,1944.0,2075.0,866.0,446.0,364.0,56.0,648.0,649.0,647.0,666.0,655.0,672.0,2218.0,2178.0,2432.0,446.0,364.0,56.0,648.0,649.0,647.0
1.0,6910.0,1976.0,1946.0,948.0,1902.0,735.0,607.0,560.0,649.0,649.0,648.0,659.0,661.0,656.0,2146.0,2232.0,2532.0,735.0,607.0,560.0,649.0,649.0,648.0
1.0,5882.0,1986.0,1947.0,866.0,3026.0,952.0,908.0,1166.0,649.0,650.0,648.0,663.0,661.0,662.0,1861.0,1989.0,2032.0,952.0,908.0,1166.0,649.0,650.0,648.0
1.0,4762.0,2012.0,1950.0,1902.0,3148.0,886.0,971.0,1291.0,650.0,651.0,649.0,665.0,666.0,681.0,1644.0,1692.0,1426.0,886.0,971.0,1291.0,650.0,651.0,649.0
1.0,4652.0,1959.0,1950.0,3026.0,2081.0,579.0,710.0,792.0,650.0,650.0,650.0,645.0,651.0,663.0,1714.0,1633.0,1305.0,579.0,710.0,792.0,650.0,650.0,650.0
1.0,5719.0,1928.0,1951.0,3148.0,865.0,331.0,390.0,144.0,650.0,651.0,650.0,638.0,647.0,643.0,2021.0,1890.0,1808.0,331.0,390.0,144.0,650.0,651.0,650.0
1.0,6939.0,1995.0,1951.0,2081.0,779.0,407.0,341.0,31.0,650.0,651.0,650.0,655.0,661.0,679.0,2269.0,2214.0,2456.0,407.0,341.0,31.0,650.0,651.0,650.0
1.0,7025.0,1956.0,1952.0,865.0,1874.0,723.0,601.0,550.0,650.0,651.0,651.0,647.0,650.0,659.0,2193.0,2263.0,2569.0,723.0,601.0,550.0,650.0,651.0,651.0
1.0,5934.0,1975.0,1952.0,779.0,3070.0,975.0,911.0,1184.0,650.0,651.0,651.0,659.0,651.0,665.0,1877.0,2003.0,2054.0,975.0,911.0,1184.0,650.0,651.0,651.0
1.0,4738.0,1992.0,1953.0,1874.0,3192.0,915.0,971.0,1306.0,650.0,651.0,652.0,663.0,661.0,668.0,1625.0,1693.0,1420.0,915.0,971.0,1306.0,650.0,651.0,652.0
1.0,4620.0,1996.0,1953.0,3070.0,2118.0,607.0,717.0,794.0,650.0,651.0,652.0,667.0,657.0,672.0,1685.0,1633.0,1302.0,607.0,717.0,794.0,650.0,651.0,652.0
1.0,5694.0,1954.0,1954.0,3192.0,884.0,342.0,386.0,156.0,650.0,651.0,653.0,650.0,640.0,664.0,1993.0,1887.0,1814.0,342.0,386.0,156.0,650.0,651.0,653.0
1.0,6932.0,2002.0,1957.0,2118.0,780.0,409.0,343.0,28.0,651.0,652.0,654.0,670.0,670.0,662.0,2258.0,2218.0,2456.0,409.0,343.0,28.0,651.0,652.0,654.0
1.0,7048.0,1952.0,1956.0,884.0,1844.0,731.0,591.0,522.0,651.0,652.0,653.0,664.0,634.0,654.0,2195.0,2265.0,2588.0,731.0,591.0,522.0,651.0,652.0,653.0
1.0,5980.0,1949.0,1957.0,780.0,3017.0,977.0,893.0,1147.0,651.0,652.0,654.0,655.0,645.0,649.0,1873.0,2017.0,2090.0,977.0,893.0,1147.0,651.0,652.0,654.0
1.0,4811.0,1967.0,1957.0,1844.0,3140.0,904.0,955.0,1281.0,651.0,652.0,654.0,658.0,653.0,656.0,1627.0,1715.0,1469.0,904.0,955.0,1281.0,651.0,652.0,654.0
1.0,4688.0,1989.0,1957.0,3017.0,2112.0,597.0,723.0,792.0,651.0,652.0,654.0,670.0,661.0,658.0,1700.0,1653.0,1335.0,597.0,723.0,792.0,651.0,652.0,654.0
1.0,5716.0,1991.0,1957.0,3140.0,963.0,360.0,430.0,173.0,651.0,652.0,654.0,667.0,662.0,662.0,2007.0,1885.0,1824.0,360.0,430.0,173.0,651.0,652.0,654.0
1.0,6865.0,2009.0,1960.0,2112.0,872.0,445.0,374.0,53.0,652.0,653.0,655.0,678.0,663.0,668.0,2244.0,2178.0,2443.0,445.0,374.0,53.0,652.0,653.0,655.0
1.0,6968.0,1944.0,1959.0,963.0,1849.0,733.0,588.0,528.0,652.0,652.0,655.0,648.0,648.0,648.0,2163.0,2238.0,2567.0,733.0,588.0,528.0,652.0,652.0,655.0
1.0,5987.0,1962.0,1960.0,872.0,2943.0,947.0,864.0,1132.0,652.0,652.0,656.0,659.0,650.0,653.0,1875.0,2020.0,2092.0,947.0,864.0,1132.0,652.0,652.0,656.0
1.0,4897.0,1948.0,1959.0,1849.0,3038.0,868.0,923.0,1247.0,652.0,652.0,655.0,654.0,647.0,647.0,1661.0,1744.0,1492.0,868.0,923.0,1247.0,652.0,652.0,655.0
1.0,4798.0,1953.0,1960.0,2943.0,2052.0,570.0,713.0,769.0,652.0,652.0,656.0,649.0,654.0,650.0,1740.0,1685.0,1373.0,570.0,713.0,769.0,652.0,652.0,656.0
1.0,5788.0,1986.0,1961.0,3038.0,1004.0,371.0,451.0,182.0,652.0,653.0,656.0,669.0,657.0,660.0,2038.0,1895.0,1855.0,371.0,451.0,182.0,652.0,653.0,656.0
1.0,6840.0,1956.0,1961.0,2052.0,908.0,461.0,388.0,59.0,652.0,653.0,656.0,660.0,650.0,646.0,2237.0,2161.0,2442.0,461.0,388.0,59.0,652.0,653.0,656.0
1.0,6936.0,1949.0,1962.0,1004.0,1857.0,752.0,584.0,521.0,653.0,653.0,656.0,658.0,647.0,644.0,2147.0,2224.0,2565.0,752.0,584.0,521.0,653.0,653.0,656.0
1.0,5991.0,1931.0,1962.0,908.0,2880.0,936.0,843.0,1101.0,653.0,653.0,656.0,645.0,647.0,639.0,1860.0,2028.0,2103.0,936.0,843.0,1101.0,653.0,653.0,656.0
1.0,4968.0,1947.0,1963.0,1857.0,2974.0,841.0,903.0,1230.0,653.0,653.0,657.0,657.0,644.0,646.0,1676.0,1769.0,1523.0,841.0,903.0,1230.0,653.0,653.0,657.0
1.0,4878.0,1974.0,1964.0,2880.0,2072.0,580.0,716.0,776.0,654.0,653.0,657.0,671.0,656.0,647.0,1771.0,1709.0,1398.0,580.0,716.0,776.0,654.0,653.0,657.0
1.0,5784.0,1943.0,1964.0,2974.0,1041.0,401.0,459.0,181.0,654.0,653.0,657.0,662.0,646.0,635.0,2036.0,1896.0,1852.0,401.0,459.0,181.0,654.0,653.0,657.0
1.0,6815.0,1943.0,1965.0,2072.0,916.0,480.0,389.0,47.0,655.0,653.0,657.0,655.0,646.0,642.0,2215.0,2153.0,2447.0,480.0,389.0,47.0,655.0,653.0,657.0
1.0,6944.0,1953.0,1965.0,1041.0,1828.0,736.0,581.0,511.0,655.0,653.0,657.0,657.0,651.0,645.0,2140.0,2223.0,2581.0,736.0,581.0,511.0,655.0,653.0,657.0
1.0,6032.0,1976.0,1964.0,916.0,2884.0,922.0,850.0,1112.0,655.0,653.0,656.0,666.0,658.0,652.0,1884.0,2031.0,2117.0,922.0,850.0,1112.0,655.0,653.0,656.0
1.0,4972.0,1926.0,1964.0,1828.0,2982.0,823.0,921.0,1238.0,655.0,653.0,656.0,637.0,652.0,637.0,1698.0,1762.0,1512.0,823.0,921.0,1238.0,655.0,653.0,656.0
1.0,4874.0,1927.0,1964.0,2884.0,2025.0,547.0,712.0,766.0,655.0,653.0,656.0,646.0,641.0,640.0,1797.0,1691.0,1386.0,547.0,712.0,766.0,655.0,653.0,656.0
1.0,5831.0,1942.0,1964.0,2982.0,985.0,371.0,441.0,173.0,655.0,653.0,656.0,647.0,650.0,645.0,2073.0,1900.0,1858.0,371.0,441.0,173.0,655.0,653.0,656.0
1.0,6871.0,1973.0,1964.0,2025.0,933.0,482.0,398.0,53.0,655.0,653.0,656.0,658.0,669.0,646.0,2249.0,2171.0,2451.0,482.0,398.0,53.0,655.0,653.0,656.0
1.0,6923.0,1960.0,1964.0,985.0,1908.0,766.0,615.0,527.0,655.0,653.0,656.0,655.0,658.0,647.0,2138.0,2214.0,2571.0,766.0,615.0,527.0,655.0,653.0,656.0
1.0,5948.0,1979.0,1965.0,933.0,2958.0,942.0,898.0,1118.0,655.0,654.0,656.0,658.0,677.0,644.0,1854.0,1997.0,2097.0,942.0,898.0,1118.0,655.0,654.0,656.0
1.0,4902.0,1959.0,1964.0,1908.0,3005.0,825.0,945.0,1235.0,655.0,654.0,655.0,649.0,662.0,648.0,1678.0,1718.0,1506.0,825.0,945.0,1235.0,655.0,654.0,655.0
1.0,4851.0,1992.0,1965.0,2958.0,2043.0,549.0,721.0,773.0,656.0,654.0,655.0,662.0,674.0,656.0,1795.0,1671.0,1385.0,549.0,721.0,773.0,656.0,654.0,655.0
1.0,5817.0,2002.0,1966.0,3005.0,1044.0,395.0,449.0,200.0,656.0,655.0,655.0,671.0,669.0,662.0,2075.0,1895.0,1847.0,395.0,449.0,200.0,656.0,655.0,655.0
1.0,6820.0,1967.0,1966.0,2043.0,968.0,498.0,389.0,81.0,656.0,655.0,655.0,652.0,661.0,654.0,2229.0,2171.0,2420.0,498.0,389.0,81.0,656.0,655.0,655.0
1.0,6896.0,2032.0,1967.0,1044.0,1960.0,780.0,623.0,557.0,657.0,655.0,655.0,673.0,683.0,676.0,2126.0,2231.0,2539.0,780.0,623.0,557.0,657.0,655.0,655.0
1.0,5908.0,1947.0,1967.0,968.0,2939.0,931.0,888.0,1120.0,657.0,655.0,655.0,649.0,654.0,644.0,1848.0,1997.0,2063.0,931.0,888.0,1120.0,657.0,655.0,655.0
1.0,4929.0,1958.0,1967.0,1960.0,2937.0,800.0,925.0,1212.0,657.0,655.0,655.0,649.0,660.0,649.0,1697.0,1732.0,1500.0,800.0,925.0,1212.0,657.0,655.0,655.0
1.0,4931.0,1978.0,1968.0,2939.0,1980.0,526.0,713.0,741.0,657.0,656.0,655.0,657.0,672.0,649.0,1828.0,1695.0,1408.0,526.0,713.0,741.0,657.0,656.0,655.0
1.0,5892.0,2025.0,1969.0,2937.0,1072.0,405.0,475.0,192.0,658.0,656.0,655.0,675.0,687.0,663.0,2102.0,1911.0,1879.0,405.0,475.0,192.0,658.0,656.0,655.0
1.0,6804.0,1968.0,1970.0,1980.0,1064.0,527.0,437.0,100.0,658.0,657.0,655.0,648.0,671.0,649.0,2227.0,2149.0,2428.0,527.0,437.0,100.0,658.0,657.0,655.0
1.0,6816.0,1996.0,1969.0,1072.0,1984.0,787.0,630.0,567.0,658.0,657.0,654.0,665.0,668.0,663.0,2105.0,2191.0,2520.0,787.0,630.0,567.0,658.0,657.0,654.0
1.0,5892.0,1991.0,1969.0,1064.0,2911.0,913.0,868.0,1130.0,658.0,657.0,654.0,653.0,675.0,663.0,1845.0,1998.0,2049.0,913.0,868.0,1130.0,658.0,657.0,654.0
1.0,4965.0,1985.0,1971.0,1984.0,2920.0,781.0,906.0,1233.0,658.0,658.0,655.0,655.0,664.0,666.0,1719.0,1760.0,1486.0,781.0,906.0,1233.0,658.0,658.0,655.0
1.0,4964.0,1993.0,1971.0,2911.0,2002.0,529.0,703.0,770.0,658.0,658.0,655.0,661.0,665.0,667.0,1851.0,1726.0,1387.0,529.0,703.0,770.0,658.0,658.0,655.0
1.0,5882.0,1999.0,1971.0,2920.0,1081.0,414.0,467.0,200.0,658.0,658.0,655.0,666.0,670.0,663.0,2103.0,1929.0,1850.0,414.0,467.0,200.0,658.0,658.0,655.0
1.0,6803.0,2008.0,1971.0,2002.0,1087.0,554.0,439.0,94.0,658.0,658.0,655.0,669.0,675.0,664.0,2218.0,2165.0,2420.0,554.0,439.0,94.0,658.0,658.0,655.0
1.0,6797.0,2020.0,1971.0,1081.0,2026.0,819.0,644.0,563.0,658.0,658.0,655.0,679.0,672.0,669.0,2078.0,2193.0,2526.0,819.0,644.0,563.0,658.0,658.0,655.0
1.0,5858.0,1991.0,1972.0,1087.0,2934.0,922.0,880.0,1132.0,658.0,659.0,655.0,657.0,671.0,663.0,1813.0,1988.0,2057.0,922.0,880.0,1132.0,658.0,659.0,655.0
1.0,4954.0,1996.0,1973.0,2026.0,2908.0,770.0,902.0,1236.0,659.0,659.0,655.0,663.0,666.0,667.0,1710.0,1756.0,1488.0,770.0,902.0,1236.0,659.0,659.0,655.0
1.0,4984.0,2028.0,1974.0,2934.0,2006.0,514.0,706.0,786.0,659.0,660.0,655.0,666.0,680.0,682.0,1866.0,1734.0,1384.0,514.0,706.0,786.0,659.0,660.0,655.0
1.0,5890.0,1998.0,1974.0,2908.0,1096.0,401.0,475.0,220.0,659.0,660.0,655.0,657.0,671.0,670.0,2122.0,1934.0,1834.0,401.0,475.0,220.0,659.0,660.0,655.0
1.0,6800.0,2022.0,1976.0,2006.0,1120.0,561.0,444.0,115.0,660.0,660.0,656.0,670.0,675.0,677.0,2235.0,2165.0,2400.0,561.0,444.0,115.0,660.0,660.0,656.0
1.0,6784.0,2020.0,1977.0,1096.0,2048.0,829.0,649.0,570.0,660.0,661.0,656.0,669.0,676.0,675.0,2079.0,2196.0,2509.0,829.0,649.0,570.0,660.0,661.0,656.0
1.0,5860.0,1971.0,1975.0,1120.0,2891.0,917.0,866.0,1108.0,659.0,661.0,655.0,653.0,661.0,657.0,1811.0,1995.0,2054.0,917.0,866.0,1108.0,659.0,661.0,655.0
1.0,5009.0,1997.0,1977.0,2048.0,2848.0,758.0,874.0,1216.0,660.0,661.0,656.0,666.0,657.0,674.0,1719.0,1778.0,1512.0,758.0,874.0,1216.0,660.0,661.0,656.0
1.0,5060.0,2048.0,1977.0,2891.0,2005.0,527.0,686.0,792.0,660.0,661.0,656.0,686.0,678.0,684.0,1882.0,1770.0,1408.0,527.0,686.0,792.0,660.0,661.0,656.0
1.0,5903.0,2002.0,1978.0,2848.0,1163.0,433.0,479.0,251.0,660.0,662.0,656.0,664.0,663.0,675.0,2113.0,1958.0,1832.0,433.0,479.0,251.0,660.0,662.0,656.0
1.0,6749.0,2019.0,1979.0,2005.0,1181.0,574.0,465.0,142.0,660.0,662.0,657.0,668.0,672.0,679.0,2207.0,2169.0,2373.0,574.0,465.0,142.0,660.0,662.0,657.0
1.0,6735.0,2005.0,1980.0,1163.0,2027.0,829.0,639.0,559.0,661.0,662.0,657.0,684.0,653.0,668.0,2066.0,2183.0,2486.0,829.0,639.0,559.0,661.0,662.0,657.0
1.0,5893.0,2024.0,1982.0,1181.0,2878.0,928.0,856.0,1094.0,661.0,663.0,658.0,673.0,678.0,673.0,1815.0,2009.0,2069.0,928.0,856.0,1094.0,661.0,663.0,658.0
1.0,5050.0,2011.0,1982.0,2027.0,2862.0,756.0,884.0,1222.0,661.0,663.0,658.0,657.0,667.0,687.0,1716.0,1796.0,1538.0,756.0,884.0,1222.0,661.0,663.0,658.0
1.0,5066.0,1969.0,1981.0,2878.0,1949.0,483.0,684.0,782.0,660.0,663.0,658.0,659.0,656.0,654.0,1888.0,1768.0,1410.0,483.0,684.0,782.0,660.0,663.0,658.0
1.0,5975.0,2036.0,1982.0,2862.0,1127.0,420.0,474.0,233.0,661.0,663.0,658.0,689.0,674.0,673.0,2157.0,1968.0,1850.0,420.0,474.0,233.0,661.0,663.0,658.0
1.0,6801.0,2021.0,1984.0,1949.0,1207.0,621.0,451.0,135.0,662.0,663.0,659.0,680.0,661.0,680.0,2224.0,2178.0,2399.0,621.0,451.0,135.0,662.0,663.0,659.0
1.0,6729.0,1962.0,1984.0,1127.0,2042.0,856.0,619.0,567.0,662.0,663.0,659.0,655.0,642.0,665.0,2027.0,2201.0,2501.0,856.0,619.0,567.0,662.0,663.0,659.0
1.0,5894.0,2006.0,1985.0,1207.0,2845.0,899.0,834.0,1112.0,662.0,663.0,660.0,664.0,666.0,676.0,1792.0,2033.0,2069.0,899.0,834.0,1112.0,662.0,663.0,660.0
1.0,5095.0,1982.0,1985.0,2042.0,2785.0,711.0,859.0,1215.0,662.0,663.0,660.0,668.0,644.0,670.0,1749.0,1818.0,1528.0,711.0,859.0,1215.0,662.0,663.0,660.0
1.0,5155.0,1971.0,1985.0,2845.0,1911.0,474.0,675.0,762.0,662.0,663.0,660.0,662.0,650.0,659.0,1937.0,1793.0,1425.0,474.0,675.0,762.0,662.0,663.0,660.0
1.0,6029.0,2015.0,1986.0,2785.0,1145.0,443.0,491.0,211.0,662.0,664.0,660.0,680.0,671.0,664.0,2174.0,1977.0,1878.0,443.0,491.0,211.0,662.0,664.0,660.0
1.0,6799.0,1965.0,1987.0,1911.0,1203.0,627.0,464.0,112.0,662.0,664.0,661.0,658.0,648.0,659.0,2205.0,2165.0,2429.0,627.0,464.0,112.0,662.0,664.0,661.0
1.0,6745.0,2004.0,1988.0,1145.0,2066.0,862.0,633.0,571.0,663.0,664.0,661.0,674.0,660.0,670.0,2021.0,2192.0,2532.0,862.0,633.0,571.0,663.0,664.0,661.0
1.0,5886.0,1943.0,1988.0,1203.0,2806.0,890.0,804.0,1112.0,663.0,664.0,661.0,655.0,635.0,653.0,1790.0,2023.0,2073.0,890.0,804.0,1112.0,663.0,664.0,661.0
1.0,5146.0,2028.0,1989.0,2066.0,2772.0,711.0,840.0,1221.0,663.0,664.0,662.0,683.0,669.0,676.0,1762.0,1852.0,1532.0,711.0,840.0,1221.0,663.0,664.0,662.0
1.0,5184.0,1982.0,1990.0,2806.0,1952.0,481.0,690.0,781.0,663.0,664.0,663.0,660.0,654.0,668.0,1941.0,1816.0,1427.0,481.0,690.0,781.0,663.0,664.0,663.0
1.0,6008.0,1987.0,1990.0,2772.0,1167.0,439.0,501.0,227.0,663.0,664.0,663.0,669.0,651.0,667.0,2171.0,1966.0,1871.0,439.0,501.0,227.0,663.0,664.0,663.0
1.0,6793.0,2003.0,1990.0,1952.0,1218.0,633.0,472.0,113.0,663.0,664.0,663.0,675.0,661.0,667.0,2213.0,2155.0,2425.0,633.0,472.0,113.0,663.0,664.0,663.0
1.0,6742.0,1987.0,1992.0,1167.0,2046.0,864.0,627.0,555.0,664.0,664.0,664.0,666.0,656.0,665.0,2019.0,2184.0,2539.0,864.0,627.0,555.0,664.0,664.0,664.0
1.0,5922.0,2022.0,1994.0,1218.0,2858.0,897.0,841.0,1120.0,664.0,665.0,665.0,666.0,682.0,674.0,1792.0,2029.0,2101.0,897.0,841.0,1120.0,664.0,665.0,665.0
1.0,5118.0,1999.0,1995.0,2046.0,2815.0,708.0,872.0,1235.0,665.0,665.0,665.0,671.0,658.0,670.0,1759.0,1819.0,1540.0,708.0,872.0,1235.0,665.0,665.0,665.0
1.0,5165.0,2018.0,1996.0,2858.0,1979.0,484.0,703.0,792.0,665.0,665.0,666.0,673.0,672.0,673.0,1952.0,1788.0,1425.0,484.0,703.0,792.0,665.0,665.0,666.0
1.0,6005.0,2045.0,1998.0,2815.0,1217.0,472.0,512.0,233.0,666.0,666.0,666.0,692.0,677.0,676.0,2176.0,1957.0,1872.0,472.0,512.0,233.0,666.0,666.0,666.0
1.0,6775.0,2021.0,1999.0,1979.0,1263.0,665.0,486.0,112.0,666.0,666.0,667.0,677.0,677.0,667.0,2192.0,2152.0,2431.0,665.0,486.0,112.0,666.0,666.0,667.0
1.0,6733.0,2018.0,2000.0,1217.0,2068.0,868.0,644.0,556.0,667.0,666.0,667.0,671.0,670.0,677.0,1999.0,2178.0,2556.0,868.0,644.0,556.0,667.0,666.0,667.0
1.0,5932.0,2021.0,2001.0,1263.0,2830.0,885.0,818.0,1127.0,667.0,666.0,668.0,682.0,660.0,679.0,1800.0,2020.0,2112.0,885.0,818.0,1127.0,667.0,666.0,668.0
1.0,5174.0,2009.0,2001.0,2068.0,2771.0,694.0,841.0,1236.0,667.0,666.0,668.0,677.0,667.0,665.0,1783.0,1846.0,1545.0,694.0,841.0,1236.0,667.0,666.0,668.0
1.0,5233.0,2042.0,2002.0,2830.0,1987.0,497.0,694.0,796.0,668.0,666.0,668.0,684.0,671.0,687.0,1974.0,1823.0,1436.0,497.0,694.0,796.0,668.0,666.0,668.0
1.0,6021.0,2066.0,2003.0,2771.0,1286.0,496.0,537.0,253.0,668.0,666.0,669.0,693.0,684.0,689.0,2175.0,1970.0,1876.0,496.0,537.0,253.0,668.0,666.0,669.0
1.0,6726.0,2048.0,2004.0,1987.0,1351.0,684.0,520.0,147.0,669.0,666.0,669.0,681.0,677.0,690.0,2176.0,2127.0,2423.0,684.0,520.0,147.0,669.0,666.0,669.0
1.0,6665.0,2002.0,2005.0,1286.0,2071.0,853.0,649.0,569.0,669.0,666.0,670.0,665.0,666.0,671.0,1992.0,2144.0,2529.0,853.0,649.0,569.0,669.0,666.0,670.0
1.0,5949.0,2012.0,2005.0,1351.0,2732.0,835.0,804.0,1093.0,669.0,666.0,670.0,666.0,675.0,671.0,1823.0,2015.0,2111.0,835.0,804.0,1093.0,669.0,666.0,670.0
1.0,5288.0,2027.0,2005.0,2071.0,2688.0,658.0,833.0,1197.0,669.0,666.0,670.0,676.0,678.0,673.0,1841.0,1860.0,1587.0,658.0,833.0,1197.0,669.0,666.0,670.0
1.0,5332.0,2020.0,2007.0,2732.0,1984.0,494.0,712.0,778.0,670.0,666.0,671.0,667.0,683.0,670.0,2018.0,1831.0,1483.0,494.0,712.0,778.0,670.0,666.0,671.0
1.0,6044.0,2031.0,2008.0,2688.0,1331.0,511.0,565.0,255.0,670.0,667.0,671.0,675.0,682.0,674.0,2186.0,1952.0,1906.0,511.0,565.0,255.0,670.0,667.0,671.0
1.0,6701.0,2025.0,2008.0,1984.0,1372.0,688.0,536.0,148.0,670.0,667.0,671.0,671.0,683.0,671.0,2169.0,2103.0,2429.0,688.0,536.0,148.0,670.0,667.0,671.0
1.0,6660.0,2029.0,2008.0,1331.0,2070.0,849.0,653.0,568.0,670.0,667.0,671.0,672.0,682.0,675.0,1992.0,2132.0,2536.0,849.0,653.0,568.0,670.0,667.0,671.0
1.0,5962.0,1969.0,2008.0,1372.0,2667.0,808.0,784.0,1075.0,670.0,667.0,671.0,647.0,667.0,655.0,1831.0,2015.0,2116.0,808.0,784.0,1075.0,670.0,667.0,671.0
1.0,5365.0,2032.0,2009.0,2070.0,2633.0,630.0,810.0,1193.0,670.0,667.0,672.0,671.0,679.0,682.0,1872.0,1884.0,1609.0,630.0,810.0,1193.0,670.0,667.0,672.0
1.0,5403.0,2022.0,2010.0,2667.0,1992.0,484.0,718.0,790.0,670.0,668.0,672.0,662.0,688.0,672.0,2050.0,1858.0,1495.0,484.0,718.0,790.0,670.0,668.0,672.0
1.0,6048.0,1994.0,2009.0,2633.0,1349.0,519.0,567.0,263.0,670.0,667.0,672.0,665.0,663.0,666.0,2196.0,1954.0,1898.0,519.0,567.0,263.0,670.0,667.0,672.0
1.0,6687.0,2012.0,2010.0,1992.0,1373.0,702.0,530.0,141.0,670.0,668.0,672.0,667.0,677.0,668.0,2161.0,2101.0,2425.0,702.0,530.0,141.0,670.0,668.0,672.0
1.0,6667.0,2021.0,2010.0,1349.0,2045.0,855.0,641.0,549.0,670.0,668.0,672.0,672.0,678.0,671.0,1978.0,2142.0,2547.0,855.0,641.0,549.0,670.0,668.0,672.0
1.0,5995.0,2045.0,2010.0,1373.0,2717.0,824.0,799.0,1094.0,670.0,668.0,672.0,671.0,688.0,686.0,1825.0,2031.0,2139.0,824.0,799.0,1094.0,670.0,668.0,672.0
1.0,5323.0,2032.0,2011.0,2045.0,2708.0,649.0,843.0,1216.0,671.0,668.0,672.0,676.0,685.0,671.0,1856.0,1873.0,1594.0,649.0,843.0,1216.0,671.0,668.0,672.0
1.0,5336.0,2072.0,2012.0,2717.0,2067.0,514.0,745.0,808.0,671.0,669.0,672.0,689.0,697.0,686.0,2035.0,1829.0,1472.0,514.0,745.0,808.0,671.0,669.0,672.0
1.0,5981.0,2023.0,2012.0,2708.0,1382.0,539.0,580.0,263.0,671.0,669.0,672.0,674.0,678.0,671.0,2170.0,1931.0,1880.0,539.0,580.0,263.0,671.0,669.0,672.0
1.0,6666.0,2042.0,2013.0,2067.0,1361.0,710.0,527.0,124.0,672.0,669.0,672.0,681.0,692.0,669.0,2145.0,2096.0,2425.0,710.0,527.0,124.0,672.0,669.0,672.0
1.0,6691.0,2060.0,2014.0,1382.0,2043.0,862.0,645.0,536.0,672.0,670.0,672.0,691.0,694.0,675.0,1978.0,2149.0,2564.0,862.0,645.0,536.0,672.0,670.0,672.0
1.0,6013.0,2019.0,2014.0,1361.0,2701.0,814.0,799.0,1088.0,672.0,670.0,672.0,662.0,681.0,676.0,1826.0,2035.0,2152.0,814.0,799.0,1088.0,672.0,670.0,672.0
1.0,5355.0,2037.0,2014.0,2043.0,2695.0,629.0,837.0,1229.0,672.0,670.0,672.0,677.0,683.0,677.0,1874.0,1881.0,1600.0,629.0,837.0,1229.0,672.0,670.0,672.0
1.0,5361.0,2045.0,2015.0,2701.0,2043.0,498.0,726.0,819.0,672.0,671.0,672.0,683.0,684.0,678.0,2059.0,1843.0,1459.0,498.0,726.0,819.0,672.0,671.0,672.0
1.0,6017.0,2002.0,2015.0,2695.0,1350.0,530.0,560.0,260.0,672.0,671.0,672.0,661.0,671.0,670.0,2190.0,1958.0,1869.0,530.0,560.0,260.0,672.0,671.0,672.0
1.0,6710.0,2048.0,2015.0,2043.0,1355.0,711.0,520.0,124.0,672.0,671.0,672.0,679.0,686.0,683.0,2158.0,2124.0,2428.0,711.0,520.0,124.0,672.0,671.0,672.0
1.0,6705.0,2053.0,2016.0,1350.0,2062.0,865.0,654.0,543.0,672.0,672.0,672.0,684.0,690.0,679.0,1977.0,2164.0,2564.0,865.0,654.0,543.0,672.0,672.0,672.0
1.0,6002.0,2074.0,2018.0,1355.0,2789.0,850.0,830.0,1109.0,673.0,672.0,673.0,692.0,696.0,686.0,1823.0,2034.0,2145.0,850.0,830.0,1109.0,673.0,672.0,673.0
1.0,5283.0,2037.0,2018.0,2062.0,2764.0,663.0,847.0,1254.0,673.0,672.0,673.0,678.0,671.0,688.0,1842.0,1858.0,1583.0,663.0,847.0,1254.0,673.0,672.0,673.0
1.0,5308.0,2030.0,2019.0,2789.0,2009.0,489.0,699.0,821.0,673.0,673.0,673.0,676.0,678.0,676.0,2029.0,1841.0,1438.0,489.0,699.0,821.0,673.0,673.0,673.0
1.0,6067.0,2042.0,2019.0,2764.0,1287.0,508.0,534.0,245.0,673.0,673.0,673.0,682.0,682.0,678.0,2203.0,1993.0,1871.0,508.0,534.0,245.0,673.0,673.0,673.0
1.0,6789.0,2011.0,2021.0,2009.0,1297.0,696.0,518.0,83.0,674.0,674.0,673.0,673.0,679.0,659.0,2184.0,2158.0,2447.0,696.0,518.0,83.0,674.0,674.0,673.0
1.0,6787.0,2016.0,2021.0,1287.0,2026.0,869.0,656.0,501.0,674.0,674.0,673.0,681.0,672.0,663.0,2000.0,2178.0,2609.0,869.0,656.0,501.0,674.0,674.0,673.0
1.0,6058.0,2000.0,2022.0,1297.0,2733.0,833.0,815.0,1085.0,674.0,675.0,673.0,660.0,673.0,667.0,1827.0,2040.0,2191.0,833.0,815.0,1085.0,674.0,675.0,673.0
1.0,5355.0,2026.0,2021.0,2026.0,2729.0,652.0,817.0,1260.0,674.0,674.0,673.0,688.0,662.0,676.0,1863.0,1885.0,1607.0,652.0,817.0,1260.0,674.0,674.0,673.0
1.0,5355.0,2060.0,2024.0,2733.0,2068.0,517.0,696.0,855.0,675.0,675.0,674.0,694.0,690.0,676.0,2044.0,1879.0,1432.0,517.0,696.0,855.0,675.0,675.0,674.0
1.0,6028.0,2037.0,2025.0,2729.0,1380.0,554.0,559.0,267.0,675.0,676.0,674.0,689.0,676.0,672.0,2183.0,2004.0,1841.0,554.0,559.0,267.0,675.0,676.0,674.0
1.0,6720.0,2009.0,2025.0,2068.0,1321.0,707.0,535.0,79.0,675.0,676.0,674.0,670.0,672.0,667.0,2146.0,2145.0,2429.0,707.0,535.0,79.0,675.0,676.0,674.0
1.0,6779.0,2043.0,2026.0,1380.0,1988.0,831.0,663.0,494.0,675.0,677.0,674.0,678.0,683.0,682.0,1993.0,2169.0,2617.0,831.0,663.0,494.0,675.0,677.0,674.0
1.0,6116.0,2044.0,2027.0,1321.0,2715.0,813.0,804.0,1098.0,676.0,677.0,674.0,685.0,676.0,683.0,1869.0,2045.0,2202.0,813.0,804.0,1098.0,676.0,677.0,674.0
1.0,5393.0,2060.0,2028.0,1988.0,2791.0,680.0,817.0,1294.0,676.0,677.0,675.0,698.0,676.0,686.0,1891.0,1904.0,1598.0,680.0,817.0,1294.0,676.0,677.0,675.0
1.0,5321.0,2037.0,2029.0,2715.0,2117.0,547.0,694.0,876.0,676.0,678.0,675.0,680.0,677.0,680.0,2024.0,1891.0,1406.0,547.0,694.0,876.0,676.0,678.0,675.0
1.0,5999.0,2039.0,2030.0,2791.0,1369.0,561.0,543.0,265.0,677.0,678.0,675.0,690.0,666.0,683.0,2157.0,2018.0,1824.0,561.0,543.0,265.0,677.0,678.0,675.0
1.0,6751.0,2062.0,2031.0,2117.0,1318.0,702.0,531.0,85.0,677.0,678.0,676.0,688.0,682.0,692.0,2147.0,2169.0,2435.0,702.0,531.0,85.0,677.0,678.0,676.0
1.0,6806.0,2037.0,2031.0,1369.0,1986.0,818.0,664.0,504.0,677.0,678.0,676.0,677.0,676.0,684.0,2006.0,2181.0,2619.0,818.0,664.0,504.0,677.0,678.0,676.0
1.0,6138.0,2059.0,2031.0,1318.0,2727.0,800.0,811.0,1116.0,677.0,678.0,676.0,684.0,678.0,697.0,1890.0,2048.0,2200.0,800.0,811.0,1116.0,677.0,678.0,676.0
1.0,5397.0,2065.0,2032.0,1986.0,2810.0,673.0,822.0,1315.0,677.0,678.0,677.0,691.0,675.0,699.0,1908.0,1901.0,1588.0,673.0,822.0,1315.0,677.0,678.0,677.0
1.0,5318.0,2046.0,2032.0,2727.0,2129.0,554.0,681.0,894.0,677.0,678.0,677.0,681.0,670.0,695.0,2035.0,1890.0,1393.0,554.0,681.0,894.0,677.0,678.0,677.0
1.0,5999.0,2047.0,2033.0,2810.0,1370.0,569.0,538.0,263.0,678.0,678.0,677.0,684.0,679.0,684.0,2154.0,2031.0,1814.0,569.0,538.0,263.0,678.0,678.0,677.0
1.0,6762.0,2054.0,2035.0,2129.0,1303.0,700.0,538.0,65.0,678.0,679.0,678.0,685.0,677.0,692.0,2143.0,2174.0,2445.0,700.0,538.0,65.0,678.0,679.0,678.0
1.0,6837.0,2032.0,2035.0,1370.0,1965.0,804.0,677.0,484.0,678.0,679.0,678.0,673.0,677.0,682.0,2012.0,2178.0,2647.0,804.0,677.0,484.0,678.0,679.0,678.0
1.0,6175.0,1966.0,2033.0,1303.0,2620.0,755.0,788.0,1077.0,677.0,679.0,677.0,655.0,649.0,662.0,1908.0,2039.0,2228.0,755.0,788.0,1077.0,677.0,679.0,677.0
1.0,5512.0,2088.0,2034.0,1965.0,2747.0,642.0,806.0,1299.0,677.0,679.0,678.0,691.0,695.0,702.0,1953.0,1928.0,1631.0,642.0,806.0,1299.0,677.0,679.0,678.0
1.0,5389.0,2068.0,2034.0,2620.0,2195.0,575.0,701.0,919.0,677.0,679.0,678.0,688.0,683.0,697.0,2066.0,1910.0,1413.0,575.0,701.0,919.0,677.0,679.0,678.0
1.0,5941.0,2032.0,2034.0,2747.0,1480.0,606.0,565.0,309.0,677.0,679.0,678.0,673.0,670.0,689.0,2133.0,2015.0,1793.0,606.0,565.0,309.0,677.0,679.0,678.0
1.0,6656.0,2043.0,2034.0,2195.0,1328.0,703.0,548.0,77.0,677.0,679.0,678.0,672.0,684.0,687.0,2102.0,2151.0,2403.0,703.0,548.0,77.0,677.0,679.0,678.0
1.0,6808.0,2054.0,2036.0,1480.0,1910.0,788.0,658.0,464.0,678.0,679.0,679.0,687.0,675.0,692.0,2005.0,2168.0,2635.0,788.0,658.0,464.0,678.0,679.0,679.0
1.0,6234.0,2130.0,2038.0,1328.0,2720.0,800.0,813.0,1107.0,679.0,679.0,680.0,711.0,703.0,716.0,1924.0,2058.0,2252.0,800.0,813.0,1107.0,679.0,679.0,680.0
1.0,5432.0,2033.0,2038.0,1910.0,2843.0,686.0,825.0,1332.0,679.0,679.0,680.0,674.0,670.0,689.0,1916.0,1903.0,1613.0,686.0,825.0,1332.0,679.0,679.0,680.0
1.0,5309.0,2028.0,2038.0,2720.0,2151.0,557.0,687.0,907.0,679.0,679.0,680.0,671.0,675.0,682.0,2030.0,1891.0,1388.0,557.0,687.0,907.0,679.0,679.0,680.0
1.0,6001.0,2051.0,2038.0,2843.0,1359.0,554.0,549.0,256.0,679.0,679.0,680.0,683.0,687.0,681.0,2159.0,2029.0,1813.0,554.0,549.0,256.0,679.0,679.0,680.0
1.0,6793.0,2074.0,2040.0,2151.0,1290.0,681.0,555.0,54.0,679.0,680.0,681.0,684.0,689.0,701.0,2162.0,2167.0,2464.0,681.0,555.0,54.0,679.0,680.0,681.0
1.0,6870.0,2052.0,2042.0,1359.0,1991.0,810.0,684.0,497.0,680.0,680.0,682.0,679.0,678.0,695.0,2035.0,2165.0,2670.0,810.0,684.0,497.0,680.0,680.0,682.0
1.0,6177.0,2036.0,2041.0,1290.0,2733.0,805.0,799.0,1129.0,680.0,679.0,682.0,676.0,674.0,686.0,1910.0,2036.0,2231.0,805.0,799.0,1129.0,680.0,679.0,682.0
1.0,5431.0,2075.0,2042.0,1991.0,2821.0,682.0,804.0,1335.0,680.0,680.0,682.0,687.0,685.0,703.0,1915.0,1917.0,1599.0,682.0,804.0,1335.0,680.0,680.0,682.0
1.0,5347.0,2037.0,2044.0,2733.0,2133.0,562.0,680.0,891.0,681.0,680.0,683.0,681.0,675.0,681.0,2038.0,1916.0,1393.0,562.0,680.0,891.0,681.0,680.0,683.0
1.0,6043.0,2025.0,2043.0,2821.0,1333.0,562.0,540.0,231.0,681.0,679.0,683.0,682.0,668.0,675.0,2162.0,2040.0,1841.0,562.0,540.0,231.0,681.0,679.0,683.0
1.0,6839.0,2039.0,2043.0,2133.0,1239.0,668.0,543.0,28.0,681.0,679.0,683.0,668.0,683.0,688.0,2162.0,2176.0,2501.0,668.0,543.0,28.0,681.0,679.0,683.0
1.0,6933.0,2063.0,2044.0,1333.0,1973.0,783.0,705.0,485.0,681.0,680.0,683.0,677.0,698.0,688.0,2056.0,2173.0,2704.0,783.0,705.0,485.0,681.0,680.0,683.0
1.0,6203.0,2090.0,2044.0,1239.0,2824.0,807.0,863.0,1154.0,681.0,680.0,683.0,692.0,701.0,697.0,1941.0,2015.0,2247.0,807.0,863.0,1154.0,681.0,680.0,683.0
1.0,5352.0,2028.0,2045.0,1973.0,2883.0,696.0,836.0,1351.0,681.0,680.0,684.0,672.0,678.0,678.0,1917.0,1857.0,1578.0,696.0,836.0,1351.0,681.0,680.0,684.0
1.0,5297.0,2024.0,2044.0,2824.0,2079.0,563.0,648.0,868.0,681.0,679.0,684.0,674.0,679.0,671.0,2028.0,1884.0,1385.0,563.0,648.0,868.0,681.0,679.0,684.0
1.0,6097.0,2082.0,2043.0,2883.0,1274.0,548.0,507.0,219.0,680.0,679.0,684.0,685.0,695.0,702.0,2161.0,2068.0,1868.0,548.0,507.0,219.0,680.0,679.0,684.0
1.0,6898.0,2059.0,2045.0,2079.0,1262.0,669.0,553.0,40.0,681.0,680.0,684.0,680.0,690.0,689.0,2172.0,2209.0,2517.0,669.0,553.0,40.0,681.0,680.0,684.0
1.0,6918.0,2135.0,2046.0,1274.0,2127.0,826.0,762.0,539.0,681.0,680.0,685.0,705.0,716.0,714.0,2055.0,2167.0,2696.0,826.0,762.0,539.0,681.0,680.0,685.0
1.0,6057.0,2069.0,2046.0,1262.0,2934.0,846.0,902.0,1186.0,681.0,680.0,685.0,689.0,693.0,687.0,1898.0,1958.0,2201.0,846.0,902.0,1186.0,681.0,680.0,685.0
1.0,5250.0,2027.0,2048.0,2127.0,2842.0,696.0,826.0,1320.0,682.0,681.0,685.0,672.0,682.0,673.0,1878.0,1818.0,1554.0,696.0,826.0,1320.0,682.0,681.0,685.0
1.0,5350.0,2028.0,2048.0,2934.0,1936.0,520.0,610.0,806.0,682.0,681.0,685.0,670.0,686.0,672.0,2032.0,1898.0,1420.0,520.0,610.0,806.0,682.0,681.0,685.0
1.0,6256.0,2052.0,2047.0,2842.0,1142.0,495.0,477.0,170.0,681.0,681.0,685.0,675.0,693.0,684.0,2208.0,2114.0,1934.0,495.0,477.0,170.0,681.0,681.0,685.0
1.0,7046.0,2042.0,2047.0,1936.0,1248.0,651.0,553.0,44.0,681.0,681.0,685.0,676.0,686.0,680.0,2229.0,2247.0,2570.0,651.0,553.0,44.0,681.0,681.0,685.0
1.0,6940.0,2019.0,2047.0,1142.0,2125.0,818.0,758.0,549.0,681.0,681.0,685.0,662.0,682.0,675.0,2073.0,2171.0,2696.0,818.0,758.0,549.0,681.0,681.0,685.0
1.0,6063.0,2051.0,2047.0,1248.0,2928.0,853.0,887.0,1188.0,681.0,681.0,685.0,686.0,682.0,683.0,1906.0,1966.0,2191.0,853.0,887.0,1188.0,681.0,681.0,685.0
1.0,5260.0,2091.0,2047.0,2125.0,2894.0,735.0,830.0,1329.0,681.0,681.0,685.0,700.0,701.0,690.0,1871.0,1837.0,1552.0,735.0,830.0,1329.0,681.0,681.0,685.0
1.0,5294.0,2025.0,2048.0,2928.0,1995.0,556.0,614.0,825.0,681.0,681.0,686.0,674.0,671.0,680.0,1989.0,1894.0,1411.0,556.0,614.0,825.0,681.0,681.0,686.0
1.0,6197.0,2062.0,2049.0,2894.0,1167.0,497.0,485.0,185.0,681.0,682.0,686.0,676.0,697.0,689.0,2168.0,2110.0,1919.0,497.0,485.0,185.0,681.0,682.0,686.0
1.0,7029.0,2044.0,2050.0,1995.0,1220.0,621.0,558.0,41.0,682.0,682.0,686.0,676.0,687.0,681.0,2227.0,2243.0,2559.0,621.0,558.0,41.0,682.0,682.0,686.0
1.0,6980.0,2124.0,2052.0,1167.0,2185.0,831.0,787.0,567.0,682.0,683.0,687.0,707.0,710.0,707.0,2107.0,2170.0,2703.0,831.0,787.0,567.0,682.0,683.0,687.0
1.0,6023.0,2082.0,2052.0,1220.0,3047.0,906.0,928.0,1213.0,682.0,683.0,687.0,696.0,699.0,687.0,1897.0,1945.0,2181.0,906.0,928.0,1213.0,682.0,683.0,687.0
1.0,5161.0,2051.0,2052.0,2185.0,2913.0,765.0,830.0,1318.0,682.0,683.0,687.0,690.0,689.0,672.0,1822.0,1804.0,1535.0,765.0,830.0,1318.0,682.0,683.0,687.0
1.0,5295.0,2039.0,2052.0,3047.0,1905.0,541.0,583.0,781.0,682.0,683.0,687.0,682.0,681.0,676.0,1963.0,1902.0,1430.0,541.0,583.0,781.0,682.0,683.0,687.0
1.0,6303.0,2040.0,2052.0,2913.0,1032.0,458.0,439.0,135.0,682.0,683.0,687.0,682.0,686.0,672.0,2187.0,2149.0,1967.0,458.0,439.0,135.0,682.0,683.0,687.0
1.0,7176.0,2093.0,2054.0,1905.0,1228.0,626.0,559.0,43.0,683.0,684.0,687.0,705.0,699.0,689.0,2270.0,2293.0,2613.0,626.0,559.0,43.0,683.0,684.0,687.0
1.0,6988.0,2087.0,2054.0,1032.0,2283.0,875.0,806.0,602.0,683.0,684.0,687.0,707.0,686.0,694.0,2106.0,2177.0,2705.0,875.0,806.0,602.0,683.0,684.0,687.0
1.0,5933.0,2054.0,2054.0,1228.0,3109.0,944.0,935.0,1230.0,683.0,684.0,687.0,695.0,688.0,671.0,1857.0,1930.0,2146.0,944.0,935.0,1230.0,683.0,684.0,687.0
1.0,5107.0,2021.0,2054.0,2283.0,2847.0,748.0,805.0,1294.0,683.0,684.0,687.0,679.0,676.0,666.0,1788.0,1801.0,1518.0,748.0,805.0,1294.0,683.0,684.0,687.0
1.0,5369.0,2056.0,2055.0,3109.0,1798.0,491.0,566.0,741.0,683.0,685.0,687.0,687.0,692.0,677.0,1984.0,1931.0,1454.0,491.0,566.0,741.0,683.0,685.0,687.0
1.0,6422.0,2078.0,2055.0,2847.0,1029.0,444.0,454.0,131.0,683.0,685.0,687.0,701.0,693.0,684.0,2241.0,2174.0,2007.0,444.0,454.0,131.0,683.0,685.0,687.0
1.0,7191.0,2016.0,2054.0,1798.0,1243.0,625.0,572.0,46.0,683.0,685.0,686.0,672.0,684.0,660.0,2288.0,2286.0,2617.0,625.0,572.0,46.0,683.0,685.0,686.0
1.0,6973.0,2071.0,2054.0,1029.0,2285.0,874.0,808.0,603.0,683.0,685.0,686.0,693.0,690.0,688.0,2107.0,2168.0,2698.0,874.0,808.0,603.0,683.0,685.0,686.0
1.0,5931.0,2154.0,2056.0,1243.0,3204.0,979.0,962.0,1263.0,684.0,686.0,686.0,726.0,722.0,706.0,1858.0,1932.0,2141.0,979.0,962.0,1263.0,684.0,686.0,686.0
1.0,5020.0,2076.0,2057.0,2285.0,2999.0,798.0,854.0,1347.0,684.0,687.0,686.0,693.0,696.0,687.0,1757.0,1782.0,1481.0,798.0,854.0,1347.0,684.0,687.0,686.0
1.0,5229.0,2047.0,2057.0,3204.0,1842.0,503.0,571.0,768.0,684.0,687.0,686.0,684.0,679.0,684.0,1938.0,1894.0,1397.0,503.0,571.0,768.0,684.0,687.0,686.0
1.0,6386.0,2043.0,2057.0,2999.0,886.0,396.0,389.0,101.0,684.0,687.0,686.0,691.0,672.0,680.0,2233.0,2177.0,1976.0,396.0,389.0,101.0,684.0,687.0,686.0
1.0,7342.0,2037.0,2058.0,1842.0,1085.0,577.0,496.0,12.0,685.0,687.0,686.0,680.0,678.0,679.0,2340.0,2359.0,2643.0,577.0,496.0,12.0,685.0,687.0,686.0
1.0,7147.0,2058.0,2058.0,886.0,2257.0,869.0,792.0,596.0,685.0,687.0,686.0,688.0,685.0,685.0,2163.0,2252.0,2732.0,869.0,792.0,596.0,685.0,687.0,686.0
1.0,5975.0,2131.0,2058.0,1085.0,3303.0,1001.0,1004.0,1298.0,685.0,687.0,686.0,709.0,708.0,714.0,1871.0,1956.0,2148.0,1001.0,1004.0,1298.0,685.0,687.0,686.0
1.0,4929.0,2049.0,2060.0,2257.0,3103.0,823.0,904.0,1376.0,686.0,688.0,686.0,687.0,688.0,674.0,1739.0,1744.0,1446.0,823.0,904.0,1376.0,686.0,688.0,686.0
1.0,5137.0,2088.0,2060.0,3303.0,1888.0,521.0,596.0,771.0,686.0,688.0,686.0,699.0,696.0,693.0,1921.0,1848.0,1368.0,521.0,596.0,771.0,686.0,688.0,686.0
1.0,6352.0,2090.0,2060.0,3103.0,875.0,406.0,380.0,89.0,686.0,688.0,686.0,708.0,688.0,694.0,2223.0,2156.0,1973.0,406.0,380.0,89.0,686.0,688.0,686.0
1.0,7365.0,2082.0,2059.0,1888.0,1065.0,582.0,479.0,4.0,686.0,688.0,685.0,697.0,695.0,690.0,2338.0,2372.0,2655.0,582.0,479.0,4.0,686.0,688.0,685.0
1.0,7171.0,2080.0,2061.0,875.0,2278.0,871.0,790.0,617.0,687.0,688.0,686.0,691.0,691.0,698.0,2162.0,2273.0,2736.0,871.0,790.0,617.0,687.0,688.0,686.0
1.0,5966.0,2130.0,2062.0,1065.0,3347.0,1002.0,1027.0,1318.0,687.0,689.0,686.0,713.0,712.0,705.0,1877.0,1962.0,2127.0,1002.0,1027.0,1318.0,687.0,689.0,686.0
1.0,4901.0,2124.0,2064.0,2278.0,3201.0,845.0,936.0,1420.0,688.0,689.0,687.0,710.0,699.0,715.0,1746.0,1729.0,1426.0,845.0,936.0,1420.0,688.0,689.0,687.0
1.0,5055.0,2088.0,2064.0,3347.0,1942.0,544.0,598.0,800.0,688.0,689.0,687.0,701.0,689.0,698.0,1907.0,1820.0,1328.0,544.0,598.0,800.0,688.0,689.0,687.0
1.0,6314.0,2110.0,2066.0,3201.0,859.0,412.0,367.0,80.0,689.0,690.0,687.0,709.0,701.0,700.0,2208.0,2158.0,1948.0,412.0,367.0,80.0,689.0,690.0,687.0
1.0,7405.0,2061.0,2066.0,1942.0,1006.0,551.0,455.0,0.0,689.0,690.0,687.0,683.0,686.0,692.0,2344.0,2393.0,2668.0,551.0,455.0,0.0,689.0,690.0,687.0
1.0,7286.0,2096.0,2066.0,859.0,2215.0,840.0,787.0,588.0,689.0,690.0,687.0,701.0,699.0,696.0,2205.0,2305.0,2776.0,840.0,787.0,588.0,689.0,690.0,687.0
1.0,6049.0,2097.0,2068.0,1006.0,3314.0,993.0,1027.0,1294.0,690.0,691.0,687.0,700.0,691.0,706.0,1916.0,1973.0,2160.0,993.0,1027.0,1294.0,690.0,691.0,687.0
1.0,4958.0,2048.0,2068.0,2215.0,3147.0,834.0,922.0,1391.0,690.0,691.0,687.0,681.0,682.0,685.0,1767.0,1737.0,1454.0,834.0,922.0,1391.0,690.0,691.0,687.0
1.0,5125.0,2100.0,2069.0,3314.0,1937.0,537.0,594.0,806.0,690.0,691.0,688.0,696.0,699.0,705.0,1926.0,1842.0,1357.0,537.0,594.0,806.0,690.0,691.0,688.0
1.0,6339.0,2123.0,2071.0,3147.0,921.0,418.0,386.0,117.0,691.0,692.0,688.0,711.0,710.0,702.0,2223.0,2170.0,1946.0,418.0,386.0,117.0,691.0,692.0,688.0
1.0,7363.0,2124.0,2071.0,1937.0,1108.0,587.0,497.0,24.0,691.0,692.0,688.0,706.0,705.0,713.0,2346.0,2382.0,2635.0,587.0,497.0,24.0,691.0,692.0,688.0
1.0,7176.0,2057.0,2072.0,921.0,2248.0,854.0,791.0,603.0,691.0,692.0,689.0,685.0,680.0,692.0,2177.0,2271.0,2728.0,854.0,791.0,603.0,691.0,692.0,689.0
1.0,6040.0,2095.0,2073.0,1108.0,3239.0,962.0,991.0,1286.0,692.0,692.0,689.0,691.0,697.0,707.0,1910.0,1977.0,2153.0,962.0,991.0,1286.0,692.0,692.0,689.0
1.0,5053.0,2094.0,2073.0,2248.0,3085.0,803.0,901.0,1381.0,692.0,692.0,689.0,695.0,701.0,698.0,1806.0,1777.0,1470.0,803.0,901.0,1381.0,692.0,692.0,689.0
1.0,5207.0,2106.0,2074.0,3239.0,1956.0,538.0,609.0,809.0,692.0,692.0,690.0,697.0,699.0,710.0,1965.0,1867.0,1375.0,538.0,609.0,809.0,692.0,692.0,690.0
1.0,6340.0,2083.0,2073.0,3085.0,950.0,428.0,397.0,125.0,692.0,692.0,689.0,693.0,689.0,701.0,2230.0,2159.0,1951.0,428.0,397.0,125.0,692.0,692.0,689.0
1.0,7342.0,2051.0,2073.0,1956.0,1045.0,566.0,475.0,4.0,692.0,692.0,689.0,676.0,687.0,688.0,2340.0,2371.0,2631.0,566.0,475.0,4.0,692.0,692.0,689.0
1.0,7247.0,2084.0,2074.0,950.0,2183.0,831.0,768.0,584.0,692.0,692.0,690.0,693.0,690.0,701.0,2202.0,2293.0,2752.0,831.0,768.0,584.0,692.0,692.0,690.0
1.0,6113.0,2076.0,2074.0,1045.0,3214.0,950.0,984.0,1280.0,692.0,692.0,690.0,685.0,691.0,700.0,1937.0,2000.0,2176.0,950.0,984.0,1280.0,692.0,692.0,690.0
1.0,5082.0,2078.0,2075.0,2183.0,3113.0,801.0,911.0,1401.0,692.0,692.0,691.0,682.0,695.0,701.0,1818.0,1784.0,1480.0,801.0,911.0,1401.0,692.0,692.0,691.0
1.0,5187.0,2135.0,2077.0,3214.0,2042.0,563.0,633.0,846.0,693.0,692.0,692.0,708.0,706.0,721.0,1967.0,1857.0,1363.0,563.0,633.0,846.0,693.0,692.0,692.0
1.0,6266.0,2089.0,2079.0,3113.0,1026.0,453.0,425.0,148.0,694.0,693.0,692.0,687.0,699.0,703.0,2209.0,2135.0,1922.0,453.0,425.0,148.0,694.0,693.0,692.0
1.0,7290.0,2092.0,2079.0,2042.0,1076.0,586.0,485.0,5.0,694.0,693.0,692.0,696.0,693.0,703.0,2323.0,2347.0,2620.0,586.0,485.0,5.0,694.0,693.0,692.0
1.0,7240.0,2100.0,2080.0,1026.0,2154.0,834.0,759.0,561.0,694.0,693.0,693.0,701.0,699.0,700.0,2190.0,2287.0,2763.0,834.0,759.0,561.0,694.0,693.0,693.0
1.0,6166.0,2092.0,2080.0,1076.0,3170.0,943.0,969.0,1258.0,694.0,693.0,693.0,695.0,695.0,702.0,1942.0,2013.0,2211.0,943.0,969.0,1258.0,694.0,693.0,693.0
1.0,5150.0,2088.0,2081.0,2154.0,3108.0,810.0,896.0,1402.0,695.0,693.0,693.0,697.0,686.0,705.0,1833.0,1803.0,1514.0,810.0,896.0,1402.0,695.0,693.0,693.0
1.0,5216.0,2064.0,2082.0,3170.0,2006.0,549.0,616.0,841.0,695.0,693.0,694.0,682.0,689.0,693.0,1970.0,1876.0,1370.0,549.0,616.0,841.0,695.0,693.0,694.0
1.0,6322.0,2069.0,2080.0,3108.0,959.0,427.0,404.0,128.0,694.0,693.0,693.0,692.0,684.0,693.0,2231.0,2156.0,1935.0,427.0,404.0,128.0,694.0,693.0,693.0
1.0,7361.0,2128.0,2081.0,2006.0,1085.0,572.0,503.0,10.0,694.0,693.0,694.0,694.0,715.0,719.0,2349.0,2368.0,2644.0,572.0,503.0,10.0,694.0,693.0,694.0
1.0,7239.0,2071.0,2081.0,959.0,2197.0,829.0,787.0,581.0,694.0,693.0,694.0,684.0,688.0,699.0,2204.0,2269.0,2766.0,829.0,787.0,581.0,694.0,693.0,694.0
1.0,6127.0,2125.0,2083.0,1085.0,3245.0,972.0,992.0,1281.0,695.0,693.0,695.0,711.0,708.0,706.0,1947.0,1985.0,2195.0,972.0,992.0,1281.0,695.0,693.0,695.0
1.0,5087.0,2115.0,2085.0,2197.0,3171.0,849.0,917.0,1405.0,695.0,694.0,696.0,706.0,708.0,701.0,1808.0,1780.0,1499.0,849.0,917.0,1405.0,695.0,694.0,696.0
1.0,5169.0,2065.0,2085.0,3245.0,1991.0,566.0,613.0,812.0,695.0,694.0,696.0,689.0,688.0,688.0,1931.0,1859.0,1379.0,566.0,613.0,812.0,695.0,694.0,696.0
1.0,6349.0,2097.0,2085.0,3171.0,917.0,417.0,393.0,107.0,695.0,694.0,696.0,700.0,697.0,700.0,2214.0,2163.0,1972.0,417.0,393.0,107.0,695.0,694.0,696.0
1.0,7423.0,2147.0,2086.0,1991.0,1077.0,563.0,497.0,17.0,695.0,694.0,697.0,712.0,717.0,718.0,2363.0,2383.0,2677.0,563.0,497.0,17.0,695.0,694.0,697.0
1.0,7267.0,2099.0,2087.0,917.0,2263.0,841.0,813.0,609.0,695.0,695.0,697.0,695.0,705.0,699.0,2217.0,2279.0,2771.0,841.0,813.0,609.0,695.0,695.0,697.0
1.0,6085.0,2131.0,2089.0,1077.0,3325.0,994.0,1022.0,1309.0,696.0,695.0,698.0,712.0,706.0,713.0,1939.0,1967.0,2179.0,994.0,1022.0,1309.0,696.0,695.0,698.0
1.0,5031.0,2102.0,2089.0,2263.0,3164.0,848.0,914.0,1402.0,696.0,695.0,698.0,695.0,705.0,702.0,1790.0,1758.0,1483.0,848.0,914.0,1402.0,696.0,695.0,698.0
1.0,5192.0,2126.0,2092.0,3325.0,1977.0,572.0,604.0,801.0,697.0,696.0,699.0,714.0,708.0,704.0,1936.0,1866.0,1390.0,572.0,604.0,801.0,697.0,696.0,699.0
1.0,6391.0,2176.0,2094.0,3164.0,997.0,452.0,421.0,124.0,697.0,697.0,700.0,728.0,727.0,721.0,2216.0,2180.0,1995.0,452.0,421.0,124.0,697.0,697.0,700.0
1.0,7379.0,2107.0,2093.0,1977.0,1123.0,581.0,514.0,28.0,697.0,696.0,700.0,701.0,701.0,705.0,2336.0,2367.0,2676.0,581.0,514.0,28.0,697.0,696.0,700.0
1.0,7249.0,2116.0,2094.0,997.0,2246.0,831.0,813.0,602.0,697.0,697.0,700.0,702.0,716.0,698.0,2207.0,2270.0,2772.0,831.0,813.0,602.0,697.0,697.0,700.0
1.0,6130.0,2117.0,2095.0,1123.0,3244.0,971.0,1003.0,1270.0,698.0,697.0,700.0,717.0,704.0,696.0,1957.0,1975.0,2198.0,971.0,1003.0,1270.0,698.0,697.0,700.0
1.0,5136.0,2150.0,2097.0,2246.0,3156.0,849.0,910.0,1397.0,698.0,698.0,701.0,709.0,716.0,725.0,1821.0,1785.0,1530.0,849.0,910.0,1397.0,698.0,698.0,701.0
1.0,5232.0,2101.0,2098.0,3244.0,2017.0,574.0,607.0,836.0,698.0,698.0,702.0,696.0,700.0,705.0,1943.0,1882.0,1407.0,574.0,607.0,836.0,698.0,698.0,702.0
1.0,6375.0,2139.0,2100.0,3156.0,1008.0,448.0,420.0,140.0,699.0,699.0,702.0,719.0,719.0,701.0,2218.0,2185.0,1972.0,448.0,420.0,140.0,699.0,699.0,702.0
1.0,7392.0,2175.0,2100.0,2017.0,1166.0,597.0,540.0,29.0,699.0,699.0,702.0,723.0,727.0,725.0,2348.0,2376.0,2668.0,597.0,540.0,29.0,699.0,699.0,702.0
1.0,7234.0,2117.0,2103.0,1008.0,2287.0,860.0,828.0,599.0,700.0,700.0,703.0,707.0,704.0,706.0,2199.0,2256.0,2779.0,860.0,828.0,599.0,700.0,700.0,703.0
1.0,6125.0,2133.0,2103.0,1166.0,3254.0,978.0,1001.0,1275.0,700.0,700.0,703.0,715.0,713.0,705.0,1940.0,1972.0,2213.0,978.0,1001.0,1275.0,700.0,700.0,703.0
1.0,5158.0,2126.0,2103.0,2287.0,3093.0,828.0,880.0,1385.0,700.0,700.0,703.0,710.0,707.0,709.0,1822.0,1799.0,1537.0,828.0,880.0,1385.0,700.0,700.0,703.0
1.0,5319.0,2139.0,2105.0,3254.0,1986.0,568.0,597.0,821.0,700.0,701.0,704.0,718.0,714.0,707.0,1972.0,1920.0,1427.0,568.0,597.0,821.0,700.0,701.0,704.0
1.0,6434.0,2104.0,2105.0,3093.0,997.0,451.0,420.0,126.0,701.0,701.0,703.0,707.0,703.0,694.0,2232.0,2207.0,1995.0,451.0,420.0,126.0,701.0,701.0,703.0
1.0,7423.0,2118.0,2105.0,1986.0,1129.0,593.0,536.0,0.0,701.0,701.0,703.0,710.0,713.0,695.0,2353.0,2384.0,2686.0,593.0,536.0,0.0,701.0,701.0,703.0
1.0,7291.0,2145.0,2105.0,997.0,2277.0,861.0,831.0,585.0,701.0,701.0,703.0,719.0,715.0,711.0,2211.0,2268.0,2812.0,861.0,831.0,585.0,701.0,701.0,703.0
1.0,6143.0,2124.0,2106.0,1129.0,3276.0,981.0,1009.0,1286.0,701.0,702.0,703.0,713.0,710.0,701.0,1943.0,1973.0,2227.0,981.0,1009.0,1286.0,701.0,702.0,703.0
1.0,5148.0,2127.0,2106.0,2277.0,3126.0,831.0,890.0,1405.0,701.0,702.0,703.0,711.0,712.0,704.0,1823.0,1799.0,1526.0,831.0,890.0,1405.0,701.0,702.0,703.0
1.0,5298.0,2151.0,2108.0,3276.0,2009.0,574.0,594.0,841.0,702.0,702.0,704.0,720.0,713.0,718.0,1973.0,1918.0,1407.0,574.0,594.0,841.0,702.0,702.0,704.0
1.0,6423.0,2082.0,2108.0,3126.0,965.0,442.0,400.0,123.0,702.0,702.0,704.0,699.0,696.0,687.0,2234.0,2214.0,1975.0,442.0,400.0,123.0,702.0,702.0,704.0
1.0,7467.0,2076.0,2107.0,2009.0,1067.0,552.0,515.0,0.0,701.0,703.0,703.0,688.0,705.0,683.0,2366.0,2408.0,2693.0,552.0,515.0,0.0,701.0,703.0,703.0
1.0,7400.0,2123.0,2109.0,965.0,2194.0,822.0,824.0,548.0,702.0,703.0,704.0,708.0,709.0,706.0,2252.0,2297.0,2851.0,822.0,824.0,548.0,702.0,703.0,704.0
1.0,6242.0,2174.0,2110.0,1067.0,3305.0,994.0,1038.0,1273.0,702.0,704.0,704.0,724.0,725.0,725.0,1986.0,1988.0,2268.0,994.0,1038.0,1273.0,702.0,704.0,704.0
1.0,5135.0,2124.0,2110.0,2194.0,3235.0,881.0,917.0,1437.0,702.0,704.0,704.0,709.0,703.0,712.0,1814.0,1778.0,1543.0,881.0,917.0,1437.0,702.0,704.0,704.0
1.0,5205.0,2122.0,2110.0,3305.0,2052.0,602.0,578.0,872.0,703.0,703.0,704.0,711.0,703.0,708.0,1927.0,1899.0,1379.0,602.0,578.0,872.0,703.0,703.0,704.0
1.0,6388.0,2080.0,2111.0,3235.0,901.0,426.0,357.0,118.0,703.0,704.0,704.0,705.0,692.0,683.0,2210.0,2234.0,1944.0,426.0,357.0,118.0,703.0,704.0,704.0
1.0,7543.0,2098.0,2111.0,2052.0,1004.0,528.0,476.0,0.0,703.0,704.0,704.0,704.0,697.0,697.0,2386.0,2459.0,2698.0,528.0,476.0,0.0,703.0,704.0,704.0
1.0,7497.0,2119.0,2111.0,901.0,2165.0,810.0,818.0,537.0,703.0,704.0,704.0,708.0,699.0,712.0,2284.0,2340.0,2873.0,810.0,818.0,537.0,703.0,704.0,704.0
1.0,6279.0,2102.0,2112.0,1004.0,3267.0,990.0,1043.0,1234.0,704.0,704.0,704.0,704.0,701.0,697.0,2002.0,1998.0,2279.0,990.0,1043.0,1234.0,704.0,704.0,704.0
1.0,5181.0,2117.0,2112.0,2165.0,3219.0,891.0,928.0,1400.0,704.0,704.0,704.0,711.0,703.0,703.0,1826.0,1773.0,1582.0,891.0,928.0,1400.0,704.0,704.0,704.0
1.0,5229.0,2096.0,2112.0,3267.0,2048.0,604.0,584.0,860.0,704.0,704.0,704.0,703.0,699.0,694.0,1925.0,1888.0,1416.0,604.0,584.0,860.0,704.0,704.0,704.0
1.0,6400.0,2148.0,2114.0,3219.0,985.0,435.0,377.0,173.0,705.0,705.0,704.0,718.0,717.0,713.0,2212.0,2232.0,1956.0,435.0,377.0,173.0,705.0,705.0,704.0
1.0,7471.0,2072.0,2114.0,2048.0,1010.0,524.0,486.0,0.0,705.0,705.0,704.0,693.0,693.0,686.0,2385.0,2443.0,2643.0,524.0,486.0,0.0,705.0,705.0,704.0
1.0,7447.0,2128.0,2115.0,985.0,2156.0,809.0,809.0,538.0,706.0,705.0,704.0,716.0,700.0,712.0,2296.0,2334.0,2817.0,809.0,809.0,538.0,706.0,705.0,704.0
1.0,6304.0,2109.0,2115.0,1010.0,3255.0,985.0,1030.0,1240.0,706.0,705.0,704.0,700.0,707.0,702.0,2015.0,2011.0,2278.0,985.0,1030.0,1240.0,706.0,705.0,704.0
1.0,5205.0,2058.0,2113.0,2156.0,3149.0,851.0,916.0,1382.0,705.0,705.0,703.0,679.0,695.0,684.0,1839.0,1790.0,1576.0,851.0,916.0,1382.0,705.0,705.0,703.0
1.0,5303.0,2115.0,2115.0,3255.0,2017.0,576.0,584.0,857.0,706.0,705.0,704.0,706.0,698.0,711.0,1969.0,1904.0,1430.0,576.0,584.0,857.0,706.0,705.0,704.0
1.0,6443.0,2139.0,2115.0,3149.0,1007.0,431.0,391.0,185.0,706.0,705.0,704.0,706.0,723.0,710.0,2248.0,2236.0,1959.0,431.0,391.0,185.0,706.0,705.0,704.0
1.0,7453.0,2130.0,2116.0,2017.0,1124.0,570.0,525.0,29.0,706.0,706.0,704.0,715.0,714.0,701.0,2393.0,2429.0,2631.0,570.0,525.0,29.0,706.0,706.0,704.0
1.0,7340.0,2101.0,2115.0,1007.0,2214.0,845.0,839.0,530.0,706.0,706.0,703.0,706.0,705.0,690.0,2254.0,2299.0,2787.0,845.0,839.0,530.0,706.0,706.0,703.0
1.0,6246.0,2119.0,2117.0,1124.0,3217.0,983.0,1016.0,1218.0,707.0,706.0,704.0,704.0,702.0,713.0,1979.0,1985.0,2282.0,983.0,1016.0,1218.0,707.0,706.0,704.0
1.0,5251.0,2112.0,2118.0,2214.0,3119.0,836.0,886.0,1397.0,707.0,707.0,704.0,698.0,705.0,709.0,1845.0,1808.0,1598.0,836.0,886.0,1397.0,707.0,707.0,704.0
1.0,5353.0,2091.0,2117.0,3217.0,1989.0,548.0,563.0,878.0,707.0,706.0,704.0,695.0,697.0,699.0,1992.0,1942.0,1419.0,548.0,563.0,878.0,707.0,706.0,704.0
1.0,6479.0,2085.0,2117.0,3119.0,955.0,414.0,364.0,177.0,707.0,706.0,704.0,702.0,687.0,696.0,2280.0,2261.0,1938.0,414.0,364.0,177.0,707.0,706.0,704.0
1.0,7513.0,2089.0,2117.0,1989.0,1055.0,568.0,487.0,0.0,707.0,706.0,704.0,702.0,686.0,701.0,2414.0,2460.0,2639.0,568.0,487.0,0.0,707.0,706.0,704.0
1.0,7413.0,2112.0,2117.0,955.0,2212.0,851.0,831.0,530.0,707.0,706.0,704.0,697.0,708.0,707.0,2260.0,2337.0,2816.0,851.0,831.0,530.0,707.0,706.0,704.0
1.0,6256.0,2128.0,2117.0,1055.0,3285.0,999.0,1047.0,1239.0,707.0,706.0,704.0,716.0,703.0,709.0,1977.0,1993.0,2286.0,999.0,1047.0,1239.0,707.0,706.0,704.0
1.0,5183.0,2088.0,2117.0,2212.0,3161.0,840.0,908.0,1413.0,707.0,706.0,704.0,692.0,692.0,704.0,1829.0,1777.0,1577.0,840.0,908.0,1413.0,707.0,706.0,704.0
1.0,5307.0,2111.0,2117.0,3285.0,1987.0,540.0,562.0,885.0,707.0,706.0,704.0,699.0,701.0,711.0,1988.0,1916.0,1403.0,540.0,562.0,885.0,707.0,706.0,704.0
1.0,6481.0,2110.0,2117.0,3161.0,936.0,396.0,359.0,181.0,707.0,706.0,704.0,696.0,705.0,709.0,2288.0,2262.0,1931.0,396.0,359.0,181.0,707.0,706.0,704.0
1.0,7532.0,2147.0,2117.0,1987.0,1096.0,573.0,510.0,13.0,707.0,706.0,704.0,717.0,713.0,717.0,2432.0,2465.0,2635.0,573.0,510.0,13.0,707.0,706.0,704.0
1.0,7372.0,2100.0,2117.0,936.0,2260.0,874.0,848.0,538.0,707.0,706.0,704.0,697.0,697.0,706.0,2255.0,2314.0,2803.0,874.0,848.0,538.0,707.0,706.0,704.0
1.0,6208.0,2095.0,2117.0,1096.0,3259.0,997.0,1036.0,1226.0,707.0,706.0,704.0,696.0,698.0,701.0,1954.0,1976.0,2278.0,997.0,1036.0,1226.0,707.0,706.0,704.0
1.0,5209.0,2118.0,2115.0,2260.0,3109.0,824.0,888.0,1397.0,706.0,705.0,704.0,705.0,704.0,709.0,1831.0,1788.0,1590.0,824.0,888.0,1397.0,706.0,705.0,704.0
1.0,5351.0,2143.0,2116.0,3259.0,1997.0,551.0,564.0,882.0,707.0,705.0,704.0,720.0,712.0,711.0,2000.0,1932.0,1419.0,551.0,564.0,882.0,707.0,705.0,704.0
1.0,6467.0,2137.0,2116.0,3109.0,1025.0,442.0,387.0,196.0,707.0,705.0,704.0,715.0,711.0,711.0,2277.0,2256.0,1934.0,442.0,387.0,196.0,707.0,705.0,704.0
1.0,7439.0,2149.0,2117.0,1997.0,1181.0,608.0,533.0,40.0,707.0,705.0,705.0,717.0,710.0,722.0,2386.0,2433.0,2620.0,608.0,533.0,40.0,707.0,705.0,705.0
1.0,7287.0,2143.0,2117.0,1025.0,2299.0,887.0,851.0,561.0,707.0,705.0,705.0,721.0,705.0,717.0,2220.0,2287.0,2780.0,887.0,851.0,561.0,707.0,705.0,705.0
1.0,6169.0,2184.0,2119.0,1181.0,3310.0,1013.0,1041.0,1256.0,708.0,706.0,705.0,730.0,719.0,735.0,1941.0,1969.0,2259.0,1013.0,1041.0,1256.0,708.0,706.0,705.0
1.0,5166.0,2210.0,2120.0,2299.0,3225.0,858.0,932.0,1435.0,708.0,706.0,706.0,732.0,742.0,736.0,1819.0,1783.0,1564.0,858.0,932.0,1435.0,708.0,706.0,706.0
1.0,5255.0,2162.0,2120.0,3310.0,2077.0,564.0,613.0,900.0,708.0,706.0,706.0,719.0,722.0,721.0,1974.0,1892.0,1389.0,564.0,613.0,900.0,708.0,706.0,706.0
1.0,6403.0,2155.0,2120.0,3225.0,1007.0,416.0,395.0,196.0,708.0,706.0,706.0,710.0,714.0,731.0,2268.0,2211.0,1924.0,416.0,395.0,196.0,708.0,706.0,706.0
1.0,7473.0,2179.0,2121.0,2077.0,1113.0,575.0,507.0,31.0,708.0,706.0,707.0,723.0,725.0,731.0,2416.0,2429.0,2628.0,575.0,507.0,31.0,708.0,706.0,707.0
1.0,7371.0,2129.0,2121.0,1007.0,2235.0,876.0,824.0,535.0,708.0,706.0,707.0,717.0,712.0,700.0,2257.0,2317.0,2797.0,876.0,824.0,535.0,708.0,706.0,707.0
1.0,6249.0,2172.0,2122.0,1113.0,3298.0,1017.0,1043.0,1238.0,708.0,707.0,707.0,716.0,722.0,734.0,1956.0,2000.0,2293.0,1017.0,1043.0,1238.0,708.0,707.0,707.0
1.0,5190.0,2171.0,2123.0,2235.0,3238.0,861.0,944.0,1433.0,708.0,707.0,708.0,720.0,725.0,726.0,1815.0,1785.0,1590.0,861.0,944.0,1433.0,708.0,707.0,708.0
1.0,5254.0,2177.0,2124.0,3298.0,2121.0,573.0,627.0,921.0,709.0,707.0,708.0,725.0,726.0,726.0,1971.0,1884.0,1399.0,573.0,627.0,921.0,709.0,707.0,708.0
1.0,6375.0,2164.0,2125.0,3238.0,1051.0,433.0,409.0,209.0,709.0,707.0,709.0,721.0,726.0,717.0,2263.0,2201.0,1911.0,433.0,409.0,209.0,709.0,707.0,709.0
1.0,7449.0,2207.0,2126.0,2121.0,1141.0,591.0,519.0,31.0,709.0,708.0,709.0,731.0,733.0,743.0,2403.0,2419.0,2627.0,591.0,519.0,31.0,709.0,708.0,709.0
1.0,7363.0,2170.0,2127.0,1051.0,2264.0,883.0,835.0,546.0,709.0,708.0,710.0,725.0,725.0,720.0,2245.0,2313.0,2805.0,883.0,835.0,546.0,709.0,708.0,710.0
1.0,6244.0,2163.0,2127.0,1141.0,3286.0,1011.0,1046.0,1229.0,709.0,708.0,710.0,719.0,730.0,714.0,1953.0,1997.0,2294.0,1011.0,1046.0,1229.0,709.0,708.0,710.0
1.0,5222.0,2162.0,2129.0,2264.0,3192.0,858.0,932.0,1402.0,710.0,709.0,710.0,726.0,717.0,719.0,1825.0,1786.0,1611.0,858.0,932.0,1402.0,710.0,709.0,710.0
1.0,5324.0,2168.0,2131.0,3286.0,2082.0,576.0,606.0,900.0,711.0,709.0,711.0,725.0,720.0,723.0,1982.0,1904.0,1438.0,576.0,606.0,900.0,711.0,709.0,711.0
1.0,6442.0,2145.0,2131.0,3192.0,1035.0,440.0,384.0,211.0,711.0,709.0,711.0,722.0,710.0,713.0,2268.0,2230.0,1944.0,440.0,384.0,211.0,711.0,709.0,711.0
1.0,7489.0,2166.0,2131.0,2082.0,1119.0,583.0,509.0,27.0,711.0,709.0,711.0,719.0,731.0,716.0,2404.0,2452.0,2633.0,583.0,509.0,27.0,711.0,709.0,711.0
1.0,7405.0,2138.0,2131.0,1035.0,2222.0,860.0,836.0,526.0,711.0,709.0,711.0,717.0,711.0,710.0,2261.0,2327.0,2817.0,860.0,836.0,526.0,711.0,709.0,711.0
1.0,6302.0,2190.0,2132.0,1119.0,3297.0,1011.0,1054.0,1232.0,711.0,710.0,711.0,734.0,723.0,733.0,1984.0,2000.0,2318.0,1011.0,1054.0,1232.0,711.0,710.0,711.0
1.0,5231.0,2218.0,2136.0,2222.0,3309.0,893.0,963.0,1453.0,712.0,711.0,713.0,738.0,741.0,739.0,1833.0,1786.0,1612.0,893.0,963.0,1453.0,712.0,711.0,713.0
1.0,5235.0,2148.0,2136.0,3297.0,2160.0,594.0,623.0,943.0,712.0,711.0,713.0,712.0,714.0,722.0,1955.0,1881.0,1399.0,594.0,623.0,943.0,712.0,711.0,713.0
1.0,6384.0,2168.0,2137.0,3309.0,1023.0,415.0,392.0,216.0,712.0,712.0,713.0,714.0,728.0,726.0,2254.0,2221.0,1909.0,415.0,392.0,216.0,712.0,712.0,713.0
1.0,7525.0,2169.0,2139.0,2160.0,1040.0,546.0,491.0,3.0,713.0,712.0,714.0,721.0,722.0,726.0,2433.0,2456.0,2636.0,546.0,491.0,3.0,713.0,712.0,714.0
1.0,7516.0,2169.0,2139.0,1023.0,2186.0,853.0,824.0,509.0,713.0,712.0,714.0,722.0,725.0,722.0,2306.0,2357.0,2853.0,853.0,824.0,509.0,713.0,712.0,714.0
1.0,6370.0,2131.0,2140.0,1040.0,3281.0,1017.0,1048.0,1216.0,713.0,713.0,714.0,710.0,711.0,710.0,1999.0,2024.0,2347.0,1017.0,1048.0,1216.0,713.0,713.0,714.0
1.0,5279.0,2188.0,2141.0,2186.0,3287.0,884.0,965.0,1438.0,713.0,713.0,715.0,720.0,741.0,727.0,1835.0,1804.0,1640.0,884.0,965.0,1438.0,713.0,713.0,715.0
1.0,5277.0,2165.0,2142.0,3281.0,2175.0,579.0,652.0,944.0,713.0,714.0,715.0,712.0,731.0,722.0,1968.0,1887.0,1422.0,579.0,652.0,944.0,713.0,714.0,715.0
1.0,6393.0,2127.0,2142.0,3287.0,1015.0,404.0,397.0,214.0,713.0,714.0,715.0,709.0,710.0,708.0,2273.0,2204.0,1916.0,404.0,397.0,214.0,713.0,714.0,715.0
1.0,7553.0,2203.0,2145.0,2175.0,1055.0,563.0,484.0,8.0,714.0,715.0,716.0,734.0,735.0,734.0,2448.0,2459.0,2646.0,563.0,484.0,8.0,714.0,715.0,716.0
1.0,7525.0,2143.0,2146.0,1015.0,2187.0,868.0,799.0,520.0,714.0,715.0,717.0,709.0,712.0,722.0,2293.0,2376.0,2856.0,868.0,799.0,520.0,714.0,715.0,717.0
1.0,6397.0,2132.0,2147.0,1055.0,3268.0,1019.0,1033.0,1216.0,715.0,715.0,717.0,710.0,718.0,704.0,1988.0,2061.0,2348.0,1019.0,1033.0,1216.0,715.0,715.0,717.0
1.0,5320.0,2155.0,2147.0,2187.0,3236.0,872.0,952.0,1412.0,715.0,715.0,717.0,721.0,718.0,716.0,1841.0,1827.0,1652.0,872.0,952.0,1412.0,715.0,715.0,717.0
1.0,5352.0,2170.0,2148.0,3268.0,2142.0,574.0,651.0,917.0,715.0,716.0,717.0,721.0,728.0,721.0,1988.0,1908.0,1456.0,574.0,651.0,917.0,715.0,716.0,717.0
1.0,6450.0,2154.0,2149.0,3236.0,1064.0,415.0,416.0,233.0,715.0,716.0,718.0,713.0,717.0,724.0,2286.0,2213.0,1951.0,415.0,416.0,233.0,715.0,716.0,718.0
1.0,7532.0,2148.0,2149.0,2142.0,1070.0,553.0,477.0,40.0,715.0,716.0,718.0,712.0,712.0,724.0,2445.0,2448.0,2639.0,553.0,477.0,40.0,715.0,716.0,718.0
1.0,7526.0,2119.0,2149.0,1064.0,2125.0,838.0,772.0,515.0,715.0,716.0,718.0,700.0,711.0,708.0,2307.0,2387.0,2832.0,838.0,772.0,515.0,715.0,716.0,718.0
1.0,6471.0,2138.0,2150.0,1070.0,3197.0,1007.0,1011.0,1179.0,716.0,716.0,718.0,718.0,716.0,704.0,2022.0,2092.0,2357.0,1007.0,1011.0,1179.0,716.0,716.0,718.0
1.0,5403.0,2075.0,2150.0,2125.0,3147.0,853.0,944.0,1350.0,715.0,717.0,718.0,688.0,701.0,686.0,1857.0,1853.0,1693.0,853.0,944.0,1350.0,715.0,717.0,718.0
1.0,5453.0,2095.0,2150.0,3197.0,2045.0,536.0,634.0,875.0,715.0,717.0,718.0,690.0,701.0,704.0,2007.0,1924.0,1522.0,536.0,634.0,875.0,715.0,717.0,718.0
1.0,6555.0,2112.0,2150.0,3147.0,1010.0,381.0,397.0,232.0,715.0,717.0,718.0,698.0,707.0,707.0,2324.0,2234.0,1997.0,381.0,397.0,232.0,715.0,717.0,718.0
1.0,7590.0,2157.0,2150.0,2045.0,1122.0,560.0,483.0,79.0,715.0,717.0,718.0,715.0,720.0,722.0,2479.0,2471.0,2640.0,560.0,483.0,79.0,715.0,717.0,718.0
1.0,7478.0,2136.0,2152.0,1010.0,2256.0,889.0,802.0,565.0,716.0,718.0,718.0,706.0,712.0,718.0,2300.0,2385.0,2793.0,889.0,802.0,565.0,716.0,718.0,718.0
1.0,6352.0,2162.0,2153.0,1122.0,3300.0,1045.0,1039.0,1216.0,716.0,718.0,719.0,716.0,720.0,726.0,1975.0,2070.0,2307.0,1045.0,1039.0,1216.0,716.0,718.0,719.0
1.0,5312.0,2191.0,2155.0,2256.0,3243.0,894.0,974.0,1375.0,717.0,719.0,719.0,734.0,733.0,724.0,1819.0,1833.0,1660.0,894.0,974.0,1375.0,717.0,719.0,719.0
1.0,5377.0,2128.0,2154.0,3300.0,2067.0,566.0,638.0,863.0,717.0,718.0,719.0,717.0,707.0,704.0,1974.0,1902.0,1501.0,566.0,638.0,863.0,717.0,718.0,719.0
1.0,6549.0,2144.0,2155.0,3243.0,972.0,386.0,381.0,205.0,717.0,719.0,719.0,714.0,713.0,717.0,2302.0,2234.0,2013.0,386.0,381.0,205.0,717.0,719.0,719.0
1.0,7648.0,2202.0,2157.0,2067.0,1115.0,560.0,474.0,81.0,718.0,719.0,720.0,736.0,731.0,735.0,2482.0,2495.0,2671.0,560.0,474.0,81.0,718.0,719.0,720.0
1.0,7513.0,2181.0,2158.0,972.0,2328.0,896.0,830.0,602.0,718.0,720.0,720.0,722.0,733.0,726.0,2312.0,2402.0,2799.0,896.0,830.0,602.0,718.0,720.0,720.0
1.0,6304.0,2150.0,2158.0,1115.0,3363.0,1055.0,1075.0,1233.0,718.0,720.0,720.0,719.0,719.0,712.0,1976.0,2050.0,2278.0,1055.0,1075.0,1233.0,718.0,720.0,720.0
1.0,5269.0,2118.0,2158.0,2328.0,3153.0,869.0,954.0,1330.0,718.0,720.0,720.0,710.0,709.0,699.0,1817.0,1805.0,1647.0,869.0,954.0,1330.0,718.0,720.0,720.0
1.0,5479.0,2164.0,2157.0,3363.0,1950.0,546.0,603.0,801.0,718.0,720.0,719.0,732.0,724.0,708.0,2003.0,1926.0,1550.0,546.0,603.0,801.0,718.0,720.0,719.0
1.0,6678.0,2124.0,2157.0,3153.0,921.0,392.0,355.0,174.0,718.0,720.0,719.0,715.0,706.0,703.0,2326.0,2277.0,2075.0,392.0,355.0,174.0,718.0,720.0,719.0
1.0,7707.0,2157.0,2157.0,1950.0,1128.0,569.0,465.0,94.0,718.0,720.0,719.0,723.0,713.0,721.0,2480.0,2525.0,2702.0,569.0,465.0,94.0,718.0,720.0,719.0
1.0,7500.0,2177.0,2157.0,921.0,2384.0,903.0,826.0,655.0,718.0,720.0,719.0,726.0,716.0,735.0,2303.0,2415.0,2782.0,903.0,826.0,655.0,718.0,720.0,719.0
1.0,6244.0,2192.0,2157.0,1128.0,3448.0,1063.0,1088.0,1297.0,718.0,720.0,719.0,729.0,727.0,736.0,1969.0,2054.0,2221.0,1063.0,1088.0,1297.0,718.0,720.0,719.0
1.0,5180.0,2130.0,2157.0,2384.0,3194.0,881.0,970.0,1343.0,718.0,720.0,719.0,721.0,708.0,701.0,1809.0,1792.0,1579.0,881.0,970.0,1343.0,718.0,720.0,719.0
1.0,5434.0,2194.0,2158.0,3448.0,1944.0,567.0,600.0,777.0,719.0,720.0,719.0,745.0,718.0,731.0,1991.0,1910.0,1533.0,567.0,600.0,777.0,719.0,720.0,719.0
1.0,6688.0,2184.0,2158.0,3194.0,934.0,417.0,361.0,156.0,719.0,720.0,719.0,731.0,731.0,722.0,2309.0,2280.0,2099.0,417.0,361.0,156.0,719.0,720.0,719.0
1.0,7698.0,2193.0,2158.0,1944.0,1183.0,592.0,490.0,101.0,719.0,720.0,719.0,742.0,729.0,722.0,2459.0,2519.0,2720.0,592.0,490.0,101.0,719.0,720.0,719.0
1.0,7449.0,2157.0,2159.0,934.0,2410.0,905.0,849.0,656.0,720.0,720.0,719.0,726.0,720.0,711.0,2284.0,2390.0,2775.0,905.0,849.0,656.0,720.0,720.0,719.0
1.0,6226.0,2214.0,2159.0,1183.0,3441.0,1067.0,1090.0,1284.0,720.0,720.0,719.0,754.0,731.0,729.0,1975.0,2031.0,2220.0,1067.0,1090.0,1284.0,720.0,720.0,719.0
1.0,5195.0,2189.0,2159.0,2410.0,3220.0,893.0,967.0,1360.0,720.0,720.0,719.0,731.0,726.0,732.0,1813.0,1790.0,1592.0,893.0,967.0,1360.0,720.0,720.0,719.0
1.0,5416.0,2203.0,2159.0,3441.0,1982.0,566.0,613.0,803.0,720.0,720.0,719.0,740.0,736.0,727.0,1987.0,1913.0,1516.0,566.0,613.0,803.0,720.0,720.0,719.0
1.0,6654.0,2240.0,2160.0,3220.0,1006.0,433.0,388.0,185.0,721.0,720.0,719.0,756.0,742.0,742.0,2314.0,2267.0,2073.0,433.0,388.0,185.0,721.0,720.0,719.0
1.0,7634.0,2192.0,2160.0,1982.0,1216.0,603.0,504.0,109.0,721.0,720.0,719.0,736.0,729.0,727.0,2451.0,2492.0,2691.0,603.0,504.0,109.0,721.0,720.0,719.0
1.0,7424.0,2268.0,2163.0,1006.0,2490.0,924.0,883.0,683.0,722.0,721.0,720.0,750.0,763.0,755.0,2281.0,2376.0,2767.0,924.0,883.0,683.0,722.0,721.0,720.0
1.0,6162.0,2187.0,2163.0,1216.0,3461.0,1054.0,1104.0,1303.0,722.0,721.0,720.0,733.0,725.0,729.0,1964.0,2001.0,2197.0,1054.0,1104.0,1303.0,722.0,721.0,720.0
1.0,5191.0,2195.0,2164.0,2490.0,3170.0,864.0,949.0,1357.0,722.0,722.0,720.0,734.0,724.0,737.0,1834.0,1780.0,1577.0,864.0,949.0,1357.0,722.0,722.0,720.0
1.0,5486.0,2247.0,2166.0,3461.0,1964.0,569.0,596.0,799.0,723.0,722.0,721.0,755.0,751.0,741.0,2024.0,1939.0,1523.0,569.0,596.0,799.0,723.0,722.0,721.0
1.0,6700.0,2226.0,2168.0,3170.0,1028.0,443.0,401.0,184.0,723.0,723.0,722.0,738.0,750.0,738.0,2323.0,2292.0,2085.0,443.0,401.0,184.0,723.0,723.0,722.0
1.0,7644.0,2198.0,2168.0,1964.0,1262.0,604.0,539.0,119.0,723.0,723.0,722.0,730.0,734.0,734.0,2449.0,2491.0,2704.0,604.0,539.0,119.0,723.0,723.0,722.0
1.0,7410.0,2185.0,2167.0,1028.0,2415.0,890.0,865.0,660.0,723.0,723.0,721.0,729.0,727.0,729.0,2288.0,2353.0,2769.0,890.0,865.0,660.0,723.0,723.0,721.0
1.0,6253.0,2202.0,2169.0,1262.0,3363.0,1025.0,1059.0,1279.0,724.0,723.0,722.0,735.0,733.0,734.0,2002.0,2027.0,2224.0,1025.0,1059.0,1279.0,724.0,723.0,722.0
1.0,5313.0,2225.0,2169.0,2415.0,3173.0,876.0,933.0,1364.0,724.0,723.0,722.0,741.0,739.0,745.0,1871.0,1833.0,1609.0,876.0,933.0,1364.0,724.0,723.0,722.0
1.0,5503.0,2219.0,2170.0,3363.0,2033.0,587.0,620.0,826.0,724.0,724.0,722.0,736.0,742.0,741.0,2020.0,1959.0,1524.0,587.0,620.0,826.0,724.0,724.0,722.0
1.0,6647.0,2171.0,2170.0,3173.0,1031.0,439.0,401.0,191.0,724.0,724.0,722.0,728.0,714.0,729.0,2309.0,2276.0,2062.0,439.0,401.0,191.0,724.0,724.0,722.0
1.0,7649.0,2214.0,2172.0,2033.0,1220.0,588.0,521.0,111.0,725.0,724.0,723.0,732.0,740.0,742.0,2457.0,2495.0,2697.0,588.0,521.0,111.0,725.0,724.0,723.0
1.0,7468.0,2163.0,2172.0,1031.0,2352.0,862.0,850.0,640.0,725.0,724.0,723.0,713.0,730.0,720.0,2312.0,2375.0,2781.0,862.0,850.0,640.0,725.0,724.0,723.0
1.0,6336.0,2139.0,2172.0,1220.0,3271.0,983.0,1040.0,1248.0,725.0,724.0,723.0,709.0,711.0,719.0,2038.0,2046.0,2252.0,983.0,1040.0,1248.0,725.0,724.0,723.0
1.0,5417.0,2183.0,2172.0,2352.0,3102.0,849.0,921.0,1332.0,725.0,724.0,723.0,728.0,731.0,724.0,1917.0,1856.0,1644.0,849.0,921.0,1332.0,725.0,724.0,723.0
1.0,5586.0,2180.0,2172.0,3271.0,2011.0,588.0,613.0,810.0,725.0,724.0,723.0,722.0,732.0,726.0,2051.0,1975.0,1560.0,588.0,613.0,810.0,725.0,724.0,723.0
1.0,6677.0,2202.0,2172.0,3102.0,1111.0,470.0,427.0,214.0,725.0,724.0,723.0,731.0,735.0,736.0,2312.0,2283.0,2082.0,470.0,427.0,214.0,725.0,724.0,723.0
1.0,7577.0,2248.0,2175.0,2011.0,1360.0,628.0,570.0,162.0,726.0,725.0,724.0,742.0,752.0,754.0,2430.0,2469.0,2678.0,628.0,570.0,162.0,726.0,725.0,724.0
1.0,7340.0,2173.0,2175.0,1111.0,2422.0,883.0,871.0,668.0,726.0,725.0,724.0,725.0,728.0,720.0,2276.0,2330.0,2734.0,883.0,871.0,668.0,726.0,725.0,724.0
1.0,6278.0,2191.0,2176.0,1360.0,3257.0,973.0,1028.0,1256.0,726.0,725.0,725.0,718.0,727.0,746.0,2021.0,2029.0,2228.0,973.0,1028.0,1256.0,726.0,725.0,725.0
1.0,5447.0,2202.0,2176.0,2422.0,3037.0,821.0,890.0,1326.0,726.0,725.0,725.0,731.0,733.0,738.0,1931.0,1872.0,1644.0,821.0,890.0,1326.0,726.0,725.0,725.0
1.0,5667.0,2207.0,2178.0,3257.0,1995.0,584.0,602.0,809.0,727.0,726.0,725.0,732.0,736.0,739.0,2083.0,2010.0,1574.0,584.0,602.0,809.0,727.0,726.0,725.0
1.0,6717.0,2200.0,2179.0,3037.0,1162.0,483.0,453.0,226.0,727.0,726.0,726.0,720.0,741.0,739.0,2324.0,2302.0,2091.0,483.0,453.0,226.0,727.0,726.0,726.0
1.0,7554.0,2194.0,2180.0,1995.0,1365.0,627.0,591.0,147.0,727.0,727.0,726.0,728.0,736.0,730.0,2425.0,2451.0,2678.0,627.0,591.0,147.0,727.0,727.0,726.0
1.0,7355.0,2182.0,2182.0,1162.0,2393.0,876.0,860.0,657.0,728.0,727.0,727.0,728.0,722.0,732.0,2281.0,2317.0,2757.0,876.0,860.0,657.0,728.0,727.0,727.0
1.0,6335.0,2220.0,2185.0,1365.0,3260.0,987.0,1024.0,1249.0,729.0,728.0,728.0,734.0,751.0,735.0,2036.0,2048.0,2251.0,987.0,1024.0,1249.0,729.0,728.0,728.0
1.0,5480.0,2178.0,2186.0,2393.0,3049.0,836.0,892.0,1321.0,729.0,729.0,728.0,725.0,724.0,729.0,1929.0,1888.0,1663.0,836.0,892.0,1321.0,729.0,729.0,728.0
1.0,5695.0,2187.0,2187.0,3260.0,1980.0,583.0,595.0,802.0,730.0,729.0,728.0,730.0,727.0,730.0,2080.0,2024.0,1591.0,583.0,595.0,802.0,730.0,729.0,728.0
1.0,6768.0,2170.0,2187.0,3049.0,1101.0,478.0,422.0,201.0,730.0,729.0,728.0,731.0,719.0,720.0,2337.0,2321.0,2110.0,478.0,422.0,201.0,730.0,729.0,728.0
1.0,7647.0,2194.0,2188.0,1980.0,1319.0,611.0,567.0,141.0,730.0,729.0,729.0,716.0,740.0,738.0,2442.0,2494.0,2711.0,611.0,567.0,141.0,730.0,729.0,729.0
1.0,7433.0,2204.0,2188.0,1101.0,2422.0,870.0,873.0,679.0,730.0,729.0,729.0,737.0,728.0,739.0,2309.0,2349.0,2775.0,870.0,873.0,679.0,730.0,729.0,729.0
1.0,6330.0,2219.0,2190.0,1319.0,3330.0,994.0,1056.0,1280.0,730.0,730.0,730.0,735.0,746.0,738.0,2050.0,2043.0,2237.0,994.0,1056.0,1280.0,730.0,730.0,730.0
1.0,5430.0,2197.0,2191.0,2422.0,3109.0,858.0,910.0,1341.0,731.0,730.0,730.0,730.0,727.0,740.0,1926.0,1864.0,1640.0,858.0,910.0,1341.0,731.0,730.0,730.0
1.0,5655.0,2217.0,2191.0,3330.0,1996.0,595.0,594.0,807.0,731.0,730.0,730.0,731.0,740.0,746.0,2066.0,2010.0,1579.0,595.0,594.0,807.0,731.0,730.0,730.0
1.0,6768.0,2184.0,2192.0,3109.0,1075.0,461.0,407.0,207.0,731.0,730.0,731.0,724.0,723.0,737.0,2329.0,2326.0,2113.0,461.0,407.0,207.0,731.0,730.0,731.0
1.0,7693.0,2151.0,2192.0,1996.0,1230.0,587.0,527.0,116.0,731.0,730.0,731.0,721.0,714.0,716.0,2463.0,2513.0,2717.0,587.0,527.0,116.0,731.0,730.0,731.0
1.0,7538.0,2181.0,2192.0,1075.0,2336.0,856.0,846.0,634.0,731.0,730.0,731.0,730.0,726.0,725.0,2337.0,2393.0,2808.0,856.0,846.0,634.0,731.0,730.0,731.0
1.0,6432.0,2207.0,2193.0,1230.0,3317.0,1003.0,1050.0,1264.0,731.0,730.0,732.0,734.0,731.0,742.0,2068.0,2074.0,2290.0,1003.0,1050.0,1264.0,731.0,730.0,732.0
1.0,5455.0,2196.0,2195.0,2336.0,3185.0,885.0,932.0,1368.0,732.0,731.0,732.0,734.0,724.0,738.0,1921.0,1870.0,1664.0,885.0,932.0,1368.0,732.0,731.0,732.0
1.0,5595.0,2225.0,2196.0,3317.0,2097.0,623.0,624.0,850.0,732.0,731.0,733.0,741.0,742.0,742.0,2043.0,1992.0,1560.0,623.0,624.0,850.0,732.0,731.0,733.0
1.0,6687.0,2179.0,2197.0,3185.0,1095.0,462.0,421.0,212.0,732.0,732.0,733.0,724.0,725.0,730.0,2305.0,2300.0,2082.0,462.0,421.0,212.0,732.0,732.0,733.0
1.0,7693.0,2186.0,2197.0,2097.0,1184.0,572.0,525.0,87.0,732.0,732.0,733.0,733.0,728.0,725.0,2466.0,2507.0,2720.0,572.0,525.0,87.0,732.0,732.0,733.0
1.0,7604.0,2231.0,2197.0,1095.0,2320.0,857.0,840.0,623.0,732.0,732.0,733.0,747.0,736.0,748.0,2356.0,2403.0,2845.0,857.0,840.0,623.0,732.0,732.0,733.0
1.0,6468.0,2188.0,2198.0,1184.0,3328.0,1017.0,1035.0,1276.0,732.0,732.0,734.0,732.0,720.0,736.0,2071.0,2088.0,2309.0,1017.0,1035.0,1276.0,732.0,732.0,734.0
1.0,5464.0,2200.0,2198.0,2320.0,3208.0,903.0,917.0,1388.0,732.0,732.0,734.0,743.0,722.0,735.0,1911.0,1893.0,1660.0,903.0,917.0,1388.0,732.0,732.0,734.0
1.0,5584.0,2217.0,2198.0,3328.0,2097.0,630.0,621.0,846.0,732.0,732.0,734.0,744.0,739.0,734.0,2025.0,2011.0,1548.0,630.0,621.0,846.0,732.0,732.0,734.0
1.0,6695.0,2206.0,2199.0,3208.0,1099.0,471.0,439.0,189.0,733.0,732.0,734.0,740.0,735.0,731.0,2298.0,2307.0,2090.0,471.0,439.0,189.0,733.0,732.0,734.0
1.0,7697.0,2231.0,2200.0,2097.0,1237.0,577.0,561.0,99.0,732.0,733.0,735.0,740.0,739.0,752.0,2461.0,2489.0,2747.0,577.0,561.0,99.0,732.0,733.0,735.0
1.0,7563.0,2222.0,2201.0,1099.0,2364.0,862.0,852.0,650.0,733.0,733.0,735.0,752.0,730.0,740.0,2351.0,2371.0,2841.0,862.0,852.0,650.0,733.0,733.0,735.0
1.0,6440.0,2214.0,2201.0,1237.0,3341.0,1031.0,1021.0,1289.0,733.0,733.0,735.0,746.0,730.0,738.0,2070.0,2080.0,2290.0,1031.0,1021.0,1289.0,733.0,733.0,735.0
1.0,5463.0,2190.0,2200.0,2364.0,3163.0,907.0,892.0,1364.0,733.0,732.0,735.0,738.0,727.0,725.0,1901.0,1911.0,1651.0,907.0,892.0,1364.0,733.0,732.0,735.0
1.0,5637.0,2193.0,2200.0,3341.0,2015.0,608.0,602.0,805.0,733.0,732.0,735.0,732.0,731.0,730.0,2025.0,2036.0,1576.0,608.0,602.0,805.0,733.0,732.0,735.0
1.0,6785.0,2228.0,2199.0,3163.0,1076.0,444.0,454.0,178.0,732.0,732.0,735.0,747.0,744.0,737.0,2324.0,2326.0,2135.0,444.0,454.0,178.0,732.0,732.0,735.0
1.0,7720.0,2172.0,2198.0,2015.0,1229.0,567.0,577.0,85.0,732.0,732.0,734.0,731.0,725.0,716.0,2484.0,2474.0,2762.0,567.0,577.0,85.0,732.0,732.0,734.0
1.0,7563.0,2219.0,2199.0,1076.0,2376.0,878.0,862.0,636.0,733.0,732.0,734.0,751.0,739.0,729.0,2361.0,2351.0,2851.0,878.0,862.0,636.0,733.0,732.0,734.0
1.0,6420.0,2192.0,2199.0,1229.0,3339.0,1053.0,1009.0,1277.0,733.0,732.0,734.0,742.0,724.0,726.0,2054.0,2066.0,2300.0,1053.0,1009.0,1277.0,733.0,732.0,734.0
1.0,5457.0,2173.0,2196.0,2376.0,3124.0,904.0,869.0,1351.0,732.0,731.0,733.0,733.0,726.0,714.0,1879.0,1919.0,1659.0,904.0,869.0,1351.0,732.0,731.0,733.0
1.0,5660.0,2216.0,2197.0,3339.0,2005.0,604.0,596.0,805.0,733.0,731.0,733.0,749.0,736.0,731.0,2024.0,2055.0,1581.0,604.0,596.0,805.0,733.0,731.0,733.0
1.0,6783.0,2208.0,2197.0,3124.0,1089.0,446.0,459.0,184.0,733.0,731.0,733.0,746.0,732.0,730.0,2328.0,2328.0,2127.0,446.0,459.0,184.0,733.0,731.0,733.0
1.0,7699.0,2240.0,2199.0,2005.0,1332.0,601.0,600.0,131.0,734.0,731.0,734.0,755.0,737.0,748.0,2486.0,2465.0,2748.0,601.0,600.0,131.0,734.0,731.0,734.0
1.0,7464.0,2222.0,2199.0,1089.0,2465.0,897.0,881.0,687.0,734.0,731.0,734.0,742.0,740.0,740.0,2335.0,2324.0,2805.0,897.0,881.0,687.0,734.0,731.0,734.0
1.0,6331.0,2197.0,2198.0,1332.0,3326.0,1033.0,1009.0,1284.0,734.0,731.0,733.0,737.0,728.0,732.0,2039.0,2043.0,2249.0,1033.0,1009.0,1284.0,734.0,731.0,733.0
1.0,5466.0,2180.0,2198.0,2465.0,3041.0,865.0,847.0,1329.0,734.0,731.0,733.0,729.0,719.0,732.0,1903.0,1915.0,1648.0,865.0,847.0,1329.0,734.0,731.0,733.0
1.0,5751.0,2188.0,2198.0,3326.0,1903.0,566.0,560.0,777.0,734.0,731.0,733.0,734.0,722.0,732.0,2071.0,2077.0,1603.0,566.0,560.0,777.0,734.0,731.0,733.0
1.0,6889.0,2186.0,2199.0,3041.0,1052.0,434.0,430.0,188.0,734.0,731.0,734.0,733.0,717.0,736.0,2370.0,2364.0,2155.0,434.0,430.0,188.0,734.0,731.0,734.0
1.0,7744.0,2253.0,2201.0,1903.0,1410.0,632.0,627.0,151.0,735.0,732.0,734.0,760.0,753.0,740.0,2502.0,2494.0,2748.0,632.0,627.0,151.0,735.0,732.0,734.0
1.0,7394.0,2205.0,2201.0,1052.0,2563.0,936.0,934.0,693.0,735.0,732.0,734.0,738.0,737.0,730.0,2308.0,2301.0,2785.0,936.0,934.0,693.0,735.0,732.0,734.0
1.0,6241.0,2271.0,2203.0,1410.0,3432.0,1066.0,1066.0,1300.0,736.0,732.0,735.0,758.0,759.0,754.0,2004.0,1994.0,2243.0,1066.0,1066.0,1300.0,736.0,732.0,735.0
1.0,5380.0,2169.0,2202.0,2563.0,3034.0,856.0,859.0,1319.0,736.0,732.0,734.0,726.0,727.0,716.0,1878.0,1862.0,1640.0,856.0,859.0,1319.0,736.0,732.0,734.0
1.0,5774.0,2198.0,2202.0,3432.0,1800.0,525.0,521.0,754.0,736.0,732.0,734.0,735.0,728.0,735.0,2088.0,2069.0,1617.0,525.0,521.0,754.0,736.0,732.0,734.0
1.0,7008.0,2219.0,2202.0,3034.0,985.0,419.0,403.0,163.0,736.0,732.0,734.0,750.0,741.0,728.0,2419.0,2407.0,2182.0,419.0,403.0,163.0,736.0,732.0,734.0
1.0,7823.0,2199.0,2202.0,1800.0,1384.0,631.0,611.0,142.0,736.0,732.0,734.0,737.0,729.0,733.0,2525.0,2525.0,2773.0,631.0,611.0,142.0,736.0,732.0,734.0
1.0,7424.0,2215.0,2203.0,985.0,2618.0,953.0,955.0,710.0,737.0,732.0,734.0,737.0,747.0,731.0,2313.0,2317.0,2794.0,953.0,955.0,710.0,737.0,732.0,734.0
1.0,6194.0,2190.0,2202.0,1384.0,3420.0,1037.0,1079.0,1304.0,736.0,732.0,734.0,719.0,735.0,736.0,1995.0,1973.0,2226.0,1037.0,1079.0,1304.0,736.0,732.0,734.0
1.0,5388.0,2213.0,2203.0,2618.0,3019.0,821.0,869.0,1329.0,737.0,732.0,734.0,733.0,745.0,735.0,1907.0,1849.0,1632.0,821.0,869.0,1329.0,737.0,732.0,734.0
1.0,5793.0,2221.0,2203.0,3420.0,1820.0,522.0,530.0,768.0,737.0,732.0,734.0,738.0,740.0,743.0,2127.0,2059.0,1607.0,522.0,530.0,768.0,737.0,732.0,734.0
1.0,6992.0,2203.0,2204.0,3019.0,1008.0,425.0,409.0,174.0,737.0,733.0,734.0,724.0,744.0,735.0,2426.0,2398.0,2168.0,425.0,409.0,174.0,737.0,733.0,734.0
1.0,7808.0,2211.0,2204.0,1820.0,1399.0,637.0,627.0,135.0,737.0,733.0,734.0,734.0,748.0,729.0,2523.0,2523.0,2762.0,637.0,627.0,135.0,737.0,733.0,734.0
1.0,7417.0,2189.0,2204.0,1008.0,2580.0,951.0,945.0,684.0,737.0,733.0,734.0,739.0,727.0,723.0,2311.0,2305.0,2801.0,951.0,945.0,684.0,737.0,733.0,734.0
1.0,6236.0,2234.0,2204.0,1399.0,3415.0,1055.0,1069.0,1291.0,737.0,733.0,734.0,741.0,751.0,742.0,1997.0,1987.0,2252.0,1055.0,1069.0,1291.0,737.0,733.0,734.0
1.0,5401.0,2213.0,2205.0,2580.0,3052.0,833.0,881.0,1338.0,737.0,734.0,734.0,729.0,753.0,731.0,1893.0,1863.0,1645.0,833.0,881.0,1338.0,737.0,734.0,734.0
1.0,5768.0,2218.0,2205.0,3415.0,1855.0,512.0,557.0,786.0,737.0,734.0,734.0,734.0,745.0,739.0,2115.0,2055.0,1598.0,512.0,557.0,786.0,737.0,734.0,734.0
1.0,6965.0,2218.0,2205.0,3052.0,1021.0,411.0,420.0,190.0,737.0,734.0,734.0,732.0,744.0,742.0,2436.0,2379.0,2150.0,411.0,420.0,190.0,737.0,734.0,734.0
1.0,7799.0,2202.0,2205.0,1855.0,1368.0,624.0,605.0,139.0,737.0,734.0,734.0,725.0,742.0,735.0,2537.0,2516.0,2746.0,624.0,605.0,139.0,737.0,734.0,734.0
1.0,7452.0,2225.0,2205.0,1021.0,2572.0,945.0,932.0,695.0,737.0,734.0,734.0,732.0,747.0,746.0,2324.0,2331.0,2797.0,945.0,932.0,695.0,737.0,734.0,734.0
1.0,6248.0,2221.0,2206.0,1368.0,3429.0,1056.0,1075.0,1298.0,737.0,735.0,734.0,735.0,744.0,742.0,2003.0,2004.0,2241.0,1056.0,1075.0,1298.0,737.0,735.0,734.0
1.0,5395.0,2211.0,2206.0,2572.0,3068.0,836.0,889.0,1343.0,737.0,735.0,734.0,725.0,746.0,740.0,1892.0,1865.0,1638.0,836.0,889.0,1343.0,737.0,735.0,734.0
1.0,5756.0,2236.0,2209.0,3429.0,1887.0,531.0,561.0,795.0,738.0,736.0,735.0,747.0,743.0,746.0,2112.0,2051.0,1593.0,531.0,561.0,795.0,738.0,736.0,735.0
1.0,6949.0,2238.0,2209.0,3068.0,1057.0,424.0,425.0,208.0,738.0,736.0,735.0,729.0,753.0,756.0,2421.0,2383.0,2145.0,424.0,425.0,208.0,738.0,736.0,735.0
1.0,7779.0,2180.0,2208.0,1887.0,1346.0,601.0,598.0,147.0,737.0,736.0,735.0,712.0,734.0,734.0,2528.0,2519.0,2732.0,601.0,598.0,147.0,737.0,736.0,735.0
1.0,7486.0,2241.0,2210.0,1057.0,2538.0,928.0,926.0,684.0,738.0,737.0,735.0,747.0,749.0,745.0,2347.0,2346.0,2793.0,928.0,926.0,684.0,738.0,737.0,735.0
1.0,6302.0,2231.0,2211.0,1346.0,3427.0,1061.0,1072.0,1294.0,738.0,737.0,736.0,734.0,744.0,753.0,2024.0,2022.0,2256.0,1061.0,1072.0,1294.0,738.0,737.0,736.0
1.0,5417.0,2250.0,2211.0,2538.0,3139.0,876.0,903.0,1360.0,738.0,737.0,736.0,743.0,757.0,750.0,1891.0,1876.0,1650.0,876.0,903.0,1360.0,738.0,737.0,736.0
1.0,5705.0,2228.0,2212.0,3427.0,1944.0,544.0,588.0,812.0,738.0,738.0,736.0,729.0,753.0,746.0,2076.0,2045.0,1584.0,544.0,588.0,812.0,738.0,738.0,736.0
1.0,6904.0,2256.0,2212.0,3139.0,1061.0,417.0,436.0,208.0,738.0,738.0,736.0,749.0,751.0,756.0,2408.0,2364.0,2132.0,417.0,436.0,208.0,738.0,738.0,736.0
1.0,7787.0,2261.0,2214.0,1944.0,1386.0,619.0,609.0,158.0,738.0,739.0,737.0,746.0,757.0,758.0,2535.0,2516.0,2736.0,619.0,609.0,158.0,738.0,739.0,737.0
1.0,7470.0,2276.0,2215.0,1061.0,2605.0,961.0,939.0,705.0,738.0,740.0,737.0,759.0,762.0,755.0,2333.0,2347.0,2790.0,961.0,939.0,705.0,738.0,740.0,737.0
1.0,6255.0,2273.0,2217.0,1386.0,3500.0,1102.0,1086.0,1312.0,739.0,740.0,738.0,756.0,756.0,761.0,1991.0,2021.0,2243.0,1102.0,1086.0,1312.0,739.0,740.0,738.0
1.0,5368.0,2257.0,2217.0,2605.0,3152.0,891.0,900.0,1361.0,739.0,740.0,738.0,750.0,753.0,754.0,1854.0,1874.0,1640.0,891.0,900.0,1361.0,739.0,740.0,738.0
1.0,5716.0,2295.0,2219.0,3500.0,1955.0,548.0,578.0,829.0,739.0,741.0,739.0,759.0,760.0,776.0,2065.0,2060.0,1591.0,548.0,578.0,829.0,739.0,741.0,739.0
1.0,6921.0,2291.0,2220.0,3152.0,1098.0,431.0,438.0,229.0,740.0,741.0,739.0,770.0,760.0,761.0,2408.0,2386.0,2127.0,431.0,438.0,229.0,740.0,741.0,739.0
1.0,7782.0,2255.0,2221.0,1955.0,1402.0,628.0,618.0,156.0,740.0,742.0,739.0,745.0,754.0,756.0,2529.0,2526.0,2727.0,628.0,618.0,156.0,740.0,742.0,739.0
1.0,7482.0,2273.0,2222.0,1098.0,2581.0,953.0,941.0,687.0,740.0,742.0,740.0,756.0,761.0,756.0,2332.0,2350.0,2800.0,953.0,941.0,687.0,740.0,742.0,740.0
1.0,6307.0,2253.0,2223.0,1402.0,3436.0,1078.0,1065.0,1293.0,740.0,742.0,741.0,753.0,742.0,758.0,2007.0,2027.0,2273.0,1078.0,1065.0,1293.0,740.0,742.0,741.0
1.0,5456.0,2246.0,2224.0,2581.0,3105.0,872.0,876.0,1357.0,740.0,743.0,741.0,747.0,748.0,751.0,1882.0,1903.0,1671.0,872.0,876.0,1357.0,740.0,743.0,741.0
1.0,5791.0,2241.0,2225.0,3436.0,1914.0,549.0,552.0,813.0,741.0,743.0,741.0,751.0,741.0,749.0,2088.0,2096.0,1607.0,549.0,552.0,813.0,741.0,743.0,741.0
1.0,6986.0,2286.0,2226.0,3105.0,1099.0,448.0,427.0,224.0,741.0,743.0,742.0,771.0,751.0,764.0,2415.0,2420.0,2151.0,448.0,427.0,224.0,741.0,743.0,742.0
1.0,7805.0,2279.0,2228.0,1914.0,1472.0,664.0,634.0,174.0,741.0,744.0,743.0,765.0,755.0,759.0,2516.0,2545.0,2744.0,664.0,634.0,174.0,741.0,744.0,743.0
1.0,7440.0,2259.0,2229.0,1099.0,2636.0,981.0,954.0,701.0,742.0,744.0,743.0,761.0,747.0,751.0,2300.0,2342.0,2798.0,981.0,954.0,701.0,742.0,744.0,743.0
1.0,6280.0,2277.0,2230.0,1472.0,3445.0,1082.0,1067.0,1296.0,742.0,744.0,744.0,765.0,747.0,765.0,1987.0,2022.0,2271.0,1082.0,1067.0,1296.0,742.0,744.0,744.0
1.0,5475.0,2251.0,2231.0,2636.0,3064.0,868.0,854.0,1342.0,743.0,744.0,744.0,763.0,741.0,747.0,1886.0,1909.0,1680.0,868.0,854.0,1342.0,743.0,744.0,744.0
1.0,5860.0,2217.0,2230.0,3445.0,1832.0,528.0,521.0,783.0,742.0,744.0,744.0,746.0,734.0,737.0,2104.0,2122.0,1634.0,528.0,521.0,783.0,742.0,744.0,744.0
1.0,7088.0,2255.0,2232.0,3064.0,1031.0,420.0,419.0,192.0,743.0,745.0,744.0,756.0,748.0,751.0,2440.0,2455.0,2193.0,420.0,419.0,192.0,743.0,745.0,744.0
1.0,7897.0,2230.0,2233.0,1832.0,1433.0,637.0,638.0,158.0,743.0,745.0,745.0,745.0,740.0,745.0,2552.0,2561.0,2784.0,637.0,638.0,158.0,743.0,745.0,745.0
1.0,7499.0,2255.0,2234.0,1031.0,2661.0,983.0,967.0,711.0,744.0,745.0,745.0,762.0,748.0,745.0,2335.0,2342.0,2822.0,983.0,967.0,711.0,744.0,745.0,745.0
1.0,6275.0,2233.0,2235.0,1433.0,3465.0,1096.0,1075.0,1294.0,744.0,746.0,745.0,750.0,742.0,741.0,1993.0,2013.0,2269.0,1096.0,1075.0,1294.0,744.0,746.0,745.0
1.0,5475.0,2222.0,2235.0,2661.0,3026.0,863.0,843.0,1320.0,744.0,746.0,745.0,750.0,735.0,737.0,1880.0,1909.0,1686.0,863.0,843.0,1320.0,744.0,746.0,745.0
1.0,5914.0,2242.0,2235.0,3465.0,1803.0,516.0,513.0,774.0,744.0,746.0,745.0,749.0,745.0,748.0,2113.0,2141.0,1660.0,516.0,513.0,774.0,744.0,746.0,745.0
1.0,7137.0,2261.0,2236.0,3026.0,1042.0,416.0,417.0,209.0,744.0,746.0,746.0,763.0,747.0,751.0,2460.0,2471.0,2206.0,416.0,417.0,209.0,744.0,746.0,746.0
1.0,7902.0,2260.0,2236.0,1803.0,1499.0,658.0,655.0,186.0,744.0,746.0,746.0,758.0,751.0,751.0,2560.0,2567.0,2775.0,658.0,655.0,186.0,744.0,746.0,746.0
1.0,7445.0,2201.0,2237.0,1042.0,2662.0,986.0,962.0,714.0,745.0,746.0,746.0,740.0,724.0,737.0,2318.0,2329.0,2798.0,986.0,962.0,714.0,745.0,746.0,746.0
1.0,6286.0,2236.0,2237.0,1499.0,3399.0,1077.0,1046.0,1276.0,745.0,746.0,746.0,749.0,739.0,748.0,1994.0,2022.0,2270.0,1077.0,1046.0,1276.0,745.0,746.0,746.0
1.0,5549.0,2245.0,2238.0,2662.0,2986.0,835.0,829.0,1322.0,745.0,746.0,747.0,744.0,745.0,756.0,1903.0,1938.0,1708.0,835.0,829.0,1322.0,745.0,746.0,747.0
1.0,5966.0,2231.0,2238.0,3399.0,1818.0,500.0,526.0,792.0,745.0,746.0,747.0,742.0,743.0,746.0,2145.0,2155.0,1666.0,500.0,526.0,792.0,745.0,746.0,747.0
1.0,7134.0,2200.0,2238.0,2986.0,1032.0,412.0,426.0,194.0,745.0,746.0,747.0,747.0,729.0,724.0,2480.0,2458.0,2196.0,412.0,426.0,194.0,745.0,746.0,747.0
1.0,7920.0,2272.0,2239.0,1818.0,1490.0,686.0,650.0,154.0,746.0,746.0,747.0,770.0,750.0,752.0,2568.0,2558.0,2794.0,686.0,650.0,154.0,746.0,746.0,747.0
1.0,7466.0,2267.0,2242.0,1032.0,2737.0,1032.0,980.0,725.0,747.0,747.0,748.0,754.0,752.0,761.0,2298.0,2334.0,2834.0,1032.0,980.0,725.0,747.0,747.0,748.0
1.0,6231.0,2221.0,2241.0,1490.0,3464.0,1078.0,1074.0,1312.0,746.0,747.0,748.0,736.0,744.0,741.0,1956.0,2008.0,2267.0,1078.0,1074.0,1312.0,746.0,747.0,748.0
1.0,5500.0,2219.0,2242.0,2737.0,2950.0,796.0,836.0,1318.0,747.0,747.0,748.0,746.0,742.0,731.0,1906.0,1914.0,1680.0,796.0,836.0,1318.0,747.0,747.0,748.0
1.0,6018.0,2228.0,2241.0,3464.0,1710.0,462.0,494.0,754.0,747.0,746.0,748.0,744.0,736.0,748.0,2192.0,2152.0,1674.0,462.0,494.0,754.0,747.0,746.0,748.0
1.0,7254.0,2206.0,2241.0,2950.0,966.0,411.0,388.0,167.0,747.0,746.0,748.0,745.0,730.0,731.0,2526.0,2490.0,2238.0,411.0,388.0,167.0,747.0,746.0,748.0
1.0,7998.0,2282.0,2243.0,1710.0,1546.0,718.0,659.0,169.0,748.0,747.0,748.0,765.0,761.0,756.0,2577.0,2596.0,2825.0,718.0,659.0,169.0,748.0,747.0,748.0
1.0,7426.0,2219.0,2243.0,966.0,2799.0,1047.0,1009.0,743.0,748.0,746.0,749.0,740.0,742.0,737.0,2274.0,2329.0,2823.0,1047.0,1009.0,743.0,748.0,746.0,749.0
1.0,6173.0,2263.0,2244.0,1546.0,3520.0,1085.0,1113.0,1322.0,748.0,747.0,749.0,756.0,759.0,748.0,1945.0,1975.0,2253.0,1085.0,1113.0,1322.0,748.0,747.0,749.0
1.0,5456.0,2216.0,2244.0,2799.0,2937.0,777.0,844.0,1316.0,748.0,747.0,749.0,739.0,740.0,737.0,1907.0,1875.0,1674.0,777.0,844.0,1316.0,748.0,747.0,749.0
1.0,6039.0,2258.0,2245.0,3520.0,1679.0,460.0,482.0,737.0,749.0,747.0,749.0,764.0,751.0,743.0,2215.0,2144.0,1680.0,460.0,482.0,737.0,749.0,747.0,749.0
1.0,7301.0,2214.0,2244.0,2937.0,952.0,429.0,376.0,147.0,749.0,747.0,748.0,746.0,738.0,730.0,2536.0,2506.0,2259.0,429.0,376.0,147.0,749.0,747.0,748.0
1.0,8024.0,2255.0,2246.0,1679.0,1536.0,719.0,654.0,163.0,750.0,747.0,749.0,746.0,760.0,749.0,2567.0,2612.0,2845.0,719.0,654.0,163.0,750.0,747.0,749.0
1.0,7448.0,2251.0,2246.0,952.0,2835.0,1043.0,1033.0,759.0,750.0,747.0,749.0,753.0,755.0,743.0,2281.0,2334.0,2833.0,1043.0,1033.0,759.0,750.0,747.0,749.0
1.0,6149.0,2262.0,2246.0,1536.0,3561.0,1077.0,1138.0,1346.0,750.0,747.0,749.0,753.0,759.0,750.0,1957.0,1955.0,2237.0,1077.0,1138.0,1346.0,750.0,747.0,749.0
1.0,5423.0,2237.0,2246.0,2835.0,2963.0,776.0,862.0,1325.0,751.0,747.0,748.0,738.0,757.0,742.0,1923.0,1850.0,1650.0,776.0,862.0,1325.0,751.0,747.0,748.0
1.0,6021.0,2289.0,2248.0,3561.0,1699.0,452.0,504.0,743.0,751.0,748.0,749.0,753.0,776.0,760.0,2228.0,2126.0,1667.0,452.0,504.0,743.0,751.0,748.0,749.0
1.0,7293.0,2240.0,2248.0,2963.0,976.0,419.0,396.0,161.0,751.0,748.0,749.0,743.0,754.0,743.0,2552.0,2488.0,2253.0,419.0,396.0,161.0,751.0,748.0,749.0
1.0,8016.0,2286.0,2250.0,1699.0,1571.0,731.0,657.0,183.0,752.0,749.0,749.0,760.0,761.0,765.0,2585.0,2596.0,2835.0,731.0,657.0,183.0,752.0,749.0,749.0
1.0,7429.0,2255.0,2250.0,976.0,2850.0,1063.0,1015.0,772.0,752.0,749.0,749.0,751.0,754.0,750.0,2277.0,2339.0,2813.0,1063.0,1015.0,772.0,752.0,749.0,749.0
1.0,6150.0,2278.0,2250.0,1571.0,3557.0,1086.0,1124.0,1347.0,752.0,749.0,749.0,754.0,766.0,758.0,1945.0,1981.0,2224.0,1086.0,1124.0,1347.0,752.0,749.0,749.0
1.0,5443.0,2240.0,2250.0,2850.0,2947.0,769.0,871.0,1307.0,752.0,749.0,749.0,746.0,762.0,732.0,1922.0,1872.0,1649.0,769.0,871.0,1307.0,752.0,749.0,749.0
1.0,6053.0,2240.0,2250.0,3557.0,1630.0,433.0,494.0,703.0,752.0,749.0,749.0,750.0,747.0,743.0,2239.0,2125.0,1689.0,433.0,494.0,703.0,752.0,749.0,749.0
1.0,7370.0,2286.0,2250.0,2947.0,969.0,423.0,383.0,163.0,752.0,749.0,749.0,759.0,760.0,767.0,2575.0,2502.0,2293.0,423.0,383.0,163.0,752.0,749.0,749.0
1.0,8031.0,2299.0,2251.0,1630.0,1642.0,761.0,658.0,223.0,753.0,749.0,749.0,767.0,769.0,763.0,2585.0,2613.0,2833.0,761.0,658.0,223.0,753.0,749.0,749.0
1.0,7362.0,2277.0,2251.0,969.0,2950.0,1093.0,1039.0,818.0,753.0,749.0,749.0,755.0,764.0,758.0,2251.0,2338.0,2773.0,1093.0,1039.0,818.0,753.0,749.0,749.0
1.0,6054.0,2266.0,2251.0,1642.0,3574.0,1086.0,1135.0,1353.0,753.0,749.0,749.0,754.0,754.0,758.0,1919.0,1957.0,2178.0,1086.0,1135.0,1353.0,753.0,749.0,749.0
1.0,5430.0,2271.0,2250.0,2950.0,2891.0,736.0,860.0,1295.0,752.0,749.0,749.0,747.0,764.0,760.0,1926.0,1861.0,1643.0,736.0,860.0,1295.0,752.0,749.0,749.0
1.0,6109.0,2309.0,2252.0,3574.0,1634.0,424.0,507.0,703.0,753.0,750.0,749.0,770.0,778.0,761.0,2272.0,2136.0,1701.0,424.0,507.0,703.0,753.0,750.0,749.0
1.0,7374.0,2281.0,2252.0,2891.0,1024.0,448.0,411.0,165.0,753.0,750.0,749.0,760.0,764.0,757.0,2588.0,2493.0,2293.0,448.0,411.0,165.0,753.0,750.0,749.0
1.0,7984.0,2273.0,2252.0,1634.0,1663.0,790.0,662.0,211.0,753.0,750.0,749.0,766.0,758.0,749.0,2564.0,2589.0,2831.0,790.0,662.0,211.0,753.0,750.0,749.0
1.0,7345.0,2281.0,2252.0,1024.0,2920.0,1097.0,1012.0,811.0,753.0,750.0,749.0,755.0,761.0,765.0,2222.0,2338.0,2785.0,1097.0,1012.0,811.0,753.0,750.0,749.0
1.0,6088.0,2307.0,2253.0,1663.0,3568.0,1077.0,1127.0,1364.0,753.0,751.0,749.0,770.0,773.0,764.0,1915.0,1988.0,2185.0,1077.0,1127.0,1364.0,753.0,751.0,749.0
1.0,5444.0,2326.0,2255.0,2920.0,2982.0,762.0,896.0,1324.0,754.0,752.0,749.0,778.0,777.0,771.0,1935.0,1877.0,1632.0,762.0,896.0,1324.0,754.0,752.0,749.0
1.0,6038.0,2292.0,2255.0,3568.0,1706.0,446.0,534.0,726.0,754.0,752.0,749.0,761.0,765.0,766.0,2254.0,2112.0,1672.0,446.0,534.0,726.0,754.0,752.0,749.0
1.0,7314.0,2282.0,2255.0,2982.0,1006.0,438.0,399.0,169.0,753.0,752.0,750.0,758.0,761.0,763.0,2570.0,2474.0,2270.0,438.0,399.0,169.0,753.0,752.0,750.0
1.0,8014.0,2304.0,2256.0,1706.0,1608.0,763.0,636.0,209.0,754.0,752.0,750.0,767.0,771.0,766.0,2574.0,2609.0,2831.0,763.0,636.0,209.0,754.0,752.0,750.0
1.0,7416.0,2337.0,2257.0,1006.0,2943.0,1097.0,1027.0,819.0,754.0,753.0,750.0,772.0,786.0,779.0,2253.0,2372.0,2791.0,1097.0,1027.0,819.0,754.0,753.0,750.0
1.0,6085.0,2314.0,2259.0,1608.0,3657.0,1103.0,1168.0,1386.0,754.0,754.0,751.0,769.0,773.0,772.0,1919.0,1985.0,2181.0,1103.0,1168.0,1386.0,754.0,754.0,751.0
1.0,5379.0,2290.0,2259.0,2943.0,3004.0,770.0,903.0,1331.0,754.0,754.0,751.0,764.0,762.0,764.0,1913.0,1848.0,1618.0,770.0,903.0,1331.0,754.0,754.0,751.0
1.0,6032.0,2266.0,2261.0,3657.0,1621.0,428.0,491.0,702.0,755.0,755.0,751.0,757.0,752.0,757.0,2246.0,2113.0,1673.0,428.0,491.0,702.0,755.0,755.0,751.0
1.0,7423.0,2316.0,2262.0,3004.0,937.0,425.0,363.0,149.0,755.0,755.0,752.0,767.0,775.0,774.0,2592.0,2529.0,2302.0,425.0,363.0,149.0,755.0,755.0,752.0
1.0,8111.0,2288.0,2262.0,1621.0,1604.0,764.0,629.0,211.0,755.0,755.0,752.0,767.0,757.0,764.0,2595.0,2657.0,2859.0,764.0,629.0,211.0,755.0,755.0,752.0
1.0,7444.0,2306.0,2264.0,937.0,2981.0,1105.0,1037.0,839.0,755.0,756.0,753.0,766.0,767.0,773.0,2256.0,2391.0,2797.0,1105.0,1037.0,839.0,755.0,756.0,753.0
1.0,6075.0,2316.0,2266.0,1604.0,3701.0,1115.0,1180.0,1406.0,756.0,756.0,754.0,770.0,772.0,774.0,1915.0,1987.0,2173.0,1115.0,1180.0,1406.0,756.0,756.0,754.0
1.0,5363.0,2279.0,2267.0,2981.0,3003.0,770.0,904.0,1329.0,756.0,757.0,754.0,760.0,757.0,762.0,1909.0,1844.0,1610.0,770.0,904.0,1329.0,756.0,757.0,754.0
1.0,6065.0,2282.0,2267.0,3701.0,1584.0,414.0,479.0,691.0,756.0,757.0,754.0,759.0,755.0,768.0,2254.0,2124.0,1687.0,414.0,479.0,691.0,756.0,757.0,754.0
1.0,7484.0,2277.0,2268.0,3003.0,862.0,406.0,327.0,129.0,756.0,757.0,755.0,762.0,752.0,763.0,2610.0,2549.0,2325.0,406.0,327.0,129.0,756.0,757.0,755.0
1.0,8210.0,2284.0,2269.0,1584.0,1566.0,770.0,597.0,199.0,757.0,757.0,755.0,774.0,749.0,761.0,2618.0,2701.0,2891.0,770.0,597.0,199.0,757.0,757.0,755.0
1.0,7510.0,2322.0,2270.0,862.0,3030.0,1136.0,1046.0,848.0,757.0,758.0,755.0,772.0,772.0,778.0,2258.0,2431.0,2821.0,1136.0,1046.0,848.0,757.0,758.0,755.0
1.0,6050.0,2278.0,2272.0,1566.0,3750.0,1138.0,1202.0,1410.0,758.0,758.0,756.0,768.0,753.0,757.0,1892.0,1986.0,2172.0,1138.0,1202.0,1410.0,758.0,758.0,756.0
1.0,5338.0,2261.0,2273.0,3030.0,2985.0,758.0,916.0,1311.0,758.0,759.0,756.0,756.0,756.0,749.0,1894.0,1830.0,1614.0,758.0,916.0,1311.0,758.0,759.0,756.0
1.0,6107.0,2311.0,2273.0,3750.0,1546.0,388.0,485.0,673.0,758.0,759.0,756.0,768.0,771.0,772.0,2274.0,2120.0,1713.0,388.0,485.0,673.0,758.0,759.0,756.0
1.0,7546.0,2243.0,2273.0,2985.0,804.0,382.0,310.0,112.0,758.0,759.0,756.0,752.0,741.0,750.0,2644.0,2551.0,2351.0,382.0,310.0,112.0,758.0,759.0,756.0
1.0,8288.0,2308.0,2274.0,1546.0,1570.0,765.0,589.0,216.0,758.0,759.0,757.0,771.0,764.0,773.0,2650.0,2726.0,2912.0,765.0,589.0,216.0,758.0,759.0,757.0
1.0,7526.0,2308.0,2277.0,804.0,3086.0,1150.0,1057.0,879.0,759.0,760.0,758.0,763.0,774.0,771.0,2267.0,2447.0,2812.0,1150.0,1057.0,879.0,759.0,760.0,758.0
1.0,6022.0,2277.0,2277.0,1570.0,3793.0,1148.0,1219.0,1426.0,759.0,760.0,758.0,763.0,751.0,763.0,1886.0,1983.0,2153.0,1148.0,1219.0,1426.0,759.0,760.0,758.0
1.0,5315.0,2284.0,2279.0,3086.0,2999.0,758.0,921.0,1320.0,759.0,761.0,759.0,760.0,755.0,769.0,1888.0,1821.0,1606.0,758.0,921.0,1320.0,759.0,761.0,759.0
1.0,6117.0,2267.0,2278.0,3793.0,1469.0,374.0,455.0,640.0,759.0,761.0,758.0,764.0,753.0,750.0,2278.0,2123.0,1716.0,374.0,455.0,640.0,759.0,761.0,758.0
1.0,7643.0,2234.0,2278.0,2999.0,704.0,359.0,270.0,75.0,759.0,760.0,759.0,743.0,740.0,751.0,2662.0,2589.0,2392.0,359.0,270.0,75.0,759.0,760.0,759.0
1.0,8408.0,2322.0,2280.0,1469.0,1565.0,763.0,586.0,216.0,760.0,761.0,759.0,774.0,767.0,781.0,2677.0,2770.0,2961.0,763.0,586.0,216.0,760.0,761.0,759.0
1.0,7555.0,2281.0,2281.0,704.0,3146.0,1158.0,1073.0,915.0,760.0,761.0,760.0,754.0,757.0,770.0,2277.0,2458.0,2820.0,1158.0,1073.0,915.0,760.0,761.0,760.0
1.0,5978.0,2304.0,2282.0,1565.0,3889.0,1159.0,1254.0,1476.0,760.0,761.0,761.0,764.0,767.0,773.0,1882.0,1971.0,2125.0,1159.0,1254.0,1476.0,760.0,761.0,761.0
1.0,5239.0,2285.0,2283.0,3146.0,3032.0,757.0,947.0,1328.0,760.0,762.0,761.0,756.0,762.0,767.0,1881.0,1790.0,1568.0,757.0,947.0,1328.0,760.0,762.0,761.0
1.0,6100.0,2314.0,2285.0,3889.0,1465.0,377.0,459.0,629.0,761.0,762.0,762.0,775.0,766.0,773.0,2283.0,2101.0,1716.0,377.0,459.0,629.0,761.0,762.0,762.0
1.0,7675.0,2293.0,2285.0,3032.0,726.0,379.0,276.0,71.0,761.0,762.0,762.0,759.0,764.0,770.0,2667.0,2589.0,2419.0,379.0,276.0,71.0,761.0,762.0,762.0
1.0,8414.0,2289.0,2285.0,1465.0,1550.0,768.0,580.0,202.0,761.0,762.0,762.0,766.0,763.0,760.0,2665.0,2772.0,2977.0,768.0,580.0,202.0,761.0,762.0,762.0
1.0,7590.0,2299.0,2287.0,726.0,3131.0,1159.0,1064.0,908.0,762.0,762.0,763.0,766.0,760.0,773.0,2276.0,2468.0,2846.0,1159.0,1064.0,908.0,762.0,762.0,763.0
1.0,6017.0,2288.0,2287.0,1550.0,3869.0,1151.0,1239.0,1479.0,762.0,762.0,763.0,760.0,755.0,773.0,1889.0,1984.0,2144.0,1151.0,1239.0,1479.0,762.0,762.0,763.0
1.0,5279.0,2321.0,2288.0,3131.0,3063.0,767.0,944.0,1352.0,762.0,762.0,764.0,775.0,769.0,777.0,1897.0,1809.0,1573.0,767.0,944.0,1352.0,762.0,762.0,764.0
1.0,6089.0,2317.0,2289.0,3869.0,1515.0,394.0,483.0,638.0,763.0,762.0,764.0,774.0,778.0,765.0,2281.0,2104.0,1704.0,394.0,483.0,638.0,763.0,762.0,764.0
1.0,7641.0,2290.0,2290.0,3063.0,746.0,392.0,311.0,43.0,763.0,763.0,764.0,765.0,768.0,757.0,2658.0,2565.0,2418.0,392.0,311.0,43.0,763.0,763.0,764.0
1.0,8414.0,2318.0,2290.0,1515.0,1549.0,771.0,599.0,179.0,763.0,763.0,764.0,773.0,771.0,774.0,2660.0,2741.0,3013.0,771.0,599.0,179.0,763.0,763.0,764.0
1.0,7611.0,2292.0,2291.0,746.0,3099.0,1135.0,1053.0,911.0,763.0,763.0,765.0,756.0,765.0,771.0,2281.0,2453.0,2877.0,1135.0,1053.0,911.0,763.0,763.0,765.0
1.0,6065.0,2323.0,2293.0,1549.0,3881.0,1140.0,1234.0,1507.0,764.0,763.0,766.0,772.0,780.0,771.0,1917.0,1999.0,2149.0,1140.0,1234.0,1507.0,764.0,763.0,766.0
1.0,5291.0,2320.0,2294.0,3099.0,3106.0,779.0,959.0,1368.0,764.0,764.0,766.0,774.0,774.0,772.0,1916.0,1818.0,1557.0,779.0,959.0,1368.0,764.0,764.0,766.0
1.0,6070.0,2266.0,2293.0,3881.0,1487.0,396.0,478.0,613.0,764.0,763.0,766.0,757.0,757.0,752.0,2277.0,2097.0,1696.0,396.0,478.0,613.0,764.0,763.0,766.0
1.0,7685.0,2335.0,2294.0,3106.0,720.0,393.0,308.0,19.0,764.0,764.0,766.0,776.0,785.0,774.0,2660.0,2574.0,2451.0,393.0,308.0,19.0,764.0,764.0,766.0
1.0,8456.0,2354.0,2295.0,1487.0,1591.0,787.0,616.0,188.0,765.0,764.0,766.0,786.0,786.0,782.0,2663.0,2748.0,3045.0,787.0,616.0,188.0,765.0,764.0,766.0
1.0,7589.0,2316.0,2298.0,720.0,3199.0,1170.0,1087.0,942.0,766.0,765.0,767.0,772.0,775.0,769.0,2273.0,2440.0,2876.0,1170.0,1087.0,942.0,766.0,765.0,767.0
1.0,5993.0,2288.0,2295.0,1591.0,3884.0,1144.0,1231.0,1509.0,765.0,764.0,766.0,765.0,764.0,759.0,1894.0,1973.0,2126.0,1144.0,1231.0,1509.0,765.0,764.0,766.0
1.0,5296.0,2323.0,2298.0,3199.0,3020.0,745.0,929.0,1346.0,766.0,765.0,767.0,767.0,781.0,775.0,1916.0,1825.0,1555.0,745.0,929.0,1346.0,766.0,765.0,767.0
1.0,6172.0,2289.0,2297.0,3884.0,1421.0,354.0,469.0,598.0,765.0,765.0,767.0,757.0,771.0,761.0,2319.0,2131.0,1722.0,354.0,469.0,598.0,765.0,765.0,767.0
1.0,7767.0,2341.0,2298.0,3020.0,746.0,398.0,322.0,26.0,766.0,765.0,767.0,785.0,782.0,774.0,2706.0,2591.0,2470.0,398.0,322.0,26.0,766.0,765.0,767.0
1.0,8446.0,2329.0,2299.0,1421.0,1658.0,816.0,639.0,203.0,766.0,766.0,767.0,772.0,782.0,775.0,2666.0,2738.0,3042.0,816.0,639.0,203.0,766.0,766.0,767.0
1.0,7538.0,2293.0,2298.0,746.0,3201.0,1181.0,1078.0,942.0,766.0,765.0,767.0,763.0,765.0,765.0,2248.0,2425.0,2865.0,1181.0,1078.0,942.0,766.0,765.0,767.0
1.0,5991.0,2351.0,2299.0,1658.0,3898.0,1153.0,1233.0,1512.0,766.0,766.0,767.0,788.0,790.0,773.0,1883.0,1982.0,2126.0,1153.0,1233.0,1512.0,766.0,766.0,767.0
1.0,5298.0,2336.0,2301.0,3201.0,3041.0,756.0,940.0,1345.0,767.0,766.0,768.0,780.0,785.0,771.0,1911.0,1831.0,1556.0,756.0,940.0,1345.0,767.0,766.0,768.0
1.0,6163.0,2302.0,2301.0,3898.0,1445.0,375.0,473.0,597.0,767.0,766.0,768.0,772.0,766.0,764.0,2312.0,2124.0,1727.0,375.0,473.0,597.0,767.0,766.0,768.0
1.0,7759.0,2317.0,2300.0,3041.0,717.0,397.0,307.0,13.0,767.0,766.0,767.0,778.0,774.0,765.0,2693.0,2591.0,2475.0,397.0,307.0,13.0,767.0,766.0,767.0
1.0,8483.0,2334.0,2300.0,1445.0,1606.0,807.0,614.0,185.0,767.0,766.0,767.0,785.0,780.0,769.0,2671.0,2757.0,3055.0,807.0,614.0,185.0,767.0,766.0,767.0
1.0,7594.0,2296.0,2300.0,717.0,3185.0,1176.0,1078.0,931.0,767.0,766.0,767.0,766.0,771.0,759.0,2261.0,2450.0,2883.0,1176.0,1078.0,931.0,767.0,766.0,767.0
1.0,6015.0,2319.0,2302.0,1606.0,3906.0,1161.0,1241.0,1504.0,768.0,767.0,767.0,788.0,773.0,758.0,1892.0,1986.0,2137.0,1161.0,1241.0,1504.0,768.0,767.0,767.0
1.0,5302.0,2282.0,2301.0,3185.0,2999.0,752.0,925.0,1322.0,768.0,766.0,767.0,767.0,766.0,749.0,1911.0,1827.0,1564.0,752.0,925.0,1322.0,768.0,766.0,767.0
1.0,6205.0,2347.0,2302.0,3906.0,1444.0,374.0,479.0,591.0,768.0,767.0,767.0,783.0,791.0,773.0,2320.0,2139.0,1746.0,374.0,479.0,591.0,768.0,767.0,767.0
1.0,7764.0,2349.0,2303.0,2999.0,798.0,408.0,344.0,46.0,768.0,768.0,767.0,786.0,786.0,777.0,2698.0,2589.0,2477.0,408.0,344.0,46.0,768.0,768.0,767.0
1.0,8414.0,2337.0,2304.0,1444.0,1695.0,829.0,658.0,208.0,769.0,768.0,767.0,791.0,793.0,753.0,2664.0,2728.0,3022.0,829.0,658.0,208.0,769.0,768.0,767.0
1.0,7521.0,2292.0,2303.0,798.0,3185.0,1184.0,1087.0,914.0,769.0,768.0,766.0,763.0,773.0,756.0,2247.0,2414.0,2860.0,1184.0,1087.0,914.0,769.0,768.0,766.0
1.0,6027.0,2319.0,2303.0,1695.0,3809.0,1139.0,1196.0,1474.0,769.0,768.0,766.0,784.0,767.0,768.0,1892.0,1985.0,2150.0,1139.0,1196.0,1474.0,769.0,768.0,766.0
1.0,5403.0,2346.0,2306.0,3185.0,2982.0,740.0,900.0,1342.0,770.0,769.0,767.0,781.0,787.0,778.0,1937.0,1876.0,1590.0,740.0,900.0,1342.0,770.0,769.0,767.0
1.0,6242.0,2326.0,2307.0,3809.0,1503.0,387.0,481.0,635.0,770.0,770.0,767.0,786.0,773.0,767.0,2340.0,2176.0,1726.0,387.0,481.0,635.0,770.0,770.0,767.0
1.0,7725.0,2296.0,2305.0,2982.0,809.0,420.0,343.0,46.0,770.0,769.0,766.0,773.0,766.0,757.0,2693.0,2599.0,2433.0,420.0,343.0,46.0,770.0,769.0,766.0
1.0,8411.0,2268.0,2306.0,1503.0,1578.0,795.0,623.0,160.0,770.0,770.0,766.0,762.0,757.0,749.0,2660.0,2733.0,3018.0,795.0,623.0,160.0,770.0,770.0,766.0
1.0,7646.0,2305.0,2306.0,809.0,3074.0,1155.0,1049.0,870.0,770.0,770.0,766.0,780.0,769.0,756.0,2285.0,2457.0,2904.0,1155.0,1049.0,870.0,770.0,770.0,766.0
1.0,6150.0,2344.0,2307.0,1578.0,3844.0,1152.0,1210.0,1482.0,771.0,770.0,766.0,788.0,784.0,772.0,1925.0,2031.0,2194.0,1152.0,1210.0,1482.0,771.0,770.0,766.0
1.0,5384.0,2320.0,2309.0,3074.0,3098.0,781.0,933.0,1384.0,771.0,771.0,767.0,784.0,768.0,768.0,1932.0,1870.0,1582.0,781.0,933.0,1384.0,771.0,771.0,767.0
1.0,6138.0,2317.0,2309.0,3844.0,1571.0,401.0,489.0,681.0,771.0,771.0,767.0,772.0,766.0,779.0,2303.0,2151.0,1684.0,401.0,489.0,681.0,771.0,771.0,767.0
1.0,7665.0,2324.0,2310.0,3098.0,801.0,399.0,332.0,70.0,772.0,771.0,767.0,775.0,776.0,773.0,2683.0,2595.0,2387.0,399.0,332.0,70.0,772.0,771.0,767.0
1.0,8439.0,2299.0,2310.0,1571.0,1529.0,766.0,605.0,158.0,772.0,771.0,767.0,768.0,762.0,769.0,2689.0,2752.0,2998.0,766.0,605.0,158.0,772.0,771.0,767.0
1.0,7711.0,2296.0,2310.0,801.0,3024.0,1140.0,1041.0,843.0,772.0,771.0,767.0,773.0,768.0,755.0,2322.0,2479.0,2910.0,1140.0,1041.0,843.0,772.0,771.0,767.0
1.0,6216.0,2289.0,2310.0,1529.0,3784.0,1139.0,1196.0,1449.0,772.0,771.0,767.0,765.0,760.0,764.0,1948.0,2043.0,2225.0,1139.0,1196.0,1449.0,772.0,771.0,767.0
1.0,5456.0,2383.0,2313.0,3024.0,3155.0,787.0,964.0,1404.0,773.0,772.0,768.0,784.0,805.0,794.0,1949.0,1888.0,1619.0,787.0,964.0,1404.0,773.0,772.0,768.0
1.0,6097.0,2290.0,2312.0,3784.0,1657.0,414.0,531.0,712.0,773.0,772.0,767.0,766.0,763.0,761.0,2305.0,2124.0,1668.0,414.0,531.0,712.0,773.0,772.0,767.0
1.0,7591.0,2319.0,2314.0,3155.0,829.0,405.0,333.0,91.0,773.0,773.0,768.0,778.0,762.0,779.0,2678.0,2557.0,2356.0,405.0,333.0,91.0,773.0,773.0,768.0
1.0,8427.0,2279.0,2312.0,1657.0,1443.0,750.0,556.0,137.0,773.0,772.0,767.0,759.0,758.0,762.0,2687.0,2759.0,2981.0,750.0,556.0,137.0,773.0,772.0,767.0
1.0,7805.0,2297.0,2312.0,829.0,2911.0,1113.0,983.0,815.0,773.0,772.0,767.0,768.0,760.0,769.0,2342.0,2532.0,2931.0,1113.0,983.0,815.0,773.0,772.0,767.0
1.0,6337.0,2301.0,2312.0,1443.0,3769.0,1130.0,1194.0,1445.0,773.0,772.0,767.0,767.0,767.0,767.0,1979.0,2105.0,2253.0,1130.0,1194.0,1445.0,773.0,772.0,767.0
1.0,5479.0,2377.0,2315.0,2911.0,3247.0,814.0,997.0,1436.0,774.0,773.0,768.0,793.0,782.0,802.0,1962.0,1894.0,1623.0,814.0,997.0,1436.0,774.0,773.0,768.0
1.0,6013.0,2292.0,2314.0,3769.0,1766.0,432.0,561.0,773.0,773.0,773.0,768.0,752.0,758.0,782.0,2282.0,2095.0,1636.0,432.0,561.0,773.0,773.0,773.0,768.0
1.0,7490.0,2317.0,2315.0,3247.0,840.0,400.0,333.0,107.0,774.0,773.0,768.0,778.0,769.0,770.0,2660.0,2531.0,2299.0,400.0,333.0,107.0,774.0,773.0,768.0
1.0,8420.0,2309.0,2315.0,1766.0,1383.0,739.0,540.0,104.0,774.0,773.0,768.0,771.0,768.0,770.0,2696.0,2759.0,2965.0,739.0,540.0,104.0,774.0,773.0,768.0
1.0,7877.0,2325.0,2315.0,840.0,2868.0,1112.0,978.0,778.0,774.0,773.0,768.0,773.0,771.0,781.0,2357.0,2552.0,2968.0,1112.0,978.0,778.0,774.0,773.0,768.0
1.0,6392.0,2327.0,2316.0,1383.0,3816.0,1148.0,1209.0,1459.0,774.0,773.0,769.0,775.0,771.0,781.0,1984.0,2114.0,2294.0,1148.0,1209.0,1459.0,774.0,773.0,769.0
1.0,5448.0,2335.0,2316.0,2868.0,3283.0,807.0,1008.0,1468.0,774.0,773.0,769.0,771.0,777.0,787.0,1948.0,1883.0,1617.0,807.0,1008.0,1468.0,774.0,773.0,769.0
1.0,5981.0,2322.0,2317.0,3816.0,1793.0,426.0,566.0,801.0,774.0,773.0,770.0,767.0,767.0,788.0,2289.0,2084.0,1608.0,426.0,566.0,801.0,774.0,773.0,770.0
1.0,7475.0,2298.0,2316.0,3283.0,804.0,388.0,322.0,94.0,774.0,773.0,769.0,769.0,764.0,765.0,2670.0,2526.0,2279.0,388.0,322.0,94.0,774.0,773.0,769.0
1.0,8460.0,2361.0,2317.0,1793.0,1376.0,745.0,536.0,95.0,774.0,773.0,770.0,783.0,780.0,798.0,2708.0,2770.0,2982.0,745.0,536.0,95.0,774.0,773.0,770.0
1.0,7892.0,2343.0,2317.0,804.0,2915.0,1123.0,998.0,794.0,774.0,773.0,770.0,766.0,784.0,793.0,2351.0,2556.0,2985.0,1123.0,998.0,794.0,774.0,773.0,770.0
1.0,6353.0,2350.0,2320.0,1376.0,3901.0,1157.0,1249.0,1495.0,775.0,774.0,771.0,775.0,783.0,792.0,1973.0,2094.0,2286.0,1157.0,1249.0,1495.0,775.0,774.0,771.0
1.0,5379.0,2330.0,2319.0,2915.0,3312.0,810.0,1020.0,1482.0,775.0,773.0,771.0,776.0,773.0,781.0,1943.0,1847.0,1589.0,810.0,1020.0,1482.0,775.0,773.0,771.0
1.0,5964.0,2304.0,2318.0,3901.0,1711.0,417.0,537.0,757.0,774.0,773.0,771.0,768.0,766.0,770.0,2290.0,2072.0,1602.0,417.0,537.0,757.0,774.0,773.0,771.0
1.0,7561.0,2318.0,2318.0,3312.0,717.0,382.0,279.0,56.0,774.0,773.0,771.0,775.0,762.0,781.0,2679.0,2555.0,2327.0,382.0,279.0,56.0,774.0,773.0,771.0
1.0,8555.0,2331.0,2319.0,1711.0,1341.0,741.0,512.0,88.0,774.0,773.0,772.0,776.0,770.0,785.0,2714.0,2813.0,3028.0,741.0,512.0,88.0,774.0,773.0,772.0
1.0,7935.0,2292.0,2319.0,717.0,2916.0,1115.0,997.0,804.0,774.0,773.0,772.0,756.0,764.0,772.0,2355.0,2580.0,3000.0,1115.0,997.0,804.0,774.0,773.0,772.0
1.0,6360.0,2308.0,2319.0,1341.0,3883.0,1139.0,1256.0,1488.0,774.0,773.0,772.0,765.0,771.0,772.0,1981.0,2095.0,2284.0,1139.0,1256.0,1488.0,774.0,773.0,772.0
1.0,5393.0,2308.0,2318.0,2916.0,3271.0,794.0,1019.0,1458.0,774.0,772.0,772.0,770.0,764.0,774.0,1957.0,1836.0,1600.0,794.0,1019.0,1458.0,774.0,772.0,772.0
1.0,6001.0,2372.0,2318.0,3883.0,1760.0,440.0,548.0,772.0,774.0,772.0,772.0,785.0,785.0,802.0,2302.0,2069.0,1630.0,440.0,548.0,772.0,774.0,772.0,772.0
1.0,7512.0,2347.0,2320.0,3271.0,844.0,414.0,316.0,114.0,774.0,773.0,773.0,768.0,783.0,796.0,2656.0,2540.0,2316.0,414.0,316.0,114.0,774.0,773.0,773.0
1.0,8436.0,2337.0,2319.0,1760.0,1417.0,751.0,539.0,127.0,774.0,772.0,773.0,777.0,775.0,785.0,2682.0,2776.0,2978.0,751.0,539.0,127.0,774.0,772.0,773.0
1.0,7859.0,2330.0,2319.0,844.0,2903.0,1119.0,995.0,789.0,774.0,772.0,773.0,782.0,772.0,776.0,2345.0,2549.0,2965.0,1119.0,995.0,789.0,774.0,772.0,773.0
1.0,6373.0,2365.0,2321.0,1417.0,3859.0,1166.0,1235.0,1458.0,775.0,772.0,774.0,794.0,779.0,792.0,1977.0,2093.0,2303.0,1166.0,1235.0,1458.0,775.0,772.0,774.0
1.0,5425.0,2401.0,2323.0,2903.0,3365.0,847.0,1035.0,1483.0,775.0,773.0,775.0,800.0,791.0,810.0,1934.0,1853.0,1638.0,847.0,1035.0,1483.0,775.0,773.0,775.0
1.0,5927.0,2367.0,2323.0,3859.0,1873.0,477.0,583.0,813.0,775.0,773.0,775.0,796.0,783.0,788.0,2253.0,2057.0,1617.0,477.0,583.0,813.0,775.0,773.0,775.0
1.0,7419.0,2359.0,2325.0,3365.0,875.0,417.0,329.0,129.0,776.0,773.0,776.0,783.0,781.0,795.0,2623.0,2509.0,2287.0,417.0,329.0,129.0,776.0,773.0,776.0
1.0,8425.0,2318.0,2324.0,1873.0,1316.0,709.0,509.0,98.0,775.0,773.0,776.0,773.0,763.0,782.0,2687.0,2763.0,2975.0,709.0,509.0,98.0,775.0,773.0,776.0
1.0,7980.0,2377.0,2326.0,875.0,2826.0,1090.0,969.0,767.0,776.0,773.0,777.0,794.0,789.0,794.0,2391.0,2583.0,3006.0,1090.0,969.0,767.0,776.0,773.0,777.0
1.0,6478.0,2312.0,2326.0,1316.0,3822.0,1149.0,1230.0,1443.0,776.0,773.0,777.0,768.0,770.0,774.0,2014.0,2123.0,2341.0,1149.0,1230.0,1443.0,776.0,773.0,777.0
1.0,5482.0,2313.0,2324.0,2826.0,3301.0,832.0,1028.0,1441.0,775.0,772.0,777.0,777.0,771.0,765.0,1955.0,1862.0,1665.0,832.0,1028.0,1441.0,775.0,772.0,777.0
1.0,5995.0,2332.0,2324.0,3822.0,1811.0,465.0,572.0,774.0,775.0,772.0,777.0,782.0,774.0,776.0,2268.0,2060.0,1667.0,465.0,572.0,774.0,775.0,772.0,777.0
1.0,7485.0,2294.0,2324.0,3301.0,804.0,399.0,312.0,93.0,775.0,772.0,777.0,766.0,768.0,760.0,2635.0,2516.0,2334.0,399.0,312.0,93.0,775.0,772.0,777.0
1.0,8492.0,2345.0,2325.0,1811.0,1342.0,719.0,521.0,102.0,775.0,772.0,778.0,785.0,781.0,779.0,2701.0,2776.0,3015.0,719.0,521.0,102.0,775.0,772.0,778.0
1.0,7958.0,2379.0,2326.0,804.0,2921.0,1118.0,1006.0,797.0,776.0,772.0,778.0,794.0,797.0,788.0,2381.0,2567.0,3010.0,1118.0,1006.0,797.0,776.0,772.0,778.0
1.0,6383.0,2357.0,2326.0,1342.0,3936.0,1175.0,1273.0,1488.0,775.0,773.0,778.0,780.0,784.0,793.0,1986.0,2082.0,2315.0,1175.0,1273.0,1488.0,775.0,773.0,778.0
1.0,5368.0,2338.0,2328.0,2921.0,3361.0,843.0,1049.0,1469.0,776.0,773.0,779.0,782.0,782.0,774.0,1925.0,1819.0,1624.0,843.0,1049.0,1469.0,776.0,773.0,779.0
1.0,5951.0,2281.0,2328.0,3936.0,1706.0,423.0,547.0,736.0,776.0,773.0,779.0,755.0,771.0,755.0,2261.0,2043.0,1647.0,423.0,547.0,736.0,776.0,773.0,779.0
1.0,7606.0,2345.0,2329.0,3361.0,694.0,364.0,285.0,45.0,776.0,774.0,779.0,784.0,783.0,778.0,2681.0,2545.0,2380.0,364.0,285.0,45.0,776.0,774.0,779.0
1.0,8622.0,2350.0,2328.0,1706.0,1334.0,716.0,528.0,90.0,775.0,774.0,779.0,779.0,790.0,781.0,2740.0,2811.0,3071.0,716.0,528.0,90.0,775.0,774.0,779.0
1.0,7978.0,2310.0,2328.0,694.0,2950.0,1121.0,1016.0,813.0,775.0,774.0,779.0,769.0,773.0,768.0,2384.0,2568.0,3026.0,1121.0,1016.0,813.0,775.0,774.0,779.0
1.0,6362.0,2341.0,2328.0,1334.0,3957.0,1190.0,1278.0,1489.0,775.0,774.0,779.0,785.0,790.0,766.0,1979.0,2080.0,2303.0,1190.0,1278.0,1489.0,775.0,774.0,779.0
1.0,5355.0,2325.0,2328.0,2950.0,3332.0,842.0,1043.0,1447.0,775.0,774.0,779.0,773.0,781.0,771.0,1910.0,1818.0,1627.0,842.0,1043.0,1447.0,775.0,774.0,779.0
1.0,5980.0,2340.0,2330.0,3957.0,1723.0,433.0,556.0,734.0,776.0,775.0,779.0,777.0,787.0,776.0,2258.0,2053.0,1669.0,433.0,556.0,734.0,776.0,775.0,779.0
1.0,7597.0,2358.0,2330.0,3332.0,749.0,384.0,310.0,55.0,776.0,775.0,779.0,793.0,797.0,768.0,2671.0,2544.0,2382.0,384.0,310.0,55.0,776.0,775.0,779.0
1.0,8571.0,2339.0,2332.0,1723.0,1373.0,730.0,542.0,101.0,776.0,776.0,780.0,779.0,784.0,776.0,2720.0,2790.0,3061.0,730.0,542.0,101.0,776.0,776.0,780.0
1.0,7955.0,2351.0,2330.0,749.0,2967.0,1142.0,1004.0,821.0,776.0,775.0,779.0,796.0,776.0,779.0,2374.0,2562.0,3019.0,1142.0,1004.0,821.0,776.0,775.0,779.0
1.0,6353.0,2425.0,2333.0,1373.0,4031.0,1225.0,1285.0,1521.0,777.0,776.0,780.0,809.0,819.0,797.0,1962.0,2096.0,2295.0,1225.0,1285.0,1521.0,777.0,776.0,780.0
1.0,5301.0,2360.0,2334.0,2967.0,3428.0,874.0,1070.0,1484.0,777.0,777.0,780.0,791.0,785.0,784.0,1883.0,1819.0,1599.0,874.0,1070.0,1484.0,777.0,777.0,780.0
1.0,5908.0,2344.0,2335.0,4031.0,1745.0,438.0,572.0,735.0,778.0,777.0,780.0,785.0,787.0,772.0,2234.0,2038.0,1636.0,438.0,572.0,735.0,778.0,777.0,780.0
1.0,7595.0,2355.0,2336.0,3428.0,676.0,358.0,292.0,26.0,778.0,778.0,780.0,794.0,786.0,775.0,2674.0,2536.0,2385.0,358.0,292.0,26.0,778.0,778.0,780.0
1.0,8668.0,2318.0,2337.0,1745.0,1253.0,698.0,501.0,54.0,779.0,778.0,780.0,774.0,781.0,763.0,2754.0,2820.0,3094.0,698.0,501.0,54.0,779.0,778.0,780.0
1.0,8095.0,2339.0,2336.0,676.0,2912.0,1110.0,999.0,803.0,778.0,778.0,780.0,774.0,790.0,775.0,2418.0,2611.0,3066.0,1110.0,999.0,803.0,778.0,778.0,780.0
1.0,6432.0,2283.0,2335.0,1253.0,3938.0,1174.0,1260.0,1504.0,778.0,778.0,779.0,762.0,762.0,759.0,2002.0,2113.0,2317.0,1174.0,1260.0,1504.0,778.0,778.0,779.0
1.0,5402.0,2330.0,2336.0,2912.0,3360.0,845.0,1044.0,1471.0,778.0,779.0,779.0,781.0,779.0,770.0,1938.0,1852.0,1612.0,845.0,1044.0,1471.0,778.0,779.0,779.0
1.0,5984.0,2338.0,2338.0,3938.0,1768.0,463.0,560.0,745.0,779.0,779.0,780.0,788.0,776.0,774.0,2267.0,2072.0,1645.0,463.0,560.0,745.0,779.0,779.0,780.0
1.0,7584.0,2344.0,2337.0,3360.0,748.0,400.0,305.0,43.0,779.0,779.0,779.0,782.0,789.0,773.0,2653.0,2556.0,2375.0,400.0,305.0,43.0,779.0,779.0,779.0
1.0,8600.0,2338.0,2337.0,1768.0,1318.0,713.0,530.0,75.0,779.0,779.0,779.0,776.0,785.0,777.0,2716.0,2811.0,3073.0,713.0,530.0,75.0,779.0,779.0,779.0
1.0,8030.0,2351.0,2337.0,748.0,2921.0,1101.0,1006.0,814.0,779.0,779.0,779.0,788.0,781.0,782.0,2403.0,2586.0,3041.0,1101.0,1006.0,814.0,779.0,779.0,779.0
1.0,6427.0,2355.0,2339.0,1318.0,3966.0,1171.0,1266.0,1529.0,780.0,780.0,779.0,779.0,786.0,790.0,2015.0,2110.0,2302.0,1171.0,1266.0,1529.0,780.0,780.0,779.0
1.0,5390.0,2435.0,2341.0,2921.0,3488.0,882.0,1076.0,1530.0,780.0,781.0,780.0,812.0,812.0,811.0,1949.0,1854.0,1587.0,882.0,1076.0,1530.0,780.0,781.0,780.0
1.0,5876.0,2318.0,2341.0,3966.0,1840.0,486.0,587.0,767.0,780.0,781.0,780.0,775.0,777.0,766.0,2238.0,2048.0,1590.0,486.0,587.0,767.0,780.0,781.0,780.0
1.0,7524.0,2337.0,2340.0,3488.0,685.0,392.0,284.0,9.0,781.0,780.0,779.0,784.0,777.0,776.0,2634.0,2537.0,2353.0,392.0,284.0,9.0,781.0,780.0,779.0
1.0,8675.0,2312.0,2340.0,1840.0,1157.0,681.0,474.0,2.0,781.0,780.0,779.0,775.0,777.0,760.0,2732.0,2836.0,3107.0,681.0,474.0,2.0,781.0,780.0,779.0
1.0,8203.0,2335.0,2339.0,685.0,2803.0,1073.0,965.0,765.0,781.0,780.0,778.0,784.0,775.0,776.0,2443.0,2646.0,3114.0,1073.0,965.0,765.0,781.0,780.0,778.0
1.0,6553.0,2317.0,2340.0,1157.0,3967.0,1165.0,1269.0,1533.0,781.0,781.0,778.0,773.0,774.0,770.0,2051.0,2155.0,2347.0,1165.0,1269.0,1533.0,781.0,781.0,778.0
1.0,5393.0,2359.0,2341.0,2803.0,3527.0,867.0,1092.0,1568.0,781.0,781.0,779.0,775.0,788.0,796.0,1959.0,1855.0,1579.0,867.0,1092.0,1568.0,781.0,781.0,779.0
1.0,5837.0,2357.0,2341.0,3967.0,1917.0,482.0,605.0,830.0,781.0,781.0,779.0,780.0,782.0,795.0,2257.0,2032.0,1548.0,482.0,605.0,830.0,781.0,781.0,779.0
1.0,7447.0,2338.0,2341.0,3527.0,728.0,394.0,285.0,49.0,781.0,781.0,779.0,779.0,772.0,787.0,2642.0,2519.0,2286.0,394.0,285.0,49.0,781.0,781.0,779.0
1.0,8636.0,2336.0,2343.0,1917.0,1157.0,693.0,464.0,0.0,782.0,782.0,779.0,777.0,780.0,779.0,2730.0,2839.0,3067.0,693.0,464.0,0.0,782.0,782.0,779.0
1.0,8217.0,2396.0,2344.0,728.0,2827.0,1096.0,978.0,753.0,782.0,782.0,780.0,797.0,799.0,800.0,2435.0,2664.0,3118.0,1096.0,978.0,753.0,782.0,782.0,780.0
1.0,6549.0,2328.0,2343.0,1157.0,3994.0,1175.0,1293.0,1526.0,782.0,782.0,779.0,772.0,779.0,777.0,2032.0,2150.0,2367.0,1175.0,1293.0,1526.0,782.0,782.0,779.0
1.0,5378.0,2354.0,2343.0,2827.0,3521.0,870.0,1093.0,1558.0,782.0,782.0,779.0,791.0,778.0,785.0,1953.0,1835.0,1590.0,870.0,1093.0,1558.0,782.0,782.0,779.0
1.0,5851.0,2399.0,2346.0,3994.0,1938.0,496.0,602.0,840.0,783.0,783.0,780.0,797.0,798.0,804.0,2258.0,2035.0,1558.0,496.0,602.0,840.0,783.0,783.0,780.0
1.0,7446.0,2383.0,2346.0,3521.0,800.0,418.0,295.0,87.0,783.0,783.0,780.0,792.0,786.0,805.0,2636.0,2530.0,2280.0,418.0,295.0,87.0,783.0,783.0,780.0
1.0,8584.0,2376.0,2346.0,1938.0,1238.0,722.0,476.0,40.0,783.0,783.0,780.0,800.0,783.0,793.0,2714.0,2837.0,3033.0,722.0,476.0,40.0,783.0,783.0,780.0
1.0,8146.0,2361.0,2346.0,800.0,2799.0,1090.0,973.0,736.0,783.0,783.0,780.0,786.0,792.0,783.0,2410.0,2656.0,3080.0,1090.0,973.0,736.0,783.0,783.0,780.0
1.0,6585.0,2378.0,2346.0,1238.0,3939.0,1158.0,1278.0,1503.0,783.0,783.0,780.0,790.0,781.0,807.0,2042.0,2159.0,2384.0,1158.0,1278.0,1503.0,783.0,783.0,780.0
1.0,5445.0,2367.0,2346.0,2799.0,3507.0,854.0,1094.0,1559.0,783.0,783.0,780.0,786.0,789.0,792.0,1974.0,1854.0,1617.0,854.0,1094.0,1559.0,783.0,783.0,780.0
1.0,5877.0,2345.0,2346.0,3939.0,1913.0,472.0,597.0,844.0,783.0,783.0,780.0,776.0,781.0,788.0,2278.0,2038.0,1561.0,472.0,597.0,844.0,783.0,783.0,780.0
1.0,7471.0,2374.0,2346.0,3507.0,780.0,412.0,283.0,85.0,783.0,783.0,780.0,794.0,780.0,800.0,2660.0,2535.0,2276.0,412.0,283.0,85.0,783.0,783.0,780.0
1.0,8604.0,2338.0,2346.0,1913.0,1205.0,716.0,465.0,24.0,783.0,783.0,780.0,776.0,779.0,783.0,2720.0,2849.0,3035.0,716.0,465.0,24.0,783.0,783.0,780.0
1.0,8179.0,2366.0,2348.0,780.0,2799.0,1092.0,967.0,740.0,783.0,784.0,781.0,788.0,781.0,797.0,2416.0,2667.0,3096.0,1092.0,967.0,740.0,783.0,784.0,781.0
1.0,6593.0,2363.0,2348.0,1205.0,3957.0,1163.0,1291.0,1503.0,783.0,784.0,781.0,787.0,789.0,787.0,2040.0,2169.0,2384.0,1163.0,1291.0,1503.0,783.0,784.0,781.0
1.0,5435.0,2399.0,2350.0,2799.0,3565.0,873.0,1116.0,1576.0,784.0,784.0,782.0,798.0,792.0,809.0,1969.0,1845.0,1621.0,873.0,1116.0,1576.0,784.0,784.0,782.0
1.0,5835.0,2330.0,2350.0,3957.0,1938.0,491.0,595.0,852.0,784.0,784.0,782.0,781.0,770.0,779.0,2263.0,2020.0,1552.0,491.0,595.0,852.0,784.0,784.0,782.0
1.0,7462.0,2398.0,2350.0,3565.0,771.0,425.0,270.0,76.0,784.0,784.0,782.0,807.0,791.0,800.0,2645.0,2541.0,2276.0,425.0,270.0,76.0,784.0,784.0,782.0
1.0,8629.0,2371.0,2350.0,1938.0,1204.0,733.0,451.0,20.0,784.0,784.0,782.0,799.0,776.0,796.0,2711.0,2866.0,3052.0,733.0,451.0,20.0,784.0,784.0,782.0
1.0,8196.0,2400.0,2352.0,771.0,2841.0,1118.0,980.0,743.0,785.0,784.0,783.0,806.0,799.0,795.0,2403.0,2685.0,3108.0,1118.0,980.0,743.0,785.0,784.0,783.0
1.0,6567.0,2363.0,2352.0,1204.0,4000.0,1171.0,1317.0,1512.0,785.0,784.0,783.0,786.0,788.0,789.0,2022.0,2156.0,2389.0,1171.0,1317.0,1512.0,785.0,784.0,783.0
1.0,5408.0,2369.0,2354.0,2841.0,3536.0,838.0,1129.0,1569.0,785.0,785.0,784.0,785.0,788.0,796.0,1969.0,1819.0,1620.0,838.0,1129.0,1569.0,785.0,785.0,784.0
1.0,5880.0,2390.0,2355.0,4000.0,1930.0,470.0,605.0,855.0,786.0,785.0,784.0,799.0,793.0,798.0,2302.0,2011.0,1567.0,470.0,605.0,855.0,786.0,785.0,784.0
1.0,7490.0,2390.0,2356.0,3536.0,788.0,430.0,272.0,86.0,786.0,785.0,785.0,798.0,796.0,796.0,2674.0,2535.0,2281.0,430.0,272.0,86.0,786.0,785.0,785.0
1.0,8636.0,2354.0,2356.0,1930.0,1212.0,748.0,454.0,10.0,786.0,785.0,785.0,788.0,787.0,779.0,2714.0,2868.0,3054.0,748.0,454.0,10.0,786.0,785.0,785.0
1.0,8212.0,2380.0,2357.0,788.0,2808.0,1123.0,967.0,718.0,787.0,785.0,785.0,801.0,785.0,794.0,2396.0,2686.0,3130.0,1123.0,967.0,718.0,787.0,785.0,785.0
1.0,6620.0,2369.0,2358.0,1212.0,3969.0,1165.0,1296.0,1508.0,787.0,785.0,786.0,790.0,783.0,796.0,2025.0,2173.0,2422.0,1165.0,1296.0,1508.0,787.0,785.0,786.0
1.0,5463.0,2365.0,2358.0,2808.0,3526.0,840.0,1106.0,1580.0,787.0,785.0,786.0,798.0,777.0,790.0,1983.0,1844.0,1636.0,840.0,1106.0,1580.0,787.0,785.0,786.0
1.0,5906.0,2388.0,2360.0,3969.0,1953.0,471.0,603.0,879.0,788.0,785.0,787.0,792.0,793.0,803.0,2308.0,2034.0,1564.0,471.0,603.0,879.0,788.0,785.0,787.0
1.0,7487.0,2427.0,2360.0,3526.0,854.0,443.0,300.0,111.0,788.0,785.0,787.0,812.0,803.0,812.0,2681.0,2537.0,2269.0,443.0,300.0,111.0,788.0,785.0,787.0
1.0,8586.0,2382.0,2360.0,1953.0,1283.0,779.0,489.0,15.0,788.0,785.0,787.0,807.0,792.0,783.0,2709.0,2840.0,3037.0,779.0,489.0,15.0,788.0,785.0,787.0
1.0,8157.0,2393.0,2360.0,854.0,2822.0,1128.0,999.0,695.0,788.0,785.0,787.0,792.0,810.0,791.0,2373.0,2651.0,3133.0,1128.0,999.0,695.0,788.0,785.0,787.0
1.0,6618.0,2398.0,2361.0,1283.0,3941.0,1150.0,1308.0,1483.0,788.0,785.0,788.0,801.0,798.0,799.0,2024.0,2141.0,2453.0,1150.0,1308.0,1483.0,788.0,785.0,788.0
1.0,5503.0,2408.0,2362.0,2822.0,3531.0,825.0,1112.0,1594.0,788.0,786.0,788.0,803.0,799.0,806.0,2002.0,1832.0,1669.0,825.0,1112.0,1594.0,788.0,786.0,788.0
1.0,5917.0,2373.0,2364.0,3941.0,1971.0,466.0,599.0,906.0,789.0,786.0,789.0,787.0,795.0,791.0,2327.0,2032.0,1558.0,466.0,599.0,906.0,789.0,786.0,789.0
1.0,7485.0,2412.0,2364.0,3531.0,852.0,442.0,289.0,121.0,789.0,786.0,789.0,801.0,802.0,809.0,2690.0,2545.0,2250.0,442.0,289.0,121.0,789.0,786.0,789.0
1.0,8604.0,2401.0,2367.0,1971.0,1294.0,783.0,499.0,12.0,790.0,787.0,790.0,803.0,805.0,793.0,2714.0,2855.0,3035.0,783.0,499.0,12.0,790.0,787.0,790.0
1.0,8174.0,2427.0,2369.0,852.0,2877.0,1147.0,1026.0,704.0,790.0,788.0,791.0,806.0,812.0,809.0,2377.0,2649.0,3148.0,1147.0,1026.0,704.0,790.0,788.0,791.0
1.0,6599.0,2430.0,2371.0,1294.0,4021.0,1178.0,1339.0,1504.0,791.0,788.0,792.0,810.0,812.0,808.0,2013.0,2126.0,2460.0,1178.0,1339.0,1504.0,791.0,788.0,792.0
1.0,5463.0,2370.0,2371.0,2877.0,3514.0,827.0,1104.0,1583.0,791.0,788.0,792.0,796.0,791.0,783.0,1986.0,1813.0,1664.0,827.0,1104.0,1583.0,791.0,788.0,792.0
1.0,5970.0,2411.0,2372.0,4021.0,1908.0,445.0,576.0,887.0,791.0,789.0,792.0,796.0,807.0,808.0,2337.0,2048.0,1585.0,445.0,576.0,887.0,791.0,789.0,792.0
1.0,7580.0,2428.0,2375.0,3514.0,834.0,431.0,291.0,112.0,792.0,790.0,793.0,809.0,815.0,804.0,2719.0,2580.0,2281.0,431.0,291.0,112.0,792.0,790.0,793.0
1.0,8666.0,2380.0,2375.0,1908.0,1306.0,777.0,513.0,16.0,792.0,790.0,793.0,791.0,798.0,791.0,2737.0,2869.0,3060.0,777.0,513.0,16.0,792.0,790.0,793.0
1.0,8194.0,2404.0,2374.0,834.0,2872.0,1146.0,1032.0,694.0,792.0,790.0,792.0,800.0,810.0,794.0,2391.0,2647.0,3156.0,1146.0,1032.0,694.0,792.0,790.0,792.0
1.0,6624.0,2395.0,2375.0,1306.0,3965.0,1162.0,1321.0,1482.0,792.0,790.0,793.0,793.0,802.0,800.0,2022.0,2128.0,2474.0,1162.0,1321.0,1482.0,792.0,790.0,793.0
1.0,5535.0,2390.0,2376.0,2872.0,3487.0,815.0,1099.0,1573.0,792.0,791.0,793.0,799.0,806.0,785.0,2006.0,1839.0,1690.0,815.0,1099.0,1573.0,792.0,791.0,793.0
1.0,6017.0,2403.0,2378.0,3965.0,1933.0,463.0,580.0,890.0,793.0,791.0,794.0,806.0,802.0,795.0,2353.0,2065.0,1599.0,463.0,580.0,890.0,793.0,791.0,794.0
1.0,7579.0,2393.0,2379.0,3487.0,843.0,437.0,286.0,120.0,793.0,792.0,794.0,789.0,801.0,803.0,2709.0,2584.0,2286.0,437.0,286.0,120.0,793.0,792.0,794.0
1.0,8673.0,2393.0,2380.0,1933.0,1307.0,762.0,508.0,37.0,793.0,792.0,795.0,788.0,802.0,803.0,2735.0,2882.0,3056.0,762.0,508.0,37.0,793.0,792.0,795.0
1.0,8213.0,2422.0,2382.0,843.0,2894.0,1133.0,1041.0,720.0,794.0,793.0,795.0,804.0,815.0,803.0,2410.0,2660.0,3143.0,1133.0,1041.0,720.0,794.0,793.0,795.0
1.0,6634.0,2370.0,2382.0,1307.0,3957.0,1157.0,1331.0,1469.0,794.0,793.0,795.0,786.0,798.0,786.0,2043.0,2131.0,2460.0,1157.0,1331.0,1469.0,794.0,793.0,795.0
1.0,5571.0,2436.0,2384.0,2894.0,3507.0,833.0,1117.0,1557.0,795.0,794.0,795.0,805.0,823.0,808.0,2019.0,1841.0,1711.0,833.0,1117.0,1557.0,795.0,794.0,795.0
1.0,6029.0,2399.0,2385.0,3957.0,1953.0,473.0,586.0,894.0,795.0,794.0,796.0,797.0,800.0,802.0,2347.0,2059.0,1623.0,473.0,586.0,894.0,795.0,794.0,796.0
1.0,7587.0,2444.0,2386.0,3507.0,894.0,446.0,296.0,152.0,795.0,795.0,796.0,806.0,823.0,815.0,2707.0,2590.0,2290.0,446.0,296.0,152.0,795.0,795.0,796.0
1.0,8650.0,2376.0,2387.0,1953.0,1321.0,774.0,503.0,44.0,796.0,795.0,796.0,797.0,793.0,786.0,2734.0,2884.0,3032.0,774.0,503.0,44.0,796.0,795.0,796.0
1.0,8227.0,2368.0,2387.0,894.0,2795.0,1103.0,1019.0,673.0,795.0,796.0,796.0,779.0,808.0,781.0,2410.0,2677.0,3140.0,1103.0,1019.0,673.0,795.0,796.0,796.0
1.0,6753.0,2339.0,2386.0,1321.0,3809.0,1103.0,1294.0,1412.0,795.0,795.0,796.0,774.0,782.0,783.0,2077.0,2165.0,2511.0,1103.0,1294.0,1412.0,795.0,795.0,796.0
1.0,5735.0,2398.0,2387.0,2795.0,3416.0,786.0,1091.0,1539.0,795.0,796.0,796.0,786.0,812.0,800.0,2077.0,1886.0,1772.0,786.0,1091.0,1539.0,795.0,796.0,796.0
1.0,6132.0,2369.0,2386.0,3809.0,1972.0,458.0,599.0,915.0,794.0,796.0,796.0,779.0,802.0,788.0,2394.0,2093.0,1645.0,458.0,599.0,915.0,794.0,796.0,796.0
1.0,7572.0,2393.0,2387.0,3416.0,953.0,473.0,301.0,179.0,795.0,796.0,796.0,797.0,793.0,803.0,2718.0,2585.0,2269.0,473.0,301.0,179.0,795.0,796.0,796.0
1.0,8595.0,2389.0,2388.0,1972.0,1374.0,815.0,506.0,53.0,795.0,797.0,796.0,800.0,800.0,789.0,2707.0,2883.0,3005.0,815.0,506.0,53.0,795.0,797.0,796.0
1.0,8178.0,2412.0,2388.0,953.0,2833.0,1147.0,1011.0,675.0,795.0,797.0,796.0,805.0,806.0,801.0,2365.0,2682.0,3131.0,1147.0,1011.0,675.0,795.0,797.0,796.0
1.0,6719.0,2406.0,2390.0,1374.0,3873.0,1131.0,1322.0,1420.0,796.0,798.0,796.0,795.0,813.0,798.0,2033.0,2177.0,2509.0,1131.0,1322.0,1420.0,796.0,798.0,796.0
1.0,5687.0,2360.0,2389.0,2833.0,3396.0,764.0,1099.0,1533.0,795.0,798.0,796.0,784.0,788.0,788.0,2053.0,1870.0,1764.0,764.0,1099.0,1533.0,795.0,798.0,796.0
1.0,6160.0,2397.0,2390.0,3873.0,1924.0,437.0,571.0,916.0,796.0,798.0,796.0,800.0,794.0,803.0,2416.0,2093.0,1651.0,437.0,571.0,916.0,796.0,798.0,796.0
1.0,7636.0,2376.0,2390.0,3396.0,904.0,462.0,268.0,174.0,796.0,798.0,796.0,789.0,796.0,791.0,2747.0,2621.0,2268.0,462.0,268.0,174.0,796.0,798.0,796.0
1.0,8656.0,2368.0,2390.0,1924.0,1348.0,816.0,490.0,42.0,796.0,798.0,796.0,791.0,793.0,784.0,2722.0,2924.0,3010.0,816.0,490.0,42.0,796.0,798.0,796.0
1.0,8212.0,2399.0,2391.0,904.0,2847.0,1156.0,1026.0,665.0,796.0,799.0,796.0,802.0,800.0,797.0,2368.0,2702.0,3142.0,1156.0,1026.0,665.0,796.0,799.0,796.0
1.0,6717.0,2392.0,2391.0,1348.0,3891.0,1144.0,1329.0,1418.0,796.0,799.0,796.0,804.0,793.0,795.0,2028.0,2170.0,2519.0,1144.0,1329.0,1418.0,796.0,799.0,796.0
1.0,5673.0,2392.0,2391.0,2847.0,3436.0,782.0,1099.0,1555.0,796.0,799.0,796.0,794.0,796.0,802.0,2040.0,1867.0,1766.0,782.0,1099.0,1555.0,796.0,799.0,796.0
1.0,6128.0,2435.0,2393.0,3891.0,1988.0,458.0,585.0,945.0,797.0,800.0,796.0,816.0,811.0,808.0,2402.0,2097.0,1629.0,458.0,585.0,945.0,797.0,800.0,796.0
1.0,7584.0,2410.0,2394.0,3436.0,966.0,479.0,288.0,199.0,797.0,800.0,797.0,803.0,802.0,805.0,2730.0,2615.0,2239.0,479.0,288.0,199.0,797.0,800.0,797.0
1.0,8610.0,2362.0,2393.0,1988.0,1336.0,796.0,494.0,46.0,796.0,800.0,797.0,779.0,791.0,792.0,2709.0,2912.0,2989.0,796.0,494.0,46.0,796.0,800.0,797.0
1.0,8236.0,2395.0,2394.0,966.0,2769.0,1119.0,1005.0,645.0,797.0,800.0,797.0,798.0,799.0,798.0,2388.0,2706.0,3142.0,1119.0,1005.0,645.0,797.0,800.0,797.0
1.0,6807.0,2408.0,2394.0,1336.0,3841.0,1130.0,1316.0,1395.0,797.0,800.0,797.0,807.0,805.0,796.0,2069.0,2195.0,2543.0,1130.0,1316.0,1395.0,797.0,800.0,797.0
1.0,5735.0,2460.0,2395.0,2769.0,3536.0,840.0,1126.0,1570.0,797.0,801.0,797.0,829.0,811.0,820.0,2058.0,1884.0,1793.0,840.0,1126.0,1570.0,797.0,801.0,797.0
1.0,6044.0,2422.0,2397.0,3841.0,2125.0,524.0,614.0,987.0,798.0,801.0,798.0,810.0,804.0,808.0,2348.0,2078.0,1618.0,524.0,614.0,987.0,798.0,801.0,798.0
1.0,7463.0,2388.0,2397.0,3536.0,977.0,479.0,284.0,214.0,798.0,801.0,798.0,795.0,796.0,797.0,2668.0,2590.0,2205.0,479.0,284.0,214.0,798.0,801.0,798.0
1.0,8611.0,2415.0,2398.0,2125.0,1271.0,766.0,480.0,25.0,798.0,802.0,798.0,811.0,806.0,798.0,2713.0,2920.0,2978.0,766.0,480.0,25.0,798.0,802.0,798.0
1.0,8321.0,2428.0,2398.0,977.0,2722.0,1095.0,1002.0,625.0,798.0,802.0,798.0,808.0,806.0,814.0,2426.0,2728.0,3167.0,1095.0,1002.0,625.0,798.0,802.0,798.0
1.0,6870.0,2445.0,2400.0,1271.0,3904.0,1161.0,1336.0,1407.0,799.0,803.0,798.0,828.0,810.0,807.0,2097.0,2206.0,2567.0,1161.0,1336.0,1407.0,799.0,803.0,798.0
1.0,5696.0,2392.0,2399.0,2722.0,3570.0,866.0,1122.0,1582.0,799.0,802.0,798.0,800.0,792.0,800.0,2035.0,1876.0,1785.0,866.0,1122.0,1582.0,799.0,802.0,798.0
1.0,6026.0,2419.0,2400.0,3904.0,2089.0,520.0,582.0,987.0,799.0,802.0,799.0,815.0,796.0,808.0,2330.0,2086.0,1610.0,520.0,582.0,987.0,799.0,802.0,799.0
1.0,7511.0,2405.0,2400.0,3570.0,924.0,459.0,256.0,209.0,799.0,802.0,799.0,805.0,796.0,804.0,2676.0,2626.0,2209.0,459.0,256.0,209.0,799.0,802.0,799.0
1.0,8676.0,2387.0,2400.0,2089.0,1222.0,739.0,464.0,19.0,799.0,802.0,799.0,800.0,790.0,797.0,2737.0,2952.0,2987.0,739.0,464.0,19.0,799.0,802.0,799.0
1.0,8378.0,2391.0,2399.0,924.0,2685.0,1090.0,1000.0,595.0,799.0,802.0,798.0,810.0,792.0,789.0,2457.0,2744.0,3177.0,1090.0,1000.0,595.0,799.0,802.0,798.0
1.0,6911.0,2423.0,2401.0,1222.0,3894.0,1173.0,1333.0,1388.0,800.0,802.0,799.0,818.0,797.0,808.0,2106.0,2208.0,2597.0,1173.0,1333.0,1388.0,800.0,802.0,799.0
1.0,5710.0,2396.0,2401.0,2685.0,3605.0,881.0,1125.0,1599.0,800.0,802.0,799.0,798.0,792.0,806.0,2027.0,1875.0,1808.0,881.0,1125.0,1599.0,800.0,802.0,799.0
1.0,5999.0,2416.0,2401.0,3894.0,2127.0,517.0,590.0,1020.0,800.0,802.0,799.0,809.0,798.0,809.0,2319.0,2083.0,1597.0,517.0,590.0,1020.0,800.0,802.0,799.0
1.0,7477.0,2438.0,2400.0,3605.0,956.0,450.0,270.0,236.0,800.0,801.0,799.0,814.0,809.0,815.0,2683.0,2618.0,2176.0,450.0,270.0,236.0,800.0,801.0,799.0
1.0,8644.0,2427.0,2400.0,2127.0,1256.0,742.0,483.0,31.0,800.0,801.0,799.0,809.0,803.0,815.0,2750.0,2934.0,2960.0,742.0,483.0,31.0,800.0,801.0,799.0
1.0,8344.0,2394.0,2401.0,956.0,2698.0,1097.0,1004.0,597.0,800.0,801.0,800.0,805.0,791.0,798.0,2458.0,2721.0,3165.0,1097.0,1004.0,597.0,800.0,801.0,800.0
1.0,6906.0,2434.0,2401.0,1256.0,3876.0,1162.0,1328.0,1386.0,800.0,801.0,800.0,807.0,807.0,820.0,2103.0,2200.0,2603.0,1162.0,1328.0,1386.0,800.0,801.0,800.0
1.0,5728.0,2458.0,2402.0,2698.0,3640.0,889.0,1145.0,1606.0,801.0,801.0,800.0,820.0,821.0,817.0,2038.0,1876.0,1814.0,889.0,1145.0,1606.0,801.0,801.0,800.0
1.0,5968.0,2429.0,2404.0,3876.0,2201.0,531.0,630.0,1040.0,801.0,802.0,801.0,804.0,809.0,816.0,2315.0,2059.0,1594.0,531.0,630.0,1040.0,801.0,802.0,801.0
1.0,7415.0,2462.0,2404.0,3640.0,1023.0,467.0,302.0,254.0,801.0,802.0,801.0,825.0,817.0,820.0,2673.0,2578.0,2164.0,467.0,302.0,254.0,801.0,802.0,801.0
1.0,8593.0,2443.0,2405.0,2201.0,1269.0,755.0,485.0,29.0,802.0,802.0,801.0,815.0,813.0,815.0,2737.0,2906.0,2950.0,755.0,485.0,29.0,802.0,802.0,801.0
1.0,8351.0,2459.0,2406.0,1023.0,2709.0,1107.0,999.0,603.0,802.0,802.0,802.0,819.0,816.0,824.0,2453.0,2723.0,3175.0,1107.0,999.0,603.0,802.0,802.0,802.0
1.0,6915.0,2452.0,2407.0,1269.0,3896.0,1169.0,1331.0,1396.0,802.0,802.0,803.0,817.0,817.0,818.0,2101.0,2209.0,2605.0,1169.0,1331.0,1396.0,802.0,802.0,803.0
1.0,5732.0,2447.0,2409.0,2709.0,3642.0,886.0,1145.0,1611.0,803.0,803.0,803.0,820.0,809.0,818.0,2039.0,1877.0,1816.0,886.0,1145.0,1611.0,803.0,803.0,803.0
1.0,5994.0,2486.0,2410.0,3896.0,2236.0,542.0,641.0,1053.0,804.0,803.0,803.0,821.0,827.0,838.0,2326.0,2067.0,1601.0,542.0,641.0,1053.0,804.0,803.0,803.0
1.0,7404.0,2513.0,2412.0,3642.0,1115.0,492.0,339.0,284.0,804.0,804.0,804.0,836.0,839.0,838.0,2674.0,2571.0,2159.0,492.0,339.0,284.0,804.0,804.0,804.0
1.0,8533.0,2435.0,2414.0,2236.0,1322.0,758.0,508.0,56.0,805.0,804.0,805.0,804.0,810.0,821.0,2724.0,2877.0,2932.0,758.0,508.0,56.0,805.0,804.0,805.0
1.0,8334.0,2428.0,2413.0,1115.0,2631.0,1061.0,988.0,582.0,804.0,804.0,805.0,799.0,819.0,810.0,2462.0,2708.0,3164.0,1061.0,988.0,582.0,804.0,804.0,805.0
1.0,7021.0,2439.0,2414.0,1322.0,3752.0,1119.0,1295.0,1338.0,805.0,804.0,805.0,812.0,815.0,812.0,2155.0,2228.0,2638.0,1119.0,1295.0,1338.0,805.0,804.0,805.0
1.0,5904.0,2458.0,2414.0,2631.0,3579.0,866.0,1132.0,1581.0,805.0,804.0,805.0,808.0,825.0,825.0,2101.0,1921.0,1882.0,866.0,1132.0,1581.0,805.0,804.0,805.0
1.0,6077.0,2454.0,2416.0,3752.0,2289.0,556.0,660.0,1073.0,805.0,805.0,806.0,809.0,819.0,826.0,2354.0,2084.0,1639.0,556.0,660.0,1073.0,805.0,805.0,806.0
1.0,7375.0,2482.0,2418.0,3579.0,1200.0,522.0,349.0,329.0,806.0,805.0,807.0,828.0,821.0,833.0,2664.0,2560.0,2151.0,522.0,349.0,329.0,806.0,805.0,807.0
1.0,8472.0,2429.0,2419.0,2289.0,1344.0,776.0,506.0,62.0,807.0,805.0,807.0,806.0,817.0,806.0,2702.0,2871.0,2899.0,776.0,506.0,62.0,807.0,805.0,807.0
1.0,8332.0,2458.0,2421.0,1200.0,2610.0,1064.0,989.0,557.0,807.0,806.0,808.0,810.0,828.0,820.0,2452.0,2714.0,3166.0,1064.0,989.0,557.0,807.0,806.0,808.0
1.0,7074.0,2441.0,2423.0,1344.0,3715.0,1099.0,1292.0,1324.0,808.0,806.0,809.0,807.0,809.0,825.0,2164.0,2235.0,2675.0,1099.0,1292.0,1324.0,808.0,806.0,809.0
1.0,5977.0,2453.0,2424.0,2610.0,3562.0,843.0,1138.0,1581.0,808.0,807.0,809.0,808.0,831.0,814.0,2133.0,1932.0,1912.0,843.0,1138.0,1581.0,808.0,807.0,809.0
1.0,6134.0,2498.0,2425.0,3715.0,2349.0,578.0,675.0,1096.0,808.0,807.0,810.0,834.0,829.0,835.0,2389.0,2090.0,1655.0,578.0,675.0,1096.0,808.0,807.0,810.0
1.0,7351.0,2471.0,2427.0,3562.0,1266.0,553.0,366.0,347.0,809.0,808.0,810.0,814.0,825.0,832.0,2654.0,2553.0,2144.0,553.0,366.0,347.0,809.0,808.0,810.0
1.0,8442.0,2426.0,2427.0,2349.0,1343.0,776.0,508.0,59.0,809.0,808.0,810.0,801.0,817.0,808.0,2683.0,2866.0,2893.0,776.0,508.0,59.0,809.0,808.0,810.0
1.0,8365.0,2430.0,2428.0,1266.0,2511.0,1026.0,951.0,534.0,809.0,808.0,811.0,803.0,809.0,818.0,2460.0,2724.0,3181.0,1026.0,951.0,534.0,809.0,808.0,811.0
1.0,7201.0,2417.0,2428.0,1343.0,3585.0,1047.0,1256.0,1282.0,809.0,808.0,811.0,797.0,813.0,807.0,2210.0,2281.0,2710.0,1047.0,1256.0,1282.0,809.0,808.0,811.0
1.0,6127.0,2430.0,2429.0,2511.0,3508.0,830.0,1127.0,1551.0,809.0,809.0,811.0,809.0,818.0,803.0,2189.0,1976.0,1962.0,830.0,1127.0,1551.0,809.0,809.0,811.0
1.0,6208.0,2429.0,2431.0,3585.0,2360.0,595.0,687.0,1078.0,810.0,809.0,812.0,808.0,816.0,805.0,2406.0,2109.0,1693.0,595.0,687.0,1078.0,810.0,809.0,812.0
1.0,7364.0,2439.0,2432.0,3508.0,1295.0,578.0,382.0,335.0,810.0,810.0,812.0,813.0,818.0,808.0,2645.0,2549.0,2170.0,578.0,382.0,335.0,810.0,810.0,812.0
1.0,8433.0,2467.0,2432.0,2360.0,1402.0,800.0,531.0,71.0,810.0,810.0,812.0,817.0,836.0,814.0,2662.0,2858.0,2913.0,800.0,531.0,71.0,810.0,810.0,812.0
1.0,8326.0,2417.0,2433.0,1295.0,2528.0,1022.0,961.0,545.0,810.0,811.0,812.0,800.0,808.0,809.0,2440.0,2709.0,3177.0,1022.0,961.0,545.0,810.0,811.0,812.0
1.0,7204.0,2433.0,2434.0,1402.0,3563.0,1024.0,1240.0,1299.0,810.0,811.0,813.0,802.0,810.0,821.0,2218.0,2283.0,2703.0,1024.0,1240.0,1299.0,810.0,811.0,813.0
1.0,6173.0,2417.0,2434.0,2528.0,3452.0,799.0,1102.0,1551.0,810.0,811.0,813.0,797.0,823.0,797.0,2216.0,2004.0,1953.0,799.0,1102.0,1551.0,810.0,811.0,813.0
1.0,6284.0,2435.0,2435.0,3563.0,2328.0,593.0,671.0,1064.0,811.0,811.0,813.0,814.0,809.0,812.0,2441.0,2142.0,1701.0,593.0,671.0,1064.0,811.0,811.0,813.0
1.0,7412.0,2432.0,2436.0,3452.0,1312.0,598.0,386.0,328.0,811.0,812.0,813.0,804.0,813.0,815.0,2651.0,2573.0,2188.0,598.0,386.0,328.0,811.0,812.0,813.0
1.0,8432.0,2432.0,2436.0,2328.0,1416.0,821.0,537.0,58.0,811.0,812.0,813.0,816.0,822.0,794.0,2646.0,2862.0,2924.0,821.0,537.0,58.0,811.0,812.0,813.0
1.0,8328.0,2408.0,2435.0,1312.0,2508.0,1017.0,954.0,537.0,810.0,812.0,813.0,798.0,803.0,807.0,2423.0,2711.0,3194.0,1017.0,954.0,537.0,810.0,812.0,813.0
1.0,7232.0,2449.0,2435.0,1416.0,3541.0,1012.0,1225.0,1304.0,810.0,812.0,813.0,816.0,808.0,825.0,2223.0,2294.0,2715.0,1012.0,1225.0,1304.0,810.0,812.0,813.0
1.0,6199.0,2426.0,2436.0,2508.0,3463.0,813.0,1080.0,1570.0,811.0,812.0,813.0,814.0,809.0,803.0,2228.0,2023.0,1948.0,813.0,1080.0,1570.0,811.0,812.0,813.0
1.0,6281.0,2427.0,2437.0,3541.0,2353.0,607.0,668.0,1078.0,811.0,812.0,814.0,806.0,813.0,808.0,2431.0,2168.0,1682.0,607.0,668.0,1078.0,811.0,812.0,814.0
1.0,7395.0,2454.0,2438.0,3463.0,1348.0,622.0,409.0,317.0,811.0,813.0,814.0,828.0,817.0,809.0,2637.0,2580.0,2178.0,622.0,409.0,317.0,811.0,813.0,814.0
1.0,8404.0,2427.0,2438.0,2353.0,1422.0,818.0,552.0,52.0,811.0,813.0,814.0,803.0,811.0,813.0,2622.0,2843.0,2939.0,818.0,552.0,52.0,811.0,813.0,814.0
1.0,8330.0,2430.0,2438.0,1348.0,2504.0,1009.0,951.0,544.0,811.0,813.0,814.0,813.0,808.0,809.0,2426.0,2700.0,3204.0,1009.0,951.0,544.0,811.0,813.0,814.0
1.0,7248.0,2424.0,2438.0,1422.0,3506.0,1001.0,1211.0,1294.0,811.0,813.0,814.0,810.0,812.0,802.0,2235.0,2301.0,2712.0,1001.0,1211.0,1294.0,811.0,813.0,814.0
1.0,6246.0,2462.0,2439.0,2504.0,3468.0,808.0,1086.0,1574.0,811.0,814.0,814.0,816.0,822.0,824.0,2243.0,2041.0,1962.0,808.0,1086.0,1574.0,811.0,814.0,814.0
1.0,6288.0,2409.0,2439.0,3506.0,2371.0,615.0,682.0,1074.0,811.0,814.0,814.0,808.0,807.0,794.0,2436.0,2170.0,1682.0,615.0,682.0,1074.0,811.0,814.0,814.0
1.0,7385.0,2435.0,2439.0,3468.0,1338.0,625.0,410.0,303.0,811.0,814.0,814.0,818.0,814.0,803.0,2629.0,2574.0,2182.0,625.0,410.0,303.0,811.0,814.0,814.0
1.0,8418.0,2434.0,2440.0,2371.0,1405.0,834.0,541.0,30.0,811.0,815.0,814.0,824.0,809.0,801.0,2619.0,2846.0,2953.0,834.0,541.0,30.0,811.0,815.0,814.0
1.0,8355.0,2440.0,2441.0,1338.0,2511.0,1028.0,946.0,537.0,812.0,815.0,814.0,815.0,815.0,810.0,2410.0,2719.0,3226.0,1028.0,946.0,537.0,812.0,815.0,814.0
1.0,7253.0,2445.0,2441.0,1405.0,3551.0,1022.0,1223.0,1306.0,812.0,815.0,814.0,828.0,818.0,799.0,2220.0,2314.0,2719.0,1022.0,1223.0,1306.0,812.0,815.0,814.0
1.0,6213.0,2398.0,2440.0,2511.0,3434.0,804.0,1079.0,1551.0,812.0,815.0,813.0,810.0,802.0,786.0,2226.0,2037.0,1950.0,804.0,1079.0,1551.0,812.0,815.0,813.0
1.0,6326.0,2457.0,2442.0,3551.0,2348.0,606.0,675.0,1067.0,812.0,816.0,814.0,824.0,815.0,818.0,2444.0,2181.0,1701.0,606.0,675.0,1067.0,812.0,816.0,814.0
1.0,7420.0,2406.0,2442.0,3434.0,1320.0,608.0,397.0,315.0,812.0,816.0,814.0,806.0,801.0,799.0,2642.0,2589.0,2189.0,608.0,397.0,315.0,812.0,816.0,814.0
1.0,8448.0,2426.0,2442.0,2348.0,1398.0,825.0,519.0,54.0,813.0,816.0,813.0,819.0,797.0,810.0,2640.0,2867.0,2941.0,825.0,519.0,54.0,813.0,816.0,813.0
1.0,8370.0,2420.0,2440.0,1320.0,2490.0,1020.0,920.0,550.0,812.0,815.0,813.0,807.0,802.0,811.0,2427.0,2745.0,3198.0,1020.0,920.0,550.0,812.0,815.0,813.0
1.0,7270.0,2474.0,2441.0,1398.0,3570.0,1034.0,1221.0,1315.0,813.0,815.0,813.0,835.0,820.0,819.0,2228.0,2340.0,2702.0,1034.0,1221.0,1315.0,813.0,815.0,813.0
1.0,6194.0,2461.0,2441.0,2490.0,3541.0,842.0,1117.0,1582.0,813.0,815.0,813.0,828.0,816.0,817.0,2218.0,2039.0,1937.0,842.0,1117.0,1582.0,813.0,815.0,813.0
1.0,6223.0,2442.0,2441.0,3570.0,2413.0,630.0,699.0,1084.0,813.0,815.0,813.0,822.0,803.0,817.0,2410.0,2143.0,1670.0,630.0,699.0,1084.0,813.0,815.0,813.0
1.0,7351.0,2419.0,2441.0,3541.0,1291.0,597.0,390.0,304.0,813.0,815.0,813.0,809.0,808.0,802.0,2622.0,2561.0,2168.0,597.0,390.0,304.0,813.0,815.0,813.0
1.0,8473.0,2417.0,2441.0,2413.0,1295.0,777.0,491.0,27.0,813.0,815.0,813.0,810.0,800.0,807.0,2655.0,2870.0,2948.0,777.0,491.0,27.0,813.0,815.0,813.0
1.0,8469.0,2439.0,2440.0,1291.0,2439.0,1007.0,916.0,516.0,813.0,815.0,812.0,827.0,815.0,797.0,2475.0,2769.0,3225.0,1007.0,916.0,516.0,813.0,815.0,812.0
1.0,7321.0,2490.0,2440.0,1295.0,3634.0,1072.0,1244.0,1318.0,813.0,815.0,812.0,842.0,819.0,829.0,2245.0,2344.0,2732.0,1072.0,1244.0,1318.0,813.0,815.0,812.0
1.0,6126.0,2490.0,2439.0,2439.0,3681.0,904.0,1139.0,1638.0,813.0,814.0,812.0,839.0,815.0,836.0,2180.0,2016.0,1930.0,904.0,1139.0,1638.0,813.0,814.0,812.0
1.0,6075.0,2483.0,2440.0,3634.0,2534.0,669.0,716.0,1149.0,814.0,814.0,812.0,833.0,821.0,829.0,2348.0,2117.0,1610.0,669.0,716.0,1149.0,814.0,814.0,812.0
1.0,7226.0,2499.0,2442.0,3681.0,1360.0,606.0,417.0,337.0,815.0,815.0,812.0,837.0,836.0,826.0,2587.0,2540.0,2099.0,606.0,417.0,337.0,815.0,815.0,812.0
1.0,8408.0,2504.0,2443.0,2534.0,1334.0,778.0,529.0,27.0,815.0,815.0,813.0,841.0,828.0,835.0,2654.0,2843.0,2911.0,778.0,529.0,27.0,815.0,815.0,813.0
1.0,8438.0,2471.0,2444.0,1360.0,2449.0,999.0,939.0,511.0,816.0,815.0,813.0,823.0,827.0,821.0,2482.0,2731.0,3225.0,999.0,939.0,511.0,816.0,815.0,813.0
1.0,7327.0,2444.0,2444.0,1334.0,3559.0,1036.0,1221.0,1302.0,816.0,815.0,813.0,815.0,811.0,818.0,2265.0,2321.0,2741.0,1036.0,1221.0,1302.0,816.0,815.0,813.0
1.0,6217.0,2480.0,2443.0,2449.0,3586.0,852.0,1111.0,1623.0,815.0,815.0,813.0,819.0,829.0,832.0,2228.0,2039.0,1950.0,852.0,1111.0,1623.0,815.0,815.0,813.0
1.0,6186.0,2542.0,2445.0,3559.0,2577.0,667.0,741.0,1169.0,816.0,816.0,813.0,847.0,847.0,848.0,2408.0,2149.0,1629.0,667.0,741.0,1169.0,816.0,816.0,813.0
1.0,7203.0,2456.0,2444.0,3586.0,1443.0,638.0,440.0,365.0,816.0,815.0,813.0,823.0,814.0,819.0,2597.0,2523.0,2083.0,638.0,440.0,365.0,816.0,815.0,813.0
1.0,8333.0,2476.0,2446.0,2577.0,1350.0,809.0,521.0,20.0,817.0,816.0,813.0,834.0,818.0,824.0,2626.0,2820.0,2887.0,809.0,521.0,20.0,817.0,816.0,813.0
1.0,8434.0,2473.0,2446.0,1443.0,2380.0,996.0,901.0,483.0,817.0,815.0,814.0,825.0,824.0,824.0,2459.0,2743.0,3232.0,996.0,901.0,483.0,817.0,815.0,814.0
1.0,7404.0,2456.0,2445.0,1350.0,3482.0,1009.0,1193.0,1280.0,817.0,815.0,813.0,822.0,813.0,821.0,2272.0,2359.0,2773.0,1009.0,1193.0,1280.0,817.0,815.0,813.0
1.0,6298.0,2457.0,2445.0,2380.0,3559.0,826.0,1110.0,1623.0,817.0,815.0,813.0,813.0,818.0,826.0,2259.0,2067.0,1972.0,826.0,1110.0,1623.0,817.0,815.0,813.0
1.0,6221.0,2467.0,2446.0,3482.0,2548.0,637.0,743.0,1168.0,817.0,815.0,814.0,820.0,826.0,821.0,2442.0,2150.0,1629.0,637.0,743.0,1168.0,817.0,815.0,814.0
1.0,7236.0,2518.0,2448.0,3559.0,1515.0,650.0,481.0,384.0,818.0,816.0,814.0,835.0,844.0,839.0,2631.0,2517.0,2088.0,650.0,481.0,384.0,818.0,816.0,814.0
1.0,8277.0,2500.0,2449.0,2548.0,1471.0,850.0,571.0,50.0,819.0,816.0,814.0,833.0,833.0,834.0,2622.0,2783.0,2872.0,850.0,571.0,50.0,819.0,816.0,814.0
1.0,8325.0,2458.0,2450.0,1515.0,2418.0,1014.0,917.0,487.0,819.0,816.0,815.0,814.0,827.0,817.0,2426.0,2693.0,3206.0,1014.0,917.0,487.0,819.0,816.0,815.0
1.0,7382.0,2465.0,2451.0,1471.0,3416.0,980.0,1182.0,1254.0,819.0,817.0,815.0,816.0,832.0,817.0,2262.0,2347.0,2773.0,980.0,1182.0,1254.0,819.0,817.0,815.0
1.0,6388.0,2489.0,2452.0,2418.0,3491.0,793.0,1089.0,1609.0,819.0,817.0,816.0,827.0,824.0,838.0,2296.0,2086.0,2006.0,793.0,1089.0,1609.0,819.0,817.0,816.0
1.0,6317.0,2466.0,2452.0,3416.0,2541.0,627.0,734.0,1180.0,819.0,817.0,816.0,814.0,827.0,825.0,2483.0,2179.0,1655.0,627.0,734.0,1180.0,819.0,817.0,816.0
1.0,7267.0,2491.0,2453.0,3491.0,1545.0,659.0,476.0,410.0,820.0,817.0,816.0,821.0,831.0,839.0,2649.0,2534.0,2084.0,659.0,476.0,410.0,820.0,817.0,816.0
1.0,8267.0,2466.0,2453.0,2541.0,1470.0,851.0,561.0,58.0,820.0,817.0,816.0,819.0,819.0,828.0,2621.0,2792.0,2854.0,851.0,561.0,58.0,820.0,817.0,816.0
1.0,8342.0,2515.0,2456.0,1545.0,2452.0,1029.0,928.0,495.0,821.0,818.0,817.0,833.0,839.0,843.0,2429.0,2707.0,3206.0,1029.0,928.0,495.0,821.0,818.0,817.0
1.0,7372.0,2470.0,2457.0,1470.0,3456.0,992.0,1198.0,1266.0,821.0,818.0,818.0,814.0,831.0,825.0,2255.0,2344.0,2773.0,992.0,1198.0,1266.0,821.0,818.0,818.0
1.0,6372.0,2492.0,2457.0,2452.0,3496.0,787.0,1106.0,1603.0,821.0,818.0,818.0,824.0,836.0,832.0,2292.0,2074.0,2006.0,787.0,1106.0,1603.0,821.0,818.0,818.0
1.0,6332.0,2489.0,2459.0,3456.0,2537.0,611.0,753.0,1173.0,821.0,819.0,819.0,816.0,841.0,832.0,2497.0,2166.0,1669.0,611.0,753.0,1173.0,821.0,819.0,819.0
1.0,7299.0,2464.0,2459.0,3496.0,1505.0,639.0,474.0,392.0,821.0,819.0,819.0,815.0,827.0,822.0,2673.0,2523.0,2103.0,639.0,474.0,392.0,821.0,819.0,819.0
1.0,8331.0,2484.0,2460.0,2537.0,1456.0,847.0,563.0,46.0,821.0,820.0,819.0,819.0,838.0,827.0,2645.0,2802.0,2884.0,847.0,563.0,46.0,821.0,820.0,819.0
1.0,8384.0,2455.0,2460.0,1505.0,2406.0,1016.0,911.0,479.0,821.0,820.0,819.0,808.0,822.0,825.0,2437.0,2717.0,3230.0,1016.0,911.0,479.0,821.0,820.0,819.0
1.0,7434.0,2478.0,2462.0,1456.0,3436.0,992.0,1185.0,1259.0,822.0,820.0,820.0,819.0,837.0,822.0,2268.0,2369.0,2797.0,992.0,1185.0,1259.0,822.0,820.0,820.0
1.0,6412.0,2470.0,2462.0,2406.0,3500.0,788.0,1107.0,1605.0,821.0,821.0,820.0,816.0,829.0,825.0,2296.0,2095.0,2021.0,788.0,1107.0,1605.0,821.0,821.0,820.0
1.0,6348.0,2466.0,2463.0,3436.0,2534.0,619.0,745.0,1170.0,822.0,821.0,820.0,819.0,823.0,824.0,2496.0,2177.0,1675.0,619.0,745.0,1170.0,822.0,821.0,820.0
1.0,7318.0,2491.0,2463.0,3500.0,1525.0,669.0,472.0,384.0,822.0,821.0,820.0,838.0,834.0,819.0,2669.0,2539.0,2110.0,669.0,472.0,384.0,822.0,821.0,820.0
1.0,8327.0,2464.0,2465.0,2534.0,1463.0,875.0,555.0,33.0,822.0,822.0,821.0,825.0,824.0,815.0,2619.0,2812.0,2896.0,875.0,555.0,33.0,822.0,822.0,821.0
1.0,8397.0,2465.0,2465.0,1525.0,2403.0,1022.0,901.0,480.0,822.0,822.0,821.0,816.0,818.0,831.0,2413.0,2733.0,3251.0,1022.0,901.0,480.0,822.0,822.0,821.0
1.0,7457.0,2438.0,2465.0,1463.0,3378.0,956.0,1165.0,1257.0,822.0,822.0,821.0,809.0,819.0,810.0,2266.0,2387.0,2804.0,956.0,1165.0,1257.0,822.0,822.0,821.0
1.0,6482.0,2527.0,2467.0,2403.0,3510.0,782.0,1104.0,1624.0,823.0,822.0,822.0,844.0,840.0,843.0,2332.0,2123.0,2027.0,782.0,1104.0,1624.0,823.0,822.0,822.0
1.0,6358.0,2474.0,2468.0,3378.0,2610.0,657.0,763.0,1190.0,823.0,823.0,822.0,831.0,820.0,823.0,2510.0,2184.0,1664.0,657.0,763.0,1190.0,823.0,823.0,822.0
1.0,7262.0,2540.0,2470.0,3510.0,1648.0,726.0,506.0,416.0,824.0,823.0,823.0,847.0,847.0,846.0,2635.0,2529.0,2098.0,726.0,506.0,416.0,824.0,823.0,823.0
1.0,8232.0,2464.0,2470.0,2610.0,1502.0,894.0,559.0,49.0,824.0,823.0,823.0,825.0,816.0,823.0,2570.0,2786.0,2876.0,894.0,559.0,49.0,824.0,823.0,823.0
1.0,8378.0,2442.0,2471.0,1648.0,2300.0,981.0,867.0,452.0,824.0,823.0,824.0,813.0,814.0,815.0,2402.0,2733.0,3243.0,981.0,867.0,452.0,824.0,823.0,824.0
1.0,7584.0,2499.0,2472.0,1502.0,3301.0,926.0,1140.0,1235.0,824.0,824.0,824.0,839.0,828.0,832.0,2315.0,2425.0,2844.0,926.0,1140.0,1235.0,824.0,824.0,824.0
1.0,6587.0,2479.0,2473.0,2300.0,3484.0,768.0,1107.0,1609.0,824.0,824.0,825.0,823.0,834.0,822.0,2370.0,2156.0,2061.0,768.0,1107.0,1609.0,824.0,824.0,825.0
1.0,6408.0,2498.0,2475.0,3301.0,2689.0,691.0,797.0,1201.0,825.0,825.0,825.0,845.0,826.0,827.0,2528.0,2189.0,1691.0,691.0,797.0,1201.0,825.0,825.0,825.0
1.0,7211.0,2488.0,2475.0,3484.0,1693.0,759.0,517.0,417.0,825.0,825.0,825.0,836.0,827.0,825.0,2609.0,2503.0,2099.0,759.0,517.0,417.0,825.0,825.0,825.0
1.0,8207.0,2495.0,2476.0,2689.0,1503.0,898.0,545.0,60.0,825.0,825.0,826.0,830.0,825.0,840.0,2541.0,2783.0,2883.0,898.0,545.0,60.0,825.0,825.0,826.0
1.0,8401.0,2526.0,2478.0,1693.0,2344.0,991.0,871.0,482.0,826.0,826.0,826.0,848.0,839.0,839.0,2402.0,2755.0,3244.0,991.0,871.0,482.0,826.0,826.0,826.0
1.0,7568.0,2522.0,2479.0,1503.0,3367.0,938.0,1169.0,1260.0,826.0,827.0,826.0,845.0,839.0,838.0,2313.0,2433.0,2822.0,938.0,1169.0,1260.0,826.0,827.0,826.0
1.0,6549.0,2479.0,2481.0,2344.0,3510.0,785.0,1122.0,1603.0,827.0,827.0,827.0,834.0,824.0,821.0,2366.0,2139.0,2044.0,785.0,1122.0,1603.0,827.0,827.0,827.0
1.0,6414.0,2516.0,2482.0,3367.0,2663.0,694.0,799.0,1170.0,827.0,828.0,827.0,847.0,842.0,827.0,2523.0,2186.0,1705.0,694.0,799.0,1170.0,827.0,828.0,827.0
1.0,7265.0,2474.0,2483.0,3510.0,1631.0,737.0,503.0,391.0,827.0,828.0,828.0,828.0,826.0,820.0,2614.0,2513.0,2138.0,737.0,503.0,391.0,827.0,828.0,828.0
1.0,8301.0,2500.0,2483.0,2663.0,1468.0,883.0,538.0,47.0,827.0,828.0,828.0,840.0,834.0,826.0,2571.0,2809.0,2921.0,883.0,538.0,47.0,827.0,828.0,828.0
1.0,8464.0,2489.0,2482.0,1631.0,2322.0,991.0,862.0,469.0,827.0,828.0,827.0,845.0,827.0,817.0,2425.0,2774.0,3265.0,991.0,862.0,469.0,827.0,828.0,827.0
1.0,7606.0,2472.0,2482.0,1468.0,3326.0,937.0,1145.0,1244.0,827.0,828.0,827.0,829.0,821.0,822.0,2317.0,2450.0,2839.0,937.0,1145.0,1244.0,827.0,828.0,827.0
1.0,6602.0,2483.0,2482.0,2322.0,3487.0,780.0,1103.0,1604.0,827.0,828.0,827.0,834.0,820.0,829.0,2371.0,2167.0,2064.0,780.0,1103.0,1604.0,827.0,828.0,827.0
1.0,6441.0,2487.0,2482.0,3326.0,2648.0,677.0,777.0,1194.0,827.0,828.0,827.0,834.0,819.0,834.0,2528.0,2209.0,1704.0,677.0,777.0,1194.0,827.0,828.0,827.0
1.0,7280.0,2527.0,2484.0,3487.0,1696.0,749.0,514.0,433.0,828.0,828.0,828.0,848.0,840.0,839.0,2631.0,2535.0,2114.0,749.0,514.0,433.0,828.0,828.0,828.0
1.0,8240.0,2521.0,2485.0,2648.0,1573.0,912.0,573.0,88.0,828.0,829.0,828.0,840.0,832.0,849.0,2563.0,2798.0,2879.0,912.0,573.0,88.0,828.0,829.0,828.0
1.0,8367.0,2496.0,2484.0,1696.0,2369.0,1001.0,879.0,489.0,828.0,828.0,828.0,838.0,824.0,834.0,2400.0,2743.0,3224.0,1001.0,879.0,489.0,828.0,828.0,828.0
1.0,7567.0,2472.0,2484.0,1573.0,3268.0,925.0,1125.0,1218.0,828.0,828.0,828.0,836.0,819.0,817.0,2311.0,2433.0,2823.0,925.0,1125.0,1218.0,828.0,828.0,828.0
1.0,6668.0,2467.0,2484.0,2369.0,3366.0,753.0,1065.0,1548.0,828.0,828.0,828.0,829.0,819.0,819.0,2387.0,2187.0,2094.0,753.0,1065.0,1548.0,828.0,828.0,828.0
1.0,6570.0,2522.0,2485.0,3268.0,2624.0,685.0,775.0,1164.0,829.0,828.0,828.0,853.0,835.0,834.0,2559.0,2247.0,1764.0,685.0,775.0,1164.0,829.0,828.0,828.0
1.0,7316.0,2494.0,2485.0,3366.0,1752.0,777.0,539.0,436.0,829.0,828.0,828.0,845.0,829.0,820.0,2631.0,2537.0,2148.0,777.0,539.0,436.0,829.0,828.0,828.0
1.0,8188.0,2517.0,2486.0,2624.0,1649.0,933.0,613.0,103.0,829.0,829.0,828.0,841.0,845.0,831.0,2539.0,2773.0,2876.0,933.0,613.0,103.0,829.0,829.0,828.0
1.0,8295.0,2467.0,2487.0,1752.0,2368.0,985.0,899.0,484.0,830.0,829.0,828.0,825.0,825.0,817.0,2383.0,2703.0,3209.0,985.0,899.0,484.0,830.0,829.0,828.0
1.0,7580.0,2516.0,2487.0,1649.0,3235.0,901.0,1111.0,1223.0,830.0,829.0,828.0,849.0,825.0,842.0,2335.0,2417.0,2828.0,901.0,1111.0,1223.0,830.0,829.0,828.0
1.0,6713.0,2506.0,2487.0,2368.0,3373.0,755.0,1046.0,1572.0,830.0,829.0,828.0,839.0,834.0,833.0,2419.0,2205.0,2089.0,755.0,1046.0,1572.0,830.0,829.0,828.0
1.0,6575.0,2516.0,2487.0,3235.0,2654.0,698.0,773.0,1183.0,830.0,829.0,828.0,844.0,838.0,834.0,2565.0,2270.0,1740.0,698.0,773.0,1183.0,830.0,829.0,828.0
1.0,7294.0,2470.0,2488.0,3373.0,1755.0,773.0,551.0,431.0,831.0,829.0,828.0,826.0,824.0,820.0,2622.0,2543.0,2129.0,773.0,551.0,431.0,831.0,829.0,828.0
1.0,8197.0,2494.0,2488.0,2654.0,1595.0,906.0,603.0,86.0,831.0,829.0,828.0,831.0,825.0,838.0,2551.0,2765.0,2881.0,906.0,603.0,86.0,831.0,829.0,828.0
1.0,8357.0,2492.0,2488.0,1755.0,2332.0,971.0,879.0,482.0,831.0,829.0,828.0,838.0,827.0,827.0,2418.0,2713.0,3226.0,971.0,879.0,482.0,831.0,829.0,828.0
1.0,7620.0,2512.0,2489.0,1595.0,3253.0,916.0,1109.0,1228.0,832.0,829.0,828.0,847.0,833.0,832.0,2353.0,2437.0,2830.0,916.0,1109.0,1228.0,832.0,829.0,828.0
1.0,6703.0,2485.0,2489.0,2332.0,3406.0,780.0,1055.0,1571.0,832.0,829.0,828.0,835.0,825.0,825.0,2412.0,2207.0,2084.0,780.0,1055.0,1571.0,832.0,829.0,828.0
1.0,6550.0,2512.0,2489.0,3253.0,2665.0,697.0,791.0,1177.0,832.0,829.0,828.0,833.0,845.0,834.0,2548.0,2261.0,1741.0,697.0,791.0,1177.0,832.0,829.0,828.0
1.0,7291.0,2477.0,2489.0,3406.0,1736.0,742.0,565.0,429.0,832.0,829.0,828.0,825.0,829.0,823.0,2631.0,2525.0,2135.0,742.0,565.0,429.0,832.0,829.0,828.0
1.0,8220.0,2529.0,2491.0,2665.0,1608.0,887.0,624.0,97.0,833.0,830.0,828.0,838.0,846.0,845.0,2586.0,2751.0,2883.0,887.0,624.0,97.0,833.0,830.0,828.0
1.0,8356.0,2457.0,2489.0,1736.0,2321.0,953.0,877.0,491.0,832.0,829.0,828.0,812.0,822.0,823.0,2445.0,2696.0,3215.0,953.0,877.0,491.0,832.0,829.0,828.0
1.0,7635.0,2473.0,2490.0,1608.0,3190.0,891.0,1083.0,1216.0,833.0,829.0,828.0,821.0,830.0,822.0,2375.0,2439.0,2821.0,891.0,1083.0,1216.0,833.0,829.0,828.0
1.0,6770.0,2450.0,2490.0,2321.0,3319.0,750.0,1024.0,1545.0,833.0,829.0,828.0,812.0,818.0,820.0,2441.0,2233.0,2096.0,750.0,1024.0,1545.0,833.0,829.0,828.0
1.0,6641.0,2428.0,2487.0,3190.0,2545.0,666.0,747.0,1132.0,832.0,828.0,827.0,811.0,810.0,807.0,2582.0,2292.0,1767.0,666.0,747.0,1132.0,832.0,828.0,827.0
1.0,7403.0,2519.0,2490.0,3319.0,1757.0,755.0,564.0,438.0,833.0,829.0,828.0,835.0,837.0,847.0,2662.0,2565.0,2176.0,755.0,564.0,438.0,833.0,829.0,828.0
1.0,8203.0,2507.0,2490.0,2545.0,1719.0,924.0,652.0,143.0,833.0,829.0,828.0,835.0,835.0,837.0,2577.0,2752.0,2874.0,924.0,652.0,143.0,833.0,829.0,828.0
1.0,8241.0,2453.0,2489.0,1757.0,2411.0,981.0,901.0,529.0,833.0,828.0,828.0,812.0,817.0,824.0,2408.0,2664.0,3169.0,981.0,901.0,529.0,833.0,828.0,828.0
1.0,7545.0,2534.0,2492.0,1719.0,3238.0,905.0,1090.0,1243.0,834.0,829.0,829.0,844.0,837.0,853.0,2351.0,2411.0,2783.0,905.0,1090.0,1243.0,834.0,829.0,829.0
1.0,6730.0,2494.0,2491.0,2411.0,3317.0,746.0,1022.0,1549.0,833.0,829.0,829.0,826.0,833.0,835.0,2431.0,2226.0,2073.0,746.0,1022.0,1549.0,833.0,829.0,829.0
1.0,6647.0,2520.0,2492.0,3238.0,2603.0,678.0,781.0,1144.0,834.0,829.0,829.0,833.0,849.0,838.0,2586.0,2294.0,1767.0,678.0,781.0,1144.0,834.0,829.0,829.0
1.0,7365.0,2495.0,2493.0,3317.0,1785.0,755.0,592.0,438.0,834.0,829.0,830.0,823.0,833.0,839.0,2658.0,2535.0,2172.0,755.0,592.0,438.0,834.0,829.0,830.0
1.0,8187.0,2482.0,2494.0,2603.0,1668.0,901.0,646.0,121.0,834.0,830.0,830.0,824.0,831.0,827.0,2581.0,2724.0,2882.0,901.0,646.0,121.0,834.0,830.0,830.0
1.0,8308.0,2482.0,2493.0,1785.0,2361.0,970.0,884.0,507.0,834.0,829.0,830.0,824.0,834.0,824.0,2435.0,2674.0,3199.0,970.0,884.0,507.0,834.0,829.0,830.0
1.0,7611.0,2556.0,2494.0,1668.0,3253.0,911.0,1100.0,1242.0,834.0,830.0,830.0,842.0,858.0,856.0,2366.0,2432.0,2813.0,911.0,1100.0,1242.0,834.0,830.0,830.0
1.0,6723.0,2494.0,2493.0,2361.0,3382.0,769.0,1042.0,1571.0,833.0,830.0,830.0,832.0,826.0,836.0,2425.0,2220.0,2078.0,769.0,1042.0,1571.0,833.0,830.0,830.0
1.0,6590.0,2559.0,2495.0,3253.0,2696.0,711.0,794.0,1191.0,834.0,830.0,831.0,849.0,852.0,858.0,2563.0,2278.0,1749.0,711.0,794.0,1191.0,834.0,830.0,831.0
1.0,7284.0,2528.0,2496.0,3382.0,1846.0,779.0,601.0,466.0,834.0,831.0,831.0,837.0,845.0,846.0,2625.0,2526.0,2133.0,779.0,601.0,466.0,834.0,831.0,831.0
1.0,8138.0,2514.0,2496.0,2696.0,1664.0,900.0,646.0,118.0,834.0,831.0,831.0,832.0,839.0,843.0,2557.0,2723.0,2858.0,900.0,646.0,118.0,834.0,831.0,831.0
1.0,8320.0,2531.0,2499.0,1846.0,2361.0,965.0,894.0,502.0,835.0,832.0,832.0,840.0,845.0,846.0,2436.0,2678.0,3206.0,965.0,894.0,502.0,835.0,832.0,832.0
1.0,7635.0,2504.0,2498.0,1664.0,3197.0,889.0,1082.0,1226.0,834.0,832.0,832.0,828.0,834.0,842.0,2375.0,2434.0,2826.0,889.0,1082.0,1226.0,834.0,832.0,832.0
1.0,6795.0,2501.0,2498.0,2361.0,3337.0,757.0,1030.0,1550.0,834.0,832.0,832.0,833.0,842.0,826.0,2447.0,2246.0,2102.0,757.0,1030.0,1550.0,834.0,832.0,832.0
1.0,6655.0,2516.0,2498.0,3197.0,2656.0,700.0,794.0,1162.0,834.0,832.0,832.0,832.0,846.0,838.0,2579.0,2298.0,1778.0,700.0,794.0,1162.0,834.0,832.0,832.0
1.0,7336.0,2538.0,2498.0,3337.0,1857.0,788.0,605.0,464.0,834.0,832.0,832.0,845.0,841.0,852.0,2636.0,2534.0,2166.0,788.0,605.0,464.0,834.0,832.0,832.0
1.0,8135.0,2561.0,2500.0,2656.0,1770.0,939.0,676.0,155.0,834.0,833.0,833.0,851.0,861.0,849.0,2548.0,2723.0,2864.0,939.0,676.0,155.0,834.0,833.0,833.0
1.0,8230.0,2583.0,2502.0,1857.0,2504.0,1022.0,938.0,544.0,835.0,834.0,833.0,867.0,863.0,853.0,2397.0,2656.0,3177.0,1022.0,938.0,544.0,835.0,834.0,833.0
1.0,7504.0,2550.0,2503.0,1770.0,3288.0,935.0,1113.0,1240.0,835.0,834.0,834.0,852.0,851.0,847.0,2318.0,2398.0,2788.0,935.0,1113.0,1240.0,835.0,834.0,834.0
1.0,6724.0,2534.0,2503.0,2504.0,3318.0,755.0,1011.0,1552.0,835.0,834.0,834.0,842.0,836.0,856.0,2405.0,2223.0,2096.0,755.0,1011.0,1552.0,835.0,834.0,834.0
1.0,6694.0,2527.0,2503.0,3288.0,2557.0,664.0,748.0,1145.0,835.0,834.0,834.0,844.0,850.0,833.0,2585.0,2325.0,1784.0,664.0,748.0,1145.0,835.0,834.0,834.0
1.0,7455.0,2544.0,2505.0,3318.0,1791.0,753.0,591.0,447.0,835.0,835.0,835.0,844.0,850.0,850.0,2676.0,2588.0,2191.0,753.0,591.0,447.0,835.0,835.0,835.0
1.0,8229.0,2575.0,2507.0,2557.0,1817.0,959.0,695.0,163.0,836.0,835.0,836.0,866.0,852.0,857.0,2587.0,2749.0,2893.0,959.0,695.0,163.0,836.0,835.0,836.0
1.0,8211.0,2545.0,2508.0,1791.0,2575.0,1048.0,966.0,561.0,836.0,836.0,836.0,842.0,858.0,845.0,2385.0,2645.0,3181.0,1048.0,966.0,561.0,836.0,836.0,836.0
1.0,7457.0,2558.0,2510.0,1817.0,3324.0,949.0,1126.0,1249.0,837.0,837.0,836.0,856.0,851.0,851.0,2296.0,2378.0,2783.0,949.0,1126.0,1249.0,837.0,837.0,836.0
1.0,6716.0,2528.0,2509.0,2575.0,3273.0,733.0,1010.0,1530.0,836.0,837.0,836.0,836.0,850.0,842.0,2399.0,2222.0,2095.0,733.0,1010.0,1530.0,836.0,837.0,836.0
1.0,6763.0,2558.0,2510.0,3324.0,2511.0,627.0,742.0,1142.0,836.0,837.0,837.0,843.0,858.0,857.0,2611.0,2338.0,1814.0,627.0,742.0,1142.0,836.0,837.0,837.0
1.0,7529.0,2559.0,2512.0,3273.0,1805.0,751.0,587.0,467.0,837.0,838.0,837.0,853.0,851.0,855.0,2717.0,2606.0,2206.0,751.0,587.0,467.0,837.0,838.0,837.0
1.0,8243.0,2547.0,2513.0,2511.0,1845.0,972.0,686.0,187.0,837.0,838.0,838.0,848.0,841.0,858.0,2597.0,2765.0,2881.0,972.0,686.0,187.0,837.0,838.0,838.0
1.0,8207.0,2526.0,2514.0,1805.0,2570.0,1063.0,948.0,559.0,837.0,839.0,838.0,842.0,845.0,839.0,2376.0,2666.0,3165.0,1063.0,948.0,559.0,837.0,839.0,838.0
1.0,7486.0,2518.0,2514.0,1845.0,3243.0,933.0,1094.0,1216.0,837.0,839.0,838.0,842.0,832.0,844.0,2285.0,2408.0,2793.0,933.0,1094.0,1216.0,837.0,839.0,838.0
1.0,6813.0,2517.0,2515.0,2570.0,3194.0,712.0,976.0,1506.0,837.0,839.0,839.0,842.0,830.0,845.0,2415.0,2262.0,2136.0,712.0,976.0,1506.0,837.0,839.0,839.0
1.0,6866.0,2506.0,2514.0,3243.0,2453.0,621.0,699.0,1133.0,837.0,838.0,839.0,842.0,821.0,843.0,2636.0,2380.0,1850.0,621.0,699.0,1133.0,837.0,838.0,839.0
1.0,7603.0,2542.0,2516.0,3194.0,1809.0,757.0,570.0,482.0,837.0,839.0,840.0,848.0,843.0,851.0,2727.0,2653.0,2223.0,757.0,570.0,482.0,837.0,839.0,840.0
1.0,8255.0,2493.0,2516.0,2453.0,1849.0,970.0,695.0,184.0,837.0,839.0,840.0,834.0,824.0,835.0,2591.0,2786.0,2878.0,970.0,695.0,184.0,837.0,839.0,840.0
1.0,8215.0,2524.0,2516.0,1809.0,2564.0,1056.0,968.0,540.0,837.0,839.0,840.0,843.0,843.0,838.0,2378.0,2661.0,3176.0,1056.0,968.0,540.0,837.0,839.0,840.0
1.0,7500.0,2573.0,2516.0,1849.0,3288.0,943.0,1132.0,1213.0,837.0,839.0,840.0,857.0,859.0,857.0,2292.0,2388.0,2820.0,943.0,1132.0,1213.0,837.0,839.0,840.0
1.0,6776.0,2550.0,2518.0,2564.0,3282.0,744.0,1002.0,1536.0,838.0,839.0,841.0,853.0,838.0,859.0,2405.0,2224.0,2147.0,744.0,1002.0,1536.0,838.0,839.0,841.0
1.0,6790.0,2497.0,2519.0,3288.0,2495.0,629.0,716.0,1150.0,838.0,840.0,841.0,828.0,842.0,827.0,2608.0,2354.0,1828.0,629.0,716.0,1150.0,838.0,840.0,841.0
1.0,7581.0,2525.0,2519.0,3282.0,1738.0,730.0,557.0,451.0,838.0,840.0,841.0,845.0,843.0,837.0,2723.0,2644.0,2214.0,730.0,557.0,451.0,838.0,840.0,841.0
1.0,8338.0,2526.0,2519.0,2495.0,1769.0,946.0,677.0,146.0,838.0,840.0,841.0,845.0,836.0,845.0,2622.0,2803.0,2913.0,946.0,677.0,146.0,838.0,840.0,841.0
1.0,8307.0,2476.0,2519.0,1738.0,2507.0,1042.0,946.0,519.0,838.0,840.0,841.0,826.0,826.0,824.0,2406.0,2683.0,3218.0,1042.0,946.0,519.0,838.0,840.0,841.0
1.0,7569.0,2477.0,2519.0,1769.0,3215.0,919.0,1097.0,1199.0,838.0,840.0,841.0,823.0,828.0,826.0,2310.0,2414.0,2845.0,919.0,1097.0,1199.0,838.0,840.0,841.0
1.0,6861.0,2525.0,2519.0,2507.0,3233.0,720.0,986.0,1527.0,838.0,840.0,841.0,843.0,835.0,847.0,2433.0,2263.0,2165.0,720.0,986.0,1527.0,838.0,840.0,841.0
1.0,6843.0,2533.0,2520.0,3215.0,2555.0,638.0,733.0,1184.0,838.0,840.0,842.0,837.0,844.0,852.0,2632.0,2374.0,1837.0,638.0,733.0,1184.0,838.0,840.0,842.0
1.0,7525.0,2515.0,2520.0,3233.0,1837.0,750.0,586.0,501.0,838.0,840.0,842.0,832.0,839.0,844.0,2714.0,2627.0,2184.0,750.0,586.0,501.0,838.0,840.0,842.0
1.0,8243.0,2475.0,2520.0,2555.0,1757.0,932.0,674.0,151.0,838.0,840.0,842.0,820.0,821.0,834.0,2602.0,2774.0,2867.0,932.0,674.0,151.0,838.0,840.0,842.0
1.0,8323.0,2550.0,2523.0,1837.0,2482.0,1038.0,939.0,505.0,839.0,841.0,843.0,852.0,847.0,851.0,2420.0,2686.0,3217.0,1038.0,939.0,505.0,839.0,841.0,843.0
1.0,7610.0,2493.0,2524.0,1757.0,3222.0,943.0,1098.0,1181.0,840.0,841.0,843.0,833.0,833.0,827.0,2318.0,2425.0,2867.0,943.0,1098.0,1181.0,840.0,841.0,843.0
1.0,6874.0,2510.0,2524.0,2482.0,3250.0,737.0,1001.0,1512.0,840.0,841.0,843.0,832.0,842.0,836.0,2417.0,2266.0,2191.0,737.0,1001.0,1512.0,840.0,841.0,843.0
1.0,6846.0,2508.0,2523.0,3222.0,2532.0,623.0,743.0,1166.0,839.0,841.0,843.0,833.0,840.0,835.0,2623.0,2363.0,1860.0,623.0,743.0,1166.0,839.0,841.0,843.0
1.0,7560.0,2495.0,2525.0,3250.0,1785.0,721.0,578.0,486.0,840.0,842.0,843.0,831.0,832.0,832.0,2733.0,2621.0,2206.0,721.0,578.0,486.0,840.0,842.0,843.0
1.0,8315.0,2517.0,2524.0,2532.0,1766.0,938.0,662.0,166.0,840.0,841.0,843.0,840.0,831.0,846.0,2639.0,2790.0,2886.0,938.0,662.0,166.0,840.0,841.0,843.0
1.0,8330.0,2524.0,2525.0,1785.0,2509.0,1055.0,931.0,523.0,840.0,842.0,843.0,838.0,843.0,843.0,2422.0,2702.0,3206.0,1055.0,931.0,523.0,840.0,842.0,843.0
1.0,7591.0,2498.0,2524.0,1766.0,3237.0,954.0,1097.0,1186.0,840.0,841.0,843.0,837.0,832.0,829.0,2305.0,2437.0,2849.0,954.0,1097.0,1186.0,840.0,841.0,843.0
1.0,6859.0,2518.0,2524.0,2509.0,3246.0,742.0,999.0,1505.0,840.0,841.0,843.0,843.0,833.0,842.0,2406.0,2267.0,2186.0,742.0,999.0,1505.0,840.0,841.0,843.0
1.0,6850.0,2503.0,2525.0,3237.0,2516.0,626.0,738.0,1152.0,841.0,841.0,843.0,834.0,836.0,833.0,2618.0,2365.0,1867.0,626.0,738.0,1152.0,841.0,841.0,843.0
1.0,7584.0,2568.0,2527.0,3246.0,1846.0,745.0,598.0,503.0,841.0,842.0,844.0,861.0,855.0,852.0,2738.0,2626.0,2220.0,745.0,598.0,503.0,841.0,842.0,844.0
1.0,8262.0,2548.0,2527.0,2516.0,1878.0,982.0,704.0,192.0,842.0,842.0,843.0,859.0,844.0,845.0,2619.0,2770.0,2873.0,982.0,704.0,192.0,842.0,842.0,843.0
1.0,8230.0,2510.0,2527.0,1846.0,2542.0,1077.0,942.0,523.0,842.0,842.0,843.0,840.0,836.0,834.0,2386.0,2664.0,3180.0,1077.0,942.0,523.0,842.0,842.0,843.0
1.0,7566.0,2477.0,2525.0,1878.0,3133.0,920.0,1067.0,1146.0,841.0,841.0,843.0,829.0,833.0,815.0,2291.0,2426.0,2849.0,920.0,1067.0,1146.0,841.0,841.0,843.0
1.0,6967.0,2532.0,2525.0,2542.0,3123.0,692.0,969.0,1462.0,842.0,841.0,842.0,845.0,844.0,843.0,2444.0,2297.0,2226.0,692.0,969.0,1462.0,842.0,841.0,842.0
1.0,6977.0,2553.0,2526.0,3133.0,2547.0,629.0,747.0,1171.0,842.0,841.0,843.0,857.0,845.0,851.0,2676.0,2395.0,1906.0,629.0,747.0,1171.0,842.0,841.0,843.0
1.0,7557.0,2536.0,2526.0,3123.0,1960.0,780.0,621.0,559.0,842.0,841.0,843.0,843.0,843.0,850.0,2739.0,2617.0,2201.0,780.0,621.0,559.0,842.0,841.0,843.0
1.0,8144.0,2543.0,2527.0,2547.0,1960.0,998.0,737.0,225.0,842.0,842.0,843.0,847.0,859.0,837.0,2588.0,2743.0,2813.0,998.0,737.0,225.0,842.0,842.0,843.0
1.0,8148.0,2530.0,2528.0,1960.0,2534.0,1056.0,966.0,512.0,843.0,842.0,843.0,834.0,850.0,846.0,2370.0,2631.0,3147.0,1056.0,966.0,512.0,843.0,842.0,843.0
1.0,7578.0,2548.0,2528.0,1960.0,3122.0,917.0,1079.0,1126.0,843.0,842.0,843.0,859.0,850.0,839.0,2316.0,2402.0,2860.0,917.0,1079.0,1126.0,843.0,842.0,843.0
1.0,6990.0,2577.0,2529.0,2534.0,3169.0,723.0,982.0,1464.0,843.0,843.0,843.0,862.0,865.0,850.0,2455.0,2289.0,2246.0,723.0,982.0,1464.0,843.0,843.0,843.0
1.0,6947.0,2517.0,2528.0,3122.0,2560.0,638.0,746.0,1176.0,843.0,842.0,843.0,832.0,847.0,838.0,2649.0,2390.0,1908.0,638.0,746.0,1176.0,843.0,842.0,843.0
1.0,7552.0,2559.0,2528.0,3169.0,1950.0,775.0,612.0,563.0,843.0,842.0,843.0,860.0,848.0,851.0,2734.0,2622.0,2196.0,775.0,612.0,563.0,843.0,842.0,843.0
1.0,8162.0,2557.0,2528.0,2560.0,1947.0,989.0,723.0,235.0,843.0,842.0,843.0,852.0,857.0,848.0,2597.0,2756.0,2809.0,989.0,723.0,235.0,843.0,842.0,843.0
1.0,8165.0,2581.0,2529.0,1950.0,2582.0,1072.0,986.0,524.0,843.0,843.0,843.0,858.0,871.0,852.0,2383.0,2645.0,3137.0,1072.0,986.0,524.0,843.0,843.0,843.0
1.0,7534.0,2566.0,2530.0,1947.0,3205.0,948.0,1115.0,1142.0,844.0,843.0,843.0,861.0,852.0,853.0,2300.0,2386.0,2848.0,948.0,1115.0,1142.0,844.0,843.0,843.0
1.0,6915.0,2574.0,2530.0,2582.0,3197.0,739.0,990.0,1468.0,844.0,843.0,843.0,863.0,861.0,850.0,2428.0,2257.0,2230.0,739.0,990.0,1468.0,844.0,843.0,843.0
1.0,6923.0,2573.0,2530.0,3205.0,2565.0,650.0,739.0,1176.0,844.0,843.0,843.0,859.0,864.0,850.0,2637.0,2382.0,1904.0,650.0,739.0,1176.0,844.0,843.0,843.0
1.0,7555.0,2564.0,2530.0,3197.0,1932.0,769.0,605.0,558.0,844.0,843.0,843.0,858.0,856.0,850.0,2726.0,2633.0,2196.0,769.0,605.0,558.0,844.0,843.0,843.0
1.0,8188.0,2563.0,2530.0,2565.0,1930.0,985.0,718.0,227.0,844.0,843.0,843.0,866.0,852.0,845.0,2607.0,2767.0,2814.0,985.0,718.0,227.0,844.0,843.0,843.0
1.0,8190.0,2587.0,2531.0,1932.0,2589.0,1087.0,972.0,530.0,845.0,843.0,843.0,867.0,859.0,861.0,2391.0,2654.0,3145.0,1087.0,972.0,530.0,845.0,843.0,843.0
1.0,7535.0,2550.0,2531.0,1930.0,3209.0,956.0,1112.0,1141.0,845.0,843.0,843.0,854.0,858.0,838.0,2293.0,2400.0,2842.0,956.0,1112.0,1141.0,845.0,843.0,843.0
1.0,6915.0,2577.0,2531.0,2589.0,3197.0,739.0,987.0,1471.0,845.0,843.0,843.0,870.0,847.0,860.0,2424.0,2260.0,2231.0,739.0,987.0,1471.0,845.0,843.0,843.0
1.0,6927.0,2540.0,2532.0,3209.0,2532.0,632.0,730.0,1170.0,845.0,844.0,843.0,849.0,851.0,840.0,2641.0,2385.0,1901.0,632.0,730.0,1170.0,845.0,844.0,843.0
1.0,7596.0,2583.0,2533.0,3197.0,1922.0,763.0,605.0,554.0,846.0,844.0,843.0,866.0,862.0,855.0,2748.0,2646.0,2202.0,763.0,605.0,554.0,846.0,844.0,843.0
1.0,8210.0,2600.0,2533.0,2532.0,1990.0,1003.0,739.0,248.0,846.0,844.0,843.0,872.0,864.0,864.0,2621.0,2771.0,2818.0,1003.0,739.0,248.0,846.0,844.0,843.0
1.0,8142.0,2625.0,2536.0,1922.0,2705.0,1116.0,1019.0,570.0,847.0,845.0,844.0,872.0,881.0,872.0,2381.0,2637.0,3124.0,1116.0,1019.0,570.0,847.0,845.0,844.0
1.0,7439.0,2558.0,2537.0,1990.0,3277.0,969.0,1136.0,1172.0,847.0,846.0,844.0,856.0,852.0,850.0,2272.0,2361.0,2806.0,969.0,1136.0,1172.0,847.0,846.0,844.0
1.0,6871.0,2578.0,2538.0,2705.0,3154.0,723.0,976.0,1455.0,848.0,846.0,844.0,866.0,859.0,853.0,2419.0,2248.0,2204.0,723.0,976.0,1455.0,848.0,846.0,844.0
1.0,6998.0,2595.0,2540.0,3277.0,2480.0,620.0,700.0,1160.0,848.0,847.0,845.0,866.0,856.0,873.0,2669.0,2408.0,1921.0,620.0,700.0,1160.0,848.0,847.0,845.0
1.0,7680.0,2621.0,2542.0,3154.0,1955.0,775.0,602.0,578.0,849.0,848.0,845.0,874.0,874.0,873.0,2772.0,2688.0,2220.0,775.0,602.0,578.0,849.0,848.0,845.0
1.0,8213.0,2588.0,2542.0,2480.0,2063.0,1019.0,750.0,294.0,849.0,847.0,846.0,864.0,852.0,872.0,2621.0,2790.0,2802.0,1019.0,750.0,294.0,849.0,847.0,846.0
1.0,8105.0,2596.0,2543.0,1955.0,2708.0,1106.0,1016.0,586.0,849.0,848.0,846.0,862.0,864.0,870.0,2377.0,2638.0,3090.0,1106.0,1016.0,586.0,849.0,848.0,846.0
1.0,7464.0,2545.0,2544.0,2063.0,3194.0,941.0,1111.0,1142.0,850.0,848.0,846.0,850.0,845.0,850.0,2290.0,2376.0,2798.0,941.0,1111.0,1142.0,850.0,848.0,846.0
1.0,6982.0,2557.0,2544.0,2708.0,3043.0,690.0,955.0,1398.0,850.0,848.0,846.0,855.0,860.0,842.0,2459.0,2281.0,2242.0,690.0,955.0,1398.0,850.0,848.0,846.0
1.0,7133.0,2533.0,2545.0,3194.0,2386.0,595.0,694.0,1097.0,850.0,849.0,846.0,846.0,846.0,841.0,2710.0,2437.0,1986.0,595.0,694.0,1097.0,850.0,849.0,846.0
1.0,7794.0,2596.0,2546.0,3043.0,1943.0,763.0,599.0,581.0,850.0,849.0,847.0,858.0,860.0,878.0,2805.0,2702.0,2287.0,763.0,599.0,581.0,850.0,849.0,847.0
1.0,8241.0,2538.0,2549.0,2386.0,2107.0,1017.0,760.0,330.0,851.0,850.0,848.0,845.0,851.0,842.0,2637.0,2797.0,2807.0,1017.0,760.0,330.0,851.0,850.0,848.0
1.0,8089.0,2622.0,2549.0,1943.0,2786.0,1129.0,1028.0,629.0,851.0,850.0,848.0,875.0,867.0,880.0,2387.0,2640.0,3062.0,1129.0,1028.0,629.0,851.0,850.0,848.0
1.0,7410.0,2534.0,2550.0,2107.0,3217.0,958.0,1112.0,1147.0,852.0,850.0,848.0,842.0,844.0,848.0,2275.0,2372.0,2763.0,958.0,1112.0,1147.0,852.0,850.0,848.0
1.0,6983.0,2550.0,2551.0,2786.0,2985.0,677.0,932.0,1376.0,852.0,850.0,849.0,848.0,848.0,854.0,2450.0,2288.0,2245.0,677.0,932.0,1376.0,852.0,850.0,849.0
1.0,7219.0,2556.0,2552.0,3217.0,2328.0,572.0,662.0,1094.0,852.0,851.0,849.0,853.0,838.0,865.0,2731.0,2468.0,2020.0,572.0,662.0,1094.0,852.0,851.0,849.0
1.0,7880.0,2526.0,2552.0,2985.0,1869.0,729.0,571.0,569.0,852.0,851.0,849.0,834.0,841.0,851.0,2836.0,2742.0,2302.0,729.0,571.0,569.0,852.0,851.0,849.0
1.0,8339.0,2546.0,2553.0,2328.0,2091.0,1002.0,761.0,328.0,852.0,851.0,850.0,845.0,852.0,849.0,2679.0,2833.0,2827.0,1002.0,761.0,328.0,852.0,851.0,850.0
1.0,8121.0,2559.0,2554.0,1869.0,2785.0,1121.0,1044.0,620.0,853.0,851.0,850.0,844.0,854.0,861.0,2406.0,2643.0,3072.0,1121.0,1044.0,620.0,853.0,851.0,850.0
1.0,7431.0,2559.0,2555.0,2091.0,3257.0,965.0,1130.0,1162.0,853.0,851.0,851.0,846.0,847.0,866.0,2291.0,2360.0,2780.0,965.0,1130.0,1162.0,853.0,851.0,851.0
1.0,6963.0,2547.0,2556.0,2785.0,3023.0,695.0,934.0,1394.0,853.0,852.0,851.0,851.0,844.0,852.0,2447.0,2274.0,2242.0,695.0,934.0,1394.0,853.0,852.0,851.0
1.0,7201.0,2590.0,2558.0,3257.0,2364.0,592.0,662.0,1110.0,854.0,852.0,852.0,858.0,858.0,874.0,2717.0,2474.0,2010.0,592.0,662.0,1110.0,854.0,852.0,852.0
1.0,7868.0,2583.0,2559.0,3023.0,1928.0,749.0,600.0,579.0,854.0,853.0,852.0,852.0,868.0,863.0,2824.0,2746.0,2298.0,749.0,600.0,579.0,854.0,853.0,852.0
1.0,8308.0,2558.0,2559.0,2364.0,2122.0,1008.0,787.0,327.0,854.0,853.0,852.0,851.0,849.0,858.0,2667.0,2812.0,2829.0,1008.0,787.0,327.0,854.0,853.0,852.0
1.0,8114.0,2573.0,2560.0,1928.0,2771.0,1111.0,1039.0,621.0,854.0,853.0,853.0,852.0,852.0,869.0,2408.0,2625.0,3081.0,1111.0,1039.0,621.0,854.0,853.0,853.0
1.0,7469.0,2579.0,2563.0,2122.0,3240.0,956.0,1120.0,1164.0,855.0,854.0,854.0,849.0,864.0,866.0,2305.0,2373.0,2791.0,956.0,1120.0,1164.0,855.0,854.0,854.0
1.0,7012.0,2604.0,2563.0,2771.0,3073.0,711.0,953.0,1409.0,855.0,854.0,854.0,866.0,872.0,866.0,2464.0,2296.0,2252.0,711.0,953.0,1409.0,855.0,854.0,854.0
1.0,7179.0,2577.0,2563.0,3240.0,2410.0,600.0,702.0,1108.0,854.0,855.0,854.0,849.0,865.0,863.0,2709.0,2463.0,2007.0,600.0,702.0,1108.0,854.0,855.0,854.0
1.0,7842.0,2551.0,2565.0,3073.0,1896.0,742.0,597.0,557.0,855.0,855.0,855.0,849.0,848.0,854.0,2816.0,2718.0,2308.0,742.0,597.0,557.0,855.0,855.0,855.0
1.0,8364.0,2512.0,2565.0,2410.0,1998.0,983.0,723.0,292.0,855.0,855.0,855.0,841.0,828.0,843.0,2678.0,2823.0,2863.0,983.0,723.0,292.0,855.0,855.0,855.0
1.0,8262.0,2561.0,2565.0,1896.0,2663.0,1090.0,980.0,593.0,855.0,855.0,855.0,849.0,854.0,858.0,2437.0,2697.0,3128.0,1090.0,980.0,593.0,855.0,855.0,855.0
1.0,7597.0,2587.0,2566.0,1998.0,3256.0,963.0,1125.0,1168.0,855.0,855.0,856.0,856.0,868.0,863.0,2330.0,2440.0,2827.0,963.0,1125.0,1168.0,855.0,855.0,856.0
1.0,7008.0,2565.0,2566.0,2663.0,3158.0,730.0,994.0,1434.0,855.0,855.0,856.0,857.0,849.0,859.0,2457.0,2295.0,2256.0,730.0,994.0,1434.0,855.0,855.0,856.0
1.0,7106.0,2547.0,2566.0,3256.0,2449.0,610.0,715.0,1124.0,855.0,855.0,856.0,843.0,846.0,858.0,2690.0,2426.0,1990.0,610.0,715.0,1124.0,855.0,855.0,856.0
1.0,7815.0,2592.0,2568.0,3158.0,1891.0,752.0,581.0,558.0,856.0,855.0,857.0,868.0,860.0,864.0,2810.0,2705.0,2300.0,752.0,581.0,558.0,856.0,855.0,857.0
1.0,8381.0,2579.0,2569.0,2449.0,2025.0,992.0,730.0,303.0,856.0,856.0,857.0,850.0,860.0,869.0,2672.0,2839.0,2870.0,992.0,730.0,303.0,856.0,856.0,857.0
1.0,8251.0,2601.0,2570.0,1891.0,2739.0,1104.0,1010.0,625.0,856.0,856.0,858.0,864.0,861.0,876.0,2432.0,2694.0,3125.0,1104.0,1010.0,625.0,856.0,856.0,858.0
1.0,7541.0,2581.0,2570.0,2025.0,3295.0,977.0,1139.0,1179.0,856.0,856.0,858.0,865.0,859.0,857.0,2320.0,2414.0,2807.0,977.0,1139.0,1179.0,856.0,856.0,858.0
1.0,6985.0,2569.0,2570.0,2739.0,3125.0,732.0,990.0,1403.0,856.0,856.0,858.0,859.0,861.0,849.0,2447.0,2285.0,2253.0,732.0,990.0,1403.0,856.0,856.0,858.0
1.0,7155.0,2574.0,2570.0,3295.0,2404.0,610.0,710.0,1084.0,856.0,856.0,858.0,855.0,859.0,860.0,2692.0,2434.0,2029.0,610.0,710.0,1084.0,856.0,856.0,858.0
1.0,7876.0,2562.0,2570.0,3125.0,1841.0,736.0,573.0,532.0,856.0,856.0,858.0,858.0,853.0,851.0,2814.0,2714.0,2348.0,736.0,573.0,532.0,856.0,856.0,858.0
1.0,8439.0,2578.0,2570.0,2404.0,2015.0,993.0,716.0,306.0,856.0,856.0,858.0,867.0,853.0,858.0,2688.0,2851.0,2900.0,993.0,716.0,306.0,856.0,856.0,858.0
1.0,8265.0,2587.0,2571.0,1841.0,2765.0,1121.0,1004.0,640.0,856.0,856.0,859.0,864.0,861.0,862.0,2431.0,2708.0,3126.0,1121.0,1004.0,640.0,856.0,856.0,859.0
1.0,7519.0,2601.0,2572.0,2015.0,3355.0,1002.0,1150.0,1203.0,857.0,856.0,859.0,870.0,862.0,869.0,2303.0,2420.0,2796.0,1002.0,1150.0,1203.0,857.0,856.0,859.0
1.0,6933.0,2605.0,2572.0,2765.0,3195.0,751.0,1014.0,1430.0,857.0,856.0,859.0,870.0,868.0,867.0,2426.0,2274.0,2233.0,751.0,1014.0,1430.0,857.0,856.0,859.0
1.0,7093.0,2590.0,2572.0,3355.0,2430.0,624.0,725.0,1081.0,857.0,856.0,859.0,875.0,861.0,854.0,2677.0,2410.0,2006.0,624.0,725.0,1081.0,857.0,856.0,859.0
1.0,7858.0,2556.0,2572.0,3195.0,1791.0,735.0,561.0,495.0,857.0,856.0,859.0,862.0,850.0,844.0,2804.0,2699.0,2355.0,735.0,561.0,495.0,857.0,856.0,859.0
1.0,8497.0,2608.0,2573.0,2430.0,1973.0,974.0,710.0,289.0,857.0,856.0,860.0,863.0,874.0,871.0,2693.0,2863.0,2941.0,974.0,710.0,289.0,857.0,856.0,860.0
1.0,8319.0,2603.0,2574.0,1791.0,2789.0,1112.0,1018.0,659.0,857.0,857.0,860.0,873.0,865.0,865.0,2454.0,2714.0,3151.0,1112.0,1018.0,659.0,857.0,857.0,860.0
1.0,7507.0,2634.0,2575.0,1973.0,3454.0,1021.0,1190.0,1243.0,858.0,857.0,860.0,879.0,882.0,873.0,2316.0,2410.0,2781.0,1021.0,1190.0,1243.0,858.0,857.0,860.0
1.0,6846.0,2608.0,2576.0,2789.0,3277.0,781.0,1057.0,1439.0,858.0,858.0,860.0,872.0,881.0,855.0,2411.0,2238.0,2197.0,781.0,1057.0,1439.0,858.0,858.0,860.0
1.0,7027.0,2617.0,2577.0,3454.0,2444.0,632.0,738.0,1074.0,858.0,858.0,861.0,872.0,871.0,874.0,2651.0,2375.0,2001.0,632.0,738.0,1074.0,858.0,858.0,861.0
1.0,7864.0,2625.0,2577.0,3277.0,1792.0,730.0,562.0,500.0,858.0,858.0,861.0,879.0,881.0,865.0,2800.0,2694.0,2370.0,730.0,562.0,500.0,858.0,858.0,861.0
1.0,8516.0,2585.0,2577.0,2444.0,1933.0,965.0,691.0,277.0,858.0,858.0,861.0,867.0,867.0,851.0,2702.0,2870.0,2944.0,965.0,691.0,277.0,858.0,858.0,861.0
1.0,8375.0,2623.0,2578.0,1792.0,2768.0,1127.0,1011.0,630.0,859.0,858.0,861.0,888.0,882.0,853.0,2467.0,2741.0,3167.0,1127.0,1011.0,630.0,859.0,858.0,861.0
1.0,7544.0,2614.0,2578.0,1933.0,3449.0,1042.0,1198.0,1209.0,859.0,859.0,860.0,880.0,874.0,860.0,2309.0,2421.0,2814.0,1042.0,1198.0,1209.0,859.0,859.0,860.0
1.0,6863.0,2604.0,2578.0,2768.0,3285.0,793.0,1062.0,1430.0,859.0,859.0,860.0,878.0,875.0,851.0,2394.0,2238.0,2231.0,793.0,1062.0,1430.0,859.0,859.0,860.0
1.0,7027.0,2596.0,2577.0,3449.0,2428.0,617.0,742.0,1069.0,859.0,859.0,859.0,866.0,878.0,852.0,2643.0,2374.0,2010.0,617.0,742.0,1069.0,859.0,859.0,859.0
1.0,7880.0,2671.0,2580.0,3285.0,1826.0,730.0,572.0,524.0,860.0,860.0,860.0,902.0,888.0,881.0,2819.0,2694.0,2367.0,730.0,572.0,524.0,860.0,860.0,860.0
1.0,8494.0,2629.0,2580.0,2428.0,2027.0,989.0,711.0,327.0,860.0,860.0,860.0,876.0,881.0,872.0,2710.0,2868.0,2916.0,989.0,711.0,327.0,860.0,860.0,860.0
1.0,8293.0,2564.0,2580.0,1826.0,2765.0,1122.0,995.0,648.0,860.0,860.0,860.0,863.0,856.0,845.0,2451.0,2729.0,3113.0,1122.0,995.0,648.0,860.0,860.0,860.0
1.0,7555.0,2540.0,2581.0,2027.0,3282.0,989.0,1136.0,1157.0,861.0,860.0,860.0,852.0,852.0,836.0,2318.0,2445.0,2792.0,989.0,1136.0,1157.0,861.0,860.0,860.0
1.0,7042.0,2576.0,2581.0,2765.0,3093.0,728.0,1001.0,1364.0,861.0,860.0,860.0,861.0,860.0,855.0,2455.0,2304.0,2283.0,728.0,1001.0,1364.0,861.0,860.0,860.0
1.0,7231.0,2609.0,2582.0,3282.0,2424.0,619.0,738.0,1067.0,861.0,861.0,860.0,880.0,869.0,860.0,2716.0,2439.0,2076.0,619.0,738.0,1067.0,861.0,861.0,860.0
1.0,7904.0,2575.0,2581.0,3093.0,1902.0,751.0,605.0,546.0,861.0,861.0,859.0,860.0,868.0,847.0,2825.0,2706.0,2373.0,751.0,605.0,546.0,861.0,861.0,859.0
1.0,8422.0,2589.0,2582.0,2424.0,2071.0,993.0,734.0,344.0,861.0,861.0,860.0,861.0,867.0,861.0,2693.0,2839.0,2890.0,993.0,734.0,344.0,861.0,861.0,860.0
1.0,8257.0,2613.0,2584.0,1902.0,2790.0,1117.0,1008.0,665.0,862.0,862.0,860.0,871.0,875.0,867.0,2451.0,2710.0,3096.0,1117.0,1008.0,665.0,862.0,862.0,860.0
1.0,7546.0,2563.0,2584.0,2071.0,3282.0,980.0,1125.0,1177.0,862.0,862.0,860.0,856.0,851.0,856.0,2331.0,2440.0,2775.0,980.0,1125.0,1177.0,862.0,862.0,860.0
1.0,7054.0,2578.0,2584.0,2790.0,3070.0,723.0,977.0,1370.0,862.0,862.0,860.0,860.0,860.0,858.0,2468.0,2323.0,2263.0,723.0,977.0,1370.0,862.0,862.0,860.0
1.0,7266.0,2619.0,2586.0,3282.0,2415.0,612.0,737.0,1066.0,863.0,863.0,860.0,865.0,881.0,873.0,2725.0,2471.0,2070.0,612.0,737.0,1066.0,863.0,863.0,860.0
1.0,7929.0,2583.0,2586.0,3070.0,1928.0,743.0,629.0,556.0,863.0,863.0,860.0,854.0,869.0,860.0,2840.0,2715.0,2374.0,743.0,629.0,556.0,863.0,863.0,860.0
1.0,8416.0,2635.0,2588.0,2415.0,2156.0,1027.0,764.0,365.0,864.0,864.0,860.0,892.0,868.0,875.0,2709.0,2823.0,2884.0,1027.0,764.0,365.0,864.0,864.0,860.0
1.0,8196.0,2547.0,2588.0,1928.0,2775.0,1126.0,992.0,657.0,864.0,864.0,860.0,842.0,857.0,848.0,2429.0,2692.0,3075.0,1126.0,992.0,657.0,864.0,864.0,860.0
1.0,7577.0,2629.0,2588.0,2156.0,3248.0,973.0,1104.0,1171.0,864.0,864.0,860.0,874.0,876.0,879.0,2330.0,2464.0,2783.0,973.0,1104.0,1171.0,864.0,864.0,860.0
1.0,7104.0,2576.0,2589.0,2775.0,3053.0,703.0,962.0,1388.0,864.0,864.0,861.0,856.0,850.0,870.0,2483.0,2352.0,2269.0,703.0,962.0,1388.0,864.0,864.0,861.0
1.0,7303.0,2641.0,2590.0,3248.0,2450.0,610.0,739.0,1101.0,865.0,864.0,861.0,876.0,881.0,884.0,2753.0,2494.0,2056.0,610.0,739.0,1101.0,865.0,864.0,861.0
1.0,7910.0,2607.0,2591.0,3053.0,2008.0,764.0,655.0,589.0,865.0,865.0,861.0,857.0,874.0,876.0,2850.0,2717.0,2343.0,764.0,655.0,589.0,865.0,865.0,861.0
1.0,8356.0,2572.0,2591.0,2450.0,2130.0,1002.0,774.0,354.0,865.0,865.0,861.0,848.0,858.0,866.0,2696.0,2805.0,2855.0,1002.0,774.0,354.0,865.0,865.0,861.0
1.0,8234.0,2616.0,2591.0,2008.0,2738.0,1107.0,988.0,643.0,865.0,865.0,861.0,869.0,869.0,878.0,2458.0,2686.0,3090.0,1107.0,988.0,643.0,865.0,865.0,861.0
1.0,7626.0,2573.0,2591.0,2130.0,3181.0,962.0,1081.0,1138.0,865.0,865.0,861.0,857.0,867.0,849.0,2353.0,2472.0,2801.0,962.0,1081.0,1138.0,865.0,865.0,861.0
1.0,7183.0,2526.0,2590.0,2738.0,2965.0,693.0,923.0,1349.0,865.0,864.0,861.0,838.0,834.0,854.0,2498.0,2379.0,2306.0,693.0,923.0,1349.0,865.0,864.0,861.0
1.0,7395.0,2574.0,2592.0,3181.0,2366.0,589.0,701.0,1076.0,865.0,865.0,862.0,858.0,855.0,861.0,2767.0,2533.0,2095.0,589.0,701.0,1076.0,865.0,865.0,862.0
1.0,8002.0,2633.0,2593.0,2965.0,2038.0,767.0,667.0,604.0,865.0,866.0,862.0,871.0,885.0,877.0,2871.0,2759.0,2372.0,767.0,667.0,604.0,865.0,866.0,862.0
1.0,8334.0,2611.0,2593.0,2366.0,2283.0,1050.0,823.0,410.0,866.0,865.0,862.0,868.0,861.0,882.0,2693.0,2797.0,2844.0,1050.0,823.0,410.0,866.0,865.0,862.0
1.0,8089.0,2594.0,2594.0,2038.0,2843.0,1144.0,1021.0,678.0,866.0,866.0,862.0,861.0,861.0,872.0,2414.0,2637.0,3038.0,1144.0,1021.0,678.0,866.0,866.0,862.0
1.0,7533.0,2637.0,2595.0,2283.0,3201.0,966.0,1076.0,1159.0,866.0,866.0,863.0,872.0,878.0,887.0,2320.0,2443.0,2770.0,966.0,1076.0,1159.0,866.0,866.0,863.0
1.0,7179.0,2581.0,2595.0,2843.0,2939.0,675.0,915.0,1349.0,866.0,866.0,863.0,853.0,860.0,868.0,2498.0,2388.0,2293.0,675.0,915.0,1349.0,866.0,866.0,863.0
1.0,7441.0,2606.0,2596.0,3201.0,2348.0,573.0,717.0,1058.0,866.0,867.0,863.0,864.0,874.0,868.0,2789.0,2549.0,2103.0,573.0,717.0,1058.0,866.0,867.0,863.0
1.0,8036.0,2611.0,2596.0,2939.0,2020.0,773.0,662.0,585.0,866.0,867.0,863.0,875.0,860.0,876.0,2891.0,2751.0,2394.0,773.0,662.0,585.0,866.0,867.0,863.0
1.0,8364.0,2609.0,2597.0,2348.0,2285.0,1067.0,809.0,409.0,866.0,867.0,864.0,867.0,864.0,878.0,2691.0,2806.0,2867.0,1067.0,809.0,409.0,866.0,867.0,864.0
1.0,8103.0,2593.0,2597.0,2020.0,2858.0,1155.0,1007.0,696.0,866.0,867.0,864.0,861.0,860.0,872.0,2397.0,2659.0,3047.0,1155.0,1007.0,696.0,866.0,867.0,864.0
1.0,7530.0,2623.0,2598.0,2285.0,3200.0,952.0,1080.0,1168.0,867.0,867.0,864.0,860.0,882.0,881.0,2309.0,2461.0,2760.0,952.0,1080.0,1168.0,867.0,867.0,864.0
1.0,7192.0,2604.0,2599.0,2858.0,2950.0,654.0,946.0,1350.0,867.0,867.0,865.0,857.0,873.0,874.0,2516.0,2388.0,2288.0,654.0,946.0,1350.0,867.0,867.0,865.0
1.0,7446.0,2672.0,2601.0,3200.0,2430.0,583.0,761.0,1086.0,867.0,868.0,866.0,881.0,891.0,900.0,2814.0,2522.0,2110.0,583.0,761.0,1086.0,867.0,868.0,866.0
1.0,7974.0,2580.0,2601.0,2950.0,2060.0,779.0,666.0,615.0,867.0,868.0,866.0,850.0,851.0,879.0,2885.0,2711.0,2378.0,779.0,666.0,615.0,867.0,868.0,866.0
1.0,8344.0,2613.0,2601.0,2430.0,2243.0,1072.0,766.0,405.0,867.0,868.0,866.0,876.0,861.0,876.0,2689.0,2806.0,2849.0,1072.0,766.0,405.0,867.0,868.0,866.0
1.0,8161.0,2607.0,2601.0,2060.0,2790.0,1160.0,971.0,659.0,867.0,868.0,866.0,867.0,871.0,869.0,2396.0,2706.0,3059.0,1160.0,971.0,659.0,867.0,868.0,866.0
1.0,7614.0,2606.0,2601.0,2243.0,3153.0,950.0,1063.0,1140.0,866.0,868.0,867.0,866.0,858.0,882.0,2308.0,2501.0,2805.0,950.0,1063.0,1140.0,866.0,868.0,867.0
1.0,7251.0,2624.0,2602.0,2790.0,2991.0,672.0,956.0,1363.0,867.0,868.0,867.0,878.0,864.0,882.0,2514.0,2409.0,2328.0,672.0,956.0,1363.0,867.0,868.0,867.0
1.0,7417.0,2606.0,2602.0,3153.0,2444.0,591.0,756.0,1097.0,867.0,868.0,867.0,869.0,863.0,874.0,2796.0,2516.0,2105.0,591.0,756.0,1097.0,867.0,868.0,867.0
1.0,7964.0,2690.0,2604.0,2991.0,2151.0,822.0,694.0,635.0,867.0,869.0,868.0,903.0,890.0,897.0,2877.0,2716.0,2371.0,822.0,694.0,635.0,867.0,869.0,868.0
1.0,8265.0,2603.0,2603.0,2444.0,2306.0,1104.0,789.0,413.0,867.0,868.0,868.0,873.0,855.0,875.0,2646.0,2782.0,2837.0,1104.0,789.0,413.0,867.0,868.0,868.0
1.0,8106.0,2621.0,2604.0,2151.0,2780.0,1159.0,962.0,659.0,867.0,868.0,869.0,877.0,867.0,877.0,2364.0,2683.0,3059.0,1159.0,962.0,659.0,867.0,868.0,869.0
1.0,7636.0,2632.0,2605.0,2306.0,3110.0,939.0,1042.0,1129.0,868.0,868.0,869.0,880.0,869.0,883.0,2309.0,2510.0,2817.0,939.0,1042.0,1129.0,868.0,868.0,869.0
1.0,7310.0,2641.0,2605.0,2780.0,2971.0,664.0,956.0,1351.0,868.0,868.0,869.0,884.0,876.0,881.0,2533.0,2430.0,2347.0,664.0,956.0,1351.0,868.0,868.0,869.0
1.0,7449.0,2614.0,2605.0,3110.0,2475.0,593.0,786.0,1096.0,868.0,868.0,869.0,868.0,872.0,874.0,2808.0,2516.0,2125.0,593.0,786.0,1096.0,868.0,868.0,869.0
1.0,7945.0,2644.0,2606.0,2971.0,2152.0,807.0,712.0,633.0,868.0,868.0,870.0,878.0,882.0,884.0,2879.0,2686.0,2380.0,807.0,712.0,633.0,868.0,868.0,870.0
1.0,8272.0,2659.0,2607.0,2475.0,2340.0,1094.0,815.0,431.0,868.0,868.0,871.0,880.0,889.0,890.0,2665.0,2760.0,2847.0,1094.0,815.0,431.0,868.0,868.0,871.0
1.0,8088.0,2674.0,2608.0,2152.0,2866.0,1175.0,986.0,705.0,868.0,868.0,872.0,888.0,883.0,903.0,2378.0,2657.0,3053.0,1175.0,986.0,705.0,868.0,868.0,872.0
1.0,7566.0,2630.0,2608.0,2340.0,3156.0,962.0,1042.0,1152.0,868.0,868.0,872.0,881.0,871.0,878.0,2297.0,2486.0,2783.0,962.0,1042.0,1152.0,868.0,868.0,872.0
1.0,7276.0,2663.0,2608.0,2866.0,2953.0,677.0,948.0,1328.0,868.0,868.0,872.0,890.0,892.0,881.0,2510.0,2430.0,2336.0,677.0,948.0,1328.0,868.0,868.0,872.0
1.0,7479.0,2609.0,2608.0,3156.0,2406.0,599.0,763.0,1044.0,868.0,868.0,872.0,884.0,857.0,868.0,2795.0,2524.0,2160.0,599.0,763.0,1044.0,868.0,868.0,872.0
1.0,8026.0,2639.0,2609.0,2953.0,2096.0,801.0,694.0,601.0,868.0,868.0,873.0,879.0,879.0,881.0,2873.0,2709.0,2444.0,801.0,694.0,601.0,868.0,868.0,873.0
1.0,8340.0,2603.0,2610.0,2406.0,2297.0,1075.0,799.0,423.0,869.0,868.0,873.0,869.0,868.0,866.0,2671.0,2778.0,2891.0,1075.0,799.0,423.0,869.0,868.0,873.0
1.0,8143.0,2667.0,2612.0,2096.0,2876.0,1175.0,992.0,709.0,869.0,869.0,874.0,901.0,883.0,883.0,2401.0,2673.0,3069.0,1175.0,992.0,709.0,869.0,869.0,874.0
1.0,7572.0,2659.0,2613.0,2297.0,3242.0,999.0,1073.0,1170.0,870.0,869.0,874.0,895.0,880.0,884.0,2301.0,2484.0,2787.0,999.0,1073.0,1170.0,870.0,869.0,874.0
1.0,7210.0,2626.0,2614.0,2876.0,2996.0,701.0,957.0,1338.0,870.0,869.0,875.0,877.0,876.0,873.0,2481.0,2403.0,2326.0,701.0,957.0,1338.0,870.0,869.0,875.0
1.0,7460.0,2607.0,2614.0,3242.0,2361.0,572.0,754.0,1035.0,870.0,869.0,875.0,870.0,870.0,867.0,2779.0,2519.0,2162.0,572.0,754.0,1035.0,870.0,869.0,875.0
1.0,8095.0,2654.0,2615.0,2996.0,2023.0,755.0,691.0,577.0,870.0,870.0,875.0,884.0,890.0,880.0,2908.0,2722.0,2465.0,755.0,691.0,577.0,870.0,870.0,875.0
1.0,8437.0,2628.0,2616.0,2361.0,2294.0,1069.0,812.0,413.0,871.0,870.0,875.0,882.0,875.0,871.0,2725.0,2789.0,2923.0,1069.0,812.0,413.0,871.0,870.0,875.0
1.0,8170.0,2615.0,2617.0,2023.0,2890.0,1187.0,999.0,704.0,871.0,870.0,876.0,873.0,878.0,864.0,2415.0,2668.0,3087.0,1187.0,999.0,704.0,871.0,870.0,876.0
1.0,7578.0,2641.0,2617.0,2294.0,3237.0,996.0,1069.0,1172.0,871.0,870.0,876.0,878.0,882.0,881.0,2297.0,2481.0,2800.0,996.0,1069.0,1172.0,871.0,870.0,876.0
1.0,7231.0,2605.0,2618.0,2890.0,2956.0,680.0,945.0,1331.0,872.0,870.0,876.0,867.0,875.0,863.0,2488.0,2411.0,2332.0,680.0,945.0,1331.0,872.0,870.0,876.0
1.0,7516.0,2610.0,2618.0,3237.0,2329.0,547.0,758.0,1024.0,871.0,871.0,876.0,867.0,878.0,865.0,2808.0,2535.0,2173.0,547.0,758.0,1024.0,871.0,871.0,876.0
1.0,8143.0,2629.0,2619.0,2956.0,2006.0,744.0,693.0,569.0,872.0,871.0,876.0,873.0,880.0,876.0,2937.0,2726.0,2480.0,744.0,693.0,569.0,872.0,871.0,876.0
1.0,8470.0,2637.0,2619.0,2329.0,2314.0,1076.0,816.0,422.0,872.0,871.0,876.0,879.0,881.0,877.0,2744.0,2791.0,2935.0,1076.0,816.0,422.0,872.0,871.0,876.0
1.0,8162.0,2624.0,2620.0,2006.0,2936.0,1203.0,1009.0,724.0,872.0,872.0,876.0,871.0,882.0,871.0,2412.0,2668.0,3082.0,1203.0,1009.0,724.0,872.0,872.0,876.0
1.0,7544.0,2654.0,2620.0,2314.0,3276.0,1015.0,1082.0,1179.0,872.0,872.0,876.0,888.0,889.0,877.0,2285.0,2479.0,2780.0,1015.0,1082.0,1179.0,872.0,872.0,876.0
1.0,7204.0,2612.0,2620.0,2936.0,2952.0,675.0,952.0,1325.0,872.0,872.0,876.0,863.0,879.0,870.0,2473.0,2406.0,2325.0,675.0,952.0,1325.0,872.0,872.0,876.0
1.0,7528.0,2585.0,2621.0,3276.0,2265.0,524.0,737.0,1004.0,873.0,872.0,876.0,860.0,867.0,858.0,2813.0,2536.0,2179.0,524.0,737.0,1004.0,873.0,872.0,876.0
1.0,8219.0,2581.0,2620.0,2952.0,1890.0,718.0,649.0,523.0,873.0,872.0,875.0,869.0,864.0,848.0,2968.0,2751.0,2500.0,718.0,649.0,523.0,873.0,872.0,875.0
1.0,8590.0,2650.0,2622.0,2265.0,2283.0,1073.0,806.0,404.0,873.0,873.0,876.0,879.0,890.0,881.0,2774.0,2839.0,2977.0,1073.0,806.0,404.0,873.0,873.0,876.0
1.0,8205.0,2610.0,2623.0,1890.0,3007.0,1230.0,1029.0,748.0,874.0,873.0,876.0,871.0,872.0,867.0,2419.0,2686.0,3100.0,1230.0,1029.0,748.0,874.0,873.0,876.0
1.0,7485.0,2602.0,2624.0,2283.0,3330.0,1023.0,1100.0,1207.0,874.0,874.0,876.0,866.0,873.0,863.0,2266.0,2463.0,2756.0,1023.0,1100.0,1207.0,874.0,874.0,876.0
1.0,7166.0,2610.0,2624.0,3007.0,2933.0,659.0,948.0,1326.0,874.0,874.0,876.0,866.0,877.0,867.0,2473.0,2396.0,2297.0,659.0,948.0,1326.0,874.0,874.0,876.0
1.0,7563.0,2648.0,2624.0,3330.0,2251.0,523.0,734.0,994.0,874.0,874.0,876.0,887.0,886.0,875.0,2837.0,2548.0,2178.0,523.0,734.0,994.0,874.0,874.0,876.0
1.0,8245.0,2622.0,2624.0,2933.0,1940.0,732.0,664.0,544.0,874.0,874.0,876.0,868.0,878.0,876.0,2973.0,2762.0,2510.0,732.0,664.0,544.0,874.0,874.0,876.0
1.0,8556.0,2650.0,2625.0,2251.0,2343.0,1090.0,822.0,431.0,874.0,875.0,876.0,881.0,888.0,881.0,2764.0,2832.0,2960.0,1090.0,822.0,431.0,874.0,875.0,876.0
1.0,8157.0,2650.0,2626.0,1940.0,3057.0,1231.0,1051.0,775.0,875.0,875.0,876.0,869.0,893.0,888.0,2406.0,2678.0,3073.0,1231.0,1051.0,775.0,875.0,875.0,876.0
1.0,7447.0,2596.0,2626.0,2343.0,3310.0,1008.0,1104.0,1198.0,875.0,875.0,876.0,867.0,875.0,854.0,2269.0,2449.0,2729.0,1008.0,1104.0,1198.0,875.0,875.0,876.0
1.0,7194.0,2630.0,2627.0,3057.0,2887.0,657.0,941.0,1289.0,875.0,876.0,876.0,880.0,884.0,866.0,2492.0,2396.0,2306.0,657.0,941.0,1289.0,875.0,876.0,876.0
1.0,7621.0,2620.0,2627.0,3310.0,2197.0,513.0,718.0,966.0,875.0,876.0,876.0,864.0,881.0,875.0,2843.0,2563.0,2215.0,513.0,718.0,966.0,875.0,876.0,876.0
1.0,8311.0,2657.0,2627.0,2887.0,1967.0,742.0,660.0,565.0,875.0,876.0,876.0,886.0,883.0,888.0,2987.0,2786.0,2538.0,742.0,660.0,565.0,875.0,876.0,876.0
1.0,8541.0,2677.0,2629.0,2197.0,2455.0,1120.0,843.0,492.0,876.0,877.0,876.0,887.0,897.0,893.0,2758.0,2844.0,2939.0,1120.0,843.0,492.0,876.0,877.0,876.0
1.0,8061.0,2649.0,2629.0,1967.0,3137.0,1261.0,1071.0,805.0,876.0,877.0,876.0,883.0,888.0,878.0,2384.0,2665.0,3012.0,1261.0,1071.0,805.0,876.0,877.0,876.0
1.0,7379.0,2614.0,2629.0,2455.0,3296.0,1002.0,1110.0,1184.0,876.0,877.0,876.0,861.0,882.0,871.0,2243.0,2437.0,2699.0,1002.0,1110.0,1184.0,876.0,877.0,876.0
1.0,7220.0,2661.0,2630.0,3137.0,2824.0,640.0,922.0,1262.0,877.0,877.0,876.0,895.0,883.0,883.0,2502.0,2398.0,2320.0,640.0,922.0,1262.0,877.0,877.0,876.0
1.0,7696.0,2611.0,2631.0,3296.0,2143.0,499.0,695.0,949.0,877.0,878.0,876.0,861.0,879.0,871.0,2868.0,2586.0,2242.0,499.0,695.0,949.0,877.0,878.0,876.0
1.0,8381.0,2654.0,2631.0,2824.0,1973.0,738.0,671.0,564.0,877.0,878.0,876.0,879.0,898.0,877.0,3009.0,2817.0,2555.0,738.0,671.0,564.0,877.0,878.0,876.0
1.0,8551.0,2637.0,2632.0,2143.0,2471.0,1116.0,858.0,497.0,877.0,879.0,876.0,877.0,878.0,882.0,2770.0,2841.0,2940.0,1116.0,858.0,497.0,877.0,879.0,876.0
1.0,8057.0,2667.0,2632.0,1973.0,3165.0,1261.0,1077.0,827.0,877.0,879.0,876.0,883.0,890.0,894.0,2392.0,2658.0,3007.0,1261.0,1077.0,827.0,877.0,879.0,876.0
1.0,7363.0,2672.0,2634.0,2471.0,3374.0,1044.0,1111.0,1219.0,878.0,880.0,876.0,895.0,888.0,889.0,2247.0,2439.0,2677.0,1044.0,1111.0,1219.0,878.0,880.0,876.0
1.0,7162.0,2683.0,2633.0,3165.0,2888.0,666.0,930.0,1292.0,877.0,880.0,876.0,887.0,896.0,900.0,2468.0,2409.0,2285.0,666.0,930.0,1292.0,877.0,880.0,876.0
1.0,7644.0,2648.0,2634.0,3374.0,2166.0,502.0,699.0,965.0,877.0,880.0,877.0,880.0,880.0,888.0,2842.0,2590.0,2212.0,502.0,699.0,965.0,877.0,880.0,877.0
1.0,8370.0,2643.0,2635.0,2888.0,1925.0,728.0,646.0,551.0,878.0,880.0,877.0,888.0,877.0,878.0,3006.0,2821.0,2543.0,728.0,646.0,551.0,878.0,880.0,877.0
1.0,8615.0,2616.0,2634.0,2166.0,2371.0,1088.0,827.0,456.0,877.0,881.0,876.0,866.0,876.0,874.0,2784.0,2874.0,2957.0,1088.0,827.0,456.0,877.0,881.0,876.0
1.0,8165.0,2690.0,2636.0,1925.0,3144.0,1263.0,1073.0,808.0,878.0,881.0,877.0,899.0,892.0,899.0,2420.0,2697.0,3048.0,1263.0,1073.0,808.0,878.0,881.0,877.0
1.0,7400.0,2673.0,2636.0,2371.0,3446.0,1065.0,1130.0,1251.0,878.0,881.0,877.0,890.0,884.0,899.0,2249.0,2451.0,2700.0,1065.0,1130.0,1251.0,878.0,881.0,877.0
1.0,7098.0,2682.0,2637.0,3144.0,2988.0,694.0,948.0,1346.0,878.0,881.0,878.0,892.0,891.0,899.0,2447.0,2394.0,2257.0,694.0,948.0,1346.0,878.0,881.0,878.0
1.0,7560.0,2650.0,2636.0,3446.0,2188.0,513.0,696.0,979.0,878.0,881.0,877.0,884.0,878.0,888.0,2818.0,2576.0,2166.0,513.0,696.0,979.0,878.0,881.0,877.0
1.0,8356.0,2697.0,2638.0,2988.0,1905.0,729.0,635.0,541.0,879.0,881.0,878.0,906.0,887.0,904.0,2999.0,2828.0,2529.0,729.0,635.0,541.0,879.0,881.0,878.0
1.0,8647.0,2639.0,2638.0,2188.0,2356.0,1097.0,812.0,447.0,879.0,881.0,878.0,881.0,873.0,885.0,2787.0,2889.0,2971.0,1097.0,812.0,447.0,879.0,881.0,878.0
1.0,8196.0,2633.0,2638.0,1905.0,3084.0,1245.0,1049.0,790.0,879.0,881.0,878.0,877.0,872.0,884.0,2419.0,2712.0,3065.0,1245.0,1049.0,790.0,879.0,881.0,878.0
1.0,7468.0,2673.0,2638.0,2356.0,3401.0,1034.0,1120.0,1247.0,879.0,881.0,878.0,886.0,883.0,904.0,2271.0,2475.0,2722.0,1034.0,1120.0,1247.0,879.0,881.0,878.0
1.0,7151.0,2706.0,2640.0,3084.0,3031.0,695.0,965.0,1371.0,879.0,882.0,879.0,906.0,890.0,910.0,2482.0,2404.0,2265.0,695.0,965.0,1371.0,879.0,882.0,879.0
1.0,7529.0,2657.0,2641.0,3401.0,2291.0,545.0,723.0,1023.0,879.0,882.0,880.0,884.0,878.0,895.0,2821.0,2563.0,2145.0,545.0,723.0,1023.0,879.0,882.0,880.0
1.0,8273.0,2666.0,2641.0,3031.0,1926.0,737.0,635.0,554.0,879.0,882.0,880.0,887.0,877.0,902.0,2971.0,2805.0,2497.0,737.0,635.0,554.0,879.0,882.0,880.0
1.0,8638.0,2662.0,2641.0,2291.0,2297.0,1082.0,788.0,427.0,879.0,882.0,880.0,890.0,876.0,896.0,2779.0,2893.0,2966.0,1082.0,788.0,427.0,879.0,882.0,880.0
1.0,8267.0,2670.0,2641.0,1926.0,3041.0,1234.0,1047.0,760.0,879.0,882.0,880.0,889.0,894.0,887.0,2434.0,2740.0,3093.0,1234.0,1047.0,760.0,879.0,882.0,880.0
1.0,7523.0,2670.0,2643.0,2297.0,3422.0,1051.0,1142.0,1229.0,880.0,882.0,881.0,895.0,883.0,892.0,2282.0,2481.0,2760.0,1051.0,1142.0,1229.0,880.0,882.0,881.0
1.0,7150.0,2628.0,2643.0,3041.0,3009.0,699.0,967.0,1343.0,880.0,882.0,881.0,882.0,872.0,874.0,2469.0,2386.0,2295.0,699.0,967.0,1343.0,880.0,882.0,881.0
1.0,7563.0,2645.0,2643.0,3422.0,2232.0,532.0,701.0,999.0,880.0,882.0,881.0,884.0,876.0,885.0,2821.0,2561.0,2181.0,532.0,701.0,999.0,880.0,882.0,881.0
1.0,8340.0,2654.0,2643.0,3009.0,1877.0,725.0,613.0,539.0,880.0,882.0,881.0,892.0,879.0,883.0,2988.0,2827.0,2525.0,725.0,613.0,539.0,880.0,882.0,881.0
1.0,8695.0,2675.0,2644.0,2232.0,2324.0,1090.0,797.0,437.0,880.0,882.0,882.0,897.0,885.0,893.0,2795.0,2915.0,2985.0,1090.0,797.0,437.0,880.0,882.0,882.0
1.0,8252.0,2660.0,2645.0,1877.0,3111.0,1262.0,1059.0,790.0,881.0,882.0,882.0,893.0,875.0,892.0,2430.0,2731.0,3091.0,1262.0,1059.0,790.0,881.0,882.0,882.0
1.0,7469.0,2670.0,2646.0,2324.0,3461.0,1064.0,1147.0,1250.0,881.0,882.0,883.0,892.0,885.0,893.0,2262.0,2469.0,2738.0,1064.0,1147.0,1250.0,881.0,882.0,883.0
1.0,7123.0,2642.0,2647.0,3111.0,2996.0,691.0,965.0,1340.0,882.0,882.0,883.0,885.0,877.0,880.0,2460.0,2381.0,2282.0,691.0,965.0,1340.0,882.0,882.0,883.0
1.0,7592.0,2603.0,2646.0,3461.0,2134.0,486.0,682.0,966.0,881.0,882.0,883.0,863.0,864.0,876.0,2837.0,2563.0,2192.0,486.0,682.0,966.0,881.0,882.0,883.0
1.0,8450.0,2661.0,2647.0,2996.0,1803.0,690.0,597.0,516.0,882.0,882.0,883.0,891.0,880.0,890.0,3038.0,2846.0,2566.0,690.0,597.0,516.0,882.0,882.0,883.0
1.0,8785.0,2663.0,2647.0,2134.0,2332.0,1096.0,801.0,435.0,882.0,882.0,883.0,892.0,886.0,885.0,2838.0,2931.0,3016.0,1096.0,801.0,435.0,882.0,882.0,883.0
1.0,8256.0,2656.0,2648.0,1803.0,3189.0,1288.0,1083.0,818.0,882.0,882.0,884.0,882.0,879.0,895.0,2432.0,2727.0,3097.0,1288.0,1083.0,818.0,882.0,882.0,884.0
1.0,7403.0,2643.0,2649.0,2332.0,3504.0,1073.0,1159.0,1272.0,883.0,882.0,884.0,877.0,877.0,889.0,2240.0,2445.0,2718.0,1073.0,1159.0,1272.0,883.0,882.0,884.0
1.0,7092.0,2670.0,2650.0,3189.0,2989.0,677.0,966.0,1346.0,883.0,882.0,885.0,892.0,890.0,888.0,2459.0,2369.0,2264.0,677.0,966.0,1346.0,883.0,882.0,885.0
1.0,7611.0,2675.0,2650.0,3504.0,2160.0,495.0,701.0,964.0,883.0,882.0,885.0,891.0,894.0,890.0,2855.0,2562.0,2194.0,495.0,701.0,964.0,883.0,882.0,885.0
1.0,8440.0,2642.0,2652.0,2989.0,1821.0,711.0,605.0,505.0,884.0,882.0,886.0,889.0,870.0,883.0,3037.0,2827.0,2576.0,711.0,605.0,505.0,884.0,882.0,886.0
1.0,8787.0,2630.0,2652.0,2160.0,2291.0,1081.0,785.0,425.0,884.0,882.0,886.0,865.0,881.0,884.0,2825.0,2923.0,3039.0,1081.0,785.0,425.0,884.0,882.0,886.0
1.0,8317.0,2636.0,2652.0,1821.0,3106.0,1243.0,1060.0,803.0,884.0,882.0,886.0,873.0,880.0,883.0,2455.0,2743.0,3119.0,1243.0,1060.0,803.0,884.0,882.0,886.0
1.0,7502.0,2642.0,2652.0,2291.0,3457.0,1032.0,1168.0,1257.0,883.0,883.0,886.0,874.0,889.0,879.0,2293.0,2468.0,2741.0,1032.0,1168.0,1257.0,883.0,883.0,886.0
1.0,7151.0,2682.0,2654.0,3106.0,3041.0,673.0,1016.0,1352.0,884.0,883.0,887.0,880.0,908.0,894.0,2500.0,2364.0,2287.0,673.0,1016.0,1352.0,884.0,883.0,887.0
1.0,7575.0,2651.0,2654.0,3457.0,2235.0,524.0,731.0,980.0,884.0,883.0,887.0,883.0,883.0,885.0,2863.0,2516.0,2196.0,524.0,731.0,980.0,884.0,883.0,887.0
1.0,8381.0,2691.0,2654.0,3041.0,1885.0,737.0,622.0,526.0,884.0,883.0,887.0,886.0,907.0,898.0,3012.0,2801.0,2568.0,737.0,622.0,526.0,884.0,883.0,887.0
1.0,8731.0,2705.0,2657.0,2235.0,2367.0,1111.0,807.0,449.0,885.0,884.0,888.0,894.0,912.0,899.0,2799.0,2910.0,3022.0,1111.0,807.0,449.0,885.0,884.0,888.0
1.0,8261.0,2763.0,2659.0,1885.0,3253.0,1295.0,1117.0,841.0,885.0,885.0,889.0,921.0,928.0,914.0,2429.0,2729.0,3103.0,1295.0,1117.0,841.0,885.0,885.0,889.0
1.0,7383.0,2692.0,2660.0,2367.0,3582.0,1082.0,1207.0,1293.0,886.0,885.0,889.0,894.0,897.0,901.0,2245.0,2423.0,2715.0,1082.0,1207.0,1293.0,886.0,885.0,889.0
1.0,7058.0,2686.0,2660.0,3253.0,3015.0,683.0,989.0,1343.0,886.0,885.0,889.0,896.0,899.0,891.0,2462.0,2333.0,2263.0,683.0,989.0,1343.0,886.0,885.0,889.0
1.0,7625.0,2662.0,2660.0,3582.0,2095.0,482.0,675.0,938.0,886.0,885.0,889.0,881.0,893.0,888.0,2861.0,2551.0,2213.0,482.0,675.0,938.0,886.0,885.0,889.0
1.0,8545.0,2655.0,2660.0,3015.0,1735.0,676.0,576.0,483.0,886.0,885.0,889.0,877.0,890.0,888.0,3062.0,2865.0,2618.0,676.0,576.0,483.0,886.0,885.0,889.0
1.0,8905.0,2638.0,2660.0,2095.0,2278.0,1080.0,781.0,417.0,886.0,885.0,889.0,886.0,880.0,872.0,2868.0,2964.0,3073.0,1080.0,781.0,417.0,886.0,885.0,889.0
1.0,8362.0,2671.0,2662.0,1735.0,3222.0,1280.0,1111.0,831.0,886.0,886.0,890.0,876.0,902.0,893.0,2464.0,2759.0,3139.0,1280.0,1111.0,831.0,886.0,886.0,890.0
1.0,7426.0,2655.0,2662.0,2278.0,3599.0,1077.0,1227.0,1295.0,886.0,886.0,890.0,877.0,897.0,881.0,2264.0,2433.0,2729.0,1077.0,1227.0,1295.0,886.0,886.0,890.0
1.0,7049.0,2666.0,2663.0,3222.0,3047.0,695.0,1004.0,1348.0,887.0,886.0,890.0,894.0,888.0,884.0,2467.0,2317.0,2265.0,695.0,1004.0,1348.0,887.0,886.0,890.0
1.0,7605.0,2664.0,2663.0,3599.0,2112.0,501.0,671.0,940.0,887.0,886.0,890.0,883.0,894.0,887.0,2853.0,2540.0,2212.0,501.0,671.0,940.0,887.0,886.0,890.0
1.0,8540.0,2678.0,2663.0,3047.0,1743.0,691.0,567.0,485.0,887.0,886.0,890.0,885.0,900.0,893.0,3047.0,2873.0,2620.0,691.0,567.0,485.0,887.0,886.0,890.0
1.0,8909.0,2698.0,2664.0,2112.0,2333.0,1087.0,806.0,440.0,887.0,887.0,890.0,897.0,906.0,895.0,2857.0,2977.0,3075.0,1087.0,806.0,440.0,887.0,887.0,890.0
1.0,8323.0,2697.0,2664.0,1743.0,3287.0,1298.0,1137.0,852.0,887.0,887.0,890.0,902.0,898.0,897.0,2461.0,2742.0,3120.0,1298.0,1137.0,852.0,887.0,887.0,890.0
1.0,7369.0,2702.0,2664.0,2333.0,3656.0,1109.0,1247.0,1300.0,887.0,887.0,890.0,898.0,916.0,888.0,2250.0,2411.0,2708.0,1109.0,1247.0,1300.0,887.0,887.0,890.0
1.0,7000.0,2658.0,2665.0,3287.0,3031.0,704.0,1007.0,1320.0,887.0,888.0,890.0,893.0,893.0,872.0,2439.0,2301.0,2260.0,704.0,1007.0,1320.0,887.0,888.0,890.0
1.0,7629.0,2684.0,2666.0,3656.0,2063.0,494.0,663.0,906.0,888.0,888.0,890.0,895.0,903.0,886.0,2844.0,2545.0,2240.0,494.0,663.0,906.0,888.0,888.0,890.0
1.0,8601.0,2706.0,2667.0,3031.0,1742.0,691.0,572.0,479.0,888.0,889.0,890.0,901.0,912.0,893.0,3058.0,2889.0,2654.0,691.0,572.0,479.0,888.0,889.0,890.0
1.0,8926.0,2682.0,2667.0,2063.0,2361.0,1091.0,809.0,461.0,888.0,889.0,890.0,894.0,900.0,888.0,2861.0,2984.0,3081.0,1091.0,809.0,461.0,888.0,889.0,890.0
1.0,8307.0,2657.0,2667.0,1742.0,3276.0,1295.0,1119.0,862.0,888.0,889.0,890.0,895.0,882.0,880.0,2461.0,2747.0,3099.0,1295.0,1119.0,862.0,888.0,889.0,890.0
1.0,7392.0,2676.0,2667.0,2361.0,3591.0,1100.0,1197.0,1294.0,888.0,889.0,890.0,896.0,887.0,893.0,2257.0,2437.0,2698.0,1100.0,1197.0,1294.0,888.0,889.0,890.0
1.0,7077.0,2712.0,2667.0,3276.0,3027.0,714.0,996.0,1317.0,888.0,890.0,889.0,909.0,914.0,889.0,2452.0,2359.0,2266.0,714.0,996.0,1317.0,888.0,890.0,889.0
1.0,7641.0,2693.0,2669.0,3591.0,2137.0,515.0,699.0,923.0,889.0,890.0,890.0,897.0,900.0,896.0,2838.0,2564.0,2239.0,515.0,699.0,923.0,889.0,890.0,890.0
1.0,8539.0,2658.0,2669.0,3027.0,1768.0,686.0,593.0,489.0,889.0,890.0,890.0,885.0,890.0,883.0,3041.0,2861.0,2637.0,686.0,593.0,489.0,889.0,890.0,890.0
1.0,8908.0,2653.0,2668.0,2137.0,2280.0,1056.0,778.0,446.0,889.0,890.0,889.0,885.0,884.0,884.0,2870.0,2967.0,3071.0,1056.0,778.0,446.0,889.0,890.0,889.0
1.0,8392.0,2706.0,2669.0,1768.0,3222.0,1277.0,1100.0,845.0,889.0,891.0,889.0,907.0,911.0,888.0,2500.0,2782.0,3110.0,1277.0,1100.0,845.0,889.0,891.0,889.0
1.0,7454.0,2707.0,2669.0,2280.0,3649.0,1121.0,1226.0,1302.0,889.0,891.0,889.0,900.0,904.0,903.0,2279.0,2464.0,2711.0,1121.0,1226.0,1302.0,889.0,891.0,889.0
1.0,7027.0,2640.0,2668.0,3222.0,3063.0,733.0,1004.0,1326.0,889.0,891.0,888.0,889.0,878.0,873.0,2435.0,2338.0,2254.0,733.0,1004.0,1326.0,889.0,891.0,888.0
1.0,7609.0,2722.0,2670.0,3649.0,2144.0,532.0,694.0,918.0,890.0,892.0,888.0,916.0,912.0,894.0,2823.0,2560.0,2226.0,532.0,694.0,918.0,890.0,892.0,888.0
1.0,8536.0,2689.0,2670.0,3063.0,1770.0,700.0,585.0,485.0,890.0,892.0,888.0,901.0,895.0,893.0,3028.0,2874.0,2634.0,700.0,585.0,485.0,890.0,892.0,888.0
1.0,8910.0,2678.0,2670.0,2144.0,2304.0,1063.0,777.0,464.0,890.0,892.0,888.0,895.0,886.0,897.0,2860.0,2983.0,3067.0,1063.0,777.0,464.0,890.0,892.0,888.0
1.0,8376.0,2682.0,2671.0,1770.0,3220.0,1266.0,1080.0,874.0,890.0,892.0,889.0,903.0,888.0,891.0,2497.0,2791.0,3088.0,1266.0,1080.0,874.0,890.0,892.0,889.0
1.0,7464.0,2680.0,2673.0,2304.0,3604.0,1097.0,1202.0,1305.0,891.0,893.0,889.0,890.0,895.0,895.0,2294.0,2488.0,2682.0,1097.0,1202.0,1305.0,891.0,893.0,889.0
1.0,7088.0,2732.0,2674.0,3220.0,3120.0,749.0,1027.0,1344.0,891.0,893.0,890.0,918.0,905.0,909.0,2467.0,2370.0,2251.0,749.0,1027.0,1344.0,891.0,893.0,890.0
1.0,7576.0,2699.0,2674.0,3604.0,2215.0,558.0,732.0,925.0,891.0,894.0,889.0,906.0,903.0,890.0,2815.0,2545.0,2216.0,558.0,732.0,925.0,891.0,894.0,889.0
1.0,8481.0,2654.0,2674.0,3120.0,1749.0,699.0,591.0,459.0,891.0,894.0,889.0,890.0,886.0,878.0,3006.0,2844.0,2631.0,699.0,591.0,459.0,891.0,894.0,889.0
1.0,8947.0,2690.0,2674.0,2215.0,2224.0,1049.0,750.0,425.0,891.0,894.0,889.0,908.0,891.0,891.0,2865.0,2985.0,3097.0,1049.0,750.0,425.0,891.0,894.0,889.0
1.0,8472.0,2698.0,2676.0,1749.0,3181.0,1261.0,1049.0,871.0,892.0,894.0,890.0,907.0,890.0,901.0,2515.0,2826.0,3131.0,1261.0,1049.0,871.0,892.0,894.0,890.0
1.0,7523.0,2689.0,2678.0,2224.0,3654.0,1117.0,1195.0,1342.0,893.0,895.0,890.0,901.0,892.0,896.0,2307.0,2527.0,2689.0,1117.0,1195.0,1342.0,893.0,895.0,890.0
1.0,7058.0,2676.0,2678.0,3181.0,3149.0,754.0,1031.0,1364.0,893.0,895.0,890.0,898.0,885.0,893.0,2455.0,2385.0,2218.0,754.0,1031.0,1364.0,893.0,895.0,890.0
1.0,7563.0,2701.0,2679.0,3654.0,2200.0,532.0,727.0,941.0,893.0,895.0,891.0,895.0,891.0,915.0,2818.0,2549.0,2196.0,532.0,727.0,941.0,893.0,895.0,891.0
1.0,8516.0,2685.0,2679.0,3149.0,1736.0,681.0,581.0,474.0,893.0,895.0,891.0,903.0,885.0,897.0,3040.0,2853.0,2623.0,681.0,581.0,474.0,893.0,895.0,891.0
1.0,8980.0,2695.0,2680.0,2200.0,2235.0,1050.0,747.0,438.0,894.0,895.0,891.0,897.0,893.0,905.0,2891.0,2999.0,3090.0,1050.0,747.0,438.0,894.0,895.0,891.0
1.0,8485.0,2742.0,2682.0,1736.0,3249.0,1277.0,1082.0,890.0,894.0,896.0,892.0,908.0,912.0,922.0,2526.0,2833.0,3126.0,1277.0,1082.0,890.0,894.0,896.0,892.0
1.0,7479.0,2670.0,2682.0,2235.0,3684.0,1123.0,1220.0,1341.0,894.0,896.0,892.0,896.0,885.0,889.0,2299.0,2502.0,2678.0,1123.0,1220.0,1341.0,894.0,896.0,892.0
1.0,7044.0,2717.0,2682.0,3249.0,3152.0,749.0,1041.0,1362.0,894.0,896.0,892.0,903.0,903.0,911.0,2453.0,2364.0,2227.0,749.0,1041.0,1362.0,894.0,896.0,892.0
1.0,7576.0,2683.0,2683.0,3684.0,2155.0,528.0,710.0,917.0,895.0,896.0,892.0,898.0,889.0,896.0,2827.0,2543.0,2206.0,528.0,710.0,917.0,895.0,896.0,892.0
1.0,8577.0,2693.0,2685.0,3152.0,1704.0,674.0,577.0,453.0,895.0,897.0,893.0,895.0,904.0,894.0,3052.0,2874.0,2651.0,674.0,577.0,453.0,895.0,897.0,893.0
1.0,9036.0,2732.0,2686.0,2155.0,2285.0,1060.0,774.0,451.0,896.0,897.0,893.0,910.0,907.0,915.0,2906.0,3011.0,3119.0,1060.0,774.0,451.0,896.0,897.0,893.0
1.0,8459.0,2704.0,2687.0,1704.0,3289.0,1296.0,1096.0,897.0,897.0,897.0,893.0,906.0,899.0,899.0,2524.0,2814.0,3121.0,1296.0,1096.0,897.0,897.0,897.0,893.0
1.0,7459.0,2718.0,2688.0,2285.0,3726.0,1140.0,1223.0,1363.0,897.0,897.0,894.0,904.0,901.0,913.0,2292.0,2492.0,2675.0,1140.0,1223.0,1363.0,897.0,897.0,894.0
1.0,7026.0,2698.0,2688.0,3289.0,3135.0,736.0,1028.0,1371.0,897.0,897.0,894.0,892.0,901.0,905.0,2448.0,2365.0,2213.0,736.0,1028.0,1371.0,897.0,897.0,894.0
1.0,7617.0,2709.0,2688.0,3726.0,2118.0,489.0,704.0,925.0,897.0,897.0,894.0,893.0,899.0,917.0,2852.0,2560.0,2205.0,489.0,704.0,925.0,897.0,897.0,894.0
1.0,8634.0,2712.0,2687.0,3135.0,1691.0,658.0,568.0,465.0,897.0,896.0,894.0,905.0,896.0,911.0,3099.0,2884.0,2651.0,658.0,568.0,465.0,897.0,896.0,894.0
1.0,9057.0,2672.0,2687.0,2118.0,2245.0,1056.0,751.0,438.0,897.0,896.0,894.0,887.0,887.0,898.0,2930.0,3016.0,3111.0,1056.0,751.0,438.0,897.0,896.0,894.0
1.0,8503.0,2694.0,2686.0,1691.0,3244.0,1282.0,1084.0,878.0,896.0,896.0,894.0,888.0,901.0,905.0,2532.0,2833.0,3138.0,1282.0,1084.0,878.0,896.0,896.0,894.0
1.0,7500.0,2723.0,2688.0,2245.0,3730.0,1145.0,1238.0,1347.0,897.0,896.0,895.0,915.0,905.0,903.0,2302.0,2500.0,2698.0,1145.0,1238.0,1347.0,897.0,896.0,895.0
1.0,7022.0,2698.0,2688.0,3244.0,3184.0,760.0,1044.0,1380.0,897.0,896.0,895.0,897.0,890.0,911.0,2443.0,2346.0,2233.0,760.0,1044.0,1380.0,897.0,896.0,895.0
1.0,7568.0,2727.0,2691.0,3730.0,2193.0,519.0,724.0,950.0,898.0,897.0,896.0,900.0,914.0,913.0,2828.0,2540.0,2200.0,519.0,724.0,950.0,898.0,897.0,896.0
1.0,8571.0,2726.0,2691.0,3184.0,1735.0,662.0,587.0,486.0,898.0,897.0,896.0,903.0,907.0,916.0,3073.0,2864.0,2634.0,662.0,587.0,486.0,898.0,897.0,896.0
1.0,9029.0,2719.0,2693.0,2193.0,2269.0,1053.0,767.0,449.0,899.0,897.0,897.0,906.0,904.0,909.0,2930.0,3001.0,3098.0,1053.0,767.0,449.0,899.0,897.0,897.0
1.0,8503.0,2708.0,2694.0,1735.0,3246.0,1290.0,1088.0,868.0,899.0,898.0,897.0,899.0,904.0,905.0,2543.0,2821.0,3139.0,1290.0,1088.0,868.0,899.0,898.0,897.0
1.0,7530.0,2716.0,2695.0,2269.0,3697.0,1137.0,1235.0,1325.0,899.0,898.0,898.0,900.0,914.0,902.0,2306.0,2504.0,2720.0,1137.0,1235.0,1325.0,899.0,898.0,898.0
1.0,7083.0,2729.0,2696.0,3246.0,3184.0,758.0,1055.0,1371.0,900.0,898.0,898.0,907.0,908.0,914.0,2459.0,2357.0,2267.0,758.0,1055.0,1371.0,900.0,898.0,898.0
1.0,7600.0,2744.0,2697.0,3697.0,2235.0,525.0,739.0,971.0,900.0,898.0,899.0,904.0,919.0,921.0,2842.0,2537.0,2221.0,525.0,739.0,971.0,900.0,898.0,899.0
1.0,8553.0,2747.0,2698.0,3184.0,1802.0,677.0,604.0,521.0,900.0,899.0,899.0,910.0,916.0,921.0,3075.0,2853.0,2625.0,677.0,604.0,521.0,900.0,899.0,899.0
1.0,8990.0,2715.0,2699.0,2235.0,2286.0,1050.0,771.0,465.0,900.0,899.0,900.0,898.0,906.0,911.0,2923.0,2992.0,3075.0,1050.0,771.0,465.0,900.0,899.0,900.0
1.0,8510.0,2749.0,2699.0,1802.0,3233.0,1288.0,1088.0,857.0,900.0,899.0,900.0,915.0,921.0,913.0,2550.0,2825.0,3135.0,1288.0,1088.0,857.0,900.0,899.0,900.0
1.0,7563.0,2752.0,2702.0,2286.0,3711.0,1150.0,1251.0,1310.0,901.0,900.0,901.0,908.0,930.0,914.0,2312.0,2508.0,2743.0,1150.0,1251.0,1310.0,901.0,900.0,901.0
1.0,7097.0,2724.0,2702.0,3233.0,3202.0,765.0,1077.0,1360.0,901.0,900.0,901.0,903.0,914.0,907.0,2454.0,2349.0,2294.0,765.0,1077.0,1360.0,901.0,900.0,901.0
1.0,7606.0,2730.0,2703.0,3711.0,2225.0,516.0,743.0,966.0,901.0,900.0,902.0,901.0,917.0,912.0,2839.0,2523.0,2244.0,516.0,743.0,966.0,901.0,900.0,902.0
1.0,8587.0,2752.0,2704.0,3202.0,1779.0,663.0,586.0,530.0,901.0,901.0,902.0,912.0,916.0,924.0,3088.0,2857.0,2642.0,663.0,586.0,530.0,901.0,901.0,902.0
1.0,9037.0,2723.0,2705.0,2225.0,2281.0,1045.0,753.0,483.0,901.0,901.0,903.0,898.0,910.0,915.0,2941.0,3018.0,3078.0,1045.0,753.0,483.0,901.0,901.0,903.0
1.0,8539.0,2701.0,2705.0,1779.0,3203.0,1276.0,1069.0,858.0,901.0,901.0,903.0,894.0,902.0,905.0,2559.0,2851.0,3129.0,1276.0,1069.0,858.0,901.0,901.0,903.0
1.0,7617.0,2747.0,2706.0,2281.0,3673.0,1140.0,1238.0,1295.0,901.0,901.0,904.0,909.0,922.0,916.0,2328.0,2535.0,2754.0,1140.0,1238.0,1295.0,901.0,901.0,904.0
1.0,7151.0,2703.0,2707.0,3203.0,3177.0,765.0,1076.0,1336.0,901.0,902.0,904.0,901.0,903.0,899.0,2464.0,2366.0,2321.0,765.0,1076.0,1336.0,901.0,902.0,904.0
1.0,7651.0,2720.0,2708.0,3673.0,2228.0,534.0,744.0,950.0,902.0,902.0,904.0,905.0,906.0,909.0,2839.0,2532.0,2280.0,534.0,744.0,950.0,902.0,902.0,904.0
1.0,8604.0,2763.0,2709.0,3177.0,1818.0,681.0,596.0,541.0,902.0,902.0,905.0,912.0,928.0,923.0,3074.0,2864.0,2666.0,681.0,596.0,541.0,902.0,902.0,905.0
1.0,9018.0,2716.0,2709.0,2228.0,2306.0,1048.0,764.0,494.0,902.0,902.0,905.0,901.0,912.0,903.0,2927.0,3012.0,3079.0,1048.0,764.0,494.0,902.0,902.0,905.0
1.0,8530.0,2749.0,2711.0,1818.0,3245.0,1285.0,1091.0,869.0,902.0,903.0,906.0,918.0,919.0,912.0,2560.0,2844.0,3126.0,1285.0,1091.0,869.0,902.0,903.0,906.0
1.0,7599.0,2719.0,2711.0,2306.0,3658.0,1147.0,1231.0,1280.0,902.0,903.0,906.0,910.0,904.0,905.0,2323.0,2521.0,2755.0,1147.0,1231.0,1280.0,902.0,903.0,906.0
1.0,7186.0,2739.0,2713.0,3245.0,3160.0,783.0,1062.0,1315.0,903.0,904.0,906.0,917.0,918.0,904.0,2461.0,2381.0,2344.0,783.0,1062.0,1315.0,903.0,904.0,906.0
1.0,7692.0,2756.0,2713.0,3658.0,2258.0,558.0,750.0,950.0,903.0,904.0,906.0,922.0,919.0,915.0,2829.0,2554.0,2309.0,558.0,750.0,950.0,903.0,904.0,906.0
1.0,8594.0,2708.0,2714.0,3160.0,1810.0,691.0,578.0,541.0,903.0,904.0,907.0,916.0,890.0,902.0,3054.0,2866.0,2674.0,691.0,578.0,541.0,903.0,904.0,907.0
1.0,9046.0,2722.0,2716.0,2258.0,2282.0,1045.0,750.0,487.0,904.0,905.0,907.0,908.0,918.0,896.0,2921.0,3038.0,3087.0,1045.0,750.0,487.0,904.0,905.0,907.0
1.0,8582.0,2738.0,2716.0,1810.0,3210.0,1273.0,1078.0,859.0,904.0,905.0,907.0,919.0,906.0,913.0,2571.0,2870.0,3141.0,1273.0,1078.0,859.0,904.0,905.0,907.0
1.0,7654.0,2742.0,2716.0,2282.0,3670.0,1140.0,1245.0,1285.0,904.0,905.0,907.0,912.0,917.0,913.0,2343.0,2542.0,2769.0,1140.0,1245.0,1285.0,904.0,905.0,907.0
1.0,7194.0,2746.0,2718.0,3210.0,3214.0,787.0,1092.0,1335.0,904.0,906.0,908.0,920.0,921.0,905.0,2476.0,2375.0,2343.0,787.0,1092.0,1335.0,904.0,906.0,908.0
1.0,7658.0,2707.0,2718.0,3670.0,2251.0,548.0,757.0,946.0,904.0,906.0,908.0,901.0,910.0,896.0,2829.0,2532.0,2297.0,548.0,757.0,946.0,904.0,906.0,908.0
1.0,8621.0,2709.0,2718.0,3214.0,1746.0,672.0,564.0,510.0,904.0,906.0,908.0,911.0,899.0,899.0,3068.0,2867.0,2686.0,672.0,564.0,510.0,904.0,906.0,908.0
1.0,9126.0,2692.0,2718.0,2251.0,2187.0,1026.0,705.0,456.0,904.0,906.0,908.0,902.0,898.0,892.0,2944.0,3060.0,3122.0,1026.0,705.0,456.0,904.0,906.0,908.0
1.0,8685.0,2736.0,2720.0,1746.0,3185.0,1275.0,1061.0,849.0,905.0,907.0,908.0,917.0,916.0,903.0,2590.0,2919.0,3176.0,1275.0,1061.0,849.0,905.0,907.0,908.0
1.0,7695.0,2732.0,2720.0,2187.0,3730.0,1167.0,1272.0,1291.0,905.0,907.0,908.0,918.0,916.0,898.0,2345.0,2567.0,2783.0,1167.0,1272.0,1291.0,905.0,907.0,908.0
1.0,7150.0,2729.0,2721.0,3185.0,3278.0,801.0,1130.0,1347.0,905.0,908.0,908.0,909.0,915.0,905.0,2453.0,2356.0,2341.0,801.0,1130.0,1347.0,905.0,908.0,908.0
1.0,7606.0,2731.0,2722.0,3730.0,2283.0,557.0,765.0,961.0,906.0,908.0,908.0,919.0,907.0,905.0,2819.0,2502.0,2285.0,557.0,765.0,961.0,906.0,908.0,908.0
1.0,8605.0,2740.0,2722.0,3278.0,1745.0,677.0,546.0,522.0,906.0,908.0,908.0,921.0,911.0,908.0,3067.0,2867.0,2671.0,677.0,546.0,522.0,906.0,908.0,908.0
1.0,9143.0,2725.0,2722.0,2283.0,2187.0,1028.0,683.0,476.0,906.0,908.0,908.0,908.0,902.0,915.0,2947.0,3086.0,3110.0,1028.0,683.0,476.0,906.0,908.0,908.0
1.0,8701.0,2713.0,2723.0,1745.0,3159.0,1262.0,1049.0,848.0,906.0,909.0,908.0,911.0,908.0,894.0,2596.0,2949.0,3156.0,1262.0,1049.0,848.0,906.0,909.0,908.0
1.0,7733.0,2745.0,2724.0,2187.0,3721.0,1166.0,1271.0,1284.0,907.0,909.0,908.0,928.0,905.0,912.0,2362.0,2587.0,2784.0,1166.0,1271.0,1284.0,907.0,909.0,908.0
1.0,7175.0,2708.0,2724.0,3159.0,3270.0,809.0,1120.0,1341.0,907.0,909.0,908.0,905.0,898.0,905.0,2462.0,2365.0,2348.0,809.0,1120.0,1341.0,907.0,909.0,908.0
1.0,7626.0,2752.0,2724.0,3721.0,2301.0,556.0,770.0,975.0,907.0,909.0,908.0,913.0,921.0,918.0,2819.0,2516.0,2291.0,556.0,770.0,975.0,907.0,909.0,908.0
1.0,8595.0,2675.0,2724.0,3270.0,1706.0,642.0,542.0,522.0,907.0,909.0,908.0,895.0,892.0,888.0,3072.0,2866.0,2657.0,642.0,542.0,522.0,907.0,909.0,908.0
1.0,9190.0,2708.0,2724.0,2301.0,2113.0,998.0,672.0,443.0,907.0,909.0,908.0,912.0,900.0,896.0,2986.0,3094.0,3110.0,998.0,672.0,443.0,907.0,909.0,908.0
1.0,8783.0,2750.0,2725.0,1706.0,3161.0,1282.0,1040.0,839.0,908.0,909.0,908.0,922.0,910.0,918.0,2630.0,2964.0,3189.0,1282.0,1040.0,839.0,908.0,909.0,908.0
1.0,7739.0,2742.0,2725.0,2113.0,3790.0,1205.0,1283.0,1302.0,908.0,909.0,908.0,921.0,915.0,906.0,2350.0,2596.0,2793.0,1205.0,1283.0,1302.0,908.0,909.0,908.0
1.0,7110.0,2751.0,2727.0,3161.0,3388.0,849.0,1160.0,1379.0,909.0,910.0,908.0,922.0,913.0,916.0,2427.0,2353.0,2330.0,849.0,1160.0,1379.0,909.0,910.0,908.0
1.0,7520.0,2743.0,2727.0,3790.0,2341.0,563.0,793.0,985.0,909.0,910.0,908.0,919.0,916.0,908.0,2787.0,2480.0,2253.0,563.0,793.0,985.0,909.0,910.0,908.0
1.0,8567.0,2729.0,2728.0,3388.0,1686.0,627.0,544.0,515.0,910.0,910.0,908.0,909.0,911.0,909.0,3073.0,2847.0,2647.0,627.0,544.0,515.0,910.0,910.0,908.0
1.0,9226.0,2722.0,2728.0,2341.0,2067.0,961.0,677.0,429.0,909.0,911.0,908.0,901.0,922.0,899.0,3013.0,3096.0,3117.0,961.0,677.0,429.0,909.0,911.0,908.0
1.0,8845.0,2744.0,2729.0,1686.0,3129.0,1255.0,1043.0,831.0,910.0,911.0,908.0,917.0,910.0,917.0,2675.0,2967.0,3203.0,1255.0,1043.0,831.0,910.0,911.0,908.0
1.0,7787.0,2735.0,2729.0,2067.0,3797.0,1213.0,1266.0,1318.0,910.0,911.0,908.0,919.0,900.0,916.0,2385.0,2601.0,2801.0,1213.0,1266.0,1318.0,910.0,911.0,908.0
1.0,7119.0,2763.0,2730.0,3129.0,3435.0,886.0,1138.0,1411.0,911.0,911.0,908.0,924.0,915.0,924.0,2427.0,2378.0,2314.0,886.0,1138.0,1411.0,911.0,911.0,908.0
1.0,7485.0,2728.0,2731.0,3797.0,2370.0,577.0,777.0,1016.0,911.0,911.0,909.0,904.0,905.0,919.0,2758.0,2506.0,2221.0,577.0,777.0,1016.0,911.0,911.0,909.0
1.0,8554.0,2702.0,2730.0,3435.0,1633.0,578.0,541.0,514.0,910.0,911.0,909.0,891.0,902.0,909.0,3067.0,2867.0,2620.0,578.0,541.0,514.0,910.0,911.0,909.0
1.0,9287.0,2722.0,2730.0,2370.0,1985.0,907.0,671.0,407.0,910.0,911.0,909.0,906.0,907.0,909.0,3062.0,3103.0,3122.0,907.0,671.0,407.0,910.0,911.0,909.0
1.0,8935.0,2755.0,2731.0,1633.0,3111.0,1249.0,1050.0,812.0,911.0,911.0,909.0,916.0,920.0,919.0,2733.0,2973.0,3229.0,1249.0,1050.0,812.0,911.0,911.0,909.0
1.0,7813.0,2759.0,2731.0,1985.0,3885.0,1257.0,1301.0,1327.0,911.0,911.0,909.0,915.0,922.0,922.0,2395.0,2594.0,2824.0,1257.0,1301.0,1327.0,911.0,911.0,909.0
1.0,7039.0,2769.0,2731.0,3111.0,3543.0,928.0,1175.0,1440.0,911.0,911.0,909.0,920.0,924.0,925.0,2387.0,2343.0,2309.0,928.0,1175.0,1440.0,911.0,911.0,909.0
1.0,7381.0,2749.0,2731.0,3885.0,2407.0,584.0,786.0,1037.0,911.0,911.0,909.0,913.0,912.0,924.0,2716.0,2469.0,2196.0,584.0,786.0,1037.0,911.0,911.0,909.0
1.0,8517.0,2728.0,2731.0,3543.0,1592.0,557.0,522.0,513.0,911.0,911.0,909.0,901.0,911.0,916.0,3060.0,2858.0,2599.0,557.0,522.0,513.0,911.0,911.0,909.0
1.0,9332.0,2714.0,2731.0,2407.0,1899.0,871.0,637.0,391.0,911.0,911.0,909.0,898.0,901.0,915.0,3087.0,3122.0,3123.0,871.0,637.0,391.0,911.0,911.0,909.0
1.0,9025.0,2753.0,2732.0,1592.0,3064.0,1219.0,1029.0,816.0,911.0,911.0,910.0,905.0,914.0,934.0,2773.0,3007.0,3245.0,1219.0,1029.0,816.0,911.0,911.0,910.0
1.0,7864.0,2743.0,2732.0,1899.0,3908.0,1261.0,1305.0,1342.0,911.0,911.0,910.0,913.0,913.0,917.0,2425.0,2615.0,2824.0,1261.0,1305.0,1342.0,911.0,911.0,910.0
1.0,7020.0,2772.0,2732.0,3064.0,3616.0,954.0,1205.0,1457.0,911.0,911.0,910.0,912.0,929.0,931.0,2383.0,2339.0,2298.0,954.0,1205.0,1457.0,911.0,911.0,910.0
1.0,7312.0,2777.0,2733.0,3908.0,2489.0,622.0,824.0,1043.0,912.0,911.0,910.0,925.0,924.0,928.0,2690.0,2439.0,2183.0,622.0,824.0,1043.0,912.0,911.0,910.0
1.0,8443.0,2759.0,2734.0,3616.0,1636.0,583.0,536.0,517.0,912.0,911.0,911.0,915.0,917.0,927.0,3026.0,2820.0,2597.0,583.0,536.0,517.0,912.0,911.0,911.0
1.0,9300.0,2739.0,2734.0,2489.0,1886.0,873.0,625.0,388.0,912.0,911.0,911.0,912.0,913.0,914.0,3065.0,3108.0,3127.0,873.0,625.0,388.0,912.0,911.0,911.0
1.0,9050.0,2719.0,2734.0,1636.0,2969.0,1189.0,1002.0,778.0,912.0,911.0,911.0,899.0,913.0,907.0,2775.0,3019.0,3256.0,1189.0,1002.0,778.0,912.0,911.0,911.0
1.0,7967.0,2716.0,2734.0,1886.0,3799.0,1218.0,1277.0,1304.0,912.0,911.0,911.0,902.0,900.0,914.0,2459.0,2642.0,2866.0,1218.0,1277.0,1304.0,912.0,911.0,911.0
1.0,7137.0,2797.0,2735.0,2969.0,3631.0,955.0,1219.0,1457.0,912.0,912.0,911.0,926.0,940.0,931.0,2430.0,2367.0,2340.0,955.0,1219.0,1457.0,912.0,912.0,911.0
1.0,7309.0,2710.0,2734.0,3799.0,2538.0,642.0,837.0,1059.0,912.0,911.0,911.0,905.0,899.0,906.0,2693.0,2429.0,2187.0,642.0,837.0,1059.0,912.0,911.0,911.0
1.0,8398.0,2760.0,2734.0,3631.0,1667.0,603.0,535.0,529.0,912.0,911.0,911.0,916.0,917.0,927.0,3006.0,2807.0,2585.0,603.0,535.0,529.0,912.0,911.0,911.0
1.0,9269.0,2761.0,2736.0,2538.0,1898.0,886.0,607.0,405.0,913.0,911.0,912.0,921.0,909.0,931.0,3045.0,3109.0,3115.0,886.0,607.0,405.0,913.0,911.0,912.0
1.0,9046.0,2778.0,2737.0,1667.0,3013.0,1190.0,1006.0,817.0,912.0,912.0,913.0,911.0,930.0,937.0,2766.0,3037.0,3243.0,1190.0,1006.0,817.0,912.0,912.0,913.0
1.0,7935.0,2768.0,2737.0,1898.0,3883.0,1218.0,1313.0,1352.0,912.0,912.0,913.0,914.0,914.0,940.0,2458.0,2642.0,2835.0,1218.0,1313.0,1352.0,912.0,912.0,913.0
1.0,7065.0,2718.0,2737.0,3013.0,3588.0,934.0,1200.0,1454.0,912.0,912.0,913.0,906.0,893.0,919.0,2430.0,2335.0,2300.0,934.0,1200.0,1454.0,912.0,912.0,913.0
1.0,7360.0,2754.0,2738.0,3883.0,2463.0,634.0,807.0,1022.0,912.0,912.0,914.0,918.0,920.0,916.0,2714.0,2448.0,2198.0,634.0,807.0,1022.0,912.0,912.0,914.0
1.0,8489.0,2716.0,2738.0,3588.0,1591.0,602.0,517.0,472.0,912.0,912.0,914.0,902.0,910.0,904.0,3014.0,2841.0,2634.0,602.0,517.0,472.0,912.0,912.0,914.0
1.0,9361.0,2781.0,2738.0,2463.0,1909.0,901.0,629.0,379.0,912.0,912.0,914.0,933.0,919.0,929.0,3046.0,3131.0,3184.0,901.0,629.0,379.0,912.0,912.0,914.0
1.0,9043.0,2724.0,2738.0,1591.0,3042.0,1207.0,1026.0,809.0,912.0,912.0,914.0,908.0,914.0,902.0,2747.0,3019.0,3277.0,1207.0,1026.0,809.0,912.0,912.0,914.0
1.0,7910.0,2787.0,2739.0,1909.0,3924.0,1221.0,1333.0,1370.0,912.0,912.0,915.0,915.0,936.0,936.0,2441.0,2622.0,2847.0,1221.0,1333.0,1370.0,912.0,912.0,915.0
1.0,7032.0,2717.0,2739.0,3042.0,3599.0,918.0,1221.0,1460.0,912.0,912.0,915.0,904.0,914.0,899.0,2427.0,2315.0,2290.0,918.0,1221.0,1460.0,912.0,912.0,915.0
1.0,7357.0,2761.0,2741.0,3924.0,2444.0,624.0,817.0,1003.0,913.0,913.0,915.0,923.0,925.0,913.0,2730.0,2427.0,2200.0,624.0,817.0,1003.0,913.0,913.0,915.0
1.0,8520.0,2789.0,2741.0,3599.0,1634.0,639.0,524.0,471.0,913.0,913.0,915.0,933.0,928.0,928.0,3028.0,2835.0,2657.0,639.0,524.0,471.0,913.0,913.0,915.0
1.0,9330.0,2737.0,2742.0,2444.0,1931.0,920.0,622.0,389.0,913.0,913.0,916.0,905.0,915.0,917.0,3013.0,3128.0,3189.0,920.0,622.0,389.0,913.0,913.0,916.0
1.0,9037.0,2793.0,2743.0,1634.0,3094.0,1203.0,1038.0,853.0,913.0,914.0,916.0,922.0,936.0,935.0,2732.0,3030.0,3275.0,1203.0,1038.0,853.0,913.0,914.0,916.0
1.0,7878.0,2735.0,2743.0,1931.0,3898.0,1195.0,1338.0,1365.0,913.0,914.0,916.0,912.0,922.0,901.0,2449.0,2618.0,2811.0,1195.0,1338.0,1365.0,913.0,914.0,916.0
1.0,7074.0,2737.0,2743.0,3094.0,3541.0,902.0,1216.0,1423.0,913.0,914.0,916.0,910.0,916.0,911.0,2457.0,2318.0,2299.0,902.0,1216.0,1423.0,913.0,914.0,916.0
1.0,7431.0,2799.0,2744.0,3898.0,2446.0,644.0,805.0,997.0,913.0,914.0,917.0,937.0,927.0,935.0,2750.0,2440.0,2241.0,644.0,805.0,997.0,913.0,914.0,917.0
1.0,8530.0,2768.0,2746.0,3541.0,1681.0,675.0,519.0,487.0,914.0,915.0,917.0,929.0,926.0,913.0,3008.0,2851.0,2671.0,675.0,519.0,487.0,914.0,915.0,917.0
1.0,9303.0,2755.0,2745.0,2446.0,1986.0,945.0,637.0,404.0,913.0,915.0,917.0,918.0,923.0,914.0,2981.0,3141.0,3181.0,945.0,637.0,404.0,913.0,915.0,917.0
1.0,8994.0,2778.0,2748.0,1681.0,3095.0,1206.0,1044.0,845.0,914.0,916.0,918.0,932.0,922.0,924.0,2707.0,3023.0,3264.0,1206.0,1044.0,845.0,914.0,916.0,918.0
1.0,7897.0,2758.0,2748.0,1986.0,3867.0,1176.0,1327.0,1364.0,914.0,916.0,918.0,915.0,920.0,923.0,2450.0,2620.0,2827.0,1176.0,1327.0,1364.0,914.0,916.0,918.0
1.0,7125.0,2762.0,2748.0,3095.0,3534.0,896.0,1210.0,1428.0,914.0,916.0,918.0,926.0,927.0,909.0,2480.0,2337.0,2308.0,896.0,1210.0,1428.0,914.0,916.0,918.0
1.0,7458.0,2794.0,2751.0,3867.0,2473.0,650.0,828.0,995.0,915.0,917.0,919.0,926.0,941.0,927.0,2760.0,2454.0,2244.0,650.0,828.0,995.0,915.0,917.0,919.0
1.0,8531.0,2752.0,2751.0,3534.0,1691.0,674.0,533.0,484.0,915.0,917.0,919.0,920.0,915.0,917.0,3010.0,2840.0,2681.0,674.0,533.0,484.0,915.0,917.0,919.0
1.0,9313.0,2750.0,2751.0,2473.0,1968.0,938.0,625.0,405.0,915.0,917.0,919.0,914.0,920.0,916.0,2986.0,3135.0,3192.0,938.0,625.0,405.0,915.0,917.0,919.0
1.0,9036.0,2766.0,2751.0,1691.0,3043.0,1188.0,1013.0,842.0,915.0,917.0,919.0,924.0,921.0,921.0,2722.0,3043.0,3271.0,1188.0,1013.0,842.0,915.0,917.0,919.0
1.0,7961.0,2726.0,2750.0,1968.0,3797.0,1153.0,1304.0,1340.0,914.0,917.0,919.0,907.0,916.0,903.0,2472.0,2655.0,2834.0,1153.0,1304.0,1340.0,914.0,917.0,919.0
1.0,7203.0,2765.0,2752.0,3043.0,3527.0,896.0,1221.0,1410.0,915.0,918.0,919.0,927.0,926.0,912.0,2503.0,2364.0,2336.0,896.0,1221.0,1410.0,915.0,918.0,919.0
1.0,7481.0,2773.0,2752.0,3797.0,2503.0,679.0,837.0,987.0,915.0,918.0,919.0,936.0,920.0,917.0,2764.0,2451.0,2266.0,679.0,837.0,987.0,915.0,918.0,919.0
1.0,8505.0,2811.0,2754.0,3527.0,1795.0,733.0,549.0,513.0,916.0,918.0,920.0,946.0,933.0,932.0,2981.0,2835.0,2689.0,733.0,549.0,513.0,916.0,918.0,920.0
1.0,9221.0,2800.0,2755.0,2503.0,2096.0,993.0,651.0,452.0,916.0,919.0,920.0,939.0,935.0,926.0,2931.0,3123.0,3167.0,993.0,651.0,452.0,916.0,919.0,920.0
1.0,8924.0,2760.0,2754.0,1795.0,3057.0,1188.0,1022.0,847.0,916.0,919.0,919.0,928.0,920.0,912.0,2671.0,3025.0,3228.0,1188.0,1022.0,847.0,916.0,919.0,919.0
1.0,7959.0,2787.0,2756.0,2096.0,3756.0,1132.0,1299.0,1325.0,917.0,919.0,920.0,933.0,928.0,926.0,2476.0,2654.0,2829.0,1132.0,1299.0,1325.0,917.0,919.0,920.0
1.0,7268.0,2743.0,2757.0,3057.0,3446.0,857.0,1201.0,1388.0,917.0,920.0,920.0,913.0,920.0,910.0,2536.0,2377.0,2355.0,857.0,1201.0,1388.0,917.0,920.0,920.0
1.0,7582.0,2770.0,2758.0,3756.0,2464.0,648.0,835.0,981.0,918.0,920.0,920.0,919.0,933.0,918.0,2811.0,2479.0,2292.0,648.0,835.0,981.0,918.0,920.0,920.0
1.0,8568.0,2771.0,2758.0,3446.0,1789.0,716.0,561.0,512.0,918.0,920.0,920.0,925.0,927.0,919.0,3024.0,2845.0,2699.0,716.0,561.0,512.0,918.0,920.0,920.0
1.0,9243.0,2739.0,2758.0,2464.0,2064.0,981.0,643.0,440.0,918.0,920.0,920.0,913.0,917.0,909.0,2956.0,3119.0,3168.0,981.0,643.0,440.0,918.0,920.0,920.0
1.0,8968.0,2777.0,2758.0,1789.0,3052.0,1187.0,1012.0,853.0,918.0,920.0,920.0,922.0,930.0,925.0,2691.0,3037.0,3240.0,1187.0,1012.0,853.0,918.0,920.0,920.0
1.0,7980.0,2747.0,2757.0,2064.0,3731.0,1126.0,1279.0,1326.0,918.0,920.0,919.0,920.0,910.0,917.0,2485.0,2668.0,2827.0,1126.0,1279.0,1326.0,918.0,920.0,919.0
1.0,7297.0,2754.0,2757.0,3052.0,3433.0,867.0,1182.0,1384.0,918.0,920.0,919.0,928.0,915.0,911.0,2546.0,2401.0,2350.0,867.0,1182.0,1384.0,918.0,920.0,919.0
1.0,7595.0,2765.0,2759.0,3731.0,2475.0,675.0,824.0,976.0,919.0,921.0,919.0,930.0,917.0,918.0,2805.0,2498.0,2292.0,675.0,824.0,976.0,919.0,921.0,919.0
1.0,8561.0,2764.0,2759.0,3433.0,1806.0,728.0,568.0,510.0,919.0,921.0,919.0,920.0,926.0,918.0,3001.0,2860.0,2700.0,728.0,568.0,510.0,919.0,921.0,919.0
1.0,9230.0,2769.0,2760.0,2475.0,2104.0,982.0,672.0,450.0,920.0,921.0,919.0,925.0,928.0,916.0,2948.0,3116.0,3166.0,982.0,672.0,450.0,920.0,921.0,919.0
1.0,8936.0,2797.0,2760.0,1806.0,3095.0,1194.0,1034.0,867.0,920.0,921.0,919.0,940.0,930.0,927.0,2698.0,3012.0,3226.0,1194.0,1034.0,867.0,920.0,921.0,919.0
1.0,7945.0,2767.0,2760.0,2104.0,3758.0,1133.0,1282.0,1343.0,920.0,921.0,919.0,921.0,920.0,926.0,2486.0,2650.0,2809.0,1133.0,1282.0,1343.0,920.0,921.0,919.0
1.0,7282.0,2833.0,2761.0,3095.0,3500.0,890.0,1183.0,1427.0,921.0,921.0,919.0,947.0,935.0,951.0,2547.0,2402.0,2333.0,890.0,1183.0,1427.0,921.0,921.0,919.0
1.0,7544.0,2777.0,2763.0,3758.0,2527.0,680.0,829.0,1018.0,921.0,922.0,920.0,923.0,924.0,930.0,2794.0,2501.0,2249.0,680.0,829.0,1018.0,921.0,922.0,920.0
1.0,8525.0,2732.0,2763.0,3500.0,1759.0,704.0,555.0,500.0,921.0,922.0,920.0,914.0,909.0,909.0,3004.0,2859.0,2662.0,704.0,555.0,500.0,921.0,922.0,920.0
1.0,9293.0,2786.0,2764.0,2527.0,2022.0,956.0,658.0,408.0,922.0,922.0,920.0,928.0,932.0,926.0,2980.0,3133.0,3180.0,956.0,658.0,408.0,922.0,922.0,920.0
1.0,9034.0,2744.0,2763.0,1759.0,3003.0,1162.0,1021.0,820.0,921.0,922.0,920.0,914.0,918.0,912.0,2732.0,3030.0,3272.0,1162.0,1021.0,820.0,921.0,922.0,920.0
1.0,8049.0,2786.0,2764.0,2022.0,3771.0,1136.0,1290.0,1345.0,922.0,922.0,920.0,926.0,927.0,933.0,2522.0,2667.0,2860.0,1136.0,1290.0,1345.0,922.0,922.0,920.0
1.0,7285.0,2780.0,2765.0,3003.0,3552.0,894.0,1211.0,1447.0,922.0,923.0,920.0,920.0,938.0,922.0,2552.0,2398.0,2335.0,894.0,1211.0,1447.0,922.0,923.0,920.0
1.0,7508.0,2769.0,2765.0,3771.0,2550.0,675.0,856.0,1019.0,922.0,923.0,920.0,917.0,935.0,917.0,2794.0,2481.0,2233.0,675.0,856.0,1019.0,922.0,923.0,920.0
1.0,8510.0,2806.0,2765.0,3552.0,1804.0,721.0,570.0,513.0,922.0,923.0,920.0,940.0,925.0,941.0,3013.0,2836.0,2661.0,721.0,570.0,513.0,922.0,923.0,920.0
1.0,9256.0,2788.0,2766.0,2550.0,2046.0,981.0,646.0,419.0,923.0,923.0,920.0,931.0,932.0,925.0,2967.0,3122.0,3167.0,981.0,646.0,419.0,923.0,923.0,920.0
1.0,9018.0,2770.0,2767.0,1804.0,3016.0,1179.0,1005.0,832.0,923.0,924.0,920.0,919.0,925.0,926.0,2711.0,3046.0,3261.0,1179.0,1005.0,832.0,923.0,924.0,920.0
1.0,8052.0,2732.0,2767.0,2046.0,3702.0,1106.0,1275.0,1321.0,923.0,924.0,920.0,908.0,916.0,908.0,2513.0,2691.0,2848.0,1106.0,1275.0,1321.0,923.0,924.0,920.0
1.0,7366.0,2764.0,2767.0,3016.0,3450.0,855.0,1188.0,1407.0,923.0,924.0,920.0,928.0,918.0,918.0,2586.0,2421.0,2359.0,855.0,1188.0,1407.0,923.0,924.0,920.0
1.0,7618.0,2717.0,2766.0,3702.0,2461.0,652.0,817.0,992.0,923.0,924.0,919.0,903.0,904.0,910.0,2837.0,2508.0,2273.0,652.0,817.0,992.0,923.0,924.0,919.0
1.0,8603.0,2746.0,2767.0,3450.0,1761.0,711.0,550.0,500.0,923.0,924.0,920.0,914.0,921.0,911.0,3040.0,2879.0,2684.0,711.0,550.0,500.0,923.0,924.0,920.0
1.0,9307.0,2788.0,2766.0,2461.0,2084.0,982.0,670.0,432.0,923.0,924.0,919.0,923.0,937.0,928.0,2981.0,3146.0,3180.0,982.0,670.0,432.0,923.0,924.0,919.0
1.0,8980.0,2773.0,2768.0,1761.0,3104.0,1206.0,1038.0,860.0,924.0,924.0,920.0,931.0,918.0,924.0,2710.0,3026.0,3244.0,1206.0,1038.0,860.0,924.0,924.0,920.0
1.0,7968.0,2807.0,2768.0,2084.0,3827.0,1156.0,1304.0,1367.0,924.0,924.0,920.0,932.0,936.0,939.0,2490.0,2658.0,2820.0,1156.0,1304.0,1367.0,924.0,924.0,920.0
1.0,7245.0,2773.0,2767.0,3104.0,3492.0,866.0,1195.0,1431.0,923.0,924.0,920.0,920.0,929.0,924.0,2540.0,2392.0,2313.0,866.0,1195.0,1431.0,923.0,924.0,920.0
1.0,7576.0,2761.0,2769.0,3827.0,2434.0,637.0,804.0,993.0,924.0,924.0,921.0,923.0,913.0,925.0,2826.0,2501.0,2249.0,637.0,804.0,993.0,924.0,924.0,921.0
1.0,8642.0,2778.0,2768.0,3492.0,1716.0,689.0,536.0,491.0,924.0,924.0,920.0,918.0,927.0,933.0,3059.0,2892.0,2691.0,689.0,536.0,491.0,924.0,924.0,920.0
1.0,9356.0,2797.0,2769.0,2434.0,2083.0,983.0,665.0,435.0,924.0,924.0,921.0,931.0,933.0,933.0,3007.0,3160.0,3189.0,983.0,665.0,435.0,924.0,924.0,921.0
1.0,8993.0,2784.0,2770.0,1716.0,3155.0,1230.0,1050.0,875.0,925.0,924.0,921.0,932.0,921.0,931.0,2713.0,3031.0,3249.0,1230.0,1050.0,875.0,925.0,924.0,921.0
1.0,7925.0,2811.0,2771.0,2083.0,3887.0,1185.0,1332.0,1370.0,925.0,925.0,921.0,938.0,943.0,930.0,2470.0,2646.0,2809.0,1185.0,1332.0,1370.0,925.0,925.0,921.0
1.0,7197.0,2797.0,2771.0,3155.0,3529.0,877.0,1223.0,1429.0,924.0,925.0,922.0,926.0,941.0,930.0,2515.0,2368.0,2314.0,877.0,1223.0,1429.0,924.0,925.0,922.0
1.0,7555.0,2822.0,2772.0,3887.0,2468.0,632.0,842.0,994.0,925.0,925.0,922.0,936.0,951.0,935.0,2819.0,2477.0,2259.0,632.0,842.0,994.0,925.0,925.0,922.0
1.0,8620.0,2795.0,2773.0,3529.0,1738.0,703.0,552.0,483.0,925.0,926.0,922.0,948.0,929.0,918.0,3068.0,2858.0,2694.0,703.0,552.0,483.0,925.0,926.0,922.0
1.0,9354.0,2808.0,2774.0,2468.0,2082.0,1013.0,642.0,427.0,926.0,926.0,922.0,938.0,932.0,938.0,2997.0,3152.0,3205.0,1013.0,642.0,427.0,926.0,926.0,922.0
1.0,9014.0,2815.0,2775.0,1738.0,3163.0,1253.0,1021.0,889.0,926.0,926.0,923.0,943.0,931.0,941.0,2691.0,3062.0,3261.0,1253.0,1021.0,889.0,926.0,926.0,923.0
1.0,7937.0,2785.0,2775.0,2082.0,3866.0,1173.0,1301.0,1392.0,926.0,926.0,923.0,933.0,922.0,930.0,2451.0,2683.0,2803.0,1173.0,1301.0,1392.0,926.0,926.0,923.0
1.0,7234.0,2795.0,2775.0,3163.0,3498.0,846.0,1215.0,1437.0,926.0,926.0,923.0,926.0,935.0,934.0,2531.0,2403.0,2300.0,846.0,1215.0,1437.0,926.0,926.0,923.0
1.0,7602.0,2844.0,2777.0,3866.0,2484.0,625.0,859.0,1000.0,927.0,926.0,924.0,948.0,945.0,951.0,2858.0,2489.0,2255.0,625.0,859.0,1000.0,927.0,926.0,924.0
1.0,8624.0,2845.0,2779.0,3498.0,1839.0,722.0,597.0,520.0,927.0,927.0,925.0,943.0,949.0,953.0,3083.0,2845.0,2696.0,722.0,597.0,520.0,927.0,927.0,925.0
1.0,9277.0,2810.0,2780.0,2484.0,2169.0,1029.0,679.0,461.0,928.0,927.0,925.0,928.0,941.0,941.0,2986.0,3111.0,3180.0,1029.0,679.0,461.0,928.0,927.0,925.0
1.0,8951.0,2814.0,2782.0,1839.0,3152.0,1243.0,1030.0,879.0,928.0,928.0,926.0,936.0,944.0,934.0,2683.0,3029.0,3239.0,1243.0,1030.0,879.0,928.0,928.0,926.0
1.0,7976.0,2843.0,2782.0,2169.0,3826.0,1160.0,1306.0,1360.0,928.0,928.0,926.0,946.0,955.0,942.0,2469.0,2682.0,2825.0,1160.0,1306.0,1360.0,928.0,928.0,926.0
1.0,7302.0,2836.0,2784.0,3152.0,3518.0,860.0,1224.0,1434.0,928.0,929.0,927.0,943.0,944.0,949.0,2552.0,2406.0,2344.0,860.0,1224.0,1434.0,928.0,929.0,927.0
1.0,7618.0,2872.0,2784.0,3826.0,2564.0,658.0,880.0,1026.0,928.0,929.0,927.0,958.0,962.0,952.0,2852.0,2492.0,2274.0,658.0,880.0,1026.0,928.0,929.0,927.0
1.0,8572.0,2814.0,2785.0,3518.0,1864.0,737.0,604.0,523.0,928.0,930.0,927.0,939.0,944.0,931.0,3054.0,2836.0,2682.0,737.0,604.0,523.0,928.0,930.0,927.0
1.0,9276.0,2842.0,2787.0,2564.0,2150.0,1028.0,663.0,459.0,929.0,930.0,928.0,945.0,939.0,958.0,2975.0,3116.0,3185.0,1028.0,663.0,459.0,929.0,930.0,928.0
1.0,8998.0,2835.0,2788.0,1864.0,3125.0,1238.0,997.0,890.0,929.0,930.0,929.0,947.0,938.0,950.0,2688.0,3057.0,3253.0,1238.0,997.0,890.0,929.0,930.0,929.0
1.0,8027.0,2817.0,2789.0,2150.0,3796.0,1152.0,1281.0,1363.0,930.0,930.0,929.0,938.0,947.0,932.0,2478.0,2723.0,2826.0,1152.0,1281.0,1363.0,930.0,930.0,929.0
1.0,7360.0,2846.0,2791.0,3125.0,3525.0,864.0,1242.0,1419.0,930.0,931.0,930.0,950.0,954.0,942.0,2568.0,2439.0,2353.0,864.0,1242.0,1419.0,930.0,931.0,930.0
1.0,7639.0,2812.0,2792.0,3796.0,2545.0,658.0,894.0,993.0,931.0,931.0,930.0,942.0,933.0,937.0,2856.0,2482.0,2301.0,658.0,894.0,993.0,931.0,931.0,930.0
1.0,8623.0,2826.0,2793.0,3525.0,1850.0,729.0,607.0,514.0,931.0,932.0,930.0,935.0,951.0,940.0,3066.0,2830.0,2727.0,729.0,607.0,514.0,931.0,932.0,930.0
1.0,9322.0,2812.0,2794.0,2545.0,2121.0,1007.0,651.0,463.0,931.0,932.0,931.0,936.0,938.0,938.0,2995.0,3121.0,3206.0,1007.0,651.0,463.0,931.0,932.0,931.0
1.0,9055.0,2811.0,2795.0,1850.0,3086.0,1214.0,988.0,884.0,931.0,933.0,931.0,936.0,940.0,935.0,2717.0,3077.0,3261.0,1214.0,988.0,884.0,931.0,933.0,931.0
1.0,8094.0,2848.0,2797.0,2121.0,3821.0,1155.0,1291.0,1375.0,932.0,933.0,932.0,944.0,954.0,950.0,2510.0,2744.0,2840.0,1155.0,1291.0,1375.0,932.0,933.0,932.0
1.0,7367.0,2796.0,2798.0,3086.0,3535.0,864.0,1241.0,1430.0,932.0,934.0,932.0,923.0,934.0,939.0,2573.0,2441.0,2353.0,864.0,1241.0,1430.0,932.0,934.0,932.0
1.0,7657.0,2821.0,2799.0,3821.0,2539.0,649.0,895.0,995.0,932.0,934.0,933.0,940.0,945.0,936.0,2864.0,2495.0,2298.0,649.0,895.0,995.0,932.0,934.0,933.0
1.0,8657.0,2784.0,2799.0,3535.0,1788.0,702.0,584.0,502.0,932.0,934.0,933.0,917.0,930.0,937.0,3079.0,2841.0,2737.0,702.0,584.0,502.0,932.0,934.0,933.0
1.0,9408.0,2825.0,2799.0,2539.0,2074.0,985.0,633.0,456.0,932.0,934.0,933.0,932.0,944.0,949.0,3026.0,3152.0,3230.0,985.0,633.0,456.0,932.0,934.0,933.0
1.0,9122.0,2816.0,2799.0,1788.0,3102.0,1220.0,977.0,905.0,932.0,934.0,933.0,937.0,928.0,951.0,2743.0,3103.0,3276.0,1220.0,977.0,905.0,932.0,934.0,933.0
1.0,8094.0,2852.0,2801.0,2074.0,3888.0,1180.0,1301.0,1407.0,932.0,935.0,934.0,945.0,953.0,954.0,2508.0,2759.0,2827.0,1180.0,1301.0,1407.0,932.0,935.0,934.0
1.0,7316.0,2832.0,2803.0,3102.0,3626.0,902.0,1275.0,1449.0,933.0,936.0,934.0,938.0,947.0,947.0,2548.0,2439.0,2329.0,902.0,1275.0,1449.0,933.0,936.0,934.0
1.0,7586.0,2767.0,2801.0,3888.0,2497.0,633.0,894.0,970.0,932.0,935.0,934.0,915.0,924.0,928.0,2830.0,2469.0,2287.0,633.0,894.0,970.0,932.0,935.0,934.0
1.0,8707.0,2808.0,2804.0,3626.0,1691.0,669.0,560.0,462.0,933.0,936.0,935.0,934.0,937.0,937.0,3095.0,2846.0,2766.0,669.0,560.0,462.0,933.0,936.0,935.0
1.0,9525.0,2790.0,2804.0,2497.0,1984.0,968.0,600.0,416.0,933.0,936.0,935.0,932.0,934.0,924.0,3063.0,3184.0,3278.0,968.0,600.0,416.0,933.0,936.0,935.0
1.0,9232.0,2801.0,2804.0,1691.0,3094.0,1235.0,974.0,885.0,933.0,936.0,935.0,936.0,934.0,931.0,2764.0,3144.0,3324.0,1235.0,974.0,885.0,933.0,936.0,935.0
1.0,8122.0,2741.0,2803.0,1984.0,3847.0,1177.0,1282.0,1388.0,933.0,935.0,935.0,910.0,912.0,919.0,2497.0,2770.0,2855.0,1177.0,1282.0,1388.0,933.0,935.0,935.0
1.0,7365.0,2774.0,2803.0,3094.0,3527.0,860.0,1232.0,1435.0,933.0,935.0,935.0,918.0,924.0,932.0,2555.0,2458.0,2352.0,860.0,1232.0,1435.0,933.0,935.0,935.0
1.0,7685.0,2800.0,2802.0,3847.0,2476.0,608.0,883.0,985.0,932.0,935.0,935.0,929.0,933.0,938.0,2872.0,2508.0,2305.0,608.0,883.0,985.0,932.0,935.0,935.0
1.0,8732.0,2825.0,2804.0,3527.0,1782.0,697.0,594.0,491.0,933.0,936.0,935.0,945.0,939.0,941.0,3120.0,2857.0,2755.0,697.0,594.0,491.0,933.0,936.0,935.0
1.0,9434.0,2822.0,2806.0,2476.0,2136.0,1037.0,653.0,446.0,934.0,936.0,936.0,944.0,942.0,936.0,3035.0,3150.0,3249.0,1037.0,653.0,446.0,934.0,936.0,936.0
1.0,9088.0,2801.0,2806.0,1782.0,3155.0,1275.0,995.0,885.0,934.0,936.0,936.0,935.0,936.0,930.0,2699.0,3091.0,3298.0,1275.0,995.0,885.0,934.0,936.0,936.0
1.0,8069.0,2772.0,2807.0,2136.0,3795.0,1167.0,1261.0,1367.0,934.0,937.0,936.0,929.0,915.0,928.0,2461.0,2749.0,2859.0,1167.0,1261.0,1367.0,934.0,937.0,936.0
1.0,7433.0,2699.0,2806.0,3155.0,3335.0,796.0,1160.0,1379.0,934.0,936.0,936.0,904.0,898.0,897.0,2569.0,2487.0,2377.0,796.0,1160.0,1379.0,934.0,936.0,936.0
1.0,7889.0,2801.0,2806.0,3795.0,2341.0,571.0,831.0,939.0,934.0,936.0,936.0,942.0,932.0,927.0,2940.0,2584.0,2365.0,571.0,831.0,939.0,934.0,936.0,936.0
1.0,8883.0,2753.0,2806.0,3335.0,1759.0,689.0,598.0,472.0,934.0,936.0,936.0,914.0,927.0,912.0,3165.0,2913.0,2805.0,689.0,598.0,472.0,934.0,936.0,936.0
1.0,9465.0,2818.0,2806.0,2341.0,2236.0,1060.0,706.0,470.0,934.0,936.0,936.0,942.0,939.0,937.0,3047.0,3146.0,3272.0,1060.0,706.0,470.0,934.0,936.0,936.0
1.0,8988.0,2793.0,2807.0,1759.0,3274.0,1303.0,1037.0,934.0,935.0,936.0,936.0,928.0,929.0,936.0,2676.0,3038.0,3274.0,1303.0,1037.0,934.0,935.0,936.0,936.0
1.0,7954.0,2811.0,2808.0,2236.0,3853.0,1189.0,1267.0,1397.0,935.0,937.0,936.0,946.0,932.0,933.0,2437.0,2707.0,2810.0,1189.0,1267.0,1397.0,935.0,937.0,936.0
1.0,7379.0,2793.0,2808.0,3274.0,3372.0,819.0,1157.0,1396.0,935.0,937.0,936.0,933.0,927.0,933.0,2551.0,2481.0,2347.0,819.0,1157.0,1396.0,935.0,937.0,936.0
1.0,7860.0,2766.0,2808.0,3853.0,2285.0,553.0,817.0,915.0,935.0,937.0,936.0,923.0,927.0,916.0,2921.0,2591.0,2348.0,553.0,817.0,915.0,935.0,937.0,936.0
1.0,8947.0,2799.0,2808.0,3372.0,1712.0,673.0,586.0,453.0,935.0,937.0,936.0,939.0,926.0,934.0,3187.0,2931.0,2829.0,673.0,586.0,453.0,935.0,937.0,936.0
1.0,9520.0,2800.0,2808.0,2285.0,2227.0,1060.0,705.0,462.0,935.0,937.0,936.0,940.0,936.0,924.0,3067.0,3162.0,3291.0,1060.0,705.0,462.0,935.0,937.0,936.0
1.0,9005.0,2828.0,2809.0,1712.0,3347.0,1338.0,1060.0,949.0,936.0,937.0,936.0,947.0,941.0,940.0,2680.0,3043.0,3282.0,1338.0,1060.0,949.0,936.0,937.0,936.0
1.0,7889.0,2791.0,2808.0,2227.0,3907.0,1212.0,1277.0,1418.0,936.0,936.0,936.0,934.0,926.0,931.0,2406.0,2688.0,2795.0,1212.0,1277.0,1418.0,936.0,936.0,936.0
1.0,7325.0,2813.0,2808.0,3347.0,3373.0,820.0,1161.0,1392.0,936.0,936.0,936.0,946.0,944.0,923.0,2532.0,2467.0,2326.0,820.0,1161.0,1392.0,936.0,936.0,936.0
1.0,7859.0,2887.0,2810.0,3907.0,2361.0,571.0,850.0,940.0,936.0,937.0,937.0,963.0,962.0,962.0,2924.0,2583.0,2352.0,571.0,850.0,940.0,936.0,937.0,937.0
1.0,8879.0,2798.0,2809.0,3373.0,1782.0,699.0,617.0,466.0,936.0,937.0,936.0,948.0,928.0,922.0,3173.0,2898.0,2808.0,699.0,617.0,466.0,936.0,937.0,936.0
1.0,9454.0,2845.0,2810.0,2361.0,2270.0,1075.0,731.0,464.0,936.0,938.0,936.0,947.0,960.0,938.0,3045.0,3131.0,3278.0,1075.0,731.0,464.0,936.0,938.0,936.0
1.0,8970.0,2872.0,2812.0,1782.0,3368.0,1337.0,1075.0,956.0,937.0,938.0,937.0,957.0,961.0,954.0,2669.0,3021.0,3280.0,1337.0,1075.0,956.0,937.0,938.0,937.0
1.0,7880.0,2815.0,2811.0,2270.0,3909.0,1202.0,1283.0,1424.0,937.0,938.0,936.0,940.0,939.0,936.0,2411.0,2677.0,2792.0,1202.0,1283.0,1424.0,937.0,938.0,936.0
1.0,7335.0,2853.0,2811.0,3368.0,3394.0,817.0,1161.0,1416.0,937.0,938.0,936.0,952.0,953.0,948.0,2546.0,2469.0,2320.0,817.0,1161.0,1416.0,937.0,938.0,936.0
1.0,7850.0,2818.0,2811.0,3909.0,2303.0,556.0,826.0,921.0,937.0,938.0,936.0,941.0,948.0,929.0,2931.0,2591.0,2328.0,556.0,826.0,921.0,937.0,938.0,936.0
1.0,8941.0,2858.0,2812.0,3394.0,1771.0,705.0,611.0,455.0,938.0,938.0,936.0,962.0,946.0,950.0,3192.0,2926.0,2823.0,705.0,611.0,455.0,938.0,938.0,936.0
1.0,9477.0,2845.0,2812.0,2303.0,2313.0,1104.0,745.0,464.0,938.0,938.0,936.0,955.0,960.0,930.0,3047.0,3141.0,3289.0,1104.0,745.0,464.0,938.0,938.0,936.0
1.0,8935.0,2866.0,2813.0,1771.0,3412.0,1356.0,1094.0,962.0,938.0,939.0,936.0,957.0,956.0,953.0,2648.0,3007.0,3280.0,1356.0,1094.0,962.0,938.0,939.0,936.0
1.0,7840.0,2877.0,2813.0,2313.0,3976.0,1216.0,1312.0,1448.0,938.0,939.0,936.0,964.0,963.0,950.0,2396.0,2662.0,2782.0,1216.0,1312.0,1448.0,938.0,939.0,936.0
1.0,7276.0,2828.0,2814.0,3412.0,3396.0,813.0,1156.0,1427.0,939.0,939.0,936.0,949.0,938.0,941.0,2536.0,2444.0,2296.0,813.0,1156.0,1427.0,939.0,939.0,936.0
1.0,7860.0,2881.0,2814.0,3976.0,2301.0,560.0,801.0,940.0,939.0,939.0,936.0,963.0,957.0,961.0,2943.0,2600.0,2317.0,560.0,801.0,940.0,939.0,939.0,936.0
1.0,8955.0,2860.0,2814.0,3396.0,1765.0,706.0,598.0,461.0,939.0,939.0,936.0,959.0,953.0,948.0,3196.0,2955.0,2804.0,706.0,598.0,461.0,939.0,939.0,936.0
1.0,9491.0,2863.0,2816.0,2301.0,2335.0,1111.0,746.0,478.0,940.0,939.0,937.0,961.0,949.0,953.0,3050.0,3158.0,3283.0,1111.0,746.0,478.0,940.0,939.0,937.0
1.0,8929.0,2839.0,2816.0,1765.0,3409.0,1357.0,1094.0,958.0,940.0,939.0,937.0,952.0,946.0,941.0,2649.0,3010.0,3270.0,1357.0,1094.0,958.0,940.0,939.0,937.0
1.0,7855.0,2801.0,2815.0,2335.0,3871.0,1165.0,1291.0,1415.0,939.0,939.0,937.0,923.0,943.0,935.0,2403.0,2662.0,2790.0,1165.0,1291.0,1415.0,939.0,939.0,937.0
1.0,7389.0,2821.0,2815.0,3409.0,3283.0,750.0,1135.0,1398.0,939.0,939.0,937.0,942.0,938.0,941.0,2591.0,2465.0,2333.0,750.0,1135.0,1398.0,939.0,939.0,937.0
1.0,7977.0,2873.0,2816.0,3871.0,2289.0,547.0,804.0,938.0,940.0,939.0,937.0,958.0,960.0,955.0,3006.0,2621.0,2350.0,547.0,804.0,938.0,940.0,939.0,937.0
1.0,8975.0,2887.0,2818.0,3283.0,1901.0,758.0,633.0,510.0,940.0,940.0,938.0,961.0,960.0,966.0,3213.0,2952.0,2810.0,758.0,633.0,510.0,940.0,940.0,938.0
1.0,9371.0,2858.0,2818.0,2289.0,2470.0,1165.0,783.0,522.0,940.0,940.0,938.0,954.0,954.0,950.0,3002.0,3127.0,3242.0,1165.0,783.0,522.0,940.0,940.0,938.0
1.0,8802.0,2873.0,2819.0,1901.0,3446.0,1368.0,1112.0,966.0,941.0,940.0,938.0,957.0,962.0,954.0,2595.0,2977.0,3230.0,1368.0,1112.0,966.0,941.0,940.0,938.0
1.0,7830.0,2850.0,2819.0,2470.0,3826.0,1145.0,1278.0,1403.0,941.0,940.0,938.0,942.0,949.0,959.0,2396.0,2648.0,2786.0,1145.0,1278.0,1403.0,941.0,940.0,938.0
1.0,7450.0,2870.0,2822.0,3446.0,3262.0,736.0,1130.0,1396.0,942.0,941.0,939.0,955.0,960.0,955.0,2619.0,2482.0,2349.0,736.0,1130.0,1396.0,942.0,941.0,939.0
1.0,8026.0,2873.0,2822.0,3826.0,2309.0,536.0,818.0,955.0,942.0,941.0,939.0,945.0,966.0,962.0,3032.0,2634.0,2360.0,536.0,818.0,955.0,942.0,941.0,939.0
1.0,8979.0,2850.0,2823.0,3262.0,1901.0,752.0,644.0,505.0,942.0,942.0,939.0,952.0,952.0,946.0,3232.0,2946.0,2801.0,752.0,644.0,505.0,942.0,942.0,939.0
1.0,9391.0,2873.0,2824.0,2309.0,2469.0,1185.0,783.0,501.0,943.0,942.0,939.0,965.0,957.0,951.0,3016.0,3124.0,3251.0,1185.0,783.0,501.0,943.0,942.0,939.0
1.0,8827.0,2838.0,2824.0,1901.0,3406.0,1369.0,1087.0,950.0,943.0,942.0,939.0,936.0,948.0,954.0,2587.0,2985.0,3255.0,1369.0,1087.0,950.0,943.0,942.0,939.0
1.0,7890.0,2797.0,2824.0,2469.0,3734.0,1109.0,1245.0,1380.0,943.0,942.0,939.0,925.0,941.0,931.0,2403.0,2681.0,2806.0,1109.0,1245.0,1380.0,943.0,942.0,939.0
1.0,7562.0,2821.0,2824.0,3406.0,3149.0,680.0,1095.0,1374.0,943.0,942.0,939.0,940.0,937.0,944.0,2663.0,2523.0,2376.0,680.0,1095.0,1374.0,943.0,942.0,939.0
1.0,8147.0,2854.0,2826.0,3734.0,2277.0,513.0,808.0,956.0,943.0,943.0,940.0,942.0,954.0,958.0,3092.0,2673.0,2382.0,513.0,808.0,956.0,943.0,943.0,940.0
1.0,9027.0,2829.0,2826.0,3149.0,1957.0,772.0,661.0,524.0,943.0,943.0,940.0,939.0,948.0,942.0,3259.0,2964.0,2804.0,772.0,661.0,524.0,943.0,943.0,940.0
1.0,9347.0,2824.0,2829.0,2277.0,2516.0,1194.0,802.0,520.0,944.0,944.0,941.0,931.0,945.0,948.0,3000.0,3111.0,3236.0,1194.0,802.0,520.0,944.0,944.0,941.0
1.0,8800.0,2847.0,2829.0,1957.0,3406.0,1361.0,1094.0,951.0,944.0,944.0,941.0,939.0,953.0,955.0,2582.0,2974.0,3244.0,1361.0,1094.0,951.0,944.0,944.0,941.0
1.0,7910.0,2827.0,2829.0,2516.0,3717.0,1103.0,1235.0,1379.0,944.0,944.0,941.0,936.0,943.0,948.0,2415.0,2682.0,2813.0,1103.0,1235.0,1379.0,944.0,944.0,941.0
1.0,7599.0,2837.0,2830.0,3406.0,3152.0,679.0,1088.0,1385.0,944.0,944.0,942.0,937.0,947.0,953.0,2673.0,2541.0,2385.0,679.0,1088.0,1385.0,944.0,944.0,942.0
1.0,8168.0,2855.0,2831.0,3717.0,2294.0,531.0,805.0,958.0,944.0,945.0,942.0,955.0,948.0,952.0,3097.0,2688.0,2383.0,531.0,805.0,958.0,944.0,945.0,942.0
1.0,9030.0,2834.0,2831.0,3152.0,1976.0,792.0,655.0,529.0,944.0,945.0,942.0,940.0,938.0,956.0,3245.0,2975.0,2810.0,792.0,655.0,529.0,944.0,945.0,942.0
1.0,9348.0,2833.0,2832.0,2294.0,2519.0,1193.0,801.0,525.0,944.0,945.0,943.0,932.0,951.0,950.0,2984.0,3125.0,3239.0,1193.0,801.0,525.0,944.0,945.0,943.0
1.0,8809.0,2879.0,2836.0,1976.0,3438.0,1354.0,1115.0,969.0,945.0,947.0,944.0,949.0,961.0,969.0,2583.0,2979.0,3247.0,1354.0,1115.0,969.0,945.0,947.0,944.0
1.0,7906.0,2843.0,2837.0,2519.0,3766.0,1099.0,1264.0,1403.0,945.0,947.0,945.0,938.0,950.0,955.0,2426.0,2673.0,2807.0,1099.0,1264.0,1403.0,945.0,947.0,945.0
1.0,7582.0,2823.0,2838.0,3438.0,3155.0,688.0,1088.0,1379.0,946.0,947.0,945.0,939.0,939.0,945.0,2681.0,2524.0,2377.0,688.0,1088.0,1379.0,946.0,947.0,945.0
1.0,8197.0,2827.0,2839.0,3766.0,2220.0,525.0,765.0,930.0,946.0,947.0,946.0,936.0,941.0,950.0,3096.0,2700.0,2401.0,525.0,765.0,930.0,946.0,947.0,946.0
1.0,9136.0,2821.0,2839.0,3155.0,1886.0,771.0,614.0,501.0,946.0,947.0,946.0,934.0,937.0,950.0,3259.0,3023.0,2854.0,771.0,614.0,501.0,946.0,947.0,946.0
1.0,9470.0,2841.0,2840.0,2220.0,2511.0,1194.0,795.0,522.0,946.0,948.0,946.0,948.0,942.0,951.0,3013.0,3174.0,3283.0,1194.0,795.0,522.0,946.0,948.0,946.0
1.0,8849.0,2839.0,2840.0,1886.0,3464.0,1371.0,1127.0,966.0,946.0,948.0,946.0,948.0,946.0,945.0,2590.0,2997.0,3262.0,1371.0,1127.0,966.0,946.0,948.0,946.0
1.0,7896.0,2784.0,2841.0,2511.0,3741.0,1105.0,1260.0,1376.0,946.0,948.0,947.0,928.0,928.0,928.0,2413.0,2665.0,2818.0,1105.0,1260.0,1376.0,946.0,948.0,947.0
1.0,7623.0,2789.0,2841.0,3464.0,3066.0,665.0,1058.0,1343.0,946.0,948.0,947.0,931.0,925.0,933.0,2679.0,2532.0,2412.0,665.0,1058.0,1343.0,946.0,948.0,947.0
1.0,8298.0,2831.0,2841.0,3741.0,2156.0,503.0,742.0,911.0,946.0,948.0,947.0,943.0,944.0,944.0,3119.0,2734.0,2445.0,503.0,742.0,911.0,946.0,948.0,947.0
1.0,9208.0,2842.0,2841.0,3066.0,1932.0,780.0,636.0,516.0,946.0,948.0,947.0,942.0,952.0,948.0,3281.0,3050.0,2877.0,780.0,636.0,516.0,946.0,948.0,947.0
1.0,9432.0,2861.0,2843.0,2156.0,2645.0,1228.0,844.0,573.0,946.0,949.0,948.0,951.0,946.0,964.0,3004.0,3156.0,3272.0,1228.0,844.0,573.0,946.0,949.0,948.0
1.0,8727.0,2860.0,2844.0,1932.0,3577.0,1400.0,1148.0,1029.0,946.0,949.0,949.0,952.0,940.0,968.0,2556.0,2952.0,3219.0,1400.0,1148.0,1029.0,946.0,949.0,949.0
1.0,7799.0,2850.0,2843.0,2645.0,3778.0,1134.0,1234.0,1410.0,946.0,948.0,949.0,962.0,934.0,954.0,2384.0,2648.0,2767.0,1134.0,1234.0,1410.0,946.0,948.0,949.0
1.0,7594.0,2823.0,2843.0,3577.0,3024.0,686.0,1027.0,1311.0,946.0,948.0,949.0,952.0,941.0,930.0,2650.0,2558.0,2386.0,686.0,1027.0,1311.0,946.0,948.0,949.0
1.0,8348.0,2856.0,2844.0,3778.0,2106.0,510.0,739.0,857.0,947.0,948.0,949.0,954.0,946.0,956.0,3098.0,2765.0,2485.0,510.0,739.0,857.0,947.0,948.0,949.0
1.0,9270.0,2844.0,2844.0,3024.0,1926.0,780.0,655.0,491.0,947.0,948.0,949.0,956.0,943.0,945.0,3278.0,3053.0,2939.0,780.0,655.0,491.0,947.0,948.0,949.0
1.0,9450.0,2867.0,2844.0,2106.0,2687.0,1226.0,870.0,591.0,947.0,948.0,949.0,956.0,954.0,957.0,3008.0,3137.0,3305.0,1226.0,870.0,591.0,947.0,948.0,949.0
1.0,8689.0,2857.0,2844.0,1926.0,3618.0,1408.0,1160.0,1050.0,947.0,948.0,949.0,962.0,945.0,950.0,2562.0,2922.0,3205.0,1408.0,1160.0,1050.0,947.0,948.0,949.0
1.0,7758.0,2865.0,2845.0,2687.0,3800.0,1141.0,1240.0,1419.0,947.0,948.0,950.0,959.0,950.0,956.0,2380.0,2632.0,2746.0,1141.0,1240.0,1419.0,947.0,948.0,950.0
1.0,7580.0,2865.0,2845.0,3618.0,3047.0,691.0,1033.0,1323.0,947.0,948.0,950.0,958.0,953.0,954.0,2647.0,2552.0,2381.0,691.0,1033.0,1323.0,947.0,948.0,950.0
1.0,8333.0,2884.0,2846.0,3800.0,2135.0,520.0,755.0,860.0,948.0,948.0,950.0,966.0,962.0,956.0,3097.0,2759.0,2477.0,520.0,755.0,860.0,948.0,948.0,950.0
1.0,9249.0,2882.0,2846.0,3047.0,1970.0,802.0,676.0,492.0,948.0,948.0,950.0,973.0,954.0,955.0,3272.0,3037.0,2940.0,802.0,676.0,492.0,948.0,948.0,950.0
1.0,9414.0,2912.0,2847.0,2135.0,2751.0,1258.0,886.0,607.0,948.0,948.0,951.0,976.0,965.0,971.0,2990.0,3116.0,3308.0,1258.0,886.0,607.0,948.0,948.0,951.0
1.0,8637.0,2893.0,2848.0,1970.0,3678.0,1433.0,1170.0,1075.0,949.0,948.0,951.0,973.0,960.0,960.0,2534.0,2906.0,3197.0,1433.0,1170.0,1075.0,949.0,948.0,951.0
1.0,7714.0,2878.0,2848.0,2751.0,3805.0,1145.0,1238.0,1422.0,949.0,948.0,951.0,970.0,954.0,954.0,2363.0,2622.0,2729.0,1145.0,1238.0,1422.0,949.0,948.0,951.0
1.0,7587.0,2864.0,2848.0,3678.0,2991.0,667.0,1023.0,1301.0,949.0,948.0,951.0,955.0,955.0,954.0,2651.0,2554.0,2382.0,667.0,1023.0,1301.0,949.0,948.0,951.0
1.0,8401.0,2862.0,2848.0,3805.0,2048.0,482.0,735.0,831.0,949.0,948.0,951.0,960.0,950.0,952.0,3129.0,2769.0,2503.0,482.0,735.0,831.0,949.0,948.0,951.0
1.0,9344.0,2882.0,2849.0,2991.0,1943.0,783.0,672.0,488.0,949.0,949.0,951.0,968.0,956.0,958.0,3314.0,3057.0,2973.0,783.0,672.0,488.0,949.0,949.0,951.0
1.0,9453.0,2859.0,2851.0,2048.0,2762.0,1271.0,886.0,605.0,950.0,949.0,952.0,966.0,949.0,944.0,3013.0,3124.0,3316.0,1271.0,886.0,605.0,950.0,949.0,952.0
1.0,8642.0,2866.0,2851.0,1943.0,3685.0,1448.0,1171.0,1066.0,950.0,949.0,952.0,960.0,957.0,949.0,2529.0,2910.0,3203.0,1448.0,1171.0,1066.0,950.0,949.0,952.0
1.0,7719.0,2876.0,2851.0,2762.0,3799.0,1150.0,1233.0,1416.0,950.0,949.0,952.0,973.0,948.0,955.0,2352.0,2625.0,2742.0,1150.0,1233.0,1416.0,950.0,949.0,952.0
1.0,7605.0,2923.0,2852.0,3685.0,3041.0,689.0,1037.0,1315.0,951.0,949.0,952.0,983.0,975.0,965.0,2650.0,2563.0,2392.0,689.0,1037.0,1315.0,951.0,949.0,952.0
1.0,8367.0,2870.0,2852.0,3799.0,2112.0,501.0,758.0,853.0,951.0,949.0,952.0,962.0,954.0,954.0,3115.0,2759.0,2493.0,501.0,758.0,853.0,951.0,949.0,952.0
1.0,9296.0,2893.0,2852.0,3041.0,1964.0,781.0,682.0,501.0,951.0,949.0,952.0,969.0,961.0,963.0,3303.0,3038.0,2955.0,781.0,682.0,501.0,951.0,949.0,952.0
1.0,9444.0,2836.0,2852.0,2112.0,2688.0,1232.0,868.0,588.0,951.0,949.0,952.0,952.0,944.0,940.0,3023.0,3114.0,3307.0,1232.0,868.0,588.0,951.0,949.0,952.0
1.0,8720.0,2880.0,2853.0,1964.0,3608.0,1419.0,1148.0,1041.0,952.0,949.0,952.0,964.0,962.0,954.0,2572.0,2928.0,3220.0,1419.0,1148.0,1041.0,952.0,949.0,952.0
1.0,7804.0,2869.0,2853.0,2688.0,3789.0,1141.0,1241.0,1407.0,952.0,949.0,952.0,954.0,961.0,954.0,2389.0,2648.0,2767.0,1141.0,1241.0,1407.0,952.0,949.0,952.0
1.0,7623.0,2865.0,2853.0,3608.0,3046.0,680.0,1051.0,1315.0,952.0,949.0,952.0,958.0,958.0,949.0,2667.0,2555.0,2401.0,680.0,1051.0,1315.0,952.0,949.0,952.0
1.0,8366.0,2912.0,2853.0,3789.0,2169.0,512.0,779.0,878.0,952.0,949.0,952.0,973.0,969.0,970.0,3128.0,2745.0,2493.0,512.0,779.0,878.0,952.0,949.0,952.0
1.0,9243.0,2931.0,2855.0,3046.0,2062.0,818.0,699.0,545.0,953.0,950.0,952.0,982.0,967.0,982.0,3296.0,3017.0,2930.0,818.0,699.0,545.0,953.0,950.0,952.0
1.0,9358.0,2844.0,2856.0,2169.0,2741.0,1259.0,874.0,608.0,953.0,950.0,953.0,953.0,954.0,937.0,2994.0,3101.0,3263.0,1259.0,874.0,608.0,953.0,950.0,953.0
1.0,8683.0,2904.0,2858.0,2062.0,3591.0,1414.0,1153.0,1024.0,954.0,951.0,953.0,969.0,974.0,961.0,2553.0,2926.0,3204.0,1414.0,1153.0,1024.0,954.0,951.0,953.0
1.0,7841.0,2860.0,2858.0,2741.0,3710.0,1114.0,1230.0,1366.0,954.0,951.0,953.0,959.0,951.0,950.0,2402.0,2651.0,2788.0,1114.0,1230.0,1366.0,954.0,951.0,953.0
1.0,7722.0,2896.0,2859.0,3591.0,3019.0,668.0,1045.0,1306.0,955.0,951.0,953.0,964.0,968.0,964.0,2702.0,2574.0,2446.0,668.0,1045.0,1306.0,955.0,951.0,953.0
1.0,8417.0,2854.0,2859.0,3710.0,2163.0,504.0,767.0,892.0,955.0,951.0,953.0,950.0,952.0,952.0,3152.0,2759.0,2506.0,504.0,767.0,892.0,955.0,951.0,953.0
1.0,9273.0,2843.0,2859.0,3019.0,1987.0,780.0,680.0,527.0,955.0,951.0,953.0,944.0,958.0,941.0,3316.0,3037.0,2920.0,780.0,680.0,527.0,955.0,951.0,953.0
1.0,9449.0,2903.0,2861.0,2163.0,2735.0,1241.0,900.0,594.0,956.0,952.0,953.0,961.0,983.0,959.0,3040.0,3124.0,3285.0,1241.0,900.0,594.0,956.0,952.0,953.0
1.0,8709.0,2896.0,2861.0,1987.0,3644.0,1417.0,1195.0,1032.0,956.0,952.0,953.0,956.0,975.0,965.0,2583.0,2908.0,3218.0,1417.0,1195.0,1032.0,956.0,952.0,953.0
1.0,7800.0,2869.0,2862.0,2735.0,3782.0,1135.0,1257.0,1390.0,956.0,953.0,953.0,959.0,958.0,952.0,2407.0,2613.0,2780.0,1135.0,1257.0,1390.0,956.0,953.0,953.0
1.0,7666.0,2877.0,2863.0,3644.0,3019.0,671.0,1025.0,1323.0,956.0,953.0,954.0,953.0,963.0,961.0,2689.0,2555.0,2422.0,671.0,1025.0,1323.0,956.0,953.0,954.0
1.0,8433.0,2853.0,2864.0,3782.0,2094.0,485.0,719.0,890.0,957.0,953.0,954.0,945.0,951.0,957.0,3153.0,2787.0,2493.0,485.0,719.0,890.0,957.0,953.0,954.0
1.0,9362.0,2878.0,2864.0,3019.0,1953.0,764.0,657.0,532.0,957.0,953.0,954.0,950.0,963.0,965.0,3343.0,3093.0,2926.0,764.0,657.0,532.0,957.0,953.0,954.0
1.0,9503.0,2862.0,2864.0,2094.0,2721.0,1225.0,902.0,594.0,957.0,953.0,954.0,946.0,964.0,952.0,3064.0,3155.0,3284.0,1225.0,902.0,594.0,957.0,953.0,954.0
1.0,8735.0,2886.0,2865.0,1953.0,3658.0,1420.0,1217.0,1021.0,957.0,954.0,954.0,959.0,968.0,959.0,2603.0,2910.0,3222.0,1420.0,1217.0,1021.0,957.0,954.0,954.0
1.0,7802.0,2841.0,2865.0,2721.0,3778.0,1135.0,1278.0,1365.0,957.0,954.0,954.0,940.0,963.0,938.0,2408.0,2599.0,2795.0,1135.0,1278.0,1365.0,957.0,954.0,954.0
1.0,7682.0,2855.0,2866.0,3658.0,2979.0,652.0,1025.0,1302.0,957.0,955.0,954.0,937.0,960.0,958.0,2693.0,2538.0,2451.0,652.0,1025.0,1302.0,957.0,955.0,954.0
1.0,8485.0,2879.0,2867.0,3778.0,2084.0,480.0,715.0,889.0,958.0,955.0,954.0,959.0,968.0,952.0,3176.0,2795.0,2514.0,480.0,715.0,889.0,958.0,955.0,954.0
1.0,9384.0,2888.0,2868.0,2979.0,1997.0,781.0,662.0,554.0,958.0,956.0,954.0,953.0,968.0,967.0,3352.0,3105.0,2927.0,781.0,662.0,554.0,958.0,956.0,954.0
1.0,9475.0,2900.0,2870.0,2084.0,2821.0,1258.0,924.0,639.0,958.0,957.0,955.0,957.0,973.0,970.0,3051.0,3162.0,3262.0,1258.0,924.0,639.0,958.0,957.0,955.0
1.0,8659.0,2894.0,2872.0,1997.0,3726.0,1441.0,1227.0,1058.0,959.0,957.0,956.0,960.0,965.0,969.0,2574.0,2904.0,3181.0,1441.0,1227.0,1058.0,959.0,957.0,956.0
1.0,7762.0,2935.0,2873.0,2821.0,3844.0,1155.0,1288.0,1401.0,959.0,958.0,956.0,972.0,981.0,982.0,2395.0,2601.0,2766.0,1155.0,1288.0,1401.0,959.0,958.0,956.0
1.0,7648.0,2866.0,2875.0,3726.0,2992.0,669.0,1017.0,1306.0,960.0,958.0,957.0,951.0,956.0,959.0,2681.0,2544.0,2423.0,669.0,1017.0,1306.0,960.0,958.0,957.0
1.0,8508.0,2873.0,2875.0,3844.0,2021.0,473.0,678.0,870.0,960.0,958.0,957.0,959.0,949.0,965.0,3171.0,2815.0,2522.0,473.0,678.0,870.0,960.0,958.0,957.0
1.0,9479.0,2900.0,2876.0,2992.0,1933.0,760.0,634.0,539.0,960.0,959.0,957.0,956.0,969.0,975.0,3367.0,3154.0,2958.0,760.0,634.0,539.0,960.0,959.0,957.0
1.0,9571.0,2888.0,2876.0,2021.0,2800.0,1249.0,920.0,631.0,960.0,959.0,957.0,962.0,964.0,962.0,3080.0,3202.0,3289.0,1249.0,920.0,631.0,960.0,959.0,957.0
1.0,8704.0,2866.0,2877.0,1933.0,3737.0,1447.0,1238.0,1052.0,960.0,960.0,957.0,958.0,948.0,960.0,2591.0,2916.0,3197.0,1447.0,1238.0,1052.0,960.0,960.0,957.0
1.0,7771.0,2913.0,2878.0,2800.0,3854.0,1161.0,1290.0,1403.0,960.0,960.0,958.0,963.0,972.0,978.0,2393.0,2602.0,2776.0,1161.0,1290.0,1403.0,960.0,960.0,958.0
1.0,7658.0,2927.0,2879.0,3737.0,3048.0,692.0,1033.0,1323.0,960.0,961.0,958.0,978.0,977.0,972.0,2679.0,2550.0,2429.0,692.0,1033.0,1323.0,960.0,961.0,958.0
1.0,8468.0,2897.0,2881.0,3854.0,2099.0,506.0,706.0,887.0,961.0,961.0,959.0,971.0,963.0,963.0,3148.0,2811.0,2509.0,506.0,706.0,887.0,961.0,961.0,959.0
1.0,9425.0,2894.0,2881.0,3048.0,1945.0,786.0,632.0,527.0,961.0,961.0,959.0,972.0,959.0,963.0,3338.0,3138.0,2949.0,786.0,632.0,527.0,961.0,961.0,959.0
1.0,9579.0,2904.0,2882.0,2099.0,2754.0,1240.0,901.0,613.0,961.0,962.0,959.0,960.0,971.0,973.0,3058.0,3212.0,3309.0,1240.0,901.0,613.0,961.0,962.0,959.0
1.0,8774.0,2911.0,2883.0,1945.0,3724.0,1425.0,1230.0,1069.0,961.0,962.0,960.0,971.0,961.0,979.0,2604.0,2947.0,3223.0,1425.0,1230.0,1069.0,961.0,962.0,960.0
1.0,7808.0,2857.0,2882.0,2754.0,3823.0,1140.0,1259.0,1424.0,961.0,961.0,960.0,955.0,934.0,968.0,2419.0,2618.0,2771.0,1140.0,1259.0,1424.0,961.0,961.0,960.0
1.0,7705.0,2890.0,2882.0,3724.0,2989.0,676.0,981.0,1332.0,961.0,961.0,960.0,961.0,952.0,977.0,2704.0,2585.0,2416.0,676.0,981.0,1332.0,961.0,961.0,960.0
1.0,8539.0,2920.0,2882.0,3823.0,2086.0,513.0,690.0,883.0,961.0,961.0,960.0,977.0,968.0,975.0,3168.0,2863.0,2508.0,513.0,690.0,883.0,961.0,961.0,960.0
1.0,9442.0,2939.0,2884.0,2989.0,2044.0,816.0,688.0,540.0,961.0,962.0,961.0,979.0,975.0,985.0,3331.0,3154.0,2957.0,816.0,688.0,540.0,961.0,962.0,961.0
1.0,9492.0,2931.0,2884.0,2086.0,2889.0,1284.0,969.0,636.0,961.0,962.0,961.0,981.0,971.0,979.0,3028.0,3160.0,3304.0,1284.0,969.0,636.0,961.0,962.0,961.0
1.0,8647.0,2877.0,2885.0,2044.0,3726.0,1425.0,1234.0,1067.0,961.0,962.0,962.0,957.0,953.0,967.0,2560.0,2879.0,3208.0,1425.0,1234.0,1067.0,961.0,962.0,962.0
1.0,7814.0,2890.0,2885.0,2889.0,3727.0,1105.0,1228.0,1394.0,961.0,962.0,962.0,964.0,963.0,963.0,2419.0,2614.0,2781.0,1105.0,1228.0,1394.0,961.0,962.0,962.0
1.0,7813.0,2919.0,2885.0,3726.0,2920.0,655.0,963.0,1302.0,961.0,962.0,962.0,975.0,969.0,975.0,2739.0,2620.0,2454.0,655.0,963.0,1302.0,961.0,962.0,962.0
1.0,8620.0,2937.0,2888.0,3727.0,2142.0,545.0,706.0,891.0,962.0,963.0,963.0,991.0,967.0,979.0,3189.0,2885.0,2546.0,545.0,706.0,891.0,962.0,963.0,963.0
1.0,9410.0,2947.0,2888.0,2920.0,2169.0,869.0,725.0,575.0,962.0,963.0,963.0,979.0,982.0,986.0,3303.0,3146.0,2961.0,869.0,725.0,575.0,962.0,963.0,963.0
1.0,9383.0,2909.0,2889.0,2142.0,2940.0,1291.0,985.0,664.0,962.0,963.0,964.0,967.0,966.0,976.0,2979.0,3127.0,3277.0,1291.0,985.0,664.0,962.0,963.0,964.0
1.0,8616.0,2885.0,2889.0,2169.0,3656.0,1385.0,1217.0,1054.0,962.0,963.0,964.0,963.0,957.0,965.0,2557.0,2867.0,3192.0,1385.0,1217.0,1054.0,962.0,963.0,964.0
1.0,7900.0,2915.0,2889.0,2940.0,3631.0,1068.0,1196.0,1367.0,962.0,963.0,964.0,974.0,964.0,977.0,2463.0,2635.0,2802.0,1068.0,1196.0,1367.0,962.0,963.0,964.0
1.0,7925.0,2895.0,2889.0,3656.0,2870.0,650.0,937.0,1283.0,962.0,963.0,964.0,967.0,958.0,970.0,2780.0,2656.0,2489.0,650.0,937.0,1283.0,962.0,963.0,964.0
1.0,8686.0,2941.0,2892.0,3631.0,2192.0,569.0,723.0,900.0,963.0,964.0,965.0,983.0,978.0,980.0,3198.0,2915.0,2573.0,569.0,723.0,900.0,963.0,964.0,965.0
1.0,9376.0,2942.0,2893.0,2870.0,2268.0,911.0,756.0,601.0,963.0,964.0,966.0,992.0,970.0,980.0,3283.0,3133.0,2960.0,911.0,756.0,601.0,963.0,964.0,966.0
1.0,9304.0,2902.0,2894.0,2192.0,2982.0,1323.0,989.0,670.0,964.0,964.0,966.0,977.0,956.0,969.0,2941.0,3100.0,3263.0,1323.0,989.0,670.0,964.0,964.0,966.0
1.0,8594.0,2927.0,2894.0,2268.0,3641.0,1394.0,1208.0,1039.0,964.0,964.0,966.0,982.0,975.0,970.0,2533.0,2867.0,3194.0,1394.0,1208.0,1039.0,964.0,964.0,966.0
1.0,7935.0,2894.0,2894.0,2982.0,3553.0,1040.0,1184.0,1329.0,964.0,964.0,966.0,969.0,965.0,960.0,2462.0,2648.0,2825.0,1040.0,1184.0,1329.0,964.0,964.0,966.0
1.0,8023.0,2910.0,2894.0,3641.0,2822.0,622.0,938.0,1262.0,964.0,964.0,966.0,976.0,962.0,972.0,2816.0,2672.0,2535.0,622.0,938.0,1262.0,964.0,964.0,966.0
1.0,8754.0,2922.0,2895.0,3553.0,2195.0,554.0,727.0,914.0,964.0,964.0,967.0,972.0,973.0,977.0,3234.0,2918.0,2602.0,554.0,727.0,914.0,964.0,964.0,967.0
1.0,9385.0,2881.0,2895.0,2822.0,2254.0,901.0,747.0,606.0,964.0,964.0,967.0,969.0,958.0,954.0,3302.0,3129.0,2954.0,901.0,747.0,606.0,964.0,964.0,967.0
1.0,9326.0,2899.0,2895.0,2195.0,2958.0,1320.0,979.0,659.0,964.0,964.0,967.0,973.0,959.0,967.0,2955.0,3109.0,3262.0,1320.0,979.0,659.0,964.0,964.0,967.0
1.0,8622.0,2903.0,2895.0,2254.0,3607.0,1386.0,1205.0,1016.0,964.0,964.0,967.0,967.0,973.0,963.0,2536.0,2877.0,3209.0,1386.0,1205.0,1016.0,964.0,964.0,967.0
1.0,7973.0,2920.0,2897.0,2958.0,3577.0,1056.0,1196.0,1325.0,965.0,965.0,967.0,986.0,966.0,968.0,2470.0,2651.0,2852.0,1056.0,1196.0,1325.0,965.0,965.0,967.0
1.0,8011.0,2857.0,2897.0,3607.0,2827.0,626.0,929.0,1272.0,965.0,964.0,968.0,956.0,942.0,959.0,2804.0,2664.0,2543.0,626.0,929.0,1272.0,965.0,964.0,968.0
1.0,8761.0,2864.0,2897.0,3577.0,2114.0,523.0,689.0,902.0,965.0,964.0,968.0,953.0,956.0,955.0,3234.0,2927.0,2600.0,523.0,689.0,902.0,965.0,964.0,968.0
1.0,9474.0,2924.0,2898.0,2827.0,2215.0,875.0,733.0,607.0,966.0,964.0,968.0,974.0,973.0,977.0,3337.0,3167.0,2970.0,875.0,733.0,607.0,966.0,964.0,968.0
1.0,9377.0,2929.0,2898.0,2114.0,3030.0,1330.0,1013.0,687.0,966.0,964.0,968.0,978.0,969.0,982.0,2989.0,3123.0,3265.0,1330.0,1013.0,687.0,966.0,964.0,968.0
1.0,8562.0,2900.0,2898.0,2215.0,3715.0,1423.0,1248.0,1044.0,966.0,964.0,968.0,968.0,968.0,964.0,2534.0,2843.0,3185.0,1423.0,1248.0,1044.0,966.0,964.0,968.0
1.0,7877.0,2976.0,2901.0,3030.0,3673.0,1094.0,1230.0,1349.0,967.0,965.0,969.0,997.0,991.0,988.0,2441.0,2608.0,2828.0,1094.0,1230.0,1349.0,967.0,965.0,969.0
1.0,7931.0,2878.0,2901.0,3715.0,2836.0,629.0,942.0,1265.0,967.0,965.0,969.0,958.0,960.0,960.0,2774.0,2630.0,2527.0,629.0,942.0,1265.0,967.0,965.0,969.0
1.0,8768.0,2875.0,2902.0,3673.0,2042.0,495.0,669.0,878.0,968.0,965.0,969.0,956.0,957.0,962.0,3239.0,2918.0,2611.0,495.0,669.0,878.0,968.0,965.0,969.0
1.0,9566.0,2914.0,2902.0,2836.0,2120.0,837.0,705.0,578.0,968.0,965.0,969.0,971.0,978.0,965.0,3377.0,3191.0,2998.0,837.0,705.0,578.0,968.0,965.0,969.0
1.0,9488.0,2926.0,2903.0,2042.0,3008.0,1312.0,1019.0,677.0,968.0,965.0,970.0,970.0,983.0,973.0,3035.0,3155.0,3298.0,1312.0,1019.0,677.0,968.0,965.0,970.0
1.0,8604.0,2914.0,2905.0,2120.0,3810.0,1442.0,1298.0,1070.0,969.0,966.0,970.0,963.0,980.0,971.0,2560.0,2841.0,3203.0,1442.0,1298.0,1070.0,969.0,966.0,970.0
1.0,7810.0,2924.0,2906.0,3008.0,3730.0,1108.0,1253.0,1369.0,969.0,966.0,971.0,978.0,974.0,972.0,2434.0,2566.0,2810.0,1108.0,1253.0,1369.0,969.0,966.0,971.0
1.0,7894.0,2931.0,2907.0,3810.0,2855.0,644.0,936.0,1275.0,970.0,966.0,971.0,974.0,981.0,976.0,2768.0,2611.0,2515.0,644.0,936.0,1275.0,970.0,966.0,971.0
1.0,8773.0,2888.0,2906.0,3730.0,2009.0,498.0,649.0,862.0,970.0,966.0,970.0,962.0,966.0,960.0,3236.0,2928.0,2609.0,498.0,649.0,862.0,970.0,966.0,970.0
1.0,9615.0,2913.0,2906.0,2855.0,2067.0,819.0,692.0,556.0,970.0,966.0,970.0,965.0,979.0,969.0,3382.0,3215.0,3018.0,819.0,692.0,556.0,970.0,966.0,970.0
1.0,9557.0,2892.0,2906.0,2009.0,2950.0,1288.0,1013.0,649.0,970.0,966.0,970.0,967.0,970.0,955.0,3061.0,3172.0,3324.0,1288.0,1013.0,649.0,970.0,966.0,970.0
1.0,8674.0,2937.0,2907.0,2067.0,3824.0,1444.0,1317.0,1063.0,970.0,967.0,970.0,975.0,992.0,970.0,2592.0,2851.0,3231.0,1444.0,1317.0,1063.0,970.0,967.0,970.0
1.0,7804.0,2893.0,2907.0,2950.0,3767.0,1106.0,1289.0,1372.0,970.0,967.0,970.0,950.0,985.0,958.0,2436.0,2551.0,2817.0,1106.0,1289.0,1372.0,970.0,967.0,970.0
1.0,7861.0,2922.0,2907.0,3824.0,2865.0,639.0,948.0,1278.0,970.0,967.0,970.0,977.0,976.0,969.0,2774.0,2579.0,2508.0,639.0,948.0,1278.0,970.0,967.0,970.0
1.0,8763.0,2893.0,2908.0,3767.0,1995.0,487.0,639.0,869.0,970.0,968.0,970.0,954.0,976.0,963.0,3241.0,2920.0,2602.0,487.0,639.0,869.0,970.0,968.0,970.0
1.0,9637.0,2882.0,2908.0,2865.0,2012.0,807.0,658.0,547.0,970.0,968.0,970.0,959.0,967.0,956.0,3393.0,3233.0,3011.0,807.0,658.0,547.0,970.0,968.0,970.0
1.0,9620.0,2891.0,2908.0,1995.0,2908.0,1273.0,991.0,644.0,970.0,968.0,970.0,953.0,972.0,966.0,3073.0,3214.0,3333.0,1273.0,991.0,644.0,970.0,968.0,970.0
1.0,8724.0,2912.0,2908.0,2012.0,3808.0,1438.0,1303.0,1067.0,970.0,968.0,970.0,972.0,970.0,970.0,2607.0,2881.0,3236.0,1438.0,1303.0,1067.0,970.0,968.0,970.0
1.0,7824.0,2902.0,2908.0,2908.0,3802.0,1131.0,1288.0,1383.0,970.0,968.0,970.0,966.0,976.0,960.0,2442.0,2569.0,2813.0,1131.0,1288.0,1383.0,970.0,968.0,970.0
1.0,7830.0,2946.0,2909.0,3808.0,2944.0,669.0,978.0,1297.0,970.0,969.0,970.0,976.0,989.0,981.0,2749.0,2584.0,2497.0,669.0,978.0,1297.0,970.0,969.0,970.0
1.0,8692.0,2873.0,2909.0,3802.0,2015.0,490.0,658.0,867.0,970.0,969.0,970.0,952.0,968.0,953.0,3211.0,2898.0,2583.0,490.0,658.0,867.0,970.0,969.0,970.0
1.0,9621.0,2968.0,2908.0,2944.0,2035.0,812.0,681.0,542.0,970.0,969.0,969.0,991.0,1001.0,976.0,3390.0,3218.0,3013.0,812.0,681.0,542.0,970.0,969.0,969.0
1.0,9597.0,2948.0,2912.0,2015.0,2984.0,1303.0,1020.0,661.0,971.0,971.0,970.0,977.0,989.0,982.0,3068.0,3195.0,3334.0,1303.0,1020.0,661.0,971.0,971.0,970.0
1.0,8664.0,2938.0,2912.0,2035.0,3887.0,1475.0,1321.0,1091.0,971.0,971.0,970.0,984.0,982.0,972.0,2581.0,2864.0,3219.0,1475.0,1321.0,1091.0,971.0,971.0,970.0
1.0,7761.0,2874.0,2911.0,2984.0,3773.0,1130.0,1260.0,1383.0,971.0,971.0,969.0,958.0,959.0,957.0,2409.0,2563.0,2789.0,1130.0,1260.0,1383.0,971.0,971.0,969.0
1.0,7871.0,2945.0,2911.0,3887.0,2831.0,640.0,921.0,1270.0,971.0,971.0,969.0,985.0,982.0,978.0,2754.0,2624.0,2493.0,640.0,921.0,1270.0,971.0,971.0,969.0
1.0,8813.0,2939.0,2911.0,3773.0,1997.0,491.0,643.0,863.0,971.0,971.0,969.0,981.0,982.0,976.0,3244.0,2963.0,2606.0,491.0,643.0,863.0,971.0,971.0,969.0
1.0,9647.0,2919.0,2912.0,2831.0,2089.0,835.0,694.0,560.0,971.0,972.0,969.0,984.0,968.0,967.0,3393.0,3241.0,3013.0,835.0,694.0,560.0,971.0,972.0,969.0
1.0,9559.0,2942.0,2913.0,1997.0,3038.0,1331.0,1034.0,673.0,972.0,972.0,969.0,983.0,983.0,976.0,3049.0,3194.0,3316.0,1331.0,1034.0,673.0,972.0,972.0,969.0
1.0,8614.0,2944.0,2913.0,2089.0,3893.0,1478.0,1326.0,1089.0,972.0,972.0,969.0,982.0,986.0,976.0,2557.0,2854.0,3203.0,1478.0,1326.0,1089.0,972.0,972.0,969.0
1.0,7759.0,2968.0,2915.0,3038.0,3831.0,1134.0,1288.0,1409.0,972.0,973.0,970.0,987.0,992.0,989.0,2410.0,2562.0,2787.0,1134.0,1288.0,1409.0,972.0,973.0,970.0
1.0,7829.0,2924.0,2913.0,3893.0,2854.0,643.0,923.0,1288.0,972.0,972.0,969.0,987.0,965.0,972.0,2754.0,2604.0,2471.0,643.0,923.0,1288.0,972.0,972.0,969.0
1.0,8798.0,2976.0,2916.0,3831.0,2011.0,515.0,623.0,873.0,973.0,973.0,970.0,1002.0,984.0,990.0,3245.0,2965.0,2588.0,515.0,623.0,873.0,973.0,973.0,970.0
1.0,9653.0,2938.0,2916.0,2854.0,2095.0,859.0,670.0,566.0,973.0,973.0,970.0,987.0,970.0,981.0,3377.0,3269.0,3007.0,859.0,670.0,566.0,973.0,973.0,970.0
1.0,9569.0,2936.0,2916.0,2011.0,3020.0,1327.0,1027.0,666.0,973.0,973.0,970.0,983.0,980.0,973.0,3033.0,3222.0,3314.0,1327.0,1027.0,666.0,973.0,973.0,970.0
1.0,8644.0,2946.0,2918.0,2095.0,3879.0,1465.0,1339.0,1075.0,974.0,974.0,970.0,993.0,978.0,975.0,2565.0,2865.0,3214.0,1465.0,1339.0,1075.0,974.0,974.0,970.0
1.0,7793.0,2898.0,2917.0,3020.0,3753.0,1113.0,1265.0,1375.0,974.0,973.0,970.0,975.0,957.0,966.0,2431.0,2557.0,2805.0,1113.0,1265.0,1375.0,974.0,973.0,970.0
1.0,7915.0,2935.0,2916.0,3879.0,2805.0,624.0,900.0,1281.0,973.0,973.0,970.0,980.0,974.0,981.0,2783.0,2627.0,2505.0,624.0,900.0,1281.0,973.0,973.0,970.0
1.0,8859.0,2929.0,2917.0,3753.0,1985.0,486.0,614.0,885.0,973.0,974.0,970.0,975.0,975.0,979.0,3268.0,2992.0,2599.0,486.0,614.0,885.0,973.0,974.0,970.0
1.0,9683.0,2945.0,2917.0,2805.0,2125.0,847.0,695.0,583.0,973.0,974.0,970.0,985.0,981.0,979.0,3406.0,3282.0,2995.0,847.0,695.0,583.0,973.0,974.0,970.0
1.0,9543.0,2919.0,2918.0,1985.0,3063.0,1341.0,1057.0,665.0,974.0,974.0,970.0,976.0,976.0,967.0,3045.0,3201.0,3297.0,1341.0,1057.0,665.0,974.0,974.0,970.0
1.0,8609.0,2896.0,2917.0,2125.0,3830.0,1457.0,1320.0,1053.0,973.0,974.0,970.0,967.0,958.0,971.0,2555.0,2839.0,3215.0,1457.0,1320.0,1053.0,973.0,974.0,970.0
1.0,7838.0,2938.0,2917.0,3063.0,3705.0,1096.0,1240.0,1369.0,973.0,974.0,970.0,980.0,977.0,981.0,2435.0,2576.0,2827.0,1096.0,1240.0,1369.0,973.0,974.0,970.0
1.0,7963.0,2939.0,2919.0,3830.0,2822.0,618.0,893.0,1311.0,974.0,974.0,971.0,975.0,973.0,991.0,2796.0,2656.0,2511.0,618.0,893.0,1311.0,974.0,974.0,971.0
1.0,8854.0,2950.0,2920.0,3705.0,2071.0,513.0,635.0,923.0,974.0,975.0,971.0,991.0,978.0,981.0,3278.0,3003.0,2573.0,513.0,635.0,923.0,974.0,975.0,971.0
1.0,9609.0,2919.0,2920.0,2822.0,2168.0,870.0,710.0,588.0,974.0,975.0,971.0,975.0,968.0,976.0,3383.0,3265.0,2961.0,870.0,710.0,588.0,974.0,975.0,971.0
1.0,9512.0,2949.0,2921.0,2071.0,3050.0,1341.0,1057.0,652.0,974.0,975.0,972.0,984.0,982.0,983.0,3026.0,3190.0,3296.0,1341.0,1057.0,652.0,974.0,975.0,972.0
1.0,8634.0,2928.0,2923.0,2168.0,3818.0,1455.0,1324.0,1039.0,975.0,976.0,972.0,980.0,973.0,975.0,2555.0,2843.0,3236.0,1455.0,1324.0,1039.0,975.0,976.0,972.0
1.0,7874.0,2926.0,2924.0,3050.0,3698.0,1092.0,1234.0,1372.0,975.0,976.0,973.0,978.0,967.0,981.0,2445.0,2580.0,2849.0,1092.0,1234.0,1372.0,975.0,976.0,973.0
1.0,7998.0,2930.0,2924.0,3818.0,2810.0,613.0,885.0,1312.0,975.0,976.0,973.0,976.0,975.0,979.0,2808.0,2670.0,2520.0,613.0,885.0,1312.0,975.0,976.0,973.0
1.0,8886.0,2962.0,2924.0,3698.0,2074.0,506.0,626.0,942.0,975.0,976.0,973.0,985.0,975.0,1002.0,3287.0,3019.0,2580.0,506.0,626.0,942.0,975.0,976.0,973.0
1.0,9622.0,2924.0,2924.0,2810.0,2188.0,870.0,705.0,613.0,975.0,976.0,973.0,977.0,964.0,983.0,3394.0,3278.0,2950.0,870.0,705.0,613.0,975.0,976.0,973.0
1.0,9508.0,2956.0,2924.0,2074.0,3070.0,1348.0,1064.0,658.0,975.0,976.0,973.0,984.0,985.0,987.0,3030.0,3199.0,3279.0,1348.0,1064.0,658.0,975.0,976.0,973.0
1.0,8626.0,2919.0,2925.0,2188.0,3805.0,1452.0,1326.0,1027.0,975.0,976.0,974.0,974.0,967.0,978.0,2552.0,2840.0,3234.0,1452.0,1326.0,1027.0,975.0,976.0,974.0
1.0,7895.0,2909.0,2926.0,3070.0,3648.0,1076.0,1228.0,1344.0,976.0,976.0,974.0,968.0,966.0,975.0,2448.0,2578.0,2869.0,1076.0,1228.0,1344.0,976.0,976.0,974.0
1.0,8056.0,2906.0,2926.0,3805.0,2749.0,596.0,865.0,1288.0,976.0,976.0,974.0,972.0,963.0,971.0,2828.0,2676.0,2552.0,596.0,865.0,1288.0,976.0,976.0,974.0
1.0,8955.0,2867.0,2924.0,3648.0,1960.0,473.0,582.0,905.0,975.0,975.0,974.0,957.0,949.0,961.0,3308.0,3039.0,2608.0,473.0,582.0,905.0,975.0,975.0,974.0
1.0,9736.0,2922.0,2925.0,2749.0,2137.0,857.0,691.0,589.0,976.0,975.0,974.0,976.0,974.0,972.0,3427.0,3318.0,2991.0,857.0,691.0,589.0,976.0,975.0,974.0
1.0,9563.0,2910.0,2924.0,1960.0,3083.0,1346.0,1080.0,657.0,975.0,975.0,974.0,966.0,971.0,973.0,3047.0,3209.0,3307.0,1346.0,1080.0,657.0,975.0,975.0,974.0
1.0,8613.0,2906.0,2924.0,2137.0,3852.0,1460.0,1349.0,1043.0,975.0,975.0,974.0,971.0,960.0,975.0,2554.0,2820.0,3239.0,1460.0,1349.0,1043.0,975.0,975.0,974.0
1.0,7844.0,2941.0,2925.0,3083.0,3714.0,1097.0,1254.0,1363.0,976.0,975.0,974.0,979.0,985.0,977.0,2440.0,2551.0,2853.0,1097.0,1254.0,1363.0,976.0,975.0,974.0
1.0,7986.0,2975.0,2926.0,3852.0,2841.0,624.0,900.0,1317.0,976.0,975.0,975.0,987.0,995.0,993.0,2807.0,2646.0,2533.0,624.0,900.0,1317.0,976.0,975.0,975.0
1.0,8863.0,2973.0,2928.0,3714.0,2108.0,525.0,640.0,943.0,977.0,976.0,975.0,994.0,990.0,989.0,3280.0,3000.0,2583.0,525.0,640.0,943.0,977.0,976.0,975.0
1.0,9604.0,2924.0,2926.0,2841.0,2183.0,861.0,714.0,608.0,976.0,975.0,975.0,964.0,978.0,982.0,3383.0,3264.0,2957.0,861.0,714.0,608.0,976.0,975.0,975.0
1.0,9521.0,2921.0,2928.0,2108.0,3004.0,1311.0,1046.0,647.0,977.0,975.0,976.0,971.0,972.0,978.0,3043.0,3186.0,3292.0,1311.0,1046.0,647.0,977.0,975.0,976.0
1.0,8708.0,2896.0,2927.0,2183.0,3713.0,1403.0,1292.0,1018.0,976.0,975.0,976.0,957.0,960.0,979.0,2597.0,2854.0,3257.0,1403.0,1292.0,1018.0,976.0,975.0,976.0
1.0,7995.0,2932.0,2928.0,3004.0,3645.0,1072.0,1228.0,1345.0,977.0,975.0,976.0,976.0,982.0,974.0,2501.0,2608.0,2886.0,1072.0,1228.0,1345.0,977.0,975.0,976.0
1.0,8067.0,2916.0,2929.0,3713.0,2852.0,639.0,908.0,1305.0,977.0,975.0,977.0,970.0,972.0,974.0,2836.0,2672.0,2559.0,639.0,908.0,1305.0,977.0,975.0,977.0
1.0,8864.0,2971.0,2930.0,3645.0,2182.0,553.0,677.0,952.0,978.0,975.0,977.0,982.0,997.0,992.0,3269.0,2992.0,2603.0,553.0,677.0,952.0,978.0,975.0,977.0
1.0,9538.0,2981.0,2932.0,2852.0,2319.0,900.0,772.0,647.0,978.0,976.0,978.0,986.0,999.0,996.0,3359.0,3223.0,2956.0,900.0,772.0,647.0,978.0,976.0,978.0
1.0,9409.0,2991.0,2932.0,2182.0,3128.0,1341.0,1093.0,694.0,978.0,976.0,978.0,994.0,998.0,999.0,3012.0,3132.0,3265.0,1341.0,1093.0,694.0,978.0,976.0,978.0
1.0,8600.0,2986.0,2935.0,2319.0,3807.0,1430.0,1330.0,1047.0,979.0,977.0,979.0,985.0,1005.0,996.0,2571.0,2811.0,3218.0,1430.0,1330.0,1047.0,979.0,977.0,979.0
1.0,7933.0,2943.0,2935.0,3128.0,3622.0,1063.0,1219.0,1340.0,979.0,977.0,979.0,974.0,982.0,987.0,2486.0,2578.0,2869.0,1063.0,1219.0,1340.0,979.0,977.0,979.0
1.0,8118.0,2952.0,2935.0,3807.0,2767.0,613.0,882.0,1272.0,979.0,977.0,979.0,980.0,993.0,979.0,2853.0,2689.0,2576.0,613.0,882.0,1272.0,979.0,977.0,979.0
1.0,8973.0,2953.0,2936.0,3622.0,2102.0,531.0,645.0,926.0,979.0,977.0,980.0,981.0,982.0,990.0,3303.0,3026.0,2644.0,531.0,645.0,926.0,979.0,977.0,980.0
1.0,9642.0,2963.0,2936.0,2767.0,2298.0,901.0,757.0,640.0,979.0,977.0,980.0,983.0,994.0,986.0,3385.0,3263.0,2994.0,901.0,757.0,640.0,979.0,977.0,980.0
1.0,9446.0,2990.0,2938.0,2102.0,3194.0,1365.0,1120.0,709.0,980.0,978.0,980.0,991.0,1004.0,995.0,3015.0,3151.0,3280.0,1365.0,1120.0,709.0,980.0,978.0,980.0
1.0,8558.0,2971.0,2939.0,2298.0,3871.0,1451.0,1361.0,1059.0,980.0,978.0,981.0,987.0,998.0,986.0,2555.0,2792.0,3211.0,1451.0,1361.0,1059.0,980.0,978.0,981.0
1.0,7885.0,2964.0,2939.0,3194.0,3641.0,1075.0,1228.0,1338.0,980.0,978.0,981.0,989.0,987.0,988.0,2469.0,2551.0,2865.0,1075.0,1228.0,1338.0,980.0,978.0,981.0
1.0,8115.0,2996.0,2940.0,3871.0,2770.0,618.0,876.0,1276.0,980.0,979.0,981.0,994.0,1005.0,997.0,2845.0,2684.0,2586.0,618.0,876.0,1276.0,980.0,979.0,981.0
1.0,8990.0,3003.0,2941.0,3641.0,2136.0,543.0,657.0,936.0,980.0,979.0,982.0,1000.0,1009.0,994.0,3302.0,3040.0,2648.0,543.0,657.0,936.0,980.0,979.0,982.0
1.0,9628.0,3013.0,2943.0,2770.0,2387.0,938.0,788.0,661.0,981.0,980.0,982.0,1009.0,1003.0,1001.0,3377.0,3259.0,2992.0,938.0,788.0,661.0,981.0,980.0,982.0
1.0,9385.0,2945.0,2943.0,2136.0,3196.0,1372.0,1121.0,703.0,981.0,980.0,982.0,977.0,990.0,978.0,2986.0,3132.0,3267.0,1372.0,1121.0,703.0,981.0,980.0,982.0
1.0,8576.0,2939.0,2942.0,2387.0,3744.0,1409.0,1320.0,1015.0,980.0,980.0,982.0,979.0,987.0,973.0,2552.0,2799.0,3225.0,1409.0,1320.0,1015.0,980.0,980.0,982.0
1.0,8024.0,2997.0,2943.0,3196.0,3549.0,1049.0,1196.0,1304.0,981.0,980.0,982.0,1008.0,997.0,992.0,2511.0,2600.0,2913.0,1049.0,1196.0,1304.0,981.0,980.0,982.0
1.0,8223.0,2970.0,2944.0,3744.0,2779.0,632.0,874.0,1273.0,981.0,981.0,982.0,992.0,994.0,984.0,2875.0,2724.0,2624.0,632.0,874.0,1273.0,981.0,981.0,982.0
1.0,8997.0,2963.0,2944.0,3549.0,2193.0,578.0,674.0,941.0,981.0,981.0,982.0,995.0,996.0,972.0,3292.0,3050.0,2655.0,578.0,674.0,941.0,981.0,981.0,982.0
1.0,9583.0,2996.0,2945.0,2779.0,2414.0,948.0,810.0,656.0,981.0,982.0,982.0,1002.0,1006.0,988.0,3346.0,3250.0,2987.0,948.0,810.0,656.0,981.0,982.0,982.0
1.0,9366.0,2923.0,2945.0,2193.0,3144.0,1339.0,1123.0,682.0,981.0,982.0,982.0,969.0,987.0,967.0,2976.0,3118.0,3272.0,1339.0,1123.0,682.0,981.0,982.0,982.0
1.0,8636.0,2936.0,2946.0,2414.0,3670.0,1368.0,1305.0,997.0,981.0,983.0,982.0,977.0,988.0,971.0,2585.0,2805.0,3246.0,1368.0,1305.0,997.0,981.0,983.0,982.0
1.0,8114.0,2957.0,2946.0,3144.0,3483.0,1014.0,1171.0,1298.0,981.0,983.0,982.0,985.0,989.0,983.0,2556.0,2627.0,2931.0,1014.0,1171.0,1298.0,981.0,983.0,982.0
1.0,8301.0,2977.0,2946.0,3670.0,2790.0,650.0,859.0,1281.0,981.0,983.0,982.0,1004.0,993.0,980.0,2910.0,2761.0,2630.0,650.0,859.0,1281.0,981.0,983.0,982.0
1.0,8994.0,2985.0,2949.0,3483.0,2304.0,629.0,700.0,975.0,982.0,984.0,983.0,989.0,1008.0,988.0,3274.0,3073.0,2647.0,629.0,700.0,975.0,982.0,984.0,983.0
1.0,9492.0,2973.0,2949.0,2790.0,2487.0,975.0,827.0,685.0,982.0,984.0,983.0,996.0,986.0,991.0,3299.0,3236.0,2957.0,975.0,827.0,685.0,982.0,984.0,983.0
1.0,9309.0,3016.0,2951.0,2304.0,3207.0,1362.0,1139.0,706.0,983.0,985.0,983.0,1012.0,1008.0,996.0,2953.0,3109.0,3247.0,1362.0,1139.0,706.0,983.0,985.0,983.0
1.0,8597.0,2966.0,2951.0,2487.0,3686.0,1390.0,1291.0,1005.0,983.0,985.0,983.0,1003.0,979.0,984.0,2570.0,2801.0,3226.0,1390.0,1291.0,1005.0,983.0,985.0,983.0
1.0,8118.0,2955.0,2951.0,3207.0,3434.0,1008.0,1142.0,1284.0,983.0,985.0,983.0,980.0,990.0,985.0,2542.0,2649.0,2927.0,1008.0,1142.0,1284.0,983.0,985.0,983.0
1.0,8370.0,2964.0,2953.0,3686.0,2720.0,617.0,843.0,1260.0,984.0,986.0,983.0,995.0,988.0,981.0,2924.0,2798.0,2648.0,617.0,843.0,1260.0,984.0,986.0,983.0
1.0,9092.0,2961.0,2952.0,3434.0,2243.0,609.0,676.0,958.0,984.0,985.0,983.0,1000.0,979.0,982.0,3319.0,3101.0,2672.0,609.0,676.0,958.0,984.0,985.0,983.0
1.0,9565.0,2968.0,2954.0,2720.0,2499.0,989.0,826.0,684.0,984.0,986.0,984.0,997.0,989.0,982.0,3327.0,3264.0,2974.0,989.0,826.0,684.0,984.0,986.0,984.0
1.0,9317.0,2945.0,2954.0,2243.0,3201.0,1355.0,1137.0,709.0,984.0,986.0,984.0,975.0,987.0,983.0,2947.0,3118.0,3252.0,1355.0,1137.0,709.0,984.0,986.0,984.0
1.0,8615.0,2959.0,2954.0,2499.0,3661.0,1355.0,1294.0,1012.0,984.0,986.0,984.0,989.0,983.0,987.0,2581.0,2807.0,3227.0,1355.0,1294.0,1012.0,984.0,986.0,984.0
1.0,8155.0,2934.0,2953.0,3201.0,3390.0,987.0,1127.0,1276.0,984.0,986.0,983.0,987.0,970.0,977.0,2581.0,2650.0,2924.0,987.0,1127.0,1276.0,984.0,986.0,983.0
1.0,8422.0,2999.0,2956.0,3661.0,2740.0,634.0,838.0,1268.0,985.0,987.0,984.0,998.0,1001.0,1000.0,2949.0,2817.0,2656.0,634.0,838.0,1268.0,985.0,987.0,984.0
1.0,9084.0,2956.0,2955.0,3390.0,2302.0,638.0,700.0,964.0,985.0,987.0,983.0,991.0,989.0,976.0,3306.0,3110.0,2668.0,638.0,700.0,964.0,985.0,987.0,983.0
1.0,9518.0,2956.0,2955.0,2740.0,2518.0,995.0,849.0,674.0,985.0,987.0,983.0,991.0,987.0,978.0,3302.0,3248.0,2968.0,995.0,849.0,674.0,985.0,987.0,983.0
1.0,9302.0,2969.0,2958.0,2302.0,3197.0,1355.0,1139.0,703.0,986.0,988.0,984.0,994.0,986.0,989.0,2945.0,3099.0,3258.0,1355.0,1139.0,703.0,986.0,988.0,984.0
1.0,8635.0,2942.0,2958.0,2518.0,3621.0,1342.0,1270.0,1009.0,986.0,988.0,984.0,982.0,980.0,980.0,2589.0,2813.0,3233.0,1342.0,1270.0,1009.0,986.0,988.0,984.0
1.0,8211.0,2992.0,2961.0,3197.0,3428.0,988.0,1133.0,1307.0,987.0,989.0,985.0,997.0,998.0,997.0,2602.0,2682.0,2927.0,988.0,1133.0,1307.0,987.0,989.0,985.0
1.0,8416.0,2935.0,2961.0,3621.0,2742.0,622.0,844.0,1276.0,987.0,989.0,985.0,976.0,981.0,978.0,2960.0,2823.0,2633.0,622.0,844.0,1276.0,987.0,989.0,985.0
1.0,9102.0,2972.0,2962.0,3428.0,2290.0,616.0,708.0,966.0,987.0,990.0,985.0,982.0,993.0,997.0,3326.0,3112.0,2664.0,616.0,708.0,966.0,987.0,990.0,985.0
1.0,9558.0,2905.0,2962.0,2742.0,2453.0,962.0,830.0,661.0,987.0,990.0,985.0,968.0,966.0,971.0,3332.0,3252.0,2974.0,962.0,830.0,661.0,987.0,990.0,985.0
1.0,9395.0,2982.0,2962.0,2290.0,3145.0,1334.0,1119.0,692.0,987.0,990.0,985.0,988.0,997.0,997.0,2986.0,3130.0,3279.0,1334.0,1119.0,692.0,987.0,990.0,985.0
1.0,8703.0,2934.0,2961.0,2453.0,3622.0,1356.0,1255.0,1011.0,987.0,989.0,985.0,984.0,970.0,980.0,2614.0,2841.0,3248.0,1356.0,1255.0,1011.0,987.0,989.0,985.0
1.0,8222.0,2955.0,2961.0,3145.0,3432.0,1006.0,1122.0,1304.0,987.0,989.0,985.0,984.0,986.0,985.0,2592.0,2701.0,2929.0,1006.0,1122.0,1304.0,987.0,989.0,985.0
1.0,8412.0,2937.0,2961.0,3622.0,2747.0,627.0,841.0,1279.0,987.0,989.0,985.0,977.0,974.0,986.0,2942.0,2834.0,2636.0,627.0,841.0,1279.0,987.0,989.0,985.0
1.0,9097.0,2932.0,2961.0,3432.0,2247.0,596.0,696.0,955.0,987.0,989.0,985.0,975.0,977.0,980.0,3321.0,3115.0,2661.0,596.0,696.0,955.0,987.0,989.0,985.0
1.0,9597.0,2997.0,2964.0,2747.0,2509.0,982.0,853.0,674.0,988.0,990.0,986.0,1009.0,994.0,994.0,3352.0,3260.0,2985.0,982.0,853.0,674.0,988.0,990.0,986.0
1.0,9347.0,3010.0,2965.0,2247.0,3276.0,1391.0,1154.0,731.0,989.0,990.0,986.0,1001.0,997.0,1012.0,2970.0,3107.0,3270.0,1391.0,1154.0,731.0,989.0,990.0,986.0
1.0,8584.0,2930.0,2965.0,2509.0,3697.0,1378.0,1277.0,1042.0,989.0,990.0,986.0,969.0,976.0,985.0,2565.0,2806.0,3213.0,1378.0,1277.0,1042.0,989.0,990.0,986.0
1.0,8163.0,2977.0,2966.0,3276.0,3402.0,974.0,1111.0,1317.0,989.0,990.0,987.0,987.0,988.0,1002.0,2578.0,2683.0,2902.0,974.0,1111.0,1317.0,989.0,990.0,987.0
1.0,8462.0,2984.0,2966.0,3697.0,2689.0,582.0,829.0,1278.0,989.0,990.0,987.0,986.0,995.0,1003.0,2982.0,2849.0,2631.0,582.0,829.0,1278.0,989.0,990.0,987.0
1.0,9175.0,3000.0,2966.0,3402.0,2287.0,604.0,719.0,964.0,989.0,990.0,987.0,996.0,1001.0,1003.0,3374.0,3131.0,2670.0,604.0,719.0,964.0,989.0,990.0,987.0
1.0,9577.0,2989.0,2966.0,2689.0,2587.0,1013.0,882.0,692.0,989.0,990.0,987.0,991.0,992.0,1006.0,3352.0,3241.0,2984.0,1013.0,882.0,692.0,989.0,990.0,987.0
1.0,9277.0,2976.0,2966.0,2287.0,3276.0,1393.0,1157.0,726.0,989.0,990.0,987.0,984.0,994.0,998.0,2943.0,3078.0,3256.0,1393.0,1157.0,726.0,989.0,990.0,987.0
1.0,8588.0,3008.0,2968.0,2587.0,3705.0,1384.0,1272.0,1049.0,990.0,990.0,988.0,1000.0,997.0,1011.0,2563.0,2803.0,3222.0,1384.0,1272.0,1049.0,990.0,990.0,988.0
1.0,8167.0,2967.0,2968.0,3276.0,3396.0,978.0,1101.0,1317.0,990.0,990.0,988.0,987.0,986.0,994.0,2576.0,2688.0,2903.0,978.0,1101.0,1317.0,990.0,990.0,988.0
1.0,8476.0,3020.0,2969.0,3705.0,2715.0,599.0,836.0,1280.0,990.0,991.0,988.0,1005.0,1003.0,1012.0,2982.0,2859.0,2635.0,599.0,836.0,1280.0,990.0,991.0,988.0
1.0,9161.0,3011.0,2970.0,3396.0,2334.0,619.0,739.0,976.0,990.0,991.0,989.0,998.0,1004.0,1009.0,3361.0,3128.0,2672.0,619.0,739.0,976.0,990.0,991.0,989.0
1.0,9546.0,2957.0,2969.0,2715.0,2572.0,1009.0,877.0,686.0,990.0,990.0,989.0,989.0,978.0,990.0,3341.0,3225.0,2980.0,1009.0,877.0,686.0,990.0,990.0,989.0
1.0,9304.0,3018.0,2971.0,2334.0,3264.0,1399.0,1148.0,717.0,991.0,991.0,989.0,1005.0,1006.0,1007.0,2951.0,3083.0,3270.0,1399.0,1148.0,717.0,991.0,991.0,989.0
1.0,8620.0,3012.0,2971.0,2572.0,3704.0,1386.0,1283.0,1035.0,991.0,991.0,989.0,996.0,1012.0,1004.0,2565.0,2816.0,3239.0,1386.0,1283.0,1035.0,991.0,991.0,989.0
1.0,8180.0,3043.0,2972.0,3264.0,3487.0,1001.0,1141.0,1345.0,991.0,991.0,990.0,1014.0,1006.0,1023.0,2578.0,2681.0,2921.0,1001.0,1141.0,1345.0,991.0,991.0,990.0
1.0,8401.0,3011.0,2972.0,3704.0,2794.0,608.0,864.0,1322.0,991.0,991.0,990.0,993.0,1006.0,1012.0,2963.0,2823.0,2615.0,608.0,864.0,1322.0,991.0,991.0,990.0
1.0,9094.0,3022.0,2973.0,3487.0,2333.0,618.0,725.0,990.0,991.0,991.0,991.0,1011.0,1002.0,1009.0,3356.0,3100.0,2638.0,618.0,725.0,990.0,991.0,991.0,991.0
1.0,9559.0,2976.0,2973.0,2794.0,2515.0,993.0,860.0,662.0,991.0,991.0,991.0,983.0,999.0,994.0,3346.0,3239.0,2974.0,993.0,860.0,662.0,991.0,991.0,991.0
1.0,9377.0,3061.0,2976.0,2333.0,3255.0,1400.0,1156.0,699.0,992.0,992.0,992.0,1021.0,1017.0,1023.0,2971.0,3104.0,3302.0,1400.0,1156.0,699.0,992.0,992.0,992.0
1.0,8649.0,3042.0,2976.0,2515.0,3782.0,1413.0,1316.0,1053.0,992.0,992.0,992.0,1006.0,1020.0,1016.0,2568.0,2812.0,3269.0,1413.0,1316.0,1053.0,992.0,992.0,992.0
1.0,8122.0,2966.0,2977.0,3255.0,3497.0,1001.0,1150.0,1346.0,992.0,992.0,993.0,988.0,990.0,988.0,2555.0,2652.0,2915.0,1001.0,1150.0,1346.0,992.0,992.0,993.0
1.0,8411.0,3007.0,2977.0,3782.0,2722.0,591.0,825.0,1306.0,992.0,992.0,993.0,1003.0,991.0,1013.0,2967.0,2818.0,2626.0,591.0,825.0,1306.0,992.0,992.0,993.0
1.0,9186.0,3037.0,2978.0,3497.0,2266.0,600.0,691.0,975.0,992.0,992.0,994.0,1010.0,1016.0,1011.0,3377.0,3143.0,2666.0,600.0,691.0,975.0,992.0,992.0,994.0
1.0,9646.0,3001.0,2979.0,2722.0,2549.0,1016.0,867.0,666.0,993.0,992.0,994.0,1003.0,1001.0,997.0,3368.0,3277.0,3001.0,1016.0,867.0,666.0,993.0,992.0,994.0
1.0,9367.0,3019.0,2981.0,2266.0,3310.0,1423.0,1185.0,702.0,993.0,993.0,995.0,1007.0,1005.0,1007.0,2956.0,3101.0,3310.0,1423.0,1185.0,702.0,993.0,993.0,995.0
1.0,8614.0,3045.0,2983.0,2549.0,3814.0,1422.0,1338.0,1054.0,994.0,993.0,996.0,1011.0,1020.0,1014.0,2549.0,2787.0,3278.0,1422.0,1338.0,1054.0,994.0,993.0,996.0
1.0,8118.0,3011.0,2983.0,3310.0,3515.0,1004.0,1157.0,1354.0,994.0,993.0,996.0,1005.0,1004.0,1002.0,2554.0,2634.0,2930.0,1004.0,1157.0,1354.0,994.0,993.0,996.0
1.0,8417.0,3014.0,2984.0,3814.0,2719.0,586.0,833.0,1300.0,994.0,994.0,996.0,1004.0,1010.0,1000.0,2972.0,2815.0,2630.0,586.0,833.0,1300.0,994.0,994.0,996.0
1.0,9217.0,3014.0,2983.0,3515.0,2214.0,588.0,673.0,953.0,994.0,993.0,996.0,1006.0,1001.0,1007.0,3390.0,3143.0,2684.0,588.0,673.0,953.0,994.0,993.0,996.0
1.0,9718.0,3005.0,2985.0,2719.0,2508.0,1002.0,845.0,661.0,994.0,994.0,997.0,1000.0,1001.0,1004.0,3388.0,3299.0,3031.0,1002.0,845.0,661.0,994.0,994.0,997.0
1.0,9432.0,3004.0,2985.0,2214.0,3298.0,1415.0,1176.0,707.0,994.0,994.0,997.0,1001.0,1004.0,999.0,2974.0,3131.0,3327.0,1415.0,1176.0,707.0,994.0,994.0,997.0
1.0,8642.0,2961.0,2985.0,2508.0,3751.0,1401.0,1320.0,1030.0,994.0,994.0,997.0,988.0,989.0,984.0,2561.0,2800.0,3281.0,1401.0,1320.0,1030.0,994.0,994.0,997.0
1.0,8189.0,3006.0,2986.0,3298.0,3463.0,991.0,1146.0,1326.0,994.0,995.0,997.0,1005.0,998.0,1003.0,2575.0,2656.0,2958.0,991.0,1146.0,1326.0,994.0,995.0,997.0
1.0,8481.0,3014.0,2987.0,3751.0,2730.0,595.0,829.0,1306.0,994.0,995.0,998.0,1005.0,1003.0,1006.0,2985.0,2834.0,2662.0,595.0,829.0,1306.0,994.0,995.0,998.0
1.0,9218.0,2995.0,2988.0,3463.0,2266.0,608.0,685.0,973.0,995.0,995.0,998.0,1000.0,1002.0,993.0,3381.0,3151.0,2686.0,608.0,685.0,973.0,995.0,995.0,998.0
1.0,9686.0,2983.0,2989.0,2730.0,2523.0,1012.0,865.0,646.0,995.0,996.0,998.0,999.0,1005.0,979.0,3372.0,3295.0,3019.0,1012.0,865.0,646.0,995.0,996.0,998.0
1.0,9433.0,3023.0,2990.0,2266.0,3284.0,1422.0,1186.0,676.0,996.0,996.0,998.0,1014.0,1006.0,1003.0,2968.0,3119.0,3346.0,1422.0,1186.0,676.0,996.0,996.0,998.0
1.0,8676.0,3023.0,2990.0,2523.0,3784.0,1421.0,1329.0,1034.0,996.0,996.0,998.0,1011.0,1008.0,1004.0,2562.0,2798.0,3316.0,1421.0,1329.0,1034.0,996.0,996.0,998.0
1.0,8176.0,2970.0,2991.0,3284.0,3474.0,998.0,1145.0,1331.0,996.0,997.0,998.0,999.0,998.0,973.0,2563.0,2655.0,2958.0,998.0,1145.0,1331.0,996.0,997.0,998.0
1.0,8490.0,3019.0,2992.0,3784.0,2713.0,590.0,821.0,1302.0,996.0,997.0,999.0,1013.0,1005.0,1001.0,2986.0,2843.0,2661.0,590.0,821.0,1302.0,996.0,997.0,999.0
1.0,9255.0,2955.0,2992.0,3474.0,2194.0,570.0,667.0,957.0,996.0,997.0,999.0,978.0,991.0,986.0,3394.0,3167.0,2694.0,570.0,667.0,957.0,996.0,997.0,999.0
1.0,9774.0,2988.0,2992.0,2713.0,2469.0,984.0,843.0,642.0,996.0,997.0,999.0,1004.0,997.0,987.0,3414.0,3321.0,3039.0,984.0,843.0,642.0,996.0,997.0,999.0
1.0,9499.0,2967.0,2992.0,2194.0,3242.0,1407.0,1162.0,673.0,996.0,997.0,999.0,993.0,986.0,988.0,3000.0,3145.0,3354.0,1407.0,1162.0,673.0,996.0,997.0,999.0
1.0,8726.0,2984.0,2993.0,2469.0,3761.0,1423.0,1320.0,1018.0,997.0,997.0,999.0,996.0,1001.0,987.0,2577.0,2826.0,3323.0,1423.0,1320.0,1018.0,997.0,997.0,999.0
1.0,8211.0,2977.0,2994.0,3242.0,3500.0,1013.0,1160.0,1327.0,997.0,998.0,999.0,997.0,998.0,982.0,2565.0,2668.0,2978.0,1013.0,1160.0,1327.0,997.0,998.0,999.0
1.0,8476.0,2996.0,2995.0,3761.0,2739.0,597.0,837.0,1305.0,998.0,998.0,999.0,1003.0,997.0,996.0,2975.0,2832.0,2669.0,597.0,837.0,1305.0,998.0,998.0,999.0
1.0,9241.0,2988.0,2995.0,3500.0,2227.0,583.0,671.0,973.0,998.0,998.0,999.0,999.0,994.0,995.0,3395.0,3155.0,2691.0,583.0,671.0,973.0,998.0,998.0,999.0
1.0,9753.0,2979.0,2996.0,2739.0,2471.0,973.0,840.0,658.0,998.0,999.0,999.0,987.0,1002.0,990.0,3409.0,3321.0,3023.0,973.0,840.0,658.0,998.0,999.0,999.0
1.0,9513.0,2980.0,2996.0,2227.0,3224.0,1381.0,1170.0,673.0,998.0,999.0,999.0,991.0,1001.0,988.0,3019.0,3156.0,3338.0,1381.0,1170.0,673.0,998.0,999.0,999.0
1.0,8760.0,3032.0,2999.0,2471.0,3797.0,1419.0,1346.0,1032.0,999.0,1000.0,1000.0,1007.0,1012.0,1013.0,2611.0,2826.0,3323.0,1419.0,1346.0,1032.0,999.0,1000.0,1000.0
1.0,8199.0,2996.0,2999.0,3224.0,3569.0,1031.0,1179.0,1359.0,999.0,1000.0,1000.0,993.0,1003.0,1000.0,2577.0,2654.0,2968.0,1031.0,1179.0,1359.0,999.0,1000.0,1000.0
1.0,8427.0,3036.0,3000.0,3797.0,2812.0,621.0,852.0,1339.0,999.0,1001.0,1000.0,1009.0,1015.0,1012.0,2965.0,2821.0,2641.0,621.0,852.0,1339.0,999.0,1001.0,1000.0
1.0,9188.0,3006.0,3000.0,3569.0,2249.0,589.0,678.0,982.0,999.0,1001.0,1000.0,999.0,1005.0,1002.0,3375.0,3152.0,2661.0,589.0,678.0,982.0,999.0,1001.0,1000.0
1.0,9751.0,2994.0,3002.0,2812.0,2439.0,968.0,827.0,644.0,1000.0,1001.0,1001.0,996.0,1001.0,997.0,3407.0,3326.0,3018.0,968.0,827.0,644.0,1000.0,1001.0,1001.0
1.0,9569.0,3005.0,3001.0,2249.0,3191.0,1390.0,1146.0,655.0,1000.0,1001.0,1000.0,1011.0,997.0,997.0,3032.0,3177.0,3360.0,1390.0,1146.0,655.0,1000.0,1001.0,1000.0
1.0,8813.0,3038.0,3004.0,2439.0,3802.0,1441.0,1328.0,1033.0,1001.0,1002.0,1001.0,1015.0,1005.0,1018.0,2610.0,2858.0,3345.0,1441.0,1328.0,1033.0,1001.0,1002.0,1001.0
1.0,8214.0,3010.0,3004.0,3191.0,3621.0,1046.0,1188.0,1387.0,1001.0,1002.0,1001.0,995.0,1006.0,1009.0,2563.0,2680.0,2971.0,1046.0,1188.0,1387.0,1001.0,1002.0,1001.0
1.0,8395.0,2980.0,3003.0,3802.0,2795.0,582.0,864.0,1349.0,1000.0,1002.0,1001.0,981.0,1004.0,995.0,2958.0,2820.0,2617.0,582.0,864.0,1349.0,1000.0,1002.0,1001.0
1.0,9217.0,2944.0,3002.0,3621.0,2114.0,511.0,662.0,941.0,1000.0,1002.0,1000.0,975.0,986.0,983.0,3418.0,3144.0,2655.0,511.0,662.0,941.0,1000.0,1002.0,1000.0
1.0,9894.0,2978.0,3002.0,2795.0,2297.0,922.0,788.0,587.0,1000.0,1002.0,1000.0,993.0,990.0,995.0,3489.0,3346.0,3059.0,922.0,788.0,587.0,1000.0,1002.0,1000.0
1.0,9711.0,3026.0,3002.0,2114.0,3209.0,1421.0,1142.0,646.0,1000.0,1002.0,1000.0,1010.0,1016.0,1000.0,3078.0,3220.0,3413.0,1421.0,1142.0,646.0,1000.0,1002.0,1000.0
1.0,8799.0,2989.0,3002.0,2297.0,3901.0,1493.0,1356.0,1052.0,1000.0,1002.0,1000.0,994.0,1002.0,993.0,2579.0,2866.0,3354.0,1493.0,1356.0,1052.0,1000.0,1002.0,1000.0
1.0,8107.0,3050.0,3004.0,3209.0,3750.0,1088.0,1238.0,1424.0,1001.0,1003.0,1000.0,1012.0,1020.0,1018.0,2507.0,2652.0,2948.0,1088.0,1238.0,1424.0,1001.0,1003.0,1000.0
1.0,8266.0,3024.0,3005.0,3901.0,2877.0,596.0,885.0,1396.0,1001.0,1003.0,1001.0,1001.0,1003.0,1020.0,2916.0,2774.0,2576.0,596.0,885.0,1396.0,1001.0,1003.0,1001.0
1.0,9143.0,3053.0,3005.0,3750.0,2180.0,526.0,660.0,994.0,1001.0,1003.0,1001.0,1018.0,1013.0,1022.0,3408.0,3127.0,2608.0,526.0,660.0,994.0,1001.0,1003.0,1001.0
1.0,9840.0,3021.0,3005.0,2877.0,2324.0,945.0,773.0,606.0,1001.0,1003.0,1001.0,1015.0,998.0,1008.0,3478.0,3352.0,3010.0,945.0,773.0,606.0,1001.0,1003.0,1001.0
1.0,9696.0,2999.0,3004.0,2180.0,3139.0,1415.0,1115.0,609.0,1001.0,1003.0,1000.0,996.0,1002.0,1001.0,3059.0,3239.0,3398.0,1415.0,1115.0,609.0,1001.0,1003.0,1000.0
1.0,8877.0,3048.0,3005.0,2324.0,3867.0,1486.0,1351.0,1030.0,1001.0,1003.0,1001.0,1016.0,1009.0,1023.0,2589.0,2897.0,3391.0,1486.0,1351.0,1030.0,1001.0,1003.0,1001.0
1.0,8153.0,3038.0,3005.0,3139.0,3766.0,1080.0,1248.0,1438.0,1001.0,1003.0,1001.0,1009.0,1012.0,1017.0,2518.0,2661.0,2974.0,1080.0,1248.0,1438.0,1001.0,1003.0,1001.0
1.0,8254.0,3029.0,3006.0,3867.0,2932.0,604.0,911.0,1417.0,1002.0,1003.0,1001.0,1006.0,1014.0,1009.0,2924.0,2764.0,2566.0,604.0,911.0,1417.0,1002.0,1003.0,1001.0
1.0,9092.0,3017.0,3006.0,3766.0,2183.0,526.0,667.0,990.0,1002.0,1003.0,1001.0,1002.0,1004.0,1011.0,3404.0,3101.0,2587.0,526.0,667.0,990.0,1002.0,1003.0,1001.0
1.0,9841.0,3007.0,3006.0,2932.0,2258.0,931.0,757.0,570.0,1002.0,1003.0,1001.0,1009.0,1001.0,997.0,3482.0,3345.0,3014.0,931.0,757.0,570.0,1002.0,1003.0,1001.0
1.0,9766.0,3054.0,3006.0,2183.0,3129.0,1423.0,1110.0,596.0,1002.0,1003.0,1001.0,1018.0,1020.0,1016.0,3077.0,3255.0,3434.0,1423.0,1110.0,596.0,1002.0,1003.0,1001.0
1.0,8895.0,3021.0,3007.0,2258.0,3896.0,1495.0,1363.0,1038.0,1002.0,1004.0,1001.0,1003.0,1006.0,1012.0,2585.0,2902.0,3408.0,1495.0,1363.0,1038.0,1002.0,1004.0,1001.0
1.0,8132.0,3064.0,3007.0,3129.0,3831.0,1092.0,1276.0,1463.0,1002.0,1004.0,1001.0,1020.0,1023.0,1021.0,2513.0,2653.0,2966.0,1092.0,1276.0,1463.0,1002.0,1004.0,1001.0
1.0,8197.0,3041.0,3009.0,3896.0,2984.0,614.0,924.0,1446.0,1003.0,1004.0,1002.0,1013.0,1011.0,1017.0,2916.0,2740.0,2541.0,614.0,924.0,1446.0,1003.0,1004.0,1002.0
1.0,9052.0,3071.0,3009.0,3831.0,2224.0,542.0,671.0,1011.0,1003.0,1004.0,1002.0,1020.0,1023.0,1028.0,3398.0,3092.0,2562.0,542.0,671.0,1011.0,1003.0,1004.0,1002.0
1.0,9812.0,3027.0,3009.0,2984.0,2267.0,939.0,748.0,580.0,1003.0,1004.0,1002.0,1011.0,1001.0,1015.0,3470.0,3345.0,2997.0,939.0,748.0,580.0,1003.0,1004.0,1002.0
1.0,9769.0,3062.0,3009.0,2224.0,3105.0,1411.0,1103.0,591.0,1003.0,1004.0,1002.0,1014.0,1026.0,1022.0,3073.0,3268.0,3428.0,1411.0,1103.0,591.0,1003.0,1004.0,1002.0
1.0,8931.0,3035.0,3010.0,2267.0,3877.0,1481.0,1368.0,1028.0,1003.0,1004.0,1003.0,1009.0,1013.0,1013.0,2601.0,2913.0,3417.0,1481.0,1368.0,1028.0,1003.0,1004.0,1003.0
1.0,8163.0,3039.0,3011.0,3105.0,3815.0,1083.0,1282.0,1450.0,1003.0,1005.0,1003.0,1013.0,1013.0,1013.0,2531.0,2648.0,2984.0,1083.0,1282.0,1450.0,1003.0,1005.0,1003.0
1.0,8229.0,3032.0,3011.0,3877.0,2970.0,613.0,923.0,1434.0,1003.0,1005.0,1003.0,1011.0,1009.0,1012.0,2929.0,2738.0,2562.0,613.0,923.0,1434.0,1003.0,1005.0,1003.0
1.0,9074.0,3021.0,3011.0,3815.0,2176.0,534.0,642.0,1000.0,1003.0,1005.0,1003.0,1004.0,1001.0,1016.0,3399.0,3097.0,2578.0,534.0,642.0,1000.0,1003.0,1005.0,1003.0
1.0,9868.0,3003.0,3013.0,2970.0,2217.0,930.0,719.0,568.0,1004.0,1005.0,1004.0,1005.0,1000.0,998.0,3478.0,3378.0,3012.0,930.0,719.0,568.0,1004.0,1005.0,1004.0
1.0,9835.0,3038.0,3013.0,2176.0,3079.0,1405.0,1091.0,583.0,1004.0,1005.0,1004.0,1009.0,1014.0,1015.0,3086.0,3301.0,3448.0,1405.0,1091.0,583.0,1004.0,1005.0,1004.0
1.0,8973.0,3027.0,3013.0,2217.0,3889.0,1480.0,1379.0,1030.0,1004.0,1005.0,1004.0,1005.0,1007.0,1015.0,2611.0,2929.0,3433.0,1480.0,1379.0,1030.0,1004.0,1005.0,1004.0
1.0,8163.0,3022.0,3013.0,3079.0,3832.0,1077.0,1297.0,1458.0,1004.0,1005.0,1004.0,1002.0,1009.0,1011.0,2536.0,2641.0,2986.0,1077.0,1297.0,1458.0,1004.0,1005.0,1004.0
1.0,8220.0,3052.0,3015.0,3889.0,3003.0,604.0,937.0,1462.0,1004.0,1006.0,1005.0,1007.0,1015.0,1030.0,2939.0,2723.0,2558.0,604.0,937.0,1462.0,1004.0,1006.0,1005.0
1.0,9057.0,3033.0,3015.0,3832.0,2204.0,538.0,651.0,1015.0,1004.0,1006.0,1005.0,1011.0,1011.0,1011.0,3412.0,3087.0,2558.0,538.0,651.0,1015.0,1004.0,1006.0,1005.0
1.0,9856.0,3038.0,3016.0,3003.0,2243.0,943.0,727.0,573.0,1004.0,1006.0,1006.0,1009.0,1013.0,1016.0,3478.0,3373.0,3005.0,943.0,727.0,573.0,1004.0,1006.0,1006.0
1.0,9821.0,3040.0,3016.0,2204.0,3079.0,1416.0,1091.0,572.0,1004.0,1006.0,1006.0,1011.0,1015.0,1014.0,3073.0,3297.0,3451.0,1416.0,1091.0,572.0,1004.0,1006.0,1006.0
1.0,8985.0,3056.0,3017.0,2243.0,3896.0,1489.0,1386.0,1021.0,1004.0,1006.0,1007.0,1016.0,1022.0,1018.0,2600.0,2933.0,3452.0,1489.0,1386.0,1021.0,1004.0,1006.0,1007.0
1.0,8172.0,3024.0,3019.0,3079.0,3849.0,1084.0,1310.0,1455.0,1005.0,1007.0,1007.0,1007.0,1011.0,1006.0,2527.0,2638.0,3007.0,1084.0,1310.0,1455.0,1005.0,1007.0,1007.0
1.0,8227.0,3037.0,3020.0,3896.0,2994.0,607.0,940.0,1447.0,1005.0,1007.0,1008.0,1012.0,1016.0,1009.0,2936.0,2718.0,2573.0,607.0,940.0,1447.0,1005.0,1007.0,1008.0
1.0,9086.0,3081.0,3022.0,3849.0,2234.0,551.0,663.0,1020.0,1006.0,1008.0,1008.0,1024.0,1029.0,1028.0,3413.0,3088.0,2585.0,551.0,663.0,1020.0,1006.0,1008.0,1008.0
1.0,9854.0,3038.0,3023.0,2994.0,2282.0,951.0,743.0,588.0,1006.0,1008.0,1009.0,1007.0,1020.0,1011.0,3473.0,3369.0,3012.0,951.0,743.0,588.0,1006.0,1008.0,1009.0
1.0,9810.0,3028.0,3024.0,2234.0,3080.0,1411.0,1092.0,577.0,1006.0,1009.0,1009.0,1011.0,1008.0,1009.0,3073.0,3289.0,3448.0,1411.0,1092.0,577.0,1006.0,1009.0,1009.0
1.0,9016.0,3098.0,3027.0,2282.0,3908.0,1497.0,1399.0,1012.0,1007.0,1010.0,1010.0,1033.0,1046.0,1019.0,2613.0,2944.0,3459.0,1497.0,1399.0,1012.0,1007.0,1010.0,1010.0
1.0,8200.0,3055.0,3027.0,3080.0,3883.0,1109.0,1325.0,1449.0,1007.0,1010.0,1010.0,1023.0,1018.0,1014.0,2531.0,2641.0,3028.0,1109.0,1325.0,1449.0,1007.0,1010.0,1010.0
1.0,8225.0,3031.0,3028.0,3908.0,3010.0,620.0,932.0,1458.0,1007.0,1010.0,1011.0,1008.0,1006.0,1017.0,2919.0,2715.0,2591.0,620.0,932.0,1458.0,1007.0,1010.0,1011.0
1.0,9102.0,3047.0,3029.0,3883.0,2178.0,541.0,617.0,1020.0,1008.0,1010.0,1011.0,1026.0,1010.0,1011.0,3408.0,3108.0,2586.0,541.0,617.0,1020.0,1008.0,1010.0,1011.0
1.0,9938.0,3086.0,3031.0,3010.0,2262.0,965.0,714.0,583.0,1009.0,1011.0,1011.0,1040.0,1025.0,1021.0,3491.0,3423.0,3024.0,965.0,714.0,583.0,1009.0,1011.0,1011.0
1.0,9862.0,3065.0,3032.0,2178.0,3153.0,1446.0,1118.0,589.0,1009.0,1011.0,1012.0,1022.0,1021.0,1022.0,3071.0,3330.0,3461.0,1446.0,1118.0,589.0,1009.0,1011.0,1012.0
1.0,8975.0,3064.0,3032.0,2262.0,3955.0,1494.0,1432.0,1029.0,1009.0,1011.0,1012.0,1013.0,1028.0,1023.0,2590.0,2926.0,3459.0,1494.0,1432.0,1029.0,1009.0,1011.0,1012.0
1.0,8173.0,3020.0,3033.0,3153.0,3826.0,1057.0,1324.0,1445.0,1010.0,1011.0,1012.0,1005.0,1010.0,1005.0,2542.0,2612.0,3019.0,1057.0,1324.0,1445.0,1010.0,1011.0,1012.0
1.0,8306.0,3055.0,3034.0,3955.0,2930.0,577.0,927.0,1426.0,1010.0,1012.0,1012.0,1014.0,1031.0,1010.0,2983.0,2720.0,2603.0,577.0,927.0,1426.0,1010.0,1012.0,1012.0
1.0,9206.0,3072.0,3035.0,3826.0,2180.0,543.0,629.0,1008.0,1010.0,1012.0,1013.0,1023.0,1026.0,1023.0,3463.0,3121.0,2622.0,543.0,629.0,1008.0,1010.0,1012.0,1013.0
1.0,9960.0,3060.0,3036.0,2930.0,2314.0,978.0,740.0,596.0,1010.0,1013.0,1013.0,1012.0,1034.0,1014.0,3497.0,3419.0,3044.0,978.0,740.0,596.0,1010.0,1013.0,1013.0
1.0,9830.0,3012.0,3035.0,2180.0,3142.0,1442.0,1121.0,579.0,1010.0,1013.0,1012.0,1007.0,1010.0,995.0,3062.0,3312.0,3456.0,1442.0,1121.0,579.0,1010.0,1013.0,1012.0
1.0,8998.0,3053.0,3037.0,2314.0,3889.0,1481.0,1406.0,1002.0,1011.0,1013.0,1013.0,1013.0,1025.0,1015.0,2598.0,2931.0,3469.0,1481.0,1406.0,1002.0,1011.0,1013.0,1013.0
1.0,8259.0,3063.0,3040.0,3142.0,3822.0,1063.0,1306.0,1453.0,1012.0,1014.0,1014.0,1020.0,1017.0,1026.0,2563.0,2646.0,3050.0,1063.0,1306.0,1453.0,1012.0,1014.0,1014.0
1.0,8338.0,2990.0,3040.0,3889.0,2923.0,575.0,896.0,1452.0,1012.0,1014.0,1014.0,993.0,996.0,1001.0,2985.0,2750.0,2603.0,575.0,896.0,1452.0,1012.0,1014.0,1014.0
1.0,9237.0,3064.0,3040.0,3822.0,2165.0,540.0,614.0,1011.0,1012.0,1014.0,1014.0,1028.0,1024.0,1012.0,3473.0,3160.0,2604.0,540.0,614.0,1011.0,1012.0,1014.0,1014.0
1.0,9995.0,3051.0,3042.0,2923.0,2301.0,985.0,741.0,575.0,1013.0,1015.0,1014.0,1016.0,1019.0,1016.0,3508.0,3442.0,3045.0,985.0,741.0,575.0,1013.0,1015.0,1014.0
1.0,9867.0,3049.0,3042.0,2165.0,3185.0,1457.0,1146.0,582.0,1013.0,1015.0,1014.0,1012.0,1019.0,1018.0,3067.0,3319.0,3481.0,1457.0,1146.0,582.0,1013.0,1015.0,1014.0
1.0,8983.0,3049.0,3042.0,2301.0,3933.0,1482.0,1429.0,1022.0,1013.0,1015.0,1014.0,1010.0,1024.0,1015.0,2595.0,2914.0,3474.0,1482.0,1429.0,1022.0,1013.0,1015.0,1014.0
1.0,8235.0,3021.0,3041.0,3185.0,3765.0,1020.0,1304.0,1441.0,1012.0,1015.0,1014.0,999.0,1021.0,1001.0,2570.0,2631.0,3034.0,1020.0,1304.0,1441.0,1012.0,1015.0,1014.0
1.0,8399.0,3058.0,3042.0,3933.0,2894.0,559.0,901.0,1434.0,1012.0,1016.0,1014.0,1021.0,1022.0,1015.0,3028.0,2756.0,2615.0,559.0,901.0,1434.0,1012.0,1016.0,1014.0
1.0,9274.0,3040.0,3043.0,3765.0,2173.0,563.0,610.0,1000.0,1013.0,1016.0,1014.0,1020.0,1013.0,1007.0,3489.0,3163.0,2622.0,563.0,610.0,1000.0,1013.0,1016.0,1014.0
1.0,9999.0,3076.0,3043.0,2894.0,2355.0,1020.0,741.0,594.0,1013.0,1016.0,1014.0,1016.0,1032.0,1028.0,3489.0,3454.0,3056.0,1020.0,741.0,594.0,1013.0,1016.0,1014.0
1.0,9817.0,3030.0,3043.0,2173.0,3212.0,1469.0,1140.0,603.0,1013.0,1016.0,1014.0,1012.0,1009.0,1009.0,3032.0,3323.0,3462.0,1469.0,1140.0,603.0,1013.0,1016.0,1014.0
1.0,8960.0,3065.0,3043.0,2355.0,3922.0,1471.0,1424.0,1027.0,1013.0,1016.0,1014.0,1022.0,1025.0,1018.0,2583.0,2924.0,3453.0,1471.0,1424.0,1027.0,1013.0,1016.0,1014.0
1.0,8250.0,3066.0,3046.0,3212.0,3788.0,1022.0,1306.0,1460.0,1014.0,1017.0,1015.0,1016.0,1018.0,1032.0,2581.0,2640.0,3029.0,1022.0,1306.0,1460.0,1014.0,1017.0,1015.0
1.0,8396.0,3023.0,3045.0,3922.0,2885.0,552.0,888.0,1445.0,1013.0,1017.0,1015.0,1005.0,1006.0,1012.0,3034.0,2762.0,2600.0,552.0,888.0,1445.0,1013.0,1017.0,1015.0
1.0,9295.0,3020.0,3044.0,3788.0,2113.0,535.0,584.0,994.0,1013.0,1016.0,1015.0,1005.0,1006.0,1009.0,3500.0,3180.0,2615.0,535.0,584.0,994.0,1013.0,1016.0,1015.0
1.0,10063.0,3053.0,3045.0,2885.0,2285.0,999.0,721.0,565.0,1013.0,1017.0,1015.0,1016.0,1021.0,1016.0,3517.0,3480.0,3066.0,999.0,721.0,565.0,1013.0,1017.0,1015.0
1.0,9895.0,3008.0,3043.0,2113.0,3172.0,1475.0,1130.0,567.0,1013.0,1016.0,1014.0,1011.0,997.0,1000.0,3053.0,3347.0,3495.0,1475.0,1130.0,567.0,1013.0,1016.0,1014.0
1.0,9000.0,3031.0,3043.0,2285.0,3918.0,1488.0,1414.0,1016.0,1013.0,1016.0,1014.0,1012.0,1005.0,1014.0,2577.0,2934.0,3489.0,1488.0,1414.0,1016.0,1013.0,1016.0,1014.0
1.0,8254.0,3074.0,3043.0,3172.0,3820.0,1038.0,1305.0,1477.0,1013.0,1016.0,1014.0,1025.0,1021.0,1028.0,2564.0,2650.0,3040.0,1038.0,1305.0,1477.0,1013.0,1016.0,1014.0
1.0,8352.0,3031.0,3043.0,3918.0,2933.0,562.0,904.0,1467.0,1013.0,1016.0,1014.0,1012.0,1013.0,1006.0,3014.0,2759.0,2579.0,562.0,904.0,1467.0,1013.0,1016.0,1014.0
1.0,9239.0,3088.0,3044.0,3820.0,2205.0,557.0,628.0,1020.0,1014.0,1016.0,1014.0,1029.0,1029.0,1030.0,3490.0,3160.0,2589.0,557.0,628.0,1020.0,1014.0,1016.0,1014.0
1.0,9971.0,3031.0,3044.0,2933.0,2303.0,1011.0,730.0,562.0,1014.0,1016.0,1014.0,1016.0,1006.0,1009.0,3499.0,3436.0,3036.0,1011.0,730.0,562.0,1014.0,1016.0,1014.0
1.0,9873.0,3014.0,3044.0,2205.0,3112.0,1456.0,1110.0,546.0,1014.0,1016.0,1014.0,1002.0,1008.0,1004.0,3045.0,3334.0,3494.0,1456.0,1110.0,546.0,1014.0,1016.0,1014.0
1.0,9064.0,3104.0,3045.0,2303.0,3917.0,1492.0,1397.0,1028.0,1014.0,1016.0,1015.0,1047.0,1017.0,1040.0,2600.0,2954.0,3510.0,1492.0,1397.0,1028.0,1014.0,1016.0,1015.0
1.0,8263.0,3072.0,3047.0,3112.0,3885.0,1068.0,1317.0,1500.0,1015.0,1017.0,1015.0,1028.0,1026.0,1018.0,2564.0,2667.0,3032.0,1068.0,1317.0,1500.0,1015.0,1017.0,1015.0
1.0,8303.0,3047.0,3047.0,3917.0,3015.0,593.0,934.0,1488.0,1015.0,1017.0,1015.0,1017.0,1014.0,1016.0,2992.0,2751.0,2560.0,593.0,934.0,1488.0,1015.0,1017.0,1015.0
1.0,9173.0,3010.0,3047.0,3885.0,2140.0,539.0,614.0,987.0,1015.0,1017.0,1015.0,1014.0,997.0,999.0,3467.0,3134.0,2572.0,539.0,614.0,987.0,1015.0,1017.0,1015.0
1.0,10048.0,3036.0,3047.0,3015.0,2161.0,961.0,693.0,507.0,1015.0,1017.0,1015.0,1015.0,1013.0,1008.0,3521.0,3454.0,3073.0,961.0,693.0,507.0,1015.0,1017.0,1015.0
1.0,10027.0,3072.0,3048.0,2140.0,3097.0,1467.0,1100.0,530.0,1016.0,1017.0,1015.0,1041.0,1021.0,1010.0,3099.0,3375.0,3553.0,1467.0,1100.0,530.0,1016.0,1017.0,1015.0
1.0,9095.0,3042.0,3047.0,2161.0,3974.0,1516.0,1431.0,1027.0,1016.0,1017.0,1014.0,1010.0,1024.0,1008.0,2597.0,2968.0,3530.0,1516.0,1431.0,1027.0,1016.0,1017.0,1014.0
1.0,8214.0,3067.0,3047.0,3097.0,3944.0,1079.0,1351.0,1514.0,1016.0,1017.0,1014.0,1030.0,1020.0,1017.0,2548.0,2637.0,3029.0,1079.0,1351.0,1514.0,1016.0,1017.0,1014.0
1.0,8244.0,3066.0,3049.0,3974.0,3044.0,595.0,942.0,1507.0,1017.0,1018.0,1014.0,1028.0,1018.0,1020.0,2985.0,2717.0,2542.0,595.0,942.0,1507.0,1017.0,1018.0,1014.0
1.0,9152.0,3044.0,3049.0,3944.0,2144.0,527.0,596.0,1021.0,1017.0,1017.0,1015.0,1011.0,1009.0,1024.0,3473.0,3130.0,2549.0,527.0,596.0,1021.0,1017.0,1017.0,1015.0
1.0,10052.0,3057.0,3049.0,3044.0,2157.0,959.0,663.0,535.0,1017.0,1017.0,1015.0,1027.0,1009.0,1021.0,3541.0,3472.0,3039.0,959.0,663.0,535.0,1017.0,1017.0,1015.0
1.0,10039.0,3014.0,3049.0,2144.0,3027.0,1443.0,1068.0,516.0,1017.0,1017.0,1015.0,1011.0,1001.0,1002.0,3109.0,3405.0,3525.0,1443.0,1068.0,516.0,1017.0,1017.0,1015.0
1.0,9169.0,3031.0,3049.0,2157.0,3901.0,1499.0,1408.0,994.0,1017.0,1017.0,1015.0,1015.0,1003.0,1013.0,2625.0,3000.0,3544.0,1499.0,1408.0,994.0,1017.0,1017.0,1015.0
1.0,8295.0,3067.0,3048.0,3027.0,3937.0,1083.0,1347.0,1507.0,1017.0,1016.0,1015.0,1027.0,1011.0,1029.0,2569.0,2660.0,3066.0,1083.0,1347.0,1507.0,1017.0,1016.0,1015.0
1.0,8255.0,3086.0,3049.0,3901.0,3126.0,626.0,961.0,1539.0,1018.0,1016.0,1015.0,1038.0,1022.0,1026.0,2985.0,2717.0,2553.0,626.0,961.0,1539.0,1018.0,1016.0,1015.0
1.0,9070.0,3037.0,3049.0,3937.0,2226.0,564.0,625.0,1037.0,1018.0,1016.0,1015.0,1021.0,1011.0,1005.0,3446.0,3103.0,2521.0,564.0,625.0,1037.0,1018.0,1016.0,1015.0
1.0,9970.0,3068.0,3049.0,3126.0,2168.0,964.0,687.0,517.0,1018.0,1016.0,1015.0,1026.0,1023.0,1019.0,3508.0,3439.0,3023.0,964.0,687.0,517.0,1018.0,1016.0,1015.0
1.0,10028.0,3076.0,3049.0,2226.0,3018.0,1425.0,1085.0,508.0,1018.0,1016.0,1015.0,1025.0,1023.0,1028.0,3108.0,3377.0,3543.0,1425.0,1085.0,508.0,1018.0,1016.0,1015.0
1.0,9178.0,3105.0,3050.0,2168.0,3959.0,1496.0,1445.0,1018.0,1018.0,1017.0,1015.0,1035.0,1043.0,1027.0,2647.0,2979.0,3552.0,1496.0,1445.0,1018.0,1018.0,1017.0,1015.0
1.0,8241.0,3097.0,3052.0,3018.0,4046.0,1107.0,1392.0,1547.0,1019.0,1017.0,1016.0,1032.0,1032.0,1033.0,2576.0,2623.0,3042.0,1107.0,1392.0,1547.0,1019.0,1017.0,1016.0
1.0,8162.0,3087.0,3051.0,3959.0,3170.0,632.0,977.0,1561.0,1018.0,1017.0,1016.0,1025.0,1030.0,1032.0,2969.0,2676.0,2517.0,632.0,977.0,1561.0,1018.0,1017.0,1016.0
1.0,9034.0,3126.0,3053.0,4046.0,2258.0,573.0,633.0,1052.0,1019.0,1018.0,1016.0,1044.0,1044.0,1038.0,3440.0,3091.0,2503.0,573.0,633.0,1052.0,1019.0,1018.0,1016.0
1.0,9954.0,3037.0,3053.0,3170.0,2125.0,951.0,669.0,505.0,1019.0,1018.0,1016.0,1010.0,1013.0,1014.0,3503.0,3439.0,3012.0,951.0,669.0,505.0,1019.0,1018.0,1016.0
1.0,10087.0,3094.0,3054.0,2258.0,2965.0,1412.0,1067.0,486.0,1019.0,1018.0,1017.0,1034.0,1031.0,1029.0,3125.0,3403.0,3559.0,1412.0,1067.0,486.0,1019.0,1018.0,1017.0
1.0,9251.0,3071.0,3054.0,2125.0,3911.0,1490.0,1411.0,1010.0,1019.0,1018.0,1017.0,1029.0,1013.0,1029.0,2664.0,3005.0,3582.0,1490.0,1411.0,1010.0,1019.0,1018.0,1017.0
1.0,8305.0,3130.0,3055.0,2965.0,4080.0,1112.0,1394.0,1574.0,1020.0,1018.0,1017.0,1030.0,1050.0,1050.0,2586.0,2661.0,3058.0,1112.0,1394.0,1574.0,1020.0,1018.0,1017.0
1.0,8140.0,3085.0,3056.0,3911.0,3258.0,646.0,1021.0,1591.0,1020.0,1018.0,1018.0,1024.0,1038.0,1023.0,2968.0,2678.0,2494.0,646.0,1021.0,1591.0,1020.0,1018.0,1018.0
1.0,8966.0,3096.0,3057.0,4080.0,2278.0,557.0,664.0,1057.0,1020.0,1019.0,1018.0,1023.0,1033.0,1040.0,3434.0,3051.0,2481.0,557.0,664.0,1057.0,1020.0,1019.0,1018.0
1.0,9950.0,3056.0,3058.0,3258.0,2080.0,917.0,672.0,491.0,1020.0,1019.0,1019.0,1006.0,1029.0,1021.0,3523.0,3412.0,3015.0,917.0,672.0,491.0,1020.0,1019.0,1019.0
1.0,10152.0,3057.0,3057.0,2278.0,2855.0,1378.0,1030.0,447.0,1020.0,1019.0,1018.0,1018.0,1022.0,1017.0,3163.0,3404.0,3585.0,1378.0,1030.0,447.0,1020.0,1019.0,1018.0
1.0,9373.0,3057.0,3058.0,2080.0,3836.0,1474.0,1376.0,986.0,1020.0,1019.0,1019.0,1013.0,1018.0,1026.0,2702.0,3046.0,3625.0,1474.0,1376.0,986.0,1020.0,1019.0,1019.0
1.0,8396.0,3028.0,3058.0,2855.0,4009.0,1102.0,1359.0,1548.0,1020.0,1019.0,1019.0,1006.0,1013.0,1009.0,2606.0,2700.0,3090.0,1102.0,1359.0,1548.0,1020.0,1019.0,1019.0
1.0,8223.0,3102.0,3058.0,3836.0,3275.0,657.0,1022.0,1596.0,1020.0,1019.0,1019.0,1029.0,1039.0,1034.0,2978.0,2717.0,2528.0,657.0,1022.0,1596.0,1020.0,1019.0,1019.0
1.0,8957.0,3124.0,3061.0,4009.0,2402.0,594.0,706.0,1102.0,1021.0,1020.0,1020.0,1035.0,1039.0,1050.0,3423.0,3054.0,2480.0,594.0,706.0,1102.0,1021.0,1020.0,1020.0
1.0,9842.0,3124.0,3061.0,3275.0,2251.0,969.0,730.0,552.0,1021.0,1020.0,1020.0,1032.0,1046.0,1046.0,3490.0,3374.0,2978.0,969.0,730.0,552.0,1021.0,1020.0,1020.0
1.0,9993.0,3087.0,3062.0,2402.0,2940.0,1387.0,1063.0,490.0,1021.0,1020.0,1021.0,1012.0,1039.0,1036.0,3115.0,3350.0,3528.0,1387.0,1063.0,490.0,1021.0,1020.0,1021.0
1.0,9308.0,3122.0,3065.0,2251.0,3823.0,1463.0,1371.0,989.0,1022.0,1021.0,1022.0,1041.0,1034.0,1047.0,2697.0,3017.0,3594.0,1463.0,1371.0,989.0,1022.0,1021.0,1022.0
1.0,8437.0,3081.0,3065.0,2940.0,3964.0,1094.0,1339.0,1531.0,1022.0,1021.0,1022.0,1018.0,1031.0,1032.0,2625.0,2713.0,3099.0,1094.0,1339.0,1531.0,1022.0,1021.0,1022.0
1.0,8296.0,3143.0,3066.0,3823.0,3288.0,671.0,1020.0,1597.0,1022.0,1021.0,1023.0,1040.0,1052.0,1051.0,2994.0,2745.0,2557.0,671.0,1020.0,1597.0,1022.0,1021.0,1023.0
1.0,8976.0,3096.0,3067.0,3964.0,2424.0,603.0,719.0,1102.0,1022.0,1022.0,1023.0,1026.0,1034.0,1036.0,3417.0,3064.0,2495.0,603.0,719.0,1102.0,1022.0,1022.0,1023.0
1.0,9844.0,3049.0,3067.0,3288.0,2185.0,941.0,722.0,522.0,1022.0,1022.0,1023.0,1009.0,1023.0,1017.0,3485.0,3369.0,2990.0,941.0,722.0,522.0,1022.0,1022.0,1023.0
1.0,10083.0,3097.0,3067.0,2424.0,2858.0,1363.0,1042.0,453.0,1022.0,1022.0,1023.0,1025.0,1039.0,1033.0,3147.0,3366.0,3570.0,1363.0,1042.0,453.0,1022.0,1022.0,1023.0
1.0,9410.0,3082.0,3070.0,2185.0,3767.0,1453.0,1344.0,970.0,1023.0,1023.0,1024.0,1027.0,1020.0,1035.0,2725.0,3046.0,3639.0,1453.0,1344.0,970.0,1023.0,1023.0,1024.0
1.0,8513.0,3079.0,3070.0,2858.0,3988.0,1115.0,1323.0,1550.0,1023.0,1023.0,1024.0,1025.0,1021.0,1033.0,2639.0,2748.0,3126.0,1115.0,1323.0,1550.0,1023.0,1023.0,1024.0
1.0,8292.0,3055.0,3070.0,3767.0,3276.0,664.0,1015.0,1597.0,1023.0,1023.0,1024.0,1002.0,1036.0,1017.0,2977.0,2769.0,2546.0,664.0,1015.0,1597.0,1023.0,1023.0,1024.0
1.0,9004.0,3069.0,3072.0,3988.0,2365.0,560.0,723.0,1082.0,1023.0,1024.0,1025.0,1011.0,1027.0,1031.0,3428.0,3077.0,2499.0,560.0,723.0,1082.0,1023.0,1024.0,1025.0
1.0,9923.0,3117.0,3072.0,3276.0,2206.0,925.0,754.0,527.0,1023.0,1024.0,1025.0,1029.0,1046.0,1042.0,3532.0,3373.0,3018.0,925.0,754.0,527.0,1023.0,1024.0,1025.0
1.0,10082.0,3041.0,3072.0,2365.0,2882.0,1382.0,1040.0,460.0,1023.0,1024.0,1025.0,1017.0,1009.0,1015.0,3167.0,3342.0,3573.0,1382.0,1040.0,460.0,1023.0,1024.0,1025.0
1.0,9406.0,3074.0,3073.0,2206.0,3754.0,1466.0,1319.0,969.0,1023.0,1025.0,1025.0,1009.0,1029.0,1036.0,2710.0,3056.0,3640.0,1466.0,1319.0,969.0,1023.0,1025.0,1025.0
1.0,8538.0,3068.0,3073.0,2882.0,3940.0,1094.0,1300.0,1546.0,1023.0,1024.0,1026.0,1010.0,1025.0,1033.0,2626.0,2781.0,3131.0,1094.0,1300.0,1546.0,1023.0,1024.0,1026.0
1.0,8352.0,3066.0,3074.0,3754.0,3256.0,642.0,1007.0,1607.0,1023.0,1025.0,1026.0,1014.0,1022.0,1030.0,2998.0,2796.0,2558.0,642.0,1007.0,1607.0,1023.0,1025.0,1026.0
1.0,9040.0,3085.0,3075.0,3940.0,2405.0,563.0,734.0,1108.0,1023.0,1025.0,1027.0,1015.0,1027.0,1043.0,3450.0,3093.0,2497.0,563.0,734.0,1108.0,1023.0,1025.0,1027.0
1.0,9895.0,3091.0,3074.0,3256.0,2236.0,941.0,759.0,536.0,1022.0,1025.0,1027.0,1024.0,1032.0,1035.0,3529.0,3366.0,3000.0,941.0,759.0,536.0,1022.0,1025.0,1027.0
1.0,10060.0,3077.0,3075.0,2405.0,2912.0,1403.0,1058.0,451.0,1022.0,1026.0,1027.0,1025.0,1029.0,1023.0,3147.0,3341.0,3572.0,1403.0,1058.0,451.0,1022.0,1026.0,1027.0
1.0,9388.0,3097.0,3076.0,2236.0,3777.0,1498.0,1331.0,948.0,1023.0,1026.0,1027.0,1032.0,1032.0,1033.0,2685.0,3046.0,3657.0,1498.0,1331.0,948.0,1023.0,1026.0,1027.0
1.0,8527.0,3056.0,3076.0,2912.0,3921.0,1116.0,1290.0,1515.0,1023.0,1026.0,1027.0,1021.0,1017.0,1018.0,2594.0,2773.0,3160.0,1116.0,1290.0,1515.0,1023.0,1026.0,1027.0
1.0,8383.0,3092.0,3078.0,3777.0,3244.0,645.0,991.0,1608.0,1023.0,1027.0,1028.0,1027.0,1028.0,1037.0,2976.0,2814.0,2593.0,645.0,991.0,1608.0,1023.0,1027.0,1028.0
1.0,9068.0,3076.0,3078.0,3921.0,2399.0,550.0,730.0,1119.0,1023.0,1027.0,1028.0,1021.0,1029.0,1026.0,3447.0,3117.0,2504.0,550.0,730.0,1119.0,1023.0,1027.0,1028.0
1.0,9913.0,3021.0,3077.0,3244.0,2172.0,923.0,733.0,516.0,1023.0,1026.0,1028.0,1018.0,998.0,1005.0,3542.0,3378.0,2993.0,923.0,733.0,516.0,1023.0,1026.0,1028.0
1.0,10136.0,3059.0,3077.0,2399.0,2832.0,1400.0,1019.0,413.0,1023.0,1026.0,1028.0,1027.0,1016.0,1016.0,3169.0,3371.0,3596.0,1400.0,1019.0,413.0,1023.0,1026.0,1028.0
1.0,9476.0,3045.0,3076.0,2172.0,3701.0,1488.0,1304.0,909.0,1022.0,1026.0,1028.0,1015.0,1018.0,1012.0,2692.0,3085.0,3699.0,1488.0,1304.0,909.0,1022.0,1026.0,1028.0
1.0,8603.0,3087.0,3077.0,2832.0,3960.0,1119.0,1311.0,1530.0,1023.0,1026.0,1028.0,1027.0,1026.0,1034.0,2600.0,2800.0,3203.0,1119.0,1311.0,1530.0,1023.0,1026.0,1028.0
1.0,8348.0,3153.0,3079.0,3701.0,3420.0,684.0,1059.0,1677.0,1023.0,1027.0,1029.0,1053.0,1048.0,1052.0,2973.0,2793.0,2582.0,684.0,1059.0,1677.0,1023.0,1027.0,1029.0
1.0,8896.0,3080.0,3081.0,3960.0,2548.0,601.0,787.0,1160.0,1024.0,1028.0,1029.0,1032.0,1035.0,1013.0,3408.0,3049.0,2439.0,601.0,787.0,1160.0,1024.0,1028.0,1029.0
1.0,9776.0,3084.0,3081.0,3420.0,2212.0,951.0,758.0,503.0,1024.0,1028.0,1029.0,1034.0,1030.0,1020.0,3495.0,3325.0,2956.0,951.0,758.0,503.0,1024.0,1028.0,1029.0
1.0,10112.0,3056.0,3081.0,2548.0,2720.0,1375.0,984.0,361.0,1024.0,1028.0,1029.0,1025.0,1013.0,1018.0,3145.0,3354.0,3613.0,1375.0,984.0,361.0,1024.0,1028.0,1029.0
1.0,9604.0,3117.0,3082.0,2212.0,3629.0,1473.0,1261.0,895.0,1024.0,1029.0,1029.0,1049.0,1031.0,1037.0,2721.0,3128.0,3755.0,1473.0,1261.0,895.0,1024.0,1029.0,1029.0
1.0,8699.0,3079.0,3083.0,2720.0,3992.0,1127.0,1298.0,1567.0,1024.0,1029.0,1030.0,1029.0,1021.0,1029.0,2623.0,2855.0,3221.0,1127.0,1298.0,1567.0,1024.0,1029.0,1030.0
1.0,8340.0,3102.0,3084.0,3629.0,3469.0,701.0,1069.0,1699.0,1025.0,1029.0,1030.0,1043.0,1032.0,1027.0,2969.0,2818.0,2553.0,701.0,1069.0,1699.0,1025.0,1029.0,1030.0
1.0,8867.0,3037.0,3083.0,3992.0,2510.0,600.0,772.0,1138.0,1025.0,1029.0,1029.0,1026.0,1001.0,1010.0,3399.0,3047.0,2421.0,600.0,772.0,1138.0,1025.0,1029.0,1029.0
1.0,9822.0,3081.0,3082.0,3469.0,2118.0,936.0,722.0,460.0,1025.0,1028.0,1029.0,1037.0,1023.0,1021.0,3500.0,3344.0,2978.0,936.0,722.0,460.0,1025.0,1028.0,1029.0
1.0,10210.0,3062.0,3082.0,2510.0,2670.0,1358.0,969.0,343.0,1025.0,1028.0,1029.0,1022.0,1019.0,1021.0,3164.0,3390.0,3656.0,1358.0,969.0,343.0,1025.0,1028.0,1029.0
1.0,9658.0,3123.0,3082.0,2118.0,3675.0,1475.0,1281.0,919.0,1025.0,1028.0,1029.0,1053.0,1034.0,1036.0,2742.0,3143.0,3773.0,1475.0,1281.0,919.0,1025.0,1028.0,1029.0
1.0,8653.0,3037.0,3081.0,2670.0,4038.0,1141.0,1315.0,1582.0,1025.0,1027.0,1029.0,1024.0,1007.0,1006.0,2625.0,2831.0,3197.0,1141.0,1315.0,1582.0,1025.0,1027.0,1029.0
1.0,8286.0,3098.0,3082.0,3675.0,3465.0,708.0,1073.0,1684.0,1025.0,1028.0,1029.0,1042.0,1035.0,1021.0,2959.0,2793.0,2534.0,708.0,1073.0,1684.0,1025.0,1028.0,1029.0
1.0,8863.0,3101.0,3082.0,4038.0,2528.0,605.0,782.0,1141.0,1025.0,1028.0,1029.0,1038.0,1024.0,1039.0,3392.0,3039.0,2432.0,605.0,782.0,1141.0,1025.0,1028.0,1029.0
1.0,9800.0,3126.0,3083.0,3465.0,2193.0,947.0,752.0,494.0,1026.0,1028.0,1029.0,1046.0,1043.0,1037.0,3495.0,3330.0,2975.0,947.0,752.0,494.0,1026.0,1028.0,1029.0
1.0,10139.0,3088.0,3082.0,2528.0,2749.0,1382.0,1000.0,367.0,1026.0,1028.0,1028.0,1040.0,1030.0,1018.0,3157.0,3360.0,3622.0,1382.0,1000.0,367.0,1026.0,1028.0,1028.0
1.0,9579.0,3099.0,3082.0,2193.0,3655.0,1474.0,1281.0,900.0,1026.0,1028.0,1028.0,1039.0,1033.0,1027.0,2722.0,3112.0,3745.0,1474.0,1281.0,900.0,1026.0,1028.0,1028.0
1.0,8673.0,3110.0,3083.0,2749.0,4020.0,1137.0,1314.0,1569.0,1027.0,1028.0,1028.0,1041.0,1033.0,1036.0,2630.0,2831.0,3212.0,1137.0,1314.0,1569.0,1027.0,1028.0,1028.0
1.0,8312.0,3124.0,3084.0,3655.0,3493.0,711.0,1071.0,1711.0,1027.0,1028.0,1029.0,1048.0,1038.0,1038.0,2971.0,2798.0,2543.0,711.0,1071.0,1711.0,1027.0,1028.0,1029.0
1.0,8843.0,3100.0,3085.0,4020.0,2577.0,606.0,793.0,1178.0,1028.0,1028.0,1029.0,1028.0,1036.0,1036.0,3397.0,3041.0,2405.0,606.0,793.0,1178.0,1028.0,1028.0,1029.0
1.0,9763.0,3138.0,3086.0,3493.0,2226.0,944.0,771.0,511.0,1028.0,1029.0,1029.0,1049.0,1045.0,1044.0,3506.0,3319.0,2938.0,944.0,771.0,511.0,1028.0,1029.0,1029.0
1.0,10118.0,3141.0,3088.0,2577.0,2798.0,1393.0,1025.0,380.0,1029.0,1029.0,1030.0,1051.0,1047.0,1043.0,3168.0,3345.0,3605.0,1393.0,1025.0,380.0,1029.0,1029.0,1030.0
1.0,9554.0,3111.0,3088.0,2226.0,3683.0,1485.0,1297.0,901.0,1029.0,1029.0,1030.0,1036.0,1043.0,1032.0,2723.0,3091.0,3740.0,1485.0,1297.0,901.0,1029.0,1029.0,1030.0
1.0,8669.0,3102.0,3088.0,2798.0,3987.0,1119.0,1315.0,1553.0,1029.0,1029.0,1030.0,1027.0,1043.0,1032.0,2631.0,2819.0,3219.0,1119.0,1315.0,1553.0,1029.0,1029.0,1030.0
1.0,8365.0,3053.0,3087.0,3683.0,3353.0,649.0,1038.0,1666.0,1029.0,1029.0,1029.0,1015.0,1020.0,1018.0,2997.0,2801.0,2567.0,649.0,1038.0,1666.0,1029.0,1029.0,1029.0
1.0,8995.0,3133.0,3087.0,3987.0,2499.0,576.0,765.0,1158.0,1029.0,1029.0,1029.0,1046.0,1042.0,1045.0,3467.0,3078.0,2450.0,576.0,765.0,1158.0,1029.0,1029.0,1029.0
1.0,9849.0,3126.0,3087.0,3353.0,2272.0,968.0,774.0,530.0,1029.0,1029.0,1029.0,1041.0,1047.0,1038.0,3540.0,3351.0,2958.0,968.0,774.0,530.0,1029.0,1029.0,1029.0
1.0,10076.0,3148.0,3089.0,2499.0,2929.0,1447.0,1064.0,418.0,1030.0,1030.0,1029.0,1051.0,1051.0,1046.0,3148.0,3342.0,3586.0,1447.0,1064.0,418.0,1030.0,1030.0,1029.0
1.0,9427.0,3150.0,3089.0,2272.0,3807.0,1537.0,1337.0,933.0,1030.0,1030.0,1029.0,1058.0,1047.0,1045.0,2673.0,3056.0,3698.0,1537.0,1337.0,933.0,1030.0,1030.0,1029.0
1.0,8549.0,3138.0,3091.0,2929.0,4024.0,1141.0,1319.0,1564.0,1031.0,1030.0,1030.0,1047.0,1046.0,1045.0,2583.0,2783.0,3183.0,1141.0,1319.0,1564.0,1031.0,1030.0,1030.0
1.0,8340.0,3114.0,3091.0,3807.0,3331.0,642.0,1026.0,1663.0,1031.0,1030.0,1030.0,1038.0,1044.0,1032.0,2983.0,2801.0,2556.0,642.0,1026.0,1663.0,1031.0,1030.0,1030.0
1.0,9033.0,3122.0,3091.0,4024.0,2429.0,534.0,748.0,1147.0,1031.0,1030.0,1030.0,1033.0,1041.0,1048.0,3482.0,3094.0,2457.0,534.0,748.0,1147.0,1031.0,1030.0,1030.0
1.0,9935.0,3160.0,3094.0,3331.0,2270.0,936.0,787.0,547.0,1032.0,1031.0,1031.0,1040.0,1061.0,1059.0,3590.0,3372.0,2973.0,936.0,787.0,547.0,1032.0,1031.0,1031.0
1.0,10106.0,3153.0,3095.0,2429.0,2998.0,1454.0,1098.0,446.0,1032.0,1032.0,1031.0,1052.0,1055.0,1046.0,3192.0,3337.0,3577.0,1454.0,1098.0,446.0,1032.0,1032.0,1031.0
1.0,9382.0,3181.0,3097.0,2270.0,3917.0,1583.0,1371.0,963.0,1033.0,1032.0,1032.0,1061.0,1060.0,1060.0,2674.0,3030.0,3678.0,1583.0,1371.0,963.0,1033.0,1032.0,1032.0
1.0,8471.0,3122.0,3098.0,2998.0,4045.0,1166.0,1321.0,1558.0,1034.0,1032.0,1032.0,1033.0,1048.0,1041.0,2549.0,2757.0,3165.0,1166.0,1321.0,1558.0,1034.0,1032.0,1032.0
1.0,8347.0,3094.0,3098.0,3917.0,3222.0,600.0,982.0,1640.0,1034.0,1032.0,1032.0,1017.0,1032.0,1045.0,2970.0,2807.0,2570.0,600.0,982.0,1640.0,1034.0,1032.0,1032.0
1.0,9170.0,3158.0,3100.0,4045.0,2343.0,484.0,716.0,1143.0,1034.0,1033.0,1033.0,1050.0,1051.0,1057.0,3536.0,3146.0,2488.0,484.0,716.0,1143.0,1034.0,1033.0,1033.0
1.0,10057.0,3090.0,3101.0,3222.0,2215.0,916.0,767.0,532.0,1035.0,1033.0,1033.0,1028.0,1033.0,1029.0,3652.0,3416.0,2989.0,916.0,767.0,532.0,1035.0,1033.0,1033.0
1.0,10189.0,3097.0,3101.0,2343.0,2969.0,1459.0,1089.0,421.0,1035.0,1033.0,1033.0,1027.0,1038.0,1032.0,3224.0,3365.0,3600.0,1459.0,1089.0,421.0,1035.0,1033.0,1033.0
1.0,9435.0,3147.0,3102.0,2215.0,3905.0,1578.0,1382.0,945.0,1035.0,1034.0,1033.0,1035.0,1056.0,1056.0,2681.0,3043.0,3711.0,1578.0,1382.0,945.0,1035.0,1034.0,1033.0
1.0,8503.0,3148.0,3104.0,2969.0,4092.0,1166.0,1352.0,1574.0,1036.0,1035.0,1033.0,1043.0,1055.0,1050.0,2562.0,2754.0,3187.0,1166.0,1352.0,1574.0,1036.0,1035.0,1033.0
1.0,8324.0,3155.0,3105.0,3905.0,3346.0,632.0,1024.0,1690.0,1036.0,1035.0,1034.0,1044.0,1054.0,1057.0,2978.0,2788.0,2558.0,632.0,1024.0,1690.0,1036.0,1035.0,1034.0
1.0,9074.0,3166.0,3106.0,4092.0,2424.0,532.0,724.0,1168.0,1037.0,1035.0,1034.0,1062.0,1052.0,1052.0,3512.0,3116.0,2446.0,532.0,724.0,1168.0,1037.0,1035.0,1034.0
1.0,10000.0,3119.0,3107.0,3346.0,2201.0,930.0,746.0,525.0,1037.0,1036.0,1034.0,1030.0,1042.0,1047.0,3616.0,3416.0,2968.0,930.0,746.0,525.0,1037.0,1036.0,1034.0
1.0,10227.0,3154.0,3108.0,2424.0,2935.0,1444.0,1076.0,415.0,1037.0,1036.0,1035.0,1046.0,1054.0,1054.0,3218.0,3398.0,3611.0,1444.0,1076.0,415.0,1037.0,1036.0,1035.0
1.0,9497.0,3149.0,3110.0,2201.0,3891.0,1566.0,1389.0,936.0,1038.0,1037.0,1035.0,1048.0,1055.0,1046.0,2704.0,3068.0,3725.0,1566.0,1389.0,936.0,1038.0,1037.0,1035.0
1.0,8549.0,3150.0,3111.0,2935.0,4110.0,1162.0,1368.0,1580.0,1038.0,1037.0,1036.0,1040.0,1055.0,1055.0,2586.0,2759.0,3204.0,1162.0,1368.0,1580.0,1038.0,1037.0,1036.0
1.0,8334.0,3087.0,3112.0,3891.0,3310.0,617.0,1016.0,1677.0,1038.0,1038.0,1036.0,1021.0,1033.0,1033.0,2990.0,2780.0,2564.0,617.0,1016.0,1677.0,1038.0,1038.0,1036.0
1.0,9138.0,3138.0,3115.0,4110.0,2350.0,508.0,699.0,1143.0,1039.0,1039.0,1037.0,1049.0,1047.0,1042.0,3535.0,3136.0,2467.0,508.0,699.0,1143.0,1039.0,1039.0,1037.0
1.0,10110.0,3097.0,3115.0,3310.0,2137.0,916.0,712.0,509.0,1039.0,1039.0,1037.0,1025.0,1029.0,1043.0,3648.0,3457.0,3005.0,916.0,712.0,509.0,1039.0,1039.0,1037.0
1.0,10323.0,3147.0,3116.0,2350.0,2938.0,1448.0,1063.0,427.0,1039.0,1039.0,1038.0,1040.0,1050.0,1057.0,3240.0,3444.0,3639.0,1448.0,1063.0,427.0,1039.0,1039.0,1038.0
1.0,9526.0,3105.0,3116.0,2137.0,3906.0,1562.0,1384.0,960.0,1039.0,1039.0,1038.0,1030.0,1033.0,1042.0,2708.0,3093.0,3725.0,1562.0,1384.0,960.0,1039.0,1039.0,1038.0
1.0,8558.0,3146.0,3116.0,2938.0,4114.0,1163.0,1369.0,1582.0,1039.0,1039.0,1038.0,1049.0,1048.0,1049.0,2594.0,2772.0,3192.0,1163.0,1369.0,1582.0,1039.0,1039.0,1038.0
1.0,8350.0,3112.0,3117.0,3906.0,3324.0,640.0,1027.0,1657.0,1039.0,1039.0,1039.0,1039.0,1042.0,1031.0,2993.0,2787.0,2570.0,640.0,1027.0,1657.0,1039.0,1039.0,1039.0
1.0,9144.0,3161.0,3118.0,4114.0,2375.0,519.0,720.0,1136.0,1039.0,1040.0,1039.0,1042.0,1058.0,1061.0,3516.0,3129.0,2499.0,519.0,720.0,1136.0,1039.0,1040.0,1039.0
1.0,10097.0,3096.0,3118.0,3324.0,2147.0,914.0,720.0,513.0,1039.0,1040.0,1039.0,1035.0,1027.0,1034.0,3637.0,3440.0,3020.0,914.0,720.0,513.0,1039.0,1040.0,1039.0
1.0,10325.0,3118.0,3120.0,2375.0,2898.0,1434.0,1042.0,422.0,1039.0,1041.0,1040.0,1039.0,1038.0,1041.0,3242.0,3440.0,3643.0,1434.0,1042.0,422.0,1039.0,1041.0,1040.0
1.0,9582.0,3107.0,3120.0,2147.0,3858.0,1544.0,1361.0,953.0,1039.0,1041.0,1040.0,1024.0,1039.0,1044.0,2722.0,3122.0,3738.0,1544.0,1361.0,953.0,1039.0,1041.0,1040.0
1.0,8622.0,3099.0,3120.0,2898.0,4059.0,1137.0,1357.0,1565.0,1039.0,1041.0,1040.0,1027.0,1038.0,1034.0,2612.0,2803.0,3207.0,1137.0,1357.0,1565.0,1039.0,1041.0,1040.0
1.0,8421.0,3138.0,3122.0,3858.0,3347.0,649.0,1042.0,1656.0,1039.0,1042.0,1041.0,1056.0,1042.0,1040.0,3019.0,2807.0,2595.0,649.0,1042.0,1656.0,1039.0,1042.0,1041.0
1.0,9141.0,3121.0,3123.0,4059.0,2413.0,566.0,714.0,1133.0,1040.0,1042.0,1041.0,1050.0,1029.0,1042.0,3507.0,3126.0,2508.0,566.0,714.0,1133.0,1040.0,1042.0,1041.0
1.0,10079.0,3158.0,3123.0,3347.0,2224.0,978.0,720.0,526.0,1040.0,1042.0,1041.0,1061.0,1048.0,1049.0,3594.0,3454.0,3031.0,978.0,720.0,526.0,1040.0,1042.0,1041.0
1.0,10268.0,3133.0,3126.0,2413.0,2956.0,1469.0,1040.0,447.0,1041.0,1043.0,1042.0,1053.0,1030.0,1050.0,3182.0,3448.0,3638.0,1469.0,1040.0,447.0,1041.0,1043.0,1042.0
1.0,9548.0,3156.0,3127.0,2224.0,3892.0,1549.0,1366.0,977.0,1041.0,1043.0,1043.0,1058.0,1046.0,1052.0,2695.0,3132.0,3721.0,1549.0,1366.0,977.0,1041.0,1043.0,1043.0
1.0,8616.0,3138.0,3127.0,2956.0,4074.0,1129.0,1360.0,1585.0,1041.0,1043.0,1043.0,1049.0,1034.0,1055.0,2615.0,2806.0,3195.0,1129.0,1360.0,1585.0,1041.0,1043.0,1043.0
1.0,8434.0,3137.0,3127.0,3892.0,3319.0,633.0,1029.0,1657.0,1041.0,1043.0,1043.0,1053.0,1035.0,1049.0,3035.0,2812.0,2587.0,633.0,1029.0,1657.0,1041.0,1043.0,1043.0
1.0,9189.0,3148.0,3128.0,4074.0,2397.0,551.0,722.0,1124.0,1041.0,1043.0,1044.0,1047.0,1053.0,1048.0,3531.0,3143.0,2515.0,551.0,722.0,1124.0,1041.0,1043.0,1044.0
1.0,10115.0,3162.0,3131.0,3319.0,2252.0,975.0,749.0,528.0,1042.0,1044.0,1045.0,1053.0,1052.0,1057.0,3613.0,3450.0,3052.0,975.0,749.0,528.0,1042.0,1044.0,1045.0
1.0,10272.0,3157.0,3131.0,2397.0,3012.0,1485.0,1072.0,455.0,1042.0,1044.0,1045.0,1061.0,1045.0,1051.0,3193.0,3427.0,3652.0,1485.0,1072.0,455.0,1042.0,1044.0,1045.0
1.0,9512.0,3152.0,3131.0,2252.0,3912.0,1571.0,1368.0,973.0,1042.0,1044.0,1045.0,1061.0,1045.0,1046.0,2683.0,3104.0,3725.0,1571.0,1368.0,973.0,1042.0,1044.0,1045.0
1.0,8612.0,3140.0,3132.0,3012.0,4044.0,1145.0,1342.0,1557.0,1043.0,1044.0,1045.0,1055.0,1046.0,1039.0,2597.0,2808.0,3207.0,1145.0,1342.0,1557.0,1043.0,1044.0,1045.0
1.0,8484.0,3152.0,3132.0,3912.0,3284.0,631.0,1023.0,1630.0,1043.0,1044.0,1045.0,1057.0,1049.0,1046.0,3027.0,2834.0,2623.0,631.0,1023.0,1630.0,1043.0,1044.0,1045.0
1.0,9244.0,3170.0,3133.0,4044.0,2414.0,543.0,745.0,1126.0,1043.0,1045.0,1045.0,1057.0,1060.0,1053.0,3541.0,3153.0,2550.0,543.0,745.0,1126.0,1043.0,1045.0,1045.0
1.0,10118.0,3181.0,3135.0,3284.0,2319.0,984.0,780.0,555.0,1044.0,1045.0,1046.0,1068.0,1058.0,1055.0,3629.0,3435.0,3054.0,984.0,780.0,555.0,1044.0,1045.0,1046.0
1.0,10221.0,3173.0,3135.0,2414.0,3078.0,1504.0,1084.0,490.0,1044.0,1045.0,1046.0,1063.0,1049.0,1061.0,3192.0,3400.0,3629.0,1504.0,1084.0,490.0,1044.0,1045.0,1046.0
1.0,9462.0,3149.0,3138.0,2319.0,3920.0,1585.0,1357.0,978.0,1045.0,1046.0,1047.0,1061.0,1049.0,1039.0,2672.0,3096.0,3694.0,1585.0,1357.0,978.0,1045.0,1046.0,1047.0
1.0,8632.0,3165.0,3139.0,3078.0,4011.0,1144.0,1323.0,1544.0,1046.0,1046.0,1047.0,1059.0,1050.0,1056.0,2595.0,2827.0,3210.0,1144.0,1323.0,1544.0,1046.0,1046.0,1047.0
1.0,8545.0,3176.0,3139.0,3920.0,3267.0,617.0,1029.0,1621.0,1046.0,1046.0,1047.0,1058.0,1063.0,1055.0,3040.0,2861.0,2644.0,617.0,1029.0,1621.0,1046.0,1046.0,1047.0
1.0,9289.0,3128.0,3139.0,4011.0,2384.0,524.0,743.0,1117.0,1046.0,1046.0,1047.0,1051.0,1037.0,1040.0,3567.0,3155.0,2567.0,524.0,743.0,1117.0,1046.0,1046.0,1047.0
1.0,10172.0,3126.0,3139.0,3267.0,2243.0,954.0,758.0,531.0,1046.0,1046.0,1047.0,1047.0,1044.0,1035.0,3660.0,3441.0,3071.0,954.0,758.0,531.0,1046.0,1046.0,1047.0
1.0,10313.0,3113.0,3138.0,2384.0,2968.0,1464.0,1053.0,451.0,1045.0,1046.0,1047.0,1038.0,1038.0,1037.0,3230.0,3426.0,3657.0,1464.0,1053.0,451.0,1045.0,1046.0,1047.0
1.0,9584.0,3184.0,3139.0,2243.0,3913.0,1579.0,1355.0,979.0,1046.0,1046.0,1047.0,1065.0,1060.0,1059.0,2716.0,3131.0,3737.0,1579.0,1355.0,979.0,1046.0,1046.0,1047.0
1.0,8643.0,3115.0,3139.0,2968.0,4060.0,1156.0,1344.0,1560.0,1046.0,1046.0,1047.0,1041.0,1042.0,1032.0,2605.0,2829.0,3209.0,1156.0,1344.0,1560.0,1046.0,1046.0,1047.0
1.0,8496.0,3162.0,3139.0,3913.0,3309.0,627.0,1054.0,1628.0,1046.0,1046.0,1047.0,1050.0,1065.0,1047.0,3028.0,2840.0,2628.0,627.0,1054.0,1628.0,1046.0,1046.0,1047.0
1.0,9247.0,3143.0,3139.0,4060.0,2392.0,523.0,758.0,1111.0,1046.0,1046.0,1047.0,1052.0,1048.0,1043.0,3557.0,3130.0,2560.0,523.0,758.0,1111.0,1046.0,1046.0,1047.0
1.0,10164.0,3158.0,3139.0,3309.0,2241.0,940.0,757.0,544.0,1046.0,1046.0,1047.0,1044.0,1053.0,1061.0,3661.0,3426.0,3077.0,940.0,757.0,544.0,1046.0,1046.0,1047.0
1.0,10315.0,3117.0,3139.0,2392.0,2966.0,1462.0,1040.0,464.0,1046.0,1046.0,1047.0,1045.0,1041.0,1031.0,3244.0,3427.0,3644.0,1462.0,1040.0,464.0,1046.0,1046.0,1047.0
1.0,9590.0,3234.0,3140.0,2241.0,3963.0,1606.0,1355.0,1002.0,1047.0,1046.0,1047.0,1080.0,1072.0,1082.0,2722.0,3144.0,3724.0,1606.0,1355.0,1002.0,1047.0,1046.0,1047.0
1.0,8597.0,3159.0,3140.0,2966.0,4156.0,1190.0,1372.0,1594.0,1047.0,1046.0,1047.0,1046.0,1057.0,1056.0,2582.0,2829.0,3186.0,1190.0,1372.0,1594.0,1047.0,1046.0,1047.0
1.0,8404.0,3211.0,3143.0,3963.0,3416.0,655.0,1095.0,1666.0,1048.0,1047.0,1048.0,1067.0,1074.0,1070.0,2998.0,2812.0,2594.0,655.0,1095.0,1666.0,1048.0,1047.0,1048.0
1.0,9156.0,3128.0,3143.0,4156.0,2388.0,505.0,771.0,1112.0,1048.0,1047.0,1048.0,1040.0,1048.0,1040.0,3537.0,3093.0,2526.0,505.0,771.0,1112.0,1048.0,1047.0,1048.0
1.0,10184.0,3141.0,3143.0,3416.0,2113.0,892.0,732.0,489.0,1048.0,1047.0,1048.0,1042.0,1056.0,1043.0,3687.0,3417.0,3080.0,892.0,732.0,489.0,1048.0,1047.0,1048.0
1.0,10459.0,3118.0,3143.0,2388.0,2843.0,1421.0,999.0,423.0,1048.0,1047.0,1048.0,1034.0,1038.0,1046.0,3300.0,3456.0,3703.0,1421.0,999.0,423.0,1048.0,1047.0,1048.0
1.0,9729.0,3160.0,3143.0,2113.0,3890.0,1574.0,1321.0,995.0,1048.0,1047.0,1048.0,1045.0,1054.0,1061.0,2771.0,3189.0,3769.0,1574.0,1321.0,995.0,1048.0,1047.0,1048.0
1.0,8682.0,3121.0,3143.0,2843.0,4168.0,1188.0,1369.0,1611.0,1048.0,1047.0,1048.0,1035.0,1047.0,1039.0,2618.0,2867.0,3197.0,1188.0,1369.0,1611.0,1048.0,1047.0,1048.0
1.0,8404.0,3136.0,3143.0,3890.0,3414.0,661.0,1098.0,1655.0,1048.0,1047.0,1048.0,1047.0,1050.0,1039.0,3004.0,2819.0,2581.0,661.0,1098.0,1655.0,1048.0,1047.0,1048.0
1.0,9158.0,3153.0,3142.0,4168.0,2395.0,518.0,786.0,1091.0,1048.0,1047.0,1047.0,1045.0,1057.0,1051.0,3531.0,3090.0,2537.0,518.0,786.0,1091.0,1048.0,1047.0,1047.0
1.0,10173.0,3140.0,3143.0,3414.0,2125.0,895.0,739.0,491.0,1048.0,1047.0,1048.0,1038.0,1051.0,1051.0,3674.0,3402.0,3097.0,895.0,739.0,491.0,1048.0,1047.0,1048.0
1.0,10447.0,3124.0,3142.0,2395.0,2850.0,1417.0,996.0,437.0,1048.0,1047.0,1047.0,1040.0,1043.0,1041.0,3297.0,3449.0,3701.0,1417.0,996.0,437.0,1048.0,1047.0,1047.0
1.0,9718.0,3157.0,3143.0,2125.0,3886.0,1572.0,1312.0,1002.0,1048.0,1047.0,1048.0,1050.0,1055.0,1052.0,2775.0,3192.0,3751.0,1572.0,1312.0,1002.0,1048.0,1047.0,1048.0
1.0,8686.0,3183.0,3144.0,2850.0,4223.0,1204.0,1393.0,1626.0,1048.0,1048.0,1048.0,1049.0,1073.0,1061.0,2620.0,2876.0,3190.0,1204.0,1393.0,1626.0,1048.0,1048.0,1048.0
1.0,8353.0,3108.0,3145.0,3886.0,3449.0,672.0,1133.0,1644.0,1049.0,1048.0,1048.0,1036.0,1052.0,1020.0,2988.0,2799.0,2566.0,672.0,1133.0,1644.0,1049.0,1048.0,1048.0
1.0,9131.0,3109.0,3143.0,4223.0,2327.0,492.0,787.0,1048.0,1048.0,1048.0,1047.0,1028.0,1047.0,1034.0,3524.0,3059.0,2548.0,492.0,787.0,1048.0,1048.0,1048.0,1047.0
1.0,10245.0,3176.0,3145.0,3449.0,2062.0,882.0,723.0,457.0,1049.0,1049.0,1047.0,1058.0,1065.0,1053.0,3700.0,3405.0,3140.0,882.0,723.0,457.0,1049.0,1049.0,1047.0
1.0,10518.0,3186.0,3146.0,2327.0,2925.0,1447.0,999.0,479.0,1049.0,1049.0,1048.0,1057.0,1063.0,1066.0,3314.0,3473.0,3731.0,1447.0,999.0,479.0,1049.0,1049.0,1048.0
1.0,9659.0,3128.0,3146.0,2062.0,3991.0,1594.0,1329.0,1068.0,1049.0,1049.0,1048.0,1029.0,1053.0,1046.0,2749.0,3197.0,3713.0,1594.0,1329.0,1068.0,1049.0,1049.0,1048.0
1.0,8593.0,3145.0,3146.0,2925.0,4211.0,1187.0,1388.0,1636.0,1049.0,1049.0,1048.0,1040.0,1058.0,1047.0,2602.0,2867.0,3124.0,1187.0,1388.0,1636.0,1049.0,1049.0,1048.0
1.0,8373.0,3169.0,3147.0,3991.0,3393.0,648.0,1123.0,1622.0,1049.0,1050.0,1048.0,1055.0,1060.0,1054.0,3009.0,2808.0,2556.0,648.0,1123.0,1622.0,1049.0,1050.0,1048.0
1.0,9195.0,3188.0,3150.0,4211.0,2382.0,514.0,808.0,1060.0,1050.0,1051.0,1049.0,1049.0,1069.0,1070.0,3548.0,3077.0,2570.0,514.0,808.0,1060.0,1050.0,1051.0,1049.0
1.0,10218.0,3193.0,3150.0,3393.0,2182.0,925.0,751.0,506.0,1050.0,1051.0,1049.0,1059.0,1066.0,1068.0,3686.0,3396.0,3136.0,925.0,751.0,506.0,1050.0,1051.0,1049.0
1.0,10418.0,3146.0,3151.0,2382.0,2950.0,1465.0,991.0,494.0,1051.0,1051.0,1049.0,1050.0,1048.0,1048.0,3275.0,3453.0,3690.0,1465.0,991.0,494.0,1051.0,1051.0,1049.0
1.0,9654.0,3181.0,3153.0,2182.0,3957.0,1598.0,1312.0,1047.0,1051.0,1052.0,1050.0,1058.0,1068.0,1055.0,2739.0,3213.0,3702.0,1598.0,1312.0,1047.0,1051.0,1052.0,1050.0
1.0,8655.0,3185.0,3153.0,2950.0,4192.0,1195.0,1382.0,1615.0,1051.0,1052.0,1050.0,1062.0,1061.0,1062.0,2606.0,2896.0,3153.0,1195.0,1382.0,1615.0,1051.0,1052.0,1050.0
1.0,8420.0,3142.0,3153.0,3957.0,3377.0,644.0,1108.0,1625.0,1051.0,1052.0,1050.0,1047.0,1038.0,1057.0,3009.0,2826.0,2585.0,644.0,1108.0,1625.0,1051.0,1052.0,1050.0
1.0,9235.0,3135.0,3154.0,4192.0,2324.0,498.0,778.0,1048.0,1051.0,1053.0,1050.0,1049.0,1048.0,1038.0,3560.0,3100.0,2575.0,498.0,778.0,1048.0,1051.0,1053.0,1050.0
1.0,10292.0,3164.0,3153.0,3377.0,2107.0,900.0,726.0,481.0,1050.0,1053.0,1050.0,1050.0,1056.0,1058.0,3706.0,3434.0,3152.0,900.0,726.0,481.0,1050.0,1053.0,1050.0
1.0,10505.0,3204.0,3154.0,2324.0,2991.0,1474.0,1014.0,503.0,1051.0,1053.0,1050.0,1068.0,1066.0,1070.0,3300.0,3486.0,3719.0,1474.0,1014.0,503.0,1051.0,1053.0,1050.0
1.0,9625.0,3195.0,3156.0,2107.0,4087.0,1637.0,1362.0,1088.0,1051.0,1054.0,1051.0,1063.0,1070.0,1062.0,2730.0,3198.0,3697.0,1637.0,1362.0,1088.0,1051.0,1054.0,1051.0
1.0,8537.0,3180.0,3156.0,2991.0,4276.0,1219.0,1412.0,1645.0,1051.0,1054.0,1051.0,1056.0,1064.0,1060.0,2567.0,2854.0,3116.0,1219.0,1412.0,1645.0,1051.0,1054.0,1051.0
1.0,8348.0,3169.0,3156.0,4087.0,3358.0,633.0,1111.0,1614.0,1051.0,1054.0,1051.0,1051.0,1061.0,1057.0,2985.0,2804.0,2559.0,633.0,1111.0,1614.0,1051.0,1054.0,1051.0
1.0,9266.0,3196.0,3157.0,4276.0,2282.0,487.0,757.0,1038.0,1051.0,1055.0,1051.0,1073.0,1054.0,1069.0,3571.0,3105.0,2590.0,487.0,757.0,1038.0,1051.0,1055.0,1051.0
1.0,10346.0,3198.0,3158.0,3358.0,2126.0,918.0,712.0,496.0,1051.0,1055.0,1052.0,1064.0,1066.0,1068.0,3717.0,3463.0,3166.0,918.0,712.0,496.0,1051.0,1055.0,1052.0
1.0,10506.0,3198.0,3159.0,2282.0,3046.0,1505.0,1017.0,524.0,1052.0,1055.0,1052.0,1070.0,1062.0,1066.0,3286.0,3508.0,3712.0,1505.0,1017.0,524.0,1052.0,1055.0,1052.0
1.0,9590.0,3153.0,3159.0,2126.0,4073.0,1642.0,1345.0,1086.0,1052.0,1055.0,1052.0,1055.0,1040.0,1058.0,2703.0,3203.0,3684.0,1642.0,1345.0,1086.0,1052.0,1055.0,1052.0
1.0,8563.0,3246.0,3160.0,3046.0,4277.0,1220.0,1403.0,1654.0,1052.0,1055.0,1053.0,1083.0,1075.0,1088.0,2566.0,2875.0,3122.0,1220.0,1403.0,1654.0,1052.0,1055.0,1053.0
1.0,8363.0,3216.0,3161.0,4073.0,3424.0,652.0,1134.0,1638.0,1052.0,1056.0,1053.0,1074.0,1072.0,1070.0,2988.0,2817.0,2558.0,652.0,1134.0,1638.0,1052.0,1056.0,1053.0
1.0,9220.0,3180.0,3161.0,4277.0,2327.0,492.0,791.0,1044.0,1052.0,1056.0,1053.0,1060.0,1060.0,1060.0,3556.0,3090.0,2574.0,492.0,791.0,1044.0,1052.0,1056.0,1053.0
1.0,10317.0,3195.0,3162.0,3424.0,2102.0,910.0,718.0,474.0,1052.0,1056.0,1054.0,1070.0,1061.0,1064.0,3716.0,3433.0,3168.0,910.0,718.0,474.0,1052.0,1056.0,1054.0
1.0,10546.0,3172.0,3162.0,2327.0,2947.0,1482.0,976.0,489.0,1052.0,1056.0,1054.0,1064.0,1049.0,1059.0,3298.0,3506.0,3742.0,1482.0,976.0,489.0,1052.0,1056.0,1054.0
1.0,9701.0,3192.0,3163.0,2102.0,4041.0,1651.0,1303.0,1087.0,1053.0,1056.0,1054.0,1075.0,1045.0,1072.0,2726.0,3248.0,3727.0,1651.0,1303.0,1087.0,1053.0,1056.0,1054.0
1.0,8611.0,3211.0,3164.0,2947.0,4309.0,1238.0,1393.0,1678.0,1053.0,1056.0,1055.0,1069.0,1066.0,1076.0,2561.0,2921.0,3129.0,1238.0,1393.0,1678.0,1053.0,1056.0,1055.0
1.0,8347.0,3157.0,3164.0,4041.0,3425.0,646.0,1136.0,1643.0,1053.0,1056.0,1055.0,1059.0,1046.0,1052.0,2974.0,2831.0,2542.0,646.0,1136.0,1643.0,1053.0,1056.0,1055.0
1.0,9231.0,3199.0,3167.0,4309.0,2327.0,475.0,804.0,1048.0,1054.0,1057.0,1056.0,1063.0,1057.0,1079.0,3566.0,3088.0,2577.0,475.0,804.0,1048.0,1054.0,1057.0,1056.0
1.0,10341.0,3158.0,3166.0,3425.0,2056.0,877.0,708.0,471.0,1054.0,1056.0,1056.0,1048.0,1044.0,1066.0,3741.0,3424.0,3176.0,877.0,708.0,471.0,1054.0,1056.0,1056.0
1.0,10608.0,3190.0,3168.0,2327.0,2927.0,1472.0,971.0,484.0,1054.0,1057.0,1057.0,1070.0,1063.0,1057.0,3339.0,3516.0,3753.0,1472.0,971.0,484.0,1054.0,1057.0,1057.0
1.0,9745.0,3201.0,3168.0,2056.0,4072.0,1661.0,1324.0,1087.0,1054.0,1057.0,1057.0,1066.0,1061.0,1074.0,2744.0,3257.0,3744.0,1661.0,1324.0,1087.0,1054.0,1057.0,1057.0
1.0,8600.0,3160.0,3169.0,2927.0,4309.0,1235.0,1402.0,1672.0,1054.0,1057.0,1058.0,1046.0,1049.0,1065.0,2555.0,2904.0,3141.0,1235.0,1402.0,1672.0,1054.0,1057.0,1058.0
1.0,8367.0,3237.0,3170.0,4072.0,3478.0,653.0,1151.0,1674.0,1055.0,1057.0,1058.0,1075.0,1073.0,1089.0,2981.0,2826.0,2560.0,653.0,1151.0,1674.0,1055.0,1057.0,1058.0
1.0,9202.0,3226.0,3173.0,4309.0,2407.0,501.0,822.0,1084.0,1056.0,1058.0,1059.0,1079.0,1069.0,1078.0,3567.0,3077.0,2558.0,501.0,822.0,1084.0,1056.0,1058.0,1059.0
1.0,10285.0,3193.0,3172.0,3478.0,2118.0,911.0,735.0,472.0,1055.0,1058.0,1059.0,1067.0,1064.0,1062.0,3723.0,3410.0,3152.0,911.0,735.0,472.0,1055.0,1058.0,1059.0
1.0,10570.0,3220.0,3173.0,2407.0,2935.0,1486.0,989.0,460.0,1056.0,1058.0,1059.0,1072.0,1076.0,1072.0,3309.0,3497.0,3764.0,1486.0,989.0,460.0,1056.0,1058.0,1059.0
1.0,9757.0,3152.0,3172.0,2118.0,3965.0,1630.0,1290.0,1045.0,1056.0,1057.0,1059.0,1055.0,1040.0,1057.0,2738.0,3243.0,3776.0,1630.0,1290.0,1045.0,1056.0,1057.0,1059.0
1.0,8723.0,3139.0,3172.0,2935.0,4169.0,1195.0,1343.0,1631.0,1056.0,1057.0,1059.0,1051.0,1042.0,1046.0,2594.0,2938.0,3191.0,1195.0,1343.0,1631.0,1056.0,1057.0,1059.0
1.0,8519.0,3144.0,3172.0,3965.0,3348.0,618.0,1096.0,1634.0,1056.0,1057.0,1059.0,1053.0,1043.0,1048.0,3029.0,2885.0,2605.0,618.0,1096.0,1634.0,1056.0,1057.0,1059.0
1.0,9340.0,3159.0,3172.0,4169.0,2338.0,475.0,802.0,1061.0,1056.0,1057.0,1059.0,1052.0,1049.0,1058.0,3606.0,3132.0,2602.0,475.0,802.0,1061.0,1056.0,1057.0,1059.0
1.0,10350.0,3195.0,3173.0,3348.0,2189.0,923.0,770.0,496.0,1057.0,1057.0,1059.0,1062.0,1064.0,1069.0,3749.0,3426.0,3175.0,923.0,770.0,496.0,1057.0,1057.0,1059.0
1.0,10503.0,3110.0,3173.0,2338.0,2961.0,1482.0,1004.0,475.0,1057.0,1057.0,1059.0,1034.0,1036.0,1040.0,3305.0,3458.0,3740.0,1482.0,1004.0,475.0,1057.0,1057.0,1059.0
1.0,9731.0,3161.0,3174.0,2189.0,3937.0,1616.0,1287.0,1034.0,1057.0,1057.0,1060.0,1057.0,1053.0,1051.0,2746.0,3224.0,3761.0,1616.0,1287.0,1034.0,1057.0,1057.0,1060.0
1.0,8759.0,3185.0,3174.0,2961.0,4161.0,1194.0,1346.0,1621.0,1057.0,1057.0,1060.0,1060.0,1063.0,1062.0,2612.0,2941.0,3206.0,1194.0,1346.0,1621.0,1057.0,1057.0,1060.0
1.0,8535.0,3165.0,3174.0,3937.0,3389.0,626.0,1117.0,1646.0,1057.0,1057.0,1060.0,1048.0,1058.0,1059.0,3034.0,2882.0,2619.0,626.0,1117.0,1646.0,1057.0,1057.0,1060.0
1.0,9307.0,3166.0,3176.0,4161.0,2402.0,493.0,826.0,1083.0,1058.0,1058.0,1060.0,1057.0,1051.0,1058.0,3602.0,3111.0,2594.0,493.0,826.0,1083.0,1058.0,1058.0,1060.0
1.0,10302.0,3182.0,3176.0,3389.0,2195.0,924.0,767.0,504.0,1058.0,1058.0,1060.0,1057.0,1058.0,1067.0,3739.0,3406.0,3157.0,924.0,767.0,504.0,1058.0,1058.0,1060.0
1.0,10509.0,3134.0,3175.0,2402.0,2923.0,1474.0,985.0,464.0,1058.0,1057.0,1060.0,1043.0,1048.0,1043.0,3308.0,3465.0,3736.0,1474.0,985.0,464.0,1058.0,1057.0,1060.0
1.0,9777.0,3171.0,3176.0,2195.0,3903.0,1598.0,1281.0,1024.0,1058.0,1057.0,1061.0,1048.0,1063.0,1060.0,2758.0,3243.0,3776.0,1598.0,1281.0,1024.0,1058.0,1057.0,1061.0
1.0,8801.0,3200.0,3178.0,2923.0,4188.0,1185.0,1373.0,1630.0,1058.0,1058.0,1062.0,1061.0,1073.0,1066.0,2634.0,2947.0,3220.0,1185.0,1373.0,1630.0,1058.0,1058.0,1062.0
1.0,8524.0,3189.0,3178.0,3903.0,3474.0,646.0,1155.0,1673.0,1058.0,1058.0,1062.0,1059.0,1063.0,1067.0,3047.0,2859.0,2618.0,646.0,1155.0,1673.0,1058.0,1058.0,1062.0
1.0,9238.0,3112.0,3177.0,4188.0,2394.0,493.0,830.0,1071.0,1058.0,1058.0,1061.0,1032.0,1048.0,1032.0,3586.0,3077.0,2575.0,493.0,830.0,1071.0,1058.0,1058.0,1061.0
1.0,10314.0,3209.0,3178.0,3474.0,2133.0,921.0,752.0,460.0,1059.0,1058.0,1061.0,1070.0,1077.0,1062.0,3739.0,3402.0,3173.0,921.0,752.0,460.0,1059.0,1058.0,1061.0
1.0,10579.0,3161.0,3179.0,2394.0,2904.0,1482.0,975.0,447.0,1059.0,1058.0,1062.0,1054.0,1053.0,1054.0,3315.0,3480.0,3784.0,1482.0,975.0,447.0,1059.0,1058.0,1062.0
1.0,9812.0,3169.0,3179.0,2133.0,3940.0,1611.0,1281.0,1048.0,1059.0,1058.0,1062.0,1050.0,1058.0,1061.0,2754.0,3257.0,3801.0,1611.0,1281.0,1048.0,1059.0,1058.0,1062.0
1.0,8776.0,3185.0,3178.0,2904.0,4217.0,1188.0,1377.0,1652.0,1059.0,1058.0,1061.0,1059.0,1071.0,1055.0,2625.0,2951.0,3200.0,1188.0,1377.0,1652.0,1059.0,1058.0,1061.0
1.0,8495.0,3149.0,3178.0,3940.0,3426.0,617.0,1147.0,1662.0,1059.0,1058.0,1061.0,1040.0,1051.0,1058.0,3048.0,2855.0,2592.0,617.0,1147.0,1662.0,1059.0,1058.0,1061.0
1.0,9286.0,3200.0,3179.0,4217.0,2413.0,496.0,839.0,1078.0,1059.0,1058.0,1062.0,1067.0,1069.0,1064.0,3619.0,3085.0,2582.0,496.0,839.0,1078.0,1059.0,1058.0,1062.0
1.0,10303.0,3156.0,3178.0,3426.0,2139.0,925.0,756.0,458.0,1059.0,1058.0,1061.0,1046.0,1064.0,1046.0,3740.0,3393.0,3170.0,925.0,756.0,458.0,1059.0,1058.0,1061.0
1.0,10573.0,3183.0,3178.0,2413.0,2909.0,1492.0,990.0,427.0,1059.0,1058.0,1061.0,1063.0,1073.0,1047.0,3311.0,3476.0,3786.0,1492.0,990.0,427.0,1059.0,1058.0,1061.0
1.0,9803.0,3209.0,3179.0,2139.0,3983.0,1632.0,1315.0,1036.0,1059.0,1059.0,1061.0,1065.0,1077.0,1067.0,2744.0,3242.0,3817.0,1632.0,1315.0,1036.0,1059.0,1059.0,1061.0
1.0,8733.0,3200.0,3181.0,2909.0,4282.0,1217.0,1392.0,1673.0,1060.0,1059.0,1062.0,1073.0,1067.0,1060.0,2604.0,2921.0,3208.0,1217.0,1392.0,1673.0,1060.0,1059.0,1062.0
1.0,8442.0,3171.0,3181.0,3983.0,3470.0,632.0,1144.0,1694.0,1060.0,1059.0,1062.0,1047.0,1067.0,1057.0,3023.0,2844.0,2575.0,632.0,1144.0,1694.0,1060.0,1059.0,1062.0
1.0,9254.0,3194.0,3180.0,4282.0,2378.0,486.0,819.0,1073.0,1060.0,1059.0,1061.0,1071.0,1067.0,1056.0,3608.0,3092.0,2554.0,486.0,819.0,1073.0,1060.0,1059.0,1061.0
1.0,10342.0,3173.0,3180.0,3470.0,2081.0,919.0,729.0,433.0,1060.0,1059.0,1061.0,1065.0,1054.0,1054.0,3754.0,3417.0,3171.0,919.0,729.0,433.0,1060.0,1059.0,1061.0
1.0,10639.0,3233.0,3181.0,2378.0,2940.0,1512.0,1001.0,427.0,1060.0,1060.0,1061.0,1079.0,1087.0,1067.0,3321.0,3507.0,3811.0,1512.0,1001.0,427.0,1060.0,1060.0,1061.0
1.0,9784.0,3183.0,3182.0,2081.0,4046.0,1666.0,1331.0,1049.0,1061.0,1060.0,1061.0,1069.0,1059.0,1055.0,2728.0,3239.0,3817.0,1666.0,1331.0,1049.0,1061.0,1060.0,1061.0
1.0,8682.0,3223.0,3182.0,2940.0,4329.0,1231.0,1404.0,1694.0,1061.0,1060.0,1061.0,1077.0,1074.0,1072.0,2578.0,2909.0,3195.0,1231.0,1404.0,1694.0,1061.0,1060.0,1061.0
1.0,8399.0,3209.0,3182.0,4046.0,3492.0,632.0,1150.0,1710.0,1061.0,1060.0,1061.0,1067.0,1077.0,1065.0,3013.0,2836.0,2550.0,632.0,1150.0,1710.0,1061.0,1060.0,1061.0
1.0,9236.0,3162.0,3182.0,4329.0,2325.0,465.0,801.0,1059.0,1061.0,1060.0,1061.0,1064.0,1055.0,1043.0,3612.0,3090.0,2534.0,465.0,801.0,1059.0,1061.0,1060.0,1061.0
1.0,10403.0,3216.0,3183.0,3492.0,2053.0,904.0,733.0,416.0,1061.0,1061.0,1061.0,1071.0,1078.0,1067.0,3779.0,3439.0,3185.0,904.0,733.0,416.0,1061.0,1061.0,1061.0
1.0,10679.0,3216.0,3182.0,2325.0,2940.0,1525.0,1010.0,405.0,1061.0,1061.0,1060.0,1086.0,1078.0,1052.0,3340.0,3511.0,3828.0,1525.0,1010.0,405.0,1061.0,1061.0,1060.0
1.0,9788.0,3186.0,3182.0,2053.0,4073.0,1683.0,1336.0,1054.0,1061.0,1061.0,1060.0,1062.0,1059.0,1065.0,2719.0,3234.0,3835.0,1683.0,1336.0,1054.0,1061.0,1061.0,1060.0
1.0,8655.0,3216.0,3182.0,2940.0,4349.0,1234.0,1402.0,1713.0,1061.0,1061.0,1060.0,1076.0,1076.0,1064.0,2561.0,2908.0,3186.0,1234.0,1402.0,1713.0,1061.0,1061.0,1060.0
1.0,8379.0,3205.0,3182.0,4073.0,3481.0,621.0,1137.0,1723.0,1061.0,1061.0,1060.0,1070.0,1071.0,1064.0,3010.0,2842.0,2527.0,621.0,1137.0,1723.0,1061.0,1061.0,1060.0
1.0,9247.0,3239.0,3184.0,4349.0,2379.0,465.0,822.0,1092.0,1061.0,1062.0,1061.0,1078.0,1083.0,1078.0,3623.0,3107.0,2517.0,465.0,822.0,1092.0,1061.0,1062.0,1061.0
1.0,10357.0,3231.0,3184.0,3481.0,2129.0,919.0,766.0,444.0,1061.0,1062.0,1061.0,1075.0,1081.0,1075.0,3779.0,3426.0,3152.0,919.0,766.0,444.0,1061.0,1062.0,1061.0
1.0,10607.0,3265.0,3186.0,2379.0,3023.0,1547.0,1040.0,436.0,1062.0,1063.0,1061.0,1089.0,1092.0,1084.0,3325.0,3482.0,3800.0,1547.0,1040.0,436.0,1062.0,1063.0,1061.0
1.0,9721.0,3205.0,3186.0,2129.0,4099.0,1702.0,1345.0,1052.0,1062.0,1063.0,1061.0,1074.0,1071.0,1060.0,2701.0,3212.0,3808.0,1702.0,1345.0,1052.0,1062.0,1063.0,1061.0
1.0,8645.0,3236.0,3187.0,3023.0,4316.0,1235.0,1394.0,1687.0,1062.0,1064.0,1061.0,1080.0,1085.0,1071.0,2546.0,2907.0,3192.0,1235.0,1394.0,1687.0,1062.0,1064.0,1061.0
1.0,8432.0,3231.0,3189.0,4099.0,3456.0,620.0,1132.0,1704.0,1063.0,1065.0,1061.0,1083.0,1079.0,1069.0,3013.0,2862.0,2557.0,620.0,1132.0,1704.0,1063.0,1065.0,1061.0
1.0,9300.0,3238.0,3189.0,4316.0,2378.0,470.0,815.0,1093.0,1063.0,1065.0,1061.0,1085.0,1077.0,1076.0,3632.0,3128.0,2540.0,470.0,815.0,1093.0,1063.0,1065.0,1061.0
1.0,10378.0,3210.0,3190.0,3456.0,2136.0,933.0,750.0,453.0,1064.0,1065.0,1061.0,1079.0,1067.0,1064.0,3782.0,3445.0,3151.0,933.0,750.0,453.0,1064.0,1065.0,1061.0
1.0,10624.0,3258.0,3192.0,2378.0,3024.0,1554.0,1022.0,448.0,1064.0,1066.0,1062.0,1091.0,1083.0,1084.0,3323.0,3510.0,3791.0,1554.0,1022.0,448.0,1064.0,1066.0,1062.0
1.0,9744.0,3216.0,3191.0,2136.0,4100.0,1690.0,1354.0,1056.0,1064.0,1066.0,1061.0,1069.0,1082.0,1065.0,2702.0,3242.0,3800.0,1690.0,1354.0,1056.0,1064.0,1066.0,1061.0
1.0,8664.0,3229.0,3191.0,3024.0,4305.0,1223.0,1408.0,1674.0,1064.0,1066.0,1061.0,1087.0,1076.0,1066.0,2566.0,2910.0,3188.0,1223.0,1408.0,1674.0,1064.0,1066.0,1061.0
1.0,8459.0,3239.0,3192.0,4100.0,3448.0,623.0,1124.0,1701.0,1065.0,1066.0,1061.0,1086.0,1070.0,1083.0,3033.0,2856.0,2570.0,623.0,1124.0,1701.0,1065.0,1066.0,1061.0
1.0,9320.0,3220.0,3192.0,4305.0,2363.0,480.0,781.0,1102.0,1065.0,1066.0,1061.0,1080.0,1065.0,1075.0,3637.0,3140.0,2543.0,480.0,781.0,1102.0,1065.0,1066.0,1061.0
1.0,10405.0,3225.0,3194.0,3448.0,2148.0,928.0,736.0,484.0,1065.0,1067.0,1062.0,1071.0,1075.0,1079.0,3780.0,3483.0,3142.0,928.0,736.0,484.0,1065.0,1067.0,1062.0
1.0,10628.0,3188.0,3194.0,2363.0,2973.0,1509.0,1022.0,442.0,1065.0,1067.0,1062.0,1061.0,1067.0,1060.0,3332.0,3532.0,3764.0,1509.0,1022.0,442.0,1065.0,1067.0,1062.0
1.0,9803.0,3172.0,3194.0,2148.0,3997.0,1636.0,1339.0,1022.0,1065.0,1067.0,1062.0,1055.0,1053.0,1064.0,2751.0,3246.0,3806.0,1636.0,1339.0,1022.0,1065.0,1067.0,1062.0
1.0,8779.0,3204.0,3196.0,2973.0,4236.0,1201.0,1389.0,1646.0,1066.0,1068.0,1062.0,1070.0,1068.0,1066.0,2624.0,2929.0,3226.0,1201.0,1389.0,1646.0,1066.0,1068.0,1062.0
1.0,8548.0,3227.0,3197.0,3997.0,3470.0,640.0,1122.0,1708.0,1066.0,1068.0,1063.0,1075.0,1072.0,1080.0,3063.0,2883.0,2602.0,640.0,1122.0,1708.0,1066.0,1068.0,1063.0
1.0,9318.0,3225.0,3199.0,4236.0,2467.0,510.0,814.0,1143.0,1067.0,1069.0,1063.0,1067.0,1077.0,1081.0,3624.0,3150.0,2544.0,510.0,814.0,1143.0,1067.0,1069.0,1063.0
1.0,10329.0,3202.0,3200.0,3470.0,2203.0,938.0,753.0,512.0,1067.0,1069.0,1064.0,1068.0,1061.0,1073.0,3758.0,3462.0,3109.0,938.0,753.0,512.0,1067.0,1069.0,1064.0
1.0,10597.0,3153.0,3199.0,2467.0,2885.0,1478.0,984.0,423.0,1067.0,1068.0,1064.0,1050.0,1049.0,1054.0,3330.0,3523.0,3744.0,1478.0,984.0,423.0,1067.0,1068.0,1064.0
1.0,9911.0,3214.0,3200.0,2203.0,3900.0,1612.0,1299.0,989.0,1067.0,1069.0,1064.0,1072.0,1064.0,1078.0,2790.0,3288.0,3833.0,1612.0,1299.0,989.0,1067.0,1069.0,1064.0
1.0,8900.0,3223.0,3202.0,2885.0,4246.0,1216.0,1377.0,1653.0,1068.0,1069.0,1065.0,1078.0,1062.0,1083.0,2656.0,2977.0,3267.0,1216.0,1377.0,1653.0,1068.0,1069.0,1065.0
1.0,8562.0,3260.0,3202.0,3900.0,3606.0,698.0,1155.0,1753.0,1068.0,1069.0,1065.0,1094.0,1077.0,1089.0,3056.0,2899.0,2607.0,698.0,1155.0,1753.0,1068.0,1069.0,1065.0
1.0,9202.0,3217.0,3204.0,4246.0,2585.0,556.0,841.0,1188.0,1069.0,1069.0,1066.0,1070.0,1063.0,1084.0,3574.0,3121.0,2507.0,556.0,841.0,1188.0,1069.0,1069.0,1066.0
1.0,10231.0,3221.0,3205.0,3606.0,2204.0,933.0,766.0,505.0,1069.0,1070.0,1066.0,1075.0,1076.0,1070.0,3720.0,3435.0,3076.0,933.0,766.0,505.0,1069.0,1070.0,1066.0
1.0,10616.0,3232.0,3206.0,2585.0,2855.0,1452.0,999.0,404.0,1070.0,1070.0,1066.0,1071.0,1074.0,1087.0,3343.0,3514.0,3759.0,1452.0,999.0,404.0,1070.0,1070.0,1066.0
1.0,9969.0,3149.0,3204.0,2204.0,3792.0,1555.0,1271.0,966.0,1069.0,1069.0,1066.0,1040.0,1042.0,1067.0,2828.0,3281.0,3860.0,1555.0,1271.0,966.0,1069.0,1069.0,1066.0
1.0,9024.0,3208.0,3207.0,2855.0,4157.0,1174.0,1342.0,1641.0,1070.0,1070.0,1067.0,1067.0,1066.0,1075.0,2721.0,3005.0,3298.0,1174.0,1342.0,1641.0,1070.0,1070.0,1067.0
1.0,8671.0,3232.0,3207.0,3792.0,3597.0,696.0,1138.0,1763.0,1070.0,1069.0,1068.0,1077.0,1071.0,1084.0,3106.0,2938.0,2627.0,696.0,1138.0,1763.0,1070.0,1069.0,1068.0
1.0,9231.0,3182.0,3208.0,4157.0,2626.0,574.0,862.0,1190.0,1070.0,1070.0,1068.0,1052.0,1062.0,1068.0,3584.0,3138.0,2509.0,574.0,862.0,1190.0,1070.0,1070.0,1068.0
1.0,10206.0,3246.0,3209.0,3597.0,2279.0,952.0,798.0,529.0,1070.0,1070.0,1069.0,1074.0,1074.0,1098.0,3706.0,3418.0,3082.0,952.0,798.0,529.0,1070.0,1070.0,1069.0
1.0,10557.0,3243.0,3210.0,2626.0,2900.0,1459.0,1020.0,421.0,1071.0,1070.0,1069.0,1077.0,1084.0,1082.0,3328.0,3482.0,3747.0,1459.0,1020.0,421.0,1071.0,1070.0,1069.0
1.0,9940.0,3220.0,3211.0,2279.0,3845.0,1582.0,1284.0,979.0,1071.0,1070.0,1070.0,1075.0,1062.0,1083.0,2825.0,3260.0,3855.0,1582.0,1284.0,979.0,1071.0,1070.0,1070.0
1.0,8999.0,3167.0,3211.0,2900.0,4112.0,1172.0,1314.0,1626.0,1071.0,1070.0,1070.0,1049.0,1050.0,1068.0,2702.0,2996.0,3301.0,1172.0,1314.0,1626.0,1071.0,1070.0,1070.0
1.0,8732.0,3282.0,3214.0,3845.0,3561.0,680.0,1132.0,1749.0,1072.0,1071.0,1071.0,1086.0,1098.0,1098.0,3112.0,2966.0,2654.0,680.0,1132.0,1749.0,1072.0,1071.0,1071.0
1.0,9295.0,3220.0,3214.0,4112.0,2669.0,580.0,892.0,1197.0,1072.0,1071.0,1071.0,1072.0,1074.0,1074.0,3608.0,3152.0,2535.0,580.0,892.0,1197.0,1072.0,1071.0,1071.0
1.0,10187.0,3196.0,3213.0,3561.0,2300.0,961.0,820.0,519.0,1072.0,1070.0,1071.0,1061.0,1064.0,1071.0,3708.0,3392.0,3087.0,961.0,820.0,519.0,1072.0,1070.0,1071.0
1.0,10552.0,3249.0,3215.0,2669.0,2888.0,1461.0,1015.0,412.0,1072.0,1071.0,1072.0,1080.0,1083.0,1086.0,3327.0,3460.0,3765.0,1461.0,1015.0,412.0,1072.0,1071.0,1072.0
1.0,9972.0,3207.0,3215.0,2300.0,3795.0,1570.0,1260.0,965.0,1072.0,1071.0,1072.0,1070.0,1065.0,1072.0,2827.0,3269.0,3876.0,1570.0,1260.0,965.0,1072.0,1071.0,1072.0
1.0,9065.0,3208.0,3215.0,2888.0,4115.0,1178.0,1318.0,1619.0,1072.0,1071.0,1072.0,1069.0,1073.0,1066.0,2718.0,3024.0,3323.0,1178.0,1318.0,1619.0,1072.0,1071.0,1072.0
1.0,8745.0,3260.0,3217.0,3795.0,3588.0,700.0,1143.0,1745.0,1073.0,1071.0,1073.0,1088.0,1085.0,1087.0,3110.0,2966.0,2669.0,700.0,1143.0,1745.0,1073.0,1071.0,1073.0
1.0,9280.0,3270.0,3217.0,4115.0,2743.0,608.0,913.0,1222.0,1073.0,1071.0,1073.0,1086.0,1088.0,1096.0,3592.0,3141.0,2547.0,608.0,913.0,1222.0,1073.0,1071.0,1073.0
1.0,10125.0,3265.0,3219.0,3588.0,2428.0,999.0,866.0,563.0,1073.0,1072.0,1074.0,1091.0,1092.0,1082.0,3684.0,3371.0,3070.0,999.0,866.0,563.0,1073.0,1072.0,1074.0
1.0,10448.0,3271.0,3221.0,2743.0,2964.0,1476.0,1055.0,433.0,1074.0,1073.0,1074.0,1081.0,1098.0,1092.0,3293.0,3422.0,3733.0,1476.0,1055.0,433.0,1074.0,1073.0,1074.0
1.0,9920.0,3222.0,3221.0,2428.0,3758.0,1550.0,1257.0,951.0,1074.0,1072.0,1075.0,1073.0,1072.0,1077.0,2820.0,3237.0,3863.0,1550.0,1257.0,951.0,1074.0,1072.0,1075.0
1.0,9126.0,3254.0,3222.0,2964.0,4052.0,1155.0,1296.0,1601.0,1074.0,1073.0,1075.0,1081.0,1090.0,1083.0,2746.0,3031.0,3349.0,1155.0,1296.0,1601.0,1074.0,1073.0,1075.0
1.0,8836.0,3218.0,3222.0,3758.0,3512.0,676.0,1117.0,1719.0,1074.0,1073.0,1075.0,1071.0,1078.0,1069.0,3141.0,2996.0,2699.0,676.0,1117.0,1719.0,1074.0,1073.0,1075.0
1.0,9376.0,3274.0,3223.0,4052.0,2738.0,611.0,916.0,1211.0,1074.0,1073.0,1076.0,1090.0,1095.0,1089.0,3620.0,3175.0,2581.0,611.0,916.0,1211.0,1074.0,1073.0,1076.0
1.0,10154.0,3238.0,3224.0,3512.0,2468.0,1015.0,885.0,568.0,1074.0,1074.0,1076.0,1080.0,1082.0,1076.0,3685.0,3376.0,3093.0,1015.0,885.0,568.0,1074.0,1074.0,1076.0
1.0,10428.0,3285.0,3226.0,2738.0,3023.0,1505.0,1059.0,459.0,1075.0,1074.0,1077.0,1097.0,1090.0,1098.0,3281.0,3411.0,3736.0,1505.0,1059.0,459.0,1075.0,1074.0,1077.0
1.0,9881.0,3178.0,3226.0,2468.0,3733.0,1550.0,1239.0,944.0,1075.0,1074.0,1077.0,1060.0,1065.0,1053.0,2795.0,3237.0,3849.0,1550.0,1239.0,944.0,1075.0,1074.0,1077.0
1.0,9171.0,3275.0,3226.0,3023.0,3985.0,1143.0,1263.0,1579.0,1075.0,1074.0,1077.0,1098.0,1083.0,1094.0,2750.0,3057.0,3364.0,1143.0,1263.0,1579.0,1075.0,1074.0,1077.0
1.0,8919.0,3296.0,3227.0,3733.0,3552.0,702.0,1122.0,1728.0,1076.0,1074.0,1077.0,1105.0,1098.0,1093.0,3157.0,3033.0,2729.0,702.0,1122.0,1728.0,1076.0,1074.0,1077.0
1.0,9356.0,3270.0,3227.0,3985.0,2837.0,654.0,954.0,1229.0,1076.0,1074.0,1077.0,1095.0,1095.0,1080.0,3602.0,3174.0,2580.0,654.0,954.0,1229.0,1076.0,1074.0,1077.0
1.0,10071.0,3258.0,3229.0,3552.0,2551.0,1041.0,936.0,574.0,1076.0,1075.0,1078.0,1089.0,1100.0,1069.0,3650.0,3342.0,3079.0,1041.0,936.0,574.0,1076.0,1075.0,1078.0
1.0,10365.0,3299.0,3229.0,2837.0,3013.0,1485.0,1090.0,438.0,1076.0,1075.0,1078.0,1098.0,1108.0,1093.0,3263.0,3364.0,3738.0,1485.0,1090.0,438.0,1076.0,1075.0,1078.0
1.0,9903.0,3275.0,3231.0,2551.0,3745.0,1549.0,1248.0,948.0,1077.0,1076.0,1078.0,1101.0,1090.0,1084.0,2819.0,3210.0,3874.0,1549.0,1248.0,948.0,1077.0,1076.0,1078.0
1.0,9179.0,3297.0,3231.0,3013.0,4029.0,1168.0,1266.0,1595.0,1077.0,1076.0,1078.0,1104.0,1108.0,1085.0,2759.0,3056.0,3364.0,1168.0,1266.0,1595.0,1077.0,1076.0,1078.0
1.0,8895.0,3314.0,3234.0,3745.0,3610.0,732.0,1130.0,1748.0,1078.0,1077.0,1079.0,1109.0,1108.0,1097.0,3140.0,3038.0,2717.0,732.0,1130.0,1748.0,1078.0,1077.0,1079.0
1.0,9326.0,3300.0,3234.0,4029.0,2881.0,670.0,964.0,1247.0,1078.0,1077.0,1079.0,1106.0,1100.0,1094.0,3580.0,3178.0,2568.0,670.0,964.0,1247.0,1078.0,1077.0,1079.0
1.0,10055.0,3263.0,3236.0,3610.0,2542.0,1026.0,933.0,583.0,1078.0,1078.0,1080.0,1088.0,1095.0,1080.0,3642.0,3344.0,3069.0,1026.0,933.0,583.0,1078.0,1078.0,1080.0
1.0,10402.0,3236.0,3236.0,2881.0,2897.0,1438.0,1051.0,408.0,1078.0,1078.0,1080.0,1082.0,1082.0,1072.0,3286.0,3379.0,3737.0,1438.0,1051.0,408.0,1078.0,1078.0,1080.0
1.0,10047.0,3241.0,3236.0,2542.0,3596.0,1491.0,1202.0,903.0,1078.0,1078.0,1080.0,1079.0,1084.0,1078.0,2874.0,3261.0,3912.0,1491.0,1202.0,903.0,1078.0,1078.0,1080.0
1.0,9348.0,3329.0,3238.0,2897.0,4036.0,1178.0,1267.0,1591.0,1079.0,1079.0,1080.0,1121.0,1112.0,1096.0,2821.0,3110.0,3417.0,1178.0,1267.0,1591.0,1079.0,1079.0,1080.0
1.0,8916.0,3199.0,3238.0,3596.0,3639.0,754.0,1139.0,1746.0,1079.0,1079.0,1080.0,1067.0,1074.0,1058.0,3138.0,3049.0,2729.0,754.0,1139.0,1746.0,1079.0,1079.0,1080.0
1.0,9313.0,3287.0,3239.0,4036.0,2894.0,673.0,975.0,1246.0,1079.0,1080.0,1080.0,1097.0,1099.0,1091.0,3562.0,3177.0,2574.0,673.0,975.0,1246.0,1079.0,1080.0,1080.0
1.0,10062.0,3303.0,3242.0,3639.0,2570.0,1026.0,950.0,594.0,1080.0,1081.0,1081.0,1103.0,1110.0,1090.0,3643.0,3345.0,3074.0,1026.0,950.0,594.0,1080.0,1081.0,1081.0
1.0,10398.0,3215.0,3243.0,2894.0,2895.0,1439.0,1047.0,409.0,1081.0,1081.0,1081.0,1082.0,1072.0,1061.0,3294.0,3374.0,3730.0,1439.0,1047.0,409.0,1081.0,1081.0,1081.0
1.0,10077.0,3228.0,3242.0,2570.0,3549.0,1493.0,1181.0,875.0,1081.0,1081.0,1080.0,1080.0,1084.0,1064.0,2885.0,3277.0,3915.0,1493.0,1181.0,875.0,1081.0,1081.0,1080.0
1.0,9419.0,3212.0,3242.0,2895.0,3866.0,1129.0,1210.0,1527.0,1081.0,1081.0,1080.0,1075.0,1076.0,1061.0,2831.0,3143.0,3445.0,1129.0,1210.0,1527.0,1081.0,1081.0,1080.0
1.0,9102.0,3224.0,3242.0,3549.0,3541.0,721.0,1109.0,1711.0,1081.0,1081.0,1080.0,1085.0,1080.0,1059.0,3195.0,3114.0,2793.0,721.0,1109.0,1711.0,1081.0,1081.0,1080.0
1.0,9427.0,3236.0,3244.0,3866.0,2919.0,677.0,983.0,1259.0,1082.0,1082.0,1080.0,1081.0,1080.0,1075.0,3603.0,3215.0,2609.0,677.0,983.0,1259.0,1082.0,1082.0,1080.0
1.0,10057.0,3247.0,3244.0,3541.0,2625.0,1038.0,966.0,621.0,1082.0,1082.0,1080.0,1082.0,1092.0,1073.0,3651.0,3345.0,3061.0,1038.0,966.0,621.0,1082.0,1082.0,1080.0
1.0,10351.0,3260.0,3245.0,2919.0,2970.0,1440.0,1079.0,451.0,1082.0,1083.0,1080.0,1079.0,1092.0,1089.0,3290.0,3362.0,3699.0,1440.0,1079.0,451.0,1082.0,1083.0,1080.0
1.0,10010.0,3230.0,3244.0,2625.0,3571.0,1466.0,1188.0,917.0,1081.0,1083.0,1080.0,1068.0,1075.0,1087.0,2888.0,3253.0,3869.0,1466.0,1188.0,917.0,1081.0,1083.0,1080.0
1.0,9405.0,3219.0,3245.0,2970.0,3824.0,1106.0,1180.0,1538.0,1082.0,1083.0,1080.0,1076.0,1071.0,1072.0,2858.0,3144.0,3403.0,1106.0,1180.0,1538.0,1082.0,1083.0,1080.0
1.0,9156.0,3228.0,3245.0,3571.0,3481.0,725.0,1065.0,1691.0,1082.0,1083.0,1080.0,1085.0,1073.0,1070.0,3222.0,3152.0,2782.0,725.0,1065.0,1691.0,1082.0,1083.0,1080.0
1.0,9499.0,3250.0,3245.0,3824.0,2907.0,706.0,971.0,1230.0,1082.0,1083.0,1080.0,1087.0,1086.0,1077.0,3603.0,3267.0,2629.0,706.0,971.0,1230.0,1082.0,1083.0,1080.0
1.0,10073.0,3212.0,3247.0,3481.0,2646.0,1054.0,984.0,608.0,1083.0,1084.0,1080.0,1069.0,1074.0,1069.0,3622.0,3361.0,3090.0,1054.0,984.0,608.0,1083.0,1084.0,1080.0
1.0,10342.0,3265.0,3247.0,2907.0,3004.0,1435.0,1105.0,464.0,1083.0,1084.0,1080.0,1087.0,1092.0,1086.0,3278.0,3352.0,3712.0,1435.0,1105.0,464.0,1083.0,1084.0,1080.0
1.0,9984.0,3189.0,3247.0,2646.0,3547.0,1434.0,1188.0,925.0,1083.0,1084.0,1080.0,1053.0,1067.0,1069.0,2897.0,3231.0,3856.0,1434.0,1188.0,925.0,1083.0,1084.0,1080.0
1.0,9441.0,3266.0,3248.0,3004.0,3813.0,1076.0,1182.0,1555.0,1083.0,1085.0,1080.0,1077.0,1095.0,1094.0,2898.0,3148.0,3395.0,1076.0,1182.0,1555.0,1083.0,1085.0,1080.0
1.0,9179.0,3222.0,3248.0,3547.0,3488.0,720.0,1063.0,1705.0,1083.0,1085.0,1080.0,1078.0,1069.0,1075.0,3256.0,3158.0,2765.0,720.0,1063.0,1705.0,1083.0,1085.0,1080.0
1.0,9504.0,3197.0,3246.0,3813.0,2864.0,715.0,933.0,1216.0,1083.0,1084.0,1079.0,1071.0,1056.0,1070.0,3612.0,3277.0,2615.0,715.0,933.0,1216.0,1083.0,1084.0,1079.0
1.0,10120.0,3212.0,3247.0,3488.0,2592.0,1059.0,949.0,584.0,1083.0,1085.0,1079.0,1064.0,1075.0,1073.0,3617.0,3403.0,3100.0,1059.0,949.0,584.0,1083.0,1085.0,1079.0
1.0,10396.0,3237.0,3247.0,2864.0,2965.0,1421.0,1097.0,447.0,1083.0,1085.0,1079.0,1077.0,1081.0,1079.0,3273.0,3391.0,3732.0,1421.0,1097.0,447.0,1083.0,1085.0,1079.0
1.0,10023.0,3267.0,3248.0,2592.0,3644.0,1460.0,1228.0,956.0,1084.0,1085.0,1079.0,1094.0,1080.0,1093.0,2911.0,3243.0,3869.0,1460.0,1228.0,956.0,1084.0,1085.0,1079.0
1.0,9348.0,3244.0,3248.0,2965.0,3923.0,1116.0,1212.0,1595.0,1084.0,1085.0,1079.0,1077.0,1081.0,1086.0,2876.0,3112.0,3360.0,1116.0,1212.0,1595.0,1084.0,1085.0,1079.0
1.0,9069.0,3219.0,3249.0,3644.0,3502.0,732.0,1051.0,1719.0,1084.0,1085.0,1080.0,1076.0,1067.0,1076.0,3220.0,3128.0,2721.0,732.0,1051.0,1719.0,1084.0,1085.0,1080.0
1.0,9494.0,3223.0,3248.0,3923.0,2798.0,694.0,911.0,1193.0,1084.0,1085.0,1079.0,1078.0,1072.0,1073.0,3604.0,3289.0,2601.0,694.0,911.0,1193.0,1084.0,1085.0,1079.0
1.0,10194.0,3242.0,3249.0,3502.0,2542.0,1038.0,939.0,565.0,1084.0,1085.0,1080.0,1076.0,1079.0,1087.0,3642.0,3429.0,3123.0,1038.0,939.0,565.0,1084.0,1085.0,1080.0
1.0,10454.0,3208.0,3249.0,2798.0,2952.0,1407.0,1095.0,450.0,1084.0,1085.0,1080.0,1063.0,1067.0,1078.0,3298.0,3401.0,3755.0,1407.0,1095.0,450.0,1084.0,1085.0,1080.0
1.0,10044.0,3217.0,3248.0,2542.0,3623.0,1424.0,1232.0,967.0,1083.0,1085.0,1080.0,1059.0,1076.0,1082.0,2929.0,3245.0,3870.0,1424.0,1232.0,967.0,1083.0,1085.0,1080.0
1.0,9369.0,3268.0,3248.0,2952.0,3939.0,1107.0,1222.0,1610.0,1083.0,1085.0,1080.0,1090.0,1085.0,1093.0,2908.0,3108.0,3353.0,1107.0,1222.0,1610.0,1083.0,1085.0,1080.0
1.0,9053.0,3246.0,3247.0,3623.0,3558.0,759.0,1060.0,1739.0,1083.0,1084.0,1080.0,1076.0,1074.0,1096.0,3225.0,3118.0,2710.0,759.0,1060.0,1739.0,1083.0,1084.0,1080.0
1.0,9430.0,3267.0,3247.0,3939.0,2886.0,736.0,925.0,1225.0,1083.0,1084.0,1080.0,1084.0,1087.0,1096.0,3573.0,3276.0,2581.0,736.0,925.0,1225.0,1083.0,1084.0,1080.0
1.0,10102.0,3281.0,3248.0,3558.0,2613.0,1075.0,954.0,584.0,1084.0,1084.0,1080.0,1094.0,1089.0,1098.0,3596.0,3411.0,3095.0,1075.0,954.0,584.0,1084.0,1084.0,1080.0
1.0,10379.0,3265.0,3249.0,2886.0,2996.0,1425.0,1118.0,453.0,1084.0,1084.0,1081.0,1086.0,1089.0,1090.0,3261.0,3382.0,3736.0,1425.0,1118.0,453.0,1084.0,1084.0,1081.0
1.0,10000.0,3274.0,3250.0,2613.0,3661.0,1439.0,1258.0,964.0,1084.0,1085.0,1081.0,1089.0,1090.0,1095.0,2911.0,3218.0,3871.0,1439.0,1258.0,964.0,1084.0,1085.0,1081.0
1.0,9339.0,3285.0,3249.0,2996.0,3946.0,1114.0,1221.0,1611.0,1084.0,1084.0,1081.0,1100.0,1085.0,1100.0,2897.0,3082.0,3360.0,1114.0,1221.0,1611.0,1084.0,1084.0,1081.0
1.0,9050.0,3285.0,3251.0,3661.0,3578.0,779.0,1044.0,1755.0,1085.0,1084.0,1082.0,1100.0,1081.0,1104.0,3222.0,3115.0,2713.0,779.0,1044.0,1755.0,1085.0,1084.0,1082.0
1.0,9426.0,3246.0,3250.0,3946.0,2874.0,734.0,907.0,1233.0,1084.0,1084.0,1082.0,1073.0,1084.0,1089.0,3561.0,3292.0,2573.0,734.0,907.0,1233.0,1084.0,1084.0,1082.0
1.0,10126.0,3293.0,3253.0,3578.0,2601.0,1064.0,955.0,582.0,1085.0,1085.0,1083.0,1105.0,1088.0,1100.0,3602.0,3429.0,3095.0,1064.0,955.0,582.0,1085.0,1085.0,1083.0
1.0,10411.0,3271.0,3253.0,2874.0,2998.0,1418.0,1132.0,448.0,1085.0,1085.0,1083.0,1088.0,1084.0,1099.0,3276.0,3385.0,3750.0,1418.0,1132.0,448.0,1085.0,1085.0,1083.0
1.0,10014.0,3315.0,3253.0,2601.0,3712.0,1459.0,1276.0,977.0,1085.0,1085.0,1083.0,1105.0,1099.0,1111.0,2922.0,3208.0,3884.0,1459.0,1276.0,977.0,1085.0,1085.0,1083.0
1.0,9300.0,3236.0,3251.0,2998.0,3942.0,1117.0,1216.0,1609.0,1084.0,1084.0,1083.0,1080.0,1076.0,1080.0,2881.0,3064.0,3355.0,1117.0,1216.0,1609.0,1084.0,1084.0,1083.0
1.0,9062.0,3274.0,3253.0,3712.0,3512.0,754.0,1021.0,1737.0,1085.0,1084.0,1084.0,1092.0,1081.0,1101.0,3219.0,3120.0,2723.0,754.0,1021.0,1737.0,1085.0,1084.0,1084.0
1.0,9500.0,3277.0,3252.0,3942.0,2843.0,729.0,892.0,1222.0,1084.0,1084.0,1084.0,1096.0,1087.0,1094.0,3586.0,3315.0,2599.0,729.0,892.0,1222.0,1084.0,1084.0,1084.0
1.0,10165.0,3314.0,3253.0,3512.0,2649.0,1083.0,974.0,592.0,1085.0,1084.0,1084.0,1104.0,1103.0,1107.0,3607.0,3444.0,3114.0,1083.0,974.0,592.0,1085.0,1084.0,1084.0
1.0,10363.0,3293.0,3252.0,2843.0,3095.0,1439.0,1184.0,472.0,1084.0,1084.0,1084.0,1089.0,1102.0,1102.0,3257.0,3362.0,3744.0,1439.0,1184.0,472.0,1084.0,1084.0,1084.0
1.0,9913.0,3274.0,3251.0,2649.0,3716.0,1450.0,1294.0,972.0,1084.0,1083.0,1084.0,1094.0,1088.0,1092.0,2897.0,3152.0,3864.0,1450.0,1294.0,972.0,1084.0,1083.0,1084.0
1.0,9288.0,3294.0,3251.0,3095.0,3915.0,1114.0,1200.0,1601.0,1084.0,1083.0,1084.0,1103.0,1090.0,1101.0,2886.0,3038.0,3364.0,1114.0,1200.0,1601.0,1084.0,1083.0,1084.0
1.0,9089.0,3297.0,3252.0,3716.0,3500.0,762.0,1003.0,1735.0,1084.0,1083.0,1085.0,1098.0,1097.0,1102.0,3222.0,3132.0,2735.0,762.0,1003.0,1735.0,1084.0,1083.0,1085.0
1.0,9508.0,3288.0,3253.0,3915.0,2877.0,746.0,909.0,1222.0,1084.0,1084.0,1085.0,1098.0,1102.0,1088.0,3574.0,3329.0,2605.0,746.0,909.0,1222.0,1084.0,1084.0,1085.0
1.0,10135.0,3277.0,3254.0,3500.0,2658.0,1077.0,1000.0,581.0,1085.0,1084.0,1085.0,1089.0,1094.0,1094.0,3590.0,3427.0,3118.0,1077.0,1000.0,581.0,1085.0,1084.0,1085.0
1.0,10358.0,3259.0,3252.0,2877.0,3032.0,1418.0,1172.0,442.0,1084.0,1083.0,1085.0,1091.0,1085.0,1083.0,3263.0,3336.0,3759.0,1418.0,1172.0,442.0,1084.0,1083.0,1085.0
1.0,9976.0,3276.0,3255.0,2658.0,3662.0,1443.0,1261.0,958.0,1085.0,1084.0,1086.0,1098.0,1085.0,1093.0,2918.0,3160.0,3898.0,1443.0,1261.0,958.0,1085.0,1084.0,1086.0
1.0,9358.0,3273.0,3254.0,3032.0,3899.0,1122.0,1173.0,1604.0,1085.0,1083.0,1086.0,1097.0,1088.0,1088.0,2897.0,3075.0,3386.0,1122.0,1173.0,1604.0,1085.0,1083.0,1086.0
1.0,9117.0,3239.0,3253.0,3662.0,3472.0,759.0,990.0,1723.0,1084.0,1083.0,1086.0,1084.0,1078.0,1077.0,3218.0,3159.0,2740.0,759.0,990.0,1723.0,1084.0,1083.0,1086.0
1.0,9540.0,3339.0,3255.0,3899.0,2920.0,757.0,925.0,1238.0,1085.0,1083.0,1087.0,1116.0,1108.0,1115.0,3577.0,3342.0,2621.0,757.0,925.0,1238.0,1085.0,1083.0,1087.0
1.0,10100.0,3270.0,3256.0,3472.0,2722.0,1088.0,1029.0,605.0,1085.0,1084.0,1087.0,1090.0,1090.0,1090.0,3583.0,3407.0,3110.0,1088.0,1029.0,605.0,1085.0,1084.0,1087.0
1.0,10302.0,3294.0,3258.0,2920.0,3104.0,1431.0,1204.0,469.0,1086.0,1084.0,1088.0,1096.0,1100.0,1098.0,3252.0,3307.0,3743.0,1431.0,1204.0,469.0,1086.0,1084.0,1088.0
1.0,9928.0,3301.0,3259.0,2722.0,3687.0,1449.0,1269.0,969.0,1086.0,1084.0,1089.0,1106.0,1094.0,1101.0,2913.0,3132.0,3883.0,1449.0,1269.0,969.0,1086.0,1084.0,1089.0
1.0,9349.0,3257.0,3259.0,3104.0,3840.0,1103.0,1151.0,1586.0,1086.0,1084.0,1089.0,1085.0,1086.0,1086.0,2895.0,3067.0,3387.0,1103.0,1151.0,1586.0,1086.0,1084.0,1089.0
1.0,9196.0,3271.0,3259.0,3687.0,3424.0,737.0,973.0,1714.0,1086.0,1084.0,1089.0,1083.0,1091.0,1097.0,3241.0,3185.0,2770.0,737.0,973.0,1714.0,1086.0,1084.0,1089.0
1.0,9612.0,3289.0,3260.0,3840.0,2877.0,730.0,930.0,1217.0,1086.0,1085.0,1089.0,1096.0,1104.0,1089.0,3607.0,3363.0,2642.0,730.0,930.0,1217.0,1086.0,1085.0,1089.0
1.0,10163.0,3281.0,3261.0,3424.0,2738.0,1090.0,1062.0,586.0,1087.0,1085.0,1089.0,1093.0,1105.0,1083.0,3614.0,3410.0,3139.0,1090.0,1062.0,586.0,1087.0,1085.0,1089.0
1.0,10306.0,3286.0,3263.0,2877.0,3155.0,1456.0,1236.0,463.0,1087.0,1086.0,1090.0,1096.0,1100.0,1090.0,3258.0,3278.0,3770.0,1456.0,1236.0,463.0,1087.0,1086.0,1090.0
1.0,9897.0,3300.0,3264.0,2738.0,3721.0,1470.0,1283.0,968.0,1088.0,1086.0,1090.0,1100.0,1109.0,1091.0,2892.0,3108.0,3897.0,1470.0,1283.0,968.0,1088.0,1086.0,1090.0
1.0,9335.0,3256.0,3264.0,3155.0,3822.0,1092.0,1142.0,1588.0,1087.0,1087.0,1090.0,1082.0,1091.0,1083.0,2882.0,3061.0,3392.0,1092.0,1142.0,1588.0,1087.0,1087.0,1090.0
1.0,9234.0,3302.0,3266.0,3721.0,3411.0,727.0,959.0,1725.0,1088.0,1087.0,1091.0,1101.0,1100.0,1101.0,3256.0,3206.0,2772.0,727.0,959.0,1725.0,1088.0,1087.0,1091.0
1.0,9653.0,3250.0,3265.0,3822.0,2835.0,720.0,911.0,1204.0,1088.0,1087.0,1090.0,1085.0,1094.0,1071.0,3625.0,3389.0,2639.0,720.0,911.0,1204.0,1088.0,1087.0,1090.0
1.0,10225.0,3267.0,3268.0,3411.0,2703.0,1086.0,1051.0,566.0,1089.0,1088.0,1091.0,1089.0,1095.0,1083.0,3632.0,3437.0,3156.0,1086.0,1051.0,566.0,1089.0,1088.0,1091.0
1.0,10369.0,3268.0,3267.0,2835.0,3132.0,1457.0,1234.0,441.0,1089.0,1088.0,1090.0,1091.0,1094.0,1083.0,3270.0,3301.0,3798.0,1457.0,1234.0,441.0,1089.0,1088.0,1090.0
1.0,9936.0,3266.0,3268.0,2703.0,3699.0,1453.0,1281.0,965.0,1089.0,1088.0,1091.0,1082.0,1098.0,1086.0,2899.0,3118.0,3919.0,1453.0,1281.0,965.0,1089.0,1088.0,1091.0
1.0,9373.0,3317.0,3270.0,3132.0,3892.0,1098.0,1167.0,1627.0,1090.0,1089.0,1091.0,1098.0,1116.0,1103.0,2903.0,3071.0,3399.0,1098.0,1167.0,1627.0,1090.0,1089.0,1091.0
1.0,9188.0,3229.0,3270.0,3699.0,3422.0,723.0,962.0,1737.0,1090.0,1089.0,1091.0,1078.0,1076.0,1075.0,3262.0,3189.0,2737.0,723.0,962.0,1737.0,1090.0,1089.0,1091.0
1.0,9658.0,3281.0,3272.0,3892.0,2819.0,716.0,903.0,1200.0,1090.0,1090.0,1092.0,1091.0,1104.0,1086.0,3637.0,3394.0,2627.0,716.0,903.0,1200.0,1090.0,1090.0,1092.0
1.0,10269.0,3248.0,3271.0,3422.0,2641.0,1070.0,1030.0,541.0,1090.0,1090.0,1091.0,1077.0,1089.0,1082.0,3644.0,3457.0,3168.0,1070.0,1030.0,541.0,1090.0,1090.0,1091.0
1.0,10443.0,3256.0,3271.0,2819.0,3078.0,1441.0,1221.0,416.0,1090.0,1090.0,1091.0,1087.0,1094.0,1075.0,3290.0,3330.0,3823.0,1441.0,1221.0,416.0,1090.0,1090.0,1091.0
1.0,10006.0,3281.0,3272.0,2641.0,3722.0,1472.0,1287.0,963.0,1090.0,1091.0,1091.0,1101.0,1092.0,1088.0,2919.0,3139.0,3948.0,1472.0,1287.0,963.0,1090.0,1091.0,1091.0
1.0,9366.0,3228.0,3272.0,3078.0,3872.0,1096.0,1148.0,1628.0,1090.0,1091.0,1091.0,1065.0,1082.0,1081.0,2888.0,3077.0,3401.0,1096.0,1148.0,1628.0,1090.0,1091.0,1091.0
1.0,9216.0,3282.0,3273.0,3722.0,3436.0,711.0,958.0,1767.0,1090.0,1091.0,1092.0,1087.0,1097.0,1098.0,3264.0,3216.0,2736.0,711.0,958.0,1767.0,1090.0,1091.0,1092.0
1.0,9656.0,3278.0,3275.0,3872.0,2850.0,709.0,917.0,1224.0,1091.0,1092.0,1092.0,1090.0,1103.0,1085.0,3649.0,3406.0,2601.0,709.0,917.0,1224.0,1091.0,1092.0,1092.0
1.0,10250.0,3324.0,3277.0,3436.0,2746.0,1104.0,1076.0,566.0,1092.0,1093.0,1092.0,1102.0,1113.0,1109.0,3655.0,3451.0,3144.0,1104.0,1076.0,566.0,1092.0,1093.0,1092.0
1.0,10362.0,3275.0,3277.0,2850.0,3171.0,1485.0,1257.0,429.0,1092.0,1093.0,1092.0,1090.0,1098.0,1087.0,3264.0,3296.0,3802.0,1485.0,1257.0,429.0,1092.0,1093.0,1092.0
1.0,9937.0,3255.0,3277.0,2746.0,3680.0,1461.0,1263.0,956.0,1092.0,1093.0,1092.0,1080.0,1082.0,1093.0,2883.0,3115.0,3939.0,1461.0,1263.0,956.0,1092.0,1093.0,1092.0
1.0,9428.0,3279.0,3277.0,3171.0,3788.0,1068.0,1100.0,1620.0,1092.0,1093.0,1092.0,1092.0,1094.0,1093.0,2907.0,3109.0,3412.0,1068.0,1100.0,1620.0,1092.0,1093.0,1092.0
1.0,9320.0,3299.0,3277.0,3680.0,3407.0,707.0,934.0,1766.0,1092.0,1093.0,1092.0,1100.0,1097.0,1102.0,3300.0,3272.0,2748.0,707.0,934.0,1766.0,1092.0,1093.0,1092.0
1.0,9701.0,3299.0,3277.0,3788.0,2918.0,738.0,929.0,1251.0,1092.0,1093.0,1092.0,1099.0,1095.0,1105.0,3661.0,3438.0,2602.0,738.0,929.0,1251.0,1092.0,1093.0,1092.0
1.0,10190.0,3322.0,3280.0,3407.0,2845.0,1142.0,1109.0,594.0,1093.0,1094.0,1093.0,1107.0,1110.0,1105.0,3630.0,3443.0,3117.0,1142.0,1109.0,594.0,1093.0,1094.0,1093.0
1.0,10275.0,3254.0,3278.0,2918.0,3173.0,1488.0,1263.0,422.0,1092.0,1094.0,1092.0,1088.0,1083.0,1083.0,3230.0,3267.0,3778.0,1488.0,1263.0,422.0,1092.0,1094.0,1092.0
1.0,9939.0,3297.0,3278.0,2845.0,3625.0,1449.0,1255.0,921.0,1092.0,1094.0,1092.0,1103.0,1101.0,1093.0,2880.0,3113.0,3946.0,1449.0,1255.0,921.0,1092.0,1094.0,1092.0
1.0,9487.0,3272.0,3279.0,3173.0,3728.0,1056.0,1079.0,1593.0,1093.0,1094.0,1092.0,1091.0,1087.0,1094.0,2919.0,3121.0,3447.0,1056.0,1079.0,1593.0,1093.0,1094.0,1092.0
1.0,9388.0,3292.0,3278.0,3625.0,3391.0,688.0,918.0,1785.0,1092.0,1094.0,1092.0,1085.0,1094.0,1113.0,3316.0,3297.0,2775.0,688.0,918.0,1785.0,1092.0,1094.0,1092.0
1.0,9721.0,3341.0,3281.0,3728.0,3016.0,756.0,941.0,1319.0,1093.0,1095.0,1093.0,1120.0,1098.0,1123.0,3680.0,3458.0,2583.0,756.0,941.0,1319.0,1093.0,1095.0,1093.0
1.0,10108.0,3274.0,3280.0,3391.0,2895.0,1157.0,1111.0,627.0,1093.0,1094.0,1093.0,1089.0,1092.0,1093.0,3616.0,3439.0,3053.0,1157.0,1111.0,627.0,1093.0,1094.0,1093.0
1.0,10225.0,3315.0,3281.0,3016.0,3198.0,1500.0,1284.0,414.0,1093.0,1095.0,1093.0,1099.0,1110.0,1106.0,3215.0,3265.0,3745.0,1500.0,1284.0,414.0,1093.0,1095.0,1093.0
1.0,9926.0,3291.0,3281.0,2895.0,3594.0,1447.0,1272.0,875.0,1093.0,1095.0,1093.0,1104.0,1099.0,1088.0,2872.0,3096.0,3958.0,1447.0,1272.0,875.0,1093.0,1095.0,1093.0
1.0,9530.0,3300.0,3283.0,3198.0,3704.0,1056.0,1087.0,1561.0,1094.0,1096.0,1093.0,1105.0,1095.0,1100.0,2925.0,3108.0,3497.0,1056.0,1087.0,1561.0,1094.0,1096.0,1093.0
1.0,9428.0,3346.0,3283.0,3594.0,3456.0,725.0,932.0,1799.0,1094.0,1096.0,1093.0,1116.0,1117.0,1113.0,3320.0,3297.0,2811.0,725.0,932.0,1799.0,1094.0,1096.0,1093.0
1.0,9676.0,3305.0,3283.0,3704.0,3057.0,779.0,942.0,1336.0,1094.0,1096.0,1093.0,1110.0,1097.0,1098.0,3651.0,3452.0,2573.0,779.0,942.0,1336.0,1094.0,1096.0,1093.0
1.0,10075.0,3296.0,3283.0,3456.0,2897.0,1160.0,1101.0,636.0,1094.0,1096.0,1093.0,1106.0,1091.0,1099.0,3597.0,3442.0,3036.0,1160.0,1101.0,636.0,1094.0,1096.0,1093.0
1.0,10235.0,3260.0,3283.0,3057.0,3100.0,1467.0,1245.0,388.0,1094.0,1096.0,1093.0,1086.0,1086.0,1088.0,3216.0,3283.0,3736.0,1467.0,1245.0,388.0,1094.0,1096.0,1093.0
1.0,10032.0,3324.0,3284.0,2897.0,3531.0,1432.0,1244.0,855.0,1095.0,1096.0,1093.0,1121.0,1100.0,1103.0,2909.0,3139.0,3984.0,1432.0,1244.0,855.0,1095.0,1096.0,1093.0
1.0,9605.0,3295.0,3284.0,3100.0,3726.0,1075.0,1090.0,1561.0,1095.0,1096.0,1093.0,1110.0,1091.0,1094.0,2948.0,3140.0,3517.0,1075.0,1090.0,1561.0,1095.0,1096.0,1093.0
1.0,9410.0,3374.0,3285.0,3531.0,3573.0,761.0,967.0,1845.0,1095.0,1096.0,1094.0,1118.0,1121.0,1135.0,3305.0,3294.0,2811.0,761.0,967.0,1845.0,1095.0,1096.0,1094.0
1.0,9567.0,3326.0,3286.0,3726.0,3177.0,800.0,976.0,1401.0,1096.0,1096.0,1094.0,1110.0,1099.0,1117.0,3619.0,3417.0,2531.0,800.0,976.0,1401.0,1096.0,1096.0,1094.0
1.0,9967.0,3340.0,3288.0,3573.0,2952.0,1144.0,1118.0,690.0,1096.0,1097.0,1095.0,1105.0,1105.0,1130.0,3584.0,3408.0,2975.0,1144.0,1118.0,690.0,1096.0,1097.0,1095.0
1.0,10200.0,3331.0,3289.0,3177.0,3110.0,1459.0,1244.0,407.0,1096.0,1097.0,1096.0,1115.0,1102.0,1114.0,3240.0,3270.0,3690.0,1459.0,1244.0,407.0,1096.0,1097.0,1096.0
1.0,10046.0,3350.0,3292.0,2952.0,3520.0,1435.0,1242.0,843.0,1097.0,1098.0,1097.0,1116.0,1112.0,1122.0,2925.0,3144.0,3977.0,1435.0,1242.0,843.0,1097.0,1098.0,1097.0
1.0,9648.0,3251.0,3289.0,3110.0,3649.0,1064.0,1067.0,1518.0,1096.0,1097.0,1096.0,1092.0,1073.0,1086.0,2953.0,3150.0,3545.0,1064.0,1067.0,1518.0,1096.0,1097.0,1096.0
1.0,9507.0,3312.0,3290.0,3520.0,3445.0,735.0,919.0,1791.0,1097.0,1097.0,1096.0,1102.0,1094.0,1116.0,3320.0,3321.0,2866.0,735.0,919.0,1791.0,1097.0,1097.0,1096.0
1.0,9715.0,3320.0,3291.0,3649.0,3120.0,780.0,948.0,1392.0,1097.0,1097.0,1097.0,1109.0,1096.0,1115.0,3653.0,3469.0,2593.0,780.0,948.0,1392.0,1097.0,1097.0,1097.0
1.0,10044.0,3314.0,3291.0,3445.0,2989.0,1155.0,1125.0,709.0,1097.0,1097.0,1097.0,1110.0,1096.0,1108.0,3608.0,3440.0,2996.0,1155.0,1125.0,709.0,1097.0,1097.0,1097.0
1.0,10175.0,3358.0,3294.0,3120.0,3239.0,1503.0,1293.0,443.0,1098.0,1098.0,1098.0,1124.0,1112.0,1122.0,3233.0,3263.0,3679.0,1503.0,1293.0,443.0,1098.0,1098.0,1098.0
1.0,9937.0,3283.0,3294.0,2989.0,3533.0,1446.0,1258.0,829.0,1098.0,1098.0,1098.0,1098.0,1090.0,1095.0,2889.0,3099.0,3949.0,1446.0,1258.0,829.0,1098.0,1098.0,1098.0
1.0,9643.0,3326.0,3293.0,3239.0,3616.0,1054.0,1061.0,1501.0,1098.0,1097.0,1098.0,1111.0,1100.0,1115.0,2946.0,3134.0,3563.0,1054.0,1061.0,1501.0,1098.0,1097.0,1098.0
1.0,9556.0,3290.0,3293.0,3533.0,3373.0,702.0,904.0,1767.0,1098.0,1097.0,1098.0,1094.0,1101.0,1095.0,3338.0,3327.0,2891.0,702.0,904.0,1767.0,1098.0,1097.0,1098.0
1.0,9799.0,3296.0,3294.0,3616.0,3057.0,746.0,938.0,1373.0,1098.0,1097.0,1099.0,1098.0,1095.0,1103.0,3690.0,3484.0,2625.0,746.0,938.0,1373.0,1098.0,1097.0,1099.0
1.0,10119.0,3352.0,3295.0,3373.0,3040.0,1163.0,1145.0,732.0,1099.0,1097.0,1099.0,1115.0,1111.0,1126.0,3646.0,3450.0,3023.0,1163.0,1145.0,732.0,1099.0,1097.0,1099.0
1.0,10140.0,3311.0,3296.0,3057.0,3298.0,1520.0,1305.0,473.0,1099.0,1097.0,1100.0,1103.0,1098.0,1110.0,3233.0,3243.0,3664.0,1520.0,1305.0,473.0,1099.0,1097.0,1100.0
1.0,9886.0,3343.0,3297.0,3040.0,3605.0,1474.0,1276.0,855.0,1099.0,1098.0,1100.0,1117.0,1112.0,1114.0,2876.0,3083.0,3927.0,1474.0,1276.0,855.0,1099.0,1098.0,1100.0
1.0,9583.0,3339.0,3299.0,3298.0,3654.0,1066.0,1092.0,1496.0,1100.0,1098.0,1101.0,1108.0,1121.0,1110.0,2922.0,3116.0,3545.0,1066.0,1092.0,1496.0,1100.0,1098.0,1101.0
1.0,9542.0,3307.0,3299.0,3605.0,3356.0,695.0,922.0,1739.0,1100.0,1098.0,1101.0,1103.0,1106.0,1098.0,3334.0,3300.0,2908.0,695.0,922.0,1739.0,1100.0,1098.0,1101.0
1.0,9840.0,3296.0,3301.0,3654.0,3006.0,718.0,933.0,1355.0,1100.0,1099.0,1102.0,1089.0,1099.0,1108.0,3705.0,3470.0,2665.0,718.0,933.0,1355.0,1100.0,1099.0,1102.0
1.0,10198.0,3306.0,3301.0,3356.0,2956.0,1116.0,1114.0,726.0,1100.0,1099.0,1102.0,1093.0,1103.0,1110.0,3682.0,3463.0,3053.0,1116.0,1114.0,726.0,1100.0,1099.0,1102.0
1.0,10248.0,3339.0,3301.0,3006.0,3289.0,1506.0,1296.0,487.0,1100.0,1099.0,1102.0,1108.0,1115.0,1116.0,3284.0,3282.0,3682.0,1506.0,1296.0,487.0,1100.0,1099.0,1102.0
1.0,9915.0,3323.0,3303.0,2956.0,3664.0,1487.0,1293.0,884.0,1101.0,1099.0,1103.0,1093.0,1111.0,1119.0,2894.0,3100.0,3921.0,1487.0,1293.0,884.0,1101.0,1099.0,1103.0
1.0,9548.0,3339.0,3304.0,3289.0,3718.0,1094.0,1121.0,1503.0,1101.0,1100.0,1103.0,1113.0,1120.0,1106.0,2917.0,3103.0,3528.0,1094.0,1121.0,1503.0,1101.0,1100.0,1103.0
1.0,9498.0,3302.0,3305.0,3664.0,3360.0,703.0,932.0,1725.0,1101.0,1100.0,1104.0,1096.0,1104.0,1102.0,3310.0,3279.0,2909.0,703.0,932.0,1725.0,1101.0,1100.0,1104.0
1.0,9860.0,3316.0,3306.0,3718.0,2962.0,715.0,920.0,1327.0,1102.0,1100.0,1104.0,1102.0,1109.0,1105.0,3701.0,3468.0,2691.0,715.0,920.0,1327.0,1102.0,1100.0,1104.0
1.0,10262.0,3319.0,3307.0,3360.0,2925.0,1114.0,1090.0,721.0,1102.0,1100.0,1105.0,1102.0,1102.0,1115.0,3693.0,3480.0,3089.0,1114.0,1090.0,721.0,1102.0,1100.0,1105.0
1.0,10303.0,3297.0,3308.0,2962.0,3264.0,1495.0,1283.0,486.0,1102.0,1101.0,1105.0,1096.0,1109.0,1092.0,3294.0,3310.0,3699.0,1495.0,1283.0,486.0,1102.0,1101.0,1105.0
1.0,9968.0,3329.0,3309.0,2925.0,3672.0,1492.0,1304.0,876.0,1103.0,1101.0,1105.0,1107.0,1111.0,1111.0,2913.0,3121.0,3934.0,1492.0,1304.0,876.0,1103.0,1101.0,1105.0
1.0,9564.0,3330.0,3310.0,3264.0,3742.0,1106.0,1126.0,1510.0,1103.0,1101.0,1106.0,1109.0,1105.0,1116.0,2920.0,3100.0,3544.0,1106.0,1126.0,1510.0,1103.0,1101.0,1106.0
1.0,9498.0,3308.0,3310.0,3672.0,3378.0,711.0,932.0,1735.0,1103.0,1101.0,1106.0,1097.0,1110.0,1101.0,3306.0,3278.0,2914.0,711.0,932.0,1735.0,1103.0,1101.0,1106.0
1.0,9862.0,3312.0,3310.0,3742.0,2948.0,704.0,914.0,1330.0,1103.0,1101.0,1106.0,1099.0,1108.0,1105.0,3701.0,3472.0,2689.0,704.0,914.0,1330.0,1103.0,1101.0,1106.0
1.0,10292.0,3332.0,3313.0,3378.0,2914.0,1109.0,1094.0,711.0,1104.0,1102.0,1107.0,1112.0,1108.0,1112.0,3708.0,3490.0,3094.0,1109.0,1094.0,711.0,1104.0,1102.0,1107.0
1.0,10338.0,3335.0,3313.0,2948.0,3301.0,1509.0,1294.0,498.0,1104.0,1102.0,1107.0,1104.0,1114.0,1117.0,3307.0,3314.0,3717.0,1509.0,1294.0,498.0,1104.0,1102.0,1107.0
1.0,9951.0,3325.0,3314.0,2914.0,3716.0,1505.0,1320.0,891.0,1104.0,1103.0,1107.0,1105.0,1116.0,1104.0,2907.0,3114.0,3930.0,1505.0,1320.0,891.0,1104.0,1103.0,1107.0
1.0,9540.0,3356.0,3314.0,3301.0,3771.0,1115.0,1150.0,1506.0,1104.0,1103.0,1107.0,1119.0,1124.0,1113.0,2911.0,3092.0,3537.0,1115.0,1150.0,1506.0,1104.0,1103.0,1107.0
1.0,9485.0,3332.0,3314.0,3716.0,3387.0,717.0,941.0,1729.0,1104.0,1103.0,1107.0,1107.0,1111.0,1114.0,3301.0,3262.0,2922.0,717.0,941.0,1729.0,1104.0,1103.0,1107.0
