agg_orders_level_0,agg_orders_level_1
2811.0,8433.0
3063.0,6252.0
215.0,0.0
1452.0,0.0
1074.0,0.0
1137.0,0.0
1326.0,1139.0
1380.0,1308.0
1374.0,1317.0
1014.0,846.0
1221.0,1155.0
1348.0,1315.0
1023.0,930.0
1308.0,1281.0
1251.0,1218.0
1162.0,1123.0
1356.0,1347.0
1282.0,1267.0
1107.0,1059.0
1119.0,1083.0
1161.0,1134.0
1306.0,1306.0
1179.0,1152.0
1149.0,1131.0
1030.0,988.0
1230.0,1227.0
946.0,904.0
1009.0,979.0
1101.0,1083.0
1017.0,990.0
945.0,909.0
1032.0,1008.0
900.0,870.0
939.0,912.0
990.0,975.0
810.0,780.0
939.0,912.0
1023.0,1005.0
759.0,723.0
978.0,969.0
807.0,780.0
996.0,978.0
999.0,990.0
900.0,873.0
975.0,966.0
936.0,918.0
1209.0,1221.0
822.0,801.0
1002.0,993.0
1101.0,1092.0
1047.0,1041.0
1170.0,1176.0
1176.0,1077.0
1117.0,1009.0
1360.0,1432.0
1212.0,1194.0
1374.0,1392.0
1341.0,1350.0
1233.0,1227.0
1215.0,1212.0
1278.0,1260.0
1041.0,1053.0
1467.0,1476.0
1267.0,1264.0
1356.0,1374.0
1377.0,1386.0
1410.0,1419.0
1365.0,1374.0
1230.0,1221.0
1341.0,1341.0
1476.0,1503.0
1221.0,1224.0
1260.0,1266.0
1194.0,1185.0
1113.0,1113.0
1209.0,1209.0
1326.0,1353.0
1161.0,1143.0
1201.0,1222.0
1146.0,1152.0
1125.0,1125.0
1077.0,1080.0
1257.0,1281.0
1038.0,1038.0
837.0,837.0
903.0,894.0
1000.0,1003.0
939.0,945.0
996.0,996.0
990.0,990.0
1101.0,1128.0
987.0,987.0
948.0,948.0
1098.0,1107.0
771.0,762.0
969.0,969.0
921.0,921.0
1140.0,1149.0
1065.0,1056.0
1140.0,1167.0
1089.0,1089.0
1143.0,1143.0
1218.0,1227.0
1182.0,1182.0
1224.0,1224.0
1251.0,1260.0
1194.0,1185.0
1212.0,1212.0
1221.0,1212.0
1402.0,1411.0
1381.0,1381.0
1389.0,1407.0
1446.0,1455.0
1506.0,1533.0
1440.0,1440.0
1539.0,1548.0
1500.0,1518.0
1213.0,1195.0
1626.0,1644.0
1530.0,1539.0
1467.0,1476.0
1446.0,1455.0
1357.0,1348.0
1251.0,1260.0
1248.0,1239.0
1167.0,1167.0
1512.0,1533.0
1404.0,1419.0
1251.0,1242.0
1149.0,1149.0
1218.0,1218.0
1479.0,1500.0
1045.0,1042.0
1014.0,1014.0
1092.0,1074.0
1041.0,1041.0
1170.0,1197.0
1086.0,1089.0
1137.0,1152.0
1056.0,1065.0
1059.0,1059.0
1041.0,1041.0
1038.0,1038.0
1068.0,1068.0
1020.0,1029.0
1032.0,1023.0
1383.0,1419.0
1083.0,1095.0
955.0,961.0
1009.0,991.0
1143.0,1155.0
1320.0,1326.0
1137.0,1137.0
1287.0,1296.0
1323.0,1326.0
1296.0,1311.0
1168.0,1168.0
1170.0,1152.0
1464.0,1491.0
1662.0,1689.0
1287.0,1287.0
1488.0,1488.0
1291.0,1291.0
1353.0,1353.0
1587.0,1587.0
1545.0,1548.0
1464.0,1470.0
1617.0,1617.0
1431.0,1431.0
1620.0,1641.0
1732.0,1738.0
1422.0,1416.0
1410.0,1407.0
1546.0,1555.0
1389.0,1389.0
1323.0,1323.0
1638.0,1665.0
1446.0,1464.0
1428.0,1419.0
1581.0,1599.0
1578.0,1587.0
1447.0,1468.0
1293.0,1299.0
1320.0,1311.0
1347.0,1359.0
1290.0,1314.0
1080.0,1080.0
1368.0,1386.0
1212.0,1212.0
1173.0,1182.0
1305.0,1305.0
1347.0,1374.0
1203.0,1203.0
1218.0,1227.0
1077.0,1077.0
1221.0,1239.0
1344.0,1356.0
1119.0,1125.0
1158.0,1149.0
1296.0,1305.0
1345.0,1372.0
1326.0,1344.0
1183.0,1183.0
1299.0,1299.0
1368.0,1377.0
1308.0,1308.0
1368.0,1368.0
1267.0,1267.0
1350.0,1368.0
1446.0,1455.0
1353.0,1353.0
1422.0,1413.0
1389.0,1389.0
1528.0,1531.0
1671.0,1695.0
1596.0,1605.0
1323.0,1314.0
1593.0,1593.0
1389.0,1389.0
1671.0,1671.0
1677.0,1686.0
1749.0,1758.0
1648.0,1639.0
1590.0,1599.0
1512.0,1530.0
1677.0,1677.0
1647.0,1656.0
1578.0,1599.0
1618.0,1615.0
1437.0,1437.0
1660.0,1669.0
1693.0,1711.0
1470.0,1455.0
1341.0,1338.0
1605.0,1623.0
1371.0,1374.0
1302.0,1299.0
1428.0,1437.0
1410.0,1431.0
1362.0,1362.0
1162.0,1159.0
1498.0,1516.0
1260.0,1254.0
1128.0,1119.0
1209.0,1209.0
1398.0,1404.0
1416.0,1443.0
1368.0,1371.0
1260.0,1257.0
1179.0,1182.0
1330.0,1336.0
1254.0,1254.0
1299.0,1299.0
1443.0,1443.0
1366.0,1384.0
1377.0,1380.0
1417.0,1423.0
1380.0,1380.0
1527.0,1536.0
1419.0,1431.0
1548.0,1554.0
1470.0,1470.0
1509.0,1518.0
1791.0,1818.0
1692.0,1710.0
1566.0,1566.0
1647.0,1647.0
1740.0,1749.0
1782.0,1809.0
1914.0,1923.0
1638.0,1659.0
1746.0,1752.0
1608.0,1602.0
1779.0,1785.0
1935.0,1953.0
1833.0,1842.0
1911.0,1938.0
1713.0,1713.0
1608.0,1608.0
1683.0,1683.0
1737.0,1746.0
1491.0,1491.0
1470.0,1461.0
1599.0,1599.0
1710.0,1719.0
1392.0,1392.0
1635.0,1635.0
1449.0,1461.0
1521.0,1530.0
1519.0,1525.0
1548.0,1551.0
1368.0,1368.0
1482.0,1506.0
1395.0,1389.0
1566.0,1581.0
1302.0,1320.0
1339.0,1339.0
1401.0,1401.0
1191.0,1182.0
1383.0,1383.0
1372.0,1381.0
1489.0,1498.0
1312.0,1312.0
1242.0,1242.0
1458.0,1476.0
1254.0,1236.0
1386.0,1386.0
1701.0,1722.0
1515.0,1521.0
1497.0,1500.0
1689.0,1704.0
1629.0,1638.0
1636.0,1639.0
1623.0,1638.0
1785.0,1797.0
1782.0,1779.0
1620.0,1620.0
1857.0,1875.0
1797.0,1806.0
1833.0,1836.0
1587.0,1584.0
1959.0,1959.0
1767.0,1767.0
1686.0,1686.0
1929.0,1947.0
1927.0,1936.0
1869.0,1869.0
1818.0,1818.0
1854.0,1845.0
1605.0,1596.0
1861.0,1879.0
1992.0,2010.0
1764.0,1764.0
1957.0,1984.0
1779.0,1797.0
1518.0,1518.0
1806.0,1806.0
1845.0,1872.0
1660.0,1663.0
1614.0,1620.0
1627.0,1636.0
1717.0,1735.0
1386.0,1368.0
1543.0,1561.0
1432.0,1426.0
1527.0,1533.0
1648.0,1651.0
1569.0,1587.0
1447.0,1453.0
1629.0,1638.0
1320.0,1329.0
1578.0,1590.0
1551.0,1557.0
1441.0,1441.0
1575.0,1593.0
1404.0,1413.0
1545.0,1548.0
1809.0,1842.0
1539.0,1542.0
1566.0,1563.0
1651.0,1654.0
1548.0,1563.0
1680.0,1680.0
1650.0,1650.0
1884.0,1893.0
1755.0,1758.0
1905.0,1920.0
1659.0,1644.0
1842.0,1860.0
2031.0,2040.0
1890.0,1896.0
1752.0,1746.0
2034.0,2061.0
1972.0,1972.0
1857.0,1863.0
2001.0,2019.0
1989.0,1992.0
1942.0,1948.0
1992.0,1992.0
1791.0,1791.0
1963.0,1972.0
1899.0,1917.0
1893.0,1893.0
2026.0,2026.0
1887.0,1896.0
1857.0,1848.0
1950.0,1959.0
1947.0,1974.0
1855.0,1855.0
1743.0,1743.0
1800.0,1803.0
1642.0,1642.0
1662.0,1668.0
1698.0,1692.0
1740.0,1764.0
1491.0,1491.0
1717.0,1726.0
1593.0,1605.0
1656.0,1656.0
1600.0,1606.0
1731.0,1740.0
1708.0,1708.0
1650.0,1677.0
1681.0,1681.0
1431.0,1431.0
1647.0,1656.0
1725.0,1734.0
1764.0,1782.0
1719.0,1737.0
1737.0,1731.0
1729.0,1735.0
1881.0,1908.0
1791.0,1791.0
1662.0,1671.0
1650.0,1650.0
1902.0,1911.0
2029.0,2041.0
1903.0,1909.0
1935.0,1935.0
2097.0,2124.0
1884.0,1887.0
2013.0,2010.0
1972.0,1981.0
2208.0,2235.0
2062.0,2062.0
2034.0,2034.0
1965.0,1974.0
2200.0,2212.0
2061.0,2067.0
1884.0,1878.0
1978.0,1978.0
1950.0,1956.0
2028.0,2031.0
2148.0,2172.0
2052.0,2055.0
2154.0,2160.0
2055.0,2073.0
1974.0,1974.0
1950.0,1950.0
1728.0,1710.0
1888.0,1888.0
1839.0,1857.0
1812.0,1812.0
1927.0,1936.0
1788.0,1797.0
1839.0,1851.0
1791.0,1791.0
1567.0,1573.0
1857.0,1860.0
1971.0,1995.0
1756.0,1765.0
1839.0,1857.0
1692.0,1683.0
1906.0,1918.0
1723.0,1729.0
1827.0,1830.0
1848.0,1875.0
1792.0,1798.0
1593.0,1587.0
1821.0,1827.0
1647.0,1638.0
1770.0,1773.0
1872.0,1878.0
1779.0,1779.0
2010.0,2022.0
1917.0,1932.0
1932.0,1950.0
1956.0,1956.0
1872.0,1866.0
1818.0,1806.0
1980.0,1980.0
2136.0,2148.0
2199.0,2214.0
2148.0,2151.0
2010.0,2016.0
2062.0,2053.0
2080.0,2080.0
2277.0,2295.0
1942.0,1942.0
1983.0,1965.0
2037.0,2037.0
2130.0,2148.0
2226.0,2235.0
2098.0,2107.0
2220.0,2238.0
2274.0,2274.0
2218.0,2227.0
2238.0,2250.0
2136.0,2142.0
2196.0,2205.0
2047.0,2047.0
2085.0,2112.0
1926.0,1926.0
2085.0,2103.0
1959.0,1968.0
1977.0,1977.0
2028.0,2037.0
1926.0,1938.0
1770.0,1758.0
1872.0,1899.0
1773.0,1767.0
1920.0,1917.0
1842.0,1845.0
1870.0,1876.0
1722.0,1722.0
1929.0,1929.0
1812.0,1812.0
1708.0,1708.0
1803.0,1803.0
1923.0,1923.0
1881.0,1902.0
1791.0,1788.0
1846.0,1855.0
2031.0,2052.0
2058.0,2064.0
1909.0,1918.0
1848.0,1839.0
2121.0,2130.0
2013.0,2013.0
1900.0,1900.0
1917.0,1917.0
2028.0,2046.0
2379.0,2406.0
2104.0,2104.0
2214.0,2214.0
2232.0,2235.0
2046.0,2046.0
2370.0,2385.0
2127.0,2127.0
2271.0,2271.0
2262.0,2283.0
2617.0,2650.0
2181.0,2199.0
2265.0,2274.0
2268.0,2268.0
2268.0,2271.0
2220.0,2226.0
2353.0,2353.0
2328.0,2340.0
2085.0,2073.0
2232.0,2232.0
1965.0,1956.0
2130.0,2133.0
2232.0,2238.0
2073.0,2091.0
2245.0,2254.0
2068.0,2068.0
2088.0,2097.0
2037.0,2046.0
2077.0,2077.0
2037.0,2049.0
1917.0,1923.0
1998.0,2016.0
1869.0,1863.0
1980.0,1986.0
1939.0,1939.0
2049.0,2076.0
1810.0,1801.0
1851.0,1854.0
1986.0,2001.0
2109.0,2127.0
1908.0,1908.0
2004.0,2007.0
1873.0,1879.0
1977.0,1980.0
1990.0,1987.0
1905.0,1905.0
2097.0,2100.0
2043.0,2061.0
2161.0,2161.0
2037.0,2043.0
2163.0,2172.0
2145.0,2163.0
2250.0,2259.0
2094.0,2085.0
2268.0,2268.0
2197.0,2197.0
2226.0,2226.0
2259.0,2268.0
2265.0,2265.0
2334.0,2352.0
2469.0,2472.0
2457.0,2463.0
2475.0,2475.0
2436.0,2454.0
2505.0,2514.0
2431.0,2440.0
2532.0,2550.0
2187.0,2187.0
2338.0,2338.0
2217.0,2208.0
2350.0,2362.0
2266.0,2266.0
2352.0,2376.0
2298.0,2307.0
2230.0,2230.0
2395.0,2416.0
2199.0,2196.0
2290.0,2299.0
1969.0,1969.0
2104.0,2104.0
2127.0,2127.0
2292.0,2313.0
2220.0,2235.0
2197.0,2209.0
2001.0,2007.0
2049.0,2052.0
1956.0,1956.0
1971.0,1968.0
2115.0,2127.0
2079.0,2103.0
2139.0,2139.0
2049.0,2049.0
2031.0,2040.0
2142.0,2151.0
2013.0,2022.0
2085.0,2088.0
2235.0,2244.0
2055.0,2070.0
2031.0,2031.0
2181.0,2184.0
2028.0,2025.0
2166.0,2169.0
2254.0,2260.0
2187.0,2187.0
2292.0,2292.0
2284.0,2302.0
2493.0,2502.0
2293.0,2296.0
2334.0,2340.0
2367.0,2379.0
2460.0,2466.0
2409.0,2418.0
2616.0,2616.0
2604.0,2622.0
2340.0,2325.0
2607.0,2622.0
2634.0,2643.0
2379.0,2373.0
2538.0,2538.0
2538.0,2562.0
2571.0,2580.0
2394.0,2403.0
2533.0,2551.0
2388.0,2391.0
2281.0,2278.0
2286.0,2286.0
2220.0,2220.0
2484.0,2484.0
2332.0,2341.0
2334.0,2334.0
2121.0,2139.0
2262.0,2265.0
2109.0,2109.0
2163.0,2160.0
2268.0,2268.0
2091.0,2091.0
1971.0,1953.0
2289.0,2310.0
2190.0,2199.0
2097.0,2112.0
2244.0,2253.0
2211.0,2211.0
1920.0,1911.0
2073.0,2073.0
2052.0,2061.0
2166.0,2166.0
2152.0,2152.0
2196.0,2205.0
1980.0,1971.0
2349.0,2358.0
2301.0,2319.0
2334.0,2343.0
2179.0,2191.0
2242.0,2248.0
2280.0,2280.0
2353.0,2362.0
2334.0,2334.0
2358.0,2358.0
2362.0,2356.0
2545.0,2560.0
2442.0,2451.0
2559.0,2568.0
2490.0,2490.0
2580.0,2589.0
2484.0,2478.0
2623.0,2623.0
2532.0,2547.0
2541.0,2532.0
2481.0,2472.0
2850.0,2880.0
2619.0,2625.0
2628.0,2628.0
2613.0,2625.0
2676.0,2691.0
2571.0,2571.0
2679.0,2697.0
2655.0,2673.0
2463.0,2481.0
2625.0,2646.0
2410.0,2398.0
2577.0,2595.0
2331.0,2331.0
2188.0,2191.0
2416.0,2422.0
2340.0,2358.0
2416.0,2425.0
2391.0,2400.0
2154.0,2163.0
2259.0,2271.0
2469.0,2475.0
2214.0,2217.0
2082.0,2079.0
2278.0,2290.0
2172.0,2160.0
2128.0,2146.0
2310.0,2319.0
2259.0,2277.0
2136.0,2136.0
2220.0,2223.0
2181.0,2181.0
2280.0,2295.0
2367.0,2367.0
2487.0,2505.0
2289.0,2283.0
2340.0,2346.0
2262.0,2262.0
2508.0,2517.0
2517.0,2535.0
2607.0,2616.0
2472.0,2481.0
2607.0,2625.0
2484.0,2484.0
2437.0,2437.0
2697.0,2697.0
2739.0,2757.0
2703.0,2712.0
2589.0,2589.0
2553.0,2553.0
2784.0,2793.0
2664.0,2682.0
2686.0,2695.0
2736.0,2727.0
2655.0,2655.0
2544.0,2544.0
2679.0,2679.0
2709.0,2709.0
2604.0,2607.0
2643.0,2640.0
2535.0,2535.0
2733.0,2742.0
2745.0,2748.0
2526.0,2541.0
2292.0,2274.0
2496.0,2499.0
2451.0,2475.0
2550.0,2550.0
2602.0,2623.0
2607.0,2613.0
2428.0,2437.0
2499.0,2517.0
2526.0,2535.0
2352.0,2352.0
2323.0,2323.0
2347.0,2365.0
2487.0,2496.0
2302.0,2311.0
2226.0,2235.0
2361.0,2370.0
2182.0,2173.0
2265.0,2274.0
2274.0,2274.0
2340.0,2349.0
2295.0,2295.0
2329.0,2329.0
2340.0,2331.0
2464.0,2473.0
2368.0,2368.0
2523.0,2541.0
2472.0,2472.0
2601.0,2601.0
2403.0,2388.0
2716.0,2734.0
2731.0,2737.0
2778.0,2799.0
2493.0,2499.0
2766.0,2766.0
2589.0,2580.0
2820.0,2829.0
2880.0,2889.0
2851.0,2872.0
2743.0,2740.0
2856.0,2865.0
3030.0,3057.0
2724.0,2724.0
2940.0,2949.0
2808.0,2826.0
2611.0,2611.0
2739.0,2739.0
2613.0,2613.0
2487.0,2478.0
2730.0,2739.0
2620.0,2614.0
2745.0,2745.0
2665.0,2671.0
2631.0,2658.0
2667.0,2670.0
2580.0,2586.0
2598.0,2601.0
2580.0,2577.0
2487.0,2487.0
2448.0,2448.0
2454.0,2448.0
2556.0,2562.0
2463.0,2463.0
2457.0,2475.0
2403.0,2403.0
2442.0,2442.0
2637.0,2646.0
2316.0,2325.0
2433.0,2442.0
2659.0,2677.0
2583.0,2610.0
2607.0,2625.0
2596.0,2605.0
2632.0,2659.0
2488.0,2497.0
2629.0,2647.0
2568.0,2568.0
2550.0,2559.0
2538.0,2538.0
2692.0,2710.0
2544.0,2544.0
2818.0,2836.0
2805.0,2814.0
2764.0,2764.0
2760.0,2760.0
2740.0,2749.0
2670.0,2670.0
2775.0,2784.0
2799.0,2793.0
2943.0,2949.0
2943.0,2952.0
2820.0,2829.0
2788.0,2782.0
2889.0,2877.0
2932.0,2950.0
2976.0,2976.0
2898.0,2898.0
2946.0,2973.0
2880.0,2880.0
2947.0,2965.0
2838.0,2859.0
2703.0,2700.0
2778.0,2787.0
2740.0,2740.0
2721.0,2730.0
2647.0,2647.0
2680.0,2683.0
2673.0,2679.0
2598.0,2598.0
2560.0,2560.0
2809.0,2818.0
2538.0,2541.0
2631.0,2649.0
2773.0,2782.0
2538.0,2544.0
2575.0,2584.0
2658.0,2670.0
2586.0,2592.0
2349.0,2340.0
2500.0,2503.0
2538.0,2544.0
2610.0,2610.0
2388.0,2379.0
2460.0,2451.0
2599.0,2599.0
2328.0,2310.0
2664.0,2667.0
2427.0,2424.0
2484.0,2478.0
2712.0,2718.0
2671.0,2680.0
2811.0,2820.0
2889.0,2907.0
2872.0,2872.0
2865.0,2877.0
2779.0,2779.0
2904.0,2910.0
2752.0,2752.0
2946.0,2955.0
2820.0,2823.0
2869.0,2884.0
2883.0,2868.0
3054.0,3069.0
2851.0,2851.0
2940.0,2949.0
2919.0,2919.0
2962.0,2962.0
2784.0,2775.0
2856.0,2856.0
2871.0,2871.0
2962.0,2962.0
2829.0,2820.0
2859.0,2868.0
2916.0,2919.0
2838.0,2844.0
2662.0,2656.0
2784.0,2790.0
2823.0,2832.0
2646.0,2640.0
2733.0,2739.0
2568.0,2568.0
2691.0,2700.0
2745.0,2736.0
2689.0,2701.0
2782.0,2788.0
2760.0,2760.0
2637.0,2646.0
2676.0,2676.0
2631.0,2631.0
2499.0,2499.0
2736.0,2754.0
2676.0,2685.0
2763.0,2781.0
2734.0,2743.0
2889.0,2916.0
2757.0,2775.0
2860.0,2872.0
2637.0,2661.0
2415.0,2397.0
2668.0,2686.0
2838.0,2850.0
2761.0,2767.0
2766.0,2775.0
2800.0,2800.0
2931.0,2931.0
3051.0,3060.0
2778.0,2772.0
2988.0,2997.0
3049.0,3055.0
3141.0,3168.0
3000.0,3000.0
3093.0,3114.0
3060.0,3066.0
3156.0,3177.0
3081.0,3087.0
3219.0,3228.0
2928.0,2928.0
3102.0,3120.0
3049.0,3052.0
3100.0,3124.0
2971.0,2974.0
3076.0,3082.0
3142.0,3160.0
3015.0,3024.0
3150.0,3159.0
2938.0,2941.0
3132.0,3156.0
2979.0,2997.0
3016.0,3025.0
3079.0,3097.0
2832.0,2841.0
3082.0,3109.0
2934.0,2946.0
2961.0,2979.0
2847.0,2853.0
2889.0,2898.0
2835.0,2844.0
2683.0,2674.0
2941.0,2959.0
2815.0,2824.0
2841.0,2859.0
2562.0,2562.0
2845.0,2848.0
2709.0,2709.0
2821.0,2827.0
2890.0,2893.0
2742.0,2739.0
2763.0,2763.0
2535.0,2520.0
2757.0,2763.0
3027.0,3063.0
2820.0,2823.0
2937.0,2943.0
2961.0,2979.0
2832.0,2832.0
2865.0,2868.0
2811.0,2808.0
3111.0,3111.0
3144.0,3171.0
3210.0,3219.0
3072.0,3072.0
3168.0,3168.0
3180.0,3198.0
3123.0,3123.0
3270.0,3279.0
3223.0,3223.0
3094.0,3094.0
3033.0,3027.0
3256.0,3271.0
3067.0,3067.0
3102.0,3102.0
3201.0,3213.0
3093.0,3099.0
3336.0,3345.0
3123.0,3123.0
3387.0,3414.0
3153.0,3153.0
3288.0,3306.0
3174.0,3177.0
3057.0,3063.0
3102.0,3102.0
2889.0,2880.0
2952.0,2961.0
2874.0,2865.0
2952.0,2952.0
2989.0,2989.0
3066.0,3075.0
2929.0,2929.0
3076.0,3097.0
2775.0,2781.0
2878.0,2872.0
2989.0,2995.0
2640.0,2634.0
2919.0,2934.0
2964.0,2976.0
2886.0,2892.0
3036.0,3045.0
2673.0,2664.0
3075.0,3102.0
2838.0,2838.0
2991.0,3018.0
2908.0,2917.0
2962.0,2956.0
2943.0,2949.0
2880.0,2880.0
2925.0,2925.0
2983.0,2986.0
3081.0,3096.0
3208.0,3226.0
3046.0,3046.0
3234.0,3234.0
3009.0,3003.0
3201.0,3207.0
3307.0,3310.0
3318.0,3333.0
3211.0,3214.0
3415.0,3421.0
3300.0,3303.0
3072.0,3072.0
3273.0,3291.0
3489.0,3498.0
3159.0,3165.0
3393.0,3411.0
3360.0,3369.0
3229.0,3247.0
3219.0,3201.0
3382.0,3400.0
3036.0,3018.0
3336.0,3339.0
3288.0,3288.0
3192.0,3201.0
3235.0,3244.0
3216.0,3222.0
3156.0,3174.0
3028.0,3031.0
3136.0,3145.0
3091.0,3106.0
3123.0,3132.0
3003.0,2997.0
2979.0,2985.0
2958.0,2949.0
3141.0,3159.0
2934.0,2934.0
2832.0,2826.0
3034.0,3058.0
3156.0,3165.0
3054.0,3063.0
2932.0,2941.0
3019.0,3010.0
2940.0,2958.0
3124.0,3124.0
3021.0,3030.0
2902.0,2896.0
3066.0,3084.0
2769.0,2751.0
3108.0,3123.0
2913.0,2916.0
2863.0,2851.0
3051.0,3063.0
3237.0,3243.0
3108.0,3102.0
3301.0,3316.0
3249.0,3249.0
3363.0,3384.0
3273.0,3279.0
3522.0,3531.0
3267.0,3261.0
3304.0,3319.0
3255.0,3237.0
3283.0,3283.0
3405.0,3432.0
3432.0,3432.0
3480.0,3480.0
3430.0,3451.0
3546.0,3552.0
3252.0,3252.0
3288.0,3288.0
3355.0,3358.0
3372.0,3372.0
3415.0,3439.0
3234.0,3234.0
3165.0,3147.0
3192.0,3192.0
3133.0,3133.0
3157.0,3151.0
3346.0,3355.0
3339.0,3363.0
3336.0,3345.0
3256.0,3268.0
3144.0,3144.0
3156.0,3162.0
3166.0,3175.0
3135.0,3153.0
3121.0,3121.0
3234.0,3243.0
3166.0,3187.0
3331.0,3346.0
2997.0,2988.0
3012.0,3012.0
3009.0,3012.0
3000.0,2997.0
2920.0,2920.0
3150.0,3150.0
3229.0,3247.0
3156.0,3168.0
3126.0,3126.0
3174.0,3201.0
2991.0,2988.0
3426.0,3453.0
3147.0,3159.0
3126.0,3132.0
3118.0,3109.0
3453.0,3480.0
3327.0,3327.0
3345.0,3348.0
3501.0,3507.0
3426.0,3444.0
3481.0,3475.0
3240.0,3240.0
3496.0,3502.0
3444.0,3453.0
3553.0,3571.0
3531.0,3540.0
3633.0,3642.0
3618.0,3630.0
3739.0,3754.0
3420.0,3411.0
3537.0,3558.0
3480.0,3489.0
3397.0,3397.0
3549.0,3555.0
3513.0,3531.0
3492.0,3501.0
3594.0,3621.0
3430.0,3439.0
3450.0,3471.0
3325.0,3331.0
3558.0,3576.0
3414.0,3417.0
3393.0,3399.0
3102.0,3093.0
3042.0,3036.0
3312.0,3318.0
3288.0,3297.0
3208.0,3208.0
3048.0,3048.0
3354.0,3354.0
3276.0,3285.0
3147.0,3138.0
3096.0,3099.0
2943.0,2940.0
3333.0,3354.0
3078.0,3084.0
3145.0,3154.0
3207.0,3216.0
3309.0,3312.0
3192.0,3198.0
3180.0,3180.0
3420.0,3429.0
3297.0,3315.0
3298.0,3298.0
3270.0,3270.0
3294.0,3303.0
3246.0,3255.0
3420.0,3414.0
3373.0,3388.0
3556.0,3565.0
3510.0,3510.0
3441.0,3441.0
3462.0,3462.0
3615.0,3636.0
3651.0,3657.0
3714.0,3723.0
3522.0,3522.0
3459.0,3459.0
3702.0,3702.0
3556.0,3556.0
3535.0,3526.0
3651.0,3660.0
3462.0,3462.0
3618.0,3618.0
3510.0,3528.0
3349.0,3331.0
3537.0,3537.0
3414.0,3408.0
3598.0,3604.0
3366.0,3360.0
3568.0,3574.0
3444.0,3447.0
3447.0,3444.0
3462.0,3462.0
3417.0,3417.0
3339.0,3360.0
3519.0,3546.0
3309.0,3309.0
3369.0,3375.0
3181.0,3181.0
3441.0,3462.0
3606.0,3621.0
3471.0,3474.0
3108.0,3105.0
3267.0,3285.0
3418.0,3445.0
3180.0,3165.0
3258.0,3273.0
3192.0,3195.0
3124.0,3121.0
3307.0,3307.0
3448.0,3457.0
3450.0,3471.0
3297.0,3285.0
3247.0,3247.0
3561.0,3579.0
3348.0,3348.0
3540.0,3552.0
3303.0,3318.0
3423.0,3423.0
3426.0,3426.0
3477.0,3462.0
3643.0,3658.0
3762.0,3774.0
3723.0,3747.0
3649.0,3649.0
3766.0,3769.0
3598.0,3595.0
3691.0,3700.0
3768.0,3786.0
3760.0,3763.0
3891.0,3915.0
3717.0,3726.0
3840.0,3843.0
3532.0,3538.0
3981.0,4002.0
3757.0,3775.0
3774.0,3792.0
3978.0,4005.0
3657.0,3675.0
3681.0,3687.0
3619.0,3628.0
3681.0,3693.0
3661.0,3670.0
3568.0,3574.0
3555.0,3558.0
3607.0,3622.0
3549.0,3558.0
3229.0,3220.0
3487.0,3496.0
3534.0,3537.0
3402.0,3420.0
3234.0,3216.0
3309.0,3297.0
3348.0,3342.0
3420.0,3435.0
3415.0,3424.0
3351.0,3345.0
3399.0,3417.0
3333.0,3339.0
3300.0,3300.0
3327.0,3336.0
3459.0,3477.0
3555.0,3558.0
3534.0,3540.0
3535.0,3553.0
3453.0,3462.0
3499.0,3493.0
3451.0,3457.0
3601.0,3601.0
3672.0,3699.0
3618.0,3627.0
3513.0,3513.0
3574.0,3586.0
3699.0,3705.0
3739.0,3733.0
3708.0,3708.0
3840.0,3849.0
3852.0,3858.0
3700.0,3700.0
3814.0,3832.0
3822.0,3822.0
3906.0,3915.0
3931.0,3931.0
3840.0,3843.0
3787.0,3784.0
3930.0,3957.0
4042.0,4045.0
3789.0,3789.0
3969.0,3978.0
3819.0,3810.0
3841.0,3859.0
3870.0,3876.0
3763.0,3772.0
3727.0,3727.0
3639.0,3639.0
3690.0,3702.0
3625.0,3631.0
3703.0,3706.0
3520.0,3517.0
3748.0,3778.0
3525.0,3525.0
3399.0,3396.0
3432.0,3432.0
3657.0,3675.0
3501.0,3519.0
3444.0,3447.0
3414.0,3414.0
3462.0,3462.0
3552.0,3561.0
3421.0,3421.0
3510.0,3528.0
3531.0,3540.0
3522.0,3540.0
3423.0,3420.0
3570.0,3570.0
3561.0,3564.0
3468.0,3456.0
3834.0,3861.0
3576.0,3576.0
3540.0,3552.0
3435.0,3423.0
3654.0,3654.0
3690.0,3690.0
3858.0,3879.0
3720.0,3726.0
3823.0,3841.0
3639.0,3621.0
3822.0,3840.0
4015.0,4018.0
3837.0,3837.0
3930.0,3939.0
4018.0,4036.0
3837.0,3837.0
3859.0,3856.0
4056.0,4065.0
3997.0,4000.0
3831.0,3837.0
3901.0,3901.0
3879.0,3870.0
3922.0,3925.0
3874.0,3871.0
3915.0,3918.0
3988.0,3994.0
3792.0,3792.0
3801.0,3801.0
3672.0,3672.0
3940.0,3958.0
3925.0,3934.0
3796.0,3814.0
3697.0,3697.0
3675.0,3684.0
3544.0,3526.0
3621.0,3630.0
3591.0,3600.0
3822.0,3849.0
3630.0,3630.0
3534.0,3534.0
3558.0,3558.0
3543.0,3552.0
3588.0,3600.0
3522.0,3510.0
3619.0,3637.0
3600.0,3603.0
3676.0,3682.0
3717.0,3735.0
3736.0,3748.0
3631.0,3637.0
3540.0,3534.0
3636.0,3654.0
3685.0,3673.0
3688.0,3697.0
3843.0,3855.0
3690.0,3714.0
3819.0,3822.0
3750.0,3756.0
3786.0,3780.0
3829.0,3835.0
3861.0,3861.0
3898.0,3919.0
4008.0,4014.0
3939.0,3939.0
4018.0,4021.0
4105.0,4123.0
4084.0,4084.0
3994.0,4003.0
4069.0,4078.0
4062.0,4071.0
4062.0,4062.0
4047.0,4056.0
4086.0,4095.0
3858.0,3858.0
3979.0,3979.0
3966.0,3981.0
4015.0,4018.0
3913.0,3910.0
4147.0,4159.0
4134.0,4158.0
3951.0,3972.0
3909.0,3906.0
3813.0,3804.0
3718.0,3712.0
3862.0,3868.0
3951.0,3972.0
3591.0,3591.0
3733.0,3739.0
3786.0,3804.0
3724.0,3718.0
3694.0,3700.0
3829.0,3838.0
3862.0,3883.0
3748.0,3757.0
3453.0,3450.0
3594.0,3594.0
3771.0,3780.0
3753.0,3765.0
3765.0,3771.0
3876.0,3879.0
3691.0,3691.0
3721.0,3727.0
3856.0,3877.0
3867.0,3876.0
3769.0,3775.0
3792.0,3801.0
3753.0,3744.0
3840.0,3852.0
3927.0,3933.0
3918.0,3927.0
3874.0,3874.0
3988.0,4006.0
4018.0,4021.0
4098.0,4107.0
3976.0,3976.0
4116.0,4131.0
4044.0,4044.0
3945.0,3930.0
4203.0,4218.0
4042.0,4042.0
3957.0,3951.0
4215.0,4224.0
4239.0,4245.0
3945.0,3945.0
4071.0,4065.0
4276.0,4303.0
4093.0,4099.0
4057.0,4060.0
3979.0,3979.0
4243.0,4267.0
4132.0,4132.0
3903.0,3879.0
3930.0,3930.0
4009.0,4015.0
3907.0,3919.0
3898.0,3907.0
3798.0,3795.0
4248.0,4260.0
4074.0,4101.0
3990.0,4008.0
3870.0,3876.0
3891.0,3900.0
3931.0,3949.0
3804.0,3804.0
3963.0,3963.0
3831.0,3834.0
3742.0,3766.0
3718.0,3721.0
3687.0,3684.0
3873.0,3876.0
3801.0,3807.0
3861.0,3855.0
3721.0,3727.0
3751.0,3751.0
4017.0,4020.0
3864.0,3864.0
3729.0,3729.0
4078.0,4102.0
3990.0,3999.0
3798.0,3792.0
4153.0,4171.0
3972.0,3978.0
4014.0,4017.0
4083.0,4089.0
4221.0,4239.0
4026.0,4011.0
4272.0,4296.0
4255.0,4258.0
4173.0,4188.0
4357.0,4375.0
3960.0,3951.0
4242.0,4245.0
4308.0,4332.0
4257.0,4260.0
4299.0,4305.0
4308.0,4326.0
4329.0,4341.0
4362.0,4377.0
4164.0,4164.0
4248.0,4257.0
4264.0,4282.0
4284.0,4287.0
4284.0,4290.0
4122.0,4131.0
3904.0,3904.0
4132.0,4144.0
3979.0,3985.0
4098.0,4107.0
3886.0,3886.0
3801.0,3774.0
3919.0,3913.0
3871.0,3868.0
3904.0,3904.0
3931.0,3931.0
3981.0,3984.0
3892.0,3898.0
4023.0,4023.0
3907.0,3919.0
3882.0,3888.0
3967.0,3976.0
4039.0,4066.0
3984.0,3984.0
3925.0,3934.0
3858.0,3858.0
4012.0,4030.0
3813.0,3816.0
3972.0,3969.0
4150.0,4171.0
4306.0,4339.0
4030.0,4030.0
4083.0,4086.0
4087.0,4096.0
4131.0,4131.0
4012.0,4012.0
3933.0,3933.0
4006.0,4003.0
4167.0,4167.0
4182.0,4185.0
4219.0,4216.0
4342.0,4345.0
4422.0,4446.0
4234.0,4225.0
4404.0,4422.0
4171.0,4171.0
4218.0,4212.0
4371.0,4377.0
4192.0,4186.0
4329.0,4329.0
4272.0,4272.0
4209.0,4200.0
4506.0,4521.0
4242.0,4242.0
4267.0,4267.0
4251.0,4251.0
4203.0,4197.0
4273.0,4282.0
4131.0,4149.0
4192.0,4192.0
4141.0,4150.0
3996.0,3993.0
4107.0,4125.0
4149.0,4161.0
3948.0,3948.0
4215.0,4239.0
3976.0,3979.0
4002.0,4002.0
3825.0,3822.0
4137.0,4146.0
3999.0,3999.0
4063.0,4081.0
3880.0,3874.0
4065.0,4071.0
4050.0,4050.0
4090.0,4093.0
3993.0,3999.0
3939.0,3939.0
4198.0,4216.0
3900.0,3903.0
4128.0,4134.0
4117.0,4117.0
3928.0,3904.0
4021.0,4021.0
4362.0,4380.0
4204.0,4210.0
4098.0,4098.0
4284.0,4302.0
4188.0,4200.0
4326.0,4350.0
4561.0,4573.0
4266.0,4281.0
4233.0,4233.0
4332.0,4332.0
4417.0,4417.0
4402.0,4411.0
4486.0,4486.0
4513.0,4534.0
4455.0,4470.0
4381.0,4381.0
4486.0,4504.0
4410.0,4413.0
4584.0,4599.0
4486.0,4504.0
4552.0,4552.0
4482.0,4503.0
4366.0,4372.0
4327.0,4327.0
4497.0,4509.0
4300.0,4309.0
4383.0,4398.0
4321.0,4324.0
4387.0,4405.0
4285.0,4294.0
4255.0,4273.0
4035.0,4023.0
4141.0,4159.0
3999.0,3975.0
4168.0,4186.0
4240.0,4255.0
4018.0,4030.0
4113.0,4104.0
4143.0,4158.0
4059.0,4059.0
4203.0,4215.0
3987.0,3984.0
4059.0,4062.0
4080.0,4077.0
4221.0,4242.0
4035.0,4035.0
4003.0,3991.0
4201.0,4219.0
4173.0,4176.0
4101.0,4101.0
4587.0,4620.0
4326.0,4347.0
4174.0,4171.0
4186.0,4180.0
4236.0,4245.0
4252.0,4249.0
4338.0,4347.0
4471.0,4474.0
4720.0,4735.0
4479.0,4488.0
4456.0,4465.0
4476.0,4488.0
4503.0,4509.0
4648.0,4657.0
4473.0,4473.0
4551.0,4554.0
4560.0,4575.0
4585.0,4594.0
4593.0,4593.0
4413.0,4416.0
4623.0,4623.0
4711.0,4729.0
4350.0,4332.0
4509.0,4509.0
4377.0,4377.0
4618.0,4642.0
4588.0,4591.0
4348.0,4348.0
4480.0,4486.0
4384.0,4396.0
4485.0,4491.0
4278.0,4278.0
4299.0,4299.0
4386.0,4398.0
4233.0,4248.0
4354.0,4366.0
4431.0,4449.0
4287.0,4293.0
4363.0,4384.0
4134.0,4134.0
4101.0,4098.0
4320.0,4332.0
4311.0,4317.0
4164.0,4182.0
4023.0,4017.0
4159.0,4165.0
4212.0,4212.0
4068.0,4068.0
4381.0,4399.0
4326.0,4335.0
4240.0,4243.0
4206.0,4212.0
4255.0,4231.0
4252.0,4249.0
4443.0,4464.0
4408.0,4417.0
4408.0,4423.0
4539.0,4551.0
4422.0,4428.0
4552.0,4555.0
4681.0,4678.0
4734.0,4752.0
4666.0,4675.0
4444.0,4444.0
4696.0,4714.0
4758.0,4761.0
4650.0,4656.0
4752.0,4761.0
4707.0,4725.0
4653.0,4653.0
4527.0,4527.0
4792.0,4813.0
4546.0,4534.0
4597.0,4591.0
4600.0,4624.0
4575.0,4575.0
4797.0,4824.0
4672.0,4672.0
4377.0,4359.0
4666.0,4687.0
4714.0,4729.0
4455.0,4455.0
4699.0,4717.0
4567.0,4579.0
4645.0,4669.0
4434.0,4434.0
4396.0,4405.0
4383.0,4392.0
4434.0,4434.0
4384.0,4387.0
4305.0,4302.0
4282.0,4291.0
4398.0,4407.0
4359.0,4371.0
4203.0,4191.0
4299.0,4311.0
4516.0,4543.0
4234.0,4240.0
4192.0,4192.0
4474.0,4486.0
4374.0,4374.0
4489.0,4507.0
4516.0,4525.0
4416.0,4434.0
4591.0,4606.0
4308.0,4311.0
4354.0,4351.0
4494.0,4497.0
4495.0,4504.0
4444.0,4435.0
4743.0,4767.0
4645.0,4648.0
4618.0,4615.0
4690.0,4684.0
4564.0,4564.0
4705.0,4714.0
4534.0,4525.0
4773.0,4773.0
4678.0,4684.0
4711.0,4705.0
4987.0,5002.0
4524.0,4518.0
4861.0,4885.0
4843.0,4846.0
4854.0,4872.0
4705.0,4711.0
4735.0,4738.0
4644.0,4650.0
4654.0,4648.0
4522.0,4513.0
4825.0,4843.0
4507.0,4504.0
4728.0,4728.0
4905.0,4932.0
4623.0,4617.0
4558.0,4558.0
4474.0,4465.0
4488.0,4494.0
4533.0,4536.0
4438.0,4444.0
4509.0,4512.0
4561.0,4576.0
4608.0,4620.0
4423.0,4429.0
4362.0,4362.0
4567.0,4585.0
4335.0,4338.0
4372.0,4372.0
4254.0,4245.0
4324.0,4330.0
4428.0,4437.0
4702.0,4720.0
4609.0,4618.0
4441.0,4435.0
4618.0,4627.0
4533.0,4539.0
4254.0,4239.0
4620.0,4629.0
4588.0,4606.0
4645.0,4654.0
4672.0,4681.0
4692.0,4710.0
4722.0,4722.0
4743.0,4743.0
4686.0,4692.0
4704.0,4704.0
4704.0,4707.0
4794.0,4809.0
4941.0,4959.0
4837.0,4846.0
4822.0,4831.0
4927.0,4936.0
4729.0,4714.0
4807.0,4822.0
4822.0,4822.0
4821.0,4815.0
4644.0,4641.0
4920.0,4923.0
4723.0,4723.0
5059.0,5086.0
4813.0,4822.0
4812.0,4830.0
5071.0,5080.0
4644.0,4659.0
4704.0,4695.0
4741.0,4735.0
4587.0,4584.0
4723.0,4732.0
4519.0,4528.0
4728.0,4740.0
4435.0,4432.0
4734.0,4743.0
4471.0,4471.0
4668.0,4680.0
4686.0,4692.0
4627.0,4636.0
4515.0,4518.0
4441.0,4438.0
4251.0,4245.0
4587.0,4596.0
4543.0,4567.0
4522.0,4525.0
4495.0,4501.0
4368.0,4353.0
4552.0,4549.0
4687.0,4699.0
4663.0,4663.0
4528.0,4528.0
4704.0,4731.0
4686.0,4692.0
4597.0,4597.0
4830.0,4842.0
4713.0,4719.0
4827.0,4830.0
4546.0,4537.0
4777.0,4783.0
4797.0,4800.0
4927.0,4936.0
4870.0,4885.0
4711.0,4705.0
5044.0,5050.0
4962.0,4965.0
4974.0,4983.0
4773.0,4764.0
4771.0,4777.0
5146.0,5167.0
4900.0,4900.0
4954.0,4963.0
5034.0,5058.0
4944.0,4944.0
5019.0,5031.0
5029.0,5029.0
5047.0,5065.0
4933.0,4939.0
4938.0,4932.0
4981.0,5005.0
4804.0,4807.0
4860.0,4866.0
4836.0,4845.0
4680.0,4674.0
4696.0,4714.0
4872.0,4878.0
4839.0,4866.0
4693.0,4693.0
4587.0,4590.0
4614.0,4611.0
4554.0,4548.0
4548.0,4536.0
4492.0,4492.0
4612.0,4630.0
4699.0,4726.0
4425.0,4407.0
4726.0,4744.0
4608.0,4611.0
4623.0,4629.0
4704.0,4725.0
4759.0,4768.0
4614.0,4611.0
4734.0,4737.0
4494.0,4491.0
4671.0,4671.0
5094.0,5121.0
4590.0,4590.0
4998.0,5001.0
4719.0,4719.0
4771.0,4771.0
4920.0,4944.0
4893.0,4896.0
4783.0,4783.0
4801.0,4798.0
5197.0,5209.0
4960.0,4978.0
5227.0,5236.0
5053.0,5059.0
5136.0,5139.0
5182.0,5209.0
4855.0,4855.0
5128.0,5128.0
5086.0,5104.0
5029.0,5035.0
5041.0,5041.0
5047.0,5050.0
5214.0,5220.0
5109.0,5121.0
5053.0,5053.0
4959.0,4959.0
5089.0,5098.0
5094.0,5100.0
4741.0,4735.0
4990.0,4996.0
4867.0,4870.0
4971.0,4989.0
4837.0,4843.0
4872.0,4872.0
4888.0,4891.0
4872.0,4887.0
4681.0,4684.0
4671.0,4677.0
4863.0,4875.0
4827.0,4845.0
4822.0,4846.0
4849.0,4858.0
4894.0,4903.0
4639.0,4657.0
4648.0,4642.0
4755.0,4764.0
4630.0,4630.0
4804.0,4804.0
4602.0,4599.0
4708.0,4711.0
4959.0,4977.0
5031.0,5064.0
4900.0,4909.0
4885.0,4876.0
4888.0,4900.0
4806.0,4797.0
5112.0,5139.0
4983.0,4992.0
4899.0,4896.0
5004.0,5007.0
5056.0,5074.0
4905.0,4914.0
5209.0,5209.0
4948.0,4948.0
5325.0,5325.0
5103.0,5109.0
5391.0,5409.0
5230.0,5233.0
5182.0,5191.0
5172.0,5178.0
5160.0,5172.0
5403.0,5418.0
5103.0,5103.0
5218.0,5236.0
5032.0,5014.0
5058.0,5058.0
5167.0,5179.0
5115.0,5121.0
5149.0,5152.0
4971.0,4968.0
5112.0,5124.0
4998.0,4998.0
4920.0,4935.0
5037.0,5037.0
5146.0,5158.0
4995.0,5010.0
4848.0,4839.0
4933.0,4942.0
4818.0,4827.0
4812.0,4815.0
4957.0,4963.0
4990.0,5002.0
4791.0,4791.0
4906.0,4906.0
4641.0,4623.0
4756.0,4762.0
4849.0,4867.0
4836.0,4836.0
4840.0,4849.0
4881.0,4884.0
4846.0,4864.0
4915.0,4924.0
5056.0,5071.0
4804.0,4786.0
4978.0,4981.0
4873.0,4873.0
4914.0,4914.0
5019.0,5037.0
4998.0,4986.0
5007.0,5016.0
5041.0,5044.0
5062.0,5068.0
5046.0,5046.0
4999.0,4999.0
5284.0,5287.0
5248.0,5272.0
5175.0,5160.0
5347.0,5365.0
5217.0,5208.0
5184.0,5184.0
5304.0,5310.0
5107.0,5101.0
5386.0,5395.0
5287.0,5287.0
5425.0,5434.0
5317.0,5332.0
5224.0,5233.0
5251.0,5260.0
5238.0,5247.0
5388.0,5400.0
5205.0,5205.0
5293.0,5317.0
5209.0,5212.0
5077.0,5077.0
5262.0,5289.0
5106.0,5106.0
5197.0,5203.0
5161.0,5164.0
4900.0,4906.0
5079.0,5091.0
4794.0,4794.0
5145.0,5160.0
5046.0,5049.0
4968.0,4965.0
4986.0,5004.0
4980.0,4983.0
5029.0,5053.0
4929.0,4938.0
4768.0,4762.0
4948.0,4954.0
4987.0,4990.0
5127.0,5151.0
4965.0,4968.0
4831.0,4828.0
5029.0,5029.0
4999.0,5002.0
4875.0,4872.0
4981.0,4984.0
4998.0,5004.0
5209.0,5227.0
4953.0,4947.0
5286.0,5301.0
5217.0,5229.0
5238.0,5247.0
5152.0,5158.0
5163.0,5172.0
5301.0,5310.0
5491.0,5500.0
5277.0,5280.0
5368.0,5368.0
5238.0,5238.0
5350.0,5365.0
5395.0,5398.0
5376.0,5391.0
5377.0,5377.0
5193.0,5187.0
5223.0,5214.0
5172.0,5160.0
5451.0,5469.0
5446.0,5455.0
5230.0,5224.0
5410.0,5416.0
5355.0,5367.0
5223.0,5211.0
5212.0,5212.0
5139.0,5151.0
5313.0,5313.0
5160.0,5166.0
5241.0,5241.0
5067.0,5067.0
5326.0,5338.0
5194.0,5209.0
5139.0,5151.0
4840.0,4831.0
5206.0,5212.0
5073.0,5076.0
4962.0,4962.0
5050.0,5050.0
5137.0,5152.0
5188.0,5200.0
5154.0,5178.0
5061.0,5064.0
4881.0,4878.0
5206.0,5209.0
5037.0,5043.0
5097.0,5115.0
4807.0,4789.0
5349.0,5370.0
5038.0,5047.0
5187.0,5202.0
5116.0,5125.0
5289.0,5289.0
5197.0,5206.0
5133.0,5127.0
5127.0,5124.0
5188.0,5188.0
5172.0,5172.0
5368.0,5377.0
5401.0,5404.0
5350.0,5347.0
5607.0,5628.0
5236.0,5227.0
5602.0,5620.0
5311.0,5308.0
5611.0,5629.0
5523.0,5532.0
5545.0,5548.0
5638.0,5665.0
5272.0,5272.0
5422.0,5446.0
5559.0,5562.0
5446.0,5446.0
5581.0,5596.0
5370.0,5370.0
5457.0,5469.0
5370.0,5376.0
5269.0,5269.0
5331.0,5340.0
5281.0,5281.0
5284.0,5296.0
5446.0,5455.0
5500.0,5527.0
5308.0,5308.0
5235.0,5235.0
5281.0,5287.0
5148.0,5169.0
5122.0,5119.0
5310.0,5319.0
5386.0,5413.0
5197.0,5200.0
5100.0,5100.0
5118.0,5115.0
5205.0,5208.0
5136.0,5142.0
5334.0,5361.0
5044.0,5035.0
5326.0,5338.0
5193.0,5193.0
5277.0,5310.0
5386.0,5386.0
5188.0,5200.0
5329.0,5338.0
5214.0,5220.0
5517.0,5535.0
5500.0,5512.0
5455.0,5473.0
5532.0,5559.0
5401.0,5410.0
5377.0,5386.0
5419.0,5419.0
5268.0,5265.0
5440.0,5443.0
5431.0,5422.0
5535.0,5559.0
5313.0,5289.0
5515.0,5524.0
5448.0,5445.0
5620.0,5623.0
5461.0,5458.0
5587.0,5581.0
5557.0,5581.0
5682.0,5691.0
5686.0,5689.0
5616.0,5634.0
5610.0,5610.0
5521.0,5530.0
5635.0,5641.0
5518.0,5530.0
5443.0,5452.0
5356.0,5356.0
5404.0,5410.0
5455.0,5473.0
5494.0,5494.0
5386.0,5371.0
5362.0,5377.0
5091.0,5076.0
5155.0,5146.0
5361.0,5370.0
5130.0,5130.0
5152.0,5149.0
5199.0,5190.0
5223.0,5223.0
5293.0,5302.0
5326.0,5344.0
5190.0,5190.0
5442.0,5454.0
5298.0,5295.0
5251.0,5269.0
5158.0,5143.0
5311.0,5311.0
5212.0,5212.0
5392.0,5392.0
5137.0,5137.0
5428.0,5428.0
5332.0,5350.0
5446.0,5443.0
5407.0,5392.0
5671.0,5689.0
5419.0,5416.0
5497.0,5500.0
5550.0,5559.0
5790.0,5814.0
5649.0,5670.0
5695.0,5704.0
5740.0,5764.0
5880.0,5892.0
5623.0,5647.0
5671.0,5674.0
5677.0,5695.0
5802.0,5811.0
5760.0,5784.0
5724.0,5727.0
5703.0,5712.0
5709.0,5709.0
5794.0,5800.0
5581.0,5575.0
5548.0,5548.0
5751.0,5769.0
5437.0,5419.0
5541.0,5541.0
5841.0,5868.0
5427.0,5427.0
5580.0,5589.0
5542.0,5557.0
5535.0,5535.0
5352.0,5352.0
5301.0,5295.0
5331.0,5346.0
5370.0,5373.0
5316.0,5316.0
5301.0,5319.0
5254.0,5260.0
5428.0,5437.0
5388.0,5400.0
5371.0,5377.0
5260.0,5254.0
5397.0,5406.0
5265.0,5256.0
5220.0,5211.0
5209.0,5206.0
5323.0,5341.0
5257.0,5251.0
5466.0,5481.0
5307.0,5301.0
5617.0,5644.0
5472.0,5478.0
5611.0,5629.0
5602.0,5611.0
5398.0,5398.0
5589.0,5583.0
5571.0,5577.0
5541.0,5541.0
5509.0,5509.0
5718.0,5718.0
5646.0,5646.0
5863.0,5866.0
5821.0,5827.0
5755.0,5746.0
5671.0,5674.0
5883.0,5901.0
5670.0,5670.0
5851.0,5851.0
5797.0,5803.0
5821.0,5821.0
5662.0,5662.0
5701.0,5701.0
5935.0,5938.0
5692.0,5698.0
5730.0,5748.0
5875.0,5878.0
5904.0,5931.0
5886.0,5901.0
5572.0,5563.0
5742.0,5763.0
5631.0,5631.0
5617.0,5623.0
5839.0,5848.0
5421.0,5424.0
5662.0,5686.0
5323.0,5323.0
5491.0,5494.0
5611.0,5635.0
5460.0,5463.0
5646.0,5673.0
5461.0,5461.0
5440.0,5446.0
5362.0,5362.0
5383.0,5386.0
5556.0,5571.0
5407.0,5410.0
5632.0,5659.0
5380.0,5389.0
5397.0,5397.0
5614.0,5641.0
5680.0,5689.0
5644.0,5662.0
5598.0,5598.0
5554.0,5560.0
5443.0,5437.0
5692.0,5692.0
5739.0,5766.0
5662.0,5662.0
5763.0,5772.0
5670.0,5676.0
5893.0,5914.0
5739.0,5745.0
5982.0,6003.0
6184.0,6193.0
5803.0,5803.0
5832.0,5847.0
5743.0,5746.0
5881.0,5881.0
5926.0,5935.0
5964.0,5970.0
6052.0,6073.0
5838.0,5838.0
6100.0,6127.0
5770.0,5770.0
5817.0,5814.0
5860.0,5863.0
6066.0,6093.0
5791.0,5782.0
5772.0,5763.0
5832.0,5829.0
5743.0,5746.0
5617.0,5617.0
5851.0,5869.0
5779.0,5785.0
5665.0,5659.0
5553.0,5553.0
5536.0,5536.0
5523.0,5529.0
5671.0,5680.0
5691.0,5694.0
5716.0,5734.0
5737.0,5737.0
5605.0,5614.0
5520.0,5535.0
5559.0,5562.0
5668.0,5692.0
5608.0,5611.0
5587.0,5593.0
5517.0,5511.0
5607.0,5616.0
5700.0,5724.0
5515.0,5509.0
5577.0,5565.0
5631.0,5631.0
5628.0,5628.0
5838.0,5859.0
5731.0,5749.0
5692.0,5692.0
5635.0,5623.0
5799.0,5811.0
5851.0,5857.0
5611.0,5611.0
5790.0,5775.0
5680.0,5677.0
5791.0,5785.0
6043.0,6034.0
5800.0,5800.0
6007.0,6016.0
6096.0,6120.0
5983.0,5986.0
6106.0,6115.0
5982.0,5982.0
5961.0,5958.0
5974.0,5977.0
6039.0,6039.0
6157.0,6181.0
5901.0,5904.0
6076.0,6094.0
5965.0,5953.0
6174.0,6195.0
6027.0,6051.0
5962.0,5965.0
5817.0,5817.0
5742.0,5751.0
5952.0,5952.0
5970.0,5988.0
6037.0,6052.0
5541.0,5541.0
5962.0,5989.0
5718.0,5736.0
5901.0,5910.0
5707.0,5707.0
5490.0,5481.0
5803.0,5806.0
5710.0,5716.0
5700.0,5703.0
5809.0,5827.0
5653.0,5653.0
5772.0,5781.0
5661.0,5661.0
5748.0,5772.0
5835.0,5844.0
5703.0,5703.0
5737.0,5755.0
5718.0,5721.0
5761.0,5767.0
5734.0,5737.0
5790.0,5790.0
6025.0,6043.0
5896.0,5905.0
5794.0,5812.0
5878.0,5878.0
5799.0,5799.0
6028.0,6043.0
6145.0,6172.0
5898.0,5907.0
5902.0,5914.0
6118.0,6118.0
6079.0,6094.0
5943.0,5937.0
5986.0,5983.0
6096.0,6099.0
5941.0,5938.0
6016.0,6016.0
6018.0,6021.0
6310.0,6334.0
6151.0,6154.0
6153.0,6153.0
6135.0,6144.0
6142.0,6151.0
6217.0,6226.0
6094.0,6094.0
6231.0,6240.0
6037.0,6037.0
5863.0,5878.0
6118.0,6130.0
5913.0,5913.0
5842.0,5839.0
5958.0,5952.0
5949.0,5976.0
5767.0,5749.0
5977.0,5995.0
5869.0,5869.0
5896.0,5905.0
5629.0,5635.0
5670.0,5664.0
5694.0,5694.0
5830.0,5836.0
5739.0,5733.0
5752.0,5758.0
5743.0,5743.0
5842.0,5845.0
5569.0,5566.0
5770.0,5764.0
5793.0,5799.0
5836.0,5839.0
5599.0,5590.0
5671.0,5671.0
5575.0,5566.0
5901.0,5910.0
5892.0,5883.0
5985.0,5991.0
6190.0,6217.0
6129.0,6138.0
6208.0,6229.0
6049.0,6055.0
6034.0,6028.0
6121.0,6130.0
6057.0,6063.0
6214.0,6226.0
6099.0,6099.0
6141.0,6150.0
6183.0,6192.0
6237.0,6252.0
6123.0,6126.0
6283.0,6307.0
6175.0,6178.0
6433.0,6442.0
6262.0,6262.0
6111.0,6111.0
6111.0,6111.0
6285.0,6291.0
6067.0,6061.0
6076.0,6076.0
6109.0,6106.0
6232.0,6235.0
6148.0,6172.0
6097.0,6097.0
6148.0,6157.0
5932.0,5935.0
6003.0,6003.0
5967.0,5967.0
5797.0,5806.0
5889.0,5880.0
5941.0,5941.0
5812.0,5812.0
5992.0,6016.0
5899.0,5908.0
5670.0,5670.0
5683.0,5677.0
5937.0,5952.0
5821.0,5824.0
5875.0,5881.0
5782.0,5776.0
5817.0,5832.0
5863.0,5866.0
5835.0,5844.0
5760.0,5748.0
6219.0,6264.0
5956.0,5965.0
5866.0,5887.0
5982.0,5988.0
5881.0,5875.0
6030.0,6036.0
6084.0,6078.0
6088.0,6088.0
6057.0,6039.0
6339.0,6363.0
6237.0,6246.0
6277.0,6289.0
6159.0,6165.0
6295.0,6298.0
6181.0,6181.0
6306.0,6315.0
6253.0,6262.0
6400.0,6409.0
6460.0,6484.0
6190.0,6175.0
6459.0,6483.0
6304.0,6298.0
6250.0,6250.0
6223.0,6223.0
6342.0,6351.0
6282.0,6282.0
6405.0,6432.0
6412.0,6436.0
6349.0,6358.0
6108.0,6102.0
6376.0,6385.0
6004.0,6001.0
6225.0,6228.0
5968.0,5968.0
6259.0,6277.0
5866.0,5863.0
6046.0,6058.0
5937.0,5937.0
6141.0,6159.0
6135.0,6150.0
6136.0,6139.0
6106.0,6124.0
6147.0,6174.0
6022.0,6037.0
6178.0,6196.0
5730.0,5724.0
6102.0,6111.0
5998.0,6016.0
6082.0,6097.0
5853.0,5853.0
5926.0,5929.0
6145.0,6169.0
6123.0,6117.0
6055.0,6061.0
5950.0,5953.0
5973.0,5973.0
6288.0,6312.0
6229.0,6238.0
6168.0,6171.0
6013.0,6010.0
6346.0,6367.0
6121.0,6103.0
6391.0,6406.0
6214.0,6214.0
6280.0,6283.0
6487.0,6496.0
6313.0,6319.0
6211.0,6205.0
6502.0,6520.0
6298.0,6295.0
6502.0,6505.0
6450.0,6459.0
6577.0,6583.0
6463.0,6475.0
6355.0,6364.0
6427.0,6433.0
6360.0,6360.0
6423.0,6435.0
6399.0,6399.0
6325.0,6316.0
6385.0,6385.0
6349.0,6367.0
6294.0,6294.0
6283.0,6292.0
5917.0,5905.0
6240.0,6252.0
6151.0,6142.0
6255.0,6282.0
6103.0,6103.0
6228.0,6246.0
6139.0,6136.0
6133.0,6136.0
5998.0,5989.0
6025.0,6025.0
6007.0,5998.0
6028.0,6028.0
6088.0,6085.0
6124.0,6142.0
6172.0,6175.0
6208.0,6226.0
6091.0,6091.0
6286.0,6313.0
6274.0,6283.0
6060.0,6060.0
6118.0,6118.0
6088.0,6088.0
6073.0,6088.0
6169.0,6172.0
5994.0,5976.0
6297.0,6306.0
6388.0,6397.0
6397.0,6424.0
6463.0,6469.0
6478.0,6499.0
6391.0,6391.0
6148.0,6139.0
6667.0,6694.0
6588.0,6588.0
6292.0,6292.0
6508.0,6526.0
6699.0,6708.0
6547.0,6565.0
6439.0,6439.0
6460.0,6460.0
6619.0,6619.0
6594.0,6603.0
6399.0,6399.0
6805.0,6832.0
6652.0,6661.0
6520.0,6535.0
6427.0,6430.0
6657.0,6666.0
6334.0,6334.0
6580.0,6598.0
6673.0,6691.0
6268.0,6265.0
6403.0,6433.0
6376.0,6376.0
6469.0,6496.0
6505.0,6523.0
6208.0,6208.0
6291.0,6300.0
6211.0,6211.0
6241.0,6247.0
6268.0,6289.0
6316.0,6325.0
6388.0,6415.0
6063.0,6063.0
6289.0,6307.0
6223.0,6223.0
6103.0,6103.0
6106.0,6088.0
6183.0,6201.0
6141.0,6123.0
6219.0,6219.0
6225.0,6243.0
6264.0,6264.0
6306.0,6315.0
6235.0,6253.0
6202.0,6202.0
6492.0,6525.0
6570.0,6579.0
6261.0,6255.0
6397.0,6397.0
6328.0,6325.0
6367.0,6352.0
6586.0,6604.0
6507.0,6522.0
6505.0,6499.0
6484.0,6475.0
6682.0,6709.0
6432.0,6429.0
6619.0,6604.0
6622.0,6637.0
6835.0,6853.0
6742.0,6763.0
6697.0,6697.0
6664.0,6664.0
6559.0,6568.0
6598.0,6589.0
6463.0,6454.0
6685.0,6694.0
6511.0,6517.0
6540.0,6534.0
6606.0,6615.0
6624.0,6624.0
6480.0,6477.0
6625.0,6646.0
6532.0,6538.0
6541.0,6550.0
6483.0,6483.0
6412.0,6406.0
6555.0,6579.0
6309.0,6309.0
6331.0,6334.0
6606.0,6633.0
6333.0,6333.0
6271.0,6271.0
6391.0,6391.0
6219.0,6225.0
6238.0,6238.0
6301.0,6304.0
6300.0,6315.0
6301.0,6310.0
6352.0,6355.0
6229.0,6235.0
6559.0,6580.0
6379.0,6388.0
6391.0,6406.0
6355.0,6358.0
6261.0,6261.0
6508.0,6517.0
6339.0,6336.0
6406.0,6400.0
6684.0,6708.0
6450.0,6453.0
6642.0,6651.0
6651.0,6675.0
6726.0,6729.0
6517.0,6517.0
6685.0,6703.0
6688.0,6697.0
6594.0,6591.0
6679.0,6688.0
6670.0,6673.0
6880.0,6898.0
6676.0,6664.0
6664.0,6658.0
6601.0,6598.0
6873.0,6891.0
6678.0,6681.0
6699.0,6705.0
6817.0,6838.0
6484.0,6466.0
6673.0,6691.0
6714.0,6723.0
6721.0,6721.0
6697.0,6703.0
6529.0,6532.0
6712.0,6712.0
6715.0,6733.0
6502.0,6502.0
6490.0,6490.0
6564.0,6570.0
6504.0,6498.0
6529.0,6538.0
6474.0,6492.0
6451.0,6433.0
6558.0,6576.0
6645.0,6672.0
6430.0,6430.0
6427.0,6436.0
6301.0,6301.0
6474.0,6483.0
6424.0,6439.0
6490.0,6499.0
6438.0,6441.0
6589.0,6613.0
6580.0,6580.0
6588.0,6597.0
6238.0,6232.0
6388.0,6388.0
6510.0,6528.0
6412.0,6400.0
6616.0,6637.0
6622.0,6631.0
6549.0,6540.0
6747.0,6771.0
6685.0,6688.0
6418.0,6397.0
6637.0,6631.0
6688.0,6697.0
6544.0,6541.0
6642.0,6636.0
6676.0,6682.0
6784.0,6787.0
6955.0,6979.0
6835.0,6829.0
6949.0,6964.0
6949.0,6970.0
6931.0,6949.0
6774.0,6765.0
6825.0,6840.0
6828.0,6831.0
6934.0,6940.0
6688.0,6706.0
6817.0,6820.0
6850.0,6859.0
6868.0,6868.0
6826.0,6844.0
6777.0,6786.0
6817.0,6823.0
6876.0,6888.0
6589.0,6595.0
6657.0,6660.0
6519.0,6519.0
6634.0,6643.0
6576.0,6576.0
6544.0,6553.0
6520.0,6526.0
6420.0,6405.0
6597.0,6597.0
6624.0,6639.0
6369.0,6363.0
6663.0,6681.0
6447.0,6447.0
6619.0,6634.0
6501.0,6504.0
6643.0,6652.0
6648.0,6648.0
6394.0,6385.0
6766.0,6775.0
6558.0,6582.0
6519.0,6522.0
6574.0,6574.0
6781.0,6808.0
6639.0,6639.0
6799.0,6808.0
6598.0,6598.0
6703.0,6703.0
6664.0,6664.0
6624.0,6639.0
6838.0,6847.0
6802.0,6805.0
6903.0,6927.0
7087.0,7114.0
6880.0,6889.0
7036.0,7054.0
6847.0,6832.0
6981.0,6999.0
6967.0,6967.0
6913.0,6913.0
6958.0,6958.0
7078.0,7087.0
6952.0,6970.0
6990.0,6996.0
7066.0,7069.0
7126.0,7153.0
6790.0,6790.0
7024.0,7033.0
6940.0,6940.0
6961.0,6979.0
6939.0,6945.0
6877.0,6880.0
6670.0,6661.0
6898.0,6907.0
6754.0,6760.0
6687.0,6699.0
6738.0,6747.0
6808.0,6817.0
6691.0,6706.0
6582.0,6585.0
6717.0,6726.0
6550.0,6550.0
6622.0,6622.0
6642.0,6660.0
6543.0,6540.0
6730.0,6742.0
6769.0,6775.0
6634.0,6646.0
6751.0,6757.0
6556.0,6550.0
6661.0,6676.0
6760.0,6760.0
6757.0,6769.0
6634.0,6643.0
6805.0,6814.0
6709.0,6706.0
6796.0,6799.0
6874.0,6889.0
6943.0,6955.0
6967.0,6985.0
6960.0,6978.0
6949.0,6967.0
6826.0,6826.0
6949.0,6958.0
6837.0,6834.0
7020.0,7014.0
6880.0,6880.0
7038.0,7038.0
7098.0,7107.0
7032.0,7047.0
7095.0,7098.0
6990.0,6996.0
7036.0,7039.0
7099.0,7099.0
6861.0,6858.0
7072.0,7075.0
7159.0,7159.0
6928.0,6919.0
6999.0,7008.0
6976.0,6976.0
7063.0,7069.0
7081.0,7093.0
6801.0,6789.0
6780.0,6774.0
6703.0,6703.0
6771.0,6768.0
6931.0,6940.0
6858.0,6870.0
6877.0,6886.0
6792.0,6792.0
6820.0,6820.0
6778.0,6796.0
6744.0,6744.0
6697.0,6706.0
6847.0,6856.0
6604.0,6604.0
6595.0,6595.0
6751.0,6751.0
6742.0,6742.0
6828.0,6846.0
6621.0,6603.0
6637.0,6652.0
6594.0,6585.0
6693.0,6687.0
6931.0,6949.0
6859.0,6868.0
6924.0,6930.0
6814.0,6826.0
6802.0,6802.0
6886.0,6886.0
6787.0,6769.0
6961.0,6961.0
7105.0,7123.0
6988.0,6988.0
7029.0,7038.0
6994.0,6994.0
7051.0,7060.0
7054.0,7063.0
7168.0,7183.0
7171.0,7174.0
7138.0,7144.0
7093.0,7105.0
7228.0,7228.0
7174.0,7183.0
7240.0,7258.0
7090.0,7081.0
7147.0,7165.0
7257.0,7266.0
7234.0,7249.0
7197.0,7206.0
7086.0,7089.0
6927.0,6927.0
7060.0,7060.0
7180.0,7180.0
6948.0,6966.0
6958.0,6967.0
7054.0,7072.0
7009.0,7018.0
6918.0,6918.0
6997.0,7006.0
7014.0,7029.0
7075.0,7087.0
6990.0,6996.0
6900.0,6912.0
6814.0,6820.0
6927.0,6936.0
6783.0,6777.0
6745.0,6754.0
6838.0,6856.0
6823.0,6823.0
6696.0,6696.0
6892.0,6892.0
6775.0,6784.0
7015.0,7042.0
7018.0,7042.0
6934.0,6943.0
6784.0,6778.0
6988.0,6994.0
6951.0,6954.0
6943.0,6952.0
7324.0,7357.0
6877.0,6877.0
7036.0,7048.0
7135.0,7141.0
7011.0,7005.0
7222.0,7240.0
7096.0,7102.0
7002.0,7002.0
7195.0,7198.0
7126.0,7126.0
7311.0,7329.0
7143.0,7143.0
7345.0,7354.0
7359.0,7368.0
7030.0,7021.0
7354.0,7363.0
7324.0,7333.0
7276.0,7285.0
7489.0,7513.0
7426.0,7435.0
7351.0,7354.0
7219.0,7219.0
7336.0,7354.0
7426.0,7459.0
7102.0,7102.0
7045.0,7030.0
7089.0,7104.0
7291.0,7303.0
7168.0,7183.0
7177.0,7186.0
6913.0,6913.0
7008.0,7008.0
7113.0,7116.0
7216.0,7222.0
7000.0,7000.0
7036.0,7048.0
7132.0,7147.0
6979.0,6982.0
6969.0,6987.0
6988.0,6997.0
7126.0,7144.0
6859.0,6859.0
6903.0,6912.0
6853.0,6853.0
7027.0,7045.0
6988.0,6988.0
6921.0,6909.0
7087.0,7099.0
6876.0,6882.0
7048.0,7051.0
6864.0,6861.0
7032.0,7035.0
7084.0,7075.0
7026.0,7032.0
7210.0,7213.0
7132.0,7132.0
7141.0,7150.0
7117.0,7114.0
7228.0,7231.0
7152.0,7170.0
7456.0,7465.0
7423.0,7441.0
7375.0,7381.0
7327.0,7330.0
7417.0,7423.0
7270.0,7264.0
7351.0,7378.0
7350.0,7347.0
7540.0,7549.0
7467.0,7485.0
7147.0,7123.0
7402.0,7402.0
7390.0,7390.0
7330.0,7336.0
7362.0,7362.0
7297.0,7291.0
7126.0,7126.0
7350.0,7374.0
7309.0,7318.0
7386.0,7389.0
7281.0,7287.0
7162.0,7156.0
7081.0,7099.0
7144.0,7153.0
7012.0,7003.0
7000.0,6982.0
7012.0,7012.0
7123.0,7141.0
7113.0,7110.0
7032.0,7035.0
7360.0,7375.0
6907.0,6901.0
7060.0,7060.0
6798.0,6798.0
6940.0,6940.0
6996.0,7002.0
7095.0,7098.0
7009.0,7018.0
6991.0,6991.0
6823.0,6805.0
7165.0,7183.0
7209.0,7218.0
7162.0,7180.0
7084.0,7090.0
7078.0,7078.0
7054.0,7057.0
7149.0,7146.0
7153.0,7153.0
7429.0,7441.0
7138.0,7138.0
7231.0,7231.0
7449.0,7467.0
7486.0,7492.0
7474.0,7474.0
7450.0,7453.0
7462.0,7468.0
7450.0,7453.0
7435.0,7450.0
7474.0,7477.0
7462.0,7468.0
7377.0,7371.0
7483.0,7483.0
7567.0,7594.0
7447.0,7447.0
7522.0,7528.0
7426.0,7429.0
7432.0,7432.0
7549.0,7567.0
7305.0,7314.0
7171.0,7168.0
7537.0,7546.0
7327.0,7321.0
7098.0,7089.0
7381.0,7390.0
7324.0,7348.0
7173.0,7173.0
7398.0,7419.0
7332.0,7350.0
7270.0,7288.0
7162.0,7162.0
7168.0,7168.0
7032.0,7032.0
7111.0,7093.0
7050.0,7068.0
7129.0,7129.0
7327.0,7360.0
7089.0,7092.0
7345.0,7372.0
7041.0,7038.0
7018.0,7018.0
7206.0,7215.0
7306.0,7336.0
7141.0,7138.0
7269.0,7272.0
7120.0,7120.0
7240.0,7240.0
7302.0,7320.0
7306.0,7321.0
7339.0,7351.0
7375.0,7384.0
7542.0,7551.0
7414.0,7432.0
7480.0,7489.0
7713.0,7737.0
7507.0,7507.0
7567.0,7570.0
7551.0,7557.0
7498.0,7498.0
7489.0,7492.0
7552.0,7561.0
7669.0,7678.0
7695.0,7704.0
7419.0,7419.0
7354.0,7354.0
7687.0,7687.0
7702.0,7726.0
7693.0,7696.0
7624.0,7642.0
7576.0,7585.0
7540.0,7537.0
7471.0,7480.0
7537.0,7558.0
7468.0,7468.0
7609.0,7618.0
7287.0,7305.0
7504.0,7510.0
7381.0,7384.0
7327.0,7327.0
7231.0,7228.0
7383.0,7386.0
7327.0,7327.0
7320.0,7338.0
7318.0,7324.0
7239.0,7248.0
6963.0,6957.0
7267.0,7276.0
7138.0,7138.0
7246.0,7237.0
7153.0,7162.0
7159.0,7150.0
7369.0,7387.0
7446.0,7464.0
7296.0,7314.0
7458.0,7458.0
7596.0,7629.0
7272.0,7266.0
7221.0,7230.0
7477.0,7486.0
7437.0,7452.0
7348.0,7351.0
7321.0,7318.0
7474.0,7477.0
7669.0,7675.0
7447.0,7450.0
7825.0,7843.0
7648.0,7648.0
7600.0,7606.0
7494.0,7488.0
7489.0,7489.0
7804.0,7813.0
7570.0,7576.0
7579.0,7591.0
7600.0,7582.0
7699.0,7699.0
7707.0,7734.0
7806.0,7833.0
7519.0,7510.0
7752.0,7752.0
7702.0,7702.0
7602.0,7602.0
7474.0,7462.0
7576.0,7579.0
7479.0,7479.0
7600.0,7609.0
7606.0,7615.0
7516.0,7513.0
7497.0,7500.0
7264.0,7255.0
7387.0,7387.0
7387.0,7393.0
7345.0,7348.0
7666.0,7684.0
7333.0,7324.0
7288.0,7288.0
7417.0,7432.0
7423.0,7432.0
7495.0,7525.0
7282.0,7282.0
7264.0,7270.0
7378.0,7381.0
7177.0,7186.0
7296.0,7305.0
7384.0,7384.0
7327.0,7318.0
7264.0,7264.0
7389.0,7380.0
7237.0,7219.0
7450.0,7459.0
7348.0,7357.0
7399.0,7390.0
7561.0,7570.0
7438.0,7447.0
7612.0,7627.0
7501.0,7504.0
7699.0,7699.0
7732.0,7750.0
7582.0,7564.0
7848.0,7866.0
7762.0,7771.0
7653.0,7653.0
7792.0,7819.0
7759.0,7756.0
7504.0,7498.0
7978.0,7996.0
7962.0,7989.0
7920.0,7938.0
7836.0,7836.0
7660.0,7648.0
7459.0,7453.0
7708.0,7708.0
7789.0,7795.0
7752.0,7764.0
8031.0,8067.0
7723.0,7723.0
7648.0,7657.0
7822.0,7840.0
7765.0,7774.0
7630.0,7630.0
7512.0,7518.0
7507.0,7525.0
7441.0,7444.0
7609.0,7618.0
7618.0,7636.0
7495.0,7486.0
7630.0,7645.0
7560.0,7581.0
7438.0,7438.0
7506.0,7506.0
7447.0,7447.0
7575.0,7584.0
7447.0,7465.0
7558.0,7567.0
7579.0,7606.0
7408.0,7408.0
7372.0,7372.0
7767.0,7794.0
7567.0,7591.0
7564.0,7567.0
7303.0,7309.0
7384.0,7378.0
7495.0,7504.0
7419.0,7419.0
7510.0,7510.0
7836.0,7860.0
7783.0,7786.0
7521.0,7527.0
7707.0,7707.0
7713.0,7713.0
7729.0,7741.0
7729.0,7717.0
7726.0,7720.0
7591.0,7591.0
7843.0,7843.0
7996.0,8014.0
7792.0,7807.0
8017.0,8020.0
7930.0,7930.0
7852.0,7843.0
8035.0,8044.0
7876.0,7894.0
7981.0,8014.0
8005.0,8017.0
7987.0,8005.0
7909.0,7915.0
7894.0,7888.0
8005.0,8014.0
8008.0,8035.0
7720.0,7711.0
7836.0,7845.0
7870.0,7879.0
7818.0,7836.0
7648.0,7657.0
7720.0,7738.0
7630.0,7630.0
7594.0,7594.0
7437.0,7437.0
7702.0,7702.0
7756.0,7765.0
7633.0,7651.0
7537.0,7537.0
7567.0,7573.0
7560.0,7554.0
7468.0,7474.0
7507.0,7501.0
7317.0,7299.0
7474.0,7483.0
7498.0,7507.0
7557.0,7539.0
7462.0,7459.0
7513.0,7507.0
7491.0,7500.0
7591.0,7609.0
7683.0,7692.0
7662.0,7680.0
7477.0,7477.0
7627.0,7609.0
7777.0,7777.0
7617.0,7617.0
7650.0,7650.0
7866.0,7884.0
8064.0,8073.0
7960.0,7978.0
7986.0,8001.0
7987.0,8008.0
7948.0,7957.0
7987.0,7987.0
7930.0,7930.0
7887.0,7887.0
7816.0,7807.0
8164.0,8179.0
7912.0,7906.0
7894.0,7894.0
8020.0,8020.0
7900.0,7900.0
7830.0,7821.0
7887.0,7887.0
8007.0,8013.0
8131.0,8134.0
7933.0,7933.0
7921.0,7930.0
7858.0,7858.0
7863.0,7863.0
7803.0,7800.0
7840.0,7858.0
7656.0,7650.0
7702.0,7708.0
7929.0,7941.0
7797.0,7821.0
7846.0,7855.0
7831.0,7840.0
7591.0,7582.0
7645.0,7657.0
7687.0,7693.0
7711.0,7714.0
7533.0,7539.0
7570.0,7573.0
7714.0,7738.0
7645.0,7657.0
7467.0,7458.0
7741.0,7759.0
7540.0,7546.0
7528.0,7528.0
7483.0,7483.0
7648.0,7648.0
7896.0,7914.0
7753.0,7756.0
7684.0,7693.0
7738.0,7744.0
7702.0,7696.0
7957.0,7981.0
7942.0,7954.0
7926.0,7935.0
8152.0,8158.0
8052.0,8055.0
7950.0,7950.0
8011.0,8011.0
7866.0,7863.0
8224.0,8233.0
8080.0,8083.0
7987.0,8005.0
8142.0,8151.0
8101.0,8101.0
8011.0,8017.0
8374.0,8401.0
8247.0,8265.0
8214.0,8226.0
8209.0,8233.0
8137.0,8158.0
7735.0,7714.0
8029.0,8023.0
8176.0,8185.0
8076.0,8094.0
7876.0,7876.0
7927.0,7927.0
7930.0,7939.0
8029.0,8035.0
7948.0,7969.0
7900.0,7909.0
7860.0,7857.0
7732.0,7726.0
7842.0,7842.0
7890.0,7896.0
7867.0,7888.0
7602.0,7599.0
7630.0,7615.0
7758.0,7773.0
7777.0,7786.0
7693.0,7696.0
7743.0,7743.0
7987.0,8014.0
7615.0,7621.0
7833.0,7836.0
7609.0,7618.0
7804.0,7819.0
7887.0,7908.0
7819.0,7828.0
7956.0,7956.0
7989.0,8013.0
7981.0,7990.0
8149.0,8176.0
8035.0,8056.0
7963.0,7963.0
7930.0,7930.0
7957.0,7957.0
7906.0,7888.0
8217.0,8235.0
8221.0,8230.0
8053.0,8053.0
8223.0,8250.0
8188.0,8188.0
8071.0,8068.0
8296.0,8308.0
8062.0,8059.0
7978.0,7972.0
8203.0,8212.0
8044.0,8032.0
8202.0,8196.0
8119.0,8110.0
8062.0,8053.0
8188.0,8194.0
8194.0,8221.0
8230.0,8242.0
8083.0,8074.0
8110.0,8110.0
8170.0,8194.0
8188.0,8206.0
8101.0,8104.0
8020.0,8020.0
7954.0,7954.0
7936.0,7942.0
8080.0,8089.0
7978.0,7996.0
7927.0,7930.0
7891.0,7891.0
7924.0,7924.0
7885.0,7909.0
7840.0,7849.0
7827.0,7830.0
7768.0,7768.0
7939.0,7957.0
7810.0,7810.0
7858.0,7855.0
7855.0,7867.0
7945.0,7945.0
7714.0,7723.0
7912.0,7921.0
7813.0,7813.0
8100.0,8109.0
8047.0,8047.0
7957.0,7957.0
7873.0,7873.0
7804.0,7777.0
8032.0,8032.0
8109.0,8127.0
8098.0,8107.0
7960.0,7960.0
8140.0,8149.0
8011.0,8002.0
8157.0,8154.0
8344.0,8356.0
8170.0,8167.0
8293.0,8296.0
8287.0,8305.0
8271.0,8271.0
8251.0,8260.0
8446.0,8473.0
8290.0,8290.0
8164.0,8173.0
8236.0,8245.0
8253.0,8259.0
8286.0,8295.0
8191.0,8191.0
8299.0,8302.0
8260.0,8260.0
8296.0,8314.0
8203.0,8209.0
8140.0,8134.0
8220.0,8226.0
8023.0,8017.0
8149.0,8158.0
8038.0,8038.0
7981.0,7981.0
7897.0,7894.0
8104.0,8107.0
8110.0,8128.0
7861.0,7861.0
7812.0,7794.0
7927.0,7933.0
7795.0,7789.0
7777.0,7777.0
7854.0,7860.0
8026.0,8038.0
7945.0,7951.0
8113.0,8122.0
7996.0,8008.0
7951.0,7951.0
7930.0,7939.0
7707.0,7698.0
7965.0,7974.0
8011.0,8008.0
8266.0,8275.0
7927.0,7927.0
8065.0,8077.0
8176.0,8194.0
8022.0,8022.0
8161.0,8161.0
8197.0,8212.0
8050.0,8053.0
8392.0,8401.0
8257.0,8275.0
8200.0,8200.0
8299.0,8299.0
8329.0,8338.0
8065.0,8047.0
8410.0,8425.0
8580.0,8592.0
8368.0,8377.0
8476.0,8482.0
8608.0,8620.0
8479.0,8497.0
8272.0,8278.0
8479.0,8488.0
8416.0,8428.0
8508.0,8523.0
8368.0,8371.0
8338.0,8338.0
8380.0,8395.0
8289.0,8292.0
8407.0,8416.0
8239.0,8239.0
8212.0,8230.0
8401.0,8410.0
8098.0,8104.0
8251.0,8272.0
7963.0,7963.0
8121.0,8121.0
8088.0,8088.0
8134.0,8152.0
7972.0,7981.0
8071.0,8077.0
8025.0,8043.0
7987.0,7996.0
7818.0,7812.0
7996.0,7996.0
8013.0,8019.0
8167.0,8170.0
8085.0,8085.0
8115.0,8133.0
8254.0,8263.0
8131.0,8158.0
8211.0,8220.0
7936.0,7936.0
8133.0,8130.0
8095.0,8098.0
8134.0,8149.0
8143.0,8128.0
8122.0,8140.0
8257.0,8257.0
8286.0,8292.0
8370.0,8391.0
8299.0,8287.0
8469.0,8487.0
8496.0,8508.0
8140.0,8131.0
8452.0,8461.0
8488.0,8512.0
8070.0,8046.0
8329.0,8320.0
8425.0,8425.0
8404.0,8404.0
8551.0,8548.0
8458.0,8458.0
8398.0,8401.0
8632.0,8641.0
8497.0,8506.0
8500.0,8491.0
8419.0,8428.0
8578.0,8593.0
8419.0,8419.0
8449.0,8452.0
8239.0,8236.0
8350.0,8353.0
8314.0,8329.0
8434.0,8434.0
8299.0,8308.0
8332.0,8335.0
8269.0,8287.0
8347.0,8356.0
8350.0,8374.0
8350.0,8359.0
8257.0,8278.0
8167.0,8167.0
8098.0,8104.0
8167.0,8170.0
8019.0,8037.0
8107.0,8116.0
8307.0,8316.0
8185.0,8185.0
8230.0,8248.0
8260.0,8266.0
8343.0,8346.0
8323.0,8341.0
8149.0,8137.0
8389.0,8416.0
8244.0,8256.0
8398.0,8407.0
8158.0,8158.0
8437.0,8464.0
8565.0,8592.0
8143.0,8125.0
8557.0,8575.0
8581.0,8590.0
8494.0,8512.0
8572.0,8581.0
8569.0,8569.0
8503.0,8530.0
8326.0,8308.0
8620.0,8638.0
8667.0,8694.0
8482.0,8491.0
8601.0,8619.0
8767.0,8782.0
8614.0,8617.0
8706.0,8724.0
8662.0,8671.0
8506.0,8503.0
8374.0,8368.0
8647.0,8653.0
8647.0,8668.0
8445.0,8427.0
8578.0,8596.0
8730.0,8739.0
8497.0,8515.0
8566.0,8575.0
8656.0,8683.0
8413.0,8410.0
8497.0,8500.0
8559.0,8574.0
8521.0,8539.0
8419.0,8422.0
8359.0,8359.0
8440.0,8446.0
8398.0,8410.0
8122.0,8122.0
8419.0,8428.0
8293.0,8302.0
8248.0,8266.0
8151.0,8151.0
8392.0,8398.0
8248.0,8251.0
8377.0,8377.0
8341.0,8359.0
8239.0,8221.0
8173.0,8173.0
8260.0,8260.0
8338.0,8338.0
8251.0,8251.0
8400.0,8400.0
8527.0,8551.0
8389.0,8383.0
8326.0,8308.0
8398.0,8422.0
8631.0,8634.0
8686.0,8686.0
8679.0,8697.0
8500.0,8491.0
8644.0,8653.0
8674.0,8683.0
8800.0,8827.0
8632.0,8632.0
8623.0,8623.0
8743.0,8752.0
8734.0,8743.0
8700.0,8691.0
8611.0,8611.0
8812.0,8830.0
8641.0,8641.0
8737.0,8746.0
8653.0,8671.0
8602.0,8593.0
8620.0,8620.0
8815.0,8833.0
8640.0,8646.0
8701.0,8695.0
8380.0,8380.0
8845.0,8854.0
8521.0,8518.0
8512.0,8515.0
8598.0,8613.0
8367.0,8349.0
8494.0,8494.0
8386.0,8380.0
8397.0,8403.0
8353.0,8347.0
8302.0,8302.0
8418.0,8427.0
8566.0,8584.0
8338.0,8338.0
8536.0,8545.0
8560.0,8587.0
8362.0,8362.0
8340.0,8340.0
8497.0,8506.0
8380.0,8389.0
8518.0,8527.0
8467.0,8491.0
8515.0,8527.0
8559.0,8574.0
8824.0,8854.0
8646.0,8655.0
8323.0,8314.0
8494.0,8503.0
8523.0,8532.0
8671.0,8689.0
8602.0,8602.0
8608.0,8605.0
8658.0,8652.0
8659.0,8668.0
8911.0,8920.0
8809.0,8827.0
8602.0,8584.0
8710.0,8719.0
8896.0,8911.0
8698.0,8692.0
8961.0,8970.0
8620.0,8620.0
8731.0,8737.0
8842.0,8854.0
8881.0,8890.0
8916.0,8922.0
8746.0,8758.0
8887.0,8896.0
8716.0,8725.0
8848.0,8848.0
8803.0,8818.0
8794.0,8797.0
8743.0,8767.0
8760.0,8745.0
8674.0,8692.0
8461.0,8461.0
8548.0,8536.0
8818.0,8845.0
8662.0,8674.0
8656.0,8671.0
8398.0,8398.0
8575.0,8593.0
8551.0,8560.0
8500.0,8503.0
8299.0,8290.0
8443.0,8443.0
8344.0,8335.0
8479.0,8470.0
8359.0,8359.0
8485.0,8503.0
8463.0,8460.0
8515.0,8518.0
8413.0,8413.0
8362.0,8344.0
8440.0,8440.0
8599.0,8599.0
8491.0,8479.0
8572.0,8566.0
8623.0,8638.0
8601.0,8604.0
8608.0,8617.0
8643.0,8634.0
8749.0,8767.0
8743.0,8749.0
8860.0,8863.0
8862.0,8880.0
8869.0,8869.0
8737.0,8737.0
8851.0,8860.0
8941.0,8950.0
8848.0,8848.0
8721.0,8721.0
8761.0,8752.0
9067.0,9094.0
9067.0,9091.0
9001.0,9004.0
8878.0,8878.0
8938.0,8938.0
9115.0,9142.0
8908.0,8908.0
8899.0,8908.0
8940.0,8940.0
8953.0,8962.0
8730.0,8730.0
8851.0,8860.0
8719.0,8710.0
8758.0,8767.0
8797.0,8815.0
8761.0,8779.0
8878.0,8878.0
8731.0,8731.0
8562.0,8562.0
8649.0,8658.0
8458.0,8455.0
8707.0,8710.0
8562.0,8568.0
8824.0,8854.0
8560.0,8575.0
8467.0,8470.0
8353.0,8350.0
8550.0,8553.0
8629.0,8638.0
8686.0,8704.0
8641.0,8647.0
8722.0,8743.0
8554.0,8563.0
8659.0,8668.0
8698.0,8707.0
8827.0,8845.0
8836.0,8854.0
8722.0,8722.0
8728.0,8737.0
8836.0,8854.0
8671.0,8671.0
8689.0,8689.0
8917.0,8926.0
8790.0,8781.0
8683.0,8665.0
8680.0,8677.0
8977.0,8989.0
9001.0,9010.0
8857.0,8857.0
8911.0,8911.0
9070.0,9088.0
8962.0,8980.0
9010.0,9007.0
8956.0,8941.0
8857.0,8848.0
8968.0,8977.0
9058.0,9067.0
8908.0,8890.0
8803.0,8803.0
9097.0,9106.0
9091.0,9106.0
9036.0,9039.0
8845.0,8845.0
8866.0,8866.0
8824.0,8833.0
8916.0,8931.0
9025.0,9037.0
8920.0,8920.0
8842.0,8842.0
8698.0,8698.0
8671.0,8677.0
8788.0,8800.0
8740.0,8749.0
8743.0,8749.0
8761.0,8773.0
8827.0,8827.0
8527.0,8527.0
8737.0,8752.0
8811.0,8841.0
8658.0,8658.0
8734.0,8740.0
8683.0,8683.0
8821.0,8833.0
8781.0,8790.0
8746.0,8746.0
8761.0,8770.0
8848.0,8866.0
8773.0,8764.0
8758.0,8749.0
8847.0,8862.0
8752.0,8755.0
8992.0,8992.0
8779.0,8788.0
8938.0,8956.0
8839.0,8839.0
8965.0,8965.0
9103.0,9130.0
9019.0,9037.0
9247.0,9265.0
9214.0,9223.0
8923.0,8923.0
9226.0,9253.0
9118.0,9118.0
9094.0,9100.0
9202.0,9214.0
8983.0,8989.0
9139.0,9151.0
9202.0,9220.0
9103.0,9103.0
9076.0,9085.0
9238.0,9265.0
9190.0,9190.0
9088.0,9088.0
9082.0,9082.0
9076.0,9094.0
9040.0,9049.0
8995.0,9004.0
8992.0,9001.0
8911.0,8902.0
8806.0,8797.0
8911.0,8920.0
8908.0,8923.0
9034.0,9046.0
8659.0,8656.0
8839.0,8842.0
8880.0,8898.0
8917.0,8917.0
8995.0,9004.0
8863.0,8887.0
8791.0,8794.0
8629.0,8620.0
8812.0,8821.0
8866.0,8866.0
8950.0,8968.0
8863.0,8872.0
8629.0,8611.0
8929.0,8947.0
8749.0,8749.0
8839.0,8839.0
8821.0,8821.0
9031.0,9040.0
8836.0,8836.0
8947.0,8965.0
8893.0,8881.0
8863.0,8875.0
9028.0,9028.0
9088.0,9097.0
9049.0,9067.0
9108.0,9108.0
9031.0,9031.0
9093.0,9075.0
9055.0,9046.0
9106.0,9115.0
9082.0,9082.0
9295.0,9295.0
9319.0,9337.0
9160.0,9160.0
9136.0,9145.0
9313.0,9322.0
9199.0,9199.0
9142.0,9142.0
9241.0,9259.0
9331.0,9331.0
9069.0,9060.0
9127.0,9136.0
9070.0,9070.0
9112.0,9112.0
8980.0,8977.0
9055.0,9058.0
9250.0,9259.0
9043.0,9049.0
8965.0,8977.0
9355.0,9382.0
9070.0,9079.0
8881.0,8872.0
9046.0,9064.0
8983.0,9001.0
8890.0,8890.0
8818.0,8809.0
8719.0,8701.0
8848.0,8848.0
8731.0,8731.0
8782.0,8782.0
8922.0,8931.0
8863.0,8863.0
8800.0,8791.0
8842.0,8842.0
8833.0,8842.0
8974.0,8974.0
8961.0,8979.0
8986.0,8995.0
9100.0,9118.0
9067.0,9067.0
8947.0,8956.0
8998.0,8998.0
9055.0,9064.0
9091.0,9109.0
9166.0,9166.0
9196.0,9205.0
9238.0,9256.0
9340.0,9349.0
9148.0,9148.0
9280.0,9298.0
9208.0,9217.0
9237.0,9237.0
9208.0,9226.0
9286.0,9277.0
9391.0,9400.0
9273.0,9282.0
9400.0,9409.0
9280.0,9280.0
9325.0,9334.0
9283.0,9292.0
9532.0,9541.0
9352.0,9352.0
9232.0,9250.0
9271.0,9280.0
9211.0,9211.0
9262.0,9280.0
9301.0,9316.0
9214.0,9217.0
9184.0,9184.0
9381.0,9399.0
9250.0,9277.0
9130.0,9112.0
9118.0,9118.0
9025.0,9031.0
8880.0,8874.0
8980.0,8980.0
9004.0,9004.0
8962.0,8980.0
8896.0,8905.0
8952.0,8952.0
8932.0,8950.0
9060.0,9069.0
8917.0,8917.0
8938.0,8947.0
9097.0,9115.0
8860.0,8860.0
9094.0,9103.0
9172.0,9190.0
9097.0,9106.0
8914.0,8905.0
9064.0,9064.0
9184.0,9193.0
9325.0,9349.0
9208.0,9217.0
9337.0,9358.0
9142.0,9142.0
9123.0,9123.0
9328.0,9328.0
9144.0,9144.0
9507.0,9516.0
9199.0,9199.0
9334.0,9334.0
9397.0,9415.0
9228.0,9228.0
9364.0,9373.0
9376.0,9376.0
9490.0,9496.0
9619.0,9640.0
9421.0,9421.0
9568.0,9586.0
9318.0,9318.0
9418.0,9427.0
9457.0,9457.0
9403.0,9403.0
9457.0,9466.0
9250.0,9250.0
9526.0,9544.0
9112.0,9100.0
9331.0,9340.0
9331.0,9334.0
9133.0,9133.0
9502.0,9502.0
9031.0,9019.0
9214.0,9226.0
9214.0,9214.0
9091.0,9097.0
9199.0,9220.0
9217.0,9226.0
9193.0,9202.0
9100.0,9115.0
9259.0,9271.0
9301.0,9328.0
9040.0,9040.0
9133.0,9139.0
9166.0,9187.0
9052.0,9052.0
8959.0,8959.0
9118.0,9127.0
9001.0,8992.0
9118.0,9118.0
9331.0,9340.0
9147.0,9165.0
9139.0,9145.0
9232.0,9235.0
9301.0,9301.0
9379.0,9379.0
9229.0,9229.0
9274.0,9280.0
9520.0,9541.0
9202.0,9202.0
9460.0,9478.0
9484.0,9484.0
9442.0,9451.0
9508.0,9517.0
9568.0,9586.0
9499.0,9508.0
9658.0,9676.0
9592.0,9601.0
9628.0,9637.0
9598.0,9598.0
9522.0,9531.0
9640.0,9646.0
9472.0,9475.0
9670.0,9679.0
9460.0,9460.0
9319.0,9319.0
9582.0,9600.0
9541.0,9550.0
9577.0,9577.0
9376.0,9394.0
9439.0,9448.0
9502.0,9508.0
9502.0,9523.0
9349.0,9346.0
9379.0,9391.0
9427.0,9445.0
9331.0,9340.0
9243.0,9243.0
9151.0,9151.0
9208.0,9208.0
9427.0,9445.0
9238.0,9247.0
9190.0,9181.0
9099.0,9081.0
9106.0,9115.0
9280.0,9289.0
9172.0,9172.0
9268.0,9277.0
9088.0,9097.0
9091.0,9091.0
9178.0,9196.0
9316.0,9322.0
9229.0,9223.0
9454.0,9472.0
9481.0,9499.0
9331.0,9331.0
9427.0,9445.0
9268.0,9250.0
9232.0,9232.0
9241.0,9241.0
9592.0,9601.0
9685.0,9712.0
9613.0,9628.0
9529.0,9532.0
9676.0,9685.0
9529.0,9529.0
9790.0,9808.0
9628.0,9628.0
9607.0,9607.0
9658.0,9658.0
9592.0,9592.0
9580.0,9580.0
9571.0,9571.0
9583.0,9583.0
9688.0,9697.0
9493.0,9484.0
9727.0,9745.0
9688.0,9706.0
9562.0,9562.0
9667.0,9676.0
9688.0,9697.0
9556.0,9565.0
9766.0,9784.0
9460.0,9460.0
9667.0,9676.0
9490.0,9499.0
9370.0,9370.0
9541.0,9541.0
9499.0,9517.0
9346.0,9346.0
9454.0,9472.0
9253.0,9262.0
9439.0,9439.0
9331.0,9331.0
9259.0,9268.0
9340.0,9349.0
9406.0,9424.0
9289.0,9289.0
9442.0,9451.0
9208.0,9208.0
9319.0,9337.0
9456.0,9474.0
9571.0,9598.0
9214.0,9205.0
9298.0,9298.0
9241.0,9232.0
9349.0,9340.0
9274.0,9274.0
9289.0,9280.0
9553.0,9571.0
9358.0,9367.0
9541.0,9550.0
9502.0,9502.0
9652.0,9652.0
9610.0,9610.0
9616.0,9616.0
9649.0,9649.0
9781.0,9799.0
9703.0,9703.0
9583.0,9574.0
9712.0,9721.0
9739.0,9739.0
9781.0,9790.0
9697.0,9706.0
9829.0,9847.0
9820.0,9829.0
9769.0,9778.0
9676.0,9685.0
9892.0,9901.0
9790.0,9790.0
9667.0,9685.0
9778.0,9778.0
9610.0,9610.0
9688.0,9688.0
9511.0,9493.0
9640.0,9658.0
9559.0,9559.0
9460.0,9451.0
9748.0,9766.0
9481.0,9481.0
9493.0,9493.0
9589.0,9607.0
9538.0,9538.0
9556.0,9574.0
9445.0,9445.0
9451.0,9460.0
9387.0,9396.0
9502.0,9511.0
9280.0,9271.0
9274.0,9274.0
9250.0,9241.0
9514.0,9523.0
9436.0,9445.0
9400.0,9400.0
9382.0,9373.0
9460.0,9469.0
9562.0,9580.0
9391.0,9400.0
9418.0,9418.0
9658.0,9685.0
9541.0,9559.0
9409.0,9391.0
9700.0,9727.0
9616.0,9616.0
9757.0,9775.0
9721.0,9730.0
9589.0,9589.0
9712.0,9712.0
10018.0,10045.0
9730.0,9712.0
9814.0,9832.0
9760.0,9769.0
9886.0,9886.0
9912.0,9930.0
9892.0,9901.0
9907.0,9916.0
9880.0,9880.0
9883.0,9892.0
9871.0,9880.0
9907.0,9916.0
9763.0,9754.0
9624.0,9615.0
9808.0,9817.0
9754.0,9754.0
9880.0,9889.0
9592.0,9592.0
9778.0,9796.0
9553.0,9535.0
9628.0,9646.0
9568.0,9568.0
9571.0,9559.0
9685.0,9697.0
9553.0,9562.0
9649.0,9649.0
9661.0,9661.0
9529.0,9529.0
9640.0,9658.0
9451.0,9451.0
9421.0,9421.0
9427.0,9427.0
9625.0,9643.0
9526.0,9544.0
9646.0,9664.0
9550.0,9559.0
9442.0,9442.0
9388.0,9388.0
9673.0,9682.0
9589.0,9595.0
9571.0,9574.0
9658.0,9676.0
9259.0,9250.0
9628.0,9628.0
9769.0,9778.0
9526.0,9526.0
9793.0,9802.0
9723.0,9732.0
9793.0,9799.0
9781.0,9784.0
9838.0,9847.0
9988.0,10006.0
9814.0,9796.0
9772.0,9772.0
9976.0,9994.0
9928.0,9937.0
9754.0,9745.0
9985.0,9994.0
10042.0,10042.0
9790.0,9790.0
9931.0,9931.0
9991.0,9997.0
9961.0,9973.0
9970.0,9970.0
9760.0,9760.0
10150.0,10186.0
10039.0,10048.0
9886.0,9886.0
9820.0,9820.0
9748.0,9766.0
9727.0,9709.0
9838.0,9865.0
9790.0,9790.0
9652.0,9661.0
9787.0,9805.0
9763.0,9763.0
9772.0,9781.0
9712.0,9721.0
9907.0,9916.0
9766.0,9781.0
9529.0,9523.0
9652.0,9670.0
9928.0,9955.0
9760.0,9778.0
9430.0,9421.0
9706.0,9715.0
9445.0,9436.0
9760.0,9769.0
9550.0,9550.0
9727.0,9754.0
9640.0,9640.0
9817.0,9826.0
9718.0,9727.0
9793.0,9802.0
9679.0,9706.0
9676.0,9676.0
9753.0,9753.0
9985.0,10012.0
9730.0,9730.0
9937.0,9946.0
9838.0,9838.0
10147.0,10165.0
9883.0,9892.0
9976.0,9976.0
10096.0,10105.0
9817.0,9826.0
9850.0,9832.0
10117.0,10135.0
9958.0,9967.0
9952.0,9952.0
9949.0,9949.0
9946.0,9946.0
10108.0,10117.0
10060.0,10069.0
10117.0,10126.0
9970.0,9970.0
9967.0,9976.0
9952.0,9943.0
9937.0,9937.0
10057.0,10063.0
10075.0,10096.0
9916.0,9916.0
10039.0,10057.0
9976.0,9985.0
10057.0,10075.0
9931.0,9949.0
9814.0,9814.0
10048.0,10057.0
9970.0,9988.0
9792.0,9792.0
9949.0,9958.0
9850.0,9850.0
9949.0,9976.0
9790.0,9799.0
9619.0,9601.0
9730.0,9730.0
9933.0,9960.0
9727.0,9727.0
9859.0,9877.0
9838.0,9856.0
9790.0,9799.0
9937.0,9946.0
9649.0,9649.0
9901.0,9910.0
9961.0,9970.0
9739.0,9739.0
9730.0,9730.0
9955.0,9973.0
9772.0,9772.0
9838.0,9829.0
10144.0,10171.0
10117.0,10126.0
10036.0,10045.0
10249.0,10258.0
10021.0,10021.0
9979.0,9979.0
10090.0,10090.0
10057.0,10075.0
10156.0,10174.0
10186.0,10195.0
10087.0,10096.0
10237.0,10246.0
10387.0,10414.0
10309.0,10336.0
10267.0,10267.0
10135.0,10144.0
10060.0,10051.0
10297.0,10324.0
10198.0,10207.0
10189.0,10207.0
10210.0,10219.0
10300.0,10318.0
10048.0,10048.0
10177.0,10186.0
10003.0,10003.0
10210.0,10228.0
10093.0,10093.0
9931.0,9931.0
10177.0,10195.0
10168.0,10186.0
9802.0,9784.0
9817.0,9817.0
9859.0,9856.0
9859.0,9862.0
9952.0,9952.0
9910.0,9910.0
9892.0,9910.0
9928.0,9937.0
10075.0,10093.0
9862.0,9862.0
10012.0,10021.0
10069.0,10087.0
9799.0,9799.0
9877.0,9868.0
9988.0,10006.0
9772.0,9772.0
9892.0,9892.0
9892.0,9892.0
9895.0,9904.0
9940.0,9940.0
10039.0,10057.0
10207.0,10234.0
10048.0,10030.0
9958.0,9958.0
10039.0,10039.0
10213.0,10207.0
9961.0,9958.0
10078.0,10087.0
10198.0,10198.0
9991.0,9991.0
10255.0,10255.0
10171.0,10171.0
10117.0,10117.0
10021.0,10012.0
10330.0,10330.0
10264.0,10264.0
10351.0,10351.0
10603.0,10630.0
10090.0,10099.0
10510.0,10519.0
10291.0,10291.0
10318.0,10336.0
10129.0,10120.0
10498.0,10507.0
10177.0,10186.0
10207.0,10207.0
10291.0,10309.0
10360.0,10369.0
10078.0,10078.0
9913.0,9913.0
10048.0,10039.0
9949.0,9931.0
10225.0,10252.0
10036.0,10054.0
10057.0,10066.0
9931.0,9931.0
9961.0,9961.0
9892.0,9892.0
9793.0,9793.0
10018.0,10018.0
10198.0,10207.0
10000.0,10009.0
9814.0,9796.0
9883.0,9880.0
9877.0,9880.0
9904.0,9904.0
9931.0,9931.0
9751.0,9751.0
10012.0,10012.0
10102.0,10111.0
10021.0,10039.0
10171.0,10180.0
10030.0,10030.0
9943.0,9931.0
10009.0,10003.0
10108.0,10117.0
10126.0,10126.0
10063.0,10063.0
9937.0,9937.0
10339.0,10348.0
10321.0,10321.0
10270.0,10297.0
10258.0,10258.0
10486.0,10504.0
10273.0,10282.0
10318.0,10327.0
10402.0,10411.0
10192.0,10183.0
10282.0,10282.0
10468.0,10459.0
10399.0,10426.0
10183.0,10156.0
10357.0,10357.0
10378.0,10387.0
10321.0,10330.0
10471.0,10471.0
10516.0,10534.0
10252.0,10252.0
10360.0,10360.0
10300.0,10300.0
10249.0,10267.0
10375.0,10393.0
10213.0,10231.0
10231.0,10240.0
10123.0,10123.0
10102.0,10102.0
10051.0,10051.0
10111.0,10129.0
10066.0,10066.0
9847.0,9847.0
9949.0,9958.0
9970.0,9961.0
9931.0,9913.0
9991.0,9991.0
9907.0,9925.0
9949.0,9949.0
10162.0,10171.0
10132.0,10150.0
10012.0,10021.0
10015.0,10024.0
10180.0,10189.0
9922.0,9913.0
10132.0,10141.0
10090.0,10081.0
10033.0,10033.0
10102.0,10111.0
10327.0,10345.0
10168.0,10168.0
10351.0,10369.0
10348.0,10357.0
10369.0,10396.0
10429.0,10438.0
10417.0,10426.0
10339.0,10348.0
10474.0,10477.0
10492.0,10498.0
10681.0,10699.0
10339.0,10339.0
10378.0,10378.0
10696.0,10732.0
10600.0,10618.0
10441.0,10432.0
10438.0,10447.0
10600.0,10618.0
10429.0,10429.0
10429.0,10447.0
10726.0,10735.0
10462.0,10462.0
10321.0,10312.0
10576.0,10603.0
10462.0,10462.0
10423.0,10432.0
10291.0,10291.0
10207.0,10198.0
10249.0,10249.0
10270.0,10279.0
10261.0,10261.0
10264.0,10282.0
10171.0,10180.0
10240.0,10240.0
9862.0,9853.0
10160.0,10178.0
10171.0,10189.0
9898.0,9880.0
10147.0,10165.0
10090.0,10099.0
10201.0,10219.0
10189.0,10198.0
10153.0,10153.0
9958.0,9949.0
10249.0,10258.0
10225.0,10243.0
10087.0,10087.0
10333.0,10351.0
10273.0,10282.0
10378.0,10396.0
10183.0,10183.0
10099.0,10099.0
10585.0,10603.0
10252.0,10261.0
10507.0,10507.0
10408.0,10417.0
10412.0,10421.0
10648.0,10657.0
10609.0,10618.0
10603.0,10621.0
10432.0,10432.0
10480.0,10480.0
10498.0,10480.0
10750.0,10777.0
10624.0,10642.0
10414.0,10396.0
10501.0,10492.0
10600.0,10609.0
10711.0,10729.0
10504.0,10504.0
10585.0,10585.0
10558.0,10567.0
10600.0,10591.0
10480.0,10483.0
10720.0,10744.0
10294.0,10276.0
10303.0,10294.0
10441.0,10441.0
10516.0,10525.0
10391.0,10409.0
10447.0,10456.0
10282.0,10282.0
10237.0,10237.0
10477.0,10486.0
10360.0,10378.0
10144.0,10135.0
10405.0,10441.0
10345.0,10354.0
10300.0,10300.0
10300.0,10327.0
10411.0,10429.0
10480.0,10498.0
10222.0,10222.0
10042.0,10033.0
10219.0,10228.0
10567.0,10594.0
10124.0,10124.0
10375.0,10384.0
10258.0,10267.0
10318.0,10318.0
10276.0,10276.0
10252.0,10243.0
10301.0,10310.0
10339.0,10348.0
10462.0,10462.0
10648.0,10669.0
10687.0,10693.0
10531.0,10540.0
10780.0,10807.0
10621.0,10612.0
10486.0,10486.0
10645.0,10645.0
10573.0,10582.0
10669.0,10672.0
10510.0,10516.0
10780.0,10780.0
10735.0,10744.0
10690.0,10699.0
10666.0,10684.0
10708.0,10717.0
10621.0,10612.0
10828.0,10846.0
10762.0,10774.0
10603.0,10609.0
10702.0,10702.0
10591.0,10600.0
10622.0,10613.0
10738.0,10765.0
10531.0,10540.0
10651.0,10669.0
10516.0,10516.0
10666.0,10675.0
10597.0,10606.0
10483.0,10501.0
10471.0,10480.0
10459.0,10459.0
10558.0,10576.0
10210.0,10210.0
10339.0,10330.0
10261.0,10255.0
10090.0,10087.0
10327.0,10327.0
10270.0,10261.0
10186.0,10168.0
10252.0,10252.0
10267.0,10285.0
10348.0,10351.0
10339.0,10318.0
10390.0,10417.0
10279.0,10270.0
10435.0,10444.0
10618.0,10636.0
10402.0,10411.0
10339.0,10339.0
10372.0,10381.0
10559.0,10577.0
10642.0,10642.0
10672.0,10675.0
10723.0,10729.0
10660.0,10660.0
10471.0,10462.0
10735.0,10735.0
10756.0,10783.0
10720.0,10720.0
10663.0,10663.0
10549.0,10549.0
10750.0,10759.0
10732.0,10732.0
10834.0,10834.0
10810.0,10819.0
10615.0,10606.0
10921.0,10939.0
10738.0,10747.0
10789.0,10789.0
10798.0,10798.0
10759.0,10768.0
10876.0,10885.0
10909.0,10927.0
10753.0,10753.0
10612.0,10612.0
10720.0,10738.0
10720.0,10720.0
10543.0,10543.0
10651.0,10651.0
10669.0,10669.0
10468.0,10468.0
10699.0,10708.0
10450.0,10450.0
10459.0,10459.0
10450.0,10468.0
10636.0,10645.0
10396.0,10405.0
10426.0,10444.0
10339.0,10339.0
10510.0,10528.0
10330.0,10339.0
10456.0,10465.0
10522.0,10540.0
10531.0,10540.0
10369.0,10369.0
10498.0,10507.0
10339.0,10339.0
10468.0,10468.0
10640.0,10640.0
10498.0,10510.0
10630.0,10645.0
10765.0,10792.0
10384.0,10375.0
10693.0,10693.0
10708.0,10708.0
10642.0,10642.0
10717.0,10717.0
10732.0,10741.0
10681.0,10681.0
10669.0,10669.0
10819.0,10819.0
10927.0,10945.0
10699.0,10708.0
10822.0,10822.0
10768.0,10768.0
11050.0,11068.0
10960.0,10969.0
10768.0,10777.0
10979.0,10979.0
10600.0,10591.0
10741.0,10741.0
10897.0,10906.0
10811.0,10811.0
10840.0,10840.0
10969.0,10969.0
10783.0,10783.0
10648.0,10648.0
10741.0,10741.0
10793.0,10811.0
10906.0,10915.0
10849.0,10867.0
10627.0,10627.0
10750.0,10759.0
10432.0,10423.0
10579.0,10588.0
10657.0,10666.0
10780.0,10798.0
10549.0,10549.0
10660.0,10669.0
10756.0,10774.0
10570.0,10579.0
10579.0,10588.0
10451.0,10460.0
10402.0,10402.0
10708.0,10717.0
10612.0,10612.0
10678.0,10705.0
10804.0,10813.0
10618.0,10636.0
10771.0,10789.0
10870.0,10888.0
10681.0,10681.0
10636.0,10636.0
10669.0,10669.0
10816.0,10843.0
10726.0,10726.0
10891.0,10900.0
10837.0,10855.0
10783.0,10783.0
10690.0,10690.0
10799.0,10799.0
10823.0,10832.0
11182.0,11209.0
10960.0,10960.0
10957.0,10966.0
11128.0,11149.0
10936.0,10942.0
10999.0,10999.0
11167.0,11185.0
11020.0,11029.0
11056.0,11056.0
10870.0,10891.0
11089.0,11113.0
11089.0,11098.0
10849.0,10849.0
11026.0,11035.0
11215.0,11233.0
10981.0,10990.0
10996.0,11017.0
10888.0,10894.0
10792.0,10792.0
10789.0,10789.0
10952.0,10952.0
10861.0,10879.0
10939.0,10948.0
10858.0,10885.0
10711.0,10714.0
10627.0,10624.0
10712.0,10712.0
10684.0,10693.0
10766.0,10766.0
10663.0,10663.0
10663.0,10663.0
10858.0,10876.0
10642.0,10651.0
10495.0,10504.0
10759.0,10759.0
10810.0,10828.0
10411.0,10393.0
10633.0,10624.0
10795.0,10804.0
10771.0,10771.0
10741.0,10732.0
10639.0,10639.0
10879.0,10888.0
10780.0,10789.0
10790.0,10790.0
10909.0,10918.0
10822.0,10822.0
11059.0,11068.0
11029.0,11047.0
10828.0,10837.0
11011.0,11014.0
11009.0,11024.0
11150.0,11150.0
10901.0,10901.0
11092.0,11101.0
11239.0,11239.0
10939.0,10939.0
11194.0,11203.0
11018.0,11009.0
11251.0,11269.0
11128.0,11137.0
11134.0,11143.0
11227.0,11230.0
11155.0,11170.0
11167.0,11176.0
10795.0,10786.0
11059.0,11044.0
10930.0,10927.0
11011.0,11011.0
10862.0,10862.0
11083.0,11104.0
11008.0,11017.0
11020.0,11026.0
10909.0,10909.0
11002.0,11011.0
10828.0,10828.0
10948.0,10957.0
10915.0,10936.0
10843.0,10849.0
10711.0,10711.0
10897.0,10906.0
10702.0,10702.0
10855.0,10873.0
10558.0,10534.0
10591.0,10588.0
10678.0,10687.0
10687.0,10687.0
10789.0,10789.0
10705.0,10723.0
10915.0,10924.0
10790.0,10790.0
10828.0,10831.0
10681.0,10678.0
10897.0,10915.0
10819.0,10819.0
10828.0,10828.0
10948.0,10957.0
10774.0,10765.0
11008.0,11017.0
10840.0,10831.0
11008.0,11008.0
10879.0,10879.0
11177.0,11186.0
11311.0,11332.0
11131.0,11128.0
11215.0,11233.0
11131.0,11809.0
11233.0,11360.0
11020.0,11030.0
11131.0,11146.0
11182.0,11196.0
11029.0,10964.0
11062.0,11101.0
11251.0,11195.0
11122.0,11057.0
11233.0,11218.0
11236.0,11269.0
11050.0,10981.0
11128.0,11151.0
11161.0,11080.0
11161.0,11172.0
11089.0,10963.0
11269.0,11235.0
11131.0,11053.0
11002.0,10983.0
10951.0,10795.0
10939.0,10898.0
11080.0,11050.0
10930.0,10845.0
10807.0,10691.0
11059.0,11050.0
10831.0,10692.0
10921.0,10963.0
10978.0,10894.0
10747.0,10694.0
10771.0,10877.0
10906.0,10857.0
10849.0,10875.0
10912.0,10954.0
10732.0,10640.0
11027.0,11149.0
11053.0,11160.0
10921.0,10872.0
10813.0,10861.0
10987.0,11128.0
10831.0,10773.0
10903.0,11055.0
10918.0,10938.0
11023.0,11116.0
11137.0,11266.0
11029.0,11102.0
11200.0,11337.0
11198.0,11327.0
10993.0,11043.0
11272.0,11305.0
11051.0,11094.0
