id,inv,demand,forecast,received_shipment,order,Order_Supplier_0,Forecast_Retailer_0,Forecast_Retailer_1,Demand_Retailer_0,Demand_Retailer_1
0.0,0.0,999.0,999.0,0.0,2997.0,2997.0,699.0,300.0,699.0,300.0
0.0,0.0,1020.0,1009.0,2997.0,2049.0,2049.0,706.0,303.0,714.0,306.0
0.0,978.0,69.0,696.0,2049.0,0.0,0.0,486.0,210.0,46.0,23.0
0.0,2958.0,383.0,618.0,0.0,0.0,0.0,432.0,186.0,270.0,113.0
0.0,2575.0,376.0,569.0,0.0,0.0,0.0,398.0,171.0,263.0,113.0
0.0,2199.0,359.0,534.0,0.0,0.0,0.0,374.0,160.0,251.0,108.0
0.0,1840.0,343.0,507.0,0.0,24.0,24.0,355.0,152.0,239.0,104.0
0.0,1497.0,321.0,483.0,24.0,249.0,249.0,338.0,145.0,225.0,96.0
0.0,1200.0,302.0,463.0,249.0,242.0,242.0,324.0,139.0,213.0,89.0
0.0,1147.0,299.0,447.0,242.0,251.0,251.0,313.0,134.0,210.0,89.0
0.0,1090.0,295.0,433.0,251.0,253.0,253.0,303.0,130.0,206.0,89.0
0.0,1046.0,310.0,423.0,253.0,280.0,280.0,296.0,127.0,216.0,94.0
0.0,989.0,320.0,416.0,280.0,299.0,299.0,291.0,125.0,225.0,95.0
0.0,949.0,342.0,410.0,299.0,324.0,324.0,287.0,123.0,239.0,103.0
0.0,906.0,364.0,407.0,324.0,355.0,355.0,285.0,122.0,254.0,110.0
0.0,866.0,376.0,404.0,355.0,367.0,367.0,283.0,121.0,265.0,111.0
0.0,845.0,383.0,403.0,367.0,380.0,380.0,282.0,121.0,267.0,116.0
0.0,829.0,382.0,403.0,380.0,382.0,382.0,282.0,121.0,266.0,116.0
0.0,827.0,370.0,400.0,382.0,361.0,361.0,280.0,120.0,260.0,110.0
0.0,839.0,354.0,399.0,361.0,351.0,351.0,279.0,120.0,248.0,106.0
0.0,846.0,339.0,396.0,351.0,330.0,330.0,277.0,119.0,237.0,102.0
0.0,858.0,326.0,393.0,330.0,317.0,317.0,275.0,118.0,228.0,98.0
0.0,862.0,311.0,389.0,317.0,299.0,299.0,272.0,117.0,219.0,92.0
0.0,868.0,313.0,386.0,299.0,304.0,304.0,270.0,116.0,218.0,95.0
0.0,854.0,319.0,383.0,304.0,310.0,310.0,268.0,115.0,222.0,97.0
0.0,839.0,334.0,381.0,310.0,328.0,328.0,267.0,114.0,234.0,100.0
0.0,815.0,350.0,380.0,328.0,347.0,347.0,266.0,114.0,245.0,105.0
0.0,793.0,370.0,380.0,347.0,370.0,370.0,266.0,114.0,260.0,110.0
0.0,770.0,382.0,380.0,370.0,382.0,382.0,266.0,114.0,268.0,114.0
0.0,758.0,392.0,380.0,382.0,392.0,392.0,266.0,114.0,273.0,119.0
0.0,748.0,387.0,380.0,392.0,387.0,387.0,266.0,114.0,272.0,115.0
0.0,753.0,376.0,380.0,387.0,376.0,376.0,266.0,114.0,263.0,113.0
0.0,764.0,366.0,380.0,376.0,366.0,366.0,266.0,114.0,257.0,109.0
0.0,774.0,347.0,379.0,366.0,344.0,344.0,265.0,114.0,243.0,104.0
0.0,793.0,331.0,377.0,344.0,325.0,325.0,264.0,113.0,231.0,100.0
0.0,806.0,326.0,376.0,325.0,323.0,323.0,263.0,113.0,228.0,98.0
0.0,805.0,321.0,374.0,323.0,315.0,315.0,262.0,112.0,224.0,97.0
0.0,807.0,330.0,373.0,315.0,327.0,327.0,261.0,112.0,231.0,99.0
0.0,792.0,343.0,373.0,327.0,343.0,343.0,261.0,112.0,240.0,103.0
0.0,776.0,359.0,372.0,343.0,356.0,356.0,260.0,112.0,251.0,108.0
0.0,760.0,379.0,373.0,356.0,382.0,382.0,261.0,112.0,266.0,113.0
0.0,737.0,391.0,373.0,382.0,391.0,391.0,261.0,112.0,275.0,116.0
0.0,728.0,397.0,373.0,391.0,397.0,397.0,261.0,112.0,276.0,121.0
0.0,722.0,396.0,374.0,397.0,399.0,399.0,262.0,112.0,278.0,118.0
0.0,723.0,387.0,374.0,399.0,387.0,387.0,262.0,112.0,272.0,115.0
0.0,735.0,371.0,374.0,387.0,371.0,371.0,262.0,112.0,260.0,111.0
0.0,751.0,356.0,374.0,371.0,356.0,356.0,262.0,112.0,249.0,107.0
0.0,766.0,343.0,373.0,356.0,340.0,340.0,261.0,112.0,240.0,103.0
0.0,779.0,334.0,373.0,340.0,334.0,334.0,261.0,112.0,234.0,100.0
0.0,785.0,330.0,371.0,334.0,324.0,324.0,260.0,111.0,230.0,100.0
0.0,789.0,339.0,371.0,324.0,339.0,339.0,260.0,111.0,237.0,102.0
0.0,774.0,352.0,370.0,339.0,349.0,349.0,259.0,111.0,246.0,106.0
0.0,761.0,371.0,359.0,349.0,338.0,338.0,251.0,108.0,261.0,110.0
0.0,739.0,387.0,346.0,338.0,348.0,348.0,242.0,104.0,269.0,118.0
0.0,690.0,400.0,353.0,348.0,421.0,421.0,247.0,106.0,281.0,119.0
0.0,638.0,403.0,353.0,421.0,403.0,403.0,247.0,106.0,282.0,121.0
0.0,656.0,405.0,353.0,403.0,405.0,405.0,247.0,106.0,284.0,121.0
0.0,654.0,393.0,354.0,405.0,396.0,396.0,248.0,106.0,275.0,118.0
0.0,666.0,380.0,354.0,396.0,380.0,380.0,248.0,106.0,266.0,114.0
0.0,682.0,370.0,356.0,380.0,376.0,376.0,249.0,107.0,258.0,112.0
0.0,692.0,351.0,357.0,376.0,354.0,354.0,250.0,107.0,246.0,105.0
0.0,717.0,346.0,357.0,354.0,346.0,346.0,250.0,107.0,243.0,103.0
0.0,725.0,341.0,359.0,346.0,347.0,347.0,251.0,108.0,239.0,102.0
0.0,730.0,351.0,360.0,347.0,354.0,354.0,252.0,108.0,247.0,104.0
0.0,726.0,363.0,360.0,354.0,363.0,363.0,252.0,108.0,252.0,111.0
0.0,717.0,380.0,361.0,363.0,383.0,383.0,253.0,108.0,267.0,113.0
0.0,700.0,393.0,361.0,383.0,393.0,393.0,253.0,108.0,275.0,118.0
0.0,690.0,409.0,362.0,393.0,412.0,412.0,253.0,109.0,287.0,122.0
0.0,674.0,411.0,363.0,412.0,414.0,414.0,254.0,109.0,288.0,123.0
0.0,675.0,416.0,363.0,414.0,416.0,416.0,254.0,109.0,290.0,126.0
0.0,673.0,402.0,364.0,416.0,405.0,405.0,255.0,109.0,281.0,121.0
0.0,687.0,389.0,364.0,405.0,389.0,389.0,255.0,109.0,272.0,117.0
0.0,703.0,376.0,366.0,389.0,382.0,382.0,256.0,110.0,264.0,112.0
0.0,716.0,360.0,366.0,382.0,360.0,360.0,256.0,110.0,252.0,108.0
0.0,738.0,357.0,367.0,360.0,360.0,360.0,257.0,110.0,249.0,108.0
0.0,741.0,350.0,367.0,360.0,350.0,350.0,257.0,110.0,245.0,105.0
0.0,751.0,360.0,368.0,350.0,363.0,363.0,258.0,110.0,253.0,107.0
0.0,741.0,369.0,369.0,363.0,372.0,372.0,258.0,111.0,258.0,111.0
0.0,735.0,389.0,370.0,372.0,392.0,392.0,259.0,111.0,273.0,116.0
0.0,718.0,404.0,370.0,392.0,404.0,404.0,259.0,111.0,281.0,123.0
0.0,706.0,417.0,371.0,404.0,420.0,420.0,260.0,111.0,293.0,124.0
0.0,693.0,420.0,371.0,420.0,420.0,420.0,260.0,111.0,294.0,126.0
0.0,693.0,422.0,373.0,420.0,428.0,428.0,261.0,112.0,296.0,126.0
0.0,691.0,410.0,373.0,428.0,410.0,410.0,261.0,112.0,287.0,123.0
0.0,709.0,403.0,374.0,410.0,406.0,406.0,262.0,112.0,281.0,122.0
0.0,716.0,382.0,374.0,406.0,382.0,382.0,262.0,112.0,267.0,115.0
0.0,740.0,369.0,376.0,382.0,375.0,375.0,263.0,113.0,258.0,111.0
0.0,753.0,363.0,376.0,375.0,363.0,363.0,263.0,113.0,255.0,108.0
0.0,765.0,359.0,377.0,363.0,362.0,362.0,264.0,113.0,251.0,108.0
0.0,769.0,372.0,377.0,362.0,372.0,372.0,264.0,113.0,259.0,113.0
0.0,759.0,378.0,378.0,372.0,381.0,381.0,265.0,113.0,265.0,113.0
0.0,753.0,397.0,379.0,381.0,400.0,400.0,265.0,114.0,279.0,118.0
0.0,737.0,410.0,380.0,400.0,413.0,413.0,266.0,114.0,287.0,123.0
0.0,727.0,426.0,380.0,413.0,426.0,426.0,266.0,114.0,299.0,127.0
0.0,714.0,432.0,380.0,426.0,432.0,432.0,266.0,114.0,300.0,132.0
0.0,708.0,431.0,381.0,432.0,434.0,434.0,267.0,114.0,303.0,128.0
0.0,709.0,419.0,382.0,434.0,422.0,422.0,267.0,115.0,293.0,126.0
0.0,724.0,409.0,383.0,422.0,412.0,412.0,268.0,115.0,287.0,122.0
0.0,737.0,390.0,383.0,412.0,390.0,390.0,268.0,115.0,273.0,117.0
0.0,759.0,383.0,384.0,390.0,386.0,386.0,269.0,115.0,267.0,116.0
0.0,766.0,369.0,384.0,386.0,369.0,369.0,269.0,115.0,258.0,111.0
0.0,783.0,367.0,386.0,369.0,373.0,373.0,270.0,116.0,257.0,110.0
0.0,785.0,377.0,386.0,373.0,377.0,377.0,270.0,116.0,265.0,112.0
0.0,781.0,387.0,387.0,377.0,390.0,390.0,271.0,116.0,271.0,116.0
0.0,771.0,409.0,387.0,390.0,409.0,409.0,271.0,116.0,285.0,124.0
0.0,752.0,419.0,388.0,409.0,422.0,422.0,272.0,116.0,293.0,126.0
0.0,742.0,434.0,389.0,422.0,437.0,437.0,272.0,117.0,305.0,129.0
0.0,730.0,437.0,390.0,437.0,440.0,440.0,273.0,117.0,306.0,131.0
0.0,730.0,440.0,390.0,440.0,440.0,440.0,273.0,117.0,309.0,131.0
0.0,730.0,431.0,391.0,440.0,434.0,434.0,274.0,117.0,300.0,131.0
0.0,739.0,417.0,392.0,434.0,420.0,420.0,274.0,118.0,293.0,124.0
0.0,756.0,399.0,393.0,420.0,402.0,402.0,275.0,118.0,279.0,120.0
0.0,777.0,389.0,393.0,402.0,389.0,389.0,275.0,118.0,273.0,116.0
0.0,790.0,377.0,393.0,389.0,377.0,377.0,275.0,118.0,264.0,113.0
0.0,802.0,382.0,394.0,377.0,385.0,385.0,276.0,118.0,266.0,116.0
0.0,797.0,383.0,395.0,385.0,386.0,386.0,276.0,119.0,268.0,115.0
0.0,799.0,399.0,396.0,386.0,402.0,402.0,277.0,119.0,280.0,119.0
0.0,786.0,411.0,396.0,402.0,411.0,411.0,277.0,119.0,288.0,123.0
0.0,777.0,427.0,397.0,411.0,430.0,430.0,278.0,119.0,299.0,128.0
0.0,761.0,446.0,397.0,430.0,446.0,446.0,278.0,119.0,311.0,135.0
0.0,745.0,446.0,399.0,446.0,452.0,452.0,279.0,120.0,312.0,134.0
0.0,745.0,449.0,399.0,452.0,449.0,449.0,279.0,120.0,315.0,134.0
0.0,748.0,437.0,400.0,449.0,440.0,440.0,280.0,120.0,306.0,131.0
0.0,760.0,429.0,400.0,440.0,429.0,429.0,280.0,120.0,299.0,130.0
0.0,771.0,408.0,401.0,429.0,411.0,411.0,281.0,120.0,286.0,122.0
0.0,792.0,397.0,402.0,411.0,400.0,400.0,281.0,121.0,279.0,118.0
0.0,806.0,386.0,403.0,400.0,389.0,389.0,282.0,121.0,270.0,116.0
0.0,820.0,387.0,403.0,389.0,387.0,387.0,282.0,121.0,272.0,115.0
0.0,822.0,391.0,403.0,387.0,391.0,391.0,282.0,121.0,274.0,117.0
0.0,818.0,410.0,404.0,391.0,413.0,413.0,283.0,121.0,286.0,124.0
0.0,799.0,420.0,405.0,413.0,423.0,423.0,283.0,122.0,294.0,126.0
0.0,792.0,436.0,406.0,423.0,439.0,439.0,284.0,122.0,305.0,131.0
0.0,779.0,452.0,406.0,439.0,452.0,452.0,284.0,122.0,317.0,135.0
0.0,766.0,454.0,407.0,452.0,457.0,457.0,285.0,122.0,318.0,136.0
0.0,764.0,460.0,407.0,457.0,460.0,460.0,285.0,122.0,321.0,139.0
0.0,761.0,446.0,409.0,460.0,452.0,452.0,286.0,123.0,312.0,134.0
0.0,775.0,435.0,409.0,452.0,435.0,435.0,286.0,123.0,305.0,130.0
0.0,792.0,417.0,410.0,435.0,420.0,420.0,287.0,123.0,292.0,125.0
0.0,810.0,406.0,410.0,420.0,406.0,406.0,287.0,123.0,285.0,121.0
0.0,824.0,397.0,411.0,406.0,400.0,400.0,288.0,123.0,276.0,121.0
0.0,833.0,397.0,412.0,400.0,400.0,400.0,288.0,124.0,279.0,118.0
0.0,836.0,400.0,413.0,400.0,403.0,403.0,289.0,124.0,280.0,120.0
0.0,836.0,416.0,413.0,403.0,416.0,416.0,289.0,124.0,292.0,124.0
0.0,823.0,429.0,414.0,416.0,432.0,432.0,290.0,124.0,300.0,129.0
0.0,810.0,450.0,414.0,432.0,450.0,450.0,290.0,124.0,314.0,136.0
0.0,792.0,457.0,414.0,450.0,457.0,457.0,290.0,124.0,320.0,137.0
0.0,785.0,467.0,416.0,457.0,473.0,473.0,291.0,125.0,328.0,139.0
0.0,775.0,463.0,416.0,473.0,463.0,463.0,291.0,125.0,324.0,139.0
0.0,785.0,454.0,417.0,463.0,457.0,457.0,292.0,125.0,318.0,136.0
0.0,794.0,446.0,417.0,457.0,446.0,446.0,292.0,125.0,311.0,135.0
0.0,805.0,426.0,419.0,446.0,432.0,432.0,293.0,126.0,298.0,128.0
0.0,825.0,415.0,419.0,432.0,415.0,415.0,293.0,126.0,291.0,124.0
0.0,842.0,403.0,420.0,415.0,406.0,406.0,294.0,126.0,282.0,121.0
0.0,854.0,406.0,420.0,406.0,406.0,406.0,294.0,126.0,285.0,121.0
0.0,854.0,412.0,421.0,406.0,415.0,415.0,295.0,126.0,286.0,126.0
0.0,848.0,424.0,422.0,415.0,427.0,427.0,295.0,127.0,298.0,126.0
0.0,839.0,437.0,423.0,427.0,440.0,440.0,296.0,127.0,306.0,131.0
0.0,829.0,456.0,423.0,440.0,456.0,456.0,296.0,127.0,320.0,136.0
0.0,813.0,466.0,423.0,456.0,466.0,466.0,296.0,127.0,326.0,140.0
0.0,803.0,479.0,424.0,466.0,482.0,482.0,297.0,127.0,334.0,145.0
0.0,790.0,471.0,425.0,482.0,474.0,474.0,297.0,128.0,330.0,141.0
0.0,801.0,466.0,426.0,474.0,469.0,469.0,298.0,128.0,327.0,139.0
0.0,809.0,449.0,426.0,469.0,449.0,449.0,298.0,128.0,314.0,135.0
0.0,829.0,437.0,427.0,449.0,440.0,440.0,299.0,128.0,304.0,133.0
0.0,841.0,423.0,427.0,440.0,423.0,423.0,299.0,128.0,297.0,126.0
0.0,858.0,412.0,429.0,423.0,418.0,418.0,300.0,129.0,288.0,124.0
0.0,869.0,414.0,429.0,418.0,414.0,414.0,300.0,129.0,291.0,123.0
0.0,873.0,417.0,430.0,414.0,420.0,420.0,301.0,129.0,292.0,125.0
0.0,870.0,433.0,430.0,420.0,433.0,433.0,301.0,129.0,304.0,129.0
0.0,857.0,449.0,431.0,433.0,452.0,452.0,302.0,129.0,312.0,137.0
0.0,841.0,465.0,432.0,452.0,468.0,468.0,302.0,130.0,326.0,139.0
0.0,828.0,474.0,433.0,468.0,477.0,477.0,303.0,130.0,332.0,142.0
0.0,822.0,484.0,433.0,477.0,484.0,484.0,303.0,130.0,340.0,144.0
0.0,815.0,480.0,434.0,484.0,483.0,483.0,304.0,130.0,336.0,144.0
0.0,819.0,477.0,434.0,483.0,477.0,477.0,304.0,130.0,333.0,144.0
0.0,825.0,458.0,434.0,477.0,458.0,458.0,304.0,130.0,321.0,137.0
0.0,844.0,446.0,436.0,458.0,452.0,452.0,305.0,131.0,313.0,133.0
0.0,856.0,429.0,436.0,452.0,429.0,429.0,305.0,131.0,300.0,129.0
0.0,879.0,420.0,437.0,429.0,423.0,423.0,306.0,131.0,294.0,126.0
0.0,888.0,426.0,437.0,423.0,426.0,426.0,306.0,131.0,297.0,129.0
0.0,885.0,426.0,439.0,426.0,432.0,432.0,307.0,132.0,298.0,128.0
0.0,885.0,442.0,439.0,432.0,442.0,442.0,307.0,132.0,310.0,132.0
0.0,875.0,454.0,440.0,442.0,457.0,457.0,308.0,132.0,318.0,136.0
0.0,863.0,476.0,440.0,457.0,476.0,476.0,308.0,132.0,332.0,144.0
0.0,844.0,483.0,441.0,476.0,486.0,486.0,309.0,132.0,338.0,145.0
0.0,837.0,493.0,442.0,486.0,496.0,496.0,309.0,133.0,346.0,147.0
0.0,830.0,489.0,443.0,496.0,492.0,492.0,310.0,133.0,342.0,147.0
0.0,837.0,483.0,443.0,492.0,483.0,483.0,310.0,133.0,339.0,144.0
0.0,846.0,467.0,443.0,483.0,467.0,467.0,310.0,133.0,327.0,140.0
0.0,862.0,457.0,444.0,467.0,460.0,460.0,311.0,133.0,319.0,138.0
0.0,872.0,438.0,445.0,460.0,441.0,441.0,311.0,134.0,307.0,131.0
0.0,894.0,432.0,446.0,441.0,435.0,435.0,312.0,134.0,303.0,129.0
0.0,903.0,428.0,446.0,435.0,428.0,428.0,312.0,134.0,300.0,128.0
0.0,910.0,434.0,447.0,428.0,437.0,437.0,313.0,134.0,304.0,130.0
0.0,904.0,453.0,447.0,437.0,453.0,453.0,313.0,134.0,316.0,137.0
0.0,888.0,463.0,448.0,453.0,466.0,466.0,314.0,134.0,324.0,139.0
0.0,878.0,482.0,449.0,466.0,485.0,485.0,314.0,135.0,338.0,144.0
0.0,862.0,492.0,450.0,485.0,495.0,495.0,315.0,135.0,344.0,148.0
0.0,855.0,501.0,450.0,495.0,501.0,501.0,315.0,135.0,352.0,149.0
0.0,849.0,500.0,451.0,501.0,503.0,503.0,316.0,135.0,348.0,152.0
0.0,850.0,492.0,452.0,503.0,495.0,495.0,316.0,136.0,345.0,147.0
0.0,861.0,476.0,453.0,495.0,479.0,479.0,317.0,136.0,333.0,143.0
0.0,880.0,463.0,453.0,479.0,463.0,463.0,317.0,136.0,325.0,138.0
0.0,896.0,447.0,453.0,463.0,447.0,447.0,317.0,136.0,313.0,134.0
0.0,912.0,444.0,454.0,447.0,447.0,447.0,318.0,136.0,310.0,134.0
0.0,915.0,437.0,454.0,447.0,437.0,437.0,318.0,136.0,306.0,131.0
0.0,925.0,446.0,456.0,437.0,452.0,452.0,319.0,137.0,313.0,133.0
0.0,916.0,456.0,456.0,452.0,456.0,456.0,319.0,137.0,319.0,137.0
0.0,912.0,472.0,457.0,456.0,475.0,475.0,320.0,137.0,330.0,142.0
0.0,896.0,494.0,457.0,475.0,494.0,494.0,320.0,137.0,345.0,149.0
0.0,877.0,500.0,459.0,494.0,506.0,506.0,321.0,138.0,350.0,150.0
0.0,871.0,510.0,459.0,506.0,510.0,510.0,321.0,138.0,358.0,152.0
0.0,867.0,506.0,460.0,510.0,509.0,509.0,322.0,138.0,354.0,152.0
0.0,871.0,500.0,460.0,509.0,500.0,500.0,322.0,138.0,351.0,149.0
0.0,880.0,487.0,461.0,500.0,490.0,490.0,323.0,138.0,339.0,148.0
0.0,893.0,472.0,461.0,490.0,472.0,472.0,323.0,138.0,331.0,141.0
0.0,911.0,456.0,463.0,472.0,462.0,462.0,324.0,139.0,319.0,137.0
0.0,927.0,450.0,463.0,462.0,450.0,450.0,324.0,139.0,316.0,134.0
0.0,939.0,446.0,463.0,450.0,446.0,446.0,324.0,139.0,312.0,134.0
0.0,943.0,458.0,464.0,446.0,461.0,461.0,325.0,139.0,319.0,139.0
0.0,931.0,464.0,465.0,461.0,467.0,467.0,325.0,140.0,325.0,139.0
0.0,928.0,480.0,466.0,467.0,483.0,483.0,326.0,140.0,336.0,144.0
0.0,915.0,500.0,466.0,483.0,500.0,500.0,326.0,140.0,351.0,149.0
0.0,898.0,509.0,467.0,500.0,512.0,512.0,327.0,140.0,356.0,153.0
0.0,889.0,522.0,467.0,512.0,522.0,522.0,327.0,140.0,364.0,158.0
0.0,879.0,514.0,469.0,522.0,520.0,520.0,328.0,141.0,360.0,154.0
0.0,887.0,509.0,469.0,520.0,509.0,509.0,328.0,141.0,357.0,152.0
0.0,898.0,493.0,470.0,509.0,496.0,496.0,329.0,141.0,345.0,148.0
0.0,914.0,480.0,470.0,496.0,480.0,480.0,329.0,141.0,337.0,143.0
0.0,930.0,467.0,471.0,480.0,470.0,470.0,330.0,141.0,325.0,142.0
0.0,943.0,459.0,472.0,470.0,462.0,462.0,330.0,142.0,322.0,137.0
0.0,954.0,454.0,473.0,462.0,457.0,457.0,331.0,142.0,318.0,136.0
0.0,962.0,463.0,473.0,457.0,463.0,463.0,331.0,142.0,325.0,138.0
0.0,956.0,473.0,473.0,463.0,473.0,473.0,331.0,142.0,331.0,142.0
0.0,946.0,495.0,474.0,473.0,498.0,498.0,332.0,142.0,345.0,150.0
0.0,924.0,506.0,474.0,498.0,506.0,506.0,332.0,142.0,354.0,152.0
0.0,916.0,521.0,476.0,506.0,527.0,527.0,333.0,143.0,366.0,155.0
0.0,901.0,524.0,476.0,527.0,524.0,524.0,333.0,143.0,367.0,157.0
0.0,904.0,523.0,477.0,524.0,526.0,526.0,334.0,143.0,366.0,157.0
0.0,905.0,520.0,477.0,526.0,520.0,520.0,334.0,143.0,363.0,157.0
0.0,911.0,501.0,479.0,520.0,507.0,507.0,335.0,144.0,351.0,150.0
0.0,930.0,489.0,479.0,507.0,489.0,489.0,335.0,144.0,343.0,146.0
0.0,948.0,473.0,480.0,489.0,476.0,476.0,336.0,144.0,331.0,142.0
0.0,964.0,467.0,480.0,476.0,467.0,467.0,336.0,144.0,328.0,139.0
0.0,973.0,466.0,481.0,467.0,469.0,469.0,337.0,144.0,324.0,142.0
0.0,974.0,472.0,482.0,469.0,475.0,475.0,337.0,145.0,331.0,141.0
0.0,971.0,482.0,483.0,475.0,485.0,485.0,338.0,145.0,337.0,145.0
0.0,964.0,501.0,483.0,485.0,501.0,501.0,338.0,145.0,352.0,149.0
0.0,948.0,514.0,483.0,501.0,514.0,514.0,338.0,145.0,360.0,154.0
0.0,935.0,533.0,484.0,514.0,536.0,536.0,339.0,145.0,372.0,161.0
0.0,916.0,533.0,485.0,536.0,536.0,536.0,339.0,146.0,373.0,160.0
0.0,919.0,535.0,486.0,536.0,538.0,538.0,340.0,146.0,375.0,160.0
0.0,920.0,523.0,486.0,538.0,523.0,523.0,340.0,146.0,366.0,157.0
0.0,935.0,513.0,487.0,523.0,516.0,516.0,341.0,146.0,357.0,156.0
0.0,945.0,497.0,487.0,516.0,497.0,497.0,341.0,146.0,349.0,148.0
0.0,964.0,481.0,489.0,497.0,487.0,487.0,342.0,147.0,337.0,144.0
0.0,980.0,476.0,489.0,487.0,476.0,476.0,342.0,147.0,334.0,142.0
0.0,991.0,471.0,490.0,476.0,474.0,474.0,343.0,147.0,330.0,141.0
0.0,996.0,481.0,490.0,474.0,481.0,481.0,343.0,147.0,338.0,143.0
0.0,989.0,493.0,491.0,481.0,496.0,496.0,344.0,147.0,343.0,150.0
0.0,977.0,510.0,492.0,496.0,513.0,513.0,344.0,148.0,358.0,152.0
0.0,963.0,523.0,493.0,513.0,526.0,526.0,345.0,148.0,366.0,157.0
0.0,953.0,539.0,493.0,526.0,539.0,539.0,345.0,148.0,378.0,161.0
0.0,940.0,541.0,494.0,539.0,544.0,544.0,346.0,148.0,379.0,162.0
0.0,938.0,546.0,494.0,544.0,546.0,546.0,346.0,148.0,381.0,165.0
0.0,936.0,532.0,495.0,546.0,535.0,535.0,346.0,149.0,372.0,160.0
0.0,950.0,522.0,496.0,535.0,525.0,525.0,347.0,149.0,366.0,156.0
0.0,963.0,503.0,496.0,525.0,503.0,503.0,347.0,149.0,352.0,151.0
0.0,985.0,490.0,497.0,503.0,493.0,493.0,348.0,149.0,343.0,147.0
0.0,998.0,487.0,497.0,493.0,487.0,487.0,348.0,149.0,340.0,147.0
0.0,1004.0,480.0,499.0,487.0,486.0,486.0,349.0,150.0,336.0,144.0
0.0,1011.0,490.0,499.0,486.0,490.0,490.0,349.0,150.0,344.0,146.0
0.0,1007.0,499.0,500.0,490.0,502.0,502.0,350.0,150.0,349.0,150.0
0.0,998.0,519.0,500.0,502.0,519.0,519.0,350.0,150.0,364.0,155.0
0.0,981.0,534.0,501.0,519.0,537.0,537.0,351.0,150.0,372.0,162.0
0.0,966.0,547.0,501.0,537.0,547.0,547.0,351.0,150.0,384.0,163.0
0.0,956.0,550.0,503.0,547.0,556.0,556.0,352.0,151.0,385.0,165.0
0.0,953.0,552.0,503.0,556.0,552.0,552.0,352.0,151.0,387.0,165.0
0.0,957.0,540.0,503.0,552.0,540.0,540.0,352.0,151.0,378.0,162.0
0.0,969.0,533.0,504.0,540.0,536.0,536.0,353.0,151.0,372.0,161.0
0.0,976.0,512.0,505.0,536.0,515.0,515.0,353.0,152.0,358.0,154.0
0.0,1000.0,499.0,506.0,515.0,502.0,502.0,354.0,152.0,349.0,150.0
0.0,1016.0,493.0,506.0,502.0,493.0,493.0,354.0,152.0,346.0,147.0
0.0,1025.0,489.0,507.0,493.0,492.0,492.0,355.0,152.0,342.0,147.0
0.0,1029.0,502.0,507.0,492.0,502.0,502.0,355.0,152.0,350.0,152.0
0.0,1019.0,508.0,509.0,502.0,514.0,514.0,356.0,153.0,356.0,152.0
0.0,1013.0,527.0,509.0,514.0,527.0,527.0,356.0,153.0,370.0,157.0
0.0,1000.0,540.0,510.0,527.0,543.0,543.0,357.0,153.0,378.0,162.0
0.0,987.0,556.0,510.0,543.0,556.0,556.0,357.0,153.0,390.0,166.0
0.0,974.0,562.0,511.0,556.0,565.0,565.0,358.0,153.0,391.0,171.0
0.0,968.0,561.0,512.0,565.0,564.0,564.0,358.0,154.0,394.0,167.0
0.0,972.0,549.0,513.0,564.0,552.0,552.0,359.0,154.0,384.0,165.0
0.0,987.0,539.0,513.0,552.0,539.0,539.0,359.0,154.0,378.0,161.0
0.0,1000.0,523.0,513.0,539.0,523.0,523.0,359.0,154.0,364.0,159.0
0.0,1016.0,510.0,514.0,523.0,513.0,513.0,360.0,154.0,358.0,152.0
0.0,1029.0,499.0,515.0,513.0,502.0,502.0,360.0,155.0,349.0,150.0
0.0,1043.0,497.0,516.0,502.0,500.0,500.0,361.0,155.0,348.0,149.0
0.0,1048.0,507.0,516.0,500.0,507.0,507.0,361.0,155.0,356.0,151.0
0.0,1041.0,517.0,517.0,507.0,520.0,520.0,362.0,155.0,362.0,155.0
0.0,1031.0,539.0,517.0,520.0,539.0,539.0,362.0,155.0,376.0,163.0
0.0,1012.0,549.0,519.0,539.0,555.0,555.0,363.0,156.0,384.0,165.0
0.0,1002.0,564.0,519.0,555.0,564.0,564.0,363.0,156.0,396.0,168.0
0.0,993.0,567.0,520.0,564.0,570.0,570.0,364.0,156.0,397.0,170.0
0.0,990.0,570.0,520.0,570.0,570.0,570.0,364.0,156.0,400.0,170.0
0.0,990.0,561.0,521.0,570.0,564.0,564.0,365.0,156.0,391.0,170.0
0.0,999.0,547.0,521.0,564.0,547.0,547.0,365.0,156.0,384.0,163.0
0.0,1016.0,529.0,523.0,547.0,535.0,535.0,366.0,157.0,370.0,159.0
0.0,1034.0,519.0,523.0,535.0,519.0,519.0,366.0,157.0,364.0,155.0
0.0,1050.0,507.0,523.0,519.0,507.0,507.0,366.0,157.0,355.0,152.0
0.0,1062.0,512.0,524.0,507.0,515.0,515.0,367.0,157.0,357.0,155.0
0.0,1057.0,513.0,525.0,515.0,516.0,516.0,367.0,158.0,359.0,154.0
0.0,1059.0,526.0,526.0,516.0,529.0,529.0,368.0,158.0,368.0,158.0
0.0,1049.0,544.0,526.0,529.0,544.0,544.0,368.0,158.0,382.0,162.0
0.0,1034.0,560.0,527.0,544.0,563.0,563.0,369.0,158.0,390.0,170.0
0.0,1018.0,573.0,527.0,563.0,573.0,573.0,369.0,158.0,402.0,171.0
0.0,1008.0,576.0,529.0,573.0,582.0,582.0,370.0,159.0,403.0,173.0
0.0,1005.0,579.0,529.0,582.0,579.0,579.0,370.0,159.0,406.0,173.0
0.0,1008.0,567.0,530.0,579.0,570.0,570.0,371.0,159.0,397.0,170.0
0.0,1020.0,556.0,530.0,570.0,556.0,556.0,371.0,159.0,390.0,166.0
0.0,1034.0,541.0,531.0,556.0,544.0,544.0,372.0,159.0,377.0,164.0
0.0,1049.0,527.0,532.0,544.0,530.0,530.0,372.0,160.0,370.0,157.0
0.0,1066.0,516.0,533.0,530.0,519.0,519.0,373.0,160.0,361.0,155.0
0.0,1080.0,517.0,533.0,519.0,517.0,517.0,373.0,160.0,363.0,154.0
0.0,1082.0,521.0,533.0,517.0,521.0,521.0,373.0,160.0,365.0,156.0
0.0,1078.0,540.0,534.0,521.0,543.0,543.0,374.0,160.0,377.0,163.0
0.0,1059.0,550.0,534.0,543.0,550.0,550.0,374.0,160.0,385.0,165.0
0.0,1052.0,569.0,536.0,550.0,575.0,575.0,375.0,161.0,399.0,170.0
0.0,1033.0,579.0,536.0,575.0,579.0,579.0,375.0,161.0,405.0,174.0
0.0,1029.0,584.0,537.0,579.0,587.0,587.0,376.0,161.0,409.0,175.0
0.0,1024.0,590.0,537.0,587.0,590.0,590.0,376.0,161.0,412.0,178.0
0.0,1021.0,576.0,539.0,590.0,582.0,582.0,377.0,162.0,403.0,173.0
0.0,1035.0,565.0,539.0,582.0,565.0,565.0,377.0,162.0,396.0,169.0
0.0,1052.0,547.0,540.0,565.0,550.0,550.0,378.0,162.0,383.0,164.0
0.0,1070.0,536.0,540.0,550.0,536.0,536.0,378.0,162.0,376.0,160.0
0.0,1084.0,527.0,541.0,536.0,530.0,530.0,379.0,162.0,367.0,160.0
0.0,1093.0,526.0,541.0,530.0,526.0,526.0,379.0,162.0,369.0,157.0
0.0,1097.0,530.0,543.0,526.0,536.0,536.0,380.0,163.0,371.0,159.0
0.0,1093.0,546.0,543.0,536.0,546.0,546.0,380.0,163.0,383.0,163.0
0.0,1083.0,559.0,543.0,546.0,559.0,559.0,380.0,163.0,391.0,168.0
0.0,1070.0,580.0,544.0,559.0,583.0,583.0,381.0,163.0,405.0,175.0
0.0,1049.0,587.0,545.0,583.0,590.0,590.0,381.0,164.0,411.0,176.0
0.0,1045.0,593.0,546.0,590.0,596.0,596.0,382.0,164.0,415.0,178.0
0.0,1042.0,596.0,546.0,596.0,596.0,596.0,382.0,164.0,418.0,178.0
0.0,1042.0,584.0,547.0,596.0,587.0,587.0,383.0,164.0,409.0,175.0
0.0,1054.0,576.0,547.0,587.0,576.0,576.0,383.0,164.0,402.0,174.0
0.0,1065.0,556.0,548.0,576.0,559.0,559.0,384.0,164.0,389.0,167.0
0.0,1085.0,545.0,549.0,559.0,548.0,548.0,384.0,165.0,382.0,163.0
0.0,1099.0,533.0,550.0,548.0,536.0,536.0,385.0,165.0,373.0,160.0
0.0,1114.0,536.0,550.0,536.0,536.0,536.0,385.0,165.0,376.0,160.0
0.0,1114.0,542.0,551.0,536.0,545.0,545.0,386.0,165.0,377.0,165.0
0.0,1108.0,554.0,552.0,545.0,557.0,557.0,386.0,166.0,389.0,165.0
0.0,1099.0,567.0,553.0,557.0,570.0,570.0,387.0,166.0,397.0,170.0
0.0,1089.0,586.0,553.0,570.0,586.0,586.0,387.0,166.0,411.0,175.0
0.0,1073.0,596.0,553.0,586.0,596.0,596.0,387.0,166.0,417.0,179.0
0.0,1063.0,609.0,554.0,596.0,612.0,612.0,388.0,166.0,425.0,184.0
0.0,1050.0,601.0,555.0,612.0,604.0,604.0,388.0,167.0,421.0,180.0
0.0,1061.0,593.0,556.0,604.0,596.0,596.0,389.0,167.0,415.0,178.0
0.0,1072.0,582.0,556.0,596.0,582.0,582.0,389.0,167.0,408.0,174.0
0.0,1086.0,564.0,557.0,582.0,567.0,567.0,390.0,167.0,395.0,169.0
0.0,1104.0,556.0,557.0,567.0,556.0,556.0,390.0,167.0,388.0,168.0
0.0,1115.0,542.0,559.0,556.0,548.0,548.0,391.0,168.0,379.0,163.0
0.0,1129.0,544.0,559.0,548.0,544.0,544.0,391.0,168.0,382.0,162.0
0.0,1133.0,547.0,560.0,544.0,550.0,550.0,392.0,168.0,383.0,164.0
0.0,1130.0,563.0,560.0,550.0,563.0,563.0,392.0,168.0,395.0,168.0
0.0,1117.0,579.0,561.0,563.0,582.0,582.0,393.0,168.0,403.0,176.0
0.0,1101.0,595.0,561.0,582.0,595.0,595.0,393.0,168.0,417.0,178.0
0.0,1088.0,604.0,563.0,595.0,610.0,610.0,394.0,169.0,423.0,181.0
0.0,1079.0,614.0,563.0,610.0,614.0,614.0,394.0,169.0,431.0,183.0
0.0,1075.0,610.0,563.0,614.0,610.0,610.0,394.0,169.0,427.0,183.0
0.0,1079.0,607.0,564.0,610.0,610.0,610.0,395.0,169.0,424.0,183.0
0.0,1082.0,588.0,565.0,610.0,591.0,591.0,395.0,170.0,412.0,176.0
0.0,1104.0,573.0,566.0,591.0,576.0,576.0,396.0,170.0,401.0,172.0
0.0,1122.0,562.0,566.0,576.0,562.0,562.0,396.0,170.0,394.0,168.0
0.0,1136.0,550.0,567.0,562.0,553.0,553.0,397.0,170.0,385.0,165.0
0.0,1148.0,556.0,567.0,553.0,556.0,556.0,397.0,170.0,388.0,168.0
0.0,1145.0,556.0,569.0,556.0,562.0,562.0,398.0,171.0,389.0,167.0
0.0,1145.0,572.0,569.0,562.0,572.0,572.0,398.0,171.0,401.0,171.0
0.0,1135.0,584.0,570.0,572.0,587.0,587.0,399.0,171.0,409.0,175.0
0.0,1123.0,603.0,570.0,587.0,603.0,603.0,399.0,171.0,423.0,180.0
0.0,1107.0,616.0,571.0,603.0,619.0,619.0,400.0,171.0,429.0,187.0
0.0,1094.0,623.0,572.0,619.0,626.0,626.0,400.0,172.0,437.0,186.0
0.0,1090.0,619.0,573.0,626.0,622.0,622.0,401.0,172.0,433.0,186.0
0.0,1097.0,613.0,573.0,622.0,613.0,613.0,401.0,172.0,430.0,183.0
0.0,1106.0,600.0,573.0,613.0,600.0,600.0,401.0,172.0,418.0,182.0
0.0,1119.0,584.0,574.0,600.0,587.0,587.0,402.0,172.0,410.0,174.0
0.0,1135.0,568.0,575.0,587.0,571.0,571.0,402.0,173.0,398.0,170.0
0.0,1154.0,559.0,576.0,571.0,562.0,562.0,403.0,173.0,391.0,168.0
0.0,1166.0,561.0,576.0,562.0,561.0,561.0,403.0,173.0,394.0,167.0
0.0,1167.0,564.0,577.0,561.0,567.0,567.0,404.0,173.0,395.0,169.0
0.0,1164.0,583.0,577.0,567.0,583.0,583.0,404.0,173.0,407.0,176.0
0.0,1148.0,593.0,579.0,583.0,599.0,599.0,405.0,174.0,415.0,178.0
0.0,1138.0,612.0,579.0,599.0,612.0,612.0,405.0,174.0,429.0,183.0
0.0,1125.0,622.0,580.0,612.0,625.0,625.0,406.0,174.0,435.0,187.0
0.0,1115.0,631.0,580.0,625.0,631.0,631.0,406.0,174.0,443.0,188.0
0.0,1109.0,630.0,581.0,631.0,633.0,633.0,407.0,174.0,439.0,191.0
0.0,1110.0,622.0,582.0,633.0,625.0,625.0,407.0,175.0,436.0,186.0
0.0,1121.0,606.0,583.0,625.0,609.0,609.0,408.0,175.0,424.0,182.0
0.0,1140.0,593.0,583.0,609.0,593.0,593.0,408.0,175.0,416.0,177.0
0.0,1156.0,577.0,583.0,593.0,577.0,577.0,408.0,175.0,404.0,173.0
0.0,1172.0,574.0,584.0,577.0,577.0,577.0,409.0,175.0,401.0,173.0
0.0,1175.0,567.0,585.0,577.0,570.0,570.0,409.0,176.0,397.0,170.0
0.0,1185.0,573.0,586.0,570.0,576.0,576.0,410.0,176.0,401.0,172.0
0.0,1182.0,589.0,586.0,576.0,589.0,589.0,410.0,176.0,413.0,176.0
0.0,1169.0,602.0,587.0,589.0,605.0,605.0,411.0,176.0,421.0,181.0
0.0,1156.0,624.0,587.0,605.0,624.0,624.0,411.0,176.0,436.0,188.0
0.0,1137.0,630.0,588.0,624.0,633.0,633.0,412.0,176.0,441.0,189.0
0.0,1131.0,640.0,589.0,633.0,643.0,643.0,412.0,177.0,449.0,191.0
0.0,1124.0,636.0,590.0,643.0,639.0,639.0,413.0,177.0,445.0,191.0
0.0,1131.0,630.0,590.0,639.0,630.0,630.0,413.0,177.0,442.0,188.0
0.0,1140.0,617.0,591.0,630.0,620.0,620.0,414.0,177.0,430.0,187.0
0.0,1153.0,602.0,592.0,620.0,605.0,605.0,414.0,178.0,422.0,180.0
0.0,1171.0,586.0,593.0,605.0,589.0,589.0,415.0,178.0,410.0,176.0
0.0,1190.0,580.0,593.0,589.0,580.0,580.0,415.0,178.0,407.0,173.0
0.0,1199.0,576.0,594.0,580.0,579.0,579.0,416.0,178.0,403.0,173.0
0.0,1203.0,588.0,594.0,579.0,588.0,588.0,416.0,178.0,410.0,178.0
0.0,1194.0,594.0,595.0,588.0,597.0,597.0,416.0,179.0,416.0,178.0
0.0,1188.0,613.0,596.0,597.0,616.0,616.0,417.0,179.0,430.0,183.0
0.0,1172.0,627.0,596.0,616.0,627.0,627.0,417.0,179.0,439.0,188.0
0.0,1161.0,639.0,597.0,627.0,642.0,642.0,418.0,179.0,447.0,192.0
0.0,1149.0,652.0,597.0,642.0,652.0,652.0,418.0,179.0,455.0,197.0
0.0,1139.0,644.0,599.0,652.0,650.0,650.0,419.0,180.0,451.0,193.0
0.0,1147.0,639.0,599.0,650.0,639.0,639.0,419.0,180.0,448.0,191.0
0.0,1158.0,623.0,600.0,639.0,626.0,626.0,420.0,180.0,436.0,187.0
0.0,1174.0,613.0,600.0,626.0,613.0,613.0,420.0,180.0,428.0,185.0
0.0,1187.0,594.0,601.0,613.0,597.0,597.0,421.0,180.0,416.0,178.0
0.0,1206.0,589.0,602.0,597.0,592.0,592.0,421.0,181.0,413.0,176.0
0.0,1214.0,584.0,603.0,592.0,587.0,587.0,422.0,181.0,409.0,175.0
0.0,1222.0,593.0,603.0,587.0,593.0,593.0,422.0,181.0,416.0,177.0
0.0,1216.0,603.0,603.0,593.0,603.0,603.0,422.0,181.0,422.0,181.0
0.0,1206.0,625.0,604.0,603.0,628.0,628.0,423.0,181.0,436.0,189.0
0.0,1184.0,636.0,605.0,628.0,639.0,639.0,423.0,182.0,445.0,191.0
0.0,1176.0,651.0,606.0,639.0,654.0,654.0,424.0,182.0,457.0,194.0
0.0,1164.0,654.0,606.0,654.0,654.0,654.0,424.0,182.0,458.0,196.0
0.0,1164.0,653.0,607.0,654.0,656.0,656.0,425.0,182.0,457.0,196.0
0.0,1165.0,650.0,607.0,656.0,650.0,650.0,425.0,182.0,454.0,196.0
0.0,1171.0,631.0,608.0,650.0,634.0,634.0,426.0,182.0,442.0,189.0
0.0,1190.0,619.0,609.0,634.0,622.0,622.0,426.0,183.0,434.0,185.0
0.0,1205.0,603.0,610.0,622.0,606.0,606.0,427.0,183.0,422.0,181.0
0.0,1224.0,597.0,610.0,606.0,597.0,597.0,427.0,183.0,419.0,178.0
0.0,1233.0,596.0,611.0,597.0,599.0,599.0,428.0,183.0,415.0,181.0
0.0,1234.0,602.0,612.0,599.0,605.0,605.0,428.0,184.0,422.0,180.0
0.0,1231.0,612.0,613.0,605.0,615.0,615.0,429.0,184.0,428.0,184.0
0.0,1224.0,631.0,613.0,615.0,631.0,631.0,429.0,184.0,443.0,188.0
0.0,1208.0,647.0,614.0,631.0,650.0,650.0,430.0,184.0,451.0,196.0
0.0,1192.0,660.0,614.0,650.0,660.0,660.0,430.0,184.0,463.0,197.0
0.0,1182.0,663.0,615.0,660.0,666.0,666.0,430.0,185.0,464.0,199.0
0.0,1179.0,665.0,616.0,666.0,668.0,668.0,431.0,185.0,466.0,199.0
0.0,1180.0,653.0,616.0,668.0,653.0,653.0,431.0,185.0,457.0,196.0
0.0,1195.0,640.0,617.0,653.0,643.0,643.0,432.0,185.0,448.0,192.0
0.0,1208.0,630.0,617.0,643.0,630.0,630.0,432.0,185.0,440.0,190.0
0.0,1221.0,611.0,619.0,630.0,617.0,617.0,433.0,186.0,428.0,183.0
0.0,1240.0,606.0,619.0,617.0,606.0,606.0,433.0,186.0,425.0,181.0
0.0,1251.0,601.0,620.0,606.0,604.0,604.0,434.0,186.0,421.0,180.0
0.0,1256.0,611.0,620.0,604.0,611.0,611.0,434.0,186.0,429.0,182.0
0.0,1249.0,623.0,621.0,611.0,626.0,626.0,435.0,186.0,434.0,189.0
0.0,1237.0,640.0,621.0,626.0,640.0,640.0,435.0,186.0,449.0,191.0
0.0,1223.0,653.0,623.0,640.0,659.0,659.0,436.0,187.0,457.0,196.0
0.0,1210.0,669.0,623.0,659.0,669.0,669.0,436.0,187.0,469.0,200.0
0.0,1200.0,671.0,623.0,669.0,671.0,671.0,436.0,187.0,470.0,201.0
0.0,1198.0,676.0,624.0,671.0,679.0,679.0,437.0,187.0,472.0,204.0
0.0,1193.0,662.0,625.0,679.0,665.0,665.0,437.0,188.0,463.0,199.0
0.0,1210.0,649.0,626.0,665.0,652.0,652.0,438.0,188.0,454.0,195.0
0.0,1226.0,636.0,626.0,652.0,636.0,636.0,438.0,188.0,446.0,190.0
0.0,1242.0,620.0,627.0,636.0,623.0,623.0,439.0,188.0,434.0,186.0
0.0,1258.0,617.0,627.0,623.0,617.0,617.0,439.0,188.0,431.0,186.0
0.0,1264.0,610.0,628.0,617.0,613.0,613.0,440.0,188.0,427.0,183.0
0.0,1271.0,620.0,629.0,613.0,623.0,623.0,440.0,189.0,435.0,185.0
0.0,1264.0,629.0,630.0,623.0,632.0,632.0,441.0,189.0,440.0,189.0
0.0,1258.0,649.0,630.0,632.0,649.0,649.0,441.0,189.0,455.0,194.0
0.0,1241.0,664.0,631.0,649.0,667.0,667.0,442.0,189.0,463.0,201.0
0.0,1226.0,677.0,632.0,667.0,680.0,680.0,442.0,190.0,475.0,202.0
0.0,1216.0,680.0,633.0,680.0,683.0,683.0,443.0,190.0,476.0,204.0
0.0,1216.0,682.0,633.0,683.0,682.0,682.0,443.0,190.0,478.0,204.0
0.0,1217.0,670.0,633.0,682.0,670.0,670.0,443.0,190.0,469.0,201.0
0.0,1229.0,663.0,634.0,670.0,666.0,666.0,444.0,190.0,463.0,200.0
0.0,1236.0,642.0,634.0,666.0,642.0,642.0,444.0,190.0,449.0,193.0
0.0,1260.0,629.0,636.0,642.0,635.0,635.0,445.0,191.0,440.0,189.0
0.0,1273.0,623.0,636.0,635.0,623.0,623.0,445.0,191.0,437.0,186.0
0.0,1285.0,619.0,637.0,623.0,622.0,622.0,446.0,191.0,433.0,186.0
0.0,1289.0,632.0,637.0,622.0,632.0,632.0,446.0,191.0,441.0,191.0
0.0,1279.0,638.0,639.0,632.0,644.0,644.0,447.0,192.0,447.0,191.0
0.0,1273.0,657.0,639.0,644.0,657.0,657.0,447.0,192.0,461.0,196.0
0.0,1260.0,670.0,640.0,657.0,673.0,673.0,448.0,192.0,469.0,201.0
0.0,1247.0,686.0,640.0,673.0,686.0,686.0,448.0,192.0,481.0,205.0
0.0,1234.0,692.0,641.0,686.0,695.0,695.0,449.0,192.0,482.0,210.0
0.0,1228.0,691.0,642.0,695.0,694.0,694.0,449.0,193.0,485.0,206.0
0.0,1232.0,679.0,643.0,694.0,682.0,682.0,450.0,193.0,475.0,204.0
0.0,1247.0,669.0,643.0,682.0,669.0,669.0,450.0,193.0,469.0,200.0
0.0,1260.0,650.0,643.0,669.0,650.0,650.0,450.0,193.0,455.0,195.0
0.0,1279.0,643.0,644.0,650.0,646.0,646.0,451.0,193.0,449.0,194.0
0.0,1286.0,629.0,645.0,646.0,632.0,632.0,451.0,194.0,440.0,189.0
0.0,1303.0,627.0,646.0,632.0,630.0,630.0,452.0,194.0,439.0,188.0
0.0,1308.0,637.0,646.0,630.0,637.0,637.0,452.0,194.0,447.0,190.0
0.0,1301.0,647.0,647.0,637.0,650.0,650.0,453.0,194.0,453.0,194.0
0.0,1291.0,669.0,647.0,650.0,669.0,669.0,453.0,194.0,467.0,202.0
0.0,1272.0,679.0,648.0,669.0,682.0,682.0,454.0,194.0,475.0,204.0
0.0,1262.0,694.0,649.0,682.0,697.0,697.0,454.0,195.0,487.0,207.0
0.0,1250.0,697.0,650.0,697.0,700.0,700.0,455.0,195.0,488.0,209.0
0.0,1250.0,700.0,650.0,700.0,700.0,700.0,455.0,195.0,491.0,209.0
0.0,1250.0,691.0,651.0,700.0,694.0,694.0,456.0,195.0,482.0,209.0
0.0,1259.0,677.0,652.0,694.0,680.0,680.0,456.0,196.0,475.0,202.0
0.0,1276.0,659.0,653.0,680.0,662.0,662.0,457.0,196.0,461.0,198.0
0.0,1297.0,649.0,653.0,662.0,649.0,649.0,457.0,196.0,455.0,194.0
0.0,1310.0,637.0,653.0,649.0,637.0,637.0,457.0,196.0,446.0,191.0
0.0,1322.0,642.0,654.0,637.0,645.0,645.0,458.0,196.0,448.0,194.0
0.0,1317.0,643.0,655.0,645.0,646.0,646.0,458.0,197.0,450.0,193.0
0.0,1319.0,659.0,656.0,646.0,662.0,662.0,459.0,197.0,462.0,197.0
0.0,1306.0,671.0,656.0,662.0,671.0,671.0,459.0,197.0,470.0,201.0
0.0,1297.0,687.0,657.0,671.0,690.0,690.0,460.0,197.0,481.0,206.0
0.0,1281.0,706.0,657.0,690.0,706.0,706.0,460.0,197.0,493.0,213.0
0.0,1265.0,706.0,659.0,706.0,712.0,712.0,461.0,198.0,494.0,212.0
0.0,1265.0,709.0,659.0,712.0,709.0,709.0,461.0,198.0,497.0,212.0
0.0,1268.0,697.0,660.0,709.0,700.0,700.0,462.0,198.0,488.0,209.0
0.0,1280.0,689.0,660.0,700.0,689.0,689.0,462.0,198.0,481.0,208.0
0.0,1291.0,668.0,661.0,689.0,671.0,671.0,463.0,198.0,468.0,200.0
0.0,1312.0,657.0,662.0,671.0,660.0,660.0,463.0,199.0,461.0,196.0
0.0,1326.0,646.0,663.0,660.0,649.0,649.0,464.0,199.0,452.0,194.0
0.0,1340.0,647.0,663.0,649.0,647.0,647.0,464.0,199.0,454.0,193.0
0.0,1342.0,651.0,663.0,647.0,651.0,651.0,464.0,199.0,456.0,195.0
0.0,1338.0,670.0,664.0,651.0,673.0,673.0,465.0,199.0,468.0,202.0
0.0,1319.0,680.0,665.0,673.0,683.0,683.0,465.0,200.0,476.0,204.0
0.0,1312.0,696.0,666.0,683.0,699.0,699.0,466.0,200.0,487.0,209.0
0.0,1299.0,712.0,666.0,699.0,712.0,712.0,466.0,200.0,499.0,213.0
0.0,1286.0,714.0,667.0,712.0,717.0,717.0,467.0,200.0,500.0,214.0
0.0,1284.0,720.0,667.0,717.0,720.0,720.0,467.0,200.0,503.0,217.0
0.0,1281.0,706.0,669.0,720.0,712.0,712.0,468.0,201.0,494.0,212.0
0.0,1295.0,695.0,669.0,712.0,695.0,695.0,468.0,201.0,487.0,208.0
0.0,1312.0,677.0,670.0,695.0,680.0,680.0,469.0,201.0,474.0,203.0
0.0,1330.0,666.0,670.0,680.0,666.0,666.0,469.0,201.0,467.0,199.0
0.0,1344.0,657.0,671.0,666.0,660.0,660.0,470.0,201.0,458.0,199.0
0.0,1353.0,656.0,672.0,660.0,659.0,659.0,470.0,202.0,460.0,196.0
0.0,1357.0,660.0,673.0,659.0,663.0,663.0,471.0,202.0,462.0,198.0
0.0,1356.0,676.0,673.0,663.0,676.0,676.0,471.0,202.0,474.0,202.0
0.0,1343.0,689.0,673.0,676.0,689.0,689.0,471.0,202.0,482.0,207.0
0.0,1330.0,710.0,674.0,689.0,713.0,713.0,472.0,202.0,496.0,214.0
0.0,1309.0,717.0,674.0,713.0,717.0,717.0,472.0,202.0,502.0,215.0
0.0,1305.0,723.0,676.0,717.0,729.0,729.0,473.0,203.0,506.0,217.0
0.0,1299.0,726.0,676.0,729.0,726.0,726.0,473.0,203.0,509.0,217.0
0.0,1302.0,714.0,677.0,726.0,717.0,717.0,474.0,203.0,500.0,214.0
0.0,1314.0,706.0,677.0,717.0,706.0,706.0,474.0,203.0,493.0,213.0
0.0,1325.0,686.0,679.0,706.0,692.0,692.0,475.0,204.0,480.0,206.0
0.0,1345.0,675.0,679.0,692.0,675.0,675.0,475.0,204.0,473.0,202.0
0.0,1362.0,663.0,680.0,675.0,666.0,666.0,476.0,204.0,464.0,199.0
0.0,1374.0,666.0,680.0,666.0,666.0,666.0,476.0,204.0,467.0,199.0
0.0,1374.0,672.0,681.0,666.0,675.0,675.0,477.0,204.0,468.0,204.0
0.0,1368.0,684.0,682.0,675.0,687.0,687.0,477.0,205.0,480.0,204.0
0.0,1359.0,697.0,683.0,687.0,700.0,700.0,478.0,205.0,488.0,209.0
0.0,1349.0,716.0,683.0,700.0,716.0,716.0,478.0,205.0,502.0,214.0
0.0,1333.0,726.0,683.0,716.0,726.0,726.0,478.0,205.0,508.0,218.0
0.0,1323.0,739.0,684.0,726.0,742.0,742.0,479.0,205.0,516.0,223.0
0.0,1310.0,731.0,685.0,742.0,734.0,734.0,479.0,206.0,512.0,219.0
0.0,1321.0,723.0,686.0,734.0,726.0,726.0,480.0,206.0,506.0,217.0
0.0,1332.0,712.0,686.0,726.0,712.0,712.0,480.0,206.0,499.0,213.0
0.0,1346.0,697.0,687.0,712.0,700.0,700.0,481.0,206.0,486.0,211.0
0.0,1361.0,683.0,687.0,700.0,683.0,683.0,481.0,206.0,479.0,204.0
0.0,1378.0,672.0,689.0,683.0,678.0,678.0,482.0,207.0,470.0,202.0
0.0,1389.0,674.0,689.0,678.0,674.0,674.0,482.0,207.0,473.0,201.0
0.0,1393.0,677.0,690.0,674.0,680.0,680.0,483.0,207.0,474.0,203.0
0.0,1390.0,693.0,690.0,680.0,693.0,693.0,483.0,207.0,486.0,207.0
0.0,1377.0,709.0,691.0,693.0,712.0,712.0,484.0,207.0,494.0,215.0
0.0,1361.0,725.0,692.0,712.0,728.0,728.0,484.0,208.0,508.0,217.0
0.0,1348.0,734.0,693.0,728.0,737.0,737.0,485.0,208.0,514.0,220.0
0.0,1342.0,744.0,693.0,737.0,744.0,744.0,485.0,208.0,522.0,222.0
0.0,1335.0,740.0,693.0,744.0,740.0,740.0,485.0,208.0,518.0,222.0
0.0,1339.0,737.0,694.0,740.0,740.0,740.0,486.0,208.0,515.0,222.0
0.0,1342.0,718.0,694.0,740.0,718.0,718.0,486.0,208.0,503.0,215.0
0.0,1364.0,703.0,696.0,718.0,709.0,709.0,487.0,209.0,492.0,211.0
0.0,1379.0,692.0,696.0,709.0,692.0,692.0,487.0,209.0,485.0,207.0
0.0,1396.0,680.0,697.0,692.0,683.0,683.0,488.0,209.0,476.0,204.0
0.0,1408.0,686.0,697.0,683.0,686.0,686.0,488.0,209.0,479.0,207.0
0.0,1405.0,686.0,699.0,686.0,692.0,692.0,489.0,210.0,480.0,206.0
0.0,1405.0,702.0,699.0,692.0,702.0,702.0,489.0,210.0,492.0,210.0
0.0,1395.0,714.0,700.0,702.0,717.0,717.0,490.0,210.0,500.0,214.0
0.0,1383.0,736.0,700.0,717.0,736.0,736.0,490.0,210.0,514.0,222.0
0.0,1364.0,743.0,701.0,736.0,746.0,746.0,491.0,210.0,520.0,223.0
0.0,1357.0,753.0,702.0,746.0,756.0,756.0,491.0,211.0,528.0,225.0
0.0,1350.0,749.0,703.0,756.0,752.0,752.0,492.0,211.0,524.0,225.0
0.0,1357.0,743.0,703.0,752.0,743.0,743.0,492.0,211.0,521.0,222.0
0.0,1366.0,727.0,703.0,743.0,727.0,727.0,492.0,211.0,509.0,218.0
0.0,1382.0,717.0,704.0,727.0,720.0,720.0,493.0,211.0,501.0,216.0
0.0,1392.0,698.0,705.0,720.0,701.0,701.0,493.0,212.0,489.0,209.0
0.0,1414.0,689.0,706.0,701.0,692.0,692.0,494.0,212.0,482.0,207.0
0.0,1426.0,691.0,706.0,692.0,691.0,691.0,494.0,212.0,485.0,206.0
0.0,1427.0,694.0,707.0,691.0,697.0,697.0,495.0,212.0,486.0,208.0
0.0,1424.0,713.0,707.0,697.0,713.0,713.0,495.0,212.0,498.0,215.0
0.0,1408.0,723.0,708.0,713.0,726.0,726.0,496.0,212.0,506.0,217.0
0.0,1398.0,742.0,709.0,726.0,745.0,745.0,496.0,213.0,520.0,222.0
0.0,1382.0,752.0,710.0,745.0,755.0,755.0,497.0,213.0,526.0,226.0
0.0,1375.0,761.0,710.0,755.0,761.0,761.0,497.0,213.0,534.0,227.0
0.0,1369.0,760.0,711.0,761.0,763.0,763.0,498.0,213.0,530.0,230.0
0.0,1370.0,752.0,712.0,763.0,755.0,755.0,498.0,214.0,527.0,225.0
0.0,1381.0,736.0,713.0,755.0,739.0,739.0,499.0,214.0,515.0,221.0
0.0,1400.0,723.0,713.0,739.0,723.0,723.0,499.0,214.0,507.0,216.0
0.0,1416.0,707.0,713.0,723.0,707.0,707.0,499.0,214.0,495.0,212.0
0.0,1432.0,704.0,714.0,707.0,707.0,707.0,500.0,214.0,492.0,212.0
0.0,1435.0,697.0,714.0,707.0,697.0,697.0,500.0,214.0,488.0,209.0
0.0,1445.0,706.0,716.0,697.0,712.0,712.0,501.0,215.0,495.0,211.0
0.0,1436.0,716.0,716.0,712.0,716.0,716.0,501.0,215.0,501.0,215.0
0.0,1432.0,732.0,717.0,716.0,735.0,735.0,502.0,215.0,512.0,220.0
0.0,1416.0,754.0,717.0,735.0,754.0,754.0,502.0,215.0,527.0,227.0
0.0,1397.0,760.0,719.0,754.0,766.0,766.0,503.0,216.0,532.0,228.0
0.0,1391.0,770.0,719.0,766.0,770.0,770.0,503.0,216.0,540.0,230.0
0.0,1387.0,766.0,720.0,770.0,769.0,769.0,504.0,216.0,536.0,230.0
0.0,1391.0,760.0,720.0,769.0,760.0,760.0,504.0,216.0,533.0,227.0
0.0,1400.0,747.0,721.0,760.0,750.0,750.0,505.0,216.0,521.0,226.0
0.0,1413.0,732.0,721.0,750.0,732.0,732.0,505.0,216.0,513.0,219.0
0.0,1431.0,716.0,723.0,732.0,722.0,722.0,506.0,217.0,501.0,215.0
0.0,1447.0,710.0,723.0,722.0,710.0,710.0,506.0,217.0,498.0,212.0
0.0,1459.0,706.0,723.0,710.0,706.0,706.0,506.0,217.0,494.0,212.0
0.0,1463.0,718.0,724.0,706.0,721.0,721.0,507.0,217.0,501.0,217.0
0.0,1451.0,724.0,725.0,721.0,727.0,727.0,507.0,218.0,507.0,217.0
0.0,1448.0,740.0,726.0,727.0,743.0,743.0,508.0,218.0,518.0,222.0
0.0,1435.0,760.0,726.0,743.0,760.0,760.0,508.0,218.0,533.0,227.0
0.0,1418.0,769.0,727.0,760.0,772.0,772.0,509.0,218.0,538.0,231.0
0.0,1409.0,782.0,727.0,772.0,782.0,782.0,509.0,218.0,546.0,236.0
0.0,1399.0,774.0,729.0,782.0,780.0,780.0,510.0,219.0,542.0,232.0
0.0,1407.0,769.0,729.0,780.0,769.0,769.0,510.0,219.0,539.0,230.0
0.0,1418.0,753.0,730.0,769.0,756.0,756.0,511.0,219.0,527.0,226.0
0.0,1434.0,740.0,730.0,756.0,740.0,740.0,511.0,219.0,519.0,221.0
0.0,1450.0,727.0,731.0,740.0,730.0,730.0,512.0,219.0,507.0,220.0
0.0,1463.0,719.0,732.0,730.0,722.0,722.0,512.0,220.0,504.0,215.0
0.0,1474.0,714.0,733.0,722.0,717.0,717.0,513.0,220.0,500.0,214.0
0.0,1482.0,723.0,733.0,717.0,723.0,723.0,513.0,220.0,507.0,216.0
0.0,1476.0,733.0,733.0,723.0,733.0,733.0,513.0,220.0,513.0,220.0
0.0,1466.0,755.0,734.0,733.0,758.0,758.0,514.0,220.0,527.0,228.0
0.0,1444.0,766.0,734.0,758.0,766.0,766.0,514.0,220.0,536.0,230.0
0.0,1436.0,781.0,736.0,766.0,787.0,787.0,515.0,221.0,548.0,233.0
0.0,1421.0,784.0,736.0,787.0,784.0,784.0,515.0,221.0,549.0,235.0
0.0,1424.0,783.0,737.0,784.0,786.0,786.0,516.0,221.0,548.0,235.0
0.0,1425.0,780.0,737.0,786.0,780.0,780.0,516.0,221.0,545.0,235.0
0.0,1431.0,761.0,739.0,780.0,767.0,767.0,517.0,222.0,533.0,228.0
0.0,1450.0,749.0,739.0,767.0,749.0,749.0,517.0,222.0,525.0,224.0
0.0,1468.0,733.0,740.0,749.0,736.0,736.0,518.0,222.0,513.0,220.0
0.0,1484.0,727.0,740.0,736.0,727.0,727.0,518.0,222.0,510.0,217.0
0.0,1493.0,726.0,741.0,727.0,729.0,729.0,519.0,222.0,506.0,220.0
0.0,1494.0,732.0,742.0,729.0,735.0,735.0,519.0,223.0,513.0,219.0
0.0,1491.0,742.0,743.0,735.0,745.0,745.0,520.0,223.0,519.0,223.0
0.0,1484.0,761.0,743.0,745.0,761.0,761.0,520.0,223.0,534.0,227.0
0.0,1468.0,774.0,743.0,761.0,774.0,774.0,520.0,223.0,542.0,232.0
0.0,1455.0,793.0,744.0,774.0,796.0,796.0,521.0,223.0,554.0,239.0
0.0,1436.0,793.0,745.0,796.0,796.0,796.0,521.0,224.0,555.0,238.0
0.0,1439.0,795.0,746.0,796.0,798.0,798.0,522.0,224.0,557.0,238.0
0.0,1440.0,783.0,746.0,798.0,783.0,783.0,522.0,224.0,548.0,235.0
0.0,1455.0,773.0,747.0,783.0,776.0,776.0,523.0,224.0,539.0,234.0
0.0,1465.0,757.0,747.0,776.0,757.0,757.0,523.0,224.0,531.0,226.0
0.0,1484.0,741.0,749.0,757.0,747.0,747.0,524.0,225.0,519.0,222.0
0.0,1500.0,736.0,749.0,747.0,736.0,736.0,524.0,225.0,516.0,220.0
0.0,1511.0,731.0,750.0,736.0,734.0,734.0,525.0,225.0,512.0,219.0
0.0,1516.0,741.0,750.0,734.0,741.0,741.0,525.0,225.0,520.0,221.0
0.0,1509.0,753.0,751.0,741.0,756.0,756.0,526.0,225.0,525.0,228.0
0.0,1497.0,770.0,752.0,756.0,773.0,773.0,526.0,226.0,540.0,230.0
0.0,1483.0,783.0,753.0,773.0,786.0,786.0,527.0,226.0,548.0,235.0
0.0,1473.0,799.0,753.0,786.0,799.0,799.0,527.0,226.0,560.0,239.0
0.0,1460.0,801.0,754.0,799.0,804.0,804.0,528.0,226.0,561.0,240.0
0.0,1458.0,806.0,754.0,804.0,806.0,806.0,528.0,226.0,563.0,243.0
0.0,1456.0,792.0,755.0,806.0,795.0,795.0,528.0,227.0,554.0,238.0
0.0,1470.0,782.0,756.0,795.0,785.0,785.0,529.0,227.0,548.0,234.0
0.0,1483.0,763.0,756.0,785.0,763.0,763.0,529.0,227.0,534.0,229.0
0.0,1505.0,750.0,757.0,763.0,753.0,753.0,530.0,227.0,525.0,225.0
0.0,1518.0,747.0,757.0,753.0,747.0,747.0,530.0,227.0,522.0,225.0
0.0,1524.0,740.0,759.0,747.0,746.0,746.0,531.0,228.0,518.0,222.0
0.0,1531.0,750.0,759.0,746.0,750.0,750.0,531.0,228.0,526.0,224.0
0.0,1527.0,759.0,760.0,750.0,762.0,762.0,532.0,228.0,531.0,228.0
0.0,1518.0,779.0,760.0,762.0,779.0,779.0,532.0,228.0,546.0,233.0
0.0,1501.0,794.0,761.0,779.0,797.0,797.0,533.0,228.0,554.0,240.0
0.0,1486.0,807.0,761.0,797.0,807.0,807.0,533.0,228.0,566.0,241.0
0.0,1476.0,810.0,763.0,807.0,816.0,816.0,534.0,229.0,567.0,243.0
0.0,1473.0,812.0,763.0,816.0,812.0,812.0,534.0,229.0,569.0,243.0
0.0,1477.0,800.0,763.0,812.0,800.0,800.0,534.0,229.0,560.0,240.0
0.0,1489.0,793.0,764.0,800.0,796.0,796.0,535.0,229.0,554.0,239.0
0.0,1496.0,772.0,765.0,796.0,775.0,775.0,535.0,230.0,540.0,232.0
0.0,1520.0,759.0,766.0,775.0,762.0,762.0,536.0,230.0,531.0,228.0
0.0,1536.0,753.0,766.0,762.0,753.0,753.0,536.0,230.0,528.0,225.0
0.0,1545.0,749.0,767.0,753.0,752.0,752.0,537.0,230.0,524.0,225.0
0.0,1549.0,762.0,767.0,752.0,762.0,762.0,537.0,230.0,532.0,230.0
0.0,1539.0,768.0,769.0,762.0,774.0,774.0,538.0,231.0,538.0,230.0
0.0,1533.0,787.0,769.0,774.0,787.0,787.0,538.0,231.0,552.0,235.0
0.0,1520.0,800.0,770.0,787.0,803.0,803.0,539.0,231.0,560.0,240.0
0.0,1507.0,816.0,770.0,803.0,816.0,816.0,539.0,231.0,572.0,244.0
0.0,1494.0,822.0,771.0,816.0,825.0,825.0,540.0,231.0,573.0,249.0
0.0,1488.0,821.0,772.0,825.0,824.0,824.0,540.0,232.0,576.0,245.0
0.0,1492.0,809.0,773.0,824.0,812.0,812.0,541.0,232.0,566.0,243.0
0.0,1507.0,799.0,773.0,812.0,799.0,799.0,541.0,232.0,560.0,239.0
0.0,1520.0,783.0,773.0,799.0,783.0,783.0,541.0,232.0,546.0,237.0
0.0,1536.0,770.0,774.0,783.0,773.0,773.0,542.0,232.0,540.0,230.0
0.0,1549.0,759.0,775.0,773.0,762.0,762.0,542.0,233.0,531.0,228.0
0.0,1563.0,757.0,776.0,762.0,760.0,760.0,543.0,233.0,530.0,227.0
0.0,1568.0,767.0,776.0,760.0,767.0,767.0,543.0,233.0,538.0,229.0
0.0,1561.0,777.0,777.0,767.0,780.0,780.0,544.0,233.0,544.0,233.0
0.0,1551.0,799.0,777.0,780.0,799.0,799.0,544.0,233.0,558.0,241.0
0.0,1532.0,809.0,779.0,799.0,815.0,815.0,545.0,234.0,566.0,243.0
0.0,1522.0,824.0,779.0,815.0,824.0,824.0,545.0,234.0,578.0,246.0
0.0,1513.0,827.0,780.0,824.0,830.0,830.0,546.0,234.0,579.0,248.0
0.0,1510.0,830.0,780.0,830.0,830.0,830.0,546.0,234.0,582.0,248.0
0.0,1510.0,821.0,781.0,830.0,824.0,824.0,547.0,234.0,573.0,248.0
0.0,1519.0,807.0,781.0,824.0,807.0,807.0,547.0,234.0,566.0,241.0
0.0,1536.0,789.0,783.0,807.0,795.0,795.0,548.0,235.0,552.0,237.0
0.0,1554.0,779.0,783.0,795.0,779.0,779.0,548.0,235.0,546.0,233.0
0.0,1570.0,767.0,783.0,779.0,767.0,767.0,548.0,235.0,537.0,230.0
0.0,1582.0,772.0,784.0,767.0,775.0,775.0,549.0,235.0,539.0,233.0
0.0,1577.0,773.0,785.0,775.0,776.0,776.0,549.0,236.0,541.0,232.0
0.0,1579.0,786.0,786.0,776.0,789.0,789.0,550.0,236.0,550.0,236.0
0.0,1569.0,804.0,786.0,789.0,804.0,804.0,550.0,236.0,564.0,240.0
0.0,1554.0,820.0,787.0,804.0,823.0,823.0,551.0,236.0,572.0,248.0
0.0,1538.0,833.0,787.0,823.0,833.0,833.0,551.0,236.0,584.0,249.0
0.0,1528.0,836.0,789.0,833.0,842.0,842.0,552.0,237.0,585.0,251.0
0.0,1525.0,839.0,789.0,842.0,839.0,839.0,552.0,237.0,588.0,251.0
0.0,1528.0,827.0,790.0,839.0,830.0,830.0,553.0,237.0,579.0,248.0
0.0,1540.0,816.0,790.0,830.0,816.0,816.0,553.0,237.0,572.0,244.0
0.0,1554.0,801.0,791.0,816.0,804.0,804.0,554.0,237.0,559.0,242.0
0.0,1569.0,787.0,792.0,804.0,790.0,790.0,554.0,238.0,552.0,235.0
0.0,1586.0,776.0,793.0,790.0,779.0,779.0,555.0,238.0,543.0,233.0
0.0,1600.0,777.0,793.0,779.0,777.0,777.0,555.0,238.0,545.0,232.0
0.0,1602.0,781.0,793.0,777.0,781.0,781.0,555.0,238.0,547.0,234.0
0.0,1598.0,800.0,794.0,781.0,803.0,803.0,556.0,238.0,559.0,241.0
0.0,1579.0,810.0,794.0,803.0,810.0,810.0,556.0,238.0,567.0,243.0
0.0,1572.0,829.0,796.0,810.0,835.0,835.0,557.0,239.0,581.0,248.0
0.0,1553.0,839.0,796.0,835.0,839.0,839.0,557.0,239.0,587.0,252.0
0.0,1549.0,844.0,797.0,839.0,847.0,847.0,558.0,239.0,591.0,253.0
0.0,1544.0,850.0,797.0,847.0,850.0,850.0,558.0,239.0,594.0,256.0
0.0,1541.0,836.0,799.0,850.0,842.0,842.0,559.0,240.0,585.0,251.0
0.0,1555.0,825.0,799.0,842.0,825.0,825.0,559.0,240.0,578.0,247.0
0.0,1572.0,807.0,800.0,825.0,810.0,810.0,560.0,240.0,565.0,242.0
0.0,1590.0,796.0,800.0,810.0,796.0,796.0,560.0,240.0,558.0,238.0
0.0,1604.0,787.0,801.0,796.0,790.0,790.0,561.0,240.0,549.0,238.0
0.0,1613.0,786.0,801.0,790.0,786.0,786.0,561.0,240.0,551.0,235.0
0.0,1617.0,790.0,803.0,786.0,796.0,796.0,562.0,241.0,553.0,237.0
0.0,1613.0,806.0,803.0,796.0,806.0,806.0,562.0,241.0,565.0,241.0
0.0,1603.0,819.0,803.0,806.0,819.0,819.0,562.0,241.0,573.0,246.0
0.0,1590.0,840.0,804.0,819.0,843.0,843.0,563.0,241.0,587.0,253.0
0.0,1569.0,847.0,805.0,843.0,850.0,850.0,563.0,242.0,593.0,254.0
0.0,1565.0,853.0,806.0,850.0,856.0,856.0,564.0,242.0,597.0,256.0
0.0,1562.0,856.0,806.0,856.0,856.0,856.0,564.0,242.0,600.0,256.0
0.0,1562.0,844.0,807.0,856.0,847.0,847.0,565.0,242.0,591.0,253.0
0.0,1574.0,836.0,807.0,847.0,836.0,836.0,565.0,242.0,584.0,252.0
0.0,1585.0,816.0,808.0,836.0,819.0,819.0,566.0,242.0,571.0,245.0
0.0,1605.0,805.0,809.0,819.0,808.0,808.0,566.0,243.0,564.0,241.0
0.0,1619.0,793.0,810.0,808.0,796.0,796.0,567.0,243.0,555.0,238.0
0.0,1634.0,796.0,810.0,796.0,796.0,796.0,567.0,243.0,558.0,238.0
0.0,1634.0,802.0,811.0,796.0,805.0,805.0,568.0,243.0,559.0,243.0
0.0,1628.0,814.0,812.0,805.0,817.0,817.0,568.0,244.0,571.0,243.0
0.0,1619.0,827.0,813.0,817.0,830.0,830.0,569.0,244.0,579.0,248.0
0.0,1609.0,846.0,813.0,830.0,846.0,846.0,569.0,244.0,593.0,253.0
0.0,1593.0,856.0,813.0,846.0,856.0,856.0,569.0,244.0,599.0,257.0
0.0,1583.0,869.0,814.0,856.0,872.0,872.0,570.0,244.0,607.0,262.0
0.0,1570.0,861.0,815.0,872.0,864.0,864.0,570.0,245.0,603.0,258.0
0.0,1581.0,853.0,816.0,864.0,856.0,856.0,571.0,245.0,597.0,256.0
0.0,1592.0,842.0,816.0,856.0,842.0,842.0,571.0,245.0,590.0,252.0
0.0,1606.0,824.0,817.0,842.0,827.0,827.0,572.0,245.0,577.0,247.0
0.0,1624.0,816.0,817.0,827.0,816.0,816.0,572.0,245.0,570.0,246.0
0.0,1635.0,802.0,819.0,816.0,808.0,808.0,573.0,246.0,561.0,241.0
0.0,1649.0,804.0,819.0,808.0,804.0,804.0,573.0,246.0,564.0,240.0
0.0,1653.0,807.0,820.0,804.0,810.0,810.0,574.0,246.0,565.0,242.0
0.0,1650.0,823.0,820.0,810.0,823.0,823.0,574.0,246.0,577.0,246.0
0.0,1637.0,839.0,821.0,823.0,842.0,842.0,575.0,246.0,585.0,254.0
0.0,1621.0,855.0,821.0,842.0,855.0,855.0,575.0,246.0,599.0,256.0
0.0,1608.0,864.0,823.0,855.0,870.0,870.0,576.0,247.0,605.0,259.0
0.0,1599.0,874.0,823.0,870.0,874.0,874.0,576.0,247.0,613.0,261.0
0.0,1595.0,870.0,823.0,874.0,870.0,870.0,576.0,247.0,609.0,261.0
0.0,1599.0,867.0,824.0,870.0,870.0,870.0,577.0,247.0,606.0,261.0
0.0,1602.0,847.0,825.0,870.0,850.0,850.0,577.0,248.0,593.0,254.0
0.0,1625.0,833.0,826.0,850.0,836.0,836.0,578.0,248.0,583.0,250.0
0.0,1642.0,822.0,826.0,836.0,822.0,822.0,578.0,248.0,576.0,246.0
0.0,1656.0,810.0,827.0,822.0,813.0,813.0,579.0,248.0,567.0,243.0
0.0,1668.0,816.0,827.0,813.0,816.0,816.0,579.0,248.0,570.0,246.0
0.0,1665.0,816.0,829.0,816.0,822.0,822.0,580.0,249.0,571.0,245.0
0.0,1665.0,832.0,829.0,822.0,832.0,832.0,580.0,249.0,583.0,249.0
0.0,1655.0,844.0,830.0,832.0,847.0,847.0,581.0,249.0,591.0,253.0
0.0,1643.0,863.0,830.0,847.0,863.0,863.0,581.0,249.0,605.0,258.0
0.0,1627.0,876.0,831.0,863.0,879.0,879.0,582.0,249.0,611.0,265.0
0.0,1614.0,883.0,832.0,879.0,886.0,886.0,582.0,250.0,619.0,264.0
0.0,1610.0,879.0,832.0,886.0,879.0,879.0,582.0,250.0,615.0,264.0
0.0,1617.0,873.0,833.0,879.0,876.0,876.0,583.0,250.0,612.0,261.0
0.0,1623.0,860.0,833.0,876.0,860.0,860.0,583.0,250.0,600.0,260.0
0.0,1639.0,844.0,834.0,860.0,847.0,847.0,584.0,250.0,592.0,252.0
0.0,1655.0,827.0,835.0,847.0,830.0,830.0,584.0,251.0,579.0,248.0
0.0,1675.0,819.0,836.0,830.0,822.0,822.0,585.0,251.0,573.0,246.0
0.0,1686.0,821.0,836.0,822.0,821.0,821.0,585.0,251.0,576.0,245.0
0.0,1687.0,824.0,837.0,821.0,827.0,827.0,586.0,251.0,577.0,247.0
0.0,1684.0,843.0,837.0,827.0,843.0,843.0,586.0,251.0,589.0,254.0
0.0,1668.0,853.0,839.0,843.0,859.0,859.0,587.0,252.0,597.0,256.0
0.0,1658.0,872.0,839.0,859.0,872.0,872.0,587.0,252.0,611.0,261.0
0.0,1645.0,882.0,840.0,872.0,885.0,885.0,588.0,252.0,617.0,265.0
0.0,1635.0,891.0,840.0,885.0,891.0,891.0,588.0,252.0,625.0,266.0
0.0,1629.0,890.0,841.0,891.0,893.0,893.0,589.0,252.0,621.0,269.0
0.0,1630.0,882.0,842.0,893.0,885.0,885.0,589.0,253.0,618.0,264.0
0.0,1641.0,866.0,843.0,885.0,869.0,869.0,590.0,253.0,606.0,260.0
0.0,1660.0,853.0,843.0,869.0,853.0,853.0,590.0,253.0,598.0,255.0
0.0,1676.0,837.0,843.0,853.0,837.0,837.0,590.0,253.0,586.0,251.0
0.0,1692.0,833.0,844.0,837.0,836.0,836.0,591.0,253.0,582.0,251.0
0.0,1696.0,827.0,845.0,836.0,830.0,830.0,591.0,254.0,579.0,248.0
0.0,1705.0,833.0,846.0,830.0,836.0,836.0,592.0,254.0,583.0,250.0
0.0,1702.0,849.0,846.0,836.0,849.0,849.0,592.0,254.0,595.0,254.0
0.0,1689.0,862.0,847.0,849.0,865.0,865.0,593.0,254.0,603.0,259.0
0.0,1676.0,883.0,847.0,865.0,883.0,883.0,593.0,254.0,617.0,266.0
0.0,1658.0,890.0,848.0,883.0,893.0,893.0,594.0,254.0,623.0,267.0
0.0,1651.0,900.0,849.0,893.0,903.0,903.0,594.0,255.0,631.0,269.0
0.0,1644.0,896.0,850.0,903.0,899.0,899.0,595.0,255.0,627.0,269.0
0.0,1651.0,890.0,850.0,899.0,890.0,890.0,595.0,255.0,624.0,266.0
0.0,1660.0,877.0,851.0,890.0,880.0,880.0,596.0,255.0,612.0,265.0
0.0,1673.0,862.0,852.0,880.0,865.0,865.0,596.0,256.0,604.0,258.0
0.0,1691.0,846.0,852.0,865.0,846.0,846.0,596.0,256.0,592.0,254.0
0.0,1710.0,840.0,853.0,846.0,843.0,843.0,597.0,256.0,589.0,251.0
0.0,1716.0,836.0,853.0,843.0,836.0,836.0,597.0,256.0,585.0,251.0
0.0,1723.0,845.0,854.0,836.0,848.0,848.0,598.0,256.0,589.0,256.0
0.0,1714.0,857.0,855.0,848.0,860.0,860.0,598.0,257.0,601.0,256.0
0.0,1705.0,870.0,856.0,860.0,873.0,873.0,599.0,257.0,609.0,261.0
0.0,1695.0,890.0,856.0,873.0,890.0,890.0,599.0,257.0,624.0,266.0
0.0,1678.0,899.0,857.0,890.0,902.0,902.0,600.0,257.0,629.0,270.0
0.0,1669.0,912.0,857.0,902.0,912.0,912.0,600.0,257.0,637.0,275.0
0.0,1659.0,904.0,859.0,912.0,910.0,910.0,601.0,258.0,633.0,271.0
0.0,1667.0,899.0,859.0,910.0,899.0,899.0,601.0,258.0,630.0,269.0
0.0,1678.0,883.0,860.0,899.0,886.0,886.0,602.0,258.0,618.0,265.0
0.0,1694.0,873.0,860.0,886.0,873.0,873.0,602.0,258.0,610.0,263.0
0.0,1707.0,854.0,861.0,873.0,857.0,857.0,603.0,258.0,598.0,256.0
0.0,1726.0,849.0,862.0,857.0,852.0,852.0,603.0,259.0,595.0,254.0
0.0,1734.0,844.0,863.0,852.0,847.0,847.0,604.0,259.0,591.0,253.0
0.0,1742.0,853.0,863.0,847.0,853.0,853.0,604.0,259.0,598.0,255.0
0.0,1736.0,863.0,863.0,853.0,863.0,863.0,604.0,259.0,604.0,259.0
0.0,1726.0,885.0,864.0,863.0,888.0,888.0,605.0,259.0,618.0,267.0
0.0,1704.0,896.0,865.0,888.0,899.0,899.0,605.0,260.0,627.0,269.0
0.0,1696.0,907.0,866.0,899.0,910.0,910.0,606.0,260.0,635.0,272.0
0.0,1688.0,917.0,866.0,910.0,917.0,917.0,606.0,260.0,643.0,274.0
0.0,1681.0,913.0,867.0,917.0,916.0,916.0,607.0,260.0,639.0,274.0
0.0,1685.0,910.0,867.0,916.0,910.0,910.0,607.0,260.0,636.0,274.0
0.0,1691.0,891.0,868.0,910.0,894.0,894.0,608.0,260.0,624.0,267.0
0.0,1710.0,879.0,869.0,894.0,882.0,882.0,608.0,261.0,616.0,263.0
0.0,1725.0,863.0,870.0,882.0,866.0,866.0,609.0,261.0,604.0,259.0
0.0,1744.0,857.0,870.0,866.0,857.0,857.0,609.0,261.0,601.0,256.0
0.0,1753.0,856.0,871.0,857.0,859.0,859.0,610.0,261.0,597.0,259.0
0.0,1754.0,862.0,872.0,859.0,865.0,865.0,610.0,262.0,604.0,258.0
0.0,1751.0,872.0,872.0,865.0,872.0,872.0,610.0,262.0,610.0,262.0
0.0,1744.0,890.0,873.0,872.0,893.0,893.0,611.0,262.0,624.0,266.0
0.0,1726.0,907.0,873.0,893.0,907.0,907.0,611.0,262.0,633.0,274.0
0.0,1712.0,920.0,874.0,907.0,923.0,923.0,612.0,262.0,645.0,275.0
0.0,1699.0,923.0,875.0,923.0,926.0,926.0,612.0,263.0,646.0,277.0
0.0,1699.0,922.0,876.0,926.0,925.0,925.0,613.0,263.0,645.0,277.0
0.0,1703.0,916.0,876.0,925.0,916.0,916.0,613.0,263.0,642.0,274.0
0.0,1712.0,900.0,877.0,916.0,903.0,903.0,614.0,263.0,630.0,270.0
0.0,1728.0,890.0,877.0,903.0,890.0,890.0,614.0,263.0,622.0,268.0
0.0,1741.0,871.0,879.0,890.0,877.0,877.0,615.0,264.0,610.0,261.0
0.0,1760.0,866.0,879.0,877.0,866.0,866.0,615.0,264.0,607.0,259.0
0.0,1771.0,861.0,880.0,866.0,864.0,864.0,616.0,264.0,603.0,258.0
0.0,1776.0,870.0,880.0,864.0,870.0,870.0,616.0,264.0,610.0,260.0
0.0,1770.0,883.0,881.0,870.0,886.0,886.0,617.0,264.0,616.0,267.0
0.0,1757.0,900.0,881.0,886.0,900.0,900.0,617.0,264.0,631.0,269.0
0.0,1743.0,913.0,883.0,900.0,919.0,919.0,618.0,265.0,639.0,274.0
0.0,1730.0,929.0,883.0,919.0,929.0,929.0,618.0,265.0,651.0,278.0
0.0,1720.0,931.0,883.0,929.0,931.0,931.0,618.0,265.0,652.0,279.0
0.0,1718.0,936.0,884.0,931.0,939.0,939.0,619.0,265.0,654.0,282.0
0.0,1713.0,922.0,885.0,939.0,925.0,925.0,619.0,266.0,645.0,277.0
0.0,1730.0,909.0,886.0,925.0,912.0,912.0,620.0,266.0,636.0,273.0
0.0,1746.0,896.0,886.0,912.0,896.0,896.0,620.0,266.0,628.0,268.0
0.0,1762.0,880.0,887.0,896.0,883.0,883.0,621.0,266.0,616.0,264.0
0.0,1778.0,877.0,887.0,883.0,877.0,877.0,621.0,266.0,613.0,264.0
0.0,1784.0,870.0,888.0,877.0,873.0,873.0,622.0,266.0,609.0,261.0
0.0,1791.0,880.0,889.0,873.0,883.0,883.0,622.0,267.0,617.0,263.0
0.0,1784.0,889.0,890.0,883.0,892.0,892.0,623.0,267.0,622.0,267.0
0.0,1778.0,909.0,890.0,892.0,909.0,909.0,623.0,267.0,637.0,272.0
0.0,1761.0,924.0,891.0,909.0,927.0,927.0,624.0,267.0,645.0,279.0
0.0,1746.0,937.0,892.0,927.0,940.0,940.0,624.0,268.0,657.0,280.0
0.0,1736.0,940.0,892.0,940.0,940.0,940.0,624.0,268.0,658.0,282.0
0.0,1736.0,942.0,893.0,940.0,945.0,945.0,625.0,268.0,660.0,282.0
0.0,1734.0,930.0,893.0,945.0,930.0,930.0,625.0,268.0,651.0,279.0
0.0,1749.0,920.0,894.0,930.0,923.0,923.0,626.0,268.0,642.0,278.0
0.0,1759.0,905.0,894.0,923.0,905.0,905.0,626.0,268.0,634.0,271.0
0.0,1777.0,889.0,896.0,905.0,895.0,895.0,627.0,269.0,622.0,267.0
0.0,1793.0,883.0,896.0,895.0,883.0,883.0,627.0,269.0,619.0,264.0
0.0,1805.0,879.0,897.0,883.0,882.0,882.0,628.0,269.0,615.0,264.0
0.0,1809.0,892.0,897.0,882.0,892.0,892.0,628.0,269.0,623.0,269.0
0.0,1799.0,897.0,899.0,892.0,903.0,903.0,629.0,270.0,628.0,269.0
0.0,1794.0,917.0,899.0,903.0,917.0,917.0,629.0,270.0,643.0,274.0
0.0,1780.0,930.0,900.0,917.0,933.0,933.0,630.0,270.0,651.0,279.0
0.0,1767.0,946.0,900.0,933.0,946.0,946.0,630.0,270.0,663.0,283.0
0.0,1754.0,952.0,901.0,946.0,955.0,955.0,631.0,270.0,664.0,288.0
0.0,1748.0,950.0,902.0,955.0,953.0,953.0,631.0,271.0,666.0,284.0
0.0,1753.0,939.0,902.0,953.0,939.0,939.0,631.0,271.0,657.0,282.0
0.0,1767.0,929.0,903.0,939.0,932.0,932.0,632.0,271.0,651.0,278.0
0.0,1777.0,910.0,903.0,932.0,910.0,910.0,632.0,271.0,637.0,273.0
0.0,1799.0,900.0,904.0,910.0,903.0,903.0,633.0,271.0,628.0,272.0
0.0,1809.0,892.0,905.0,903.0,895.0,895.0,633.0,272.0,625.0,267.0
0.0,1820.0,887.0,906.0,895.0,890.0,890.0,634.0,272.0,621.0,266.0
0.0,1828.0,897.0,906.0,890.0,897.0,897.0,634.0,272.0,629.0,268.0
0.0,1821.0,907.0,907.0,897.0,910.0,910.0,635.0,272.0,635.0,272.0
0.0,1811.0,929.0,907.0,910.0,929.0,929.0,635.0,272.0,649.0,280.0
0.0,1792.0,939.0,908.0,929.0,942.0,942.0,636.0,272.0,657.0,282.0
0.0,1782.0,954.0,909.0,942.0,957.0,957.0,636.0,273.0,669.0,285.0
0.0,1770.0,957.0,910.0,957.0,960.0,960.0,637.0,273.0,670.0,287.0
0.0,1770.0,960.0,910.0,960.0,960.0,960.0,637.0,273.0,673.0,287.0
0.0,1770.0,950.0,911.0,960.0,953.0,953.0,638.0,273.0,663.0,287.0
0.0,1780.0,937.0,912.0,953.0,940.0,940.0,638.0,274.0,657.0,280.0
0.0,1796.0,919.0,912.0,940.0,919.0,919.0,638.0,274.0,643.0,276.0
0.0,1817.0,909.0,913.0,919.0,912.0,912.0,639.0,274.0,637.0,272.0
0.0,1827.0,897.0,913.0,912.0,897.0,897.0,639.0,274.0,628.0,269.0
0.0,1842.0,899.0,914.0,897.0,902.0,902.0,640.0,274.0,627.0,272.0
0.0,1840.0,906.0,915.0,902.0,909.0,909.0,640.0,275.0,635.0,271.0
0.0,1836.0,916.0,916.0,909.0,919.0,919.0,641.0,275.0,641.0,275.0
0.0,1829.0,934.0,916.0,919.0,934.0,934.0,641.0,275.0,655.0,279.0
0.0,1814.0,947.0,917.0,934.0,950.0,950.0,642.0,275.0,663.0,284.0
0.0,1801.0,966.0,917.0,950.0,966.0,966.0,642.0,275.0,675.0,291.0
0.0,1785.0,966.0,919.0,966.0,972.0,972.0,643.0,276.0,676.0,290.0
0.0,1785.0,969.0,919.0,972.0,969.0,969.0,643.0,276.0,679.0,290.0
0.0,1788.0,957.0,920.0,969.0,960.0,960.0,644.0,276.0,670.0,287.0
0.0,1800.0,949.0,920.0,960.0,949.0,949.0,644.0,276.0,663.0,286.0
0.0,1811.0,927.0,921.0,949.0,930.0,930.0,645.0,276.0,649.0,278.0
0.0,1833.0,917.0,922.0,930.0,920.0,920.0,645.0,277.0,643.0,274.0
0.0,1846.0,906.0,922.0,920.0,906.0,906.0,645.0,277.0,634.0,272.0
0.0,1860.0,907.0,923.0,906.0,910.0,910.0,646.0,277.0,636.0,271.0
0.0,1859.0,911.0,923.0,910.0,911.0,911.0,646.0,277.0,638.0,273.0
0.0,1858.0,930.0,924.0,911.0,933.0,933.0,647.0,277.0,650.0,280.0
0.0,1839.0,940.0,925.0,933.0,943.0,943.0,647.0,278.0,658.0,282.0
0.0,1832.0,956.0,926.0,943.0,959.0,959.0,648.0,278.0,669.0,287.0
0.0,1819.0,972.0,926.0,959.0,972.0,972.0,648.0,278.0,681.0,291.0
0.0,1806.0,974.0,927.0,972.0,977.0,977.0,649.0,278.0,682.0,292.0
0.0,1804.0,980.0,927.0,977.0,980.0,980.0,649.0,278.0,685.0,295.0
0.0,1801.0,966.0,929.0,980.0,972.0,972.0,650.0,279.0,676.0,290.0
0.0,1815.0,955.0,929.0,972.0,955.0,955.0,650.0,279.0,669.0,286.0
0.0,1832.0,937.0,930.0,955.0,940.0,940.0,651.0,279.0,656.0,281.0
0.0,1850.0,926.0,930.0,940.0,926.0,926.0,651.0,279.0,649.0,277.0
0.0,1864.0,917.0,931.0,926.0,920.0,920.0,652.0,279.0,640.0,277.0
0.0,1873.0,916.0,932.0,920.0,919.0,919.0,652.0,280.0,642.0,274.0
0.0,1877.0,920.0,932.0,919.0,920.0,920.0,652.0,280.0,644.0,276.0
0.0,1876.0,936.0,933.0,920.0,939.0,939.0,653.0,280.0,656.0,280.0
0.0,1860.0,949.0,933.0,939.0,949.0,949.0,653.0,280.0,664.0,285.0
0.0,1850.0,967.0,934.0,949.0,970.0,970.0,654.0,280.0,675.0,292.0
0.0,1832.0,980.0,934.0,970.0,980.0,980.0,654.0,280.0,687.0,293.0
0.0,1822.0,983.0,936.0,980.0,989.0,989.0,655.0,281.0,688.0,295.0
0.0,1819.0,986.0,936.0,989.0,986.0,986.0,655.0,281.0,691.0,295.0
0.0,1822.0,974.0,937.0,986.0,977.0,977.0,656.0,281.0,682.0,292.0
0.0,1834.0,966.0,937.0,977.0,966.0,966.0,656.0,281.0,675.0,291.0
0.0,1845.0,946.0,939.0,966.0,952.0,952.0,657.0,282.0,662.0,284.0
0.0,1865.0,935.0,939.0,952.0,935.0,935.0,657.0,282.0,655.0,280.0
0.0,1882.0,923.0,940.0,935.0,926.0,926.0,658.0,282.0,646.0,277.0
0.0,1894.0,926.0,940.0,926.0,926.0,926.0,658.0,282.0,649.0,277.0
0.0,1894.0,932.0,941.0,926.0,935.0,935.0,659.0,282.0,650.0,282.0
0.0,1888.0,944.0,942.0,935.0,947.0,947.0,659.0,283.0,662.0,282.0
0.0,1879.0,957.0,943.0,947.0,960.0,960.0,660.0,283.0,670.0,287.0
0.0,1869.0,976.0,943.0,960.0,976.0,976.0,660.0,283.0,684.0,292.0
0.0,1853.0,986.0,943.0,976.0,986.0,986.0,660.0,283.0,690.0,296.0
0.0,1843.0,999.0,944.0,986.0,1002.0,1002.0,661.0,283.0,698.0,301.0
0.0,1830.0,991.0,945.0,1002.0,994.0,994.0,661.0,284.0,694.0,297.0
0.0,1841.0,983.0,946.0,994.0,986.0,986.0,662.0,284.0,688.0,295.0
0.0,1852.0,972.0,946.0,986.0,972.0,972.0,662.0,284.0,681.0,291.0
0.0,1866.0,957.0,947.0,972.0,960.0,960.0,663.0,284.0,668.0,289.0
0.0,1881.0,943.0,947.0,960.0,943.0,943.0,663.0,284.0,661.0,282.0
0.0,1898.0,932.0,949.0,943.0,938.0,938.0,664.0,285.0,652.0,280.0
0.0,1909.0,934.0,949.0,938.0,934.0,934.0,664.0,285.0,655.0,279.0
0.0,1913.0,937.0,950.0,934.0,940.0,940.0,665.0,285.0,656.0,281.0
0.0,1910.0,953.0,950.0,940.0,953.0,953.0,665.0,285.0,668.0,285.0
0.0,1897.0,969.0,951.0,953.0,972.0,972.0,666.0,285.0,676.0,293.0
0.0,1881.0,985.0,952.0,972.0,988.0,988.0,666.0,286.0,690.0,295.0
0.0,1868.0,994.0,952.0,988.0,994.0,994.0,666.0,286.0,696.0,298.0
0.0,1862.0,1004.0,953.0,994.0,1007.0,1007.0,667.0,286.0,704.0,300.0
0.0,1852.0,1000.0,953.0,1007.0,1000.0,1000.0,667.0,286.0,700.0,300.0
0.0,1859.0,997.0,954.0,1000.0,1000.0,1000.0,668.0,286.0,697.0,300.0
0.0,1862.0,977.0,954.0,1000.0,977.0,977.0,668.0,286.0,684.0,293.0
0.0,1885.0,963.0,956.0,977.0,969.0,969.0,669.0,287.0,674.0,289.0
0.0,1899.0,952.0,956.0,969.0,952.0,952.0,669.0,287.0,667.0,285.0
0.0,1916.0,940.0,957.0,952.0,943.0,943.0,670.0,287.0,658.0,282.0
0.0,1928.0,946.0,957.0,943.0,946.0,946.0,670.0,287.0,661.0,285.0
0.0,1925.0,946.0,959.0,946.0,952.0,952.0,671.0,288.0,662.0,284.0
0.0,1925.0,962.0,959.0,952.0,962.0,962.0,671.0,288.0,674.0,288.0
0.0,1915.0,974.0,960.0,962.0,977.0,977.0,672.0,288.0,682.0,292.0
0.0,1903.0,996.0,960.0,977.0,996.0,996.0,672.0,288.0,696.0,300.0
0.0,1884.0,1003.0,961.0,996.0,1006.0,1006.0,673.0,288.0,702.0,301.0
0.0,1877.0,1013.0,962.0,1006.0,1016.0,1016.0,673.0,289.0,710.0,303.0
0.0,1870.0,1009.0,963.0,1016.0,1012.0,1012.0,674.0,289.0,706.0,303.0
0.0,1877.0,1003.0,963.0,1012.0,1003.0,1003.0,674.0,289.0,703.0,300.0
0.0,1886.0,987.0,963.0,1003.0,987.0,987.0,674.0,289.0,691.0,296.0
0.0,1902.0,977.0,964.0,987.0,980.0,980.0,675.0,289.0,683.0,294.0
0.0,1912.0,957.0,965.0,980.0,960.0,960.0,675.0,290.0,670.0,287.0
0.0,1935.0,949.0,966.0,960.0,952.0,952.0,676.0,290.0,664.0,285.0
0.0,1946.0,951.0,966.0,952.0,951.0,951.0,676.0,290.0,667.0,284.0
0.0,1947.0,954.0,967.0,951.0,957.0,957.0,677.0,290.0,668.0,286.0
0.0,1944.0,973.0,967.0,957.0,973.0,973.0,677.0,290.0,680.0,293.0
0.0,1928.0,983.0,968.0,973.0,986.0,986.0,678.0,290.0,688.0,295.0
0.0,1918.0,1002.0,969.0,986.0,1005.0,1005.0,678.0,291.0,702.0,300.0
0.0,1902.0,1012.0,970.0,1005.0,1015.0,1015.0,679.0,291.0,708.0,304.0
0.0,1895.0,1021.0,970.0,1015.0,1021.0,1021.0,679.0,291.0,716.0,305.0
0.0,1889.0,1020.0,971.0,1021.0,1023.0,1023.0,680.0,291.0,712.0,308.0
0.0,1890.0,1012.0,972.0,1023.0,1015.0,1015.0,680.0,292.0,709.0,303.0
0.0,1901.0,996.0,972.0,1015.0,996.0,996.0,680.0,292.0,697.0,299.0
0.0,1920.0,983.0,973.0,996.0,986.0,986.0,681.0,292.0,689.0,294.0
0.0,1933.0,967.0,973.0,986.0,967.0,967.0,681.0,292.0,677.0,290.0
0.0,1952.0,963.0,974.0,967.0,966.0,966.0,682.0,292.0,673.0,290.0
0.0,1956.0,957.0,974.0,966.0,957.0,957.0,682.0,292.0,670.0,287.0
0.0,1965.0,963.0,976.0,957.0,969.0,969.0,683.0,293.0,674.0,289.0
0.0,1959.0,979.0,976.0,969.0,979.0,979.0,683.0,293.0,686.0,293.0
0.0,1949.0,992.0,977.0,979.0,995.0,995.0,684.0,293.0,694.0,298.0
0.0,1936.0,1013.0,977.0,995.0,1013.0,1013.0,684.0,293.0,708.0,305.0
0.0,1918.0,1020.0,979.0,1013.0,1026.0,1026.0,685.0,294.0,714.0,306.0
0.0,1911.0,1030.0,979.0,1026.0,1030.0,1030.0,685.0,294.0,722.0,308.0
0.0,1907.0,1026.0,980.0,1030.0,1029.0,1029.0,686.0,294.0,718.0,308.0
0.0,1911.0,1020.0,980.0,1029.0,1020.0,1020.0,686.0,294.0,715.0,305.0
0.0,1920.0,1007.0,981.0,1020.0,1010.0,1010.0,687.0,294.0,703.0,304.0
0.0,1933.0,992.0,981.0,1010.0,992.0,992.0,687.0,294.0,695.0,297.0
0.0,1951.0,976.0,982.0,992.0,979.0,979.0,687.0,295.0,683.0,293.0
0.0,1967.0,970.0,983.0,979.0,973.0,973.0,688.0,295.0,680.0,290.0
0.0,1976.0,966.0,983.0,973.0,966.0,966.0,688.0,295.0,676.0,290.0
0.0,1983.0,978.0,984.0,966.0,981.0,981.0,689.0,295.0,683.0,295.0
0.0,1971.0,984.0,985.0,981.0,987.0,987.0,689.0,296.0,689.0,295.0
0.0,1968.0,1000.0,986.0,987.0,1003.0,1003.0,690.0,296.0,700.0,300.0
0.0,1955.0,1020.0,986.0,1003.0,1020.0,1020.0,690.0,296.0,715.0,305.0
0.0,1938.0,1029.0,987.0,1020.0,1032.0,1032.0,691.0,296.0,720.0,309.0
0.0,1929.0,1042.0,987.0,1032.0,1042.0,1042.0,691.0,296.0,728.0,314.0
0.0,1919.0,1034.0,989.0,1042.0,1040.0,1040.0,692.0,297.0,724.0,310.0
0.0,1927.0,1029.0,989.0,1040.0,1029.0,1029.0,692.0,297.0,721.0,308.0
0.0,1938.0,1013.0,990.0,1029.0,1016.0,1016.0,693.0,297.0,709.0,304.0
0.0,1954.0,1000.0,990.0,1016.0,1000.0,1000.0,693.0,297.0,701.0,299.0
0.0,1970.0,987.0,991.0,1000.0,990.0,990.0,694.0,297.0,689.0,298.0
0.0,1983.0,979.0,992.0,990.0,982.0,982.0,694.0,298.0,686.0,293.0
0.0,1994.0,974.0,992.0,982.0,974.0,974.0,694.0,298.0,682.0,292.0
0.0,2002.0,983.0,993.0,974.0,986.0,986.0,695.0,298.0,689.0,294.0
0.0,1993.0,993.0,993.0,986.0,993.0,993.0,695.0,298.0,695.0,298.0
0.0,1986.0,1012.0,994.0,993.0,1015.0,1015.0,696.0,298.0,706.0,306.0
0.0,1967.0,1029.0,994.0,1015.0,1029.0,1029.0,696.0,298.0,721.0,308.0
0.0,1953.0,1037.0,996.0,1029.0,1043.0,1043.0,697.0,299.0,726.0,311.0
0.0,1945.0,1047.0,996.0,1043.0,1047.0,1047.0,697.0,299.0,734.0,313.0
0.0,1941.0,1043.0,997.0,1047.0,1046.0,1046.0,698.0,299.0,730.0,313.0
0.0,1945.0,1040.0,997.0,1046.0,1040.0,1040.0,698.0,299.0,727.0,313.0
0.0,1951.0,1021.0,999.0,1040.0,1027.0,1027.0,699.0,300.0,715.0,306.0
0.0,1970.0,1009.0,999.0,1027.0,1009.0,1009.0,699.0,300.0,707.0,302.0
0.0,1988.0,993.0,1000.0,1009.0,996.0,996.0,700.0,300.0,695.0,298.0
0.0,2004.0,987.0,1000.0,996.0,987.0,987.0,700.0,300.0,692.0,295.0
0.0,2013.0,986.0,1001.0,987.0,989.0,989.0,701.0,300.0,688.0,298.0
0.0,2014.0,992.0,1002.0,989.0,995.0,995.0,701.0,301.0,695.0,297.0
0.0,2011.0,1002.0,1002.0,995.0,1002.0,1002.0,701.0,301.0,701.0,301.0
0.0,2004.0,1020.0,1003.0,1002.0,1023.0,1023.0,702.0,301.0,715.0,305.0
0.0,1986.0,1034.0,1003.0,1023.0,1034.0,1034.0,702.0,301.0,724.0,310.0
0.0,1975.0,1053.0,1004.0,1034.0,1056.0,1056.0,703.0,301.0,736.0,317.0
0.0,1956.0,1053.0,1005.0,1056.0,1056.0,1056.0,703.0,302.0,737.0,316.0
0.0,1959.0,1052.0,1006.0,1056.0,1055.0,1055.0,704.0,302.0,736.0,316.0
0.0,1963.0,1046.0,1006.0,1055.0,1046.0,1046.0,704.0,302.0,733.0,313.0
0.0,1972.0,1033.0,1007.0,1046.0,1036.0,1036.0,705.0,302.0,721.0,312.0
0.0,1985.0,1017.0,1007.0,1036.0,1017.0,1017.0,705.0,302.0,713.0,304.0
0.0,2004.0,1001.0,1009.0,1017.0,1007.0,1007.0,706.0,303.0,701.0,300.0
0.0,2020.0,996.0,1009.0,1007.0,996.0,996.0,706.0,303.0,698.0,298.0
0.0,2031.0,991.0,1010.0,996.0,994.0,994.0,707.0,303.0,694.0,297.0
0.0,2036.0,1000.0,1010.0,994.0,1000.0,1000.0,707.0,303.0,701.0,299.0
0.0,2030.0,1013.0,1011.0,1000.0,1016.0,1016.0,708.0,303.0,707.0,306.0
0.0,2017.0,1030.0,1012.0,1016.0,1033.0,1033.0,708.0,304.0,722.0,308.0
0.0,2003.0,1043.0,1012.0,1033.0,1043.0,1043.0,708.0,304.0,730.0,313.0
0.0,1993.0,1059.0,1013.0,1043.0,1062.0,1062.0,709.0,304.0,742.0,317.0
0.0,1977.0,1061.0,1013.0,1062.0,1061.0,1061.0,709.0,304.0,743.0,318.0
0.0,1978.0,1066.0,1014.0,1061.0,1069.0,1069.0,710.0,304.0,745.0,321.0
0.0,1973.0,1052.0,1015.0,1069.0,1055.0,1055.0,710.0,305.0,736.0,316.0
0.0,1990.0,1039.0,1016.0,1055.0,1042.0,1042.0,711.0,305.0,727.0,312.0
0.0,2006.0,1026.0,1016.0,1042.0,1026.0,1026.0,711.0,305.0,719.0,307.0
0.0,2022.0,1010.0,1017.0,1026.0,1013.0,1013.0,712.0,305.0,707.0,303.0
0.0,2038.0,1007.0,1017.0,1013.0,1007.0,1007.0,712.0,305.0,704.0,303.0
0.0,2044.0,1000.0,1019.0,1007.0,1006.0,1006.0,713.0,306.0,700.0,300.0
0.0,2051.0,1010.0,1019.0,1006.0,1010.0,1010.0,713.0,306.0,708.0,302.0
0.0,2047.0,1019.0,1020.0,1010.0,1022.0,1022.0,714.0,306.0,713.0,306.0
0.0,2038.0,1039.0,1020.0,1022.0,1039.0,1039.0,714.0,306.0,728.0,311.0
0.0,2021.0,1054.0,1021.0,1039.0,1057.0,1057.0,715.0,306.0,736.0,318.0
0.0,2006.0,1067.0,1021.0,1057.0,1067.0,1067.0,715.0,306.0,748.0,319.0
0.0,1996.0,1070.0,1023.0,1067.0,1076.0,1076.0,716.0,307.0,749.0,321.0
0.0,1993.0,1072.0,1023.0,1076.0,1072.0,1072.0,716.0,307.0,751.0,321.0
0.0,1997.0,1060.0,1023.0,1072.0,1060.0,1060.0,716.0,307.0,742.0,318.0
0.0,2009.0,1053.0,1024.0,1060.0,1056.0,1056.0,717.0,307.0,736.0,317.0
0.0,2016.0,1032.0,1025.0,1056.0,1035.0,1035.0,717.0,308.0,722.0,310.0
0.0,2040.0,1019.0,1026.0,1035.0,1022.0,1022.0,718.0,308.0,713.0,306.0
0.0,2056.0,1013.0,1026.0,1022.0,1013.0,1013.0,718.0,308.0,710.0,303.0
0.0,2065.0,1009.0,1027.0,1013.0,1012.0,1012.0,719.0,308.0,706.0,303.0
0.0,2069.0,1022.0,1027.0,1012.0,1022.0,1022.0,719.0,308.0,714.0,308.0
0.0,2059.0,1027.0,1029.0,1022.0,1033.0,1033.0,720.0,309.0,719.0,308.0
0.0,2054.0,1047.0,1029.0,1033.0,1047.0,1047.0,720.0,309.0,734.0,313.0
0.0,2040.0,1060.0,1030.0,1047.0,1063.0,1063.0,721.0,309.0,742.0,318.0
0.0,2027.0,1076.0,1030.0,1063.0,1076.0,1076.0,721.0,309.0,754.0,322.0
0.0,2014.0,1082.0,1031.0,1076.0,1085.0,1085.0,722.0,309.0,755.0,327.0
0.0,2008.0,1080.0,1032.0,1085.0,1083.0,1083.0,722.0,310.0,757.0,323.0
0.0,2013.0,1069.0,1032.0,1083.0,1069.0,1069.0,722.0,310.0,748.0,321.0
0.0,2027.0,1059.0,1033.0,1069.0,1062.0,1062.0,723.0,310.0,742.0,317.0
0.0,2037.0,1043.0,1033.0,1062.0,1043.0,1043.0,723.0,310.0,728.0,315.0
0.0,2056.0,1027.0,1034.0,1043.0,1030.0,1030.0,724.0,310.0,719.0,308.0
0.0,2072.0,1022.0,1035.0,1030.0,1025.0,1025.0,724.0,311.0,716.0,306.0
0.0,2080.0,1017.0,1036.0,1025.0,1020.0,1020.0,725.0,311.0,712.0,305.0
0.0,2088.0,1027.0,1036.0,1020.0,1027.0,1027.0,725.0,311.0,720.0,307.0
0.0,2081.0,1037.0,1037.0,1027.0,1040.0,1040.0,726.0,311.0,726.0,311.0
0.0,2071.0,1059.0,1037.0,1040.0,1059.0,1059.0,726.0,311.0,740.0,319.0
0.0,2052.0,1069.0,1039.0,1059.0,1075.0,1075.0,727.0,312.0,748.0,321.0
0.0,2042.0,1084.0,1039.0,1075.0,1084.0,1084.0,727.0,312.0,760.0,324.0
0.0,2033.0,1087.0,1040.0,1084.0,1090.0,1090.0,728.0,312.0,761.0,326.0
0.0,2030.0,1090.0,1040.0,1090.0,1090.0,1090.0,728.0,312.0,764.0,326.0
0.0,2030.0,1080.0,1041.0,1090.0,1083.0,1083.0,729.0,312.0,754.0,326.0
0.0,2040.0,1067.0,1041.0,1083.0,1067.0,1067.0,729.0,312.0,748.0,319.0
0.0,2056.0,1049.0,1042.0,1067.0,1052.0,1052.0,729.0,313.0,734.0,315.0
0.0,2074.0,1039.0,1043.0,1052.0,1042.0,1042.0,730.0,313.0,728.0,311.0
0.0,2087.0,1027.0,1043.0,1042.0,1027.0,1027.0,730.0,313.0,719.0,308.0
0.0,2102.0,1029.0,1044.0,1027.0,1032.0,1032.0,731.0,313.0,718.0,311.0
0.0,2100.0,1036.0,1045.0,1032.0,1039.0,1039.0,731.0,314.0,726.0,310.0
0.0,2096.0,1046.0,1046.0,1039.0,1049.0,1049.0,732.0,314.0,732.0,314.0
0.0,2089.0,1064.0,1046.0,1049.0,1064.0,1064.0,732.0,314.0,746.0,318.0
0.0,2074.0,1080.0,1047.0,1064.0,1083.0,1083.0,733.0,314.0,754.0,326.0
0.0,2058.0,1093.0,1047.0,1083.0,1093.0,1093.0,733.0,314.0,766.0,327.0
0.0,2048.0,1096.0,1049.0,1093.0,1102.0,1102.0,734.0,315.0,767.0,329.0
0.0,2045.0,1099.0,1049.0,1102.0,1099.0,1099.0,734.0,315.0,770.0,329.0
0.0,2048.0,1087.0,1050.0,1099.0,1090.0,1090.0,735.0,315.0,761.0,326.0
0.0,2060.0,1076.0,1050.0,1090.0,1076.0,1076.0,735.0,315.0,754.0,322.0
0.0,2074.0,1060.0,1051.0,1076.0,1063.0,1063.0,736.0,315.0,740.0,320.0
0.0,2090.0,1047.0,1052.0,1063.0,1050.0,1050.0,736.0,316.0,734.0,313.0
0.0,2106.0,1036.0,1052.0,1050.0,1036.0,1036.0,736.0,316.0,725.0,311.0
0.0,2120.0,1037.0,1053.0,1036.0,1040.0,1040.0,737.0,316.0,727.0,310.0
0.0,2119.0,1041.0,1053.0,1040.0,1041.0,1041.0,737.0,316.0,729.0,312.0
0.0,2118.0,1057.0,1054.0,1041.0,1060.0,1060.0,738.0,316.0,738.0,319.0
0.0,2102.0,1073.0,1054.0,1060.0,1073.0,1073.0,738.0,316.0,752.0,321.0
0.0,2089.0,1086.0,1056.0,1073.0,1092.0,1092.0,739.0,317.0,760.0,326.0
0.0,2076.0,1102.0,1056.0,1092.0,1102.0,1102.0,739.0,317.0,772.0,330.0
0.0,2066.0,1104.0,1057.0,1102.0,1107.0,1107.0,740.0,317.0,773.0,331.0
0.0,2064.0,1110.0,1057.0,1107.0,1110.0,1110.0,740.0,317.0,776.0,334.0
0.0,2061.0,1096.0,1059.0,1110.0,1102.0,1102.0,741.0,318.0,767.0,329.0
0.0,2075.0,1085.0,1059.0,1102.0,1085.0,1085.0,741.0,318.0,760.0,325.0
0.0,2092.0,1067.0,1060.0,1085.0,1070.0,1070.0,742.0,318.0,747.0,320.0
0.0,2110.0,1056.0,1060.0,1070.0,1056.0,1056.0,742.0,318.0,740.0,316.0
0.0,2124.0,1047.0,1061.0,1056.0,1050.0,1050.0,743.0,318.0,731.0,316.0
0.0,2133.0,1046.0,1061.0,1050.0,1046.0,1046.0,743.0,318.0,733.0,313.0
0.0,2137.0,1050.0,1062.0,1046.0,1053.0,1053.0,743.0,319.0,735.0,315.0
0.0,2133.0,1066.0,1063.0,1053.0,1069.0,1069.0,744.0,319.0,747.0,319.0
0.0,2120.0,1079.0,1063.0,1069.0,1079.0,1079.0,744.0,319.0,755.0,324.0
0.0,2110.0,1100.0,1064.0,1079.0,1103.0,1103.0,745.0,319.0,769.0,331.0
0.0,2089.0,1107.0,1065.0,1103.0,1110.0,1110.0,745.0,320.0,775.0,332.0
0.0,2085.0,1113.0,1066.0,1110.0,1116.0,1116.0,746.0,320.0,779.0,334.0
0.0,2082.0,1116.0,1066.0,1116.0,1116.0,1116.0,746.0,320.0,782.0,334.0
0.0,2082.0,1104.0,1067.0,1116.0,1107.0,1107.0,747.0,320.0,773.0,331.0
0.0,2094.0,1096.0,1067.0,1107.0,1096.0,1096.0,747.0,320.0,766.0,330.0
0.0,2105.0,1076.0,1068.0,1096.0,1079.0,1079.0,748.0,320.0,753.0,323.0
0.0,2125.0,1065.0,1069.0,1079.0,1068.0,1068.0,748.0,321.0,746.0,319.0
0.0,2139.0,1053.0,1070.0,1068.0,1056.0,1056.0,749.0,321.0,737.0,316.0
0.0,2154.0,1056.0,1070.0,1056.0,1056.0,1056.0,749.0,321.0,740.0,316.0
0.0,2154.0,1062.0,1071.0,1056.0,1065.0,1065.0,750.0,321.0,741.0,321.0
0.0,2148.0,1074.0,1072.0,1065.0,1077.0,1077.0,750.0,322.0,753.0,321.0
0.0,2139.0,1087.0,1072.0,1077.0,1087.0,1087.0,750.0,322.0,761.0,326.0
0.0,2129.0,1106.0,1073.0,1087.0,1109.0,1109.0,751.0,322.0,775.0,331.0
0.0,2110.0,1116.0,1073.0,1109.0,1116.0,1116.0,751.0,322.0,781.0,335.0
0.0,2103.0,1129.0,1074.0,1116.0,1132.0,1132.0,752.0,322.0,789.0,340.0
0.0,2090.0,1121.0,1075.0,1132.0,1124.0,1124.0,752.0,323.0,785.0,336.0
0.0,2101.0,1113.0,1076.0,1124.0,1116.0,1116.0,753.0,323.0,779.0,334.0
0.0,2112.0,1102.0,1076.0,1116.0,1102.0,1102.0,753.0,323.0,772.0,330.0
0.0,2126.0,1084.0,1077.0,1102.0,1087.0,1087.0,754.0,323.0,759.0,325.0
0.0,2144.0,1076.0,1077.0,1087.0,1076.0,1076.0,754.0,323.0,752.0,324.0
0.0,2155.0,1062.0,1079.0,1076.0,1068.0,1068.0,755.0,324.0,743.0,319.0
0.0,2169.0,1064.0,1079.0,1068.0,1064.0,1064.0,755.0,324.0,746.0,318.0
0.0,2173.0,1067.0,1080.0,1064.0,1070.0,1070.0,756.0,324.0,747.0,320.0
0.0,2170.0,1083.0,1080.0,1070.0,1083.0,1083.0,756.0,324.0,759.0,324.0
0.0,2157.0,1099.0,1081.0,1083.0,1102.0,1102.0,757.0,324.0,767.0,332.0
0.0,2141.0,1115.0,1081.0,1102.0,1115.0,1115.0,757.0,324.0,781.0,334.0
0.0,2128.0,1124.0,1083.0,1115.0,1130.0,1130.0,758.0,325.0,787.0,337.0
0.0,2119.0,1134.0,1083.0,1130.0,1134.0,1134.0,758.0,325.0,795.0,339.0
0.0,2115.0,1130.0,1083.0,1134.0,1130.0,1130.0,758.0,325.0,791.0,339.0
0.0,2119.0,1127.0,1084.0,1130.0,1130.0,1130.0,759.0,325.0,788.0,339.0
0.0,2122.0,1107.0,1085.0,1130.0,1110.0,1110.0,759.0,326.0,775.0,332.0
0.0,2145.0,1093.0,1086.0,1110.0,1096.0,1096.0,760.0,326.0,765.0,328.0
0.0,2162.0,1082.0,1086.0,1096.0,1082.0,1082.0,760.0,326.0,758.0,324.0
0.0,2176.0,1070.0,1087.0,1082.0,1073.0,1073.0,761.0,326.0,749.0,321.0
0.0,2188.0,1076.0,1087.0,1073.0,1076.0,1076.0,761.0,326.0,752.0,324.0
0.0,2185.0,1076.0,1089.0,1076.0,1082.0,1082.0,762.0,327.0,753.0,323.0
0.0,2185.0,1092.0,1089.0,1082.0,1092.0,1092.0,762.0,327.0,765.0,327.0
0.0,2175.0,1104.0,1090.0,1092.0,1107.0,1107.0,763.0,327.0,773.0,331.0
0.0,2163.0,1123.0,1090.0,1107.0,1123.0,1123.0,763.0,327.0,787.0,336.0
0.0,2147.0,1136.0,1091.0,1123.0,1139.0,1139.0,764.0,327.0,793.0,343.0
0.0,2134.0,1143.0,1092.0,1139.0,1146.0,1146.0,764.0,328.0,801.0,342.0
0.0,2130.0,1139.0,1092.0,1146.0,1139.0,1139.0,764.0,328.0,797.0,342.0
0.0,2137.0,1133.0,1093.0,1139.0,1136.0,1136.0,765.0,328.0,794.0,339.0
0.0,2143.0,1120.0,1093.0,1136.0,1120.0,1120.0,765.0,328.0,782.0,338.0
0.0,2159.0,1104.0,1094.0,1120.0,1107.0,1107.0,766.0,328.0,774.0,330.0
0.0,2175.0,1087.0,1095.0,1107.0,1090.0,1090.0,766.0,329.0,761.0,326.0
0.0,2195.0,1079.0,1096.0,1090.0,1082.0,1082.0,767.0,329.0,755.0,324.0
0.0,2206.0,1081.0,1096.0,1082.0,1081.0,1081.0,767.0,329.0,758.0,323.0
0.0,2207.0,1084.0,1097.0,1081.0,1087.0,1087.0,768.0,329.0,759.0,325.0
0.0,2204.0,1103.0,1097.0,1087.0,1103.0,1103.0,768.0,329.0,771.0,332.0
0.0,2188.0,1113.0,1099.0,1103.0,1119.0,1119.0,769.0,330.0,779.0,334.0
0.0,2178.0,1132.0,1099.0,1119.0,1132.0,1132.0,769.0,330.0,793.0,339.0
0.0,2165.0,1142.0,1100.0,1132.0,1145.0,1145.0,770.0,330.0,799.0,343.0
0.0,2155.0,1151.0,1100.0,1145.0,1151.0,1151.0,770.0,330.0,807.0,344.0
0.0,2149.0,1150.0,1101.0,1151.0,1153.0,1153.0,771.0,330.0,803.0,347.0
0.0,2150.0,1142.0,1102.0,1153.0,1145.0,1145.0,771.0,331.0,800.0,342.0
0.0,2161.0,1126.0,1103.0,1145.0,1129.0,1129.0,772.0,331.0,788.0,338.0
0.0,2180.0,1113.0,1103.0,1129.0,1113.0,1113.0,772.0,331.0,780.0,333.0
0.0,2196.0,1097.0,1103.0,1113.0,1097.0,1097.0,772.0,331.0,768.0,329.0
0.0,2212.0,1093.0,1104.0,1097.0,1096.0,1096.0,773.0,331.0,764.0,329.0
0.0,2216.0,1087.0,1105.0,1096.0,1090.0,1090.0,773.0,332.0,761.0,326.0
0.0,2225.0,1093.0,1106.0,1090.0,1096.0,1096.0,774.0,332.0,765.0,328.0
0.0,2222.0,1109.0,1106.0,1096.0,1109.0,1109.0,774.0,332.0,777.0,332.0
0.0,2209.0,1122.0,1107.0,1109.0,1125.0,1125.0,775.0,332.0,785.0,337.0
0.0,2196.0,1143.0,1107.0,1125.0,1143.0,1143.0,775.0,332.0,799.0,344.0
0.0,2178.0,1150.0,1108.0,1143.0,1153.0,1153.0,776.0,332.0,805.0,345.0
0.0,2171.0,1160.0,1109.0,1153.0,1163.0,1163.0,776.0,333.0,813.0,347.0
0.0,2164.0,1156.0,1110.0,1163.0,1159.0,1159.0,777.0,333.0,809.0,347.0
0.0,2171.0,1150.0,1110.0,1159.0,1150.0,1150.0,777.0,333.0,806.0,344.0
0.0,2180.0,1137.0,1111.0,1150.0,1140.0,1140.0,778.0,333.0,794.0,343.0
0.0,2193.0,1122.0,1112.0,1140.0,1125.0,1125.0,778.0,334.0,786.0,336.0
0.0,2211.0,1106.0,1112.0,1125.0,1106.0,1106.0,778.0,334.0,774.0,332.0
0.0,2230.0,1100.0,1113.0,1106.0,1103.0,1103.0,779.0,334.0,771.0,329.0
0.0,2236.0,1096.0,1113.0,1103.0,1096.0,1096.0,779.0,334.0,767.0,329.0
0.0,2243.0,1105.0,1114.0,1096.0,1108.0,1108.0,780.0,334.0,771.0,334.0
0.0,2234.0,1117.0,1115.0,1108.0,1120.0,1120.0,780.0,335.0,783.0,334.0
0.0,2225.0,1130.0,1116.0,1120.0,1133.0,1133.0,781.0,335.0,791.0,339.0
0.0,2215.0,1150.0,1116.0,1133.0,1150.0,1150.0,781.0,335.0,806.0,344.0
0.0,2198.0,1159.0,1117.0,1150.0,1162.0,1162.0,782.0,335.0,811.0,348.0
0.0,2189.0,1172.0,1117.0,1162.0,1172.0,1172.0,782.0,335.0,819.0,353.0
0.0,2179.0,1164.0,1119.0,1172.0,1170.0,1170.0,783.0,336.0,815.0,349.0
0.0,2187.0,1159.0,1119.0,1170.0,1159.0,1159.0,783.0,336.0,812.0,347.0
0.0,2198.0,1143.0,1120.0,1159.0,1146.0,1146.0,784.0,336.0,800.0,343.0
0.0,2214.0,1133.0,1120.0,1146.0,1133.0,1133.0,784.0,336.0,792.0,341.0
0.0,2227.0,1114.0,1121.0,1133.0,1117.0,1117.0,785.0,336.0,780.0,334.0
0.0,2246.0,1109.0,1122.0,1117.0,1112.0,1112.0,785.0,337.0,777.0,332.0
0.0,2254.0,1104.0,1123.0,1112.0,1107.0,1107.0,786.0,337.0,773.0,331.0
0.0,2262.0,1113.0,1123.0,1107.0,1113.0,1113.0,786.0,337.0,780.0,333.0
0.0,2256.0,1123.0,1123.0,1113.0,1123.0,1123.0,786.0,337.0,786.0,337.0
0.0,2246.0,1145.0,1124.0,1123.0,1148.0,1148.0,787.0,337.0,800.0,345.0
0.0,2224.0,1156.0,1125.0,1148.0,1159.0,1159.0,787.0,338.0,809.0,347.0
0.0,2216.0,1167.0,1126.0,1159.0,1170.0,1170.0,788.0,338.0,817.0,350.0
0.0,2208.0,1177.0,1126.0,1170.0,1177.0,1177.0,788.0,338.0,825.0,352.0
0.0,2201.0,1173.0,1127.0,1177.0,1176.0,1176.0,789.0,338.0,821.0,352.0
0.0,2205.0,1170.0,1127.0,1176.0,1170.0,1170.0,789.0,338.0,818.0,352.0
0.0,2211.0,1151.0,1128.0,1170.0,1154.0,1154.0,790.0,338.0,806.0,345.0
0.0,2230.0,1139.0,1129.0,1154.0,1142.0,1142.0,790.0,339.0,798.0,341.0
0.0,2245.0,1123.0,1130.0,1142.0,1126.0,1126.0,791.0,339.0,786.0,337.0
0.0,2264.0,1117.0,1130.0,1126.0,1117.0,1117.0,791.0,339.0,783.0,334.0
0.0,2273.0,1116.0,1131.0,1117.0,1119.0,1119.0,792.0,339.0,779.0,337.0
0.0,2274.0,1122.0,1132.0,1119.0,1125.0,1125.0,792.0,340.0,786.0,336.0
0.0,2271.0,1132.0,1132.0,1125.0,1132.0,1132.0,792.0,340.0,792.0,340.0
0.0,2264.0,1150.0,1133.0,1132.0,1153.0,1153.0,793.0,340.0,806.0,344.0
0.0,2246.0,1167.0,1133.0,1153.0,1167.0,1167.0,793.0,340.0,815.0,352.0
0.0,2232.0,1180.0,1134.0,1167.0,1183.0,1183.0,794.0,340.0,827.0,353.0
0.0,2219.0,1183.0,1135.0,1183.0,1186.0,1186.0,794.0,341.0,828.0,355.0
0.0,2219.0,1182.0,1136.0,1186.0,1185.0,1185.0,795.0,341.0,827.0,355.0
0.0,2223.0,1176.0,1136.0,1185.0,1176.0,1176.0,795.0,341.0,824.0,352.0
0.0,2232.0,1160.0,1137.0,1176.0,1163.0,1163.0,796.0,341.0,812.0,348.0
0.0,2248.0,1150.0,1137.0,1163.0,1150.0,1150.0,796.0,341.0,804.0,346.0
0.0,2261.0,1131.0,1139.0,1150.0,1137.0,1137.0,797.0,342.0,792.0,339.0
0.0,2280.0,1126.0,1139.0,1137.0,1126.0,1126.0,797.0,342.0,789.0,337.0
0.0,2291.0,1121.0,1140.0,1126.0,1124.0,1124.0,798.0,342.0,785.0,336.0
0.0,2296.0,1130.0,1140.0,1124.0,1130.0,1130.0,798.0,342.0,792.0,338.0
0.0,2290.0,1143.0,1141.0,1130.0,1146.0,1146.0,799.0,342.0,798.0,345.0
0.0,2277.0,1160.0,1141.0,1146.0,1160.0,1160.0,799.0,342.0,813.0,347.0
0.0,2263.0,1173.0,1143.0,1160.0,1179.0,1179.0,800.0,343.0,821.0,352.0
0.0,2250.0,1189.0,1143.0,1179.0,1189.0,1189.0,800.0,343.0,833.0,356.0
0.0,2240.0,1191.0,1143.0,1189.0,1191.0,1191.0,800.0,343.0,834.0,357.0
0.0,2238.0,1196.0,1144.0,1191.0,1199.0,1199.0,801.0,343.0,836.0,360.0
0.0,2233.0,1182.0,1145.0,1199.0,1185.0,1185.0,801.0,344.0,827.0,355.0
0.0,2250.0,1169.0,1146.0,1185.0,1172.0,1172.0,802.0,344.0,818.0,351.0
0.0,2266.0,1156.0,1146.0,1172.0,1156.0,1156.0,802.0,344.0,810.0,346.0
0.0,2282.0,1140.0,1147.0,1156.0,1143.0,1143.0,803.0,344.0,798.0,342.0
0.0,2298.0,1137.0,1147.0,1143.0,1137.0,1137.0,803.0,344.0,795.0,342.0
0.0,2304.0,1130.0,1148.0,1137.0,1133.0,1133.0,804.0,344.0,791.0,339.0
0.0,2311.0,1140.0,1149.0,1133.0,1143.0,1143.0,804.0,345.0,799.0,341.0
0.0,2304.0,1149.0,1150.0,1143.0,1152.0,1152.0,805.0,345.0,804.0,345.0
0.0,2298.0,1169.0,1150.0,1152.0,1169.0,1169.0,805.0,345.0,819.0,350.0
0.0,2281.0,1184.0,1151.0,1169.0,1187.0,1187.0,806.0,345.0,827.0,357.0
0.0,2266.0,1197.0,1152.0,1187.0,1200.0,1200.0,806.0,346.0,839.0,358.0
0.0,2256.0,1200.0,1152.0,1200.0,1200.0,1200.0,806.0,346.0,840.0,360.0
0.0,2256.0,1202.0,1153.0,1200.0,1205.0,1205.0,807.0,346.0,842.0,360.0
0.0,2254.0,1190.0,1153.0,1205.0,1190.0,1190.0,807.0,346.0,833.0,357.0
0.0,2269.0,1180.0,1154.0,1190.0,1183.0,1183.0,808.0,346.0,824.0,356.0
0.0,2279.0,1165.0,1154.0,1183.0,1165.0,1165.0,808.0,346.0,816.0,349.0
0.0,2297.0,1149.0,1156.0,1165.0,1155.0,1155.0,809.0,347.0,804.0,345.0
0.0,2313.0,1143.0,1156.0,1155.0,1143.0,1143.0,809.0,347.0,801.0,342.0
0.0,2325.0,1139.0,1157.0,1143.0,1142.0,1142.0,810.0,347.0,797.0,342.0
0.0,2329.0,1152.0,1157.0,1142.0,1152.0,1152.0,810.0,347.0,805.0,347.0
0.0,2319.0,1157.0,1159.0,1152.0,1163.0,1163.0,811.0,348.0,810.0,347.0
0.0,2314.0,1177.0,1159.0,1163.0,1177.0,1177.0,811.0,348.0,825.0,352.0
0.0,2300.0,1190.0,1160.0,1177.0,1193.0,1193.0,812.0,348.0,833.0,357.0
0.0,2287.0,1206.0,1160.0,1193.0,1206.0,1206.0,812.0,348.0,845.0,361.0
0.0,2274.0,1212.0,1161.0,1206.0,1215.0,1215.0,813.0,348.0,846.0,366.0
0.0,2268.0,1210.0,1162.0,1215.0,1213.0,1213.0,813.0,349.0,848.0,362.0
0.0,2273.0,1199.0,1162.0,1213.0,1199.0,1199.0,813.0,349.0,839.0,360.0
0.0,2287.0,1189.0,1163.0,1199.0,1192.0,1192.0,814.0,349.0,833.0,356.0
0.0,2297.0,1170.0,1163.0,1192.0,1170.0,1170.0,814.0,349.0,819.0,351.0
0.0,2319.0,1160.0,1164.0,1170.0,1163.0,1163.0,815.0,349.0,810.0,350.0
0.0,2329.0,1152.0,1165.0,1163.0,1155.0,1155.0,815.0,350.0,807.0,345.0
0.0,2340.0,1147.0,1166.0,1155.0,1150.0,1150.0,816.0,350.0,803.0,344.0
0.0,2348.0,1157.0,1166.0,1150.0,1157.0,1157.0,816.0,350.0,811.0,346.0
0.0,2341.0,1167.0,1167.0,1157.0,1170.0,1170.0,817.0,350.0,817.0,350.0
0.0,2331.0,1189.0,1167.0,1170.0,1189.0,1189.0,817.0,350.0,831.0,358.0
0.0,2312.0,1199.0,1168.0,1189.0,1202.0,1202.0,818.0,350.0,839.0,360.0
0.0,2302.0,1214.0,1169.0,1202.0,1217.0,1217.0,818.0,351.0,851.0,363.0
0.0,2290.0,1217.0,1170.0,1217.0,1220.0,1220.0,819.0,351.0,852.0,365.0
0.0,2290.0,1220.0,1170.0,1220.0,1220.0,1220.0,819.0,351.0,855.0,365.0
0.0,2290.0,1210.0,1171.0,1220.0,1213.0,1213.0,820.0,351.0,845.0,365.0
0.0,2300.0,1197.0,1172.0,1213.0,1200.0,1200.0,820.0,352.0,839.0,358.0
0.0,2316.0,1179.0,1172.0,1200.0,1179.0,1179.0,820.0,352.0,825.0,354.0
0.0,2337.0,1169.0,1173.0,1179.0,1172.0,1172.0,821.0,352.0,819.0,350.0
0.0,2347.0,1157.0,1173.0,1172.0,1157.0,1157.0,821.0,352.0,810.0,347.0
0.0,2362.0,1159.0,1174.0,1157.0,1162.0,1162.0,822.0,352.0,809.0,350.0
0.0,2360.0,1166.0,1175.0,1162.0,1169.0,1169.0,822.0,353.0,817.0,349.0
0.0,2356.0,1176.0,1176.0,1169.0,1179.0,1179.0,823.0,353.0,823.0,353.0
0.0,2349.0,1194.0,1176.0,1179.0,1194.0,1194.0,823.0,353.0,837.0,357.0
0.0,2334.0,1207.0,1177.0,1194.0,1210.0,1210.0,824.0,353.0,845.0,362.0
0.0,2321.0,1226.0,1177.0,1210.0,1226.0,1226.0,824.0,353.0,857.0,369.0
0.0,2305.0,1226.0,1179.0,1226.0,1232.0,1232.0,825.0,354.0,858.0,368.0
0.0,2305.0,1229.0,1179.0,1232.0,1229.0,1229.0,825.0,354.0,861.0,368.0
0.0,2308.0,1217.0,1180.0,1229.0,1220.0,1220.0,826.0,354.0,852.0,365.0
0.0,2320.0,1209.0,1180.0,1220.0,1209.0,1209.0,826.0,354.0,845.0,364.0
0.0,2331.0,1187.0,1181.0,1209.0,1190.0,1190.0,827.0,354.0,831.0,356.0
0.0,2353.0,1177.0,1182.0,1190.0,1180.0,1180.0,827.0,355.0,825.0,352.0
0.0,2366.0,1166.0,1182.0,1180.0,1166.0,1166.0,827.0,355.0,816.0,350.0
0.0,2380.0,1167.0,1183.0,1166.0,1170.0,1170.0,828.0,355.0,818.0,349.0
0.0,2379.0,1171.0,1183.0,1170.0,1171.0,1171.0,828.0,355.0,820.0,351.0
0.0,2378.0,1190.0,1184.0,1171.0,1193.0,1193.0,829.0,355.0,832.0,358.0
0.0,2359.0,1200.0,1185.0,1193.0,1203.0,1203.0,829.0,356.0,840.0,360.0
0.0,2352.0,1216.0,1186.0,1203.0,1219.0,1219.0,830.0,356.0,851.0,365.0
0.0,2339.0,1232.0,1186.0,1219.0,1232.0,1232.0,830.0,356.0,863.0,369.0
0.0,2326.0,1234.0,1187.0,1232.0,1237.0,1237.0,831.0,356.0,864.0,370.0
0.0,2324.0,1240.0,1187.0,1237.0,1240.0,1240.0,831.0,356.0,867.0,373.0
0.0,2321.0,1226.0,1189.0,1240.0,1232.0,1232.0,832.0,357.0,858.0,368.0
0.0,2335.0,1215.0,1189.0,1232.0,1215.0,1215.0,832.0,357.0,851.0,364.0
0.0,2352.0,1197.0,1190.0,1215.0,1200.0,1200.0,833.0,357.0,838.0,359.0
0.0,2370.0,1186.0,1190.0,1200.0,1186.0,1186.0,833.0,357.0,831.0,355.0
0.0,2384.0,1177.0,1191.0,1186.0,1180.0,1180.0,834.0,357.0,822.0,355.0
0.0,2393.0,1176.0,1192.0,1180.0,1179.0,1179.0,834.0,358.0,824.0,352.0
0.0,2397.0,1180.0,1192.0,1179.0,1180.0,1180.0,834.0,358.0,826.0,354.0
0.0,2396.0,1196.0,1193.0,1180.0,1199.0,1199.0,835.0,358.0,838.0,358.0
0.0,2380.0,1209.0,1193.0,1199.0,1209.0,1209.0,835.0,358.0,846.0,363.0
0.0,2370.0,1227.0,1194.0,1209.0,1230.0,1230.0,836.0,358.0,857.0,370.0
0.0,2352.0,1240.0,1194.0,1230.0,1240.0,1240.0,836.0,358.0,869.0,371.0
0.0,2342.0,1243.0,1196.0,1240.0,1249.0,1249.0,837.0,359.0,870.0,373.0
0.0,2339.0,1246.0,1196.0,1249.0,1246.0,1246.0,837.0,359.0,873.0,373.0
0.0,2342.0,1234.0,1197.0,1246.0,1237.0,1237.0,838.0,359.0,864.0,370.0
0.0,2354.0,1226.0,1197.0,1237.0,1226.0,1226.0,838.0,359.0,857.0,369.0
0.0,2365.0,1206.0,1199.0,1226.0,1212.0,1212.0,839.0,360.0,844.0,362.0
0.0,2385.0,1195.0,1199.0,1212.0,1195.0,1195.0,839.0,360.0,837.0,358.0
0.0,2402.0,1183.0,1200.0,1195.0,1186.0,1186.0,840.0,360.0,828.0,355.0
0.0,2414.0,1185.0,1200.0,1186.0,1185.0,1185.0,840.0,360.0,830.0,355.0
0.0,2415.0,1192.0,1201.0,1185.0,1195.0,1195.0,841.0,360.0,832.0,360.0
0.0,2408.0,1204.0,1202.0,1195.0,1207.0,1207.0,841.0,361.0,844.0,360.0
0.0,2399.0,1217.0,1202.0,1207.0,1217.0,1217.0,841.0,361.0,852.0,365.0
0.0,2389.0,1236.0,1203.0,1217.0,1239.0,1239.0,842.0,361.0,866.0,370.0
0.0,2370.0,1246.0,1203.0,1239.0,1246.0,1246.0,842.0,361.0,872.0,374.0
0.0,2363.0,1255.0,1204.0,1246.0,1258.0,1258.0,843.0,361.0,876.0,379.0
0.0,2354.0,1254.0,1205.0,1258.0,1257.0,1257.0,843.0,362.0,879.0,375.0
0.0,2358.0,1243.0,1206.0,1257.0,1246.0,1246.0,844.0,362.0,870.0,373.0
0.0,2372.0,1232.0,1206.0,1246.0,1232.0,1232.0,844.0,362.0,863.0,369.0
0.0,2386.0,1217.0,1207.0,1232.0,1220.0,1220.0,845.0,362.0,850.0,367.0
0.0,2401.0,1203.0,1207.0,1220.0,1203.0,1203.0,845.0,362.0,843.0,360.0
0.0,2418.0,1192.0,1209.0,1203.0,1198.0,1198.0,846.0,363.0,834.0,358.0
0.0,2429.0,1194.0,1209.0,1198.0,1194.0,1194.0,846.0,363.0,837.0,357.0
0.0,2433.0,1197.0,1210.0,1194.0,1200.0,1200.0,847.0,363.0,838.0,359.0
0.0,2430.0,1213.0,1210.0,1200.0,1213.0,1213.0,847.0,363.0,850.0,363.0
0.0,2417.0,1229.0,1211.0,1213.0,1232.0,1232.0,848.0,363.0,858.0,371.0
0.0,2401.0,1245.0,1212.0,1232.0,1248.0,1248.0,848.0,364.0,872.0,373.0
0.0,2388.0,1254.0,1212.0,1248.0,1254.0,1254.0,848.0,364.0,878.0,376.0
0.0,2382.0,1264.0,1213.0,1254.0,1267.0,1267.0,849.0,364.0,886.0,378.0
0.0,2372.0,1260.0,1213.0,1267.0,1260.0,1260.0,849.0,364.0,882.0,378.0
0.0,2379.0,1254.0,1214.0,1260.0,1257.0,1257.0,850.0,364.0,876.0,378.0
0.0,2385.0,1240.0,1214.0,1257.0,1240.0,1240.0,850.0,364.0,869.0,371.0
0.0,2402.0,1223.0,1216.0,1240.0,1229.0,1229.0,851.0,365.0,856.0,367.0
0.0,2419.0,1212.0,1216.0,1229.0,1212.0,1212.0,851.0,365.0,849.0,363.0
0.0,2436.0,1200.0,1217.0,1212.0,1203.0,1203.0,852.0,365.0,840.0,360.0
0.0,2448.0,1206.0,1217.0,1203.0,1206.0,1206.0,852.0,365.0,843.0,363.0
0.0,2445.0,1206.0,1219.0,1206.0,1212.0,1212.0,853.0,366.0,844.0,362.0
0.0,2445.0,1222.0,1219.0,1212.0,1222.0,1222.0,853.0,366.0,856.0,366.0
0.0,2435.0,1234.0,1220.0,1222.0,1237.0,1237.0,854.0,366.0,864.0,370.0
0.0,2423.0,1256.0,1220.0,1237.0,1256.0,1256.0,854.0,366.0,878.0,378.0
0.0,2404.0,1263.0,1221.0,1256.0,1266.0,1266.0,855.0,366.0,884.0,379.0
0.0,2397.0,1273.0,1222.0,1266.0,1276.0,1276.0,855.0,367.0,892.0,381.0
0.0,2390.0,1269.0,1222.0,1276.0,1269.0,1269.0,855.0,367.0,888.0,381.0
0.0,2397.0,1263.0,1223.0,1269.0,1266.0,1266.0,856.0,367.0,885.0,378.0
0.0,2403.0,1247.0,1223.0,1266.0,1247.0,1247.0,856.0,367.0,873.0,374.0
0.0,2422.0,1234.0,1224.0,1247.0,1237.0,1237.0,857.0,367.0,862.0,372.0
0.0,2435.0,1220.0,1225.0,1237.0,1223.0,1223.0,857.0,368.0,855.0,365.0
0.0,2452.0,1209.0,1226.0,1223.0,1212.0,1212.0,858.0,368.0,846.0,363.0
0.0,2466.0,1211.0,1226.0,1212.0,1211.0,1211.0,858.0,368.0,849.0,362.0
0.0,2467.0,1214.0,1227.0,1211.0,1217.0,1217.0,859.0,368.0,850.0,364.0
0.0,2464.0,1233.0,1227.0,1217.0,1233.0,1233.0,859.0,368.0,862.0,371.0
0.0,2448.0,1243.0,1228.0,1233.0,1246.0,1246.0,860.0,368.0,870.0,373.0
0.0,2438.0,1262.0,1229.0,1246.0,1265.0,1265.0,860.0,369.0,884.0,378.0
0.0,2422.0,1272.0,1230.0,1265.0,1275.0,1275.0,861.0,369.0,890.0,382.0
0.0,2415.0,1281.0,1230.0,1275.0,1281.0,1281.0,861.0,369.0,898.0,383.0
0.0,2409.0,1280.0,1231.0,1281.0,1283.0,1283.0,862.0,369.0,894.0,386.0
0.0,2410.0,1272.0,1232.0,1283.0,1275.0,1275.0,862.0,370.0,891.0,381.0
0.0,2421.0,1256.0,1232.0,1275.0,1256.0,1256.0,862.0,370.0,879.0,377.0
0.0,2440.0,1243.0,1233.0,1256.0,1246.0,1246.0,863.0,370.0,871.0,372.0
0.0,2453.0,1227.0,1233.0,1246.0,1227.0,1227.0,863.0,370.0,859.0,368.0
0.0,2472.0,1220.0,1234.0,1227.0,1223.0,1223.0,864.0,370.0,852.0,368.0
0.0,2479.0,1220.0,1234.0,1223.0,1220.0,1220.0,864.0,370.0,855.0,365.0
0.0,2482.0,1223.0,1236.0,1220.0,1229.0,1229.0,865.0,371.0,856.0,367.0
0.0,2479.0,1239.0,1236.0,1229.0,1239.0,1239.0,865.0,371.0,868.0,371.0
0.0,2469.0,1252.0,1237.0,1239.0,1255.0,1255.0,866.0,371.0,876.0,376.0
0.0,2456.0,1273.0,1237.0,1255.0,1273.0,1273.0,866.0,371.0,890.0,383.0
0.0,2438.0,1280.0,1239.0,1273.0,1286.0,1286.0,867.0,372.0,896.0,384.0
0.0,2431.0,1290.0,1239.0,1286.0,1290.0,1290.0,867.0,372.0,904.0,386.0
0.0,2427.0,1286.0,1240.0,1290.0,1289.0,1289.0,868.0,372.0,900.0,386.0
0.0,2431.0,1280.0,1240.0,1289.0,1280.0,1280.0,868.0,372.0,897.0,383.0
0.0,2440.0,1267.0,1241.0,1280.0,1270.0,1270.0,869.0,372.0,885.0,382.0
0.0,2453.0,1252.0,1241.0,1270.0,1252.0,1252.0,869.0,372.0,877.0,375.0
0.0,2471.0,1236.0,1242.0,1252.0,1239.0,1239.0,869.0,373.0,865.0,371.0
0.0,2487.0,1230.0,1243.0,1239.0,1233.0,1233.0,870.0,373.0,862.0,368.0
0.0,2496.0,1226.0,1243.0,1233.0,1226.0,1226.0,870.0,373.0,858.0,368.0
0.0,2503.0,1238.0,1244.0,1226.0,1241.0,1241.0,871.0,373.0,865.0,373.0
0.0,2491.0,1244.0,1245.0,1241.0,1247.0,1247.0,871.0,374.0,871.0,373.0
0.0,2488.0,1260.0,1246.0,1247.0,1263.0,1263.0,872.0,374.0,882.0,378.0
0.0,2475.0,1280.0,1246.0,1263.0,1280.0,1280.0,872.0,374.0,897.0,383.0
0.0,2458.0,1289.0,1247.0,1280.0,1292.0,1292.0,873.0,374.0,902.0,387.0
0.0,2449.0,1302.0,1247.0,1292.0,1302.0,1302.0,873.0,374.0,910.0,392.0
0.0,2439.0,1294.0,1249.0,1302.0,1300.0,1300.0,874.0,375.0,906.0,388.0
0.0,2447.0,1289.0,1249.0,1300.0,1289.0,1289.0,874.0,375.0,903.0,386.0
0.0,2458.0,1273.0,1250.0,1289.0,1276.0,1276.0,875.0,375.0,891.0,382.0
0.0,2474.0,1260.0,1250.0,1276.0,1260.0,1260.0,875.0,375.0,883.0,377.0
0.0,2490.0,1247.0,1251.0,1260.0,1250.0,1250.0,876.0,375.0,871.0,376.0
0.0,2503.0,1239.0,1252.0,1250.0,1242.0,1242.0,876.0,376.0,868.0,371.0
0.0,2514.0,1234.0,1252.0,1242.0,1234.0,1234.0,876.0,376.0,864.0,370.0
0.0,2522.0,1243.0,1253.0,1234.0,1246.0,1246.0,877.0,376.0,871.0,372.0
0.0,2513.0,1253.0,1253.0,1246.0,1253.0,1253.0,877.0,376.0,877.0,376.0
0.0,2506.0,1272.0,1254.0,1253.0,1275.0,1275.0,878.0,376.0,888.0,384.0
0.0,2487.0,1289.0,1254.0,1275.0,1289.0,1289.0,878.0,376.0,903.0,386.0
0.0,2473.0,1297.0,1256.0,1289.0,1303.0,1303.0,879.0,377.0,908.0,389.0
0.0,2465.0,1307.0,1256.0,1303.0,1307.0,1307.0,879.0,377.0,916.0,391.0
0.0,2461.0,1303.0,1257.0,1307.0,1306.0,1306.0,880.0,377.0,912.0,391.0
0.0,2465.0,1300.0,1257.0,1306.0,1300.0,1300.0,880.0,377.0,909.0,391.0
0.0,2471.0,1281.0,1259.0,1300.0,1287.0,1287.0,881.0,378.0,897.0,384.0
0.0,2490.0,1269.0,1259.0,1287.0,1269.0,1269.0,881.0,378.0,889.0,380.0
0.0,2508.0,1253.0,1260.0,1269.0,1256.0,1256.0,882.0,378.0,877.0,376.0
0.0,2524.0,1247.0,1260.0,1256.0,1247.0,1247.0,882.0,378.0,874.0,373.0
0.0,2533.0,1246.0,1261.0,1247.0,1249.0,1249.0,883.0,378.0,870.0,376.0
0.0,2534.0,1252.0,1262.0,1249.0,1255.0,1255.0,883.0,379.0,877.0,375.0
0.0,2531.0,1262.0,1262.0,1255.0,1262.0,1262.0,883.0,379.0,883.0,379.0
0.0,2524.0,1280.0,1263.0,1262.0,1283.0,1283.0,884.0,379.0,897.0,383.0
0.0,2506.0,1294.0,1263.0,1283.0,1294.0,1294.0,884.0,379.0,906.0,388.0
0.0,2495.0,1313.0,1264.0,1294.0,1316.0,1316.0,885.0,379.0,918.0,395.0
0.0,2476.0,1313.0,1265.0,1316.0,1316.0,1316.0,885.0,380.0,919.0,394.0
0.0,2479.0,1312.0,1266.0,1316.0,1315.0,1315.0,886.0,380.0,918.0,394.0
0.0,2483.0,1306.0,1266.0,1315.0,1306.0,1306.0,886.0,380.0,915.0,391.0
0.0,2492.0,1293.0,1267.0,1306.0,1296.0,1296.0,887.0,380.0,903.0,390.0
0.0,2505.0,1277.0,1267.0,1296.0,1277.0,1277.0,887.0,380.0,895.0,382.0
0.0,2524.0,1261.0,1269.0,1277.0,1267.0,1267.0,888.0,381.0,883.0,378.0
0.0,2540.0,1256.0,1269.0,1267.0,1256.0,1256.0,888.0,381.0,880.0,376.0
0.0,2551.0,1251.0,1270.0,1256.0,1254.0,1254.0,889.0,381.0,876.0,375.0
0.0,2556.0,1260.0,1270.0,1254.0,1260.0,1260.0,889.0,381.0,883.0,377.0
0.0,2550.0,1273.0,1271.0,1260.0,1276.0,1276.0,890.0,381.0,889.0,384.0
0.0,2537.0,1290.0,1272.0,1276.0,1293.0,1293.0,890.0,382.0,904.0,386.0
0.0,2523.0,1303.0,1272.0,1293.0,1303.0,1303.0,890.0,382.0,912.0,391.0
0.0,2513.0,1319.0,1273.0,1303.0,1322.0,1322.0,891.0,382.0,924.0,395.0
0.0,2497.0,1321.0,1273.0,1322.0,1321.0,1321.0,891.0,382.0,925.0,396.0
0.0,2498.0,1326.0,1274.0,1321.0,1329.0,1329.0,892.0,382.0,927.0,399.0
0.0,2493.0,1312.0,1275.0,1329.0,1315.0,1315.0,892.0,383.0,918.0,394.0
0.0,2510.0,1299.0,1276.0,1315.0,1302.0,1302.0,893.0,383.0,909.0,390.0
0.0,2526.0,1286.0,1276.0,1302.0,1286.0,1286.0,893.0,383.0,901.0,385.0
0.0,2542.0,1270.0,1277.0,1286.0,1273.0,1273.0,894.0,383.0,889.0,381.0
0.0,2558.0,1267.0,1277.0,1273.0,1267.0,1267.0,894.0,383.0,886.0,381.0
0.0,2564.0,1260.0,1279.0,1267.0,1266.0,1266.0,895.0,384.0,882.0,378.0
0.0,2571.0,1270.0,1279.0,1266.0,1270.0,1270.0,895.0,384.0,890.0,380.0
0.0,2567.0,1279.0,1280.0,1270.0,1282.0,1282.0,896.0,384.0,895.0,384.0
0.0,2558.0,1299.0,1280.0,1282.0,1299.0,1299.0,896.0,384.0,910.0,389.0
0.0,2541.0,1314.0,1281.0,1299.0,1317.0,1317.0,897.0,384.0,918.0,396.0
0.0,2526.0,1327.0,1281.0,1317.0,1327.0,1327.0,897.0,384.0,930.0,397.0
0.0,2516.0,1330.0,1283.0,1327.0,1336.0,1336.0,898.0,385.0,931.0,399.0
0.0,2513.0,1332.0,1283.0,1336.0,1332.0,1332.0,898.0,385.0,933.0,399.0
0.0,2517.0,1320.0,1283.0,1332.0,1320.0,1320.0,898.0,385.0,924.0,396.0
0.0,2529.0,1313.0,1284.0,1320.0,1316.0,1316.0,899.0,385.0,918.0,395.0
0.0,2536.0,1292.0,1285.0,1316.0,1295.0,1295.0,899.0,386.0,904.0,388.0
0.0,2560.0,1279.0,1286.0,1295.0,1282.0,1282.0,900.0,386.0,895.0,384.0
0.0,2576.0,1273.0,1286.0,1282.0,1273.0,1273.0,900.0,386.0,892.0,381.0
0.0,2585.0,1269.0,1287.0,1273.0,1272.0,1272.0,901.0,386.0,888.0,381.0
0.0,2589.0,1282.0,1287.0,1272.0,1282.0,1282.0,901.0,386.0,896.0,386.0
0.0,2579.0,1287.0,1289.0,1282.0,1293.0,1293.0,902.0,387.0,901.0,386.0
0.0,2574.0,1307.0,1289.0,1293.0,1307.0,1307.0,902.0,387.0,916.0,391.0
0.0,2560.0,1320.0,1290.0,1307.0,1323.0,1323.0,903.0,387.0,924.0,396.0
0.0,2547.0,1336.0,1290.0,1323.0,1336.0,1336.0,903.0,387.0,936.0,400.0
0.0,2534.0,1342.0,1291.0,1336.0,1345.0,1345.0,904.0,387.0,937.0,405.0
0.0,2528.0,1340.0,1292.0,1345.0,1343.0,1343.0,904.0,388.0,939.0,401.0
0.0,2533.0,1329.0,1292.0,1343.0,1329.0,1329.0,904.0,388.0,930.0,399.0
0.0,2547.0,1319.0,1293.0,1329.0,1322.0,1322.0,905.0,388.0,924.0,395.0
0.0,2557.0,1303.0,1293.0,1322.0,1303.0,1303.0,905.0,388.0,910.0,393.0
0.0,2576.0,1287.0,1294.0,1303.0,1290.0,1290.0,906.0,388.0,901.0,386.0
0.0,2592.0,1282.0,1295.0,1290.0,1285.0,1285.0,906.0,389.0,898.0,384.0
0.0,2600.0,1277.0,1296.0,1285.0,1280.0,1280.0,907.0,389.0,894.0,383.0
0.0,2608.0,1287.0,1296.0,1280.0,1287.0,1287.0,907.0,389.0,902.0,385.0
0.0,2601.0,1297.0,1297.0,1287.0,1300.0,1300.0,908.0,389.0,908.0,389.0
0.0,2591.0,1319.0,1297.0,1300.0,1319.0,1319.0,908.0,389.0,922.0,397.0
0.0,2572.0,1329.0,1299.0,1319.0,1335.0,1335.0,909.0,390.0,930.0,399.0
0.0,2562.0,1344.0,1299.0,1335.0,1344.0,1344.0,909.0,390.0,942.0,402.0
0.0,2553.0,1347.0,1300.0,1344.0,1350.0,1350.0,910.0,390.0,943.0,404.0
0.0,2550.0,1350.0,1300.0,1350.0,1350.0,1350.0,910.0,390.0,946.0,404.0
0.0,2550.0,1340.0,1301.0,1350.0,1343.0,1343.0,911.0,390.0,936.0,404.0
0.0,2560.0,1327.0,1301.0,1343.0,1327.0,1327.0,911.0,390.0,930.0,397.0
0.0,2576.0,1309.0,1302.0,1327.0,1312.0,1312.0,911.0,391.0,916.0,393.0
0.0,2594.0,1299.0,1303.0,1312.0,1302.0,1302.0,912.0,391.0,910.0,389.0
0.0,2607.0,1287.0,1303.0,1302.0,1287.0,1287.0,912.0,391.0,901.0,386.0
0.0,2622.0,1289.0,1304.0,1287.0,1292.0,1292.0,913.0,391.0,900.0,389.0
0.0,2620.0,1296.0,1305.0,1292.0,1299.0,1299.0,913.0,392.0,908.0,388.0
0.0,2616.0,1306.0,1306.0,1299.0,1309.0,1309.0,914.0,392.0,914.0,392.0
0.0,2609.0,1324.0,1306.0,1309.0,1324.0,1324.0,914.0,392.0,928.0,396.0
0.0,2594.0,1340.0,1307.0,1324.0,1343.0,1343.0,915.0,392.0,936.0,404.0
0.0,2578.0,1353.0,1307.0,1343.0,1353.0,1353.0,915.0,392.0,948.0,405.0
0.0,2568.0,1356.0,1309.0,1353.0,1362.0,1362.0,916.0,393.0,949.0,407.0
0.0,2565.0,1359.0,1309.0,1362.0,1359.0,1359.0,916.0,393.0,952.0,407.0
0.0,2568.0,1347.0,1310.0,1359.0,1350.0,1350.0,917.0,393.0,943.0,404.0
0.0,2580.0,1336.0,1310.0,1350.0,1336.0,1336.0,917.0,393.0,936.0,400.0
0.0,2594.0,1320.0,1311.0,1336.0,1323.0,1323.0,918.0,393.0,922.0,398.0
0.0,2610.0,1307.0,1312.0,1323.0,1310.0,1310.0,918.0,394.0,916.0,391.0
0.0,2626.0,1296.0,1312.0,1310.0,1296.0,1296.0,918.0,394.0,907.0,389.0
0.0,2640.0,1297.0,1313.0,1296.0,1300.0,1300.0,919.0,394.0,909.0,388.0
0.0,2639.0,1301.0,1313.0,1300.0,1301.0,1301.0,919.0,394.0,911.0,390.0
0.0,2638.0,1317.0,1314.0,1301.0,1320.0,1320.0,920.0,394.0,920.0,397.0
0.0,2622.0,1333.0,1314.0,1320.0,1333.0,1333.0,920.0,394.0,934.0,399.0
0.0,2609.0,1346.0,1316.0,1333.0,1352.0,1352.0,921.0,395.0,942.0,404.0
0.0,2596.0,1362.0,1316.0,1352.0,1362.0,1362.0,921.0,395.0,954.0,408.0
0.0,2586.0,1364.0,1317.0,1362.0,1367.0,1367.0,922.0,395.0,955.0,409.0
0.0,2584.0,1370.0,1317.0,1367.0,1370.0,1370.0,922.0,395.0,958.0,412.0
0.0,2581.0,1356.0,1319.0,1370.0,1362.0,1362.0,923.0,396.0,949.0,407.0
0.0,2595.0,1345.0,1319.0,1362.0,1345.0,1345.0,923.0,396.0,942.0,403.0
0.0,2612.0,1327.0,1320.0,1345.0,1330.0,1330.0,924.0,396.0,929.0,398.0
0.0,2630.0,1316.0,1320.0,1330.0,1316.0,1316.0,924.0,396.0,922.0,394.0
0.0,2644.0,1307.0,1321.0,1316.0,1310.0,1310.0,925.0,396.0,913.0,394.0
0.0,2653.0,1306.0,1321.0,1310.0,1306.0,1306.0,925.0,396.0,915.0,391.0
0.0,2657.0,1310.0,1322.0,1306.0,1313.0,1313.0,925.0,397.0,917.0,393.0
0.0,2653.0,1326.0,1323.0,1313.0,1329.0,1329.0,926.0,397.0,929.0,397.0
0.0,2640.0,1339.0,1323.0,1329.0,1339.0,1339.0,926.0,397.0,937.0,402.0
0.0,2630.0,1360.0,1324.0,1339.0,1363.0,1363.0,927.0,397.0,951.0,409.0
0.0,2609.0,1367.0,1325.0,1363.0,1370.0,1370.0,927.0,398.0,957.0,410.0
0.0,2605.0,1373.0,1326.0,1370.0,1376.0,1376.0,928.0,398.0,961.0,412.0
0.0,2602.0,1376.0,1326.0,1376.0,1376.0,1376.0,928.0,398.0,964.0,412.0
0.0,2602.0,1364.0,1327.0,1376.0,1367.0,1367.0,929.0,398.0,955.0,409.0
0.0,2614.0,1356.0,1327.0,1367.0,1356.0,1356.0,929.0,398.0,948.0,408.0
0.0,2625.0,1336.0,1328.0,1356.0,1339.0,1339.0,930.0,398.0,935.0,401.0
0.0,2645.0,1325.0,1329.0,1339.0,1328.0,1328.0,930.0,399.0,928.0,397.0
0.0,2659.0,1313.0,1330.0,1328.0,1316.0,1316.0,931.0,399.0,919.0,394.0
0.0,2674.0,1315.0,1330.0,1316.0,1315.0,1315.0,931.0,399.0,921.0,394.0
0.0,2675.0,1322.0,1331.0,1315.0,1325.0,1325.0,932.0,399.0,923.0,399.0
0.0,2668.0,1334.0,1332.0,1325.0,1337.0,1337.0,932.0,400.0,935.0,399.0
0.0,2659.0,1347.0,1332.0,1337.0,1347.0,1347.0,932.0,400.0,943.0,404.0
0.0,2649.0,1366.0,1333.0,1347.0,1369.0,1369.0,933.0,400.0,957.0,409.0
0.0,2630.0,1376.0,1333.0,1369.0,1376.0,1376.0,933.0,400.0,963.0,413.0
0.0,2623.0,1385.0,1334.0,1376.0,1388.0,1388.0,934.0,400.0,967.0,418.0
0.0,2614.0,1384.0,1335.0,1388.0,1387.0,1387.0,934.0,401.0,970.0,414.0
0.0,2618.0,1373.0,1336.0,1387.0,1376.0,1376.0,935.0,401.0,961.0,412.0
0.0,2632.0,1362.0,1336.0,1376.0,1362.0,1362.0,935.0,401.0,954.0,408.0
0.0,2646.0,1344.0,1337.0,1362.0,1347.0,1347.0,936.0,401.0,941.0,403.0
0.0,2664.0,1336.0,1337.0,1347.0,1336.0,1336.0,936.0,401.0,934.0,402.0
0.0,2675.0,1322.0,1339.0,1336.0,1328.0,1328.0,937.0,402.0,925.0,397.0
0.0,2689.0,1324.0,1339.0,1328.0,1324.0,1324.0,937.0,402.0,928.0,396.0
0.0,2693.0,1327.0,1340.0,1324.0,1330.0,1330.0,938.0,402.0,929.0,398.0
0.0,2690.0,1343.0,1340.0,1330.0,1343.0,1343.0,938.0,402.0,941.0,402.0
0.0,2677.0,1359.0,1341.0,1343.0,1362.0,1362.0,939.0,402.0,949.0,410.0
0.0,2661.0,1375.0,1341.0,1362.0,1375.0,1375.0,939.0,402.0,963.0,412.0
0.0,2648.0,1384.0,1342.0,1375.0,1387.0,1387.0,939.0,403.0,969.0,415.0
0.0,2639.0,1394.0,1343.0,1387.0,1397.0,1397.0,940.0,403.0,977.0,417.0
0.0,2632.0,1390.0,1343.0,1397.0,1390.0,1390.0,940.0,403.0,973.0,417.0
0.0,2639.0,1384.0,1344.0,1390.0,1387.0,1387.0,941.0,403.0,967.0,417.0
0.0,2645.0,1370.0,1345.0,1387.0,1373.0,1373.0,941.0,404.0,960.0,410.0
0.0,2662.0,1353.0,1346.0,1373.0,1356.0,1356.0,942.0,404.0,947.0,406.0
0.0,2682.0,1342.0,1346.0,1356.0,1342.0,1342.0,942.0,404.0,940.0,402.0
0.0,2696.0,1330.0,1347.0,1342.0,1333.0,1333.0,943.0,404.0,931.0,399.0
0.0,2708.0,1336.0,1347.0,1333.0,1336.0,1336.0,943.0,404.0,934.0,402.0
0.0,2705.0,1336.0,1349.0,1336.0,1342.0,1342.0,944.0,405.0,935.0,401.0
0.0,2705.0,1352.0,1349.0,1342.0,1352.0,1352.0,944.0,405.0,947.0,405.0
0.0,2695.0,1364.0,1350.0,1352.0,1367.0,1367.0,945.0,405.0,955.0,409.0
0.0,2683.0,1383.0,1350.0,1367.0,1383.0,1383.0,945.0,405.0,969.0,414.0
0.0,2667.0,1396.0,1351.0,1383.0,1399.0,1399.0,946.0,405.0,975.0,421.0
0.0,2654.0,1403.0,1352.0,1399.0,1406.0,1406.0,946.0,406.0,983.0,420.0
0.0,2650.0,1399.0,1352.0,1406.0,1399.0,1399.0,946.0,406.0,979.0,420.0
0.0,2657.0,1393.0,1353.0,1399.0,1396.0,1396.0,947.0,406.0,976.0,417.0
0.0,2663.0,1380.0,1353.0,1396.0,1380.0,1380.0,947.0,406.0,964.0,416.0
0.0,2679.0,1361.0,1354.0,1380.0,1364.0,1364.0,948.0,406.0,953.0,408.0
0.0,2698.0,1350.0,1355.0,1364.0,1353.0,1353.0,948.0,407.0,946.0,404.0
0.0,2712.0,1339.0,1356.0,1353.0,1342.0,1342.0,949.0,407.0,937.0,402.0
0.0,2726.0,1341.0,1356.0,1342.0,1341.0,1341.0,949.0,407.0,940.0,401.0
0.0,2727.0,1344.0,1357.0,1341.0,1347.0,1347.0,950.0,407.0,941.0,403.0
0.0,2724.0,1363.0,1357.0,1347.0,1363.0,1363.0,950.0,407.0,953.0,410.0
0.0,2708.0,1373.0,1359.0,1363.0,1379.0,1379.0,951.0,408.0,961.0,412.0
0.0,2698.0,1392.0,1359.0,1379.0,1392.0,1392.0,951.0,408.0,975.0,417.0
0.0,2685.0,1402.0,1360.0,1392.0,1405.0,1405.0,952.0,408.0,981.0,421.0
0.0,2675.0,1411.0,1360.0,1405.0,1411.0,1411.0,952.0,408.0,989.0,422.0
0.0,2669.0,1410.0,1361.0,1411.0,1413.0,1413.0,953.0,408.0,985.0,425.0
0.0,2670.0,1402.0,1362.0,1413.0,1405.0,1405.0,953.0,409.0,982.0,420.0
0.0,2681.0,1386.0,1362.0,1405.0,1386.0,1386.0,953.0,409.0,970.0,416.0
0.0,2700.0,1373.0,1363.0,1386.0,1376.0,1376.0,954.0,409.0,962.0,411.0
0.0,2713.0,1357.0,1363.0,1376.0,1357.0,1357.0,954.0,409.0,950.0,407.0
0.0,2732.0,1350.0,1364.0,1357.0,1353.0,1353.0,955.0,409.0,943.0,407.0
0.0,2739.0,1350.0,1365.0,1353.0,1353.0,1353.0,955.0,410.0,946.0,404.0
0.0,2742.0,1353.0,1366.0,1353.0,1356.0,1356.0,956.0,410.0,947.0,406.0
0.0,2742.0,1369.0,1366.0,1356.0,1369.0,1369.0,956.0,410.0,959.0,410.0
0.0,2729.0,1382.0,1367.0,1369.0,1385.0,1385.0,957.0,410.0,967.0,415.0
0.0,2716.0,1403.0,1367.0,1385.0,1403.0,1403.0,957.0,410.0,981.0,422.0
0.0,2698.0,1410.0,1368.0,1403.0,1413.0,1413.0,958.0,410.0,987.0,423.0
0.0,2691.0,1420.0,1369.0,1413.0,1423.0,1423.0,958.0,411.0,995.0,425.0
0.0,2684.0,1416.0,1370.0,1423.0,1419.0,1419.0,959.0,411.0,991.0,425.0
0.0,2691.0,1410.0,1370.0,1419.0,1410.0,1410.0,959.0,411.0,988.0,422.0
0.0,2700.0,1397.0,1371.0,1410.0,1400.0,1400.0,960.0,411.0,976.0,421.0
0.0,2713.0,1382.0,1372.0,1400.0,1385.0,1385.0,960.0,412.0,968.0,414.0
0.0,2731.0,1366.0,1372.0,1385.0,1366.0,1366.0,960.0,412.0,956.0,410.0
0.0,2750.0,1360.0,1373.0,1366.0,1363.0,1363.0,961.0,412.0,953.0,407.0
0.0,2756.0,1356.0,1373.0,1363.0,1356.0,1356.0,961.0,412.0,949.0,407.0
0.0,2763.0,1365.0,1374.0,1356.0,1368.0,1368.0,962.0,412.0,953.0,412.0
0.0,2754.0,1377.0,1375.0,1368.0,1380.0,1380.0,962.0,413.0,965.0,412.0
0.0,2745.0,1390.0,1376.0,1380.0,1393.0,1393.0,963.0,413.0,973.0,417.0
0.0,2735.0,1410.0,1376.0,1393.0,1410.0,1410.0,963.0,413.0,988.0,422.0
0.0,2718.0,1419.0,1377.0,1410.0,1422.0,1422.0,964.0,413.0,993.0,426.0
0.0,2709.0,1432.0,1377.0,1422.0,1432.0,1432.0,964.0,413.0,1001.0,431.0
0.0,2699.0,1424.0,1379.0,1432.0,1430.0,1430.0,965.0,414.0,997.0,427.0
0.0,2707.0,1419.0,1379.0,1430.0,1419.0,1419.0,965.0,414.0,994.0,425.0
0.0,2718.0,1403.0,1380.0,1419.0,1406.0,1406.0,966.0,414.0,982.0,421.0
0.0,2734.0,1393.0,1380.0,1406.0,1393.0,1393.0,966.0,414.0,974.0,419.0
0.0,2747.0,1374.0,1381.0,1393.0,1377.0,1377.0,967.0,414.0,962.0,412.0
0.0,2766.0,1369.0,1382.0,1377.0,1372.0,1372.0,967.0,415.0,959.0,410.0
0.0,2774.0,1364.0,1383.0,1372.0,1367.0,1367.0,968.0,415.0,955.0,409.0
0.0,2782.0,1373.0,1383.0,1367.0,1373.0,1373.0,968.0,415.0,962.0,411.0
0.0,2776.0,1383.0,1383.0,1373.0,1383.0,1383.0,968.0,415.0,968.0,415.0
0.0,2766.0,1405.0,1384.0,1383.0,1408.0,1408.0,969.0,415.0,982.0,423.0
0.0,2744.0,1416.0,1385.0,1408.0,1419.0,1419.0,969.0,416.0,991.0,425.0
0.0,2736.0,1427.0,1386.0,1419.0,1430.0,1430.0,970.0,416.0,999.0,428.0
0.0,2728.0,1437.0,1386.0,1430.0,1437.0,1437.0,970.0,416.0,1007.0,430.0
0.0,2721.0,1433.0,1387.0,1437.0,1436.0,1436.0,971.0,416.0,1003.0,430.0
0.0,2725.0,1430.0,1387.0,1436.0,1430.0,1430.0,971.0,416.0,1000.0,430.0
0.0,2731.0,1411.0,1388.0,1430.0,1414.0,1414.0,972.0,416.0,988.0,423.0
0.0,2750.0,1399.0,1389.0,1414.0,1402.0,1402.0,972.0,417.0,980.0,419.0
0.0,2765.0,1383.0,1390.0,1402.0,1386.0,1386.0,973.0,417.0,968.0,415.0
0.0,2784.0,1377.0,1390.0,1386.0,1377.0,1377.0,973.0,417.0,965.0,412.0
0.0,2793.0,1376.0,1391.0,1377.0,1379.0,1379.0,974.0,417.0,961.0,415.0
0.0,2794.0,1382.0,1392.0,1379.0,1385.0,1385.0,974.0,418.0,968.0,414.0
0.0,2791.0,1392.0,1392.0,1385.0,1392.0,1392.0,974.0,418.0,974.0,418.0
0.0,2784.0,1410.0,1393.0,1392.0,1413.0,1413.0,975.0,418.0,988.0,422.0
0.0,2766.0,1427.0,1393.0,1413.0,1427.0,1427.0,975.0,418.0,997.0,430.0
0.0,2752.0,1440.0,1394.0,1427.0,1443.0,1443.0,976.0,418.0,1009.0,431.0
0.0,2739.0,1443.0,1395.0,1443.0,1446.0,1446.0,976.0,419.0,1010.0,433.0
0.0,2739.0,1442.0,1396.0,1446.0,1445.0,1445.0,977.0,419.0,1009.0,433.0
0.0,2743.0,1436.0,1396.0,1445.0,1436.0,1436.0,977.0,419.0,1006.0,430.0
0.0,2752.0,1420.0,1397.0,1436.0,1423.0,1423.0,978.0,419.0,994.0,426.0
0.0,2768.0,1410.0,1397.0,1423.0,1410.0,1410.0,978.0,419.0,986.0,424.0
0.0,2781.0,1391.0,1399.0,1410.0,1397.0,1397.0,979.0,420.0,974.0,417.0
0.0,2800.0,1386.0,1399.0,1397.0,1386.0,1386.0,979.0,420.0,971.0,415.0
0.0,2811.0,1381.0,1400.0,1386.0,1384.0,1384.0,980.0,420.0,967.0,414.0
0.0,2816.0,1390.0,1400.0,1384.0,1390.0,1390.0,980.0,420.0,974.0,416.0
0.0,2810.0,1403.0,1401.0,1390.0,1406.0,1406.0,981.0,420.0,980.0,423.0
0.0,2797.0,1420.0,1401.0,1406.0,1420.0,1420.0,981.0,420.0,995.0,425.0
0.0,2783.0,1433.0,1403.0,1420.0,1439.0,1439.0,982.0,421.0,1003.0,430.0
0.0,2770.0,1449.0,1403.0,1439.0,1449.0,1449.0,982.0,421.0,1015.0,434.0
0.0,2760.0,1451.0,1403.0,1449.0,1451.0,1451.0,982.0,421.0,1016.0,435.0
0.0,2758.0,1456.0,1404.0,1451.0,1459.0,1459.0,983.0,421.0,1018.0,438.0
0.0,2753.0,1442.0,1405.0,1459.0,1445.0,1445.0,983.0,422.0,1009.0,433.0
0.0,2770.0,1429.0,1406.0,1445.0,1432.0,1432.0,984.0,422.0,1000.0,429.0
0.0,2786.0,1416.0,1406.0,1432.0,1416.0,1416.0,984.0,422.0,992.0,424.0
0.0,2802.0,1400.0,1407.0,1416.0,1403.0,1403.0,985.0,422.0,980.0,420.0
0.0,2818.0,1397.0,1407.0,1403.0,1397.0,1397.0,985.0,422.0,977.0,420.0
0.0,2824.0,1390.0,1408.0,1397.0,1393.0,1393.0,986.0,422.0,973.0,417.0
0.0,2831.0,1400.0,1409.0,1393.0,1403.0,1403.0,986.0,423.0,981.0,419.0
0.0,2824.0,1409.0,1410.0,1403.0,1412.0,1412.0,987.0,423.0,986.0,423.0
0.0,2818.0,1429.0,1410.0,1412.0,1429.0,1429.0,987.0,423.0,1001.0,428.0
0.0,2801.0,1444.0,1411.0,1429.0,1447.0,1447.0,988.0,423.0,1009.0,435.0
0.0,2786.0,1457.0,1412.0,1447.0,1460.0,1460.0,988.0,424.0,1021.0,436.0
0.0,2776.0,1460.0,1412.0,1460.0,1460.0,1460.0,988.0,424.0,1022.0,438.0
0.0,2776.0,1462.0,1413.0,1460.0,1465.0,1465.0,989.0,424.0,1024.0,438.0
0.0,2774.0,1450.0,1413.0,1465.0,1450.0,1450.0,989.0,424.0,1015.0,435.0
0.0,2789.0,1440.0,1414.0,1450.0,1443.0,1443.0,990.0,424.0,1006.0,434.0
0.0,2799.0,1425.0,1414.0,1443.0,1425.0,1425.0,990.0,424.0,998.0,427.0
0.0,2817.0,1409.0,1416.0,1425.0,1415.0,1415.0,991.0,425.0,986.0,423.0
0.0,2833.0,1403.0,1416.0,1415.0,1403.0,1403.0,991.0,425.0,983.0,420.0
0.0,2845.0,1399.0,1417.0,1403.0,1402.0,1402.0,992.0,425.0,979.0,420.0
0.0,2849.0,1412.0,1417.0,1402.0,1412.0,1412.0,992.0,425.0,987.0,425.0
0.0,2839.0,1417.0,1419.0,1412.0,1423.0,1423.0,993.0,426.0,992.0,425.0
0.0,2834.0,1437.0,1419.0,1423.0,1437.0,1437.0,993.0,426.0,1007.0,430.0
0.0,2820.0,1450.0,1420.0,1437.0,1453.0,1453.0,994.0,426.0,1015.0,435.0
0.0,2807.0,1466.0,1420.0,1453.0,1466.0,1466.0,994.0,426.0,1027.0,439.0
0.0,2794.0,1472.0,1421.0,1466.0,1475.0,1475.0,995.0,426.0,1028.0,444.0
0.0,2788.0,1470.0,1422.0,1475.0,1473.0,1473.0,995.0,427.0,1030.0,440.0
0.0,2793.0,1459.0,1422.0,1473.0,1459.0,1459.0,995.0,427.0,1021.0,438.0
0.0,2807.0,1449.0,1423.0,1459.0,1452.0,1452.0,996.0,427.0,1015.0,434.0
0.0,2817.0,1430.0,1423.0,1452.0,1430.0,1430.0,996.0,427.0,1001.0,429.0
0.0,2839.0,1420.0,1424.0,1430.0,1423.0,1423.0,997.0,427.0,992.0,428.0
0.0,2849.0,1412.0,1425.0,1423.0,1415.0,1415.0,997.0,428.0,989.0,423.0
0.0,2860.0,1407.0,1426.0,1415.0,1410.0,1410.0,998.0,428.0,985.0,422.0
0.0,2868.0,1417.0,1426.0,1410.0,1417.0,1417.0,998.0,428.0,993.0,424.0
0.0,2861.0,1427.0,1427.0,1417.0,1430.0,1430.0,999.0,428.0,999.0,428.0
0.0,2851.0,1449.0,1427.0,1430.0,1449.0,1449.0,999.0,428.0,1013.0,436.0
0.0,2832.0,1459.0,1428.0,1449.0,1462.0,1462.0,1000.0,428.0,1021.0,438.0
0.0,2822.0,1474.0,1429.0,1462.0,1477.0,1477.0,1000.0,429.0,1033.0,441.0
0.0,2810.0,1477.0,1430.0,1477.0,1480.0,1480.0,1001.0,429.0,1034.0,443.0
0.0,2810.0,1480.0,1430.0,1480.0,1480.0,1480.0,1001.0,429.0,1037.0,443.0
0.0,2810.0,1470.0,1431.0,1480.0,1473.0,1473.0,1002.0,429.0,1027.0,443.0
0.0,2820.0,1457.0,1432.0,1473.0,1460.0,1460.0,1002.0,430.0,1021.0,436.0
0.0,2836.0,1439.0,1432.0,1460.0,1439.0,1439.0,1002.0,430.0,1007.0,432.0
0.0,2857.0,1429.0,1433.0,1439.0,1432.0,1432.0,1003.0,430.0,1001.0,428.0
0.0,2867.0,1417.0,1433.0,1432.0,1417.0,1417.0,1003.0,430.0,992.0,425.0
0.0,2882.0,1419.0,1434.0,1417.0,1422.0,1422.0,1004.0,430.0,991.0,428.0
0.0,2880.0,1426.0,1435.0,1422.0,1429.0,1429.0,1004.0,431.0,999.0,427.0
0.0,2876.0,1436.0,1436.0,1429.0,1439.0,1439.0,1005.0,431.0,1005.0,431.0
0.0,2869.0,1454.0,1436.0,1439.0,1454.0,1454.0,1005.0,431.0,1019.0,435.0
0.0,2854.0,1467.0,1437.0,1454.0,1470.0,1470.0,1006.0,431.0,1027.0,440.0
0.0,2841.0,1486.0,1437.0,1470.0,1486.0,1486.0,1006.0,431.0,1039.0,447.0
0.0,2825.0,1486.0,1439.0,1486.0,1492.0,1492.0,1007.0,432.0,1040.0,446.0
0.0,2825.0,1489.0,1439.0,1492.0,1489.0,1489.0,1007.0,432.0,1043.0,446.0
0.0,2828.0,1477.0,1440.0,1489.0,1480.0,1480.0,1008.0,432.0,1034.0,443.0
0.0,2840.0,1469.0,1440.0,1480.0,1469.0,1469.0,1008.0,432.0,1027.0,442.0
0.0,2851.0,1447.0,1441.0,1469.0,1450.0,1450.0,1009.0,432.0,1013.0,434.0
0.0,2873.0,1437.0,1442.0,1450.0,1440.0,1440.0,1009.0,433.0,1007.0,430.0
0.0,2886.0,1426.0,1442.0,1440.0,1426.0,1426.0,1009.0,433.0,998.0,428.0
0.0,2900.0,1427.0,1443.0,1426.0,1430.0,1430.0,1010.0,433.0,1000.0,427.0
0.0,2899.0,1431.0,1443.0,1430.0,1431.0,1431.0,1010.0,433.0,1002.0,429.0
0.0,2898.0,1450.0,1444.0,1431.0,1453.0,1453.0,1011.0,433.0,1014.0,436.0
0.0,2879.0,1460.0,1445.0,1453.0,1463.0,1463.0,1011.0,434.0,1022.0,438.0
0.0,2872.0,1476.0,1446.0,1463.0,1479.0,1479.0,1012.0,434.0,1033.0,443.0
0.0,2859.0,1492.0,1446.0,1479.0,1492.0,1492.0,1012.0,434.0,1045.0,447.0
0.0,2846.0,1494.0,1447.0,1492.0,1497.0,1497.0,1013.0,434.0,1046.0,448.0
0.0,2844.0,1500.0,1447.0,1497.0,1500.0,1500.0,1013.0,434.0,1049.0,451.0
0.0,2841.0,1486.0,1449.0,1500.0,1492.0,1492.0,1014.0,435.0,1040.0,446.0
0.0,2855.0,1475.0,1449.0,1492.0,1475.0,1475.0,1014.0,435.0,1033.0,442.0
0.0,2872.0,1457.0,1450.0,1475.0,1460.0,1460.0,1015.0,435.0,1020.0,437.0
0.0,2890.0,1446.0,1450.0,1460.0,1446.0,1446.0,1015.0,435.0,1013.0,433.0
0.0,2904.0,1437.0,1451.0,1446.0,1440.0,1440.0,1016.0,435.0,1004.0,433.0
0.0,2913.0,1436.0,1452.0,1440.0,1439.0,1439.0,1016.0,436.0,1006.0,430.0
0.0,2917.0,1440.0,1452.0,1439.0,1440.0,1440.0,1016.0,436.0,1008.0,432.0
0.0,2916.0,1456.0,1453.0,1440.0,1459.0,1459.0,1017.0,436.0,1020.0,436.0
0.0,2900.0,1469.0,1453.0,1459.0,1469.0,1469.0,1017.0,436.0,1028.0,441.0
0.0,2890.0,1487.0,1454.0,1469.0,1490.0,1490.0,1018.0,436.0,1039.0,448.0
0.0,2872.0,1500.0,1454.0,1490.0,1500.0,1500.0,1018.0,436.0,1051.0,449.0
0.0,2862.0,1503.0,1456.0,1500.0,1509.0,1509.0,1019.0,437.0,1052.0,451.0
0.0,2859.0,1506.0,1456.0,1509.0,1506.0,1506.0,1019.0,437.0,1055.0,451.0
0.0,2862.0,1494.0,1457.0,1506.0,1497.0,1497.0,1020.0,437.0,1046.0,448.0
0.0,2874.0,1486.0,1457.0,1497.0,1486.0,1486.0,1020.0,437.0,1039.0,447.0
0.0,2885.0,1466.0,1459.0,1486.0,1472.0,1472.0,1021.0,438.0,1026.0,440.0
0.0,2905.0,1455.0,1459.0,1472.0,1455.0,1455.0,1021.0,438.0,1019.0,436.0
0.0,2922.0,1443.0,1460.0,1455.0,1446.0,1446.0,1022.0,438.0,1010.0,433.0
0.0,2934.0,1445.0,1460.0,1446.0,1445.0,1445.0,1022.0,438.0,1012.0,433.0
0.0,2935.0,1452.0,1461.0,1445.0,1455.0,1455.0,1023.0,438.0,1014.0,438.0
0.0,2928.0,1464.0,1462.0,1455.0,1467.0,1467.0,1023.0,439.0,1026.0,438.0
0.0,2919.0,1477.0,1462.0,1467.0,1477.0,1477.0,1023.0,439.0,1034.0,443.0
0.0,2909.0,1496.0,1463.0,1477.0,1499.0,1499.0,1024.0,439.0,1048.0,448.0
0.0,2890.0,1506.0,1463.0,1499.0,1506.0,1506.0,1024.0,439.0,1054.0,452.0
0.0,2883.0,1515.0,1464.0,1506.0,1518.0,1518.0,1025.0,439.0,1058.0,457.0
0.0,2874.0,1514.0,1465.0,1518.0,1517.0,1517.0,1025.0,440.0,1061.0,453.0
0.0,2878.0,1503.0,1466.0,1517.0,1506.0,1506.0,1026.0,440.0,1052.0,451.0
0.0,2892.0,1492.0,1466.0,1506.0,1492.0,1492.0,1026.0,440.0,1045.0,447.0
0.0,2906.0,1477.0,1467.0,1492.0,1480.0,1480.0,1027.0,440.0,1032.0,445.0
0.0,2921.0,1463.0,1467.0,1480.0,1463.0,1463.0,1027.0,440.0,1025.0,438.0
0.0,2938.0,1452.0,1469.0,1463.0,1458.0,1458.0,1028.0,441.0,1016.0,436.0
0.0,2949.0,1454.0,1469.0,1458.0,1454.0,1454.0,1028.0,441.0,1019.0,435.0
0.0,2953.0,1457.0,1470.0,1454.0,1460.0,1460.0,1029.0,441.0,1020.0,437.0
0.0,2950.0,1473.0,1470.0,1460.0,1473.0,1473.0,1029.0,441.0,1032.0,441.0
0.0,2937.0,1489.0,1471.0,1473.0,1492.0,1492.0,1030.0,441.0,1040.0,449.0
0.0,2921.0,1505.0,1472.0,1492.0,1508.0,1508.0,1030.0,442.0,1054.0,451.0
0.0,2908.0,1514.0,1472.0,1508.0,1514.0,1514.0,1030.0,442.0,1060.0,454.0
0.0,2902.0,1524.0,1473.0,1514.0,1527.0,1527.0,1031.0,442.0,1068.0,456.0
0.0,2892.0,1520.0,1473.0,1527.0,1520.0,1520.0,1031.0,442.0,1064.0,456.0
0.0,2899.0,1514.0,1474.0,1520.0,1517.0,1517.0,1032.0,442.0,1058.0,456.0
0.0,2905.0,1500.0,1474.0,1517.0,1500.0,1500.0,1032.0,442.0,1051.0,449.0
0.0,2922.0,1483.0,1476.0,1500.0,1489.0,1489.0,1033.0,443.0,1038.0,445.0
0.0,2939.0,1472.0,1476.0,1489.0,1472.0,1472.0,1033.0,443.0,1031.0,441.0
0.0,2956.0,1460.0,1477.0,1472.0,1463.0,1463.0,1034.0,443.0,1022.0,438.0
0.0,2968.0,1466.0,1477.0,1463.0,1466.0,1466.0,1034.0,443.0,1025.0,441.0
0.0,2965.0,1466.0,1479.0,1466.0,1472.0,1472.0,1035.0,444.0,1026.0,440.0
0.0,2965.0,1482.0,1479.0,1472.0,1482.0,1482.0,1035.0,444.0,1038.0,444.0
0.0,2955.0,1494.0,1480.0,1482.0,1497.0,1497.0,1036.0,444.0,1046.0,448.0
0.0,2943.0,1516.0,1480.0,1497.0,1516.0,1516.0,1036.0,444.0,1060.0,456.0
0.0,2924.0,1523.0,1481.0,1516.0,1526.0,1526.0,1037.0,444.0,1066.0,457.0
0.0,2917.0,1533.0,1482.0,1526.0,1536.0,1536.0,1037.0,445.0,1074.0,459.0
0.0,2910.0,1529.0,1482.0,1536.0,1529.0,1529.0,1037.0,445.0,1070.0,459.0
0.0,2917.0,1523.0,1483.0,1529.0,1526.0,1526.0,1038.0,445.0,1067.0,456.0
0.0,2923.0,1506.0,1483.0,1526.0,1506.0,1506.0,1038.0,445.0,1054.0,452.0
0.0,2943.0,1494.0,1484.0,1506.0,1497.0,1497.0,1039.0,445.0,1044.0,450.0
0.0,2955.0,1480.0,1485.0,1497.0,1483.0,1483.0,1039.0,446.0,1037.0,443.0
0.0,2972.0,1469.0,1486.0,1483.0,1472.0,1472.0,1040.0,446.0,1028.0,441.0
0.0,2986.0,1471.0,1486.0,1472.0,1471.0,1471.0,1040.0,446.0,1031.0,440.0
0.0,2987.0,1474.0,1487.0,1471.0,1477.0,1477.0,1041.0,446.0,1032.0,442.0
0.0,2984.0,1493.0,1487.0,1477.0,1493.0,1493.0,1041.0,446.0,1044.0,449.0
0.0,2968.0,1503.0,1488.0,1493.0,1506.0,1506.0,1042.0,446.0,1052.0,451.0
0.0,2958.0,1522.0,1489.0,1506.0,1525.0,1525.0,1042.0,447.0,1066.0,456.0
0.0,2942.0,1532.0,1490.0,1525.0,1535.0,1535.0,1043.0,447.0,1072.0,460.0
0.0,2935.0,1541.0,1490.0,1535.0,1541.0,1541.0,1043.0,447.0,1080.0,461.0
0.0,2929.0,1540.0,1491.0,1541.0,1543.0,1543.0,1044.0,447.0,1076.0,464.0
0.0,2930.0,1532.0,1492.0,1543.0,1535.0,1535.0,1044.0,448.0,1073.0,459.0
0.0,2941.0,1516.0,1492.0,1535.0,1516.0,1516.0,1044.0,448.0,1061.0,455.0
0.0,2960.0,1503.0,1493.0,1516.0,1506.0,1506.0,1045.0,448.0,1053.0,450.0
0.0,2973.0,1487.0,1493.0,1506.0,1487.0,1487.0,1045.0,448.0,1041.0,446.0
0.0,2992.0,1480.0,1494.0,1487.0,1483.0,1483.0,1046.0,448.0,1034.0,446.0
0.0,2999.0,1480.0,1494.0,1483.0,1480.0,1480.0,1046.0,448.0,1037.0,443.0
0.0,3002.0,1483.0,1496.0,1480.0,1489.0,1489.0,1047.0,449.0,1038.0,445.0
0.0,2999.0,1499.0,1496.0,1489.0,1499.0,1499.0,1047.0,449.0,1050.0,449.0
0.0,2989.0,1512.0,1497.0,1499.0,1515.0,1515.0,1048.0,449.0,1058.0,454.0
0.0,2976.0,1533.0,1497.0,1515.0,1533.0,1533.0,1048.0,449.0,1072.0,461.0
0.0,2958.0,1540.0,1499.0,1533.0,1546.0,1546.0,1049.0,450.0,1078.0,462.0
0.0,2951.0,1550.0,1499.0,1546.0,1550.0,1550.0,1049.0,450.0,1086.0,464.0
0.0,2947.0,1546.0,1500.0,1550.0,1549.0,1549.0,1050.0,450.0,1082.0,464.0
0.0,2951.0,1540.0,1500.0,1549.0,1540.0,1540.0,1050.0,450.0,1079.0,461.0
0.0,2960.0,1527.0,1501.0,1540.0,1530.0,1530.0,1051.0,450.0,1067.0,460.0
0.0,2973.0,1512.0,1501.0,1530.0,1512.0,1512.0,1051.0,450.0,1059.0,453.0
0.0,2991.0,1496.0,1502.0,1512.0,1499.0,1499.0,1051.0,451.0,1047.0,449.0
0.0,3007.0,1490.0,1503.0,1499.0,1493.0,1493.0,1052.0,451.0,1044.0,446.0
0.0,3016.0,1486.0,1503.0,1493.0,1486.0,1486.0,1052.0,451.0,1040.0,446.0
0.0,3023.0,1495.0,1504.0,1486.0,1498.0,1498.0,1053.0,451.0,1044.0,451.0
0.0,3014.0,1507.0,1505.0,1498.0,1510.0,1510.0,1053.0,452.0,1056.0,451.0
0.0,3005.0,1520.0,1506.0,1510.0,1523.0,1523.0,1054.0,452.0,1064.0,456.0
0.0,2995.0,1539.0,1506.0,1523.0,1539.0,1539.0,1054.0,452.0,1078.0,461.0
0.0,2979.0,1549.0,1507.0,1539.0,1552.0,1552.0,1055.0,452.0,1084.0,465.0
0.0,2969.0,1562.0,1507.0,1552.0,1562.0,1562.0,1055.0,452.0,1092.0,470.0
0.0,2959.0,1554.0,1509.0,1562.0,1560.0,1560.0,1056.0,453.0,1088.0,466.0
0.0,2967.0,1549.0,1509.0,1560.0,1549.0,1549.0,1056.0,453.0,1085.0,464.0
0.0,2978.0,1533.0,1510.0,1549.0,1536.0,1536.0,1057.0,453.0,1073.0,460.0
0.0,2994.0,1520.0,1510.0,1536.0,1520.0,1520.0,1057.0,453.0,1065.0,455.0
0.0,3010.0,1507.0,1511.0,1520.0,1510.0,1510.0,1058.0,453.0,1053.0,454.0
0.0,3023.0,1499.0,1512.0,1510.0,1502.0,1502.0,1058.0,454.0,1050.0,449.0
0.0,3034.0,1494.0,1512.0,1502.0,1494.0,1494.0,1058.0,454.0,1046.0,448.0
0.0,3042.0,1503.0,1513.0,1494.0,1506.0,1506.0,1059.0,454.0,1053.0,450.0
0.0,3033.0,1513.0,1513.0,1506.0,1513.0,1513.0,1059.0,454.0,1059.0,454.0
0.0,3026.0,1532.0,1514.0,1513.0,1535.0,1535.0,1060.0,454.0,1070.0,462.0
0.0,3007.0,1549.0,1514.0,1535.0,1549.0,1549.0,1060.0,454.0,1085.0,464.0
0.0,2993.0,1557.0,1516.0,1549.0,1563.0,1563.0,1061.0,455.0,1090.0,467.0
0.0,2985.0,1567.0,1516.0,1563.0,1567.0,1567.0,1061.0,455.0,1098.0,469.0
0.0,2981.0,1563.0,1517.0,1567.0,1566.0,1566.0,1062.0,455.0,1094.0,469.0
0.0,2985.0,1560.0,1517.0,1566.0,1560.0,1560.0,1062.0,455.0,1091.0,469.0
0.0,2991.0,1541.0,1519.0,1560.0,1547.0,1547.0,1063.0,456.0,1079.0,462.0
0.0,3010.0,1529.0,1519.0,1547.0,1529.0,1529.0,1063.0,456.0,1071.0,458.0
0.0,3028.0,1513.0,1520.0,1529.0,1516.0,1516.0,1064.0,456.0,1059.0,454.0
0.0,3044.0,1507.0,1520.0,1516.0,1507.0,1507.0,1064.0,456.0,1056.0,451.0
0.0,3053.0,1506.0,1521.0,1507.0,1509.0,1509.0,1065.0,456.0,1052.0,454.0
0.0,3054.0,1512.0,1522.0,1509.0,1515.0,1515.0,1065.0,457.0,1059.0,453.0
0.0,3051.0,1522.0,1522.0,1515.0,1522.0,1522.0,1065.0,457.0,1065.0,457.0
0.0,3044.0,1540.0,1523.0,1522.0,1543.0,1543.0,1066.0,457.0,1079.0,461.0
0.0,3026.0,1554.0,1523.0,1543.0,1554.0,1554.0,1066.0,457.0,1088.0,466.0
0.0,3015.0,1569.0,1524.0,1554.0,1572.0,1572.0,1067.0,457.0,1096.0,473.0
0.0,3000.0,1576.0,1525.0,1572.0,1579.0,1579.0,1067.0,458.0,1104.0,472.0
0.0,2996.0,1572.0,1526.0,1579.0,1575.0,1575.0,1068.0,458.0,1100.0,472.0
0.0,3003.0,1566.0,1526.0,1575.0,1566.0,1566.0,1068.0,458.0,1097.0,469.0
0.0,3012.0,1553.0,1527.0,1566.0,1556.0,1556.0,1069.0,458.0,1085.0,468.0
0.0,3025.0,1537.0,1527.0,1556.0,1537.0,1537.0,1069.0,458.0,1077.0,460.0
0.0,3044.0,1521.0,1529.0,1537.0,1527.0,1527.0,1070.0,459.0,1065.0,456.0
0.0,3060.0,1516.0,1529.0,1527.0,1516.0,1516.0,1070.0,459.0,1062.0,454.0
0.0,3071.0,1511.0,1530.0,1516.0,1514.0,1514.0,1071.0,459.0,1058.0,453.0
0.0,3076.0,1520.0,1530.0,1514.0,1520.0,1520.0,1071.0,459.0,1065.0,455.0
0.0,3070.0,1533.0,1531.0,1520.0,1536.0,1536.0,1072.0,459.0,1071.0,462.0
0.0,3057.0,1549.0,1532.0,1536.0,1552.0,1552.0,1072.0,460.0,1085.0,464.0
0.0,3044.0,1563.0,1532.0,1552.0,1563.0,1563.0,1072.0,460.0,1094.0,469.0
0.0,3033.0,1579.0,1533.0,1563.0,1582.0,1582.0,1073.0,460.0,1106.0,473.0
0.0,3017.0,1581.0,1533.0,1582.0,1581.0,1581.0,1073.0,460.0,1107.0,474.0
0.0,3018.0,1583.0,1534.0,1581.0,1586.0,1586.0,1074.0,460.0,1106.0,477.0
0.0,3016.0,1575.0,1535.0,1586.0,1578.0,1578.0,1074.0,461.0,1103.0,472.0
0.0,3027.0,1559.0,1536.0,1578.0,1562.0,1562.0,1075.0,461.0,1091.0,468.0
0.0,3046.0,1546.0,1536.0,1562.0,1546.0,1546.0,1075.0,461.0,1083.0,463.0
0.0,3062.0,1530.0,1537.0,1546.0,1533.0,1533.0,1076.0,461.0,1071.0,459.0
0.0,3078.0,1527.0,1537.0,1533.0,1527.0,1527.0,1076.0,461.0,1068.0,459.0
0.0,3084.0,1520.0,1539.0,1527.0,1526.0,1526.0,1077.0,462.0,1064.0,456.0
0.0,3091.0,1529.0,1539.0,1526.0,1529.0,1529.0,1077.0,462.0,1071.0,458.0
0.0,3088.0,1539.0,1540.0,1529.0,1542.0,1542.0,1078.0,462.0,1077.0,462.0
0.0,3078.0,1559.0,1540.0,1542.0,1559.0,1559.0,1078.0,462.0,1092.0,467.0
0.0,3061.0,1574.0,1540.0,1559.0,1574.0,1574.0,1078.0,462.0,1100.0,474.0
0.0,3046.0,1587.0,1541.0,1574.0,1590.0,1590.0,1079.0,462.0,1112.0,475.0
0.0,3033.0,1590.0,1542.0,1590.0,1593.0,1593.0,1079.0,463.0,1113.0,477.0
0.0,3033.0,1592.0,1543.0,1593.0,1595.0,1595.0,1080.0,463.0,1115.0,477.0
0.0,3034.0,1580.0,1543.0,1595.0,1580.0,1580.0,1080.0,463.0,1106.0,474.0
0.0,3049.0,1570.0,1544.0,1580.0,1573.0,1573.0,1081.0,463.0,1097.0,473.0
0.0,3059.0,1555.0,1545.0,1573.0,1558.0,1558.0,1081.0,464.0,1089.0,466.0
0.0,3077.0,1539.0,1546.0,1558.0,1542.0,1542.0,1082.0,464.0,1077.0,462.0
0.0,3096.0,1533.0,1546.0,1542.0,1533.0,1533.0,1082.0,464.0,1074.0,459.0
0.0,3105.0,1529.0,1547.0,1533.0,1532.0,1532.0,1083.0,464.0,1070.0,459.0
0.0,3109.0,1542.0,1547.0,1532.0,1542.0,1542.0,1083.0,464.0,1078.0,464.0
0.0,3099.0,1547.0,1549.0,1542.0,1553.0,1553.0,1084.0,465.0,1083.0,464.0
0.0,3094.0,1567.0,1549.0,1553.0,1567.0,1567.0,1084.0,465.0,1098.0,469.0
0.0,3080.0,1580.0,1550.0,1567.0,1583.0,1583.0,1085.0,465.0,1106.0,474.0
0.0,3067.0,1596.0,1550.0,1583.0,1596.0,1596.0,1085.0,465.0,1118.0,478.0
0.0,3054.0,1602.0,1551.0,1596.0,1605.0,1605.0,1086.0,465.0,1119.0,483.0
0.0,3048.0,1600.0,1552.0,1605.0,1603.0,1603.0,1086.0,466.0,1121.0,479.0
0.0,3053.0,1589.0,1552.0,1603.0,1589.0,1589.0,1086.0,466.0,1112.0,477.0
0.0,3067.0,1579.0,1553.0,1589.0,1582.0,1582.0,1087.0,466.0,1106.0,473.0
0.0,3077.0,1563.0,1553.0,1582.0,1563.0,1563.0,1087.0,466.0,1092.0,471.0
0.0,3096.0,1547.0,1554.0,1563.0,1550.0,1550.0,1088.0,466.0,1083.0,464.0
0.0,3112.0,1542.0,1555.0,1550.0,1545.0,1545.0,1088.0,467.0,1080.0,462.0
0.0,3120.0,1537.0,1556.0,1545.0,1540.0,1540.0,1089.0,467.0,1076.0,461.0
0.0,3128.0,1547.0,1556.0,1540.0,1547.0,1547.0,1089.0,467.0,1084.0,463.0
0.0,3121.0,1556.0,1557.0,1547.0,1559.0,1559.0,1090.0,467.0,1089.0,467.0
0.0,3112.0,1579.0,1557.0,1559.0,1579.0,1579.0,1090.0,467.0,1104.0,475.0
0.0,3092.0,1589.0,1559.0,1579.0,1595.0,1595.0,1091.0,468.0,1112.0,477.0
0.0,3082.0,1604.0,1559.0,1595.0,1604.0,1604.0,1091.0,468.0,1124.0,480.0
0.0,3073.0,1607.0,1560.0,1604.0,1610.0,1610.0,1092.0,468.0,1125.0,482.0
0.0,3070.0,1609.0,1560.0,1610.0,1609.0,1609.0,1092.0,468.0,1127.0,482.0
0.0,3071.0,1600.0,1560.0,1609.0,1600.0,1600.0,1092.0,468.0,1118.0,482.0
0.0,3080.0,1587.0,1561.0,1600.0,1590.0,1590.0,1093.0,468.0,1112.0,475.0
0.0,3093.0,1569.0,1562.0,1590.0,1572.0,1572.0,1093.0,469.0,1098.0,471.0
0.0,3114.0,1556.0,1563.0,1572.0,1559.0,1559.0,1094.0,469.0,1089.0,467.0
0.0,3130.0,1550.0,1563.0,1559.0,1550.0,1550.0,1094.0,469.0,1086.0,464.0
0.0,3139.0,1549.0,1564.0,1550.0,1552.0,1552.0,1095.0,469.0,1082.0,467.0
0.0,3140.0,1556.0,1565.0,1552.0,1559.0,1559.0,1095.0,470.0,1090.0,466.0
0.0,3136.0,1566.0,1566.0,1559.0,1569.0,1569.0,1096.0,470.0,1096.0,470.0
0.0,3129.0,1584.0,1566.0,1569.0,1584.0,1584.0,1096.0,470.0,1110.0,474.0
0.0,3114.0,1600.0,1567.0,1584.0,1603.0,1603.0,1097.0,470.0,1118.0,482.0
0.0,3098.0,1613.0,1567.0,1603.0,1613.0,1613.0,1097.0,470.0,1130.0,483.0
0.0,3088.0,1616.0,1569.0,1613.0,1622.0,1622.0,1098.0,471.0,1131.0,485.0
0.0,3085.0,1619.0,1569.0,1622.0,1619.0,1619.0,1098.0,471.0,1134.0,485.0
0.0,3088.0,1606.0,1570.0,1619.0,1609.0,1609.0,1099.0,471.0,1124.0,482.0
0.0,3101.0,1596.0,1570.0,1609.0,1596.0,1596.0,1099.0,471.0,1118.0,478.0
0.0,3114.0,1580.0,1570.0,1596.0,1580.0,1580.0,1099.0,471.0,1104.0,476.0
0.0,3130.0,1567.0,1572.0,1580.0,1573.0,1573.0,1100.0,472.0,1098.0,469.0
0.0,3143.0,1556.0,1572.0,1573.0,1556.0,1556.0,1100.0,472.0,1089.0,467.0
0.0,3160.0,1554.0,1573.0,1556.0,1557.0,1557.0,1101.0,472.0,1088.0,466.0
0.0,3162.0,1564.0,1573.0,1557.0,1564.0,1564.0,1101.0,472.0,1096.0,468.0
0.0,3155.0,1577.0,1574.0,1564.0,1580.0,1580.0,1102.0,472.0,1102.0,475.0
0.0,3142.0,1593.0,1574.0,1580.0,1593.0,1593.0,1102.0,472.0,1116.0,477.0
0.0,3129.0,1606.0,1576.0,1593.0,1612.0,1612.0,1103.0,473.0,1124.0,482.0
0.0,3116.0,1622.0,1576.0,1612.0,1622.0,1622.0,1103.0,473.0,1136.0,486.0
0.0,3106.0,1624.0,1577.0,1622.0,1627.0,1627.0,1104.0,473.0,1137.0,487.0
0.0,3104.0,1630.0,1577.0,1627.0,1630.0,1630.0,1104.0,473.0,1140.0,490.0
0.0,3101.0,1616.0,1579.0,1630.0,1622.0,1622.0,1105.0,474.0,1131.0,485.0
0.0,3115.0,1605.0,1579.0,1622.0,1605.0,1605.0,1105.0,474.0,1124.0,481.0
0.0,3132.0,1586.0,1580.0,1605.0,1589.0,1589.0,1106.0,474.0,1110.0,476.0
0.0,3151.0,1576.0,1580.0,1589.0,1576.0,1576.0,1106.0,474.0,1104.0,472.0
0.0,3164.0,1567.0,1580.0,1576.0,1567.0,1567.0,1106.0,474.0,1095.0,472.0
0.0,3173.0,1566.0,1581.0,1567.0,1569.0,1569.0,1107.0,474.0,1097.0,469.0
0.0,3174.0,1570.0,1582.0,1569.0,1573.0,1573.0,1107.0,475.0,1099.0,471.0
0.0,3173.0,1583.0,1583.0,1573.0,1586.0,1586.0,1108.0,475.0,1108.0,475.0
0.0,3163.0,1602.0,1583.0,1586.0,1602.0,1602.0,1108.0,475.0,1122.0,480.0
0.0,3147.0,1617.0,1584.0,1602.0,1620.0,1620.0,1109.0,475.0,1130.0,487.0
0.0,3132.0,1630.0,1585.0,1620.0,1633.0,1633.0,1109.0,476.0,1142.0,488.0
0.0,3122.0,1633.0,1586.0,1633.0,1636.0,1636.0,1110.0,476.0,1143.0,490.0
0.0,3122.0,1636.0,1586.0,1636.0,1636.0,1636.0,1110.0,476.0,1146.0,490.0
0.0,3122.0,1624.0,1587.0,1636.0,1627.0,1627.0,1111.0,476.0,1137.0,487.0
0.0,3134.0,1616.0,1587.0,1627.0,1616.0,1616.0,1111.0,476.0,1130.0,486.0
0.0,3145.0,1596.0,1588.0,1616.0,1599.0,1599.0,1112.0,476.0,1117.0,479.0
0.0,3165.0,1585.0,1589.0,1599.0,1588.0,1588.0,1112.0,477.0,1110.0,475.0
0.0,3179.0,1573.0,1590.0,1588.0,1576.0,1576.0,1113.0,477.0,1101.0,472.0
0.0,3194.0,1575.0,1590.0,1576.0,1575.0,1575.0,1113.0,477.0,1103.0,472.0
0.0,3195.0,1582.0,1590.0,1575.0,1582.0,1582.0,1113.0,477.0,1105.0,477.0
0.0,3188.0,1594.0,1592.0,1582.0,1600.0,1600.0,1114.0,478.0,1117.0,477.0
0.0,3176.0,1607.0,1592.0,1600.0,1607.0,1607.0,1114.0,478.0,1125.0,482.0
0.0,3169.0,1626.0,1593.0,1607.0,1629.0,1629.0,1115.0,478.0,1139.0,487.0
0.0,3150.0,1636.0,1593.0,1629.0,1636.0,1636.0,1115.0,478.0,1145.0,491.0
0.0,3143.0,1645.0,1594.0,1636.0,1648.0,1648.0,1116.0,478.0,1149.0,496.0
0.0,3134.0,1644.0,1595.0,1648.0,1647.0,1647.0,1116.0,479.0,1152.0,492.0
0.0,3138.0,1633.0,1596.0,1647.0,1636.0,1636.0,1117.0,479.0,1143.0,490.0
0.0,3152.0,1622.0,1596.0,1636.0,1622.0,1622.0,1117.0,479.0,1136.0,486.0
0.0,3166.0,1604.0,1597.0,1622.0,1607.0,1607.0,1118.0,479.0,1123.0,481.0
0.0,3184.0,1596.0,1597.0,1607.0,1596.0,1596.0,1118.0,479.0,1116.0,480.0
0.0,3195.0,1582.0,1599.0,1596.0,1588.0,1588.0,1119.0,480.0,1107.0,475.0
0.0,3209.0,1584.0,1599.0,1588.0,1584.0,1584.0,1119.0,480.0,1110.0,474.0
0.0,3213.0,1587.0,1600.0,1584.0,1590.0,1590.0,1120.0,480.0,1111.0,476.0
0.0,3210.0,1603.0,1600.0,1590.0,1603.0,1603.0,1120.0,480.0,1123.0,480.0
0.0,3197.0,1619.0,1600.0,1603.0,1619.0,1619.0,1120.0,480.0,1131.0,488.0
0.0,3181.0,1635.0,1601.0,1619.0,1638.0,1638.0,1121.0,480.0,1145.0,490.0
0.0,3165.0,1644.0,1602.0,1638.0,1647.0,1647.0,1121.0,481.0,1151.0,493.0
0.0,3159.0,1654.0,1603.0,1647.0,1657.0,1657.0,1122.0,481.0,1159.0,495.0
0.0,3152.0,1650.0,1603.0,1657.0,1650.0,1650.0,1122.0,481.0,1155.0,495.0
0.0,3159.0,1644.0,1604.0,1650.0,1647.0,1647.0,1123.0,481.0,1149.0,495.0
0.0,3165.0,1630.0,1605.0,1647.0,1633.0,1633.0,1123.0,482.0,1142.0,488.0
0.0,3182.0,1613.0,1606.0,1633.0,1616.0,1616.0,1124.0,482.0,1129.0,484.0
0.0,3202.0,1602.0,1606.0,1616.0,1602.0,1602.0,1124.0,482.0,1122.0,480.0
0.0,3216.0,1590.0,1607.0,1602.0,1593.0,1593.0,1125.0,482.0,1113.0,477.0
0.0,3228.0,1596.0,1607.0,1593.0,1596.0,1596.0,1125.0,482.0,1116.0,480.0
0.0,3225.0,1596.0,1609.0,1596.0,1602.0,1602.0,1126.0,483.0,1117.0,479.0
0.0,3225.0,1612.0,1609.0,1602.0,1612.0,1612.0,1126.0,483.0,1129.0,483.0
0.0,3215.0,1624.0,1610.0,1612.0,1627.0,1627.0,1127.0,483.0,1137.0,487.0
0.0,3203.0,1643.0,1610.0,1627.0,1643.0,1643.0,1127.0,483.0,1151.0,492.0
0.0,3187.0,1656.0,1611.0,1643.0,1659.0,1659.0,1128.0,483.0,1157.0,499.0
0.0,3174.0,1663.0,1612.0,1659.0,1666.0,1666.0,1128.0,484.0,1165.0,498.0
0.0,3170.0,1659.0,1612.0,1666.0,1659.0,1659.0,1128.0,484.0,1161.0,498.0
0.0,3177.0,1653.0,1613.0,1659.0,1656.0,1656.0,1129.0,484.0,1158.0,495.0
0.0,3183.0,1639.0,1613.0,1656.0,1639.0,1639.0,1129.0,484.0,1145.0,494.0
0.0,3200.0,1621.0,1614.0,1639.0,1624.0,1624.0,1130.0,484.0,1135.0,486.0
0.0,3218.0,1610.0,1615.0,1624.0,1613.0,1613.0,1130.0,485.0,1128.0,482.0
0.0,3232.0,1599.0,1616.0,1613.0,1602.0,1602.0,1131.0,485.0,1119.0,480.0
0.0,3246.0,1601.0,1616.0,1602.0,1601.0,1601.0,1131.0,485.0,1122.0,479.0
0.0,3247.0,1604.0,1617.0,1601.0,1607.0,1607.0,1132.0,485.0,1123.0,481.0
0.0,3244.0,1623.0,1617.0,1607.0,1623.0,1623.0,1132.0,485.0,1135.0,488.0
0.0,3228.0,1633.0,1619.0,1623.0,1639.0,1639.0,1133.0,486.0,1143.0,490.0
0.0,3218.0,1652.0,1619.0,1639.0,1652.0,1652.0,1133.0,486.0,1157.0,495.0
0.0,3205.0,1662.0,1620.0,1652.0,1665.0,1665.0,1134.0,486.0,1163.0,499.0
0.0,3195.0,1671.0,1620.0,1665.0,1671.0,1671.0,1134.0,486.0,1171.0,500.0
0.0,3189.0,1670.0,1620.0,1671.0,1670.0,1670.0,1134.0,486.0,1167.0,503.0
0.0,3190.0,1662.0,1622.0,1670.0,1668.0,1668.0,1135.0,487.0,1164.0,498.0
0.0,3198.0,1646.0,1622.0,1668.0,1646.0,1646.0,1135.0,487.0,1152.0,494.0
0.0,3220.0,1633.0,1623.0,1646.0,1636.0,1636.0,1136.0,487.0,1144.0,489.0
0.0,3233.0,1616.0,1623.0,1636.0,1616.0,1616.0,1136.0,487.0,1131.0,485.0
0.0,3253.0,1610.0,1624.0,1616.0,1613.0,1613.0,1137.0,487.0,1125.0,485.0
0.0,3259.0,1610.0,1625.0,1613.0,1613.0,1613.0,1137.0,488.0,1128.0,482.0
0.0,3262.0,1613.0,1626.0,1613.0,1616.0,1616.0,1138.0,488.0,1129.0,484.0
0.0,3262.0,1629.0,1626.0,1616.0,1629.0,1629.0,1138.0,488.0,1141.0,488.0
0.0,3249.0,1642.0,1627.0,1629.0,1645.0,1645.0,1139.0,488.0,1149.0,493.0
0.0,3236.0,1663.0,1627.0,1645.0,1663.0,1663.0,1139.0,488.0,1163.0,500.0
0.0,3218.0,1670.0,1628.0,1663.0,1673.0,1673.0,1140.0,488.0,1169.0,501.0
0.0,3211.0,1680.0,1629.0,1673.0,1683.0,1683.0,1140.0,489.0,1177.0,503.0
0.0,3204.0,1676.0,1630.0,1683.0,1679.0,1679.0,1141.0,489.0,1173.0,503.0
0.0,3211.0,1670.0,1630.0,1679.0,1670.0,1670.0,1141.0,489.0,1170.0,500.0
0.0,3220.0,1657.0,1631.0,1670.0,1660.0,1660.0,1142.0,489.0,1158.0,499.0
0.0,3233.0,1642.0,1632.0,1660.0,1645.0,1645.0,1142.0,490.0,1150.0,492.0
0.0,3251.0,1626.0,1632.0,1645.0,1626.0,1626.0,1142.0,490.0,1138.0,488.0
0.0,3270.0,1619.0,1633.0,1626.0,1622.0,1622.0,1143.0,490.0,1134.0,485.0
0.0,3277.0,1616.0,1633.0,1622.0,1616.0,1616.0,1143.0,490.0,1131.0,485.0
0.0,3283.0,1625.0,1634.0,1616.0,1628.0,1628.0,1144.0,490.0,1135.0,490.0
0.0,3274.0,1637.0,1635.0,1628.0,1640.0,1640.0,1144.0,491.0,1147.0,490.0
0.0,3265.0,1650.0,1636.0,1640.0,1653.0,1653.0,1145.0,491.0,1155.0,495.0
0.0,3255.0,1669.0,1636.0,1653.0,1669.0,1669.0,1145.0,491.0,1169.0,500.0
0.0,3239.0,1679.0,1637.0,1669.0,1682.0,1682.0,1146.0,491.0,1175.0,504.0
0.0,3229.0,1692.0,1637.0,1682.0,1692.0,1692.0,1146.0,491.0,1183.0,509.0
0.0,3219.0,1684.0,1639.0,1692.0,1690.0,1690.0,1147.0,492.0,1179.0,505.0
0.0,3227.0,1679.0,1639.0,1690.0,1679.0,1679.0,1147.0,492.0,1176.0,503.0
0.0,3238.0,1663.0,1640.0,1679.0,1666.0,1666.0,1148.0,492.0,1164.0,499.0
0.0,3254.0,1653.0,1640.0,1666.0,1653.0,1653.0,1148.0,492.0,1156.0,497.0
0.0,3267.0,1634.0,1640.0,1653.0,1634.0,1634.0,1148.0,492.0,1144.0,490.0
0.0,3286.0,1629.0,1642.0,1634.0,1635.0,1635.0,1149.0,493.0,1141.0,488.0
0.0,3291.0,1624.0,1642.0,1635.0,1624.0,1624.0,1149.0,493.0,1137.0,487.0
0.0,3302.0,1630.0,1643.0,1624.0,1633.0,1633.0,1150.0,493.0,1141.0,489.0
0.0,3296.0,1646.0,1643.0,1633.0,1646.0,1646.0,1150.0,493.0,1153.0,493.0
0.0,3283.0,1662.0,1644.0,1646.0,1665.0,1665.0,1151.0,493.0,1161.0,501.0
0.0,3267.0,1679.0,1645.0,1665.0,1682.0,1682.0,1151.0,494.0,1176.0,503.0
0.0,3253.0,1687.0,1646.0,1682.0,1690.0,1690.0,1152.0,494.0,1181.0,506.0
0.0,3248.0,1697.0,1646.0,1690.0,1697.0,1697.0,1152.0,494.0,1189.0,508.0
0.0,3241.0,1693.0,1647.0,1697.0,1696.0,1696.0,1153.0,494.0,1185.0,508.0
0.0,3245.0,1690.0,1647.0,1696.0,1690.0,1690.0,1153.0,494.0,1182.0,508.0
0.0,3251.0,1671.0,1648.0,1690.0,1674.0,1674.0,1154.0,494.0,1170.0,501.0
0.0,3270.0,1659.0,1649.0,1674.0,1662.0,1662.0,1154.0,495.0,1162.0,497.0
0.0,3285.0,1643.0,1650.0,1662.0,1646.0,1646.0,1155.0,495.0,1150.0,493.0
0.0,3304.0,1637.0,1650.0,1646.0,1637.0,1637.0,1155.0,495.0,1147.0,490.0
0.0,3313.0,1636.0,1651.0,1637.0,1639.0,1639.0,1156.0,495.0,1143.0,493.0
0.0,3314.0,1642.0,1652.0,1639.0,1645.0,1645.0,1156.0,496.0,1150.0,492.0
0.0,3311.0,1652.0,1652.0,1645.0,1652.0,1652.0,1156.0,496.0,1156.0,496.0
0.0,3304.0,1670.0,1653.0,1652.0,1673.0,1673.0,1157.0,496.0,1170.0,500.0
0.0,3286.0,1687.0,1653.0,1673.0,1687.0,1687.0,1157.0,496.0,1179.0,508.0
0.0,3272.0,1696.0,1654.0,1687.0,1699.0,1699.0,1158.0,496.0,1187.0,509.0
0.0,3263.0,1706.0,1655.0,1699.0,1709.0,1709.0,1158.0,497.0,1195.0,511.0
0.0,3256.0,1702.0,1656.0,1709.0,1705.0,1705.0,1159.0,497.0,1191.0,511.0
0.0,3263.0,1696.0,1656.0,1705.0,1696.0,1696.0,1159.0,497.0,1188.0,508.0
0.0,3272.0,1680.0,1657.0,1696.0,1683.0,1683.0,1160.0,497.0,1176.0,504.0
0.0,3288.0,1670.0,1657.0,1683.0,1670.0,1670.0,1160.0,497.0,1168.0,502.0
0.0,3301.0,1651.0,1659.0,1670.0,1657.0,1657.0,1161.0,498.0,1156.0,495.0
0.0,3320.0,1646.0,1659.0,1657.0,1646.0,1646.0,1161.0,498.0,1153.0,493.0
0.0,3331.0,1641.0,1660.0,1646.0,1644.0,1644.0,1162.0,498.0,1149.0,492.0
0.0,3336.0,1650.0,1660.0,1644.0,1650.0,1650.0,1162.0,498.0,1156.0,494.0
0.0,3330.0,1663.0,1660.0,1650.0,1663.0,1663.0,1162.0,498.0,1162.0,501.0
0.0,3317.0,1679.0,1661.0,1663.0,1682.0,1682.0,1163.0,498.0,1176.0,503.0
0.0,3301.0,1693.0,1662.0,1682.0,1696.0,1696.0,1163.0,499.0,1185.0,508.0
0.0,3290.0,1709.0,1663.0,1696.0,1712.0,1712.0,1164.0,499.0,1197.0,512.0
0.0,3277.0,1711.0,1663.0,1712.0,1711.0,1711.0,1164.0,499.0,1198.0,513.0
0.0,3278.0,1713.0,1664.0,1711.0,1716.0,1716.0,1165.0,499.0,1197.0,516.0
0.0,3276.0,1705.0,1665.0,1716.0,1708.0,1708.0,1165.0,500.0,1194.0,511.0
0.0,3287.0,1689.0,1666.0,1708.0,1692.0,1692.0,1166.0,500.0,1182.0,507.0
0.0,3306.0,1676.0,1666.0,1692.0,1676.0,1676.0,1166.0,500.0,1174.0,502.0
0.0,3322.0,1660.0,1667.0,1676.0,1663.0,1663.0,1167.0,500.0,1162.0,498.0
0.0,3338.0,1657.0,1667.0,1663.0,1657.0,1657.0,1167.0,500.0,1159.0,498.0
0.0,3344.0,1650.0,1668.0,1657.0,1653.0,1653.0,1168.0,500.0,1155.0,495.0
0.0,3351.0,1659.0,1669.0,1653.0,1662.0,1662.0,1168.0,501.0,1162.0,497.0
0.0,3345.0,1669.0,1670.0,1662.0,1672.0,1672.0,1169.0,501.0,1168.0,501.0
0.0,3338.0,1689.0,1670.0,1672.0,1689.0,1689.0,1169.0,501.0,1183.0,506.0
0.0,3321.0,1704.0,1671.0,1689.0,1707.0,1707.0,1170.0,501.0,1191.0,513.0
0.0,3306.0,1717.0,1672.0,1707.0,1720.0,1720.0,1170.0,502.0,1203.0,514.0
0.0,3296.0,1720.0,1672.0,1720.0,1720.0,1720.0,1170.0,502.0,1204.0,516.0
0.0,3296.0,1722.0,1673.0,1720.0,1725.0,1725.0,1171.0,502.0,1206.0,516.0
0.0,3294.0,1710.0,1673.0,1725.0,1710.0,1710.0,1171.0,502.0,1197.0,513.0
0.0,3309.0,1700.0,1674.0,1710.0,1703.0,1703.0,1172.0,502.0,1188.0,512.0
0.0,3319.0,1685.0,1674.0,1703.0,1685.0,1685.0,1172.0,502.0,1180.0,505.0
0.0,3337.0,1669.0,1676.0,1685.0,1675.0,1675.0,1173.0,503.0,1168.0,501.0
0.0,3353.0,1663.0,1676.0,1675.0,1663.0,1663.0,1173.0,503.0,1165.0,498.0
0.0,3365.0,1659.0,1677.0,1663.0,1662.0,1662.0,1174.0,503.0,1161.0,498.0
0.0,3369.0,1672.0,1677.0,1662.0,1672.0,1672.0,1174.0,503.0,1169.0,503.0
0.0,3359.0,1677.0,1679.0,1672.0,1683.0,1683.0,1175.0,504.0,1174.0,503.0
0.0,3354.0,1697.0,1679.0,1683.0,1697.0,1697.0,1175.0,504.0,1189.0,508.0
0.0,3340.0,1710.0,1680.0,1697.0,1713.0,1713.0,1176.0,504.0,1197.0,513.0
0.0,3327.0,1726.0,1680.0,1713.0,1726.0,1726.0,1176.0,504.0,1209.0,517.0
0.0,3314.0,1732.0,1680.0,1726.0,1732.0,1732.0,1176.0,504.0,1210.0,522.0
0.0,3308.0,1730.0,1682.0,1732.0,1736.0,1736.0,1177.0,505.0,1212.0,518.0
0.0,3310.0,1719.0,1682.0,1736.0,1719.0,1719.0,1177.0,505.0,1203.0,516.0
0.0,3327.0,1706.0,1683.0,1719.0,1709.0,1709.0,1178.0,505.0,1194.0,512.0
0.0,3340.0,1693.0,1683.0,1709.0,1693.0,1693.0,1178.0,505.0,1186.0,507.0
0.0,3356.0,1680.0,1684.0,1693.0,1683.0,1683.0,1179.0,505.0,1174.0,506.0
0.0,3369.0,1672.0,1685.0,1683.0,1675.0,1675.0,1179.0,506.0,1171.0,501.0
0.0,3380.0,1667.0,1686.0,1675.0,1670.0,1670.0,1180.0,506.0,1167.0,500.0
0.0,3388.0,1677.0,1686.0,1670.0,1677.0,1677.0,1180.0,506.0,1175.0,502.0
0.0,3381.0,1686.0,1687.0,1677.0,1689.0,1689.0,1181.0,506.0,1180.0,506.0
0.0,3372.0,1709.0,1687.0,1689.0,1709.0,1709.0,1181.0,506.0,1195.0,514.0
0.0,3352.0,1719.0,1688.0,1709.0,1722.0,1722.0,1182.0,506.0,1203.0,516.0
0.0,3342.0,1734.0,1689.0,1722.0,1737.0,1737.0,1182.0,507.0,1215.0,519.0
0.0,3330.0,1737.0,1690.0,1737.0,1740.0,1740.0,1183.0,507.0,1216.0,521.0
0.0,3330.0,1739.0,1690.0,1740.0,1739.0,1739.0,1183.0,507.0,1218.0,521.0
0.0,3331.0,1730.0,1690.0,1739.0,1730.0,1730.0,1183.0,507.0,1209.0,521.0
0.0,3340.0,1717.0,1692.0,1730.0,1723.0,1723.0,1184.0,508.0,1203.0,514.0
0.0,3353.0,1699.0,1692.0,1723.0,1699.0,1699.0,1184.0,508.0,1189.0,510.0
0.0,3377.0,1686.0,1693.0,1699.0,1689.0,1689.0,1185.0,508.0,1180.0,506.0
0.0,3390.0,1680.0,1693.0,1689.0,1680.0,1680.0,1185.0,508.0,1177.0,503.0
0.0,3399.0,1679.0,1694.0,1680.0,1682.0,1682.0,1186.0,508.0,1173.0,506.0
0.0,3400.0,1686.0,1695.0,1682.0,1689.0,1689.0,1186.0,509.0,1181.0,505.0
0.0,3396.0,1696.0,1696.0,1689.0,1699.0,1699.0,1187.0,509.0,1187.0,509.0
0.0,3389.0,1714.0,1696.0,1699.0,1714.0,1714.0,1187.0,509.0,1201.0,513.0
0.0,3374.0,1727.0,1697.0,1714.0,1730.0,1730.0,1188.0,509.0,1209.0,518.0
0.0,3361.0,1746.0,1697.0,1730.0,1746.0,1746.0,1188.0,509.0,1221.0,525.0
0.0,3345.0,1746.0,1699.0,1746.0,1752.0,1752.0,1189.0,510.0,1222.0,524.0
0.0,3345.0,1749.0,1699.0,1752.0,1749.0,1749.0,1189.0,510.0,1225.0,524.0
0.0,3348.0,1736.0,1700.0,1749.0,1739.0,1739.0,1190.0,510.0,1215.0,521.0
0.0,3361.0,1729.0,1700.0,1739.0,1729.0,1729.0,1190.0,510.0,1209.0,520.0
0.0,3371.0,1707.0,1700.0,1729.0,1707.0,1707.0,1190.0,510.0,1195.0,512.0
0.0,3393.0,1697.0,1702.0,1707.0,1703.0,1703.0,1191.0,511.0,1189.0,508.0
0.0,3403.0,1686.0,1702.0,1703.0,1686.0,1686.0,1191.0,511.0,1180.0,506.0
0.0,3420.0,1684.0,1703.0,1686.0,1687.0,1687.0,1192.0,511.0,1179.0,505.0
0.0,3422.0,1694.0,1703.0,1687.0,1694.0,1694.0,1192.0,511.0,1187.0,507.0
0.0,3415.0,1707.0,1704.0,1694.0,1710.0,1710.0,1193.0,511.0,1193.0,514.0
0.0,3402.0,1723.0,1705.0,1710.0,1726.0,1726.0,1193.0,512.0,1207.0,516.0
0.0,3389.0,1736.0,1706.0,1726.0,1739.0,1739.0,1194.0,512.0,1215.0,521.0
0.0,3379.0,1752.0,1706.0,1739.0,1752.0,1752.0,1194.0,512.0,1227.0,525.0
0.0,3366.0,1754.0,1707.0,1752.0,1757.0,1757.0,1195.0,512.0,1228.0,526.0
0.0,3364.0,1760.0,1707.0,1757.0,1760.0,1760.0,1195.0,512.0,1231.0,529.0
0.0,3361.0,1746.0,1709.0,1760.0,1752.0,1752.0,1196.0,513.0,1222.0,524.0
0.0,3375.0,1735.0,1709.0,1752.0,1735.0,1735.0,1196.0,513.0,1215.0,520.0
0.0,3392.0,1716.0,1710.0,1735.0,1719.0,1719.0,1197.0,513.0,1201.0,515.0
0.0,3411.0,1706.0,1710.0,1719.0,1706.0,1706.0,1197.0,513.0,1195.0,511.0
0.0,3424.0,1697.0,1710.0,1706.0,1697.0,1697.0,1197.0,513.0,1186.0,511.0
0.0,3433.0,1696.0,1712.0,1697.0,1702.0,1702.0,1198.0,514.0,1188.0,508.0
0.0,3434.0,1700.0,1712.0,1702.0,1700.0,1700.0,1198.0,514.0,1190.0,510.0
0.0,3436.0,1716.0,1713.0,1700.0,1719.0,1719.0,1199.0,514.0,1202.0,514.0
0.0,3420.0,1729.0,1713.0,1719.0,1729.0,1729.0,1199.0,514.0,1210.0,519.0
0.0,3410.0,1747.0,1714.0,1729.0,1750.0,1750.0,1200.0,514.0,1221.0,526.0
0.0,3392.0,1760.0,1714.0,1750.0,1760.0,1760.0,1200.0,514.0,1233.0,527.0
0.0,3382.0,1763.0,1716.0,1760.0,1769.0,1769.0,1201.0,515.0,1234.0,529.0
0.0,3379.0,1766.0,1716.0,1769.0,1766.0,1766.0,1201.0,515.0,1237.0,529.0
0.0,3382.0,1754.0,1717.0,1766.0,1757.0,1757.0,1202.0,515.0,1228.0,526.0
0.0,3394.0,1746.0,1717.0,1757.0,1746.0,1746.0,1202.0,515.0,1221.0,525.0
0.0,3405.0,1726.0,1719.0,1746.0,1732.0,1732.0,1203.0,516.0,1208.0,518.0
0.0,3425.0,1715.0,1719.0,1732.0,1715.0,1715.0,1203.0,516.0,1201.0,514.0
0.0,3442.0,1703.0,1720.0,1715.0,1706.0,1706.0,1204.0,516.0,1192.0,511.0
0.0,3454.0,1705.0,1720.0,1706.0,1705.0,1705.0,1204.0,516.0,1194.0,511.0
0.0,3455.0,1712.0,1720.0,1705.0,1712.0,1712.0,1204.0,516.0,1196.0,516.0
0.0,3448.0,1724.0,1722.0,1712.0,1730.0,1730.0,1205.0,517.0,1208.0,516.0
0.0,3436.0,1737.0,1722.0,1730.0,1737.0,1737.0,1205.0,517.0,1216.0,521.0
0.0,3429.0,1753.0,1723.0,1737.0,1756.0,1756.0,1206.0,517.0,1227.0,526.0
0.0,3413.0,1769.0,1723.0,1756.0,1769.0,1769.0,1206.0,517.0,1239.0,530.0
0.0,3400.0,1775.0,1724.0,1769.0,1778.0,1778.0,1207.0,517.0,1240.0,535.0
0.0,3394.0,1774.0,1725.0,1778.0,1777.0,1777.0,1207.0,518.0,1243.0,531.0
0.0,3398.0,1763.0,1726.0,1777.0,1766.0,1766.0,1208.0,518.0,1234.0,529.0
0.0,3412.0,1752.0,1726.0,1766.0,1752.0,1752.0,1208.0,518.0,1227.0,525.0
0.0,3426.0,1737.0,1727.0,1752.0,1740.0,1740.0,1209.0,518.0,1214.0,523.0
0.0,3441.0,1723.0,1727.0,1740.0,1723.0,1723.0,1209.0,518.0,1207.0,516.0
0.0,3458.0,1712.0,1729.0,1723.0,1718.0,1718.0,1210.0,519.0,1198.0,514.0
0.0,3469.0,1714.0,1729.0,1718.0,1714.0,1714.0,1210.0,519.0,1201.0,513.0
0.0,3473.0,1717.0,1730.0,1714.0,1720.0,1720.0,1211.0,519.0,1202.0,515.0
0.0,3470.0,1733.0,1730.0,1720.0,1733.0,1733.0,1211.0,519.0,1214.0,519.0
0.0,3457.0,1749.0,1731.0,1733.0,1752.0,1752.0,1212.0,519.0,1222.0,527.0
0.0,3441.0,1765.0,1732.0,1752.0,1768.0,1768.0,1212.0,520.0,1236.0,529.0
0.0,3428.0,1774.0,1732.0,1768.0,1774.0,1774.0,1212.0,520.0,1242.0,532.0
0.0,3422.0,1784.0,1733.0,1774.0,1787.0,1787.0,1213.0,520.0,1250.0,534.0
0.0,3412.0,1780.0,1733.0,1787.0,1780.0,1780.0,1213.0,520.0,1246.0,534.0
0.0,3419.0,1774.0,1734.0,1780.0,1777.0,1777.0,1214.0,520.0,1240.0,534.0
0.0,3425.0,1760.0,1734.0,1777.0,1760.0,1760.0,1214.0,520.0,1233.0,527.0
0.0,3442.0,1743.0,1736.0,1760.0,1749.0,1749.0,1215.0,521.0,1220.0,523.0
0.0,3459.0,1732.0,1736.0,1749.0,1732.0,1732.0,1215.0,521.0,1213.0,519.0
0.0,3476.0,1720.0,1737.0,1732.0,1723.0,1723.0,1216.0,521.0,1204.0,516.0
0.0,3488.0,1726.0,1737.0,1723.0,1726.0,1726.0,1216.0,521.0,1207.0,519.0
0.0,3485.0,1726.0,1739.0,1726.0,1732.0,1732.0,1217.0,522.0,1208.0,518.0
0.0,3485.0,1742.0,1739.0,1732.0,1742.0,1742.0,1217.0,522.0,1220.0,522.0
0.0,3475.0,1754.0,1740.0,1742.0,1757.0,1757.0,1218.0,522.0,1228.0,526.0
0.0,3463.0,1776.0,1740.0,1757.0,1776.0,1776.0,1218.0,522.0,1242.0,534.0
0.0,3444.0,1783.0,1740.0,1776.0,1783.0,1783.0,1218.0,522.0,1248.0,535.0
0.0,3437.0,1793.0,1742.0,1783.0,1799.0,1799.0,1219.0,523.0,1256.0,537.0
0.0,3427.0,1789.0,1742.0,1799.0,1789.0,1789.0,1219.0,523.0,1252.0,537.0
0.0,3437.0,1783.0,1743.0,1789.0,1786.0,1786.0,1220.0,523.0,1249.0,534.0
0.0,3443.0,1766.0,1743.0,1786.0,1766.0,1766.0,1220.0,523.0,1236.0,530.0
0.0,3463.0,1754.0,1744.0,1766.0,1757.0,1757.0,1221.0,523.0,1226.0,528.0
0.0,3475.0,1740.0,1745.0,1757.0,1743.0,1743.0,1221.0,524.0,1219.0,521.0
0.0,3492.0,1729.0,1746.0,1743.0,1732.0,1732.0,1222.0,524.0,1210.0,519.0
0.0,3506.0,1731.0,1746.0,1732.0,1731.0,1731.0,1222.0,524.0,1213.0,518.0
0.0,3507.0,1734.0,1747.0,1731.0,1737.0,1737.0,1223.0,524.0,1214.0,520.0
0.0,3504.0,1753.0,1747.0,1737.0,1753.0,1753.0,1223.0,524.0,1226.0,527.0
0.0,3488.0,1763.0,1748.0,1753.0,1766.0,1766.0,1224.0,524.0,1234.0,529.0
0.0,3478.0,1782.0,1749.0,1766.0,1785.0,1785.0,1224.0,525.0,1248.0,534.0
0.0,3462.0,1792.0,1750.0,1785.0,1795.0,1795.0,1225.0,525.0,1254.0,538.0
0.0,3455.0,1801.0,1750.0,1795.0,1801.0,1801.0,1225.0,525.0,1262.0,539.0
0.0,3449.0,1800.0,1751.0,1801.0,1803.0,1803.0,1226.0,525.0,1258.0,542.0
0.0,3450.0,1792.0,1752.0,1803.0,1795.0,1795.0,1226.0,526.0,1255.0,537.0
0.0,3461.0,1776.0,1752.0,1795.0,1776.0,1776.0,1226.0,526.0,1243.0,533.0
0.0,3480.0,1763.0,1753.0,1776.0,1766.0,1766.0,1227.0,526.0,1235.0,528.0
0.0,3493.0,1746.0,1753.0,1766.0,1746.0,1746.0,1227.0,526.0,1222.0,524.0
0.0,3513.0,1740.0,1754.0,1746.0,1743.0,1743.0,1228.0,526.0,1216.0,524.0
0.0,3519.0,1740.0,1754.0,1743.0,1740.0,1740.0,1228.0,526.0,1219.0,521.0
0.0,3522.0,1743.0,1756.0,1740.0,1749.0,1749.0,1229.0,527.0,1220.0,523.0
0.0,3519.0,1759.0,1756.0,1749.0,1759.0,1759.0,1229.0,527.0,1232.0,527.0
0.0,3509.0,1772.0,1757.0,1759.0,1775.0,1775.0,1230.0,527.0,1240.0,532.0
0.0,3496.0,1793.0,1757.0,1775.0,1793.0,1793.0,1230.0,527.0,1254.0,539.0
0.0,3478.0,1800.0,1759.0,1793.0,1806.0,1806.0,1231.0,528.0,1260.0,540.0
0.0,3471.0,1810.0,1759.0,1806.0,1810.0,1810.0,1231.0,528.0,1268.0,542.0
0.0,3467.0,1806.0,1760.0,1810.0,1809.0,1809.0,1232.0,528.0,1264.0,542.0
0.0,3471.0,1800.0,1760.0,1809.0,1800.0,1800.0,1232.0,528.0,1261.0,539.0
0.0,3480.0,1787.0,1760.0,1800.0,1787.0,1787.0,1232.0,528.0,1249.0,538.0
0.0,3493.0,1772.0,1761.0,1787.0,1775.0,1775.0,1233.0,528.0,1241.0,531.0
0.0,3508.0,1756.0,1762.0,1775.0,1759.0,1759.0,1233.0,529.0,1229.0,527.0
0.0,3527.0,1749.0,1763.0,1759.0,1752.0,1752.0,1234.0,529.0,1225.0,524.0
0.0,3537.0,1746.0,1763.0,1752.0,1746.0,1746.0,1234.0,529.0,1222.0,524.0
0.0,3543.0,1755.0,1764.0,1746.0,1758.0,1758.0,1235.0,529.0,1226.0,529.0
0.0,3534.0,1767.0,1765.0,1758.0,1770.0,1770.0,1235.0,530.0,1238.0,529.0
0.0,3525.0,1780.0,1766.0,1770.0,1783.0,1783.0,1236.0,530.0,1246.0,534.0
0.0,3515.0,1799.0,1766.0,1783.0,1799.0,1799.0,1236.0,530.0,1260.0,539.0
0.0,3499.0,1809.0,1767.0,1799.0,1812.0,1812.0,1237.0,530.0,1266.0,543.0
0.0,3489.0,1822.0,1767.0,1812.0,1822.0,1822.0,1237.0,530.0,1274.0,548.0
0.0,3479.0,1814.0,1769.0,1822.0,1820.0,1820.0,1238.0,531.0,1270.0,544.0
0.0,3487.0,1809.0,1769.0,1820.0,1809.0,1809.0,1238.0,531.0,1267.0,542.0
0.0,3498.0,1793.0,1770.0,1809.0,1796.0,1796.0,1239.0,531.0,1255.0,538.0
0.0,3514.0,1780.0,1770.0,1796.0,1780.0,1780.0,1239.0,531.0,1247.0,533.0
0.0,3530.0,1767.0,1770.0,1780.0,1767.0,1767.0,1239.0,531.0,1235.0,532.0
0.0,3543.0,1759.0,1772.0,1767.0,1765.0,1765.0,1240.0,532.0,1232.0,527.0
0.0,3551.0,1754.0,1772.0,1765.0,1754.0,1754.0,1240.0,532.0,1228.0,526.0
0.0,3562.0,1763.0,1773.0,1754.0,1766.0,1766.0,1241.0,532.0,1235.0,528.0
0.0,3553.0,1773.0,1773.0,1766.0,1773.0,1773.0,1241.0,532.0,1241.0,532.0
0.0,3546.0,1792.0,1774.0,1773.0,1795.0,1795.0,1242.0,532.0,1252.0,540.0
0.0,3527.0,1809.0,1774.0,1795.0,1809.0,1809.0,1242.0,532.0,1267.0,542.0
0.0,3513.0,1817.0,1776.0,1809.0,1823.0,1823.0,1243.0,533.0,1272.0,545.0
0.0,3505.0,1827.0,1776.0,1823.0,1827.0,1827.0,1243.0,533.0,1280.0,547.0
0.0,3501.0,1823.0,1777.0,1827.0,1826.0,1826.0,1244.0,533.0,1276.0,547.0
0.0,3505.0,1820.0,1777.0,1826.0,1820.0,1820.0,1244.0,533.0,1273.0,547.0
0.0,3511.0,1801.0,1779.0,1820.0,1807.0,1807.0,1245.0,534.0,1261.0,540.0
0.0,3530.0,1789.0,1779.0,1807.0,1789.0,1789.0,1245.0,534.0,1253.0,536.0
0.0,3548.0,1773.0,1780.0,1789.0,1776.0,1776.0,1246.0,534.0,1241.0,532.0
0.0,3564.0,1767.0,1780.0,1776.0,1767.0,1767.0,1246.0,534.0,1238.0,529.0
0.0,3573.0,1766.0,1780.0,1767.0,1766.0,1766.0,1246.0,534.0,1234.0,532.0
0.0,3574.0,1772.0,1782.0,1766.0,1778.0,1778.0,1247.0,535.0,1241.0,531.0
0.0,3568.0,1782.0,1782.0,1778.0,1782.0,1782.0,1247.0,535.0,1247.0,535.0
0.0,3564.0,1797.0,1783.0,1782.0,1800.0,1800.0,1248.0,535.0,1258.0,539.0
0.0,3549.0,1817.0,1783.0,1800.0,1817.0,1817.0,1248.0,535.0,1273.0,544.0
0.0,3532.0,1829.0,1784.0,1817.0,1832.0,1832.0,1249.0,535.0,1278.0,551.0
0.0,3520.0,1836.0,1785.0,1832.0,1839.0,1839.0,1249.0,536.0,1286.0,550.0
0.0,3516.0,1832.0,1786.0,1839.0,1835.0,1835.0,1250.0,536.0,1282.0,550.0
0.0,3523.0,1826.0,1786.0,1835.0,1826.0,1826.0,1250.0,536.0,1279.0,547.0
0.0,3532.0,1813.0,1787.0,1826.0,1816.0,1816.0,1251.0,536.0,1267.0,546.0
0.0,3545.0,1797.0,1787.0,1816.0,1797.0,1797.0,1251.0,536.0,1259.0,538.0
0.0,3564.0,1781.0,1789.0,1797.0,1787.0,1787.0,1252.0,537.0,1247.0,534.0
0.0,3580.0,1776.0,1789.0,1787.0,1776.0,1776.0,1252.0,537.0,1244.0,532.0
0.0,3591.0,1771.0,1790.0,1776.0,1774.0,1774.0,1253.0,537.0,1240.0,531.0
0.0,3596.0,1780.0,1790.0,1774.0,1780.0,1780.0,1253.0,537.0,1247.0,533.0
0.0,3590.0,1793.0,1790.0,1780.0,1793.0,1793.0,1253.0,537.0,1253.0,540.0
0.0,3577.0,1809.0,1792.0,1793.0,1815.0,1815.0,1254.0,538.0,1267.0,542.0
0.0,3561.0,1823.0,1792.0,1815.0,1823.0,1823.0,1254.0,538.0,1276.0,547.0
0.0,3553.0,1839.0,1793.0,1823.0,1842.0,1842.0,1255.0,538.0,1288.0,551.0
0.0,3537.0,1841.0,1793.0,1842.0,1841.0,1841.0,1255.0,538.0,1289.0,552.0
0.0,3538.0,1843.0,1794.0,1841.0,1846.0,1846.0,1256.0,538.0,1288.0,555.0
0.0,3536.0,1835.0,1795.0,1846.0,1838.0,1838.0,1256.0,539.0,1285.0,550.0
0.0,3547.0,1819.0,1796.0,1838.0,1822.0,1822.0,1257.0,539.0,1273.0,546.0
0.0,3566.0,1806.0,1796.0,1822.0,1806.0,1806.0,1257.0,539.0,1265.0,541.0
0.0,3582.0,1790.0,1797.0,1806.0,1793.0,1793.0,1258.0,539.0,1253.0,537.0
0.0,3598.0,1787.0,1797.0,1793.0,1787.0,1787.0,1258.0,539.0,1250.0,537.0
0.0,3604.0,1780.0,1799.0,1787.0,1786.0,1786.0,1259.0,540.0,1246.0,534.0
0.0,3611.0,1789.0,1799.0,1786.0,1789.0,1789.0,1259.0,540.0,1253.0,536.0
0.0,3608.0,1799.0,1800.0,1789.0,1802.0,1802.0,1260.0,540.0,1259.0,540.0
0.0,3598.0,1819.0,1800.0,1802.0,1819.0,1819.0,1260.0,540.0,1274.0,545.0
0.0,3581.0,1834.0,1800.0,1819.0,1834.0,1834.0,1260.0,540.0,1282.0,552.0
0.0,3566.0,1847.0,1801.0,1834.0,1850.0,1850.0,1261.0,540.0,1294.0,553.0
0.0,3553.0,1850.0,1802.0,1850.0,1853.0,1853.0,1261.0,541.0,1295.0,555.0
0.0,3553.0,1852.0,1803.0,1853.0,1855.0,1855.0,1262.0,541.0,1297.0,555.0
0.0,3554.0,1840.0,1803.0,1855.0,1840.0,1840.0,1262.0,541.0,1288.0,552.0
0.0,3569.0,1830.0,1804.0,1840.0,1833.0,1833.0,1263.0,541.0,1279.0,551.0
0.0,3579.0,1815.0,1805.0,1833.0,1818.0,1818.0,1263.0,542.0,1271.0,544.0
0.0,3597.0,1799.0,1806.0,1818.0,1802.0,1802.0,1264.0,542.0,1259.0,540.0
0.0,3616.0,1793.0,1806.0,1802.0,1793.0,1793.0,1264.0,542.0,1256.0,537.0
0.0,3625.0,1789.0,1807.0,1793.0,1792.0,1792.0,1265.0,542.0,1252.0,537.0
0.0,3629.0,1802.0,1807.0,1792.0,1802.0,1802.0,1265.0,542.0,1260.0,542.0
0.0,3619.0,1807.0,1809.0,1802.0,1813.0,1813.0,1266.0,543.0,1265.0,542.0
0.0,3614.0,1827.0,1809.0,1813.0,1827.0,1827.0,1266.0,543.0,1280.0,547.0
0.0,3600.0,1840.0,1810.0,1827.0,1843.0,1843.0,1267.0,543.0,1288.0,552.0
0.0,3587.0,1856.0,1810.0,1843.0,1856.0,1856.0,1267.0,543.0,1300.0,556.0
0.0,3574.0,1862.0,1811.0,1856.0,1865.0,1865.0,1268.0,543.0,1301.0,561.0
0.0,3568.0,1860.0,1812.0,1865.0,1863.0,1863.0,1268.0,544.0,1303.0,557.0
0.0,3573.0,1849.0,1812.0,1863.0,1849.0,1849.0,1268.0,544.0,1294.0,555.0
0.0,3587.0,1839.0,1813.0,1849.0,1842.0,1842.0,1269.0,544.0,1288.0,551.0
0.0,3597.0,1823.0,1813.0,1842.0,1823.0,1823.0,1269.0,544.0,1274.0,549.0
0.0,3616.0,1807.0,1814.0,1823.0,1810.0,1810.0,1270.0,544.0,1265.0,542.0
0.0,3632.0,1802.0,1815.0,1810.0,1805.0,1805.0,1270.0,545.0,1262.0,540.0
0.0,3640.0,1797.0,1816.0,1805.0,1800.0,1800.0,1271.0,545.0,1258.0,539.0
0.0,3648.0,1807.0,1816.0,1800.0,1807.0,1807.0,1271.0,545.0,1266.0,541.0
0.0,3641.0,1816.0,1817.0,1807.0,1819.0,1819.0,1272.0,545.0,1271.0,545.0
0.0,3632.0,1839.0,1817.0,1819.0,1839.0,1839.0,1272.0,545.0,1286.0,553.0
0.0,3612.0,1849.0,1819.0,1839.0,1855.0,1855.0,1273.0,546.0,1294.0,555.0
0.0,3602.0,1864.0,1819.0,1855.0,1864.0,1864.0,1273.0,546.0,1306.0,558.0
0.0,3593.0,1867.0,1820.0,1864.0,1870.0,1870.0,1274.0,546.0,1307.0,560.0
0.0,3590.0,1869.0,1820.0,1870.0,1869.0,1869.0,1274.0,546.0,1309.0,560.0
0.0,3591.0,1860.0,1820.0,1869.0,1860.0,1860.0,1274.0,546.0,1300.0,560.0
0.0,3600.0,1847.0,1821.0,1860.0,1850.0,1850.0,1275.0,546.0,1294.0,553.0
0.0,3613.0,1829.0,1822.0,1850.0,1832.0,1832.0,1275.0,547.0,1280.0,549.0
0.0,3634.0,1816.0,1823.0,1832.0,1819.0,1819.0,1276.0,547.0,1271.0,545.0
0.0,3650.0,1810.0,1823.0,1819.0,1810.0,1810.0,1276.0,547.0,1268.0,542.0
0.0,3659.0,1809.0,1824.0,1810.0,1812.0,1812.0,1277.0,547.0,1264.0,545.0
0.0,3660.0,1816.0,1825.0,1812.0,1819.0,1819.0,1277.0,548.0,1272.0,544.0
0.0,3656.0,1826.0,1826.0,1819.0,1829.0,1829.0,1278.0,548.0,1278.0,548.0
0.0,3649.0,1844.0,1826.0,1829.0,1844.0,1844.0,1278.0,548.0,1292.0,552.0
0.0,3634.0,1860.0,1827.0,1844.0,1863.0,1863.0,1279.0,548.0,1300.0,560.0
0.0,3618.0,1873.0,1827.0,1863.0,1873.0,1873.0,1279.0,548.0,1312.0,561.0
0.0,3608.0,1876.0,1829.0,1873.0,1882.0,1882.0,1280.0,549.0,1313.0,563.0
0.0,3605.0,1879.0,1829.0,1882.0,1879.0,1879.0,1280.0,549.0,1316.0,563.0
0.0,3608.0,1866.0,1830.0,1879.0,1869.0,1869.0,1281.0,549.0,1306.0,560.0
0.0,3621.0,1856.0,1830.0,1869.0,1856.0,1856.0,1281.0,549.0,1300.0,556.0
0.0,3634.0,1840.0,1830.0,1856.0,1840.0,1840.0,1281.0,549.0,1286.0,554.0
0.0,3650.0,1827.0,1832.0,1840.0,1833.0,1833.0,1282.0,550.0,1280.0,547.0
0.0,3663.0,1816.0,1832.0,1833.0,1816.0,1816.0,1282.0,550.0,1271.0,545.0
0.0,3680.0,1814.0,1833.0,1816.0,1817.0,1817.0,1283.0,550.0,1270.0,544.0
0.0,3682.0,1824.0,1833.0,1817.0,1824.0,1824.0,1283.0,550.0,1278.0,546.0
0.0,3675.0,1837.0,1834.0,1824.0,1840.0,1840.0,1284.0,550.0,1284.0,553.0
0.0,3662.0,1853.0,1834.0,1840.0,1853.0,1853.0,1284.0,550.0,1298.0,555.0
0.0,3649.0,1866.0,1836.0,1853.0,1872.0,1872.0,1285.0,551.0,1306.0,560.0
0.0,3636.0,1882.0,1836.0,1872.0,1882.0,1882.0,1285.0,551.0,1318.0,564.0
0.0,3626.0,1884.0,1837.0,1882.0,1887.0,1887.0,1286.0,551.0,1319.0,565.0
0.0,3624.0,1890.0,1837.0,1887.0,1890.0,1890.0,1286.0,551.0,1322.0,568.0
0.0,3621.0,1876.0,1839.0,1890.0,1882.0,1882.0,1287.0,552.0,1313.0,563.0
0.0,3635.0,1865.0,1839.0,1882.0,1865.0,1865.0,1287.0,552.0,1306.0,559.0
0.0,3652.0,1846.0,1840.0,1865.0,1849.0,1849.0,1288.0,552.0,1292.0,554.0
0.0,3671.0,1836.0,1840.0,1849.0,1836.0,1836.0,1288.0,552.0,1286.0,550.0
0.0,3684.0,1827.0,1840.0,1836.0,1827.0,1827.0,1288.0,552.0,1277.0,550.0
0.0,3693.0,1826.0,1841.0,1827.0,1829.0,1829.0,1289.0,552.0,1279.0,547.0
0.0,3694.0,1830.0,1842.0,1829.0,1833.0,1833.0,1289.0,553.0,1281.0,549.0
0.0,3693.0,1843.0,1843.0,1833.0,1846.0,1846.0,1290.0,553.0,1290.0,553.0
0.0,3683.0,1862.0,1843.0,1846.0,1862.0,1862.0,1290.0,553.0,1304.0,558.0
0.0,3667.0,1877.0,1844.0,1862.0,1880.0,1880.0,1291.0,553.0,1312.0,565.0
0.0,3652.0,1890.0,1845.0,1880.0,1893.0,1893.0,1291.0,554.0,1324.0,566.0
0.0,3642.0,1893.0,1846.0,1893.0,1896.0,1896.0,1292.0,554.0,1325.0,568.0
0.0,3642.0,1896.0,1846.0,1896.0,1896.0,1896.0,1292.0,554.0,1328.0,568.0
0.0,3642.0,1884.0,1847.0,1896.0,1887.0,1887.0,1293.0,554.0,1319.0,565.0
0.0,3654.0,1876.0,1847.0,1887.0,1876.0,1876.0,1293.0,554.0,1312.0,564.0
0.0,3665.0,1856.0,1848.0,1876.0,1859.0,1859.0,1294.0,554.0,1299.0,557.0
0.0,3685.0,1845.0,1849.0,1859.0,1848.0,1848.0,1294.0,555.0,1292.0,553.0
0.0,3699.0,1833.0,1850.0,1848.0,1836.0,1836.0,1295.0,555.0,1283.0,550.0
0.0,3714.0,1835.0,1850.0,1836.0,1835.0,1835.0,1295.0,555.0,1285.0,550.0
0.0,3715.0,1842.0,1850.0,1835.0,1842.0,1842.0,1295.0,555.0,1287.0,555.0
0.0,3708.0,1854.0,1852.0,1842.0,1860.0,1860.0,1296.0,556.0,1299.0,555.0
0.0,3696.0,1867.0,1852.0,1860.0,1867.0,1867.0,1296.0,556.0,1307.0,560.0
0.0,3689.0,1886.0,1853.0,1867.0,1889.0,1889.0,1297.0,556.0,1321.0,565.0
0.0,3670.0,1896.0,1853.0,1889.0,1896.0,1896.0,1297.0,556.0,1327.0,569.0
0.0,3663.0,1905.0,1854.0,1896.0,1908.0,1908.0,1298.0,556.0,1331.0,574.0
0.0,3654.0,1904.0,1855.0,1908.0,1907.0,1907.0,1298.0,557.0,1334.0,570.0
0.0,3658.0,1893.0,1856.0,1907.0,1896.0,1896.0,1299.0,557.0,1325.0,568.0
0.0,3672.0,1882.0,1856.0,1896.0,1882.0,1882.0,1299.0,557.0,1318.0,564.0
0.0,3686.0,1864.0,1857.0,1882.0,1867.0,1867.0,1300.0,557.0,1305.0,559.0
0.0,3704.0,1856.0,1857.0,1867.0,1856.0,1856.0,1300.0,557.0,1298.0,558.0
0.0,3715.0,1842.0,1859.0,1856.0,1848.0,1848.0,1301.0,558.0,1289.0,553.0
0.0,3729.0,1843.0,1859.0,1848.0,1843.0,1843.0,1301.0,558.0,1291.0,552.0
0.0,3734.0,1847.0,1860.0,1843.0,1850.0,1850.0,1302.0,558.0,1293.0,554.0
0.0,3730.0,1863.0,1860.0,1850.0,1863.0,1863.0,1302.0,558.0,1305.0,558.0
0.0,3717.0,1879.0,1860.0,1863.0,1879.0,1879.0,1302.0,558.0,1313.0,566.0
0.0,3701.0,1895.0,1861.0,1879.0,1898.0,1898.0,1303.0,558.0,1327.0,568.0
0.0,3685.0,1904.0,1862.0,1898.0,1907.0,1907.0,1303.0,559.0,1333.0,571.0
0.0,3679.0,1910.0,1863.0,1907.0,1913.0,1913.0,1304.0,559.0,1337.0,573.0
0.0,3676.0,1913.0,1863.0,1913.0,1913.0,1913.0,1304.0,559.0,1340.0,573.0
0.0,3676.0,1904.0,1864.0,1913.0,1907.0,1907.0,1305.0,559.0,1331.0,573.0
0.0,3685.0,1890.0,1865.0,1907.0,1893.0,1893.0,1305.0,560.0,1324.0,566.0
0.0,3702.0,1873.0,1866.0,1893.0,1876.0,1876.0,1306.0,560.0,1311.0,562.0
0.0,3722.0,1862.0,1866.0,1876.0,1862.0,1862.0,1306.0,560.0,1304.0,558.0
0.0,3736.0,1850.0,1867.0,1862.0,1853.0,1853.0,1307.0,560.0,1295.0,555.0
0.0,3748.0,1856.0,1867.0,1853.0,1856.0,1856.0,1307.0,560.0,1298.0,558.0
0.0,3745.0,1856.0,1869.0,1856.0,1862.0,1862.0,1308.0,561.0,1299.0,557.0
0.0,3745.0,1872.0,1869.0,1862.0,1872.0,1872.0,1308.0,561.0,1311.0,561.0
0.0,3735.0,1884.0,1870.0,1872.0,1887.0,1887.0,1309.0,561.0,1319.0,565.0
0.0,3723.0,1903.0,1870.0,1887.0,1903.0,1903.0,1309.0,561.0,1333.0,570.0
0.0,3707.0,1916.0,1870.0,1903.0,1916.0,1916.0,1309.0,561.0,1339.0,577.0
0.0,3694.0,1923.0,1872.0,1916.0,1929.0,1929.0,1310.0,562.0,1347.0,576.0
0.0,3687.0,1919.0,1872.0,1929.0,1919.0,1919.0,1310.0,562.0,1343.0,576.0
0.0,3697.0,1910.0,1873.0,1919.0,1913.0,1913.0,1311.0,562.0,1337.0,573.0
0.0,3706.0,1902.0,1873.0,1913.0,1902.0,1902.0,1311.0,562.0,1330.0,572.0
0.0,3717.0,1881.0,1874.0,1902.0,1884.0,1884.0,1312.0,562.0,1317.0,564.0
0.0,3738.0,1870.0,1875.0,1884.0,1873.0,1873.0,1312.0,563.0,1310.0,560.0
0.0,3752.0,1859.0,1876.0,1873.0,1862.0,1862.0,1313.0,563.0,1301.0,558.0
0.0,3766.0,1861.0,1876.0,1862.0,1861.0,1861.0,1313.0,563.0,1304.0,557.0
0.0,3767.0,1864.0,1877.0,1861.0,1867.0,1867.0,1314.0,563.0,1305.0,559.0
0.0,3764.0,1883.0,1877.0,1867.0,1883.0,1883.0,1314.0,563.0,1317.0,566.0
0.0,3748.0,1893.0,1879.0,1883.0,1899.0,1899.0,1315.0,564.0,1325.0,568.0
0.0,3738.0,1912.0,1879.0,1899.0,1912.0,1912.0,1315.0,564.0,1339.0,573.0
0.0,3725.0,1922.0,1880.0,1912.0,1925.0,1925.0,1316.0,564.0,1345.0,577.0
0.0,3715.0,1931.0,1880.0,1925.0,1931.0,1931.0,1316.0,564.0,1353.0,578.0
0.0,3709.0,1930.0,1880.0,1931.0,1930.0,1930.0,1316.0,564.0,1349.0,581.0
0.0,3710.0,1922.0,1882.0,1930.0,1928.0,1928.0,1317.0,565.0,1346.0,576.0
0.0,3718.0,1906.0,1882.0,1928.0,1906.0,1906.0,1317.0,565.0,1334.0,572.0
0.0,3740.0,1890.0,1883.0,1906.0,1893.0,1893.0,1318.0,565.0,1323.0,567.0
0.0,3756.0,1879.0,1883.0,1893.0,1879.0,1879.0,1318.0,565.0,1316.0,563.0
0.0,3770.0,1870.0,1884.0,1879.0,1873.0,1873.0,1319.0,565.0,1307.0,563.0
0.0,3779.0,1870.0,1885.0,1873.0,1873.0,1873.0,1319.0,566.0,1310.0,560.0
0.0,3782.0,1873.0,1886.0,1873.0,1876.0,1876.0,1320.0,566.0,1311.0,562.0
0.0,3782.0,1889.0,1886.0,1876.0,1889.0,1889.0,1320.0,566.0,1323.0,566.0
0.0,3769.0,1902.0,1887.0,1889.0,1905.0,1905.0,1321.0,566.0,1331.0,571.0
0.0,3756.0,1923.0,1887.0,1905.0,1923.0,1923.0,1321.0,566.0,1345.0,578.0
0.0,3738.0,1930.0,1888.0,1923.0,1933.0,1933.0,1322.0,566.0,1351.0,579.0
0.0,3731.0,1940.0,1889.0,1933.0,1943.0,1943.0,1322.0,567.0,1359.0,581.0
0.0,3724.0,1936.0,1890.0,1943.0,1939.0,1939.0,1323.0,567.0,1355.0,581.0
0.0,3731.0,1930.0,1890.0,1939.0,1930.0,1930.0,1323.0,567.0,1352.0,578.0
0.0,3740.0,1917.0,1890.0,1930.0,1917.0,1917.0,1323.0,567.0,1340.0,577.0
0.0,3753.0,1902.0,1892.0,1917.0,1908.0,1908.0,1324.0,568.0,1332.0,570.0
0.0,3768.0,1886.0,1892.0,1908.0,1886.0,1886.0,1324.0,568.0,1320.0,566.0
0.0,3790.0,1876.0,1893.0,1886.0,1879.0,1879.0,1325.0,568.0,1313.0,563.0
0.0,3800.0,1879.0,1893.0,1879.0,1879.0,1879.0,1325.0,568.0,1316.0,563.0
0.0,3800.0,1885.0,1894.0,1879.0,1888.0,1888.0,1326.0,568.0,1317.0,568.0
0.0,3794.0,1897.0,1895.0,1888.0,1900.0,1900.0,1326.0,569.0,1329.0,568.0
0.0,3785.0,1910.0,1896.0,1900.0,1913.0,1913.0,1327.0,569.0,1337.0,573.0
0.0,3775.0,1929.0,1896.0,1913.0,1929.0,1929.0,1327.0,569.0,1351.0,578.0
0.0,3759.0,1939.0,1897.0,1929.0,1942.0,1942.0,1328.0,569.0,1357.0,582.0
0.0,3749.0,1952.0,1897.0,1942.0,1952.0,1952.0,1328.0,569.0,1365.0,587.0
0.0,3739.0,1944.0,1899.0,1952.0,1950.0,1950.0,1329.0,570.0,1361.0,583.0
0.0,3747.0,1939.0,1899.0,1950.0,1939.0,1939.0,1329.0,570.0,1358.0,581.0
0.0,3758.0,1923.0,1900.0,1939.0,1926.0,1926.0,1330.0,570.0,1346.0,577.0
0.0,3774.0,1913.0,1900.0,1926.0,1913.0,1913.0,1330.0,570.0,1338.0,575.0
0.0,3787.0,1894.0,1900.0,1913.0,1894.0,1894.0,1330.0,570.0,1326.0,568.0
0.0,3806.0,1889.0,1902.0,1894.0,1895.0,1895.0,1331.0,571.0,1323.0,566.0
0.0,3811.0,1884.0,1902.0,1895.0,1884.0,1884.0,1331.0,571.0,1319.0,565.0
0.0,3822.0,1890.0,1903.0,1884.0,1893.0,1893.0,1332.0,571.0,1323.0,567.0
0.0,3816.0,1906.0,1903.0,1893.0,1906.0,1906.0,1332.0,571.0,1335.0,571.0
0.0,3803.0,1922.0,1904.0,1906.0,1925.0,1925.0,1333.0,571.0,1343.0,579.0
0.0,3787.0,1939.0,1905.0,1925.0,1942.0,1942.0,1333.0,572.0,1358.0,581.0
0.0,3773.0,1947.0,1906.0,1942.0,1950.0,1950.0,1334.0,572.0,1363.0,584.0
0.0,3768.0,1957.0,1906.0,1950.0,1957.0,1957.0,1334.0,572.0,1371.0,586.0
0.0,3761.0,1953.0,1907.0,1957.0,1956.0,1956.0,1335.0,572.0,1367.0,586.0
0.0,3765.0,1950.0,1907.0,1956.0,1950.0,1950.0,1335.0,572.0,1364.0,586.0
0.0,3771.0,1931.0,1908.0,1950.0,1934.0,1934.0,1336.0,572.0,1352.0,579.0
0.0,3790.0,1919.0,1909.0,1934.0,1922.0,1922.0,1336.0,573.0,1344.0,575.0
0.0,3805.0,1903.0,1910.0,1922.0,1906.0,1906.0,1337.0,573.0,1332.0,571.0
0.0,3824.0,1897.0,1910.0,1906.0,1897.0,1897.0,1337.0,573.0,1329.0,568.0
0.0,3833.0,1896.0,1911.0,1897.0,1899.0,1899.0,1338.0,573.0,1325.0,571.0
0.0,3834.0,1902.0,1912.0,1899.0,1905.0,1905.0,1338.0,574.0,1332.0,570.0
0.0,3831.0,1912.0,1912.0,1905.0,1912.0,1912.0,1338.0,574.0,1338.0,574.0
0.0,3824.0,1930.0,1913.0,1912.0,1933.0,1933.0,1339.0,574.0,1352.0,578.0
0.0,3806.0,1947.0,1913.0,1933.0,1947.0,1947.0,1339.0,574.0,1361.0,586.0
0.0,3792.0,1956.0,1914.0,1947.0,1959.0,1959.0,1340.0,574.0,1369.0,587.0
0.0,3783.0,1966.0,1915.0,1959.0,1969.0,1969.0,1340.0,575.0,1377.0,589.0
0.0,3776.0,1962.0,1916.0,1969.0,1965.0,1965.0,1341.0,575.0,1373.0,589.0
0.0,3783.0,1956.0,1916.0,1965.0,1956.0,1956.0,1341.0,575.0,1370.0,586.0
0.0,3792.0,1940.0,1917.0,1956.0,1943.0,1943.0,1342.0,575.0,1358.0,582.0
0.0,3808.0,1930.0,1917.0,1943.0,1930.0,1930.0,1342.0,575.0,1350.0,580.0
0.0,3821.0,1911.0,1919.0,1930.0,1917.0,1917.0,1343.0,576.0,1338.0,573.0
0.0,3840.0,1906.0,1919.0,1917.0,1906.0,1906.0,1343.0,576.0,1335.0,571.0
0.0,3851.0,1901.0,1920.0,1906.0,1904.0,1904.0,1344.0,576.0,1331.0,570.0
0.0,3856.0,1910.0,1920.0,1904.0,1910.0,1910.0,1344.0,576.0,1338.0,572.0
0.0,3850.0,1923.0,1920.0,1910.0,1923.0,1923.0,1344.0,576.0,1344.0,579.0
0.0,3837.0,1939.0,1921.0,1923.0,1942.0,1942.0,1345.0,576.0,1358.0,581.0
0.0,3821.0,1953.0,1922.0,1942.0,1956.0,1956.0,1345.0,577.0,1367.0,586.0
0.0,3810.0,1969.0,1923.0,1956.0,1972.0,1972.0,1346.0,577.0,1379.0,590.0
0.0,3797.0,1971.0,1923.0,1972.0,1971.0,1971.0,1346.0,577.0,1380.0,591.0
0.0,3798.0,1973.0,1924.0,1971.0,1976.0,1976.0,1347.0,577.0,1379.0,594.0
0.0,3796.0,1965.0,1925.0,1976.0,1968.0,1968.0,1347.0,578.0,1376.0,589.0
0.0,3807.0,1949.0,1926.0,1968.0,1952.0,1952.0,1348.0,578.0,1364.0,585.0
0.0,3826.0,1936.0,1926.0,1952.0,1936.0,1936.0,1348.0,578.0,1356.0,580.0
0.0,3842.0,1920.0,1927.0,1936.0,1923.0,1923.0,1349.0,578.0,1344.0,576.0
0.0,3858.0,1917.0,1927.0,1923.0,1917.0,1917.0,1349.0,578.0,1341.0,576.0
0.0,3864.0,1910.0,1928.0,1917.0,1913.0,1913.0,1350.0,578.0,1337.0,573.0
0.0,3871.0,1919.0,1929.0,1913.0,1922.0,1922.0,1350.0,579.0,1344.0,575.0
0.0,3865.0,1929.0,1930.0,1922.0,1932.0,1932.0,1351.0,579.0,1350.0,579.0
0.0,3858.0,1949.0,1930.0,1932.0,1949.0,1949.0,1351.0,579.0,1365.0,584.0
0.0,3841.0,1964.0,1931.0,1949.0,1967.0,1967.0,1352.0,579.0,1373.0,591.0
0.0,3826.0,1977.0,1932.0,1967.0,1980.0,1980.0,1352.0,580.0,1385.0,592.0
0.0,3816.0,1980.0,1932.0,1980.0,1980.0,1980.0,1352.0,580.0,1386.0,594.0
0.0,3816.0,1982.0,1933.0,1980.0,1985.0,1985.0,1353.0,580.0,1388.0,594.0
0.0,3814.0,1970.0,1933.0,1985.0,1970.0,1970.0,1353.0,580.0,1379.0,591.0
0.0,3829.0,1960.0,1934.0,1970.0,1963.0,1963.0,1354.0,580.0,1370.0,590.0
0.0,3839.0,1945.0,1934.0,1963.0,1945.0,1945.0,1354.0,580.0,1362.0,583.0
0.0,3857.0,1929.0,1936.0,1945.0,1935.0,1935.0,1355.0,581.0,1350.0,579.0
0.0,3873.0,1923.0,1936.0,1935.0,1923.0,1923.0,1355.0,581.0,1347.0,576.0
0.0,3885.0,1919.0,1937.0,1923.0,1922.0,1922.0,1356.0,581.0,1343.0,576.0
0.0,3889.0,1932.0,1937.0,1922.0,1932.0,1932.0,1356.0,581.0,1351.0,581.0
0.0,3879.0,1937.0,1939.0,1932.0,1943.0,1943.0,1357.0,582.0,1356.0,581.0
0.0,3874.0,1957.0,1939.0,1943.0,1957.0,1957.0,1357.0,582.0,1371.0,586.0
0.0,3860.0,1970.0,1940.0,1957.0,1973.0,1973.0,1358.0,582.0,1379.0,591.0
0.0,3847.0,1986.0,1940.0,1973.0,1986.0,1986.0,1358.0,582.0,1391.0,595.0
0.0,3834.0,1992.0,1940.0,1986.0,1992.0,1992.0,1358.0,582.0,1392.0,600.0
0.0,3828.0,1990.0,1942.0,1992.0,1996.0,1996.0,1359.0,583.0,1394.0,596.0
0.0,3830.0,1979.0,1942.0,1996.0,1979.0,1979.0,1359.0,583.0,1385.0,594.0
0.0,3847.0,1966.0,1943.0,1979.0,1969.0,1969.0,1360.0,583.0,1376.0,590.0
0.0,3860.0,1953.0,1943.0,1969.0,1953.0,1953.0,1360.0,583.0,1368.0,585.0
0.0,3876.0,1940.0,1944.0,1953.0,1943.0,1943.0,1361.0,583.0,1356.0,584.0
0.0,3889.0,1932.0,1945.0,1943.0,1935.0,1935.0,1361.0,584.0,1353.0,579.0
0.0,3900.0,1927.0,1946.0,1935.0,1930.0,1930.0,1362.0,584.0,1349.0,578.0
0.0,3908.0,1937.0,1946.0,1930.0,1937.0,1937.0,1362.0,584.0,1357.0,580.0
0.0,3901.0,1946.0,1947.0,1937.0,1949.0,1949.0,1363.0,584.0,1362.0,584.0
0.0,3892.0,1969.0,1947.0,1949.0,1969.0,1969.0,1363.0,584.0,1377.0,592.0
0.0,3872.0,1979.0,1948.0,1969.0,1982.0,1982.0,1364.0,584.0,1385.0,594.0
0.0,3862.0,1994.0,1949.0,1982.0,1997.0,1997.0,1364.0,585.0,1397.0,597.0
0.0,3850.0,1997.0,1950.0,1997.0,2000.0,2000.0,1365.0,585.0,1398.0,599.0
0.0,3850.0,1999.0,1950.0,2000.0,1999.0,1999.0,1365.0,585.0,1400.0,599.0
0.0,3851.0,1990.0,1950.0,1999.0,1990.0,1990.0,1365.0,585.0,1391.0,599.0
0.0,3860.0,1977.0,1952.0,1990.0,1983.0,1983.0,1366.0,586.0,1385.0,592.0
0.0,3873.0,1959.0,1952.0,1983.0,1959.0,1959.0,1366.0,586.0,1371.0,588.0
0.0,3897.0,1946.0,1953.0,1959.0,1949.0,1949.0,1367.0,586.0,1362.0,584.0
0.0,3910.0,1940.0,1953.0,1949.0,1940.0,1940.0,1367.0,586.0,1359.0,581.0
0.0,3919.0,1939.0,1954.0,1940.0,1942.0,1942.0,1368.0,586.0,1355.0,584.0
0.0,3920.0,1946.0,1955.0,1942.0,1949.0,1949.0,1368.0,587.0,1363.0,583.0
0.0,3916.0,1956.0,1956.0,1949.0,1959.0,1959.0,1369.0,587.0,1369.0,587.0
0.0,3909.0,1974.0,1956.0,1959.0,1974.0,1974.0,1369.0,587.0,1383.0,591.0
0.0,3894.0,1987.0,1957.0,1974.0,1990.0,1990.0,1370.0,587.0,1391.0,596.0
0.0,3881.0,2006.0,1957.0,1990.0,2006.0,2006.0,1370.0,587.0,1403.0,603.0
0.0,3865.0,2006.0,1959.0,2006.0,2012.0,2012.0,1371.0,588.0,1404.0,602.0
0.0,3865.0,2009.0,1959.0,2012.0,2009.0,2009.0,1371.0,588.0,1407.0,602.0
0.0,3868.0,1996.0,1960.0,2009.0,1999.0,1999.0,1372.0,588.0,1397.0,599.0
0.0,3881.0,1989.0,1960.0,1999.0,1989.0,1989.0,1372.0,588.0,1391.0,598.0
0.0,3891.0,1967.0,1960.0,1989.0,1967.0,1967.0,1372.0,588.0,1377.0,590.0
0.0,3913.0,1957.0,1962.0,1967.0,1963.0,1963.0,1373.0,589.0,1371.0,586.0
0.0,3923.0,1946.0,1962.0,1963.0,1946.0,1946.0,1373.0,589.0,1362.0,584.0
0.0,3940.0,1944.0,1963.0,1946.0,1947.0,1947.0,1374.0,589.0,1361.0,583.0
0.0,3942.0,1954.0,1963.0,1947.0,1954.0,1954.0,1374.0,589.0,1369.0,585.0
0.0,3935.0,1967.0,1964.0,1954.0,1970.0,1970.0,1375.0,589.0,1375.0,592.0
0.0,3922.0,1983.0,1965.0,1970.0,1986.0,1986.0,1375.0,590.0,1389.0,594.0
0.0,3909.0,1996.0,1966.0,1986.0,1999.0,1999.0,1376.0,590.0,1397.0,599.0
0.0,3899.0,2012.0,1966.0,1999.0,2012.0,2012.0,1376.0,590.0,1409.0,603.0
0.0,3886.0,2014.0,1967.0,2012.0,2017.0,2017.0,1377.0,590.0,1410.0,604.0
0.0,3884.0,2020.0,1967.0,2017.0,2020.0,2020.0,1377.0,590.0,1413.0,607.0
0.0,3881.0,2006.0,1969.0,2020.0,2012.0,2012.0,1378.0,591.0,1404.0,602.0
0.0,3895.0,1995.0,1969.0,2012.0,1995.0,1995.0,1378.0,591.0,1397.0,598.0
0.0,3912.0,1976.0,1970.0,1995.0,1979.0,1979.0,1379.0,591.0,1383.0,593.0
0.0,3931.0,1966.0,1970.0,1979.0,1966.0,1966.0,1379.0,591.0,1377.0,589.0
0.0,3944.0,1957.0,1970.0,1966.0,1957.0,1957.0,1379.0,591.0,1368.0,589.0
0.0,3953.0,1956.0,1972.0,1957.0,1962.0,1962.0,1380.0,592.0,1370.0,586.0
0.0,3954.0,1960.0,1972.0,1962.0,1960.0,1960.0,1380.0,592.0,1372.0,588.0
0.0,3956.0,1976.0,1973.0,1960.0,1979.0,1979.0,1381.0,592.0,1384.0,592.0
0.0,3940.0,1989.0,1973.0,1979.0,1989.0,1989.0,1381.0,592.0,1392.0,597.0
0.0,3930.0,2007.0,1974.0,1989.0,2010.0,2010.0,1382.0,592.0,1403.0,604.0
0.0,3912.0,2020.0,1974.0,2010.0,2020.0,2020.0,1382.0,592.0,1415.0,605.0
0.0,3902.0,2023.0,1976.0,2020.0,2029.0,2029.0,1383.0,593.0,1416.0,607.0
0.0,3899.0,2026.0,1976.0,2029.0,2026.0,2026.0,1383.0,593.0,1419.0,607.0
0.0,3902.0,2014.0,1977.0,2026.0,2017.0,2017.0,1384.0,593.0,1410.0,604.0
0.0,3914.0,2006.0,1977.0,2017.0,2006.0,2006.0,1384.0,593.0,1403.0,603.0
0.0,3925.0,1986.0,1979.0,2006.0,1992.0,1992.0,1385.0,594.0,1390.0,596.0
0.0,3945.0,1975.0,1979.0,1992.0,1975.0,1975.0,1385.0,594.0,1383.0,592.0
0.0,3962.0,1963.0,1980.0,1975.0,1966.0,1966.0,1386.0,594.0,1374.0,589.0
0.0,3974.0,1965.0,1980.0,1966.0,1965.0,1965.0,1386.0,594.0,1376.0,589.0
0.0,3975.0,1972.0,1980.0,1965.0,1972.0,1972.0,1386.0,594.0,1378.0,594.0
0.0,3968.0,1984.0,1982.0,1972.0,1990.0,1990.0,1387.0,595.0,1390.0,594.0
0.0,3956.0,1997.0,1982.0,1990.0,1997.0,1997.0,1387.0,595.0,1398.0,599.0
0.0,3949.0,2013.0,1983.0,1997.0,2016.0,2016.0,1388.0,595.0,1409.0,604.0
0.0,3933.0,2029.0,1983.0,2016.0,2029.0,2029.0,1388.0,595.0,1421.0,608.0
0.0,3920.0,2035.0,1984.0,2029.0,2038.0,2038.0,1389.0,595.0,1422.0,613.0
0.0,3914.0,2034.0,1985.0,2038.0,2037.0,2037.0,1389.0,596.0,1425.0,609.0
0.0,3918.0,2023.0,1986.0,2037.0,2026.0,2026.0,1390.0,596.0,1416.0,607.0
0.0,3932.0,2012.0,1986.0,2026.0,2012.0,2012.0,1390.0,596.0,1409.0,603.0
0.0,3946.0,1997.0,1987.0,2012.0,2000.0,2000.0,1391.0,596.0,1396.0,601.0
0.0,3961.0,1983.0,1987.0,2000.0,1983.0,1983.0,1391.0,596.0,1389.0,594.0
0.0,3978.0,1972.0,1989.0,1983.0,1978.0,1978.0,1392.0,597.0,1380.0,592.0
0.0,3989.0,1973.0,1989.0,1978.0,1973.0,1973.0,1392.0,597.0,1382.0,591.0
0.0,3994.0,1977.0,1990.0,1973.0,1980.0,1980.0,1393.0,597.0,1384.0,593.0
0.0,3990.0,1993.0,1990.0,1980.0,1993.0,1993.0,1393.0,597.0,1396.0,597.0
0.0,3977.0,2009.0,1990.0,1993.0,2009.0,2009.0,1393.0,597.0,1404.0,605.0
0.0,3961.0,2025.0,1992.0,2009.0,2031.0,2031.0,1394.0,598.0,1418.0,607.0
0.0,3945.0,2034.0,1992.0,2031.0,2034.0,2034.0,1394.0,598.0,1424.0,610.0
0.0,3942.0,2040.0,1993.0,2034.0,2043.0,2043.0,1395.0,598.0,1428.0,612.0
0.0,3936.0,2043.0,1993.0,2043.0,2043.0,2043.0,1395.0,598.0,1431.0,612.0
0.0,3936.0,2034.0,1994.0,2043.0,2037.0,2037.0,1396.0,598.0,1422.0,612.0
0.0,3945.0,2020.0,1994.0,2037.0,2020.0,2020.0,1396.0,598.0,1415.0,605.0
0.0,3962.0,2003.0,1996.0,2020.0,2009.0,2009.0,1397.0,599.0,1402.0,601.0
0.0,3979.0,1992.0,1996.0,2009.0,1992.0,1992.0,1397.0,599.0,1395.0,597.0
0.0,3996.0,1980.0,1997.0,1992.0,1983.0,1983.0,1398.0,599.0,1386.0,594.0
0.0,4008.0,1986.0,1997.0,1983.0,1986.0,1986.0,1398.0,599.0,1389.0,597.0
0.0,4005.0,1986.0,1999.0,1986.0,1992.0,1992.0,1399.0,600.0,1390.0,596.0
0.0,4005.0,2002.0,1999.0,1992.0,2002.0,2002.0,1399.0,600.0,1402.0,600.0
0.0,3995.0,2014.0,2000.0,2002.0,2017.0,2017.0,1400.0,600.0,1410.0,604.0
0.0,3983.0,2036.0,2000.0,2017.0,2036.0,2036.0,1400.0,600.0,1424.0,612.0
0.0,3964.0,2043.0,2000.0,2036.0,2043.0,2043.0,1400.0,600.0,1430.0,613.0
0.0,3957.0,2053.0,2002.0,2043.0,2059.0,2059.0,1401.0,601.0,1438.0,615.0
0.0,3947.0,2049.0,2002.0,2059.0,2049.0,2049.0,1401.0,601.0,1434.0,615.0
0.0,3957.0,2040.0,2003.0,2049.0,2043.0,2043.0,1402.0,601.0,1428.0,612.0
0.0,3966.0,2029.0,2003.0,2043.0,2029.0,2029.0,1402.0,601.0,1421.0,608.0
0.0,3980.0,2014.0,2004.0,2029.0,2017.0,2017.0,1403.0,601.0,1408.0,606.0
0.0,3995.0,2000.0,2005.0,2017.0,2003.0,2003.0,1403.0,602.0,1401.0,599.0
0.0,4012.0,1989.0,2006.0,2003.0,1992.0,1992.0,1404.0,602.0,1392.0,597.0
0.0,4026.0,1991.0,2006.0,1992.0,1991.0,1991.0,1404.0,602.0,1395.0,596.0
0.0,4027.0,1994.0,2007.0,1991.0,1997.0,1997.0,1405.0,602.0,1396.0,598.0
0.0,4024.0,2013.0,2007.0,1997.0,2013.0,2013.0,1405.0,602.0,1408.0,605.0
0.0,4008.0,2023.0,2008.0,2013.0,2026.0,2026.0,1406.0,602.0,1416.0,607.0
0.0,3998.0,2042.0,2009.0,2026.0,2045.0,2045.0,1406.0,603.0,1430.0,612.0
0.0,3982.0,2052.0,2010.0,2045.0,2055.0,2055.0,1407.0,603.0,1436.0,616.0
0.0,3975.0,2061.0,2010.0,2055.0,2061.0,2061.0,1407.0,603.0,1444.0,617.0
0.0,3969.0,2060.0,2010.0,2061.0,2060.0,2060.0,1407.0,603.0,1440.0,620.0
0.0,3970.0,2052.0,2012.0,2060.0,2058.0,2058.0,1408.0,604.0,1437.0,615.0
0.0,3978.0,2036.0,2012.0,2058.0,2036.0,2036.0,1408.0,604.0,1425.0,611.0
0.0,4000.0,2020.0,2013.0,2036.0,2023.0,2023.0,1409.0,604.0,1414.0,606.0
0.0,4016.0,2009.0,2013.0,2023.0,2009.0,2009.0,1409.0,604.0,1407.0,602.0
0.0,4030.0,2000.0,2014.0,2009.0,2003.0,2003.0,1410.0,604.0,1398.0,602.0
0.0,4039.0,2000.0,2014.0,2003.0,2000.0,2000.0,1410.0,604.0,1401.0,599.0
0.0,4042.0,2003.0,2016.0,2000.0,2009.0,2009.0,1411.0,605.0,1402.0,601.0
0.0,4039.0,2019.0,2016.0,2009.0,2019.0,2019.0,1411.0,605.0,1414.0,605.0
0.0,4029.0,2032.0,2017.0,2019.0,2035.0,2035.0,1412.0,605.0,1422.0,610.0
0.0,4016.0,2053.0,2017.0,2035.0,2053.0,2053.0,1412.0,605.0,1436.0,617.0
0.0,3998.0,2060.0,2019.0,2053.0,2066.0,2066.0,1413.0,606.0,1442.0,618.0
0.0,3991.0,2070.0,2019.0,2066.0,2070.0,2070.0,1413.0,606.0,1450.0,620.0
0.0,3987.0,2066.0,2020.0,2070.0,2069.0,2069.0,1414.0,606.0,1446.0,620.0
0.0,3991.0,2060.0,2020.0,2069.0,2060.0,2060.0,1414.0,606.0,1443.0,617.0
0.0,4000.0,2047.0,2020.0,2060.0,2047.0,2047.0,1414.0,606.0,1431.0,616.0
0.0,4013.0,2032.0,2021.0,2047.0,2035.0,2035.0,1415.0,606.0,1423.0,609.0
0.0,4028.0,2016.0,2022.0,2035.0,2019.0,2019.0,1415.0,607.0,1411.0,605.0
0.0,4047.0,2006.0,2023.0,2019.0,2009.0,2009.0,1416.0,607.0,1404.0,602.0
0.0,4060.0,2009.0,2023.0,2009.0,2009.0,2009.0,1416.0,607.0,1407.0,602.0
0.0,4060.0,2015.0,2024.0,2009.0,2018.0,2018.0,1417.0,607.0,1408.0,607.0
0.0,4054.0,2027.0,2025.0,2018.0,2030.0,2030.0,1417.0,608.0,1420.0,607.0
0.0,4045.0,2040.0,2026.0,2030.0,2043.0,2043.0,1418.0,608.0,1428.0,612.0
0.0,4035.0,2059.0,2026.0,2043.0,2059.0,2059.0,1418.0,608.0,1442.0,617.0
0.0,4019.0,2069.0,2027.0,2059.0,2072.0,2072.0,1419.0,608.0,1448.0,621.0
0.0,4009.0,2082.0,2027.0,2072.0,2082.0,2082.0,1419.0,608.0,1456.0,626.0
0.0,3999.0,2074.0,2029.0,2082.0,2080.0,2080.0,1420.0,609.0,1452.0,622.0
0.0,4007.0,2069.0,2029.0,2080.0,2069.0,2069.0,1420.0,609.0,1449.0,620.0
0.0,4018.0,2053.0,2030.0,2069.0,2056.0,2056.0,1421.0,609.0,1437.0,616.0
0.0,4034.0,2040.0,2030.0,2056.0,2040.0,2040.0,1421.0,609.0,1429.0,611.0
0.0,4050.0,2027.0,2030.0,2040.0,2027.0,2027.0,1421.0,609.0,1417.0,610.0
0.0,4063.0,2019.0,2032.0,2027.0,2025.0,2025.0,1422.0,610.0,1414.0,605.0
0.0,4071.0,2014.0,2032.0,2025.0,2014.0,2014.0,1422.0,610.0,1410.0,604.0
0.0,4082.0,2023.0,2033.0,2014.0,2026.0,2026.0,1423.0,610.0,1417.0,606.0
0.0,4073.0,2033.0,2033.0,2026.0,2033.0,2033.0,1423.0,610.0,1423.0,610.0
0.0,4066.0,2052.0,2034.0,2033.0,2055.0,2055.0,1424.0,610.0,1434.0,618.0
0.0,4047.0,2069.0,2034.0,2055.0,2069.0,2069.0,1424.0,610.0,1449.0,620.0
0.0,4033.0,2077.0,2036.0,2069.0,2083.0,2083.0,1425.0,611.0,1454.0,623.0
0.0,4025.0,2087.0,2036.0,2083.0,2087.0,2087.0,1425.0,611.0,1462.0,625.0
0.0,4021.0,2083.0,2037.0,2087.0,2086.0,2086.0,1426.0,611.0,1458.0,625.0
0.0,4025.0,2080.0,2037.0,2086.0,2080.0,2080.0,1426.0,611.0,1455.0,625.0
0.0,4031.0,2061.0,2039.0,2080.0,2067.0,2067.0,1427.0,612.0,1443.0,618.0
0.0,4050.0,2049.0,2039.0,2067.0,2049.0,2049.0,1427.0,612.0,1435.0,614.0
0.0,4068.0,2033.0,2040.0,2049.0,2036.0,2036.0,1428.0,612.0,1423.0,610.0
0.0,4084.0,2027.0,2040.0,2036.0,2027.0,2027.0,1428.0,612.0,1420.0,607.0
0.0,4093.0,2026.0,2040.0,2027.0,2026.0,2026.0,1428.0,612.0,1416.0,610.0
0.0,4094.0,2032.0,2042.0,2026.0,2038.0,2038.0,1429.0,613.0,1423.0,609.0
0.0,4088.0,2042.0,2042.0,2038.0,2042.0,2042.0,1429.0,613.0,1429.0,613.0
0.0,4084.0,2057.0,2043.0,2042.0,2060.0,2060.0,1430.0,613.0,1440.0,617.0
0.0,4069.0,2077.0,2043.0,2060.0,2077.0,2077.0,1430.0,613.0,1455.0,622.0
0.0,4052.0,2089.0,2044.0,2077.0,2092.0,2092.0,1431.0,613.0,1460.0,629.0
0.0,4040.0,2096.0,2045.0,2092.0,2099.0,2099.0,1431.0,614.0,1468.0,628.0
0.0,4036.0,2092.0,2046.0,2099.0,2095.0,2095.0,1432.0,614.0,1464.0,628.0
0.0,4043.0,2086.0,2046.0,2095.0,2086.0,2086.0,1432.0,614.0,1461.0,625.0
0.0,4052.0,2073.0,2047.0,2086.0,2076.0,2076.0,1433.0,614.0,1449.0,624.0
0.0,4065.0,2057.0,2047.0,2076.0,2057.0,2057.0,1433.0,614.0,1441.0,616.0
0.0,4084.0,2041.0,2049.0,2057.0,2047.0,2047.0,1434.0,615.0,1429.0,612.0
0.0,4100.0,2036.0,2049.0,2047.0,2036.0,2036.0,1434.0,615.0,1426.0,610.0
0.0,4111.0,2031.0,2050.0,2036.0,2034.0,2034.0,1435.0,615.0,1422.0,609.0
0.0,4116.0,2040.0,2050.0,2034.0,2040.0,2040.0,1435.0,615.0,1429.0,611.0
0.0,4110.0,2053.0,2050.0,2040.0,2053.0,2053.0,1435.0,615.0,1435.0,618.0
0.0,4097.0,2069.0,2052.0,2053.0,2075.0,2075.0,1436.0,616.0,1449.0,620.0
0.0,4081.0,2083.0,2052.0,2075.0,2083.0,2083.0,1436.0,616.0,1458.0,625.0
0.0,4073.0,2099.0,2053.0,2083.0,2102.0,2102.0,1437.0,616.0,1470.0,629.0
0.0,4057.0,2101.0,2053.0,2102.0,2101.0,2101.0,1437.0,616.0,1471.0,630.0
0.0,4058.0,2103.0,2054.0,2101.0,2106.0,2106.0,1438.0,616.0,1470.0,633.0
0.0,4056.0,2095.0,2055.0,2106.0,2098.0,2098.0,1438.0,617.0,1467.0,628.0
0.0,4067.0,2079.0,2056.0,2098.0,2082.0,2082.0,1439.0,617.0,1455.0,624.0
0.0,4086.0,2066.0,2056.0,2082.0,2066.0,2066.0,1439.0,617.0,1447.0,619.0
0.0,4102.0,2050.0,2057.0,2066.0,2053.0,2053.0,1440.0,617.0,1435.0,615.0
0.0,4118.0,2047.0,2057.0,2053.0,2047.0,2047.0,1440.0,617.0,1432.0,615.0
0.0,4124.0,2040.0,2059.0,2047.0,2046.0,2046.0,1441.0,618.0,1428.0,612.0
0.0,4131.0,2049.0,2059.0,2046.0,2049.0,2049.0,1441.0,618.0,1435.0,614.0
0.0,4128.0,2059.0,2060.0,2049.0,2062.0,2062.0,1442.0,618.0,1441.0,618.0
0.0,4118.0,2079.0,2060.0,2062.0,2079.0,2079.0,1442.0,618.0,1456.0,623.0
0.0,4101.0,2094.0,2060.0,2079.0,2094.0,2094.0,1442.0,618.0,1464.0,630.0
0.0,4086.0,2107.0,2061.0,2094.0,2110.0,2110.0,1443.0,618.0,1476.0,631.0
0.0,4073.0,2110.0,2062.0,2110.0,2113.0,2113.0,1443.0,619.0,1477.0,633.0
0.0,4073.0,2112.0,2063.0,2113.0,2115.0,2115.0,1444.0,619.0,1479.0,633.0
0.0,4074.0,2100.0,2063.0,2115.0,2100.0,2100.0,1444.0,619.0,1470.0,630.0
0.0,4089.0,2090.0,2064.0,2100.0,2093.0,2093.0,1445.0,619.0,1461.0,629.0
0.0,4099.0,2075.0,2065.0,2093.0,2078.0,2078.0,1445.0,620.0,1453.0,622.0
0.0,4117.0,2059.0,2066.0,2078.0,2062.0,2062.0,1446.0,620.0,1441.0,618.0
0.0,4136.0,2053.0,2066.0,2062.0,2053.0,2053.0,1446.0,620.0,1438.0,615.0
0.0,4145.0,2049.0,2067.0,2053.0,2052.0,2052.0,1447.0,620.0,1434.0,615.0
0.0,4149.0,2062.0,2067.0,2052.0,2062.0,2062.0,1447.0,620.0,1442.0,620.0
0.0,4139.0,2067.0,2069.0,2062.0,2073.0,2073.0,1448.0,621.0,1447.0,620.0
0.0,4134.0,2087.0,2069.0,2073.0,2087.0,2087.0,1448.0,621.0,1462.0,625.0
0.0,4120.0,2100.0,2070.0,2087.0,2103.0,2103.0,1449.0,621.0,1470.0,630.0
0.0,4107.0,2116.0,2070.0,2103.0,2116.0,2116.0,1449.0,621.0,1482.0,634.0
0.0,4094.0,2122.0,2071.0,2116.0,2125.0,2125.0,1450.0,621.0,1483.0,639.0
0.0,4088.0,2120.0,2072.0,2125.0,2123.0,2123.0,1450.0,622.0,1485.0,635.0
0.0,4093.0,2109.0,2072.0,2123.0,2109.0,2109.0,1450.0,622.0,1476.0,633.0
0.0,4107.0,2099.0,2073.0,2109.0,2102.0,2102.0,1451.0,622.0,1470.0,629.0
0.0,4117.0,2083.0,2073.0,2102.0,2083.0,2083.0,1451.0,622.0,1456.0,627.0
0.0,4136.0,2067.0,2074.0,2083.0,2070.0,2070.0,1452.0,622.0,1447.0,620.0
0.0,4152.0,2062.0,2075.0,2070.0,2065.0,2065.0,1452.0,623.0,1444.0,618.0
0.0,4160.0,2057.0,2076.0,2065.0,2060.0,2060.0,1453.0,623.0,1440.0,617.0
0.0,4168.0,2067.0,2076.0,2060.0,2067.0,2067.0,1453.0,623.0,1448.0,619.0
0.0,4161.0,2076.0,2077.0,2067.0,2079.0,2079.0,1454.0,623.0,1453.0,623.0
0.0,4152.0,2099.0,2077.0,2079.0,2099.0,2099.0,1454.0,623.0,1468.0,631.0
0.0,4132.0,2109.0,2079.0,2099.0,2115.0,2115.0,1455.0,624.0,1476.0,633.0
0.0,4122.0,2124.0,2079.0,2115.0,2124.0,2124.0,1455.0,624.0,1488.0,636.0
0.0,4113.0,2127.0,2080.0,2124.0,2130.0,2130.0,1456.0,624.0,1489.0,638.0
0.0,4110.0,2129.0,2080.0,2130.0,2129.0,2129.0,1456.0,624.0,1491.0,638.0
0.0,4111.0,2120.0,2080.0,2129.0,2120.0,2120.0,1456.0,624.0,1482.0,638.0
0.0,4120.0,2107.0,2081.0,2120.0,2110.0,2110.0,1457.0,624.0,1476.0,631.0
0.0,4133.0,2089.0,2082.0,2110.0,2092.0,2092.0,1457.0,625.0,1462.0,627.0
0.0,4154.0,2076.0,2083.0,2092.0,2079.0,2079.0,1458.0,625.0,1453.0,623.0
0.0,4170.0,2070.0,2083.0,2079.0,2070.0,2070.0,1458.0,625.0,1450.0,620.0
0.0,4179.0,2069.0,2084.0,2070.0,2072.0,2072.0,1459.0,625.0,1446.0,623.0
0.0,4180.0,2076.0,2085.0,2072.0,2079.0,2079.0,1459.0,626.0,1454.0,622.0
0.0,4176.0,2086.0,2086.0,2079.0,2089.0,2089.0,1460.0,626.0,1460.0,626.0
0.0,4169.0,2104.0,2086.0,2089.0,2104.0,2104.0,1460.0,626.0,1474.0,630.0
0.0,4154.0,2120.0,2087.0,2104.0,2123.0,2123.0,1461.0,626.0,1482.0,638.0
0.0,4138.0,2133.0,2087.0,2123.0,2133.0,2133.0,1461.0,626.0,1494.0,639.0
0.0,4128.0,2136.0,2089.0,2133.0,2142.0,2142.0,1462.0,627.0,1495.0,641.0
0.0,4125.0,2139.0,2089.0,2142.0,2139.0,2139.0,1462.0,627.0,1498.0,641.0
0.0,4128.0,2126.0,2090.0,2139.0,2129.0,2129.0,1463.0,627.0,1488.0,638.0
0.0,4141.0,2116.0,2090.0,2129.0,2116.0,2116.0,1463.0,627.0,1482.0,634.0
0.0,4154.0,2100.0,2090.0,2116.0,2100.0,2100.0,1463.0,627.0,1468.0,632.0
0.0,4170.0,2087.0,2092.0,2100.0,2093.0,2093.0,1464.0,628.0,1462.0,625.0
0.0,4183.0,2076.0,2092.0,2093.0,2076.0,2076.0,1464.0,628.0,1453.0,623.0
0.0,4200.0,2074.0,2093.0,2076.0,2077.0,2077.0,1465.0,628.0,1452.0,622.0
0.0,4202.0,2084.0,2093.0,2077.0,2084.0,2084.0,1465.0,628.0,1460.0,624.0
0.0,4195.0,2097.0,2094.0,2084.0,2100.0,2100.0,1466.0,628.0,1466.0,631.0
0.0,4182.0,2113.0,2094.0,2100.0,2113.0,2113.0,1466.0,628.0,1480.0,633.0
0.0,4169.0,2126.0,2096.0,2113.0,2132.0,2132.0,1467.0,629.0,1488.0,638.0
0.0,4156.0,2142.0,2096.0,2132.0,2142.0,2142.0,1467.0,629.0,1500.0,642.0
0.0,4146.0,2144.0,2097.0,2142.0,2147.0,2147.0,1468.0,629.0,1501.0,643.0
0.0,4144.0,2150.0,2097.0,2147.0,2150.0,2150.0,1468.0,629.0,1504.0,646.0
0.0,4141.0,2136.0,2099.0,2150.0,2142.0,2142.0,1469.0,630.0,1495.0,641.0
0.0,4155.0,2125.0,2099.0,2142.0,2125.0,2125.0,1469.0,630.0,1488.0,637.0
0.0,4172.0,2106.0,2100.0,2125.0,2109.0,2109.0,1470.0,630.0,1474.0,632.0
0.0,4191.0,2096.0,2100.0,2109.0,2096.0,2096.0,1470.0,630.0,1468.0,628.0
0.0,4204.0,2087.0,2100.0,2096.0,2087.0,2087.0,1470.0,630.0,1459.0,628.0
0.0,4213.0,2086.0,2101.0,2087.0,2089.0,2089.0,1471.0,630.0,1461.0,625.0
0.0,4214.0,2090.0,2102.0,2089.0,2093.0,2093.0,1471.0,631.0,1463.0,627.0
0.0,4213.0,2103.0,2103.0,2093.0,2106.0,2106.0,1472.0,631.0,1472.0,631.0
0.0,4203.0,2122.0,2103.0,2106.0,2122.0,2122.0,1472.0,631.0,1486.0,636.0
0.0,4187.0,2137.0,2104.0,2122.0,2140.0,2140.0,1473.0,631.0,1494.0,643.0
0.0,4172.0,2150.0,2105.0,2140.0,2153.0,2153.0,1473.0,632.0,1506.0,644.0
0.0,4162.0,2153.0,2106.0,2153.0,2156.0,2156.0,1474.0,632.0,1507.0,646.0
0.0,4162.0,2156.0,2106.0,2156.0,2156.0,2156.0,1474.0,632.0,1510.0,646.0
0.0,4162.0,2144.0,2107.0,2156.0,2147.0,2147.0,1475.0,632.0,1501.0,643.0
0.0,4174.0,2136.0,2107.0,2147.0,2136.0,2136.0,1475.0,632.0,1494.0,642.0
0.0,4185.0,2116.0,2108.0,2136.0,2119.0,2119.0,1476.0,632.0,1481.0,635.0
0.0,4205.0,2105.0,2109.0,2119.0,2108.0,2108.0,1476.0,633.0,1474.0,631.0
0.0,4219.0,2093.0,2110.0,2108.0,2096.0,2096.0,1477.0,633.0,1465.0,628.0
0.0,4234.0,2095.0,2110.0,2096.0,2095.0,2095.0,1477.0,633.0,1467.0,628.0
0.0,4235.0,2102.0,2110.0,2095.0,2102.0,2102.0,1477.0,633.0,1469.0,633.0
0.0,4228.0,2114.0,2112.0,2102.0,2120.0,2120.0,1478.0,634.0,1481.0,633.0
0.0,4216.0,2127.0,2112.0,2120.0,2127.0,2127.0,1478.0,634.0,1489.0,638.0
0.0,4209.0,2146.0,2113.0,2127.0,2149.0,2149.0,1479.0,634.0,1503.0,643.0
0.0,4190.0,2156.0,2113.0,2149.0,2156.0,2156.0,1479.0,634.0,1509.0,647.0
0.0,4183.0,2165.0,2114.0,2156.0,2168.0,2168.0,1480.0,634.0,1513.0,652.0
0.0,4174.0,2164.0,2115.0,2168.0,2167.0,2167.0,1480.0,635.0,1516.0,648.0
0.0,4178.0,2153.0,2116.0,2167.0,2156.0,2156.0,1481.0,635.0,1507.0,646.0
0.0,4192.0,2142.0,2116.0,2156.0,2142.0,2142.0,1481.0,635.0,1500.0,642.0
0.0,4206.0,2124.0,2117.0,2142.0,2127.0,2127.0,1482.0,635.0,1487.0,637.0
0.0,4224.0,2116.0,2117.0,2127.0,2116.0,2116.0,1482.0,635.0,1480.0,636.0
0.0,4235.0,2102.0,2119.0,2116.0,2108.0,2108.0,1483.0,636.0,1471.0,631.0
0.0,4249.0,2103.0,2119.0,2108.0,2103.0,2103.0,1483.0,636.0,1473.0,630.0
0.0,4254.0,2107.0,2120.0,2103.0,2110.0,2110.0,1484.0,636.0,1475.0,632.0
0.0,4250.0,2123.0,2120.0,2110.0,2123.0,2123.0,1484.0,636.0,1487.0,636.0
0.0,4237.0,2139.0,2120.0,2123.0,2139.0,2139.0,1484.0,636.0,1495.0,644.0
0.0,4221.0,2155.0,2121.0,2139.0,2158.0,2158.0,1485.0,636.0,1509.0,646.0
0.0,4205.0,2164.0,2122.0,2158.0,2167.0,2167.0,1485.0,637.0,1515.0,649.0
0.0,4199.0,2170.0,2123.0,2167.0,2173.0,2173.0,1486.0,637.0,1519.0,651.0
0.0,4196.0,2173.0,2123.0,2173.0,2173.0,2173.0,1486.0,637.0,1522.0,651.0
0.0,4196.0,2164.0,2124.0,2173.0,2167.0,2167.0,1487.0,637.0,1513.0,651.0
0.0,4205.0,2150.0,2125.0,2167.0,2153.0,2153.0,1487.0,638.0,1506.0,644.0
0.0,4222.0,2133.0,2126.0,2153.0,2136.0,2136.0,1488.0,638.0,1493.0,640.0
0.0,4242.0,2122.0,2126.0,2136.0,2122.0,2122.0,1488.0,638.0,1486.0,636.0
0.0,4256.0,2110.0,2127.0,2122.0,2113.0,2113.0,1489.0,638.0,1477.0,633.0
0.0,4268.0,2116.0,2127.0,2113.0,2116.0,2116.0,1489.0,638.0,1480.0,636.0
0.0,4265.0,2116.0,2129.0,2116.0,2122.0,2122.0,1490.0,639.0,1481.0,635.0
0.0,4265.0,2132.0,2129.0,2122.0,2132.0,2132.0,1490.0,639.0,1493.0,639.0
0.0,4255.0,2144.0,2130.0,2132.0,2147.0,2147.0,1491.0,639.0,1501.0,643.0
0.0,4243.0,2163.0,2130.0,2147.0,2163.0,2163.0,1491.0,639.0,1515.0,648.0
0.0,4227.0,2176.0,2130.0,2163.0,2176.0,2176.0,1491.0,639.0,1521.0,655.0
0.0,4214.0,2183.0,2132.0,2176.0,2189.0,2189.0,1492.0,640.0,1529.0,654.0
0.0,4207.0,2179.0,2132.0,2189.0,2179.0,2179.0,1492.0,640.0,1525.0,654.0
0.0,4217.0,2170.0,2133.0,2179.0,2173.0,2173.0,1493.0,640.0,1519.0,651.0
0.0,4226.0,2162.0,2133.0,2173.0,2162.0,2162.0,1493.0,640.0,1512.0,650.0
0.0,4237.0,2141.0,2134.0,2162.0,2144.0,2144.0,1494.0,640.0,1499.0,642.0
0.0,4258.0,2130.0,2135.0,2144.0,2133.0,2133.0,1494.0,641.0,1492.0,638.0
0.0,4272.0,2119.0,2136.0,2133.0,2122.0,2122.0,1495.0,641.0,1483.0,636.0
0.0,4286.0,2121.0,2136.0,2122.0,2121.0,2121.0,1495.0,641.0,1486.0,635.0
0.0,4287.0,2124.0,2137.0,2121.0,2127.0,2127.0,1496.0,641.0,1487.0,637.0
0.0,4284.0,2143.0,2137.0,2127.0,2143.0,2143.0,1496.0,641.0,1499.0,644.0
0.0,4268.0,2153.0,2139.0,2143.0,2159.0,2159.0,1497.0,642.0,1507.0,646.0
0.0,4258.0,2172.0,2139.0,2159.0,2172.0,2172.0,1497.0,642.0,1521.0,651.0
0.0,4245.0,2182.0,2140.0,2172.0,2185.0,2185.0,1498.0,642.0,1527.0,655.0
0.0,4235.0,2191.0,2140.0,2185.0,2191.0,2191.0,1498.0,642.0,1535.0,656.0
0.0,4229.0,2190.0,2140.0,2191.0,2190.0,2190.0,1498.0,642.0,1531.0,659.0
0.0,4230.0,2182.0,2142.0,2190.0,2188.0,2188.0,1499.0,643.0,1528.0,654.0
0.0,4238.0,2165.0,2142.0,2188.0,2165.0,2165.0,1499.0,643.0,1515.0,650.0
0.0,4261.0,2150.0,2143.0,2165.0,2153.0,2153.0,1500.0,643.0,1505.0,645.0
0.0,4276.0,2139.0,2143.0,2153.0,2139.0,2139.0,1500.0,643.0,1498.0,641.0
0.0,4290.0,2130.0,2144.0,2139.0,2133.0,2133.0,1501.0,643.0,1489.0,641.0
0.0,4299.0,2130.0,2145.0,2133.0,2133.0,2133.0,1501.0,644.0,1492.0,638.0
0.0,4302.0,2133.0,2146.0,2133.0,2136.0,2136.0,1502.0,644.0,1493.0,640.0
0.0,4302.0,2149.0,2146.0,2136.0,2149.0,2149.0,1502.0,644.0,1505.0,644.0
0.0,4289.0,2162.0,2147.0,2149.0,2165.0,2165.0,1503.0,644.0,1513.0,649.0
0.0,4276.0,2183.0,2147.0,2165.0,2183.0,2183.0,1503.0,644.0,1527.0,656.0
0.0,4258.0,2190.0,2148.0,2183.0,2193.0,2193.0,1504.0,644.0,1533.0,657.0
0.0,4251.0,2200.0,2149.0,2193.0,2203.0,2203.0,1504.0,645.0,1541.0,659.0
0.0,4244.0,2196.0,2149.0,2203.0,2196.0,2196.0,1504.0,645.0,1537.0,659.0
0.0,4251.0,2190.0,2150.0,2196.0,2193.0,2193.0,1505.0,645.0,1534.0,656.0
0.0,4257.0,2177.0,2150.0,2193.0,2177.0,2177.0,1505.0,645.0,1522.0,655.0
0.0,4273.0,2162.0,2152.0,2177.0,2168.0,2168.0,1506.0,646.0,1514.0,648.0
0.0,4288.0,2146.0,2152.0,2168.0,2146.0,2146.0,1506.0,646.0,1502.0,644.0
0.0,4310.0,2136.0,2153.0,2146.0,2139.0,2139.0,1507.0,646.0,1495.0,641.0
0.0,4320.0,2139.0,2153.0,2139.0,2139.0,2139.0,1507.0,646.0,1498.0,641.0
0.0,4320.0,2145.0,2154.0,2139.0,2148.0,2148.0,1508.0,646.0,1499.0,646.0
0.0,4314.0,2157.0,2155.0,2148.0,2160.0,2160.0,1508.0,647.0,1511.0,646.0
0.0,4305.0,2170.0,2156.0,2160.0,2173.0,2173.0,1509.0,647.0,1519.0,651.0
0.0,4295.0,2189.0,2156.0,2173.0,2189.0,2189.0,1509.0,647.0,1533.0,656.0
0.0,4279.0,2199.0,2157.0,2189.0,2202.0,2202.0,1510.0,647.0,1539.0,660.0
0.0,4269.0,2212.0,2157.0,2202.0,2212.0,2212.0,1510.0,647.0,1547.0,665.0
0.0,4259.0,2204.0,2159.0,2212.0,2210.0,2210.0,1511.0,648.0,1543.0,661.0
0.0,4267.0,2199.0,2159.0,2210.0,2199.0,2199.0,1511.0,648.0,1540.0,659.0
0.0,4278.0,2183.0,2160.0,2199.0,2186.0,2186.0,1512.0,648.0,1528.0,655.0
0.0,4294.0,2173.0,2160.0,2186.0,2173.0,2173.0,1512.0,648.0,1520.0,653.0
0.0,4307.0,2154.0,2160.0,2173.0,2154.0,2154.0,1512.0,648.0,1508.0,646.0
0.0,4326.0,2149.0,2162.0,2154.0,2155.0,2155.0,1513.0,649.0,1505.0,644.0
0.0,4331.0,2144.0,2162.0,2155.0,2144.0,2144.0,1513.0,649.0,1501.0,643.0
0.0,4342.0,2150.0,2163.0,2144.0,2153.0,2153.0,1514.0,649.0,1505.0,645.0
0.0,4336.0,2166.0,2163.0,2153.0,2166.0,2166.0,1514.0,649.0,1517.0,649.0
0.0,4323.0,2182.0,2164.0,2166.0,2185.0,2185.0,1515.0,649.0,1525.0,657.0
0.0,4307.0,2198.0,2165.0,2185.0,2201.0,2201.0,1515.0,650.0,1539.0,659.0
0.0,4294.0,2207.0,2166.0,2201.0,2210.0,2210.0,1516.0,650.0,1545.0,662.0
0.0,4288.0,2217.0,2166.0,2210.0,2217.0,2217.0,1516.0,650.0,1553.0,664.0
0.0,4281.0,2213.0,2167.0,2217.0,2216.0,2216.0,1517.0,650.0,1549.0,664.0
0.0,4285.0,2210.0,2167.0,2216.0,2210.0,2210.0,1517.0,650.0,1546.0,664.0
0.0,4291.0,2191.0,2168.0,2210.0,2194.0,2194.0,1518.0,650.0,1534.0,657.0
0.0,4310.0,2179.0,2169.0,2194.0,2182.0,2182.0,1518.0,651.0,1526.0,653.0
0.0,4325.0,2163.0,2170.0,2182.0,2166.0,2166.0,1519.0,651.0,1514.0,649.0
0.0,4344.0,2157.0,2170.0,2166.0,2157.0,2157.0,1519.0,651.0,1511.0,646.0
0.0,4353.0,2156.0,2170.0,2157.0,2156.0,2156.0,1519.0,651.0,1507.0,649.0
0.0,4354.0,2162.0,2172.0,2156.0,2168.0,2168.0,1520.0,652.0,1514.0,648.0
0.0,4348.0,2172.0,2172.0,2168.0,2172.0,2172.0,1520.0,652.0,1520.0,652.0
0.0,4344.0,2187.0,2173.0,2172.0,2190.0,2190.0,1521.0,652.0,1531.0,656.0
0.0,4329.0,2210.0,2173.0,2190.0,2210.0,2210.0,1521.0,652.0,1546.0,664.0
0.0,4309.0,2216.0,2174.0,2210.0,2219.0,2219.0,1522.0,652.0,1551.0,665.0
0.0,4303.0,2226.0,2175.0,2219.0,2229.0,2229.0,1522.0,653.0,1559.0,667.0
0.0,4296.0,2222.0,2176.0,2229.0,2225.0,2225.0,1523.0,653.0,1555.0,667.0
0.0,4303.0,2216.0,2176.0,2225.0,2216.0,2216.0,1523.0,653.0,1552.0,664.0
0.0,4312.0,2200.0,2177.0,2216.0,2203.0,2203.0,1524.0,653.0,1540.0,660.0
0.0,4328.0,2190.0,2177.0,2203.0,2190.0,2190.0,1524.0,653.0,1532.0,658.0
0.0,4341.0,2171.0,2179.0,2190.0,2177.0,2177.0,1525.0,654.0,1520.0,651.0
0.0,4360.0,2166.0,2179.0,2177.0,2166.0,2166.0,1525.0,654.0,1517.0,649.0
0.0,4371.0,2161.0,2180.0,2166.0,2164.0,2164.0,1526.0,654.0,1513.0,648.0
0.0,4376.0,2170.0,2180.0,2164.0,2170.0,2170.0,1526.0,654.0,1520.0,650.0
0.0,4370.0,2183.0,2180.0,2170.0,2183.0,2183.0,1526.0,654.0,1526.0,657.0
0.0,4357.0,2199.0,2181.0,2183.0,2202.0,2202.0,1527.0,654.0,1540.0,659.0
0.0,4341.0,2213.0,2182.0,2202.0,2216.0,2216.0,1527.0,655.0,1549.0,664.0
0.0,4330.0,2225.0,2183.0,2216.0,2228.0,2228.0,1528.0,655.0,1557.0,668.0
0.0,4321.0,2234.0,2183.0,2228.0,2234.0,2234.0,1528.0,655.0,1565.0,669.0
0.0,4315.0,2233.0,2184.0,2234.0,2236.0,2236.0,1529.0,655.0,1561.0,672.0
0.0,4316.0,2225.0,2185.0,2236.0,2228.0,2228.0,1529.0,656.0,1558.0,667.0
0.0,4327.0,2209.0,2186.0,2228.0,2212.0,2212.0,1530.0,656.0,1546.0,663.0
0.0,4346.0,2196.0,2186.0,2212.0,2196.0,2196.0,1530.0,656.0,1538.0,658.0
0.0,4362.0,2180.0,2187.0,2196.0,2183.0,2183.0,1531.0,656.0,1526.0,654.0
0.0,4378.0,2177.0,2187.0,2183.0,2177.0,2177.0,1531.0,656.0,1523.0,654.0
0.0,4384.0,2170.0,2188.0,2177.0,2173.0,2173.0,1532.0,656.0,1519.0,651.0
0.0,4391.0,2179.0,2189.0,2173.0,2182.0,2182.0,1532.0,657.0,1526.0,653.0
0.0,4385.0,2189.0,2189.0,2182.0,2189.0,2189.0,1532.0,657.0,1532.0,657.0
0.0,4378.0,2208.0,2190.0,2189.0,2211.0,2211.0,1533.0,657.0,1546.0,662.0
0.0,4359.0,2224.0,2190.0,2211.0,2224.0,2224.0,1533.0,657.0,1555.0,669.0
0.0,4346.0,2237.0,2192.0,2224.0,2243.0,2243.0,1534.0,658.0,1567.0,670.0
0.0,4333.0,2240.0,2192.0,2243.0,2240.0,2240.0,1534.0,658.0,1568.0,672.0
0.0,4336.0,2239.0,2193.0,2240.0,2242.0,2242.0,1535.0,658.0,1567.0,672.0
0.0,4337.0,2233.0,2193.0,2242.0,2233.0,2233.0,1535.0,658.0,1564.0,669.0
0.0,4346.0,2220.0,2194.0,2233.0,2223.0,2223.0,1536.0,658.0,1552.0,668.0
0.0,4359.0,2205.0,2194.0,2223.0,2205.0,2205.0,1536.0,658.0,1544.0,661.0
0.0,4377.0,2189.0,2196.0,2205.0,2195.0,2195.0,1537.0,659.0,1532.0,657.0
0.0,4393.0,2183.0,2196.0,2195.0,2183.0,2183.0,1537.0,659.0,1529.0,654.0
0.0,4405.0,2179.0,2197.0,2183.0,2182.0,2182.0,1538.0,659.0,1525.0,654.0
0.0,4409.0,2191.0,2197.0,2182.0,2191.0,2191.0,1538.0,659.0,1532.0,659.0
0.0,4400.0,2197.0,2199.0,2191.0,2203.0,2203.0,1539.0,660.0,1538.0,659.0
0.0,4394.0,2217.0,2199.0,2203.0,2217.0,2217.0,1539.0,660.0,1553.0,664.0
0.0,4380.0,2230.0,2200.0,2217.0,2233.0,2233.0,1540.0,660.0,1561.0,669.0
0.0,4367.0,2246.0,2200.0,2233.0,2246.0,2246.0,1540.0,660.0,1573.0,673.0
0.0,4354.0,2252.0,2200.0,2246.0,2252.0,2252.0,1540.0,660.0,1574.0,678.0
0.0,4348.0,2250.0,2202.0,2252.0,2256.0,2256.0,1541.0,661.0,1576.0,674.0
0.0,4350.0,2239.0,2202.0,2256.0,2239.0,2239.0,1541.0,661.0,1567.0,672.0
0.0,4367.0,2226.0,2203.0,2239.0,2229.0,2229.0,1542.0,661.0,1558.0,668.0
0.0,4380.0,2213.0,2203.0,2229.0,2213.0,2213.0,1542.0,661.0,1550.0,663.0
0.0,4396.0,2200.0,2204.0,2213.0,2203.0,2203.0,1543.0,661.0,1538.0,662.0
0.0,4409.0,2192.0,2205.0,2203.0,2195.0,2195.0,1543.0,662.0,1535.0,657.0
0.0,4420.0,2187.0,2206.0,2195.0,2190.0,2190.0,1544.0,662.0,1531.0,656.0
0.0,4428.0,2197.0,2206.0,2190.0,2197.0,2197.0,1544.0,662.0,1539.0,658.0
0.0,4421.0,2206.0,2207.0,2197.0,2209.0,2209.0,1545.0,662.0,1544.0,662.0
0.0,4412.0,2229.0,2207.0,2209.0,2229.0,2229.0,1545.0,662.0,1559.0,670.0
0.0,4392.0,2239.0,2208.0,2229.0,2242.0,2242.0,1546.0,662.0,1567.0,672.0
0.0,4382.0,2254.0,2209.0,2242.0,2257.0,2257.0,1546.0,663.0,1579.0,675.0
0.0,4370.0,2257.0,2209.0,2257.0,2257.0,2257.0,1546.0,663.0,1580.0,677.0
0.0,4370.0,2259.0,2210.0,2257.0,2262.0,2262.0,1547.0,663.0,1582.0,677.0
0.0,4368.0,2250.0,2210.0,2262.0,2250.0,2250.0,1547.0,663.0,1573.0,677.0
0.0,4380.0,2234.0,2212.0,2250.0,2240.0,2240.0,1548.0,664.0,1564.0,670.0
0.0,4396.0,2222.0,2212.0,2240.0,2222.0,2222.0,1548.0,664.0,1556.0,666.0
0.0,4414.0,2206.0,2213.0,2222.0,2209.0,2209.0,1549.0,664.0,1544.0,662.0
0.0,4430.0,2200.0,2213.0,2209.0,2200.0,2200.0,1549.0,664.0,1541.0,659.0
0.0,4439.0,2199.0,2214.0,2200.0,2202.0,2202.0,1550.0,664.0,1537.0,662.0
0.0,4440.0,2206.0,2215.0,2202.0,2209.0,2209.0,1550.0,665.0,1545.0,661.0
0.0,4436.0,2215.0,2216.0,2209.0,2218.0,2218.0,1551.0,665.0,1550.0,665.0
0.0,4430.0,2234.0,2216.0,2218.0,2234.0,2234.0,1551.0,665.0,1565.0,669.0
0.0,4414.0,2247.0,2217.0,2234.0,2250.0,2250.0,1552.0,665.0,1573.0,674.0
0.0,4401.0,2266.0,2217.0,2250.0,2266.0,2266.0,1552.0,665.0,1585.0,681.0
0.0,4385.0,2266.0,2219.0,2266.0,2272.0,2272.0,1553.0,666.0,1586.0,680.0
0.0,4385.0,2268.0,2219.0,2272.0,2268.0,2268.0,1553.0,666.0,1588.0,680.0
0.0,4389.0,2256.0,2219.0,2268.0,2256.0,2256.0,1553.0,666.0,1579.0,677.0
0.0,4401.0,2249.0,2220.0,2256.0,2252.0,2252.0,1554.0,666.0,1573.0,676.0
0.0,4408.0,2227.0,2220.0,2252.0,2227.0,2227.0,1554.0,666.0,1559.0,668.0
0.0,4433.0,2214.0,2222.0,2227.0,2220.0,2220.0,1555.0,667.0,1550.0,664.0
0.0,4446.0,2209.0,2222.0,2220.0,2209.0,2209.0,1555.0,667.0,1547.0,662.0
0.0,4457.0,2204.0,2223.0,2209.0,2207.0,2207.0,1556.0,667.0,1543.0,661.0
0.0,4462.0,2214.0,2223.0,2207.0,2214.0,2214.0,1556.0,667.0,1551.0,663.0
0.0,4455.0,2227.0,2224.0,2214.0,2230.0,2230.0,1557.0,667.0,1557.0,670.0
0.0,4442.0,2243.0,2225.0,2230.0,2246.0,2246.0,1557.0,668.0,1571.0,672.0
0.0,4429.0,2256.0,2226.0,2246.0,2259.0,2259.0,1558.0,668.0,1579.0,677.0
0.0,4419.0,2272.0,2226.0,2259.0,2272.0,2272.0,1558.0,668.0,1591.0,681.0
0.0,4406.0,2274.0,2227.0,2272.0,2277.0,2277.0,1559.0,668.0,1592.0,682.0
0.0,4404.0,2280.0,2227.0,2277.0,2280.0,2280.0,1559.0,668.0,1595.0,685.0
0.0,4401.0,2265.0,2229.0,2280.0,2271.0,2271.0,1560.0,669.0,1585.0,680.0
0.0,4416.0,2255.0,2229.0,2271.0,2255.0,2255.0,1560.0,669.0,1579.0,676.0
0.0,4432.0,2236.0,2229.0,2255.0,2236.0,2236.0,1560.0,669.0,1565.0,671.0
0.0,4451.0,2226.0,2230.0,2236.0,2229.0,2229.0,1561.0,669.0,1559.0,667.0
0.0,4461.0,2217.0,2230.0,2229.0,2217.0,2217.0,1561.0,669.0,1550.0,667.0
0.0,4473.0,2213.0,2232.0,2217.0,2219.0,2219.0,1562.0,670.0,1549.0,664.0
0.0,4477.0,2223.0,2232.0,2219.0,2223.0,2223.0,1562.0,670.0,1557.0,666.0
0.0,4473.0,2233.0,2233.0,2223.0,2236.0,2236.0,1563.0,670.0,1563.0,670.0
0.0,4463.0,2252.0,2233.0,2236.0,2252.0,2252.0,1563.0,670.0,1577.0,675.0
0.0,4447.0,2267.0,2234.0,2252.0,2270.0,2270.0,1564.0,670.0,1585.0,682.0
0.0,4432.0,2280.0,2234.0,2270.0,2280.0,2280.0,1564.0,670.0,1597.0,683.0
0.0,4422.0,2283.0,2236.0,2280.0,2289.0,2289.0,1565.0,671.0,1598.0,685.0
0.0,4419.0,2286.0,2236.0,2289.0,2286.0,2286.0,1565.0,671.0,1601.0,685.0
0.0,4422.0,2274.0,2237.0,2286.0,2277.0,2277.0,1566.0,671.0,1592.0,682.0
0.0,4434.0,2266.0,2237.0,2277.0,2266.0,2266.0,1566.0,671.0,1585.0,681.0
0.0,4445.0,2245.0,2239.0,2266.0,2251.0,2251.0,1567.0,672.0,1571.0,674.0
0.0,4466.0,2235.0,2239.0,2251.0,2235.0,2235.0,1567.0,672.0,1565.0,670.0
0.0,4482.0,2223.0,2239.0,2235.0,2223.0,2223.0,1567.0,672.0,1556.0,667.0
0.0,4494.0,2225.0,2240.0,2223.0,2228.0,2228.0,1568.0,672.0,1558.0,667.0
0.0,4492.0,2232.0,2240.0,2228.0,2232.0,2232.0,1568.0,672.0,1560.0,672.0
0.0,4488.0,2244.0,2242.0,2232.0,2250.0,2250.0,1569.0,673.0,1572.0,672.0
0.0,4476.0,2257.0,2242.0,2250.0,2257.0,2257.0,1569.0,673.0,1580.0,677.0
0.0,4469.0,2273.0,2243.0,2257.0,2276.0,2276.0,1570.0,673.0,1591.0,682.0
0.0,4453.0,2289.0,2243.0,2276.0,2289.0,2289.0,1570.0,673.0,1603.0,686.0
0.0,4440.0,2295.0,2244.0,2289.0,2298.0,2298.0,1571.0,673.0,1604.0,691.0
0.0,4434.0,2294.0,2245.0,2298.0,2297.0,2297.0,1571.0,674.0,1607.0,687.0
0.0,4438.0,2283.0,2246.0,2297.0,2286.0,2286.0,1572.0,674.0,1598.0,685.0
0.0,4452.0,2272.0,2246.0,2286.0,2272.0,2272.0,1572.0,674.0,1591.0,681.0
0.0,4466.0,2257.0,2247.0,2272.0,2260.0,2260.0,1573.0,674.0,1578.0,679.0
0.0,4481.0,2243.0,2247.0,2260.0,2243.0,2243.0,1573.0,674.0,1571.0,672.0
0.0,4498.0,2232.0,2249.0,2243.0,2238.0,2238.0,1574.0,675.0,1562.0,670.0
0.0,4509.0,2233.0,2249.0,2238.0,2233.0,2233.0,1574.0,675.0,1564.0,669.0
0.0,4514.0,2237.0,2249.0,2233.0,2237.0,2237.0,1574.0,675.0,1566.0,671.0
0.0,4510.0,2253.0,2250.0,2237.0,2256.0,2256.0,1575.0,675.0,1578.0,675.0
0.0,4494.0,2269.0,2250.0,2256.0,2269.0,2269.0,1575.0,675.0,1586.0,683.0
0.0,4481.0,2282.0,2252.0,2269.0,2288.0,2288.0,1576.0,676.0,1597.0,685.0
0.0,4468.0,2297.0,2252.0,2288.0,2297.0,2297.0,1576.0,676.0,1609.0,688.0
0.0,4459.0,2300.0,2253.0,2297.0,2303.0,2303.0,1577.0,676.0,1610.0,690.0
0.0,4456.0,2303.0,2253.0,2303.0,2303.0,2303.0,1577.0,676.0,1613.0,690.0
0.0,4456.0,2294.0,2254.0,2303.0,2297.0,2297.0,1578.0,676.0,1604.0,690.0
0.0,4465.0,2280.0,2254.0,2297.0,2280.0,2280.0,1578.0,676.0,1597.0,683.0
0.0,4482.0,2263.0,2256.0,2280.0,2269.0,2269.0,1579.0,677.0,1584.0,679.0
0.0,4499.0,2252.0,2256.0,2269.0,2252.0,2252.0,1579.0,677.0,1577.0,675.0
0.0,4516.0,2240.0,2257.0,2252.0,2243.0,2243.0,1580.0,677.0,1568.0,672.0
0.0,4528.0,2246.0,2257.0,2243.0,2246.0,2246.0,1580.0,677.0,1571.0,675.0
0.0,4525.0,2246.0,2259.0,2246.0,2252.0,2252.0,1581.0,678.0,1572.0,674.0
0.0,4525.0,2262.0,2259.0,2252.0,2262.0,2262.0,1581.0,678.0,1584.0,678.0
0.0,4515.0,2274.0,2260.0,2262.0,2277.0,2277.0,1582.0,678.0,1592.0,682.0
0.0,4503.0,2296.0,2260.0,2277.0,2296.0,2296.0,1582.0,678.0,1606.0,690.0
0.0,4484.0,2303.0,2260.0,2296.0,2303.0,2303.0,1582.0,678.0,1612.0,691.0
0.0,4477.0,2313.0,2262.0,2303.0,2319.0,2319.0,1583.0,679.0,1620.0,693.0
0.0,4467.0,2309.0,2262.0,2319.0,2309.0,2309.0,1583.0,679.0,1616.0,693.0
0.0,4477.0,2300.0,2263.0,2309.0,2303.0,2303.0,1584.0,679.0,1610.0,690.0
0.0,4486.0,2289.0,2263.0,2303.0,2289.0,2289.0,1584.0,679.0,1603.0,686.0
0.0,4500.0,2274.0,2264.0,2289.0,2277.0,2277.0,1585.0,679.0,1590.0,684.0
0.0,4515.0,2260.0,2265.0,2277.0,2263.0,2263.0,1585.0,680.0,1583.0,677.0
0.0,4532.0,2249.0,2266.0,2263.0,2252.0,2252.0,1586.0,680.0,1574.0,675.0
0.0,4546.0,2251.0,2266.0,2252.0,2251.0,2251.0,1586.0,680.0,1577.0,674.0
0.0,4547.0,2254.0,2267.0,2251.0,2257.0,2257.0,1587.0,680.0,1578.0,676.0
0.0,4544.0,2273.0,2267.0,2257.0,2273.0,2273.0,1587.0,680.0,1590.0,683.0
0.0,4528.0,2283.0,2268.0,2273.0,2286.0,2286.0,1588.0,680.0,1598.0,685.0
0.0,4518.0,2302.0,2269.0,2286.0,2305.0,2305.0,1588.0,681.0,1612.0,690.0
0.0,4502.0,2312.0,2269.0,2305.0,2312.0,2312.0,1588.0,681.0,1618.0,694.0
0.0,4495.0,2321.0,2270.0,2312.0,2324.0,2324.0,1589.0,681.0,1626.0,695.0
0.0,4486.0,2320.0,2270.0,2324.0,2320.0,2320.0,1589.0,681.0,1622.0,698.0
0.0,4490.0,2312.0,2272.0,2320.0,2318.0,2318.0,1590.0,682.0,1619.0,693.0
0.0,4498.0,2295.0,2272.0,2318.0,2295.0,2295.0,1590.0,682.0,1606.0,689.0
0.0,4521.0,2280.0,2273.0,2295.0,2283.0,2283.0,1591.0,682.0,1596.0,684.0
0.0,4536.0,2269.0,2273.0,2283.0,2269.0,2269.0,1591.0,682.0,1589.0,680.0
0.0,4550.0,2260.0,2274.0,2269.0,2263.0,2263.0,1592.0,682.0,1580.0,680.0
0.0,4559.0,2260.0,2274.0,2263.0,2260.0,2260.0,1592.0,682.0,1583.0,677.0
0.0,4562.0,2263.0,2276.0,2260.0,2269.0,2269.0,1593.0,683.0,1584.0,679.0
0.0,4559.0,2279.0,2276.0,2269.0,2279.0,2279.0,1593.0,683.0,1596.0,683.0
0.0,4549.0,2292.0,2277.0,2279.0,2295.0,2295.0,1594.0,683.0,1604.0,688.0
0.0,4536.0,2313.0,2277.0,2295.0,2313.0,2313.0,1594.0,683.0,1618.0,695.0
0.0,4518.0,2320.0,2279.0,2313.0,2326.0,2326.0,1595.0,684.0,1624.0,696.0
0.0,4511.0,2330.0,2279.0,2326.0,2330.0,2330.0,1595.0,684.0,1632.0,698.0
0.0,4507.0,2326.0,2280.0,2330.0,2329.0,2329.0,1596.0,684.0,1628.0,698.0
0.0,4511.0,2320.0,2280.0,2329.0,2320.0,2320.0,1596.0,684.0,1625.0,695.0
0.0,4520.0,2307.0,2280.0,2320.0,2307.0,2307.0,1596.0,684.0,1613.0,694.0
0.0,4533.0,2292.0,2281.0,2307.0,2295.0,2295.0,1597.0,684.0,1605.0,687.0
0.0,4548.0,2275.0,2282.0,2295.0,2278.0,2278.0,1597.0,685.0,1592.0,683.0
0.0,4568.0,2266.0,2283.0,2278.0,2269.0,2269.0,1598.0,685.0,1586.0,680.0
0.0,4580.0,2269.0,2283.0,2269.0,2269.0,2269.0,1598.0,685.0,1589.0,680.0
0.0,4580.0,2275.0,2284.0,2269.0,2278.0,2278.0,1599.0,685.0,1590.0,685.0
0.0,4574.0,2287.0,2285.0,2278.0,2290.0,2290.0,1599.0,686.0,1602.0,685.0
0.0,4565.0,2300.0,2286.0,2290.0,2303.0,2303.0,1600.0,686.0,1610.0,690.0
0.0,4555.0,2319.0,2286.0,2303.0,2319.0,2319.0,1600.0,686.0,1624.0,695.0
0.0,4539.0,2329.0,2287.0,2319.0,2332.0,2332.0,1601.0,686.0,1630.0,699.0
0.0,4529.0,2342.0,2287.0,2332.0,2342.0,2342.0,1601.0,686.0,1638.0,704.0
0.0,4519.0,2334.0,2289.0,2342.0,2340.0,2340.0,1602.0,687.0,1634.0,700.0
0.0,4527.0,2329.0,2289.0,2340.0,2329.0,2329.0,1602.0,687.0,1631.0,698.0
0.0,4538.0,2313.0,2289.0,2329.0,2313.0,2313.0,1602.0,687.0,1619.0,694.0
0.0,4554.0,2300.0,2290.0,2313.0,2303.0,2303.0,1603.0,687.0,1611.0,689.0
0.0,4567.0,2287.0,2290.0,2303.0,2287.0,2287.0,1603.0,687.0,1599.0,688.0
0.0,4583.0,2278.0,2292.0,2287.0,2284.0,2284.0,1604.0,688.0,1595.0,683.0
0.0,4592.0,2274.0,2292.0,2284.0,2274.0,2274.0,1604.0,688.0,1592.0,682.0
0.0,4602.0,2280.0,2293.0,2274.0,2283.0,2283.0,1605.0,688.0,1596.0,684.0
0.0,4596.0,2296.0,2293.0,2283.0,2296.0,2296.0,1605.0,688.0,1608.0,688.0
0.0,4583.0,2312.0,2294.0,2296.0,2315.0,2315.0,1606.0,688.0,1616.0,696.0
0.0,4567.0,2328.0,2294.0,2315.0,2328.0,2328.0,1606.0,688.0,1630.0,698.0
0.0,4554.0,2337.0,2296.0,2328.0,2343.0,2343.0,1607.0,689.0,1636.0,701.0
0.0,4545.0,2347.0,2296.0,2343.0,2347.0,2347.0,1607.0,689.0,1644.0,703.0
0.0,4541.0,2343.0,2297.0,2347.0,2346.0,2346.0,1608.0,689.0,1640.0,703.0
0.0,4545.0,2340.0,2297.0,2346.0,2340.0,2340.0,1608.0,689.0,1637.0,703.0
0.0,4551.0,2321.0,2299.0,2340.0,2327.0,2327.0,1609.0,690.0,1625.0,696.0
0.0,4570.0,2309.0,2299.0,2327.0,2309.0,2309.0,1609.0,690.0,1617.0,692.0
0.0,4588.0,2293.0,2299.0,2309.0,2293.0,2293.0,1609.0,690.0,1605.0,688.0
0.0,4604.0,2287.0,2300.0,2293.0,2290.0,2290.0,1610.0,690.0,1602.0,685.0
0.0,4610.0,2286.0,2300.0,2290.0,2286.0,2286.0,1610.0,690.0,1598.0,688.0
0.0,4614.0,2292.0,2302.0,2286.0,2298.0,2298.0,1611.0,691.0,1605.0,687.0
0.0,4608.0,2302.0,2302.0,2298.0,2302.0,2302.0,1611.0,691.0,1611.0,691.0
0.0,4604.0,2317.0,2303.0,2302.0,2320.0,2320.0,1612.0,691.0,1622.0,695.0
0.0,4589.0,2337.0,2303.0,2320.0,2337.0,2337.0,1612.0,691.0,1637.0,700.0
0.0,4572.0,2349.0,2304.0,2337.0,2352.0,2352.0,1613.0,691.0,1642.0,707.0
0.0,4560.0,2356.0,2305.0,2352.0,2359.0,2359.0,1613.0,692.0,1650.0,706.0
0.0,4556.0,2352.0,2306.0,2359.0,2355.0,2355.0,1614.0,692.0,1646.0,706.0
0.0,4563.0,2346.0,2306.0,2355.0,2346.0,2346.0,1614.0,692.0,1643.0,703.0
0.0,4572.0,2333.0,2307.0,2346.0,2336.0,2336.0,1615.0,692.0,1631.0,702.0
0.0,4585.0,2317.0,2307.0,2336.0,2317.0,2317.0,1615.0,692.0,1623.0,694.0
0.0,4604.0,2301.0,2309.0,2317.0,2307.0,2307.0,1616.0,693.0,1611.0,690.0
0.0,4620.0,2296.0,2309.0,2307.0,2296.0,2296.0,1616.0,693.0,1608.0,688.0
0.0,4631.0,2291.0,2309.0,2296.0,2291.0,2291.0,1616.0,693.0,1604.0,687.0
0.0,4636.0,2300.0,2310.0,2291.0,2303.0,2303.0,1617.0,693.0,1611.0,689.0
0.0,4627.0,2313.0,2310.0,2303.0,2313.0,2313.0,1617.0,693.0,1617.0,696.0
0.0,4617.0,2326.0,2312.0,2313.0,2332.0,2332.0,1618.0,694.0,1628.0,698.0
0.0,4604.0,2346.0,2312.0,2332.0,2346.0,2346.0,1618.0,694.0,1643.0,703.0
0.0,4590.0,2355.0,2313.0,2346.0,2358.0,2358.0,1619.0,694.0,1648.0,707.0
0.0,4581.0,2364.0,2313.0,2358.0,2364.0,2364.0,1619.0,694.0,1656.0,708.0
0.0,4575.0,2363.0,2314.0,2364.0,2366.0,2366.0,1620.0,694.0,1652.0,711.0
0.0,4576.0,2355.0,2315.0,2366.0,2358.0,2358.0,1620.0,695.0,1649.0,706.0
0.0,4587.0,2339.0,2316.0,2358.0,2342.0,2342.0,1621.0,695.0,1637.0,702.0
0.0,4606.0,2326.0,2316.0,2342.0,2326.0,2326.0,1621.0,695.0,1629.0,697.0
0.0,4622.0,2310.0,2317.0,2326.0,2313.0,2313.0,1622.0,695.0,1617.0,693.0
0.0,4638.0,2307.0,2317.0,2313.0,2307.0,2307.0,1622.0,695.0,1614.0,693.0
0.0,4644.0,2300.0,2319.0,2307.0,2306.0,2306.0,1623.0,696.0,1610.0,690.0
0.0,4651.0,2309.0,2319.0,2306.0,2309.0,2309.0,1623.0,696.0,1617.0,692.0
0.0,4648.0,2319.0,2319.0,2309.0,2319.0,2319.0,1623.0,696.0,1623.0,696.0
0.0,4638.0,2338.0,2320.0,2319.0,2341.0,2341.0,1624.0,696.0,1637.0,701.0
0.0,4619.0,2354.0,2320.0,2341.0,2354.0,2354.0,1624.0,696.0,1646.0,708.0
0.0,4606.0,2367.0,2321.0,2354.0,2370.0,2370.0,1625.0,696.0,1658.0,709.0
0.0,4593.0,2370.0,2322.0,2370.0,2373.0,2373.0,1625.0,697.0,1659.0,711.0
0.0,4593.0,2369.0,2323.0,2373.0,2372.0,2372.0,1626.0,697.0,1658.0,711.0
0.0,4597.0,2363.0,2323.0,2372.0,2363.0,2363.0,1626.0,697.0,1655.0,708.0
0.0,4606.0,2350.0,2324.0,2363.0,2353.0,2353.0,1627.0,697.0,1643.0,707.0
0.0,4619.0,2335.0,2325.0,2353.0,2338.0,2338.0,1627.0,698.0,1635.0,700.0
0.0,4637.0,2319.0,2326.0,2338.0,2322.0,2322.0,1628.0,698.0,1623.0,696.0
0.0,4656.0,2313.0,2326.0,2322.0,2313.0,2313.0,1628.0,698.0,1620.0,693.0
0.0,4665.0,2309.0,2327.0,2313.0,2312.0,2312.0,1629.0,698.0,1616.0,693.0
0.0,4669.0,2321.0,2327.0,2312.0,2321.0,2321.0,1629.0,698.0,1623.0,698.0
0.0,4660.0,2327.0,2329.0,2321.0,2333.0,2333.0,1630.0,699.0,1629.0,698.0
0.0,4654.0,2347.0,2329.0,2333.0,2347.0,2347.0,1630.0,699.0,1644.0,703.0
0.0,4640.0,2360.0,2329.0,2347.0,2360.0,2360.0,1630.0,699.0,1652.0,708.0
0.0,4627.0,2376.0,2330.0,2360.0,2379.0,2379.0,1631.0,699.0,1664.0,712.0
0.0,4611.0,2382.0,2330.0,2379.0,2382.0,2382.0,1631.0,699.0,1665.0,717.0
0.0,4608.0,2380.0,2332.0,2382.0,2386.0,2386.0,1632.0,700.0,1667.0,713.0
0.0,4610.0,2369.0,2332.0,2386.0,2369.0,2369.0,1632.0,700.0,1658.0,711.0
0.0,4627.0,2356.0,2333.0,2369.0,2359.0,2359.0,1633.0,700.0,1649.0,707.0
0.0,4640.0,2346.0,2333.0,2359.0,2346.0,2346.0,1633.0,700.0,1641.0,705.0
0.0,4653.0,2327.0,2334.0,2346.0,2330.0,2330.0,1634.0,700.0,1629.0,698.0
0.0,4672.0,2322.0,2335.0,2330.0,2325.0,2325.0,1634.0,701.0,1626.0,696.0
0.0,4680.0,2317.0,2336.0,2325.0,2320.0,2320.0,1635.0,701.0,1622.0,695.0
0.0,4688.0,2327.0,2336.0,2320.0,2327.0,2327.0,1635.0,701.0,1630.0,697.0
0.0,4681.0,2336.0,2337.0,2327.0,2339.0,2339.0,1636.0,701.0,1635.0,701.0
0.0,4672.0,2359.0,2337.0,2339.0,2359.0,2359.0,1636.0,701.0,1650.0,709.0
0.0,4652.0,2369.0,2339.0,2359.0,2375.0,2375.0,1637.0,702.0,1658.0,711.0
0.0,4642.0,2384.0,2339.0,2375.0,2384.0,2384.0,1637.0,702.0,1670.0,714.0
0.0,4633.0,2387.0,2340.0,2384.0,2390.0,2390.0,1638.0,702.0,1671.0,716.0
0.0,4630.0,2389.0,2340.0,2390.0,2389.0,2389.0,1638.0,702.0,1673.0,716.0
0.0,4631.0,2380.0,2340.0,2389.0,2380.0,2380.0,1638.0,702.0,1664.0,716.0
0.0,4640.0,2367.0,2341.0,2380.0,2370.0,2370.0,1639.0,702.0,1658.0,709.0
0.0,4653.0,2349.0,2342.0,2370.0,2352.0,2352.0,1639.0,703.0,1644.0,705.0
0.0,4674.0,2336.0,2343.0,2352.0,2339.0,2339.0,1640.0,703.0,1635.0,701.0
0.0,4690.0,2330.0,2343.0,2339.0,2330.0,2330.0,1640.0,703.0,1632.0,698.0
0.0,4699.0,2329.0,2344.0,2330.0,2332.0,2332.0,1641.0,703.0,1628.0,701.0
0.0,4700.0,2336.0,2345.0,2332.0,2339.0,2339.0,1641.0,704.0,1636.0,700.0
0.0,4696.0,2345.0,2346.0,2339.0,2348.0,2348.0,1642.0,704.0,1641.0,704.0
0.0,4690.0,2364.0,2346.0,2348.0,2364.0,2364.0,1642.0,704.0,1656.0,708.0
0.0,4674.0,2380.0,2347.0,2364.0,2383.0,2383.0,1643.0,704.0,1664.0,716.0
0.0,4658.0,2393.0,2347.0,2383.0,2393.0,2393.0,1643.0,704.0,1676.0,717.0
0.0,4648.0,2396.0,2349.0,2393.0,2402.0,2402.0,1644.0,705.0,1677.0,719.0
0.0,4645.0,2398.0,2349.0,2402.0,2398.0,2398.0,1644.0,705.0,1679.0,719.0
0.0,4649.0,2386.0,2349.0,2398.0,2386.0,2386.0,1644.0,705.0,1670.0,716.0
0.0,4661.0,2376.0,2350.0,2386.0,2379.0,2379.0,1645.0,705.0,1664.0,712.0
0.0,4671.0,2360.0,2350.0,2379.0,2360.0,2360.0,1645.0,705.0,1650.0,710.0
0.0,4690.0,2344.0,2352.0,2360.0,2350.0,2350.0,1646.0,706.0,1641.0,703.0
0.0,4706.0,2339.0,2352.0,2350.0,2339.0,2339.0,1646.0,706.0,1638.0,701.0
0.0,4717.0,2334.0,2353.0,2339.0,2337.0,2337.0,1647.0,706.0,1634.0,700.0
0.0,4722.0,2344.0,2353.0,2337.0,2344.0,2344.0,1647.0,706.0,1642.0,702.0
0.0,4715.0,2357.0,2354.0,2344.0,2360.0,2360.0,1648.0,706.0,1648.0,709.0
0.0,4702.0,2373.0,2354.0,2360.0,2373.0,2373.0,1648.0,706.0,1662.0,711.0
0.0,4689.0,2386.0,2356.0,2373.0,2392.0,2392.0,1649.0,707.0,1670.0,716.0
0.0,4676.0,2402.0,2356.0,2392.0,2402.0,2402.0,1649.0,707.0,1682.0,720.0
0.0,4666.0,2404.0,2357.0,2402.0,2407.0,2407.0,1650.0,707.0,1683.0,721.0
0.0,4664.0,2410.0,2357.0,2407.0,2410.0,2410.0,1650.0,707.0,1686.0,724.0
0.0,4661.0,2395.0,2359.0,2410.0,2401.0,2401.0,1651.0,708.0,1676.0,719.0
0.0,4676.0,2385.0,2359.0,2401.0,2385.0,2385.0,1651.0,708.0,1670.0,715.0
0.0,4692.0,2366.0,2359.0,2385.0,2366.0,2366.0,1651.0,708.0,1656.0,710.0
0.0,4711.0,2356.0,2360.0,2366.0,2359.0,2359.0,1652.0,708.0,1650.0,706.0
0.0,4721.0,2347.0,2360.0,2359.0,2347.0,2347.0,1652.0,708.0,1641.0,706.0
0.0,4733.0,2343.0,2361.0,2347.0,2346.0,2346.0,1653.0,708.0,1640.0,703.0
0.0,4737.0,2353.0,2362.0,2346.0,2356.0,2356.0,1653.0,709.0,1648.0,705.0
0.0,4730.0,2363.0,2363.0,2356.0,2366.0,2366.0,1654.0,709.0,1654.0,709.0
0.0,4723.0,2382.0,2363.0,2366.0,2382.0,2382.0,1654.0,709.0,1668.0,714.0
0.0,4707.0,2397.0,2364.0,2382.0,2400.0,2400.0,1655.0,709.0,1676.0,721.0
0.0,4692.0,2410.0,2365.0,2400.0,2413.0,2413.0,1655.0,710.0,1688.0,722.0
0.0,4682.0,2413.0,2366.0,2413.0,2416.0,2416.0,1656.0,710.0,1689.0,724.0
0.0,4682.0,2416.0,2366.0,2416.0,2416.0,2416.0,1656.0,710.0,1692.0,724.0
0.0,4682.0,2404.0,2367.0,2416.0,2407.0,2407.0,1657.0,710.0,1683.0,721.0
0.0,4694.0,2396.0,2367.0,2407.0,2396.0,2396.0,1657.0,710.0,1676.0,720.0
0.0,4705.0,2375.0,2368.0,2396.0,2378.0,2378.0,1658.0,710.0,1662.0,713.0
0.0,4726.0,2365.0,2369.0,2378.0,2368.0,2368.0,1658.0,711.0,1656.0,709.0
0.0,4739.0,2353.0,2369.0,2368.0,2353.0,2353.0,1658.0,711.0,1647.0,706.0
0.0,4754.0,2355.0,2370.0,2353.0,2358.0,2358.0,1659.0,711.0,1649.0,706.0
0.0,4752.0,2362.0,2370.0,2358.0,2362.0,2362.0,1659.0,711.0,1651.0,711.0
0.0,4748.0,2371.0,2372.0,2362.0,2377.0,2377.0,1660.0,712.0,1660.0,711.0
0.0,4739.0,2390.0,2372.0,2377.0,2390.0,2390.0,1660.0,712.0,1674.0,716.0
0.0,4726.0,2403.0,2373.0,2390.0,2406.0,2406.0,1661.0,712.0,1682.0,721.0
0.0,4713.0,2419.0,2373.0,2406.0,2419.0,2419.0,1661.0,712.0,1694.0,725.0
0.0,4700.0,2425.0,2374.0,2419.0,2428.0,2428.0,1662.0,712.0,1695.0,730.0
0.0,4694.0,2424.0,2375.0,2428.0,2427.0,2427.0,1662.0,713.0,1698.0,726.0
0.0,4698.0,2413.0,2376.0,2427.0,2416.0,2416.0,1663.0,713.0,1689.0,724.0
0.0,4712.0,2402.0,2376.0,2416.0,2402.0,2402.0,1663.0,713.0,1682.0,720.0
0.0,4726.0,2384.0,2377.0,2402.0,2387.0,2387.0,1664.0,713.0,1669.0,715.0
0.0,4744.0,2376.0,2377.0,2387.0,2376.0,2376.0,1664.0,713.0,1662.0,714.0
0.0,4755.0,2362.0,2379.0,2376.0,2368.0,2368.0,1665.0,714.0,1653.0,709.0
0.0,4769.0,2363.0,2379.0,2368.0,2363.0,2363.0,1665.0,714.0,1655.0,708.0
0.0,4774.0,2367.0,2379.0,2363.0,2367.0,2367.0,1665.0,714.0,1657.0,710.0
0.0,4770.0,2383.0,2380.0,2367.0,2386.0,2386.0,1666.0,714.0,1669.0,714.0
0.0,4754.0,2399.0,2380.0,2386.0,2399.0,2399.0,1666.0,714.0,1677.0,722.0
0.0,4741.0,2415.0,2381.0,2399.0,2418.0,2418.0,1667.0,714.0,1691.0,724.0
0.0,4725.0,2424.0,2382.0,2418.0,2427.0,2427.0,1667.0,715.0,1697.0,727.0
0.0,4719.0,2430.0,2383.0,2427.0,2433.0,2433.0,1668.0,715.0,1701.0,729.0
0.0,4716.0,2433.0,2383.0,2433.0,2433.0,2433.0,1668.0,715.0,1704.0,729.0
0.0,4716.0,2424.0,2384.0,2433.0,2427.0,2427.0,1669.0,715.0,1695.0,729.0
0.0,4725.0,2410.0,2385.0,2427.0,2413.0,2413.0,1669.0,716.0,1688.0,722.0
0.0,4742.0,2393.0,2386.0,2413.0,2396.0,2396.0,1670.0,716.0,1675.0,718.0
0.0,4762.0,2382.0,2386.0,2396.0,2382.0,2382.0,1670.0,716.0,1668.0,714.0
0.0,4776.0,2370.0,2387.0,2382.0,2373.0,2373.0,1671.0,716.0,1659.0,711.0
0.0,4788.0,2376.0,2387.0,2373.0,2376.0,2376.0,1671.0,716.0,1662.0,714.0
0.0,4785.0,2376.0,2389.0,2376.0,2382.0,2382.0,1672.0,717.0,1663.0,713.0
0.0,4785.0,2392.0,2389.0,2382.0,2392.0,2392.0,1672.0,717.0,1675.0,717.0
0.0,4775.0,2404.0,2389.0,2392.0,2404.0,2404.0,1672.0,717.0,1683.0,721.0
0.0,4763.0,2423.0,2390.0,2404.0,2426.0,2426.0,1673.0,717.0,1697.0,726.0
0.0,4744.0,2436.0,2390.0,2426.0,2436.0,2436.0,1673.0,717.0,1703.0,733.0
0.0,4734.0,2443.0,2392.0,2436.0,2449.0,2449.0,1674.0,718.0,1711.0,732.0
0.0,4727.0,2439.0,2392.0,2449.0,2439.0,2439.0,1674.0,718.0,1707.0,732.0
0.0,4737.0,2430.0,2393.0,2439.0,2433.0,2433.0,1675.0,718.0,1701.0,729.0
0.0,4746.0,2422.0,2393.0,2433.0,2422.0,2422.0,1675.0,718.0,1694.0,728.0
0.0,4757.0,2401.0,2394.0,2422.0,2404.0,2404.0,1676.0,718.0,1681.0,720.0
0.0,4778.0,2390.0,2395.0,2404.0,2393.0,2393.0,1676.0,719.0,1674.0,716.0
0.0,4792.0,2379.0,2396.0,2393.0,2382.0,2382.0,1677.0,719.0,1665.0,714.0
0.0,4806.0,2381.0,2396.0,2382.0,2381.0,2381.0,1677.0,719.0,1668.0,713.0
0.0,4807.0,2384.0,2397.0,2381.0,2387.0,2387.0,1678.0,719.0,1669.0,715.0
0.0,4804.0,2403.0,2397.0,2387.0,2403.0,2403.0,1678.0,719.0,1681.0,722.0
0.0,4788.0,2413.0,2399.0,2403.0,2419.0,2419.0,1679.0,720.0,1689.0,724.0
0.0,4778.0,2432.0,2399.0,2419.0,2432.0,2432.0,1679.0,720.0,1703.0,729.0
0.0,4765.0,2442.0,2400.0,2432.0,2445.0,2445.0,1680.0,720.0,1709.0,733.0
0.0,4755.0,2451.0,2400.0,2445.0,2451.0,2451.0,1680.0,720.0,1717.0,734.0
0.0,4749.0,2450.0,2400.0,2451.0,2450.0,2450.0,1680.0,720.0,1713.0,737.0
0.0,4750.0,2442.0,2402.0,2450.0,2448.0,2448.0,1681.0,721.0,1710.0,732.0
0.0,4758.0,2425.0,2402.0,2448.0,2425.0,2425.0,1681.0,721.0,1697.0,728.0
0.0,4781.0,2410.0,2403.0,2425.0,2413.0,2413.0,1682.0,721.0,1687.0,723.0
0.0,4796.0,2399.0,2403.0,2413.0,2399.0,2399.0,1682.0,721.0,1680.0,719.0
0.0,4810.0,2390.0,2404.0,2399.0,2393.0,2393.0,1683.0,721.0,1671.0,719.0
0.0,4819.0,2390.0,2405.0,2393.0,2393.0,2393.0,1683.0,722.0,1674.0,716.0
0.0,4822.0,2393.0,2406.0,2393.0,2396.0,2396.0,1684.0,722.0,1675.0,718.0
0.0,4822.0,2409.0,2406.0,2396.0,2409.0,2409.0,1684.0,722.0,1687.0,722.0
0.0,4809.0,2422.0,2407.0,2409.0,2425.0,2425.0,1685.0,722.0,1695.0,727.0
0.0,4796.0,2443.0,2407.0,2425.0,2443.0,2443.0,1685.0,722.0,1709.0,734.0
0.0,4778.0,2450.0,2408.0,2443.0,2453.0,2453.0,1686.0,722.0,1715.0,735.0
0.0,4771.0,2460.0,2409.0,2453.0,2463.0,2463.0,1686.0,723.0,1723.0,737.0
0.0,4764.0,2456.0,2409.0,2463.0,2456.0,2456.0,1686.0,723.0,1719.0,737.0
0.0,4771.0,2450.0,2410.0,2456.0,2453.0,2453.0,1687.0,723.0,1716.0,734.0
0.0,4777.0,2437.0,2410.0,2453.0,2437.0,2437.0,1687.0,723.0,1704.0,733.0
0.0,4793.0,2422.0,2412.0,2437.0,2428.0,2428.0,1688.0,724.0,1696.0,726.0
0.0,4808.0,2405.0,2412.0,2428.0,2405.0,2405.0,1688.0,724.0,1683.0,722.0
0.0,4831.0,2396.0,2413.0,2405.0,2399.0,2399.0,1689.0,724.0,1677.0,719.0
0.0,4840.0,2399.0,2413.0,2399.0,2399.0,2399.0,1689.0,724.0,1680.0,719.0
0.0,4840.0,2405.0,2414.0,2399.0,2408.0,2408.0,1690.0,724.0,1681.0,724.0
0.0,4834.0,2417.0,2415.0,2408.0,2420.0,2420.0,1690.0,725.0,1693.0,724.0
0.0,4825.0,2430.0,2416.0,2420.0,2433.0,2433.0,1691.0,725.0,1701.0,729.0
0.0,4815.0,2449.0,2416.0,2433.0,2449.0,2449.0,1691.0,725.0,1715.0,734.0
0.0,4799.0,2459.0,2417.0,2449.0,2462.0,2462.0,1692.0,725.0,1721.0,738.0
0.0,4789.0,2472.0,2417.0,2462.0,2472.0,2472.0,1692.0,725.0,1729.0,743.0
0.0,4779.0,2464.0,2419.0,2472.0,2470.0,2470.0,1693.0,726.0,1725.0,739.0
0.0,4787.0,2459.0,2419.0,2470.0,2459.0,2459.0,1693.0,726.0,1722.0,737.0
0.0,4798.0,2443.0,2420.0,2459.0,2446.0,2446.0,1694.0,726.0,1710.0,733.0
0.0,4814.0,2433.0,2420.0,2446.0,2433.0,2433.0,1694.0,726.0,1702.0,731.0
0.0,4827.0,2414.0,2420.0,2433.0,2414.0,2414.0,1694.0,726.0,1690.0,724.0
0.0,4846.0,2408.0,2422.0,2414.0,2414.0,2414.0,1695.0,727.0,1686.0,722.0
0.0,4852.0,2404.0,2422.0,2414.0,2404.0,2404.0,1695.0,727.0,1683.0,721.0
0.0,4862.0,2410.0,2423.0,2404.0,2413.0,2413.0,1696.0,727.0,1687.0,723.0
0.0,4856.0,2426.0,2423.0,2413.0,2426.0,2426.0,1696.0,727.0,1699.0,727.0
0.0,4843.0,2442.0,2424.0,2426.0,2445.0,2445.0,1697.0,727.0,1707.0,735.0
0.0,4827.0,2458.0,2425.0,2445.0,2461.0,2461.0,1697.0,728.0,1721.0,737.0
0.0,4814.0,2467.0,2426.0,2461.0,2470.0,2470.0,1698.0,728.0,1727.0,740.0
0.0,4808.0,2477.0,2426.0,2470.0,2477.0,2477.0,1698.0,728.0,1735.0,742.0
0.0,4801.0,2473.0,2427.0,2477.0,2476.0,2476.0,1699.0,728.0,1731.0,742.0
0.0,4805.0,2470.0,2427.0,2476.0,2470.0,2470.0,1699.0,728.0,1728.0,742.0
0.0,4811.0,2451.0,2428.0,2470.0,2454.0,2454.0,1700.0,728.0,1716.0,735.0
0.0,4830.0,2439.0,2429.0,2454.0,2442.0,2442.0,1700.0,729.0,1708.0,731.0
0.0,4845.0,2423.0,2429.0,2442.0,2423.0,2423.0,1700.0,729.0,1696.0,727.0
0.0,4864.0,2417.0,2430.0,2423.0,2420.0,2420.0,1701.0,729.0,1693.0,724.0
0.0,4870.0,2416.0,2430.0,2420.0,2416.0,2416.0,1701.0,729.0,1689.0,727.0
0.0,4874.0,2419.0,2432.0,2416.0,2425.0,2425.0,1702.0,730.0,1693.0,726.0
0.0,4871.0,2435.0,2432.0,2425.0,2435.0,2435.0,1702.0,730.0,1705.0,730.0
0.0,4861.0,2447.0,2433.0,2435.0,2450.0,2450.0,1703.0,730.0,1713.0,734.0
0.0,4849.0,2470.0,2433.0,2450.0,2470.0,2470.0,1703.0,730.0,1728.0,742.0
0.0,4829.0,2476.0,2434.0,2470.0,2479.0,2479.0,1704.0,730.0,1733.0,743.0
0.0,4823.0,2486.0,2435.0,2479.0,2489.0,2489.0,1704.0,731.0,1741.0,745.0
0.0,4816.0,2482.0,2436.0,2489.0,2485.0,2485.0,1705.0,731.0,1737.0,745.0
0.0,4823.0,2476.0,2436.0,2485.0,2476.0,2476.0,1705.0,731.0,1734.0,742.0
0.0,4832.0,2460.0,2437.0,2476.0,2463.0,2463.0,1706.0,731.0,1722.0,738.0
0.0,4848.0,2450.0,2437.0,2463.0,2450.0,2450.0,1706.0,731.0,1714.0,736.0
0.0,4861.0,2431.0,2439.0,2450.0,2437.0,2437.0,1707.0,732.0,1702.0,729.0
0.0,4880.0,2426.0,2439.0,2437.0,2426.0,2426.0,1707.0,732.0,1699.0,727.0
0.0,4891.0,2421.0,2440.0,2426.0,2424.0,2424.0,1708.0,732.0,1695.0,726.0
0.0,4896.0,2430.0,2440.0,2424.0,2430.0,2430.0,1708.0,732.0,1702.0,728.0
0.0,4890.0,2443.0,2440.0,2430.0,2443.0,2443.0,1708.0,732.0,1708.0,735.0
0.0,4877.0,2459.0,2441.0,2443.0,2462.0,2462.0,1709.0,732.0,1722.0,737.0
0.0,4861.0,2473.0,2442.0,2462.0,2476.0,2476.0,1709.0,733.0,1731.0,742.0
0.0,4850.0,2485.0,2443.0,2476.0,2488.0,2488.0,1710.0,733.0,1739.0,746.0
0.0,4841.0,2494.0,2443.0,2488.0,2494.0,2494.0,1710.0,733.0,1747.0,747.0
0.0,4835.0,2493.0,2444.0,2494.0,2496.0,2496.0,1711.0,733.0,1743.0,750.0
0.0,4836.0,2485.0,2445.0,2496.0,2488.0,2488.0,1711.0,734.0,1740.0,745.0
0.0,4847.0,2469.0,2446.0,2488.0,2472.0,2472.0,1712.0,734.0,1728.0,741.0
0.0,4866.0,2456.0,2446.0,2472.0,2456.0,2456.0,1712.0,734.0,1720.0,736.0
0.0,4882.0,2440.0,2447.0,2456.0,2443.0,2443.0,1713.0,734.0,1708.0,732.0
0.0,4898.0,2437.0,2447.0,2443.0,2437.0,2437.0,1713.0,734.0,1705.0,732.0
0.0,4904.0,2430.0,2448.0,2437.0,2433.0,2433.0,1714.0,734.0,1701.0,729.0
0.0,4911.0,2439.0,2449.0,2433.0,2442.0,2442.0,1714.0,735.0,1708.0,731.0
0.0,4905.0,2449.0,2449.0,2442.0,2449.0,2449.0,1714.0,735.0,1714.0,735.0
0.0,4898.0,2468.0,2450.0,2449.0,2471.0,2471.0,1715.0,735.0,1728.0,740.0
0.0,4879.0,2484.0,2450.0,2471.0,2484.0,2484.0,1715.0,735.0,1737.0,747.0
0.0,4866.0,2497.0,2452.0,2484.0,2503.0,2503.0,1716.0,736.0,1749.0,748.0
0.0,4853.0,2500.0,2452.0,2503.0,2500.0,2500.0,1716.0,736.0,1750.0,750.0
0.0,4856.0,2499.0,2453.0,2500.0,2502.0,2502.0,1717.0,736.0,1749.0,750.0
0.0,4857.0,2493.0,2453.0,2502.0,2493.0,2493.0,1717.0,736.0,1746.0,747.0
0.0,4866.0,2480.0,2454.0,2493.0,2483.0,2483.0,1718.0,736.0,1734.0,746.0
0.0,4879.0,2465.0,2454.0,2483.0,2465.0,2465.0,1718.0,736.0,1726.0,739.0
0.0,4897.0,2449.0,2456.0,2465.0,2455.0,2455.0,1719.0,737.0,1714.0,735.0
0.0,4913.0,2443.0,2456.0,2455.0,2443.0,2443.0,1719.0,737.0,1711.0,732.0
0.0,4925.0,2439.0,2457.0,2443.0,2442.0,2442.0,1720.0,737.0,1707.0,732.0
0.0,4929.0,2451.0,2457.0,2442.0,2451.0,2451.0,1720.0,737.0,1714.0,737.0
0.0,4920.0,2457.0,2459.0,2451.0,2463.0,2463.0,1721.0,738.0,1720.0,737.0
0.0,4914.0,2477.0,2459.0,2463.0,2477.0,2477.0,1721.0,738.0,1735.0,742.0
0.0,4900.0,2490.0,2460.0,2477.0,2493.0,2493.0,1722.0,738.0,1743.0,747.0
0.0,4887.0,2506.0,2460.0,2493.0,2506.0,2506.0,1722.0,738.0,1755.0,751.0
0.0,4874.0,2512.0,2460.0,2506.0,2512.0,2512.0,1722.0,738.0,1756.0,756.0
0.0,4868.0,2510.0,2462.0,2512.0,2516.0,2516.0,1723.0,739.0,1758.0,752.0
0.0,4870.0,2499.0,2462.0,2516.0,2499.0,2499.0,1723.0,739.0,1749.0,750.0
0.0,4887.0,2486.0,2463.0,2499.0,2489.0,2489.0,1724.0,739.0,1740.0,746.0
0.0,4900.0,2473.0,2463.0,2489.0,2473.0,2473.0,1724.0,739.0,1732.0,741.0
0.0,4916.0,2460.0,2464.0,2473.0,2463.0,2463.0,1725.0,739.0,1720.0,740.0
0.0,4929.0,2452.0,2465.0,2463.0,2455.0,2455.0,1725.0,740.0,1717.0,735.0
0.0,4940.0,2447.0,2466.0,2455.0,2450.0,2450.0,1726.0,740.0,1713.0,734.0
0.0,4948.0,2457.0,2466.0,2450.0,2457.0,2457.0,1726.0,740.0,1721.0,736.0
0.0,4941.0,2466.0,2467.0,2457.0,2469.0,2469.0,1727.0,740.0,1726.0,740.0
0.0,4932.0,2489.0,2467.0,2469.0,2489.0,2489.0,1727.0,740.0,1741.0,748.0
0.0,4912.0,2499.0,2468.0,2489.0,2502.0,2502.0,1728.0,740.0,1749.0,750.0
0.0,4902.0,2514.0,2469.0,2502.0,2517.0,2517.0,1728.0,741.0,1761.0,753.0
0.0,4890.0,2517.0,2469.0,2517.0,2517.0,2517.0,1728.0,741.0,1762.0,755.0
0.0,4890.0,2519.0,2470.0,2517.0,2522.0,2522.0,1729.0,741.0,1764.0,755.0
0.0,4888.0,2510.0,2470.0,2522.0,2510.0,2510.0,1729.0,741.0,1755.0,755.0
0.0,4900.0,2494.0,2472.0,2510.0,2500.0,2500.0,1730.0,742.0,1746.0,748.0
0.0,4916.0,2482.0,2472.0,2500.0,2482.0,2482.0,1730.0,742.0,1738.0,744.0
0.0,4934.0,2466.0,2473.0,2482.0,2469.0,2469.0,1731.0,742.0,1726.0,740.0
0.0,4950.0,2460.0,2473.0,2469.0,2460.0,2460.0,1731.0,742.0,1723.0,737.0
0.0,4959.0,2459.0,2474.0,2460.0,2462.0,2462.0,1732.0,742.0,1719.0,740.0
0.0,4960.0,2466.0,2475.0,2462.0,2469.0,2469.0,1732.0,743.0,1727.0,739.0
0.0,4956.0,2475.0,2476.0,2469.0,2478.0,2478.0,1733.0,743.0,1732.0,743.0
0.0,4950.0,2494.0,2476.0,2478.0,2494.0,2494.0,1733.0,743.0,1747.0,747.0
0.0,4934.0,2507.0,2477.0,2494.0,2510.0,2510.0,1734.0,743.0,1755.0,752.0
0.0,4921.0,2526.0,2477.0,2510.0,2526.0,2526.0,1734.0,743.0,1767.0,759.0
0.0,4905.0,2526.0,2479.0,2526.0,2532.0,2532.0,1735.0,744.0,1768.0,758.0
0.0,4905.0,2528.0,2479.0,2532.0,2528.0,2528.0,1735.0,744.0,1770.0,758.0
0.0,4909.0,2516.0,2479.0,2528.0,2516.0,2516.0,1735.0,744.0,1761.0,755.0
0.0,4921.0,2509.0,2480.0,2516.0,2512.0,2512.0,1736.0,744.0,1755.0,754.0
0.0,4928.0,2487.0,2480.0,2512.0,2487.0,2487.0,1736.0,744.0,1741.0,746.0
0.0,4953.0,2474.0,2482.0,2487.0,2480.0,2480.0,1737.0,745.0,1732.0,742.0
0.0,4966.0,2469.0,2482.0,2480.0,2469.0,2469.0,1737.0,745.0,1729.0,740.0
0.0,4977.0,2464.0,2483.0,2469.0,2467.0,2467.0,1738.0,745.0,1725.0,739.0
0.0,4982.0,2474.0,2483.0,2467.0,2474.0,2474.0,1738.0,745.0,1733.0,741.0
0.0,4975.0,2487.0,2484.0,2474.0,2490.0,2490.0,1739.0,745.0,1739.0,748.0
0.0,4962.0,2503.0,2485.0,2490.0,2506.0,2506.0,1739.0,746.0,1753.0,750.0
0.0,4949.0,2516.0,2486.0,2506.0,2519.0,2519.0,1740.0,746.0,1761.0,755.0
0.0,4939.0,2532.0,2486.0,2519.0,2532.0,2532.0,1740.0,746.0,1773.0,759.0
0.0,4926.0,2534.0,2487.0,2532.0,2537.0,2537.0,1741.0,746.0,1774.0,760.0
0.0,4924.0,2540.0,2487.0,2537.0,2540.0,2540.0,1741.0,746.0,1777.0,763.0
0.0,4921.0,2525.0,2489.0,2540.0,2531.0,2531.0,1742.0,747.0,1767.0,758.0
0.0,4936.0,2515.0,2489.0,2531.0,2515.0,2515.0,1742.0,747.0,1761.0,754.0
0.0,4952.0,2496.0,2489.0,2515.0,2496.0,2496.0,1742.0,747.0,1747.0,749.0
0.0,4971.0,2486.0,2490.0,2496.0,2489.0,2489.0,1743.0,747.0,1741.0,745.0
0.0,4981.0,2477.0,2490.0,2489.0,2477.0,2477.0,1743.0,747.0,1732.0,745.0
0.0,4993.0,2473.0,2492.0,2477.0,2479.0,2479.0,1744.0,748.0,1731.0,742.0
0.0,4997.0,2483.0,2492.0,2479.0,2483.0,2483.0,1744.0,748.0,1739.0,744.0
0.0,4993.0,2493.0,2493.0,2483.0,2496.0,2496.0,1745.0,748.0,1745.0,748.0
0.0,4983.0,2512.0,2493.0,2496.0,2512.0,2512.0,1745.0,748.0,1759.0,753.0
0.0,4967.0,2527.0,2494.0,2512.0,2530.0,2530.0,1746.0,748.0,1767.0,760.0
0.0,4952.0,2540.0,2494.0,2530.0,2540.0,2540.0,1746.0,748.0,1779.0,761.0
0.0,4942.0,2543.0,2496.0,2540.0,2549.0,2549.0,1747.0,749.0,1780.0,763.0
0.0,4939.0,2546.0,2496.0,2549.0,2546.0,2546.0,1747.0,749.0,1783.0,763.0
0.0,4942.0,2534.0,2497.0,2546.0,2537.0,2537.0,1748.0,749.0,1774.0,760.0
0.0,4954.0,2526.0,2497.0,2537.0,2526.0,2526.0,1748.0,749.0,1767.0,759.0
0.0,4965.0,2505.0,2499.0,2526.0,2511.0,2511.0,1749.0,750.0,1753.0,752.0
0.0,4986.0,2495.0,2499.0,2511.0,2495.0,2495.0,1749.0,750.0,1747.0,748.0
0.0,5002.0,2483.0,2499.0,2495.0,2483.0,2483.0,1749.0,750.0,1738.0,745.0
0.0,5014.0,2485.0,2500.0,2483.0,2488.0,2488.0,1750.0,750.0,1740.0,745.0
0.0,5012.0,2492.0,2500.0,2488.0,2492.0,2492.0,1750.0,750.0,1742.0,750.0
0.0,5008.0,2504.0,2502.0,2492.0,2510.0,2510.0,1751.0,751.0,1754.0,750.0
0.0,4996.0,2517.0,2502.0,2510.0,2517.0,2517.0,1751.0,751.0,1762.0,755.0
0.0,4989.0,2533.0,2503.0,2517.0,2536.0,2536.0,1752.0,751.0,1773.0,760.0
0.0,4973.0,2549.0,2503.0,2536.0,2549.0,2549.0,1752.0,751.0,1785.0,764.0
0.0,4960.0,2555.0,2504.0,2549.0,2558.0,2558.0,1753.0,751.0,1786.0,769.0
0.0,4954.0,2554.0,2505.0,2558.0,2557.0,2557.0,1753.0,752.0,1789.0,765.0
0.0,4958.0,2543.0,2506.0,2557.0,2546.0,2546.0,1754.0,752.0,1780.0,763.0
0.0,4972.0,2532.0,2506.0,2546.0,2532.0,2532.0,1754.0,752.0,1773.0,759.0
0.0,4986.0,2517.0,2507.0,2532.0,2520.0,2520.0,1755.0,752.0,1760.0,757.0
0.0,5001.0,2503.0,2507.0,2520.0,2503.0,2503.0,1755.0,752.0,1753.0,750.0
0.0,5018.0,2492.0,2509.0,2503.0,2498.0,2498.0,1756.0,753.0,1744.0,748.0
0.0,5029.0,2493.0,2509.0,2498.0,2493.0,2493.0,1756.0,753.0,1746.0,747.0
0.0,5034.0,2497.0,2509.0,2493.0,2497.0,2497.0,1756.0,753.0,1748.0,749.0
0.0,5030.0,2513.0,2510.0,2497.0,2516.0,2516.0,1757.0,753.0,1760.0,753.0
0.0,5014.0,2529.0,2510.0,2516.0,2529.0,2529.0,1757.0,753.0,1768.0,761.0
0.0,5001.0,2542.0,2512.0,2529.0,2548.0,2548.0,1758.0,754.0,1779.0,763.0
0.0,4988.0,2557.0,2512.0,2548.0,2557.0,2557.0,1758.0,754.0,1791.0,766.0
0.0,4979.0,2560.0,2513.0,2557.0,2563.0,2563.0,1759.0,754.0,1792.0,768.0
0.0,4976.0,2563.0,2513.0,2563.0,2563.0,2563.0,1759.0,754.0,1795.0,768.0
0.0,4976.0,2554.0,2514.0,2563.0,2557.0,2557.0,1760.0,754.0,1786.0,768.0
0.0,4985.0,2540.0,2514.0,2557.0,2540.0,2540.0,1760.0,754.0,1779.0,761.0
0.0,5002.0,2523.0,2516.0,2540.0,2529.0,2529.0,1761.0,755.0,1766.0,757.0
0.0,5019.0,2512.0,2516.0,2529.0,2512.0,2512.0,1761.0,755.0,1759.0,753.0
0.0,5036.0,2500.0,2517.0,2512.0,2503.0,2503.0,1762.0,755.0,1750.0,750.0
0.0,5048.0,2505.0,2517.0,2503.0,2505.0,2505.0,1762.0,755.0,1752.0,753.0
0.0,5046.0,2506.0,2519.0,2505.0,2512.0,2512.0,1763.0,756.0,1754.0,752.0
0.0,5045.0,2522.0,2519.0,2512.0,2522.0,2522.0,1763.0,756.0,1766.0,756.0
0.0,5035.0,2534.0,2519.0,2522.0,2534.0,2534.0,1763.0,756.0,1774.0,760.0
0.0,5023.0,2556.0,2520.0,2534.0,2559.0,2559.0,1764.0,756.0,1788.0,768.0
0.0,5001.0,2563.0,2520.0,2559.0,2563.0,2563.0,1764.0,756.0,1794.0,769.0
0.0,4997.0,2569.0,2522.0,2563.0,2575.0,2575.0,1765.0,757.0,1798.0,771.0
0.0,4991.0,2572.0,2522.0,2575.0,2572.0,2572.0,1765.0,757.0,1801.0,771.0
0.0,4994.0,2560.0,2523.0,2572.0,2563.0,2563.0,1766.0,757.0,1792.0,768.0
0.0,5006.0,2549.0,2523.0,2563.0,2549.0,2549.0,1766.0,757.0,1785.0,764.0
0.0,5020.0,2534.0,2524.0,2549.0,2537.0,2537.0,1767.0,757.0,1772.0,762.0
0.0,5035.0,2520.0,2525.0,2537.0,2523.0,2523.0,1767.0,758.0,1765.0,755.0
0.0,5052.0,2509.0,2526.0,2523.0,2512.0,2512.0,1768.0,758.0,1756.0,753.0
0.0,5066.0,2511.0,2526.0,2512.0,2511.0,2511.0,1768.0,758.0,1759.0,752.0
0.0,5067.0,2514.0,2527.0,2511.0,2517.0,2517.0,1769.0,758.0,1760.0,754.0
0.0,5064.0,2533.0,2527.0,2517.0,2533.0,2533.0,1769.0,758.0,1772.0,761.0
0.0,5048.0,2543.0,2528.0,2533.0,2546.0,2546.0,1770.0,758.0,1780.0,763.0
0.0,5038.0,2562.0,2529.0,2546.0,2565.0,2565.0,1770.0,759.0,1794.0,768.0
0.0,5022.0,2572.0,2529.0,2565.0,2572.0,2572.0,1770.0,759.0,1800.0,772.0
0.0,5015.0,2581.0,2530.0,2572.0,2584.0,2584.0,1771.0,759.0,1808.0,773.0
0.0,5006.0,2580.0,2530.0,2584.0,2580.0,2580.0,1771.0,759.0,1804.0,776.0
0.0,5010.0,2569.0,2532.0,2580.0,2575.0,2575.0,1772.0,760.0,1798.0,771.0
0.0,5021.0,2558.0,2532.0,2575.0,2558.0,2558.0,1772.0,760.0,1791.0,767.0
0.0,5038.0,2540.0,2533.0,2558.0,2543.0,2543.0,1773.0,760.0,1778.0,762.0
0.0,5056.0,2529.0,2533.0,2543.0,2529.0,2529.0,1773.0,760.0,1771.0,758.0
0.0,5070.0,2520.0,2534.0,2529.0,2523.0,2523.0,1774.0,760.0,1762.0,758.0
0.0,5079.0,2520.0,2534.0,2523.0,2520.0,2520.0,1774.0,760.0,1765.0,755.0
0.0,5082.0,2523.0,2536.0,2520.0,2529.0,2529.0,1775.0,761.0,1766.0,757.0
0.0,5079.0,2539.0,2536.0,2529.0,2539.0,2539.0,1775.0,761.0,1778.0,761.0
0.0,5069.0,2552.0,2537.0,2539.0,2555.0,2555.0,1776.0,761.0,1786.0,766.0
0.0,5056.0,2573.0,2537.0,2555.0,2573.0,2573.0,1776.0,761.0,1800.0,773.0
0.0,5038.0,2580.0,2539.0,2573.0,2586.0,2586.0,1777.0,762.0,1806.0,774.0
0.0,5031.0,2590.0,2539.0,2586.0,2590.0,2590.0,1777.0,762.0,1814.0,776.0
0.0,5027.0,2586.0,2539.0,2590.0,2586.0,2586.0,1777.0,762.0,1810.0,776.0
0.0,5031.0,2580.0,2540.0,2586.0,2583.0,2583.0,1778.0,762.0,1807.0,773.0
0.0,5037.0,2567.0,2540.0,2583.0,2567.0,2567.0,1778.0,762.0,1795.0,772.0
0.0,5053.0,2549.0,2541.0,2567.0,2552.0,2552.0,1779.0,762.0,1784.0,765.0
0.0,5071.0,2538.0,2542.0,2552.0,2541.0,2541.0,1779.0,763.0,1777.0,761.0
0.0,5085.0,2526.0,2543.0,2541.0,2529.0,2529.0,1780.0,763.0,1768.0,758.0
0.0,5100.0,2529.0,2543.0,2529.0,2529.0,2529.0,1780.0,763.0,1771.0,758.0
0.0,5100.0,2535.0,2544.0,2529.0,2538.0,2538.0,1781.0,763.0,1772.0,763.0
0.0,5094.0,2547.0,2545.0,2538.0,2550.0,2550.0,1781.0,764.0,1784.0,763.0
0.0,5085.0,2560.0,2546.0,2550.0,2563.0,2563.0,1782.0,764.0,1792.0,768.0
0.0,5075.0,2579.0,2546.0,2563.0,2579.0,2579.0,1782.0,764.0,1806.0,773.0
0.0,5059.0,2589.0,2547.0,2579.0,2592.0,2592.0,1783.0,764.0,1812.0,777.0
0.0,5049.0,2602.0,2547.0,2592.0,2602.0,2602.0,1783.0,764.0,1820.0,782.0
0.0,5039.0,2594.0,2549.0,2602.0,2600.0,2600.0,1784.0,765.0,1816.0,778.0
0.0,5047.0,2589.0,2549.0,2600.0,2589.0,2589.0,1784.0,765.0,1813.0,776.0
0.0,5058.0,2573.0,2549.0,2589.0,2573.0,2573.0,1784.0,765.0,1801.0,772.0
0.0,5074.0,2560.0,2550.0,2573.0,2563.0,2563.0,1785.0,765.0,1793.0,767.0
0.0,5087.0,2547.0,2550.0,2563.0,2547.0,2547.0,1785.0,765.0,1781.0,766.0
0.0,5103.0,2535.0,2552.0,2547.0,2541.0,2541.0,1786.0,766.0,1774.0,761.0
0.0,5115.0,2537.0,2552.0,2541.0,2537.0,2537.0,1786.0,766.0,1777.0,760.0
0.0,5119.0,2540.0,2553.0,2537.0,2543.0,2543.0,1787.0,766.0,1778.0,762.0
0.0,5116.0,2556.0,2553.0,2543.0,2556.0,2556.0,1787.0,766.0,1790.0,766.0
0.0,5103.0,2572.0,2554.0,2556.0,2575.0,2575.0,1788.0,766.0,1798.0,774.0
0.0,5087.0,2588.0,2554.0,2575.0,2588.0,2588.0,1788.0,766.0,1812.0,776.0
0.0,5074.0,2597.0,2556.0,2588.0,2603.0,2603.0,1789.0,767.0,1818.0,779.0
0.0,5065.0,2607.0,2556.0,2603.0,2607.0,2607.0,1789.0,767.0,1826.0,781.0
0.0,5061.0,2603.0,2557.0,2607.0,2606.0,2606.0,1790.0,767.0,1822.0,781.0
0.0,5065.0,2600.0,2557.0,2606.0,2600.0,2600.0,1790.0,767.0,1819.0,781.0
0.0,5071.0,2581.0,2559.0,2600.0,2587.0,2587.0,1791.0,768.0,1807.0,774.0
0.0,5090.0,2569.0,2559.0,2587.0,2569.0,2569.0,1791.0,768.0,1799.0,770.0
0.0,5108.0,2553.0,2559.0,2569.0,2553.0,2553.0,1791.0,768.0,1787.0,766.0
0.0,5124.0,2547.0,2560.0,2553.0,2550.0,2550.0,1792.0,768.0,1784.0,763.0
0.0,5130.0,2546.0,2560.0,2550.0,2546.0,2546.0,1792.0,768.0,1780.0,766.0
0.0,5134.0,2552.0,2562.0,2546.0,2558.0,2558.0,1793.0,769.0,1787.0,765.0
0.0,5128.0,2562.0,2562.0,2558.0,2562.0,2562.0,1793.0,769.0,1793.0,769.0
0.0,5124.0,2577.0,2563.0,2562.0,2580.0,2580.0,1794.0,769.0,1804.0,773.0
0.0,5109.0,2597.0,2563.0,2580.0,2597.0,2597.0,1794.0,769.0,1819.0,778.0
0.0,5092.0,2609.0,2564.0,2597.0,2612.0,2612.0,1795.0,769.0,1824.0,785.0
0.0,5080.0,2616.0,2565.0,2612.0,2619.0,2619.0,1795.0,770.0,1832.0,784.0
0.0,5076.0,2612.0,2566.0,2619.0,2615.0,2615.0,1796.0,770.0,1828.0,784.0
0.0,5083.0,2606.0,2566.0,2615.0,2606.0,2606.0,1796.0,770.0,1825.0,781.0
0.0,5092.0,2593.0,2567.0,2606.0,2596.0,2596.0,1797.0,770.0,1813.0,780.0
0.0,5105.0,2577.0,2567.0,2596.0,2577.0,2577.0,1797.0,770.0,1805.0,772.0
0.0,5124.0,2561.0,2569.0,2577.0,2567.0,2567.0,1798.0,771.0,1793.0,768.0
0.0,5140.0,2556.0,2569.0,2567.0,2556.0,2556.0,1798.0,771.0,1790.0,766.0
0.0,5151.0,2551.0,2569.0,2556.0,2551.0,2551.0,1798.0,771.0,1786.0,765.0
0.0,5156.0,2560.0,2570.0,2551.0,2563.0,2563.0,1799.0,771.0,1793.0,767.0
0.0,5147.0,2573.0,2570.0,2563.0,2573.0,2573.0,1799.0,771.0,1799.0,774.0
0.0,5137.0,2586.0,2572.0,2573.0,2592.0,2592.0,1800.0,772.0,1810.0,776.0
0.0,5124.0,2606.0,2572.0,2592.0,2606.0,2606.0,1800.0,772.0,1825.0,781.0
0.0,5110.0,2615.0,2573.0,2606.0,2618.0,2618.0,1801.0,772.0,1830.0,785.0
0.0,5101.0,2624.0,2573.0,2618.0,2624.0,2624.0,1801.0,772.0,1838.0,786.0
0.0,5095.0,2623.0,2574.0,2624.0,2626.0,2626.0,1802.0,772.0,1834.0,789.0
0.0,5096.0,2615.0,2575.0,2626.0,2618.0,2618.0,1802.0,773.0,1831.0,784.0
0.0,5107.0,2599.0,2576.0,2618.0,2602.0,2602.0,1803.0,773.0,1819.0,780.0
0.0,5126.0,2586.0,2576.0,2602.0,2586.0,2586.0,1803.0,773.0,1811.0,775.0
0.0,5142.0,2570.0,2577.0,2586.0,2573.0,2573.0,1804.0,773.0,1799.0,771.0
0.0,5158.0,2567.0,2577.0,2573.0,2567.0,2567.0,1804.0,773.0,1796.0,771.0
0.0,5164.0,2560.0,2579.0,2567.0,2566.0,2566.0,1805.0,774.0,1792.0,768.0
0.0,5171.0,2569.0,2579.0,2566.0,2569.0,2569.0,1805.0,774.0,1799.0,770.0
0.0,5168.0,2579.0,2579.0,2569.0,2579.0,2579.0,1805.0,774.0,1805.0,774.0
0.0,5158.0,2598.0,2580.0,2579.0,2601.0,2601.0,1806.0,774.0,1819.0,779.0
0.0,5139.0,2614.0,2580.0,2601.0,2614.0,2614.0,1806.0,774.0,1828.0,786.0
0.0,5126.0,2627.0,2581.0,2614.0,2630.0,2630.0,1807.0,774.0,1840.0,787.0
0.0,5113.0,2630.0,2582.0,2630.0,2633.0,2633.0,1807.0,775.0,1841.0,789.0
0.0,5113.0,2629.0,2583.0,2633.0,2632.0,2632.0,1808.0,775.0,1840.0,789.0
0.0,5117.0,2623.0,2583.0,2632.0,2623.0,2623.0,1808.0,775.0,1837.0,786.0
0.0,5126.0,2610.0,2584.0,2623.0,2613.0,2613.0,1809.0,775.0,1825.0,785.0
0.0,5139.0,2595.0,2585.0,2613.0,2598.0,2598.0,1809.0,776.0,1817.0,778.0
0.0,5157.0,2579.0,2586.0,2598.0,2582.0,2582.0,1810.0,776.0,1805.0,774.0
0.0,5176.0,2573.0,2586.0,2582.0,2573.0,2573.0,1810.0,776.0,1802.0,771.0
0.0,5185.0,2569.0,2587.0,2573.0,2572.0,2572.0,1811.0,776.0,1798.0,771.0
0.0,5189.0,2581.0,2587.0,2572.0,2581.0,2581.0,1811.0,776.0,1805.0,776.0
0.0,5180.0,2587.0,2589.0,2581.0,2593.0,2593.0,1812.0,777.0,1811.0,776.0
0.0,5174.0,2607.0,2589.0,2593.0,2607.0,2607.0,1812.0,777.0,1826.0,781.0
0.0,5160.0,2620.0,2589.0,2607.0,2620.0,2620.0,1812.0,777.0,1834.0,786.0
0.0,5147.0,2636.0,2590.0,2620.0,2639.0,2639.0,1813.0,777.0,1846.0,790.0
0.0,5131.0,2642.0,2590.0,2639.0,2642.0,2642.0,1813.0,777.0,1847.0,795.0
0.0,5128.0,2640.0,2592.0,2642.0,2646.0,2646.0,1814.0,778.0,1849.0,791.0
0.0,5130.0,2629.0,2592.0,2646.0,2629.0,2629.0,1814.0,778.0,1840.0,789.0
0.0,5147.0,2616.0,2593.0,2629.0,2619.0,2619.0,1815.0,778.0,1831.0,785.0
0.0,5160.0,2606.0,2593.0,2619.0,2606.0,2606.0,1815.0,778.0,1823.0,783.0
0.0,5173.0,2587.0,2594.0,2606.0,2590.0,2590.0,1816.0,778.0,1811.0,776.0
0.0,5192.0,2582.0,2595.0,2590.0,2585.0,2585.0,1816.0,779.0,1808.0,774.0
0.0,5200.0,2577.0,2596.0,2585.0,2580.0,2580.0,1817.0,779.0,1804.0,773.0
0.0,5208.0,2587.0,2596.0,2580.0,2587.0,2587.0,1817.0,779.0,1812.0,775.0
0.0,5201.0,2596.0,2597.0,2587.0,2599.0,2599.0,1818.0,779.0,1817.0,779.0
0.0,5192.0,2619.0,2597.0,2599.0,2619.0,2619.0,1818.0,779.0,1832.0,787.0
0.0,5172.0,2629.0,2599.0,2619.0,2635.0,2635.0,1819.0,780.0,1840.0,789.0
0.0,5162.0,2644.0,2599.0,2635.0,2644.0,2644.0,1819.0,780.0,1852.0,792.0
0.0,5153.0,2647.0,2600.0,2644.0,2650.0,2650.0,1820.0,780.0,1853.0,794.0
0.0,5150.0,2649.0,2600.0,2650.0,2649.0,2649.0,1820.0,780.0,1855.0,794.0
0.0,5151.0,2640.0,2600.0,2649.0,2640.0,2640.0,1820.0,780.0,1846.0,794.0
0.0,5160.0,2627.0,2601.0,2640.0,2630.0,2630.0,1821.0,780.0,1840.0,787.0
0.0,5173.0,2609.0,2602.0,2630.0,2612.0,2612.0,1821.0,781.0,1826.0,783.0
0.0,5194.0,2596.0,2603.0,2612.0,2599.0,2599.0,1822.0,781.0,1817.0,779.0
0.0,5210.0,2590.0,2603.0,2599.0,2590.0,2590.0,1822.0,781.0,1814.0,776.0
0.0,5219.0,2589.0,2604.0,2590.0,2592.0,2592.0,1823.0,781.0,1810.0,779.0
0.0,5220.0,2596.0,2605.0,2592.0,2599.0,2599.0,1823.0,782.0,1818.0,778.0
0.0,5216.0,2605.0,2606.0,2599.0,2608.0,2608.0,1824.0,782.0,1823.0,782.0
0.0,5210.0,2624.0,2606.0,2608.0,2624.0,2624.0,1824.0,782.0,1838.0,786.0
0.0,5194.0,2640.0,2607.0,2624.0,2643.0,2643.0,1825.0,782.0,1846.0,794.0
0.0,5178.0,2653.0,2607.0,2643.0,2653.0,2653.0,1825.0,782.0,1858.0,795.0
0.0,5168.0,2656.0,2609.0,2653.0,2662.0,2662.0,1826.0,783.0,1859.0,797.0
0.0,5165.0,2658.0,2609.0,2662.0,2658.0,2658.0,1826.0,783.0,1861.0,797.0
0.0,5169.0,2646.0,2609.0,2658.0,2646.0,2646.0,1826.0,783.0,1852.0,794.0
0.0,5181.0,2636.0,2610.0,2646.0,2639.0,2639.0,1827.0,783.0,1846.0,790.0
0.0,5191.0,2620.0,2610.0,2639.0,2620.0,2620.0,1827.0,783.0,1832.0,788.0
0.0,5210.0,2604.0,2612.0,2620.0,2610.0,2610.0,1828.0,784.0,1823.0,781.0
0.0,5226.0,2599.0,2612.0,2610.0,2599.0,2599.0,1828.0,784.0,1820.0,779.0
0.0,5237.0,2594.0,2613.0,2599.0,2597.0,2597.0,1829.0,784.0,1816.0,778.0
0.0,5242.0,2604.0,2613.0,2597.0,2604.0,2604.0,1829.0,784.0,1824.0,780.0
0.0,5235.0,2617.0,2614.0,2604.0,2620.0,2620.0,1830.0,784.0,1830.0,787.0
0.0,5222.0,2633.0,2614.0,2620.0,2633.0,2633.0,1830.0,784.0,1844.0,789.0
0.0,5209.0,2646.0,2616.0,2633.0,2652.0,2652.0,1831.0,785.0,1852.0,794.0
0.0,5196.0,2662.0,2616.0,2652.0,2662.0,2662.0,1831.0,785.0,1864.0,798.0
0.0,5186.0,2664.0,2617.0,2662.0,2667.0,2667.0,1832.0,785.0,1865.0,799.0
0.0,5184.0,2670.0,2617.0,2667.0,2670.0,2670.0,1832.0,785.0,1868.0,802.0
0.0,5181.0,2655.0,2619.0,2670.0,2661.0,2661.0,1833.0,786.0,1858.0,797.0
0.0,5196.0,2645.0,2619.0,2661.0,2645.0,2645.0,1833.0,786.0,1852.0,793.0
0.0,5212.0,2626.0,2619.0,2645.0,2626.0,2626.0,1833.0,786.0,1838.0,788.0
0.0,5231.0,2616.0,2620.0,2626.0,2619.0,2619.0,1834.0,786.0,1832.0,784.0
0.0,5241.0,2607.0,2620.0,2619.0,2607.0,2607.0,1834.0,786.0,1823.0,784.0
0.0,5253.0,2603.0,2621.0,2607.0,2606.0,2606.0,1835.0,786.0,1822.0,781.0
0.0,5257.0,2613.0,2622.0,2606.0,2616.0,2616.0,1835.0,787.0,1830.0,783.0
0.0,5250.0,2623.0,2623.0,2616.0,2626.0,2626.0,1836.0,787.0,1836.0,787.0
0.0,5243.0,2642.0,2623.0,2626.0,2642.0,2642.0,1836.0,787.0,1850.0,792.0
0.0,5227.0,2657.0,2624.0,2642.0,2660.0,2660.0,1837.0,787.0,1858.0,799.0
0.0,5212.0,2670.0,2625.0,2660.0,2673.0,2673.0,1837.0,788.0,1870.0,800.0
0.0,5202.0,2673.0,2626.0,2673.0,2676.0,2676.0,1838.0,788.0,1871.0,802.0
0.0,5202.0,2676.0,2626.0,2676.0,2676.0,2676.0,1838.0,788.0,1874.0,802.0
0.0,5202.0,2664.0,2627.0,2676.0,2667.0,2667.0,1839.0,788.0,1865.0,799.0
0.0,5214.0,2656.0,2627.0,2667.0,2656.0,2656.0,1839.0,788.0,1858.0,798.0
0.0,5225.0,2635.0,2628.0,2656.0,2638.0,2638.0,1840.0,788.0,1844.0,791.0
0.0,5246.0,2625.0,2629.0,2638.0,2628.0,2628.0,1840.0,789.0,1838.0,787.0
0.0,5259.0,2613.0,2629.0,2628.0,2613.0,2613.0,1840.0,789.0,1829.0,784.0
0.0,5274.0,2615.0,2630.0,2613.0,2618.0,2618.0,1841.0,789.0,1831.0,784.0
0.0,5272.0,2622.0,2630.0,2618.0,2622.0,2622.0,1841.0,789.0,1833.0,789.0
0.0,5268.0,2631.0,2632.0,2622.0,2637.0,2637.0,1842.0,790.0,1842.0,789.0
0.0,5259.0,2650.0,2632.0,2637.0,2650.0,2650.0,1842.0,790.0,1856.0,794.0
0.0,5246.0,2663.0,2633.0,2650.0,2666.0,2666.0,1843.0,790.0,1864.0,799.0
0.0,5233.0,2679.0,2633.0,2666.0,2679.0,2679.0,1843.0,790.0,1876.0,803.0
0.0,5220.0,2685.0,2634.0,2679.0,2688.0,2688.0,1844.0,790.0,1877.0,808.0
0.0,5214.0,2684.0,2635.0,2688.0,2687.0,2687.0,1844.0,791.0,1880.0,804.0
0.0,5218.0,2673.0,2636.0,2687.0,2676.0,2676.0,1845.0,791.0,1871.0,802.0
0.0,5232.0,2662.0,2636.0,2676.0,2662.0,2662.0,1845.0,791.0,1864.0,798.0
0.0,5246.0,2644.0,2637.0,2662.0,2647.0,2647.0,1846.0,791.0,1851.0,793.0
0.0,5264.0,2636.0,2637.0,2647.0,2636.0,2636.0,1846.0,791.0,1844.0,792.0
0.0,5275.0,2622.0,2639.0,2636.0,2628.0,2628.0,1847.0,792.0,1835.0,787.0
0.0,5289.0,2623.0,2639.0,2628.0,2623.0,2623.0,1847.0,792.0,1837.0,786.0
0.0,5294.0,2627.0,2639.0,2623.0,2627.0,2627.0,1847.0,792.0,1839.0,788.0
0.0,5290.0,2643.0,2640.0,2627.0,2646.0,2646.0,1848.0,792.0,1851.0,792.0
0.0,5274.0,2659.0,2640.0,2646.0,2659.0,2659.0,1848.0,792.0,1859.0,800.0
0.0,5261.0,2675.0,2641.0,2659.0,2678.0,2678.0,1849.0,792.0,1873.0,802.0
0.0,5245.0,2684.0,2642.0,2678.0,2687.0,2687.0,1849.0,793.0,1879.0,805.0
0.0,5239.0,2690.0,2643.0,2687.0,2693.0,2693.0,1850.0,793.0,1883.0,807.0
0.0,5236.0,2693.0,2643.0,2693.0,2693.0,2693.0,1850.0,793.0,1886.0,807.0
0.0,5236.0,2684.0,2644.0,2693.0,2687.0,2687.0,1851.0,793.0,1877.0,807.0
0.0,5245.0,2670.0,2645.0,2687.0,2673.0,2673.0,1851.0,794.0,1870.0,800.0
0.0,5262.0,2653.0,2646.0,2673.0,2656.0,2656.0,1852.0,794.0,1857.0,796.0
0.0,5282.0,2642.0,2646.0,2656.0,2642.0,2642.0,1852.0,794.0,1850.0,792.0
0.0,5296.0,2630.0,2647.0,2642.0,2633.0,2633.0,1853.0,794.0,1841.0,789.0
0.0,5308.0,2635.0,2647.0,2633.0,2635.0,2635.0,1853.0,794.0,1843.0,792.0
0.0,5306.0,2636.0,2649.0,2635.0,2642.0,2642.0,1854.0,795.0,1845.0,791.0
0.0,5305.0,2652.0,2649.0,2642.0,2652.0,2652.0,1854.0,795.0,1857.0,795.0
0.0,5295.0,2664.0,2649.0,2652.0,2664.0,2664.0,1854.0,795.0,1865.0,799.0
0.0,5283.0,2683.0,2650.0,2664.0,2686.0,2686.0,1855.0,795.0,1879.0,804.0
0.0,5264.0,2696.0,2650.0,2686.0,2696.0,2696.0,1855.0,795.0,1885.0,811.0
0.0,5254.0,2699.0,2652.0,2696.0,2705.0,2705.0,1856.0,796.0,1889.0,810.0
0.0,5251.0,2702.0,2652.0,2705.0,2702.0,2702.0,1856.0,796.0,1892.0,810.0
0.0,5254.0,2690.0,2653.0,2702.0,2693.0,2693.0,1857.0,796.0,1883.0,807.0
0.0,5266.0,2682.0,2653.0,2693.0,2682.0,2682.0,1857.0,796.0,1876.0,806.0
0.0,5277.0,2661.0,2654.0,2682.0,2664.0,2664.0,1858.0,796.0,1863.0,798.0
0.0,5298.0,2650.0,2655.0,2664.0,2653.0,2653.0,1858.0,797.0,1856.0,794.0
0.0,5312.0,2639.0,2656.0,2653.0,2642.0,2642.0,1859.0,797.0,1847.0,792.0
0.0,5326.0,2641.0,2656.0,2642.0,2641.0,2641.0,1859.0,797.0,1850.0,791.0
0.0,5327.0,2644.0,2657.0,2641.0,2647.0,2647.0,1860.0,797.0,1851.0,793.0
0.0,5324.0,2663.0,2657.0,2647.0,2663.0,2663.0,1860.0,797.0,1863.0,800.0
0.0,5308.0,2673.0,2659.0,2663.0,2679.0,2679.0,1861.0,798.0,1871.0,802.0
0.0,5298.0,2692.0,2659.0,2679.0,2692.0,2692.0,1861.0,798.0,1885.0,807.0
0.0,5285.0,2702.0,2659.0,2692.0,2702.0,2702.0,1861.0,798.0,1891.0,811.0
0.0,5275.0,2711.0,2660.0,2702.0,2714.0,2714.0,1862.0,798.0,1899.0,812.0
0.0,5266.0,2710.0,2660.0,2714.0,2710.0,2710.0,1862.0,798.0,1895.0,815.0
0.0,5270.0,2699.0,2662.0,2710.0,2705.0,2705.0,1863.0,799.0,1889.0,810.0
0.0,5281.0,2688.0,2662.0,2705.0,2688.0,2688.0,1863.0,799.0,1882.0,806.0
0.0,5298.0,2670.0,2663.0,2688.0,2673.0,2673.0,1864.0,799.0,1869.0,801.0
0.0,5316.0,2659.0,2663.0,2673.0,2659.0,2659.0,1864.0,799.0,1862.0,797.0
0.0,5330.0,2650.0,2664.0,2659.0,2653.0,2653.0,1865.0,799.0,1853.0,797.0
0.0,5339.0,2650.0,2665.0,2653.0,2653.0,2653.0,1865.0,800.0,1856.0,794.0
0.0,5342.0,2653.0,2666.0,2653.0,2656.0,2656.0,1866.0,800.0,1857.0,796.0
0.0,5342.0,2669.0,2666.0,2656.0,2669.0,2669.0,1866.0,800.0,1869.0,800.0
0.0,5329.0,2682.0,2667.0,2669.0,2685.0,2685.0,1867.0,800.0,1877.0,805.0
0.0,5316.0,2703.0,2667.0,2685.0,2703.0,2703.0,1867.0,800.0,1891.0,812.0
0.0,5298.0,2710.0,2668.0,2703.0,2713.0,2713.0,1868.0,800.0,1897.0,813.0
0.0,5291.0,2720.0,2669.0,2713.0,2723.0,2723.0,1868.0,801.0,1905.0,815.0
0.0,5284.0,2716.0,2669.0,2723.0,2716.0,2716.0,1868.0,801.0,1901.0,815.0
0.0,5291.0,2710.0,2670.0,2716.0,2713.0,2713.0,1869.0,801.0,1898.0,812.0
0.0,5297.0,2697.0,2670.0,2713.0,2697.0,2697.0,1869.0,801.0,1886.0,811.0
0.0,5313.0,2679.0,2672.0,2697.0,2685.0,2685.0,1870.0,802.0,1875.0,804.0
0.0,5331.0,2668.0,2672.0,2685.0,2668.0,2668.0,1870.0,802.0,1868.0,800.0
0.0,5348.0,2656.0,2673.0,2668.0,2659.0,2659.0,1871.0,802.0,1859.0,797.0
0.0,5360.0,2659.0,2673.0,2659.0,2659.0,2659.0,1871.0,802.0,1862.0,797.0
0.0,5360.0,2665.0,2674.0,2659.0,2668.0,2668.0,1872.0,802.0,1863.0,802.0
0.0,5354.0,2677.0,2675.0,2668.0,2680.0,2680.0,1872.0,803.0,1875.0,802.0
0.0,5345.0,2690.0,2676.0,2680.0,2693.0,2693.0,1873.0,803.0,1883.0,807.0
0.0,5335.0,2709.0,2676.0,2693.0,2709.0,2709.0,1873.0,803.0,1897.0,812.0
0.0,5319.0,2719.0,2677.0,2709.0,2722.0,2722.0,1874.0,803.0,1903.0,816.0
0.0,5309.0,2732.0,2677.0,2722.0,2732.0,2732.0,1874.0,803.0,1911.0,821.0
0.0,5299.0,2724.0,2679.0,2732.0,2730.0,2730.0,1875.0,804.0,1907.0,817.0
0.0,5307.0,2719.0,2679.0,2730.0,2719.0,2719.0,1875.0,804.0,1904.0,815.0
0.0,5318.0,2703.0,2679.0,2719.0,2703.0,2703.0,1875.0,804.0,1892.0,811.0
0.0,5334.0,2693.0,2680.0,2703.0,2696.0,2696.0,1876.0,804.0,1884.0,809.0
0.0,5344.0,2674.0,2680.0,2696.0,2674.0,2674.0,1876.0,804.0,1872.0,802.0
0.0,5366.0,2665.0,2682.0,2674.0,2671.0,2671.0,1877.0,805.0,1865.0,800.0
0.0,5375.0,2667.0,2682.0,2671.0,2667.0,2667.0,1877.0,805.0,1868.0,799.0
0.0,5379.0,2670.0,2683.0,2667.0,2673.0,2673.0,1878.0,805.0,1869.0,801.0
0.0,5376.0,2686.0,2683.0,2673.0,2686.0,2686.0,1878.0,805.0,1881.0,805.0
0.0,5363.0,2702.0,2684.0,2686.0,2705.0,2705.0,1879.0,805.0,1889.0,813.0
0.0,5347.0,2718.0,2685.0,2705.0,2721.0,2721.0,1879.0,806.0,1903.0,815.0
0.0,5334.0,2727.0,2686.0,2721.0,2730.0,2730.0,1880.0,806.0,1909.0,818.0
0.0,5328.0,2737.0,2686.0,2730.0,2737.0,2737.0,1880.0,806.0,1917.0,820.0
0.0,5321.0,2733.0,2687.0,2737.0,2736.0,2736.0,1881.0,806.0,1913.0,820.0
0.0,5325.0,2730.0,2687.0,2736.0,2730.0,2730.0,1881.0,806.0,1910.0,820.0
0.0,5331.0,2711.0,2688.0,2730.0,2714.0,2714.0,1882.0,806.0,1898.0,813.0
0.0,5350.0,2699.0,2689.0,2714.0,2702.0,2702.0,1882.0,807.0,1890.0,809.0
0.0,5365.0,2683.0,2689.0,2702.0,2683.0,2683.0,1882.0,807.0,1878.0,805.0
0.0,5384.0,2677.0,2690.0,2683.0,2680.0,2680.0,1883.0,807.0,1875.0,802.0
0.0,5390.0,2676.0,2690.0,2680.0,2676.0,2676.0,1883.0,807.0,1871.0,805.0
0.0,5394.0,2679.0,2692.0,2676.0,2685.0,2685.0,1884.0,808.0,1875.0,804.0
0.0,5391.0,2695.0,2692.0,2685.0,2695.0,2695.0,1884.0,808.0,1887.0,808.0
0.0,5381.0,2707.0,2693.0,2695.0,2710.0,2710.0,1885.0,808.0,1895.0,812.0
0.0,5369.0,2730.0,2693.0,2710.0,2730.0,2730.0,1885.0,808.0,1910.0,820.0
0.0,5349.0,2736.0,2694.0,2730.0,2739.0,2739.0,1886.0,808.0,1915.0,821.0
0.0,5343.0,2746.0,2695.0,2739.0,2749.0,2749.0,1886.0,809.0,1923.0,823.0
0.0,5336.0,2742.0,2696.0,2749.0,2745.0,2745.0,1887.0,809.0,1919.0,823.0
0.0,5343.0,2736.0,2696.0,2745.0,2736.0,2736.0,1887.0,809.0,1916.0,820.0
0.0,5352.0,2720.0,2697.0,2736.0,2723.0,2723.0,1888.0,809.0,1904.0,816.0
0.0,5368.0,2710.0,2697.0,2723.0,2710.0,2710.0,1888.0,809.0,1896.0,814.0
0.0,5381.0,2691.0,2699.0,2710.0,2697.0,2697.0,1889.0,810.0,1884.0,807.0
0.0,5400.0,2686.0,2699.0,2697.0,2686.0,2686.0,1889.0,810.0,1881.0,805.0
0.0,5411.0,2681.0,2700.0,2686.0,2684.0,2684.0,1890.0,810.0,1877.0,804.0
0.0,5416.0,2690.0,2700.0,2684.0,2690.0,2690.0,1890.0,810.0,1884.0,806.0
0.0,5410.0,2703.0,2700.0,2690.0,2703.0,2703.0,1890.0,810.0,1890.0,813.0
0.0,5397.0,2719.0,2701.0,2703.0,2722.0,2722.0,1891.0,810.0,1904.0,815.0
0.0,5381.0,2733.0,2702.0,2722.0,2736.0,2736.0,1891.0,811.0,1913.0,820.0
0.0,5370.0,2745.0,2703.0,2736.0,2748.0,2748.0,1892.0,811.0,1921.0,824.0
0.0,5361.0,2754.0,2703.0,2748.0,2754.0,2754.0,1892.0,811.0,1929.0,825.0
0.0,5355.0,2753.0,2704.0,2754.0,2756.0,2756.0,1893.0,811.0,1925.0,828.0
0.0,5356.0,2745.0,2705.0,2756.0,2748.0,2748.0,1893.0,812.0,1922.0,823.0
0.0,5367.0,2729.0,2706.0,2748.0,2732.0,2732.0,1894.0,812.0,1910.0,819.0
0.0,5386.0,2716.0,2706.0,2732.0,2716.0,2716.0,1894.0,812.0,1902.0,814.0
0.0,5402.0,2700.0,2707.0,2716.0,2703.0,2703.0,1895.0,812.0,1890.0,810.0
0.0,5418.0,2697.0,2707.0,2703.0,2697.0,2697.0,1895.0,812.0,1887.0,810.0
0.0,5424.0,2690.0,2708.0,2697.0,2693.0,2693.0,1896.0,812.0,1883.0,807.0
0.0,5431.0,2699.0,2709.0,2693.0,2702.0,2702.0,1896.0,813.0,1890.0,809.0
0.0,5425.0,2709.0,2709.0,2702.0,2709.0,2709.0,1896.0,813.0,1896.0,813.0
0.0,5418.0,2728.0,2710.0,2709.0,2731.0,2731.0,1897.0,813.0,1910.0,818.0
0.0,5399.0,2744.0,2710.0,2731.0,2744.0,2744.0,1897.0,813.0,1919.0,825.0
0.0,5386.0,2757.0,2712.0,2744.0,2763.0,2763.0,1898.0,814.0,1931.0,826.0
0.0,5373.0,2760.0,2712.0,2763.0,2760.0,2760.0,1898.0,814.0,1932.0,828.0
0.0,5376.0,2759.0,2713.0,2760.0,2762.0,2762.0,1899.0,814.0,1931.0,828.0
0.0,5377.0,2753.0,2713.0,2762.0,2753.0,2753.0,1899.0,814.0,1928.0,825.0
0.0,5386.0,2740.0,2714.0,2753.0,2743.0,2743.0,1900.0,814.0,1916.0,824.0
0.0,5399.0,2725.0,2714.0,2743.0,2725.0,2725.0,1900.0,814.0,1908.0,817.0
0.0,5417.0,2709.0,2716.0,2725.0,2715.0,2715.0,1901.0,815.0,1896.0,813.0
0.0,5433.0,2703.0,2716.0,2715.0,2703.0,2703.0,1901.0,815.0,1893.0,810.0
0.0,5445.0,2699.0,2717.0,2703.0,2702.0,2702.0,1902.0,815.0,1889.0,810.0
0.0,5449.0,2711.0,2717.0,2702.0,2711.0,2711.0,1902.0,815.0,1896.0,815.0
0.0,5440.0,2717.0,2719.0,2711.0,2723.0,2723.0,1903.0,816.0,1902.0,815.0
0.0,5434.0,2737.0,2719.0,2723.0,2737.0,2737.0,1903.0,816.0,1917.0,820.0
0.0,5420.0,2750.0,2720.0,2737.0,2753.0,2753.0,1904.0,816.0,1925.0,825.0
0.0,5407.0,2766.0,2720.0,2753.0,2766.0,2766.0,1904.0,816.0,1937.0,829.0
0.0,5394.0,2772.0,2720.0,2766.0,2772.0,2772.0,1904.0,816.0,1938.0,834.0
0.0,5388.0,2770.0,2722.0,2772.0,2776.0,2776.0,1905.0,817.0,1940.0,830.0
0.0,5390.0,2759.0,2722.0,2776.0,2759.0,2759.0,1905.0,817.0,1931.0,828.0
0.0,5407.0,2746.0,2723.0,2759.0,2749.0,2749.0,1906.0,817.0,1922.0,824.0
0.0,5420.0,2733.0,2723.0,2749.0,2733.0,2733.0,1906.0,817.0,1914.0,819.0
0.0,5436.0,2720.0,2724.0,2733.0,2723.0,2723.0,1907.0,817.0,1902.0,818.0
0.0,5449.0,2712.0,2725.0,2723.0,2715.0,2715.0,1907.0,818.0,1899.0,813.0
0.0,5460.0,2707.0,2726.0,2715.0,2710.0,2710.0,1908.0,818.0,1895.0,812.0
0.0,5468.0,2717.0,2726.0,2710.0,2717.0,2717.0,1908.0,818.0,1903.0,814.0
0.0,5461.0,2726.0,2727.0,2717.0,2729.0,2729.0,1909.0,818.0,1908.0,818.0
0.0,5452.0,2749.0,2727.0,2729.0,2749.0,2749.0,1909.0,818.0,1923.0,826.0
0.0,5432.0,2759.0,2728.0,2749.0,2762.0,2762.0,1910.0,818.0,1931.0,828.0
0.0,5422.0,2774.0,2729.0,2762.0,2777.0,2777.0,1910.0,819.0,1943.0,831.0
0.0,5410.0,2777.0,2729.0,2777.0,2777.0,2777.0,1910.0,819.0,1944.0,833.0
0.0,5410.0,2779.0,2730.0,2777.0,2782.0,2782.0,1911.0,819.0,1946.0,833.0
0.0,5408.0,2770.0,2730.0,2782.0,2770.0,2770.0,1911.0,819.0,1937.0,833.0
0.0,5420.0,2754.0,2732.0,2770.0,2760.0,2760.0,1912.0,820.0,1928.0,826.0
0.0,5436.0,2742.0,2732.0,2760.0,2742.0,2742.0,1912.0,820.0,1920.0,822.0
0.0,5454.0,2726.0,2733.0,2742.0,2729.0,2729.0,1913.0,820.0,1908.0,818.0
0.0,5470.0,2720.0,2733.0,2729.0,2720.0,2720.0,1913.0,820.0,1905.0,815.0
0.0,5479.0,2719.0,2734.0,2720.0,2722.0,2722.0,1914.0,820.0,1901.0,818.0
0.0,5480.0,2726.0,2735.0,2722.0,2729.0,2729.0,1914.0,821.0,1909.0,817.0
0.0,5476.0,2735.0,2736.0,2729.0,2738.0,2738.0,1915.0,821.0,1914.0,821.0
0.0,5470.0,2754.0,2736.0,2738.0,2754.0,2754.0,1915.0,821.0,1929.0,825.0
0.0,5454.0,2767.0,2737.0,2754.0,2770.0,2770.0,1916.0,821.0,1937.0,830.0
0.0,5441.0,2786.0,2737.0,2770.0,2786.0,2786.0,1916.0,821.0,1949.0,837.0
0.0,5425.0,2786.0,2739.0,2786.0,2792.0,2792.0,1917.0,822.0,1950.0,836.0
0.0,5425.0,2788.0,2739.0,2792.0,2788.0,2788.0,1917.0,822.0,1952.0,836.0
0.0,5429.0,2776.0,2739.0,2788.0,2776.0,2776.0,1917.0,822.0,1943.0,833.0
0.0,5441.0,2769.0,2740.0,2776.0,2772.0,2772.0,1918.0,822.0,1937.0,832.0
0.0,5448.0,2747.0,2740.0,2772.0,2747.0,2747.0,1918.0,822.0,1923.0,824.0
0.0,5473.0,2734.0,2742.0,2747.0,2740.0,2740.0,1919.0,823.0,1914.0,820.0
0.0,5486.0,2729.0,2742.0,2740.0,2729.0,2729.0,1919.0,823.0,1911.0,818.0
0.0,5497.0,2724.0,2743.0,2729.0,2727.0,2727.0,1920.0,823.0,1907.0,817.0
0.0,5502.0,2734.0,2743.0,2727.0,2734.0,2734.0,1920.0,823.0,1915.0,819.0
0.0,5495.0,2747.0,2744.0,2734.0,2750.0,2750.0,1921.0,823.0,1921.0,826.0
0.0,5482.0,2763.0,2745.0,2750.0,2766.0,2766.0,1921.0,824.0,1935.0,828.0
0.0,5469.0,2776.0,2746.0,2766.0,2779.0,2779.0,1922.0,824.0,1943.0,833.0
0.0,5459.0,2792.0,2746.0,2779.0,2792.0,2792.0,1922.0,824.0,1955.0,837.0
0.0,5446.0,2794.0,2747.0,2792.0,2797.0,2797.0,1923.0,824.0,1956.0,838.0
0.0,5444.0,2800.0,2747.0,2797.0,2800.0,2800.0,1923.0,824.0,1959.0,841.0
0.0,5441.0,2785.0,2749.0,2800.0,2791.0,2791.0,1924.0,825.0,1949.0,836.0
0.0,5456.0,2775.0,2749.0,2791.0,2775.0,2775.0,1924.0,825.0,1943.0,832.0
0.0,5472.0,2756.0,2749.0,2775.0,2756.0,2756.0,1924.0,825.0,1929.0,827.0
0.0,5491.0,2746.0,2750.0,2756.0,2749.0,2749.0,1925.0,825.0,1923.0,823.0
0.0,5501.0,2737.0,2750.0,2749.0,2737.0,2737.0,1925.0,825.0,1914.0,823.0
0.0,5513.0,2733.0,2752.0,2737.0,2739.0,2739.0,1926.0,826.0,1913.0,820.0
0.0,5517.0,2743.0,2752.0,2739.0,2743.0,2743.0,1926.0,826.0,1921.0,822.0
0.0,5513.0,2753.0,2753.0,2743.0,2756.0,2756.0,1927.0,826.0,1927.0,826.0
0.0,5503.0,2772.0,2753.0,2756.0,2772.0,2772.0,1927.0,826.0,1941.0,831.0
0.0,5487.0,2787.0,2754.0,2772.0,2790.0,2790.0,1928.0,826.0,1949.0,838.0
0.0,5472.0,2800.0,2754.0,2790.0,2800.0,2800.0,1928.0,826.0,1961.0,839.0
0.0,5462.0,2803.0,2756.0,2800.0,2809.0,2809.0,1929.0,827.0,1962.0,841.0
0.0,5459.0,2806.0,2756.0,2809.0,2806.0,2806.0,1929.0,827.0,1965.0,841.0
0.0,5462.0,2794.0,2757.0,2806.0,2797.0,2797.0,1930.0,827.0,1956.0,838.0
0.0,5474.0,2786.0,2757.0,2797.0,2786.0,2786.0,1930.0,827.0,1949.0,837.0
0.0,5485.0,2765.0,2759.0,2786.0,2771.0,2771.0,1931.0,828.0,1935.0,830.0
0.0,5506.0,2755.0,2759.0,2771.0,2755.0,2755.0,1931.0,828.0,1929.0,826.0
0.0,5522.0,2743.0,2759.0,2755.0,2743.0,2743.0,1931.0,828.0,1920.0,823.0
0.0,5534.0,2745.0,2760.0,2743.0,2748.0,2748.0,1932.0,828.0,1922.0,823.0
0.0,5532.0,2752.0,2760.0,2748.0,2752.0,2752.0,1932.0,828.0,1924.0,828.0
0.0,5528.0,2764.0,2762.0,2752.0,2770.0,2770.0,1933.0,829.0,1936.0,828.0
0.0,5516.0,2777.0,2762.0,2770.0,2777.0,2777.0,1933.0,829.0,1944.0,833.0
0.0,5509.0,2793.0,2763.0,2777.0,2796.0,2796.0,1934.0,829.0,1955.0,838.0
0.0,5493.0,2809.0,2763.0,2796.0,2809.0,2809.0,1934.0,829.0,1967.0,842.0
0.0,5480.0,2815.0,2764.0,2809.0,2818.0,2818.0,1935.0,829.0,1968.0,847.0
0.0,5474.0,2814.0,2765.0,2818.0,2817.0,2817.0,1935.0,830.0,1971.0,843.0
0.0,5478.0,2803.0,2766.0,2817.0,2806.0,2806.0,1936.0,830.0,1962.0,841.0
0.0,5492.0,2792.0,2766.0,2806.0,2792.0,2792.0,1936.0,830.0,1955.0,837.0
0.0,5506.0,2777.0,2767.0,2792.0,2780.0,2780.0,1937.0,830.0,1942.0,835.0
0.0,5521.0,2763.0,2767.0,2780.0,2763.0,2763.0,1937.0,830.0,1935.0,828.0
0.0,5538.0,2752.0,2769.0,2763.0,2758.0,2758.0,1938.0,831.0,1926.0,826.0
0.0,5549.0,2753.0,2769.0,2758.0,2753.0,2753.0,1938.0,831.0,1928.0,825.0
0.0,5554.0,2757.0,2769.0,2753.0,2757.0,2757.0,1938.0,831.0,1930.0,827.0
0.0,5550.0,2773.0,2770.0,2757.0,2776.0,2776.0,1939.0,831.0,1942.0,831.0
0.0,5534.0,2789.0,2770.0,2776.0,2789.0,2789.0,1939.0,831.0,1950.0,839.0
0.0,5521.0,2802.0,2772.0,2789.0,2808.0,2808.0,1940.0,832.0,1961.0,841.0
0.0,5508.0,2817.0,2772.0,2808.0,2817.0,2817.0,1940.0,832.0,1973.0,844.0
0.0,5499.0,2820.0,2773.0,2817.0,2823.0,2823.0,1941.0,832.0,1974.0,846.0
0.0,5496.0,2823.0,2773.0,2823.0,2823.0,2823.0,1941.0,832.0,1977.0,846.0
0.0,5496.0,2814.0,2774.0,2823.0,2817.0,2817.0,1942.0,832.0,1968.0,846.0
0.0,5505.0,2800.0,2774.0,2817.0,2800.0,2800.0,1942.0,832.0,1961.0,839.0
0.0,5522.0,2783.0,2776.0,2800.0,2789.0,2789.0,1943.0,833.0,1948.0,835.0
0.0,5539.0,2772.0,2776.0,2789.0,2772.0,2772.0,1943.0,833.0,1941.0,831.0
0.0,5556.0,2760.0,2777.0,2772.0,2763.0,2763.0,1944.0,833.0,1932.0,828.0
0.0,5568.0,2765.0,2777.0,2763.0,2765.0,2765.0,1944.0,833.0,1934.0,831.0
0.0,5566.0,2766.0,2779.0,2765.0,2772.0,2772.0,1945.0,834.0,1936.0,830.0
0.0,5565.0,2782.0,2779.0,2772.0,2782.0,2782.0,1945.0,834.0,1948.0,834.0
0.0,5555.0,2794.0,2779.0,2782.0,2794.0,2794.0,1945.0,834.0,1956.0,838.0
0.0,5543.0,2816.0,2780.0,2794.0,2819.0,2819.0,1946.0,834.0,1970.0,846.0
0.0,5521.0,2823.0,2780.0,2819.0,2823.0,2823.0,1946.0,834.0,1976.0,847.0
0.0,5517.0,2829.0,2782.0,2823.0,2835.0,2835.0,1947.0,835.0,1980.0,849.0
0.0,5511.0,2832.0,2782.0,2835.0,2832.0,2832.0,1947.0,835.0,1983.0,849.0
0.0,5514.0,2820.0,2783.0,2832.0,2823.0,2823.0,1948.0,835.0,1974.0,846.0
0.0,5526.0,2809.0,2783.0,2823.0,2809.0,2809.0,1948.0,835.0,1967.0,842.0
0.0,5540.0,2794.0,2784.0,2809.0,2797.0,2797.0,1949.0,835.0,1954.0,840.0
0.0,5555.0,2780.0,2785.0,2797.0,2783.0,2783.0,1949.0,836.0,1947.0,833.0
0.0,5572.0,2769.0,2786.0,2783.0,2772.0,2772.0,1950.0,836.0,1938.0,831.0
0.0,5586.0,2771.0,2786.0,2772.0,2771.0,2771.0,1950.0,836.0,1941.0,830.0
0.0,5587.0,2774.0,2787.0,2771.0,2777.0,2777.0,1951.0,836.0,1942.0,832.0
0.0,5584.0,2793.0,2787.0,2777.0,2793.0,2793.0,1951.0,836.0,1954.0,839.0
0.0,5568.0,2803.0,2788.0,2793.0,2806.0,2806.0,1952.0,836.0,1962.0,841.0
0.0,5558.0,2822.0,2789.0,2806.0,2825.0,2825.0,1952.0,837.0,1976.0,846.0
0.0,5542.0,2832.0,2789.0,2825.0,2832.0,2832.0,1952.0,837.0,1982.0,850.0
0.0,5535.0,2841.0,2790.0,2832.0,2844.0,2844.0,1953.0,837.0,1990.0,851.0
0.0,5526.0,2840.0,2790.0,2844.0,2840.0,2840.0,1953.0,837.0,1986.0,854.0
0.0,5530.0,2829.0,2792.0,2840.0,2835.0,2835.0,1954.0,838.0,1980.0,849.0
0.0,5541.0,2818.0,2792.0,2835.0,2818.0,2818.0,1954.0,838.0,1973.0,845.0
0.0,5558.0,2800.0,2793.0,2818.0,2803.0,2803.0,1955.0,838.0,1960.0,840.0
0.0,5576.0,2789.0,2793.0,2803.0,2789.0,2789.0,1955.0,838.0,1953.0,836.0
0.0,5590.0,2780.0,2794.0,2789.0,2783.0,2783.0,1956.0,838.0,1944.0,836.0
0.0,5599.0,2780.0,2794.0,2783.0,2780.0,2780.0,1956.0,838.0,1947.0,833.0
0.0,5602.0,2783.0,2796.0,2780.0,2789.0,2789.0,1957.0,839.0,1948.0,835.0
0.0,5599.0,2799.0,2796.0,2789.0,2799.0,2799.0,1957.0,839.0,1960.0,839.0
0.0,5589.0,2812.0,2797.0,2799.0,2815.0,2815.0,1958.0,839.0,1968.0,844.0
0.0,5576.0,2833.0,2797.0,2815.0,2833.0,2833.0,1958.0,839.0,1982.0,851.0
0.0,5558.0,2840.0,2799.0,2833.0,2846.0,2846.0,1959.0,840.0,1988.0,852.0
0.0,5551.0,2850.0,2799.0,2846.0,2850.0,2850.0,1959.0,840.0,1996.0,854.0
0.0,5547.0,2846.0,2799.0,2850.0,2846.0,2846.0,1959.0,840.0,1992.0,854.0
0.0,5551.0,2840.0,2800.0,2846.0,2843.0,2843.0,1960.0,840.0,1989.0,851.0
0.0,5557.0,2826.0,2800.0,2843.0,2826.0,2826.0,1960.0,840.0,1976.0,850.0
0.0,5574.0,2809.0,2801.0,2826.0,2812.0,2812.0,1961.0,840.0,1966.0,843.0
0.0,5591.0,2798.0,2802.0,2812.0,2801.0,2801.0,1961.0,841.0,1959.0,839.0
0.0,5605.0,2786.0,2803.0,2801.0,2789.0,2789.0,1962.0,841.0,1950.0,836.0
0.0,5620.0,2789.0,2803.0,2789.0,2789.0,2789.0,1962.0,841.0,1953.0,836.0
0.0,5620.0,2795.0,2804.0,2789.0,2798.0,2798.0,1963.0,841.0,1954.0,841.0
0.0,5614.0,2807.0,2805.0,2798.0,2810.0,2810.0,1963.0,842.0,1966.0,841.0
0.0,5605.0,2820.0,2806.0,2810.0,2823.0,2823.0,1964.0,842.0,1974.0,846.0
0.0,5595.0,2839.0,2806.0,2823.0,2839.0,2839.0,1964.0,842.0,1988.0,851.0
0.0,5579.0,2849.0,2807.0,2839.0,2852.0,2852.0,1965.0,842.0,1994.0,855.0
0.0,5569.0,2862.0,2807.0,2852.0,2862.0,2862.0,1965.0,842.0,2002.0,860.0
0.0,5559.0,2854.0,2809.0,2862.0,2860.0,2860.0,1966.0,843.0,1998.0,856.0
0.0,5567.0,2849.0,2809.0,2860.0,2849.0,2849.0,1966.0,843.0,1995.0,854.0
0.0,5578.0,2833.0,2809.0,2849.0,2833.0,2833.0,1966.0,843.0,1983.0,850.0
0.0,5594.0,2820.0,2810.0,2833.0,2823.0,2823.0,1967.0,843.0,1975.0,845.0
0.0,5607.0,2807.0,2810.0,2823.0,2807.0,2807.0,1967.0,843.0,1963.0,844.0
0.0,5623.0,2795.0,2812.0,2807.0,2801.0,2801.0,1968.0,844.0,1956.0,839.0
0.0,5635.0,2797.0,2812.0,2801.0,2797.0,2797.0,1968.0,844.0,1959.0,838.0
0.0,5639.0,2800.0,2813.0,2797.0,2803.0,2803.0,1969.0,844.0,1960.0,840.0
0.0,5636.0,2816.0,2813.0,2803.0,2816.0,2816.0,1969.0,844.0,1972.0,844.0
0.0,5623.0,2832.0,2814.0,2816.0,2835.0,2835.0,1970.0,844.0,1980.0,852.0
0.0,5607.0,2848.0,2814.0,2835.0,2848.0,2848.0,1970.0,844.0,1994.0,854.0
0.0,5594.0,2857.0,2816.0,2848.0,2863.0,2863.0,1971.0,845.0,2000.0,857.0
0.0,5585.0,2867.0,2816.0,2863.0,2867.0,2867.0,1971.0,845.0,2008.0,859.0
0.0,5581.0,2863.0,2817.0,2867.0,2866.0,2866.0,1972.0,845.0,2004.0,859.0
0.0,5585.0,2860.0,2817.0,2866.0,2860.0,2860.0,1972.0,845.0,2001.0,859.0
0.0,5591.0,2841.0,2819.0,2860.0,2847.0,2847.0,1973.0,846.0,1989.0,852.0
0.0,5610.0,2829.0,2819.0,2847.0,2829.0,2829.0,1973.0,846.0,1981.0,848.0
0.0,5628.0,2813.0,2819.0,2829.0,2813.0,2813.0,1973.0,846.0,1969.0,844.0
0.0,5644.0,2807.0,2820.0,2813.0,2810.0,2810.0,1974.0,846.0,1966.0,841.0
0.0,5650.0,2806.0,2820.0,2810.0,2806.0,2806.0,1974.0,846.0,1962.0,844.0
0.0,5654.0,2809.0,2822.0,2806.0,2815.0,2815.0,1975.0,847.0,1966.0,843.0
0.0,5651.0,2825.0,2822.0,2815.0,2825.0,2825.0,1975.0,847.0,1978.0,847.0
0.0,5641.0,2837.0,2823.0,2825.0,2840.0,2840.0,1976.0,847.0,1986.0,851.0
0.0,5629.0,2856.0,2823.0,2840.0,2856.0,2856.0,1976.0,847.0,2000.0,856.0
0.0,5613.0,2869.0,2824.0,2856.0,2872.0,2872.0,1977.0,847.0,2006.0,863.0
0.0,5600.0,2876.0,2825.0,2872.0,2879.0,2879.0,1977.0,848.0,2014.0,862.0
0.0,5596.0,2872.0,2826.0,2879.0,2875.0,2875.0,1978.0,848.0,2010.0,862.0
0.0,5603.0,2866.0,2826.0,2875.0,2866.0,2866.0,1978.0,848.0,2007.0,859.0
0.0,5612.0,2853.0,2827.0,2866.0,2856.0,2856.0,1979.0,848.0,1995.0,858.0
0.0,5625.0,2837.0,2827.0,2856.0,2837.0,2837.0,1979.0,848.0,1987.0,850.0
0.0,5644.0,2821.0,2829.0,2837.0,2827.0,2827.0,1980.0,849.0,1975.0,846.0
0.0,5660.0,2816.0,2829.0,2827.0,2816.0,2816.0,1980.0,849.0,1972.0,844.0
0.0,5671.0,2811.0,2829.0,2816.0,2811.0,2811.0,1980.0,849.0,1968.0,843.0
0.0,5676.0,2820.0,2830.0,2811.0,2823.0,2823.0,1981.0,849.0,1975.0,845.0
0.0,5667.0,2833.0,2830.0,2823.0,2833.0,2833.0,1981.0,849.0,1981.0,852.0
0.0,5657.0,2846.0,2832.0,2833.0,2852.0,2852.0,1982.0,850.0,1992.0,854.0
0.0,5644.0,2866.0,2832.0,2852.0,2866.0,2866.0,1982.0,850.0,2007.0,859.0
0.0,5630.0,2875.0,2833.0,2866.0,2878.0,2878.0,1983.0,850.0,2012.0,863.0
0.0,5621.0,2884.0,2833.0,2878.0,2884.0,2884.0,1983.0,850.0,2020.0,864.0
0.0,5615.0,2883.0,2834.0,2884.0,2886.0,2886.0,1984.0,850.0,2016.0,867.0
0.0,5616.0,2875.0,2835.0,2886.0,2878.0,2878.0,1984.0,851.0,2013.0,862.0
0.0,5627.0,2859.0,2836.0,2878.0,2862.0,2862.0,1985.0,851.0,2001.0,858.0
0.0,5646.0,2846.0,2836.0,2862.0,2846.0,2846.0,1985.0,851.0,1993.0,853.0
0.0,5662.0,2830.0,2837.0,2846.0,2833.0,2833.0,1986.0,851.0,1981.0,849.0
0.0,5678.0,2827.0,2837.0,2833.0,2827.0,2827.0,1986.0,851.0,1978.0,849.0
0.0,5684.0,2820.0,2839.0,2827.0,2826.0,2826.0,1987.0,852.0,1974.0,846.0
0.0,5691.0,2829.0,2839.0,2826.0,2829.0,2829.0,1987.0,852.0,1981.0,848.0
0.0,5688.0,2839.0,2839.0,2829.0,2839.0,2839.0,1987.0,852.0,1987.0,852.0
0.0,5678.0,2858.0,2840.0,2839.0,2861.0,2861.0,1988.0,852.0,2001.0,857.0
0.0,5659.0,2874.0,2840.0,2861.0,2874.0,2874.0,1988.0,852.0,2010.0,864.0
0.0,5646.0,2883.0,2841.0,2874.0,2886.0,2886.0,1989.0,852.0,2018.0,865.0
0.0,5637.0,2893.0,2842.0,2886.0,2896.0,2896.0,1989.0,853.0,2026.0,867.0
0.0,5630.0,2889.0,2843.0,2896.0,2892.0,2892.0,1990.0,853.0,2022.0,867.0
0.0,5637.0,2883.0,2843.0,2892.0,2883.0,2883.0,1990.0,853.0,2019.0,864.0
0.0,5646.0,2870.0,2844.0,2883.0,2873.0,2873.0,1991.0,853.0,2007.0,863.0
0.0,5659.0,2855.0,2845.0,2873.0,2858.0,2858.0,1991.0,854.0,1999.0,856.0
0.0,5677.0,2839.0,2846.0,2858.0,2842.0,2842.0,1992.0,854.0,1987.0,852.0
0.0,5696.0,2833.0,2846.0,2842.0,2833.0,2833.0,1992.0,854.0,1984.0,849.0
0.0,5705.0,2829.0,2847.0,2833.0,2832.0,2832.0,1993.0,854.0,1980.0,849.0
0.0,5709.0,2841.0,2847.0,2832.0,2841.0,2841.0,1993.0,854.0,1987.0,854.0
0.0,5700.0,2847.0,2849.0,2841.0,2853.0,2853.0,1994.0,855.0,1993.0,854.0
0.0,5694.0,2866.0,2849.0,2853.0,2866.0,2866.0,1994.0,855.0,2007.0,859.0
0.0,5681.0,2880.0,2849.0,2866.0,2880.0,2880.0,1994.0,855.0,2016.0,864.0
0.0,5667.0,2896.0,2850.0,2880.0,2899.0,2899.0,1995.0,855.0,2028.0,868.0
0.0,5651.0,2902.0,2850.0,2899.0,2902.0,2902.0,1995.0,855.0,2029.0,873.0
0.0,5648.0,2897.0,2852.0,2902.0,2903.0,2903.0,1996.0,856.0,2028.0,869.0
0.0,5653.0,2892.0,2852.0,2903.0,2892.0,2892.0,1996.0,856.0,2025.0,867.0
0.0,5664.0,2876.0,2853.0,2892.0,2879.0,2879.0,1997.0,856.0,2013.0,863.0
0.0,5680.0,2866.0,2853.0,2879.0,2866.0,2866.0,1997.0,856.0,2005.0,861.0
0.0,5693.0,2847.0,2854.0,2866.0,2850.0,2850.0,1998.0,856.0,1993.0,854.0
0.0,5712.0,2842.0,2855.0,2850.0,2845.0,2845.0,1998.0,857.0,1990.0,852.0
0.0,5720.0,2837.0,2856.0,2845.0,2840.0,2840.0,1999.0,857.0,1986.0,851.0
0.0,5728.0,2846.0,2856.0,2840.0,2846.0,2846.0,1999.0,857.0,1993.0,853.0
0.0,5722.0,2856.0,2857.0,2846.0,2859.0,2859.0,2000.0,857.0,1999.0,857.0
0.0,5712.0,2879.0,2857.0,2859.0,2879.0,2879.0,2000.0,857.0,2014.0,865.0
0.0,5692.0,2889.0,2858.0,2879.0,2892.0,2892.0,2000.0,858.0,2022.0,867.0
0.0,5682.0,2904.0,2859.0,2892.0,2907.0,2907.0,2001.0,858.0,2034.0,870.0
0.0,5670.0,2907.0,2859.0,2907.0,2907.0,2907.0,2001.0,858.0,2035.0,872.0
0.0,5670.0,2909.0,2860.0,2907.0,2912.0,2912.0,2002.0,858.0,2037.0,872.0
0.0,5668.0,2900.0,2860.0,2912.0,2900.0,2900.0,2002.0,858.0,2028.0,872.0
0.0,5680.0,2884.0,2861.0,2900.0,2887.0,2887.0,2003.0,858.0,2019.0,865.0
0.0,5696.0,2872.0,2862.0,2887.0,2875.0,2875.0,2003.0,859.0,2011.0,861.0
0.0,5711.0,2856.0,2863.0,2875.0,2859.0,2859.0,2004.0,859.0,1999.0,857.0
0.0,5730.0,2850.0,2863.0,2859.0,2850.0,2850.0,2004.0,859.0,1996.0,854.0
0.0,5739.0,2849.0,2864.0,2850.0,2852.0,2852.0,2005.0,859.0,1992.0,857.0
0.0,5740.0,2856.0,2865.0,2852.0,2859.0,2859.0,2005.0,860.0,2000.0,856.0
0.0,5736.0,2865.0,2866.0,2859.0,2868.0,2868.0,2006.0,860.0,2005.0,860.0
0.0,5730.0,2884.0,2866.0,2868.0,2884.0,2884.0,2006.0,860.0,2020.0,864.0
0.0,5714.0,2900.0,2867.0,2884.0,2903.0,2903.0,2007.0,860.0,2028.0,872.0
0.0,5698.0,2913.0,2867.0,2903.0,2913.0,2913.0,2007.0,860.0,2040.0,873.0
0.0,5688.0,2916.0,2869.0,2913.0,2922.0,2922.0,2008.0,861.0,2041.0,875.0
0.0,5685.0,2918.0,2869.0,2922.0,2918.0,2918.0,2008.0,861.0,2043.0,875.0
0.0,5689.0,2906.0,2869.0,2918.0,2906.0,2906.0,2008.0,861.0,2034.0,872.0
0.0,5701.0,2896.0,2870.0,2906.0,2899.0,2899.0,2009.0,861.0,2028.0,868.0
0.0,5711.0,2880.0,2870.0,2899.0,2880.0,2880.0,2009.0,861.0,2014.0,866.0
0.0,5730.0,2864.0,2872.0,2880.0,2870.0,2870.0,2010.0,862.0,2005.0,859.0
0.0,5746.0,2859.0,2872.0,2870.0,2859.0,2859.0,2010.0,862.0,2002.0,857.0
0.0,5757.0,2854.0,2873.0,2859.0,2857.0,2857.0,2011.0,862.0,1998.0,856.0
0.0,5762.0,2864.0,2873.0,2857.0,2864.0,2864.0,2011.0,862.0,2006.0,858.0
0.0,5755.0,2876.0,2874.0,2864.0,2879.0,2879.0,2012.0,862.0,2011.0,865.0
0.0,5743.0,2893.0,2874.0,2879.0,2893.0,2893.0,2012.0,862.0,2026.0,867.0
0.0,5729.0,2906.0,2876.0,2893.0,2912.0,2912.0,2013.0,863.0,2034.0,872.0
0.0,5716.0,2922.0,2876.0,2912.0,2922.0,2922.0,2013.0,863.0,2046.0,876.0
0.0,5706.0,2924.0,2877.0,2922.0,2927.0,2927.0,2014.0,863.0,2047.0,877.0
0.0,5704.0,2929.0,2877.0,2927.0,2929.0,2929.0,2014.0,863.0,2049.0,880.0
0.0,5702.0,2915.0,2878.0,2929.0,2918.0,2918.0,2014.0,864.0,2040.0,875.0
0.0,5716.0,2905.0,2879.0,2918.0,2908.0,2908.0,2015.0,864.0,2034.0,871.0
0.0,5729.0,2886.0,2879.0,2908.0,2886.0,2886.0,2015.0,864.0,2020.0,866.0
0.0,5751.0,2873.0,2880.0,2886.0,2876.0,2876.0,2016.0,864.0,2011.0,862.0
0.0,5764.0,2870.0,2880.0,2876.0,2870.0,2870.0,2016.0,864.0,2008.0,862.0
0.0,5770.0,2863.0,2881.0,2870.0,2866.0,2866.0,2017.0,864.0,2004.0,859.0
0.0,5777.0,2873.0,2882.0,2866.0,2876.0,2876.0,2017.0,865.0,2012.0,861.0
0.0,5770.0,2883.0,2883.0,2876.0,2886.0,2886.0,2018.0,865.0,2018.0,865.0
0.0,5763.0,2902.0,2883.0,2886.0,2902.0,2902.0,2018.0,865.0,2032.0,870.0
0.0,5747.0,2917.0,2884.0,2902.0,2920.0,2920.0,2019.0,865.0,2040.0,877.0
0.0,5732.0,2930.0,2885.0,2920.0,2933.0,2933.0,2019.0,866.0,2052.0,878.0
0.0,5722.0,2933.0,2886.0,2933.0,2936.0,2936.0,2020.0,866.0,2053.0,880.0
0.0,5722.0,2936.0,2886.0,2936.0,2936.0,2936.0,2020.0,866.0,2056.0,880.0
0.0,5722.0,2923.0,2887.0,2936.0,2926.0,2926.0,2021.0,866.0,2046.0,877.0
0.0,5735.0,2916.0,2887.0,2926.0,2916.0,2916.0,2021.0,866.0,2040.0,876.0
0.0,5745.0,2895.0,2887.0,2916.0,2895.0,2895.0,2021.0,866.0,2026.0,869.0
0.0,5766.0,2885.0,2889.0,2895.0,2891.0,2891.0,2022.0,867.0,2020.0,865.0
0.0,5776.0,2873.0,2889.0,2891.0,2873.0,2873.0,2022.0,867.0,2011.0,862.0
0.0,5794.0,2872.0,2890.0,2873.0,2875.0,2875.0,2023.0,867.0,2010.0,862.0
0.0,5795.0,2885.0,2890.0,2875.0,2885.0,2885.0,2023.0,867.0,2018.0,867.0
0.0,5785.0,2891.0,2892.0,2885.0,2897.0,2897.0,2024.0,868.0,2024.0,867.0
0.0,5779.0,2910.0,2892.0,2897.0,2910.0,2910.0,2024.0,868.0,2038.0,872.0
0.0,5766.0,2923.0,2893.0,2910.0,2926.0,2926.0,2025.0,868.0,2046.0,877.0
0.0,5753.0,2939.0,2893.0,2926.0,2939.0,2939.0,2025.0,868.0,2058.0,881.0
0.0,5740.0,2945.0,2894.0,2939.0,2948.0,2948.0,2026.0,868.0,2059.0,886.0
0.0,5734.0,2944.0,2895.0,2948.0,2947.0,2947.0,2026.0,869.0,2062.0,882.0
0.0,5738.0,2933.0,2896.0,2947.0,2936.0,2936.0,2027.0,869.0,2053.0,880.0
0.0,5752.0,2922.0,2896.0,2936.0,2922.0,2922.0,2027.0,869.0,2046.0,876.0
0.0,5766.0,2903.0,2897.0,2922.0,2906.0,2906.0,2028.0,869.0,2032.0,871.0
0.0,5785.0,2896.0,2897.0,2906.0,2896.0,2896.0,2028.0,869.0,2026.0,870.0
0.0,5795.0,2882.0,2898.0,2896.0,2885.0,2885.0,2028.0,870.0,2017.0,865.0
0.0,5809.0,2883.0,2899.0,2885.0,2886.0,2886.0,2029.0,870.0,2019.0,864.0
0.0,5811.0,2887.0,2899.0,2886.0,2887.0,2887.0,2029.0,870.0,2021.0,866.0
0.0,5810.0,2900.0,2900.0,2887.0,2903.0,2903.0,2030.0,870.0,2030.0,870.0
0.0,5797.0,2922.0,2900.0,2903.0,2922.0,2922.0,2030.0,870.0,2044.0,878.0
0.0,5778.0,2932.0,2901.0,2922.0,2935.0,2935.0,2031.0,870.0,2052.0,880.0
0.0,5768.0,2947.0,2902.0,2935.0,2950.0,2950.0,2031.0,871.0,2064.0,883.0
0.0,5756.0,2950.0,2903.0,2950.0,2953.0,2953.0,2032.0,871.0,2065.0,885.0
0.0,5756.0,2953.0,2903.0,2953.0,2953.0,2953.0,2032.0,871.0,2068.0,885.0
0.0,5756.0,2944.0,2904.0,2953.0,2947.0,2947.0,2033.0,871.0,2059.0,885.0
0.0,5765.0,2930.0,2905.0,2947.0,2933.0,2933.0,2033.0,872.0,2052.0,878.0
0.0,5782.0,2913.0,2906.0,2933.0,2916.0,2916.0,2034.0,872.0,2039.0,874.0
0.0,5802.0,2902.0,2906.0,2916.0,2902.0,2902.0,2034.0,872.0,2032.0,870.0
0.0,5816.0,2890.0,2907.0,2902.0,2893.0,2893.0,2035.0,872.0,2023.0,867.0
0.0,5828.0,2895.0,2907.0,2893.0,2895.0,2895.0,2035.0,872.0,2025.0,870.0
0.0,5826.0,2896.0,2908.0,2895.0,2899.0,2899.0,2035.0,873.0,2027.0,869.0
0.0,5825.0,2912.0,2909.0,2899.0,2915.0,2915.0,2036.0,873.0,2039.0,873.0
0.0,5812.0,2924.0,2909.0,2915.0,2924.0,2924.0,2036.0,873.0,2047.0,877.0
0.0,5803.0,2943.0,2910.0,2924.0,2946.0,2946.0,2037.0,873.0,2061.0,882.0
0.0,5784.0,2956.0,2910.0,2946.0,2956.0,2956.0,2037.0,873.0,2067.0,889.0
0.0,5774.0,2959.0,2912.0,2956.0,2965.0,2965.0,2038.0,874.0,2071.0,888.0
0.0,5771.0,2962.0,2912.0,2965.0,2962.0,2962.0,2038.0,874.0,2074.0,888.0
0.0,5774.0,2950.0,2913.0,2962.0,2953.0,2953.0,2039.0,874.0,2065.0,885.0
0.0,5786.0,2942.0,2913.0,2953.0,2942.0,2942.0,2039.0,874.0,2058.0,884.0
0.0,5797.0,2921.0,2914.0,2942.0,2924.0,2924.0,2040.0,874.0,2045.0,876.0
0.0,5818.0,2910.0,2915.0,2924.0,2913.0,2913.0,2040.0,875.0,2038.0,872.0
0.0,5832.0,2899.0,2916.0,2913.0,2902.0,2902.0,2041.0,875.0,2029.0,870.0
0.0,5846.0,2901.0,2916.0,2902.0,2901.0,2901.0,2041.0,875.0,2032.0,869.0
0.0,5847.0,2904.0,2917.0,2901.0,2907.0,2907.0,2042.0,875.0,2033.0,871.0
0.0,5844.0,2923.0,2917.0,2907.0,2923.0,2923.0,2042.0,875.0,2045.0,878.0
0.0,5828.0,2933.0,2918.0,2923.0,2936.0,2936.0,2042.0,876.0,2053.0,880.0
0.0,5818.0,2952.0,2919.0,2936.0,2955.0,2955.0,2043.0,876.0,2067.0,885.0
0.0,5802.0,2962.0,2919.0,2955.0,2962.0,2962.0,2043.0,876.0,2073.0,889.0
0.0,5795.0,2971.0,2920.0,2962.0,2974.0,2974.0,2044.0,876.0,2081.0,890.0
0.0,5786.0,2970.0,2920.0,2974.0,2970.0,2970.0,2044.0,876.0,2077.0,893.0
0.0,5790.0,2959.0,2922.0,2970.0,2965.0,2965.0,2045.0,877.0,2071.0,888.0
0.0,5801.0,2948.0,2922.0,2965.0,2948.0,2948.0,2045.0,877.0,2064.0,884.0
0.0,5818.0,2930.0,2923.0,2948.0,2933.0,2933.0,2046.0,877.0,2051.0,879.0
0.0,5836.0,2919.0,2923.0,2933.0,2919.0,2919.0,2046.0,877.0,2044.0,875.0
0.0,5850.0,2910.0,2924.0,2919.0,2913.0,2913.0,2047.0,877.0,2035.0,875.0
0.0,5859.0,2910.0,2925.0,2913.0,2913.0,2913.0,2047.0,878.0,2038.0,872.0
0.0,5862.0,2913.0,2926.0,2913.0,2916.0,2916.0,2048.0,878.0,2039.0,874.0
0.0,5862.0,2929.0,2926.0,2916.0,2929.0,2929.0,2048.0,878.0,2051.0,878.0
0.0,5849.0,2942.0,2927.0,2929.0,2945.0,2945.0,2049.0,878.0,2059.0,883.0
0.0,5836.0,2963.0,2927.0,2945.0,2963.0,2963.0,2049.0,878.0,2073.0,890.0
0.0,5818.0,2970.0,2928.0,2963.0,2973.0,2973.0,2050.0,878.0,2079.0,891.0
0.0,5811.0,2980.0,2929.0,2973.0,2983.0,2983.0,2050.0,879.0,2087.0,893.0
0.0,5804.0,2976.0,2929.0,2983.0,2976.0,2976.0,2050.0,879.0,2083.0,893.0
0.0,5811.0,2970.0,2930.0,2976.0,2973.0,2973.0,2051.0,879.0,2080.0,890.0
0.0,5817.0,2956.0,2930.0,2973.0,2956.0,2956.0,2051.0,879.0,2067.0,889.0
0.0,5834.0,2939.0,2932.0,2956.0,2945.0,2945.0,2052.0,880.0,2057.0,882.0
0.0,5851.0,2928.0,2932.0,2945.0,2928.0,2928.0,2052.0,880.0,2050.0,878.0
0.0,5868.0,2916.0,2933.0,2928.0,2919.0,2919.0,2053.0,880.0,2041.0,875.0
0.0,5880.0,2919.0,2933.0,2919.0,2919.0,2919.0,2053.0,880.0,2044.0,875.0
0.0,5880.0,2925.0,2934.0,2919.0,2928.0,2928.0,2054.0,880.0,2045.0,880.0
0.0,5874.0,2937.0,2935.0,2928.0,2940.0,2940.0,2054.0,881.0,2057.0,880.0
0.0,5865.0,2950.0,2936.0,2940.0,2953.0,2953.0,2055.0,881.0,2065.0,885.0
0.0,5855.0,2969.0,2936.0,2953.0,2969.0,2969.0,2055.0,881.0,2079.0,890.0
0.0,5839.0,2979.0,2937.0,2969.0,2982.0,2982.0,2056.0,881.0,2085.0,894.0
0.0,5829.0,2992.0,2937.0,2982.0,2992.0,2992.0,2056.0,881.0,2093.0,899.0
0.0,5819.0,2984.0,2938.0,2992.0,2987.0,2987.0,2056.0,882.0,2089.0,895.0
0.0,5827.0,2979.0,2939.0,2987.0,2982.0,2982.0,2057.0,882.0,2086.0,893.0
0.0,5835.0,2963.0,2939.0,2982.0,2963.0,2963.0,2057.0,882.0,2074.0,889.0
0.0,5854.0,2953.0,2940.0,2963.0,2956.0,2956.0,2058.0,882.0,2066.0,887.0
0.0,5864.0,2933.0,2940.0,2956.0,2933.0,2933.0,2058.0,882.0,2053.0,880.0
0.0,5887.0,2925.0,2942.0,2933.0,2931.0,2931.0,2059.0,883.0,2047.0,878.0
0.0,5895.0,2927.0,2942.0,2931.0,2927.0,2927.0,2059.0,883.0,2050.0,877.0
0.0,5899.0,2930.0,2943.0,2927.0,2933.0,2933.0,2060.0,883.0,2051.0,879.0
0.0,5896.0,2946.0,2943.0,2933.0,2946.0,2946.0,2060.0,883.0,2063.0,883.0
0.0,5883.0,2962.0,2944.0,2946.0,2965.0,2965.0,2061.0,883.0,2071.0,891.0
0.0,5867.0,2978.0,2945.0,2965.0,2981.0,2981.0,2061.0,884.0,2085.0,893.0
0.0,5854.0,2987.0,2946.0,2981.0,2990.0,2990.0,2062.0,884.0,2091.0,896.0
0.0,5848.0,2997.0,2946.0,2990.0,2997.0,2997.0,2062.0,884.0,2099.0,898.0
0.0,5841.0,2993.0,2947.0,2997.0,2996.0,2996.0,2063.0,884.0,2095.0,898.0
0.0,5845.0,2990.0,2947.0,2996.0,2990.0,2990.0,2063.0,884.0,2092.0,898.0
0.0,5851.0,2971.0,2948.0,2990.0,2974.0,2974.0,2064.0,884.0,2080.0,891.0
0.0,5870.0,2959.0,2949.0,2974.0,2962.0,2962.0,2064.0,885.0,2072.0,887.0
0.0,5885.0,2943.0,2949.0,2962.0,2943.0,2943.0,2064.0,885.0,2060.0,883.0
0.0,5904.0,2936.0,2950.0,2943.0,2939.0,2939.0,2065.0,885.0,2056.0,880.0
0.0,5911.0,2936.0,2950.0,2939.0,2936.0,2936.0,2065.0,885.0,2053.0,883.0
0.0,5914.0,2939.0,2952.0,2936.0,2945.0,2945.0,2066.0,886.0,2057.0,882.0
0.0,5911.0,2955.0,2952.0,2945.0,2955.0,2955.0,2066.0,886.0,2069.0,886.0
0.0,5901.0,2967.0,2953.0,2955.0,2970.0,2970.0,2067.0,886.0,2077.0,890.0
0.0,5889.0,2989.0,2953.0,2970.0,2989.0,2989.0,2067.0,886.0,2091.0,898.0
0.0,5870.0,2996.0,2954.0,2989.0,2999.0,2999.0,2068.0,886.0,2097.0,899.0
0.0,5863.0,3006.0,2955.0,2999.0,3009.0,3009.0,2068.0,887.0,2105.0,901.0
0.0,5856.0,3002.0,2956.0,3009.0,3005.0,3005.0,2069.0,887.0,2101.0,901.0
0.0,5863.0,2996.0,2956.0,3005.0,2996.0,2996.0,2069.0,887.0,2098.0,898.0
0.0,5872.0,2980.0,2957.0,2996.0,2983.0,2983.0,2070.0,887.0,2086.0,894.0
0.0,5888.0,2970.0,2957.0,2983.0,2970.0,2970.0,2070.0,887.0,2078.0,892.0
0.0,5901.0,2951.0,2958.0,2970.0,2954.0,2954.0,2070.0,888.0,2066.0,885.0
0.0,5920.0,2946.0,2959.0,2954.0,2949.0,2949.0,2071.0,888.0,2063.0,883.0
0.0,5928.0,2941.0,2959.0,2949.0,2941.0,2941.0,2071.0,888.0,2059.0,882.0
0.0,5936.0,2947.0,2960.0,2941.0,2950.0,2950.0,2072.0,888.0,2063.0,884.0
0.0,5930.0,2966.0,2960.0,2950.0,2966.0,2966.0,2072.0,888.0,2075.0,891.0
0.0,5914.0,2976.0,2961.0,2966.0,2979.0,2979.0,2073.0,888.0,2083.0,893.0
0.0,5904.0,2996.0,2962.0,2979.0,2999.0,2999.0,2073.0,889.0,2098.0,898.0
0.0,5887.0,3005.0,2963.0,2999.0,3008.0,3008.0,2074.0,889.0,2103.0,902.0
0.0,5881.0,3014.0,2963.0,3008.0,3014.0,3014.0,2074.0,889.0,2111.0,903.0
0.0,5875.0,3013.0,2964.0,3014.0,3016.0,3016.0,2075.0,889.0,2107.0,906.0
0.0,5876.0,3005.0,2965.0,3016.0,3008.0,3008.0,2075.0,890.0,2104.0,901.0
0.0,5887.0,2989.0,2966.0,3008.0,2992.0,2992.0,2076.0,890.0,2092.0,897.0
0.0,5906.0,2976.0,2966.0,2992.0,2976.0,2976.0,2076.0,890.0,2084.0,892.0
0.0,5922.0,2960.0,2967.0,2976.0,2963.0,2963.0,2077.0,890.0,2072.0,888.0
0.0,5938.0,2957.0,2967.0,2963.0,2957.0,2957.0,2077.0,890.0,2069.0,888.0
0.0,5944.0,2950.0,2968.0,2957.0,2953.0,2953.0,2078.0,890.0,2065.0,885.0
0.0,5951.0,2959.0,2969.0,2953.0,2962.0,2962.0,2078.0,891.0,2072.0,887.0
0.0,5945.0,2969.0,2969.0,2962.0,2969.0,2969.0,2078.0,891.0,2078.0,891.0
0.0,5938.0,2988.0,2970.0,2969.0,2991.0,2991.0,2079.0,891.0,2092.0,896.0
0.0,5919.0,3004.0,2970.0,2991.0,3004.0,3004.0,2079.0,891.0,2101.0,903.0
0.0,5906.0,3013.0,2972.0,3004.0,3019.0,3019.0,2080.0,892.0,2109.0,904.0
0.0,5897.0,3023.0,2972.0,3019.0,3023.0,3023.0,2080.0,892.0,2117.0,906.0
0.0,5893.0,3019.0,2973.0,3023.0,3022.0,3022.0,2081.0,892.0,2113.0,906.0
0.0,5897.0,3013.0,2973.0,3022.0,3013.0,3013.0,2081.0,892.0,2110.0,903.0
0.0,5906.0,3000.0,2974.0,3013.0,3003.0,3003.0,2082.0,892.0,2098.0,902.0
0.0,5919.0,2985.0,2974.0,3003.0,2985.0,2985.0,2082.0,892.0,2090.0,895.0
0.0,5937.0,2969.0,2976.0,2985.0,2975.0,2975.0,2083.0,893.0,2078.0,891.0
0.0,5953.0,2963.0,2976.0,2975.0,2963.0,2963.0,2083.0,893.0,2075.0,888.0
0.0,5965.0,2959.0,2977.0,2963.0,2962.0,2962.0,2084.0,893.0,2071.0,888.0
0.0,5969.0,2971.0,2977.0,2962.0,2971.0,2971.0,2084.0,893.0,2078.0,893.0
0.0,5960.0,2977.0,2978.0,2971.0,2980.0,2980.0,2084.0,894.0,2084.0,893.0
0.0,5954.0,2996.0,2979.0,2980.0,2999.0,2999.0,2085.0,894.0,2098.0,898.0
0.0,5938.0,3010.0,2979.0,2999.0,3010.0,3010.0,2085.0,894.0,2107.0,903.0
0.0,5927.0,3026.0,2980.0,3010.0,3029.0,3029.0,2086.0,894.0,2119.0,907.0
0.0,5911.0,3032.0,2980.0,3029.0,3032.0,3032.0,2086.0,894.0,2120.0,912.0
0.0,5908.0,3027.0,2982.0,3032.0,3033.0,3033.0,2087.0,895.0,2119.0,908.0
0.0,5913.0,3022.0,2982.0,3033.0,3022.0,3022.0,2087.0,895.0,2116.0,906.0
0.0,5924.0,3006.0,2983.0,3022.0,3009.0,3009.0,2088.0,895.0,2104.0,902.0
0.0,5940.0,2993.0,2983.0,3009.0,2993.0,2993.0,2088.0,895.0,2096.0,897.0
0.0,5956.0,2980.0,2984.0,2993.0,2983.0,2983.0,2089.0,895.0,2084.0,896.0
0.0,5969.0,2972.0,2985.0,2983.0,2975.0,2975.0,2089.0,896.0,2081.0,891.0
0.0,5980.0,2967.0,2986.0,2975.0,2970.0,2970.0,2090.0,896.0,2077.0,890.0
0.0,5988.0,2976.0,2986.0,2970.0,2976.0,2976.0,2090.0,896.0,2084.0,892.0
0.0,5982.0,2986.0,2987.0,2976.0,2989.0,2989.0,2091.0,896.0,2090.0,896.0
0.0,5972.0,3009.0,2987.0,2989.0,3009.0,3009.0,2091.0,896.0,2105.0,904.0
0.0,5952.0,3019.0,2988.0,3009.0,3022.0,3022.0,2092.0,896.0,2113.0,906.0
0.0,5942.0,3034.0,2989.0,3022.0,3037.0,3037.0,2092.0,897.0,2125.0,909.0
0.0,5930.0,3037.0,2989.0,3037.0,3037.0,3037.0,2092.0,897.0,2126.0,911.0
0.0,5930.0,3039.0,2990.0,3037.0,3042.0,3042.0,2093.0,897.0,2128.0,911.0
0.0,5928.0,3030.0,2990.0,3042.0,3030.0,3030.0,2093.0,897.0,2119.0,911.0
0.0,5940.0,3014.0,2992.0,3030.0,3020.0,3020.0,2094.0,898.0,2110.0,904.0
0.0,5956.0,3002.0,2992.0,3020.0,3002.0,3002.0,2094.0,898.0,2102.0,900.0
0.0,5974.0,2986.0,2993.0,3002.0,2989.0,2989.0,2095.0,898.0,2090.0,896.0
0.0,5990.0,2980.0,2993.0,2989.0,2980.0,2980.0,2095.0,898.0,2087.0,893.0
0.0,5999.0,2979.0,2994.0,2980.0,2982.0,2982.0,2096.0,898.0,2083.0,896.0
0.0,6000.0,2986.0,2995.0,2982.0,2989.0,2989.0,2096.0,899.0,2091.0,895.0
0.0,5996.0,2995.0,2996.0,2989.0,2998.0,2998.0,2097.0,899.0,2096.0,899.0
0.0,5990.0,3014.0,2996.0,2998.0,3014.0,3014.0,2097.0,899.0,2111.0,903.0
0.0,5974.0,3027.0,2997.0,3014.0,3030.0,3030.0,2098.0,899.0,2119.0,908.0
0.0,5961.0,3046.0,2997.0,3030.0,3046.0,3046.0,2098.0,899.0,2131.0,915.0
0.0,5945.0,3046.0,2998.0,3046.0,3049.0,3049.0,2098.0,900.0,2132.0,914.0
0.0,5945.0,3048.0,2999.0,3049.0,3051.0,3051.0,2099.0,900.0,2134.0,914.0
0.0,5946.0,3036.0,2999.0,3051.0,3036.0,3036.0,2099.0,900.0,2125.0,911.0
0.0,5961.0,3026.0,3000.0,3036.0,3029.0,3029.0,2100.0,900.0,2116.0,910.0
0.0,5971.0,3010.0,3000.0,3029.0,3010.0,3010.0,2100.0,900.0,2108.0,902.0
0.0,5990.0,2994.0,3002.0,3010.0,3000.0,3000.0,2101.0,901.0,2096.0,898.0
0.0,6006.0,2989.0,3002.0,3000.0,2989.0,2989.0,2101.0,901.0,2093.0,896.0
0.0,6017.0,2984.0,3003.0,2989.0,2987.0,2987.0,2102.0,901.0,2089.0,895.0
0.0,6022.0,2994.0,3003.0,2987.0,2994.0,2994.0,2102.0,901.0,2097.0,897.0
0.0,6015.0,3006.0,3004.0,2994.0,3009.0,3009.0,2103.0,901.0,2102.0,904.0
0.0,6003.0,3023.0,3005.0,3009.0,3026.0,3026.0,2103.0,902.0,2117.0,906.0
0.0,5989.0,3036.0,3006.0,3026.0,3039.0,3039.0,2104.0,902.0,2125.0,911.0
0.0,5979.0,3052.0,3006.0,3039.0,3052.0,3052.0,2104.0,902.0,2137.0,915.0
0.0,5966.0,3054.0,3007.0,3052.0,3057.0,3057.0,2105.0,902.0,2138.0,916.0
0.0,5964.0,3059.0,3007.0,3057.0,3059.0,3059.0,2105.0,902.0,2140.0,919.0
0.0,5962.0,3045.0,3008.0,3059.0,3048.0,3048.0,2105.0,903.0,2131.0,914.0
0.0,5976.0,3035.0,3009.0,3048.0,3038.0,3038.0,2106.0,903.0,2125.0,910.0
0.0,5989.0,3016.0,3009.0,3038.0,3016.0,3016.0,2106.0,903.0,2111.0,905.0
0.0,6011.0,3003.0,3010.0,3016.0,3006.0,3006.0,2107.0,903.0,2102.0,901.0
0.0,6024.0,3000.0,3010.0,3006.0,3000.0,3000.0,2107.0,903.0,2099.0,901.0
0.0,6030.0,2993.0,3012.0,3000.0,2999.0,2999.0,2108.0,904.0,2095.0,898.0
0.0,6037.0,3003.0,3012.0,2999.0,3003.0,3003.0,2108.0,904.0,2103.0,900.0
0.0,6033.0,3013.0,3013.0,3003.0,3016.0,3016.0,2109.0,904.0,2109.0,904.0
0.0,6023.0,3032.0,3013.0,3016.0,3032.0,3032.0,2109.0,904.0,2123.0,909.0
0.0,6007.0,3047.0,3014.0,3032.0,3050.0,3050.0,2110.0,904.0,2131.0,916.0
0.0,5992.0,3060.0,3014.0,3050.0,3060.0,3060.0,2110.0,904.0,2143.0,917.0
0.0,5982.0,3063.0,3016.0,3060.0,3069.0,3069.0,2111.0,905.0,2144.0,919.0
0.0,5979.0,3066.0,3016.0,3069.0,3066.0,3066.0,2111.0,905.0,2147.0,919.0
0.0,5982.0,3053.0,3017.0,3066.0,3056.0,3056.0,2112.0,905.0,2137.0,916.0
0.0,5995.0,3046.0,3017.0,3056.0,3046.0,3046.0,2112.0,905.0,2131.0,915.0
0.0,6005.0,3025.0,3018.0,3046.0,3028.0,3028.0,2112.0,906.0,2117.0,908.0
0.0,6026.0,3015.0,3019.0,3028.0,3018.0,3018.0,2113.0,906.0,2111.0,904.0
0.0,6039.0,3003.0,3019.0,3018.0,3003.0,3003.0,2113.0,906.0,2102.0,901.0
0.0,6054.0,3002.0,3020.0,3003.0,3005.0,3005.0,2114.0,906.0,2101.0,901.0
0.0,6055.0,3015.0,3020.0,3005.0,3015.0,3015.0,2114.0,906.0,2109.0,906.0
0.0,6045.0,3021.0,3022.0,3015.0,3027.0,3027.0,2115.0,907.0,2115.0,906.0
0.0,6039.0,3040.0,3022.0,3027.0,3040.0,3040.0,2115.0,907.0,2129.0,911.0
0.0,6026.0,3053.0,3023.0,3040.0,3056.0,3056.0,2116.0,907.0,2137.0,916.0
0.0,6013.0,3069.0,3023.0,3056.0,3069.0,3069.0,2116.0,907.0,2149.0,920.0
0.0,6000.0,3075.0,3024.0,3069.0,3078.0,3078.0,2117.0,907.0,2150.0,925.0
0.0,5994.0,3074.0,3025.0,3078.0,3077.0,3077.0,2117.0,908.0,2153.0,921.0
0.0,5998.0,3063.0,3026.0,3077.0,3066.0,3066.0,2118.0,908.0,2144.0,919.0
0.0,6012.0,3052.0,3026.0,3066.0,3052.0,3052.0,2118.0,908.0,2137.0,915.0
0.0,6026.0,3036.0,3027.0,3052.0,3039.0,3039.0,2119.0,908.0,2123.0,913.0
0.0,6042.0,3023.0,3027.0,3039.0,3023.0,3023.0,2119.0,908.0,2117.0,906.0
0.0,6058.0,3012.0,3028.0,3023.0,3015.0,3015.0,2119.0,909.0,2108.0,904.0
0.0,6069.0,3013.0,3029.0,3015.0,3016.0,3016.0,2120.0,909.0,2110.0,903.0
0.0,6071.0,3017.0,3029.0,3016.0,3017.0,3017.0,2120.0,909.0,2112.0,905.0
0.0,6070.0,3033.0,3030.0,3017.0,3036.0,3036.0,2121.0,909.0,2124.0,909.0
0.0,6054.0,3049.0,3030.0,3036.0,3049.0,3049.0,2121.0,909.0,2132.0,917.0
0.0,6041.0,3062.0,3032.0,3049.0,3068.0,3068.0,2122.0,910.0,2143.0,919.0
0.0,6028.0,3077.0,3032.0,3068.0,3077.0,3077.0,2122.0,910.0,2155.0,922.0
0.0,6019.0,3080.0,3033.0,3077.0,3083.0,3083.0,2123.0,910.0,2156.0,924.0
0.0,6016.0,3083.0,3033.0,3083.0,3083.0,3083.0,2123.0,910.0,2159.0,924.0
0.0,6016.0,3074.0,3034.0,3083.0,3077.0,3077.0,2124.0,910.0,2150.0,924.0
0.0,6025.0,3060.0,3034.0,3077.0,3060.0,3060.0,2124.0,910.0,2143.0,917.0
0.0,6042.0,3043.0,3036.0,3060.0,3049.0,3049.0,2125.0,911.0,2130.0,913.0
0.0,6059.0,3032.0,3036.0,3049.0,3032.0,3032.0,2125.0,911.0,2123.0,909.0
0.0,6076.0,3020.0,3037.0,3032.0,3023.0,3023.0,2126.0,911.0,2114.0,906.0
0.0,6088.0,3025.0,3037.0,3023.0,3025.0,3025.0,2126.0,911.0,2116.0,909.0
0.0,6086.0,3026.0,3038.0,3025.0,3029.0,3029.0,2126.0,912.0,2118.0,908.0
0.0,6085.0,3042.0,3039.0,3029.0,3045.0,3045.0,2127.0,912.0,2130.0,912.0
0.0,6072.0,3054.0,3039.0,3045.0,3054.0,3054.0,2127.0,912.0,2138.0,916.0
0.0,6063.0,3073.0,3040.0,3054.0,3076.0,3076.0,2128.0,912.0,2149.0,924.0
0.0,6044.0,3086.0,3040.0,3076.0,3086.0,3086.0,2128.0,912.0,2161.0,925.0
0.0,6034.0,3089.0,3042.0,3086.0,3095.0,3095.0,2129.0,913.0,2162.0,927.0
0.0,6031.0,3092.0,3042.0,3095.0,3092.0,3092.0,2129.0,913.0,2165.0,927.0
0.0,6034.0,3080.0,3043.0,3092.0,3083.0,3083.0,2130.0,913.0,2156.0,924.0
0.0,6046.0,3069.0,3043.0,3083.0,3069.0,3069.0,2130.0,913.0,2149.0,920.0
0.0,6060.0,3054.0,3044.0,3069.0,3057.0,3057.0,2131.0,913.0,2136.0,918.0
0.0,6075.0,3040.0,3045.0,3057.0,3043.0,3043.0,2131.0,914.0,2129.0,911.0
0.0,6092.0,3029.0,3046.0,3043.0,3032.0,3032.0,2132.0,914.0,2120.0,909.0
0.0,6106.0,3031.0,3046.0,3032.0,3031.0,3031.0,2132.0,914.0,2123.0,908.0
0.0,6107.0,3034.0,3047.0,3031.0,3037.0,3037.0,2133.0,914.0,2124.0,910.0
0.0,6104.0,3053.0,3047.0,3037.0,3053.0,3053.0,2133.0,914.0,2136.0,917.0
0.0,6088.0,3063.0,3048.0,3053.0,3066.0,3066.0,2134.0,914.0,2144.0,919.0
0.0,6078.0,3082.0,3049.0,3066.0,3085.0,3085.0,2134.0,915.0,2158.0,924.0
0.0,6062.0,3092.0,3049.0,3085.0,3092.0,3092.0,2134.0,915.0,2164.0,928.0
0.0,6055.0,3101.0,3050.0,3092.0,3104.0,3104.0,2135.0,915.0,2172.0,929.0
0.0,6046.0,3100.0,3050.0,3104.0,3100.0,3100.0,2135.0,915.0,2168.0,932.0
0.0,6050.0,3089.0,3052.0,3100.0,3095.0,3095.0,2136.0,916.0,2162.0,927.0
0.0,6061.0,3078.0,3052.0,3095.0,3078.0,3078.0,2136.0,916.0,2155.0,923.0
0.0,6078.0,3060.0,3053.0,3078.0,3063.0,3063.0,2137.0,916.0,2142.0,918.0
0.0,6096.0,3049.0,3053.0,3063.0,3049.0,3049.0,2137.0,916.0,2135.0,914.0
0.0,6110.0,3040.0,3054.0,3049.0,3043.0,3043.0,2138.0,916.0,2126.0,914.0
0.0,6119.0,3040.0,3054.0,3043.0,3040.0,3040.0,2138.0,916.0,2129.0,911.0
0.0,6122.0,3043.0,3056.0,3040.0,3049.0,3049.0,2139.0,917.0,2130.0,913.0
0.0,6119.0,3059.0,3056.0,3049.0,3059.0,3059.0,2139.0,917.0,2142.0,917.0
0.0,6109.0,3072.0,3057.0,3059.0,3075.0,3075.0,2140.0,917.0,2150.0,922.0
0.0,6096.0,3093.0,3057.0,3075.0,3093.0,3093.0,2140.0,917.0,2164.0,929.0
0.0,6078.0,3100.0,3058.0,3093.0,3103.0,3103.0,2140.0,918.0,2170.0,930.0
0.0,6071.0,3110.0,3059.0,3103.0,3113.0,3113.0,2141.0,918.0,2178.0,932.0
0.0,6064.0,3106.0,3059.0,3113.0,3106.0,3106.0,2141.0,918.0,2174.0,932.0
0.0,6071.0,3100.0,3060.0,3106.0,3103.0,3103.0,2142.0,918.0,2171.0,929.0
0.0,6077.0,3086.0,3060.0,3103.0,3086.0,3086.0,2142.0,918.0,2158.0,928.0
0.0,6094.0,3069.0,3061.0,3086.0,3072.0,3072.0,2143.0,918.0,2148.0,921.0
0.0,6111.0,3058.0,3062.0,3072.0,3061.0,3061.0,2143.0,919.0,2141.0,917.0
0.0,6125.0,3046.0,3063.0,3061.0,3049.0,3049.0,2144.0,919.0,2132.0,914.0
0.0,6140.0,3049.0,3063.0,3049.0,3049.0,3049.0,2144.0,919.0,2135.0,914.0
0.0,6140.0,3055.0,3064.0,3049.0,3058.0,3058.0,2145.0,919.0,2136.0,919.0
0.0,6134.0,3067.0,3065.0,3058.0,3070.0,3070.0,2145.0,920.0,2148.0,919.0
0.0,6125.0,3080.0,3066.0,3070.0,3083.0,3083.0,2146.0,920.0,2156.0,924.0
0.0,6115.0,3099.0,3066.0,3083.0,3099.0,3099.0,2146.0,920.0,2170.0,929.0
0.0,6099.0,3109.0,3067.0,3099.0,3112.0,3112.0,2147.0,920.0,2176.0,933.0
0.0,6089.0,3122.0,3067.0,3112.0,3122.0,3122.0,2147.0,920.0,2184.0,938.0
0.0,6079.0,3114.0,3069.0,3122.0,3120.0,3120.0,2148.0,921.0,2180.0,934.0
0.0,6087.0,3109.0,3069.0,3120.0,3109.0,3109.0,2148.0,921.0,2177.0,932.0
0.0,6098.0,3093.0,3069.0,3109.0,3093.0,3093.0,2148.0,921.0,2165.0,928.0
0.0,6114.0,3080.0,3070.0,3093.0,3083.0,3083.0,2149.0,921.0,2157.0,923.0
0.0,6127.0,3066.0,3070.0,3083.0,3066.0,3066.0,2149.0,921.0,2144.0,922.0
0.0,6144.0,3055.0,3072.0,3066.0,3061.0,3061.0,2150.0,922.0,2138.0,917.0
0.0,6155.0,3057.0,3072.0,3061.0,3057.0,3057.0,2150.0,922.0,2141.0,916.0
0.0,6159.0,3060.0,3073.0,3057.0,3063.0,3063.0,2151.0,922.0,2142.0,918.0
0.0,6156.0,3076.0,3073.0,3063.0,3076.0,3076.0,2151.0,922.0,2154.0,922.0
0.0,6143.0,3092.0,3074.0,3076.0,3095.0,3095.0,2152.0,922.0,2162.0,930.0
0.0,6127.0,3108.0,3074.0,3095.0,3108.0,3108.0,2152.0,922.0,2176.0,932.0
0.0,6114.0,3117.0,3076.0,3108.0,3123.0,3123.0,2153.0,923.0,2182.0,935.0
0.0,6105.0,3127.0,3076.0,3123.0,3127.0,3127.0,2153.0,923.0,2190.0,937.0
0.0,6101.0,3123.0,3077.0,3127.0,3126.0,3126.0,2154.0,923.0,2186.0,937.0
0.0,6105.0,3120.0,3077.0,3126.0,3120.0,3120.0,2154.0,923.0,2183.0,937.0
0.0,6111.0,3101.0,3078.0,3120.0,3104.0,3104.0,2154.0,924.0,2171.0,930.0
0.0,6130.0,3089.0,3079.0,3104.0,3092.0,3092.0,2155.0,924.0,2163.0,926.0
0.0,6145.0,3073.0,3079.0,3092.0,3073.0,3073.0,2155.0,924.0,2151.0,922.0
0.0,6164.0,3066.0,3080.0,3073.0,3069.0,3069.0,2156.0,924.0,2147.0,919.0
0.0,6171.0,3066.0,3080.0,3069.0,3066.0,3066.0,2156.0,924.0,2144.0,922.0
0.0,6174.0,3069.0,3082.0,3066.0,3075.0,3075.0,2157.0,925.0,2148.0,921.0
0.0,6171.0,3085.0,3082.0,3075.0,3085.0,3085.0,2157.0,925.0,2160.0,925.0
0.0,6161.0,3097.0,3083.0,3085.0,3100.0,3100.0,2158.0,925.0,2168.0,929.0
0.0,6149.0,3116.0,3083.0,3100.0,3116.0,3116.0,2158.0,925.0,2182.0,934.0
0.0,6133.0,3129.0,3084.0,3116.0,3132.0,3132.0,2159.0,925.0,2188.0,941.0
0.0,6120.0,3136.0,3085.0,3132.0,3139.0,3139.0,2159.0,926.0,2196.0,940.0
0.0,6116.0,3132.0,3086.0,3139.0,3135.0,3135.0,2160.0,926.0,2192.0,940.0
0.0,6123.0,3126.0,3086.0,3135.0,3126.0,3126.0,2160.0,926.0,2189.0,937.0
0.0,6132.0,3113.0,3087.0,3126.0,3116.0,3116.0,2161.0,926.0,2177.0,936.0
0.0,6145.0,3097.0,3087.0,3116.0,3097.0,3097.0,2161.0,926.0,2169.0,928.0
0.0,6164.0,3081.0,3088.0,3097.0,3084.0,3084.0,2161.0,927.0,2157.0,924.0
0.0,6180.0,3076.0,3089.0,3084.0,3079.0,3079.0,2162.0,927.0,2154.0,922.0
0.0,6188.0,3071.0,3089.0,3079.0,3071.0,3071.0,2162.0,927.0,2150.0,921.0
0.0,6196.0,3080.0,3090.0,3071.0,3083.0,3083.0,2163.0,927.0,2157.0,923.0
0.0,6187.0,3093.0,3090.0,3083.0,3093.0,3093.0,2163.0,927.0,2163.0,930.0
0.0,6177.0,3106.0,3092.0,3093.0,3112.0,3112.0,2164.0,928.0,2174.0,932.0
0.0,6164.0,3126.0,3092.0,3112.0,3126.0,3126.0,2164.0,928.0,2189.0,937.0
0.0,6150.0,3135.0,3093.0,3126.0,3138.0,3138.0,2165.0,928.0,2194.0,941.0
0.0,6141.0,3144.0,3093.0,3138.0,3144.0,3144.0,2165.0,928.0,2202.0,942.0
0.0,6135.0,3143.0,3094.0,3144.0,3146.0,3146.0,2166.0,928.0,2198.0,945.0
0.0,6136.0,3135.0,3095.0,3146.0,3138.0,3138.0,2166.0,929.0,2195.0,940.0
0.0,6147.0,3119.0,3096.0,3138.0,3122.0,3122.0,2167.0,929.0,2183.0,936.0
0.0,6166.0,3106.0,3096.0,3122.0,3106.0,3106.0,2167.0,929.0,2175.0,931.0
0.0,6182.0,3090.0,3097.0,3106.0,3093.0,3093.0,2168.0,929.0,2163.0,927.0
0.0,6198.0,3087.0,3097.0,3093.0,3087.0,3087.0,2168.0,929.0,2160.0,927.0
0.0,6204.0,3080.0,3098.0,3087.0,3083.0,3083.0,2168.0,930.0,2156.0,924.0
0.0,6211.0,3089.0,3099.0,3083.0,3092.0,3092.0,2169.0,930.0,2163.0,926.0
0.0,6205.0,3099.0,3099.0,3092.0,3099.0,3099.0,2169.0,930.0,2169.0,930.0
0.0,6198.0,3115.0,3100.0,3099.0,3118.0,3118.0,2170.0,930.0,2180.0,935.0
0.0,6182.0,3137.0,3100.0,3118.0,3137.0,3137.0,2170.0,930.0,2195.0,942.0
0.0,6163.0,3143.0,3101.0,3137.0,3146.0,3146.0,2171.0,930.0,2200.0,943.0
0.0,6157.0,3153.0,3102.0,3146.0,3156.0,3156.0,2171.0,931.0,2208.0,945.0
0.0,6150.0,3149.0,3103.0,3156.0,3152.0,3152.0,2172.0,931.0,2204.0,945.0
0.0,6157.0,3143.0,3103.0,3152.0,3143.0,3143.0,2172.0,931.0,2201.0,942.0
0.0,6166.0,3130.0,3104.0,3143.0,3133.0,3133.0,2173.0,931.0,2189.0,941.0
0.0,6179.0,3115.0,3105.0,3133.0,3118.0,3118.0,2173.0,932.0,2181.0,934.0
0.0,6197.0,3099.0,3106.0,3118.0,3102.0,3102.0,2174.0,932.0,2169.0,930.0
0.0,6216.0,3093.0,3106.0,3102.0,3093.0,3093.0,2174.0,932.0,2166.0,927.0
0.0,6225.0,3089.0,3107.0,3093.0,3092.0,3092.0,2175.0,932.0,2162.0,927.0
0.0,6229.0,3101.0,3107.0,3092.0,3101.0,3101.0,2175.0,932.0,2169.0,932.0
0.0,6220.0,3107.0,3108.0,3101.0,3110.0,3110.0,2175.0,933.0,2175.0,932.0
0.0,6214.0,3126.0,3109.0,3110.0,3129.0,3129.0,2176.0,933.0,2189.0,937.0
0.0,6198.0,3140.0,3109.0,3129.0,3140.0,3140.0,2176.0,933.0,2198.0,942.0
0.0,6187.0,3156.0,3110.0,3140.0,3159.0,3159.0,2177.0,933.0,2210.0,946.0
0.0,6171.0,3162.0,3110.0,3159.0,3162.0,3162.0,2177.0,933.0,2211.0,951.0
0.0,6168.0,3157.0,3112.0,3162.0,3163.0,3163.0,2178.0,934.0,2210.0,947.0
0.0,6173.0,3152.0,3112.0,3163.0,3152.0,3152.0,2178.0,934.0,2207.0,945.0
0.0,6184.0,3136.0,3113.0,3152.0,3139.0,3139.0,2179.0,934.0,2195.0,941.0
0.0,6200.0,3126.0,3113.0,3139.0,3126.0,3126.0,2179.0,934.0,2187.0,939.0
0.0,6213.0,3107.0,3114.0,3126.0,3110.0,3110.0,2180.0,934.0,2175.0,932.0
0.0,6232.0,3102.0,3115.0,3110.0,3105.0,3105.0,2180.0,935.0,2172.0,930.0
0.0,6240.0,3097.0,3116.0,3105.0,3100.0,3100.0,2181.0,935.0,2168.0,929.0
0.0,6248.0,3106.0,3116.0,3100.0,3106.0,3106.0,2181.0,935.0,2175.0,931.0
0.0,6242.0,3116.0,3117.0,3106.0,3119.0,3119.0,2182.0,935.0,2181.0,935.0
0.0,6232.0,3139.0,3117.0,3119.0,3139.0,3139.0,2182.0,935.0,2196.0,943.0
0.0,6212.0,3149.0,3118.0,3139.0,3152.0,3152.0,2182.0,936.0,2204.0,945.0
0.0,6202.0,3164.0,3119.0,3152.0,3167.0,3167.0,2183.0,936.0,2216.0,948.0
0.0,6190.0,3167.0,3119.0,3167.0,3167.0,3167.0,2183.0,936.0,2217.0,950.0
0.0,6190.0,3169.0,3120.0,3167.0,3172.0,3172.0,2184.0,936.0,2219.0,950.0
0.0,6188.0,3160.0,3120.0,3172.0,3160.0,3160.0,2184.0,936.0,2210.0,950.0
0.0,6200.0,3144.0,3121.0,3160.0,3147.0,3147.0,2185.0,936.0,2201.0,943.0
0.0,6216.0,3132.0,3122.0,3147.0,3135.0,3135.0,2185.0,937.0,2193.0,939.0
0.0,6231.0,3116.0,3123.0,3135.0,3119.0,3119.0,2186.0,937.0,2181.0,935.0
0.0,6250.0,3110.0,3123.0,3119.0,3110.0,3110.0,2186.0,937.0,2178.0,932.0
0.0,6259.0,3109.0,3124.0,3110.0,3112.0,3112.0,2187.0,937.0,2174.0,935.0
0.0,6260.0,3116.0,3125.0,3112.0,3119.0,3119.0,2187.0,938.0,2182.0,934.0
0.0,6256.0,3125.0,3126.0,3119.0,3128.0,3128.0,2188.0,938.0,2187.0,938.0
0.0,6250.0,3144.0,3126.0,3128.0,3144.0,3144.0,2188.0,938.0,2202.0,942.0
0.0,6234.0,3160.0,3127.0,3144.0,3163.0,3163.0,2189.0,938.0,2210.0,950.0
0.0,6218.0,3173.0,3127.0,3163.0,3173.0,3173.0,2189.0,938.0,2222.0,951.0
0.0,6208.0,3176.0,3129.0,3173.0,3182.0,3182.0,2190.0,939.0,2223.0,953.0
0.0,6205.0,3178.0,3129.0,3182.0,3178.0,3178.0,2190.0,939.0,2225.0,953.0
0.0,6209.0,3166.0,3129.0,3178.0,3166.0,3166.0,2190.0,939.0,2216.0,950.0
0.0,6221.0,3156.0,3130.0,3166.0,3159.0,3159.0,2191.0,939.0,2210.0,946.0
0.0,6231.0,3140.0,3130.0,3159.0,3140.0,3140.0,2191.0,939.0,2196.0,944.0
0.0,6250.0,3124.0,3132.0,3140.0,3130.0,3130.0,2192.0,940.0,2187.0,937.0
0.0,6266.0,3119.0,3132.0,3130.0,3119.0,3119.0,2192.0,940.0,2184.0,935.0
0.0,6277.0,3114.0,3133.0,3119.0,3117.0,3117.0,2193.0,940.0,2180.0,934.0
0.0,6282.0,3124.0,3133.0,3117.0,3124.0,3124.0,2193.0,940.0,2188.0,936.0
0.0,6275.0,3136.0,3134.0,3124.0,3139.0,3139.0,2194.0,940.0,2193.0,943.0
0.0,6263.0,3153.0,3134.0,3139.0,3153.0,3153.0,2194.0,940.0,2208.0,945.0
0.0,6249.0,3166.0,3136.0,3153.0,3172.0,3172.0,2195.0,941.0,2216.0,950.0
0.0,6236.0,3182.0,3136.0,3172.0,3182.0,3182.0,2195.0,941.0,2228.0,954.0
0.0,6226.0,3184.0,3137.0,3182.0,3187.0,3187.0,2196.0,941.0,2229.0,955.0
0.0,6224.0,3189.0,3137.0,3187.0,3189.0,3189.0,2196.0,941.0,2231.0,958.0
0.0,6222.0,3175.0,3138.0,3189.0,3178.0,3178.0,2196.0,942.0,2222.0,953.0
0.0,6236.0,3165.0,3139.0,3178.0,3168.0,3168.0,2197.0,942.0,2216.0,949.0
0.0,6249.0,3146.0,3139.0,3168.0,3146.0,3146.0,2197.0,942.0,2202.0,944.0
0.0,6271.0,3133.0,3140.0,3146.0,3136.0,3136.0,2198.0,942.0,2193.0,940.0
0.0,6284.0,3130.0,3140.0,3136.0,3130.0,3130.0,2198.0,942.0,2190.0,940.0
0.0,6290.0,3123.0,3141.0,3130.0,3126.0,3126.0,2199.0,942.0,2186.0,937.0
0.0,6297.0,3133.0,3142.0,3126.0,3136.0,3136.0,2199.0,943.0,2194.0,939.0
0.0,6290.0,3143.0,3143.0,3136.0,3146.0,3146.0,2200.0,943.0,2200.0,943.0
0.0,6283.0,3162.0,3143.0,3146.0,3162.0,3162.0,2200.0,943.0,2214.0,948.0
0.0,6267.0,3177.0,3144.0,3162.0,3180.0,3180.0,2201.0,943.0,2222.0,955.0
0.0,6252.0,3190.0,3145.0,3180.0,3193.0,3193.0,2201.0,944.0,2234.0,956.0
0.0,6242.0,3193.0,3146.0,3193.0,3196.0,3196.0,2202.0,944.0,2235.0,958.0
0.0,6242.0,3196.0,3146.0,3196.0,3196.0,3196.0,2202.0,944.0,2238.0,958.0
0.0,6242.0,3183.0,3147.0,3196.0,3186.0,3186.0,2203.0,944.0,2228.0,955.0
0.0,6255.0,3176.0,3147.0,3186.0,3176.0,3176.0,2203.0,944.0,2222.0,954.0
0.0,6265.0,3155.0,3147.0,3176.0,3155.0,3155.0,2203.0,944.0,2208.0,947.0
0.0,6286.0,3145.0,3149.0,3155.0,3151.0,3151.0,2204.0,945.0,2202.0,943.0
0.0,6296.0,3133.0,3149.0,3151.0,3133.0,3133.0,2204.0,945.0,2193.0,940.0
0.0,6314.0,3132.0,3150.0,3133.0,3135.0,3135.0,2205.0,945.0,2192.0,940.0
0.0,6315.0,3145.0,3150.0,3135.0,3145.0,3145.0,2205.0,945.0,2200.0,945.0
0.0,6305.0,3151.0,3152.0,3145.0,3157.0,3157.0,2206.0,946.0,2206.0,945.0
0.0,6299.0,3170.0,3152.0,3157.0,3170.0,3170.0,2206.0,946.0,2220.0,950.0
0.0,6286.0,3183.0,3153.0,3170.0,3186.0,3186.0,2207.0,946.0,2228.0,955.0
0.0,6273.0,3199.0,3153.0,3186.0,3199.0,3199.0,2207.0,946.0,2240.0,959.0
0.0,6260.0,3205.0,3154.0,3199.0,3208.0,3208.0,2208.0,946.0,2241.0,964.0
0.0,6254.0,3204.0,3155.0,3208.0,3207.0,3207.0,2208.0,947.0,2244.0,960.0
0.0,6258.0,3193.0,3156.0,3207.0,3196.0,3196.0,2209.0,947.0,2235.0,958.0
0.0,6272.0,3182.0,3156.0,3196.0,3182.0,3182.0,2209.0,947.0,2228.0,954.0
0.0,6286.0,3163.0,3157.0,3182.0,3166.0,3166.0,2210.0,947.0,2214.0,949.0
0.0,6305.0,3156.0,3157.0,3166.0,3156.0,3156.0,2210.0,947.0,2208.0,948.0
0.0,6315.0,3142.0,3158.0,3156.0,3145.0,3145.0,2210.0,948.0,2199.0,943.0
0.0,6329.0,3143.0,3159.0,3145.0,3146.0,3146.0,2211.0,948.0,2201.0,942.0
0.0,6331.0,3147.0,3159.0,3146.0,3147.0,3147.0,2211.0,948.0,2203.0,944.0
0.0,6330.0,3160.0,3160.0,3147.0,3163.0,3163.0,2212.0,948.0,2212.0,948.0
0.0,6317.0,3182.0,3160.0,3163.0,3182.0,3182.0,2212.0,948.0,2226.0,956.0
0.0,6298.0,3192.0,3161.0,3182.0,3195.0,3195.0,2213.0,948.0,2234.0,958.0
0.0,6288.0,3207.0,3162.0,3195.0,3210.0,3210.0,2213.0,949.0,2246.0,961.0
0.0,6276.0,3210.0,3163.0,3210.0,3213.0,3213.0,2214.0,949.0,2247.0,963.0
0.0,6276.0,3213.0,3163.0,3213.0,3213.0,3213.0,2214.0,949.0,2250.0,963.0
0.0,6276.0,3204.0,3164.0,3213.0,3207.0,3207.0,2215.0,949.0,2241.0,963.0
0.0,6285.0,3190.0,3165.0,3207.0,3193.0,3193.0,2215.0,950.0,2234.0,956.0
0.0,6302.0,3173.0,3166.0,3193.0,3176.0,3176.0,2216.0,950.0,2221.0,952.0
0.0,6322.0,3162.0,3166.0,3176.0,3162.0,3162.0,2216.0,950.0,2214.0,948.0
0.0,6336.0,3150.0,3167.0,3162.0,3153.0,3153.0,2217.0,950.0,2205.0,945.0
0.0,6348.0,3155.0,3167.0,3153.0,3155.0,3155.0,2217.0,950.0,2207.0,948.0
0.0,6346.0,3156.0,3168.0,3155.0,3159.0,3159.0,2217.0,951.0,2209.0,947.0
0.0,6345.0,3172.0,3169.0,3159.0,3175.0,3175.0,2218.0,951.0,2221.0,951.0
0.0,6332.0,3184.0,3169.0,3175.0,3184.0,3184.0,2218.0,951.0,2229.0,955.0
0.0,6323.0,3203.0,3170.0,3184.0,3206.0,3206.0,2219.0,951.0,2243.0,960.0
0.0,6304.0,3216.0,3170.0,3206.0,3216.0,3216.0,2219.0,951.0,2249.0,967.0
0.0,6294.0,3219.0,3172.0,3216.0,3225.0,3225.0,2220.0,952.0,2253.0,966.0
0.0,6291.0,3222.0,3172.0,3225.0,3222.0,3222.0,2220.0,952.0,2256.0,966.0
0.0,6294.0,3210.0,3173.0,3222.0,3213.0,3213.0,2221.0,952.0,2247.0,963.0
0.0,6306.0,3202.0,3173.0,3213.0,3202.0,3202.0,2221.0,952.0,2240.0,962.0
0.0,6317.0,3181.0,3174.0,3202.0,3184.0,3184.0,2222.0,952.0,2227.0,954.0
0.0,6338.0,3170.0,3175.0,3184.0,3173.0,3173.0,2222.0,953.0,2220.0,950.0
0.0,6352.0,3159.0,3176.0,3173.0,3162.0,3162.0,2223.0,953.0,2211.0,948.0
0.0,6366.0,3160.0,3176.0,3162.0,3160.0,3160.0,2223.0,953.0,2213.0,947.0
0.0,6368.0,3164.0,3177.0,3160.0,3167.0,3167.0,2224.0,953.0,2215.0,949.0
0.0,6364.0,3183.0,3177.0,3167.0,3183.0,3183.0,2224.0,953.0,2227.0,956.0
0.0,6348.0,3193.0,3178.0,3183.0,3196.0,3196.0,2224.0,954.0,2235.0,958.0
0.0,6338.0,3212.0,3179.0,3196.0,3215.0,3215.0,2225.0,954.0,2249.0,963.0
0.0,6322.0,3222.0,3179.0,3215.0,3222.0,3222.0,2225.0,954.0,2255.0,967.0
0.0,6315.0,3227.0,3180.0,3222.0,3230.0,3230.0,2226.0,954.0,2259.0,968.0
0.0,6310.0,3233.0,3180.0,3230.0,3233.0,3233.0,2226.0,954.0,2262.0,971.0
0.0,6307.0,3219.0,3182.0,3233.0,3225.0,3225.0,2227.0,955.0,2253.0,966.0
0.0,6321.0,3208.0,3182.0,3225.0,3208.0,3208.0,2227.0,955.0,2246.0,962.0
0.0,6338.0,3190.0,3183.0,3208.0,3193.0,3193.0,2228.0,955.0,2233.0,957.0
0.0,6356.0,3179.0,3183.0,3193.0,3179.0,3179.0,2228.0,955.0,2226.0,953.0
0.0,6370.0,3170.0,3184.0,3179.0,3173.0,3173.0,2229.0,955.0,2217.0,953.0
0.0,6379.0,3170.0,3185.0,3173.0,3173.0,3173.0,2229.0,956.0,2220.0,950.0
0.0,6382.0,3173.0,3186.0,3173.0,3176.0,3176.0,2230.0,956.0,2221.0,952.0
0.0,6382.0,3189.0,3186.0,3176.0,3189.0,3189.0,2230.0,956.0,2233.0,956.0
0.0,6369.0,3202.0,3187.0,3189.0,3205.0,3205.0,2231.0,956.0,2241.0,961.0
0.0,6356.0,3223.0,3187.0,3205.0,3223.0,3223.0,2231.0,956.0,2255.0,968.0
0.0,6338.0,3230.0,3187.0,3223.0,3230.0,3230.0,2231.0,956.0,2261.0,969.0
0.0,6331.0,3240.0,3189.0,3230.0,3246.0,3246.0,2232.0,957.0,2269.0,971.0
0.0,6321.0,3236.0,3189.0,3246.0,3236.0,3236.0,2232.0,957.0,2265.0,971.0
0.0,6331.0,3227.0,3190.0,3236.0,3230.0,3230.0,2233.0,957.0,2259.0,968.0
0.0,6340.0,3219.0,3190.0,3230.0,3219.0,3219.0,2233.0,957.0,2252.0,967.0
0.0,6351.0,3199.0,3192.0,3219.0,3205.0,3205.0,2234.0,958.0,2239.0,960.0
0.0,6371.0,3188.0,3192.0,3205.0,3188.0,3188.0,2234.0,958.0,2232.0,956.0
0.0,6388.0,3176.0,3193.0,3188.0,3179.0,3179.0,2235.0,958.0,2223.0,953.0
0.0,6400.0,3179.0,3193.0,3179.0,3179.0,3179.0,2235.0,958.0,2226.0,953.0
0.0,6400.0,3185.0,3194.0,3179.0,3188.0,3188.0,2236.0,958.0,2227.0,958.0
0.0,6394.0,3197.0,3195.0,3188.0,3200.0,3200.0,2236.0,959.0,2239.0,958.0
0.0,6385.0,3210.0,3196.0,3200.0,3213.0,3213.0,2237.0,959.0,2247.0,963.0
0.0,6375.0,3229.0,3196.0,3213.0,3229.0,3229.0,2237.0,959.0,2261.0,968.0
0.0,6359.0,3239.0,3197.0,3229.0,3242.0,3242.0,2238.0,959.0,2267.0,972.0
0.0,6349.0,3252.0,3197.0,3242.0,3252.0,3252.0,2238.0,959.0,2275.0,977.0
0.0,6339.0,3244.0,3198.0,3252.0,3247.0,3247.0,2238.0,960.0,2271.0,973.0
0.0,6347.0,3239.0,3199.0,3247.0,3242.0,3242.0,2239.0,960.0,2268.0,971.0
0.0,6355.0,3223.0,3199.0,3242.0,3223.0,3223.0,2239.0,960.0,2256.0,967.0
0.0,6374.0,3210.0,3200.0,3223.0,3213.0,3213.0,2240.0,960.0,2245.0,965.0
0.0,6387.0,3196.0,3200.0,3213.0,3196.0,3196.0,2240.0,960.0,2238.0,958.0
0.0,6404.0,3185.0,3202.0,3196.0,3191.0,3191.0,2241.0,961.0,2229.0,956.0
0.0,6415.0,3187.0,3202.0,3191.0,3187.0,3187.0,2241.0,961.0,2232.0,955.0
0.0,6419.0,3190.0,3203.0,3187.0,3193.0,3193.0,2242.0,961.0,2233.0,957.0
0.0,6416.0,3206.0,3203.0,3193.0,3206.0,3206.0,2242.0,961.0,2245.0,961.0
0.0,6403.0,3222.0,3204.0,3206.0,3225.0,3225.0,2243.0,961.0,2253.0,969.0
0.0,6387.0,3238.0,3205.0,3225.0,3241.0,3241.0,2243.0,962.0,2267.0,971.0
0.0,6374.0,3247.0,3206.0,3241.0,3250.0,3250.0,2244.0,962.0,2273.0,974.0
0.0,6368.0,3257.0,3206.0,3250.0,3257.0,3257.0,2244.0,962.0,2281.0,976.0
0.0,6361.0,3253.0,3207.0,3257.0,3256.0,3256.0,2245.0,962.0,2277.0,976.0
0.0,6365.0,3250.0,3207.0,3256.0,3250.0,3250.0,2245.0,962.0,2274.0,976.0
0.0,6371.0,3231.0,3207.0,3250.0,3231.0,3231.0,2245.0,962.0,2262.0,969.0
0.0,6390.0,3219.0,3209.0,3231.0,3225.0,3225.0,2246.0,963.0,2254.0,965.0
0.0,6402.0,3203.0,3209.0,3225.0,3203.0,3203.0,2246.0,963.0,2242.0,961.0
0.0,6424.0,3193.0,3210.0,3203.0,3196.0,3196.0,2247.0,963.0,2235.0,958.0
0.0,6434.0,3199.0,3210.0,3196.0,3199.0,3199.0,2247.0,963.0,2238.0,961.0
0.0,6431.0,3199.0,3212.0,3199.0,3205.0,3205.0,2248.0,964.0,2239.0,960.0
0.0,6431.0,3215.0,3212.0,3205.0,3215.0,3215.0,2248.0,964.0,2251.0,964.0
0.0,6421.0,3227.0,3213.0,3215.0,3230.0,3230.0,2249.0,964.0,2259.0,968.0
0.0,6409.0,3249.0,3213.0,3230.0,3249.0,3249.0,2249.0,964.0,2273.0,976.0
0.0,6390.0,3256.0,3214.0,3249.0,3259.0,3259.0,2250.0,964.0,2279.0,977.0
0.0,6383.0,3266.0,3215.0,3259.0,3269.0,3269.0,2250.0,965.0,2287.0,979.0
0.0,6376.0,3262.0,3216.0,3269.0,3265.0,3265.0,2251.0,965.0,2283.0,979.0
0.0,6383.0,3256.0,3216.0,3265.0,3256.0,3256.0,2251.0,965.0,2280.0,976.0
0.0,6392.0,3240.0,3217.0,3256.0,3243.0,3243.0,2252.0,965.0,2268.0,972.0
0.0,6408.0,3230.0,3217.0,3243.0,3230.0,3230.0,2252.0,965.0,2260.0,970.0
0.0,6421.0,3211.0,3218.0,3230.0,3214.0,3214.0,2252.0,966.0,2248.0,963.0
0.0,6440.0,3206.0,3219.0,3214.0,3209.0,3209.0,2253.0,966.0,2245.0,961.0
0.0,6448.0,3201.0,3219.0,3209.0,3201.0,3201.0,2253.0,966.0,2241.0,960.0
0.0,6456.0,3207.0,3220.0,3201.0,3210.0,3210.0,2254.0,966.0,2245.0,962.0
0.0,6450.0,3226.0,3220.0,3210.0,3226.0,3226.0,2254.0,966.0,2257.0,969.0
0.0,6434.0,3236.0,3221.0,3226.0,3239.0,3239.0,2255.0,966.0,2265.0,971.0
0.0,6424.0,3256.0,3222.0,3239.0,3259.0,3259.0,2255.0,967.0,2280.0,976.0
0.0,6407.0,3265.0,3223.0,3259.0,3268.0,3268.0,2256.0,967.0,2285.0,980.0
0.0,6401.0,3274.0,3223.0,3268.0,3274.0,3274.0,2256.0,967.0,2293.0,981.0
0.0,6395.0,3273.0,3224.0,3274.0,3276.0,3276.0,2257.0,967.0,2289.0,984.0
0.0,6396.0,3265.0,3225.0,3276.0,3268.0,3268.0,2257.0,968.0,2286.0,979.0
0.0,6407.0,3249.0,3226.0,3268.0,3252.0,3252.0,2258.0,968.0,2274.0,975.0
0.0,6426.0,3236.0,3226.0,3252.0,3236.0,3236.0,2258.0,968.0,2266.0,970.0
0.0,6442.0,3220.0,3227.0,3236.0,3223.0,3223.0,2259.0,968.0,2254.0,966.0
0.0,6458.0,3217.0,3227.0,3223.0,3217.0,3217.0,2259.0,968.0,2251.0,966.0
0.0,6464.0,3210.0,3228.0,3217.0,3213.0,3213.0,2260.0,968.0,2247.0,963.0
0.0,6471.0,3219.0,3229.0,3213.0,3222.0,3222.0,2260.0,969.0,2254.0,965.0
0.0,6465.0,3229.0,3229.0,3222.0,3229.0,3229.0,2260.0,969.0,2260.0,969.0
0.0,6458.0,3248.0,3230.0,3229.0,3251.0,3251.0,2261.0,969.0,2274.0,974.0
0.0,6439.0,3264.0,3230.0,3251.0,3264.0,3264.0,2261.0,969.0,2283.0,981.0
0.0,6426.0,3273.0,3232.0,3264.0,3279.0,3279.0,2262.0,970.0,2291.0,982.0
0.0,6417.0,3283.0,3232.0,3279.0,3283.0,3283.0,2262.0,970.0,2299.0,984.0
0.0,6413.0,3279.0,3233.0,3283.0,3282.0,3282.0,2263.0,970.0,2295.0,984.0
0.0,6417.0,3273.0,3233.0,3282.0,3273.0,3273.0,2263.0,970.0,2292.0,981.0
0.0,6426.0,3260.0,3234.0,3273.0,3263.0,3263.0,2264.0,970.0,2280.0,980.0
0.0,6439.0,3245.0,3234.0,3263.0,3245.0,3245.0,2264.0,970.0,2272.0,973.0
0.0,6457.0,3229.0,3236.0,3245.0,3235.0,3235.0,2265.0,971.0,2260.0,969.0
0.0,6473.0,3223.0,3236.0,3235.0,3223.0,3223.0,2265.0,971.0,2257.0,966.0
0.0,6485.0,3219.0,3237.0,3223.0,3222.0,3222.0,2266.0,971.0,2253.0,966.0
0.0,6489.0,3231.0,3237.0,3222.0,3231.0,3231.0,2266.0,971.0,2260.0,971.0
0.0,6480.0,3237.0,3238.0,3231.0,3240.0,3240.0,2266.0,972.0,2266.0,971.0
0.0,6474.0,3256.0,3239.0,3240.0,3259.0,3259.0,2267.0,972.0,2280.0,976.0
0.0,6458.0,3270.0,3239.0,3259.0,3270.0,3270.0,2267.0,972.0,2289.0,981.0
0.0,6447.0,3286.0,3240.0,3270.0,3289.0,3289.0,2268.0,972.0,2301.0,985.0
0.0,6431.0,3292.0,3240.0,3289.0,3292.0,3292.0,2268.0,972.0,2302.0,990.0
0.0,6428.0,3287.0,3242.0,3292.0,3293.0,3293.0,2269.0,973.0,2301.0,986.0
0.0,6433.0,3282.0,3242.0,3293.0,3282.0,3282.0,2269.0,973.0,2298.0,984.0
0.0,6444.0,3266.0,3243.0,3282.0,3269.0,3269.0,2270.0,973.0,2286.0,980.0
0.0,6460.0,3253.0,3243.0,3269.0,3253.0,3253.0,2270.0,973.0,2278.0,975.0
0.0,6476.0,3240.0,3244.0,3253.0,3243.0,3243.0,2271.0,973.0,2266.0,974.0
0.0,6489.0,3232.0,3245.0,3243.0,3235.0,3235.0,2271.0,974.0,2263.0,969.0
0.0,6500.0,3227.0,3246.0,3235.0,3230.0,3230.0,2272.0,974.0,2259.0,968.0
0.0,6508.0,3236.0,3246.0,3230.0,3236.0,3236.0,2272.0,974.0,2266.0,970.0
0.0,6502.0,3246.0,3247.0,3236.0,3249.0,3249.0,2273.0,974.0,2272.0,974.0
0.0,6492.0,3269.0,3247.0,3249.0,3269.0,3269.0,2273.0,974.0,2287.0,982.0
0.0,6472.0,3279.0,3248.0,3269.0,3282.0,3282.0,2274.0,974.0,2295.0,984.0
0.0,6462.0,3294.0,3249.0,3282.0,3297.0,3297.0,2274.0,975.0,2307.0,987.0
0.0,6450.0,3297.0,3249.0,3297.0,3297.0,3297.0,2274.0,975.0,2308.0,989.0
0.0,6450.0,3299.0,3250.0,3297.0,3302.0,3302.0,2275.0,975.0,2310.0,989.0
0.0,6448.0,3290.0,3250.0,3302.0,3290.0,3290.0,2275.0,975.0,2301.0,989.0
0.0,6460.0,3274.0,3252.0,3290.0,3280.0,3280.0,2276.0,976.0,2292.0,982.0
0.0,6476.0,3262.0,3252.0,3280.0,3262.0,3262.0,2276.0,976.0,2284.0,978.0
0.0,6494.0,3246.0,3253.0,3262.0,3249.0,3249.0,2277.0,976.0,2272.0,974.0
0.0,6510.0,3240.0,3253.0,3249.0,3240.0,3240.0,2277.0,976.0,2269.0,971.0
0.0,6519.0,3239.0,3254.0,3240.0,3242.0,3242.0,2278.0,976.0,2265.0,974.0
0.0,6520.0,3246.0,3255.0,3242.0,3249.0,3249.0,2278.0,977.0,2273.0,973.0
0.0,6516.0,3255.0,3256.0,3249.0,3258.0,3258.0,2279.0,977.0,2278.0,977.0
0.0,6510.0,3274.0,3256.0,3258.0,3274.0,3274.0,2279.0,977.0,2293.0,981.0
0.0,6494.0,3287.0,3257.0,3274.0,3290.0,3290.0,2280.0,977.0,2301.0,986.0
0.0,6481.0,3306.0,3257.0,3290.0,3306.0,3306.0,2280.0,977.0,2313.0,993.0
0.0,6465.0,3306.0,3258.0,3306.0,3309.0,3309.0,2280.0,978.0,2314.0,992.0
0.0,6465.0,3308.0,3259.0,3309.0,3311.0,3311.0,2281.0,978.0,2316.0,992.0
0.0,6466.0,3296.0,3259.0,3311.0,3296.0,3296.0,2281.0,978.0,2307.0,989.0
0.0,6481.0,3286.0,3260.0,3296.0,3289.0,3289.0,2282.0,978.0,2298.0,988.0
0.0,6491.0,3270.0,3260.0,3289.0,3270.0,3270.0,2282.0,978.0,2290.0,980.0
0.0,6510.0,3254.0,3262.0,3270.0,3260.0,3260.0,2283.0,979.0,2278.0,976.0
0.0,6526.0,3249.0,3262.0,3260.0,3249.0,3249.0,2283.0,979.0,2275.0,974.0
0.0,6537.0,3244.0,3263.0,3249.0,3247.0,3247.0,2284.0,979.0,2271.0,973.0
0.0,6542.0,3254.0,3263.0,3247.0,3254.0,3254.0,2284.0,979.0,2279.0,975.0
0.0,6535.0,3266.0,3264.0,3254.0,3269.0,3269.0,2285.0,979.0,2284.0,982.0
0.0,6523.0,3283.0,3265.0,3269.0,3286.0,3286.0,2285.0,980.0,2299.0,984.0
0.0,6509.0,3296.0,3266.0,3286.0,3299.0,3299.0,2286.0,980.0,2307.0,989.0
0.0,6499.0,3312.0,3266.0,3299.0,3312.0,3312.0,2286.0,980.0,2319.0,993.0
0.0,6486.0,3314.0,3267.0,3312.0,3317.0,3317.0,2287.0,980.0,2320.0,994.0
0.0,6484.0,3319.0,3267.0,3317.0,3319.0,3319.0,2287.0,980.0,2322.0,997.0
0.0,6482.0,3305.0,3268.0,3319.0,3308.0,3308.0,2287.0,981.0,2313.0,992.0
0.0,6496.0,3295.0,3269.0,3308.0,3298.0,3298.0,2288.0,981.0,2307.0,988.0
0.0,6509.0,3276.0,3269.0,3298.0,3276.0,3276.0,2288.0,981.0,2293.0,983.0
0.0,6531.0,3263.0,3270.0,3276.0,3266.0,3266.0,2289.0,981.0,2284.0,979.0
0.0,6544.0,3260.0,3270.0,3266.0,3260.0,3260.0,2289.0,981.0,2281.0,979.0
0.0,6550.0,3253.0,3272.0,3260.0,3259.0,3259.0,2290.0,982.0,2277.0,976.0
0.0,6557.0,3263.0,3272.0,3259.0,3263.0,3263.0,2290.0,982.0,2285.0,978.0
0.0,6553.0,3273.0,3273.0,3263.0,3276.0,3276.0,2291.0,982.0,2291.0,982.0
0.0,6543.0,3292.0,3273.0,3276.0,3292.0,3292.0,2291.0,982.0,2305.0,987.0
0.0,6527.0,3307.0,3274.0,3292.0,3310.0,3310.0,2292.0,982.0,2313.0,994.0
0.0,6512.0,3320.0,3274.0,3310.0,3320.0,3320.0,2292.0,982.0,2325.0,995.0
0.0,6502.0,3323.0,3276.0,3320.0,3329.0,3329.0,2293.0,983.0,2326.0,997.0
0.0,6499.0,3326.0,3276.0,3329.0,3326.0,3326.0,2293.0,983.0,2329.0,997.0
0.0,6502.0,3313.0,3277.0,3326.0,3316.0,3316.0,2294.0,983.0,2319.0,994.0
0.0,6515.0,3306.0,3277.0,3316.0,3306.0,3306.0,2294.0,983.0,2313.0,993.0
0.0,6525.0,3285.0,3278.0,3306.0,3288.0,3288.0,2294.0,984.0,2299.0,986.0
0.0,6546.0,3275.0,3279.0,3288.0,3278.0,3278.0,2295.0,984.0,2293.0,982.0
0.0,6559.0,3263.0,3279.0,3278.0,3263.0,3263.0,2295.0,984.0,2284.0,979.0
0.0,6574.0,3262.0,3280.0,3263.0,3265.0,3265.0,2296.0,984.0,2283.0,979.0
0.0,6575.0,3275.0,3280.0,3265.0,3275.0,3275.0,2296.0,984.0,2291.0,984.0
0.0,6565.0,3281.0,3282.0,3275.0,3287.0,3287.0,2297.0,985.0,2297.0,984.0
0.0,6559.0,3300.0,3282.0,3287.0,3300.0,3300.0,2297.0,985.0,2311.0,989.0
0.0,6546.0,3313.0,3283.0,3300.0,3316.0,3316.0,2298.0,985.0,2319.0,994.0
0.0,6533.0,3329.0,3283.0,3316.0,3329.0,3329.0,2298.0,985.0,2331.0,998.0
0.0,6520.0,3335.0,3284.0,3329.0,3338.0,3338.0,2299.0,985.0,2332.0,1003.0
0.0,6514.0,3334.0,3285.0,3338.0,3337.0,3337.0,2299.0,986.0,2335.0,999.0
0.0,6518.0,3323.0,3286.0,3337.0,3326.0,3326.0,2300.0,986.0,2326.0,997.0
0.0,6532.0,3312.0,3286.0,3326.0,3312.0,3312.0,2300.0,986.0,2319.0,993.0
0.0,6546.0,3296.0,3287.0,3312.0,3299.0,3299.0,2301.0,986.0,2305.0,991.0
0.0,6562.0,3283.0,3287.0,3299.0,3283.0,3283.0,2301.0,986.0,2299.0,984.0
0.0,6578.0,3272.0,3288.0,3283.0,3275.0,3275.0,2301.0,987.0,2290.0,982.0
0.0,6589.0,3273.0,3289.0,3275.0,3276.0,3276.0,2302.0,987.0,2292.0,981.0
0.0,6591.0,3277.0,3289.0,3276.0,3277.0,3277.0,2302.0,987.0,2294.0,983.0
0.0,6590.0,3293.0,3290.0,3277.0,3296.0,3296.0,2303.0,987.0,2306.0,987.0
0.0,6574.0,3309.0,3290.0,3296.0,3309.0,3309.0,2303.0,987.0,2314.0,995.0
0.0,6561.0,3322.0,3292.0,3309.0,3328.0,3328.0,2304.0,988.0,2325.0,997.0
0.0,6548.0,3337.0,3292.0,3328.0,3337.0,3337.0,2304.0,988.0,2337.0,1000.0
0.0,6539.0,3340.0,3293.0,3337.0,3343.0,3343.0,2305.0,988.0,2338.0,1002.0
0.0,6536.0,3343.0,3293.0,3343.0,3343.0,3343.0,2305.0,988.0,2341.0,1002.0
0.0,6536.0,3334.0,3294.0,3343.0,3337.0,3337.0,2306.0,988.0,2332.0,1002.0
0.0,6545.0,3320.0,3294.0,3337.0,3320.0,3320.0,2306.0,988.0,2325.0,995.0
0.0,6562.0,3303.0,3296.0,3320.0,3309.0,3309.0,2307.0,989.0,2312.0,991.0
0.0,6579.0,3292.0,3296.0,3309.0,3292.0,3292.0,2307.0,989.0,2305.0,987.0
0.0,6596.0,3280.0,3297.0,3292.0,3283.0,3283.0,2308.0,989.0,2296.0,984.0
0.0,6608.0,3285.0,3297.0,3283.0,3285.0,3285.0,2308.0,989.0,2298.0,987.0
0.0,6606.0,3286.0,3298.0,3285.0,3289.0,3289.0,2308.0,990.0,2300.0,986.0
0.0,6605.0,3302.0,3299.0,3289.0,3305.0,3305.0,2309.0,990.0,2312.0,990.0
0.0,6592.0,3314.0,3299.0,3305.0,3314.0,3314.0,2309.0,990.0,2320.0,994.0
0.0,6583.0,3333.0,3300.0,3314.0,3336.0,3336.0,2310.0,990.0,2331.0,1002.0
0.0,6564.0,3346.0,3300.0,3336.0,3346.0,3346.0,2310.0,990.0,2343.0,1003.0
0.0,6554.0,3349.0,3302.0,3346.0,3355.0,3355.0,2311.0,991.0,2344.0,1005.0
0.0,6551.0,3352.0,3302.0,3355.0,3352.0,3352.0,2311.0,991.0,2347.0,1005.0
0.0,6554.0,3340.0,3303.0,3352.0,3343.0,3343.0,2312.0,991.0,2338.0,1002.0
0.0,6566.0,3329.0,3303.0,3343.0,3329.0,3329.0,2312.0,991.0,2331.0,998.0
0.0,6580.0,3314.0,3304.0,3329.0,3317.0,3317.0,2313.0,991.0,2318.0,996.0
0.0,6595.0,3300.0,3305.0,3317.0,3303.0,3303.0,2313.0,992.0,2311.0,989.0
0.0,6612.0,3289.0,3306.0,3303.0,3292.0,3292.0,2314.0,992.0,2302.0,987.0
0.0,6626.0,3290.0,3306.0,3292.0,3290.0,3290.0,2314.0,992.0,2304.0,986.0
0.0,6628.0,3294.0,3307.0,3290.0,3297.0,3297.0,2315.0,992.0,2306.0,988.0
0.0,6624.0,3313.0,3307.0,3297.0,3313.0,3313.0,2315.0,992.0,2318.0,995.0
0.0,6608.0,3323.0,3307.0,3313.0,3323.0,3323.0,2315.0,992.0,2326.0,997.0
0.0,6598.0,3342.0,3309.0,3323.0,3348.0,3348.0,2316.0,993.0,2340.0,1002.0
0.0,6579.0,3352.0,3309.0,3348.0,3352.0,3352.0,2316.0,993.0,2346.0,1006.0
0.0,6575.0,3357.0,3310.0,3352.0,3360.0,3360.0,2317.0,993.0,2350.0,1007.0
0.0,6570.0,3363.0,3310.0,3360.0,3363.0,3363.0,2317.0,993.0,2353.0,1010.0
0.0,6567.0,3349.0,3312.0,3363.0,3355.0,3355.0,2318.0,994.0,2344.0,1005.0
0.0,6581.0,3338.0,3312.0,3355.0,3338.0,3338.0,2318.0,994.0,2337.0,1001.0
0.0,6598.0,3320.0,3313.0,3338.0,3323.0,3323.0,2319.0,994.0,2324.0,996.0
0.0,6616.0,3309.0,3313.0,3323.0,3309.0,3309.0,2319.0,994.0,2317.0,992.0
0.0,6630.0,3300.0,3314.0,3309.0,3303.0,3303.0,2320.0,994.0,2308.0,992.0
0.0,6639.0,3300.0,3314.0,3303.0,3300.0,3300.0,2320.0,994.0,2311.0,989.0
0.0,6642.0,3303.0,3316.0,3300.0,3309.0,3309.0,2321.0,995.0,2312.0,991.0
0.0,6639.0,3319.0,3316.0,3309.0,3319.0,3319.0,2321.0,995.0,2324.0,995.0
0.0,6629.0,3332.0,3317.0,3319.0,3335.0,3335.0,2322.0,995.0,2332.0,1000.0
0.0,6616.0,3353.0,3317.0,3335.0,3353.0,3353.0,2322.0,995.0,2346.0,1007.0
0.0,6598.0,3360.0,3318.0,3353.0,3363.0,3363.0,2322.0,996.0,2352.0,1008.0
0.0,6591.0,3370.0,3319.0,3363.0,3373.0,3373.0,2323.0,996.0,2360.0,1010.0
0.0,6584.0,3366.0,3319.0,3373.0,3366.0,3366.0,2323.0,996.0,2356.0,1010.0
0.0,6591.0,3357.0,3320.0,3366.0,3360.0,3360.0,2324.0,996.0,2350.0,1007.0
0.0,6600.0,3349.0,3320.0,3360.0,3349.0,3349.0,2324.0,996.0,2343.0,1006.0
0.0,6611.0,3329.0,3321.0,3349.0,3332.0,3332.0,2325.0,996.0,2330.0,999.0
0.0,6631.0,3318.0,3322.0,3332.0,3321.0,3321.0,2325.0,997.0,2323.0,995.0
0.0,6645.0,3306.0,3323.0,3321.0,3309.0,3309.0,2326.0,997.0,2314.0,992.0
0.0,6660.0,3309.0,3323.0,3309.0,3309.0,3309.0,2326.0,997.0,2317.0,992.0
0.0,6660.0,3315.0,3324.0,3309.0,3318.0,3318.0,2327.0,997.0,2318.0,997.0
0.0,6654.0,3327.0,3325.0,3318.0,3330.0,3330.0,2327.0,998.0,2330.0,997.0
0.0,6645.0,3340.0,3326.0,3330.0,3343.0,3343.0,2328.0,998.0,2338.0,1002.0
0.0,6635.0,3359.0,3326.0,3343.0,3359.0,3359.0,2328.0,998.0,2352.0,1007.0
0.0,6619.0,3369.0,3327.0,3359.0,3372.0,3372.0,2329.0,998.0,2358.0,1011.0
0.0,6609.0,3382.0,3327.0,3372.0,3382.0,3382.0,2329.0,998.0,2366.0,1016.0
0.0,6599.0,3374.0,3328.0,3382.0,3377.0,3377.0,2329.0,999.0,2362.0,1012.0
0.0,6607.0,3369.0,3329.0,3377.0,3372.0,3372.0,2330.0,999.0,2359.0,1010.0
0.0,6615.0,3353.0,3329.0,3372.0,3353.0,3353.0,2330.0,999.0,2347.0,1006.0
0.0,6634.0,3337.0,3330.0,3353.0,3340.0,3340.0,2331.0,999.0,2336.0,1001.0
0.0,6650.0,3329.0,3330.0,3340.0,3329.0,3329.0,2331.0,999.0,2329.0,1000.0
0.0,6661.0,3315.0,3332.0,3329.0,3321.0,3321.0,2332.0,1000.0,2320.0,995.0
0.0,6675.0,3317.0,3332.0,3321.0,3317.0,3317.0,2332.0,1000.0,2323.0,994.0
0.0,6679.0,3320.0,3333.0,3317.0,3323.0,3323.0,2333.0,1000.0,2324.0,996.0
0.0,6676.0,3336.0,3333.0,3323.0,3336.0,3336.0,2333.0,1000.0,2336.0,1000.0
0.0,6663.0,3352.0,3334.0,3336.0,3355.0,3355.0,2334.0,1000.0,2344.0,1008.0
0.0,6647.0,3368.0,3334.0,3355.0,3368.0,3368.0,2334.0,1000.0,2358.0,1010.0
0.0,6634.0,3377.0,3336.0,3368.0,3383.0,3383.0,2335.0,1001.0,2364.0,1013.0
0.0,6625.0,3387.0,3336.0,3383.0,3387.0,3387.0,2335.0,1001.0,2372.0,1015.0
0.0,6621.0,3383.0,3337.0,3387.0,3386.0,3386.0,2336.0,1001.0,2368.0,1015.0
0.0,6625.0,3380.0,3337.0,3386.0,3380.0,3380.0,2336.0,1001.0,2365.0,1015.0
0.0,6631.0,3361.0,3338.0,3380.0,3364.0,3364.0,2336.0,1002.0,2353.0,1008.0
0.0,6650.0,3349.0,3339.0,3364.0,3352.0,3352.0,2337.0,1002.0,2345.0,1004.0
0.0,6665.0,3333.0,3339.0,3352.0,3333.0,3333.0,2337.0,1002.0,2333.0,1000.0
0.0,6684.0,3323.0,3340.0,3333.0,3326.0,3326.0,2338.0,1002.0,2326.0,997.0
0.0,6694.0,3329.0,3340.0,3326.0,3329.0,3329.0,2338.0,1002.0,2329.0,1000.0
0.0,6691.0,3329.0,3342.0,3329.0,3335.0,3335.0,2339.0,1003.0,2330.0,999.0
0.0,6691.0,3345.0,3342.0,3335.0,3345.0,3345.0,2339.0,1003.0,2342.0,1003.0
0.0,6681.0,3357.0,3343.0,3345.0,3360.0,3360.0,2340.0,1003.0,2350.0,1007.0
0.0,6669.0,3376.0,3343.0,3360.0,3376.0,3376.0,2340.0,1003.0,2364.0,1012.0
0.0,6653.0,3389.0,3344.0,3376.0,3392.0,3392.0,2341.0,1003.0,2370.0,1019.0
0.0,6640.0,3396.0,3345.0,3392.0,3399.0,3399.0,2341.0,1004.0,2378.0,1018.0
0.0,6636.0,3392.0,3346.0,3399.0,3395.0,3395.0,2342.0,1004.0,2374.0,1018.0
0.0,6643.0,3386.0,3346.0,3395.0,3386.0,3386.0,2342.0,1004.0,2371.0,1015.0
0.0,6652.0,3373.0,3347.0,3386.0,3376.0,3376.0,2343.0,1004.0,2359.0,1014.0
0.0,6665.0,3357.0,3347.0,3376.0,3357.0,3357.0,2343.0,1004.0,2351.0,1006.0
0.0,6684.0,3341.0,3348.0,3357.0,3344.0,3344.0,2343.0,1005.0,2339.0,1002.0
0.0,6700.0,3336.0,3349.0,3344.0,3339.0,3339.0,2344.0,1005.0,2336.0,1000.0
0.0,6708.0,3331.0,3349.0,3339.0,3331.0,3331.0,2344.0,1005.0,2332.0,999.0
0.0,6716.0,3340.0,3350.0,3331.0,3343.0,3343.0,2345.0,1005.0,2339.0,1001.0
0.0,6707.0,3353.0,3350.0,3343.0,3353.0,3353.0,2345.0,1005.0,2345.0,1008.0
0.0,6697.0,3366.0,3352.0,3353.0,3372.0,3372.0,2346.0,1006.0,2356.0,1010.0
0.0,6684.0,3386.0,3352.0,3372.0,3386.0,3386.0,2346.0,1006.0,2371.0,1015.0
0.0,6670.0,3395.0,3353.0,3386.0,3398.0,3398.0,2347.0,1006.0,2376.0,1019.0
0.0,6661.0,3404.0,3353.0,3398.0,3404.0,3404.0,2347.0,1006.0,2384.0,1020.0
0.0,6655.0,3403.0,3354.0,3404.0,3406.0,3406.0,2348.0,1006.0,2380.0,1023.0
0.0,6656.0,3395.0,3355.0,3406.0,3398.0,3398.0,2348.0,1007.0,2377.0,1018.0
0.0,6667.0,3379.0,3356.0,3398.0,3382.0,3382.0,2349.0,1007.0,2365.0,1014.0
0.0,6686.0,3366.0,3356.0,3382.0,3366.0,3366.0,2349.0,1007.0,2357.0,1009.0
0.0,6702.0,3350.0,3357.0,3366.0,3353.0,3353.0,2350.0,1007.0,2345.0,1005.0
0.0,6718.0,3347.0,3357.0,3353.0,3347.0,3347.0,2350.0,1007.0,2342.0,1005.0
0.0,6724.0,3340.0,3358.0,3347.0,3343.0,3343.0,2350.0,1008.0,2338.0,1002.0
0.0,6731.0,3349.0,3359.0,3343.0,3352.0,3352.0,2351.0,1008.0,2345.0,1004.0
0.0,6725.0,3359.0,3359.0,3352.0,3359.0,3359.0,2351.0,1008.0,2351.0,1008.0
0.0,6718.0,3375.0,3360.0,3359.0,3378.0,3378.0,2352.0,1008.0,2362.0,1013.0
0.0,6702.0,3397.0,3360.0,3378.0,3397.0,3397.0,2352.0,1008.0,2377.0,1020.0
0.0,6683.0,3403.0,3361.0,3397.0,3406.0,3406.0,2353.0,1008.0,2382.0,1021.0
0.0,6677.0,3413.0,3362.0,3406.0,3416.0,3416.0,2353.0,1009.0,2390.0,1023.0
0.0,6670.0,3409.0,3363.0,3416.0,3412.0,3412.0,2354.0,1009.0,2386.0,1023.0
0.0,6677.0,3403.0,3363.0,3412.0,3403.0,3403.0,2354.0,1009.0,2383.0,1020.0
0.0,6686.0,3390.0,3364.0,3403.0,3393.0,3393.0,2355.0,1009.0,2371.0,1019.0
0.0,6699.0,3375.0,3365.0,3393.0,3378.0,3378.0,2355.0,1010.0,2363.0,1012.0
0.0,6717.0,3359.0,3366.0,3378.0,3362.0,3362.0,2356.0,1010.0,2351.0,1008.0
0.0,6736.0,3353.0,3366.0,3362.0,3353.0,3353.0,2356.0,1010.0,2348.0,1005.0
0.0,6745.0,3349.0,3367.0,3353.0,3352.0,3352.0,2357.0,1010.0,2344.0,1005.0
0.0,6749.0,3361.0,3367.0,3352.0,3361.0,3361.0,2357.0,1010.0,2351.0,1010.0
0.0,6740.0,3367.0,3368.0,3361.0,3370.0,3370.0,2357.0,1011.0,2357.0,1010.0
0.0,6734.0,3386.0,3369.0,3370.0,3389.0,3389.0,2358.0,1011.0,2371.0,1015.0
0.0,6718.0,3400.0,3369.0,3389.0,3400.0,3400.0,2358.0,1011.0,2380.0,1020.0
0.0,6707.0,3416.0,3370.0,3400.0,3419.0,3419.0,2359.0,1011.0,2392.0,1024.0
0.0,6691.0,3422.0,3370.0,3419.0,3422.0,3422.0,2359.0,1011.0,2393.0,1029.0
0.0,6688.0,3417.0,3372.0,3422.0,3423.0,3423.0,2360.0,1012.0,2392.0,1025.0
0.0,6693.0,3412.0,3372.0,3423.0,3412.0,3412.0,2360.0,1012.0,2389.0,1023.0
0.0,6704.0,3396.0,3373.0,3412.0,3399.0,3399.0,2361.0,1012.0,2377.0,1019.0
0.0,6720.0,3386.0,3373.0,3399.0,3386.0,3386.0,2361.0,1012.0,2369.0,1017.0
0.0,6733.0,3367.0,3374.0,3386.0,3370.0,3370.0,2362.0,1012.0,2357.0,1010.0
0.0,6752.0,3362.0,3375.0,3370.0,3365.0,3365.0,2362.0,1013.0,2354.0,1008.0
0.0,6760.0,3357.0,3376.0,3365.0,3360.0,3360.0,2363.0,1013.0,2350.0,1007.0
0.0,6768.0,3366.0,3376.0,3360.0,3366.0,3366.0,2363.0,1013.0,2357.0,1009.0
0.0,6762.0,3376.0,3377.0,3366.0,3379.0,3379.0,2364.0,1013.0,2363.0,1013.0
0.0,6752.0,3399.0,3377.0,3379.0,3399.0,3399.0,2364.0,1013.0,2378.0,1021.0
0.0,6732.0,3409.0,3378.0,3399.0,3412.0,3412.0,2364.0,1014.0,2386.0,1023.0
0.0,6722.0,3424.0,3379.0,3412.0,3427.0,3427.0,2365.0,1014.0,2398.0,1026.0
0.0,6710.0,3427.0,3379.0,3427.0,3427.0,3427.0,2365.0,1014.0,2399.0,1028.0
0.0,6710.0,3429.0,3380.0,3427.0,3432.0,3432.0,2366.0,1014.0,2401.0,1028.0
0.0,6708.0,3420.0,3380.0,3432.0,3420.0,3420.0,2366.0,1014.0,2392.0,1028.0
0.0,6720.0,3404.0,3381.0,3420.0,3407.0,3407.0,2367.0,1014.0,2383.0,1021.0
0.0,6736.0,3392.0,3382.0,3407.0,3395.0,3395.0,2367.0,1015.0,2375.0,1017.0
0.0,6751.0,3376.0,3383.0,3395.0,3379.0,3379.0,2368.0,1015.0,2363.0,1013.0
0.0,6770.0,3370.0,3383.0,3379.0,3370.0,3370.0,2368.0,1015.0,2360.0,1010.0
0.0,6779.0,3369.0,3384.0,3370.0,3372.0,3372.0,2369.0,1015.0,2356.0,1013.0
0.0,6780.0,3376.0,3385.0,3372.0,3379.0,3379.0,2369.0,1016.0,2364.0,1012.0
0.0,6776.0,3385.0,3386.0,3379.0,3388.0,3388.0,2370.0,1016.0,2369.0,1016.0
0.0,6770.0,3404.0,3386.0,3388.0,3404.0,3404.0,2370.0,1016.0,2384.0,1020.0
0.0,6754.0,3420.0,3387.0,3404.0,3423.0,3423.0,2371.0,1016.0,2392.0,1028.0
0.0,6738.0,3433.0,3387.0,3423.0,3433.0,3433.0,2371.0,1016.0,2404.0,1029.0
0.0,6728.0,3436.0,3389.0,3433.0,3442.0,3442.0,2372.0,1017.0,2405.0,1031.0
0.0,6725.0,3438.0,3389.0,3442.0,3438.0,3438.0,2372.0,1017.0,2407.0,1031.0
0.0,6729.0,3426.0,3389.0,3438.0,3426.0,3426.0,2372.0,1017.0,2398.0,1028.0
0.0,6741.0,3416.0,3390.0,3426.0,3419.0,3419.0,2373.0,1017.0,2392.0,1024.0
0.0,6751.0,3400.0,3390.0,3419.0,3400.0,3400.0,2373.0,1017.0,2378.0,1022.0
0.0,6770.0,3384.0,3392.0,3400.0,3390.0,3390.0,2374.0,1018.0,2369.0,1015.0
0.0,6786.0,3379.0,3392.0,3390.0,3379.0,3379.0,2374.0,1018.0,2366.0,1013.0
0.0,6797.0,3374.0,3393.0,3379.0,3377.0,3377.0,2375.0,1018.0,2362.0,1012.0
0.0,6802.0,3384.0,3393.0,3377.0,3384.0,3384.0,2375.0,1018.0,2370.0,1014.0
0.0,6795.0,3396.0,3394.0,3384.0,3399.0,3399.0,2376.0,1018.0,2375.0,1021.0
0.0,6783.0,3413.0,3394.0,3399.0,3413.0,3413.0,2376.0,1018.0,2390.0,1023.0
0.0,6769.0,3426.0,3396.0,3413.0,3432.0,3432.0,2377.0,1019.0,2398.0,1028.0
0.0,6756.0,3442.0,3396.0,3432.0,3442.0,3442.0,2377.0,1019.0,2410.0,1032.0
0.0,6746.0,3444.0,3397.0,3442.0,3447.0,3447.0,2378.0,1019.0,2411.0,1033.0
0.0,6744.0,3449.0,3397.0,3447.0,3449.0,3449.0,2378.0,1019.0,2413.0,1036.0
0.0,6742.0,3435.0,3398.0,3449.0,3438.0,3438.0,2378.0,1020.0,2404.0,1031.0
0.0,6756.0,3425.0,3399.0,3438.0,3428.0,3428.0,2379.0,1020.0,2398.0,1027.0
0.0,6769.0,3406.0,3399.0,3428.0,3406.0,3406.0,2379.0,1020.0,2384.0,1022.0
0.0,6791.0,3393.0,3400.0,3406.0,3396.0,3396.0,2380.0,1020.0,2375.0,1018.0
0.0,6804.0,3390.0,3400.0,3396.0,3390.0,3390.0,2380.0,1020.0,2372.0,1018.0
0.0,6810.0,3383.0,3401.0,3390.0,3386.0,3386.0,2381.0,1020.0,2368.0,1015.0
0.0,6817.0,3393.0,3402.0,3386.0,3396.0,3396.0,2381.0,1021.0,2376.0,1017.0
0.0,6810.0,3403.0,3403.0,3396.0,3406.0,3406.0,2382.0,1021.0,2382.0,1021.0
0.0,6803.0,3422.0,3403.0,3406.0,3422.0,3422.0,2382.0,1021.0,2396.0,1026.0
0.0,6787.0,3437.0,3404.0,3422.0,3440.0,3440.0,2383.0,1021.0,2404.0,1033.0
0.0,6772.0,3450.0,3405.0,3440.0,3453.0,3453.0,2383.0,1022.0,2416.0,1034.0
0.0,6762.0,3453.0,3406.0,3453.0,3456.0,3456.0,2384.0,1022.0,2417.0,1036.0
0.0,6762.0,3456.0,3406.0,3456.0,3456.0,3456.0,2384.0,1022.0,2420.0,1036.0
0.0,6762.0,3443.0,3407.0,3456.0,3446.0,3446.0,2385.0,1022.0,2410.0,1033.0
0.0,6775.0,3436.0,3407.0,3446.0,3436.0,3436.0,2385.0,1022.0,2404.0,1032.0
0.0,6785.0,3415.0,3407.0,3436.0,3415.0,3415.0,2385.0,1022.0,2390.0,1025.0
0.0,6806.0,3405.0,3409.0,3415.0,3411.0,3411.0,2386.0,1023.0,2384.0,1021.0
0.0,6816.0,3393.0,3409.0,3411.0,3393.0,3393.0,2386.0,1023.0,2375.0,1018.0
0.0,6834.0,3392.0,3410.0,3393.0,3395.0,3395.0,2387.0,1023.0,2374.0,1018.0
0.0,6835.0,3405.0,3410.0,3395.0,3405.0,3405.0,2387.0,1023.0,2382.0,1023.0
0.0,6825.0,3411.0,3412.0,3405.0,3417.0,3417.0,2388.0,1024.0,2388.0,1023.0
0.0,6819.0,3430.0,3412.0,3417.0,3430.0,3430.0,2388.0,1024.0,2402.0,1028.0
0.0,6806.0,3443.0,3413.0,3430.0,3446.0,3446.0,2389.0,1024.0,2410.0,1033.0
0.0,6793.0,3459.0,3413.0,3446.0,3459.0,3459.0,2389.0,1024.0,2422.0,1037.0
0.0,6780.0,3465.0,3414.0,3459.0,3468.0,3468.0,2390.0,1024.0,2423.0,1042.0
0.0,6774.0,3464.0,3415.0,3468.0,3467.0,3467.0,2390.0,1025.0,2426.0,1038.0
0.0,6778.0,3453.0,3416.0,3467.0,3456.0,3456.0,2391.0,1025.0,2417.0,1036.0
0.0,6792.0,3442.0,3416.0,3456.0,3442.0,3442.0,2391.0,1025.0,2410.0,1032.0
0.0,6806.0,3423.0,3417.0,3442.0,3426.0,3426.0,2392.0,1025.0,2396.0,1027.0
0.0,6825.0,3416.0,3417.0,3426.0,3416.0,3416.0,2392.0,1025.0,2390.0,1026.0
0.0,6835.0,3402.0,3418.0,3416.0,3405.0,3405.0,2392.0,1026.0,2381.0,1021.0
0.0,6849.0,3403.0,3419.0,3405.0,3406.0,3406.0,2393.0,1026.0,2383.0,1020.0
0.0,6851.0,3407.0,3419.0,3406.0,3407.0,3407.0,2393.0,1026.0,2385.0,1022.0
0.0,6850.0,3420.0,3420.0,3407.0,3423.0,3423.0,2394.0,1026.0,2394.0,1026.0
0.0,6837.0,3442.0,3420.0,3423.0,3442.0,3442.0,2394.0,1026.0,2408.0,1034.0
0.0,6818.0,3452.0,3421.0,3442.0,3455.0,3455.0,2395.0,1026.0,2416.0,1036.0
0.0,6808.0,3467.0,3422.0,3455.0,3470.0,3470.0,2395.0,1027.0,2428.0,1039.0
0.0,6796.0,3470.0,3423.0,3470.0,3473.0,3473.0,2396.0,1027.0,2429.0,1041.0
0.0,6796.0,3473.0,3423.0,3473.0,3473.0,3473.0,2396.0,1027.0,2432.0,1041.0
0.0,6796.0,3464.0,3424.0,3473.0,3467.0,3467.0,2397.0,1027.0,2423.0,1041.0
0.0,6805.0,3450.0,3425.0,3467.0,3453.0,3453.0,2397.0,1028.0,2416.0,1034.0
0.0,6822.0,3433.0,3426.0,3453.0,3436.0,3436.0,2398.0,1028.0,2403.0,1030.0
0.0,6842.0,3422.0,3426.0,3436.0,3422.0,3422.0,2398.0,1028.0,2396.0,1026.0
0.0,6856.0,3410.0,3427.0,3422.0,3413.0,3413.0,2399.0,1028.0,2387.0,1023.0
0.0,6868.0,3415.0,3427.0,3413.0,3415.0,3415.0,2399.0,1028.0,2389.0,1026.0
0.0,6866.0,3416.0,3428.0,3415.0,3419.0,3419.0,2399.0,1029.0,2391.0,1025.0
0.0,6865.0,3432.0,3429.0,3419.0,3435.0,3435.0,2400.0,1029.0,2403.0,1029.0
0.0,6852.0,3444.0,3429.0,3435.0,3444.0,3444.0,2400.0,1029.0,2411.0,1033.0
0.0,6843.0,3463.0,3430.0,3444.0,3466.0,3466.0,2401.0,1029.0,2425.0,1038.0
0.0,6824.0,3476.0,3430.0,3466.0,3476.0,3476.0,2401.0,1029.0,2431.0,1045.0
0.0,6814.0,3479.0,3432.0,3476.0,3485.0,3485.0,2402.0,1030.0,2435.0,1044.0
0.0,6811.0,3482.0,3432.0,3485.0,3482.0,3482.0,2402.0,1030.0,2438.0,1044.0
0.0,6814.0,3470.0,3433.0,3482.0,3473.0,3473.0,2403.0,1030.0,2429.0,1041.0
0.0,6826.0,3462.0,3433.0,3473.0,3462.0,3462.0,2403.0,1030.0,2422.0,1040.0
0.0,6837.0,3441.0,3434.0,3462.0,3444.0,3444.0,2404.0,1030.0,2409.0,1032.0
0.0,6858.0,3430.0,3435.0,3444.0,3433.0,3433.0,2404.0,1031.0,2402.0,1028.0
0.0,6872.0,3419.0,3436.0,3433.0,3422.0,3422.0,2405.0,1031.0,2393.0,1026.0
0.0,6886.0,3420.0,3436.0,3422.0,3420.0,3420.0,2405.0,1031.0,2395.0,1025.0
0.0,6888.0,3424.0,3437.0,3420.0,3427.0,3427.0,2406.0,1031.0,2397.0,1027.0
0.0,6884.0,3443.0,3437.0,3427.0,3443.0,3443.0,2406.0,1031.0,2409.0,1034.0
0.0,6868.0,3453.0,3438.0,3443.0,3456.0,3456.0,2406.0,1032.0,2417.0,1036.0
0.0,6858.0,3472.0,3439.0,3456.0,3475.0,3475.0,2407.0,1032.0,2431.0,1041.0
0.0,6842.0,3482.0,3439.0,3475.0,3482.0,3482.0,2407.0,1032.0,2437.0,1045.0
0.0,6835.0,3487.0,3440.0,3482.0,3490.0,3490.0,2408.0,1032.0,2441.0,1046.0
0.0,6830.0,3493.0,3440.0,3490.0,3493.0,3493.0,2408.0,1032.0,2444.0,1049.0
0.0,6827.0,3479.0,3442.0,3493.0,3485.0,3485.0,2409.0,1033.0,2435.0,1044.0
0.0,6841.0,3468.0,3442.0,3485.0,3468.0,3468.0,2409.0,1033.0,2428.0,1040.0
0.0,6858.0,3450.0,3443.0,3468.0,3453.0,3453.0,2410.0,1033.0,2415.0,1035.0
0.0,6876.0,3439.0,3443.0,3453.0,3439.0,3439.0,2410.0,1033.0,2408.0,1031.0
0.0,6890.0,3430.0,3444.0,3439.0,3433.0,3433.0,2411.0,1033.0,2399.0,1031.0
0.0,6899.0,3430.0,3445.0,3433.0,3433.0,3433.0,2411.0,1034.0,2402.0,1028.0
0.0,6902.0,3433.0,3446.0,3433.0,3436.0,3436.0,2412.0,1034.0,2403.0,1030.0
0.0,6902.0,3449.0,3446.0,3436.0,3449.0,3449.0,2412.0,1034.0,2415.0,1034.0
0.0,6889.0,3462.0,3447.0,3449.0,3465.0,3465.0,2413.0,1034.0,2423.0,1039.0
0.0,6876.0,3483.0,3447.0,3465.0,3483.0,3483.0,2413.0,1034.0,2437.0,1046.0
0.0,6858.0,3490.0,3447.0,3483.0,3490.0,3490.0,2413.0,1034.0,2443.0,1047.0
0.0,6851.0,3500.0,3449.0,3490.0,3506.0,3506.0,2414.0,1035.0,2451.0,1049.0
0.0,6841.0,3496.0,3449.0,3506.0,3496.0,3496.0,2414.0,1035.0,2447.0,1049.0
0.0,6851.0,3487.0,3450.0,3496.0,3490.0,3490.0,2415.0,1035.0,2441.0,1046.0
0.0,6860.0,3479.0,3450.0,3490.0,3479.0,3479.0,2415.0,1035.0,2434.0,1045.0
0.0,6871.0,3459.0,3452.0,3479.0,3465.0,3465.0,2416.0,1036.0,2421.0,1038.0
0.0,6891.0,3448.0,3452.0,3465.0,3448.0,3448.0,2416.0,1036.0,2414.0,1034.0
0.0,6908.0,3436.0,3453.0,3448.0,3439.0,3439.0,2417.0,1036.0,2405.0,1031.0
0.0,6920.0,3439.0,3453.0,3439.0,3439.0,3439.0,2417.0,1036.0,2408.0,1031.0
0.0,6920.0,3445.0,3454.0,3439.0,3448.0,3448.0,2418.0,1036.0,2409.0,1036.0
0.0,6914.0,3457.0,3455.0,3448.0,3460.0,3460.0,2418.0,1037.0,2421.0,1036.0
0.0,6905.0,3470.0,3456.0,3460.0,3473.0,3473.0,2419.0,1037.0,2429.0,1041.0
0.0,6895.0,3489.0,3456.0,3473.0,3489.0,3489.0,2419.0,1037.0,2443.0,1046.0
0.0,6879.0,3499.0,3457.0,3489.0,3502.0,3502.0,2420.0,1037.0,2449.0,1050.0
0.0,6869.0,3512.0,3457.0,3502.0,3512.0,3512.0,2420.0,1037.0,2457.0,1055.0
0.0,6859.0,3504.0,3458.0,3512.0,3507.0,3507.0,2420.0,1038.0,2453.0,1051.0
0.0,6867.0,3499.0,3459.0,3507.0,3502.0,3502.0,2421.0,1038.0,2450.0,1049.0
0.0,6875.0,3483.0,3459.0,3502.0,3483.0,3483.0,2421.0,1038.0,2438.0,1045.0
0.0,6894.0,3470.0,3460.0,3483.0,3473.0,3473.0,2422.0,1038.0,2427.0,1043.0
0.0,6907.0,3456.0,3460.0,3473.0,3456.0,3456.0,2422.0,1038.0,2420.0,1036.0
0.0,6924.0,3445.0,3462.0,3456.0,3451.0,3451.0,2423.0,1039.0,2411.0,1034.0
0.0,6935.0,3447.0,3462.0,3451.0,3447.0,3447.0,2423.0,1039.0,2414.0,1033.0
0.0,6939.0,3450.0,3463.0,3447.0,3453.0,3453.0,2424.0,1039.0,2415.0,1035.0
0.0,6936.0,3466.0,3463.0,3453.0,3466.0,3466.0,2424.0,1039.0,2427.0,1039.0
0.0,6923.0,3482.0,3464.0,3466.0,3485.0,3485.0,2425.0,1039.0,2435.0,1047.0
0.0,6907.0,3498.0,3465.0,3485.0,3501.0,3501.0,2425.0,1040.0,2449.0,1049.0
0.0,6894.0,3507.0,3466.0,3501.0,3510.0,3510.0,2426.0,1040.0,2455.0,1052.0
0.0,6888.0,3517.0,3466.0,3510.0,3517.0,3517.0,2426.0,1040.0,2463.0,1054.0
0.0,6881.0,3513.0,3467.0,3517.0,3516.0,3516.0,2427.0,1040.0,2459.0,1054.0
0.0,6885.0,3510.0,3467.0,3516.0,3510.0,3510.0,2427.0,1040.0,2456.0,1054.0
0.0,6891.0,3491.0,3467.0,3510.0,3491.0,3491.0,2427.0,1040.0,2444.0,1047.0
0.0,6910.0,3479.0,3469.0,3491.0,3485.0,3485.0,2428.0,1041.0,2436.0,1043.0
0.0,6922.0,3463.0,3469.0,3485.0,3463.0,3463.0,2428.0,1041.0,2424.0,1039.0
0.0,6944.0,3453.0,3470.0,3463.0,3456.0,3456.0,2429.0,1041.0,2417.0,1036.0
0.0,6954.0,3459.0,3470.0,3456.0,3459.0,3459.0,2429.0,1041.0,2420.0,1039.0
0.0,6951.0,3459.0,3472.0,3459.0,3465.0,3465.0,2430.0,1042.0,2421.0,1038.0
0.0,6951.0,3475.0,3472.0,3465.0,3475.0,3475.0,2430.0,1042.0,2433.0,1042.0
0.0,6941.0,3487.0,3473.0,3475.0,3490.0,3490.0,2431.0,1042.0,2441.0,1046.0
0.0,6929.0,3509.0,3473.0,3490.0,3509.0,3509.0,2431.0,1042.0,2455.0,1054.0
0.0,6910.0,3516.0,3474.0,3509.0,3519.0,3519.0,2432.0,1042.0,2461.0,1055.0
0.0,6903.0,3526.0,3475.0,3519.0,3529.0,3529.0,2432.0,1043.0,2469.0,1057.0
0.0,6896.0,3522.0,3476.0,3529.0,3525.0,3525.0,2433.0,1043.0,2465.0,1057.0
0.0,6903.0,3516.0,3476.0,3525.0,3516.0,3516.0,2433.0,1043.0,2462.0,1054.0
0.0,6912.0,3500.0,3477.0,3516.0,3503.0,3503.0,2434.0,1043.0,2450.0,1050.0
0.0,6928.0,3490.0,3477.0,3503.0,3490.0,3490.0,2434.0,1043.0,2442.0,1048.0
0.0,6941.0,3471.0,3478.0,3490.0,3474.0,3474.0,2434.0,1044.0,2430.0,1041.0
0.0,6960.0,3466.0,3479.0,3474.0,3469.0,3469.0,2435.0,1044.0,2427.0,1039.0
0.0,6968.0,3461.0,3479.0,3469.0,3461.0,3461.0,2435.0,1044.0,2423.0,1038.0
0.0,6976.0,3467.0,3480.0,3461.0,3470.0,3470.0,2436.0,1044.0,2427.0,1040.0
0.0,6970.0,3486.0,3480.0,3470.0,3486.0,3486.0,2436.0,1044.0,2439.0,1047.0
0.0,6954.0,3496.0,3481.0,3486.0,3499.0,3499.0,2437.0,1044.0,2447.0,1049.0
0.0,6944.0,3515.0,3482.0,3499.0,3518.0,3518.0,2437.0,1045.0,2461.0,1054.0
0.0,6928.0,3525.0,3483.0,3518.0,3528.0,3528.0,2438.0,1045.0,2467.0,1058.0
0.0,6921.0,3534.0,3483.0,3528.0,3534.0,3534.0,2438.0,1045.0,2475.0,1059.0
0.0,6915.0,3533.0,3484.0,3534.0,3536.0,3536.0,2439.0,1045.0,2471.0,1062.0
0.0,6916.0,3525.0,3485.0,3536.0,3528.0,3528.0,2439.0,1046.0,2468.0,1057.0
0.0,6927.0,3509.0,3486.0,3528.0,3512.0,3512.0,2440.0,1046.0,2456.0,1053.0
0.0,6946.0,3496.0,3486.0,3512.0,3496.0,3496.0,2440.0,1046.0,2448.0,1048.0
0.0,6962.0,3480.0,3487.0,3496.0,3483.0,3483.0,2441.0,1046.0,2436.0,1044.0
0.0,6978.0,3477.0,3487.0,3483.0,3477.0,3477.0,2441.0,1046.0,2433.0,1044.0
0.0,6984.0,3470.0,3487.0,3477.0,3470.0,3470.0,2441.0,1046.0,2429.0,1041.0
0.0,6991.0,3479.0,3489.0,3470.0,3485.0,3485.0,2442.0,1047.0,2436.0,1043.0
0.0,6982.0,3489.0,3489.0,3485.0,3489.0,3489.0,2442.0,1047.0,2442.0,1047.0
0.0,6978.0,3505.0,3490.0,3489.0,3508.0,3508.0,2443.0,1047.0,2453.0,1052.0
0.0,6962.0,3527.0,3490.0,3508.0,3527.0,3527.0,2443.0,1047.0,2468.0,1059.0
0.0,6943.0,3533.0,3492.0,3527.0,3539.0,3539.0,2444.0,1048.0,2473.0,1060.0
0.0,6937.0,3543.0,3492.0,3539.0,3543.0,3543.0,2444.0,1048.0,2481.0,1062.0
0.0,6933.0,3539.0,3493.0,3543.0,3542.0,3542.0,2445.0,1048.0,2477.0,1062.0
0.0,6937.0,3533.0,3493.0,3542.0,3533.0,3533.0,2445.0,1048.0,2474.0,1059.0
0.0,6946.0,3520.0,3494.0,3533.0,3523.0,3523.0,2446.0,1048.0,2462.0,1058.0
0.0,6959.0,3505.0,3494.0,3523.0,3505.0,3505.0,2446.0,1048.0,2454.0,1051.0
0.0,6977.0,3489.0,3496.0,3505.0,3495.0,3495.0,2447.0,1049.0,2442.0,1047.0
0.0,6993.0,3483.0,3496.0,3495.0,3483.0,3483.0,2447.0,1049.0,2439.0,1044.0
0.0,7005.0,3479.0,3497.0,3483.0,3482.0,3482.0,2448.0,1049.0,2435.0,1044.0
0.0,7009.0,3491.0,3497.0,3482.0,3491.0,3491.0,2448.0,1049.0,2442.0,1049.0
0.0,7000.0,3497.0,3498.0,3491.0,3500.0,3500.0,2448.0,1050.0,2448.0,1049.0
0.0,6994.0,3516.0,3499.0,3500.0,3519.0,3519.0,2449.0,1050.0,2462.0,1054.0
0.0,6978.0,3530.0,3499.0,3519.0,3530.0,3530.0,2449.0,1050.0,2471.0,1059.0
0.0,6967.0,3542.0,3500.0,3530.0,3545.0,3545.0,2450.0,1050.0,2479.0,1063.0
0.0,6955.0,3555.0,3500.0,3545.0,3555.0,3555.0,2450.0,1050.0,2487.0,1068.0
0.0,6945.0,3547.0,3502.0,3555.0,3553.0,3553.0,2451.0,1051.0,2483.0,1064.0
0.0,6953.0,3542.0,3502.0,3553.0,3542.0,3542.0,2451.0,1051.0,2480.0,1062.0
0.0,6964.0,3526.0,3503.0,3542.0,3529.0,3529.0,2452.0,1051.0,2468.0,1058.0
0.0,6980.0,3513.0,3503.0,3529.0,3513.0,3513.0,2452.0,1051.0,2460.0,1053.0
0.0,6996.0,3500.0,3504.0,3513.0,3503.0,3503.0,2453.0,1051.0,2448.0,1052.0
0.0,7009.0,3492.0,3505.0,3503.0,3495.0,3495.0,2453.0,1052.0,2445.0,1047.0
0.0,7020.0,3487.0,3506.0,3495.0,3490.0,3490.0,2454.0,1052.0,2441.0,1046.0
0.0,7028.0,3496.0,3506.0,3490.0,3496.0,3496.0,2454.0,1052.0,2448.0,1048.0
0.0,7022.0,3506.0,3506.0,3496.0,3506.0,3506.0,2454.0,1052.0,2454.0,1052.0
0.0,7012.0,3528.0,3507.0,3506.0,3531.0,3531.0,2455.0,1052.0,2468.0,1060.0
0.0,6990.0,3539.0,3507.0,3531.0,3539.0,3539.0,2455.0,1052.0,2477.0,1062.0
0.0,6982.0,3554.0,3509.0,3539.0,3560.0,3560.0,2456.0,1053.0,2489.0,1065.0
0.0,6967.0,3557.0,3509.0,3560.0,3557.0,3557.0,2456.0,1053.0,2490.0,1067.0
0.0,6970.0,3556.0,3510.0,3557.0,3559.0,3559.0,2457.0,1053.0,2489.0,1067.0
0.0,6971.0,3553.0,3510.0,3559.0,3553.0,3553.0,2457.0,1053.0,2486.0,1067.0
0.0,6977.0,3534.0,3512.0,3553.0,3540.0,3540.0,2458.0,1054.0,2474.0,1060.0
0.0,6996.0,3522.0,3512.0,3540.0,3522.0,3522.0,2458.0,1054.0,2466.0,1056.0
0.0,7014.0,3506.0,3513.0,3522.0,3509.0,3509.0,2459.0,1054.0,2454.0,1052.0
0.0,7030.0,3500.0,3513.0,3509.0,3500.0,3500.0,2459.0,1054.0,2451.0,1049.0
0.0,7039.0,3499.0,3514.0,3500.0,3502.0,3502.0,2460.0,1054.0,2447.0,1052.0
0.0,7040.0,3505.0,3515.0,3502.0,3508.0,3508.0,2460.0,1055.0,2454.0,1051.0
0.0,7037.0,3515.0,3516.0,3508.0,3518.0,3518.0,2461.0,1055.0,2460.0,1055.0
0.0,7030.0,3534.0,3516.0,3518.0,3534.0,3534.0,2461.0,1055.0,2475.0,1059.0
0.0,7014.0,3547.0,3517.0,3534.0,3550.0,3550.0,2462.0,1055.0,2483.0,1064.0
0.0,7001.0,3566.0,3517.0,3550.0,3566.0,3566.0,2462.0,1055.0,2495.0,1071.0
0.0,6985.0,3566.0,3518.0,3566.0,3569.0,3569.0,2462.0,1056.0,2496.0,1070.0
0.0,6985.0,3568.0,3519.0,3569.0,3571.0,3571.0,2463.0,1056.0,2498.0,1070.0
0.0,6986.0,3556.0,3519.0,3571.0,3556.0,3556.0,2463.0,1056.0,2489.0,1067.0
0.0,7001.0,3546.0,3520.0,3556.0,3549.0,3549.0,2464.0,1056.0,2480.0,1066.0
0.0,7011.0,3530.0,3520.0,3549.0,3530.0,3530.0,2464.0,1056.0,2472.0,1058.0
0.0,7030.0,3514.0,3522.0,3530.0,3520.0,3520.0,2465.0,1057.0,2460.0,1054.0
0.0,7046.0,3509.0,3522.0,3520.0,3509.0,3509.0,2465.0,1057.0,2457.0,1052.0
0.0,7057.0,3504.0,3523.0,3509.0,3507.0,3507.0,2466.0,1057.0,2453.0,1051.0
0.0,7062.0,3514.0,3523.0,3507.0,3514.0,3514.0,2466.0,1057.0,2461.0,1053.0
0.0,7055.0,3526.0,3524.0,3514.0,3529.0,3529.0,2467.0,1057.0,2466.0,1060.0
0.0,7043.0,3543.0,3525.0,3529.0,3546.0,3546.0,2467.0,1058.0,2481.0,1062.0
0.0,7029.0,3556.0,3526.0,3546.0,3559.0,3559.0,2468.0,1058.0,2489.0,1067.0
0.0,7019.0,3572.0,3526.0,3559.0,3572.0,3572.0,2468.0,1058.0,2501.0,1071.0
0.0,7006.0,3574.0,3526.0,3572.0,3574.0,3574.0,2468.0,1058.0,2502.0,1072.0
0.0,7004.0,3579.0,3527.0,3574.0,3582.0,3582.0,2469.0,1058.0,2504.0,1075.0
0.0,6999.0,3565.0,3528.0,3582.0,3568.0,3568.0,2469.0,1059.0,2495.0,1070.0
0.0,7016.0,3552.0,3529.0,3568.0,3555.0,3555.0,2470.0,1059.0,2486.0,1066.0
0.0,7032.0,3539.0,3529.0,3555.0,3539.0,3539.0,2470.0,1059.0,2478.0,1061.0
0.0,7048.0,3523.0,3530.0,3539.0,3526.0,3526.0,2471.0,1059.0,2466.0,1057.0
0.0,7064.0,3520.0,3530.0,3526.0,3520.0,3520.0,2471.0,1059.0,2463.0,1057.0
0.0,7070.0,3513.0,3532.0,3520.0,3519.0,3519.0,2472.0,1060.0,2459.0,1054.0
0.0,7077.0,3523.0,3532.0,3519.0,3523.0,3523.0,2472.0,1060.0,2467.0,1056.0
0.0,7073.0,3532.0,3533.0,3523.0,3535.0,3535.0,2473.0,1060.0,2472.0,1060.0
0.0,7064.0,3552.0,3533.0,3535.0,3552.0,3552.0,2473.0,1060.0,2487.0,1065.0
0.0,7047.0,3567.0,3534.0,3552.0,3570.0,3570.0,2474.0,1060.0,2495.0,1072.0
0.0,7032.0,3580.0,3534.0,3570.0,3580.0,3580.0,2474.0,1060.0,2507.0,1073.0
0.0,7022.0,3583.0,3536.0,3580.0,3589.0,3589.0,2475.0,1061.0,2508.0,1075.0
0.0,7019.0,3585.0,3536.0,3589.0,3585.0,3585.0,2475.0,1061.0,2510.0,1075.0
0.0,7023.0,3573.0,3536.0,3585.0,3573.0,3573.0,2475.0,1061.0,2501.0,1072.0
0.0,7035.0,3566.0,3537.0,3573.0,3569.0,3569.0,2476.0,1061.0,2495.0,1071.0
0.0,7042.0,3545.0,3538.0,3569.0,3548.0,3548.0,2476.0,1062.0,2481.0,1064.0
0.0,7066.0,3532.0,3539.0,3548.0,3535.0,3535.0,2477.0,1062.0,2472.0,1060.0
0.0,7082.0,3526.0,3539.0,3535.0,3526.0,3526.0,2477.0,1062.0,2469.0,1057.0
0.0,7091.0,3522.0,3540.0,3526.0,3525.0,3525.0,2478.0,1062.0,2465.0,1057.0
0.0,7095.0,3535.0,3540.0,3525.0,3535.0,3535.0,2478.0,1062.0,2473.0,1062.0
0.0,7085.0,3541.0,3542.0,3535.0,3547.0,3547.0,2479.0,1063.0,2479.0,1062.0
0.0,7079.0,3560.0,3542.0,3547.0,3560.0,3560.0,2479.0,1063.0,2493.0,1067.0
0.0,7066.0,3573.0,3543.0,3560.0,3576.0,3576.0,2480.0,1063.0,2501.0,1072.0
0.0,7053.0,3589.0,3543.0,3576.0,3589.0,3589.0,2480.0,1063.0,2513.0,1076.0
0.0,7040.0,3595.0,3544.0,3589.0,3598.0,3598.0,2481.0,1063.0,2514.0,1081.0
0.0,7034.0,3594.0,3545.0,3598.0,3597.0,3597.0,2481.0,1064.0,2517.0,1077.0
0.0,7038.0,3582.0,3546.0,3597.0,3585.0,3585.0,2482.0,1064.0,2507.0,1075.0
0.0,7053.0,3572.0,3546.0,3585.0,3572.0,3572.0,2482.0,1064.0,2501.0,1071.0
0.0,7066.0,3556.0,3546.0,3572.0,3556.0,3556.0,2482.0,1064.0,2487.0,1069.0
0.0,7082.0,3543.0,3547.0,3556.0,3546.0,3546.0,2483.0,1064.0,2481.0,1062.0
0.0,7095.0,3532.0,3548.0,3546.0,3535.0,3535.0,2483.0,1065.0,2472.0,1060.0
0.0,7109.0,3530.0,3549.0,3535.0,3533.0,3533.0,2484.0,1065.0,2471.0,1059.0
0.0,7114.0,3540.0,3549.0,3533.0,3540.0,3540.0,2484.0,1065.0,2479.0,1061.0
0.0,7107.0,3550.0,3550.0,3540.0,3553.0,3553.0,2485.0,1065.0,2485.0,1065.0
0.0,7097.0,3572.0,3550.0,3553.0,3572.0,3572.0,2485.0,1065.0,2499.0,1073.0
0.0,7078.0,3582.0,3552.0,3572.0,3588.0,3588.0,2486.0,1066.0,2507.0,1075.0
0.0,7068.0,3597.0,3552.0,3588.0,3597.0,3597.0,2486.0,1066.0,2519.0,1078.0
0.0,7059.0,3600.0,3553.0,3597.0,3603.0,3603.0,2487.0,1066.0,2520.0,1080.0
0.0,7056.0,3603.0,3553.0,3603.0,3603.0,3603.0,2487.0,1066.0,2523.0,1080.0
0.0,7056.0,3594.0,3554.0,3603.0,3597.0,3597.0,2488.0,1066.0,2514.0,1080.0
0.0,7065.0,3580.0,3554.0,3597.0,3580.0,3580.0,2488.0,1066.0,2507.0,1073.0
0.0,7082.0,3562.0,3556.0,3580.0,3568.0,3568.0,2489.0,1067.0,2493.0,1069.0
0.0,7100.0,3552.0,3556.0,3568.0,3552.0,3552.0,2489.0,1067.0,2487.0,1065.0
0.0,7116.0,3540.0,3556.0,3552.0,3540.0,3540.0,2489.0,1067.0,2478.0,1062.0
0.0,7128.0,3545.0,3557.0,3540.0,3548.0,3548.0,2490.0,1067.0,2480.0,1065.0
0.0,7123.0,3546.0,3558.0,3548.0,3549.0,3549.0,2490.0,1068.0,2482.0,1064.0
0.0,7125.0,3562.0,3559.0,3549.0,3565.0,3565.0,2491.0,1068.0,2494.0,1068.0
0.0,7112.0,3574.0,3559.0,3565.0,3574.0,3574.0,2491.0,1068.0,2502.0,1072.0
0.0,7103.0,3593.0,3560.0,3574.0,3596.0,3596.0,2492.0,1068.0,2513.0,1080.0
0.0,7084.0,3606.0,3560.0,3596.0,3606.0,3606.0,2492.0,1068.0,2525.0,1081.0
0.0,7074.0,3609.0,3562.0,3606.0,3615.0,3615.0,2493.0,1069.0,2526.0,1083.0
0.0,7071.0,3612.0,3562.0,3615.0,3612.0,3612.0,2493.0,1069.0,2529.0,1083.0
0.0,7074.0,3600.0,3563.0,3612.0,3603.0,3603.0,2494.0,1069.0,2520.0,1080.0
0.0,7086.0,3589.0,3563.0,3603.0,3589.0,3589.0,2494.0,1069.0,2513.0,1076.0
0.0,7100.0,3574.0,3564.0,3589.0,3577.0,3577.0,2495.0,1069.0,2500.0,1074.0
0.0,7115.0,3560.0,3565.0,3577.0,3563.0,3563.0,2495.0,1070.0,2493.0,1067.0
0.0,7132.0,3549.0,3566.0,3563.0,3552.0,3552.0,2496.0,1070.0,2484.0,1065.0
0.0,7146.0,3550.0,3566.0,3552.0,3550.0,3550.0,2496.0,1070.0,2486.0,1064.0
0.0,7148.0,3554.0,3566.0,3550.0,3554.0,3554.0,2496.0,1070.0,2488.0,1066.0
0.0,7144.0,3573.0,3567.0,3554.0,3576.0,3576.0,2497.0,1070.0,2500.0,1073.0
0.0,7125.0,3583.0,3567.0,3576.0,3583.0,3583.0,2497.0,1070.0,2508.0,1075.0
0.0,7118.0,3599.0,3569.0,3583.0,3605.0,3605.0,2498.0,1071.0,2519.0,1080.0
0.0,7102.0,3615.0,3569.0,3605.0,3615.0,3615.0,2498.0,1071.0,2531.0,1084.0
0.0,7092.0,3617.0,3570.0,3615.0,3620.0,3620.0,2499.0,1071.0,2532.0,1085.0
0.0,7090.0,3623.0,3570.0,3620.0,3623.0,3623.0,2499.0,1071.0,2535.0,1088.0
0.0,7087.0,3609.0,3572.0,3623.0,3615.0,3615.0,2500.0,1072.0,2526.0,1083.0
0.0,7101.0,3598.0,3572.0,3615.0,3598.0,3598.0,2500.0,1072.0,2519.0,1079.0
0.0,7118.0,3580.0,3573.0,3598.0,3583.0,3583.0,2501.0,1072.0,2506.0,1074.0
0.0,7136.0,3569.0,3573.0,3583.0,3569.0,3569.0,2501.0,1072.0,2499.0,1070.0
0.0,7150.0,3560.0,3574.0,3569.0,3563.0,3563.0,2502.0,1072.0,2490.0,1070.0
0.0,7159.0,3560.0,3574.0,3563.0,3560.0,3560.0,2502.0,1072.0,2493.0,1067.0
0.0,7162.0,3563.0,3576.0,3560.0,3569.0,3569.0,2503.0,1073.0,2494.0,1069.0
0.0,7159.0,3579.0,3576.0,3569.0,3579.0,3579.0,2503.0,1073.0,2506.0,1073.0
0.0,7149.0,3592.0,3577.0,3579.0,3595.0,3595.0,2504.0,1073.0,2514.0,1078.0
0.0,7136.0,3613.0,3577.0,3595.0,3613.0,3613.0,2504.0,1073.0,2528.0,1085.0
0.0,7118.0,3620.0,3578.0,3613.0,3623.0,3623.0,2504.0,1074.0,2534.0,1086.0
0.0,7111.0,3630.0,3579.0,3623.0,3633.0,3633.0,2505.0,1074.0,2542.0,1088.0
0.0,7104.0,3626.0,3579.0,3633.0,3626.0,3626.0,2505.0,1074.0,2538.0,1088.0
0.0,7111.0,3617.0,3580.0,3626.0,3620.0,3620.0,2506.0,1074.0,2532.0,1085.0
0.0,7120.0,3609.0,3580.0,3620.0,3609.0,3609.0,2506.0,1074.0,2525.0,1084.0
0.0,7131.0,3589.0,3581.0,3609.0,3592.0,3592.0,2507.0,1074.0,2512.0,1077.0
0.0,7151.0,3578.0,3582.0,3592.0,3581.0,3581.0,2507.0,1075.0,2505.0,1073.0
0.0,7165.0,3566.0,3583.0,3581.0,3569.0,3569.0,2508.0,1075.0,2496.0,1070.0
0.0,7180.0,3569.0,3583.0,3569.0,3569.0,3569.0,2508.0,1075.0,2499.0,1070.0
0.0,7180.0,3575.0,3584.0,3569.0,3578.0,3578.0,2509.0,1075.0,2500.0,1075.0
0.0,7174.0,3587.0,3585.0,3578.0,3590.0,3590.0,2509.0,1076.0,2512.0,1075.0
0.0,7165.0,3600.0,3586.0,3590.0,3603.0,3603.0,2510.0,1076.0,2520.0,1080.0
0.0,7155.0,3619.0,3586.0,3603.0,3619.0,3619.0,2510.0,1076.0,2534.0,1085.0
0.0,7139.0,3629.0,3586.0,3619.0,3629.0,3629.0,2510.0,1076.0,2540.0,1089.0
0.0,7129.0,3642.0,3587.0,3629.0,3645.0,3645.0,2511.0,1076.0,2548.0,1094.0
0.0,7116.0,3634.0,3588.0,3645.0,3637.0,3637.0,2511.0,1077.0,2544.0,1090.0
0.0,7127.0,3629.0,3589.0,3637.0,3632.0,3632.0,2512.0,1077.0,2541.0,1088.0
0.0,7135.0,3612.0,3589.0,3632.0,3612.0,3612.0,2512.0,1077.0,2528.0,1084.0
0.0,7155.0,3597.0,3590.0,3612.0,3600.0,3600.0,2513.0,1077.0,2518.0,1079.0
0.0,7170.0,3589.0,3590.0,3600.0,3589.0,3589.0,2513.0,1077.0,2511.0,1078.0
0.0,7181.0,3575.0,3592.0,3589.0,3581.0,3581.0,2514.0,1078.0,2502.0,1073.0
0.0,7195.0,3577.0,3592.0,3581.0,3577.0,3577.0,2514.0,1078.0,2505.0,1072.0
0.0,7199.0,3580.0,3593.0,3577.0,3583.0,3583.0,2515.0,1078.0,2506.0,1074.0
0.0,7196.0,3596.0,3593.0,3583.0,3596.0,3596.0,2515.0,1078.0,2518.0,1078.0
0.0,7183.0,3612.0,3594.0,3596.0,3615.0,3615.0,2516.0,1078.0,2526.0,1086.0
0.0,7167.0,3628.0,3594.0,3615.0,3628.0,3628.0,2516.0,1078.0,2540.0,1088.0
0.0,7154.0,3637.0,3596.0,3628.0,3643.0,3643.0,2517.0,1079.0,2546.0,1091.0
0.0,7145.0,3647.0,3596.0,3643.0,3647.0,3647.0,2517.0,1079.0,2554.0,1093.0
0.0,7141.0,3643.0,3597.0,3647.0,3646.0,3646.0,2518.0,1079.0,2550.0,1093.0
0.0,7145.0,3640.0,3597.0,3646.0,3640.0,3640.0,2518.0,1079.0,2547.0,1093.0
0.0,7151.0,3621.0,3598.0,3640.0,3624.0,3624.0,2518.0,1080.0,2535.0,1086.0
0.0,7170.0,3609.0,3599.0,3624.0,3612.0,3612.0,2519.0,1080.0,2527.0,1082.0
0.0,7185.0,3592.0,3599.0,3612.0,3592.0,3592.0,2519.0,1080.0,2514.0,1078.0
0.0,7205.0,3583.0,3600.0,3592.0,3586.0,3586.0,2520.0,1080.0,2508.0,1075.0
0.0,7214.0,3589.0,3600.0,3586.0,3589.0,3589.0,2520.0,1080.0,2511.0,1078.0
0.0,7211.0,3589.0,3602.0,3589.0,3595.0,3595.0,2521.0,1081.0,2512.0,1077.0
0.0,7211.0,3605.0,3602.0,3595.0,3605.0,3605.0,2521.0,1081.0,2524.0,1081.0
0.0,7201.0,3617.0,3603.0,3605.0,3620.0,3620.0,2522.0,1081.0,2532.0,1085.0
0.0,7189.0,3636.0,3603.0,3620.0,3636.0,3636.0,2522.0,1081.0,2546.0,1090.0
0.0,7173.0,3649.0,3604.0,3636.0,3652.0,3652.0,2523.0,1081.0,2552.0,1097.0
0.0,7160.0,3656.0,3605.0,3652.0,3659.0,3659.0,2523.0,1082.0,2560.0,1096.0
0.0,7156.0,3652.0,3606.0,3659.0,3655.0,3655.0,2524.0,1082.0,2556.0,1096.0
0.0,7163.0,3646.0,3606.0,3655.0,3646.0,3646.0,2524.0,1082.0,2553.0,1093.0
0.0,7172.0,3633.0,3606.0,3646.0,3633.0,3633.0,2524.0,1082.0,2541.0,1092.0
0.0,7185.0,3617.0,3607.0,3633.0,3620.0,3620.0,2525.0,1082.0,2533.0,1084.0
0.0,7201.0,3601.0,3608.0,3620.0,3604.0,3604.0,2525.0,1083.0,2521.0,1080.0
0.0,7220.0,3595.0,3609.0,3604.0,3598.0,3598.0,2526.0,1083.0,2517.0,1078.0
0.0,7229.0,3591.0,3609.0,3598.0,3591.0,3591.0,2526.0,1083.0,2514.0,1077.0
0.0,7236.0,3597.0,3610.0,3591.0,3600.0,3600.0,2527.0,1083.0,2518.0,1079.0
0.0,7230.0,3616.0,3610.0,3600.0,3616.0,3616.0,2527.0,1083.0,2530.0,1086.0
0.0,7214.0,3626.0,3612.0,3616.0,3632.0,3632.0,2528.0,1084.0,2538.0,1088.0
0.0,7204.0,3645.0,3612.0,3632.0,3645.0,3645.0,2528.0,1084.0,2552.0,1093.0
0.0,7191.0,3655.0,3613.0,3645.0,3658.0,3658.0,2529.0,1084.0,2558.0,1097.0
0.0,7181.0,3664.0,3613.0,3658.0,3664.0,3664.0,2529.0,1084.0,2566.0,1098.0
0.0,7175.0,3663.0,3614.0,3664.0,3666.0,3666.0,2530.0,1084.0,2562.0,1101.0
0.0,7176.0,3655.0,3615.0,3666.0,3658.0,3658.0,2530.0,1085.0,2559.0,1096.0
0.0,7187.0,3639.0,3616.0,3658.0,3642.0,3642.0,2531.0,1085.0,2547.0,1092.0
0.0,7206.0,3626.0,3616.0,3642.0,3626.0,3626.0,2531.0,1085.0,2539.0,1087.0
0.0,7222.0,3610.0,3616.0,3626.0,3610.0,3610.0,2531.0,1085.0,2527.0,1083.0
0.0,7238.0,3607.0,3617.0,3610.0,3610.0,3610.0,2532.0,1085.0,2524.0,1083.0
0.0,7241.0,3600.0,3618.0,3610.0,3603.0,3603.0,2532.0,1086.0,2520.0,1080.0
0.0,7251.0,3609.0,3619.0,3603.0,3612.0,3612.0,2533.0,1086.0,2527.0,1082.0
0.0,7245.0,3619.0,3619.0,3612.0,3619.0,3619.0,2533.0,1086.0,2533.0,1086.0
0.0,7238.0,3635.0,3620.0,3619.0,3638.0,3638.0,2534.0,1086.0,2544.0,1091.0
0.0,7222.0,3657.0,3620.0,3638.0,3657.0,3657.0,2534.0,1086.0,2559.0,1098.0
0.0,7203.0,3663.0,3621.0,3657.0,3666.0,3666.0,2535.0,1086.0,2564.0,1099.0
0.0,7197.0,3673.0,3622.0,3666.0,3676.0,3676.0,2535.0,1087.0,2572.0,1101.0
0.0,7190.0,3669.0,3623.0,3676.0,3672.0,3672.0,2536.0,1087.0,2568.0,1101.0
0.0,7197.0,3663.0,3623.0,3672.0,3663.0,3663.0,2536.0,1087.0,2565.0,1098.0
0.0,7206.0,3650.0,3624.0,3663.0,3653.0,3653.0,2537.0,1087.0,2553.0,1097.0
0.0,7219.0,3635.0,3625.0,3653.0,3638.0,3638.0,2537.0,1088.0,2545.0,1090.0
0.0,7237.0,3619.0,3626.0,3638.0,3622.0,3622.0,2538.0,1088.0,2533.0,1086.0
0.0,7256.0,3613.0,3626.0,3622.0,3613.0,3613.0,2538.0,1088.0,2530.0,1083.0
0.0,7265.0,3609.0,3626.0,3613.0,3609.0,3609.0,2538.0,1088.0,2526.0,1083.0
0.0,7269.0,3621.0,3627.0,3609.0,3624.0,3624.0,2539.0,1088.0,2533.0,1088.0
0.0,7257.0,3627.0,3628.0,3624.0,3630.0,3630.0,2539.0,1089.0,2539.0,1088.0
0.0,7254.0,3643.0,3629.0,3630.0,3646.0,3646.0,2540.0,1089.0,2550.0,1093.0
0.0,7241.0,3663.0,3629.0,3646.0,3663.0,3663.0,2540.0,1089.0,2565.0,1098.0
0.0,7224.0,3672.0,3630.0,3663.0,3675.0,3675.0,2541.0,1089.0,2570.0,1102.0
0.0,7215.0,3685.0,3630.0,3675.0,3685.0,3685.0,2541.0,1089.0,2578.0,1107.0
0.0,7205.0,3677.0,3632.0,3685.0,3683.0,3683.0,2542.0,1090.0,2574.0,1103.0
0.0,7213.0,3672.0,3632.0,3683.0,3672.0,3672.0,2542.0,1090.0,2571.0,1101.0
0.0,7224.0,3656.0,3633.0,3672.0,3659.0,3659.0,2543.0,1090.0,2559.0,1097.0
0.0,7240.0,3646.0,3633.0,3659.0,3646.0,3646.0,2543.0,1090.0,2551.0,1095.0
0.0,7253.0,3627.0,3634.0,3646.0,3630.0,3630.0,2544.0,1090.0,2539.0,1088.0
0.0,7272.0,3622.0,3635.0,3630.0,3625.0,3625.0,2544.0,1091.0,2536.0,1086.0
0.0,7280.0,3617.0,3636.0,3625.0,3620.0,3620.0,2545.0,1091.0,2532.0,1085.0
0.0,7288.0,3626.0,3636.0,3620.0,3626.0,3626.0,2545.0,1091.0,2539.0,1087.0
0.0,7282.0,3636.0,3636.0,3626.0,3636.0,3636.0,2545.0,1091.0,2545.0,1091.0
0.0,7272.0,3658.0,3637.0,3636.0,3661.0,3661.0,2546.0,1091.0,2559.0,1099.0
0.0,7250.0,3669.0,3638.0,3661.0,3672.0,3672.0,2546.0,1092.0,2568.0,1101.0
0.0,7242.0,3684.0,3639.0,3672.0,3687.0,3687.0,2547.0,1092.0,2580.0,1104.0
0.0,7230.0,3687.0,3639.0,3687.0,3687.0,3687.0,2547.0,1092.0,2581.0,1106.0
0.0,7230.0,3686.0,3640.0,3687.0,3689.0,3689.0,2548.0,1092.0,2580.0,1106.0
0.0,7231.0,3683.0,3640.0,3689.0,3683.0,3683.0,2548.0,1092.0,2577.0,1106.0
0.0,7237.0,3664.0,3641.0,3683.0,3667.0,3667.0,2549.0,1092.0,2565.0,1099.0
0.0,7256.0,3652.0,3642.0,3667.0,3655.0,3655.0,2549.0,1093.0,2557.0,1095.0
0.0,7271.0,3636.0,3643.0,3655.0,3639.0,3639.0,2550.0,1093.0,2545.0,1091.0
0.0,7290.0,3630.0,3643.0,3639.0,3630.0,3630.0,2550.0,1093.0,2542.0,1088.0
0.0,7299.0,3629.0,3644.0,3630.0,3632.0,3632.0,2551.0,1093.0,2538.0,1091.0
0.0,7300.0,3635.0,3645.0,3632.0,3638.0,3638.0,2551.0,1094.0,2545.0,1090.0
0.0,7297.0,3645.0,3646.0,3638.0,3648.0,3648.0,2552.0,1094.0,2551.0,1094.0
0.0,7290.0,3664.0,3646.0,3648.0,3664.0,3664.0,2552.0,1094.0,2566.0,1098.0
0.0,7274.0,3680.0,3646.0,3664.0,3680.0,3680.0,2552.0,1094.0,2574.0,1106.0
0.0,7258.0,3693.0,3647.0,3680.0,3696.0,3696.0,2553.0,1094.0,2586.0,1107.0
0.0,7245.0,3696.0,3648.0,3696.0,3699.0,3699.0,2553.0,1095.0,2587.0,1109.0
0.0,7245.0,3698.0,3649.0,3699.0,3701.0,3701.0,2554.0,1095.0,2589.0,1109.0
0.0,7246.0,3686.0,3649.0,3701.0,3686.0,3686.0,2554.0,1095.0,2580.0,1106.0
0.0,7261.0,3673.0,3650.0,3686.0,3676.0,3676.0,2555.0,1095.0,2571.0,1102.0
0.0,7274.0,3663.0,3650.0,3676.0,3663.0,3663.0,2555.0,1095.0,2563.0,1100.0
0.0,7287.0,3644.0,3638.402164550842,3663.0,3609.0,3609.0,2546.6546030514346,1091.7475614994075,2551.0,1093.0
0.0,7306.0,3639.0,3634.4541486336307,3609.0,3627.0,3627.0,2543.8523315651637,1090.601817068467,2548.0,1091.0
0.0,7276.0,3634.0,3631.842796911759,3627.0,3627.0,3627.0,2542.052808348222,1089.789988563537,2544.0,1090.0
0.0,7269.0,3644.0,3641.7862689210124,3627.0,3674.0,3674.0,2548.945634046595,1092.8406348744172,2552.0,1092.0
0.0,7252.0,3656.0,3654.4911586957696,3674.0,3693.0,3693.0,2558.0330574085715,1096.4581012871984,2557.0,1099.0
0.0,7270.0,3673.0,3668.4183529416987,3693.0,3715.0,3715.0,2567.6314142006067,1100.786938741092,2572.0,1101.0
0.0,7290.0,3686.0,3678.6564953813886,3715.0,3717.0,3717.0,2574.7844822214292,1103.8720131599596,2580.0,1106.0
0.0,7319.0,3702.0,3690.0849251443688,3717.0,3736.0,3736.0,2582.703392829113,1107.3815323152555,2592.0,1110.0
0.0,7334.0,3704.0,3690.909482848977,3736.0,3707.0,3707.0,2583.2616298223465,1107.6478530266302,2593.0,1111.0
0.0,7366.0,3709.0,3693.7873418954455,3707.0,3718.0,3718.0,2585.350323745094,1108.4370181503514,2595.0,1114.0
0.0,7364.0,3695.0,3681.9400968197924,3718.0,3659.0,3659.0,2577.060030875106,1104.8800659446867,2586.0,1109.0
0.0,7387.0,3685.0,3672.2234517096613,3659.0,3655.0,3655.0,2570.2100159518786,1102.0134357577829,2580.0,1105.0
0.0,7361.0,3666.0,3656.4289472748796,3655.0,3619.0,3619.0,2559.2072750339953,1097.2216722408841,2566.0,1100.0
0.0,7350.0,3653.0,3646.4222022080676,3619.0,3623.0,3623.0,2552.22443196395,1094.1977702441177,2557.0,1096.0
0.0,7316.0,3650.0,3642.89181823977,3623.0,3640.0,3640.0,2549.8630516655776,1093.0287665741926,2554.0,1096.0
0.0,7289.0,3643.0,3639.7133440672123,3640.0,3633.0,3633.0,2547.6278411375197,1092.085502929693,2550.0,1093.0
0.0,7286.0,3653.0,3649.294082437231,3633.0,3682.0,3682.0,2554.2446027886913,1095.0494796485395,2558.0,1095.0
0.0,7266.0,3662.0,3658.864303947714,3682.0,3691.0,3691.0,2560.979760717219,1097.8845432304947,2563.0,1099.0
0.0,7286.0,3682.0,3675.0263521001516,3691.0,3730.0,3730.0,2572.2203285007276,1102.8060235994242,2578.0,1104.0
0.0,7295.0,3697.0,3687.377980407829,3730.0,3734.0,3734.0,2580.9758027039693,1106.4021777038597,2586.0,1111.0
0.0,7328.0,3710.0,3696.3353327744385,3734.0,3737.0,3737.0,2587.0866731907845,1109.248659583654,2598.0,1112.0
0.0,7352.0,3713.0,3697.6385326029767,3737.0,3717.0,3717.0,2587.987073163022,1109.6514594399548,2599.0,1114.0
0.0,7376.0,3715.0,3697.9812890036596,3717.0,3716.0,3716.0,2588.175640971402,1109.8056480322575,2601.0,1114.0
0.0,7378.0,3703.0,3687.9965605927873,3716.0,3673.0,3673.0,2581.2130477697056,1106.7835128230815,2592.0,1111.0
0.0,7391.0,3696.0,3681.101072753375,3673.0,3675.0,3675.0,2576.4869256624934,1104.6141470908815,2586.0,1110.0
0.0,7368.0,3675.0,3664.1532779441864,3675.0,3624.0,3624.0,2564.6562188585194,1099.497059085667,2572.0,1103.0
0.0,7368.0,3662.0,3653.933305536797,3624.0,3632.0,3632.0,2557.513671719018,1096.4196338177787,2563.0,1099.0
0.0,7330.0,3656.0,3647.358316249665,3632.0,3636.0,3636.0,2552.8717489845912,1094.4865672650742,2560.0,1096.0
0.0,7306.0,3652.0,3647.848443952329,3636.0,3654.0,3654.0,2553.2665810146327,1094.5818629376963,2556.0,1096.0
0.0,7290.0,3665.0,3658.3648459357046,3654.0,3696.0,3696.0,2560.7383784078293,1097.6264675278753,2564.0,1101.0
0.0,7279.0,3671.0,3666.935169271127,3696.0,3697.0,3697.0,2566.631041614156,1100.3041276569709,2570.0,1101.0
0.0,7304.0,3690.0,3679.943344861167,3697.0,3729.0,3729.0,2575.6415381019565,1104.3018067592104,2584.0,1106.0
0.0,7311.0,3703.0,3691.2837411883575,3729.0,3737.0,3737.0,2583.584076249566,1107.6996649387916,2592.0,1111.0
0.0,7337.0,3719.0,3702.7094253606647,3737.0,3753.0,3753.0,2591.5084169895445,1111.20100837112,2604.0,1115.0
0.0,7355.0,3725.0,3707.03446441925,3753.0,3738.0,3738.0,2594.685820115181,1112.3486443040692,2605.0,1120.0
0.0,7383.0,3724.0,3704.8047628570052,3738.0,3718.0,3718.0,2592.963886377844,1111.8408764791611,2608.0,1116.0
0.0,7397.0,3712.0,3694.9274040903892,3718.0,3682.0,3682.0,2586.082292649545,1108.8451114408444,2598.0,1114.0
0.0,7403.0,3702.0,3685.389009245871,3682.0,3673.0,3673.0,2579.3765640987217,1106.0124451471493,2592.0,1110.0
0.0,7383.0,3683.0,3670.3859354293068,3673.0,3638.0,3638.0,2568.929862263382,1101.4560731659249,2578.0,1105.0
0.0,7373.0,3676.0,3664.3585404000623,3638.0,3658.0,3658.0,2564.827364992453,1099.531175407609,2572.0,1104.0
0.0,7335.0,3662.0,3653.984681016786,3658.0,3631.0,3631.0,2557.587107793862,1096.3975732229242,2563.0,1099.0
0.0,7331.0,3660.0,3654.0504303479083,3631.0,3660.0,3660.0,2557.6021537854285,1096.44827656248,2562.0,1098.0
0.0,7302.0,3670.0,3661.551400138559,3660.0,3693.0,3693.0,2562.789061404513,1098.762338734046,2570.0,1100.0
0.0,7292.0,3680.0,3673.4536734569083,3693.0,3715.0,3715.0,2571.128645653963,1102.3250278029452,2576.0,1104.0
0.0,7305.0,3702.0,3689.566470381269,3715.0,3751.0,3751.0,2582.4980821128242,1107.068388268445,2590.0,1112.0
0.0,7318.0,3712.0,3698.556004624035,3751.0,3739.0,3739.0,2588.7401161523317,1109.8158884717031,2598.0,1114.0
0.0,7357.0,3727.0,3708.5268032678778,3739.0,3757.0,3757.0,2595.5784627555686,1112.9483405123094,2610.0,1117.0
0.0,7369.0,3730.0,3710.127026552559,3757.0,3734.0,3734.0,2596.6933529534504,1113.4336735991085,2611.0,1119.0
0.0,7396.0,3733.0,3710.900376468174,3734.0,3736.0,3736.0,2597.1740812726193,1113.7262951955547,2614.0,1119.0
0.0,7397.0,3724.0,3703.9129158480378,3736.0,3703.0,3703.0,2592.429373891184,1111.483541956854,2605.0,1119.0
1.0,0.0,999.0,999.0,0.0,2997.0,2997.0,699.0,300.0,699.0,300.0
1.0,0.0,1020.0,1009.0,2997.0,2049.0,2049.0,706.0,303.0,714.0,306.0
1.0,978.0,69.0,696.0,2049.0,0.0,0.0,486.0,210.0,46.0,23.0
1.0,2958.0,383.0,618.0,0.0,0.0,0.0,432.0,186.0,270.0,113.0
1.0,2575.0,376.0,569.0,0.0,0.0,0.0,398.0,171.0,263.0,113.0
1.0,2199.0,359.0,534.0,0.0,0.0,0.0,374.0,160.0,251.0,108.0
1.0,1840.0,343.0,507.0,0.0,24.0,24.0,355.0,152.0,239.0,104.0
1.0,1497.0,321.0,483.0,24.0,249.0,249.0,338.0,145.0,225.0,96.0
1.0,1200.0,302.0,463.0,249.0,242.0,242.0,324.0,139.0,213.0,89.0
1.0,1147.0,299.0,447.0,242.0,251.0,251.0,313.0,134.0,210.0,89.0
1.0,1090.0,295.0,433.0,251.0,253.0,253.0,303.0,130.0,206.0,89.0
1.0,1046.0,310.0,423.0,253.0,280.0,280.0,296.0,127.0,216.0,94.0
1.0,989.0,320.0,416.0,280.0,299.0,299.0,291.0,125.0,225.0,95.0
1.0,949.0,342.0,410.0,299.0,324.0,324.0,287.0,123.0,239.0,103.0
1.0,906.0,364.0,407.0,324.0,355.0,355.0,285.0,122.0,254.0,110.0
1.0,866.0,376.0,404.0,355.0,367.0,367.0,283.0,121.0,265.0,111.0
1.0,845.0,383.0,403.0,367.0,380.0,380.0,282.0,121.0,267.0,116.0
1.0,829.0,382.0,403.0,380.0,382.0,382.0,282.0,121.0,266.0,116.0
1.0,827.0,370.0,400.0,382.0,361.0,361.0,280.0,120.0,260.0,110.0
1.0,839.0,354.0,399.0,361.0,351.0,351.0,279.0,120.0,248.0,106.0
1.0,846.0,339.0,396.0,351.0,330.0,330.0,277.0,119.0,237.0,102.0
1.0,858.0,326.0,393.0,330.0,317.0,317.0,275.0,118.0,228.0,98.0
1.0,862.0,311.0,389.0,317.0,299.0,299.0,272.0,117.0,219.0,92.0
1.0,868.0,313.0,386.0,299.0,304.0,304.0,270.0,116.0,218.0,95.0
1.0,854.0,319.0,383.0,304.0,310.0,310.0,268.0,115.0,222.0,97.0
1.0,839.0,334.0,381.0,310.0,328.0,328.0,267.0,114.0,234.0,100.0
1.0,815.0,350.0,380.0,328.0,347.0,347.0,266.0,114.0,245.0,105.0
1.0,793.0,370.0,380.0,347.0,370.0,370.0,266.0,114.0,260.0,110.0
1.0,770.0,382.0,380.0,370.0,382.0,382.0,266.0,114.0,268.0,114.0
1.0,758.0,392.0,380.0,382.0,392.0,392.0,266.0,114.0,273.0,119.0
1.0,748.0,387.0,380.0,392.0,387.0,387.0,266.0,114.0,272.0,115.0
1.0,753.0,376.0,380.0,387.0,376.0,376.0,266.0,114.0,263.0,113.0
1.0,764.0,366.0,380.0,376.0,366.0,366.0,266.0,114.0,257.0,109.0
1.0,774.0,347.0,379.0,366.0,344.0,344.0,265.0,114.0,243.0,104.0
1.0,793.0,331.0,377.0,344.0,325.0,325.0,264.0,113.0,231.0,100.0
1.0,806.0,326.0,376.0,325.0,323.0,323.0,263.0,113.0,228.0,98.0
1.0,805.0,321.0,374.0,323.0,315.0,315.0,262.0,112.0,224.0,97.0
1.0,807.0,330.0,373.0,315.0,327.0,327.0,261.0,112.0,231.0,99.0
1.0,792.0,343.0,373.0,327.0,343.0,343.0,261.0,112.0,240.0,103.0
1.0,776.0,359.0,372.0,343.0,356.0,356.0,260.0,112.0,251.0,108.0
1.0,760.0,379.0,373.0,356.0,382.0,382.0,261.0,112.0,266.0,113.0
1.0,737.0,391.0,373.0,382.0,391.0,391.0,261.0,112.0,275.0,116.0
1.0,728.0,397.0,373.0,391.0,397.0,397.0,261.0,112.0,276.0,121.0
1.0,722.0,396.0,374.0,397.0,399.0,399.0,262.0,112.0,278.0,118.0
1.0,723.0,387.0,374.0,399.0,387.0,387.0,262.0,112.0,272.0,115.0
1.0,735.0,371.0,374.0,387.0,371.0,371.0,262.0,112.0,260.0,111.0
1.0,751.0,356.0,374.0,371.0,356.0,356.0,262.0,112.0,249.0,107.0
1.0,766.0,343.0,373.0,356.0,340.0,340.0,261.0,112.0,240.0,103.0
1.0,779.0,334.0,373.0,340.0,334.0,334.0,261.0,112.0,234.0,100.0
1.0,785.0,330.0,371.0,334.0,324.0,324.0,260.0,111.0,230.0,100.0
1.0,789.0,339.0,371.0,324.0,339.0,339.0,260.0,111.0,237.0,102.0
1.0,774.0,352.0,370.0,339.0,349.0,349.0,259.0,111.0,246.0,106.0
1.0,761.0,371.0,359.0,349.0,338.0,338.0,251.0,108.0,261.0,110.0
1.0,739.0,387.0,346.0,338.0,348.0,348.0,242.0,104.0,269.0,118.0
1.0,690.0,400.0,353.0,348.0,421.0,421.0,247.0,106.0,281.0,119.0
1.0,638.0,403.0,353.0,421.0,403.0,403.0,247.0,106.0,282.0,121.0
1.0,656.0,405.0,353.0,403.0,405.0,405.0,247.0,106.0,284.0,121.0
1.0,654.0,393.0,354.0,405.0,396.0,396.0,248.0,106.0,275.0,118.0
1.0,666.0,380.0,354.0,396.0,380.0,380.0,248.0,106.0,266.0,114.0
1.0,682.0,370.0,356.0,380.0,376.0,376.0,249.0,107.0,258.0,112.0
1.0,692.0,351.0,357.0,376.0,354.0,354.0,250.0,107.0,246.0,105.0
1.0,717.0,346.0,357.0,354.0,346.0,346.0,250.0,107.0,243.0,103.0
1.0,725.0,341.0,359.0,346.0,347.0,347.0,251.0,108.0,239.0,102.0
1.0,730.0,351.0,360.0,347.0,354.0,354.0,252.0,108.0,247.0,104.0
1.0,726.0,363.0,360.0,354.0,363.0,363.0,252.0,108.0,252.0,111.0
1.0,717.0,380.0,361.0,363.0,383.0,383.0,253.0,108.0,267.0,113.0
1.0,700.0,393.0,361.0,383.0,393.0,393.0,253.0,108.0,275.0,118.0
1.0,690.0,409.0,362.0,393.0,412.0,412.0,253.0,109.0,287.0,122.0
1.0,674.0,411.0,363.0,412.0,414.0,414.0,254.0,109.0,288.0,123.0
1.0,675.0,416.0,363.0,414.0,416.0,416.0,254.0,109.0,290.0,126.0
1.0,673.0,402.0,364.0,416.0,405.0,405.0,255.0,109.0,281.0,121.0
1.0,687.0,389.0,364.0,405.0,389.0,389.0,255.0,109.0,272.0,117.0
1.0,703.0,376.0,366.0,389.0,382.0,382.0,256.0,110.0,264.0,112.0
1.0,716.0,360.0,366.0,382.0,360.0,360.0,256.0,110.0,252.0,108.0
1.0,738.0,357.0,367.0,360.0,360.0,360.0,257.0,110.0,249.0,108.0
1.0,741.0,350.0,367.0,360.0,350.0,350.0,257.0,110.0,245.0,105.0
1.0,751.0,360.0,368.0,350.0,363.0,363.0,258.0,110.0,253.0,107.0
1.0,741.0,369.0,369.0,363.0,372.0,372.0,258.0,111.0,258.0,111.0
1.0,735.0,389.0,370.0,372.0,392.0,392.0,259.0,111.0,273.0,116.0
1.0,718.0,404.0,370.0,392.0,404.0,404.0,259.0,111.0,281.0,123.0
1.0,706.0,417.0,371.0,404.0,420.0,420.0,260.0,111.0,293.0,124.0
1.0,693.0,420.0,371.0,420.0,420.0,420.0,260.0,111.0,294.0,126.0
1.0,693.0,422.0,373.0,420.0,428.0,428.0,261.0,112.0,296.0,126.0
1.0,691.0,410.0,373.0,428.0,410.0,410.0,261.0,112.0,287.0,123.0
1.0,709.0,403.0,374.0,410.0,406.0,406.0,262.0,112.0,281.0,122.0
1.0,716.0,382.0,374.0,406.0,382.0,382.0,262.0,112.0,267.0,115.0
1.0,740.0,369.0,376.0,382.0,375.0,375.0,263.0,113.0,258.0,111.0
1.0,753.0,363.0,376.0,375.0,363.0,363.0,263.0,113.0,255.0,108.0
1.0,765.0,359.0,377.0,363.0,362.0,362.0,264.0,113.0,251.0,108.0
1.0,769.0,372.0,377.0,362.0,372.0,372.0,264.0,113.0,259.0,113.0
1.0,759.0,378.0,378.0,372.0,381.0,381.0,265.0,113.0,265.0,113.0
1.0,753.0,397.0,379.0,381.0,400.0,400.0,265.0,114.0,279.0,118.0
1.0,737.0,410.0,380.0,400.0,413.0,413.0,266.0,114.0,287.0,123.0
1.0,727.0,426.0,380.0,413.0,426.0,426.0,266.0,114.0,299.0,127.0
1.0,714.0,432.0,380.0,426.0,432.0,432.0,266.0,114.0,300.0,132.0
1.0,708.0,431.0,381.0,432.0,434.0,434.0,267.0,114.0,303.0,128.0
1.0,709.0,419.0,382.0,434.0,422.0,422.0,267.0,115.0,293.0,126.0
1.0,724.0,409.0,383.0,422.0,412.0,412.0,268.0,115.0,287.0,122.0
1.0,737.0,390.0,383.0,412.0,390.0,390.0,268.0,115.0,273.0,117.0
1.0,759.0,383.0,384.0,390.0,386.0,386.0,269.0,115.0,267.0,116.0
1.0,766.0,369.0,384.0,386.0,369.0,369.0,269.0,115.0,258.0,111.0
1.0,783.0,367.0,386.0,369.0,373.0,373.0,270.0,116.0,257.0,110.0
1.0,785.0,377.0,386.0,373.0,377.0,377.0,270.0,116.0,265.0,112.0
1.0,781.0,387.0,387.0,377.0,390.0,390.0,271.0,116.0,271.0,116.0
1.0,771.0,409.0,387.0,390.0,409.0,409.0,271.0,116.0,285.0,124.0
1.0,752.0,419.0,388.0,409.0,422.0,422.0,272.0,116.0,293.0,126.0
1.0,742.0,434.0,389.0,422.0,437.0,437.0,272.0,117.0,305.0,129.0
1.0,730.0,437.0,390.0,437.0,440.0,440.0,273.0,117.0,306.0,131.0
1.0,730.0,440.0,390.0,440.0,440.0,440.0,273.0,117.0,309.0,131.0
1.0,730.0,431.0,391.0,440.0,434.0,434.0,274.0,117.0,300.0,131.0
1.0,739.0,417.0,392.0,434.0,420.0,420.0,274.0,118.0,293.0,124.0
1.0,756.0,399.0,393.0,420.0,402.0,402.0,275.0,118.0,279.0,120.0
1.0,777.0,389.0,393.0,402.0,389.0,389.0,275.0,118.0,273.0,116.0
1.0,790.0,377.0,393.0,389.0,377.0,377.0,275.0,118.0,264.0,113.0
1.0,802.0,382.0,394.0,377.0,385.0,385.0,276.0,118.0,266.0,116.0
1.0,797.0,383.0,395.0,385.0,386.0,386.0,276.0,119.0,268.0,115.0
1.0,799.0,399.0,396.0,386.0,402.0,402.0,277.0,119.0,280.0,119.0
1.0,786.0,411.0,396.0,402.0,411.0,411.0,277.0,119.0,288.0,123.0
1.0,777.0,427.0,397.0,411.0,430.0,430.0,278.0,119.0,299.0,128.0
1.0,761.0,446.0,397.0,430.0,446.0,446.0,278.0,119.0,311.0,135.0
1.0,745.0,446.0,399.0,446.0,452.0,452.0,279.0,120.0,312.0,134.0
1.0,745.0,449.0,399.0,452.0,449.0,449.0,279.0,120.0,315.0,134.0
1.0,748.0,437.0,400.0,449.0,440.0,440.0,280.0,120.0,306.0,131.0
1.0,760.0,429.0,400.0,440.0,429.0,429.0,280.0,120.0,299.0,130.0
1.0,771.0,408.0,401.0,429.0,411.0,411.0,281.0,120.0,286.0,122.0
1.0,792.0,397.0,402.0,411.0,400.0,400.0,281.0,121.0,279.0,118.0
1.0,806.0,386.0,403.0,400.0,389.0,389.0,282.0,121.0,270.0,116.0
1.0,820.0,387.0,403.0,389.0,387.0,387.0,282.0,121.0,272.0,115.0
1.0,822.0,391.0,403.0,387.0,391.0,391.0,282.0,121.0,274.0,117.0
1.0,818.0,410.0,404.0,391.0,413.0,413.0,283.0,121.0,286.0,124.0
1.0,799.0,420.0,405.0,413.0,423.0,423.0,283.0,122.0,294.0,126.0
1.0,792.0,436.0,406.0,423.0,439.0,439.0,284.0,122.0,305.0,131.0
1.0,779.0,452.0,406.0,439.0,452.0,452.0,284.0,122.0,317.0,135.0
1.0,766.0,454.0,407.0,452.0,457.0,457.0,285.0,122.0,318.0,136.0
1.0,764.0,460.0,407.0,457.0,460.0,460.0,285.0,122.0,321.0,139.0
1.0,761.0,446.0,409.0,460.0,452.0,452.0,286.0,123.0,312.0,134.0
1.0,775.0,435.0,409.0,452.0,435.0,435.0,286.0,123.0,305.0,130.0
1.0,792.0,417.0,410.0,435.0,420.0,420.0,287.0,123.0,292.0,125.0
1.0,810.0,406.0,410.0,420.0,406.0,406.0,287.0,123.0,285.0,121.0
1.0,824.0,397.0,411.0,406.0,400.0,400.0,288.0,123.0,276.0,121.0
1.0,833.0,397.0,412.0,400.0,400.0,400.0,288.0,124.0,279.0,118.0
1.0,836.0,400.0,413.0,400.0,403.0,403.0,289.0,124.0,280.0,120.0
1.0,836.0,416.0,413.0,403.0,416.0,416.0,289.0,124.0,292.0,124.0
1.0,823.0,429.0,414.0,416.0,432.0,432.0,290.0,124.0,300.0,129.0
1.0,810.0,450.0,414.0,432.0,450.0,450.0,290.0,124.0,314.0,136.0
1.0,792.0,457.0,414.0,450.0,457.0,457.0,290.0,124.0,320.0,137.0
1.0,785.0,467.0,416.0,457.0,473.0,473.0,291.0,125.0,328.0,139.0
1.0,775.0,463.0,416.0,473.0,463.0,463.0,291.0,125.0,324.0,139.0
1.0,785.0,454.0,417.0,463.0,457.0,457.0,292.0,125.0,318.0,136.0
1.0,794.0,446.0,417.0,457.0,446.0,446.0,292.0,125.0,311.0,135.0
1.0,805.0,426.0,419.0,446.0,432.0,432.0,293.0,126.0,298.0,128.0
1.0,825.0,415.0,419.0,432.0,415.0,415.0,293.0,126.0,291.0,124.0
1.0,842.0,403.0,420.0,415.0,406.0,406.0,294.0,126.0,282.0,121.0
1.0,854.0,406.0,420.0,406.0,406.0,406.0,294.0,126.0,285.0,121.0
1.0,854.0,412.0,421.0,406.0,415.0,415.0,295.0,126.0,286.0,126.0
1.0,848.0,424.0,422.0,415.0,427.0,427.0,295.0,127.0,298.0,126.0
1.0,839.0,437.0,423.0,427.0,440.0,440.0,296.0,127.0,306.0,131.0
1.0,829.0,456.0,423.0,440.0,456.0,456.0,296.0,127.0,320.0,136.0
1.0,813.0,466.0,423.0,456.0,466.0,466.0,296.0,127.0,326.0,140.0
1.0,803.0,479.0,424.0,466.0,482.0,482.0,297.0,127.0,334.0,145.0
1.0,790.0,471.0,425.0,482.0,474.0,474.0,297.0,128.0,330.0,141.0
1.0,801.0,466.0,426.0,474.0,469.0,469.0,298.0,128.0,327.0,139.0
1.0,809.0,449.0,426.0,469.0,449.0,449.0,298.0,128.0,314.0,135.0
1.0,829.0,437.0,427.0,449.0,440.0,440.0,299.0,128.0,304.0,133.0
1.0,841.0,423.0,427.0,440.0,423.0,423.0,299.0,128.0,297.0,126.0
1.0,858.0,412.0,429.0,423.0,418.0,418.0,300.0,129.0,288.0,124.0
1.0,869.0,414.0,429.0,418.0,414.0,414.0,300.0,129.0,291.0,123.0
1.0,873.0,417.0,430.0,414.0,420.0,420.0,301.0,129.0,292.0,125.0
1.0,870.0,433.0,430.0,420.0,433.0,433.0,301.0,129.0,304.0,129.0
1.0,857.0,449.0,431.0,433.0,452.0,452.0,302.0,129.0,312.0,137.0
1.0,841.0,465.0,432.0,452.0,468.0,468.0,302.0,130.0,326.0,139.0
1.0,828.0,474.0,433.0,468.0,477.0,477.0,303.0,130.0,332.0,142.0
1.0,822.0,484.0,433.0,477.0,484.0,484.0,303.0,130.0,340.0,144.0
1.0,815.0,480.0,434.0,484.0,483.0,483.0,304.0,130.0,336.0,144.0
1.0,819.0,477.0,434.0,483.0,477.0,477.0,304.0,130.0,333.0,144.0
1.0,825.0,458.0,434.0,477.0,458.0,458.0,304.0,130.0,321.0,137.0
1.0,844.0,446.0,436.0,458.0,452.0,452.0,305.0,131.0,313.0,133.0
1.0,856.0,429.0,436.0,452.0,429.0,429.0,305.0,131.0,300.0,129.0
1.0,879.0,420.0,437.0,429.0,423.0,423.0,306.0,131.0,294.0,126.0
1.0,888.0,426.0,437.0,423.0,426.0,426.0,306.0,131.0,297.0,129.0
1.0,885.0,426.0,439.0,426.0,432.0,432.0,307.0,132.0,298.0,128.0
1.0,885.0,442.0,439.0,432.0,442.0,442.0,307.0,132.0,310.0,132.0
1.0,875.0,454.0,440.0,442.0,457.0,457.0,308.0,132.0,318.0,136.0
1.0,863.0,476.0,440.0,457.0,476.0,476.0,308.0,132.0,332.0,144.0
1.0,844.0,483.0,441.0,476.0,486.0,486.0,309.0,132.0,338.0,145.0
1.0,837.0,493.0,442.0,486.0,496.0,496.0,309.0,133.0,346.0,147.0
1.0,830.0,489.0,443.0,496.0,492.0,492.0,310.0,133.0,342.0,147.0
1.0,837.0,483.0,443.0,492.0,483.0,483.0,310.0,133.0,339.0,144.0
1.0,846.0,467.0,443.0,483.0,467.0,467.0,310.0,133.0,327.0,140.0
1.0,862.0,457.0,444.0,467.0,460.0,460.0,311.0,133.0,319.0,138.0
1.0,872.0,438.0,445.0,460.0,441.0,441.0,311.0,134.0,307.0,131.0
1.0,894.0,432.0,446.0,441.0,435.0,435.0,312.0,134.0,303.0,129.0
1.0,903.0,428.0,446.0,435.0,428.0,428.0,312.0,134.0,300.0,128.0
1.0,910.0,434.0,447.0,428.0,437.0,437.0,313.0,134.0,304.0,130.0
1.0,904.0,453.0,447.0,437.0,453.0,453.0,313.0,134.0,316.0,137.0
1.0,888.0,463.0,448.0,453.0,466.0,466.0,314.0,134.0,324.0,139.0
1.0,878.0,482.0,449.0,466.0,485.0,485.0,314.0,135.0,338.0,144.0
1.0,862.0,492.0,450.0,485.0,495.0,495.0,315.0,135.0,344.0,148.0
1.0,855.0,501.0,450.0,495.0,501.0,501.0,315.0,135.0,352.0,149.0
1.0,849.0,500.0,451.0,501.0,503.0,503.0,316.0,135.0,348.0,152.0
1.0,850.0,492.0,452.0,503.0,495.0,495.0,316.0,136.0,345.0,147.0
1.0,861.0,476.0,453.0,495.0,479.0,479.0,317.0,136.0,333.0,143.0
1.0,880.0,463.0,453.0,479.0,463.0,463.0,317.0,136.0,325.0,138.0
1.0,896.0,447.0,453.0,463.0,447.0,447.0,317.0,136.0,313.0,134.0
1.0,912.0,444.0,454.0,447.0,447.0,447.0,318.0,136.0,310.0,134.0
1.0,915.0,437.0,454.0,447.0,437.0,437.0,318.0,136.0,306.0,131.0
1.0,925.0,446.0,456.0,437.0,452.0,452.0,319.0,137.0,313.0,133.0
1.0,916.0,456.0,456.0,452.0,456.0,456.0,319.0,137.0,319.0,137.0
1.0,912.0,472.0,457.0,456.0,475.0,475.0,320.0,137.0,330.0,142.0
1.0,896.0,494.0,457.0,475.0,494.0,494.0,320.0,137.0,345.0,149.0
1.0,877.0,500.0,459.0,494.0,506.0,506.0,321.0,138.0,350.0,150.0
1.0,871.0,510.0,459.0,506.0,510.0,510.0,321.0,138.0,358.0,152.0
1.0,867.0,506.0,460.0,510.0,509.0,509.0,322.0,138.0,354.0,152.0
1.0,871.0,500.0,460.0,509.0,500.0,500.0,322.0,138.0,351.0,149.0
1.0,880.0,487.0,461.0,500.0,490.0,490.0,323.0,138.0,339.0,148.0
1.0,893.0,472.0,461.0,490.0,472.0,472.0,323.0,138.0,331.0,141.0
1.0,911.0,456.0,463.0,472.0,462.0,462.0,324.0,139.0,319.0,137.0
1.0,927.0,450.0,463.0,462.0,450.0,450.0,324.0,139.0,316.0,134.0
1.0,939.0,446.0,463.0,450.0,446.0,446.0,324.0,139.0,312.0,134.0
1.0,943.0,458.0,464.0,446.0,461.0,461.0,325.0,139.0,319.0,139.0
1.0,931.0,464.0,465.0,461.0,467.0,467.0,325.0,140.0,325.0,139.0
1.0,928.0,480.0,466.0,467.0,483.0,483.0,326.0,140.0,336.0,144.0
1.0,915.0,500.0,466.0,483.0,500.0,500.0,326.0,140.0,351.0,149.0
1.0,898.0,509.0,467.0,500.0,512.0,512.0,327.0,140.0,356.0,153.0
1.0,889.0,522.0,467.0,512.0,522.0,522.0,327.0,140.0,364.0,158.0
1.0,879.0,514.0,469.0,522.0,520.0,520.0,328.0,141.0,360.0,154.0
1.0,887.0,509.0,469.0,520.0,509.0,509.0,328.0,141.0,357.0,152.0
1.0,898.0,493.0,470.0,509.0,496.0,496.0,329.0,141.0,345.0,148.0
1.0,914.0,480.0,470.0,496.0,480.0,480.0,329.0,141.0,337.0,143.0
1.0,930.0,467.0,471.0,480.0,470.0,470.0,330.0,141.0,325.0,142.0
1.0,943.0,459.0,472.0,470.0,462.0,462.0,330.0,142.0,322.0,137.0
1.0,954.0,454.0,473.0,462.0,457.0,457.0,331.0,142.0,318.0,136.0
1.0,962.0,463.0,473.0,457.0,463.0,463.0,331.0,142.0,325.0,138.0
1.0,956.0,473.0,473.0,463.0,473.0,473.0,331.0,142.0,331.0,142.0
1.0,946.0,495.0,474.0,473.0,498.0,498.0,332.0,142.0,345.0,150.0
1.0,924.0,506.0,474.0,498.0,506.0,506.0,332.0,142.0,354.0,152.0
1.0,916.0,521.0,476.0,506.0,527.0,527.0,333.0,143.0,366.0,155.0
1.0,901.0,524.0,476.0,527.0,524.0,524.0,333.0,143.0,367.0,157.0
1.0,904.0,523.0,477.0,524.0,526.0,526.0,334.0,143.0,366.0,157.0
1.0,905.0,520.0,477.0,526.0,520.0,520.0,334.0,143.0,363.0,157.0
1.0,911.0,501.0,479.0,520.0,507.0,507.0,335.0,144.0,351.0,150.0
1.0,930.0,489.0,479.0,507.0,489.0,489.0,335.0,144.0,343.0,146.0
1.0,948.0,473.0,480.0,489.0,476.0,476.0,336.0,144.0,331.0,142.0
1.0,964.0,467.0,480.0,476.0,467.0,467.0,336.0,144.0,328.0,139.0
1.0,973.0,466.0,481.0,467.0,469.0,469.0,337.0,144.0,324.0,142.0
1.0,974.0,472.0,482.0,469.0,475.0,475.0,337.0,145.0,331.0,141.0
1.0,971.0,482.0,483.0,475.0,485.0,485.0,338.0,145.0,337.0,145.0
1.0,964.0,501.0,483.0,485.0,501.0,501.0,338.0,145.0,352.0,149.0
1.0,948.0,514.0,483.0,501.0,514.0,514.0,338.0,145.0,360.0,154.0
1.0,935.0,533.0,484.0,514.0,536.0,536.0,339.0,145.0,372.0,161.0
1.0,916.0,533.0,485.0,536.0,536.0,536.0,339.0,146.0,373.0,160.0
1.0,919.0,535.0,486.0,536.0,538.0,538.0,340.0,146.0,375.0,160.0
1.0,920.0,523.0,486.0,538.0,523.0,523.0,340.0,146.0,366.0,157.0
1.0,935.0,513.0,487.0,523.0,516.0,516.0,341.0,146.0,357.0,156.0
1.0,945.0,497.0,487.0,516.0,497.0,497.0,341.0,146.0,349.0,148.0
1.0,964.0,481.0,489.0,497.0,487.0,487.0,342.0,147.0,337.0,144.0
1.0,980.0,476.0,489.0,487.0,476.0,476.0,342.0,147.0,334.0,142.0
1.0,991.0,471.0,490.0,476.0,474.0,474.0,343.0,147.0,330.0,141.0
1.0,996.0,481.0,490.0,474.0,481.0,481.0,343.0,147.0,338.0,143.0
1.0,989.0,493.0,491.0,481.0,496.0,496.0,344.0,147.0,343.0,150.0
1.0,977.0,510.0,492.0,496.0,513.0,513.0,344.0,148.0,358.0,152.0
1.0,963.0,523.0,493.0,513.0,526.0,526.0,345.0,148.0,366.0,157.0
1.0,953.0,539.0,493.0,526.0,539.0,539.0,345.0,148.0,378.0,161.0
1.0,940.0,541.0,494.0,539.0,544.0,544.0,346.0,148.0,379.0,162.0
1.0,938.0,546.0,494.0,544.0,546.0,546.0,346.0,148.0,381.0,165.0
1.0,936.0,532.0,495.0,546.0,535.0,535.0,346.0,149.0,372.0,160.0
1.0,950.0,522.0,496.0,535.0,525.0,525.0,347.0,149.0,366.0,156.0
1.0,963.0,503.0,496.0,525.0,503.0,503.0,347.0,149.0,352.0,151.0
1.0,985.0,490.0,497.0,503.0,493.0,493.0,348.0,149.0,343.0,147.0
1.0,998.0,487.0,497.0,493.0,487.0,487.0,348.0,149.0,340.0,147.0
1.0,1004.0,480.0,499.0,487.0,486.0,486.0,349.0,150.0,336.0,144.0
1.0,1011.0,490.0,499.0,486.0,490.0,490.0,349.0,150.0,344.0,146.0
1.0,1007.0,499.0,500.0,490.0,502.0,502.0,350.0,150.0,349.0,150.0
1.0,998.0,519.0,500.0,502.0,519.0,519.0,350.0,150.0,364.0,155.0
1.0,981.0,534.0,501.0,519.0,537.0,537.0,351.0,150.0,372.0,162.0
1.0,966.0,547.0,501.0,537.0,547.0,547.0,351.0,150.0,384.0,163.0
1.0,956.0,550.0,503.0,547.0,556.0,556.0,352.0,151.0,385.0,165.0
1.0,953.0,552.0,503.0,556.0,552.0,552.0,352.0,151.0,387.0,165.0
1.0,957.0,540.0,503.0,552.0,540.0,540.0,352.0,151.0,378.0,162.0
1.0,969.0,533.0,504.0,540.0,536.0,536.0,353.0,151.0,372.0,161.0
1.0,976.0,512.0,505.0,536.0,515.0,515.0,353.0,152.0,358.0,154.0
1.0,1000.0,499.0,506.0,515.0,502.0,502.0,354.0,152.0,349.0,150.0
1.0,1016.0,493.0,506.0,502.0,493.0,493.0,354.0,152.0,346.0,147.0
1.0,1025.0,489.0,507.0,493.0,492.0,492.0,355.0,152.0,342.0,147.0
1.0,1029.0,502.0,507.0,492.0,502.0,502.0,355.0,152.0,350.0,152.0
1.0,1019.0,508.0,509.0,502.0,514.0,514.0,356.0,153.0,356.0,152.0
1.0,1013.0,527.0,509.0,514.0,527.0,527.0,356.0,153.0,370.0,157.0
1.0,1000.0,540.0,510.0,527.0,543.0,543.0,357.0,153.0,378.0,162.0
1.0,987.0,556.0,510.0,543.0,556.0,556.0,357.0,153.0,390.0,166.0
1.0,974.0,562.0,511.0,556.0,565.0,565.0,358.0,153.0,391.0,171.0
1.0,968.0,561.0,512.0,565.0,564.0,564.0,358.0,154.0,394.0,167.0
1.0,972.0,549.0,513.0,564.0,552.0,552.0,359.0,154.0,384.0,165.0
1.0,987.0,539.0,513.0,552.0,539.0,539.0,359.0,154.0,378.0,161.0
1.0,1000.0,523.0,513.0,539.0,523.0,523.0,359.0,154.0,364.0,159.0
1.0,1016.0,510.0,514.0,523.0,513.0,513.0,360.0,154.0,358.0,152.0
1.0,1029.0,499.0,515.0,513.0,502.0,502.0,360.0,155.0,349.0,150.0
1.0,1043.0,497.0,516.0,502.0,500.0,500.0,361.0,155.0,348.0,149.0
1.0,1048.0,507.0,516.0,500.0,507.0,507.0,361.0,155.0,356.0,151.0
1.0,1041.0,517.0,517.0,507.0,520.0,520.0,362.0,155.0,362.0,155.0
1.0,1031.0,539.0,517.0,520.0,539.0,539.0,362.0,155.0,376.0,163.0
1.0,1012.0,549.0,519.0,539.0,555.0,555.0,363.0,156.0,384.0,165.0
1.0,1002.0,564.0,519.0,555.0,564.0,564.0,363.0,156.0,396.0,168.0
1.0,993.0,567.0,520.0,564.0,570.0,570.0,364.0,156.0,397.0,170.0
1.0,990.0,570.0,520.0,570.0,570.0,570.0,364.0,156.0,400.0,170.0
1.0,990.0,561.0,521.0,570.0,564.0,564.0,365.0,156.0,391.0,170.0
1.0,999.0,547.0,521.0,564.0,547.0,547.0,365.0,156.0,384.0,163.0
1.0,1016.0,529.0,523.0,547.0,535.0,535.0,366.0,157.0,370.0,159.0
1.0,1034.0,519.0,523.0,535.0,519.0,519.0,366.0,157.0,364.0,155.0
1.0,1050.0,507.0,523.0,519.0,507.0,507.0,366.0,157.0,355.0,152.0
1.0,1062.0,512.0,524.0,507.0,515.0,515.0,367.0,157.0,357.0,155.0
1.0,1057.0,513.0,525.0,515.0,516.0,516.0,367.0,158.0,359.0,154.0
1.0,1059.0,526.0,526.0,516.0,529.0,529.0,368.0,158.0,368.0,158.0
1.0,1049.0,544.0,526.0,529.0,544.0,544.0,368.0,158.0,382.0,162.0
1.0,1034.0,560.0,527.0,544.0,563.0,563.0,369.0,158.0,390.0,170.0
1.0,1018.0,573.0,527.0,563.0,573.0,573.0,369.0,158.0,402.0,171.0
1.0,1008.0,576.0,529.0,573.0,582.0,582.0,370.0,159.0,403.0,173.0
1.0,1005.0,579.0,529.0,582.0,579.0,579.0,370.0,159.0,406.0,173.0
1.0,1008.0,567.0,530.0,579.0,570.0,570.0,371.0,159.0,397.0,170.0
1.0,1020.0,556.0,530.0,570.0,556.0,556.0,371.0,159.0,390.0,166.0
1.0,1034.0,541.0,531.0,556.0,544.0,544.0,372.0,159.0,377.0,164.0
1.0,1049.0,527.0,532.0,544.0,530.0,530.0,372.0,160.0,370.0,157.0
1.0,1066.0,516.0,533.0,530.0,519.0,519.0,373.0,160.0,361.0,155.0
1.0,1080.0,517.0,533.0,519.0,517.0,517.0,373.0,160.0,363.0,154.0
1.0,1082.0,521.0,533.0,517.0,521.0,521.0,373.0,160.0,365.0,156.0
1.0,1078.0,540.0,534.0,521.0,543.0,543.0,374.0,160.0,377.0,163.0
1.0,1059.0,550.0,534.0,543.0,550.0,550.0,374.0,160.0,385.0,165.0
1.0,1052.0,569.0,536.0,550.0,575.0,575.0,375.0,161.0,399.0,170.0
1.0,1033.0,579.0,536.0,575.0,579.0,579.0,375.0,161.0,405.0,174.0
1.0,1029.0,584.0,537.0,579.0,587.0,587.0,376.0,161.0,409.0,175.0
1.0,1024.0,590.0,537.0,587.0,590.0,590.0,376.0,161.0,412.0,178.0
1.0,1021.0,576.0,539.0,590.0,582.0,582.0,377.0,162.0,403.0,173.0
1.0,1035.0,565.0,539.0,582.0,565.0,565.0,377.0,162.0,396.0,169.0
1.0,1052.0,547.0,540.0,565.0,550.0,550.0,378.0,162.0,383.0,164.0
1.0,1070.0,536.0,540.0,550.0,536.0,536.0,378.0,162.0,376.0,160.0
1.0,1084.0,527.0,541.0,536.0,530.0,530.0,379.0,162.0,367.0,160.0
1.0,1093.0,526.0,541.0,530.0,526.0,526.0,379.0,162.0,369.0,157.0
1.0,1097.0,530.0,543.0,526.0,536.0,536.0,380.0,163.0,371.0,159.0
1.0,1093.0,546.0,543.0,536.0,546.0,546.0,380.0,163.0,383.0,163.0
1.0,1083.0,559.0,543.0,546.0,559.0,559.0,380.0,163.0,391.0,168.0
1.0,1070.0,580.0,544.0,559.0,583.0,583.0,381.0,163.0,405.0,175.0
1.0,1049.0,587.0,545.0,583.0,590.0,590.0,381.0,164.0,411.0,176.0
1.0,1045.0,593.0,546.0,590.0,596.0,596.0,382.0,164.0,415.0,178.0
1.0,1042.0,596.0,546.0,596.0,596.0,596.0,382.0,164.0,418.0,178.0
1.0,1042.0,584.0,547.0,596.0,587.0,587.0,383.0,164.0,409.0,175.0
1.0,1054.0,576.0,547.0,587.0,576.0,576.0,383.0,164.0,402.0,174.0
1.0,1065.0,556.0,548.0,576.0,559.0,559.0,384.0,164.0,389.0,167.0
1.0,1085.0,545.0,549.0,559.0,548.0,548.0,384.0,165.0,382.0,163.0
1.0,1099.0,533.0,550.0,548.0,536.0,536.0,385.0,165.0,373.0,160.0
1.0,1114.0,536.0,550.0,536.0,536.0,536.0,385.0,165.0,376.0,160.0
1.0,1114.0,542.0,551.0,536.0,545.0,545.0,386.0,165.0,377.0,165.0
1.0,1108.0,554.0,552.0,545.0,557.0,557.0,386.0,166.0,389.0,165.0
1.0,1099.0,567.0,553.0,557.0,570.0,570.0,387.0,166.0,397.0,170.0
1.0,1089.0,586.0,553.0,570.0,586.0,586.0,387.0,166.0,411.0,175.0
1.0,1073.0,596.0,553.0,586.0,596.0,596.0,387.0,166.0,417.0,179.0
1.0,1063.0,609.0,554.0,596.0,612.0,612.0,388.0,166.0,425.0,184.0
1.0,1050.0,601.0,555.0,612.0,604.0,604.0,388.0,167.0,421.0,180.0
1.0,1061.0,593.0,556.0,604.0,596.0,596.0,389.0,167.0,415.0,178.0
1.0,1072.0,582.0,556.0,596.0,582.0,582.0,389.0,167.0,408.0,174.0
1.0,1086.0,564.0,557.0,582.0,567.0,567.0,390.0,167.0,395.0,169.0
1.0,1104.0,556.0,557.0,567.0,556.0,556.0,390.0,167.0,388.0,168.0
1.0,1115.0,542.0,559.0,556.0,548.0,548.0,391.0,168.0,379.0,163.0
1.0,1129.0,544.0,559.0,548.0,544.0,544.0,391.0,168.0,382.0,162.0
1.0,1133.0,547.0,560.0,544.0,550.0,550.0,392.0,168.0,383.0,164.0
1.0,1130.0,563.0,560.0,550.0,563.0,563.0,392.0,168.0,395.0,168.0
1.0,1117.0,579.0,561.0,563.0,582.0,582.0,393.0,168.0,403.0,176.0
1.0,1101.0,595.0,561.0,582.0,595.0,595.0,393.0,168.0,417.0,178.0
1.0,1088.0,604.0,563.0,595.0,610.0,610.0,394.0,169.0,423.0,181.0
1.0,1079.0,614.0,563.0,610.0,614.0,614.0,394.0,169.0,431.0,183.0
1.0,1075.0,610.0,563.0,614.0,610.0,610.0,394.0,169.0,427.0,183.0
1.0,1079.0,607.0,564.0,610.0,610.0,610.0,395.0,169.0,424.0,183.0
1.0,1082.0,588.0,565.0,610.0,591.0,591.0,395.0,170.0,412.0,176.0
1.0,1104.0,573.0,566.0,591.0,576.0,576.0,396.0,170.0,401.0,172.0
1.0,1122.0,562.0,566.0,576.0,562.0,562.0,396.0,170.0,394.0,168.0
1.0,1136.0,550.0,567.0,562.0,553.0,553.0,397.0,170.0,385.0,165.0
1.0,1148.0,556.0,567.0,553.0,556.0,556.0,397.0,170.0,388.0,168.0
1.0,1145.0,556.0,569.0,556.0,562.0,562.0,398.0,171.0,389.0,167.0
1.0,1145.0,572.0,569.0,562.0,572.0,572.0,398.0,171.0,401.0,171.0
1.0,1135.0,584.0,570.0,572.0,587.0,587.0,399.0,171.0,409.0,175.0
1.0,1123.0,603.0,570.0,587.0,603.0,603.0,399.0,171.0,423.0,180.0
1.0,1107.0,616.0,571.0,603.0,619.0,619.0,400.0,171.0,429.0,187.0
1.0,1094.0,623.0,572.0,619.0,626.0,626.0,400.0,172.0,437.0,186.0
1.0,1090.0,619.0,573.0,626.0,622.0,622.0,401.0,172.0,433.0,186.0
1.0,1097.0,613.0,573.0,622.0,613.0,613.0,401.0,172.0,430.0,183.0
1.0,1106.0,600.0,573.0,613.0,600.0,600.0,401.0,172.0,418.0,182.0
1.0,1119.0,584.0,574.0,600.0,587.0,587.0,402.0,172.0,410.0,174.0
1.0,1135.0,568.0,575.0,587.0,571.0,571.0,402.0,173.0,398.0,170.0
1.0,1154.0,559.0,576.0,571.0,562.0,562.0,403.0,173.0,391.0,168.0
1.0,1166.0,561.0,576.0,562.0,561.0,561.0,403.0,173.0,394.0,167.0
1.0,1167.0,564.0,577.0,561.0,567.0,567.0,404.0,173.0,395.0,169.0
1.0,1164.0,583.0,577.0,567.0,583.0,583.0,404.0,173.0,407.0,176.0
1.0,1148.0,593.0,579.0,583.0,599.0,599.0,405.0,174.0,415.0,178.0
1.0,1138.0,612.0,579.0,599.0,612.0,612.0,405.0,174.0,429.0,183.0
1.0,1125.0,622.0,580.0,612.0,625.0,625.0,406.0,174.0,435.0,187.0
1.0,1115.0,631.0,580.0,625.0,631.0,631.0,406.0,174.0,443.0,188.0
1.0,1109.0,630.0,581.0,631.0,633.0,633.0,407.0,174.0,439.0,191.0
1.0,1110.0,622.0,582.0,633.0,625.0,625.0,407.0,175.0,436.0,186.0
1.0,1121.0,606.0,583.0,625.0,609.0,609.0,408.0,175.0,424.0,182.0
1.0,1140.0,593.0,583.0,609.0,593.0,593.0,408.0,175.0,416.0,177.0
1.0,1156.0,577.0,583.0,593.0,577.0,577.0,408.0,175.0,404.0,173.0
1.0,1172.0,574.0,584.0,577.0,577.0,577.0,409.0,175.0,401.0,173.0
1.0,1175.0,567.0,585.0,577.0,570.0,570.0,409.0,176.0,397.0,170.0
1.0,1185.0,573.0,586.0,570.0,576.0,576.0,410.0,176.0,401.0,172.0
1.0,1182.0,589.0,586.0,576.0,589.0,589.0,410.0,176.0,413.0,176.0
1.0,1169.0,602.0,587.0,589.0,605.0,605.0,411.0,176.0,421.0,181.0
1.0,1156.0,624.0,587.0,605.0,624.0,624.0,411.0,176.0,436.0,188.0
1.0,1137.0,630.0,588.0,624.0,633.0,633.0,412.0,176.0,441.0,189.0
1.0,1131.0,640.0,589.0,633.0,643.0,643.0,412.0,177.0,449.0,191.0
1.0,1124.0,636.0,590.0,643.0,639.0,639.0,413.0,177.0,445.0,191.0
1.0,1131.0,630.0,590.0,639.0,630.0,630.0,413.0,177.0,442.0,188.0
1.0,1140.0,617.0,591.0,630.0,620.0,620.0,414.0,177.0,430.0,187.0
1.0,1153.0,602.0,592.0,620.0,605.0,605.0,414.0,178.0,422.0,180.0
1.0,1171.0,586.0,593.0,605.0,589.0,589.0,415.0,178.0,410.0,176.0
1.0,1190.0,580.0,593.0,589.0,580.0,580.0,415.0,178.0,407.0,173.0
1.0,1199.0,576.0,594.0,580.0,579.0,579.0,416.0,178.0,403.0,173.0
1.0,1203.0,588.0,594.0,579.0,588.0,588.0,416.0,178.0,410.0,178.0
1.0,1194.0,594.0,595.0,588.0,597.0,597.0,416.0,179.0,416.0,178.0
1.0,1188.0,613.0,596.0,597.0,616.0,616.0,417.0,179.0,430.0,183.0
1.0,1172.0,627.0,596.0,616.0,627.0,627.0,417.0,179.0,439.0,188.0
1.0,1161.0,639.0,597.0,627.0,642.0,642.0,418.0,179.0,447.0,192.0
1.0,1149.0,652.0,597.0,642.0,652.0,652.0,418.0,179.0,455.0,197.0
1.0,1139.0,644.0,599.0,652.0,650.0,650.0,419.0,180.0,451.0,193.0
1.0,1147.0,639.0,599.0,650.0,639.0,639.0,419.0,180.0,448.0,191.0
1.0,1158.0,623.0,600.0,639.0,626.0,626.0,420.0,180.0,436.0,187.0
1.0,1174.0,613.0,600.0,626.0,613.0,613.0,420.0,180.0,428.0,185.0
1.0,1187.0,594.0,601.0,613.0,597.0,597.0,421.0,180.0,416.0,178.0
1.0,1206.0,589.0,602.0,597.0,592.0,592.0,421.0,181.0,413.0,176.0
1.0,1214.0,584.0,603.0,592.0,587.0,587.0,422.0,181.0,409.0,175.0
1.0,1222.0,593.0,603.0,587.0,593.0,593.0,422.0,181.0,416.0,177.0
1.0,1216.0,603.0,603.0,593.0,603.0,603.0,422.0,181.0,422.0,181.0
1.0,1206.0,625.0,604.0,603.0,628.0,628.0,423.0,181.0,436.0,189.0
1.0,1184.0,636.0,605.0,628.0,639.0,639.0,423.0,182.0,445.0,191.0
1.0,1176.0,651.0,606.0,639.0,654.0,654.0,424.0,182.0,457.0,194.0
1.0,1164.0,654.0,606.0,654.0,654.0,654.0,424.0,182.0,458.0,196.0
1.0,1164.0,653.0,607.0,654.0,656.0,656.0,425.0,182.0,457.0,196.0
1.0,1165.0,650.0,607.0,656.0,650.0,650.0,425.0,182.0,454.0,196.0
1.0,1171.0,631.0,608.0,650.0,634.0,634.0,426.0,182.0,442.0,189.0
1.0,1190.0,619.0,609.0,634.0,622.0,622.0,426.0,183.0,434.0,185.0
1.0,1205.0,603.0,610.0,622.0,606.0,606.0,427.0,183.0,422.0,181.0
1.0,1224.0,597.0,610.0,606.0,597.0,597.0,427.0,183.0,419.0,178.0
1.0,1233.0,596.0,611.0,597.0,599.0,599.0,428.0,183.0,415.0,181.0
1.0,1234.0,602.0,612.0,599.0,605.0,605.0,428.0,184.0,422.0,180.0
1.0,1231.0,612.0,613.0,605.0,615.0,615.0,429.0,184.0,428.0,184.0
1.0,1224.0,631.0,613.0,615.0,631.0,631.0,429.0,184.0,443.0,188.0
1.0,1208.0,647.0,614.0,631.0,650.0,650.0,430.0,184.0,451.0,196.0
1.0,1192.0,660.0,614.0,650.0,660.0,660.0,430.0,184.0,463.0,197.0
1.0,1182.0,663.0,615.0,660.0,666.0,666.0,430.0,185.0,464.0,199.0
1.0,1179.0,665.0,616.0,666.0,668.0,668.0,431.0,185.0,466.0,199.0
1.0,1180.0,653.0,616.0,668.0,653.0,653.0,431.0,185.0,457.0,196.0
1.0,1195.0,640.0,617.0,653.0,643.0,643.0,432.0,185.0,448.0,192.0
1.0,1208.0,630.0,617.0,643.0,630.0,630.0,432.0,185.0,440.0,190.0
1.0,1221.0,611.0,619.0,630.0,617.0,617.0,433.0,186.0,428.0,183.0
1.0,1240.0,606.0,619.0,617.0,606.0,606.0,433.0,186.0,425.0,181.0
1.0,1251.0,601.0,620.0,606.0,604.0,604.0,434.0,186.0,421.0,180.0
1.0,1256.0,611.0,620.0,604.0,611.0,611.0,434.0,186.0,429.0,182.0
1.0,1249.0,623.0,621.0,611.0,626.0,626.0,435.0,186.0,434.0,189.0
1.0,1237.0,640.0,621.0,626.0,640.0,640.0,435.0,186.0,449.0,191.0
1.0,1223.0,653.0,623.0,640.0,659.0,659.0,436.0,187.0,457.0,196.0
1.0,1210.0,669.0,623.0,659.0,669.0,669.0,436.0,187.0,469.0,200.0
1.0,1200.0,671.0,623.0,669.0,671.0,671.0,436.0,187.0,470.0,201.0
1.0,1198.0,676.0,624.0,671.0,679.0,679.0,437.0,187.0,472.0,204.0
1.0,1193.0,662.0,625.0,679.0,665.0,665.0,437.0,188.0,463.0,199.0
1.0,1210.0,649.0,626.0,665.0,652.0,652.0,438.0,188.0,454.0,195.0
1.0,1226.0,636.0,626.0,652.0,636.0,636.0,438.0,188.0,446.0,190.0
1.0,1242.0,620.0,627.0,636.0,623.0,623.0,439.0,188.0,434.0,186.0
1.0,1258.0,617.0,627.0,623.0,617.0,617.0,439.0,188.0,431.0,186.0
1.0,1264.0,610.0,628.0,617.0,613.0,613.0,440.0,188.0,427.0,183.0
1.0,1271.0,620.0,629.0,613.0,623.0,623.0,440.0,189.0,435.0,185.0
1.0,1264.0,629.0,630.0,623.0,632.0,632.0,441.0,189.0,440.0,189.0
1.0,1258.0,649.0,630.0,632.0,649.0,649.0,441.0,189.0,455.0,194.0
1.0,1241.0,664.0,631.0,649.0,667.0,667.0,442.0,189.0,463.0,201.0
1.0,1226.0,677.0,632.0,667.0,680.0,680.0,442.0,190.0,475.0,202.0
1.0,1216.0,680.0,633.0,680.0,683.0,683.0,443.0,190.0,476.0,204.0
1.0,1216.0,682.0,633.0,683.0,682.0,682.0,443.0,190.0,478.0,204.0
1.0,1217.0,670.0,633.0,682.0,670.0,670.0,443.0,190.0,469.0,201.0
1.0,1229.0,663.0,634.0,670.0,666.0,666.0,444.0,190.0,463.0,200.0
1.0,1236.0,642.0,634.0,666.0,642.0,642.0,444.0,190.0,449.0,193.0
1.0,1260.0,629.0,636.0,642.0,635.0,635.0,445.0,191.0,440.0,189.0
1.0,1273.0,623.0,636.0,635.0,623.0,623.0,445.0,191.0,437.0,186.0
1.0,1285.0,619.0,637.0,623.0,622.0,622.0,446.0,191.0,433.0,186.0
1.0,1289.0,632.0,637.0,622.0,632.0,632.0,446.0,191.0,441.0,191.0
1.0,1279.0,638.0,639.0,632.0,644.0,644.0,447.0,192.0,447.0,191.0
1.0,1273.0,657.0,639.0,644.0,657.0,657.0,447.0,192.0,461.0,196.0
1.0,1260.0,670.0,640.0,657.0,673.0,673.0,448.0,192.0,469.0,201.0
1.0,1247.0,686.0,640.0,673.0,686.0,686.0,448.0,192.0,481.0,205.0
1.0,1234.0,692.0,641.0,686.0,695.0,695.0,449.0,192.0,482.0,210.0
1.0,1228.0,691.0,642.0,695.0,694.0,694.0,449.0,193.0,485.0,206.0
1.0,1232.0,679.0,643.0,694.0,682.0,682.0,450.0,193.0,475.0,204.0
1.0,1247.0,669.0,643.0,682.0,669.0,669.0,450.0,193.0,469.0,200.0
1.0,1260.0,650.0,643.0,669.0,650.0,650.0,450.0,193.0,455.0,195.0
1.0,1279.0,643.0,644.0,650.0,646.0,646.0,451.0,193.0,449.0,194.0
1.0,1286.0,629.0,645.0,646.0,632.0,632.0,451.0,194.0,440.0,189.0
1.0,1303.0,627.0,646.0,632.0,630.0,630.0,452.0,194.0,439.0,188.0
1.0,1308.0,637.0,646.0,630.0,637.0,637.0,452.0,194.0,447.0,190.0
1.0,1301.0,647.0,647.0,637.0,650.0,650.0,453.0,194.0,453.0,194.0
1.0,1291.0,669.0,647.0,650.0,669.0,669.0,453.0,194.0,467.0,202.0
1.0,1272.0,679.0,648.0,669.0,682.0,682.0,454.0,194.0,475.0,204.0
1.0,1262.0,694.0,649.0,682.0,697.0,697.0,454.0,195.0,487.0,207.0
1.0,1250.0,697.0,650.0,697.0,700.0,700.0,455.0,195.0,488.0,209.0
1.0,1250.0,700.0,650.0,700.0,700.0,700.0,455.0,195.0,491.0,209.0
1.0,1250.0,691.0,651.0,700.0,694.0,694.0,456.0,195.0,482.0,209.0
1.0,1259.0,677.0,652.0,694.0,680.0,680.0,456.0,196.0,475.0,202.0
1.0,1276.0,659.0,653.0,680.0,662.0,662.0,457.0,196.0,461.0,198.0
1.0,1297.0,649.0,653.0,662.0,649.0,649.0,457.0,196.0,455.0,194.0
1.0,1310.0,637.0,653.0,649.0,637.0,637.0,457.0,196.0,446.0,191.0
1.0,1322.0,642.0,654.0,637.0,645.0,645.0,458.0,196.0,448.0,194.0
1.0,1317.0,643.0,655.0,645.0,646.0,646.0,458.0,197.0,450.0,193.0
1.0,1319.0,659.0,656.0,646.0,662.0,662.0,459.0,197.0,462.0,197.0
1.0,1306.0,671.0,656.0,662.0,671.0,671.0,459.0,197.0,470.0,201.0
1.0,1297.0,687.0,657.0,671.0,690.0,690.0,460.0,197.0,481.0,206.0
1.0,1281.0,706.0,657.0,690.0,706.0,706.0,460.0,197.0,493.0,213.0
1.0,1265.0,706.0,659.0,706.0,712.0,712.0,461.0,198.0,494.0,212.0
1.0,1265.0,709.0,659.0,712.0,709.0,709.0,461.0,198.0,497.0,212.0
1.0,1268.0,697.0,660.0,709.0,700.0,700.0,462.0,198.0,488.0,209.0
1.0,1280.0,689.0,660.0,700.0,689.0,689.0,462.0,198.0,481.0,208.0
1.0,1291.0,668.0,661.0,689.0,671.0,671.0,463.0,198.0,468.0,200.0
1.0,1312.0,657.0,662.0,671.0,660.0,660.0,463.0,199.0,461.0,196.0
1.0,1326.0,646.0,663.0,660.0,649.0,649.0,464.0,199.0,452.0,194.0
1.0,1340.0,647.0,663.0,649.0,647.0,647.0,464.0,199.0,454.0,193.0
1.0,1342.0,651.0,663.0,647.0,651.0,651.0,464.0,199.0,456.0,195.0
1.0,1338.0,670.0,664.0,651.0,673.0,673.0,465.0,199.0,468.0,202.0
1.0,1319.0,680.0,665.0,673.0,683.0,683.0,465.0,200.0,476.0,204.0
1.0,1312.0,696.0,666.0,683.0,699.0,699.0,466.0,200.0,487.0,209.0
1.0,1299.0,712.0,666.0,699.0,712.0,712.0,466.0,200.0,499.0,213.0
1.0,1286.0,714.0,667.0,712.0,717.0,717.0,467.0,200.0,500.0,214.0
1.0,1284.0,720.0,667.0,717.0,720.0,720.0,467.0,200.0,503.0,217.0
1.0,1281.0,706.0,669.0,720.0,712.0,712.0,468.0,201.0,494.0,212.0
1.0,1295.0,695.0,669.0,712.0,695.0,695.0,468.0,201.0,487.0,208.0
1.0,1312.0,677.0,670.0,695.0,680.0,680.0,469.0,201.0,474.0,203.0
1.0,1330.0,666.0,670.0,680.0,666.0,666.0,469.0,201.0,467.0,199.0
1.0,1344.0,657.0,671.0,666.0,660.0,660.0,470.0,201.0,458.0,199.0
1.0,1353.0,656.0,672.0,660.0,659.0,659.0,470.0,202.0,460.0,196.0
1.0,1357.0,660.0,673.0,659.0,663.0,663.0,471.0,202.0,462.0,198.0
1.0,1356.0,676.0,673.0,663.0,676.0,676.0,471.0,202.0,474.0,202.0
1.0,1343.0,689.0,673.0,676.0,689.0,689.0,471.0,202.0,482.0,207.0
1.0,1330.0,710.0,674.0,689.0,713.0,713.0,472.0,202.0,496.0,214.0
1.0,1309.0,717.0,674.0,713.0,717.0,717.0,472.0,202.0,502.0,215.0
1.0,1305.0,723.0,676.0,717.0,729.0,729.0,473.0,203.0,506.0,217.0
1.0,1299.0,726.0,676.0,729.0,726.0,726.0,473.0,203.0,509.0,217.0
1.0,1302.0,714.0,677.0,726.0,717.0,717.0,474.0,203.0,500.0,214.0
1.0,1314.0,706.0,677.0,717.0,706.0,706.0,474.0,203.0,493.0,213.0
1.0,1325.0,686.0,679.0,706.0,692.0,692.0,475.0,204.0,480.0,206.0
1.0,1345.0,675.0,679.0,692.0,675.0,675.0,475.0,204.0,473.0,202.0
1.0,1362.0,663.0,680.0,675.0,666.0,666.0,476.0,204.0,464.0,199.0
1.0,1374.0,666.0,680.0,666.0,666.0,666.0,476.0,204.0,467.0,199.0
1.0,1374.0,672.0,681.0,666.0,675.0,675.0,477.0,204.0,468.0,204.0
1.0,1368.0,684.0,682.0,675.0,687.0,687.0,477.0,205.0,480.0,204.0
1.0,1359.0,697.0,683.0,687.0,700.0,700.0,478.0,205.0,488.0,209.0
1.0,1349.0,716.0,683.0,700.0,716.0,716.0,478.0,205.0,502.0,214.0
1.0,1333.0,726.0,683.0,716.0,726.0,726.0,478.0,205.0,508.0,218.0
1.0,1323.0,739.0,684.0,726.0,742.0,742.0,479.0,205.0,516.0,223.0
1.0,1310.0,731.0,685.0,742.0,734.0,734.0,479.0,206.0,512.0,219.0
1.0,1321.0,723.0,686.0,734.0,726.0,726.0,480.0,206.0,506.0,217.0
1.0,1332.0,712.0,686.0,726.0,712.0,712.0,480.0,206.0,499.0,213.0
1.0,1346.0,697.0,687.0,712.0,700.0,700.0,481.0,206.0,486.0,211.0
1.0,1361.0,683.0,687.0,700.0,683.0,683.0,481.0,206.0,479.0,204.0
1.0,1378.0,672.0,689.0,683.0,678.0,678.0,482.0,207.0,470.0,202.0
1.0,1389.0,674.0,689.0,678.0,674.0,674.0,482.0,207.0,473.0,201.0
1.0,1393.0,677.0,690.0,674.0,680.0,680.0,483.0,207.0,474.0,203.0
1.0,1390.0,693.0,690.0,680.0,693.0,693.0,483.0,207.0,486.0,207.0
1.0,1377.0,709.0,691.0,693.0,712.0,712.0,484.0,207.0,494.0,215.0
1.0,1361.0,725.0,692.0,712.0,728.0,728.0,484.0,208.0,508.0,217.0
1.0,1348.0,734.0,693.0,728.0,737.0,737.0,485.0,208.0,514.0,220.0
1.0,1342.0,744.0,693.0,737.0,744.0,744.0,485.0,208.0,522.0,222.0
1.0,1335.0,740.0,693.0,744.0,740.0,740.0,485.0,208.0,518.0,222.0
1.0,1339.0,737.0,694.0,740.0,740.0,740.0,486.0,208.0,515.0,222.0
1.0,1342.0,718.0,694.0,740.0,718.0,718.0,486.0,208.0,503.0,215.0
1.0,1364.0,703.0,696.0,718.0,709.0,709.0,487.0,209.0,492.0,211.0
1.0,1379.0,692.0,696.0,709.0,692.0,692.0,487.0,209.0,485.0,207.0
1.0,1396.0,680.0,697.0,692.0,683.0,683.0,488.0,209.0,476.0,204.0
1.0,1408.0,686.0,697.0,683.0,686.0,686.0,488.0,209.0,479.0,207.0
1.0,1405.0,686.0,699.0,686.0,692.0,692.0,489.0,210.0,480.0,206.0
1.0,1405.0,702.0,699.0,692.0,702.0,702.0,489.0,210.0,492.0,210.0
1.0,1395.0,714.0,700.0,702.0,717.0,717.0,490.0,210.0,500.0,214.0
1.0,1383.0,736.0,700.0,717.0,736.0,736.0,490.0,210.0,514.0,222.0
1.0,1364.0,743.0,701.0,736.0,746.0,746.0,491.0,210.0,520.0,223.0
1.0,1357.0,753.0,702.0,746.0,756.0,756.0,491.0,211.0,528.0,225.0
1.0,1350.0,749.0,703.0,756.0,752.0,752.0,492.0,211.0,524.0,225.0
1.0,1357.0,743.0,703.0,752.0,743.0,743.0,492.0,211.0,521.0,222.0
1.0,1366.0,727.0,703.0,743.0,727.0,727.0,492.0,211.0,509.0,218.0
1.0,1382.0,717.0,704.0,727.0,720.0,720.0,493.0,211.0,501.0,216.0
1.0,1392.0,698.0,705.0,720.0,701.0,701.0,493.0,212.0,489.0,209.0
1.0,1414.0,689.0,706.0,701.0,692.0,692.0,494.0,212.0,482.0,207.0
1.0,1426.0,691.0,706.0,692.0,691.0,691.0,494.0,212.0,485.0,206.0
1.0,1427.0,694.0,707.0,691.0,697.0,697.0,495.0,212.0,486.0,208.0
1.0,1424.0,713.0,707.0,697.0,713.0,713.0,495.0,212.0,498.0,215.0
1.0,1408.0,723.0,708.0,713.0,726.0,726.0,496.0,212.0,506.0,217.0
1.0,1398.0,742.0,709.0,726.0,745.0,745.0,496.0,213.0,520.0,222.0
1.0,1382.0,752.0,710.0,745.0,755.0,755.0,497.0,213.0,526.0,226.0
1.0,1375.0,761.0,710.0,755.0,761.0,761.0,497.0,213.0,534.0,227.0
1.0,1369.0,760.0,711.0,761.0,763.0,763.0,498.0,213.0,530.0,230.0
1.0,1370.0,752.0,712.0,763.0,755.0,755.0,498.0,214.0,527.0,225.0
1.0,1381.0,736.0,713.0,755.0,739.0,739.0,499.0,214.0,515.0,221.0
1.0,1400.0,723.0,713.0,739.0,723.0,723.0,499.0,214.0,507.0,216.0
1.0,1416.0,707.0,713.0,723.0,707.0,707.0,499.0,214.0,495.0,212.0
1.0,1432.0,704.0,714.0,707.0,707.0,707.0,500.0,214.0,492.0,212.0
1.0,1435.0,697.0,714.0,707.0,697.0,697.0,500.0,214.0,488.0,209.0
1.0,1445.0,706.0,716.0,697.0,712.0,712.0,501.0,215.0,495.0,211.0
1.0,1436.0,716.0,716.0,712.0,716.0,716.0,501.0,215.0,501.0,215.0
1.0,1432.0,732.0,717.0,716.0,735.0,735.0,502.0,215.0,512.0,220.0
1.0,1416.0,754.0,717.0,735.0,754.0,754.0,502.0,215.0,527.0,227.0
1.0,1397.0,760.0,719.0,754.0,766.0,766.0,503.0,216.0,532.0,228.0
1.0,1391.0,770.0,719.0,766.0,770.0,770.0,503.0,216.0,540.0,230.0
1.0,1387.0,766.0,720.0,770.0,769.0,769.0,504.0,216.0,536.0,230.0
1.0,1391.0,760.0,720.0,769.0,760.0,760.0,504.0,216.0,533.0,227.0
1.0,1400.0,747.0,721.0,760.0,750.0,750.0,505.0,216.0,521.0,226.0
1.0,1413.0,732.0,721.0,750.0,732.0,732.0,505.0,216.0,513.0,219.0
1.0,1431.0,716.0,723.0,732.0,722.0,722.0,506.0,217.0,501.0,215.0
1.0,1447.0,710.0,723.0,722.0,710.0,710.0,506.0,217.0,498.0,212.0
1.0,1459.0,706.0,723.0,710.0,706.0,706.0,506.0,217.0,494.0,212.0
1.0,1463.0,718.0,724.0,706.0,721.0,721.0,507.0,217.0,501.0,217.0
1.0,1451.0,724.0,725.0,721.0,727.0,727.0,507.0,218.0,507.0,217.0
1.0,1448.0,740.0,726.0,727.0,743.0,743.0,508.0,218.0,518.0,222.0
1.0,1435.0,760.0,726.0,743.0,760.0,760.0,508.0,218.0,533.0,227.0
1.0,1418.0,769.0,727.0,760.0,772.0,772.0,509.0,218.0,538.0,231.0
1.0,1409.0,782.0,727.0,772.0,782.0,782.0,509.0,218.0,546.0,236.0
1.0,1399.0,774.0,729.0,782.0,780.0,780.0,510.0,219.0,542.0,232.0
1.0,1407.0,769.0,729.0,780.0,769.0,769.0,510.0,219.0,539.0,230.0
1.0,1418.0,753.0,730.0,769.0,756.0,756.0,511.0,219.0,527.0,226.0
1.0,1434.0,740.0,730.0,756.0,740.0,740.0,511.0,219.0,519.0,221.0
1.0,1450.0,727.0,731.0,740.0,730.0,730.0,512.0,219.0,507.0,220.0
1.0,1463.0,719.0,732.0,730.0,722.0,722.0,512.0,220.0,504.0,215.0
1.0,1474.0,714.0,733.0,722.0,717.0,717.0,513.0,220.0,500.0,214.0
1.0,1482.0,723.0,733.0,717.0,723.0,723.0,513.0,220.0,507.0,216.0
1.0,1476.0,733.0,733.0,723.0,733.0,733.0,513.0,220.0,513.0,220.0
1.0,1466.0,755.0,734.0,733.0,758.0,758.0,514.0,220.0,527.0,228.0
1.0,1444.0,766.0,734.0,758.0,766.0,766.0,514.0,220.0,536.0,230.0
1.0,1436.0,781.0,736.0,766.0,787.0,787.0,515.0,221.0,548.0,233.0
1.0,1421.0,784.0,736.0,787.0,784.0,784.0,515.0,221.0,549.0,235.0
1.0,1424.0,783.0,737.0,784.0,786.0,786.0,516.0,221.0,548.0,235.0
1.0,1425.0,780.0,737.0,786.0,780.0,780.0,516.0,221.0,545.0,235.0
1.0,1431.0,761.0,739.0,780.0,767.0,767.0,517.0,222.0,533.0,228.0
1.0,1450.0,749.0,739.0,767.0,749.0,749.0,517.0,222.0,525.0,224.0
1.0,1468.0,733.0,740.0,749.0,736.0,736.0,518.0,222.0,513.0,220.0
1.0,1484.0,727.0,740.0,736.0,727.0,727.0,518.0,222.0,510.0,217.0
1.0,1493.0,726.0,741.0,727.0,729.0,729.0,519.0,222.0,506.0,220.0
1.0,1494.0,732.0,742.0,729.0,735.0,735.0,519.0,223.0,513.0,219.0
1.0,1491.0,742.0,743.0,735.0,745.0,745.0,520.0,223.0,519.0,223.0
1.0,1484.0,761.0,743.0,745.0,761.0,761.0,520.0,223.0,534.0,227.0
1.0,1468.0,774.0,743.0,761.0,774.0,774.0,520.0,223.0,542.0,232.0
1.0,1455.0,793.0,744.0,774.0,796.0,796.0,521.0,223.0,554.0,239.0
1.0,1436.0,793.0,745.0,796.0,796.0,796.0,521.0,224.0,555.0,238.0
1.0,1439.0,795.0,746.0,796.0,798.0,798.0,522.0,224.0,557.0,238.0
1.0,1440.0,783.0,746.0,798.0,783.0,783.0,522.0,224.0,548.0,235.0
1.0,1455.0,773.0,747.0,783.0,776.0,776.0,523.0,224.0,539.0,234.0
1.0,1465.0,757.0,747.0,776.0,757.0,757.0,523.0,224.0,531.0,226.0
1.0,1484.0,741.0,749.0,757.0,747.0,747.0,524.0,225.0,519.0,222.0
1.0,1500.0,736.0,749.0,747.0,736.0,736.0,524.0,225.0,516.0,220.0
1.0,1511.0,731.0,750.0,736.0,734.0,734.0,525.0,225.0,512.0,219.0
1.0,1516.0,741.0,750.0,734.0,741.0,741.0,525.0,225.0,520.0,221.0
1.0,1509.0,753.0,751.0,741.0,756.0,756.0,526.0,225.0,525.0,228.0
1.0,1497.0,770.0,752.0,756.0,773.0,773.0,526.0,226.0,540.0,230.0
1.0,1483.0,783.0,753.0,773.0,786.0,786.0,527.0,226.0,548.0,235.0
1.0,1473.0,799.0,753.0,786.0,799.0,799.0,527.0,226.0,560.0,239.0
1.0,1460.0,801.0,754.0,799.0,804.0,804.0,528.0,226.0,561.0,240.0
1.0,1458.0,806.0,754.0,804.0,806.0,806.0,528.0,226.0,563.0,243.0
1.0,1456.0,792.0,755.0,806.0,795.0,795.0,528.0,227.0,554.0,238.0
1.0,1470.0,782.0,756.0,795.0,785.0,785.0,529.0,227.0,548.0,234.0
1.0,1483.0,763.0,756.0,785.0,763.0,763.0,529.0,227.0,534.0,229.0
1.0,1505.0,750.0,757.0,763.0,753.0,753.0,530.0,227.0,525.0,225.0
1.0,1518.0,747.0,757.0,753.0,747.0,747.0,530.0,227.0,522.0,225.0
1.0,1524.0,740.0,759.0,747.0,746.0,746.0,531.0,228.0,518.0,222.0
1.0,1531.0,750.0,759.0,746.0,750.0,750.0,531.0,228.0,526.0,224.0
1.0,1527.0,759.0,760.0,750.0,762.0,762.0,532.0,228.0,531.0,228.0
1.0,1518.0,779.0,760.0,762.0,779.0,779.0,532.0,228.0,546.0,233.0
1.0,1501.0,794.0,761.0,779.0,797.0,797.0,533.0,228.0,554.0,240.0
1.0,1486.0,807.0,761.0,797.0,807.0,807.0,533.0,228.0,566.0,241.0
1.0,1476.0,810.0,763.0,807.0,816.0,816.0,534.0,229.0,567.0,243.0
1.0,1473.0,812.0,763.0,816.0,812.0,812.0,534.0,229.0,569.0,243.0
1.0,1477.0,800.0,763.0,812.0,800.0,800.0,534.0,229.0,560.0,240.0
1.0,1489.0,793.0,764.0,800.0,796.0,796.0,535.0,229.0,554.0,239.0
1.0,1496.0,772.0,765.0,796.0,775.0,775.0,535.0,230.0,540.0,232.0
1.0,1520.0,759.0,766.0,775.0,762.0,762.0,536.0,230.0,531.0,228.0
1.0,1536.0,753.0,766.0,762.0,753.0,753.0,536.0,230.0,528.0,225.0
1.0,1545.0,749.0,767.0,753.0,752.0,752.0,537.0,230.0,524.0,225.0
1.0,1549.0,762.0,767.0,752.0,762.0,762.0,537.0,230.0,532.0,230.0
1.0,1539.0,768.0,769.0,762.0,774.0,774.0,538.0,231.0,538.0,230.0
1.0,1533.0,787.0,769.0,774.0,787.0,787.0,538.0,231.0,552.0,235.0
1.0,1520.0,800.0,770.0,787.0,803.0,803.0,539.0,231.0,560.0,240.0
1.0,1507.0,816.0,770.0,803.0,816.0,816.0,539.0,231.0,572.0,244.0
1.0,1494.0,822.0,771.0,816.0,825.0,825.0,540.0,231.0,573.0,249.0
1.0,1488.0,821.0,772.0,825.0,824.0,824.0,540.0,232.0,576.0,245.0
1.0,1492.0,809.0,773.0,824.0,812.0,812.0,541.0,232.0,566.0,243.0
1.0,1507.0,799.0,773.0,812.0,799.0,799.0,541.0,232.0,560.0,239.0
1.0,1520.0,783.0,773.0,799.0,783.0,783.0,541.0,232.0,546.0,237.0
1.0,1536.0,770.0,774.0,783.0,773.0,773.0,542.0,232.0,540.0,230.0
1.0,1549.0,759.0,775.0,773.0,762.0,762.0,542.0,233.0,531.0,228.0
1.0,1563.0,757.0,776.0,762.0,760.0,760.0,543.0,233.0,530.0,227.0
1.0,1568.0,767.0,776.0,760.0,767.0,767.0,543.0,233.0,538.0,229.0
1.0,1561.0,777.0,777.0,767.0,780.0,780.0,544.0,233.0,544.0,233.0
1.0,1551.0,799.0,777.0,780.0,799.0,799.0,544.0,233.0,558.0,241.0
1.0,1532.0,809.0,779.0,799.0,815.0,815.0,545.0,234.0,566.0,243.0
1.0,1522.0,824.0,779.0,815.0,824.0,824.0,545.0,234.0,578.0,246.0
1.0,1513.0,827.0,780.0,824.0,830.0,830.0,546.0,234.0,579.0,248.0
1.0,1510.0,830.0,780.0,830.0,830.0,830.0,546.0,234.0,582.0,248.0
1.0,1510.0,821.0,781.0,830.0,824.0,824.0,547.0,234.0,573.0,248.0
1.0,1519.0,807.0,781.0,824.0,807.0,807.0,547.0,234.0,566.0,241.0
1.0,1536.0,789.0,783.0,807.0,795.0,795.0,548.0,235.0,552.0,237.0
1.0,1554.0,779.0,783.0,795.0,779.0,779.0,548.0,235.0,546.0,233.0
1.0,1570.0,767.0,783.0,779.0,767.0,767.0,548.0,235.0,537.0,230.0
1.0,1582.0,772.0,784.0,767.0,775.0,775.0,549.0,235.0,539.0,233.0
1.0,1577.0,773.0,785.0,775.0,776.0,776.0,549.0,236.0,541.0,232.0
1.0,1579.0,786.0,786.0,776.0,789.0,789.0,550.0,236.0,550.0,236.0
1.0,1569.0,804.0,786.0,789.0,804.0,804.0,550.0,236.0,564.0,240.0
1.0,1554.0,820.0,787.0,804.0,823.0,823.0,551.0,236.0,572.0,248.0
1.0,1538.0,833.0,787.0,823.0,833.0,833.0,551.0,236.0,584.0,249.0
1.0,1528.0,836.0,789.0,833.0,842.0,842.0,552.0,237.0,585.0,251.0
1.0,1525.0,839.0,789.0,842.0,839.0,839.0,552.0,237.0,588.0,251.0
1.0,1528.0,827.0,790.0,839.0,830.0,830.0,553.0,237.0,579.0,248.0
1.0,1540.0,816.0,790.0,830.0,816.0,816.0,553.0,237.0,572.0,244.0
1.0,1554.0,801.0,791.0,816.0,804.0,804.0,554.0,237.0,559.0,242.0
1.0,1569.0,787.0,792.0,804.0,790.0,790.0,554.0,238.0,552.0,235.0
1.0,1586.0,776.0,793.0,790.0,779.0,779.0,555.0,238.0,543.0,233.0
1.0,1600.0,777.0,793.0,779.0,777.0,777.0,555.0,238.0,545.0,232.0
1.0,1602.0,781.0,793.0,777.0,781.0,781.0,555.0,238.0,547.0,234.0
1.0,1598.0,800.0,794.0,781.0,803.0,803.0,556.0,238.0,559.0,241.0
1.0,1579.0,810.0,794.0,803.0,810.0,810.0,556.0,238.0,567.0,243.0
1.0,1572.0,829.0,796.0,810.0,835.0,835.0,557.0,239.0,581.0,248.0
1.0,1553.0,839.0,796.0,835.0,839.0,839.0,557.0,239.0,587.0,252.0
1.0,1549.0,844.0,797.0,839.0,847.0,847.0,558.0,239.0,591.0,253.0
1.0,1544.0,850.0,797.0,847.0,850.0,850.0,558.0,239.0,594.0,256.0
1.0,1541.0,836.0,799.0,850.0,842.0,842.0,559.0,240.0,585.0,251.0
1.0,1555.0,825.0,799.0,842.0,825.0,825.0,559.0,240.0,578.0,247.0
1.0,1572.0,807.0,800.0,825.0,810.0,810.0,560.0,240.0,565.0,242.0
1.0,1590.0,796.0,800.0,810.0,796.0,796.0,560.0,240.0,558.0,238.0
1.0,1604.0,787.0,801.0,796.0,790.0,790.0,561.0,240.0,549.0,238.0
1.0,1613.0,786.0,801.0,790.0,786.0,786.0,561.0,240.0,551.0,235.0
1.0,1617.0,790.0,803.0,786.0,796.0,796.0,562.0,241.0,553.0,237.0
1.0,1613.0,806.0,803.0,796.0,806.0,806.0,562.0,241.0,565.0,241.0
1.0,1603.0,819.0,803.0,806.0,819.0,819.0,562.0,241.0,573.0,246.0
1.0,1590.0,840.0,804.0,819.0,843.0,843.0,563.0,241.0,587.0,253.0
1.0,1569.0,847.0,805.0,843.0,850.0,850.0,563.0,242.0,593.0,254.0
1.0,1565.0,853.0,806.0,850.0,856.0,856.0,564.0,242.0,597.0,256.0
1.0,1562.0,856.0,806.0,856.0,856.0,856.0,564.0,242.0,600.0,256.0
1.0,1562.0,844.0,807.0,856.0,847.0,847.0,565.0,242.0,591.0,253.0
1.0,1574.0,836.0,807.0,847.0,836.0,836.0,565.0,242.0,584.0,252.0
1.0,1585.0,816.0,808.0,836.0,819.0,819.0,566.0,242.0,571.0,245.0
1.0,1605.0,805.0,809.0,819.0,808.0,808.0,566.0,243.0,564.0,241.0
1.0,1619.0,793.0,810.0,808.0,796.0,796.0,567.0,243.0,555.0,238.0
1.0,1634.0,796.0,810.0,796.0,796.0,796.0,567.0,243.0,558.0,238.0
1.0,1634.0,802.0,811.0,796.0,805.0,805.0,568.0,243.0,559.0,243.0
1.0,1628.0,814.0,812.0,805.0,817.0,817.0,568.0,244.0,571.0,243.0
1.0,1619.0,827.0,813.0,817.0,830.0,830.0,569.0,244.0,579.0,248.0
1.0,1609.0,846.0,813.0,830.0,846.0,846.0,569.0,244.0,593.0,253.0
1.0,1593.0,856.0,813.0,846.0,856.0,856.0,569.0,244.0,599.0,257.0
1.0,1583.0,869.0,814.0,856.0,872.0,872.0,570.0,244.0,607.0,262.0
1.0,1570.0,861.0,815.0,872.0,864.0,864.0,570.0,245.0,603.0,258.0
1.0,1581.0,853.0,816.0,864.0,856.0,856.0,571.0,245.0,597.0,256.0
1.0,1592.0,842.0,816.0,856.0,842.0,842.0,571.0,245.0,590.0,252.0
1.0,1606.0,824.0,817.0,842.0,827.0,827.0,572.0,245.0,577.0,247.0
1.0,1624.0,816.0,817.0,827.0,816.0,816.0,572.0,245.0,570.0,246.0
1.0,1635.0,802.0,819.0,816.0,808.0,808.0,573.0,246.0,561.0,241.0
1.0,1649.0,804.0,819.0,808.0,804.0,804.0,573.0,246.0,564.0,240.0
1.0,1653.0,807.0,820.0,804.0,810.0,810.0,574.0,246.0,565.0,242.0
1.0,1650.0,823.0,820.0,810.0,823.0,823.0,574.0,246.0,577.0,246.0
1.0,1637.0,839.0,821.0,823.0,842.0,842.0,575.0,246.0,585.0,254.0
1.0,1621.0,855.0,821.0,842.0,855.0,855.0,575.0,246.0,599.0,256.0
1.0,1608.0,864.0,823.0,855.0,870.0,870.0,576.0,247.0,605.0,259.0
1.0,1599.0,874.0,823.0,870.0,874.0,874.0,576.0,247.0,613.0,261.0
1.0,1595.0,870.0,823.0,874.0,870.0,870.0,576.0,247.0,609.0,261.0
1.0,1599.0,867.0,824.0,870.0,870.0,870.0,577.0,247.0,606.0,261.0
1.0,1602.0,847.0,825.0,870.0,850.0,850.0,577.0,248.0,593.0,254.0
1.0,1625.0,833.0,826.0,850.0,836.0,836.0,578.0,248.0,583.0,250.0
1.0,1642.0,822.0,826.0,836.0,822.0,822.0,578.0,248.0,576.0,246.0
1.0,1656.0,810.0,827.0,822.0,813.0,813.0,579.0,248.0,567.0,243.0
1.0,1668.0,816.0,827.0,813.0,816.0,816.0,579.0,248.0,570.0,246.0
1.0,1665.0,816.0,829.0,816.0,822.0,822.0,580.0,249.0,571.0,245.0
1.0,1665.0,832.0,829.0,822.0,832.0,832.0,580.0,249.0,583.0,249.0
1.0,1655.0,844.0,830.0,832.0,847.0,847.0,581.0,249.0,591.0,253.0
1.0,1643.0,863.0,830.0,847.0,863.0,863.0,581.0,249.0,605.0,258.0
1.0,1627.0,876.0,831.0,863.0,879.0,879.0,582.0,249.0,611.0,265.0
1.0,1614.0,883.0,832.0,879.0,886.0,886.0,582.0,250.0,619.0,264.0
1.0,1610.0,879.0,832.0,886.0,879.0,879.0,582.0,250.0,615.0,264.0
1.0,1617.0,873.0,833.0,879.0,876.0,876.0,583.0,250.0,612.0,261.0
1.0,1623.0,860.0,833.0,876.0,860.0,860.0,583.0,250.0,600.0,260.0
1.0,1639.0,844.0,834.0,860.0,847.0,847.0,584.0,250.0,592.0,252.0
1.0,1655.0,827.0,835.0,847.0,830.0,830.0,584.0,251.0,579.0,248.0
1.0,1675.0,819.0,836.0,830.0,822.0,822.0,585.0,251.0,573.0,246.0
1.0,1686.0,821.0,836.0,822.0,821.0,821.0,585.0,251.0,576.0,245.0
1.0,1687.0,824.0,837.0,821.0,827.0,827.0,586.0,251.0,577.0,247.0
1.0,1684.0,843.0,837.0,827.0,843.0,843.0,586.0,251.0,589.0,254.0
1.0,1668.0,853.0,839.0,843.0,859.0,859.0,587.0,252.0,597.0,256.0
1.0,1658.0,872.0,839.0,859.0,872.0,872.0,587.0,252.0,611.0,261.0
1.0,1645.0,882.0,840.0,872.0,885.0,885.0,588.0,252.0,617.0,265.0
1.0,1635.0,891.0,840.0,885.0,891.0,891.0,588.0,252.0,625.0,266.0
1.0,1629.0,890.0,841.0,891.0,893.0,893.0,589.0,252.0,621.0,269.0
1.0,1630.0,882.0,842.0,893.0,885.0,885.0,589.0,253.0,618.0,264.0
1.0,1641.0,866.0,843.0,885.0,869.0,869.0,590.0,253.0,606.0,260.0
1.0,1660.0,853.0,843.0,869.0,853.0,853.0,590.0,253.0,598.0,255.0
1.0,1676.0,837.0,843.0,853.0,837.0,837.0,590.0,253.0,586.0,251.0
1.0,1692.0,833.0,844.0,837.0,836.0,836.0,591.0,253.0,582.0,251.0
1.0,1696.0,827.0,845.0,836.0,830.0,830.0,591.0,254.0,579.0,248.0
1.0,1705.0,833.0,846.0,830.0,836.0,836.0,592.0,254.0,583.0,250.0
1.0,1702.0,849.0,846.0,836.0,849.0,849.0,592.0,254.0,595.0,254.0
1.0,1689.0,862.0,847.0,849.0,865.0,865.0,593.0,254.0,603.0,259.0
1.0,1676.0,883.0,847.0,865.0,883.0,883.0,593.0,254.0,617.0,266.0
1.0,1658.0,890.0,848.0,883.0,893.0,893.0,594.0,254.0,623.0,267.0
1.0,1651.0,900.0,849.0,893.0,903.0,903.0,594.0,255.0,631.0,269.0
1.0,1644.0,896.0,850.0,903.0,899.0,899.0,595.0,255.0,627.0,269.0
1.0,1651.0,890.0,850.0,899.0,890.0,890.0,595.0,255.0,624.0,266.0
1.0,1660.0,877.0,851.0,890.0,880.0,880.0,596.0,255.0,612.0,265.0
1.0,1673.0,862.0,852.0,880.0,865.0,865.0,596.0,256.0,604.0,258.0
1.0,1691.0,846.0,852.0,865.0,846.0,846.0,596.0,256.0,592.0,254.0
1.0,1710.0,840.0,853.0,846.0,843.0,843.0,597.0,256.0,589.0,251.0
1.0,1716.0,836.0,853.0,843.0,836.0,836.0,597.0,256.0,585.0,251.0
1.0,1723.0,845.0,854.0,836.0,848.0,848.0,598.0,256.0,589.0,256.0
1.0,1714.0,857.0,855.0,848.0,860.0,860.0,598.0,257.0,601.0,256.0
1.0,1705.0,870.0,856.0,860.0,873.0,873.0,599.0,257.0,609.0,261.0
1.0,1695.0,890.0,856.0,873.0,890.0,890.0,599.0,257.0,624.0,266.0
1.0,1678.0,899.0,857.0,890.0,902.0,902.0,600.0,257.0,629.0,270.0
1.0,1669.0,912.0,857.0,902.0,912.0,912.0,600.0,257.0,637.0,275.0
1.0,1659.0,904.0,859.0,912.0,910.0,910.0,601.0,258.0,633.0,271.0
1.0,1667.0,899.0,859.0,910.0,899.0,899.0,601.0,258.0,630.0,269.0
1.0,1678.0,883.0,860.0,899.0,886.0,886.0,602.0,258.0,618.0,265.0
1.0,1694.0,873.0,860.0,886.0,873.0,873.0,602.0,258.0,610.0,263.0
1.0,1707.0,854.0,861.0,873.0,857.0,857.0,603.0,258.0,598.0,256.0
1.0,1726.0,849.0,862.0,857.0,852.0,852.0,603.0,259.0,595.0,254.0
1.0,1734.0,844.0,863.0,852.0,847.0,847.0,604.0,259.0,591.0,253.0
1.0,1742.0,853.0,863.0,847.0,853.0,853.0,604.0,259.0,598.0,255.0
1.0,1736.0,863.0,863.0,853.0,863.0,863.0,604.0,259.0,604.0,259.0
1.0,1726.0,885.0,864.0,863.0,888.0,888.0,605.0,259.0,618.0,267.0
1.0,1704.0,896.0,865.0,888.0,899.0,899.0,605.0,260.0,627.0,269.0
1.0,1696.0,907.0,866.0,899.0,910.0,910.0,606.0,260.0,635.0,272.0
1.0,1688.0,917.0,866.0,910.0,917.0,917.0,606.0,260.0,643.0,274.0
1.0,1681.0,913.0,867.0,917.0,916.0,916.0,607.0,260.0,639.0,274.0
1.0,1685.0,910.0,867.0,916.0,910.0,910.0,607.0,260.0,636.0,274.0
1.0,1691.0,891.0,868.0,910.0,894.0,894.0,608.0,260.0,624.0,267.0
1.0,1710.0,879.0,869.0,894.0,882.0,882.0,608.0,261.0,616.0,263.0
1.0,1725.0,863.0,870.0,882.0,866.0,866.0,609.0,261.0,604.0,259.0
1.0,1744.0,857.0,870.0,866.0,857.0,857.0,609.0,261.0,601.0,256.0
1.0,1753.0,856.0,871.0,857.0,859.0,859.0,610.0,261.0,597.0,259.0
1.0,1754.0,862.0,872.0,859.0,865.0,865.0,610.0,262.0,604.0,258.0
1.0,1751.0,872.0,872.0,865.0,872.0,872.0,610.0,262.0,610.0,262.0
1.0,1744.0,890.0,873.0,872.0,893.0,893.0,611.0,262.0,624.0,266.0
1.0,1726.0,907.0,873.0,893.0,907.0,907.0,611.0,262.0,633.0,274.0
1.0,1712.0,920.0,874.0,907.0,923.0,923.0,612.0,262.0,645.0,275.0
1.0,1699.0,923.0,875.0,923.0,926.0,926.0,612.0,263.0,646.0,277.0
1.0,1699.0,922.0,876.0,926.0,925.0,925.0,613.0,263.0,645.0,277.0
1.0,1703.0,916.0,876.0,925.0,916.0,916.0,613.0,263.0,642.0,274.0
1.0,1712.0,900.0,877.0,916.0,903.0,903.0,614.0,263.0,630.0,270.0
1.0,1728.0,890.0,877.0,903.0,890.0,890.0,614.0,263.0,622.0,268.0
1.0,1741.0,871.0,879.0,890.0,877.0,877.0,615.0,264.0,610.0,261.0
1.0,1760.0,866.0,879.0,877.0,866.0,866.0,615.0,264.0,607.0,259.0
1.0,1771.0,861.0,880.0,866.0,864.0,864.0,616.0,264.0,603.0,258.0
1.0,1776.0,870.0,880.0,864.0,870.0,870.0,616.0,264.0,610.0,260.0
1.0,1770.0,883.0,881.0,870.0,886.0,886.0,617.0,264.0,616.0,267.0
1.0,1757.0,900.0,881.0,886.0,900.0,900.0,617.0,264.0,631.0,269.0
1.0,1743.0,913.0,883.0,900.0,919.0,919.0,618.0,265.0,639.0,274.0
1.0,1730.0,929.0,883.0,919.0,929.0,929.0,618.0,265.0,651.0,278.0
1.0,1720.0,931.0,883.0,929.0,931.0,931.0,618.0,265.0,652.0,279.0
1.0,1718.0,936.0,884.0,931.0,939.0,939.0,619.0,265.0,654.0,282.0
1.0,1713.0,922.0,885.0,939.0,925.0,925.0,619.0,266.0,645.0,277.0
1.0,1730.0,909.0,886.0,925.0,912.0,912.0,620.0,266.0,636.0,273.0
1.0,1746.0,896.0,886.0,912.0,896.0,896.0,620.0,266.0,628.0,268.0
1.0,1762.0,880.0,887.0,896.0,883.0,883.0,621.0,266.0,616.0,264.0
1.0,1778.0,877.0,887.0,883.0,877.0,877.0,621.0,266.0,613.0,264.0
1.0,1784.0,870.0,888.0,877.0,873.0,873.0,622.0,266.0,609.0,261.0
1.0,1791.0,880.0,889.0,873.0,883.0,883.0,622.0,267.0,617.0,263.0
1.0,1784.0,889.0,890.0,883.0,892.0,892.0,623.0,267.0,622.0,267.0
1.0,1778.0,909.0,890.0,892.0,909.0,909.0,623.0,267.0,637.0,272.0
1.0,1761.0,924.0,891.0,909.0,927.0,927.0,624.0,267.0,645.0,279.0
1.0,1746.0,937.0,892.0,927.0,940.0,940.0,624.0,268.0,657.0,280.0
1.0,1736.0,940.0,892.0,940.0,940.0,940.0,624.0,268.0,658.0,282.0
1.0,1736.0,942.0,893.0,940.0,945.0,945.0,625.0,268.0,660.0,282.0
1.0,1734.0,930.0,893.0,945.0,930.0,930.0,625.0,268.0,651.0,279.0
1.0,1749.0,920.0,894.0,930.0,923.0,923.0,626.0,268.0,642.0,278.0
1.0,1759.0,905.0,894.0,923.0,905.0,905.0,626.0,268.0,634.0,271.0
1.0,1777.0,889.0,896.0,905.0,895.0,895.0,627.0,269.0,622.0,267.0
1.0,1793.0,883.0,896.0,895.0,883.0,883.0,627.0,269.0,619.0,264.0
1.0,1805.0,879.0,897.0,883.0,882.0,882.0,628.0,269.0,615.0,264.0
1.0,1809.0,892.0,897.0,882.0,892.0,892.0,628.0,269.0,623.0,269.0
1.0,1799.0,897.0,899.0,892.0,903.0,903.0,629.0,270.0,628.0,269.0
1.0,1794.0,917.0,899.0,903.0,917.0,917.0,629.0,270.0,643.0,274.0
1.0,1780.0,930.0,900.0,917.0,933.0,933.0,630.0,270.0,651.0,279.0
1.0,1767.0,946.0,900.0,933.0,946.0,946.0,630.0,270.0,663.0,283.0
1.0,1754.0,952.0,901.0,946.0,955.0,955.0,631.0,270.0,664.0,288.0
1.0,1748.0,950.0,902.0,955.0,953.0,953.0,631.0,271.0,666.0,284.0
1.0,1753.0,939.0,902.0,953.0,939.0,939.0,631.0,271.0,657.0,282.0
1.0,1767.0,929.0,903.0,939.0,932.0,932.0,632.0,271.0,651.0,278.0
1.0,1777.0,910.0,903.0,932.0,910.0,910.0,632.0,271.0,637.0,273.0
1.0,1799.0,900.0,904.0,910.0,903.0,903.0,633.0,271.0,628.0,272.0
1.0,1809.0,892.0,905.0,903.0,895.0,895.0,633.0,272.0,625.0,267.0
1.0,1820.0,887.0,906.0,895.0,890.0,890.0,634.0,272.0,621.0,266.0
1.0,1828.0,897.0,906.0,890.0,897.0,897.0,634.0,272.0,629.0,268.0
1.0,1821.0,907.0,907.0,897.0,910.0,910.0,635.0,272.0,635.0,272.0
1.0,1811.0,929.0,907.0,910.0,929.0,929.0,635.0,272.0,649.0,280.0
1.0,1792.0,939.0,908.0,929.0,942.0,942.0,636.0,272.0,657.0,282.0
1.0,1782.0,954.0,909.0,942.0,957.0,957.0,636.0,273.0,669.0,285.0
1.0,1770.0,957.0,910.0,957.0,960.0,960.0,637.0,273.0,670.0,287.0
1.0,1770.0,960.0,910.0,960.0,960.0,960.0,637.0,273.0,673.0,287.0
1.0,1770.0,950.0,911.0,960.0,953.0,953.0,638.0,273.0,663.0,287.0
1.0,1780.0,937.0,912.0,953.0,940.0,940.0,638.0,274.0,657.0,280.0
1.0,1796.0,919.0,912.0,940.0,919.0,919.0,638.0,274.0,643.0,276.0
1.0,1817.0,909.0,913.0,919.0,912.0,912.0,639.0,274.0,637.0,272.0
1.0,1827.0,897.0,913.0,912.0,897.0,897.0,639.0,274.0,628.0,269.0
1.0,1842.0,899.0,914.0,897.0,902.0,902.0,640.0,274.0,627.0,272.0
1.0,1840.0,906.0,915.0,902.0,909.0,909.0,640.0,275.0,635.0,271.0
1.0,1836.0,916.0,916.0,909.0,919.0,919.0,641.0,275.0,641.0,275.0
1.0,1829.0,934.0,916.0,919.0,934.0,934.0,641.0,275.0,655.0,279.0
1.0,1814.0,947.0,917.0,934.0,950.0,950.0,642.0,275.0,663.0,284.0
1.0,1801.0,966.0,917.0,950.0,966.0,966.0,642.0,275.0,675.0,291.0
1.0,1785.0,966.0,919.0,966.0,972.0,972.0,643.0,276.0,676.0,290.0
1.0,1785.0,969.0,919.0,972.0,969.0,969.0,643.0,276.0,679.0,290.0
1.0,1788.0,957.0,920.0,969.0,960.0,960.0,644.0,276.0,670.0,287.0
1.0,1800.0,949.0,920.0,960.0,949.0,949.0,644.0,276.0,663.0,286.0
1.0,1811.0,927.0,921.0,949.0,930.0,930.0,645.0,276.0,649.0,278.0
1.0,1833.0,917.0,922.0,930.0,920.0,920.0,645.0,277.0,643.0,274.0
1.0,1846.0,906.0,922.0,920.0,906.0,906.0,645.0,277.0,634.0,272.0
1.0,1860.0,907.0,923.0,906.0,910.0,910.0,646.0,277.0,636.0,271.0
1.0,1859.0,911.0,923.0,910.0,911.0,911.0,646.0,277.0,638.0,273.0
1.0,1858.0,930.0,924.0,911.0,933.0,933.0,647.0,277.0,650.0,280.0
1.0,1839.0,940.0,925.0,933.0,943.0,943.0,647.0,278.0,658.0,282.0
1.0,1832.0,956.0,926.0,943.0,959.0,959.0,648.0,278.0,669.0,287.0
1.0,1819.0,972.0,926.0,959.0,972.0,972.0,648.0,278.0,681.0,291.0
1.0,1806.0,974.0,927.0,972.0,977.0,977.0,649.0,278.0,682.0,292.0
1.0,1804.0,980.0,927.0,977.0,980.0,980.0,649.0,278.0,685.0,295.0
1.0,1801.0,966.0,929.0,980.0,972.0,972.0,650.0,279.0,676.0,290.0
1.0,1815.0,955.0,929.0,972.0,955.0,955.0,650.0,279.0,669.0,286.0
1.0,1832.0,937.0,930.0,955.0,940.0,940.0,651.0,279.0,656.0,281.0
1.0,1850.0,926.0,930.0,940.0,926.0,926.0,651.0,279.0,649.0,277.0
1.0,1864.0,917.0,931.0,926.0,920.0,920.0,652.0,279.0,640.0,277.0
1.0,1873.0,916.0,932.0,920.0,919.0,919.0,652.0,280.0,642.0,274.0
1.0,1877.0,920.0,932.0,919.0,920.0,920.0,652.0,280.0,644.0,276.0
1.0,1876.0,936.0,933.0,920.0,939.0,939.0,653.0,280.0,656.0,280.0
1.0,1860.0,949.0,933.0,939.0,949.0,949.0,653.0,280.0,664.0,285.0
1.0,1850.0,967.0,934.0,949.0,970.0,970.0,654.0,280.0,675.0,292.0
1.0,1832.0,980.0,934.0,970.0,980.0,980.0,654.0,280.0,687.0,293.0
1.0,1822.0,983.0,936.0,980.0,989.0,989.0,655.0,281.0,688.0,295.0
1.0,1819.0,986.0,936.0,989.0,986.0,986.0,655.0,281.0,691.0,295.0
1.0,1822.0,974.0,937.0,986.0,977.0,977.0,656.0,281.0,682.0,292.0
1.0,1834.0,966.0,937.0,977.0,966.0,966.0,656.0,281.0,675.0,291.0
1.0,1845.0,946.0,939.0,966.0,952.0,952.0,657.0,282.0,662.0,284.0
1.0,1865.0,935.0,939.0,952.0,935.0,935.0,657.0,282.0,655.0,280.0
1.0,1882.0,923.0,940.0,935.0,926.0,926.0,658.0,282.0,646.0,277.0
1.0,1894.0,926.0,940.0,926.0,926.0,926.0,658.0,282.0,649.0,277.0
1.0,1894.0,932.0,941.0,926.0,935.0,935.0,659.0,282.0,650.0,282.0
1.0,1888.0,944.0,942.0,935.0,947.0,947.0,659.0,283.0,662.0,282.0
1.0,1879.0,957.0,943.0,947.0,960.0,960.0,660.0,283.0,670.0,287.0
1.0,1869.0,976.0,943.0,960.0,976.0,976.0,660.0,283.0,684.0,292.0
1.0,1853.0,986.0,943.0,976.0,986.0,986.0,660.0,283.0,690.0,296.0
1.0,1843.0,999.0,944.0,986.0,1002.0,1002.0,661.0,283.0,698.0,301.0
1.0,1830.0,991.0,945.0,1002.0,994.0,994.0,661.0,284.0,694.0,297.0
1.0,1841.0,983.0,946.0,994.0,986.0,986.0,662.0,284.0,688.0,295.0
1.0,1852.0,972.0,946.0,986.0,972.0,972.0,662.0,284.0,681.0,291.0
1.0,1866.0,957.0,947.0,972.0,960.0,960.0,663.0,284.0,668.0,289.0
1.0,1881.0,943.0,947.0,960.0,943.0,943.0,663.0,284.0,661.0,282.0
1.0,1898.0,932.0,949.0,943.0,938.0,938.0,664.0,285.0,652.0,280.0
1.0,1909.0,934.0,949.0,938.0,934.0,934.0,664.0,285.0,655.0,279.0
1.0,1913.0,937.0,950.0,934.0,940.0,940.0,665.0,285.0,656.0,281.0
1.0,1910.0,953.0,950.0,940.0,953.0,953.0,665.0,285.0,668.0,285.0
1.0,1897.0,969.0,951.0,953.0,972.0,972.0,666.0,285.0,676.0,293.0
1.0,1881.0,985.0,952.0,972.0,988.0,988.0,666.0,286.0,690.0,295.0
1.0,1868.0,994.0,952.0,988.0,994.0,994.0,666.0,286.0,696.0,298.0
1.0,1862.0,1004.0,953.0,994.0,1007.0,1007.0,667.0,286.0,704.0,300.0
1.0,1852.0,1000.0,953.0,1007.0,1000.0,1000.0,667.0,286.0,700.0,300.0
1.0,1859.0,997.0,954.0,1000.0,1000.0,1000.0,668.0,286.0,697.0,300.0
1.0,1862.0,977.0,954.0,1000.0,977.0,977.0,668.0,286.0,684.0,293.0
1.0,1885.0,963.0,956.0,977.0,969.0,969.0,669.0,287.0,674.0,289.0
1.0,1899.0,952.0,956.0,969.0,952.0,952.0,669.0,287.0,667.0,285.0
1.0,1916.0,940.0,957.0,952.0,943.0,943.0,670.0,287.0,658.0,282.0
1.0,1928.0,946.0,957.0,943.0,946.0,946.0,670.0,287.0,661.0,285.0
1.0,1925.0,946.0,959.0,946.0,952.0,952.0,671.0,288.0,662.0,284.0
1.0,1925.0,962.0,959.0,952.0,962.0,962.0,671.0,288.0,674.0,288.0
1.0,1915.0,974.0,960.0,962.0,977.0,977.0,672.0,288.0,682.0,292.0
1.0,1903.0,996.0,960.0,977.0,996.0,996.0,672.0,288.0,696.0,300.0
1.0,1884.0,1003.0,961.0,996.0,1006.0,1006.0,673.0,288.0,702.0,301.0
1.0,1877.0,1013.0,962.0,1006.0,1016.0,1016.0,673.0,289.0,710.0,303.0
1.0,1870.0,1009.0,963.0,1016.0,1012.0,1012.0,674.0,289.0,706.0,303.0
1.0,1877.0,1003.0,963.0,1012.0,1003.0,1003.0,674.0,289.0,703.0,300.0
1.0,1886.0,987.0,963.0,1003.0,987.0,987.0,674.0,289.0,691.0,296.0
1.0,1902.0,977.0,964.0,987.0,980.0,980.0,675.0,289.0,683.0,294.0
1.0,1912.0,957.0,965.0,980.0,960.0,960.0,675.0,290.0,670.0,287.0
1.0,1935.0,949.0,966.0,960.0,952.0,952.0,676.0,290.0,664.0,285.0
1.0,1946.0,951.0,966.0,952.0,951.0,951.0,676.0,290.0,667.0,284.0
1.0,1947.0,954.0,967.0,951.0,957.0,957.0,677.0,290.0,668.0,286.0
1.0,1944.0,973.0,967.0,957.0,973.0,973.0,677.0,290.0,680.0,293.0
1.0,1928.0,983.0,968.0,973.0,986.0,986.0,678.0,290.0,688.0,295.0
1.0,1918.0,1002.0,969.0,986.0,1005.0,1005.0,678.0,291.0,702.0,300.0
1.0,1902.0,1012.0,970.0,1005.0,1015.0,1015.0,679.0,291.0,708.0,304.0
1.0,1895.0,1021.0,970.0,1015.0,1021.0,1021.0,679.0,291.0,716.0,305.0
1.0,1889.0,1020.0,971.0,1021.0,1023.0,1023.0,680.0,291.0,712.0,308.0
1.0,1890.0,1012.0,972.0,1023.0,1015.0,1015.0,680.0,292.0,709.0,303.0
1.0,1901.0,996.0,972.0,1015.0,996.0,996.0,680.0,292.0,697.0,299.0
1.0,1920.0,983.0,973.0,996.0,986.0,986.0,681.0,292.0,689.0,294.0
1.0,1933.0,967.0,973.0,986.0,967.0,967.0,681.0,292.0,677.0,290.0
1.0,1952.0,963.0,974.0,967.0,966.0,966.0,682.0,292.0,673.0,290.0
1.0,1956.0,957.0,974.0,966.0,957.0,957.0,682.0,292.0,670.0,287.0
1.0,1965.0,963.0,976.0,957.0,969.0,969.0,683.0,293.0,674.0,289.0
1.0,1959.0,979.0,976.0,969.0,979.0,979.0,683.0,293.0,686.0,293.0
1.0,1949.0,992.0,977.0,979.0,995.0,995.0,684.0,293.0,694.0,298.0
1.0,1936.0,1013.0,977.0,995.0,1013.0,1013.0,684.0,293.0,708.0,305.0
1.0,1918.0,1020.0,979.0,1013.0,1026.0,1026.0,685.0,294.0,714.0,306.0
1.0,1911.0,1030.0,979.0,1026.0,1030.0,1030.0,685.0,294.0,722.0,308.0
1.0,1907.0,1026.0,980.0,1030.0,1029.0,1029.0,686.0,294.0,718.0,308.0
1.0,1911.0,1020.0,980.0,1029.0,1020.0,1020.0,686.0,294.0,715.0,305.0
1.0,1920.0,1007.0,981.0,1020.0,1010.0,1010.0,687.0,294.0,703.0,304.0
1.0,1933.0,992.0,981.0,1010.0,992.0,992.0,687.0,294.0,695.0,297.0
1.0,1951.0,976.0,982.0,992.0,979.0,979.0,687.0,295.0,683.0,293.0
1.0,1967.0,970.0,983.0,979.0,973.0,973.0,688.0,295.0,680.0,290.0
1.0,1976.0,966.0,983.0,973.0,966.0,966.0,688.0,295.0,676.0,290.0
1.0,1983.0,978.0,984.0,966.0,981.0,981.0,689.0,295.0,683.0,295.0
1.0,1971.0,984.0,985.0,981.0,987.0,987.0,689.0,296.0,689.0,295.0
1.0,1968.0,1000.0,986.0,987.0,1003.0,1003.0,690.0,296.0,700.0,300.0
1.0,1955.0,1020.0,986.0,1003.0,1020.0,1020.0,690.0,296.0,715.0,305.0
1.0,1938.0,1029.0,987.0,1020.0,1032.0,1032.0,691.0,296.0,720.0,309.0
1.0,1929.0,1042.0,987.0,1032.0,1042.0,1042.0,691.0,296.0,728.0,314.0
1.0,1919.0,1034.0,989.0,1042.0,1040.0,1040.0,692.0,297.0,724.0,310.0
1.0,1927.0,1029.0,989.0,1040.0,1029.0,1029.0,692.0,297.0,721.0,308.0
1.0,1938.0,1013.0,990.0,1029.0,1016.0,1016.0,693.0,297.0,709.0,304.0
1.0,1954.0,1000.0,990.0,1016.0,1000.0,1000.0,693.0,297.0,701.0,299.0
1.0,1970.0,987.0,991.0,1000.0,990.0,990.0,694.0,297.0,689.0,298.0
1.0,1983.0,979.0,992.0,990.0,982.0,982.0,694.0,298.0,686.0,293.0
1.0,1994.0,974.0,992.0,982.0,974.0,974.0,694.0,298.0,682.0,292.0
1.0,2002.0,983.0,993.0,974.0,986.0,986.0,695.0,298.0,689.0,294.0
1.0,1993.0,993.0,993.0,986.0,993.0,993.0,695.0,298.0,695.0,298.0
1.0,1986.0,1012.0,994.0,993.0,1015.0,1015.0,696.0,298.0,706.0,306.0
1.0,1967.0,1029.0,994.0,1015.0,1029.0,1029.0,696.0,298.0,721.0,308.0
1.0,1953.0,1037.0,996.0,1029.0,1043.0,1043.0,697.0,299.0,726.0,311.0
1.0,1945.0,1047.0,996.0,1043.0,1047.0,1047.0,697.0,299.0,734.0,313.0
1.0,1941.0,1043.0,997.0,1047.0,1046.0,1046.0,698.0,299.0,730.0,313.0
1.0,1945.0,1040.0,997.0,1046.0,1040.0,1040.0,698.0,299.0,727.0,313.0
1.0,1951.0,1021.0,999.0,1040.0,1027.0,1027.0,699.0,300.0,715.0,306.0
1.0,1970.0,1009.0,999.0,1027.0,1009.0,1009.0,699.0,300.0,707.0,302.0
1.0,1988.0,993.0,1000.0,1009.0,996.0,996.0,700.0,300.0,695.0,298.0
1.0,2004.0,987.0,1000.0,996.0,987.0,987.0,700.0,300.0,692.0,295.0
1.0,2013.0,986.0,1001.0,987.0,989.0,989.0,701.0,300.0,688.0,298.0
1.0,2014.0,992.0,1002.0,989.0,995.0,995.0,701.0,301.0,695.0,297.0
1.0,2011.0,1002.0,1002.0,995.0,1002.0,1002.0,701.0,301.0,701.0,301.0
1.0,2004.0,1020.0,1003.0,1002.0,1023.0,1023.0,702.0,301.0,715.0,305.0
1.0,1986.0,1034.0,1003.0,1023.0,1034.0,1034.0,702.0,301.0,724.0,310.0
1.0,1975.0,1053.0,1004.0,1034.0,1056.0,1056.0,703.0,301.0,736.0,317.0
1.0,1956.0,1053.0,1005.0,1056.0,1056.0,1056.0,703.0,302.0,737.0,316.0
1.0,1959.0,1052.0,1006.0,1056.0,1055.0,1055.0,704.0,302.0,736.0,316.0
1.0,1963.0,1046.0,1006.0,1055.0,1046.0,1046.0,704.0,302.0,733.0,313.0
1.0,1972.0,1033.0,1007.0,1046.0,1036.0,1036.0,705.0,302.0,721.0,312.0
1.0,1985.0,1017.0,1007.0,1036.0,1017.0,1017.0,705.0,302.0,713.0,304.0
1.0,2004.0,1001.0,1009.0,1017.0,1007.0,1007.0,706.0,303.0,701.0,300.0
1.0,2020.0,996.0,1009.0,1007.0,996.0,996.0,706.0,303.0,698.0,298.0
1.0,2031.0,991.0,1010.0,996.0,994.0,994.0,707.0,303.0,694.0,297.0
1.0,2036.0,1000.0,1010.0,994.0,1000.0,1000.0,707.0,303.0,701.0,299.0
1.0,2030.0,1013.0,1011.0,1000.0,1016.0,1016.0,708.0,303.0,707.0,306.0
1.0,2017.0,1030.0,1012.0,1016.0,1033.0,1033.0,708.0,304.0,722.0,308.0
1.0,2003.0,1043.0,1012.0,1033.0,1043.0,1043.0,708.0,304.0,730.0,313.0
1.0,1993.0,1059.0,1013.0,1043.0,1062.0,1062.0,709.0,304.0,742.0,317.0
1.0,1977.0,1061.0,1013.0,1062.0,1061.0,1061.0,709.0,304.0,743.0,318.0
1.0,1978.0,1066.0,1014.0,1061.0,1069.0,1069.0,710.0,304.0,745.0,321.0
1.0,1973.0,1052.0,1015.0,1069.0,1055.0,1055.0,710.0,305.0,736.0,316.0
1.0,1990.0,1039.0,1016.0,1055.0,1042.0,1042.0,711.0,305.0,727.0,312.0
1.0,2006.0,1026.0,1016.0,1042.0,1026.0,1026.0,711.0,305.0,719.0,307.0
1.0,2022.0,1010.0,1017.0,1026.0,1013.0,1013.0,712.0,305.0,707.0,303.0
1.0,2038.0,1007.0,1017.0,1013.0,1007.0,1007.0,712.0,305.0,704.0,303.0
1.0,2044.0,1000.0,1019.0,1007.0,1006.0,1006.0,713.0,306.0,700.0,300.0
1.0,2051.0,1010.0,1019.0,1006.0,1010.0,1010.0,713.0,306.0,708.0,302.0
1.0,2047.0,1019.0,1020.0,1010.0,1022.0,1022.0,714.0,306.0,713.0,306.0
1.0,2038.0,1039.0,1020.0,1022.0,1039.0,1039.0,714.0,306.0,728.0,311.0
1.0,2021.0,1054.0,1021.0,1039.0,1057.0,1057.0,715.0,306.0,736.0,318.0
1.0,2006.0,1067.0,1021.0,1057.0,1067.0,1067.0,715.0,306.0,748.0,319.0
1.0,1996.0,1070.0,1023.0,1067.0,1076.0,1076.0,716.0,307.0,749.0,321.0
1.0,1993.0,1072.0,1023.0,1076.0,1072.0,1072.0,716.0,307.0,751.0,321.0
1.0,1997.0,1060.0,1023.0,1072.0,1060.0,1060.0,716.0,307.0,742.0,318.0
1.0,2009.0,1053.0,1024.0,1060.0,1056.0,1056.0,717.0,307.0,736.0,317.0
1.0,2016.0,1032.0,1025.0,1056.0,1035.0,1035.0,717.0,308.0,722.0,310.0
1.0,2040.0,1019.0,1026.0,1035.0,1022.0,1022.0,718.0,308.0,713.0,306.0
1.0,2056.0,1013.0,1026.0,1022.0,1013.0,1013.0,718.0,308.0,710.0,303.0
1.0,2065.0,1009.0,1027.0,1013.0,1012.0,1012.0,719.0,308.0,706.0,303.0
1.0,2069.0,1022.0,1027.0,1012.0,1022.0,1022.0,719.0,308.0,714.0,308.0
1.0,2059.0,1027.0,1029.0,1022.0,1033.0,1033.0,720.0,309.0,719.0,308.0
1.0,2054.0,1047.0,1029.0,1033.0,1047.0,1047.0,720.0,309.0,734.0,313.0
1.0,2040.0,1060.0,1030.0,1047.0,1063.0,1063.0,721.0,309.0,742.0,318.0
1.0,2027.0,1076.0,1030.0,1063.0,1076.0,1076.0,721.0,309.0,754.0,322.0
1.0,2014.0,1082.0,1031.0,1076.0,1085.0,1085.0,722.0,309.0,755.0,327.0
1.0,2008.0,1080.0,1032.0,1085.0,1083.0,1083.0,722.0,310.0,757.0,323.0
1.0,2013.0,1069.0,1032.0,1083.0,1069.0,1069.0,722.0,310.0,748.0,321.0
1.0,2027.0,1059.0,1033.0,1069.0,1062.0,1062.0,723.0,310.0,742.0,317.0
1.0,2037.0,1043.0,1033.0,1062.0,1043.0,1043.0,723.0,310.0,728.0,315.0
1.0,2056.0,1027.0,1034.0,1043.0,1030.0,1030.0,724.0,310.0,719.0,308.0
1.0,2072.0,1022.0,1035.0,1030.0,1025.0,1025.0,724.0,311.0,716.0,306.0
1.0,2080.0,1017.0,1036.0,1025.0,1020.0,1020.0,725.0,311.0,712.0,305.0
1.0,2088.0,1027.0,1036.0,1020.0,1027.0,1027.0,725.0,311.0,720.0,307.0
1.0,2081.0,1037.0,1037.0,1027.0,1040.0,1040.0,726.0,311.0,726.0,311.0
1.0,2071.0,1059.0,1037.0,1040.0,1059.0,1059.0,726.0,311.0,740.0,319.0
1.0,2052.0,1069.0,1039.0,1059.0,1075.0,1075.0,727.0,312.0,748.0,321.0
1.0,2042.0,1084.0,1039.0,1075.0,1084.0,1084.0,727.0,312.0,760.0,324.0
1.0,2033.0,1087.0,1040.0,1084.0,1090.0,1090.0,728.0,312.0,761.0,326.0
1.0,2030.0,1090.0,1040.0,1090.0,1090.0,1090.0,728.0,312.0,764.0,326.0
1.0,2030.0,1080.0,1041.0,1090.0,1083.0,1083.0,729.0,312.0,754.0,326.0
1.0,2040.0,1067.0,1041.0,1083.0,1067.0,1067.0,729.0,312.0,748.0,319.0
1.0,2056.0,1049.0,1042.0,1067.0,1052.0,1052.0,729.0,313.0,734.0,315.0
1.0,2074.0,1039.0,1043.0,1052.0,1042.0,1042.0,730.0,313.0,728.0,311.0
1.0,2087.0,1027.0,1043.0,1042.0,1027.0,1027.0,730.0,313.0,719.0,308.0
1.0,2102.0,1029.0,1044.0,1027.0,1032.0,1032.0,731.0,313.0,718.0,311.0
1.0,2100.0,1036.0,1045.0,1032.0,1039.0,1039.0,731.0,314.0,726.0,310.0
1.0,2096.0,1046.0,1046.0,1039.0,1049.0,1049.0,732.0,314.0,732.0,314.0
1.0,2089.0,1064.0,1046.0,1049.0,1064.0,1064.0,732.0,314.0,746.0,318.0
1.0,2074.0,1080.0,1047.0,1064.0,1083.0,1083.0,733.0,314.0,754.0,326.0
1.0,2058.0,1093.0,1047.0,1083.0,1093.0,1093.0,733.0,314.0,766.0,327.0
1.0,2048.0,1096.0,1049.0,1093.0,1102.0,1102.0,734.0,315.0,767.0,329.0
1.0,2045.0,1099.0,1049.0,1102.0,1099.0,1099.0,734.0,315.0,770.0,329.0
1.0,2048.0,1087.0,1050.0,1099.0,1090.0,1090.0,735.0,315.0,761.0,326.0
1.0,2060.0,1076.0,1050.0,1090.0,1076.0,1076.0,735.0,315.0,754.0,322.0
1.0,2074.0,1060.0,1051.0,1076.0,1063.0,1063.0,736.0,315.0,740.0,320.0
1.0,2090.0,1047.0,1052.0,1063.0,1050.0,1050.0,736.0,316.0,734.0,313.0
1.0,2106.0,1036.0,1052.0,1050.0,1036.0,1036.0,736.0,316.0,725.0,311.0
1.0,2120.0,1037.0,1053.0,1036.0,1040.0,1040.0,737.0,316.0,727.0,310.0
1.0,2119.0,1041.0,1053.0,1040.0,1041.0,1041.0,737.0,316.0,729.0,312.0
1.0,2118.0,1057.0,1054.0,1041.0,1060.0,1060.0,738.0,316.0,738.0,319.0
1.0,2102.0,1073.0,1054.0,1060.0,1073.0,1073.0,738.0,316.0,752.0,321.0
1.0,2089.0,1086.0,1056.0,1073.0,1092.0,1092.0,739.0,317.0,760.0,326.0
1.0,2076.0,1102.0,1056.0,1092.0,1102.0,1102.0,739.0,317.0,772.0,330.0
1.0,2066.0,1104.0,1057.0,1102.0,1107.0,1107.0,740.0,317.0,773.0,331.0
1.0,2064.0,1110.0,1057.0,1107.0,1110.0,1110.0,740.0,317.0,776.0,334.0
1.0,2061.0,1096.0,1059.0,1110.0,1102.0,1102.0,741.0,318.0,767.0,329.0
1.0,2075.0,1085.0,1059.0,1102.0,1085.0,1085.0,741.0,318.0,760.0,325.0
1.0,2092.0,1067.0,1060.0,1085.0,1070.0,1070.0,742.0,318.0,747.0,320.0
1.0,2110.0,1056.0,1060.0,1070.0,1056.0,1056.0,742.0,318.0,740.0,316.0
1.0,2124.0,1047.0,1061.0,1056.0,1050.0,1050.0,743.0,318.0,731.0,316.0
1.0,2133.0,1046.0,1061.0,1050.0,1046.0,1046.0,743.0,318.0,733.0,313.0
1.0,2137.0,1050.0,1062.0,1046.0,1053.0,1053.0,743.0,319.0,735.0,315.0
1.0,2133.0,1066.0,1063.0,1053.0,1069.0,1069.0,744.0,319.0,747.0,319.0
1.0,2120.0,1079.0,1063.0,1069.0,1079.0,1079.0,744.0,319.0,755.0,324.0
1.0,2110.0,1100.0,1064.0,1079.0,1103.0,1103.0,745.0,319.0,769.0,331.0
1.0,2089.0,1107.0,1065.0,1103.0,1110.0,1110.0,745.0,320.0,775.0,332.0
1.0,2085.0,1113.0,1066.0,1110.0,1116.0,1116.0,746.0,320.0,779.0,334.0
1.0,2082.0,1116.0,1066.0,1116.0,1116.0,1116.0,746.0,320.0,782.0,334.0
1.0,2082.0,1104.0,1067.0,1116.0,1107.0,1107.0,747.0,320.0,773.0,331.0
1.0,2094.0,1096.0,1067.0,1107.0,1096.0,1096.0,747.0,320.0,766.0,330.0
1.0,2105.0,1076.0,1068.0,1096.0,1079.0,1079.0,748.0,320.0,753.0,323.0
1.0,2125.0,1065.0,1069.0,1079.0,1068.0,1068.0,748.0,321.0,746.0,319.0
1.0,2139.0,1053.0,1070.0,1068.0,1056.0,1056.0,749.0,321.0,737.0,316.0
1.0,2154.0,1056.0,1070.0,1056.0,1056.0,1056.0,749.0,321.0,740.0,316.0
1.0,2154.0,1062.0,1071.0,1056.0,1065.0,1065.0,750.0,321.0,741.0,321.0
1.0,2148.0,1074.0,1072.0,1065.0,1077.0,1077.0,750.0,322.0,753.0,321.0
1.0,2139.0,1087.0,1072.0,1077.0,1087.0,1087.0,750.0,322.0,761.0,326.0
1.0,2129.0,1106.0,1073.0,1087.0,1109.0,1109.0,751.0,322.0,775.0,331.0
1.0,2110.0,1116.0,1073.0,1109.0,1116.0,1116.0,751.0,322.0,781.0,335.0
1.0,2103.0,1129.0,1074.0,1116.0,1132.0,1132.0,752.0,322.0,789.0,340.0
1.0,2090.0,1121.0,1075.0,1132.0,1124.0,1124.0,752.0,323.0,785.0,336.0
1.0,2101.0,1113.0,1076.0,1124.0,1116.0,1116.0,753.0,323.0,779.0,334.0
1.0,2112.0,1102.0,1076.0,1116.0,1102.0,1102.0,753.0,323.0,772.0,330.0
1.0,2126.0,1084.0,1077.0,1102.0,1087.0,1087.0,754.0,323.0,759.0,325.0
1.0,2144.0,1076.0,1077.0,1087.0,1076.0,1076.0,754.0,323.0,752.0,324.0
1.0,2155.0,1062.0,1079.0,1076.0,1068.0,1068.0,755.0,324.0,743.0,319.0
1.0,2169.0,1064.0,1079.0,1068.0,1064.0,1064.0,755.0,324.0,746.0,318.0
1.0,2173.0,1067.0,1080.0,1064.0,1070.0,1070.0,756.0,324.0,747.0,320.0
1.0,2170.0,1083.0,1080.0,1070.0,1083.0,1083.0,756.0,324.0,759.0,324.0
1.0,2157.0,1099.0,1081.0,1083.0,1102.0,1102.0,757.0,324.0,767.0,332.0
1.0,2141.0,1115.0,1081.0,1102.0,1115.0,1115.0,757.0,324.0,781.0,334.0
1.0,2128.0,1124.0,1083.0,1115.0,1130.0,1130.0,758.0,325.0,787.0,337.0
1.0,2119.0,1134.0,1083.0,1130.0,1134.0,1134.0,758.0,325.0,795.0,339.0
1.0,2115.0,1130.0,1083.0,1134.0,1130.0,1130.0,758.0,325.0,791.0,339.0
1.0,2119.0,1127.0,1084.0,1130.0,1130.0,1130.0,759.0,325.0,788.0,339.0
1.0,2122.0,1107.0,1085.0,1130.0,1110.0,1110.0,759.0,326.0,775.0,332.0
1.0,2145.0,1093.0,1086.0,1110.0,1096.0,1096.0,760.0,326.0,765.0,328.0
1.0,2162.0,1082.0,1086.0,1096.0,1082.0,1082.0,760.0,326.0,758.0,324.0
1.0,2176.0,1070.0,1087.0,1082.0,1073.0,1073.0,761.0,326.0,749.0,321.0
1.0,2188.0,1076.0,1087.0,1073.0,1076.0,1076.0,761.0,326.0,752.0,324.0
1.0,2185.0,1076.0,1089.0,1076.0,1082.0,1082.0,762.0,327.0,753.0,323.0
1.0,2185.0,1092.0,1089.0,1082.0,1092.0,1092.0,762.0,327.0,765.0,327.0
1.0,2175.0,1104.0,1090.0,1092.0,1107.0,1107.0,763.0,327.0,773.0,331.0
1.0,2163.0,1123.0,1090.0,1107.0,1123.0,1123.0,763.0,327.0,787.0,336.0
1.0,2147.0,1136.0,1091.0,1123.0,1139.0,1139.0,764.0,327.0,793.0,343.0
1.0,2134.0,1143.0,1092.0,1139.0,1146.0,1146.0,764.0,328.0,801.0,342.0
1.0,2130.0,1139.0,1092.0,1146.0,1139.0,1139.0,764.0,328.0,797.0,342.0
1.0,2137.0,1133.0,1093.0,1139.0,1136.0,1136.0,765.0,328.0,794.0,339.0
1.0,2143.0,1120.0,1093.0,1136.0,1120.0,1120.0,765.0,328.0,782.0,338.0
1.0,2159.0,1104.0,1094.0,1120.0,1107.0,1107.0,766.0,328.0,774.0,330.0
1.0,2175.0,1087.0,1095.0,1107.0,1090.0,1090.0,766.0,329.0,761.0,326.0
1.0,2195.0,1079.0,1096.0,1090.0,1082.0,1082.0,767.0,329.0,755.0,324.0
1.0,2206.0,1081.0,1096.0,1082.0,1081.0,1081.0,767.0,329.0,758.0,323.0
1.0,2207.0,1084.0,1097.0,1081.0,1087.0,1087.0,768.0,329.0,759.0,325.0
1.0,2204.0,1103.0,1097.0,1087.0,1103.0,1103.0,768.0,329.0,771.0,332.0
1.0,2188.0,1113.0,1099.0,1103.0,1119.0,1119.0,769.0,330.0,779.0,334.0
1.0,2178.0,1132.0,1099.0,1119.0,1132.0,1132.0,769.0,330.0,793.0,339.0
1.0,2165.0,1142.0,1100.0,1132.0,1145.0,1145.0,770.0,330.0,799.0,343.0
1.0,2155.0,1151.0,1100.0,1145.0,1151.0,1151.0,770.0,330.0,807.0,344.0
1.0,2149.0,1150.0,1101.0,1151.0,1153.0,1153.0,771.0,330.0,803.0,347.0
1.0,2150.0,1142.0,1102.0,1153.0,1145.0,1145.0,771.0,331.0,800.0,342.0
1.0,2161.0,1126.0,1103.0,1145.0,1129.0,1129.0,772.0,331.0,788.0,338.0
1.0,2180.0,1113.0,1103.0,1129.0,1113.0,1113.0,772.0,331.0,780.0,333.0
1.0,2196.0,1097.0,1103.0,1113.0,1097.0,1097.0,772.0,331.0,768.0,329.0
1.0,2212.0,1093.0,1104.0,1097.0,1096.0,1096.0,773.0,331.0,764.0,329.0
1.0,2216.0,1087.0,1105.0,1096.0,1090.0,1090.0,773.0,332.0,761.0,326.0
1.0,2225.0,1093.0,1106.0,1090.0,1096.0,1096.0,774.0,332.0,765.0,328.0
1.0,2222.0,1109.0,1106.0,1096.0,1109.0,1109.0,774.0,332.0,777.0,332.0
1.0,2209.0,1122.0,1107.0,1109.0,1125.0,1125.0,775.0,332.0,785.0,337.0
1.0,2196.0,1143.0,1107.0,1125.0,1143.0,1143.0,775.0,332.0,799.0,344.0
1.0,2178.0,1150.0,1108.0,1143.0,1153.0,1153.0,776.0,332.0,805.0,345.0
1.0,2171.0,1160.0,1109.0,1153.0,1163.0,1163.0,776.0,333.0,813.0,347.0
1.0,2164.0,1156.0,1110.0,1163.0,1159.0,1159.0,777.0,333.0,809.0,347.0
1.0,2171.0,1150.0,1110.0,1159.0,1150.0,1150.0,777.0,333.0,806.0,344.0
1.0,2180.0,1137.0,1111.0,1150.0,1140.0,1140.0,778.0,333.0,794.0,343.0
1.0,2193.0,1122.0,1112.0,1140.0,1125.0,1125.0,778.0,334.0,786.0,336.0
1.0,2211.0,1106.0,1112.0,1125.0,1106.0,1106.0,778.0,334.0,774.0,332.0
1.0,2230.0,1100.0,1113.0,1106.0,1103.0,1103.0,779.0,334.0,771.0,329.0
1.0,2236.0,1096.0,1113.0,1103.0,1096.0,1096.0,779.0,334.0,767.0,329.0
1.0,2243.0,1105.0,1114.0,1096.0,1108.0,1108.0,780.0,334.0,771.0,334.0
1.0,2234.0,1117.0,1115.0,1108.0,1120.0,1120.0,780.0,335.0,783.0,334.0
1.0,2225.0,1130.0,1116.0,1120.0,1133.0,1133.0,781.0,335.0,791.0,339.0
1.0,2215.0,1150.0,1116.0,1133.0,1150.0,1150.0,781.0,335.0,806.0,344.0
1.0,2198.0,1159.0,1117.0,1150.0,1162.0,1162.0,782.0,335.0,811.0,348.0
1.0,2189.0,1172.0,1117.0,1162.0,1172.0,1172.0,782.0,335.0,819.0,353.0
1.0,2179.0,1164.0,1119.0,1172.0,1170.0,1170.0,783.0,336.0,815.0,349.0
1.0,2187.0,1159.0,1119.0,1170.0,1159.0,1159.0,783.0,336.0,812.0,347.0
1.0,2198.0,1143.0,1120.0,1159.0,1146.0,1146.0,784.0,336.0,800.0,343.0
1.0,2214.0,1133.0,1120.0,1146.0,1133.0,1133.0,784.0,336.0,792.0,341.0
1.0,2227.0,1114.0,1121.0,1133.0,1117.0,1117.0,785.0,336.0,780.0,334.0
1.0,2246.0,1109.0,1122.0,1117.0,1112.0,1112.0,785.0,337.0,777.0,332.0
1.0,2254.0,1104.0,1123.0,1112.0,1107.0,1107.0,786.0,337.0,773.0,331.0
1.0,2262.0,1113.0,1123.0,1107.0,1113.0,1113.0,786.0,337.0,780.0,333.0
1.0,2256.0,1123.0,1123.0,1113.0,1123.0,1123.0,786.0,337.0,786.0,337.0
1.0,2246.0,1145.0,1124.0,1123.0,1148.0,1148.0,787.0,337.0,800.0,345.0
1.0,2224.0,1156.0,1125.0,1148.0,1159.0,1159.0,787.0,338.0,809.0,347.0
1.0,2216.0,1167.0,1126.0,1159.0,1170.0,1170.0,788.0,338.0,817.0,350.0
1.0,2208.0,1177.0,1126.0,1170.0,1177.0,1177.0,788.0,338.0,825.0,352.0
1.0,2201.0,1173.0,1127.0,1177.0,1176.0,1176.0,789.0,338.0,821.0,352.0
1.0,2205.0,1170.0,1127.0,1176.0,1170.0,1170.0,789.0,338.0,818.0,352.0
1.0,2211.0,1151.0,1128.0,1170.0,1154.0,1154.0,790.0,338.0,806.0,345.0
1.0,2230.0,1139.0,1129.0,1154.0,1142.0,1142.0,790.0,339.0,798.0,341.0
1.0,2245.0,1123.0,1130.0,1142.0,1126.0,1126.0,791.0,339.0,786.0,337.0
1.0,2264.0,1117.0,1130.0,1126.0,1117.0,1117.0,791.0,339.0,783.0,334.0
1.0,2273.0,1116.0,1131.0,1117.0,1119.0,1119.0,792.0,339.0,779.0,337.0
1.0,2274.0,1122.0,1132.0,1119.0,1125.0,1125.0,792.0,340.0,786.0,336.0
1.0,2271.0,1132.0,1132.0,1125.0,1132.0,1132.0,792.0,340.0,792.0,340.0
1.0,2264.0,1150.0,1133.0,1132.0,1153.0,1153.0,793.0,340.0,806.0,344.0
1.0,2246.0,1167.0,1133.0,1153.0,1167.0,1167.0,793.0,340.0,815.0,352.0
1.0,2232.0,1180.0,1134.0,1167.0,1183.0,1183.0,794.0,340.0,827.0,353.0
1.0,2219.0,1183.0,1135.0,1183.0,1186.0,1186.0,794.0,341.0,828.0,355.0
1.0,2219.0,1182.0,1136.0,1186.0,1185.0,1185.0,795.0,341.0,827.0,355.0
1.0,2223.0,1176.0,1136.0,1185.0,1176.0,1176.0,795.0,341.0,824.0,352.0
1.0,2232.0,1160.0,1137.0,1176.0,1163.0,1163.0,796.0,341.0,812.0,348.0
1.0,2248.0,1150.0,1137.0,1163.0,1150.0,1150.0,796.0,341.0,804.0,346.0
1.0,2261.0,1131.0,1139.0,1150.0,1137.0,1137.0,797.0,342.0,792.0,339.0
1.0,2280.0,1126.0,1139.0,1137.0,1126.0,1126.0,797.0,342.0,789.0,337.0
1.0,2291.0,1121.0,1140.0,1126.0,1124.0,1124.0,798.0,342.0,785.0,336.0
1.0,2296.0,1130.0,1140.0,1124.0,1130.0,1130.0,798.0,342.0,792.0,338.0
1.0,2290.0,1143.0,1141.0,1130.0,1146.0,1146.0,799.0,342.0,798.0,345.0
1.0,2277.0,1160.0,1141.0,1146.0,1160.0,1160.0,799.0,342.0,813.0,347.0
1.0,2263.0,1173.0,1143.0,1160.0,1179.0,1179.0,800.0,343.0,821.0,352.0
1.0,2250.0,1189.0,1143.0,1179.0,1189.0,1189.0,800.0,343.0,833.0,356.0
1.0,2240.0,1191.0,1143.0,1189.0,1191.0,1191.0,800.0,343.0,834.0,357.0
1.0,2238.0,1196.0,1144.0,1191.0,1199.0,1199.0,801.0,343.0,836.0,360.0
1.0,2233.0,1182.0,1145.0,1199.0,1185.0,1185.0,801.0,344.0,827.0,355.0
1.0,2250.0,1169.0,1146.0,1185.0,1172.0,1172.0,802.0,344.0,818.0,351.0
1.0,2266.0,1156.0,1146.0,1172.0,1156.0,1156.0,802.0,344.0,810.0,346.0
1.0,2282.0,1140.0,1147.0,1156.0,1143.0,1143.0,803.0,344.0,798.0,342.0
1.0,2298.0,1137.0,1147.0,1143.0,1137.0,1137.0,803.0,344.0,795.0,342.0
1.0,2304.0,1130.0,1148.0,1137.0,1133.0,1133.0,804.0,344.0,791.0,339.0
1.0,2311.0,1140.0,1149.0,1133.0,1143.0,1143.0,804.0,345.0,799.0,341.0
1.0,2304.0,1149.0,1150.0,1143.0,1152.0,1152.0,805.0,345.0,804.0,345.0
1.0,2298.0,1169.0,1150.0,1152.0,1169.0,1169.0,805.0,345.0,819.0,350.0
1.0,2281.0,1184.0,1151.0,1169.0,1187.0,1187.0,806.0,345.0,827.0,357.0
1.0,2266.0,1197.0,1152.0,1187.0,1200.0,1200.0,806.0,346.0,839.0,358.0
1.0,2256.0,1200.0,1152.0,1200.0,1200.0,1200.0,806.0,346.0,840.0,360.0
1.0,2256.0,1202.0,1153.0,1200.0,1205.0,1205.0,807.0,346.0,842.0,360.0
1.0,2254.0,1190.0,1153.0,1205.0,1190.0,1190.0,807.0,346.0,833.0,357.0
1.0,2269.0,1180.0,1154.0,1190.0,1183.0,1183.0,808.0,346.0,824.0,356.0
1.0,2279.0,1165.0,1154.0,1183.0,1165.0,1165.0,808.0,346.0,816.0,349.0
1.0,2297.0,1149.0,1156.0,1165.0,1155.0,1155.0,809.0,347.0,804.0,345.0
1.0,2313.0,1143.0,1156.0,1155.0,1143.0,1143.0,809.0,347.0,801.0,342.0
1.0,2325.0,1139.0,1157.0,1143.0,1142.0,1142.0,810.0,347.0,797.0,342.0
1.0,2329.0,1152.0,1157.0,1142.0,1152.0,1152.0,810.0,347.0,805.0,347.0
1.0,2319.0,1157.0,1159.0,1152.0,1163.0,1163.0,811.0,348.0,810.0,347.0
1.0,2314.0,1177.0,1159.0,1163.0,1177.0,1177.0,811.0,348.0,825.0,352.0
1.0,2300.0,1190.0,1160.0,1177.0,1193.0,1193.0,812.0,348.0,833.0,357.0
1.0,2287.0,1206.0,1160.0,1193.0,1206.0,1206.0,812.0,348.0,845.0,361.0
1.0,2274.0,1212.0,1161.0,1206.0,1215.0,1215.0,813.0,348.0,846.0,366.0
1.0,2268.0,1210.0,1162.0,1215.0,1213.0,1213.0,813.0,349.0,848.0,362.0
1.0,2273.0,1199.0,1162.0,1213.0,1199.0,1199.0,813.0,349.0,839.0,360.0
1.0,2287.0,1189.0,1163.0,1199.0,1192.0,1192.0,814.0,349.0,833.0,356.0
1.0,2297.0,1170.0,1163.0,1192.0,1170.0,1170.0,814.0,349.0,819.0,351.0
1.0,2319.0,1160.0,1164.0,1170.0,1163.0,1163.0,815.0,349.0,810.0,350.0
1.0,2329.0,1152.0,1165.0,1163.0,1155.0,1155.0,815.0,350.0,807.0,345.0
1.0,2340.0,1147.0,1166.0,1155.0,1150.0,1150.0,816.0,350.0,803.0,344.0
1.0,2348.0,1157.0,1166.0,1150.0,1157.0,1157.0,816.0,350.0,811.0,346.0
1.0,2341.0,1167.0,1167.0,1157.0,1170.0,1170.0,817.0,350.0,817.0,350.0
1.0,2331.0,1189.0,1167.0,1170.0,1189.0,1189.0,817.0,350.0,831.0,358.0
1.0,2312.0,1199.0,1168.0,1189.0,1202.0,1202.0,818.0,350.0,839.0,360.0
1.0,2302.0,1214.0,1169.0,1202.0,1217.0,1217.0,818.0,351.0,851.0,363.0
1.0,2290.0,1217.0,1170.0,1217.0,1220.0,1220.0,819.0,351.0,852.0,365.0
1.0,2290.0,1220.0,1170.0,1220.0,1220.0,1220.0,819.0,351.0,855.0,365.0
1.0,2290.0,1210.0,1171.0,1220.0,1213.0,1213.0,820.0,351.0,845.0,365.0
1.0,2300.0,1197.0,1172.0,1213.0,1200.0,1200.0,820.0,352.0,839.0,358.0
1.0,2316.0,1179.0,1172.0,1200.0,1179.0,1179.0,820.0,352.0,825.0,354.0
1.0,2337.0,1169.0,1173.0,1179.0,1172.0,1172.0,821.0,352.0,819.0,350.0
1.0,2347.0,1157.0,1173.0,1172.0,1157.0,1157.0,821.0,352.0,810.0,347.0
1.0,2362.0,1159.0,1174.0,1157.0,1162.0,1162.0,822.0,352.0,809.0,350.0
1.0,2360.0,1166.0,1175.0,1162.0,1169.0,1169.0,822.0,353.0,817.0,349.0
1.0,2356.0,1176.0,1176.0,1169.0,1179.0,1179.0,823.0,353.0,823.0,353.0
1.0,2349.0,1194.0,1176.0,1179.0,1194.0,1194.0,823.0,353.0,837.0,357.0
1.0,2334.0,1207.0,1177.0,1194.0,1210.0,1210.0,824.0,353.0,845.0,362.0
1.0,2321.0,1226.0,1177.0,1210.0,1226.0,1226.0,824.0,353.0,857.0,369.0
1.0,2305.0,1226.0,1179.0,1226.0,1232.0,1232.0,825.0,354.0,858.0,368.0
1.0,2305.0,1229.0,1179.0,1232.0,1229.0,1229.0,825.0,354.0,861.0,368.0
1.0,2308.0,1217.0,1180.0,1229.0,1220.0,1220.0,826.0,354.0,852.0,365.0
1.0,2320.0,1209.0,1180.0,1220.0,1209.0,1209.0,826.0,354.0,845.0,364.0
1.0,2331.0,1187.0,1181.0,1209.0,1190.0,1190.0,827.0,354.0,831.0,356.0
1.0,2353.0,1177.0,1182.0,1190.0,1180.0,1180.0,827.0,355.0,825.0,352.0
1.0,2366.0,1166.0,1182.0,1180.0,1166.0,1166.0,827.0,355.0,816.0,350.0
1.0,2380.0,1167.0,1183.0,1166.0,1170.0,1170.0,828.0,355.0,818.0,349.0
1.0,2379.0,1171.0,1183.0,1170.0,1171.0,1171.0,828.0,355.0,820.0,351.0
1.0,2378.0,1190.0,1184.0,1171.0,1193.0,1193.0,829.0,355.0,832.0,358.0
1.0,2359.0,1200.0,1185.0,1193.0,1203.0,1203.0,829.0,356.0,840.0,360.0
1.0,2352.0,1216.0,1186.0,1203.0,1219.0,1219.0,830.0,356.0,851.0,365.0
1.0,2339.0,1232.0,1186.0,1219.0,1232.0,1232.0,830.0,356.0,863.0,369.0
1.0,2326.0,1234.0,1187.0,1232.0,1237.0,1237.0,831.0,356.0,864.0,370.0
1.0,2324.0,1240.0,1187.0,1237.0,1240.0,1240.0,831.0,356.0,867.0,373.0
1.0,2321.0,1226.0,1189.0,1240.0,1232.0,1232.0,832.0,357.0,858.0,368.0
1.0,2335.0,1215.0,1189.0,1232.0,1215.0,1215.0,832.0,357.0,851.0,364.0
1.0,2352.0,1197.0,1190.0,1215.0,1200.0,1200.0,833.0,357.0,838.0,359.0
1.0,2370.0,1186.0,1190.0,1200.0,1186.0,1186.0,833.0,357.0,831.0,355.0
1.0,2384.0,1177.0,1191.0,1186.0,1180.0,1180.0,834.0,357.0,822.0,355.0
1.0,2393.0,1176.0,1192.0,1180.0,1179.0,1179.0,834.0,358.0,824.0,352.0
1.0,2397.0,1180.0,1192.0,1179.0,1180.0,1180.0,834.0,358.0,826.0,354.0
1.0,2396.0,1196.0,1193.0,1180.0,1199.0,1199.0,835.0,358.0,838.0,358.0
1.0,2380.0,1209.0,1193.0,1199.0,1209.0,1209.0,835.0,358.0,846.0,363.0
1.0,2370.0,1227.0,1194.0,1209.0,1230.0,1230.0,836.0,358.0,857.0,370.0
1.0,2352.0,1240.0,1194.0,1230.0,1240.0,1240.0,836.0,358.0,869.0,371.0
1.0,2342.0,1243.0,1196.0,1240.0,1249.0,1249.0,837.0,359.0,870.0,373.0
1.0,2339.0,1246.0,1196.0,1249.0,1246.0,1246.0,837.0,359.0,873.0,373.0
1.0,2342.0,1234.0,1197.0,1246.0,1237.0,1237.0,838.0,359.0,864.0,370.0
1.0,2354.0,1226.0,1197.0,1237.0,1226.0,1226.0,838.0,359.0,857.0,369.0
1.0,2365.0,1206.0,1199.0,1226.0,1212.0,1212.0,839.0,360.0,844.0,362.0
1.0,2385.0,1195.0,1199.0,1212.0,1195.0,1195.0,839.0,360.0,837.0,358.0
1.0,2402.0,1183.0,1200.0,1195.0,1186.0,1186.0,840.0,360.0,828.0,355.0
1.0,2414.0,1185.0,1200.0,1186.0,1185.0,1185.0,840.0,360.0,830.0,355.0
1.0,2415.0,1192.0,1201.0,1185.0,1195.0,1195.0,841.0,360.0,832.0,360.0
1.0,2408.0,1204.0,1202.0,1195.0,1207.0,1207.0,841.0,361.0,844.0,360.0
1.0,2399.0,1217.0,1202.0,1207.0,1217.0,1217.0,841.0,361.0,852.0,365.0
1.0,2389.0,1236.0,1203.0,1217.0,1239.0,1239.0,842.0,361.0,866.0,370.0
1.0,2370.0,1246.0,1203.0,1239.0,1246.0,1246.0,842.0,361.0,872.0,374.0
1.0,2363.0,1255.0,1204.0,1246.0,1258.0,1258.0,843.0,361.0,876.0,379.0
1.0,2354.0,1254.0,1205.0,1258.0,1257.0,1257.0,843.0,362.0,879.0,375.0
1.0,2358.0,1243.0,1206.0,1257.0,1246.0,1246.0,844.0,362.0,870.0,373.0
1.0,2372.0,1232.0,1206.0,1246.0,1232.0,1232.0,844.0,362.0,863.0,369.0
1.0,2386.0,1217.0,1207.0,1232.0,1220.0,1220.0,845.0,362.0,850.0,367.0
1.0,2401.0,1203.0,1207.0,1220.0,1203.0,1203.0,845.0,362.0,843.0,360.0
1.0,2418.0,1192.0,1209.0,1203.0,1198.0,1198.0,846.0,363.0,834.0,358.0
1.0,2429.0,1194.0,1209.0,1198.0,1194.0,1194.0,846.0,363.0,837.0,357.0
1.0,2433.0,1197.0,1210.0,1194.0,1200.0,1200.0,847.0,363.0,838.0,359.0
1.0,2430.0,1213.0,1210.0,1200.0,1213.0,1213.0,847.0,363.0,850.0,363.0
1.0,2417.0,1229.0,1211.0,1213.0,1232.0,1232.0,848.0,363.0,858.0,371.0
1.0,2401.0,1245.0,1212.0,1232.0,1248.0,1248.0,848.0,364.0,872.0,373.0
1.0,2388.0,1254.0,1212.0,1248.0,1254.0,1254.0,848.0,364.0,878.0,376.0
1.0,2382.0,1264.0,1213.0,1254.0,1267.0,1267.0,849.0,364.0,886.0,378.0
1.0,2372.0,1260.0,1213.0,1267.0,1260.0,1260.0,849.0,364.0,882.0,378.0
1.0,2379.0,1254.0,1214.0,1260.0,1257.0,1257.0,850.0,364.0,876.0,378.0
1.0,2385.0,1240.0,1214.0,1257.0,1240.0,1240.0,850.0,364.0,869.0,371.0
1.0,2402.0,1223.0,1216.0,1240.0,1229.0,1229.0,851.0,365.0,856.0,367.0
1.0,2419.0,1212.0,1216.0,1229.0,1212.0,1212.0,851.0,365.0,849.0,363.0
1.0,2436.0,1200.0,1217.0,1212.0,1203.0,1203.0,852.0,365.0,840.0,360.0
1.0,2448.0,1206.0,1217.0,1203.0,1206.0,1206.0,852.0,365.0,843.0,363.0
1.0,2445.0,1206.0,1219.0,1206.0,1212.0,1212.0,853.0,366.0,844.0,362.0
1.0,2445.0,1222.0,1219.0,1212.0,1222.0,1222.0,853.0,366.0,856.0,366.0
1.0,2435.0,1234.0,1220.0,1222.0,1237.0,1237.0,854.0,366.0,864.0,370.0
1.0,2423.0,1256.0,1220.0,1237.0,1256.0,1256.0,854.0,366.0,878.0,378.0
1.0,2404.0,1263.0,1221.0,1256.0,1266.0,1266.0,855.0,366.0,884.0,379.0
1.0,2397.0,1273.0,1222.0,1266.0,1276.0,1276.0,855.0,367.0,892.0,381.0
1.0,2390.0,1269.0,1222.0,1276.0,1269.0,1269.0,855.0,367.0,888.0,381.0
1.0,2397.0,1263.0,1223.0,1269.0,1266.0,1266.0,856.0,367.0,885.0,378.0
1.0,2403.0,1247.0,1223.0,1266.0,1247.0,1247.0,856.0,367.0,873.0,374.0
1.0,2422.0,1234.0,1224.0,1247.0,1237.0,1237.0,857.0,367.0,862.0,372.0
1.0,2435.0,1220.0,1225.0,1237.0,1223.0,1223.0,857.0,368.0,855.0,365.0
1.0,2452.0,1209.0,1226.0,1223.0,1212.0,1212.0,858.0,368.0,846.0,363.0
1.0,2466.0,1211.0,1226.0,1212.0,1211.0,1211.0,858.0,368.0,849.0,362.0
1.0,2467.0,1214.0,1227.0,1211.0,1217.0,1217.0,859.0,368.0,850.0,364.0
1.0,2464.0,1233.0,1227.0,1217.0,1233.0,1233.0,859.0,368.0,862.0,371.0
1.0,2448.0,1243.0,1228.0,1233.0,1246.0,1246.0,860.0,368.0,870.0,373.0
1.0,2438.0,1262.0,1229.0,1246.0,1265.0,1265.0,860.0,369.0,884.0,378.0
1.0,2422.0,1272.0,1230.0,1265.0,1275.0,1275.0,861.0,369.0,890.0,382.0
1.0,2415.0,1281.0,1230.0,1275.0,1281.0,1281.0,861.0,369.0,898.0,383.0
1.0,2409.0,1280.0,1231.0,1281.0,1283.0,1283.0,862.0,369.0,894.0,386.0
1.0,2410.0,1272.0,1232.0,1283.0,1275.0,1275.0,862.0,370.0,891.0,381.0
1.0,2421.0,1256.0,1232.0,1275.0,1256.0,1256.0,862.0,370.0,879.0,377.0
1.0,2440.0,1243.0,1233.0,1256.0,1246.0,1246.0,863.0,370.0,871.0,372.0
1.0,2453.0,1227.0,1233.0,1246.0,1227.0,1227.0,863.0,370.0,859.0,368.0
1.0,2472.0,1220.0,1234.0,1227.0,1223.0,1223.0,864.0,370.0,852.0,368.0
1.0,2479.0,1220.0,1234.0,1223.0,1220.0,1220.0,864.0,370.0,855.0,365.0
1.0,2482.0,1223.0,1236.0,1220.0,1229.0,1229.0,865.0,371.0,856.0,367.0
1.0,2479.0,1239.0,1236.0,1229.0,1239.0,1239.0,865.0,371.0,868.0,371.0
1.0,2469.0,1252.0,1237.0,1239.0,1255.0,1255.0,866.0,371.0,876.0,376.0
1.0,2456.0,1273.0,1237.0,1255.0,1273.0,1273.0,866.0,371.0,890.0,383.0
1.0,2438.0,1280.0,1239.0,1273.0,1286.0,1286.0,867.0,372.0,896.0,384.0
1.0,2431.0,1290.0,1239.0,1286.0,1290.0,1290.0,867.0,372.0,904.0,386.0
1.0,2427.0,1286.0,1240.0,1290.0,1289.0,1289.0,868.0,372.0,900.0,386.0
1.0,2431.0,1280.0,1240.0,1289.0,1280.0,1280.0,868.0,372.0,897.0,383.0
1.0,2440.0,1267.0,1241.0,1280.0,1270.0,1270.0,869.0,372.0,885.0,382.0
1.0,2453.0,1252.0,1241.0,1270.0,1252.0,1252.0,869.0,372.0,877.0,375.0
1.0,2471.0,1236.0,1242.0,1252.0,1239.0,1239.0,869.0,373.0,865.0,371.0
1.0,2487.0,1230.0,1243.0,1239.0,1233.0,1233.0,870.0,373.0,862.0,368.0
1.0,2496.0,1226.0,1243.0,1233.0,1226.0,1226.0,870.0,373.0,858.0,368.0
1.0,2503.0,1238.0,1244.0,1226.0,1241.0,1241.0,871.0,373.0,865.0,373.0
1.0,2491.0,1244.0,1245.0,1241.0,1247.0,1247.0,871.0,374.0,871.0,373.0
1.0,2488.0,1260.0,1246.0,1247.0,1263.0,1263.0,872.0,374.0,882.0,378.0
1.0,2475.0,1280.0,1246.0,1263.0,1280.0,1280.0,872.0,374.0,897.0,383.0
1.0,2458.0,1289.0,1247.0,1280.0,1292.0,1292.0,873.0,374.0,902.0,387.0
1.0,2449.0,1302.0,1247.0,1292.0,1302.0,1302.0,873.0,374.0,910.0,392.0
1.0,2439.0,1294.0,1249.0,1302.0,1300.0,1300.0,874.0,375.0,906.0,388.0
1.0,2447.0,1289.0,1249.0,1300.0,1289.0,1289.0,874.0,375.0,903.0,386.0
1.0,2458.0,1273.0,1250.0,1289.0,1276.0,1276.0,875.0,375.0,891.0,382.0
1.0,2474.0,1260.0,1250.0,1276.0,1260.0,1260.0,875.0,375.0,883.0,377.0
1.0,2490.0,1247.0,1251.0,1260.0,1250.0,1250.0,876.0,375.0,871.0,376.0
1.0,2503.0,1239.0,1252.0,1250.0,1242.0,1242.0,876.0,376.0,868.0,371.0
1.0,2514.0,1234.0,1252.0,1242.0,1234.0,1234.0,876.0,376.0,864.0,370.0
1.0,2522.0,1243.0,1253.0,1234.0,1246.0,1246.0,877.0,376.0,871.0,372.0
1.0,2513.0,1253.0,1253.0,1246.0,1253.0,1253.0,877.0,376.0,877.0,376.0
1.0,2506.0,1272.0,1254.0,1253.0,1275.0,1275.0,878.0,376.0,888.0,384.0
1.0,2487.0,1289.0,1254.0,1275.0,1289.0,1289.0,878.0,376.0,903.0,386.0
1.0,2473.0,1297.0,1256.0,1289.0,1303.0,1303.0,879.0,377.0,908.0,389.0
1.0,2465.0,1307.0,1256.0,1303.0,1307.0,1307.0,879.0,377.0,916.0,391.0
1.0,2461.0,1303.0,1257.0,1307.0,1306.0,1306.0,880.0,377.0,912.0,391.0
1.0,2465.0,1300.0,1257.0,1306.0,1300.0,1300.0,880.0,377.0,909.0,391.0
1.0,2471.0,1281.0,1259.0,1300.0,1287.0,1287.0,881.0,378.0,897.0,384.0
1.0,2490.0,1269.0,1259.0,1287.0,1269.0,1269.0,881.0,378.0,889.0,380.0
1.0,2508.0,1253.0,1260.0,1269.0,1256.0,1256.0,882.0,378.0,877.0,376.0
1.0,2524.0,1247.0,1260.0,1256.0,1247.0,1247.0,882.0,378.0,874.0,373.0
1.0,2533.0,1246.0,1261.0,1247.0,1249.0,1249.0,883.0,378.0,870.0,376.0
1.0,2534.0,1252.0,1262.0,1249.0,1255.0,1255.0,883.0,379.0,877.0,375.0
1.0,2531.0,1262.0,1262.0,1255.0,1262.0,1262.0,883.0,379.0,883.0,379.0
1.0,2524.0,1280.0,1263.0,1262.0,1283.0,1283.0,884.0,379.0,897.0,383.0
1.0,2506.0,1294.0,1263.0,1283.0,1294.0,1294.0,884.0,379.0,906.0,388.0
1.0,2495.0,1313.0,1264.0,1294.0,1316.0,1316.0,885.0,379.0,918.0,395.0
1.0,2476.0,1313.0,1265.0,1316.0,1316.0,1316.0,885.0,380.0,919.0,394.0
1.0,2479.0,1312.0,1266.0,1316.0,1315.0,1315.0,886.0,380.0,918.0,394.0
1.0,2483.0,1306.0,1266.0,1315.0,1306.0,1306.0,886.0,380.0,915.0,391.0
1.0,2492.0,1293.0,1267.0,1306.0,1296.0,1296.0,887.0,380.0,903.0,390.0
1.0,2505.0,1277.0,1267.0,1296.0,1277.0,1277.0,887.0,380.0,895.0,382.0
1.0,2524.0,1261.0,1269.0,1277.0,1267.0,1267.0,888.0,381.0,883.0,378.0
1.0,2540.0,1256.0,1269.0,1267.0,1256.0,1256.0,888.0,381.0,880.0,376.0
1.0,2551.0,1251.0,1270.0,1256.0,1254.0,1254.0,889.0,381.0,876.0,375.0
1.0,2556.0,1260.0,1270.0,1254.0,1260.0,1260.0,889.0,381.0,883.0,377.0
1.0,2550.0,1273.0,1271.0,1260.0,1276.0,1276.0,890.0,381.0,889.0,384.0
1.0,2537.0,1290.0,1272.0,1276.0,1293.0,1293.0,890.0,382.0,904.0,386.0
1.0,2523.0,1303.0,1272.0,1293.0,1303.0,1303.0,890.0,382.0,912.0,391.0
1.0,2513.0,1319.0,1273.0,1303.0,1322.0,1322.0,891.0,382.0,924.0,395.0
1.0,2497.0,1321.0,1273.0,1322.0,1321.0,1321.0,891.0,382.0,925.0,396.0
1.0,2498.0,1326.0,1274.0,1321.0,1329.0,1329.0,892.0,382.0,927.0,399.0
1.0,2493.0,1312.0,1275.0,1329.0,1315.0,1315.0,892.0,383.0,918.0,394.0
1.0,2510.0,1299.0,1276.0,1315.0,1302.0,1302.0,893.0,383.0,909.0,390.0
1.0,2526.0,1286.0,1276.0,1302.0,1286.0,1286.0,893.0,383.0,901.0,385.0
1.0,2542.0,1270.0,1277.0,1286.0,1273.0,1273.0,894.0,383.0,889.0,381.0
1.0,2558.0,1267.0,1277.0,1273.0,1267.0,1267.0,894.0,383.0,886.0,381.0
1.0,2564.0,1260.0,1279.0,1267.0,1266.0,1266.0,895.0,384.0,882.0,378.0
1.0,2571.0,1270.0,1279.0,1266.0,1270.0,1270.0,895.0,384.0,890.0,380.0
1.0,2567.0,1279.0,1280.0,1270.0,1282.0,1282.0,896.0,384.0,895.0,384.0
1.0,2558.0,1299.0,1280.0,1282.0,1299.0,1299.0,896.0,384.0,910.0,389.0
1.0,2541.0,1314.0,1281.0,1299.0,1317.0,1317.0,897.0,384.0,918.0,396.0
1.0,2526.0,1327.0,1281.0,1317.0,1327.0,1327.0,897.0,384.0,930.0,397.0
1.0,2516.0,1330.0,1283.0,1327.0,1336.0,1336.0,898.0,385.0,931.0,399.0
1.0,2513.0,1332.0,1283.0,1336.0,1332.0,1332.0,898.0,385.0,933.0,399.0
1.0,2517.0,1320.0,1283.0,1332.0,1320.0,1320.0,898.0,385.0,924.0,396.0
1.0,2529.0,1313.0,1284.0,1320.0,1316.0,1316.0,899.0,385.0,918.0,395.0
1.0,2536.0,1292.0,1285.0,1316.0,1295.0,1295.0,899.0,386.0,904.0,388.0
1.0,2560.0,1279.0,1286.0,1295.0,1282.0,1282.0,900.0,386.0,895.0,384.0
1.0,2576.0,1273.0,1286.0,1282.0,1273.0,1273.0,900.0,386.0,892.0,381.0
1.0,2585.0,1269.0,1287.0,1273.0,1272.0,1272.0,901.0,386.0,888.0,381.0
1.0,2589.0,1282.0,1287.0,1272.0,1282.0,1282.0,901.0,386.0,896.0,386.0
1.0,2579.0,1287.0,1289.0,1282.0,1293.0,1293.0,902.0,387.0,901.0,386.0
1.0,2574.0,1307.0,1289.0,1293.0,1307.0,1307.0,902.0,387.0,916.0,391.0
1.0,2560.0,1320.0,1290.0,1307.0,1323.0,1323.0,903.0,387.0,924.0,396.0
1.0,2547.0,1336.0,1290.0,1323.0,1336.0,1336.0,903.0,387.0,936.0,400.0
1.0,2534.0,1342.0,1291.0,1336.0,1345.0,1345.0,904.0,387.0,937.0,405.0
1.0,2528.0,1340.0,1292.0,1345.0,1343.0,1343.0,904.0,388.0,939.0,401.0
1.0,2533.0,1329.0,1292.0,1343.0,1329.0,1329.0,904.0,388.0,930.0,399.0
1.0,2547.0,1319.0,1293.0,1329.0,1322.0,1322.0,905.0,388.0,924.0,395.0
1.0,2557.0,1303.0,1293.0,1322.0,1303.0,1303.0,905.0,388.0,910.0,393.0
1.0,2576.0,1287.0,1294.0,1303.0,1290.0,1290.0,906.0,388.0,901.0,386.0
1.0,2592.0,1282.0,1295.0,1290.0,1285.0,1285.0,906.0,389.0,898.0,384.0
1.0,2600.0,1277.0,1296.0,1285.0,1280.0,1280.0,907.0,389.0,894.0,383.0
1.0,2608.0,1287.0,1296.0,1280.0,1287.0,1287.0,907.0,389.0,902.0,385.0
1.0,2601.0,1297.0,1297.0,1287.0,1300.0,1300.0,908.0,389.0,908.0,389.0
1.0,2591.0,1319.0,1297.0,1300.0,1319.0,1319.0,908.0,389.0,922.0,397.0
1.0,2572.0,1329.0,1299.0,1319.0,1335.0,1335.0,909.0,390.0,930.0,399.0
1.0,2562.0,1344.0,1299.0,1335.0,1344.0,1344.0,909.0,390.0,942.0,402.0
1.0,2553.0,1347.0,1300.0,1344.0,1350.0,1350.0,910.0,390.0,943.0,404.0
1.0,2550.0,1350.0,1300.0,1350.0,1350.0,1350.0,910.0,390.0,946.0,404.0
1.0,2550.0,1340.0,1301.0,1350.0,1343.0,1343.0,911.0,390.0,936.0,404.0
1.0,2560.0,1327.0,1301.0,1343.0,1327.0,1327.0,911.0,390.0,930.0,397.0
1.0,2576.0,1309.0,1302.0,1327.0,1312.0,1312.0,911.0,391.0,916.0,393.0
1.0,2594.0,1299.0,1303.0,1312.0,1302.0,1302.0,912.0,391.0,910.0,389.0
1.0,2607.0,1287.0,1303.0,1302.0,1287.0,1287.0,912.0,391.0,901.0,386.0
1.0,2622.0,1289.0,1304.0,1287.0,1292.0,1292.0,913.0,391.0,900.0,389.0
1.0,2620.0,1296.0,1305.0,1292.0,1299.0,1299.0,913.0,392.0,908.0,388.0
1.0,2616.0,1306.0,1306.0,1299.0,1309.0,1309.0,914.0,392.0,914.0,392.0
1.0,2609.0,1324.0,1306.0,1309.0,1324.0,1324.0,914.0,392.0,928.0,396.0
1.0,2594.0,1340.0,1307.0,1324.0,1343.0,1343.0,915.0,392.0,936.0,404.0
1.0,2578.0,1353.0,1307.0,1343.0,1353.0,1353.0,915.0,392.0,948.0,405.0
1.0,2568.0,1356.0,1309.0,1353.0,1362.0,1362.0,916.0,393.0,949.0,407.0
1.0,2565.0,1359.0,1309.0,1362.0,1359.0,1359.0,916.0,393.0,952.0,407.0
1.0,2568.0,1347.0,1310.0,1359.0,1350.0,1350.0,917.0,393.0,943.0,404.0
1.0,2580.0,1336.0,1310.0,1350.0,1336.0,1336.0,917.0,393.0,936.0,400.0
1.0,2594.0,1320.0,1311.0,1336.0,1323.0,1323.0,918.0,393.0,922.0,398.0
1.0,2610.0,1307.0,1312.0,1323.0,1310.0,1310.0,918.0,394.0,916.0,391.0
1.0,2626.0,1296.0,1312.0,1310.0,1296.0,1296.0,918.0,394.0,907.0,389.0
1.0,2640.0,1297.0,1313.0,1296.0,1300.0,1300.0,919.0,394.0,909.0,388.0
1.0,2639.0,1301.0,1313.0,1300.0,1301.0,1301.0,919.0,394.0,911.0,390.0
1.0,2638.0,1317.0,1314.0,1301.0,1320.0,1320.0,920.0,394.0,920.0,397.0
1.0,2622.0,1333.0,1314.0,1320.0,1333.0,1333.0,920.0,394.0,934.0,399.0
1.0,2609.0,1346.0,1316.0,1333.0,1352.0,1352.0,921.0,395.0,942.0,404.0
1.0,2596.0,1362.0,1316.0,1352.0,1362.0,1362.0,921.0,395.0,954.0,408.0
1.0,2586.0,1364.0,1317.0,1362.0,1367.0,1367.0,922.0,395.0,955.0,409.0
1.0,2584.0,1370.0,1317.0,1367.0,1370.0,1370.0,922.0,395.0,958.0,412.0
1.0,2581.0,1356.0,1319.0,1370.0,1362.0,1362.0,923.0,396.0,949.0,407.0
1.0,2595.0,1345.0,1319.0,1362.0,1345.0,1345.0,923.0,396.0,942.0,403.0
1.0,2612.0,1327.0,1320.0,1345.0,1330.0,1330.0,924.0,396.0,929.0,398.0
1.0,2630.0,1316.0,1320.0,1330.0,1316.0,1316.0,924.0,396.0,922.0,394.0
1.0,2644.0,1307.0,1321.0,1316.0,1310.0,1310.0,925.0,396.0,913.0,394.0
1.0,2653.0,1306.0,1321.0,1310.0,1306.0,1306.0,925.0,396.0,915.0,391.0
1.0,2657.0,1310.0,1322.0,1306.0,1313.0,1313.0,925.0,397.0,917.0,393.0
1.0,2653.0,1326.0,1323.0,1313.0,1329.0,1329.0,926.0,397.0,929.0,397.0
1.0,2640.0,1339.0,1323.0,1329.0,1339.0,1339.0,926.0,397.0,937.0,402.0
1.0,2630.0,1360.0,1324.0,1339.0,1363.0,1363.0,927.0,397.0,951.0,409.0
1.0,2609.0,1367.0,1325.0,1363.0,1370.0,1370.0,927.0,398.0,957.0,410.0
1.0,2605.0,1373.0,1326.0,1370.0,1376.0,1376.0,928.0,398.0,961.0,412.0
1.0,2602.0,1376.0,1326.0,1376.0,1376.0,1376.0,928.0,398.0,964.0,412.0
1.0,2602.0,1364.0,1327.0,1376.0,1367.0,1367.0,929.0,398.0,955.0,409.0
1.0,2614.0,1356.0,1327.0,1367.0,1356.0,1356.0,929.0,398.0,948.0,408.0
1.0,2625.0,1336.0,1328.0,1356.0,1339.0,1339.0,930.0,398.0,935.0,401.0
1.0,2645.0,1325.0,1329.0,1339.0,1328.0,1328.0,930.0,399.0,928.0,397.0
1.0,2659.0,1313.0,1330.0,1328.0,1316.0,1316.0,931.0,399.0,919.0,394.0
1.0,2674.0,1315.0,1330.0,1316.0,1315.0,1315.0,931.0,399.0,921.0,394.0
1.0,2675.0,1322.0,1331.0,1315.0,1325.0,1325.0,932.0,399.0,923.0,399.0
1.0,2668.0,1334.0,1332.0,1325.0,1337.0,1337.0,932.0,400.0,935.0,399.0
1.0,2659.0,1347.0,1332.0,1337.0,1347.0,1347.0,932.0,400.0,943.0,404.0
1.0,2649.0,1366.0,1333.0,1347.0,1369.0,1369.0,933.0,400.0,957.0,409.0
1.0,2630.0,1376.0,1333.0,1369.0,1376.0,1376.0,933.0,400.0,963.0,413.0
1.0,2623.0,1385.0,1334.0,1376.0,1388.0,1388.0,934.0,400.0,967.0,418.0
1.0,2614.0,1384.0,1335.0,1388.0,1387.0,1387.0,934.0,401.0,970.0,414.0
1.0,2618.0,1373.0,1336.0,1387.0,1376.0,1376.0,935.0,401.0,961.0,412.0
1.0,2632.0,1362.0,1336.0,1376.0,1362.0,1362.0,935.0,401.0,954.0,408.0
1.0,2646.0,1344.0,1337.0,1362.0,1347.0,1347.0,936.0,401.0,941.0,403.0
1.0,2664.0,1336.0,1337.0,1347.0,1336.0,1336.0,936.0,401.0,934.0,402.0
1.0,2675.0,1322.0,1339.0,1336.0,1328.0,1328.0,937.0,402.0,925.0,397.0
1.0,2689.0,1324.0,1339.0,1328.0,1324.0,1324.0,937.0,402.0,928.0,396.0
1.0,2693.0,1327.0,1340.0,1324.0,1330.0,1330.0,938.0,402.0,929.0,398.0
1.0,2690.0,1343.0,1340.0,1330.0,1343.0,1343.0,938.0,402.0,941.0,402.0
1.0,2677.0,1359.0,1341.0,1343.0,1362.0,1362.0,939.0,402.0,949.0,410.0
1.0,2661.0,1375.0,1341.0,1362.0,1375.0,1375.0,939.0,402.0,963.0,412.0
1.0,2648.0,1384.0,1342.0,1375.0,1387.0,1387.0,939.0,403.0,969.0,415.0
1.0,2639.0,1394.0,1343.0,1387.0,1397.0,1397.0,940.0,403.0,977.0,417.0
1.0,2632.0,1390.0,1343.0,1397.0,1390.0,1390.0,940.0,403.0,973.0,417.0
1.0,2639.0,1384.0,1344.0,1390.0,1387.0,1387.0,941.0,403.0,967.0,417.0
1.0,2645.0,1370.0,1345.0,1387.0,1373.0,1373.0,941.0,404.0,960.0,410.0
1.0,2662.0,1353.0,1346.0,1373.0,1356.0,1356.0,942.0,404.0,947.0,406.0
1.0,2682.0,1342.0,1346.0,1356.0,1342.0,1342.0,942.0,404.0,940.0,402.0
1.0,2696.0,1330.0,1347.0,1342.0,1333.0,1333.0,943.0,404.0,931.0,399.0
1.0,2708.0,1336.0,1347.0,1333.0,1336.0,1336.0,943.0,404.0,934.0,402.0
1.0,2705.0,1336.0,1349.0,1336.0,1342.0,1342.0,944.0,405.0,935.0,401.0
1.0,2705.0,1352.0,1349.0,1342.0,1352.0,1352.0,944.0,405.0,947.0,405.0
1.0,2695.0,1364.0,1350.0,1352.0,1367.0,1367.0,945.0,405.0,955.0,409.0
1.0,2683.0,1383.0,1350.0,1367.0,1383.0,1383.0,945.0,405.0,969.0,414.0
1.0,2667.0,1396.0,1351.0,1383.0,1399.0,1399.0,946.0,405.0,975.0,421.0
1.0,2654.0,1403.0,1352.0,1399.0,1406.0,1406.0,946.0,406.0,983.0,420.0
1.0,2650.0,1399.0,1352.0,1406.0,1399.0,1399.0,946.0,406.0,979.0,420.0
1.0,2657.0,1393.0,1353.0,1399.0,1396.0,1396.0,947.0,406.0,976.0,417.0
1.0,2663.0,1380.0,1353.0,1396.0,1380.0,1380.0,947.0,406.0,964.0,416.0
1.0,2679.0,1361.0,1354.0,1380.0,1364.0,1364.0,948.0,406.0,953.0,408.0
1.0,2698.0,1350.0,1355.0,1364.0,1353.0,1353.0,948.0,407.0,946.0,404.0
1.0,2712.0,1339.0,1356.0,1353.0,1342.0,1342.0,949.0,407.0,937.0,402.0
1.0,2726.0,1341.0,1356.0,1342.0,1341.0,1341.0,949.0,407.0,940.0,401.0
1.0,2727.0,1344.0,1357.0,1341.0,1347.0,1347.0,950.0,407.0,941.0,403.0
1.0,2724.0,1363.0,1357.0,1347.0,1363.0,1363.0,950.0,407.0,953.0,410.0
1.0,2708.0,1373.0,1359.0,1363.0,1379.0,1379.0,951.0,408.0,961.0,412.0
1.0,2698.0,1392.0,1359.0,1379.0,1392.0,1392.0,951.0,408.0,975.0,417.0
1.0,2685.0,1402.0,1360.0,1392.0,1405.0,1405.0,952.0,408.0,981.0,421.0
1.0,2675.0,1411.0,1360.0,1405.0,1411.0,1411.0,952.0,408.0,989.0,422.0
1.0,2669.0,1410.0,1361.0,1411.0,1413.0,1413.0,953.0,408.0,985.0,425.0
1.0,2670.0,1402.0,1362.0,1413.0,1405.0,1405.0,953.0,409.0,982.0,420.0
1.0,2681.0,1386.0,1362.0,1405.0,1386.0,1386.0,953.0,409.0,970.0,416.0
1.0,2700.0,1373.0,1363.0,1386.0,1376.0,1376.0,954.0,409.0,962.0,411.0
1.0,2713.0,1357.0,1363.0,1376.0,1357.0,1357.0,954.0,409.0,950.0,407.0
1.0,2732.0,1350.0,1364.0,1357.0,1353.0,1353.0,955.0,409.0,943.0,407.0
1.0,2739.0,1350.0,1365.0,1353.0,1353.0,1353.0,955.0,410.0,946.0,404.0
1.0,2742.0,1353.0,1366.0,1353.0,1356.0,1356.0,956.0,410.0,947.0,406.0
1.0,2742.0,1369.0,1366.0,1356.0,1369.0,1369.0,956.0,410.0,959.0,410.0
1.0,2729.0,1382.0,1367.0,1369.0,1385.0,1385.0,957.0,410.0,967.0,415.0
1.0,2716.0,1403.0,1367.0,1385.0,1403.0,1403.0,957.0,410.0,981.0,422.0
1.0,2698.0,1410.0,1368.0,1403.0,1413.0,1413.0,958.0,410.0,987.0,423.0
1.0,2691.0,1420.0,1369.0,1413.0,1423.0,1423.0,958.0,411.0,995.0,425.0
1.0,2684.0,1416.0,1370.0,1423.0,1419.0,1419.0,959.0,411.0,991.0,425.0
1.0,2691.0,1410.0,1370.0,1419.0,1410.0,1410.0,959.0,411.0,988.0,422.0
1.0,2700.0,1397.0,1371.0,1410.0,1400.0,1400.0,960.0,411.0,976.0,421.0
1.0,2713.0,1382.0,1372.0,1400.0,1385.0,1385.0,960.0,412.0,968.0,414.0
1.0,2731.0,1366.0,1372.0,1385.0,1366.0,1366.0,960.0,412.0,956.0,410.0
1.0,2750.0,1360.0,1373.0,1366.0,1363.0,1363.0,961.0,412.0,953.0,407.0
1.0,2756.0,1356.0,1373.0,1363.0,1356.0,1356.0,961.0,412.0,949.0,407.0
1.0,2763.0,1365.0,1374.0,1356.0,1368.0,1368.0,962.0,412.0,953.0,412.0
1.0,2754.0,1377.0,1375.0,1368.0,1380.0,1380.0,962.0,413.0,965.0,412.0
1.0,2745.0,1390.0,1376.0,1380.0,1393.0,1393.0,963.0,413.0,973.0,417.0
1.0,2735.0,1410.0,1376.0,1393.0,1410.0,1410.0,963.0,413.0,988.0,422.0
1.0,2718.0,1419.0,1377.0,1410.0,1422.0,1422.0,964.0,413.0,993.0,426.0
1.0,2709.0,1432.0,1377.0,1422.0,1432.0,1432.0,964.0,413.0,1001.0,431.0
1.0,2699.0,1424.0,1379.0,1432.0,1430.0,1430.0,965.0,414.0,997.0,427.0
1.0,2707.0,1419.0,1379.0,1430.0,1419.0,1419.0,965.0,414.0,994.0,425.0
1.0,2718.0,1403.0,1380.0,1419.0,1406.0,1406.0,966.0,414.0,982.0,421.0
1.0,2734.0,1393.0,1380.0,1406.0,1393.0,1393.0,966.0,414.0,974.0,419.0
1.0,2747.0,1374.0,1381.0,1393.0,1377.0,1377.0,967.0,414.0,962.0,412.0
1.0,2766.0,1369.0,1382.0,1377.0,1372.0,1372.0,967.0,415.0,959.0,410.0
1.0,2774.0,1364.0,1383.0,1372.0,1367.0,1367.0,968.0,415.0,955.0,409.0
1.0,2782.0,1373.0,1383.0,1367.0,1373.0,1373.0,968.0,415.0,962.0,411.0
1.0,2776.0,1383.0,1383.0,1373.0,1383.0,1383.0,968.0,415.0,968.0,415.0
1.0,2766.0,1405.0,1384.0,1383.0,1408.0,1408.0,969.0,415.0,982.0,423.0
1.0,2744.0,1416.0,1385.0,1408.0,1419.0,1419.0,969.0,416.0,991.0,425.0
1.0,2736.0,1427.0,1386.0,1419.0,1430.0,1430.0,970.0,416.0,999.0,428.0
1.0,2728.0,1437.0,1386.0,1430.0,1437.0,1437.0,970.0,416.0,1007.0,430.0
1.0,2721.0,1433.0,1387.0,1437.0,1436.0,1436.0,971.0,416.0,1003.0,430.0
1.0,2725.0,1430.0,1387.0,1436.0,1430.0,1430.0,971.0,416.0,1000.0,430.0
1.0,2731.0,1411.0,1388.0,1430.0,1414.0,1414.0,972.0,416.0,988.0,423.0
1.0,2750.0,1399.0,1389.0,1414.0,1402.0,1402.0,972.0,417.0,980.0,419.0
1.0,2765.0,1383.0,1390.0,1402.0,1386.0,1386.0,973.0,417.0,968.0,415.0
1.0,2784.0,1377.0,1390.0,1386.0,1377.0,1377.0,973.0,417.0,965.0,412.0
1.0,2793.0,1376.0,1391.0,1377.0,1379.0,1379.0,974.0,417.0,961.0,415.0
1.0,2794.0,1382.0,1392.0,1379.0,1385.0,1385.0,974.0,418.0,968.0,414.0
1.0,2791.0,1392.0,1392.0,1385.0,1392.0,1392.0,974.0,418.0,974.0,418.0
1.0,2784.0,1410.0,1393.0,1392.0,1413.0,1413.0,975.0,418.0,988.0,422.0
1.0,2766.0,1427.0,1393.0,1413.0,1427.0,1427.0,975.0,418.0,997.0,430.0
1.0,2752.0,1440.0,1394.0,1427.0,1443.0,1443.0,976.0,418.0,1009.0,431.0
1.0,2739.0,1443.0,1395.0,1443.0,1446.0,1446.0,976.0,419.0,1010.0,433.0
1.0,2739.0,1442.0,1396.0,1446.0,1445.0,1445.0,977.0,419.0,1009.0,433.0
1.0,2743.0,1436.0,1396.0,1445.0,1436.0,1436.0,977.0,419.0,1006.0,430.0
1.0,2752.0,1420.0,1397.0,1436.0,1423.0,1423.0,978.0,419.0,994.0,426.0
1.0,2768.0,1410.0,1397.0,1423.0,1410.0,1410.0,978.0,419.0,986.0,424.0
1.0,2781.0,1391.0,1399.0,1410.0,1397.0,1397.0,979.0,420.0,974.0,417.0
1.0,2800.0,1386.0,1399.0,1397.0,1386.0,1386.0,979.0,420.0,971.0,415.0
1.0,2811.0,1381.0,1400.0,1386.0,1384.0,1384.0,980.0,420.0,967.0,414.0
1.0,2816.0,1390.0,1400.0,1384.0,1390.0,1390.0,980.0,420.0,974.0,416.0
1.0,2810.0,1403.0,1401.0,1390.0,1406.0,1406.0,981.0,420.0,980.0,423.0
1.0,2797.0,1420.0,1401.0,1406.0,1420.0,1420.0,981.0,420.0,995.0,425.0
1.0,2783.0,1433.0,1403.0,1420.0,1439.0,1439.0,982.0,421.0,1003.0,430.0
1.0,2770.0,1449.0,1403.0,1439.0,1449.0,1449.0,982.0,421.0,1015.0,434.0
1.0,2760.0,1451.0,1403.0,1449.0,1451.0,1451.0,982.0,421.0,1016.0,435.0
1.0,2758.0,1456.0,1404.0,1451.0,1459.0,1459.0,983.0,421.0,1018.0,438.0
1.0,2753.0,1442.0,1405.0,1459.0,1445.0,1445.0,983.0,422.0,1009.0,433.0
1.0,2770.0,1429.0,1406.0,1445.0,1432.0,1432.0,984.0,422.0,1000.0,429.0
1.0,2786.0,1416.0,1406.0,1432.0,1416.0,1416.0,984.0,422.0,992.0,424.0
1.0,2802.0,1400.0,1407.0,1416.0,1403.0,1403.0,985.0,422.0,980.0,420.0
1.0,2818.0,1397.0,1407.0,1403.0,1397.0,1397.0,985.0,422.0,977.0,420.0
1.0,2824.0,1390.0,1408.0,1397.0,1393.0,1393.0,986.0,422.0,973.0,417.0
1.0,2831.0,1400.0,1409.0,1393.0,1403.0,1403.0,986.0,423.0,981.0,419.0
1.0,2824.0,1409.0,1410.0,1403.0,1412.0,1412.0,987.0,423.0,986.0,423.0
1.0,2818.0,1429.0,1410.0,1412.0,1429.0,1429.0,987.0,423.0,1001.0,428.0
1.0,2801.0,1444.0,1411.0,1429.0,1447.0,1447.0,988.0,423.0,1009.0,435.0
1.0,2786.0,1457.0,1412.0,1447.0,1460.0,1460.0,988.0,424.0,1021.0,436.0
1.0,2776.0,1460.0,1412.0,1460.0,1460.0,1460.0,988.0,424.0,1022.0,438.0
1.0,2776.0,1462.0,1413.0,1460.0,1465.0,1465.0,989.0,424.0,1024.0,438.0
1.0,2774.0,1450.0,1413.0,1465.0,1450.0,1450.0,989.0,424.0,1015.0,435.0
1.0,2789.0,1440.0,1414.0,1450.0,1443.0,1443.0,990.0,424.0,1006.0,434.0
1.0,2799.0,1425.0,1414.0,1443.0,1425.0,1425.0,990.0,424.0,998.0,427.0
1.0,2817.0,1409.0,1416.0,1425.0,1415.0,1415.0,991.0,425.0,986.0,423.0
1.0,2833.0,1403.0,1416.0,1415.0,1403.0,1403.0,991.0,425.0,983.0,420.0
1.0,2845.0,1399.0,1417.0,1403.0,1402.0,1402.0,992.0,425.0,979.0,420.0
1.0,2849.0,1412.0,1417.0,1402.0,1412.0,1412.0,992.0,425.0,987.0,425.0
1.0,2839.0,1417.0,1419.0,1412.0,1423.0,1423.0,993.0,426.0,992.0,425.0
1.0,2834.0,1437.0,1419.0,1423.0,1437.0,1437.0,993.0,426.0,1007.0,430.0
1.0,2820.0,1450.0,1420.0,1437.0,1453.0,1453.0,994.0,426.0,1015.0,435.0
1.0,2807.0,1466.0,1420.0,1453.0,1466.0,1466.0,994.0,426.0,1027.0,439.0
1.0,2794.0,1472.0,1421.0,1466.0,1475.0,1475.0,995.0,426.0,1028.0,444.0
1.0,2788.0,1470.0,1422.0,1475.0,1473.0,1473.0,995.0,427.0,1030.0,440.0
1.0,2793.0,1459.0,1422.0,1473.0,1459.0,1459.0,995.0,427.0,1021.0,438.0
1.0,2807.0,1449.0,1423.0,1459.0,1452.0,1452.0,996.0,427.0,1015.0,434.0
1.0,2817.0,1430.0,1423.0,1452.0,1430.0,1430.0,996.0,427.0,1001.0,429.0
1.0,2839.0,1420.0,1424.0,1430.0,1423.0,1423.0,997.0,427.0,992.0,428.0
1.0,2849.0,1412.0,1425.0,1423.0,1415.0,1415.0,997.0,428.0,989.0,423.0
1.0,2860.0,1407.0,1426.0,1415.0,1410.0,1410.0,998.0,428.0,985.0,422.0
1.0,2868.0,1417.0,1426.0,1410.0,1417.0,1417.0,998.0,428.0,993.0,424.0
1.0,2861.0,1427.0,1427.0,1417.0,1430.0,1430.0,999.0,428.0,999.0,428.0
1.0,2851.0,1449.0,1427.0,1430.0,1449.0,1449.0,999.0,428.0,1013.0,436.0
1.0,2832.0,1459.0,1428.0,1449.0,1462.0,1462.0,1000.0,428.0,1021.0,438.0
1.0,2822.0,1474.0,1429.0,1462.0,1477.0,1477.0,1000.0,429.0,1033.0,441.0
1.0,2810.0,1477.0,1430.0,1477.0,1480.0,1480.0,1001.0,429.0,1034.0,443.0
1.0,2810.0,1480.0,1430.0,1480.0,1480.0,1480.0,1001.0,429.0,1037.0,443.0
1.0,2810.0,1470.0,1431.0,1480.0,1473.0,1473.0,1002.0,429.0,1027.0,443.0
1.0,2820.0,1457.0,1432.0,1473.0,1460.0,1460.0,1002.0,430.0,1021.0,436.0
1.0,2836.0,1439.0,1432.0,1460.0,1439.0,1439.0,1002.0,430.0,1007.0,432.0
1.0,2857.0,1429.0,1433.0,1439.0,1432.0,1432.0,1003.0,430.0,1001.0,428.0
1.0,2867.0,1417.0,1433.0,1432.0,1417.0,1417.0,1003.0,430.0,992.0,425.0
1.0,2882.0,1419.0,1434.0,1417.0,1422.0,1422.0,1004.0,430.0,991.0,428.0
1.0,2880.0,1426.0,1435.0,1422.0,1429.0,1429.0,1004.0,431.0,999.0,427.0
1.0,2876.0,1436.0,1436.0,1429.0,1439.0,1439.0,1005.0,431.0,1005.0,431.0
1.0,2869.0,1454.0,1436.0,1439.0,1454.0,1454.0,1005.0,431.0,1019.0,435.0
1.0,2854.0,1467.0,1437.0,1454.0,1470.0,1470.0,1006.0,431.0,1027.0,440.0
1.0,2841.0,1486.0,1437.0,1470.0,1486.0,1486.0,1006.0,431.0,1039.0,447.0
1.0,2825.0,1486.0,1439.0,1486.0,1492.0,1492.0,1007.0,432.0,1040.0,446.0
1.0,2825.0,1489.0,1439.0,1492.0,1489.0,1489.0,1007.0,432.0,1043.0,446.0
1.0,2828.0,1477.0,1440.0,1489.0,1480.0,1480.0,1008.0,432.0,1034.0,443.0
1.0,2840.0,1469.0,1440.0,1480.0,1469.0,1469.0,1008.0,432.0,1027.0,442.0
1.0,2851.0,1447.0,1441.0,1469.0,1450.0,1450.0,1009.0,432.0,1013.0,434.0
1.0,2873.0,1437.0,1442.0,1450.0,1440.0,1440.0,1009.0,433.0,1007.0,430.0
1.0,2886.0,1426.0,1442.0,1440.0,1426.0,1426.0,1009.0,433.0,998.0,428.0
1.0,2900.0,1427.0,1443.0,1426.0,1430.0,1430.0,1010.0,433.0,1000.0,427.0
1.0,2899.0,1431.0,1443.0,1430.0,1431.0,1431.0,1010.0,433.0,1002.0,429.0
1.0,2898.0,1450.0,1444.0,1431.0,1453.0,1453.0,1011.0,433.0,1014.0,436.0
1.0,2879.0,1460.0,1445.0,1453.0,1463.0,1463.0,1011.0,434.0,1022.0,438.0
1.0,2872.0,1476.0,1446.0,1463.0,1479.0,1479.0,1012.0,434.0,1033.0,443.0
1.0,2859.0,1492.0,1446.0,1479.0,1492.0,1492.0,1012.0,434.0,1045.0,447.0
1.0,2846.0,1494.0,1447.0,1492.0,1497.0,1497.0,1013.0,434.0,1046.0,448.0
1.0,2844.0,1500.0,1447.0,1497.0,1500.0,1500.0,1013.0,434.0,1049.0,451.0
1.0,2841.0,1486.0,1449.0,1500.0,1492.0,1492.0,1014.0,435.0,1040.0,446.0
1.0,2855.0,1475.0,1449.0,1492.0,1475.0,1475.0,1014.0,435.0,1033.0,442.0
1.0,2872.0,1457.0,1450.0,1475.0,1460.0,1460.0,1015.0,435.0,1020.0,437.0
1.0,2890.0,1446.0,1450.0,1460.0,1446.0,1446.0,1015.0,435.0,1013.0,433.0
1.0,2904.0,1437.0,1451.0,1446.0,1440.0,1440.0,1016.0,435.0,1004.0,433.0
1.0,2913.0,1436.0,1452.0,1440.0,1439.0,1439.0,1016.0,436.0,1006.0,430.0
1.0,2917.0,1440.0,1452.0,1439.0,1440.0,1440.0,1016.0,436.0,1008.0,432.0
1.0,2916.0,1456.0,1453.0,1440.0,1459.0,1459.0,1017.0,436.0,1020.0,436.0
1.0,2900.0,1469.0,1453.0,1459.0,1469.0,1469.0,1017.0,436.0,1028.0,441.0
1.0,2890.0,1487.0,1454.0,1469.0,1490.0,1490.0,1018.0,436.0,1039.0,448.0
1.0,2872.0,1500.0,1454.0,1490.0,1500.0,1500.0,1018.0,436.0,1051.0,449.0
1.0,2862.0,1503.0,1456.0,1500.0,1509.0,1509.0,1019.0,437.0,1052.0,451.0
1.0,2859.0,1506.0,1456.0,1509.0,1506.0,1506.0,1019.0,437.0,1055.0,451.0
1.0,2862.0,1494.0,1457.0,1506.0,1497.0,1497.0,1020.0,437.0,1046.0,448.0
1.0,2874.0,1486.0,1457.0,1497.0,1486.0,1486.0,1020.0,437.0,1039.0,447.0
1.0,2885.0,1466.0,1459.0,1486.0,1472.0,1472.0,1021.0,438.0,1026.0,440.0
1.0,2905.0,1455.0,1459.0,1472.0,1455.0,1455.0,1021.0,438.0,1019.0,436.0
1.0,2922.0,1443.0,1460.0,1455.0,1446.0,1446.0,1022.0,438.0,1010.0,433.0
1.0,2934.0,1445.0,1460.0,1446.0,1445.0,1445.0,1022.0,438.0,1012.0,433.0
1.0,2935.0,1452.0,1461.0,1445.0,1455.0,1455.0,1023.0,438.0,1014.0,438.0
1.0,2928.0,1464.0,1462.0,1455.0,1467.0,1467.0,1023.0,439.0,1026.0,438.0
1.0,2919.0,1477.0,1462.0,1467.0,1477.0,1477.0,1023.0,439.0,1034.0,443.0
1.0,2909.0,1496.0,1463.0,1477.0,1499.0,1499.0,1024.0,439.0,1048.0,448.0
1.0,2890.0,1506.0,1463.0,1499.0,1506.0,1506.0,1024.0,439.0,1054.0,452.0
1.0,2883.0,1515.0,1464.0,1506.0,1518.0,1518.0,1025.0,439.0,1058.0,457.0
1.0,2874.0,1514.0,1465.0,1518.0,1517.0,1517.0,1025.0,440.0,1061.0,453.0
1.0,2878.0,1503.0,1466.0,1517.0,1506.0,1506.0,1026.0,440.0,1052.0,451.0
1.0,2892.0,1492.0,1466.0,1506.0,1492.0,1492.0,1026.0,440.0,1045.0,447.0
1.0,2906.0,1477.0,1467.0,1492.0,1480.0,1480.0,1027.0,440.0,1032.0,445.0
1.0,2921.0,1463.0,1467.0,1480.0,1463.0,1463.0,1027.0,440.0,1025.0,438.0
1.0,2938.0,1452.0,1469.0,1463.0,1458.0,1458.0,1028.0,441.0,1016.0,436.0
1.0,2949.0,1454.0,1469.0,1458.0,1454.0,1454.0,1028.0,441.0,1019.0,435.0
1.0,2953.0,1457.0,1470.0,1454.0,1460.0,1460.0,1029.0,441.0,1020.0,437.0
1.0,2950.0,1473.0,1470.0,1460.0,1473.0,1473.0,1029.0,441.0,1032.0,441.0
1.0,2937.0,1489.0,1471.0,1473.0,1492.0,1492.0,1030.0,441.0,1040.0,449.0
1.0,2921.0,1505.0,1472.0,1492.0,1508.0,1508.0,1030.0,442.0,1054.0,451.0
1.0,2908.0,1514.0,1472.0,1508.0,1514.0,1514.0,1030.0,442.0,1060.0,454.0
1.0,2902.0,1524.0,1473.0,1514.0,1527.0,1527.0,1031.0,442.0,1068.0,456.0
1.0,2892.0,1520.0,1473.0,1527.0,1520.0,1520.0,1031.0,442.0,1064.0,456.0
1.0,2899.0,1514.0,1474.0,1520.0,1517.0,1517.0,1032.0,442.0,1058.0,456.0
1.0,2905.0,1500.0,1474.0,1517.0,1500.0,1500.0,1032.0,442.0,1051.0,449.0
1.0,2922.0,1483.0,1476.0,1500.0,1489.0,1489.0,1033.0,443.0,1038.0,445.0
1.0,2939.0,1472.0,1476.0,1489.0,1472.0,1472.0,1033.0,443.0,1031.0,441.0
1.0,2956.0,1460.0,1477.0,1472.0,1463.0,1463.0,1034.0,443.0,1022.0,438.0
1.0,2968.0,1466.0,1477.0,1463.0,1466.0,1466.0,1034.0,443.0,1025.0,441.0
1.0,2965.0,1466.0,1479.0,1466.0,1472.0,1472.0,1035.0,444.0,1026.0,440.0
1.0,2965.0,1482.0,1479.0,1472.0,1482.0,1482.0,1035.0,444.0,1038.0,444.0
1.0,2955.0,1494.0,1480.0,1482.0,1497.0,1497.0,1036.0,444.0,1046.0,448.0
1.0,2943.0,1516.0,1480.0,1497.0,1516.0,1516.0,1036.0,444.0,1060.0,456.0
1.0,2924.0,1523.0,1481.0,1516.0,1526.0,1526.0,1037.0,444.0,1066.0,457.0
1.0,2917.0,1533.0,1482.0,1526.0,1536.0,1536.0,1037.0,445.0,1074.0,459.0
1.0,2910.0,1529.0,1482.0,1536.0,1529.0,1529.0,1037.0,445.0,1070.0,459.0
1.0,2917.0,1523.0,1483.0,1529.0,1526.0,1526.0,1038.0,445.0,1067.0,456.0
1.0,2923.0,1506.0,1483.0,1526.0,1506.0,1506.0,1038.0,445.0,1054.0,452.0
1.0,2943.0,1494.0,1484.0,1506.0,1497.0,1497.0,1039.0,445.0,1044.0,450.0
1.0,2955.0,1480.0,1485.0,1497.0,1483.0,1483.0,1039.0,446.0,1037.0,443.0
1.0,2972.0,1469.0,1486.0,1483.0,1472.0,1472.0,1040.0,446.0,1028.0,441.0
1.0,2986.0,1471.0,1486.0,1472.0,1471.0,1471.0,1040.0,446.0,1031.0,440.0
1.0,2987.0,1474.0,1487.0,1471.0,1477.0,1477.0,1041.0,446.0,1032.0,442.0
1.0,2984.0,1493.0,1487.0,1477.0,1493.0,1493.0,1041.0,446.0,1044.0,449.0
1.0,2968.0,1503.0,1488.0,1493.0,1506.0,1506.0,1042.0,446.0,1052.0,451.0
1.0,2958.0,1522.0,1489.0,1506.0,1525.0,1525.0,1042.0,447.0,1066.0,456.0
1.0,2942.0,1532.0,1490.0,1525.0,1535.0,1535.0,1043.0,447.0,1072.0,460.0
1.0,2935.0,1541.0,1490.0,1535.0,1541.0,1541.0,1043.0,447.0,1080.0,461.0
1.0,2929.0,1540.0,1491.0,1541.0,1543.0,1543.0,1044.0,447.0,1076.0,464.0
1.0,2930.0,1532.0,1492.0,1543.0,1535.0,1535.0,1044.0,448.0,1073.0,459.0
1.0,2941.0,1516.0,1492.0,1535.0,1516.0,1516.0,1044.0,448.0,1061.0,455.0
1.0,2960.0,1503.0,1493.0,1516.0,1506.0,1506.0,1045.0,448.0,1053.0,450.0
1.0,2973.0,1487.0,1493.0,1506.0,1487.0,1487.0,1045.0,448.0,1041.0,446.0
1.0,2992.0,1480.0,1494.0,1487.0,1483.0,1483.0,1046.0,448.0,1034.0,446.0
1.0,2999.0,1480.0,1494.0,1483.0,1480.0,1480.0,1046.0,448.0,1037.0,443.0
1.0,3002.0,1483.0,1496.0,1480.0,1489.0,1489.0,1047.0,449.0,1038.0,445.0
1.0,2999.0,1499.0,1496.0,1489.0,1499.0,1499.0,1047.0,449.0,1050.0,449.0
1.0,2989.0,1512.0,1497.0,1499.0,1515.0,1515.0,1048.0,449.0,1058.0,454.0
1.0,2976.0,1533.0,1497.0,1515.0,1533.0,1533.0,1048.0,449.0,1072.0,461.0
1.0,2958.0,1540.0,1499.0,1533.0,1546.0,1546.0,1049.0,450.0,1078.0,462.0
1.0,2951.0,1550.0,1499.0,1546.0,1550.0,1550.0,1049.0,450.0,1086.0,464.0
1.0,2947.0,1546.0,1500.0,1550.0,1549.0,1549.0,1050.0,450.0,1082.0,464.0
1.0,2951.0,1540.0,1500.0,1549.0,1540.0,1540.0,1050.0,450.0,1079.0,461.0
1.0,2960.0,1527.0,1501.0,1540.0,1530.0,1530.0,1051.0,450.0,1067.0,460.0
1.0,2973.0,1512.0,1501.0,1530.0,1512.0,1512.0,1051.0,450.0,1059.0,453.0
1.0,2991.0,1496.0,1502.0,1512.0,1499.0,1499.0,1051.0,451.0,1047.0,449.0
1.0,3007.0,1490.0,1503.0,1499.0,1493.0,1493.0,1052.0,451.0,1044.0,446.0
1.0,3016.0,1486.0,1503.0,1493.0,1486.0,1486.0,1052.0,451.0,1040.0,446.0
1.0,3023.0,1495.0,1504.0,1486.0,1498.0,1498.0,1053.0,451.0,1044.0,451.0
1.0,3014.0,1507.0,1505.0,1498.0,1510.0,1510.0,1053.0,452.0,1056.0,451.0
1.0,3005.0,1520.0,1506.0,1510.0,1523.0,1523.0,1054.0,452.0,1064.0,456.0
1.0,2995.0,1539.0,1506.0,1523.0,1539.0,1539.0,1054.0,452.0,1078.0,461.0
1.0,2979.0,1549.0,1507.0,1539.0,1552.0,1552.0,1055.0,452.0,1084.0,465.0
1.0,2969.0,1562.0,1507.0,1552.0,1562.0,1562.0,1055.0,452.0,1092.0,470.0
1.0,2959.0,1554.0,1509.0,1562.0,1560.0,1560.0,1056.0,453.0,1088.0,466.0
1.0,2967.0,1549.0,1509.0,1560.0,1549.0,1549.0,1056.0,453.0,1085.0,464.0
1.0,2978.0,1533.0,1510.0,1549.0,1536.0,1536.0,1057.0,453.0,1073.0,460.0
1.0,2994.0,1520.0,1510.0,1536.0,1520.0,1520.0,1057.0,453.0,1065.0,455.0
1.0,3010.0,1507.0,1511.0,1520.0,1510.0,1510.0,1058.0,453.0,1053.0,454.0
1.0,3023.0,1499.0,1512.0,1510.0,1502.0,1502.0,1058.0,454.0,1050.0,449.0
1.0,3034.0,1494.0,1512.0,1502.0,1494.0,1494.0,1058.0,454.0,1046.0,448.0
1.0,3042.0,1503.0,1513.0,1494.0,1506.0,1506.0,1059.0,454.0,1053.0,450.0
1.0,3033.0,1513.0,1513.0,1506.0,1513.0,1513.0,1059.0,454.0,1059.0,454.0
1.0,3026.0,1532.0,1514.0,1513.0,1535.0,1535.0,1060.0,454.0,1070.0,462.0
1.0,3007.0,1549.0,1514.0,1535.0,1549.0,1549.0,1060.0,454.0,1085.0,464.0
1.0,2993.0,1557.0,1516.0,1549.0,1563.0,1563.0,1061.0,455.0,1090.0,467.0
1.0,2985.0,1567.0,1516.0,1563.0,1567.0,1567.0,1061.0,455.0,1098.0,469.0
1.0,2981.0,1563.0,1517.0,1567.0,1566.0,1566.0,1062.0,455.0,1094.0,469.0
1.0,2985.0,1560.0,1517.0,1566.0,1560.0,1560.0,1062.0,455.0,1091.0,469.0
1.0,2991.0,1541.0,1519.0,1560.0,1547.0,1547.0,1063.0,456.0,1079.0,462.0
1.0,3010.0,1529.0,1519.0,1547.0,1529.0,1529.0,1063.0,456.0,1071.0,458.0
1.0,3028.0,1513.0,1520.0,1529.0,1516.0,1516.0,1064.0,456.0,1059.0,454.0
1.0,3044.0,1507.0,1520.0,1516.0,1507.0,1507.0,1064.0,456.0,1056.0,451.0
1.0,3053.0,1506.0,1521.0,1507.0,1509.0,1509.0,1065.0,456.0,1052.0,454.0
1.0,3054.0,1512.0,1522.0,1509.0,1515.0,1515.0,1065.0,457.0,1059.0,453.0
1.0,3051.0,1522.0,1522.0,1515.0,1522.0,1522.0,1065.0,457.0,1065.0,457.0
1.0,3044.0,1540.0,1523.0,1522.0,1543.0,1543.0,1066.0,457.0,1079.0,461.0
1.0,3026.0,1554.0,1523.0,1543.0,1554.0,1554.0,1066.0,457.0,1088.0,466.0
1.0,3015.0,1569.0,1524.0,1554.0,1572.0,1572.0,1067.0,457.0,1096.0,473.0
1.0,3000.0,1576.0,1525.0,1572.0,1579.0,1579.0,1067.0,458.0,1104.0,472.0
1.0,2996.0,1572.0,1526.0,1579.0,1575.0,1575.0,1068.0,458.0,1100.0,472.0
1.0,3003.0,1566.0,1526.0,1575.0,1566.0,1566.0,1068.0,458.0,1097.0,469.0
1.0,3012.0,1553.0,1527.0,1566.0,1556.0,1556.0,1069.0,458.0,1085.0,468.0
1.0,3025.0,1537.0,1527.0,1556.0,1537.0,1537.0,1069.0,458.0,1077.0,460.0
1.0,3044.0,1521.0,1529.0,1537.0,1527.0,1527.0,1070.0,459.0,1065.0,456.0
1.0,3060.0,1516.0,1529.0,1527.0,1516.0,1516.0,1070.0,459.0,1062.0,454.0
1.0,3071.0,1511.0,1530.0,1516.0,1514.0,1514.0,1071.0,459.0,1058.0,453.0
1.0,3076.0,1520.0,1530.0,1514.0,1520.0,1520.0,1071.0,459.0,1065.0,455.0
1.0,3070.0,1533.0,1531.0,1520.0,1536.0,1536.0,1072.0,459.0,1071.0,462.0
1.0,3057.0,1549.0,1532.0,1536.0,1552.0,1552.0,1072.0,460.0,1085.0,464.0
1.0,3044.0,1563.0,1532.0,1552.0,1563.0,1563.0,1072.0,460.0,1094.0,469.0
1.0,3033.0,1579.0,1533.0,1563.0,1582.0,1582.0,1073.0,460.0,1106.0,473.0
1.0,3017.0,1581.0,1533.0,1582.0,1581.0,1581.0,1073.0,460.0,1107.0,474.0
1.0,3018.0,1583.0,1534.0,1581.0,1586.0,1586.0,1074.0,460.0,1106.0,477.0
1.0,3016.0,1575.0,1535.0,1586.0,1578.0,1578.0,1074.0,461.0,1103.0,472.0
1.0,3027.0,1559.0,1536.0,1578.0,1562.0,1562.0,1075.0,461.0,1091.0,468.0
1.0,3046.0,1546.0,1536.0,1562.0,1546.0,1546.0,1075.0,461.0,1083.0,463.0
1.0,3062.0,1530.0,1537.0,1546.0,1533.0,1533.0,1076.0,461.0,1071.0,459.0
1.0,3078.0,1527.0,1537.0,1533.0,1527.0,1527.0,1076.0,461.0,1068.0,459.0
1.0,3084.0,1520.0,1539.0,1527.0,1526.0,1526.0,1077.0,462.0,1064.0,456.0
1.0,3091.0,1529.0,1539.0,1526.0,1529.0,1529.0,1077.0,462.0,1071.0,458.0
1.0,3088.0,1539.0,1540.0,1529.0,1542.0,1542.0,1078.0,462.0,1077.0,462.0
1.0,3078.0,1559.0,1540.0,1542.0,1559.0,1559.0,1078.0,462.0,1092.0,467.0
1.0,3061.0,1574.0,1540.0,1559.0,1574.0,1574.0,1078.0,462.0,1100.0,474.0
1.0,3046.0,1587.0,1541.0,1574.0,1590.0,1590.0,1079.0,462.0,1112.0,475.0
1.0,3033.0,1590.0,1542.0,1590.0,1593.0,1593.0,1079.0,463.0,1113.0,477.0
1.0,3033.0,1592.0,1543.0,1593.0,1595.0,1595.0,1080.0,463.0,1115.0,477.0
1.0,3034.0,1580.0,1543.0,1595.0,1580.0,1580.0,1080.0,463.0,1106.0,474.0
1.0,3049.0,1570.0,1544.0,1580.0,1573.0,1573.0,1081.0,463.0,1097.0,473.0
1.0,3059.0,1555.0,1545.0,1573.0,1558.0,1558.0,1081.0,464.0,1089.0,466.0
1.0,3077.0,1539.0,1546.0,1558.0,1542.0,1542.0,1082.0,464.0,1077.0,462.0
1.0,3096.0,1533.0,1546.0,1542.0,1533.0,1533.0,1082.0,464.0,1074.0,459.0
1.0,3105.0,1529.0,1547.0,1533.0,1532.0,1532.0,1083.0,464.0,1070.0,459.0
1.0,3109.0,1542.0,1547.0,1532.0,1542.0,1542.0,1083.0,464.0,1078.0,464.0
1.0,3099.0,1547.0,1549.0,1542.0,1553.0,1553.0,1084.0,465.0,1083.0,464.0
1.0,3094.0,1567.0,1549.0,1553.0,1567.0,1567.0,1084.0,465.0,1098.0,469.0
1.0,3080.0,1580.0,1550.0,1567.0,1583.0,1583.0,1085.0,465.0,1106.0,474.0
1.0,3067.0,1596.0,1550.0,1583.0,1596.0,1596.0,1085.0,465.0,1118.0,478.0
1.0,3054.0,1602.0,1551.0,1596.0,1605.0,1605.0,1086.0,465.0,1119.0,483.0
1.0,3048.0,1600.0,1552.0,1605.0,1603.0,1603.0,1086.0,466.0,1121.0,479.0
1.0,3053.0,1589.0,1552.0,1603.0,1589.0,1589.0,1086.0,466.0,1112.0,477.0
1.0,3067.0,1579.0,1553.0,1589.0,1582.0,1582.0,1087.0,466.0,1106.0,473.0
1.0,3077.0,1563.0,1553.0,1582.0,1563.0,1563.0,1087.0,466.0,1092.0,471.0
1.0,3096.0,1547.0,1554.0,1563.0,1550.0,1550.0,1088.0,466.0,1083.0,464.0
1.0,3112.0,1542.0,1555.0,1550.0,1545.0,1545.0,1088.0,467.0,1080.0,462.0
1.0,3120.0,1537.0,1556.0,1545.0,1540.0,1540.0,1089.0,467.0,1076.0,461.0
1.0,3128.0,1547.0,1556.0,1540.0,1547.0,1547.0,1089.0,467.0,1084.0,463.0
1.0,3121.0,1556.0,1557.0,1547.0,1559.0,1559.0,1090.0,467.0,1089.0,467.0
1.0,3112.0,1579.0,1557.0,1559.0,1579.0,1579.0,1090.0,467.0,1104.0,475.0
1.0,3092.0,1589.0,1559.0,1579.0,1595.0,1595.0,1091.0,468.0,1112.0,477.0
1.0,3082.0,1604.0,1559.0,1595.0,1604.0,1604.0,1091.0,468.0,1124.0,480.0
1.0,3073.0,1607.0,1560.0,1604.0,1610.0,1610.0,1092.0,468.0,1125.0,482.0
1.0,3070.0,1609.0,1560.0,1610.0,1609.0,1609.0,1092.0,468.0,1127.0,482.0
1.0,3071.0,1600.0,1560.0,1609.0,1600.0,1600.0,1092.0,468.0,1118.0,482.0
1.0,3080.0,1587.0,1561.0,1600.0,1590.0,1590.0,1093.0,468.0,1112.0,475.0
1.0,3093.0,1569.0,1562.0,1590.0,1572.0,1572.0,1093.0,469.0,1098.0,471.0
1.0,3114.0,1556.0,1563.0,1572.0,1559.0,1559.0,1094.0,469.0,1089.0,467.0
1.0,3130.0,1550.0,1563.0,1559.0,1550.0,1550.0,1094.0,469.0,1086.0,464.0
1.0,3139.0,1549.0,1564.0,1550.0,1552.0,1552.0,1095.0,469.0,1082.0,467.0
1.0,3140.0,1556.0,1565.0,1552.0,1559.0,1559.0,1095.0,470.0,1090.0,466.0
1.0,3136.0,1566.0,1566.0,1559.0,1569.0,1569.0,1096.0,470.0,1096.0,470.0
1.0,3129.0,1584.0,1566.0,1569.0,1584.0,1584.0,1096.0,470.0,1110.0,474.0
1.0,3114.0,1600.0,1567.0,1584.0,1603.0,1603.0,1097.0,470.0,1118.0,482.0
1.0,3098.0,1613.0,1567.0,1603.0,1613.0,1613.0,1097.0,470.0,1130.0,483.0
1.0,3088.0,1616.0,1569.0,1613.0,1622.0,1622.0,1098.0,471.0,1131.0,485.0
1.0,3085.0,1619.0,1569.0,1622.0,1619.0,1619.0,1098.0,471.0,1134.0,485.0
1.0,3088.0,1606.0,1570.0,1619.0,1609.0,1609.0,1099.0,471.0,1124.0,482.0
1.0,3101.0,1596.0,1570.0,1609.0,1596.0,1596.0,1099.0,471.0,1118.0,478.0
1.0,3114.0,1580.0,1570.0,1596.0,1580.0,1580.0,1099.0,471.0,1104.0,476.0
1.0,3130.0,1567.0,1572.0,1580.0,1573.0,1573.0,1100.0,472.0,1098.0,469.0
1.0,3143.0,1556.0,1572.0,1573.0,1556.0,1556.0,1100.0,472.0,1089.0,467.0
1.0,3160.0,1554.0,1573.0,1556.0,1557.0,1557.0,1101.0,472.0,1088.0,466.0
1.0,3162.0,1564.0,1573.0,1557.0,1564.0,1564.0,1101.0,472.0,1096.0,468.0
1.0,3155.0,1577.0,1574.0,1564.0,1580.0,1580.0,1102.0,472.0,1102.0,475.0
1.0,3142.0,1593.0,1574.0,1580.0,1593.0,1593.0,1102.0,472.0,1116.0,477.0
1.0,3129.0,1606.0,1576.0,1593.0,1612.0,1612.0,1103.0,473.0,1124.0,482.0
1.0,3116.0,1622.0,1576.0,1612.0,1622.0,1622.0,1103.0,473.0,1136.0,486.0
1.0,3106.0,1624.0,1577.0,1622.0,1627.0,1627.0,1104.0,473.0,1137.0,487.0
1.0,3104.0,1630.0,1577.0,1627.0,1630.0,1630.0,1104.0,473.0,1140.0,490.0
1.0,3101.0,1616.0,1579.0,1630.0,1622.0,1622.0,1105.0,474.0,1131.0,485.0
1.0,3115.0,1605.0,1579.0,1622.0,1605.0,1605.0,1105.0,474.0,1124.0,481.0
1.0,3132.0,1586.0,1580.0,1605.0,1589.0,1589.0,1106.0,474.0,1110.0,476.0
1.0,3151.0,1576.0,1580.0,1589.0,1576.0,1576.0,1106.0,474.0,1104.0,472.0
1.0,3164.0,1567.0,1580.0,1576.0,1567.0,1567.0,1106.0,474.0,1095.0,472.0
1.0,3173.0,1566.0,1581.0,1567.0,1569.0,1569.0,1107.0,474.0,1097.0,469.0
1.0,3174.0,1570.0,1582.0,1569.0,1573.0,1573.0,1107.0,475.0,1099.0,471.0
1.0,3173.0,1583.0,1583.0,1573.0,1586.0,1586.0,1108.0,475.0,1108.0,475.0
1.0,3163.0,1602.0,1583.0,1586.0,1602.0,1602.0,1108.0,475.0,1122.0,480.0
1.0,3147.0,1617.0,1584.0,1602.0,1620.0,1620.0,1109.0,475.0,1130.0,487.0
1.0,3132.0,1630.0,1585.0,1620.0,1633.0,1633.0,1109.0,476.0,1142.0,488.0
1.0,3122.0,1633.0,1586.0,1633.0,1636.0,1636.0,1110.0,476.0,1143.0,490.0
1.0,3122.0,1636.0,1586.0,1636.0,1636.0,1636.0,1110.0,476.0,1146.0,490.0
1.0,3122.0,1624.0,1587.0,1636.0,1627.0,1627.0,1111.0,476.0,1137.0,487.0
1.0,3134.0,1616.0,1587.0,1627.0,1616.0,1616.0,1111.0,476.0,1130.0,486.0
1.0,3145.0,1596.0,1588.0,1616.0,1599.0,1599.0,1112.0,476.0,1117.0,479.0
1.0,3165.0,1585.0,1589.0,1599.0,1588.0,1588.0,1112.0,477.0,1110.0,475.0
1.0,3179.0,1573.0,1590.0,1588.0,1576.0,1576.0,1113.0,477.0,1101.0,472.0
1.0,3194.0,1575.0,1590.0,1576.0,1575.0,1575.0,1113.0,477.0,1103.0,472.0
1.0,3195.0,1582.0,1590.0,1575.0,1582.0,1582.0,1113.0,477.0,1105.0,477.0
1.0,3188.0,1594.0,1592.0,1582.0,1600.0,1600.0,1114.0,478.0,1117.0,477.0
1.0,3176.0,1607.0,1592.0,1600.0,1607.0,1607.0,1114.0,478.0,1125.0,482.0
1.0,3169.0,1626.0,1593.0,1607.0,1629.0,1629.0,1115.0,478.0,1139.0,487.0
1.0,3150.0,1636.0,1593.0,1629.0,1636.0,1636.0,1115.0,478.0,1145.0,491.0
1.0,3143.0,1645.0,1594.0,1636.0,1648.0,1648.0,1116.0,478.0,1149.0,496.0
1.0,3134.0,1644.0,1595.0,1648.0,1647.0,1647.0,1116.0,479.0,1152.0,492.0
1.0,3138.0,1633.0,1596.0,1647.0,1636.0,1636.0,1117.0,479.0,1143.0,490.0
1.0,3152.0,1622.0,1596.0,1636.0,1622.0,1622.0,1117.0,479.0,1136.0,486.0
1.0,3166.0,1604.0,1597.0,1622.0,1607.0,1607.0,1118.0,479.0,1123.0,481.0
1.0,3184.0,1596.0,1597.0,1607.0,1596.0,1596.0,1118.0,479.0,1116.0,480.0
1.0,3195.0,1582.0,1599.0,1596.0,1588.0,1588.0,1119.0,480.0,1107.0,475.0
1.0,3209.0,1584.0,1599.0,1588.0,1584.0,1584.0,1119.0,480.0,1110.0,474.0
1.0,3213.0,1587.0,1600.0,1584.0,1590.0,1590.0,1120.0,480.0,1111.0,476.0
1.0,3210.0,1603.0,1600.0,1590.0,1603.0,1603.0,1120.0,480.0,1123.0,480.0
1.0,3197.0,1619.0,1600.0,1603.0,1619.0,1619.0,1120.0,480.0,1131.0,488.0
1.0,3181.0,1635.0,1601.0,1619.0,1638.0,1638.0,1121.0,480.0,1145.0,490.0
1.0,3165.0,1644.0,1602.0,1638.0,1647.0,1647.0,1121.0,481.0,1151.0,493.0
1.0,3159.0,1654.0,1603.0,1647.0,1657.0,1657.0,1122.0,481.0,1159.0,495.0
1.0,3152.0,1650.0,1603.0,1657.0,1650.0,1650.0,1122.0,481.0,1155.0,495.0
1.0,3159.0,1644.0,1604.0,1650.0,1647.0,1647.0,1123.0,481.0,1149.0,495.0
1.0,3165.0,1630.0,1605.0,1647.0,1633.0,1633.0,1123.0,482.0,1142.0,488.0
1.0,3182.0,1613.0,1606.0,1633.0,1616.0,1616.0,1124.0,482.0,1129.0,484.0
1.0,3202.0,1602.0,1606.0,1616.0,1602.0,1602.0,1124.0,482.0,1122.0,480.0
1.0,3216.0,1590.0,1607.0,1602.0,1593.0,1593.0,1125.0,482.0,1113.0,477.0
1.0,3228.0,1596.0,1607.0,1593.0,1596.0,1596.0,1125.0,482.0,1116.0,480.0
1.0,3225.0,1596.0,1609.0,1596.0,1602.0,1602.0,1126.0,483.0,1117.0,479.0
1.0,3225.0,1612.0,1609.0,1602.0,1612.0,1612.0,1126.0,483.0,1129.0,483.0
1.0,3215.0,1624.0,1610.0,1612.0,1627.0,1627.0,1127.0,483.0,1137.0,487.0
1.0,3203.0,1643.0,1610.0,1627.0,1643.0,1643.0,1127.0,483.0,1151.0,492.0
1.0,3187.0,1656.0,1611.0,1643.0,1659.0,1659.0,1128.0,483.0,1157.0,499.0
1.0,3174.0,1663.0,1612.0,1659.0,1666.0,1666.0,1128.0,484.0,1165.0,498.0
1.0,3170.0,1659.0,1612.0,1666.0,1659.0,1659.0,1128.0,484.0,1161.0,498.0
1.0,3177.0,1653.0,1613.0,1659.0,1656.0,1656.0,1129.0,484.0,1158.0,495.0
1.0,3183.0,1639.0,1613.0,1656.0,1639.0,1639.0,1129.0,484.0,1145.0,494.0
1.0,3200.0,1621.0,1614.0,1639.0,1624.0,1624.0,1130.0,484.0,1135.0,486.0
1.0,3218.0,1610.0,1615.0,1624.0,1613.0,1613.0,1130.0,485.0,1128.0,482.0
1.0,3232.0,1599.0,1616.0,1613.0,1602.0,1602.0,1131.0,485.0,1119.0,480.0
1.0,3246.0,1601.0,1616.0,1602.0,1601.0,1601.0,1131.0,485.0,1122.0,479.0
1.0,3247.0,1604.0,1617.0,1601.0,1607.0,1607.0,1132.0,485.0,1123.0,481.0
1.0,3244.0,1623.0,1617.0,1607.0,1623.0,1623.0,1132.0,485.0,1135.0,488.0
1.0,3228.0,1633.0,1619.0,1623.0,1639.0,1639.0,1133.0,486.0,1143.0,490.0
1.0,3218.0,1652.0,1619.0,1639.0,1652.0,1652.0,1133.0,486.0,1157.0,495.0
1.0,3205.0,1662.0,1620.0,1652.0,1665.0,1665.0,1134.0,486.0,1163.0,499.0
1.0,3195.0,1671.0,1620.0,1665.0,1671.0,1671.0,1134.0,486.0,1171.0,500.0
1.0,3189.0,1670.0,1620.0,1671.0,1670.0,1670.0,1134.0,486.0,1167.0,503.0
1.0,3190.0,1662.0,1622.0,1670.0,1668.0,1668.0,1135.0,487.0,1164.0,498.0
1.0,3198.0,1646.0,1622.0,1668.0,1646.0,1646.0,1135.0,487.0,1152.0,494.0
1.0,3220.0,1633.0,1623.0,1646.0,1636.0,1636.0,1136.0,487.0,1144.0,489.0
1.0,3233.0,1616.0,1623.0,1636.0,1616.0,1616.0,1136.0,487.0,1131.0,485.0
1.0,3253.0,1610.0,1624.0,1616.0,1613.0,1613.0,1137.0,487.0,1125.0,485.0
1.0,3259.0,1610.0,1625.0,1613.0,1613.0,1613.0,1137.0,488.0,1128.0,482.0
1.0,3262.0,1613.0,1626.0,1613.0,1616.0,1616.0,1138.0,488.0,1129.0,484.0
1.0,3262.0,1629.0,1626.0,1616.0,1629.0,1629.0,1138.0,488.0,1141.0,488.0
1.0,3249.0,1642.0,1627.0,1629.0,1645.0,1645.0,1139.0,488.0,1149.0,493.0
1.0,3236.0,1663.0,1627.0,1645.0,1663.0,1663.0,1139.0,488.0,1163.0,500.0
1.0,3218.0,1670.0,1628.0,1663.0,1673.0,1673.0,1140.0,488.0,1169.0,501.0
1.0,3211.0,1680.0,1629.0,1673.0,1683.0,1683.0,1140.0,489.0,1177.0,503.0
1.0,3204.0,1676.0,1630.0,1683.0,1679.0,1679.0,1141.0,489.0,1173.0,503.0
1.0,3211.0,1670.0,1630.0,1679.0,1670.0,1670.0,1141.0,489.0,1170.0,500.0
1.0,3220.0,1657.0,1631.0,1670.0,1660.0,1660.0,1142.0,489.0,1158.0,499.0
1.0,3233.0,1642.0,1632.0,1660.0,1645.0,1645.0,1142.0,490.0,1150.0,492.0
1.0,3251.0,1626.0,1632.0,1645.0,1626.0,1626.0,1142.0,490.0,1138.0,488.0
1.0,3270.0,1619.0,1633.0,1626.0,1622.0,1622.0,1143.0,490.0,1134.0,485.0
1.0,3277.0,1616.0,1633.0,1622.0,1616.0,1616.0,1143.0,490.0,1131.0,485.0
1.0,3283.0,1625.0,1634.0,1616.0,1628.0,1628.0,1144.0,490.0,1135.0,490.0
1.0,3274.0,1637.0,1635.0,1628.0,1640.0,1640.0,1144.0,491.0,1147.0,490.0
1.0,3265.0,1650.0,1636.0,1640.0,1653.0,1653.0,1145.0,491.0,1155.0,495.0
1.0,3255.0,1669.0,1636.0,1653.0,1669.0,1669.0,1145.0,491.0,1169.0,500.0
1.0,3239.0,1679.0,1637.0,1669.0,1682.0,1682.0,1146.0,491.0,1175.0,504.0
1.0,3229.0,1692.0,1637.0,1682.0,1692.0,1692.0,1146.0,491.0,1183.0,509.0
1.0,3219.0,1684.0,1639.0,1692.0,1690.0,1690.0,1147.0,492.0,1179.0,505.0
1.0,3227.0,1679.0,1639.0,1690.0,1679.0,1679.0,1147.0,492.0,1176.0,503.0
1.0,3238.0,1663.0,1640.0,1679.0,1666.0,1666.0,1148.0,492.0,1164.0,499.0
1.0,3254.0,1653.0,1640.0,1666.0,1653.0,1653.0,1148.0,492.0,1156.0,497.0
1.0,3267.0,1634.0,1640.0,1653.0,1634.0,1634.0,1148.0,492.0,1144.0,490.0
1.0,3286.0,1629.0,1642.0,1634.0,1635.0,1635.0,1149.0,493.0,1141.0,488.0
1.0,3291.0,1624.0,1642.0,1635.0,1624.0,1624.0,1149.0,493.0,1137.0,487.0
1.0,3302.0,1630.0,1643.0,1624.0,1633.0,1633.0,1150.0,493.0,1141.0,489.0
1.0,3296.0,1646.0,1643.0,1633.0,1646.0,1646.0,1150.0,493.0,1153.0,493.0
1.0,3283.0,1662.0,1644.0,1646.0,1665.0,1665.0,1151.0,493.0,1161.0,501.0
1.0,3267.0,1679.0,1645.0,1665.0,1682.0,1682.0,1151.0,494.0,1176.0,503.0
1.0,3253.0,1687.0,1646.0,1682.0,1690.0,1690.0,1152.0,494.0,1181.0,506.0
1.0,3248.0,1697.0,1646.0,1690.0,1697.0,1697.0,1152.0,494.0,1189.0,508.0
1.0,3241.0,1693.0,1647.0,1697.0,1696.0,1696.0,1153.0,494.0,1185.0,508.0
1.0,3245.0,1690.0,1647.0,1696.0,1690.0,1690.0,1153.0,494.0,1182.0,508.0
1.0,3251.0,1671.0,1648.0,1690.0,1674.0,1674.0,1154.0,494.0,1170.0,501.0
1.0,3270.0,1659.0,1649.0,1674.0,1662.0,1662.0,1154.0,495.0,1162.0,497.0
1.0,3285.0,1643.0,1650.0,1662.0,1646.0,1646.0,1155.0,495.0,1150.0,493.0
1.0,3304.0,1637.0,1650.0,1646.0,1637.0,1637.0,1155.0,495.0,1147.0,490.0
1.0,3313.0,1636.0,1651.0,1637.0,1639.0,1639.0,1156.0,495.0,1143.0,493.0
1.0,3314.0,1642.0,1652.0,1639.0,1645.0,1645.0,1156.0,496.0,1150.0,492.0
1.0,3311.0,1652.0,1652.0,1645.0,1652.0,1652.0,1156.0,496.0,1156.0,496.0
1.0,3304.0,1670.0,1653.0,1652.0,1673.0,1673.0,1157.0,496.0,1170.0,500.0
1.0,3286.0,1687.0,1653.0,1673.0,1687.0,1687.0,1157.0,496.0,1179.0,508.0
1.0,3272.0,1696.0,1654.0,1687.0,1699.0,1699.0,1158.0,496.0,1187.0,509.0
1.0,3263.0,1706.0,1655.0,1699.0,1709.0,1709.0,1158.0,497.0,1195.0,511.0
1.0,3256.0,1702.0,1656.0,1709.0,1705.0,1705.0,1159.0,497.0,1191.0,511.0
1.0,3263.0,1696.0,1656.0,1705.0,1696.0,1696.0,1159.0,497.0,1188.0,508.0
1.0,3272.0,1680.0,1657.0,1696.0,1683.0,1683.0,1160.0,497.0,1176.0,504.0
1.0,3288.0,1670.0,1657.0,1683.0,1670.0,1670.0,1160.0,497.0,1168.0,502.0
1.0,3301.0,1651.0,1659.0,1670.0,1657.0,1657.0,1161.0,498.0,1156.0,495.0
1.0,3320.0,1646.0,1659.0,1657.0,1646.0,1646.0,1161.0,498.0,1153.0,493.0
1.0,3331.0,1641.0,1660.0,1646.0,1644.0,1644.0,1162.0,498.0,1149.0,492.0
1.0,3336.0,1650.0,1660.0,1644.0,1650.0,1650.0,1162.0,498.0,1156.0,494.0
1.0,3330.0,1663.0,1660.0,1650.0,1663.0,1663.0,1162.0,498.0,1162.0,501.0
1.0,3317.0,1679.0,1661.0,1663.0,1682.0,1682.0,1163.0,498.0,1176.0,503.0
1.0,3301.0,1693.0,1662.0,1682.0,1696.0,1696.0,1163.0,499.0,1185.0,508.0
1.0,3290.0,1709.0,1663.0,1696.0,1712.0,1712.0,1164.0,499.0,1197.0,512.0
1.0,3277.0,1711.0,1663.0,1712.0,1711.0,1711.0,1164.0,499.0,1198.0,513.0
1.0,3278.0,1713.0,1664.0,1711.0,1716.0,1716.0,1165.0,499.0,1197.0,516.0
1.0,3276.0,1705.0,1665.0,1716.0,1708.0,1708.0,1165.0,500.0,1194.0,511.0
1.0,3287.0,1689.0,1666.0,1708.0,1692.0,1692.0,1166.0,500.0,1182.0,507.0
1.0,3306.0,1676.0,1666.0,1692.0,1676.0,1676.0,1166.0,500.0,1174.0,502.0
1.0,3322.0,1660.0,1667.0,1676.0,1663.0,1663.0,1167.0,500.0,1162.0,498.0
1.0,3338.0,1657.0,1667.0,1663.0,1657.0,1657.0,1167.0,500.0,1159.0,498.0
1.0,3344.0,1650.0,1668.0,1657.0,1653.0,1653.0,1168.0,500.0,1155.0,495.0
1.0,3351.0,1659.0,1669.0,1653.0,1662.0,1662.0,1168.0,501.0,1162.0,497.0
1.0,3345.0,1669.0,1670.0,1662.0,1672.0,1672.0,1169.0,501.0,1168.0,501.0
1.0,3338.0,1689.0,1670.0,1672.0,1689.0,1689.0,1169.0,501.0,1183.0,506.0
1.0,3321.0,1704.0,1671.0,1689.0,1707.0,1707.0,1170.0,501.0,1191.0,513.0
1.0,3306.0,1717.0,1672.0,1707.0,1720.0,1720.0,1170.0,502.0,1203.0,514.0
1.0,3296.0,1720.0,1672.0,1720.0,1720.0,1720.0,1170.0,502.0,1204.0,516.0
1.0,3296.0,1722.0,1673.0,1720.0,1725.0,1725.0,1171.0,502.0,1206.0,516.0
1.0,3294.0,1710.0,1673.0,1725.0,1710.0,1710.0,1171.0,502.0,1197.0,513.0
1.0,3309.0,1700.0,1674.0,1710.0,1703.0,1703.0,1172.0,502.0,1188.0,512.0
1.0,3319.0,1685.0,1674.0,1703.0,1685.0,1685.0,1172.0,502.0,1180.0,505.0
1.0,3337.0,1669.0,1676.0,1685.0,1675.0,1675.0,1173.0,503.0,1168.0,501.0
1.0,3353.0,1663.0,1676.0,1675.0,1663.0,1663.0,1173.0,503.0,1165.0,498.0
1.0,3365.0,1659.0,1677.0,1663.0,1662.0,1662.0,1174.0,503.0,1161.0,498.0
1.0,3369.0,1672.0,1677.0,1662.0,1672.0,1672.0,1174.0,503.0,1169.0,503.0
1.0,3359.0,1677.0,1679.0,1672.0,1683.0,1683.0,1175.0,504.0,1174.0,503.0
1.0,3354.0,1697.0,1679.0,1683.0,1697.0,1697.0,1175.0,504.0,1189.0,508.0
1.0,3340.0,1710.0,1680.0,1697.0,1713.0,1713.0,1176.0,504.0,1197.0,513.0
1.0,3327.0,1726.0,1680.0,1713.0,1726.0,1726.0,1176.0,504.0,1209.0,517.0
1.0,3314.0,1732.0,1680.0,1726.0,1732.0,1732.0,1176.0,504.0,1210.0,522.0
1.0,3308.0,1730.0,1682.0,1732.0,1736.0,1736.0,1177.0,505.0,1212.0,518.0
1.0,3310.0,1719.0,1682.0,1736.0,1719.0,1719.0,1177.0,505.0,1203.0,516.0
1.0,3327.0,1706.0,1683.0,1719.0,1709.0,1709.0,1178.0,505.0,1194.0,512.0
1.0,3340.0,1693.0,1683.0,1709.0,1693.0,1693.0,1178.0,505.0,1186.0,507.0
1.0,3356.0,1680.0,1684.0,1693.0,1683.0,1683.0,1179.0,505.0,1174.0,506.0
1.0,3369.0,1672.0,1685.0,1683.0,1675.0,1675.0,1179.0,506.0,1171.0,501.0
1.0,3380.0,1667.0,1686.0,1675.0,1670.0,1670.0,1180.0,506.0,1167.0,500.0
1.0,3388.0,1677.0,1686.0,1670.0,1677.0,1677.0,1180.0,506.0,1175.0,502.0
1.0,3381.0,1686.0,1687.0,1677.0,1689.0,1689.0,1181.0,506.0,1180.0,506.0
1.0,3372.0,1709.0,1687.0,1689.0,1709.0,1709.0,1181.0,506.0,1195.0,514.0
1.0,3352.0,1719.0,1688.0,1709.0,1722.0,1722.0,1182.0,506.0,1203.0,516.0
1.0,3342.0,1734.0,1689.0,1722.0,1737.0,1737.0,1182.0,507.0,1215.0,519.0
1.0,3330.0,1737.0,1690.0,1737.0,1740.0,1740.0,1183.0,507.0,1216.0,521.0
1.0,3330.0,1739.0,1690.0,1740.0,1739.0,1739.0,1183.0,507.0,1218.0,521.0
1.0,3331.0,1730.0,1690.0,1739.0,1730.0,1730.0,1183.0,507.0,1209.0,521.0
1.0,3340.0,1717.0,1692.0,1730.0,1723.0,1723.0,1184.0,508.0,1203.0,514.0
1.0,3353.0,1699.0,1692.0,1723.0,1699.0,1699.0,1184.0,508.0,1189.0,510.0
1.0,3377.0,1686.0,1693.0,1699.0,1689.0,1689.0,1185.0,508.0,1180.0,506.0
1.0,3390.0,1680.0,1693.0,1689.0,1680.0,1680.0,1185.0,508.0,1177.0,503.0
1.0,3399.0,1679.0,1694.0,1680.0,1682.0,1682.0,1186.0,508.0,1173.0,506.0
1.0,3400.0,1686.0,1695.0,1682.0,1689.0,1689.0,1186.0,509.0,1181.0,505.0
1.0,3396.0,1696.0,1696.0,1689.0,1699.0,1699.0,1187.0,509.0,1187.0,509.0
1.0,3389.0,1714.0,1696.0,1699.0,1714.0,1714.0,1187.0,509.0,1201.0,513.0
1.0,3374.0,1727.0,1697.0,1714.0,1730.0,1730.0,1188.0,509.0,1209.0,518.0
1.0,3361.0,1746.0,1697.0,1730.0,1746.0,1746.0,1188.0,509.0,1221.0,525.0
1.0,3345.0,1746.0,1699.0,1746.0,1752.0,1752.0,1189.0,510.0,1222.0,524.0
1.0,3345.0,1749.0,1699.0,1752.0,1749.0,1749.0,1189.0,510.0,1225.0,524.0
1.0,3348.0,1736.0,1700.0,1749.0,1739.0,1739.0,1190.0,510.0,1215.0,521.0
1.0,3361.0,1729.0,1700.0,1739.0,1729.0,1729.0,1190.0,510.0,1209.0,520.0
1.0,3371.0,1707.0,1700.0,1729.0,1707.0,1707.0,1190.0,510.0,1195.0,512.0
1.0,3393.0,1697.0,1702.0,1707.0,1703.0,1703.0,1191.0,511.0,1189.0,508.0
1.0,3403.0,1686.0,1702.0,1703.0,1686.0,1686.0,1191.0,511.0,1180.0,506.0
1.0,3420.0,1684.0,1703.0,1686.0,1687.0,1687.0,1192.0,511.0,1179.0,505.0
1.0,3422.0,1694.0,1703.0,1687.0,1694.0,1694.0,1192.0,511.0,1187.0,507.0
1.0,3415.0,1707.0,1704.0,1694.0,1710.0,1710.0,1193.0,511.0,1193.0,514.0
1.0,3402.0,1723.0,1705.0,1710.0,1726.0,1726.0,1193.0,512.0,1207.0,516.0
1.0,3389.0,1736.0,1706.0,1726.0,1739.0,1739.0,1194.0,512.0,1215.0,521.0
1.0,3379.0,1752.0,1706.0,1739.0,1752.0,1752.0,1194.0,512.0,1227.0,525.0
1.0,3366.0,1754.0,1707.0,1752.0,1757.0,1757.0,1195.0,512.0,1228.0,526.0
1.0,3364.0,1760.0,1707.0,1757.0,1760.0,1760.0,1195.0,512.0,1231.0,529.0
1.0,3361.0,1746.0,1709.0,1760.0,1752.0,1752.0,1196.0,513.0,1222.0,524.0
1.0,3375.0,1735.0,1709.0,1752.0,1735.0,1735.0,1196.0,513.0,1215.0,520.0
1.0,3392.0,1716.0,1710.0,1735.0,1719.0,1719.0,1197.0,513.0,1201.0,515.0
1.0,3411.0,1706.0,1710.0,1719.0,1706.0,1706.0,1197.0,513.0,1195.0,511.0
1.0,3424.0,1697.0,1710.0,1706.0,1697.0,1697.0,1197.0,513.0,1186.0,511.0
1.0,3433.0,1696.0,1712.0,1697.0,1702.0,1702.0,1198.0,514.0,1188.0,508.0
1.0,3434.0,1700.0,1712.0,1702.0,1700.0,1700.0,1198.0,514.0,1190.0,510.0
1.0,3436.0,1716.0,1713.0,1700.0,1719.0,1719.0,1199.0,514.0,1202.0,514.0
1.0,3420.0,1729.0,1713.0,1719.0,1729.0,1729.0,1199.0,514.0,1210.0,519.0
1.0,3410.0,1747.0,1714.0,1729.0,1750.0,1750.0,1200.0,514.0,1221.0,526.0
1.0,3392.0,1760.0,1714.0,1750.0,1760.0,1760.0,1200.0,514.0,1233.0,527.0
1.0,3382.0,1763.0,1716.0,1760.0,1769.0,1769.0,1201.0,515.0,1234.0,529.0
1.0,3379.0,1766.0,1716.0,1769.0,1766.0,1766.0,1201.0,515.0,1237.0,529.0
1.0,3382.0,1754.0,1717.0,1766.0,1757.0,1757.0,1202.0,515.0,1228.0,526.0
1.0,3394.0,1746.0,1717.0,1757.0,1746.0,1746.0,1202.0,515.0,1221.0,525.0
1.0,3405.0,1726.0,1719.0,1746.0,1732.0,1732.0,1203.0,516.0,1208.0,518.0
1.0,3425.0,1715.0,1719.0,1732.0,1715.0,1715.0,1203.0,516.0,1201.0,514.0
1.0,3442.0,1703.0,1720.0,1715.0,1706.0,1706.0,1204.0,516.0,1192.0,511.0
1.0,3454.0,1705.0,1720.0,1706.0,1705.0,1705.0,1204.0,516.0,1194.0,511.0
1.0,3455.0,1712.0,1720.0,1705.0,1712.0,1712.0,1204.0,516.0,1196.0,516.0
1.0,3448.0,1724.0,1722.0,1712.0,1730.0,1730.0,1205.0,517.0,1208.0,516.0
1.0,3436.0,1737.0,1722.0,1730.0,1737.0,1737.0,1205.0,517.0,1216.0,521.0
1.0,3429.0,1753.0,1723.0,1737.0,1756.0,1756.0,1206.0,517.0,1227.0,526.0
1.0,3413.0,1769.0,1723.0,1756.0,1769.0,1769.0,1206.0,517.0,1239.0,530.0
1.0,3400.0,1775.0,1724.0,1769.0,1778.0,1778.0,1207.0,517.0,1240.0,535.0
1.0,3394.0,1774.0,1725.0,1778.0,1777.0,1777.0,1207.0,518.0,1243.0,531.0
1.0,3398.0,1763.0,1726.0,1777.0,1766.0,1766.0,1208.0,518.0,1234.0,529.0
1.0,3412.0,1752.0,1726.0,1766.0,1752.0,1752.0,1208.0,518.0,1227.0,525.0
1.0,3426.0,1737.0,1727.0,1752.0,1740.0,1740.0,1209.0,518.0,1214.0,523.0
1.0,3441.0,1723.0,1727.0,1740.0,1723.0,1723.0,1209.0,518.0,1207.0,516.0
1.0,3458.0,1712.0,1729.0,1723.0,1718.0,1718.0,1210.0,519.0,1198.0,514.0
1.0,3469.0,1714.0,1729.0,1718.0,1714.0,1714.0,1210.0,519.0,1201.0,513.0
1.0,3473.0,1717.0,1730.0,1714.0,1720.0,1720.0,1211.0,519.0,1202.0,515.0
1.0,3470.0,1733.0,1730.0,1720.0,1733.0,1733.0,1211.0,519.0,1214.0,519.0
1.0,3457.0,1749.0,1731.0,1733.0,1752.0,1752.0,1212.0,519.0,1222.0,527.0
1.0,3441.0,1765.0,1732.0,1752.0,1768.0,1768.0,1212.0,520.0,1236.0,529.0
1.0,3428.0,1774.0,1732.0,1768.0,1774.0,1774.0,1212.0,520.0,1242.0,532.0
1.0,3422.0,1784.0,1733.0,1774.0,1787.0,1787.0,1213.0,520.0,1250.0,534.0
1.0,3412.0,1780.0,1733.0,1787.0,1780.0,1780.0,1213.0,520.0,1246.0,534.0
1.0,3419.0,1774.0,1734.0,1780.0,1777.0,1777.0,1214.0,520.0,1240.0,534.0
1.0,3425.0,1760.0,1734.0,1777.0,1760.0,1760.0,1214.0,520.0,1233.0,527.0
1.0,3442.0,1743.0,1736.0,1760.0,1749.0,1749.0,1215.0,521.0,1220.0,523.0
1.0,3459.0,1732.0,1736.0,1749.0,1732.0,1732.0,1215.0,521.0,1213.0,519.0
1.0,3476.0,1720.0,1737.0,1732.0,1723.0,1723.0,1216.0,521.0,1204.0,516.0
1.0,3488.0,1726.0,1737.0,1723.0,1726.0,1726.0,1216.0,521.0,1207.0,519.0
1.0,3485.0,1726.0,1739.0,1726.0,1732.0,1732.0,1217.0,522.0,1208.0,518.0
1.0,3485.0,1742.0,1739.0,1732.0,1742.0,1742.0,1217.0,522.0,1220.0,522.0
1.0,3475.0,1754.0,1740.0,1742.0,1757.0,1757.0,1218.0,522.0,1228.0,526.0
1.0,3463.0,1776.0,1740.0,1757.0,1776.0,1776.0,1218.0,522.0,1242.0,534.0
1.0,3444.0,1783.0,1740.0,1776.0,1783.0,1783.0,1218.0,522.0,1248.0,535.0
1.0,3437.0,1793.0,1742.0,1783.0,1799.0,1799.0,1219.0,523.0,1256.0,537.0
1.0,3427.0,1789.0,1742.0,1799.0,1789.0,1789.0,1219.0,523.0,1252.0,537.0
1.0,3437.0,1783.0,1743.0,1789.0,1786.0,1786.0,1220.0,523.0,1249.0,534.0
1.0,3443.0,1766.0,1743.0,1786.0,1766.0,1766.0,1220.0,523.0,1236.0,530.0
1.0,3463.0,1754.0,1744.0,1766.0,1757.0,1757.0,1221.0,523.0,1226.0,528.0
1.0,3475.0,1740.0,1745.0,1757.0,1743.0,1743.0,1221.0,524.0,1219.0,521.0
1.0,3492.0,1729.0,1746.0,1743.0,1732.0,1732.0,1222.0,524.0,1210.0,519.0
1.0,3506.0,1731.0,1746.0,1732.0,1731.0,1731.0,1222.0,524.0,1213.0,518.0
1.0,3507.0,1734.0,1747.0,1731.0,1737.0,1737.0,1223.0,524.0,1214.0,520.0
1.0,3504.0,1753.0,1747.0,1737.0,1753.0,1753.0,1223.0,524.0,1226.0,527.0
1.0,3488.0,1763.0,1748.0,1753.0,1766.0,1766.0,1224.0,524.0,1234.0,529.0
1.0,3478.0,1782.0,1749.0,1766.0,1785.0,1785.0,1224.0,525.0,1248.0,534.0
1.0,3462.0,1792.0,1750.0,1785.0,1795.0,1795.0,1225.0,525.0,1254.0,538.0
1.0,3455.0,1801.0,1750.0,1795.0,1801.0,1801.0,1225.0,525.0,1262.0,539.0
1.0,3449.0,1800.0,1751.0,1801.0,1803.0,1803.0,1226.0,525.0,1258.0,542.0
1.0,3450.0,1792.0,1752.0,1803.0,1795.0,1795.0,1226.0,526.0,1255.0,537.0
1.0,3461.0,1776.0,1752.0,1795.0,1776.0,1776.0,1226.0,526.0,1243.0,533.0
1.0,3480.0,1763.0,1753.0,1776.0,1766.0,1766.0,1227.0,526.0,1235.0,528.0
1.0,3493.0,1746.0,1753.0,1766.0,1746.0,1746.0,1227.0,526.0,1222.0,524.0
1.0,3513.0,1740.0,1754.0,1746.0,1743.0,1743.0,1228.0,526.0,1216.0,524.0
1.0,3519.0,1740.0,1754.0,1743.0,1740.0,1740.0,1228.0,526.0,1219.0,521.0
1.0,3522.0,1743.0,1756.0,1740.0,1749.0,1749.0,1229.0,527.0,1220.0,523.0
1.0,3519.0,1759.0,1756.0,1749.0,1759.0,1759.0,1229.0,527.0,1232.0,527.0
1.0,3509.0,1772.0,1757.0,1759.0,1775.0,1775.0,1230.0,527.0,1240.0,532.0
1.0,3496.0,1793.0,1757.0,1775.0,1793.0,1793.0,1230.0,527.0,1254.0,539.0
1.0,3478.0,1800.0,1759.0,1793.0,1806.0,1806.0,1231.0,528.0,1260.0,540.0
1.0,3471.0,1810.0,1759.0,1806.0,1810.0,1810.0,1231.0,528.0,1268.0,542.0
1.0,3467.0,1806.0,1760.0,1810.0,1809.0,1809.0,1232.0,528.0,1264.0,542.0
1.0,3471.0,1800.0,1760.0,1809.0,1800.0,1800.0,1232.0,528.0,1261.0,539.0
1.0,3480.0,1787.0,1760.0,1800.0,1787.0,1787.0,1232.0,528.0,1249.0,538.0
1.0,3493.0,1772.0,1761.0,1787.0,1775.0,1775.0,1233.0,528.0,1241.0,531.0
1.0,3508.0,1756.0,1762.0,1775.0,1759.0,1759.0,1233.0,529.0,1229.0,527.0
1.0,3527.0,1749.0,1763.0,1759.0,1752.0,1752.0,1234.0,529.0,1225.0,524.0
1.0,3537.0,1746.0,1763.0,1752.0,1746.0,1746.0,1234.0,529.0,1222.0,524.0
1.0,3543.0,1755.0,1764.0,1746.0,1758.0,1758.0,1235.0,529.0,1226.0,529.0
1.0,3534.0,1767.0,1765.0,1758.0,1770.0,1770.0,1235.0,530.0,1238.0,529.0
1.0,3525.0,1780.0,1766.0,1770.0,1783.0,1783.0,1236.0,530.0,1246.0,534.0
1.0,3515.0,1799.0,1766.0,1783.0,1799.0,1799.0,1236.0,530.0,1260.0,539.0
1.0,3499.0,1809.0,1767.0,1799.0,1812.0,1812.0,1237.0,530.0,1266.0,543.0
1.0,3489.0,1822.0,1767.0,1812.0,1822.0,1822.0,1237.0,530.0,1274.0,548.0
1.0,3479.0,1814.0,1769.0,1822.0,1820.0,1820.0,1238.0,531.0,1270.0,544.0
1.0,3487.0,1809.0,1769.0,1820.0,1809.0,1809.0,1238.0,531.0,1267.0,542.0
1.0,3498.0,1793.0,1770.0,1809.0,1796.0,1796.0,1239.0,531.0,1255.0,538.0
1.0,3514.0,1780.0,1770.0,1796.0,1780.0,1780.0,1239.0,531.0,1247.0,533.0
1.0,3530.0,1767.0,1770.0,1780.0,1767.0,1767.0,1239.0,531.0,1235.0,532.0
1.0,3543.0,1759.0,1772.0,1767.0,1765.0,1765.0,1240.0,532.0,1232.0,527.0
1.0,3551.0,1754.0,1772.0,1765.0,1754.0,1754.0,1240.0,532.0,1228.0,526.0
1.0,3562.0,1763.0,1773.0,1754.0,1766.0,1766.0,1241.0,532.0,1235.0,528.0
1.0,3553.0,1773.0,1773.0,1766.0,1773.0,1773.0,1241.0,532.0,1241.0,532.0
1.0,3546.0,1792.0,1774.0,1773.0,1795.0,1795.0,1242.0,532.0,1252.0,540.0
1.0,3527.0,1809.0,1774.0,1795.0,1809.0,1809.0,1242.0,532.0,1267.0,542.0
1.0,3513.0,1817.0,1776.0,1809.0,1823.0,1823.0,1243.0,533.0,1272.0,545.0
1.0,3505.0,1827.0,1776.0,1823.0,1827.0,1827.0,1243.0,533.0,1280.0,547.0
1.0,3501.0,1823.0,1777.0,1827.0,1826.0,1826.0,1244.0,533.0,1276.0,547.0
1.0,3505.0,1820.0,1777.0,1826.0,1820.0,1820.0,1244.0,533.0,1273.0,547.0
1.0,3511.0,1801.0,1779.0,1820.0,1807.0,1807.0,1245.0,534.0,1261.0,540.0
1.0,3530.0,1789.0,1779.0,1807.0,1789.0,1789.0,1245.0,534.0,1253.0,536.0
1.0,3548.0,1773.0,1780.0,1789.0,1776.0,1776.0,1246.0,534.0,1241.0,532.0
1.0,3564.0,1767.0,1780.0,1776.0,1767.0,1767.0,1246.0,534.0,1238.0,529.0
1.0,3573.0,1766.0,1780.0,1767.0,1766.0,1766.0,1246.0,534.0,1234.0,532.0
1.0,3574.0,1772.0,1782.0,1766.0,1778.0,1778.0,1247.0,535.0,1241.0,531.0
1.0,3568.0,1782.0,1782.0,1778.0,1782.0,1782.0,1247.0,535.0,1247.0,535.0
1.0,3564.0,1797.0,1783.0,1782.0,1800.0,1800.0,1248.0,535.0,1258.0,539.0
1.0,3549.0,1817.0,1783.0,1800.0,1817.0,1817.0,1248.0,535.0,1273.0,544.0
1.0,3532.0,1829.0,1784.0,1817.0,1832.0,1832.0,1249.0,535.0,1278.0,551.0
1.0,3520.0,1836.0,1785.0,1832.0,1839.0,1839.0,1249.0,536.0,1286.0,550.0
1.0,3516.0,1832.0,1786.0,1839.0,1835.0,1835.0,1250.0,536.0,1282.0,550.0
1.0,3523.0,1826.0,1786.0,1835.0,1826.0,1826.0,1250.0,536.0,1279.0,547.0
1.0,3532.0,1813.0,1787.0,1826.0,1816.0,1816.0,1251.0,536.0,1267.0,546.0
1.0,3545.0,1797.0,1787.0,1816.0,1797.0,1797.0,1251.0,536.0,1259.0,538.0
1.0,3564.0,1781.0,1789.0,1797.0,1787.0,1787.0,1252.0,537.0,1247.0,534.0
1.0,3580.0,1776.0,1789.0,1787.0,1776.0,1776.0,1252.0,537.0,1244.0,532.0
1.0,3591.0,1771.0,1790.0,1776.0,1774.0,1774.0,1253.0,537.0,1240.0,531.0
1.0,3596.0,1780.0,1790.0,1774.0,1780.0,1780.0,1253.0,537.0,1247.0,533.0
1.0,3590.0,1793.0,1790.0,1780.0,1793.0,1793.0,1253.0,537.0,1253.0,540.0
1.0,3577.0,1809.0,1792.0,1793.0,1815.0,1815.0,1254.0,538.0,1267.0,542.0
1.0,3561.0,1823.0,1792.0,1815.0,1823.0,1823.0,1254.0,538.0,1276.0,547.0
1.0,3553.0,1839.0,1793.0,1823.0,1842.0,1842.0,1255.0,538.0,1288.0,551.0
1.0,3537.0,1841.0,1793.0,1842.0,1841.0,1841.0,1255.0,538.0,1289.0,552.0
1.0,3538.0,1843.0,1794.0,1841.0,1846.0,1846.0,1256.0,538.0,1288.0,555.0
1.0,3536.0,1835.0,1795.0,1846.0,1838.0,1838.0,1256.0,539.0,1285.0,550.0
1.0,3547.0,1819.0,1796.0,1838.0,1822.0,1822.0,1257.0,539.0,1273.0,546.0
1.0,3566.0,1806.0,1796.0,1822.0,1806.0,1806.0,1257.0,539.0,1265.0,541.0
1.0,3582.0,1790.0,1797.0,1806.0,1793.0,1793.0,1258.0,539.0,1253.0,537.0
1.0,3598.0,1787.0,1797.0,1793.0,1787.0,1787.0,1258.0,539.0,1250.0,537.0
1.0,3604.0,1780.0,1799.0,1787.0,1786.0,1786.0,1259.0,540.0,1246.0,534.0
1.0,3611.0,1789.0,1799.0,1786.0,1789.0,1789.0,1259.0,540.0,1253.0,536.0
1.0,3608.0,1799.0,1800.0,1789.0,1802.0,1802.0,1260.0,540.0,1259.0,540.0
1.0,3598.0,1819.0,1800.0,1802.0,1819.0,1819.0,1260.0,540.0,1274.0,545.0
1.0,3581.0,1834.0,1800.0,1819.0,1834.0,1834.0,1260.0,540.0,1282.0,552.0
1.0,3566.0,1847.0,1801.0,1834.0,1850.0,1850.0,1261.0,540.0,1294.0,553.0
1.0,3553.0,1850.0,1802.0,1850.0,1853.0,1853.0,1261.0,541.0,1295.0,555.0
1.0,3553.0,1852.0,1803.0,1853.0,1855.0,1855.0,1262.0,541.0,1297.0,555.0
1.0,3554.0,1840.0,1803.0,1855.0,1840.0,1840.0,1262.0,541.0,1288.0,552.0
1.0,3569.0,1830.0,1804.0,1840.0,1833.0,1833.0,1263.0,541.0,1279.0,551.0
1.0,3579.0,1815.0,1805.0,1833.0,1818.0,1818.0,1263.0,542.0,1271.0,544.0
1.0,3597.0,1799.0,1806.0,1818.0,1802.0,1802.0,1264.0,542.0,1259.0,540.0
1.0,3616.0,1793.0,1806.0,1802.0,1793.0,1793.0,1264.0,542.0,1256.0,537.0
1.0,3625.0,1789.0,1807.0,1793.0,1792.0,1792.0,1265.0,542.0,1252.0,537.0
1.0,3629.0,1802.0,1807.0,1792.0,1802.0,1802.0,1265.0,542.0,1260.0,542.0
1.0,3619.0,1807.0,1809.0,1802.0,1813.0,1813.0,1266.0,543.0,1265.0,542.0
1.0,3614.0,1827.0,1809.0,1813.0,1827.0,1827.0,1266.0,543.0,1280.0,547.0
1.0,3600.0,1840.0,1810.0,1827.0,1843.0,1843.0,1267.0,543.0,1288.0,552.0
1.0,3587.0,1856.0,1810.0,1843.0,1856.0,1856.0,1267.0,543.0,1300.0,556.0
1.0,3574.0,1862.0,1811.0,1856.0,1865.0,1865.0,1268.0,543.0,1301.0,561.0
1.0,3568.0,1860.0,1812.0,1865.0,1863.0,1863.0,1268.0,544.0,1303.0,557.0
1.0,3573.0,1849.0,1812.0,1863.0,1849.0,1849.0,1268.0,544.0,1294.0,555.0
1.0,3587.0,1839.0,1813.0,1849.0,1842.0,1842.0,1269.0,544.0,1288.0,551.0
1.0,3597.0,1823.0,1813.0,1842.0,1823.0,1823.0,1269.0,544.0,1274.0,549.0
1.0,3616.0,1807.0,1814.0,1823.0,1810.0,1810.0,1270.0,544.0,1265.0,542.0
1.0,3632.0,1802.0,1815.0,1810.0,1805.0,1805.0,1270.0,545.0,1262.0,540.0
1.0,3640.0,1797.0,1816.0,1805.0,1800.0,1800.0,1271.0,545.0,1258.0,539.0
1.0,3648.0,1807.0,1816.0,1800.0,1807.0,1807.0,1271.0,545.0,1266.0,541.0
1.0,3641.0,1816.0,1817.0,1807.0,1819.0,1819.0,1272.0,545.0,1271.0,545.0
1.0,3632.0,1839.0,1817.0,1819.0,1839.0,1839.0,1272.0,545.0,1286.0,553.0
1.0,3612.0,1849.0,1819.0,1839.0,1855.0,1855.0,1273.0,546.0,1294.0,555.0
1.0,3602.0,1864.0,1819.0,1855.0,1864.0,1864.0,1273.0,546.0,1306.0,558.0
1.0,3593.0,1867.0,1820.0,1864.0,1870.0,1870.0,1274.0,546.0,1307.0,560.0
1.0,3590.0,1869.0,1820.0,1870.0,1869.0,1869.0,1274.0,546.0,1309.0,560.0
1.0,3591.0,1860.0,1820.0,1869.0,1860.0,1860.0,1274.0,546.0,1300.0,560.0
1.0,3600.0,1847.0,1821.0,1860.0,1850.0,1850.0,1275.0,546.0,1294.0,553.0
1.0,3613.0,1829.0,1822.0,1850.0,1832.0,1832.0,1275.0,547.0,1280.0,549.0
1.0,3634.0,1816.0,1823.0,1832.0,1819.0,1819.0,1276.0,547.0,1271.0,545.0
1.0,3650.0,1810.0,1823.0,1819.0,1810.0,1810.0,1276.0,547.0,1268.0,542.0
1.0,3659.0,1809.0,1824.0,1810.0,1812.0,1812.0,1277.0,547.0,1264.0,545.0
1.0,3660.0,1816.0,1825.0,1812.0,1819.0,1819.0,1277.0,548.0,1272.0,544.0
1.0,3656.0,1826.0,1826.0,1819.0,1829.0,1829.0,1278.0,548.0,1278.0,548.0
1.0,3649.0,1844.0,1826.0,1829.0,1844.0,1844.0,1278.0,548.0,1292.0,552.0
1.0,3634.0,1860.0,1827.0,1844.0,1863.0,1863.0,1279.0,548.0,1300.0,560.0
1.0,3618.0,1873.0,1827.0,1863.0,1873.0,1873.0,1279.0,548.0,1312.0,561.0
1.0,3608.0,1876.0,1829.0,1873.0,1882.0,1882.0,1280.0,549.0,1313.0,563.0
1.0,3605.0,1879.0,1829.0,1882.0,1879.0,1879.0,1280.0,549.0,1316.0,563.0
1.0,3608.0,1866.0,1830.0,1879.0,1869.0,1869.0,1281.0,549.0,1306.0,560.0
1.0,3621.0,1856.0,1830.0,1869.0,1856.0,1856.0,1281.0,549.0,1300.0,556.0
1.0,3634.0,1840.0,1830.0,1856.0,1840.0,1840.0,1281.0,549.0,1286.0,554.0
1.0,3650.0,1827.0,1832.0,1840.0,1833.0,1833.0,1282.0,550.0,1280.0,547.0
1.0,3663.0,1816.0,1832.0,1833.0,1816.0,1816.0,1282.0,550.0,1271.0,545.0
1.0,3680.0,1814.0,1833.0,1816.0,1817.0,1817.0,1283.0,550.0,1270.0,544.0
1.0,3682.0,1824.0,1833.0,1817.0,1824.0,1824.0,1283.0,550.0,1278.0,546.0
1.0,3675.0,1837.0,1834.0,1824.0,1840.0,1840.0,1284.0,550.0,1284.0,553.0
1.0,3662.0,1853.0,1834.0,1840.0,1853.0,1853.0,1284.0,550.0,1298.0,555.0
1.0,3649.0,1866.0,1836.0,1853.0,1872.0,1872.0,1285.0,551.0,1306.0,560.0
1.0,3636.0,1882.0,1836.0,1872.0,1882.0,1882.0,1285.0,551.0,1318.0,564.0
1.0,3626.0,1884.0,1837.0,1882.0,1887.0,1887.0,1286.0,551.0,1319.0,565.0
1.0,3624.0,1890.0,1837.0,1887.0,1890.0,1890.0,1286.0,551.0,1322.0,568.0
1.0,3621.0,1876.0,1839.0,1890.0,1882.0,1882.0,1287.0,552.0,1313.0,563.0
1.0,3635.0,1865.0,1839.0,1882.0,1865.0,1865.0,1287.0,552.0,1306.0,559.0
1.0,3652.0,1846.0,1840.0,1865.0,1849.0,1849.0,1288.0,552.0,1292.0,554.0
1.0,3671.0,1836.0,1840.0,1849.0,1836.0,1836.0,1288.0,552.0,1286.0,550.0
1.0,3684.0,1827.0,1840.0,1836.0,1827.0,1827.0,1288.0,552.0,1277.0,550.0
1.0,3693.0,1826.0,1841.0,1827.0,1829.0,1829.0,1289.0,552.0,1279.0,547.0
1.0,3694.0,1830.0,1842.0,1829.0,1833.0,1833.0,1289.0,553.0,1281.0,549.0
1.0,3693.0,1843.0,1843.0,1833.0,1846.0,1846.0,1290.0,553.0,1290.0,553.0
1.0,3683.0,1862.0,1843.0,1846.0,1862.0,1862.0,1290.0,553.0,1304.0,558.0
1.0,3667.0,1877.0,1844.0,1862.0,1880.0,1880.0,1291.0,553.0,1312.0,565.0
1.0,3652.0,1890.0,1845.0,1880.0,1893.0,1893.0,1291.0,554.0,1324.0,566.0
1.0,3642.0,1893.0,1846.0,1893.0,1896.0,1896.0,1292.0,554.0,1325.0,568.0
1.0,3642.0,1896.0,1846.0,1896.0,1896.0,1896.0,1292.0,554.0,1328.0,568.0
1.0,3642.0,1884.0,1847.0,1896.0,1887.0,1887.0,1293.0,554.0,1319.0,565.0
1.0,3654.0,1876.0,1847.0,1887.0,1876.0,1876.0,1293.0,554.0,1312.0,564.0
1.0,3665.0,1856.0,1848.0,1876.0,1859.0,1859.0,1294.0,554.0,1299.0,557.0
1.0,3685.0,1845.0,1849.0,1859.0,1848.0,1848.0,1294.0,555.0,1292.0,553.0
1.0,3699.0,1833.0,1850.0,1848.0,1836.0,1836.0,1295.0,555.0,1283.0,550.0
1.0,3714.0,1835.0,1850.0,1836.0,1835.0,1835.0,1295.0,555.0,1285.0,550.0
1.0,3715.0,1842.0,1850.0,1835.0,1842.0,1842.0,1295.0,555.0,1287.0,555.0
1.0,3708.0,1854.0,1852.0,1842.0,1860.0,1860.0,1296.0,556.0,1299.0,555.0
1.0,3696.0,1867.0,1852.0,1860.0,1867.0,1867.0,1296.0,556.0,1307.0,560.0
1.0,3689.0,1886.0,1853.0,1867.0,1889.0,1889.0,1297.0,556.0,1321.0,565.0
1.0,3670.0,1896.0,1853.0,1889.0,1896.0,1896.0,1297.0,556.0,1327.0,569.0
1.0,3663.0,1905.0,1854.0,1896.0,1908.0,1908.0,1298.0,556.0,1331.0,574.0
1.0,3654.0,1904.0,1855.0,1908.0,1907.0,1907.0,1298.0,557.0,1334.0,570.0
1.0,3658.0,1893.0,1856.0,1907.0,1896.0,1896.0,1299.0,557.0,1325.0,568.0
1.0,3672.0,1882.0,1856.0,1896.0,1882.0,1882.0,1299.0,557.0,1318.0,564.0
1.0,3686.0,1864.0,1857.0,1882.0,1867.0,1867.0,1300.0,557.0,1305.0,559.0
1.0,3704.0,1856.0,1857.0,1867.0,1856.0,1856.0,1300.0,557.0,1298.0,558.0
1.0,3715.0,1842.0,1859.0,1856.0,1848.0,1848.0,1301.0,558.0,1289.0,553.0
1.0,3729.0,1843.0,1859.0,1848.0,1843.0,1843.0,1301.0,558.0,1291.0,552.0
1.0,3734.0,1847.0,1860.0,1843.0,1850.0,1850.0,1302.0,558.0,1293.0,554.0
1.0,3730.0,1863.0,1860.0,1850.0,1863.0,1863.0,1302.0,558.0,1305.0,558.0
1.0,3717.0,1879.0,1860.0,1863.0,1879.0,1879.0,1302.0,558.0,1313.0,566.0
1.0,3701.0,1895.0,1861.0,1879.0,1898.0,1898.0,1303.0,558.0,1327.0,568.0
1.0,3685.0,1904.0,1862.0,1898.0,1907.0,1907.0,1303.0,559.0,1333.0,571.0
1.0,3679.0,1910.0,1863.0,1907.0,1913.0,1913.0,1304.0,559.0,1337.0,573.0
1.0,3676.0,1913.0,1863.0,1913.0,1913.0,1913.0,1304.0,559.0,1340.0,573.0
1.0,3676.0,1904.0,1864.0,1913.0,1907.0,1907.0,1305.0,559.0,1331.0,573.0
1.0,3685.0,1890.0,1865.0,1907.0,1893.0,1893.0,1305.0,560.0,1324.0,566.0
1.0,3702.0,1873.0,1866.0,1893.0,1876.0,1876.0,1306.0,560.0,1311.0,562.0
1.0,3722.0,1862.0,1866.0,1876.0,1862.0,1862.0,1306.0,560.0,1304.0,558.0
1.0,3736.0,1850.0,1867.0,1862.0,1853.0,1853.0,1307.0,560.0,1295.0,555.0
1.0,3748.0,1856.0,1867.0,1853.0,1856.0,1856.0,1307.0,560.0,1298.0,558.0
1.0,3745.0,1856.0,1869.0,1856.0,1862.0,1862.0,1308.0,561.0,1299.0,557.0
1.0,3745.0,1872.0,1869.0,1862.0,1872.0,1872.0,1308.0,561.0,1311.0,561.0
1.0,3735.0,1884.0,1870.0,1872.0,1887.0,1887.0,1309.0,561.0,1319.0,565.0
1.0,3723.0,1903.0,1870.0,1887.0,1903.0,1903.0,1309.0,561.0,1333.0,570.0
1.0,3707.0,1916.0,1870.0,1903.0,1916.0,1916.0,1309.0,561.0,1339.0,577.0
1.0,3694.0,1923.0,1872.0,1916.0,1929.0,1929.0,1310.0,562.0,1347.0,576.0
1.0,3687.0,1919.0,1872.0,1929.0,1919.0,1919.0,1310.0,562.0,1343.0,576.0
1.0,3697.0,1910.0,1873.0,1919.0,1913.0,1913.0,1311.0,562.0,1337.0,573.0
1.0,3706.0,1902.0,1873.0,1913.0,1902.0,1902.0,1311.0,562.0,1330.0,572.0
1.0,3717.0,1881.0,1874.0,1902.0,1884.0,1884.0,1312.0,562.0,1317.0,564.0
1.0,3738.0,1870.0,1875.0,1884.0,1873.0,1873.0,1312.0,563.0,1310.0,560.0
1.0,3752.0,1859.0,1876.0,1873.0,1862.0,1862.0,1313.0,563.0,1301.0,558.0
1.0,3766.0,1861.0,1876.0,1862.0,1861.0,1861.0,1313.0,563.0,1304.0,557.0
1.0,3767.0,1864.0,1877.0,1861.0,1867.0,1867.0,1314.0,563.0,1305.0,559.0
1.0,3764.0,1883.0,1877.0,1867.0,1883.0,1883.0,1314.0,563.0,1317.0,566.0
1.0,3748.0,1893.0,1879.0,1883.0,1899.0,1899.0,1315.0,564.0,1325.0,568.0
1.0,3738.0,1912.0,1879.0,1899.0,1912.0,1912.0,1315.0,564.0,1339.0,573.0
1.0,3725.0,1922.0,1880.0,1912.0,1925.0,1925.0,1316.0,564.0,1345.0,577.0
1.0,3715.0,1931.0,1880.0,1925.0,1931.0,1931.0,1316.0,564.0,1353.0,578.0
1.0,3709.0,1930.0,1880.0,1931.0,1930.0,1930.0,1316.0,564.0,1349.0,581.0
1.0,3710.0,1922.0,1882.0,1930.0,1928.0,1928.0,1317.0,565.0,1346.0,576.0
1.0,3718.0,1906.0,1882.0,1928.0,1906.0,1906.0,1317.0,565.0,1334.0,572.0
1.0,3740.0,1890.0,1883.0,1906.0,1893.0,1893.0,1318.0,565.0,1323.0,567.0
1.0,3756.0,1879.0,1883.0,1893.0,1879.0,1879.0,1318.0,565.0,1316.0,563.0
1.0,3770.0,1870.0,1884.0,1879.0,1873.0,1873.0,1319.0,565.0,1307.0,563.0
1.0,3779.0,1870.0,1885.0,1873.0,1873.0,1873.0,1319.0,566.0,1310.0,560.0
1.0,3782.0,1873.0,1886.0,1873.0,1876.0,1876.0,1320.0,566.0,1311.0,562.0
1.0,3782.0,1889.0,1886.0,1876.0,1889.0,1889.0,1320.0,566.0,1323.0,566.0
1.0,3769.0,1902.0,1887.0,1889.0,1905.0,1905.0,1321.0,566.0,1331.0,571.0
1.0,3756.0,1923.0,1887.0,1905.0,1923.0,1923.0,1321.0,566.0,1345.0,578.0
1.0,3738.0,1930.0,1888.0,1923.0,1933.0,1933.0,1322.0,566.0,1351.0,579.0
1.0,3731.0,1940.0,1889.0,1933.0,1943.0,1943.0,1322.0,567.0,1359.0,581.0
1.0,3724.0,1936.0,1890.0,1943.0,1939.0,1939.0,1323.0,567.0,1355.0,581.0
1.0,3731.0,1930.0,1890.0,1939.0,1930.0,1930.0,1323.0,567.0,1352.0,578.0
1.0,3740.0,1917.0,1890.0,1930.0,1917.0,1917.0,1323.0,567.0,1340.0,577.0
1.0,3753.0,1902.0,1892.0,1917.0,1908.0,1908.0,1324.0,568.0,1332.0,570.0
1.0,3768.0,1886.0,1892.0,1908.0,1886.0,1886.0,1324.0,568.0,1320.0,566.0
1.0,3790.0,1876.0,1893.0,1886.0,1879.0,1879.0,1325.0,568.0,1313.0,563.0
1.0,3800.0,1879.0,1893.0,1879.0,1879.0,1879.0,1325.0,568.0,1316.0,563.0
1.0,3800.0,1885.0,1894.0,1879.0,1888.0,1888.0,1326.0,568.0,1317.0,568.0
1.0,3794.0,1897.0,1895.0,1888.0,1900.0,1900.0,1326.0,569.0,1329.0,568.0
1.0,3785.0,1910.0,1896.0,1900.0,1913.0,1913.0,1327.0,569.0,1337.0,573.0
1.0,3775.0,1929.0,1896.0,1913.0,1929.0,1929.0,1327.0,569.0,1351.0,578.0
1.0,3759.0,1939.0,1897.0,1929.0,1942.0,1942.0,1328.0,569.0,1357.0,582.0
1.0,3749.0,1952.0,1897.0,1942.0,1952.0,1952.0,1328.0,569.0,1365.0,587.0
1.0,3739.0,1944.0,1899.0,1952.0,1950.0,1950.0,1329.0,570.0,1361.0,583.0
1.0,3747.0,1939.0,1899.0,1950.0,1939.0,1939.0,1329.0,570.0,1358.0,581.0
1.0,3758.0,1923.0,1900.0,1939.0,1926.0,1926.0,1330.0,570.0,1346.0,577.0
1.0,3774.0,1913.0,1900.0,1926.0,1913.0,1913.0,1330.0,570.0,1338.0,575.0
1.0,3787.0,1894.0,1900.0,1913.0,1894.0,1894.0,1330.0,570.0,1326.0,568.0
1.0,3806.0,1889.0,1902.0,1894.0,1895.0,1895.0,1331.0,571.0,1323.0,566.0
1.0,3811.0,1884.0,1902.0,1895.0,1884.0,1884.0,1331.0,571.0,1319.0,565.0
1.0,3822.0,1890.0,1903.0,1884.0,1893.0,1893.0,1332.0,571.0,1323.0,567.0
1.0,3816.0,1906.0,1903.0,1893.0,1906.0,1906.0,1332.0,571.0,1335.0,571.0
1.0,3803.0,1922.0,1904.0,1906.0,1925.0,1925.0,1333.0,571.0,1343.0,579.0
1.0,3787.0,1939.0,1905.0,1925.0,1942.0,1942.0,1333.0,572.0,1358.0,581.0
1.0,3773.0,1947.0,1906.0,1942.0,1950.0,1950.0,1334.0,572.0,1363.0,584.0
1.0,3768.0,1957.0,1906.0,1950.0,1957.0,1957.0,1334.0,572.0,1371.0,586.0
1.0,3761.0,1953.0,1907.0,1957.0,1956.0,1956.0,1335.0,572.0,1367.0,586.0
1.0,3765.0,1950.0,1907.0,1956.0,1950.0,1950.0,1335.0,572.0,1364.0,586.0
1.0,3771.0,1931.0,1908.0,1950.0,1934.0,1934.0,1336.0,572.0,1352.0,579.0
1.0,3790.0,1919.0,1909.0,1934.0,1922.0,1922.0,1336.0,573.0,1344.0,575.0
1.0,3805.0,1903.0,1910.0,1922.0,1906.0,1906.0,1337.0,573.0,1332.0,571.0
1.0,3824.0,1897.0,1910.0,1906.0,1897.0,1897.0,1337.0,573.0,1329.0,568.0
1.0,3833.0,1896.0,1911.0,1897.0,1899.0,1899.0,1338.0,573.0,1325.0,571.0
1.0,3834.0,1902.0,1912.0,1899.0,1905.0,1905.0,1338.0,574.0,1332.0,570.0
1.0,3831.0,1912.0,1912.0,1905.0,1912.0,1912.0,1338.0,574.0,1338.0,574.0
1.0,3824.0,1930.0,1913.0,1912.0,1933.0,1933.0,1339.0,574.0,1352.0,578.0
1.0,3806.0,1947.0,1913.0,1933.0,1947.0,1947.0,1339.0,574.0,1361.0,586.0
1.0,3792.0,1956.0,1914.0,1947.0,1959.0,1959.0,1340.0,574.0,1369.0,587.0
1.0,3783.0,1966.0,1915.0,1959.0,1969.0,1969.0,1340.0,575.0,1377.0,589.0
1.0,3776.0,1962.0,1916.0,1969.0,1965.0,1965.0,1341.0,575.0,1373.0,589.0
1.0,3783.0,1956.0,1916.0,1965.0,1956.0,1956.0,1341.0,575.0,1370.0,586.0
1.0,3792.0,1940.0,1917.0,1956.0,1943.0,1943.0,1342.0,575.0,1358.0,582.0
1.0,3808.0,1930.0,1917.0,1943.0,1930.0,1930.0,1342.0,575.0,1350.0,580.0
1.0,3821.0,1911.0,1919.0,1930.0,1917.0,1917.0,1343.0,576.0,1338.0,573.0
1.0,3840.0,1906.0,1919.0,1917.0,1906.0,1906.0,1343.0,576.0,1335.0,571.0
1.0,3851.0,1901.0,1920.0,1906.0,1904.0,1904.0,1344.0,576.0,1331.0,570.0
1.0,3856.0,1910.0,1920.0,1904.0,1910.0,1910.0,1344.0,576.0,1338.0,572.0
1.0,3850.0,1923.0,1920.0,1910.0,1923.0,1923.0,1344.0,576.0,1344.0,579.0
1.0,3837.0,1939.0,1921.0,1923.0,1942.0,1942.0,1345.0,576.0,1358.0,581.0
1.0,3821.0,1953.0,1922.0,1942.0,1956.0,1956.0,1345.0,577.0,1367.0,586.0
1.0,3810.0,1969.0,1923.0,1956.0,1972.0,1972.0,1346.0,577.0,1379.0,590.0
1.0,3797.0,1971.0,1923.0,1972.0,1971.0,1971.0,1346.0,577.0,1380.0,591.0
1.0,3798.0,1973.0,1924.0,1971.0,1976.0,1976.0,1347.0,577.0,1379.0,594.0
1.0,3796.0,1965.0,1925.0,1976.0,1968.0,1968.0,1347.0,578.0,1376.0,589.0
1.0,3807.0,1949.0,1926.0,1968.0,1952.0,1952.0,1348.0,578.0,1364.0,585.0
1.0,3826.0,1936.0,1926.0,1952.0,1936.0,1936.0,1348.0,578.0,1356.0,580.0
1.0,3842.0,1920.0,1927.0,1936.0,1923.0,1923.0,1349.0,578.0,1344.0,576.0
1.0,3858.0,1917.0,1927.0,1923.0,1917.0,1917.0,1349.0,578.0,1341.0,576.0
1.0,3864.0,1910.0,1928.0,1917.0,1913.0,1913.0,1350.0,578.0,1337.0,573.0
1.0,3871.0,1919.0,1929.0,1913.0,1922.0,1922.0,1350.0,579.0,1344.0,575.0
1.0,3865.0,1929.0,1930.0,1922.0,1932.0,1932.0,1351.0,579.0,1350.0,579.0
1.0,3858.0,1949.0,1930.0,1932.0,1949.0,1949.0,1351.0,579.0,1365.0,584.0
1.0,3841.0,1964.0,1931.0,1949.0,1967.0,1967.0,1352.0,579.0,1373.0,591.0
1.0,3826.0,1977.0,1932.0,1967.0,1980.0,1980.0,1352.0,580.0,1385.0,592.0
1.0,3816.0,1980.0,1932.0,1980.0,1980.0,1980.0,1352.0,580.0,1386.0,594.0
1.0,3816.0,1982.0,1933.0,1980.0,1985.0,1985.0,1353.0,580.0,1388.0,594.0
1.0,3814.0,1970.0,1933.0,1985.0,1970.0,1970.0,1353.0,580.0,1379.0,591.0
1.0,3829.0,1960.0,1934.0,1970.0,1963.0,1963.0,1354.0,580.0,1370.0,590.0
1.0,3839.0,1945.0,1934.0,1963.0,1945.0,1945.0,1354.0,580.0,1362.0,583.0
1.0,3857.0,1929.0,1936.0,1945.0,1935.0,1935.0,1355.0,581.0,1350.0,579.0
1.0,3873.0,1923.0,1936.0,1935.0,1923.0,1923.0,1355.0,581.0,1347.0,576.0
1.0,3885.0,1919.0,1937.0,1923.0,1922.0,1922.0,1356.0,581.0,1343.0,576.0
1.0,3889.0,1932.0,1937.0,1922.0,1932.0,1932.0,1356.0,581.0,1351.0,581.0
1.0,3879.0,1937.0,1939.0,1932.0,1943.0,1943.0,1357.0,582.0,1356.0,581.0
1.0,3874.0,1957.0,1939.0,1943.0,1957.0,1957.0,1357.0,582.0,1371.0,586.0
1.0,3860.0,1970.0,1940.0,1957.0,1973.0,1973.0,1358.0,582.0,1379.0,591.0
1.0,3847.0,1986.0,1940.0,1973.0,1986.0,1986.0,1358.0,582.0,1391.0,595.0
1.0,3834.0,1992.0,1940.0,1986.0,1992.0,1992.0,1358.0,582.0,1392.0,600.0
1.0,3828.0,1990.0,1942.0,1992.0,1996.0,1996.0,1359.0,583.0,1394.0,596.0
1.0,3830.0,1979.0,1942.0,1996.0,1979.0,1979.0,1359.0,583.0,1385.0,594.0
1.0,3847.0,1966.0,1943.0,1979.0,1969.0,1969.0,1360.0,583.0,1376.0,590.0
1.0,3860.0,1953.0,1943.0,1969.0,1953.0,1953.0,1360.0,583.0,1368.0,585.0
1.0,3876.0,1940.0,1944.0,1953.0,1943.0,1943.0,1361.0,583.0,1356.0,584.0
1.0,3889.0,1932.0,1945.0,1943.0,1935.0,1935.0,1361.0,584.0,1353.0,579.0
1.0,3900.0,1927.0,1946.0,1935.0,1930.0,1930.0,1362.0,584.0,1349.0,578.0
1.0,3908.0,1937.0,1946.0,1930.0,1937.0,1937.0,1362.0,584.0,1357.0,580.0
1.0,3901.0,1946.0,1947.0,1937.0,1949.0,1949.0,1363.0,584.0,1362.0,584.0
1.0,3892.0,1969.0,1947.0,1949.0,1969.0,1969.0,1363.0,584.0,1377.0,592.0
1.0,3872.0,1979.0,1948.0,1969.0,1982.0,1982.0,1364.0,584.0,1385.0,594.0
1.0,3862.0,1994.0,1949.0,1982.0,1997.0,1997.0,1364.0,585.0,1397.0,597.0
1.0,3850.0,1997.0,1950.0,1997.0,2000.0,2000.0,1365.0,585.0,1398.0,599.0
1.0,3850.0,1999.0,1950.0,2000.0,1999.0,1999.0,1365.0,585.0,1400.0,599.0
1.0,3851.0,1990.0,1950.0,1999.0,1990.0,1990.0,1365.0,585.0,1391.0,599.0
1.0,3860.0,1977.0,1952.0,1990.0,1983.0,1983.0,1366.0,586.0,1385.0,592.0
1.0,3873.0,1959.0,1952.0,1983.0,1959.0,1959.0,1366.0,586.0,1371.0,588.0
1.0,3897.0,1946.0,1953.0,1959.0,1949.0,1949.0,1367.0,586.0,1362.0,584.0
1.0,3910.0,1940.0,1953.0,1949.0,1940.0,1940.0,1367.0,586.0,1359.0,581.0
1.0,3919.0,1939.0,1954.0,1940.0,1942.0,1942.0,1368.0,586.0,1355.0,584.0
1.0,3920.0,1946.0,1955.0,1942.0,1949.0,1949.0,1368.0,587.0,1363.0,583.0
1.0,3916.0,1956.0,1956.0,1949.0,1959.0,1959.0,1369.0,587.0,1369.0,587.0
1.0,3909.0,1974.0,1956.0,1959.0,1974.0,1974.0,1369.0,587.0,1383.0,591.0
1.0,3894.0,1987.0,1957.0,1974.0,1990.0,1990.0,1370.0,587.0,1391.0,596.0
1.0,3881.0,2006.0,1957.0,1990.0,2006.0,2006.0,1370.0,587.0,1403.0,603.0
1.0,3865.0,2006.0,1959.0,2006.0,2012.0,2012.0,1371.0,588.0,1404.0,602.0
1.0,3865.0,2009.0,1959.0,2012.0,2009.0,2009.0,1371.0,588.0,1407.0,602.0
1.0,3868.0,1996.0,1960.0,2009.0,1999.0,1999.0,1372.0,588.0,1397.0,599.0
1.0,3881.0,1989.0,1960.0,1999.0,1989.0,1989.0,1372.0,588.0,1391.0,598.0
1.0,3891.0,1967.0,1960.0,1989.0,1967.0,1967.0,1372.0,588.0,1377.0,590.0
1.0,3913.0,1957.0,1962.0,1967.0,1963.0,1963.0,1373.0,589.0,1371.0,586.0
1.0,3923.0,1946.0,1962.0,1963.0,1946.0,1946.0,1373.0,589.0,1362.0,584.0
1.0,3940.0,1944.0,1963.0,1946.0,1947.0,1947.0,1374.0,589.0,1361.0,583.0
1.0,3942.0,1954.0,1963.0,1947.0,1954.0,1954.0,1374.0,589.0,1369.0,585.0
1.0,3935.0,1967.0,1964.0,1954.0,1970.0,1970.0,1375.0,589.0,1375.0,592.0
1.0,3922.0,1983.0,1965.0,1970.0,1986.0,1986.0,1375.0,590.0,1389.0,594.0
1.0,3909.0,1996.0,1966.0,1986.0,1999.0,1999.0,1376.0,590.0,1397.0,599.0
1.0,3899.0,2012.0,1966.0,1999.0,2012.0,2012.0,1376.0,590.0,1409.0,603.0
1.0,3886.0,2014.0,1967.0,2012.0,2017.0,2017.0,1377.0,590.0,1410.0,604.0
1.0,3884.0,2020.0,1967.0,2017.0,2020.0,2020.0,1377.0,590.0,1413.0,607.0
1.0,3881.0,2006.0,1969.0,2020.0,2012.0,2012.0,1378.0,591.0,1404.0,602.0
1.0,3895.0,1995.0,1969.0,2012.0,1995.0,1995.0,1378.0,591.0,1397.0,598.0
1.0,3912.0,1976.0,1970.0,1995.0,1979.0,1979.0,1379.0,591.0,1383.0,593.0
1.0,3931.0,1966.0,1970.0,1979.0,1966.0,1966.0,1379.0,591.0,1377.0,589.0
1.0,3944.0,1957.0,1970.0,1966.0,1957.0,1957.0,1379.0,591.0,1368.0,589.0
1.0,3953.0,1956.0,1972.0,1957.0,1962.0,1962.0,1380.0,592.0,1370.0,586.0
1.0,3954.0,1960.0,1972.0,1962.0,1960.0,1960.0,1380.0,592.0,1372.0,588.0
1.0,3956.0,1976.0,1973.0,1960.0,1979.0,1979.0,1381.0,592.0,1384.0,592.0
1.0,3940.0,1989.0,1973.0,1979.0,1989.0,1989.0,1381.0,592.0,1392.0,597.0
1.0,3930.0,2007.0,1974.0,1989.0,2010.0,2010.0,1382.0,592.0,1403.0,604.0
1.0,3912.0,2020.0,1974.0,2010.0,2020.0,2020.0,1382.0,592.0,1415.0,605.0
1.0,3902.0,2023.0,1976.0,2020.0,2029.0,2029.0,1383.0,593.0,1416.0,607.0
1.0,3899.0,2026.0,1976.0,2029.0,2026.0,2026.0,1383.0,593.0,1419.0,607.0
1.0,3902.0,2014.0,1977.0,2026.0,2017.0,2017.0,1384.0,593.0,1410.0,604.0
1.0,3914.0,2006.0,1977.0,2017.0,2006.0,2006.0,1384.0,593.0,1403.0,603.0
1.0,3925.0,1986.0,1979.0,2006.0,1992.0,1992.0,1385.0,594.0,1390.0,596.0
1.0,3945.0,1975.0,1979.0,1992.0,1975.0,1975.0,1385.0,594.0,1383.0,592.0
1.0,3962.0,1963.0,1980.0,1975.0,1966.0,1966.0,1386.0,594.0,1374.0,589.0
1.0,3974.0,1965.0,1980.0,1966.0,1965.0,1965.0,1386.0,594.0,1376.0,589.0
1.0,3975.0,1972.0,1980.0,1965.0,1972.0,1972.0,1386.0,594.0,1378.0,594.0
1.0,3968.0,1984.0,1982.0,1972.0,1990.0,1990.0,1387.0,595.0,1390.0,594.0
1.0,3956.0,1997.0,1982.0,1990.0,1997.0,1997.0,1387.0,595.0,1398.0,599.0
1.0,3949.0,2013.0,1983.0,1997.0,2016.0,2016.0,1388.0,595.0,1409.0,604.0
1.0,3933.0,2029.0,1983.0,2016.0,2029.0,2029.0,1388.0,595.0,1421.0,608.0
1.0,3920.0,2035.0,1984.0,2029.0,2038.0,2038.0,1389.0,595.0,1422.0,613.0
1.0,3914.0,2034.0,1985.0,2038.0,2037.0,2037.0,1389.0,596.0,1425.0,609.0
1.0,3918.0,2023.0,1986.0,2037.0,2026.0,2026.0,1390.0,596.0,1416.0,607.0
1.0,3932.0,2012.0,1986.0,2026.0,2012.0,2012.0,1390.0,596.0,1409.0,603.0
1.0,3946.0,1997.0,1987.0,2012.0,2000.0,2000.0,1391.0,596.0,1396.0,601.0
1.0,3961.0,1983.0,1987.0,2000.0,1983.0,1983.0,1391.0,596.0,1389.0,594.0
1.0,3978.0,1972.0,1989.0,1983.0,1978.0,1978.0,1392.0,597.0,1380.0,592.0
1.0,3989.0,1973.0,1989.0,1978.0,1973.0,1973.0,1392.0,597.0,1382.0,591.0
1.0,3994.0,1977.0,1990.0,1973.0,1980.0,1980.0,1393.0,597.0,1384.0,593.0
1.0,3990.0,1993.0,1990.0,1980.0,1993.0,1993.0,1393.0,597.0,1396.0,597.0
1.0,3977.0,2009.0,1990.0,1993.0,2009.0,2009.0,1393.0,597.0,1404.0,605.0
1.0,3961.0,2025.0,1992.0,2009.0,2031.0,2031.0,1394.0,598.0,1418.0,607.0
1.0,3945.0,2034.0,1992.0,2031.0,2034.0,2034.0,1394.0,598.0,1424.0,610.0
1.0,3942.0,2040.0,1993.0,2034.0,2043.0,2043.0,1395.0,598.0,1428.0,612.0
1.0,3936.0,2043.0,1993.0,2043.0,2043.0,2043.0,1395.0,598.0,1431.0,612.0
1.0,3936.0,2034.0,1994.0,2043.0,2037.0,2037.0,1396.0,598.0,1422.0,612.0
1.0,3945.0,2020.0,1994.0,2037.0,2020.0,2020.0,1396.0,598.0,1415.0,605.0
1.0,3962.0,2003.0,1996.0,2020.0,2009.0,2009.0,1397.0,599.0,1402.0,601.0
1.0,3979.0,1992.0,1996.0,2009.0,1992.0,1992.0,1397.0,599.0,1395.0,597.0
1.0,3996.0,1980.0,1997.0,1992.0,1983.0,1983.0,1398.0,599.0,1386.0,594.0
1.0,4008.0,1986.0,1997.0,1983.0,1986.0,1986.0,1398.0,599.0,1389.0,597.0
1.0,4005.0,1986.0,1999.0,1986.0,1992.0,1992.0,1399.0,600.0,1390.0,596.0
1.0,4005.0,2002.0,1999.0,1992.0,2002.0,2002.0,1399.0,600.0,1402.0,600.0
1.0,3995.0,2014.0,2000.0,2002.0,2017.0,2017.0,1400.0,600.0,1410.0,604.0
1.0,3983.0,2036.0,2000.0,2017.0,2036.0,2036.0,1400.0,600.0,1424.0,612.0
1.0,3964.0,2043.0,2000.0,2036.0,2043.0,2043.0,1400.0,600.0,1430.0,613.0
1.0,3957.0,2053.0,2002.0,2043.0,2059.0,2059.0,1401.0,601.0,1438.0,615.0
1.0,3947.0,2049.0,2002.0,2059.0,2049.0,2049.0,1401.0,601.0,1434.0,615.0
1.0,3957.0,2040.0,2003.0,2049.0,2043.0,2043.0,1402.0,601.0,1428.0,612.0
1.0,3966.0,2029.0,2003.0,2043.0,2029.0,2029.0,1402.0,601.0,1421.0,608.0
1.0,3980.0,2014.0,2004.0,2029.0,2017.0,2017.0,1403.0,601.0,1408.0,606.0
1.0,3995.0,2000.0,2005.0,2017.0,2003.0,2003.0,1403.0,602.0,1401.0,599.0
1.0,4012.0,1989.0,2006.0,2003.0,1992.0,1992.0,1404.0,602.0,1392.0,597.0
1.0,4026.0,1991.0,2006.0,1992.0,1991.0,1991.0,1404.0,602.0,1395.0,596.0
1.0,4027.0,1994.0,2007.0,1991.0,1997.0,1997.0,1405.0,602.0,1396.0,598.0
1.0,4024.0,2013.0,2007.0,1997.0,2013.0,2013.0,1405.0,602.0,1408.0,605.0
1.0,4008.0,2023.0,2008.0,2013.0,2026.0,2026.0,1406.0,602.0,1416.0,607.0
1.0,3998.0,2042.0,2009.0,2026.0,2045.0,2045.0,1406.0,603.0,1430.0,612.0
1.0,3982.0,2052.0,2010.0,2045.0,2055.0,2055.0,1407.0,603.0,1436.0,616.0
1.0,3975.0,2061.0,2010.0,2055.0,2061.0,2061.0,1407.0,603.0,1444.0,617.0
1.0,3969.0,2060.0,2010.0,2061.0,2060.0,2060.0,1407.0,603.0,1440.0,620.0
1.0,3970.0,2052.0,2012.0,2060.0,2058.0,2058.0,1408.0,604.0,1437.0,615.0
1.0,3978.0,2036.0,2012.0,2058.0,2036.0,2036.0,1408.0,604.0,1425.0,611.0
1.0,4000.0,2020.0,2013.0,2036.0,2023.0,2023.0,1409.0,604.0,1414.0,606.0
1.0,4016.0,2009.0,2013.0,2023.0,2009.0,2009.0,1409.0,604.0,1407.0,602.0
1.0,4030.0,2000.0,2014.0,2009.0,2003.0,2003.0,1410.0,604.0,1398.0,602.0
1.0,4039.0,2000.0,2014.0,2003.0,2000.0,2000.0,1410.0,604.0,1401.0,599.0
1.0,4042.0,2003.0,2016.0,2000.0,2009.0,2009.0,1411.0,605.0,1402.0,601.0
1.0,4039.0,2019.0,2016.0,2009.0,2019.0,2019.0,1411.0,605.0,1414.0,605.0
1.0,4029.0,2032.0,2017.0,2019.0,2035.0,2035.0,1412.0,605.0,1422.0,610.0
1.0,4016.0,2053.0,2017.0,2035.0,2053.0,2053.0,1412.0,605.0,1436.0,617.0
1.0,3998.0,2060.0,2019.0,2053.0,2066.0,2066.0,1413.0,606.0,1442.0,618.0
1.0,3991.0,2070.0,2019.0,2066.0,2070.0,2070.0,1413.0,606.0,1450.0,620.0
1.0,3987.0,2066.0,2020.0,2070.0,2069.0,2069.0,1414.0,606.0,1446.0,620.0
1.0,3991.0,2060.0,2020.0,2069.0,2060.0,2060.0,1414.0,606.0,1443.0,617.0
1.0,4000.0,2047.0,2020.0,2060.0,2047.0,2047.0,1414.0,606.0,1431.0,616.0
1.0,4013.0,2032.0,2021.0,2047.0,2035.0,2035.0,1415.0,606.0,1423.0,609.0
1.0,4028.0,2016.0,2022.0,2035.0,2019.0,2019.0,1415.0,607.0,1411.0,605.0
1.0,4047.0,2006.0,2023.0,2019.0,2009.0,2009.0,1416.0,607.0,1404.0,602.0
1.0,4060.0,2009.0,2023.0,2009.0,2009.0,2009.0,1416.0,607.0,1407.0,602.0
1.0,4060.0,2015.0,2024.0,2009.0,2018.0,2018.0,1417.0,607.0,1408.0,607.0
1.0,4054.0,2027.0,2025.0,2018.0,2030.0,2030.0,1417.0,608.0,1420.0,607.0
1.0,4045.0,2040.0,2026.0,2030.0,2043.0,2043.0,1418.0,608.0,1428.0,612.0
1.0,4035.0,2059.0,2026.0,2043.0,2059.0,2059.0,1418.0,608.0,1442.0,617.0
1.0,4019.0,2069.0,2027.0,2059.0,2072.0,2072.0,1419.0,608.0,1448.0,621.0
1.0,4009.0,2082.0,2027.0,2072.0,2082.0,2082.0,1419.0,608.0,1456.0,626.0
1.0,3999.0,2074.0,2029.0,2082.0,2080.0,2080.0,1420.0,609.0,1452.0,622.0
1.0,4007.0,2069.0,2029.0,2080.0,2069.0,2069.0,1420.0,609.0,1449.0,620.0
1.0,4018.0,2053.0,2030.0,2069.0,2056.0,2056.0,1421.0,609.0,1437.0,616.0
1.0,4034.0,2040.0,2030.0,2056.0,2040.0,2040.0,1421.0,609.0,1429.0,611.0
1.0,4050.0,2027.0,2030.0,2040.0,2027.0,2027.0,1421.0,609.0,1417.0,610.0
1.0,4063.0,2019.0,2032.0,2027.0,2025.0,2025.0,1422.0,610.0,1414.0,605.0
1.0,4071.0,2014.0,2032.0,2025.0,2014.0,2014.0,1422.0,610.0,1410.0,604.0
1.0,4082.0,2023.0,2033.0,2014.0,2026.0,2026.0,1423.0,610.0,1417.0,606.0
1.0,4073.0,2033.0,2033.0,2026.0,2033.0,2033.0,1423.0,610.0,1423.0,610.0
1.0,4066.0,2052.0,2034.0,2033.0,2055.0,2055.0,1424.0,610.0,1434.0,618.0
1.0,4047.0,2069.0,2034.0,2055.0,2069.0,2069.0,1424.0,610.0,1449.0,620.0
1.0,4033.0,2077.0,2036.0,2069.0,2083.0,2083.0,1425.0,611.0,1454.0,623.0
1.0,4025.0,2087.0,2036.0,2083.0,2087.0,2087.0,1425.0,611.0,1462.0,625.0
1.0,4021.0,2083.0,2037.0,2087.0,2086.0,2086.0,1426.0,611.0,1458.0,625.0
1.0,4025.0,2080.0,2037.0,2086.0,2080.0,2080.0,1426.0,611.0,1455.0,625.0
1.0,4031.0,2061.0,2039.0,2080.0,2067.0,2067.0,1427.0,612.0,1443.0,618.0
1.0,4050.0,2049.0,2039.0,2067.0,2049.0,2049.0,1427.0,612.0,1435.0,614.0
1.0,4068.0,2033.0,2040.0,2049.0,2036.0,2036.0,1428.0,612.0,1423.0,610.0
1.0,4084.0,2027.0,2040.0,2036.0,2027.0,2027.0,1428.0,612.0,1420.0,607.0
1.0,4093.0,2026.0,2040.0,2027.0,2026.0,2026.0,1428.0,612.0,1416.0,610.0
1.0,4094.0,2032.0,2042.0,2026.0,2038.0,2038.0,1429.0,613.0,1423.0,609.0
1.0,4088.0,2042.0,2042.0,2038.0,2042.0,2042.0,1429.0,613.0,1429.0,613.0
1.0,4084.0,2057.0,2043.0,2042.0,2060.0,2060.0,1430.0,613.0,1440.0,617.0
1.0,4069.0,2077.0,2043.0,2060.0,2077.0,2077.0,1430.0,613.0,1455.0,622.0
1.0,4052.0,2089.0,2044.0,2077.0,2092.0,2092.0,1431.0,613.0,1460.0,629.0
1.0,4040.0,2096.0,2045.0,2092.0,2099.0,2099.0,1431.0,614.0,1468.0,628.0
1.0,4036.0,2092.0,2046.0,2099.0,2095.0,2095.0,1432.0,614.0,1464.0,628.0
1.0,4043.0,2086.0,2046.0,2095.0,2086.0,2086.0,1432.0,614.0,1461.0,625.0
1.0,4052.0,2073.0,2047.0,2086.0,2076.0,2076.0,1433.0,614.0,1449.0,624.0
1.0,4065.0,2057.0,2047.0,2076.0,2057.0,2057.0,1433.0,614.0,1441.0,616.0
1.0,4084.0,2041.0,2049.0,2057.0,2047.0,2047.0,1434.0,615.0,1429.0,612.0
1.0,4100.0,2036.0,2049.0,2047.0,2036.0,2036.0,1434.0,615.0,1426.0,610.0
1.0,4111.0,2031.0,2050.0,2036.0,2034.0,2034.0,1435.0,615.0,1422.0,609.0
1.0,4116.0,2040.0,2050.0,2034.0,2040.0,2040.0,1435.0,615.0,1429.0,611.0
1.0,4110.0,2053.0,2050.0,2040.0,2053.0,2053.0,1435.0,615.0,1435.0,618.0
1.0,4097.0,2069.0,2052.0,2053.0,2075.0,2075.0,1436.0,616.0,1449.0,620.0
1.0,4081.0,2083.0,2052.0,2075.0,2083.0,2083.0,1436.0,616.0,1458.0,625.0
1.0,4073.0,2099.0,2053.0,2083.0,2102.0,2102.0,1437.0,616.0,1470.0,629.0
1.0,4057.0,2101.0,2053.0,2102.0,2101.0,2101.0,1437.0,616.0,1471.0,630.0
1.0,4058.0,2103.0,2054.0,2101.0,2106.0,2106.0,1438.0,616.0,1470.0,633.0
1.0,4056.0,2095.0,2055.0,2106.0,2098.0,2098.0,1438.0,617.0,1467.0,628.0
1.0,4067.0,2079.0,2056.0,2098.0,2082.0,2082.0,1439.0,617.0,1455.0,624.0
1.0,4086.0,2066.0,2056.0,2082.0,2066.0,2066.0,1439.0,617.0,1447.0,619.0
1.0,4102.0,2050.0,2057.0,2066.0,2053.0,2053.0,1440.0,617.0,1435.0,615.0
1.0,4118.0,2047.0,2057.0,2053.0,2047.0,2047.0,1440.0,617.0,1432.0,615.0
1.0,4124.0,2040.0,2059.0,2047.0,2046.0,2046.0,1441.0,618.0,1428.0,612.0
1.0,4131.0,2049.0,2059.0,2046.0,2049.0,2049.0,1441.0,618.0,1435.0,614.0
1.0,4128.0,2059.0,2060.0,2049.0,2062.0,2062.0,1442.0,618.0,1441.0,618.0
1.0,4118.0,2079.0,2060.0,2062.0,2079.0,2079.0,1442.0,618.0,1456.0,623.0
1.0,4101.0,2094.0,2060.0,2079.0,2094.0,2094.0,1442.0,618.0,1464.0,630.0
1.0,4086.0,2107.0,2061.0,2094.0,2110.0,2110.0,1443.0,618.0,1476.0,631.0
1.0,4073.0,2110.0,2062.0,2110.0,2113.0,2113.0,1443.0,619.0,1477.0,633.0
1.0,4073.0,2112.0,2063.0,2113.0,2115.0,2115.0,1444.0,619.0,1479.0,633.0
1.0,4074.0,2100.0,2063.0,2115.0,2100.0,2100.0,1444.0,619.0,1470.0,630.0
1.0,4089.0,2090.0,2064.0,2100.0,2093.0,2093.0,1445.0,619.0,1461.0,629.0
1.0,4099.0,2075.0,2065.0,2093.0,2078.0,2078.0,1445.0,620.0,1453.0,622.0
1.0,4117.0,2059.0,2066.0,2078.0,2062.0,2062.0,1446.0,620.0,1441.0,618.0
1.0,4136.0,2053.0,2066.0,2062.0,2053.0,2053.0,1446.0,620.0,1438.0,615.0
1.0,4145.0,2049.0,2067.0,2053.0,2052.0,2052.0,1447.0,620.0,1434.0,615.0
1.0,4149.0,2062.0,2067.0,2052.0,2062.0,2062.0,1447.0,620.0,1442.0,620.0
1.0,4139.0,2067.0,2069.0,2062.0,2073.0,2073.0,1448.0,621.0,1447.0,620.0
1.0,4134.0,2087.0,2069.0,2073.0,2087.0,2087.0,1448.0,621.0,1462.0,625.0
1.0,4120.0,2100.0,2070.0,2087.0,2103.0,2103.0,1449.0,621.0,1470.0,630.0
1.0,4107.0,2116.0,2070.0,2103.0,2116.0,2116.0,1449.0,621.0,1482.0,634.0
1.0,4094.0,2122.0,2071.0,2116.0,2125.0,2125.0,1450.0,621.0,1483.0,639.0
1.0,4088.0,2120.0,2072.0,2125.0,2123.0,2123.0,1450.0,622.0,1485.0,635.0
1.0,4093.0,2109.0,2072.0,2123.0,2109.0,2109.0,1450.0,622.0,1476.0,633.0
1.0,4107.0,2099.0,2073.0,2109.0,2102.0,2102.0,1451.0,622.0,1470.0,629.0
1.0,4117.0,2083.0,2073.0,2102.0,2083.0,2083.0,1451.0,622.0,1456.0,627.0
1.0,4136.0,2067.0,2074.0,2083.0,2070.0,2070.0,1452.0,622.0,1447.0,620.0
1.0,4152.0,2062.0,2075.0,2070.0,2065.0,2065.0,1452.0,623.0,1444.0,618.0
1.0,4160.0,2057.0,2076.0,2065.0,2060.0,2060.0,1453.0,623.0,1440.0,617.0
1.0,4168.0,2067.0,2076.0,2060.0,2067.0,2067.0,1453.0,623.0,1448.0,619.0
1.0,4161.0,2076.0,2077.0,2067.0,2079.0,2079.0,1454.0,623.0,1453.0,623.0
1.0,4152.0,2099.0,2077.0,2079.0,2099.0,2099.0,1454.0,623.0,1468.0,631.0
1.0,4132.0,2109.0,2079.0,2099.0,2115.0,2115.0,1455.0,624.0,1476.0,633.0
1.0,4122.0,2124.0,2079.0,2115.0,2124.0,2124.0,1455.0,624.0,1488.0,636.0
1.0,4113.0,2127.0,2080.0,2124.0,2130.0,2130.0,1456.0,624.0,1489.0,638.0
1.0,4110.0,2129.0,2080.0,2130.0,2129.0,2129.0,1456.0,624.0,1491.0,638.0
1.0,4111.0,2120.0,2080.0,2129.0,2120.0,2120.0,1456.0,624.0,1482.0,638.0
1.0,4120.0,2107.0,2081.0,2120.0,2110.0,2110.0,1457.0,624.0,1476.0,631.0
1.0,4133.0,2089.0,2082.0,2110.0,2092.0,2092.0,1457.0,625.0,1462.0,627.0
1.0,4154.0,2076.0,2083.0,2092.0,2079.0,2079.0,1458.0,625.0,1453.0,623.0
1.0,4170.0,2070.0,2083.0,2079.0,2070.0,2070.0,1458.0,625.0,1450.0,620.0
1.0,4179.0,2069.0,2084.0,2070.0,2072.0,2072.0,1459.0,625.0,1446.0,623.0
1.0,4180.0,2076.0,2085.0,2072.0,2079.0,2079.0,1459.0,626.0,1454.0,622.0
1.0,4176.0,2086.0,2086.0,2079.0,2089.0,2089.0,1460.0,626.0,1460.0,626.0
1.0,4169.0,2104.0,2086.0,2089.0,2104.0,2104.0,1460.0,626.0,1474.0,630.0
1.0,4154.0,2120.0,2087.0,2104.0,2123.0,2123.0,1461.0,626.0,1482.0,638.0
1.0,4138.0,2133.0,2087.0,2123.0,2133.0,2133.0,1461.0,626.0,1494.0,639.0
1.0,4128.0,2136.0,2089.0,2133.0,2142.0,2142.0,1462.0,627.0,1495.0,641.0
1.0,4125.0,2139.0,2089.0,2142.0,2139.0,2139.0,1462.0,627.0,1498.0,641.0
1.0,4128.0,2126.0,2090.0,2139.0,2129.0,2129.0,1463.0,627.0,1488.0,638.0
1.0,4141.0,2116.0,2090.0,2129.0,2116.0,2116.0,1463.0,627.0,1482.0,634.0
1.0,4154.0,2100.0,2090.0,2116.0,2100.0,2100.0,1463.0,627.0,1468.0,632.0
1.0,4170.0,2087.0,2092.0,2100.0,2093.0,2093.0,1464.0,628.0,1462.0,625.0
1.0,4183.0,2076.0,2092.0,2093.0,2076.0,2076.0,1464.0,628.0,1453.0,623.0
1.0,4200.0,2074.0,2093.0,2076.0,2077.0,2077.0,1465.0,628.0,1452.0,622.0
1.0,4202.0,2084.0,2093.0,2077.0,2084.0,2084.0,1465.0,628.0,1460.0,624.0
1.0,4195.0,2097.0,2094.0,2084.0,2100.0,2100.0,1466.0,628.0,1466.0,631.0
1.0,4182.0,2113.0,2094.0,2100.0,2113.0,2113.0,1466.0,628.0,1480.0,633.0
1.0,4169.0,2126.0,2096.0,2113.0,2132.0,2132.0,1467.0,629.0,1488.0,638.0
1.0,4156.0,2142.0,2096.0,2132.0,2142.0,2142.0,1467.0,629.0,1500.0,642.0
1.0,4146.0,2144.0,2097.0,2142.0,2147.0,2147.0,1468.0,629.0,1501.0,643.0
1.0,4144.0,2150.0,2097.0,2147.0,2150.0,2150.0,1468.0,629.0,1504.0,646.0
1.0,4141.0,2136.0,2099.0,2150.0,2142.0,2142.0,1469.0,630.0,1495.0,641.0
1.0,4155.0,2125.0,2099.0,2142.0,2125.0,2125.0,1469.0,630.0,1488.0,637.0
1.0,4172.0,2106.0,2100.0,2125.0,2109.0,2109.0,1470.0,630.0,1474.0,632.0
1.0,4191.0,2096.0,2100.0,2109.0,2096.0,2096.0,1470.0,630.0,1468.0,628.0
1.0,4204.0,2087.0,2100.0,2096.0,2087.0,2087.0,1470.0,630.0,1459.0,628.0
1.0,4213.0,2086.0,2101.0,2087.0,2089.0,2089.0,1471.0,630.0,1461.0,625.0
1.0,4214.0,2090.0,2102.0,2089.0,2093.0,2093.0,1471.0,631.0,1463.0,627.0
1.0,4213.0,2103.0,2103.0,2093.0,2106.0,2106.0,1472.0,631.0,1472.0,631.0
1.0,4203.0,2122.0,2103.0,2106.0,2122.0,2122.0,1472.0,631.0,1486.0,636.0
1.0,4187.0,2137.0,2104.0,2122.0,2140.0,2140.0,1473.0,631.0,1494.0,643.0
1.0,4172.0,2150.0,2105.0,2140.0,2153.0,2153.0,1473.0,632.0,1506.0,644.0
1.0,4162.0,2153.0,2106.0,2153.0,2156.0,2156.0,1474.0,632.0,1507.0,646.0
1.0,4162.0,2156.0,2106.0,2156.0,2156.0,2156.0,1474.0,632.0,1510.0,646.0
1.0,4162.0,2144.0,2107.0,2156.0,2147.0,2147.0,1475.0,632.0,1501.0,643.0
1.0,4174.0,2136.0,2107.0,2147.0,2136.0,2136.0,1475.0,632.0,1494.0,642.0
1.0,4185.0,2116.0,2108.0,2136.0,2119.0,2119.0,1476.0,632.0,1481.0,635.0
1.0,4205.0,2105.0,2109.0,2119.0,2108.0,2108.0,1476.0,633.0,1474.0,631.0
1.0,4219.0,2093.0,2110.0,2108.0,2096.0,2096.0,1477.0,633.0,1465.0,628.0
1.0,4234.0,2095.0,2110.0,2096.0,2095.0,2095.0,1477.0,633.0,1467.0,628.0
1.0,4235.0,2102.0,2110.0,2095.0,2102.0,2102.0,1477.0,633.0,1469.0,633.0
1.0,4228.0,2114.0,2112.0,2102.0,2120.0,2120.0,1478.0,634.0,1481.0,633.0
1.0,4216.0,2127.0,2112.0,2120.0,2127.0,2127.0,1478.0,634.0,1489.0,638.0
1.0,4209.0,2146.0,2113.0,2127.0,2149.0,2149.0,1479.0,634.0,1503.0,643.0
1.0,4190.0,2156.0,2113.0,2149.0,2156.0,2156.0,1479.0,634.0,1509.0,647.0
1.0,4183.0,2165.0,2114.0,2156.0,2168.0,2168.0,1480.0,634.0,1513.0,652.0
1.0,4174.0,2164.0,2115.0,2168.0,2167.0,2167.0,1480.0,635.0,1516.0,648.0
1.0,4178.0,2153.0,2116.0,2167.0,2156.0,2156.0,1481.0,635.0,1507.0,646.0
1.0,4192.0,2142.0,2116.0,2156.0,2142.0,2142.0,1481.0,635.0,1500.0,642.0
1.0,4206.0,2124.0,2117.0,2142.0,2127.0,2127.0,1482.0,635.0,1487.0,637.0
1.0,4224.0,2116.0,2117.0,2127.0,2116.0,2116.0,1482.0,635.0,1480.0,636.0
1.0,4235.0,2102.0,2119.0,2116.0,2108.0,2108.0,1483.0,636.0,1471.0,631.0
1.0,4249.0,2103.0,2119.0,2108.0,2103.0,2103.0,1483.0,636.0,1473.0,630.0
1.0,4254.0,2107.0,2120.0,2103.0,2110.0,2110.0,1484.0,636.0,1475.0,632.0
1.0,4250.0,2123.0,2120.0,2110.0,2123.0,2123.0,1484.0,636.0,1487.0,636.0
1.0,4237.0,2139.0,2120.0,2123.0,2139.0,2139.0,1484.0,636.0,1495.0,644.0
1.0,4221.0,2155.0,2121.0,2139.0,2158.0,2158.0,1485.0,636.0,1509.0,646.0
1.0,4205.0,2164.0,2122.0,2158.0,2167.0,2167.0,1485.0,637.0,1515.0,649.0
1.0,4199.0,2170.0,2123.0,2167.0,2173.0,2173.0,1486.0,637.0,1519.0,651.0
1.0,4196.0,2173.0,2123.0,2173.0,2173.0,2173.0,1486.0,637.0,1522.0,651.0
1.0,4196.0,2164.0,2124.0,2173.0,2167.0,2167.0,1487.0,637.0,1513.0,651.0
1.0,4205.0,2150.0,2125.0,2167.0,2153.0,2153.0,1487.0,638.0,1506.0,644.0
1.0,4222.0,2133.0,2126.0,2153.0,2136.0,2136.0,1488.0,638.0,1493.0,640.0
1.0,4242.0,2122.0,2126.0,2136.0,2122.0,2122.0,1488.0,638.0,1486.0,636.0
1.0,4256.0,2110.0,2127.0,2122.0,2113.0,2113.0,1489.0,638.0,1477.0,633.0
1.0,4268.0,2116.0,2127.0,2113.0,2116.0,2116.0,1489.0,638.0,1480.0,636.0
1.0,4265.0,2116.0,2129.0,2116.0,2122.0,2122.0,1490.0,639.0,1481.0,635.0
1.0,4265.0,2132.0,2129.0,2122.0,2132.0,2132.0,1490.0,639.0,1493.0,639.0
1.0,4255.0,2144.0,2130.0,2132.0,2147.0,2147.0,1491.0,639.0,1501.0,643.0
1.0,4243.0,2163.0,2130.0,2147.0,2163.0,2163.0,1491.0,639.0,1515.0,648.0
1.0,4227.0,2176.0,2130.0,2163.0,2176.0,2176.0,1491.0,639.0,1521.0,655.0
1.0,4214.0,2183.0,2132.0,2176.0,2189.0,2189.0,1492.0,640.0,1529.0,654.0
1.0,4207.0,2179.0,2132.0,2189.0,2179.0,2179.0,1492.0,640.0,1525.0,654.0
1.0,4217.0,2170.0,2133.0,2179.0,2173.0,2173.0,1493.0,640.0,1519.0,651.0
1.0,4226.0,2162.0,2133.0,2173.0,2162.0,2162.0,1493.0,640.0,1512.0,650.0
1.0,4237.0,2141.0,2134.0,2162.0,2144.0,2144.0,1494.0,640.0,1499.0,642.0
1.0,4258.0,2130.0,2135.0,2144.0,2133.0,2133.0,1494.0,641.0,1492.0,638.0
1.0,4272.0,2119.0,2136.0,2133.0,2122.0,2122.0,1495.0,641.0,1483.0,636.0
1.0,4286.0,2121.0,2136.0,2122.0,2121.0,2121.0,1495.0,641.0,1486.0,635.0
1.0,4287.0,2124.0,2137.0,2121.0,2127.0,2127.0,1496.0,641.0,1487.0,637.0
1.0,4284.0,2143.0,2137.0,2127.0,2143.0,2143.0,1496.0,641.0,1499.0,644.0
1.0,4268.0,2153.0,2139.0,2143.0,2159.0,2159.0,1497.0,642.0,1507.0,646.0
1.0,4258.0,2172.0,2139.0,2159.0,2172.0,2172.0,1497.0,642.0,1521.0,651.0
1.0,4245.0,2182.0,2140.0,2172.0,2185.0,2185.0,1498.0,642.0,1527.0,655.0
1.0,4235.0,2191.0,2140.0,2185.0,2191.0,2191.0,1498.0,642.0,1535.0,656.0
1.0,4229.0,2190.0,2140.0,2191.0,2190.0,2190.0,1498.0,642.0,1531.0,659.0
1.0,4230.0,2182.0,2142.0,2190.0,2188.0,2188.0,1499.0,643.0,1528.0,654.0
1.0,4238.0,2165.0,2142.0,2188.0,2165.0,2165.0,1499.0,643.0,1515.0,650.0
1.0,4261.0,2150.0,2143.0,2165.0,2153.0,2153.0,1500.0,643.0,1505.0,645.0
1.0,4276.0,2139.0,2143.0,2153.0,2139.0,2139.0,1500.0,643.0,1498.0,641.0
1.0,4290.0,2130.0,2144.0,2139.0,2133.0,2133.0,1501.0,643.0,1489.0,641.0
1.0,4299.0,2130.0,2145.0,2133.0,2133.0,2133.0,1501.0,644.0,1492.0,638.0
1.0,4302.0,2133.0,2146.0,2133.0,2136.0,2136.0,1502.0,644.0,1493.0,640.0
1.0,4302.0,2149.0,2146.0,2136.0,2149.0,2149.0,1502.0,644.0,1505.0,644.0
1.0,4289.0,2162.0,2147.0,2149.0,2165.0,2165.0,1503.0,644.0,1513.0,649.0
1.0,4276.0,2183.0,2147.0,2165.0,2183.0,2183.0,1503.0,644.0,1527.0,656.0
1.0,4258.0,2190.0,2148.0,2183.0,2193.0,2193.0,1504.0,644.0,1533.0,657.0
1.0,4251.0,2200.0,2149.0,2193.0,2203.0,2203.0,1504.0,645.0,1541.0,659.0
1.0,4244.0,2196.0,2149.0,2203.0,2196.0,2196.0,1504.0,645.0,1537.0,659.0
1.0,4251.0,2190.0,2150.0,2196.0,2193.0,2193.0,1505.0,645.0,1534.0,656.0
1.0,4257.0,2177.0,2150.0,2193.0,2177.0,2177.0,1505.0,645.0,1522.0,655.0
1.0,4273.0,2162.0,2152.0,2177.0,2168.0,2168.0,1506.0,646.0,1514.0,648.0
1.0,4288.0,2146.0,2152.0,2168.0,2146.0,2146.0,1506.0,646.0,1502.0,644.0
1.0,4310.0,2136.0,2153.0,2146.0,2139.0,2139.0,1507.0,646.0,1495.0,641.0
1.0,4320.0,2139.0,2153.0,2139.0,2139.0,2139.0,1507.0,646.0,1498.0,641.0
1.0,4320.0,2145.0,2154.0,2139.0,2148.0,2148.0,1508.0,646.0,1499.0,646.0
1.0,4314.0,2157.0,2155.0,2148.0,2160.0,2160.0,1508.0,647.0,1511.0,646.0
1.0,4305.0,2170.0,2156.0,2160.0,2173.0,2173.0,1509.0,647.0,1519.0,651.0
1.0,4295.0,2189.0,2156.0,2173.0,2189.0,2189.0,1509.0,647.0,1533.0,656.0
1.0,4279.0,2199.0,2157.0,2189.0,2202.0,2202.0,1510.0,647.0,1539.0,660.0
1.0,4269.0,2212.0,2157.0,2202.0,2212.0,2212.0,1510.0,647.0,1547.0,665.0
1.0,4259.0,2204.0,2159.0,2212.0,2210.0,2210.0,1511.0,648.0,1543.0,661.0
1.0,4267.0,2199.0,2159.0,2210.0,2199.0,2199.0,1511.0,648.0,1540.0,659.0
1.0,4278.0,2183.0,2160.0,2199.0,2186.0,2186.0,1512.0,648.0,1528.0,655.0
1.0,4294.0,2173.0,2160.0,2186.0,2173.0,2173.0,1512.0,648.0,1520.0,653.0
1.0,4307.0,2154.0,2160.0,2173.0,2154.0,2154.0,1512.0,648.0,1508.0,646.0
1.0,4326.0,2149.0,2162.0,2154.0,2155.0,2155.0,1513.0,649.0,1505.0,644.0
1.0,4331.0,2144.0,2162.0,2155.0,2144.0,2144.0,1513.0,649.0,1501.0,643.0
1.0,4342.0,2150.0,2163.0,2144.0,2153.0,2153.0,1514.0,649.0,1505.0,645.0
1.0,4336.0,2166.0,2163.0,2153.0,2166.0,2166.0,1514.0,649.0,1517.0,649.0
1.0,4323.0,2182.0,2164.0,2166.0,2185.0,2185.0,1515.0,649.0,1525.0,657.0
1.0,4307.0,2198.0,2165.0,2185.0,2201.0,2201.0,1515.0,650.0,1539.0,659.0
1.0,4294.0,2207.0,2166.0,2201.0,2210.0,2210.0,1516.0,650.0,1545.0,662.0
1.0,4288.0,2217.0,2166.0,2210.0,2217.0,2217.0,1516.0,650.0,1553.0,664.0
1.0,4281.0,2213.0,2167.0,2217.0,2216.0,2216.0,1517.0,650.0,1549.0,664.0
1.0,4285.0,2210.0,2167.0,2216.0,2210.0,2210.0,1517.0,650.0,1546.0,664.0
1.0,4291.0,2191.0,2168.0,2210.0,2194.0,2194.0,1518.0,650.0,1534.0,657.0
1.0,4310.0,2179.0,2169.0,2194.0,2182.0,2182.0,1518.0,651.0,1526.0,653.0
1.0,4325.0,2163.0,2170.0,2182.0,2166.0,2166.0,1519.0,651.0,1514.0,649.0
1.0,4344.0,2157.0,2170.0,2166.0,2157.0,2157.0,1519.0,651.0,1511.0,646.0
1.0,4353.0,2156.0,2170.0,2157.0,2156.0,2156.0,1519.0,651.0,1507.0,649.0
1.0,4354.0,2162.0,2172.0,2156.0,2168.0,2168.0,1520.0,652.0,1514.0,648.0
1.0,4348.0,2172.0,2172.0,2168.0,2172.0,2172.0,1520.0,652.0,1520.0,652.0
1.0,4344.0,2187.0,2173.0,2172.0,2190.0,2190.0,1521.0,652.0,1531.0,656.0
1.0,4329.0,2210.0,2173.0,2190.0,2210.0,2210.0,1521.0,652.0,1546.0,664.0
1.0,4309.0,2216.0,2174.0,2210.0,2219.0,2219.0,1522.0,652.0,1551.0,665.0
1.0,4303.0,2226.0,2175.0,2219.0,2229.0,2229.0,1522.0,653.0,1559.0,667.0
1.0,4296.0,2222.0,2176.0,2229.0,2225.0,2225.0,1523.0,653.0,1555.0,667.0
1.0,4303.0,2216.0,2176.0,2225.0,2216.0,2216.0,1523.0,653.0,1552.0,664.0
1.0,4312.0,2200.0,2177.0,2216.0,2203.0,2203.0,1524.0,653.0,1540.0,660.0
1.0,4328.0,2190.0,2177.0,2203.0,2190.0,2190.0,1524.0,653.0,1532.0,658.0
1.0,4341.0,2171.0,2179.0,2190.0,2177.0,2177.0,1525.0,654.0,1520.0,651.0
1.0,4360.0,2166.0,2179.0,2177.0,2166.0,2166.0,1525.0,654.0,1517.0,649.0
1.0,4371.0,2161.0,2180.0,2166.0,2164.0,2164.0,1526.0,654.0,1513.0,648.0
1.0,4376.0,2170.0,2180.0,2164.0,2170.0,2170.0,1526.0,654.0,1520.0,650.0
1.0,4370.0,2183.0,2180.0,2170.0,2183.0,2183.0,1526.0,654.0,1526.0,657.0
1.0,4357.0,2199.0,2181.0,2183.0,2202.0,2202.0,1527.0,654.0,1540.0,659.0
1.0,4341.0,2213.0,2182.0,2202.0,2216.0,2216.0,1527.0,655.0,1549.0,664.0
1.0,4330.0,2225.0,2183.0,2216.0,2228.0,2228.0,1528.0,655.0,1557.0,668.0
1.0,4321.0,2234.0,2183.0,2228.0,2234.0,2234.0,1528.0,655.0,1565.0,669.0
1.0,4315.0,2233.0,2184.0,2234.0,2236.0,2236.0,1529.0,655.0,1561.0,672.0
1.0,4316.0,2225.0,2185.0,2236.0,2228.0,2228.0,1529.0,656.0,1558.0,667.0
1.0,4327.0,2209.0,2186.0,2228.0,2212.0,2212.0,1530.0,656.0,1546.0,663.0
1.0,4346.0,2196.0,2186.0,2212.0,2196.0,2196.0,1530.0,656.0,1538.0,658.0
1.0,4362.0,2180.0,2187.0,2196.0,2183.0,2183.0,1531.0,656.0,1526.0,654.0
1.0,4378.0,2177.0,2187.0,2183.0,2177.0,2177.0,1531.0,656.0,1523.0,654.0
1.0,4384.0,2170.0,2188.0,2177.0,2173.0,2173.0,1532.0,656.0,1519.0,651.0
1.0,4391.0,2179.0,2189.0,2173.0,2182.0,2182.0,1532.0,657.0,1526.0,653.0
1.0,4385.0,2189.0,2189.0,2182.0,2189.0,2189.0,1532.0,657.0,1532.0,657.0
1.0,4378.0,2208.0,2190.0,2189.0,2211.0,2211.0,1533.0,657.0,1546.0,662.0
1.0,4359.0,2224.0,2190.0,2211.0,2224.0,2224.0,1533.0,657.0,1555.0,669.0
1.0,4346.0,2237.0,2192.0,2224.0,2243.0,2243.0,1534.0,658.0,1567.0,670.0
1.0,4333.0,2240.0,2192.0,2243.0,2240.0,2240.0,1534.0,658.0,1568.0,672.0
1.0,4336.0,2239.0,2193.0,2240.0,2242.0,2242.0,1535.0,658.0,1567.0,672.0
1.0,4337.0,2233.0,2193.0,2242.0,2233.0,2233.0,1535.0,658.0,1564.0,669.0
1.0,4346.0,2220.0,2194.0,2233.0,2223.0,2223.0,1536.0,658.0,1552.0,668.0
1.0,4359.0,2205.0,2194.0,2223.0,2205.0,2205.0,1536.0,658.0,1544.0,661.0
1.0,4377.0,2189.0,2196.0,2205.0,2195.0,2195.0,1537.0,659.0,1532.0,657.0
1.0,4393.0,2183.0,2196.0,2195.0,2183.0,2183.0,1537.0,659.0,1529.0,654.0
1.0,4405.0,2179.0,2197.0,2183.0,2182.0,2182.0,1538.0,659.0,1525.0,654.0
1.0,4409.0,2191.0,2197.0,2182.0,2191.0,2191.0,1538.0,659.0,1532.0,659.0
1.0,4400.0,2197.0,2199.0,2191.0,2203.0,2203.0,1539.0,660.0,1538.0,659.0
1.0,4394.0,2217.0,2199.0,2203.0,2217.0,2217.0,1539.0,660.0,1553.0,664.0
1.0,4380.0,2230.0,2200.0,2217.0,2233.0,2233.0,1540.0,660.0,1561.0,669.0
1.0,4367.0,2246.0,2200.0,2233.0,2246.0,2246.0,1540.0,660.0,1573.0,673.0
1.0,4354.0,2252.0,2200.0,2246.0,2252.0,2252.0,1540.0,660.0,1574.0,678.0
1.0,4348.0,2250.0,2202.0,2252.0,2256.0,2256.0,1541.0,661.0,1576.0,674.0
1.0,4350.0,2239.0,2202.0,2256.0,2239.0,2239.0,1541.0,661.0,1567.0,672.0
1.0,4367.0,2226.0,2203.0,2239.0,2229.0,2229.0,1542.0,661.0,1558.0,668.0
1.0,4380.0,2213.0,2203.0,2229.0,2213.0,2213.0,1542.0,661.0,1550.0,663.0
1.0,4396.0,2200.0,2204.0,2213.0,2203.0,2203.0,1543.0,661.0,1538.0,662.0
1.0,4409.0,2192.0,2205.0,2203.0,2195.0,2195.0,1543.0,662.0,1535.0,657.0
1.0,4420.0,2187.0,2206.0,2195.0,2190.0,2190.0,1544.0,662.0,1531.0,656.0
1.0,4428.0,2197.0,2206.0,2190.0,2197.0,2197.0,1544.0,662.0,1539.0,658.0
1.0,4421.0,2206.0,2207.0,2197.0,2209.0,2209.0,1545.0,662.0,1544.0,662.0
1.0,4412.0,2229.0,2207.0,2209.0,2229.0,2229.0,1545.0,662.0,1559.0,670.0
1.0,4392.0,2239.0,2208.0,2229.0,2242.0,2242.0,1546.0,662.0,1567.0,672.0
1.0,4382.0,2254.0,2209.0,2242.0,2257.0,2257.0,1546.0,663.0,1579.0,675.0
1.0,4370.0,2257.0,2209.0,2257.0,2257.0,2257.0,1546.0,663.0,1580.0,677.0
1.0,4370.0,2259.0,2210.0,2257.0,2262.0,2262.0,1547.0,663.0,1582.0,677.0
1.0,4368.0,2250.0,2210.0,2262.0,2250.0,2250.0,1547.0,663.0,1573.0,677.0
1.0,4380.0,2234.0,2212.0,2250.0,2240.0,2240.0,1548.0,664.0,1564.0,670.0
1.0,4396.0,2222.0,2212.0,2240.0,2222.0,2222.0,1548.0,664.0,1556.0,666.0
1.0,4414.0,2206.0,2213.0,2222.0,2209.0,2209.0,1549.0,664.0,1544.0,662.0
1.0,4430.0,2200.0,2213.0,2209.0,2200.0,2200.0,1549.0,664.0,1541.0,659.0
1.0,4439.0,2199.0,2214.0,2200.0,2202.0,2202.0,1550.0,664.0,1537.0,662.0
1.0,4440.0,2206.0,2215.0,2202.0,2209.0,2209.0,1550.0,665.0,1545.0,661.0
1.0,4436.0,2215.0,2216.0,2209.0,2218.0,2218.0,1551.0,665.0,1550.0,665.0
1.0,4430.0,2234.0,2216.0,2218.0,2234.0,2234.0,1551.0,665.0,1565.0,669.0
1.0,4414.0,2247.0,2217.0,2234.0,2250.0,2250.0,1552.0,665.0,1573.0,674.0
1.0,4401.0,2266.0,2217.0,2250.0,2266.0,2266.0,1552.0,665.0,1585.0,681.0
1.0,4385.0,2266.0,2219.0,2266.0,2272.0,2272.0,1553.0,666.0,1586.0,680.0
1.0,4385.0,2268.0,2219.0,2272.0,2268.0,2268.0,1553.0,666.0,1588.0,680.0
1.0,4389.0,2256.0,2219.0,2268.0,2256.0,2256.0,1553.0,666.0,1579.0,677.0
1.0,4401.0,2249.0,2220.0,2256.0,2252.0,2252.0,1554.0,666.0,1573.0,676.0
1.0,4408.0,2227.0,2220.0,2252.0,2227.0,2227.0,1554.0,666.0,1559.0,668.0
1.0,4433.0,2214.0,2222.0,2227.0,2220.0,2220.0,1555.0,667.0,1550.0,664.0
1.0,4446.0,2209.0,2222.0,2220.0,2209.0,2209.0,1555.0,667.0,1547.0,662.0
1.0,4457.0,2204.0,2223.0,2209.0,2207.0,2207.0,1556.0,667.0,1543.0,661.0
1.0,4462.0,2214.0,2223.0,2207.0,2214.0,2214.0,1556.0,667.0,1551.0,663.0
1.0,4455.0,2227.0,2224.0,2214.0,2230.0,2230.0,1557.0,667.0,1557.0,670.0
1.0,4442.0,2243.0,2225.0,2230.0,2246.0,2246.0,1557.0,668.0,1571.0,672.0
1.0,4429.0,2256.0,2226.0,2246.0,2259.0,2259.0,1558.0,668.0,1579.0,677.0
1.0,4419.0,2272.0,2226.0,2259.0,2272.0,2272.0,1558.0,668.0,1591.0,681.0
1.0,4406.0,2274.0,2227.0,2272.0,2277.0,2277.0,1559.0,668.0,1592.0,682.0
1.0,4404.0,2280.0,2227.0,2277.0,2280.0,2280.0,1559.0,668.0,1595.0,685.0
1.0,4401.0,2265.0,2229.0,2280.0,2271.0,2271.0,1560.0,669.0,1585.0,680.0
1.0,4416.0,2255.0,2229.0,2271.0,2255.0,2255.0,1560.0,669.0,1579.0,676.0
1.0,4432.0,2236.0,2229.0,2255.0,2236.0,2236.0,1560.0,669.0,1565.0,671.0
1.0,4451.0,2226.0,2230.0,2236.0,2229.0,2229.0,1561.0,669.0,1559.0,667.0
1.0,4461.0,2217.0,2230.0,2229.0,2217.0,2217.0,1561.0,669.0,1550.0,667.0
1.0,4473.0,2213.0,2232.0,2217.0,2219.0,2219.0,1562.0,670.0,1549.0,664.0
1.0,4477.0,2223.0,2232.0,2219.0,2223.0,2223.0,1562.0,670.0,1557.0,666.0
1.0,4473.0,2233.0,2233.0,2223.0,2236.0,2236.0,1563.0,670.0,1563.0,670.0
1.0,4463.0,2252.0,2233.0,2236.0,2252.0,2252.0,1563.0,670.0,1577.0,675.0
1.0,4447.0,2267.0,2234.0,2252.0,2270.0,2270.0,1564.0,670.0,1585.0,682.0
1.0,4432.0,2280.0,2234.0,2270.0,2280.0,2280.0,1564.0,670.0,1597.0,683.0
1.0,4422.0,2283.0,2236.0,2280.0,2289.0,2289.0,1565.0,671.0,1598.0,685.0
1.0,4419.0,2286.0,2236.0,2289.0,2286.0,2286.0,1565.0,671.0,1601.0,685.0
1.0,4422.0,2274.0,2237.0,2286.0,2277.0,2277.0,1566.0,671.0,1592.0,682.0
1.0,4434.0,2266.0,2237.0,2277.0,2266.0,2266.0,1566.0,671.0,1585.0,681.0
1.0,4445.0,2245.0,2239.0,2266.0,2251.0,2251.0,1567.0,672.0,1571.0,674.0
1.0,4466.0,2235.0,2239.0,2251.0,2235.0,2235.0,1567.0,672.0,1565.0,670.0
1.0,4482.0,2223.0,2239.0,2235.0,2223.0,2223.0,1567.0,672.0,1556.0,667.0
1.0,4494.0,2225.0,2240.0,2223.0,2228.0,2228.0,1568.0,672.0,1558.0,667.0
1.0,4492.0,2232.0,2240.0,2228.0,2232.0,2232.0,1568.0,672.0,1560.0,672.0
1.0,4488.0,2244.0,2242.0,2232.0,2250.0,2250.0,1569.0,673.0,1572.0,672.0
1.0,4476.0,2257.0,2242.0,2250.0,2257.0,2257.0,1569.0,673.0,1580.0,677.0
1.0,4469.0,2273.0,2243.0,2257.0,2276.0,2276.0,1570.0,673.0,1591.0,682.0
1.0,4453.0,2289.0,2243.0,2276.0,2289.0,2289.0,1570.0,673.0,1603.0,686.0
1.0,4440.0,2295.0,2244.0,2289.0,2298.0,2298.0,1571.0,673.0,1604.0,691.0
1.0,4434.0,2294.0,2245.0,2298.0,2297.0,2297.0,1571.0,674.0,1607.0,687.0
1.0,4438.0,2283.0,2246.0,2297.0,2286.0,2286.0,1572.0,674.0,1598.0,685.0
1.0,4452.0,2272.0,2246.0,2286.0,2272.0,2272.0,1572.0,674.0,1591.0,681.0
1.0,4466.0,2257.0,2247.0,2272.0,2260.0,2260.0,1573.0,674.0,1578.0,679.0
1.0,4481.0,2243.0,2247.0,2260.0,2243.0,2243.0,1573.0,674.0,1571.0,672.0
1.0,4498.0,2232.0,2249.0,2243.0,2238.0,2238.0,1574.0,675.0,1562.0,670.0
1.0,4509.0,2233.0,2249.0,2238.0,2233.0,2233.0,1574.0,675.0,1564.0,669.0
1.0,4514.0,2237.0,2249.0,2233.0,2237.0,2237.0,1574.0,675.0,1566.0,671.0
1.0,4510.0,2253.0,2250.0,2237.0,2256.0,2256.0,1575.0,675.0,1578.0,675.0
1.0,4494.0,2269.0,2250.0,2256.0,2269.0,2269.0,1575.0,675.0,1586.0,683.0
1.0,4481.0,2282.0,2252.0,2269.0,2288.0,2288.0,1576.0,676.0,1597.0,685.0
1.0,4468.0,2297.0,2252.0,2288.0,2297.0,2297.0,1576.0,676.0,1609.0,688.0
1.0,4459.0,2300.0,2253.0,2297.0,2303.0,2303.0,1577.0,676.0,1610.0,690.0
1.0,4456.0,2303.0,2253.0,2303.0,2303.0,2303.0,1577.0,676.0,1613.0,690.0
1.0,4456.0,2294.0,2254.0,2303.0,2297.0,2297.0,1578.0,676.0,1604.0,690.0
1.0,4465.0,2280.0,2254.0,2297.0,2280.0,2280.0,1578.0,676.0,1597.0,683.0
1.0,4482.0,2263.0,2256.0,2280.0,2269.0,2269.0,1579.0,677.0,1584.0,679.0
1.0,4499.0,2252.0,2256.0,2269.0,2252.0,2252.0,1579.0,677.0,1577.0,675.0
1.0,4516.0,2240.0,2257.0,2252.0,2243.0,2243.0,1580.0,677.0,1568.0,672.0
1.0,4528.0,2246.0,2257.0,2243.0,2246.0,2246.0,1580.0,677.0,1571.0,675.0
1.0,4525.0,2246.0,2259.0,2246.0,2252.0,2252.0,1581.0,678.0,1572.0,674.0
1.0,4525.0,2262.0,2259.0,2252.0,2262.0,2262.0,1581.0,678.0,1584.0,678.0
1.0,4515.0,2274.0,2260.0,2262.0,2277.0,2277.0,1582.0,678.0,1592.0,682.0
1.0,4503.0,2296.0,2260.0,2277.0,2296.0,2296.0,1582.0,678.0,1606.0,690.0
1.0,4484.0,2303.0,2260.0,2296.0,2303.0,2303.0,1582.0,678.0,1612.0,691.0
1.0,4477.0,2313.0,2262.0,2303.0,2319.0,2319.0,1583.0,679.0,1620.0,693.0
1.0,4467.0,2309.0,2262.0,2319.0,2309.0,2309.0,1583.0,679.0,1616.0,693.0
1.0,4477.0,2300.0,2263.0,2309.0,2303.0,2303.0,1584.0,679.0,1610.0,690.0
1.0,4486.0,2289.0,2263.0,2303.0,2289.0,2289.0,1584.0,679.0,1603.0,686.0
1.0,4500.0,2274.0,2264.0,2289.0,2277.0,2277.0,1585.0,679.0,1590.0,684.0
1.0,4515.0,2260.0,2265.0,2277.0,2263.0,2263.0,1585.0,680.0,1583.0,677.0
1.0,4532.0,2249.0,2266.0,2263.0,2252.0,2252.0,1586.0,680.0,1574.0,675.0
1.0,4546.0,2251.0,2266.0,2252.0,2251.0,2251.0,1586.0,680.0,1577.0,674.0
1.0,4547.0,2254.0,2267.0,2251.0,2257.0,2257.0,1587.0,680.0,1578.0,676.0
1.0,4544.0,2273.0,2267.0,2257.0,2273.0,2273.0,1587.0,680.0,1590.0,683.0
1.0,4528.0,2283.0,2268.0,2273.0,2286.0,2286.0,1588.0,680.0,1598.0,685.0
1.0,4518.0,2302.0,2269.0,2286.0,2305.0,2305.0,1588.0,681.0,1612.0,690.0
1.0,4502.0,2312.0,2269.0,2305.0,2312.0,2312.0,1588.0,681.0,1618.0,694.0
1.0,4495.0,2321.0,2270.0,2312.0,2324.0,2324.0,1589.0,681.0,1626.0,695.0
1.0,4486.0,2320.0,2270.0,2324.0,2320.0,2320.0,1589.0,681.0,1622.0,698.0
1.0,4490.0,2312.0,2272.0,2320.0,2318.0,2318.0,1590.0,682.0,1619.0,693.0
1.0,4498.0,2295.0,2272.0,2318.0,2295.0,2295.0,1590.0,682.0,1606.0,689.0
1.0,4521.0,2280.0,2273.0,2295.0,2283.0,2283.0,1591.0,682.0,1596.0,684.0
1.0,4536.0,2269.0,2273.0,2283.0,2269.0,2269.0,1591.0,682.0,1589.0,680.0
1.0,4550.0,2260.0,2274.0,2269.0,2263.0,2263.0,1592.0,682.0,1580.0,680.0
1.0,4559.0,2260.0,2274.0,2263.0,2260.0,2260.0,1592.0,682.0,1583.0,677.0
1.0,4562.0,2263.0,2276.0,2260.0,2269.0,2269.0,1593.0,683.0,1584.0,679.0
1.0,4559.0,2279.0,2276.0,2269.0,2279.0,2279.0,1593.0,683.0,1596.0,683.0
1.0,4549.0,2292.0,2277.0,2279.0,2295.0,2295.0,1594.0,683.0,1604.0,688.0
1.0,4536.0,2313.0,2277.0,2295.0,2313.0,2313.0,1594.0,683.0,1618.0,695.0
1.0,4518.0,2320.0,2279.0,2313.0,2326.0,2326.0,1595.0,684.0,1624.0,696.0
1.0,4511.0,2330.0,2279.0,2326.0,2330.0,2330.0,1595.0,684.0,1632.0,698.0
1.0,4507.0,2326.0,2280.0,2330.0,2329.0,2329.0,1596.0,684.0,1628.0,698.0
1.0,4511.0,2320.0,2280.0,2329.0,2320.0,2320.0,1596.0,684.0,1625.0,695.0
1.0,4520.0,2307.0,2280.0,2320.0,2307.0,2307.0,1596.0,684.0,1613.0,694.0
1.0,4533.0,2292.0,2281.0,2307.0,2295.0,2295.0,1597.0,684.0,1605.0,687.0
1.0,4548.0,2275.0,2282.0,2295.0,2278.0,2278.0,1597.0,685.0,1592.0,683.0
1.0,4568.0,2266.0,2283.0,2278.0,2269.0,2269.0,1598.0,685.0,1586.0,680.0
1.0,4580.0,2269.0,2283.0,2269.0,2269.0,2269.0,1598.0,685.0,1589.0,680.0
1.0,4580.0,2275.0,2284.0,2269.0,2278.0,2278.0,1599.0,685.0,1590.0,685.0
1.0,4574.0,2287.0,2285.0,2278.0,2290.0,2290.0,1599.0,686.0,1602.0,685.0
1.0,4565.0,2300.0,2286.0,2290.0,2303.0,2303.0,1600.0,686.0,1610.0,690.0
1.0,4555.0,2319.0,2286.0,2303.0,2319.0,2319.0,1600.0,686.0,1624.0,695.0
1.0,4539.0,2329.0,2287.0,2319.0,2332.0,2332.0,1601.0,686.0,1630.0,699.0
1.0,4529.0,2342.0,2287.0,2332.0,2342.0,2342.0,1601.0,686.0,1638.0,704.0
1.0,4519.0,2334.0,2289.0,2342.0,2340.0,2340.0,1602.0,687.0,1634.0,700.0
1.0,4527.0,2329.0,2289.0,2340.0,2329.0,2329.0,1602.0,687.0,1631.0,698.0
1.0,4538.0,2313.0,2289.0,2329.0,2313.0,2313.0,1602.0,687.0,1619.0,694.0
1.0,4554.0,2300.0,2290.0,2313.0,2303.0,2303.0,1603.0,687.0,1611.0,689.0
1.0,4567.0,2287.0,2290.0,2303.0,2287.0,2287.0,1603.0,687.0,1599.0,688.0
1.0,4583.0,2278.0,2292.0,2287.0,2284.0,2284.0,1604.0,688.0,1595.0,683.0
1.0,4592.0,2274.0,2292.0,2284.0,2274.0,2274.0,1604.0,688.0,1592.0,682.0
1.0,4602.0,2280.0,2293.0,2274.0,2283.0,2283.0,1605.0,688.0,1596.0,684.0
1.0,4596.0,2296.0,2293.0,2283.0,2296.0,2296.0,1605.0,688.0,1608.0,688.0
1.0,4583.0,2312.0,2294.0,2296.0,2315.0,2315.0,1606.0,688.0,1616.0,696.0
1.0,4567.0,2328.0,2294.0,2315.0,2328.0,2328.0,1606.0,688.0,1630.0,698.0
1.0,4554.0,2337.0,2296.0,2328.0,2343.0,2343.0,1607.0,689.0,1636.0,701.0
1.0,4545.0,2347.0,2296.0,2343.0,2347.0,2347.0,1607.0,689.0,1644.0,703.0
1.0,4541.0,2343.0,2297.0,2347.0,2346.0,2346.0,1608.0,689.0,1640.0,703.0
1.0,4545.0,2340.0,2297.0,2346.0,2340.0,2340.0,1608.0,689.0,1637.0,703.0
1.0,4551.0,2321.0,2299.0,2340.0,2327.0,2327.0,1609.0,690.0,1625.0,696.0
1.0,4570.0,2309.0,2299.0,2327.0,2309.0,2309.0,1609.0,690.0,1617.0,692.0
1.0,4588.0,2293.0,2299.0,2309.0,2293.0,2293.0,1609.0,690.0,1605.0,688.0
1.0,4604.0,2287.0,2300.0,2293.0,2290.0,2290.0,1610.0,690.0,1602.0,685.0
1.0,4610.0,2286.0,2300.0,2290.0,2286.0,2286.0,1610.0,690.0,1598.0,688.0
1.0,4614.0,2292.0,2302.0,2286.0,2298.0,2298.0,1611.0,691.0,1605.0,687.0
1.0,4608.0,2302.0,2302.0,2298.0,2302.0,2302.0,1611.0,691.0,1611.0,691.0
1.0,4604.0,2317.0,2303.0,2302.0,2320.0,2320.0,1612.0,691.0,1622.0,695.0
1.0,4589.0,2337.0,2303.0,2320.0,2337.0,2337.0,1612.0,691.0,1637.0,700.0
1.0,4572.0,2349.0,2304.0,2337.0,2352.0,2352.0,1613.0,691.0,1642.0,707.0
1.0,4560.0,2356.0,2305.0,2352.0,2359.0,2359.0,1613.0,692.0,1650.0,706.0
1.0,4556.0,2352.0,2306.0,2359.0,2355.0,2355.0,1614.0,692.0,1646.0,706.0
1.0,4563.0,2346.0,2306.0,2355.0,2346.0,2346.0,1614.0,692.0,1643.0,703.0
1.0,4572.0,2333.0,2307.0,2346.0,2336.0,2336.0,1615.0,692.0,1631.0,702.0
1.0,4585.0,2317.0,2307.0,2336.0,2317.0,2317.0,1615.0,692.0,1623.0,694.0
1.0,4604.0,2301.0,2309.0,2317.0,2307.0,2307.0,1616.0,693.0,1611.0,690.0
1.0,4620.0,2296.0,2309.0,2307.0,2296.0,2296.0,1616.0,693.0,1608.0,688.0
1.0,4631.0,2291.0,2309.0,2296.0,2291.0,2291.0,1616.0,693.0,1604.0,687.0
1.0,4636.0,2300.0,2310.0,2291.0,2303.0,2303.0,1617.0,693.0,1611.0,689.0
1.0,4627.0,2313.0,2310.0,2303.0,2313.0,2313.0,1617.0,693.0,1617.0,696.0
1.0,4617.0,2326.0,2312.0,2313.0,2332.0,2332.0,1618.0,694.0,1628.0,698.0
1.0,4604.0,2346.0,2312.0,2332.0,2346.0,2346.0,1618.0,694.0,1643.0,703.0
1.0,4590.0,2355.0,2313.0,2346.0,2358.0,2358.0,1619.0,694.0,1648.0,707.0
1.0,4581.0,2364.0,2313.0,2358.0,2364.0,2364.0,1619.0,694.0,1656.0,708.0
1.0,4575.0,2363.0,2314.0,2364.0,2366.0,2366.0,1620.0,694.0,1652.0,711.0
1.0,4576.0,2355.0,2315.0,2366.0,2358.0,2358.0,1620.0,695.0,1649.0,706.0
1.0,4587.0,2339.0,2316.0,2358.0,2342.0,2342.0,1621.0,695.0,1637.0,702.0
1.0,4606.0,2326.0,2316.0,2342.0,2326.0,2326.0,1621.0,695.0,1629.0,697.0
1.0,4622.0,2310.0,2317.0,2326.0,2313.0,2313.0,1622.0,695.0,1617.0,693.0
1.0,4638.0,2307.0,2317.0,2313.0,2307.0,2307.0,1622.0,695.0,1614.0,693.0
1.0,4644.0,2300.0,2319.0,2307.0,2306.0,2306.0,1623.0,696.0,1610.0,690.0
1.0,4651.0,2309.0,2319.0,2306.0,2309.0,2309.0,1623.0,696.0,1617.0,692.0
1.0,4648.0,2319.0,2319.0,2309.0,2319.0,2319.0,1623.0,696.0,1623.0,696.0
1.0,4638.0,2338.0,2320.0,2319.0,2341.0,2341.0,1624.0,696.0,1637.0,701.0
1.0,4619.0,2354.0,2320.0,2341.0,2354.0,2354.0,1624.0,696.0,1646.0,708.0
1.0,4606.0,2367.0,2321.0,2354.0,2370.0,2370.0,1625.0,696.0,1658.0,709.0
1.0,4593.0,2370.0,2322.0,2370.0,2373.0,2373.0,1625.0,697.0,1659.0,711.0
1.0,4593.0,2369.0,2323.0,2373.0,2372.0,2372.0,1626.0,697.0,1658.0,711.0
1.0,4597.0,2363.0,2323.0,2372.0,2363.0,2363.0,1626.0,697.0,1655.0,708.0
1.0,4606.0,2350.0,2324.0,2363.0,2353.0,2353.0,1627.0,697.0,1643.0,707.0
1.0,4619.0,2335.0,2325.0,2353.0,2338.0,2338.0,1627.0,698.0,1635.0,700.0
1.0,4637.0,2319.0,2326.0,2338.0,2322.0,2322.0,1628.0,698.0,1623.0,696.0
1.0,4656.0,2313.0,2326.0,2322.0,2313.0,2313.0,1628.0,698.0,1620.0,693.0
1.0,4665.0,2309.0,2327.0,2313.0,2312.0,2312.0,1629.0,698.0,1616.0,693.0
1.0,4669.0,2321.0,2327.0,2312.0,2321.0,2321.0,1629.0,698.0,1623.0,698.0
1.0,4660.0,2327.0,2329.0,2321.0,2333.0,2333.0,1630.0,699.0,1629.0,698.0
1.0,4654.0,2347.0,2329.0,2333.0,2347.0,2347.0,1630.0,699.0,1644.0,703.0
1.0,4640.0,2360.0,2329.0,2347.0,2360.0,2360.0,1630.0,699.0,1652.0,708.0
1.0,4627.0,2376.0,2330.0,2360.0,2379.0,2379.0,1631.0,699.0,1664.0,712.0
1.0,4611.0,2382.0,2330.0,2379.0,2382.0,2382.0,1631.0,699.0,1665.0,717.0
1.0,4608.0,2380.0,2332.0,2382.0,2386.0,2386.0,1632.0,700.0,1667.0,713.0
1.0,4610.0,2369.0,2332.0,2386.0,2369.0,2369.0,1632.0,700.0,1658.0,711.0
1.0,4627.0,2356.0,2333.0,2369.0,2359.0,2359.0,1633.0,700.0,1649.0,707.0
1.0,4640.0,2346.0,2333.0,2359.0,2346.0,2346.0,1633.0,700.0,1641.0,705.0
1.0,4653.0,2327.0,2334.0,2346.0,2330.0,2330.0,1634.0,700.0,1629.0,698.0
1.0,4672.0,2322.0,2335.0,2330.0,2325.0,2325.0,1634.0,701.0,1626.0,696.0
1.0,4680.0,2317.0,2336.0,2325.0,2320.0,2320.0,1635.0,701.0,1622.0,695.0
1.0,4688.0,2327.0,2336.0,2320.0,2327.0,2327.0,1635.0,701.0,1630.0,697.0
1.0,4681.0,2336.0,2337.0,2327.0,2339.0,2339.0,1636.0,701.0,1635.0,701.0
1.0,4672.0,2359.0,2337.0,2339.0,2359.0,2359.0,1636.0,701.0,1650.0,709.0
1.0,4652.0,2369.0,2339.0,2359.0,2375.0,2375.0,1637.0,702.0,1658.0,711.0
1.0,4642.0,2384.0,2339.0,2375.0,2384.0,2384.0,1637.0,702.0,1670.0,714.0
1.0,4633.0,2387.0,2340.0,2384.0,2390.0,2390.0,1638.0,702.0,1671.0,716.0
1.0,4630.0,2389.0,2340.0,2390.0,2389.0,2389.0,1638.0,702.0,1673.0,716.0
1.0,4631.0,2380.0,2340.0,2389.0,2380.0,2380.0,1638.0,702.0,1664.0,716.0
1.0,4640.0,2367.0,2341.0,2380.0,2370.0,2370.0,1639.0,702.0,1658.0,709.0
1.0,4653.0,2349.0,2342.0,2370.0,2352.0,2352.0,1639.0,703.0,1644.0,705.0
1.0,4674.0,2336.0,2343.0,2352.0,2339.0,2339.0,1640.0,703.0,1635.0,701.0
1.0,4690.0,2330.0,2343.0,2339.0,2330.0,2330.0,1640.0,703.0,1632.0,698.0
1.0,4699.0,2329.0,2344.0,2330.0,2332.0,2332.0,1641.0,703.0,1628.0,701.0
1.0,4700.0,2336.0,2345.0,2332.0,2339.0,2339.0,1641.0,704.0,1636.0,700.0
1.0,4696.0,2345.0,2346.0,2339.0,2348.0,2348.0,1642.0,704.0,1641.0,704.0
1.0,4690.0,2364.0,2346.0,2348.0,2364.0,2364.0,1642.0,704.0,1656.0,708.0
1.0,4674.0,2380.0,2347.0,2364.0,2383.0,2383.0,1643.0,704.0,1664.0,716.0
1.0,4658.0,2393.0,2347.0,2383.0,2393.0,2393.0,1643.0,704.0,1676.0,717.0
1.0,4648.0,2396.0,2349.0,2393.0,2402.0,2402.0,1644.0,705.0,1677.0,719.0
1.0,4645.0,2398.0,2349.0,2402.0,2398.0,2398.0,1644.0,705.0,1679.0,719.0
1.0,4649.0,2386.0,2349.0,2398.0,2386.0,2386.0,1644.0,705.0,1670.0,716.0
1.0,4661.0,2376.0,2350.0,2386.0,2379.0,2379.0,1645.0,705.0,1664.0,712.0
1.0,4671.0,2360.0,2350.0,2379.0,2360.0,2360.0,1645.0,705.0,1650.0,710.0
1.0,4690.0,2344.0,2352.0,2360.0,2350.0,2350.0,1646.0,706.0,1641.0,703.0
1.0,4706.0,2339.0,2352.0,2350.0,2339.0,2339.0,1646.0,706.0,1638.0,701.0
1.0,4717.0,2334.0,2353.0,2339.0,2337.0,2337.0,1647.0,706.0,1634.0,700.0
1.0,4722.0,2344.0,2353.0,2337.0,2344.0,2344.0,1647.0,706.0,1642.0,702.0
1.0,4715.0,2357.0,2354.0,2344.0,2360.0,2360.0,1648.0,706.0,1648.0,709.0
1.0,4702.0,2373.0,2354.0,2360.0,2373.0,2373.0,1648.0,706.0,1662.0,711.0
1.0,4689.0,2386.0,2356.0,2373.0,2392.0,2392.0,1649.0,707.0,1670.0,716.0
1.0,4676.0,2402.0,2356.0,2392.0,2402.0,2402.0,1649.0,707.0,1682.0,720.0
1.0,4666.0,2404.0,2357.0,2402.0,2407.0,2407.0,1650.0,707.0,1683.0,721.0
1.0,4664.0,2410.0,2357.0,2407.0,2410.0,2410.0,1650.0,707.0,1686.0,724.0
1.0,4661.0,2395.0,2359.0,2410.0,2401.0,2401.0,1651.0,708.0,1676.0,719.0
1.0,4676.0,2385.0,2359.0,2401.0,2385.0,2385.0,1651.0,708.0,1670.0,715.0
1.0,4692.0,2366.0,2359.0,2385.0,2366.0,2366.0,1651.0,708.0,1656.0,710.0
1.0,4711.0,2356.0,2360.0,2366.0,2359.0,2359.0,1652.0,708.0,1650.0,706.0
1.0,4721.0,2347.0,2360.0,2359.0,2347.0,2347.0,1652.0,708.0,1641.0,706.0
1.0,4733.0,2343.0,2361.0,2347.0,2346.0,2346.0,1653.0,708.0,1640.0,703.0
1.0,4737.0,2353.0,2362.0,2346.0,2356.0,2356.0,1653.0,709.0,1648.0,705.0
1.0,4730.0,2363.0,2363.0,2356.0,2366.0,2366.0,1654.0,709.0,1654.0,709.0
1.0,4723.0,2382.0,2363.0,2366.0,2382.0,2382.0,1654.0,709.0,1668.0,714.0
1.0,4707.0,2397.0,2364.0,2382.0,2400.0,2400.0,1655.0,709.0,1676.0,721.0
1.0,4692.0,2410.0,2365.0,2400.0,2413.0,2413.0,1655.0,710.0,1688.0,722.0
1.0,4682.0,2413.0,2366.0,2413.0,2416.0,2416.0,1656.0,710.0,1689.0,724.0
1.0,4682.0,2416.0,2366.0,2416.0,2416.0,2416.0,1656.0,710.0,1692.0,724.0
1.0,4682.0,2404.0,2367.0,2416.0,2407.0,2407.0,1657.0,710.0,1683.0,721.0
1.0,4694.0,2396.0,2367.0,2407.0,2396.0,2396.0,1657.0,710.0,1676.0,720.0
1.0,4705.0,2375.0,2368.0,2396.0,2378.0,2378.0,1658.0,710.0,1662.0,713.0
1.0,4726.0,2365.0,2369.0,2378.0,2368.0,2368.0,1658.0,711.0,1656.0,709.0
1.0,4739.0,2353.0,2369.0,2368.0,2353.0,2353.0,1658.0,711.0,1647.0,706.0
1.0,4754.0,2355.0,2370.0,2353.0,2358.0,2358.0,1659.0,711.0,1649.0,706.0
1.0,4752.0,2362.0,2370.0,2358.0,2362.0,2362.0,1659.0,711.0,1651.0,711.0
1.0,4748.0,2371.0,2372.0,2362.0,2377.0,2377.0,1660.0,712.0,1660.0,711.0
1.0,4739.0,2390.0,2372.0,2377.0,2390.0,2390.0,1660.0,712.0,1674.0,716.0
1.0,4726.0,2403.0,2373.0,2390.0,2406.0,2406.0,1661.0,712.0,1682.0,721.0
1.0,4713.0,2419.0,2373.0,2406.0,2419.0,2419.0,1661.0,712.0,1694.0,725.0
1.0,4700.0,2425.0,2374.0,2419.0,2428.0,2428.0,1662.0,712.0,1695.0,730.0
1.0,4694.0,2424.0,2375.0,2428.0,2427.0,2427.0,1662.0,713.0,1698.0,726.0
1.0,4698.0,2413.0,2376.0,2427.0,2416.0,2416.0,1663.0,713.0,1689.0,724.0
1.0,4712.0,2402.0,2376.0,2416.0,2402.0,2402.0,1663.0,713.0,1682.0,720.0
1.0,4726.0,2384.0,2377.0,2402.0,2387.0,2387.0,1664.0,713.0,1669.0,715.0
1.0,4744.0,2376.0,2377.0,2387.0,2376.0,2376.0,1664.0,713.0,1662.0,714.0
1.0,4755.0,2362.0,2379.0,2376.0,2368.0,2368.0,1665.0,714.0,1653.0,709.0
1.0,4769.0,2363.0,2379.0,2368.0,2363.0,2363.0,1665.0,714.0,1655.0,708.0
1.0,4774.0,2367.0,2379.0,2363.0,2367.0,2367.0,1665.0,714.0,1657.0,710.0
1.0,4770.0,2383.0,2380.0,2367.0,2386.0,2386.0,1666.0,714.0,1669.0,714.0
1.0,4754.0,2399.0,2380.0,2386.0,2399.0,2399.0,1666.0,714.0,1677.0,722.0
1.0,4741.0,2415.0,2381.0,2399.0,2418.0,2418.0,1667.0,714.0,1691.0,724.0
1.0,4725.0,2424.0,2382.0,2418.0,2427.0,2427.0,1667.0,715.0,1697.0,727.0
1.0,4719.0,2430.0,2383.0,2427.0,2433.0,2433.0,1668.0,715.0,1701.0,729.0
1.0,4716.0,2433.0,2383.0,2433.0,2433.0,2433.0,1668.0,715.0,1704.0,729.0
1.0,4716.0,2424.0,2384.0,2433.0,2427.0,2427.0,1669.0,715.0,1695.0,729.0
1.0,4725.0,2410.0,2385.0,2427.0,2413.0,2413.0,1669.0,716.0,1688.0,722.0
1.0,4742.0,2393.0,2386.0,2413.0,2396.0,2396.0,1670.0,716.0,1675.0,718.0
1.0,4762.0,2382.0,2386.0,2396.0,2382.0,2382.0,1670.0,716.0,1668.0,714.0
1.0,4776.0,2370.0,2387.0,2382.0,2373.0,2373.0,1671.0,716.0,1659.0,711.0
1.0,4788.0,2376.0,2387.0,2373.0,2376.0,2376.0,1671.0,716.0,1662.0,714.0
1.0,4785.0,2376.0,2389.0,2376.0,2382.0,2382.0,1672.0,717.0,1663.0,713.0
1.0,4785.0,2392.0,2389.0,2382.0,2392.0,2392.0,1672.0,717.0,1675.0,717.0
1.0,4775.0,2404.0,2389.0,2392.0,2404.0,2404.0,1672.0,717.0,1683.0,721.0
1.0,4763.0,2423.0,2390.0,2404.0,2426.0,2426.0,1673.0,717.0,1697.0,726.0
1.0,4744.0,2436.0,2390.0,2426.0,2436.0,2436.0,1673.0,717.0,1703.0,733.0
1.0,4734.0,2443.0,2392.0,2436.0,2449.0,2449.0,1674.0,718.0,1711.0,732.0
1.0,4727.0,2439.0,2392.0,2449.0,2439.0,2439.0,1674.0,718.0,1707.0,732.0
1.0,4737.0,2430.0,2393.0,2439.0,2433.0,2433.0,1675.0,718.0,1701.0,729.0
1.0,4746.0,2422.0,2393.0,2433.0,2422.0,2422.0,1675.0,718.0,1694.0,728.0
1.0,4757.0,2401.0,2394.0,2422.0,2404.0,2404.0,1676.0,718.0,1681.0,720.0
1.0,4778.0,2390.0,2395.0,2404.0,2393.0,2393.0,1676.0,719.0,1674.0,716.0
1.0,4792.0,2379.0,2396.0,2393.0,2382.0,2382.0,1677.0,719.0,1665.0,714.0
1.0,4806.0,2381.0,2396.0,2382.0,2381.0,2381.0,1677.0,719.0,1668.0,713.0
1.0,4807.0,2384.0,2397.0,2381.0,2387.0,2387.0,1678.0,719.0,1669.0,715.0
1.0,4804.0,2403.0,2397.0,2387.0,2403.0,2403.0,1678.0,719.0,1681.0,722.0
1.0,4788.0,2413.0,2399.0,2403.0,2419.0,2419.0,1679.0,720.0,1689.0,724.0
1.0,4778.0,2432.0,2399.0,2419.0,2432.0,2432.0,1679.0,720.0,1703.0,729.0
1.0,4765.0,2442.0,2400.0,2432.0,2445.0,2445.0,1680.0,720.0,1709.0,733.0
1.0,4755.0,2451.0,2400.0,2445.0,2451.0,2451.0,1680.0,720.0,1717.0,734.0
1.0,4749.0,2450.0,2400.0,2451.0,2450.0,2450.0,1680.0,720.0,1713.0,737.0
1.0,4750.0,2442.0,2402.0,2450.0,2448.0,2448.0,1681.0,721.0,1710.0,732.0
1.0,4758.0,2425.0,2402.0,2448.0,2425.0,2425.0,1681.0,721.0,1697.0,728.0
1.0,4781.0,2410.0,2403.0,2425.0,2413.0,2413.0,1682.0,721.0,1687.0,723.0
1.0,4796.0,2399.0,2403.0,2413.0,2399.0,2399.0,1682.0,721.0,1680.0,719.0
1.0,4810.0,2390.0,2404.0,2399.0,2393.0,2393.0,1683.0,721.0,1671.0,719.0
1.0,4819.0,2390.0,2405.0,2393.0,2393.0,2393.0,1683.0,722.0,1674.0,716.0
1.0,4822.0,2393.0,2406.0,2393.0,2396.0,2396.0,1684.0,722.0,1675.0,718.0
1.0,4822.0,2409.0,2406.0,2396.0,2409.0,2409.0,1684.0,722.0,1687.0,722.0
1.0,4809.0,2422.0,2407.0,2409.0,2425.0,2425.0,1685.0,722.0,1695.0,727.0
1.0,4796.0,2443.0,2407.0,2425.0,2443.0,2443.0,1685.0,722.0,1709.0,734.0
1.0,4778.0,2450.0,2408.0,2443.0,2453.0,2453.0,1686.0,722.0,1715.0,735.0
1.0,4771.0,2460.0,2409.0,2453.0,2463.0,2463.0,1686.0,723.0,1723.0,737.0
1.0,4764.0,2456.0,2409.0,2463.0,2456.0,2456.0,1686.0,723.0,1719.0,737.0
1.0,4771.0,2450.0,2410.0,2456.0,2453.0,2453.0,1687.0,723.0,1716.0,734.0
1.0,4777.0,2437.0,2410.0,2453.0,2437.0,2437.0,1687.0,723.0,1704.0,733.0
1.0,4793.0,2422.0,2412.0,2437.0,2428.0,2428.0,1688.0,724.0,1696.0,726.0
1.0,4808.0,2405.0,2412.0,2428.0,2405.0,2405.0,1688.0,724.0,1683.0,722.0
1.0,4831.0,2396.0,2413.0,2405.0,2399.0,2399.0,1689.0,724.0,1677.0,719.0
1.0,4840.0,2399.0,2413.0,2399.0,2399.0,2399.0,1689.0,724.0,1680.0,719.0
1.0,4840.0,2405.0,2414.0,2399.0,2408.0,2408.0,1690.0,724.0,1681.0,724.0
1.0,4834.0,2417.0,2415.0,2408.0,2420.0,2420.0,1690.0,725.0,1693.0,724.0
1.0,4825.0,2430.0,2416.0,2420.0,2433.0,2433.0,1691.0,725.0,1701.0,729.0
1.0,4815.0,2449.0,2416.0,2433.0,2449.0,2449.0,1691.0,725.0,1715.0,734.0
1.0,4799.0,2459.0,2417.0,2449.0,2462.0,2462.0,1692.0,725.0,1721.0,738.0
1.0,4789.0,2472.0,2417.0,2462.0,2472.0,2472.0,1692.0,725.0,1729.0,743.0
1.0,4779.0,2464.0,2419.0,2472.0,2470.0,2470.0,1693.0,726.0,1725.0,739.0
1.0,4787.0,2459.0,2419.0,2470.0,2459.0,2459.0,1693.0,726.0,1722.0,737.0
1.0,4798.0,2443.0,2420.0,2459.0,2446.0,2446.0,1694.0,726.0,1710.0,733.0
1.0,4814.0,2433.0,2420.0,2446.0,2433.0,2433.0,1694.0,726.0,1702.0,731.0
1.0,4827.0,2414.0,2420.0,2433.0,2414.0,2414.0,1694.0,726.0,1690.0,724.0
1.0,4846.0,2408.0,2422.0,2414.0,2414.0,2414.0,1695.0,727.0,1686.0,722.0
1.0,4852.0,2404.0,2422.0,2414.0,2404.0,2404.0,1695.0,727.0,1683.0,721.0
1.0,4862.0,2410.0,2423.0,2404.0,2413.0,2413.0,1696.0,727.0,1687.0,723.0
1.0,4856.0,2426.0,2423.0,2413.0,2426.0,2426.0,1696.0,727.0,1699.0,727.0
1.0,4843.0,2442.0,2424.0,2426.0,2445.0,2445.0,1697.0,727.0,1707.0,735.0
1.0,4827.0,2458.0,2425.0,2445.0,2461.0,2461.0,1697.0,728.0,1721.0,737.0
1.0,4814.0,2467.0,2426.0,2461.0,2470.0,2470.0,1698.0,728.0,1727.0,740.0
1.0,4808.0,2477.0,2426.0,2470.0,2477.0,2477.0,1698.0,728.0,1735.0,742.0
1.0,4801.0,2473.0,2427.0,2477.0,2476.0,2476.0,1699.0,728.0,1731.0,742.0
1.0,4805.0,2470.0,2427.0,2476.0,2470.0,2470.0,1699.0,728.0,1728.0,742.0
1.0,4811.0,2451.0,2428.0,2470.0,2454.0,2454.0,1700.0,728.0,1716.0,735.0
1.0,4830.0,2439.0,2429.0,2454.0,2442.0,2442.0,1700.0,729.0,1708.0,731.0
1.0,4845.0,2423.0,2429.0,2442.0,2423.0,2423.0,1700.0,729.0,1696.0,727.0
1.0,4864.0,2417.0,2430.0,2423.0,2420.0,2420.0,1701.0,729.0,1693.0,724.0
1.0,4870.0,2416.0,2430.0,2420.0,2416.0,2416.0,1701.0,729.0,1689.0,727.0
1.0,4874.0,2419.0,2432.0,2416.0,2425.0,2425.0,1702.0,730.0,1693.0,726.0
1.0,4871.0,2435.0,2432.0,2425.0,2435.0,2435.0,1702.0,730.0,1705.0,730.0
1.0,4861.0,2447.0,2433.0,2435.0,2450.0,2450.0,1703.0,730.0,1713.0,734.0
1.0,4849.0,2470.0,2433.0,2450.0,2470.0,2470.0,1703.0,730.0,1728.0,742.0
1.0,4829.0,2476.0,2434.0,2470.0,2479.0,2479.0,1704.0,730.0,1733.0,743.0
1.0,4823.0,2486.0,2435.0,2479.0,2489.0,2489.0,1704.0,731.0,1741.0,745.0
1.0,4816.0,2482.0,2436.0,2489.0,2485.0,2485.0,1705.0,731.0,1737.0,745.0
1.0,4823.0,2476.0,2436.0,2485.0,2476.0,2476.0,1705.0,731.0,1734.0,742.0
1.0,4832.0,2460.0,2437.0,2476.0,2463.0,2463.0,1706.0,731.0,1722.0,738.0
1.0,4848.0,2450.0,2437.0,2463.0,2450.0,2450.0,1706.0,731.0,1714.0,736.0
1.0,4861.0,2431.0,2439.0,2450.0,2437.0,2437.0,1707.0,732.0,1702.0,729.0
1.0,4880.0,2426.0,2439.0,2437.0,2426.0,2426.0,1707.0,732.0,1699.0,727.0
1.0,4891.0,2421.0,2440.0,2426.0,2424.0,2424.0,1708.0,732.0,1695.0,726.0
1.0,4896.0,2430.0,2440.0,2424.0,2430.0,2430.0,1708.0,732.0,1702.0,728.0
1.0,4890.0,2443.0,2440.0,2430.0,2443.0,2443.0,1708.0,732.0,1708.0,735.0
1.0,4877.0,2459.0,2441.0,2443.0,2462.0,2462.0,1709.0,732.0,1722.0,737.0
1.0,4861.0,2473.0,2442.0,2462.0,2476.0,2476.0,1709.0,733.0,1731.0,742.0
1.0,4850.0,2485.0,2443.0,2476.0,2488.0,2488.0,1710.0,733.0,1739.0,746.0
1.0,4841.0,2494.0,2443.0,2488.0,2494.0,2494.0,1710.0,733.0,1747.0,747.0
1.0,4835.0,2493.0,2444.0,2494.0,2496.0,2496.0,1711.0,733.0,1743.0,750.0
1.0,4836.0,2485.0,2445.0,2496.0,2488.0,2488.0,1711.0,734.0,1740.0,745.0
1.0,4847.0,2469.0,2446.0,2488.0,2472.0,2472.0,1712.0,734.0,1728.0,741.0
1.0,4866.0,2456.0,2446.0,2472.0,2456.0,2456.0,1712.0,734.0,1720.0,736.0
1.0,4882.0,2440.0,2447.0,2456.0,2443.0,2443.0,1713.0,734.0,1708.0,732.0
1.0,4898.0,2437.0,2447.0,2443.0,2437.0,2437.0,1713.0,734.0,1705.0,732.0
1.0,4904.0,2430.0,2448.0,2437.0,2433.0,2433.0,1714.0,734.0,1701.0,729.0
1.0,4911.0,2439.0,2449.0,2433.0,2442.0,2442.0,1714.0,735.0,1708.0,731.0
1.0,4905.0,2449.0,2449.0,2442.0,2449.0,2449.0,1714.0,735.0,1714.0,735.0
1.0,4898.0,2468.0,2450.0,2449.0,2471.0,2471.0,1715.0,735.0,1728.0,740.0
1.0,4879.0,2484.0,2450.0,2471.0,2484.0,2484.0,1715.0,735.0,1737.0,747.0
1.0,4866.0,2497.0,2452.0,2484.0,2503.0,2503.0,1716.0,736.0,1749.0,748.0
1.0,4853.0,2500.0,2452.0,2503.0,2500.0,2500.0,1716.0,736.0,1750.0,750.0
1.0,4856.0,2499.0,2453.0,2500.0,2502.0,2502.0,1717.0,736.0,1749.0,750.0
1.0,4857.0,2493.0,2453.0,2502.0,2493.0,2493.0,1717.0,736.0,1746.0,747.0
1.0,4866.0,2480.0,2454.0,2493.0,2483.0,2483.0,1718.0,736.0,1734.0,746.0
1.0,4879.0,2465.0,2454.0,2483.0,2465.0,2465.0,1718.0,736.0,1726.0,739.0
1.0,4897.0,2449.0,2456.0,2465.0,2455.0,2455.0,1719.0,737.0,1714.0,735.0
1.0,4913.0,2443.0,2456.0,2455.0,2443.0,2443.0,1719.0,737.0,1711.0,732.0
1.0,4925.0,2439.0,2457.0,2443.0,2442.0,2442.0,1720.0,737.0,1707.0,732.0
1.0,4929.0,2451.0,2457.0,2442.0,2451.0,2451.0,1720.0,737.0,1714.0,737.0
1.0,4920.0,2457.0,2459.0,2451.0,2463.0,2463.0,1721.0,738.0,1720.0,737.0
1.0,4914.0,2477.0,2459.0,2463.0,2477.0,2477.0,1721.0,738.0,1735.0,742.0
1.0,4900.0,2490.0,2460.0,2477.0,2493.0,2493.0,1722.0,738.0,1743.0,747.0
1.0,4887.0,2506.0,2460.0,2493.0,2506.0,2506.0,1722.0,738.0,1755.0,751.0
1.0,4874.0,2512.0,2460.0,2506.0,2512.0,2512.0,1722.0,738.0,1756.0,756.0
1.0,4868.0,2510.0,2462.0,2512.0,2516.0,2516.0,1723.0,739.0,1758.0,752.0
1.0,4870.0,2499.0,2462.0,2516.0,2499.0,2499.0,1723.0,739.0,1749.0,750.0
1.0,4887.0,2486.0,2463.0,2499.0,2489.0,2489.0,1724.0,739.0,1740.0,746.0
1.0,4900.0,2473.0,2463.0,2489.0,2473.0,2473.0,1724.0,739.0,1732.0,741.0
1.0,4916.0,2460.0,2464.0,2473.0,2463.0,2463.0,1725.0,739.0,1720.0,740.0
1.0,4929.0,2452.0,2465.0,2463.0,2455.0,2455.0,1725.0,740.0,1717.0,735.0
1.0,4940.0,2447.0,2466.0,2455.0,2450.0,2450.0,1726.0,740.0,1713.0,734.0
1.0,4948.0,2457.0,2466.0,2450.0,2457.0,2457.0,1726.0,740.0,1721.0,736.0
1.0,4941.0,2466.0,2467.0,2457.0,2469.0,2469.0,1727.0,740.0,1726.0,740.0
1.0,4932.0,2489.0,2467.0,2469.0,2489.0,2489.0,1727.0,740.0,1741.0,748.0
1.0,4912.0,2499.0,2468.0,2489.0,2502.0,2502.0,1728.0,740.0,1749.0,750.0
1.0,4902.0,2514.0,2469.0,2502.0,2517.0,2517.0,1728.0,741.0,1761.0,753.0
1.0,4890.0,2517.0,2469.0,2517.0,2517.0,2517.0,1728.0,741.0,1762.0,755.0
1.0,4890.0,2519.0,2470.0,2517.0,2522.0,2522.0,1729.0,741.0,1764.0,755.0
1.0,4888.0,2510.0,2470.0,2522.0,2510.0,2510.0,1729.0,741.0,1755.0,755.0
1.0,4900.0,2494.0,2472.0,2510.0,2500.0,2500.0,1730.0,742.0,1746.0,748.0
1.0,4916.0,2482.0,2472.0,2500.0,2482.0,2482.0,1730.0,742.0,1738.0,744.0
1.0,4934.0,2466.0,2473.0,2482.0,2469.0,2469.0,1731.0,742.0,1726.0,740.0
1.0,4950.0,2460.0,2473.0,2469.0,2460.0,2460.0,1731.0,742.0,1723.0,737.0
1.0,4959.0,2459.0,2474.0,2460.0,2462.0,2462.0,1732.0,742.0,1719.0,740.0
1.0,4960.0,2466.0,2475.0,2462.0,2469.0,2469.0,1732.0,743.0,1727.0,739.0
1.0,4956.0,2475.0,2476.0,2469.0,2478.0,2478.0,1733.0,743.0,1732.0,743.0
1.0,4950.0,2494.0,2476.0,2478.0,2494.0,2494.0,1733.0,743.0,1747.0,747.0
1.0,4934.0,2507.0,2477.0,2494.0,2510.0,2510.0,1734.0,743.0,1755.0,752.0
1.0,4921.0,2526.0,2477.0,2510.0,2526.0,2526.0,1734.0,743.0,1767.0,759.0
1.0,4905.0,2526.0,2479.0,2526.0,2532.0,2532.0,1735.0,744.0,1768.0,758.0
1.0,4905.0,2528.0,2479.0,2532.0,2528.0,2528.0,1735.0,744.0,1770.0,758.0
1.0,4909.0,2516.0,2479.0,2528.0,2516.0,2516.0,1735.0,744.0,1761.0,755.0
1.0,4921.0,2509.0,2480.0,2516.0,2512.0,2512.0,1736.0,744.0,1755.0,754.0
1.0,4928.0,2487.0,2480.0,2512.0,2487.0,2487.0,1736.0,744.0,1741.0,746.0
1.0,4953.0,2474.0,2482.0,2487.0,2480.0,2480.0,1737.0,745.0,1732.0,742.0
1.0,4966.0,2469.0,2482.0,2480.0,2469.0,2469.0,1737.0,745.0,1729.0,740.0
1.0,4977.0,2464.0,2483.0,2469.0,2467.0,2467.0,1738.0,745.0,1725.0,739.0
1.0,4982.0,2474.0,2483.0,2467.0,2474.0,2474.0,1738.0,745.0,1733.0,741.0
1.0,4975.0,2487.0,2484.0,2474.0,2490.0,2490.0,1739.0,745.0,1739.0,748.0
1.0,4962.0,2503.0,2485.0,2490.0,2506.0,2506.0,1739.0,746.0,1753.0,750.0
1.0,4949.0,2516.0,2486.0,2506.0,2519.0,2519.0,1740.0,746.0,1761.0,755.0
1.0,4939.0,2532.0,2486.0,2519.0,2532.0,2532.0,1740.0,746.0,1773.0,759.0
1.0,4926.0,2534.0,2487.0,2532.0,2537.0,2537.0,1741.0,746.0,1774.0,760.0
1.0,4924.0,2540.0,2487.0,2537.0,2540.0,2540.0,1741.0,746.0,1777.0,763.0
1.0,4921.0,2525.0,2489.0,2540.0,2531.0,2531.0,1742.0,747.0,1767.0,758.0
1.0,4936.0,2515.0,2489.0,2531.0,2515.0,2515.0,1742.0,747.0,1761.0,754.0
1.0,4952.0,2496.0,2489.0,2515.0,2496.0,2496.0,1742.0,747.0,1747.0,749.0
1.0,4971.0,2486.0,2490.0,2496.0,2489.0,2489.0,1743.0,747.0,1741.0,745.0
1.0,4981.0,2477.0,2490.0,2489.0,2477.0,2477.0,1743.0,747.0,1732.0,745.0
1.0,4993.0,2473.0,2492.0,2477.0,2479.0,2479.0,1744.0,748.0,1731.0,742.0
1.0,4997.0,2483.0,2492.0,2479.0,2483.0,2483.0,1744.0,748.0,1739.0,744.0
1.0,4993.0,2493.0,2493.0,2483.0,2496.0,2496.0,1745.0,748.0,1745.0,748.0
1.0,4983.0,2512.0,2493.0,2496.0,2512.0,2512.0,1745.0,748.0,1759.0,753.0
1.0,4967.0,2527.0,2494.0,2512.0,2530.0,2530.0,1746.0,748.0,1767.0,760.0
1.0,4952.0,2540.0,2494.0,2530.0,2540.0,2540.0,1746.0,748.0,1779.0,761.0
1.0,4942.0,2543.0,2496.0,2540.0,2549.0,2549.0,1747.0,749.0,1780.0,763.0
1.0,4939.0,2546.0,2496.0,2549.0,2546.0,2546.0,1747.0,749.0,1783.0,763.0
1.0,4942.0,2534.0,2497.0,2546.0,2537.0,2537.0,1748.0,749.0,1774.0,760.0
1.0,4954.0,2526.0,2497.0,2537.0,2526.0,2526.0,1748.0,749.0,1767.0,759.0
1.0,4965.0,2505.0,2499.0,2526.0,2511.0,2511.0,1749.0,750.0,1753.0,752.0
1.0,4986.0,2495.0,2499.0,2511.0,2495.0,2495.0,1749.0,750.0,1747.0,748.0
1.0,5002.0,2483.0,2499.0,2495.0,2483.0,2483.0,1749.0,750.0,1738.0,745.0
1.0,5014.0,2485.0,2500.0,2483.0,2488.0,2488.0,1750.0,750.0,1740.0,745.0
1.0,5012.0,2492.0,2500.0,2488.0,2492.0,2492.0,1750.0,750.0,1742.0,750.0
1.0,5008.0,2504.0,2502.0,2492.0,2510.0,2510.0,1751.0,751.0,1754.0,750.0
1.0,4996.0,2517.0,2502.0,2510.0,2517.0,2517.0,1751.0,751.0,1762.0,755.0
1.0,4989.0,2533.0,2503.0,2517.0,2536.0,2536.0,1752.0,751.0,1773.0,760.0
1.0,4973.0,2549.0,2503.0,2536.0,2549.0,2549.0,1752.0,751.0,1785.0,764.0
1.0,4960.0,2555.0,2504.0,2549.0,2558.0,2558.0,1753.0,751.0,1786.0,769.0
1.0,4954.0,2554.0,2505.0,2558.0,2557.0,2557.0,1753.0,752.0,1789.0,765.0
1.0,4958.0,2543.0,2506.0,2557.0,2546.0,2546.0,1754.0,752.0,1780.0,763.0
1.0,4972.0,2532.0,2506.0,2546.0,2532.0,2532.0,1754.0,752.0,1773.0,759.0
1.0,4986.0,2517.0,2507.0,2532.0,2520.0,2520.0,1755.0,752.0,1760.0,757.0
1.0,5001.0,2503.0,2507.0,2520.0,2503.0,2503.0,1755.0,752.0,1753.0,750.0
1.0,5018.0,2492.0,2509.0,2503.0,2498.0,2498.0,1756.0,753.0,1744.0,748.0
1.0,5029.0,2493.0,2509.0,2498.0,2493.0,2493.0,1756.0,753.0,1746.0,747.0
1.0,5034.0,2497.0,2509.0,2493.0,2497.0,2497.0,1756.0,753.0,1748.0,749.0
1.0,5030.0,2513.0,2510.0,2497.0,2516.0,2516.0,1757.0,753.0,1760.0,753.0
1.0,5014.0,2529.0,2510.0,2516.0,2529.0,2529.0,1757.0,753.0,1768.0,761.0
1.0,5001.0,2542.0,2512.0,2529.0,2548.0,2548.0,1758.0,754.0,1779.0,763.0
1.0,4988.0,2557.0,2512.0,2548.0,2557.0,2557.0,1758.0,754.0,1791.0,766.0
1.0,4979.0,2560.0,2513.0,2557.0,2563.0,2563.0,1759.0,754.0,1792.0,768.0
1.0,4976.0,2563.0,2513.0,2563.0,2563.0,2563.0,1759.0,754.0,1795.0,768.0
1.0,4976.0,2554.0,2514.0,2563.0,2557.0,2557.0,1760.0,754.0,1786.0,768.0
1.0,4985.0,2540.0,2514.0,2557.0,2540.0,2540.0,1760.0,754.0,1779.0,761.0
1.0,5002.0,2523.0,2516.0,2540.0,2529.0,2529.0,1761.0,755.0,1766.0,757.0
1.0,5019.0,2512.0,2516.0,2529.0,2512.0,2512.0,1761.0,755.0,1759.0,753.0
1.0,5036.0,2500.0,2517.0,2512.0,2503.0,2503.0,1762.0,755.0,1750.0,750.0
1.0,5048.0,2505.0,2517.0,2503.0,2505.0,2505.0,1762.0,755.0,1752.0,753.0
1.0,5046.0,2506.0,2519.0,2505.0,2512.0,2512.0,1763.0,756.0,1754.0,752.0
1.0,5045.0,2522.0,2519.0,2512.0,2522.0,2522.0,1763.0,756.0,1766.0,756.0
1.0,5035.0,2534.0,2519.0,2522.0,2534.0,2534.0,1763.0,756.0,1774.0,760.0
1.0,5023.0,2556.0,2520.0,2534.0,2559.0,2559.0,1764.0,756.0,1788.0,768.0
1.0,5001.0,2563.0,2520.0,2559.0,2563.0,2563.0,1764.0,756.0,1794.0,769.0
1.0,4997.0,2569.0,2522.0,2563.0,2575.0,2575.0,1765.0,757.0,1798.0,771.0
1.0,4991.0,2572.0,2522.0,2575.0,2572.0,2572.0,1765.0,757.0,1801.0,771.0
1.0,4994.0,2560.0,2523.0,2572.0,2563.0,2563.0,1766.0,757.0,1792.0,768.0
1.0,5006.0,2549.0,2523.0,2563.0,2549.0,2549.0,1766.0,757.0,1785.0,764.0
1.0,5020.0,2534.0,2524.0,2549.0,2537.0,2537.0,1767.0,757.0,1772.0,762.0
1.0,5035.0,2520.0,2525.0,2537.0,2523.0,2523.0,1767.0,758.0,1765.0,755.0
1.0,5052.0,2509.0,2526.0,2523.0,2512.0,2512.0,1768.0,758.0,1756.0,753.0
1.0,5066.0,2511.0,2526.0,2512.0,2511.0,2511.0,1768.0,758.0,1759.0,752.0
1.0,5067.0,2514.0,2527.0,2511.0,2517.0,2517.0,1769.0,758.0,1760.0,754.0
1.0,5064.0,2533.0,2527.0,2517.0,2533.0,2533.0,1769.0,758.0,1772.0,761.0
1.0,5048.0,2543.0,2528.0,2533.0,2546.0,2546.0,1770.0,758.0,1780.0,763.0
1.0,5038.0,2562.0,2529.0,2546.0,2565.0,2565.0,1770.0,759.0,1794.0,768.0
1.0,5022.0,2572.0,2529.0,2565.0,2572.0,2572.0,1770.0,759.0,1800.0,772.0
1.0,5015.0,2581.0,2530.0,2572.0,2584.0,2584.0,1771.0,759.0,1808.0,773.0
1.0,5006.0,2580.0,2530.0,2584.0,2580.0,2580.0,1771.0,759.0,1804.0,776.0
1.0,5010.0,2569.0,2532.0,2580.0,2575.0,2575.0,1772.0,760.0,1798.0,771.0
1.0,5021.0,2558.0,2532.0,2575.0,2558.0,2558.0,1772.0,760.0,1791.0,767.0
1.0,5038.0,2540.0,2533.0,2558.0,2543.0,2543.0,1773.0,760.0,1778.0,762.0
1.0,5056.0,2529.0,2533.0,2543.0,2529.0,2529.0,1773.0,760.0,1771.0,758.0
1.0,5070.0,2520.0,2534.0,2529.0,2523.0,2523.0,1774.0,760.0,1762.0,758.0
1.0,5079.0,2520.0,2534.0,2523.0,2520.0,2520.0,1774.0,760.0,1765.0,755.0
1.0,5082.0,2523.0,2536.0,2520.0,2529.0,2529.0,1775.0,761.0,1766.0,757.0
1.0,5079.0,2539.0,2536.0,2529.0,2539.0,2539.0,1775.0,761.0,1778.0,761.0
1.0,5069.0,2552.0,2537.0,2539.0,2555.0,2555.0,1776.0,761.0,1786.0,766.0
1.0,5056.0,2573.0,2537.0,2555.0,2573.0,2573.0,1776.0,761.0,1800.0,773.0
1.0,5038.0,2580.0,2539.0,2573.0,2586.0,2586.0,1777.0,762.0,1806.0,774.0
1.0,5031.0,2590.0,2539.0,2586.0,2590.0,2590.0,1777.0,762.0,1814.0,776.0
1.0,5027.0,2586.0,2539.0,2590.0,2586.0,2586.0,1777.0,762.0,1810.0,776.0
1.0,5031.0,2580.0,2540.0,2586.0,2583.0,2583.0,1778.0,762.0,1807.0,773.0
1.0,5037.0,2567.0,2540.0,2583.0,2567.0,2567.0,1778.0,762.0,1795.0,772.0
1.0,5053.0,2549.0,2541.0,2567.0,2552.0,2552.0,1779.0,762.0,1784.0,765.0
1.0,5071.0,2538.0,2542.0,2552.0,2541.0,2541.0,1779.0,763.0,1777.0,761.0
1.0,5085.0,2526.0,2543.0,2541.0,2529.0,2529.0,1780.0,763.0,1768.0,758.0
1.0,5100.0,2529.0,2543.0,2529.0,2529.0,2529.0,1780.0,763.0,1771.0,758.0
1.0,5100.0,2535.0,2544.0,2529.0,2538.0,2538.0,1781.0,763.0,1772.0,763.0
1.0,5094.0,2547.0,2545.0,2538.0,2550.0,2550.0,1781.0,764.0,1784.0,763.0
1.0,5085.0,2560.0,2546.0,2550.0,2563.0,2563.0,1782.0,764.0,1792.0,768.0
1.0,5075.0,2579.0,2546.0,2563.0,2579.0,2579.0,1782.0,764.0,1806.0,773.0
1.0,5059.0,2589.0,2547.0,2579.0,2592.0,2592.0,1783.0,764.0,1812.0,777.0
1.0,5049.0,2602.0,2547.0,2592.0,2602.0,2602.0,1783.0,764.0,1820.0,782.0
1.0,5039.0,2594.0,2549.0,2602.0,2600.0,2600.0,1784.0,765.0,1816.0,778.0
1.0,5047.0,2589.0,2549.0,2600.0,2589.0,2589.0,1784.0,765.0,1813.0,776.0
1.0,5058.0,2573.0,2549.0,2589.0,2573.0,2573.0,1784.0,765.0,1801.0,772.0
1.0,5074.0,2560.0,2550.0,2573.0,2563.0,2563.0,1785.0,765.0,1793.0,767.0
1.0,5087.0,2547.0,2550.0,2563.0,2547.0,2547.0,1785.0,765.0,1781.0,766.0
1.0,5103.0,2535.0,2552.0,2547.0,2541.0,2541.0,1786.0,766.0,1774.0,761.0
1.0,5115.0,2537.0,2552.0,2541.0,2537.0,2537.0,1786.0,766.0,1777.0,760.0
1.0,5119.0,2540.0,2553.0,2537.0,2543.0,2543.0,1787.0,766.0,1778.0,762.0
1.0,5116.0,2556.0,2553.0,2543.0,2556.0,2556.0,1787.0,766.0,1790.0,766.0
1.0,5103.0,2572.0,2554.0,2556.0,2575.0,2575.0,1788.0,766.0,1798.0,774.0
1.0,5087.0,2588.0,2554.0,2575.0,2588.0,2588.0,1788.0,766.0,1812.0,776.0
1.0,5074.0,2597.0,2556.0,2588.0,2603.0,2603.0,1789.0,767.0,1818.0,779.0
1.0,5065.0,2607.0,2556.0,2603.0,2607.0,2607.0,1789.0,767.0,1826.0,781.0
1.0,5061.0,2603.0,2557.0,2607.0,2606.0,2606.0,1790.0,767.0,1822.0,781.0
1.0,5065.0,2600.0,2557.0,2606.0,2600.0,2600.0,1790.0,767.0,1819.0,781.0
1.0,5071.0,2581.0,2559.0,2600.0,2587.0,2587.0,1791.0,768.0,1807.0,774.0
1.0,5090.0,2569.0,2559.0,2587.0,2569.0,2569.0,1791.0,768.0,1799.0,770.0
1.0,5108.0,2553.0,2559.0,2569.0,2553.0,2553.0,1791.0,768.0,1787.0,766.0
1.0,5124.0,2547.0,2560.0,2553.0,2550.0,2550.0,1792.0,768.0,1784.0,763.0
1.0,5130.0,2546.0,2560.0,2550.0,2546.0,2546.0,1792.0,768.0,1780.0,766.0
1.0,5134.0,2552.0,2562.0,2546.0,2558.0,2558.0,1793.0,769.0,1787.0,765.0
1.0,5128.0,2562.0,2562.0,2558.0,2562.0,2562.0,1793.0,769.0,1793.0,769.0
1.0,5124.0,2577.0,2563.0,2562.0,2580.0,2580.0,1794.0,769.0,1804.0,773.0
1.0,5109.0,2597.0,2563.0,2580.0,2597.0,2597.0,1794.0,769.0,1819.0,778.0
1.0,5092.0,2609.0,2564.0,2597.0,2612.0,2612.0,1795.0,769.0,1824.0,785.0
1.0,5080.0,2616.0,2565.0,2612.0,2619.0,2619.0,1795.0,770.0,1832.0,784.0
1.0,5076.0,2612.0,2566.0,2619.0,2615.0,2615.0,1796.0,770.0,1828.0,784.0
1.0,5083.0,2606.0,2566.0,2615.0,2606.0,2606.0,1796.0,770.0,1825.0,781.0
1.0,5092.0,2593.0,2567.0,2606.0,2596.0,2596.0,1797.0,770.0,1813.0,780.0
1.0,5105.0,2577.0,2567.0,2596.0,2577.0,2577.0,1797.0,770.0,1805.0,772.0
1.0,5124.0,2561.0,2569.0,2577.0,2567.0,2567.0,1798.0,771.0,1793.0,768.0
1.0,5140.0,2556.0,2569.0,2567.0,2556.0,2556.0,1798.0,771.0,1790.0,766.0
1.0,5151.0,2551.0,2569.0,2556.0,2551.0,2551.0,1798.0,771.0,1786.0,765.0
1.0,5156.0,2560.0,2570.0,2551.0,2563.0,2563.0,1799.0,771.0,1793.0,767.0
1.0,5147.0,2573.0,2570.0,2563.0,2573.0,2573.0,1799.0,771.0,1799.0,774.0
1.0,5137.0,2586.0,2572.0,2573.0,2592.0,2592.0,1800.0,772.0,1810.0,776.0
1.0,5124.0,2606.0,2572.0,2592.0,2606.0,2606.0,1800.0,772.0,1825.0,781.0
1.0,5110.0,2615.0,2573.0,2606.0,2618.0,2618.0,1801.0,772.0,1830.0,785.0
1.0,5101.0,2624.0,2573.0,2618.0,2624.0,2624.0,1801.0,772.0,1838.0,786.0
1.0,5095.0,2623.0,2574.0,2624.0,2626.0,2626.0,1802.0,772.0,1834.0,789.0
1.0,5096.0,2615.0,2575.0,2626.0,2618.0,2618.0,1802.0,773.0,1831.0,784.0
1.0,5107.0,2599.0,2576.0,2618.0,2602.0,2602.0,1803.0,773.0,1819.0,780.0
1.0,5126.0,2586.0,2576.0,2602.0,2586.0,2586.0,1803.0,773.0,1811.0,775.0
1.0,5142.0,2570.0,2577.0,2586.0,2573.0,2573.0,1804.0,773.0,1799.0,771.0
1.0,5158.0,2567.0,2577.0,2573.0,2567.0,2567.0,1804.0,773.0,1796.0,771.0
1.0,5164.0,2560.0,2579.0,2567.0,2566.0,2566.0,1805.0,774.0,1792.0,768.0
1.0,5171.0,2569.0,2579.0,2566.0,2569.0,2569.0,1805.0,774.0,1799.0,770.0
1.0,5168.0,2579.0,2579.0,2569.0,2579.0,2579.0,1805.0,774.0,1805.0,774.0
1.0,5158.0,2598.0,2580.0,2579.0,2601.0,2601.0,1806.0,774.0,1819.0,779.0
1.0,5139.0,2614.0,2580.0,2601.0,2614.0,2614.0,1806.0,774.0,1828.0,786.0
1.0,5126.0,2627.0,2581.0,2614.0,2630.0,2630.0,1807.0,774.0,1840.0,787.0
1.0,5113.0,2630.0,2582.0,2630.0,2633.0,2633.0,1807.0,775.0,1841.0,789.0
1.0,5113.0,2629.0,2583.0,2633.0,2632.0,2632.0,1808.0,775.0,1840.0,789.0
1.0,5117.0,2623.0,2583.0,2632.0,2623.0,2623.0,1808.0,775.0,1837.0,786.0
1.0,5126.0,2610.0,2584.0,2623.0,2613.0,2613.0,1809.0,775.0,1825.0,785.0
1.0,5139.0,2595.0,2585.0,2613.0,2598.0,2598.0,1809.0,776.0,1817.0,778.0
1.0,5157.0,2579.0,2586.0,2598.0,2582.0,2582.0,1810.0,776.0,1805.0,774.0
1.0,5176.0,2573.0,2586.0,2582.0,2573.0,2573.0,1810.0,776.0,1802.0,771.0
1.0,5185.0,2569.0,2587.0,2573.0,2572.0,2572.0,1811.0,776.0,1798.0,771.0
1.0,5189.0,2581.0,2587.0,2572.0,2581.0,2581.0,1811.0,776.0,1805.0,776.0
1.0,5180.0,2587.0,2589.0,2581.0,2593.0,2593.0,1812.0,777.0,1811.0,776.0
1.0,5174.0,2607.0,2589.0,2593.0,2607.0,2607.0,1812.0,777.0,1826.0,781.0
1.0,5160.0,2620.0,2589.0,2607.0,2620.0,2620.0,1812.0,777.0,1834.0,786.0
1.0,5147.0,2636.0,2590.0,2620.0,2639.0,2639.0,1813.0,777.0,1846.0,790.0
1.0,5131.0,2642.0,2590.0,2639.0,2642.0,2642.0,1813.0,777.0,1847.0,795.0
1.0,5128.0,2640.0,2592.0,2642.0,2646.0,2646.0,1814.0,778.0,1849.0,791.0
1.0,5130.0,2629.0,2592.0,2646.0,2629.0,2629.0,1814.0,778.0,1840.0,789.0
1.0,5147.0,2616.0,2593.0,2629.0,2619.0,2619.0,1815.0,778.0,1831.0,785.0
1.0,5160.0,2606.0,2593.0,2619.0,2606.0,2606.0,1815.0,778.0,1823.0,783.0
1.0,5173.0,2587.0,2594.0,2606.0,2590.0,2590.0,1816.0,778.0,1811.0,776.0
1.0,5192.0,2582.0,2595.0,2590.0,2585.0,2585.0,1816.0,779.0,1808.0,774.0
1.0,5200.0,2577.0,2596.0,2585.0,2580.0,2580.0,1817.0,779.0,1804.0,773.0
1.0,5208.0,2587.0,2596.0,2580.0,2587.0,2587.0,1817.0,779.0,1812.0,775.0
1.0,5201.0,2596.0,2597.0,2587.0,2599.0,2599.0,1818.0,779.0,1817.0,779.0
1.0,5192.0,2619.0,2597.0,2599.0,2619.0,2619.0,1818.0,779.0,1832.0,787.0
1.0,5172.0,2629.0,2599.0,2619.0,2635.0,2635.0,1819.0,780.0,1840.0,789.0
1.0,5162.0,2644.0,2599.0,2635.0,2644.0,2644.0,1819.0,780.0,1852.0,792.0
1.0,5153.0,2647.0,2600.0,2644.0,2650.0,2650.0,1820.0,780.0,1853.0,794.0
1.0,5150.0,2649.0,2600.0,2650.0,2649.0,2649.0,1820.0,780.0,1855.0,794.0
1.0,5151.0,2640.0,2600.0,2649.0,2640.0,2640.0,1820.0,780.0,1846.0,794.0
1.0,5160.0,2627.0,2601.0,2640.0,2630.0,2630.0,1821.0,780.0,1840.0,787.0
1.0,5173.0,2609.0,2602.0,2630.0,2612.0,2612.0,1821.0,781.0,1826.0,783.0
1.0,5194.0,2596.0,2603.0,2612.0,2599.0,2599.0,1822.0,781.0,1817.0,779.0
1.0,5210.0,2590.0,2603.0,2599.0,2590.0,2590.0,1822.0,781.0,1814.0,776.0
1.0,5219.0,2589.0,2604.0,2590.0,2592.0,2592.0,1823.0,781.0,1810.0,779.0
1.0,5220.0,2596.0,2605.0,2592.0,2599.0,2599.0,1823.0,782.0,1818.0,778.0
1.0,5216.0,2605.0,2606.0,2599.0,2608.0,2608.0,1824.0,782.0,1823.0,782.0
1.0,5210.0,2624.0,2606.0,2608.0,2624.0,2624.0,1824.0,782.0,1838.0,786.0
1.0,5194.0,2640.0,2607.0,2624.0,2643.0,2643.0,1825.0,782.0,1846.0,794.0
1.0,5178.0,2653.0,2607.0,2643.0,2653.0,2653.0,1825.0,782.0,1858.0,795.0
1.0,5168.0,2656.0,2609.0,2653.0,2662.0,2662.0,1826.0,783.0,1859.0,797.0
1.0,5165.0,2658.0,2609.0,2662.0,2658.0,2658.0,1826.0,783.0,1861.0,797.0
1.0,5169.0,2646.0,2609.0,2658.0,2646.0,2646.0,1826.0,783.0,1852.0,794.0
1.0,5181.0,2636.0,2610.0,2646.0,2639.0,2639.0,1827.0,783.0,1846.0,790.0
1.0,5191.0,2620.0,2610.0,2639.0,2620.0,2620.0,1827.0,783.0,1832.0,788.0
1.0,5210.0,2604.0,2612.0,2620.0,2610.0,2610.0,1828.0,784.0,1823.0,781.0
1.0,5226.0,2599.0,2612.0,2610.0,2599.0,2599.0,1828.0,784.0,1820.0,779.0
1.0,5237.0,2594.0,2613.0,2599.0,2597.0,2597.0,1829.0,784.0,1816.0,778.0
1.0,5242.0,2604.0,2613.0,2597.0,2604.0,2604.0,1829.0,784.0,1824.0,780.0
1.0,5235.0,2617.0,2614.0,2604.0,2620.0,2620.0,1830.0,784.0,1830.0,787.0
1.0,5222.0,2633.0,2614.0,2620.0,2633.0,2633.0,1830.0,784.0,1844.0,789.0
1.0,5209.0,2646.0,2616.0,2633.0,2652.0,2652.0,1831.0,785.0,1852.0,794.0
1.0,5196.0,2662.0,2616.0,2652.0,2662.0,2662.0,1831.0,785.0,1864.0,798.0
1.0,5186.0,2664.0,2617.0,2662.0,2667.0,2667.0,1832.0,785.0,1865.0,799.0
1.0,5184.0,2670.0,2617.0,2667.0,2670.0,2670.0,1832.0,785.0,1868.0,802.0
1.0,5181.0,2655.0,2619.0,2670.0,2661.0,2661.0,1833.0,786.0,1858.0,797.0
1.0,5196.0,2645.0,2619.0,2661.0,2645.0,2645.0,1833.0,786.0,1852.0,793.0
1.0,5212.0,2626.0,2619.0,2645.0,2626.0,2626.0,1833.0,786.0,1838.0,788.0
1.0,5231.0,2616.0,2620.0,2626.0,2619.0,2619.0,1834.0,786.0,1832.0,784.0
1.0,5241.0,2607.0,2620.0,2619.0,2607.0,2607.0,1834.0,786.0,1823.0,784.0
1.0,5253.0,2603.0,2621.0,2607.0,2606.0,2606.0,1835.0,786.0,1822.0,781.0
1.0,5257.0,2613.0,2622.0,2606.0,2616.0,2616.0,1835.0,787.0,1830.0,783.0
1.0,5250.0,2623.0,2623.0,2616.0,2626.0,2626.0,1836.0,787.0,1836.0,787.0
1.0,5243.0,2642.0,2623.0,2626.0,2642.0,2642.0,1836.0,787.0,1850.0,792.0
1.0,5227.0,2657.0,2624.0,2642.0,2660.0,2660.0,1837.0,787.0,1858.0,799.0
1.0,5212.0,2670.0,2625.0,2660.0,2673.0,2673.0,1837.0,788.0,1870.0,800.0
1.0,5202.0,2673.0,2626.0,2673.0,2676.0,2676.0,1838.0,788.0,1871.0,802.0
1.0,5202.0,2676.0,2626.0,2676.0,2676.0,2676.0,1838.0,788.0,1874.0,802.0
1.0,5202.0,2664.0,2627.0,2676.0,2667.0,2667.0,1839.0,788.0,1865.0,799.0
1.0,5214.0,2656.0,2627.0,2667.0,2656.0,2656.0,1839.0,788.0,1858.0,798.0
1.0,5225.0,2635.0,2628.0,2656.0,2638.0,2638.0,1840.0,788.0,1844.0,791.0
1.0,5246.0,2625.0,2629.0,2638.0,2628.0,2628.0,1840.0,789.0,1838.0,787.0
1.0,5259.0,2613.0,2629.0,2628.0,2613.0,2613.0,1840.0,789.0,1829.0,784.0
1.0,5274.0,2615.0,2630.0,2613.0,2618.0,2618.0,1841.0,789.0,1831.0,784.0
1.0,5272.0,2622.0,2630.0,2618.0,2622.0,2622.0,1841.0,789.0,1833.0,789.0
1.0,5268.0,2631.0,2632.0,2622.0,2637.0,2637.0,1842.0,790.0,1842.0,789.0
1.0,5259.0,2650.0,2632.0,2637.0,2650.0,2650.0,1842.0,790.0,1856.0,794.0
1.0,5246.0,2663.0,2633.0,2650.0,2666.0,2666.0,1843.0,790.0,1864.0,799.0
1.0,5233.0,2679.0,2633.0,2666.0,2679.0,2679.0,1843.0,790.0,1876.0,803.0
1.0,5220.0,2685.0,2634.0,2679.0,2688.0,2688.0,1844.0,790.0,1877.0,808.0
1.0,5214.0,2684.0,2635.0,2688.0,2687.0,2687.0,1844.0,791.0,1880.0,804.0
1.0,5218.0,2673.0,2636.0,2687.0,2676.0,2676.0,1845.0,791.0,1871.0,802.0
1.0,5232.0,2662.0,2636.0,2676.0,2662.0,2662.0,1845.0,791.0,1864.0,798.0
1.0,5246.0,2644.0,2637.0,2662.0,2647.0,2647.0,1846.0,791.0,1851.0,793.0
1.0,5264.0,2636.0,2637.0,2647.0,2636.0,2636.0,1846.0,791.0,1844.0,792.0
1.0,5275.0,2622.0,2639.0,2636.0,2628.0,2628.0,1847.0,792.0,1835.0,787.0
1.0,5289.0,2623.0,2639.0,2628.0,2623.0,2623.0,1847.0,792.0,1837.0,786.0
1.0,5294.0,2627.0,2639.0,2623.0,2627.0,2627.0,1847.0,792.0,1839.0,788.0
1.0,5290.0,2643.0,2640.0,2627.0,2646.0,2646.0,1848.0,792.0,1851.0,792.0
1.0,5274.0,2659.0,2640.0,2646.0,2659.0,2659.0,1848.0,792.0,1859.0,800.0
1.0,5261.0,2675.0,2641.0,2659.0,2678.0,2678.0,1849.0,792.0,1873.0,802.0
1.0,5245.0,2684.0,2642.0,2678.0,2687.0,2687.0,1849.0,793.0,1879.0,805.0
1.0,5239.0,2690.0,2643.0,2687.0,2693.0,2693.0,1850.0,793.0,1883.0,807.0
1.0,5236.0,2693.0,2643.0,2693.0,2693.0,2693.0,1850.0,793.0,1886.0,807.0
1.0,5236.0,2684.0,2644.0,2693.0,2687.0,2687.0,1851.0,793.0,1877.0,807.0
1.0,5245.0,2670.0,2645.0,2687.0,2673.0,2673.0,1851.0,794.0,1870.0,800.0
1.0,5262.0,2653.0,2646.0,2673.0,2656.0,2656.0,1852.0,794.0,1857.0,796.0
1.0,5282.0,2642.0,2646.0,2656.0,2642.0,2642.0,1852.0,794.0,1850.0,792.0
1.0,5296.0,2630.0,2647.0,2642.0,2633.0,2633.0,1853.0,794.0,1841.0,789.0
1.0,5308.0,2635.0,2647.0,2633.0,2635.0,2635.0,1853.0,794.0,1843.0,792.0
1.0,5306.0,2636.0,2649.0,2635.0,2642.0,2642.0,1854.0,795.0,1845.0,791.0
1.0,5305.0,2652.0,2649.0,2642.0,2652.0,2652.0,1854.0,795.0,1857.0,795.0
1.0,5295.0,2664.0,2649.0,2652.0,2664.0,2664.0,1854.0,795.0,1865.0,799.0
1.0,5283.0,2683.0,2650.0,2664.0,2686.0,2686.0,1855.0,795.0,1879.0,804.0
1.0,5264.0,2696.0,2650.0,2686.0,2696.0,2696.0,1855.0,795.0,1885.0,811.0
1.0,5254.0,2699.0,2652.0,2696.0,2705.0,2705.0,1856.0,796.0,1889.0,810.0
1.0,5251.0,2702.0,2652.0,2705.0,2702.0,2702.0,1856.0,796.0,1892.0,810.0
1.0,5254.0,2690.0,2653.0,2702.0,2693.0,2693.0,1857.0,796.0,1883.0,807.0
1.0,5266.0,2682.0,2653.0,2693.0,2682.0,2682.0,1857.0,796.0,1876.0,806.0
1.0,5277.0,2661.0,2654.0,2682.0,2664.0,2664.0,1858.0,796.0,1863.0,798.0
1.0,5298.0,2650.0,2655.0,2664.0,2653.0,2653.0,1858.0,797.0,1856.0,794.0
1.0,5312.0,2639.0,2656.0,2653.0,2642.0,2642.0,1859.0,797.0,1847.0,792.0
1.0,5326.0,2641.0,2656.0,2642.0,2641.0,2641.0,1859.0,797.0,1850.0,791.0
1.0,5327.0,2644.0,2657.0,2641.0,2647.0,2647.0,1860.0,797.0,1851.0,793.0
1.0,5324.0,2663.0,2657.0,2647.0,2663.0,2663.0,1860.0,797.0,1863.0,800.0
1.0,5308.0,2673.0,2659.0,2663.0,2679.0,2679.0,1861.0,798.0,1871.0,802.0
1.0,5298.0,2692.0,2659.0,2679.0,2692.0,2692.0,1861.0,798.0,1885.0,807.0
1.0,5285.0,2702.0,2659.0,2692.0,2702.0,2702.0,1861.0,798.0,1891.0,811.0
1.0,5275.0,2711.0,2660.0,2702.0,2714.0,2714.0,1862.0,798.0,1899.0,812.0
1.0,5266.0,2710.0,2660.0,2714.0,2710.0,2710.0,1862.0,798.0,1895.0,815.0
1.0,5270.0,2699.0,2662.0,2710.0,2705.0,2705.0,1863.0,799.0,1889.0,810.0
1.0,5281.0,2688.0,2662.0,2705.0,2688.0,2688.0,1863.0,799.0,1882.0,806.0
1.0,5298.0,2670.0,2663.0,2688.0,2673.0,2673.0,1864.0,799.0,1869.0,801.0
1.0,5316.0,2659.0,2663.0,2673.0,2659.0,2659.0,1864.0,799.0,1862.0,797.0
1.0,5330.0,2650.0,2664.0,2659.0,2653.0,2653.0,1865.0,799.0,1853.0,797.0
1.0,5339.0,2650.0,2665.0,2653.0,2653.0,2653.0,1865.0,800.0,1856.0,794.0
1.0,5342.0,2653.0,2666.0,2653.0,2656.0,2656.0,1866.0,800.0,1857.0,796.0
1.0,5342.0,2669.0,2666.0,2656.0,2669.0,2669.0,1866.0,800.0,1869.0,800.0
1.0,5329.0,2682.0,2667.0,2669.0,2685.0,2685.0,1867.0,800.0,1877.0,805.0
1.0,5316.0,2703.0,2667.0,2685.0,2703.0,2703.0,1867.0,800.0,1891.0,812.0
1.0,5298.0,2710.0,2668.0,2703.0,2713.0,2713.0,1868.0,800.0,1897.0,813.0
1.0,5291.0,2720.0,2669.0,2713.0,2723.0,2723.0,1868.0,801.0,1905.0,815.0
1.0,5284.0,2716.0,2669.0,2723.0,2716.0,2716.0,1868.0,801.0,1901.0,815.0
1.0,5291.0,2710.0,2670.0,2716.0,2713.0,2713.0,1869.0,801.0,1898.0,812.0
1.0,5297.0,2697.0,2670.0,2713.0,2697.0,2697.0,1869.0,801.0,1886.0,811.0
1.0,5313.0,2679.0,2672.0,2697.0,2685.0,2685.0,1870.0,802.0,1875.0,804.0
1.0,5331.0,2668.0,2672.0,2685.0,2668.0,2668.0,1870.0,802.0,1868.0,800.0
1.0,5348.0,2656.0,2673.0,2668.0,2659.0,2659.0,1871.0,802.0,1859.0,797.0
1.0,5360.0,2659.0,2673.0,2659.0,2659.0,2659.0,1871.0,802.0,1862.0,797.0
1.0,5360.0,2665.0,2674.0,2659.0,2668.0,2668.0,1872.0,802.0,1863.0,802.0
1.0,5354.0,2677.0,2675.0,2668.0,2680.0,2680.0,1872.0,803.0,1875.0,802.0
1.0,5345.0,2690.0,2676.0,2680.0,2693.0,2693.0,1873.0,803.0,1883.0,807.0
1.0,5335.0,2709.0,2676.0,2693.0,2709.0,2709.0,1873.0,803.0,1897.0,812.0
1.0,5319.0,2719.0,2677.0,2709.0,2722.0,2722.0,1874.0,803.0,1903.0,816.0
1.0,5309.0,2732.0,2677.0,2722.0,2732.0,2732.0,1874.0,803.0,1911.0,821.0
1.0,5299.0,2724.0,2679.0,2732.0,2730.0,2730.0,1875.0,804.0,1907.0,817.0
1.0,5307.0,2719.0,2679.0,2730.0,2719.0,2719.0,1875.0,804.0,1904.0,815.0
1.0,5318.0,2703.0,2679.0,2719.0,2703.0,2703.0,1875.0,804.0,1892.0,811.0
1.0,5334.0,2693.0,2680.0,2703.0,2696.0,2696.0,1876.0,804.0,1884.0,809.0
1.0,5344.0,2674.0,2680.0,2696.0,2674.0,2674.0,1876.0,804.0,1872.0,802.0
1.0,5366.0,2665.0,2682.0,2674.0,2671.0,2671.0,1877.0,805.0,1865.0,800.0
1.0,5375.0,2667.0,2682.0,2671.0,2667.0,2667.0,1877.0,805.0,1868.0,799.0
1.0,5379.0,2670.0,2683.0,2667.0,2673.0,2673.0,1878.0,805.0,1869.0,801.0
1.0,5376.0,2686.0,2683.0,2673.0,2686.0,2686.0,1878.0,805.0,1881.0,805.0
1.0,5363.0,2702.0,2684.0,2686.0,2705.0,2705.0,1879.0,805.0,1889.0,813.0
1.0,5347.0,2718.0,2685.0,2705.0,2721.0,2721.0,1879.0,806.0,1903.0,815.0
1.0,5334.0,2727.0,2686.0,2721.0,2730.0,2730.0,1880.0,806.0,1909.0,818.0
1.0,5328.0,2737.0,2686.0,2730.0,2737.0,2737.0,1880.0,806.0,1917.0,820.0
1.0,5321.0,2733.0,2687.0,2737.0,2736.0,2736.0,1881.0,806.0,1913.0,820.0
1.0,5325.0,2730.0,2687.0,2736.0,2730.0,2730.0,1881.0,806.0,1910.0,820.0
1.0,5331.0,2711.0,2688.0,2730.0,2714.0,2714.0,1882.0,806.0,1898.0,813.0
1.0,5350.0,2699.0,2689.0,2714.0,2702.0,2702.0,1882.0,807.0,1890.0,809.0
1.0,5365.0,2683.0,2689.0,2702.0,2683.0,2683.0,1882.0,807.0,1878.0,805.0
1.0,5384.0,2677.0,2690.0,2683.0,2680.0,2680.0,1883.0,807.0,1875.0,802.0
1.0,5390.0,2676.0,2690.0,2680.0,2676.0,2676.0,1883.0,807.0,1871.0,805.0
1.0,5394.0,2679.0,2692.0,2676.0,2685.0,2685.0,1884.0,808.0,1875.0,804.0
1.0,5391.0,2695.0,2692.0,2685.0,2695.0,2695.0,1884.0,808.0,1887.0,808.0
1.0,5381.0,2707.0,2693.0,2695.0,2710.0,2710.0,1885.0,808.0,1895.0,812.0
1.0,5369.0,2730.0,2693.0,2710.0,2730.0,2730.0,1885.0,808.0,1910.0,820.0
1.0,5349.0,2736.0,2694.0,2730.0,2739.0,2739.0,1886.0,808.0,1915.0,821.0
1.0,5343.0,2746.0,2695.0,2739.0,2749.0,2749.0,1886.0,809.0,1923.0,823.0
1.0,5336.0,2742.0,2696.0,2749.0,2745.0,2745.0,1887.0,809.0,1919.0,823.0
1.0,5343.0,2736.0,2696.0,2745.0,2736.0,2736.0,1887.0,809.0,1916.0,820.0
1.0,5352.0,2720.0,2697.0,2736.0,2723.0,2723.0,1888.0,809.0,1904.0,816.0
1.0,5368.0,2710.0,2697.0,2723.0,2710.0,2710.0,1888.0,809.0,1896.0,814.0
1.0,5381.0,2691.0,2699.0,2710.0,2697.0,2697.0,1889.0,810.0,1884.0,807.0
1.0,5400.0,2686.0,2699.0,2697.0,2686.0,2686.0,1889.0,810.0,1881.0,805.0
1.0,5411.0,2681.0,2700.0,2686.0,2684.0,2684.0,1890.0,810.0,1877.0,804.0
1.0,5416.0,2690.0,2700.0,2684.0,2690.0,2690.0,1890.0,810.0,1884.0,806.0
1.0,5410.0,2703.0,2700.0,2690.0,2703.0,2703.0,1890.0,810.0,1890.0,813.0
1.0,5397.0,2719.0,2701.0,2703.0,2722.0,2722.0,1891.0,810.0,1904.0,815.0
1.0,5381.0,2733.0,2702.0,2722.0,2736.0,2736.0,1891.0,811.0,1913.0,820.0
1.0,5370.0,2745.0,2703.0,2736.0,2748.0,2748.0,1892.0,811.0,1921.0,824.0
1.0,5361.0,2754.0,2703.0,2748.0,2754.0,2754.0,1892.0,811.0,1929.0,825.0
1.0,5355.0,2753.0,2704.0,2754.0,2756.0,2756.0,1893.0,811.0,1925.0,828.0
1.0,5356.0,2745.0,2705.0,2756.0,2748.0,2748.0,1893.0,812.0,1922.0,823.0
1.0,5367.0,2729.0,2706.0,2748.0,2732.0,2732.0,1894.0,812.0,1910.0,819.0
1.0,5386.0,2716.0,2706.0,2732.0,2716.0,2716.0,1894.0,812.0,1902.0,814.0
1.0,5402.0,2700.0,2707.0,2716.0,2703.0,2703.0,1895.0,812.0,1890.0,810.0
1.0,5418.0,2697.0,2707.0,2703.0,2697.0,2697.0,1895.0,812.0,1887.0,810.0
1.0,5424.0,2690.0,2708.0,2697.0,2693.0,2693.0,1896.0,812.0,1883.0,807.0
1.0,5431.0,2699.0,2709.0,2693.0,2702.0,2702.0,1896.0,813.0,1890.0,809.0
1.0,5425.0,2709.0,2709.0,2702.0,2709.0,2709.0,1896.0,813.0,1896.0,813.0
1.0,5418.0,2728.0,2710.0,2709.0,2731.0,2731.0,1897.0,813.0,1910.0,818.0
1.0,5399.0,2744.0,2710.0,2731.0,2744.0,2744.0,1897.0,813.0,1919.0,825.0
1.0,5386.0,2757.0,2712.0,2744.0,2763.0,2763.0,1898.0,814.0,1931.0,826.0
1.0,5373.0,2760.0,2712.0,2763.0,2760.0,2760.0,1898.0,814.0,1932.0,828.0
1.0,5376.0,2759.0,2713.0,2760.0,2762.0,2762.0,1899.0,814.0,1931.0,828.0
1.0,5377.0,2753.0,2713.0,2762.0,2753.0,2753.0,1899.0,814.0,1928.0,825.0
1.0,5386.0,2740.0,2714.0,2753.0,2743.0,2743.0,1900.0,814.0,1916.0,824.0
1.0,5399.0,2725.0,2714.0,2743.0,2725.0,2725.0,1900.0,814.0,1908.0,817.0
1.0,5417.0,2709.0,2716.0,2725.0,2715.0,2715.0,1901.0,815.0,1896.0,813.0
1.0,5433.0,2703.0,2716.0,2715.0,2703.0,2703.0,1901.0,815.0,1893.0,810.0
1.0,5445.0,2699.0,2717.0,2703.0,2702.0,2702.0,1902.0,815.0,1889.0,810.0
1.0,5449.0,2711.0,2717.0,2702.0,2711.0,2711.0,1902.0,815.0,1896.0,815.0
1.0,5440.0,2717.0,2719.0,2711.0,2723.0,2723.0,1903.0,816.0,1902.0,815.0
1.0,5434.0,2737.0,2719.0,2723.0,2737.0,2737.0,1903.0,816.0,1917.0,820.0
1.0,5420.0,2750.0,2720.0,2737.0,2753.0,2753.0,1904.0,816.0,1925.0,825.0
1.0,5407.0,2766.0,2720.0,2753.0,2766.0,2766.0,1904.0,816.0,1937.0,829.0
1.0,5394.0,2772.0,2720.0,2766.0,2772.0,2772.0,1904.0,816.0,1938.0,834.0
1.0,5388.0,2770.0,2722.0,2772.0,2776.0,2776.0,1905.0,817.0,1940.0,830.0
1.0,5390.0,2759.0,2722.0,2776.0,2759.0,2759.0,1905.0,817.0,1931.0,828.0
1.0,5407.0,2746.0,2723.0,2759.0,2749.0,2749.0,1906.0,817.0,1922.0,824.0
1.0,5420.0,2733.0,2723.0,2749.0,2733.0,2733.0,1906.0,817.0,1914.0,819.0
1.0,5436.0,2720.0,2724.0,2733.0,2723.0,2723.0,1907.0,817.0,1902.0,818.0
1.0,5449.0,2712.0,2725.0,2723.0,2715.0,2715.0,1907.0,818.0,1899.0,813.0
1.0,5460.0,2707.0,2726.0,2715.0,2710.0,2710.0,1908.0,818.0,1895.0,812.0
1.0,5468.0,2717.0,2726.0,2710.0,2717.0,2717.0,1908.0,818.0,1903.0,814.0
1.0,5461.0,2726.0,2727.0,2717.0,2729.0,2729.0,1909.0,818.0,1908.0,818.0
1.0,5452.0,2749.0,2727.0,2729.0,2749.0,2749.0,1909.0,818.0,1923.0,826.0
1.0,5432.0,2759.0,2728.0,2749.0,2762.0,2762.0,1910.0,818.0,1931.0,828.0
1.0,5422.0,2774.0,2729.0,2762.0,2777.0,2777.0,1910.0,819.0,1943.0,831.0
1.0,5410.0,2777.0,2729.0,2777.0,2777.0,2777.0,1910.0,819.0,1944.0,833.0
1.0,5410.0,2779.0,2730.0,2777.0,2782.0,2782.0,1911.0,819.0,1946.0,833.0
1.0,5408.0,2770.0,2730.0,2782.0,2770.0,2770.0,1911.0,819.0,1937.0,833.0
1.0,5420.0,2754.0,2732.0,2770.0,2760.0,2760.0,1912.0,820.0,1928.0,826.0
1.0,5436.0,2742.0,2732.0,2760.0,2742.0,2742.0,1912.0,820.0,1920.0,822.0
1.0,5454.0,2726.0,2733.0,2742.0,2729.0,2729.0,1913.0,820.0,1908.0,818.0
1.0,5470.0,2720.0,2733.0,2729.0,2720.0,2720.0,1913.0,820.0,1905.0,815.0
1.0,5479.0,2719.0,2734.0,2720.0,2722.0,2722.0,1914.0,820.0,1901.0,818.0
1.0,5480.0,2726.0,2735.0,2722.0,2729.0,2729.0,1914.0,821.0,1909.0,817.0
1.0,5476.0,2735.0,2736.0,2729.0,2738.0,2738.0,1915.0,821.0,1914.0,821.0
1.0,5470.0,2754.0,2736.0,2738.0,2754.0,2754.0,1915.0,821.0,1929.0,825.0
1.0,5454.0,2767.0,2737.0,2754.0,2770.0,2770.0,1916.0,821.0,1937.0,830.0
1.0,5441.0,2786.0,2737.0,2770.0,2786.0,2786.0,1916.0,821.0,1949.0,837.0
1.0,5425.0,2786.0,2739.0,2786.0,2792.0,2792.0,1917.0,822.0,1950.0,836.0
1.0,5425.0,2788.0,2739.0,2792.0,2788.0,2788.0,1917.0,822.0,1952.0,836.0
1.0,5429.0,2776.0,2739.0,2788.0,2776.0,2776.0,1917.0,822.0,1943.0,833.0
1.0,5441.0,2769.0,2740.0,2776.0,2772.0,2772.0,1918.0,822.0,1937.0,832.0
1.0,5448.0,2747.0,2740.0,2772.0,2747.0,2747.0,1918.0,822.0,1923.0,824.0
1.0,5473.0,2734.0,2742.0,2747.0,2740.0,2740.0,1919.0,823.0,1914.0,820.0
1.0,5486.0,2729.0,2742.0,2740.0,2729.0,2729.0,1919.0,823.0,1911.0,818.0
1.0,5497.0,2724.0,2743.0,2729.0,2727.0,2727.0,1920.0,823.0,1907.0,817.0
1.0,5502.0,2734.0,2743.0,2727.0,2734.0,2734.0,1920.0,823.0,1915.0,819.0
1.0,5495.0,2747.0,2744.0,2734.0,2750.0,2750.0,1921.0,823.0,1921.0,826.0
1.0,5482.0,2763.0,2745.0,2750.0,2766.0,2766.0,1921.0,824.0,1935.0,828.0
1.0,5469.0,2776.0,2746.0,2766.0,2779.0,2779.0,1922.0,824.0,1943.0,833.0
1.0,5459.0,2792.0,2746.0,2779.0,2792.0,2792.0,1922.0,824.0,1955.0,837.0
1.0,5446.0,2794.0,2747.0,2792.0,2797.0,2797.0,1923.0,824.0,1956.0,838.0
1.0,5444.0,2800.0,2747.0,2797.0,2800.0,2800.0,1923.0,824.0,1959.0,841.0
1.0,5441.0,2785.0,2749.0,2800.0,2791.0,2791.0,1924.0,825.0,1949.0,836.0
1.0,5456.0,2775.0,2749.0,2791.0,2775.0,2775.0,1924.0,825.0,1943.0,832.0
1.0,5472.0,2756.0,2749.0,2775.0,2756.0,2756.0,1924.0,825.0,1929.0,827.0
1.0,5491.0,2746.0,2750.0,2756.0,2749.0,2749.0,1925.0,825.0,1923.0,823.0
1.0,5501.0,2737.0,2750.0,2749.0,2737.0,2737.0,1925.0,825.0,1914.0,823.0
1.0,5513.0,2733.0,2752.0,2737.0,2739.0,2739.0,1926.0,826.0,1913.0,820.0
1.0,5517.0,2743.0,2752.0,2739.0,2743.0,2743.0,1926.0,826.0,1921.0,822.0
1.0,5513.0,2753.0,2753.0,2743.0,2756.0,2756.0,1927.0,826.0,1927.0,826.0
1.0,5503.0,2772.0,2753.0,2756.0,2772.0,2772.0,1927.0,826.0,1941.0,831.0
1.0,5487.0,2787.0,2754.0,2772.0,2790.0,2790.0,1928.0,826.0,1949.0,838.0
1.0,5472.0,2800.0,2754.0,2790.0,2800.0,2800.0,1928.0,826.0,1961.0,839.0
1.0,5462.0,2803.0,2756.0,2800.0,2809.0,2809.0,1929.0,827.0,1962.0,841.0
1.0,5459.0,2806.0,2756.0,2809.0,2806.0,2806.0,1929.0,827.0,1965.0,841.0
1.0,5462.0,2794.0,2757.0,2806.0,2797.0,2797.0,1930.0,827.0,1956.0,838.0
1.0,5474.0,2786.0,2757.0,2797.0,2786.0,2786.0,1930.0,827.0,1949.0,837.0
1.0,5485.0,2765.0,2759.0,2786.0,2771.0,2771.0,1931.0,828.0,1935.0,830.0
1.0,5506.0,2755.0,2759.0,2771.0,2755.0,2755.0,1931.0,828.0,1929.0,826.0
1.0,5522.0,2743.0,2759.0,2755.0,2743.0,2743.0,1931.0,828.0,1920.0,823.0
1.0,5534.0,2745.0,2760.0,2743.0,2748.0,2748.0,1932.0,828.0,1922.0,823.0
1.0,5532.0,2752.0,2760.0,2748.0,2752.0,2752.0,1932.0,828.0,1924.0,828.0
1.0,5528.0,2764.0,2762.0,2752.0,2770.0,2770.0,1933.0,829.0,1936.0,828.0
1.0,5516.0,2777.0,2762.0,2770.0,2777.0,2777.0,1933.0,829.0,1944.0,833.0
1.0,5509.0,2793.0,2763.0,2777.0,2796.0,2796.0,1934.0,829.0,1955.0,838.0
1.0,5493.0,2809.0,2763.0,2796.0,2809.0,2809.0,1934.0,829.0,1967.0,842.0
1.0,5480.0,2815.0,2764.0,2809.0,2818.0,2818.0,1935.0,829.0,1968.0,847.0
1.0,5474.0,2814.0,2765.0,2818.0,2817.0,2817.0,1935.0,830.0,1971.0,843.0
1.0,5478.0,2803.0,2766.0,2817.0,2806.0,2806.0,1936.0,830.0,1962.0,841.0
1.0,5492.0,2792.0,2766.0,2806.0,2792.0,2792.0,1936.0,830.0,1955.0,837.0
1.0,5506.0,2777.0,2767.0,2792.0,2780.0,2780.0,1937.0,830.0,1942.0,835.0
1.0,5521.0,2763.0,2767.0,2780.0,2763.0,2763.0,1937.0,830.0,1935.0,828.0
1.0,5538.0,2752.0,2769.0,2763.0,2758.0,2758.0,1938.0,831.0,1926.0,826.0
1.0,5549.0,2753.0,2769.0,2758.0,2753.0,2753.0,1938.0,831.0,1928.0,825.0
1.0,5554.0,2757.0,2769.0,2753.0,2757.0,2757.0,1938.0,831.0,1930.0,827.0
1.0,5550.0,2773.0,2770.0,2757.0,2776.0,2776.0,1939.0,831.0,1942.0,831.0
1.0,5534.0,2789.0,2770.0,2776.0,2789.0,2789.0,1939.0,831.0,1950.0,839.0
1.0,5521.0,2802.0,2772.0,2789.0,2808.0,2808.0,1940.0,832.0,1961.0,841.0
1.0,5508.0,2817.0,2772.0,2808.0,2817.0,2817.0,1940.0,832.0,1973.0,844.0
1.0,5499.0,2820.0,2773.0,2817.0,2823.0,2823.0,1941.0,832.0,1974.0,846.0
1.0,5496.0,2823.0,2773.0,2823.0,2823.0,2823.0,1941.0,832.0,1977.0,846.0
1.0,5496.0,2814.0,2774.0,2823.0,2817.0,2817.0,1942.0,832.0,1968.0,846.0
1.0,5505.0,2800.0,2774.0,2817.0,2800.0,2800.0,1942.0,832.0,1961.0,839.0
1.0,5522.0,2783.0,2776.0,2800.0,2789.0,2789.0,1943.0,833.0,1948.0,835.0
1.0,5539.0,2772.0,2776.0,2789.0,2772.0,2772.0,1943.0,833.0,1941.0,831.0
1.0,5556.0,2760.0,2777.0,2772.0,2763.0,2763.0,1944.0,833.0,1932.0,828.0
1.0,5568.0,2765.0,2777.0,2763.0,2765.0,2765.0,1944.0,833.0,1934.0,831.0
1.0,5566.0,2766.0,2779.0,2765.0,2772.0,2772.0,1945.0,834.0,1936.0,830.0
1.0,5565.0,2782.0,2779.0,2772.0,2782.0,2782.0,1945.0,834.0,1948.0,834.0
1.0,5555.0,2794.0,2779.0,2782.0,2794.0,2794.0,1945.0,834.0,1956.0,838.0
1.0,5543.0,2816.0,2780.0,2794.0,2819.0,2819.0,1946.0,834.0,1970.0,846.0
1.0,5521.0,2823.0,2780.0,2819.0,2823.0,2823.0,1946.0,834.0,1976.0,847.0
1.0,5517.0,2829.0,2782.0,2823.0,2835.0,2835.0,1947.0,835.0,1980.0,849.0
1.0,5511.0,2832.0,2782.0,2835.0,2832.0,2832.0,1947.0,835.0,1983.0,849.0
1.0,5514.0,2820.0,2783.0,2832.0,2823.0,2823.0,1948.0,835.0,1974.0,846.0
1.0,5526.0,2809.0,2783.0,2823.0,2809.0,2809.0,1948.0,835.0,1967.0,842.0
1.0,5540.0,2794.0,2784.0,2809.0,2797.0,2797.0,1949.0,835.0,1954.0,840.0
1.0,5555.0,2780.0,2785.0,2797.0,2783.0,2783.0,1949.0,836.0,1947.0,833.0
1.0,5572.0,2769.0,2786.0,2783.0,2772.0,2772.0,1950.0,836.0,1938.0,831.0
1.0,5586.0,2771.0,2786.0,2772.0,2771.0,2771.0,1950.0,836.0,1941.0,830.0
1.0,5587.0,2774.0,2787.0,2771.0,2777.0,2777.0,1951.0,836.0,1942.0,832.0
1.0,5584.0,2793.0,2787.0,2777.0,2793.0,2793.0,1951.0,836.0,1954.0,839.0
1.0,5568.0,2803.0,2788.0,2793.0,2806.0,2806.0,1952.0,836.0,1962.0,841.0
1.0,5558.0,2822.0,2789.0,2806.0,2825.0,2825.0,1952.0,837.0,1976.0,846.0
1.0,5542.0,2832.0,2789.0,2825.0,2832.0,2832.0,1952.0,837.0,1982.0,850.0
1.0,5535.0,2841.0,2790.0,2832.0,2844.0,2844.0,1953.0,837.0,1990.0,851.0
1.0,5526.0,2840.0,2790.0,2844.0,2840.0,2840.0,1953.0,837.0,1986.0,854.0
1.0,5530.0,2829.0,2792.0,2840.0,2835.0,2835.0,1954.0,838.0,1980.0,849.0
1.0,5541.0,2818.0,2792.0,2835.0,2818.0,2818.0,1954.0,838.0,1973.0,845.0
1.0,5558.0,2800.0,2793.0,2818.0,2803.0,2803.0,1955.0,838.0,1960.0,840.0
1.0,5576.0,2789.0,2793.0,2803.0,2789.0,2789.0,1955.0,838.0,1953.0,836.0
1.0,5590.0,2780.0,2794.0,2789.0,2783.0,2783.0,1956.0,838.0,1944.0,836.0
1.0,5599.0,2780.0,2794.0,2783.0,2780.0,2780.0,1956.0,838.0,1947.0,833.0
1.0,5602.0,2783.0,2796.0,2780.0,2789.0,2789.0,1957.0,839.0,1948.0,835.0
1.0,5599.0,2799.0,2796.0,2789.0,2799.0,2799.0,1957.0,839.0,1960.0,839.0
1.0,5589.0,2812.0,2797.0,2799.0,2815.0,2815.0,1958.0,839.0,1968.0,844.0
1.0,5576.0,2833.0,2797.0,2815.0,2833.0,2833.0,1958.0,839.0,1982.0,851.0
1.0,5558.0,2840.0,2799.0,2833.0,2846.0,2846.0,1959.0,840.0,1988.0,852.0
1.0,5551.0,2850.0,2799.0,2846.0,2850.0,2850.0,1959.0,840.0,1996.0,854.0
1.0,5547.0,2846.0,2799.0,2850.0,2846.0,2846.0,1959.0,840.0,1992.0,854.0
1.0,5551.0,2840.0,2800.0,2846.0,2843.0,2843.0,1960.0,840.0,1989.0,851.0
1.0,5557.0,2826.0,2800.0,2843.0,2826.0,2826.0,1960.0,840.0,1976.0,850.0
1.0,5574.0,2809.0,2801.0,2826.0,2812.0,2812.0,1961.0,840.0,1966.0,843.0
1.0,5591.0,2798.0,2802.0,2812.0,2801.0,2801.0,1961.0,841.0,1959.0,839.0
1.0,5605.0,2786.0,2803.0,2801.0,2789.0,2789.0,1962.0,841.0,1950.0,836.0
1.0,5620.0,2789.0,2803.0,2789.0,2789.0,2789.0,1962.0,841.0,1953.0,836.0
1.0,5620.0,2795.0,2804.0,2789.0,2798.0,2798.0,1963.0,841.0,1954.0,841.0
1.0,5614.0,2807.0,2805.0,2798.0,2810.0,2810.0,1963.0,842.0,1966.0,841.0
1.0,5605.0,2820.0,2806.0,2810.0,2823.0,2823.0,1964.0,842.0,1974.0,846.0
1.0,5595.0,2839.0,2806.0,2823.0,2839.0,2839.0,1964.0,842.0,1988.0,851.0
1.0,5579.0,2849.0,2807.0,2839.0,2852.0,2852.0,1965.0,842.0,1994.0,855.0
1.0,5569.0,2862.0,2807.0,2852.0,2862.0,2862.0,1965.0,842.0,2002.0,860.0
1.0,5559.0,2854.0,2809.0,2862.0,2860.0,2860.0,1966.0,843.0,1998.0,856.0
1.0,5567.0,2849.0,2809.0,2860.0,2849.0,2849.0,1966.0,843.0,1995.0,854.0
1.0,5578.0,2833.0,2809.0,2849.0,2833.0,2833.0,1966.0,843.0,1983.0,850.0
1.0,5594.0,2820.0,2810.0,2833.0,2823.0,2823.0,1967.0,843.0,1975.0,845.0
1.0,5607.0,2807.0,2810.0,2823.0,2807.0,2807.0,1967.0,843.0,1963.0,844.0
1.0,5623.0,2795.0,2812.0,2807.0,2801.0,2801.0,1968.0,844.0,1956.0,839.0
1.0,5635.0,2797.0,2812.0,2801.0,2797.0,2797.0,1968.0,844.0,1959.0,838.0
1.0,5639.0,2800.0,2813.0,2797.0,2803.0,2803.0,1969.0,844.0,1960.0,840.0
1.0,5636.0,2816.0,2813.0,2803.0,2816.0,2816.0,1969.0,844.0,1972.0,844.0
1.0,5623.0,2832.0,2814.0,2816.0,2835.0,2835.0,1970.0,844.0,1980.0,852.0
1.0,5607.0,2848.0,2814.0,2835.0,2848.0,2848.0,1970.0,844.0,1994.0,854.0
1.0,5594.0,2857.0,2816.0,2848.0,2863.0,2863.0,1971.0,845.0,2000.0,857.0
1.0,5585.0,2867.0,2816.0,2863.0,2867.0,2867.0,1971.0,845.0,2008.0,859.0
1.0,5581.0,2863.0,2817.0,2867.0,2866.0,2866.0,1972.0,845.0,2004.0,859.0
1.0,5585.0,2860.0,2817.0,2866.0,2860.0,2860.0,1972.0,845.0,2001.0,859.0
1.0,5591.0,2841.0,2819.0,2860.0,2847.0,2847.0,1973.0,846.0,1989.0,852.0
1.0,5610.0,2829.0,2819.0,2847.0,2829.0,2829.0,1973.0,846.0,1981.0,848.0
1.0,5628.0,2813.0,2819.0,2829.0,2813.0,2813.0,1973.0,846.0,1969.0,844.0
1.0,5644.0,2807.0,2820.0,2813.0,2810.0,2810.0,1974.0,846.0,1966.0,841.0
1.0,5650.0,2806.0,2820.0,2810.0,2806.0,2806.0,1974.0,846.0,1962.0,844.0
1.0,5654.0,2809.0,2822.0,2806.0,2815.0,2815.0,1975.0,847.0,1966.0,843.0
1.0,5651.0,2825.0,2822.0,2815.0,2825.0,2825.0,1975.0,847.0,1978.0,847.0
1.0,5641.0,2837.0,2823.0,2825.0,2840.0,2840.0,1976.0,847.0,1986.0,851.0
1.0,5629.0,2856.0,2823.0,2840.0,2856.0,2856.0,1976.0,847.0,2000.0,856.0
1.0,5613.0,2869.0,2824.0,2856.0,2872.0,2872.0,1977.0,847.0,2006.0,863.0
1.0,5600.0,2876.0,2825.0,2872.0,2879.0,2879.0,1977.0,848.0,2014.0,862.0
1.0,5596.0,2872.0,2826.0,2879.0,2875.0,2875.0,1978.0,848.0,2010.0,862.0
1.0,5603.0,2866.0,2826.0,2875.0,2866.0,2866.0,1978.0,848.0,2007.0,859.0
1.0,5612.0,2853.0,2827.0,2866.0,2856.0,2856.0,1979.0,848.0,1995.0,858.0
1.0,5625.0,2837.0,2827.0,2856.0,2837.0,2837.0,1979.0,848.0,1987.0,850.0
1.0,5644.0,2821.0,2829.0,2837.0,2827.0,2827.0,1980.0,849.0,1975.0,846.0
1.0,5660.0,2816.0,2829.0,2827.0,2816.0,2816.0,1980.0,849.0,1972.0,844.0
1.0,5671.0,2811.0,2829.0,2816.0,2811.0,2811.0,1980.0,849.0,1968.0,843.0
1.0,5676.0,2820.0,2830.0,2811.0,2823.0,2823.0,1981.0,849.0,1975.0,845.0
1.0,5667.0,2833.0,2830.0,2823.0,2833.0,2833.0,1981.0,849.0,1981.0,852.0
1.0,5657.0,2846.0,2832.0,2833.0,2852.0,2852.0,1982.0,850.0,1992.0,854.0
1.0,5644.0,2866.0,2832.0,2852.0,2866.0,2866.0,1982.0,850.0,2007.0,859.0
1.0,5630.0,2875.0,2833.0,2866.0,2878.0,2878.0,1983.0,850.0,2012.0,863.0
1.0,5621.0,2884.0,2833.0,2878.0,2884.0,2884.0,1983.0,850.0,2020.0,864.0
1.0,5615.0,2883.0,2834.0,2884.0,2886.0,2886.0,1984.0,850.0,2016.0,867.0
1.0,5616.0,2875.0,2835.0,2886.0,2878.0,2878.0,1984.0,851.0,2013.0,862.0
1.0,5627.0,2859.0,2836.0,2878.0,2862.0,2862.0,1985.0,851.0,2001.0,858.0
1.0,5646.0,2846.0,2836.0,2862.0,2846.0,2846.0,1985.0,851.0,1993.0,853.0
1.0,5662.0,2830.0,2837.0,2846.0,2833.0,2833.0,1986.0,851.0,1981.0,849.0
1.0,5678.0,2827.0,2837.0,2833.0,2827.0,2827.0,1986.0,851.0,1978.0,849.0
1.0,5684.0,2820.0,2839.0,2827.0,2826.0,2826.0,1987.0,852.0,1974.0,846.0
1.0,5691.0,2829.0,2839.0,2826.0,2829.0,2829.0,1987.0,852.0,1981.0,848.0
1.0,5688.0,2839.0,2839.0,2829.0,2839.0,2839.0,1987.0,852.0,1987.0,852.0
1.0,5678.0,2858.0,2840.0,2839.0,2861.0,2861.0,1988.0,852.0,2001.0,857.0
1.0,5659.0,2874.0,2840.0,2861.0,2874.0,2874.0,1988.0,852.0,2010.0,864.0
1.0,5646.0,2883.0,2841.0,2874.0,2886.0,2886.0,1989.0,852.0,2018.0,865.0
1.0,5637.0,2893.0,2842.0,2886.0,2896.0,2896.0,1989.0,853.0,2026.0,867.0
1.0,5630.0,2889.0,2843.0,2896.0,2892.0,2892.0,1990.0,853.0,2022.0,867.0
1.0,5637.0,2883.0,2843.0,2892.0,2883.0,2883.0,1990.0,853.0,2019.0,864.0
1.0,5646.0,2870.0,2844.0,2883.0,2873.0,2873.0,1991.0,853.0,2007.0,863.0
1.0,5659.0,2855.0,2845.0,2873.0,2858.0,2858.0,1991.0,854.0,1999.0,856.0
1.0,5677.0,2839.0,2846.0,2858.0,2842.0,2842.0,1992.0,854.0,1987.0,852.0
1.0,5696.0,2833.0,2846.0,2842.0,2833.0,2833.0,1992.0,854.0,1984.0,849.0
1.0,5705.0,2829.0,2847.0,2833.0,2832.0,2832.0,1993.0,854.0,1980.0,849.0
1.0,5709.0,2841.0,2847.0,2832.0,2841.0,2841.0,1993.0,854.0,1987.0,854.0
1.0,5700.0,2847.0,2849.0,2841.0,2853.0,2853.0,1994.0,855.0,1993.0,854.0
1.0,5694.0,2866.0,2849.0,2853.0,2866.0,2866.0,1994.0,855.0,2007.0,859.0
1.0,5681.0,2880.0,2849.0,2866.0,2880.0,2880.0,1994.0,855.0,2016.0,864.0
1.0,5667.0,2896.0,2850.0,2880.0,2899.0,2899.0,1995.0,855.0,2028.0,868.0
1.0,5651.0,2902.0,2850.0,2899.0,2902.0,2902.0,1995.0,855.0,2029.0,873.0
1.0,5648.0,2897.0,2852.0,2902.0,2903.0,2903.0,1996.0,856.0,2028.0,869.0
1.0,5653.0,2892.0,2852.0,2903.0,2892.0,2892.0,1996.0,856.0,2025.0,867.0
1.0,5664.0,2876.0,2853.0,2892.0,2879.0,2879.0,1997.0,856.0,2013.0,863.0
1.0,5680.0,2866.0,2853.0,2879.0,2866.0,2866.0,1997.0,856.0,2005.0,861.0
1.0,5693.0,2847.0,2854.0,2866.0,2850.0,2850.0,1998.0,856.0,1993.0,854.0
1.0,5712.0,2842.0,2855.0,2850.0,2845.0,2845.0,1998.0,857.0,1990.0,852.0
1.0,5720.0,2837.0,2856.0,2845.0,2840.0,2840.0,1999.0,857.0,1986.0,851.0
1.0,5728.0,2846.0,2856.0,2840.0,2846.0,2846.0,1999.0,857.0,1993.0,853.0
1.0,5722.0,2856.0,2857.0,2846.0,2859.0,2859.0,2000.0,857.0,1999.0,857.0
1.0,5712.0,2879.0,2857.0,2859.0,2879.0,2879.0,2000.0,857.0,2014.0,865.0
1.0,5692.0,2889.0,2858.0,2879.0,2892.0,2892.0,2000.0,858.0,2022.0,867.0
1.0,5682.0,2904.0,2859.0,2892.0,2907.0,2907.0,2001.0,858.0,2034.0,870.0
1.0,5670.0,2907.0,2859.0,2907.0,2907.0,2907.0,2001.0,858.0,2035.0,872.0
1.0,5670.0,2909.0,2860.0,2907.0,2912.0,2912.0,2002.0,858.0,2037.0,872.0
1.0,5668.0,2900.0,2860.0,2912.0,2900.0,2900.0,2002.0,858.0,2028.0,872.0
1.0,5680.0,2884.0,2861.0,2900.0,2887.0,2887.0,2003.0,858.0,2019.0,865.0
1.0,5696.0,2872.0,2862.0,2887.0,2875.0,2875.0,2003.0,859.0,2011.0,861.0
1.0,5711.0,2856.0,2863.0,2875.0,2859.0,2859.0,2004.0,859.0,1999.0,857.0
1.0,5730.0,2850.0,2863.0,2859.0,2850.0,2850.0,2004.0,859.0,1996.0,854.0
1.0,5739.0,2849.0,2864.0,2850.0,2852.0,2852.0,2005.0,859.0,1992.0,857.0
1.0,5740.0,2856.0,2865.0,2852.0,2859.0,2859.0,2005.0,860.0,2000.0,856.0
1.0,5736.0,2865.0,2866.0,2859.0,2868.0,2868.0,2006.0,860.0,2005.0,860.0
1.0,5730.0,2884.0,2866.0,2868.0,2884.0,2884.0,2006.0,860.0,2020.0,864.0
1.0,5714.0,2900.0,2867.0,2884.0,2903.0,2903.0,2007.0,860.0,2028.0,872.0
1.0,5698.0,2913.0,2867.0,2903.0,2913.0,2913.0,2007.0,860.0,2040.0,873.0
1.0,5688.0,2916.0,2869.0,2913.0,2922.0,2922.0,2008.0,861.0,2041.0,875.0
1.0,5685.0,2918.0,2869.0,2922.0,2918.0,2918.0,2008.0,861.0,2043.0,875.0
1.0,5689.0,2906.0,2869.0,2918.0,2906.0,2906.0,2008.0,861.0,2034.0,872.0
1.0,5701.0,2896.0,2870.0,2906.0,2899.0,2899.0,2009.0,861.0,2028.0,868.0
1.0,5711.0,2880.0,2870.0,2899.0,2880.0,2880.0,2009.0,861.0,2014.0,866.0
1.0,5730.0,2864.0,2872.0,2880.0,2870.0,2870.0,2010.0,862.0,2005.0,859.0
1.0,5746.0,2859.0,2872.0,2870.0,2859.0,2859.0,2010.0,862.0,2002.0,857.0
1.0,5757.0,2854.0,2873.0,2859.0,2857.0,2857.0,2011.0,862.0,1998.0,856.0
1.0,5762.0,2864.0,2873.0,2857.0,2864.0,2864.0,2011.0,862.0,2006.0,858.0
1.0,5755.0,2876.0,2874.0,2864.0,2879.0,2879.0,2012.0,862.0,2011.0,865.0
1.0,5743.0,2893.0,2874.0,2879.0,2893.0,2893.0,2012.0,862.0,2026.0,867.0
1.0,5729.0,2906.0,2876.0,2893.0,2912.0,2912.0,2013.0,863.0,2034.0,872.0
1.0,5716.0,2922.0,2876.0,2912.0,2922.0,2922.0,2013.0,863.0,2046.0,876.0
1.0,5706.0,2924.0,2877.0,2922.0,2927.0,2927.0,2014.0,863.0,2047.0,877.0
1.0,5704.0,2929.0,2877.0,2927.0,2929.0,2929.0,2014.0,863.0,2049.0,880.0
1.0,5702.0,2915.0,2878.0,2929.0,2918.0,2918.0,2014.0,864.0,2040.0,875.0
1.0,5716.0,2905.0,2879.0,2918.0,2908.0,2908.0,2015.0,864.0,2034.0,871.0
1.0,5729.0,2886.0,2879.0,2908.0,2886.0,2886.0,2015.0,864.0,2020.0,866.0
1.0,5751.0,2873.0,2880.0,2886.0,2876.0,2876.0,2016.0,864.0,2011.0,862.0
1.0,5764.0,2870.0,2880.0,2876.0,2870.0,2870.0,2016.0,864.0,2008.0,862.0
1.0,5770.0,2863.0,2881.0,2870.0,2866.0,2866.0,2017.0,864.0,2004.0,859.0
1.0,5777.0,2873.0,2882.0,2866.0,2876.0,2876.0,2017.0,865.0,2012.0,861.0
1.0,5770.0,2883.0,2883.0,2876.0,2886.0,2886.0,2018.0,865.0,2018.0,865.0
1.0,5763.0,2902.0,2883.0,2886.0,2902.0,2902.0,2018.0,865.0,2032.0,870.0
1.0,5747.0,2917.0,2884.0,2902.0,2920.0,2920.0,2019.0,865.0,2040.0,877.0
1.0,5732.0,2930.0,2885.0,2920.0,2933.0,2933.0,2019.0,866.0,2052.0,878.0
1.0,5722.0,2933.0,2886.0,2933.0,2936.0,2936.0,2020.0,866.0,2053.0,880.0
1.0,5722.0,2936.0,2886.0,2936.0,2936.0,2936.0,2020.0,866.0,2056.0,880.0
1.0,5722.0,2923.0,2887.0,2936.0,2926.0,2926.0,2021.0,866.0,2046.0,877.0
1.0,5735.0,2916.0,2887.0,2926.0,2916.0,2916.0,2021.0,866.0,2040.0,876.0
1.0,5745.0,2895.0,2887.0,2916.0,2895.0,2895.0,2021.0,866.0,2026.0,869.0
1.0,5766.0,2885.0,2889.0,2895.0,2891.0,2891.0,2022.0,867.0,2020.0,865.0
1.0,5776.0,2873.0,2889.0,2891.0,2873.0,2873.0,2022.0,867.0,2011.0,862.0
1.0,5794.0,2872.0,2890.0,2873.0,2875.0,2875.0,2023.0,867.0,2010.0,862.0
1.0,5795.0,2885.0,2890.0,2875.0,2885.0,2885.0,2023.0,867.0,2018.0,867.0
1.0,5785.0,2891.0,2892.0,2885.0,2897.0,2897.0,2024.0,868.0,2024.0,867.0
1.0,5779.0,2910.0,2892.0,2897.0,2910.0,2910.0,2024.0,868.0,2038.0,872.0
1.0,5766.0,2923.0,2893.0,2910.0,2926.0,2926.0,2025.0,868.0,2046.0,877.0
1.0,5753.0,2939.0,2893.0,2926.0,2939.0,2939.0,2025.0,868.0,2058.0,881.0
1.0,5740.0,2945.0,2894.0,2939.0,2948.0,2948.0,2026.0,868.0,2059.0,886.0
1.0,5734.0,2944.0,2895.0,2948.0,2947.0,2947.0,2026.0,869.0,2062.0,882.0
1.0,5738.0,2933.0,2896.0,2947.0,2936.0,2936.0,2027.0,869.0,2053.0,880.0
1.0,5752.0,2922.0,2896.0,2936.0,2922.0,2922.0,2027.0,869.0,2046.0,876.0
1.0,5766.0,2903.0,2897.0,2922.0,2906.0,2906.0,2028.0,869.0,2032.0,871.0
1.0,5785.0,2896.0,2897.0,2906.0,2896.0,2896.0,2028.0,869.0,2026.0,870.0
1.0,5795.0,2882.0,2898.0,2896.0,2885.0,2885.0,2028.0,870.0,2017.0,865.0
1.0,5809.0,2883.0,2899.0,2885.0,2886.0,2886.0,2029.0,870.0,2019.0,864.0
1.0,5811.0,2887.0,2899.0,2886.0,2887.0,2887.0,2029.0,870.0,2021.0,866.0
1.0,5810.0,2900.0,2900.0,2887.0,2903.0,2903.0,2030.0,870.0,2030.0,870.0
1.0,5797.0,2922.0,2900.0,2903.0,2922.0,2922.0,2030.0,870.0,2044.0,878.0
1.0,5778.0,2932.0,2901.0,2922.0,2935.0,2935.0,2031.0,870.0,2052.0,880.0
1.0,5768.0,2947.0,2902.0,2935.0,2950.0,2950.0,2031.0,871.0,2064.0,883.0
1.0,5756.0,2950.0,2903.0,2950.0,2953.0,2953.0,2032.0,871.0,2065.0,885.0
1.0,5756.0,2953.0,2903.0,2953.0,2953.0,2953.0,2032.0,871.0,2068.0,885.0
1.0,5756.0,2944.0,2904.0,2953.0,2947.0,2947.0,2033.0,871.0,2059.0,885.0
1.0,5765.0,2930.0,2905.0,2947.0,2933.0,2933.0,2033.0,872.0,2052.0,878.0
1.0,5782.0,2913.0,2906.0,2933.0,2916.0,2916.0,2034.0,872.0,2039.0,874.0
1.0,5802.0,2902.0,2906.0,2916.0,2902.0,2902.0,2034.0,872.0,2032.0,870.0
1.0,5816.0,2890.0,2907.0,2902.0,2893.0,2893.0,2035.0,872.0,2023.0,867.0
1.0,5828.0,2895.0,2907.0,2893.0,2895.0,2895.0,2035.0,872.0,2025.0,870.0
1.0,5826.0,2896.0,2908.0,2895.0,2899.0,2899.0,2035.0,873.0,2027.0,869.0
1.0,5825.0,2912.0,2909.0,2899.0,2915.0,2915.0,2036.0,873.0,2039.0,873.0
1.0,5812.0,2924.0,2909.0,2915.0,2924.0,2924.0,2036.0,873.0,2047.0,877.0
1.0,5803.0,2943.0,2910.0,2924.0,2946.0,2946.0,2037.0,873.0,2061.0,882.0
1.0,5784.0,2956.0,2910.0,2946.0,2956.0,2956.0,2037.0,873.0,2067.0,889.0
1.0,5774.0,2959.0,2912.0,2956.0,2965.0,2965.0,2038.0,874.0,2071.0,888.0
1.0,5771.0,2962.0,2912.0,2965.0,2962.0,2962.0,2038.0,874.0,2074.0,888.0
1.0,5774.0,2950.0,2913.0,2962.0,2953.0,2953.0,2039.0,874.0,2065.0,885.0
1.0,5786.0,2942.0,2913.0,2953.0,2942.0,2942.0,2039.0,874.0,2058.0,884.0
1.0,5797.0,2921.0,2914.0,2942.0,2924.0,2924.0,2040.0,874.0,2045.0,876.0
1.0,5818.0,2910.0,2915.0,2924.0,2913.0,2913.0,2040.0,875.0,2038.0,872.0
1.0,5832.0,2899.0,2916.0,2913.0,2902.0,2902.0,2041.0,875.0,2029.0,870.0
1.0,5846.0,2901.0,2916.0,2902.0,2901.0,2901.0,2041.0,875.0,2032.0,869.0
1.0,5847.0,2904.0,2917.0,2901.0,2907.0,2907.0,2042.0,875.0,2033.0,871.0
1.0,5844.0,2923.0,2917.0,2907.0,2923.0,2923.0,2042.0,875.0,2045.0,878.0
1.0,5828.0,2933.0,2918.0,2923.0,2936.0,2936.0,2042.0,876.0,2053.0,880.0
1.0,5818.0,2952.0,2919.0,2936.0,2955.0,2955.0,2043.0,876.0,2067.0,885.0
1.0,5802.0,2962.0,2919.0,2955.0,2962.0,2962.0,2043.0,876.0,2073.0,889.0
1.0,5795.0,2971.0,2920.0,2962.0,2974.0,2974.0,2044.0,876.0,2081.0,890.0
1.0,5786.0,2970.0,2920.0,2974.0,2970.0,2970.0,2044.0,876.0,2077.0,893.0
1.0,5790.0,2959.0,2922.0,2970.0,2965.0,2965.0,2045.0,877.0,2071.0,888.0
1.0,5801.0,2948.0,2922.0,2965.0,2948.0,2948.0,2045.0,877.0,2064.0,884.0
1.0,5818.0,2930.0,2923.0,2948.0,2933.0,2933.0,2046.0,877.0,2051.0,879.0
1.0,5836.0,2919.0,2923.0,2933.0,2919.0,2919.0,2046.0,877.0,2044.0,875.0
1.0,5850.0,2910.0,2924.0,2919.0,2913.0,2913.0,2047.0,877.0,2035.0,875.0
1.0,5859.0,2910.0,2925.0,2913.0,2913.0,2913.0,2047.0,878.0,2038.0,872.0
1.0,5862.0,2913.0,2926.0,2913.0,2916.0,2916.0,2048.0,878.0,2039.0,874.0
1.0,5862.0,2929.0,2926.0,2916.0,2929.0,2929.0,2048.0,878.0,2051.0,878.0
1.0,5849.0,2942.0,2927.0,2929.0,2945.0,2945.0,2049.0,878.0,2059.0,883.0
1.0,5836.0,2963.0,2927.0,2945.0,2963.0,2963.0,2049.0,878.0,2073.0,890.0
1.0,5818.0,2970.0,2928.0,2963.0,2973.0,2973.0,2050.0,878.0,2079.0,891.0
1.0,5811.0,2980.0,2929.0,2973.0,2983.0,2983.0,2050.0,879.0,2087.0,893.0
1.0,5804.0,2976.0,2929.0,2983.0,2976.0,2976.0,2050.0,879.0,2083.0,893.0
1.0,5811.0,2970.0,2930.0,2976.0,2973.0,2973.0,2051.0,879.0,2080.0,890.0
1.0,5817.0,2956.0,2930.0,2973.0,2956.0,2956.0,2051.0,879.0,2067.0,889.0
1.0,5834.0,2939.0,2932.0,2956.0,2945.0,2945.0,2052.0,880.0,2057.0,882.0
1.0,5851.0,2928.0,2932.0,2945.0,2928.0,2928.0,2052.0,880.0,2050.0,878.0
1.0,5868.0,2916.0,2933.0,2928.0,2919.0,2919.0,2053.0,880.0,2041.0,875.0
1.0,5880.0,2919.0,2933.0,2919.0,2919.0,2919.0,2053.0,880.0,2044.0,875.0
1.0,5880.0,2925.0,2934.0,2919.0,2928.0,2928.0,2054.0,880.0,2045.0,880.0
1.0,5874.0,2937.0,2935.0,2928.0,2940.0,2940.0,2054.0,881.0,2057.0,880.0
1.0,5865.0,2950.0,2936.0,2940.0,2953.0,2953.0,2055.0,881.0,2065.0,885.0
1.0,5855.0,2969.0,2936.0,2953.0,2969.0,2969.0,2055.0,881.0,2079.0,890.0
1.0,5839.0,2979.0,2937.0,2969.0,2982.0,2982.0,2056.0,881.0,2085.0,894.0
1.0,5829.0,2992.0,2937.0,2982.0,2992.0,2992.0,2056.0,881.0,2093.0,899.0
1.0,5819.0,2984.0,2938.0,2992.0,2987.0,2987.0,2056.0,882.0,2089.0,895.0
1.0,5827.0,2979.0,2939.0,2987.0,2982.0,2982.0,2057.0,882.0,2086.0,893.0
1.0,5835.0,2963.0,2939.0,2982.0,2963.0,2963.0,2057.0,882.0,2074.0,889.0
1.0,5854.0,2953.0,2940.0,2963.0,2956.0,2956.0,2058.0,882.0,2066.0,887.0
1.0,5864.0,2933.0,2940.0,2956.0,2933.0,2933.0,2058.0,882.0,2053.0,880.0
1.0,5887.0,2925.0,2942.0,2933.0,2931.0,2931.0,2059.0,883.0,2047.0,878.0
1.0,5895.0,2927.0,2942.0,2931.0,2927.0,2927.0,2059.0,883.0,2050.0,877.0
1.0,5899.0,2930.0,2943.0,2927.0,2933.0,2933.0,2060.0,883.0,2051.0,879.0
1.0,5896.0,2946.0,2943.0,2933.0,2946.0,2946.0,2060.0,883.0,2063.0,883.0
1.0,5883.0,2962.0,2944.0,2946.0,2965.0,2965.0,2061.0,883.0,2071.0,891.0
1.0,5867.0,2978.0,2945.0,2965.0,2981.0,2981.0,2061.0,884.0,2085.0,893.0
1.0,5854.0,2987.0,2946.0,2981.0,2990.0,2990.0,2062.0,884.0,2091.0,896.0
1.0,5848.0,2997.0,2946.0,2990.0,2997.0,2997.0,2062.0,884.0,2099.0,898.0
1.0,5841.0,2993.0,2947.0,2997.0,2996.0,2996.0,2063.0,884.0,2095.0,898.0
1.0,5845.0,2990.0,2947.0,2996.0,2990.0,2990.0,2063.0,884.0,2092.0,898.0
1.0,5851.0,2971.0,2948.0,2990.0,2974.0,2974.0,2064.0,884.0,2080.0,891.0
1.0,5870.0,2959.0,2949.0,2974.0,2962.0,2962.0,2064.0,885.0,2072.0,887.0
1.0,5885.0,2943.0,2949.0,2962.0,2943.0,2943.0,2064.0,885.0,2060.0,883.0
1.0,5904.0,2936.0,2950.0,2943.0,2939.0,2939.0,2065.0,885.0,2056.0,880.0
1.0,5911.0,2936.0,2950.0,2939.0,2936.0,2936.0,2065.0,885.0,2053.0,883.0
1.0,5914.0,2939.0,2952.0,2936.0,2945.0,2945.0,2066.0,886.0,2057.0,882.0
1.0,5911.0,2955.0,2952.0,2945.0,2955.0,2955.0,2066.0,886.0,2069.0,886.0
1.0,5901.0,2967.0,2953.0,2955.0,2970.0,2970.0,2067.0,886.0,2077.0,890.0
1.0,5889.0,2989.0,2953.0,2970.0,2989.0,2989.0,2067.0,886.0,2091.0,898.0
1.0,5870.0,2996.0,2954.0,2989.0,2999.0,2999.0,2068.0,886.0,2097.0,899.0
1.0,5863.0,3006.0,2955.0,2999.0,3009.0,3009.0,2068.0,887.0,2105.0,901.0
1.0,5856.0,3002.0,2956.0,3009.0,3005.0,3005.0,2069.0,887.0,2101.0,901.0
1.0,5863.0,2996.0,2956.0,3005.0,2996.0,2996.0,2069.0,887.0,2098.0,898.0
1.0,5872.0,2980.0,2957.0,2996.0,2983.0,2983.0,2070.0,887.0,2086.0,894.0
1.0,5888.0,2970.0,2957.0,2983.0,2970.0,2970.0,2070.0,887.0,2078.0,892.0
1.0,5901.0,2951.0,2958.0,2970.0,2954.0,2954.0,2070.0,888.0,2066.0,885.0
1.0,5920.0,2946.0,2959.0,2954.0,2949.0,2949.0,2071.0,888.0,2063.0,883.0
1.0,5928.0,2941.0,2959.0,2949.0,2941.0,2941.0,2071.0,888.0,2059.0,882.0
1.0,5936.0,2947.0,2960.0,2941.0,2950.0,2950.0,2072.0,888.0,2063.0,884.0
1.0,5930.0,2966.0,2960.0,2950.0,2966.0,2966.0,2072.0,888.0,2075.0,891.0
1.0,5914.0,2976.0,2961.0,2966.0,2979.0,2979.0,2073.0,888.0,2083.0,893.0
1.0,5904.0,2996.0,2962.0,2979.0,2999.0,2999.0,2073.0,889.0,2098.0,898.0
1.0,5887.0,3005.0,2963.0,2999.0,3008.0,3008.0,2074.0,889.0,2103.0,902.0
1.0,5881.0,3014.0,2963.0,3008.0,3014.0,3014.0,2074.0,889.0,2111.0,903.0
1.0,5875.0,3013.0,2964.0,3014.0,3016.0,3016.0,2075.0,889.0,2107.0,906.0
1.0,5876.0,3005.0,2965.0,3016.0,3008.0,3008.0,2075.0,890.0,2104.0,901.0
1.0,5887.0,2989.0,2966.0,3008.0,2992.0,2992.0,2076.0,890.0,2092.0,897.0
1.0,5906.0,2976.0,2966.0,2992.0,2976.0,2976.0,2076.0,890.0,2084.0,892.0
1.0,5922.0,2960.0,2967.0,2976.0,2963.0,2963.0,2077.0,890.0,2072.0,888.0
1.0,5938.0,2957.0,2967.0,2963.0,2957.0,2957.0,2077.0,890.0,2069.0,888.0
1.0,5944.0,2950.0,2968.0,2957.0,2953.0,2953.0,2078.0,890.0,2065.0,885.0
1.0,5951.0,2959.0,2969.0,2953.0,2962.0,2962.0,2078.0,891.0,2072.0,887.0
1.0,5945.0,2969.0,2969.0,2962.0,2969.0,2969.0,2078.0,891.0,2078.0,891.0
1.0,5938.0,2988.0,2970.0,2969.0,2991.0,2991.0,2079.0,891.0,2092.0,896.0
1.0,5919.0,3004.0,2970.0,2991.0,3004.0,3004.0,2079.0,891.0,2101.0,903.0
1.0,5906.0,3013.0,2972.0,3004.0,3019.0,3019.0,2080.0,892.0,2109.0,904.0
1.0,5897.0,3023.0,2972.0,3019.0,3023.0,3023.0,2080.0,892.0,2117.0,906.0
1.0,5893.0,3019.0,2973.0,3023.0,3022.0,3022.0,2081.0,892.0,2113.0,906.0
1.0,5897.0,3013.0,2973.0,3022.0,3013.0,3013.0,2081.0,892.0,2110.0,903.0
1.0,5906.0,3000.0,2974.0,3013.0,3003.0,3003.0,2082.0,892.0,2098.0,902.0
1.0,5919.0,2985.0,2974.0,3003.0,2985.0,2985.0,2082.0,892.0,2090.0,895.0
1.0,5937.0,2969.0,2976.0,2985.0,2975.0,2975.0,2083.0,893.0,2078.0,891.0
1.0,5953.0,2963.0,2976.0,2975.0,2963.0,2963.0,2083.0,893.0,2075.0,888.0
1.0,5965.0,2959.0,2977.0,2963.0,2962.0,2962.0,2084.0,893.0,2071.0,888.0
1.0,5969.0,2971.0,2977.0,2962.0,2971.0,2971.0,2084.0,893.0,2078.0,893.0
1.0,5960.0,2977.0,2978.0,2971.0,2980.0,2980.0,2084.0,894.0,2084.0,893.0
1.0,5954.0,2996.0,2979.0,2980.0,2999.0,2999.0,2085.0,894.0,2098.0,898.0
1.0,5938.0,3010.0,2979.0,2999.0,3010.0,3010.0,2085.0,894.0,2107.0,903.0
1.0,5927.0,3026.0,2980.0,3010.0,3029.0,3029.0,2086.0,894.0,2119.0,907.0
1.0,5911.0,3032.0,2980.0,3029.0,3032.0,3032.0,2086.0,894.0,2120.0,912.0
1.0,5908.0,3027.0,2982.0,3032.0,3033.0,3033.0,2087.0,895.0,2119.0,908.0
1.0,5913.0,3022.0,2982.0,3033.0,3022.0,3022.0,2087.0,895.0,2116.0,906.0
1.0,5924.0,3006.0,2983.0,3022.0,3009.0,3009.0,2088.0,895.0,2104.0,902.0
1.0,5940.0,2993.0,2983.0,3009.0,2993.0,2993.0,2088.0,895.0,2096.0,897.0
1.0,5956.0,2980.0,2984.0,2993.0,2983.0,2983.0,2089.0,895.0,2084.0,896.0
1.0,5969.0,2972.0,2985.0,2983.0,2975.0,2975.0,2089.0,896.0,2081.0,891.0
1.0,5980.0,2967.0,2986.0,2975.0,2970.0,2970.0,2090.0,896.0,2077.0,890.0
1.0,5988.0,2976.0,2986.0,2970.0,2976.0,2976.0,2090.0,896.0,2084.0,892.0
1.0,5982.0,2986.0,2987.0,2976.0,2989.0,2989.0,2091.0,896.0,2090.0,896.0
1.0,5972.0,3009.0,2987.0,2989.0,3009.0,3009.0,2091.0,896.0,2105.0,904.0
1.0,5952.0,3019.0,2988.0,3009.0,3022.0,3022.0,2092.0,896.0,2113.0,906.0
1.0,5942.0,3034.0,2989.0,3022.0,3037.0,3037.0,2092.0,897.0,2125.0,909.0
1.0,5930.0,3037.0,2989.0,3037.0,3037.0,3037.0,2092.0,897.0,2126.0,911.0
1.0,5930.0,3039.0,2990.0,3037.0,3042.0,3042.0,2093.0,897.0,2128.0,911.0
1.0,5928.0,3030.0,2990.0,3042.0,3030.0,3030.0,2093.0,897.0,2119.0,911.0
1.0,5940.0,3014.0,2992.0,3030.0,3020.0,3020.0,2094.0,898.0,2110.0,904.0
1.0,5956.0,3002.0,2992.0,3020.0,3002.0,3002.0,2094.0,898.0,2102.0,900.0
1.0,5974.0,2986.0,2993.0,3002.0,2989.0,2989.0,2095.0,898.0,2090.0,896.0
1.0,5990.0,2980.0,2993.0,2989.0,2980.0,2980.0,2095.0,898.0,2087.0,893.0
1.0,5999.0,2979.0,2994.0,2980.0,2982.0,2982.0,2096.0,898.0,2083.0,896.0
1.0,6000.0,2986.0,2995.0,2982.0,2989.0,2989.0,2096.0,899.0,2091.0,895.0
1.0,5996.0,2995.0,2996.0,2989.0,2998.0,2998.0,2097.0,899.0,2096.0,899.0
1.0,5990.0,3014.0,2996.0,2998.0,3014.0,3014.0,2097.0,899.0,2111.0,903.0
1.0,5974.0,3027.0,2997.0,3014.0,3030.0,3030.0,2098.0,899.0,2119.0,908.0
1.0,5961.0,3046.0,2997.0,3030.0,3046.0,3046.0,2098.0,899.0,2131.0,915.0
1.0,5945.0,3046.0,2998.0,3046.0,3049.0,3049.0,2098.0,900.0,2132.0,914.0
1.0,5945.0,3048.0,2999.0,3049.0,3051.0,3051.0,2099.0,900.0,2134.0,914.0
1.0,5946.0,3036.0,2999.0,3051.0,3036.0,3036.0,2099.0,900.0,2125.0,911.0
1.0,5961.0,3026.0,3000.0,3036.0,3029.0,3029.0,2100.0,900.0,2116.0,910.0
1.0,5971.0,3010.0,3000.0,3029.0,3010.0,3010.0,2100.0,900.0,2108.0,902.0
1.0,5990.0,2994.0,3002.0,3010.0,3000.0,3000.0,2101.0,901.0,2096.0,898.0
1.0,6006.0,2989.0,3002.0,3000.0,2989.0,2989.0,2101.0,901.0,2093.0,896.0
1.0,6017.0,2984.0,3003.0,2989.0,2987.0,2987.0,2102.0,901.0,2089.0,895.0
1.0,6022.0,2994.0,3003.0,2987.0,2994.0,2994.0,2102.0,901.0,2097.0,897.0
1.0,6015.0,3006.0,3004.0,2994.0,3009.0,3009.0,2103.0,901.0,2102.0,904.0
1.0,6003.0,3023.0,3005.0,3009.0,3026.0,3026.0,2103.0,902.0,2117.0,906.0
1.0,5989.0,3036.0,3006.0,3026.0,3039.0,3039.0,2104.0,902.0,2125.0,911.0
1.0,5979.0,3052.0,3006.0,3039.0,3052.0,3052.0,2104.0,902.0,2137.0,915.0
1.0,5966.0,3054.0,3007.0,3052.0,3057.0,3057.0,2105.0,902.0,2138.0,916.0
1.0,5964.0,3059.0,3007.0,3057.0,3059.0,3059.0,2105.0,902.0,2140.0,919.0
1.0,5962.0,3045.0,3008.0,3059.0,3048.0,3048.0,2105.0,903.0,2131.0,914.0
1.0,5976.0,3035.0,3009.0,3048.0,3038.0,3038.0,2106.0,903.0,2125.0,910.0
1.0,5989.0,3016.0,3009.0,3038.0,3016.0,3016.0,2106.0,903.0,2111.0,905.0
1.0,6011.0,3003.0,3010.0,3016.0,3006.0,3006.0,2107.0,903.0,2102.0,901.0
1.0,6024.0,3000.0,3010.0,3006.0,3000.0,3000.0,2107.0,903.0,2099.0,901.0
1.0,6030.0,2993.0,3012.0,3000.0,2999.0,2999.0,2108.0,904.0,2095.0,898.0
1.0,6037.0,3003.0,3012.0,2999.0,3003.0,3003.0,2108.0,904.0,2103.0,900.0
1.0,6033.0,3013.0,3013.0,3003.0,3016.0,3016.0,2109.0,904.0,2109.0,904.0
1.0,6023.0,3032.0,3013.0,3016.0,3032.0,3032.0,2109.0,904.0,2123.0,909.0
1.0,6007.0,3047.0,3014.0,3032.0,3050.0,3050.0,2110.0,904.0,2131.0,916.0
1.0,5992.0,3060.0,3014.0,3050.0,3060.0,3060.0,2110.0,904.0,2143.0,917.0
1.0,5982.0,3063.0,3016.0,3060.0,3069.0,3069.0,2111.0,905.0,2144.0,919.0
1.0,5979.0,3066.0,3016.0,3069.0,3066.0,3066.0,2111.0,905.0,2147.0,919.0
1.0,5982.0,3053.0,3017.0,3066.0,3056.0,3056.0,2112.0,905.0,2137.0,916.0
1.0,5995.0,3046.0,3017.0,3056.0,3046.0,3046.0,2112.0,905.0,2131.0,915.0
1.0,6005.0,3025.0,3018.0,3046.0,3028.0,3028.0,2112.0,906.0,2117.0,908.0
1.0,6026.0,3015.0,3019.0,3028.0,3018.0,3018.0,2113.0,906.0,2111.0,904.0
1.0,6039.0,3003.0,3019.0,3018.0,3003.0,3003.0,2113.0,906.0,2102.0,901.0
1.0,6054.0,3002.0,3020.0,3003.0,3005.0,3005.0,2114.0,906.0,2101.0,901.0
1.0,6055.0,3015.0,3020.0,3005.0,3015.0,3015.0,2114.0,906.0,2109.0,906.0
1.0,6045.0,3021.0,3022.0,3015.0,3027.0,3027.0,2115.0,907.0,2115.0,906.0
1.0,6039.0,3040.0,3022.0,3027.0,3040.0,3040.0,2115.0,907.0,2129.0,911.0
1.0,6026.0,3053.0,3023.0,3040.0,3056.0,3056.0,2116.0,907.0,2137.0,916.0
1.0,6013.0,3069.0,3023.0,3056.0,3069.0,3069.0,2116.0,907.0,2149.0,920.0
1.0,6000.0,3075.0,3024.0,3069.0,3078.0,3078.0,2117.0,907.0,2150.0,925.0
1.0,5994.0,3074.0,3025.0,3078.0,3077.0,3077.0,2117.0,908.0,2153.0,921.0
1.0,5998.0,3063.0,3026.0,3077.0,3066.0,3066.0,2118.0,908.0,2144.0,919.0
1.0,6012.0,3052.0,3026.0,3066.0,3052.0,3052.0,2118.0,908.0,2137.0,915.0
1.0,6026.0,3036.0,3027.0,3052.0,3039.0,3039.0,2119.0,908.0,2123.0,913.0
1.0,6042.0,3023.0,3027.0,3039.0,3023.0,3023.0,2119.0,908.0,2117.0,906.0
1.0,6058.0,3012.0,3028.0,3023.0,3015.0,3015.0,2119.0,909.0,2108.0,904.0
1.0,6069.0,3013.0,3029.0,3015.0,3016.0,3016.0,2120.0,909.0,2110.0,903.0
1.0,6071.0,3017.0,3029.0,3016.0,3017.0,3017.0,2120.0,909.0,2112.0,905.0
1.0,6070.0,3033.0,3030.0,3017.0,3036.0,3036.0,2121.0,909.0,2124.0,909.0
1.0,6054.0,3049.0,3030.0,3036.0,3049.0,3049.0,2121.0,909.0,2132.0,917.0
1.0,6041.0,3062.0,3032.0,3049.0,3068.0,3068.0,2122.0,910.0,2143.0,919.0
1.0,6028.0,3077.0,3032.0,3068.0,3077.0,3077.0,2122.0,910.0,2155.0,922.0
1.0,6019.0,3080.0,3033.0,3077.0,3083.0,3083.0,2123.0,910.0,2156.0,924.0
1.0,6016.0,3083.0,3033.0,3083.0,3083.0,3083.0,2123.0,910.0,2159.0,924.0
1.0,6016.0,3074.0,3034.0,3083.0,3077.0,3077.0,2124.0,910.0,2150.0,924.0
1.0,6025.0,3060.0,3034.0,3077.0,3060.0,3060.0,2124.0,910.0,2143.0,917.0
1.0,6042.0,3043.0,3036.0,3060.0,3049.0,3049.0,2125.0,911.0,2130.0,913.0
1.0,6059.0,3032.0,3036.0,3049.0,3032.0,3032.0,2125.0,911.0,2123.0,909.0
1.0,6076.0,3020.0,3037.0,3032.0,3023.0,3023.0,2126.0,911.0,2114.0,906.0
1.0,6088.0,3025.0,3037.0,3023.0,3025.0,3025.0,2126.0,911.0,2116.0,909.0
1.0,6086.0,3026.0,3038.0,3025.0,3029.0,3029.0,2126.0,912.0,2118.0,908.0
1.0,6085.0,3042.0,3039.0,3029.0,3045.0,3045.0,2127.0,912.0,2130.0,912.0
1.0,6072.0,3054.0,3039.0,3045.0,3054.0,3054.0,2127.0,912.0,2138.0,916.0
1.0,6063.0,3073.0,3040.0,3054.0,3076.0,3076.0,2128.0,912.0,2149.0,924.0
1.0,6044.0,3086.0,3040.0,3076.0,3086.0,3086.0,2128.0,912.0,2161.0,925.0
1.0,6034.0,3089.0,3042.0,3086.0,3095.0,3095.0,2129.0,913.0,2162.0,927.0
1.0,6031.0,3092.0,3042.0,3095.0,3092.0,3092.0,2129.0,913.0,2165.0,927.0
1.0,6034.0,3080.0,3043.0,3092.0,3083.0,3083.0,2130.0,913.0,2156.0,924.0
1.0,6046.0,3069.0,3043.0,3083.0,3069.0,3069.0,2130.0,913.0,2149.0,920.0
1.0,6060.0,3054.0,3044.0,3069.0,3057.0,3057.0,2131.0,913.0,2136.0,918.0
1.0,6075.0,3040.0,3045.0,3057.0,3043.0,3043.0,2131.0,914.0,2129.0,911.0
1.0,6092.0,3029.0,3046.0,3043.0,3032.0,3032.0,2132.0,914.0,2120.0,909.0
1.0,6106.0,3031.0,3046.0,3032.0,3031.0,3031.0,2132.0,914.0,2123.0,908.0
1.0,6107.0,3034.0,3047.0,3031.0,3037.0,3037.0,2133.0,914.0,2124.0,910.0
1.0,6104.0,3053.0,3047.0,3037.0,3053.0,3053.0,2133.0,914.0,2136.0,917.0
1.0,6088.0,3063.0,3048.0,3053.0,3066.0,3066.0,2134.0,914.0,2144.0,919.0
1.0,6078.0,3082.0,3049.0,3066.0,3085.0,3085.0,2134.0,915.0,2158.0,924.0
1.0,6062.0,3092.0,3049.0,3085.0,3092.0,3092.0,2134.0,915.0,2164.0,928.0
1.0,6055.0,3101.0,3050.0,3092.0,3104.0,3104.0,2135.0,915.0,2172.0,929.0
1.0,6046.0,3100.0,3050.0,3104.0,3100.0,3100.0,2135.0,915.0,2168.0,932.0
1.0,6050.0,3089.0,3052.0,3100.0,3095.0,3095.0,2136.0,916.0,2162.0,927.0
1.0,6061.0,3078.0,3052.0,3095.0,3078.0,3078.0,2136.0,916.0,2155.0,923.0
1.0,6078.0,3060.0,3053.0,3078.0,3063.0,3063.0,2137.0,916.0,2142.0,918.0
1.0,6096.0,3049.0,3053.0,3063.0,3049.0,3049.0,2137.0,916.0,2135.0,914.0
1.0,6110.0,3040.0,3054.0,3049.0,3043.0,3043.0,2138.0,916.0,2126.0,914.0
1.0,6119.0,3040.0,3054.0,3043.0,3040.0,3040.0,2138.0,916.0,2129.0,911.0
1.0,6122.0,3043.0,3056.0,3040.0,3049.0,3049.0,2139.0,917.0,2130.0,913.0
1.0,6119.0,3059.0,3056.0,3049.0,3059.0,3059.0,2139.0,917.0,2142.0,917.0
1.0,6109.0,3072.0,3057.0,3059.0,3075.0,3075.0,2140.0,917.0,2150.0,922.0
1.0,6096.0,3093.0,3057.0,3075.0,3093.0,3093.0,2140.0,917.0,2164.0,929.0
1.0,6078.0,3100.0,3058.0,3093.0,3103.0,3103.0,2140.0,918.0,2170.0,930.0
1.0,6071.0,3110.0,3059.0,3103.0,3113.0,3113.0,2141.0,918.0,2178.0,932.0
1.0,6064.0,3106.0,3059.0,3113.0,3106.0,3106.0,2141.0,918.0,2174.0,932.0
1.0,6071.0,3100.0,3060.0,3106.0,3103.0,3103.0,2142.0,918.0,2171.0,929.0
1.0,6077.0,3086.0,3060.0,3103.0,3086.0,3086.0,2142.0,918.0,2158.0,928.0
1.0,6094.0,3069.0,3061.0,3086.0,3072.0,3072.0,2143.0,918.0,2148.0,921.0
1.0,6111.0,3058.0,3062.0,3072.0,3061.0,3061.0,2143.0,919.0,2141.0,917.0
1.0,6125.0,3046.0,3063.0,3061.0,3049.0,3049.0,2144.0,919.0,2132.0,914.0
1.0,6140.0,3049.0,3063.0,3049.0,3049.0,3049.0,2144.0,919.0,2135.0,914.0
1.0,6140.0,3055.0,3064.0,3049.0,3058.0,3058.0,2145.0,919.0,2136.0,919.0
1.0,6134.0,3067.0,3065.0,3058.0,3070.0,3070.0,2145.0,920.0,2148.0,919.0
1.0,6125.0,3080.0,3066.0,3070.0,3083.0,3083.0,2146.0,920.0,2156.0,924.0
1.0,6115.0,3099.0,3066.0,3083.0,3099.0,3099.0,2146.0,920.0,2170.0,929.0
1.0,6099.0,3109.0,3067.0,3099.0,3112.0,3112.0,2147.0,920.0,2176.0,933.0
1.0,6089.0,3122.0,3067.0,3112.0,3122.0,3122.0,2147.0,920.0,2184.0,938.0
1.0,6079.0,3114.0,3069.0,3122.0,3120.0,3120.0,2148.0,921.0,2180.0,934.0
1.0,6087.0,3109.0,3069.0,3120.0,3109.0,3109.0,2148.0,921.0,2177.0,932.0
1.0,6098.0,3093.0,3069.0,3109.0,3093.0,3093.0,2148.0,921.0,2165.0,928.0
1.0,6114.0,3080.0,3070.0,3093.0,3083.0,3083.0,2149.0,921.0,2157.0,923.0
1.0,6127.0,3066.0,3070.0,3083.0,3066.0,3066.0,2149.0,921.0,2144.0,922.0
1.0,6144.0,3055.0,3072.0,3066.0,3061.0,3061.0,2150.0,922.0,2138.0,917.0
1.0,6155.0,3057.0,3072.0,3061.0,3057.0,3057.0,2150.0,922.0,2141.0,916.0
1.0,6159.0,3060.0,3073.0,3057.0,3063.0,3063.0,2151.0,922.0,2142.0,918.0
1.0,6156.0,3076.0,3073.0,3063.0,3076.0,3076.0,2151.0,922.0,2154.0,922.0
1.0,6143.0,3092.0,3074.0,3076.0,3095.0,3095.0,2152.0,922.0,2162.0,930.0
1.0,6127.0,3108.0,3074.0,3095.0,3108.0,3108.0,2152.0,922.0,2176.0,932.0
1.0,6114.0,3117.0,3076.0,3108.0,3123.0,3123.0,2153.0,923.0,2182.0,935.0
1.0,6105.0,3127.0,3076.0,3123.0,3127.0,3127.0,2153.0,923.0,2190.0,937.0
1.0,6101.0,3123.0,3077.0,3127.0,3126.0,3126.0,2154.0,923.0,2186.0,937.0
1.0,6105.0,3120.0,3077.0,3126.0,3120.0,3120.0,2154.0,923.0,2183.0,937.0
1.0,6111.0,3101.0,3078.0,3120.0,3104.0,3104.0,2154.0,924.0,2171.0,930.0
1.0,6130.0,3089.0,3079.0,3104.0,3092.0,3092.0,2155.0,924.0,2163.0,926.0
1.0,6145.0,3073.0,3079.0,3092.0,3073.0,3073.0,2155.0,924.0,2151.0,922.0
1.0,6164.0,3066.0,3080.0,3073.0,3069.0,3069.0,2156.0,924.0,2147.0,919.0
1.0,6171.0,3066.0,3080.0,3069.0,3066.0,3066.0,2156.0,924.0,2144.0,922.0
1.0,6174.0,3069.0,3082.0,3066.0,3075.0,3075.0,2157.0,925.0,2148.0,921.0
1.0,6171.0,3085.0,3082.0,3075.0,3085.0,3085.0,2157.0,925.0,2160.0,925.0
1.0,6161.0,3097.0,3083.0,3085.0,3100.0,3100.0,2158.0,925.0,2168.0,929.0
1.0,6149.0,3116.0,3083.0,3100.0,3116.0,3116.0,2158.0,925.0,2182.0,934.0
1.0,6133.0,3129.0,3084.0,3116.0,3132.0,3132.0,2159.0,925.0,2188.0,941.0
1.0,6120.0,3136.0,3085.0,3132.0,3139.0,3139.0,2159.0,926.0,2196.0,940.0
1.0,6116.0,3132.0,3086.0,3139.0,3135.0,3135.0,2160.0,926.0,2192.0,940.0
1.0,6123.0,3126.0,3086.0,3135.0,3126.0,3126.0,2160.0,926.0,2189.0,937.0
1.0,6132.0,3113.0,3087.0,3126.0,3116.0,3116.0,2161.0,926.0,2177.0,936.0
1.0,6145.0,3097.0,3087.0,3116.0,3097.0,3097.0,2161.0,926.0,2169.0,928.0
1.0,6164.0,3081.0,3088.0,3097.0,3084.0,3084.0,2161.0,927.0,2157.0,924.0
1.0,6180.0,3076.0,3089.0,3084.0,3079.0,3079.0,2162.0,927.0,2154.0,922.0
1.0,6188.0,3071.0,3089.0,3079.0,3071.0,3071.0,2162.0,927.0,2150.0,921.0
1.0,6196.0,3080.0,3090.0,3071.0,3083.0,3083.0,2163.0,927.0,2157.0,923.0
1.0,6187.0,3093.0,3090.0,3083.0,3093.0,3093.0,2163.0,927.0,2163.0,930.0
1.0,6177.0,3106.0,3092.0,3093.0,3112.0,3112.0,2164.0,928.0,2174.0,932.0
1.0,6164.0,3126.0,3092.0,3112.0,3126.0,3126.0,2164.0,928.0,2189.0,937.0
1.0,6150.0,3135.0,3093.0,3126.0,3138.0,3138.0,2165.0,928.0,2194.0,941.0
1.0,6141.0,3144.0,3093.0,3138.0,3144.0,3144.0,2165.0,928.0,2202.0,942.0
1.0,6135.0,3143.0,3094.0,3144.0,3146.0,3146.0,2166.0,928.0,2198.0,945.0
1.0,6136.0,3135.0,3095.0,3146.0,3138.0,3138.0,2166.0,929.0,2195.0,940.0
1.0,6147.0,3119.0,3096.0,3138.0,3122.0,3122.0,2167.0,929.0,2183.0,936.0
1.0,6166.0,3106.0,3096.0,3122.0,3106.0,3106.0,2167.0,929.0,2175.0,931.0
1.0,6182.0,3090.0,3097.0,3106.0,3093.0,3093.0,2168.0,929.0,2163.0,927.0
1.0,6198.0,3087.0,3097.0,3093.0,3087.0,3087.0,2168.0,929.0,2160.0,927.0
1.0,6204.0,3080.0,3098.0,3087.0,3083.0,3083.0,2168.0,930.0,2156.0,924.0
1.0,6211.0,3089.0,3099.0,3083.0,3092.0,3092.0,2169.0,930.0,2163.0,926.0
1.0,6205.0,3099.0,3099.0,3092.0,3099.0,3099.0,2169.0,930.0,2169.0,930.0
1.0,6198.0,3115.0,3100.0,3099.0,3118.0,3118.0,2170.0,930.0,2180.0,935.0
1.0,6182.0,3137.0,3100.0,3118.0,3137.0,3137.0,2170.0,930.0,2195.0,942.0
1.0,6163.0,3143.0,3101.0,3137.0,3146.0,3146.0,2171.0,930.0,2200.0,943.0
1.0,6157.0,3153.0,3102.0,3146.0,3156.0,3156.0,2171.0,931.0,2208.0,945.0
1.0,6150.0,3149.0,3103.0,3156.0,3152.0,3152.0,2172.0,931.0,2204.0,945.0
1.0,6157.0,3143.0,3103.0,3152.0,3143.0,3143.0,2172.0,931.0,2201.0,942.0
1.0,6166.0,3130.0,3104.0,3143.0,3133.0,3133.0,2173.0,931.0,2189.0,941.0
1.0,6179.0,3115.0,3105.0,3133.0,3118.0,3118.0,2173.0,932.0,2181.0,934.0
1.0,6197.0,3099.0,3106.0,3118.0,3102.0,3102.0,2174.0,932.0,2169.0,930.0
1.0,6216.0,3093.0,3106.0,3102.0,3093.0,3093.0,2174.0,932.0,2166.0,927.0
1.0,6225.0,3089.0,3107.0,3093.0,3092.0,3092.0,2175.0,932.0,2162.0,927.0
1.0,6229.0,3101.0,3107.0,3092.0,3101.0,3101.0,2175.0,932.0,2169.0,932.0
1.0,6220.0,3107.0,3108.0,3101.0,3110.0,3110.0,2175.0,933.0,2175.0,932.0
1.0,6214.0,3126.0,3109.0,3110.0,3129.0,3129.0,2176.0,933.0,2189.0,937.0
1.0,6198.0,3140.0,3109.0,3129.0,3140.0,3140.0,2176.0,933.0,2198.0,942.0
1.0,6187.0,3156.0,3110.0,3140.0,3159.0,3159.0,2177.0,933.0,2210.0,946.0
1.0,6171.0,3162.0,3110.0,3159.0,3162.0,3162.0,2177.0,933.0,2211.0,951.0
1.0,6168.0,3157.0,3112.0,3162.0,3163.0,3163.0,2178.0,934.0,2210.0,947.0
1.0,6173.0,3152.0,3112.0,3163.0,3152.0,3152.0,2178.0,934.0,2207.0,945.0
1.0,6184.0,3136.0,3113.0,3152.0,3139.0,3139.0,2179.0,934.0,2195.0,941.0
1.0,6200.0,3126.0,3113.0,3139.0,3126.0,3126.0,2179.0,934.0,2187.0,939.0
1.0,6213.0,3107.0,3114.0,3126.0,3110.0,3110.0,2180.0,934.0,2175.0,932.0
1.0,6232.0,3102.0,3115.0,3110.0,3105.0,3105.0,2180.0,935.0,2172.0,930.0
1.0,6240.0,3097.0,3116.0,3105.0,3100.0,3100.0,2181.0,935.0,2168.0,929.0
1.0,6248.0,3106.0,3116.0,3100.0,3106.0,3106.0,2181.0,935.0,2175.0,931.0
1.0,6242.0,3116.0,3117.0,3106.0,3119.0,3119.0,2182.0,935.0,2181.0,935.0
1.0,6232.0,3139.0,3117.0,3119.0,3139.0,3139.0,2182.0,935.0,2196.0,943.0
1.0,6212.0,3149.0,3118.0,3139.0,3152.0,3152.0,2182.0,936.0,2204.0,945.0
1.0,6202.0,3164.0,3119.0,3152.0,3167.0,3167.0,2183.0,936.0,2216.0,948.0
1.0,6190.0,3167.0,3119.0,3167.0,3167.0,3167.0,2183.0,936.0,2217.0,950.0
1.0,6190.0,3169.0,3120.0,3167.0,3172.0,3172.0,2184.0,936.0,2219.0,950.0
1.0,6188.0,3160.0,3120.0,3172.0,3160.0,3160.0,2184.0,936.0,2210.0,950.0
1.0,6200.0,3144.0,3121.0,3160.0,3147.0,3147.0,2185.0,936.0,2201.0,943.0
1.0,6216.0,3132.0,3122.0,3147.0,3135.0,3135.0,2185.0,937.0,2193.0,939.0
1.0,6231.0,3116.0,3123.0,3135.0,3119.0,3119.0,2186.0,937.0,2181.0,935.0
1.0,6250.0,3110.0,3123.0,3119.0,3110.0,3110.0,2186.0,937.0,2178.0,932.0
1.0,6259.0,3109.0,3124.0,3110.0,3112.0,3112.0,2187.0,937.0,2174.0,935.0
1.0,6260.0,3116.0,3125.0,3112.0,3119.0,3119.0,2187.0,938.0,2182.0,934.0
1.0,6256.0,3125.0,3126.0,3119.0,3128.0,3128.0,2188.0,938.0,2187.0,938.0
1.0,6250.0,3144.0,3126.0,3128.0,3144.0,3144.0,2188.0,938.0,2202.0,942.0
1.0,6234.0,3160.0,3127.0,3144.0,3163.0,3163.0,2189.0,938.0,2210.0,950.0
1.0,6218.0,3173.0,3127.0,3163.0,3173.0,3173.0,2189.0,938.0,2222.0,951.0
1.0,6208.0,3176.0,3129.0,3173.0,3182.0,3182.0,2190.0,939.0,2223.0,953.0
1.0,6205.0,3178.0,3129.0,3182.0,3178.0,3178.0,2190.0,939.0,2225.0,953.0
1.0,6209.0,3166.0,3129.0,3178.0,3166.0,3166.0,2190.0,939.0,2216.0,950.0
1.0,6221.0,3156.0,3130.0,3166.0,3159.0,3159.0,2191.0,939.0,2210.0,946.0
1.0,6231.0,3140.0,3130.0,3159.0,3140.0,3140.0,2191.0,939.0,2196.0,944.0
1.0,6250.0,3124.0,3132.0,3140.0,3130.0,3130.0,2192.0,940.0,2187.0,937.0
1.0,6266.0,3119.0,3132.0,3130.0,3119.0,3119.0,2192.0,940.0,2184.0,935.0
1.0,6277.0,3114.0,3133.0,3119.0,3117.0,3117.0,2193.0,940.0,2180.0,934.0
1.0,6282.0,3124.0,3133.0,3117.0,3124.0,3124.0,2193.0,940.0,2188.0,936.0
1.0,6275.0,3136.0,3134.0,3124.0,3139.0,3139.0,2194.0,940.0,2193.0,943.0
1.0,6263.0,3153.0,3134.0,3139.0,3153.0,3153.0,2194.0,940.0,2208.0,945.0
1.0,6249.0,3166.0,3136.0,3153.0,3172.0,3172.0,2195.0,941.0,2216.0,950.0
1.0,6236.0,3182.0,3136.0,3172.0,3182.0,3182.0,2195.0,941.0,2228.0,954.0
1.0,6226.0,3184.0,3137.0,3182.0,3187.0,3187.0,2196.0,941.0,2229.0,955.0
1.0,6224.0,3189.0,3137.0,3187.0,3189.0,3189.0,2196.0,941.0,2231.0,958.0
1.0,6222.0,3175.0,3138.0,3189.0,3178.0,3178.0,2196.0,942.0,2222.0,953.0
1.0,6236.0,3165.0,3139.0,3178.0,3168.0,3168.0,2197.0,942.0,2216.0,949.0
1.0,6249.0,3146.0,3139.0,3168.0,3146.0,3146.0,2197.0,942.0,2202.0,944.0
1.0,6271.0,3133.0,3140.0,3146.0,3136.0,3136.0,2198.0,942.0,2193.0,940.0
1.0,6284.0,3130.0,3140.0,3136.0,3130.0,3130.0,2198.0,942.0,2190.0,940.0
1.0,6290.0,3123.0,3141.0,3130.0,3126.0,3126.0,2199.0,942.0,2186.0,937.0
1.0,6297.0,3133.0,3142.0,3126.0,3136.0,3136.0,2199.0,943.0,2194.0,939.0
1.0,6290.0,3143.0,3143.0,3136.0,3146.0,3146.0,2200.0,943.0,2200.0,943.0
1.0,6283.0,3162.0,3143.0,3146.0,3162.0,3162.0,2200.0,943.0,2214.0,948.0
1.0,6267.0,3177.0,3144.0,3162.0,3180.0,3180.0,2201.0,943.0,2222.0,955.0
1.0,6252.0,3190.0,3145.0,3180.0,3193.0,3193.0,2201.0,944.0,2234.0,956.0
1.0,6242.0,3193.0,3146.0,3193.0,3196.0,3196.0,2202.0,944.0,2235.0,958.0
1.0,6242.0,3196.0,3146.0,3196.0,3196.0,3196.0,2202.0,944.0,2238.0,958.0
1.0,6242.0,3183.0,3147.0,3196.0,3186.0,3186.0,2203.0,944.0,2228.0,955.0
1.0,6255.0,3176.0,3147.0,3186.0,3176.0,3176.0,2203.0,944.0,2222.0,954.0
1.0,6265.0,3155.0,3147.0,3176.0,3155.0,3155.0,2203.0,944.0,2208.0,947.0
1.0,6286.0,3145.0,3149.0,3155.0,3151.0,3151.0,2204.0,945.0,2202.0,943.0
1.0,6296.0,3133.0,3149.0,3151.0,3133.0,3133.0,2204.0,945.0,2193.0,940.0
1.0,6314.0,3132.0,3150.0,3133.0,3135.0,3135.0,2205.0,945.0,2192.0,940.0
1.0,6315.0,3145.0,3150.0,3135.0,3145.0,3145.0,2205.0,945.0,2200.0,945.0
1.0,6305.0,3151.0,3152.0,3145.0,3157.0,3157.0,2206.0,946.0,2206.0,945.0
1.0,6299.0,3170.0,3152.0,3157.0,3170.0,3170.0,2206.0,946.0,2220.0,950.0
1.0,6286.0,3183.0,3153.0,3170.0,3186.0,3186.0,2207.0,946.0,2228.0,955.0
1.0,6273.0,3199.0,3153.0,3186.0,3199.0,3199.0,2207.0,946.0,2240.0,959.0
1.0,6260.0,3205.0,3154.0,3199.0,3208.0,3208.0,2208.0,946.0,2241.0,964.0
1.0,6254.0,3204.0,3155.0,3208.0,3207.0,3207.0,2208.0,947.0,2244.0,960.0
1.0,6258.0,3193.0,3156.0,3207.0,3196.0,3196.0,2209.0,947.0,2235.0,958.0
1.0,6272.0,3182.0,3156.0,3196.0,3182.0,3182.0,2209.0,947.0,2228.0,954.0
1.0,6286.0,3163.0,3157.0,3182.0,3166.0,3166.0,2210.0,947.0,2214.0,949.0
1.0,6305.0,3156.0,3157.0,3166.0,3156.0,3156.0,2210.0,947.0,2208.0,948.0
1.0,6315.0,3142.0,3158.0,3156.0,3145.0,3145.0,2210.0,948.0,2199.0,943.0
1.0,6329.0,3143.0,3159.0,3145.0,3146.0,3146.0,2211.0,948.0,2201.0,942.0
1.0,6331.0,3147.0,3159.0,3146.0,3147.0,3147.0,2211.0,948.0,2203.0,944.0
1.0,6330.0,3160.0,3160.0,3147.0,3163.0,3163.0,2212.0,948.0,2212.0,948.0
1.0,6317.0,3182.0,3160.0,3163.0,3182.0,3182.0,2212.0,948.0,2226.0,956.0
1.0,6298.0,3192.0,3161.0,3182.0,3195.0,3195.0,2213.0,948.0,2234.0,958.0
1.0,6288.0,3207.0,3162.0,3195.0,3210.0,3210.0,2213.0,949.0,2246.0,961.0
1.0,6276.0,3210.0,3163.0,3210.0,3213.0,3213.0,2214.0,949.0,2247.0,963.0
1.0,6276.0,3213.0,3163.0,3213.0,3213.0,3213.0,2214.0,949.0,2250.0,963.0
1.0,6276.0,3204.0,3164.0,3213.0,3207.0,3207.0,2215.0,949.0,2241.0,963.0
1.0,6285.0,3190.0,3165.0,3207.0,3193.0,3193.0,2215.0,950.0,2234.0,956.0
1.0,6302.0,3173.0,3166.0,3193.0,3176.0,3176.0,2216.0,950.0,2221.0,952.0
1.0,6322.0,3162.0,3166.0,3176.0,3162.0,3162.0,2216.0,950.0,2214.0,948.0
1.0,6336.0,3150.0,3167.0,3162.0,3153.0,3153.0,2217.0,950.0,2205.0,945.0
1.0,6348.0,3155.0,3167.0,3153.0,3155.0,3155.0,2217.0,950.0,2207.0,948.0
1.0,6346.0,3156.0,3168.0,3155.0,3159.0,3159.0,2217.0,951.0,2209.0,947.0
1.0,6345.0,3172.0,3169.0,3159.0,3175.0,3175.0,2218.0,951.0,2221.0,951.0
1.0,6332.0,3184.0,3169.0,3175.0,3184.0,3184.0,2218.0,951.0,2229.0,955.0
1.0,6323.0,3203.0,3170.0,3184.0,3206.0,3206.0,2219.0,951.0,2243.0,960.0
1.0,6304.0,3216.0,3170.0,3206.0,3216.0,3216.0,2219.0,951.0,2249.0,967.0
1.0,6294.0,3219.0,3172.0,3216.0,3225.0,3225.0,2220.0,952.0,2253.0,966.0
1.0,6291.0,3222.0,3172.0,3225.0,3222.0,3222.0,2220.0,952.0,2256.0,966.0
1.0,6294.0,3210.0,3173.0,3222.0,3213.0,3213.0,2221.0,952.0,2247.0,963.0
1.0,6306.0,3202.0,3173.0,3213.0,3202.0,3202.0,2221.0,952.0,2240.0,962.0
1.0,6317.0,3181.0,3174.0,3202.0,3184.0,3184.0,2222.0,952.0,2227.0,954.0
1.0,6338.0,3170.0,3175.0,3184.0,3173.0,3173.0,2222.0,953.0,2220.0,950.0
1.0,6352.0,3159.0,3176.0,3173.0,3162.0,3162.0,2223.0,953.0,2211.0,948.0
1.0,6366.0,3160.0,3176.0,3162.0,3160.0,3160.0,2223.0,953.0,2213.0,947.0
1.0,6368.0,3164.0,3177.0,3160.0,3167.0,3167.0,2224.0,953.0,2215.0,949.0
1.0,6364.0,3183.0,3177.0,3167.0,3183.0,3183.0,2224.0,953.0,2227.0,956.0
1.0,6348.0,3193.0,3178.0,3183.0,3196.0,3196.0,2224.0,954.0,2235.0,958.0
1.0,6338.0,3212.0,3179.0,3196.0,3215.0,3215.0,2225.0,954.0,2249.0,963.0
1.0,6322.0,3222.0,3179.0,3215.0,3222.0,3222.0,2225.0,954.0,2255.0,967.0
1.0,6315.0,3227.0,3180.0,3222.0,3230.0,3230.0,2226.0,954.0,2259.0,968.0
1.0,6310.0,3233.0,3180.0,3230.0,3233.0,3233.0,2226.0,954.0,2262.0,971.0
1.0,6307.0,3219.0,3182.0,3233.0,3225.0,3225.0,2227.0,955.0,2253.0,966.0
1.0,6321.0,3208.0,3182.0,3225.0,3208.0,3208.0,2227.0,955.0,2246.0,962.0
1.0,6338.0,3190.0,3183.0,3208.0,3193.0,3193.0,2228.0,955.0,2233.0,957.0
1.0,6356.0,3179.0,3183.0,3193.0,3179.0,3179.0,2228.0,955.0,2226.0,953.0
1.0,6370.0,3170.0,3184.0,3179.0,3173.0,3173.0,2229.0,955.0,2217.0,953.0
1.0,6379.0,3170.0,3185.0,3173.0,3173.0,3173.0,2229.0,956.0,2220.0,950.0
1.0,6382.0,3173.0,3186.0,3173.0,3176.0,3176.0,2230.0,956.0,2221.0,952.0
1.0,6382.0,3189.0,3186.0,3176.0,3189.0,3189.0,2230.0,956.0,2233.0,956.0
1.0,6369.0,3202.0,3187.0,3189.0,3205.0,3205.0,2231.0,956.0,2241.0,961.0
1.0,6356.0,3223.0,3187.0,3205.0,3223.0,3223.0,2231.0,956.0,2255.0,968.0
1.0,6338.0,3230.0,3187.0,3223.0,3230.0,3230.0,2231.0,956.0,2261.0,969.0
1.0,6331.0,3240.0,3189.0,3230.0,3246.0,3246.0,2232.0,957.0,2269.0,971.0
1.0,6321.0,3236.0,3189.0,3246.0,3236.0,3236.0,2232.0,957.0,2265.0,971.0
1.0,6331.0,3227.0,3190.0,3236.0,3230.0,3230.0,2233.0,957.0,2259.0,968.0
1.0,6340.0,3219.0,3190.0,3230.0,3219.0,3219.0,2233.0,957.0,2252.0,967.0
1.0,6351.0,3199.0,3192.0,3219.0,3205.0,3205.0,2234.0,958.0,2239.0,960.0
1.0,6371.0,3188.0,3192.0,3205.0,3188.0,3188.0,2234.0,958.0,2232.0,956.0
1.0,6388.0,3176.0,3193.0,3188.0,3179.0,3179.0,2235.0,958.0,2223.0,953.0
1.0,6400.0,3179.0,3193.0,3179.0,3179.0,3179.0,2235.0,958.0,2226.0,953.0
1.0,6400.0,3185.0,3194.0,3179.0,3188.0,3188.0,2236.0,958.0,2227.0,958.0
1.0,6394.0,3197.0,3195.0,3188.0,3200.0,3200.0,2236.0,959.0,2239.0,958.0
1.0,6385.0,3210.0,3196.0,3200.0,3213.0,3213.0,2237.0,959.0,2247.0,963.0
1.0,6375.0,3229.0,3196.0,3213.0,3229.0,3229.0,2237.0,959.0,2261.0,968.0
1.0,6359.0,3239.0,3197.0,3229.0,3242.0,3242.0,2238.0,959.0,2267.0,972.0
1.0,6349.0,3252.0,3197.0,3242.0,3252.0,3252.0,2238.0,959.0,2275.0,977.0
1.0,6339.0,3244.0,3198.0,3252.0,3247.0,3247.0,2238.0,960.0,2271.0,973.0
1.0,6347.0,3239.0,3199.0,3247.0,3242.0,3242.0,2239.0,960.0,2268.0,971.0
1.0,6355.0,3223.0,3199.0,3242.0,3223.0,3223.0,2239.0,960.0,2256.0,967.0
1.0,6374.0,3210.0,3200.0,3223.0,3213.0,3213.0,2240.0,960.0,2245.0,965.0
1.0,6387.0,3196.0,3200.0,3213.0,3196.0,3196.0,2240.0,960.0,2238.0,958.0
1.0,6404.0,3185.0,3202.0,3196.0,3191.0,3191.0,2241.0,961.0,2229.0,956.0
1.0,6415.0,3187.0,3202.0,3191.0,3187.0,3187.0,2241.0,961.0,2232.0,955.0
1.0,6419.0,3190.0,3203.0,3187.0,3193.0,3193.0,2242.0,961.0,2233.0,957.0
1.0,6416.0,3206.0,3203.0,3193.0,3206.0,3206.0,2242.0,961.0,2245.0,961.0
1.0,6403.0,3222.0,3204.0,3206.0,3225.0,3225.0,2243.0,961.0,2253.0,969.0
1.0,6387.0,3238.0,3205.0,3225.0,3241.0,3241.0,2243.0,962.0,2267.0,971.0
1.0,6374.0,3247.0,3206.0,3241.0,3250.0,3250.0,2244.0,962.0,2273.0,974.0
1.0,6368.0,3257.0,3206.0,3250.0,3257.0,3257.0,2244.0,962.0,2281.0,976.0
1.0,6361.0,3253.0,3207.0,3257.0,3256.0,3256.0,2245.0,962.0,2277.0,976.0
1.0,6365.0,3250.0,3207.0,3256.0,3250.0,3250.0,2245.0,962.0,2274.0,976.0
1.0,6371.0,3231.0,3207.0,3250.0,3231.0,3231.0,2245.0,962.0,2262.0,969.0
1.0,6390.0,3219.0,3209.0,3231.0,3225.0,3225.0,2246.0,963.0,2254.0,965.0
1.0,6402.0,3203.0,3209.0,3225.0,3203.0,3203.0,2246.0,963.0,2242.0,961.0
1.0,6424.0,3193.0,3210.0,3203.0,3196.0,3196.0,2247.0,963.0,2235.0,958.0
1.0,6434.0,3199.0,3210.0,3196.0,3199.0,3199.0,2247.0,963.0,2238.0,961.0
1.0,6431.0,3199.0,3212.0,3199.0,3205.0,3205.0,2248.0,964.0,2239.0,960.0
1.0,6431.0,3215.0,3212.0,3205.0,3215.0,3215.0,2248.0,964.0,2251.0,964.0
1.0,6421.0,3227.0,3213.0,3215.0,3230.0,3230.0,2249.0,964.0,2259.0,968.0
1.0,6409.0,3249.0,3213.0,3230.0,3249.0,3249.0,2249.0,964.0,2273.0,976.0
1.0,6390.0,3256.0,3214.0,3249.0,3259.0,3259.0,2250.0,964.0,2279.0,977.0
1.0,6383.0,3266.0,3215.0,3259.0,3269.0,3269.0,2250.0,965.0,2287.0,979.0
1.0,6376.0,3262.0,3216.0,3269.0,3265.0,3265.0,2251.0,965.0,2283.0,979.0
1.0,6383.0,3256.0,3216.0,3265.0,3256.0,3256.0,2251.0,965.0,2280.0,976.0
1.0,6392.0,3240.0,3217.0,3256.0,3243.0,3243.0,2252.0,965.0,2268.0,972.0
1.0,6408.0,3230.0,3217.0,3243.0,3230.0,3230.0,2252.0,965.0,2260.0,970.0
1.0,6421.0,3211.0,3218.0,3230.0,3214.0,3214.0,2252.0,966.0,2248.0,963.0
1.0,6440.0,3206.0,3219.0,3214.0,3209.0,3209.0,2253.0,966.0,2245.0,961.0
1.0,6448.0,3201.0,3219.0,3209.0,3201.0,3201.0,2253.0,966.0,2241.0,960.0
1.0,6456.0,3207.0,3220.0,3201.0,3210.0,3210.0,2254.0,966.0,2245.0,962.0
1.0,6450.0,3226.0,3220.0,3210.0,3226.0,3226.0,2254.0,966.0,2257.0,969.0
1.0,6434.0,3236.0,3221.0,3226.0,3239.0,3239.0,2255.0,966.0,2265.0,971.0
1.0,6424.0,3256.0,3222.0,3239.0,3259.0,3259.0,2255.0,967.0,2280.0,976.0
1.0,6407.0,3265.0,3223.0,3259.0,3268.0,3268.0,2256.0,967.0,2285.0,980.0
1.0,6401.0,3274.0,3223.0,3268.0,3274.0,3274.0,2256.0,967.0,2293.0,981.0
1.0,6395.0,3273.0,3224.0,3274.0,3276.0,3276.0,2257.0,967.0,2289.0,984.0
1.0,6396.0,3265.0,3225.0,3276.0,3268.0,3268.0,2257.0,968.0,2286.0,979.0
1.0,6407.0,3249.0,3226.0,3268.0,3252.0,3252.0,2258.0,968.0,2274.0,975.0
1.0,6426.0,3236.0,3226.0,3252.0,3236.0,3236.0,2258.0,968.0,2266.0,970.0
1.0,6442.0,3220.0,3227.0,3236.0,3223.0,3223.0,2259.0,968.0,2254.0,966.0
1.0,6458.0,3217.0,3227.0,3223.0,3217.0,3217.0,2259.0,968.0,2251.0,966.0
1.0,6464.0,3210.0,3228.0,3217.0,3213.0,3213.0,2260.0,968.0,2247.0,963.0
1.0,6471.0,3219.0,3229.0,3213.0,3222.0,3222.0,2260.0,969.0,2254.0,965.0
1.0,6465.0,3229.0,3229.0,3222.0,3229.0,3229.0,2260.0,969.0,2260.0,969.0
1.0,6458.0,3248.0,3230.0,3229.0,3251.0,3251.0,2261.0,969.0,2274.0,974.0
1.0,6439.0,3264.0,3230.0,3251.0,3264.0,3264.0,2261.0,969.0,2283.0,981.0
1.0,6426.0,3273.0,3232.0,3264.0,3279.0,3279.0,2262.0,970.0,2291.0,982.0
1.0,6417.0,3283.0,3232.0,3279.0,3283.0,3283.0,2262.0,970.0,2299.0,984.0
1.0,6413.0,3279.0,3233.0,3283.0,3282.0,3282.0,2263.0,970.0,2295.0,984.0
1.0,6417.0,3273.0,3233.0,3282.0,3273.0,3273.0,2263.0,970.0,2292.0,981.0
1.0,6426.0,3260.0,3234.0,3273.0,3263.0,3263.0,2264.0,970.0,2280.0,980.0
1.0,6439.0,3245.0,3234.0,3263.0,3245.0,3245.0,2264.0,970.0,2272.0,973.0
1.0,6457.0,3229.0,3236.0,3245.0,3235.0,3235.0,2265.0,971.0,2260.0,969.0
1.0,6473.0,3223.0,3236.0,3235.0,3223.0,3223.0,2265.0,971.0,2257.0,966.0
1.0,6485.0,3219.0,3237.0,3223.0,3222.0,3222.0,2266.0,971.0,2253.0,966.0
1.0,6489.0,3231.0,3237.0,3222.0,3231.0,3231.0,2266.0,971.0,2260.0,971.0
1.0,6480.0,3237.0,3238.0,3231.0,3240.0,3240.0,2266.0,972.0,2266.0,971.0
1.0,6474.0,3256.0,3239.0,3240.0,3259.0,3259.0,2267.0,972.0,2280.0,976.0
1.0,6458.0,3270.0,3239.0,3259.0,3270.0,3270.0,2267.0,972.0,2289.0,981.0
1.0,6447.0,3286.0,3240.0,3270.0,3289.0,3289.0,2268.0,972.0,2301.0,985.0
1.0,6431.0,3292.0,3240.0,3289.0,3292.0,3292.0,2268.0,972.0,2302.0,990.0
1.0,6428.0,3287.0,3242.0,3292.0,3293.0,3293.0,2269.0,973.0,2301.0,986.0
1.0,6433.0,3282.0,3242.0,3293.0,3282.0,3282.0,2269.0,973.0,2298.0,984.0
1.0,6444.0,3266.0,3243.0,3282.0,3269.0,3269.0,2270.0,973.0,2286.0,980.0
1.0,6460.0,3253.0,3243.0,3269.0,3253.0,3253.0,2270.0,973.0,2278.0,975.0
1.0,6476.0,3240.0,3244.0,3253.0,3243.0,3243.0,2271.0,973.0,2266.0,974.0
1.0,6489.0,3232.0,3245.0,3243.0,3235.0,3235.0,2271.0,974.0,2263.0,969.0
1.0,6500.0,3227.0,3246.0,3235.0,3230.0,3230.0,2272.0,974.0,2259.0,968.0
1.0,6508.0,3236.0,3246.0,3230.0,3236.0,3236.0,2272.0,974.0,2266.0,970.0
1.0,6502.0,3246.0,3247.0,3236.0,3249.0,3249.0,2273.0,974.0,2272.0,974.0
1.0,6492.0,3269.0,3247.0,3249.0,3269.0,3269.0,2273.0,974.0,2287.0,982.0
1.0,6472.0,3279.0,3248.0,3269.0,3282.0,3282.0,2274.0,974.0,2295.0,984.0
1.0,6462.0,3294.0,3249.0,3282.0,3297.0,3297.0,2274.0,975.0,2307.0,987.0
1.0,6450.0,3297.0,3249.0,3297.0,3297.0,3297.0,2274.0,975.0,2308.0,989.0
1.0,6450.0,3299.0,3250.0,3297.0,3302.0,3302.0,2275.0,975.0,2310.0,989.0
1.0,6448.0,3290.0,3250.0,3302.0,3290.0,3290.0,2275.0,975.0,2301.0,989.0
1.0,6460.0,3274.0,3252.0,3290.0,3280.0,3280.0,2276.0,976.0,2292.0,982.0
1.0,6476.0,3262.0,3252.0,3280.0,3262.0,3262.0,2276.0,976.0,2284.0,978.0
1.0,6494.0,3246.0,3253.0,3262.0,3249.0,3249.0,2277.0,976.0,2272.0,974.0
1.0,6510.0,3240.0,3253.0,3249.0,3240.0,3240.0,2277.0,976.0,2269.0,971.0
1.0,6519.0,3239.0,3254.0,3240.0,3242.0,3242.0,2278.0,976.0,2265.0,974.0
1.0,6520.0,3246.0,3255.0,3242.0,3249.0,3249.0,2278.0,977.0,2273.0,973.0
1.0,6516.0,3255.0,3256.0,3249.0,3258.0,3258.0,2279.0,977.0,2278.0,977.0
1.0,6510.0,3274.0,3256.0,3258.0,3274.0,3274.0,2279.0,977.0,2293.0,981.0
1.0,6494.0,3287.0,3257.0,3274.0,3290.0,3290.0,2280.0,977.0,2301.0,986.0
1.0,6481.0,3306.0,3257.0,3290.0,3306.0,3306.0,2280.0,977.0,2313.0,993.0
1.0,6465.0,3306.0,3258.0,3306.0,3309.0,3309.0,2280.0,978.0,2314.0,992.0
1.0,6465.0,3308.0,3259.0,3309.0,3311.0,3311.0,2281.0,978.0,2316.0,992.0
1.0,6466.0,3296.0,3259.0,3311.0,3296.0,3296.0,2281.0,978.0,2307.0,989.0
1.0,6481.0,3286.0,3260.0,3296.0,3289.0,3289.0,2282.0,978.0,2298.0,988.0
1.0,6491.0,3270.0,3260.0,3289.0,3270.0,3270.0,2282.0,978.0,2290.0,980.0
1.0,6510.0,3254.0,3262.0,3270.0,3260.0,3260.0,2283.0,979.0,2278.0,976.0
1.0,6526.0,3249.0,3262.0,3260.0,3249.0,3249.0,2283.0,979.0,2275.0,974.0
1.0,6537.0,3244.0,3263.0,3249.0,3247.0,3247.0,2284.0,979.0,2271.0,973.0
1.0,6542.0,3254.0,3263.0,3247.0,3254.0,3254.0,2284.0,979.0,2279.0,975.0
1.0,6535.0,3266.0,3264.0,3254.0,3269.0,3269.0,2285.0,979.0,2284.0,982.0
1.0,6523.0,3283.0,3265.0,3269.0,3286.0,3286.0,2285.0,980.0,2299.0,984.0
1.0,6509.0,3296.0,3266.0,3286.0,3299.0,3299.0,2286.0,980.0,2307.0,989.0
1.0,6499.0,3312.0,3266.0,3299.0,3312.0,3312.0,2286.0,980.0,2319.0,993.0
1.0,6486.0,3314.0,3267.0,3312.0,3317.0,3317.0,2287.0,980.0,2320.0,994.0
1.0,6484.0,3319.0,3267.0,3317.0,3319.0,3319.0,2287.0,980.0,2322.0,997.0
1.0,6482.0,3305.0,3268.0,3319.0,3308.0,3308.0,2287.0,981.0,2313.0,992.0
1.0,6496.0,3295.0,3269.0,3308.0,3298.0,3298.0,2288.0,981.0,2307.0,988.0
1.0,6509.0,3276.0,3269.0,3298.0,3276.0,3276.0,2288.0,981.0,2293.0,983.0
1.0,6531.0,3263.0,3270.0,3276.0,3266.0,3266.0,2289.0,981.0,2284.0,979.0
1.0,6544.0,3260.0,3270.0,3266.0,3260.0,3260.0,2289.0,981.0,2281.0,979.0
1.0,6550.0,3253.0,3272.0,3260.0,3259.0,3259.0,2290.0,982.0,2277.0,976.0
1.0,6557.0,3263.0,3272.0,3259.0,3263.0,3263.0,2290.0,982.0,2285.0,978.0
1.0,6553.0,3273.0,3273.0,3263.0,3276.0,3276.0,2291.0,982.0,2291.0,982.0
1.0,6543.0,3292.0,3273.0,3276.0,3292.0,3292.0,2291.0,982.0,2305.0,987.0
1.0,6527.0,3307.0,3274.0,3292.0,3310.0,3310.0,2292.0,982.0,2313.0,994.0
1.0,6512.0,3320.0,3274.0,3310.0,3320.0,3320.0,2292.0,982.0,2325.0,995.0
1.0,6502.0,3323.0,3276.0,3320.0,3329.0,3329.0,2293.0,983.0,2326.0,997.0
1.0,6499.0,3326.0,3276.0,3329.0,3326.0,3326.0,2293.0,983.0,2329.0,997.0
1.0,6502.0,3313.0,3277.0,3326.0,3316.0,3316.0,2294.0,983.0,2319.0,994.0
1.0,6515.0,3306.0,3277.0,3316.0,3306.0,3306.0,2294.0,983.0,2313.0,993.0
1.0,6525.0,3285.0,3278.0,3306.0,3288.0,3288.0,2294.0,984.0,2299.0,986.0
1.0,6546.0,3275.0,3279.0,3288.0,3278.0,3278.0,2295.0,984.0,2293.0,982.0
1.0,6559.0,3263.0,3279.0,3278.0,3263.0,3263.0,2295.0,984.0,2284.0,979.0
1.0,6574.0,3262.0,3280.0,3263.0,3265.0,3265.0,2296.0,984.0,2283.0,979.0
1.0,6575.0,3275.0,3280.0,3265.0,3275.0,3275.0,2296.0,984.0,2291.0,984.0
1.0,6565.0,3281.0,3282.0,3275.0,3287.0,3287.0,2297.0,985.0,2297.0,984.0
1.0,6559.0,3300.0,3282.0,3287.0,3300.0,3300.0,2297.0,985.0,2311.0,989.0
1.0,6546.0,3313.0,3283.0,3300.0,3316.0,3316.0,2298.0,985.0,2319.0,994.0
1.0,6533.0,3329.0,3283.0,3316.0,3329.0,3329.0,2298.0,985.0,2331.0,998.0
1.0,6520.0,3335.0,3284.0,3329.0,3338.0,3338.0,2299.0,985.0,2332.0,1003.0
1.0,6514.0,3334.0,3285.0,3338.0,3337.0,3337.0,2299.0,986.0,2335.0,999.0
1.0,6518.0,3323.0,3286.0,3337.0,3326.0,3326.0,2300.0,986.0,2326.0,997.0
1.0,6532.0,3312.0,3286.0,3326.0,3312.0,3312.0,2300.0,986.0,2319.0,993.0
1.0,6546.0,3296.0,3287.0,3312.0,3299.0,3299.0,2301.0,986.0,2305.0,991.0
1.0,6562.0,3283.0,3287.0,3299.0,3283.0,3283.0,2301.0,986.0,2299.0,984.0
1.0,6578.0,3272.0,3288.0,3283.0,3275.0,3275.0,2301.0,987.0,2290.0,982.0
1.0,6589.0,3273.0,3289.0,3275.0,3276.0,3276.0,2302.0,987.0,2292.0,981.0
1.0,6591.0,3277.0,3289.0,3276.0,3277.0,3277.0,2302.0,987.0,2294.0,983.0
1.0,6590.0,3293.0,3290.0,3277.0,3296.0,3296.0,2303.0,987.0,2306.0,987.0
1.0,6574.0,3309.0,3290.0,3296.0,3309.0,3309.0,2303.0,987.0,2314.0,995.0
1.0,6561.0,3322.0,3292.0,3309.0,3328.0,3328.0,2304.0,988.0,2325.0,997.0
1.0,6548.0,3337.0,3292.0,3328.0,3337.0,3337.0,2304.0,988.0,2337.0,1000.0
1.0,6539.0,3340.0,3293.0,3337.0,3343.0,3343.0,2305.0,988.0,2338.0,1002.0
1.0,6536.0,3343.0,3293.0,3343.0,3343.0,3343.0,2305.0,988.0,2341.0,1002.0
1.0,6536.0,3334.0,3294.0,3343.0,3337.0,3337.0,2306.0,988.0,2332.0,1002.0
1.0,6545.0,3320.0,3294.0,3337.0,3320.0,3320.0,2306.0,988.0,2325.0,995.0
1.0,6562.0,3303.0,3296.0,3320.0,3309.0,3309.0,2307.0,989.0,2312.0,991.0
1.0,6579.0,3292.0,3296.0,3309.0,3292.0,3292.0,2307.0,989.0,2305.0,987.0
1.0,6596.0,3280.0,3297.0,3292.0,3283.0,3283.0,2308.0,989.0,2296.0,984.0
1.0,6608.0,3285.0,3297.0,3283.0,3285.0,3285.0,2308.0,989.0,2298.0,987.0
1.0,6606.0,3286.0,3298.0,3285.0,3289.0,3289.0,2308.0,990.0,2300.0,986.0
1.0,6605.0,3302.0,3299.0,3289.0,3305.0,3305.0,2309.0,990.0,2312.0,990.0
1.0,6592.0,3314.0,3299.0,3305.0,3314.0,3314.0,2309.0,990.0,2320.0,994.0
1.0,6583.0,3333.0,3300.0,3314.0,3336.0,3336.0,2310.0,990.0,2331.0,1002.0
1.0,6564.0,3346.0,3300.0,3336.0,3346.0,3346.0,2310.0,990.0,2343.0,1003.0
1.0,6554.0,3349.0,3302.0,3346.0,3355.0,3355.0,2311.0,991.0,2344.0,1005.0
1.0,6551.0,3352.0,3302.0,3355.0,3352.0,3352.0,2311.0,991.0,2347.0,1005.0
1.0,6554.0,3340.0,3303.0,3352.0,3343.0,3343.0,2312.0,991.0,2338.0,1002.0
1.0,6566.0,3329.0,3303.0,3343.0,3329.0,3329.0,2312.0,991.0,2331.0,998.0
1.0,6580.0,3314.0,3304.0,3329.0,3317.0,3317.0,2313.0,991.0,2318.0,996.0
1.0,6595.0,3300.0,3305.0,3317.0,3303.0,3303.0,2313.0,992.0,2311.0,989.0
1.0,6612.0,3289.0,3306.0,3303.0,3292.0,3292.0,2314.0,992.0,2302.0,987.0
1.0,6626.0,3290.0,3306.0,3292.0,3290.0,3290.0,2314.0,992.0,2304.0,986.0
1.0,6628.0,3294.0,3307.0,3290.0,3297.0,3297.0,2315.0,992.0,2306.0,988.0
1.0,6624.0,3313.0,3307.0,3297.0,3313.0,3313.0,2315.0,992.0,2318.0,995.0
1.0,6608.0,3323.0,3307.0,3313.0,3323.0,3323.0,2315.0,992.0,2326.0,997.0
1.0,6598.0,3342.0,3309.0,3323.0,3348.0,3348.0,2316.0,993.0,2340.0,1002.0
1.0,6579.0,3352.0,3309.0,3348.0,3352.0,3352.0,2316.0,993.0,2346.0,1006.0
1.0,6575.0,3357.0,3310.0,3352.0,3360.0,3360.0,2317.0,993.0,2350.0,1007.0
1.0,6570.0,3363.0,3310.0,3360.0,3363.0,3363.0,2317.0,993.0,2353.0,1010.0
1.0,6567.0,3349.0,3312.0,3363.0,3355.0,3355.0,2318.0,994.0,2344.0,1005.0
1.0,6581.0,3338.0,3312.0,3355.0,3338.0,3338.0,2318.0,994.0,2337.0,1001.0
1.0,6598.0,3320.0,3313.0,3338.0,3323.0,3323.0,2319.0,994.0,2324.0,996.0
1.0,6616.0,3309.0,3313.0,3323.0,3309.0,3309.0,2319.0,994.0,2317.0,992.0
1.0,6630.0,3300.0,3314.0,3309.0,3303.0,3303.0,2320.0,994.0,2308.0,992.0
1.0,6639.0,3300.0,3314.0,3303.0,3300.0,3300.0,2320.0,994.0,2311.0,989.0
1.0,6642.0,3303.0,3316.0,3300.0,3309.0,3309.0,2321.0,995.0,2312.0,991.0
1.0,6639.0,3319.0,3316.0,3309.0,3319.0,3319.0,2321.0,995.0,2324.0,995.0
1.0,6629.0,3332.0,3317.0,3319.0,3335.0,3335.0,2322.0,995.0,2332.0,1000.0
1.0,6616.0,3353.0,3317.0,3335.0,3353.0,3353.0,2322.0,995.0,2346.0,1007.0
1.0,6598.0,3360.0,3318.0,3353.0,3363.0,3363.0,2322.0,996.0,2352.0,1008.0
1.0,6591.0,3370.0,3319.0,3363.0,3373.0,3373.0,2323.0,996.0,2360.0,1010.0
1.0,6584.0,3366.0,3319.0,3373.0,3366.0,3366.0,2323.0,996.0,2356.0,1010.0
1.0,6591.0,3357.0,3320.0,3366.0,3360.0,3360.0,2324.0,996.0,2350.0,1007.0
1.0,6600.0,3349.0,3320.0,3360.0,3349.0,3349.0,2324.0,996.0,2343.0,1006.0
1.0,6611.0,3329.0,3321.0,3349.0,3332.0,3332.0,2325.0,996.0,2330.0,999.0
1.0,6631.0,3318.0,3322.0,3332.0,3321.0,3321.0,2325.0,997.0,2323.0,995.0
1.0,6645.0,3306.0,3323.0,3321.0,3309.0,3309.0,2326.0,997.0,2314.0,992.0
1.0,6660.0,3309.0,3323.0,3309.0,3309.0,3309.0,2326.0,997.0,2317.0,992.0
1.0,6660.0,3315.0,3324.0,3309.0,3318.0,3318.0,2327.0,997.0,2318.0,997.0
1.0,6654.0,3327.0,3325.0,3318.0,3330.0,3330.0,2327.0,998.0,2330.0,997.0
1.0,6645.0,3340.0,3326.0,3330.0,3343.0,3343.0,2328.0,998.0,2338.0,1002.0
1.0,6635.0,3359.0,3326.0,3343.0,3359.0,3359.0,2328.0,998.0,2352.0,1007.0
1.0,6619.0,3369.0,3327.0,3359.0,3372.0,3372.0,2329.0,998.0,2358.0,1011.0
1.0,6609.0,3382.0,3327.0,3372.0,3382.0,3382.0,2329.0,998.0,2366.0,1016.0
1.0,6599.0,3374.0,3328.0,3382.0,3377.0,3377.0,2329.0,999.0,2362.0,1012.0
1.0,6607.0,3369.0,3329.0,3377.0,3372.0,3372.0,2330.0,999.0,2359.0,1010.0
1.0,6615.0,3353.0,3329.0,3372.0,3353.0,3353.0,2330.0,999.0,2347.0,1006.0
1.0,6634.0,3337.0,3330.0,3353.0,3340.0,3340.0,2331.0,999.0,2336.0,1001.0
1.0,6650.0,3329.0,3330.0,3340.0,3329.0,3329.0,2331.0,999.0,2329.0,1000.0
1.0,6661.0,3315.0,3332.0,3329.0,3321.0,3321.0,2332.0,1000.0,2320.0,995.0
1.0,6675.0,3317.0,3332.0,3321.0,3317.0,3317.0,2332.0,1000.0,2323.0,994.0
1.0,6679.0,3320.0,3333.0,3317.0,3323.0,3323.0,2333.0,1000.0,2324.0,996.0
1.0,6676.0,3336.0,3333.0,3323.0,3336.0,3336.0,2333.0,1000.0,2336.0,1000.0
1.0,6663.0,3352.0,3334.0,3336.0,3355.0,3355.0,2334.0,1000.0,2344.0,1008.0
1.0,6647.0,3368.0,3334.0,3355.0,3368.0,3368.0,2334.0,1000.0,2358.0,1010.0
1.0,6634.0,3377.0,3336.0,3368.0,3383.0,3383.0,2335.0,1001.0,2364.0,1013.0
1.0,6625.0,3387.0,3336.0,3383.0,3387.0,3387.0,2335.0,1001.0,2372.0,1015.0
1.0,6621.0,3383.0,3337.0,3387.0,3386.0,3386.0,2336.0,1001.0,2368.0,1015.0
1.0,6625.0,3380.0,3337.0,3386.0,3380.0,3380.0,2336.0,1001.0,2365.0,1015.0
1.0,6631.0,3361.0,3338.0,3380.0,3364.0,3364.0,2336.0,1002.0,2353.0,1008.0
1.0,6650.0,3349.0,3339.0,3364.0,3352.0,3352.0,2337.0,1002.0,2345.0,1004.0
1.0,6665.0,3333.0,3339.0,3352.0,3333.0,3333.0,2337.0,1002.0,2333.0,1000.0
1.0,6684.0,3323.0,3340.0,3333.0,3326.0,3326.0,2338.0,1002.0,2326.0,997.0
1.0,6694.0,3329.0,3340.0,3326.0,3329.0,3329.0,2338.0,1002.0,2329.0,1000.0
1.0,6691.0,3329.0,3342.0,3329.0,3335.0,3335.0,2339.0,1003.0,2330.0,999.0
1.0,6691.0,3345.0,3342.0,3335.0,3345.0,3345.0,2339.0,1003.0,2342.0,1003.0
1.0,6681.0,3357.0,3343.0,3345.0,3360.0,3360.0,2340.0,1003.0,2350.0,1007.0
1.0,6669.0,3376.0,3343.0,3360.0,3376.0,3376.0,2340.0,1003.0,2364.0,1012.0
1.0,6653.0,3389.0,3344.0,3376.0,3392.0,3392.0,2341.0,1003.0,2370.0,1019.0
1.0,6640.0,3396.0,3345.0,3392.0,3399.0,3399.0,2341.0,1004.0,2378.0,1018.0
1.0,6636.0,3392.0,3346.0,3399.0,3395.0,3395.0,2342.0,1004.0,2374.0,1018.0
1.0,6643.0,3386.0,3346.0,3395.0,3386.0,3386.0,2342.0,1004.0,2371.0,1015.0
1.0,6652.0,3373.0,3347.0,3386.0,3376.0,3376.0,2343.0,1004.0,2359.0,1014.0
1.0,6665.0,3357.0,3347.0,3376.0,3357.0,3357.0,2343.0,1004.0,2351.0,1006.0
1.0,6684.0,3341.0,3348.0,3357.0,3344.0,3344.0,2343.0,1005.0,2339.0,1002.0
1.0,6700.0,3336.0,3349.0,3344.0,3339.0,3339.0,2344.0,1005.0,2336.0,1000.0
1.0,6708.0,3331.0,3349.0,3339.0,3331.0,3331.0,2344.0,1005.0,2332.0,999.0
1.0,6716.0,3340.0,3350.0,3331.0,3343.0,3343.0,2345.0,1005.0,2339.0,1001.0
1.0,6707.0,3353.0,3350.0,3343.0,3353.0,3353.0,2345.0,1005.0,2345.0,1008.0
1.0,6697.0,3366.0,3352.0,3353.0,3372.0,3372.0,2346.0,1006.0,2356.0,1010.0
1.0,6684.0,3386.0,3352.0,3372.0,3386.0,3386.0,2346.0,1006.0,2371.0,1015.0
1.0,6670.0,3395.0,3353.0,3386.0,3398.0,3398.0,2347.0,1006.0,2376.0,1019.0
1.0,6661.0,3404.0,3353.0,3398.0,3404.0,3404.0,2347.0,1006.0,2384.0,1020.0
1.0,6655.0,3403.0,3354.0,3404.0,3406.0,3406.0,2348.0,1006.0,2380.0,1023.0
1.0,6656.0,3395.0,3355.0,3406.0,3398.0,3398.0,2348.0,1007.0,2377.0,1018.0
1.0,6667.0,3379.0,3356.0,3398.0,3382.0,3382.0,2349.0,1007.0,2365.0,1014.0
1.0,6686.0,3366.0,3356.0,3382.0,3366.0,3366.0,2349.0,1007.0,2357.0,1009.0
1.0,6702.0,3350.0,3357.0,3366.0,3353.0,3353.0,2350.0,1007.0,2345.0,1005.0
1.0,6718.0,3347.0,3357.0,3353.0,3347.0,3347.0,2350.0,1007.0,2342.0,1005.0
1.0,6724.0,3340.0,3358.0,3347.0,3343.0,3343.0,2350.0,1008.0,2338.0,1002.0
1.0,6731.0,3349.0,3359.0,3343.0,3352.0,3352.0,2351.0,1008.0,2345.0,1004.0
1.0,6725.0,3359.0,3359.0,3352.0,3359.0,3359.0,2351.0,1008.0,2351.0,1008.0
1.0,6718.0,3375.0,3360.0,3359.0,3378.0,3378.0,2352.0,1008.0,2362.0,1013.0
1.0,6702.0,3397.0,3360.0,3378.0,3397.0,3397.0,2352.0,1008.0,2377.0,1020.0
1.0,6683.0,3403.0,3361.0,3397.0,3406.0,3406.0,2353.0,1008.0,2382.0,1021.0
1.0,6677.0,3413.0,3362.0,3406.0,3416.0,3416.0,2353.0,1009.0,2390.0,1023.0
1.0,6670.0,3409.0,3363.0,3416.0,3412.0,3412.0,2354.0,1009.0,2386.0,1023.0
1.0,6677.0,3403.0,3363.0,3412.0,3403.0,3403.0,2354.0,1009.0,2383.0,1020.0
1.0,6686.0,3390.0,3364.0,3403.0,3393.0,3393.0,2355.0,1009.0,2371.0,1019.0
1.0,6699.0,3375.0,3365.0,3393.0,3378.0,3378.0,2355.0,1010.0,2363.0,1012.0
1.0,6717.0,3359.0,3366.0,3378.0,3362.0,3362.0,2356.0,1010.0,2351.0,1008.0
1.0,6736.0,3353.0,3366.0,3362.0,3353.0,3353.0,2356.0,1010.0,2348.0,1005.0
1.0,6745.0,3349.0,3367.0,3353.0,3352.0,3352.0,2357.0,1010.0,2344.0,1005.0
1.0,6749.0,3361.0,3367.0,3352.0,3361.0,3361.0,2357.0,1010.0,2351.0,1010.0
1.0,6740.0,3367.0,3368.0,3361.0,3370.0,3370.0,2357.0,1011.0,2357.0,1010.0
1.0,6734.0,3386.0,3369.0,3370.0,3389.0,3389.0,2358.0,1011.0,2371.0,1015.0
1.0,6718.0,3400.0,3369.0,3389.0,3400.0,3400.0,2358.0,1011.0,2380.0,1020.0
1.0,6707.0,3416.0,3370.0,3400.0,3419.0,3419.0,2359.0,1011.0,2392.0,1024.0
1.0,6691.0,3422.0,3370.0,3419.0,3422.0,3422.0,2359.0,1011.0,2393.0,1029.0
1.0,6688.0,3417.0,3372.0,3422.0,3423.0,3423.0,2360.0,1012.0,2392.0,1025.0
1.0,6693.0,3412.0,3372.0,3423.0,3412.0,3412.0,2360.0,1012.0,2389.0,1023.0
1.0,6704.0,3396.0,3373.0,3412.0,3399.0,3399.0,2361.0,1012.0,2377.0,1019.0
1.0,6720.0,3386.0,3373.0,3399.0,3386.0,3386.0,2361.0,1012.0,2369.0,1017.0
1.0,6733.0,3367.0,3374.0,3386.0,3370.0,3370.0,2362.0,1012.0,2357.0,1010.0
1.0,6752.0,3362.0,3375.0,3370.0,3365.0,3365.0,2362.0,1013.0,2354.0,1008.0
1.0,6760.0,3357.0,3376.0,3365.0,3360.0,3360.0,2363.0,1013.0,2350.0,1007.0
1.0,6768.0,3366.0,3376.0,3360.0,3366.0,3366.0,2363.0,1013.0,2357.0,1009.0
1.0,6762.0,3376.0,3377.0,3366.0,3379.0,3379.0,2364.0,1013.0,2363.0,1013.0
1.0,6752.0,3399.0,3377.0,3379.0,3399.0,3399.0,2364.0,1013.0,2378.0,1021.0
1.0,6732.0,3409.0,3378.0,3399.0,3412.0,3412.0,2364.0,1014.0,2386.0,1023.0
1.0,6722.0,3424.0,3379.0,3412.0,3427.0,3427.0,2365.0,1014.0,2398.0,1026.0
1.0,6710.0,3427.0,3379.0,3427.0,3427.0,3427.0,2365.0,1014.0,2399.0,1028.0
1.0,6710.0,3429.0,3380.0,3427.0,3432.0,3432.0,2366.0,1014.0,2401.0,1028.0
1.0,6708.0,3420.0,3380.0,3432.0,3420.0,3420.0,2366.0,1014.0,2392.0,1028.0
1.0,6720.0,3404.0,3381.0,3420.0,3407.0,3407.0,2367.0,1014.0,2383.0,1021.0
1.0,6736.0,3392.0,3382.0,3407.0,3395.0,3395.0,2367.0,1015.0,2375.0,1017.0
1.0,6751.0,3376.0,3383.0,3395.0,3379.0,3379.0,2368.0,1015.0,2363.0,1013.0
1.0,6770.0,3370.0,3383.0,3379.0,3370.0,3370.0,2368.0,1015.0,2360.0,1010.0
1.0,6779.0,3369.0,3384.0,3370.0,3372.0,3372.0,2369.0,1015.0,2356.0,1013.0
1.0,6780.0,3376.0,3385.0,3372.0,3379.0,3379.0,2369.0,1016.0,2364.0,1012.0
1.0,6776.0,3385.0,3386.0,3379.0,3388.0,3388.0,2370.0,1016.0,2369.0,1016.0
1.0,6770.0,3404.0,3386.0,3388.0,3404.0,3404.0,2370.0,1016.0,2384.0,1020.0
1.0,6754.0,3420.0,3387.0,3404.0,3423.0,3423.0,2371.0,1016.0,2392.0,1028.0
1.0,6738.0,3433.0,3387.0,3423.0,3433.0,3433.0,2371.0,1016.0,2404.0,1029.0
1.0,6728.0,3436.0,3389.0,3433.0,3442.0,3442.0,2372.0,1017.0,2405.0,1031.0
1.0,6725.0,3438.0,3389.0,3442.0,3438.0,3438.0,2372.0,1017.0,2407.0,1031.0
1.0,6729.0,3426.0,3389.0,3438.0,3426.0,3426.0,2372.0,1017.0,2398.0,1028.0
1.0,6741.0,3416.0,3390.0,3426.0,3419.0,3419.0,2373.0,1017.0,2392.0,1024.0
1.0,6751.0,3400.0,3390.0,3419.0,3400.0,3400.0,2373.0,1017.0,2378.0,1022.0
1.0,6770.0,3384.0,3392.0,3400.0,3390.0,3390.0,2374.0,1018.0,2369.0,1015.0
1.0,6786.0,3379.0,3392.0,3390.0,3379.0,3379.0,2374.0,1018.0,2366.0,1013.0
1.0,6797.0,3374.0,3393.0,3379.0,3377.0,3377.0,2375.0,1018.0,2362.0,1012.0
1.0,6802.0,3384.0,3393.0,3377.0,3384.0,3384.0,2375.0,1018.0,2370.0,1014.0
1.0,6795.0,3396.0,3394.0,3384.0,3399.0,3399.0,2376.0,1018.0,2375.0,1021.0
1.0,6783.0,3413.0,3394.0,3399.0,3413.0,3413.0,2376.0,1018.0,2390.0,1023.0
1.0,6769.0,3426.0,3396.0,3413.0,3432.0,3432.0,2377.0,1019.0,2398.0,1028.0
1.0,6756.0,3442.0,3396.0,3432.0,3442.0,3442.0,2377.0,1019.0,2410.0,1032.0
1.0,6746.0,3444.0,3397.0,3442.0,3447.0,3447.0,2378.0,1019.0,2411.0,1033.0
1.0,6744.0,3449.0,3397.0,3447.0,3449.0,3449.0,2378.0,1019.0,2413.0,1036.0
1.0,6742.0,3435.0,3398.0,3449.0,3438.0,3438.0,2378.0,1020.0,2404.0,1031.0
1.0,6756.0,3425.0,3399.0,3438.0,3428.0,3428.0,2379.0,1020.0,2398.0,1027.0
1.0,6769.0,3406.0,3399.0,3428.0,3406.0,3406.0,2379.0,1020.0,2384.0,1022.0
1.0,6791.0,3393.0,3400.0,3406.0,3396.0,3396.0,2380.0,1020.0,2375.0,1018.0
1.0,6804.0,3390.0,3400.0,3396.0,3390.0,3390.0,2380.0,1020.0,2372.0,1018.0
1.0,6810.0,3383.0,3401.0,3390.0,3386.0,3386.0,2381.0,1020.0,2368.0,1015.0
1.0,6817.0,3393.0,3402.0,3386.0,3396.0,3396.0,2381.0,1021.0,2376.0,1017.0
1.0,6810.0,3403.0,3403.0,3396.0,3406.0,3406.0,2382.0,1021.0,2382.0,1021.0
1.0,6803.0,3422.0,3403.0,3406.0,3422.0,3422.0,2382.0,1021.0,2396.0,1026.0
1.0,6787.0,3437.0,3404.0,3422.0,3440.0,3440.0,2383.0,1021.0,2404.0,1033.0
1.0,6772.0,3450.0,3405.0,3440.0,3453.0,3453.0,2383.0,1022.0,2416.0,1034.0
1.0,6762.0,3453.0,3406.0,3453.0,3456.0,3456.0,2384.0,1022.0,2417.0,1036.0
1.0,6762.0,3456.0,3406.0,3456.0,3456.0,3456.0,2384.0,1022.0,2420.0,1036.0
1.0,6762.0,3443.0,3407.0,3456.0,3446.0,3446.0,2385.0,1022.0,2410.0,1033.0
1.0,6775.0,3436.0,3407.0,3446.0,3436.0,3436.0,2385.0,1022.0,2404.0,1032.0
1.0,6785.0,3415.0,3407.0,3436.0,3415.0,3415.0,2385.0,1022.0,2390.0,1025.0
1.0,6806.0,3405.0,3409.0,3415.0,3411.0,3411.0,2386.0,1023.0,2384.0,1021.0
1.0,6816.0,3393.0,3409.0,3411.0,3393.0,3393.0,2386.0,1023.0,2375.0,1018.0
1.0,6834.0,3392.0,3410.0,3393.0,3395.0,3395.0,2387.0,1023.0,2374.0,1018.0
1.0,6835.0,3405.0,3410.0,3395.0,3405.0,3405.0,2387.0,1023.0,2382.0,1023.0
1.0,6825.0,3411.0,3412.0,3405.0,3417.0,3417.0,2388.0,1024.0,2388.0,1023.0
1.0,6819.0,3430.0,3412.0,3417.0,3430.0,3430.0,2388.0,1024.0,2402.0,1028.0
1.0,6806.0,3443.0,3413.0,3430.0,3446.0,3446.0,2389.0,1024.0,2410.0,1033.0
1.0,6793.0,3459.0,3413.0,3446.0,3459.0,3459.0,2389.0,1024.0,2422.0,1037.0
1.0,6780.0,3465.0,3414.0,3459.0,3468.0,3468.0,2390.0,1024.0,2423.0,1042.0
1.0,6774.0,3464.0,3415.0,3468.0,3467.0,3467.0,2390.0,1025.0,2426.0,1038.0
1.0,6778.0,3453.0,3416.0,3467.0,3456.0,3456.0,2391.0,1025.0,2417.0,1036.0
1.0,6792.0,3442.0,3416.0,3456.0,3442.0,3442.0,2391.0,1025.0,2410.0,1032.0
1.0,6806.0,3423.0,3417.0,3442.0,3426.0,3426.0,2392.0,1025.0,2396.0,1027.0
1.0,6825.0,3416.0,3417.0,3426.0,3416.0,3416.0,2392.0,1025.0,2390.0,1026.0
1.0,6835.0,3402.0,3418.0,3416.0,3405.0,3405.0,2392.0,1026.0,2381.0,1021.0
1.0,6849.0,3403.0,3419.0,3405.0,3406.0,3406.0,2393.0,1026.0,2383.0,1020.0
1.0,6851.0,3407.0,3419.0,3406.0,3407.0,3407.0,2393.0,1026.0,2385.0,1022.0
1.0,6850.0,3420.0,3420.0,3407.0,3423.0,3423.0,2394.0,1026.0,2394.0,1026.0
1.0,6837.0,3442.0,3420.0,3423.0,3442.0,3442.0,2394.0,1026.0,2408.0,1034.0
1.0,6818.0,3452.0,3421.0,3442.0,3455.0,3455.0,2395.0,1026.0,2416.0,1036.0
1.0,6808.0,3467.0,3422.0,3455.0,3470.0,3470.0,2395.0,1027.0,2428.0,1039.0
1.0,6796.0,3470.0,3423.0,3470.0,3473.0,3473.0,2396.0,1027.0,2429.0,1041.0
1.0,6796.0,3473.0,3423.0,3473.0,3473.0,3473.0,2396.0,1027.0,2432.0,1041.0
1.0,6796.0,3464.0,3424.0,3473.0,3467.0,3467.0,2397.0,1027.0,2423.0,1041.0
1.0,6805.0,3450.0,3425.0,3467.0,3453.0,3453.0,2397.0,1028.0,2416.0,1034.0
1.0,6822.0,3433.0,3426.0,3453.0,3436.0,3436.0,2398.0,1028.0,2403.0,1030.0
1.0,6842.0,3422.0,3426.0,3436.0,3422.0,3422.0,2398.0,1028.0,2396.0,1026.0
1.0,6856.0,3410.0,3427.0,3422.0,3413.0,3413.0,2399.0,1028.0,2387.0,1023.0
1.0,6868.0,3415.0,3427.0,3413.0,3415.0,3415.0,2399.0,1028.0,2389.0,1026.0
1.0,6866.0,3416.0,3428.0,3415.0,3419.0,3419.0,2399.0,1029.0,2391.0,1025.0
1.0,6865.0,3432.0,3429.0,3419.0,3435.0,3435.0,2400.0,1029.0,2403.0,1029.0
1.0,6852.0,3444.0,3429.0,3435.0,3444.0,3444.0,2400.0,1029.0,2411.0,1033.0
1.0,6843.0,3463.0,3430.0,3444.0,3466.0,3466.0,2401.0,1029.0,2425.0,1038.0
1.0,6824.0,3476.0,3430.0,3466.0,3476.0,3476.0,2401.0,1029.0,2431.0,1045.0
1.0,6814.0,3479.0,3432.0,3476.0,3485.0,3485.0,2402.0,1030.0,2435.0,1044.0
1.0,6811.0,3482.0,3432.0,3485.0,3482.0,3482.0,2402.0,1030.0,2438.0,1044.0
1.0,6814.0,3470.0,3433.0,3482.0,3473.0,3473.0,2403.0,1030.0,2429.0,1041.0
1.0,6826.0,3462.0,3433.0,3473.0,3462.0,3462.0,2403.0,1030.0,2422.0,1040.0
1.0,6837.0,3441.0,3434.0,3462.0,3444.0,3444.0,2404.0,1030.0,2409.0,1032.0
1.0,6858.0,3430.0,3435.0,3444.0,3433.0,3433.0,2404.0,1031.0,2402.0,1028.0
1.0,6872.0,3419.0,3436.0,3433.0,3422.0,3422.0,2405.0,1031.0,2393.0,1026.0
1.0,6886.0,3420.0,3436.0,3422.0,3420.0,3420.0,2405.0,1031.0,2395.0,1025.0
1.0,6888.0,3424.0,3437.0,3420.0,3427.0,3427.0,2406.0,1031.0,2397.0,1027.0
1.0,6884.0,3443.0,3437.0,3427.0,3443.0,3443.0,2406.0,1031.0,2409.0,1034.0
1.0,6868.0,3453.0,3438.0,3443.0,3456.0,3456.0,2406.0,1032.0,2417.0,1036.0
1.0,6858.0,3472.0,3439.0,3456.0,3475.0,3475.0,2407.0,1032.0,2431.0,1041.0
1.0,6842.0,3482.0,3439.0,3475.0,3482.0,3482.0,2407.0,1032.0,2437.0,1045.0
1.0,6835.0,3487.0,3440.0,3482.0,3490.0,3490.0,2408.0,1032.0,2441.0,1046.0
1.0,6830.0,3493.0,3440.0,3490.0,3493.0,3493.0,2408.0,1032.0,2444.0,1049.0
1.0,6827.0,3479.0,3442.0,3493.0,3485.0,3485.0,2409.0,1033.0,2435.0,1044.0
1.0,6841.0,3468.0,3442.0,3485.0,3468.0,3468.0,2409.0,1033.0,2428.0,1040.0
1.0,6858.0,3450.0,3443.0,3468.0,3453.0,3453.0,2410.0,1033.0,2415.0,1035.0
1.0,6876.0,3439.0,3443.0,3453.0,3439.0,3439.0,2410.0,1033.0,2408.0,1031.0
1.0,6890.0,3430.0,3444.0,3439.0,3433.0,3433.0,2411.0,1033.0,2399.0,1031.0
1.0,6899.0,3430.0,3445.0,3433.0,3433.0,3433.0,2411.0,1034.0,2402.0,1028.0
1.0,6902.0,3433.0,3446.0,3433.0,3436.0,3436.0,2412.0,1034.0,2403.0,1030.0
1.0,6902.0,3449.0,3446.0,3436.0,3449.0,3449.0,2412.0,1034.0,2415.0,1034.0
1.0,6889.0,3462.0,3447.0,3449.0,3465.0,3465.0,2413.0,1034.0,2423.0,1039.0
1.0,6876.0,3483.0,3447.0,3465.0,3483.0,3483.0,2413.0,1034.0,2437.0,1046.0
1.0,6858.0,3490.0,3447.0,3483.0,3490.0,3490.0,2413.0,1034.0,2443.0,1047.0
1.0,6851.0,3500.0,3449.0,3490.0,3506.0,3506.0,2414.0,1035.0,2451.0,1049.0
1.0,6841.0,3496.0,3449.0,3506.0,3496.0,3496.0,2414.0,1035.0,2447.0,1049.0
1.0,6851.0,3487.0,3450.0,3496.0,3490.0,3490.0,2415.0,1035.0,2441.0,1046.0
1.0,6860.0,3479.0,3450.0,3490.0,3479.0,3479.0,2415.0,1035.0,2434.0,1045.0
1.0,6871.0,3459.0,3452.0,3479.0,3465.0,3465.0,2416.0,1036.0,2421.0,1038.0
1.0,6891.0,3448.0,3452.0,3465.0,3448.0,3448.0,2416.0,1036.0,2414.0,1034.0
1.0,6908.0,3436.0,3453.0,3448.0,3439.0,3439.0,2417.0,1036.0,2405.0,1031.0
1.0,6920.0,3439.0,3453.0,3439.0,3439.0,3439.0,2417.0,1036.0,2408.0,1031.0
1.0,6920.0,3445.0,3454.0,3439.0,3448.0,3448.0,2418.0,1036.0,2409.0,1036.0
1.0,6914.0,3457.0,3455.0,3448.0,3460.0,3460.0,2418.0,1037.0,2421.0,1036.0
1.0,6905.0,3470.0,3456.0,3460.0,3473.0,3473.0,2419.0,1037.0,2429.0,1041.0
1.0,6895.0,3489.0,3456.0,3473.0,3489.0,3489.0,2419.0,1037.0,2443.0,1046.0
1.0,6879.0,3499.0,3457.0,3489.0,3502.0,3502.0,2420.0,1037.0,2449.0,1050.0
1.0,6869.0,3512.0,3457.0,3502.0,3512.0,3512.0,2420.0,1037.0,2457.0,1055.0
1.0,6859.0,3504.0,3458.0,3512.0,3507.0,3507.0,2420.0,1038.0,2453.0,1051.0
1.0,6867.0,3499.0,3459.0,3507.0,3502.0,3502.0,2421.0,1038.0,2450.0,1049.0
1.0,6875.0,3483.0,3459.0,3502.0,3483.0,3483.0,2421.0,1038.0,2438.0,1045.0
1.0,6894.0,3470.0,3460.0,3483.0,3473.0,3473.0,2422.0,1038.0,2427.0,1043.0
1.0,6907.0,3456.0,3460.0,3473.0,3456.0,3456.0,2422.0,1038.0,2420.0,1036.0
1.0,6924.0,3445.0,3462.0,3456.0,3451.0,3451.0,2423.0,1039.0,2411.0,1034.0
1.0,6935.0,3447.0,3462.0,3451.0,3447.0,3447.0,2423.0,1039.0,2414.0,1033.0
1.0,6939.0,3450.0,3463.0,3447.0,3453.0,3453.0,2424.0,1039.0,2415.0,1035.0
1.0,6936.0,3466.0,3463.0,3453.0,3466.0,3466.0,2424.0,1039.0,2427.0,1039.0
1.0,6923.0,3482.0,3464.0,3466.0,3485.0,3485.0,2425.0,1039.0,2435.0,1047.0
1.0,6907.0,3498.0,3465.0,3485.0,3501.0,3501.0,2425.0,1040.0,2449.0,1049.0
1.0,6894.0,3507.0,3466.0,3501.0,3510.0,3510.0,2426.0,1040.0,2455.0,1052.0
1.0,6888.0,3517.0,3466.0,3510.0,3517.0,3517.0,2426.0,1040.0,2463.0,1054.0
1.0,6881.0,3513.0,3467.0,3517.0,3516.0,3516.0,2427.0,1040.0,2459.0,1054.0
1.0,6885.0,3510.0,3467.0,3516.0,3510.0,3510.0,2427.0,1040.0,2456.0,1054.0
1.0,6891.0,3491.0,3467.0,3510.0,3491.0,3491.0,2427.0,1040.0,2444.0,1047.0
1.0,6910.0,3479.0,3469.0,3491.0,3485.0,3485.0,2428.0,1041.0,2436.0,1043.0
1.0,6922.0,3463.0,3469.0,3485.0,3463.0,3463.0,2428.0,1041.0,2424.0,1039.0
1.0,6944.0,3453.0,3470.0,3463.0,3456.0,3456.0,2429.0,1041.0,2417.0,1036.0
1.0,6954.0,3459.0,3470.0,3456.0,3459.0,3459.0,2429.0,1041.0,2420.0,1039.0
1.0,6951.0,3459.0,3472.0,3459.0,3465.0,3465.0,2430.0,1042.0,2421.0,1038.0
1.0,6951.0,3475.0,3472.0,3465.0,3475.0,3475.0,2430.0,1042.0,2433.0,1042.0
1.0,6941.0,3487.0,3473.0,3475.0,3490.0,3490.0,2431.0,1042.0,2441.0,1046.0
1.0,6929.0,3509.0,3473.0,3490.0,3509.0,3509.0,2431.0,1042.0,2455.0,1054.0
1.0,6910.0,3516.0,3474.0,3509.0,3519.0,3519.0,2432.0,1042.0,2461.0,1055.0
1.0,6903.0,3526.0,3475.0,3519.0,3529.0,3529.0,2432.0,1043.0,2469.0,1057.0
1.0,6896.0,3522.0,3476.0,3529.0,3525.0,3525.0,2433.0,1043.0,2465.0,1057.0
1.0,6903.0,3516.0,3476.0,3525.0,3516.0,3516.0,2433.0,1043.0,2462.0,1054.0
1.0,6912.0,3500.0,3477.0,3516.0,3503.0,3503.0,2434.0,1043.0,2450.0,1050.0
1.0,6928.0,3490.0,3477.0,3503.0,3490.0,3490.0,2434.0,1043.0,2442.0,1048.0
1.0,6941.0,3471.0,3478.0,3490.0,3474.0,3474.0,2434.0,1044.0,2430.0,1041.0
1.0,6960.0,3466.0,3479.0,3474.0,3469.0,3469.0,2435.0,1044.0,2427.0,1039.0
1.0,6968.0,3461.0,3479.0,3469.0,3461.0,3461.0,2435.0,1044.0,2423.0,1038.0
1.0,6976.0,3467.0,3480.0,3461.0,3470.0,3470.0,2436.0,1044.0,2427.0,1040.0
1.0,6970.0,3486.0,3480.0,3470.0,3486.0,3486.0,2436.0,1044.0,2439.0,1047.0
1.0,6954.0,3496.0,3481.0,3486.0,3499.0,3499.0,2437.0,1044.0,2447.0,1049.0
1.0,6944.0,3515.0,3482.0,3499.0,3518.0,3518.0,2437.0,1045.0,2461.0,1054.0
1.0,6928.0,3525.0,3483.0,3518.0,3528.0,3528.0,2438.0,1045.0,2467.0,1058.0
1.0,6921.0,3534.0,3483.0,3528.0,3534.0,3534.0,2438.0,1045.0,2475.0,1059.0
1.0,6915.0,3533.0,3484.0,3534.0,3536.0,3536.0,2439.0,1045.0,2471.0,1062.0
1.0,6916.0,3525.0,3485.0,3536.0,3528.0,3528.0,2439.0,1046.0,2468.0,1057.0
1.0,6927.0,3509.0,3486.0,3528.0,3512.0,3512.0,2440.0,1046.0,2456.0,1053.0
1.0,6946.0,3496.0,3486.0,3512.0,3496.0,3496.0,2440.0,1046.0,2448.0,1048.0
1.0,6962.0,3480.0,3487.0,3496.0,3483.0,3483.0,2441.0,1046.0,2436.0,1044.0
1.0,6978.0,3477.0,3487.0,3483.0,3477.0,3477.0,2441.0,1046.0,2433.0,1044.0
1.0,6984.0,3470.0,3487.0,3477.0,3470.0,3470.0,2441.0,1046.0,2429.0,1041.0
1.0,6991.0,3479.0,3489.0,3470.0,3485.0,3485.0,2442.0,1047.0,2436.0,1043.0
1.0,6982.0,3489.0,3489.0,3485.0,3489.0,3489.0,2442.0,1047.0,2442.0,1047.0
1.0,6978.0,3505.0,3490.0,3489.0,3508.0,3508.0,2443.0,1047.0,2453.0,1052.0
1.0,6962.0,3527.0,3490.0,3508.0,3527.0,3527.0,2443.0,1047.0,2468.0,1059.0
1.0,6943.0,3533.0,3492.0,3527.0,3539.0,3539.0,2444.0,1048.0,2473.0,1060.0
1.0,6937.0,3543.0,3492.0,3539.0,3543.0,3543.0,2444.0,1048.0,2481.0,1062.0
1.0,6933.0,3539.0,3493.0,3543.0,3542.0,3542.0,2445.0,1048.0,2477.0,1062.0
1.0,6937.0,3533.0,3493.0,3542.0,3533.0,3533.0,2445.0,1048.0,2474.0,1059.0
1.0,6946.0,3520.0,3494.0,3533.0,3523.0,3523.0,2446.0,1048.0,2462.0,1058.0
1.0,6959.0,3505.0,3494.0,3523.0,3505.0,3505.0,2446.0,1048.0,2454.0,1051.0
1.0,6977.0,3489.0,3496.0,3505.0,3495.0,3495.0,2447.0,1049.0,2442.0,1047.0
1.0,6993.0,3483.0,3496.0,3495.0,3483.0,3483.0,2447.0,1049.0,2439.0,1044.0
1.0,7005.0,3479.0,3497.0,3483.0,3482.0,3482.0,2448.0,1049.0,2435.0,1044.0
1.0,7009.0,3491.0,3497.0,3482.0,3491.0,3491.0,2448.0,1049.0,2442.0,1049.0
1.0,7000.0,3497.0,3498.0,3491.0,3500.0,3500.0,2448.0,1050.0,2448.0,1049.0
1.0,6994.0,3516.0,3499.0,3500.0,3519.0,3519.0,2449.0,1050.0,2462.0,1054.0
1.0,6978.0,3530.0,3499.0,3519.0,3530.0,3530.0,2449.0,1050.0,2471.0,1059.0
1.0,6967.0,3542.0,3500.0,3530.0,3545.0,3545.0,2450.0,1050.0,2479.0,1063.0
1.0,6955.0,3555.0,3500.0,3545.0,3555.0,3555.0,2450.0,1050.0,2487.0,1068.0
1.0,6945.0,3547.0,3502.0,3555.0,3553.0,3553.0,2451.0,1051.0,2483.0,1064.0
1.0,6953.0,3542.0,3502.0,3553.0,3542.0,3542.0,2451.0,1051.0,2480.0,1062.0
1.0,6964.0,3526.0,3503.0,3542.0,3529.0,3529.0,2452.0,1051.0,2468.0,1058.0
1.0,6980.0,3513.0,3503.0,3529.0,3513.0,3513.0,2452.0,1051.0,2460.0,1053.0
1.0,6996.0,3500.0,3504.0,3513.0,3503.0,3503.0,2453.0,1051.0,2448.0,1052.0
1.0,7009.0,3492.0,3505.0,3503.0,3495.0,3495.0,2453.0,1052.0,2445.0,1047.0
1.0,7020.0,3487.0,3506.0,3495.0,3490.0,3490.0,2454.0,1052.0,2441.0,1046.0
1.0,7028.0,3496.0,3506.0,3490.0,3496.0,3496.0,2454.0,1052.0,2448.0,1048.0
1.0,7022.0,3506.0,3506.0,3496.0,3506.0,3506.0,2454.0,1052.0,2454.0,1052.0
1.0,7012.0,3528.0,3507.0,3506.0,3531.0,3531.0,2455.0,1052.0,2468.0,1060.0
1.0,6990.0,3539.0,3507.0,3531.0,3539.0,3539.0,2455.0,1052.0,2477.0,1062.0
1.0,6982.0,3554.0,3509.0,3539.0,3560.0,3560.0,2456.0,1053.0,2489.0,1065.0
1.0,6967.0,3557.0,3509.0,3560.0,3557.0,3557.0,2456.0,1053.0,2490.0,1067.0
1.0,6970.0,3556.0,3510.0,3557.0,3559.0,3559.0,2457.0,1053.0,2489.0,1067.0
1.0,6971.0,3553.0,3510.0,3559.0,3553.0,3553.0,2457.0,1053.0,2486.0,1067.0
1.0,6977.0,3534.0,3512.0,3553.0,3540.0,3540.0,2458.0,1054.0,2474.0,1060.0
1.0,6996.0,3522.0,3512.0,3540.0,3522.0,3522.0,2458.0,1054.0,2466.0,1056.0
1.0,7014.0,3506.0,3513.0,3522.0,3509.0,3509.0,2459.0,1054.0,2454.0,1052.0
1.0,7030.0,3500.0,3513.0,3509.0,3500.0,3500.0,2459.0,1054.0,2451.0,1049.0
1.0,7039.0,3499.0,3514.0,3500.0,3502.0,3502.0,2460.0,1054.0,2447.0,1052.0
1.0,7040.0,3505.0,3515.0,3502.0,3508.0,3508.0,2460.0,1055.0,2454.0,1051.0
1.0,7037.0,3515.0,3516.0,3508.0,3518.0,3518.0,2461.0,1055.0,2460.0,1055.0
1.0,7030.0,3534.0,3516.0,3518.0,3534.0,3534.0,2461.0,1055.0,2475.0,1059.0
1.0,7014.0,3547.0,3517.0,3534.0,3550.0,3550.0,2462.0,1055.0,2483.0,1064.0
1.0,7001.0,3566.0,3517.0,3550.0,3566.0,3566.0,2462.0,1055.0,2495.0,1071.0
1.0,6985.0,3566.0,3518.0,3566.0,3569.0,3569.0,2462.0,1056.0,2496.0,1070.0
1.0,6985.0,3568.0,3519.0,3569.0,3571.0,3571.0,2463.0,1056.0,2498.0,1070.0
1.0,6986.0,3556.0,3519.0,3571.0,3556.0,3556.0,2463.0,1056.0,2489.0,1067.0
1.0,7001.0,3546.0,3520.0,3556.0,3549.0,3549.0,2464.0,1056.0,2480.0,1066.0
1.0,7011.0,3530.0,3520.0,3549.0,3530.0,3530.0,2464.0,1056.0,2472.0,1058.0
1.0,7030.0,3514.0,3522.0,3530.0,3520.0,3520.0,2465.0,1057.0,2460.0,1054.0
1.0,7046.0,3509.0,3522.0,3520.0,3509.0,3509.0,2465.0,1057.0,2457.0,1052.0
1.0,7057.0,3504.0,3523.0,3509.0,3507.0,3507.0,2466.0,1057.0,2453.0,1051.0
1.0,7062.0,3514.0,3523.0,3507.0,3514.0,3514.0,2466.0,1057.0,2461.0,1053.0
1.0,7055.0,3526.0,3524.0,3514.0,3529.0,3529.0,2467.0,1057.0,2466.0,1060.0
1.0,7043.0,3543.0,3525.0,3529.0,3546.0,3546.0,2467.0,1058.0,2481.0,1062.0
1.0,7029.0,3556.0,3526.0,3546.0,3559.0,3559.0,2468.0,1058.0,2489.0,1067.0
1.0,7019.0,3572.0,3526.0,3559.0,3572.0,3572.0,2468.0,1058.0,2501.0,1071.0
1.0,7006.0,3574.0,3526.0,3572.0,3574.0,3574.0,2468.0,1058.0,2502.0,1072.0
1.0,7004.0,3579.0,3527.0,3574.0,3582.0,3582.0,2469.0,1058.0,2504.0,1075.0
1.0,6999.0,3565.0,3528.0,3582.0,3568.0,3568.0,2469.0,1059.0,2495.0,1070.0
1.0,7016.0,3552.0,3529.0,3568.0,3555.0,3555.0,2470.0,1059.0,2486.0,1066.0
1.0,7032.0,3539.0,3529.0,3555.0,3539.0,3539.0,2470.0,1059.0,2478.0,1061.0
1.0,7048.0,3523.0,3530.0,3539.0,3526.0,3526.0,2471.0,1059.0,2466.0,1057.0
1.0,7064.0,3520.0,3530.0,3526.0,3520.0,3520.0,2471.0,1059.0,2463.0,1057.0
1.0,7070.0,3513.0,3532.0,3520.0,3519.0,3519.0,2472.0,1060.0,2459.0,1054.0
1.0,7077.0,3523.0,3532.0,3519.0,3523.0,3523.0,2472.0,1060.0,2467.0,1056.0
1.0,7073.0,3532.0,3533.0,3523.0,3535.0,3535.0,2473.0,1060.0,2472.0,1060.0
1.0,7064.0,3552.0,3533.0,3535.0,3552.0,3552.0,2473.0,1060.0,2487.0,1065.0
1.0,7047.0,3567.0,3534.0,3552.0,3570.0,3570.0,2474.0,1060.0,2495.0,1072.0
1.0,7032.0,3580.0,3534.0,3570.0,3580.0,3580.0,2474.0,1060.0,2507.0,1073.0
1.0,7022.0,3583.0,3536.0,3580.0,3589.0,3589.0,2475.0,1061.0,2508.0,1075.0
1.0,7019.0,3585.0,3536.0,3589.0,3585.0,3585.0,2475.0,1061.0,2510.0,1075.0
1.0,7023.0,3573.0,3536.0,3585.0,3573.0,3573.0,2475.0,1061.0,2501.0,1072.0
1.0,7035.0,3566.0,3537.0,3573.0,3569.0,3569.0,2476.0,1061.0,2495.0,1071.0
1.0,7042.0,3545.0,3538.0,3569.0,3548.0,3548.0,2476.0,1062.0,2481.0,1064.0
1.0,7066.0,3532.0,3539.0,3548.0,3535.0,3535.0,2477.0,1062.0,2472.0,1060.0
1.0,7082.0,3526.0,3539.0,3535.0,3526.0,3526.0,2477.0,1062.0,2469.0,1057.0
1.0,7091.0,3522.0,3540.0,3526.0,3525.0,3525.0,2478.0,1062.0,2465.0,1057.0
1.0,7095.0,3535.0,3540.0,3525.0,3535.0,3535.0,2478.0,1062.0,2473.0,1062.0
1.0,7085.0,3541.0,3542.0,3535.0,3547.0,3547.0,2479.0,1063.0,2479.0,1062.0
1.0,7079.0,3560.0,3542.0,3547.0,3560.0,3560.0,2479.0,1063.0,2493.0,1067.0
1.0,7066.0,3573.0,3543.0,3560.0,3576.0,3576.0,2480.0,1063.0,2501.0,1072.0
1.0,7053.0,3589.0,3543.0,3576.0,3589.0,3589.0,2480.0,1063.0,2513.0,1076.0
1.0,7040.0,3595.0,3544.0,3589.0,3598.0,3598.0,2481.0,1063.0,2514.0,1081.0
1.0,7034.0,3594.0,3545.0,3598.0,3597.0,3597.0,2481.0,1064.0,2517.0,1077.0
1.0,7038.0,3582.0,3546.0,3597.0,3585.0,3585.0,2482.0,1064.0,2507.0,1075.0
1.0,7053.0,3572.0,3546.0,3585.0,3572.0,3572.0,2482.0,1064.0,2501.0,1071.0
1.0,7066.0,3556.0,3546.0,3572.0,3556.0,3556.0,2482.0,1064.0,2487.0,1069.0
1.0,7082.0,3543.0,3547.0,3556.0,3546.0,3546.0,2483.0,1064.0,2481.0,1062.0
1.0,7095.0,3532.0,3548.0,3546.0,3535.0,3535.0,2483.0,1065.0,2472.0,1060.0
1.0,7109.0,3530.0,3549.0,3535.0,3533.0,3533.0,2484.0,1065.0,2471.0,1059.0
1.0,7114.0,3540.0,3549.0,3533.0,3540.0,3540.0,2484.0,1065.0,2479.0,1061.0
1.0,7107.0,3550.0,3550.0,3540.0,3553.0,3553.0,2485.0,1065.0,2485.0,1065.0
1.0,7097.0,3572.0,3550.0,3553.0,3572.0,3572.0,2485.0,1065.0,2499.0,1073.0
1.0,7078.0,3582.0,3552.0,3572.0,3588.0,3588.0,2486.0,1066.0,2507.0,1075.0
1.0,7068.0,3597.0,3552.0,3588.0,3597.0,3597.0,2486.0,1066.0,2519.0,1078.0
1.0,7059.0,3600.0,3553.0,3597.0,3603.0,3603.0,2487.0,1066.0,2520.0,1080.0
1.0,7056.0,3603.0,3553.0,3603.0,3603.0,3603.0,2487.0,1066.0,2523.0,1080.0
1.0,7056.0,3594.0,3554.0,3603.0,3597.0,3597.0,2488.0,1066.0,2514.0,1080.0
1.0,7065.0,3580.0,3554.0,3597.0,3580.0,3580.0,2488.0,1066.0,2507.0,1073.0
1.0,7082.0,3562.0,3556.0,3580.0,3568.0,3568.0,2489.0,1067.0,2493.0,1069.0
1.0,7100.0,3552.0,3556.0,3568.0,3552.0,3552.0,2489.0,1067.0,2487.0,1065.0
1.0,7116.0,3540.0,3556.0,3552.0,3540.0,3540.0,2489.0,1067.0,2478.0,1062.0
1.0,7128.0,3545.0,3557.0,3540.0,3548.0,3548.0,2490.0,1067.0,2480.0,1065.0
1.0,7123.0,3546.0,3558.0,3548.0,3549.0,3549.0,2490.0,1068.0,2482.0,1064.0
1.0,7125.0,3562.0,3559.0,3549.0,3565.0,3565.0,2491.0,1068.0,2494.0,1068.0
1.0,7112.0,3574.0,3559.0,3565.0,3574.0,3574.0,2491.0,1068.0,2502.0,1072.0
1.0,7103.0,3593.0,3560.0,3574.0,3596.0,3596.0,2492.0,1068.0,2513.0,1080.0
1.0,7084.0,3606.0,3560.0,3596.0,3606.0,3606.0,2492.0,1068.0,2525.0,1081.0
1.0,7074.0,3609.0,3562.0,3606.0,3615.0,3615.0,2493.0,1069.0,2526.0,1083.0
1.0,7071.0,3612.0,3562.0,3615.0,3612.0,3612.0,2493.0,1069.0,2529.0,1083.0
1.0,7074.0,3600.0,3563.0,3612.0,3603.0,3603.0,2494.0,1069.0,2520.0,1080.0
1.0,7086.0,3589.0,3563.0,3603.0,3589.0,3589.0,2494.0,1069.0,2513.0,1076.0
1.0,7100.0,3574.0,3564.0,3589.0,3577.0,3577.0,2495.0,1069.0,2500.0,1074.0
1.0,7115.0,3560.0,3565.0,3577.0,3563.0,3563.0,2495.0,1070.0,2493.0,1067.0
1.0,7132.0,3549.0,3566.0,3563.0,3552.0,3552.0,2496.0,1070.0,2484.0,1065.0
1.0,7146.0,3550.0,3566.0,3552.0,3550.0,3550.0,2496.0,1070.0,2486.0,1064.0
1.0,7148.0,3554.0,3566.0,3550.0,3554.0,3554.0,2496.0,1070.0,2488.0,1066.0
1.0,7144.0,3573.0,3567.0,3554.0,3576.0,3576.0,2497.0,1070.0,2500.0,1073.0
1.0,7125.0,3583.0,3567.0,3576.0,3583.0,3583.0,2497.0,1070.0,2508.0,1075.0
1.0,7118.0,3599.0,3569.0,3583.0,3605.0,3605.0,2498.0,1071.0,2519.0,1080.0
1.0,7102.0,3615.0,3569.0,3605.0,3615.0,3615.0,2498.0,1071.0,2531.0,1084.0
1.0,7092.0,3617.0,3570.0,3615.0,3620.0,3620.0,2499.0,1071.0,2532.0,1085.0
1.0,7090.0,3623.0,3570.0,3620.0,3623.0,3623.0,2499.0,1071.0,2535.0,1088.0
1.0,7087.0,3609.0,3572.0,3623.0,3615.0,3615.0,2500.0,1072.0,2526.0,1083.0
1.0,7101.0,3598.0,3572.0,3615.0,3598.0,3598.0,2500.0,1072.0,2519.0,1079.0
1.0,7118.0,3580.0,3573.0,3598.0,3583.0,3583.0,2501.0,1072.0,2506.0,1074.0
1.0,7136.0,3569.0,3573.0,3583.0,3569.0,3569.0,2501.0,1072.0,2499.0,1070.0
1.0,7150.0,3560.0,3574.0,3569.0,3563.0,3563.0,2502.0,1072.0,2490.0,1070.0
1.0,7159.0,3560.0,3574.0,3563.0,3560.0,3560.0,2502.0,1072.0,2493.0,1067.0
1.0,7162.0,3563.0,3576.0,3560.0,3569.0,3569.0,2503.0,1073.0,2494.0,1069.0
1.0,7159.0,3579.0,3576.0,3569.0,3579.0,3579.0,2503.0,1073.0,2506.0,1073.0
1.0,7149.0,3592.0,3577.0,3579.0,3595.0,3595.0,2504.0,1073.0,2514.0,1078.0
1.0,7136.0,3613.0,3577.0,3595.0,3613.0,3613.0,2504.0,1073.0,2528.0,1085.0
1.0,7118.0,3620.0,3578.0,3613.0,3623.0,3623.0,2504.0,1074.0,2534.0,1086.0
1.0,7111.0,3630.0,3579.0,3623.0,3633.0,3633.0,2505.0,1074.0,2542.0,1088.0
1.0,7104.0,3626.0,3579.0,3633.0,3626.0,3626.0,2505.0,1074.0,2538.0,1088.0
1.0,7111.0,3617.0,3580.0,3626.0,3620.0,3620.0,2506.0,1074.0,2532.0,1085.0
1.0,7120.0,3609.0,3580.0,3620.0,3609.0,3609.0,2506.0,1074.0,2525.0,1084.0
1.0,7131.0,3589.0,3581.0,3609.0,3592.0,3592.0,2507.0,1074.0,2512.0,1077.0
1.0,7151.0,3578.0,3582.0,3592.0,3581.0,3581.0,2507.0,1075.0,2505.0,1073.0
1.0,7165.0,3566.0,3583.0,3581.0,3569.0,3569.0,2508.0,1075.0,2496.0,1070.0
1.0,7180.0,3569.0,3583.0,3569.0,3569.0,3569.0,2508.0,1075.0,2499.0,1070.0
1.0,7180.0,3575.0,3584.0,3569.0,3578.0,3578.0,2509.0,1075.0,2500.0,1075.0
1.0,7174.0,3587.0,3585.0,3578.0,3590.0,3590.0,2509.0,1076.0,2512.0,1075.0
1.0,7165.0,3600.0,3586.0,3590.0,3603.0,3603.0,2510.0,1076.0,2520.0,1080.0
1.0,7155.0,3619.0,3586.0,3603.0,3619.0,3619.0,2510.0,1076.0,2534.0,1085.0
1.0,7139.0,3629.0,3586.0,3619.0,3629.0,3629.0,2510.0,1076.0,2540.0,1089.0
1.0,7129.0,3642.0,3587.0,3629.0,3645.0,3645.0,2511.0,1076.0,2548.0,1094.0
1.0,7116.0,3634.0,3588.0,3645.0,3637.0,3637.0,2511.0,1077.0,2544.0,1090.0
1.0,7127.0,3629.0,3589.0,3637.0,3632.0,3632.0,2512.0,1077.0,2541.0,1088.0
1.0,7135.0,3612.0,3589.0,3632.0,3612.0,3612.0,2512.0,1077.0,2528.0,1084.0
1.0,7155.0,3597.0,3590.0,3612.0,3600.0,3600.0,2513.0,1077.0,2518.0,1079.0
1.0,7170.0,3589.0,3590.0,3600.0,3589.0,3589.0,2513.0,1077.0,2511.0,1078.0
1.0,7181.0,3575.0,3592.0,3589.0,3581.0,3581.0,2514.0,1078.0,2502.0,1073.0
1.0,7195.0,3577.0,3592.0,3581.0,3577.0,3577.0,2514.0,1078.0,2505.0,1072.0
1.0,7199.0,3580.0,3593.0,3577.0,3583.0,3583.0,2515.0,1078.0,2506.0,1074.0
1.0,7196.0,3596.0,3593.0,3583.0,3596.0,3596.0,2515.0,1078.0,2518.0,1078.0
1.0,7183.0,3612.0,3594.0,3596.0,3615.0,3615.0,2516.0,1078.0,2526.0,1086.0
1.0,7167.0,3628.0,3594.0,3615.0,3628.0,3628.0,2516.0,1078.0,2540.0,1088.0
1.0,7154.0,3637.0,3596.0,3628.0,3643.0,3643.0,2517.0,1079.0,2546.0,1091.0
1.0,7145.0,3647.0,3596.0,3643.0,3647.0,3647.0,2517.0,1079.0,2554.0,1093.0
1.0,7141.0,3643.0,3597.0,3647.0,3646.0,3646.0,2518.0,1079.0,2550.0,1093.0
1.0,7145.0,3640.0,3597.0,3646.0,3640.0,3640.0,2518.0,1079.0,2547.0,1093.0
1.0,7151.0,3621.0,3598.0,3640.0,3624.0,3624.0,2518.0,1080.0,2535.0,1086.0
1.0,7170.0,3609.0,3599.0,3624.0,3612.0,3612.0,2519.0,1080.0,2527.0,1082.0
1.0,7185.0,3592.0,3599.0,3612.0,3592.0,3592.0,2519.0,1080.0,2514.0,1078.0
1.0,7205.0,3583.0,3600.0,3592.0,3586.0,3586.0,2520.0,1080.0,2508.0,1075.0
1.0,7214.0,3589.0,3600.0,3586.0,3589.0,3589.0,2520.0,1080.0,2511.0,1078.0
1.0,7211.0,3589.0,3602.0,3589.0,3595.0,3595.0,2521.0,1081.0,2512.0,1077.0
1.0,7211.0,3605.0,3602.0,3595.0,3605.0,3605.0,2521.0,1081.0,2524.0,1081.0
1.0,7201.0,3617.0,3603.0,3605.0,3620.0,3620.0,2522.0,1081.0,2532.0,1085.0
1.0,7189.0,3636.0,3603.0,3620.0,3636.0,3636.0,2522.0,1081.0,2546.0,1090.0
1.0,7173.0,3649.0,3604.0,3636.0,3652.0,3652.0,2523.0,1081.0,2552.0,1097.0
1.0,7160.0,3656.0,3605.0,3652.0,3659.0,3659.0,2523.0,1082.0,2560.0,1096.0
1.0,7156.0,3652.0,3606.0,3659.0,3655.0,3655.0,2524.0,1082.0,2556.0,1096.0
1.0,7163.0,3646.0,3606.0,3655.0,3646.0,3646.0,2524.0,1082.0,2553.0,1093.0
1.0,7172.0,3633.0,3606.0,3646.0,3633.0,3633.0,2524.0,1082.0,2541.0,1092.0
1.0,7185.0,3617.0,3607.0,3633.0,3620.0,3620.0,2525.0,1082.0,2533.0,1084.0
1.0,7201.0,3601.0,3608.0,3620.0,3604.0,3604.0,2525.0,1083.0,2521.0,1080.0
1.0,7220.0,3595.0,3609.0,3604.0,3598.0,3598.0,2526.0,1083.0,2517.0,1078.0
1.0,7229.0,3591.0,3609.0,3598.0,3591.0,3591.0,2526.0,1083.0,2514.0,1077.0
1.0,7236.0,3597.0,3610.0,3591.0,3600.0,3600.0,2527.0,1083.0,2518.0,1079.0
1.0,7230.0,3616.0,3610.0,3600.0,3616.0,3616.0,2527.0,1083.0,2530.0,1086.0
1.0,7214.0,3626.0,3612.0,3616.0,3632.0,3632.0,2528.0,1084.0,2538.0,1088.0
1.0,7204.0,3645.0,3612.0,3632.0,3645.0,3645.0,2528.0,1084.0,2552.0,1093.0
1.0,7191.0,3655.0,3613.0,3645.0,3658.0,3658.0,2529.0,1084.0,2558.0,1097.0
1.0,7181.0,3664.0,3613.0,3658.0,3664.0,3664.0,2529.0,1084.0,2566.0,1098.0
1.0,7175.0,3663.0,3614.0,3664.0,3666.0,3666.0,2530.0,1084.0,2562.0,1101.0
1.0,7176.0,3655.0,3615.0,3666.0,3658.0,3658.0,2530.0,1085.0,2559.0,1096.0
1.0,7187.0,3639.0,3616.0,3658.0,3642.0,3642.0,2531.0,1085.0,2547.0,1092.0
1.0,7206.0,3626.0,3616.0,3642.0,3626.0,3626.0,2531.0,1085.0,2539.0,1087.0
1.0,7222.0,3610.0,3616.0,3626.0,3610.0,3610.0,2531.0,1085.0,2527.0,1083.0
1.0,7238.0,3607.0,3617.0,3610.0,3610.0,3610.0,2532.0,1085.0,2524.0,1083.0
1.0,7241.0,3600.0,3618.0,3610.0,3603.0,3603.0,2532.0,1086.0,2520.0,1080.0
1.0,7251.0,3609.0,3619.0,3603.0,3612.0,3612.0,2533.0,1086.0,2527.0,1082.0
1.0,7245.0,3619.0,3619.0,3612.0,3619.0,3619.0,2533.0,1086.0,2533.0,1086.0
1.0,7238.0,3635.0,3620.0,3619.0,3638.0,3638.0,2534.0,1086.0,2544.0,1091.0
1.0,7222.0,3657.0,3620.0,3638.0,3657.0,3657.0,2534.0,1086.0,2559.0,1098.0
1.0,7203.0,3663.0,3621.0,3657.0,3666.0,3666.0,2535.0,1086.0,2564.0,1099.0
1.0,7197.0,3673.0,3622.0,3666.0,3676.0,3676.0,2535.0,1087.0,2572.0,1101.0
1.0,7190.0,3669.0,3623.0,3676.0,3672.0,3672.0,2536.0,1087.0,2568.0,1101.0
1.0,7197.0,3663.0,3623.0,3672.0,3663.0,3663.0,2536.0,1087.0,2565.0,1098.0
1.0,7206.0,3650.0,3624.0,3663.0,3653.0,3653.0,2537.0,1087.0,2553.0,1097.0
1.0,7219.0,3635.0,3625.0,3653.0,3638.0,3638.0,2537.0,1088.0,2545.0,1090.0
1.0,7237.0,3619.0,3626.0,3638.0,3622.0,3622.0,2538.0,1088.0,2533.0,1086.0
1.0,7256.0,3613.0,3626.0,3622.0,3613.0,3613.0,2538.0,1088.0,2530.0,1083.0
1.0,7265.0,3609.0,3626.0,3613.0,3609.0,3609.0,2538.0,1088.0,2526.0,1083.0
1.0,7269.0,3621.0,3627.0,3609.0,3624.0,3624.0,2539.0,1088.0,2533.0,1088.0
1.0,7257.0,3627.0,3628.0,3624.0,3630.0,3630.0,2539.0,1089.0,2539.0,1088.0
1.0,7254.0,3643.0,3629.0,3630.0,3646.0,3646.0,2540.0,1089.0,2550.0,1093.0
1.0,7241.0,3663.0,3629.0,3646.0,3663.0,3663.0,2540.0,1089.0,2565.0,1098.0
1.0,7224.0,3672.0,3630.0,3663.0,3675.0,3675.0,2541.0,1089.0,2570.0,1102.0
1.0,7215.0,3685.0,3630.0,3675.0,3685.0,3685.0,2541.0,1089.0,2578.0,1107.0
1.0,7205.0,3677.0,3632.0,3685.0,3683.0,3683.0,2542.0,1090.0,2574.0,1103.0
1.0,7213.0,3672.0,3632.0,3683.0,3672.0,3672.0,2542.0,1090.0,2571.0,1101.0
1.0,7224.0,3656.0,3633.0,3672.0,3659.0,3659.0,2543.0,1090.0,2559.0,1097.0
1.0,7240.0,3646.0,3633.0,3659.0,3646.0,3646.0,2543.0,1090.0,2551.0,1095.0
1.0,7253.0,3627.0,3634.0,3646.0,3630.0,3630.0,2544.0,1090.0,2539.0,1088.0
1.0,7272.0,3622.0,3635.0,3630.0,3625.0,3625.0,2544.0,1091.0,2536.0,1086.0
1.0,7280.0,3617.0,3636.0,3625.0,3620.0,3620.0,2545.0,1091.0,2532.0,1085.0
1.0,7288.0,3626.0,3636.0,3620.0,3626.0,3626.0,2545.0,1091.0,2539.0,1087.0
1.0,7282.0,3636.0,3636.0,3626.0,3636.0,3636.0,2545.0,1091.0,2545.0,1091.0
1.0,7272.0,3658.0,3637.0,3636.0,3661.0,3661.0,2546.0,1091.0,2559.0,1099.0
1.0,7250.0,3669.0,3638.0,3661.0,3672.0,3672.0,2546.0,1092.0,2568.0,1101.0
1.0,7242.0,3684.0,3639.0,3672.0,3687.0,3687.0,2547.0,1092.0,2580.0,1104.0
1.0,7230.0,3687.0,3639.0,3687.0,3687.0,3687.0,2547.0,1092.0,2581.0,1106.0
1.0,7230.0,3686.0,3640.0,3687.0,3689.0,3689.0,2548.0,1092.0,2580.0,1106.0
1.0,7231.0,3683.0,3640.0,3689.0,3683.0,3683.0,2548.0,1092.0,2577.0,1106.0
1.0,7237.0,3664.0,3641.0,3683.0,3667.0,3667.0,2549.0,1092.0,2565.0,1099.0
1.0,7256.0,3652.0,3642.0,3667.0,3655.0,3655.0,2549.0,1093.0,2557.0,1095.0
1.0,7271.0,3636.0,3643.0,3655.0,3639.0,3639.0,2550.0,1093.0,2545.0,1091.0
1.0,7290.0,3630.0,3643.0,3639.0,3630.0,3630.0,2550.0,1093.0,2542.0,1088.0
1.0,7299.0,3629.0,3644.0,3630.0,3632.0,3632.0,2551.0,1093.0,2538.0,1091.0
1.0,7300.0,3635.0,3645.0,3632.0,3638.0,3638.0,2551.0,1094.0,2545.0,1090.0
1.0,7297.0,3645.0,3646.0,3638.0,3648.0,3648.0,2552.0,1094.0,2551.0,1094.0
1.0,7290.0,3664.0,3646.0,3648.0,3664.0,3664.0,2552.0,1094.0,2566.0,1098.0
1.0,7274.0,3680.0,3646.0,3664.0,3680.0,3680.0,2552.0,1094.0,2574.0,1106.0
1.0,7258.0,3693.0,3647.0,3680.0,3696.0,3696.0,2553.0,1094.0,2586.0,1107.0
1.0,7245.0,3696.0,3648.0,3696.0,3699.0,3699.0,2553.0,1095.0,2587.0,1109.0
1.0,7245.0,3698.0,3649.0,3699.0,3701.0,3701.0,2554.0,1095.0,2589.0,1109.0
1.0,7246.0,3686.0,3649.0,3701.0,3686.0,3686.0,2554.0,1095.0,2580.0,1106.0
1.0,7261.0,3673.0,3650.0,3686.0,3676.0,3676.0,2555.0,1095.0,2571.0,1102.0
1.0,7274.0,3663.0,3650.0,3676.0,3663.0,3663.0,2555.0,1095.0,2563.0,1100.0
1.0,7287.0,3644.0,3638.7372224893584,3663.0,3610.0,3610.0,2546.731723858907,1092.0054986304513,2551.0,1093.0
1.0,7306.0,3639.0,3634.753562773385,3610.0,3628.0,3628.0,2543.9052268717137,1090.8483359016716,2548.0,1091.0
1.0,7277.0,3634.0,3632.0806424301545,3628.0,3625.0,3625.0,2542.082609431411,1089.9980329987432,2544.0,1090.0
1.0,7271.0,3644.0,3642.1828134723537,3625.0,3674.0,3674.0,2549.1228890793604,1093.059924392993,2552.0,1092.0
1.0,7252.0,3656.0,3654.9429723019753,3674.0,3695.0,3695.0,2558.338130644669,1096.6048416573062,2557.0,1099.0
1.0,7270.0,3673.0,3669.1861560199904,3695.0,3715.0,3715.0,2568.163825743224,1101.022330276766,2572.0,1101.0
1.0,7292.0,3686.0,3679.6348411773984,3715.0,3718.0,3718.0,2575.5128310376836,1104.1220101397148,2580.0,1106.0
1.0,7321.0,3702.0,3691.320707374457,3718.0,3737.0,3737.0,2583.637892739273,1107.6828146351843,2592.0,1110.0
1.0,7337.0,3704.0,3692.2044929192066,3737.0,3706.0,3706.0,2584.229486259461,1107.9750066597458,2593.0,1111.0
1.0,7370.0,3709.0,3695.086925320624,3706.0,3718.0,3718.0,2586.330139402143,1108.756785918481,2595.0,1114.0
1.0,7367.0,3695.0,3683.0527417531994,3718.0,3659.0,3659.0,2577.828006728226,1105.2247350249734,2586.0,1109.0
1.0,7390.0,3685.0,3673.2035087225936,3659.0,3655.0,3655.0,2570.8249784342634,1102.3785302883302,2580.0,1105.0
1.0,7364.0,3666.0,3657.109949501127,3655.0,3618.0,3618.0,2559.56453248789,1097.545417013237,2566.0,1100.0
1.0,7353.0,3653.0,3646.9215604118003,3618.0,3623.0,3623.0,2552.420401559803,1094.5011588519974,2557.0,1096.0
1.0,7318.0,3650.0,3643.2211408106305,3623.0,3638.0,3638.0,2549.976001649531,1093.2451391610994,2554.0,1096.0
1.0,7291.0,3643.0,3640.0018507504847,3638.0,3634.0,3634.0,2547.6861665763645,1092.3156841741202,2550.0,1093.0
1.0,7286.0,3653.0,3649.7784879261167,3634.0,3683.0,3683.0,2554.476482366565,1095.3020055595516,2558.0,1095.0
1.0,7267.0,3662.0,3659.4797572264542,3683.0,3690.0,3690.0,2561.363716321563,1098.1160409048912,2563.0,1099.0
1.0,7288.0,3682.0,3675.932065578784,3690.0,3732.0,3732.0,2572.861730555833,1103.070335022951,2578.0,1104.0
1.0,7296.0,3697.0,3688.433332005645,3732.0,3734.0,3734.0,2581.7932961920633,1106.6400358135818,2586.0,1111.0
1.0,7331.0,3710.0,3697.672011199377,3734.0,3738.0,3738.0,2588.0816479671566,1109.5903632322202,2598.0,1112.0
1.0,7355.0,3713.0,3699.0492718880982,3738.0,3717.0,3717.0,2589.038579495249,1110.0106923928493,2599.0,1114.0
1.0,7380.0,3715.0,3699.444630351145,3717.0,3716.0,3716.0,2589.2396883234524,1110.2049420276926,2601.0,1114.0
1.0,7382.0,3703.0,3689.2801935884286,3716.0,3673.0,3673.0,2582.1015854886564,1107.1786080997722,2592.0,1111.0
1.0,7395.0,3696.0,3682.173276490017,3673.0,3674.0,3674.0,2577.2053838806396,1104.9678926093777,2586.0,1110.0
1.0,7372.0,3675.0,3664.9152736151154,3674.0,3624.0,3624.0,2565.0717855901507,1099.843488024965,2572.0,1103.0
1.0,7371.0,3662.0,3654.526215106587,3624.0,3631.0,3631.0,2557.771667647453,1096.7545474591345,2563.0,1099.0
1.0,7333.0,3656.0,3647.8466514904444,3631.0,3636.0,3636.0,2553.059848120838,1094.7868033696063,2560.0,1096.0
1.0,7308.0,3652.0,3648.3048203857416,3636.0,3653.0,3653.0,2553.446777369058,1094.8580430166835,2556.0,1096.0
1.0,7292.0,3665.0,3658.8677767483196,3653.0,3697.0,3697.0,2561.0354195732407,1097.8323571750789,2564.0,1101.0
1.0,7280.0,3671.0,3667.6683045377113,3697.0,3697.0,3697.0,2567.0750195736873,1100.5932849640242,2570.0,1101.0
1.0,7306.0,3690.0,3680.951657225376,3697.0,3730.0,3730.0,2576.3484572889765,1104.6031999363997,2584.0,1106.0
1.0,7313.0,3703.0,3692.49411870079,3730.0,3737.0,3737.0,2584.478205711892,1108.0159129888982,2592.0,1111.0
1.0,7340.0,3719.0,3704.17818543233,3737.0,3754.0,3754.0,2592.610960100899,1111.5672253314308,2604.0,1115.0
1.0,7358.0,3725.0,3708.510600042924,3754.0,3739.0,3739.0,2595.831642673813,1112.6789573691112,2605.0,1120.0
1.0,7387.0,3724.0,3706.374523927483,3739.0,3717.0,3717.0,2594.090897406741,1112.2836265207418,2608.0,1116.0
1.0,7402.0,3712.0,3696.333726733556,3717.0,3682.0,3682.0,2587.055870118898,1109.277856614658,2598.0,1114.0
1.0,7407.0,3702.0,3686.633902758448,3682.0,3673.0,3673.0,2580.1832942888745,1106.4506084695736,2592.0,1110.0
1.0,7387.0,3683.0,3671.325015408521,3673.0,3637.0,3637.0,2569.4686089603433,1101.8564064481777,2578.0,1105.0
1.0,7377.0,3676.0,3665.0804192830183,3637.0,3657.0,3657.0,2565.2170739512526,1099.8633453317655,2572.0,1104.0
1.0,7338.0,3662.0,3654.517333482774,3657.0,3631.0,3631.0,2557.802777780392,1096.714555702382,2563.0,1099.0
1.0,7333.0,3660.0,3654.6076809904944,3631.0,3660.0,3660.0,2557.8396089455696,1096.7680720449248,2562.0,1098.0
1.0,7304.0,3670.0,3662.2360887189784,3660.0,3692.0,3692.0,2563.172079664592,1099.0640090543866,2570.0,1100.0
1.0,7294.0,3680.0,3674.324328915399,3692.0,3717.0,3717.0,2571.6880139247583,1102.6363149906408,2576.0,1104.0
1.0,7306.0,3702.0,3690.623198095328,3717.0,3751.0,3751.0,2583.28984711695,1107.333350978378,2590.0,1112.0
1.0,7321.0,3712.0,3699.8311350013482,3751.0,3740.0,3740.0,2589.6791411727377,1110.1519938286103,2598.0,1114.0
1.0,7360.0,3727.0,3710.11071186743,3740.0,3757.0,3757.0,2596.747460343102,1113.363251524328,2610.0,1117.0
1.0,7373.0,3730.0,3711.7867860189544,3757.0,3736.0,3736.0,2597.9252172511824,1113.861568767772,2611.0,1119.0
1.0,7400.0,3733.0,3712.6236957634496,3736.0,3735.0,3735.0,2598.427892355043,1114.1958034084068,2614.0,1119.0
1.0,7403.0,3724.0,3705.4195075076714,3735.0,3702.0,3702.0,2593.5140428170675,1111.905464690604,2605.0,1119.0
2.0,0.0,999.0,999.0,0.0,2997.0,2997.0,699.0,300.0,699.0,300.0
2.0,0.0,1023.0,1011.0,2997.0,2058.0,2058.0,708.0,303.0,717.0,306.0
2.0,975.0,70.0,698.0,2058.0,0.0,0.0,488.0,210.0,47.0,23.0
2.0,2963.0,380.0,618.0,0.0,0.0,0.0,432.0,186.0,267.0,113.0
2.0,2583.0,376.0,570.0,0.0,0.0,0.0,399.0,171.0,263.0,113.0
2.0,2207.0,362.0,534.0,0.0,0.0,0.0,374.0,160.0,254.0,108.0
2.0,1845.0,340.0,507.0,0.0,16.0,16.0,355.0,152.0,236.0,104.0
2.0,1505.0,321.0,483.0,16.0,249.0,249.0,338.0,145.0,225.0,96.0
2.0,1200.0,305.0,464.0,249.0,248.0,248.0,325.0,139.0,216.0,89.0
2.0,1144.0,296.0,447.0,248.0,245.0,245.0,313.0,134.0,207.0,89.0
2.0,1096.0,295.0,433.0,245.0,253.0,253.0,303.0,130.0,206.0,89.0
2.0,1046.0,310.0,423.0,253.0,280.0,280.0,296.0,127.0,216.0,94.0
2.0,989.0,320.0,416.0,280.0,299.0,299.0,291.0,125.0,225.0,95.0
2.0,949.0,342.0,410.0,299.0,324.0,324.0,287.0,123.0,239.0,103.0
2.0,906.0,364.0,407.0,324.0,355.0,355.0,285.0,122.0,254.0,110.0
2.0,866.0,377.0,405.0,355.0,371.0,371.0,284.0,121.0,266.0,111.0
2.0,844.0,383.0,404.0,371.0,380.0,380.0,283.0,121.0,267.0,116.0
2.0,832.0,385.0,403.0,380.0,382.0,382.0,282.0,121.0,269.0,116.0
2.0,827.0,367.0,401.0,382.0,361.0,361.0,281.0,120.0,257.0,110.0
2.0,842.0,357.0,399.0,361.0,351.0,351.0,279.0,120.0,251.0,106.0
2.0,846.0,336.0,396.0,351.0,327.0,327.0,277.0,119.0,234.0,102.0
2.0,861.0,326.0,393.0,327.0,317.0,317.0,275.0,118.0,228.0,98.0
2.0,862.0,311.0,389.0,317.0,299.0,299.0,272.0,117.0,219.0,92.0
2.0,868.0,313.0,386.0,299.0,304.0,304.0,270.0,116.0,218.0,95.0
2.0,854.0,319.0,383.0,304.0,310.0,310.0,268.0,115.0,222.0,97.0
2.0,839.0,334.0,381.0,310.0,328.0,328.0,267.0,114.0,234.0,100.0
2.0,815.0,351.0,380.0,328.0,348.0,348.0,266.0,114.0,246.0,105.0
2.0,792.0,370.0,380.0,348.0,370.0,370.0,266.0,114.0,260.0,110.0
2.0,770.0,383.0,380.0,370.0,383.0,383.0,266.0,114.0,269.0,114.0
2.0,757.0,392.0,380.0,383.0,392.0,392.0,266.0,114.0,273.0,119.0
2.0,748.0,387.0,380.0,392.0,387.0,387.0,266.0,114.0,272.0,115.0
2.0,753.0,376.0,380.0,387.0,376.0,376.0,266.0,114.0,263.0,113.0
2.0,764.0,366.0,380.0,376.0,366.0,366.0,266.0,114.0,257.0,109.0
2.0,774.0,347.0,379.0,366.0,344.0,344.0,265.0,114.0,243.0,104.0
2.0,793.0,331.0,377.0,344.0,325.0,325.0,264.0,113.0,231.0,100.0
2.0,806.0,326.0,376.0,325.0,323.0,323.0,263.0,113.0,228.0,98.0
2.0,805.0,324.0,374.0,323.0,318.0,318.0,262.0,112.0,227.0,97.0
2.0,804.0,328.0,373.0,318.0,325.0,325.0,261.0,112.0,229.0,99.0
2.0,794.0,343.0,373.0,325.0,343.0,343.0,261.0,112.0,240.0,103.0
2.0,776.0,360.0,373.0,343.0,360.0,360.0,261.0,112.0,252.0,108.0
2.0,759.0,379.0,373.0,360.0,379.0,379.0,261.0,112.0,266.0,113.0
2.0,740.0,391.0,373.0,379.0,391.0,391.0,261.0,112.0,275.0,116.0
2.0,728.0,397.0,373.0,391.0,397.0,397.0,261.0,112.0,276.0,121.0
2.0,722.0,396.0,374.0,397.0,399.0,399.0,262.0,112.0,278.0,118.0
2.0,723.0,387.0,374.0,399.0,387.0,387.0,262.0,112.0,272.0,115.0
2.0,735.0,371.0,374.0,387.0,371.0,371.0,262.0,112.0,260.0,111.0
2.0,751.0,356.0,374.0,371.0,356.0,356.0,262.0,112.0,249.0,107.0
2.0,766.0,343.0,373.0,356.0,340.0,340.0,261.0,112.0,240.0,103.0
2.0,779.0,334.0,373.0,340.0,334.0,334.0,261.0,112.0,234.0,100.0
2.0,785.0,330.0,371.0,334.0,324.0,324.0,260.0,111.0,230.0,100.0
2.0,789.0,340.0,371.0,324.0,340.0,340.0,260.0,111.0,238.0,102.0
2.0,773.0,352.0,370.0,340.0,349.0,349.0,259.0,111.0,246.0,106.0
2.0,761.0,371.0,359.0,349.0,338.0,338.0,251.0,108.0,261.0,110.0
2.0,739.0,387.0,346.0,338.0,348.0,348.0,242.0,104.0,269.0,118.0
2.0,690.0,400.0,353.0,348.0,421.0,421.0,247.0,106.0,281.0,119.0
2.0,638.0,403.0,353.0,421.0,403.0,403.0,247.0,106.0,282.0,121.0
2.0,656.0,405.0,354.0,403.0,408.0,408.0,248.0,106.0,284.0,121.0
2.0,654.0,393.0,354.0,408.0,393.0,393.0,248.0,106.0,275.0,118.0
2.0,669.0,383.0,355.0,393.0,386.0,386.0,249.0,106.0,269.0,114.0
2.0,679.0,367.0,356.0,386.0,370.0,370.0,249.0,107.0,255.0,112.0
2.0,698.0,351.0,357.0,370.0,354.0,354.0,250.0,107.0,246.0,105.0
2.0,717.0,346.0,357.0,354.0,346.0,346.0,250.0,107.0,243.0,103.0
2.0,725.0,341.0,359.0,346.0,347.0,347.0,251.0,108.0,239.0,102.0
2.0,730.0,351.0,360.0,347.0,354.0,354.0,252.0,108.0,247.0,104.0
2.0,726.0,364.0,360.0,354.0,364.0,364.0,252.0,108.0,253.0,111.0
2.0,716.0,380.0,361.0,364.0,383.0,383.0,253.0,108.0,267.0,113.0
2.0,700.0,393.0,361.0,383.0,393.0,393.0,253.0,108.0,275.0,118.0
2.0,690.0,409.0,363.0,393.0,415.0,415.0,254.0,109.0,287.0,122.0
2.0,674.0,411.0,363.0,415.0,411.0,411.0,254.0,109.0,288.0,123.0
2.0,678.0,417.0,363.0,411.0,417.0,417.0,254.0,109.0,291.0,126.0
2.0,672.0,402.0,364.0,417.0,405.0,405.0,255.0,109.0,281.0,121.0
2.0,687.0,392.0,364.0,405.0,392.0,392.0,255.0,109.0,275.0,117.0
2.0,700.0,373.0,366.0,392.0,379.0,379.0,256.0,110.0,261.0,112.0
2.0,719.0,363.0,366.0,379.0,363.0,363.0,256.0,110.0,255.0,108.0
2.0,735.0,354.0,367.0,363.0,357.0,357.0,257.0,110.0,246.0,108.0
2.0,744.0,350.0,367.0,357.0,350.0,350.0,257.0,110.0,245.0,105.0
2.0,751.0,360.0,368.0,350.0,363.0,363.0,258.0,110.0,253.0,107.0
2.0,741.0,370.0,369.0,363.0,373.0,373.0,258.0,111.0,259.0,111.0
2.0,734.0,389.0,370.0,373.0,392.0,392.0,259.0,111.0,273.0,116.0
2.0,718.0,404.0,370.0,392.0,404.0,404.0,259.0,111.0,281.0,123.0
2.0,706.0,417.0,371.0,404.0,420.0,420.0,260.0,111.0,293.0,124.0
2.0,693.0,420.0,371.0,420.0,420.0,420.0,260.0,111.0,294.0,126.0
2.0,693.0,423.0,373.0,420.0,429.0,429.0,261.0,112.0,297.0,126.0
2.0,690.0,411.0,373.0,429.0,411.0,411.0,261.0,112.0,288.0,123.0
2.0,708.0,403.0,374.0,411.0,406.0,406.0,262.0,112.0,281.0,122.0
2.0,716.0,382.0,374.0,406.0,382.0,382.0,262.0,112.0,267.0,115.0
2.0,740.0,372.0,376.0,382.0,378.0,378.0,263.0,113.0,261.0,111.0
2.0,750.0,360.0,376.0,378.0,360.0,360.0,263.0,113.0,252.0,108.0
2.0,768.0,362.0,377.0,360.0,365.0,365.0,264.0,113.0,254.0,108.0
2.0,766.0,369.0,377.0,365.0,369.0,369.0,264.0,113.0,256.0,113.0
2.0,762.0,381.0,378.0,369.0,384.0,384.0,265.0,113.0,268.0,113.0
2.0,750.0,394.0,379.0,384.0,397.0,397.0,265.0,114.0,276.0,118.0
2.0,740.0,410.0,380.0,397.0,413.0,413.0,266.0,114.0,287.0,123.0
2.0,727.0,426.0,380.0,413.0,426.0,426.0,266.0,114.0,299.0,127.0
2.0,714.0,432.0,381.0,426.0,435.0,435.0,267.0,114.0,300.0,132.0
2.0,708.0,431.0,381.0,435.0,431.0,431.0,267.0,114.0,303.0,128.0
2.0,712.0,420.0,382.0,431.0,423.0,423.0,267.0,115.0,294.0,126.0
2.0,723.0,409.0,383.0,423.0,412.0,412.0,268.0,115.0,287.0,122.0
2.0,737.0,391.0,383.0,412.0,391.0,391.0,268.0,115.0,274.0,117.0
2.0,758.0,383.0,384.0,391.0,386.0,386.0,269.0,115.0,267.0,116.0
2.0,766.0,369.0,384.0,386.0,369.0,369.0,269.0,115.0,258.0,111.0
2.0,783.0,370.0,386.0,369.0,376.0,376.0,270.0,116.0,260.0,110.0
2.0,782.0,374.0,386.0,376.0,374.0,374.0,270.0,116.0,262.0,112.0
2.0,784.0,390.0,387.0,374.0,393.0,393.0,271.0,116.0,274.0,116.0
2.0,768.0,406.0,387.0,393.0,406.0,406.0,271.0,116.0,282.0,124.0
2.0,755.0,419.0,388.0,406.0,422.0,422.0,272.0,116.0,293.0,126.0
2.0,742.0,434.0,389.0,422.0,437.0,437.0,272.0,117.0,305.0,129.0
2.0,730.0,437.0,390.0,437.0,440.0,440.0,273.0,117.0,306.0,131.0
2.0,730.0,440.0,390.0,440.0,440.0,440.0,273.0,117.0,309.0,131.0
2.0,730.0,431.0,391.0,440.0,434.0,434.0,274.0,117.0,300.0,131.0
2.0,739.0,417.0,392.0,434.0,420.0,420.0,274.0,118.0,293.0,124.0
2.0,756.0,400.0,393.0,420.0,403.0,403.0,275.0,118.0,280.0,120.0
2.0,776.0,389.0,393.0,403.0,389.0,389.0,275.0,118.0,273.0,116.0
2.0,790.0,377.0,394.0,389.0,380.0,380.0,276.0,118.0,264.0,113.0
2.0,802.0,382.0,394.0,380.0,382.0,382.0,276.0,118.0,266.0,116.0
2.0,800.0,383.0,396.0,382.0,389.0,389.0,277.0,119.0,268.0,115.0
2.0,799.0,399.0,396.0,389.0,399.0,399.0,277.0,119.0,280.0,119.0
2.0,789.0,411.0,396.0,399.0,411.0,411.0,277.0,119.0,288.0,123.0
2.0,777.0,430.0,397.0,411.0,433.0,433.0,278.0,119.0,302.0,128.0
2.0,758.0,443.0,397.0,433.0,443.0,443.0,278.0,119.0,308.0,135.0
2.0,748.0,450.0,399.0,443.0,456.0,456.0,279.0,120.0,316.0,134.0
2.0,741.0,446.0,399.0,456.0,446.0,446.0,279.0,120.0,312.0,134.0
2.0,751.0,437.0,400.0,446.0,440.0,440.0,280.0,120.0,306.0,131.0
2.0,760.0,429.0,400.0,440.0,429.0,429.0,280.0,120.0,299.0,130.0
2.0,771.0,408.0,401.0,429.0,411.0,411.0,281.0,120.0,286.0,122.0
2.0,792.0,397.0,402.0,411.0,400.0,400.0,281.0,121.0,279.0,118.0
2.0,806.0,386.0,403.0,400.0,389.0,389.0,282.0,121.0,270.0,116.0
2.0,820.0,388.0,403.0,389.0,388.0,388.0,282.0,121.0,273.0,115.0
2.0,821.0,391.0,404.0,388.0,394.0,394.0,283.0,121.0,274.0,117.0
2.0,818.0,410.0,404.0,394.0,410.0,410.0,283.0,121.0,286.0,124.0
2.0,802.0,420.0,406.0,410.0,426.0,426.0,284.0,122.0,294.0,126.0
2.0,792.0,439.0,406.0,426.0,439.0,439.0,284.0,122.0,308.0,131.0
2.0,779.0,449.0,406.0,439.0,449.0,449.0,284.0,122.0,314.0,135.0
2.0,769.0,458.0,407.0,449.0,461.0,461.0,285.0,122.0,322.0,136.0
2.0,760.0,457.0,407.0,461.0,457.0,457.0,285.0,122.0,318.0,139.0
2.0,764.0,446.0,409.0,457.0,452.0,452.0,286.0,123.0,312.0,134.0
2.0,775.0,435.0,409.0,452.0,435.0,435.0,286.0,123.0,305.0,130.0
2.0,792.0,417.0,410.0,435.0,420.0,420.0,287.0,123.0,292.0,125.0
2.0,810.0,406.0,410.0,420.0,406.0,406.0,287.0,123.0,285.0,121.0
2.0,824.0,397.0,411.0,406.0,400.0,400.0,288.0,123.0,276.0,121.0
2.0,833.0,397.0,412.0,400.0,400.0,400.0,288.0,124.0,279.0,118.0
2.0,836.0,400.0,413.0,400.0,403.0,403.0,289.0,124.0,280.0,120.0
2.0,836.0,416.0,413.0,403.0,416.0,416.0,289.0,124.0,292.0,124.0
2.0,823.0,429.0,414.0,416.0,432.0,432.0,290.0,124.0,300.0,129.0
2.0,810.0,450.0,414.0,432.0,450.0,450.0,290.0,124.0,314.0,136.0
2.0,792.0,457.0,415.0,450.0,460.0,460.0,291.0,124.0,320.0,137.0
2.0,785.0,467.0,416.0,460.0,470.0,470.0,291.0,125.0,328.0,139.0
2.0,778.0,463.0,416.0,470.0,463.0,463.0,291.0,125.0,324.0,139.0
2.0,785.0,457.0,417.0,463.0,460.0,460.0,292.0,125.0,321.0,136.0
2.0,791.0,444.0,417.0,460.0,444.0,444.0,292.0,125.0,309.0,135.0
2.0,807.0,429.0,419.0,444.0,435.0,435.0,293.0,126.0,301.0,128.0
2.0,822.0,412.0,419.0,435.0,412.0,412.0,293.0,126.0,288.0,124.0
2.0,845.0,403.0,420.0,412.0,406.0,406.0,294.0,126.0,282.0,121.0
2.0,854.0,406.0,420.0,406.0,406.0,406.0,294.0,126.0,285.0,121.0
2.0,854.0,412.0,421.0,406.0,415.0,415.0,295.0,126.0,286.0,126.0
2.0,848.0,424.0,422.0,415.0,427.0,427.0,295.0,127.0,298.0,126.0
2.0,839.0,437.0,423.0,427.0,440.0,440.0,296.0,127.0,306.0,131.0
2.0,829.0,456.0,423.0,440.0,456.0,456.0,296.0,127.0,320.0,136.0
2.0,813.0,466.0,424.0,456.0,469.0,469.0,297.0,127.0,326.0,140.0
2.0,803.0,479.0,424.0,469.0,479.0,479.0,297.0,127.0,334.0,145.0
2.0,793.0,471.0,426.0,479.0,477.0,477.0,298.0,128.0,330.0,141.0
2.0,801.0,466.0,426.0,477.0,466.0,466.0,298.0,128.0,327.0,139.0
2.0,812.0,450.0,426.0,466.0,450.0,450.0,298.0,128.0,315.0,135.0
2.0,828.0,440.0,427.0,450.0,443.0,443.0,299.0,128.0,307.0,133.0
2.0,838.0,421.0,427.0,443.0,421.0,421.0,299.0,128.0,295.0,126.0
2.0,860.0,412.0,429.0,421.0,418.0,418.0,300.0,129.0,288.0,124.0
2.0,869.0,414.0,429.0,418.0,414.0,414.0,300.0,129.0,291.0,123.0
2.0,873.0,417.0,430.0,414.0,420.0,420.0,301.0,129.0,292.0,125.0
2.0,870.0,433.0,430.0,420.0,433.0,433.0,301.0,129.0,304.0,129.0
2.0,857.0,449.0,431.0,433.0,452.0,452.0,302.0,129.0,312.0,137.0
2.0,841.0,465.0,432.0,452.0,468.0,468.0,302.0,130.0,326.0,139.0
2.0,828.0,474.0,433.0,468.0,477.0,477.0,303.0,130.0,332.0,142.0
2.0,822.0,484.0,433.0,477.0,484.0,484.0,303.0,130.0,340.0,144.0
2.0,815.0,480.0,434.0,484.0,483.0,483.0,304.0,130.0,336.0,144.0
2.0,819.0,477.0,434.0,483.0,477.0,477.0,304.0,130.0,333.0,144.0
2.0,825.0,458.0,435.0,477.0,461.0,461.0,305.0,130.0,321.0,137.0
2.0,844.0,446.0,436.0,461.0,449.0,449.0,305.0,131.0,313.0,133.0
2.0,859.0,430.0,436.0,449.0,430.0,430.0,305.0,131.0,301.0,129.0
2.0,878.0,424.0,437.0,430.0,427.0,427.0,306.0,131.0,298.0,126.0
2.0,884.0,423.0,437.0,427.0,423.0,423.0,306.0,131.0,294.0,129.0
2.0,888.0,429.0,439.0,423.0,435.0,435.0,307.0,132.0,301.0,128.0
2.0,882.0,439.0,439.0,435.0,439.0,439.0,307.0,132.0,307.0,132.0
2.0,878.0,454.0,440.0,439.0,457.0,457.0,308.0,132.0,318.0,136.0
2.0,863.0,477.0,440.0,457.0,477.0,477.0,308.0,132.0,333.0,144.0
2.0,843.0,483.0,441.0,477.0,486.0,486.0,309.0,132.0,338.0,145.0
2.0,837.0,493.0,442.0,486.0,496.0,496.0,309.0,133.0,346.0,147.0
2.0,830.0,489.0,443.0,496.0,492.0,492.0,310.0,133.0,342.0,147.0
2.0,837.0,483.0,443.0,492.0,483.0,483.0,310.0,133.0,339.0,144.0
2.0,846.0,467.0,444.0,483.0,470.0,470.0,311.0,133.0,327.0,140.0
2.0,862.0,457.0,444.0,470.0,457.0,457.0,311.0,133.0,319.0,138.0
2.0,875.0,438.0,446.0,457.0,444.0,444.0,312.0,134.0,307.0,131.0
2.0,894.0,433.0,446.0,444.0,433.0,433.0,312.0,134.0,304.0,129.0
2.0,905.0,428.0,446.0,433.0,428.0,428.0,312.0,134.0,300.0,128.0
2.0,910.0,437.0,447.0,428.0,440.0,440.0,313.0,134.0,307.0,130.0
2.0,901.0,450.0,447.0,440.0,450.0,450.0,313.0,134.0,313.0,137.0
2.0,891.0,463.0,448.0,450.0,466.0,466.0,314.0,134.0,324.0,139.0
2.0,878.0,483.0,449.0,466.0,486.0,486.0,314.0,135.0,339.0,144.0
2.0,861.0,492.0,450.0,486.0,495.0,495.0,315.0,135.0,344.0,148.0
2.0,855.0,501.0,450.0,495.0,501.0,501.0,315.0,135.0,352.0,149.0
2.0,849.0,500.0,451.0,501.0,503.0,503.0,316.0,135.0,348.0,152.0
2.0,850.0,492.0,452.0,503.0,495.0,495.0,316.0,136.0,345.0,147.0
2.0,861.0,476.0,453.0,495.0,479.0,479.0,317.0,136.0,333.0,143.0
2.0,880.0,463.0,453.0,479.0,463.0,463.0,317.0,136.0,325.0,138.0
2.0,896.0,447.0,454.0,463.0,450.0,450.0,318.0,136.0,313.0,134.0
2.0,912.0,444.0,454.0,450.0,444.0,444.0,318.0,136.0,310.0,134.0
2.0,918.0,437.0,455.0,444.0,440.0,440.0,319.0,136.0,306.0,131.0
2.0,925.0,446.0,456.0,440.0,449.0,449.0,319.0,137.0,313.0,133.0
2.0,919.0,456.0,456.0,449.0,456.0,456.0,319.0,137.0,319.0,137.0
2.0,912.0,475.0,457.0,456.0,478.0,478.0,320.0,137.0,333.0,142.0
2.0,893.0,491.0,457.0,478.0,491.0,491.0,320.0,137.0,342.0,149.0
2.0,880.0,504.0,459.0,491.0,510.0,510.0,321.0,138.0,354.0,150.0
2.0,867.0,507.0,459.0,510.0,507.0,507.0,321.0,138.0,355.0,152.0
2.0,870.0,506.0,460.0,507.0,509.0,509.0,322.0,138.0,354.0,152.0
2.0,871.0,500.0,460.0,509.0,500.0,500.0,322.0,138.0,351.0,149.0
2.0,880.0,487.0,461.0,500.0,490.0,490.0,323.0,138.0,339.0,148.0
2.0,893.0,472.0,461.0,490.0,472.0,472.0,323.0,138.0,331.0,141.0
2.0,911.0,456.0,463.0,472.0,462.0,462.0,324.0,139.0,319.0,137.0
2.0,927.0,450.0,463.0,462.0,450.0,450.0,324.0,139.0,316.0,134.0
2.0,939.0,446.0,464.0,450.0,449.0,449.0,325.0,139.0,312.0,134.0
2.0,943.0,458.0,464.0,449.0,458.0,458.0,325.0,139.0,319.0,139.0
2.0,934.0,464.0,466.0,458.0,470.0,470.0,326.0,140.0,325.0,139.0
2.0,928.0,484.0,466.0,470.0,484.0,484.0,326.0,140.0,340.0,144.0
2.0,914.0,497.0,466.0,484.0,497.0,497.0,326.0,140.0,348.0,149.0
2.0,901.0,513.0,467.0,497.0,516.0,516.0,327.0,140.0,360.0,153.0
2.0,885.0,519.0,467.0,516.0,519.0,519.0,327.0,140.0,361.0,158.0
2.0,882.0,517.0,469.0,519.0,523.0,523.0,328.0,141.0,363.0,154.0
2.0,884.0,506.0,469.0,523.0,506.0,506.0,328.0,141.0,354.0,152.0
2.0,901.0,493.0,470.0,506.0,496.0,496.0,329.0,141.0,345.0,148.0
2.0,914.0,480.0,470.0,496.0,480.0,480.0,329.0,141.0,337.0,143.0
2.0,930.0,467.0,471.0,480.0,470.0,470.0,330.0,141.0,325.0,142.0
2.0,943.0,459.0,472.0,470.0,462.0,462.0,330.0,142.0,322.0,137.0
2.0,954.0,454.0,473.0,462.0,457.0,457.0,331.0,142.0,318.0,136.0
2.0,962.0,464.0,473.0,457.0,464.0,464.0,331.0,142.0,326.0,138.0
2.0,955.0,473.0,474.0,464.0,476.0,476.0,332.0,142.0,331.0,142.0
2.0,946.0,496.0,474.0,476.0,496.0,496.0,332.0,142.0,346.0,150.0
2.0,926.0,506.0,475.0,496.0,509.0,509.0,333.0,142.0,354.0,152.0
2.0,916.0,521.0,476.0,509.0,524.0,524.0,333.0,143.0,366.0,155.0
2.0,904.0,524.0,477.0,524.0,527.0,527.0,334.0,143.0,367.0,157.0
2.0,904.0,526.0,477.0,527.0,526.0,526.0,334.0,143.0,369.0,157.0
2.0,905.0,517.0,477.0,526.0,517.0,517.0,334.0,143.0,360.0,157.0
2.0,914.0,504.0,479.0,517.0,510.0,510.0,335.0,144.0,354.0,150.0
2.0,927.0,486.0,479.0,510.0,486.0,486.0,335.0,144.0,340.0,146.0
2.0,951.0,473.0,480.0,486.0,476.0,476.0,336.0,144.0,331.0,142.0
2.0,964.0,467.0,480.0,476.0,467.0,467.0,336.0,144.0,328.0,139.0
2.0,973.0,466.0,481.0,467.0,469.0,469.0,337.0,144.0,324.0,142.0
2.0,974.0,473.0,482.0,469.0,476.0,476.0,337.0,145.0,332.0,141.0
2.0,970.0,482.0,483.0,476.0,485.0,485.0,338.0,145.0,337.0,145.0
2.0,964.0,501.0,483.0,485.0,501.0,501.0,338.0,145.0,352.0,149.0
2.0,948.0,514.0,484.0,501.0,517.0,517.0,339.0,145.0,360.0,154.0
2.0,935.0,533.0,484.0,517.0,533.0,533.0,339.0,145.0,372.0,161.0
2.0,919.0,533.0,486.0,533.0,539.0,539.0,340.0,146.0,373.0,160.0
2.0,919.0,535.0,486.0,539.0,535.0,535.0,340.0,146.0,375.0,160.0
2.0,923.0,523.0,486.0,535.0,523.0,523.0,340.0,146.0,366.0,157.0
2.0,935.0,516.0,487.0,523.0,519.0,519.0,341.0,146.0,360.0,156.0
2.0,942.0,494.0,487.0,519.0,494.0,494.0,341.0,146.0,346.0,148.0
2.0,967.0,481.0,489.0,494.0,487.0,487.0,342.0,147.0,337.0,144.0
2.0,980.0,476.0,489.0,487.0,476.0,476.0,342.0,147.0,334.0,142.0
2.0,991.0,471.0,490.0,476.0,474.0,474.0,343.0,147.0,330.0,141.0
2.0,996.0,481.0,490.0,474.0,481.0,481.0,343.0,147.0,338.0,143.0
2.0,989.0,494.0,491.0,481.0,497.0,497.0,344.0,147.0,344.0,150.0
2.0,976.0,510.0,492.0,497.0,513.0,513.0,344.0,148.0,358.0,152.0
2.0,963.0,523.0,493.0,513.0,526.0,526.0,345.0,148.0,366.0,157.0
2.0,953.0,539.0,493.0,526.0,539.0,539.0,345.0,148.0,378.0,161.0
2.0,940.0,541.0,494.0,539.0,544.0,544.0,346.0,148.0,379.0,162.0
2.0,938.0,547.0,494.0,544.0,547.0,547.0,346.0,148.0,382.0,165.0
2.0,935.0,532.0,496.0,547.0,538.0,538.0,347.0,149.0,372.0,160.0
2.0,950.0,522.0,496.0,538.0,522.0,522.0,347.0,149.0,366.0,156.0
2.0,966.0,503.0,496.0,522.0,503.0,503.0,347.0,149.0,352.0,151.0
2.0,985.0,493.0,497.0,503.0,496.0,496.0,348.0,149.0,346.0,147.0
2.0,995.0,484.0,497.0,496.0,484.0,484.0,348.0,149.0,337.0,147.0
2.0,1007.0,480.0,499.0,484.0,486.0,486.0,349.0,150.0,336.0,144.0
2.0,1011.0,490.0,499.0,486.0,490.0,490.0,349.0,150.0,344.0,146.0
2.0,1007.0,500.0,500.0,490.0,503.0,503.0,350.0,150.0,350.0,150.0
2.0,997.0,519.0,500.0,503.0,519.0,519.0,350.0,150.0,364.0,155.0
2.0,981.0,534.0,501.0,519.0,537.0,537.0,351.0,150.0,372.0,162.0
2.0,966.0,547.0,501.0,537.0,547.0,547.0,351.0,150.0,384.0,163.0
2.0,956.0,550.0,503.0,547.0,556.0,556.0,352.0,151.0,385.0,165.0
2.0,953.0,553.0,503.0,556.0,553.0,553.0,352.0,151.0,388.0,165.0
2.0,956.0,541.0,504.0,553.0,544.0,544.0,353.0,151.0,379.0,162.0
2.0,968.0,533.0,504.0,544.0,533.0,533.0,353.0,151.0,372.0,161.0
2.0,979.0,512.0,506.0,533.0,518.0,518.0,354.0,152.0,358.0,154.0
2.0,1000.0,502.0,506.0,518.0,502.0,502.0,354.0,152.0,352.0,150.0
2.0,1016.0,490.0,506.0,502.0,490.0,490.0,354.0,152.0,343.0,147.0
2.0,1028.0,492.0,507.0,490.0,495.0,495.0,355.0,152.0,345.0,147.0
2.0,1026.0,499.0,507.0,495.0,499.0,499.0,355.0,152.0,347.0,152.0
2.0,1022.0,508.0,509.0,499.0,514.0,514.0,356.0,153.0,356.0,152.0
2.0,1013.0,527.0,509.0,514.0,527.0,527.0,356.0,153.0,370.0,157.0
2.0,1000.0,540.0,510.0,527.0,543.0,543.0,357.0,153.0,378.0,162.0
2.0,987.0,556.0,510.0,543.0,556.0,556.0,357.0,153.0,390.0,166.0
2.0,974.0,562.0,511.0,556.0,565.0,565.0,358.0,153.0,391.0,171.0
2.0,968.0,561.0,512.0,565.0,564.0,564.0,358.0,154.0,394.0,167.0
2.0,972.0,550.0,513.0,564.0,553.0,553.0,359.0,154.0,385.0,165.0
2.0,986.0,539.0,513.0,553.0,539.0,539.0,359.0,154.0,378.0,161.0
2.0,1000.0,524.0,514.0,539.0,527.0,527.0,360.0,154.0,365.0,159.0
2.0,1015.0,510.0,514.0,527.0,510.0,510.0,360.0,154.0,358.0,152.0
2.0,1032.0,499.0,516.0,510.0,505.0,505.0,361.0,155.0,349.0,150.0
2.0,1043.0,500.0,516.0,505.0,500.0,500.0,361.0,155.0,351.0,149.0
2.0,1048.0,504.0,516.0,500.0,504.0,504.0,361.0,155.0,353.0,151.0
2.0,1044.0,520.0,517.0,504.0,523.0,523.0,362.0,155.0,365.0,155.0
2.0,1028.0,536.0,517.0,523.0,536.0,536.0,362.0,155.0,373.0,163.0
2.0,1015.0,552.0,519.0,536.0,558.0,558.0,363.0,156.0,387.0,165.0
2.0,999.0,561.0,519.0,558.0,561.0,561.0,363.0,156.0,393.0,168.0
2.0,996.0,567.0,520.0,561.0,570.0,570.0,364.0,156.0,397.0,170.0
2.0,990.0,570.0,520.0,570.0,570.0,570.0,364.0,156.0,400.0,170.0
2.0,990.0,561.0,521.0,570.0,564.0,564.0,365.0,156.0,391.0,170.0
2.0,999.0,547.0,521.0,564.0,547.0,547.0,365.0,156.0,384.0,163.0
2.0,1016.0,530.0,523.0,547.0,536.0,536.0,366.0,157.0,371.0,159.0
2.0,1033.0,519.0,523.0,536.0,519.0,519.0,366.0,157.0,364.0,155.0
2.0,1050.0,507.0,524.0,519.0,510.0,510.0,367.0,157.0,355.0,152.0
2.0,1062.0,513.0,524.0,510.0,513.0,513.0,367.0,157.0,358.0,155.0
2.0,1059.0,513.0,526.0,513.0,519.0,519.0,368.0,158.0,359.0,154.0
2.0,1059.0,529.0,526.0,519.0,529.0,529.0,368.0,158.0,371.0,158.0
2.0,1049.0,541.0,526.0,529.0,541.0,541.0,368.0,158.0,379.0,162.0
2.0,1037.0,563.0,527.0,541.0,566.0,566.0,369.0,158.0,393.0,170.0
2.0,1015.0,570.0,527.0,566.0,570.0,570.0,369.0,158.0,399.0,171.0
2.0,1011.0,580.0,529.0,570.0,586.0,586.0,370.0,159.0,407.0,173.0
2.0,1001.0,576.0,529.0,586.0,576.0,576.0,370.0,159.0,403.0,173.0
2.0,1011.0,567.0,530.0,576.0,570.0,570.0,371.0,159.0,397.0,170.0
2.0,1020.0,556.0,530.0,570.0,556.0,556.0,371.0,159.0,390.0,166.0
2.0,1034.0,541.0,531.0,556.0,544.0,544.0,372.0,159.0,377.0,164.0
2.0,1049.0,527.0,532.0,544.0,530.0,530.0,372.0,160.0,370.0,157.0
2.0,1066.0,516.0,533.0,530.0,519.0,519.0,373.0,160.0,361.0,155.0
2.0,1080.0,518.0,533.0,519.0,518.0,518.0,373.0,160.0,364.0,154.0
2.0,1081.0,521.0,534.0,518.0,524.0,524.0,374.0,160.0,365.0,156.0
2.0,1078.0,540.0,534.0,524.0,540.0,540.0,374.0,160.0,377.0,163.0
2.0,1062.0,550.0,535.0,540.0,553.0,553.0,375.0,160.0,385.0,165.0
2.0,1052.0,569.0,536.0,553.0,572.0,572.0,375.0,161.0,399.0,170.0
2.0,1036.0,579.0,537.0,572.0,582.0,582.0,376.0,161.0,405.0,174.0
2.0,1029.0,588.0,537.0,582.0,588.0,588.0,376.0,161.0,413.0,175.0
2.0,1023.0,587.0,537.0,588.0,587.0,587.0,376.0,161.0,409.0,178.0
2.0,1024.0,579.0,539.0,587.0,585.0,585.0,377.0,162.0,406.0,173.0
2.0,1032.0,562.0,539.0,585.0,562.0,562.0,377.0,162.0,393.0,169.0
2.0,1055.0,547.0,540.0,562.0,550.0,550.0,378.0,162.0,383.0,164.0
2.0,1070.0,536.0,540.0,550.0,536.0,536.0,378.0,162.0,376.0,160.0
2.0,1084.0,527.0,541.0,536.0,530.0,530.0,379.0,162.0,367.0,160.0
2.0,1093.0,527.0,541.0,530.0,527.0,527.0,379.0,162.0,370.0,157.0
2.0,1096.0,530.0,543.0,527.0,536.0,536.0,380.0,163.0,371.0,159.0
2.0,1093.0,546.0,543.0,536.0,546.0,546.0,380.0,163.0,383.0,163.0
2.0,1083.0,559.0,544.0,546.0,562.0,562.0,381.0,163.0,391.0,168.0
2.0,1070.0,580.0,544.0,562.0,580.0,580.0,381.0,163.0,405.0,175.0
2.0,1052.0,587.0,546.0,580.0,593.0,593.0,382.0,164.0,411.0,176.0
2.0,1045.0,597.0,546.0,593.0,597.0,597.0,382.0,164.0,419.0,178.0
2.0,1041.0,593.0,546.0,597.0,593.0,593.0,382.0,164.0,415.0,178.0
2.0,1045.0,587.0,547.0,593.0,590.0,590.0,383.0,164.0,412.0,175.0
2.0,1051.0,574.0,547.0,590.0,574.0,574.0,383.0,164.0,400.0,174.0
2.0,1067.0,559.0,548.0,574.0,562.0,562.0,384.0,164.0,392.0,167.0
2.0,1082.0,542.0,549.0,562.0,545.0,545.0,384.0,165.0,379.0,163.0
2.0,1102.0,533.0,550.0,545.0,536.0,536.0,385.0,165.0,373.0,160.0
2.0,1114.0,536.0,550.0,536.0,536.0,536.0,385.0,165.0,376.0,160.0
2.0,1114.0,542.0,551.0,536.0,545.0,545.0,386.0,165.0,377.0,165.0
2.0,1108.0,554.0,552.0,545.0,557.0,557.0,386.0,166.0,389.0,165.0
2.0,1099.0,567.0,553.0,557.0,570.0,570.0,387.0,166.0,397.0,170.0
2.0,1089.0,586.0,553.0,570.0,586.0,586.0,387.0,166.0,411.0,175.0
2.0,1073.0,596.0,554.0,586.0,599.0,599.0,388.0,166.0,417.0,179.0
2.0,1063.0,609.0,554.0,599.0,609.0,609.0,388.0,166.0,425.0,184.0
2.0,1053.0,601.0,556.0,609.0,607.0,607.0,389.0,167.0,421.0,180.0
2.0,1061.0,596.0,556.0,607.0,596.0,596.0,389.0,167.0,418.0,178.0
2.0,1072.0,580.0,557.0,596.0,583.0,583.0,390.0,167.0,406.0,174.0
2.0,1088.0,567.0,557.0,583.0,567.0,567.0,390.0,167.0,398.0,169.0
2.0,1104.0,554.0,557.0,567.0,554.0,554.0,390.0,167.0,386.0,168.0
2.0,1117.0,545.0,559.0,554.0,551.0,551.0,391.0,168.0,382.0,163.0
2.0,1126.0,541.0,559.0,551.0,541.0,541.0,391.0,168.0,379.0,162.0
2.0,1136.0,547.0,560.0,541.0,550.0,550.0,392.0,168.0,383.0,164.0
2.0,1130.0,563.0,560.0,550.0,563.0,563.0,392.0,168.0,395.0,168.0
2.0,1117.0,579.0,561.0,563.0,582.0,582.0,393.0,168.0,403.0,176.0
2.0,1101.0,596.0,561.0,582.0,596.0,596.0,393.0,168.0,418.0,178.0
2.0,1087.0,604.0,563.0,596.0,610.0,610.0,394.0,169.0,423.0,181.0
2.0,1079.0,614.0,563.0,610.0,614.0,614.0,394.0,169.0,431.0,183.0
2.0,1075.0,610.0,564.0,614.0,613.0,613.0,395.0,169.0,427.0,183.0
2.0,1079.0,607.0,564.0,613.0,607.0,607.0,395.0,169.0,424.0,183.0
2.0,1085.0,588.0,566.0,607.0,594.0,594.0,396.0,170.0,412.0,176.0
2.0,1104.0,576.0,566.0,594.0,576.0,576.0,396.0,170.0,404.0,172.0
2.0,1122.0,560.0,566.0,576.0,560.0,560.0,396.0,170.0,392.0,168.0
2.0,1138.0,554.0,567.0,560.0,557.0,557.0,397.0,170.0,389.0,165.0
2.0,1144.0,553.0,567.0,557.0,553.0,553.0,397.0,170.0,385.0,168.0
2.0,1148.0,559.0,569.0,553.0,565.0,565.0,398.0,171.0,392.0,167.0
2.0,1142.0,569.0,569.0,565.0,569.0,569.0,398.0,171.0,398.0,171.0
2.0,1138.0,584.0,570.0,569.0,587.0,587.0,399.0,171.0,409.0,175.0
2.0,1123.0,604.0,570.0,587.0,604.0,604.0,399.0,171.0,424.0,180.0
2.0,1106.0,616.0,571.0,604.0,619.0,619.0,400.0,171.0,429.0,187.0
2.0,1094.0,623.0,572.0,619.0,626.0,626.0,400.0,172.0,437.0,186.0
2.0,1090.0,619.0,573.0,626.0,622.0,622.0,401.0,172.0,433.0,186.0
2.0,1097.0,613.0,573.0,622.0,613.0,613.0,401.0,172.0,430.0,183.0
2.0,1106.0,600.0,574.0,613.0,603.0,603.0,402.0,172.0,418.0,182.0
2.0,1119.0,584.0,574.0,603.0,584.0,584.0,402.0,172.0,410.0,174.0
2.0,1138.0,568.0,576.0,584.0,574.0,574.0,403.0,173.0,398.0,170.0
2.0,1154.0,563.0,576.0,574.0,563.0,563.0,403.0,173.0,395.0,168.0
2.0,1165.0,558.0,577.0,563.0,561.0,561.0,404.0,173.0,391.0,167.0
2.0,1170.0,567.0,577.0,561.0,567.0,567.0,404.0,173.0,398.0,169.0
2.0,1164.0,580.0,577.0,567.0,580.0,580.0,404.0,173.0,404.0,176.0
2.0,1151.0,596.0,579.0,580.0,602.0,602.0,405.0,174.0,418.0,178.0
2.0,1135.0,610.0,579.0,602.0,610.0,610.0,405.0,174.0,427.0,183.0
2.0,1127.0,623.0,580.0,610.0,626.0,626.0,406.0,174.0,436.0,187.0
2.0,1114.0,631.0,580.0,626.0,631.0,631.0,406.0,174.0,443.0,188.0
2.0,1109.0,630.0,581.0,631.0,633.0,633.0,407.0,174.0,439.0,191.0
2.0,1110.0,622.0,582.0,633.0,625.0,625.0,407.0,175.0,436.0,186.0
2.0,1121.0,606.0,583.0,625.0,609.0,609.0,408.0,175.0,424.0,182.0
2.0,1140.0,593.0,583.0,609.0,593.0,593.0,408.0,175.0,416.0,177.0
2.0,1156.0,577.0,584.0,593.0,580.0,580.0,409.0,175.0,404.0,173.0
2.0,1172.0,574.0,584.0,580.0,574.0,574.0,409.0,175.0,401.0,173.0
2.0,1178.0,567.0,586.0,574.0,573.0,573.0,410.0,176.0,397.0,170.0
2.0,1185.0,576.0,586.0,573.0,576.0,576.0,410.0,176.0,404.0,172.0
2.0,1182.0,586.0,587.0,576.0,589.0,589.0,411.0,176.0,410.0,176.0
2.0,1172.0,606.0,587.0,589.0,606.0,606.0,411.0,176.0,425.0,181.0
2.0,1155.0,621.0,587.0,606.0,621.0,621.0,411.0,176.0,433.0,188.0
2.0,1140.0,634.0,588.0,621.0,637.0,637.0,412.0,176.0,445.0,189.0
2.0,1127.0,637.0,589.0,637.0,640.0,640.0,412.0,177.0,446.0,191.0
2.0,1127.0,639.0,590.0,640.0,642.0,642.0,413.0,177.0,448.0,191.0
2.0,1128.0,627.0,590.0,642.0,627.0,627.0,413.0,177.0,439.0,188.0
2.0,1143.0,617.0,591.0,627.0,620.0,620.0,414.0,177.0,430.0,187.0
2.0,1153.0,602.0,592.0,620.0,605.0,605.0,414.0,178.0,422.0,180.0
2.0,1171.0,586.0,593.0,605.0,589.0,589.0,415.0,178.0,410.0,176.0
2.0,1190.0,580.0,593.0,589.0,580.0,580.0,415.0,178.0,407.0,173.0
2.0,1199.0,576.0,594.0,580.0,579.0,579.0,416.0,178.0,403.0,173.0
2.0,1203.0,588.0,594.0,579.0,588.0,588.0,416.0,178.0,410.0,178.0
2.0,1194.0,594.0,596.0,588.0,600.0,600.0,417.0,179.0,416.0,178.0
2.0,1188.0,614.0,596.0,600.0,614.0,614.0,417.0,179.0,431.0,183.0
2.0,1174.0,627.0,597.0,614.0,630.0,630.0,418.0,179.0,439.0,188.0
2.0,1161.0,643.0,597.0,630.0,643.0,643.0,418.0,179.0,451.0,192.0
2.0,1148.0,649.0,597.0,643.0,649.0,649.0,418.0,179.0,452.0,197.0
2.0,1142.0,647.0,599.0,649.0,653.0,653.0,419.0,180.0,454.0,193.0
2.0,1144.0,636.0,599.0,653.0,636.0,636.0,419.0,180.0,445.0,191.0
2.0,1161.0,623.0,600.0,636.0,626.0,626.0,420.0,180.0,436.0,187.0
2.0,1174.0,613.0,600.0,626.0,613.0,613.0,420.0,180.0,428.0,185.0
2.0,1187.0,594.0,601.0,613.0,597.0,597.0,421.0,180.0,416.0,178.0
2.0,1206.0,589.0,602.0,597.0,592.0,592.0,421.0,181.0,413.0,176.0
2.0,1214.0,584.0,603.0,592.0,587.0,587.0,422.0,181.0,409.0,175.0
2.0,1222.0,594.0,603.0,587.0,594.0,594.0,422.0,181.0,417.0,177.0
2.0,1215.0,603.0,604.0,594.0,606.0,606.0,423.0,181.0,422.0,181.0
2.0,1206.0,626.0,604.0,606.0,626.0,626.0,423.0,181.0,437.0,189.0
2.0,1186.0,636.0,606.0,626.0,642.0,642.0,424.0,182.0,445.0,191.0
2.0,1176.0,651.0,606.0,642.0,651.0,651.0,424.0,182.0,457.0,194.0
2.0,1167.0,654.0,607.0,651.0,657.0,657.0,425.0,182.0,458.0,196.0
2.0,1164.0,656.0,607.0,657.0,656.0,656.0,425.0,182.0,460.0,196.0
2.0,1165.0,647.0,607.0,656.0,647.0,647.0,425.0,182.0,451.0,196.0
2.0,1174.0,634.0,608.0,647.0,637.0,637.0,426.0,182.0,445.0,189.0
2.0,1187.0,616.0,609.0,637.0,619.0,619.0,426.0,183.0,431.0,185.0
2.0,1208.0,603.0,610.0,619.0,606.0,606.0,427.0,183.0,422.0,181.0
2.0,1224.0,597.0,610.0,606.0,597.0,597.0,427.0,183.0,419.0,178.0
2.0,1233.0,596.0,611.0,597.0,599.0,599.0,428.0,183.0,415.0,181.0
2.0,1234.0,603.0,612.0,599.0,606.0,606.0,428.0,184.0,423.0,180.0
2.0,1230.0,613.0,613.0,606.0,616.0,616.0,429.0,184.0,429.0,184.0
2.0,1223.0,631.0,613.0,616.0,631.0,631.0,429.0,184.0,443.0,188.0
2.0,1208.0,647.0,614.0,631.0,650.0,650.0,430.0,184.0,451.0,196.0
2.0,1192.0,660.0,614.0,650.0,660.0,660.0,430.0,184.0,463.0,197.0
2.0,1182.0,663.0,616.0,660.0,669.0,669.0,431.0,185.0,464.0,199.0
2.0,1179.0,666.0,616.0,669.0,666.0,666.0,431.0,185.0,467.0,199.0
2.0,1182.0,653.0,617.0,666.0,656.0,656.0,432.0,185.0,457.0,196.0
2.0,1195.0,643.0,617.0,656.0,643.0,643.0,432.0,185.0,451.0,192.0
2.0,1208.0,627.0,617.0,643.0,627.0,627.0,432.0,185.0,437.0,190.0
2.0,1224.0,614.0,619.0,627.0,620.0,620.0,433.0,186.0,431.0,183.0
2.0,1237.0,603.0,619.0,620.0,603.0,603.0,433.0,186.0,422.0,181.0
2.0,1254.0,601.0,620.0,603.0,604.0,604.0,434.0,186.0,421.0,180.0
2.0,1256.0,611.0,620.0,604.0,611.0,611.0,434.0,186.0,429.0,182.0
2.0,1249.0,624.0,621.0,611.0,627.0,627.0,435.0,186.0,435.0,189.0
2.0,1236.0,640.0,621.0,627.0,640.0,640.0,435.0,186.0,449.0,191.0
2.0,1223.0,653.0,623.0,640.0,659.0,659.0,436.0,187.0,457.0,196.0
2.0,1210.0,669.0,623.0,659.0,669.0,669.0,436.0,187.0,469.0,200.0
2.0,1200.0,671.0,624.0,669.0,674.0,674.0,437.0,187.0,470.0,201.0
2.0,1198.0,677.0,624.0,674.0,677.0,677.0,437.0,187.0,473.0,204.0
2.0,1195.0,663.0,626.0,677.0,669.0,669.0,438.0,188.0,464.0,199.0
2.0,1209.0,652.0,626.0,669.0,652.0,652.0,438.0,188.0,457.0,195.0
2.0,1226.0,633.0,627.0,652.0,636.0,636.0,439.0,188.0,443.0,190.0
2.0,1245.0,623.0,627.0,636.0,623.0,623.0,439.0,188.0,437.0,186.0
2.0,1258.0,614.0,627.0,623.0,614.0,614.0,439.0,188.0,428.0,186.0
2.0,1267.0,613.0,628.0,614.0,616.0,616.0,440.0,188.0,430.0,183.0
2.0,1268.0,617.0,629.0,616.0,620.0,620.0,440.0,189.0,432.0,185.0
2.0,1267.0,633.0,630.0,620.0,636.0,636.0,441.0,189.0,444.0,189.0
2.0,1254.0,646.0,630.0,636.0,646.0,646.0,441.0,189.0,452.0,194.0
2.0,1244.0,664.0,631.0,646.0,667.0,667.0,442.0,189.0,463.0,201.0
2.0,1226.0,677.0,632.0,667.0,680.0,680.0,442.0,190.0,475.0,202.0
2.0,1216.0,680.0,633.0,680.0,683.0,683.0,443.0,190.0,476.0,204.0
2.0,1216.0,683.0,633.0,683.0,683.0,683.0,443.0,190.0,479.0,204.0
2.0,1216.0,671.0,634.0,683.0,674.0,674.0,444.0,190.0,470.0,201.0
2.0,1228.0,663.0,634.0,674.0,663.0,663.0,444.0,190.0,463.0,200.0
2.0,1239.0,643.0,635.0,663.0,646.0,646.0,445.0,190.0,450.0,193.0
2.0,1259.0,632.0,636.0,646.0,635.0,635.0,445.0,191.0,443.0,189.0
2.0,1273.0,620.0,637.0,635.0,623.0,623.0,446.0,191.0,434.0,186.0
2.0,1288.0,622.0,637.0,623.0,622.0,622.0,446.0,191.0,436.0,186.0
2.0,1289.0,629.0,637.0,622.0,629.0,629.0,446.0,191.0,438.0,191.0
2.0,1282.0,641.0,639.0,629.0,647.0,647.0,447.0,192.0,450.0,191.0
2.0,1270.0,654.0,639.0,647.0,654.0,654.0,447.0,192.0,458.0,196.0
2.0,1263.0,670.0,640.0,654.0,673.0,673.0,448.0,192.0,469.0,201.0
2.0,1247.0,686.0,640.0,673.0,686.0,686.0,448.0,192.0,481.0,205.0
2.0,1234.0,692.0,641.0,686.0,695.0,695.0,449.0,192.0,482.0,210.0
2.0,1228.0,691.0,642.0,695.0,694.0,694.0,449.0,193.0,485.0,206.0
2.0,1232.0,680.0,643.0,694.0,683.0,683.0,450.0,193.0,476.0,204.0
2.0,1246.0,669.0,643.0,683.0,669.0,669.0,450.0,193.0,469.0,200.0
2.0,1260.0,651.0,644.0,669.0,654.0,654.0,451.0,193.0,456.0,195.0
2.0,1278.0,643.0,644.0,654.0,643.0,643.0,451.0,193.0,449.0,194.0
2.0,1289.0,629.0,646.0,643.0,635.0,635.0,452.0,194.0,440.0,189.0
2.0,1303.0,630.0,646.0,635.0,630.0,630.0,452.0,194.0,442.0,188.0
2.0,1308.0,634.0,647.0,630.0,637.0,637.0,453.0,194.0,444.0,190.0
2.0,1304.0,650.0,647.0,637.0,650.0,650.0,453.0,194.0,456.0,194.0
2.0,1291.0,666.0,647.0,650.0,666.0,666.0,453.0,194.0,464.0,202.0
2.0,1275.0,682.0,648.0,666.0,685.0,685.0,454.0,194.0,478.0,204.0
2.0,1259.0,691.0,649.0,685.0,694.0,694.0,454.0,195.0,484.0,207.0
2.0,1253.0,697.0,650.0,694.0,700.0,700.0,455.0,195.0,488.0,209.0
2.0,1250.0,700.0,650.0,700.0,700.0,700.0,455.0,195.0,491.0,209.0
2.0,1250.0,691.0,651.0,700.0,694.0,694.0,456.0,195.0,482.0,209.0
2.0,1259.0,677.0,652.0,694.0,680.0,680.0,456.0,196.0,475.0,202.0
2.0,1276.0,660.0,653.0,680.0,663.0,663.0,457.0,196.0,462.0,198.0
2.0,1296.0,649.0,653.0,663.0,649.0,649.0,457.0,196.0,455.0,194.0
2.0,1310.0,637.0,654.0,649.0,640.0,640.0,458.0,196.0,446.0,191.0
2.0,1322.0,643.0,654.0,640.0,643.0,643.0,458.0,196.0,449.0,194.0
2.0,1319.0,643.0,656.0,643.0,649.0,649.0,459.0,197.0,450.0,193.0
2.0,1319.0,659.0,656.0,649.0,659.0,659.0,459.0,197.0,462.0,197.0
2.0,1309.0,671.0,657.0,659.0,674.0,674.0,460.0,197.0,470.0,201.0
2.0,1297.0,690.0,657.0,674.0,690.0,690.0,460.0,197.0,484.0,206.0
2.0,1281.0,703.0,657.0,690.0,703.0,703.0,460.0,197.0,490.0,213.0
2.0,1268.0,710.0,659.0,703.0,716.0,716.0,461.0,198.0,498.0,212.0
2.0,1261.0,706.0,659.0,716.0,706.0,706.0,461.0,198.0,494.0,212.0
2.0,1271.0,697.0,660.0,706.0,700.0,700.0,462.0,198.0,488.0,209.0
2.0,1280.0,689.0,660.0,700.0,689.0,689.0,462.0,198.0,481.0,208.0
2.0,1291.0,668.0,661.0,689.0,671.0,671.0,463.0,198.0,468.0,200.0
2.0,1312.0,657.0,662.0,671.0,660.0,660.0,463.0,199.0,461.0,196.0
2.0,1326.0,646.0,663.0,660.0,649.0,649.0,464.0,199.0,452.0,194.0
2.0,1340.0,648.0,663.0,649.0,648.0,648.0,464.0,199.0,455.0,193.0
2.0,1341.0,651.0,664.0,648.0,654.0,654.0,465.0,199.0,456.0,195.0
2.0,1338.0,670.0,664.0,654.0,670.0,670.0,465.0,199.0,468.0,202.0
2.0,1322.0,680.0,666.0,670.0,686.0,686.0,466.0,200.0,476.0,204.0
2.0,1312.0,699.0,666.0,686.0,699.0,699.0,466.0,200.0,490.0,209.0
2.0,1299.0,709.0,667.0,699.0,712.0,712.0,467.0,200.0,496.0,213.0
2.0,1289.0,718.0,667.0,712.0,718.0,718.0,467.0,200.0,504.0,214.0
2.0,1283.0,717.0,667.0,718.0,717.0,717.0,467.0,200.0,500.0,217.0
2.0,1284.0,709.0,669.0,717.0,715.0,715.0,468.0,201.0,497.0,212.0
2.0,1292.0,693.0,669.0,715.0,693.0,693.0,468.0,201.0,485.0,208.0
2.0,1314.0,677.0,670.0,693.0,680.0,680.0,469.0,201.0,474.0,203.0
2.0,1330.0,666.0,670.0,680.0,666.0,666.0,469.0,201.0,467.0,199.0
2.0,1344.0,657.0,671.0,666.0,660.0,660.0,470.0,201.0,458.0,199.0
2.0,1353.0,657.0,672.0,660.0,660.0,660.0,470.0,202.0,461.0,196.0
2.0,1356.0,660.0,673.0,660.0,663.0,663.0,471.0,202.0,462.0,198.0
2.0,1356.0,676.0,673.0,663.0,676.0,676.0,471.0,202.0,474.0,202.0
2.0,1343.0,689.0,674.0,676.0,692.0,692.0,472.0,202.0,482.0,207.0
2.0,1330.0,710.0,674.0,692.0,710.0,710.0,472.0,202.0,496.0,214.0
2.0,1312.0,717.0,675.0,710.0,720.0,720.0,473.0,202.0,502.0,215.0
2.0,1305.0,727.0,676.0,720.0,730.0,730.0,473.0,203.0,510.0,217.0
2.0,1298.0,723.0,677.0,730.0,726.0,726.0,474.0,203.0,506.0,217.0
2.0,1305.0,717.0,677.0,726.0,717.0,717.0,474.0,203.0,503.0,214.0
2.0,1314.0,704.0,677.0,717.0,704.0,704.0,474.0,203.0,491.0,213.0
2.0,1327.0,689.0,679.0,704.0,695.0,695.0,475.0,204.0,483.0,206.0
2.0,1342.0,673.0,679.0,695.0,673.0,673.0,475.0,204.0,471.0,202.0
2.0,1364.0,663.0,680.0,673.0,666.0,666.0,476.0,204.0,464.0,199.0
2.0,1374.0,666.0,680.0,666.0,666.0,666.0,476.0,204.0,467.0,199.0
2.0,1374.0,672.0,681.0,666.0,675.0,675.0,477.0,204.0,468.0,204.0
2.0,1368.0,684.0,682.0,675.0,687.0,687.0,477.0,205.0,480.0,204.0
2.0,1359.0,697.0,683.0,687.0,700.0,700.0,478.0,205.0,488.0,209.0
2.0,1349.0,716.0,683.0,700.0,716.0,716.0,478.0,205.0,502.0,214.0
2.0,1333.0,726.0,684.0,716.0,729.0,729.0,479.0,205.0,508.0,218.0
2.0,1323.0,739.0,684.0,729.0,739.0,739.0,479.0,205.0,516.0,223.0
2.0,1313.0,731.0,686.0,739.0,737.0,737.0,480.0,206.0,512.0,219.0
2.0,1321.0,726.0,686.0,737.0,726.0,726.0,480.0,206.0,509.0,217.0
2.0,1332.0,710.0,687.0,726.0,713.0,713.0,481.0,206.0,497.0,213.0
2.0,1348.0,700.0,687.0,713.0,700.0,700.0,481.0,206.0,489.0,211.0
2.0,1361.0,681.0,687.0,700.0,681.0,681.0,481.0,206.0,477.0,204.0
2.0,1380.0,676.0,689.0,681.0,682.0,682.0,482.0,207.0,474.0,202.0
2.0,1385.0,671.0,689.0,682.0,671.0,671.0,482.0,207.0,470.0,201.0
2.0,1396.0,680.0,690.0,671.0,683.0,683.0,483.0,207.0,477.0,203.0
2.0,1387.0,690.0,690.0,683.0,690.0,690.0,483.0,207.0,483.0,207.0
2.0,1380.0,709.0,691.0,690.0,712.0,712.0,484.0,207.0,494.0,215.0
2.0,1361.0,726.0,692.0,712.0,729.0,729.0,484.0,208.0,509.0,217.0
2.0,1347.0,734.0,693.0,729.0,737.0,737.0,485.0,208.0,514.0,220.0
2.0,1342.0,744.0,693.0,737.0,744.0,744.0,485.0,208.0,522.0,222.0
2.0,1335.0,740.0,694.0,744.0,743.0,743.0,486.0,208.0,518.0,222.0
2.0,1339.0,737.0,694.0,743.0,737.0,737.0,486.0,208.0,515.0,222.0
2.0,1345.0,718.0,695.0,737.0,721.0,721.0,487.0,208.0,503.0,215.0
2.0,1364.0,706.0,696.0,721.0,709.0,709.0,487.0,209.0,495.0,211.0
2.0,1379.0,690.0,697.0,709.0,693.0,693.0,488.0,209.0,483.0,207.0
2.0,1398.0,684.0,697.0,693.0,684.0,684.0,488.0,209.0,480.0,204.0
2.0,1407.0,683.0,697.0,684.0,683.0,683.0,488.0,209.0,476.0,207.0
2.0,1408.0,689.0,699.0,683.0,695.0,695.0,489.0,210.0,483.0,206.0
2.0,1402.0,699.0,699.0,695.0,699.0,699.0,489.0,210.0,489.0,210.0
2.0,1398.0,714.0,700.0,699.0,717.0,717.0,490.0,210.0,500.0,214.0
2.0,1383.0,737.0,700.0,717.0,737.0,737.0,490.0,210.0,515.0,222.0
2.0,1363.0,743.0,701.0,737.0,746.0,746.0,491.0,210.0,520.0,223.0
2.0,1357.0,753.0,702.0,746.0,756.0,756.0,491.0,211.0,528.0,225.0
2.0,1350.0,749.0,703.0,756.0,752.0,752.0,492.0,211.0,524.0,225.0
2.0,1357.0,743.0,703.0,752.0,743.0,743.0,492.0,211.0,521.0,222.0
2.0,1366.0,727.0,704.0,743.0,730.0,730.0,493.0,211.0,509.0,218.0
2.0,1382.0,717.0,704.0,730.0,717.0,717.0,493.0,211.0,501.0,216.0
2.0,1395.0,698.0,706.0,717.0,704.0,704.0,494.0,212.0,489.0,209.0
2.0,1414.0,693.0,706.0,704.0,693.0,693.0,494.0,212.0,486.0,207.0
2.0,1425.0,688.0,707.0,693.0,691.0,691.0,495.0,212.0,482.0,206.0
2.0,1430.0,697.0,707.0,691.0,697.0,697.0,495.0,212.0,489.0,208.0
2.0,1424.0,710.0,707.0,697.0,710.0,710.0,495.0,212.0,495.0,215.0
2.0,1411.0,726.0,708.0,710.0,729.0,729.0,496.0,212.0,509.0,217.0
2.0,1395.0,740.0,709.0,729.0,743.0,743.0,496.0,213.0,518.0,222.0
2.0,1384.0,756.0,710.0,743.0,759.0,759.0,497.0,213.0,530.0,226.0
2.0,1371.0,758.0,710.0,759.0,758.0,758.0,497.0,213.0,531.0,227.0
2.0,1372.0,760.0,711.0,758.0,763.0,763.0,498.0,213.0,530.0,230.0
2.0,1370.0,752.0,712.0,763.0,755.0,755.0,498.0,214.0,527.0,225.0
2.0,1381.0,736.0,713.0,755.0,739.0,739.0,499.0,214.0,515.0,221.0
2.0,1400.0,723.0,713.0,739.0,723.0,723.0,499.0,214.0,507.0,216.0
2.0,1416.0,707.0,714.0,723.0,710.0,710.0,500.0,214.0,495.0,212.0
2.0,1432.0,704.0,714.0,710.0,704.0,704.0,500.0,214.0,492.0,212.0
2.0,1438.0,697.0,715.0,704.0,700.0,700.0,501.0,214.0,488.0,209.0
2.0,1445.0,706.0,716.0,700.0,709.0,709.0,501.0,215.0,495.0,211.0
2.0,1439.0,716.0,717.0,709.0,719.0,719.0,502.0,215.0,501.0,215.0
2.0,1432.0,736.0,717.0,719.0,736.0,736.0,502.0,215.0,516.0,220.0
2.0,1415.0,751.0,717.0,736.0,751.0,751.0,502.0,215.0,524.0,227.0
2.0,1400.0,764.0,719.0,751.0,770.0,770.0,503.0,216.0,536.0,228.0
2.0,1387.0,767.0,719.0,770.0,767.0,767.0,503.0,216.0,537.0,230.0
2.0,1390.0,769.0,720.0,767.0,772.0,772.0,504.0,216.0,539.0,230.0
2.0,1388.0,757.0,720.0,772.0,757.0,757.0,504.0,216.0,530.0,227.0
2.0,1403.0,747.0,721.0,757.0,750.0,750.0,505.0,216.0,521.0,226.0
2.0,1413.0,732.0,721.0,750.0,732.0,732.0,505.0,216.0,513.0,219.0
2.0,1431.0,716.0,723.0,732.0,722.0,722.0,506.0,217.0,501.0,215.0
2.0,1447.0,710.0,723.0,722.0,710.0,710.0,506.0,217.0,498.0,212.0
2.0,1459.0,706.0,724.0,710.0,709.0,709.0,507.0,217.0,494.0,212.0
2.0,1463.0,719.0,724.0,709.0,719.0,719.0,507.0,217.0,502.0,217.0
2.0,1453.0,724.0,726.0,719.0,730.0,730.0,508.0,218.0,507.0,217.0
2.0,1448.0,744.0,726.0,730.0,744.0,744.0,508.0,218.0,522.0,222.0
2.0,1434.0,757.0,727.0,744.0,760.0,760.0,509.0,218.0,530.0,227.0
2.0,1421.0,773.0,727.0,760.0,773.0,773.0,509.0,218.0,542.0,231.0
2.0,1408.0,779.0,728.0,773.0,782.0,782.0,510.0,218.0,543.0,236.0
2.0,1402.0,777.0,729.0,782.0,780.0,780.0,510.0,219.0,545.0,232.0
2.0,1407.0,766.0,729.0,780.0,766.0,766.0,510.0,219.0,536.0,230.0
2.0,1421.0,756.0,730.0,766.0,759.0,759.0,511.0,219.0,530.0,226.0
2.0,1431.0,737.0,730.0,759.0,737.0,737.0,511.0,219.0,516.0,221.0
2.0,1453.0,727.0,731.0,737.0,730.0,730.0,512.0,219.0,507.0,220.0
2.0,1463.0,719.0,732.0,730.0,722.0,722.0,512.0,220.0,504.0,215.0
2.0,1474.0,714.0,733.0,722.0,717.0,717.0,513.0,220.0,500.0,214.0
2.0,1482.0,724.0,733.0,717.0,724.0,724.0,513.0,220.0,508.0,216.0
2.0,1475.0,733.0,734.0,724.0,736.0,736.0,514.0,220.0,513.0,220.0
2.0,1466.0,756.0,734.0,736.0,756.0,756.0,514.0,220.0,528.0,228.0
2.0,1446.0,766.0,735.0,756.0,769.0,769.0,515.0,220.0,536.0,230.0
2.0,1436.0,781.0,736.0,769.0,784.0,784.0,515.0,221.0,548.0,233.0
2.0,1424.0,784.0,737.0,784.0,787.0,787.0,516.0,221.0,549.0,235.0
2.0,1424.0,786.0,737.0,787.0,786.0,786.0,516.0,221.0,551.0,235.0
2.0,1425.0,777.0,737.0,786.0,777.0,777.0,516.0,221.0,542.0,235.0
2.0,1434.0,764.0,739.0,777.0,770.0,770.0,517.0,222.0,536.0,228.0
2.0,1447.0,746.0,739.0,770.0,746.0,746.0,517.0,222.0,522.0,224.0
2.0,1471.0,733.0,740.0,746.0,736.0,736.0,518.0,222.0,513.0,220.0
2.0,1484.0,727.0,740.0,736.0,727.0,727.0,518.0,222.0,510.0,217.0
2.0,1493.0,726.0,741.0,727.0,729.0,729.0,519.0,222.0,506.0,220.0
2.0,1494.0,733.0,742.0,729.0,736.0,736.0,519.0,223.0,514.0,219.0
2.0,1490.0,743.0,743.0,736.0,746.0,746.0,520.0,223.0,520.0,223.0
2.0,1483.0,761.0,743.0,746.0,761.0,761.0,520.0,223.0,534.0,227.0
2.0,1468.0,774.0,744.0,761.0,777.0,777.0,521.0,223.0,542.0,232.0
2.0,1455.0,793.0,744.0,777.0,793.0,793.0,521.0,223.0,554.0,239.0
2.0,1439.0,793.0,746.0,793.0,799.0,799.0,522.0,224.0,555.0,238.0
2.0,1439.0,796.0,746.0,799.0,796.0,796.0,522.0,224.0,558.0,238.0
2.0,1442.0,783.0,747.0,796.0,786.0,786.0,523.0,224.0,548.0,235.0
2.0,1455.0,776.0,747.0,786.0,776.0,776.0,523.0,224.0,542.0,234.0
2.0,1465.0,754.0,747.0,776.0,754.0,754.0,523.0,224.0,528.0,226.0
2.0,1487.0,744.0,749.0,754.0,750.0,750.0,524.0,225.0,522.0,222.0
2.0,1497.0,733.0,749.0,750.0,733.0,733.0,524.0,225.0,513.0,220.0
2.0,1514.0,731.0,750.0,733.0,734.0,734.0,525.0,225.0,512.0,219.0
2.0,1516.0,741.0,750.0,734.0,741.0,741.0,525.0,225.0,520.0,221.0
2.0,1509.0,754.0,751.0,741.0,757.0,757.0,526.0,225.0,526.0,228.0
2.0,1496.0,770.0,752.0,757.0,773.0,773.0,526.0,226.0,540.0,230.0
2.0,1483.0,783.0,753.0,773.0,786.0,786.0,527.0,226.0,548.0,235.0
2.0,1473.0,799.0,753.0,786.0,799.0,799.0,527.0,226.0,560.0,239.0
2.0,1460.0,801.0,754.0,799.0,804.0,804.0,528.0,226.0,561.0,240.0
2.0,1458.0,807.0,754.0,804.0,807.0,807.0,528.0,226.0,564.0,243.0
2.0,1455.0,793.0,756.0,807.0,799.0,799.0,529.0,227.0,555.0,238.0
2.0,1469.0,782.0,756.0,799.0,782.0,782.0,529.0,227.0,548.0,234.0
2.0,1486.0,763.0,757.0,782.0,766.0,766.0,530.0,227.0,534.0,229.0
2.0,1505.0,753.0,757.0,766.0,753.0,753.0,530.0,227.0,528.0,225.0
2.0,1518.0,744.0,757.0,753.0,744.0,744.0,530.0,227.0,519.0,225.0
2.0,1527.0,743.0,759.0,744.0,749.0,749.0,531.0,228.0,521.0,222.0
2.0,1528.0,747.0,759.0,749.0,747.0,747.0,531.0,228.0,523.0,224.0
2.0,1530.0,760.0,760.0,747.0,763.0,763.0,532.0,228.0,532.0,228.0
2.0,1517.0,779.0,760.0,763.0,779.0,779.0,532.0,228.0,546.0,233.0
2.0,1501.0,794.0,761.0,779.0,797.0,797.0,533.0,228.0,554.0,240.0
2.0,1486.0,807.0,761.0,797.0,807.0,807.0,533.0,228.0,566.0,241.0
2.0,1476.0,810.0,763.0,807.0,816.0,816.0,534.0,229.0,567.0,243.0
2.0,1473.0,813.0,763.0,816.0,813.0,813.0,534.0,229.0,570.0,243.0
2.0,1476.0,801.0,764.0,813.0,804.0,804.0,535.0,229.0,561.0,240.0
2.0,1488.0,793.0,764.0,804.0,793.0,793.0,535.0,229.0,554.0,239.0
2.0,1499.0,773.0,766.0,793.0,779.0,779.0,536.0,230.0,541.0,232.0
2.0,1519.0,762.0,766.0,779.0,762.0,762.0,536.0,230.0,534.0,228.0
2.0,1536.0,750.0,767.0,762.0,753.0,753.0,537.0,230.0,525.0,225.0
2.0,1548.0,752.0,767.0,753.0,752.0,752.0,537.0,230.0,527.0,225.0
2.0,1549.0,759.0,767.0,752.0,759.0,759.0,537.0,230.0,529.0,230.0
2.0,1542.0,771.0,769.0,759.0,777.0,777.0,538.0,231.0,541.0,230.0
2.0,1530.0,784.0,769.0,777.0,784.0,784.0,538.0,231.0,549.0,235.0
2.0,1523.0,803.0,770.0,784.0,806.0,806.0,539.0,231.0,563.0,240.0
2.0,1504.0,813.0,770.0,806.0,813.0,813.0,539.0,231.0,569.0,244.0
2.0,1497.0,822.0,771.0,813.0,825.0,825.0,540.0,231.0,573.0,249.0
2.0,1488.0,821.0,772.0,825.0,824.0,824.0,540.0,232.0,576.0,245.0
2.0,1492.0,810.0,773.0,824.0,813.0,813.0,541.0,232.0,567.0,243.0
2.0,1506.0,799.0,773.0,813.0,799.0,799.0,541.0,232.0,560.0,239.0
2.0,1520.0,784.0,774.0,799.0,787.0,787.0,542.0,232.0,547.0,237.0
2.0,1535.0,770.0,774.0,787.0,770.0,770.0,542.0,232.0,540.0,230.0
2.0,1552.0,759.0,776.0,770.0,765.0,765.0,543.0,233.0,531.0,228.0
2.0,1563.0,761.0,776.0,765.0,761.0,761.0,543.0,233.0,534.0,227.0
2.0,1567.0,764.0,777.0,761.0,767.0,767.0,544.0,233.0,535.0,229.0
2.0,1564.0,780.0,777.0,767.0,780.0,780.0,544.0,233.0,547.0,233.0
2.0,1551.0,796.0,777.0,780.0,796.0,796.0,544.0,233.0,555.0,241.0
2.0,1535.0,812.0,779.0,796.0,818.0,818.0,545.0,234.0,569.0,243.0
2.0,1519.0,821.0,779.0,818.0,821.0,821.0,545.0,234.0,575.0,246.0
2.0,1516.0,831.0,780.0,821.0,834.0,834.0,546.0,234.0,583.0,248.0
2.0,1506.0,827.0,780.0,834.0,827.0,827.0,546.0,234.0,579.0,248.0
2.0,1513.0,821.0,781.0,827.0,824.0,824.0,547.0,234.0,573.0,248.0
2.0,1519.0,807.0,781.0,824.0,807.0,807.0,547.0,234.0,566.0,241.0
2.0,1536.0,790.0,783.0,807.0,796.0,796.0,548.0,235.0,553.0,237.0
2.0,1553.0,779.0,783.0,796.0,779.0,779.0,548.0,235.0,546.0,233.0
2.0,1570.0,767.0,784.0,779.0,770.0,770.0,549.0,235.0,537.0,230.0
2.0,1582.0,773.0,784.0,770.0,773.0,773.0,549.0,235.0,540.0,233.0
2.0,1579.0,773.0,786.0,773.0,779.0,779.0,550.0,236.0,541.0,232.0
2.0,1579.0,789.0,786.0,779.0,789.0,789.0,550.0,236.0,553.0,236.0
2.0,1569.0,801.0,787.0,789.0,804.0,804.0,551.0,236.0,561.0,240.0
2.0,1557.0,823.0,787.0,804.0,823.0,823.0,551.0,236.0,575.0,248.0
2.0,1538.0,830.0,788.0,823.0,833.0,833.0,552.0,236.0,581.0,249.0
2.0,1531.0,840.0,789.0,833.0,843.0,843.0,552.0,237.0,589.0,251.0
2.0,1524.0,836.0,789.0,843.0,836.0,836.0,552.0,237.0,585.0,251.0
2.0,1531.0,830.0,790.0,836.0,833.0,833.0,553.0,237.0,582.0,248.0
2.0,1537.0,813.0,790.0,833.0,813.0,813.0,553.0,237.0,569.0,244.0
2.0,1557.0,801.0,791.0,813.0,804.0,804.0,554.0,237.0,559.0,242.0
2.0,1569.0,787.0,792.0,804.0,790.0,790.0,554.0,238.0,552.0,235.0
2.0,1586.0,776.0,793.0,790.0,779.0,779.0,555.0,238.0,543.0,233.0
2.0,1600.0,778.0,793.0,779.0,778.0,778.0,555.0,238.0,546.0,232.0
2.0,1601.0,781.0,794.0,778.0,784.0,784.0,556.0,238.0,547.0,234.0
2.0,1598.0,800.0,794.0,784.0,800.0,800.0,556.0,238.0,559.0,241.0
2.0,1582.0,810.0,795.0,800.0,813.0,813.0,557.0,238.0,567.0,243.0
2.0,1572.0,829.0,796.0,813.0,832.0,832.0,557.0,239.0,581.0,248.0
2.0,1556.0,839.0,797.0,832.0,842.0,842.0,558.0,239.0,587.0,252.0
2.0,1549.0,848.0,797.0,842.0,848.0,848.0,558.0,239.0,595.0,253.0
2.0,1543.0,847.0,797.0,848.0,847.0,847.0,558.0,239.0,591.0,256.0
2.0,1544.0,839.0,799.0,847.0,845.0,845.0,559.0,240.0,588.0,251.0
2.0,1552.0,823.0,799.0,845.0,823.0,823.0,559.0,240.0,576.0,247.0
2.0,1574.0,810.0,800.0,823.0,813.0,813.0,560.0,240.0,568.0,242.0
2.0,1587.0,793.0,800.0,813.0,793.0,793.0,560.0,240.0,555.0,238.0
2.0,1607.0,787.0,801.0,793.0,790.0,790.0,561.0,240.0,549.0,238.0
2.0,1613.0,787.0,801.0,790.0,787.0,787.0,561.0,240.0,552.0,235.0
2.0,1616.0,790.0,803.0,787.0,796.0,796.0,562.0,241.0,553.0,237.0
2.0,1613.0,806.0,803.0,796.0,806.0,806.0,562.0,241.0,565.0,241.0
2.0,1603.0,819.0,804.0,806.0,822.0,822.0,563.0,241.0,573.0,246.0
2.0,1590.0,840.0,804.0,822.0,840.0,840.0,563.0,241.0,587.0,253.0
2.0,1572.0,847.0,806.0,840.0,853.0,853.0,564.0,242.0,593.0,254.0
2.0,1565.0,857.0,806.0,853.0,857.0,857.0,564.0,242.0,601.0,256.0
2.0,1561.0,853.0,807.0,857.0,856.0,856.0,565.0,242.0,597.0,256.0
2.0,1565.0,847.0,807.0,856.0,847.0,847.0,565.0,242.0,594.0,253.0
2.0,1574.0,834.0,808.0,847.0,837.0,837.0,566.0,242.0,582.0,252.0
2.0,1587.0,819.0,808.0,837.0,819.0,819.0,566.0,242.0,574.0,245.0
2.0,1605.0,803.0,809.0,819.0,806.0,806.0,566.0,243.0,562.0,241.0
2.0,1621.0,796.0,810.0,806.0,799.0,799.0,567.0,243.0,558.0,238.0
2.0,1631.0,793.0,810.0,799.0,793.0,793.0,567.0,243.0,555.0,238.0
2.0,1637.0,802.0,811.0,793.0,805.0,805.0,568.0,243.0,559.0,243.0
2.0,1628.0,814.0,812.0,805.0,817.0,817.0,568.0,244.0,571.0,243.0
2.0,1619.0,827.0,813.0,817.0,830.0,830.0,569.0,244.0,579.0,248.0
2.0,1609.0,846.0,813.0,830.0,846.0,846.0,569.0,244.0,593.0,253.0
2.0,1593.0,856.0,814.0,846.0,859.0,859.0,570.0,244.0,599.0,257.0
2.0,1583.0,869.0,814.0,859.0,869.0,869.0,570.0,244.0,607.0,262.0
2.0,1573.0,861.0,816.0,869.0,867.0,867.0,571.0,245.0,603.0,258.0
2.0,1581.0,856.0,816.0,867.0,856.0,856.0,571.0,245.0,600.0,256.0
2.0,1592.0,840.0,817.0,856.0,843.0,843.0,572.0,245.0,588.0,252.0
2.0,1608.0,827.0,817.0,843.0,827.0,827.0,572.0,245.0,580.0,247.0
2.0,1624.0,814.0,817.0,827.0,814.0,814.0,572.0,245.0,568.0,246.0
2.0,1637.0,806.0,819.0,814.0,812.0,812.0,573.0,246.0,565.0,241.0
2.0,1645.0,801.0,819.0,812.0,801.0,801.0,573.0,246.0,561.0,240.0
2.0,1656.0,807.0,820.0,801.0,810.0,810.0,574.0,246.0,565.0,242.0
2.0,1650.0,823.0,820.0,810.0,823.0,823.0,574.0,246.0,577.0,246.0
2.0,1637.0,839.0,821.0,823.0,842.0,842.0,575.0,246.0,585.0,254.0
2.0,1621.0,856.0,821.0,842.0,856.0,856.0,575.0,246.0,600.0,256.0
2.0,1607.0,864.0,823.0,856.0,870.0,870.0,576.0,247.0,605.0,259.0
2.0,1599.0,874.0,823.0,870.0,874.0,874.0,576.0,247.0,613.0,261.0
2.0,1595.0,870.0,824.0,874.0,873.0,873.0,577.0,247.0,609.0,261.0
2.0,1599.0,867.0,824.0,873.0,867.0,867.0,577.0,247.0,606.0,261.0
2.0,1605.0,848.0,826.0,867.0,854.0,854.0,578.0,248.0,594.0,254.0
2.0,1624.0,836.0,826.0,854.0,836.0,836.0,578.0,248.0,586.0,250.0
2.0,1642.0,820.0,827.0,836.0,823.0,823.0,579.0,248.0,574.0,246.0
2.0,1658.0,814.0,827.0,823.0,814.0,814.0,579.0,248.0,571.0,243.0
2.0,1667.0,813.0,828.0,814.0,816.0,816.0,580.0,248.0,567.0,246.0
2.0,1668.0,819.0,829.0,816.0,822.0,822.0,580.0,249.0,574.0,245.0
2.0,1665.0,829.0,829.0,822.0,829.0,829.0,580.0,249.0,580.0,249.0
2.0,1658.0,847.0,830.0,829.0,850.0,850.0,581.0,249.0,594.0,253.0
2.0,1640.0,861.0,830.0,850.0,861.0,861.0,581.0,249.0,603.0,258.0
2.0,1629.0,876.0,831.0,861.0,879.0,879.0,582.0,249.0,611.0,265.0
2.0,1614.0,883.0,832.0,879.0,886.0,886.0,582.0,250.0,619.0,264.0
2.0,1610.0,879.0,833.0,886.0,882.0,882.0,583.0,250.0,615.0,264.0
2.0,1617.0,873.0,833.0,882.0,873.0,873.0,583.0,250.0,612.0,261.0
2.0,1626.0,860.0,834.0,873.0,863.0,863.0,584.0,250.0,600.0,260.0
2.0,1639.0,844.0,834.0,863.0,844.0,844.0,584.0,250.0,592.0,252.0
2.0,1658.0,828.0,836.0,844.0,834.0,834.0,585.0,251.0,580.0,248.0
2.0,1674.0,823.0,836.0,834.0,823.0,823.0,585.0,251.0,577.0,246.0
2.0,1685.0,818.0,837.0,823.0,821.0,821.0,586.0,251.0,573.0,245.0
2.0,1690.0,827.0,837.0,821.0,827.0,827.0,586.0,251.0,580.0,247.0
2.0,1684.0,840.0,837.0,827.0,840.0,840.0,586.0,251.0,586.0,254.0
2.0,1671.0,856.0,839.0,840.0,862.0,862.0,587.0,252.0,600.0,256.0
2.0,1655.0,870.0,839.0,862.0,870.0,870.0,587.0,252.0,609.0,261.0
2.0,1647.0,886.0,840.0,870.0,889.0,889.0,588.0,252.0,621.0,265.0
2.0,1631.0,888.0,840.0,889.0,888.0,888.0,588.0,252.0,622.0,266.0
2.0,1632.0,890.0,841.0,888.0,893.0,893.0,589.0,252.0,621.0,269.0
2.0,1630.0,882.0,842.0,893.0,885.0,885.0,589.0,253.0,618.0,264.0
2.0,1641.0,866.0,843.0,885.0,869.0,869.0,590.0,253.0,606.0,260.0
2.0,1660.0,853.0,843.0,869.0,853.0,853.0,590.0,253.0,598.0,255.0
2.0,1676.0,837.0,844.0,853.0,840.0,840.0,591.0,253.0,586.0,251.0
2.0,1692.0,834.0,844.0,840.0,834.0,834.0,591.0,253.0,583.0,251.0
2.0,1698.0,827.0,846.0,834.0,833.0,833.0,592.0,254.0,579.0,248.0
2.0,1705.0,836.0,846.0,833.0,836.0,836.0,592.0,254.0,586.0,250.0
2.0,1702.0,846.0,847.0,836.0,849.0,849.0,593.0,254.0,592.0,254.0
2.0,1692.0,866.0,847.0,849.0,866.0,866.0,593.0,254.0,607.0,259.0
2.0,1675.0,881.0,848.0,866.0,884.0,884.0,594.0,254.0,615.0,266.0
2.0,1660.0,894.0,848.0,884.0,894.0,894.0,594.0,254.0,627.0,267.0
2.0,1650.0,897.0,849.0,894.0,900.0,900.0,594.0,255.0,628.0,269.0
2.0,1647.0,899.0,850.0,900.0,902.0,902.0,595.0,255.0,630.0,269.0
2.0,1648.0,887.0,850.0,902.0,887.0,887.0,595.0,255.0,621.0,266.0
2.0,1663.0,877.0,851.0,887.0,880.0,880.0,596.0,255.0,612.0,265.0
2.0,1673.0,862.0,852.0,880.0,865.0,865.0,596.0,256.0,604.0,258.0
2.0,1691.0,846.0,853.0,865.0,849.0,849.0,597.0,256.0,592.0,254.0
2.0,1710.0,840.0,853.0,849.0,840.0,840.0,597.0,256.0,589.0,251.0
2.0,1719.0,836.0,854.0,840.0,839.0,839.0,598.0,256.0,585.0,251.0
2.0,1723.0,849.0,854.0,839.0,849.0,849.0,598.0,256.0,593.0,256.0
2.0,1713.0,854.0,856.0,849.0,860.0,860.0,599.0,257.0,598.0,256.0
2.0,1708.0,874.0,856.0,860.0,874.0,874.0,599.0,257.0,613.0,261.0
2.0,1694.0,887.0,857.0,874.0,890.0,890.0,600.0,257.0,621.0,266.0
2.0,1681.0,903.0,857.0,890.0,903.0,903.0,600.0,257.0,633.0,270.0
2.0,1668.0,909.0,857.0,903.0,909.0,909.0,600.0,257.0,634.0,275.0
2.0,1662.0,907.0,859.0,909.0,913.0,913.0,601.0,258.0,636.0,271.0
2.0,1664.0,896.0,859.0,913.0,896.0,896.0,601.0,258.0,627.0,269.0
2.0,1681.0,883.0,860.0,896.0,886.0,886.0,602.0,258.0,618.0,265.0
2.0,1694.0,873.0,860.0,886.0,873.0,873.0,602.0,258.0,610.0,263.0
2.0,1707.0,854.0,861.0,873.0,857.0,857.0,603.0,258.0,598.0,256.0
2.0,1726.0,849.0,862.0,857.0,852.0,852.0,603.0,259.0,595.0,254.0
2.0,1734.0,844.0,863.0,852.0,847.0,847.0,604.0,259.0,591.0,253.0
2.0,1742.0,854.0,863.0,847.0,854.0,854.0,604.0,259.0,599.0,255.0
2.0,1735.0,863.0,864.0,854.0,866.0,866.0,605.0,259.0,604.0,259.0
2.0,1726.0,886.0,864.0,866.0,886.0,886.0,605.0,259.0,619.0,267.0
2.0,1706.0,896.0,866.0,886.0,902.0,902.0,606.0,260.0,627.0,269.0
2.0,1696.0,911.0,866.0,902.0,911.0,911.0,606.0,260.0,639.0,272.0
2.0,1687.0,914.0,867.0,911.0,917.0,917.0,607.0,260.0,640.0,274.0
2.0,1684.0,916.0,867.0,917.0,916.0,916.0,607.0,260.0,642.0,274.0
2.0,1685.0,907.0,867.0,916.0,907.0,907.0,607.0,260.0,633.0,274.0
2.0,1694.0,894.0,868.0,907.0,897.0,897.0,608.0,260.0,627.0,267.0
2.0,1707.0,876.0,869.0,897.0,879.0,879.0,608.0,261.0,613.0,263.0
2.0,1728.0,863.0,870.0,879.0,866.0,866.0,609.0,261.0,604.0,259.0
2.0,1744.0,857.0,870.0,866.0,857.0,857.0,609.0,261.0,601.0,256.0
2.0,1753.0,856.0,871.0,857.0,859.0,859.0,610.0,261.0,597.0,259.0
2.0,1754.0,863.0,872.0,859.0,866.0,866.0,610.0,262.0,605.0,258.0
2.0,1750.0,873.0,873.0,866.0,876.0,876.0,611.0,262.0,611.0,262.0
2.0,1743.0,891.0,873.0,876.0,891.0,891.0,611.0,262.0,625.0,266.0
2.0,1728.0,907.0,874.0,891.0,910.0,910.0,612.0,262.0,633.0,274.0
2.0,1712.0,920.0,874.0,910.0,920.0,920.0,612.0,262.0,645.0,275.0
2.0,1702.0,923.0,876.0,920.0,929.0,929.0,613.0,263.0,646.0,277.0
2.0,1699.0,926.0,876.0,929.0,926.0,926.0,613.0,263.0,649.0,277.0
2.0,1702.0,913.0,877.0,926.0,916.0,916.0,614.0,263.0,639.0,274.0
2.0,1715.0,903.0,877.0,916.0,903.0,903.0,614.0,263.0,633.0,270.0
2.0,1728.0,887.0,877.0,903.0,887.0,887.0,614.0,263.0,619.0,268.0
2.0,1744.0,874.0,879.0,887.0,880.0,880.0,615.0,264.0,613.0,261.0
2.0,1757.0,863.0,879.0,880.0,863.0,863.0,615.0,264.0,604.0,259.0
2.0,1774.0,861.0,880.0,863.0,864.0,864.0,616.0,264.0,603.0,258.0
2.0,1776.0,871.0,880.0,864.0,871.0,871.0,616.0,264.0,611.0,260.0
2.0,1769.0,884.0,881.0,871.0,887.0,887.0,617.0,264.0,617.0,267.0
2.0,1756.0,900.0,881.0,887.0,900.0,900.0,617.0,264.0,631.0,269.0
2.0,1743.0,913.0,883.0,900.0,919.0,919.0,618.0,265.0,639.0,274.0
2.0,1730.0,929.0,883.0,919.0,929.0,929.0,618.0,265.0,651.0,278.0
2.0,1720.0,931.0,884.0,929.0,934.0,934.0,619.0,265.0,652.0,279.0
2.0,1718.0,937.0,884.0,934.0,937.0,937.0,619.0,265.0,655.0,282.0
2.0,1715.0,923.0,886.0,937.0,929.0,929.0,620.0,266.0,646.0,277.0
2.0,1729.0,912.0,886.0,929.0,912.0,912.0,620.0,266.0,639.0,273.0
2.0,1746.0,893.0,887.0,912.0,896.0,896.0,621.0,266.0,625.0,268.0
2.0,1765.0,883.0,887.0,896.0,883.0,883.0,621.0,266.0,619.0,264.0
2.0,1778.0,874.0,887.0,883.0,874.0,874.0,621.0,266.0,610.0,264.0
2.0,1787.0,873.0,888.0,874.0,876.0,876.0,622.0,266.0,612.0,261.0
2.0,1788.0,877.0,889.0,876.0,880.0,880.0,622.0,267.0,614.0,263.0
2.0,1787.0,893.0,890.0,880.0,896.0,896.0,623.0,267.0,626.0,267.0
2.0,1774.0,906.0,890.0,896.0,906.0,906.0,623.0,267.0,634.0,272.0
2.0,1764.0,924.0,891.0,906.0,927.0,927.0,624.0,267.0,645.0,279.0
2.0,1746.0,937.0,892.0,927.0,940.0,940.0,624.0,268.0,657.0,280.0
2.0,1736.0,940.0,893.0,940.0,943.0,943.0,625.0,268.0,658.0,282.0
2.0,1736.0,943.0,893.0,943.0,943.0,943.0,625.0,268.0,661.0,282.0
2.0,1736.0,931.0,894.0,943.0,934.0,934.0,626.0,268.0,652.0,279.0
2.0,1748.0,923.0,894.0,934.0,923.0,923.0,626.0,268.0,645.0,278.0
2.0,1759.0,903.0,895.0,923.0,906.0,906.0,627.0,268.0,632.0,271.0
2.0,1779.0,892.0,896.0,906.0,895.0,895.0,627.0,269.0,625.0,267.0
2.0,1793.0,880.0,897.0,895.0,883.0,883.0,628.0,269.0,616.0,264.0
2.0,1808.0,882.0,897.0,883.0,882.0,882.0,628.0,269.0,618.0,264.0
2.0,1809.0,889.0,897.0,882.0,889.0,889.0,628.0,269.0,620.0,269.0
2.0,1802.0,901.0,899.0,889.0,907.0,907.0,629.0,270.0,632.0,269.0
2.0,1790.0,914.0,899.0,907.0,914.0,914.0,629.0,270.0,640.0,274.0
2.0,1783.0,930.0,900.0,914.0,933.0,933.0,630.0,270.0,651.0,279.0
2.0,1767.0,946.0,900.0,933.0,946.0,946.0,630.0,270.0,663.0,283.0
2.0,1754.0,952.0,901.0,946.0,955.0,955.0,631.0,270.0,664.0,288.0
2.0,1748.0,951.0,902.0,955.0,954.0,954.0,631.0,271.0,667.0,284.0
2.0,1752.0,940.0,903.0,954.0,943.0,943.0,632.0,271.0,658.0,282.0
2.0,1766.0,929.0,903.0,943.0,929.0,929.0,632.0,271.0,651.0,278.0
2.0,1780.0,911.0,904.0,929.0,914.0,914.0,633.0,271.0,638.0,273.0
2.0,1798.0,903.0,904.0,914.0,903.0,903.0,633.0,271.0,631.0,272.0
2.0,1809.0,889.0,906.0,903.0,895.0,895.0,634.0,272.0,622.0,267.0
2.0,1823.0,891.0,906.0,895.0,891.0,891.0,634.0,272.0,625.0,266.0
2.0,1827.0,894.0,907.0,891.0,897.0,897.0,635.0,272.0,626.0,268.0
2.0,1824.0,910.0,907.0,897.0,910.0,910.0,635.0,272.0,638.0,272.0
2.0,1811.0,926.0,908.0,910.0,929.0,929.0,636.0,272.0,646.0,280.0
2.0,1795.0,942.0,908.0,929.0,942.0,942.0,636.0,272.0,660.0,282.0
2.0,1782.0,951.0,909.0,942.0,954.0,954.0,636.0,273.0,666.0,285.0
2.0,1773.0,961.0,910.0,954.0,964.0,964.0,637.0,273.0,674.0,287.0
2.0,1766.0,957.0,910.0,964.0,957.0,957.0,637.0,273.0,670.0,287.0
2.0,1773.0,951.0,911.0,957.0,954.0,954.0,638.0,273.0,664.0,287.0
2.0,1779.0,937.0,912.0,954.0,940.0,940.0,638.0,274.0,657.0,280.0
2.0,1796.0,920.0,913.0,940.0,923.0,923.0,639.0,274.0,644.0,276.0
2.0,1816.0,909.0,913.0,923.0,909.0,909.0,639.0,274.0,637.0,272.0
2.0,1830.0,897.0,914.0,909.0,900.0,900.0,640.0,274.0,628.0,269.0
2.0,1842.0,903.0,914.0,900.0,903.0,903.0,640.0,274.0,631.0,272.0
2.0,1839.0,903.0,916.0,903.0,909.0,909.0,641.0,275.0,632.0,271.0
2.0,1839.0,919.0,916.0,909.0,919.0,919.0,641.0,275.0,644.0,275.0
2.0,1829.0,931.0,917.0,919.0,934.0,934.0,642.0,275.0,652.0,279.0
2.0,1817.0,950.0,917.0,934.0,950.0,950.0,642.0,275.0,666.0,284.0
2.0,1801.0,963.0,917.0,950.0,963.0,963.0,642.0,275.0,672.0,291.0
2.0,1788.0,970.0,919.0,963.0,976.0,976.0,643.0,276.0,680.0,290.0
2.0,1781.0,966.0,919.0,976.0,966.0,966.0,643.0,276.0,676.0,290.0
2.0,1791.0,960.0,920.0,966.0,963.0,963.0,644.0,276.0,673.0,287.0
2.0,1797.0,947.0,920.0,963.0,947.0,947.0,644.0,276.0,661.0,286.0
2.0,1813.0,928.0,921.0,947.0,931.0,931.0,645.0,276.0,650.0,278.0
2.0,1832.0,917.0,922.0,931.0,920.0,920.0,645.0,277.0,643.0,274.0
2.0,1846.0,906.0,923.0,920.0,909.0,909.0,646.0,277.0,634.0,272.0
2.0,1860.0,908.0,923.0,909.0,908.0,908.0,646.0,277.0,637.0,271.0
2.0,1861.0,911.0,924.0,908.0,914.0,914.0,647.0,277.0,638.0,273.0
2.0,1858.0,930.0,924.0,914.0,930.0,930.0,647.0,277.0,650.0,280.0
2.0,1842.0,940.0,926.0,930.0,946.0,946.0,648.0,278.0,658.0,282.0
2.0,1832.0,959.0,926.0,946.0,959.0,959.0,648.0,278.0,672.0,287.0
2.0,1819.0,969.0,927.0,959.0,972.0,972.0,649.0,278.0,678.0,291.0
2.0,1809.0,978.0,927.0,972.0,978.0,978.0,649.0,278.0,686.0,292.0
2.0,1803.0,977.0,928.0,978.0,980.0,980.0,650.0,278.0,682.0,295.0
2.0,1804.0,969.0,929.0,980.0,972.0,972.0,650.0,279.0,679.0,290.0
2.0,1815.0,953.0,929.0,972.0,953.0,953.0,650.0,279.0,667.0,286.0
2.0,1834.0,940.0,930.0,953.0,943.0,943.0,651.0,279.0,659.0,281.0
2.0,1847.0,924.0,930.0,943.0,924.0,924.0,651.0,279.0,647.0,277.0
2.0,1866.0,917.0,931.0,924.0,920.0,920.0,652.0,279.0,640.0,277.0
2.0,1873.0,917.0,932.0,920.0,920.0,920.0,652.0,280.0,643.0,274.0
2.0,1876.0,920.0,933.0,920.0,923.0,923.0,653.0,280.0,644.0,276.0
2.0,1876.0,936.0,933.0,923.0,936.0,936.0,653.0,280.0,656.0,280.0
2.0,1863.0,949.0,934.0,936.0,952.0,952.0,654.0,280.0,664.0,285.0
2.0,1850.0,970.0,934.0,952.0,970.0,970.0,654.0,280.0,678.0,292.0
2.0,1832.0,977.0,935.0,970.0,980.0,980.0,655.0,280.0,684.0,293.0
2.0,1825.0,987.0,936.0,980.0,990.0,990.0,655.0,281.0,692.0,295.0
2.0,1818.0,983.0,937.0,990.0,986.0,986.0,656.0,281.0,688.0,295.0
2.0,1825.0,977.0,937.0,986.0,977.0,977.0,656.0,281.0,685.0,292.0
2.0,1834.0,964.0,938.0,977.0,967.0,967.0,657.0,281.0,673.0,291.0
2.0,1847.0,949.0,939.0,967.0,952.0,952.0,657.0,282.0,665.0,284.0
2.0,1865.0,933.0,939.0,952.0,933.0,933.0,657.0,282.0,653.0,280.0
2.0,1884.0,927.0,940.0,933.0,930.0,930.0,658.0,282.0,650.0,277.0
2.0,1890.0,923.0,940.0,930.0,923.0,923.0,658.0,282.0,646.0,277.0
2.0,1897.0,935.0,941.0,923.0,938.0,938.0,659.0,282.0,653.0,282.0
2.0,1885.0,941.0,942.0,938.0,944.0,944.0,659.0,283.0,659.0,282.0
2.0,1882.0,957.0,943.0,944.0,960.0,960.0,660.0,283.0,670.0,287.0
2.0,1869.0,977.0,943.0,960.0,977.0,977.0,660.0,283.0,685.0,292.0
2.0,1852.0,986.0,944.0,977.0,989.0,989.0,661.0,283.0,690.0,296.0
2.0,1843.0,999.0,944.0,989.0,999.0,999.0,661.0,283.0,698.0,301.0
2.0,1833.0,991.0,946.0,999.0,997.0,997.0,662.0,284.0,694.0,297.0
2.0,1841.0,986.0,946.0,997.0,986.0,986.0,662.0,284.0,691.0,295.0
2.0,1852.0,970.0,947.0,986.0,973.0,973.0,663.0,284.0,679.0,291.0
2.0,1868.0,960.0,947.0,973.0,960.0,960.0,663.0,284.0,671.0,289.0
2.0,1881.0,941.0,948.0,960.0,944.0,944.0,664.0,284.0,659.0,282.0
2.0,1900.0,936.0,949.0,944.0,939.0,939.0,664.0,285.0,656.0,280.0
2.0,1908.0,931.0,949.0,939.0,931.0,931.0,664.0,285.0,652.0,279.0
2.0,1916.0,940.0,950.0,931.0,943.0,943.0,665.0,285.0,659.0,281.0
2.0,1907.0,950.0,950.0,943.0,950.0,950.0,665.0,285.0,665.0,285.0
2.0,1900.0,969.0,951.0,950.0,972.0,972.0,666.0,285.0,676.0,293.0
2.0,1881.0,986.0,952.0,972.0,989.0,989.0,666.0,286.0,691.0,295.0
2.0,1867.0,994.0,953.0,989.0,997.0,997.0,667.0,286.0,696.0,298.0
2.0,1862.0,1004.0,953.0,997.0,1004.0,1004.0,667.0,286.0,704.0,300.0
2.0,1855.0,1000.0,954.0,1004.0,1003.0,1003.0,668.0,286.0,700.0,300.0
2.0,1859.0,997.0,954.0,1003.0,997.0,997.0,668.0,286.0,697.0,300.0
2.0,1865.0,978.0,955.0,997.0,981.0,981.0,669.0,286.0,685.0,293.0
2.0,1884.0,966.0,956.0,981.0,969.0,969.0,669.0,287.0,677.0,289.0
2.0,1899.0,950.0,957.0,969.0,953.0,953.0,670.0,287.0,665.0,285.0
2.0,1918.0,944.0,957.0,953.0,944.0,944.0,670.0,287.0,662.0,282.0
2.0,1927.0,943.0,958.0,944.0,946.0,946.0,671.0,287.0,658.0,285.0
2.0,1928.0,949.0,959.0,946.0,952.0,952.0,671.0,288.0,665.0,284.0
2.0,1925.0,959.0,959.0,952.0,959.0,959.0,671.0,288.0,671.0,288.0
2.0,1918.0,977.0,960.0,959.0,980.0,980.0,672.0,288.0,685.0,292.0
2.0,1900.0,994.0,960.0,980.0,994.0,994.0,672.0,288.0,694.0,300.0
2.0,1886.0,1007.0,961.0,994.0,1010.0,1010.0,673.0,288.0,706.0,301.0
2.0,1873.0,1010.0,962.0,1010.0,1013.0,1013.0,673.0,289.0,707.0,303.0
2.0,1873.0,1009.0,963.0,1013.0,1012.0,1012.0,674.0,289.0,706.0,303.0
2.0,1877.0,1003.0,963.0,1012.0,1003.0,1003.0,674.0,289.0,703.0,300.0
2.0,1886.0,987.0,964.0,1003.0,990.0,990.0,675.0,289.0,691.0,296.0
2.0,1902.0,977.0,964.0,990.0,977.0,977.0,675.0,289.0,683.0,294.0
2.0,1915.0,958.0,966.0,977.0,964.0,964.0,676.0,290.0,671.0,287.0
2.0,1934.0,953.0,966.0,964.0,953.0,953.0,676.0,290.0,668.0,285.0
2.0,1945.0,948.0,967.0,953.0,951.0,951.0,677.0,290.0,664.0,284.0
2.0,1950.0,957.0,967.0,951.0,957.0,957.0,677.0,290.0,671.0,286.0
2.0,1944.0,970.0,968.0,957.0,973.0,973.0,678.0,290.0,677.0,293.0
2.0,1931.0,987.0,968.0,973.0,987.0,987.0,678.0,290.0,692.0,295.0
2.0,1917.0,1000.0,969.0,987.0,1003.0,1003.0,678.0,291.0,700.0,300.0
2.0,1904.0,1016.0,970.0,1003.0,1019.0,1019.0,679.0,291.0,712.0,304.0
2.0,1891.0,1018.0,970.0,1019.0,1018.0,1018.0,679.0,291.0,713.0,305.0
2.0,1892.0,1023.0,971.0,1018.0,1026.0,1026.0,680.0,291.0,715.0,308.0
2.0,1887.0,1009.0,972.0,1026.0,1012.0,1012.0,680.0,292.0,706.0,303.0
2.0,1904.0,996.0,973.0,1012.0,999.0,999.0,681.0,292.0,697.0,299.0
2.0,1920.0,983.0,973.0,999.0,983.0,983.0,681.0,292.0,689.0,294.0
2.0,1936.0,967.0,974.0,983.0,970.0,970.0,682.0,292.0,677.0,290.0
2.0,1952.0,964.0,974.0,970.0,964.0,964.0,682.0,292.0,674.0,290.0
2.0,1958.0,957.0,975.0,964.0,960.0,960.0,683.0,292.0,670.0,287.0
2.0,1965.0,967.0,976.0,960.0,970.0,970.0,683.0,293.0,678.0,289.0
2.0,1958.0,976.0,977.0,970.0,979.0,979.0,684.0,293.0,683.0,293.0
2.0,1952.0,996.0,977.0,979.0,996.0,996.0,684.0,293.0,698.0,298.0
2.0,1935.0,1011.0,978.0,996.0,1014.0,1014.0,685.0,293.0,706.0,305.0
2.0,1920.0,1024.0,979.0,1014.0,1027.0,1027.0,685.0,294.0,718.0,306.0
2.0,1910.0,1027.0,980.0,1027.0,1030.0,1030.0,686.0,294.0,719.0,308.0
2.0,1910.0,1029.0,980.0,1030.0,1029.0,1029.0,686.0,294.0,721.0,308.0
2.0,1911.0,1017.0,980.0,1029.0,1017.0,1017.0,686.0,294.0,712.0,305.0
2.0,1923.0,1010.0,981.0,1017.0,1013.0,1013.0,687.0,294.0,706.0,304.0
2.0,1930.0,989.0,981.0,1013.0,989.0,989.0,687.0,294.0,692.0,297.0
2.0,1954.0,976.0,983.0,989.0,982.0,982.0,688.0,295.0,683.0,293.0
2.0,1967.0,970.0,983.0,982.0,970.0,970.0,688.0,295.0,680.0,290.0
2.0,1979.0,966.0,984.0,970.0,969.0,969.0,689.0,295.0,676.0,290.0
2.0,1983.0,979.0,984.0,969.0,979.0,979.0,689.0,295.0,684.0,295.0
2.0,1973.0,984.0,986.0,979.0,990.0,990.0,690.0,296.0,689.0,295.0
2.0,1968.0,1004.0,986.0,990.0,1004.0,1004.0,690.0,296.0,704.0,300.0
2.0,1954.0,1017.0,987.0,1004.0,1020.0,1020.0,691.0,296.0,712.0,305.0
2.0,1941.0,1033.0,987.0,1020.0,1033.0,1033.0,691.0,296.0,724.0,309.0
2.0,1928.0,1039.0,988.0,1033.0,1042.0,1042.0,692.0,296.0,725.0,314.0
2.0,1922.0,1037.0,989.0,1042.0,1040.0,1040.0,692.0,297.0,727.0,310.0
2.0,1927.0,1026.0,989.0,1040.0,1026.0,1026.0,692.0,297.0,718.0,308.0
2.0,1941.0,1016.0,990.0,1026.0,1019.0,1019.0,693.0,297.0,712.0,304.0
2.0,1951.0,997.0,990.0,1019.0,997.0,997.0,693.0,297.0,698.0,299.0
2.0,1973.0,987.0,991.0,997.0,990.0,990.0,694.0,297.0,689.0,298.0
2.0,1983.0,979.0,992.0,990.0,982.0,982.0,694.0,298.0,686.0,293.0
2.0,1994.0,974.0,993.0,982.0,977.0,977.0,695.0,298.0,682.0,292.0
2.0,2002.0,984.0,993.0,977.0,984.0,984.0,695.0,298.0,690.0,294.0
2.0,1995.0,994.0,994.0,984.0,997.0,997.0,696.0,298.0,696.0,298.0
2.0,1985.0,1016.0,994.0,997.0,1016.0,1016.0,696.0,298.0,710.0,306.0
2.0,1966.0,1026.0,995.0,1016.0,1029.0,1029.0,697.0,298.0,718.0,308.0
2.0,1956.0,1041.0,996.0,1029.0,1044.0,1044.0,697.0,299.0,730.0,311.0
2.0,1944.0,1044.0,997.0,1044.0,1047.0,1047.0,698.0,299.0,731.0,313.0
2.0,1944.0,1047.0,997.0,1047.0,1047.0,1047.0,698.0,299.0,734.0,313.0
2.0,1944.0,1037.0,998.0,1047.0,1040.0,1040.0,699.0,299.0,724.0,313.0
2.0,1954.0,1024.0,999.0,1040.0,1027.0,1027.0,699.0,300.0,718.0,306.0
2.0,1970.0,1006.0,999.0,1027.0,1006.0,1006.0,699.0,300.0,704.0,302.0
2.0,1991.0,996.0,1000.0,1006.0,999.0,999.0,700.0,300.0,698.0,298.0
2.0,2001.0,984.0,1000.0,999.0,984.0,984.0,700.0,300.0,689.0,295.0
2.0,2016.0,986.0,1001.0,984.0,989.0,989.0,701.0,300.0,688.0,298.0
2.0,2014.0,993.0,1002.0,989.0,996.0,996.0,701.0,301.0,696.0,297.0
2.0,2010.0,1003.0,1003.0,996.0,1006.0,1006.0,702.0,301.0,702.0,301.0
2.0,2003.0,1021.0,1003.0,1006.0,1021.0,1021.0,702.0,301.0,716.0,305.0
2.0,1988.0,1034.0,1004.0,1021.0,1037.0,1037.0,703.0,301.0,724.0,310.0
2.0,1975.0,1053.0,1004.0,1037.0,1053.0,1053.0,703.0,301.0,736.0,317.0
2.0,1959.0,1053.0,1006.0,1053.0,1059.0,1059.0,704.0,302.0,737.0,316.0
2.0,1959.0,1056.0,1006.0,1059.0,1056.0,1056.0,704.0,302.0,740.0,316.0
2.0,1962.0,1044.0,1007.0,1056.0,1047.0,1047.0,705.0,302.0,731.0,313.0
2.0,1974.0,1036.0,1007.0,1047.0,1036.0,1036.0,705.0,302.0,724.0,312.0
2.0,1985.0,1014.0,1008.0,1036.0,1017.0,1017.0,706.0,302.0,710.0,304.0
2.0,2007.0,1004.0,1009.0,1017.0,1007.0,1007.0,706.0,303.0,704.0,300.0
2.0,2020.0,993.0,1009.0,1007.0,993.0,993.0,706.0,303.0,695.0,298.0
2.0,2034.0,994.0,1010.0,993.0,997.0,997.0,707.0,303.0,697.0,297.0
2.0,2033.0,998.0,1010.0,997.0,998.0,998.0,707.0,303.0,699.0,299.0
2.0,2032.0,1014.0,1011.0,998.0,1017.0,1017.0,708.0,303.0,708.0,306.0
2.0,2016.0,1030.0,1012.0,1017.0,1033.0,1033.0,708.0,304.0,722.0,308.0
2.0,2003.0,1043.0,1013.0,1033.0,1046.0,1046.0,709.0,304.0,730.0,313.0
2.0,1993.0,1059.0,1013.0,1046.0,1059.0,1059.0,709.0,304.0,742.0,317.0
2.0,1980.0,1061.0,1014.0,1059.0,1064.0,1064.0,710.0,304.0,743.0,318.0
2.0,1978.0,1067.0,1014.0,1064.0,1067.0,1067.0,710.0,304.0,746.0,321.0
2.0,1975.0,1053.0,1016.0,1067.0,1059.0,1059.0,711.0,305.0,737.0,316.0
2.0,1989.0,1042.0,1016.0,1059.0,1042.0,1042.0,711.0,305.0,730.0,312.0
2.0,2006.0,1024.0,1017.0,1042.0,1027.0,1027.0,712.0,305.0,717.0,307.0
2.0,2024.0,1013.0,1017.0,1027.0,1013.0,1013.0,712.0,305.0,710.0,303.0
2.0,2038.0,1004.0,1018.0,1013.0,1007.0,1007.0,713.0,305.0,701.0,303.0
2.0,2047.0,1003.0,1019.0,1007.0,1006.0,1006.0,713.0,306.0,703.0,300.0
2.0,2051.0,1007.0,1019.0,1006.0,1007.0,1007.0,713.0,306.0,705.0,302.0
2.0,2050.0,1023.0,1020.0,1007.0,1026.0,1026.0,714.0,306.0,717.0,306.0
2.0,2034.0,1036.0,1020.0,1026.0,1036.0,1036.0,714.0,306.0,725.0,311.0
2.0,2024.0,1057.0,1021.0,1036.0,1060.0,1060.0,715.0,306.0,739.0,318.0
2.0,2003.0,1064.0,1021.0,1060.0,1064.0,1064.0,715.0,306.0,745.0,319.0
2.0,1999.0,1070.0,1023.0,1064.0,1076.0,1076.0,716.0,307.0,749.0,321.0
2.0,1993.0,1073.0,1023.0,1076.0,1073.0,1073.0,716.0,307.0,752.0,321.0
2.0,1996.0,1061.0,1024.0,1073.0,1064.0,1064.0,717.0,307.0,743.0,318.0
2.0,2008.0,1053.0,1024.0,1064.0,1053.0,1053.0,717.0,307.0,736.0,317.0
2.0,2019.0,1033.0,1026.0,1053.0,1039.0,1039.0,718.0,308.0,723.0,310.0
2.0,2039.0,1022.0,1026.0,1039.0,1022.0,1022.0,718.0,308.0,716.0,306.0
2.0,2056.0,1010.0,1027.0,1022.0,1013.0,1013.0,719.0,308.0,707.0,303.0
2.0,2068.0,1012.0,1027.0,1013.0,1012.0,1012.0,719.0,308.0,709.0,303.0
2.0,2069.0,1019.0,1028.0,1012.0,1022.0,1022.0,720.0,308.0,711.0,308.0
2.0,2062.0,1031.0,1029.0,1022.0,1034.0,1034.0,720.0,309.0,723.0,308.0
2.0,2053.0,1044.0,1029.0,1034.0,1044.0,1044.0,720.0,309.0,731.0,313.0
2.0,2043.0,1063.0,1030.0,1044.0,1066.0,1066.0,721.0,309.0,745.0,318.0
2.0,2024.0,1073.0,1030.0,1066.0,1073.0,1073.0,721.0,309.0,751.0,322.0
2.0,2017.0,1082.0,1031.0,1073.0,1085.0,1085.0,722.0,309.0,755.0,327.0
2.0,2008.0,1081.0,1032.0,1085.0,1084.0,1084.0,722.0,310.0,758.0,323.0
2.0,2012.0,1070.0,1033.0,1084.0,1073.0,1073.0,723.0,310.0,749.0,321.0
2.0,2026.0,1059.0,1033.0,1073.0,1059.0,1059.0,723.0,310.0,742.0,317.0
2.0,2040.0,1044.0,1034.0,1059.0,1047.0,1047.0,724.0,310.0,729.0,315.0
2.0,2055.0,1030.0,1034.0,1047.0,1030.0,1030.0,724.0,310.0,722.0,308.0
2.0,2072.0,1019.0,1036.0,1030.0,1025.0,1025.0,725.0,311.0,713.0,306.0
2.0,2083.0,1021.0,1036.0,1025.0,1021.0,1021.0,725.0,311.0,716.0,305.0
2.0,2087.0,1024.0,1037.0,1021.0,1027.0,1027.0,726.0,311.0,717.0,307.0
2.0,2084.0,1040.0,1037.0,1027.0,1040.0,1040.0,726.0,311.0,729.0,311.0
2.0,2071.0,1056.0,1038.0,1040.0,1059.0,1059.0,727.0,311.0,737.0,319.0
2.0,2055.0,1072.0,1039.0,1059.0,1075.0,1075.0,727.0,312.0,751.0,321.0
2.0,2042.0,1081.0,1039.0,1075.0,1081.0,1081.0,727.0,312.0,757.0,324.0
2.0,2036.0,1091.0,1040.0,1081.0,1094.0,1094.0,728.0,312.0,765.0,326.0
2.0,2026.0,1087.0,1040.0,1094.0,1087.0,1087.0,728.0,312.0,761.0,326.0
2.0,2033.0,1081.0,1041.0,1087.0,1084.0,1084.0,729.0,312.0,755.0,326.0
2.0,2039.0,1067.0,1041.0,1084.0,1067.0,1067.0,729.0,312.0,748.0,319.0
2.0,2056.0,1050.0,1043.0,1067.0,1056.0,1056.0,730.0,313.0,735.0,315.0
2.0,2073.0,1039.0,1043.0,1056.0,1039.0,1039.0,730.0,313.0,728.0,311.0
2.0,2090.0,1027.0,1044.0,1039.0,1030.0,1030.0,731.0,313.0,719.0,308.0
2.0,2102.0,1033.0,1044.0,1030.0,1033.0,1033.0,731.0,313.0,722.0,311.0
2.0,2099.0,1033.0,1046.0,1033.0,1039.0,1039.0,732.0,314.0,723.0,310.0
2.0,2099.0,1049.0,1046.0,1039.0,1049.0,1049.0,732.0,314.0,735.0,314.0
2.0,2089.0,1061.0,1047.0,1049.0,1064.0,1064.0,733.0,314.0,743.0,318.0
2.0,2077.0,1083.0,1047.0,1064.0,1083.0,1083.0,733.0,314.0,757.0,326.0
2.0,2058.0,1090.0,1048.0,1083.0,1093.0,1093.0,734.0,314.0,763.0,327.0
2.0,2051.0,1100.0,1049.0,1093.0,1103.0,1103.0,734.0,315.0,771.0,329.0
2.0,2044.0,1096.0,1049.0,1103.0,1096.0,1096.0,734.0,315.0,767.0,329.0
2.0,2051.0,1090.0,1050.0,1096.0,1093.0,1093.0,735.0,315.0,764.0,326.0
2.0,2057.0,1074.0,1050.0,1093.0,1074.0,1074.0,735.0,315.0,752.0,322.0
2.0,2076.0,1061.0,1051.0,1074.0,1064.0,1064.0,736.0,315.0,741.0,320.0
2.0,2089.0,1047.0,1052.0,1064.0,1050.0,1050.0,736.0,316.0,734.0,313.0
2.0,2106.0,1036.0,1053.0,1050.0,1039.0,1039.0,737.0,316.0,725.0,311.0
2.0,2120.0,1038.0,1053.0,1039.0,1038.0,1038.0,737.0,316.0,728.0,310.0
2.0,2121.0,1041.0,1054.0,1038.0,1044.0,1044.0,738.0,316.0,729.0,312.0
2.0,2118.0,1060.0,1054.0,1044.0,1060.0,1060.0,738.0,316.0,741.0,319.0
2.0,2102.0,1070.0,1055.0,1060.0,1073.0,1073.0,739.0,316.0,749.0,321.0
2.0,2092.0,1089.0,1056.0,1073.0,1092.0,1092.0,739.0,317.0,763.0,326.0
2.0,2076.0,1099.0,1057.0,1092.0,1102.0,1102.0,740.0,317.0,769.0,330.0
2.0,2069.0,1108.0,1057.0,1102.0,1108.0,1108.0,740.0,317.0,777.0,331.0
2.0,2063.0,1107.0,1058.0,1108.0,1110.0,1110.0,741.0,317.0,773.0,334.0
2.0,2064.0,1099.0,1059.0,1110.0,1102.0,1102.0,741.0,318.0,770.0,329.0
2.0,2075.0,1083.0,1059.0,1102.0,1083.0,1083.0,741.0,318.0,758.0,325.0
2.0,2094.0,1070.0,1060.0,1083.0,1073.0,1073.0,742.0,318.0,750.0,320.0
2.0,2107.0,1054.0,1060.0,1073.0,1054.0,1054.0,742.0,318.0,738.0,316.0
2.0,2126.0,1047.0,1061.0,1054.0,1050.0,1050.0,743.0,318.0,731.0,316.0
2.0,2133.0,1047.0,1061.0,1050.0,1047.0,1047.0,743.0,318.0,734.0,313.0
2.0,2136.0,1050.0,1063.0,1047.0,1056.0,1056.0,744.0,319.0,735.0,315.0
2.0,2133.0,1066.0,1063.0,1056.0,1066.0,1066.0,744.0,319.0,747.0,319.0
2.0,2123.0,1079.0,1064.0,1066.0,1082.0,1082.0,745.0,319.0,755.0,324.0
2.0,2110.0,1100.0,1064.0,1082.0,1100.0,1100.0,745.0,319.0,769.0,331.0
2.0,2092.0,1107.0,1066.0,1100.0,1113.0,1113.0,746.0,320.0,775.0,332.0
2.0,2085.0,1117.0,1066.0,1113.0,1117.0,1117.0,746.0,320.0,783.0,334.0
2.0,2081.0,1113.0,1067.0,1117.0,1116.0,1116.0,747.0,320.0,779.0,334.0
2.0,2085.0,1107.0,1067.0,1116.0,1107.0,1107.0,747.0,320.0,776.0,331.0
2.0,2094.0,1094.0,1068.0,1107.0,1097.0,1097.0,748.0,320.0,764.0,330.0
2.0,2107.0,1079.0,1068.0,1097.0,1079.0,1079.0,748.0,320.0,756.0,323.0
2.0,2125.0,1063.0,1069.0,1079.0,1066.0,1066.0,748.0,321.0,744.0,319.0
2.0,2141.0,1057.0,1070.0,1066.0,1060.0,1060.0,749.0,321.0,741.0,316.0
2.0,2150.0,1053.0,1070.0,1060.0,1053.0,1053.0,749.0,321.0,737.0,316.0
2.0,2157.0,1062.0,1071.0,1053.0,1065.0,1065.0,750.0,321.0,741.0,321.0
2.0,2148.0,1074.0,1072.0,1065.0,1077.0,1077.0,750.0,322.0,753.0,321.0
2.0,2139.0,1087.0,1073.0,1077.0,1090.0,1090.0,751.0,322.0,761.0,326.0
2.0,2129.0,1107.0,1073.0,1090.0,1107.0,1107.0,751.0,322.0,776.0,331.0
2.0,2112.0,1116.0,1074.0,1107.0,1119.0,1119.0,752.0,322.0,781.0,335.0
2.0,2103.0,1129.0,1074.0,1119.0,1129.0,1129.0,752.0,322.0,789.0,340.0
2.0,2093.0,1121.0,1076.0,1129.0,1127.0,1127.0,753.0,323.0,785.0,336.0
2.0,2101.0,1116.0,1076.0,1127.0,1116.0,1116.0,753.0,323.0,782.0,334.0
2.0,2112.0,1100.0,1077.0,1116.0,1103.0,1103.0,754.0,323.0,770.0,330.0
2.0,2128.0,1087.0,1077.0,1103.0,1087.0,1087.0,754.0,323.0,762.0,325.0
2.0,2144.0,1074.0,1078.0,1087.0,1077.0,1077.0,755.0,323.0,750.0,324.0
2.0,2157.0,1066.0,1079.0,1077.0,1069.0,1069.0,755.0,324.0,747.0,319.0
2.0,2168.0,1061.0,1080.0,1069.0,1064.0,1064.0,756.0,324.0,743.0,318.0
2.0,2176.0,1070.0,1080.0,1064.0,1070.0,1070.0,756.0,324.0,750.0,320.0
2.0,2170.0,1080.0,1080.0,1070.0,1080.0,1080.0,756.0,324.0,756.0,324.0
2.0,2160.0,1102.0,1081.0,1080.0,1105.0,1105.0,757.0,324.0,770.0,332.0
2.0,2138.0,1113.0,1081.0,1105.0,1113.0,1113.0,757.0,324.0,779.0,334.0
2.0,2130.0,1124.0,1083.0,1113.0,1130.0,1130.0,758.0,325.0,787.0,337.0
2.0,2119.0,1134.0,1083.0,1130.0,1134.0,1134.0,758.0,325.0,795.0,339.0
2.0,2115.0,1130.0,1084.0,1134.0,1133.0,1133.0,759.0,325.0,791.0,339.0
2.0,2119.0,1127.0,1084.0,1133.0,1127.0,1127.0,759.0,325.0,788.0,339.0
2.0,2125.0,1108.0,1086.0,1127.0,1114.0,1114.0,760.0,326.0,776.0,332.0
2.0,2144.0,1096.0,1086.0,1114.0,1096.0,1096.0,760.0,326.0,768.0,328.0
2.0,2162.0,1080.0,1087.0,1096.0,1083.0,1083.0,761.0,326.0,756.0,324.0
2.0,2178.0,1074.0,1087.0,1083.0,1074.0,1074.0,761.0,326.0,753.0,321.0
2.0,2187.0,1073.0,1088.0,1074.0,1076.0,1076.0,762.0,326.0,749.0,324.0
2.0,2188.0,1079.0,1089.0,1076.0,1082.0,1082.0,762.0,327.0,756.0,323.0
2.0,2185.0,1089.0,1089.0,1082.0,1089.0,1089.0,762.0,327.0,762.0,327.0
2.0,2178.0,1107.0,1090.0,1089.0,1110.0,1110.0,763.0,327.0,776.0,331.0
2.0,2160.0,1121.0,1090.0,1110.0,1121.0,1121.0,763.0,327.0,785.0,336.0
2.0,2149.0,1140.0,1091.0,1121.0,1143.0,1143.0,764.0,327.0,797.0,343.0
2.0,2130.0,1140.0,1092.0,1143.0,1143.0,1143.0,764.0,328.0,798.0,342.0
2.0,2133.0,1139.0,1093.0,1143.0,1142.0,1142.0,765.0,328.0,797.0,342.0
2.0,2137.0,1133.0,1093.0,1142.0,1133.0,1133.0,765.0,328.0,794.0,339.0
2.0,2146.0,1120.0,1094.0,1133.0,1123.0,1123.0,766.0,328.0,782.0,338.0
2.0,2159.0,1104.0,1094.0,1123.0,1104.0,1104.0,766.0,328.0,774.0,330.0
2.0,2178.0,1088.0,1096.0,1104.0,1094.0,1094.0,767.0,329.0,762.0,326.0
2.0,2194.0,1083.0,1096.0,1094.0,1083.0,1083.0,767.0,329.0,759.0,324.0
2.0,2205.0,1078.0,1097.0,1083.0,1081.0,1081.0,768.0,329.0,755.0,323.0
2.0,2210.0,1087.0,1097.0,1081.0,1087.0,1087.0,768.0,329.0,762.0,325.0
2.0,2204.0,1100.0,1098.0,1087.0,1103.0,1103.0,769.0,329.0,768.0,332.0
2.0,2191.0,1117.0,1099.0,1103.0,1120.0,1120.0,769.0,330.0,783.0,334.0
2.0,2177.0,1130.0,1100.0,1120.0,1133.0,1133.0,770.0,330.0,791.0,339.0
2.0,2167.0,1146.0,1100.0,1133.0,1146.0,1146.0,770.0,330.0,803.0,343.0
2.0,2154.0,1148.0,1100.0,1146.0,1148.0,1148.0,770.0,330.0,804.0,344.0
2.0,2152.0,1153.0,1101.0,1148.0,1156.0,1156.0,771.0,330.0,806.0,347.0
2.0,2147.0,1139.0,1102.0,1156.0,1142.0,1142.0,771.0,331.0,797.0,342.0
2.0,2164.0,1126.0,1103.0,1142.0,1129.0,1129.0,772.0,331.0,788.0,338.0
2.0,2180.0,1113.0,1103.0,1129.0,1113.0,1113.0,772.0,331.0,780.0,333.0
2.0,2196.0,1097.0,1104.0,1113.0,1100.0,1100.0,773.0,331.0,768.0,329.0
2.0,2212.0,1094.0,1104.0,1100.0,1094.0,1094.0,773.0,331.0,765.0,329.0
2.0,2218.0,1087.0,1106.0,1094.0,1093.0,1093.0,774.0,332.0,761.0,326.0
2.0,2225.0,1097.0,1106.0,1093.0,1097.0,1097.0,774.0,332.0,769.0,328.0
2.0,2221.0,1106.0,1107.0,1097.0,1109.0,1109.0,775.0,332.0,774.0,332.0
2.0,2212.0,1126.0,1107.0,1109.0,1126.0,1126.0,775.0,332.0,789.0,337.0
2.0,2195.0,1141.0,1108.0,1126.0,1144.0,1144.0,776.0,332.0,797.0,344.0
2.0,2180.0,1154.0,1108.0,1144.0,1154.0,1154.0,776.0,332.0,809.0,345.0
2.0,2170.0,1157.0,1109.0,1154.0,1160.0,1160.0,776.0,333.0,810.0,347.0
2.0,2167.0,1159.0,1110.0,1160.0,1162.0,1162.0,777.0,333.0,812.0,347.0
2.0,2168.0,1147.0,1110.0,1162.0,1147.0,1147.0,777.0,333.0,803.0,344.0
2.0,2183.0,1137.0,1111.0,1147.0,1140.0,1140.0,778.0,333.0,794.0,343.0
2.0,2193.0,1122.0,1112.0,1140.0,1125.0,1125.0,778.0,334.0,786.0,336.0
2.0,2211.0,1106.0,1113.0,1125.0,1109.0,1109.0,779.0,334.0,774.0,332.0
2.0,2230.0,1100.0,1113.0,1109.0,1100.0,1100.0,779.0,334.0,771.0,329.0
2.0,2239.0,1096.0,1114.0,1100.0,1099.0,1099.0,780.0,334.0,767.0,329.0
2.0,2243.0,1109.0,1114.0,1099.0,1109.0,1109.0,780.0,334.0,775.0,334.0
2.0,2233.0,1114.0,1116.0,1109.0,1120.0,1120.0,781.0,335.0,780.0,334.0
2.0,2228.0,1134.0,1116.0,1120.0,1134.0,1134.0,781.0,335.0,795.0,339.0
2.0,2214.0,1147.0,1117.0,1134.0,1150.0,1150.0,782.0,335.0,803.0,344.0
2.0,2201.0,1163.0,1117.0,1150.0,1163.0,1163.0,782.0,335.0,815.0,348.0
2.0,2188.0,1169.0,1118.0,1163.0,1172.0,1172.0,783.0,335.0,816.0,353.0
2.0,2182.0,1167.0,1119.0,1172.0,1170.0,1170.0,783.0,336.0,818.0,349.0
2.0,2187.0,1156.0,1119.0,1170.0,1156.0,1156.0,783.0,336.0,809.0,347.0
2.0,2201.0,1146.0,1120.0,1156.0,1149.0,1149.0,784.0,336.0,803.0,343.0
2.0,2211.0,1130.0,1120.0,1149.0,1130.0,1130.0,784.0,336.0,789.0,341.0
2.0,2230.0,1114.0,1121.0,1130.0,1117.0,1117.0,785.0,336.0,780.0,334.0
2.0,2246.0,1109.0,1122.0,1117.0,1112.0,1112.0,785.0,337.0,777.0,332.0
2.0,2254.0,1104.0,1123.0,1112.0,1107.0,1107.0,786.0,337.0,773.0,331.0
2.0,2262.0,1114.0,1123.0,1107.0,1114.0,1114.0,786.0,337.0,781.0,333.0
2.0,2255.0,1124.0,1124.0,1114.0,1127.0,1127.0,787.0,337.0,787.0,337.0
2.0,2245.0,1146.0,1124.0,1127.0,1146.0,1146.0,787.0,337.0,801.0,345.0
2.0,2226.0,1156.0,1126.0,1146.0,1162.0,1162.0,788.0,338.0,809.0,347.0
2.0,2216.0,1171.0,1126.0,1162.0,1171.0,1171.0,788.0,338.0,821.0,350.0
2.0,2207.0,1174.0,1127.0,1171.0,1177.0,1177.0,789.0,338.0,822.0,352.0
2.0,2204.0,1177.0,1127.0,1177.0,1177.0,1177.0,789.0,338.0,825.0,352.0
2.0,2204.0,1167.0,1128.0,1177.0,1170.0,1170.0,790.0,338.0,815.0,352.0
2.0,2214.0,1154.0,1128.0,1170.0,1154.0,1154.0,790.0,338.0,809.0,345.0
2.0,2230.0,1136.0,1129.0,1154.0,1139.0,1139.0,790.0,339.0,795.0,341.0
2.0,2248.0,1126.0,1130.0,1139.0,1129.0,1129.0,791.0,339.0,789.0,337.0
2.0,2261.0,1114.0,1130.0,1129.0,1114.0,1114.0,791.0,339.0,780.0,334.0
2.0,2276.0,1116.0,1131.0,1114.0,1119.0,1119.0,792.0,339.0,779.0,337.0
2.0,2274.0,1123.0,1132.0,1119.0,1126.0,1126.0,792.0,340.0,787.0,336.0
2.0,2270.0,1133.0,1133.0,1126.0,1136.0,1136.0,793.0,340.0,793.0,340.0
2.0,2263.0,1151.0,1133.0,1136.0,1151.0,1151.0,793.0,340.0,807.0,344.0
2.0,2248.0,1167.0,1134.0,1151.0,1170.0,1170.0,794.0,340.0,815.0,352.0
2.0,2232.0,1180.0,1134.0,1170.0,1180.0,1180.0,794.0,340.0,827.0,353.0
2.0,2222.0,1183.0,1136.0,1180.0,1189.0,1189.0,795.0,341.0,828.0,355.0
2.0,2219.0,1186.0,1136.0,1189.0,1186.0,1186.0,795.0,341.0,831.0,355.0
2.0,2222.0,1174.0,1137.0,1186.0,1177.0,1177.0,796.0,341.0,822.0,352.0
2.0,2234.0,1163.0,1137.0,1177.0,1163.0,1163.0,796.0,341.0,815.0,348.0
2.0,2248.0,1147.0,1138.0,1163.0,1150.0,1150.0,797.0,341.0,801.0,346.0
2.0,2264.0,1134.0,1139.0,1150.0,1137.0,1137.0,797.0,342.0,795.0,339.0
2.0,2280.0,1123.0,1139.0,1137.0,1123.0,1123.0,797.0,342.0,786.0,337.0
2.0,2294.0,1124.0,1140.0,1123.0,1127.0,1127.0,798.0,342.0,788.0,336.0
2.0,2293.0,1128.0,1140.0,1127.0,1128.0,1128.0,798.0,342.0,790.0,338.0
2.0,2292.0,1147.0,1141.0,1128.0,1150.0,1150.0,799.0,342.0,802.0,345.0
2.0,2273.0,1157.0,1141.0,1150.0,1157.0,1157.0,799.0,342.0,810.0,347.0
2.0,2266.0,1173.0,1143.0,1157.0,1179.0,1179.0,800.0,343.0,821.0,352.0
2.0,2250.0,1189.0,1143.0,1179.0,1189.0,1189.0,800.0,343.0,833.0,356.0
2.0,2240.0,1191.0,1144.0,1189.0,1194.0,1194.0,801.0,343.0,834.0,357.0
2.0,2238.0,1197.0,1144.0,1194.0,1197.0,1197.0,801.0,343.0,837.0,360.0
2.0,2235.0,1183.0,1146.0,1197.0,1189.0,1189.0,802.0,344.0,828.0,355.0
2.0,2249.0,1172.0,1146.0,1189.0,1172.0,1172.0,802.0,344.0,821.0,351.0
2.0,2266.0,1154.0,1147.0,1172.0,1157.0,1157.0,803.0,344.0,808.0,346.0
2.0,2284.0,1143.0,1147.0,1157.0,1143.0,1143.0,803.0,344.0,801.0,342.0
2.0,2298.0,1134.0,1148.0,1143.0,1137.0,1137.0,804.0,344.0,792.0,342.0
2.0,2307.0,1133.0,1148.0,1137.0,1133.0,1133.0,804.0,344.0,794.0,339.0
2.0,2311.0,1137.0,1149.0,1133.0,1140.0,1140.0,804.0,345.0,796.0,341.0
2.0,2307.0,1153.0,1150.0,1140.0,1156.0,1156.0,805.0,345.0,808.0,345.0
2.0,2294.0,1166.0,1150.0,1156.0,1166.0,1166.0,805.0,345.0,816.0,350.0
2.0,2284.0,1184.0,1151.0,1166.0,1187.0,1187.0,806.0,345.0,827.0,357.0
2.0,2266.0,1197.0,1152.0,1187.0,1200.0,1200.0,806.0,346.0,839.0,358.0
2.0,2256.0,1200.0,1153.0,1200.0,1203.0,1203.0,807.0,346.0,840.0,360.0
2.0,2256.0,1203.0,1153.0,1203.0,1203.0,1203.0,807.0,346.0,843.0,360.0
2.0,2256.0,1191.0,1154.0,1203.0,1194.0,1194.0,808.0,346.0,834.0,357.0
2.0,2268.0,1183.0,1154.0,1194.0,1183.0,1183.0,808.0,346.0,827.0,356.0
2.0,2279.0,1163.0,1155.0,1183.0,1166.0,1166.0,809.0,346.0,814.0,349.0
2.0,2299.0,1152.0,1156.0,1166.0,1155.0,1155.0,809.0,347.0,807.0,345.0
2.0,2313.0,1140.0,1157.0,1155.0,1143.0,1143.0,810.0,347.0,798.0,342.0
2.0,2328.0,1143.0,1157.0,1143.0,1143.0,1143.0,810.0,347.0,801.0,342.0
2.0,2328.0,1149.0,1158.0,1143.0,1152.0,1152.0,811.0,347.0,802.0,347.0
2.0,2322.0,1161.0,1159.0,1152.0,1164.0,1164.0,811.0,348.0,814.0,347.0
2.0,2313.0,1174.0,1160.0,1164.0,1177.0,1177.0,812.0,348.0,822.0,352.0
2.0,2303.0,1193.0,1160.0,1177.0,1193.0,1193.0,812.0,348.0,836.0,357.0
2.0,2287.0,1203.0,1160.0,1193.0,1203.0,1203.0,812.0,348.0,842.0,361.0
2.0,2277.0,1216.0,1161.0,1203.0,1219.0,1219.0,813.0,348.0,850.0,366.0
2.0,2264.0,1208.0,1162.0,1219.0,1211.0,1211.0,813.0,349.0,846.0,362.0
2.0,2275.0,1200.0,1163.0,1211.0,1203.0,1203.0,814.0,349.0,840.0,360.0
2.0,2286.0,1189.0,1163.0,1203.0,1189.0,1189.0,814.0,349.0,833.0,356.0
2.0,2300.0,1171.0,1164.0,1189.0,1174.0,1174.0,815.0,349.0,820.0,351.0
2.0,2318.0,1163.0,1164.0,1174.0,1163.0,1163.0,815.0,349.0,813.0,350.0
2.0,2329.0,1149.0,1166.0,1163.0,1155.0,1155.0,816.0,350.0,804.0,345.0
2.0,2343.0,1151.0,1166.0,1155.0,1151.0,1151.0,816.0,350.0,807.0,344.0
2.0,2347.0,1154.0,1167.0,1151.0,1157.0,1157.0,817.0,350.0,808.0,346.0
2.0,2344.0,1170.0,1167.0,1157.0,1170.0,1170.0,817.0,350.0,820.0,350.0
2.0,2331.0,1186.0,1168.0,1170.0,1189.0,1189.0,818.0,350.0,828.0,358.0
2.0,2315.0,1202.0,1168.0,1189.0,1202.0,1202.0,818.0,350.0,842.0,360.0
2.0,2302.0,1211.0,1169.0,1202.0,1214.0,1214.0,818.0,351.0,848.0,363.0
2.0,2293.0,1221.0,1170.0,1214.0,1224.0,1224.0,819.0,351.0,856.0,365.0
2.0,2286.0,1217.0,1170.0,1224.0,1217.0,1217.0,819.0,351.0,852.0,365.0
2.0,2293.0,1214.0,1171.0,1217.0,1217.0,1217.0,820.0,351.0,849.0,365.0
2.0,2296.0,1194.0,1172.0,1217.0,1197.0,1197.0,820.0,352.0,836.0,358.0
2.0,2319.0,1180.0,1173.0,1197.0,1183.0,1183.0,821.0,352.0,826.0,354.0
2.0,2336.0,1169.0,1173.0,1183.0,1169.0,1169.0,821.0,352.0,819.0,350.0
2.0,2350.0,1157.0,1174.0,1169.0,1160.0,1160.0,822.0,352.0,810.0,347.0
2.0,2362.0,1163.0,1174.0,1160.0,1163.0,1163.0,822.0,352.0,813.0,350.0
2.0,2359.0,1163.0,1176.0,1163.0,1169.0,1169.0,823.0,353.0,814.0,349.0
2.0,2359.0,1179.0,1176.0,1169.0,1179.0,1179.0,823.0,353.0,826.0,353.0
2.0,2349.0,1191.0,1177.0,1179.0,1194.0,1194.0,824.0,353.0,834.0,357.0
2.0,2337.0,1210.0,1177.0,1194.0,1210.0,1210.0,824.0,353.0,848.0,362.0
2.0,2321.0,1223.0,1178.0,1210.0,1226.0,1226.0,825.0,353.0,854.0,369.0
2.0,2308.0,1230.0,1179.0,1226.0,1233.0,1233.0,825.0,354.0,862.0,368.0
2.0,2304.0,1226.0,1180.0,1233.0,1229.0,1229.0,826.0,354.0,858.0,368.0
2.0,2311.0,1220.0,1180.0,1229.0,1220.0,1220.0,826.0,354.0,855.0,365.0
2.0,2320.0,1207.0,1180.0,1220.0,1207.0,1207.0,826.0,354.0,843.0,364.0
2.0,2333.0,1191.0,1181.0,1207.0,1194.0,1194.0,827.0,354.0,835.0,356.0
2.0,2349.0,1174.0,1182.0,1194.0,1177.0,1177.0,827.0,355.0,822.0,352.0
2.0,2369.0,1166.0,1183.0,1177.0,1169.0,1169.0,828.0,355.0,816.0,350.0
2.0,2380.0,1168.0,1183.0,1169.0,1168.0,1168.0,828.0,355.0,819.0,349.0
2.0,2381.0,1171.0,1184.0,1168.0,1174.0,1174.0,829.0,355.0,820.0,351.0
2.0,2378.0,1190.0,1184.0,1174.0,1190.0,1190.0,829.0,355.0,832.0,358.0
2.0,2362.0,1200.0,1186.0,1190.0,1206.0,1206.0,830.0,356.0,840.0,360.0
2.0,2352.0,1219.0,1186.0,1206.0,1219.0,1219.0,830.0,356.0,854.0,365.0
2.0,2339.0,1229.0,1187.0,1219.0,1232.0,1232.0,831.0,356.0,860.0,369.0
2.0,2329.0,1238.0,1187.0,1232.0,1238.0,1238.0,831.0,356.0,868.0,370.0
2.0,2323.0,1237.0,1188.0,1238.0,1240.0,1240.0,832.0,356.0,864.0,373.0
2.0,2324.0,1229.0,1189.0,1240.0,1232.0,1232.0,832.0,357.0,861.0,368.0
2.0,2335.0,1213.0,1189.0,1232.0,1213.0,1213.0,832.0,357.0,849.0,364.0
2.0,2354.0,1200.0,1190.0,1213.0,1203.0,1203.0,833.0,357.0,841.0,359.0
2.0,2367.0,1184.0,1190.0,1203.0,1184.0,1184.0,833.0,357.0,829.0,355.0
2.0,2386.0,1180.0,1191.0,1184.0,1183.0,1183.0,834.0,357.0,825.0,355.0
2.0,2390.0,1174.0,1192.0,1183.0,1177.0,1177.0,834.0,358.0,822.0,352.0
2.0,2399.0,1180.0,1193.0,1177.0,1183.0,1183.0,835.0,358.0,826.0,354.0
2.0,2396.0,1196.0,1193.0,1183.0,1196.0,1196.0,835.0,358.0,838.0,358.0
2.0,2383.0,1209.0,1194.0,1196.0,1212.0,1212.0,836.0,358.0,846.0,363.0
2.0,2370.0,1230.0,1194.0,1212.0,1230.0,1230.0,836.0,358.0,860.0,370.0
2.0,2352.0,1237.0,1195.0,1230.0,1240.0,1240.0,837.0,358.0,866.0,371.0
2.0,2345.0,1247.0,1196.0,1240.0,1250.0,1250.0,837.0,359.0,874.0,373.0
2.0,2338.0,1243.0,1197.0,1250.0,1246.0,1246.0,838.0,359.0,870.0,373.0
2.0,2345.0,1237.0,1197.0,1246.0,1237.0,1237.0,838.0,359.0,867.0,370.0
2.0,2354.0,1224.0,1198.0,1237.0,1227.0,1227.0,839.0,359.0,855.0,369.0
2.0,2367.0,1209.0,1199.0,1227.0,1212.0,1212.0,839.0,360.0,847.0,362.0
2.0,2385.0,1193.0,1199.0,1212.0,1193.0,1193.0,839.0,360.0,835.0,358.0
2.0,2404.0,1187.0,1200.0,1193.0,1190.0,1190.0,840.0,360.0,832.0,355.0
2.0,2410.0,1183.0,1200.0,1190.0,1183.0,1183.0,840.0,360.0,828.0,355.0
2.0,2417.0,1195.0,1201.0,1183.0,1198.0,1198.0,841.0,360.0,835.0,360.0
2.0,2405.0,1201.0,1202.0,1198.0,1204.0,1204.0,841.0,361.0,841.0,360.0
2.0,2402.0,1217.0,1203.0,1204.0,1220.0,1220.0,842.0,361.0,852.0,365.0
2.0,2389.0,1237.0,1203.0,1220.0,1237.0,1237.0,842.0,361.0,867.0,370.0
2.0,2372.0,1246.0,1204.0,1237.0,1249.0,1249.0,843.0,361.0,872.0,374.0
2.0,2363.0,1259.0,1204.0,1249.0,1259.0,1259.0,843.0,361.0,880.0,379.0
2.0,2353.0,1251.0,1206.0,1259.0,1257.0,1257.0,844.0,362.0,876.0,375.0
2.0,2361.0,1246.0,1206.0,1257.0,1246.0,1246.0,844.0,362.0,873.0,373.0
2.0,2372.0,1230.0,1207.0,1246.0,1233.0,1233.0,845.0,362.0,861.0,369.0
2.0,2388.0,1220.0,1207.0,1233.0,1220.0,1220.0,845.0,362.0,853.0,367.0
2.0,2401.0,1201.0,1208.0,1220.0,1204.0,1204.0,846.0,362.0,841.0,360.0
2.0,2420.0,1196.0,1209.0,1204.0,1199.0,1199.0,846.0,363.0,838.0,358.0
2.0,2428.0,1191.0,1209.0,1199.0,1191.0,1191.0,846.0,363.0,834.0,357.0
2.0,2436.0,1200.0,1210.0,1191.0,1203.0,1203.0,847.0,363.0,841.0,359.0
2.0,2427.0,1210.0,1210.0,1203.0,1210.0,1210.0,847.0,363.0,847.0,363.0
2.0,2420.0,1229.0,1211.0,1210.0,1232.0,1232.0,848.0,363.0,858.0,371.0
2.0,2401.0,1246.0,1212.0,1232.0,1249.0,1249.0,848.0,364.0,873.0,373.0
2.0,2387.0,1254.0,1213.0,1249.0,1257.0,1257.0,849.0,364.0,878.0,376.0
2.0,2382.0,1264.0,1213.0,1257.0,1264.0,1264.0,849.0,364.0,886.0,378.0
2.0,2375.0,1260.0,1214.0,1264.0,1263.0,1263.0,850.0,364.0,882.0,378.0
2.0,2379.0,1257.0,1214.0,1263.0,1257.0,1257.0,850.0,364.0,879.0,378.0
2.0,2385.0,1238.0,1215.0,1257.0,1241.0,1241.0,851.0,364.0,867.0,371.0
2.0,2404.0,1226.0,1216.0,1241.0,1229.0,1229.0,851.0,365.0,859.0,367.0
2.0,2419.0,1210.0,1217.0,1229.0,1213.0,1213.0,852.0,365.0,847.0,363.0
2.0,2438.0,1204.0,1217.0,1213.0,1204.0,1204.0,852.0,365.0,844.0,360.0
2.0,2447.0,1203.0,1218.0,1204.0,1206.0,1206.0,853.0,365.0,840.0,363.0
2.0,2448.0,1209.0,1219.0,1206.0,1212.0,1212.0,853.0,366.0,847.0,362.0
2.0,2445.0,1219.0,1219.0,1212.0,1219.0,1219.0,853.0,366.0,853.0,366.0
2.0,2438.0,1237.0,1220.0,1219.0,1240.0,1240.0,854.0,366.0,867.0,370.0
2.0,2420.0,1254.0,1220.0,1240.0,1254.0,1254.0,854.0,366.0,876.0,378.0
2.0,2406.0,1267.0,1221.0,1254.0,1270.0,1270.0,855.0,366.0,888.0,379.0
2.0,2393.0,1270.0,1222.0,1270.0,1273.0,1273.0,855.0,367.0,889.0,381.0
2.0,2393.0,1269.0,1223.0,1273.0,1272.0,1272.0,856.0,367.0,888.0,381.0
2.0,2397.0,1263.0,1223.0,1272.0,1263.0,1263.0,856.0,367.0,885.0,378.0
2.0,2406.0,1247.0,1224.0,1263.0,1250.0,1250.0,857.0,367.0,873.0,374.0
2.0,2422.0,1237.0,1224.0,1250.0,1237.0,1237.0,857.0,367.0,865.0,372.0
2.0,2435.0,1218.0,1226.0,1237.0,1224.0,1224.0,858.0,368.0,853.0,365.0
2.0,2454.0,1213.0,1226.0,1224.0,1213.0,1213.0,858.0,368.0,850.0,363.0
2.0,2465.0,1208.0,1227.0,1213.0,1211.0,1211.0,859.0,368.0,846.0,362.0
2.0,2470.0,1217.0,1227.0,1211.0,1217.0,1217.0,859.0,368.0,853.0,364.0
2.0,2464.0,1230.0,1228.0,1217.0,1233.0,1233.0,860.0,368.0,859.0,371.0
2.0,2451.0,1247.0,1228.0,1233.0,1247.0,1247.0,860.0,368.0,874.0,373.0
2.0,2437.0,1260.0,1229.0,1247.0,1263.0,1263.0,860.0,369.0,882.0,378.0
2.0,2424.0,1276.0,1230.0,1263.0,1279.0,1279.0,861.0,369.0,894.0,382.0
2.0,2411.0,1278.0,1230.0,1279.0,1278.0,1278.0,861.0,369.0,895.0,383.0
2.0,2412.0,1283.0,1231.0,1278.0,1286.0,1286.0,862.0,369.0,897.0,386.0
2.0,2407.0,1269.0,1232.0,1286.0,1272.0,1272.0,862.0,370.0,888.0,381.0
2.0,2424.0,1256.0,1233.0,1272.0,1259.0,1259.0,863.0,370.0,879.0,377.0
2.0,2440.0,1243.0,1233.0,1259.0,1243.0,1243.0,863.0,370.0,871.0,372.0
2.0,2456.0,1227.0,1234.0,1243.0,1230.0,1230.0,864.0,370.0,859.0,368.0
2.0,2472.0,1224.0,1234.0,1230.0,1224.0,1224.0,864.0,370.0,856.0,368.0
2.0,2478.0,1217.0,1235.0,1224.0,1220.0,1220.0,865.0,370.0,852.0,365.0
2.0,2485.0,1227.0,1236.0,1220.0,1230.0,1230.0,865.0,371.0,860.0,367.0
2.0,2478.0,1236.0,1237.0,1230.0,1239.0,1239.0,866.0,371.0,865.0,371.0
2.0,2472.0,1256.0,1237.0,1239.0,1256.0,1256.0,866.0,371.0,880.0,376.0
2.0,2455.0,1271.0,1238.0,1256.0,1274.0,1274.0,867.0,371.0,888.0,383.0
2.0,2440.0,1284.0,1239.0,1274.0,1287.0,1287.0,867.0,372.0,900.0,384.0
2.0,2430.0,1287.0,1240.0,1287.0,1290.0,1290.0,868.0,372.0,901.0,386.0
2.0,2430.0,1289.0,1240.0,1290.0,1289.0,1289.0,868.0,372.0,903.0,386.0
2.0,2431.0,1277.0,1240.0,1289.0,1277.0,1277.0,868.0,372.0,894.0,383.0
2.0,2443.0,1270.0,1241.0,1277.0,1273.0,1273.0,869.0,372.0,888.0,382.0
2.0,2450.0,1249.0,1241.0,1273.0,1249.0,1249.0,869.0,372.0,874.0,375.0
2.0,2474.0,1236.0,1243.0,1249.0,1242.0,1242.0,870.0,373.0,865.0,371.0
2.0,2487.0,1230.0,1243.0,1242.0,1230.0,1230.0,870.0,373.0,862.0,368.0
2.0,2499.0,1226.0,1244.0,1230.0,1229.0,1229.0,871.0,373.0,858.0,368.0
2.0,2503.0,1239.0,1244.0,1229.0,1239.0,1239.0,871.0,373.0,866.0,373.0
2.0,2493.0,1244.0,1246.0,1239.0,1250.0,1250.0,872.0,374.0,871.0,373.0
2.0,2488.0,1264.0,1246.0,1250.0,1264.0,1264.0,872.0,374.0,886.0,378.0
2.0,2474.0,1277.0,1247.0,1264.0,1280.0,1280.0,873.0,374.0,894.0,383.0
2.0,2461.0,1293.0,1247.0,1280.0,1293.0,1293.0,873.0,374.0,906.0,387.0
2.0,2448.0,1299.0,1248.0,1293.0,1302.0,1302.0,874.0,374.0,907.0,392.0
2.0,2442.0,1298.0,1249.0,1302.0,1301.0,1301.0,874.0,375.0,910.0,388.0
2.0,2446.0,1286.0,1249.0,1301.0,1286.0,1286.0,874.0,375.0,900.0,386.0
2.0,2461.0,1276.0,1250.0,1286.0,1279.0,1279.0,875.0,375.0,894.0,382.0
2.0,2471.0,1257.0,1250.0,1279.0,1257.0,1257.0,875.0,375.0,880.0,377.0
2.0,2493.0,1247.0,1251.0,1257.0,1250.0,1250.0,876.0,375.0,871.0,376.0
2.0,2503.0,1239.0,1252.0,1250.0,1242.0,1242.0,876.0,376.0,868.0,371.0
2.0,2514.0,1234.0,1253.0,1242.0,1237.0,1237.0,877.0,376.0,864.0,370.0
2.0,2522.0,1244.0,1253.0,1237.0,1244.0,1244.0,877.0,376.0,872.0,372.0
2.0,2515.0,1254.0,1254.0,1244.0,1257.0,1257.0,878.0,376.0,878.0,376.0
2.0,2505.0,1276.0,1254.0,1257.0,1276.0,1276.0,878.0,376.0,892.0,384.0
2.0,2486.0,1286.0,1255.0,1276.0,1289.0,1289.0,879.0,376.0,900.0,386.0
2.0,2476.0,1301.0,1256.0,1289.0,1304.0,1304.0,879.0,377.0,912.0,389.0
2.0,2464.0,1304.0,1257.0,1304.0,1307.0,1307.0,880.0,377.0,913.0,391.0
2.0,2464.0,1307.0,1257.0,1307.0,1307.0,1307.0,880.0,377.0,916.0,391.0
2.0,2464.0,1298.0,1258.0,1307.0,1301.0,1301.0,881.0,377.0,907.0,391.0
2.0,2473.0,1284.0,1259.0,1301.0,1287.0,1287.0,881.0,378.0,900.0,384.0
2.0,2490.0,1266.0,1260.0,1287.0,1269.0,1269.0,882.0,378.0,886.0,380.0
2.0,2511.0,1256.0,1260.0,1269.0,1256.0,1256.0,882.0,378.0,880.0,376.0
2.0,2524.0,1244.0,1260.0,1256.0,1244.0,1244.0,882.0,378.0,871.0,373.0
2.0,2536.0,1249.0,1261.0,1244.0,1252.0,1252.0,883.0,378.0,873.0,376.0
2.0,2531.0,1250.0,1262.0,1252.0,1253.0,1253.0,883.0,379.0,875.0,375.0
2.0,2533.0,1263.0,1263.0,1253.0,1266.0,1266.0,884.0,379.0,884.0,379.0
2.0,2523.0,1281.0,1263.0,1266.0,1281.0,1281.0,884.0,379.0,898.0,383.0
2.0,2508.0,1294.0,1264.0,1281.0,1297.0,1297.0,885.0,379.0,906.0,388.0
2.0,2495.0,1313.0,1264.0,1297.0,1313.0,1313.0,885.0,379.0,918.0,395.0
2.0,2479.0,1313.0,1266.0,1313.0,1319.0,1319.0,886.0,380.0,919.0,394.0
2.0,2479.0,1316.0,1266.0,1319.0,1316.0,1316.0,886.0,380.0,922.0,394.0
2.0,2482.0,1304.0,1267.0,1316.0,1307.0,1307.0,887.0,380.0,913.0,391.0
2.0,2494.0,1296.0,1267.0,1307.0,1296.0,1296.0,887.0,380.0,906.0,390.0
2.0,2505.0,1275.0,1268.0,1296.0,1278.0,1278.0,888.0,380.0,893.0,382.0
2.0,2526.0,1264.0,1269.0,1278.0,1267.0,1267.0,888.0,381.0,886.0,378.0
2.0,2540.0,1253.0,1270.0,1267.0,1256.0,1256.0,889.0,381.0,877.0,376.0
2.0,2554.0,1254.0,1270.0,1256.0,1254.0,1254.0,889.0,381.0,879.0,375.0
2.0,2556.0,1258.0,1270.0,1254.0,1258.0,1258.0,889.0,381.0,881.0,377.0
2.0,2552.0,1277.0,1271.0,1258.0,1280.0,1280.0,890.0,381.0,893.0,384.0
2.0,2533.0,1287.0,1272.0,1280.0,1290.0,1290.0,890.0,382.0,901.0,386.0
2.0,2526.0,1303.0,1273.0,1290.0,1306.0,1306.0,891.0,382.0,912.0,391.0
2.0,2513.0,1319.0,1273.0,1306.0,1319.0,1319.0,891.0,382.0,924.0,395.0
2.0,2500.0,1321.0,1274.0,1319.0,1324.0,1324.0,892.0,382.0,925.0,396.0
2.0,2498.0,1327.0,1274.0,1324.0,1327.0,1327.0,892.0,382.0,928.0,399.0
2.0,2495.0,1313.0,1276.0,1327.0,1319.0,1319.0,893.0,383.0,919.0,394.0
2.0,2509.0,1302.0,1276.0,1319.0,1302.0,1302.0,893.0,383.0,912.0,390.0
2.0,2526.0,1284.0,1277.0,1302.0,1287.0,1287.0,894.0,383.0,899.0,385.0
2.0,2544.0,1273.0,1277.0,1287.0,1273.0,1273.0,894.0,383.0,892.0,381.0
2.0,2558.0,1264.0,1278.0,1273.0,1267.0,1267.0,895.0,383.0,883.0,381.0
2.0,2567.0,1263.0,1279.0,1267.0,1266.0,1266.0,895.0,384.0,885.0,378.0
2.0,2571.0,1267.0,1280.0,1266.0,1270.0,1270.0,896.0,384.0,887.0,380.0
2.0,2570.0,1283.0,1280.0,1270.0,1283.0,1283.0,896.0,384.0,899.0,384.0
2.0,2557.0,1296.0,1280.0,1283.0,1296.0,1296.0,896.0,384.0,907.0,389.0
2.0,2544.0,1317.0,1281.0,1296.0,1320.0,1320.0,897.0,384.0,921.0,396.0
2.0,2523.0,1324.0,1281.0,1320.0,1324.0,1324.0,897.0,384.0,927.0,397.0
2.0,2519.0,1330.0,1283.0,1324.0,1336.0,1336.0,898.0,385.0,931.0,399.0
2.0,2513.0,1333.0,1283.0,1336.0,1333.0,1333.0,898.0,385.0,934.0,399.0
2.0,2516.0,1321.0,1284.0,1333.0,1324.0,1324.0,899.0,385.0,925.0,396.0
2.0,2528.0,1313.0,1284.0,1324.0,1313.0,1313.0,899.0,385.0,918.0,395.0
2.0,2539.0,1293.0,1286.0,1313.0,1299.0,1299.0,900.0,386.0,905.0,388.0
2.0,2559.0,1282.0,1286.0,1299.0,1282.0,1282.0,900.0,386.0,898.0,384.0
2.0,2576.0,1270.0,1287.0,1282.0,1273.0,1273.0,901.0,386.0,889.0,381.0
2.0,2588.0,1273.0,1287.0,1273.0,1273.0,1273.0,901.0,386.0,892.0,381.0
2.0,2588.0,1279.0,1288.0,1273.0,1282.0,1282.0,902.0,386.0,893.0,386.0
2.0,2582.0,1291.0,1289.0,1282.0,1294.0,1294.0,902.0,387.0,905.0,386.0
2.0,2573.0,1304.0,1290.0,1294.0,1307.0,1307.0,903.0,387.0,913.0,391.0
2.0,2563.0,1323.0,1290.0,1307.0,1323.0,1323.0,903.0,387.0,927.0,396.0
2.0,2547.0,1333.0,1290.0,1323.0,1333.0,1333.0,903.0,387.0,933.0,400.0
2.0,2537.0,1346.0,1291.0,1333.0,1349.0,1349.0,904.0,387.0,941.0,405.0
2.0,2524.0,1338.0,1292.0,1349.0,1341.0,1341.0,904.0,388.0,937.0,401.0
2.0,2535.0,1330.0,1293.0,1341.0,1333.0,1333.0,905.0,388.0,931.0,399.0
2.0,2546.0,1319.0,1293.0,1333.0,1319.0,1319.0,905.0,388.0,924.0,395.0
2.0,2560.0,1304.0,1294.0,1319.0,1307.0,1307.0,906.0,388.0,911.0,393.0
2.0,2575.0,1290.0,1294.0,1307.0,1290.0,1290.0,906.0,388.0,904.0,386.0
2.0,2592.0,1279.0,1296.0,1290.0,1285.0,1285.0,907.0,389.0,895.0,384.0
2.0,2603.0,1281.0,1296.0,1285.0,1281.0,1281.0,907.0,389.0,898.0,383.0
2.0,2607.0,1284.0,1297.0,1281.0,1287.0,1287.0,908.0,389.0,899.0,385.0
2.0,2604.0,1300.0,1297.0,1287.0,1300.0,1300.0,908.0,389.0,911.0,389.0
2.0,2591.0,1316.0,1298.0,1300.0,1319.0,1319.0,909.0,389.0,919.0,397.0
2.0,2575.0,1332.0,1299.0,1319.0,1335.0,1335.0,909.0,390.0,933.0,399.0
2.0,2562.0,1341.0,1300.0,1335.0,1344.0,1344.0,910.0,390.0,939.0,402.0
2.0,2556.0,1351.0,1300.0,1344.0,1351.0,1351.0,910.0,390.0,947.0,404.0
2.0,2549.0,1347.0,1300.0,1351.0,1347.0,1347.0,910.0,390.0,943.0,404.0
2.0,2553.0,1344.0,1301.0,1347.0,1347.0,1347.0,911.0,390.0,940.0,404.0
2.0,2556.0,1325.0,1301.0,1347.0,1325.0,1325.0,911.0,390.0,928.0,397.0
2.0,2578.0,1310.0,1303.0,1325.0,1316.0,1316.0,912.0,391.0,917.0,393.0
2.0,2593.0,1299.0,1303.0,1316.0,1299.0,1299.0,912.0,391.0,910.0,389.0
2.0,2610.0,1287.0,1304.0,1299.0,1290.0,1290.0,913.0,391.0,901.0,386.0
2.0,2622.0,1293.0,1304.0,1290.0,1293.0,1293.0,913.0,391.0,904.0,389.0
2.0,2619.0,1293.0,1306.0,1293.0,1299.0,1299.0,914.0,392.0,905.0,388.0
2.0,2619.0,1309.0,1306.0,1299.0,1309.0,1309.0,914.0,392.0,917.0,392.0
2.0,2609.0,1321.0,1307.0,1309.0,1324.0,1324.0,915.0,392.0,925.0,396.0
2.0,2597.0,1343.0,1307.0,1324.0,1343.0,1343.0,915.0,392.0,939.0,404.0
2.0,2578.0,1350.0,1308.0,1343.0,1353.0,1353.0,916.0,392.0,945.0,405.0
2.0,2571.0,1360.0,1309.0,1353.0,1363.0,1363.0,916.0,393.0,953.0,407.0
2.0,2564.0,1356.0,1310.0,1363.0,1359.0,1359.0,917.0,393.0,949.0,407.0
2.0,2571.0,1350.0,1310.0,1359.0,1350.0,1350.0,917.0,393.0,946.0,404.0
2.0,2580.0,1334.0,1310.0,1350.0,1334.0,1334.0,917.0,393.0,934.0,400.0
2.0,2596.0,1324.0,1311.0,1334.0,1327.0,1327.0,918.0,393.0,926.0,398.0
2.0,2606.0,1305.0,1312.0,1327.0,1308.0,1308.0,918.0,394.0,914.0,391.0
2.0,2628.0,1296.0,1313.0,1308.0,1299.0,1299.0,919.0,394.0,907.0,389.0
2.0,2640.0,1298.0,1313.0,1299.0,1298.0,1298.0,919.0,394.0,910.0,388.0
2.0,2641.0,1301.0,1314.0,1298.0,1304.0,1304.0,920.0,394.0,911.0,390.0
2.0,2638.0,1320.0,1314.0,1304.0,1320.0,1320.0,920.0,394.0,923.0,397.0
2.0,2622.0,1330.0,1315.0,1320.0,1333.0,1333.0,921.0,394.0,931.0,399.0
2.0,2612.0,1349.0,1316.0,1333.0,1352.0,1352.0,921.0,395.0,945.0,404.0
2.0,2596.0,1359.0,1317.0,1352.0,1362.0,1362.0,922.0,395.0,951.0,408.0
2.0,2589.0,1368.0,1317.0,1362.0,1368.0,1368.0,922.0,395.0,959.0,409.0
2.0,2583.0,1367.0,1318.0,1368.0,1370.0,1370.0,923.0,395.0,955.0,412.0
2.0,2584.0,1359.0,1319.0,1370.0,1362.0,1362.0,923.0,396.0,952.0,407.0
2.0,2595.0,1343.0,1320.0,1362.0,1346.0,1346.0,924.0,396.0,940.0,403.0
2.0,2614.0,1330.0,1320.0,1346.0,1330.0,1330.0,924.0,396.0,932.0,398.0
2.0,2630.0,1314.0,1320.0,1330.0,1314.0,1314.0,924.0,396.0,920.0,394.0
2.0,2646.0,1311.0,1321.0,1314.0,1314.0,1314.0,925.0,396.0,917.0,394.0
2.0,2649.0,1304.0,1321.0,1314.0,1304.0,1304.0,925.0,396.0,913.0,391.0
2.0,2659.0,1310.0,1323.0,1304.0,1316.0,1316.0,926.0,397.0,917.0,393.0
2.0,2653.0,1326.0,1323.0,1316.0,1326.0,1326.0,926.0,397.0,929.0,397.0
2.0,2643.0,1339.0,1324.0,1326.0,1342.0,1342.0,927.0,397.0,937.0,402.0
2.0,2630.0,1361.0,1324.0,1342.0,1361.0,1361.0,927.0,397.0,952.0,409.0
2.0,2611.0,1367.0,1326.0,1361.0,1373.0,1373.0,928.0,398.0,957.0,410.0
2.0,2605.0,1377.0,1326.0,1373.0,1377.0,1377.0,928.0,398.0,965.0,412.0
2.0,2601.0,1373.0,1327.0,1377.0,1376.0,1376.0,929.0,398.0,961.0,412.0
2.0,2605.0,1367.0,1327.0,1376.0,1367.0,1367.0,929.0,398.0,958.0,409.0
2.0,2614.0,1354.0,1328.0,1367.0,1357.0,1357.0,930.0,398.0,946.0,408.0
2.0,2627.0,1339.0,1328.0,1357.0,1339.0,1339.0,930.0,398.0,938.0,401.0
2.0,2645.0,1323.0,1330.0,1339.0,1329.0,1329.0,931.0,399.0,926.0,397.0
2.0,2661.0,1317.0,1330.0,1329.0,1317.0,1317.0,931.0,399.0,923.0,394.0
2.0,2673.0,1313.0,1331.0,1317.0,1316.0,1316.0,932.0,399.0,919.0,394.0
2.0,2677.0,1325.0,1331.0,1316.0,1325.0,1325.0,932.0,399.0,926.0,399.0
2.0,2668.0,1331.0,1332.0,1325.0,1334.0,1334.0,932.0,400.0,932.0,399.0
2.0,2662.0,1350.0,1333.0,1334.0,1353.0,1353.0,933.0,400.0,946.0,404.0
2.0,2646.0,1364.0,1333.0,1353.0,1364.0,1364.0,933.0,400.0,955.0,409.0
2.0,2635.0,1376.0,1334.0,1364.0,1379.0,1379.0,934.0,400.0,963.0,413.0
2.0,2623.0,1389.0,1334.0,1379.0,1389.0,1389.0,934.0,400.0,971.0,418.0
2.0,2613.0,1381.0,1336.0,1389.0,1387.0,1387.0,935.0,401.0,967.0,414.0
2.0,2621.0,1376.0,1336.0,1387.0,1376.0,1376.0,935.0,401.0,964.0,412.0
2.0,2632.0,1360.0,1337.0,1376.0,1363.0,1363.0,936.0,401.0,952.0,408.0
2.0,2648.0,1347.0,1337.0,1363.0,1347.0,1347.0,936.0,401.0,944.0,403.0
2.0,2664.0,1334.0,1338.0,1347.0,1337.0,1337.0,937.0,401.0,932.0,402.0
2.0,2677.0,1326.0,1339.0,1337.0,1329.0,1329.0,937.0,402.0,929.0,397.0
2.0,2688.0,1321.0,1340.0,1329.0,1324.0,1324.0,938.0,402.0,925.0,396.0
2.0,2696.0,1330.0,1340.0,1324.0,1330.0,1330.0,938.0,402.0,932.0,398.0
2.0,2690.0,1340.0,1340.0,1330.0,1340.0,1340.0,938.0,402.0,938.0,402.0
2.0,2680.0,1362.0,1341.0,1340.0,1365.0,1365.0,939.0,402.0,952.0,410.0
2.0,2658.0,1373.0,1341.0,1365.0,1373.0,1373.0,939.0,402.0,961.0,412.0
2.0,2650.0,1388.0,1343.0,1373.0,1394.0,1394.0,940.0,403.0,973.0,415.0
2.0,2635.0,1391.0,1343.0,1394.0,1391.0,1391.0,940.0,403.0,974.0,417.0
2.0,2638.0,1390.0,1344.0,1391.0,1393.0,1393.0,941.0,403.0,973.0,417.0
2.0,2639.0,1387.0,1344.0,1393.0,1387.0,1387.0,941.0,403.0,970.0,417.0
2.0,2645.0,1368.0,1346.0,1387.0,1374.0,1374.0,942.0,404.0,958.0,410.0
2.0,2664.0,1356.0,1346.0,1374.0,1356.0,1356.0,942.0,404.0,950.0,406.0
2.0,2682.0,1340.0,1347.0,1356.0,1343.0,1343.0,943.0,404.0,938.0,402.0
2.0,2698.0,1334.0,1347.0,1343.0,1334.0,1334.0,943.0,404.0,935.0,399.0
2.0,2707.0,1333.0,1348.0,1334.0,1336.0,1336.0,944.0,404.0,931.0,402.0
2.0,2708.0,1339.0,1349.0,1336.0,1342.0,1342.0,944.0,405.0,938.0,401.0
2.0,2705.0,1349.0,1350.0,1342.0,1352.0,1352.0,945.0,405.0,944.0,405.0
2.0,2698.0,1368.0,1350.0,1352.0,1368.0,1368.0,945.0,405.0,959.0,409.0
2.0,2682.0,1381.0,1351.0,1368.0,1384.0,1384.0,946.0,405.0,967.0,414.0
2.0,2669.0,1400.0,1351.0,1384.0,1400.0,1400.0,946.0,405.0,979.0,421.0
2.0,2653.0,1400.0,1352.0,1400.0,1403.0,1403.0,946.0,406.0,980.0,420.0
2.0,2653.0,1402.0,1353.0,1403.0,1405.0,1405.0,947.0,406.0,982.0,420.0
2.0,2654.0,1390.0,1353.0,1405.0,1390.0,1390.0,947.0,406.0,973.0,417.0
2.0,2669.0,1380.0,1354.0,1390.0,1383.0,1383.0,948.0,406.0,964.0,416.0
2.0,2679.0,1364.0,1354.0,1383.0,1364.0,1364.0,948.0,406.0,956.0,408.0
2.0,2698.0,1348.0,1356.0,1364.0,1354.0,1354.0,949.0,407.0,944.0,404.0
2.0,2714.0,1343.0,1356.0,1354.0,1343.0,1343.0,949.0,407.0,941.0,402.0
2.0,2725.0,1338.0,1357.0,1343.0,1341.0,1341.0,950.0,407.0,937.0,401.0
2.0,2730.0,1348.0,1357.0,1341.0,1348.0,1348.0,950.0,407.0,945.0,403.0
2.0,2723.0,1360.0,1358.0,1348.0,1363.0,1363.0,951.0,407.0,950.0,410.0
2.0,2711.0,1377.0,1359.0,1363.0,1380.0,1380.0,951.0,408.0,965.0,412.0
2.0,2697.0,1390.0,1360.0,1380.0,1393.0,1393.0,952.0,408.0,973.0,417.0
2.0,2687.0,1406.0,1360.0,1393.0,1406.0,1406.0,952.0,408.0,985.0,421.0
2.0,2674.0,1408.0,1360.0,1406.0,1408.0,1408.0,952.0,408.0,986.0,422.0
2.0,2672.0,1413.0,1361.0,1408.0,1416.0,1416.0,953.0,408.0,988.0,425.0
2.0,2667.0,1399.0,1362.0,1416.0,1402.0,1402.0,953.0,409.0,979.0,420.0
2.0,2684.0,1386.0,1363.0,1402.0,1389.0,1389.0,954.0,409.0,970.0,416.0
2.0,2700.0,1373.0,1363.0,1389.0,1373.0,1373.0,954.0,409.0,962.0,411.0
2.0,2716.0,1357.0,1364.0,1373.0,1360.0,1360.0,955.0,409.0,950.0,407.0
2.0,2732.0,1354.0,1364.0,1360.0,1354.0,1354.0,955.0,409.0,947.0,407.0
2.0,2738.0,1347.0,1366.0,1354.0,1353.0,1353.0,956.0,410.0,943.0,404.0
2.0,2745.0,1357.0,1366.0,1353.0,1357.0,1357.0,956.0,410.0,951.0,406.0
2.0,2741.0,1366.0,1367.0,1357.0,1369.0,1369.0,957.0,410.0,956.0,410.0
2.0,2732.0,1386.0,1367.0,1369.0,1386.0,1386.0,957.0,410.0,971.0,415.0
2.0,2715.0,1401.0,1368.0,1386.0,1404.0,1404.0,958.0,410.0,979.0,422.0
2.0,2700.0,1414.0,1368.0,1404.0,1414.0,1414.0,958.0,410.0,991.0,423.0
2.0,2690.0,1417.0,1370.0,1414.0,1423.0,1423.0,959.0,411.0,992.0,425.0
2.0,2687.0,1419.0,1370.0,1423.0,1419.0,1419.0,959.0,411.0,994.0,425.0
2.0,2691.0,1407.0,1370.0,1419.0,1407.0,1407.0,959.0,411.0,985.0,422.0
2.0,2703.0,1400.0,1371.0,1407.0,1403.0,1403.0,960.0,411.0,979.0,421.0
2.0,2710.0,1379.0,1372.0,1403.0,1382.0,1382.0,960.0,412.0,965.0,414.0
2.0,2734.0,1366.0,1373.0,1382.0,1369.0,1369.0,961.0,412.0,956.0,410.0
2.0,2750.0,1360.0,1373.0,1369.0,1360.0,1360.0,961.0,412.0,953.0,407.0
2.0,2759.0,1356.0,1374.0,1360.0,1359.0,1359.0,962.0,412.0,949.0,407.0
2.0,2763.0,1369.0,1374.0,1359.0,1369.0,1369.0,962.0,412.0,957.0,412.0
2.0,2753.0,1375.0,1376.0,1369.0,1381.0,1381.0,963.0,413.0,963.0,412.0
2.0,2747.0,1394.0,1376.0,1381.0,1394.0,1394.0,963.0,413.0,977.0,417.0
2.0,2734.0,1407.0,1377.0,1394.0,1410.0,1410.0,964.0,413.0,985.0,422.0
2.0,2721.0,1423.0,1377.0,1410.0,1423.0,1423.0,964.0,413.0,997.0,426.0
2.0,2708.0,1429.0,1378.0,1423.0,1432.0,1432.0,965.0,413.0,998.0,431.0
2.0,2702.0,1428.0,1379.0,1432.0,1431.0,1431.0,965.0,414.0,1001.0,427.0
2.0,2706.0,1416.0,1380.0,1431.0,1419.0,1419.0,966.0,414.0,991.0,425.0
2.0,2721.0,1406.0,1380.0,1419.0,1406.0,1406.0,966.0,414.0,985.0,421.0
2.0,2734.0,1390.0,1380.0,1406.0,1390.0,1390.0,966.0,414.0,971.0,419.0
2.0,2750.0,1377.0,1381.0,1390.0,1380.0,1380.0,967.0,414.0,965.0,412.0
2.0,2763.0,1366.0,1382.0,1380.0,1369.0,1369.0,967.0,415.0,956.0,410.0
2.0,2777.0,1364.0,1383.0,1369.0,1367.0,1367.0,968.0,415.0,955.0,409.0
2.0,2782.0,1374.0,1383.0,1367.0,1374.0,1374.0,968.0,415.0,963.0,411.0
2.0,2775.0,1384.0,1384.0,1374.0,1387.0,1387.0,969.0,415.0,969.0,415.0
2.0,2765.0,1406.0,1384.0,1387.0,1406.0,1406.0,969.0,415.0,983.0,423.0
2.0,2746.0,1416.0,1386.0,1406.0,1422.0,1422.0,970.0,416.0,991.0,425.0
2.0,2736.0,1431.0,1386.0,1422.0,1431.0,1431.0,970.0,416.0,1003.0,428.0
2.0,2727.0,1434.0,1387.0,1431.0,1437.0,1437.0,971.0,416.0,1004.0,430.0
2.0,2724.0,1437.0,1387.0,1437.0,1437.0,1437.0,971.0,416.0,1007.0,430.0
2.0,2724.0,1428.0,1388.0,1437.0,1431.0,1431.0,972.0,416.0,998.0,430.0
2.0,2733.0,1414.0,1388.0,1431.0,1414.0,1414.0,972.0,416.0,991.0,423.0
2.0,2750.0,1396.0,1390.0,1414.0,1402.0,1402.0,973.0,417.0,977.0,419.0
2.0,2768.0,1386.0,1390.0,1402.0,1386.0,1386.0,973.0,417.0,971.0,415.0
2.0,2784.0,1374.0,1390.0,1386.0,1374.0,1374.0,973.0,417.0,962.0,412.0
2.0,2796.0,1379.0,1391.0,1374.0,1382.0,1382.0,974.0,417.0,964.0,415.0
2.0,2791.0,1380.0,1392.0,1382.0,1383.0,1383.0,974.0,418.0,966.0,414.0
2.0,2793.0,1396.0,1393.0,1383.0,1399.0,1399.0,975.0,418.0,978.0,418.0
2.0,2780.0,1408.0,1393.0,1399.0,1408.0,1408.0,975.0,418.0,986.0,422.0
2.0,2771.0,1427.0,1394.0,1408.0,1430.0,1430.0,976.0,418.0,997.0,430.0
2.0,2752.0,1440.0,1394.0,1430.0,1440.0,1440.0,976.0,418.0,1009.0,431.0
2.0,2742.0,1443.0,1396.0,1440.0,1449.0,1449.0,977.0,419.0,1010.0,433.0
2.0,2739.0,1446.0,1396.0,1449.0,1446.0,1446.0,977.0,419.0,1013.0,433.0
2.0,2742.0,1434.0,1397.0,1446.0,1437.0,1437.0,978.0,419.0,1004.0,430.0
2.0,2754.0,1423.0,1397.0,1437.0,1423.0,1423.0,978.0,419.0,997.0,426.0
2.0,2768.0,1408.0,1398.0,1423.0,1411.0,1411.0,979.0,419.0,984.0,424.0
2.0,2783.0,1394.0,1399.0,1411.0,1397.0,1397.0,979.0,420.0,977.0,417.0
2.0,2800.0,1383.0,1400.0,1397.0,1386.0,1386.0,980.0,420.0,968.0,415.0
2.0,2814.0,1384.0,1400.0,1386.0,1384.0,1384.0,980.0,420.0,970.0,414.0
2.0,2816.0,1388.0,1400.0,1384.0,1388.0,1388.0,980.0,420.0,972.0,416.0
2.0,2812.0,1407.0,1401.0,1388.0,1410.0,1410.0,981.0,420.0,984.0,423.0
2.0,2793.0,1417.0,1401.0,1410.0,1417.0,1417.0,981.0,420.0,992.0,425.0
2.0,2786.0,1433.0,1403.0,1417.0,1439.0,1439.0,982.0,421.0,1003.0,430.0
2.0,2770.0,1449.0,1403.0,1439.0,1449.0,1449.0,982.0,421.0,1015.0,434.0
2.0,2760.0,1451.0,1404.0,1449.0,1454.0,1454.0,983.0,421.0,1016.0,435.0
2.0,2758.0,1457.0,1404.0,1454.0,1457.0,1457.0,983.0,421.0,1019.0,438.0
2.0,2755.0,1443.0,1406.0,1457.0,1449.0,1449.0,984.0,422.0,1010.0,433.0
2.0,2769.0,1432.0,1406.0,1449.0,1432.0,1432.0,984.0,422.0,1003.0,429.0
2.0,2786.0,1414.0,1407.0,1432.0,1417.0,1417.0,985.0,422.0,990.0,424.0
2.0,2804.0,1403.0,1407.0,1417.0,1403.0,1403.0,985.0,422.0,983.0,420.0
2.0,2818.0,1394.0,1408.0,1403.0,1397.0,1397.0,986.0,422.0,974.0,420.0
2.0,2827.0,1393.0,1408.0,1397.0,1393.0,1393.0,986.0,422.0,976.0,417.0
2.0,2831.0,1397.0,1410.0,1393.0,1403.0,1403.0,987.0,423.0,978.0,419.0
2.0,2827.0,1413.0,1410.0,1403.0,1413.0,1413.0,987.0,423.0,990.0,423.0
2.0,2817.0,1426.0,1410.0,1413.0,1426.0,1426.0,987.0,423.0,998.0,428.0
2.0,2804.0,1447.0,1411.0,1426.0,1450.0,1450.0,988.0,423.0,1012.0,435.0
2.0,2783.0,1454.0,1412.0,1450.0,1457.0,1457.0,988.0,424.0,1018.0,436.0
2.0,2779.0,1464.0,1413.0,1457.0,1467.0,1467.0,989.0,424.0,1026.0,438.0
2.0,2772.0,1460.0,1413.0,1467.0,1460.0,1460.0,989.0,424.0,1022.0,438.0
2.0,2779.0,1451.0,1414.0,1460.0,1454.0,1454.0,990.0,424.0,1016.0,435.0
2.0,2788.0,1443.0,1414.0,1454.0,1443.0,1443.0,990.0,424.0,1009.0,434.0
2.0,2799.0,1423.0,1415.0,1443.0,1426.0,1426.0,991.0,424.0,996.0,427.0
2.0,2819.0,1412.0,1416.0,1426.0,1415.0,1415.0,991.0,425.0,989.0,423.0
2.0,2833.0,1400.0,1417.0,1415.0,1403.0,1403.0,992.0,425.0,980.0,420.0
2.0,2848.0,1403.0,1417.0,1403.0,1403.0,1403.0,992.0,425.0,983.0,420.0
2.0,2848.0,1409.0,1418.0,1403.0,1412.0,1412.0,993.0,425.0,984.0,425.0
2.0,2842.0,1421.0,1419.0,1412.0,1424.0,1424.0,993.0,426.0,996.0,425.0
2.0,2833.0,1434.0,1420.0,1424.0,1437.0,1437.0,994.0,426.0,1004.0,430.0
2.0,2823.0,1453.0,1420.0,1437.0,1453.0,1453.0,994.0,426.0,1018.0,435.0
2.0,2807.0,1463.0,1420.0,1453.0,1463.0,1463.0,994.0,426.0,1024.0,439.0
2.0,2797.0,1476.0,1421.0,1463.0,1479.0,1479.0,995.0,426.0,1032.0,444.0
2.0,2784.0,1468.0,1422.0,1479.0,1471.0,1471.0,995.0,427.0,1028.0,440.0
2.0,2795.0,1460.0,1423.0,1471.0,1463.0,1463.0,996.0,427.0,1022.0,438.0
2.0,2806.0,1449.0,1423.0,1463.0,1449.0,1449.0,996.0,427.0,1015.0,434.0
2.0,2820.0,1431.0,1424.0,1449.0,1434.0,1434.0,997.0,427.0,1002.0,429.0
2.0,2838.0,1423.0,1424.0,1434.0,1423.0,1423.0,997.0,427.0,995.0,428.0
2.0,2849.0,1409.0,1426.0,1423.0,1415.0,1415.0,998.0,428.0,986.0,423.0
2.0,2863.0,1411.0,1426.0,1415.0,1411.0,1411.0,998.0,428.0,989.0,422.0
2.0,2867.0,1414.0,1427.0,1411.0,1417.0,1417.0,999.0,428.0,990.0,424.0
2.0,2864.0,1430.0,1427.0,1417.0,1430.0,1430.0,999.0,428.0,1002.0,428.0
2.0,2851.0,1446.0,1428.0,1430.0,1449.0,1449.0,1000.0,428.0,1010.0,436.0
2.0,2835.0,1462.0,1428.0,1449.0,1462.0,1462.0,1000.0,428.0,1024.0,438.0
2.0,2822.0,1471.0,1430.0,1462.0,1477.0,1477.0,1001.0,429.0,1030.0,441.0
2.0,2813.0,1481.0,1430.0,1477.0,1481.0,1481.0,1001.0,429.0,1038.0,443.0
2.0,2809.0,1477.0,1430.0,1481.0,1477.0,1477.0,1001.0,429.0,1034.0,443.0
2.0,2813.0,1474.0,1431.0,1477.0,1477.0,1477.0,1002.0,429.0,1031.0,443.0
2.0,2816.0,1455.0,1432.0,1477.0,1458.0,1458.0,1002.0,430.0,1019.0,436.0
2.0,2838.0,1443.0,1433.0,1458.0,1446.0,1446.0,1003.0,430.0,1011.0,432.0
2.0,2853.0,1426.0,1433.0,1446.0,1426.0,1426.0,1003.0,430.0,998.0,428.0
2.0,2873.0,1417.0,1434.0,1426.0,1420.0,1420.0,1004.0,430.0,992.0,425.0
2.0,2882.0,1423.0,1434.0,1420.0,1423.0,1423.0,1004.0,430.0,995.0,428.0
2.0,2879.0,1423.0,1436.0,1423.0,1429.0,1429.0,1005.0,431.0,996.0,427.0
2.0,2879.0,1439.0,1436.0,1429.0,1439.0,1439.0,1005.0,431.0,1008.0,431.0
2.0,2869.0,1451.0,1437.0,1439.0,1454.0,1454.0,1006.0,431.0,1016.0,435.0
2.0,2857.0,1470.0,1437.0,1454.0,1470.0,1470.0,1006.0,431.0,1030.0,440.0
2.0,2841.0,1483.0,1438.0,1470.0,1486.0,1486.0,1007.0,431.0,1036.0,447.0
2.0,2828.0,1490.0,1439.0,1486.0,1493.0,1493.0,1007.0,432.0,1044.0,446.0
2.0,2824.0,1486.0,1440.0,1493.0,1489.0,1489.0,1008.0,432.0,1040.0,446.0
2.0,2831.0,1480.0,1440.0,1489.0,1480.0,1480.0,1008.0,432.0,1037.0,443.0
2.0,2840.0,1467.0,1440.0,1480.0,1467.0,1467.0,1008.0,432.0,1025.0,442.0
2.0,2853.0,1451.0,1441.0,1467.0,1454.0,1454.0,1009.0,432.0,1017.0,434.0
2.0,2869.0,1435.0,1442.0,1454.0,1438.0,1438.0,1009.0,433.0,1005.0,430.0
2.0,2888.0,1426.0,1443.0,1438.0,1429.0,1429.0,1010.0,433.0,998.0,428.0
2.0,2900.0,1428.0,1443.0,1429.0,1428.0,1428.0,1010.0,433.0,1001.0,427.0
2.0,2901.0,1431.0,1444.0,1428.0,1434.0,1434.0,1011.0,433.0,1002.0,429.0
2.0,2898.0,1450.0,1444.0,1434.0,1450.0,1450.0,1011.0,433.0,1014.0,436.0
2.0,2882.0,1460.0,1446.0,1450.0,1466.0,1466.0,1012.0,434.0,1022.0,438.0
2.0,2872.0,1479.0,1446.0,1466.0,1479.0,1479.0,1012.0,434.0,1036.0,443.0
2.0,2859.0,1489.0,1447.0,1479.0,1492.0,1492.0,1013.0,434.0,1042.0,447.0
2.0,2849.0,1498.0,1447.0,1492.0,1498.0,1498.0,1013.0,434.0,1050.0,448.0
2.0,2843.0,1497.0,1448.0,1498.0,1500.0,1500.0,1014.0,434.0,1046.0,451.0
2.0,2844.0,1489.0,1449.0,1500.0,1492.0,1492.0,1014.0,435.0,1043.0,446.0
2.0,2855.0,1473.0,1450.0,1492.0,1476.0,1476.0,1015.0,435.0,1031.0,442.0
2.0,2874.0,1460.0,1450.0,1476.0,1460.0,1460.0,1015.0,435.0,1023.0,437.0
2.0,2890.0,1444.0,1450.0,1460.0,1444.0,1444.0,1015.0,435.0,1011.0,433.0
2.0,2906.0,1441.0,1451.0,1444.0,1444.0,1444.0,1016.0,435.0,1008.0,433.0
2.0,2909.0,1434.0,1452.0,1444.0,1437.0,1437.0,1016.0,436.0,1004.0,430.0
2.0,2919.0,1443.0,1453.0,1437.0,1446.0,1446.0,1017.0,436.0,1011.0,432.0
2.0,2913.0,1453.0,1453.0,1446.0,1453.0,1453.0,1017.0,436.0,1017.0,436.0
2.0,2906.0,1469.0,1454.0,1453.0,1472.0,1472.0,1018.0,436.0,1028.0,441.0
2.0,2890.0,1491.0,1454.0,1472.0,1491.0,1491.0,1018.0,436.0,1043.0,448.0
2.0,2871.0,1497.0,1455.0,1491.0,1500.0,1500.0,1019.0,436.0,1048.0,449.0
2.0,2865.0,1507.0,1456.0,1500.0,1510.0,1510.0,1019.0,437.0,1056.0,451.0
2.0,2858.0,1503.0,1457.0,1510.0,1506.0,1506.0,1020.0,437.0,1052.0,451.0
2.0,2865.0,1497.0,1457.0,1506.0,1497.0,1497.0,1020.0,437.0,1049.0,448.0
2.0,2874.0,1484.0,1458.0,1497.0,1487.0,1487.0,1021.0,437.0,1037.0,447.0
2.0,2887.0,1469.0,1459.0,1487.0,1472.0,1472.0,1021.0,438.0,1029.0,440.0
2.0,2905.0,1453.0,1460.0,1472.0,1456.0,1456.0,1022.0,438.0,1017.0,436.0
2.0,2924.0,1447.0,1460.0,1456.0,1447.0,1447.0,1022.0,438.0,1014.0,433.0
2.0,2933.0,1443.0,1460.0,1447.0,1443.0,1443.0,1022.0,438.0,1010.0,433.0
2.0,2937.0,1455.0,1461.0,1443.0,1458.0,1458.0,1023.0,438.0,1017.0,438.0
2.0,2925.0,1461.0,1462.0,1458.0,1464.0,1464.0,1023.0,439.0,1023.0,438.0
2.0,2922.0,1477.0,1463.0,1464.0,1480.0,1480.0,1024.0,439.0,1034.0,443.0
2.0,2909.0,1497.0,1463.0,1480.0,1497.0,1497.0,1024.0,439.0,1049.0,448.0
2.0,2892.0,1506.0,1464.0,1497.0,1509.0,1509.0,1025.0,439.0,1054.0,452.0
2.0,2883.0,1519.0,1464.0,1509.0,1519.0,1519.0,1025.0,439.0,1062.0,457.0
2.0,2873.0,1511.0,1466.0,1519.0,1517.0,1517.0,1026.0,440.0,1058.0,453.0
2.0,2881.0,1506.0,1466.0,1517.0,1506.0,1506.0,1026.0,440.0,1055.0,451.0
2.0,2892.0,1490.0,1467.0,1506.0,1493.0,1493.0,1027.0,440.0,1043.0,447.0
2.0,2908.0,1480.0,1467.0,1493.0,1480.0,1480.0,1027.0,440.0,1035.0,445.0
2.0,2921.0,1461.0,1468.0,1480.0,1464.0,1464.0,1028.0,440.0,1023.0,438.0
2.0,2940.0,1456.0,1469.0,1464.0,1459.0,1459.0,1028.0,441.0,1020.0,436.0
2.0,2948.0,1451.0,1470.0,1459.0,1454.0,1454.0,1029.0,441.0,1016.0,435.0
2.0,2956.0,1460.0,1470.0,1454.0,1460.0,1460.0,1029.0,441.0,1023.0,437.0
2.0,2950.0,1470.0,1470.0,1460.0,1470.0,1470.0,1029.0,441.0,1029.0,441.0
2.0,2940.0,1492.0,1471.0,1470.0,1495.0,1495.0,1030.0,441.0,1043.0,449.0
2.0,2918.0,1503.0,1472.0,1495.0,1506.0,1506.0,1030.0,442.0,1052.0,451.0
2.0,2910.0,1518.0,1473.0,1506.0,1521.0,1521.0,1031.0,442.0,1064.0,454.0
2.0,2898.0,1521.0,1473.0,1521.0,1521.0,1521.0,1031.0,442.0,1065.0,456.0
2.0,2898.0,1520.0,1474.0,1521.0,1523.0,1523.0,1032.0,442.0,1064.0,456.0
2.0,2899.0,1517.0,1474.0,1523.0,1517.0,1517.0,1032.0,442.0,1061.0,456.0
2.0,2905.0,1498.0,1475.0,1517.0,1501.0,1501.0,1033.0,442.0,1049.0,449.0
2.0,2924.0,1486.0,1476.0,1501.0,1489.0,1489.0,1033.0,443.0,1041.0,445.0
2.0,2939.0,1470.0,1477.0,1489.0,1473.0,1473.0,1034.0,443.0,1029.0,441.0
2.0,2958.0,1464.0,1477.0,1473.0,1464.0,1464.0,1034.0,443.0,1026.0,438.0
2.0,2967.0,1463.0,1478.0,1464.0,1466.0,1466.0,1035.0,443.0,1022.0,441.0
2.0,2968.0,1469.0,1479.0,1466.0,1472.0,1472.0,1035.0,444.0,1029.0,440.0
2.0,2965.0,1479.0,1480.0,1472.0,1482.0,1482.0,1036.0,444.0,1035.0,444.0
2.0,2958.0,1498.0,1480.0,1482.0,1498.0,1498.0,1036.0,444.0,1050.0,448.0
2.0,2942.0,1514.0,1480.0,1498.0,1514.0,1514.0,1036.0,444.0,1058.0,456.0
2.0,2926.0,1527.0,1481.0,1514.0,1530.0,1530.0,1037.0,444.0,1070.0,457.0
2.0,2913.0,1530.0,1482.0,1530.0,1533.0,1533.0,1037.0,445.0,1071.0,459.0
2.0,2913.0,1532.0,1483.0,1533.0,1535.0,1535.0,1038.0,445.0,1073.0,459.0
2.0,2914.0,1520.0,1483.0,1535.0,1520.0,1520.0,1038.0,445.0,1064.0,456.0
2.0,2929.0,1507.0,1484.0,1520.0,1510.0,1510.0,1039.0,445.0,1055.0,452.0
2.0,2942.0,1497.0,1484.0,1510.0,1497.0,1497.0,1039.0,445.0,1047.0,450.0
2.0,2955.0,1478.0,1486.0,1497.0,1484.0,1484.0,1040.0,446.0,1035.0,443.0
2.0,2974.0,1473.0,1486.0,1484.0,1473.0,1473.0,1040.0,446.0,1032.0,441.0
2.0,2985.0,1468.0,1487.0,1473.0,1471.0,1471.0,1041.0,446.0,1028.0,440.0
2.0,2990.0,1478.0,1487.0,1471.0,1478.0,1478.0,1041.0,446.0,1036.0,442.0
2.0,2983.0,1490.0,1488.0,1478.0,1493.0,1493.0,1042.0,446.0,1041.0,449.0
2.0,2971.0,1507.0,1488.0,1493.0,1507.0,1507.0,1042.0,446.0,1056.0,451.0
2.0,2957.0,1520.0,1490.0,1507.0,1526.0,1526.0,1043.0,447.0,1064.0,456.0
2.0,2944.0,1536.0,1490.0,1526.0,1536.0,1536.0,1043.0,447.0,1076.0,460.0
2.0,2934.0,1538.0,1491.0,1536.0,1541.0,1541.0,1044.0,447.0,1077.0,461.0
2.0,2932.0,1543.0,1491.0,1541.0,1543.0,1543.0,1044.0,447.0,1079.0,464.0
2.0,2930.0,1529.0,1492.0,1543.0,1532.0,1532.0,1044.0,448.0,1070.0,459.0
2.0,2944.0,1519.0,1493.0,1532.0,1522.0,1522.0,1045.0,448.0,1064.0,455.0
2.0,2957.0,1500.0,1493.0,1522.0,1500.0,1500.0,1045.0,448.0,1050.0,450.0
2.0,2979.0,1487.0,1494.0,1500.0,1490.0,1490.0,1046.0,448.0,1041.0,446.0
2.0,2992.0,1484.0,1494.0,1490.0,1484.0,1484.0,1046.0,448.0,1038.0,446.0
2.0,2998.0,1477.0,1495.0,1484.0,1480.0,1480.0,1047.0,448.0,1034.0,443.0
2.0,3005.0,1487.0,1496.0,1480.0,1490.0,1490.0,1047.0,449.0,1042.0,445.0
2.0,2998.0,1496.0,1497.0,1490.0,1499.0,1499.0,1048.0,449.0,1047.0,449.0
2.0,2992.0,1516.0,1497.0,1499.0,1516.0,1516.0,1048.0,449.0,1062.0,454.0
2.0,2975.0,1531.0,1498.0,1516.0,1534.0,1534.0,1049.0,449.0,1070.0,461.0
2.0,2960.0,1544.0,1499.0,1534.0,1547.0,1547.0,1049.0,450.0,1082.0,462.0
2.0,2950.0,1547.0,1500.0,1547.0,1550.0,1550.0,1050.0,450.0,1083.0,464.0
2.0,2950.0,1549.0,1500.0,1550.0,1549.0,1549.0,1050.0,450.0,1085.0,464.0
2.0,2951.0,1537.0,1500.0,1549.0,1537.0,1537.0,1050.0,450.0,1076.0,461.0
2.0,2963.0,1530.0,1501.0,1537.0,1533.0,1533.0,1051.0,450.0,1070.0,460.0
2.0,2970.0,1509.0,1501.0,1533.0,1509.0,1509.0,1051.0,450.0,1056.0,453.0
2.0,2994.0,1496.0,1503.0,1509.0,1502.0,1502.0,1052.0,451.0,1047.0,449.0
2.0,3007.0,1490.0,1503.0,1502.0,1490.0,1490.0,1052.0,451.0,1044.0,446.0
2.0,3019.0,1486.0,1504.0,1490.0,1489.0,1489.0,1053.0,451.0,1040.0,446.0
2.0,3023.0,1499.0,1504.0,1489.0,1499.0,1499.0,1053.0,451.0,1048.0,451.0
2.0,3013.0,1505.0,1506.0,1499.0,1511.0,1511.0,1054.0,452.0,1054.0,451.0
2.0,3007.0,1524.0,1506.0,1511.0,1524.0,1524.0,1054.0,452.0,1068.0,456.0
2.0,2994.0,1537.0,1507.0,1524.0,1540.0,1540.0,1055.0,452.0,1076.0,461.0
2.0,2981.0,1553.0,1507.0,1540.0,1553.0,1553.0,1055.0,452.0,1088.0,465.0
2.0,2968.0,1559.0,1508.0,1553.0,1562.0,1562.0,1056.0,452.0,1089.0,470.0
2.0,2962.0,1558.0,1509.0,1562.0,1561.0,1561.0,1056.0,453.0,1092.0,466.0
2.0,2966.0,1546.0,1510.0,1561.0,1549.0,1549.0,1057.0,453.0,1082.0,464.0
2.0,2981.0,1536.0,1510.0,1549.0,1536.0,1536.0,1057.0,453.0,1076.0,460.0
2.0,2994.0,1517.0,1510.0,1536.0,1517.0,1517.0,1057.0,453.0,1062.0,455.0
2.0,3013.0,1510.0,1511.0,1517.0,1513.0,1513.0,1058.0,453.0,1056.0,454.0
2.0,3020.0,1496.0,1512.0,1513.0,1499.0,1499.0,1058.0,454.0,1047.0,449.0
2.0,3037.0,1494.0,1513.0,1499.0,1497.0,1497.0,1059.0,454.0,1046.0,448.0
2.0,3042.0,1504.0,1513.0,1497.0,1504.0,1504.0,1059.0,454.0,1054.0,450.0
2.0,3035.0,1514.0,1514.0,1504.0,1517.0,1517.0,1060.0,454.0,1060.0,454.0
2.0,3025.0,1536.0,1514.0,1517.0,1536.0,1536.0,1060.0,454.0,1074.0,462.0
2.0,3006.0,1546.0,1515.0,1536.0,1549.0,1549.0,1061.0,454.0,1082.0,464.0
2.0,2996.0,1561.0,1516.0,1549.0,1564.0,1564.0,1061.0,455.0,1094.0,467.0
2.0,2984.0,1564.0,1517.0,1564.0,1567.0,1567.0,1062.0,455.0,1095.0,469.0
2.0,2984.0,1567.0,1517.0,1567.0,1567.0,1567.0,1062.0,455.0,1098.0,469.0
2.0,2984.0,1558.0,1518.0,1567.0,1561.0,1561.0,1063.0,455.0,1089.0,469.0
2.0,2993.0,1544.0,1519.0,1561.0,1547.0,1547.0,1063.0,456.0,1082.0,462.0
2.0,3010.0,1526.0,1520.0,1547.0,1529.0,1529.0,1064.0,456.0,1068.0,458.0
2.0,3031.0,1516.0,1520.0,1529.0,1516.0,1516.0,1064.0,456.0,1062.0,454.0
2.0,3044.0,1504.0,1520.0,1516.0,1504.0,1504.0,1064.0,456.0,1053.0,451.0
2.0,3056.0,1509.0,1521.0,1504.0,1512.0,1512.0,1065.0,456.0,1055.0,454.0
2.0,3051.0,1510.0,1522.0,1512.0,1513.0,1513.0,1065.0,457.0,1057.0,453.0
2.0,3053.0,1523.0,1523.0,1513.0,1526.0,1526.0,1066.0,457.0,1066.0,457.0
2.0,3043.0,1541.0,1523.0,1526.0,1541.0,1541.0,1066.0,457.0,1080.0,461.0
2.0,3028.0,1554.0,1524.0,1541.0,1557.0,1557.0,1067.0,457.0,1088.0,466.0
2.0,3015.0,1573.0,1524.0,1557.0,1573.0,1573.0,1067.0,457.0,1100.0,473.0
2.0,2999.0,1573.0,1526.0,1573.0,1579.0,1579.0,1068.0,458.0,1101.0,472.0
2.0,2999.0,1576.0,1526.0,1579.0,1576.0,1576.0,1068.0,458.0,1104.0,472.0
2.0,3002.0,1564.0,1527.0,1576.0,1567.0,1567.0,1069.0,458.0,1095.0,469.0
2.0,3014.0,1556.0,1527.0,1567.0,1556.0,1556.0,1069.0,458.0,1088.0,468.0
2.0,3025.0,1535.0,1528.0,1556.0,1538.0,1538.0,1070.0,458.0,1075.0,460.0
2.0,3046.0,1524.0,1529.0,1538.0,1527.0,1527.0,1070.0,459.0,1068.0,456.0
2.0,3060.0,1513.0,1530.0,1527.0,1516.0,1516.0,1071.0,459.0,1059.0,454.0
2.0,3074.0,1514.0,1530.0,1516.0,1514.0,1514.0,1071.0,459.0,1061.0,453.0
2.0,3076.0,1518.0,1530.0,1514.0,1518.0,1518.0,1071.0,459.0,1063.0,455.0
2.0,3072.0,1537.0,1531.0,1518.0,1540.0,1540.0,1072.0,459.0,1075.0,462.0
2.0,3053.0,1547.0,1532.0,1540.0,1550.0,1550.0,1072.0,460.0,1083.0,464.0
2.0,3046.0,1566.0,1533.0,1550.0,1569.0,1569.0,1073.0,460.0,1097.0,469.0
2.0,3030.0,1576.0,1533.0,1569.0,1576.0,1576.0,1073.0,460.0,1103.0,473.0
2.0,3023.0,1581.0,1534.0,1576.0,1584.0,1584.0,1074.0,460.0,1107.0,474.0
2.0,3018.0,1587.0,1534.0,1584.0,1587.0,1587.0,1074.0,460.0,1110.0,477.0
2.0,3015.0,1573.0,1536.0,1587.0,1579.0,1579.0,1075.0,461.0,1101.0,472.0
2.0,3029.0,1562.0,1536.0,1579.0,1562.0,1562.0,1075.0,461.0,1094.0,468.0
2.0,3046.0,1544.0,1537.0,1562.0,1547.0,1547.0,1076.0,461.0,1081.0,463.0
2.0,3064.0,1533.0,1537.0,1547.0,1533.0,1533.0,1076.0,461.0,1074.0,459.0
2.0,3078.0,1524.0,1538.0,1533.0,1527.0,1527.0,1077.0,461.0,1065.0,459.0
2.0,3087.0,1524.0,1539.0,1527.0,1527.0,1527.0,1077.0,462.0,1068.0,456.0
2.0,3090.0,1527.0,1540.0,1527.0,1530.0,1530.0,1078.0,462.0,1069.0,458.0
2.0,3090.0,1543.0,1540.0,1530.0,1543.0,1543.0,1078.0,462.0,1081.0,462.0
2.0,3077.0,1556.0,1540.0,1543.0,1556.0,1556.0,1078.0,462.0,1089.0,467.0
2.0,3064.0,1577.0,1541.0,1556.0,1580.0,1580.0,1079.0,462.0,1103.0,474.0
2.0,3043.0,1584.0,1541.0,1580.0,1584.0,1584.0,1079.0,462.0,1109.0,475.0
2.0,3039.0,1594.0,1543.0,1584.0,1600.0,1600.0,1080.0,463.0,1117.0,477.0
2.0,3029.0,1590.0,1543.0,1600.0,1590.0,1590.0,1080.0,463.0,1113.0,477.0
2.0,3039.0,1581.0,1544.0,1590.0,1584.0,1584.0,1081.0,463.0,1107.0,474.0
2.0,3048.0,1573.0,1544.0,1584.0,1573.0,1573.0,1081.0,463.0,1100.0,473.0
2.0,3059.0,1553.0,1546.0,1573.0,1559.0,1559.0,1082.0,464.0,1087.0,466.0
2.0,3079.0,1542.0,1546.0,1559.0,1542.0,1542.0,1082.0,464.0,1080.0,462.0
2.0,3096.0,1530.0,1547.0,1542.0,1533.0,1533.0,1083.0,464.0,1071.0,459.0
2.0,3108.0,1533.0,1547.0,1533.0,1533.0,1533.0,1083.0,464.0,1074.0,459.0
2.0,3108.0,1539.0,1548.0,1533.0,1542.0,1542.0,1084.0,464.0,1075.0,464.0
2.0,3102.0,1551.0,1549.0,1542.0,1554.0,1554.0,1084.0,465.0,1087.0,464.0
2.0,3093.0,1564.0,1550.0,1554.0,1567.0,1567.0,1085.0,465.0,1095.0,469.0
2.0,3083.0,1583.0,1550.0,1567.0,1583.0,1583.0,1085.0,465.0,1109.0,474.0
2.0,3067.0,1593.0,1551.0,1583.0,1596.0,1596.0,1086.0,465.0,1115.0,478.0
2.0,3057.0,1606.0,1551.0,1596.0,1606.0,1606.0,1086.0,465.0,1123.0,483.0
2.0,3047.0,1598.0,1552.0,1606.0,1601.0,1601.0,1086.0,466.0,1119.0,479.0
2.0,3055.0,1593.0,1553.0,1601.0,1596.0,1596.0,1087.0,466.0,1116.0,477.0
2.0,3063.0,1576.0,1553.0,1596.0,1576.0,1576.0,1087.0,466.0,1103.0,473.0
2.0,3083.0,1564.0,1554.0,1576.0,1567.0,1567.0,1088.0,466.0,1093.0,471.0
2.0,3095.0,1550.0,1554.0,1567.0,1550.0,1550.0,1088.0,466.0,1086.0,464.0
2.0,3112.0,1539.0,1556.0,1550.0,1545.0,1545.0,1089.0,467.0,1077.0,462.0
2.0,3123.0,1541.0,1556.0,1545.0,1541.0,1541.0,1089.0,467.0,1080.0,461.0
2.0,3127.0,1544.0,1557.0,1541.0,1547.0,1547.0,1090.0,467.0,1081.0,463.0
2.0,3124.0,1560.0,1557.0,1547.0,1560.0,1560.0,1090.0,467.0,1093.0,467.0
2.0,3111.0,1576.0,1558.0,1560.0,1579.0,1579.0,1091.0,467.0,1101.0,475.0
2.0,3095.0,1592.0,1559.0,1579.0,1595.0,1595.0,1091.0,468.0,1115.0,477.0
2.0,3082.0,1601.0,1560.0,1595.0,1604.0,1604.0,1092.0,468.0,1121.0,480.0
2.0,3076.0,1611.0,1560.0,1604.0,1611.0,1611.0,1092.0,468.0,1129.0,482.0
2.0,3069.0,1607.0,1560.0,1611.0,1607.0,1607.0,1092.0,468.0,1125.0,482.0
2.0,3073.0,1604.0,1561.0,1607.0,1607.0,1607.0,1093.0,468.0,1122.0,482.0
2.0,3076.0,1585.0,1561.0,1607.0,1585.0,1585.0,1093.0,468.0,1110.0,475.0
2.0,3098.0,1573.0,1563.0,1585.0,1579.0,1579.0,1094.0,469.0,1102.0,471.0
2.0,3110.0,1556.0,1563.0,1579.0,1556.0,1556.0,1094.0,469.0,1089.0,467.0
2.0,3133.0,1547.0,1564.0,1556.0,1550.0,1550.0,1095.0,469.0,1083.0,464.0
2.0,3142.0,1553.0,1564.0,1550.0,1553.0,1553.0,1095.0,469.0,1086.0,467.0
2.0,3139.0,1553.0,1566.0,1553.0,1559.0,1559.0,1096.0,470.0,1087.0,466.0
2.0,3139.0,1569.0,1566.0,1559.0,1569.0,1569.0,1096.0,470.0,1099.0,470.0
2.0,3129.0,1581.0,1567.0,1569.0,1584.0,1584.0,1097.0,470.0,1107.0,474.0
2.0,3117.0,1603.0,1567.0,1584.0,1603.0,1603.0,1097.0,470.0,1121.0,482.0
2.0,3098.0,1610.0,1568.0,1603.0,1613.0,1613.0,1098.0,470.0,1127.0,483.0
2.0,3091.0,1620.0,1569.0,1613.0,1623.0,1623.0,1098.0,471.0,1135.0,485.0
2.0,3084.0,1616.0,1570.0,1623.0,1619.0,1619.0,1099.0,471.0,1131.0,485.0
2.0,3091.0,1610.0,1570.0,1619.0,1610.0,1610.0,1099.0,471.0,1128.0,482.0
2.0,3100.0,1594.0,1571.0,1610.0,1597.0,1597.0,1100.0,471.0,1116.0,478.0
2.0,3116.0,1584.0,1571.0,1597.0,1584.0,1584.0,1100.0,471.0,1108.0,476.0
2.0,3129.0,1565.0,1572.0,1584.0,1568.0,1568.0,1100.0,472.0,1096.0,469.0
2.0,3148.0,1559.0,1573.0,1568.0,1562.0,1562.0,1101.0,472.0,1092.0,467.0
2.0,3157.0,1555.0,1573.0,1562.0,1555.0,1555.0,1101.0,472.0,1089.0,466.0
2.0,3164.0,1561.0,1574.0,1555.0,1564.0,1564.0,1102.0,472.0,1093.0,468.0
2.0,3158.0,1580.0,1574.0,1564.0,1580.0,1580.0,1102.0,472.0,1105.0,475.0
2.0,3142.0,1590.0,1575.0,1580.0,1593.0,1593.0,1103.0,472.0,1113.0,477.0
2.0,3132.0,1610.0,1576.0,1593.0,1613.0,1613.0,1103.0,473.0,1128.0,482.0
2.0,3115.0,1619.0,1577.0,1613.0,1622.0,1622.0,1104.0,473.0,1133.0,486.0
2.0,3109.0,1628.0,1577.0,1622.0,1628.0,1628.0,1104.0,473.0,1141.0,487.0
2.0,3103.0,1627.0,1578.0,1628.0,1630.0,1630.0,1105.0,473.0,1137.0,490.0
2.0,3104.0,1619.0,1579.0,1630.0,1622.0,1622.0,1105.0,474.0,1134.0,485.0
2.0,3115.0,1603.0,1580.0,1622.0,1606.0,1606.0,1106.0,474.0,1122.0,481.0
2.0,3134.0,1590.0,1580.0,1606.0,1590.0,1590.0,1106.0,474.0,1114.0,476.0
2.0,3150.0,1574.0,1580.0,1590.0,1574.0,1574.0,1106.0,474.0,1102.0,472.0
2.0,3166.0,1571.0,1581.0,1574.0,1574.0,1574.0,1107.0,474.0,1099.0,472.0
2.0,3169.0,1564.0,1581.0,1574.0,1564.0,1564.0,1107.0,474.0,1095.0,469.0
2.0,3179.0,1573.0,1583.0,1564.0,1579.0,1579.0,1108.0,475.0,1102.0,471.0
2.0,3170.0,1583.0,1583.0,1579.0,1583.0,1583.0,1108.0,475.0,1108.0,475.0
2.0,3166.0,1599.0,1584.0,1583.0,1602.0,1602.0,1109.0,475.0,1119.0,480.0
2.0,3150.0,1621.0,1584.0,1602.0,1621.0,1621.0,1109.0,475.0,1134.0,487.0
2.0,3131.0,1627.0,1586.0,1621.0,1633.0,1633.0,1110.0,476.0,1139.0,488.0
2.0,3125.0,1637.0,1586.0,1633.0,1637.0,1637.0,1110.0,476.0,1147.0,490.0
2.0,3121.0,1633.0,1587.0,1637.0,1636.0,1636.0,1111.0,476.0,1143.0,490.0
2.0,3125.0,1627.0,1587.0,1636.0,1627.0,1627.0,1111.0,476.0,1140.0,487.0
2.0,3134.0,1614.0,1588.0,1627.0,1617.0,1617.0,1112.0,476.0,1128.0,486.0
2.0,3147.0,1599.0,1588.0,1617.0,1599.0,1599.0,1112.0,476.0,1120.0,479.0
2.0,3165.0,1583.0,1590.0,1599.0,1589.0,1589.0,1113.0,477.0,1108.0,475.0
2.0,3181.0,1577.0,1590.0,1589.0,1577.0,1577.0,1113.0,477.0,1105.0,472.0
2.0,3193.0,1573.0,1591.0,1577.0,1576.0,1576.0,1114.0,477.0,1101.0,472.0
2.0,3197.0,1585.0,1591.0,1576.0,1585.0,1585.0,1114.0,477.0,1108.0,477.0
2.0,3188.0,1591.0,1592.0,1585.0,1594.0,1594.0,1114.0,478.0,1114.0,477.0
2.0,3182.0,1610.0,1593.0,1594.0,1613.0,1613.0,1115.0,478.0,1128.0,482.0
2.0,3166.0,1624.0,1593.0,1613.0,1624.0,1624.0,1115.0,478.0,1137.0,487.0
2.0,3155.0,1637.0,1594.0,1624.0,1640.0,1640.0,1116.0,478.0,1146.0,491.0
2.0,3142.0,1649.0,1594.0,1640.0,1649.0,1649.0,1116.0,478.0,1153.0,496.0
2.0,3133.0,1641.0,1596.0,1649.0,1647.0,1647.0,1117.0,479.0,1149.0,492.0
2.0,3141.0,1636.0,1596.0,1647.0,1636.0,1636.0,1117.0,479.0,1146.0,490.0
2.0,3152.0,1620.0,1597.0,1636.0,1623.0,1623.0,1118.0,479.0,1134.0,486.0
2.0,3168.0,1607.0,1597.0,1623.0,1607.0,1607.0,1118.0,479.0,1126.0,481.0
2.0,3184.0,1594.0,1598.0,1607.0,1597.0,1597.0,1119.0,479.0,1114.0,480.0
2.0,3197.0,1586.0,1599.0,1597.0,1589.0,1589.0,1119.0,480.0,1111.0,475.0
2.0,3208.0,1581.0,1600.0,1589.0,1584.0,1584.0,1120.0,480.0,1107.0,474.0
2.0,3216.0,1590.0,1600.0,1584.0,1590.0,1590.0,1120.0,480.0,1114.0,476.0
2.0,3210.0,1600.0,1601.0,1590.0,1603.0,1603.0,1121.0,480.0,1120.0,480.0
2.0,3200.0,1623.0,1601.0,1603.0,1623.0,1623.0,1121.0,480.0,1135.0,488.0
2.0,3180.0,1633.0,1601.0,1623.0,1633.0,1633.0,1121.0,480.0,1143.0,490.0
2.0,3170.0,1648.0,1603.0,1633.0,1654.0,1654.0,1122.0,481.0,1155.0,493.0
2.0,3155.0,1651.0,1603.0,1654.0,1651.0,1651.0,1122.0,481.0,1156.0,495.0
2.0,3158.0,1653.0,1604.0,1651.0,1656.0,1656.0,1123.0,481.0,1158.0,495.0
2.0,3156.0,1644.0,1604.0,1656.0,1644.0,1644.0,1123.0,481.0,1149.0,495.0
2.0,3168.0,1628.0,1606.0,1644.0,1634.0,1634.0,1124.0,482.0,1140.0,488.0
2.0,3184.0,1616.0,1606.0,1634.0,1616.0,1616.0,1124.0,482.0,1132.0,484.0
2.0,3202.0,1600.0,1607.0,1616.0,1603.0,1603.0,1125.0,482.0,1120.0,480.0
2.0,3218.0,1594.0,1607.0,1603.0,1594.0,1594.0,1125.0,482.0,1117.0,477.0
2.0,3227.0,1593.0,1608.0,1594.0,1596.0,1596.0,1126.0,482.0,1113.0,480.0
2.0,3228.0,1600.0,1609.0,1596.0,1603.0,1603.0,1126.0,483.0,1121.0,479.0
2.0,3224.0,1609.0,1610.0,1603.0,1612.0,1612.0,1127.0,483.0,1126.0,483.0
2.0,3218.0,1628.0,1610.0,1612.0,1628.0,1628.0,1127.0,483.0,1141.0,487.0
2.0,3202.0,1641.0,1611.0,1628.0,1644.0,1644.0,1128.0,483.0,1149.0,492.0
2.0,3189.0,1660.0,1611.0,1644.0,1660.0,1660.0,1128.0,483.0,1161.0,499.0
2.0,3173.0,1660.0,1612.0,1660.0,1663.0,1663.0,1128.0,484.0,1162.0,498.0
2.0,3173.0,1662.0,1613.0,1663.0,1665.0,1665.0,1129.0,484.0,1164.0,498.0
2.0,3174.0,1650.0,1613.0,1665.0,1650.0,1650.0,1129.0,484.0,1155.0,495.0
2.0,3189.0,1640.0,1614.0,1650.0,1643.0,1643.0,1130.0,484.0,1146.0,494.0
2.0,3199.0,1624.0,1614.0,1643.0,1624.0,1624.0,1130.0,484.0,1138.0,486.0
2.0,3218.0,1608.0,1616.0,1624.0,1614.0,1614.0,1131.0,485.0,1126.0,482.0
2.0,3234.0,1603.0,1616.0,1614.0,1603.0,1603.0,1131.0,485.0,1123.0,480.0
2.0,3245.0,1598.0,1617.0,1603.0,1601.0,1601.0,1132.0,485.0,1119.0,479.0
2.0,3250.0,1608.0,1617.0,1601.0,1608.0,1608.0,1132.0,485.0,1127.0,481.0
2.0,3243.0,1620.0,1618.0,1608.0,1623.0,1623.0,1133.0,485.0,1132.0,488.0
2.0,3231.0,1637.0,1619.0,1623.0,1640.0,1640.0,1133.0,486.0,1147.0,490.0
2.0,3217.0,1650.0,1620.0,1640.0,1653.0,1653.0,1134.0,486.0,1155.0,495.0
2.0,3207.0,1666.0,1620.0,1653.0,1666.0,1666.0,1134.0,486.0,1167.0,499.0
2.0,3194.0,1668.0,1621.0,1666.0,1671.0,1671.0,1135.0,486.0,1168.0,500.0
2.0,3192.0,1673.0,1621.0,1671.0,1673.0,1673.0,1135.0,486.0,1170.0,503.0
2.0,3190.0,1659.0,1622.0,1673.0,1662.0,1662.0,1135.0,487.0,1161.0,498.0
2.0,3204.0,1649.0,1623.0,1662.0,1652.0,1652.0,1136.0,487.0,1155.0,494.0
2.0,3217.0,1630.0,1623.0,1652.0,1630.0,1630.0,1136.0,487.0,1141.0,489.0
2.0,3239.0,1617.0,1624.0,1630.0,1620.0,1620.0,1137.0,487.0,1132.0,485.0
2.0,3252.0,1614.0,1624.0,1620.0,1614.0,1614.0,1137.0,487.0,1129.0,485.0
2.0,3258.0,1607.0,1626.0,1614.0,1613.0,1613.0,1138.0,488.0,1125.0,482.0
2.0,3265.0,1617.0,1626.0,1613.0,1617.0,1617.0,1138.0,488.0,1133.0,484.0
2.0,3261.0,1627.0,1627.0,1617.0,1630.0,1630.0,1139.0,488.0,1139.0,488.0
2.0,3251.0,1646.0,1627.0,1630.0,1646.0,1646.0,1139.0,488.0,1153.0,493.0
2.0,3235.0,1661.0,1628.0,1646.0,1664.0,1664.0,1140.0,488.0,1161.0,500.0
2.0,3220.0,1674.0,1628.0,1664.0,1674.0,1674.0,1140.0,488.0,1173.0,501.0
2.0,3210.0,1677.0,1630.0,1674.0,1683.0,1683.0,1141.0,489.0,1174.0,503.0
2.0,3207.0,1680.0,1630.0,1683.0,1680.0,1680.0,1141.0,489.0,1177.0,503.0
2.0,3210.0,1667.0,1631.0,1680.0,1670.0,1670.0,1142.0,489.0,1167.0,500.0
2.0,3223.0,1660.0,1631.0,1670.0,1660.0,1660.0,1142.0,489.0,1161.0,499.0
2.0,3233.0,1639.0,1632.0,1660.0,1642.0,1642.0,1142.0,490.0,1147.0,492.0
2.0,3254.0,1629.0,1633.0,1642.0,1632.0,1632.0,1143.0,490.0,1141.0,488.0
2.0,3267.0,1617.0,1633.0,1632.0,1617.0,1617.0,1143.0,490.0,1132.0,485.0
2.0,3282.0,1616.0,1634.0,1617.0,1619.0,1619.0,1144.0,490.0,1131.0,485.0
2.0,3283.0,1629.0,1634.0,1619.0,1629.0,1629.0,1144.0,490.0,1139.0,490.0
2.0,3273.0,1635.0,1636.0,1629.0,1641.0,1641.0,1145.0,491.0,1145.0,490.0
2.0,3267.0,1654.0,1636.0,1641.0,1654.0,1654.0,1145.0,491.0,1159.0,495.0
2.0,3254.0,1667.0,1637.0,1654.0,1670.0,1670.0,1146.0,491.0,1167.0,500.0
2.0,3241.0,1683.0,1637.0,1670.0,1683.0,1683.0,1146.0,491.0,1179.0,504.0
2.0,3228.0,1689.0,1638.0,1683.0,1692.0,1692.0,1147.0,491.0,1180.0,509.0
2.0,3222.0,1688.0,1639.0,1692.0,1691.0,1691.0,1147.0,492.0,1183.0,505.0
2.0,3226.0,1677.0,1640.0,1691.0,1680.0,1680.0,1148.0,492.0,1174.0,503.0
2.0,3240.0,1666.0,1640.0,1680.0,1666.0,1666.0,1148.0,492.0,1167.0,499.0
2.0,3254.0,1650.0,1641.0,1666.0,1653.0,1653.0,1149.0,492.0,1153.0,497.0
2.0,3270.0,1637.0,1641.0,1653.0,1637.0,1637.0,1149.0,492.0,1147.0,490.0
2.0,3286.0,1626.0,1642.0,1637.0,1629.0,1629.0,1149.0,493.0,1138.0,488.0
2.0,3297.0,1627.0,1643.0,1629.0,1630.0,1630.0,1150.0,493.0,1140.0,487.0
2.0,3299.0,1631.0,1643.0,1630.0,1631.0,1631.0,1150.0,493.0,1142.0,489.0
2.0,3298.0,1647.0,1644.0,1631.0,1650.0,1650.0,1151.0,493.0,1154.0,493.0
2.0,3282.0,1663.0,1644.0,1650.0,1663.0,1663.0,1151.0,493.0,1162.0,501.0
2.0,3269.0,1676.0,1646.0,1663.0,1682.0,1682.0,1152.0,494.0,1173.0,503.0
2.0,3256.0,1691.0,1646.0,1682.0,1691.0,1691.0,1152.0,494.0,1185.0,506.0
2.0,3247.0,1694.0,1647.0,1691.0,1697.0,1697.0,1153.0,494.0,1186.0,508.0
2.0,3244.0,1697.0,1647.0,1697.0,1697.0,1697.0,1153.0,494.0,1189.0,508.0
2.0,3244.0,1688.0,1648.0,1697.0,1691.0,1691.0,1154.0,494.0,1180.0,508.0
2.0,3253.0,1674.0,1648.0,1691.0,1674.0,1674.0,1154.0,494.0,1173.0,501.0
2.0,3270.0,1657.0,1650.0,1674.0,1663.0,1663.0,1155.0,495.0,1160.0,497.0
2.0,3287.0,1646.0,1650.0,1663.0,1646.0,1646.0,1155.0,495.0,1153.0,493.0
2.0,3304.0,1634.0,1651.0,1646.0,1637.0,1637.0,1156.0,495.0,1144.0,490.0
2.0,3316.0,1639.0,1651.0,1637.0,1639.0,1639.0,1156.0,495.0,1146.0,493.0
2.0,3314.0,1640.0,1652.0,1639.0,1643.0,1643.0,1156.0,496.0,1148.0,492.0
2.0,3313.0,1656.0,1653.0,1643.0,1659.0,1659.0,1157.0,496.0,1160.0,496.0
2.0,3300.0,1668.0,1653.0,1659.0,1668.0,1668.0,1157.0,496.0,1168.0,500.0
2.0,3291.0,1687.0,1654.0,1668.0,1690.0,1690.0,1158.0,496.0,1179.0,508.0
2.0,3272.0,1700.0,1654.0,1690.0,1700.0,1700.0,1158.0,496.0,1191.0,509.0
2.0,3262.0,1703.0,1656.0,1700.0,1709.0,1709.0,1159.0,497.0,1192.0,511.0
2.0,3259.0,1706.0,1656.0,1709.0,1706.0,1706.0,1159.0,497.0,1195.0,511.0
2.0,3262.0,1694.0,1657.0,1706.0,1697.0,1697.0,1160.0,497.0,1186.0,508.0
2.0,3274.0,1683.0,1657.0,1697.0,1683.0,1683.0,1160.0,497.0,1179.0,504.0
2.0,3288.0,1668.0,1658.0,1683.0,1671.0,1671.0,1161.0,497.0,1166.0,502.0
2.0,3303.0,1654.0,1659.0,1671.0,1657.0,1657.0,1161.0,498.0,1159.0,495.0
2.0,3320.0,1643.0,1660.0,1657.0,1646.0,1646.0,1162.0,498.0,1150.0,493.0
2.0,3334.0,1644.0,1660.0,1646.0,1644.0,1644.0,1162.0,498.0,1152.0,492.0
2.0,3336.0,1648.0,1661.0,1644.0,1651.0,1651.0,1163.0,498.0,1154.0,494.0
2.0,3332.0,1667.0,1661.0,1651.0,1667.0,1667.0,1163.0,498.0,1166.0,501.0
2.0,3316.0,1677.0,1661.0,1667.0,1677.0,1677.0,1163.0,498.0,1174.0,503.0
2.0,3306.0,1696.0,1663.0,1677.0,1702.0,1702.0,1164.0,499.0,1188.0,508.0
2.0,3287.0,1706.0,1663.0,1702.0,1706.0,1706.0,1164.0,499.0,1194.0,512.0
2.0,3283.0,1711.0,1664.0,1706.0,1714.0,1714.0,1165.0,499.0,1198.0,513.0
2.0,3278.0,1717.0,1664.0,1714.0,1717.0,1717.0,1165.0,499.0,1201.0,516.0
2.0,3275.0,1703.0,1666.0,1717.0,1709.0,1709.0,1166.0,500.0,1192.0,511.0
2.0,3289.0,1692.0,1666.0,1709.0,1692.0,1692.0,1166.0,500.0,1185.0,507.0
2.0,3306.0,1674.0,1667.0,1692.0,1677.0,1677.0,1167.0,500.0,1172.0,502.0
2.0,3324.0,1663.0,1667.0,1677.0,1663.0,1663.0,1167.0,500.0,1165.0,498.0
2.0,3338.0,1654.0,1668.0,1663.0,1657.0,1657.0,1168.0,500.0,1156.0,498.0
2.0,3347.0,1654.0,1668.0,1657.0,1654.0,1654.0,1168.0,500.0,1159.0,495.0
2.0,3350.0,1657.0,1670.0,1654.0,1663.0,1663.0,1169.0,501.0,1160.0,497.0
2.0,3347.0,1673.0,1670.0,1663.0,1673.0,1673.0,1169.0,501.0,1172.0,501.0
2.0,3337.0,1686.0,1671.0,1673.0,1689.0,1689.0,1170.0,501.0,1180.0,506.0
2.0,3324.0,1707.0,1671.0,1689.0,1707.0,1707.0,1170.0,501.0,1194.0,513.0
2.0,3306.0,1714.0,1672.0,1707.0,1717.0,1717.0,1170.0,502.0,1200.0,514.0
2.0,3299.0,1724.0,1673.0,1717.0,1727.0,1727.0,1171.0,502.0,1208.0,516.0
2.0,3292.0,1720.0,1673.0,1727.0,1720.0,1720.0,1171.0,502.0,1204.0,516.0
2.0,3299.0,1711.0,1674.0,1720.0,1714.0,1714.0,1172.0,502.0,1198.0,513.0
2.0,3308.0,1703.0,1674.0,1714.0,1703.0,1703.0,1172.0,502.0,1191.0,512.0
2.0,3319.0,1683.0,1675.0,1703.0,1686.0,1686.0,1173.0,502.0,1178.0,505.0
2.0,3339.0,1672.0,1676.0,1686.0,1675.0,1675.0,1173.0,503.0,1171.0,501.0
2.0,3353.0,1660.0,1677.0,1675.0,1663.0,1663.0,1174.0,503.0,1162.0,498.0
2.0,3368.0,1663.0,1677.0,1663.0,1663.0,1663.0,1174.0,503.0,1165.0,498.0
2.0,3368.0,1669.0,1678.0,1663.0,1672.0,1672.0,1175.0,503.0,1166.0,503.0
2.0,3362.0,1681.0,1679.0,1672.0,1684.0,1684.0,1175.0,504.0,1178.0,503.0
2.0,3353.0,1694.0,1680.0,1684.0,1697.0,1697.0,1176.0,504.0,1186.0,508.0
2.0,3343.0,1713.0,1680.0,1697.0,1713.0,1713.0,1176.0,504.0,1200.0,513.0
2.0,3327.0,1723.0,1681.0,1713.0,1726.0,1726.0,1177.0,504.0,1206.0,517.0
2.0,3317.0,1736.0,1681.0,1726.0,1736.0,1736.0,1177.0,504.0,1214.0,522.0
2.0,3307.0,1728.0,1682.0,1736.0,1731.0,1731.0,1177.0,505.0,1210.0,518.0
2.0,3315.0,1723.0,1683.0,1731.0,1726.0,1726.0,1178.0,505.0,1207.0,516.0
2.0,3323.0,1707.0,1683.0,1726.0,1707.0,1707.0,1178.0,505.0,1195.0,512.0
2.0,3342.0,1691.0,1684.0,1707.0,1694.0,1694.0,1179.0,505.0,1184.0,507.0
2.0,3358.0,1683.0,1684.0,1694.0,1683.0,1683.0,1179.0,505.0,1177.0,506.0
2.0,3369.0,1669.0,1686.0,1683.0,1675.0,1675.0,1180.0,506.0,1168.0,501.0
2.0,3383.0,1671.0,1686.0,1675.0,1671.0,1671.0,1180.0,506.0,1171.0,500.0
2.0,3387.0,1674.0,1687.0,1671.0,1677.0,1677.0,1181.0,506.0,1172.0,502.0
2.0,3384.0,1690.0,1687.0,1677.0,1690.0,1690.0,1181.0,506.0,1184.0,506.0
2.0,3371.0,1706.0,1688.0,1690.0,1709.0,1709.0,1182.0,506.0,1192.0,514.0
2.0,3355.0,1722.0,1688.0,1709.0,1722.0,1722.0,1182.0,506.0,1206.0,516.0
2.0,3342.0,1731.0,1690.0,1722.0,1737.0,1737.0,1183.0,507.0,1212.0,519.0
2.0,3333.0,1741.0,1690.0,1737.0,1741.0,1741.0,1183.0,507.0,1220.0,521.0
2.0,3329.0,1737.0,1691.0,1741.0,1740.0,1740.0,1184.0,507.0,1216.0,521.0
2.0,3333.0,1734.0,1691.0,1740.0,1734.0,1734.0,1184.0,507.0,1213.0,521.0
2.0,3339.0,1715.0,1692.0,1734.0,1718.0,1718.0,1184.0,508.0,1201.0,514.0
2.0,3358.0,1703.0,1693.0,1718.0,1706.0,1706.0,1185.0,508.0,1193.0,510.0
2.0,3373.0,1687.0,1693.0,1706.0,1687.0,1687.0,1185.0,508.0,1181.0,506.0
2.0,3392.0,1677.0,1694.0,1687.0,1680.0,1680.0,1186.0,508.0,1174.0,503.0
2.0,3402.0,1683.0,1694.0,1680.0,1683.0,1683.0,1186.0,508.0,1177.0,506.0
2.0,3399.0,1683.0,1696.0,1683.0,1689.0,1689.0,1187.0,509.0,1178.0,505.0
2.0,3399.0,1699.0,1696.0,1689.0,1699.0,1699.0,1187.0,509.0,1190.0,509.0
2.0,3389.0,1711.0,1697.0,1699.0,1714.0,1714.0,1188.0,509.0,1198.0,513.0
2.0,3377.0,1730.0,1697.0,1714.0,1730.0,1730.0,1188.0,509.0,1212.0,518.0
2.0,3361.0,1743.0,1698.0,1730.0,1746.0,1746.0,1189.0,509.0,1218.0,525.0
2.0,3348.0,1750.0,1699.0,1746.0,1753.0,1753.0,1189.0,510.0,1226.0,524.0
2.0,3344.0,1746.0,1700.0,1753.0,1749.0,1749.0,1190.0,510.0,1222.0,524.0
2.0,3351.0,1740.0,1700.0,1749.0,1740.0,1740.0,1190.0,510.0,1219.0,521.0
2.0,3360.0,1727.0,1701.0,1740.0,1730.0,1730.0,1191.0,510.0,1207.0,520.0
2.0,3373.0,1711.0,1701.0,1730.0,1711.0,1711.0,1191.0,510.0,1199.0,512.0
2.0,3392.0,1695.0,1702.0,1711.0,1698.0,1698.0,1191.0,511.0,1187.0,508.0
2.0,3408.0,1690.0,1703.0,1698.0,1693.0,1693.0,1192.0,511.0,1184.0,506.0
2.0,3416.0,1685.0,1703.0,1693.0,1685.0,1685.0,1192.0,511.0,1180.0,505.0
2.0,3424.0,1694.0,1704.0,1685.0,1697.0,1697.0,1193.0,511.0,1187.0,507.0
2.0,3415.0,1707.0,1704.0,1697.0,1707.0,1707.0,1193.0,511.0,1193.0,514.0
2.0,3405.0,1720.0,1706.0,1707.0,1726.0,1726.0,1194.0,512.0,1204.0,516.0
2.0,3392.0,1740.0,1706.0,1726.0,1740.0,1740.0,1194.0,512.0,1219.0,521.0
2.0,3378.0,1749.0,1707.0,1740.0,1752.0,1752.0,1195.0,512.0,1224.0,525.0
2.0,3369.0,1758.0,1707.0,1752.0,1758.0,1758.0,1195.0,512.0,1232.0,526.0
2.0,3363.0,1757.0,1708.0,1758.0,1760.0,1760.0,1196.0,512.0,1228.0,529.0
2.0,3364.0,1749.0,1709.0,1760.0,1752.0,1752.0,1196.0,513.0,1225.0,524.0
2.0,3375.0,1733.0,1710.0,1752.0,1736.0,1736.0,1197.0,513.0,1213.0,520.0
2.0,3394.0,1720.0,1710.0,1736.0,1720.0,1720.0,1197.0,513.0,1205.0,515.0
2.0,3410.0,1704.0,1711.0,1720.0,1707.0,1707.0,1198.0,513.0,1193.0,511.0
2.0,3426.0,1701.0,1711.0,1707.0,1701.0,1701.0,1198.0,513.0,1190.0,511.0
2.0,3432.0,1694.0,1712.0,1701.0,1697.0,1697.0,1198.0,514.0,1186.0,508.0
2.0,3439.0,1703.0,1713.0,1697.0,1706.0,1706.0,1199.0,514.0,1193.0,510.0
2.0,3433.0,1713.0,1713.0,1706.0,1713.0,1713.0,1199.0,514.0,1199.0,514.0
2.0,3426.0,1729.0,1714.0,1713.0,1732.0,1732.0,1200.0,514.0,1210.0,519.0
2.0,3410.0,1751.0,1714.0,1732.0,1751.0,1751.0,1200.0,514.0,1225.0,526.0
2.0,3391.0,1757.0,1715.0,1751.0,1760.0,1760.0,1201.0,514.0,1230.0,527.0
2.0,3385.0,1767.0,1716.0,1760.0,1770.0,1770.0,1201.0,515.0,1238.0,529.0
2.0,3378.0,1763.0,1717.0,1770.0,1766.0,1766.0,1202.0,515.0,1234.0,529.0
2.0,3385.0,1757.0,1717.0,1766.0,1757.0,1757.0,1202.0,515.0,1231.0,526.0
2.0,3394.0,1744.0,1718.0,1757.0,1747.0,1747.0,1203.0,515.0,1219.0,525.0
2.0,3407.0,1729.0,1719.0,1747.0,1732.0,1732.0,1203.0,516.0,1211.0,518.0
2.0,3425.0,1713.0,1720.0,1732.0,1716.0,1716.0,1204.0,516.0,1199.0,514.0
2.0,3444.0,1707.0,1720.0,1716.0,1707.0,1707.0,1204.0,516.0,1196.0,511.0
2.0,3453.0,1703.0,1721.0,1707.0,1706.0,1706.0,1205.0,516.0,1192.0,511.0
2.0,3457.0,1715.0,1721.0,1706.0,1715.0,1715.0,1205.0,516.0,1199.0,516.0
2.0,3448.0,1721.0,1722.0,1715.0,1724.0,1724.0,1205.0,517.0,1205.0,516.0
2.0,3442.0,1740.0,1723.0,1724.0,1743.0,1743.0,1206.0,517.0,1219.0,521.0
2.0,3426.0,1754.0,1723.0,1743.0,1754.0,1754.0,1206.0,517.0,1228.0,526.0
2.0,3415.0,1770.0,1724.0,1754.0,1773.0,1773.0,1207.0,517.0,1240.0,530.0
2.0,3399.0,1776.0,1724.0,1773.0,1776.0,1776.0,1207.0,517.0,1241.0,535.0
2.0,3396.0,1771.0,1726.0,1776.0,1777.0,1777.0,1208.0,518.0,1240.0,531.0
2.0,3401.0,1766.0,1726.0,1777.0,1766.0,1766.0,1208.0,518.0,1237.0,529.0
2.0,3412.0,1750.0,1727.0,1766.0,1753.0,1753.0,1209.0,518.0,1225.0,525.0
2.0,3428.0,1740.0,1727.0,1753.0,1740.0,1740.0,1209.0,518.0,1217.0,523.0
2.0,3441.0,1721.0,1728.0,1740.0,1724.0,1724.0,1210.0,518.0,1205.0,516.0
2.0,3460.0,1716.0,1729.0,1724.0,1719.0,1719.0,1210.0,519.0,1202.0,514.0
2.0,3468.0,1711.0,1730.0,1719.0,1714.0,1714.0,1211.0,519.0,1198.0,513.0
2.0,3476.0,1720.0,1730.0,1714.0,1720.0,1720.0,1211.0,519.0,1205.0,515.0
2.0,3470.0,1730.0,1731.0,1720.0,1733.0,1733.0,1212.0,519.0,1211.0,519.0
2.0,3460.0,1753.0,1731.0,1733.0,1753.0,1753.0,1212.0,519.0,1226.0,527.0
2.0,3440.0,1763.0,1732.0,1753.0,1766.0,1766.0,1212.0,520.0,1234.0,529.0
2.0,3430.0,1778.0,1733.0,1766.0,1781.0,1781.0,1213.0,520.0,1246.0,532.0
2.0,3418.0,1781.0,1733.0,1781.0,1781.0,1781.0,1213.0,520.0,1247.0,534.0
2.0,3418.0,1783.0,1734.0,1781.0,1786.0,1786.0,1214.0,520.0,1249.0,534.0
2.0,3416.0,1774.0,1734.0,1786.0,1774.0,1774.0,1214.0,520.0,1240.0,534.0
2.0,3428.0,1758.0,1735.0,1774.0,1761.0,1761.0,1215.0,520.0,1231.0,527.0
2.0,3444.0,1746.0,1736.0,1761.0,1749.0,1749.0,1215.0,521.0,1223.0,523.0
2.0,3459.0,1730.0,1737.0,1749.0,1733.0,1733.0,1216.0,521.0,1211.0,519.0
2.0,3478.0,1724.0,1737.0,1733.0,1724.0,1724.0,1216.0,521.0,1208.0,516.0
2.0,3487.0,1723.0,1738.0,1724.0,1726.0,1726.0,1217.0,521.0,1204.0,519.0
2.0,3488.0,1730.0,1739.0,1726.0,1733.0,1733.0,1217.0,522.0,1212.0,518.0
2.0,3484.0,1739.0,1740.0,1733.0,1742.0,1742.0,1218.0,522.0,1217.0,522.0
2.0,3478.0,1758.0,1740.0,1742.0,1758.0,1758.0,1218.0,522.0,1232.0,526.0
2.0,3462.0,1774.0,1741.0,1758.0,1777.0,1777.0,1219.0,522.0,1240.0,534.0
2.0,3446.0,1787.0,1741.0,1777.0,1787.0,1787.0,1219.0,522.0,1252.0,535.0
2.0,3436.0,1790.0,1743.0,1787.0,1796.0,1796.0,1220.0,523.0,1253.0,537.0
2.0,3433.0,1792.0,1743.0,1796.0,1792.0,1792.0,1220.0,523.0,1255.0,537.0
2.0,3437.0,1780.0,1743.0,1792.0,1780.0,1780.0,1220.0,523.0,1246.0,534.0
2.0,3449.0,1770.0,1744.0,1780.0,1773.0,1773.0,1221.0,523.0,1240.0,530.0
2.0,3459.0,1754.0,1744.0,1773.0,1754.0,1754.0,1221.0,523.0,1226.0,528.0
2.0,3478.0,1738.0,1746.0,1754.0,1744.0,1744.0,1222.0,524.0,1217.0,521.0
2.0,3494.0,1733.0,1746.0,1744.0,1733.0,1733.0,1222.0,524.0,1214.0,519.0
2.0,3505.0,1728.0,1747.0,1733.0,1731.0,1731.0,1223.0,524.0,1210.0,518.0
2.0,3510.0,1738.0,1747.0,1731.0,1738.0,1738.0,1223.0,524.0,1218.0,520.0
2.0,3503.0,1750.0,1748.0,1738.0,1753.0,1753.0,1224.0,524.0,1223.0,527.0
2.0,3491.0,1767.0,1748.0,1753.0,1767.0,1767.0,1224.0,524.0,1238.0,529.0
2.0,3477.0,1780.0,1750.0,1767.0,1786.0,1786.0,1225.0,525.0,1246.0,534.0
2.0,3464.0,1796.0,1750.0,1786.0,1796.0,1796.0,1225.0,525.0,1258.0,538.0
2.0,3454.0,1798.0,1751.0,1796.0,1801.0,1801.0,1226.0,525.0,1259.0,539.0
2.0,3452.0,1803.0,1751.0,1801.0,1803.0,1803.0,1226.0,525.0,1261.0,542.0
2.0,3450.0,1789.0,1752.0,1803.0,1792.0,1792.0,1226.0,526.0,1252.0,537.0
2.0,3464.0,1779.0,1753.0,1792.0,1782.0,1782.0,1227.0,526.0,1246.0,533.0
2.0,3477.0,1760.0,1753.0,1782.0,1760.0,1760.0,1227.0,526.0,1232.0,528.0
2.0,3499.0,1747.0,1754.0,1760.0,1750.0,1750.0,1228.0,526.0,1223.0,524.0
2.0,3512.0,1744.0,1754.0,1750.0,1744.0,1744.0,1228.0,526.0,1220.0,524.0
2.0,3518.0,1737.0,1755.0,1744.0,1740.0,1740.0,1229.0,526.0,1216.0,521.0
2.0,3525.0,1747.0,1756.0,1740.0,1750.0,1750.0,1229.0,527.0,1224.0,523.0
2.0,3518.0,1757.0,1757.0,1750.0,1760.0,1760.0,1230.0,527.0,1230.0,527.0
2.0,3511.0,1776.0,1757.0,1760.0,1776.0,1776.0,1230.0,527.0,1244.0,532.0
2.0,3495.0,1791.0,1758.0,1776.0,1794.0,1794.0,1231.0,527.0,1252.0,539.0
2.0,3480.0,1804.0,1759.0,1794.0,1807.0,1807.0,1231.0,528.0,1264.0,540.0
2.0,3470.0,1807.0,1760.0,1807.0,1810.0,1810.0,1232.0,528.0,1265.0,542.0
2.0,3470.0,1810.0,1760.0,1810.0,1810.0,1810.0,1232.0,528.0,1268.0,542.0
2.0,3470.0,1797.0,1761.0,1810.0,1800.0,1800.0,1233.0,528.0,1258.0,539.0
2.0,3483.0,1790.0,1761.0,1800.0,1790.0,1790.0,1233.0,528.0,1252.0,538.0
2.0,3493.0,1769.0,1761.0,1790.0,1769.0,1769.0,1233.0,528.0,1238.0,531.0
2.0,3514.0,1759.0,1763.0,1769.0,1765.0,1765.0,1234.0,529.0,1232.0,527.0
2.0,3524.0,1747.0,1763.0,1765.0,1747.0,1747.0,1234.0,529.0,1223.0,524.0
2.0,3542.0,1746.0,1764.0,1747.0,1749.0,1749.0,1235.0,529.0,1222.0,524.0
2.0,3543.0,1759.0,1764.0,1749.0,1759.0,1759.0,1235.0,529.0,1230.0,529.0
2.0,3533.0,1765.0,1766.0,1759.0,1771.0,1771.0,1236.0,530.0,1236.0,529.0
2.0,3527.0,1784.0,1766.0,1771.0,1784.0,1784.0,1236.0,530.0,1250.0,534.0
2.0,3514.0,1797.0,1767.0,1784.0,1800.0,1800.0,1237.0,530.0,1258.0,539.0
2.0,3501.0,1813.0,1767.0,1800.0,1813.0,1813.0,1237.0,530.0,1270.0,543.0
2.0,3488.0,1819.0,1768.0,1813.0,1822.0,1822.0,1238.0,530.0,1271.0,548.0
2.0,3482.0,1818.0,1769.0,1822.0,1821.0,1821.0,1238.0,531.0,1274.0,544.0
2.0,3486.0,1807.0,1770.0,1821.0,1810.0,1810.0,1239.0,531.0,1265.0,542.0
2.0,3500.0,1796.0,1770.0,1810.0,1796.0,1796.0,1239.0,531.0,1258.0,538.0
2.0,3514.0,1777.0,1771.0,1796.0,1780.0,1780.0,1240.0,531.0,1244.0,533.0
2.0,3533.0,1770.0,1771.0,1780.0,1770.0,1770.0,1240.0,531.0,1238.0,532.0
2.0,3543.0,1756.0,1772.0,1770.0,1759.0,1759.0,1240.0,532.0,1229.0,527.0
2.0,3557.0,1757.0,1773.0,1759.0,1760.0,1760.0,1241.0,532.0,1231.0,526.0
2.0,3559.0,1761.0,1773.0,1760.0,1761.0,1761.0,1241.0,532.0,1233.0,528.0
2.0,3558.0,1774.0,1774.0,1761.0,1777.0,1777.0,1242.0,532.0,1242.0,532.0
2.0,3545.0,1796.0,1774.0,1777.0,1796.0,1796.0,1242.0,532.0,1256.0,540.0
2.0,3526.0,1806.0,1775.0,1796.0,1809.0,1809.0,1243.0,532.0,1264.0,542.0
2.0,3516.0,1821.0,1776.0,1809.0,1824.0,1824.0,1243.0,533.0,1276.0,545.0
2.0,3504.0,1824.0,1777.0,1824.0,1827.0,1827.0,1244.0,533.0,1277.0,547.0
2.0,3504.0,1827.0,1777.0,1827.0,1827.0,1827.0,1244.0,533.0,1280.0,547.0
2.0,3504.0,1818.0,1778.0,1827.0,1821.0,1821.0,1245.0,533.0,1271.0,547.0
2.0,3513.0,1804.0,1779.0,1821.0,1807.0,1807.0,1245.0,534.0,1264.0,540.0
2.0,3530.0,1787.0,1780.0,1807.0,1790.0,1790.0,1246.0,534.0,1251.0,536.0
2.0,3550.0,1776.0,1780.0,1790.0,1776.0,1776.0,1246.0,534.0,1244.0,532.0
2.0,3564.0,1764.0,1781.0,1776.0,1767.0,1767.0,1247.0,534.0,1235.0,529.0
2.0,3576.0,1769.0,1781.0,1767.0,1769.0,1769.0,1247.0,534.0,1237.0,532.0
2.0,3574.0,1770.0,1782.0,1769.0,1773.0,1773.0,1247.0,535.0,1239.0,531.0
2.0,3573.0,1786.0,1783.0,1773.0,1789.0,1789.0,1248.0,535.0,1251.0,535.0
2.0,3560.0,1798.0,1783.0,1789.0,1798.0,1798.0,1248.0,535.0,1259.0,539.0
2.0,3551.0,1817.0,1784.0,1798.0,1820.0,1820.0,1249.0,535.0,1273.0,544.0
2.0,3532.0,1830.0,1784.0,1820.0,1830.0,1830.0,1249.0,535.0,1279.0,551.0
2.0,3522.0,1833.0,1786.0,1830.0,1839.0,1839.0,1250.0,536.0,1283.0,550.0
2.0,3519.0,1836.0,1786.0,1839.0,1836.0,1836.0,1250.0,536.0,1286.0,550.0
2.0,3522.0,1824.0,1787.0,1836.0,1827.0,1827.0,1251.0,536.0,1277.0,547.0
2.0,3534.0,1816.0,1787.0,1827.0,1816.0,1816.0,1251.0,536.0,1270.0,546.0
2.0,3545.0,1795.0,1788.0,1816.0,1798.0,1798.0,1252.0,536.0,1257.0,538.0
2.0,3566.0,1784.0,1789.0,1798.0,1787.0,1787.0,1252.0,537.0,1250.0,534.0
2.0,3580.0,1773.0,1790.0,1787.0,1776.0,1776.0,1253.0,537.0,1241.0,532.0
2.0,3594.0,1775.0,1790.0,1776.0,1775.0,1775.0,1253.0,537.0,1244.0,531.0
2.0,3595.0,1778.0,1791.0,1775.0,1781.0,1781.0,1254.0,537.0,1245.0,533.0
2.0,3592.0,1797.0,1791.0,1781.0,1797.0,1797.0,1254.0,537.0,1257.0,540.0
2.0,3576.0,1807.0,1792.0,1797.0,1810.0,1810.0,1254.0,538.0,1265.0,542.0
2.0,3566.0,1826.0,1793.0,1810.0,1829.0,1829.0,1255.0,538.0,1279.0,547.0
2.0,3550.0,1836.0,1793.0,1829.0,1836.0,1836.0,1255.0,538.0,1285.0,551.0
2.0,3543.0,1845.0,1794.0,1836.0,1848.0,1848.0,1256.0,538.0,1293.0,552.0
2.0,3534.0,1844.0,1794.0,1848.0,1844.0,1844.0,1256.0,538.0,1289.0,555.0
2.0,3538.0,1833.0,1796.0,1844.0,1839.0,1839.0,1257.0,539.0,1283.0,550.0
2.0,3549.0,1822.0,1796.0,1839.0,1822.0,1822.0,1257.0,539.0,1276.0,546.0
2.0,3566.0,1804.0,1797.0,1822.0,1807.0,1807.0,1258.0,539.0,1263.0,541.0
2.0,3584.0,1793.0,1797.0,1807.0,1793.0,1793.0,1258.0,539.0,1256.0,537.0
2.0,3598.0,1784.0,1798.0,1793.0,1787.0,1787.0,1259.0,539.0,1247.0,537.0
2.0,3607.0,1784.0,1799.0,1787.0,1787.0,1787.0,1259.0,540.0,1250.0,534.0
2.0,3610.0,1787.0,1800.0,1787.0,1790.0,1790.0,1260.0,540.0,1251.0,536.0
2.0,3610.0,1803.0,1800.0,1790.0,1803.0,1803.0,1260.0,540.0,1263.0,540.0
2.0,3597.0,1816.0,1801.0,1803.0,1819.0,1819.0,1261.0,540.0,1271.0,545.0
2.0,3584.0,1837.0,1801.0,1819.0,1837.0,1837.0,1261.0,540.0,1285.0,552.0
2.0,3566.0,1844.0,1802.0,1837.0,1847.0,1847.0,1262.0,540.0,1291.0,553.0
2.0,3559.0,1854.0,1803.0,1847.0,1857.0,1857.0,1262.0,541.0,1299.0,555.0
2.0,3552.0,1850.0,1803.0,1857.0,1850.0,1850.0,1262.0,541.0,1295.0,555.0
2.0,3559.0,1844.0,1804.0,1850.0,1847.0,1847.0,1263.0,541.0,1292.0,552.0
2.0,3565.0,1830.0,1804.0,1847.0,1830.0,1830.0,1263.0,541.0,1279.0,551.0
2.0,3582.0,1813.0,1806.0,1830.0,1819.0,1819.0,1264.0,542.0,1269.0,544.0
2.0,3599.0,1802.0,1806.0,1819.0,1802.0,1802.0,1264.0,542.0,1262.0,540.0
2.0,3616.0,1790.0,1807.0,1802.0,1793.0,1793.0,1265.0,542.0,1253.0,537.0
2.0,3628.0,1793.0,1807.0,1793.0,1793.0,1793.0,1265.0,542.0,1256.0,537.0
2.0,3628.0,1799.0,1808.0,1793.0,1802.0,1802.0,1266.0,542.0,1257.0,542.0
2.0,3622.0,1811.0,1809.0,1802.0,1814.0,1814.0,1266.0,543.0,1269.0,542.0
2.0,3613.0,1824.0,1810.0,1814.0,1827.0,1827.0,1267.0,543.0,1277.0,547.0
2.0,3603.0,1843.0,1810.0,1827.0,1843.0,1843.0,1267.0,543.0,1291.0,552.0
2.0,3587.0,1853.0,1811.0,1843.0,1856.0,1856.0,1268.0,543.0,1297.0,556.0
2.0,3577.0,1866.0,1811.0,1856.0,1866.0,1866.0,1268.0,543.0,1305.0,561.0
2.0,3567.0,1858.0,1812.0,1866.0,1861.0,1861.0,1268.0,544.0,1301.0,557.0
2.0,3575.0,1853.0,1813.0,1861.0,1856.0,1856.0,1269.0,544.0,1298.0,555.0
2.0,3583.0,1837.0,1813.0,1856.0,1837.0,1837.0,1269.0,544.0,1286.0,551.0
2.0,3602.0,1827.0,1814.0,1837.0,1830.0,1830.0,1270.0,544.0,1278.0,549.0
2.0,3612.0,1807.0,1814.0,1830.0,1807.0,1807.0,1270.0,544.0,1265.0,542.0
2.0,3635.0,1799.0,1816.0,1807.0,1805.0,1805.0,1271.0,545.0,1259.0,540.0
2.0,3643.0,1801.0,1816.0,1805.0,1801.0,1801.0,1271.0,545.0,1262.0,539.0
2.0,3647.0,1804.0,1817.0,1801.0,1807.0,1807.0,1272.0,545.0,1263.0,541.0
2.0,3644.0,1820.0,1817.0,1807.0,1820.0,1820.0,1272.0,545.0,1275.0,545.0
2.0,3631.0,1836.0,1818.0,1820.0,1839.0,1839.0,1273.0,545.0,1283.0,553.0
2.0,3615.0,1852.0,1819.0,1839.0,1855.0,1855.0,1273.0,546.0,1297.0,555.0
2.0,3602.0,1861.0,1820.0,1855.0,1864.0,1864.0,1274.0,546.0,1303.0,558.0
2.0,3596.0,1871.0,1820.0,1864.0,1871.0,1871.0,1274.0,546.0,1311.0,560.0
2.0,3589.0,1867.0,1821.0,1871.0,1870.0,1870.0,1275.0,546.0,1307.0,560.0
2.0,3593.0,1864.0,1821.0,1870.0,1864.0,1864.0,1275.0,546.0,1304.0,560.0
2.0,3599.0,1845.0,1822.0,1864.0,1848.0,1848.0,1276.0,546.0,1292.0,553.0
2.0,3618.0,1833.0,1823.0,1848.0,1836.0,1836.0,1276.0,547.0,1284.0,549.0
2.0,3633.0,1817.0,1823.0,1836.0,1817.0,1817.0,1276.0,547.0,1272.0,545.0
2.0,3652.0,1810.0,1824.0,1817.0,1813.0,1813.0,1277.0,547.0,1268.0,542.0
2.0,3659.0,1810.0,1824.0,1813.0,1810.0,1810.0,1277.0,547.0,1265.0,545.0
2.0,3662.0,1813.0,1826.0,1810.0,1819.0,1819.0,1278.0,548.0,1269.0,544.0
2.0,3659.0,1829.0,1826.0,1819.0,1829.0,1829.0,1278.0,548.0,1281.0,548.0
2.0,3649.0,1841.0,1827.0,1829.0,1844.0,1844.0,1279.0,548.0,1289.0,552.0
2.0,3637.0,1863.0,1827.0,1844.0,1863.0,1863.0,1279.0,548.0,1303.0,560.0
2.0,3618.0,1870.0,1828.0,1863.0,1873.0,1873.0,1280.0,548.0,1309.0,561.0
2.0,3611.0,1880.0,1829.0,1873.0,1883.0,1883.0,1280.0,549.0,1317.0,563.0
2.0,3604.0,1876.0,1830.0,1883.0,1879.0,1879.0,1281.0,549.0,1313.0,563.0
2.0,3611.0,1870.0,1830.0,1879.0,1870.0,1870.0,1281.0,549.0,1310.0,560.0
2.0,3620.0,1854.0,1831.0,1870.0,1857.0,1857.0,1282.0,549.0,1298.0,556.0
2.0,3636.0,1844.0,1831.0,1857.0,1844.0,1844.0,1282.0,549.0,1290.0,554.0
2.0,3649.0,1825.0,1832.0,1844.0,1828.0,1828.0,1282.0,550.0,1278.0,547.0
2.0,3668.0,1820.0,1833.0,1828.0,1823.0,1823.0,1283.0,550.0,1275.0,545.0
2.0,3676.0,1815.0,1833.0,1823.0,1815.0,1815.0,1283.0,550.0,1271.0,544.0
2.0,3684.0,1821.0,1834.0,1815.0,1824.0,1824.0,1284.0,550.0,1275.0,546.0
2.0,3678.0,1840.0,1834.0,1824.0,1840.0,1840.0,1284.0,550.0,1287.0,553.0
2.0,3662.0,1850.0,1835.0,1840.0,1853.0,1853.0,1285.0,550.0,1295.0,555.0
2.0,3652.0,1870.0,1836.0,1853.0,1873.0,1873.0,1285.0,551.0,1310.0,560.0
2.0,3635.0,1879.0,1837.0,1873.0,1882.0,1882.0,1286.0,551.0,1315.0,564.0
2.0,3629.0,1888.0,1837.0,1882.0,1888.0,1888.0,1286.0,551.0,1323.0,565.0
2.0,3623.0,1887.0,1838.0,1888.0,1890.0,1890.0,1287.0,551.0,1319.0,568.0
2.0,3624.0,1879.0,1839.0,1890.0,1882.0,1882.0,1287.0,552.0,1316.0,563.0
2.0,3635.0,1863.0,1840.0,1882.0,1866.0,1866.0,1288.0,552.0,1304.0,559.0
2.0,3654.0,1850.0,1840.0,1866.0,1850.0,1850.0,1288.0,552.0,1296.0,554.0
2.0,3670.0,1834.0,1841.0,1850.0,1837.0,1837.0,1289.0,552.0,1284.0,550.0
2.0,3686.0,1831.0,1841.0,1837.0,1831.0,1831.0,1289.0,552.0,1281.0,550.0
2.0,3692.0,1824.0,1842.0,1831.0,1827.0,1827.0,1290.0,552.0,1277.0,547.0
2.0,3699.0,1833.0,1843.0,1827.0,1836.0,1836.0,1290.0,553.0,1284.0,549.0
2.0,3693.0,1843.0,1843.0,1836.0,1843.0,1843.0,1290.0,553.0,1290.0,553.0
2.0,3686.0,1862.0,1844.0,1843.0,1865.0,1865.0,1291.0,553.0,1304.0,558.0
2.0,3667.0,1878.0,1844.0,1865.0,1878.0,1878.0,1291.0,553.0,1313.0,565.0
2.0,3654.0,1887.0,1846.0,1878.0,1893.0,1893.0,1292.0,554.0,1321.0,566.0
2.0,3645.0,1897.0,1846.0,1893.0,1897.0,1897.0,1292.0,554.0,1329.0,568.0
2.0,3641.0,1893.0,1847.0,1897.0,1896.0,1896.0,1293.0,554.0,1325.0,568.0
2.0,3645.0,1887.0,1847.0,1896.0,1887.0,1887.0,1293.0,554.0,1322.0,565.0
2.0,3654.0,1874.0,1848.0,1887.0,1877.0,1877.0,1294.0,554.0,1310.0,564.0
2.0,3667.0,1859.0,1848.0,1877.0,1859.0,1859.0,1294.0,554.0,1302.0,557.0
2.0,3685.0,1843.0,1850.0,1859.0,1849.0,1849.0,1295.0,555.0,1290.0,553.0
2.0,3701.0,1837.0,1850.0,1849.0,1837.0,1837.0,1295.0,555.0,1287.0,550.0
2.0,3713.0,1833.0,1851.0,1837.0,1836.0,1836.0,1296.0,555.0,1283.0,550.0
2.0,3717.0,1845.0,1851.0,1836.0,1845.0,1845.0,1296.0,555.0,1290.0,555.0
2.0,3708.0,1851.0,1852.0,1845.0,1854.0,1854.0,1296.0,556.0,1296.0,555.0
2.0,3702.0,1870.0,1853.0,1854.0,1873.0,1873.0,1297.0,556.0,1310.0,560.0
2.0,3686.0,1884.0,1853.0,1873.0,1884.0,1884.0,1297.0,556.0,1319.0,565.0
2.0,3675.0,1900.0,1854.0,1884.0,1903.0,1903.0,1298.0,556.0,1331.0,569.0
2.0,3659.0,1906.0,1854.0,1903.0,1906.0,1906.0,1298.0,556.0,1332.0,574.0
2.0,3656.0,1901.0,1856.0,1906.0,1907.0,1907.0,1299.0,557.0,1331.0,570.0
2.0,3661.0,1896.0,1856.0,1907.0,1896.0,1896.0,1299.0,557.0,1328.0,568.0
2.0,3672.0,1880.0,1857.0,1896.0,1883.0,1883.0,1300.0,557.0,1316.0,564.0
2.0,3688.0,1867.0,1857.0,1883.0,1867.0,1867.0,1300.0,557.0,1308.0,559.0
2.0,3704.0,1854.0,1858.0,1867.0,1857.0,1857.0,1301.0,557.0,1296.0,558.0
2.0,3717.0,1846.0,1859.0,1857.0,1849.0,1849.0,1301.0,558.0,1293.0,553.0
2.0,3728.0,1841.0,1860.0,1849.0,1844.0,1844.0,1302.0,558.0,1289.0,552.0
2.0,3736.0,1850.0,1860.0,1844.0,1850.0,1850.0,1302.0,558.0,1296.0,554.0
2.0,3730.0,1860.0,1861.0,1850.0,1863.0,1863.0,1303.0,558.0,1302.0,558.0
2.0,3720.0,1883.0,1861.0,1863.0,1883.0,1883.0,1303.0,558.0,1317.0,566.0
2.0,3700.0,1893.0,1862.0,1883.0,1896.0,1896.0,1304.0,558.0,1325.0,568.0
2.0,3690.0,1908.0,1863.0,1896.0,1911.0,1911.0,1304.0,559.0,1337.0,571.0
2.0,3678.0,1911.0,1863.0,1911.0,1911.0,1911.0,1304.0,559.0,1338.0,573.0
2.0,3678.0,1913.0,1864.0,1911.0,1916.0,1916.0,1305.0,559.0,1340.0,573.0
2.0,3676.0,1904.0,1864.0,1916.0,1904.0,1904.0,1305.0,559.0,1331.0,573.0
2.0,3688.0,1888.0,1866.0,1904.0,1894.0,1894.0,1306.0,560.0,1322.0,566.0
2.0,3704.0,1876.0,1866.0,1894.0,1876.0,1876.0,1306.0,560.0,1314.0,562.0
2.0,3722.0,1860.0,1867.0,1876.0,1863.0,1863.0,1307.0,560.0,1302.0,558.0
2.0,3738.0,1854.0,1867.0,1863.0,1854.0,1854.0,1307.0,560.0,1299.0,555.0
2.0,3747.0,1853.0,1868.0,1854.0,1856.0,1856.0,1308.0,560.0,1295.0,558.0
2.0,3748.0,1860.0,1869.0,1856.0,1863.0,1863.0,1308.0,561.0,1303.0,557.0
2.0,3744.0,1869.0,1870.0,1863.0,1872.0,1872.0,1309.0,561.0,1308.0,561.0
2.0,3738.0,1888.0,1870.0,1872.0,1888.0,1888.0,1309.0,561.0,1323.0,565.0
2.0,3722.0,1901.0,1871.0,1888.0,1904.0,1904.0,1310.0,561.0,1331.0,570.0
2.0,3709.0,1920.0,1871.0,1904.0,1920.0,1920.0,1310.0,561.0,1343.0,577.0
2.0,3693.0,1920.0,1872.0,1920.0,1923.0,1923.0,1310.0,562.0,1344.0,576.0
2.0,3693.0,1922.0,1873.0,1923.0,1925.0,1925.0,1311.0,562.0,1346.0,576.0
2.0,3694.0,1910.0,1873.0,1925.0,1910.0,1910.0,1311.0,562.0,1337.0,573.0
2.0,3709.0,1900.0,1874.0,1910.0,1903.0,1903.0,1312.0,562.0,1328.0,572.0
2.0,3719.0,1884.0,1874.0,1903.0,1884.0,1884.0,1312.0,562.0,1320.0,564.0
2.0,3738.0,1868.0,1876.0,1884.0,1874.0,1874.0,1313.0,563.0,1308.0,560.0
2.0,3754.0,1863.0,1876.0,1874.0,1863.0,1863.0,1313.0,563.0,1305.0,558.0
2.0,3765.0,1858.0,1877.0,1863.0,1861.0,1861.0,1314.0,563.0,1301.0,557.0
2.0,3770.0,1868.0,1877.0,1861.0,1868.0,1868.0,1314.0,563.0,1309.0,559.0
2.0,3763.0,1880.0,1878.0,1868.0,1883.0,1883.0,1315.0,563.0,1314.0,566.0
2.0,3751.0,1897.0,1879.0,1883.0,1900.0,1900.0,1315.0,564.0,1329.0,568.0
2.0,3737.0,1910.0,1880.0,1900.0,1913.0,1913.0,1316.0,564.0,1337.0,573.0
2.0,3727.0,1926.0,1880.0,1913.0,1926.0,1926.0,1316.0,564.0,1349.0,577.0
2.0,3714.0,1928.0,1881.0,1926.0,1931.0,1931.0,1317.0,564.0,1350.0,578.0
2.0,3712.0,1934.0,1881.0,1931.0,1934.0,1934.0,1317.0,564.0,1353.0,581.0
2.0,3709.0,1919.0,1883.0,1934.0,1925.0,1925.0,1318.0,565.0,1343.0,576.0
2.0,3724.0,1909.0,1883.0,1925.0,1909.0,1909.0,1318.0,565.0,1337.0,572.0
2.0,3740.0,1890.0,1883.0,1909.0,1890.0,1890.0,1318.0,565.0,1323.0,567.0
2.0,3759.0,1880.0,1884.0,1890.0,1883.0,1883.0,1319.0,565.0,1317.0,563.0
2.0,3769.0,1871.0,1884.0,1883.0,1871.0,1871.0,1319.0,565.0,1308.0,563.0
2.0,3781.0,1867.0,1886.0,1871.0,1873.0,1873.0,1320.0,566.0,1307.0,560.0
2.0,3785.0,1877.0,1886.0,1873.0,1877.0,1877.0,1320.0,566.0,1315.0,562.0
2.0,3781.0,1887.0,1887.0,1877.0,1890.0,1890.0,1321.0,566.0,1321.0,566.0
2.0,3771.0,1906.0,1887.0,1890.0,1906.0,1906.0,1321.0,566.0,1335.0,571.0
2.0,3755.0,1921.0,1888.0,1906.0,1924.0,1924.0,1322.0,566.0,1343.0,578.0
2.0,3740.0,1934.0,1888.0,1924.0,1934.0,1934.0,1322.0,566.0,1355.0,579.0
2.0,3730.0,1937.0,1890.0,1934.0,1943.0,1943.0,1323.0,567.0,1356.0,581.0
2.0,3727.0,1940.0,1890.0,1943.0,1940.0,1940.0,1323.0,567.0,1359.0,581.0
2.0,3730.0,1928.0,1891.0,1940.0,1931.0,1931.0,1324.0,567.0,1350.0,578.0
2.0,3742.0,1920.0,1891.0,1931.0,1920.0,1920.0,1324.0,567.0,1343.0,577.0
2.0,3753.0,1899.0,1893.0,1920.0,1905.0,1905.0,1325.0,568.0,1329.0,570.0
2.0,3774.0,1889.0,1893.0,1905.0,1889.0,1889.0,1325.0,568.0,1323.0,566.0
2.0,3790.0,1877.0,1893.0,1889.0,1877.0,1877.0,1325.0,568.0,1314.0,563.0
2.0,3802.0,1879.0,1894.0,1877.0,1882.0,1882.0,1326.0,568.0,1316.0,563.0
2.0,3800.0,1886.0,1894.0,1882.0,1886.0,1886.0,1326.0,568.0,1318.0,568.0
2.0,3796.0,1895.0,1896.0,1886.0,1901.0,1901.0,1327.0,569.0,1327.0,568.0
2.0,3787.0,1914.0,1896.0,1901.0,1914.0,1914.0,1327.0,569.0,1341.0,573.0
2.0,3774.0,1927.0,1897.0,1914.0,1930.0,1930.0,1328.0,569.0,1349.0,578.0
2.0,3761.0,1943.0,1897.0,1930.0,1943.0,1943.0,1328.0,569.0,1361.0,582.0
2.0,3748.0,1949.0,1898.0,1943.0,1952.0,1952.0,1329.0,569.0,1362.0,587.0
2.0,3742.0,1948.0,1899.0,1952.0,1951.0,1951.0,1329.0,570.0,1365.0,583.0
2.0,3746.0,1937.0,1900.0,1951.0,1940.0,1940.0,1330.0,570.0,1356.0,581.0
2.0,3760.0,1926.0,1900.0,1940.0,1926.0,1926.0,1330.0,570.0,1349.0,577.0
2.0,3774.0,1910.0,1901.0,1926.0,1913.0,1913.0,1331.0,570.0,1335.0,575.0
2.0,3790.0,1897.0,1901.0,1913.0,1897.0,1897.0,1331.0,570.0,1329.0,568.0
2.0,3806.0,1886.0,1903.0,1897.0,1892.0,1892.0,1332.0,571.0,1320.0,566.0
2.0,3817.0,1887.0,1903.0,1892.0,1887.0,1887.0,1332.0,571.0,1322.0,565.0
2.0,3822.0,1891.0,1903.0,1887.0,1891.0,1891.0,1332.0,571.0,1324.0,567.0
2.0,3818.0,1907.0,1904.0,1891.0,1910.0,1910.0,1333.0,571.0,1336.0,571.0
2.0,3802.0,1923.0,1904.0,1910.0,1923.0,1923.0,1333.0,571.0,1344.0,579.0
2.0,3789.0,1936.0,1906.0,1923.0,1942.0,1942.0,1334.0,572.0,1355.0,581.0
2.0,3776.0,1951.0,1906.0,1942.0,1951.0,1951.0,1334.0,572.0,1367.0,584.0
2.0,3767.0,1954.0,1907.0,1951.0,1957.0,1957.0,1335.0,572.0,1368.0,586.0
2.0,3764.0,1957.0,1907.0,1957.0,1957.0,1957.0,1335.0,572.0,1371.0,586.0
2.0,3764.0,1948.0,1908.0,1957.0,1951.0,1951.0,1336.0,572.0,1362.0,586.0
2.0,3773.0,1934.0,1908.0,1951.0,1934.0,1934.0,1336.0,572.0,1355.0,579.0
2.0,3790.0,1917.0,1910.0,1934.0,1923.0,1923.0,1337.0,573.0,1342.0,575.0
2.0,3807.0,1906.0,1910.0,1923.0,1906.0,1906.0,1337.0,573.0,1335.0,571.0
2.0,3824.0,1894.0,1911.0,1906.0,1897.0,1897.0,1338.0,573.0,1326.0,568.0
2.0,3836.0,1899.0,1911.0,1897.0,1899.0,1899.0,1338.0,573.0,1328.0,571.0
2.0,3834.0,1900.0,1913.0,1899.0,1906.0,1906.0,1339.0,574.0,1330.0,570.0
2.0,3833.0,1916.0,1913.0,1906.0,1916.0,1916.0,1339.0,574.0,1342.0,574.0
2.0,3823.0,1928.0,1913.0,1916.0,1928.0,1928.0,1339.0,574.0,1350.0,578.0
2.0,3811.0,1950.0,1914.0,1928.0,1953.0,1953.0,1340.0,574.0,1364.0,586.0
2.0,3789.0,1957.0,1914.0,1953.0,1957.0,1957.0,1340.0,574.0,1370.0,587.0
2.0,3785.0,1963.0,1916.0,1957.0,1969.0,1969.0,1341.0,575.0,1374.0,589.0
2.0,3779.0,1966.0,1916.0,1969.0,1966.0,1966.0,1341.0,575.0,1377.0,589.0
2.0,3782.0,1954.0,1917.0,1966.0,1957.0,1957.0,1342.0,575.0,1368.0,586.0
2.0,3794.0,1943.0,1917.0,1957.0,1943.0,1943.0,1342.0,575.0,1361.0,582.0
2.0,3808.0,1928.0,1918.0,1943.0,1931.0,1931.0,1343.0,575.0,1348.0,580.0
2.0,3823.0,1914.0,1919.0,1931.0,1917.0,1917.0,1343.0,576.0,1341.0,573.0
2.0,3840.0,1903.0,1920.0,1917.0,1906.0,1906.0,1344.0,576.0,1332.0,571.0
2.0,3854.0,1905.0,1920.0,1906.0,1905.0,1905.0,1344.0,576.0,1335.0,570.0
2.0,3855.0,1908.0,1921.0,1905.0,1911.0,1911.0,1345.0,576.0,1336.0,572.0
2.0,3852.0,1927.0,1921.0,1911.0,1927.0,1927.0,1345.0,576.0,1348.0,579.0
2.0,3836.0,1937.0,1922.0,1927.0,1940.0,1940.0,1346.0,576.0,1356.0,581.0
2.0,3826.0,1956.0,1923.0,1940.0,1959.0,1959.0,1346.0,577.0,1370.0,586.0
2.0,3810.0,1966.0,1923.0,1959.0,1966.0,1966.0,1346.0,577.0,1376.0,590.0
2.0,3803.0,1975.0,1924.0,1966.0,1978.0,1978.0,1347.0,577.0,1384.0,591.0
2.0,3794.0,1974.0,1924.0,1978.0,1974.0,1974.0,1347.0,577.0,1380.0,594.0
2.0,3798.0,1963.0,1926.0,1974.0,1969.0,1969.0,1348.0,578.0,1374.0,589.0
2.0,3809.0,1952.0,1926.0,1969.0,1952.0,1952.0,1348.0,578.0,1367.0,585.0
2.0,3826.0,1934.0,1927.0,1952.0,1937.0,1937.0,1349.0,578.0,1354.0,580.0
2.0,3844.0,1923.0,1927.0,1937.0,1923.0,1923.0,1349.0,578.0,1347.0,576.0
2.0,3858.0,1914.0,1928.0,1923.0,1917.0,1917.0,1350.0,578.0,1338.0,576.0
2.0,3867.0,1914.0,1928.0,1917.0,1914.0,1914.0,1350.0,578.0,1341.0,573.0
2.0,3870.0,1917.0,1930.0,1914.0,1923.0,1923.0,1351.0,579.0,1342.0,575.0
2.0,3867.0,1933.0,1930.0,1923.0,1933.0,1933.0,1351.0,579.0,1354.0,579.0
2.0,3857.0,1946.0,1931.0,1933.0,1949.0,1949.0,1352.0,579.0,1362.0,584.0
2.0,3844.0,1967.0,1931.0,1949.0,1967.0,1967.0,1352.0,579.0,1376.0,591.0
2.0,3826.0,1974.0,1932.0,1967.0,1977.0,1977.0,1352.0,580.0,1382.0,592.0
2.0,3819.0,1984.0,1933.0,1977.0,1987.0,1987.0,1353.0,580.0,1390.0,594.0
2.0,3812.0,1980.0,1933.0,1987.0,1980.0,1980.0,1353.0,580.0,1386.0,594.0
2.0,3819.0,1974.0,1934.0,1980.0,1977.0,1977.0,1354.0,580.0,1383.0,591.0
2.0,3825.0,1961.0,1934.0,1977.0,1961.0,1961.0,1354.0,580.0,1371.0,590.0
2.0,3841.0,1943.0,1935.0,1961.0,1946.0,1946.0,1355.0,580.0,1360.0,583.0
2.0,3859.0,1932.0,1936.0,1946.0,1935.0,1935.0,1355.0,581.0,1353.0,579.0
2.0,3873.0,1920.0,1937.0,1935.0,1923.0,1923.0,1356.0,581.0,1344.0,576.0
2.0,3888.0,1923.0,1937.0,1923.0,1923.0,1923.0,1356.0,581.0,1347.0,576.0
2.0,3888.0,1929.0,1938.0,1923.0,1932.0,1932.0,1357.0,581.0,1348.0,581.0
2.0,3882.0,1941.0,1939.0,1932.0,1944.0,1944.0,1357.0,582.0,1360.0,581.0
2.0,3873.0,1954.0,1940.0,1944.0,1957.0,1957.0,1358.0,582.0,1368.0,586.0
2.0,3863.0,1973.0,1940.0,1957.0,1973.0,1973.0,1358.0,582.0,1382.0,591.0
2.0,3847.0,1983.0,1941.0,1973.0,1986.0,1986.0,1359.0,582.0,1388.0,595.0
2.0,3837.0,1996.0,1941.0,1986.0,1996.0,1996.0,1359.0,582.0,1396.0,600.0
2.0,3827.0,1988.0,1943.0,1996.0,1994.0,1994.0,1360.0,583.0,1392.0,596.0
2.0,3835.0,1983.0,1943.0,1994.0,1983.0,1983.0,1360.0,583.0,1389.0,594.0
2.0,3846.0,1967.0,1943.0,1983.0,1967.0,1967.0,1360.0,583.0,1377.0,590.0
2.0,3862.0,1954.0,1944.0,1967.0,1957.0,1957.0,1361.0,583.0,1369.0,585.0
2.0,3875.0,1941.0,1944.0,1957.0,1941.0,1941.0,1361.0,583.0,1357.0,584.0
2.0,3891.0,1929.0,1946.0,1941.0,1935.0,1935.0,1362.0,584.0,1350.0,579.0
2.0,3903.0,1931.0,1946.0,1935.0,1931.0,1931.0,1362.0,584.0,1353.0,578.0
2.0,3907.0,1934.0,1947.0,1931.0,1937.0,1937.0,1363.0,584.0,1354.0,580.0
2.0,3904.0,1950.0,1947.0,1937.0,1950.0,1950.0,1363.0,584.0,1366.0,584.0
2.0,3891.0,1966.0,1948.0,1950.0,1969.0,1969.0,1364.0,584.0,1374.0,592.0
2.0,3875.0,1982.0,1948.0,1969.0,1982.0,1982.0,1364.0,584.0,1388.0,594.0
2.0,3862.0,1991.0,1950.0,1982.0,1997.0,1997.0,1365.0,585.0,1394.0,597.0
2.0,3853.0,2001.0,1950.0,1997.0,2001.0,2001.0,1365.0,585.0,1402.0,599.0
2.0,3849.0,1997.0,1951.0,2001.0,2000.0,2000.0,1366.0,585.0,1398.0,599.0
2.0,3853.0,1994.0,1951.0,2000.0,1994.0,1994.0,1366.0,585.0,1395.0,599.0
2.0,3859.0,1975.0,1953.0,1994.0,1981.0,1981.0,1367.0,586.0,1383.0,592.0
2.0,3878.0,1963.0,1953.0,1981.0,1963.0,1963.0,1367.0,586.0,1375.0,588.0
2.0,3896.0,1947.0,1953.0,1963.0,1947.0,1947.0,1367.0,586.0,1363.0,584.0
2.0,3912.0,1941.0,1954.0,1947.0,1944.0,1944.0,1368.0,586.0,1360.0,581.0
2.0,3918.0,1940.0,1954.0,1944.0,1940.0,1940.0,1368.0,586.0,1356.0,584.0
2.0,3922.0,1946.0,1956.0,1940.0,1952.0,1952.0,1369.0,587.0,1363.0,583.0
2.0,3916.0,1956.0,1956.0,1952.0,1956.0,1956.0,1369.0,587.0,1369.0,587.0
2.0,3912.0,1971.0,1957.0,1956.0,1974.0,1974.0,1370.0,587.0,1380.0,591.0
2.0,3897.0,1991.0,1957.0,1974.0,1991.0,1991.0,1370.0,587.0,1395.0,596.0
2.0,3880.0,2003.0,1958.0,1991.0,2006.0,2006.0,1371.0,587.0,1400.0,603.0
2.0,3868.0,2010.0,1959.0,2006.0,2013.0,2013.0,1371.0,588.0,1408.0,602.0
2.0,3864.0,2006.0,1960.0,2013.0,2009.0,2009.0,1372.0,588.0,1404.0,602.0
2.0,3871.0,2000.0,1960.0,2009.0,2000.0,2000.0,1372.0,588.0,1401.0,599.0
2.0,3880.0,1987.0,1961.0,2000.0,1990.0,1990.0,1373.0,588.0,1389.0,598.0
2.0,3893.0,1971.0,1961.0,1990.0,1971.0,1971.0,1373.0,588.0,1381.0,590.0
2.0,3912.0,1955.0,1963.0,1971.0,1961.0,1961.0,1374.0,589.0,1369.0,586.0
2.0,3928.0,1950.0,1963.0,1961.0,1950.0,1950.0,1374.0,589.0,1366.0,584.0
2.0,3939.0,1945.0,1963.0,1950.0,1945.0,1945.0,1374.0,589.0,1362.0,583.0
2.0,3944.0,1954.0,1964.0,1945.0,1957.0,1957.0,1375.0,589.0,1369.0,585.0
2.0,3935.0,1967.0,1964.0,1957.0,1967.0,1967.0,1375.0,589.0,1375.0,592.0
2.0,3925.0,1980.0,1966.0,1967.0,1986.0,1986.0,1376.0,590.0,1386.0,594.0
2.0,3912.0,2000.0,1966.0,1986.0,2000.0,2000.0,1376.0,590.0,1401.0,599.0
2.0,3898.0,2009.0,1967.0,2000.0,2012.0,2012.0,1377.0,590.0,1406.0,603.0
2.0,3889.0,2018.0,1967.0,2012.0,2018.0,2018.0,1377.0,590.0,1414.0,604.0
2.0,3883.0,2017.0,1968.0,2018.0,2020.0,2020.0,1378.0,590.0,1410.0,607.0
2.0,3884.0,2009.0,1969.0,2020.0,2012.0,2012.0,1378.0,591.0,1407.0,602.0
2.0,3895.0,1993.0,1970.0,2012.0,1996.0,1996.0,1379.0,591.0,1395.0,598.0
2.0,3914.0,1980.0,1970.0,1996.0,1980.0,1980.0,1379.0,591.0,1387.0,593.0
2.0,3930.0,1964.0,1971.0,1980.0,1967.0,1967.0,1380.0,591.0,1375.0,589.0
2.0,3946.0,1961.0,1971.0,1967.0,1961.0,1961.0,1380.0,591.0,1372.0,589.0
2.0,3952.0,1954.0,1973.0,1961.0,1960.0,1960.0,1381.0,592.0,1368.0,586.0
2.0,3959.0,1963.0,1973.0,1960.0,1963.0,1963.0,1381.0,592.0,1375.0,588.0
2.0,3956.0,1973.0,1973.0,1963.0,1973.0,1973.0,1381.0,592.0,1381.0,592.0
2.0,3946.0,1992.0,1974.0,1973.0,1995.0,1995.0,1382.0,592.0,1395.0,597.0
2.0,3927.0,2008.0,1974.0,1995.0,2008.0,2008.0,1382.0,592.0,1404.0,604.0
2.0,3914.0,2021.0,1975.0,2008.0,2024.0,2024.0,1383.0,592.0,1416.0,605.0
2.0,3901.0,2024.0,1976.0,2024.0,2027.0,2027.0,1383.0,593.0,1417.0,607.0
2.0,3901.0,2023.0,1977.0,2027.0,2026.0,2026.0,1384.0,593.0,1416.0,607.0
2.0,3905.0,2017.0,1977.0,2026.0,2017.0,2017.0,1384.0,593.0,1413.0,604.0
2.0,3914.0,2004.0,1978.0,2017.0,2007.0,2007.0,1385.0,593.0,1401.0,603.0
2.0,3927.0,1989.0,1979.0,2007.0,1992.0,1992.0,1385.0,594.0,1393.0,596.0
2.0,3945.0,1973.0,1980.0,1992.0,1976.0,1976.0,1386.0,594.0,1381.0,592.0
2.0,3964.0,1967.0,1980.0,1976.0,1967.0,1967.0,1386.0,594.0,1378.0,589.0
2.0,3973.0,1963.0,1981.0,1967.0,1966.0,1966.0,1387.0,594.0,1374.0,589.0
2.0,3977.0,1975.0,1981.0,1966.0,1975.0,1975.0,1387.0,594.0,1381.0,594.0
2.0,3968.0,1981.0,1983.0,1975.0,1987.0,1987.0,1388.0,595.0,1387.0,594.0
2.0,3962.0,2001.0,1983.0,1987.0,2001.0,2001.0,1388.0,595.0,1402.0,599.0
2.0,3948.0,2014.0,1983.0,2001.0,2014.0,2014.0,1388.0,595.0,1410.0,604.0
2.0,3935.0,2030.0,1984.0,2014.0,2033.0,2033.0,1389.0,595.0,1422.0,608.0
2.0,3919.0,2036.0,1984.0,2033.0,2036.0,2036.0,1389.0,595.0,1423.0,613.0
2.0,3916.0,2034.0,1986.0,2036.0,2040.0,2040.0,1390.0,596.0,1425.0,609.0
2.0,3918.0,2023.0,1986.0,2040.0,2023.0,2023.0,1390.0,596.0,1416.0,607.0
2.0,3935.0,2010.0,1987.0,2023.0,2013.0,2013.0,1391.0,596.0,1407.0,603.0
2.0,3948.0,2000.0,1987.0,2013.0,2000.0,2000.0,1391.0,596.0,1399.0,601.0
2.0,3961.0,1981.0,1988.0,2000.0,1984.0,1984.0,1392.0,596.0,1387.0,594.0
2.0,3980.0,1976.0,1989.0,1984.0,1979.0,1979.0,1392.0,597.0,1384.0,592.0
2.0,3988.0,1971.0,1990.0,1979.0,1974.0,1974.0,1393.0,597.0,1380.0,591.0
2.0,3996.0,1981.0,1990.0,1974.0,1981.0,1981.0,1393.0,597.0,1388.0,593.0
2.0,3989.0,1990.0,1991.0,1981.0,1993.0,1993.0,1394.0,597.0,1393.0,597.0
2.0,3980.0,2013.0,1991.0,1993.0,2013.0,2013.0,1394.0,597.0,1408.0,605.0
2.0,3960.0,2023.0,1993.0,2013.0,2029.0,2029.0,1395.0,598.0,1416.0,607.0
2.0,3950.0,2038.0,1993.0,2029.0,2038.0,2038.0,1395.0,598.0,1428.0,610.0
2.0,3941.0,2041.0,1994.0,2038.0,2044.0,2044.0,1396.0,598.0,1429.0,612.0
2.0,3938.0,2043.0,1994.0,2044.0,2043.0,2043.0,1396.0,598.0,1431.0,612.0
2.0,3939.0,2034.0,1994.0,2043.0,2034.0,2034.0,1396.0,598.0,1422.0,612.0
2.0,3948.0,2021.0,1995.0,2034.0,2024.0,2024.0,1397.0,598.0,1416.0,605.0
2.0,3961.0,2003.0,1996.0,2024.0,2006.0,2006.0,1397.0,599.0,1402.0,601.0
2.0,3982.0,1990.0,1997.0,2006.0,1993.0,1993.0,1398.0,599.0,1393.0,597.0
2.0,3998.0,1984.0,1997.0,1993.0,1984.0,1984.0,1398.0,599.0,1390.0,594.0
2.0,4007.0,1983.0,1998.0,1984.0,1986.0,1986.0,1399.0,599.0,1386.0,597.0
2.0,4008.0,1990.0,1999.0,1986.0,1993.0,1993.0,1399.0,600.0,1394.0,596.0
2.0,4004.0,1999.0,2000.0,1993.0,2002.0,2002.0,1400.0,600.0,1399.0,600.0
2.0,3998.0,2018.0,2000.0,2002.0,2018.0,2018.0,1400.0,600.0,1414.0,604.0
2.0,3982.0,2034.0,2001.0,2018.0,2037.0,2037.0,1401.0,600.0,1422.0,612.0
2.0,3966.0,2047.0,2001.0,2037.0,2047.0,2047.0,1401.0,600.0,1434.0,613.0
2.0,3956.0,2050.0,2003.0,2047.0,2056.0,2056.0,1402.0,601.0,1435.0,615.0
2.0,3953.0,2052.0,2003.0,2056.0,2052.0,2052.0,1402.0,601.0,1437.0,615.0
2.0,3957.0,2040.0,2003.0,2052.0,2040.0,2040.0,1402.0,601.0,1428.0,612.0
2.0,3969.0,2030.0,2004.0,2040.0,2033.0,2033.0,1403.0,601.0,1422.0,608.0
2.0,3979.0,2014.0,2004.0,2033.0,2014.0,2014.0,1403.0,601.0,1408.0,606.0
2.0,3998.0,1998.0,2006.0,2014.0,2004.0,2004.0,1404.0,602.0,1399.0,599.0
2.0,4014.0,1993.0,2006.0,2004.0,1993.0,1993.0,1404.0,602.0,1396.0,597.0
2.0,4025.0,1988.0,2007.0,1993.0,1991.0,1991.0,1405.0,602.0,1392.0,596.0
2.0,4030.0,1998.0,2007.0,1991.0,1998.0,1998.0,1405.0,602.0,1400.0,598.0
2.0,4023.0,2011.0,2008.0,1998.0,2014.0,2014.0,1406.0,602.0,1406.0,605.0
2.0,4010.0,2027.0,2008.0,2014.0,2027.0,2027.0,1406.0,602.0,1420.0,607.0
2.0,3997.0,2040.0,2010.0,2027.0,2046.0,2046.0,1407.0,603.0,1428.0,612.0
2.0,3984.0,2056.0,2010.0,2046.0,2056.0,2056.0,1407.0,603.0,1440.0,616.0
2.0,3974.0,2058.0,2011.0,2056.0,2061.0,2061.0,1408.0,603.0,1441.0,617.0
2.0,3972.0,2064.0,2011.0,2061.0,2064.0,2064.0,1408.0,603.0,1444.0,620.0
2.0,3969.0,2049.0,2013.0,2064.0,2055.0,2055.0,1409.0,604.0,1434.0,615.0
2.0,3984.0,2039.0,2013.0,2055.0,2039.0,2039.0,1409.0,604.0,1428.0,611.0
2.0,4000.0,2020.0,2013.0,2039.0,2020.0,2020.0,1409.0,604.0,1414.0,606.0
2.0,4019.0,2010.0,2014.0,2020.0,2013.0,2013.0,1410.0,604.0,1408.0,602.0
2.0,4029.0,2001.0,2014.0,2013.0,2001.0,2001.0,1410.0,604.0,1399.0,602.0
2.0,4041.0,1997.0,2015.0,2001.0,2000.0,2000.0,1411.0,604.0,1398.0,599.0
2.0,4045.0,2007.0,2016.0,2000.0,2010.0,2010.0,1411.0,605.0,1406.0,601.0
2.0,4038.0,2017.0,2017.0,2010.0,2020.0,2020.0,1412.0,605.0,1412.0,605.0
2.0,4031.0,2036.0,2017.0,2020.0,2036.0,2036.0,1412.0,605.0,1426.0,610.0
2.0,4015.0,2051.0,2018.0,2036.0,2054.0,2054.0,1413.0,605.0,1434.0,617.0
2.0,4000.0,2064.0,2019.0,2054.0,2067.0,2067.0,1413.0,606.0,1446.0,618.0
2.0,3990.0,2067.0,2020.0,2067.0,2070.0,2070.0,1414.0,606.0,1447.0,620.0
2.0,3990.0,2070.0,2020.0,2070.0,2070.0,2070.0,1414.0,606.0,1450.0,620.0
2.0,3990.0,2058.0,2021.0,2070.0,2061.0,2061.0,1415.0,606.0,1441.0,617.0
2.0,4002.0,2050.0,2021.0,2061.0,2050.0,2050.0,1415.0,606.0,1434.0,616.0
2.0,4013.0,2029.0,2022.0,2050.0,2032.0,2032.0,1416.0,606.0,1420.0,609.0
2.0,4034.0,2019.0,2023.0,2032.0,2022.0,2022.0,1416.0,607.0,1414.0,605.0
2.0,4047.0,2007.0,2023.0,2022.0,2007.0,2007.0,1416.0,607.0,1405.0,602.0
2.0,4062.0,2009.0,2024.0,2007.0,2012.0,2012.0,1417.0,607.0,1407.0,602.0
2.0,4060.0,2016.0,2024.0,2012.0,2016.0,2016.0,1417.0,607.0,1409.0,607.0
2.0,4056.0,2025.0,2026.0,2016.0,2031.0,2031.0,1418.0,608.0,1418.0,607.0
2.0,4047.0,2044.0,2026.0,2031.0,2044.0,2044.0,1418.0,608.0,1432.0,612.0
2.0,4034.0,2057.0,2027.0,2044.0,2060.0,2060.0,1419.0,608.0,1440.0,617.0
2.0,4021.0,2073.0,2027.0,2060.0,2073.0,2073.0,1419.0,608.0,1452.0,621.0
2.0,4008.0,2079.0,2028.0,2073.0,2082.0,2082.0,1420.0,608.0,1453.0,626.0
2.0,4002.0,2078.0,2029.0,2082.0,2081.0,2081.0,1420.0,609.0,1456.0,622.0
2.0,4006.0,2067.0,2030.0,2081.0,2070.0,2070.0,1421.0,609.0,1447.0,620.0
2.0,4020.0,2056.0,2030.0,2070.0,2056.0,2056.0,1421.0,609.0,1440.0,616.0
2.0,4034.0,2038.0,2031.0,2056.0,2041.0,2041.0,1422.0,609.0,1427.0,611.0
2.0,4052.0,2030.0,2031.0,2041.0,2030.0,2030.0,1422.0,609.0,1420.0,610.0
2.0,4063.0,2016.0,2033.0,2030.0,2022.0,2022.0,1423.0,610.0,1411.0,605.0
2.0,4077.0,2017.0,2033.0,2022.0,2017.0,2017.0,1423.0,610.0,1413.0,604.0
2.0,4082.0,2021.0,2033.0,2017.0,2021.0,2021.0,1423.0,610.0,1415.0,606.0
2.0,4078.0,2037.0,2034.0,2021.0,2040.0,2040.0,1424.0,610.0,1427.0,610.0
2.0,4062.0,2053.0,2034.0,2040.0,2053.0,2053.0,1424.0,610.0,1435.0,618.0
2.0,4049.0,2069.0,2035.0,2053.0,2072.0,2072.0,1425.0,610.0,1449.0,620.0
2.0,4033.0,2078.0,2036.0,2072.0,2081.0,2081.0,1425.0,611.0,1455.0,623.0
2.0,4027.0,2084.0,2037.0,2081.0,2087.0,2087.0,1426.0,611.0,1459.0,625.0
2.0,4024.0,2087.0,2037.0,2087.0,2087.0,2087.0,1426.0,611.0,1462.0,625.0
2.0,4024.0,2078.0,2038.0,2087.0,2081.0,2081.0,1427.0,611.0,1453.0,625.0
2.0,4033.0,2064.0,2039.0,2081.0,2067.0,2067.0,1427.0,612.0,1446.0,618.0
2.0,4050.0,2047.0,2040.0,2067.0,2050.0,2050.0,1428.0,612.0,1433.0,614.0
2.0,4070.0,2036.0,2040.0,2050.0,2036.0,2036.0,1428.0,612.0,1426.0,610.0
2.0,4084.0,2024.0,2041.0,2036.0,2027.0,2027.0,1429.0,612.0,1417.0,607.0
2.0,4096.0,2029.0,2041.0,2027.0,2029.0,2029.0,1429.0,612.0,1419.0,610.0
2.0,4094.0,2030.0,2043.0,2029.0,2036.0,2036.0,1430.0,613.0,1421.0,609.0
2.0,4093.0,2046.0,2043.0,2036.0,2046.0,2046.0,1430.0,613.0,1433.0,613.0
2.0,4083.0,2058.0,2043.0,2046.0,2058.0,2058.0,1430.0,613.0,1441.0,617.0
2.0,4071.0,2077.0,2044.0,2058.0,2080.0,2080.0,1431.0,613.0,1455.0,622.0
2.0,4052.0,2090.0,2044.0,2080.0,2090.0,2090.0,1431.0,613.0,1461.0,629.0
2.0,4042.0,2094.0,2046.0,2090.0,2100.0,2100.0,1432.0,614.0,1466.0,628.0
2.0,4038.0,2096.0,2046.0,2100.0,2096.0,2096.0,1432.0,614.0,1468.0,628.0
2.0,4042.0,2084.0,2047.0,2096.0,2087.0,2087.0,1433.0,614.0,1459.0,625.0
2.0,4054.0,2076.0,2047.0,2087.0,2076.0,2076.0,1433.0,614.0,1452.0,624.0
2.0,4065.0,2055.0,2048.0,2076.0,2058.0,2058.0,1434.0,614.0,1439.0,616.0
2.0,4086.0,2044.0,2049.0,2058.0,2047.0,2047.0,1434.0,615.0,1432.0,612.0
2.0,4100.0,2033.0,2050.0,2047.0,2036.0,2036.0,1435.0,615.0,1423.0,610.0
2.0,4114.0,2035.0,2050.0,2036.0,2035.0,2035.0,1435.0,615.0,1426.0,609.0
2.0,4115.0,2038.0,2051.0,2035.0,2041.0,2041.0,1436.0,615.0,1427.0,611.0
2.0,4112.0,2057.0,2051.0,2041.0,2057.0,2057.0,1436.0,615.0,1439.0,618.0
2.0,4096.0,2067.0,2053.0,2057.0,2073.0,2073.0,1437.0,616.0,1447.0,620.0
2.0,4086.0,2086.0,2053.0,2073.0,2086.0,2086.0,1437.0,616.0,1461.0,625.0
2.0,4073.0,2096.0,2053.0,2086.0,2096.0,2096.0,1437.0,616.0,1467.0,629.0
2.0,4063.0,2105.0,2054.0,2096.0,2108.0,2108.0,1438.0,616.0,1475.0,630.0
2.0,4054.0,2104.0,2054.0,2108.0,2104.0,2104.0,1438.0,616.0,1471.0,633.0
2.0,4058.0,2096.0,2056.0,2104.0,2102.0,2102.0,1439.0,617.0,1468.0,628.0
2.0,4066.0,2079.0,2056.0,2102.0,2079.0,2079.0,1439.0,617.0,1455.0,624.0
2.0,4089.0,2064.0,2057.0,2079.0,2067.0,2067.0,1440.0,617.0,1445.0,619.0
2.0,4104.0,2053.0,2057.0,2067.0,2053.0,2053.0,1440.0,617.0,1438.0,615.0
2.0,4118.0,2044.0,2058.0,2053.0,2047.0,2047.0,1441.0,617.0,1429.0,615.0
2.0,4127.0,2044.0,2059.0,2047.0,2047.0,2047.0,1441.0,618.0,1432.0,612.0
2.0,4130.0,2047.0,2060.0,2047.0,2050.0,2050.0,1442.0,618.0,1433.0,614.0
2.0,4130.0,2063.0,2060.0,2050.0,2063.0,2063.0,1442.0,618.0,1445.0,618.0
2.0,4117.0,2076.0,2061.0,2063.0,2079.0,2079.0,1443.0,618.0,1453.0,623.0
2.0,4104.0,2097.0,2061.0,2079.0,2097.0,2097.0,1443.0,618.0,1467.0,630.0
2.0,4086.0,2104.0,2062.0,2097.0,2107.0,2107.0,1444.0,618.0,1473.0,631.0
2.0,4079.0,2114.0,2063.0,2107.0,2117.0,2117.0,1444.0,619.0,1481.0,633.0
2.0,4072.0,2110.0,2063.0,2117.0,2110.0,2110.0,1444.0,619.0,1477.0,633.0
2.0,4079.0,2104.0,2064.0,2110.0,2107.0,2107.0,1445.0,619.0,1474.0,630.0
2.0,4085.0,2091.0,2064.0,2107.0,2091.0,2091.0,1445.0,619.0,1462.0,629.0
2.0,4101.0,2073.0,2066.0,2091.0,2079.0,2079.0,1446.0,620.0,1451.0,622.0
2.0,4119.0,2062.0,2066.0,2079.0,2062.0,2062.0,1446.0,620.0,1444.0,618.0
2.0,4136.0,2050.0,2067.0,2062.0,2053.0,2053.0,1447.0,620.0,1435.0,615.0
2.0,4148.0,2053.0,2067.0,2053.0,2053.0,2053.0,1447.0,620.0,1438.0,615.0
2.0,4148.0,2059.0,2068.0,2053.0,2062.0,2062.0,1448.0,620.0,1439.0,620.0
2.0,4142.0,2071.0,2069.0,2062.0,2074.0,2074.0,1448.0,621.0,1451.0,620.0
2.0,4133.0,2084.0,2070.0,2074.0,2087.0,2087.0,1449.0,621.0,1459.0,625.0
2.0,4123.0,2103.0,2070.0,2087.0,2103.0,2103.0,1449.0,621.0,1473.0,630.0
2.0,4107.0,2113.0,2071.0,2103.0,2116.0,2116.0,1450.0,621.0,1479.0,634.0
2.0,4097.0,2126.0,2071.0,2116.0,2126.0,2126.0,1450.0,621.0,1487.0,639.0
2.0,4087.0,2118.0,2073.0,2126.0,2124.0,2124.0,1451.0,622.0,1483.0,635.0
2.0,4095.0,2113.0,2073.0,2124.0,2113.0,2113.0,1451.0,622.0,1480.0,633.0
2.0,4106.0,2097.0,2073.0,2113.0,2097.0,2097.0,1451.0,622.0,1468.0,629.0
2.0,4122.0,2087.0,2074.0,2097.0,2090.0,2090.0,1452.0,622.0,1460.0,627.0
2.0,4132.0,2068.0,2074.0,2090.0,2068.0,2068.0,1452.0,622.0,1448.0,620.0
2.0,4154.0,2062.0,2076.0,2068.0,2068.0,2068.0,1453.0,623.0,1444.0,618.0
2.0,4160.0,2058.0,2076.0,2068.0,2058.0,2058.0,1453.0,623.0,1441.0,617.0
2.0,4170.0,2064.0,2077.0,2058.0,2067.0,2067.0,1454.0,623.0,1445.0,619.0
2.0,4164.0,2080.0,2077.0,2067.0,2080.0,2080.0,1454.0,623.0,1457.0,623.0
2.0,4151.0,2096.0,2078.0,2080.0,2099.0,2099.0,1455.0,623.0,1465.0,631.0
2.0,4135.0,2112.0,2079.0,2099.0,2115.0,2115.0,1455.0,624.0,1479.0,633.0
2.0,4122.0,2121.0,2080.0,2115.0,2124.0,2124.0,1456.0,624.0,1485.0,636.0
2.0,4116.0,2131.0,2080.0,2124.0,2131.0,2131.0,1456.0,624.0,1493.0,638.0
2.0,4109.0,2127.0,2081.0,2131.0,2130.0,2130.0,1457.0,624.0,1489.0,638.0
2.0,4113.0,2124.0,2081.0,2130.0,2124.0,2124.0,1457.0,624.0,1486.0,638.0
2.0,4119.0,2105.0,2082.0,2124.0,2108.0,2108.0,1458.0,624.0,1474.0,631.0
2.0,4138.0,2093.0,2083.0,2108.0,2096.0,2096.0,1458.0,625.0,1466.0,627.0
2.0,4153.0,2077.0,2083.0,2096.0,2077.0,2077.0,1458.0,625.0,1454.0,623.0
2.0,4172.0,2071.0,2084.0,2077.0,2074.0,2074.0,1459.0,625.0,1451.0,620.0
2.0,4178.0,2070.0,2084.0,2074.0,2070.0,2070.0,1459.0,625.0,1447.0,623.0
2.0,4182.0,2073.0,2086.0,2070.0,2079.0,2079.0,1460.0,626.0,1451.0,622.0
2.0,4179.0,2089.0,2086.0,2079.0,2089.0,2089.0,1460.0,626.0,1463.0,626.0
2.0,4169.0,2101.0,2087.0,2089.0,2104.0,2104.0,1461.0,626.0,1471.0,630.0
2.0,4157.0,2124.0,2087.0,2104.0,2124.0,2124.0,1461.0,626.0,1486.0,638.0
2.0,4137.0,2130.0,2088.0,2124.0,2133.0,2133.0,1462.0,626.0,1491.0,639.0
2.0,4131.0,2140.0,2089.0,2133.0,2143.0,2143.0,1462.0,627.0,1499.0,641.0
2.0,4124.0,2136.0,2090.0,2143.0,2139.0,2139.0,1463.0,627.0,1495.0,641.0
2.0,4131.0,2130.0,2090.0,2139.0,2130.0,2130.0,1463.0,627.0,1492.0,638.0
2.0,4140.0,2114.0,2091.0,2130.0,2117.0,2117.0,1464.0,627.0,1480.0,634.0
2.0,4156.0,2104.0,2091.0,2117.0,2104.0,2104.0,1464.0,627.0,1472.0,632.0
2.0,4169.0,2085.0,2093.0,2104.0,2091.0,2091.0,1465.0,628.0,1460.0,625.0
2.0,4188.0,2080.0,2093.0,2091.0,2080.0,2080.0,1465.0,628.0,1457.0,623.0
2.0,4199.0,2075.0,2094.0,2080.0,2078.0,2078.0,1466.0,628.0,1453.0,622.0
2.0,4204.0,2084.0,2094.0,2078.0,2084.0,2084.0,1466.0,628.0,1460.0,624.0
2.0,4198.0,2097.0,2094.0,2084.0,2097.0,2097.0,1466.0,628.0,1466.0,631.0
2.0,4185.0,2113.0,2095.0,2097.0,2116.0,2116.0,1467.0,628.0,1480.0,633.0
2.0,4169.0,2127.0,2096.0,2116.0,2130.0,2130.0,1467.0,629.0,1489.0,638.0
2.0,4158.0,2139.0,2097.0,2130.0,2142.0,2142.0,1468.0,629.0,1497.0,642.0
2.0,4149.0,2148.0,2097.0,2142.0,2148.0,2148.0,1468.0,629.0,1505.0,643.0
2.0,4143.0,2147.0,2098.0,2148.0,2150.0,2150.0,1469.0,629.0,1501.0,646.0
2.0,4144.0,2139.0,2099.0,2150.0,2142.0,2142.0,1469.0,630.0,1498.0,641.0
2.0,4155.0,2123.0,2100.0,2142.0,2126.0,2126.0,1470.0,630.0,1486.0,637.0
2.0,4174.0,2110.0,2100.0,2126.0,2110.0,2110.0,1470.0,630.0,1478.0,632.0
2.0,4190.0,2094.0,2101.0,2110.0,2097.0,2097.0,1471.0,630.0,1466.0,628.0
2.0,4206.0,2091.0,2101.0,2097.0,2091.0,2091.0,1471.0,630.0,1463.0,628.0
2.0,4212.0,2084.0,2102.0,2091.0,2087.0,2087.0,1472.0,630.0,1459.0,625.0
2.0,4219.0,2093.0,2103.0,2087.0,2096.0,2096.0,1472.0,631.0,1466.0,627.0
2.0,4213.0,2103.0,2103.0,2096.0,2103.0,2103.0,1472.0,631.0,1472.0,631.0
2.0,4206.0,2122.0,2104.0,2103.0,2125.0,2125.0,1473.0,631.0,1486.0,636.0
2.0,4187.0,2138.0,2104.0,2125.0,2138.0,2138.0,1473.0,631.0,1495.0,643.0
2.0,4174.0,2151.0,2106.0,2138.0,2157.0,2157.0,1474.0,632.0,1507.0,644.0
2.0,4161.0,2154.0,2106.0,2157.0,2154.0,2154.0,1474.0,632.0,1508.0,646.0
2.0,4164.0,2153.0,2107.0,2154.0,2156.0,2156.0,1475.0,632.0,1507.0,646.0
2.0,4165.0,2147.0,2107.0,2156.0,2147.0,2147.0,1475.0,632.0,1504.0,643.0
2.0,4174.0,2134.0,2108.0,2147.0,2137.0,2137.0,1476.0,632.0,1492.0,642.0
2.0,4187.0,2119.0,2108.0,2137.0,2119.0,2119.0,1476.0,632.0,1484.0,635.0
2.0,4205.0,2103.0,2110.0,2119.0,2109.0,2109.0,1477.0,633.0,1472.0,631.0
2.0,4221.0,2097.0,2110.0,2109.0,2097.0,2097.0,1477.0,633.0,1469.0,628.0
2.0,4233.0,2093.0,2111.0,2097.0,2096.0,2096.0,1478.0,633.0,1465.0,628.0
2.0,4237.0,2105.0,2111.0,2096.0,2105.0,2105.0,1478.0,633.0,1472.0,633.0
2.0,4228.0,2111.0,2113.0,2105.0,2117.0,2117.0,1479.0,634.0,1478.0,633.0
2.0,4222.0,2131.0,2113.0,2117.0,2131.0,2131.0,1479.0,634.0,1493.0,638.0
2.0,4208.0,2144.0,2114.0,2131.0,2147.0,2147.0,1480.0,634.0,1501.0,643.0
2.0,4195.0,2160.0,2114.0,2147.0,2160.0,2160.0,1480.0,634.0,1513.0,647.0
2.0,4182.0,2166.0,2114.0,2160.0,2166.0,2166.0,1480.0,634.0,1514.0,652.0
2.0,4176.0,2164.0,2116.0,2166.0,2170.0,2170.0,1481.0,635.0,1516.0,648.0
2.0,4178.0,2153.0,2116.0,2170.0,2153.0,2153.0,1481.0,635.0,1507.0,646.0
2.0,4195.0,2140.0,2117.0,2153.0,2143.0,2143.0,1482.0,635.0,1498.0,642.0
2.0,4208.0,2127.0,2117.0,2143.0,2127.0,2127.0,1482.0,635.0,1490.0,637.0
2.0,4224.0,2114.0,2118.0,2127.0,2117.0,2117.0,1483.0,635.0,1478.0,636.0
2.0,4237.0,2106.0,2119.0,2117.0,2109.0,2109.0,1483.0,636.0,1475.0,631.0
2.0,4248.0,2101.0,2120.0,2109.0,2104.0,2104.0,1484.0,636.0,1471.0,630.0
2.0,4256.0,2111.0,2120.0,2104.0,2111.0,2111.0,1484.0,636.0,1479.0,632.0
2.0,4249.0,2120.0,2121.0,2111.0,2123.0,2123.0,1485.0,636.0,1484.0,636.0
2.0,4240.0,2143.0,2121.0,2123.0,2143.0,2143.0,1485.0,636.0,1499.0,644.0
2.0,4220.0,2153.0,2122.0,2143.0,2156.0,2156.0,1486.0,636.0,1507.0,646.0
2.0,4210.0,2168.0,2123.0,2156.0,2171.0,2171.0,1486.0,637.0,1519.0,649.0
2.0,4198.0,2171.0,2123.0,2171.0,2171.0,2171.0,1486.0,637.0,1520.0,651.0
2.0,4198.0,2173.0,2124.0,2171.0,2176.0,2176.0,1487.0,637.0,1522.0,651.0
2.0,4196.0,2164.0,2124.0,2176.0,2164.0,2164.0,1487.0,637.0,1513.0,651.0
2.0,4208.0,2148.0,2126.0,2164.0,2154.0,2154.0,1488.0,638.0,1504.0,644.0
2.0,4224.0,2136.0,2126.0,2154.0,2136.0,2136.0,1488.0,638.0,1496.0,640.0
2.0,4242.0,2120.0,2127.0,2136.0,2123.0,2123.0,1489.0,638.0,1484.0,636.0
2.0,4258.0,2114.0,2127.0,2123.0,2114.0,2114.0,1489.0,638.0,1481.0,633.0
2.0,4267.0,2113.0,2128.0,2114.0,2116.0,2116.0,1490.0,638.0,1477.0,636.0
2.0,4268.0,2120.0,2129.0,2116.0,2123.0,2123.0,1490.0,639.0,1485.0,635.0
2.0,4264.0,2129.0,2130.0,2123.0,2132.0,2132.0,1491.0,639.0,1490.0,639.0
2.0,4258.0,2148.0,2130.0,2132.0,2148.0,2148.0,1491.0,639.0,1505.0,643.0
2.0,4242.0,2161.0,2131.0,2148.0,2164.0,2164.0,1492.0,639.0,1513.0,648.0
2.0,4229.0,2180.0,2131.0,2164.0,2180.0,2180.0,1492.0,639.0,1525.0,655.0
2.0,4213.0,2180.0,2133.0,2180.0,2186.0,2186.0,1493.0,640.0,1526.0,654.0
2.0,4213.0,2182.0,2133.0,2186.0,2182.0,2182.0,1493.0,640.0,1528.0,654.0
2.0,4217.0,2170.0,2133.0,2182.0,2170.0,2170.0,1493.0,640.0,1519.0,651.0
2.0,4229.0,2163.0,2134.0,2170.0,2166.0,2166.0,1494.0,640.0,1513.0,650.0
2.0,4236.0,2141.0,2134.0,2166.0,2141.0,2141.0,1494.0,640.0,1499.0,642.0
2.0,4261.0,2128.0,2136.0,2141.0,2134.0,2134.0,1495.0,641.0,1490.0,638.0
2.0,4274.0,2123.0,2136.0,2134.0,2123.0,2123.0,1495.0,641.0,1487.0,636.0
2.0,4285.0,2118.0,2137.0,2123.0,2121.0,2121.0,1496.0,641.0,1483.0,635.0
2.0,4290.0,2128.0,2137.0,2121.0,2128.0,2128.0,1496.0,641.0,1491.0,637.0
2.0,4283.0,2141.0,2138.0,2128.0,2144.0,2144.0,1497.0,641.0,1497.0,644.0
2.0,4270.0,2157.0,2139.0,2144.0,2160.0,2160.0,1497.0,642.0,1511.0,646.0
2.0,4257.0,2170.0,2140.0,2160.0,2173.0,2173.0,1498.0,642.0,1519.0,651.0
2.0,4247.0,2186.0,2140.0,2173.0,2186.0,2186.0,1498.0,642.0,1531.0,655.0
2.0,4234.0,2188.0,2141.0,2186.0,2191.0,2191.0,1499.0,642.0,1532.0,656.0
2.0,4232.0,2194.0,2141.0,2191.0,2194.0,2194.0,1499.0,642.0,1535.0,659.0
2.0,4229.0,2179.0,2143.0,2194.0,2185.0,2185.0,1500.0,643.0,1525.0,654.0
2.0,4244.0,2169.0,2143.0,2185.0,2169.0,2169.0,1500.0,643.0,1519.0,650.0
2.0,4260.0,2150.0,2143.0,2169.0,2150.0,2150.0,1500.0,643.0,1505.0,645.0
2.0,4279.0,2140.0,2144.0,2150.0,2143.0,2143.0,1501.0,643.0,1499.0,641.0
2.0,4289.0,2131.0,2144.0,2143.0,2131.0,2131.0,1501.0,643.0,1490.0,641.0
2.0,4301.0,2127.0,2146.0,2131.0,2133.0,2133.0,1502.0,644.0,1489.0,638.0
2.0,4305.0,2137.0,2146.0,2133.0,2137.0,2137.0,1502.0,644.0,1497.0,640.0
2.0,4301.0,2147.0,2147.0,2137.0,2150.0,2150.0,1503.0,644.0,1503.0,644.0
2.0,4291.0,2166.0,2147.0,2150.0,2166.0,2166.0,1503.0,644.0,1517.0,649.0
2.0,4275.0,2181.0,2148.0,2166.0,2184.0,2184.0,1504.0,644.0,1525.0,656.0
2.0,4260.0,2194.0,2148.0,2184.0,2194.0,2194.0,1504.0,644.0,1537.0,657.0
2.0,4250.0,2197.0,2150.0,2194.0,2203.0,2203.0,1505.0,645.0,1538.0,659.0
2.0,4247.0,2200.0,2150.0,2203.0,2200.0,2200.0,1505.0,645.0,1541.0,659.0
2.0,4250.0,2188.0,2151.0,2200.0,2191.0,2191.0,1506.0,645.0,1532.0,656.0
2.0,4262.0,2180.0,2151.0,2191.0,2180.0,2180.0,1506.0,645.0,1525.0,655.0
2.0,4273.0,2159.0,2153.0,2180.0,2165.0,2165.0,1507.0,646.0,1511.0,648.0
2.0,4294.0,2149.0,2153.0,2165.0,2149.0,2149.0,1507.0,646.0,1505.0,644.0
2.0,4310.0,2137.0,2153.0,2149.0,2137.0,2137.0,1507.0,646.0,1496.0,641.0
2.0,4322.0,2139.0,2154.0,2137.0,2142.0,2142.0,1508.0,646.0,1498.0,641.0
2.0,4320.0,2146.0,2154.0,2142.0,2146.0,2146.0,1508.0,646.0,1500.0,646.0
2.0,4316.0,2158.0,2156.0,2146.0,2164.0,2164.0,1509.0,647.0,1512.0,646.0
2.0,4304.0,2171.0,2156.0,2164.0,2171.0,2171.0,1509.0,647.0,1520.0,651.0
2.0,4297.0,2187.0,2157.0,2171.0,2190.0,2190.0,1510.0,647.0,1531.0,656.0
2.0,4281.0,2203.0,2157.0,2190.0,2203.0,2203.0,1510.0,647.0,1543.0,660.0
2.0,4268.0,2209.0,2158.0,2203.0,2212.0,2212.0,1511.0,647.0,1544.0,665.0
2.0,4262.0,2208.0,2159.0,2212.0,2211.0,2211.0,1511.0,648.0,1547.0,661.0
2.0,4266.0,2197.0,2160.0,2211.0,2200.0,2200.0,1512.0,648.0,1538.0,659.0
2.0,4280.0,2186.0,2160.0,2200.0,2186.0,2186.0,1512.0,648.0,1531.0,655.0
2.0,4294.0,2171.0,2161.0,2186.0,2174.0,2174.0,1513.0,648.0,1518.0,653.0
2.0,4309.0,2157.0,2161.0,2174.0,2157.0,2157.0,1513.0,648.0,1511.0,646.0
2.0,4326.0,2146.0,2163.0,2157.0,2152.0,2152.0,1514.0,649.0,1502.0,644.0
2.0,4337.0,2147.0,2163.0,2152.0,2147.0,2147.0,1514.0,649.0,1504.0,643.0
2.0,4342.0,2151.0,2163.0,2147.0,2151.0,2151.0,1514.0,649.0,1506.0,645.0
2.0,4338.0,2167.0,2164.0,2151.0,2170.0,2170.0,1515.0,649.0,1518.0,649.0
2.0,4322.0,2183.0,2164.0,2170.0,2183.0,2183.0,1515.0,649.0,1526.0,657.0
2.0,4309.0,2196.0,2166.0,2183.0,2202.0,2202.0,1516.0,650.0,1537.0,659.0
2.0,4296.0,2211.0,2166.0,2202.0,2211.0,2211.0,1516.0,650.0,1549.0,662.0
2.0,4287.0,2214.0,2167.0,2211.0,2217.0,2217.0,1517.0,650.0,1550.0,664.0
2.0,4284.0,2217.0,2167.0,2217.0,2217.0,2217.0,1517.0,650.0,1553.0,664.0
2.0,4284.0,2208.0,2168.0,2217.0,2211.0,2211.0,1518.0,650.0,1544.0,664.0
2.0,4293.0,2194.0,2168.0,2211.0,2194.0,2194.0,1518.0,650.0,1537.0,657.0
2.0,4310.0,2177.0,2170.0,2194.0,2183.0,2183.0,1519.0,651.0,1524.0,653.0
2.0,4327.0,2166.0,2170.0,2183.0,2166.0,2166.0,1519.0,651.0,1517.0,649.0
2.0,4344.0,2154.0,2171.0,2166.0,2157.0,2157.0,1520.0,651.0,1508.0,646.0
2.0,4356.0,2160.0,2171.0,2157.0,2160.0,2160.0,1520.0,651.0,1511.0,649.0
2.0,4353.0,2160.0,2173.0,2160.0,2166.0,2166.0,1521.0,652.0,1512.0,648.0
2.0,4353.0,2176.0,2173.0,2166.0,2176.0,2176.0,1521.0,652.0,1524.0,652.0
2.0,4343.0,2188.0,2174.0,2176.0,2191.0,2191.0,1522.0,652.0,1532.0,656.0
2.0,4331.0,2210.0,2174.0,2191.0,2210.0,2210.0,1522.0,652.0,1546.0,664.0
2.0,4312.0,2217.0,2174.0,2210.0,2217.0,2217.0,1522.0,652.0,1552.0,665.0
2.0,4305.0,2227.0,2176.0,2217.0,2233.0,2233.0,1523.0,653.0,1560.0,667.0
2.0,4295.0,2223.0,2176.0,2233.0,2223.0,2223.0,1523.0,653.0,1556.0,667.0
2.0,4305.0,2214.0,2177.0,2223.0,2217.0,2217.0,1524.0,653.0,1550.0,664.0
2.0,4314.0,2203.0,2177.0,2217.0,2203.0,2203.0,1524.0,653.0,1543.0,660.0
2.0,4328.0,2188.0,2178.0,2203.0,2191.0,2191.0,1525.0,653.0,1530.0,658.0
2.0,4343.0,2174.0,2179.0,2191.0,2177.0,2177.0,1525.0,654.0,1523.0,651.0
2.0,4360.0,2163.0,2180.0,2177.0,2166.0,2166.0,1526.0,654.0,1514.0,649.0
2.0,4374.0,2165.0,2180.0,2166.0,2165.0,2165.0,1526.0,654.0,1517.0,648.0
2.0,4375.0,2168.0,2181.0,2165.0,2171.0,2171.0,1527.0,654.0,1518.0,650.0
2.0,4372.0,2187.0,2181.0,2171.0,2187.0,2187.0,1527.0,654.0,1530.0,657.0
2.0,4356.0,2197.0,2182.0,2187.0,2200.0,2200.0,1528.0,654.0,1538.0,659.0
2.0,4346.0,2216.0,2183.0,2200.0,2219.0,2219.0,1528.0,655.0,1552.0,664.0
2.0,4330.0,2226.0,2183.0,2219.0,2226.0,2226.0,1528.0,655.0,1558.0,668.0
2.0,4323.0,2235.0,2184.0,2226.0,2238.0,2238.0,1529.0,655.0,1566.0,669.0
2.0,4314.0,2234.0,2184.0,2238.0,2234.0,2234.0,1529.0,655.0,1562.0,672.0
2.0,4318.0,2226.0,2186.0,2234.0,2232.0,2232.0,1530.0,656.0,1559.0,667.0
2.0,4326.0,2209.0,2186.0,2232.0,2209.0,2209.0,1530.0,656.0,1546.0,663.0
2.0,4349.0,2194.0,2187.0,2209.0,2197.0,2197.0,1531.0,656.0,1536.0,658.0
2.0,4364.0,2183.0,2187.0,2197.0,2183.0,2183.0,1531.0,656.0,1529.0,654.0
2.0,4378.0,2174.0,2188.0,2183.0,2177.0,2177.0,1532.0,656.0,1520.0,654.0
2.0,4387.0,2174.0,2188.0,2177.0,2174.0,2174.0,1532.0,656.0,1523.0,651.0
2.0,4390.0,2177.0,2190.0,2174.0,2183.0,2183.0,1533.0,657.0,1524.0,653.0
2.0,4387.0,2193.0,2190.0,2183.0,2193.0,2193.0,1533.0,657.0,1536.0,657.0
2.0,4377.0,2206.0,2191.0,2193.0,2209.0,2209.0,1534.0,657.0,1544.0,662.0
2.0,4364.0,2227.0,2191.0,2209.0,2227.0,2227.0,1534.0,657.0,1558.0,669.0
2.0,4346.0,2234.0,2193.0,2227.0,2240.0,2240.0,1535.0,658.0,1564.0,670.0
2.0,4339.0,2244.0,2193.0,2240.0,2244.0,2244.0,1535.0,658.0,1572.0,672.0
2.0,4335.0,2240.0,2194.0,2244.0,2243.0,2243.0,1536.0,658.0,1568.0,672.0
2.0,4339.0,2234.0,2194.0,2243.0,2234.0,2234.0,1536.0,658.0,1565.0,669.0
2.0,4348.0,2221.0,2194.0,2234.0,2221.0,2221.0,1536.0,658.0,1553.0,668.0
2.0,4361.0,2206.0,2195.0,2221.0,2209.0,2209.0,1537.0,658.0,1545.0,661.0
2.0,4376.0,2189.0,2196.0,2209.0,2192.0,2192.0,1537.0,659.0,1532.0,657.0
2.0,4396.0,2180.0,2197.0,2192.0,2183.0,2183.0,1538.0,659.0,1526.0,654.0
2.0,4408.0,2183.0,2197.0,2183.0,2183.0,2183.0,1538.0,659.0,1529.0,654.0
2.0,4408.0,2189.0,2198.0,2183.0,2192.0,2192.0,1539.0,659.0,1530.0,659.0
2.0,4402.0,2201.0,2199.0,2192.0,2204.0,2204.0,1539.0,660.0,1542.0,659.0
2.0,4393.0,2214.0,2200.0,2204.0,2217.0,2217.0,1540.0,660.0,1550.0,664.0
2.0,4383.0,2233.0,2200.0,2217.0,2233.0,2233.0,1540.0,660.0,1564.0,669.0
2.0,4367.0,2243.0,2201.0,2233.0,2246.0,2246.0,1541.0,660.0,1570.0,673.0
2.0,4357.0,2256.0,2201.0,2246.0,2256.0,2256.0,1541.0,660.0,1578.0,678.0
2.0,4347.0,2248.0,2203.0,2256.0,2254.0,2254.0,1542.0,661.0,1574.0,674.0
2.0,4355.0,2243.0,2203.0,2254.0,2243.0,2243.0,1542.0,661.0,1571.0,672.0
2.0,4366.0,2227.0,2203.0,2243.0,2227.0,2227.0,1542.0,661.0,1559.0,668.0
2.0,4382.0,2214.0,2204.0,2227.0,2217.0,2217.0,1543.0,661.0,1551.0,663.0
2.0,4395.0,2201.0,2204.0,2217.0,2201.0,2201.0,1543.0,661.0,1539.0,662.0
2.0,4411.0,2192.0,2206.0,2201.0,2198.0,2198.0,1544.0,662.0,1535.0,657.0
2.0,4420.0,2188.0,2206.0,2198.0,2188.0,2188.0,1544.0,662.0,1532.0,656.0
2.0,4430.0,2194.0,2207.0,2188.0,2197.0,2197.0,1545.0,662.0,1536.0,658.0
2.0,4424.0,2210.0,2207.0,2197.0,2210.0,2210.0,1545.0,662.0,1548.0,662.0
2.0,4411.0,2226.0,2208.0,2210.0,2229.0,2229.0,1546.0,662.0,1556.0,670.0
2.0,4395.0,2242.0,2208.0,2229.0,2242.0,2242.0,1546.0,662.0,1570.0,672.0
2.0,4382.0,2251.0,2210.0,2242.0,2257.0,2257.0,1547.0,663.0,1576.0,675.0
2.0,4373.0,2261.0,2210.0,2257.0,2261.0,2261.0,1547.0,663.0,1584.0,677.0
2.0,4369.0,2257.0,2211.0,2261.0,2260.0,2260.0,1548.0,663.0,1580.0,677.0
2.0,4373.0,2254.0,2211.0,2260.0,2254.0,2254.0,1548.0,663.0,1577.0,677.0
2.0,4379.0,2235.0,2213.0,2254.0,2241.0,2241.0,1549.0,664.0,1565.0,670.0
2.0,4398.0,2223.0,2213.0,2241.0,2223.0,2223.0,1549.0,664.0,1557.0,666.0
2.0,4416.0,2207.0,2213.0,2223.0,2207.0,2207.0,1549.0,664.0,1545.0,662.0
2.0,4432.0,2201.0,2214.0,2207.0,2204.0,2204.0,1550.0,664.0,1542.0,659.0
2.0,4438.0,2200.0,2214.0,2204.0,2200.0,2200.0,1550.0,664.0,1538.0,662.0
2.0,4442.0,2206.0,2216.0,2200.0,2212.0,2212.0,1551.0,665.0,1545.0,661.0
2.0,4436.0,2216.0,2216.0,2212.0,2216.0,2216.0,1551.0,665.0,1551.0,665.0
2.0,4432.0,2231.0,2217.0,2216.0,2234.0,2234.0,1552.0,665.0,1562.0,669.0
2.0,4417.0,2251.0,2217.0,2234.0,2251.0,2251.0,1552.0,665.0,1577.0,674.0
2.0,4400.0,2263.0,2218.0,2251.0,2266.0,2266.0,1553.0,665.0,1582.0,681.0
2.0,4388.0,2270.0,2219.0,2266.0,2273.0,2273.0,1553.0,666.0,1590.0,680.0
2.0,4384.0,2266.0,2220.0,2273.0,2269.0,2269.0,1554.0,666.0,1586.0,680.0
2.0,4391.0,2260.0,2220.0,2269.0,2260.0,2260.0,1554.0,666.0,1583.0,677.0
2.0,4400.0,2247.0,2221.0,2260.0,2250.0,2250.0,1555.0,666.0,1571.0,676.0
2.0,4413.0,2231.0,2221.0,2250.0,2231.0,2231.0,1555.0,666.0,1563.0,668.0
2.0,4432.0,2215.0,2223.0,2231.0,2221.0,2221.0,1556.0,667.0,1551.0,664.0
2.0,4448.0,2210.0,2223.0,2221.0,2210.0,2210.0,1556.0,667.0,1548.0,662.0
2.0,4459.0,2205.0,2223.0,2210.0,2205.0,2205.0,1556.0,667.0,1544.0,661.0
2.0,4464.0,2214.0,2224.0,2205.0,2217.0,2217.0,1557.0,667.0,1551.0,663.0
2.0,4455.0,2227.0,2224.0,2217.0,2227.0,2227.0,1557.0,667.0,1557.0,670.0
2.0,4445.0,2240.0,2226.0,2227.0,2246.0,2246.0,1558.0,668.0,1568.0,672.0
2.0,4432.0,2260.0,2226.0,2246.0,2260.0,2260.0,1558.0,668.0,1583.0,677.0
2.0,4418.0,2270.0,2227.0,2260.0,2273.0,2273.0,1559.0,668.0,1589.0,681.0
2.0,4408.0,2278.0,2227.0,2273.0,2278.0,2278.0,1559.0,668.0,1596.0,682.0
2.0,4403.0,2277.0,2228.0,2278.0,2280.0,2280.0,1560.0,668.0,1592.0,685.0
2.0,4404.0,2269.0,2229.0,2280.0,2272.0,2272.0,1560.0,669.0,1589.0,680.0
2.0,4415.0,2253.0,2230.0,2272.0,2256.0,2256.0,1561.0,669.0,1577.0,676.0
2.0,4434.0,2240.0,2230.0,2256.0,2240.0,2240.0,1561.0,669.0,1569.0,671.0
2.0,4450.0,2224.0,2231.0,2240.0,2227.0,2227.0,1562.0,669.0,1557.0,667.0
2.0,4466.0,2221.0,2231.0,2227.0,2221.0,2221.0,1562.0,669.0,1554.0,667.0
2.0,4472.0,2214.0,2233.0,2221.0,2220.0,2220.0,1563.0,670.0,1550.0,664.0
2.0,4479.0,2223.0,2233.0,2220.0,2223.0,2223.0,1563.0,670.0,1557.0,666.0
2.0,4476.0,2233.0,2234.0,2223.0,2236.0,2236.0,1564.0,670.0,1563.0,670.0
2.0,4466.0,2252.0,2234.0,2236.0,2252.0,2252.0,1564.0,670.0,1577.0,675.0
2.0,4450.0,2268.0,2234.0,2252.0,2268.0,2268.0,1564.0,670.0,1586.0,682.0
2.0,4434.0,2281.0,2235.0,2268.0,2284.0,2284.0,1565.0,670.0,1598.0,683.0
2.0,4421.0,2284.0,2236.0,2284.0,2287.0,2287.0,1565.0,671.0,1599.0,685.0
2.0,4421.0,2283.0,2237.0,2287.0,2286.0,2286.0,1566.0,671.0,1598.0,685.0
2.0,4425.0,2277.0,2237.0,2286.0,2277.0,2277.0,1566.0,671.0,1595.0,682.0
2.0,4434.0,2264.0,2238.0,2277.0,2267.0,2267.0,1567.0,671.0,1583.0,681.0
2.0,4447.0,2249.0,2239.0,2267.0,2252.0,2252.0,1567.0,672.0,1575.0,674.0
2.0,4465.0,2233.0,2240.0,2252.0,2236.0,2236.0,1568.0,672.0,1563.0,670.0
2.0,4484.0,2227.0,2240.0,2236.0,2227.0,2227.0,1568.0,672.0,1560.0,667.0
2.0,4493.0,2223.0,2241.0,2227.0,2226.0,2226.0,1569.0,672.0,1556.0,667.0
2.0,4497.0,2235.0,2241.0,2226.0,2235.0,2235.0,1569.0,672.0,1563.0,672.0
2.0,4488.0,2241.0,2243.0,2235.0,2247.0,2247.0,1570.0,673.0,1569.0,672.0
2.0,4482.0,2261.0,2243.0,2247.0,2261.0,2261.0,1570.0,673.0,1584.0,677.0
2.0,4468.0,2274.0,2244.0,2261.0,2277.0,2277.0,1571.0,673.0,1592.0,682.0
2.0,4455.0,2290.0,2244.0,2277.0,2290.0,2290.0,1571.0,673.0,1604.0,686.0
2.0,4442.0,2296.0,2244.0,2290.0,2296.0,2296.0,1571.0,673.0,1605.0,691.0
2.0,4436.0,2294.0,2246.0,2296.0,2300.0,2300.0,1572.0,674.0,1607.0,687.0
2.0,4438.0,2283.0,2246.0,2300.0,2283.0,2283.0,1572.0,674.0,1598.0,685.0
2.0,4455.0,2270.0,2247.0,2283.0,2273.0,2273.0,1573.0,674.0,1589.0,681.0
2.0,4468.0,2260.0,2247.0,2273.0,2260.0,2260.0,1573.0,674.0,1581.0,679.0
2.0,4481.0,2241.0,2248.0,2260.0,2244.0,2244.0,1574.0,674.0,1569.0,672.0
2.0,4500.0,2236.0,2249.0,2244.0,2239.0,2239.0,1574.0,675.0,1566.0,670.0
2.0,4508.0,2231.0,2250.0,2239.0,2234.0,2234.0,1575.0,675.0,1562.0,669.0
2.0,4516.0,2241.0,2250.0,2234.0,2241.0,2241.0,1575.0,675.0,1570.0,671.0
2.0,4509.0,2250.0,2251.0,2241.0,2253.0,2253.0,1576.0,675.0,1575.0,675.0
2.0,4500.0,2273.0,2251.0,2253.0,2273.0,2273.0,1576.0,675.0,1590.0,683.0
2.0,4480.0,2283.0,2253.0,2273.0,2289.0,2289.0,1577.0,676.0,1598.0,685.0
2.0,4470.0,2298.0,2253.0,2289.0,2298.0,2298.0,1577.0,676.0,1610.0,688.0
2.0,4461.0,2301.0,2254.0,2298.0,2304.0,2304.0,1578.0,676.0,1611.0,690.0
2.0,4458.0,2303.0,2254.0,2304.0,2303.0,2303.0,1578.0,676.0,1613.0,690.0
2.0,4459.0,2294.0,2254.0,2303.0,2294.0,2294.0,1578.0,676.0,1604.0,690.0
2.0,4468.0,2281.0,2255.0,2294.0,2284.0,2284.0,1579.0,676.0,1598.0,683.0
2.0,4481.0,2263.0,2256.0,2284.0,2266.0,2266.0,1579.0,677.0,1584.0,679.0
2.0,4502.0,2250.0,2257.0,2266.0,2253.0,2253.0,1580.0,677.0,1575.0,675.0
2.0,4518.0,2244.0,2257.0,2253.0,2244.0,2244.0,1580.0,677.0,1572.0,672.0
2.0,4527.0,2243.0,2258.0,2244.0,2246.0,2246.0,1581.0,677.0,1568.0,675.0
2.0,4528.0,2250.0,2259.0,2246.0,2253.0,2253.0,1581.0,678.0,1576.0,674.0
2.0,4524.0,2260.0,2260.0,2253.0,2263.0,2263.0,1582.0,678.0,1582.0,678.0
2.0,4517.0,2278.0,2260.0,2263.0,2278.0,2278.0,1582.0,678.0,1596.0,682.0
2.0,4502.0,2294.0,2261.0,2278.0,2297.0,2297.0,1583.0,678.0,1604.0,690.0
2.0,4486.0,2307.0,2261.0,2297.0,2307.0,2307.0,1583.0,678.0,1616.0,691.0
2.0,4476.0,2310.0,2263.0,2307.0,2316.0,2316.0,1584.0,679.0,1617.0,693.0
2.0,4473.0,2313.0,2263.0,2316.0,2313.0,2313.0,1584.0,679.0,1620.0,693.0
2.0,4476.0,2300.0,2264.0,2313.0,2303.0,2303.0,1585.0,679.0,1610.0,690.0
2.0,4489.0,2290.0,2264.0,2303.0,2290.0,2290.0,1585.0,679.0,1604.0,686.0
2.0,4502.0,2274.0,2264.0,2290.0,2274.0,2274.0,1585.0,679.0,1590.0,684.0
2.0,4518.0,2261.0,2266.0,2274.0,2267.0,2267.0,1586.0,680.0,1584.0,677.0
2.0,4531.0,2250.0,2266.0,2267.0,2250.0,2250.0,1586.0,680.0,1575.0,675.0
2.0,4548.0,2248.0,2267.0,2250.0,2251.0,2251.0,1587.0,680.0,1574.0,674.0
2.0,4550.0,2258.0,2267.0,2251.0,2258.0,2258.0,1587.0,680.0,1582.0,676.0
2.0,4543.0,2271.0,2268.0,2258.0,2274.0,2274.0,1588.0,680.0,1588.0,683.0
2.0,4530.0,2287.0,2268.0,2274.0,2287.0,2287.0,1588.0,680.0,1602.0,685.0
2.0,4517.0,2300.0,2270.0,2287.0,2306.0,2306.0,1589.0,681.0,1610.0,690.0
2.0,4504.0,2316.0,2270.0,2306.0,2316.0,2316.0,1589.0,681.0,1622.0,694.0
2.0,4494.0,2318.0,2271.0,2316.0,2321.0,2321.0,1590.0,681.0,1623.0,695.0
2.0,4492.0,2324.0,2271.0,2321.0,2324.0,2324.0,1590.0,681.0,1626.0,698.0
2.0,4489.0,2310.0,2273.0,2324.0,2316.0,2316.0,1591.0,682.0,1617.0,693.0
2.0,4503.0,2299.0,2273.0,2316.0,2299.0,2299.0,1591.0,682.0,1610.0,689.0
2.0,4520.0,2280.0,2274.0,2299.0,2283.0,2283.0,1592.0,682.0,1596.0,684.0
2.0,4539.0,2270.0,2274.0,2283.0,2270.0,2270.0,1592.0,682.0,1590.0,680.0
2.0,4552.0,2261.0,2274.0,2270.0,2261.0,2261.0,1592.0,682.0,1581.0,680.0
2.0,4561.0,2260.0,2275.0,2261.0,2263.0,2263.0,1593.0,682.0,1583.0,677.0
2.0,4562.0,2264.0,2276.0,2263.0,2267.0,2267.0,1593.0,683.0,1585.0,679.0
2.0,4561.0,2277.0,2277.0,2267.0,2280.0,2280.0,1594.0,683.0,1594.0,683.0
2.0,4551.0,2296.0,2277.0,2280.0,2296.0,2296.0,1594.0,683.0,1608.0,688.0
2.0,4535.0,2311.0,2278.0,2296.0,2314.0,2314.0,1595.0,683.0,1616.0,695.0
2.0,4520.0,2324.0,2279.0,2314.0,2327.0,2327.0,1595.0,684.0,1628.0,696.0
2.0,4510.0,2327.0,2280.0,2327.0,2330.0,2330.0,1596.0,684.0,1629.0,698.0
2.0,4510.0,2330.0,2280.0,2330.0,2330.0,2330.0,1596.0,684.0,1632.0,698.0
2.0,4510.0,2318.0,2281.0,2330.0,2321.0,2321.0,1597.0,684.0,1623.0,695.0
2.0,4522.0,2310.0,2281.0,2321.0,2310.0,2310.0,1597.0,684.0,1616.0,694.0
2.0,4533.0,2290.0,2282.0,2310.0,2293.0,2293.0,1598.0,684.0,1603.0,687.0
2.0,4553.0,2279.0,2283.0,2293.0,2282.0,2282.0,1598.0,685.0,1596.0,683.0
2.0,4567.0,2267.0,2284.0,2282.0,2270.0,2270.0,1599.0,685.0,1587.0,680.0
2.0,4582.0,2269.0,2284.0,2270.0,2269.0,2269.0,1599.0,685.0,1589.0,680.0
2.0,4583.0,2276.0,2284.0,2269.0,2276.0,2276.0,1599.0,685.0,1591.0,685.0
2.0,4576.0,2288.0,2286.0,2276.0,2294.0,2294.0,1600.0,686.0,1603.0,685.0
2.0,4564.0,2301.0,2286.0,2294.0,2301.0,2301.0,1600.0,686.0,1611.0,690.0
2.0,4557.0,2320.0,2287.0,2301.0,2323.0,2323.0,1601.0,686.0,1625.0,695.0
2.0,4538.0,2330.0,2287.0,2323.0,2330.0,2330.0,1601.0,686.0,1631.0,699.0
2.0,4531.0,2339.0,2288.0,2330.0,2342.0,2342.0,1602.0,686.0,1635.0,704.0
2.0,4522.0,2338.0,2289.0,2342.0,2341.0,2341.0,1602.0,687.0,1638.0,700.0
2.0,4526.0,2327.0,2290.0,2341.0,2330.0,2330.0,1603.0,687.0,1629.0,698.0
2.0,4540.0,2316.0,2290.0,2330.0,2316.0,2316.0,1603.0,687.0,1622.0,694.0
2.0,4554.0,2298.0,2291.0,2316.0,2301.0,2301.0,1604.0,687.0,1609.0,689.0
2.0,4572.0,2290.0,2291.0,2301.0,2290.0,2290.0,1604.0,687.0,1602.0,688.0
2.0,4583.0,2276.0,2293.0,2290.0,2282.0,2282.0,1605.0,688.0,1593.0,683.0
2.0,4597.0,2277.0,2293.0,2282.0,2277.0,2277.0,1605.0,688.0,1595.0,682.0
2.0,4602.0,2281.0,2294.0,2277.0,2284.0,2284.0,1606.0,688.0,1597.0,684.0
2.0,4598.0,2297.0,2294.0,2284.0,2297.0,2297.0,1606.0,688.0,1609.0,688.0
2.0,4585.0,2313.0,2294.0,2297.0,2313.0,2313.0,1606.0,688.0,1617.0,696.0
2.0,4569.0,2329.0,2295.0,2313.0,2332.0,2332.0,1607.0,688.0,1631.0,698.0
2.0,4553.0,2338.0,2296.0,2332.0,2341.0,2341.0,1607.0,689.0,1637.0,701.0
2.0,4547.0,2344.0,2297.0,2341.0,2347.0,2347.0,1608.0,689.0,1641.0,703.0
2.0,4544.0,2347.0,2297.0,2347.0,2347.0,2347.0,1608.0,689.0,1644.0,703.0
2.0,4544.0,2338.0,2298.0,2347.0,2341.0,2341.0,1609.0,689.0,1635.0,703.0
2.0,4553.0,2324.0,2299.0,2341.0,2327.0,2327.0,1609.0,690.0,1628.0,696.0
2.0,4570.0,2307.0,2300.0,2327.0,2310.0,2310.0,1610.0,690.0,1615.0,692.0
2.0,4590.0,2296.0,2300.0,2310.0,2296.0,2296.0,1610.0,690.0,1608.0,688.0
2.0,4604.0,2284.0,2301.0,2296.0,2287.0,2287.0,1611.0,690.0,1599.0,685.0
2.0,4616.0,2290.0,2301.0,2287.0,2290.0,2290.0,1611.0,690.0,1602.0,688.0
2.0,4613.0,2290.0,2303.0,2290.0,2296.0,2296.0,1612.0,691.0,1603.0,687.0
2.0,4613.0,2306.0,2303.0,2296.0,2306.0,2306.0,1612.0,691.0,1615.0,691.0
2.0,4603.0,2318.0,2304.0,2306.0,2321.0,2321.0,1613.0,691.0,1623.0,695.0
2.0,4591.0,2337.0,2304.0,2321.0,2337.0,2337.0,1613.0,691.0,1637.0,700.0
2.0,4575.0,2350.0,2304.0,2337.0,2350.0,2350.0,1613.0,691.0,1643.0,707.0
2.0,4562.0,2357.0,2306.0,2350.0,2363.0,2363.0,1614.0,692.0,1651.0,706.0
2.0,4555.0,2353.0,2306.0,2363.0,2353.0,2353.0,1614.0,692.0,1647.0,706.0
2.0,4565.0,2344.0,2307.0,2353.0,2347.0,2347.0,1615.0,692.0,1641.0,703.0
2.0,4574.0,2336.0,2307.0,2347.0,2336.0,2336.0,1615.0,692.0,1634.0,702.0
2.0,4585.0,2315.0,2308.0,2336.0,2318.0,2318.0,1616.0,692.0,1621.0,694.0
2.0,4606.0,2304.0,2309.0,2318.0,2307.0,2307.0,1616.0,693.0,1614.0,690.0
2.0,4620.0,2293.0,2310.0,2307.0,2296.0,2296.0,1617.0,693.0,1605.0,688.0
2.0,4634.0,2295.0,2310.0,2296.0,2295.0,2295.0,1617.0,693.0,1608.0,687.0
2.0,4635.0,2298.0,2311.0,2295.0,2301.0,2301.0,1618.0,693.0,1609.0,689.0
2.0,4632.0,2317.0,2311.0,2301.0,2317.0,2317.0,1618.0,693.0,1621.0,696.0
2.0,4616.0,2327.0,2313.0,2317.0,2333.0,2333.0,1619.0,694.0,1629.0,698.0
2.0,4606.0,2346.0,2313.0,2333.0,2346.0,2346.0,1619.0,694.0,1643.0,703.0
2.0,4593.0,2356.0,2314.0,2346.0,2359.0,2359.0,1620.0,694.0,1649.0,707.0
2.0,4583.0,2365.0,2314.0,2359.0,2365.0,2365.0,1620.0,694.0,1657.0,708.0
2.0,4577.0,2364.0,2314.0,2365.0,2364.0,2364.0,1620.0,694.0,1653.0,711.0
2.0,4578.0,2356.0,2316.0,2364.0,2362.0,2362.0,1621.0,695.0,1650.0,706.0
2.0,4586.0,2340.0,2316.0,2362.0,2340.0,2340.0,1621.0,695.0,1638.0,702.0
2.0,4608.0,2324.0,2317.0,2340.0,2327.0,2327.0,1622.0,695.0,1627.0,697.0
2.0,4624.0,2313.0,2317.0,2327.0,2313.0,2313.0,1622.0,695.0,1620.0,693.0
2.0,4638.0,2304.0,2318.0,2313.0,2307.0,2307.0,1623.0,695.0,1611.0,693.0
2.0,4647.0,2304.0,2319.0,2307.0,2307.0,2307.0,1623.0,696.0,1614.0,690.0
2.0,4650.0,2307.0,2320.0,2307.0,2310.0,2310.0,1624.0,696.0,1615.0,692.0
2.0,4650.0,2323.0,2320.0,2310.0,2323.0,2323.0,1624.0,696.0,1627.0,696.0
2.0,4637.0,2336.0,2321.0,2323.0,2339.0,2339.0,1625.0,696.0,1635.0,701.0
2.0,4624.0,2357.0,2321.0,2339.0,2357.0,2357.0,1625.0,696.0,1649.0,708.0
2.0,4606.0,2364.0,2322.0,2357.0,2367.0,2367.0,1626.0,696.0,1655.0,709.0
2.0,4599.0,2374.0,2323.0,2367.0,2377.0,2377.0,1626.0,697.0,1663.0,711.0
2.0,4592.0,2370.0,2324.0,2377.0,2373.0,2373.0,1627.0,697.0,1659.0,711.0
2.0,4599.0,2364.0,2324.0,2373.0,2364.0,2364.0,1627.0,697.0,1656.0,708.0
2.0,4608.0,2351.0,2324.0,2364.0,2351.0,2351.0,1627.0,697.0,1644.0,707.0
2.0,4621.0,2336.0,2326.0,2351.0,2342.0,2342.0,1628.0,698.0,1636.0,700.0
2.0,4636.0,2320.0,2326.0,2342.0,2320.0,2320.0,1628.0,698.0,1624.0,696.0
2.0,4658.0,2310.0,2327.0,2320.0,2313.0,2313.0,1629.0,698.0,1617.0,693.0
2.0,4668.0,2313.0,2327.0,2313.0,2313.0,2313.0,1629.0,698.0,1620.0,693.0
2.0,4668.0,2319.0,2328.0,2313.0,2322.0,2322.0,1630.0,698.0,1621.0,698.0
2.0,4662.0,2331.0,2329.0,2322.0,2334.0,2334.0,1630.0,699.0,1633.0,698.0
2.0,4653.0,2344.0,2330.0,2334.0,2347.0,2347.0,1631.0,699.0,1641.0,703.0
2.0,4643.0,2363.0,2330.0,2347.0,2363.0,2363.0,1631.0,699.0,1655.0,708.0
2.0,4627.0,2373.0,2331.0,2363.0,2376.0,2376.0,1632.0,699.0,1661.0,712.0
2.0,4617.0,2386.0,2331.0,2376.0,2386.0,2386.0,1632.0,699.0,1669.0,717.0
2.0,4607.0,2378.0,2333.0,2386.0,2384.0,2384.0,1633.0,700.0,1665.0,713.0
2.0,4615.0,2373.0,2333.0,2384.0,2373.0,2373.0,1633.0,700.0,1662.0,711.0
2.0,4626.0,2357.0,2334.0,2373.0,2360.0,2360.0,1634.0,700.0,1650.0,707.0
2.0,4642.0,2347.0,2334.0,2360.0,2347.0,2347.0,1634.0,700.0,1642.0,705.0
2.0,4655.0,2328.0,2334.0,2347.0,2328.0,2328.0,1634.0,700.0,1630.0,698.0
2.0,4674.0,2323.0,2336.0,2328.0,2329.0,2329.0,1635.0,701.0,1627.0,696.0
2.0,4679.0,2318.0,2336.0,2329.0,2318.0,2318.0,1635.0,701.0,1623.0,695.0
2.0,4690.0,2324.0,2337.0,2318.0,2327.0,2327.0,1636.0,701.0,1627.0,697.0
2.0,4684.0,2340.0,2337.0,2327.0,2340.0,2340.0,1636.0,701.0,1639.0,701.0
2.0,4671.0,2356.0,2338.0,2340.0,2359.0,2359.0,1637.0,701.0,1647.0,709.0
2.0,4655.0,2373.0,2339.0,2359.0,2376.0,2376.0,1637.0,702.0,1662.0,711.0
2.0,4641.0,2381.0,2340.0,2376.0,2384.0,2384.0,1638.0,702.0,1667.0,714.0
2.0,4636.0,2391.0,2340.0,2384.0,2391.0,2391.0,1638.0,702.0,1675.0,716.0
2.0,4629.0,2387.0,2341.0,2391.0,2390.0,2390.0,1639.0,702.0,1671.0,716.0
2.0,4633.0,2384.0,2341.0,2390.0,2384.0,2384.0,1639.0,702.0,1668.0,716.0
2.0,4639.0,2365.0,2342.0,2384.0,2368.0,2368.0,1640.0,702.0,1656.0,709.0
2.0,4658.0,2353.0,2343.0,2368.0,2356.0,2356.0,1640.0,703.0,1648.0,705.0
2.0,4673.0,2337.0,2344.0,2356.0,2340.0,2340.0,1641.0,703.0,1636.0,701.0
2.0,4692.0,2331.0,2344.0,2340.0,2331.0,2331.0,1641.0,703.0,1633.0,698.0
2.0,4701.0,2330.0,2345.0,2331.0,2333.0,2333.0,1642.0,703.0,1629.0,701.0
2.0,4702.0,2336.0,2346.0,2333.0,2339.0,2339.0,1642.0,704.0,1636.0,700.0
2.0,4699.0,2346.0,2346.0,2339.0,2346.0,2346.0,1642.0,704.0,1642.0,704.0
2.0,4692.0,2364.0,2347.0,2346.0,2367.0,2367.0,1643.0,704.0,1656.0,708.0
2.0,4674.0,2381.0,2347.0,2367.0,2381.0,2381.0,1643.0,704.0,1665.0,716.0
2.0,4660.0,2390.0,2348.0,2381.0,2393.0,2393.0,1644.0,704.0,1673.0,717.0
2.0,4651.0,2400.0,2349.0,2393.0,2403.0,2403.0,1644.0,705.0,1681.0,719.0
2.0,4644.0,2396.0,2350.0,2403.0,2399.0,2399.0,1645.0,705.0,1677.0,719.0
2.0,4651.0,2390.0,2350.0,2399.0,2390.0,2390.0,1645.0,705.0,1674.0,716.0
2.0,4660.0,2374.0,2351.0,2390.0,2377.0,2377.0,1646.0,705.0,1662.0,712.0
2.0,4676.0,2364.0,2351.0,2377.0,2364.0,2364.0,1646.0,705.0,1654.0,710.0
2.0,4689.0,2345.0,2353.0,2364.0,2351.0,2351.0,1647.0,706.0,1642.0,703.0
2.0,4708.0,2340.0,2353.0,2351.0,2340.0,2340.0,1647.0,706.0,1639.0,701.0
2.0,4719.0,2335.0,2354.0,2340.0,2338.0,2338.0,1648.0,706.0,1635.0,700.0
2.0,4724.0,2344.0,2354.0,2338.0,2344.0,2344.0,1648.0,706.0,1642.0,702.0
2.0,4718.0,2357.0,2354.0,2344.0,2357.0,2357.0,1648.0,706.0,1648.0,709.0
2.0,4705.0,2373.0,2355.0,2357.0,2376.0,2376.0,1649.0,706.0,1662.0,711.0
2.0,4689.0,2387.0,2356.0,2376.0,2390.0,2390.0,1649.0,707.0,1671.0,716.0
2.0,4678.0,2403.0,2357.0,2390.0,2406.0,2406.0,1650.0,707.0,1683.0,720.0
2.0,4665.0,2405.0,2357.0,2406.0,2405.0,2405.0,1650.0,707.0,1684.0,721.0
2.0,4666.0,2407.0,2358.0,2405.0,2410.0,2410.0,1651.0,707.0,1683.0,724.0
2.0,4664.0,2399.0,2359.0,2410.0,2402.0,2402.0,1651.0,708.0,1680.0,719.0
2.0,4675.0,2383.0,2360.0,2402.0,2386.0,2386.0,1652.0,708.0,1668.0,715.0
2.0,4694.0,2370.0,2360.0,2386.0,2370.0,2370.0,1652.0,708.0,1660.0,710.0
2.0,4710.0,2354.0,2361.0,2370.0,2357.0,2357.0,1653.0,708.0,1648.0,706.0
2.0,4726.0,2351.0,2361.0,2357.0,2351.0,2351.0,1653.0,708.0,1645.0,706.0
2.0,4732.0,2344.0,2362.0,2351.0,2347.0,2347.0,1654.0,708.0,1641.0,703.0
2.0,4739.0,2353.0,2363.0,2347.0,2356.0,2356.0,1654.0,709.0,1648.0,705.0
2.0,4733.0,2363.0,2364.0,2356.0,2366.0,2366.0,1655.0,709.0,1654.0,709.0
2.0,4726.0,2383.0,2364.0,2366.0,2383.0,2383.0,1655.0,709.0,1669.0,714.0
2.0,4709.0,2398.0,2365.0,2383.0,2401.0,2401.0,1656.0,709.0,1677.0,721.0
2.0,4694.0,2411.0,2366.0,2401.0,2414.0,2414.0,1656.0,710.0,1689.0,722.0
2.0,4684.0,2414.0,2366.0,2414.0,2414.0,2414.0,1656.0,710.0,1690.0,724.0
2.0,4684.0,2416.0,2367.0,2414.0,2419.0,2419.0,1657.0,710.0,1692.0,724.0
2.0,4682.0,2404.0,2367.0,2419.0,2404.0,2404.0,1657.0,710.0,1683.0,721.0
2.0,4697.0,2394.0,2368.0,2404.0,2397.0,2397.0,1658.0,710.0,1674.0,720.0
2.0,4707.0,2379.0,2368.0,2397.0,2379.0,2379.0,1658.0,710.0,1666.0,713.0
2.0,4725.0,2363.0,2370.0,2379.0,2369.0,2369.0,1659.0,711.0,1654.0,709.0
2.0,4741.0,2357.0,2370.0,2369.0,2357.0,2357.0,1659.0,711.0,1651.0,706.0
2.0,4753.0,2353.0,2371.0,2357.0,2356.0,2356.0,1660.0,711.0,1647.0,706.0
2.0,4757.0,2366.0,2371.0,2356.0,2366.0,2366.0,1660.0,711.0,1655.0,711.0
2.0,4747.0,2371.0,2373.0,2366.0,2377.0,2377.0,1661.0,712.0,1660.0,711.0
2.0,4742.0,2391.0,2373.0,2377.0,2391.0,2391.0,1661.0,712.0,1675.0,716.0
2.0,4728.0,2404.0,2374.0,2391.0,2407.0,2407.0,1662.0,712.0,1683.0,721.0
2.0,4715.0,2420.0,2374.0,2407.0,2420.0,2420.0,1662.0,712.0,1695.0,725.0
2.0,4702.0,2426.0,2374.0,2420.0,2426.0,2426.0,1662.0,712.0,1696.0,730.0
2.0,4696.0,2424.0,2376.0,2426.0,2430.0,2430.0,1663.0,713.0,1698.0,726.0
2.0,4698.0,2413.0,2376.0,2430.0,2413.0,2413.0,1663.0,713.0,1689.0,724.0
2.0,4715.0,2400.0,2377.0,2413.0,2403.0,2403.0,1664.0,713.0,1680.0,720.0
2.0,4728.0,2387.0,2377.0,2403.0,2387.0,2387.0,1664.0,713.0,1672.0,715.0
2.0,4744.0,2374.0,2378.0,2387.0,2377.0,2377.0,1665.0,713.0,1660.0,714.0
2.0,4757.0,2366.0,2379.0,2377.0,2369.0,2369.0,1665.0,714.0,1657.0,709.0
2.0,4768.0,2361.0,2380.0,2369.0,2364.0,2364.0,1666.0,714.0,1653.0,708.0
2.0,4776.0,2371.0,2380.0,2364.0,2371.0,2371.0,1666.0,714.0,1661.0,710.0
2.0,4769.0,2380.0,2381.0,2371.0,2383.0,2383.0,1667.0,714.0,1666.0,714.0
2.0,4760.0,2403.0,2381.0,2383.0,2403.0,2403.0,1667.0,714.0,1681.0,722.0
2.0,4740.0,2413.0,2382.0,2403.0,2416.0,2416.0,1668.0,714.0,1689.0,724.0
2.0,4730.0,2428.0,2383.0,2416.0,2431.0,2431.0,1668.0,715.0,1701.0,727.0
2.0,4718.0,2431.0,2384.0,2431.0,2434.0,2434.0,1669.0,715.0,1702.0,729.0
2.0,4718.0,2433.0,2384.0,2434.0,2433.0,2433.0,1669.0,715.0,1704.0,729.0
2.0,4719.0,2424.0,2384.0,2433.0,2424.0,2424.0,1669.0,715.0,1695.0,729.0
2.0,4728.0,2411.0,2386.0,2424.0,2417.0,2417.0,1670.0,716.0,1689.0,722.0
2.0,4741.0,2393.0,2386.0,2417.0,2393.0,2393.0,1670.0,716.0,1675.0,718.0
2.0,4765.0,2380.0,2387.0,2393.0,2383.0,2383.0,1671.0,716.0,1666.0,714.0
2.0,4778.0,2374.0,2387.0,2383.0,2374.0,2374.0,1671.0,716.0,1663.0,711.0
2.0,4787.0,2373.0,2388.0,2374.0,2376.0,2376.0,1672.0,716.0,1659.0,714.0
2.0,4788.0,2380.0,2389.0,2376.0,2383.0,2383.0,1672.0,717.0,1667.0,713.0
2.0,4784.0,2390.0,2390.0,2383.0,2393.0,2393.0,1673.0,717.0,1673.0,717.0
2.0,4777.0,2408.0,2390.0,2393.0,2408.0,2408.0,1673.0,717.0,1687.0,721.0
2.0,4762.0,2421.0,2391.0,2408.0,2424.0,2424.0,1674.0,717.0,1695.0,726.0
2.0,4749.0,2440.0,2391.0,2424.0,2440.0,2440.0,1674.0,717.0,1707.0,733.0
2.0,4733.0,2440.0,2393.0,2440.0,2446.0,2446.0,1675.0,718.0,1708.0,732.0
2.0,4733.0,2443.0,2393.0,2446.0,2443.0,2443.0,1675.0,718.0,1711.0,732.0
2.0,4736.0,2430.0,2394.0,2443.0,2433.0,2433.0,1676.0,718.0,1701.0,729.0
2.0,4749.0,2423.0,2394.0,2433.0,2423.0,2423.0,1676.0,718.0,1695.0,728.0
2.0,4759.0,2401.0,2394.0,2423.0,2401.0,2401.0,1676.0,718.0,1681.0,720.0
2.0,4781.0,2391.0,2396.0,2401.0,2397.0,2397.0,1677.0,719.0,1675.0,716.0
2.0,4791.0,2380.0,2396.0,2397.0,2380.0,2380.0,1677.0,719.0,1666.0,714.0
2.0,4808.0,2378.0,2397.0,2380.0,2381.0,2381.0,1678.0,719.0,1665.0,713.0
2.0,4810.0,2388.0,2397.0,2381.0,2388.0,2388.0,1678.0,719.0,1673.0,715.0
2.0,4803.0,2401.0,2398.0,2388.0,2404.0,2404.0,1679.0,719.0,1679.0,722.0
2.0,4790.0,2417.0,2399.0,2404.0,2420.0,2420.0,1679.0,720.0,1693.0,724.0
2.0,4777.0,2430.0,2400.0,2420.0,2433.0,2433.0,1680.0,720.0,1701.0,729.0
2.0,4767.0,2446.0,2400.0,2433.0,2446.0,2446.0,1680.0,720.0,1713.0,733.0
2.0,4754.0,2448.0,2401.0,2446.0,2451.0,2451.0,1681.0,720.0,1714.0,734.0
2.0,4752.0,2454.0,2401.0,2451.0,2454.0,2454.0,1681.0,720.0,1717.0,737.0
2.0,4749.0,2440.0,2403.0,2454.0,2446.0,2446.0,1682.0,721.0,1708.0,732.0
2.0,4763.0,2429.0,2403.0,2446.0,2429.0,2429.0,1682.0,721.0,1701.0,728.0
2.0,4780.0,2410.0,2404.0,2429.0,2413.0,2413.0,1683.0,721.0,1687.0,723.0
2.0,4799.0,2400.0,2404.0,2413.0,2400.0,2400.0,1683.0,721.0,1681.0,719.0
2.0,4812.0,2391.0,2404.0,2400.0,2391.0,2391.0,1683.0,721.0,1672.0,719.0
2.0,4821.0,2390.0,2406.0,2391.0,2396.0,2396.0,1684.0,722.0,1674.0,716.0
2.0,4822.0,2394.0,2406.0,2396.0,2394.0,2394.0,1684.0,722.0,1676.0,718.0
2.0,4824.0,2410.0,2407.0,2394.0,2413.0,2413.0,1685.0,722.0,1688.0,722.0
2.0,4808.0,2423.0,2407.0,2413.0,2423.0,2423.0,1685.0,722.0,1696.0,727.0
2.0,4798.0,2441.0,2408.0,2423.0,2444.0,2444.0,1686.0,722.0,1707.0,734.0
2.0,4780.0,2454.0,2408.0,2444.0,2454.0,2454.0,1686.0,722.0,1719.0,735.0
2.0,4770.0,2457.0,2410.0,2454.0,2463.0,2463.0,1687.0,723.0,1720.0,737.0
2.0,4767.0,2460.0,2410.0,2463.0,2460.0,2460.0,1687.0,723.0,1723.0,737.0
2.0,4770.0,2448.0,2411.0,2460.0,2451.0,2451.0,1688.0,723.0,1714.0,734.0
2.0,4782.0,2440.0,2411.0,2451.0,2440.0,2440.0,1688.0,723.0,1707.0,733.0
2.0,4793.0,2420.0,2413.0,2440.0,2426.0,2426.0,1689.0,724.0,1694.0,726.0
2.0,4813.0,2409.0,2413.0,2426.0,2409.0,2409.0,1689.0,724.0,1687.0,722.0
2.0,4830.0,2397.0,2414.0,2409.0,2400.0,2400.0,1690.0,724.0,1678.0,719.0
2.0,4842.0,2399.0,2414.0,2400.0,2399.0,2399.0,1690.0,724.0,1680.0,719.0
2.0,4843.0,2406.0,2414.0,2399.0,2406.0,2406.0,1690.0,724.0,1682.0,724.0
2.0,4836.0,2418.0,2416.0,2406.0,2424.0,2424.0,1691.0,725.0,1694.0,724.0
2.0,4824.0,2431.0,2416.0,2424.0,2431.0,2431.0,1691.0,725.0,1702.0,729.0
2.0,4817.0,2447.0,2417.0,2431.0,2450.0,2450.0,1692.0,725.0,1713.0,734.0
2.0,4801.0,2463.0,2417.0,2450.0,2463.0,2463.0,1692.0,725.0,1725.0,738.0
2.0,4788.0,2469.0,2418.0,2463.0,2472.0,2472.0,1693.0,725.0,1726.0,743.0
2.0,4782.0,2468.0,2419.0,2472.0,2471.0,2471.0,1693.0,726.0,1729.0,739.0
2.0,4786.0,2457.0,2420.0,2471.0,2460.0,2460.0,1694.0,726.0,1720.0,737.0
2.0,4800.0,2446.0,2420.0,2460.0,2446.0,2446.0,1694.0,726.0,1713.0,733.0
2.0,4814.0,2431.0,2421.0,2446.0,2434.0,2434.0,1695.0,726.0,1700.0,731.0
2.0,4829.0,2417.0,2421.0,2434.0,2417.0,2417.0,1695.0,726.0,1693.0,724.0
2.0,4846.0,2406.0,2423.0,2417.0,2412.0,2412.0,1696.0,727.0,1684.0,722.0
2.0,4857.0,2407.0,2423.0,2412.0,2407.0,2407.0,1696.0,727.0,1686.0,721.0
2.0,4862.0,2411.0,2424.0,2407.0,2414.0,2414.0,1697.0,727.0,1688.0,723.0
2.0,4858.0,2427.0,2424.0,2414.0,2427.0,2427.0,1697.0,727.0,1700.0,727.0
2.0,4845.0,2443.0,2424.0,2427.0,2443.0,2443.0,1697.0,727.0,1708.0,735.0
2.0,4829.0,2459.0,2426.0,2443.0,2465.0,2465.0,1698.0,728.0,1722.0,737.0
2.0,4813.0,2468.0,2426.0,2465.0,2468.0,2468.0,1698.0,728.0,1728.0,740.0
2.0,4810.0,2478.0,2427.0,2468.0,2481.0,2481.0,1699.0,728.0,1736.0,742.0
2.0,4800.0,2474.0,2427.0,2481.0,2474.0,2474.0,1699.0,728.0,1732.0,742.0
2.0,4807.0,2468.0,2428.0,2474.0,2471.0,2471.0,1700.0,728.0,1726.0,742.0
2.0,4813.0,2454.0,2428.0,2471.0,2454.0,2454.0,1700.0,728.0,1719.0,735.0
2.0,4830.0,2437.0,2430.0,2454.0,2443.0,2443.0,1701.0,729.0,1706.0,731.0
2.0,4847.0,2426.0,2430.0,2443.0,2426.0,2426.0,1701.0,729.0,1699.0,727.0
2.0,4864.0,2414.0,2431.0,2426.0,2417.0,2417.0,1702.0,729.0,1690.0,724.0
2.0,4876.0,2420.0,2431.0,2417.0,2420.0,2420.0,1702.0,729.0,1693.0,727.0
2.0,4873.0,2420.0,2433.0,2420.0,2426.0,2426.0,1703.0,730.0,1694.0,726.0
2.0,4873.0,2436.0,2433.0,2426.0,2436.0,2436.0,1703.0,730.0,1706.0,730.0
2.0,4863.0,2448.0,2434.0,2436.0,2451.0,2451.0,1704.0,730.0,1714.0,734.0
2.0,4851.0,2470.0,2434.0,2451.0,2470.0,2470.0,1704.0,730.0,1728.0,742.0
2.0,4832.0,2477.0,2434.0,2470.0,2477.0,2477.0,1704.0,730.0,1734.0,743.0
2.0,4825.0,2487.0,2436.0,2477.0,2493.0,2493.0,1705.0,731.0,1742.0,745.0
2.0,4815.0,2483.0,2436.0,2493.0,2483.0,2483.0,1705.0,731.0,1738.0,745.0
2.0,4825.0,2474.0,2437.0,2483.0,2477.0,2477.0,1706.0,731.0,1732.0,742.0
2.0,4834.0,2463.0,2437.0,2477.0,2463.0,2463.0,1706.0,731.0,1725.0,738.0
2.0,4848.0,2448.0,2438.0,2463.0,2451.0,2451.0,1707.0,731.0,1712.0,736.0
2.0,4863.0,2434.0,2439.0,2451.0,2437.0,2437.0,1707.0,732.0,1705.0,729.0
2.0,4880.0,2423.0,2440.0,2437.0,2426.0,2426.0,1708.0,732.0,1696.0,727.0
2.0,4894.0,2425.0,2440.0,2426.0,2425.0,2425.0,1708.0,732.0,1699.0,726.0
2.0,4895.0,2428.0,2441.0,2425.0,2431.0,2431.0,1709.0,732.0,1700.0,728.0
2.0,4892.0,2447.0,2441.0,2431.0,2447.0,2447.0,1709.0,732.0,1712.0,735.0
2.0,4876.0,2457.0,2442.0,2447.0,2460.0,2460.0,1710.0,732.0,1720.0,737.0
2.0,4866.0,2476.0,2443.0,2460.0,2479.0,2479.0,1710.0,733.0,1734.0,742.0
2.0,4850.0,2486.0,2444.0,2479.0,2489.0,2489.0,1711.0,733.0,1740.0,746.0
2.0,4843.0,2495.0,2444.0,2489.0,2495.0,2495.0,1711.0,733.0,1748.0,747.0
2.0,4837.0,2494.0,2444.0,2495.0,2494.0,2494.0,1711.0,733.0,1744.0,750.0
2.0,4838.0,2486.0,2446.0,2494.0,2492.0,2492.0,1712.0,734.0,1741.0,745.0
2.0,4846.0,2470.0,2446.0,2492.0,2470.0,2470.0,1712.0,734.0,1729.0,741.0
2.0,4868.0,2457.0,2447.0,2470.0,2460.0,2460.0,1713.0,734.0,1721.0,736.0
2.0,4881.0,2440.0,2447.0,2460.0,2440.0,2440.0,1713.0,734.0,1708.0,732.0
2.0,4901.0,2434.0,2448.0,2440.0,2437.0,2437.0,1714.0,734.0,1702.0,732.0
2.0,4907.0,2434.0,2448.0,2437.0,2434.0,2434.0,1714.0,734.0,1705.0,729.0
2.0,4910.0,2437.0,2450.0,2434.0,2443.0,2443.0,1715.0,735.0,1706.0,731.0
2.0,4907.0,2453.0,2450.0,2443.0,2453.0,2453.0,1715.0,735.0,1718.0,735.0
2.0,4897.0,2466.0,2451.0,2453.0,2469.0,2469.0,1716.0,735.0,1726.0,740.0
2.0,4884.0,2487.0,2451.0,2469.0,2487.0,2487.0,1716.0,735.0,1740.0,747.0
2.0,4866.0,2494.0,2453.0,2487.0,2500.0,2500.0,1717.0,736.0,1746.0,748.0
2.0,4859.0,2504.0,2453.0,2500.0,2504.0,2504.0,1717.0,736.0,1754.0,750.0
2.0,4855.0,2500.0,2454.0,2504.0,2503.0,2503.0,1718.0,736.0,1750.0,750.0
2.0,4859.0,2494.0,2454.0,2503.0,2494.0,2494.0,1718.0,736.0,1747.0,747.0
2.0,4868.0,2481.0,2454.0,2494.0,2481.0,2481.0,1718.0,736.0,1735.0,746.0
2.0,4881.0,2466.0,2455.0,2481.0,2469.0,2469.0,1719.0,736.0,1727.0,739.0
2.0,4896.0,2450.0,2456.0,2469.0,2453.0,2453.0,1719.0,737.0,1715.0,735.0
2.0,4915.0,2440.0,2457.0,2453.0,2443.0,2443.0,1720.0,737.0,1708.0,732.0
2.0,4928.0,2443.0,2457.0,2443.0,2443.0,2443.0,1720.0,737.0,1711.0,732.0
2.0,4928.0,2449.0,2458.0,2443.0,2452.0,2452.0,1721.0,737.0,1712.0,737.0
2.0,4922.0,2461.0,2459.0,2452.0,2464.0,2464.0,1721.0,738.0,1724.0,737.0
2.0,4913.0,2474.0,2460.0,2464.0,2477.0,2477.0,1722.0,738.0,1732.0,742.0
2.0,4903.0,2493.0,2460.0,2477.0,2493.0,2493.0,1722.0,738.0,1746.0,747.0
2.0,4887.0,2503.0,2461.0,2493.0,2506.0,2506.0,1723.0,738.0,1752.0,751.0
2.0,4877.0,2516.0,2461.0,2506.0,2516.0,2516.0,1723.0,738.0,1760.0,756.0
2.0,4867.0,2508.0,2463.0,2516.0,2514.0,2514.0,1724.0,739.0,1756.0,752.0
2.0,4875.0,2503.0,2463.0,2514.0,2503.0,2503.0,1724.0,739.0,1753.0,750.0
2.0,4886.0,2487.0,2464.0,2503.0,2490.0,2490.0,1725.0,739.0,1741.0,746.0
2.0,4902.0,2474.0,2464.0,2490.0,2474.0,2474.0,1725.0,739.0,1733.0,741.0
2.0,4918.0,2461.0,2464.0,2474.0,2461.0,2461.0,1725.0,739.0,1721.0,740.0
2.0,4931.0,2453.0,2466.0,2461.0,2459.0,2459.0,1726.0,740.0,1718.0,735.0
2.0,4939.0,2448.0,2466.0,2459.0,2448.0,2448.0,1726.0,740.0,1714.0,734.0
2.0,4950.0,2457.0,2467.0,2448.0,2460.0,2460.0,1727.0,740.0,1721.0,736.0
2.0,4941.0,2467.0,2467.0,2460.0,2467.0,2467.0,1727.0,740.0,1727.0,740.0
2.0,4934.0,2486.0,2468.0,2467.0,2489.0,2489.0,1728.0,740.0,1738.0,748.0
2.0,4915.0,2503.0,2468.0,2489.0,2503.0,2503.0,1728.0,740.0,1753.0,750.0
2.0,4901.0,2511.0,2470.0,2503.0,2517.0,2517.0,1729.0,741.0,1758.0,753.0
2.0,4893.0,2521.0,2470.0,2517.0,2521.0,2521.0,1729.0,741.0,1766.0,755.0
2.0,4889.0,2517.0,2471.0,2521.0,2520.0,2520.0,1730.0,741.0,1762.0,755.0
2.0,4893.0,2514.0,2471.0,2520.0,2514.0,2514.0,1730.0,741.0,1759.0,755.0
2.0,4899.0,2495.0,2473.0,2514.0,2501.0,2501.0,1731.0,742.0,1747.0,748.0
2.0,4918.0,2483.0,2473.0,2501.0,2483.0,2483.0,1731.0,742.0,1739.0,744.0
2.0,4936.0,2467.0,2474.0,2483.0,2470.0,2470.0,1732.0,742.0,1727.0,740.0
2.0,4952.0,2461.0,2474.0,2470.0,2461.0,2461.0,1732.0,742.0,1724.0,737.0
2.0,4961.0,2460.0,2474.0,2461.0,2460.0,2460.0,1732.0,742.0,1720.0,740.0
2.0,4962.0,2466.0,2476.0,2460.0,2472.0,2472.0,1733.0,743.0,1727.0,739.0
2.0,4956.0,2476.0,2476.0,2472.0,2476.0,2476.0,1733.0,743.0,1733.0,743.0
2.0,4952.0,2491.0,2477.0,2476.0,2494.0,2494.0,1734.0,743.0,1744.0,747.0
2.0,4937.0,2511.0,2477.0,2494.0,2511.0,2511.0,1734.0,743.0,1759.0,752.0
2.0,4920.0,2523.0,2478.0,2511.0,2526.0,2526.0,1735.0,743.0,1764.0,759.0
2.0,4908.0,2530.0,2479.0,2526.0,2533.0,2533.0,1735.0,744.0,1772.0,758.0
2.0,4904.0,2526.0,2480.0,2533.0,2529.0,2529.0,1736.0,744.0,1768.0,758.0
2.0,4911.0,2520.0,2480.0,2529.0,2520.0,2520.0,1736.0,744.0,1765.0,755.0
2.0,4920.0,2507.0,2481.0,2520.0,2510.0,2510.0,1737.0,744.0,1753.0,754.0
2.0,4933.0,2491.0,2481.0,2510.0,2491.0,2491.0,1737.0,744.0,1745.0,746.0
2.0,4952.0,2475.0,2483.0,2491.0,2481.0,2481.0,1738.0,745.0,1733.0,742.0
2.0,4968.0,2470.0,2483.0,2481.0,2470.0,2470.0,1738.0,745.0,1730.0,740.0
2.0,4979.0,2465.0,2484.0,2470.0,2468.0,2468.0,1739.0,745.0,1726.0,739.0
2.0,4984.0,2474.0,2484.0,2468.0,2474.0,2474.0,1739.0,745.0,1733.0,741.0
2.0,4978.0,2487.0,2484.0,2474.0,2487.0,2487.0,1739.0,745.0,1739.0,748.0
2.0,4965.0,2503.0,2486.0,2487.0,2509.0,2509.0,1740.0,746.0,1753.0,750.0
2.0,4949.0,2517.0,2486.0,2509.0,2517.0,2517.0,1740.0,746.0,1762.0,755.0
2.0,4941.0,2533.0,2487.0,2517.0,2536.0,2536.0,1741.0,746.0,1774.0,759.0
2.0,4925.0,2535.0,2487.0,2536.0,2535.0,2535.0,1741.0,746.0,1775.0,760.0
2.0,4926.0,2537.0,2488.0,2535.0,2540.0,2540.0,1742.0,746.0,1774.0,763.0
2.0,4924.0,2529.0,2489.0,2540.0,2532.0,2532.0,1742.0,747.0,1771.0,758.0
2.0,4935.0,2513.0,2490.0,2532.0,2516.0,2516.0,1743.0,747.0,1759.0,754.0
2.0,4954.0,2500.0,2490.0,2516.0,2500.0,2500.0,1743.0,747.0,1751.0,749.0
2.0,4970.0,2484.0,2491.0,2500.0,2487.0,2487.0,1744.0,747.0,1739.0,745.0
2.0,4986.0,2481.0,2491.0,2487.0,2481.0,2481.0,1744.0,747.0,1736.0,745.0
2.0,4992.0,2474.0,2493.0,2481.0,2480.0,2480.0,1745.0,748.0,1732.0,742.0
2.0,4999.0,2483.0,2493.0,2480.0,2483.0,2483.0,1745.0,748.0,1739.0,744.0
2.0,4996.0,2493.0,2494.0,2483.0,2496.0,2496.0,1746.0,748.0,1745.0,748.0
2.0,4986.0,2513.0,2494.0,2496.0,2513.0,2513.0,1746.0,748.0,1760.0,753.0
2.0,4969.0,2528.0,2494.0,2513.0,2528.0,2528.0,1746.0,748.0,1768.0,760.0
2.0,4954.0,2541.0,2495.0,2528.0,2544.0,2544.0,1747.0,748.0,1780.0,761.0
2.0,4941.0,2544.0,2496.0,2544.0,2547.0,2547.0,1747.0,749.0,1781.0,763.0
2.0,4941.0,2546.0,2497.0,2547.0,2549.0,2549.0,1748.0,749.0,1783.0,763.0
2.0,4942.0,2534.0,2497.0,2549.0,2534.0,2534.0,1748.0,749.0,1774.0,760.0
2.0,4957.0,2524.0,2498.0,2534.0,2527.0,2527.0,1749.0,749.0,1765.0,759.0
2.0,4967.0,2509.0,2499.0,2527.0,2512.0,2512.0,1749.0,750.0,1757.0,752.0
2.0,4985.0,2493.0,2500.0,2512.0,2496.0,2496.0,1750.0,750.0,1745.0,748.0
2.0,5004.0,2487.0,2500.0,2496.0,2487.0,2487.0,1750.0,750.0,1742.0,745.0
2.0,5013.0,2483.0,2501.0,2487.0,2486.0,2486.0,1751.0,750.0,1738.0,745.0
2.0,5017.0,2496.0,2501.0,2486.0,2496.0,2496.0,1751.0,750.0,1746.0,750.0
2.0,5007.0,2501.0,2503.0,2496.0,2507.0,2507.0,1752.0,751.0,1751.0,750.0
2.0,5002.0,2521.0,2503.0,2507.0,2521.0,2521.0,1752.0,751.0,1766.0,755.0
2.0,4988.0,2534.0,2504.0,2521.0,2537.0,2537.0,1753.0,751.0,1774.0,760.0
2.0,4975.0,2550.0,2504.0,2537.0,2550.0,2550.0,1753.0,751.0,1786.0,764.0
2.0,4962.0,2556.0,2505.0,2550.0,2559.0,2559.0,1754.0,751.0,1787.0,769.0
2.0,4956.0,2554.0,2506.0,2559.0,2557.0,2557.0,1754.0,752.0,1789.0,765.0
2.0,4961.0,2543.0,2506.0,2557.0,2543.0,2543.0,1754.0,752.0,1780.0,763.0
2.0,4975.0,2533.0,2507.0,2543.0,2536.0,2536.0,1755.0,752.0,1774.0,759.0
2.0,4985.0,2517.0,2507.0,2536.0,2517.0,2517.0,1755.0,752.0,1760.0,757.0
2.0,5004.0,2501.0,2508.0,2517.0,2504.0,2504.0,1756.0,752.0,1751.0,750.0
2.0,5020.0,2496.0,2509.0,2504.0,2499.0,2499.0,1756.0,753.0,1748.0,748.0
2.0,5028.0,2491.0,2510.0,2499.0,2494.0,2494.0,1757.0,753.0,1744.0,747.0
2.0,5036.0,2501.0,2510.0,2494.0,2501.0,2501.0,1757.0,753.0,1752.0,749.0
2.0,5029.0,2510.0,2511.0,2501.0,2513.0,2513.0,1758.0,753.0,1757.0,753.0
2.0,5020.0,2533.0,2511.0,2513.0,2533.0,2533.0,1758.0,753.0,1772.0,761.0
2.0,5000.0,2543.0,2513.0,2533.0,2549.0,2549.0,1759.0,754.0,1780.0,763.0
2.0,4990.0,2558.0,2513.0,2549.0,2558.0,2558.0,1759.0,754.0,1792.0,766.0
2.0,4981.0,2561.0,2514.0,2558.0,2564.0,2564.0,1760.0,754.0,1793.0,768.0
2.0,4978.0,2563.0,2514.0,2564.0,2563.0,2563.0,1760.0,754.0,1795.0,768.0
2.0,4979.0,2554.0,2514.0,2563.0,2554.0,2554.0,1760.0,754.0,1786.0,768.0
2.0,4988.0,2541.0,2515.0,2554.0,2544.0,2544.0,1761.0,754.0,1780.0,761.0
2.0,5001.0,2523.0,2516.0,2544.0,2526.0,2526.0,1761.0,755.0,1766.0,757.0
2.0,5022.0,2510.0,2517.0,2526.0,2513.0,2513.0,1762.0,755.0,1757.0,753.0
2.0,5038.0,2504.0,2517.0,2513.0,2504.0,2504.0,1762.0,755.0,1754.0,750.0
2.0,5047.0,2503.0,2518.0,2504.0,2506.0,2506.0,1763.0,755.0,1750.0,753.0
2.0,5048.0,2510.0,2519.0,2506.0,2513.0,2513.0,1763.0,756.0,1758.0,752.0
2.0,5044.0,2520.0,2520.0,2513.0,2523.0,2523.0,1764.0,756.0,1764.0,756.0
2.0,5037.0,2538.0,2520.0,2523.0,2538.0,2538.0,1764.0,756.0,1778.0,760.0
2.0,5022.0,2554.0,2521.0,2538.0,2557.0,2557.0,1765.0,756.0,1786.0,768.0
2.0,5006.0,2567.0,2521.0,2557.0,2567.0,2567.0,1765.0,756.0,1798.0,769.0
2.0,4996.0,2570.0,2523.0,2567.0,2576.0,2576.0,1766.0,757.0,1799.0,771.0
2.0,4993.0,2573.0,2523.0,2576.0,2573.0,2573.0,1766.0,757.0,1802.0,771.0
2.0,4996.0,2560.0,2524.0,2573.0,2563.0,2563.0,1767.0,757.0,1792.0,768.0
2.0,5009.0,2550.0,2524.0,2563.0,2550.0,2550.0,1767.0,757.0,1786.0,764.0
2.0,5022.0,2534.0,2524.0,2550.0,2534.0,2534.0,1767.0,757.0,1772.0,762.0
2.0,5038.0,2521.0,2526.0,2534.0,2527.0,2527.0,1768.0,758.0,1766.0,755.0
2.0,5051.0,2510.0,2526.0,2527.0,2510.0,2510.0,1768.0,758.0,1757.0,753.0
2.0,5068.0,2508.0,2527.0,2510.0,2511.0,2511.0,1769.0,758.0,1756.0,752.0
2.0,5070.0,2518.0,2527.0,2511.0,2518.0,2518.0,1769.0,758.0,1764.0,754.0
2.0,5063.0,2531.0,2528.0,2518.0,2534.0,2534.0,1770.0,758.0,1770.0,761.0
2.0,5050.0,2547.0,2528.0,2534.0,2547.0,2547.0,1770.0,758.0,1784.0,763.0
2.0,5037.0,2560.0,2530.0,2547.0,2566.0,2566.0,1771.0,759.0,1792.0,768.0
2.0,5024.0,2576.0,2530.0,2566.0,2576.0,2576.0,1771.0,759.0,1804.0,772.0
2.0,5014.0,2578.0,2531.0,2576.0,2581.0,2581.0,1772.0,759.0,1805.0,773.0
2.0,5012.0,2584.0,2531.0,2581.0,2584.0,2584.0,1772.0,759.0,1808.0,776.0
2.0,5009.0,2570.0,2533.0,2584.0,2576.0,2576.0,1773.0,760.0,1799.0,771.0
2.0,5023.0,2559.0,2533.0,2576.0,2559.0,2559.0,1773.0,760.0,1792.0,767.0
2.0,5040.0,2540.0,2534.0,2559.0,2543.0,2543.0,1774.0,760.0,1778.0,762.0
2.0,5059.0,2530.0,2534.0,2543.0,2530.0,2530.0,1774.0,760.0,1772.0,758.0
2.0,5072.0,2521.0,2534.0,2530.0,2521.0,2521.0,1774.0,760.0,1763.0,758.0
2.0,5081.0,2520.0,2535.0,2521.0,2523.0,2523.0,1775.0,760.0,1765.0,755.0
2.0,5082.0,2524.0,2536.0,2523.0,2527.0,2527.0,1775.0,761.0,1767.0,757.0
2.0,5081.0,2537.0,2537.0,2527.0,2540.0,2540.0,1776.0,761.0,1776.0,761.0
2.0,5071.0,2556.0,2537.0,2540.0,2556.0,2556.0,1776.0,761.0,1790.0,766.0
2.0,5055.0,2571.0,2538.0,2556.0,2574.0,2574.0,1777.0,761.0,1798.0,773.0
2.0,5040.0,2584.0,2539.0,2574.0,2587.0,2587.0,1777.0,762.0,1810.0,774.0
2.0,5030.0,2587.0,2540.0,2587.0,2590.0,2590.0,1778.0,762.0,1811.0,776.0
2.0,5030.0,2590.0,2540.0,2590.0,2590.0,2590.0,1778.0,762.0,1814.0,776.0
2.0,5030.0,2578.0,2541.0,2590.0,2581.0,2581.0,1779.0,762.0,1805.0,773.0
2.0,5042.0,2570.0,2541.0,2581.0,2570.0,2570.0,1779.0,762.0,1798.0,772.0
2.0,5053.0,2550.0,2542.0,2570.0,2553.0,2553.0,1780.0,762.0,1785.0,765.0
2.0,5073.0,2539.0,2543.0,2553.0,2542.0,2542.0,1780.0,763.0,1778.0,761.0
2.0,5087.0,2527.0,2544.0,2542.0,2530.0,2530.0,1781.0,763.0,1769.0,758.0
2.0,5102.0,2529.0,2544.0,2530.0,2529.0,2529.0,1781.0,763.0,1771.0,758.0
2.0,5103.0,2536.0,2544.0,2529.0,2536.0,2536.0,1781.0,763.0,1773.0,763.0
2.0,5096.0,2548.0,2546.0,2536.0,2554.0,2554.0,1782.0,764.0,1785.0,763.0
2.0,5084.0,2561.0,2546.0,2554.0,2561.0,2561.0,1782.0,764.0,1793.0,768.0
2.0,5077.0,2580.0,2547.0,2561.0,2583.0,2583.0,1783.0,764.0,1807.0,773.0
2.0,5058.0,2590.0,2547.0,2583.0,2590.0,2590.0,1783.0,764.0,1813.0,777.0
2.0,5051.0,2599.0,2548.0,2590.0,2602.0,2602.0,1784.0,764.0,1817.0,782.0
2.0,5042.0,2598.0,2549.0,2602.0,2601.0,2601.0,1784.0,765.0,1820.0,778.0
2.0,5046.0,2587.0,2550.0,2601.0,2590.0,2590.0,1785.0,765.0,1811.0,776.0
2.0,5060.0,2576.0,2550.0,2590.0,2576.0,2576.0,1785.0,765.0,1804.0,772.0
2.0,5074.0,2558.0,2551.0,2576.0,2561.0,2561.0,1786.0,765.0,1791.0,767.0
2.0,5092.0,2550.0,2551.0,2561.0,2550.0,2550.0,1786.0,765.0,1784.0,766.0
2.0,5103.0,2536.0,2553.0,2550.0,2542.0,2542.0,1787.0,766.0,1775.0,761.0
2.0,5117.0,2538.0,2553.0,2542.0,2538.0,2538.0,1787.0,766.0,1778.0,760.0
2.0,5121.0,2541.0,2554.0,2538.0,2544.0,2544.0,1788.0,766.0,1779.0,762.0
2.0,5118.0,2557.0,2554.0,2544.0,2557.0,2557.0,1788.0,766.0,1791.0,766.0
2.0,5105.0,2573.0,2554.0,2557.0,2573.0,2573.0,1788.0,766.0,1799.0,774.0
2.0,5089.0,2589.0,2555.0,2573.0,2592.0,2592.0,1789.0,766.0,1813.0,776.0
2.0,5073.0,2598.0,2556.0,2592.0,2601.0,2601.0,1789.0,767.0,1819.0,779.0
2.0,5067.0,2608.0,2557.0,2601.0,2611.0,2611.0,1790.0,767.0,1827.0,781.0
2.0,5060.0,2604.0,2557.0,2611.0,2604.0,2604.0,1790.0,767.0,1823.0,781.0
2.0,5067.0,2598.0,2558.0,2604.0,2601.0,2601.0,1791.0,767.0,1817.0,781.0
2.0,5073.0,2584.0,2559.0,2601.0,2587.0,2587.0,1791.0,768.0,1810.0,774.0
2.0,5090.0,2567.0,2560.0,2587.0,2570.0,2570.0,1792.0,768.0,1797.0,770.0
2.0,5110.0,2556.0,2560.0,2570.0,2556.0,2556.0,1792.0,768.0,1790.0,766.0
2.0,5124.0,2544.0,2561.0,2556.0,2547.0,2547.0,1793.0,768.0,1781.0,763.0
2.0,5136.0,2550.0,2561.0,2547.0,2550.0,2550.0,1793.0,768.0,1784.0,766.0
2.0,5133.0,2550.0,2563.0,2550.0,2556.0,2556.0,1794.0,769.0,1785.0,765.0
2.0,5133.0,2566.0,2563.0,2556.0,2566.0,2566.0,1794.0,769.0,1797.0,769.0
2.0,5123.0,2578.0,2564.0,2566.0,2581.0,2581.0,1795.0,769.0,1805.0,773.0
2.0,5111.0,2597.0,2564.0,2581.0,2597.0,2597.0,1795.0,769.0,1819.0,778.0
2.0,5095.0,2610.0,2565.0,2597.0,2613.0,2613.0,1796.0,769.0,1825.0,785.0
2.0,5082.0,2617.0,2566.0,2613.0,2620.0,2620.0,1796.0,770.0,1833.0,784.0
2.0,5078.0,2613.0,2566.0,2620.0,2613.0,2613.0,1796.0,770.0,1829.0,784.0
2.0,5085.0,2607.0,2567.0,2613.0,2610.0,2610.0,1797.0,770.0,1826.0,781.0
2.0,5091.0,2594.0,2567.0,2610.0,2594.0,2594.0,1797.0,770.0,1814.0,780.0
2.0,5107.0,2575.0,2568.0,2594.0,2578.0,2578.0,1798.0,770.0,1803.0,772.0
2.0,5126.0,2564.0,2569.0,2578.0,2567.0,2567.0,1798.0,771.0,1796.0,768.0
2.0,5140.0,2553.0,2570.0,2567.0,2556.0,2556.0,1799.0,771.0,1787.0,766.0
2.0,5154.0,2555.0,2570.0,2556.0,2555.0,2555.0,1799.0,771.0,1790.0,765.0
2.0,5155.0,2558.0,2571.0,2555.0,2561.0,2561.0,1800.0,771.0,1791.0,767.0
2.0,5152.0,2577.0,2571.0,2561.0,2577.0,2577.0,1800.0,771.0,1803.0,774.0
2.0,5136.0,2587.0,2573.0,2577.0,2593.0,2593.0,1801.0,772.0,1811.0,776.0
2.0,5126.0,2606.0,2573.0,2593.0,2606.0,2606.0,1801.0,772.0,1825.0,781.0
2.0,5113.0,2616.0,2574.0,2606.0,2619.0,2619.0,1802.0,772.0,1831.0,785.0
2.0,5103.0,2625.0,2574.0,2619.0,2625.0,2625.0,1802.0,772.0,1839.0,786.0
2.0,5097.0,2624.0,2575.0,2625.0,2627.0,2627.0,1803.0,772.0,1835.0,789.0
2.0,5098.0,2616.0,2576.0,2627.0,2619.0,2619.0,1803.0,773.0,1832.0,784.0
2.0,5109.0,2600.0,2576.0,2619.0,2600.0,2600.0,1803.0,773.0,1820.0,780.0
2.0,5128.0,2587.0,2577.0,2600.0,2590.0,2590.0,1804.0,773.0,1812.0,775.0
2.0,5141.0,2570.0,2577.0,2590.0,2570.0,2570.0,1804.0,773.0,1799.0,771.0
2.0,5161.0,2564.0,2578.0,2570.0,2567.0,2567.0,1805.0,773.0,1793.0,771.0
2.0,5167.0,2564.0,2579.0,2567.0,2567.0,2567.0,1805.0,774.0,1796.0,768.0
2.0,5170.0,2567.0,2580.0,2567.0,2570.0,2570.0,1806.0,774.0,1797.0,770.0
2.0,5170.0,2583.0,2580.0,2570.0,2583.0,2583.0,1806.0,774.0,1809.0,774.0
2.0,5157.0,2596.0,2581.0,2583.0,2599.0,2599.0,1807.0,774.0,1817.0,779.0
2.0,5144.0,2617.0,2581.0,2599.0,2617.0,2617.0,1807.0,774.0,1831.0,786.0
2.0,5126.0,2624.0,2582.0,2617.0,2627.0,2627.0,1808.0,774.0,1837.0,787.0
2.0,5119.0,2634.0,2583.0,2627.0,2637.0,2637.0,1808.0,775.0,1845.0,789.0
2.0,5112.0,2630.0,2584.0,2637.0,2633.0,2633.0,1809.0,775.0,1841.0,789.0
2.0,5119.0,2624.0,2584.0,2633.0,2624.0,2624.0,1809.0,775.0,1838.0,786.0
2.0,5128.0,2611.0,2585.0,2624.0,2614.0,2614.0,1810.0,775.0,1826.0,785.0
2.0,5141.0,2596.0,2586.0,2614.0,2599.0,2599.0,1810.0,776.0,1818.0,778.0
2.0,5159.0,2580.0,2586.0,2599.0,2580.0,2580.0,1810.0,776.0,1806.0,774.0
2.0,5178.0,2573.0,2587.0,2580.0,2576.0,2576.0,1811.0,776.0,1802.0,771.0
2.0,5185.0,2570.0,2587.0,2576.0,2570.0,2570.0,1811.0,776.0,1799.0,771.0
2.0,5191.0,2579.0,2588.0,2570.0,2582.0,2582.0,1812.0,776.0,1803.0,776.0
2.0,5182.0,2591.0,2589.0,2582.0,2594.0,2594.0,1812.0,777.0,1815.0,776.0
2.0,5173.0,2604.0,2590.0,2594.0,2607.0,2607.0,1813.0,777.0,1823.0,781.0
2.0,5163.0,2624.0,2590.0,2607.0,2624.0,2624.0,1813.0,777.0,1838.0,786.0
2.0,5146.0,2633.0,2591.0,2624.0,2636.0,2636.0,1814.0,777.0,1843.0,790.0
2.0,5137.0,2646.0,2591.0,2636.0,2646.0,2646.0,1814.0,777.0,1851.0,795.0
2.0,5127.0,2638.0,2593.0,2646.0,2644.0,2644.0,1815.0,778.0,1847.0,791.0
2.0,5135.0,2633.0,2593.0,2644.0,2633.0,2633.0,1815.0,778.0,1844.0,789.0
2.0,5146.0,2617.0,2594.0,2633.0,2620.0,2620.0,1816.0,778.0,1832.0,785.0
2.0,5162.0,2607.0,2594.0,2620.0,2607.0,2607.0,1816.0,778.0,1824.0,783.0
2.0,5175.0,2588.0,2595.0,2607.0,2591.0,2591.0,1817.0,778.0,1812.0,776.0
2.0,5194.0,2583.0,2596.0,2591.0,2586.0,2586.0,1817.0,779.0,1809.0,774.0
2.0,5202.0,2578.0,2596.0,2586.0,2578.0,2578.0,1817.0,779.0,1805.0,773.0
2.0,5210.0,2587.0,2597.0,2578.0,2590.0,2590.0,1818.0,779.0,1812.0,775.0
2.0,5201.0,2597.0,2597.0,2590.0,2597.0,2597.0,1818.0,779.0,1818.0,779.0
2.0,5194.0,2616.0,2598.0,2597.0,2619.0,2619.0,1819.0,779.0,1829.0,787.0
2.0,5175.0,2633.0,2599.0,2619.0,2636.0,2636.0,1819.0,780.0,1844.0,789.0
2.0,5161.0,2641.0,2600.0,2636.0,2644.0,2644.0,1820.0,780.0,1849.0,792.0
2.0,5156.0,2651.0,2600.0,2644.0,2651.0,2651.0,1820.0,780.0,1857.0,794.0
2.0,5149.0,2647.0,2601.0,2651.0,2650.0,2650.0,1821.0,780.0,1853.0,794.0
2.0,5153.0,2644.0,2601.0,2650.0,2644.0,2644.0,1821.0,780.0,1850.0,794.0
2.0,5159.0,2625.0,2602.0,2644.0,2628.0,2628.0,1822.0,780.0,1838.0,787.0
2.0,5178.0,2613.0,2603.0,2628.0,2616.0,2616.0,1822.0,781.0,1830.0,783.0
2.0,5193.0,2597.0,2604.0,2616.0,2600.0,2600.0,1823.0,781.0,1818.0,779.0
2.0,5212.0,2591.0,2604.0,2600.0,2591.0,2591.0,1823.0,781.0,1815.0,776.0
2.0,5221.0,2590.0,2605.0,2591.0,2593.0,2593.0,1824.0,781.0,1811.0,779.0
2.0,5222.0,2596.0,2606.0,2593.0,2599.0,2599.0,1824.0,782.0,1818.0,778.0
2.0,5219.0,2606.0,2606.0,2599.0,2606.0,2606.0,1824.0,782.0,1824.0,782.0
2.0,5212.0,2624.0,2607.0,2606.0,2627.0,2627.0,1825.0,782.0,1838.0,786.0
2.0,5194.0,2641.0,2607.0,2627.0,2641.0,2641.0,1825.0,782.0,1847.0,794.0
2.0,5180.0,2651.0,2608.0,2641.0,2654.0,2654.0,1826.0,782.0,1856.0,795.0
2.0,5170.0,2660.0,2609.0,2654.0,2663.0,2663.0,1826.0,783.0,1863.0,797.0
2.0,5164.0,2656.0,2610.0,2663.0,2659.0,2659.0,1827.0,783.0,1859.0,797.0
2.0,5171.0,2650.0,2610.0,2659.0,2650.0,2650.0,1827.0,783.0,1856.0,794.0
2.0,5180.0,2634.0,2611.0,2650.0,2637.0,2637.0,1828.0,783.0,1844.0,790.0
2.0,5196.0,2624.0,2611.0,2637.0,2624.0,2624.0,1828.0,783.0,1836.0,788.0
2.0,5209.0,2605.0,2613.0,2624.0,2611.0,2611.0,1829.0,784.0,1824.0,781.0
2.0,5228.0,2600.0,2613.0,2611.0,2600.0,2600.0,1829.0,784.0,1821.0,779.0
2.0,5239.0,2595.0,2614.0,2600.0,2598.0,2598.0,1830.0,784.0,1817.0,778.0
2.0,5244.0,2604.0,2614.0,2598.0,2604.0,2604.0,1830.0,784.0,1824.0,780.0
2.0,5238.0,2617.0,2615.0,2604.0,2620.0,2620.0,1831.0,784.0,1830.0,787.0
2.0,5225.0,2634.0,2615.0,2620.0,2634.0,2634.0,1831.0,784.0,1845.0,789.0
2.0,5211.0,2647.0,2616.0,2634.0,2650.0,2650.0,1831.0,785.0,1853.0,794.0
2.0,5198.0,2663.0,2617.0,2650.0,2666.0,2666.0,1832.0,785.0,1865.0,798.0
2.0,5185.0,2665.0,2617.0,2666.0,2665.0,2665.0,1832.0,785.0,1866.0,799.0
2.0,5186.0,2670.0,2618.0,2665.0,2673.0,2673.0,1833.0,785.0,1868.0,802.0
2.0,5181.0,2656.0,2619.0,2673.0,2659.0,2659.0,1833.0,786.0,1859.0,797.0
2.0,5198.0,2643.0,2620.0,2659.0,2646.0,2646.0,1834.0,786.0,1850.0,793.0
2.0,5214.0,2630.0,2620.0,2646.0,2630.0,2630.0,1834.0,786.0,1842.0,788.0
2.0,5230.0,2614.0,2621.0,2630.0,2617.0,2617.0,1835.0,786.0,1830.0,784.0
2.0,5246.0,2611.0,2621.0,2617.0,2611.0,2611.0,1835.0,786.0,1827.0,784.0
2.0,5252.0,2604.0,2622.0,2611.0,2607.0,2607.0,1836.0,786.0,1823.0,781.0
2.0,5259.0,2614.0,2623.0,2607.0,2617.0,2617.0,1836.0,787.0,1831.0,783.0
2.0,5252.0,2623.0,2624.0,2617.0,2626.0,2626.0,1837.0,787.0,1836.0,787.0
2.0,5246.0,2643.0,2624.0,2626.0,2643.0,2643.0,1837.0,787.0,1851.0,792.0
2.0,5229.0,2658.0,2625.0,2643.0,2661.0,2661.0,1838.0,787.0,1859.0,799.0
2.0,5214.0,2671.0,2626.0,2661.0,2674.0,2674.0,1838.0,788.0,1871.0,800.0
2.0,5204.0,2674.0,2626.0,2674.0,2674.0,2674.0,1838.0,788.0,1872.0,802.0
2.0,5204.0,2676.0,2627.0,2674.0,2679.0,2679.0,1839.0,788.0,1874.0,802.0
2.0,5202.0,2664.0,2627.0,2679.0,2664.0,2664.0,1839.0,788.0,1865.0,799.0
2.0,5217.0,2654.0,2628.0,2664.0,2657.0,2657.0,1840.0,788.0,1856.0,798.0
2.0,5227.0,2639.0,2628.0,2657.0,2639.0,2639.0,1840.0,788.0,1848.0,791.0
2.0,5245.0,2623.0,2630.0,2639.0,2629.0,2629.0,1841.0,789.0,1836.0,787.0
2.0,5261.0,2617.0,2630.0,2629.0,2617.0,2617.0,1841.0,789.0,1833.0,784.0
2.0,5273.0,2613.0,2631.0,2617.0,2616.0,2616.0,1842.0,789.0,1829.0,784.0
2.0,5277.0,2626.0,2631.0,2616.0,2626.0,2626.0,1842.0,789.0,1837.0,789.0
2.0,5267.0,2631.0,2633.0,2626.0,2637.0,2637.0,1843.0,790.0,1842.0,789.0
2.0,5262.0,2651.0,2633.0,2637.0,2651.0,2651.0,1843.0,790.0,1857.0,794.0
2.0,5248.0,2664.0,2634.0,2651.0,2667.0,2667.0,1844.0,790.0,1865.0,799.0
2.0,5235.0,2680.0,2634.0,2667.0,2680.0,2680.0,1844.0,790.0,1877.0,803.0
2.0,5222.0,2686.0,2635.0,2680.0,2689.0,2689.0,1845.0,790.0,1878.0,808.0
2.0,5216.0,2684.0,2636.0,2689.0,2687.0,2687.0,1845.0,791.0,1880.0,804.0
2.0,5221.0,2673.0,2636.0,2687.0,2673.0,2673.0,1845.0,791.0,1871.0,802.0
2.0,5235.0,2663.0,2637.0,2673.0,2666.0,2666.0,1846.0,791.0,1865.0,798.0
2.0,5245.0,2644.0,2637.0,2666.0,2644.0,2644.0,1846.0,791.0,1851.0,793.0
2.0,5267.0,2634.0,2638.0,2644.0,2637.0,2637.0,1847.0,791.0,1842.0,792.0
2.0,5277.0,2626.0,2639.0,2637.0,2629.0,2629.0,1847.0,792.0,1839.0,787.0
2.0,5288.0,2621.0,2640.0,2629.0,2624.0,2624.0,1848.0,792.0,1835.0,786.0
2.0,5296.0,2631.0,2640.0,2624.0,2631.0,2631.0,1848.0,792.0,1843.0,788.0
2.0,5289.0,2641.0,2641.0,2631.0,2644.0,2644.0,1849.0,792.0,1849.0,792.0
2.0,5279.0,2663.0,2641.0,2644.0,2663.0,2663.0,1849.0,792.0,1863.0,800.0
2.0,5260.0,2673.0,2642.0,2663.0,2676.0,2676.0,1850.0,792.0,1871.0,802.0
2.0,5250.0,2688.0,2643.0,2676.0,2691.0,2691.0,1850.0,793.0,1883.0,805.0
2.0,5238.0,2691.0,2644.0,2691.0,2694.0,2694.0,1851.0,793.0,1884.0,807.0
2.0,5238.0,2694.0,2644.0,2694.0,2694.0,2694.0,1851.0,793.0,1887.0,807.0
2.0,5238.0,2684.0,2645.0,2694.0,2687.0,2687.0,1852.0,793.0,1877.0,807.0
2.0,5248.0,2671.0,2646.0,2687.0,2674.0,2674.0,1852.0,794.0,1871.0,800.0
2.0,5264.0,2653.0,2646.0,2674.0,2653.0,2653.0,1852.0,794.0,1857.0,796.0
2.0,5285.0,2643.0,2647.0,2653.0,2646.0,2646.0,1853.0,794.0,1851.0,792.0
2.0,5295.0,2631.0,2647.0,2646.0,2631.0,2631.0,1853.0,794.0,1842.0,789.0
2.0,5310.0,2633.0,2648.0,2631.0,2636.0,2636.0,1854.0,794.0,1841.0,792.0
2.0,5308.0,2640.0,2649.0,2636.0,2643.0,2643.0,1854.0,795.0,1849.0,791.0
2.0,5304.0,2650.0,2650.0,2643.0,2653.0,2653.0,1855.0,795.0,1855.0,795.0
2.0,5297.0,2668.0,2650.0,2653.0,2668.0,2668.0,1855.0,795.0,1869.0,799.0
2.0,5282.0,2681.0,2651.0,2668.0,2684.0,2684.0,1856.0,795.0,1877.0,804.0
2.0,5269.0,2700.0,2651.0,2684.0,2700.0,2700.0,1856.0,795.0,1889.0,811.0
2.0,5253.0,2700.0,2653.0,2700.0,2706.0,2706.0,1857.0,796.0,1890.0,810.0
2.0,5253.0,2703.0,2653.0,2706.0,2703.0,2703.0,1857.0,796.0,1893.0,810.0
2.0,5256.0,2691.0,2654.0,2703.0,2694.0,2694.0,1858.0,796.0,1884.0,807.0
2.0,5268.0,2683.0,2654.0,2694.0,2683.0,2683.0,1858.0,796.0,1877.0,806.0
2.0,5279.0,2661.0,2655.0,2683.0,2664.0,2664.0,1859.0,796.0,1863.0,798.0
2.0,5301.0,2651.0,2656.0,2664.0,2654.0,2654.0,1859.0,797.0,1857.0,794.0
2.0,5314.0,2640.0,2656.0,2654.0,2640.0,2640.0,1859.0,797.0,1848.0,792.0
2.0,5328.0,2641.0,2657.0,2640.0,2644.0,2644.0,1860.0,797.0,1850.0,791.0
2.0,5327.0,2645.0,2657.0,2644.0,2645.0,2645.0,1860.0,797.0,1852.0,793.0
2.0,5326.0,2664.0,2658.0,2645.0,2667.0,2667.0,1861.0,797.0,1864.0,800.0
2.0,5307.0,2674.0,2659.0,2667.0,2677.0,2677.0,1861.0,798.0,1872.0,802.0
2.0,5300.0,2690.0,2660.0,2677.0,2693.0,2693.0,1862.0,798.0,1883.0,807.0
2.0,5287.0,2706.0,2660.0,2693.0,2706.0,2706.0,1862.0,798.0,1895.0,811.0
2.0,5274.0,2708.0,2661.0,2706.0,2711.0,2711.0,1863.0,798.0,1896.0,812.0
2.0,5272.0,2714.0,2661.0,2711.0,2714.0,2714.0,1863.0,798.0,1899.0,815.0
2.0,5269.0,2700.0,2663.0,2714.0,2706.0,2706.0,1864.0,799.0,1890.0,810.0
2.0,5283.0,2689.0,2663.0,2706.0,2689.0,2689.0,1864.0,799.0,1883.0,806.0
2.0,5300.0,2671.0,2664.0,2689.0,2674.0,2674.0,1865.0,799.0,1870.0,801.0
2.0,5318.0,2660.0,2664.0,2674.0,2660.0,2660.0,1865.0,799.0,1863.0,797.0
2.0,5332.0,2651.0,2665.0,2660.0,2654.0,2654.0,1866.0,799.0,1854.0,797.0
2.0,5341.0,2650.0,2666.0,2654.0,2653.0,2653.0,1866.0,800.0,1856.0,794.0
2.0,5345.0,2654.0,2666.0,2653.0,2654.0,2654.0,1866.0,800.0,1858.0,796.0
2.0,5344.0,2670.0,2667.0,2654.0,2673.0,2673.0,1867.0,800.0,1870.0,800.0
2.0,5328.0,2683.0,2667.0,2673.0,2683.0,2683.0,1867.0,800.0,1878.0,805.0
2.0,5318.0,2701.0,2668.0,2683.0,2704.0,2704.0,1868.0,800.0,1889.0,812.0
2.0,5300.0,2714.0,2668.0,2704.0,2714.0,2714.0,1868.0,800.0,1901.0,813.0
2.0,5290.0,2717.0,2670.0,2714.0,2723.0,2723.0,1869.0,801.0,1902.0,815.0
2.0,5287.0,2720.0,2670.0,2723.0,2720.0,2720.0,1869.0,801.0,1905.0,815.0
2.0,5290.0,2708.0,2671.0,2720.0,2711.0,2711.0,1870.0,801.0,1896.0,812.0
2.0,5302.0,2700.0,2671.0,2711.0,2700.0,2700.0,1870.0,801.0,1889.0,811.0
2.0,5313.0,2680.0,2673.0,2700.0,2686.0,2686.0,1871.0,802.0,1876.0,804.0
2.0,5333.0,2669.0,2673.0,2686.0,2669.0,2669.0,1871.0,802.0,1869.0,800.0
2.0,5350.0,2657.0,2674.0,2669.0,2660.0,2660.0,1872.0,802.0,1860.0,797.0
2.0,5362.0,2659.0,2674.0,2660.0,2659.0,2659.0,1872.0,802.0,1862.0,797.0
2.0,5363.0,2666.0,2675.0,2659.0,2669.0,2669.0,1873.0,802.0,1864.0,802.0
2.0,5356.0,2678.0,2676.0,2669.0,2681.0,2681.0,1873.0,803.0,1876.0,802.0
2.0,5347.0,2691.0,2676.0,2681.0,2691.0,2691.0,1873.0,803.0,1884.0,807.0
2.0,5337.0,2710.0,2677.0,2691.0,2713.0,2713.0,1874.0,803.0,1898.0,812.0
2.0,5318.0,2720.0,2677.0,2713.0,2720.0,2720.0,1874.0,803.0,1904.0,816.0
2.0,5311.0,2729.0,2678.0,2720.0,2732.0,2732.0,1875.0,803.0,1908.0,821.0
2.0,5302.0,2728.0,2679.0,2732.0,2731.0,2731.0,1875.0,804.0,1911.0,817.0
2.0,5306.0,2717.0,2680.0,2731.0,2720.0,2720.0,1876.0,804.0,1902.0,815.0
2.0,5320.0,2706.0,2680.0,2720.0,2706.0,2706.0,1876.0,804.0,1895.0,811.0
2.0,5334.0,2691.0,2681.0,2706.0,2694.0,2694.0,1877.0,804.0,1882.0,809.0
2.0,5349.0,2677.0,2681.0,2694.0,2677.0,2677.0,1877.0,804.0,1875.0,802.0
2.0,5366.0,2666.0,2683.0,2677.0,2672.0,2672.0,1878.0,805.0,1866.0,800.0
2.0,5377.0,2668.0,2683.0,2672.0,2668.0,2668.0,1878.0,805.0,1869.0,799.0
2.0,5381.0,2671.0,2684.0,2668.0,2674.0,2674.0,1879.0,805.0,1870.0,801.0
2.0,5378.0,2687.0,2684.0,2674.0,2687.0,2687.0,1879.0,805.0,1882.0,805.0
2.0,5365.0,2703.0,2685.0,2687.0,2706.0,2706.0,1880.0,805.0,1890.0,813.0
2.0,5349.0,2719.0,2686.0,2706.0,2722.0,2722.0,1880.0,806.0,1904.0,815.0
2.0,5336.0,2728.0,2686.0,2722.0,2728.0,2728.0,1880.0,806.0,1910.0,818.0
2.0,5330.0,2738.0,2687.0,2728.0,2741.0,2741.0,1881.0,806.0,1918.0,820.0
2.0,5320.0,2734.0,2687.0,2741.0,2734.0,2734.0,1881.0,806.0,1914.0,820.0
2.0,5327.0,2728.0,2688.0,2734.0,2731.0,2731.0,1882.0,806.0,1908.0,820.0
2.0,5333.0,2714.0,2688.0,2731.0,2714.0,2714.0,1882.0,806.0,1901.0,813.0
2.0,5350.0,2697.0,2690.0,2714.0,2703.0,2703.0,1883.0,807.0,1888.0,809.0
2.0,5367.0,2686.0,2690.0,2703.0,2686.0,2686.0,1883.0,807.0,1881.0,805.0
2.0,5384.0,2674.0,2691.0,2686.0,2677.0,2677.0,1884.0,807.0,1872.0,802.0
2.0,5396.0,2680.0,2691.0,2677.0,2680.0,2680.0,1884.0,807.0,1875.0,805.0
2.0,5393.0,2680.0,2693.0,2680.0,2686.0,2686.0,1885.0,808.0,1876.0,804.0
2.0,5393.0,2696.0,2693.0,2686.0,2696.0,2696.0,1885.0,808.0,1888.0,808.0
2.0,5383.0,2708.0,2694.0,2696.0,2711.0,2711.0,1886.0,808.0,1896.0,812.0
2.0,5371.0,2730.0,2694.0,2711.0,2730.0,2730.0,1886.0,808.0,1910.0,820.0
2.0,5352.0,2737.0,2695.0,2730.0,2740.0,2740.0,1887.0,808.0,1916.0,821.0
2.0,5345.0,2747.0,2696.0,2740.0,2750.0,2750.0,1887.0,809.0,1924.0,823.0
2.0,5338.0,2743.0,2696.0,2750.0,2743.0,2743.0,1887.0,809.0,1920.0,823.0
2.0,5345.0,2737.0,2697.0,2743.0,2740.0,2740.0,1888.0,809.0,1917.0,820.0
2.0,5351.0,2721.0,2697.0,2740.0,2721.0,2721.0,1888.0,809.0,1905.0,816.0
2.0,5370.0,2708.0,2698.0,2721.0,2711.0,2711.0,1889.0,809.0,1894.0,814.0
2.0,5383.0,2694.0,2699.0,2711.0,2697.0,2697.0,1889.0,810.0,1887.0,807.0
2.0,5400.0,2683.0,2700.0,2697.0,2686.0,2686.0,1890.0,810.0,1878.0,805.0
2.0,5414.0,2685.0,2700.0,2686.0,2685.0,2685.0,1890.0,810.0,1881.0,804.0
2.0,5415.0,2688.0,2701.0,2685.0,2691.0,2691.0,1891.0,810.0,1882.0,806.0
2.0,5412.0,2707.0,2701.0,2691.0,2707.0,2707.0,1891.0,810.0,1894.0,813.0
2.0,5396.0,2717.0,2702.0,2707.0,2720.0,2720.0,1892.0,810.0,1902.0,815.0
2.0,5386.0,2736.0,2703.0,2720.0,2739.0,2739.0,1892.0,811.0,1916.0,820.0
2.0,5370.0,2746.0,2704.0,2739.0,2749.0,2749.0,1893.0,811.0,1922.0,824.0
2.0,5363.0,2755.0,2704.0,2749.0,2755.0,2755.0,1893.0,811.0,1930.0,825.0
2.0,5357.0,2754.0,2705.0,2755.0,2757.0,2757.0,1894.0,811.0,1926.0,828.0
2.0,5358.0,2746.0,2706.0,2757.0,2749.0,2749.0,1894.0,812.0,1923.0,823.0
2.0,5369.0,2730.0,2706.0,2749.0,2730.0,2730.0,1894.0,812.0,1911.0,819.0
2.0,5388.0,2717.0,2707.0,2730.0,2720.0,2720.0,1895.0,812.0,1903.0,814.0
2.0,5401.0,2701.0,2707.0,2720.0,2701.0,2701.0,1895.0,812.0,1891.0,810.0
2.0,5420.0,2694.0,2708.0,2701.0,2697.0,2697.0,1896.0,812.0,1884.0,810.0
2.0,5427.0,2694.0,2708.0,2697.0,2694.0,2694.0,1896.0,812.0,1887.0,807.0
2.0,5430.0,2697.0,2710.0,2694.0,2703.0,2703.0,1897.0,813.0,1888.0,809.0
2.0,5427.0,2713.0,2710.0,2703.0,2713.0,2713.0,1897.0,813.0,1900.0,813.0
2.0,5417.0,2726.0,2711.0,2713.0,2729.0,2729.0,1898.0,813.0,1908.0,818.0
2.0,5404.0,2747.0,2711.0,2729.0,2747.0,2747.0,1898.0,813.0,1922.0,825.0
2.0,5386.0,2754.0,2713.0,2747.0,2760.0,2760.0,1899.0,814.0,1928.0,826.0
2.0,5379.0,2764.0,2713.0,2760.0,2764.0,2764.0,1899.0,814.0,1936.0,828.0
2.0,5375.0,2760.0,2714.0,2764.0,2763.0,2763.0,1900.0,814.0,1932.0,828.0
2.0,5379.0,2754.0,2714.0,2763.0,2754.0,2754.0,1900.0,814.0,1929.0,825.0
2.0,5388.0,2741.0,2715.0,2754.0,2744.0,2744.0,1901.0,814.0,1917.0,824.0
2.0,5401.0,2726.0,2715.0,2744.0,2726.0,2726.0,1901.0,814.0,1909.0,817.0
2.0,5419.0,2710.0,2716.0,2726.0,2713.0,2713.0,1901.0,815.0,1897.0,813.0
2.0,5435.0,2704.0,2717.0,2713.0,2707.0,2707.0,1902.0,815.0,1894.0,810.0
2.0,5444.0,2700.0,2717.0,2707.0,2700.0,2700.0,1902.0,815.0,1890.0,810.0
2.0,5451.0,2712.0,2718.0,2700.0,2715.0,2715.0,1903.0,815.0,1897.0,815.0
2.0,5439.0,2718.0,2719.0,2715.0,2721.0,2721.0,1903.0,816.0,1903.0,815.0
2.0,5436.0,2734.0,2720.0,2721.0,2737.0,2737.0,1904.0,816.0,1914.0,820.0
2.0,5423.0,2754.0,2720.0,2737.0,2754.0,2754.0,1904.0,816.0,1929.0,825.0
2.0,5406.0,2763.0,2721.0,2754.0,2766.0,2766.0,1905.0,816.0,1934.0,829.0
2.0,5397.0,2776.0,2721.0,2766.0,2776.0,2776.0,1905.0,816.0,1942.0,834.0
2.0,5387.0,2768.0,2723.0,2776.0,2774.0,2774.0,1906.0,817.0,1938.0,830.0
2.0,5395.0,2763.0,2723.0,2774.0,2763.0,2763.0,1906.0,817.0,1935.0,828.0
2.0,5406.0,2747.0,2724.0,2763.0,2750.0,2750.0,1907.0,817.0,1923.0,824.0
2.0,5422.0,2734.0,2724.0,2750.0,2734.0,2734.0,1907.0,817.0,1915.0,819.0
2.0,5438.0,2721.0,2725.0,2734.0,2724.0,2724.0,1908.0,817.0,1903.0,818.0
2.0,5451.0,2713.0,2726.0,2724.0,2716.0,2716.0,1908.0,818.0,1900.0,813.0
2.0,5462.0,2708.0,2726.0,2716.0,2708.0,2708.0,1908.0,818.0,1896.0,812.0
2.0,5470.0,2717.0,2727.0,2708.0,2720.0,2720.0,1909.0,818.0,1903.0,814.0
2.0,5461.0,2727.0,2727.0,2720.0,2727.0,2727.0,1909.0,818.0,1909.0,818.0
2.0,5454.0,2746.0,2728.0,2727.0,2749.0,2749.0,1910.0,818.0,1920.0,826.0
2.0,5435.0,2763.0,2728.0,2749.0,2763.0,2763.0,1910.0,818.0,1935.0,828.0
2.0,5421.0,2771.0,2730.0,2763.0,2777.0,2777.0,1911.0,819.0,1940.0,831.0
2.0,5413.0,2781.0,2730.0,2777.0,2781.0,2781.0,1911.0,819.0,1948.0,833.0
2.0,5409.0,2777.0,2731.0,2781.0,2780.0,2780.0,1912.0,819.0,1944.0,833.0
2.0,5413.0,2774.0,2731.0,2780.0,2774.0,2774.0,1912.0,819.0,1941.0,833.0
2.0,5419.0,2755.0,2733.0,2774.0,2761.0,2761.0,1913.0,820.0,1929.0,826.0
2.0,5438.0,2743.0,2733.0,2761.0,2743.0,2743.0,1913.0,820.0,1921.0,822.0
2.0,5456.0,2727.0,2734.0,2743.0,2730.0,2730.0,1914.0,820.0,1909.0,818.0
2.0,5472.0,2721.0,2734.0,2730.0,2721.0,2721.0,1914.0,820.0,1906.0,815.0
2.0,5481.0,2720.0,2735.0,2721.0,2723.0,2723.0,1915.0,820.0,1902.0,818.0
2.0,5482.0,2726.0,2736.0,2723.0,2729.0,2729.0,1915.0,821.0,1909.0,817.0
2.0,5479.0,2736.0,2736.0,2729.0,2736.0,2736.0,1915.0,821.0,1915.0,821.0
2.0,5472.0,2754.0,2737.0,2736.0,2757.0,2757.0,1916.0,821.0,1929.0,825.0
2.0,5454.0,2768.0,2737.0,2757.0,2768.0,2768.0,1916.0,821.0,1938.0,830.0
2.0,5443.0,2787.0,2738.0,2768.0,2790.0,2790.0,1917.0,821.0,1950.0,837.0
2.0,5424.0,2787.0,2739.0,2790.0,2790.0,2790.0,1917.0,822.0,1951.0,836.0
2.0,5427.0,2786.0,2740.0,2790.0,2789.0,2789.0,1918.0,822.0,1950.0,836.0
2.0,5431.0,2780.0,2740.0,2789.0,2780.0,2780.0,1918.0,822.0,1947.0,833.0
2.0,5440.0,2767.0,2741.0,2780.0,2770.0,2770.0,1919.0,822.0,1935.0,832.0
2.0,5453.0,2751.0,2741.0,2770.0,2751.0,2751.0,1919.0,822.0,1927.0,824.0
2.0,5472.0,2735.0,2743.0,2751.0,2741.0,2741.0,1920.0,823.0,1915.0,820.0
2.0,5488.0,2730.0,2743.0,2741.0,2730.0,2730.0,1920.0,823.0,1912.0,818.0
2.0,5499.0,2725.0,2744.0,2730.0,2728.0,2728.0,1921.0,823.0,1908.0,817.0
2.0,5504.0,2734.0,2744.0,2728.0,2734.0,2734.0,1921.0,823.0,1915.0,819.0
2.0,5498.0,2747.0,2745.0,2734.0,2750.0,2750.0,1922.0,823.0,1921.0,826.0
2.0,5485.0,2764.0,2746.0,2750.0,2767.0,2767.0,1922.0,824.0,1936.0,828.0
2.0,5471.0,2777.0,2746.0,2767.0,2777.0,2777.0,1922.0,824.0,1944.0,833.0
2.0,5461.0,2793.0,2747.0,2777.0,2796.0,2796.0,1923.0,824.0,1956.0,837.0
2.0,5445.0,2795.0,2747.0,2796.0,2795.0,2795.0,1923.0,824.0,1957.0,838.0
2.0,5446.0,2800.0,2748.0,2795.0,2803.0,2803.0,1924.0,824.0,1959.0,841.0
2.0,5441.0,2786.0,2749.0,2803.0,2789.0,2789.0,1924.0,825.0,1950.0,836.0
2.0,5458.0,2773.0,2750.0,2789.0,2776.0,2776.0,1925.0,825.0,1941.0,832.0
2.0,5474.0,2760.0,2750.0,2776.0,2760.0,2760.0,1925.0,825.0,1933.0,827.0
2.0,5490.0,2744.0,2751.0,2760.0,2747.0,2747.0,1926.0,825.0,1921.0,823.0
2.0,5506.0,2741.0,2751.0,2747.0,2741.0,2741.0,1926.0,825.0,1918.0,823.0
2.0,5512.0,2734.0,2753.0,2741.0,2740.0,2740.0,1927.0,826.0,1914.0,820.0
2.0,5519.0,2744.0,2753.0,2740.0,2744.0,2744.0,1927.0,826.0,1922.0,822.0
2.0,5515.0,2753.0,2754.0,2744.0,2756.0,2756.0,1928.0,826.0,1927.0,826.0
2.0,5506.0,2773.0,2754.0,2756.0,2773.0,2773.0,1928.0,826.0,1942.0,831.0
2.0,5489.0,2788.0,2755.0,2773.0,2791.0,2791.0,1929.0,826.0,1950.0,838.0
2.0,5474.0,2801.0,2755.0,2791.0,2801.0,2801.0,1929.0,826.0,1962.0,839.0
2.0,5464.0,2804.0,2757.0,2801.0,2810.0,2810.0,1930.0,827.0,1963.0,841.0
2.0,5461.0,2806.0,2757.0,2810.0,2806.0,2806.0,1930.0,827.0,1965.0,841.0
2.0,5465.0,2794.0,2757.0,2806.0,2794.0,2794.0,1930.0,827.0,1956.0,838.0
2.0,5477.0,2787.0,2758.0,2794.0,2790.0,2790.0,1931.0,827.0,1950.0,837.0
2.0,5484.0,2766.0,2759.0,2790.0,2769.0,2769.0,1931.0,828.0,1936.0,830.0
2.0,5508.0,2753.0,2760.0,2769.0,2756.0,2756.0,1932.0,828.0,1927.0,826.0
2.0,5524.0,2747.0,2760.0,2756.0,2747.0,2747.0,1932.0,828.0,1924.0,823.0
2.0,5533.0,2743.0,2761.0,2747.0,2746.0,2746.0,1933.0,828.0,1920.0,823.0
2.0,5537.0,2756.0,2761.0,2746.0,2756.0,2756.0,1933.0,828.0,1928.0,828.0
2.0,5527.0,2761.0,2763.0,2756.0,2767.0,2767.0,1934.0,829.0,1933.0,828.0
2.0,5522.0,2781.0,2763.0,2767.0,2781.0,2781.0,1934.0,829.0,1948.0,833.0
2.0,5508.0,2794.0,2764.0,2781.0,2797.0,2797.0,1935.0,829.0,1956.0,838.0
2.0,5495.0,2810.0,2764.0,2797.0,2810.0,2810.0,1935.0,829.0,1968.0,842.0
2.0,5482.0,2816.0,2765.0,2810.0,2819.0,2819.0,1936.0,829.0,1969.0,847.0
2.0,5476.0,2814.0,2766.0,2819.0,2817.0,2817.0,1936.0,830.0,1971.0,843.0
2.0,5481.0,2803.0,2766.0,2817.0,2803.0,2803.0,1936.0,830.0,1962.0,841.0
2.0,5495.0,2793.0,2767.0,2803.0,2796.0,2796.0,1937.0,830.0,1956.0,837.0
2.0,5505.0,2777.0,2767.0,2796.0,2777.0,2777.0,1937.0,830.0,1942.0,835.0
2.0,5524.0,2761.0,2768.0,2777.0,2764.0,2764.0,1938.0,830.0,1933.0,828.0
2.0,5540.0,2756.0,2769.0,2764.0,2759.0,2759.0,1938.0,831.0,1930.0,826.0
2.0,5548.0,2751.0,2770.0,2759.0,2754.0,2754.0,1939.0,831.0,1926.0,825.0
2.0,5556.0,2761.0,2770.0,2754.0,2761.0,2761.0,1939.0,831.0,1934.0,827.0
2.0,5549.0,2771.0,2771.0,2761.0,2774.0,2774.0,1940.0,831.0,1940.0,831.0
2.0,5539.0,2793.0,2771.0,2774.0,2793.0,2793.0,1940.0,831.0,1954.0,839.0
2.0,5520.0,2803.0,2773.0,2793.0,2809.0,2809.0,1941.0,832.0,1962.0,841.0
2.0,5510.0,2818.0,2773.0,2809.0,2818.0,2818.0,1941.0,832.0,1974.0,844.0
2.0,5501.0,2821.0,2774.0,2818.0,2824.0,2824.0,1942.0,832.0,1975.0,846.0
2.0,5498.0,2824.0,2774.0,2824.0,2824.0,2824.0,1942.0,832.0,1978.0,846.0
2.0,5498.0,2814.0,2775.0,2824.0,2817.0,2817.0,1943.0,832.0,1968.0,846.0
2.0,5508.0,2801.0,2775.0,2817.0,2801.0,2801.0,1943.0,832.0,1962.0,839.0
2.0,5524.0,2783.0,2776.0,2801.0,2786.0,2786.0,1943.0,833.0,1948.0,835.0
2.0,5542.0,2773.0,2777.0,2786.0,2776.0,2776.0,1944.0,833.0,1942.0,831.0
2.0,5555.0,2761.0,2777.0,2776.0,2761.0,2761.0,1944.0,833.0,1933.0,828.0
2.0,5570.0,2763.0,2778.0,2761.0,2766.0,2766.0,1945.0,833.0,1932.0,831.0
2.0,5568.0,2770.0,2779.0,2766.0,2773.0,2773.0,1945.0,834.0,1940.0,830.0
2.0,5564.0,2780.0,2780.0,2773.0,2783.0,2783.0,1946.0,834.0,1946.0,834.0
2.0,5557.0,2798.0,2780.0,2783.0,2798.0,2798.0,1946.0,834.0,1960.0,838.0
2.0,5542.0,2814.0,2781.0,2798.0,2817.0,2817.0,1947.0,834.0,1968.0,846.0
2.0,5526.0,2827.0,2781.0,2817.0,2827.0,2827.0,1947.0,834.0,1980.0,847.0
2.0,5516.0,2830.0,2783.0,2827.0,2836.0,2836.0,1948.0,835.0,1981.0,849.0
2.0,5513.0,2833.0,2783.0,2836.0,2833.0,2833.0,1948.0,835.0,1984.0,849.0
2.0,5516.0,2821.0,2784.0,2833.0,2824.0,2824.0,1949.0,835.0,1975.0,846.0
2.0,5528.0,2810.0,2784.0,2824.0,2810.0,2810.0,1949.0,835.0,1968.0,842.0
2.0,5542.0,2794.0,2785.0,2810.0,2797.0,2797.0,1950.0,835.0,1954.0,840.0
2.0,5558.0,2781.0,2786.0,2797.0,2784.0,2784.0,1950.0,836.0,1948.0,833.0
2.0,5574.0,2770.0,2786.0,2784.0,2770.0,2770.0,1950.0,836.0,1939.0,831.0
2.0,5588.0,2771.0,2787.0,2770.0,2774.0,2774.0,1951.0,836.0,1941.0,830.0
2.0,5587.0,2775.0,2787.0,2774.0,2775.0,2775.0,1951.0,836.0,1943.0,832.0
2.0,5586.0,2791.0,2788.0,2775.0,2794.0,2794.0,1952.0,836.0,1952.0,839.0
2.0,5570.0,2807.0,2788.0,2794.0,2807.0,2807.0,1952.0,836.0,1966.0,841.0
2.0,5557.0,2820.0,2790.0,2807.0,2826.0,2826.0,1953.0,837.0,1974.0,846.0
2.0,5544.0,2836.0,2790.0,2826.0,2836.0,2836.0,1953.0,837.0,1986.0,850.0
2.0,5534.0,2838.0,2791.0,2836.0,2841.0,2841.0,1954.0,837.0,1987.0,851.0
2.0,5532.0,2844.0,2791.0,2841.0,2844.0,2844.0,1954.0,837.0,1990.0,854.0
2.0,5529.0,2830.0,2793.0,2844.0,2836.0,2836.0,1955.0,838.0,1981.0,849.0
2.0,5543.0,2819.0,2793.0,2836.0,2819.0,2819.0,1955.0,838.0,1974.0,845.0
2.0,5560.0,2801.0,2794.0,2819.0,2804.0,2804.0,1956.0,838.0,1961.0,840.0
2.0,5578.0,2790.0,2794.0,2804.0,2790.0,2790.0,1956.0,838.0,1954.0,836.0
2.0,5592.0,2781.0,2795.0,2790.0,2784.0,2784.0,1957.0,838.0,1945.0,836.0
2.0,5601.0,2780.0,2795.0,2784.0,2780.0,2780.0,1957.0,838.0,1947.0,833.0
2.0,5605.0,2784.0,2796.0,2780.0,2787.0,2787.0,1957.0,839.0,1949.0,835.0
2.0,5601.0,2800.0,2797.0,2787.0,2803.0,2803.0,1958.0,839.0,1961.0,839.0
2.0,5588.0,2813.0,2797.0,2803.0,2813.0,2813.0,1958.0,839.0,1969.0,844.0
2.0,5578.0,2834.0,2798.0,2813.0,2837.0,2837.0,1959.0,839.0,1983.0,851.0
2.0,5557.0,2841.0,2799.0,2837.0,2844.0,2844.0,1959.0,840.0,1989.0,852.0
2.0,5553.0,2847.0,2800.0,2844.0,2850.0,2850.0,1960.0,840.0,1993.0,854.0
2.0,5550.0,2850.0,2800.0,2850.0,2850.0,2850.0,1960.0,840.0,1996.0,854.0
2.0,5550.0,2838.0,2801.0,2850.0,2841.0,2841.0,1961.0,840.0,1987.0,851.0
2.0,5562.0,2830.0,2801.0,2841.0,2830.0,2830.0,1961.0,840.0,1980.0,850.0
2.0,5573.0,2810.0,2802.0,2830.0,2813.0,2813.0,1962.0,840.0,1967.0,843.0
2.0,5593.0,2799.0,2803.0,2813.0,2802.0,2802.0,1962.0,841.0,1960.0,839.0
2.0,5607.0,2787.0,2804.0,2802.0,2790.0,2790.0,1963.0,841.0,1951.0,836.0
2.0,5622.0,2790.0,2804.0,2790.0,2790.0,2790.0,1963.0,841.0,1954.0,836.0
2.0,5622.0,2796.0,2805.0,2790.0,2799.0,2799.0,1964.0,841.0,1955.0,841.0
2.0,5616.0,2808.0,2806.0,2799.0,2811.0,2811.0,1964.0,842.0,1967.0,841.0
2.0,5607.0,2821.0,2806.0,2811.0,2821.0,2821.0,1964.0,842.0,1975.0,846.0
2.0,5597.0,2840.0,2807.0,2821.0,2843.0,2843.0,1965.0,842.0,1989.0,851.0
2.0,5578.0,2850.0,2807.0,2843.0,2850.0,2850.0,1965.0,842.0,1995.0,855.0
2.0,5571.0,2863.0,2808.0,2850.0,2866.0,2866.0,1966.0,842.0,2003.0,860.0
2.0,5558.0,2855.0,2809.0,2866.0,2858.0,2858.0,1966.0,843.0,1999.0,856.0
2.0,5569.0,2847.0,2810.0,2858.0,2850.0,2850.0,1967.0,843.0,1993.0,854.0
2.0,5580.0,2836.0,2810.0,2850.0,2836.0,2836.0,1967.0,843.0,1986.0,850.0
2.0,5594.0,2818.0,2811.0,2836.0,2821.0,2821.0,1968.0,843.0,1973.0,845.0
2.0,5612.0,2810.0,2811.0,2821.0,2810.0,2810.0,1968.0,843.0,1966.0,844.0
2.0,5623.0,2796.0,2813.0,2810.0,2802.0,2802.0,1969.0,844.0,1957.0,839.0
2.0,5637.0,2798.0,2813.0,2802.0,2798.0,2798.0,1969.0,844.0,1960.0,838.0
2.0,5641.0,2801.0,2814.0,2798.0,2804.0,2804.0,1970.0,844.0,1961.0,840.0
2.0,5638.0,2817.0,2814.0,2804.0,2817.0,2817.0,1970.0,844.0,1973.0,844.0
2.0,5625.0,2833.0,2815.0,2817.0,2836.0,2836.0,1971.0,844.0,1981.0,852.0
2.0,5609.0,2849.0,2815.0,2836.0,2849.0,2849.0,1971.0,844.0,1995.0,854.0
2.0,5596.0,2858.0,2817.0,2849.0,2864.0,2864.0,1972.0,845.0,2001.0,857.0
2.0,5587.0,2868.0,2817.0,2864.0,2868.0,2868.0,1972.0,845.0,2009.0,859.0
2.0,5583.0,2864.0,2817.0,2868.0,2864.0,2864.0,1972.0,845.0,2005.0,859.0
2.0,5587.0,2861.0,2818.0,2864.0,2864.0,2864.0,1973.0,845.0,2002.0,859.0
2.0,5590.0,2841.0,2819.0,2864.0,2844.0,2844.0,1973.0,846.0,1989.0,852.0
2.0,5613.0,2827.0,2820.0,2844.0,2830.0,2830.0,1974.0,846.0,1979.0,848.0
2.0,5630.0,2816.0,2820.0,2830.0,2816.0,2816.0,1974.0,846.0,1972.0,844.0
2.0,5644.0,2804.0,2821.0,2816.0,2807.0,2807.0,1975.0,846.0,1963.0,841.0
2.0,5656.0,2810.0,2821.0,2807.0,2810.0,2810.0,1975.0,846.0,1966.0,844.0
2.0,5653.0,2810.0,2823.0,2810.0,2816.0,2816.0,1976.0,847.0,1967.0,843.0
2.0,5653.0,2826.0,2823.0,2816.0,2826.0,2826.0,1976.0,847.0,1979.0,847.0
2.0,5643.0,2838.0,2824.0,2826.0,2841.0,2841.0,1977.0,847.0,1987.0,851.0
2.0,5631.0,2857.0,2824.0,2841.0,2857.0,2857.0,1977.0,847.0,2001.0,856.0
2.0,5615.0,2870.0,2825.0,2857.0,2873.0,2873.0,1978.0,847.0,2007.0,863.0
2.0,5602.0,2877.0,2826.0,2873.0,2880.0,2880.0,1978.0,848.0,2015.0,862.0
2.0,5598.0,2873.0,2826.0,2880.0,2873.0,2873.0,1978.0,848.0,2011.0,862.0
2.0,5605.0,2867.0,2827.0,2873.0,2870.0,2870.0,1979.0,848.0,2008.0,859.0
2.0,5611.0,2854.0,2827.0,2870.0,2854.0,2854.0,1979.0,848.0,1996.0,858.0
2.0,5627.0,2838.0,2828.0,2854.0,2841.0,2841.0,1980.0,848.0,1988.0,850.0
2.0,5643.0,2821.0,2829.0,2841.0,2824.0,2824.0,1980.0,849.0,1975.0,846.0
2.0,5663.0,2813.0,2830.0,2824.0,2816.0,2816.0,1981.0,849.0,1969.0,844.0
2.0,5674.0,2815.0,2830.0,2816.0,2815.0,2815.0,1981.0,849.0,1972.0,843.0
2.0,5675.0,2818.0,2831.0,2815.0,2821.0,2821.0,1982.0,849.0,1973.0,845.0
2.0,5672.0,2837.0,2831.0,2821.0,2837.0,2837.0,1982.0,849.0,1985.0,852.0
2.0,5656.0,2847.0,2833.0,2837.0,2853.0,2853.0,1983.0,850.0,1993.0,854.0
2.0,5646.0,2866.0,2833.0,2853.0,2866.0,2866.0,1983.0,850.0,2007.0,859.0
2.0,5633.0,2876.0,2834.0,2866.0,2879.0,2879.0,1984.0,850.0,2013.0,863.0
2.0,5623.0,2885.0,2834.0,2879.0,2885.0,2885.0,1984.0,850.0,2021.0,864.0
2.0,5617.0,2884.0,2835.0,2885.0,2887.0,2887.0,1985.0,850.0,2017.0,867.0
2.0,5618.0,2876.0,2836.0,2887.0,2879.0,2879.0,1985.0,851.0,2014.0,862.0
2.0,5629.0,2860.0,2837.0,2879.0,2863.0,2863.0,1986.0,851.0,2002.0,858.0
2.0,5648.0,2847.0,2837.0,2863.0,2847.0,2847.0,1986.0,851.0,1994.0,853.0
2.0,5664.0,2831.0,2837.0,2847.0,2831.0,2831.0,1986.0,851.0,1982.0,849.0
2.0,5680.0,2827.0,2838.0,2831.0,2830.0,2830.0,1987.0,851.0,1978.0,849.0
2.0,5684.0,2821.0,2839.0,2830.0,2824.0,2824.0,1987.0,852.0,1975.0,846.0
2.0,5693.0,2827.0,2840.0,2824.0,2830.0,2830.0,1988.0,852.0,1979.0,848.0
2.0,5690.0,2843.0,2840.0,2830.0,2843.0,2843.0,1988.0,852.0,1991.0,852.0
2.0,5677.0,2856.0,2841.0,2843.0,2859.0,2859.0,1989.0,852.0,1999.0,857.0
2.0,5664.0,2877.0,2841.0,2859.0,2877.0,2877.0,1989.0,852.0,2013.0,864.0
2.0,5646.0,2884.0,2842.0,2877.0,2887.0,2887.0,1990.0,852.0,2019.0,865.0
2.0,5639.0,2894.0,2843.0,2887.0,2897.0,2897.0,1990.0,853.0,2027.0,867.0
2.0,5632.0,2890.0,2844.0,2897.0,2893.0,2893.0,1991.0,853.0,2023.0,867.0
2.0,5639.0,2884.0,2844.0,2893.0,2884.0,2884.0,1991.0,853.0,2020.0,864.0
2.0,5648.0,2871.0,2845.0,2884.0,2874.0,2874.0,1992.0,853.0,2008.0,863.0
2.0,5661.0,2856.0,2846.0,2874.0,2859.0,2859.0,1992.0,854.0,2000.0,856.0
2.0,5679.0,2840.0,2846.0,2859.0,2840.0,2840.0,1992.0,854.0,1988.0,852.0
2.0,5698.0,2834.0,2847.0,2840.0,2837.0,2837.0,1993.0,854.0,1985.0,849.0
2.0,5704.0,2830.0,2847.0,2837.0,2830.0,2830.0,1993.0,854.0,1981.0,849.0
2.0,5711.0,2839.0,2848.0,2830.0,2842.0,2842.0,1994.0,854.0,1985.0,854.0
2.0,5702.0,2851.0,2849.0,2842.0,2854.0,2854.0,1994.0,855.0,1997.0,854.0
2.0,5693.0,2864.0,2850.0,2854.0,2867.0,2867.0,1995.0,855.0,2005.0,859.0
2.0,5683.0,2884.0,2850.0,2867.0,2884.0,2884.0,1995.0,855.0,2020.0,864.0
2.0,5666.0,2893.0,2851.0,2884.0,2896.0,2896.0,1996.0,855.0,2025.0,868.0
2.0,5657.0,2906.0,2851.0,2896.0,2906.0,2906.0,1996.0,855.0,2033.0,873.0
2.0,5647.0,2898.0,2853.0,2906.0,2904.0,2904.0,1997.0,856.0,2029.0,869.0
2.0,5655.0,2893.0,2853.0,2904.0,2893.0,2893.0,1997.0,856.0,2026.0,867.0
2.0,5666.0,2877.0,2854.0,2893.0,2880.0,2880.0,1998.0,856.0,2014.0,863.0
2.0,5682.0,2867.0,2854.0,2880.0,2867.0,2867.0,1998.0,856.0,2006.0,861.0
2.0,5695.0,2848.0,2855.0,2867.0,2851.0,2851.0,1999.0,856.0,1994.0,854.0
2.0,5714.0,2843.0,2856.0,2851.0,2846.0,2846.0,1999.0,857.0,1991.0,852.0
2.0,5722.0,2838.0,2857.0,2846.0,2841.0,2841.0,2000.0,857.0,1987.0,851.0
2.0,5730.0,2847.0,2857.0,2841.0,2847.0,2847.0,2000.0,857.0,1994.0,853.0
2.0,5724.0,2857.0,2857.0,2847.0,2857.0,2857.0,2000.0,857.0,2000.0,857.0
2.0,5714.0,2879.0,2858.0,2857.0,2882.0,2882.0,2001.0,857.0,2014.0,865.0
2.0,5692.0,2890.0,2859.0,2882.0,2893.0,2893.0,2001.0,858.0,2023.0,867.0
2.0,5684.0,2901.0,2860.0,2893.0,2904.0,2904.0,2002.0,858.0,2031.0,870.0
2.0,5676.0,2911.0,2860.0,2904.0,2911.0,2911.0,2002.0,858.0,2039.0,872.0
2.0,5669.0,2907.0,2861.0,2911.0,2910.0,2910.0,2003.0,858.0,2035.0,872.0
2.0,5673.0,2904.0,2861.0,2910.0,2904.0,2904.0,2003.0,858.0,2032.0,872.0
2.0,5679.0,2885.0,2862.0,2904.0,2888.0,2888.0,2004.0,858.0,2020.0,865.0
2.0,5698.0,2873.0,2863.0,2888.0,2876.0,2876.0,2004.0,859.0,2012.0,861.0
2.0,5713.0,2857.0,2864.0,2876.0,2860.0,2860.0,2005.0,859.0,2000.0,857.0
2.0,5732.0,2851.0,2864.0,2860.0,2851.0,2851.0,2005.0,859.0,1997.0,854.0
2.0,5741.0,2850.0,2865.0,2851.0,2853.0,2853.0,2006.0,859.0,1993.0,857.0
2.0,5742.0,2856.0,2866.0,2853.0,2859.0,2859.0,2006.0,860.0,2000.0,856.0
2.0,5739.0,2866.0,2866.0,2859.0,2866.0,2866.0,2006.0,860.0,2006.0,860.0
2.0,5732.0,2884.0,2867.0,2866.0,2887.0,2887.0,2007.0,860.0,2020.0,864.0
2.0,5714.0,2901.0,2867.0,2887.0,2901.0,2901.0,2007.0,860.0,2029.0,872.0
2.0,5700.0,2914.0,2868.0,2901.0,2917.0,2917.0,2008.0,860.0,2041.0,873.0
2.0,5687.0,2917.0,2869.0,2917.0,2920.0,2920.0,2008.0,861.0,2042.0,875.0
2.0,5687.0,2916.0,2870.0,2920.0,2919.0,2919.0,2009.0,861.0,2041.0,875.0
2.0,5691.0,2910.0,2870.0,2919.0,2910.0,2910.0,2009.0,861.0,2038.0,872.0
2.0,5700.0,2894.0,2871.0,2910.0,2897.0,2897.0,2010.0,861.0,2026.0,868.0
2.0,5716.0,2884.0,2871.0,2897.0,2884.0,2884.0,2010.0,861.0,2018.0,866.0
2.0,5729.0,2865.0,2873.0,2884.0,2871.0,2871.0,2011.0,862.0,2006.0,859.0
2.0,5748.0,2860.0,2873.0,2871.0,2860.0,2860.0,2011.0,862.0,2003.0,857.0
2.0,5759.0,2855.0,2874.0,2860.0,2858.0,2858.0,2012.0,862.0,1999.0,856.0
2.0,5764.0,2864.0,2874.0,2858.0,2864.0,2864.0,2012.0,862.0,2006.0,858.0
2.0,5758.0,2877.0,2875.0,2864.0,2880.0,2880.0,2013.0,862.0,2012.0,865.0
2.0,5745.0,2894.0,2875.0,2880.0,2894.0,2894.0,2013.0,862.0,2027.0,867.0
2.0,5731.0,2907.0,2877.0,2894.0,2913.0,2913.0,2014.0,863.0,2035.0,872.0
2.0,5718.0,2923.0,2877.0,2913.0,2923.0,2923.0,2014.0,863.0,2047.0,876.0
2.0,5708.0,2925.0,2877.0,2923.0,2925.0,2925.0,2014.0,863.0,2048.0,877.0
2.0,5706.0,2930.0,2878.0,2925.0,2933.0,2933.0,2015.0,863.0,2050.0,880.0
2.0,5701.0,2916.0,2879.0,2933.0,2919.0,2919.0,2015.0,864.0,2041.0,875.0
2.0,5718.0,2903.0,2880.0,2919.0,2906.0,2906.0,2016.0,864.0,2032.0,871.0
2.0,5734.0,2890.0,2880.0,2906.0,2890.0,2890.0,2016.0,864.0,2024.0,866.0
2.0,5750.0,2874.0,2881.0,2890.0,2877.0,2877.0,2017.0,864.0,2012.0,862.0
2.0,5766.0,2871.0,2881.0,2877.0,2871.0,2871.0,2017.0,864.0,2009.0,862.0
2.0,5772.0,2864.0,2882.0,2871.0,2867.0,2867.0,2018.0,864.0,2005.0,859.0
2.0,5779.0,2874.0,2883.0,2867.0,2877.0,2877.0,2018.0,865.0,2013.0,861.0
2.0,5772.0,2883.0,2884.0,2877.0,2886.0,2886.0,2019.0,865.0,2018.0,865.0
2.0,5766.0,2903.0,2884.0,2886.0,2903.0,2903.0,2019.0,865.0,2033.0,870.0
2.0,5749.0,2918.0,2885.0,2903.0,2921.0,2921.0,2020.0,865.0,2041.0,877.0
2.0,5734.0,2931.0,2886.0,2921.0,2934.0,2934.0,2020.0,866.0,2053.0,878.0
2.0,5724.0,2934.0,2886.0,2934.0,2934.0,2934.0,2020.0,866.0,2054.0,880.0
2.0,5724.0,2936.0,2887.0,2934.0,2939.0,2939.0,2021.0,866.0,2056.0,880.0
2.0,5722.0,2924.0,2887.0,2939.0,2924.0,2924.0,2021.0,866.0,2047.0,877.0
2.0,5737.0,2914.0,2888.0,2924.0,2917.0,2917.0,2022.0,866.0,2038.0,876.0
2.0,5747.0,2899.0,2888.0,2917.0,2899.0,2899.0,2022.0,866.0,2030.0,869.0
2.0,5765.0,2883.0,2890.0,2899.0,2889.0,2889.0,2023.0,867.0,2018.0,865.0
2.0,5781.0,2877.0,2890.0,2889.0,2877.0,2877.0,2023.0,867.0,2015.0,862.0
2.0,5793.0,2873.0,2891.0,2877.0,2876.0,2876.0,2024.0,867.0,2011.0,862.0
2.0,5797.0,2886.0,2891.0,2876.0,2886.0,2886.0,2024.0,867.0,2019.0,867.0
2.0,5787.0,2891.0,2893.0,2886.0,2897.0,2897.0,2025.0,868.0,2024.0,867.0
2.0,5782.0,2911.0,2893.0,2897.0,2911.0,2911.0,2025.0,868.0,2039.0,872.0
2.0,5768.0,2924.0,2894.0,2911.0,2927.0,2927.0,2026.0,868.0,2047.0,877.0
2.0,5755.0,2940.0,2894.0,2927.0,2940.0,2940.0,2026.0,868.0,2059.0,881.0
2.0,5742.0,2946.0,2895.0,2940.0,2949.0,2949.0,2027.0,868.0,2060.0,886.0
2.0,5736.0,2945.0,2896.0,2949.0,2948.0,2948.0,2027.0,869.0,2063.0,882.0
2.0,5740.0,2933.0,2897.0,2948.0,2936.0,2936.0,2028.0,869.0,2053.0,880.0
2.0,5755.0,2923.0,2897.0,2936.0,2923.0,2923.0,2028.0,869.0,2047.0,876.0
2.0,5768.0,2904.0,2897.0,2923.0,2904.0,2904.0,2028.0,869.0,2033.0,871.0
2.0,5787.0,2897.0,2898.0,2904.0,2900.0,2900.0,2029.0,869.0,2027.0,870.0
2.0,5794.0,2883.0,2899.0,2900.0,2886.0,2886.0,2029.0,870.0,2018.0,865.0
2.0,5811.0,2881.0,2900.0,2886.0,2884.0,2884.0,2030.0,870.0,2017.0,864.0
2.0,5816.0,2891.0,2900.0,2884.0,2891.0,2891.0,2030.0,870.0,2025.0,866.0
2.0,5809.0,2901.0,2901.0,2891.0,2904.0,2904.0,2031.0,870.0,2031.0,870.0
2.0,5799.0,2923.0,2901.0,2904.0,2923.0,2923.0,2031.0,870.0,2045.0,878.0
2.0,5780.0,2933.0,2902.0,2923.0,2936.0,2936.0,2032.0,870.0,2053.0,880.0
2.0,5770.0,2948.0,2903.0,2936.0,2951.0,2951.0,2032.0,871.0,2065.0,883.0
2.0,5758.0,2951.0,2904.0,2951.0,2954.0,2954.0,2033.0,871.0,2066.0,885.0
2.0,5758.0,2954.0,2904.0,2954.0,2954.0,2954.0,2033.0,871.0,2069.0,885.0
2.0,5758.0,2945.0,2905.0,2954.0,2948.0,2948.0,2034.0,871.0,2060.0,885.0
2.0,5767.0,2931.0,2906.0,2948.0,2934.0,2934.0,2034.0,872.0,2053.0,878.0
2.0,5784.0,2913.0,2907.0,2934.0,2916.0,2916.0,2035.0,872.0,2039.0,874.0
2.0,5805.0,2903.0,2907.0,2916.0,2903.0,2903.0,2035.0,872.0,2033.0,870.0
2.0,5818.0,2891.0,2907.0,2903.0,2891.0,2891.0,2035.0,872.0,2024.0,867.0
2.0,5830.0,2896.0,2908.0,2891.0,2899.0,2899.0,2036.0,872.0,2026.0,870.0
2.0,5825.0,2897.0,2909.0,2899.0,2900.0,2900.0,2036.0,873.0,2028.0,869.0
2.0,5827.0,2910.0,2910.0,2900.0,2913.0,2913.0,2037.0,873.0,2037.0,873.0
2.0,5817.0,2928.0,2910.0,2913.0,2928.0,2928.0,2037.0,873.0,2051.0,877.0
2.0,5802.0,2941.0,2911.0,2928.0,2944.0,2944.0,2038.0,873.0,2059.0,882.0
2.0,5789.0,2960.0,2911.0,2944.0,2960.0,2960.0,2038.0,873.0,2071.0,889.0
2.0,5773.0,2960.0,2913.0,2960.0,2966.0,2966.0,2039.0,874.0,2072.0,888.0
2.0,5773.0,2963.0,2913.0,2966.0,2963.0,2963.0,2039.0,874.0,2075.0,888.0
2.0,5776.0,2951.0,2914.0,2963.0,2954.0,2954.0,2040.0,874.0,2066.0,885.0
2.0,5788.0,2943.0,2914.0,2954.0,2943.0,2943.0,2040.0,874.0,2059.0,884.0
2.0,5799.0,2921.0,2915.0,2943.0,2924.0,2924.0,2041.0,874.0,2045.0,876.0
2.0,5821.0,2911.0,2916.0,2924.0,2914.0,2914.0,2041.0,875.0,2039.0,872.0
2.0,5834.0,2900.0,2917.0,2914.0,2903.0,2903.0,2042.0,875.0,2030.0,870.0
2.0,5848.0,2901.0,2917.0,2903.0,2901.0,2901.0,2042.0,875.0,2032.0,869.0
2.0,5850.0,2905.0,2917.0,2901.0,2905.0,2905.0,2042.0,875.0,2034.0,871.0
2.0,5846.0,2924.0,2918.0,2905.0,2927.0,2927.0,2043.0,875.0,2046.0,878.0
2.0,5827.0,2934.0,2919.0,2927.0,2937.0,2937.0,2043.0,876.0,2054.0,880.0
2.0,5820.0,2950.0,2920.0,2937.0,2953.0,2953.0,2044.0,876.0,2065.0,885.0
2.0,5807.0,2966.0,2920.0,2953.0,2966.0,2966.0,2044.0,876.0,2077.0,889.0
2.0,5794.0,2968.0,2921.0,2966.0,2971.0,2971.0,2045.0,876.0,2078.0,890.0
2.0,5792.0,2974.0,2921.0,2971.0,2974.0,2974.0,2045.0,876.0,2081.0,893.0
2.0,5789.0,2960.0,2923.0,2974.0,2966.0,2966.0,2046.0,877.0,2072.0,888.0
2.0,5803.0,2949.0,2923.0,2966.0,2949.0,2949.0,2046.0,877.0,2065.0,884.0
2.0,5820.0,2931.0,2924.0,2949.0,2934.0,2934.0,2047.0,877.0,2052.0,879.0
2.0,5838.0,2920.0,2924.0,2934.0,2920.0,2920.0,2047.0,877.0,2045.0,875.0
2.0,5852.0,2911.0,2925.0,2920.0,2914.0,2914.0,2048.0,877.0,2036.0,875.0
2.0,5861.0,2910.0,2926.0,2914.0,2913.0,2913.0,2048.0,878.0,2038.0,872.0
2.0,5865.0,2914.0,2927.0,2913.0,2917.0,2917.0,2049.0,878.0,2040.0,874.0
2.0,5864.0,2930.0,2927.0,2917.0,2930.0,2930.0,2049.0,878.0,2052.0,878.0
2.0,5851.0,2943.0,2927.0,2930.0,2943.0,2943.0,2049.0,878.0,2060.0,883.0
2.0,5838.0,2964.0,2928.0,2943.0,2967.0,2967.0,2050.0,878.0,2074.0,890.0
2.0,5817.0,2971.0,2928.0,2967.0,2971.0,2971.0,2050.0,878.0,2080.0,891.0
2.0,5813.0,2977.0,2930.0,2971.0,2983.0,2983.0,2051.0,879.0,2084.0,893.0
2.0,5807.0,2980.0,2930.0,2983.0,2980.0,2980.0,2051.0,879.0,2087.0,893.0
2.0,5810.0,2968.0,2931.0,2980.0,2971.0,2971.0,2052.0,879.0,2078.0,890.0
2.0,5822.0,2960.0,2931.0,2971.0,2960.0,2960.0,2052.0,879.0,2071.0,889.0
2.0,5833.0,2940.0,2933.0,2960.0,2946.0,2946.0,2053.0,880.0,2058.0,882.0
2.0,5853.0,2929.0,2933.0,2946.0,2929.0,2929.0,2053.0,880.0,2051.0,878.0
2.0,5870.0,2917.0,2934.0,2929.0,2920.0,2920.0,2054.0,880.0,2042.0,875.0
2.0,5882.0,2920.0,2934.0,2920.0,2920.0,2920.0,2054.0,880.0,2045.0,875.0
2.0,5882.0,2926.0,2935.0,2920.0,2929.0,2929.0,2055.0,880.0,2046.0,880.0
2.0,5876.0,2938.0,2936.0,2929.0,2941.0,2941.0,2055.0,881.0,2058.0,880.0
2.0,5867.0,2951.0,2937.0,2941.0,2954.0,2954.0,2056.0,881.0,2066.0,885.0
2.0,5857.0,2970.0,2937.0,2954.0,2970.0,2970.0,2056.0,881.0,2080.0,890.0
2.0,5841.0,2980.0,2937.0,2970.0,2980.0,2980.0,2056.0,881.0,2086.0,894.0
2.0,5831.0,2993.0,2938.0,2980.0,2996.0,2996.0,2057.0,881.0,2094.0,899.0
2.0,5818.0,2985.0,2939.0,2996.0,2988.0,2988.0,2057.0,882.0,2090.0,895.0
2.0,5829.0,2977.0,2940.0,2988.0,2980.0,2980.0,2058.0,882.0,2084.0,893.0
2.0,5840.0,2966.0,2940.0,2980.0,2966.0,2966.0,2058.0,882.0,2077.0,889.0
2.0,5854.0,2951.0,2941.0,2966.0,2954.0,2954.0,2059.0,882.0,2064.0,887.0
2.0,5869.0,2937.0,2941.0,2954.0,2937.0,2937.0,2059.0,882.0,2057.0,880.0
2.0,5886.0,2926.0,2943.0,2937.0,2932.0,2932.0,2060.0,883.0,2048.0,878.0
2.0,5897.0,2928.0,2943.0,2932.0,2928.0,2928.0,2060.0,883.0,2051.0,877.0
2.0,5901.0,2931.0,2944.0,2928.0,2934.0,2934.0,2061.0,883.0,2052.0,879.0
2.0,5898.0,2947.0,2944.0,2934.0,2947.0,2947.0,2061.0,883.0,2064.0,883.0
2.0,5885.0,2963.0,2945.0,2947.0,2966.0,2966.0,2062.0,883.0,2072.0,891.0
2.0,5869.0,2979.0,2946.0,2966.0,2982.0,2982.0,2062.0,884.0,2086.0,893.0
2.0,5856.0,2988.0,2946.0,2982.0,2988.0,2988.0,2062.0,884.0,2092.0,896.0
2.0,5850.0,2998.0,2947.0,2988.0,3001.0,3001.0,2063.0,884.0,2100.0,898.0
2.0,5840.0,2994.0,2947.0,3001.0,2994.0,2994.0,2063.0,884.0,2096.0,898.0
2.0,5847.0,2991.0,2948.0,2994.0,2994.0,2994.0,2064.0,884.0,2093.0,898.0
2.0,5850.0,2972.0,2948.0,2994.0,2972.0,2972.0,2064.0,884.0,2081.0,891.0
2.0,5872.0,2957.0,2950.0,2972.0,2963.0,2963.0,2065.0,885.0,2070.0,887.0
2.0,5887.0,2946.0,2950.0,2963.0,2946.0,2946.0,2065.0,885.0,2063.0,883.0
2.0,5904.0,2934.0,2951.0,2946.0,2937.0,2937.0,2066.0,885.0,2054.0,880.0
2.0,5916.0,2940.0,2951.0,2937.0,2940.0,2940.0,2066.0,885.0,2057.0,883.0
2.0,5913.0,2940.0,2953.0,2940.0,2946.0,2946.0,2067.0,886.0,2058.0,882.0
2.0,5913.0,2956.0,2953.0,2946.0,2956.0,2956.0,2067.0,886.0,2070.0,886.0
2.0,5903.0,2968.0,2954.0,2956.0,2971.0,2971.0,2068.0,886.0,2078.0,890.0
2.0,5891.0,2990.0,2954.0,2971.0,2990.0,2990.0,2068.0,886.0,2092.0,898.0
2.0,5872.0,2997.0,2955.0,2990.0,3000.0,3000.0,2069.0,886.0,2098.0,899.0
2.0,5865.0,3007.0,2956.0,3000.0,3010.0,3010.0,2069.0,887.0,2106.0,901.0
2.0,5858.0,3003.0,2957.0,3010.0,3006.0,3006.0,2070.0,887.0,2102.0,901.0
2.0,5865.0,2997.0,2957.0,3006.0,2997.0,2997.0,2070.0,887.0,2099.0,898.0
2.0,5874.0,2981.0,2957.0,2997.0,2981.0,2981.0,2070.0,887.0,2087.0,894.0
2.0,5890.0,2971.0,2958.0,2981.0,2974.0,2974.0,2071.0,887.0,2079.0,892.0
2.0,5900.0,2952.0,2959.0,2974.0,2955.0,2955.0,2071.0,888.0,2067.0,885.0
2.0,5922.0,2943.0,2960.0,2955.0,2946.0,2946.0,2072.0,888.0,2060.0,883.0
2.0,5934.0,2945.0,2960.0,2946.0,2945.0,2945.0,2072.0,888.0,2063.0,882.0
2.0,5935.0,2948.0,2961.0,2945.0,2951.0,2951.0,2073.0,888.0,2064.0,884.0
2.0,5932.0,2967.0,2961.0,2951.0,2967.0,2967.0,2073.0,888.0,2076.0,891.0
2.0,5916.0,2977.0,2962.0,2967.0,2980.0,2980.0,2074.0,888.0,2084.0,893.0
2.0,5906.0,2996.0,2963.0,2980.0,2999.0,2999.0,2074.0,889.0,2098.0,898.0
2.0,5890.0,3006.0,2964.0,2999.0,3009.0,3009.0,2075.0,889.0,2104.0,902.0
2.0,5883.0,3015.0,2964.0,3009.0,3015.0,3015.0,2075.0,889.0,2112.0,903.0
2.0,5877.0,3014.0,2965.0,3015.0,3017.0,3017.0,2076.0,889.0,2108.0,906.0
2.0,5878.0,3006.0,2966.0,3017.0,3009.0,3009.0,2076.0,890.0,2105.0,901.0
2.0,5889.0,2990.0,2967.0,3009.0,2993.0,2993.0,2077.0,890.0,2093.0,897.0
2.0,5908.0,2977.0,2967.0,2993.0,2977.0,2977.0,2077.0,890.0,2085.0,892.0
2.0,5924.0,2961.0,2967.0,2977.0,2961.0,2961.0,2077.0,890.0,2073.0,888.0
2.0,5940.0,2958.0,2968.0,2961.0,2961.0,2961.0,2078.0,890.0,2070.0,888.0
2.0,5943.0,2951.0,2968.0,2961.0,2951.0,2951.0,2078.0,890.0,2066.0,885.0
2.0,5953.0,2960.0,2970.0,2951.0,2966.0,2966.0,2079.0,891.0,2073.0,887.0
2.0,5944.0,2970.0,2970.0,2966.0,2970.0,2970.0,2079.0,891.0,2079.0,891.0
2.0,5940.0,2986.0,2971.0,2970.0,2989.0,2989.0,2080.0,891.0,2090.0,896.0
2.0,5924.0,3008.0,2971.0,2989.0,3008.0,3008.0,2080.0,891.0,2105.0,903.0
2.0,5905.0,3014.0,2973.0,3008.0,3020.0,3020.0,2081.0,892.0,2110.0,904.0
2.0,5899.0,3024.0,2973.0,3020.0,3024.0,3024.0,2081.0,892.0,2118.0,906.0
2.0,5895.0,3020.0,2974.0,3024.0,3023.0,3023.0,2082.0,892.0,2114.0,906.0
2.0,5899.0,3014.0,2974.0,3023.0,3014.0,3014.0,2082.0,892.0,2111.0,903.0
2.0,5908.0,3001.0,2975.0,3014.0,3004.0,3004.0,2083.0,892.0,2099.0,902.0
2.0,5921.0,2986.0,2975.0,3004.0,2986.0,2986.0,2083.0,892.0,2091.0,895.0
2.0,5939.0,2970.0,2977.0,2986.0,2976.0,2976.0,2084.0,893.0,2079.0,891.0
2.0,5955.0,2964.0,2977.0,2976.0,2964.0,2964.0,2084.0,893.0,2076.0,888.0
2.0,5967.0,2960.0,2977.0,2964.0,2960.0,2960.0,2084.0,893.0,2072.0,888.0
2.0,5971.0,2972.0,2978.0,2960.0,2975.0,2975.0,2085.0,893.0,2079.0,893.0
2.0,5959.0,2978.0,2979.0,2975.0,2981.0,2981.0,2085.0,894.0,2085.0,893.0
2.0,5956.0,2994.0,2980.0,2981.0,2997.0,2997.0,2086.0,894.0,2096.0,898.0
2.0,5943.0,3014.0,2980.0,2997.0,3014.0,3014.0,2086.0,894.0,2111.0,903.0
2.0,5926.0,3023.0,2981.0,3014.0,3026.0,3026.0,2087.0,894.0,2116.0,907.0
2.0,5917.0,3036.0,2981.0,3026.0,3036.0,3036.0,2087.0,894.0,2124.0,912.0
2.0,5907.0,3028.0,2983.0,3036.0,3034.0,3034.0,2088.0,895.0,2120.0,908.0
2.0,5915.0,3023.0,2983.0,3034.0,3023.0,3023.0,2088.0,895.0,2117.0,906.0
2.0,5926.0,3007.0,2984.0,3023.0,3010.0,3010.0,2089.0,895.0,2105.0,902.0
2.0,5942.0,2994.0,2984.0,3010.0,2994.0,2994.0,2089.0,895.0,2097.0,897.0
2.0,5958.0,2981.0,2985.0,2994.0,2984.0,2984.0,2090.0,895.0,2085.0,896.0
2.0,5971.0,2973.0,2986.0,2984.0,2976.0,2976.0,2090.0,896.0,2082.0,891.0
2.0,5982.0,2968.0,2987.0,2976.0,2971.0,2971.0,2091.0,896.0,2078.0,890.0
2.0,5990.0,2977.0,2987.0,2971.0,2977.0,2977.0,2091.0,896.0,2085.0,892.0
2.0,5984.0,2987.0,2987.0,2977.0,2987.0,2987.0,2091.0,896.0,2091.0,896.0
2.0,5974.0,3009.0,2988.0,2987.0,3012.0,3012.0,2092.0,896.0,2105.0,904.0
2.0,5952.0,3020.0,2988.0,3012.0,3020.0,3020.0,2092.0,896.0,2114.0,906.0
2.0,5944.0,3035.0,2990.0,3020.0,3041.0,3041.0,2093.0,897.0,2126.0,909.0
2.0,5929.0,3038.0,2990.0,3041.0,3038.0,3038.0,2093.0,897.0,2127.0,911.0
2.0,5932.0,3037.0,2991.0,3038.0,3040.0,3040.0,2094.0,897.0,2126.0,911.0
2.0,5933.0,3034.0,2991.0,3040.0,3034.0,3034.0,2094.0,897.0,2123.0,911.0
2.0,5939.0,3015.0,2993.0,3034.0,3021.0,3021.0,2095.0,898.0,2111.0,904.0
2.0,5958.0,3003.0,2993.0,3021.0,3003.0,3003.0,2095.0,898.0,2103.0,900.0
2.0,5976.0,2987.0,2994.0,3003.0,2990.0,2990.0,2096.0,898.0,2091.0,896.0
2.0,5992.0,2981.0,2994.0,2990.0,2981.0,2981.0,2096.0,898.0,2088.0,893.0
2.0,6001.0,2980.0,2995.0,2981.0,2983.0,2983.0,2097.0,898.0,2084.0,896.0
2.0,6002.0,2986.0,2996.0,2983.0,2989.0,2989.0,2097.0,899.0,2091.0,895.0
2.0,5999.0,2996.0,2997.0,2989.0,2999.0,2999.0,2098.0,899.0,2097.0,899.0
2.0,5992.0,3015.0,2997.0,2999.0,3015.0,3015.0,2098.0,899.0,2112.0,903.0
2.0,5976.0,3028.0,2997.0,3015.0,3028.0,3028.0,2098.0,899.0,2120.0,908.0
2.0,5963.0,3047.0,2998.0,3028.0,3050.0,3050.0,2099.0,899.0,2132.0,915.0
2.0,5944.0,3047.0,2999.0,3050.0,3050.0,3050.0,2099.0,900.0,2133.0,914.0
2.0,5947.0,3049.0,3000.0,3050.0,3052.0,3052.0,2100.0,900.0,2135.0,914.0
2.0,5948.0,3037.0,3000.0,3052.0,3037.0,3037.0,2100.0,900.0,2126.0,911.0
2.0,5963.0,3027.0,3001.0,3037.0,3030.0,3030.0,2101.0,900.0,2117.0,910.0
2.0,5973.0,3011.0,3001.0,3030.0,3011.0,3011.0,2101.0,900.0,2109.0,902.0
2.0,5992.0,2995.0,3003.0,3011.0,3001.0,3001.0,2102.0,901.0,2097.0,898.0
2.0,6008.0,2990.0,3003.0,3001.0,2990.0,2990.0,2102.0,901.0,2094.0,896.0
2.0,6019.0,2985.0,3004.0,2990.0,2988.0,2988.0,2103.0,901.0,2090.0,895.0
2.0,6024.0,2995.0,3004.0,2988.0,2995.0,2995.0,2103.0,901.0,2098.0,897.0
2.0,6017.0,3007.0,3005.0,2995.0,3010.0,3010.0,2104.0,901.0,2103.0,904.0
2.0,6005.0,3024.0,3006.0,3010.0,3027.0,3027.0,2104.0,902.0,2118.0,906.0
2.0,5991.0,3037.0,3007.0,3027.0,3040.0,3040.0,2105.0,902.0,2126.0,911.0
2.0,5981.0,3053.0,3007.0,3040.0,3053.0,3053.0,2105.0,902.0,2138.0,915.0
2.0,5968.0,3055.0,3008.0,3053.0,3058.0,3058.0,2106.0,902.0,2139.0,916.0
2.0,5966.0,3060.0,3008.0,3058.0,3060.0,3060.0,2106.0,902.0,2141.0,919.0
2.0,5964.0,3046.0,3009.0,3060.0,3049.0,3049.0,2106.0,903.0,2132.0,914.0
2.0,5978.0,3036.0,3010.0,3049.0,3039.0,3039.0,2107.0,903.0,2126.0,910.0
2.0,5991.0,3017.0,3010.0,3039.0,3017.0,3017.0,2107.0,903.0,2112.0,905.0
2.0,6013.0,3004.0,3011.0,3017.0,3007.0,3007.0,2108.0,903.0,2103.0,901.0
2.0,6026.0,3001.0,3011.0,3007.0,3001.0,3001.0,2108.0,903.0,2100.0,901.0
2.0,6032.0,2994.0,3013.0,3001.0,3000.0,3000.0,2109.0,904.0,2096.0,898.0
2.0,6039.0,3004.0,3013.0,3000.0,3004.0,3004.0,2109.0,904.0,2104.0,900.0
2.0,6035.0,3013.0,3014.0,3004.0,3016.0,3016.0,2110.0,904.0,2109.0,904.0
2.0,6026.0,3033.0,3014.0,3016.0,3033.0,3033.0,2110.0,904.0,2124.0,909.0
2.0,6009.0,3048.0,3015.0,3033.0,3051.0,3051.0,2111.0,904.0,2132.0,916.0
2.0,5994.0,3061.0,3015.0,3051.0,3061.0,3061.0,2111.0,904.0,2144.0,917.0
2.0,5984.0,3064.0,3017.0,3061.0,3070.0,3070.0,2112.0,905.0,2145.0,919.0
2.0,5981.0,3066.0,3017.0,3070.0,3066.0,3066.0,2112.0,905.0,2147.0,919.0
2.0,5985.0,3054.0,3017.0,3066.0,3054.0,3054.0,2112.0,905.0,2138.0,916.0
2.0,5997.0,3047.0,3018.0,3054.0,3050.0,3050.0,2113.0,905.0,2132.0,915.0
2.0,6004.0,3026.0,3019.0,3050.0,3029.0,3029.0,2113.0,906.0,2118.0,908.0
2.0,6028.0,3013.0,3020.0,3029.0,3016.0,3016.0,2114.0,906.0,2109.0,904.0
2.0,6044.0,3007.0,3020.0,3016.0,3007.0,3007.0,2114.0,906.0,2106.0,901.0
2.0,6053.0,3003.0,3021.0,3007.0,3006.0,3006.0,2115.0,906.0,2102.0,901.0
2.0,6057.0,3016.0,3021.0,3006.0,3016.0,3016.0,2115.0,906.0,2110.0,906.0
2.0,6047.0,3022.0,3023.0,3016.0,3028.0,3028.0,2116.0,907.0,2116.0,906.0
2.0,6041.0,3041.0,3023.0,3028.0,3041.0,3041.0,2116.0,907.0,2130.0,911.0
2.0,6028.0,3054.0,3024.0,3041.0,3057.0,3057.0,2117.0,907.0,2138.0,916.0
2.0,6015.0,3070.0,3024.0,3057.0,3070.0,3070.0,2117.0,907.0,2150.0,920.0
2.0,6002.0,3076.0,3025.0,3070.0,3079.0,3079.0,2118.0,907.0,2151.0,925.0
2.0,5996.0,3075.0,3026.0,3079.0,3078.0,3078.0,2118.0,908.0,2154.0,921.0
2.0,6000.0,3063.0,3027.0,3078.0,3066.0,3066.0,2119.0,908.0,2144.0,919.0
2.0,6015.0,3053.0,3027.0,3066.0,3053.0,3053.0,2119.0,908.0,2138.0,915.0
2.0,6028.0,3037.0,3027.0,3053.0,3037.0,3037.0,2119.0,908.0,2124.0,913.0
2.0,6044.0,3024.0,3028.0,3037.0,3027.0,3027.0,2120.0,908.0,2118.0,906.0
2.0,6057.0,3013.0,3029.0,3027.0,3016.0,3016.0,2120.0,909.0,2109.0,904.0
2.0,6071.0,3011.0,3030.0,3016.0,3014.0,3014.0,2121.0,909.0,2108.0,903.0
2.0,6076.0,3021.0,3030.0,3014.0,3021.0,3021.0,2121.0,909.0,2116.0,905.0
2.0,6069.0,3031.0,3031.0,3021.0,3034.0,3034.0,2122.0,909.0,2122.0,909.0
2.0,6059.0,3053.0,3031.0,3034.0,3053.0,3053.0,2122.0,909.0,2136.0,917.0
2.0,6040.0,3063.0,3033.0,3053.0,3069.0,3069.0,2123.0,910.0,2144.0,919.0
2.0,6030.0,3078.0,3033.0,3069.0,3078.0,3078.0,2123.0,910.0,2156.0,922.0
2.0,6021.0,3081.0,3034.0,3078.0,3084.0,3084.0,2124.0,910.0,2157.0,924.0
2.0,6018.0,3084.0,3034.0,3084.0,3084.0,3084.0,2124.0,910.0,2160.0,924.0
2.0,6018.0,3075.0,3035.0,3084.0,3078.0,3078.0,2125.0,910.0,2151.0,924.0
2.0,6027.0,3061.0,3035.0,3078.0,3061.0,3061.0,2125.0,910.0,2144.0,917.0
2.0,6044.0,3043.0,3037.0,3061.0,3049.0,3049.0,2126.0,911.0,2130.0,913.0
2.0,6062.0,3033.0,3037.0,3049.0,3033.0,3033.0,2126.0,911.0,2124.0,909.0
2.0,6078.0,3021.0,3037.0,3033.0,3021.0,3021.0,2126.0,911.0,2115.0,906.0
2.0,6090.0,3026.0,3038.0,3021.0,3029.0,3029.0,2127.0,911.0,2117.0,909.0
2.0,6085.0,3027.0,3039.0,3029.0,3030.0,3030.0,2127.0,912.0,2119.0,908.0
2.0,6087.0,3040.0,3040.0,3030.0,3043.0,3043.0,2128.0,912.0,2128.0,912.0
2.0,6077.0,3058.0,3040.0,3043.0,3058.0,3058.0,2128.0,912.0,2142.0,916.0
2.0,6062.0,3074.0,3041.0,3058.0,3077.0,3077.0,2129.0,912.0,2150.0,924.0
2.0,6046.0,3087.0,3041.0,3077.0,3087.0,3087.0,2129.0,912.0,2162.0,925.0
2.0,6036.0,3090.0,3043.0,3087.0,3096.0,3096.0,2130.0,913.0,2163.0,927.0
2.0,6033.0,3093.0,3043.0,3096.0,3093.0,3093.0,2130.0,913.0,2166.0,927.0
2.0,6036.0,3081.0,3044.0,3093.0,3084.0,3084.0,2131.0,913.0,2157.0,924.0
2.0,6048.0,3070.0,3044.0,3084.0,3070.0,3070.0,2131.0,913.0,2150.0,920.0
2.0,6062.0,3055.0,3045.0,3070.0,3058.0,3058.0,2132.0,913.0,2137.0,918.0
2.0,6077.0,3041.0,3046.0,3058.0,3044.0,3044.0,2132.0,914.0,2130.0,911.0
2.0,6094.0,3030.0,3047.0,3044.0,3033.0,3033.0,2133.0,914.0,2121.0,909.0
2.0,6108.0,3031.0,3047.0,3033.0,3031.0,3031.0,2133.0,914.0,2123.0,908.0
2.0,6110.0,3035.0,3047.0,3031.0,3035.0,3035.0,2133.0,914.0,2125.0,910.0
2.0,6106.0,3054.0,3048.0,3035.0,3057.0,3057.0,2134.0,914.0,2137.0,917.0
2.0,6087.0,3064.0,3048.0,3057.0,3064.0,3064.0,2134.0,914.0,2145.0,919.0
2.0,6080.0,3083.0,3050.0,3064.0,3089.0,3089.0,2135.0,915.0,2159.0,924.0
2.0,6061.0,3093.0,3050.0,3089.0,3093.0,3093.0,2135.0,915.0,2165.0,928.0
2.0,6057.0,3098.0,3051.0,3093.0,3101.0,3101.0,2136.0,915.0,2169.0,929.0
2.0,6052.0,3104.0,3051.0,3101.0,3104.0,3104.0,2136.0,915.0,2172.0,932.0
2.0,6049.0,3090.0,3053.0,3104.0,3096.0,3096.0,2137.0,916.0,2163.0,927.0
2.0,6063.0,3079.0,3053.0,3096.0,3079.0,3079.0,2137.0,916.0,2156.0,923.0
2.0,6080.0,3061.0,3054.0,3079.0,3064.0,3064.0,2138.0,916.0,2143.0,918.0
2.0,6098.0,3050.0,3054.0,3064.0,3050.0,3050.0,2138.0,916.0,2136.0,914.0
2.0,6112.0,3041.0,3055.0,3050.0,3044.0,3044.0,2139.0,916.0,2127.0,914.0
2.0,6121.0,3040.0,3055.0,3044.0,3040.0,3040.0,2139.0,916.0,2129.0,911.0
2.0,6125.0,3044.0,3057.0,3040.0,3050.0,3050.0,2140.0,917.0,2131.0,913.0
2.0,6121.0,3060.0,3057.0,3050.0,3060.0,3060.0,2140.0,917.0,2143.0,917.0
2.0,6111.0,3073.0,3057.0,3060.0,3073.0,3073.0,2140.0,917.0,2151.0,922.0
2.0,6098.0,3094.0,3058.0,3073.0,3097.0,3097.0,2141.0,917.0,2165.0,929.0
2.0,6077.0,3101.0,3059.0,3097.0,3104.0,3104.0,2141.0,918.0,2171.0,930.0
2.0,6073.0,3108.0,3060.0,3104.0,3111.0,3111.0,2142.0,918.0,2176.0,932.0
2.0,6069.0,3110.0,3060.0,3111.0,3110.0,3110.0,2142.0,918.0,2178.0,932.0
2.0,6070.0,3098.0,3061.0,3110.0,3101.0,3101.0,2143.0,918.0,2169.0,929.0
2.0,6082.0,3090.0,3061.0,3101.0,3090.0,3090.0,2143.0,918.0,2162.0,928.0
2.0,6093.0,3070.0,3062.0,3090.0,3073.0,3073.0,2144.0,918.0,2149.0,921.0
2.0,6113.0,3059.0,3063.0,3073.0,3062.0,3062.0,2144.0,919.0,2142.0,917.0
2.0,6127.0,3047.0,3064.0,3062.0,3050.0,3050.0,2145.0,919.0,2133.0,914.0
2.0,6142.0,3050.0,3064.0,3050.0,3050.0,3050.0,2145.0,919.0,2136.0,914.0
2.0,6142.0,3056.0,3065.0,3050.0,3059.0,3059.0,2146.0,919.0,2137.0,919.0
2.0,6136.0,3068.0,3066.0,3059.0,3071.0,3071.0,2146.0,920.0,2149.0,919.0
2.0,6127.0,3081.0,3067.0,3071.0,3084.0,3084.0,2147.0,920.0,2157.0,924.0
2.0,6117.0,3100.0,3067.0,3084.0,3100.0,3100.0,2147.0,920.0,2171.0,929.0
2.0,6101.0,3110.0,3067.0,3100.0,3110.0,3110.0,2147.0,920.0,2177.0,933.0
2.0,6091.0,3123.0,3068.0,3110.0,3126.0,3126.0,2148.0,920.0,2185.0,938.0
2.0,6078.0,3115.0,3069.0,3126.0,3118.0,3118.0,2148.0,921.0,2181.0,934.0
2.0,6089.0,3110.0,3070.0,3118.0,3113.0,3113.0,2149.0,921.0,2178.0,932.0
2.0,6097.0,3093.0,3070.0,3113.0,3093.0,3093.0,2149.0,921.0,2165.0,928.0
2.0,6117.0,3078.0,3071.0,3093.0,3081.0,3081.0,2150.0,921.0,2155.0,923.0
2.0,6132.0,3070.0,3071.0,3081.0,3070.0,3070.0,2150.0,921.0,2148.0,922.0
2.0,6143.0,3056.0,3073.0,3070.0,3062.0,3062.0,2151.0,922.0,2139.0,917.0
2.0,6157.0,3058.0,3073.0,3062.0,3058.0,3058.0,2151.0,922.0,2142.0,916.0
2.0,6161.0,3061.0,3074.0,3058.0,3064.0,3064.0,2152.0,922.0,2143.0,918.0
2.0,6158.0,3077.0,3074.0,3064.0,3077.0,3077.0,2152.0,922.0,2155.0,922.0
2.0,6145.0,3093.0,3075.0,3077.0,3096.0,3096.0,2153.0,922.0,2163.0,930.0
2.0,6129.0,3109.0,3075.0,3096.0,3109.0,3109.0,2153.0,922.0,2177.0,932.0
2.0,6116.0,3118.0,3077.0,3109.0,3124.0,3124.0,2154.0,923.0,2183.0,935.0
2.0,6107.0,3128.0,3077.0,3124.0,3128.0,3128.0,2154.0,923.0,2191.0,937.0
2.0,6103.0,3124.0,3077.0,3128.0,3124.0,3124.0,2154.0,923.0,2187.0,937.0
2.0,6107.0,3121.0,3078.0,3124.0,3124.0,3124.0,2155.0,923.0,2184.0,937.0
2.0,6110.0,3102.0,3079.0,3124.0,3105.0,3105.0,2155.0,924.0,2172.0,930.0
2.0,6132.0,3087.0,3080.0,3105.0,3090.0,3090.0,2156.0,924.0,2161.0,926.0
2.0,6150.0,3076.0,3080.0,3090.0,3076.0,3076.0,2156.0,924.0,2154.0,922.0
2.0,6164.0,3064.0,3081.0,3076.0,3067.0,3067.0,2157.0,924.0,2145.0,919.0
2.0,6176.0,3070.0,3081.0,3067.0,3070.0,3070.0,2157.0,924.0,2148.0,922.0
2.0,6173.0,3070.0,3083.0,3070.0,3076.0,3076.0,2158.0,925.0,2149.0,921.0
2.0,6173.0,3086.0,3083.0,3076.0,3086.0,3086.0,2158.0,925.0,2161.0,925.0
2.0,6163.0,3098.0,3084.0,3086.0,3101.0,3101.0,2159.0,925.0,2169.0,929.0
2.0,6151.0,3117.0,3084.0,3101.0,3117.0,3117.0,2159.0,925.0,2183.0,934.0
2.0,6135.0,3130.0,3085.0,3117.0,3133.0,3133.0,2160.0,925.0,2189.0,941.0
2.0,6122.0,3137.0,3086.0,3133.0,3140.0,3140.0,2160.0,926.0,2197.0,940.0
2.0,6118.0,3133.0,3087.0,3140.0,3136.0,3136.0,2161.0,926.0,2193.0,940.0
2.0,6125.0,3127.0,3087.0,3136.0,3127.0,3127.0,2161.0,926.0,2190.0,937.0
2.0,6134.0,3114.0,3087.0,3127.0,3114.0,3114.0,2161.0,926.0,2178.0,936.0
2.0,6147.0,3098.0,3088.0,3114.0,3101.0,3101.0,2162.0,926.0,2170.0,928.0
2.0,6163.0,3082.0,3089.0,3101.0,3085.0,3085.0,2162.0,927.0,2158.0,924.0
2.0,6182.0,3076.0,3090.0,3085.0,3079.0,3079.0,2163.0,927.0,2154.0,922.0
2.0,6191.0,3072.0,3090.0,3079.0,3072.0,3072.0,2163.0,927.0,2151.0,921.0
2.0,6198.0,3078.0,3091.0,3072.0,3081.0,3081.0,2164.0,927.0,2155.0,923.0
2.0,6192.0,3097.0,3091.0,3081.0,3097.0,3097.0,2164.0,927.0,2167.0,930.0
2.0,6176.0,3107.0,3093.0,3097.0,3113.0,3113.0,2165.0,928.0,2175.0,932.0
2.0,6166.0,3126.0,3093.0,3113.0,3126.0,3126.0,2165.0,928.0,2189.0,937.0
2.0,6153.0,3136.0,3094.0,3126.0,3139.0,3139.0,2166.0,928.0,2195.0,941.0
2.0,6143.0,3145.0,3094.0,3139.0,3145.0,3145.0,2166.0,928.0,2203.0,942.0
2.0,6137.0,3144.0,3095.0,3145.0,3147.0,3147.0,2167.0,928.0,2199.0,945.0
2.0,6138.0,3136.0,3096.0,3147.0,3139.0,3139.0,2167.0,929.0,2196.0,940.0
2.0,6149.0,3120.0,3097.0,3139.0,3123.0,3123.0,2168.0,929.0,2184.0,936.0
2.0,6168.0,3107.0,3097.0,3123.0,3107.0,3107.0,2168.0,929.0,2176.0,931.0
2.0,6184.0,3091.0,3097.0,3107.0,3091.0,3091.0,2168.0,929.0,2164.0,927.0
2.0,6200.0,3088.0,3098.0,3091.0,3091.0,3091.0,2169.0,929.0,2161.0,927.0
2.0,6203.0,3081.0,3099.0,3091.0,3084.0,3084.0,2169.0,930.0,2157.0,924.0
2.0,6213.0,3087.0,3100.0,3084.0,3090.0,3090.0,2170.0,930.0,2161.0,926.0
2.0,6210.0,3103.0,3100.0,3090.0,3103.0,3103.0,2170.0,930.0,2173.0,930.0
2.0,6197.0,3116.0,3101.0,3103.0,3119.0,3119.0,2171.0,930.0,2181.0,935.0
2.0,6184.0,3138.0,3101.0,3119.0,3138.0,3138.0,2171.0,930.0,2196.0,942.0
2.0,6165.0,3144.0,3102.0,3138.0,3147.0,3147.0,2172.0,930.0,2201.0,943.0
2.0,6159.0,3154.0,3103.0,3147.0,3157.0,3157.0,2172.0,931.0,2209.0,945.0
2.0,6152.0,3150.0,3104.0,3157.0,3153.0,3153.0,2173.0,931.0,2205.0,945.0
2.0,6159.0,3144.0,3104.0,3153.0,3144.0,3144.0,2173.0,931.0,2202.0,942.0
2.0,6168.0,3131.0,3105.0,3144.0,3134.0,3134.0,2174.0,931.0,2190.0,941.0
2.0,6181.0,3116.0,3106.0,3134.0,3119.0,3119.0,2174.0,932.0,2182.0,934.0
2.0,6199.0,3100.0,3107.0,3119.0,3103.0,3103.0,2175.0,932.0,2170.0,930.0
2.0,6218.0,3094.0,3107.0,3103.0,3094.0,3094.0,2175.0,932.0,2167.0,927.0
2.0,6227.0,3090.0,3108.0,3094.0,3093.0,3093.0,2176.0,932.0,2163.0,927.0
2.0,6231.0,3102.0,3108.0,3093.0,3102.0,3102.0,2176.0,932.0,2170.0,932.0
2.0,6222.0,3108.0,3109.0,3102.0,3111.0,3111.0,2176.0,933.0,2176.0,932.0
2.0,6216.0,3127.0,3110.0,3111.0,3130.0,3130.0,2177.0,933.0,2190.0,937.0
2.0,6200.0,3141.0,3110.0,3130.0,3141.0,3141.0,2177.0,933.0,2199.0,942.0
2.0,6189.0,3153.0,3111.0,3141.0,3156.0,3156.0,2178.0,933.0,2207.0,946.0
2.0,6177.0,3166.0,3111.0,3156.0,3166.0,3166.0,2178.0,933.0,2215.0,951.0
2.0,6167.0,3158.0,3113.0,3166.0,3164.0,3164.0,2179.0,934.0,2211.0,947.0
2.0,6175.0,3153.0,3113.0,3164.0,3153.0,3153.0,2179.0,934.0,2208.0,945.0
2.0,6186.0,3137.0,3114.0,3153.0,3140.0,3140.0,2180.0,934.0,2196.0,941.0
2.0,6202.0,3127.0,3114.0,3140.0,3127.0,3127.0,2180.0,934.0,2188.0,939.0
2.0,6215.0,3108.0,3115.0,3127.0,3111.0,3111.0,2181.0,934.0,2176.0,932.0
2.0,6234.0,3103.0,3116.0,3111.0,3106.0,3106.0,2181.0,935.0,2173.0,930.0
2.0,6242.0,3098.0,3117.0,3106.0,3101.0,3101.0,2182.0,935.0,2169.0,929.0
2.0,6250.0,3107.0,3117.0,3101.0,3107.0,3107.0,2182.0,935.0,2176.0,931.0
2.0,6244.0,3117.0,3117.0,3107.0,3117.0,3117.0,2182.0,935.0,2182.0,935.0
2.0,6234.0,3139.0,3118.0,3117.0,3142.0,3142.0,2183.0,935.0,2196.0,943.0
2.0,6212.0,3150.0,3119.0,3142.0,3153.0,3153.0,2183.0,936.0,2205.0,945.0
2.0,6204.0,3165.0,3120.0,3153.0,3168.0,3168.0,2184.0,936.0,2217.0,948.0
2.0,6192.0,3168.0,3120.0,3168.0,3168.0,3168.0,2184.0,936.0,2218.0,950.0
2.0,6192.0,3167.0,3121.0,3168.0,3170.0,3170.0,2185.0,936.0,2217.0,950.0
2.0,6193.0,3164.0,3121.0,3170.0,3164.0,3164.0,2185.0,936.0,2214.0,950.0
2.0,6199.0,3145.0,3122.0,3164.0,3148.0,3148.0,2186.0,936.0,2202.0,943.0
2.0,6218.0,3133.0,3123.0,3148.0,3136.0,3136.0,2186.0,937.0,2194.0,939.0
2.0,6233.0,3117.0,3124.0,3136.0,3120.0,3120.0,2187.0,937.0,2182.0,935.0
2.0,6252.0,3111.0,3124.0,3120.0,3111.0,3111.0,2187.0,937.0,2179.0,932.0
2.0,6261.0,3110.0,3125.0,3111.0,3113.0,3113.0,2188.0,937.0,2175.0,935.0
2.0,6262.0,3116.0,3126.0,3113.0,3119.0,3119.0,2188.0,938.0,2182.0,934.0
2.0,6259.0,3126.0,3127.0,3119.0,3129.0,3129.0,2189.0,938.0,2188.0,938.0
2.0,6252.0,3145.0,3127.0,3129.0,3145.0,3145.0,2189.0,938.0,2203.0,942.0
2.0,6236.0,3161.0,3128.0,3145.0,3164.0,3164.0,2190.0,938.0,2211.0,950.0
2.0,6220.0,3174.0,3128.0,3164.0,3174.0,3174.0,2190.0,938.0,2223.0,951.0
2.0,6210.0,3177.0,3129.0,3174.0,3180.0,3180.0,2190.0,939.0,2224.0,953.0
2.0,6207.0,3179.0,3130.0,3180.0,3182.0,3182.0,2191.0,939.0,2226.0,953.0
2.0,6208.0,3167.0,3130.0,3182.0,3167.0,3167.0,2191.0,939.0,2217.0,950.0
2.0,6223.0,3154.0,3131.0,3167.0,3157.0,3157.0,2192.0,939.0,2208.0,946.0
2.0,6236.0,3144.0,3131.0,3157.0,3144.0,3144.0,2192.0,939.0,2200.0,944.0
2.0,6249.0,3125.0,3133.0,3144.0,3131.0,3131.0,2193.0,940.0,2188.0,937.0
2.0,6268.0,3120.0,3133.0,3131.0,3120.0,3120.0,2193.0,940.0,2185.0,935.0
2.0,6279.0,3115.0,3134.0,3120.0,3118.0,3118.0,2194.0,940.0,2181.0,934.0
2.0,6284.0,3125.0,3134.0,3118.0,3125.0,3125.0,2194.0,940.0,2189.0,936.0
2.0,6277.0,3137.0,3135.0,3125.0,3140.0,3140.0,2195.0,940.0,2194.0,943.0
2.0,6265.0,3154.0,3135.0,3140.0,3154.0,3154.0,2195.0,940.0,2209.0,945.0
2.0,6251.0,3167.0,3137.0,3154.0,3173.0,3173.0,2196.0,941.0,2217.0,950.0
2.0,6238.0,3183.0,3137.0,3173.0,3183.0,3183.0,2196.0,941.0,2229.0,954.0
2.0,6228.0,3185.0,3137.0,3183.0,3185.0,3185.0,2196.0,941.0,2230.0,955.0
2.0,6226.0,3190.0,3138.0,3185.0,3193.0,3193.0,2197.0,941.0,2232.0,958.0
2.0,6221.0,3176.0,3139.0,3193.0,3179.0,3179.0,2197.0,942.0,2223.0,953.0
2.0,6238.0,3163.0,3140.0,3179.0,3166.0,3166.0,2198.0,942.0,2214.0,949.0
2.0,6254.0,3150.0,3140.0,3166.0,3150.0,3150.0,2198.0,942.0,2206.0,944.0
2.0,6270.0,3134.0,3141.0,3150.0,3137.0,3137.0,2199.0,942.0,2194.0,940.0
2.0,6286.0,3131.0,3141.0,3137.0,3131.0,3131.0,2199.0,942.0,2191.0,940.0
2.0,6292.0,3124.0,3142.0,3131.0,3127.0,3127.0,2200.0,942.0,2187.0,937.0
2.0,6299.0,3134.0,3143.0,3127.0,3137.0,3137.0,2200.0,943.0,2195.0,939.0
2.0,6292.0,3143.0,3144.0,3137.0,3146.0,3146.0,2201.0,943.0,2200.0,943.0
2.0,6286.0,3163.0,3144.0,3146.0,3163.0,3163.0,2201.0,943.0,2215.0,948.0
2.0,6269.0,3178.0,3145.0,3163.0,3181.0,3181.0,2202.0,943.0,2223.0,955.0
2.0,6254.0,3191.0,3146.0,3181.0,3194.0,3194.0,2202.0,944.0,2235.0,956.0
2.0,6244.0,3194.0,3147.0,3194.0,3197.0,3197.0,2203.0,944.0,2236.0,958.0
2.0,6244.0,3196.0,3147.0,3197.0,3196.0,3196.0,2203.0,944.0,2238.0,958.0
2.0,6245.0,3184.0,3147.0,3196.0,3184.0,3184.0,2203.0,944.0,2229.0,955.0
2.0,6257.0,3177.0,3148.0,3184.0,3180.0,3180.0,2204.0,944.0,2223.0,954.0
2.0,6264.0,3156.0,3148.0,3180.0,3156.0,3156.0,2204.0,944.0,2209.0,947.0
2.0,6288.0,3143.0,3150.0,3156.0,3149.0,3149.0,2205.0,945.0,2200.0,943.0
2.0,6301.0,3137.0,3150.0,3149.0,3137.0,3137.0,2205.0,945.0,2197.0,940.0
2.0,6313.0,3133.0,3151.0,3137.0,3136.0,3136.0,2206.0,945.0,2193.0,940.0
2.0,6317.0,3146.0,3151.0,3136.0,3146.0,3146.0,2206.0,945.0,2201.0,945.0
2.0,6307.0,3152.0,3153.0,3146.0,3158.0,3158.0,2207.0,946.0,2207.0,945.0
2.0,6301.0,3171.0,3153.0,3158.0,3171.0,3171.0,2207.0,946.0,2221.0,950.0
2.0,6288.0,3184.0,3154.0,3171.0,3187.0,3187.0,2208.0,946.0,2229.0,955.0
2.0,6275.0,3200.0,3154.0,3187.0,3200.0,3200.0,2208.0,946.0,2241.0,959.0
2.0,6262.0,3206.0,3155.0,3200.0,3209.0,3209.0,2209.0,946.0,2242.0,964.0
2.0,6256.0,3205.0,3156.0,3209.0,3208.0,3208.0,2209.0,947.0,2245.0,960.0
2.0,6260.0,3193.0,3157.0,3208.0,3196.0,3196.0,2210.0,947.0,2235.0,958.0
2.0,6275.0,3183.0,3157.0,3196.0,3183.0,3183.0,2210.0,947.0,2229.0,954.0
2.0,6288.0,3164.0,3157.0,3183.0,3164.0,3164.0,2210.0,947.0,2215.0,949.0
2.0,6307.0,3157.0,3158.0,3164.0,3160.0,3160.0,2211.0,947.0,2209.0,948.0
2.0,6314.0,3143.0,3159.0,3160.0,3146.0,3146.0,2211.0,948.0,2200.0,943.0
2.0,6331.0,3141.0,3160.0,3146.0,3144.0,3144.0,2212.0,948.0,2199.0,942.0
2.0,6336.0,3151.0,3160.0,3144.0,3151.0,3151.0,2212.0,948.0,2207.0,944.0
2.0,6329.0,3161.0,3161.0,3151.0,3164.0,3164.0,2213.0,948.0,2213.0,948.0
2.0,6319.0,3183.0,3161.0,3164.0,3183.0,3183.0,2213.0,948.0,2227.0,956.0
2.0,6300.0,3193.0,3162.0,3183.0,3196.0,3196.0,2214.0,948.0,2235.0,958.0
2.0,6290.0,3208.0,3163.0,3196.0,3211.0,3211.0,2214.0,949.0,2247.0,961.0
2.0,6278.0,3211.0,3164.0,3211.0,3214.0,3214.0,2215.0,949.0,2248.0,963.0
2.0,6278.0,3214.0,3164.0,3214.0,3214.0,3214.0,2215.0,949.0,2251.0,963.0
2.0,6278.0,3205.0,3165.0,3214.0,3208.0,3208.0,2216.0,949.0,2242.0,963.0
2.0,6287.0,3191.0,3166.0,3208.0,3194.0,3194.0,2216.0,950.0,2235.0,956.0
2.0,6304.0,3173.0,3167.0,3194.0,3176.0,3176.0,2217.0,950.0,2221.0,952.0
2.0,6325.0,3163.0,3167.0,3176.0,3163.0,3163.0,2217.0,950.0,2215.0,948.0
2.0,6338.0,3151.0,3167.0,3163.0,3151.0,3151.0,2217.0,950.0,2206.0,945.0
2.0,6350.0,3156.0,3168.0,3151.0,3159.0,3159.0,2218.0,950.0,2208.0,948.0
2.0,6345.0,3157.0,3169.0,3159.0,3160.0,3160.0,2218.0,951.0,2210.0,947.0
2.0,6347.0,3173.0,3170.0,3160.0,3176.0,3176.0,2219.0,951.0,2222.0,951.0
2.0,6334.0,3185.0,3170.0,3176.0,3185.0,3185.0,2219.0,951.0,2230.0,955.0
2.0,6325.0,3201.0,3171.0,3185.0,3204.0,3204.0,2220.0,951.0,2241.0,960.0
2.0,6309.0,3220.0,3171.0,3204.0,3220.0,3220.0,2220.0,951.0,2253.0,967.0
2.0,6293.0,3220.0,3173.0,3220.0,3226.0,3226.0,2221.0,952.0,2254.0,966.0
2.0,6293.0,3223.0,3173.0,3226.0,3223.0,3223.0,2221.0,952.0,2257.0,966.0
2.0,6296.0,3211.0,3174.0,3223.0,3214.0,3214.0,2222.0,952.0,2248.0,963.0
2.0,6308.0,3203.0,3174.0,3214.0,3203.0,3203.0,2222.0,952.0,2241.0,962.0
2.0,6319.0,3182.0,3175.0,3203.0,3185.0,3185.0,2223.0,952.0,2228.0,954.0
2.0,6340.0,3171.0,3176.0,3185.0,3174.0,3174.0,2223.0,953.0,2221.0,950.0
2.0,6354.0,3160.0,3177.0,3174.0,3163.0,3163.0,2224.0,953.0,2212.0,948.0
2.0,6368.0,3161.0,3177.0,3163.0,3161.0,3161.0,2224.0,953.0,2214.0,947.0
2.0,6370.0,3165.0,3177.0,3161.0,3165.0,3165.0,2224.0,953.0,2216.0,949.0
2.0,6366.0,3184.0,3178.0,3165.0,3187.0,3187.0,2225.0,953.0,2228.0,956.0
2.0,6347.0,3194.0,3179.0,3187.0,3197.0,3197.0,2225.0,954.0,2236.0,958.0
2.0,6340.0,3210.0,3180.0,3197.0,3213.0,3213.0,2226.0,954.0,2247.0,963.0
2.0,6327.0,3226.0,3180.0,3213.0,3226.0,3226.0,2226.0,954.0,2259.0,967.0
2.0,6314.0,3228.0,3181.0,3226.0,3231.0,3231.0,2227.0,954.0,2260.0,968.0
2.0,6312.0,3234.0,3181.0,3231.0,3234.0,3234.0,2227.0,954.0,2263.0,971.0
2.0,6309.0,3220.0,3183.0,3234.0,3226.0,3226.0,2228.0,955.0,2254.0,966.0
2.0,6323.0,3209.0,3183.0,3226.0,3209.0,3209.0,2228.0,955.0,2247.0,962.0
2.0,6340.0,3191.0,3184.0,3209.0,3194.0,3194.0,2229.0,955.0,2234.0,957.0
2.0,6358.0,3180.0,3184.0,3194.0,3180.0,3180.0,2229.0,955.0,2227.0,953.0
2.0,6372.0,3171.0,3185.0,3180.0,3174.0,3174.0,2230.0,955.0,2218.0,953.0
2.0,6381.0,3171.0,3186.0,3174.0,3174.0,3174.0,2230.0,956.0,2221.0,950.0
2.0,6384.0,3174.0,3187.0,3174.0,3177.0,3177.0,2231.0,956.0,2222.0,952.0
2.0,6384.0,3190.0,3187.0,3177.0,3190.0,3190.0,2231.0,956.0,2234.0,956.0
2.0,6371.0,3203.0,3188.0,3190.0,3206.0,3206.0,2232.0,956.0,2242.0,961.0
2.0,6358.0,3224.0,3188.0,3206.0,3224.0,3224.0,2232.0,956.0,2256.0,968.0
2.0,6340.0,3231.0,3188.0,3224.0,3231.0,3231.0,2232.0,956.0,2262.0,969.0
2.0,6333.0,3241.0,3190.0,3231.0,3247.0,3247.0,2233.0,957.0,2270.0,971.0
2.0,6323.0,3237.0,3190.0,3247.0,3237.0,3237.0,2233.0,957.0,2266.0,971.0
2.0,6333.0,3228.0,3191.0,3237.0,3231.0,3231.0,2234.0,957.0,2260.0,968.0
2.0,6342.0,3220.0,3191.0,3231.0,3220.0,3220.0,2234.0,957.0,2253.0,967.0
2.0,6353.0,3200.0,3193.0,3220.0,3206.0,3206.0,2235.0,958.0,2240.0,960.0
2.0,6373.0,3189.0,3193.0,3206.0,3189.0,3189.0,2235.0,958.0,2233.0,956.0
2.0,6390.0,3177.0,3194.0,3189.0,3180.0,3180.0,2236.0,958.0,2224.0,953.0
2.0,6402.0,3180.0,3194.0,3180.0,3180.0,3180.0,2236.0,958.0,2227.0,953.0
2.0,6402.0,3186.0,3195.0,3180.0,3189.0,3189.0,2237.0,958.0,2228.0,958.0
2.0,6396.0,3198.0,3196.0,3189.0,3201.0,3201.0,2237.0,959.0,2240.0,958.0
2.0,6387.0,3211.0,3197.0,3201.0,3214.0,3214.0,2238.0,959.0,2248.0,963.0
2.0,6377.0,3230.0,3197.0,3214.0,3230.0,3230.0,2238.0,959.0,2262.0,968.0
2.0,6361.0,3240.0,3197.0,3230.0,3240.0,3240.0,2238.0,959.0,2268.0,972.0
2.0,6351.0,3253.0,3198.0,3240.0,3256.0,3256.0,2239.0,959.0,2276.0,977.0
2.0,6338.0,3245.0,3199.0,3256.0,3248.0,3248.0,2239.0,960.0,2272.0,973.0
2.0,6349.0,3240.0,3200.0,3248.0,3243.0,3243.0,2240.0,960.0,2269.0,971.0
2.0,6357.0,3223.0,3200.0,3243.0,3223.0,3223.0,2240.0,960.0,2256.0,967.0
2.0,6377.0,3211.0,3201.0,3223.0,3214.0,3214.0,2241.0,960.0,2246.0,965.0
2.0,6389.0,3197.0,3201.0,3214.0,3197.0,3197.0,2241.0,960.0,2239.0,958.0
2.0,6406.0,3186.0,3203.0,3197.0,3192.0,3192.0,2242.0,961.0,2230.0,956.0
2.0,6417.0,3188.0,3203.0,3192.0,3188.0,3188.0,2242.0,961.0,2233.0,955.0
2.0,6421.0,3191.0,3204.0,3188.0,3194.0,3194.0,2243.0,961.0,2234.0,957.0
2.0,6418.0,3207.0,3204.0,3194.0,3207.0,3207.0,2243.0,961.0,2246.0,961.0
2.0,6405.0,3223.0,3205.0,3207.0,3226.0,3226.0,2244.0,961.0,2254.0,969.0
2.0,6389.0,3239.0,3206.0,3226.0,3242.0,3242.0,2244.0,962.0,2268.0,971.0
2.0,6376.0,3248.0,3207.0,3242.0,3251.0,3251.0,2245.0,962.0,2274.0,974.0
2.0,6370.0,3258.0,3207.0,3251.0,3258.0,3258.0,2245.0,962.0,2282.0,976.0
2.0,6363.0,3254.0,3208.0,3258.0,3257.0,3257.0,2246.0,962.0,2278.0,976.0
2.0,6367.0,3251.0,3208.0,3257.0,3251.0,3251.0,2246.0,962.0,2275.0,976.0
2.0,6373.0,3232.0,3208.0,3251.0,3232.0,3232.0,2246.0,962.0,2263.0,969.0
2.0,6392.0,3220.0,3210.0,3232.0,3226.0,3226.0,2247.0,963.0,2255.0,965.0
2.0,6404.0,3203.0,3210.0,3226.0,3203.0,3203.0,2247.0,963.0,2242.0,961.0
2.0,6427.0,3194.0,3211.0,3203.0,3197.0,3197.0,2248.0,963.0,2236.0,958.0
2.0,6436.0,3200.0,3211.0,3197.0,3200.0,3200.0,2248.0,963.0,2239.0,961.0
2.0,6433.0,3200.0,3213.0,3200.0,3206.0,3206.0,2249.0,964.0,2240.0,960.0
2.0,6433.0,3216.0,3213.0,3206.0,3216.0,3216.0,2249.0,964.0,2252.0,964.0
2.0,6423.0,3228.0,3214.0,3216.0,3231.0,3231.0,2250.0,964.0,2260.0,968.0
2.0,6411.0,3250.0,3214.0,3231.0,3250.0,3250.0,2250.0,964.0,2274.0,976.0
2.0,6392.0,3257.0,3215.0,3250.0,3260.0,3260.0,2251.0,964.0,2280.0,977.0
2.0,6385.0,3267.0,3216.0,3260.0,3270.0,3270.0,2251.0,965.0,2288.0,979.0
2.0,6378.0,3263.0,3217.0,3270.0,3266.0,3266.0,2252.0,965.0,2284.0,979.0
2.0,6385.0,3257.0,3217.0,3266.0,3257.0,3257.0,2252.0,965.0,2281.0,976.0
2.0,6394.0,3241.0,3217.0,3257.0,3241.0,3241.0,2252.0,965.0,2269.0,972.0
2.0,6410.0,3231.0,3218.0,3241.0,3234.0,3234.0,2253.0,965.0,2261.0,970.0
2.0,6420.0,3212.0,3219.0,3234.0,3215.0,3215.0,2253.0,966.0,2249.0,963.0
2.0,6442.0,3206.0,3220.0,3215.0,3209.0,3209.0,2254.0,966.0,2245.0,961.0
2.0,6451.0,3202.0,3220.0,3209.0,3202.0,3202.0,2254.0,966.0,2242.0,960.0
2.0,6458.0,3208.0,3221.0,3202.0,3211.0,3211.0,2255.0,966.0,2246.0,962.0
2.0,6452.0,3227.0,3221.0,3211.0,3227.0,3227.0,2255.0,966.0,2258.0,969.0
2.0,6436.0,3237.0,3222.0,3227.0,3240.0,3240.0,2256.0,966.0,2266.0,971.0
2.0,6426.0,3256.0,3223.0,3240.0,3259.0,3259.0,2256.0,967.0,2280.0,976.0
2.0,6410.0,3266.0,3224.0,3259.0,3269.0,3269.0,2257.0,967.0,2286.0,980.0
2.0,6403.0,3275.0,3224.0,3269.0,3275.0,3275.0,2257.0,967.0,2294.0,981.0
2.0,6397.0,3274.0,3225.0,3275.0,3277.0,3277.0,2258.0,967.0,2290.0,984.0
2.0,6398.0,3266.0,3226.0,3277.0,3269.0,3269.0,2258.0,968.0,2287.0,979.0
2.0,6409.0,3250.0,3227.0,3269.0,3253.0,3253.0,2259.0,968.0,2275.0,975.0
2.0,6428.0,3237.0,3227.0,3253.0,3237.0,3237.0,2259.0,968.0,2267.0,970.0
2.0,6444.0,3221.0,3227.0,3237.0,3221.0,3221.0,2259.0,968.0,2255.0,966.0
2.0,6460.0,3218.0,3228.0,3221.0,3221.0,3221.0,2260.0,968.0,2252.0,966.0
2.0,6463.0,3211.0,3228.0,3221.0,3211.0,3211.0,2260.0,968.0,2248.0,963.0
2.0,6473.0,3220.0,3230.0,3211.0,3226.0,3226.0,2261.0,969.0,2255.0,965.0
2.0,6464.0,3230.0,3230.0,3226.0,3230.0,3230.0,2261.0,969.0,2261.0,969.0
2.0,6460.0,3246.0,3231.0,3230.0,3249.0,3249.0,2262.0,969.0,2272.0,974.0
2.0,6444.0,3268.0,3231.0,3249.0,3268.0,3268.0,2262.0,969.0,2287.0,981.0
2.0,6425.0,3274.0,3233.0,3268.0,3280.0,3280.0,2263.0,970.0,2292.0,982.0
2.0,6419.0,3284.0,3233.0,3280.0,3284.0,3284.0,2263.0,970.0,2300.0,984.0
2.0,6415.0,3280.0,3234.0,3284.0,3283.0,3283.0,2264.0,970.0,2296.0,984.0
2.0,6419.0,3274.0,3234.0,3283.0,3274.0,3274.0,2264.0,970.0,2293.0,981.0
2.0,6428.0,3261.0,3235.0,3274.0,3264.0,3264.0,2265.0,970.0,2281.0,980.0
2.0,6441.0,3246.0,3235.0,3264.0,3246.0,3246.0,2265.0,970.0,2273.0,973.0
2.0,6459.0,3230.0,3237.0,3246.0,3236.0,3236.0,2266.0,971.0,2261.0,969.0
2.0,6475.0,3224.0,3237.0,3236.0,3224.0,3224.0,2266.0,971.0,2258.0,966.0
2.0,6487.0,3220.0,3237.0,3224.0,3220.0,3220.0,2266.0,971.0,2254.0,966.0
2.0,6491.0,3232.0,3238.0,3220.0,3235.0,3235.0,2267.0,971.0,2261.0,971.0
2.0,6479.0,3238.0,3239.0,3235.0,3241.0,3241.0,2267.0,972.0,2267.0,971.0
2.0,6476.0,3254.0,3240.0,3241.0,3257.0,3257.0,2268.0,972.0,2278.0,976.0
2.0,6463.0,3274.0,3240.0,3257.0,3274.0,3274.0,2268.0,972.0,2293.0,981.0
2.0,6446.0,3284.0,3241.0,3274.0,3287.0,3287.0,2269.0,972.0,2299.0,985.0
2.0,6436.0,3296.0,3241.0,3287.0,3296.0,3296.0,2269.0,972.0,2306.0,990.0
2.0,6427.0,3288.0,3243.0,3296.0,3294.0,3294.0,2270.0,973.0,2302.0,986.0
2.0,6435.0,3283.0,3243.0,3294.0,3283.0,3283.0,2270.0,973.0,2299.0,984.0
2.0,6446.0,3267.0,3244.0,3283.0,3270.0,3270.0,2271.0,973.0,2287.0,980.0
2.0,6462.0,3254.0,3244.0,3270.0,3254.0,3254.0,2271.0,973.0,2279.0,975.0
2.0,6478.0,3241.0,3245.0,3254.0,3244.0,3244.0,2272.0,973.0,2267.0,974.0
2.0,6491.0,3233.0,3246.0,3244.0,3236.0,3236.0,2272.0,974.0,2264.0,969.0
2.0,6502.0,3228.0,3247.0,3236.0,3231.0,3231.0,2273.0,974.0,2260.0,968.0
2.0,6510.0,3237.0,3247.0,3231.0,3237.0,3237.0,2273.0,974.0,2267.0,970.0
2.0,6504.0,3247.0,3248.0,3237.0,3250.0,3250.0,2274.0,974.0,2273.0,974.0
2.0,6494.0,3270.0,3248.0,3250.0,3270.0,3270.0,2274.0,974.0,2288.0,982.0
2.0,6474.0,3280.0,3248.0,3270.0,3280.0,3280.0,2274.0,974.0,2296.0,984.0
2.0,6464.0,3295.0,3250.0,3280.0,3301.0,3301.0,2275.0,975.0,2308.0,987.0
2.0,6449.0,3298.0,3250.0,3301.0,3298.0,3298.0,2275.0,975.0,2309.0,989.0
2.0,6452.0,3297.0,3251.0,3298.0,3300.0,3300.0,2276.0,975.0,2308.0,989.0
2.0,6453.0,3294.0,3251.0,3300.0,3294.0,3294.0,2276.0,975.0,2305.0,989.0
2.0,6459.0,3275.0,3253.0,3294.0,3281.0,3281.0,2277.0,976.0,2293.0,982.0
2.0,6478.0,3263.0,3253.0,3281.0,3263.0,3263.0,2277.0,976.0,2285.0,978.0
2.0,6496.0,3247.0,3254.0,3263.0,3250.0,3250.0,2278.0,976.0,2273.0,974.0
2.0,6512.0,3241.0,3254.0,3250.0,3241.0,3241.0,2278.0,976.0,2270.0,971.0
2.0,6521.0,3240.0,3255.0,3241.0,3243.0,3243.0,2279.0,976.0,2266.0,974.0
2.0,6522.0,3246.0,3256.0,3243.0,3249.0,3249.0,2279.0,977.0,2273.0,973.0
2.0,6519.0,3256.0,3257.0,3249.0,3259.0,3259.0,2280.0,977.0,2279.0,977.0
2.0,6512.0,3275.0,3257.0,3259.0,3275.0,3275.0,2280.0,977.0,2294.0,981.0
2.0,6496.0,3288.0,3258.0,3275.0,3291.0,3291.0,2281.0,977.0,2302.0,986.0
2.0,6483.0,3307.0,3258.0,3291.0,3307.0,3307.0,2281.0,977.0,2314.0,993.0
2.0,6467.0,3307.0,3259.0,3307.0,3310.0,3310.0,2281.0,978.0,2315.0,992.0
2.0,6467.0,3309.0,3260.0,3310.0,3312.0,3312.0,2282.0,978.0,2317.0,992.0
2.0,6468.0,3297.0,3260.0,3312.0,3297.0,3297.0,2282.0,978.0,2308.0,989.0
2.0,6483.0,3287.0,3261.0,3297.0,3290.0,3290.0,2283.0,978.0,2299.0,988.0
2.0,6493.0,3271.0,3261.0,3290.0,3271.0,3271.0,2283.0,978.0,2291.0,980.0
2.0,6512.0,3255.0,3263.0,3271.0,3261.0,3261.0,2284.0,979.0,2279.0,976.0
2.0,6528.0,3250.0,3263.0,3261.0,3250.0,3250.0,2284.0,979.0,2276.0,974.0
2.0,6539.0,3245.0,3264.0,3250.0,3248.0,3248.0,2285.0,979.0,2272.0,973.0
2.0,6544.0,3255.0,3264.0,3248.0,3255.0,3255.0,2285.0,979.0,2280.0,975.0
2.0,6537.0,3267.0,3265.0,3255.0,3270.0,3270.0,2286.0,979.0,2285.0,982.0
2.0,6525.0,3284.0,3266.0,3270.0,3287.0,3287.0,2286.0,980.0,2300.0,984.0
2.0,6511.0,3297.0,3267.0,3287.0,3300.0,3300.0,2287.0,980.0,2308.0,989.0
2.0,6501.0,3313.0,3267.0,3300.0,3313.0,3313.0,2287.0,980.0,2320.0,993.0
2.0,6488.0,3315.0,3268.0,3313.0,3318.0,3318.0,2288.0,980.0,2321.0,994.0
2.0,6486.0,3320.0,3268.0,3318.0,3320.0,3320.0,2288.0,980.0,2323.0,997.0
2.0,6484.0,3306.0,3269.0,3320.0,3309.0,3309.0,2288.0,981.0,2314.0,992.0
2.0,6498.0,3296.0,3270.0,3309.0,3299.0,3299.0,2289.0,981.0,2308.0,988.0
2.0,6511.0,3277.0,3270.0,3299.0,3277.0,3277.0,2289.0,981.0,2294.0,983.0
2.0,6533.0,3264.0,3271.0,3277.0,3267.0,3267.0,2290.0,981.0,2285.0,979.0
2.0,6546.0,3261.0,3271.0,3267.0,3261.0,3261.0,2290.0,981.0,2282.0,979.0
2.0,6552.0,3254.0,3273.0,3261.0,3260.0,3260.0,2291.0,982.0,2278.0,976.0
2.0,6559.0,3264.0,3273.0,3260.0,3264.0,3264.0,2291.0,982.0,2286.0,978.0
2.0,6555.0,3274.0,3274.0,3264.0,3277.0,3277.0,2292.0,982.0,2292.0,982.0
2.0,6545.0,3293.0,3274.0,3277.0,3293.0,3293.0,2292.0,982.0,2306.0,987.0
2.0,6529.0,3308.0,3275.0,3293.0,3311.0,3311.0,2293.0,982.0,2314.0,994.0
2.0,6514.0,3321.0,3275.0,3311.0,3321.0,3321.0,2293.0,982.0,2326.0,995.0
2.0,6504.0,3324.0,3277.0,3321.0,3330.0,3330.0,2294.0,983.0,2327.0,997.0
2.0,6501.0,3327.0,3277.0,3330.0,3327.0,3327.0,2294.0,983.0,2330.0,997.0
2.0,6504.0,3314.0,3278.0,3327.0,3317.0,3317.0,2295.0,983.0,2320.0,994.0
2.0,6517.0,3307.0,3278.0,3317.0,3307.0,3307.0,2295.0,983.0,2314.0,993.0
2.0,6527.0,3286.0,3279.0,3307.0,3289.0,3289.0,2295.0,984.0,2300.0,986.0
2.0,6548.0,3276.0,3280.0,3289.0,3279.0,3279.0,2296.0,984.0,2294.0,982.0
2.0,6561.0,3264.0,3280.0,3279.0,3264.0,3264.0,2296.0,984.0,2285.0,979.0
2.0,6576.0,3263.0,3281.0,3264.0,3266.0,3266.0,2297.0,984.0,2284.0,979.0
2.0,6577.0,3276.0,3281.0,3266.0,3276.0,3276.0,2297.0,984.0,2292.0,984.0
2.0,6567.0,3282.0,3283.0,3276.0,3288.0,3288.0,2298.0,985.0,2298.0,984.0
2.0,6561.0,3301.0,3283.0,3288.0,3301.0,3301.0,2298.0,985.0,2312.0,989.0
2.0,6548.0,3314.0,3284.0,3301.0,3317.0,3317.0,2299.0,985.0,2320.0,994.0
2.0,6535.0,3330.0,3284.0,3317.0,3330.0,3330.0,2299.0,985.0,2332.0,998.0
2.0,6522.0,3336.0,3285.0,3330.0,3339.0,3339.0,2300.0,985.0,2333.0,1003.0
2.0,6516.0,3335.0,3286.0,3339.0,3338.0,3338.0,2300.0,986.0,2336.0,999.0
2.0,6520.0,3324.0,3287.0,3338.0,3327.0,3327.0,2301.0,986.0,2327.0,997.0
2.0,6534.0,3313.0,3287.0,3327.0,3313.0,3313.0,2301.0,986.0,2320.0,993.0
2.0,6548.0,3297.0,3288.0,3313.0,3300.0,3300.0,2302.0,986.0,2306.0,991.0
2.0,6564.0,3284.0,3288.0,3300.0,3284.0,3284.0,2302.0,986.0,2300.0,984.0
2.0,6580.0,3273.0,3289.0,3284.0,3276.0,3276.0,2302.0,987.0,2291.0,982.0
2.0,6591.0,3274.0,3290.0,3276.0,3277.0,3277.0,2303.0,987.0,2293.0,981.0
2.0,6593.0,3278.0,3290.0,3277.0,3278.0,3278.0,2303.0,987.0,2295.0,983.0
2.0,6592.0,3291.0,3291.0,3278.0,3294.0,3294.0,2304.0,987.0,2304.0,987.0
2.0,6579.0,3313.0,3291.0,3294.0,3313.0,3313.0,2304.0,987.0,2318.0,995.0
2.0,6560.0,3323.0,3293.0,3313.0,3329.0,3329.0,2305.0,988.0,2326.0,997.0
2.0,6550.0,3338.0,3293.0,3329.0,3338.0,3338.0,2305.0,988.0,2338.0,1000.0
2.0,6541.0,3341.0,3294.0,3338.0,3344.0,3344.0,2306.0,988.0,2339.0,1002.0
2.0,6538.0,3344.0,3294.0,3344.0,3344.0,3344.0,2306.0,988.0,2342.0,1002.0
2.0,6538.0,3335.0,3295.0,3344.0,3338.0,3338.0,2307.0,988.0,2333.0,1002.0
2.0,6547.0,3321.0,3295.0,3338.0,3321.0,3321.0,2307.0,988.0,2326.0,995.0
2.0,6564.0,3304.0,3297.0,3321.0,3310.0,3310.0,2308.0,989.0,2313.0,991.0
2.0,6581.0,3293.0,3297.0,3310.0,3293.0,3293.0,2308.0,989.0,2306.0,987.0
2.0,6598.0,3281.0,3298.0,3293.0,3284.0,3284.0,2309.0,989.0,2297.0,984.0
2.0,6610.0,3286.0,3298.0,3284.0,3286.0,3286.0,2309.0,989.0,2299.0,987.0
2.0,6608.0,3287.0,3299.0,3286.0,3290.0,3290.0,2309.0,990.0,2301.0,986.0
2.0,6607.0,3303.0,3300.0,3290.0,3306.0,3306.0,2310.0,990.0,2313.0,990.0
2.0,6594.0,3315.0,3300.0,3306.0,3315.0,3315.0,2310.0,990.0,2321.0,994.0
2.0,6585.0,3337.0,3301.0,3315.0,3340.0,3340.0,2311.0,990.0,2335.0,1002.0
2.0,6563.0,3344.0,3301.0,3340.0,3344.0,3344.0,2311.0,990.0,2341.0,1003.0
2.0,6559.0,3350.0,3303.0,3344.0,3356.0,3356.0,2312.0,991.0,2345.0,1005.0
2.0,6553.0,3353.0,3303.0,3356.0,3353.0,3353.0,2312.0,991.0,2348.0,1005.0
2.0,6556.0,3341.0,3304.0,3353.0,3344.0,3344.0,2313.0,991.0,2339.0,1002.0
2.0,6568.0,3330.0,3304.0,3344.0,3330.0,3330.0,2313.0,991.0,2332.0,998.0
2.0,6582.0,3315.0,3305.0,3330.0,3318.0,3318.0,2314.0,991.0,2319.0,996.0
2.0,6597.0,3301.0,3306.0,3318.0,3304.0,3304.0,2314.0,992.0,2312.0,989.0
2.0,6614.0,3290.0,3307.0,3304.0,3293.0,3293.0,2315.0,992.0,2303.0,987.0
2.0,6628.0,3291.0,3307.0,3293.0,3291.0,3291.0,2315.0,992.0,2305.0,986.0
2.0,6630.0,3295.0,3308.0,3291.0,3298.0,3298.0,2316.0,992.0,2307.0,988.0
2.0,6626.0,3314.0,3308.0,3298.0,3314.0,3314.0,2316.0,992.0,2319.0,995.0
2.0,6610.0,3324.0,3308.0,3314.0,3324.0,3324.0,2316.0,992.0,2327.0,997.0
2.0,6600.0,3343.0,3310.0,3324.0,3349.0,3349.0,2317.0,993.0,2341.0,1002.0
2.0,6581.0,3353.0,3310.0,3349.0,3353.0,3353.0,2317.0,993.0,2347.0,1006.0
2.0,6577.0,3358.0,3311.0,3353.0,3361.0,3361.0,2318.0,993.0,2351.0,1007.0
2.0,6572.0,3364.0,3311.0,3361.0,3364.0,3364.0,2318.0,993.0,2354.0,1010.0
2.0,6569.0,3350.0,3313.0,3364.0,3356.0,3356.0,2319.0,994.0,2345.0,1005.0
2.0,6583.0,3339.0,3313.0,3356.0,3339.0,3339.0,2319.0,994.0,2338.0,1001.0
2.0,6600.0,3321.0,3314.0,3339.0,3324.0,3324.0,2320.0,994.0,2325.0,996.0
2.0,6618.0,3310.0,3314.0,3324.0,3310.0,3310.0,2320.0,994.0,2318.0,992.0
2.0,6632.0,3301.0,3315.0,3310.0,3304.0,3304.0,2321.0,994.0,2309.0,992.0
2.0,6641.0,3301.0,3315.0,3304.0,3301.0,3301.0,2321.0,994.0,2312.0,989.0
2.0,6644.0,3304.0,3317.0,3301.0,3310.0,3310.0,2322.0,995.0,2313.0,991.0
2.0,6641.0,3320.0,3317.0,3310.0,3320.0,3320.0,2322.0,995.0,2325.0,995.0
2.0,6631.0,3333.0,3318.0,3320.0,3336.0,3336.0,2323.0,995.0,2333.0,1000.0
2.0,6618.0,3354.0,3318.0,3336.0,3354.0,3354.0,2323.0,995.0,2347.0,1007.0
2.0,6600.0,3361.0,3319.0,3354.0,3364.0,3364.0,2323.0,996.0,2353.0,1008.0
2.0,6593.0,3371.0,3320.0,3364.0,3374.0,3374.0,2324.0,996.0,2361.0,1010.0
2.0,6586.0,3367.0,3320.0,3374.0,3367.0,3367.0,2324.0,996.0,2357.0,1010.0
2.0,6593.0,3358.0,3321.0,3367.0,3361.0,3361.0,2325.0,996.0,2351.0,1007.0
2.0,6602.0,3350.0,3321.0,3361.0,3350.0,3350.0,2325.0,996.0,2344.0,1006.0
2.0,6613.0,3330.0,3322.0,3350.0,3333.0,3333.0,2326.0,996.0,2331.0,999.0
2.0,6633.0,3319.0,3323.0,3333.0,3322.0,3322.0,2326.0,997.0,2324.0,995.0
2.0,6647.0,3307.0,3324.0,3322.0,3310.0,3310.0,2327.0,997.0,2315.0,992.0
2.0,6662.0,3310.0,3324.0,3310.0,3310.0,3310.0,2327.0,997.0,2318.0,992.0
2.0,6662.0,3316.0,3325.0,3310.0,3319.0,3319.0,2328.0,997.0,2319.0,997.0
2.0,6656.0,3328.0,3326.0,3319.0,3331.0,3331.0,2328.0,998.0,2331.0,997.0
2.0,6647.0,3341.0,3327.0,3331.0,3344.0,3344.0,2329.0,998.0,2339.0,1002.0
2.0,6637.0,3360.0,3327.0,3344.0,3360.0,3360.0,2329.0,998.0,2353.0,1007.0
2.0,6621.0,3370.0,3328.0,3360.0,3373.0,3373.0,2330.0,998.0,2359.0,1011.0
2.0,6611.0,3383.0,3328.0,3373.0,3383.0,3383.0,2330.0,998.0,2367.0,1016.0
2.0,6601.0,3375.0,3329.0,3383.0,3378.0,3378.0,2330.0,999.0,2363.0,1012.0
2.0,6609.0,3370.0,3330.0,3378.0,3373.0,3373.0,2331.0,999.0,2360.0,1010.0
2.0,6617.0,3354.0,3330.0,3373.0,3354.0,3354.0,2331.0,999.0,2348.0,1006.0
2.0,6636.0,3338.0,3331.0,3354.0,3341.0,3341.0,2332.0,999.0,2337.0,1001.0
2.0,6652.0,3330.0,3331.0,3341.0,3330.0,3330.0,2332.0,999.0,2330.0,1000.0
2.0,6663.0,3316.0,3333.0,3330.0,3322.0,3322.0,2333.0,1000.0,2321.0,995.0
2.0,6677.0,3318.0,3333.0,3322.0,3318.0,3318.0,2333.0,1000.0,2324.0,994.0
2.0,6681.0,3321.0,3334.0,3318.0,3324.0,3324.0,2334.0,1000.0,2325.0,996.0
2.0,6678.0,3337.0,3334.0,3324.0,3337.0,3337.0,2334.0,1000.0,2337.0,1000.0
2.0,6665.0,3353.0,3335.0,3337.0,3356.0,3356.0,2335.0,1000.0,2345.0,1008.0
2.0,6649.0,3369.0,3335.0,3356.0,3369.0,3369.0,2335.0,1000.0,2359.0,1010.0
2.0,6636.0,3378.0,3337.0,3369.0,3384.0,3384.0,2336.0,1001.0,2365.0,1013.0
2.0,6627.0,3388.0,3337.0,3384.0,3388.0,3388.0,2336.0,1001.0,2373.0,1015.0
2.0,6623.0,3384.0,3338.0,3388.0,3387.0,3387.0,2337.0,1001.0,2369.0,1015.0
2.0,6627.0,3381.0,3338.0,3387.0,3381.0,3381.0,2337.0,1001.0,2366.0,1015.0
2.0,6633.0,3362.0,3339.0,3381.0,3365.0,3365.0,2337.0,1002.0,2354.0,1008.0
2.0,6652.0,3350.0,3340.0,3365.0,3353.0,3353.0,2338.0,1002.0,2346.0,1004.0
2.0,6667.0,3334.0,3340.0,3353.0,3334.0,3334.0,2338.0,1002.0,2334.0,1000.0
2.0,6686.0,3324.0,3341.0,3334.0,3327.0,3327.0,2339.0,1002.0,2327.0,997.0
2.0,6696.0,3330.0,3341.0,3327.0,3330.0,3330.0,2339.0,1002.0,2330.0,1000.0
2.0,6693.0,3330.0,3343.0,3330.0,3336.0,3336.0,2340.0,1003.0,2331.0,999.0
2.0,6693.0,3346.0,3343.0,3336.0,3346.0,3346.0,2340.0,1003.0,2343.0,1003.0
2.0,6683.0,3358.0,3344.0,3346.0,3361.0,3361.0,2341.0,1003.0,2351.0,1007.0
2.0,6671.0,3377.0,3344.0,3361.0,3377.0,3377.0,2341.0,1003.0,2365.0,1012.0
2.0,6655.0,3390.0,3345.0,3377.0,3393.0,3393.0,2342.0,1003.0,2371.0,1019.0
2.0,6642.0,3397.0,3346.0,3393.0,3400.0,3400.0,2342.0,1004.0,2379.0,1018.0
2.0,6638.0,3393.0,3347.0,3400.0,3396.0,3396.0,2343.0,1004.0,2375.0,1018.0
2.0,6645.0,3387.0,3347.0,3396.0,3387.0,3387.0,2343.0,1004.0,2372.0,1015.0
2.0,6654.0,3374.0,3348.0,3387.0,3377.0,3377.0,2344.0,1004.0,2360.0,1014.0
2.0,6667.0,3358.0,3348.0,3377.0,3358.0,3358.0,2344.0,1004.0,2352.0,1006.0
2.0,6686.0,3342.0,3349.0,3358.0,3345.0,3345.0,2344.0,1005.0,2340.0,1002.0
2.0,6702.0,3337.0,3350.0,3345.0,3340.0,3340.0,2345.0,1005.0,2337.0,1000.0
2.0,6710.0,3332.0,3350.0,3340.0,3332.0,3332.0,2345.0,1005.0,2333.0,999.0
2.0,6718.0,3338.0,3351.0,3332.0,3341.0,3341.0,2346.0,1005.0,2337.0,1001.0
2.0,6712.0,3357.0,3351.0,3341.0,3357.0,3357.0,2346.0,1005.0,2349.0,1008.0
2.0,6696.0,3367.0,3353.0,3357.0,3373.0,3373.0,2347.0,1006.0,2357.0,1010.0
2.0,6686.0,3387.0,3353.0,3373.0,3387.0,3387.0,2347.0,1006.0,2372.0,1015.0
2.0,6672.0,3396.0,3354.0,3387.0,3399.0,3399.0,2348.0,1006.0,2377.0,1019.0
2.0,6663.0,3405.0,3354.0,3399.0,3405.0,3405.0,2348.0,1006.0,2385.0,1020.0
2.0,6657.0,3404.0,3355.0,3405.0,3407.0,3407.0,2349.0,1006.0,2381.0,1023.0
2.0,6658.0,3396.0,3356.0,3407.0,3399.0,3399.0,2349.0,1007.0,2378.0,1018.0
2.0,6669.0,3380.0,3357.0,3399.0,3383.0,3383.0,2350.0,1007.0,2366.0,1014.0
2.0,6688.0,3367.0,3357.0,3383.0,3367.0,3367.0,2350.0,1007.0,2358.0,1009.0
2.0,6704.0,3351.0,3358.0,3367.0,3354.0,3354.0,2351.0,1007.0,2346.0,1005.0
2.0,6720.0,3348.0,3358.0,3354.0,3348.0,3348.0,2351.0,1007.0,2343.0,1005.0
2.0,6726.0,3341.0,3360.0,3348.0,3347.0,3347.0,2352.0,1008.0,2339.0,1002.0
2.0,6733.0,3350.0,3360.0,3347.0,3350.0,3350.0,2352.0,1008.0,2346.0,1004.0
2.0,6730.0,3360.0,3360.0,3350.0,3360.0,3360.0,2352.0,1008.0,2352.0,1008.0
2.0,6720.0,3379.0,3361.0,3360.0,3382.0,3382.0,2353.0,1008.0,2366.0,1013.0
2.0,6701.0,3395.0,3361.0,3382.0,3395.0,3395.0,2353.0,1008.0,2375.0,1020.0
2.0,6688.0,3404.0,3362.0,3395.0,3407.0,3407.0,2354.0,1008.0,2383.0,1021.0
2.0,6679.0,3414.0,3363.0,3407.0,3417.0,3417.0,2354.0,1009.0,2391.0,1023.0
2.0,6672.0,3410.0,3364.0,3417.0,3413.0,3413.0,2355.0,1009.0,2387.0,1023.0
2.0,6679.0,3404.0,3364.0,3413.0,3404.0,3404.0,2355.0,1009.0,2384.0,1020.0
2.0,6688.0,3391.0,3365.0,3404.0,3394.0,3394.0,2356.0,1009.0,2372.0,1019.0
2.0,6701.0,3376.0,3366.0,3394.0,3379.0,3379.0,2356.0,1010.0,2364.0,1012.0
2.0,6719.0,3360.0,3367.0,3379.0,3363.0,3363.0,2357.0,1010.0,2352.0,1008.0
2.0,6738.0,3354.0,3367.0,3363.0,3354.0,3354.0,2357.0,1010.0,2349.0,1005.0
2.0,6747.0,3350.0,3368.0,3354.0,3353.0,3353.0,2358.0,1010.0,2345.0,1005.0
2.0,6751.0,3362.0,3368.0,3353.0,3362.0,3362.0,2358.0,1010.0,2352.0,1010.0
2.0,6742.0,3368.0,3369.0,3362.0,3371.0,3371.0,2358.0,1011.0,2358.0,1010.0
2.0,6736.0,3387.0,3370.0,3371.0,3390.0,3390.0,2359.0,1011.0,2372.0,1015.0
2.0,6720.0,3401.0,3370.0,3390.0,3401.0,3401.0,2359.0,1011.0,2381.0,1020.0
2.0,6709.0,3417.0,3371.0,3401.0,3420.0,3420.0,2360.0,1011.0,2393.0,1024.0
2.0,6693.0,3423.0,3371.0,3420.0,3423.0,3423.0,2360.0,1011.0,2394.0,1029.0
2.0,6690.0,3418.0,3373.0,3423.0,3424.0,3424.0,2361.0,1012.0,2393.0,1025.0
2.0,6695.0,3413.0,3373.0,3424.0,3413.0,3413.0,2361.0,1012.0,2390.0,1023.0
2.0,6706.0,3397.0,3374.0,3413.0,3400.0,3400.0,2362.0,1012.0,2378.0,1019.0
2.0,6722.0,3387.0,3374.0,3400.0,3387.0,3387.0,2362.0,1012.0,2370.0,1017.0
2.0,6735.0,3368.0,3375.0,3387.0,3371.0,3371.0,2363.0,1012.0,2358.0,1010.0
2.0,6754.0,3363.0,3376.0,3371.0,3366.0,3366.0,2363.0,1013.0,2355.0,1008.0
2.0,6762.0,3358.0,3377.0,3366.0,3361.0,3361.0,2364.0,1013.0,2351.0,1007.0
2.0,6770.0,3367.0,3377.0,3361.0,3367.0,3367.0,2364.0,1013.0,2358.0,1009.0
2.0,6764.0,3377.0,3378.0,3367.0,3380.0,3380.0,2365.0,1013.0,2364.0,1013.0
2.0,6754.0,3400.0,3378.0,3380.0,3400.0,3400.0,2365.0,1013.0,2379.0,1021.0
2.0,6734.0,3410.0,3380.0,3400.0,3416.0,3416.0,2366.0,1014.0,2387.0,1023.0
2.0,6724.0,3425.0,3380.0,3416.0,3425.0,3425.0,2366.0,1014.0,2399.0,1026.0
2.0,6715.0,3428.0,3380.0,3425.0,3428.0,3428.0,2366.0,1014.0,2400.0,1028.0
2.0,6712.0,3430.0,3381.0,3428.0,3433.0,3433.0,2367.0,1014.0,2402.0,1028.0
2.0,6710.0,3421.0,3381.0,3433.0,3421.0,3421.0,2367.0,1014.0,2393.0,1028.0
2.0,6722.0,3405.0,3382.0,3421.0,3408.0,3408.0,2368.0,1014.0,2384.0,1021.0
2.0,6738.0,3393.0,3383.0,3408.0,3396.0,3396.0,2368.0,1015.0,2376.0,1017.0
2.0,6753.0,3377.0,3384.0,3396.0,3380.0,3380.0,2369.0,1015.0,2364.0,1013.0
2.0,6772.0,3371.0,3384.0,3380.0,3371.0,3371.0,2369.0,1015.0,2361.0,1010.0
2.0,6781.0,3370.0,3385.0,3371.0,3373.0,3373.0,2370.0,1015.0,2357.0,1013.0
2.0,6782.0,3377.0,3386.0,3373.0,3380.0,3380.0,2370.0,1016.0,2365.0,1012.0
2.0,6778.0,3386.0,3387.0,3380.0,3389.0,3389.0,2371.0,1016.0,2370.0,1016.0
2.0,6772.0,3405.0,3387.0,3389.0,3405.0,3405.0,2371.0,1016.0,2385.0,1020.0
2.0,6756.0,3421.0,3388.0,3405.0,3424.0,3424.0,2372.0,1016.0,2393.0,1028.0
2.0,6740.0,3434.0,3388.0,3424.0,3434.0,3434.0,2372.0,1016.0,2405.0,1029.0
2.0,6730.0,3437.0,3389.0,3434.0,3440.0,3440.0,2372.0,1017.0,2406.0,1031.0
2.0,6727.0,3439.0,3390.0,3440.0,3442.0,3442.0,2373.0,1017.0,2408.0,1031.0
2.0,6728.0,3427.0,3390.0,3442.0,3427.0,3427.0,2373.0,1017.0,2399.0,1028.0
2.0,6743.0,3414.0,3391.0,3427.0,3417.0,3417.0,2374.0,1017.0,2390.0,1024.0
2.0,6756.0,3404.0,3391.0,3417.0,3404.0,3404.0,2374.0,1017.0,2382.0,1022.0
2.0,6769.0,3385.0,3393.0,3404.0,3391.0,3391.0,2375.0,1018.0,2370.0,1015.0
2.0,6788.0,3380.0,3393.0,3391.0,3380.0,3380.0,2375.0,1018.0,2367.0,1013.0
2.0,6799.0,3375.0,3394.0,3380.0,3378.0,3378.0,2376.0,1018.0,2363.0,1012.0
2.0,6804.0,3385.0,3394.0,3378.0,3385.0,3385.0,2376.0,1018.0,2371.0,1014.0
2.0,6797.0,3397.0,3395.0,3385.0,3400.0,3400.0,2377.0,1018.0,2376.0,1021.0
2.0,6785.0,3414.0,3395.0,3400.0,3414.0,3414.0,2377.0,1018.0,2391.0,1023.0
2.0,6771.0,3427.0,3397.0,3414.0,3433.0,3433.0,2378.0,1019.0,2399.0,1028.0
2.0,6758.0,3443.0,3397.0,3433.0,3443.0,3443.0,2378.0,1019.0,2411.0,1032.0
2.0,6748.0,3445.0,3398.0,3443.0,3448.0,3448.0,2379.0,1019.0,2412.0,1033.0
2.0,6746.0,3450.0,3398.0,3448.0,3450.0,3450.0,2379.0,1019.0,2414.0,1036.0
2.0,6744.0,3436.0,3399.0,3450.0,3439.0,3439.0,2379.0,1020.0,2405.0,1031.0
2.0,6758.0,3426.0,3400.0,3439.0,3429.0,3429.0,2380.0,1020.0,2399.0,1027.0
2.0,6771.0,3407.0,3400.0,3429.0,3407.0,3407.0,2380.0,1020.0,2385.0,1022.0
2.0,6793.0,3394.0,3401.0,3407.0,3397.0,3397.0,2381.0,1020.0,2376.0,1018.0
2.0,6806.0,3391.0,3401.0,3397.0,3391.0,3391.0,2381.0,1020.0,2373.0,1018.0
2.0,6812.0,3384.0,3402.0,3391.0,3387.0,3387.0,2382.0,1020.0,2369.0,1015.0
2.0,6819.0,3394.0,3403.0,3387.0,3397.0,3397.0,2382.0,1021.0,2377.0,1017.0
2.0,6812.0,3404.0,3404.0,3397.0,3407.0,3407.0,2383.0,1021.0,2383.0,1021.0
2.0,6805.0,3423.0,3404.0,3407.0,3423.0,3423.0,2383.0,1021.0,2397.0,1026.0
2.0,6789.0,3438.0,3405.0,3423.0,3441.0,3441.0,2384.0,1021.0,2405.0,1033.0
2.0,6774.0,3451.0,3406.0,3441.0,3454.0,3454.0,2384.0,1022.0,2417.0,1034.0
2.0,6764.0,3454.0,3407.0,3454.0,3457.0,3457.0,2385.0,1022.0,2418.0,1036.0
2.0,6764.0,3457.0,3407.0,3457.0,3457.0,3457.0,2385.0,1022.0,2421.0,1036.0
2.0,6764.0,3444.0,3408.0,3457.0,3447.0,3447.0,2386.0,1022.0,2411.0,1033.0
2.0,6777.0,3437.0,3408.0,3447.0,3437.0,3437.0,2386.0,1022.0,2405.0,1032.0
2.0,6787.0,3416.0,3408.0,3437.0,3416.0,3416.0,2386.0,1022.0,2391.0,1025.0
2.0,6808.0,3406.0,3410.0,3416.0,3412.0,3412.0,2387.0,1023.0,2385.0,1021.0
2.0,6818.0,3394.0,3410.0,3412.0,3394.0,3394.0,2387.0,1023.0,2376.0,1018.0
2.0,6836.0,3393.0,3411.0,3394.0,3396.0,3396.0,2388.0,1023.0,2375.0,1018.0
2.0,6837.0,3406.0,3411.0,3396.0,3406.0,3406.0,2388.0,1023.0,2383.0,1023.0
2.0,6827.0,3412.0,3413.0,3406.0,3418.0,3418.0,2389.0,1024.0,2389.0,1023.0
2.0,6821.0,3431.0,3413.0,3418.0,3431.0,3431.0,2389.0,1024.0,2403.0,1028.0
2.0,6808.0,3444.0,3414.0,3431.0,3447.0,3447.0,2390.0,1024.0,2411.0,1033.0
2.0,6795.0,3460.0,3414.0,3447.0,3460.0,3460.0,2390.0,1024.0,2423.0,1037.0
2.0,6782.0,3466.0,3415.0,3460.0,3469.0,3469.0,2391.0,1024.0,2424.0,1042.0
2.0,6776.0,3465.0,3416.0,3469.0,3468.0,3468.0,2391.0,1025.0,2427.0,1038.0
2.0,6780.0,3454.0,3417.0,3468.0,3457.0,3457.0,2392.0,1025.0,2418.0,1036.0
2.0,6794.0,3443.0,3417.0,3457.0,3443.0,3443.0,2392.0,1025.0,2411.0,1032.0
2.0,6808.0,3424.0,3418.0,3443.0,3427.0,3427.0,2393.0,1025.0,2397.0,1027.0
2.0,6827.0,3417.0,3418.0,3427.0,3417.0,3417.0,2393.0,1025.0,2391.0,1026.0
2.0,6837.0,3403.0,3419.0,3417.0,3406.0,3406.0,2393.0,1026.0,2382.0,1021.0
2.0,6851.0,3404.0,3420.0,3406.0,3407.0,3407.0,2394.0,1026.0,2384.0,1020.0
2.0,6853.0,3408.0,3420.0,3407.0,3408.0,3408.0,2394.0,1026.0,2386.0,1022.0
2.0,6852.0,3424.0,3421.0,3408.0,3427.0,3427.0,2395.0,1026.0,2398.0,1026.0
2.0,6836.0,3440.0,3421.0,3427.0,3440.0,3440.0,2395.0,1026.0,2406.0,1034.0
2.0,6823.0,3453.0,3422.0,3440.0,3456.0,3456.0,2396.0,1026.0,2417.0,1036.0
2.0,6810.0,3468.0,3423.0,3456.0,3471.0,3471.0,2396.0,1027.0,2429.0,1039.0
2.0,6798.0,3471.0,3424.0,3471.0,3474.0,3474.0,2397.0,1027.0,2430.0,1041.0
2.0,6798.0,3474.0,3424.0,3474.0,3474.0,3474.0,2397.0,1027.0,2433.0,1041.0
2.0,6798.0,3465.0,3425.0,3474.0,3468.0,3468.0,2398.0,1027.0,2424.0,1041.0
2.0,6807.0,3451.0,3426.0,3468.0,3454.0,3454.0,2398.0,1028.0,2417.0,1034.0
2.0,6824.0,3434.0,3427.0,3454.0,3437.0,3437.0,2399.0,1028.0,2404.0,1030.0
2.0,6844.0,3423.0,3427.0,3437.0,3423.0,3423.0,2399.0,1028.0,2397.0,1026.0
2.0,6858.0,3411.0,3428.0,3423.0,3414.0,3414.0,2400.0,1028.0,2388.0,1023.0
2.0,6870.0,3416.0,3428.0,3414.0,3416.0,3416.0,2400.0,1028.0,2390.0,1026.0
2.0,6868.0,3417.0,3429.0,3416.0,3420.0,3420.0,2400.0,1029.0,2392.0,1025.0
2.0,6867.0,3433.0,3430.0,3420.0,3436.0,3436.0,2401.0,1029.0,2404.0,1029.0
2.0,6854.0,3445.0,3430.0,3436.0,3445.0,3445.0,2401.0,1029.0,2412.0,1033.0
2.0,6845.0,3461.0,3431.0,3445.0,3464.0,3464.0,2402.0,1029.0,2423.0,1038.0
2.0,6829.0,3480.0,3431.0,3464.0,3480.0,3480.0,2402.0,1029.0,2435.0,1045.0
2.0,6813.0,3480.0,3433.0,3480.0,3486.0,3486.0,2403.0,1030.0,2436.0,1044.0
2.0,6813.0,3483.0,3433.0,3486.0,3483.0,3483.0,2403.0,1030.0,2439.0,1044.0
2.0,6816.0,3471.0,3434.0,3483.0,3474.0,3474.0,2404.0,1030.0,2430.0,1041.0
2.0,6828.0,3463.0,3434.0,3474.0,3463.0,3463.0,2404.0,1030.0,2423.0,1040.0
2.0,6839.0,3442.0,3435.0,3463.0,3445.0,3445.0,2405.0,1030.0,2410.0,1032.0
2.0,6860.0,3431.0,3436.0,3445.0,3434.0,3434.0,2405.0,1031.0,2403.0,1028.0
2.0,6874.0,3420.0,3437.0,3434.0,3423.0,3423.0,2406.0,1031.0,2394.0,1026.0
2.0,6888.0,3421.0,3437.0,3423.0,3421.0,3421.0,2406.0,1031.0,2396.0,1025.0
2.0,6890.0,3425.0,3438.0,3421.0,3428.0,3428.0,2407.0,1031.0,2398.0,1027.0
2.0,6886.0,3444.0,3438.0,3428.0,3444.0,3444.0,2407.0,1031.0,2410.0,1034.0
2.0,6870.0,3454.0,3439.0,3444.0,3457.0,3457.0,2407.0,1032.0,2418.0,1036.0
2.0,6860.0,3473.0,3440.0,3457.0,3476.0,3476.0,2408.0,1032.0,2432.0,1041.0
2.0,6844.0,3483.0,3440.0,3476.0,3483.0,3483.0,2408.0,1032.0,2438.0,1045.0
2.0,6837.0,3492.0,3441.0,3483.0,3495.0,3495.0,2409.0,1032.0,2446.0,1046.0
2.0,6828.0,3491.0,3441.0,3495.0,3491.0,3491.0,2409.0,1032.0,2442.0,1049.0
2.0,6832.0,3480.0,3443.0,3491.0,3486.0,3486.0,2410.0,1033.0,2436.0,1044.0
2.0,6843.0,3469.0,3443.0,3486.0,3469.0,3469.0,2410.0,1033.0,2429.0,1040.0
2.0,6860.0,3451.0,3444.0,3469.0,3454.0,3454.0,2411.0,1033.0,2416.0,1035.0
2.0,6878.0,3440.0,3444.0,3454.0,3440.0,3440.0,2411.0,1033.0,2409.0,1031.0
2.0,6892.0,3431.0,3445.0,3440.0,3434.0,3434.0,2412.0,1033.0,2400.0,1031.0
2.0,6901.0,3431.0,3446.0,3434.0,3434.0,3434.0,2412.0,1034.0,2403.0,1028.0
2.0,6904.0,3434.0,3447.0,3434.0,3437.0,3437.0,2413.0,1034.0,2404.0,1030.0
2.0,6904.0,3450.0,3447.0,3437.0,3450.0,3450.0,2413.0,1034.0,2416.0,1034.0
2.0,6891.0,3463.0,3448.0,3450.0,3466.0,3466.0,2414.0,1034.0,2424.0,1039.0
2.0,6878.0,3484.0,3448.0,3466.0,3484.0,3484.0,2414.0,1034.0,2438.0,1046.0
2.0,6860.0,3491.0,3448.0,3484.0,3491.0,3491.0,2414.0,1034.0,2444.0,1047.0
2.0,6853.0,3501.0,3450.0,3491.0,3507.0,3507.0,2415.0,1035.0,2452.0,1049.0
2.0,6843.0,3497.0,3450.0,3507.0,3497.0,3497.0,2415.0,1035.0,2448.0,1049.0
2.0,6853.0,3488.0,3451.0,3497.0,3491.0,3491.0,2416.0,1035.0,2442.0,1046.0
2.0,6862.0,3480.0,3451.0,3491.0,3480.0,3480.0,2416.0,1035.0,2435.0,1045.0
2.0,6873.0,3460.0,3453.0,3480.0,3466.0,3466.0,2417.0,1036.0,2422.0,1038.0
2.0,6893.0,3449.0,3453.0,3466.0,3449.0,3449.0,2417.0,1036.0,2415.0,1034.0
2.0,6910.0,3437.0,3454.0,3449.0,3440.0,3440.0,2418.0,1036.0,2406.0,1031.0
2.0,6922.0,3440.0,3454.0,3440.0,3440.0,3440.0,2418.0,1036.0,2409.0,1031.0
2.0,6922.0,3446.0,3455.0,3440.0,3449.0,3449.0,2419.0,1036.0,2410.0,1036.0
2.0,6916.0,3458.0,3456.0,3449.0,3461.0,3461.0,2419.0,1037.0,2422.0,1036.0
2.0,6907.0,3471.0,3457.0,3461.0,3474.0,3474.0,2420.0,1037.0,2430.0,1041.0
2.0,6897.0,3490.0,3457.0,3474.0,3490.0,3490.0,2420.0,1037.0,2444.0,1046.0
2.0,6881.0,3500.0,3458.0,3490.0,3503.0,3503.0,2421.0,1037.0,2450.0,1050.0
2.0,6871.0,3513.0,3458.0,3503.0,3513.0,3513.0,2421.0,1037.0,2458.0,1055.0
2.0,6861.0,3505.0,3459.0,3513.0,3508.0,3508.0,2421.0,1038.0,2454.0,1051.0
2.0,6869.0,3500.0,3460.0,3508.0,3503.0,3503.0,2422.0,1038.0,2451.0,1049.0
2.0,6877.0,3484.0,3460.0,3503.0,3484.0,3484.0,2422.0,1038.0,2439.0,1045.0
2.0,6896.0,3474.0,3461.0,3484.0,3477.0,3477.0,2423.0,1038.0,2431.0,1043.0
2.0,6906.0,3454.0,3461.0,3477.0,3454.0,3454.0,2423.0,1038.0,2418.0,1036.0
2.0,6929.0,3446.0,3463.0,3454.0,3452.0,3452.0,2424.0,1039.0,2412.0,1034.0
2.0,6937.0,3448.0,3463.0,3452.0,3448.0,3448.0,2424.0,1039.0,2415.0,1033.0
2.0,6941.0,3451.0,3464.0,3448.0,3454.0,3454.0,2425.0,1039.0,2416.0,1035.0
2.0,6938.0,3467.0,3464.0,3454.0,3467.0,3467.0,2425.0,1039.0,2428.0,1039.0
2.0,6925.0,3483.0,3465.0,3467.0,3486.0,3486.0,2426.0,1039.0,2436.0,1047.0
2.0,6909.0,3499.0,3466.0,3486.0,3502.0,3502.0,2426.0,1040.0,2450.0,1049.0
2.0,6896.0,3508.0,3467.0,3502.0,3511.0,3511.0,2427.0,1040.0,2456.0,1052.0
2.0,6890.0,3518.0,3467.0,3511.0,3518.0,3518.0,2427.0,1040.0,2464.0,1054.0
2.0,6883.0,3514.0,3468.0,3518.0,3517.0,3517.0,2428.0,1040.0,2460.0,1054.0
2.0,6887.0,3511.0,3468.0,3517.0,3511.0,3511.0,2428.0,1040.0,2457.0,1054.0
2.0,6893.0,3492.0,3468.0,3511.0,3492.0,3492.0,2428.0,1040.0,2445.0,1047.0
2.0,6912.0,3480.0,3470.0,3492.0,3486.0,3486.0,2429.0,1041.0,2437.0,1043.0
2.0,6924.0,3464.0,3470.0,3486.0,3464.0,3464.0,2429.0,1041.0,2425.0,1039.0
2.0,6946.0,3454.0,3471.0,3464.0,3457.0,3457.0,2430.0,1041.0,2418.0,1036.0
2.0,6956.0,3460.0,3471.0,3457.0,3460.0,3460.0,2430.0,1041.0,2421.0,1039.0
2.0,6953.0,3460.0,3473.0,3460.0,3466.0,3466.0,2431.0,1042.0,2422.0,1038.0
2.0,6953.0,3476.0,3473.0,3466.0,3476.0,3476.0,2431.0,1042.0,2434.0,1042.0
2.0,6943.0,3488.0,3474.0,3476.0,3491.0,3491.0,2432.0,1042.0,2442.0,1046.0
2.0,6931.0,3510.0,3474.0,3491.0,3510.0,3510.0,2432.0,1042.0,2456.0,1054.0
2.0,6912.0,3517.0,3475.0,3510.0,3520.0,3520.0,2433.0,1042.0,2462.0,1055.0
2.0,6905.0,3527.0,3476.0,3520.0,3530.0,3530.0,2433.0,1043.0,2470.0,1057.0
2.0,6898.0,3523.0,3477.0,3530.0,3526.0,3526.0,2434.0,1043.0,2466.0,1057.0
2.0,6905.0,3517.0,3477.0,3526.0,3517.0,3517.0,2434.0,1043.0,2463.0,1054.0
2.0,6914.0,3501.0,3478.0,3517.0,3504.0,3504.0,2435.0,1043.0,2451.0,1050.0
2.0,6930.0,3491.0,3478.0,3504.0,3491.0,3491.0,2435.0,1043.0,2443.0,1048.0
2.0,6943.0,3472.0,3479.0,3491.0,3475.0,3475.0,2435.0,1044.0,2431.0,1041.0
2.0,6962.0,3467.0,3480.0,3475.0,3470.0,3470.0,2436.0,1044.0,2428.0,1039.0
2.0,6970.0,3462.0,3480.0,3470.0,3462.0,3462.0,2436.0,1044.0,2424.0,1038.0
2.0,6978.0,3471.0,3481.0,3462.0,3474.0,3474.0,2437.0,1044.0,2431.0,1040.0
2.0,6969.0,3484.0,3481.0,3474.0,3484.0,3484.0,2437.0,1044.0,2437.0,1047.0
2.0,6959.0,3497.0,3482.0,3484.0,3500.0,3500.0,2438.0,1044.0,2448.0,1049.0
2.0,6946.0,3517.0,3483.0,3500.0,3520.0,3520.0,2438.0,1045.0,2463.0,1054.0
2.0,6929.0,3526.0,3484.0,3520.0,3529.0,3529.0,2439.0,1045.0,2468.0,1058.0
2.0,6923.0,3535.0,3484.0,3529.0,3535.0,3535.0,2439.0,1045.0,2476.0,1059.0
2.0,6917.0,3534.0,3485.0,3535.0,3537.0,3537.0,2440.0,1045.0,2472.0,1062.0
2.0,6918.0,3526.0,3486.0,3537.0,3529.0,3529.0,2440.0,1046.0,2469.0,1057.0
2.0,6929.0,3510.0,3487.0,3529.0,3513.0,3513.0,2441.0,1046.0,2457.0,1053.0
2.0,6948.0,3497.0,3487.0,3513.0,3497.0,3497.0,2441.0,1046.0,2449.0,1048.0
2.0,6964.0,3481.0,3488.0,3497.0,3484.0,3484.0,2442.0,1046.0,2437.0,1044.0
2.0,6980.0,3478.0,3488.0,3484.0,3478.0,3478.0,2442.0,1046.0,2434.0,1044.0
2.0,6986.0,3471.0,3488.0,3478.0,3471.0,3471.0,2442.0,1046.0,2430.0,1041.0
2.0,6993.0,3480.0,3490.0,3471.0,3486.0,3486.0,2443.0,1047.0,2437.0,1043.0
2.0,6984.0,3490.0,3490.0,3486.0,3490.0,3490.0,2443.0,1047.0,2443.0,1047.0
2.0,6980.0,3506.0,3491.0,3490.0,3509.0,3509.0,2444.0,1047.0,2454.0,1052.0
2.0,6964.0,3528.0,3491.0,3509.0,3528.0,3528.0,2444.0,1047.0,2469.0,1059.0
2.0,6945.0,3534.0,3493.0,3528.0,3540.0,3540.0,2445.0,1048.0,2474.0,1060.0
2.0,6939.0,3544.0,3493.0,3540.0,3544.0,3544.0,2445.0,1048.0,2482.0,1062.0
2.0,6935.0,3540.0,3494.0,3544.0,3543.0,3543.0,2446.0,1048.0,2478.0,1062.0
2.0,6939.0,3534.0,3494.0,3543.0,3534.0,3534.0,2446.0,1048.0,2475.0,1059.0
2.0,6948.0,3521.0,3495.0,3534.0,3524.0,3524.0,2447.0,1048.0,2463.0,1058.0
2.0,6961.0,3506.0,3495.0,3524.0,3506.0,3506.0,2447.0,1048.0,2455.0,1051.0
2.0,6979.0,3490.0,3497.0,3506.0,3496.0,3496.0,2448.0,1049.0,2443.0,1047.0
2.0,6995.0,3484.0,3497.0,3496.0,3484.0,3484.0,2448.0,1049.0,2440.0,1044.0
2.0,7007.0,3480.0,3498.0,3484.0,3483.0,3483.0,2449.0,1049.0,2436.0,1044.0
2.0,7011.0,3492.0,3498.0,3483.0,3492.0,3492.0,2449.0,1049.0,2443.0,1049.0
2.0,7002.0,3498.0,3499.0,3492.0,3501.0,3501.0,2449.0,1050.0,2449.0,1049.0
2.0,6996.0,3517.0,3500.0,3501.0,3520.0,3520.0,2450.0,1050.0,2463.0,1054.0
2.0,6980.0,3531.0,3500.0,3520.0,3531.0,3531.0,2450.0,1050.0,2472.0,1059.0
2.0,6969.0,3547.0,3501.0,3531.0,3550.0,3550.0,2451.0,1050.0,2484.0,1063.0
2.0,6953.0,3553.0,3501.0,3550.0,3553.0,3553.0,2451.0,1050.0,2485.0,1068.0
2.0,6950.0,3548.0,3503.0,3553.0,3554.0,3554.0,2452.0,1051.0,2484.0,1064.0
2.0,6955.0,3543.0,3503.0,3554.0,3543.0,3543.0,2452.0,1051.0,2481.0,1062.0
2.0,6966.0,3527.0,3504.0,3543.0,3530.0,3530.0,2453.0,1051.0,2469.0,1058.0
2.0,6982.0,3514.0,3504.0,3530.0,3514.0,3514.0,2453.0,1051.0,2461.0,1053.0
2.0,6998.0,3501.0,3505.0,3514.0,3504.0,3504.0,2454.0,1051.0,2449.0,1052.0
2.0,7011.0,3493.0,3506.0,3504.0,3496.0,3496.0,2454.0,1052.0,2446.0,1047.0
2.0,7022.0,3488.0,3507.0,3496.0,3491.0,3491.0,2455.0,1052.0,2442.0,1046.0
2.0,7030.0,3497.0,3507.0,3491.0,3497.0,3497.0,2455.0,1052.0,2449.0,1048.0
2.0,7024.0,3507.0,3508.0,3497.0,3510.0,3510.0,2456.0,1052.0,2455.0,1052.0
2.0,7014.0,3530.0,3508.0,3510.0,3530.0,3530.0,2456.0,1052.0,2470.0,1060.0
2.0,6994.0,3540.0,3508.0,3530.0,3540.0,3540.0,2456.0,1052.0,2478.0,1062.0
2.0,6984.0,3555.0,3510.0,3540.0,3561.0,3561.0,2457.0,1053.0,2490.0,1065.0
2.0,6969.0,3558.0,3510.0,3561.0,3558.0,3558.0,2457.0,1053.0,2491.0,1067.0
2.0,6972.0,3560.0,3511.0,3558.0,3563.0,3563.0,2458.0,1053.0,2493.0,1067.0
2.0,6970.0,3551.0,3511.0,3563.0,3551.0,3551.0,2458.0,1053.0,2484.0,1067.0
2.0,6982.0,3535.0,3513.0,3551.0,3541.0,3541.0,2459.0,1054.0,2475.0,1060.0
2.0,6998.0,3523.0,3513.0,3541.0,3523.0,3523.0,2459.0,1054.0,2467.0,1056.0
2.0,7016.0,3507.0,3514.0,3523.0,3510.0,3510.0,2460.0,1054.0,2455.0,1052.0
2.0,7032.0,3501.0,3514.0,3510.0,3501.0,3501.0,2460.0,1054.0,2452.0,1049.0
2.0,7041.0,3500.0,3515.0,3501.0,3503.0,3503.0,2461.0,1054.0,2448.0,1052.0
2.0,7042.0,3507.0,3516.0,3503.0,3510.0,3510.0,2461.0,1055.0,2456.0,1051.0
2.0,7038.0,3516.0,3517.0,3510.0,3519.0,3519.0,2462.0,1055.0,2461.0,1055.0
2.0,7032.0,3535.0,3517.0,3519.0,3535.0,3535.0,2462.0,1055.0,2476.0,1059.0
2.0,7016.0,3548.0,3518.0,3535.0,3551.0,3551.0,2463.0,1055.0,2484.0,1064.0
2.0,7003.0,3567.0,3518.0,3551.0,3567.0,3567.0,2463.0,1055.0,2496.0,1071.0
2.0,6987.0,3567.0,3520.0,3567.0,3573.0,3573.0,2464.0,1056.0,2497.0,1070.0
2.0,6987.0,3569.0,3520.0,3573.0,3569.0,3569.0,2464.0,1056.0,2499.0,1070.0
2.0,6991.0,3557.0,3520.0,3569.0,3557.0,3557.0,2464.0,1056.0,2490.0,1067.0
2.0,7003.0,3550.0,3521.0,3557.0,3553.0,3553.0,2465.0,1056.0,2484.0,1066.0
2.0,7010.0,3528.0,3521.0,3553.0,3528.0,3528.0,2465.0,1056.0,2470.0,1058.0
2.0,7035.0,3515.0,3523.0,3528.0,3521.0,3521.0,2466.0,1057.0,2461.0,1054.0
2.0,7048.0,3510.0,3523.0,3521.0,3510.0,3510.0,2466.0,1057.0,2458.0,1052.0
2.0,7059.0,3505.0,3524.0,3510.0,3508.0,3508.0,2467.0,1057.0,2454.0,1051.0
2.0,7064.0,3515.0,3524.0,3508.0,3515.0,3515.0,2467.0,1057.0,2462.0,1053.0
2.0,7057.0,3527.0,3525.0,3515.0,3530.0,3530.0,2468.0,1057.0,2467.0,1060.0
2.0,7045.0,3544.0,3526.0,3530.0,3547.0,3547.0,2468.0,1058.0,2482.0,1062.0
2.0,7031.0,3557.0,3527.0,3547.0,3560.0,3560.0,2469.0,1058.0,2490.0,1067.0
2.0,7021.0,3573.0,3527.0,3560.0,3573.0,3573.0,2469.0,1058.0,2502.0,1071.0
2.0,7008.0,3575.0,3528.0,3573.0,3578.0,3578.0,2470.0,1058.0,2503.0,1072.0
2.0,7006.0,3580.0,3528.0,3578.0,3580.0,3580.0,2470.0,1058.0,2505.0,1075.0
2.0,7004.0,3566.0,3529.0,3580.0,3569.0,3569.0,2470.0,1059.0,2496.0,1070.0
2.0,7018.0,3556.0,3530.0,3569.0,3559.0,3559.0,2471.0,1059.0,2490.0,1066.0
2.0,7031.0,3537.0,3530.0,3559.0,3537.0,3537.0,2471.0,1059.0,2476.0,1061.0
2.0,7053.0,3524.0,3531.0,3537.0,3527.0,3527.0,2472.0,1059.0,2467.0,1057.0
2.0,7066.0,3521.0,3531.0,3527.0,3521.0,3521.0,2472.0,1059.0,2464.0,1057.0
2.0,7072.0,3514.0,3533.0,3521.0,3520.0,3520.0,2473.0,1060.0,2460.0,1054.0
2.0,7079.0,3524.0,3533.0,3520.0,3524.0,3524.0,2473.0,1060.0,2468.0,1056.0
2.0,7075.0,3534.0,3534.0,3524.0,3537.0,3537.0,2474.0,1060.0,2474.0,1060.0
2.0,7065.0,3553.0,3534.0,3537.0,3553.0,3553.0,2474.0,1060.0,2488.0,1065.0
2.0,7049.0,3568.0,3535.0,3553.0,3571.0,3571.0,2475.0,1060.0,2496.0,1072.0
2.0,7034.0,3581.0,3535.0,3571.0,3581.0,3581.0,2475.0,1060.0,2508.0,1073.0
2.0,7024.0,3584.0,3537.0,3581.0,3590.0,3590.0,2476.0,1061.0,2509.0,1075.0
2.0,7021.0,3587.0,3537.0,3590.0,3587.0,3587.0,2476.0,1061.0,2512.0,1075.0
2.0,7024.0,3574.0,3538.0,3587.0,3577.0,3577.0,2477.0,1061.0,2502.0,1072.0
2.0,7037.0,3567.0,3538.0,3577.0,3567.0,3567.0,2477.0,1061.0,2496.0,1071.0
2.0,7047.0,3546.0,3539.0,3567.0,3549.0,3549.0,2477.0,1062.0,2482.0,1064.0
2.0,7068.0,3536.0,3540.0,3549.0,3539.0,3539.0,2478.0,1062.0,2476.0,1060.0
2.0,7081.0,3524.0,3540.0,3539.0,3524.0,3524.0,2478.0,1062.0,2467.0,1057.0
2.0,7096.0,3523.0,3541.0,3524.0,3526.0,3526.0,2479.0,1062.0,2466.0,1057.0
2.0,7097.0,3536.0,3541.0,3526.0,3536.0,3536.0,2479.0,1062.0,2474.0,1062.0
2.0,7087.0,3542.0,3543.0,3536.0,3548.0,3548.0,2480.0,1063.0,2480.0,1062.0
2.0,7081.0,3561.0,3543.0,3548.0,3561.0,3561.0,2480.0,1063.0,2494.0,1067.0
2.0,7068.0,3574.0,3544.0,3561.0,3577.0,3577.0,2481.0,1063.0,2502.0,1072.0
2.0,7055.0,3590.0,3544.0,3577.0,3590.0,3590.0,2481.0,1063.0,2514.0,1076.0
2.0,7042.0,3596.0,3545.0,3590.0,3599.0,3599.0,2482.0,1063.0,2515.0,1081.0
2.0,7036.0,3595.0,3546.0,3599.0,3598.0,3598.0,2482.0,1064.0,2518.0,1077.0
2.0,7040.0,3584.0,3547.0,3598.0,3587.0,3587.0,2483.0,1064.0,2509.0,1075.0
2.0,7054.0,3573.0,3547.0,3587.0,3573.0,3573.0,2483.0,1064.0,2502.0,1071.0
2.0,7068.0,3557.0,3548.0,3573.0,3560.0,3560.0,2484.0,1064.0,2488.0,1069.0
2.0,7084.0,3544.0,3548.0,3560.0,3544.0,3544.0,2484.0,1064.0,2482.0,1062.0
2.0,7100.0,3533.0,3549.0,3544.0,3536.0,3536.0,2484.0,1065.0,2473.0,1060.0
2.0,7111.0,3534.0,3550.0,3536.0,3537.0,3537.0,2485.0,1065.0,2475.0,1059.0
2.0,7113.0,3538.0,3550.0,3537.0,3538.0,3538.0,2485.0,1065.0,2477.0,1061.0
2.0,7112.0,3551.0,3551.0,3538.0,3554.0,3554.0,2486.0,1065.0,2486.0,1065.0
2.0,7099.0,3573.0,3551.0,3554.0,3573.0,3573.0,2486.0,1065.0,2500.0,1073.0
2.0,7080.0,3583.0,3553.0,3573.0,3589.0,3589.0,2487.0,1066.0,2508.0,1075.0
2.0,7070.0,3598.0,3553.0,3589.0,3598.0,3598.0,2487.0,1066.0,2520.0,1078.0
2.0,7061.0,3601.0,3554.0,3598.0,3604.0,3604.0,2488.0,1066.0,2521.0,1080.0
2.0,7058.0,3604.0,3554.0,3604.0,3604.0,3604.0,2488.0,1066.0,2524.0,1080.0
2.0,7058.0,3595.0,3555.0,3604.0,3598.0,3598.0,2489.0,1066.0,2515.0,1080.0
2.0,7067.0,3581.0,3555.0,3598.0,3581.0,3581.0,2489.0,1066.0,2508.0,1073.0
2.0,7084.0,3564.0,3557.0,3581.0,3570.0,3570.0,2490.0,1067.0,2495.0,1069.0
2.0,7101.0,3553.0,3557.0,3570.0,3553.0,3553.0,2490.0,1067.0,2488.0,1065.0
2.0,7118.0,3541.0,3558.0,3553.0,3544.0,3544.0,2491.0,1067.0,2479.0,1062.0
2.0,7130.0,3546.0,3558.0,3544.0,3546.0,3546.0,2491.0,1067.0,2481.0,1065.0
2.0,7128.0,3547.0,3559.0,3546.0,3550.0,3550.0,2491.0,1068.0,2483.0,1064.0
2.0,7127.0,3563.0,3560.0,3550.0,3566.0,3566.0,2492.0,1068.0,2495.0,1068.0
2.0,7114.0,3575.0,3560.0,3566.0,3575.0,3575.0,2492.0,1068.0,2503.0,1072.0
2.0,7105.0,3597.0,3561.0,3575.0,3600.0,3600.0,2493.0,1068.0,2517.0,1080.0
2.0,7083.0,3604.0,3561.0,3600.0,3604.0,3604.0,2493.0,1068.0,2523.0,1081.0
2.0,7079.0,3610.0,3563.0,3604.0,3616.0,3616.0,2494.0,1069.0,2527.0,1083.0
2.0,7073.0,3613.0,3563.0,3616.0,3613.0,3613.0,2494.0,1069.0,2530.0,1083.0
2.0,7076.0,3601.0,3564.0,3613.0,3604.0,3604.0,2495.0,1069.0,2521.0,1080.0
2.0,7088.0,3590.0,3564.0,3604.0,3590.0,3590.0,2495.0,1069.0,2514.0,1076.0
2.0,7102.0,3575.0,3565.0,3590.0,3578.0,3578.0,2496.0,1069.0,2501.0,1074.0
2.0,7117.0,3561.0,3566.0,3578.0,3564.0,3564.0,2496.0,1070.0,2494.0,1067.0
2.0,7134.0,3550.0,3567.0,3564.0,3553.0,3553.0,2497.0,1070.0,2485.0,1065.0
2.0,7148.0,3552.0,3567.0,3553.0,3552.0,3552.0,2497.0,1070.0,2488.0,1064.0
2.0,7149.0,3555.0,3568.0,3552.0,3558.0,3558.0,2498.0,1070.0,2489.0,1066.0
2.0,7146.0,3574.0,3568.0,3558.0,3574.0,3574.0,2498.0,1070.0,2501.0,1073.0
2.0,7130.0,3584.0,3568.0,3574.0,3584.0,3584.0,2498.0,1070.0,2509.0,1075.0
2.0,7120.0,3603.0,3570.0,3584.0,3609.0,3609.0,2499.0,1071.0,2523.0,1080.0
2.0,7101.0,3613.0,3570.0,3609.0,3613.0,3613.0,2499.0,1071.0,2529.0,1084.0
2.0,7097.0,3622.0,3571.0,3613.0,3625.0,3625.0,2500.0,1071.0,2537.0,1085.0
2.0,7088.0,3621.0,3571.0,3625.0,3621.0,3621.0,2500.0,1071.0,2533.0,1088.0
2.0,7092.0,3610.0,3573.0,3621.0,3616.0,3616.0,2501.0,1072.0,2527.0,1083.0
2.0,7103.0,3599.0,3573.0,3616.0,3599.0,3599.0,2501.0,1072.0,2520.0,1079.0
2.0,7120.0,3581.0,3574.0,3599.0,3584.0,3584.0,2502.0,1072.0,2507.0,1074.0
2.0,7138.0,3570.0,3574.0,3584.0,3570.0,3570.0,2502.0,1072.0,2500.0,1070.0
2.0,7152.0,3561.0,3575.0,3570.0,3564.0,3564.0,2503.0,1072.0,2491.0,1070.0
2.0,7161.0,3561.0,3575.0,3564.0,3561.0,3561.0,2503.0,1072.0,2494.0,1067.0
2.0,7164.0,3564.0,3577.0,3561.0,3570.0,3570.0,2504.0,1073.0,2495.0,1069.0
2.0,7161.0,3580.0,3577.0,3570.0,3580.0,3580.0,2504.0,1073.0,2507.0,1073.0
2.0,7151.0,3593.0,3578.0,3580.0,3596.0,3596.0,2505.0,1073.0,2515.0,1078.0
2.0,7138.0,3614.0,3578.0,3596.0,3614.0,3614.0,2505.0,1073.0,2529.0,1085.0
2.0,7120.0,3621.0,3580.0,3614.0,3627.0,3627.0,2506.0,1074.0,2535.0,1086.0
2.0,7113.0,3631.0,3580.0,3627.0,3631.0,3631.0,2506.0,1074.0,2543.0,1088.0
2.0,7109.0,3627.0,3580.0,3631.0,3627.0,3627.0,2506.0,1074.0,2539.0,1088.0
2.0,7113.0,3621.0,3581.0,3627.0,3624.0,3624.0,2507.0,1074.0,2536.0,1085.0
2.0,7119.0,3608.0,3581.0,3624.0,3608.0,3608.0,2507.0,1074.0,2524.0,1084.0
2.0,7135.0,3590.0,3582.0,3608.0,3593.0,3593.0,2508.0,1074.0,2513.0,1077.0
2.0,7153.0,3579.0,3583.0,3593.0,3582.0,3582.0,2508.0,1075.0,2506.0,1073.0
2.0,7167.0,3567.0,3584.0,3582.0,3570.0,3570.0,2509.0,1075.0,2497.0,1070.0
2.0,7182.0,3570.0,3584.0,3570.0,3570.0,3570.0,2509.0,1075.0,2500.0,1070.0
2.0,7182.0,3576.0,3585.0,3570.0,3579.0,3579.0,2510.0,1075.0,2501.0,1075.0
2.0,7176.0,3588.0,3586.0,3579.0,3591.0,3591.0,2510.0,1076.0,2513.0,1075.0
2.0,7167.0,3601.0,3587.0,3591.0,3604.0,3604.0,2511.0,1076.0,2521.0,1080.0
2.0,7157.0,3620.0,3587.0,3604.0,3620.0,3620.0,2511.0,1076.0,2535.0,1085.0
2.0,7141.0,3630.0,3588.0,3620.0,3633.0,3633.0,2512.0,1076.0,2541.0,1089.0
2.0,7131.0,3643.0,3588.0,3633.0,3643.0,3643.0,2512.0,1076.0,2549.0,1094.0
2.0,7121.0,3635.0,3590.0,3643.0,3641.0,3641.0,2513.0,1077.0,2545.0,1090.0
2.0,7129.0,3630.0,3590.0,3641.0,3630.0,3630.0,2513.0,1077.0,2542.0,1088.0
2.0,7140.0,3614.0,3590.0,3630.0,3614.0,3614.0,2513.0,1077.0,2530.0,1084.0
2.0,7156.0,3601.0,3591.0,3614.0,3604.0,3604.0,2514.0,1077.0,2522.0,1079.0
2.0,7169.0,3587.0,3591.0,3604.0,3587.0,3587.0,2514.0,1077.0,2509.0,1078.0
2.0,7186.0,3576.0,3593.0,3587.0,3582.0,3582.0,2515.0,1078.0,2503.0,1073.0
2.0,7197.0,3578.0,3593.0,3582.0,3578.0,3578.0,2515.0,1078.0,2506.0,1072.0
2.0,7201.0,3581.0,3594.0,3578.0,3584.0,3584.0,2516.0,1078.0,2507.0,1074.0
2.0,7198.0,3597.0,3594.0,3584.0,3597.0,3597.0,2516.0,1078.0,2519.0,1078.0
2.0,7185.0,3613.0,3595.0,3597.0,3616.0,3616.0,2517.0,1078.0,2527.0,1086.0
2.0,7169.0,3629.0,3595.0,3616.0,3629.0,3629.0,2517.0,1078.0,2541.0,1088.0
2.0,7156.0,3638.0,3597.0,3629.0,3644.0,3644.0,2518.0,1079.0,2547.0,1091.0
2.0,7147.0,3648.0,3597.0,3644.0,3648.0,3648.0,2518.0,1079.0,2555.0,1093.0
2.0,7143.0,3644.0,3598.0,3648.0,3647.0,3647.0,2519.0,1079.0,2551.0,1093.0
2.0,7147.0,3641.0,3598.0,3647.0,3641.0,3641.0,2519.0,1079.0,2548.0,1093.0
2.0,7153.0,3622.0,3600.0,3641.0,3628.0,3628.0,2520.0,1080.0,2536.0,1086.0
2.0,7172.0,3610.0,3600.0,3628.0,3610.0,3610.0,2520.0,1080.0,2528.0,1082.0
2.0,7190.0,3594.0,3600.0,3610.0,3594.0,3594.0,2520.0,1080.0,2516.0,1078.0
2.0,7206.0,3587.0,3601.0,3594.0,3590.0,3590.0,2521.0,1080.0,2512.0,1075.0
2.0,7213.0,3587.0,3601.0,3590.0,3587.0,3587.0,2521.0,1080.0,2509.0,1078.0
2.0,7216.0,3590.0,3603.0,3587.0,3596.0,3596.0,2522.0,1081.0,2513.0,1077.0
2.0,7213.0,3606.0,3603.0,3596.0,3606.0,3606.0,2522.0,1081.0,2525.0,1081.0
2.0,7203.0,3618.0,3604.0,3606.0,3621.0,3621.0,2523.0,1081.0,2533.0,1085.0
2.0,7191.0,3638.0,3604.0,3621.0,3638.0,3638.0,2523.0,1081.0,2548.0,1090.0
2.0,7174.0,3650.0,3605.0,3638.0,3653.0,3653.0,2524.0,1081.0,2553.0,1097.0
2.0,7162.0,3657.0,3606.0,3653.0,3660.0,3660.0,2524.0,1082.0,2561.0,1096.0
2.0,7158.0,3653.0,3607.0,3660.0,3656.0,3656.0,2525.0,1082.0,2557.0,1096.0
2.0,7165.0,3647.0,3607.0,3656.0,3647.0,3647.0,2525.0,1082.0,2554.0,1093.0
2.0,7174.0,3634.0,3608.0,3647.0,3637.0,3637.0,2526.0,1082.0,2542.0,1092.0
2.0,7187.0,3618.0,3608.0,3637.0,3618.0,3618.0,2526.0,1082.0,2534.0,1084.0
2.0,7206.0,3602.0,3610.0,3618.0,3608.0,3608.0,2527.0,1083.0,2522.0,1080.0
2.0,7222.0,3597.0,3610.0,3608.0,3597.0,3597.0,2527.0,1083.0,2519.0,1078.0
2.0,7233.0,3592.0,3610.0,3597.0,3592.0,3592.0,2527.0,1083.0,2515.0,1077.0
2.0,7238.0,3601.0,3611.0,3592.0,3604.0,3604.0,2528.0,1083.0,2522.0,1079.0
2.0,7229.0,3614.0,3611.0,3604.0,3614.0,3614.0,2528.0,1083.0,2528.0,1086.0
2.0,7219.0,3627.0,3613.0,3614.0,3633.0,3633.0,2529.0,1084.0,2539.0,1088.0
2.0,7206.0,3647.0,3613.0,3633.0,3647.0,3647.0,2529.0,1084.0,2554.0,1093.0
2.0,7192.0,3656.0,3614.0,3647.0,3659.0,3659.0,2530.0,1084.0,2559.0,1097.0
2.0,7183.0,3665.0,3614.0,3659.0,3665.0,3665.0,2530.0,1084.0,2567.0,1098.0
2.0,7177.0,3664.0,3615.0,3665.0,3667.0,3667.0,2531.0,1084.0,2563.0,1101.0
2.0,7178.0,3656.0,3616.0,3667.0,3659.0,3659.0,2531.0,1085.0,2560.0,1096.0
2.0,7189.0,3640.0,3617.0,3659.0,3643.0,3643.0,2532.0,1085.0,2548.0,1092.0
2.0,7208.0,3627.0,3617.0,3643.0,3627.0,3627.0,2532.0,1085.0,2540.0,1087.0
2.0,7224.0,3611.0,3618.0,3627.0,3614.0,3614.0,2533.0,1085.0,2528.0,1083.0
2.0,7240.0,3608.0,3618.0,3614.0,3608.0,3608.0,2533.0,1085.0,2525.0,1083.0
2.0,7246.0,3601.0,3620.0,3608.0,3607.0,3607.0,2534.0,1086.0,2521.0,1080.0
2.0,7253.0,3610.0,3620.0,3607.0,3610.0,3610.0,2534.0,1086.0,2528.0,1082.0
2.0,7250.0,3620.0,3620.0,3610.0,3620.0,3620.0,2534.0,1086.0,2534.0,1086.0
2.0,7240.0,3639.0,3621.0,3620.0,3642.0,3642.0,2535.0,1086.0,2548.0,1091.0
2.0,7221.0,3655.0,3621.0,3642.0,3655.0,3655.0,2535.0,1086.0,2557.0,1098.0
2.0,7208.0,3665.0,3622.0,3655.0,3668.0,3668.0,2536.0,1086.0,2566.0,1099.0
2.0,7198.0,3674.0,3623.0,3668.0,3677.0,3677.0,2536.0,1087.0,2573.0,1101.0
2.0,7192.0,3670.0,3624.0,3677.0,3673.0,3673.0,2537.0,1087.0,2569.0,1101.0
2.0,7199.0,3664.0,3624.0,3673.0,3664.0,3664.0,2537.0,1087.0,2566.0,1098.0
2.0,7208.0,3651.0,3625.0,3664.0,3654.0,3654.0,2538.0,1087.0,2554.0,1097.0
2.0,7221.0,3636.0,3626.0,3654.0,3639.0,3639.0,2538.0,1088.0,2546.0,1090.0
2.0,7239.0,3620.0,3627.0,3639.0,3623.0,3623.0,2539.0,1088.0,2534.0,1086.0
2.0,7258.0,3614.0,3627.0,3623.0,3614.0,3614.0,2539.0,1088.0,2531.0,1083.0
2.0,7267.0,3610.0,3628.0,3614.0,3613.0,3613.0,2540.0,1088.0,2527.0,1083.0
2.0,7271.0,3622.0,3628.0,3613.0,3622.0,3622.0,2540.0,1088.0,2534.0,1088.0
2.0,7262.0,3628.0,3630.0,3622.0,3634.0,3634.0,2541.0,1089.0,2540.0,1088.0
2.0,7256.0,3648.0,3630.0,3634.0,3648.0,3648.0,2541.0,1089.0,2555.0,1093.0
2.0,7242.0,3661.0,3630.0,3648.0,3661.0,3661.0,2541.0,1089.0,2563.0,1098.0
2.0,7229.0,3677.0,3631.0,3661.0,3680.0,3680.0,2542.0,1089.0,2575.0,1102.0
2.0,7213.0,3683.0,3631.0,3680.0,3683.0,3683.0,2542.0,1089.0,2576.0,1107.0
2.0,7210.0,3681.0,3633.0,3683.0,3687.0,3687.0,2543.0,1090.0,2578.0,1103.0
2.0,7212.0,3670.0,3633.0,3687.0,3670.0,3670.0,2543.0,1090.0,2569.0,1101.0
2.0,7229.0,3657.0,3634.0,3670.0,3660.0,3660.0,2544.0,1090.0,2560.0,1097.0
2.0,7242.0,3647.0,3634.0,3660.0,3647.0,3647.0,2544.0,1090.0,2552.0,1095.0
2.0,7255.0,3628.0,3635.0,3647.0,3631.0,3631.0,2545.0,1090.0,2540.0,1088.0
2.0,7274.0,3623.0,3636.0,3631.0,3626.0,3626.0,2545.0,1091.0,2537.0,1086.0
2.0,7282.0,3618.0,3637.0,3626.0,3621.0,3621.0,2546.0,1091.0,2533.0,1085.0
2.0,7290.0,3628.0,3637.0,3621.0,3628.0,3628.0,2546.0,1091.0,2541.0,1087.0
2.0,7283.0,3637.0,3638.0,3628.0,3640.0,3640.0,2547.0,1091.0,2546.0,1091.0
2.0,7274.0,3660.0,3638.0,3640.0,3660.0,3660.0,2547.0,1091.0,2561.0,1099.0
2.0,7254.0,3670.0,3640.0,3660.0,3676.0,3676.0,2548.0,1092.0,2569.0,1101.0
2.0,7244.0,3685.0,3640.0,3676.0,3685.0,3685.0,2548.0,1092.0,2581.0,1104.0
2.0,7235.0,3688.0,3640.0,3685.0,3688.0,3688.0,2548.0,1092.0,2582.0,1106.0
2.0,7232.0,3690.0,3641.0,3688.0,3693.0,3693.0,2549.0,1092.0,2584.0,1106.0
2.0,7230.0,3681.0,3641.0,3693.0,3681.0,3681.0,2549.0,1092.0,2575.0,1106.0
2.0,7242.0,3665.0,3642.0,3681.0,3668.0,3668.0,2550.0,1092.0,2566.0,1099.0
2.0,7258.0,3653.0,3643.0,3668.0,3656.0,3656.0,2550.0,1093.0,2558.0,1095.0
2.0,7273.0,3637.0,3644.0,3656.0,3640.0,3640.0,2551.0,1093.0,2546.0,1091.0
2.0,7292.0,3631.0,3644.0,3640.0,3631.0,3631.0,2551.0,1093.0,2543.0,1088.0
2.0,7301.0,3630.0,3645.0,3631.0,3633.0,3633.0,2552.0,1093.0,2539.0,1091.0
2.0,7302.0,3637.0,3646.0,3633.0,3640.0,3640.0,2552.0,1094.0,2547.0,1090.0
2.0,7298.0,3646.0,3647.0,3640.0,3649.0,3649.0,2553.0,1094.0,2552.0,1094.0
2.0,7292.0,3665.0,3647.0,3649.0,3665.0,3665.0,2553.0,1094.0,2567.0,1098.0
2.0,7276.0,3681.0,3648.0,3665.0,3684.0,3684.0,2554.0,1094.0,2575.0,1106.0
2.0,7260.0,3694.0,3648.0,3684.0,3694.0,3694.0,2554.0,1094.0,2587.0,1107.0
2.0,7250.0,3697.0,3650.0,3694.0,3703.0,3703.0,2555.0,1095.0,2588.0,1109.0
2.0,7247.0,3699.0,3650.0,3703.0,3699.0,3699.0,2555.0,1095.0,2590.0,1109.0
2.0,7251.0,3687.0,3650.0,3699.0,3687.0,3687.0,2555.0,1095.0,2581.0,1106.0
2.0,7263.0,3677.0,3651.0,3687.0,3680.0,3680.0,2556.0,1095.0,2575.0,1102.0
2.0,7273.0,3661.0,3651.0,3680.0,3661.0,3661.0,2556.0,1095.0,2561.0,1100.0
2.0,7292.0,3645.0,3639.818529764354,3661.0,3612.0,3612.0,2547.9890308922236,1091.8294988721304,2552.0,1093.0
2.0,7308.0,3640.0,3635.721439943186,3612.0,3627.0,3627.0,2545.051868302771,1090.669571640415,2549.0,1091.0
2.0,7280.0,3635.0,3633.0501833427697,3627.0,3627.0,3627.0,2543.2177988056415,1089.8323845371283,2545.0,1090.0
2.0,7272.0,3645.0,3642.980231594662,3627.0,3675.0,3675.0,2550.0878194509773,1092.8924121436849,2553.0,1092.0
2.0,7254.0,3658.0,3655.951647073697,3675.0,3697.0,3697.0,2559.417573920111,1096.5340731535864,2559.0,1099.0
2.0,7271.0,3674.0,3669.8807932455506,3697.0,3716.0,3716.0,2568.9669090839425,1100.9138841616082,2573.0,1101.0
2.0,7294.0,3687.0,3680.394163188502,3716.0,3718.0,3718.0,2576.3668528636335,1104.0273103248683,2581.0,1106.0
2.0,7323.0,3703.0,3692.0267952019485,3718.0,3738.0,3738.0,2584.4461355323842,1107.580659669564,2593.0,1110.0
2.0,7338.0,3705.0,3692.99413690747,3738.0,3708.0,3708.0,2585.1379553739034,1107.8561815335665,2594.0,1111.0
2.0,7371.0,3711.0,3696.053629117727,3708.0,3720.0,3720.0,2587.3779629996716,1108.675666118055,2597.0,1114.0
2.0,7368.0,3696.0,3684.058241673363,3720.0,3660.0,3660.0,2578.9607569263726,1105.0974847469904,2587.0,1109.0
2.0,7392.0,3686.0,3674.175177965508,3660.0,3656.0,3656.0,2571.9639867120163,1102.2111912534917,2581.0,1105.0
2.0,7366.0,3667.0,3658.207623456319,3656.0,3619.0,3619.0,2560.843167063814,1097.3644563925052,2567.0,1100.0
2.0,7355.0,3657.0,3647.9500999780694,3619.0,3627.0,3627.0,2553.629790889543,1094.320309088526,2561.0,1096.0
2.0,7317.0,3648.0,3644.4512981712305,3627.0,3637.0,3637.0,2551.3554768115478,1093.095821359683,2552.0,1096.0
2.0,7296.0,3644.0,3641.020469851678,3637.0,3634.0,3634.0,2548.847209543082,1092.173260308596,2551.0,1093.0
2.0,7289.0,3654.0,3650.580971347933,3634.0,3683.0,3683.0,2555.4247361574594,1095.1562351904738,2559.0,1095.0
2.0,7269.0,3664.0,3660.301688890172,3683.0,3693.0,3693.0,2562.300787107546,1098.0009017826262,2565.0,1099.0
2.0,7288.0,3683.0,3676.6482102176715,3693.0,3732.0,3732.0,2573.691434601022,1102.956775616649,2579.0,1104.0
2.0,7298.0,3698.0,3689.368332260391,3732.0,3736.0,3736.0,2582.772459207991,1106.5958730524,2587.0,1111.0
2.0,7332.0,3711.0,3698.3588643138373,3736.0,3738.0,3738.0,2588.8602216075856,1109.4986427062515,2599.0,1112.0
2.0,7357.0,3714.0,3699.8669441674233,3738.0,3719.0,3719.0,2589.953404306311,1109.9135398611124,2600.0,1114.0
2.0,7381.0,3717.0,3700.25274136976,3719.0,3718.0,3718.0,2590.168522898834,1110.0842184709259,2603.0,1114.0
2.0,7383.0,3705.0,3690.2291389586667,3718.0,3674.0,3674.0,2583.1987193019686,1107.030419656698,2594.0,1111.0
2.0,7396.0,3697.0,3683.321265975079,3674.0,3677.0,3677.0,2578.480498929266,1104.8407670458128,2587.0,1110.0
2.0,7373.0,3676.0,3666.0685173407537,3677.0,3624.0,3624.0,2566.384968628484,1099.6835487122698,2573.0,1103.0
2.0,7374.0,3666.0,3655.587760469153,3624.0,3635.0,3635.0,2558.996519612004,1096.5912408571494,2567.0,1099.0
2.0,7332.0,3654.0,3648.9199984520183,3635.0,3634.0,3634.0,2554.3272368598914,1094.5927615921266,2558.0,1096.0
2.0,7313.0,3656.0,3649.268799814222,3634.0,3657.0,3657.0,2554.56346960256,1094.7053302116622,2560.0,1096.0
2.0,7291.0,3663.0,3659.9999206800903,3657.0,3695.0,3695.0,2562.2600461746465,1097.7398745054438,2562.0,1101.0
2.0,7285.0,3675.0,3668.3922296309493,3695.0,3700.0,3700.0,2567.9077094967074,1100.484520134242,2574.0,1101.0
2.0,7305.0,3688.0,3681.7028518044535,3700.0,3728.0,3728.0,2577.221151425644,1104.4817003788091,2582.0,1106.0
2.0,7317.0,3704.0,3693.271187574777,3728.0,3739.0,3739.0,2585.344764109478,1107.9264234652987,2593.0,1111.0
2.0,7341.0,3720.0,3704.8985538069182,3739.0,3755.0,3755.0,2593.421233713814,1111.4773200931043,2605.0,1115.0
2.0,7360.0,3726.0,3709.5727231843784,3755.0,3740.0,3740.0,2596.911890977371,1112.6608322070072,2606.0,1120.0
2.0,7389.0,3725.0,3707.164893700755,3740.0,3717.0,3717.0,2594.9831311453245,1112.1817625554306,2609.0,1116.0
2.0,7404.0,3714.0,3697.303931026002,3717.0,3685.0,3685.0,2588.1459942529714,1109.1579367730308,2600.0,1114.0
2.0,7407.0,3703.0,3687.622169657343,3685.0,3674.0,3674.0,2581.333786931464,1106.288382725879,2593.0,1110.0
2.0,7389.0,3685.0,3672.4206504263866,3674.0,3639.0,3639.0,2570.744539455377,1101.6761109710094,2580.0,1105.0
2.0,7378.0,3677.0,3666.3042365890997,3639.0,3659.0,3659.0,2566.585504553755,1099.7187320353448,2573.0,1104.0
2.0,7340.0,3663.0,3655.653212305385,3659.0,3631.0,3631.0,2559.095963055759,1096.5572492496256,2564.0,1099.0
2.0,7336.0,3664.0,3655.546898934289,3631.0,3664.0,3664.0,2558.9325789812033,1096.6143199530854,2566.0,1098.0
2.0,7303.0,3668.0,3663.1503705100986,3664.0,3690.0,3690.0,2564.2536034904474,1098.8967670196512,2568.0,1100.0
2.0,7299.0,3684.0,3675.09914073736,3690.0,3720.0,3720.0,2572.59117074015,1102.5079699972098,2580.0,1104.0
2.0,7305.0,3700.0,3691.640765321374,3720.0,3750.0,3750.0,2584.363521974005,1107.2772433473692,2588.0,1112.0
2.0,7325.0,3713.0,3700.6703078999353,3750.0,3740.0,3740.0,2590.571567127874,1110.0987407720613,2599.0,1114.0
2.0,7362.0,3728.0,3710.8005359405215,3740.0,3759.0,3759.0,2597.514856784281,1113.2856791562403,2611.0,1117.0
2.0,7374.0,3731.0,3712.6194876483537,3759.0,3736.0,3736.0,2598.83702939316,1113.782458255194,2612.0,1119.0
2.0,7402.0,3734.0,3713.4513396273665,3736.0,3736.0,3736.0,2599.3604210446215,1114.090918582745,2615.0,1119.0
2.0,7404.0,3725.0,3706.5716264722596,3736.0,3705.0,3705.0,2594.737650857569,1111.8339756146904,2606.0,1119.0
