id,inv,demand,forecast,received_shipment,order,Order_Supplier_0,Order_Supplier_1,Order_Supplier_2,Forecast_Retailer_0,Forecast_Retailer_1,Forecast_Retailer_2,Demand_Retailer_0,Demand_Retailer_1,Demand_Retailer_2,Inv_Product_0,Inv_Product_1,Inv_Product_2,Order_Product_0,Order_Product_1,Order_Product_2,Forecast_Product_0,Forecast_Product_1,Forecast_Product_2
0.0,0.0,709.0,709.0,0.0,3545.0,1170.0,1200.0,1175.0,234.0,240.0,235.0,234.0,240.0,235.0,0.0,0.0,0.0,1170.0,1200.0,1175.0,234.0,240.0,235.0
0.0,0.0,722.0,716.0,0.0,3580.0,1190.0,1210.0,1180.0,238.0,242.0,236.0,242.0,243.0,237.0,0.0,0.0,0.0,1190.0,1210.0,1180.0,238.0,242.0,236.0
0.0,0.0,728.0,719.0,0.0,3595.0,1200.0,1205.0,1190.0,240.0,241.0,238.0,244.0,241.0,243.0,0.0,0.0,0.0,1200.0,1205.0,1190.0,240.0,241.0,238.0
0.0,0.0,689.0,712.0,0.0,3560.0,1195.0,1185.0,1180.0,239.0,237.0,236.0,236.0,225.0,228.0,0.0,0.0,0.0,1195.0,1185.0,1180.0,239.0,237.0,236.0
0.0,0.0,700.0,710.0,0.0,3550.0,1190.0,1185.0,1175.0,238.0,237.0,235.0,234.0,235.0,231.0,0.0,0.0,0.0,1190.0,1185.0,1175.0,238.0,237.0,235.0
0.0,0.0,692.0,707.0,0.0,3535.0,1185.0,1180.0,1170.0,237.0,236.0,234.0,233.0,232.0,227.0,0.0,0.0,0.0,1185.0,1180.0,1170.0,237.0,236.0,234.0
0.0,0.0,689.0,704.0,14280.0,0.0,0.0,0.0,0.0,236.0,236.0,232.0,228.0,237.0,224.0,0.0,0.0,0.0,0.0,0.0,0.0,236.0,236.0,232.0
0.0,9351.0,711.0,705.0,3550.0,0.0,0.0,0.0,0.0,237.0,235.0,233.0,242.0,229.0,240.0,3104.0,3147.0,3100.0,0.0,0.0,0.0,237.0,235.0,233.0
0.0,12190.0,730.0,707.0,3535.0,0.0,0.0,0.0,0.0,237.0,235.0,235.0,244.0,233.0,253.0,4052.0,4103.0,4035.0,0.0,0.0,0.0,237.0,235.0,235.0
0.0,14995.0,741.0,711.0,0.0,0.0,0.0,0.0,0.0,238.0,236.0,237.0,239.0,248.0,254.0,4993.0,5050.0,4952.0,0.0,0.0,0.0,238.0,236.0,237.0
0.0,14254.0,726.0,712.0,0.0,0.0,0.0,0.0,0.0,237.0,237.0,238.0,236.0,239.0,251.0,4754.0,4802.0,4698.0,0.0,0.0,0.0,237.0,237.0,238.0
0.0,13528.0,710.0,712.0,0.0,0.0,0.0,0.0,0.0,238.0,236.0,238.0,239.0,234.0,237.0,4518.0,4563.0,4447.0,0.0,0.0,0.0,238.0,236.0,238.0
0.0,12818.0,674.0,709.0,0.0,0.0,0.0,0.0,0.0,236.0,236.0,237.0,219.0,231.0,224.0,4279.0,4329.0,4210.0,0.0,0.0,0.0,236.0,236.0,237.0
0.0,12144.0,701.0,710.0,0.0,0.0,0.0,0.0,0.0,236.0,236.0,238.0,227.0,230.0,244.0,4060.0,4098.0,3986.0,0.0,0.0,0.0,236.0,236.0,238.0
0.0,11443.0,700.0,708.0,0.0,0.0,0.0,0.0,0.0,235.0,236.0,237.0,232.0,236.0,232.0,3833.0,3868.0,3742.0,0.0,0.0,0.0,235.0,236.0,237.0
0.0,10743.0,761.0,711.0,0.0,0.0,0.0,0.0,0.0,236.0,237.0,238.0,249.0,261.0,251.0,3601.0,3632.0,3510.0,0.0,0.0,0.0,236.0,237.0,238.0
0.0,9982.0,742.0,714.0,0.0,0.0,0.0,0.0,0.0,237.0,238.0,239.0,244.0,253.0,245.0,3352.0,3371.0,3259.0,0.0,0.0,0.0,237.0,238.0,239.0
0.0,9240.0,730.0,714.0,0.0,0.0,0.0,0.0,0.0,237.0,238.0,239.0,241.0,243.0,246.0,3108.0,3118.0,3014.0,0.0,0.0,0.0,237.0,238.0,239.0
0.0,8510.0,720.0,714.0,0.0,0.0,0.0,0.0,0.0,237.0,238.0,239.0,244.0,232.0,244.0,2867.0,2875.0,2768.0,0.0,0.0,0.0,237.0,238.0,239.0
0.0,7790.0,722.0,714.0,0.0,0.0,0.0,0.0,0.0,237.0,238.0,239.0,241.0,242.0,239.0,2623.0,2643.0,2524.0,0.0,0.0,0.0,237.0,238.0,239.0
0.0,7068.0,696.0,714.0,0.0,0.0,0.0,0.0,0.0,237.0,238.0,239.0,229.0,231.0,236.0,2382.0,2401.0,2285.0,0.0,0.0,0.0,237.0,238.0,239.0
0.0,6372.0,729.0,715.0,0.0,0.0,0.0,0.0,0.0,238.0,238.0,239.0,249.0,250.0,230.0,2153.0,2170.0,2049.0,0.0,0.0,0.0,238.0,238.0,239.0
0.0,5643.0,744.0,716.0,0.0,0.0,0.0,0.0,0.0,238.0,239.0,239.0,249.0,248.0,247.0,1904.0,1920.0,1819.0,0.0,0.0,0.0,238.0,239.0,239.0
0.0,4899.0,758.0,718.0,0.0,0.0,0.0,0.0,0.0,239.0,239.0,240.0,254.0,251.0,253.0,1655.0,1672.0,1572.0,0.0,0.0,0.0,239.0,239.0,240.0
0.0,4141.0,768.0,719.0,0.0,222.0,45.0,40.0,137.0,239.0,240.0,240.0,251.0,261.0,256.0,1401.0,1421.0,1319.0,45.0,40.0,137.0,239.0,240.0,240.0
0.0,3373.0,734.0,719.0,0.0,956.0,289.0,286.0,381.0,239.0,240.0,240.0,244.0,246.0,244.0,1150.0,1160.0,1063.0,289.0,286.0,381.0,239.0,240.0,240.0
0.0,2639.0,698.0,719.0,0.0,1654.0,520.0,521.0,613.0,239.0,240.0,240.0,231.0,235.0,232.0,906.0,914.0,819.0,520.0,521.0,613.0,239.0,240.0,240.0
0.0,1941.0,699.0,719.0,222.0,2131.0,705.0,711.0,715.0,239.0,240.0,240.0,230.0,230.0,239.0,675.0,679.0,587.0,705.0,711.0,715.0,239.0,240.0,240.0
0.0,1464.0,730.0,719.0,956.0,1905.0,660.0,666.0,579.0,239.0,240.0,240.0,244.0,241.0,245.0,490.0,489.0,485.0,660.0,666.0,579.0,239.0,240.0,240.0
0.0,1690.0,771.0,721.0,1654.0,1032.0,404.0,403.0,225.0,240.0,240.0,241.0,259.0,258.0,254.0,535.0,534.0,621.0,404.0,403.0,225.0,240.0,240.0,241.0
0.0,2573.0,771.0,722.0,2131.0,0.0,0.0,0.0,0.0,240.0,241.0,241.0,249.0,263.0,259.0,796.0,797.0,980.0,0.0,0.0,0.0,240.0,241.0,241.0
0.0,3933.0,752.0,724.0,1905.0,0.0,0.0,0.0,0.0,240.0,242.0,242.0,247.0,253.0,252.0,1252.0,1245.0,1436.0,0.0,0.0,0.0,240.0,242.0,242.0
0.0,5086.0,732.0,724.0,1032.0,0.0,0.0,0.0,0.0,240.0,242.0,242.0,246.0,240.0,246.0,1665.0,1658.0,1763.0,0.0,0.0,0.0,240.0,242.0,242.0
0.0,5386.0,722.0,724.0,0.0,0.0,0.0,0.0,0.0,240.0,242.0,242.0,245.0,244.0,233.0,1823.0,1821.0,1742.0,0.0,0.0,0.0,240.0,242.0,242.0
0.0,4664.0,731.0,724.0,0.0,0.0,0.0,0.0,0.0,240.0,242.0,242.0,241.0,246.0,244.0,1578.0,1577.0,1509.0,0.0,0.0,0.0,240.0,242.0,242.0
0.0,3933.0,749.0,725.0,0.0,441.0,120.0,136.0,185.0,241.0,242.0,242.0,252.0,257.0,240.0,1337.0,1331.0,1265.0,120.0,136.0,185.0,241.0,242.0,242.0
0.0,3184.0,767.0,725.0,0.0,1208.0,380.0,387.0,441.0,241.0,242.0,242.0,260.0,251.0,256.0,1085.0,1074.0,1025.0,380.0,387.0,441.0,241.0,242.0,242.0
0.0,2417.0,756.0,727.0,0.0,1974.0,639.0,648.0,687.0,242.0,243.0,242.0,254.0,256.0,246.0,825.0,823.0,769.0,639.0,648.0,687.0,242.0,243.0,242.0
0.0,1661.0,757.0,727.0,441.0,2290.0,773.0,763.0,754.0,242.0,243.0,242.0,254.0,251.0,252.0,571.0,567.0,523.0,773.0,763.0,754.0,242.0,243.0,242.0
0.0,1345.0,768.0,727.0,1208.0,1850.0,653.0,636.0,561.0,242.0,243.0,242.0,260.0,260.0,248.0,437.0,452.0,456.0,653.0,636.0,561.0,242.0,243.0,242.0
0.0,1785.0,726.0,728.0,1974.0,607.0,253.0,243.0,111.0,242.0,244.0,242.0,239.0,250.0,237.0,557.0,579.0,649.0,253.0,243.0,111.0,242.0,244.0,242.0
0.0,3033.0,734.0,728.0,2290.0,0.0,0.0,0.0,0.0,242.0,244.0,242.0,248.0,247.0,239.0,957.0,977.0,1099.0,0.0,0.0,0.0,242.0,244.0,242.0
0.0,4589.0,763.0,730.0,1850.0,0.0,0.0,0.0,0.0,243.0,244.0,243.0,261.0,241.0,261.0,1482.0,1493.0,1614.0,0.0,0.0,0.0,243.0,244.0,243.0
0.0,5676.0,784.0,730.0,607.0,0.0,0.0,0.0,0.0,243.0,244.0,243.0,268.0,252.0,264.0,1874.0,1888.0,1914.0,0.0,0.0,0.0,243.0,244.0,243.0
0.0,5499.0,797.0,732.0,0.0,0.0,0.0,0.0,0.0,244.0,244.0,244.0,264.0,268.0,265.0,1859.0,1879.0,1761.0,0.0,0.0,0.0,244.0,244.0,244.0
0.0,4702.0,767.0,733.0,0.0,0.0,0.0,0.0,0.0,244.0,245.0,244.0,253.0,258.0,256.0,1595.0,1611.0,1496.0,0.0,0.0,0.0,244.0,245.0,244.0
0.0,3935.0,761.0,733.0,0.0,491.0,140.0,120.0,231.0,244.0,245.0,244.0,262.0,248.0,251.0,1342.0,1353.0,1240.0,140.0,120.0,231.0,244.0,245.0,244.0
0.0,3174.0,741.0,734.0,0.0,1237.0,404.0,361.0,472.0,245.0,245.0,244.0,259.0,241.0,241.0,1080.0,1105.0,989.0,404.0,361.0,472.0,245.0,245.0,244.0
0.0,2433.0,736.0,734.0,0.0,1973.0,655.0,603.0,715.0,245.0,245.0,244.0,251.0,242.0,243.0,821.0,864.0,748.0,655.0,603.0,715.0,245.0,245.0,244.0
0.0,1697.0,788.0,734.0,491.0,2270.0,777.0,747.0,746.0,245.0,245.0,244.0,262.0,264.0,262.0,570.0,622.0,505.0,777.0,747.0,746.0,245.0,245.0,244.0
0.0,1400.0,798.0,736.0,1237.0,1841.0,645.0,652.0,544.0,246.0,245.0,245.0,267.0,266.0,265.0,448.0,478.0,474.0,645.0,652.0,544.0,246.0,245.0,245.0
0.0,1839.0,792.0,737.0,1973.0,665.0,248.0,325.0,92.0,246.0,246.0,245.0,258.0,271.0,263.0,585.0,573.0,681.0,248.0,325.0,92.0,246.0,246.0,245.0
0.0,3020.0,763.0,738.0,2270.0,0.0,0.0,0.0,0.0,246.0,246.0,246.0,255.0,249.0,259.0,982.0,905.0,1133.0,0.0,0.0,0.0,246.0,246.0,246.0
0.0,4527.0,779.0,739.0,1841.0,0.0,0.0,0.0,0.0,247.0,246.0,246.0,262.0,265.0,252.0,1504.0,1403.0,1620.0,0.0,0.0,0.0,247.0,246.0,246.0
0.0,5589.0,750.0,740.0,665.0,0.0,0.0,0.0,0.0,247.0,247.0,246.0,248.0,253.0,249.0,1887.0,1790.0,1912.0,0.0,0.0,0.0,247.0,247.0,246.0
0.0,5504.0,767.0,741.0,0.0,0.0,0.0,0.0,0.0,247.0,247.0,247.0,251.0,257.0,259.0,1887.0,1862.0,1755.0,0.0,0.0,0.0,247.0,247.0,247.0
0.0,4737.0,800.0,743.0,0.0,10.0,0.0,0.0,10.0,248.0,248.0,247.0,262.0,267.0,271.0,1636.0,1605.0,1496.0,0.0,0.0,10.0,248.0,248.0,247.0
0.0,3937.0,814.0,745.0,0.0,602.0,140.0,174.0,288.0,248.0,249.0,248.0,274.0,267.0,273.0,1374.0,1338.0,1225.0,140.0,174.0,288.0,248.0,249.0,248.0
0.0,3123.0,789.0,747.0,0.0,1401.0,405.0,434.0,562.0,249.0,249.0,249.0,260.0,260.0,269.0,1100.0,1071.0,952.0,405.0,434.0,562.0,249.0,249.0,249.0
0.0,2334.0,780.0,748.0,10.0,2176.0,659.0,709.0,808.0,249.0,250.0,249.0,254.0,270.0,256.0,840.0,811.0,683.0,659.0,709.0,808.0,249.0,250.0,249.0
0.0,1564.0,779.0,749.0,602.0,2358.0,784.0,803.0,771.0,250.0,250.0,249.0,260.0,268.0,251.0,586.0,541.0,437.0,784.0,803.0,771.0,250.0,250.0,249.0
0.0,1387.0,759.0,750.0,1401.0,1721.0,627.0,625.0,469.0,250.0,251.0,249.0,248.0,251.0,260.0,466.0,447.0,474.0,627.0,625.0,469.0,250.0,251.0,249.0
0.0,2029.0,772.0,751.0,2176.0,398.0,227.0,171.0,0.0,250.0,251.0,250.0,259.0,255.0,258.0,623.0,630.0,776.0,227.0,171.0,0.0,250.0,251.0,250.0
0.0,3433.0,783.0,752.0,2358.0,0.0,0.0,0.0,0.0,251.0,251.0,250.0,260.0,258.0,265.0,1023.0,1084.0,1326.0,0.0,0.0,0.0,251.0,251.0,250.0
0.0,5008.0,823.0,755.0,1721.0,0.0,0.0,0.0,0.0,252.0,252.0,251.0,276.0,274.0,273.0,1547.0,1629.0,1832.0,0.0,0.0,0.0,252.0,252.0,251.0
0.0,5906.0,816.0,757.0,398.0,0.0,0.0,0.0,0.0,252.0,253.0,252.0,270.0,273.0,273.0,1898.0,1980.0,2028.0,0.0,0.0,0.0,252.0,253.0,252.0
0.0,5488.0,789.0,758.0,0.0,0.0,0.0,0.0,0.0,253.0,253.0,252.0,270.0,256.0,263.0,1855.0,1878.0,1755.0,0.0,0.0,0.0,253.0,253.0,252.0
0.0,4699.0,792.0,759.0,0.0,33.0,0.0,0.0,33.0,254.0,253.0,252.0,272.0,255.0,265.0,1585.0,1622.0,1492.0,0.0,0.0,33.0,254.0,253.0,252.0
0.0,3907.0,782.0,760.0,0.0,675.0,219.0,154.0,302.0,254.0,253.0,253.0,262.0,256.0,264.0,1313.0,1367.0,1227.0,219.0,154.0,302.0,254.0,253.0,253.0
0.0,3125.0,762.0,761.0,0.0,1442.0,461.0,417.0,564.0,254.0,254.0,253.0,242.0,258.0,262.0,1051.0,1111.0,963.0,461.0,417.0,564.0,254.0,254.0,253.0
0.0,2363.0,800.0,762.0,33.0,2214.0,728.0,681.0,805.0,254.0,254.0,254.0,267.0,264.0,269.0,809.0,853.0,701.0,728.0,681.0,805.0,254.0,254.0,254.0
0.0,1596.0,820.0,764.0,675.0,2369.0,794.0,797.0,778.0,255.0,255.0,254.0,280.0,265.0,275.0,542.0,589.0,465.0,794.0,797.0,778.0,255.0,255.0,254.0
0.0,1451.0,830.0,767.0,1442.0,1772.0,616.0,663.0,493.0,256.0,256.0,255.0,278.0,278.0,274.0,481.0,478.0,492.0,616.0,663.0,493.0,256.0,256.0,255.0
0.0,2063.0,814.0,768.0,2214.0,413.0,152.0,261.0,0.0,256.0,256.0,256.0,264.0,279.0,271.0,664.0,617.0,782.0,152.0,261.0,0.0,256.0,256.0,256.0
0.0,3463.0,820.0,770.0,2369.0,0.0,0.0,0.0,0.0,257.0,257.0,256.0,278.0,281.0,261.0,1128.0,1019.0,1316.0,0.0,0.0,0.0,257.0,257.0,256.0
0.0,5012.0,776.0,770.0,1772.0,0.0,0.0,0.0,0.0,257.0,257.0,256.0,255.0,257.0,264.0,1644.0,1535.0,1833.0,0.0,0.0,0.0,257.0,257.0,256.0
0.0,6008.0,782.0,771.0,413.0,0.0,0.0,0.0,0.0,257.0,257.0,257.0,255.0,260.0,267.0,2005.0,1941.0,2062.0,0.0,0.0,0.0,257.0,257.0,257.0
0.0,5639.0,793.0,772.0,0.0,0.0,0.0,0.0,0.0,258.0,257.0,257.0,271.0,264.0,258.0,1902.0,1942.0,1795.0,0.0,0.0,0.0,258.0,257.0,257.0
0.0,4846.0,835.0,775.0,0.0,29.0,0.0,0.0,29.0,259.0,258.0,258.0,282.0,277.0,276.0,1631.0,1678.0,1537.0,0.0,0.0,29.0,259.0,258.0,258.0
0.0,4011.0,846.0,777.0,0.0,720.0,239.0,175.0,306.0,260.0,259.0,258.0,288.0,281.0,277.0,1349.0,1401.0,1261.0,239.0,175.0,306.0,260.0,259.0,258.0
0.0,3165.0,830.0,779.0,0.0,1560.0,511.0,460.0,589.0,260.0,260.0,259.0,272.0,280.0,278.0,1061.0,1120.0,984.0,511.0,460.0,589.0,260.0,260.0,259.0
0.0,2335.0,806.0,779.0,29.0,2337.0,779.0,728.0,830.0,260.0,260.0,259.0,268.0,268.0,270.0,789.0,840.0,706.0,779.0,728.0,830.0,260.0,260.0,259.0
0.0,1558.0,801.0,780.0,720.0,2423.0,812.0,826.0,785.0,261.0,260.0,259.0,267.0,273.0,261.0,521.0,572.0,465.0,812.0,826.0,785.0,261.0,260.0,259.0
0.0,1477.0,771.0,780.0,1560.0,1634.0,554.0,626.0,454.0,261.0,260.0,259.0,253.0,260.0,258.0,493.0,474.0,510.0,554.0,626.0,454.0,261.0,260.0,259.0
0.0,2266.0,813.0,782.0,1934.0,536.0,315.0,221.0,0.0,261.0,261.0,260.0,264.0,281.0,268.0,751.0,674.0,841.0,315.0,221.0,0.0,261.0,261.0,260.0
0.0,3387.0,835.0,785.0,167.0,1206.0,464.0,480.0,262.0,262.0,262.0,261.0,288.0,277.0,270.0,990.0,1084.0,1313.0,464.0,480.0,262.0,262.0,262.0,261.0
0.0,2719.0,838.0,786.0,1760.0,334.0,0.0,250.0,84.0,263.0,262.0,261.0,282.0,272.0,284.0,846.0,830.0,1043.0,0.0,250.0,84.0,263.0,262.0,261.0
0.0,3641.0,836.0,788.0,3069.0,0.0,0.0,0.0,0.0,263.0,263.0,262.0,279.0,279.0,278.0,1360.0,1060.0,1221.0,0.0,0.0,0.0,263.0,263.0,262.0
0.0,5874.0,802.0,789.0,1206.0,0.0,0.0,0.0,0.0,264.0,263.0,262.0,266.0,269.0,267.0,2098.0,1966.0,1810.0,0.0,0.0,0.0,264.0,263.0,262.0
0.0,6278.0,819.0,790.0,334.0,0.0,0.0,0.0,0.0,264.0,263.0,263.0,275.0,277.0,267.0,2296.0,2177.0,1805.0,0.0,0.0,0.0,264.0,263.0,263.0
0.0,5793.0,795.0,791.0,0.0,0.0,0.0,0.0,0.0,264.0,264.0,263.0,264.0,260.0,271.0,2021.0,2150.0,1622.0,0.0,0.0,0.0,264.0,264.0,263.0
0.0,4998.0,833.0,793.0,0.0,241.0,0.0,0.0,241.0,265.0,264.0,264.0,284.0,277.0,272.0,1757.0,1890.0,1351.0,0.0,0.0,241.0,265.0,264.0,264.0
0.0,4165.0,853.0,794.0,0.0,672.0,139.0,0.0,533.0,265.0,264.0,265.0,287.0,279.0,287.0,1473.0,1613.0,1079.0,139.0,0.0,533.0,265.0,264.0,265.0
0.0,3312.0,850.0,796.0,0.0,1518.0,425.0,278.0,815.0,266.0,265.0,265.0,281.0,287.0,282.0,1186.0,1334.0,792.0,425.0,278.0,815.0,266.0,265.0,265.0
0.0,2462.0,850.0,798.0,241.0,2137.0,705.0,559.0,873.0,266.0,266.0,266.0,280.0,276.0,294.0,905.0,1047.0,510.0,705.0,559.0,873.0,266.0,266.0,266.0
0.0,1853.0,846.0,799.0,672.0,2316.0,857.0,838.0,621.0,267.0,266.0,266.0,286.0,279.0,281.0,625.0,771.0,457.0,857.0,838.0,621.0,267.0,266.0,266.0
0.0,1679.0,806.0,799.0,1518.0,1604.0,703.0,822.0,79.0,267.0,266.0,266.0,271.0,262.0,273.0,478.0,492.0,709.0,703.0,822.0,79.0,267.0,266.0,266.0
0.0,2391.0,808.0,801.0,2137.0,804.0,261.0,543.0,0.0,267.0,267.0,267.0,263.0,275.0,270.0,632.0,508.0,1251.0,261.0,543.0,0.0,267.0,267.0,267.0
0.0,3720.0,832.0,801.0,2316.0,0.0,0.0,0.0,0.0,267.0,267.0,267.0,273.0,284.0,275.0,1074.0,792.0,1854.0,0.0,0.0,0.0,267.0,267.0,267.0
0.0,5204.0,877.0,804.0,1604.0,0.0,0.0,0.0,0.0,268.0,268.0,268.0,288.0,289.0,300.0,1658.0,1346.0,2200.0,0.0,0.0,0.0,268.0,268.0,268.0
0.0,5931.0,862.0,807.0,804.0,0.0,0.0,0.0,0.0,269.0,269.0,269.0,289.0,282.0,291.0,2073.0,1879.0,1979.0,0.0,0.0,0.0,269.0,269.0,269.0
0.0,5873.0,849.0,808.0,0.0,0.0,0.0,0.0,0.0,269.0,269.0,270.0,285.0,274.0,290.0,2045.0,2140.0,1688.0,0.0,0.0,0.0,269.0,269.0,270.0
0.0,5024.0,838.0,808.0,0.0,239.0,0.0,0.0,239.0,269.0,269.0,270.0,280.0,271.0,287.0,1760.0,1866.0,1398.0,0.0,0.0,239.0,269.0,269.0,270.0
0.0,4186.0,798.0,808.0,0.0,652.0,130.0,25.0,497.0,269.0,269.0,270.0,265.0,275.0,258.0,1480.0,1595.0,1111.0,130.0,25.0,497.0,269.0,269.0,270.0
0.0,3388.0,812.0,810.0,0.0,1474.0,407.0,301.0,766.0,270.0,270.0,270.0,272.0,271.0,269.0,1215.0,1320.0,853.0,407.0,301.0,766.0,270.0,270.0,270.0
0.0,2576.0,845.0,811.0,239.0,2085.0,684.0,578.0,823.0,270.0,270.0,271.0,277.0,277.0,291.0,943.0,1049.0,584.0,684.0,578.0,823.0,270.0,270.0,271.0
0.0,1970.0,887.0,814.0,652.0,2335.0,852.0,846.0,637.0,271.0,271.0,272.0,293.0,288.0,306.0,666.0,772.0,532.0,852.0,846.0,637.0,271.0,271.0,272.0
0.0,1735.0,878.0,816.0,1474.0,1749.0,745.0,837.0,167.0,272.0,271.0,273.0,295.0,292.0,291.0,503.0,509.0,723.0,745.0,837.0,167.0,272.0,271.0,273.0
0.0,2331.0,851.0,817.0,2085.0,890.0,334.0,556.0,0.0,272.0,272.0,273.0,273.0,292.0,286.0,615.0,518.0,1198.0,334.0,556.0,0.0,272.0,272.0,273.0
0.0,3565.0,853.0,817.0,2335.0,0.0,0.0,0.0,0.0,272.0,272.0,273.0,287.0,287.0,279.0,1026.0,804.0,1735.0,0.0,0.0,0.0,272.0,272.0,273.0
0.0,5047.0,816.0,818.0,1749.0,0.0,0.0,0.0,0.0,273.0,272.0,273.0,274.0,274.0,268.0,1591.0,1363.0,2093.0,0.0,0.0,0.0,273.0,272.0,273.0
0.0,5980.0,821.0,819.0,434.0,0.0,0.0,0.0,0.0,273.0,272.0,274.0,276.0,271.0,274.0,2062.0,1926.0,1992.0,0.0,0.0,0.0,273.0,272.0,274.0
0.0,5593.0,853.0,820.0,456.0,0.0,0.0,0.0,0.0,273.0,273.0,274.0,282.0,282.0,289.0,2120.0,1755.0,1718.0,0.0,0.0,0.0,273.0,273.0,274.0
0.0,5196.0,892.0,822.0,0.0,250.0,0.0,0.0,250.0,274.0,273.0,275.0,298.0,290.0,304.0,1838.0,1929.0,1429.0,0.0,0.0,250.0,274.0,273.0,275.0
0.0,4304.0,888.0,825.0,0.0,709.0,132.0,27.0,550.0,275.0,274.0,276.0,297.0,296.0,295.0,1540.0,1639.0,1125.0,132.0,27.0,550.0,275.0,274.0,276.0
0.0,3416.0,862.0,827.0,0.0,1581.0,420.0,320.0,841.0,276.0,275.0,276.0,283.0,288.0,291.0,1243.0,1343.0,830.0,420.0,320.0,841.0,276.0,275.0,276.0
0.0,2554.0,853.0,827.0,250.0,2184.0,713.0,597.0,874.0,276.0,275.0,276.0,293.0,277.0,283.0,960.0,1055.0,539.0,713.0,597.0,874.0,276.0,275.0,276.0
0.0,1951.0,845.0,828.0,709.0,2325.0,864.0,851.0,610.0,276.0,275.0,277.0,283.0,281.0,281.0,667.0,778.0,506.0,864.0,851.0,610.0,276.0,275.0,277.0
0.0,1815.0,849.0,829.0,1581.0,1598.0,723.0,826.0,49.0,276.0,276.0,277.0,279.0,290.0,280.0,516.0,524.0,775.0,723.0,826.0,49.0,276.0,276.0,277.0
0.0,2547.0,881.0,831.0,2184.0,840.0,309.0,531.0,0.0,277.0,277.0,277.0,294.0,297.0,290.0,657.0,554.0,1336.0,309.0,531.0,0.0,277.0,277.0,277.0
0.0,3850.0,881.0,832.0,2325.0,0.0,0.0,0.0,0.0,277.0,277.0,278.0,303.0,281.0,297.0,1076.0,854.0,1920.0,0.0,0.0,0.0,277.0,277.0,278.0
0.0,5294.0,887.0,836.0,1598.0,0.0,0.0,0.0,0.0,279.0,278.0,279.0,297.0,288.0,302.0,1637.0,1424.0,2233.0,0.0,0.0,0.0,279.0,278.0,279.0
0.0,6005.0,879.0,836.0,840.0,0.0,0.0,0.0,0.0,279.0,278.0,279.0,292.0,296.0,291.0,2063.0,1962.0,1980.0,0.0,0.0,0.0,279.0,278.0,279.0
0.0,5966.0,864.0,837.0,0.0,0.0,0.0,0.0,0.0,279.0,279.0,279.0,285.0,298.0,281.0,2080.0,2197.0,1689.0,0.0,0.0,0.0,279.0,279.0,279.0
0.0,5102.0,838.0,837.0,0.0,263.0,0.0,0.0,263.0,279.0,279.0,279.0,282.0,280.0,276.0,1795.0,1899.0,1408.0,0.0,0.0,263.0,279.0,279.0,279.0
0.0,4264.0,846.0,838.0,0.0,772.0,155.0,61.0,556.0,279.0,279.0,280.0,273.0,285.0,288.0,1513.0,1619.0,1132.0,155.0,61.0,556.0,279.0,279.0,280.0
0.0,3418.0,875.0,839.0,0.0,1652.0,445.0,353.0,854.0,280.0,279.0,280.0,285.0,292.0,298.0,1240.0,1334.0,844.0,445.0,353.0,854.0,280.0,279.0,280.0
0.0,2543.0,897.0,841.0,263.0,2296.0,750.0,655.0,891.0,280.0,280.0,281.0,305.0,297.0,295.0,955.0,1042.0,546.0,750.0,655.0,891.0,280.0,280.0,281.0
0.0,1909.0,887.0,844.0,772.0,2426.0,893.0,897.0,636.0,281.0,281.0,282.0,293.0,298.0,296.0,650.0,745.0,514.0,893.0,897.0,636.0,281.0,281.0,282.0
0.0,1794.0,867.0,845.0,1652.0,1646.0,740.0,836.0,70.0,282.0,281.0,282.0,287.0,292.0,288.0,512.0,508.0,774.0,740.0,836.0,70.0,282.0,281.0,282.0
0.0,2579.0,848.0,845.0,2296.0,734.0,277.0,457.0,0.0,282.0,281.0,282.0,287.0,276.0,285.0,670.0,569.0,1340.0,277.0,457.0,0.0,282.0,281.0,282.0
0.0,4027.0,854.0,846.0,1477.0,213.0,213.0,0.0,0.0,282.0,281.0,283.0,287.0,280.0,287.0,1133.0,948.0,1946.0,213.0,0.0,0.0,282.0,281.0,283.0
0.0,4650.0,876.0,847.0,760.0,268.0,0.0,268.0,0.0,282.0,282.0,283.0,288.0,300.0,288.0,1197.0,1442.0,2011.0,0.0,268.0,0.0,282.0,282.0,283.0
0.0,4534.0,899.0,848.0,1857.0,0.0,0.0,0.0,0.0,283.0,282.0,283.0,302.0,302.0,295.0,1579.0,1142.0,1813.0,0.0,0.0,0.0,283.0,282.0,283.0
0.0,5492.0,904.0,850.0,925.0,0.0,0.0,0.0,0.0,283.0,283.0,284.0,306.0,306.0,292.0,2166.0,1544.0,1782.0,0.0,0.0,0.0,283.0,283.0,284.0
0.0,5513.0,896.0,853.0,268.0,233.0,0.0,0.0,233.0,284.0,284.0,285.0,304.0,294.0,298.0,2073.0,1950.0,1490.0,0.0,0.0,233.0,284.0,284.0,285.0
0.0,4885.0,910.0,854.0,0.0,540.0,0.0,0.0,540.0,285.0,284.0,285.0,306.0,297.0,307.0,1769.0,1924.0,1192.0,0.0,0.0,540.0,285.0,284.0,285.0
0.0,3975.0,896.0,855.0,0.0,1196.0,263.0,86.0,847.0,285.0,284.0,286.0,301.0,293.0,302.0,1463.0,1627.0,885.0,263.0,86.0,847.0,285.0,284.0,286.0
0.0,3079.0,868.0,855.0,233.0,1831.0,543.0,375.0,913.0,285.0,284.0,286.0,280.0,289.0,299.0,1162.0,1334.0,583.0,543.0,375.0,913.0,285.0,284.0,286.0
0.0,2444.0,897.0,858.0,540.0,2203.0,842.0,681.0,680.0,286.0,285.0,287.0,294.0,301.0,302.0,882.0,1045.0,517.0,842.0,681.0,680.0,286.0,285.0,287.0
0.0,2087.0,885.0,858.0,1196.0,1892.0,878.0,886.0,128.0,286.0,285.0,287.0,299.0,291.0,295.0,588.0,744.0,755.0,878.0,886.0,128.0,286.0,285.0,287.0
0.0,2398.0,928.0,861.0,1831.0,1478.0,653.0,825.0,0.0,287.0,286.0,288.0,313.0,309.0,306.0,552.0,539.0,1307.0,653.0,825.0,0.0,287.0,286.0,288.0
0.0,3301.0,938.0,864.0,2203.0,590.0,126.0,464.0,0.0,288.0,287.0,289.0,310.0,315.0,313.0,782.0,605.0,1914.0,126.0,464.0,0.0,288.0,287.0,289.0
0.0,4566.0,916.0,865.0,1892.0,0.0,0.0,0.0,0.0,288.0,288.0,289.0,307.0,309.0,300.0,1314.0,971.0,2281.0,0.0,0.0,0.0,288.0,288.0,289.0
0.0,5542.0,904.0,867.0,1478.0,0.0,0.0,0.0,0.0,289.0,288.0,290.0,303.0,301.0,300.0,1885.0,1548.0,2109.0,0.0,0.0,0.0,289.0,288.0,290.0
0.0,6116.0,887.0,867.0,590.0,0.0,0.0,0.0,0.0,289.0,288.0,290.0,295.0,293.0,299.0,2235.0,2072.0,1809.0,0.0,0.0,0.0,289.0,288.0,290.0
0.0,5819.0,880.0,867.0,0.0,246.0,0.0,0.0,246.0,289.0,288.0,290.0,280.0,294.0,306.0,2066.0,2243.0,1510.0,0.0,0.0,246.0,289.0,288.0,290.0
0.0,4939.0,908.0,869.0,0.0,551.0,0.0,0.0,551.0,289.0,289.0,291.0,302.0,306.0,300.0,1786.0,1949.0,1204.0,0.0,0.0,551.0,289.0,289.0,291.0
0.0,4031.0,916.0,871.0,0.0,1240.0,275.0,120.0,845.0,290.0,290.0,291.0,309.0,313.0,294.0,1484.0,1643.0,904.0,275.0,120.0,845.0,290.0,290.0,291.0
0.0,3115.0,936.0,874.0,246.0,1945.0,595.0,438.0,912.0,291.0,291.0,292.0,315.0,313.0,308.0,1175.0,1330.0,610.0,595.0,438.0,912.0,291.0,291.0,292.0
0.0,2425.0,922.0,874.0,551.0,2316.0,895.0,746.0,675.0,291.0,291.0,292.0,300.0,308.0,314.0,860.0,1017.0,548.0,895.0,746.0,675.0,291.0,291.0,292.0
0.0,2054.0,910.0,876.0,1240.0,1996.0,929.0,924.0,143.0,292.0,291.0,293.0,304.0,298.0,308.0,560.0,709.0,785.0,929.0,924.0,143.0,292.0,291.0,293.0
0.0,2384.0,886.0,877.0,1426.0,1461.0,626.0,787.0,48.0,292.0,292.0,293.0,292.0,296.0,298.0,531.0,531.0,1322.0,626.0,787.0,48.0,292.0,292.0,293.0
0.0,2924.0,882.0,877.0,1743.0,600.0,21.0,336.0,243.0,292.0,292.0,293.0,290.0,295.0,297.0,834.0,673.0,1417.0,21.0,336.0,243.0,292.0,292.0,293.0
0.0,3785.0,915.0,878.0,1892.0,102.0,0.0,102.0,0.0,292.0,293.0,293.0,306.0,303.0,306.0,1439.0,1124.0,1222.0,0.0,102.0,0.0,292.0,293.0,293.0
0.0,4762.0,933.0,880.0,1408.0,231.0,0.0,231.0,0.0,293.0,293.0,294.0,313.0,312.0,308.0,1536.0,1363.0,1863.0,0.0,231.0,0.0,293.0,293.0,294.0
0.0,5237.0,953.0,883.0,1849.0,0.0,0.0,0.0,0.0,294.0,294.0,295.0,314.0,323.0,316.0,2112.0,1234.0,1891.0,0.0,0.0,0.0,294.0,294.0,295.0
0.0,6133.0,922.0,885.0,102.0,0.0,0.0,0.0,0.0,295.0,295.0,295.0,305.0,309.0,308.0,2082.0,2233.0,1818.0,0.0,0.0,0.0,295.0,295.0,295.0
0.0,5313.0,909.0,885.0,231.0,274.0,2.0,0.0,272.0,295.0,295.0,295.0,304.0,298.0,307.0,1777.0,2026.0,1510.0,2.0,0.0,272.0,295.0,295.0,295.0
0.0,4635.0,874.0,885.0,0.0,853.0,293.0,0.0,560.0,295.0,295.0,295.0,291.0,295.0,288.0,1473.0,1959.0,1203.0,293.0,0.0,560.0,295.0,295.0,295.0
0.0,3761.0,900.0,886.0,0.0,1569.0,594.0,108.0,867.0,295.0,295.0,296.0,301.0,297.0,302.0,1182.0,1664.0,915.0,594.0,108.0,867.0,295.0,295.0,296.0
0.0,2861.0,929.0,888.0,274.0,2234.0,907.0,422.0,905.0,296.0,296.0,296.0,310.0,309.0,310.0,881.0,1367.0,613.0,907.0,422.0,905.0,296.0,296.0,296.0
0.0,2206.0,972.0,891.0,853.0,2368.0,937.0,758.0,673.0,297.0,297.0,297.0,318.0,331.0,323.0,573.0,1058.0,575.0,937.0,758.0,673.0,297.0,297.0,297.0
0.0,2087.0,955.0,893.0,1569.0,1764.0,657.0,961.0,146.0,297.0,298.0,298.0,314.0,306.0,335.0,548.0,727.0,812.0,657.0,961.0,146.0,297.0,298.0,298.0
0.0,2701.0,938.0,895.0,2234.0,915.0,72.0,843.0,0.0,298.0,298.0,299.0,317.0,304.0,317.0,828.0,529.0,1344.0,72.0,843.0,0.0,298.0,298.0,299.0
0.0,3997.0,915.0,895.0,2368.0,386.0,0.0,386.0,0.0,298.0,298.0,299.0,311.0,301.0,303.0,1418.0,647.0,1932.0,0.0,386.0,0.0,298.0,298.0,299.0
0.0,5450.0,920.0,895.0,1764.0,0.0,0.0,0.0,0.0,298.0,298.0,299.0,308.0,309.0,303.0,2044.0,1104.0,2302.0,0.0,0.0,0.0,298.0,298.0,299.0
0.0,6294.0,914.0,897.0,915.0,0.0,0.0,0.0,0.0,299.0,299.0,299.0,294.0,313.0,307.0,2393.0,1756.0,2145.0,0.0,0.0,0.0,299.0,299.0,299.0
0.0,6295.0,946.0,899.0,386.0,0.0,0.0,0.0,0.0,299.0,300.0,300.0,319.0,313.0,314.0,2171.0,2286.0,1838.0,0.0,0.0,0.0,299.0,300.0,300.0
0.0,5735.0,968.0,901.0,0.0,305.0,0.0,0.0,305.0,300.0,300.0,301.0,327.0,317.0,324.0,1852.0,2359.0,1524.0,0.0,0.0,305.0,300.0,300.0,301.0
0.0,4767.0,961.0,904.0,0.0,933.0,306.0,0.0,627.0,301.0,301.0,302.0,326.0,318.0,317.0,1525.0,2042.0,1200.0,306.0,0.0,627.0,301.0,301.0,302.0
0.0,3806.0,948.0,904.0,0.0,1662.0,620.0,93.0,949.0,301.0,301.0,302.0,314.0,312.0,322.0,1199.0,1724.0,883.0,620.0,93.0,949.0,301.0,301.0,302.0
0.0,2858.0,935.0,906.0,305.0,2302.0,943.0,412.0,947.0,302.0,302.0,302.0,318.0,314.0,303.0,885.0,1412.0,561.0,943.0,412.0,947.0,302.0,302.0,302.0
0.0,2228.0,905.0,906.0,933.0,2274.0,947.0,713.0,614.0,302.0,302.0,302.0,310.0,301.0,294.0,567.0,1098.0,563.0,947.0,713.0,614.0,302.0,302.0,302.0
0.0,2256.0,907.0,906.0,1662.0,1546.0,633.0,913.0,0.0,302.0,302.0,302.0,306.0,293.0,308.0,563.0,797.0,896.0,633.0,913.0,0.0,302.0,302.0,302.0
0.0,3011.0,951.0,908.0,2289.0,835.0,24.0,811.0,0.0,303.0,302.0,303.0,316.0,310.0,325.0,877.0,597.0,1537.0,24.0,811.0,0.0,303.0,302.0,303.0
0.0,4349.0,966.0,910.0,1561.0,425.0,0.0,425.0,0.0,303.0,303.0,304.0,320.0,322.0,324.0,1491.0,699.0,2159.0,0.0,425.0,0.0,303.0,303.0,304.0
0.0,4944.0,984.0,914.0,2085.0,0.0,0.0,0.0,0.0,305.0,304.0,305.0,329.0,330.0,325.0,1652.0,1090.0,2202.0,0.0,0.0,0.0,305.0,304.0,305.0
0.0,6045.0,939.0,914.0,467.0,0.0,0.0,0.0,0.0,305.0,304.0,305.0,307.0,320.0,312.0,2435.0,1673.0,1937.0,0.0,0.0,0.0,305.0,304.0,305.0
0.0,5573.0,935.0,916.0,980.0,29.0,0.0,0.0,29.0,305.0,305.0,306.0,315.0,309.0,311.0,2152.0,1609.0,1812.0,0.0,0.0,29.0,305.0,305.0,306.0
0.0,5618.0,917.0,916.0,0.0,327.0,0.0,0.0,327.0,305.0,305.0,306.0,308.0,311.0,298.0,1837.0,2280.0,1501.0,0.0,0.0,327.0,305.0,305.0,306.0
0.0,4701.0,924.0,917.0,0.0,937.0,303.0,0.0,634.0,306.0,305.0,306.0,302.0,315.0,307.0,1529.0,1969.0,1203.0,303.0,0.0,634.0,306.0,305.0,306.0
0.0,3777.0,960.0,919.0,29.0,1749.0,623.0,198.0,928.0,306.0,306.0,307.0,320.0,322.0,318.0,1227.0,1654.0,896.0,623.0,198.0,928.0,306.0,306.0,307.0
0.0,2846.0,987.0,921.0,327.0,2419.0,956.0,533.0,930.0,307.0,307.0,307.0,328.0,330.0,329.0,907.0,1332.0,607.0,956.0,533.0,930.0,307.0,307.0,307.0
0.0,2186.0,989.0,924.0,937.0,2486.0,983.0,868.0,635.0,308.0,308.0,308.0,325.0,330.0,334.0,579.0,1002.0,605.0,983.0,868.0,635.0,308.0,308.0,308.0
0.0,2134.0,955.0,925.0,1749.0,1697.0,682.0,987.0,28.0,308.0,308.0,309.0,322.0,317.0,316.0,557.0,672.0,905.0,682.0,987.0,28.0,308.0,308.0,309.0
0.0,2928.0,946.0,925.0,2419.0,818.0,43.0,775.0,0.0,308.0,308.0,309.0,317.0,321.0,308.0,858.0,553.0,1517.0,43.0,775.0,0.0,308.0,308.0,309.0
0.0,4401.0,939.0,927.0,2486.0,223.0,0.0,223.0,0.0,309.0,309.0,309.0,319.0,311.0,309.0,1497.0,765.0,2139.0,0.0,223.0,0.0,309.0,309.0,309.0
0.0,5948.0,944.0,927.0,1697.0,0.0,0.0,0.0,0.0,309.0,309.0,309.0,311.0,313.0,320.0,2161.0,1322.0,2465.0,0.0,0.0,0.0,309.0,309.0,309.0
0.0,6701.0,974.0,929.0,818.0,0.0,0.0,0.0,0.0,309.0,310.0,310.0,320.0,324.0,330.0,2532.0,1996.0,2173.0,0.0,0.0,0.0,309.0,310.0,310.0
0.0,6545.0,987.0,931.0,223.0,44.0,0.0,0.0,44.0,310.0,310.0,311.0,326.0,329.0,332.0,2255.0,2447.0,1843.0,0.0,0.0,44.0,310.0,310.0,311.0
0.0,5781.0,967.0,933.0,0.0,361.0,0.0,0.0,361.0,311.0,311.0,311.0,320.0,330.0,317.0,1929.0,2341.0,1511.0,0.0,0.0,361.0,311.0,311.0,311.0
0.0,4814.0,984.0,934.0,0.0,962.0,279.0,0.0,683.0,311.0,312.0,311.0,333.0,329.0,322.0,1609.0,2011.0,1194.0,279.0,0.0,683.0,311.0,312.0,311.0
0.0,3830.0,955.0,935.0,44.0,1756.0,601.0,197.0,958.0,311.0,312.0,312.0,322.0,319.0,314.0,1276.0,1682.0,872.0,601.0,197.0,958.0,311.0,312.0,312.0
0.0,2919.0,937.0,935.0,361.0,2332.0,914.0,505.0,913.0,311.0,312.0,312.0,313.0,308.0,316.0,954.0,1363.0,602.0,914.0,505.0,913.0,311.0,312.0,312.0
0.0,2343.0,967.0,936.0,962.0,2342.0,961.0,826.0,555.0,312.0,312.0,312.0,321.0,321.0,325.0,641.0,1055.0,647.0,961.0,826.0,555.0,312.0,312.0,312.0
0.0,2338.0,990.0,937.0,1756.0,1644.0,681.0,963.0,0.0,312.0,312.0,313.0,321.0,334.0,335.0,599.0,734.0,1005.0,681.0,963.0,0.0,312.0,312.0,313.0
0.0,3104.0,992.0,939.0,1977.0,902.0,103.0,799.0,0.0,313.0,313.0,313.0,331.0,336.0,325.0,879.0,597.0,1628.0,103.0,799.0,0.0,313.0,313.0,313.0
0.0,4089.0,998.0,942.0,1522.0,315.0,0.0,315.0,0.0,314.0,314.0,314.0,330.0,337.0,331.0,1462.0,766.0,1861.0,0.0,315.0,0.0,314.0,314.0,314.0
0.0,4613.0,990.0,943.0,2043.0,314.0,0.0,314.0,0.0,314.0,315.0,314.0,330.0,326.0,334.0,1759.0,1255.0,1599.0,0.0,314.0,0.0,314.0,315.0,314.0
0.0,5666.0,973.0,945.0,1078.0,0.0,0.0,0.0,0.0,315.0,315.0,315.0,324.0,329.0,320.0,2444.0,1261.0,1961.0,0.0,0.0,0.0,315.0,315.0,315.0
0.0,5771.0,941.0,945.0,915.0,105.0,0.0,0.0,105.0,315.0,315.0,315.0,314.0,311.0,316.0,2223.0,1762.0,1786.0,0.0,0.0,105.0,315.0,315.0,315.0
0.0,5745.0,967.0,945.0,314.0,432.0,0.0,0.0,432.0,315.0,315.0,315.0,310.0,330.0,327.0,1909.0,2366.0,1470.0,0.0,0.0,432.0,315.0,315.0,315.0
0.0,5092.0,971.0,947.0,0.0,1066.0,305.0,0.0,761.0,315.0,316.0,316.0,329.0,318.0,324.0,1599.0,2350.0,1143.0,305.0,0.0,761.0,315.0,316.0,316.0
0.0,4121.0,982.0,948.0,105.0,1626.0,653.0,0.0,973.0,316.0,316.0,316.0,343.0,322.0,317.0,1270.0,2032.0,819.0,653.0,0.0,973.0,316.0,316.0,316.0
0.0,3244.0,996.0,951.0,432.0,2075.0,991.0,211.0,873.0,317.0,317.0,317.0,333.0,336.0,327.0,927.0,1710.0,607.0,991.0,211.0,873.0,317.0,317.0,317.0
0.0,2680.0,1002.0,953.0,1066.0,2021.0,1022.0,553.0,446.0,318.0,318.0,317.0,331.0,337.0,334.0,594.0,1374.0,712.0,1022.0,553.0,446.0,318.0,318.0,317.0
0.0,2744.0,982.0,954.0,1626.0,1575.0,691.0,884.0,0.0,318.0,318.0,318.0,322.0,331.0,329.0,568.0,1037.0,1139.0,691.0,884.0,0.0,318.0,318.0,318.0
0.0,3388.0,963.0,954.0,2075.0,1013.0,23.0,990.0,0.0,318.0,318.0,318.0,323.0,317.0,323.0,899.0,706.0,1783.0,23.0,990.0,0.0,318.0,318.0,318.0
0.0,4500.0,968.0,954.0,2021.0,751.0,0.0,751.0,0.0,318.0,318.0,318.0,326.0,314.0,328.0,1567.0,600.0,2333.0,0.0,751.0,0.0,318.0,318.0,318.0
0.0,5553.0,984.0,955.0,1575.0,197.0,0.0,197.0,0.0,319.0,318.0,318.0,330.0,330.0,324.0,2263.0,839.0,2451.0,0.0,197.0,0.0,319.0,318.0,318.0
0.0,6144.0,1052.0,959.0,1013.0,0.0,0.0,0.0,0.0,320.0,320.0,319.0,358.0,349.0,345.0,2624.0,1393.0,2127.0,0.0,0.0,0.0,320.0,320.0,319.0
0.0,6105.0,1011.0,961.0,751.0,156.0,0.0,0.0,156.0,321.0,320.0,320.0,335.0,338.0,338.0,2289.0,2034.0,1782.0,0.0,0.0,156.0,321.0,320.0,320.0
0.0,5845.0,1001.0,963.0,197.0,494.0,0.0,0.0,494.0,321.0,321.0,321.0,335.0,333.0,333.0,1954.0,2447.0,1444.0,0.0,0.0,494.0,321.0,321.0,321.0
0.0,5041.0,992.0,964.0,0.0,1154.0,326.0,0.0,828.0,322.0,321.0,321.0,335.0,323.0,334.0,1619.0,2311.0,1111.0,326.0,0.0,828.0,322.0,321.0,321.0
0.0,4049.0,985.0,964.0,156.0,1656.0,656.0,0.0,1000.0,322.0,321.0,321.0,330.0,327.0,328.0,1284.0,1988.0,777.0,656.0,0.0,1000.0,322.0,321.0,321.0
0.0,3220.0,965.0,965.0,494.0,2076.0,976.0,278.0,822.0,322.0,322.0,321.0,320.0,329.0,316.0,954.0,1661.0,605.0,976.0,278.0,822.0,322.0,322.0,321.0
0.0,2749.0,996.0,965.0,1154.0,1918.0,981.0,601.0,336.0,322.0,322.0,321.0,331.0,323.0,342.0,634.0,1332.0,783.0,981.0,601.0,336.0,322.0,322.0,321.0
0.0,2907.0,1019.0,968.0,1656.0,1622.0,674.0,948.0,0.0,323.0,323.0,322.0,344.0,342.0,333.0,629.0,1009.0,1269.0,674.0,948.0,0.0,323.0,323.0,322.0
0.0,3544.0,1044.0,970.0,2076.0,1069.0,59.0,1010.0,0.0,324.0,323.0,323.0,356.0,340.0,348.0,941.0,667.0,1936.0,59.0,1010.0,0.0,324.0,323.0,323.0
0.0,4576.0,1031.0,972.0,1515.0,753.0,0.0,753.0,0.0,324.0,324.0,324.0,337.0,339.0,355.0,1561.0,605.0,2410.0,0.0,753.0,0.0,324.0,324.0,324.0
0.0,5060.0,1013.0,972.0,1888.0,152.0,0.0,152.0,0.0,324.0,324.0,324.0,328.0,347.0,338.0,1802.0,867.0,2391.0,0.0,152.0,0.0,324.0,324.0,324.0
0.0,5935.0,981.0,973.0,782.0,0.0,0.0,0.0,0.0,325.0,324.0,324.0,327.0,331.0,323.0,2414.0,1468.0,2053.0,0.0,0.0,0.0,325.0,324.0,324.0
0.0,5736.0,964.0,974.0,676.0,204.0,0.0,0.0,204.0,325.0,325.0,324.0,327.0,323.0,314.0,2283.0,1723.0,1730.0,0.0,0.0,204.0,325.0,325.0,324.0
0.0,5448.0,1002.0,974.0,653.0,543.0,5.0,0.0,538.0,325.0,325.0,324.0,336.0,332.0,334.0,1956.0,2076.0,1416.0,5.0,0.0,538.0,325.0,325.0,324.0
0.0,5099.0,1052.0,978.0,0.0,1263.0,364.0,0.0,899.0,326.0,326.0,326.0,354.0,347.0,351.0,1620.0,2397.0,1082.0,364.0,0.0,899.0,326.0,326.0,326.0
0.0,4047.0,1049.0,980.0,204.0,1758.0,718.0,0.0,1040.0,327.0,327.0,326.0,349.0,355.0,345.0,1266.0,2050.0,731.0,718.0,0.0,1040.0,327.0,327.0,326.0
0.0,3202.0,1033.0,982.0,543.0,2198.0,1052.0,289.0,857.0,327.0,328.0,327.0,339.0,344.0,350.0,917.0,1695.0,590.0,1052.0,289.0,857.0,327.0,328.0,327.0
0.0,2712.0,1017.0,983.0,1263.0,1957.0,1032.0,624.0,301.0,328.0,328.0,327.0,339.0,335.0,343.0,583.0,1351.0,778.0,1032.0,624.0,301.0,328.0,328.0,327.0
0.0,2958.0,984.0,983.0,1758.0,1591.0,643.0,948.0,0.0,328.0,328.0,327.0,329.0,324.0,331.0,608.0,1016.0,1334.0,643.0,948.0,0.0,328.0,328.0,327.0
0.0,3732.0,997.0,984.0,2198.0,995.0,0.0,995.0,0.0,328.0,328.0,328.0,326.0,336.0,335.0,997.0,692.0,2043.0,0.0,995.0,0.0,328.0,328.0,328.0
0.0,4933.0,1023.0,985.0,1922.0,725.0,0.0,725.0,0.0,328.0,329.0,328.0,334.0,349.0,340.0,1723.0,645.0,2565.0,0.0,725.0,0.0,328.0,329.0,328.0
0.0,5832.0,1061.0,988.0,1626.0,130.0,0.0,130.0,0.0,329.0,330.0,329.0,358.0,348.0,355.0,2421.0,920.0,2491.0,0.0,130.0,0.0,329.0,330.0,329.0
0.0,6397.0,1056.0,990.0,995.0,0.0,0.0,0.0,0.0,330.0,330.0,330.0,356.0,349.0,351.0,2706.0,1520.0,2171.0,0.0,0.0,0.0,330.0,330.0,330.0
0.0,6336.0,1020.0,993.0,725.0,181.0,0.0,0.0,181.0,331.0,331.0,331.0,334.0,340.0,346.0,2350.0,2166.0,1820.0,0.0,0.0,181.0,331.0,331.0,331.0
0.0,6041.0,1023.0,993.0,130.0,517.0,0.0,0.0,517.0,331.0,331.0,331.0,338.0,349.0,336.0,2016.0,2551.0,1474.0,0.0,0.0,517.0,331.0,331.0,331.0
0.0,5148.0,998.0,993.0,0.0,1153.0,309.0,0.0,844.0,331.0,331.0,331.0,332.0,339.0,327.0,1678.0,2332.0,1138.0,309.0,0.0,844.0,331.0,331.0,331.0
0.0,4150.0,991.0,993.0,181.0,1633.0,635.0,0.0,998.0,331.0,331.0,331.0,326.0,330.0,335.0,1346.0,1993.0,811.0,635.0,0.0,998.0,331.0,331.0,331.0
0.0,3340.0,1002.0,995.0,517.0,2120.0,966.0,331.0,823.0,331.0,332.0,332.0,331.0,334.0,337.0,1020.0,1663.0,657.0,966.0,331.0,823.0,331.0,332.0,332.0
0.0,2855.0,1054.0,996.0,1153.0,2026.0,1012.0,681.0,333.0,332.0,332.0,332.0,350.0,350.0,354.0,689.0,1329.0,837.0,1012.0,681.0,333.0,332.0,332.0,332.0
0.0,2954.0,1062.0,999.0,1633.0,1779.0,738.0,1041.0,0.0,333.0,333.0,333.0,356.0,355.0,351.0,648.0,979.0,1327.0,738.0,1041.0,0.0,333.0,333.0,333.0
0.0,3525.0,1050.0,1000.0,2120.0,1190.0,117.0,1073.0,0.0,333.0,334.0,333.0,345.0,358.0,347.0,927.0,624.0,1974.0,117.0,1073.0,0.0,333.0,334.0,333.0
0.0,4595.0,1021.0,1001.0,1683.0,730.0,0.0,730.0,0.0,334.0,334.0,333.0,350.0,338.0,333.0,1548.0,597.0,2450.0,0.0,730.0,0.0,334.0,334.0,333.0
0.0,5257.0,1001.0,1002.0,1943.0,143.0,0.0,143.0,0.0,334.0,334.0,334.0,337.0,325.0,339.0,1867.0,940.0,2450.0,0.0,143.0,0.0,334.0,334.0,334.0
0.0,6199.0,1022.0,1002.0,656.0,0.0,0.0,0.0,0.0,334.0,334.0,334.0,343.0,338.0,341.0,2561.0,1527.0,2111.0,0.0,0.0,0.0,334.0,334.0,334.0
0.0,5833.0,1047.0,1005.0,1378.0,257.0,0.0,0.0,257.0,335.0,335.0,335.0,348.0,347.0,352.0,2385.0,1678.0,1770.0,0.0,0.0,257.0,335.0,335.0,335.0
0.0,6164.0,1065.0,1008.0,208.0,617.0,0.0,0.0,617.0,336.0,336.0,336.0,356.0,354.0,355.0,2037.0,2709.0,1418.0,0.0,0.0,617.0,336.0,336.0,336.0
0.0,5307.0,1086.0,1008.0,0.0,1342.0,366.0,0.0,976.0,336.0,336.0,336.0,367.0,360.0,359.0,1681.0,2563.0,1063.0,366.0,0.0,976.0,336.0,336.0,336.0
0.0,4221.0,1056.0,1011.0,257.0,1799.0,720.0,0.0,1079.0,337.0,337.0,337.0,349.0,352.0,355.0,1314.0,2203.0,704.0,720.0,0.0,1079.0,337.0,337.0,337.0
0.0,3422.0,1026.0,1011.0,617.0,2042.0,1063.0,176.0,803.0,337.0,337.0,337.0,343.0,342.0,341.0,965.0,1851.0,606.0,1063.0,176.0,803.0,337.0,337.0,337.0
0.0,3013.0,1018.0,1011.0,1342.0,1718.0,1038.0,518.0,162.0,337.0,337.0,337.0,341.0,342.0,335.0,622.0,1509.0,882.0,1038.0,518.0,162.0,337.0,337.0,337.0
0.0,3337.0,1029.0,1012.0,1799.0,1523.0,663.0,860.0,0.0,338.0,337.0,337.0,340.0,342.0,347.0,647.0,1167.0,1523.0,663.0,860.0,0.0,338.0,337.0,337.0
0.0,4107.0,1057.0,1013.0,2042.0,1027.0,0.0,1027.0,0.0,338.0,337.0,338.0,357.0,343.0,357.0,1027.0,825.0,2255.0,0.0,1027.0,0.0,338.0,337.0,338.0
0.0,5092.0,1061.0,1016.0,1718.0,869.0,0.0,869.0,0.0,339.0,338.0,339.0,357.0,355.0,349.0,1733.0,658.0,2701.0,0.0,869.0,0.0,339.0,338.0,339.0
0.0,5749.0,1089.0,1018.0,1523.0,381.0,0.0,381.0,0.0,340.0,339.0,339.0,364.0,367.0,358.0,2414.0,821.0,2514.0,0.0,381.0,0.0,340.0,339.0,339.0
0.0,6183.0,1074.0,1021.0,1027.0,0.0,0.0,0.0,0.0,341.0,340.0,340.0,358.0,363.0,353.0,2713.0,1314.0,2156.0,0.0,0.0,0.0,341.0,340.0,340.0
0.0,6136.0,1044.0,1021.0,869.0,244.0,0.0,0.0,244.0,341.0,340.0,340.0,350.0,347.0,347.0,2355.0,1978.0,1803.0,0.0,0.0,244.0,341.0,340.0,340.0
0.0,5961.0,1045.0,1022.0,381.0,652.0,48.0,0.0,604.0,341.0,340.0,341.0,348.0,342.0,355.0,2005.0,2500.0,1456.0,48.0,0.0,604.0,341.0,340.0,341.0
0.0,5297.0,1038.0,1023.0,0.0,1346.0,389.0,0.0,957.0,341.0,341.0,341.0,341.0,344.0,353.0,1657.0,2539.0,1101.0,389.0,0.0,957.0,341.0,341.0,341.0
0.0,4259.0,1069.0,1025.0,244.0,1828.0,758.0,0.0,1070.0,342.0,341.0,342.0,364.0,353.0,352.0,1316.0,2195.0,748.0,758.0,0.0,1070.0,342.0,341.0,342.0
0.0,3434.0,1081.0,1027.0,652.0,2130.0,1078.0,228.0,824.0,343.0,342.0,342.0,363.0,360.0,358.0,952.0,1842.0,640.0,1078.0,228.0,824.0,343.0,342.0,342.0
0.0,3005.0,1077.0,1029.0,1346.0,1871.0,1046.0,598.0,227.0,343.0,343.0,343.0,357.0,365.0,355.0,637.0,1482.0,886.0,1046.0,598.0,227.0,343.0,343.0,343.0
0.0,3274.0,1058.0,1030.0,1828.0,1599.0,645.0,954.0,0.0,344.0,343.0,343.0,352.0,356.0,350.0,669.0,1117.0,1488.0,645.0,954.0,0.0,344.0,343.0,343.0
0.0,4044.0,1067.0,1031.0,2068.0,1071.0,0.0,1071.0,0.0,344.0,343.0,344.0,356.0,345.0,366.0,1075.0,761.0,2208.0,0.0,1071.0,0.0,344.0,343.0,344.0
0.0,5045.0,1055.0,1031.0,1413.0,816.0,0.0,816.0,0.0,344.0,343.0,344.0,353.0,343.0,359.0,1735.0,644.0,2666.0,0.0,816.0,0.0,344.0,343.0,344.0
0.0,5403.0,1054.0,1033.0,2119.0,217.0,0.0,217.0,0.0,344.0,344.0,345.0,350.0,350.0,354.0,1970.0,899.0,2534.0,0.0,217.0,0.0,344.0,344.0,345.0
0.0,6468.0,1064.0,1034.0,1044.0,0.0,0.0,0.0,0.0,345.0,344.0,345.0,355.0,356.0,353.0,2785.0,1503.0,2180.0,0.0,0.0,0.0,345.0,344.0,345.0
0.0,6448.0,1081.0,1037.0,843.0,257.0,0.0,0.0,257.0,346.0,345.0,346.0,367.0,360.0,354.0,2430.0,2191.0,1827.0,0.0,0.0,257.0,346.0,345.0,346.0
0.0,6210.0,1090.0,1038.0,217.0,647.0,26.0,0.0,621.0,346.0,346.0,346.0,359.0,367.0,364.0,2063.0,2674.0,1473.0,26.0,0.0,621.0,346.0,346.0,346.0
0.0,5337.0,1072.0,1040.0,0.0,1372.0,386.0,0.0,986.0,347.0,346.0,347.0,355.0,357.0,360.0,1704.0,2524.0,1109.0,386.0,0.0,986.0,347.0,346.0,347.0
0.0,4265.0,1084.0,1041.0,257.0,1839.0,755.0,0.0,1084.0,347.0,347.0,347.0,369.0,360.0,355.0,1349.0,2167.0,749.0,755.0,0.0,1084.0,347.0,347.0,347.0
0.0,3438.0,1080.0,1041.0,647.0,2200.0,1089.0,286.0,825.0,347.0,347.0,347.0,360.0,358.0,362.0,980.0,1807.0,651.0,1089.0,286.0,825.0,347.0,347.0,347.0
0.0,3005.0,1042.0,1041.0,1372.0,1870.0,1048.0,632.0,190.0,347.0,347.0,347.0,345.0,346.0,351.0,646.0,1449.0,910.0,1048.0,632.0,190.0,347.0,347.0,347.0
0.0,3335.0,1057.0,1043.0,1839.0,1633.0,650.0,983.0,0.0,348.0,347.0,348.0,352.0,351.0,354.0,687.0,1103.0,1545.0,650.0,983.0,0.0,348.0,347.0,348.0
0.0,4117.0,1116.0,1046.0,2200.0,1081.0,0.0,1081.0,0.0,349.0,348.0,349.0,368.0,379.0,369.0,1090.0,752.0,2275.0,0.0,1081.0,0.0,349.0,348.0,349.0
0.0,5201.0,1114.0,1049.0,1870.0,829.0,0.0,829.0,0.0,350.0,349.0,350.0,370.0,375.0,369.0,1811.0,659.0,2731.0,0.0,829.0,0.0,350.0,349.0,350.0
0.0,5957.0,1102.0,1050.0,1633.0,220.0,0.0,220.0,0.0,350.0,350.0,350.0,363.0,369.0,370.0,2489.0,916.0,2552.0,0.0,220.0,0.0,350.0,350.0,350.0
0.0,6488.0,1080.0,1051.0,1081.0,0.0,0.0,0.0,0.0,350.0,350.0,351.0,361.0,355.0,364.0,2776.0,1530.0,2182.0,0.0,0.0,0.0,350.0,350.0,351.0
0.0,6489.0,1069.0,1051.0,829.0,302.0,0.0,0.0,302.0,350.0,350.0,351.0,352.0,352.0,365.0,2415.0,2256.0,1818.0,0.0,0.0,302.0,350.0,350.0,351.0
0.0,6249.0,1061.0,1052.0,220.0,701.0,52.0,0.0,649.0,351.0,350.0,351.0,360.0,354.0,347.0,2063.0,2733.0,1453.0,52.0,0.0,649.0,351.0,350.0,351.0
0.0,5408.0,1098.0,1053.0,0.0,1430.0,420.0,0.0,1010.0,351.0,351.0,351.0,368.0,369.0,361.0,1703.0,2599.0,1106.0,420.0,0.0,1010.0,351.0,351.0,351.0
0.0,4310.0,1111.0,1056.0,302.0,1883.0,800.0,0.0,1083.0,352.0,352.0,352.0,375.0,366.0,370.0,1335.0,2230.0,745.0,800.0,0.0,1083.0,352.0,352.0,352.0
0.0,3501.0,1105.0,1058.0,701.0,2193.0,1124.0,261.0,808.0,353.0,352.0,353.0,371.0,365.0,369.0,960.0,1864.0,677.0,1124.0,261.0,808.0,353.0,352.0,353.0
0.0,3097.0,1105.0,1060.0,1430.0,1878.0,1071.0,634.0,173.0,354.0,353.0,353.0,362.0,368.0,375.0,641.0,1499.0,957.0,1071.0,634.0,173.0,354.0,353.0,353.0
0.0,3422.0,1080.0,1060.0,1883.0,1611.0,616.0,995.0,0.0,353.0,353.0,354.0,350.0,361.0,369.0,699.0,1131.0,1592.0,616.0,995.0,0.0,353.0,353.0,354.0
0.0,4225.0,1088.0,1060.0,2193.0,1104.0,0.0,1104.0,0.0,353.0,353.0,354.0,359.0,370.0,359.0,1149.0,770.0,2306.0,0.0,1104.0,0.0,353.0,353.0,354.0
0.0,5330.0,1073.0,1062.0,1283.0,834.0,0.0,834.0,0.0,354.0,354.0,354.0,352.0,359.0,362.0,1914.0,661.0,2755.0,0.0,834.0,0.0,354.0,354.0,354.0
0.0,5540.0,1085.0,1063.0,2206.0,202.0,0.0,202.0,0.0,354.0,354.0,355.0,360.0,363.0,362.0,2038.0,936.0,2566.0,0.0,202.0,0.0,354.0,354.0,355.0
0.0,6661.0,1122.0,1065.0,705.0,0.0,0.0,0.0,0.0,355.0,355.0,355.0,377.0,375.0,370.0,2889.0,1568.0,2204.0,0.0,0.0,0.0,355.0,355.0,355.0
0.0,6244.0,1143.0,1067.0,715.0,332.0,0.0,0.0,332.0,356.0,355.0,356.0,381.0,376.0,386.0,2512.0,1898.0,1834.0,0.0,0.0,332.0,356.0,355.0,356.0
0.0,5816.0,1105.0,1070.0,720.0,728.0,19.0,0.0,709.0,357.0,356.0,357.0,365.0,368.0,372.0,2131.0,2237.0,1448.0,19.0,0.0,709.0,357.0,356.0,357.0
0.0,5431.0,1076.0,1070.0,0.0,1450.0,379.0,0.0,1071.0,357.0,356.0,357.0,360.0,354.0,362.0,1766.0,2589.0,1076.0,379.0,0.0,1071.0,357.0,356.0,357.0
0.0,4355.0,1086.0,1070.0,332.0,1847.0,746.0,0.0,1101.0,357.0,356.0,357.0,367.0,357.0,362.0,1406.0,2235.0,714.0,746.0,0.0,1101.0,357.0,356.0,357.0
0.0,3601.0,1088.0,1072.0,728.0,2119.0,1095.0,270.0,754.0,358.0,356.0,358.0,363.0,368.0,357.0,1039.0,1878.0,684.0,1095.0,270.0,754.0,358.0,356.0,358.0
0.0,3241.0,1101.0,1073.0,1450.0,1775.0,1081.0,645.0,49.0,358.0,357.0,358.0,365.0,370.0,366.0,695.0,1510.0,1036.0,1081.0,645.0,49.0,358.0,357.0,358.0
0.0,3590.0,1155.0,1076.0,1847.0,1765.0,729.0,1036.0,0.0,359.0,358.0,359.0,389.0,386.0,380.0,709.0,1140.0,1741.0,729.0,1036.0,0.0,359.0,358.0,359.0
0.0,4282.0,1131.0,1078.0,2119.0,1157.0,9.0,1148.0,0.0,359.0,359.0,360.0,375.0,377.0,379.0,1066.0,754.0,2462.0,9.0,1148.0,0.0,359.0,359.0,360.0
0.0,5270.0,1122.0,1080.0,1775.0,889.0,0.0,889.0,0.0,360.0,360.0,360.0,372.0,381.0,369.0,1786.0,647.0,2837.0,0.0,889.0,0.0,360.0,360.0,360.0
0.0,5923.0,1104.0,1080.0,1765.0,220.0,0.0,220.0,0.0,360.0,360.0,360.0,368.0,367.0,369.0,2495.0,911.0,2517.0,0.0,220.0,0.0,360.0,360.0,360.0
0.0,6584.0,1091.0,1080.0,1157.0,13.0,0.0,0.0,13.0,360.0,360.0,360.0,367.0,363.0,361.0,2856.0,1580.0,2148.0,0.0,0.0,13.0,360.0,360.0,360.0
0.0,6650.0,1089.0,1080.0,889.0,365.0,0.0,0.0,365.0,360.0,360.0,360.0,368.0,369.0,352.0,2498.0,2365.0,1787.0,0.0,0.0,365.0,360.0,360.0,360.0
0.0,6450.0,1133.0,1083.0,220.0,804.0,54.0,0.0,750.0,361.0,361.0,361.0,379.0,374.0,380.0,2130.0,2885.0,1435.0,54.0,0.0,750.0,361.0,361.0,361.0
0.0,5537.0,1135.0,1085.0,13.0,1569.0,448.0,0.0,1121.0,362.0,361.0,362.0,389.0,367.0,379.0,1751.0,2731.0,1055.0,448.0,0.0,1121.0,362.0,361.0,362.0
0.0,4415.0,1141.0,1088.0,365.0,1971.0,818.0,0.0,1153.0,363.0,362.0,363.0,365.0,384.0,392.0,1362.0,2364.0,689.0,818.0,0.0,1153.0,363.0,362.0,363.0
0.0,3639.0,1133.0,1089.0,804.0,2135.0,1140.0,215.0,780.0,363.0,363.0,363.0,376.0,380.0,377.0,997.0,1980.0,662.0,1140.0,215.0,780.0,363.0,363.0,363.0
0.0,3310.0,1106.0,1090.0,1569.0,1677.0,1063.0,584.0,30.0,363.0,363.0,364.0,371.0,369.0,366.0,675.0,1600.0,1035.0,1063.0,584.0,30.0,363.0,363.0,364.0
0.0,3773.0,1100.0,1090.0,1971.0,1560.0,615.0,945.0,0.0,363.0,363.0,364.0,370.0,361.0,369.0,752.0,1231.0,1790.0,615.0,945.0,0.0,363.0,363.0,364.0
0.0,4644.0,1110.0,1090.0,2062.0,1101.0,0.0,1101.0,0.0,363.0,363.0,364.0,364.0,371.0,375.0,1200.0,870.0,2574.0,0.0,1101.0,0.0,363.0,363.0,364.0
0.0,5596.0,1143.0,1093.0,1240.0,905.0,0.0,905.0,0.0,364.0,364.0,365.0,378.0,383.0,382.0,1903.0,714.0,2979.0,0.0,905.0,0.0,364.0,364.0,365.0
0.0,5693.0,1172.0,1096.0,2070.0,356.0,0.0,356.0,0.0,365.0,365.0,366.0,390.0,391.0,391.0,2151.0,915.0,2627.0,0.0,356.0,0.0,365.0,365.0,366.0
0.0,6591.0,1163.0,1098.0,928.0,0.0,0.0,0.0,0.0,366.0,366.0,366.0,383.0,392.0,388.0,2886.0,1469.0,2236.0,0.0,0.0,0.0,366.0,366.0,366.0
0.0,6356.0,1132.0,1099.0,1008.0,368.0,0.0,0.0,368.0,366.0,366.0,367.0,376.0,375.0,381.0,2503.0,2005.0,1848.0,0.0,0.0,368.0,366.0,366.0,367.0
0.0,6232.0,1136.0,1099.0,426.0,838.0,89.0,0.0,749.0,366.0,366.0,367.0,386.0,369.0,381.0,2127.0,2638.0,1467.0,89.0,0.0,749.0,366.0,366.0,367.0
0.0,5522.0,1101.0,1099.0,0.0,1570.0,456.0,0.0,1114.0,366.0,366.0,367.0,367.0,369.0,365.0,1741.0,2695.0,1086.0,456.0,0.0,1114.0,366.0,366.0,367.0
0.0,4421.0,1134.0,1102.0,368.0,1965.0,835.0,0.0,1130.0,367.0,367.0,368.0,374.0,381.0,379.0,1374.0,2326.0,721.0,835.0,0.0,1130.0,367.0,367.0,368.0
0.0,3655.0,1145.0,1103.0,838.0,2167.0,1126.0,280.0,761.0,367.0,368.0,368.0,380.0,385.0,380.0,1000.0,1945.0,710.0,1126.0,280.0,761.0,367.0,368.0,368.0
0.0,3348.0,1160.0,1105.0,1570.0,1767.0,1063.0,668.0,36.0,368.0,368.0,369.0,388.0,388.0,384.0,709.0,1560.0,1079.0,1063.0,668.0,36.0,368.0,368.0,369.0
0.0,3758.0,1164.0,1107.0,1965.0,1682.0,621.0,1061.0,0.0,369.0,369.0,369.0,388.0,388.0,388.0,777.0,1172.0,1809.0,621.0,1061.0,0.0,369.0,369.0,369.0
0.0,4559.0,1148.0,1109.0,2167.0,1173.0,0.0,1173.0,0.0,369.0,370.0,370.0,376.0,387.0,385.0,1224.0,784.0,2551.0,0.0,1173.0,0.0,369.0,370.0,370.0
0.0,5578.0,1143.0,1109.0,1767.0,891.0,0.0,891.0,0.0,369.0,370.0,370.0,385.0,386.0,372.0,1974.0,677.0,2927.0,0.0,891.0,0.0,369.0,370.0,370.0
0.0,6202.0,1122.0,1111.0,1682.0,200.0,0.0,200.0,0.0,370.0,370.0,371.0,377.0,370.0,375.0,2652.0,959.0,2591.0,0.0,200.0,0.0,370.0,370.0,371.0
0.0,6762.0,1113.0,1112.0,1173.0,14.0,0.0,0.0,14.0,370.0,371.0,371.0,368.0,370.0,375.0,2896.0,1650.0,2216.0,0.0,0.0,14.0,370.0,371.0,371.0
0.0,6822.0,1144.0,1112.0,891.0,394.0,0.0,0.0,394.0,370.0,371.0,371.0,380.0,384.0,380.0,2528.0,2453.0,1841.0,0.0,0.0,394.0,370.0,371.0,371.0
0.0,6569.0,1187.0,1115.0,200.0,892.0,104.0,0.0,788.0,371.0,372.0,372.0,397.0,401.0,389.0,2148.0,2960.0,1461.0,104.0,0.0,788.0,371.0,372.0,372.0
0.0,5582.0,1185.0,1118.0,14.0,1673.0,504.0,0.0,1169.0,372.0,373.0,373.0,395.0,400.0,390.0,1751.0,2759.0,1072.0,504.0,0.0,1169.0,372.0,373.0,373.0
0.0,4411.0,1168.0,1120.0,394.0,2063.0,893.0,0.0,1170.0,373.0,374.0,373.0,384.0,389.0,395.0,1356.0,2359.0,696.0,893.0,0.0,1170.0,373.0,374.0,373.0
0.0,3637.0,1145.0,1121.0,892.0,2221.0,1177.0,276.0,768.0,373.0,374.0,374.0,388.0,376.0,381.0,972.0,1970.0,695.0,1177.0,276.0,768.0,373.0,374.0,374.0
0.0,3384.0,1134.0,1121.0,1673.0,1703.0,1051.0,652.0,0.0,373.0,374.0,374.0,378.0,376.0,380.0,688.0,1594.0,1102.0,1051.0,652.0,0.0,373.0,374.0,374.0
0.0,3923.0,1121.0,1121.0,2063.0,1553.0,532.0,1021.0,0.0,373.0,374.0,374.0,374.0,369.0,378.0,814.0,1218.0,1891.0,532.0,1021.0,0.0,373.0,374.0,374.0
0.0,4865.0,1169.0,1122.0,2077.0,1139.0,0.0,1139.0,0.0,374.0,374.0,374.0,385.0,394.0,390.0,1333.0,849.0,2683.0,0.0,1139.0,0.0,374.0,374.0,374.0
0.0,5773.0,1181.0,1125.0,1286.0,888.0,0.0,888.0,0.0,375.0,375.0,375.0,400.0,396.0,385.0,1981.0,731.0,3061.0,0.0,888.0,0.0,375.0,375.0,375.0
0.0,5878.0,1166.0,1127.0,2114.0,260.0,0.0,260.0,0.0,375.0,376.0,376.0,388.0,388.0,390.0,2215.0,987.0,2676.0,0.0,260.0,0.0,375.0,376.0,376.0
0.0,6826.0,1176.0,1128.0,796.0,0.0,0.0,0.0,0.0,376.0,376.0,376.0,392.0,392.0,392.0,2920.0,1620.0,2286.0,0.0,0.0,0.0,376.0,376.0,376.0
0.0,6446.0,1157.0,1130.0,1086.0,379.0,0.0,0.0,379.0,376.0,377.0,377.0,384.0,385.0,388.0,2528.0,2024.0,1894.0,0.0,0.0,379.0,376.0,377.0,377.0
0.0,6375.0,1157.0,1130.0,405.0,890.0,122.0,0.0,768.0,376.0,377.0,377.0,386.0,382.0,389.0,2144.0,2725.0,1506.0,122.0,0.0,768.0,376.0,377.0,377.0
0.0,5623.0,1154.0,1130.0,0.0,1653.0,501.0,0.0,1152.0,376.0,377.0,377.0,379.0,391.0,384.0,1758.0,2748.0,1117.0,501.0,0.0,1152.0,376.0,377.0,377.0
0.0,4469.0,1163.0,1132.0,379.0,2055.0,898.0,0.0,1157.0,377.0,378.0,377.0,392.0,387.0,384.0,1379.0,2357.0,733.0,898.0,0.0,1157.0,377.0,378.0,377.0
0.0,3685.0,1177.0,1134.0,890.0,2272.0,1175.0,308.0,789.0,378.0,378.0,378.0,394.0,388.0,395.0,987.0,1970.0,728.0,1175.0,308.0,789.0,378.0,378.0,378.0
0.0,3398.0,1217.0,1137.0,1653.0,1851.0,1082.0,726.0,43.0,379.0,379.0,379.0,403.0,413.0,401.0,715.0,1582.0,1101.0,1082.0,726.0,43.0,379.0,379.0,379.0
0.0,3834.0,1181.0,1139.0,2055.0,1700.0,569.0,1131.0,0.0,379.0,380.0,380.0,385.0,400.0,396.0,813.0,1169.0,1852.0,569.0,1131.0,0.0,379.0,380.0,380.0
0.0,4708.0,1188.0,1140.0,2272.0,1212.0,0.0,1212.0,0.0,380.0,380.0,380.0,393.0,389.0,406.0,1326.0,769.0,2613.0,0.0,1212.0,0.0,380.0,380.0,380.0
0.0,5792.0,1159.0,1140.0,1851.0,868.0,0.0,868.0,0.0,380.0,380.0,380.0,386.0,382.0,391.0,2108.0,688.0,2996.0,0.0,868.0,0.0,380.0,380.0,380.0
0.0,6484.0,1158.0,1142.0,1700.0,130.0,0.0,130.0,0.0,380.0,381.0,381.0,388.0,388.0,382.0,2804.0,1032.0,2648.0,0.0,130.0,0.0,380.0,381.0,381.0
0.0,7026.0,1179.0,1144.0,1212.0,24.0,0.0,0.0,24.0,381.0,382.0,381.0,395.0,399.0,385.0,2985.0,1775.0,2266.0,0.0,0.0,24.0,381.0,382.0,381.0
0.0,7059.0,1204.0,1146.0,868.0,436.0,0.0,0.0,436.0,382.0,382.0,382.0,405.0,392.0,407.0,2590.0,2588.0,1881.0,0.0,0.0,436.0,382.0,382.0,382.0
0.0,6723.0,1221.0,1148.0,130.0,982.0,124.0,0.0,858.0,382.0,383.0,383.0,399.0,405.0,417.0,2185.0,3064.0,1474.0,124.0,0.0,858.0,382.0,383.0,383.0
0.0,5632.0,1191.0,1151.0,24.0,1766.0,523.0,0.0,1243.0,383.0,384.0,384.0,394.0,393.0,404.0,1786.0,2789.0,1057.0,523.0,0.0,1243.0,383.0,384.0,384.0
0.0,4465.0,1171.0,1151.0,436.0,2112.0,916.0,0.0,1196.0,383.0,384.0,384.0,393.0,389.0,389.0,1392.0,2396.0,677.0,916.0,0.0,1196.0,383.0,384.0,384.0
0.0,3730.0,1180.0,1151.0,982.0,2223.0,1188.0,306.0,729.0,383.0,384.0,384.0,396.0,393.0,391.0,999.0,2007.0,724.0,1188.0,306.0,729.0,383.0,384.0,384.0
0.0,3532.0,1163.0,1152.0,1766.0,1758.0,1058.0,700.0,0.0,384.0,384.0,384.0,388.0,394.0,381.0,727.0,1614.0,1191.0,1058.0,700.0,0.0,384.0,384.0,384.0
0.0,4135.0,1192.0,1154.0,2112.0,1636.0,535.0,1101.0,0.0,384.0,385.0,385.0,393.0,396.0,403.0,862.0,1220.0,2053.0,535.0,1101.0,0.0,384.0,385.0,385.0
0.0,5055.0,1221.0,1156.0,2118.0,1190.0,0.0,1190.0,0.0,385.0,385.0,386.0,420.0,395.0,406.0,1385.0,824.0,2846.0,0.0,1190.0,0.0,385.0,385.0,386.0
0.0,5952.0,1220.0,1159.0,1439.0,904.0,0.0,904.0,0.0,386.0,386.0,387.0,402.0,409.0,409.0,2048.0,735.0,3169.0,0.0,904.0,0.0,386.0,386.0,387.0
0.0,6171.0,1206.0,1160.0,2060.0,213.0,0.0,213.0,0.0,386.0,387.0,387.0,394.0,405.0,407.0,2385.0,1026.0,2760.0,0.0,213.0,0.0,386.0,387.0,387.0
0.0,7025.0,1196.0,1161.0,796.0,0.0,0.0,0.0,0.0,386.0,387.0,388.0,404.0,397.0,395.0,2950.0,1722.0,2353.0,0.0,0.0,0.0,386.0,387.0,388.0
0.0,6625.0,1164.0,1161.0,1260.0,353.0,0.0,0.0,353.0,387.0,387.0,387.0,394.0,394.0,376.0,2546.0,2121.0,1958.0,0.0,0.0,353.0,387.0,387.0,387.0
0.0,6721.0,1165.0,1163.0,251.0,915.0,168.0,0.0,747.0,387.0,388.0,388.0,385.0,391.0,389.0,2152.0,2987.0,1582.0,168.0,0.0,747.0,387.0,388.0,388.0
0.0,5807.0,1202.0,1164.0,0.0,1720.0,574.0,0.0,1146.0,388.0,388.0,388.0,401.0,402.0,399.0,1767.0,2847.0,1193.0,574.0,0.0,1146.0,388.0,388.0,388.0
0.0,4605.0,1228.0,1167.0,353.0,2198.0,994.0,0.0,1204.0,389.0,389.0,389.0,415.0,407.0,406.0,1366.0,2445.0,794.0,994.0,0.0,1204.0,389.0,389.0,389.0
0.0,3730.0,1225.0,1170.0,915.0,2430.0,1241.0,317.0,872.0,390.0,390.0,390.0,410.0,405.0,410.0,951.0,2038.0,741.0,1241.0,317.0,872.0,390.0,390.0,390.0
0.0,3420.0,1186.0,1170.0,1720.0,1896.0,1061.0,712.0,123.0,390.0,390.0,390.0,394.0,395.0,397.0,709.0,1633.0,1078.0,1061.0,712.0,123.0,390.0,390.0,390.0
0.0,3954.0,1202.0,1170.0,2198.0,1585.0,480.0,1105.0,0.0,390.0,390.0,390.0,413.0,393.0,396.0,889.0,1238.0,1827.0,480.0,1105.0,0.0,390.0,390.0,390.0
0.0,4950.0,1191.0,1171.0,2430.0,1192.0,0.0,1192.0,0.0,391.0,390.0,390.0,401.0,404.0,386.0,1470.0,845.0,2635.0,0.0,1192.0,0.0,391.0,390.0,390.0
0.0,6189.0,1184.0,1172.0,1896.0,883.0,0.0,883.0,0.0,391.0,391.0,390.0,388.0,398.0,398.0,2310.0,758.0,3121.0,0.0,883.0,0.0,391.0,391.0,390.0
0.0,6901.0,1213.0,1173.0,1585.0,184.0,0.0,184.0,0.0,391.0,391.0,391.0,401.0,406.0,406.0,2983.0,1072.0,2846.0,0.0,184.0,0.0,391.0,391.0,391.0
0.0,7273.0,1232.0,1176.0,1192.0,0.0,0.0,0.0,0.0,392.0,392.0,392.0,409.0,405.0,418.0,3062.0,1771.0,2440.0,0.0,0.0,0.0,392.0,392.0,392.0
0.0,7233.0,1236.0,1179.0,883.0,356.0,0.0,0.0,356.0,393.0,393.0,393.0,411.0,412.0,413.0,2653.0,2558.0,2022.0,0.0,0.0,356.0,393.0,393.0,393.0
0.0,6880.0,1219.0,1179.0,184.0,882.0,125.0,0.0,757.0,393.0,393.0,393.0,402.0,416.0,401.0,2242.0,3029.0,1609.0,125.0,0.0,757.0,393.0,393.0,393.0
0.0,5845.0,1217.0,1180.0,0.0,1693.0,527.0,0.0,1166.0,393.0,394.0,393.0,402.0,406.0,409.0,1840.0,2797.0,1208.0,527.0,0.0,1166.0,393.0,394.0,393.0
0.0,4628.0,1204.0,1182.0,356.0,2147.0,938.0,0.0,1209.0,394.0,394.0,394.0,406.0,404.0,394.0,1438.0,2391.0,799.0,938.0,0.0,1209.0,394.0,394.0,394.0
0.0,3780.0,1201.0,1182.0,882.0,2449.0,1210.0,393.0,846.0,394.0,394.0,394.0,397.0,410.0,394.0,1032.0,1987.0,761.0,1210.0,393.0,846.0,394.0,394.0,394.0
0.0,3461.0,1204.0,1183.0,1693.0,1965.0,1089.0,791.0,85.0,394.0,395.0,394.0,406.0,393.0,405.0,760.0,1577.0,1124.0,1089.0,791.0,85.0,394.0,395.0,394.0
0.0,3950.0,1262.0,1186.0,2147.0,1795.0,581.0,1214.0,0.0,395.0,396.0,395.0,425.0,418.0,419.0,881.0,1184.0,1885.0,581.0,1214.0,0.0,395.0,396.0,395.0
0.0,4835.0,1259.0,1188.0,2124.0,1241.0,0.0,1241.0,0.0,396.0,396.0,396.0,420.0,420.0,419.0,1394.0,766.0,2675.0,0.0,1241.0,0.0,396.0,396.0,396.0
0.0,5700.0,1212.0,1190.0,1918.0,866.0,0.0,866.0,0.0,397.0,397.0,396.0,402.0,411.0,399.0,2083.0,739.0,2878.0,0.0,866.0,0.0,397.0,397.0,396.0
0.0,6406.0,1220.0,1191.0,2167.0,55.0,0.0,55.0,0.0,397.0,397.0,397.0,407.0,403.0,410.0,2499.0,1119.0,2788.0,0.0,55.0,0.0,397.0,397.0,397.0
0.0,7353.0,1211.0,1191.0,875.0,16.0,0.0,0.0,16.0,397.0,397.0,397.0,407.0,395.0,409.0,3045.0,1930.0,2378.0,0.0,0.0,16.0,397.0,397.0,397.0
0.0,7017.0,1243.0,1194.0,1232.0,445.0,0.0,0.0,445.0,398.0,398.0,398.0,400.0,419.0,424.0,2638.0,2410.0,1969.0,0.0,0.0,445.0,398.0,398.0,398.0
0.0,7006.0,1243.0,1195.0,55.0,1033.0,162.0,0.0,871.0,398.0,398.0,399.0,410.0,412.0,421.0,2238.0,3223.0,1545.0,162.0,0.0,871.0,398.0,398.0,399.0
0.0,5818.0,1272.0,1197.0,16.0,1874.0,596.0,0.0,1278.0,399.0,399.0,399.0,429.0,420.0,423.0,1828.0,2866.0,1124.0,596.0,0.0,1278.0,399.0,399.0,399.0
0.0,4562.0,1239.0,1200.0,445.0,2266.0,1012.0,0.0,1254.0,400.0,400.0,400.0,411.0,412.0,416.0,1399.0,2446.0,717.0,1012.0,0.0,1254.0,400.0,400.0,400.0
0.0,3768.0,1242.0,1201.0,1033.0,2446.0,1255.0,382.0,809.0,400.0,400.0,401.0,405.0,416.0,421.0,988.0,2034.0,746.0,1255.0,382.0,809.0,400.0,400.0,401.0
0.0,3559.0,1213.0,1202.0,1874.0,1858.0,1062.0,796.0,0.0,400.0,401.0,401.0,403.0,409.0,401.0,745.0,1618.0,1196.0,1062.0,796.0,0.0,400.0,401.0,401.0
0.0,4220.0,1221.0,1202.0,2266.0,1660.0,456.0,1204.0,0.0,400.0,401.0,401.0,406.0,408.0,407.0,938.0,1209.0,2073.0,456.0,1204.0,0.0,400.0,401.0,401.0
0.0,5265.0,1222.0,1204.0,2446.0,1233.0,0.0,1233.0,0.0,401.0,401.0,402.0,397.0,411.0,414.0,1544.0,801.0,2920.0,0.0,1233.0,0.0,401.0,401.0,402.0
0.0,6489.0,1217.0,1205.0,1858.0,848.0,0.0,848.0,0.0,401.0,402.0,402.0,409.0,406.0,402.0,2402.0,772.0,3315.0,0.0,848.0,0.0,401.0,402.0,402.0
0.0,7130.0,1255.0,1206.0,1660.0,66.0,0.0,66.0,0.0,402.0,402.0,402.0,420.0,422.0,413.0,3055.0,1162.0,2913.0,0.0,66.0,0.0,402.0,402.0,402.0
0.0,7535.0,1247.0,1208.0,1233.0,0.0,0.0,0.0,0.0,402.0,403.0,403.0,415.0,417.0,415.0,3091.0,1944.0,2500.0,0.0,0.0,0.0,402.0,403.0,403.0
0.0,7521.0,1252.0,1211.0,848.0,349.0,0.0,0.0,349.0,403.0,404.0,404.0,411.0,427.0,414.0,2676.0,2760.0,2085.0,0.0,0.0,349.0,403.0,404.0,404.0
0.0,7117.0,1248.0,1211.0,66.0,934.0,167.0,0.0,767.0,403.0,404.0,404.0,417.0,413.0,418.0,2265.0,3181.0,1671.0,167.0,0.0,767.0,403.0,404.0,404.0
0.0,5935.0,1235.0,1211.0,0.0,1765.0,579.0,0.0,1186.0,403.0,404.0,404.0,412.0,404.0,419.0,1848.0,2834.0,1253.0,579.0,0.0,1186.0,403.0,404.0,404.0
0.0,4700.0,1223.0,1213.0,349.0,2241.0,985.0,0.0,1256.0,404.0,404.0,405.0,401.0,408.0,414.0,1436.0,2430.0,834.0,985.0,0.0,1256.0,404.0,404.0,405.0
0.0,3826.0,1255.0,1214.0,934.0,2565.0,1235.0,424.0,906.0,404.0,405.0,405.0,417.0,421.0,417.0,1035.0,2022.0,769.0,1235.0,424.0,906.0,404.0,405.0,405.0
0.0,3505.0,1263.0,1216.0,1765.0,2073.0,1086.0,840.0,147.0,405.0,405.0,406.0,425.0,416.0,422.0,785.0,1601.0,1119.0,1086.0,840.0,147.0,405.0,405.0,406.0
0.0,4007.0,1271.0,1218.0,2241.0,1802.0,534.0,1268.0,0.0,406.0,406.0,406.0,428.0,423.0,420.0,939.0,1185.0,1883.0,534.0,1268.0,0.0,406.0,406.0,406.0
0.0,4977.0,1260.0,1219.0,1831.0,1260.0,0.0,1260.0,0.0,406.0,406.0,407.0,419.0,416.0,425.0,1496.0,762.0,2719.0,0.0,1260.0,0.0,406.0,406.0,407.0
0.0,5548.0,1245.0,1221.0,2592.0,835.0,0.0,835.0,0.0,407.0,407.0,407.0,425.0,410.0,410.0,2156.0,770.0,2622.0,0.0,835.0,0.0,407.0,407.0,407.0
0.0,6895.0,1248.0,1221.0,2017.0,0.0,0.0,0.0,0.0,407.0,407.0,407.0,409.0,418.0,421.0,2758.0,1200.0,2937.0,0.0,0.0,0.0,407.0,407.0,407.0
0.0,7664.0,1232.0,1221.0,637.0,0.0,0.0,0.0,0.0,407.0,407.0,407.0,410.0,414.0,408.0,3098.0,2050.0,2516.0,0.0,0.0,0.0,407.0,407.0,407.0
0.0,7069.0,1258.0,1224.0,1212.0,350.0,0.0,0.0,350.0,408.0,408.0,408.0,421.0,419.0,418.0,2688.0,2273.0,2108.0,0.0,0.0,350.0,408.0,408.0,408.0
0.0,7023.0,1271.0,1225.0,246.0,975.0,202.0,0.0,773.0,408.0,409.0,408.0,429.0,419.0,423.0,2267.0,3066.0,1690.0,202.0,0.0,773.0,408.0,409.0,408.0
0.0,5998.0,1292.0,1227.0,0.0,1847.0,635.0,0.0,1212.0,409.0,409.0,409.0,428.0,430.0,434.0,1838.0,2893.0,1267.0,635.0,0.0,1212.0,409.0,409.0,409.0
0.0,4706.0,1257.0,1229.0,350.0,2346.0,1046.0,13.0,1287.0,409.0,410.0,410.0,411.0,426.0,420.0,1410.0,2463.0,833.0,1046.0,13.0,1287.0,409.0,410.0,410.0
0.0,3799.0,1290.0,1230.0,975.0,2666.0,1286.0,439.0,941.0,410.0,410.0,410.0,437.0,426.0,427.0,999.0,2037.0,763.0,1286.0,439.0,941.0,410.0,410.0,410.0
0.0,3484.0,1230.0,1230.0,1847.0,2049.0,1059.0,843.0,147.0,410.0,410.0,410.0,408.0,404.0,418.0,764.0,1611.0,1109.0,1059.0,843.0,147.0,410.0,410.0,410.0
0.0,4101.0,1250.0,1232.0,2346.0,1682.0,429.0,1253.0,0.0,410.0,411.0,411.0,416.0,418.0,416.0,991.0,1207.0,1903.0,429.0,1253.0,0.0,410.0,411.0,411.0
0.0,5197.0,1254.0,1232.0,2666.0,1236.0,0.0,1236.0,0.0,410.0,411.0,411.0,418.0,422.0,414.0,1621.0,802.0,2774.0,0.0,1236.0,0.0,410.0,411.0,411.0
0.0,6609.0,1300.0,1235.0,2049.0,827.0,0.0,827.0,0.0,411.0,412.0,412.0,440.0,429.0,431.0,2489.0,819.0,3301.0,0.0,827.0,0.0,411.0,412.0,412.0
0.0,7358.0,1300.0,1238.0,1682.0,16.0,0.0,16.0,0.0,412.0,413.0,413.0,425.0,437.0,438.0,3108.0,1233.0,3017.0,0.0,16.0,0.0,412.0,413.0,413.0
0.0,7740.0,1271.0,1239.0,1236.0,0.0,0.0,0.0,0.0,413.0,413.0,413.0,424.0,419.0,428.0,3112.0,2049.0,2579.0,0.0,0.0,0.0,413.0,413.0,413.0
0.0,7705.0,1269.0,1240.0,827.0,348.0,0.0,0.0,348.0,413.0,413.0,414.0,426.0,414.0,429.0,2688.0,2866.0,2151.0,0.0,0.0,348.0,413.0,413.0,414.0
0.0,7263.0,1252.0,1240.0,16.0,984.0,227.0,0.0,757.0,413.0,413.0,414.0,424.0,419.0,409.0,2262.0,3279.0,1722.0,227.0,0.0,757.0,413.0,413.0,414.0
0.0,6027.0,1245.0,1241.0,0.0,1811.0,641.0,0.0,1170.0,413.0,414.0,414.0,414.0,418.0,413.0,1838.0,2876.0,1313.0,641.0,0.0,1170.0,413.0,414.0,414.0
0.0,4782.0,1272.0,1242.0,348.0,2352.0,1054.0,37.0,1261.0,413.0,414.0,415.0,413.0,425.0,434.0,1424.0,2458.0,900.0,1054.0,37.0,1261.0,413.0,414.0,415.0
0.0,3858.0,1289.0,1245.0,984.0,2672.0,1266.0,463.0,943.0,414.0,415.0,416.0,434.0,421.0,434.0,1011.0,2033.0,814.0,1266.0,463.0,943.0,414.0,415.0,416.0
0.0,3553.0,1286.0,1247.0,1811.0,2157.0,1062.0,884.0,211.0,415.0,415.0,417.0,432.0,421.0,433.0,804.0,1612.0,1137.0,1062.0,884.0,211.0,415.0,415.0,417.0
0.0,4078.0,1289.0,1248.0,2352.0,1713.0,431.0,1282.0,0.0,415.0,416.0,417.0,423.0,430.0,436.0,1013.0,1191.0,1874.0,431.0,1282.0,0.0,415.0,416.0,417.0
0.0,5141.0,1295.0,1249.0,2107.0,1250.0,0.0,1250.0,0.0,416.0,416.0,417.0,435.0,431.0,429.0,1644.0,798.0,2699.0,0.0,1250.0,0.0,416.0,416.0,417.0
0.0,5953.0,1269.0,1249.0,2555.0,791.0,0.0,791.0,0.0,416.0,416.0,417.0,425.0,425.0,419.0,2241.0,830.0,2882.0,0.0,791.0,0.0,416.0,416.0,417.0
0.0,7239.0,1256.0,1251.0,1813.0,6.0,0.0,6.0,0.0,416.0,417.0,418.0,416.0,425.0,415.0,2945.0,1289.0,3005.0,0.0,6.0,0.0,416.0,417.0,418.0
0.0,7796.0,1281.0,1252.0,1042.0,0.0,0.0,0.0,0.0,417.0,417.0,418.0,423.0,428.0,430.0,3127.0,2079.0,2590.0,0.0,0.0,0.0,417.0,417.0,418.0
0.0,7557.0,1325.0,1255.0,1066.0,371.0,0.0,0.0,371.0,418.0,418.0,419.0,448.0,441.0,436.0,2704.0,2693.0,2160.0,0.0,0.0,371.0,418.0,418.0,419.0
0.0,7298.0,1328.0,1256.0,6.0,1099.0,277.0,0.0,822.0,418.0,418.0,420.0,443.0,439.0,446.0,2256.0,3318.0,1724.0,277.0,0.0,822.0,418.0,418.0,420.0
0.0,5976.0,1304.0,1259.0,0.0,1978.0,714.0,0.0,1264.0,419.0,419.0,421.0,432.0,435.0,437.0,1813.0,2885.0,1278.0,714.0,0.0,1264.0,419.0,419.0,421.0
0.0,4672.0,1291.0,1259.0,371.0,2543.0,1155.0,68.0,1320.0,419.0,419.0,421.0,441.0,423.0,427.0,1381.0,2450.0,841.0,1155.0,68.0,1320.0,419.0,419.0,421.0
0.0,3752.0,1255.0,1259.0,1099.0,2699.0,1299.0,491.0,909.0,419.0,419.0,421.0,421.0,423.0,411.0,940.0,2027.0,785.0,1299.0,491.0,909.0,419.0,419.0,421.0
0.0,3596.0,1277.0,1261.0,1978.0,2008.0,1006.0,928.0,74.0,420.0,420.0,421.0,416.0,432.0,429.0,796.0,1604.0,1196.0,1006.0,928.0,74.0,420.0,420.0,421.0
0.0,4297.0,1296.0,1262.0,2543.0,1573.0,280.0,1293.0,0.0,420.0,420.0,422.0,429.0,433.0,434.0,1094.0,1172.0,2031.0,280.0,1293.0,0.0,420.0,420.0,422.0
0.0,5544.0,1337.0,1264.0,2699.0,1248.0,0.0,1248.0,0.0,421.0,421.0,422.0,451.0,441.0,445.0,1820.0,807.0,2917.0,0.0,1248.0,0.0,421.0,421.0,422.0
0.0,6906.0,1309.0,1265.0,2008.0,751.0,0.0,751.0,0.0,421.0,421.0,423.0,433.0,431.0,445.0,2668.0,857.0,3381.0,0.0,751.0,0.0,421.0,421.0,423.0
0.0,7605.0,1317.0,1267.0,1573.0,0.0,0.0,0.0,0.0,422.0,422.0,423.0,447.0,432.0,438.0,3241.0,1354.0,3010.0,0.0,0.0,0.0,422.0,422.0,423.0
0.0,7861.0,1288.0,1267.0,1248.0,0.0,0.0,0.0,0.0,422.0,422.0,423.0,430.0,429.0,429.0,3074.0,2215.0,2572.0,0.0,0.0,0.0,422.0,422.0,423.0
0.0,7821.0,1278.0,1268.0,751.0,391.0,0.0,0.0,391.0,423.0,422.0,423.0,431.0,428.0,419.0,2644.0,3034.0,2143.0,0.0,0.0,391.0,423.0,422.0,423.0
0.0,7294.0,1276.0,1268.0,0.0,1143.0,326.0,0.0,817.0,423.0,422.0,423.0,424.0,426.0,426.0,2213.0,3357.0,1724.0,326.0,0.0,817.0,423.0,422.0,423.0
0.0,6018.0,1303.0,1271.0,0.0,2026.0,766.0,0.0,1260.0,424.0,423.0,424.0,435.0,430.0,438.0,1789.0,2931.0,1298.0,766.0,0.0,1260.0,424.0,423.0,424.0
0.0,4715.0,1339.0,1272.0,391.0,2593.0,1219.0,57.0,1317.0,424.0,423.0,425.0,453.0,443.0,443.0,1354.0,2501.0,860.0,1219.0,57.0,1317.0,424.0,423.0,425.0
0.0,3767.0,1333.0,1274.0,1143.0,2793.0,1332.0,517.0,944.0,425.0,424.0,425.0,434.0,455.0,444.0,901.0,2058.0,808.0,1332.0,517.0,944.0,425.0,424.0,425.0
0.0,3577.0,1331.0,1277.0,2026.0,2113.0,1015.0,968.0,130.0,426.0,425.0,426.0,444.0,446.0,441.0,793.0,1603.0,1181.0,1015.0,968.0,130.0,426.0,425.0,426.0
0.0,4272.0,1300.0,1277.0,2593.0,1579.0,235.0,1344.0,0.0,426.0,425.0,426.0,439.0,433.0,428.0,1115.0,1157.0,2000.0,235.0,1344.0,0.0,426.0,425.0,426.0
0.0,5565.0,1301.0,1278.0,2115.0,1253.0,0.0,1253.0,0.0,426.0,425.0,427.0,431.0,426.0,444.0,1895.0,781.0,2889.0,0.0,1253.0,0.0,426.0,425.0,427.0
0.0,6379.0,1283.0,1279.0,2690.0,705.0,0.0,705.0,0.0,427.0,425.0,427.0,429.0,420.0,434.0,2261.0,872.0,3246.0,0.0,705.0,0.0,427.0,425.0,427.0
0.0,7786.0,1319.0,1281.0,1567.0,0.0,0.0,0.0,0.0,427.0,426.0,428.0,442.0,444.0,433.0,3281.0,1420.0,3085.0,0.0,0.0,0.0,427.0,426.0,428.0
0.0,8034.0,1341.0,1283.0,716.0,0.0,0.0,0.0,0.0,428.0,427.0,428.0,453.0,449.0,439.0,3175.0,2207.0,2652.0,0.0,0.0,0.0,428.0,427.0,428.0
0.0,7409.0,1329.0,1284.0,1355.0,362.0,0.0,0.0,362.0,429.0,427.0,428.0,451.0,443.0,435.0,2722.0,2474.0,2213.0,0.0,0.0,362.0,429.0,427.0,428.0
0.0,7435.0,1329.0,1287.0,0.0,1137.0,327.0,0.0,810.0,430.0,428.0,429.0,448.0,438.0,443.0,2271.0,3386.0,1778.0,327.0,0.0,810.0,430.0,428.0,429.0
0.0,6106.0,1318.0,1287.0,0.0,2020.0,775.0,0.0,1245.0,430.0,428.0,429.0,448.0,435.0,435.0,1823.0,2948.0,1335.0,775.0,0.0,1245.0,430.0,428.0,429.0
0.0,4788.0,1295.0,1287.0,362.0,2580.0,1207.0,57.0,1316.0,430.0,428.0,429.0,432.0,430.0,433.0,1375.0,2513.0,900.0,1207.0,57.0,1316.0,430.0,428.0,429.0
0.0,3855.0,1318.0,1289.0,1137.0,2771.0,1313.0,502.0,956.0,430.0,429.0,430.0,433.0,440.0,445.0,943.0,2083.0,829.0,1313.0,502.0,956.0,430.0,429.0,430.0
0.0,3674.0,1345.0,1291.0,2020.0,2106.0,988.0,960.0,158.0,431.0,430.0,430.0,445.0,453.0,447.0,837.0,1643.0,1194.0,988.0,960.0,158.0,431.0,430.0,430.0
0.0,4349.0,1338.0,1293.0,2580.0,1586.0,238.0,1348.0,0.0,432.0,430.0,431.0,452.0,445.0,441.0,1167.0,1190.0,1992.0,238.0,1348.0,0.0,432.0,430.0,431.0
0.0,5591.0,1358.0,1294.0,2771.0,1313.0,0.0,1313.0,0.0,432.0,431.0,431.0,452.0,462.0,444.0,1922.0,802.0,2867.0,0.0,1313.0,0.0,432.0,431.0,431.0
0.0,7004.0,1342.0,1297.0,2106.0,805.0,0.0,805.0,0.0,433.0,432.0,432.0,445.0,447.0,450.0,2783.0,842.0,3379.0,0.0,805.0,0.0,433.0,432.0,432.0
0.0,7768.0,1337.0,1297.0,1586.0,0.0,0.0,0.0,0.0,433.0,432.0,432.0,449.0,445.0,443.0,3326.0,1355.0,3087.0,0.0,0.0,0.0,433.0,432.0,432.0
0.0,8017.0,1305.0,1298.0,1313.0,0.0,0.0,0.0,0.0,434.0,432.0,432.0,437.0,437.0,431.0,3115.0,2258.0,2644.0,0.0,0.0,0.0,434.0,432.0,432.0
0.0,8025.0,1324.0,1299.0,805.0,401.0,0.0,0.0,401.0,434.0,432.0,433.0,434.0,441.0,449.0,2678.0,3134.0,2213.0,0.0,0.0,401.0,434.0,432.0,433.0
0.0,7506.0,1319.0,1300.0,0.0,1209.0,366.0,0.0,843.0,434.0,433.0,433.0,440.0,437.0,442.0,2244.0,3498.0,1764.0,366.0,0.0,843.0,434.0,433.0,433.0
0.0,6187.0,1366.0,1303.0,0.0,2127.0,827.0,0.0,1300.0,435.0,434.0,434.0,456.0,458.0,452.0,1804.0,3061.0,1322.0,827.0,0.0,1300.0,435.0,434.0,434.0
0.0,4821.0,1363.0,1304.0,401.0,2661.0,1289.0,27.0,1345.0,436.0,434.0,434.0,457.0,460.0,446.0,1348.0,2603.0,870.0,1289.0,27.0,1345.0,436.0,434.0,434.0
0.0,3859.0,1364.0,1306.0,1209.0,2826.0,1374.0,491.0,961.0,436.0,435.0,435.0,451.0,459.0,454.0,891.0,2143.0,825.0,1374.0,491.0,961.0,436.0,435.0,435.0
0.0,3704.0,1339.0,1308.0,2127.0,2048.0,1004.0,928.0,116.0,437.0,435.0,436.0,452.0,437.0,450.0,806.0,1684.0,1214.0,1004.0,928.0,116.0,437.0,435.0,436.0
0.0,4492.0,1319.0,1308.0,2661.0,1491.0,152.0,1339.0,0.0,437.0,435.0,436.0,437.0,438.0,444.0,1181.0,1247.0,2064.0,152.0,1339.0,0.0,437.0,435.0,436.0
0.0,5834.0,1324.0,1309.0,2162.0,1296.0,0.0,1296.0,0.0,437.0,436.0,436.0,431.0,443.0,450.0,2033.0,836.0,2965.0,0.0,1296.0,0.0,437.0,436.0,436.0
0.0,6672.0,1346.0,1311.0,2712.0,823.0,0.0,823.0,0.0,437.0,437.0,437.0,445.0,450.0,451.0,2312.0,884.0,3476.0,0.0,823.0,0.0,437.0,437.0,437.0
0.0,8038.0,1359.0,1312.0,1491.0,0.0,0.0,0.0,0.0,438.0,437.0,437.0,466.0,449.0,444.0,3535.0,1362.0,3141.0,0.0,0.0,0.0,438.0,437.0,437.0
0.0,8170.0,1379.0,1315.0,718.0,0.0,0.0,0.0,0.0,439.0,438.0,438.0,462.0,463.0,454.0,3221.0,2252.0,2697.0,0.0,0.0,0.0,439.0,438.0,438.0
0.0,7509.0,1375.0,1318.0,1401.0,410.0,0.0,0.0,410.0,440.0,439.0,439.0,453.0,464.0,458.0,2759.0,2507.0,2243.0,0.0,0.0,410.0,440.0,439.0,439.0
0.0,7535.0,1350.0,1318.0,0.0,1201.0,341.0,0.0,860.0,440.0,439.0,439.0,447.0,453.0,450.0,2306.0,3444.0,1785.0,341.0,0.0,860.0,440.0,439.0,439.0
0.0,6185.0,1343.0,1319.0,0.0,2094.0,785.0,0.0,1309.0,440.0,440.0,439.0,444.0,450.0,449.0,1859.0,2991.0,1335.0,785.0,0.0,1309.0,440.0,440.0,439.0
0.0,4842.0,1333.0,1320.0,410.0,2681.0,1229.0,103.0,1349.0,441.0,440.0,439.0,439.0,444.0,450.0,1415.0,2541.0,886.0,1229.0,103.0,1349.0,441.0,440.0,439.0
0.0,3919.0,1346.0,1322.0,1201.0,2836.0,1340.0,558.0,938.0,441.0,441.0,440.0,452.0,450.0,444.0,976.0,2097.0,846.0,1340.0,558.0,938.0,441.0,441.0,440.0
0.0,3774.0,1371.0,1322.0,2094.0,2113.0,1006.0,1022.0,85.0,441.0,441.0,440.0,451.0,464.0,456.0,865.0,1647.0,1262.0,1006.0,1022.0,85.0,441.0,441.0,440.0
0.0,4497.0,1379.0,1325.0,2681.0,1628.0,236.0,1392.0,0.0,442.0,442.0,441.0,454.0,468.0,457.0,1199.0,1183.0,2115.0,236.0,1392.0,0.0,442.0,442.0,441.0
0.0,5799.0,1372.0,1328.0,2836.0,1297.0,0.0,1297.0,0.0,443.0,443.0,442.0,453.0,458.0,461.0,1974.0,818.0,3007.0,0.0,1297.0,0.0,443.0,443.0,442.0
0.0,7263.0,1358.0,1328.0,2113.0,717.0,0.0,717.0,0.0,443.0,443.0,442.0,460.0,442.0,456.0,2861.0,918.0,3484.0,0.0,717.0,0.0,443.0,443.0,442.0
0.0,8018.0,1355.0,1328.0,1628.0,0.0,0.0,0.0,0.0,443.0,443.0,442.0,453.0,446.0,456.0,3407.0,1498.0,3113.0,0.0,0.0,0.0,443.0,443.0,442.0
0.0,8291.0,1349.0,1330.0,1297.0,5.0,0.0,0.0,5.0,444.0,443.0,443.0,450.0,452.0,447.0,3190.0,2444.0,2657.0,0.0,0.0,5.0,444.0,443.0,443.0
0.0,8239.0,1375.0,1331.0,717.0,459.0,0.0,0.0,459.0,444.0,444.0,443.0,454.0,467.0,454.0,2740.0,3289.0,2210.0,0.0,0.0,459.0,444.0,444.0,443.0
0.0,7581.0,1387.0,1334.0,0.0,1331.0,405.0,0.0,926.0,445.0,445.0,444.0,466.0,459.0,462.0,2286.0,3539.0,1756.0,405.0,0.0,926.0,445.0,445.0,444.0
0.0,6194.0,1369.0,1335.0,5.0,2242.0,848.0,0.0,1394.0,445.0,445.0,445.0,443.0,458.0,468.0,1820.0,3080.0,1294.0,848.0,0.0,1394.0,445.0,445.0,445.0
0.0,4830.0,1384.0,1337.0,459.0,2780.0,1311.0,71.0,1398.0,446.0,446.0,445.0,458.0,463.0,463.0,1377.0,2622.0,831.0,1311.0,71.0,1398.0,446.0,446.0,445.0
0.0,3905.0,1371.0,1338.0,1331.0,2825.0,1366.0,526.0,933.0,446.0,446.0,446.0,460.0,455.0,456.0,919.0,2159.0,827.0,1366.0,526.0,933.0,446.0,446.0,446.0
0.0,3865.0,1376.0,1339.0,2242.0,1971.0,980.0,991.0,0.0,446.0,447.0,446.0,462.0,460.0,454.0,864.0,1704.0,1297.0,980.0,991.0,0.0,446.0,447.0,446.0
0.0,4731.0,1330.0,1339.0,2732.0,1524.0,160.0,1364.0,0.0,446.0,447.0,446.0,443.0,444.0,443.0,1250.0,1244.0,2237.0,160.0,1364.0,0.0,446.0,447.0,446.0
0.0,6133.0,1361.0,1340.0,2361.0,1290.0,0.0,1290.0,0.0,447.0,447.0,446.0,459.0,452.0,450.0,2070.0,871.0,3192.0,0.0,1290.0,0.0,447.0,447.0,446.0
0.0,7133.0,1399.0,1343.0,2483.0,766.0,0.0,766.0,0.0,448.0,448.0,447.0,466.0,462.0,471.0,2513.0,945.0,3675.0,0.0,766.0,0.0,448.0,448.0,447.0
0.0,8217.0,1420.0,1345.0,1474.0,0.0,0.0,0.0,0.0,448.0,449.0,448.0,462.0,480.0,478.0,3539.0,1474.0,3204.0,0.0,0.0,0.0,448.0,449.0,448.0
0.0,8271.0,1392.0,1348.0,782.0,0.0,0.0,0.0,0.0,449.0,450.0,449.0,459.0,470.0,463.0,3237.0,2308.0,2726.0,0.0,0.0,0.0,449.0,450.0,449.0
0.0,7661.0,1356.0,1348.0,1324.0,433.0,0.0,0.0,433.0,449.0,450.0,449.0,457.0,448.0,451.0,2778.0,2620.0,2263.0,0.0,0.0,433.0,449.0,450.0,449.0
0.0,7629.0,1350.0,1348.0,0.0,1267.0,383.0,0.0,884.0,449.0,450.0,449.0,459.0,440.0,451.0,2321.0,3496.0,1812.0,383.0,0.0,884.0,449.0,450.0,449.0
0.0,6279.0,1362.0,1348.0,0.0,2167.0,832.0,0.0,1335.0,449.0,450.0,449.0,449.0,462.0,451.0,1862.0,3056.0,1361.0,832.0,0.0,1335.0,449.0,450.0,449.0
0.0,4917.0,1402.0,1351.0,433.0,2807.0,1298.0,132.0,1377.0,450.0,451.0,450.0,461.0,471.0,470.0,1413.0,2594.0,910.0,1298.0,132.0,1377.0,450.0,451.0,450.0
0.0,3948.0,1422.0,1353.0,1267.0,2972.0,1394.0,602.0,976.0,451.0,451.0,451.0,474.0,470.0,478.0,952.0,2123.0,873.0,1394.0,602.0,976.0,451.0,451.0,451.0
0.0,3793.0,1414.0,1354.0,2167.0,2224.0,1030.0,1078.0,116.0,451.0,452.0,451.0,468.0,471.0,475.0,861.0,1653.0,1279.0,1030.0,1078.0,116.0,451.0,452.0,451.0
0.0,4546.0,1385.0,1357.0,2807.0,1609.0,198.0,1411.0,0.0,452.0,453.0,452.0,461.0,460.0,464.0,1225.0,1182.0,2139.0,198.0,1411.0,0.0,452.0,453.0,452.0
0.0,5968.0,1407.0,1358.0,2972.0,1274.0,0.0,1274.0,0.0,452.0,453.0,453.0,473.0,465.0,469.0,2062.0,854.0,3052.0,0.0,1274.0,0.0,452.0,453.0,453.0
0.0,7533.0,1356.0,1358.0,2224.0,652.0,0.0,652.0,0.0,452.0,453.0,453.0,448.0,456.0,452.0,2983.0,991.0,3559.0,0.0,652.0,0.0,452.0,453.0,453.0
0.0,8401.0,1377.0,1359.0,1609.0,0.0,0.0,0.0,0.0,452.0,454.0,453.0,453.0,462.0,462.0,3565.0,1613.0,3223.0,0.0,0.0,0.0,452.0,454.0,453.0
0.0,8633.0,1397.0,1361.0,1274.0,0.0,0.0,0.0,0.0,453.0,454.0,454.0,470.0,458.0,469.0,3310.0,2562.0,2761.0,0.0,0.0,0.0,453.0,454.0,454.0
0.0,8510.0,1426.0,1363.0,652.0,466.0,0.0,0.0,466.0,453.0,455.0,455.0,472.0,471.0,483.0,2840.0,3378.0,2292.0,0.0,0.0,466.0,453.0,455.0,455.0
0.0,7736.0,1435.0,1366.0,0.0,1329.0,376.0,0.0,953.0,454.0,456.0,456.0,474.0,479.0,482.0,2368.0,3559.0,1809.0,376.0,0.0,953.0,454.0,456.0,456.0
0.0,6301.0,1415.0,1367.0,0.0,2275.0,854.0,0.0,1421.0,455.0,456.0,456.0,473.0,474.0,468.0,1894.0,3080.0,1327.0,854.0,0.0,1421.0,455.0,456.0,456.0
0.0,4886.0,1409.0,1369.0,466.0,2902.0,1324.0,148.0,1430.0,455.0,457.0,457.0,470.0,469.0,470.0,1421.0,2606.0,859.0,1324.0,148.0,1430.0,455.0,457.0,457.0
0.0,3943.0,1363.0,1368.0,1329.0,2931.0,1401.0,595.0,935.0,455.0,456.0,457.0,453.0,452.0,458.0,951.0,2137.0,855.0,1401.0,595.0,935.0,455.0,456.0,457.0
0.0,3909.0,1375.0,1369.0,2275.0,2057.0,1001.0,1056.0,0.0,455.0,457.0,457.0,454.0,456.0,465.0,874.0,1685.0,1350.0,1001.0,1056.0,0.0,455.0,457.0,457.0
0.0,4809.0,1413.0,1371.0,2902.0,1536.0,157.0,1379.0,0.0,456.0,457.0,458.0,475.0,471.0,467.0,1274.0,1229.0,2306.0,157.0,1379.0,0.0,456.0,457.0,458.0
0.0,6298.0,1448.0,1374.0,2353.0,1273.0,0.0,1273.0,0.0,457.0,458.0,459.0,481.0,484.0,483.0,2123.0,906.0,3269.0,0.0,1273.0,0.0,457.0,458.0,459.0
0.0,7203.0,1427.0,1375.0,2127.0,702.0,0.0,702.0,0.0,457.0,459.0,459.0,476.0,480.0,471.0,2465.0,1017.0,3721.0,0.0,702.0,0.0,457.0,459.0,459.0
0.0,7903.0,1420.0,1377.0,1894.0,0.0,0.0,0.0,0.0,458.0,459.0,460.0,472.0,468.0,480.0,3060.0,1593.0,3250.0,0.0,0.0,0.0,458.0,459.0,460.0
0.0,8377.0,1400.0,1377.0,1039.0,0.0,0.0,0.0,0.0,458.0,459.0,460.0,475.0,459.0,466.0,3253.0,2354.0,2770.0,0.0,0.0,0.0,458.0,459.0,460.0
0.0,8016.0,1400.0,1378.0,1086.0,475.0,0.0,0.0,475.0,458.0,459.0,461.0,462.0,464.0,474.0,2778.0,2934.0,2304.0,0.0,0.0,475.0,458.0,459.0,461.0
0.0,7702.0,1391.0,1379.0,0.0,1383.0,436.0,0.0,947.0,459.0,459.0,461.0,457.0,462.0,472.0,2316.0,3556.0,1830.0,436.0,0.0,947.0,459.0,459.0,461.0
0.0,6311.0,1421.0,1380.0,0.0,2326.0,909.0,0.0,1417.0,459.0,460.0,461.0,473.0,478.0,470.0,1859.0,3094.0,1358.0,909.0,0.0,1417.0,459.0,460.0,461.0
0.0,4890.0,1432.0,1383.0,475.0,2982.0,1398.0,159.0,1425.0,460.0,461.0,462.0,484.0,470.0,478.0,1386.0,2616.0,888.0,1398.0,159.0,1425.0,460.0,461.0,462.0
0.0,3933.0,1441.0,1386.0,1383.0,3055.0,1447.0,644.0,964.0,461.0,462.0,463.0,480.0,480.0,481.0,902.0,2146.0,885.0,1447.0,644.0,964.0,461.0,462.0,463.0
0.0,3875.0,1435.0,1387.0,2326.0,2169.0,1022.0,1121.0,26.0,462.0,462.0,463.0,479.0,477.0,479.0,858.0,1666.0,1351.0,1022.0,1121.0,26.0,462.0,462.0,463.0
0.0,4766.0,1410.0,1389.0,2982.0,1527.0,90.0,1437.0,0.0,462.0,463.0,464.0,466.0,470.0,474.0,1288.0,1189.0,2289.0,90.0,1437.0,0.0,462.0,463.0,464.0
0.0,6338.0,1416.0,1389.0,3055.0,1260.0,0.0,1260.0,0.0,462.0,463.0,464.0,478.0,467.0,471.0,2220.0,878.0,3240.0,0.0,1260.0,0.0,462.0,463.0,464.0
0.0,7977.0,1403.0,1389.0,2169.0,605.0,0.0,605.0,0.0,462.0,463.0,464.0,472.0,466.0,465.0,3189.0,1055.0,3733.0,0.0,605.0,0.0,462.0,463.0,464.0
0.0,8743.0,1421.0,1391.0,1527.0,0.0,0.0,0.0,0.0,463.0,463.0,465.0,469.0,475.0,477.0,3739.0,1710.0,3294.0,0.0,0.0,0.0,463.0,463.0,465.0
0.0,8849.0,1435.0,1392.0,1260.0,0.0,0.0,0.0,0.0,463.0,464.0,465.0,485.0,477.0,473.0,3360.0,2672.0,2817.0,0.0,0.0,0.0,463.0,464.0,465.0
0.0,8674.0,1452.0,1395.0,605.0,459.0,0.0,0.0,459.0,464.0,465.0,466.0,485.0,494.0,473.0,2875.0,3455.0,2344.0,0.0,0.0,459.0,464.0,465.0,466.0
0.0,7827.0,1431.0,1396.0,0.0,1348.0,410.0,0.0,938.0,465.0,465.0,466.0,475.0,477.0,479.0,2390.0,3566.0,1871.0,410.0,0.0,938.0,465.0,465.0,466.0
0.0,6396.0,1415.0,1397.0,0.0,2302.0,881.0,0.0,1421.0,465.0,465.0,467.0,471.0,466.0,478.0,1915.0,3089.0,1392.0,881.0,0.0,1421.0,465.0,465.0,467.0
0.0,4981.0,1407.0,1397.0,459.0,2952.0,1350.0,170.0,1432.0,465.0,465.0,467.0,469.0,468.0,470.0,1444.0,2623.0,914.0,1350.0,170.0,1432.0,465.0,465.0,467.0
0.0,4033.0,1414.0,1398.0,1348.0,3023.0,1416.0,645.0,962.0,466.0,465.0,467.0,471.0,475.0,468.0,975.0,2155.0,903.0,1416.0,645.0,962.0,466.0,465.0,467.0
0.0,3967.0,1420.0,1399.0,2302.0,2146.0,1008.0,1126.0,12.0,466.0,466.0,467.0,473.0,476.0,471.0,914.0,1680.0,1373.0,1008.0,1126.0,12.0,466.0,466.0,467.0
0.0,4849.0,1463.0,1402.0,2952.0,1605.0,162.0,1443.0,0.0,467.0,467.0,468.0,499.0,482.0,482.0,1322.0,1204.0,2323.0,162.0,1443.0,0.0,467.0,467.0,468.0
0.0,6338.0,1464.0,1404.0,2487.0,1280.0,0.0,1280.0,0.0,468.0,467.0,469.0,488.0,482.0,494.0,2173.0,892.0,3273.0,0.0,1280.0,0.0,468.0,467.0,469.0
0.0,7361.0,1450.0,1405.0,2682.0,646.0,0.0,646.0,0.0,468.0,468.0,469.0,479.0,487.0,484.0,2565.0,1055.0,3741.0,0.0,646.0,0.0,468.0,468.0,469.0
0.0,8593.0,1443.0,1406.0,1354.0,0.0,0.0,0.0,0.0,468.0,468.0,470.0,486.0,472.0,485.0,3630.0,1694.0,3269.0,0.0,0.0,0.0,468.0,468.0,470.0
0.0,8504.0,1432.0,1407.0,1169.0,42.0,0.0,0.0,42.0,469.0,468.0,470.0,476.0,480.0,476.0,3306.0,2414.0,2784.0,0.0,0.0,42.0,469.0,468.0,470.0
0.0,8241.0,1399.0,1407.0,1008.0,508.0,0.0,0.0,508.0,469.0,468.0,470.0,469.0,464.0,466.0,2830.0,3103.0,2308.0,0.0,0.0,508.0,469.0,468.0,470.0
0.0,7850.0,1422.0,1409.0,0.0,1446.0,467.0,0.0,979.0,470.0,469.0,470.0,478.0,473.0,471.0,2361.0,3647.0,1842.0,467.0,0.0,979.0,470.0,469.0,470.0
0.0,6428.0,1479.0,1410.0,42.0,2398.0,969.0,0.0,1429.0,470.0,469.0,471.0,502.0,490.0,487.0,1883.0,3174.0,1371.0,969.0,0.0,1429.0,470.0,469.0,471.0
0.0,4991.0,1480.0,1413.0,508.0,3046.0,1468.0,158.0,1420.0,471.0,470.0,472.0,494.0,492.0,494.0,1381.0,2684.0,926.0,1468.0,158.0,1420.0,471.0,470.0,472.0
0.0,4019.0,1456.0,1416.0,1446.0,3071.0,1486.0,651.0,934.0,472.0,471.0,473.0,480.0,488.0,488.0,887.0,2192.0,940.0,1486.0,651.0,934.0,472.0,471.0,473.0
0.0,4009.0,1428.0,1416.0,2398.0,2121.0,993.0,1128.0,0.0,472.0,471.0,473.0,476.0,477.0,475.0,874.0,1704.0,1431.0,993.0,1128.0,0.0,472.0,471.0,473.0
0.0,4979.0,1418.0,1416.0,3046.0,1442.0,5.0,1437.0,0.0,472.0,471.0,473.0,480.0,467.0,471.0,1367.0,1227.0,2385.0,5.0,1437.0,0.0,472.0,471.0,473.0
0.0,6607.0,1418.0,1417.0,3071.0,1269.0,0.0,1269.0,0.0,473.0,471.0,473.0,467.0,483.0,468.0,2355.0,918.0,3334.0,0.0,1269.0,0.0,473.0,471.0,473.0
0.0,8260.0,1435.0,1418.0,2121.0,630.0,0.0,630.0,0.0,473.0,472.0,473.0,473.0,484.0,478.0,3374.0,1086.0,3800.0,0.0,630.0,0.0,473.0,472.0,473.0
0.0,8946.0,1489.0,1421.0,1442.0,0.0,0.0,0.0,0.0,474.0,473.0,474.0,495.0,502.0,492.0,3894.0,1730.0,3322.0,0.0,0.0,0.0,474.0,473.0,474.0
0.0,8899.0,1474.0,1423.0,1269.0,42.0,0.0,0.0,42.0,474.0,474.0,475.0,494.0,483.0,497.0,3404.0,2665.0,2830.0,0.0,0.0,42.0,474.0,474.0,475.0
0.0,8694.0,1478.0,1424.0,630.0,538.0,0.0,0.0,538.0,475.0,474.0,475.0,492.0,490.0,496.0,2910.0,3451.0,2333.0,0.0,0.0,538.0,475.0,474.0,475.0
0.0,7846.0,1445.0,1424.0,0.0,1461.0,442.0,0.0,1019.0,475.0,474.0,475.0,485.0,479.0,481.0,2418.0,3591.0,1837.0,442.0,0.0,1019.0,475.0,474.0,475.0
0.0,6401.0,1431.0,1424.0,42.0,2369.0,925.0,0.0,1444.0,475.0,474.0,475.0,483.0,481.0,467.0,1933.0,3112.0,1356.0,925.0,0.0,1444.0,475.0,474.0,475.0
0.0,5012.0,1433.0,1427.0,538.0,3018.0,1399.0,232.0,1387.0,476.0,475.0,476.0,469.0,488.0,476.0,1450.0,2631.0,931.0,1399.0,232.0,1387.0,476.0,475.0,476.0
0.0,4117.0,1470.0,1427.0,1461.0,3027.0,1446.0,722.0,859.0,476.0,475.0,476.0,489.0,490.0,491.0,981.0,2143.0,993.0,1446.0,722.0,859.0,476.0,475.0,476.0
0.0,4108.0,1499.0,1430.0,2369.0,2249.0,1026.0,1223.0,0.0,477.0,476.0,477.0,500.0,496.0,503.0,934.0,1653.0,1521.0,1026.0,1223.0,0.0,477.0,476.0,477.0
0.0,4978.0,1509.0,1433.0,3018.0,1634.0,134.0,1500.0,0.0,478.0,477.0,478.0,502.0,504.0,503.0,1359.0,1157.0,2462.0,134.0,1500.0,0.0,478.0,477.0,478.0
0.0,6487.0,1472.0,1434.0,2408.0,1276.0,0.0,1276.0,0.0,478.0,478.0,478.0,487.0,493.0,492.0,2256.0,885.0,3346.0,0.0,1276.0,0.0,478.0,478.0,478.0
0.0,7423.0,1473.0,1435.0,2551.0,541.0,0.0,541.0,0.0,479.0,478.0,478.0,496.0,488.0,489.0,2596.0,1114.0,3713.0,0.0,541.0,0.0,479.0,478.0,478.0
0.0,8501.0,1431.0,1435.0,1526.0,0.0,0.0,0.0,0.0,479.0,478.0,478.0,482.0,476.0,473.0,3428.0,1849.0,3224.0,0.0,0.0,0.0,479.0,478.0,478.0
0.0,8596.0,1437.0,1435.0,1353.0,119.0,0.0,0.0,119.0,479.0,478.0,478.0,482.0,475.0,480.0,3397.0,2448.0,2751.0,0.0,0.0,119.0,479.0,478.0,478.0
0.0,8512.0,1478.0,1436.0,889.0,613.0,0.0,0.0,613.0,479.0,478.0,479.0,493.0,496.0,489.0,2915.0,3326.0,2271.0,0.0,0.0,613.0,479.0,478.0,479.0
0.0,7923.0,1503.0,1439.0,0.0,1594.0,473.0,0.0,1121.0,480.0,479.0,480.0,495.0,505.0,503.0,2422.0,3719.0,1782.0,473.0,0.0,1121.0,480.0,479.0,480.0
0.0,6420.0,1505.0,1441.0,119.0,2483.0,976.0,0.0,1507.0,481.0,480.0,480.0,498.0,502.0,505.0,1927.0,3214.0,1279.0,976.0,0.0,1507.0,481.0,480.0,480.0
0.0,5034.0,1483.0,1443.0,613.0,3051.0,1469.0,185.0,1397.0,481.0,481.0,481.0,493.0,492.0,498.0,1429.0,2712.0,893.0,1469.0,185.0,1397.0,481.0,481.0,481.0
0.0,4164.0,1448.0,1443.0,1594.0,2905.0,1479.0,666.0,760.0,481.0,481.0,481.0,483.0,481.0,484.0,936.0,2220.0,1008.0,1479.0,666.0,760.0,481.0,481.0,481.0
0.0,4310.0,1450.0,1444.0,2483.0,2149.0,999.0,1150.0,0.0,482.0,481.0,481.0,491.0,484.0,475.0,926.0,1739.0,1645.0,999.0,1150.0,0.0,482.0,481.0,481.0
0.0,5343.0,1469.0,1444.0,3051.0,1469.0,12.0,1457.0,0.0,482.0,481.0,481.0,482.0,492.0,495.0,1411.0,1255.0,2677.0,12.0,1457.0,0.0,482.0,481.0,481.0
0.0,6925.0,1500.0,1446.0,2905.0,1296.0,0.0,1296.0,0.0,482.0,482.0,482.0,493.0,500.0,507.0,2398.0,948.0,3579.0,0.0,1296.0,0.0,482.0,482.0,482.0
0.0,8330.0,1501.0,1449.0,2149.0,649.0,0.0,649.0,0.0,483.0,483.0,483.0,502.0,498.0,501.0,3384.0,1114.0,3832.0,0.0,649.0,0.0,483.0,483.0,483.0
0.0,8978.0,1489.0,1450.0,1469.0,0.0,0.0,0.0,0.0,484.0,483.0,483.0,500.0,491.0,498.0,3881.0,1766.0,3331.0,0.0,0.0,0.0,484.0,483.0,483.0
0.0,8958.0,1503.0,1452.0,1296.0,83.0,0.0,0.0,83.0,484.0,484.0,484.0,504.0,503.0,496.0,3393.0,2732.0,2833.0,0.0,0.0,83.0,484.0,484.0,484.0
0.0,8751.0,1483.0,1453.0,649.0,603.0,33.0,0.0,570.0,485.0,484.0,484.0,497.0,499.0,487.0,2889.0,3525.0,2337.0,33.0,0.0,570.0,485.0,484.0,484.0
0.0,7917.0,1471.0,1453.0,0.0,1584.0,525.0,0.0,1059.0,485.0,484.0,484.0,492.0,490.0,489.0,2392.0,3675.0,1850.0,525.0,0.0,1059.0,485.0,484.0,484.0
0.0,6446.0,1467.0,1453.0,83.0,2487.0,1017.0,0.0,1470.0,485.0,484.0,484.0,492.0,481.0,494.0,1900.0,3185.0,1361.0,1017.0,0.0,1470.0,485.0,484.0,484.0
0.0,5062.0,1503.0,1456.0,603.0,3118.0,1491.0,218.0,1409.0,486.0,485.0,485.0,502.0,497.0,504.0,1408.0,2704.0,950.0,1491.0,218.0,1409.0,486.0,485.0,485.0
0.0,4162.0,1523.0,1458.0,1584.0,3067.0,1484.0,728.0,855.0,487.0,486.0,485.0,513.0,505.0,505.0,939.0,2207.0,1016.0,1484.0,728.0,855.0,487.0,486.0,485.0
0.0,4223.0,1513.0,1460.0,2487.0,2215.0,969.0,1246.0,0.0,487.0,487.0,486.0,502.0,513.0,498.0,951.0,1702.0,1570.0,969.0,1246.0,0.0,487.0,487.0,486.0
0.0,5197.0,1497.0,1461.0,2918.0,1716.0,185.0,1531.0,0.0,488.0,487.0,486.0,502.0,503.0,492.0,1466.0,1189.0,2542.0,185.0,1531.0,0.0,488.0,487.0,486.0
0.0,6618.0,1492.0,1463.0,2770.0,1304.0,0.0,1304.0,0.0,488.0,488.0,487.0,500.0,496.0,496.0,2255.0,904.0,3459.0,0.0,1304.0,0.0,488.0,488.0,487.0
0.0,7896.0,1485.0,1463.0,2712.0,552.0,0.0,552.0,0.0,488.0,488.0,487.0,497.0,494.0,494.0,2942.0,1136.0,3818.0,0.0,552.0,0.0,488.0,488.0,487.0
0.0,9123.0,1474.0,1464.0,1330.0,0.0,0.0,0.0,0.0,488.0,488.0,488.0,483.0,497.0,494.0,3911.0,1888.0,3324.0,0.0,0.0,0.0,488.0,488.0,488.0
0.0,8979.0,1495.0,1466.0,1243.0,101.0,0.0,0.0,101.0,489.0,489.0,488.0,497.0,507.0,491.0,3613.0,2536.0,2830.0,0.0,0.0,101.0,489.0,489.0,488.0
0.0,8727.0,1536.0,1468.0,999.0,606.0,0.0,0.0,606.0,490.0,490.0,488.0,519.0,512.0,505.0,3116.0,3272.0,2339.0,0.0,0.0,606.0,490.0,490.0,488.0
0.0,8190.0,1513.0,1470.0,0.0,1481.0,365.0,0.0,1116.0,491.0,490.0,489.0,507.0,501.0,505.0,2597.0,3759.0,1834.0,365.0,0.0,1116.0,491.0,490.0,489.0
0.0,6677.0,1516.0,1472.0,101.0,2398.0,867.0,0.0,1531.0,491.0,491.0,490.0,502.0,503.0,511.0,2090.0,3258.0,1329.0,867.0,0.0,1531.0,491.0,491.0,490.0
0.0,5262.0,1509.0,1472.0,606.0,3001.0,1370.0,202.0,1429.0,491.0,491.0,490.0,503.0,502.0,504.0,1588.0,2755.0,919.0,1370.0,202.0,1429.0,491.0,491.0,490.0
0.0,4359.0,1493.0,1472.0,1481.0,3013.0,1499.0,699.0,815.0,491.0,491.0,490.0,494.0,497.0,502.0,1085.0,2253.0,1021.0,1499.0,699.0,815.0,491.0,491.0,490.0
0.0,4347.0,1506.0,1475.0,2398.0,2346.0,1137.0,1209.0,0.0,492.0,492.0,491.0,500.0,505.0,501.0,956.0,1756.0,1635.0,1137.0,1209.0,0.0,492.0,492.0,491.0
0.0,5239.0,1509.0,1475.0,3001.0,1777.0,268.0,1509.0,0.0,492.0,492.0,491.0,501.0,502.0,506.0,1323.0,1251.0,2665.0,268.0,1509.0,0.0,492.0,492.0,491.0
0.0,6731.0,1520.0,1478.0,3013.0,1318.0,0.0,1318.0,0.0,493.0,493.0,492.0,514.0,503.0,503.0,2192.0,951.0,3588.0,0.0,1318.0,0.0,493.0,493.0,492.0
0.0,8224.0,1538.0,1480.0,2346.0,619.0,0.0,619.0,0.0,494.0,493.0,493.0,514.0,510.0,514.0,3177.0,1147.0,3900.0,0.0,619.0,0.0,494.0,493.0,493.0
0.0,9032.0,1547.0,1482.0,1777.0,0.0,0.0,0.0,0.0,494.0,494.0,494.0,506.0,526.0,515.0,3800.0,1846.0,3386.0,0.0,0.0,0.0,494.0,494.0,494.0
0.0,9262.0,1533.0,1483.0,1318.0,123.0,0.0,0.0,123.0,494.0,495.0,494.0,505.0,504.0,524.0,3562.0,2829.0,2871.0,0.0,0.0,123.0,494.0,495.0,494.0
0.0,9047.0,1481.0,1483.0,619.0,618.0,0.0,0.0,618.0,494.0,495.0,494.0,492.0,494.0,495.0,3057.0,3643.0,2347.0,0.0,0.0,618.0,494.0,495.0,494.0
0.0,8185.0,1514.0,1485.0,0.0,1545.0,407.0,0.0,1138.0,495.0,495.0,495.0,497.0,502.0,515.0,2565.0,3768.0,1852.0,407.0,0.0,1138.0,495.0,495.0,495.0
0.0,6671.0,1525.0,1486.0,123.0,2427.0,911.0,0.0,1516.0,495.0,496.0,495.0,504.0,520.0,501.0,2068.0,3266.0,1337.0,911.0,0.0,1516.0,495.0,496.0,495.0
0.0,5269.0,1550.0,1489.0,618.0,3108.0,1438.0,256.0,1414.0,496.0,497.0,496.0,522.0,517.0,511.0,1564.0,2746.0,959.0,1438.0,256.0,1414.0,496.0,497.0,496.0
0.0,4337.0,1520.0,1491.0,1545.0,3093.0,1542.0,758.0,793.0,497.0,497.0,497.0,506.0,502.0,512.0,1042.0,2229.0,1066.0,1542.0,758.0,793.0,497.0,497.0,497.0
0.0,4362.0,1530.0,1493.0,2427.0,2404.0,1138.0,1266.0,0.0,497.0,498.0,498.0,507.0,503.0,520.0,943.0,1727.0,1692.0,1138.0,1266.0,0.0,497.0,498.0,498.0
0.0,5259.0,1530.0,1494.0,3108.0,1731.0,216.0,1515.0,0.0,498.0,498.0,498.0,511.0,505.0,514.0,1347.0,1224.0,2688.0,216.0,1515.0,0.0,498.0,498.0,498.0
0.0,6837.0,1502.0,1494.0,2496.0,1260.0,0.0,1260.0,0.0,498.0,498.0,498.0,498.0,503.0,501.0,2274.0,975.0,3588.0,0.0,1260.0,0.0,498.0,498.0,498.0
0.0,7831.0,1510.0,1494.0,2437.0,504.0,0.0,504.0,0.0,498.0,498.0,498.0,503.0,510.0,497.0,2721.0,1230.0,3880.0,0.0,504.0,0.0,498.0,498.0,498.0
0.0,8758.0,1515.0,1496.0,1975.0,0.0,0.0,0.0,0.0,498.0,499.0,499.0,509.0,504.0,502.0,3389.0,1986.0,3383.0,0.0,0.0,0.0,498.0,499.0,499.0
0.0,9218.0,1557.0,1499.0,1331.0,137.0,0.0,0.0,137.0,499.0,500.0,500.0,517.0,522.0,518.0,3660.0,2677.0,2881.0,0.0,0.0,137.0,499.0,500.0,500.0
0.0,8992.0,1535.0,1500.0,753.0,646.0,0.0,0.0,646.0,500.0,500.0,500.0,510.0,516.0,509.0,3143.0,3486.0,2363.0,0.0,0.0,646.0,500.0,500.0,500.0
0.0,8210.0,1548.0,1502.0,0.0,1541.0,374.0,0.0,1167.0,500.0,501.0,501.0,507.0,525.0,516.0,2633.0,3723.0,1854.0,374.0,0.0,1167.0,500.0,501.0,501.0
0.0,6662.0,1535.0,1502.0,137.0,2433.0,889.0,0.0,1544.0,500.0,501.0,501.0,515.0,506.0,514.0,2126.0,3198.0,1338.0,889.0,0.0,1544.0,500.0,501.0,501.0
0.0,5264.0,1516.0,1502.0,646.0,3116.0,1390.0,319.0,1407.0,500.0,501.0,501.0,501.0,506.0,509.0,1611.0,2692.0,961.0,1390.0,319.0,1407.0,500.0,501.0,501.0
0.0,4394.0,1494.0,1503.0,1541.0,3074.0,1516.0,814.0,744.0,501.0,501.0,501.0,495.0,495.0,504.0,1110.0,2186.0,1098.0,1516.0,814.0,744.0,501.0,501.0,501.0
0.0,4441.0,1533.0,1505.0,2433.0,2470.0,1138.0,1332.0,0.0,501.0,502.0,502.0,511.0,513.0,509.0,989.0,1691.0,1761.0,1138.0,1332.0,0.0,501.0,502.0,502.0
0.0,5341.0,1593.0,1508.0,3116.0,1837.0,292.0,1545.0,0.0,502.0,503.0,503.0,539.0,527.0,527.0,1367.0,1178.0,2796.0,292.0,1545.0,0.0,502.0,503.0,503.0
0.0,6864.0,1574.0,1510.0,3074.0,1251.0,0.0,1251.0,0.0,503.0,503.0,504.0,524.0,520.0,530.0,2218.0,970.0,3676.0,0.0,1251.0,0.0,503.0,503.0,504.0
0.0,8364.0,1558.0,1511.0,2470.0,437.0,0.0,437.0,0.0,503.0,504.0,504.0,520.0,513.0,525.0,3210.0,1264.0,3890.0,0.0,437.0,0.0,503.0,504.0,504.0
0.0,9276.0,1543.0,1512.0,1837.0,0.0,0.0,0.0,0.0,504.0,504.0,504.0,520.0,514.0,509.0,3828.0,2083.0,3365.0,0.0,0.0,0.0,504.0,504.0,504.0
0.0,9570.0,1512.0,1512.0,1251.0,161.0,0.0,0.0,161.0,504.0,504.0,504.0,511.0,504.0,497.0,3600.0,3114.0,2856.0,0.0,0.0,161.0,504.0,504.0,504.0
0.0,9309.0,1527.0,1513.0,437.0,666.0,0.0,0.0,666.0,504.0,505.0,504.0,502.0,520.0,505.0,3089.0,3861.0,2359.0,0.0,0.0,666.0,504.0,505.0,504.0
0.0,8219.0,1549.0,1515.0,0.0,1642.0,453.0,0.0,1189.0,505.0,505.0,505.0,515.0,516.0,518.0,2587.0,3778.0,1854.0,453.0,0.0,1189.0,505.0,505.0,505.0
0.0,6670.0,1583.0,1518.0,161.0,2550.0,990.0,0.0,1560.0,506.0,506.0,506.0,532.0,524.0,527.0,2072.0,3262.0,1336.0,990.0,0.0,1560.0,506.0,506.0,506.0
0.0,5248.0,1572.0,1520.0,666.0,3258.0,1513.0,316.0,1429.0,506.0,507.0,507.0,523.0,519.0,530.0,1540.0,2738.0,970.0,1513.0,316.0,1429.0,506.0,507.0,507.0
0.0,4342.0,1572.0,1521.0,1642.0,3193.0,1585.0,846.0,762.0,507.0,507.0,507.0,520.0,530.0,522.0,1017.0,2219.0,1106.0,1585.0,846.0,762.0,507.0,507.0,507.0
0.0,4412.0,1542.0,1521.0,2550.0,2475.0,1111.0,1364.0,0.0,507.0,507.0,507.0,516.0,518.0,508.0,950.0,1689.0,1773.0,1111.0,1364.0,0.0,507.0,507.0,507.0
0.0,5420.0,1530.0,1522.0,3258.0,1672.0,111.0,1561.0,0.0,507.0,508.0,507.0,513.0,508.0,509.0,1424.0,1171.0,2825.0,111.0,1561.0,0.0,507.0,508.0,507.0
0.0,7148.0,1521.0,1523.0,3077.0,1225.0,0.0,1225.0,0.0,507.0,508.0,508.0,504.0,510.0,507.0,2424.0,979.0,3745.0,0.0,1225.0,0.0,507.0,508.0,508.0
0.0,8704.0,1556.0,1524.0,2591.0,383.0,0.0,383.0,0.0,508.0,508.0,508.0,509.0,522.0,525.0,3389.0,1315.0,4000.0,0.0,383.0,0.0,508.0,508.0,508.0
0.0,9739.0,1584.0,1526.0,1208.0,0.0,0.0,0.0,0.0,508.0,509.0,509.0,526.0,526.0,532.0,4107.0,2157.0,3475.0,0.0,0.0,0.0,508.0,509.0,509.0
0.0,9363.0,1601.0,1529.0,1689.0,143.0,0.0,0.0,143.0,509.0,510.0,510.0,531.0,534.0,536.0,3692.0,2728.0,2943.0,0.0,0.0,143.0,509.0,510.0,510.0
0.0,9451.0,1578.0,1531.0,383.0,668.0,0.0,0.0,668.0,510.0,511.0,510.0,529.0,524.0,525.0,3161.0,3883.0,2407.0,0.0,0.0,668.0,510.0,511.0,510.0
0.0,8256.0,1559.0,1531.0,0.0,1627.0,448.0,0.0,1179.0,510.0,511.0,510.0,530.0,518.0,511.0,2632.0,3742.0,1882.0,448.0,0.0,1179.0,510.0,511.0,510.0
0.0,6697.0,1524.0,1532.0,143.0,2510.0,959.0,0.0,1551.0,510.0,511.0,511.0,511.0,503.0,510.0,2102.0,3224.0,1371.0,959.0,0.0,1551.0,510.0,511.0,511.0
0.0,5316.0,1549.0,1532.0,668.0,3225.0,1475.0,349.0,1401.0,510.0,511.0,511.0,516.0,515.0,518.0,1591.0,2721.0,1004.0,1475.0,349.0,1401.0,510.0,511.0,511.0
0.0,4435.0,1586.0,1534.0,1627.0,3194.0,1559.0,873.0,762.0,511.0,511.0,512.0,527.0,524.0,535.0,1075.0,2206.0,1154.0,1559.0,873.0,762.0,511.0,511.0,512.0
0.0,4476.0,1594.0,1537.0,2510.0,2546.0,1136.0,1410.0,0.0,512.0,512.0,513.0,531.0,532.0,531.0,996.0,1682.0,1798.0,1136.0,1410.0,0.0,512.0,512.0,513.0
0.0,5392.0,1587.0,1538.0,3225.0,1782.0,186.0,1596.0,0.0,512.0,513.0,513.0,525.0,530.0,532.0,1424.0,1150.0,2818.0,186.0,1596.0,0.0,512.0,513.0,513.0
0.0,7030.0,1578.0,1540.0,3194.0,1254.0,0.0,1254.0,0.0,513.0,513.0,514.0,525.0,531.0,522.0,2374.0,969.0,3687.0,0.0,1254.0,0.0,513.0,513.0,514.0
0.0,8646.0,1572.0,1541.0,2546.0,375.0,0.0,375.0,0.0,513.0,514.0,514.0,519.0,526.0,527.0,3408.0,1311.0,3927.0,0.0,375.0,0.0,513.0,514.0,514.0
0.0,9620.0,1554.0,1542.0,1782.0,0.0,0.0,0.0,0.0,513.0,514.0,515.0,519.0,522.0,513.0,4025.0,2195.0,3400.0,0.0,0.0,0.0,513.0,514.0,515.0
0.0,9848.0,1557.0,1542.0,1254.0,213.0,0.0,0.0,213.0,513.0,514.0,515.0,518.0,514.0,525.0,3692.0,3269.0,2887.0,0.0,0.0,213.0,513.0,514.0,515.0
0.0,9545.0,1580.0,1544.0,375.0,759.0,0.0,0.0,759.0,514.0,514.0,516.0,519.0,520.0,541.0,3174.0,4009.0,2362.0,0.0,0.0,759.0,514.0,514.0,516.0
0.0,8340.0,1614.0,1546.0,0.0,1765.0,461.0,0.0,1304.0,515.0,515.0,516.0,541.0,528.0,545.0,2655.0,3864.0,1821.0,461.0,0.0,1304.0,515.0,515.0,516.0
0.0,6726.0,1620.0,1548.0,213.0,2634.0,1003.0,0.0,1631.0,515.0,516.0,517.0,542.0,543.0,535.0,2114.0,3336.0,1276.0,1003.0,0.0,1631.0,515.0,516.0,517.0
0.0,5319.0,1596.0,1550.0,759.0,3268.0,1540.0,320.0,1408.0,516.0,516.0,518.0,532.0,533.0,531.0,1572.0,2793.0,954.0,1540.0,320.0,1408.0,516.0,516.0,518.0
0.0,4482.0,1585.0,1551.0,1765.0,3093.0,1610.0,849.0,634.0,516.0,517.0,518.0,531.0,524.0,530.0,1040.0,2260.0,1182.0,1610.0,849.0,634.0,516.0,517.0,518.0
0.0,4662.0,1574.0,1552.0,2634.0,2507.0,1140.0,1367.0,0.0,517.0,517.0,518.0,528.0,518.0,528.0,970.0,1736.0,1956.0,1140.0,1367.0,0.0,517.0,517.0,518.0
0.0,5722.0,1589.0,1553.0,3268.0,1701.0,128.0,1573.0,0.0,517.0,517.0,519.0,528.0,526.0,535.0,1445.0,1218.0,3059.0,128.0,1573.0,0.0,517.0,517.0,519.0
0.0,7401.0,1604.0,1555.0,2387.0,1265.0,0.0,1265.0,0.0,518.0,518.0,519.0,534.0,536.0,534.0,2457.0,1012.0,3932.0,0.0,1265.0,0.0,518.0,518.0,519.0
0.0,8184.0,1636.0,1558.0,2511.0,445.0,0.0,445.0,0.0,519.0,519.0,520.0,551.0,542.0,543.0,2920.0,1325.0,3939.0,0.0,445.0,0.0,519.0,519.0,520.0
0.0,9059.0,1622.0,1559.0,2006.0,0.0,0.0,0.0,0.0,520.0,519.0,520.0,539.0,549.0,534.0,3420.0,2150.0,3489.0,0.0,0.0,0.0,520.0,519.0,520.0
0.0,9443.0,1589.0,1561.0,1662.0,175.0,0.0,0.0,175.0,520.0,520.0,521.0,528.0,536.0,525.0,3711.0,2777.0,2955.0,0.0,0.0,175.0,520.0,520.0,521.0
0.0,9516.0,1593.0,1561.0,445.0,706.0,0.0,0.0,706.0,520.0,520.0,521.0,533.0,529.0,531.0,3183.0,3903.0,2430.0,0.0,0.0,706.0,520.0,520.0,521.0
0.0,8368.0,1582.0,1562.0,0.0,1718.0,480.0,0.0,1238.0,521.0,520.0,521.0,525.0,525.0,532.0,2650.0,3819.0,1899.0,480.0,0.0,1238.0,521.0,520.0,521.0
0.0,6786.0,1580.0,1564.0,175.0,2596.0,1000.0,0.0,1596.0,521.0,521.0,522.0,520.0,532.0,528.0,2125.0,3294.0,1367.0,1000.0,0.0,1596.0,521.0,521.0,522.0
0.0,5381.0,1589.0,1564.0,706.0,3322.0,1529.0,368.0,1425.0,521.0,521.0,522.0,529.0,525.0,535.0,1605.0,2762.0,1014.0,1529.0,368.0,1425.0,521.0,521.0,522.0
0.0,4498.0,1621.0,1567.0,1718.0,3240.0,1590.0,915.0,735.0,522.0,522.0,523.0,536.0,542.0,543.0,1076.0,2237.0,1185.0,1590.0,915.0,735.0,522.0,522.0,523.0
0.0,4595.0,1624.0,1570.0,2596.0,2599.0,1137.0,1462.0,0.0,523.0,523.0,524.0,542.0,542.0,540.0,1020.0,1695.0,1880.0,1137.0,1462.0,0.0,523.0,523.0,524.0
0.0,5567.0,1616.0,1570.0,3322.0,1777.0,139.0,1638.0,0.0,523.0,523.0,524.0,531.0,544.0,541.0,1478.0,1153.0,2936.0,139.0,1638.0,0.0,523.0,523.0,524.0
0.0,7273.0,1598.0,1572.0,3240.0,1267.0,0.0,1267.0,0.0,523.0,524.0,525.0,532.0,539.0,527.0,2476.0,977.0,3820.0,0.0,1267.0,0.0,523.0,524.0,525.0
0.0,8915.0,1600.0,1573.0,2599.0,337.0,0.0,337.0,0.0,524.0,524.0,525.0,538.0,532.0,530.0,3534.0,1353.0,4028.0,0.0,337.0,0.0,524.0,524.0,525.0
0.0,9914.0,1582.0,1573.0,1777.0,0.0,0.0,0.0,0.0,524.0,524.0,525.0,525.0,530.0,527.0,4133.0,2283.0,3498.0,0.0,0.0,0.0,524.0,524.0,525.0
0.0,10109.0,1614.0,1576.0,1267.0,195.0,0.0,0.0,195.0,525.0,525.0,526.0,538.0,540.0,536.0,3747.0,3391.0,2971.0,0.0,0.0,195.0,525.0,525.0,526.0
0.0,9762.0,1641.0,1578.0,337.0,734.0,0.0,0.0,734.0,526.0,526.0,526.0,557.0,545.0,539.0,3209.0,4118.0,2435.0,0.0,0.0,734.0,526.0,526.0,526.0
0.0,8458.0,1641.0,1581.0,0.0,1811.0,529.0,0.0,1282.0,527.0,527.0,527.0,546.0,552.0,543.0,2652.0,3910.0,1896.0,529.0,0.0,1282.0,527.0,527.0,527.0
0.0,6817.0,1633.0,1582.0,195.0,2715.0,1072.0,0.0,1643.0,527.0,527.0,528.0,543.0,539.0,551.0,2106.0,3358.0,1353.0,1072.0,0.0,1643.0,527.0,527.0,528.0
0.0,5379.0,1609.0,1582.0,734.0,3406.0,1610.0,348.0,1448.0,527.0,527.0,528.0,538.0,532.0,539.0,1563.0,2819.0,997.0,1610.0,348.0,1448.0,527.0,527.0,528.0
0.0,4504.0,1594.0,1583.0,1811.0,3194.0,1622.0,870.0,702.0,528.0,527.0,528.0,536.0,522.0,536.0,1025.0,2287.0,1192.0,1622.0,870.0,702.0,528.0,527.0,528.0
0.0,4721.0,1598.0,1584.0,2715.0,2485.0,1076.0,1409.0,0.0,528.0,528.0,528.0,526.0,534.0,538.0,1018.0,1765.0,1938.0,1076.0,1409.0,0.0,528.0,528.0,528.0
0.0,5838.0,1603.0,1585.0,3405.0,1598.0,4.0,1594.0,0.0,528.0,528.0,529.0,537.0,533.0,533.0,1564.0,1231.0,3043.0,4.0,1594.0,0.0,528.0,528.0,529.0
0.0,7640.0,1639.0,1588.0,2727.0,1270.0,0.0,1270.0,0.0,529.0,529.0,530.0,552.0,541.0,546.0,2636.0,1046.0,3958.0,0.0,1270.0,0.0,529.0,529.0,530.0
0.0,8728.0,1649.0,1590.0,2953.0,408.0,0.0,408.0,0.0,530.0,529.0,531.0,546.0,547.0,556.0,3304.0,1375.0,4049.0,0.0,408.0,0.0,530.0,529.0,531.0
0.0,10032.0,1639.0,1591.0,1186.0,0.0,0.0,0.0,0.0,530.0,530.0,531.0,548.0,541.0,550.0,4237.0,2237.0,3558.0,0.0,0.0,0.0,530.0,530.0,531.0
0.0,9579.0,1626.0,1592.0,1578.0,179.0,0.0,0.0,179.0,531.0,530.0,531.0,552.0,542.0,532.0,3693.0,2878.0,3008.0,0.0,0.0,179.0,531.0,530.0,531.0
0.0,9531.0,1590.0,1593.0,512.0,760.0,39.0,0.0,721.0,531.0,530.0,532.0,525.0,528.0,537.0,3141.0,3914.0,2476.0,39.0,0.0,721.0,531.0,530.0,532.0
0.0,8453.0,1582.0,1593.0,0.0,1824.0,564.0,0.0,1260.0,531.0,530.0,532.0,525.0,518.0,539.0,2616.0,3898.0,1939.0,564.0,0.0,1260.0,531.0,530.0,532.0
0.0,6871.0,1631.0,1594.0,179.0,2733.0,1113.0,0.0,1620.0,531.0,531.0,532.0,549.0,543.0,539.0,2091.0,3380.0,1400.0,1113.0,0.0,1620.0,531.0,531.0,532.0
0.0,5419.0,1673.0,1597.0,760.0,3479.0,1633.0,384.0,1462.0,532.0,532.0,533.0,554.0,561.0,558.0,1542.0,2837.0,1040.0,1633.0,384.0,1462.0,532.0,532.0,533.0
0.0,4506.0,1654.0,1599.0,1824.0,3319.0,1629.0,937.0,753.0,533.0,532.0,534.0,555.0,553.0,546.0,1027.0,2276.0,1203.0,1629.0,937.0,753.0,533.0,532.0,534.0
0.0,4676.0,1656.0,1602.0,2733.0,2559.0,1063.0,1496.0,0.0,534.0,533.0,535.0,542.0,554.0,560.0,1036.0,1723.0,1917.0,1063.0,1496.0,0.0,534.0,533.0,535.0
0.0,5753.0,1628.0,1602.0,3479.0,1650.0,0.0,1650.0,0.0,534.0,533.0,535.0,547.0,538.0,543.0,1607.0,1169.0,2977.0,0.0,1650.0,0.0,534.0,533.0,535.0
0.0,7604.0,1600.0,1602.0,3319.0,1246.0,0.0,1246.0,0.0,534.0,533.0,535.0,539.0,533.0,528.0,2693.0,1015.0,3896.0,0.0,1246.0,0.0,534.0,533.0,535.0
0.0,9323.0,1625.0,1604.0,2559.0,309.0,0.0,309.0,0.0,535.0,534.0,535.0,538.0,554.0,533.0,3783.0,1419.0,4121.0,0.0,309.0,0.0,535.0,534.0,535.0
0.0,10257.0,1645.0,1605.0,1650.0,0.0,0.0,0.0,0.0,535.0,534.0,536.0,550.0,547.0,548.0,4308.0,2361.0,3588.0,0.0,0.0,0.0,535.0,534.0,536.0
0.0,10262.0,1675.0,1608.0,1246.0,208.0,0.0,0.0,208.0,536.0,535.0,537.0,554.0,558.0,563.0,3758.0,3464.0,3040.0,0.0,0.0,208.0,536.0,535.0,537.0
0.0,9833.0,1655.0,1610.0,309.0,800.0,24.0,0.0,776.0,536.0,536.0,538.0,548.0,544.0,563.0,3204.0,4152.0,2477.0,24.0,0.0,776.0,536.0,536.0,538.0
0.0,8487.0,1651.0,1611.0,0.0,1912.0,583.0,0.0,1329.0,537.0,536.0,538.0,554.0,544.0,553.0,2656.0,3917.0,1914.0,583.0,0.0,1329.0,537.0,536.0,538.0
0.0,6836.0,1648.0,1612.0,208.0,2801.0,1133.0,0.0,1668.0,537.0,537.0,538.0,550.0,551.0,547.0,2102.0,3373.0,1361.0,1133.0,0.0,1668.0,537.0,537.0,538.0
0.0,5396.0,1612.0,1613.0,800.0,3481.0,1655.0,401.0,1425.0,538.0,537.0,538.0,541.0,538.0,533.0,1552.0,2822.0,1022.0,1655.0,401.0,1425.0,538.0,537.0,538.0
0.0,4584.0,1617.0,1614.0,1912.0,3191.0,1610.0,942.0,639.0,538.0,537.0,539.0,538.0,541.0,538.0,1035.0,2284.0,1265.0,1610.0,942.0,639.0,538.0,537.0,539.0
0.0,4879.0,1652.0,1614.0,2801.0,2516.0,1030.0,1486.0,0.0,538.0,537.0,539.0,553.0,544.0,555.0,1080.0,1743.0,2056.0,1030.0,1486.0,0.0,538.0,537.0,539.0
0.0,6028.0,1688.0,1617.0,3481.0,1649.0,0.0,1649.0,0.0,539.0,538.0,540.0,559.0,559.0,570.0,1660.0,1199.0,3169.0,0.0,1649.0,0.0,539.0,538.0,540.0
0.0,7821.0,1659.0,1620.0,2442.0,1267.0,0.0,1267.0,0.0,540.0,539.0,541.0,548.0,555.0,556.0,2756.0,1041.0,4024.0,0.0,1267.0,0.0,540.0,539.0,541.0
0.0,8604.0,1668.0,1622.0,3265.0,346.0,0.0,346.0,0.0,541.0,540.0,541.0,557.0,560.0,551.0,3105.0,1428.0,4071.0,0.0,346.0,0.0,541.0,540.0,541.0
0.0,10201.0,1639.0,1622.0,1258.0,0.0,0.0,0.0,0.0,541.0,540.0,541.0,553.0,543.0,543.0,4291.0,2354.0,3556.0,0.0,0.0,0.0,541.0,540.0,541.0
0.0,9820.0,1635.0,1622.0,1658.0,236.0,0.0,0.0,236.0,541.0,540.0,541.0,551.0,540.0,544.0,3738.0,3069.0,3013.0,0.0,0.0,236.0,541.0,540.0,541.0
0.0,9843.0,1628.0,1622.0,346.0,837.0,59.0,0.0,778.0,541.0,540.0,541.0,541.0,545.0,542.0,3187.0,4187.0,2469.0,59.0,0.0,778.0,541.0,540.0,541.0
0.0,8561.0,1677.0,1625.0,0.0,1972.0,623.0,0.0,1349.0,542.0,541.0,542.0,559.0,552.0,566.0,2646.0,3988.0,1927.0,623.0,0.0,1349.0,542.0,541.0,542.0
0.0,6884.0,1703.0,1628.0,236.0,2887.0,1199.0,0.0,1688.0,543.0,542.0,543.0,571.0,562.0,570.0,2087.0,3436.0,1361.0,1199.0,0.0,1688.0,543.0,542.0,543.0
0.0,5417.0,1679.0,1628.0,837.0,3565.0,1701.0,392.0,1472.0,543.0,542.0,543.0,561.0,556.0,562.0,1516.0,2874.0,1027.0,1701.0,392.0,1472.0,543.0,542.0,543.0
0.0,4575.0,1667.0,1630.0,1972.0,3270.0,1642.0,936.0,692.0,544.0,542.0,544.0,559.0,544.0,564.0,1014.0,2318.0,1243.0,1642.0,936.0,692.0,544.0,542.0,544.0
0.0,4880.0,1662.0,1631.0,2887.0,2494.0,993.0,1501.0,0.0,544.0,543.0,544.0,550.0,560.0,552.0,1078.0,1774.0,2028.0,993.0,1501.0,0.0,544.0,543.0,544.0
0.0,6105.0,1662.0,1632.0,3565.0,1668.0,0.0,1668.0,0.0,544.0,543.0,545.0,544.0,559.0,559.0,1727.0,1214.0,3164.0,0.0,1668.0,0.0,544.0,543.0,545.0
0.0,8008.0,1652.0,1632.0,3270.0,1288.0,0.0,1288.0,0.0,544.0,543.0,545.0,541.0,556.0,555.0,2884.0,1047.0,4077.0,0.0,1288.0,0.0,544.0,543.0,545.0
0.0,9626.0,1684.0,1635.0,2494.0,353.0,0.0,353.0,0.0,545.0,544.0,546.0,563.0,561.0,560.0,3985.0,1427.0,4214.0,0.0,353.0,0.0,545.0,544.0,546.0
0.0,10436.0,1686.0,1635.0,1668.0,0.0,0.0,0.0,0.0,545.0,544.0,546.0,573.0,548.0,565.0,4415.0,2367.0,3654.0,0.0,0.0,0.0,545.0,544.0,546.0
0.0,10418.0,1688.0,1638.0,1288.0,202.0,0.0,0.0,202.0,546.0,545.0,547.0,563.0,569.0,556.0,3842.0,3487.0,3089.0,0.0,0.0,202.0,546.0,545.0,547.0
0.0,10018.0,1676.0,1640.0,353.0,773.0,15.0,0.0,758.0,547.0,546.0,547.0,559.0,561.0,556.0,3279.0,4206.0,2533.0,15.0,0.0,758.0,547.0,546.0,547.0
0.0,8695.0,1669.0,1640.0,0.0,1885.0,576.0,0.0,1309.0,547.0,546.0,547.0,561.0,557.0,551.0,2720.0,3998.0,1977.0,576.0,0.0,1309.0,547.0,546.0,547.0
0.0,7026.0,1655.0,1642.0,202.0,2799.0,1135.0,0.0,1664.0,548.0,546.0,548.0,554.0,549.0,552.0,2159.0,3441.0,1426.0,1135.0,0.0,1664.0,548.0,546.0,548.0
0.0,5573.0,1644.0,1642.0,773.0,3508.0,1662.0,379.0,1467.0,548.0,546.0,548.0,542.0,541.0,561.0,1605.0,2892.0,1076.0,1662.0,379.0,1467.0,548.0,546.0,548.0
0.0,4702.0,1680.0,1643.0,1885.0,3308.0,1650.0,941.0,717.0,548.0,546.0,549.0,564.0,562.0,554.0,1078.0,2351.0,1273.0,1650.0,941.0,717.0,548.0,546.0,549.0
0.0,4907.0,1718.0,1645.0,2799.0,2617.0,1094.0,1523.0,0.0,549.0,547.0,549.0,574.0,577.0,567.0,1090.0,1789.0,2028.0,1094.0,1523.0,0.0,549.0,547.0,549.0
0.0,5988.0,1680.0,1648.0,3508.0,1718.0,0.0,1718.0,0.0,550.0,548.0,550.0,553.0,569.0,558.0,1651.0,1212.0,3125.0,0.0,1718.0,0.0,550.0,548.0,550.0
0.0,7816.0,1689.0,1649.0,2580.0,1346.0,0.0,1346.0,0.0,550.0,549.0,550.0,562.0,564.0,563.0,2760.0,1022.0,4034.0,0.0,1346.0,0.0,550.0,549.0,550.0
0.0,8707.0,1681.0,1650.0,3345.0,377.0,0.0,377.0,0.0,550.0,549.0,551.0,562.0,554.0,565.0,3156.0,1399.0,4152.0,0.0,377.0,0.0,550.0,549.0,551.0
0.0,10371.0,1662.0,1650.0,1193.0,0.0,0.0,0.0,0.0,550.0,549.0,551.0,557.0,548.0,557.0,4380.0,2368.0,3623.0,0.0,0.0,0.0,550.0,549.0,551.0
0.0,9902.0,1675.0,1651.0,1166.0,252.0,0.0,0.0,252.0,551.0,549.0,551.0,552.0,560.0,563.0,3823.0,3013.0,3066.0,0.0,0.0,252.0,551.0,549.0,551.0
0.0,9393.0,1683.0,1653.0,1082.0,858.0,43.0,0.0,815.0,551.0,550.0,552.0,559.0,566.0,558.0,3271.0,3619.0,2503.0,43.0,0.0,815.0,551.0,550.0,552.0
0.0,8792.0,1711.0,1655.0,0.0,2006.0,623.0,0.0,1383.0,552.0,551.0,552.0,575.0,568.0,568.0,2712.0,4135.0,1945.0,623.0,0.0,1383.0,552.0,551.0,552.0
0.0,7081.0,1712.0,1657.0,252.0,2900.0,1199.0,0.0,1701.0,553.0,551.0,553.0,571.0,576.0,565.0,2137.0,3567.0,1377.0,1199.0,0.0,1701.0,553.0,551.0,553.0
0.0,5621.0,1690.0,1658.0,858.0,3501.0,1718.0,338.0,1445.0,553.0,552.0,553.0,562.0,569.0,559.0,1566.0,2991.0,1064.0,1718.0,338.0,1445.0,553.0,552.0,553.0
0.0,4789.0,1691.0,1660.0,2006.0,3196.0,1660.0,906.0,630.0,553.0,553.0,554.0,565.0,563.0,563.0,1047.0,2422.0,1320.0,1660.0,906.0,630.0,553.0,553.0,554.0
0.0,5104.0,1684.0,1661.0,2900.0,2497.0,1031.0,1466.0,0.0,554.0,553.0,554.0,565.0,560.0,559.0,1105.0,1859.0,2140.0,1031.0,1466.0,0.0,554.0,553.0,554.0
0.0,6320.0,1673.0,1661.0,3501.0,1688.0,0.0,1688.0,0.0,554.0,553.0,554.0,552.0,560.0,561.0,1739.0,1299.0,3282.0,0.0,1688.0,0.0,554.0,553.0,554.0
0.0,8148.0,1688.0,1663.0,3196.0,1348.0,0.0,1348.0,0.0,554.0,554.0,555.0,564.0,561.0,563.0,2905.0,1077.0,4166.0,0.0,1348.0,0.0,554.0,554.0,555.0
0.0,9656.0,1722.0,1664.0,2497.0,461.0,0.0,461.0,0.0,555.0,554.0,555.0,569.0,579.0,574.0,4001.0,1422.0,4233.0,0.0,461.0,0.0,555.0,554.0,555.0
0.0,10431.0,1735.0,1668.0,1688.0,0.0,0.0,0.0,0.0,556.0,556.0,556.0,577.0,585.0,573.0,4463.0,2309.0,3659.0,0.0,0.0,0.0,556.0,556.0,556.0
0.0,10384.0,1712.0,1669.0,1348.0,273.0,0.0,0.0,273.0,556.0,556.0,557.0,570.0,568.0,574.0,3886.0,3412.0,3086.0,0.0,0.0,273.0,556.0,556.0,557.0
0.0,10020.0,1708.0,1670.0,461.0,884.0,42.0,0.0,842.0,557.0,556.0,557.0,573.0,566.0,569.0,3316.0,4192.0,2512.0,42.0,0.0,842.0,557.0,556.0,557.0
0.0,8773.0,1696.0,1671.0,0.0,2017.0,609.0,0.0,1408.0,557.0,557.0,557.0,567.0,563.0,566.0,2743.0,4087.0,1943.0,609.0,0.0,1408.0,557.0,557.0,557.0
0.0,7077.0,1680.0,1671.0,273.0,2865.0,1169.0,0.0,1696.0,557.0,557.0,557.0,560.0,559.0,561.0,2176.0,3524.0,1377.0,1169.0,0.0,1696.0,557.0,557.0,557.0
0.0,5670.0,1712.0,1673.0,884.0,3523.0,1702.0,393.0,1428.0,558.0,557.0,558.0,570.0,573.0,569.0,1616.0,2965.0,1089.0,1702.0,393.0,1428.0,558.0,557.0,558.0
0.0,4842.0,1734.0,1675.0,2017.0,3250.0,1677.0,978.0,595.0,558.0,558.0,559.0,584.0,580.0,570.0,1088.0,2392.0,1362.0,1677.0,978.0,595.0,558.0,558.0,559.0
0.0,5125.0,1747.0,1678.0,2865.0,2654.0,1092.0,1562.0,0.0,559.0,559.0,560.0,579.0,579.0,589.0,1113.0,1812.0,2200.0,1092.0,1562.0,0.0,559.0,559.0,560.0
0.0,6243.0,1731.0,1679.0,3523.0,1745.0,0.0,1745.0,0.0,560.0,559.0,560.0,577.0,576.0,578.0,1703.0,1233.0,3307.0,0.0,1745.0,0.0,560.0,559.0,560.0
0.0,8035.0,1718.0,1680.0,2839.0,1343.0,0.0,1343.0,0.0,560.0,560.0,560.0,572.0,571.0,575.0,2828.0,1050.0,4157.0,0.0,1343.0,0.0,560.0,560.0,560.0
0.0,9156.0,1676.0,1680.0,3065.0,342.0,0.0,342.0,0.0,560.0,560.0,560.0,558.0,561.0,557.0,3522.0,1457.0,4177.0,0.0,342.0,0.0,560.0,560.0,560.0
0.0,10545.0,1699.0,1682.0,1333.0,0.0,0.0,0.0,0.0,561.0,560.0,561.0,567.0,567.0,565.0,4467.0,2458.0,3620.0,0.0,0.0,0.0,561.0,560.0,561.0
0.0,10179.0,1712.0,1682.0,1755.0,320.0,0.0,0.0,320.0,561.0,560.0,561.0,582.0,560.0,570.0,3900.0,3224.0,3055.0,0.0,0.0,320.0,561.0,560.0,561.0
0.0,10222.0,1740.0,1685.0,342.0,977.0,73.0,0.0,904.0,562.0,561.0,562.0,581.0,580.0,579.0,3318.0,4419.0,2485.0,73.0,0.0,904.0,562.0,561.0,562.0
0.0,8824.0,1749.0,1688.0,0.0,2145.0,656.0,0.0,1489.0,563.0,562.0,563.0,578.0,591.0,580.0,2737.0,4181.0,1906.0,656.0,0.0,1489.0,563.0,562.0,563.0
0.0,7075.0,1753.0,1689.0,320.0,2991.0,1230.0,0.0,1761.0,563.0,563.0,563.0,574.0,587.0,592.0,2159.0,3590.0,1326.0,1230.0,0.0,1761.0,563.0,563.0,563.0
0.0,5642.0,1713.0,1689.0,977.0,3539.0,1730.0,380.0,1429.0,563.0,563.0,563.0,573.0,568.0,572.0,1585.0,3003.0,1054.0,1730.0,380.0,1429.0,563.0,563.0,563.0
0.0,4906.0,1693.0,1691.0,2145.0,3097.0,1648.0,939.0,510.0,564.0,563.0,564.0,569.0,559.0,565.0,1085.0,2435.0,1386.0,1648.0,939.0,510.0,564.0,563.0,564.0
0.0,5358.0,1684.0,1691.0,2991.0,2486.0,978.0,1508.0,0.0,564.0,563.0,564.0,560.0,569.0,555.0,1172.0,1876.0,2310.0,978.0,1508.0,0.0,564.0,563.0,564.0
0.0,6665.0,1743.0,1692.0,3539.0,1724.0,0.0,1724.0,0.0,564.0,564.0,564.0,577.0,591.0,575.0,1842.0,1307.0,3516.0,0.0,1724.0,0.0,564.0,564.0,564.0
0.0,8461.0,1764.0,1695.0,3097.0,1381.0,0.0,1381.0,0.0,565.0,565.0,565.0,582.0,591.0,591.0,2995.0,1096.0,4370.0,0.0,1381.0,0.0,565.0,565.0,565.0
0.0,9794.0,1742.0,1698.0,2486.0,458.0,0.0,458.0,0.0,566.0,566.0,566.0,578.0,580.0,584.0,4061.0,1444.0,4289.0,0.0,458.0,0.0,566.0,566.0,566.0
0.0,10538.0,1720.0,1698.0,1724.0,0.0,0.0,0.0,0.0,566.0,566.0,566.0,570.0,573.0,577.0,4461.0,2372.0,3705.0,0.0,0.0,0.0,566.0,566.0,566.0
0.0,10542.0,1723.0,1699.0,1381.0,275.0,0.0,0.0,275.0,566.0,567.0,566.0,574.0,576.0,573.0,3891.0,3523.0,3128.0,0.0,0.0,275.0,566.0,567.0,566.0
0.0,10200.0,1718.0,1699.0,458.0,920.0,80.0,0.0,840.0,566.0,567.0,566.0,567.0,586.0,565.0,3317.0,4328.0,2555.0,80.0,0.0,840.0,566.0,567.0,566.0
0.0,8940.0,1705.0,1700.0,0.0,2057.0,651.0,0.0,1406.0,566.0,568.0,566.0,571.0,568.0,566.0,2750.0,4200.0,1990.0,651.0,0.0,1406.0,566.0,568.0,566.0
0.0,7235.0,1741.0,1702.0,275.0,2957.0,1240.0,0.0,1717.0,567.0,568.0,567.0,584.0,576.0,581.0,2179.0,3632.0,1424.0,1240.0,0.0,1717.0,567.0,568.0,567.0
0.0,5769.0,1750.0,1704.0,920.0,3581.0,1746.0,362.0,1473.0,568.0,568.0,568.0,581.0,578.0,591.0,1595.0,3056.0,1118.0,1746.0,362.0,1473.0,568.0,568.0,568.0
0.0,4939.0,1761.0,1705.0,2057.0,3290.0,1679.0,956.0,655.0,568.0,569.0,568.0,584.0,589.0,588.0,1094.0,2478.0,1367.0,1679.0,956.0,655.0,568.0,569.0,568.0
0.0,5235.0,1748.0,1708.0,2957.0,2568.0,1019.0,1549.0,0.0,569.0,570.0,569.0,575.0,588.0,585.0,1161.0,1889.0,2185.0,1019.0,1549.0,0.0,569.0,570.0,569.0
0.0,6444.0,1736.0,1708.0,3456.0,1777.0,0.0,1777.0,0.0,569.0,570.0,569.0,579.0,590.0,567.0,1826.0,1301.0,3317.0,0.0,1777.0,0.0,569.0,570.0,569.0
0.0,8164.0,1717.0,1708.0,2679.0,1395.0,0.0,1395.0,0.0,569.0,570.0,569.0,569.0,574.0,574.0,2868.0,1073.0,4223.0,0.0,1395.0,0.0,569.0,570.0,569.0
0.0,9126.0,1714.0,1710.0,3304.0,413.0,0.0,413.0,0.0,569.0,571.0,570.0,573.0,562.0,579.0,3367.0,1455.0,4304.0,0.0,413.0,0.0,569.0,571.0,570.0
0.0,10716.0,1732.0,1711.0,1390.0,0.0,0.0,0.0,0.0,570.0,571.0,570.0,579.0,575.0,578.0,4549.0,2442.0,3725.0,0.0,0.0,0.0,570.0,571.0,570.0
0.0,10374.0,1784.0,1713.0,1675.0,301.0,0.0,0.0,301.0,570.0,572.0,571.0,597.0,594.0,593.0,3970.0,3257.0,3147.0,0.0,0.0,301.0,570.0,572.0,571.0
0.0,10265.0,1782.0,1715.0,520.0,968.0,77.0,0.0,891.0,571.0,573.0,571.0,595.0,597.0,590.0,3373.0,4338.0,2554.0,77.0,0.0,891.0,571.0,573.0,571.0
0.0,9003.0,1751.0,1717.0,0.0,2145.0,671.0,0.0,1474.0,572.0,573.0,572.0,589.0,584.0,578.0,2778.0,4261.0,1964.0,671.0,0.0,1474.0,572.0,573.0,572.0
0.0,7252.0,1744.0,1717.0,301.0,3011.0,1251.0,0.0,1760.0,572.0,573.0,572.0,580.0,577.0,587.0,2189.0,3677.0,1386.0,1251.0,0.0,1760.0,572.0,573.0,572.0
0.0,5809.0,1743.0,1719.0,968.0,3561.0,1766.0,342.0,1453.0,573.0,573.0,573.0,587.0,577.0,579.0,1609.0,3100.0,1100.0,1766.0,342.0,1453.0,573.0,573.0,573.0
0.0,5034.0,1743.0,1720.0,2145.0,3164.0,1677.0,927.0,560.0,573.0,574.0,573.0,582.0,580.0,581.0,1099.0,2523.0,1412.0,1677.0,927.0,560.0,573.0,574.0,573.0
0.0,5436.0,1761.0,1721.0,3011.0,2532.0,1021.0,1511.0,0.0,574.0,574.0,573.0,590.0,584.0,587.0,1188.0,1943.0,2305.0,1021.0,1511.0,0.0,574.0,574.0,573.0
0.0,6686.0,1796.0,1724.0,3561.0,1764.0,0.0,1764.0,0.0,575.0,575.0,574.0,609.0,590.0,597.0,1849.0,1359.0,3478.0,0.0,1764.0,0.0,575.0,575.0,574.0
0.0,8451.0,1770.0,1726.0,3164.0,1435.0,0.0,1435.0,0.0,575.0,576.0,575.0,591.0,593.0,586.0,3006.0,1111.0,4334.0,0.0,1435.0,0.0,575.0,576.0,575.0
0.0,9845.0,1772.0,1727.0,2532.0,512.0,0.0,512.0,0.0,576.0,576.0,575.0,593.0,588.0,591.0,4092.0,1445.0,4308.0,0.0,512.0,0.0,576.0,576.0,575.0
0.0,10605.0,1751.0,1729.0,1764.0,0.0,0.0,0.0,0.0,576.0,577.0,576.0,579.0,589.0,583.0,4520.0,2368.0,3717.0,0.0,0.0,0.0,576.0,577.0,576.0
0.0,10618.0,1755.0,1729.0,1435.0,331.0,0.0,0.0,331.0,576.0,577.0,576.0,589.0,581.0,585.0,3941.0,3543.0,3134.0,0.0,0.0,331.0,576.0,577.0,576.0
0.0,10298.0,1749.0,1731.0,512.0,1040.0,115.0,0.0,925.0,577.0,577.0,577.0,582.0,578.0,589.0,3352.0,4397.0,2549.0,115.0,0.0,925.0,577.0,577.0,577.0
0.0,9061.0,1758.0,1731.0,0.0,2210.0,701.0,0.0,1509.0,577.0,577.0,577.0,586.0,588.0,584.0,2770.0,4331.0,1960.0,701.0,0.0,1509.0,577.0,577.0,577.0
0.0,7303.0,1808.0,1734.0,331.0,3098.0,1318.0,0.0,1780.0,578.0,578.0,578.0,612.0,599.0,597.0,2184.0,3743.0,1376.0,1318.0,0.0,1780.0,578.0,578.0,578.0
0.0,5826.0,1800.0,1736.0,1040.0,3614.0,1804.0,356.0,1454.0,579.0,579.0,578.0,596.0,605.0,599.0,1572.0,3144.0,1110.0,1804.0,356.0,1454.0,579.0,579.0,578.0
0.0,5066.0,1762.0,1738.0,2210.0,3176.0,1693.0,954.0,529.0,579.0,580.0,579.0,590.0,593.0,579.0,1091.0,2539.0,1436.0,1693.0,954.0,529.0,579.0,580.0,579.0
0.0,5514.0,1762.0,1739.0,3098.0,2506.0,970.0,1536.0,0.0,580.0,580.0,579.0,590.0,582.0,590.0,1202.0,1946.0,2366.0,970.0,1536.0,0.0,580.0,580.0,579.0
0.0,6850.0,1749.0,1738.0,3386.0,1754.0,0.0,1754.0,0.0,580.0,579.0,579.0,581.0,579.0,589.0,1930.0,1364.0,3556.0,0.0,1754.0,0.0,580.0,579.0,579.0
0.0,8487.0,1753.0,1739.0,2585.0,1397.0,0.0,1397.0,0.0,580.0,580.0,579.0,584.0,592.0,577.0,2925.0,1141.0,4421.0,0.0,1397.0,0.0,580.0,580.0,579.0
0.0,9319.0,1775.0,1741.0,3325.0,452.0,0.0,452.0,0.0,581.0,580.0,580.0,594.0,591.0,590.0,3443.0,1503.0,4373.0,0.0,452.0,0.0,581.0,580.0,580.0
0.0,10869.0,1796.0,1742.0,1754.0,0.0,0.0,0.0,0.0,581.0,581.0,580.0,604.0,604.0,588.0,4638.0,2448.0,3783.0,0.0,0.0,0.0,581.0,581.0,580.0
0.0,10827.0,1791.0,1745.0,1397.0,311.0,0.0,0.0,311.0,582.0,582.0,581.0,589.0,601.0,601.0,4034.0,3598.0,3195.0,0.0,0.0,311.0,582.0,582.0,581.0
0.0,10433.0,1808.0,1747.0,452.0,989.0,65.0,0.0,924.0,582.0,583.0,582.0,600.0,600.0,608.0,3445.0,4394.0,2594.0,65.0,0.0,924.0,582.0,583.0,582.0
0.0,9077.0,1781.0,1748.0,0.0,2178.0,664.0,0.0,1514.0,583.0,583.0,582.0,594.0,597.0,590.0,2845.0,4246.0,1986.0,664.0,0.0,1514.0,583.0,583.0,582.0
0.0,7296.0,1755.0,1748.0,311.0,3032.0,1245.0,0.0,1787.0,583.0,583.0,582.0,581.0,590.0,584.0,2251.0,3649.0,1396.0,1245.0,0.0,1787.0,583.0,583.0,582.0
0.0,5852.0,1779.0,1748.0,989.0,3678.0,1771.0,453.0,1454.0,583.0,583.0,582.0,591.0,597.0,591.0,1670.0,3059.0,1123.0,1771.0,453.0,1454.0,583.0,583.0,582.0
0.0,5062.0,1781.0,1750.0,2178.0,3291.0,1705.0,1052.0,534.0,583.0,584.0,583.0,598.0,594.0,589.0,1144.0,2462.0,1456.0,1705.0,1052.0,534.0,583.0,584.0,583.0
0.0,5459.0,1802.0,1752.0,3032.0,2730.0,1069.0,1661.0,0.0,584.0,585.0,583.0,604.0,604.0,594.0,1210.0,1868.0,2381.0,1069.0,1661.0,0.0,584.0,585.0,583.0
0.0,6689.0,1831.0,1755.0,3678.0,1824.0,0.0,1824.0,0.0,585.0,586.0,584.0,615.0,611.0,605.0,1851.0,1264.0,3574.0,0.0,1824.0,0.0,585.0,586.0,584.0
0.0,8536.0,1807.0,1757.0,3291.0,1390.0,0.0,1390.0,0.0,585.0,587.0,585.0,593.0,613.0,601.0,3007.0,1106.0,4423.0,0.0,1390.0,0.0,585.0,587.0,585.0
0.0,10020.0,1793.0,1758.0,2730.0,330.0,0.0,330.0,0.0,586.0,587.0,585.0,591.0,601.0,601.0,4119.0,1545.0,4356.0,0.0,330.0,0.0,586.0,587.0,585.0
0.0,10957.0,1758.0,1758.0,1824.0,0.0,0.0,0.0,0.0,586.0,587.0,585.0,585.0,590.0,583.0,4597.0,2605.0,3755.0,0.0,0.0,0.0,586.0,587.0,585.0
0.0,11023.0,1778.0,1758.0,1390.0,347.0,0.0,0.0,347.0,586.0,587.0,585.0,594.0,590.0,594.0,4012.0,3839.0,3172.0,0.0,0.0,347.0,586.0,587.0,585.0
0.0,10635.0,1807.0,1761.0,330.0,1065.0,117.0,0.0,948.0,587.0,588.0,586.0,600.0,611.0,596.0,3418.0,4639.0,2578.0,117.0,0.0,948.0,587.0,588.0,586.0
0.0,9158.0,1820.0,1762.0,0.0,2275.0,728.0,0.0,1547.0,587.0,589.0,586.0,611.0,610.0,599.0,2818.0,4358.0,1982.0,728.0,0.0,1547.0,587.0,589.0,586.0
0.0,7338.0,1824.0,1765.0,347.0,3152.0,1339.0,0.0,1813.0,588.0,590.0,587.0,606.0,610.0,608.0,2207.0,3748.0,1383.0,1339.0,0.0,1813.0,588.0,590.0,587.0
0.0,5861.0,1818.0,1767.0,1065.0,3727.0,1827.0,416.0,1484.0,589.0,590.0,588.0,600.0,604.0,614.0,1601.0,3138.0,1122.0,1827.0,416.0,1484.0,589.0,590.0,588.0
0.0,5108.0,1794.0,1767.0,2275.0,3246.0,1697.0,1013.0,536.0,589.0,590.0,588.0,598.0,597.0,599.0,1118.0,2534.0,1456.0,1697.0,1013.0,536.0,589.0,590.0,588.0
0.0,5589.0,1790.0,1767.0,3152.0,2564.0,950.0,1614.0,0.0,589.0,590.0,588.0,592.0,601.0,597.0,1248.0,1937.0,2404.0,950.0,1614.0,0.0,589.0,590.0,588.0
0.0,6951.0,1792.0,1770.0,3550.0,1806.0,0.0,1806.0,0.0,590.0,591.0,589.0,595.0,603.0,594.0,1995.0,1336.0,3620.0,0.0,1806.0,0.0,590.0,591.0,589.0
0.0,8709.0,1798.0,1770.0,2778.0,1390.0,0.0,1390.0,0.0,590.0,591.0,589.0,606.0,597.0,595.0,3050.0,1149.0,4510.0,0.0,1390.0,0.0,590.0,591.0,589.0
0.0,9689.0,1837.0,1773.0,3209.0,388.0,0.0,388.0,0.0,591.0,592.0,590.0,611.0,607.0,619.0,3673.0,1565.0,4451.0,0.0,388.0,0.0,591.0,592.0,590.0
0.0,11061.0,1831.0,1776.0,1438.0,0.0,0.0,0.0,0.0,592.0,593.0,591.0,611.0,608.0,612.0,4657.0,2572.0,3832.0,0.0,0.0,0.0,592.0,593.0,591.0
0.0,10668.0,1840.0,1778.0,1062.0,348.0,0.0,0.0,348.0,593.0,593.0,592.0,608.0,624.0,608.0,4046.0,3402.0,3220.0,0.0,0.0,348.0,593.0,593.0,592.0
0.0,9890.0,1808.0,1779.0,1084.0,1081.0,128.0,0.0,953.0,593.0,594.0,592.0,601.0,602.0,605.0,3438.0,3840.0,2612.0,128.0,0.0,953.0,593.0,594.0,592.0
0.0,9166.0,1787.0,1779.0,0.0,2274.0,723.0,0.0,1551.0,593.0,594.0,592.0,595.0,594.0,598.0,2837.0,4322.0,2007.0,723.0,0.0,1551.0,593.0,594.0,592.0
0.0,7379.0,1774.0,1779.0,348.0,3106.0,1311.0,0.0,1795.0,593.0,594.0,592.0,588.0,594.0,592.0,2242.0,3728.0,1409.0,1311.0,0.0,1795.0,593.0,594.0,592.0
0.0,5953.0,1812.0,1782.0,1081.0,3688.0,1787.0,452.0,1449.0,594.0,595.0,593.0,599.0,611.0,602.0,1654.0,3134.0,1165.0,1787.0,452.0,1449.0,594.0,595.0,593.0
0.0,5222.0,1859.0,1784.0,2274.0,3283.0,1689.0,1069.0,525.0,595.0,595.0,594.0,620.0,617.0,622.0,1183.0,2523.0,1516.0,1689.0,1069.0,525.0,595.0,595.0,594.0
0.0,5637.0,1860.0,1788.0,3106.0,2700.0,996.0,1704.0,0.0,596.0,597.0,595.0,613.0,625.0,622.0,1286.0,1906.0,2445.0,996.0,1704.0,0.0,596.0,597.0,595.0
0.0,6883.0,1840.0,1788.0,3688.0,1867.0,0.0,1867.0,0.0,596.0,597.0,595.0,612.0,615.0,613.0,1984.0,1281.0,3618.0,0.0,1867.0,0.0,596.0,597.0,595.0
0.0,8731.0,1817.0,1790.0,3283.0,1406.0,0.0,1406.0,0.0,596.0,598.0,596.0,609.0,603.0,605.0,3159.0,1118.0,4454.0,0.0,1406.0,0.0,596.0,598.0,596.0
0.0,10197.0,1798.0,1791.0,2700.0,303.0,0.0,303.0,0.0,597.0,598.0,596.0,605.0,601.0,592.0,4239.0,1584.0,4374.0,0.0,303.0,0.0,597.0,598.0,596.0
0.0,11099.0,1797.0,1791.0,1867.0,0.0,0.0,0.0,0.0,597.0,598.0,596.0,594.0,607.0,596.0,4630.0,2687.0,3782.0,0.0,0.0,0.0,597.0,598.0,596.0
0.0,11169.0,1832.0,1792.0,1406.0,409.0,0.0,0.0,409.0,597.0,599.0,596.0,609.0,608.0,615.0,4036.0,3947.0,3186.0,0.0,0.0,409.0,597.0,599.0,596.0
0.0,10743.0,1869.0,1794.0,303.0,1230.0,187.0,0.0,1043.0,598.0,599.0,597.0,624.0,616.0,629.0,3427.0,4745.0,2571.0,187.0,0.0,1043.0,598.0,599.0,597.0
0.0,9177.0,1850.0,1797.0,0.0,2472.0,806.0,0.0,1666.0,599.0,600.0,598.0,614.0,618.0,618.0,2803.0,4432.0,1942.0,806.0,0.0,1666.0,599.0,600.0,598.0
0.0,7327.0,1833.0,1798.0,409.0,3278.0,1414.0,0.0,1864.0,599.0,601.0,598.0,608.0,618.0,607.0,2189.0,3814.0,1324.0,1414.0,0.0,1864.0,599.0,601.0,598.0
0.0,5903.0,1821.0,1799.0,1230.0,3683.0,1841.0,412.0,1430.0,599.0,601.0,599.0,614.0,603.0,604.0,1581.0,3196.0,1126.0,1841.0,412.0,1430.0,599.0,601.0,599.0
0.0,5312.0,1798.0,1799.0,2472.0,3009.0,1640.0,1009.0,360.0,599.0,601.0,599.0,605.0,597.0,596.0,1154.0,2593.0,1565.0,1640.0,1009.0,360.0,599.0,601.0,599.0
0.0,5986.0,1799.0,1799.0,3278.0,2435.0,826.0,1609.0,0.0,599.0,601.0,599.0,600.0,600.0,599.0,1355.0,1996.0,2635.0,826.0,1609.0,0.0,599.0,601.0,599.0
0.0,7465.0,1843.0,1802.0,3451.0,1808.0,0.0,1808.0,0.0,600.0,602.0,600.0,619.0,606.0,618.0,2169.0,1396.0,3900.0,0.0,1808.0,0.0,600.0,602.0,600.0
0.0,9073.0,1846.0,1803.0,2731.0,1412.0,0.0,1412.0,0.0,601.0,602.0,600.0,621.0,613.0,612.0,3159.0,1202.0,4712.0,0.0,1412.0,0.0,601.0,602.0,600.0
0.0,9958.0,1863.0,1806.0,2945.0,427.0,0.0,427.0,0.0,602.0,603.0,601.0,621.0,619.0,623.0,3900.0,1598.0,4460.0,0.0,427.0,0.0,602.0,603.0,601.0
0.0,11040.0,1843.0,1807.0,1671.0,0.0,0.0,0.0,0.0,602.0,604.0,601.0,612.0,621.0,610.0,4615.0,2588.0,3837.0,0.0,0.0,0.0,602.0,604.0,601.0
0.0,10868.0,1820.0,1807.0,1549.0,376.0,0.0,0.0,376.0,602.0,604.0,601.0,615.0,607.0,598.0,4003.0,3638.0,3227.0,0.0,0.0,376.0,602.0,604.0,601.0
0.0,10597.0,1803.0,1808.0,427.0,1216.0,225.0,0.0,991.0,602.0,604.0,602.0,603.0,590.0,610.0,3388.0,4580.0,2629.0,225.0,0.0,991.0,602.0,604.0,602.0
0.0,9221.0,1828.0,1809.0,0.0,2436.0,837.0,0.0,1599.0,603.0,604.0,602.0,607.0,613.0,608.0,2785.0,4417.0,2019.0,837.0,0.0,1599.0,603.0,604.0,602.0
0.0,7393.0,1842.0,1811.0,376.0,3291.0,1451.0,0.0,1840.0,603.0,605.0,603.0,614.0,616.0,612.0,2178.0,3804.0,1411.0,1451.0,0.0,1840.0,603.0,605.0,603.0
0.0,5927.0,1883.0,1812.0,1216.0,3800.0,1866.0,461.0,1473.0,604.0,605.0,603.0,635.0,624.0,624.0,1564.0,3188.0,1175.0,1866.0,461.0,1473.0,604.0,605.0,603.0
0.0,5260.0,1848.0,1815.0,2436.0,3227.0,1650.0,1080.0,497.0,605.0,606.0,604.0,616.0,614.0,618.0,1154.0,2564.0,1542.0,1650.0,1080.0,497.0,605.0,606.0,604.0
0.0,5848.0,1845.0,1815.0,3291.0,2513.0,813.0,1700.0,0.0,605.0,606.0,604.0,614.0,620.0,611.0,1375.0,1950.0,2523.0,813.0,1700.0,0.0,605.0,606.0,604.0
0.0,7294.0,1849.0,1817.0,3800.0,1859.0,0.0,1859.0,0.0,605.0,607.0,605.0,615.0,615.0,619.0,2212.0,1330.0,3752.0,0.0,1859.0,0.0,605.0,607.0,605.0
0.0,9245.0,1834.0,1818.0,3227.0,1392.0,0.0,1392.0,0.0,606.0,607.0,605.0,610.0,613.0,611.0,3463.0,1176.0,4606.0,0.0,1392.0,0.0,606.0,607.0,605.0
0.0,10638.0,1829.0,1818.0,2513.0,298.0,0.0,298.0,0.0,606.0,607.0,605.0,604.0,606.0,619.0,4503.0,1643.0,4492.0,0.0,298.0,0.0,606.0,607.0,605.0
0.0,11322.0,1851.0,1819.0,1859.0,0.0,0.0,0.0,0.0,606.0,607.0,606.0,621.0,606.0,624.0,4712.0,2737.0,3873.0,0.0,0.0,0.0,606.0,607.0,606.0
0.0,11330.0,1890.0,1822.0,1392.0,410.0,0.0,0.0,410.0,607.0,608.0,607.0,633.0,633.0,624.0,4091.0,3990.0,3249.0,0.0,0.0,410.0,607.0,608.0,607.0
0.0,10832.0,1873.0,1824.0,298.0,1239.0,207.0,0.0,1032.0,608.0,609.0,607.0,625.0,626.0,622.0,3458.0,4749.0,2625.0,207.0,0.0,1032.0,608.0,609.0,607.0
0.0,9257.0,1858.0,1825.0,0.0,2478.0,825.0,0.0,1653.0,608.0,609.0,608.0,618.0,624.0,616.0,2833.0,4421.0,2003.0,825.0,0.0,1653.0,608.0,609.0,608.0
0.0,7399.0,1852.0,1826.0,410.0,3310.0,1451.0,0.0,1859.0,609.0,609.0,608.0,621.0,615.0,616.0,2215.0,3797.0,1387.0,1451.0,0.0,1859.0,609.0,609.0,608.0
0.0,5957.0,1859.0,1827.0,1239.0,3798.0,1867.0,479.0,1452.0,609.0,609.0,609.0,623.0,616.0,620.0,1594.0,3182.0,1181.0,1867.0,479.0,1452.0,609.0,609.0,609.0
0.0,5337.0,1827.0,1827.0,2478.0,3147.0,1644.0,1086.0,417.0,609.0,609.0,609.0,602.0,607.0,618.0,1178.0,2566.0,1593.0,1644.0,1086.0,417.0,609.0,609.0,609.0
0.0,5988.0,1865.0,1829.0,3310.0,2533.0,817.0,1716.0,0.0,610.0,610.0,609.0,619.0,625.0,621.0,1401.0,1959.0,2628.0,817.0,1716.0,0.0,610.0,610.0,609.0
0.0,7433.0,1901.0,1831.0,3575.0,1882.0,0.0,1882.0,0.0,610.0,611.0,610.0,633.0,640.0,628.0,2233.0,1334.0,3866.0,0.0,1882.0,0.0,610.0,611.0,610.0
0.0,9107.0,1892.0,1834.0,2943.0,1433.0,0.0,1433.0,0.0,611.0,612.0,611.0,633.0,632.0,627.0,3244.0,1173.0,4690.0,0.0,1433.0,0.0,611.0,612.0,611.0
0.0,10158.0,1863.0,1835.0,2960.0,334.0,0.0,334.0,0.0,612.0,612.0,611.0,621.0,617.0,625.0,4051.0,1627.0,4480.0,0.0,334.0,0.0,612.0,612.0,611.0
0.0,11255.0,1868.0,1836.0,1383.0,0.0,0.0,0.0,0.0,612.0,612.0,612.0,622.0,623.0,623.0,4674.0,2726.0,3855.0,0.0,0.0,0.0,612.0,612.0,612.0
0.0,10770.0,1848.0,1836.0,1587.0,451.0,0.0,0.0,451.0,612.0,612.0,612.0,611.0,614.0,623.0,4052.0,3486.0,3232.0,0.0,0.0,451.0,612.0,612.0,612.0
0.0,10509.0,1845.0,1836.0,679.0,1297.0,231.0,0.0,1066.0,612.0,612.0,612.0,612.0,618.0,615.0,3441.0,4459.0,2609.0,231.0,0.0,1066.0,612.0,612.0,612.0
0.0,9343.0,1874.0,1839.0,0.0,2555.0,858.0,0.0,1697.0,613.0,613.0,613.0,622.0,626.0,626.0,2829.0,4520.0,1994.0,858.0,0.0,1697.0,613.0,613.0,613.0
0.0,7469.0,1912.0,1841.0,451.0,3395.0,1504.0,0.0,1891.0,614.0,613.0,614.0,641.0,631.0,640.0,2207.0,3894.0,1368.0,1504.0,0.0,1891.0,614.0,613.0,614.0
0.0,6008.0,1894.0,1842.0,1297.0,3799.0,1908.0,437.0,1454.0,614.0,614.0,614.0,635.0,630.0,629.0,1566.0,3263.0,1179.0,1908.0,437.0,1454.0,614.0,614.0,614.0
0.0,5411.0,1902.0,1845.0,2555.0,3161.0,1680.0,1084.0,397.0,615.0,615.0,615.0,625.0,642.0,635.0,1162.0,2633.0,1616.0,1680.0,1084.0,397.0,615.0,615.0,615.0
0.0,6064.0,1885.0,1845.0,3395.0,2513.0,800.0,1713.0,0.0,615.0,615.0,615.0,624.0,629.0,632.0,1395.0,1991.0,2678.0,800.0,1713.0,0.0,615.0,615.0,615.0
0.0,7574.0,1858.0,1845.0,3799.0,1896.0,0.0,1896.0,0.0,615.0,615.0,615.0,623.0,620.0,615.0,2275.0,1362.0,3937.0,0.0,1896.0,0.0,615.0,615.0,615.0
0.0,9515.0,1852.0,1845.0,3161.0,1428.0,0.0,1428.0,0.0,615.0,615.0,615.0,619.0,616.0,617.0,3560.0,1179.0,4776.0,0.0,1428.0,0.0,615.0,615.0,615.0
0.0,10824.0,1889.0,1848.0,2513.0,356.0,0.0,356.0,0.0,616.0,616.0,616.0,633.0,636.0,620.0,4621.0,1647.0,4556.0,0.0,356.0,0.0,616.0,616.0,616.0
0.0,11448.0,1924.0,1850.0,1896.0,0.0,0.0,0.0,0.0,617.0,617.0,616.0,651.0,638.0,635.0,4788.0,2724.0,3936.0,0.0,0.0,0.0,617.0,617.0,616.0
0.0,11420.0,1914.0,1853.0,1428.0,424.0,0.0,0.0,424.0,618.0,618.0,617.0,635.0,639.0,640.0,4137.0,3982.0,3301.0,0.0,0.0,424.0,618.0,618.0,617.0
0.0,10934.0,1907.0,1855.0,356.0,1297.0,230.0,0.0,1067.0,619.0,618.0,618.0,637.0,632.0,638.0,3502.0,4771.0,2661.0,230.0,0.0,1067.0,619.0,618.0,618.0
0.0,9383.0,1892.0,1855.0,0.0,2561.0,862.0,0.0,1699.0,619.0,618.0,618.0,632.0,628.0,632.0,2865.0,4495.0,2023.0,862.0,0.0,1699.0,619.0,618.0,618.0
0.0,7491.0,1862.0,1855.0,424.0,3384.0,1486.0,0.0,1898.0,619.0,618.0,618.0,624.0,615.0,623.0,2233.0,3867.0,1391.0,1486.0,0.0,1898.0,619.0,618.0,618.0
0.0,6053.0,1883.0,1855.0,1297.0,3808.0,1880.0,473.0,1455.0,619.0,618.0,618.0,624.0,635.0,624.0,1609.0,3252.0,1192.0,1880.0,473.0,1455.0,619.0,618.0,618.0
0.0,5467.0,1893.0,1858.0,2561.0,3155.0,1655.0,1109.0,391.0,620.0,619.0,619.0,632.0,631.0,630.0,1215.0,2617.0,1635.0,1655.0,1109.0,391.0,620.0,619.0,619.0
0.0,6135.0,1919.0,1861.0,3384.0,2564.0,819.0,1745.0,0.0,621.0,620.0,620.0,645.0,631.0,643.0,1445.0,1986.0,2704.0,819.0,1745.0,0.0,621.0,620.0,620.0
0.0,7600.0,1911.0,1862.0,3605.0,1909.0,0.0,1909.0,0.0,621.0,620.0,621.0,636.0,637.0,638.0,2286.0,1355.0,3959.0,0.0,1909.0,0.0,621.0,620.0,621.0
0.0,9294.0,1901.0,1864.0,2991.0,1433.0,0.0,1433.0,0.0,622.0,621.0,621.0,632.0,628.0,641.0,3327.0,1191.0,4776.0,0.0,1433.0,0.0,622.0,621.0,621.0
0.0,10384.0,1890.0,1864.0,2931.0,322.0,0.0,322.0,0.0,622.0,621.0,621.0,633.0,634.0,623.0,4186.0,1672.0,4526.0,0.0,322.0,0.0,622.0,621.0,621.0
0.0,11425.0,1880.0,1864.0,1909.0,0.0,0.0,0.0,0.0,622.0,621.0,621.0,636.0,623.0,621.0,4739.0,2783.0,3903.0,0.0,0.0,0.0,622.0,621.0,621.0
0.0,11454.0,1875.0,1866.0,1336.0,455.0,0.0,0.0,455.0,623.0,621.0,622.0,621.0,627.0,627.0,4103.0,4069.0,3282.0,0.0,0.0,455.0,623.0,621.0,622.0
0.0,10915.0,1901.0,1867.0,419.0,1355.0,259.0,0.0,1096.0,623.0,622.0,622.0,626.0,634.0,641.0,3482.0,4778.0,2655.0,259.0,0.0,1096.0,623.0,622.0,622.0
0.0,9433.0,1927.0,1870.0,0.0,2636.0,906.0,0.0,1730.0,624.0,623.0,623.0,642.0,656.0,629.0,2856.0,4563.0,2014.0,906.0,0.0,1730.0,624.0,623.0,623.0
0.0,7506.0,1929.0,1872.0,455.0,3479.0,1548.0,0.0,1931.0,624.0,624.0,624.0,642.0,636.0,651.0,2214.0,3907.0,1385.0,1548.0,0.0,1931.0,624.0,624.0,624.0
0.0,6032.0,1905.0,1873.0,1355.0,3883.0,1930.0,484.0,1469.0,625.0,624.0,624.0,636.0,635.0,634.0,1572.0,3271.0,1189.0,1930.0,484.0,1469.0,625.0,624.0,624.0
0.0,5482.0,1904.0,1875.0,2636.0,3161.0,1661.0,1126.0,374.0,625.0,625.0,625.0,637.0,637.0,630.0,1195.0,2636.0,1651.0,1661.0,1126.0,374.0,625.0,625.0,625.0
0.0,6214.0,1884.0,1875.0,3479.0,2495.0,748.0,1747.0,0.0,625.0,625.0,625.0,635.0,621.0,628.0,1464.0,1999.0,2751.0,748.0,1747.0,0.0,625.0,625.0,625.0
0.0,7809.0,1887.0,1876.0,3883.0,1896.0,0.0,1896.0,0.0,626.0,625.0,625.0,631.0,633.0,623.0,2377.0,1378.0,4054.0,0.0,1896.0,0.0,626.0,625.0,625.0
0.0,9805.0,1927.0,1878.0,3161.0,1419.0,0.0,1419.0,0.0,626.0,626.0,626.0,641.0,644.0,642.0,3676.0,1229.0,4900.0,0.0,1419.0,0.0,626.0,626.0,626.0
0.0,11039.0,1949.0,1881.0,2495.0,321.0,0.0,321.0,0.0,627.0,627.0,627.0,650.0,644.0,655.0,4696.0,1711.0,4632.0,0.0,321.0,0.0,627.0,627.0,627.0
0.0,11585.0,1950.0,1882.0,1896.0,0.0,0.0,0.0,0.0,628.0,627.0,627.0,646.0,654.0,650.0,4794.0,2814.0,3977.0,0.0,0.0,0.0,628.0,627.0,627.0
0.0,11531.0,1908.0,1884.0,1419.0,446.0,0.0,0.0,446.0,628.0,628.0,628.0,636.0,639.0,633.0,4148.0,4056.0,3327.0,0.0,0.0,446.0,628.0,628.0,628.0
0.0,11042.0,1909.0,1884.0,321.0,1345.0,267.0,0.0,1078.0,628.0,628.0,628.0,639.0,638.0,632.0,3512.0,4836.0,2694.0,267.0,0.0,1078.0,628.0,628.0,628.0
0.0,9454.0,1903.0,1886.0,0.0,2608.0,902.0,0.0,1706.0,629.0,629.0,628.0,630.0,645.0,628.0,2873.0,4519.0,2062.0,902.0,0.0,1706.0,629.0,629.0,628.0
0.0,7551.0,1895.0,1887.0,446.0,3431.0,1529.0,0.0,1902.0,629.0,629.0,629.0,627.0,631.0,637.0,2243.0,3874.0,1434.0,1529.0,0.0,1902.0,629.0,629.0,629.0
0.0,6102.0,1922.0,1887.0,1345.0,3910.0,1901.0,538.0,1471.0,629.0,629.0,629.0,639.0,636.0,647.0,1616.0,3243.0,1243.0,1901.0,538.0,1471.0,629.0,629.0,629.0
0.0,5525.0,1945.0,1890.0,2608.0,3262.0,1656.0,1189.0,417.0,630.0,630.0,630.0,652.0,646.0,647.0,1244.0,2607.0,1674.0,1656.0,1189.0,417.0,630.0,630.0,630.0
0.0,6188.0,1957.0,1893.0,3431.0,2633.0,778.0,1855.0,0.0,631.0,631.0,631.0,646.0,661.0,650.0,1494.0,1961.0,2733.0,778.0,1855.0,0.0,631.0,631.0,631.0
0.0,7662.0,1931.0,1894.0,3689.0,1969.0,0.0,1969.0,0.0,631.0,632.0,631.0,645.0,647.0,639.0,2377.0,1300.0,3985.0,0.0,1969.0,0.0,631.0,632.0,631.0
0.0,9420.0,1914.0,1895.0,3279.0,1413.0,0.0,1413.0,0.0,632.0,632.0,631.0,641.0,633.0,640.0,3412.0,1191.0,4817.0,0.0,1413.0,0.0,632.0,632.0,631.0
0.0,10785.0,1900.0,1895.0,2837.0,191.0,0.0,191.0,0.0,632.0,632.0,631.0,634.0,633.0,633.0,4444.0,1747.0,4594.0,0.0,191.0,0.0,632.0,632.0,631.0
0.0,11722.0,1912.0,1896.0,1653.0,0.0,0.0,0.0,0.0,632.0,632.0,632.0,637.0,633.0,642.0,4792.0,2969.0,3961.0,0.0,0.0,0.0,632.0,632.0,632.0
0.0,11463.0,1947.0,1899.0,1440.0,499.0,0.0,0.0,499.0,633.0,633.0,633.0,646.0,648.0,653.0,4155.0,3989.0,3319.0,0.0,0.0,499.0,633.0,633.0,633.0
0.0,10956.0,1966.0,1900.0,480.0,1467.0,311.0,0.0,1156.0,633.0,634.0,633.0,655.0,654.0,657.0,3509.0,4781.0,2666.0,311.0,0.0,1156.0,633.0,634.0,633.0
0.0,9470.0,1956.0,1902.0,0.0,2783.0,971.0,0.0,1812.0,634.0,634.0,634.0,655.0,650.0,651.0,2854.0,4607.0,2009.0,971.0,0.0,1812.0,634.0,634.0,634.0
0.0,7514.0,1944.0,1905.0,499.0,3597.0,1625.0,0.0,1972.0,635.0,635.0,635.0,649.0,641.0,654.0,2199.0,3957.0,1358.0,1625.0,0.0,1972.0,635.0,635.0,635.0
0.0,6069.0,1939.0,1905.0,1467.0,3928.0,1965.0,504.0,1459.0,635.0,635.0,635.0,651.0,645.0,643.0,1550.0,3316.0,1203.0,1965.0,504.0,1459.0,635.0,635.0,635.0
0.0,5597.0,1930.0,1905.0,2783.0,3075.0,1636.0,1144.0,295.0,635.0,635.0,635.0,642.0,640.0,648.0,1210.0,2671.0,1716.0,1636.0,1144.0,295.0,635.0,635.0,635.0
0.0,6450.0,1929.0,1907.0,3597.0,2441.0,654.0,1787.0,0.0,636.0,635.0,636.0,638.0,643.0,648.0,1539.0,2031.0,2880.0,654.0,1787.0,0.0,636.0,635.0,636.0
0.0,8118.0,1938.0,1908.0,3928.0,1927.0,0.0,1927.0,0.0,636.0,636.0,636.0,648.0,639.0,651.0,2526.0,1388.0,4204.0,0.0,1927.0,0.0,636.0,636.0,636.0
0.0,10108.0,1975.0,1910.0,3075.0,1436.0,0.0,1436.0,0.0,637.0,636.0,637.0,661.0,653.0,661.0,3843.0,1253.0,5012.0,0.0,1436.0,0.0,637.0,636.0,637.0
0.0,11208.0,1973.0,1913.0,2441.0,319.0,0.0,319.0,0.0,638.0,637.0,638.0,654.0,665.0,654.0,4818.0,1744.0,4646.0,0.0,319.0,0.0,638.0,637.0,638.0
0.0,11676.0,1952.0,1914.0,1927.0,0.0,0.0,0.0,0.0,638.0,638.0,638.0,644.0,653.0,655.0,4818.0,2866.0,3992.0,0.0,0.0,0.0,638.0,638.0,638.0
0.0,11651.0,1942.0,1914.0,1436.0,502.0,0.0,0.0,502.0,638.0,638.0,638.0,645.0,648.0,649.0,4174.0,4140.0,3337.0,0.0,0.0,502.0,638.0,638.0,638.0
0.0,11145.0,1914.0,1915.0,319.0,1441.0,294.0,0.0,1147.0,638.0,638.0,639.0,633.0,641.0,640.0,3529.0,4928.0,2688.0,294.0,0.0,1147.0,638.0,638.0,639.0
0.0,9550.0,1937.0,1917.0,0.0,2735.0,938.0,0.0,1797.0,639.0,639.0,639.0,639.0,648.0,650.0,2896.0,4606.0,2048.0,938.0,0.0,1797.0,639.0,639.0,639.0
0.0,7613.0,1957.0,1917.0,502.0,3536.0,1595.0,0.0,1941.0,639.0,639.0,639.0,657.0,654.0,646.0,2257.0,3958.0,1398.0,1595.0,0.0,1941.0,639.0,639.0,639.0
0.0,6158.0,1976.0,1920.0,1441.0,3977.0,1969.0,561.0,1447.0,640.0,640.0,640.0,663.0,665.0,648.0,1600.0,3304.0,1254.0,1969.0,561.0,1447.0,640.0,640.0,640.0
0.0,5623.0,1993.0,1923.0,2735.0,3250.0,1698.0,1234.0,318.0,641.0,641.0,641.0,662.0,668.0,663.0,1231.0,2639.0,1753.0,1698.0,1234.0,318.0,641.0,641.0,641.0
0.0,6365.0,1963.0,1923.0,3536.0,2643.0,757.0,1886.0,0.0,641.0,641.0,641.0,654.0,652.0,657.0,1507.0,1971.0,2887.0,757.0,1886.0,0.0,641.0,641.0,641.0
0.0,7938.0,1958.0,1925.0,3656.0,1985.0,0.0,1985.0,0.0,641.0,642.0,642.0,650.0,655.0,653.0,2448.0,1319.0,4171.0,0.0,1985.0,0.0,641.0,642.0,642.0
0.0,9636.0,1952.0,1926.0,3351.0,1400.0,0.0,1400.0,0.0,642.0,642.0,642.0,655.0,649.0,648.0,3446.0,1225.0,4965.0,0.0,1400.0,0.0,642.0,642.0,642.0
0.0,11035.0,1938.0,1926.0,2863.0,161.0,0.0,161.0,0.0,642.0,642.0,642.0,648.0,647.0,643.0,4590.0,1810.0,4635.0,0.0,161.0,0.0,642.0,642.0,642.0
0.0,11960.0,1971.0,1927.0,1968.0,0.0,0.0,0.0,0.0,642.0,643.0,642.0,650.0,670.0,651.0,4919.0,3049.0,3992.0,0.0,0.0,0.0,642.0,643.0,642.0
0.0,11957.0,1988.0,1930.0,1249.0,537.0,0.0,0.0,537.0,643.0,644.0,643.0,670.0,655.0,663.0,4269.0,4347.0,3341.0,0.0,0.0,537.0,643.0,644.0,643.0
0.0,11218.0,1975.0,1932.0,329.0,1477.0,277.0,0.0,1200.0,644.0,644.0,644.0,656.0,661.0,658.0,3599.0,4941.0,2678.0,277.0,0.0,1200.0,644.0,644.0,644.0
0.0,9572.0,1994.0,1934.0,0.0,2807.0,935.0,0.0,1872.0,644.0,645.0,645.0,658.0,669.0,667.0,2943.0,4609.0,2020.0,935.0,0.0,1872.0,644.0,645.0,645.0
0.0,7578.0,1966.0,1934.0,537.0,3577.0,1591.0,0.0,1986.0,644.0,645.0,645.0,656.0,659.0,651.0,2285.0,3940.0,1353.0,1591.0,0.0,1986.0,644.0,645.0,645.0
0.0,6149.0,1946.0,1936.0,1477.0,4000.0,1968.0,595.0,1437.0,645.0,646.0,645.0,649.0,646.0,651.0,1629.0,3281.0,1239.0,1968.0,595.0,1437.0,645.0,646.0,645.0
0.0,5680.0,1945.0,1936.0,2807.0,3138.0,1684.0,1239.0,215.0,645.0,646.0,645.0,651.0,644.0,650.0,1257.0,2635.0,1788.0,1684.0,1239.0,215.0,645.0,646.0,645.0
0.0,6542.0,1978.0,1938.0,3577.0,2653.0,759.0,1894.0,0.0,646.0,646.0,646.0,661.0,655.0,662.0,1541.0,1991.0,3010.0,759.0,1894.0,0.0,646.0,646.0,646.0
0.0,8141.0,2002.0,1940.0,4000.0,1984.0,0.0,1984.0,0.0,646.0,647.0,647.0,661.0,680.0,661.0,2471.0,1336.0,4334.0,0.0,1984.0,0.0,646.0,647.0,647.0
0.0,10139.0,2002.0,1942.0,3138.0,1421.0,0.0,1421.0,0.0,647.0,648.0,647.0,660.0,671.0,671.0,3778.0,1251.0,5110.0,0.0,1421.0,0.0,647.0,648.0,647.0
0.0,11275.0,1989.0,1944.0,2653.0,196.0,0.0,196.0,0.0,647.0,649.0,648.0,662.0,664.0,663.0,4802.0,1819.0,4654.0,0.0,196.0,0.0,647.0,649.0,648.0
0.0,11939.0,1976.0,1946.0,1984.0,0.0,0.0,0.0,0.0,648.0,649.0,649.0,659.0,655.0,662.0,4899.0,3049.0,3991.0,0.0,0.0,0.0,648.0,649.0,649.0
0.0,11947.0,1967.0,1946.0,1421.0,572.0,0.0,0.0,572.0,648.0,649.0,649.0,655.0,656.0,656.0,4240.0,4378.0,3329.0,0.0,0.0,572.0,648.0,649.0,649.0
0.0,11401.0,1978.0,1947.0,196.0,1539.0,309.0,0.0,1230.0,648.0,650.0,649.0,654.0,666.0,658.0,3585.0,5143.0,2673.0,309.0,0.0,1230.0,648.0,650.0,649.0
0.0,9619.0,1975.0,1949.0,0.0,2862.0,974.0,0.0,1888.0,649.0,650.0,650.0,660.0,662.0,653.0,2931.0,4673.0,2015.0,974.0,0.0,1888.0,649.0,650.0,650.0
0.0,7644.0,1994.0,1950.0,572.0,3621.0,1641.0,0.0,1980.0,649.0,651.0,650.0,667.0,663.0,664.0,2271.0,4011.0,1362.0,1641.0,0.0,1980.0,649.0,651.0,650.0
0.0,6222.0,2000.0,1953.0,1539.0,4004.0,2006.0,574.0,1424.0,650.0,652.0,651.0,669.0,662.0,669.0,1604.0,3348.0,1270.0,2006.0,574.0,1424.0,650.0,652.0,651.0
0.0,5761.0,1987.0,1955.0,2862.0,3139.0,1698.0,1236.0,205.0,651.0,652.0,652.0,661.0,662.0,664.0,1244.0,2686.0,1831.0,1698.0,1236.0,205.0,651.0,652.0,652.0
0.0,6636.0,1983.0,1955.0,3621.0,2619.0,715.0,1904.0,0.0,651.0,652.0,652.0,658.0,668.0,657.0,1557.0,2024.0,3055.0,715.0,1904.0,0.0,651.0,652.0,652.0
0.0,8274.0,1953.0,1954.0,3757.0,1989.0,0.0,1989.0,0.0,651.0,652.0,651.0,650.0,659.0,644.0,2540.0,1356.0,4378.0,0.0,1989.0,0.0,651.0,652.0,651.0
0.0,10078.0,1961.0,1956.0,3170.0,1416.0,0.0,1416.0,0.0,651.0,653.0,652.0,653.0,658.0,650.0,3649.0,1271.0,5158.0,0.0,1416.0,0.0,651.0,653.0,652.0
0.0,11287.0,1994.0,1957.0,2835.0,181.0,0.0,181.0,0.0,652.0,653.0,652.0,666.0,669.0,659.0,4725.0,1849.0,4713.0,0.0,181.0,0.0,652.0,653.0,652.0
0.0,12128.0,2025.0,1960.0,1448.0,0.0,0.0,0.0,0.0,653.0,654.0,653.0,676.0,668.0,681.0,4990.0,3084.0,4054.0,0.0,0.0,0.0,653.0,654.0,653.0
0.0,11551.0,2034.0,1962.0,1357.0,579.0,0.0,0.0,579.0,653.0,655.0,654.0,668.0,684.0,682.0,4314.0,3864.0,3373.0,0.0,0.0,579.0,653.0,655.0,654.0
0.0,10874.0,2017.0,1965.0,781.0,1549.0,289.0,0.0,1260.0,654.0,656.0,655.0,665.0,676.0,676.0,3646.0,4537.0,2691.0,289.0,0.0,1260.0,654.0,656.0,655.0
0.0,9638.0,1984.0,1965.0,0.0,2873.0,952.0,0.0,1921.0,654.0,656.0,655.0,663.0,660.0,661.0,2981.0,4642.0,2015.0,952.0,0.0,1921.0,654.0,656.0,655.0
0.0,7654.0,1960.0,1965.0,579.0,3603.0,1607.0,0.0,1996.0,654.0,656.0,655.0,655.0,651.0,654.0,2318.0,3982.0,1354.0,1607.0,0.0,1996.0,654.0,656.0,655.0
0.0,6273.0,1958.0,1965.0,1549.0,3961.0,1971.0,605.0,1385.0,654.0,656.0,655.0,653.0,656.0,649.0,1663.0,3331.0,1279.0,1971.0,605.0,1385.0,654.0,656.0,655.0
0.0,5864.0,1992.0,1968.0,2873.0,3095.0,1682.0,1279.0,134.0,655.0,657.0,656.0,658.0,669.0,665.0,1299.0,2675.0,1890.0,1682.0,1279.0,134.0,655.0,657.0,656.0
0.0,6745.0,2035.0,1970.0,3603.0,2728.0,762.0,1966.0,0.0,656.0,658.0,656.0,682.0,682.0,671.0,1593.0,2006.0,3146.0,762.0,1966.0,0.0,656.0,658.0,656.0
0.0,8313.0,2047.0,1972.0,3961.0,2043.0,0.0,2043.0,0.0,657.0,658.0,657.0,689.0,682.0,676.0,2518.0,1324.0,4471.0,0.0,2043.0,0.0,657.0,658.0,657.0
0.0,10227.0,2015.0,1974.0,3095.0,1440.0,0.0,1440.0,0.0,657.0,659.0,658.0,672.0,671.0,672.0,3800.0,1247.0,5180.0,0.0,1440.0,0.0,657.0,659.0,658.0
0.0,11307.0,1997.0,1974.0,2728.0,145.0,0.0,145.0,0.0,657.0,659.0,658.0,665.0,671.0,661.0,4810.0,1855.0,4642.0,0.0,145.0,0.0,657.0,659.0,658.0
0.0,12038.0,2003.0,1976.0,2043.0,0.0,0.0,0.0,0.0,658.0,660.0,658.0,667.0,671.0,665.0,4907.0,3150.0,3981.0,0.0,0.0,0.0,658.0,660.0,658.0
0.0,12078.0,1985.0,1976.0,1440.0,641.0,0.0,0.0,641.0,658.0,660.0,658.0,651.0,667.0,667.0,4240.0,4522.0,3316.0,0.0,0.0,641.0,658.0,660.0,658.0
0.0,11533.0,2011.0,1978.0,145.0,1691.0,370.0,0.0,1321.0,658.0,661.0,659.0,669.0,667.0,675.0,3589.0,5295.0,2649.0,370.0,0.0,1321.0,658.0,661.0,659.0
0.0,9667.0,2070.0,1980.0,0.0,3086.0,1062.0,0.0,2024.0,659.0,661.0,660.0,687.0,685.0,698.0,2920.0,4773.0,1974.0,1062.0,0.0,2024.0,659.0,661.0,660.0
0.0,7597.0,2046.0,1982.0,641.0,3808.0,1748.0,0.0,2060.0,660.0,662.0,660.0,681.0,688.0,677.0,2233.0,4088.0,1276.0,1748.0,0.0,2060.0,660.0,662.0,660.0
0.0,6192.0,2029.0,1984.0,1691.0,4066.0,2048.0,595.0,1423.0,660.0,663.0,661.0,670.0,680.0,679.0,1552.0,3400.0,1240.0,2048.0,595.0,1423.0,660.0,663.0,661.0
0.0,5854.0,2019.0,1985.0,3086.0,3004.0,1661.0,1277.0,66.0,660.0,664.0,661.0,675.0,677.0,667.0,1252.0,2720.0,1882.0,1661.0,1277.0,66.0,660.0,664.0,661.0
0.0,6921.0,2003.0,1986.0,3808.0,2532.0,591.0,1941.0,0.0,661.0,664.0,661.0,673.0,664.0,666.0,1639.0,2043.0,3239.0,591.0,1941.0,0.0,661.0,664.0,661.0
0.0,8726.0,2006.0,1987.0,3903.0,2007.0,0.0,2007.0,0.0,661.0,664.0,662.0,670.0,661.0,675.0,2714.0,1379.0,4633.0,0.0,2007.0,0.0,661.0,664.0,662.0
0.0,10623.0,2033.0,1988.0,3167.0,1408.0,0.0,1408.0,0.0,662.0,664.0,662.0,671.0,678.0,684.0,3929.0,1313.0,5381.0,0.0,1408.0,0.0,662.0,664.0,662.0
0.0,11757.0,2048.0,1991.0,2532.0,159.0,0.0,159.0,0.0,663.0,665.0,663.0,682.0,687.0,679.0,5082.0,1912.0,4763.0,0.0,159.0,0.0,663.0,665.0,663.0
0.0,12241.0,2061.0,1994.0,1466.0,0.0,0.0,0.0,0.0,664.0,666.0,664.0,686.0,691.0,684.0,4991.0,3166.0,4084.0,0.0,0.0,0.0,664.0,666.0,664.0
0.0,11646.0,2020.0,1994.0,1408.0,600.0,0.0,0.0,600.0,664.0,666.0,664.0,664.0,676.0,680.0,4305.0,3941.0,3400.0,0.0,0.0,600.0,664.0,666.0,664.0
0.0,11034.0,2009.0,1995.0,700.0,1627.0,351.0,0.0,1276.0,664.0,666.0,665.0,672.0,666.0,671.0,3641.0,4673.0,2720.0,351.0,0.0,1276.0,664.0,666.0,665.0
0.0,9725.0,1995.0,1995.0,0.0,2960.0,1019.0,0.0,1941.0,664.0,666.0,665.0,668.0,662.0,665.0,2969.0,4707.0,2049.0,1019.0,0.0,1941.0,664.0,666.0,665.0
0.0,7730.0,2005.0,1996.0,600.0,3695.0,1681.0,0.0,2014.0,664.0,667.0,665.0,662.0,670.0,673.0,2301.0,4045.0,1384.0,1681.0,0.0,2014.0,664.0,667.0,665.0
0.0,6325.0,2032.0,1998.0,1627.0,4070.0,2007.0,640.0,1423.0,665.0,667.0,666.0,672.0,680.0,680.0,1639.0,3375.0,1311.0,2007.0,640.0,1423.0,665.0,667.0,666.0
0.0,5920.0,2056.0,1999.0,2960.0,3171.0,1677.0,1331.0,163.0,665.0,668.0,666.0,689.0,686.0,681.0,1318.0,2695.0,1907.0,1677.0,1331.0,163.0,665.0,668.0,666.0
0.0,6824.0,2054.0,2002.0,3695.0,2707.0,681.0,2026.0,0.0,666.0,669.0,667.0,680.0,690.0,684.0,1648.0,2009.0,3167.0,681.0,2026.0,0.0,666.0,669.0,667.0
0.0,8465.0,2042.0,2002.0,4070.0,2071.0,0.0,2071.0,0.0,666.0,669.0,667.0,682.0,685.0,675.0,2649.0,1319.0,4497.0,0.0,2071.0,0.0,666.0,669.0,667.0
0.0,10493.0,2023.0,2003.0,3171.0,1413.0,0.0,1413.0,0.0,666.0,669.0,668.0,673.0,673.0,677.0,3974.0,1274.0,5245.0,0.0,1413.0,0.0,666.0,669.0,668.0
0.0,11641.0,2033.0,2004.0,2707.0,58.0,0.0,58.0,0.0,667.0,669.0,668.0,674.0,671.0,688.0,4978.0,1932.0,4731.0,0.0,58.0,0.0,667.0,669.0,668.0
0.0,12315.0,2011.0,2004.0,2071.0,0.0,0.0,0.0,0.0,667.0,669.0,668.0,665.0,669.0,677.0,4985.0,3287.0,4043.0,0.0,0.0,0.0,667.0,669.0,668.0
0.0,12375.0,2035.0,2006.0,1413.0,654.0,0.0,0.0,654.0,667.0,670.0,669.0,684.0,676.0,675.0,4320.0,4689.0,3366.0,0.0,0.0,654.0,667.0,670.0,669.0
0.0,11753.0,2034.0,2007.0,58.0,1711.0,381.0,0.0,1330.0,668.0,670.0,669.0,677.0,681.0,676.0,3636.0,5426.0,2691.0,381.0,0.0,1330.0,668.0,670.0,669.0
0.0,9777.0,2069.0,2010.0,0.0,3096.0,1074.0,0.0,2022.0,669.0,671.0,670.0,688.0,694.0,687.0,2959.0,4803.0,2015.0,1074.0,0.0,2022.0,669.0,671.0,670.0
0.0,7708.0,2063.0,2012.0,654.0,3823.0,1761.0,0.0,2062.0,669.0,672.0,671.0,687.0,687.0,689.0,2271.0,4109.0,1328.0,1761.0,0.0,2062.0,669.0,672.0,671.0
0.0,6299.0,2035.0,2013.0,1711.0,4090.0,2063.0,612.0,1415.0,670.0,672.0,671.0,678.0,674.0,683.0,1584.0,3422.0,1293.0,2063.0,612.0,1415.0,670.0,672.0,671.0
0.0,5975.0,2025.0,2013.0,3096.0,3019.0,1661.0,1282.0,76.0,670.0,672.0,671.0,672.0,670.0,683.0,1287.0,2748.0,1940.0,1661.0,1282.0,76.0,670.0,672.0,671.0
0.0,7046.0,2034.0,2014.0,3823.0,2537.0,575.0,1962.0,0.0,670.0,672.0,672.0,675.0,680.0,679.0,1689.0,2078.0,3279.0,575.0,1962.0,0.0,670.0,672.0,672.0
0.0,8835.0,2060.0,2016.0,4043.0,2048.0,0.0,2048.0,0.0,671.0,673.0,672.0,687.0,693.0,680.0,2775.0,1398.0,4662.0,0.0,2048.0,0.0,671.0,673.0,672.0
0.0,10818.0,2074.0,2017.0,3066.0,1467.0,0.0,1467.0,0.0,671.0,674.0,672.0,696.0,696.0,682.0,4104.0,1317.0,5397.0,0.0,1467.0,0.0,671.0,674.0,672.0
0.0,11810.0,2072.0,2019.0,2537.0,198.0,0.0,198.0,0.0,672.0,674.0,673.0,685.0,693.0,694.0,5116.0,1903.0,4791.0,0.0,198.0,0.0,672.0,674.0,673.0
0.0,12275.0,2072.0,2021.0,1929.0,0.0,0.0,0.0,0.0,672.0,675.0,674.0,683.0,690.0,699.0,5006.0,3172.0,4097.0,0.0,0.0,0.0,672.0,675.0,674.0
0.0,12132.0,2071.0,2023.0,1374.0,670.0,0.0,0.0,670.0,673.0,675.0,675.0,688.0,690.0,693.0,4323.0,4411.0,3398.0,0.0,0.0,670.0,673.0,675.0,675.0
0.0,11435.0,2048.0,2024.0,410.0,1759.0,403.0,0.0,1356.0,673.0,676.0,675.0,673.0,689.0,686.0,3635.0,5095.0,2705.0,403.0,0.0,1356.0,673.0,676.0,675.0
0.0,9797.0,2025.0,2024.0,0.0,3107.0,1068.0,0.0,2039.0,673.0,676.0,675.0,665.0,677.0,683.0,2962.0,4816.0,2019.0,1068.0,0.0,2039.0,673.0,676.0,675.0
0.0,7772.0,2054.0,2025.0,670.0,3808.0,1749.0,0.0,2059.0,673.0,676.0,676.0,681.0,688.0,685.0,2297.0,4139.0,1336.0,1749.0,0.0,2059.0,673.0,676.0,676.0
0.0,6388.0,2067.0,2028.0,1759.0,4060.0,2047.0,622.0,1391.0,674.0,677.0,677.0,696.0,688.0,683.0,1616.0,3451.0,1321.0,2047.0,622.0,1391.0,674.0,677.0,677.0
0.0,6080.0,2098.0,2031.0,3107.0,3066.0,1677.0,1333.0,56.0,675.0,678.0,678.0,693.0,706.0,699.0,1323.0,2763.0,1994.0,1677.0,1333.0,56.0,675.0,678.0,678.0
0.0,7089.0,2076.0,2031.0,3808.0,2636.0,615.0,2021.0,0.0,675.0,678.0,678.0,687.0,688.0,701.0,1698.0,2057.0,3334.0,615.0,2021.0,0.0,675.0,678.0,678.0
0.0,8821.0,2060.0,2033.0,4060.0,2090.0,0.0,2090.0,0.0,676.0,679.0,678.0,689.0,686.0,685.0,2760.0,1369.0,4692.0,0.0,2090.0,0.0,676.0,679.0,678.0
0.0,10821.0,2042.0,2032.0,3066.0,1425.0,0.0,1425.0,0.0,676.0,678.0,678.0,686.0,673.0,683.0,4118.0,1305.0,5398.0,0.0,1425.0,0.0,676.0,678.0,678.0
0.0,11845.0,2054.0,2035.0,2636.0,91.0,0.0,91.0,0.0,677.0,679.0,679.0,690.0,682.0,682.0,5109.0,1965.0,4771.0,0.0,91.0,0.0,677.0,679.0,679.0
0.0,12427.0,2082.0,2035.0,2090.0,0.0,0.0,0.0,0.0,677.0,679.0,679.0,696.0,695.0,691.0,5034.0,3304.0,4089.0,0.0,0.0,0.0,677.0,679.0,679.0
0.0,12435.0,2094.0,2038.0,1425.0,701.0,0.0,0.0,701.0,678.0,680.0,680.0,696.0,699.0,699.0,4338.0,4699.0,3398.0,0.0,0.0,701.0,678.0,680.0,680.0
0.0,11766.0,2079.0,2041.0,91.0,1852.0,439.0,0.0,1413.0,679.0,681.0,681.0,686.0,686.0,707.0,3642.0,5425.0,2699.0,439.0,0.0,1413.0,679.0,681.0,681.0
0.0,9778.0,2103.0,2042.0,0.0,3259.0,1132.0,0.0,2127.0,679.0,681.0,682.0,693.0,701.0,709.0,2956.0,4830.0,1992.0,1132.0,0.0,2127.0,679.0,681.0,682.0
0.0,7675.0,2067.0,2042.0,701.0,3940.0,1823.0,0.0,2117.0,679.0,681.0,682.0,691.0,685.0,691.0,2263.0,4129.0,1283.0,1823.0,0.0,2117.0,679.0,681.0,682.0
0.0,6309.0,2043.0,2042.0,1852.0,4092.0,2064.0,642.0,1386.0,679.0,681.0,682.0,680.0,681.0,682.0,1572.0,3444.0,1293.0,2064.0,642.0,1386.0,679.0,681.0,682.0
0.0,6118.0,2067.0,2044.0,3259.0,2957.0,1615.0,1342.0,0.0,679.0,682.0,683.0,683.0,695.0,689.0,1331.0,2763.0,2024.0,1615.0,1342.0,0.0,679.0,682.0,683.0
0.0,7310.0,2081.0,2045.0,3940.0,2528.0,487.0,2041.0,0.0,680.0,682.0,683.0,690.0,699.0,692.0,1780.0,2068.0,3462.0,487.0,2041.0,0.0,680.0,682.0,683.0
0.0,9169.0,2102.0,2048.0,3562.0,2098.0,0.0,2098.0,0.0,681.0,683.0,684.0,705.0,694.0,703.0,2913.0,1369.0,4887.0,0.0,2098.0,0.0,681.0,683.0,684.0
0.0,10629.0,2109.0,2051.0,3334.0,1462.0,0.0,1462.0,0.0,682.0,684.0,685.0,699.0,701.0,709.0,3742.0,1317.0,5570.0,0.0,1462.0,0.0,682.0,684.0,685.0
0.0,11854.0,2089.0,2051.0,2681.0,117.0,0.0,117.0,0.0,682.0,684.0,685.0,696.0,696.0,697.0,5035.0,1958.0,4861.0,0.0,117.0,0.0,682.0,684.0,685.0
0.0,12446.0,2072.0,2051.0,2098.0,0.0,0.0,0.0,0.0,682.0,684.0,685.0,686.0,695.0,691.0,4979.0,3303.0,4164.0,0.0,0.0,0.0,682.0,684.0,685.0
0.0,12472.0,2044.0,2051.0,1353.0,628.0,0.0,0.0,628.0,682.0,684.0,685.0,688.0,680.0,676.0,4293.0,4706.0,3473.0,0.0,0.0,628.0,682.0,684.0,685.0
0.0,11781.0,2062.0,2052.0,226.0,1805.0,495.0,0.0,1310.0,683.0,684.0,685.0,685.0,695.0,682.0,3605.0,5379.0,2797.0,495.0,0.0,1310.0,683.0,684.0,685.0
0.0,9945.0,2090.0,2054.0,0.0,3202.0,1186.0,0.0,2016.0,683.0,685.0,686.0,691.0,698.0,701.0,2920.0,4910.0,2115.0,1186.0,0.0,2016.0,683.0,685.0,686.0
0.0,7855.0,2135.0,2057.0,628.0,4008.0,1908.0,0.0,2100.0,684.0,686.0,687.0,717.0,711.0,707.0,2229.0,4212.0,1414.0,1908.0,0.0,2100.0,684.0,686.0,687.0
0.0,6348.0,2117.0,2058.0,1805.0,4254.0,2116.0,639.0,1499.0,684.0,687.0,687.0,703.0,705.0,709.0,1512.0,3501.0,1335.0,2116.0,639.0,1499.0,684.0,687.0,687.0
0.0,6036.0,2112.0,2060.0,3202.0,3174.0,1643.0,1338.0,193.0,685.0,687.0,688.0,708.0,699.0,705.0,1304.0,2796.0,1936.0,1643.0,1338.0,193.0,685.0,687.0,688.0
0.0,7126.0,2084.0,2060.0,4008.0,2462.0,431.0,2031.0,0.0,685.0,687.0,688.0,696.0,693.0,695.0,1782.0,2097.0,3247.0,431.0,2031.0,0.0,685.0,687.0,688.0
0.0,9050.0,2071.0,2060.0,4254.0,2079.0,0.0,2079.0,0.0,685.0,687.0,688.0,692.0,687.0,692.0,2994.0,1404.0,4652.0,0.0,2079.0,0.0,685.0,687.0,688.0
0.0,11233.0,2097.0,2063.0,3174.0,1449.0,0.0,1449.0,0.0,686.0,688.0,689.0,696.0,703.0,698.0,4418.0,1356.0,5459.0,0.0,1449.0,0.0,686.0,688.0,689.0
0.0,12310.0,2104.0,2064.0,2462.0,115.0,0.0,115.0,0.0,687.0,688.0,689.0,701.0,697.0,706.0,5365.0,1991.0,4954.0,0.0,115.0,0.0,687.0,688.0,689.0
0.0,12668.0,2116.0,2066.0,2079.0,0.0,0.0,0.0,0.0,687.0,689.0,690.0,711.0,703.0,702.0,5095.0,3325.0,4248.0,0.0,0.0,0.0,687.0,689.0,690.0
0.0,12631.0,2119.0,2069.0,1449.0,615.0,0.0,0.0,615.0,688.0,690.0,691.0,710.0,703.0,706.0,4384.0,4701.0,3546.0,0.0,0.0,615.0,688.0,690.0,691.0
0.0,11961.0,2114.0,2070.0,115.0,1787.0,468.0,0.0,1319.0,689.0,690.0,691.0,697.0,713.0,704.0,3674.0,5447.0,2840.0,468.0,0.0,1319.0,689.0,690.0,691.0
0.0,9962.0,2100.0,2070.0,0.0,3189.0,1170.0,0.0,2019.0,689.0,690.0,691.0,702.0,698.0,700.0,2977.0,4849.0,2136.0,1170.0,0.0,2019.0,689.0,690.0,691.0
0.0,7862.0,2073.0,2070.0,615.0,3954.0,1860.0,0.0,2094.0,689.0,690.0,691.0,690.0,693.0,690.0,2275.0,4151.0,1436.0,1860.0,0.0,2094.0,689.0,690.0,691.0
0.0,6404.0,2084.0,2072.0,1787.0,4253.0,2084.0,688.0,1481.0,689.0,691.0,692.0,692.0,691.0,701.0,1585.0,3458.0,1361.0,2084.0,688.0,1481.0,689.0,691.0,692.0
0.0,6107.0,2114.0,2074.0,3189.0,3188.0,1622.0,1382.0,184.0,690.0,691.0,693.0,703.0,694.0,717.0,1361.0,2767.0,1979.0,1622.0,1382.0,184.0,690.0,691.0,693.0
0.0,7182.0,2148.0,2076.0,3954.0,2580.0,483.0,2097.0,0.0,691.0,692.0,693.0,716.0,710.0,722.0,1828.0,2073.0,3281.0,483.0,2097.0,0.0,691.0,692.0,693.0
0.0,8988.0,2136.0,2079.0,3781.0,2130.0,0.0,2130.0,0.0,692.0,693.0,694.0,709.0,716.0,711.0,2972.0,1363.0,4653.0,0.0,2130.0,0.0,692.0,693.0,694.0
0.0,10633.0,2100.0,2079.0,3660.0,1449.0,0.0,1449.0,0.0,692.0,693.0,694.0,702.0,701.0,697.0,3875.0,1335.0,5423.0,0.0,1449.0,0.0,692.0,693.0,694.0
0.0,12193.0,2102.0,2081.0,2580.0,47.0,0.0,47.0,0.0,693.0,693.0,695.0,704.0,695.0,703.0,5267.0,2016.0,4910.0,0.0,47.0,0.0,693.0,693.0,695.0
0.0,12671.0,2083.0,2081.0,2130.0,0.0,0.0,0.0,0.0,693.0,693.0,695.0,699.0,685.0,699.0,5046.0,3418.0,4207.0,0.0,0.0,0.0,693.0,693.0,695.0
0.0,12718.0,2108.0,2083.0,1058.0,684.0,0.0,0.0,684.0,693.0,694.0,696.0,692.0,704.0,712.0,4347.0,4863.0,3508.0,0.0,0.0,684.0,693.0,694.0,696.0
0.0,11668.0,2126.0,2083.0,438.0,1911.0,516.0,0.0,1395.0,693.0,694.0,696.0,706.0,709.0,711.0,3655.0,5217.0,2796.0,516.0,0.0,1395.0,693.0,694.0,696.0
0.0,9980.0,2139.0,2086.0,0.0,3354.0,1242.0,0.0,2112.0,694.0,695.0,697.0,721.0,706.0,712.0,2949.0,4946.0,2085.0,1242.0,0.0,2112.0,694.0,695.0,697.0
0.0,7841.0,2133.0,2087.0,684.0,4101.0,1962.0,0.0,2139.0,695.0,695.0,697.0,715.0,707.0,711.0,2228.0,4240.0,1373.0,1962.0,0.0,2139.0,695.0,695.0,697.0
0.0,6392.0,2129.0,2090.0,1911.0,4276.0,2162.0,655.0,1459.0,696.0,696.0,698.0,711.0,708.0,710.0,1513.0,3533.0,1346.0,2162.0,655.0,1459.0,696.0,696.0,698.0
0.0,6174.0,2136.0,2091.0,3354.0,3063.0,1635.0,1361.0,67.0,696.0,696.0,699.0,715.0,706.0,715.0,1318.0,2825.0,2031.0,1635.0,1361.0,67.0,696.0,696.0,699.0
0.0,7392.0,2107.0,2091.0,4101.0,2439.0,371.0,2068.0,0.0,696.0,696.0,699.0,698.0,707.0,702.0,1845.0,2119.0,3428.0,371.0,2068.0,0.0,696.0,696.0,699.0
0.0,9386.0,2120.0,2093.0,4276.0,2126.0,0.0,2126.0,0.0,697.0,697.0,699.0,703.0,708.0,709.0,3109.0,1412.0,4865.0,0.0,2126.0,0.0,697.0,697.0,699.0
0.0,11542.0,2127.0,2093.0,3063.0,1473.0,0.0,1473.0,0.0,697.0,697.0,699.0,705.0,708.0,714.0,4568.0,1359.0,5615.0,0.0,1473.0,0.0,697.0,697.0,699.0
0.0,12478.0,2154.0,2095.0,2439.0,120.0,0.0,120.0,0.0,698.0,697.0,700.0,720.0,715.0,719.0,5498.0,2012.0,4968.0,0.0,120.0,0.0,698.0,697.0,700.0
0.0,12763.0,2168.0,2098.0,2126.0,0.0,0.0,0.0,0.0,699.0,698.0,701.0,721.0,730.0,717.0,5149.0,3365.0,4249.0,0.0,0.0,0.0,699.0,698.0,701.0
0.0,12721.0,2146.0,2100.0,1473.0,685.0,0.0,0.0,685.0,700.0,699.0,701.0,719.0,715.0,712.0,4428.0,4761.0,3532.0,0.0,0.0,685.0,700.0,699.0,701.0
0.0,12048.0,2125.0,2101.0,120.0,1900.0,500.0,0.0,1400.0,700.0,699.0,702.0,709.0,706.0,710.0,3709.0,5519.0,2820.0,500.0,0.0,1400.0,700.0,699.0,702.0
0.0,10043.0,2096.0,2101.0,0.0,3312.0,1204.0,0.0,2108.0,700.0,699.0,702.0,704.0,684.0,708.0,3000.0,4933.0,2110.0,1204.0,0.0,2108.0,700.0,699.0,702.0
0.0,7947.0,2119.0,2101.0,685.0,4041.0,1911.0,0.0,2130.0,700.0,699.0,702.0,707.0,705.0,707.0,2296.0,4249.0,1402.0,1911.0,0.0,2130.0,700.0,699.0,702.0
0.0,6513.0,2130.0,2103.0,1900.0,4232.0,2122.0,671.0,1439.0,701.0,700.0,702.0,706.0,715.0,709.0,1589.0,3544.0,1380.0,2122.0,671.0,1439.0,701.0,700.0,702.0
0.0,6283.0,2169.0,2106.0,3312.0,3104.0,1647.0,1402.0,55.0,702.0,701.0,703.0,724.0,726.0,719.0,1383.0,2829.0,2071.0,1647.0,1402.0,55.0,702.0,701.0,703.0
0.0,7426.0,2162.0,2107.0,4041.0,2577.0,456.0,2121.0,0.0,702.0,701.0,704.0,720.0,719.0,723.0,1863.0,2103.0,3460.0,456.0,2121.0,0.0,702.0,701.0,704.0
0.0,9305.0,2143.0,2108.0,3669.0,2167.0,0.0,2167.0,0.0,702.0,702.0,704.0,712.0,712.0,719.0,3054.0,1384.0,4867.0,0.0,2167.0,0.0,702.0,702.0,704.0
0.0,10831.0,2143.0,2110.0,3301.0,1484.0,0.0,1484.0,0.0,703.0,702.0,705.0,714.0,719.0,710.0,3901.0,1343.0,5587.0,0.0,1484.0,0.0,703.0,702.0,705.0
0.0,11989.0,2129.0,2111.0,2943.0,81.0,0.0,81.0,0.0,703.0,703.0,705.0,712.0,713.0,704.0,5031.0,2026.0,4932.0,0.0,81.0,0.0,703.0,703.0,705.0
0.0,12803.0,2114.0,2110.0,1430.0,0.0,0.0,0.0,0.0,703.0,703.0,704.0,701.0,709.0,704.0,5141.0,3434.0,4228.0,0.0,0.0,0.0,703.0,703.0,704.0
0.0,12119.0,2137.0,2112.0,1229.0,714.0,0.0,0.0,714.0,704.0,703.0,705.0,718.0,706.0,713.0,4440.0,4155.0,3524.0,0.0,0.0,714.0,704.0,703.0,705.0
0.0,11211.0,2167.0,2115.0,1073.0,1974.0,534.0,0.0,1440.0,705.0,704.0,706.0,731.0,715.0,721.0,3722.0,4678.0,2811.0,534.0,0.0,1440.0,705.0,704.0,706.0
0.0,10117.0,2184.0,2117.0,0.0,3429.0,1260.0,0.0,2169.0,706.0,705.0,706.0,721.0,734.0,729.0,2991.0,5036.0,2090.0,1260.0,0.0,2169.0,706.0,705.0,706.0
0.0,7933.0,2187.0,2118.0,714.0,4178.0,1989.0,0.0,2189.0,706.0,705.0,707.0,729.0,729.0,729.0,2270.0,4302.0,1361.0,1989.0,0.0,2189.0,706.0,705.0,707.0
0.0,6460.0,2154.0,2120.0,1974.0,4320.0,2183.0,676.0,1461.0,707.0,706.0,707.0,723.0,719.0,712.0,1541.0,3573.0,1346.0,2183.0,676.0,1461.0,707.0,706.0,707.0
0.0,6280.0,2130.0,2121.0,3429.0,3026.0,1629.0,1382.0,15.0,707.0,706.0,708.0,706.0,706.0,718.0,1352.0,2854.0,2074.0,1629.0,1382.0,15.0,707.0,706.0,708.0
0.0,7579.0,2120.0,2121.0,4178.0,2432.0,345.0,2087.0,0.0,707.0,706.0,708.0,705.0,705.0,710.0,1906.0,2148.0,3525.0,345.0,2087.0,0.0,707.0,706.0,708.0
0.0,9637.0,2163.0,2122.0,4320.0,2128.0,0.0,2128.0,0.0,708.0,706.0,708.0,723.0,717.0,723.0,3190.0,1443.0,5004.0,0.0,2128.0,0.0,708.0,706.0,708.0
0.0,11794.0,2188.0,2125.0,3026.0,1486.0,0.0,1486.0,0.0,709.0,707.0,709.0,729.0,735.0,724.0,4650.0,1402.0,5742.0,0.0,1486.0,0.0,709.0,707.0,709.0
0.0,12632.0,2176.0,2127.0,2432.0,131.0,0.0,131.0,0.0,709.0,708.0,710.0,716.0,727.0,733.0,5550.0,2049.0,5033.0,0.0,131.0,0.0,709.0,708.0,710.0
0.0,12888.0,2174.0,2129.0,2128.0,0.0,0.0,0.0,0.0,710.0,708.0,711.0,725.0,719.0,730.0,5179.0,3409.0,4300.0,0.0,0.0,0.0,710.0,708.0,711.0
0.0,12842.0,2155.0,2129.0,1486.0,707.0,0.0,0.0,707.0,710.0,708.0,711.0,721.0,712.0,722.0,4454.0,4818.0,3570.0,0.0,0.0,707.0,710.0,708.0,711.0
0.0,12173.0,2151.0,2130.0,131.0,1959.0,542.0,0.0,1417.0,710.0,709.0,711.0,725.0,716.0,710.0,3733.0,5592.0,2848.0,542.0,0.0,1417.0,710.0,709.0,711.0
0.0,10153.0,2144.0,2130.0,0.0,3376.0,1255.0,0.0,2121.0,710.0,709.0,711.0,713.0,727.0,704.0,3008.0,5007.0,2138.0,1255.0,0.0,2121.0,710.0,709.0,711.0
0.0,8009.0,2163.0,2133.0,707.0,4119.0,1980.0,0.0,2139.0,711.0,710.0,712.0,720.0,723.0,720.0,2295.0,4280.0,1434.0,1980.0,0.0,2139.0,711.0,710.0,712.0
0.0,6553.0,2205.0,2135.0,1959.0,4368.0,2189.0,726.0,1453.0,712.0,711.0,712.0,746.0,728.0,731.0,1575.0,3557.0,1421.0,2189.0,726.0,1453.0,712.0,711.0,712.0
0.0,6307.0,2192.0,2137.0,3376.0,3194.0,1670.0,1452.0,72.0,713.0,711.0,713.0,731.0,726.0,735.0,1371.0,2829.0,2107.0,1670.0,1452.0,72.0,713.0,711.0,713.0
0.0,7491.0,2171.0,2138.0,4119.0,2595.0,411.0,2184.0,0.0,713.0,712.0,713.0,721.0,727.0,723.0,1895.0,2103.0,3493.0,411.0,2184.0,0.0,713.0,712.0,713.0
0.0,9439.0,2196.0,2139.0,3911.0,2194.0,0.0,2194.0,0.0,713.0,712.0,714.0,731.0,736.0,729.0,3154.0,1376.0,4909.0,0.0,2194.0,0.0,713.0,712.0,714.0
0.0,11154.0,2157.0,2141.0,3651.0,1466.0,0.0,1466.0,0.0,714.0,713.0,714.0,724.0,719.0,714.0,4155.0,1366.0,5633.0,0.0,1466.0,0.0,714.0,713.0,714.0
0.0,12648.0,2142.0,2141.0,2595.0,0.0,0.0,0.0,0.0,714.0,713.0,714.0,708.0,716.0,718.0,5558.0,2099.0,4991.0,0.0,0.0,0.0,714.0,713.0,714.0
0.0,13101.0,2170.0,2142.0,2041.0,28.0,0.0,0.0,28.0,714.0,713.0,715.0,722.0,722.0,726.0,5261.0,3567.0,4273.0,0.0,0.0,28.0,714.0,713.0,715.0
0.0,12972.0,2221.0,2145.0,977.0,771.0,0.0,0.0,771.0,715.0,714.0,716.0,740.0,743.0,738.0,4539.0,4886.0,3547.0,0.0,0.0,771.0,715.0,714.0,716.0
0.0,11728.0,2207.0,2148.0,642.0,2022.0,500.0,0.0,1522.0,716.0,715.0,717.0,719.0,742.0,746.0,3799.0,5120.0,2809.0,500.0,0.0,1522.0,716.0,715.0,717.0
0.0,10163.0,2197.0,2149.0,28.0,3459.0,1225.0,0.0,2234.0,716.0,716.0,717.0,725.0,732.0,740.0,3080.0,5020.0,2063.0,1225.0,0.0,2234.0,716.0,716.0,717.0
0.0,7994.0,2168.0,2149.0,771.0,4148.0,1956.0,10.0,2182.0,716.0,716.0,717.0,731.0,718.0,719.0,2355.0,4288.0,1351.0,1956.0,10.0,2182.0,716.0,716.0,717.0
0.0,6597.0,2144.0,2150.0,2022.0,4275.0,2179.0,725.0,1371.0,717.0,716.0,717.0,718.0,715.0,711.0,1624.0,3570.0,1403.0,2179.0,725.0,1371.0,717.0,716.0,717.0
0.0,6475.0,2156.0,2150.0,3459.0,3116.0,1663.0,1453.0,0.0,717.0,716.0,717.0,709.0,728.0,719.0,1406.0,2855.0,2214.0,1663.0,1453.0,0.0,717.0,716.0,717.0
0.0,7778.0,2207.0,2152.0,4148.0,2628.0,444.0,2184.0,0.0,717.0,717.0,718.0,737.0,736.0,734.0,1922.0,2127.0,3729.0,444.0,2184.0,0.0,717.0,717.0,718.0
0.0,9719.0,2220.0,2155.0,4275.0,2204.0,0.0,2204.0,0.0,718.0,718.0,719.0,736.0,740.0,744.0,3141.0,1401.0,5177.0,0.0,2204.0,0.0,718.0,718.0,719.0
0.0,11774.0,2221.0,2157.0,3116.0,1500.0,0.0,1500.0,0.0,719.0,719.0,719.0,735.0,744.0,742.0,4584.0,1386.0,5804.0,0.0,1500.0,0.0,719.0,719.0,719.0
0.0,12669.0,2210.0,2159.0,2628.0,59.0,0.0,59.0,0.0,719.0,720.0,720.0,732.0,738.0,740.0,5512.0,2095.0,5062.0,0.0,59.0,0.0,719.0,720.0,720.0
0.0,13087.0,2188.0,2160.0,2204.0,3.0,0.0,0.0,3.0,720.0,720.0,720.0,732.0,731.0,725.0,5224.0,3541.0,4322.0,0.0,0.0,3.0,720.0,720.0,720.0
0.0,13103.0,2182.0,2162.0,1500.0,735.0,0.0,0.0,735.0,720.0,721.0,721.0,724.0,731.0,727.0,4492.0,5014.0,3597.0,0.0,0.0,735.0,720.0,721.0,721.0
0.0,12421.0,2180.0,2162.0,59.0,2018.0,554.0,0.0,1464.0,720.0,721.0,721.0,722.0,729.0,729.0,3768.0,5783.0,2870.0,554.0,0.0,1464.0,720.0,721.0,721.0
0.0,10300.0,2199.0,2162.0,3.0,3492.0,1289.0,0.0,2203.0,720.0,721.0,721.0,735.0,722.0,742.0,3046.0,5113.0,2141.0,1289.0,0.0,2203.0,720.0,721.0,721.0
0.0,8104.0,2223.0,2165.0,735.0,4255.0,2039.0,0.0,2216.0,721.0,722.0,722.0,745.0,735.0,743.0,2311.0,4391.0,1402.0,2039.0,0.0,2216.0,721.0,722.0,722.0
0.0,6616.0,2233.0,2168.0,2018.0,4439.0,2230.0,708.0,1501.0,722.0,723.0,723.0,740.0,749.0,744.0,1566.0,3656.0,1394.0,2230.0,708.0,1501.0,722.0,723.0,723.0
0.0,6401.0,2197.0,2168.0,3492.0,3144.0,1663.0,1452.0,29.0,722.0,723.0,723.0,722.0,744.0,731.0,1380.0,2907.0,2114.0,1663.0,1452.0,29.0,722.0,723.0,723.0
0.0,7696.0,2179.0,2169.0,4255.0,2539.0,362.0,2177.0,0.0,723.0,723.0,723.0,733.0,725.0,721.0,1947.0,2163.0,3586.0,362.0,2177.0,0.0,723.0,723.0,723.0
0.0,9772.0,2179.0,2170.0,3673.0,2190.0,0.0,2190.0,0.0,723.0,723.0,724.0,723.0,721.0,735.0,3253.0,1438.0,5081.0,0.0,2190.0,0.0,723.0,723.0,724.0
0.0,11266.0,2153.0,2169.0,3310.0,1458.0,0.0,1458.0,0.0,722.0,723.0,724.0,713.0,720.0,720.0,3994.0,1425.0,5847.0,0.0,1458.0,0.0,722.0,723.0,724.0
0.0,12423.0,2213.0,2171.0,3139.0,24.0,0.0,24.0,0.0,723.0,724.0,724.0,740.0,738.0,735.0,5110.0,2157.0,5156.0,0.0,24.0,0.0,723.0,724.0,724.0
0.0,13349.0,2241.0,2174.0,1704.0,0.0,0.0,0.0,0.0,724.0,725.0,725.0,744.0,750.0,747.0,5332.0,3596.0,4421.0,0.0,0.0,0.0,724.0,725.0,725.0
0.0,12812.0,2225.0,2177.0,1054.0,691.0,0.0,0.0,691.0,725.0,726.0,726.0,744.0,746.0,735.0,4588.0,4550.0,3674.0,0.0,0.0,691.0,725.0,726.0,726.0
0.0,11641.0,2200.0,2177.0,914.0,1939.0,513.0,0.0,1426.0,725.0,726.0,726.0,732.0,733.0,735.0,3844.0,4858.0,2939.0,513.0,0.0,1426.0,725.0,726.0,726.0
0.0,10355.0,2226.0,2179.0,0.0,3435.0,1251.0,0.0,2184.0,725.0,727.0,727.0,738.0,735.0,753.0,3112.0,5039.0,2204.0,1251.0,0.0,2184.0,725.0,727.0,727.0
0.0,8129.0,2217.0,2180.0,691.0,4297.0,1994.0,73.0,2230.0,726.0,727.0,727.0,738.0,742.0,737.0,2374.0,4304.0,1451.0,1994.0,73.0,2230.0,726.0,727.0,727.0
0.0,6603.0,2195.0,2180.0,1939.0,4553.0,2204.0,807.0,1542.0,726.0,727.0,727.0,723.0,734.0,738.0,1636.0,3562.0,1405.0,2204.0,807.0,1542.0,726.0,727.0,727.0
0.0,6347.0,2222.0,2182.0,3435.0,3350.0,1695.0,1550.0,105.0,726.0,728.0,728.0,742.0,738.0,742.0,1426.0,2828.0,2093.0,1695.0,1550.0,105.0,726.0,728.0,728.0
0.0,7560.0,2235.0,2184.0,4297.0,2675.0,461.0,2214.0,0.0,727.0,728.0,729.0,755.0,737.0,743.0,1935.0,2090.0,3535.0,461.0,2214.0,0.0,727.0,728.0,729.0
0.0,9622.0,2246.0,2187.0,4553.0,2159.0,0.0,2159.0,0.0,728.0,729.0,730.0,753.0,747.0,746.0,3174.0,1426.0,5022.0,0.0,2159.0,0.0,728.0,729.0,730.0
0.0,11929.0,2236.0,2189.0,3350.0,1367.0,0.0,1367.0,0.0,729.0,730.0,730.0,738.0,753.0,745.0,4625.0,1486.0,5818.0,0.0,1367.0,0.0,729.0,730.0,730.0
0.0,13043.0,2245.0,2191.0,2675.0,0.0,0.0,0.0,0.0,729.0,731.0,731.0,747.0,748.0,750.0,5582.0,2283.0,5178.0,0.0,0.0,0.0,729.0,731.0,731.0
0.0,13473.0,2202.0,2190.0,2159.0,0.0,0.0,0.0,0.0,729.0,730.0,731.0,743.0,729.0,730.0,5296.0,3749.0,4428.0,0.0,0.0,0.0,729.0,730.0,731.0
0.0,13430.0,2217.0,2192.0,1367.0,697.0,0.0,0.0,697.0,730.0,731.0,731.0,741.0,736.0,740.0,4553.0,5179.0,3698.0,0.0,0.0,697.0,730.0,731.0,731.0
0.0,12580.0,2221.0,2192.0,0.0,2014.0,582.0,0.0,1432.0,730.0,731.0,731.0,744.0,742.0,735.0,3812.0,5810.0,2958.0,582.0,0.0,1432.0,730.0,731.0,731.0
0.0,10359.0,2271.0,2195.0,0.0,3531.0,1343.0,0.0,2188.0,731.0,732.0,732.0,756.0,764.0,751.0,3068.0,5068.0,2223.0,1343.0,0.0,2188.0,731.0,732.0,732.0
0.0,8088.0,2258.0,2198.0,697.0,4463.0,2112.0,104.0,2247.0,732.0,733.0,733.0,764.0,743.0,751.0,2312.0,4304.0,1472.0,2112.0,104.0,2247.0,732.0,733.0,733.0
0.0,6527.0,2243.0,2199.0,2014.0,4697.0,2288.0,847.0,1562.0,733.0,733.0,733.0,753.0,743.0,747.0,1548.0,3561.0,1418.0,2288.0,847.0,1562.0,733.0,733.0,733.0
0.0,6298.0,2202.0,2200.0,3531.0,3373.0,1684.0,1567.0,122.0,733.0,733.0,734.0,739.0,720.0,743.0,1377.0,2818.0,2103.0,1684.0,1567.0,122.0,733.0,733.0,734.0
0.0,7627.0,2221.0,2200.0,4463.0,2519.0,315.0,2204.0,0.0,733.0,733.0,734.0,743.0,741.0,737.0,1981.0,2098.0,3548.0,315.0,2204.0,0.0,733.0,733.0,734.0
0.0,9869.0,2228.0,2202.0,4176.0,2113.0,0.0,2113.0,0.0,734.0,734.0,734.0,737.0,751.0,740.0,3350.0,1461.0,5058.0,0.0,2113.0,0.0,734.0,734.0,734.0
0.0,11817.0,2240.0,2203.0,3894.0,1300.0,0.0,1300.0,0.0,734.0,735.0,734.0,748.0,749.0,743.0,4380.0,1557.0,5880.0,0.0,1300.0,0.0,734.0,735.0,734.0
0.0,13471.0,2266.0,2205.0,2519.0,0.0,0.0,0.0,0.0,735.0,735.0,735.0,761.0,752.0,753.0,5837.0,2375.0,5259.0,0.0,0.0,0.0,735.0,735.0,735.0
0.0,13724.0,2267.0,2208.0,2050.0,0.0,0.0,0.0,0.0,736.0,736.0,736.0,757.0,755.0,755.0,5391.0,3827.0,4506.0,0.0,0.0,0.0,736.0,736.0,736.0
0.0,13507.0,2269.0,2210.0,1363.0,692.0,0.0,0.0,692.0,736.0,737.0,737.0,752.0,759.0,758.0,4634.0,5122.0,3751.0,0.0,0.0,692.0,736.0,737.0,737.0
0.0,12601.0,2232.0,2210.0,0.0,1983.0,547.0,0.0,1436.0,736.0,737.0,737.0,749.0,739.0,744.0,3882.0,5726.0,2993.0,547.0,0.0,1436.0,736.0,737.0,737.0
0.0,10369.0,2222.0,2211.0,0.0,3472.0,1295.0,0.0,2177.0,737.0,737.0,737.0,743.0,738.0,741.0,3133.0,4987.0,2249.0,1295.0,0.0,2177.0,737.0,737.0,737.0
0.0,8147.0,2228.0,2212.0,692.0,4449.0,2042.0,178.0,2229.0,737.0,737.0,738.0,747.0,742.0,739.0,2390.0,4249.0,1508.0,2042.0,178.0,2229.0,737.0,737.0,738.0
0.0,6611.0,2241.0,2212.0,1983.0,4707.0,2246.0,922.0,1539.0,737.0,737.0,738.0,751.0,744.0,746.0,1643.0,3507.0,1461.0,2246.0,922.0,1539.0,737.0,737.0,738.0
0.0,6353.0,2267.0,2215.0,3472.0,3517.0,1716.0,1679.0,122.0,738.0,738.0,739.0,760.0,752.0,755.0,1439.0,2763.0,2151.0,1716.0,1679.0,122.0,738.0,738.0,739.0
0.0,7558.0,2292.0,2218.0,4449.0,2707.0,441.0,2266.0,0.0,739.0,739.0,740.0,762.0,760.0,770.0,1974.0,2011.0,3573.0,441.0,2266.0,0.0,739.0,739.0,740.0
0.0,9715.0,2254.0,2220.0,4707.0,2101.0,0.0,2101.0,0.0,740.0,740.0,740.0,757.0,752.0,745.0,3254.0,1429.0,5032.0,0.0,2101.0,0.0,740.0,740.0,740.0
0.0,12168.0,2245.0,2220.0,3517.0,1164.0,0.0,1164.0,0.0,740.0,740.0,740.0,755.0,742.0,748.0,4743.0,1599.0,5826.0,0.0,1164.0,0.0,740.0,740.0,740.0
0.0,13440.0,2243.0,2221.0,2707.0,0.0,0.0,0.0,0.0,741.0,740.0,740.0,749.0,748.0,746.0,5704.0,2536.0,5200.0,0.0,0.0,0.0,741.0,740.0,740.0
0.0,13904.0,2243.0,2221.0,2101.0,0.0,0.0,0.0,0.0,741.0,740.0,740.0,745.0,752.0,746.0,5396.0,4054.0,4454.0,0.0,0.0,0.0,741.0,740.0,740.0
0.0,13762.0,2250.0,2223.0,1164.0,747.0,0.0,0.0,747.0,741.0,741.0,741.0,747.0,753.0,750.0,4651.0,5403.0,3708.0,0.0,0.0,747.0,741.0,741.0,741.0
0.0,12676.0,2285.0,2226.0,0.0,2084.0,571.0,0.0,1513.0,742.0,742.0,742.0,765.0,759.0,761.0,3904.0,5814.0,2958.0,571.0,0.0,1513.0,742.0,742.0,742.0
0.0,10391.0,2289.0,2228.0,0.0,3618.0,1333.0,0.0,2285.0,743.0,742.0,743.0,757.0,765.0,767.0,3139.0,5055.0,2197.0,1333.0,0.0,2285.0,743.0,742.0,743.0
0.0,8102.0,2251.0,2229.0,747.0,4547.0,2080.0,176.0,2291.0,743.0,743.0,743.0,747.0,751.0,753.0,2382.0,4290.0,1430.0,2080.0,176.0,2291.0,743.0,743.0,743.0
0.0,6598.0,2252.0,2230.0,2084.0,4720.0,2270.0,928.0,1522.0,744.0,743.0,743.0,756.0,752.0,744.0,1635.0,3539.0,1424.0,2270.0,928.0,1522.0,744.0,743.0,743.0
0.0,6430.0,2244.0,2230.0,3618.0,3369.0,1686.0,1683.0,0.0,744.0,743.0,743.0,749.0,755.0,740.0,1450.0,2787.0,2193.0,1686.0,1683.0,0.0,744.0,743.0,743.0
0.0,7804.0,2241.0,2230.0,4547.0,2606.0,353.0,2253.0,0.0,744.0,743.0,743.0,747.0,746.0,748.0,2034.0,2032.0,3738.0,353.0,2253.0,0.0,744.0,743.0,743.0
0.0,10110.0,2265.0,2233.0,3969.0,2081.0,0.0,2081.0,0.0,745.0,744.0,744.0,753.0,751.0,761.0,3367.0,1462.0,5281.0,0.0,2081.0,0.0,745.0,744.0,744.0
0.0,11814.0,2294.0,2235.0,3336.0,1158.0,0.0,1158.0,0.0,746.0,744.0,745.0,772.0,760.0,762.0,4133.0,1639.0,6042.0,0.0,1158.0,0.0,746.0,744.0,745.0
0.0,12856.0,2296.0,2237.0,3390.0,0.0,0.0,0.0,0.0,747.0,745.0,745.0,765.0,772.0,759.0,5014.0,2562.0,5280.0,0.0,0.0,0.0,747.0,745.0,745.0
0.0,13950.0,2268.0,2238.0,1654.0,0.0,0.0,0.0,0.0,747.0,745.0,746.0,758.0,751.0,759.0,5386.0,4043.0,4521.0,0.0,0.0,0.0,747.0,745.0,746.0
0.0,13336.0,2257.0,2239.0,1550.0,714.0,0.0,0.0,714.0,747.0,746.0,746.0,759.0,752.0,746.0,4628.0,4946.0,3762.0,0.0,0.0,714.0,747.0,746.0,746.0
0.0,12629.0,2239.0,2239.0,35.0,2078.0,616.0,0.0,1462.0,747.0,746.0,746.0,750.0,741.0,748.0,3869.0,5744.0,3016.0,616.0,0.0,1462.0,747.0,746.0,746.0
0.0,10425.0,2247.0,2240.0,0.0,3580.0,1366.0,0.0,2214.0,748.0,746.0,746.0,745.0,750.0,752.0,3119.0,5038.0,2268.0,1366.0,0.0,2214.0,748.0,746.0,746.0
0.0,8178.0,2289.0,2242.0,714.0,4607.0,2126.0,216.0,2265.0,748.0,747.0,747.0,760.0,769.0,760.0,2374.0,4288.0,1516.0,2126.0,216.0,2265.0,748.0,747.0,747.0
0.0,6603.0,2322.0,2245.0,2078.0,4866.0,2291.0,994.0,1581.0,749.0,748.0,748.0,776.0,773.0,773.0,1614.0,3519.0,1470.0,2291.0,994.0,1581.0,749.0,748.0,748.0
0.0,6359.0,2315.0,2248.0,3580.0,3616.0,1706.0,1777.0,133.0,751.0,749.0,748.0,771.0,778.0,766.0,1454.0,2746.0,2159.0,1706.0,1777.0,133.0,751.0,749.0,748.0
0.0,7624.0,2278.0,2249.0,4607.0,2660.0,336.0,2324.0,0.0,751.0,749.0,749.0,756.0,763.0,759.0,2049.0,1968.0,3607.0,336.0,2324.0,0.0,751.0,749.0,749.0
0.0,9953.0,2259.0,2249.0,4866.0,2078.0,0.0,2078.0,0.0,751.0,749.0,749.0,766.0,748.0,745.0,3419.0,1421.0,5113.0,0.0,2078.0,0.0,751.0,749.0,749.0
0.0,12560.0,2262.0,2250.0,3616.0,1058.0,0.0,1058.0,0.0,752.0,749.0,749.0,757.0,757.0,748.0,4944.0,1667.0,5949.0,0.0,1058.0,0.0,752.0,749.0,749.0
0.0,13914.0,2284.0,2252.0,2660.0,0.0,0.0,0.0,0.0,752.0,750.0,750.0,756.0,761.0,767.0,5893.0,2687.0,5334.0,0.0,0.0,0.0,752.0,750.0,750.0
0.0,14290.0,2282.0,2252.0,2078.0,0.0,0.0,0.0,0.0,752.0,750.0,750.0,759.0,760.0,763.0,5473.0,4250.0,4567.0,0.0,0.0,0.0,752.0,750.0,750.0
0.0,14086.0,2317.0,2254.0,1058.0,714.0,0.0,0.0,714.0,753.0,751.0,750.0,778.0,771.0,768.0,4714.0,5568.0,3804.0,0.0,0.0,714.0,753.0,751.0,750.0
0.0,12827.0,2289.0,2256.0,0.0,2081.0,598.0,0.0,1483.0,754.0,751.0,751.0,764.0,761.0,764.0,3936.0,5855.0,3036.0,598.0,0.0,1483.0,754.0,751.0,751.0
0.0,10538.0,2301.0,2257.0,0.0,3609.0,1362.0,0.0,2247.0,754.0,752.0,751.0,764.0,773.0,764.0,3172.0,5094.0,2272.0,1362.0,0.0,2247.0,754.0,752.0,751.0
0.0,8237.0,2265.0,2258.0,714.0,4604.0,2122.0,205.0,2277.0,754.0,753.0,751.0,760.0,761.0,744.0,2408.0,4321.0,1508.0,2122.0,205.0,2277.0,754.0,753.0,751.0
0.0,6686.0,2282.0,2259.0,2081.0,4810.0,2280.0,958.0,1572.0,754.0,753.0,752.0,756.0,753.0,773.0,1648.0,3560.0,1478.0,2280.0,958.0,1572.0,754.0,753.0,752.0
0.0,6485.0,2274.0,2260.0,3609.0,3480.0,1676.0,1713.0,91.0,755.0,753.0,752.0,753.0,755.0,766.0,1490.0,2807.0,2188.0,1676.0,1713.0,91.0,755.0,753.0,752.0
0.0,7820.0,2306.0,2261.0,4604.0,2592.0,319.0,2273.0,0.0,755.0,753.0,753.0,765.0,765.0,776.0,2099.0,2052.0,3669.0,319.0,2273.0,0.0,755.0,753.0,753.0
0.0,10118.0,2302.0,2263.0,4436.0,2091.0,0.0,2091.0,0.0,756.0,754.0,753.0,770.0,771.0,761.0,3456.0,1492.0,5170.0,0.0,2091.0,0.0,756.0,754.0,753.0
0.0,12252.0,2322.0,2265.0,3854.0,1165.0,0.0,1165.0,0.0,756.0,755.0,754.0,774.0,782.0,766.0,4592.0,1679.0,5981.0,0.0,1165.0,0.0,756.0,755.0,754.0
0.0,13784.0,2297.0,2267.0,2592.0,0.0,0.0,0.0,0.0,757.0,755.0,755.0,771.0,762.0,764.0,5868.0,2610.0,5306.0,0.0,0.0,0.0,757.0,755.0,755.0
0.0,14079.0,2303.0,2267.0,1769.0,3.0,0.0,0.0,3.0,757.0,755.0,755.0,767.0,766.0,770.0,5416.0,4121.0,4542.0,0.0,0.0,3.0,757.0,755.0,755.0
0.0,13545.0,2271.0,2267.0,1487.0,766.0,0.0,0.0,766.0,757.0,755.0,755.0,752.0,756.0,763.0,4649.0,5124.0,3772.0,0.0,0.0,766.0,757.0,755.0,755.0
0.0,12761.0,2280.0,2268.0,0.0,2169.0,642.0,0.0,1527.0,757.0,756.0,755.0,754.0,765.0,761.0,3897.0,5855.0,3009.0,642.0,0.0,1527.0,757.0,756.0,755.0
0.0,10481.0,2316.0,2270.0,3.0,3709.0,1414.0,0.0,2295.0,757.0,757.0,756.0,772.0,778.0,766.0,3143.0,5090.0,2248.0,1414.0,0.0,2295.0,757.0,757.0,756.0
0.0,8168.0,2321.0,2272.0,766.0,4747.0,2201.0,248.0,2298.0,758.0,758.0,756.0,782.0,770.0,769.0,2371.0,4312.0,1485.0,2201.0,248.0,2298.0,758.0,758.0,756.0
0.0,6613.0,2337.0,2274.0,2169.0,4925.0,2339.0,1028.0,1558.0,759.0,758.0,757.0,775.0,780.0,782.0,1589.0,3542.0,1482.0,2339.0,1028.0,1558.0,759.0,758.0,757.0
0.0,6445.0,2325.0,2276.0,3709.0,3551.0,1699.0,1807.0,45.0,759.0,759.0,758.0,774.0,774.0,777.0,1456.0,2762.0,2227.0,1699.0,1807.0,45.0,759.0,759.0,758.0
0.0,7829.0,2310.0,2276.0,4747.0,2593.0,262.0,2331.0,0.0,759.0,759.0,758.0,764.0,772.0,774.0,2096.0,1988.0,3745.0,262.0,2331.0,0.0,759.0,759.0,758.0
0.0,10266.0,2290.0,2278.0,4925.0,2065.0,0.0,2065.0,0.0,760.0,759.0,759.0,762.0,762.0,766.0,3533.0,1464.0,5269.0,0.0,2065.0,0.0,760.0,759.0,759.0
0.0,12901.0,2290.0,2278.0,3551.0,1015.0,0.0,1015.0,0.0,760.0,759.0,759.0,763.0,757.0,770.0,5110.0,1730.0,6061.0,0.0,1015.0,0.0,760.0,759.0,759.0
0.0,14162.0,2315.0,2279.0,2593.0,0.0,0.0,0.0,0.0,760.0,760.0,759.0,773.0,767.0,775.0,6046.0,2780.0,5336.0,0.0,0.0,0.0,760.0,760.0,759.0
0.0,14440.0,2343.0,2282.0,2065.0,12.0,0.0,0.0,12.0,761.0,761.0,760.0,783.0,787.0,773.0,5535.0,4344.0,4561.0,0.0,0.0,12.0,761.0,761.0,760.0
0.0,14162.0,2340.0,2283.0,1015.0,802.0,0.0,0.0,802.0,761.0,761.0,761.0,767.0,788.0,785.0,4752.0,5622.0,3788.0,0.0,0.0,802.0,761.0,761.0,761.0
0.0,12837.0,2345.0,2286.0,0.0,2196.0,604.0,0.0,1592.0,762.0,762.0,762.0,779.0,781.0,785.0,3985.0,5849.0,3003.0,604.0,0.0,1592.0,762.0,762.0,762.0
0.0,10492.0,2307.0,2286.0,12.0,3732.0,1374.0,0.0,2358.0,762.0,762.0,762.0,770.0,759.0,778.0,3206.0,5068.0,2218.0,1374.0,0.0,2358.0,762.0,762.0,762.0
0.0,8197.0,2291.0,2286.0,802.0,4722.0,2134.0,265.0,2323.0,762.0,762.0,762.0,760.0,764.0,767.0,2436.0,4309.0,1452.0,2134.0,265.0,2323.0,762.0,762.0,762.0
0.0,6708.0,2310.0,2287.0,2196.0,4841.0,2298.0,1046.0,1497.0,762.0,763.0,762.0,768.0,776.0,766.0,1676.0,3545.0,1487.0,2298.0,1046.0,1497.0,762.0,763.0,762.0
0.0,6594.0,2330.0,2290.0,3732.0,3541.0,1707.0,1834.0,0.0,763.0,764.0,763.0,778.0,783.0,769.0,1512.0,2769.0,2313.0,1707.0,1834.0,0.0,763.0,764.0,763.0
0.0,7996.0,2359.0,2292.0,4722.0,2720.0,367.0,2353.0,0.0,764.0,764.0,764.0,789.0,784.0,786.0,2108.0,1986.0,3902.0,367.0,2353.0,0.0,764.0,764.0,764.0
0.0,10359.0,2340.0,2293.0,4429.0,2085.0,0.0,2085.0,0.0,764.0,765.0,764.0,786.0,773.0,781.0,3453.0,1467.0,5439.0,0.0,2085.0,0.0,764.0,765.0,764.0
0.0,12448.0,2338.0,2295.0,3019.0,1028.0,0.0,1028.0,0.0,765.0,765.0,765.0,775.0,777.0,786.0,4553.0,1740.0,6155.0,0.0,1028.0,0.0,765.0,765.0,765.0
0.0,13129.0,2330.0,2295.0,3654.0,0.0,0.0,0.0,0.0,765.0,765.0,765.0,782.0,775.0,773.0,4963.0,2797.0,5369.0,0.0,0.0,0.0,765.0,765.0,765.0
0.0,14453.0,2304.0,2297.0,1356.0,0.0,0.0,0.0,0.0,766.0,766.0,765.0,775.0,770.0,759.0,5482.0,4375.0,4596.0,0.0,0.0,0.0,766.0,766.0,765.0
0.0,13505.0,2312.0,2297.0,1757.0,757.0,0.0,0.0,757.0,766.0,766.0,765.0,771.0,772.0,769.0,4707.0,4961.0,3837.0,0.0,0.0,757.0,766.0,766.0,765.0
0.0,12950.0,2349.0,2300.0,0.0,2227.0,686.0,0.0,1541.0,767.0,767.0,766.0,787.0,783.0,779.0,3936.0,5946.0,3068.0,686.0,0.0,1541.0,767.0,767.0,766.0
0.0,10601.0,2372.0,2301.0,0.0,3813.0,1481.0,0.0,2332.0,767.0,767.0,767.0,795.0,791.0,786.0,3149.0,5163.0,2289.0,1481.0,0.0,2332.0,767.0,767.0,767.0
0.0,8229.0,2378.0,2304.0,757.0,4912.0,2270.0,263.0,2379.0,768.0,768.0,768.0,784.0,795.0,799.0,2354.0,4372.0,1503.0,2270.0,263.0,2379.0,768.0,768.0,768.0
0.0,6608.0,2354.0,2306.0,2227.0,5049.0,2377.0,1050.0,1622.0,769.0,769.0,768.0,788.0,782.0,784.0,1570.0,3577.0,1461.0,2377.0,1050.0,1622.0,769.0,769.0,768.0
0.0,6481.0,2341.0,2307.0,3813.0,3582.0,1672.0,1829.0,81.0,769.0,769.0,769.0,776.0,779.0,786.0,1468.0,2795.0,2218.0,1672.0,1829.0,81.0,769.0,769.0,769.0
0.0,7953.0,2317.0,2307.0,4912.0,2513.0,173.0,2340.0,0.0,769.0,769.0,769.0,771.0,774.0,772.0,2173.0,2016.0,3764.0,173.0,2340.0,0.0,769.0,769.0,769.0
0.0,10548.0,2307.0,2308.0,5049.0,2065.0,0.0,2065.0,0.0,769.0,770.0,769.0,767.0,770.0,770.0,3672.0,1505.0,5371.0,0.0,2065.0,0.0,769.0,770.0,769.0
0.0,13290.0,2336.0,2310.0,3582.0,1019.0,0.0,1019.0,0.0,770.0,770.0,770.0,782.0,783.0,771.0,5282.0,1785.0,6223.0,0.0,1019.0,0.0,770.0,770.0,770.0
0.0,14536.0,2374.0,2313.0,2513.0,0.0,0.0,0.0,0.0,771.0,771.0,771.0,800.0,781.0,793.0,6172.0,2831.0,5533.0,0.0,0.0,0.0,771.0,771.0,771.0
0.0,14675.0,2377.0,2315.0,2065.0,0.0,0.0,0.0,0.0,772.0,772.0,771.0,795.0,782.0,800.0,5545.0,4390.0,4740.0,0.0,0.0,0.0,772.0,772.0,771.0
0.0,14363.0,2363.0,2316.0,1019.0,711.0,0.0,0.0,711.0,772.0,772.0,772.0,783.0,789.0,791.0,4750.0,5673.0,3940.0,0.0,0.0,711.0,772.0,772.0,772.0
0.0,13019.0,2371.0,2316.0,0.0,2182.0,679.0,0.0,1503.0,772.0,772.0,772.0,786.0,793.0,792.0,3967.0,5903.0,3149.0,679.0,0.0,1503.0,772.0,772.0,772.0
0.0,10648.0,2328.0,2317.0,0.0,3733.0,1452.0,0.0,2281.0,772.0,772.0,773.0,773.0,782.0,773.0,3181.0,5110.0,2357.0,1452.0,0.0,2281.0,772.0,772.0,773.0
0.0,8320.0,2340.0,2319.0,711.0,4904.0,2229.0,321.0,2354.0,773.0,773.0,773.0,772.0,784.0,784.0,2408.0,4328.0,1584.0,2229.0,321.0,2354.0,773.0,773.0,773.0
0.0,6691.0,2355.0,2320.0,2182.0,5082.0,2339.0,1100.0,1643.0,773.0,773.0,774.0,789.0,779.0,787.0,1636.0,3544.0,1511.0,2339.0,1100.0,1643.0,773.0,773.0,774.0
0.0,6518.0,2370.0,2323.0,3733.0,3734.0,1683.0,1895.0,156.0,774.0,774.0,775.0,791.0,790.0,789.0,1526.0,2765.0,2227.0,1683.0,1895.0,156.0,774.0,774.0,775.0
0.0,7881.0,2393.0,2324.0,4904.0,2628.0,253.0,2375.0,0.0,774.0,775.0,775.0,799.0,796.0,798.0,2187.0,1975.0,3719.0,253.0,2375.0,0.0,774.0,775.0,775.0
0.0,10392.0,2379.0,2327.0,4652.0,2083.0,0.0,2083.0,0.0,775.0,776.0,776.0,786.0,803.0,790.0,3617.0,1500.0,5275.0,0.0,2083.0,0.0,775.0,776.0,776.0
0.0,12665.0,2350.0,2327.0,4164.0,976.0,0.0,976.0,0.0,775.0,776.0,776.0,786.0,788.0,776.0,4740.0,1797.0,6128.0,0.0,976.0,0.0,775.0,776.0,776.0
0.0,14479.0,2334.0,2328.0,2628.0,0.0,0.0,0.0,0.0,776.0,776.0,776.0,786.0,779.0,769.0,6067.0,2904.0,5508.0,0.0,0.0,0.0,776.0,776.0,776.0
0.0,14773.0,2330.0,2328.0,1037.0,0.0,0.0,0.0,0.0,776.0,776.0,776.0,772.0,776.0,782.0,5534.0,4500.0,4739.0,0.0,0.0,0.0,776.0,776.0,776.0
0.0,13480.0,2383.0,2330.0,2022.0,725.0,0.0,0.0,725.0,776.0,777.0,777.0,798.0,788.0,797.0,4762.0,4761.0,3957.0,0.0,0.0,725.0,776.0,777.0,777.0
0.0,13119.0,2395.0,2333.0,0.0,2241.0,714.0,0.0,1527.0,777.0,778.0,778.0,793.0,805.0,797.0,3964.0,5995.0,3160.0,714.0,0.0,1527.0,777.0,778.0,778.0
0.0,10724.0,2391.0,2335.0,0.0,3839.0,1512.0,0.0,2327.0,778.0,779.0,778.0,793.0,798.0,800.0,3171.0,5190.0,2363.0,1512.0,0.0,2327.0,778.0,779.0,778.0
0.0,8333.0,2363.0,2336.0,725.0,4985.0,2297.0,290.0,2398.0,778.0,779.0,779.0,785.0,787.0,791.0,2378.0,4392.0,1563.0,2297.0,290.0,2398.0,778.0,779.0,779.0
0.0,6695.0,2362.0,2337.0,2241.0,5111.0,2377.0,1081.0,1653.0,779.0,779.0,779.0,789.0,791.0,782.0,1593.0,3605.0,1497.0,2377.0,1081.0,1653.0,779.0,779.0,779.0
0.0,6574.0,2366.0,2339.0,3839.0,3648.0,1653.0,1875.0,120.0,779.0,780.0,780.0,788.0,789.0,789.0,1518.0,2814.0,2242.0,1653.0,1875.0,120.0,779.0,780.0,780.0
0.0,8047.0,2363.0,2339.0,4985.0,2512.0,139.0,2373.0,0.0,779.0,780.0,780.0,783.0,788.0,792.0,2242.0,2025.0,3780.0,139.0,2373.0,0.0,779.0,780.0,780.0
0.0,10669.0,2385.0,2342.0,5111.0,2093.0,0.0,2093.0,0.0,780.0,781.0,781.0,794.0,796.0,795.0,3756.0,1527.0,5386.0,0.0,2093.0,0.0,780.0,781.0,781.0
0.0,13395.0,2408.0,2344.0,3648.0,1029.0,0.0,1029.0,0.0,781.0,782.0,781.0,803.0,806.0,799.0,5339.0,1812.0,6244.0,0.0,1029.0,0.0,781.0,782.0,781.0
0.0,14635.0,2390.0,2345.0,2512.0,0.0,0.0,0.0,0.0,781.0,782.0,782.0,795.0,788.0,807.0,6189.0,2881.0,5565.0,0.0,0.0,0.0,781.0,782.0,782.0
0.0,14757.0,2390.0,2347.0,2093.0,0.0,0.0,0.0,0.0,782.0,782.0,783.0,789.0,801.0,800.0,5533.0,4466.0,4758.0,0.0,0.0,0.0,782.0,782.0,783.0
0.0,14460.0,2379.0,2348.0,1029.0,739.0,0.0,0.0,739.0,782.0,783.0,783.0,798.0,799.0,782.0,4744.0,5758.0,3958.0,0.0,0.0,739.0,782.0,783.0,783.0
0.0,13110.0,2374.0,2349.0,0.0,2295.0,765.0,0.0,1530.0,783.0,783.0,783.0,796.0,787.0,791.0,3946.0,5988.0,3176.0,765.0,0.0,1530.0,783.0,783.0,783.0
0.0,10736.0,2360.0,2350.0,0.0,3877.0,1549.0,0.0,2328.0,783.0,783.0,784.0,784.0,783.0,793.0,3150.0,5201.0,2385.0,1549.0,0.0,2328.0,783.0,783.0,784.0
0.0,8376.0,2374.0,2351.0,739.0,5014.0,2337.0,300.0,2377.0,783.0,784.0,784.0,788.0,798.0,788.0,2366.0,4418.0,1592.0,2337.0,300.0,2377.0,783.0,784.0,784.0
0.0,6741.0,2414.0,2353.0,2295.0,5143.0,2379.0,1123.0,1641.0,784.0,785.0,784.0,802.0,818.0,794.0,1578.0,3620.0,1543.0,2379.0,1123.0,1641.0,784.0,785.0,784.0
0.0,6622.0,2413.0,2356.0,3877.0,3694.0,1635.0,1942.0,117.0,785.0,786.0,785.0,800.0,814.0,799.0,1541.0,2802.0,2279.0,1635.0,1942.0,117.0,785.0,786.0,785.0
0.0,8086.0,2401.0,2357.0,5014.0,2554.0,101.0,2453.0,0.0,785.0,787.0,785.0,803.0,806.0,792.0,2290.0,1988.0,3808.0,101.0,2453.0,0.0,785.0,787.0,785.0
0.0,10699.0,2376.0,2359.0,4196.0,2117.0,0.0,2117.0,0.0,786.0,787.0,786.0,797.0,787.0,792.0,3824.0,1482.0,5393.0,0.0,2117.0,0.0,786.0,787.0,786.0
0.0,12519.0,2364.0,2359.0,4027.0,959.0,0.0,959.0,0.0,786.0,787.0,786.0,785.0,784.0,795.0,4459.0,1818.0,6242.0,0.0,959.0,0.0,786.0,787.0,786.0
0.0,14182.0,2371.0,2359.0,3168.0,0.0,0.0,0.0,0.0,786.0,787.0,786.0,783.0,795.0,793.0,5642.0,2976.0,5564.0,0.0,0.0,0.0,786.0,787.0,786.0
0.0,14979.0,2390.0,2360.0,955.0,0.0,0.0,0.0,0.0,786.0,788.0,786.0,793.0,804.0,793.0,5574.0,4634.0,4771.0,0.0,0.0,0.0,786.0,788.0,786.0
0.0,13544.0,2416.0,2363.0,2121.0,760.0,0.0,0.0,760.0,787.0,789.0,787.0,810.0,803.0,803.0,4781.0,4785.0,3978.0,0.0,0.0,760.0,787.0,789.0,787.0
0.0,13249.0,2415.0,2365.0,0.0,2339.0,772.0,0.0,1567.0,788.0,789.0,788.0,803.0,810.0,802.0,3971.0,6103.0,3175.0,772.0,0.0,1567.0,788.0,789.0,788.0
0.0,10834.0,2404.0,2366.0,0.0,3940.0,1568.0,0.0,2372.0,788.0,790.0,788.0,796.0,803.0,805.0,3168.0,5293.0,2373.0,1568.0,0.0,2372.0,788.0,790.0,788.0
0.0,8430.0,2399.0,2367.0,760.0,5044.0,2364.0,260.0,2420.0,788.0,790.0,789.0,796.0,800.0,803.0,2372.0,4490.0,1568.0,2364.0,260.0,2420.0,788.0,790.0,789.0
0.0,6791.0,2403.0,2368.0,2339.0,5113.0,2395.0,1065.0,1653.0,789.0,790.0,789.0,798.0,805.0,800.0,1576.0,3690.0,1525.0,2395.0,1065.0,1653.0,789.0,790.0,789.0
0.0,6727.0,2374.0,2369.0,3940.0,3552.0,1618.0,1864.0,70.0,789.0,791.0,789.0,791.0,794.0,789.0,1550.0,2885.0,2292.0,1618.0,1864.0,70.0,789.0,791.0,789.0
0.0,8293.0,2400.0,2371.0,5044.0,2466.0,66.0,2400.0,0.0,790.0,791.0,790.0,807.0,796.0,797.0,2327.0,2091.0,3875.0,66.0,2400.0,0.0,790.0,791.0,790.0
0.0,10937.0,2412.0,2372.0,5113.0,2141.0,0.0,2141.0,0.0,790.0,792.0,790.0,810.0,801.0,801.0,3884.0,1555.0,5498.0,0.0,2141.0,0.0,790.0,792.0,790.0
0.0,13638.0,2424.0,2375.0,3552.0,1095.0,0.0,1095.0,0.0,791.0,793.0,791.0,802.0,813.0,809.0,5469.0,1819.0,6350.0,0.0,1095.0,0.0,791.0,793.0,791.0
0.0,14766.0,2433.0,2376.0,2466.0,0.0,0.0,0.0,0.0,791.0,793.0,792.0,801.0,812.0,820.0,6285.0,2870.0,5611.0,0.0,0.0,0.0,791.0,793.0,792.0
0.0,14799.0,2409.0,2376.0,2141.0,0.0,0.0,0.0,0.0,791.0,793.0,792.0,803.0,797.0,809.0,5550.0,4458.0,4791.0,0.0,0.0,0.0,791.0,793.0,792.0
0.0,14531.0,2379.0,2376.0,1095.0,777.0,0.0,0.0,777.0,791.0,793.0,792.0,791.0,789.0,799.0,4747.0,5802.0,3982.0,0.0,0.0,777.0,791.0,793.0,792.0
0.0,13247.0,2406.0,2379.0,0.0,2389.0,804.0,0.0,1585.0,792.0,794.0,793.0,800.0,803.0,803.0,3956.0,6108.0,3183.0,804.0,0.0,1585.0,792.0,794.0,793.0
0.0,10841.0,2422.0,2379.0,0.0,4000.0,1607.0,0.0,2393.0,792.0,794.0,793.0,803.0,811.0,808.0,3156.0,5305.0,2380.0,1607.0,0.0,2393.0,792.0,794.0,793.0
0.0,8419.0,2445.0,2382.0,777.0,5159.0,2426.0,299.0,2434.0,793.0,795.0,794.0,814.0,818.0,813.0,2353.0,4494.0,1572.0,2426.0,299.0,2434.0,793.0,795.0,794.0
0.0,6751.0,2449.0,2385.0,2389.0,5234.0,2448.0,1118.0,1668.0,794.0,796.0,795.0,821.0,814.0,814.0,1539.0,3676.0,1536.0,2448.0,1118.0,1668.0,794.0,796.0,795.0
0.0,6691.0,2441.0,2386.0,4000.0,3680.0,1650.0,1930.0,100.0,794.0,796.0,796.0,809.0,812.0,820.0,1522.0,2862.0,2307.0,1650.0,1930.0,100.0,794.0,796.0,796.0
0.0,8250.0,2404.0,2388.0,5121.0,2506.0,79.0,2427.0,0.0,795.0,797.0,796.0,812.0,791.0,801.0,2320.0,2050.0,3880.0,79.0,2427.0,0.0,795.0,797.0,796.0
0.0,10967.0,2409.0,2388.0,4993.0,2116.0,0.0,2116.0,0.0,795.0,797.0,796.0,799.0,807.0,803.0,3896.0,1558.0,5513.0,0.0,2116.0,0.0,795.0,797.0,796.0
0.0,13551.0,2400.0,2388.0,3959.0,988.0,0.0,988.0,0.0,795.0,797.0,796.0,800.0,802.0,798.0,5304.0,1869.0,6378.0,0.0,988.0,0.0,795.0,797.0,796.0
0.0,15110.0,2429.0,2390.0,2506.0,0.0,0.0,0.0,0.0,796.0,798.0,796.0,811.0,807.0,811.0,6433.0,2997.0,5680.0,0.0,0.0,0.0,796.0,798.0,796.0
0.0,15187.0,2443.0,2391.0,1068.0,0.0,0.0,0.0,0.0,796.0,798.0,797.0,807.0,820.0,816.0,5701.0,4617.0,4869.0,0.0,0.0,0.0,796.0,798.0,797.0
0.0,13812.0,2458.0,2394.0,2036.0,756.0,0.0,0.0,756.0,797.0,799.0,798.0,816.0,823.0,819.0,4894.0,4865.0,4053.0,0.0,0.0,756.0,797.0,799.0,798.0
0.0,13390.0,2455.0,2397.0,0.0,2309.0,729.0,0.0,1580.0,798.0,800.0,799.0,817.0,819.0,819.0,4078.0,6078.0,3234.0,729.0,0.0,1580.0,798.0,800.0,799.0
0.0,10935.0,2425.0,2397.0,0.0,3930.0,1540.0,0.0,2390.0,798.0,800.0,799.0,811.0,804.0,810.0,3261.0,5259.0,2415.0,1540.0,0.0,2390.0,798.0,800.0,799.0
0.0,8510.0,2396.0,2397.0,756.0,5115.0,2343.0,348.0,2424.0,798.0,800.0,799.0,803.0,803.0,790.0,2450.0,4455.0,1605.0,2343.0,348.0,2424.0,798.0,800.0,799.0
0.0,6870.0,2396.0,2397.0,2309.0,5202.0,2413.0,1147.0,1642.0,798.0,800.0,799.0,799.0,799.0,798.0,1647.0,3652.0,1571.0,2413.0,1147.0,1642.0,798.0,800.0,799.0
0.0,6783.0,2435.0,2400.0,3930.0,3722.0,1685.0,1964.0,73.0,799.0,801.0,800.0,807.0,812.0,816.0,1577.0,2853.0,2353.0,1685.0,1964.0,73.0,799.0,801.0,800.0
0.0,8278.0,2472.0,2402.0,5115.0,2612.0,164.0,2448.0,0.0,799.0,802.0,801.0,822.0,827.0,823.0,2310.0,2041.0,3927.0,164.0,2448.0,0.0,799.0,802.0,801.0
0.0,10921.0,2451.0,2404.0,5202.0,2122.0,0.0,2122.0,0.0,800.0,802.0,802.0,807.0,821.0,823.0,3831.0,1562.0,5528.0,0.0,2122.0,0.0,800.0,802.0,802.0
0.0,13672.0,2435.0,2405.0,3722.0,976.0,0.0,976.0,0.0,800.0,803.0,802.0,806.0,813.0,816.0,5437.0,1888.0,6347.0,0.0,976.0,0.0,800.0,803.0,802.0
0.0,14959.0,2441.0,2406.0,2612.0,0.0,0.0,0.0,0.0,801.0,803.0,802.0,821.0,809.0,811.0,6316.0,3039.0,5604.0,0.0,0.0,0.0,801.0,803.0,802.0
0.0,15130.0,2421.0,2406.0,2122.0,20.0,0.0,0.0,20.0,801.0,803.0,802.0,811.0,807.0,803.0,5659.0,4678.0,4793.0,0.0,0.0,20.0,801.0,803.0,802.0
0.0,14831.0,2411.0,2407.0,976.0,833.0,0.0,0.0,833.0,801.0,803.0,803.0,801.0,802.0,808.0,4848.0,5993.0,3990.0,0.0,0.0,833.0,801.0,803.0,803.0
0.0,13396.0,2438.0,2409.0,0.0,2419.0,774.0,0.0,1645.0,802.0,804.0,803.0,811.0,815.0,812.0,4047.0,6167.0,3182.0,774.0,0.0,1645.0,802.0,804.0,803.0
0.0,10958.0,2490.0,2412.0,20.0,4077.0,1619.0,0.0,2458.0,803.0,805.0,804.0,840.0,822.0,828.0,3236.0,5352.0,2370.0,1619.0,0.0,2458.0,803.0,805.0,804.0
0.0,8488.0,2464.0,2413.0,833.0,5208.0,2450.0,315.0,2443.0,804.0,805.0,804.0,826.0,820.0,818.0,2396.0,4530.0,1562.0,2450.0,315.0,2443.0,804.0,805.0,804.0
0.0,6857.0,2447.0,2415.0,2419.0,5246.0,2490.0,1138.0,1618.0,804.0,806.0,805.0,814.0,818.0,815.0,1570.0,3710.0,1577.0,2490.0,1138.0,1618.0,804.0,806.0,805.0
0.0,6829.0,2438.0,2415.0,4077.0,3642.0,1692.0,1950.0,0.0,804.0,806.0,805.0,821.0,812.0,805.0,1530.0,2892.0,2407.0,1692.0,1950.0,0.0,804.0,806.0,805.0
0.0,8468.0,2427.0,2416.0,5183.0,2528.0,83.0,2445.0,0.0,805.0,806.0,805.0,811.0,810.0,806.0,2328.0,2080.0,4060.0,83.0,2445.0,0.0,805.0,806.0,805.0
0.0,11224.0,2428.0,2416.0,4191.0,2110.0,0.0,2110.0,0.0,805.0,806.0,805.0,813.0,803.0,812.0,3942.0,1585.0,5697.0,0.0,2110.0,0.0,805.0,806.0,805.0
0.0,12987.0,2449.0,2418.0,4722.0,973.0,0.0,973.0,0.0,806.0,806.0,806.0,814.0,813.0,822.0,4564.0,1920.0,6503.0,0.0,973.0,0.0,806.0,806.0,806.0
0.0,15260.0,2497.0,2420.0,2528.0,0.0,0.0,0.0,0.0,806.0,807.0,807.0,829.0,832.0,836.0,6522.0,3057.0,5681.0,0.0,0.0,0.0,806.0,807.0,807.0
0.0,15291.0,2486.0,2422.0,1147.0,14.0,0.0,0.0,14.0,807.0,808.0,807.0,830.0,832.0,824.0,5776.0,4670.0,4845.0,0.0,0.0,14.0,807.0,808.0,807.0
0.0,13952.0,2457.0,2425.0,1936.0,842.0,0.0,0.0,842.0,808.0,809.0,808.0,816.0,818.0,823.0,4946.0,4985.0,4021.0,0.0,0.0,842.0,808.0,809.0,808.0
0.0,13431.0,2434.0,2424.0,0.0,2378.0,724.0,0.0,1654.0,808.0,808.0,808.0,814.0,808.0,812.0,4130.0,6103.0,3198.0,724.0,0.0,1654.0,808.0,808.0,808.0
0.0,10997.0,2440.0,2425.0,14.0,4004.0,1541.0,0.0,2463.0,808.0,808.0,809.0,817.0,805.0,818.0,3316.0,5295.0,2386.0,1541.0,0.0,2463.0,808.0,808.0,809.0
0.0,8571.0,2441.0,2425.0,842.0,5153.0,2347.0,363.0,2443.0,808.0,808.0,809.0,806.0,813.0,822.0,2499.0,4490.0,1582.0,2347.0,363.0,2443.0,808.0,808.0,809.0
0.0,6972.0,2451.0,2427.0,2378.0,5236.0,2436.0,1185.0,1615.0,808.0,809.0,810.0,813.0,817.0,821.0,1693.0,3677.0,1602.0,2436.0,1185.0,1615.0,808.0,809.0,810.0
0.0,6899.0,2490.0,2430.0,4004.0,3750.0,1734.0,2016.0,0.0,809.0,810.0,811.0,834.0,826.0,830.0,1604.0,2860.0,2435.0,1734.0,2016.0,0.0,809.0,810.0,811.0
0.0,8413.0,2466.0,2431.0,5153.0,2684.0,210.0,2474.0,0.0,810.0,810.0,811.0,818.0,821.0,827.0,2311.0,2034.0,4068.0,210.0,2474.0,0.0,810.0,810.0,811.0
0.0,11100.0,2473.0,2434.0,5236.0,2129.0,0.0,2129.0,0.0,811.0,811.0,812.0,820.0,835.0,818.0,3840.0,1576.0,5684.0,0.0,2129.0,0.0,811.0,811.0,812.0
0.0,13863.0,2459.0,2434.0,3750.0,936.0,0.0,936.0,0.0,811.0,811.0,812.0,821.0,823.0,815.0,5456.0,1926.0,6481.0,0.0,936.0,0.0,811.0,811.0,812.0
0.0,15154.0,2456.0,2435.0,2684.0,0.0,0.0,0.0,0.0,811.0,812.0,812.0,812.0,821.0,823.0,6369.0,3119.0,5666.0,0.0,0.0,0.0,811.0,812.0,812.0
0.0,15382.0,2448.0,2436.0,2129.0,40.0,0.0,0.0,40.0,811.0,812.0,813.0,811.0,819.0,818.0,5767.0,4772.0,4843.0,0.0,0.0,40.0,811.0,812.0,813.0
0.0,15063.0,2458.0,2437.0,936.0,857.0,0.0,0.0,857.0,812.0,812.0,813.0,826.0,815.0,817.0,4956.0,6082.0,4025.0,0.0,0.0,857.0,812.0,812.0,813.0
0.0,13541.0,2508.0,2440.0,0.0,2471.0,773.0,0.0,1698.0,813.0,813.0,814.0,838.0,834.0,836.0,4130.0,6203.0,3208.0,773.0,0.0,1698.0,813.0,813.0,814.0
0.0,11033.0,2489.0,2441.0,40.0,4081.0,1600.0,0.0,2481.0,813.0,814.0,814.0,827.0,839.0,823.0,3292.0,5369.0,2372.0,1600.0,0.0,2481.0,813.0,814.0,814.0
0.0,8584.0,2493.0,2443.0,857.0,5267.0,2434.0,377.0,2456.0,814.0,814.0,815.0,829.0,837.0,827.0,2465.0,4530.0,1589.0,2434.0,377.0,2456.0,814.0,814.0,815.0
0.0,6948.0,2473.0,2444.0,2471.0,5274.0,2492.0,1203.0,1579.0,814.0,815.0,815.0,831.0,821.0,821.0,1636.0,3693.0,1619.0,2492.0,1203.0,1579.0,814.0,815.0,815.0
0.0,6946.0,2441.0,2444.0,4081.0,3714.0,1706.0,2008.0,0.0,814.0,815.0,815.0,814.0,805.0,822.0,1578.0,2872.0,2496.0,1706.0,2008.0,0.0,814.0,815.0,815.0
0.0,8586.0,2457.0,2445.0,5267.0,2548.0,94.0,2454.0,0.0,815.0,815.0,815.0,817.0,823.0,817.0,2364.0,2067.0,4155.0,94.0,2454.0,0.0,815.0,815.0,815.0
0.0,11396.0,2494.0,2446.0,4446.0,2083.0,0.0,2083.0,0.0,815.0,815.0,816.0,839.0,832.0,823.0,3981.0,1621.0,5794.0,0.0,2083.0,0.0,815.0,815.0,816.0
0.0,13348.0,2508.0,2448.0,4542.0,916.0,0.0,916.0,0.0,816.0,816.0,816.0,840.0,836.0,832.0,4806.0,1992.0,6550.0,0.0,916.0,0.0,816.0,816.0,816.0
0.0,15382.0,2507.0,2451.0,2548.0,0.0,0.0,0.0,0.0,817.0,817.0,817.0,837.0,838.0,832.0,6500.0,3164.0,5718.0,0.0,0.0,0.0,817.0,817.0,817.0
0.0,15423.0,2493.0,2452.0,1098.0,31.0,0.0,0.0,31.0,818.0,817.0,817.0,831.0,830.0,832.0,5757.0,4780.0,4886.0,0.0,0.0,31.0,818.0,817.0,817.0
0.0,14028.0,2478.0,2453.0,1901.0,867.0,0.0,0.0,867.0,818.0,817.0,818.0,827.0,820.0,831.0,4926.0,5048.0,4054.0,0.0,0.0,867.0,818.0,817.0,818.0
0.0,13451.0,2485.0,2454.0,0.0,2514.0,821.0,0.0,1693.0,818.0,818.0,818.0,830.0,829.0,826.0,4099.0,6129.0,3223.0,821.0,0.0,1693.0,818.0,818.0,818.0
0.0,10966.0,2491.0,2454.0,31.0,4136.0,1645.0,0.0,2491.0,818.0,818.0,818.0,824.0,838.0,829.0,3269.0,5300.0,2397.0,1645.0,0.0,2491.0,818.0,818.0,818.0
0.0,8506.0,2479.0,2457.0,867.0,5391.0,2480.0,454.0,2457.0,819.0,819.0,819.0,830.0,821.0,828.0,2445.0,4462.0,1599.0,2480.0,454.0,2457.0,819.0,819.0,819.0
0.0,6894.0,2506.0,2457.0,2514.0,5383.0,2498.0,1288.0,1597.0,819.0,819.0,819.0,839.0,834.0,833.0,1615.0,3641.0,1638.0,2498.0,1288.0,1597.0,819.0,819.0,819.0
0.0,6902.0,2505.0,2460.0,4136.0,3819.0,1688.0,2131.0,0.0,820.0,820.0,820.0,830.0,838.0,837.0,1597.0,2807.0,2498.0,1688.0,2131.0,0.0,820.0,820.0,820.0
0.0,8533.0,2522.0,2461.0,5391.0,2569.0,41.0,2528.0,0.0,820.0,821.0,820.0,833.0,846.0,843.0,2412.0,1969.0,4152.0,41.0,2528.0,0.0,820.0,821.0,820.0
0.0,11402.0,2502.0,2463.0,5383.0,2074.0,0.0,2074.0,0.0,821.0,821.0,821.0,832.0,834.0,836.0,4059.0,1577.0,5766.0,0.0,2074.0,0.0,821.0,821.0,821.0
0.0,14283.0,2483.0,2463.0,3819.0,763.0,0.0,763.0,0.0,821.0,821.0,821.0,830.0,820.0,833.0,5725.0,2031.0,6527.0,0.0,763.0,0.0,821.0,821.0,821.0
0.0,15619.0,2471.0,2463.0,2569.0,0.0,0.0,0.0,0.0,821.0,821.0,821.0,829.0,817.0,825.0,6583.0,3342.0,5694.0,0.0,0.0,0.0,821.0,821.0,821.0
0.0,15717.0,2513.0,2466.0,2074.0,74.0,0.0,0.0,74.0,822.0,822.0,822.0,838.0,842.0,833.0,5795.0,5053.0,4869.0,0.0,0.0,74.0,822.0,822.0,822.0
0.0,15278.0,2540.0,2468.0,763.0,932.0,7.0,0.0,925.0,823.0,822.0,823.0,849.0,845.0,846.0,4957.0,6285.0,4036.0,7.0,0.0,925.0,823.0,822.0,823.0
0.0,13501.0,2531.0,2471.0,0.0,2634.0,861.0,0.0,1773.0,824.0,823.0,824.0,849.0,839.0,843.0,4108.0,6203.0,3190.0,861.0,0.0,1773.0,824.0,823.0,824.0
0.0,10970.0,2518.0,2472.0,74.0,4242.0,1703.0,0.0,2539.0,824.0,824.0,824.0,842.0,836.0,840.0,3259.0,5364.0,2347.0,1703.0,0.0,2539.0,824.0,824.0,824.0
0.0,8526.0,2508.0,2473.0,932.0,5415.0,2536.0,423.0,2456.0,825.0,824.0,824.0,835.0,831.0,842.0,2417.0,4528.0,1581.0,2536.0,423.0,2456.0,825.0,824.0,824.0
0.0,6950.0,2482.0,2474.0,2634.0,5268.0,2502.0,1250.0,1516.0,825.0,824.0,825.0,827.0,827.0,828.0,1589.0,3697.0,1664.0,2502.0,1250.0,1516.0,825.0,824.0,825.0
0.0,7102.0,2498.0,2475.0,4242.0,3727.0,1642.0,2085.0,0.0,826.0,824.0,825.0,838.0,835.0,825.0,1623.0,2870.0,2609.0,1642.0,2085.0,0.0,826.0,824.0,825.0
0.0,8846.0,2515.0,2476.0,5415.0,2510.0,0.0,2510.0,0.0,826.0,825.0,825.0,836.0,843.0,836.0,2488.0,2035.0,4323.0,0.0,2510.0,0.0,826.0,825.0,825.0
0.0,11746.0,2527.0,2478.0,4109.0,2095.0,0.0,2095.0,0.0,827.0,825.0,826.0,849.0,835.0,843.0,4188.0,1615.0,5943.0,0.0,2095.0,0.0,827.0,825.0,826.0
0.0,13328.0,2536.0,2481.0,4886.0,862.0,0.0,862.0,0.0,828.0,826.0,827.0,852.0,847.0,837.0,4682.0,2030.0,6616.0,0.0,862.0,0.0,828.0,826.0,827.0
0.0,15678.0,2543.0,2482.0,2510.0,0.0,0.0,0.0,0.0,828.0,827.0,827.0,847.0,841.0,855.0,6631.0,3268.0,5779.0,0.0,0.0,0.0,828.0,827.0,827.0
0.0,15645.0,2530.0,2483.0,1025.0,62.0,0.0,0.0,62.0,828.0,827.0,828.0,841.0,843.0,846.0,5784.0,4937.0,4924.0,0.0,0.0,62.0,828.0,827.0,828.0
0.0,14140.0,2504.0,2485.0,1932.0,930.0,35.0,0.0,895.0,829.0,828.0,828.0,833.0,838.0,833.0,4943.0,5119.0,4078.0,35.0,0.0,895.0,829.0,828.0,828.0
0.0,13568.0,2469.0,2485.0,0.0,2578.0,853.0,0.0,1725.0,829.0,828.0,828.0,818.0,821.0,830.0,4110.0,6213.0,3245.0,853.0,0.0,1725.0,829.0,828.0,828.0
0.0,11099.0,2517.0,2486.0,62.0,4200.0,1690.0,0.0,2510.0,829.0,828.0,829.0,837.0,838.0,842.0,3292.0,5392.0,2415.0,1690.0,0.0,2510.0,829.0,828.0,829.0
0.0,8644.0,2561.0,2489.0,930.0,5432.0,2511.0,444.0,2477.0,830.0,829.0,830.0,851.0,853.0,857.0,2455.0,4554.0,1635.0,2511.0,444.0,2477.0,830.0,829.0,830.0
0.0,7013.0,2565.0,2491.0,2578.0,5429.0,2507.0,1309.0,1613.0,830.0,830.0,831.0,849.0,860.0,856.0,1639.0,3701.0,1673.0,2507.0,1309.0,1613.0,830.0,830.0,831.0
0.0,7026.0,2529.0,2493.0,4200.0,3817.0,1662.0,2155.0,0.0,831.0,831.0,831.0,840.0,841.0,848.0,1643.0,2841.0,2542.0,1662.0,2155.0,0.0,831.0,831.0,831.0
0.0,8697.0,2517.0,2493.0,5432.0,2551.0,0.0,2551.0,0.0,831.0,831.0,831.0,842.0,840.0,835.0,2493.0,2000.0,4204.0,0.0,2551.0,0.0,831.0,831.0,831.0
0.0,11612.0,2487.0,2493.0,5429.0,2063.0,0.0,2063.0,0.0,831.0,831.0,831.0,845.0,821.0,821.0,4162.0,1604.0,5846.0,0.0,2063.0,0.0,831.0,831.0,831.0
0.0,14554.0,2515.0,2495.0,3817.0,750.0,0.0,750.0,0.0,832.0,831.0,832.0,836.0,842.0,837.0,5824.0,2092.0,6638.0,0.0,750.0,0.0,832.0,831.0,832.0
0.0,15856.0,2523.0,2496.0,2551.0,0.0,0.0,0.0,0.0,832.0,832.0,832.0,846.0,844.0,833.0,6650.0,3405.0,5801.0,0.0,0.0,0.0,832.0,832.0,832.0
0.0,15884.0,2565.0,2499.0,2063.0,59.0,0.0,0.0,59.0,833.0,833.0,833.0,854.0,849.0,862.0,5804.0,5112.0,4968.0,0.0,0.0,59.0,833.0,833.0,833.0
0.0,15382.0,2571.0,2501.0,750.0,1000.0,73.0,0.0,927.0,834.0,833.0,834.0,853.0,855.0,863.0,4950.0,6326.0,4106.0,73.0,0.0,927.0,834.0,833.0,834.0
0.0,13561.0,2552.0,2503.0,0.0,2709.0,932.0,0.0,1777.0,835.0,834.0,834.0,854.0,848.0,850.0,4097.0,6221.0,3243.0,932.0,0.0,1777.0,835.0,834.0,834.0
0.0,11009.0,2516.0,2503.0,59.0,4318.0,1771.0,0.0,2547.0,835.0,834.0,834.0,839.0,848.0,829.0,3243.0,5373.0,2393.0,1771.0,0.0,2547.0,835.0,834.0,834.0
0.0,8552.0,2523.0,2504.0,1000.0,5491.0,2539.0,494.0,2458.0,835.0,835.0,834.0,841.0,844.0,838.0,2404.0,4525.0,1623.0,2539.0,494.0,2458.0,835.0,835.0,834.0
0.0,7029.0,2512.0,2506.0,2709.0,5304.0,2443.0,1336.0,1525.0,836.0,835.0,835.0,831.0,842.0,839.0,1636.0,3681.0,1712.0,2443.0,1336.0,1525.0,836.0,835.0,835.0
0.0,7226.0,2548.0,2506.0,4318.0,3705.0,1522.0,2183.0,0.0,836.0,835.0,835.0,850.0,847.0,851.0,1737.0,2839.0,2650.0,1522.0,2183.0,0.0,836.0,835.0,835.0
0.0,8996.0,2560.0,2509.0,5283.0,2599.0,59.0,2540.0,0.0,837.0,836.0,836.0,863.0,846.0,851.0,2658.0,1992.0,4346.0,59.0,2540.0,0.0,837.0,836.0,836.0
0.0,11719.0,2578.0,2512.0,5189.0,2073.0,0.0,2073.0,0.0,838.0,837.0,837.0,856.0,864.0,858.0,4126.0,1640.0,5953.0,0.0,2073.0,0.0,838.0,837.0,837.0
0.0,14330.0,2555.0,2513.0,4028.0,740.0,0.0,740.0,0.0,839.0,837.0,837.0,856.0,850.0,849.0,5598.0,2112.0,6620.0,0.0,740.0,0.0,839.0,837.0,837.0
0.0,15803.0,2541.0,2515.0,2599.0,0.0,0.0,0.0,0.0,839.0,838.0,838.0,852.0,845.0,844.0,6587.0,3445.0,5771.0,0.0,0.0,0.0,839.0,838.0,838.0
0.0,15861.0,2522.0,2515.0,1005.0,102.0,0.0,0.0,102.0,839.0,838.0,838.0,848.0,835.0,839.0,5794.0,5140.0,4927.0,0.0,0.0,102.0,839.0,838.0,838.0
0.0,14344.0,2522.0,2515.0,1808.0,1046.0,98.0,0.0,948.0,840.0,837.0,838.0,844.0,832.0,846.0,4946.0,5310.0,4088.0,98.0,0.0,948.0,840.0,837.0,838.0
0.0,13630.0,2564.0,2517.0,0.0,2762.0,950.0,0.0,1812.0,840.0,838.0,839.0,852.0,853.0,859.0,4102.0,6286.0,3242.0,950.0,0.0,1812.0,840.0,838.0,839.0
0.0,11066.0,2586.0,2520.0,102.0,4397.0,1819.0,0.0,2578.0,841.0,839.0,840.0,864.0,859.0,863.0,3250.0,5433.0,2383.0,1819.0,0.0,2578.0,841.0,839.0,840.0
0.0,8582.0,2549.0,2521.0,1046.0,5526.0,2569.0,479.0,2478.0,841.0,840.0,840.0,848.0,853.0,848.0,2386.0,4574.0,1622.0,2569.0,479.0,2478.0,841.0,840.0,840.0
0.0,7079.0,2556.0,2523.0,2762.0,5330.0,2476.0,1330.0,1524.0,842.0,840.0,841.0,852.0,851.0,853.0,1636.0,3721.0,1722.0,2476.0,1330.0,1524.0,842.0,840.0,841.0
0.0,7285.0,2544.0,2523.0,4397.0,3684.0,1507.0,2177.0,0.0,842.0,840.0,841.0,850.0,847.0,847.0,1734.0,2870.0,2681.0,1507.0,2177.0,0.0,842.0,840.0,841.0
0.0,9138.0,2523.0,2523.0,5526.0,2544.0,0.0,2544.0,0.0,842.0,840.0,841.0,836.0,846.0,841.0,2703.0,2023.0,4412.0,0.0,2544.0,0.0,842.0,840.0,841.0
0.0,12141.0,2545.0,2525.0,5330.0,2071.0,0.0,2071.0,0.0,842.0,841.0,842.0,842.0,852.0,851.0,4436.0,1656.0,6049.0,0.0,2071.0,0.0,842.0,841.0,842.0
0.0,14926.0,2561.0,2526.0,3684.0,740.0,0.0,740.0,0.0,843.0,841.0,842.0,859.0,846.0,856.0,6070.0,2134.0,6722.0,0.0,740.0,0.0,843.0,841.0,842.0
0.0,16049.0,2587.0,2528.0,2544.0,0.0,0.0,0.0,0.0,843.0,842.0,843.0,862.0,861.0,864.0,6718.0,3465.0,5866.0,0.0,0.0,0.0,843.0,842.0,843.0
0.0,16006.0,2597.0,2530.0,2071.0,82.0,0.0,0.0,82.0,844.0,842.0,844.0,871.0,862.0,864.0,5856.0,5148.0,5002.0,0.0,0.0,82.0,844.0,842.0,844.0
0.0,15480.0,2584.0,2532.0,740.0,1045.0,97.0,0.0,948.0,845.0,843.0,844.0,857.0,861.0,866.0,4985.0,6357.0,4138.0,97.0,0.0,948.0,845.0,843.0,844.0
0.0,13636.0,2555.0,2534.0,0.0,2754.0,951.0,0.0,1803.0,845.0,844.0,845.0,854.0,851.0,850.0,4128.0,6236.0,3272.0,951.0,0.0,1803.0,845.0,844.0,845.0
0.0,11081.0,2545.0,2534.0,82.0,4378.0,1801.0,0.0,2577.0,845.0,844.0,845.0,850.0,839.0,856.0,3274.0,5385.0,2422.0,1801.0,0.0,2577.0,845.0,844.0,845.0
0.0,8618.0,2560.0,2535.0,1045.0,5572.0,2560.0,525.0,2487.0,846.0,844.0,845.0,851.0,851.0,858.0,2424.0,4546.0,1648.0,2560.0,525.0,2487.0,846.0,844.0,845.0
0.0,7103.0,2578.0,2536.0,2754.0,5401.0,2461.0,1391.0,1549.0,846.0,844.0,846.0,852.0,866.0,860.0,1670.0,3695.0,1738.0,2461.0,1391.0,1549.0,846.0,844.0,846.0
0.0,7279.0,2605.0,2538.0,4378.0,3802.0,1541.0,2261.0,0.0,847.0,845.0,846.0,876.0,865.0,864.0,1769.0,2829.0,2681.0,1541.0,2261.0,0.0,847.0,845.0,846.0
0.0,9052.0,2590.0,2541.0,5422.0,2613.0,0.0,2613.0,0.0,848.0,846.0,847.0,861.0,872.0,857.0,2694.0,1964.0,4394.0,0.0,2613.0,0.0,848.0,846.0,847.0
0.0,11884.0,2578.0,2542.0,4784.0,2075.0,0.0,2075.0,0.0,848.0,846.0,848.0,853.0,853.0,872.0,4243.0,1617.0,6024.0,0.0,2075.0,0.0,848.0,846.0,848.0
0.0,14090.0,2576.0,2543.0,4569.0,674.0,0.0,674.0,0.0,848.0,847.0,848.0,866.0,855.0,855.0,5234.0,2155.0,6701.0,0.0,674.0,0.0,848.0,847.0,848.0
0.0,16083.0,2573.0,2543.0,2613.0,0.0,0.0,0.0,0.0,848.0,847.0,848.0,859.0,863.0,851.0,6676.0,3561.0,5846.0,0.0,0.0,0.0,848.0,847.0,848.0
0.0,16123.0,2573.0,2545.0,886.0,100.0,0.0,0.0,100.0,849.0,848.0,848.0,856.0,862.0,855.0,5817.0,5311.0,4995.0,0.0,0.0,100.0,849.0,848.0,848.0
0.0,14436.0,2575.0,2546.0,1863.0,1108.0,149.0,0.0,959.0,849.0,848.0,849.0,865.0,856.0,854.0,4961.0,5335.0,4140.0,149.0,0.0,959.0,849.0,848.0,849.0
0.0,13724.0,2608.0,2548.0,0.0,2857.0,1027.0,0.0,1830.0,850.0,849.0,849.0,873.0,864.0,871.0,4096.0,6342.0,3286.0,1027.0,0.0,1830.0,850.0,849.0,849.0
0.0,11116.0,2583.0,2550.0,100.0,4488.0,1891.0,0.0,2597.0,851.0,849.0,850.0,859.0,862.0,862.0,3223.0,5478.0,2415.0,1891.0,0.0,2597.0,851.0,849.0,850.0
0.0,8633.0,2598.0,2552.0,1108.0,5617.0,2601.0,500.0,2516.0,851.0,850.0,851.0,859.0,866.0,873.0,2364.0,4616.0,1653.0,2601.0,500.0,2516.0,851.0,850.0,851.0
0.0,7143.0,2594.0,2552.0,2857.0,5354.0,2435.0,1370.0,1549.0,851.0,850.0,851.0,861.0,870.0,863.0,1654.0,3750.0,1739.0,2435.0,1370.0,1549.0,851.0,850.0,851.0
0.0,7406.0,2566.0,2553.0,4488.0,3622.0,1400.0,2222.0,0.0,851.0,850.0,852.0,856.0,852.0,858.0,1820.0,2880.0,2706.0,1400.0,2222.0,0.0,851.0,850.0,852.0
0.0,9328.0,2538.0,2553.0,5617.0,2576.0,0.0,2576.0,0.0,851.0,851.0,851.0,842.0,849.0,847.0,2855.0,2028.0,4445.0,0.0,2576.0,0.0,851.0,851.0,851.0
0.0,12407.0,2590.0,2555.0,5354.0,2070.0,0.0,2070.0,0.0,852.0,851.0,852.0,869.0,864.0,857.0,4614.0,1679.0,6114.0,0.0,2070.0,0.0,852.0,851.0,852.0
0.0,15171.0,2608.0,2557.0,3622.0,720.0,0.0,720.0,0.0,853.0,852.0,852.0,881.0,867.0,860.0,6180.0,2185.0,6806.0,0.0,720.0,0.0,853.0,852.0,852.0
0.0,16185.0,2612.0,2560.0,2576.0,0.0,0.0,0.0,0.0,854.0,853.0,853.0,876.0,870.0,866.0,6699.0,3540.0,5946.0,0.0,0.0,0.0,854.0,853.0,853.0
0.0,16149.0,2599.0,2561.0,2070.0,66.0,0.0,0.0,66.0,854.0,853.0,854.0,862.0,861.0,876.0,5823.0,5246.0,5080.0,0.0,0.0,66.0,854.0,853.0,854.0
0.0,15620.0,2577.0,2562.0,720.0,1109.0,178.0,0.0,931.0,855.0,853.0,854.0,864.0,848.0,865.0,4961.0,6455.0,4204.0,178.0,0.0,931.0,855.0,853.0,854.0
0.0,13763.0,2557.0,2562.0,0.0,2814.0,1028.0,0.0,1786.0,855.0,853.0,854.0,850.0,852.0,855.0,4097.0,6327.0,3339.0,1028.0,0.0,1786.0,855.0,853.0,854.0
0.0,11206.0,2570.0,2562.0,66.0,4459.0,1891.0,0.0,2568.0,855.0,853.0,854.0,863.0,859.0,848.0,3247.0,5475.0,2484.0,1891.0,0.0,2568.0,855.0,853.0,854.0
0.0,8702.0,2589.0,2563.0,1109.0,5593.0,2570.0,526.0,2497.0,855.0,854.0,854.0,857.0,872.0,860.0,2384.0,4616.0,1702.0,2570.0,526.0,2497.0,855.0,854.0,854.0
0.0,7222.0,2646.0,2566.0,2814.0,5440.0,2431.0,1409.0,1600.0,856.0,855.0,855.0,884.0,878.0,884.0,1705.0,3744.0,1773.0,2431.0,1409.0,1600.0,856.0,855.0,855.0
0.0,7390.0,2635.0,2568.0,4459.0,3709.0,1423.0,2286.0,0.0,857.0,855.0,856.0,878.0,877.0,880.0,1849.0,2866.0,2675.0,1423.0,2286.0,0.0,857.0,855.0,856.0
0.0,9214.0,2627.0,2570.0,5333.0,2638.0,0.0,2638.0,0.0,857.0,856.0,857.0,875.0,873.0,879.0,2862.0,1989.0,4363.0,0.0,2638.0,0.0,857.0,856.0,857.0
0.0,11920.0,2597.0,2571.0,5213.0,2094.0,0.0,2094.0,0.0,858.0,856.0,857.0,869.0,865.0,863.0,4297.0,1642.0,5981.0,0.0,2094.0,0.0,858.0,856.0,857.0
0.0,14536.0,2586.0,2572.0,4196.0,679.0,0.0,679.0,0.0,858.0,857.0,857.0,857.0,866.0,863.0,5632.0,2186.0,6718.0,0.0,679.0,0.0,858.0,857.0,857.0
0.0,16146.0,2597.0,2572.0,2638.0,0.0,0.0,0.0,0.0,858.0,857.0,857.0,860.0,874.0,863.0,6685.0,3606.0,5855.0,0.0,0.0,0.0,858.0,857.0,857.0
0.0,16187.0,2602.0,2573.0,1729.0,165.0,0.0,0.0,165.0,858.0,857.0,858.0,869.0,866.0,867.0,5825.0,5370.0,4992.0,0.0,0.0,165.0,858.0,857.0,858.0
0.0,15314.0,2658.0,2576.0,1044.0,1285.0,225.0,0.0,1060.0,859.0,858.0,859.0,886.0,882.0,890.0,4956.0,6233.0,4125.0,225.0,0.0,1060.0,859.0,858.0,859.0
0.0,13700.0,2664.0,2579.0,0.0,3068.0,1114.0,0.0,1954.0,860.0,859.0,860.0,884.0,891.0,889.0,4070.0,6395.0,3235.0,1114.0,0.0,1954.0,860.0,859.0,860.0
0.0,11036.0,2637.0,2582.0,165.0,4672.0,1995.0,0.0,2677.0,861.0,860.0,861.0,876.0,878.0,883.0,3186.0,5504.0,2346.0,1995.0,0.0,2677.0,861.0,860.0,861.0
0.0,8564.0,2615.0,2582.0,1285.0,5676.0,2652.0,545.0,2479.0,861.0,860.0,861.0,882.0,871.0,862.0,2310.0,4626.0,1628.0,2652.0,545.0,2479.0,861.0,860.0,861.0
0.0,7234.0,2581.0,2582.0,3068.0,5189.0,2405.0,1404.0,1380.0,861.0,860.0,861.0,867.0,859.0,855.0,1653.0,3755.0,1826.0,2405.0,1404.0,1380.0,861.0,860.0,861.0
0.0,7721.0,2588.0,2583.0,4672.0,3542.0,1275.0,2267.0,0.0,862.0,860.0,861.0,860.0,863.0,865.0,1900.0,2896.0,2925.0,1275.0,2267.0,0.0,862.0,860.0,861.0
0.0,9805.0,2638.0,2585.0,5676.0,2611.0,0.0,2611.0,0.0,862.0,861.0,862.0,880.0,884.0,874.0,3035.0,2033.0,4737.0,0.0,2611.0,0.0,862.0,861.0,862.0
0.0,12843.0,2642.0,2587.0,5189.0,2091.0,0.0,2091.0,0.0,863.0,862.0,862.0,882.0,879.0,881.0,4807.0,1694.0,6342.0,0.0,2091.0,0.0,863.0,862.0,862.0
0.0,15390.0,2651.0,2589.0,3542.0,709.0,0.0,709.0,0.0,863.0,863.0,863.0,883.0,880.0,888.0,6330.0,2219.0,6841.0,0.0,709.0,0.0,863.0,863.0,863.0
0.0,16281.0,2630.0,2591.0,2611.0,0.0,0.0,0.0,0.0,864.0,863.0,864.0,877.0,874.0,879.0,6722.0,3606.0,5953.0,0.0,0.0,0.0,864.0,863.0,864.0
0.0,16262.0,2601.0,2591.0,2091.0,115.0,0.0,0.0,115.0,864.0,863.0,864.0,866.0,866.0,869.0,5845.0,5343.0,5074.0,0.0,0.0,115.0,864.0,863.0,864.0
0.0,15752.0,2609.0,2592.0,709.0,1188.0,212.0,0.0,976.0,864.0,864.0,864.0,871.0,877.0,861.0,4979.0,6568.0,4205.0,212.0,0.0,976.0,864.0,864.0,864.0
0.0,13852.0,2605.0,2593.0,0.0,2929.0,1081.0,0.0,1848.0,865.0,864.0,864.0,864.0,869.0,872.0,4108.0,6400.0,3344.0,1081.0,0.0,1848.0,865.0,864.0,864.0
0.0,11247.0,2638.0,2595.0,115.0,4586.0,1960.0,0.0,2626.0,865.0,865.0,865.0,879.0,871.0,888.0,3244.0,5531.0,2472.0,1960.0,0.0,2626.0,865.0,865.0,865.0
0.0,8724.0,2650.0,2597.0,1188.0,5723.0,2642.0,543.0,2538.0,866.0,865.0,866.0,889.0,878.0,883.0,2365.0,4660.0,1699.0,2642.0,543.0,2538.0,866.0,865.0,866.0
0.0,7262.0,2642.0,2600.0,2929.0,5451.0,2444.0,1430.0,1577.0,867.0,866.0,867.0,878.0,882.0,882.0,1688.0,3782.0,1792.0,2444.0,1430.0,1577.0,867.0,866.0,867.0
0.0,7549.0,2658.0,2601.0,4586.0,3695.0,1365.0,2330.0,0.0,867.0,867.0,867.0,881.0,895.0,882.0,1891.0,2900.0,2758.0,1365.0,2330.0,0.0,867.0,867.0,867.0
0.0,9477.0,2634.0,2602.0,5326.0,2672.0,8.0,2664.0,0.0,868.0,867.0,867.0,883.0,877.0,874.0,2970.0,2005.0,4502.0,8.0,2664.0,0.0,868.0,867.0,867.0
0.0,12169.0,2609.0,2602.0,5120.0,2104.0,0.0,2104.0,0.0,868.0,867.0,867.0,869.0,870.0,870.0,4332.0,1671.0,6166.0,0.0,2104.0,0.0,868.0,867.0,867.0
0.0,14680.0,2617.0,2603.0,4423.0,640.0,0.0,640.0,0.0,868.0,867.0,868.0,863.0,866.0,888.0,5576.0,2231.0,6873.0,0.0,640.0,0.0,868.0,867.0,868.0
0.0,16486.0,2647.0,2604.0,2672.0,0.0,0.0,0.0,0.0,868.0,868.0,868.0,880.0,886.0,881.0,6806.0,3695.0,5985.0,0.0,0.0,0.0,868.0,868.0,868.0
0.0,16511.0,2670.0,2607.0,911.0,126.0,0.0,0.0,126.0,869.0,869.0,869.0,899.0,886.0,885.0,5934.0,5473.0,5104.0,0.0,0.0,126.0,869.0,869.0,869.0
0.0,14752.0,2658.0,2609.0,1833.0,1204.0,197.0,0.0,1007.0,870.0,870.0,869.0,882.0,895.0,881.0,5035.0,5498.0,4219.0,197.0,0.0,1007.0,870.0,870.0,869.0
0.0,13927.0,2643.0,2610.0,0.0,2972.0,1082.0,0.0,1890.0,870.0,870.0,870.0,885.0,880.0,878.0,4153.0,6436.0,3338.0,1082.0,0.0,1890.0,870.0,870.0,870.0
0.0,11284.0,2626.0,2611.0,126.0,4601.0,1969.0,0.0,2632.0,871.0,870.0,870.0,882.0,876.0,868.0,3268.0,5556.0,2460.0,1969.0,0.0,2632.0,871.0,870.0,870.0
0.0,8784.0,2631.0,2611.0,1204.0,5698.0,2656.0,544.0,2498.0,871.0,870.0,870.0,884.0,874.0,873.0,2386.0,4680.0,1718.0,2656.0,544.0,2498.0,871.0,870.0,870.0
0.0,7357.0,2631.0,2613.0,2972.0,5367.0,2457.0,1425.0,1485.0,872.0,871.0,870.0,878.0,876.0,877.0,1699.0,3806.0,1852.0,2457.0,1425.0,1485.0,872.0,871.0,870.0
0.0,7698.0,2659.0,2614.0,4601.0,3684.0,1369.0,2315.0,0.0,872.0,871.0,871.0,881.0,890.0,888.0,1903.0,2930.0,2865.0,1369.0,2315.0,0.0,872.0,871.0,871.0
0.0,9640.0,2648.0,2615.0,5698.0,2658.0,0.0,2658.0,0.0,872.0,872.0,871.0,885.0,882.0,881.0,2991.0,2040.0,4609.0,0.0,2658.0,0.0,872.0,872.0,871.0
0.0,12690.0,2686.0,2617.0,5367.0,2131.0,0.0,2131.0,0.0,873.0,872.0,872.0,897.0,898.0,891.0,4762.0,1702.0,6226.0,0.0,2131.0,0.0,873.0,872.0,872.0
0.0,15371.0,2670.0,2620.0,3684.0,712.0,0.0,712.0,0.0,874.0,873.0,873.0,892.0,891.0,887.0,6322.0,2229.0,6820.0,0.0,712.0,0.0,874.0,873.0,873.0
0.0,16385.0,2640.0,2620.0,2658.0,0.0,0.0,0.0,0.0,874.0,873.0,873.0,877.0,884.0,879.0,6799.0,3653.0,5933.0,0.0,0.0,0.0,874.0,873.0,873.0
0.0,16403.0,2641.0,2621.0,2131.0,186.0,0.0,0.0,186.0,874.0,874.0,873.0,884.0,882.0,875.0,5922.0,5427.0,5054.0,0.0,0.0,186.0,874.0,874.0,873.0
0.0,15893.0,2622.0,2621.0,712.0,1263.0,201.0,0.0,1062.0,874.0,874.0,873.0,869.0,877.0,876.0,5038.0,6676.0,4179.0,201.0,0.0,1062.0,874.0,874.0,873.0
0.0,13983.0,2651.0,2623.0,0.0,3040.0,1087.0,0.0,1953.0,875.0,874.0,874.0,881.0,884.0,886.0,4169.0,6511.0,3303.0,1087.0,0.0,1953.0,875.0,874.0,874.0
0.0,11332.0,2677.0,2624.0,186.0,4637.0,1975.0,0.0,2662.0,875.0,875.0,874.0,888.0,894.0,895.0,3288.0,5627.0,2417.0,1975.0,0.0,2662.0,875.0,875.0,874.0
0.0,8841.0,2710.0,2628.0,1263.0,5746.0,2686.0,554.0,2506.0,877.0,876.0,875.0,902.0,907.0,901.0,2400.0,4733.0,1708.0,2686.0,554.0,2506.0,877.0,876.0,875.0
0.0,7394.0,2676.0,2630.0,3040.0,5392.0,2487.0,1446.0,1459.0,877.0,877.0,876.0,888.0,887.0,901.0,1699.0,3826.0,1869.0,2487.0,1446.0,1459.0,877.0,877.0,876.0
0.0,7758.0,2663.0,2631.0,4637.0,3725.0,1403.0,2322.0,0.0,877.0,877.0,877.0,891.0,876.0,896.0,1898.0,2939.0,2921.0,1403.0,2322.0,0.0,877.0,877.0,877.0
0.0,9732.0,2669.0,2631.0,5381.0,2658.0,0.0,2658.0,0.0,877.0,877.0,877.0,893.0,890.0,886.0,2982.0,2063.0,4687.0,0.0,2658.0,0.0,877.0,877.0,877.0
0.0,12444.0,2670.0,2634.0,5033.0,2109.0,0.0,2109.0,0.0,878.0,878.0,878.0,885.0,892.0,893.0,4410.0,1727.0,6307.0,0.0,2109.0,0.0,878.0,878.0,878.0
0.0,14807.0,2684.0,2635.0,4449.0,687.0,0.0,687.0,0.0,878.0,879.0,878.0,893.0,895.0,896.0,5653.0,2281.0,6873.0,0.0,687.0,0.0,878.0,879.0,878.0
0.0,16572.0,2687.0,2637.0,2491.0,0.0,0.0,0.0,0.0,879.0,879.0,879.0,904.0,888.0,895.0,6887.0,3708.0,5977.0,0.0,0.0,0.0,879.0,879.0,879.0
0.0,16376.0,2685.0,2640.0,1167.0,212.0,0.0,0.0,212.0,880.0,880.0,880.0,891.0,900.0,894.0,5983.0,5311.0,5082.0,0.0,0.0,212.0,880.0,880.0,880.0
0.0,14858.0,2676.0,2643.0,1796.0,1316.0,201.0,0.0,1115.0,881.0,881.0,881.0,888.0,890.0,898.0,5092.0,5578.0,4188.0,201.0,0.0,1115.0,881.0,881.0,881.0
0.0,13978.0,2677.0,2643.0,0.0,3106.0,1089.0,0.0,2017.0,881.0,881.0,881.0,888.0,887.0,902.0,4204.0,6484.0,3290.0,1089.0,0.0,2017.0,881.0,881.0,881.0
0.0,11301.0,2650.0,2643.0,212.0,4658.0,1970.0,0.0,2688.0,881.0,881.0,881.0,881.0,886.0,883.0,3316.0,5597.0,2388.0,1970.0,0.0,2688.0,881.0,881.0,881.0
0.0,8863.0,2654.0,2643.0,1316.0,5690.0,2649.0,582.0,2459.0,881.0,881.0,881.0,880.0,888.0,886.0,2435.0,4711.0,1717.0,2649.0,582.0,2459.0,881.0,881.0,881.0
0.0,7525.0,2690.0,2645.0,3106.0,5284.0,2461.0,1479.0,1344.0,881.0,882.0,882.0,901.0,892.0,897.0,1756.0,3823.0,1946.0,2461.0,1479.0,1344.0,881.0,882.0,882.0
0.0,7941.0,2715.0,2647.0,4658.0,3789.0,1408.0,2381.0,0.0,882.0,882.0,883.0,912.0,902.0,901.0,1944.0,2931.0,3066.0,1408.0,2381.0,0.0,882.0,882.0,883.0
0.0,9884.0,2697.0,2649.0,5690.0,2696.0,0.0,2696.0,0.0,883.0,883.0,883.0,897.0,892.0,908.0,3002.0,2029.0,4853.0,0.0,2696.0,0.0,883.0,883.0,883.0
0.0,12877.0,2710.0,2652.0,5284.0,2130.0,0.0,2130.0,0.0,884.0,884.0,884.0,896.0,908.0,906.0,4754.0,1719.0,6404.0,0.0,2130.0,0.0,884.0,884.0,884.0
0.0,15451.0,2679.0,2652.0,3789.0,636.0,0.0,636.0,0.0,884.0,884.0,884.0,894.0,887.0,898.0,6319.0,2290.0,6842.0,0.0,636.0,0.0,884.0,884.0,884.0
0.0,16561.0,2668.0,2652.0,2696.0,0.0,0.0,0.0,0.0,884.0,884.0,884.0,893.0,886.0,889.0,6833.0,3784.0,5944.0,0.0,0.0,0.0,884.0,884.0,884.0
0.0,16589.0,2648.0,2652.0,2130.0,244.0,0.0,0.0,244.0,884.0,884.0,884.0,885.0,884.0,879.0,5940.0,5594.0,5055.0,0.0,0.0,244.0,884.0,884.0,884.0
0.0,16071.0,2708.0,2654.0,636.0,1421.0,271.0,0.0,1150.0,885.0,884.0,885.0,901.0,906.0,901.0,5055.0,6840.0,4176.0,271.0,0.0,1150.0,885.0,884.0,885.0
0.0,13999.0,2715.0,2656.0,0.0,3229.0,1177.0,0.0,2052.0,885.0,885.0,886.0,906.0,912.0,897.0,4154.0,6570.0,3275.0,1177.0,0.0,2052.0,885.0,885.0,886.0
0.0,11284.0,2713.0,2659.0,244.0,4802.0,2085.0,0.0,2717.0,886.0,886.0,887.0,903.0,906.0,904.0,3248.0,5658.0,2378.0,2085.0,0.0,2717.0,886.0,886.0,887.0
0.0,8815.0,2707.0,2660.0,1421.0,5771.0,2719.0,574.0,2478.0,887.0,886.0,887.0,900.0,896.0,911.0,2345.0,4752.0,1718.0,2719.0,574.0,2478.0,887.0,886.0,887.0
0.0,7529.0,2696.0,2662.0,3229.0,5248.0,2442.0,1481.0,1325.0,887.0,887.0,888.0,900.0,902.0,894.0,1716.0,3856.0,1957.0,2442.0,1481.0,1325.0,887.0,887.0,888.0
0.0,8062.0,2688.0,2662.0,4802.0,3641.0,1261.0,2380.0,0.0,887.0,887.0,888.0,904.0,899.0,885.0,1993.0,2954.0,3115.0,1261.0,2380.0,0.0,887.0,887.0,888.0
0.0,10176.0,2664.0,2663.0,5234.0,2702.0,0.0,2702.0,0.0,887.0,888.0,888.0,886.0,891.0,887.0,3174.0,2055.0,4947.0,0.0,2702.0,0.0,887.0,888.0,888.0
0.0,12746.0,2693.0,2664.0,5205.0,2118.0,0.0,2118.0,0.0,888.0,888.0,888.0,897.0,897.0,899.0,4470.0,1738.0,6538.0,0.0,2118.0,0.0,888.0,888.0,888.0
0.0,15258.0,2746.0,2667.0,4221.0,653.0,0.0,653.0,0.0,889.0,889.0,889.0,915.0,910.0,921.0,5972.0,2322.0,6964.0,0.0,653.0,0.0,889.0,889.0,889.0
0.0,16733.0,2712.0,2669.0,2702.0,0.0,0.0,0.0,0.0,890.0,889.0,890.0,904.0,898.0,910.0,6898.0,3792.0,6043.0,0.0,0.0,0.0,890.0,889.0,890.0
0.0,16723.0,2724.0,2670.0,1309.0,225.0,0.0,0.0,225.0,890.0,890.0,890.0,897.0,919.0,908.0,5994.0,5596.0,5133.0,0.0,0.0,225.0,890.0,890.0,890.0
0.0,15308.0,2697.0,2672.0,1462.0,1380.0,254.0,0.0,1126.0,890.0,891.0,891.0,901.0,900.0,896.0,5097.0,5986.0,4225.0,254.0,0.0,1126.0,890.0,891.0,891.0
0.0,14073.0,2702.0,2673.0,0.0,3190.0,1164.0,0.0,2026.0,891.0,891.0,891.0,905.0,897.0,900.0,4196.0,6548.0,3329.0,1164.0,0.0,2026.0,891.0,891.0,891.0
0.0,11371.0,2682.0,2673.0,225.0,4759.0,2061.0,0.0,2698.0,891.0,891.0,891.0,897.0,888.0,897.0,3291.0,5651.0,2429.0,2061.0,0.0,2698.0,891.0,891.0,891.0
0.0,8914.0,2709.0,2674.0,1380.0,5785.0,2708.0,589.0,2488.0,891.0,891.0,892.0,901.0,897.0,911.0,2394.0,4763.0,1757.0,2708.0,589.0,2488.0,891.0,891.0,892.0
0.0,7585.0,2728.0,2677.0,3190.0,5338.0,2464.0,1498.0,1376.0,892.0,892.0,893.0,915.0,904.0,909.0,1747.0,3866.0,1972.0,2464.0,1498.0,1376.0,892.0,892.0,893.0
0.0,8047.0,2733.0,2679.0,4759.0,3733.0,1319.0,2414.0,0.0,893.0,893.0,893.0,911.0,911.0,911.0,1996.0,2962.0,3089.0,1319.0,2414.0,0.0,893.0,893.0,893.0
0.0,10073.0,2705.0,2681.0,5785.0,2723.0,0.0,2723.0,0.0,894.0,893.0,894.0,906.0,898.0,901.0,3146.0,2051.0,4876.0,0.0,2723.0,0.0,894.0,893.0,894.0
0.0,13153.0,2708.0,2681.0,5338.0,2125.0,0.0,2125.0,0.0,894.0,893.0,894.0,909.0,900.0,899.0,4948.0,1742.0,6463.0,0.0,2125.0,0.0,894.0,893.0,894.0
0.0,15783.0,2691.0,2681.0,3733.0,604.0,0.0,604.0,0.0,894.0,893.0,894.0,905.0,893.0,893.0,6503.0,2340.0,6940.0,0.0,604.0,0.0,894.0,893.0,894.0
0.0,16825.0,2687.0,2684.0,2723.0,0.0,0.0,0.0,0.0,895.0,894.0,895.0,894.0,894.0,899.0,6917.0,3861.0,6047.0,0.0,0.0,0.0,895.0,894.0,895.0
0.0,16861.0,2733.0,2684.0,2125.0,242.0,0.0,0.0,242.0,895.0,894.0,895.0,904.0,914.0,915.0,6023.0,5690.0,5148.0,0.0,0.0,242.0,895.0,894.0,895.0
0.0,16253.0,2742.0,2687.0,604.0,1443.0,272.0,0.0,1171.0,896.0,895.0,896.0,911.0,907.0,924.0,5119.0,6901.0,4233.0,272.0,0.0,1171.0,896.0,895.0,896.0
0.0,14115.0,2733.0,2688.0,0.0,3277.0,1182.0,0.0,2095.0,896.0,895.0,897.0,910.0,904.0,919.0,4208.0,6598.0,3309.0,1182.0,0.0,2095.0,896.0,895.0,897.0
0.0,11382.0,2723.0,2691.0,242.0,4860.0,2095.0,0.0,2765.0,897.0,896.0,898.0,908.0,908.0,907.0,3298.0,5694.0,2390.0,2095.0,0.0,2765.0,897.0,896.0,898.0
0.0,8901.0,2718.0,2691.0,1443.0,5829.0,2731.0,600.0,2498.0,897.0,896.0,898.0,908.0,906.0,904.0,2390.0,4786.0,1725.0,2731.0,600.0,2498.0,897.0,896.0,898.0
0.0,7626.0,2700.0,2691.0,3277.0,5252.0,2455.0,1501.0,1296.0,897.0,896.0,898.0,906.0,901.0,893.0,1754.0,3880.0,1992.0,2455.0,1501.0,1296.0,897.0,896.0,898.0
0.0,8203.0,2704.0,2692.0,4860.0,3657.0,1261.0,2396.0,0.0,897.0,896.0,899.0,901.0,895.0,908.0,2030.0,2979.0,3194.0,1261.0,2396.0,0.0,897.0,896.0,899.0
0.0,10359.0,2707.0,2694.0,5376.0,2697.0,0.0,2697.0,0.0,898.0,897.0,899.0,900.0,896.0,911.0,3224.0,2084.0,5051.0,0.0,2697.0,0.0,898.0,897.0,899.0
0.0,13028.0,2761.0,2696.0,5104.0,2113.0,0.0,2113.0,0.0,899.0,897.0,900.0,928.0,917.0,916.0,4602.0,1788.0,6638.0,0.0,2113.0,0.0,899.0,897.0,900.0
0.0,15371.0,2739.0,2699.0,4258.0,639.0,0.0,639.0,0.0,900.0,898.0,901.0,912.0,917.0,910.0,5981.0,2372.0,7018.0,0.0,639.0,0.0,900.0,898.0,901.0
0.0,16890.0,2749.0,2700.0,2697.0,0.0,0.0,0.0,0.0,900.0,899.0,901.0,918.0,915.0,916.0,6931.0,3851.0,6108.0,0.0,0.0,0.0,900.0,899.0,901.0
0.0,16838.0,2728.0,2702.0,1007.0,231.0,0.0,0.0,231.0,901.0,899.0,902.0,912.0,903.0,913.0,6013.0,5633.0,5192.0,0.0,0.0,231.0,901.0,899.0,902.0
0.0,15117.0,2722.0,2702.0,1745.0,1457.0,313.0,0.0,1144.0,901.0,899.0,902.0,909.0,900.0,913.0,5101.0,5737.0,4279.0,313.0,0.0,1144.0,901.0,899.0,902.0
0.0,14140.0,2705.0,2702.0,0.0,3257.0,1210.0,0.0,2047.0,901.0,899.0,902.0,897.0,905.0,903.0,4192.0,6582.0,3366.0,1210.0,0.0,2047.0,901.0,899.0,902.0
0.0,11435.0,2741.0,2703.0,231.0,4851.0,2124.0,0.0,2727.0,901.0,900.0,902.0,914.0,916.0,911.0,3295.0,5677.0,2463.0,2124.0,0.0,2727.0,901.0,900.0,902.0
0.0,8925.0,2737.0,2705.0,1457.0,5880.0,2729.0,647.0,2504.0,902.0,900.0,903.0,913.0,908.0,916.0,2381.0,4761.0,1783.0,2729.0,647.0,2504.0,902.0,900.0,903.0
0.0,7645.0,2763.0,2707.0,3257.0,5396.0,2449.0,1572.0,1375.0,903.0,901.0,903.0,925.0,920.0,918.0,1781.0,3853.0,2011.0,2449.0,1572.0,1375.0,903.0,901.0,903.0
0.0,8139.0,2752.0,2708.0,4851.0,3731.0,1239.0,2492.0,0.0,903.0,901.0,904.0,914.0,920.0,918.0,2066.0,2933.0,3140.0,1239.0,2492.0,0.0,903.0,901.0,904.0
0.0,10238.0,2728.0,2709.0,5880.0,2766.0,0.0,2766.0,0.0,903.0,902.0,904.0,901.0,916.0,911.0,3276.0,2013.0,4949.0,0.0,2766.0,0.0,903.0,902.0,904.0
0.0,13390.0,2737.0,2709.0,5396.0,2107.0,0.0,2107.0,0.0,903.0,902.0,904.0,915.0,913.0,909.0,5104.0,1744.0,6542.0,0.0,2107.0,0.0,903.0,902.0,904.0
0.0,16049.0,2735.0,2711.0,3731.0,519.0,0.0,519.0,0.0,904.0,902.0,905.0,913.0,904.0,918.0,6638.0,2403.0,7008.0,0.0,519.0,0.0,904.0,902.0,905.0
0.0,17045.0,2730.0,2712.0,2766.0,0.0,0.0,0.0,0.0,904.0,903.0,905.0,911.0,909.0,910.0,6964.0,3991.0,6090.0,0.0,0.0,0.0,904.0,903.0,905.0
0.0,17081.0,2779.0,2713.0,2107.0,270.0,0.0,0.0,270.0,905.0,903.0,905.0,934.0,920.0,925.0,6053.0,5848.0,5180.0,0.0,0.0,270.0,905.0,903.0,905.0
0.0,16409.0,2770.0,2716.0,519.0,1531.0,331.0,0.0,1200.0,906.0,904.0,906.0,920.0,925.0,925.0,5119.0,7035.0,4255.0,331.0,0.0,1200.0,906.0,904.0,906.0
0.0,14158.0,2765.0,2718.0,0.0,3368.0,1239.0,0.0,2129.0,906.0,905.0,907.0,908.0,933.0,924.0,4199.0,6629.0,3330.0,1239.0,0.0,2129.0,906.0,905.0,907.0
0.0,11393.0,2747.0,2718.0,270.0,4933.0,2153.0,0.0,2780.0,906.0,905.0,907.0,914.0,912.0,921.0,3291.0,5696.0,2406.0,2153.0,0.0,2780.0,906.0,905.0,907.0
0.0,8916.0,2746.0,2719.0,1531.0,5894.0,2740.0,653.0,2501.0,907.0,905.0,907.0,913.0,912.0,921.0,2377.0,4784.0,1755.0,2740.0,653.0,2501.0,907.0,905.0,907.0
0.0,7701.0,2742.0,2721.0,3368.0,5278.0,2410.0,1574.0,1294.0,907.0,906.0,908.0,909.0,916.0,917.0,1795.0,3872.0,2034.0,2410.0,1574.0,1294.0,907.0,906.0,908.0
0.0,8327.0,2760.0,2721.0,4933.0,3678.0,1178.0,2500.0,0.0,907.0,906.0,908.0,921.0,926.0,913.0,2125.0,2956.0,3246.0,1178.0,2500.0,0.0,907.0,906.0,908.0
0.0,10500.0,2776.0,2723.0,5490.0,2778.0,0.0,2778.0,0.0,908.0,907.0,908.0,930.0,926.0,920.0,3357.0,2030.0,5113.0,0.0,2778.0,0.0,908.0,907.0,908.0
0.0,13214.0,2778.0,2726.0,5315.0,2134.0,0.0,2134.0,0.0,909.0,908.0,909.0,926.0,925.0,927.0,4763.0,1757.0,6694.0,0.0,2134.0,0.0,909.0,908.0,909.0
0.0,15751.0,2770.0,2727.0,4045.0,554.0,0.0,554.0,0.0,909.0,908.0,910.0,922.0,920.0,928.0,6284.0,2406.0,7061.0,0.0,554.0,0.0,909.0,908.0,910.0
0.0,17026.0,2756.0,2728.0,2778.0,0.0,0.0,0.0,0.0,910.0,908.0,910.0,919.0,914.0,923.0,6907.0,3986.0,6133.0,0.0,0.0,0.0,910.0,908.0,910.0
0.0,17048.0,2743.0,2729.0,892.0,259.0,0.0,0.0,259.0,910.0,908.0,911.0,915.0,914.0,914.0,5988.0,5850.0,5210.0,0.0,0.0,259.0,910.0,908.0,911.0
0.0,15197.0,2744.0,2730.0,1796.0,1561.0,386.0,0.0,1175.0,910.0,909.0,911.0,909.0,919.0,916.0,5073.0,5828.0,4296.0,386.0,0.0,1175.0,910.0,909.0,911.0
0.0,14249.0,2747.0,2730.0,0.0,3395.0,1307.0,0.0,2088.0,910.0,909.0,911.0,921.0,913.0,913.0,4164.0,6705.0,3380.0,1307.0,0.0,2088.0,910.0,909.0,911.0
0.0,11502.0,2787.0,2733.0,259.0,5005.0,2245.0,0.0,2760.0,911.0,910.0,912.0,933.0,928.0,926.0,3243.0,5792.0,2467.0,2245.0,0.0,2760.0,911.0,910.0,912.0
0.0,8974.0,2787.0,2735.0,1561.0,5927.0,2791.0,611.0,2525.0,912.0,910.0,913.0,927.0,925.0,935.0,2310.0,4864.0,1800.0,2791.0,611.0,2525.0,912.0,910.0,913.0
0.0,7748.0,2798.0,2736.0,3395.0,5335.0,2409.0,1554.0,1372.0,912.0,911.0,913.0,925.0,938.0,935.0,1769.0,3939.0,2040.0,2409.0,1554.0,1372.0,912.0,911.0,913.0
0.0,8345.0,2779.0,2737.0,5005.0,3567.0,1090.0,2477.0,0.0,912.0,911.0,914.0,926.0,923.0,930.0,2151.0,3001.0,3193.0,1090.0,2477.0,0.0,912.0,911.0,914.0
0.0,10571.0,2746.0,2738.0,5927.0,2779.0,0.0,2779.0,0.0,913.0,911.0,914.0,919.0,913.0,914.0,3470.0,2078.0,5023.0,0.0,2779.0,0.0,913.0,911.0,914.0
0.0,13752.0,2736.0,2738.0,5335.0,2136.0,0.0,2136.0,0.0,913.0,911.0,914.0,909.0,911.0,916.0,5342.0,1776.0,6634.0,0.0,2136.0,0.0,913.0,911.0,914.0
0.0,16351.0,2787.0,2740.0,3567.0,592.0,0.0,592.0,0.0,914.0,912.0,914.0,931.0,928.0,928.0,6842.0,2419.0,7090.0,0.0,592.0,0.0,914.0,912.0,914.0
0.0,17131.0,2799.0,2741.0,2779.0,0.0,0.0,0.0,0.0,914.0,912.0,915.0,938.0,928.0,933.0,7001.0,3968.0,6162.0,0.0,0.0,0.0,914.0,912.0,915.0
0.0,17111.0,2807.0,2744.0,2136.0,288.0,0.0,0.0,288.0,915.0,913.0,916.0,936.0,934.0,937.0,6063.0,5819.0,5229.0,0.0,0.0,288.0,915.0,913.0,916.0
0.0,16440.0,2792.0,2745.0,592.0,1591.0,370.0,0.0,1221.0,915.0,914.0,916.0,922.0,937.0,933.0,5127.0,7021.0,4292.0,370.0,0.0,1221.0,915.0,914.0,916.0
0.0,14240.0,2778.0,2747.0,0.0,3456.0,1302.0,0.0,2154.0,916.0,914.0,917.0,927.0,923.0,928.0,4205.0,6676.0,3359.0,1302.0,0.0,2154.0,916.0,914.0,917.0
0.0,11462.0,2769.0,2748.0,288.0,5009.0,2229.0,0.0,2780.0,916.0,915.0,917.0,927.0,928.0,914.0,3278.0,5753.0,2431.0,2229.0,0.0,2780.0,916.0,915.0,917.0
0.0,8981.0,2775.0,2749.0,1591.0,5948.0,2776.0,691.0,2481.0,916.0,916.0,917.0,917.0,936.0,922.0,2351.0,4825.0,1805.0,2776.0,691.0,2481.0,916.0,916.0,917.0
0.0,7797.0,2782.0,2750.0,3456.0,5279.0,2404.0,1621.0,1254.0,916.0,916.0,918.0,930.0,930.0,922.0,1804.0,3889.0,2104.0,2404.0,1621.0,1254.0,916.0,916.0,918.0
0.0,8471.0,2809.0,2752.0,5009.0,3679.0,1122.0,2557.0,0.0,917.0,917.0,918.0,942.0,931.0,936.0,2176.0,2959.0,3336.0,1122.0,2557.0,0.0,917.0,917.0,918.0
0.0,10671.0,2815.0,2755.0,5453.0,2811.0,0.0,2811.0,0.0,918.0,918.0,919.0,932.0,940.0,943.0,3463.0,2028.0,5180.0,0.0,2811.0,0.0,918.0,918.0,919.0
0.0,13309.0,2810.0,2757.0,5565.0,2127.0,0.0,2127.0,0.0,919.0,918.0,920.0,937.0,937.0,936.0,4812.0,1779.0,6718.0,0.0,2127.0,0.0,919.0,918.0,920.0
0.0,16064.0,2785.0,2758.0,3888.0,504.0,0.0,504.0,0.0,919.0,919.0,920.0,927.0,929.0,929.0,6565.0,2463.0,7036.0,0.0,504.0,0.0,919.0,919.0,920.0
0.0,17167.0,2766.0,2758.0,2811.0,0.0,0.0,0.0,0.0,919.0,919.0,920.0,928.0,916.0,922.0,6969.0,4091.0,6107.0,0.0,0.0,0.0,919.0,919.0,920.0
0.0,17212.0,2773.0,2758.0,882.0,349.0,0.0,0.0,349.0,919.0,919.0,920.0,921.0,918.0,934.0,6041.0,5986.0,5185.0,0.0,0.0,349.0,919.0,919.0,920.0
0.0,15321.0,2795.0,2760.0,1749.0,1700.0,404.0,0.0,1296.0,920.0,919.0,921.0,924.0,929.0,942.0,5120.0,5950.0,4251.0,404.0,0.0,1296.0,920.0,919.0,921.0
0.0,14275.0,2838.0,2763.0,0.0,3603.0,1356.0,0.0,2247.0,921.0,920.0,922.0,947.0,945.0,946.0,4196.0,6770.0,3309.0,1356.0,0.0,2247.0,921.0,920.0,922.0
0.0,11437.0,2819.0,2765.0,349.0,5138.0,2297.0,0.0,2841.0,921.0,921.0,923.0,941.0,940.0,938.0,3249.0,5825.0,2363.0,2297.0,0.0,2841.0,921.0,921.0,923.0
0.0,8967.0,2793.0,2767.0,1700.0,5961.0,2828.0,656.0,2477.0,922.0,922.0,923.0,930.0,931.0,932.0,2308.0,4885.0,1774.0,2828.0,656.0,2477.0,922.0,922.0,923.0
0.0,7874.0,2774.0,2767.0,3603.0,5132.0,2399.0,1578.0,1155.0,922.0,922.0,923.0,927.0,922.0,925.0,1782.0,3954.0,2138.0,2399.0,1578.0,1155.0,922.0,922.0,923.0
0.0,8703.0,2767.0,2767.0,5138.0,3529.0,1028.0,2501.0,0.0,922.0,922.0,923.0,926.0,923.0,918.0,2211.0,3032.0,3460.0,1028.0,2501.0,0.0,922.0,922.0,923.0
0.0,11074.0,2759.0,2768.0,5961.0,2765.0,0.0,2765.0,0.0,922.0,922.0,924.0,917.0,920.0,922.0,3582.0,2109.0,5383.0,0.0,2765.0,0.0,922.0,922.0,924.0
0.0,14276.0,2810.0,2769.0,5132.0,2129.0,0.0,2129.0,0.0,922.0,923.0,924.0,931.0,937.0,942.0,5493.0,1845.0,6938.0,0.0,2129.0,0.0,922.0,923.0,924.0
0.0,16598.0,2850.0,2772.0,3529.0,586.0,0.0,586.0,0.0,923.0,924.0,925.0,950.0,953.0,947.0,6961.0,2486.0,7151.0,0.0,586.0,0.0,923.0,924.0,925.0
0.0,17277.0,2837.0,2775.0,2765.0,0.0,0.0,0.0,0.0,924.0,925.0,926.0,946.0,945.0,946.0,7039.0,4034.0,6204.0,0.0,0.0,0.0,924.0,925.0,926.0
0.0,17205.0,2817.0,2776.0,2129.0,311.0,0.0,0.0,311.0,925.0,925.0,926.0,934.0,944.0,939.0,6093.0,5854.0,5258.0,0.0,0.0,311.0,925.0,925.0,926.0
0.0,16517.0,2789.0,2777.0,586.0,1639.0,406.0,0.0,1233.0,925.0,926.0,926.0,940.0,927.0,922.0,5159.0,7039.0,4319.0,406.0,0.0,1233.0,925.0,926.0,926.0
0.0,14314.0,2802.0,2778.0,0.0,3510.0,1338.0,0.0,2172.0,925.0,926.0,927.0,932.0,936.0,934.0,4219.0,6698.0,3397.0,1338.0,0.0,2172.0,925.0,926.0,927.0
0.0,11512.0,2796.0,2779.0,311.0,5067.0,2270.0,0.0,2797.0,926.0,926.0,927.0,927.0,933.0,936.0,3287.0,5762.0,2463.0,2270.0,0.0,2797.0,926.0,926.0,927.0
0.0,9027.0,2826.0,2780.0,1639.0,6060.0,2805.0,737.0,2518.0,926.0,926.0,928.0,941.0,936.0,949.0,2360.0,4829.0,1838.0,2805.0,737.0,2518.0,926.0,926.0,928.0
0.0,7840.0,2849.0,2782.0,3510.0,5409.0,2428.0,1689.0,1292.0,927.0,927.0,928.0,956.0,947.0,946.0,1825.0,3893.0,2122.0,2428.0,1689.0,1292.0,927.0,927.0,928.0
0.0,8501.0,2848.0,2785.0,5067.0,3762.0,1113.0,2649.0,0.0,928.0,928.0,929.0,950.0,955.0,943.0,2207.0,2946.0,3348.0,1113.0,2649.0,0.0,928.0,928.0,929.0
0.0,10720.0,2825.0,2786.0,5527.0,2868.0,0.0,2868.0,0.0,928.0,929.0,929.0,936.0,951.0,938.0,3527.0,1991.0,5202.0,0.0,2868.0,0.0,928.0,929.0,929.0
0.0,13422.0,2824.0,2787.0,5888.0,2121.0,0.0,2121.0,0.0,928.0,929.0,930.0,945.0,942.0,937.0,4863.0,1777.0,6782.0,0.0,2121.0,0.0,928.0,929.0,930.0
0.0,16486.0,2799.0,2788.0,3816.0,395.0,0.0,395.0,0.0,929.0,929.0,930.0,937.0,923.0,939.0,6825.0,2524.0,7137.0,0.0,395.0,0.0,929.0,929.0,930.0
0.0,17503.0,2801.0,2788.0,2868.0,0.0,0.0,0.0,0.0,929.0,929.0,930.0,928.0,935.0,938.0,7055.0,4250.0,6198.0,0.0,0.0,0.0,929.0,929.0,930.0
0.0,17570.0,2817.0,2790.0,803.0,331.0,0.0,0.0,331.0,930.0,930.0,930.0,937.0,939.0,941.0,6127.0,6183.0,5260.0,0.0,0.0,331.0,930.0,930.0,930.0
0.0,15556.0,2857.0,2792.0,1713.0,1698.0,414.0,0.0,1284.0,930.0,931.0,931.0,954.0,955.0,948.0,5190.0,6047.0,4319.0,414.0,0.0,1284.0,930.0,931.0,931.0
0.0,14412.0,2856.0,2794.0,0.0,3607.0,1370.0,0.0,2237.0,931.0,931.0,932.0,951.0,957.0,948.0,4236.0,6805.0,3371.0,1370.0,0.0,2237.0,931.0,931.0,932.0
0.0,11556.0,2831.0,2796.0,331.0,5169.0,2318.0,0.0,2851.0,932.0,932.0,932.0,943.0,943.0,945.0,3285.0,5848.0,2423.0,2318.0,0.0,2851.0,932.0,932.0,932.0
0.0,9056.0,2819.0,2797.0,1698.0,6050.0,2840.0,686.0,2524.0,932.0,932.0,933.0,936.0,931.0,952.0,2342.0,4905.0,1809.0,2840.0,686.0,2524.0,932.0,932.0,933.0
0.0,7935.0,2813.0,2797.0,3607.0,5256.0,2401.0,1621.0,1234.0,932.0,932.0,933.0,931.0,935.0,947.0,1820.0,3974.0,2141.0,2401.0,1621.0,1234.0,932.0,932.0,933.0
0.0,8729.0,2815.0,2797.0,5169.0,3578.0,1017.0,2561.0,0.0,932.0,932.0,933.0,934.0,940.0,941.0,2259.0,3039.0,3431.0,1017.0,2561.0,0.0,932.0,932.0,933.0
0.0,11083.0,2823.0,2800.0,6050.0,2817.0,0.0,2817.0,0.0,933.0,933.0,934.0,944.0,937.0,942.0,3643.0,2099.0,5341.0,0.0,2817.0,0.0,933.0,933.0,934.0
0.0,14310.0,2874.0,2803.0,5256.0,2157.0,0.0,2157.0,0.0,934.0,934.0,935.0,968.0,956.0,950.0,5539.0,1848.0,6923.0,0.0,2157.0,0.0,934.0,934.0,935.0
0.0,16692.0,2854.0,2803.0,3578.0,550.0,0.0,550.0,0.0,934.0,934.0,935.0,952.0,954.0,948.0,6972.0,2513.0,7207.0,0.0,550.0,0.0,934.0,934.0,935.0
0.0,17416.0,2866.0,2806.0,2817.0,0.0,0.0,0.0,0.0,935.0,935.0,936.0,952.0,964.0,950.0,7037.0,4120.0,6259.0,0.0,0.0,0.0,935.0,935.0,936.0
0.0,17367.0,2850.0,2807.0,2157.0,316.0,0.0,0.0,316.0,935.0,936.0,936.0,956.0,949.0,945.0,6085.0,5973.0,5309.0,0.0,0.0,316.0,935.0,936.0,936.0
0.0,16674.0,2814.0,2808.0,550.0,1749.0,493.0,0.0,1256.0,936.0,936.0,936.0,942.0,932.0,940.0,5129.0,7181.0,4364.0,493.0,0.0,1256.0,936.0,936.0,936.0
0.0,14410.0,2835.0,2809.0,0.0,3639.0,1432.0,0.0,2207.0,936.0,936.0,937.0,939.0,950.0,946.0,4187.0,6799.0,3424.0,1432.0,0.0,2207.0,936.0,936.0,937.0
0.0,11575.0,2838.0,2810.0,316.0,5211.0,2381.0,0.0,2830.0,936.0,937.0,937.0,949.0,950.0,939.0,3248.0,5849.0,2478.0,2381.0,0.0,2830.0,936.0,937.0,937.0
0.0,9053.0,2895.0,2812.0,1749.0,6153.0,2864.0,760.0,2529.0,937.0,938.0,937.0,971.0,969.0,955.0,2299.0,4899.0,1855.0,2864.0,760.0,2529.0,937.0,938.0,937.0
0.0,7907.0,2873.0,2815.0,3639.0,5402.0,2386.0,1732.0,1284.0,938.0,939.0,938.0,949.0,967.0,957.0,1821.0,3930.0,2156.0,2386.0,1732.0,1284.0,938.0,939.0,938.0
0.0,8673.0,2857.0,2817.0,5211.0,3644.0,961.0,2683.0,0.0,939.0,939.0,939.0,951.0,951.0,955.0,2304.0,2963.0,3406.0,961.0,2683.0,0.0,939.0,939.0,939.0
0.0,11027.0,2862.0,2818.0,5478.0,2875.0,0.0,2875.0,0.0,939.0,940.0,939.0,958.0,947.0,957.0,3734.0,2012.0,5281.0,0.0,2875.0,0.0,939.0,940.0,939.0
0.0,13643.0,2830.0,2818.0,6077.0,2089.0,0.0,2089.0,0.0,939.0,940.0,939.0,942.0,946.0,942.0,4965.0,1825.0,6853.0,0.0,2089.0,0.0,939.0,940.0,939.0
0.0,16890.0,2835.0,2819.0,3644.0,362.0,0.0,362.0,0.0,939.0,940.0,940.0,938.0,956.0,941.0,7084.0,2611.0,7195.0,0.0,362.0,0.0,939.0,940.0,940.0
0.0,17699.0,2855.0,2821.0,2875.0,0.0,0.0,0.0,0.0,940.0,941.0,940.0,952.0,951.0,952.0,7107.0,4338.0,6254.0,0.0,0.0,0.0,940.0,941.0,940.0
0.0,17719.0,2870.0,2823.0,852.0,361.0,0.0,0.0,361.0,941.0,941.0,941.0,964.0,948.0,958.0,6155.0,6262.0,5302.0,0.0,0.0,361.0,941.0,941.0,941.0
0.0,15701.0,2894.0,2826.0,1599.0,1814.0,483.0,0.0,1331.0,942.0,942.0,942.0,964.0,965.0,965.0,5191.0,6166.0,4344.0,483.0,0.0,1331.0,942.0,942.0,942.0
0.0,14406.0,2867.0,2826.0,0.0,3721.0,1437.0,0.0,2284.0,942.0,942.0,942.0,954.0,960.0,953.0,4227.0,6800.0,3379.0,1437.0,0.0,2284.0,942.0,942.0,942.0
0.0,11539.0,2859.0,2828.0,361.0,5277.0,2396.0,0.0,2881.0,942.0,943.0,943.0,959.0,947.0,953.0,3273.0,5840.0,2426.0,2396.0,0.0,2881.0,942.0,943.0,943.0
0.0,9041.0,2845.0,2828.0,1814.0,6130.0,2871.0,774.0,2485.0,943.0,943.0,942.0,953.0,952.0,940.0,2314.0,4893.0,1834.0,2871.0,774.0,2485.0,943.0,943.0,942.0
0.0,8010.0,2814.0,2829.0,3721.0,5228.0,2370.0,1709.0,1149.0,943.0,943.0,943.0,936.0,935.0,943.0,1844.0,3941.0,2225.0,2370.0,1709.0,1149.0,943.0,943.0,943.0
0.0,8917.0,2863.0,2829.0,5277.0,3588.0,928.0,2660.0,0.0,943.0,943.0,943.0,954.0,951.0,958.0,2345.0,3006.0,3566.0,928.0,2660.0,0.0,943.0,943.0,943.0
0.0,11331.0,2890.0,2832.0,6130.0,2848.0,0.0,2848.0,0.0,944.0,944.0,944.0,966.0,957.0,967.0,3787.0,2055.0,5489.0,0.0,2848.0,0.0,944.0,944.0,944.0
0.0,14571.0,2895.0,2835.0,5228.0,2110.0,0.0,2110.0,0.0,945.0,945.0,945.0,963.0,966.0,966.0,5692.0,1872.0,7007.0,0.0,2110.0,0.0,945.0,945.0,945.0
0.0,16904.0,2885.0,2835.0,3588.0,410.0,0.0,410.0,0.0,945.0,945.0,945.0,957.0,960.0,968.0,7099.0,2615.0,7190.0,0.0,410.0,0.0,945.0,945.0,945.0
0.0,17607.0,2853.0,2836.0,2848.0,0.0,0.0,0.0,0.0,946.0,945.0,945.0,959.0,944.0,950.0,7070.0,4315.0,6222.0,0.0,0.0,0.0,946.0,945.0,945.0
0.0,17602.0,2848.0,2837.0,2110.0,397.0,0.0,0.0,397.0,946.0,946.0,945.0,954.0,950.0,944.0,6111.0,6219.0,5272.0,0.0,0.0,397.0,946.0,946.0,945.0
0.0,16864.0,2847.0,2838.0,410.0,1867.0,514.0,0.0,1353.0,946.0,946.0,946.0,941.0,955.0,951.0,5157.0,7379.0,4328.0,514.0,0.0,1353.0,946.0,946.0,946.0
0.0,14427.0,2881.0,2840.0,0.0,3786.0,1473.0,0.0,2313.0,947.0,947.0,946.0,954.0,967.0,960.0,4216.0,6834.0,3377.0,1473.0,0.0,2313.0,947.0,947.0,946.0
0.0,11546.0,2912.0,2842.0,397.0,5334.0,2439.0,0.0,2895.0,947.0,948.0,947.0,966.0,972.0,974.0,3262.0,5867.0,2417.0,2439.0,0.0,2895.0,947.0,948.0,947.0
0.0,9031.0,2935.0,2847.0,1867.0,6272.0,2914.0,824.0,2534.0,949.0,949.0,949.0,979.0,974.0,982.0,2296.0,4895.0,1840.0,2914.0,824.0,2534.0,949.0,949.0,949.0
0.0,7963.0,2882.0,2847.0,3786.0,5368.0,2396.0,1787.0,1185.0,949.0,949.0,949.0,955.0,963.0,964.0,1831.0,3921.0,2211.0,2396.0,1787.0,1185.0,949.0,949.0,949.0
0.0,8867.0,2873.0,2848.0,5334.0,3666.0,915.0,2751.0,0.0,949.0,950.0,949.0,958.0,959.0,956.0,2349.0,2958.0,3560.0,915.0,2751.0,0.0,949.0,950.0,949.0
0.0,11328.0,2867.0,2849.0,5327.0,2881.0,0.0,2881.0,0.0,949.0,950.0,950.0,953.0,954.0,960.0,3830.0,1999.0,5499.0,0.0,2881.0,0.0,949.0,950.0,950.0
0.0,13788.0,2863.0,2850.0,6189.0,2049.0,0.0,2049.0,0.0,950.0,950.0,950.0,954.0,955.0,954.0,4846.0,1869.0,7073.0,0.0,2049.0,0.0,950.0,950.0,950.0
0.0,17114.0,2869.0,2851.0,3790.0,252.0,0.0,252.0,0.0,950.0,950.0,951.0,952.0,954.0,963.0,7109.0,2701.0,7304.0,0.0,252.0,0.0,950.0,950.0,951.0
0.0,18035.0,2905.0,2853.0,2635.0,0.0,0.0,0.0,0.0,951.0,951.0,951.0,972.0,957.0,976.0,7196.0,4498.0,6341.0,0.0,0.0,0.0,951.0,951.0,951.0
0.0,17765.0,2927.0,2856.0,1109.0,368.0,0.0,0.0,368.0,952.0,952.0,952.0,976.0,978.0,973.0,6224.0,6176.0,5365.0,0.0,0.0,368.0,952.0,952.0,952.0
0.0,15947.0,2901.0,2856.0,1438.0,1816.0,480.0,0.0,1336.0,952.0,952.0,952.0,968.0,965.0,968.0,5248.0,6307.0,4392.0,480.0,0.0,1336.0,952.0,952.0,952.0
0.0,14484.0,2890.0,2858.0,0.0,3746.0,1446.0,0.0,2300.0,952.0,953.0,953.0,966.0,965.0,959.0,4280.0,6780.0,3424.0,1446.0,0.0,2300.0,952.0,953.0,953.0
0.0,11594.0,2869.0,2858.0,368.0,5287.0,2403.0,0.0,2884.0,952.0,953.0,953.0,957.0,960.0,952.0,3314.0,5815.0,2465.0,2403.0,0.0,2884.0,952.0,953.0,953.0
0.0,9093.0,2883.0,2859.0,1816.0,6269.0,2890.0,871.0,2508.0,953.0,953.0,953.0,962.0,961.0,960.0,2357.0,4855.0,1881.0,2890.0,871.0,2508.0,953.0,953.0,953.0
0.0,8026.0,2892.0,2860.0,3746.0,5420.0,2400.0,1834.0,1186.0,953.0,953.0,954.0,956.0,963.0,973.0,1875.0,3894.0,2257.0,2400.0,1834.0,1186.0,953.0,953.0,954.0
0.0,8880.0,2930.0,2863.0,5287.0,3798.0,983.0,2815.0,0.0,954.0,954.0,955.0,981.0,976.0,973.0,2365.0,2931.0,3584.0,983.0,2815.0,0.0,954.0,954.0,955.0
0.0,11237.0,2900.0,2865.0,6269.0,2914.0,0.0,2914.0,0.0,955.0,955.0,955.0,972.0,965.0,963.0,3787.0,1955.0,5495.0,0.0,2914.0,0.0,955.0,955.0,955.0
0.0,14606.0,2897.0,2867.0,5420.0,2045.0,0.0,2045.0,0.0,956.0,955.0,956.0,972.0,965.0,960.0,5705.0,1861.0,7040.0,0.0,2045.0,0.0,956.0,955.0,956.0
0.0,17129.0,2884.0,2867.0,3798.0,187.0,0.0,187.0,0.0,956.0,955.0,956.0,967.0,957.0,960.0,7133.0,2730.0,7266.0,0.0,187.0,0.0,956.0,955.0,956.0
0.0,18043.0,2875.0,2868.0,2914.0,0.0,0.0,0.0,0.0,956.0,956.0,956.0,960.0,961.0,954.0,7149.0,4588.0,6306.0,0.0,0.0,0.0,956.0,956.0,956.0
0.0,18082.0,2890.0,2868.0,2045.0,389.0,0.0,0.0,389.0,956.0,956.0,956.0,963.0,966.0,961.0,6189.0,6541.0,5352.0,0.0,0.0,389.0,956.0,956.0,956.0
0.0,17237.0,2898.0,2870.0,187.0,1879.0,523.0,0.0,1356.0,957.0,957.0,956.0,964.0,967.0,967.0,5226.0,7620.0,4391.0,523.0,0.0,1356.0,957.0,957.0,956.0
0.0,14526.0,2927.0,2872.0,0.0,3842.0,1504.0,0.0,2338.0,958.0,957.0,957.0,976.0,974.0,977.0,4262.0,6840.0,3424.0,1504.0,0.0,2338.0,958.0,957.0,957.0
0.0,11599.0,2929.0,2875.0,389.0,5417.0,2487.0,0.0,2930.0,959.0,958.0,958.0,978.0,975.0,976.0,3286.0,5866.0,2447.0,2487.0,0.0,2930.0,959.0,958.0,958.0
0.0,9059.0,2925.0,2876.0,1879.0,6367.0,2934.0,887.0,2546.0,959.0,959.0,958.0,970.0,983.0,972.0,2308.0,4891.0,1860.0,2934.0,887.0,2546.0,959.0,959.0,958.0
0.0,8013.0,2904.0,2877.0,3842.0,5434.0,2398.0,1858.0,1178.0,959.0,959.0,959.0,968.0,971.0,965.0,1861.0,3908.0,2244.0,2398.0,1858.0,1178.0,959.0,959.0,959.0
0.0,8951.0,2895.0,2877.0,5417.0,3692.0,880.0,2812.0,0.0,959.0,959.0,959.0,969.0,954.0,972.0,2397.0,2937.0,3617.0,880.0,2812.0,0.0,959.0,959.0,959.0
0.0,11473.0,2890.0,2878.0,5388.0,2886.0,0.0,2886.0,0.0,960.0,959.0,959.0,956.0,961.0,973.0,3915.0,1983.0,5575.0,0.0,2886.0,0.0,960.0,959.0,959.0
0.0,13971.0,2921.0,2880.0,6413.0,2003.0,0.0,2003.0,0.0,960.0,960.0,960.0,976.0,970.0,975.0,4914.0,1909.0,7148.0,0.0,2003.0,0.0,960.0,960.0,960.0
0.0,17463.0,2948.0,2883.0,3692.0,176.0,0.0,176.0,0.0,961.0,961.0,961.0,986.0,980.0,982.0,7315.0,2797.0,7351.0,0.0,176.0,0.0,961.0,961.0,961.0
0.0,18207.0,2949.0,2884.0,2886.0,0.0,0.0,0.0,0.0,962.0,961.0,961.0,989.0,982.0,978.0,7209.0,4629.0,6369.0,0.0,0.0,0.0,962.0,961.0,961.0
0.0,18144.0,2917.0,2886.0,1609.0,389.0,0.0,0.0,389.0,962.0,962.0,962.0,968.0,979.0,970.0,6220.0,6533.0,5391.0,0.0,0.0,389.0,962.0,962.0,962.0
0.0,16836.0,2912.0,2886.0,570.0,1894.0,529.0,0.0,1365.0,962.0,962.0,962.0,971.0,965.0,976.0,5252.0,7163.0,4421.0,529.0,0.0,1365.0,962.0,962.0,962.0
0.0,14494.0,2904.0,2887.0,0.0,3837.0,1493.0,0.0,2344.0,962.0,962.0,963.0,964.0,966.0,974.0,4281.0,6768.0,3445.0,1493.0,0.0,2344.0,962.0,962.0,963.0
0.0,11590.0,2908.0,2888.0,389.0,5389.0,2466.0,0.0,2923.0,963.0,962.0,963.0,968.0,972.0,968.0,3317.0,5802.0,2471.0,2466.0,0.0,2923.0,963.0,962.0,963.0
0.0,9071.0,2922.0,2889.0,1894.0,6402.0,2910.0,957.0,2535.0,963.0,963.0,963.0,973.0,972.0,977.0,2349.0,4830.0,1892.0,2910.0,957.0,2535.0,963.0,963.0,963.0
0.0,8043.0,2932.0,2891.0,3837.0,5507.0,2415.0,1920.0,1172.0,964.0,963.0,964.0,993.0,963.0,976.0,1905.0,3858.0,2280.0,2415.0,1920.0,1172.0,964.0,963.0,964.0
0.0,8948.0,2946.0,2893.0,5389.0,3836.0,943.0,2893.0,0.0,965.0,963.0,965.0,989.0,973.0,984.0,2405.0,2895.0,3648.0,943.0,2893.0,0.0,965.0,963.0,965.0
0.0,11391.0,2942.0,2895.0,6402.0,2920.0,0.0,2920.0,0.0,965.0,964.0,966.0,980.0,979.0,983.0,3882.0,1922.0,5587.0,0.0,2920.0,0.0,965.0,964.0,966.0
0.0,14851.0,2939.0,2896.0,5507.0,1974.0,0.0,1974.0,0.0,966.0,964.0,966.0,979.0,974.0,986.0,5812.0,1900.0,7139.0,0.0,1974.0,0.0,966.0,964.0,966.0
0.0,17419.0,2894.0,2896.0,3836.0,46.0,0.0,46.0,0.0,966.0,964.0,966.0,963.0,965.0,966.0,7248.0,2846.0,7325.0,0.0,46.0,0.0,966.0,964.0,966.0
0.0,18361.0,2898.0,2897.0,2920.0,0.0,0.0,0.0,0.0,966.0,964.0,967.0,965.0,956.0,977.0,7228.0,4774.0,6359.0,0.0,0.0,0.0,966.0,964.0,967.0
0.0,18383.0,2928.0,2898.0,1974.0,430.0,0.0,0.0,430.0,966.0,965.0,967.0,973.0,978.0,977.0,6263.0,6738.0,5382.0,0.0,0.0,430.0,966.0,965.0,967.0
0.0,17429.0,2967.0,2901.0,46.0,1953.0,535.0,0.0,1418.0,967.0,966.0,968.0,990.0,994.0,983.0,5290.0,7734.0,4405.0,535.0,0.0,1418.0,967.0,966.0,968.0
0.0,14508.0,2970.0,2904.0,0.0,3935.0,1527.0,0.0,2408.0,968.0,967.0,969.0,987.0,998.0,985.0,4300.0,6786.0,3422.0,1527.0,0.0,2408.0,968.0,967.0,969.0
0.0,11538.0,2953.0,2904.0,430.0,5505.0,2505.0,33.0,2967.0,968.0,967.0,969.0,978.0,986.0,989.0,3313.0,5788.0,2437.0,2505.0,33.0,2967.0,968.0,967.0,969.0
0.0,9015.0,2933.0,2907.0,1953.0,6500.0,2958.0,1005.0,2537.0,969.0,968.0,970.0,983.0,967.0,983.0,2335.0,4802.0,1878.0,2958.0,1005.0,2537.0,969.0,968.0,970.0
0.0,8035.0,2923.0,2907.0,3935.0,5488.0,2405.0,1977.0,1106.0,969.0,968.0,970.0,974.0,972.0,977.0,1887.0,3835.0,2313.0,2405.0,1977.0,1106.0,969.0,968.0,970.0
0.0,9047.0,2903.0,2907.0,5505.0,3776.0,863.0,2913.0,0.0,969.0,968.0,970.0,963.0,969.0,971.0,2440.0,2863.0,3744.0,863.0,2913.0,0.0,969.0,968.0,970.0
0.0,11649.0,2945.0,2908.0,5495.0,2906.0,0.0,2906.0,0.0,969.0,969.0,970.0,980.0,993.0,972.0,3982.0,1927.0,5740.0,0.0,2906.0,0.0,969.0,969.0,970.0
0.0,14199.0,2963.0,2911.0,6460.0,1925.0,0.0,1925.0,0.0,970.0,970.0,971.0,986.0,991.0,986.0,4955.0,1939.0,7305.0,0.0,1925.0,0.0,970.0,970.0,971.0
0.0,17696.0,2966.0,2913.0,3809.0,0.0,0.0,0.0,0.0,971.0,970.0,972.0,989.0,984.0,993.0,7346.0,2925.0,7425.0,0.0,0.0,0.0,971.0,970.0,972.0
0.0,18539.0,2959.0,2914.0,1905.0,0.0,0.0,0.0,0.0,972.0,970.0,972.0,987.0,983.0,989.0,7253.0,4854.0,6432.0,0.0,0.0,0.0,972.0,970.0,972.0
0.0,17485.0,2946.0,2915.0,1820.0,394.0,0.0,0.0,394.0,972.0,971.0,972.0,985.0,984.0,977.0,6266.0,5776.0,5443.0,0.0,0.0,394.0,972.0,971.0,972.0
0.0,16359.0,2930.0,2915.0,1106.0,1924.0,557.0,0.0,1367.0,972.0,971.0,972.0,978.0,979.0,973.0,5281.0,6612.0,4466.0,557.0,0.0,1367.0,972.0,971.0,972.0
0.0,14535.0,2926.0,2915.0,0.0,3863.0,1526.0,0.0,2337.0,972.0,971.0,972.0,969.0,987.0,970.0,4303.0,6739.0,3493.0,1526.0,0.0,2337.0,972.0,971.0,972.0
0.0,11609.0,2958.0,2918.0,394.0,5545.0,2527.0,89.0,2929.0,973.0,972.0,973.0,996.0,981.0,981.0,3334.0,5752.0,2523.0,2527.0,89.0,2929.0,973.0,972.0,973.0
0.0,9045.0,2971.0,2920.0,1924.0,6602.0,2970.0,1072.0,2560.0,974.0,972.0,974.0,995.0,983.0,993.0,2338.0,4771.0,1936.0,2970.0,1072.0,2560.0,974.0,972.0,974.0
0.0,7998.0,3004.0,2922.0,3863.0,5753.0,2455.0,2072.0,1226.0,975.0,973.0,974.0,1006.0,995.0,1003.0,1900.0,3788.0,2310.0,2455.0,2072.0,1226.0,975.0,973.0,974.0
0.0,8857.0,2984.0,2924.0,5545.0,3901.0,912.0,2989.0,0.0,975.0,974.0,975.0,984.0,1001.0,999.0,2420.0,2793.0,3644.0,912.0,2989.0,0.0,975.0,974.0,975.0
0.0,11418.0,2931.0,2925.0,6602.0,2888.0,0.0,2888.0,0.0,976.0,974.0,975.0,981.0,971.0,979.0,3963.0,1881.0,5574.0,0.0,2888.0,0.0,976.0,974.0,975.0
0.0,15089.0,2932.0,2925.0,5753.0,1792.0,0.0,1792.0,0.0,976.0,974.0,975.0,994.0,976.0,962.0,5952.0,1982.0,7155.0,0.0,1792.0,0.0,976.0,974.0,975.0
0.0,17910.0,2928.0,2925.0,3901.0,0.0,0.0,0.0,0.0,976.0,974.0,975.0,974.0,975.0,979.0,7413.0,3078.0,7419.0,0.0,0.0,0.0,976.0,974.0,975.0
0.0,18883.0,2980.0,2928.0,2888.0,0.0,0.0,0.0,0.0,977.0,975.0,976.0,994.0,998.0,988.0,7351.0,5092.0,6440.0,0.0,0.0,0.0,977.0,975.0,976.0
0.0,18791.0,2985.0,2930.0,1792.0,427.0,0.0,0.0,427.0,977.0,976.0,977.0,996.0,995.0,994.0,6357.0,6982.0,5452.0,0.0,0.0,427.0,977.0,976.0,977.0
0.0,17598.0,2996.0,2931.0,0.0,1952.0,521.0,0.0,1431.0,978.0,976.0,977.0,992.0,1000.0,1004.0,5361.0,7779.0,4458.0,521.0,0.0,1431.0,978.0,976.0,977.0
0.0,14602.0,2980.0,2934.0,0.0,3960.0,1525.0,0.0,2435.0,979.0,977.0,978.0,999.0,982.0,999.0,4369.0,6779.0,3454.0,1525.0,0.0,2435.0,979.0,977.0,978.0
0.0,11622.0,2966.0,2934.0,427.0,5587.0,2514.0,70.0,3003.0,979.0,977.0,978.0,989.0,982.0,995.0,3370.0,5797.0,2455.0,2514.0,70.0,3003.0,979.0,977.0,978.0
0.0,9083.0,2949.0,2935.0,1952.0,6589.0,2980.0,1054.0,2555.0,979.0,977.0,979.0,987.0,984.0,978.0,2381.0,4815.0,1887.0,2980.0,1054.0,2555.0,979.0,977.0,979.0
0.0,8086.0,2949.0,2936.0,3960.0,5583.0,2438.0,2042.0,1103.0,979.0,978.0,979.0,983.0,983.0,983.0,1915.0,3831.0,2340.0,2438.0,2042.0,1103.0,979.0,978.0,979.0
0.0,9097.0,2984.0,2938.0,5587.0,3881.0,915.0,2966.0,0.0,980.0,978.0,980.0,986.0,994.0,1004.0,2457.0,2848.0,3792.0,915.0,2966.0,0.0,980.0,978.0,980.0
0.0,11700.0,2998.0,2940.0,5677.0,2914.0,0.0,2914.0,0.0,980.0,979.0,981.0,997.0,997.0,1004.0,3985.0,1924.0,5791.0,0.0,2914.0,0.0,980.0,979.0,981.0
0.0,14379.0,2994.0,2943.0,6495.0,1877.0,0.0,1877.0,0.0,981.0,980.0,982.0,990.0,1000.0,1004.0,5056.0,1981.0,7342.0,0.0,1877.0,0.0,981.0,980.0,982.0
0.0,17880.0,2983.0,2943.0,3881.0,0.0,0.0,0.0,0.0,981.0,980.0,982.0,987.0,997.0,999.0,7416.0,3023.0,7441.0,0.0,0.0,0.0,981.0,980.0,982.0
0.0,18778.0,2983.0,2945.0,2792.0,0.0,0.0,0.0,0.0,982.0,981.0,982.0,997.0,1000.0,986.0,7344.0,4992.0,6442.0,0.0,0.0,0.0,982.0,981.0,982.0
0.0,18587.0,2936.0,2946.0,1808.0,439.0,0.0,0.0,439.0,982.0,981.0,983.0,986.0,970.0,980.0,6347.0,6784.0,5456.0,0.0,0.0,439.0,982.0,981.0,983.0
0.0,17459.0,2953.0,2946.0,191.0,1958.0,532.0,0.0,1426.0,982.0,981.0,983.0,983.0,983.0,987.0,5361.0,7622.0,4476.0,532.0,0.0,1426.0,982.0,981.0,983.0
0.0,14697.0,2985.0,2947.0,0.0,3957.0,1533.0,0.0,2424.0,983.0,981.0,983.0,996.0,991.0,998.0,4378.0,6830.0,3489.0,1533.0,0.0,2424.0,983.0,981.0,983.0
0.0,11712.0,3016.0,2950.0,439.0,5615.0,2547.0,68.0,3000.0,984.0,982.0,984.0,1009.0,997.0,1010.0,3382.0,5839.0,2491.0,2547.0,68.0,3000.0,984.0,982.0,984.0
0.0,9135.0,3039.0,2953.0,1958.0,6711.0,3029.0,1091.0,2591.0,985.0,983.0,985.0,1009.0,1018.0,1012.0,2373.0,4842.0,1920.0,3029.0,1091.0,2591.0,985.0,983.0,985.0
0.0,8054.0,3004.0,2954.0,3957.0,5763.0,2498.0,2102.0,1163.0,985.0,984.0,985.0,1002.0,1006.0,996.0,1896.0,3824.0,2334.0,2498.0,2102.0,1163.0,985.0,984.0,985.0
0.0,9007.0,2979.0,2955.0,5615.0,3973.0,945.0,3028.0,0.0,985.0,984.0,986.0,994.0,994.0,991.0,2427.0,2818.0,3762.0,945.0,3028.0,0.0,985.0,984.0,986.0
0.0,11643.0,2963.0,2955.0,6711.0,2922.0,0.0,2922.0,0.0,985.0,984.0,986.0,993.0,985.0,985.0,3980.0,1892.0,5771.0,0.0,2922.0,0.0,985.0,984.0,986.0
0.0,15391.0,2967.0,2956.0,5763.0,1816.0,0.0,1816.0,0.0,986.0,984.0,986.0,985.0,996.0,986.0,6016.0,1998.0,7377.0,0.0,1816.0,0.0,986.0,984.0,986.0
0.0,18187.0,2998.0,2957.0,3973.0,0.0,0.0,0.0,0.0,986.0,985.0,986.0,994.0,1001.0,1003.0,7529.0,3104.0,7554.0,0.0,0.0,0.0,986.0,985.0,986.0
0.0,19162.0,3010.0,2960.0,2922.0,0.0,0.0,0.0,0.0,987.0,986.0,987.0,1007.0,1001.0,1002.0,7480.0,5131.0,6551.0,0.0,0.0,0.0,987.0,986.0,987.0
0.0,19074.0,3022.0,2962.0,1816.0,399.0,0.0,0.0,399.0,988.0,986.0,988.0,1009.0,1005.0,1008.0,6473.0,7052.0,5549.0,0.0,0.0,399.0,988.0,986.0,988.0
0.0,17868.0,3016.0,2963.0,0.0,1882.0,483.0,0.0,1399.0,988.0,987.0,988.0,1007.0,1009.0,1000.0,5464.0,7863.0,4541.0,483.0,0.0,1399.0,988.0,987.0,988.0
0.0,14852.0,3002.0,2965.0,0.0,3884.0,1481.0,0.0,2403.0,988.0,988.0,989.0,998.0,1005.0,999.0,4457.0,6854.0,3541.0,1481.0,0.0,2403.0,988.0,988.0,989.0
0.0,11850.0,2987.0,2965.0,399.0,5563.0,2466.0,90.0,3007.0,988.0,988.0,989.0,985.0,999.0,1003.0,3459.0,5849.0,2542.0,2466.0,90.0,3007.0,988.0,988.0,989.0
0.0,9262.0,2968.0,2966.0,1882.0,6654.0,2970.0,1085.0,2599.0,988.0,989.0,989.0,987.0,990.0,991.0,2474.0,4850.0,1938.0,2970.0,1085.0,2599.0,988.0,989.0,989.0
0.0,8176.0,3000.0,2968.0,3884.0,5780.0,2490.0,2081.0,1209.0,989.0,989.0,990.0,996.0,996.0,1008.0,1970.0,3860.0,2346.0,2490.0,2081.0,1209.0,989.0,989.0,990.0
0.0,9060.0,3021.0,2970.0,5563.0,4054.0,1045.0,3009.0,0.0,990.0,990.0,990.0,1016.0,1013.0,992.0,2455.0,2864.0,3741.0,1045.0,3009.0,0.0,990.0,990.0,990.0
0.0,11602.0,3033.0,2973.0,5990.0,2942.0,0.0,2942.0,0.0,991.0,991.0,991.0,1010.0,1013.0,1010.0,3905.0,1941.0,5756.0,0.0,2942.0,0.0,991.0,991.0,991.0
0.0,14559.0,3028.0,2973.0,6404.0,1862.0,0.0,1862.0,0.0,991.0,991.0,991.0,1015.0,1001.0,1012.0,5201.0,2013.0,7345.0,0.0,1862.0,0.0,991.0,991.0,991.0
0.0,17935.0,3005.0,2976.0,4094.0,0.0,0.0,0.0,0.0,992.0,992.0,992.0,1002.0,999.0,1004.0,7300.0,3093.0,7542.0,0.0,0.0,0.0,992.0,992.0,992.0
0.0,19024.0,2989.0,2975.0,2854.0,0.0,0.0,0.0,0.0,992.0,991.0,992.0,999.0,985.0,1005.0,7383.0,5103.0,6538.0,0.0,0.0,0.0,992.0,991.0,992.0
0.0,18889.0,2982.0,2976.0,1791.0,421.0,0.0,0.0,421.0,992.0,992.0,992.0,987.0,1001.0,994.0,6384.0,6972.0,5533.0,0.0,0.0,421.0,992.0,992.0,992.0
0.0,17698.0,2995.0,2977.0,159.0,1979.0,554.0,0.0,1425.0,992.0,992.0,993.0,991.0,1005.0,999.0,5397.0,7762.0,4539.0,554.0,0.0,1425.0,992.0,992.0,993.0
0.0,14862.0,3032.0,2979.0,0.0,4007.0,1573.0,0.0,2434.0,993.0,993.0,993.0,1014.0,1009.0,1009.0,4406.0,6916.0,3540.0,1573.0,0.0,2434.0,993.0,993.0,993.0
0.0,11830.0,3037.0,2982.0,421.0,5696.0,2590.0,78.0,3028.0,994.0,994.0,994.0,1012.0,1015.0,1010.0,3392.0,5907.0,2531.0,2590.0,78.0,3028.0,994.0,994.0,994.0
0.0,9214.0,3020.0,2983.0,1979.0,6742.0,3051.0,1091.0,2600.0,995.0,994.0,994.0,1010.0,1013.0,997.0,2380.0,4892.0,1942.0,3051.0,1091.0,2600.0,995.0,994.0,994.0
0.0,8173.0,3009.0,2985.0,4007.0,5754.0,2481.0,2100.0,1173.0,995.0,995.0,995.0,1003.0,1004.0,1002.0,1924.0,3879.0,2370.0,2481.0,2100.0,1173.0,995.0,995.0,995.0
0.0,9171.0,3015.0,2985.0,5696.0,3918.0,888.0,3030.0,0.0,995.0,995.0,995.0,997.0,1008.0,1010.0,2494.0,2875.0,3802.0,888.0,3030.0,0.0,995.0,995.0,995.0
0.0,11852.0,2973.0,2985.0,6742.0,2935.0,0.0,2935.0,0.0,995.0,995.0,995.0,986.0,996.0,991.0,4087.0,1945.0,5820.0,0.0,2935.0,0.0,995.0,995.0,995.0
0.0,15621.0,3037.0,2988.0,5754.0,1847.0,0.0,1847.0,0.0,996.0,996.0,996.0,1012.0,1007.0,1018.0,6152.0,2040.0,7429.0,0.0,1847.0,0.0,996.0,996.0,996.0
0.0,18338.0,3045.0,2989.0,3918.0,0.0,0.0,0.0,0.0,996.0,996.0,997.0,1025.0,1011.0,1009.0,7621.0,3133.0,7584.0,0.0,0.0,0.0,996.0,996.0,997.0
0.0,19211.0,3050.0,2992.0,2935.0,0.0,0.0,0.0,0.0,997.0,997.0,998.0,1009.0,1023.0,1018.0,7484.0,5152.0,6575.0,0.0,0.0,0.0,997.0,997.0,998.0
0.0,19096.0,3045.0,2993.0,1847.0,452.0,0.0,0.0,452.0,997.0,998.0,998.0,1007.0,1019.0,1019.0,6475.0,7064.0,5557.0,0.0,0.0,452.0,997.0,998.0,998.0
0.0,17898.0,3015.0,2995.0,0.0,1994.0,528.0,0.0,1466.0,998.0,998.0,999.0,1006.0,1000.0,1009.0,5468.0,7892.0,4538.0,528.0,0.0,1466.0,998.0,998.0,999.0
0.0,14883.0,2996.0,2994.0,0.0,3983.0,1517.0,0.0,2466.0,997.0,998.0,999.0,994.0,1002.0,1000.0,4462.0,6892.0,3529.0,1517.0,0.0,2466.0,997.0,998.0,999.0
0.0,11887.0,3005.0,2995.0,452.0,5641.0,2523.0,102.0,3016.0,998.0,998.0,999.0,1001.0,1002.0,1002.0,3468.0,5890.0,2529.0,2523.0,102.0,3016.0,998.0,998.0,999.0
0.0,9334.0,3018.0,2996.0,1994.0,6670.0,3008.0,1114.0,2548.0,998.0,999.0,999.0,1013.0,1007.0,998.0,2467.0,4888.0,1979.0,3008.0,1114.0,2548.0,998.0,999.0,999.0
0.0,8310.0,3066.0,2999.0,3983.0,5768.0,2519.0,2142.0,1107.0,999.0,1000.0,1000.0,1023.0,1023.0,1020.0,1982.0,3881.0,2447.0,2519.0,2142.0,1107.0,999.0,1000.0,1000.0
0.0,9227.0,3052.0,3002.0,5641.0,4077.0,1013.0,3064.0,0.0,1000.0,1001.0,1001.0,1012.0,1019.0,1021.0,2476.0,2858.0,3893.0,1013.0,3064.0,0.0,1000.0,1001.0,1001.0
0.0,11816.0,3039.0,3002.0,6050.0,2965.0,0.0,2965.0,0.0,1000.0,1001.0,1001.0,1011.0,1015.0,1013.0,3987.0,1941.0,5888.0,0.0,2965.0,0.0,1000.0,1001.0,1001.0
0.0,14827.0,3043.0,3003.0,6388.0,1830.0,0.0,1830.0,0.0,1000.0,1001.0,1002.0,1019.0,1007.0,1017.0,5364.0,2040.0,7423.0,0.0,1830.0,0.0,1000.0,1001.0,1002.0
0.0,18172.0,3040.0,3005.0,4077.0,0.0,0.0,0.0,0.0,1001.0,1002.0,1002.0,1018.0,1016.0,1006.0,7484.0,3175.0,7513.0,0.0,0.0,0.0,1001.0,1002.0,1002.0
0.0,19209.0,3024.0,3005.0,2909.0,0.0,0.0,0.0,0.0,1001.0,1002.0,1002.0,1004.0,1012.0,1008.0,7479.0,5223.0,6507.0,0.0,0.0,0.0,1001.0,1002.0,1002.0
0.0,19094.0,3020.0,3006.0,1886.0,518.0,0.0,0.0,518.0,1001.0,1003.0,1002.0,1008.0,1005.0,1007.0,6475.0,7120.0,5499.0,0.0,0.0,518.0,1001.0,1003.0,1002.0
0.0,17960.0,3050.0,3008.0,0.0,2099.0,561.0,0.0,1538.0,1002.0,1003.0,1003.0,1018.0,1017.0,1015.0,5467.0,8001.0,4492.0,561.0,0.0,1538.0,1002.0,1003.0,1003.0
0.0,14910.0,3068.0,3010.0,0.0,4145.0,1572.0,0.0,2573.0,1002.0,1004.0,1004.0,1011.0,1027.0,1030.0,4449.0,6984.0,3477.0,1572.0,0.0,2573.0,1002.0,1004.0,1004.0
0.0,11842.0,3051.0,3011.0,518.0,5746.0,2592.0,78.0,3076.0,1003.0,1004.0,1004.0,1015.0,1015.0,1021.0,3438.0,5957.0,2447.0,2592.0,78.0,3076.0,1003.0,1004.0,1004.0
0.0,9309.0,3056.0,3013.0,2099.0,6713.0,3056.0,1106.0,2551.0,1004.0,1005.0,1004.0,1020.0,1023.0,1013.0,2423.0,4942.0,1944.0,3056.0,1106.0,2551.0,1004.0,1005.0,1004.0
0.0,8352.0,3012.0,3013.0,4145.0,5580.0,2495.0,2107.0,978.0,1004.0,1005.0,1004.0,1011.0,1001.0,1000.0,1964.0,3919.0,2469.0,2495.0,2107.0,978.0,1004.0,1005.0,1004.0
0.0,9485.0,3034.0,3014.0,5746.0,3949.0,909.0,3040.0,0.0,1004.0,1005.0,1005.0,1006.0,1011.0,1017.0,2525.0,2918.0,4042.0,909.0,3040.0,0.0,1004.0,1005.0,1005.0
0.0,12197.0,3043.0,3016.0,6713.0,2955.0,0.0,2955.0,0.0,1005.0,1006.0,1005.0,1010.0,1016.0,1017.0,4111.0,1985.0,6101.0,0.0,2955.0,0.0,1005.0,1006.0,1005.0
0.0,15867.0,3093.0,3018.0,5580.0,1889.0,0.0,1889.0,0.0,1005.0,1007.0,1006.0,1025.0,1036.0,1032.0,6157.0,2075.0,7635.0,0.0,1889.0,0.0,1005.0,1007.0,1006.0
0.0,18354.0,3100.0,3021.0,3949.0,0.0,0.0,0.0,0.0,1006.0,1008.0,1007.0,1025.0,1031.0,1044.0,7627.0,3146.0,7581.0,0.0,0.0,0.0,1006.0,1008.0,1007.0
0.0,19203.0,3051.0,3022.0,2955.0,0.0,0.0,0.0,0.0,1006.0,1008.0,1008.0,1016.0,1011.0,1024.0,7511.0,5155.0,6537.0,0.0,0.0,0.0,1006.0,1008.0,1008.0
0.0,19107.0,3049.0,3023.0,1889.0,542.0,0.0,0.0,542.0,1007.0,1008.0,1008.0,1028.0,1006.0,1015.0,6495.0,7099.0,5513.0,0.0,0.0,542.0,1007.0,1008.0,1008.0
0.0,17947.0,3023.0,3023.0,0.0,2122.0,575.0,0.0,1547.0,1007.0,1008.0,1008.0,1007.0,1011.0,1005.0,5467.0,7982.0,4498.0,575.0,0.0,1547.0,1007.0,1008.0,1008.0
0.0,14924.0,3021.0,3023.0,0.0,4134.0,1588.0,0.0,2546.0,1007.0,1008.0,1008.0,1013.0,1009.0,999.0,4460.0,6971.0,3493.0,1588.0,0.0,2546.0,1007.0,1008.0,1008.0
0.0,11903.0,3062.0,3024.0,542.0,5737.0,2607.0,101.0,3029.0,1007.0,1009.0,1008.0,1019.0,1018.0,1025.0,3447.0,5962.0,2494.0,2607.0,101.0,3029.0,1007.0,1009.0,1008.0
0.0,9383.0,3099.0,3027.0,2122.0,6729.0,3069.0,1128.0,2532.0,1008.0,1009.0,1010.0,1032.0,1027.0,1040.0,2428.0,4944.0,2011.0,3069.0,1128.0,2532.0,1008.0,1009.0,1010.0
0.0,8406.0,3093.0,3029.0,4134.0,5698.0,2518.0,2160.0,1020.0,1009.0,1010.0,1010.0,1032.0,1027.0,1034.0,1971.0,3917.0,2518.0,2518.0,2160.0,1020.0,1009.0,1010.0,1010.0
0.0,9447.0,3079.0,3031.0,5737.0,4021.0,937.0,3084.0,0.0,1010.0,1010.0,1011.0,1021.0,1025.0,1033.0,2527.0,2890.0,4030.0,937.0,3084.0,0.0,1010.0,1010.0,1011.0
0.0,12105.0,3050.0,3032.0,5873.0,2982.0,0.0,2982.0,0.0,1010.0,1011.0,1011.0,1014.0,1021.0,1015.0,4113.0,1966.0,6026.0,0.0,2982.0,0.0,1010.0,1011.0,1011.0
0.0,14928.0,3038.0,3032.0,6244.0,1832.0,0.0,1832.0,0.0,1010.0,1011.0,1011.0,1015.0,1010.0,1013.0,5312.0,2073.0,7543.0,0.0,1832.0,0.0,1010.0,1011.0,1011.0
0.0,18134.0,3047.0,3033.0,4331.0,0.0,0.0,0.0,0.0,1010.0,1011.0,1012.0,1020.0,1011.0,1016.0,7361.0,3223.0,7550.0,0.0,0.0,0.0,1010.0,1011.0,1012.0
0.0,19418.0,3060.0,3033.0,2745.0,0.0,0.0,0.0,0.0,1010.0,1011.0,1012.0,1016.0,1014.0,1030.0,7588.0,5296.0,6534.0,0.0,0.0,0.0,1010.0,1011.0,1012.0
0.0,19103.0,3102.0,3036.0,1602.0,599.0,0.0,0.0,599.0,1011.0,1012.0,1013.0,1025.0,1039.0,1038.0,6572.0,7027.0,5504.0,0.0,0.0,599.0,1011.0,1012.0,1013.0
0.0,17603.0,3103.0,3039.0,467.0,2178.0,541.0,0.0,1637.0,1012.0,1013.0,1014.0,1028.0,1042.0,1033.0,5547.0,7590.0,4466.0,541.0,0.0,1637.0,1012.0,1013.0,1014.0
0.0,14967.0,3073.0,3041.0,0.0,4229.0,1567.0,0.0,2662.0,1013.0,1014.0,1014.0,1021.0,1027.0,1025.0,4519.0,7015.0,3433.0,1567.0,0.0,2662.0,1013.0,1014.0,1014.0
0.0,11894.0,3068.0,3042.0,599.0,5785.0,2589.0,107.0,3089.0,1013.0,1014.0,1015.0,1022.0,1025.0,1021.0,3498.0,5988.0,2408.0,2589.0,107.0,3089.0,1013.0,1014.0,1015.0
0.0,9425.0,3051.0,3042.0,2178.0,6658.0,3063.0,1124.0,2471.0,1013.0,1014.0,1015.0,1015.0,1017.0,1019.0,2476.0,4963.0,1986.0,3063.0,1124.0,2471.0,1013.0,1014.0,1015.0
0.0,8552.0,3057.0,3042.0,4229.0,5486.0,2510.0,2146.0,830.0,1013.0,1014.0,1015.0,1014.0,1022.0,1021.0,2002.0,3946.0,2604.0,2510.0,2146.0,830.0,1013.0,1014.0,1015.0
0.0,9724.0,3082.0,3044.0,5785.0,4015.0,943.0,3072.0,0.0,1013.0,1015.0,1016.0,1022.0,1028.0,1032.0,2555.0,2924.0,4245.0,943.0,3072.0,0.0,1013.0,1015.0,1016.0
0.0,12427.0,3101.0,3046.0,6658.0,2984.0,0.0,2984.0,0.0,1014.0,1016.0,1016.0,1037.0,1031.0,1033.0,4122.0,2003.0,6302.0,0.0,2984.0,0.0,1014.0,1016.0,1016.0
0.0,15984.0,3112.0,3048.0,5486.0,1879.0,0.0,1879.0,0.0,1015.0,1016.0,1017.0,1039.0,1041.0,1032.0,6148.0,2096.0,7740.0,0.0,1879.0,0.0,1015.0,1016.0,1017.0
0.0,18358.0,3085.0,3050.0,4015.0,0.0,0.0,0.0,0.0,1016.0,1017.0,1017.0,1030.0,1034.0,1021.0,7619.0,3201.0,7538.0,0.0,0.0,0.0,1016.0,1017.0,1017.0
0.0,19288.0,3079.0,3051.0,2984.0,0.0,0.0,0.0,0.0,1016.0,1017.0,1018.0,1029.0,1025.0,1025.0,7532.0,5239.0,6517.0,0.0,0.0,0.0,1016.0,1017.0,1018.0
0.0,19193.0,3081.0,3051.0,1879.0,626.0,0.0,0.0,626.0,1016.0,1017.0,1018.0,1032.0,1021.0,1028.0,6503.0,7198.0,5492.0,0.0,0.0,626.0,1016.0,1017.0,1018.0
0.0,17991.0,3077.0,3054.0,0.0,2302.0,640.0,0.0,1662.0,1017.0,1018.0,1019.0,1026.0,1020.0,1031.0,5471.0,8056.0,4464.0,640.0,0.0,1662.0,1017.0,1018.0,1019.0
0.0,14914.0,3084.0,3054.0,0.0,4356.0,1660.0,0.0,2696.0,1017.0,1018.0,1019.0,1020.0,1030.0,1034.0,4445.0,7036.0,3433.0,1660.0,0.0,2696.0,1017.0,1018.0,1019.0
0.0,11830.0,3112.0,3057.0,626.0,5941.0,2705.0,127.0,3109.0,1018.0,1019.0,1020.0,1040.0,1038.0,1034.0,3425.0,6006.0,2399.0,2705.0,127.0,3109.0,1018.0,1019.0,1020.0
0.0,9344.0,3106.0,3059.0,2302.0,6755.0,3098.0,1174.0,2483.0,1019.0,1020.0,1020.0,1028.0,1042.0,1036.0,2385.0,4968.0,1991.0,3098.0,1174.0,2483.0,1019.0,1020.0,1020.0
0.0,8540.0,3095.0,3060.0,4356.0,5499.0,2468.0,2210.0,821.0,1019.0,1020.0,1021.0,1030.0,1036.0,1029.0,1997.0,3926.0,2617.0,2468.0,2210.0,821.0,1019.0,1020.0,1021.0
0.0,9801.0,3084.0,3060.0,5941.0,3906.0,797.0,3109.0,0.0,1019.0,1020.0,1021.0,1034.0,1026.0,1024.0,2627.0,2890.0,4284.0,797.0,3109.0,0.0,1019.0,1020.0,1021.0
0.0,12658.0,3077.0,3060.0,6276.0,2957.0,0.0,2957.0,0.0,1019.0,1020.0,1021.0,1024.0,1022.0,1031.0,4298.0,1991.0,6369.0,0.0,2957.0,0.0,1019.0,1020.0,1021.0
0.0,15857.0,3059.0,3061.0,5978.0,1761.0,0.0,1761.0,0.0,1020.0,1020.0,1021.0,1018.0,1014.0,1027.0,5893.0,2143.0,7821.0,0.0,1761.0,0.0,1020.0,1020.0,1021.0
0.0,18776.0,3109.0,3063.0,3906.0,0.0,0.0,0.0,0.0,1020.0,1021.0,1022.0,1041.0,1034.0,1034.0,7822.0,3339.0,7615.0,0.0,0.0,0.0,1020.0,1021.0,1022.0
0.0,19573.0,3120.0,3066.0,2957.0,0.0,0.0,0.0,0.0,1021.0,1022.0,1023.0,1038.0,1039.0,1043.0,7578.0,5414.0,6581.0,0.0,0.0,0.0,1021.0,1022.0,1023.0
0.0,19410.0,3119.0,3068.0,1270.0,625.0,0.0,0.0,625.0,1022.0,1022.0,1024.0,1039.0,1037.0,1043.0,6540.0,7332.0,5538.0,0.0,0.0,625.0,1022.0,1022.0,1024.0
0.0,17561.0,3103.0,3069.0,491.0,2306.0,645.0,0.0,1661.0,1022.0,1023.0,1024.0,1036.0,1031.0,1036.0,5501.0,7565.0,4495.0,645.0,0.0,1661.0,1022.0,1023.0,1024.0
0.0,14949.0,3095.0,3069.0,0.0,4374.0,1679.0,0.0,2695.0,1022.0,1023.0,1024.0,1034.0,1027.0,1034.0,4465.0,7025.0,3459.0,1679.0,0.0,2695.0,1022.0,1023.0,1024.0
0.0,11854.0,3094.0,3071.0,625.0,5970.0,2709.0,149.0,3112.0,1023.0,1023.0,1025.0,1025.0,1032.0,1037.0,3431.0,5998.0,2425.0,2709.0,149.0,3112.0,1023.0,1023.0,1025.0
0.0,9385.0,3075.0,3071.0,2306.0,6739.0,3090.0,1169.0,2480.0,1023.0,1023.0,1025.0,1026.0,1020.0,1029.0,2406.0,4966.0,2013.0,3090.0,1169.0,2480.0,1023.0,1023.0,1025.0
0.0,8616.0,3109.0,3072.0,4374.0,5479.0,2452.0,2210.0,817.0,1023.0,1024.0,1025.0,1041.0,1036.0,1032.0,2025.0,3946.0,2645.0,2452.0,2210.0,817.0,1023.0,1024.0,1025.0
0.0,9881.0,3132.0,3074.0,5970.0,3895.0,798.0,3097.0,0.0,1024.0,1024.0,1026.0,1050.0,1036.0,1046.0,2663.0,2910.0,4308.0,798.0,3097.0,0.0,1024.0,1024.0,1026.0
0.0,12719.0,3136.0,3077.0,6739.0,2985.0,0.0,2985.0,0.0,1025.0,1025.0,1027.0,1044.0,1052.0,1040.0,4322.0,2023.0,6374.0,0.0,2985.0,0.0,1025.0,1025.0,1027.0
0.0,16322.0,3143.0,3080.0,5479.0,1824.0,0.0,1824.0,0.0,1026.0,1026.0,1028.0,1044.0,1044.0,1055.0,6368.0,2140.0,7814.0,0.0,1824.0,0.0,1026.0,1026.0,1028.0
0.0,18658.0,3099.0,3080.0,3895.0,0.0,0.0,0.0,0.0,1026.0,1026.0,1028.0,1039.0,1031.0,1029.0,7776.0,3306.0,7576.0,0.0,0.0,0.0,1026.0,1026.0,1028.0
0.0,19454.0,3076.0,3080.0,2985.0,0.0,0.0,0.0,0.0,1026.0,1026.0,1028.0,1025.0,1022.0,1029.0,7535.0,5372.0,6547.0,0.0,0.0,0.0,1026.0,1026.0,1028.0
0.0,19363.0,3093.0,3080.0,1824.0,653.0,0.0,0.0,653.0,1026.0,1026.0,1028.0,1027.0,1035.0,1031.0,6510.0,7335.0,5518.0,0.0,0.0,653.0,1026.0,1026.0,1028.0
0.0,18094.0,3114.0,3082.0,0.0,2390.0,694.0,0.0,1696.0,1027.0,1026.0,1029.0,1042.0,1034.0,1038.0,5483.0,8124.0,4487.0,694.0,0.0,1696.0,1027.0,1026.0,1029.0
0.0,14980.0,3129.0,3083.0,0.0,4466.0,1732.0,0.0,2734.0,1027.0,1027.0,1029.0,1038.0,1053.0,1038.0,4441.0,7090.0,3449.0,1732.0,0.0,2734.0,1027.0,1027.0,1029.0
0.0,11851.0,3154.0,3086.0,653.0,6080.0,2788.0,159.0,3133.0,1028.0,1028.0,1030.0,1051.0,1056.0,1047.0,3403.0,6037.0,2411.0,2788.0,159.0,3133.0,1028.0,1028.0,1030.0
0.0,9350.0,3136.0,3089.0,2390.0,6841.0,3141.0,1206.0,2494.0,1029.0,1029.0,1031.0,1042.0,1042.0,1052.0,2352.0,4981.0,2017.0,3141.0,1206.0,2494.0,1029.0,1029.0,1031.0
0.0,8604.0,3109.0,3089.0,4466.0,5484.0,2447.0,2235.0,802.0,1029.0,1029.0,1031.0,1038.0,1029.0,1042.0,2004.0,3939.0,2661.0,2447.0,2235.0,802.0,1029.0,1029.0,1031.0
0.0,9961.0,3104.0,3089.0,6080.0,3809.0,695.0,3114.0,0.0,1029.0,1029.0,1031.0,1036.0,1038.0,1030.0,2698.0,2910.0,4353.0,695.0,3114.0,0.0,1029.0,1029.0,1031.0
0.0,12937.0,3103.0,3090.0,5729.0,2948.0,0.0,2948.0,0.0,1030.0,1029.0,1031.0,1031.0,1040.0,1032.0,4450.0,2031.0,6456.0,0.0,2948.0,0.0,1030.0,1029.0,1031.0
0.0,15563.0,3133.0,3091.0,5707.0,1760.0,0.0,1760.0,0.0,1030.0,1030.0,1031.0,1045.0,1042.0,1046.0,5448.0,2197.0,7918.0,0.0,1760.0,0.0,1030.0,1030.0,1031.0
0.0,18137.0,3159.0,3094.0,4698.0,0.0,0.0,0.0,0.0,1031.0,1031.0,1032.0,1056.0,1046.0,1057.0,7073.0,3390.0,7674.0,0.0,0.0,0.0,1031.0,1031.0,1032.0
0.0,19676.0,3156.0,3097.0,2620.0,0.0,0.0,0.0,0.0,1032.0,1032.0,1033.0,1055.0,1051.0,1050.0,7601.0,5458.0,6617.0,0.0,0.0,0.0,1032.0,1032.0,1033.0
0.0,19140.0,3161.0,3098.0,1537.0,663.0,0.0,0.0,663.0,1032.0,1032.0,1034.0,1048.0,1053.0,1060.0,6546.0,7027.0,5567.0,0.0,0.0,663.0,1032.0,1032.0,1034.0
0.0,17516.0,3144.0,3099.0,551.0,2416.0,706.0,0.0,1710.0,1032.0,1033.0,1034.0,1044.0,1053.0,1047.0,5498.0,7511.0,4507.0,706.0,0.0,1710.0,1032.0,1033.0,1034.0
0.0,14923.0,3112.0,3100.0,0.0,4492.0,1747.0,0.0,2745.0,1033.0,1033.0,1034.0,1036.0,1041.0,1035.0,4454.0,7009.0,3460.0,1747.0,0.0,2745.0,1033.0,1033.0,1034.0
0.0,11811.0,3100.0,3100.0,663.0,6126.0,2781.0,227.0,3118.0,1033.0,1033.0,1034.0,1034.0,1030.0,1036.0,3418.0,5968.0,2425.0,2781.0,227.0,3118.0,1033.0,1033.0,1034.0
0.0,9374.0,3136.0,3101.0,2416.0,6851.0,3124.0,1267.0,2460.0,1033.0,1033.0,1035.0,1049.0,1040.0,1047.0,2384.0,4938.0,2052.0,3124.0,1267.0,2460.0,1033.0,1033.0,1035.0
0.0,8654.0,3193.0,3105.0,4492.0,5572.0,2446.0,2344.0,782.0,1034.0,1035.0,1036.0,1064.0,1067.0,1062.0,2041.0,3898.0,2715.0,2446.0,2344.0,782.0,1034.0,1035.0,1036.0
0.0,9953.0,3162.0,3107.0,6126.0,3889.0,723.0,3166.0,0.0,1035.0,1035.0,1037.0,1053.0,1049.0,1060.0,2724.0,2831.0,4398.0,723.0,3166.0,0.0,1035.0,1035.0,1037.0
0.0,12917.0,3147.0,3109.0,6851.0,2959.0,0.0,2959.0,0.0,1036.0,1036.0,1037.0,1046.0,1055.0,1046.0,4452.0,2009.0,6456.0,0.0,2959.0,0.0,1036.0,1036.0,1037.0
0.0,16621.0,3135.0,3109.0,5572.0,1662.0,0.0,1662.0,0.0,1036.0,1036.0,1037.0,1047.0,1047.0,1041.0,6530.0,2221.0,7870.0,0.0,1662.0,0.0,1036.0,1036.0,1037.0
0.0,19058.0,3108.0,3109.0,3889.0,0.0,0.0,0.0,0.0,1036.0,1036.0,1037.0,1044.0,1036.0,1028.0,7929.0,3518.0,7611.0,0.0,0.0,0.0,1036.0,1036.0,1037.0
0.0,19839.0,3134.0,3111.0,2959.0,0.0,0.0,0.0,0.0,1037.0,1037.0,1037.0,1035.0,1050.0,1049.0,7608.0,5648.0,6583.0,0.0,0.0,0.0,1037.0,1037.0,1037.0
0.0,19664.0,3178.0,3112.0,1662.0,717.0,0.0,0.0,717.0,1037.0,1037.0,1038.0,1051.0,1066.0,1061.0,6573.0,7557.0,5534.0,0.0,0.0,717.0,1037.0,1037.0,1038.0
0.0,18148.0,3172.0,3115.0,0.0,2508.0,722.0,0.0,1786.0,1038.0,1038.0,1039.0,1054.0,1054.0,1064.0,5522.0,8153.0,4473.0,722.0,0.0,1786.0,1038.0,1038.0,1039.0
0.0,14976.0,3179.0,3118.0,0.0,4639.0,1784.0,0.0,2855.0,1039.0,1039.0,1040.0,1057.0,1058.0,1064.0,4468.0,7099.0,3409.0,1784.0,0.0,2855.0,1039.0,1039.0,1040.0
0.0,11797.0,3151.0,3118.0,717.0,6227.0,2834.0,207.0,3186.0,1039.0,1039.0,1040.0,1050.0,1053.0,1048.0,3411.0,6041.0,2345.0,2834.0,207.0,3186.0,1039.0,1039.0,1040.0
0.0,9363.0,3142.0,3120.0,2508.0,6871.0,3166.0,1258.0,2447.0,1040.0,1040.0,1040.0,1049.0,1046.0,1047.0,2361.0,4988.0,2014.0,3166.0,1258.0,2447.0,1040.0,1040.0,1040.0
0.0,8729.0,3132.0,3120.0,4639.0,5364.0,2413.0,2311.0,640.0,1039.0,1040.0,1041.0,1036.0,1053.0,1043.0,2034.0,3942.0,2753.0,2413.0,2311.0,640.0,1039.0,1040.0,1041.0
0.0,10236.0,3136.0,3121.0,6227.0,3787.0,634.0,3153.0,0.0,1040.0,1040.0,1041.0,1050.0,1049.0,1037.0,2782.0,2889.0,4565.0,634.0,3153.0,0.0,1040.0,1040.0,1041.0
0.0,13327.0,3152.0,3121.0,6103.0,2941.0,0.0,2941.0,0.0,1040.0,1040.0,1041.0,1057.0,1046.0,1049.0,4566.0,2047.0,6714.0,0.0,2941.0,0.0,1040.0,1040.0,1041.0
0.0,16278.0,3200.0,3124.0,6132.0,1702.0,0.0,1702.0,0.0,1041.0,1041.0,1042.0,1068.0,1067.0,1065.0,5907.0,2259.0,8112.0,0.0,1702.0,0.0,1041.0,1041.0,1042.0
0.0,19210.0,3190.0,3127.0,3787.0,0.0,0.0,0.0,0.0,1042.0,1042.0,1043.0,1065.0,1066.0,1059.0,8020.0,3503.0,7687.0,0.0,0.0,0.0,1042.0,1042.0,1043.0
0.0,19807.0,3167.0,3128.0,2799.0,0.0,0.0,0.0,0.0,1042.0,1043.0,1043.0,1048.0,1060.0,1059.0,7589.0,5590.0,6628.0,0.0,0.0,0.0,1042.0,1043.0,1043.0
0.0,19439.0,3163.0,3129.0,1362.0,697.0,0.0,0.0,697.0,1043.0,1043.0,1043.0,1059.0,1053.0,1051.0,6541.0,7329.0,5569.0,0.0,0.0,697.0,1043.0,1043.0,1043.0
0.0,17638.0,3152.0,3130.0,482.0,2538.0,788.0,0.0,1750.0,1043.0,1043.0,1044.0,1055.0,1049.0,1048.0,5482.0,7638.0,4518.0,788.0,0.0,1750.0,1043.0,1043.0,1044.0
0.0,14968.0,3131.0,3131.0,0.0,4617.0,1825.0,0.0,2792.0,1043.0,1044.0,1044.0,1037.0,1052.0,1042.0,4427.0,7071.0,3470.0,1825.0,0.0,2792.0,1043.0,1044.0,1044.0
0.0,11837.0,3190.0,3133.0,697.0,6321.0,2896.0,263.0,3162.0,1044.0,1044.0,1045.0,1066.0,1062.0,1062.0,3390.0,6019.0,2428.0,2896.0,263.0,3162.0,1044.0,1044.0,1045.0
0.0,9344.0,3192.0,3135.0,2538.0,6985.0,3179.0,1334.0,2472.0,1045.0,1045.0,1045.0,1066.0,1066.0,1060.0,2324.0,4957.0,2063.0,3179.0,1334.0,2472.0,1045.0,1045.0,1045.0
0.0,8690.0,3194.0,3138.0,4617.0,5577.0,2426.0,2407.0,744.0,1046.0,1046.0,1046.0,1067.0,1068.0,1059.0,2046.0,3891.0,2753.0,2426.0,2407.0,744.0,1046.0,1046.0,1046.0
0.0,10113.0,3148.0,3138.0,6321.0,3772.0,582.0,3190.0,0.0,1046.0,1046.0,1046.0,1052.0,1046.0,1050.0,2804.0,2823.0,4486.0,582.0,3190.0,0.0,1046.0,1046.0,1046.0
0.0,13286.0,3160.0,3138.0,6985.0,2905.0,0.0,2905.0,0.0,1046.0,1046.0,1046.0,1059.0,1049.0,1052.0,4648.0,2040.0,6598.0,0.0,2905.0,0.0,1046.0,1046.0,1046.0
0.0,17111.0,3162.0,3139.0,5577.0,1562.0,0.0,1562.0,0.0,1046.0,1047.0,1046.0,1046.0,1059.0,1057.0,6768.0,2325.0,8018.0,0.0,1562.0,0.0,1046.0,1047.0,1046.0
0.0,19526.0,3161.0,3142.0,3772.0,0.0,0.0,0.0,0.0,1047.0,1048.0,1047.0,1047.0,1062.0,1052.0,8148.0,3673.0,7705.0,0.0,0.0,0.0,1047.0,1048.0,1047.0
0.0,20137.0,3182.0,3142.0,2905.0,0.0,0.0,0.0,0.0,1047.0,1048.0,1047.0,1057.0,1063.0,1062.0,7683.0,5801.0,6653.0,0.0,0.0,0.0,1047.0,1048.0,1047.0
0.0,19860.0,3196.0,3145.0,1562.0,710.0,0.0,0.0,710.0,1048.0,1049.0,1048.0,1067.0,1068.0,1061.0,6626.0,7643.0,5591.0,0.0,0.0,710.0,1048.0,1049.0,1048.0
0.0,18226.0,3202.0,3148.0,0.0,2534.0,752.0,0.0,1782.0,1049.0,1050.0,1049.0,1066.0,1069.0,1067.0,5559.0,8137.0,4530.0,752.0,0.0,1782.0,1049.0,1050.0,1049.0
0.0,15024.0,3198.0,3148.0,0.0,4666.0,1819.0,0.0,2847.0,1049.0,1050.0,1049.0,1067.0,1066.0,1065.0,4493.0,7068.0,3463.0,1819.0,0.0,2847.0,1049.0,1050.0,1049.0
0.0,11826.0,3182.0,3150.0,710.0,6396.0,2877.0,309.0,3210.0,1049.0,1051.0,1050.0,1058.0,1056.0,1068.0,3426.0,6002.0,2398.0,2877.0,309.0,3210.0,1049.0,1051.0,1050.0
0.0,9354.0,3156.0,3150.0,2534.0,7018.0,3172.0,1359.0,2487.0,1049.0,1051.0,1050.0,1047.0,1050.0,1059.0,2368.0,4946.0,2040.0,3172.0,1359.0,2487.0,1049.0,1051.0,1050.0
0.0,8732.0,3152.0,3150.0,4666.0,5504.0,2400.0,2409.0,695.0,1049.0,1051.0,1050.0,1047.0,1050.0,1055.0,2073.0,3896.0,2763.0,2400.0,2409.0,695.0,1049.0,1051.0,1050.0
0.0,10246.0,3183.0,3152.0,6396.0,3765.0,587.0,3178.0,0.0,1050.0,1052.0,1050.0,1059.0,1073.0,1051.0,2845.0,2846.0,4555.0,587.0,3178.0,0.0,1050.0,1052.0,1050.0
0.0,13459.0,3207.0,3155.0,5889.0,2897.0,0.0,2897.0,0.0,1051.0,1053.0,1051.0,1069.0,1073.0,1065.0,4663.0,2082.0,6714.0,0.0,2897.0,0.0,1051.0,1053.0,1051.0
0.0,16141.0,3217.0,3158.0,5356.0,1572.0,0.0,1572.0,0.0,1052.0,1054.0,1052.0,1071.0,1079.0,1067.0,5637.0,2368.0,8136.0,0.0,1572.0,0.0,1052.0,1054.0,1052.0
0.0,18280.0,3217.0,3159.0,5042.0,0.0,0.0,0.0,0.0,1052.0,1054.0,1053.0,1063.0,1076.0,1078.0,6818.0,3698.0,7764.0,0.0,0.0,0.0,1052.0,1054.0,1053.0
0.0,20105.0,3208.0,3161.0,2897.0,0.0,0.0,0.0,0.0,1053.0,1055.0,1053.0,1068.0,1063.0,1077.0,7619.0,5800.0,6686.0,0.0,0.0,0.0,1053.0,1055.0,1053.0
0.0,19794.0,3179.0,3162.0,1572.0,720.0,0.0,0.0,720.0,1053.0,1055.0,1054.0,1055.0,1065.0,1059.0,6551.0,7634.0,5609.0,0.0,0.0,720.0,1053.0,1055.0,1054.0
0.0,18187.0,3174.0,3162.0,0.0,2595.0,821.0,0.0,1774.0,1053.0,1055.0,1054.0,1052.0,1068.0,1054.0,5496.0,8141.0,4550.0,821.0,0.0,1774.0,1053.0,1055.0,1054.0
0.0,15013.0,3190.0,3163.0,0.0,4719.0,1889.0,0.0,2830.0,1053.0,1056.0,1054.0,1068.0,1066.0,1056.0,4444.0,7073.0,3496.0,1889.0,0.0,2830.0,1053.0,1056.0,1054.0
0.0,11823.0,3205.0,3165.0,720.0,6487.0,2973.0,333.0,3181.0,1054.0,1056.0,1055.0,1079.0,1060.0,1066.0,3376.0,6007.0,2440.0,2973.0,333.0,3181.0,1054.0,1056.0,1055.0
0.0,9338.0,3223.0,3167.0,2595.0,7125.0,3237.0,1411.0,2477.0,1055.0,1057.0,1055.0,1080.0,1073.0,1070.0,2297.0,4947.0,2094.0,3237.0,1411.0,2477.0,1055.0,1057.0,1055.0
0.0,8710.0,3218.0,3170.0,4719.0,5639.0,2420.0,2493.0,726.0,1056.0,1058.0,1056.0,1067.0,1077.0,1074.0,2038.0,3874.0,2798.0,2420.0,2493.0,726.0,1056.0,1058.0,1056.0
0.0,10211.0,3199.0,3170.0,6487.0,3737.0,510.0,3227.0,0.0,1056.0,1058.0,1056.0,1063.0,1067.0,1069.0,2860.0,2797.0,4554.0,510.0,3227.0,0.0,1056.0,1058.0,1056.0
0.0,13499.0,3185.0,3170.0,7125.0,2884.0,0.0,2884.0,0.0,1056.0,1058.0,1056.0,1056.0,1068.0,1061.0,4770.0,2063.0,6666.0,0.0,2884.0,0.0,1056.0,1058.0,1056.0
0.0,17439.0,3171.0,3171.0,5639.0,1458.0,0.0,1458.0,0.0,1056.0,1059.0,1056.0,1049.0,1062.0,1060.0,6951.0,2406.0,8082.0,0.0,1458.0,0.0,1056.0,1059.0,1056.0
0.0,19907.0,3187.0,3171.0,3737.0,0.0,0.0,0.0,0.0,1056.0,1059.0,1056.0,1063.0,1065.0,1059.0,8322.0,3837.0,7748.0,0.0,0.0,0.0,1056.0,1059.0,1056.0
0.0,20457.0,3224.0,3173.0,2884.0,0.0,0.0,0.0,0.0,1057.0,1059.0,1057.0,1075.0,1076.0,1073.0,7769.0,5999.0,6689.0,0.0,0.0,0.0,1057.0,1059.0,1057.0
0.0,20117.0,3240.0,3176.0,1458.0,755.0,0.0,0.0,755.0,1058.0,1060.0,1058.0,1077.0,1082.0,1081.0,6694.0,7807.0,5616.0,0.0,0.0,755.0,1058.0,1060.0,1058.0
0.0,18335.0,3219.0,3178.0,0.0,2578.0,735.0,0.0,1843.0,1058.0,1061.0,1059.0,1062.0,1074.0,1083.0,5617.0,8183.0,4535.0,735.0,0.0,1843.0,1058.0,1061.0,1059.0
0.0,15116.0,3226.0,3178.0,0.0,4739.0,1815.0,0.0,2924.0,1058.0,1061.0,1059.0,1080.0,1065.0,1081.0,4555.0,7109.0,3452.0,1815.0,0.0,2924.0,1058.0,1061.0,1059.0
0.0,11890.0,3192.0,3179.0,755.0,6442.0,2891.0,324.0,3227.0,1059.0,1061.0,1059.0,1071.0,1063.0,1058.0,3475.0,6044.0,2371.0,2891.0,324.0,3227.0,1059.0,1061.0,1059.0
0.0,9453.0,3176.0,3179.0,2578.0,7040.0,3222.0,1386.0,2432.0,1059.0,1061.0,1059.0,1066.0,1062.0,1048.0,2404.0,4981.0,2068.0,3222.0,1386.0,2432.0,1059.0,1061.0,1059.0
0.0,8855.0,3218.0,3181.0,4739.0,5529.0,2479.0,2467.0,583.0,1059.0,1062.0,1060.0,1072.0,1076.0,1070.0,2073.0,3919.0,2863.0,2479.0,2467.0,583.0,1059.0,1062.0,1060.0
0.0,10376.0,3239.0,3184.0,6442.0,3900.0,678.0,3222.0,0.0,1060.0,1063.0,1061.0,1085.0,1074.0,1080.0,2816.0,2843.0,4717.0,678.0,3222.0,0.0,1060.0,1063.0,1061.0
0.0,13579.0,3234.0,3185.0,6195.0,2905.0,0.0,2905.0,0.0,1061.0,1063.0,1061.0,1075.0,1069.0,1090.0,4622.0,2093.0,6864.0,0.0,2905.0,0.0,1061.0,1063.0,1061.0
0.0,16540.0,3232.0,3187.0,6374.0,1511.0,0.0,1511.0,0.0,1062.0,1063.0,1062.0,1079.0,1073.0,1080.0,5924.0,2410.0,8206.0,0.0,1511.0,0.0,1062.0,1063.0,1062.0
0.0,19682.0,3204.0,3187.0,3900.0,0.0,0.0,0.0,0.0,1062.0,1063.0,1062.0,1070.0,1063.0,1071.0,8169.0,3804.0,7709.0,0.0,0.0,0.0,1062.0,1063.0,1062.0
0.0,20378.0,3193.0,3188.0,2635.0,0.0,0.0,0.0,0.0,1062.0,1064.0,1062.0,1067.0,1065.0,1061.0,7777.0,5963.0,6638.0,0.0,0.0,0.0,1062.0,1064.0,1062.0
0.0,19820.0,3201.0,3188.0,1453.0,804.0,0.0,0.0,804.0,1062.0,1064.0,1062.0,1068.0,1062.0,1071.0,6710.0,7533.0,5577.0,0.0,0.0,804.0,1062.0,1064.0,1062.0
0.0,18072.0,3222.0,3190.0,328.0,2642.0,759.0,0.0,1883.0,1063.0,1064.0,1063.0,1086.0,1062.0,1074.0,5642.0,7924.0,4506.0,759.0,0.0,1883.0,1063.0,1064.0,1063.0
0.0,15178.0,3259.0,3193.0,0.0,4830.0,1851.0,0.0,2979.0,1064.0,1065.0,1064.0,1087.0,1081.0,1091.0,4556.0,7190.0,3432.0,1851.0,0.0,2979.0,1064.0,1065.0,1064.0
0.0,11919.0,3276.0,3195.0,804.0,6528.0,2939.0,311.0,3278.0,1065.0,1065.0,1065.0,1083.0,1095.0,1098.0,3469.0,6109.0,2341.0,2939.0,311.0,3278.0,1065.0,1065.0,1065.0
0.0,9447.0,3228.0,3197.0,2642.0,7124.0,3245.0,1399.0,2480.0,1065.0,1066.0,1066.0,1065.0,1083.0,1080.0,2386.0,5014.0,2047.0,3245.0,1399.0,2480.0,1065.0,1066.0,1066.0
0.0,8861.0,3227.0,3197.0,4830.0,5521.0,2481.0,2467.0,573.0,1065.0,1066.0,1066.0,1087.0,1068.0,1072.0,2080.0,3931.0,2850.0,2481.0,2467.0,573.0,1065.0,1066.0,1066.0
0.0,10464.0,3204.0,3197.0,6528.0,3840.0,615.0,3225.0,0.0,1065.0,1066.0,1066.0,1073.0,1069.0,1062.0,2844.0,2863.0,4757.0,615.0,3225.0,0.0,1065.0,1066.0,1066.0
0.0,13788.0,3211.0,3199.0,7124.0,2905.0,0.0,2905.0,0.0,1066.0,1067.0,1066.0,1060.0,1074.0,1077.0,4710.0,2105.0,6973.0,0.0,2905.0,0.0,1066.0,1067.0,1066.0
0.0,17701.0,3240.0,3200.0,5521.0,1513.0,0.0,1513.0,0.0,1066.0,1067.0,1067.0,1081.0,1075.0,1084.0,6895.0,2430.0,8376.0,0.0,1513.0,0.0,1066.0,1067.0,1067.0
0.0,19982.0,3284.0,3203.0,3840.0,0.0,0.0,0.0,0.0,1067.0,1068.0,1068.0,1095.0,1095.0,1094.0,8295.0,3822.0,7865.0,0.0,0.0,0.0,1067.0,1068.0,1068.0
0.0,20538.0,3258.0,3205.0,2905.0,0.0,0.0,0.0,0.0,1068.0,1068.0,1069.0,1083.0,1085.0,1090.0,7815.0,5952.0,6771.0,0.0,0.0,0.0,1068.0,1068.0,1069.0
0.0,20185.0,3258.0,3206.0,1513.0,758.0,0.0,0.0,758.0,1068.0,1069.0,1069.0,1081.0,1083.0,1094.0,6732.0,7772.0,5681.0,0.0,0.0,758.0,1068.0,1069.0,1069.0
0.0,18440.0,3234.0,3207.0,0.0,2613.0,772.0,0.0,1841.0,1068.0,1069.0,1070.0,1083.0,1073.0,1078.0,5651.0,8202.0,4587.0,772.0,0.0,1841.0,1068.0,1069.0,1070.0
0.0,15206.0,3215.0,3207.0,0.0,4754.0,1848.0,0.0,2906.0,1068.0,1069.0,1070.0,1076.0,1074.0,1065.0,4568.0,7129.0,3509.0,1848.0,0.0,2906.0,1068.0,1069.0,1070.0
0.0,11991.0,3220.0,3209.0,758.0,6516.0,2924.0,368.0,3224.0,1069.0,1070.0,1070.0,1071.0,1073.0,1076.0,3492.0,6055.0,2444.0,2924.0,368.0,3224.0,1069.0,1070.0,1070.0
0.0,9529.0,3263.0,3210.0,2613.0,7171.0,3241.0,1449.0,2481.0,1069.0,1070.0,1071.0,1089.0,1081.0,1093.0,2421.0,4982.0,2126.0,3241.0,1449.0,2481.0,1069.0,1070.0,1071.0
0.0,8879.0,3278.0,3213.0,4754.0,5710.0,2498.0,2536.0,676.0,1070.0,1071.0,1072.0,1100.0,1082.0,1096.0,2104.0,3901.0,2874.0,2498.0,2536.0,676.0,1070.0,1071.0,1072.0
0.0,10355.0,3278.0,3214.0,6516.0,3930.0,672.0,3258.0,0.0,1071.0,1071.0,1072.0,1093.0,1090.0,1095.0,2852.0,2819.0,4684.0,672.0,3258.0,0.0,1071.0,1071.0,1072.0
0.0,13593.0,3268.0,3217.0,6038.0,2909.0,0.0,2909.0,0.0,1072.0,1072.0,1073.0,1087.0,1095.0,1086.0,4683.0,2097.0,6813.0,0.0,2909.0,0.0,1072.0,1072.0,1073.0
0.0,16363.0,3246.0,3217.0,5837.0,1456.0,0.0,1456.0,0.0,1072.0,1072.0,1073.0,1080.0,1083.0,1083.0,5704.0,2451.0,8208.0,0.0,1456.0,0.0,1072.0,1072.0,1073.0
0.0,18954.0,3230.0,3218.0,4936.0,0.0,0.0,0.0,0.0,1072.0,1072.0,1074.0,1076.0,1069.0,1085.0,7249.0,3904.0,7801.0,0.0,0.0,0.0,1072.0,1072.0,1074.0
0.0,20660.0,3240.0,3219.0,2909.0,0.0,0.0,0.0,0.0,1073.0,1072.0,1074.0,1079.0,1071.0,1090.0,7851.0,6093.0,6716.0,0.0,0.0,0.0,1073.0,1072.0,1074.0
0.0,20329.0,3269.0,3221.0,1456.0,838.0,0.0,0.0,838.0,1073.0,1073.0,1075.0,1089.0,1091.0,1089.0,6772.0,7931.0,5626.0,0.0,0.0,838.0,1073.0,1073.0,1075.0
0.0,18516.0,3307.0,3223.0,0.0,2726.0,788.0,0.0,1938.0,1074.0,1074.0,1075.0,1101.0,1106.0,1100.0,5683.0,8296.0,4537.0,788.0,0.0,1938.0,1074.0,1074.0,1075.0
0.0,15209.0,3293.0,3226.0,0.0,4929.0,1893.0,0.0,3036.0,1075.0,1075.0,1076.0,1100.0,1100.0,1093.0,4582.0,7190.0,3437.0,1893.0,0.0,3036.0,1075.0,1075.0,1076.0
0.0,11916.0,3259.0,3228.0,838.0,6645.0,2985.0,372.0,3288.0,1076.0,1075.0,1077.0,1087.0,1087.0,1085.0,3482.0,6090.0,2344.0,2985.0,372.0,3288.0,1076.0,1075.0,1077.0
0.0,9495.0,3254.0,3228.0,2726.0,7173.0,3291.0,1454.0,2428.0,1076.0,1075.0,1077.0,1094.0,1082.0,1078.0,2395.0,5003.0,2097.0,3291.0,1454.0,2428.0,1076.0,1075.0,1077.0
0.0,8967.0,3247.0,3228.0,4929.0,5491.0,2476.0,2537.0,478.0,1076.0,1075.0,1077.0,1078.0,1083.0,1086.0,2089.0,3921.0,2957.0,2476.0,2537.0,478.0,1076.0,1075.0,1077.0
0.0,10649.0,3244.0,3230.0,6645.0,3829.0,573.0,3256.0,0.0,1077.0,1076.0,1077.0,1077.0,1086.0,1081.0,2904.0,2838.0,4907.0,573.0,3256.0,0.0,1077.0,1076.0,1077.0
0.0,14050.0,3282.0,3231.0,7173.0,2903.0,0.0,2903.0,0.0,1077.0,1076.0,1078.0,1093.0,1101.0,1088.0,4812.0,2124.0,7114.0,0.0,2903.0,0.0,1077.0,1076.0,1078.0
0.0,17941.0,3284.0,3233.0,5491.0,1462.0,0.0,1462.0,0.0,1078.0,1077.0,1078.0,1097.0,1091.0,1096.0,7010.0,2477.0,8454.0,0.0,1462.0,0.0,1078.0,1077.0,1078.0
0.0,20148.0,3300.0,3235.0,3829.0,0.0,0.0,0.0,0.0,1079.0,1077.0,1079.0,1106.0,1095.0,1099.0,8389.0,3923.0,7836.0,0.0,0.0,0.0,1079.0,1077.0,1079.0
0.0,20677.0,3273.0,3238.0,2903.0,0.0,0.0,0.0,0.0,1080.0,1078.0,1080.0,1094.0,1097.0,1082.0,7856.0,6084.0,6737.0,0.0,0.0,0.0,1080.0,1078.0,1080.0
0.0,20307.0,3282.0,3239.0,1462.0,837.0,0.0,0.0,837.0,1080.0,1079.0,1080.0,1095.0,1095.0,1092.0,6762.0,7890.0,5655.0,0.0,0.0,837.0,1080.0,1079.0,1080.0
0.0,18487.0,3250.0,3240.0,0.0,2744.0,816.0,0.0,1928.0,1080.0,1079.0,1081.0,1083.0,1081.0,1086.0,5667.0,8257.0,4563.0,816.0,0.0,1928.0,1080.0,1079.0,1081.0
0.0,15237.0,3252.0,3240.0,0.0,4916.0,1893.0,0.0,3023.0,1080.0,1079.0,1081.0,1077.0,1080.0,1095.0,4584.0,7176.0,3477.0,1893.0,0.0,3023.0,1080.0,1079.0,1081.0
0.0,11985.0,3274.0,3241.0,837.0,6657.0,2987.0,388.0,3282.0,1081.0,1079.0,1081.0,1089.0,1089.0,1096.0,3507.0,6096.0,2382.0,2987.0,388.0,3282.0,1081.0,1079.0,1081.0
0.0,9548.0,3303.0,3244.0,2744.0,7231.0,3283.0,1496.0,2452.0,1082.0,1080.0,1082.0,1107.0,1103.0,1093.0,2418.0,5007.0,2123.0,3283.0,1496.0,2452.0,1082.0,1080.0,1082.0
0.0,8989.0,3310.0,3247.0,4916.0,5640.0,2495.0,2608.0,537.0,1083.0,1081.0,1083.0,1100.0,1107.0,1103.0,2127.0,3904.0,2958.0,2495.0,2608.0,537.0,1083.0,1081.0,1083.0
0.0,10595.0,3289.0,3249.0,6657.0,3928.0,601.0,3327.0,0.0,1083.0,1082.0,1084.0,1093.0,1102.0,1094.0,2920.0,2797.0,4878.0,601.0,3327.0,0.0,1083.0,1082.0,1084.0
0.0,13963.0,3280.0,3250.0,6448.0,2922.0,0.0,2922.0,0.0,1084.0,1082.0,1084.0,1097.0,1091.0,1092.0,4814.0,2083.0,7066.0,0.0,2922.0,0.0,1084.0,1082.0,1084.0
0.0,17131.0,3269.0,3250.0,6423.0,1405.0,0.0,1405.0,0.0,1084.0,1082.0,1084.0,1087.0,1091.0,1091.0,6217.0,2488.0,8426.0,0.0,1405.0,0.0,1084.0,1082.0,1084.0
0.0,20285.0,3284.0,3250.0,3928.0,0.0,0.0,0.0,0.0,1084.0,1082.0,1084.0,1090.0,1099.0,1095.0,8408.0,4005.0,7872.0,0.0,0.0,0.0,1084.0,1082.0,1084.0
0.0,20929.0,3279.0,3253.0,1420.0,0.0,0.0,0.0,0.0,1085.0,1083.0,1085.0,1098.0,1089.0,1092.0,7919.0,6233.0,6777.0,0.0,0.0,0.0,1085.0,1083.0,1085.0
0.0,19070.0,3300.0,3254.0,2749.0,841.0,0.0,0.0,841.0,1085.0,1084.0,1085.0,1102.0,1097.0,1101.0,6821.0,6564.0,5685.0,0.0,0.0,841.0,1085.0,1084.0,1085.0
0.0,18519.0,3304.0,3256.0,158.0,2763.0,815.0,0.0,1948.0,1086.0,1084.0,1086.0,1104.0,1098.0,1102.0,5719.0,8216.0,4584.0,815.0,0.0,1948.0,1086.0,1084.0,1086.0
0.0,15373.0,3291.0,3258.0,0.0,4961.0,1912.0,0.0,3049.0,1086.0,1085.0,1087.0,1097.0,1098.0,1096.0,4615.0,7276.0,3482.0,1912.0,0.0,3049.0,1086.0,1085.0,1087.0
0.0,12082.0,3307.0,3259.0,841.0,6679.0,3018.0,348.0,3313.0,1087.0,1085.0,1087.0,1101.0,1101.0,1105.0,3518.0,6178.0,2386.0,3018.0,348.0,3313.0,1087.0,1085.0,1087.0
0.0,9616.0,3257.0,3260.0,2763.0,7178.0,3290.0,1438.0,2450.0,1087.0,1086.0,1087.0,1087.0,1085.0,1085.0,2417.0,5077.0,2122.0,3290.0,1438.0,2450.0,1087.0,1086.0,1087.0
0.0,9122.0,3261.0,3260.0,4961.0,5478.0,2459.0,2530.0,489.0,1087.0,1086.0,1087.0,1081.0,1092.0,1088.0,2145.0,3992.0,2985.0,2459.0,2530.0,489.0,1087.0,1086.0,1087.0
0.0,10822.0,3292.0,3262.0,6679.0,3824.0,552.0,3272.0,0.0,1088.0,1086.0,1088.0,1106.0,1090.0,1096.0,2976.0,2900.0,4946.0,552.0,3272.0,0.0,1088.0,1086.0,1088.0
0.0,14209.0,3322.0,3264.0,7178.0,2947.0,0.0,2947.0,0.0,1088.0,1087.0,1089.0,1107.0,1108.0,1107.0,4888.0,2158.0,7163.0,0.0,2947.0,0.0,1088.0,1087.0,1089.0
0.0,18065.0,3322.0,3267.0,5478.0,1537.0,0.0,1537.0,0.0,1089.0,1088.0,1090.0,1099.0,1115.0,1108.0,7071.0,2488.0,8506.0,0.0,1537.0,0.0,1089.0,1088.0,1090.0
0.0,20221.0,3336.0,3268.0,3824.0,0.0,0.0,0.0,0.0,1089.0,1089.0,1090.0,1108.0,1113.0,1115.0,8431.0,3903.0,7887.0,0.0,0.0,0.0,1089.0,1089.0,1090.0
0.0,20709.0,3298.0,3270.0,2947.0,0.0,0.0,0.0,0.0,1090.0,1090.0,1090.0,1102.0,1097.0,1099.0,7875.0,6062.0,6772.0,0.0,0.0,0.0,1090.0,1090.0,1090.0
0.0,20358.0,3273.0,3270.0,1537.0,862.0,0.0,0.0,862.0,1090.0,1090.0,1090.0,1090.0,1098.0,1085.0,6773.0,7912.0,5673.0,0.0,0.0,862.0,1090.0,1090.0,1090.0
0.0,18622.0,3262.0,3270.0,0.0,2799.0,851.0,0.0,1948.0,1090.0,1090.0,1090.0,1084.0,1092.0,1086.0,5683.0,8351.0,4588.0,851.0,0.0,1948.0,1090.0,1090.0,1090.0
0.0,15360.0,3307.0,3272.0,0.0,5014.0,1957.0,0.0,3057.0,1091.0,1090.0,1091.0,1101.0,1102.0,1104.0,4599.0,7259.0,3502.0,1957.0,0.0,3057.0,1091.0,1090.0,1091.0
0.0,12053.0,3342.0,3274.0,862.0,6797.0,3069.0,407.0,3321.0,1091.0,1091.0,1092.0,1112.0,1109.0,1121.0,3498.0,6157.0,2398.0,3069.0,407.0,3321.0,1091.0,1091.0,1092.0
0.0,9573.0,3342.0,3277.0,2799.0,7355.0,3336.0,1519.0,2500.0,1092.0,1092.0,1093.0,1113.0,1107.0,1122.0,2386.0,5048.0,2139.0,3336.0,1519.0,2500.0,1092.0,1092.0,1093.0
0.0,9030.0,3307.0,3278.0,5014.0,5653.0,2482.0,2623.0,548.0,1093.0,1092.0,1093.0,1098.0,1104.0,1105.0,2124.0,3941.0,2965.0,2482.0,2623.0,548.0,1093.0,1092.0,1093.0
0.0,10737.0,3302.0,3278.0,6797.0,3834.0,520.0,3314.0,0.0,1093.0,1092.0,1093.0,1107.0,1098.0,1097.0,2983.0,2837.0,4917.0,520.0,3314.0,0.0,1093.0,1092.0,1093.0
0.0,14232.0,3301.0,3279.0,6104.0,2905.0,0.0,2905.0,0.0,1093.0,1093.0,1093.0,1106.0,1105.0,1090.0,4945.0,2146.0,7141.0,0.0,2905.0,0.0,1093.0,1093.0,1093.0
0.0,17035.0,3282.0,3280.0,5447.0,1379.0,0.0,1379.0,0.0,1094.0,1093.0,1093.0,1093.0,1097.0,1092.0,5924.0,2560.0,8551.0,0.0,1379.0,0.0,1094.0,1093.0,1093.0
0.0,19200.0,3295.0,3282.0,5291.0,0.0,0.0,0.0,0.0,1094.0,1094.0,1094.0,1100.0,1096.0,1099.0,7107.0,4086.0,8007.0,0.0,0.0,0.0,1094.0,1094.0,1094.0
0.0,21196.0,3331.0,3284.0,2905.0,0.0,0.0,0.0,0.0,1095.0,1094.0,1095.0,1111.0,1103.0,1117.0,7984.0,6304.0,6908.0,0.0,0.0,0.0,1095.0,1094.0,1095.0
0.0,20770.0,3359.0,3286.0,1379.0,810.0,0.0,0.0,810.0,1095.0,1095.0,1096.0,1117.0,1121.0,1121.0,6873.0,8106.0,5791.0,0.0,0.0,810.0,1095.0,1095.0,1096.0
0.0,18790.0,3325.0,3288.0,0.0,2746.0,827.0,0.0,1919.0,1096.0,1096.0,1096.0,1103.0,1113.0,1109.0,5756.0,8364.0,4670.0,827.0,0.0,1919.0,1096.0,1096.0,1096.0
0.0,15465.0,3329.0,3288.0,0.0,4966.0,1941.0,0.0,3025.0,1096.0,1096.0,1096.0,1114.0,1109.0,1106.0,4653.0,7251.0,3561.0,1941.0,0.0,3025.0,1096.0,1096.0,1096.0
0.0,12136.0,3282.0,3288.0,810.0,6776.0,3033.0,435.0,3308.0,1096.0,1096.0,1096.0,1092.0,1097.0,1093.0,3539.0,6142.0,2455.0,3033.0,435.0,3308.0,1096.0,1096.0,1096.0
0.0,9664.0,3300.0,3289.0,2746.0,7335.0,3309.0,1545.0,2481.0,1096.0,1097.0,1096.0,1103.0,1105.0,1092.0,2447.0,5045.0,2172.0,3309.0,1545.0,2481.0,1096.0,1097.0,1096.0
0.0,9110.0,3330.0,3291.0,4966.0,5709.0,2471.0,2662.0,576.0,1097.0,1097.0,1097.0,1098.0,1117.0,1115.0,2171.0,3940.0,2999.0,2471.0,2662.0,576.0,1097.0,1097.0,1097.0
0.0,10746.0,3359.0,3293.0,6776.0,3908.0,556.0,3352.0,0.0,1097.0,1098.0,1098.0,1118.0,1120.0,1121.0,3014.0,2823.0,4909.0,556.0,3352.0,0.0,1097.0,1098.0,1098.0
0.0,14163.0,3360.0,3295.0,7335.0,2939.0,0.0,2939.0,0.0,1098.0,1099.0,1098.0,1113.0,1127.0,1120.0,4929.0,2138.0,7096.0,0.0,2939.0,0.0,1098.0,1099.0,1098.0
0.0,18138.0,3339.0,3298.0,5709.0,1395.0,0.0,1395.0,0.0,1099.0,1100.0,1099.0,1115.0,1113.0,1111.0,7125.0,2556.0,8457.0,0.0,1395.0,0.0,1099.0,1100.0,1099.0
0.0,20508.0,3308.0,3298.0,3908.0,0.0,0.0,0.0,0.0,1099.0,1100.0,1099.0,1106.0,1099.0,1103.0,8481.0,4105.0,7922.0,0.0,0.0,0.0,1099.0,1100.0,1099.0
0.0,21108.0,3295.0,3298.0,2939.0,0.0,0.0,0.0,0.0,1099.0,1100.0,1099.0,1098.0,1107.0,1090.0,7931.0,6358.0,6819.0,0.0,0.0,0.0,1099.0,1100.0,1099.0
0.0,20752.0,3316.0,3298.0,1395.0,880.0,0.0,0.0,880.0,1099.0,1100.0,1099.0,1099.0,1103.0,1114.0,6833.0,8190.0,5729.0,0.0,0.0,880.0,1099.0,1100.0,1099.0
0.0,18831.0,3359.0,3300.0,0.0,2879.0,870.0,0.0,2009.0,1099.0,1101.0,1100.0,1109.0,1126.0,1124.0,5734.0,8482.0,4615.0,870.0,0.0,2009.0,1099.0,1101.0,1100.0
0.0,15472.0,3349.0,3302.0,0.0,5124.0,1990.0,0.0,3134.0,1100.0,1101.0,1101.0,1115.0,1114.0,1120.0,4625.0,7356.0,3491.0,1990.0,0.0,3134.0,1100.0,1101.0,1101.0
0.0,12123.0,3354.0,3304.0,880.0,6871.0,3118.0,385.0,3368.0,1101.0,1102.0,1101.0,1123.0,1117.0,1114.0,3510.0,6242.0,2371.0,3118.0,385.0,3368.0,1101.0,1102.0,1101.0
0.0,9649.0,3330.0,3305.0,2879.0,7327.0,3352.0,1504.0,2471.0,1101.0,1102.0,1102.0,1104.0,1119.0,1107.0,2387.0,5125.0,2137.0,3352.0,1504.0,2471.0,1101.0,1102.0,1102.0
0.0,9198.0,3340.0,3306.0,5124.0,5548.0,2480.0,2621.0,447.0,1101.0,1103.0,1102.0,1118.0,1112.0,1110.0,2153.0,4006.0,3039.0,2480.0,2621.0,447.0,1101.0,1103.0,1102.0
0.0,10982.0,3313.0,3306.0,6871.0,3801.0,468.0,3333.0,0.0,1101.0,1103.0,1102.0,1106.0,1097.0,1110.0,3025.0,2894.0,5063.0,468.0,3333.0,0.0,1101.0,1103.0,1102.0
0.0,14540.0,3335.0,3308.0,6541.0,2939.0,0.0,2939.0,0.0,1102.0,1103.0,1103.0,1107.0,1110.0,1118.0,5037.0,2182.0,7321.0,0.0,2939.0,0.0,1102.0,1103.0,1103.0
0.0,17746.0,3339.0,3308.0,6334.0,1426.0,0.0,1426.0,0.0,1102.0,1103.0,1103.0,1113.0,1108.0,1118.0,6496.0,2576.0,8674.0,0.0,1426.0,0.0,1102.0,1103.0,1103.0
0.0,20741.0,3370.0,3311.0,3801.0,0.0,0.0,0.0,0.0,1103.0,1104.0,1104.0,1123.0,1120.0,1127.0,8649.0,4089.0,8003.0,0.0,0.0,0.0,1103.0,1104.0,1104.0
0.0,21172.0,3367.0,3314.0,1551.0,0.0,0.0,0.0,0.0,1104.0,1105.0,1105.0,1125.0,1125.0,1117.0,7994.0,6302.0,6876.0,0.0,0.0,0.0,1104.0,1105.0,1105.0
0.0,19356.0,3346.0,3315.0,2814.0,877.0,0.0,0.0,877.0,1104.0,1106.0,1105.0,1113.0,1122.0,1111.0,6869.0,6728.0,5759.0,0.0,0.0,877.0,1104.0,1106.0,1105.0
0.0,18824.0,3328.0,3315.0,0.0,2856.0,872.0,0.0,1984.0,1104.0,1106.0,1105.0,1108.0,1113.0,1107.0,5756.0,8420.0,4648.0,872.0,0.0,1984.0,1104.0,1106.0,1105.0
0.0,15496.0,3315.0,3315.0,0.0,5067.0,1979.0,0.0,3088.0,1104.0,1106.0,1105.0,1107.0,1104.0,1104.0,4648.0,7307.0,3541.0,1979.0,0.0,3088.0,1104.0,1106.0,1105.0
0.0,12181.0,3346.0,3316.0,877.0,6868.0,3081.0,452.0,3335.0,1104.0,1106.0,1106.0,1102.0,1125.0,1119.0,3541.0,6203.0,2437.0,3081.0,452.0,3335.0,1104.0,1106.0,1106.0
0.0,9712.0,3361.0,3318.0,2856.0,7383.0,3330.0,1583.0,2470.0,1105.0,1107.0,1106.0,1116.0,1126.0,1119.0,2439.0,5078.0,2195.0,3330.0,1583.0,2470.0,1105.0,1107.0,1106.0
0.0,9207.0,3389.0,3320.0,5067.0,5715.0,2491.0,2707.0,517.0,1106.0,1107.0,1107.0,1135.0,1124.0,1130.0,2195.0,3952.0,3060.0,2491.0,2707.0,517.0,1106.0,1107.0,1107.0
0.0,10885.0,3373.0,3321.0,6868.0,3918.0,540.0,3378.0,0.0,1106.0,1108.0,1107.0,1130.0,1118.0,1125.0,3039.0,2828.0,5018.0,540.0,3378.0,0.0,1106.0,1108.0,1107.0
0.0,14380.0,3371.0,3323.0,7383.0,2921.0,0.0,2921.0,0.0,1107.0,1108.0,1108.0,1121.0,1126.0,1124.0,4990.0,2162.0,7228.0,0.0,2921.0,0.0,1107.0,1108.0,1108.0
0.0,18392.0,3354.0,3324.0,5715.0,1339.0,0.0,1339.0,0.0,1107.0,1109.0,1108.0,1119.0,1120.0,1115.0,7199.0,2619.0,8574.0,0.0,1339.0,0.0,1107.0,1109.0,1108.0
0.0,20753.0,3356.0,3325.0,3918.0,0.0,0.0,0.0,0.0,1107.0,1109.0,1109.0,1115.0,1120.0,1121.0,8571.0,4206.0,7976.0,0.0,0.0,0.0,1107.0,1109.0,1109.0
0.0,21315.0,3342.0,3327.0,2921.0,0.0,0.0,0.0,0.0,1108.0,1110.0,1109.0,1110.0,1119.0,1113.0,7996.0,6464.0,6855.0,0.0,0.0,0.0,1108.0,1110.0,1109.0
0.0,20894.0,3358.0,3327.0,1339.0,919.0,0.0,0.0,919.0,1108.0,1110.0,1109.0,1124.0,1118.0,1116.0,6886.0,8266.0,5742.0,0.0,0.0,919.0,1108.0,1110.0,1109.0
0.0,18875.0,3385.0,3330.0,0.0,2963.0,919.0,0.0,2044.0,1109.0,1111.0,1110.0,1136.0,1129.0,1120.0,5762.0,8487.0,4626.0,919.0,0.0,2044.0,1109.0,1111.0,1110.0
0.0,15490.0,3394.0,3333.0,0.0,5236.0,2052.0,0.0,3184.0,1110.0,1112.0,1111.0,1128.0,1131.0,1135.0,4626.0,7358.0,3506.0,2052.0,0.0,3184.0,1110.0,1112.0,1111.0
0.0,12096.0,3395.0,3334.0,919.0,7050.0,3178.0,477.0,3395.0,1110.0,1113.0,1111.0,1126.0,1139.0,1130.0,3498.0,6227.0,2371.0,3178.0,477.0,3395.0,1110.0,1113.0,1111.0
0.0,9620.0,3358.0,3335.0,2963.0,7450.0,3372.0,1597.0,2481.0,1110.0,1113.0,1112.0,1113.0,1120.0,1125.0,2372.0,5088.0,2160.0,3372.0,1597.0,2481.0,1110.0,1113.0,1112.0
0.0,9225.0,3372.0,3336.0,5236.0,5591.0,2454.0,2714.0,423.0,1111.0,1113.0,1112.0,1129.0,1117.0,1126.0,2178.0,3968.0,3079.0,2454.0,2714.0,423.0,1111.0,1113.0,1112.0
0.0,11089.0,3345.0,3336.0,7050.0,3740.0,391.0,3349.0,0.0,1111.0,1113.0,1112.0,1115.0,1112.0,1118.0,3101.0,2851.0,5137.0,391.0,3349.0,0.0,1111.0,1113.0,1112.0
0.0,14794.0,3375.0,3339.0,6013.0,2891.0,0.0,2891.0,0.0,1112.0,1114.0,1113.0,1120.0,1134.0,1121.0,5164.0,2216.0,7414.0,0.0,2891.0,0.0,1112.0,1114.0,1113.0
0.0,17432.0,3384.0,3339.0,6137.0,1306.0,0.0,1306.0,0.0,1112.0,1114.0,1113.0,1136.0,1129.0,1119.0,5979.0,2679.0,8774.0,0.0,1306.0,0.0,1112.0,1114.0,1113.0
0.0,20185.0,3380.0,3342.0,4631.0,0.0,0.0,0.0,0.0,1113.0,1115.0,1114.0,1124.0,1126.0,1130.0,7843.0,4264.0,8078.0,0.0,0.0,0.0,1113.0,1115.0,1114.0
0.0,21436.0,3399.0,3344.0,2616.0,0.0,0.0,0.0,0.0,1114.0,1115.0,1115.0,1126.0,1135.0,1138.0,8001.0,6487.0,6948.0,0.0,0.0,0.0,1114.0,1115.0,1115.0
0.0,20653.0,3392.0,3345.0,1581.0,900.0,0.0,0.0,900.0,1114.0,1116.0,1115.0,1124.0,1133.0,1135.0,6875.0,7968.0,5810.0,0.0,0.0,900.0,1114.0,1116.0,1115.0
0.0,18842.0,3383.0,3345.0,0.0,2973.0,947.0,0.0,2026.0,1114.0,1116.0,1115.0,1128.0,1129.0,1126.0,5751.0,8416.0,4675.0,947.0,0.0,2026.0,1114.0,1116.0,1115.0
0.0,15459.0,3341.0,3346.0,0.0,5197.0,2056.0,0.0,3141.0,1114.0,1117.0,1115.0,1109.0,1117.0,1115.0,4623.0,7287.0,3549.0,2056.0,0.0,3141.0,1114.0,1117.0,1115.0
0.0,12118.0,3384.0,3348.0,900.0,7106.0,3188.0,544.0,3374.0,1115.0,1117.0,1116.0,1127.0,1129.0,1128.0,3514.0,6170.0,2434.0,3188.0,544.0,3374.0,1115.0,1117.0,1116.0
0.0,9634.0,3387.0,3350.0,2973.0,7530.0,3371.0,1672.0,2487.0,1115.0,1118.0,1117.0,1130.0,1123.0,1134.0,2387.0,5041.0,2206.0,3371.0,1672.0,2487.0,1115.0,1118.0,1117.0
0.0,9220.0,3405.0,3352.0,5197.0,5748.0,2453.0,2811.0,484.0,1116.0,1118.0,1118.0,1133.0,1139.0,1133.0,2204.0,3918.0,3098.0,2453.0,2811.0,484.0,1116.0,1118.0,1118.0
0.0,11012.0,3421.0,3354.0,7106.0,3822.0,402.0,3420.0,0.0,1117.0,1119.0,1118.0,1132.0,1148.0,1141.0,3127.0,2779.0,5106.0,402.0,3420.0,0.0,1117.0,1119.0,1118.0
0.0,14697.0,3378.0,3356.0,7530.0,2881.0,0.0,2881.0,0.0,1117.0,1120.0,1119.0,1123.0,1128.0,1127.0,5183.0,2175.0,7339.0,0.0,2881.0,0.0,1117.0,1120.0,1119.0
0.0,18849.0,3358.0,3355.0,5748.0,1180.0,0.0,1180.0,0.0,1117.0,1120.0,1118.0,1130.0,1110.0,1118.0,7431.0,2719.0,8699.0,0.0,1180.0,0.0,1117.0,1120.0,1118.0
0.0,21239.0,3373.0,3357.0,3822.0,0.0,0.0,0.0,0.0,1118.0,1120.0,1119.0,1128.0,1120.0,1125.0,8754.0,4420.0,8065.0,0.0,0.0,0.0,1118.0,1120.0,1119.0
0.0,21688.0,3395.0,3357.0,2881.0,0.0,0.0,0.0,0.0,1118.0,1120.0,1119.0,1131.0,1129.0,1135.0,8028.0,6720.0,6940.0,0.0,0.0,0.0,1118.0,1120.0,1119.0
0.0,21174.0,3423.0,3360.0,1180.0,931.0,0.0,0.0,931.0,1119.0,1121.0,1120.0,1145.0,1142.0,1136.0,6897.0,8472.0,5805.0,0.0,0.0,931.0,1119.0,1121.0,1120.0
0.0,18931.0,3418.0,3363.0,0.0,3063.0,985.0,0.0,2078.0,1120.0,1122.0,1121.0,1137.0,1139.0,1142.0,5752.0,8510.0,4669.0,985.0,0.0,2078.0,1120.0,1122.0,1121.0
0.0,15513.0,3408.0,3364.0,0.0,5337.0,2119.0,0.0,3218.0,1120.0,1122.0,1122.0,1134.0,1139.0,1135.0,4615.0,7371.0,3527.0,2119.0,0.0,3218.0,1120.0,1122.0,1122.0
0.0,12105.0,3378.0,3365.0,931.0,7167.0,3265.0,493.0,3409.0,1121.0,1122.0,1122.0,1141.0,1115.0,1122.0,3481.0,6232.0,2392.0,3265.0,493.0,3409.0,1121.0,1122.0,1122.0
0.0,9658.0,3375.0,3365.0,3063.0,7479.0,3406.0,1617.0,2456.0,1121.0,1122.0,1122.0,1126.0,1124.0,1125.0,2340.0,5117.0,2201.0,3406.0,1617.0,2456.0,1121.0,1122.0,1122.0
0.0,9346.0,3389.0,3365.0,5337.0,5531.0,2420.0,2748.0,363.0,1121.0,1122.0,1122.0,1133.0,1131.0,1125.0,2199.0,3993.0,3154.0,2420.0,2748.0,363.0,1121.0,1122.0,1122.0
0.0,11294.0,3388.0,3367.0,7024.0,3827.0,435.0,3392.0,0.0,1122.0,1123.0,1122.0,1132.0,1132.0,1124.0,3185.0,2862.0,5247.0,435.0,3392.0,0.0,1122.0,1123.0,1122.0
0.0,14930.0,3432.0,3370.0,6850.0,2917.0,0.0,2917.0,0.0,1123.0,1124.0,1123.0,1146.0,1137.0,1149.0,5175.0,2223.0,7532.0,0.0,2917.0,0.0,1123.0,1124.0,1123.0
0.0,18348.0,3435.0,3372.0,6303.0,1311.0,0.0,1311.0,0.0,1124.0,1124.0,1124.0,1151.0,1142.0,1142.0,6806.0,2703.0,8839.0,0.0,1311.0,0.0,1124.0,1124.0,1124.0
0.0,21216.0,3435.0,3373.0,3827.0,0.0,0.0,0.0,0.0,1124.0,1125.0,1124.0,1138.0,1151.0,1146.0,8847.0,4309.0,8060.0,0.0,0.0,0.0,1124.0,1125.0,1124.0
0.0,21608.0,3390.0,3375.0,2266.0,0.0,0.0,0.0,0.0,1125.0,1125.0,1125.0,1127.0,1138.0,1125.0,8144.0,6550.0,6914.0,0.0,0.0,0.0,1125.0,1125.0,1125.0
0.0,20484.0,3374.0,3375.0,1962.0,961.0,0.0,0.0,961.0,1125.0,1125.0,1125.0,1130.0,1119.0,1125.0,7017.0,7678.0,5789.0,0.0,0.0,961.0,1125.0,1125.0,1125.0
0.0,19072.0,3374.0,3375.0,0.0,2947.0,858.0,0.0,2089.0,1125.0,1125.0,1125.0,1120.0,1126.0,1128.0,5887.0,8521.0,4664.0,858.0,0.0,2089.0,1125.0,1125.0,1125.0
0.0,15698.0,3402.0,3377.0,0.0,5220.0,1989.0,0.0,3231.0,1125.0,1126.0,1126.0,1131.0,1134.0,1137.0,4767.0,7395.0,3536.0,1989.0,0.0,3231.0,1125.0,1126.0,1126.0
0.0,12296.0,3446.0,3379.0,961.0,7084.0,3139.0,526.0,3419.0,1126.0,1127.0,1126.0,1145.0,1152.0,1149.0,3636.0,6261.0,2399.0,3139.0,526.0,3419.0,1126.0,1127.0,1126.0
0.0,9811.0,3450.0,3382.0,2947.0,7602.0,3433.0,1682.0,2487.0,1127.0,1128.0,1127.0,1147.0,1151.0,1152.0,2491.0,5109.0,2211.0,3433.0,1682.0,2487.0,1127.0,1128.0,1127.0
0.0,9308.0,3422.0,3382.0,5220.0,5804.0,2578.0,2831.0,395.0,1127.0,1128.0,1127.0,1134.0,1149.0,1139.0,2202.0,3958.0,3148.0,2578.0,2831.0,395.0,1127.0,1128.0,1127.0
0.0,11106.0,3391.0,3384.0,7084.0,4011.0,574.0,3437.0,0.0,1127.0,1129.0,1128.0,1135.0,1127.0,1129.0,3057.0,2809.0,5240.0,574.0,3437.0,0.0,1127.0,1129.0,1128.0
0.0,14799.0,3388.0,3384.0,7602.0,2871.0,0.0,2871.0,0.0,1128.0,1128.0,1128.0,1134.0,1121.0,1133.0,5061.0,2208.0,7530.0,0.0,2871.0,0.0,1128.0,1128.0,1128.0
0.0,19013.0,3420.0,3385.0,5804.0,1189.0,0.0,1189.0,0.0,1128.0,1129.0,1128.0,1136.0,1144.0,1140.0,7360.0,2769.0,8884.0,0.0,1189.0,0.0,1128.0,1129.0,1128.0
0.0,21397.0,3432.0,3388.0,4011.0,0.0,0.0,0.0,0.0,1129.0,1130.0,1129.0,1138.0,1151.0,1143.0,8802.0,4456.0,8139.0,0.0,0.0,0.0,1129.0,1130.0,1129.0
0.0,21976.0,3449.0,3389.0,2871.0,0.0,0.0,0.0,0.0,1129.0,1130.0,1130.0,1148.0,1146.0,1155.0,8238.0,6742.0,6996.0,0.0,0.0,0.0,1129.0,1130.0,1130.0
0.0,21398.0,3430.0,3392.0,1189.0,960.0,0.0,0.0,960.0,1130.0,1131.0,1131.0,1137.0,1147.0,1146.0,7090.0,8467.0,5841.0,0.0,0.0,960.0,1130.0,1131.0,1131.0
0.0,19157.0,3421.0,3392.0,0.0,2935.0,836.0,0.0,2099.0,1130.0,1131.0,1131.0,1139.0,1143.0,1139.0,5953.0,8509.0,4695.0,836.0,0.0,2099.0,1130.0,1131.0,1131.0
0.0,15736.0,3435.0,3394.0,0.0,5224.0,1987.0,0.0,3237.0,1131.0,1132.0,1131.0,1146.0,1151.0,1138.0,4814.0,7366.0,3556.0,1987.0,0.0,3237.0,1131.0,1132.0,1131.0
0.0,12301.0,3424.0,3394.0,960.0,7133.0,3128.0,588.0,3417.0,1131.0,1132.0,1131.0,1141.0,1143.0,1140.0,3668.0,6215.0,2418.0,3128.0,588.0,3417.0,1131.0,1132.0,1131.0
0.0,9837.0,3411.0,3395.0,2935.0,7614.0,3425.0,1722.0,2467.0,1131.0,1132.0,1132.0,1133.0,1134.0,1144.0,2527.0,5072.0,2238.0,3425.0,1722.0,2467.0,1131.0,1132.0,1132.0
0.0,9361.0,3439.0,3397.0,5224.0,5839.0,2588.0,2869.0,382.0,1132.0,1133.0,1132.0,1145.0,1142.0,1152.0,2230.0,3938.0,3193.0,2588.0,2869.0,382.0,1132.0,1133.0,1132.0
0.0,11146.0,3469.0,3399.0,7133.0,4063.0,618.0,3445.0,0.0,1132.0,1134.0,1133.0,1158.0,1159.0,1152.0,3072.0,2796.0,5278.0,618.0,3445.0,0.0,1132.0,1134.0,1133.0
0.0,14810.0,3475.0,3401.0,6445.0,2884.0,0.0,2884.0,0.0,1133.0,1134.0,1134.0,1161.0,1161.0,1153.0,5042.0,2225.0,7543.0,0.0,2884.0,0.0,1133.0,1134.0,1134.0
0.0,17780.0,3449.0,3403.0,6354.0,1176.0,0.0,1176.0,0.0,1134.0,1135.0,1134.0,1143.0,1156.0,1150.0,6137.0,2786.0,8857.0,0.0,1176.0,0.0,1134.0,1135.0,1134.0
0.0,20685.0,3434.0,3404.0,4717.0,0.0,0.0,0.0,0.0,1134.0,1135.0,1135.0,1150.0,1144.0,1140.0,8097.0,4499.0,8089.0,0.0,0.0,0.0,1134.0,1135.0,1135.0
0.0,21968.0,3417.0,3404.0,2130.0,0.0,0.0,0.0,0.0,1134.0,1135.0,1135.0,1133.0,1137.0,1147.0,8219.0,6800.0,6949.0,0.0,0.0,0.0,1134.0,1135.0,1135.0
0.0,20681.0,3432.0,3405.0,1930.0,1017.0,0.0,0.0,1017.0,1134.0,1136.0,1135.0,1138.0,1150.0,1144.0,7086.0,7793.0,5802.0,0.0,0.0,1017.0,1134.0,1136.0,1135.0
0.0,19179.0,3451.0,3407.0,0.0,3049.0,873.0,0.0,2176.0,1135.0,1136.0,1136.0,1146.0,1151.0,1154.0,5948.0,8573.0,4658.0,873.0,0.0,2176.0,1135.0,1136.0,1136.0
0.0,15728.0,3466.0,3409.0,0.0,5360.0,2030.0,0.0,3330.0,1136.0,1137.0,1136.0,1152.0,1160.0,1154.0,4802.0,7422.0,3504.0,2030.0,0.0,3330.0,1136.0,1137.0,1136.0
0.0,12262.0,3460.0,3411.0,1017.0,7236.0,3188.0,578.0,3470.0,1136.0,1138.0,1137.0,1158.0,1150.0,1152.0,3650.0,6262.0,2350.0,3188.0,578.0,3470.0,1136.0,1138.0,1137.0
0.0,9819.0,3443.0,3413.0,3049.0,7640.0,3462.0,1726.0,2452.0,1137.0,1138.0,1138.0,1142.0,1148.0,1153.0,2492.0,5112.0,2215.0,3462.0,1726.0,2452.0,1137.0,1138.0,1138.0
0.0,9425.0,3433.0,3413.0,5360.0,5713.0,2578.0,2864.0,271.0,1137.0,1138.0,1138.0,1146.0,1138.0,1149.0,2223.0,3964.0,3238.0,2578.0,2864.0,271.0,1137.0,1138.0,1138.0
0.0,11352.0,3456.0,3416.0,7236.0,3995.0,548.0,3447.0,0.0,1138.0,1139.0,1139.0,1153.0,1156.0,1147.0,3107.0,2826.0,5419.0,548.0,3447.0,0.0,1138.0,1139.0,1139.0
0.0,15132.0,3433.0,3416.0,7640.0,2869.0,0.0,2869.0,0.0,1138.0,1139.0,1139.0,1132.0,1148.0,1153.0,5142.0,2248.0,7742.0,0.0,2869.0,0.0,1138.0,1139.0,1139.0
0.0,19339.0,3457.0,3416.0,5713.0,1154.0,0.0,1154.0,0.0,1138.0,1139.0,1139.0,1149.0,1149.0,1159.0,7472.0,2826.0,9041.0,0.0,1154.0,0.0,1138.0,1139.0,1139.0
0.0,21595.0,3460.0,3419.0,3995.0,0.0,0.0,0.0,0.0,1139.0,1140.0,1140.0,1160.0,1149.0,1151.0,8901.0,4541.0,8153.0,0.0,0.0,0.0,1139.0,1140.0,1140.0
0.0,22130.0,3489.0,3422.0,2869.0,0.0,0.0,0.0,0.0,1140.0,1141.0,1141.0,1162.0,1170.0,1157.0,8289.0,6839.0,7002.0,0.0,0.0,0.0,1140.0,1141.0,1141.0
0.0,21510.0,3475.0,3423.0,1154.0,1024.0,0.0,0.0,1024.0,1140.0,1142.0,1141.0,1143.0,1168.0,1164.0,7127.0,8538.0,5845.0,0.0,0.0,1024.0,1140.0,1142.0,1141.0
0.0,19189.0,3453.0,3425.0,0.0,3059.0,877.0,0.0,2182.0,1141.0,1142.0,1142.0,1156.0,1144.0,1153.0,5984.0,8524.0,4681.0,877.0,0.0,2182.0,1141.0,1142.0,1142.0
0.0,15736.0,3430.0,3425.0,0.0,5351.0,2022.0,0.0,3329.0,1141.0,1142.0,1142.0,1145.0,1138.0,1147.0,4828.0,7380.0,3528.0,2022.0,0.0,3329.0,1141.0,1142.0,1142.0
0.0,12306.0,3421.0,3425.0,1024.0,7216.0,3162.0,607.0,3447.0,1141.0,1142.0,1142.0,1140.0,1139.0,1142.0,3683.0,6242.0,2381.0,3162.0,607.0,3447.0,1141.0,1142.0,1142.0
0.0,9909.0,3448.0,3425.0,3059.0,7605.0,3433.0,1757.0,2415.0,1141.0,1142.0,1142.0,1148.0,1150.0,1150.0,2543.0,5103.0,2263.0,3433.0,1757.0,2415.0,1141.0,1142.0,1142.0
0.0,9520.0,3492.0,3428.0,5351.0,5761.0,2582.0,2927.0,252.0,1142.0,1143.0,1143.0,1166.0,1165.0,1161.0,2272.0,3953.0,3295.0,2582.0,2927.0,252.0,1142.0,1143.0,1143.0
0.0,11379.0,3514.0,3431.0,7216.0,4094.0,598.0,3496.0,0.0,1143.0,1144.0,1144.0,1173.0,1171.0,1170.0,3128.0,2788.0,5463.0,598.0,3496.0,0.0,1143.0,1144.0,1144.0
0.0,15081.0,3472.0,3433.0,7297.0,2895.0,0.0,2895.0,0.0,1143.0,1145.0,1145.0,1158.0,1151.0,1163.0,5117.0,2224.0,7740.0,0.0,2895.0,0.0,1143.0,1145.0,1145.0
0.0,18906.0,3465.0,3434.0,6069.0,1122.0,0.0,1122.0,0.0,1144.0,1145.0,1145.0,1152.0,1154.0,1159.0,7084.0,2830.0,8992.0,0.0,1122.0,0.0,1144.0,1145.0,1145.0
0.0,21510.0,3444.0,3434.0,4094.0,0.0,0.0,0.0,0.0,1144.0,1145.0,1145.0,1148.0,1148.0,1148.0,8822.0,4603.0,8085.0,0.0,0.0,0.0,1144.0,1145.0,1145.0
0.0,22160.0,3440.0,3434.0,1872.0,0.0,0.0,0.0,0.0,1144.0,1145.0,1145.0,1146.0,1152.0,1142.0,8272.0,6951.0,6937.0,0.0,0.0,0.0,1144.0,1145.0,1145.0
0.0,20592.0,3474.0,3436.0,2145.0,1087.0,0.0,0.0,1087.0,1144.0,1146.0,1146.0,1157.0,1165.0,1152.0,7126.0,7671.0,5795.0,0.0,0.0,1087.0,1144.0,1146.0,1146.0
0.0,19263.0,3497.0,3439.0,0.0,3179.0,924.0,0.0,2255.0,1145.0,1147.0,1147.0,1168.0,1166.0,1163.0,5969.0,8651.0,4643.0,924.0,0.0,2255.0,1145.0,1147.0,1147.0
0.0,15766.0,3507.0,3442.0,0.0,5531.0,2098.0,0.0,3433.0,1146.0,1148.0,1148.0,1169.0,1165.0,1173.0,4801.0,7485.0,3480.0,2098.0,0.0,3433.0,1146.0,1148.0,1148.0
0.0,12259.0,3477.0,3442.0,1087.0,7341.0,3256.0,580.0,3505.0,1146.0,1148.0,1148.0,1158.0,1160.0,1159.0,3632.0,6320.0,2307.0,3256.0,580.0,3505.0,1146.0,1148.0,1148.0
0.0,9869.0,3464.0,3443.0,3179.0,7631.0,3485.0,1746.0,2400.0,1146.0,1149.0,1148.0,1153.0,1161.0,1150.0,2474.0,5160.0,2235.0,3485.0,1746.0,2400.0,1146.0,1149.0,1148.0
0.0,9584.0,3445.0,3443.0,5531.0,5545.0,2532.0,2897.0,116.0,1146.0,1149.0,1148.0,1145.0,1151.0,1149.0,2245.0,3999.0,3340.0,2532.0,2897.0,116.0,1146.0,1149.0,1148.0
0.0,11670.0,3450.0,3444.0,7341.0,3901.0,431.0,3470.0,0.0,1147.0,1149.0,1148.0,1150.0,1153.0,1147.0,3198.0,2848.0,5624.0,431.0,3470.0,0.0,1147.0,1149.0,1148.0
0.0,15561.0,3480.0,3445.0,7631.0,2876.0,0.0,2876.0,0.0,1147.0,1149.0,1149.0,1170.0,1152.0,1158.0,5304.0,2275.0,7982.0,0.0,2876.0,0.0,1147.0,1149.0,1149.0
0.0,19712.0,3516.0,3448.0,5545.0,1152.0,0.0,1152.0,0.0,1148.0,1150.0,1150.0,1169.0,1168.0,1179.0,7619.0,2869.0,9224.0,0.0,1152.0,0.0,1148.0,1150.0,1150.0
0.0,21741.0,3522.0,3451.0,3901.0,0.0,0.0,0.0,0.0,1149.0,1151.0,1151.0,1168.0,1173.0,1181.0,8982.0,4598.0,8161.0,0.0,0.0,0.0,1149.0,1151.0,1151.0
0.0,22120.0,3496.0,3454.0,2876.0,0.0,0.0,0.0,0.0,1150.0,1152.0,1152.0,1167.0,1164.0,1165.0,8245.0,6895.0,6980.0,0.0,0.0,0.0,1150.0,1152.0,1152.0
0.0,21500.0,3481.0,3454.0,1152.0,1102.0,0.0,0.0,1102.0,1150.0,1152.0,1152.0,1170.0,1154.0,1157.0,7078.0,8607.0,5815.0,0.0,0.0,1102.0,1150.0,1152.0,1152.0
0.0,19171.0,3455.0,3454.0,0.0,3249.0,999.0,0.0,2250.0,1150.0,1152.0,1152.0,1157.0,1150.0,1148.0,5908.0,8605.0,4658.0,999.0,0.0,2250.0,1150.0,1152.0,1152.0
0.0,15716.0,3467.0,3455.0,0.0,5570.0,2159.0,0.0,3411.0,1151.0,1152.0,1152.0,1155.0,1151.0,1161.0,4751.0,7455.0,3510.0,2159.0,0.0,3411.0,1151.0,1152.0,1152.0
0.0,12249.0,3502.0,3458.0,1102.0,7441.0,3333.0,631.0,3477.0,1152.0,1153.0,1153.0,1169.0,1170.0,1163.0,3596.0,6304.0,2349.0,3333.0,631.0,3477.0,1152.0,1153.0,1153.0
0.0,9849.0,3526.0,3460.0,3249.0,7728.0,3507.0,1811.0,2410.0,1152.0,1154.0,1154.0,1173.0,1175.0,1178.0,2427.0,5134.0,2288.0,3507.0,1811.0,2410.0,1152.0,1154.0,1154.0
0.0,9572.0,3499.0,3461.0,5570.0,5662.0,2515.0,2970.0,177.0,1153.0,1154.0,1154.0,1162.0,1159.0,1178.0,2253.0,3959.0,3360.0,2515.0,2970.0,177.0,1153.0,1154.0,1154.0
0.0,11643.0,3494.0,3462.0,7441.0,3850.0,343.0,3507.0,0.0,1153.0,1154.0,1155.0,1161.0,1168.0,1165.0,3250.0,2800.0,5593.0,343.0,3507.0,0.0,1153.0,1154.0,1155.0
0.0,15590.0,3501.0,3464.0,6498.0,2869.0,0.0,2869.0,0.0,1154.0,1155.0,1155.0,1169.0,1168.0,1164.0,5422.0,2263.0,7905.0,0.0,2869.0,0.0,1154.0,1155.0,1155.0
0.0,18587.0,3493.0,3464.0,5387.0,1068.0,0.0,1068.0,0.0,1154.0,1155.0,1155.0,1165.0,1169.0,1159.0,6530.0,2906.0,9151.0,0.0,1068.0,0.0,1154.0,1155.0,1155.0
0.0,20481.0,3468.0,3465.0,5355.0,0.0,0.0,0.0,0.0,1154.0,1155.0,1156.0,1152.0,1156.0,1160.0,7605.0,4707.0,8169.0,0.0,0.0,0.0,1154.0,1155.0,1156.0
0.0,22368.0,3494.0,3466.0,1760.0,0.0,0.0,0.0,0.0,1155.0,1155.0,1156.0,1162.0,1161.0,1171.0,8301.0,7058.0,7009.0,0.0,0.0,0.0,1155.0,1155.0,1156.0
0.0,20634.0,3531.0,3468.0,2177.0,1122.0,0.0,0.0,1122.0,1155.0,1156.0,1157.0,1176.0,1180.0,1175.0,7139.0,7657.0,5838.0,0.0,0.0,1122.0,1155.0,1156.0,1157.0
0.0,19280.0,3521.0,3471.0,0.0,3289.0,981.0,0.0,2308.0,1156.0,1157.0,1158.0,1164.0,1176.0,1181.0,5963.0,8654.0,4663.0,981.0,0.0,2308.0,1156.0,1157.0,1158.0
0.0,15759.0,3508.0,3472.0,0.0,5623.0,2149.0,0.0,3474.0,1156.0,1158.0,1158.0,1168.0,1174.0,1166.0,4799.0,7478.0,3482.0,2149.0,0.0,3474.0,1156.0,1158.0,1158.0
0.0,12251.0,3498.0,3473.0,1122.0,7490.0,3317.0,650.0,3523.0,1157.0,1158.0,1158.0,1163.0,1164.0,1171.0,3631.0,6304.0,2316.0,3317.0,650.0,3523.0,1157.0,1158.0,1158.0
0.0,9875.0,3478.0,3473.0,3289.0,7679.0,3502.0,1803.0,2374.0,1157.0,1158.0,1158.0,1166.0,1153.0,1159.0,2468.0,5140.0,2267.0,3502.0,1803.0,2374.0,1157.0,1158.0,1158.0
0.0,9686.0,3481.0,3474.0,5623.0,5542.0,2507.0,2967.0,68.0,1157.0,1158.0,1159.0,1154.0,1164.0,1163.0,2283.0,3987.0,3416.0,2507.0,2967.0,68.0,1157.0,1158.0,1159.0
0.0,11828.0,3518.0,3474.0,7490.0,3851.0,358.0,3493.0,0.0,1157.0,1158.0,1159.0,1168.0,1176.0,1174.0,3278.0,2823.0,5727.0,358.0,3493.0,0.0,1157.0,1158.0,1159.0
0.0,15800.0,3563.0,3477.0,7679.0,2880.0,0.0,2880.0,0.0,1158.0,1159.0,1160.0,1196.0,1185.0,1182.0,5427.0,2297.0,8076.0,0.0,2880.0,0.0,1158.0,1159.0,1160.0
0.0,19916.0,3526.0,3480.0,5542.0,1092.0,0.0,1092.0,0.0,1159.0,1160.0,1161.0,1178.0,1174.0,1174.0,7733.0,2915.0,9268.0,0.0,1092.0,0.0,1159.0,1160.0,1161.0
0.0,21932.0,3519.0,3481.0,3851.0,0.0,0.0,0.0,0.0,1160.0,1160.0,1161.0,1171.0,1174.0,1174.0,9062.0,4708.0,8162.0,0.0,0.0,0.0,1160.0,1160.0,1161.0
0.0,22264.0,3515.0,3481.0,2880.0,0.0,0.0,0.0,0.0,1160.0,1160.0,1161.0,1176.0,1174.0,1165.0,8249.0,7027.0,6988.0,0.0,0.0,0.0,1160.0,1160.0,1161.0
0.0,21629.0,3497.0,3483.0,1092.0,1157.0,0.0,0.0,1157.0,1160.0,1161.0,1162.0,1160.0,1167.0,1170.0,7073.0,8733.0,5823.0,0.0,0.0,1157.0,1160.0,1161.0,1162.0
0.0,19224.0,3490.0,3484.0,0.0,3379.0,1058.0,0.0,2321.0,1161.0,1161.0,1162.0,1166.0,1160.0,1164.0,5913.0,8658.0,4653.0,1058.0,0.0,2321.0,1161.0,1161.0,1162.0
0.0,15734.0,3537.0,3485.0,0.0,5741.0,2237.0,0.0,3504.0,1161.0,1162.0,1162.0,1179.0,1175.0,1183.0,4747.0,7498.0,3489.0,2237.0,0.0,3504.0,1161.0,1162.0,1162.0
0.0,12197.0,3551.0,3487.0,1157.0,7632.0,3428.0,667.0,3537.0,1162.0,1162.0,1163.0,1186.0,1180.0,1185.0,3568.0,6323.0,2306.0,3428.0,667.0,3537.0,1162.0,1162.0,1163.0
0.0,9803.0,3557.0,3490.0,3379.0,7825.0,3558.0,1859.0,2408.0,1163.0,1163.0,1164.0,1183.0,1187.0,1187.0,2382.0,5143.0,2278.0,3558.0,1859.0,2408.0,1163.0,1163.0,1164.0
0.0,9625.0,3537.0,3490.0,5741.0,5621.0,2495.0,3039.0,87.0,1163.0,1163.0,1164.0,1174.0,1180.0,1183.0,2257.0,3956.0,3412.0,2495.0,3039.0,87.0,1163.0,1163.0,1164.0
0.0,11829.0,3516.0,3493.0,7527.0,3893.0,354.0,3539.0,0.0,1164.0,1164.0,1165.0,1177.0,1162.0,1177.0,3320.0,2776.0,5733.0,354.0,3539.0,0.0,1164.0,1164.0,1165.0
0.0,15840.0,3501.0,3493.0,7339.0,2848.0,0.0,2848.0,0.0,1164.0,1164.0,1165.0,1166.0,1168.0,1167.0,5466.0,2281.0,8093.0,0.0,2848.0,0.0,1164.0,1164.0,1165.0
0.0,19678.0,3502.0,3493.0,6212.0,971.0,0.0,971.0,0.0,1164.0,1164.0,1165.0,1164.0,1162.0,1176.0,7372.0,2972.0,9334.0,0.0,971.0,0.0,1164.0,1164.0,1165.0
0.0,22388.0,3534.0,3495.0,3893.0,0.0,0.0,0.0,0.0,1165.0,1164.0,1166.0,1183.0,1171.0,1180.0,9294.0,4849.0,8245.0,0.0,0.0,0.0,1165.0,1164.0,1166.0
0.0,22747.0,3565.0,3498.0,1347.0,0.0,0.0,0.0,0.0,1166.0,1165.0,1167.0,1190.0,1185.0,1190.0,8465.0,7217.0,7065.0,0.0,0.0,0.0,1166.0,1165.0,1167.0
0.0,20529.0,3557.0,3499.0,2472.0,1144.0,0.0,0.0,1144.0,1166.0,1166.0,1167.0,1184.0,1189.0,1184.0,7275.0,7379.0,5875.0,0.0,0.0,1144.0,1166.0,1166.0,1167.0
0.0,19444.0,3540.0,3501.0,0.0,3259.0,927.0,0.0,2332.0,1167.0,1166.0,1168.0,1183.0,1174.0,1183.0,6091.0,8662.0,4691.0,927.0,0.0,2332.0,1167.0,1166.0,1168.0
0.0,15904.0,3534.0,3502.0,0.0,5620.0,2113.0,0.0,3507.0,1167.0,1167.0,1168.0,1186.0,1173.0,1175.0,4908.0,7488.0,3508.0,2113.0,0.0,3507.0,1167.0,1167.0,1168.0
0.0,12370.0,3511.0,3501.0,1144.0,7502.0,3288.0,677.0,3537.0,1167.0,1166.0,1168.0,1175.0,1162.0,1174.0,3722.0,6315.0,2333.0,3288.0,677.0,3537.0,1167.0,1166.0,1168.0
0.0,10003.0,3508.0,3504.0,3259.0,7766.0,3533.0,1848.0,2385.0,1168.0,1167.0,1169.0,1167.0,1166.0,1175.0,2547.0,5153.0,2303.0,3533.0,1848.0,2385.0,1168.0,1167.0,1169.0
0.0,9754.0,3529.0,3504.0,5620.0,5675.0,2596.0,3019.0,60.0,1168.0,1167.0,1169.0,1176.0,1171.0,1182.0,2307.0,3987.0,3460.0,2596.0,3019.0,60.0,1168.0,1167.0,1169.0
0.0,11845.0,3554.0,3507.0,7502.0,4037.0,506.0,3531.0,0.0,1169.0,1168.0,1170.0,1193.0,1184.0,1177.0,3244.0,2816.0,5785.0,506.0,3531.0,0.0,1169.0,1168.0,1170.0
0.0,15793.0,3561.0,3509.0,7766.0,2855.0,0.0,2855.0,0.0,1170.0,1168.0,1171.0,1197.0,1172.0,1192.0,5339.0,2309.0,8145.0,0.0,2855.0,0.0,1170.0,1168.0,1171.0
0.0,19998.0,3550.0,3510.0,5675.0,1032.0,0.0,1032.0,0.0,1170.0,1169.0,1171.0,1176.0,1191.0,1183.0,7675.0,2985.0,9338.0,0.0,1032.0,0.0,1170.0,1169.0,1171.0
0.0,22123.0,3555.0,3512.0,4037.0,0.0,0.0,0.0,0.0,1171.0,1169.0,1172.0,1185.0,1183.0,1187.0,9095.0,4813.0,8215.0,0.0,0.0,0.0,1171.0,1169.0,1172.0
0.0,22605.0,3526.0,3512.0,2855.0,10.0,0.0,0.0,10.0,1171.0,1169.0,1172.0,1175.0,1173.0,1178.0,8416.0,7161.0,7028.0,0.0,0.0,10.0,1171.0,1169.0,1172.0
0.0,21934.0,3535.0,3512.0,1032.0,1193.0,0.0,0.0,1193.0,1171.0,1169.0,1172.0,1179.0,1173.0,1183.0,7241.0,8843.0,5850.0,0.0,0.0,1193.0,1171.0,1169.0,1172.0
0.0,19431.0,3528.0,3514.0,0.0,3337.0,979.0,0.0,2358.0,1172.0,1170.0,1172.0,1181.0,1182.0,1165.0,6062.0,8702.0,4667.0,979.0,0.0,2358.0,1172.0,1170.0,1172.0
0.0,15903.0,3566.0,3515.0,10.0,5709.0,2163.0,0.0,3546.0,1172.0,1170.0,1173.0,1184.0,1189.0,1193.0,4881.0,7520.0,3502.0,2163.0,0.0,3546.0,1172.0,1170.0,1173.0
0.0,12347.0,3600.0,3518.0,1193.0,7650.0,3371.0,725.0,3554.0,1173.0,1171.0,1174.0,1203.0,1201.0,1196.0,3697.0,6331.0,2319.0,3371.0,725.0,3554.0,1173.0,1171.0,1174.0
0.0,9940.0,3579.0,3521.0,3337.0,7907.0,3579.0,1930.0,2398.0,1174.0,1172.0,1175.0,1182.0,1200.0,1197.0,2494.0,5130.0,2316.0,3579.0,1930.0,2398.0,1174.0,1172.0,1175.0
0.0,9698.0,3551.0,3521.0,5709.0,5749.0,2605.0,3106.0,38.0,1174.0,1172.0,1175.0,1189.0,1176.0,1186.0,2291.0,3930.0,3477.0,2605.0,3106.0,38.0,1174.0,1172.0,1175.0
0.0,11856.0,3532.0,3521.0,7650.0,3966.0,412.0,3554.0,0.0,1174.0,1172.0,1175.0,1178.0,1173.0,1181.0,3265.0,2754.0,5837.0,412.0,3554.0,0.0,1174.0,1172.0,1175.0
0.0,15974.0,3536.0,3522.0,6457.0,2815.0,0.0,2815.0,0.0,1174.0,1173.0,1175.0,1175.0,1186.0,1175.0,5458.0,2306.0,8210.0,0.0,2815.0,0.0,1174.0,1173.0,1175.0
0.0,18895.0,3554.0,3525.0,6739.0,905.0,0.0,905.0,0.0,1175.0,1174.0,1176.0,1186.0,1191.0,1177.0,6412.0,3050.0,9433.0,0.0,905.0,0.0,1175.0,1174.0,1176.0
0.0,22080.0,3582.0,3526.0,4426.0,0.0,0.0,0.0,0.0,1175.0,1174.0,1177.0,1195.0,1193.0,1194.0,8821.0,4965.0,8294.0,0.0,0.0,0.0,1175.0,1174.0,1177.0
0.0,22924.0,3585.0,3528.0,1340.0,0.0,0.0,0.0,0.0,1176.0,1175.0,1177.0,1196.0,1193.0,1196.0,8498.0,7326.0,7100.0,0.0,0.0,0.0,1176.0,1175.0,1177.0
0.0,20679.0,3567.0,3531.0,2380.0,1178.0,0.0,0.0,1178.0,1177.0,1176.0,1178.0,1189.0,1186.0,1192.0,7302.0,7473.0,5904.0,0.0,0.0,1178.0,1177.0,1176.0,1178.0
0.0,19492.0,3569.0,3531.0,0.0,3329.0,966.0,0.0,2363.0,1177.0,1176.0,1178.0,1194.0,1190.0,1185.0,6113.0,8667.0,4712.0,966.0,0.0,2363.0,1177.0,1176.0,1178.0
0.0,15923.0,3560.0,3531.0,0.0,5699.0,2150.0,0.0,3549.0,1177.0,1176.0,1178.0,1184.0,1190.0,1186.0,4919.0,7477.0,3527.0,2150.0,0.0,3549.0,1177.0,1176.0,1178.0
0.0,12363.0,3539.0,3533.0,1178.0,7663.0,3335.0,781.0,3547.0,1178.0,1177.0,1178.0,1180.0,1183.0,1176.0,3735.0,6287.0,2341.0,3335.0,781.0,3547.0,1178.0,1177.0,1178.0
0.0,10002.0,3568.0,3534.0,3329.0,7907.0,3564.0,1960.0,2383.0,1178.0,1177.0,1179.0,1195.0,1179.0,1194.0,2555.0,5104.0,2343.0,3564.0,1960.0,2383.0,1178.0,1177.0,1179.0
0.0,9763.0,3585.0,3536.0,5699.0,5803.0,2616.0,3151.0,36.0,1179.0,1177.0,1180.0,1197.0,1191.0,1197.0,2326.0,3925.0,3512.0,2616.0,3151.0,36.0,1179.0,1177.0,1180.0
0.0,11877.0,3601.0,3538.0,7663.0,4059.0,486.0,3573.0,0.0,1180.0,1178.0,1180.0,1200.0,1198.0,1203.0,3279.0,2734.0,5864.0,486.0,3573.0,0.0,1180.0,1178.0,1180.0
0.0,15939.0,3597.0,3541.0,7907.0,2820.0,0.0,2820.0,0.0,1181.0,1179.0,1181.0,1196.0,1202.0,1199.0,5414.0,2317.0,8208.0,0.0,2820.0,0.0,1181.0,1179.0,1181.0
0.0,20249.0,3567.0,3541.0,5803.0,859.0,0.0,859.0,0.0,1181.0,1179.0,1181.0,1195.0,1190.0,1182.0,7782.0,3075.0,9392.0,0.0,859.0,0.0,1181.0,1179.0,1181.0
0.0,22485.0,3545.0,3541.0,4059.0,0.0,0.0,0.0,0.0,1181.0,1179.0,1181.0,1188.0,1179.0,1178.0,9203.0,5036.0,8246.0,0.0,0.0,0.0,1181.0,1179.0,1181.0
0.0,22999.0,3557.0,3543.0,2820.0,19.0,0.0,0.0,19.0,1182.0,1180.0,1181.0,1183.0,1192.0,1182.0,8501.0,7430.0,7068.0,0.0,0.0,19.0,1182.0,1180.0,1181.0
0.0,22262.0,3567.0,3544.0,859.0,1205.0,0.0,0.0,1205.0,1182.0,1180.0,1182.0,1191.0,1195.0,1181.0,7318.0,9058.0,5886.0,0.0,0.0,1205.0,1182.0,1180.0,1182.0
0.0,19554.0,3626.0,3547.0,0.0,3425.0,1001.0,0.0,2424.0,1183.0,1181.0,1183.0,1213.0,1199.0,1214.0,6127.0,8722.0,4705.0,1001.0,0.0,2424.0,1183.0,1181.0,1183.0
0.0,15928.0,3608.0,3549.0,19.0,5819.0,2207.0,0.0,3612.0,1184.0,1182.0,1183.0,1201.0,1200.0,1207.0,4914.0,7523.0,3491.0,2207.0,0.0,3612.0,1184.0,1182.0,1183.0
0.0,12339.0,3589.0,3551.0,1205.0,7800.0,3407.0,779.0,3614.0,1185.0,1182.0,1184.0,1195.0,1192.0,1202.0,3713.0,6323.0,2303.0,3407.0,779.0,3614.0,1185.0,1182.0,1184.0
0.0,9955.0,3576.0,3551.0,3425.0,7951.0,3604.0,1973.0,2374.0,1185.0,1182.0,1184.0,1198.0,1194.0,1184.0,2518.0,5131.0,2306.0,3604.0,1973.0,2374.0,1185.0,1182.0,1184.0
0.0,9804.0,3568.0,3552.0,5819.0,5760.0,2589.0,3171.0,0.0,1185.0,1183.0,1184.0,1192.0,1193.0,1183.0,2321.0,3937.0,3546.0,2589.0,3171.0,0.0,1185.0,1183.0,1184.0
0.0,12055.0,3554.0,3552.0,7800.0,3944.0,364.0,3580.0,0.0,1185.0,1183.0,1184.0,1182.0,1188.0,1184.0,3336.0,2744.0,5975.0,364.0,3580.0,0.0,1185.0,1183.0,1184.0
0.0,16301.0,3585.0,3553.0,7462.0,2800.0,0.0,2800.0,0.0,1185.0,1183.0,1185.0,1194.0,1193.0,1198.0,5561.0,2335.0,8405.0,0.0,2800.0,0.0,1185.0,1183.0,1185.0
0.0,20178.0,3615.0,3556.0,6249.0,831.0,0.0,831.0,0.0,1186.0,1184.0,1186.0,1209.0,1197.0,1209.0,7482.0,3115.0,9581.0,0.0,831.0,0.0,1186.0,1184.0,1186.0
0.0,22812.0,3609.0,3559.0,3944.0,0.0,0.0,0.0,0.0,1187.0,1185.0,1187.0,1196.0,1199.0,1214.0,9351.0,5089.0,8372.0,0.0,0.0,0.0,1187.0,1185.0,1187.0
0.0,23147.0,3602.0,3559.0,1380.0,0.0,0.0,0.0,0.0,1187.0,1185.0,1187.0,1194.0,1207.0,1201.0,8519.0,7470.0,7158.0,0.0,0.0,0.0,1187.0,1185.0,1187.0
0.0,20925.0,3588.0,3559.0,2251.0,1173.0,0.0,0.0,1173.0,1187.0,1185.0,1187.0,1196.0,1197.0,1195.0,7325.0,7643.0,5957.0,0.0,0.0,1173.0,1187.0,1185.0,1187.0
0.0,19588.0,3574.0,3560.0,0.0,3359.0,994.0,0.0,2365.0,1187.0,1186.0,1187.0,1188.0,1194.0,1192.0,6129.0,8697.0,4762.0,994.0,0.0,2365.0,1187.0,1186.0,1187.0
0.0,16014.0,3575.0,3562.0,0.0,5757.0,2182.0,0.0,3575.0,1188.0,1186.0,1188.0,1183.0,1187.0,1205.0,4941.0,7503.0,3570.0,2182.0,0.0,3575.0,1188.0,1186.0,1188.0
0.0,12439.0,3623.0,3563.0,1173.0,7826.0,3390.0,832.0,3604.0,1188.0,1187.0,1188.0,1208.0,1213.0,1202.0,3758.0,6316.0,2365.0,3390.0,832.0,3604.0,1188.0,1187.0,1188.0
0.0,9989.0,3642.0,3566.0,3359.0,8124.0,3608.0,2053.0,2463.0,1189.0,1188.0,1189.0,1207.0,1216.0,1219.0,2550.0,5103.0,2336.0,3608.0,2053.0,2463.0,1189.0,1188.0,1189.0
0.0,9706.0,3633.0,3569.0,5757.0,6015.0,2636.0,3275.0,104.0,1190.0,1189.0,1190.0,1205.0,1217.0,1211.0,2337.0,3887.0,3482.0,2636.0,3275.0,104.0,1190.0,1189.0,1190.0
0.0,11830.0,3592.0,3569.0,7826.0,4077.0,440.0,3637.0,0.0,1190.0,1189.0,1190.0,1194.0,1194.0,1204.0,3314.0,2670.0,5846.0,440.0,3637.0,0.0,1190.0,1189.0,1190.0
0.0,16064.0,3592.0,3570.0,8124.0,2770.0,0.0,2770.0,0.0,1190.0,1189.0,1191.0,1209.0,1186.0,1197.0,5510.0,2308.0,8246.0,0.0,2770.0,0.0,1190.0,1189.0,1191.0
0.0,20596.0,3593.0,3571.0,6015.0,689.0,0.0,689.0,0.0,1191.0,1189.0,1191.0,1199.0,1194.0,1200.0,7909.0,3175.0,9512.0,0.0,689.0,0.0,1191.0,1189.0,1191.0
0.0,23018.0,3597.0,3572.0,4077.0,0.0,0.0,0.0,0.0,1191.0,1190.0,1191.0,1193.0,1205.0,1199.0,9346.0,5256.0,8416.0,0.0,0.0,0.0,1191.0,1190.0,1191.0
0.0,23498.0,3624.0,3574.0,2770.0,0.0,0.0,0.0,0.0,1191.0,1191.0,1192.0,1204.0,1211.0,1209.0,8593.0,7688.0,7217.0,0.0,0.0,0.0,1191.0,1191.0,1192.0
0.0,22644.0,3641.0,3576.0,689.0,1179.0,0.0,0.0,1179.0,1192.0,1191.0,1193.0,1215.0,1204.0,1222.0,7389.0,9247.0,6008.0,0.0,0.0,1179.0,1192.0,1191.0,1193.0
0.0,19692.0,3635.0,3578.0,0.0,3389.0,999.0,0.0,2390.0,1193.0,1192.0,1193.0,1208.0,1216.0,1211.0,6174.0,8732.0,4786.0,999.0,0.0,2390.0,1193.0,1192.0,1193.0
0.0,16057.0,3611.0,3580.0,0.0,5801.0,2200.0,0.0,3601.0,1193.0,1193.0,1194.0,1201.0,1204.0,1206.0,4966.0,7516.0,3575.0,2200.0,0.0,3601.0,1193.0,1193.0,1194.0
0.0,12446.0,3603.0,3581.0,1179.0,7883.0,3410.0,853.0,3620.0,1194.0,1193.0,1194.0,1205.0,1200.0,1198.0,3765.0,6312.0,2369.0,3410.0,853.0,3620.0,1194.0,1193.0,1194.0
0.0,10022.0,3601.0,3582.0,3389.0,8100.0,3616.0,2055.0,2429.0,1194.0,1194.0,1194.0,1205.0,1197.0,1199.0,2560.0,5112.0,2350.0,3616.0,2055.0,2429.0,1194.0,1194.0,1194.0
0.0,9810.0,3602.0,3583.0,5801.0,5906.0,2614.0,3252.0,40.0,1194.0,1194.0,1195.0,1198.0,1197.0,1207.0,2354.0,3915.0,3541.0,2614.0,3252.0,40.0,1194.0,1194.0,1195.0
0.0,12009.0,3628.0,3584.0,7883.0,4024.0,424.0,3600.0,0.0,1195.0,1194.0,1195.0,1215.0,1201.0,1212.0,3356.0,2718.0,5935.0,424.0,3600.0,0.0,1195.0,1194.0,1195.0
0.0,16264.0,3669.0,3587.0,6790.0,2775.0,0.0,2775.0,0.0,1196.0,1195.0,1196.0,1225.0,1225.0,1219.0,5551.0,2370.0,8343.0,0.0,2775.0,0.0,1196.0,1195.0,1196.0
0.0,19385.0,3646.0,3589.0,6461.0,745.0,0.0,745.0,0.0,1196.0,1196.0,1197.0,1217.0,1217.0,1212.0,6632.0,3200.0,9553.0,0.0,745.0,0.0,1196.0,1196.0,1197.0
0.0,22200.0,3651.0,3592.0,4621.0,0.0,0.0,0.0,0.0,1197.0,1197.0,1198.0,1214.0,1221.0,1216.0,8584.0,5235.0,8381.0,0.0,0.0,0.0,1197.0,1197.0,1198.0
0.0,23170.0,3608.0,3592.0,1505.0,32.0,0.0,0.0,32.0,1197.0,1197.0,1198.0,1201.0,1200.0,1207.0,8549.0,7456.0,7165.0,0.0,0.0,32.0,1197.0,1197.0,1198.0
0.0,21067.0,3609.0,3592.0,2173.0,1238.0,0.0,0.0,1238.0,1197.0,1197.0,1198.0,1205.0,1198.0,1206.0,7348.0,7761.0,5958.0,0.0,0.0,1238.0,1197.0,1197.0,1198.0
0.0,19631.0,3610.0,3593.0,0.0,3488.0,1040.0,0.0,2448.0,1198.0,1197.0,1198.0,1193.0,1207.0,1210.0,6143.0,8736.0,4752.0,1040.0,0.0,2448.0,1198.0,1197.0,1198.0
0.0,16021.0,3638.0,3595.0,32.0,5883.0,2255.0,0.0,3628.0,1198.0,1198.0,1199.0,1215.0,1216.0,1207.0,4950.0,7529.0,3542.0,2255.0,0.0,3628.0,1198.0,1198.0,1199.0
0.0,12415.0,3644.0,3597.0,1238.0,7976.0,3478.0,895.0,3603.0,1199.0,1199.0,1199.0,1218.0,1213.0,1213.0,3735.0,6313.0,2367.0,3478.0,895.0,3603.0,1199.0,1199.0,1199.0
0.0,10009.0,3661.0,3599.0,3488.0,8159.0,3669.0,2106.0,2384.0,1200.0,1199.0,1200.0,1226.0,1211.0,1224.0,2517.0,5100.0,2392.0,3669.0,2106.0,2384.0,1200.0,1199.0,1200.0
0.0,9836.0,3651.0,3601.0,5883.0,5958.0,2630.0,3328.0,0.0,1200.0,1200.0,1201.0,1216.0,1217.0,1218.0,2331.0,3889.0,3616.0,2630.0,3328.0,0.0,1200.0,1200.0,1201.0
0.0,12068.0,3637.0,3603.0,7976.0,4011.0,364.0,3647.0,0.0,1201.0,1200.0,1202.0,1207.0,1214.0,1216.0,3370.0,2672.0,6026.0,364.0,3647.0,0.0,1201.0,1200.0,1202.0
0.0,16407.0,3631.0,3603.0,8159.0,2757.0,0.0,2757.0,0.0,1201.0,1200.0,1202.0,1200.0,1216.0,1215.0,5641.0,2353.0,8413.0,0.0,2757.0,0.0,1201.0,1200.0,1202.0
0.0,20935.0,3591.0,3604.0,5958.0,631.0,0.0,631.0,0.0,1201.0,1201.0,1202.0,1195.0,1197.0,1199.0,8110.0,3243.0,9582.0,0.0,631.0,0.0,1201.0,1201.0,1202.0
0.0,23302.0,3652.0,3605.0,4011.0,0.0,0.0,0.0,0.0,1201.0,1201.0,1203.0,1221.0,1214.0,1217.0,9545.0,5374.0,8383.0,0.0,0.0,0.0,1201.0,1201.0,1203.0
0.0,23661.0,3663.0,3607.0,2757.0,66.0,0.0,0.0,66.0,1202.0,1202.0,1203.0,1224.0,1222.0,1217.0,8688.0,7807.0,7166.0,0.0,0.0,66.0,1202.0,1202.0,1203.0
0.0,22755.0,3660.0,3609.0,631.0,1297.0,0.0,0.0,1297.0,1203.0,1202.0,1204.0,1214.0,1220.0,1226.0,7464.0,9342.0,5949.0,0.0,0.0,1297.0,1203.0,1202.0,1204.0
0.0,19726.0,3651.0,3611.0,0.0,3496.0,977.0,0.0,2519.0,1203.0,1203.0,1205.0,1212.0,1222.0,1217.0,6250.0,8753.0,4723.0,977.0,0.0,2519.0,1203.0,1203.0,1205.0
0.0,16075.0,3653.0,3613.0,66.0,5876.0,2205.0,0.0,3671.0,1204.0,1204.0,1205.0,1223.0,1212.0,1218.0,5038.0,7531.0,3506.0,2205.0,0.0,3671.0,1204.0,1204.0,1205.0
0.0,12488.0,3650.0,3613.0,1297.0,7930.0,3424.0,915.0,3591.0,1204.0,1204.0,1205.0,1219.0,1214.0,1217.0,3815.0,6319.0,2354.0,3424.0,915.0,3591.0,1204.0,1204.0,1205.0
0.0,10135.0,3596.0,3613.0,3496.0,8030.0,3645.0,2113.0,2272.0,1204.0,1204.0,1205.0,1198.0,1198.0,1200.0,2596.0,5105.0,2434.0,3645.0,2113.0,2272.0,1204.0,1204.0,1205.0
0.0,10035.0,3647.0,3614.0,5876.0,5987.0,2656.0,3331.0,0.0,1204.0,1204.0,1206.0,1216.0,1218.0,1213.0,2375.0,3907.0,3753.0,2656.0,3331.0,0.0,1204.0,1204.0,1206.0
0.0,12264.0,3698.0,3618.0,7930.0,4135.0,469.0,3666.0,0.0,1205.0,1206.0,1207.0,1232.0,1240.0,1226.0,3364.0,2689.0,6211.0,469.0,3666.0,0.0,1205.0,1206.0,1207.0
0.0,16496.0,3664.0,3620.0,7550.0,2773.0,0.0,2773.0,0.0,1206.0,1206.0,1208.0,1217.0,1220.0,1227.0,5556.0,2364.0,8576.0,0.0,2773.0,0.0,1206.0,1206.0,1208.0
0.0,20382.0,3655.0,3622.0,6467.0,660.0,0.0,660.0,0.0,1206.0,1207.0,1209.0,1214.0,1213.0,1228.0,7504.0,3257.0,9621.0,0.0,660.0,0.0,1206.0,1207.0,1209.0
0.0,23194.0,3634.0,3622.0,4135.0,0.0,0.0,0.0,0.0,1206.0,1207.0,1209.0,1212.0,1207.0,1215.0,9426.0,5375.0,8393.0,0.0,0.0,0.0,1206.0,1207.0,1209.0
0.0,23695.0,3630.0,3623.0,2379.0,75.0,0.0,0.0,75.0,1207.0,1207.0,1209.0,1214.0,1208.0,1208.0,8683.0,7834.0,7178.0,0.0,0.0,75.0,1207.0,1207.0,1209.0
0.0,22444.0,3629.0,3623.0,1054.0,1280.0,0.0,0.0,1280.0,1207.0,1207.0,1209.0,1205.0,1219.0,1205.0,7469.0,9005.0,5970.0,0.0,0.0,1280.0,1207.0,1207.0,1209.0
0.0,19869.0,3671.0,3625.0,0.0,3496.0,987.0,0.0,2509.0,1207.0,1208.0,1210.0,1216.0,1231.0,1224.0,6264.0,8840.0,4765.0,987.0,0.0,2509.0,1207.0,1208.0,1210.0
0.0,16198.0,3686.0,3627.0,75.0,5886.0,2226.0,0.0,3660.0,1208.0,1209.0,1210.0,1234.0,1226.0,1226.0,5048.0,7609.0,3541.0,2226.0,0.0,3660.0,1208.0,1209.0,1210.0
0.0,12587.0,3694.0,3630.0,1280.0,7977.0,3457.0,903.0,3617.0,1209.0,1210.0,1211.0,1226.0,1236.0,1232.0,3814.0,6383.0,2390.0,3457.0,903.0,3617.0,1209.0,1210.0,1211.0
0.0,10173.0,3680.0,3631.0,3496.0,8166.0,3689.0,2129.0,2348.0,1209.0,1210.0,1212.0,1219.0,1226.0,1235.0,2588.0,5147.0,2438.0,3689.0,2129.0,2348.0,1209.0,1210.0,1212.0
0.0,9989.0,3644.0,3632.0,5886.0,6028.0,2677.0,3351.0,0.0,1209.0,1211.0,1212.0,1214.0,1217.0,1213.0,2356.0,3921.0,3712.0,2677.0,3351.0,0.0,1209.0,1211.0,1212.0
0.0,12231.0,3626.0,3633.0,7977.0,4091.0,438.0,3653.0,0.0,1210.0,1211.0,1212.0,1213.0,1205.0,1208.0,3368.0,2704.0,6159.0,438.0,3653.0,0.0,1210.0,1211.0,1212.0
0.0,16582.0,3630.0,3633.0,8166.0,2727.0,0.0,2727.0,0.0,1210.0,1211.0,1212.0,1215.0,1203.0,1212.0,5612.0,2402.0,8568.0,0.0,2727.0,0.0,1210.0,1211.0,1212.0
0.0,21118.0,3664.0,3635.0,6028.0,592.0,0.0,592.0,0.0,1211.0,1211.0,1213.0,1222.0,1216.0,1226.0,8086.0,3328.0,9704.0,0.0,592.0,0.0,1211.0,1211.0,1213.0
0.0,23482.0,3720.0,3638.0,4091.0,0.0,0.0,0.0,0.0,1212.0,1212.0,1214.0,1240.0,1239.0,1241.0,9541.0,5463.0,8478.0,0.0,0.0,0.0,1212.0,1212.0,1214.0
0.0,23853.0,3690.0,3639.0,2727.0,72.0,0.0,0.0,72.0,1212.0,1213.0,1214.0,1221.0,1230.0,1239.0,8739.0,7877.0,7237.0,0.0,0.0,72.0,1212.0,1213.0,1214.0
0.0,22890.0,3675.0,3641.0,592.0,1305.0,0.0,0.0,1305.0,1213.0,1213.0,1215.0,1220.0,1227.0,1228.0,7518.0,9374.0,5998.0,0.0,0.0,1305.0,1213.0,1213.0,1215.0
0.0,19807.0,3645.0,3641.0,0.0,3500.0,983.0,0.0,2517.0,1213.0,1213.0,1215.0,1216.0,1217.0,1212.0,6298.0,8739.0,4770.0,983.0,0.0,2517.0,1213.0,1213.0,1215.0
0.0,16162.0,3645.0,3641.0,72.0,5853.0,2201.0,0.0,3652.0,1213.0,1213.0,1215.0,1218.0,1220.0,1207.0,5082.0,7522.0,3558.0,2201.0,0.0,3652.0,1213.0,1213.0,1215.0
0.0,12589.0,3653.0,3642.0,1305.0,7969.0,3417.0,984.0,3568.0,1213.0,1214.0,1215.0,1216.0,1216.0,1221.0,3864.0,6302.0,2423.0,3417.0,984.0,3568.0,1213.0,1214.0,1215.0
0.0,10241.0,3699.0,3645.0,3500.0,8183.0,3667.0,2227.0,2289.0,1214.0,1215.0,1216.0,1228.0,1238.0,1233.0,2648.0,5086.0,2507.0,3667.0,2227.0,2289.0,1214.0,1215.0,1216.0
0.0,10042.0,3704.0,3645.0,5853.0,6156.0,2697.0,3459.0,0.0,1214.0,1215.0,1216.0,1231.0,1232.0,1241.0,2403.0,3848.0,3791.0,2697.0,3459.0,0.0,1214.0,1215.0,1216.0
0.0,12191.0,3718.0,3648.0,7969.0,4243.0,523.0,3720.0,0.0,1215.0,1216.0,1217.0,1238.0,1240.0,1240.0,3373.0,2616.0,6202.0,523.0,3720.0,0.0,1215.0,1216.0,1217.0
0.0,16442.0,3689.0,3650.0,7026.0,2731.0,0.0,2731.0,0.0,1216.0,1216.0,1218.0,1223.0,1238.0,1228.0,5552.0,2360.0,8530.0,0.0,2731.0,0.0,1216.0,1216.0,1218.0
0.0,19779.0,3672.0,3650.0,6212.0,508.0,0.0,508.0,0.0,1216.0,1217.0,1217.0,1230.0,1231.0,1211.0,6839.0,3349.0,9591.0,0.0,508.0,0.0,1216.0,1217.0,1217.0
0.0,22319.0,3659.0,3650.0,4741.0,0.0,0.0,0.0,0.0,1216.0,1217.0,1217.0,1218.0,1227.0,1214.0,8362.0,5577.0,8380.0,0.0,0.0,0.0,1216.0,1217.0,1217.0
0.0,23401.0,3679.0,3653.0,1699.0,154.0,0.0,0.0,154.0,1217.0,1218.0,1218.0,1225.0,1224.0,1230.0,8768.0,7467.0,7166.0,0.0,0.0,154.0,1217.0,1218.0,1218.0
0.0,21421.0,3696.0,3654.0,2143.0,1400.0,0.0,0.0,1400.0,1217.0,1218.0,1219.0,1229.0,1226.0,1241.0,7543.0,7942.0,5936.0,0.0,0.0,1400.0,1217.0,1218.0,1219.0
0.0,19868.0,3719.0,3657.0,0.0,3666.0,1019.0,0.0,2647.0,1218.0,1219.0,1220.0,1243.0,1234.0,1242.0,6314.0,8859.0,4695.0,1019.0,0.0,2647.0,1218.0,1219.0,1220.0
0.0,16149.0,3724.0,3658.0,154.0,5993.0,2258.0,0.0,3735.0,1218.0,1220.0,1220.0,1239.0,1243.0,1242.0,5071.0,7625.0,3453.0,2258.0,0.0,3735.0,1218.0,1220.0,1220.0
0.0,12579.0,3706.0,3660.0,1400.0,8027.0,3504.0,953.0,3570.0,1219.0,1220.0,1221.0,1241.0,1235.0,1230.0,3832.0,6382.0,2365.0,3504.0,953.0,3570.0,1219.0,1220.0,1221.0
0.0,10273.0,3658.0,3660.0,3666.0,8019.0,3712.0,2165.0,2142.0,1219.0,1220.0,1221.0,1227.0,1212.0,1219.0,2591.0,5147.0,2535.0,3712.0,2165.0,2142.0,1219.0,1220.0,1221.0
0.0,10281.0,3664.0,3660.0,5993.0,6062.0,2675.0,3387.0,0.0,1219.0,1220.0,1221.0,1221.0,1222.0,1221.0,2383.0,3935.0,3963.0,2675.0,3387.0,0.0,1219.0,1220.0,1221.0
0.0,12610.0,3690.0,3660.0,8027.0,4060.0,389.0,3671.0,0.0,1219.0,1220.0,1221.0,1218.0,1237.0,1235.0,3420.0,2713.0,6477.0,389.0,3671.0,0.0,1219.0,1220.0,1221.0
0.0,16947.0,3710.0,3663.0,8019.0,2748.0,0.0,2748.0,0.0,1220.0,1221.0,1222.0,1232.0,1237.0,1241.0,5706.0,2429.0,8812.0,0.0,2748.0,0.0,1220.0,1221.0,1222.0
0.0,21256.0,3735.0,3665.0,6062.0,616.0,0.0,616.0,0.0,1221.0,1222.0,1222.0,1246.0,1250.0,1239.0,8186.0,3357.0,9713.0,0.0,616.0,0.0,1221.0,1222.0,1222.0
0.0,23583.0,3710.0,3667.0,4060.0,0.0,0.0,0.0,0.0,1221.0,1223.0,1223.0,1236.0,1233.0,1241.0,9615.0,5494.0,8474.0,0.0,0.0,0.0,1221.0,1223.0,1223.0
0.0,23933.0,3709.0,3668.0,2748.0,109.0,0.0,0.0,109.0,1222.0,1223.0,1223.0,1243.0,1239.0,1227.0,8768.0,7932.0,7233.0,0.0,0.0,109.0,1222.0,1223.0,1223.0
0.0,22972.0,3712.0,3670.0,616.0,1348.0,0.0,0.0,1348.0,1222.0,1224.0,1224.0,1237.0,1241.0,1234.0,7525.0,9441.0,6006.0,0.0,0.0,1348.0,1222.0,1224.0,1224.0
0.0,19876.0,3692.0,3670.0,0.0,3624.0,1048.0,0.0,2576.0,1222.0,1224.0,1224.0,1226.0,1238.0,1228.0,6288.0,8816.0,4772.0,1048.0,0.0,2576.0,1222.0,1224.0,1224.0
0.0,16184.0,3691.0,3670.0,109.0,5975.0,2271.0,0.0,3704.0,1222.0,1224.0,1224.0,1223.0,1231.0,1237.0,5062.0,7578.0,3544.0,2271.0,0.0,3704.0,1222.0,1224.0,1224.0
0.0,12602.0,3700.0,3673.0,1348.0,8115.0,3509.0,1011.0,3595.0,1223.0,1225.0,1225.0,1233.0,1233.0,1234.0,3839.0,6347.0,2416.0,3509.0,1011.0,3595.0,1223.0,1225.0,1225.0
0.0,10250.0,3733.0,3674.0,3624.0,8229.0,3715.0,2256.0,2258.0,1224.0,1225.0,1225.0,1249.0,1245.0,1239.0,2606.0,5114.0,2530.0,3715.0,2256.0,2258.0,1224.0,1225.0,1225.0
0.0,10141.0,3725.0,3677.0,5975.0,6196.0,2690.0,3506.0,0.0,1225.0,1226.0,1226.0,1241.0,1245.0,1239.0,2405.0,3869.0,3867.0,2690.0,3506.0,0.0,1225.0,1226.0,1226.0
0.0,12391.0,3728.0,3678.0,8115.0,4169.0,425.0,3744.0,0.0,1225.0,1227.0,1226.0,1244.0,1244.0,1240.0,3435.0,2624.0,6332.0,425.0,3744.0,0.0,1225.0,1227.0,1226.0
0.0,16778.0,3702.0,3679.0,7946.0,2715.0,0.0,2715.0,0.0,1225.0,1227.0,1227.0,1235.0,1227.0,1240.0,5700.0,2391.0,8687.0,0.0,2715.0,0.0,1225.0,1227.0,1227.0
0.0,21022.0,3699.0,3680.0,6479.0,439.0,0.0,439.0,0.0,1226.0,1227.0,1227.0,1233.0,1230.0,1236.0,7897.0,3420.0,9705.0,0.0,439.0,0.0,1226.0,1227.0,1227.0
0.0,23802.0,3704.0,3680.0,4169.0,0.0,0.0,0.0,0.0,1226.0,1227.0,1227.0,1231.0,1237.0,1236.0,9637.0,5696.0,8469.0,0.0,0.0,0.0,1226.0,1227.0,1227.0
0.0,24267.0,3722.0,3682.0,2582.0,150.0,0.0,0.0,150.0,1226.0,1228.0,1228.0,1237.0,1242.0,1243.0,8831.0,8203.0,7233.0,0.0,0.0,150.0,1226.0,1228.0,1228.0
0.0,23127.0,3737.0,3684.0,572.0,1387.0,0.0,0.0,1387.0,1227.0,1229.0,1228.0,1250.0,1250.0,1237.0,7594.0,9543.0,5990.0,0.0,0.0,1387.0,1227.0,1229.0,1228.0
0.0,19962.0,3756.0,3687.0,0.0,3691.0,1049.0,0.0,2642.0,1228.0,1230.0,1229.0,1253.0,1253.0,1250.0,6344.0,8865.0,4753.0,1049.0,0.0,2642.0,1228.0,1230.0,1229.0
0.0,16206.0,3738.0,3689.0,150.0,6048.0,2298.0,0.0,3750.0,1229.0,1230.0,1230.0,1244.0,1241.0,1253.0,5091.0,7612.0,3503.0,2298.0,0.0,3750.0,1229.0,1230.0,1230.0
0.0,12618.0,3724.0,3689.0,1387.0,8164.0,3541.0,1018.0,3605.0,1229.0,1230.0,1230.0,1243.0,1239.0,1242.0,3847.0,6371.0,2400.0,3541.0,1018.0,3605.0,1229.0,1230.0,1230.0
0.0,10281.0,3710.0,3690.0,3691.0,8188.0,3725.0,2262.0,2201.0,1229.0,1231.0,1230.0,1233.0,1239.0,1238.0,2604.0,5132.0,2545.0,3725.0,2262.0,2201.0,1229.0,1231.0,1230.0
0.0,10262.0,3701.0,3690.0,6048.0,6158.0,2655.0,3503.0,0.0,1229.0,1231.0,1230.0,1228.0,1241.0,1232.0,2420.0,3893.0,3949.0,2655.0,3503.0,0.0,1229.0,1231.0,1230.0
0.0,12609.0,3715.0,3693.0,8164.0,4089.0,368.0,3721.0,0.0,1230.0,1232.0,1231.0,1249.0,1231.0,1235.0,3490.0,2652.0,6467.0,368.0,3721.0,0.0,1230.0,1232.0,1231.0
0.0,17058.0,3746.0,3695.0,8188.0,2708.0,0.0,2708.0,0.0,1231.0,1232.0,1232.0,1254.0,1249.0,1243.0,5782.0,2439.0,8837.0,0.0,2708.0,0.0,1231.0,1232.0,1232.0
0.0,21500.0,3766.0,3698.0,6158.0,463.0,0.0,463.0,0.0,1232.0,1233.0,1233.0,1257.0,1253.0,1256.0,8253.0,3452.0,9795.0,0.0,463.0,0.0,1232.0,1233.0,1233.0
0.0,23892.0,3733.0,3698.0,4089.0,0.0,0.0,0.0,0.0,1232.0,1233.0,1233.0,1240.0,1243.0,1250.0,9651.0,5702.0,8539.0,0.0,0.0,0.0,1232.0,1233.0,1233.0
0.0,24248.0,3741.0,3700.0,2708.0,117.0,0.0,0.0,117.0,1233.0,1234.0,1233.0,1249.0,1251.0,1241.0,8779.0,8180.0,7289.0,0.0,0.0,117.0,1233.0,1234.0,1233.0
0.0,23215.0,3710.0,3700.0,463.0,1356.0,0.0,0.0,1356.0,1233.0,1234.0,1233.0,1238.0,1233.0,1239.0,7530.0,9637.0,6048.0,0.0,0.0,1356.0,1233.0,1234.0,1233.0
0.0,19968.0,3688.0,3700.0,0.0,3691.0,1106.0,0.0,2585.0,1233.0,1234.0,1233.0,1233.0,1226.0,1229.0,6292.0,8867.0,4809.0,1106.0,0.0,2585.0,1233.0,1234.0,1233.0
0.0,16280.0,3728.0,3702.0,117.0,6066.0,2362.0,0.0,3704.0,1234.0,1234.0,1234.0,1251.0,1246.0,1231.0,5059.0,7641.0,3580.0,2362.0,0.0,3704.0,1234.0,1234.0,1234.0
0.0,12669.0,3773.0,3704.0,1356.0,8268.0,3628.0,1042.0,3598.0,1235.0,1235.0,1234.0,1261.0,1262.0,1250.0,3808.0,6395.0,2466.0,3628.0,1042.0,3598.0,1235.0,1235.0,1234.0
0.0,10252.0,3766.0,3707.0,3691.0,8358.0,3780.0,2297.0,2281.0,1236.0,1236.0,1235.0,1253.0,1250.0,1263.0,2547.0,5133.0,2572.0,3780.0,2297.0,2281.0,1236.0,1236.0,1235.0
0.0,10177.0,3754.0,3709.0,6066.0,6210.0,2658.0,3552.0,0.0,1236.0,1237.0,1236.0,1240.0,1250.0,1264.0,2400.0,3883.0,3894.0,2658.0,3552.0,0.0,1236.0,1237.0,1236.0
0.0,12489.0,3727.0,3709.0,8268.0,4022.0,274.0,3748.0,0.0,1236.0,1237.0,1236.0,1244.0,1238.0,1245.0,3522.0,2633.0,6334.0,274.0,3748.0,0.0,1236.0,1237.0,1236.0
0.0,17030.0,3736.0,3709.0,6814.0,2695.0,0.0,2695.0,0.0,1236.0,1237.0,1236.0,1250.0,1244.0,1242.0,5906.0,2437.0,8687.0,0.0,2695.0,0.0,1236.0,1237.0,1236.0
0.0,20108.0,3720.0,3711.0,6727.0,389.0,0.0,389.0,0.0,1237.0,1237.0,1237.0,1236.0,1246.0,1238.0,6892.0,3490.0,9726.0,0.0,389.0,0.0,1237.0,1237.0,1237.0
0.0,23115.0,3745.0,3712.0,4203.0,0.0,0.0,0.0,0.0,1237.0,1238.0,1237.0,1251.0,1253.0,1241.0,8831.0,5796.0,8488.0,0.0,0.0,0.0,1237.0,1238.0,1237.0
0.0,23573.0,3774.0,3715.0,1971.0,203.0,0.0,0.0,203.0,1238.0,1239.0,1238.0,1259.0,1255.0,1260.0,8881.0,7445.0,7247.0,0.0,0.0,203.0,1238.0,1239.0,1238.0
0.0,21770.0,3775.0,3718.0,1959.0,1478.0,0.0,0.0,1478.0,1239.0,1240.0,1239.0,1251.0,1254.0,1270.0,7622.0,8161.0,5987.0,0.0,0.0,1478.0,1239.0,1240.0,1239.0
0.0,19954.0,3758.0,3719.0,0.0,3807.0,1067.0,0.0,2740.0,1239.0,1240.0,1240.0,1243.0,1258.0,1257.0,6371.0,8866.0,4717.0,1067.0,0.0,2740.0,1239.0,1240.0,1240.0
0.0,16196.0,3742.0,3720.0,203.0,6097.0,2319.0,0.0,3778.0,1240.0,1240.0,1240.0,1247.0,1254.0,1241.0,5128.0,7608.0,3460.0,2319.0,0.0,3778.0,1240.0,1240.0,1240.0
0.0,12657.0,3743.0,3720.0,1478.0,8208.0,3572.0,1091.0,3545.0,1240.0,1240.0,1240.0,1253.0,1245.0,1245.0,3881.0,6354.0,2422.0,3572.0,1091.0,3545.0,1240.0,1240.0,1240.0
0.0,10392.0,3729.0,3721.0,3807.0,8135.0,3746.0,2345.0,2044.0,1240.0,1241.0,1240.0,1241.0,1249.0,1239.0,2628.0,5109.0,2655.0,3746.0,2345.0,2044.0,1240.0,1241.0,1240.0
0.0,10470.0,3735.0,3721.0,6097.0,6262.0,2672.0,3590.0,0.0,1240.0,1241.0,1240.0,1245.0,1245.0,1245.0,2454.0,3860.0,4156.0,2672.0,3590.0,0.0,1240.0,1241.0,1240.0
0.0,12832.0,3790.0,3724.0,8208.0,4136.0,366.0,3770.0,0.0,1241.0,1242.0,1241.0,1261.0,1266.0,1263.0,3528.0,2615.0,6689.0,366.0,3770.0,0.0,1241.0,1242.0,1241.0
0.0,17250.0,3776.0,3726.0,8135.0,2679.0,0.0,2679.0,0.0,1242.0,1242.0,1242.0,1262.0,1254.0,1260.0,5839.0,2440.0,8971.0,0.0,2679.0,0.0,1242.0,1242.0,1242.0
0.0,21609.0,3772.0,3727.0,6262.0,352.0,0.0,352.0,0.0,1242.0,1243.0,1242.0,1251.0,1258.0,1263.0,8323.0,3531.0,9755.0,0.0,352.0,0.0,1242.0,1243.0,1242.0
0.0,24099.0,3756.0,3729.0,4136.0,0.0,0.0,0.0,0.0,1243.0,1243.0,1243.0,1252.0,1250.0,1254.0,9744.0,5863.0,8492.0,0.0,0.0,0.0,1243.0,1243.0,1243.0
0.0,24479.0,3721.0,3728.0,2679.0,206.0,0.0,0.0,206.0,1243.0,1243.0,1242.0,1242.0,1245.0,1234.0,8858.0,8383.0,7238.0,0.0,0.0,206.0,1243.0,1243.0,1242.0
0.0,23437.0,3734.0,3730.0,352.0,1458.0,0.0,0.0,1458.0,1243.0,1244.0,1243.0,1239.0,1248.0,1247.0,7616.0,9817.0,6004.0,0.0,0.0,1458.0,1243.0,1244.0,1243.0
0.0,20055.0,3787.0,3731.0,0.0,3828.0,1101.0,0.0,2727.0,1243.0,1244.0,1244.0,1263.0,1260.0,1264.0,6377.0,8921.0,4757.0,1101.0,0.0,2727.0,1243.0,1244.0,1244.0
0.0,16268.0,3799.0,3734.0,206.0,6168.0,2374.0,0.0,3794.0,1244.0,1245.0,1245.0,1268.0,1263.0,1268.0,5114.0,7661.0,3493.0,2374.0,0.0,3794.0,1244.0,1245.0,1245.0
0.0,12675.0,3796.0,3736.0,1458.0,8343.0,3639.0,1094.0,3610.0,1245.0,1246.0,1245.0,1260.0,1262.0,1274.0,3846.0,6398.0,2431.0,3639.0,1094.0,3610.0,1245.0,1246.0,1245.0
0.0,10337.0,3785.0,3737.0,3828.0,8305.0,3795.0,2358.0,2152.0,1245.0,1246.0,1246.0,1257.0,1264.0,1264.0,2586.0,5136.0,2615.0,3795.0,2358.0,2152.0,1245.0,1246.0,1246.0
0.0,10380.0,3760.0,3738.0,6168.0,6296.0,2686.0,3610.0,0.0,1246.0,1246.0,1246.0,1260.0,1252.0,1248.0,2430.0,3872.0,4078.0,2686.0,3610.0,0.0,1246.0,1246.0,1246.0
0.0,12788.0,3762.0,3739.0,8343.0,4082.0,298.0,3784.0,0.0,1246.0,1247.0,1246.0,1251.0,1263.0,1248.0,3544.0,2620.0,6624.0,298.0,3784.0,0.0,1246.0,1247.0,1246.0
0.0,17369.0,3755.0,3740.0,8217.0,2673.0,0.0,2673.0,0.0,1246.0,1247.0,1247.0,1249.0,1247.0,1259.0,5932.0,2451.0,8986.0,0.0,2673.0,0.0,1246.0,1247.0,1247.0
0.0,21831.0,3778.0,3741.0,6384.0,320.0,0.0,320.0,0.0,1247.0,1247.0,1247.0,1258.0,1257.0,1263.0,8390.0,3562.0,9879.0,0.0,320.0,0.0,1247.0,1247.0,1247.0
0.0,24437.0,3791.0,3743.0,4082.0,0.0,0.0,0.0,0.0,1247.0,1248.0,1248.0,1267.0,1261.0,1263.0,9906.0,5915.0,8616.0,0.0,0.0,0.0,1247.0,1248.0,1248.0
0.0,24728.0,3805.0,3745.0,2673.0,152.0,0.0,0.0,152.0,1248.0,1249.0,1248.0,1264.0,1276.0,1265.0,8937.0,8438.0,7353.0,0.0,0.0,152.0,1248.0,1249.0,1248.0
0.0,23596.0,3791.0,3747.0,320.0,1417.0,0.0,0.0,1417.0,1249.0,1249.0,1249.0,1254.0,1277.0,1260.0,7673.0,9835.0,6088.0,0.0,0.0,1417.0,1249.0,1249.0,1249.0
0.0,20125.0,3785.0,3748.0,0.0,3766.0,1086.0,0.0,2680.0,1249.0,1250.0,1249.0,1260.0,1262.0,1263.0,6419.0,8878.0,4828.0,1086.0,0.0,2680.0,1249.0,1250.0,1249.0
0.0,16340.0,3765.0,3749.0,152.0,6135.0,2351.0,0.0,3784.0,1249.0,1250.0,1250.0,1265.0,1249.0,1251.0,5159.0,7616.0,3565.0,2351.0,0.0,3784.0,1249.0,1250.0,1250.0
0.0,12727.0,3750.0,3749.0,1417.0,8351.0,3595.0,1137.0,3619.0,1249.0,1250.0,1250.0,1244.0,1254.0,1252.0,3894.0,6367.0,2466.0,3595.0,1137.0,3619.0,1249.0,1250.0,1250.0
0.0,10394.0,3796.0,3751.0,3766.0,8391.0,3777.0,2407.0,2207.0,1250.0,1251.0,1250.0,1263.0,1265.0,1268.0,2650.0,5113.0,2631.0,3777.0,2407.0,2207.0,1250.0,1251.0,1250.0
0.0,10364.0,3818.0,3754.0,6135.0,6391.0,2707.0,3684.0,0.0,1251.0,1252.0,1251.0,1276.0,1272.0,1270.0,2473.0,3848.0,4043.0,2707.0,3684.0,0.0,1251.0,1252.0,1251.0
0.0,12681.0,3820.0,3755.0,8351.0,4211.0,388.0,3823.0,0.0,1251.0,1252.0,1252.0,1276.0,1276.0,1268.0,3548.0,2576.0,6557.0,388.0,3823.0,0.0,1251.0,1252.0,1252.0
0.0,17212.0,3795.0,3757.0,8391.0,2680.0,0.0,2680.0,0.0,1252.0,1253.0,1252.0,1274.0,1259.0,1262.0,5867.0,2437.0,8908.0,0.0,2680.0,0.0,1252.0,1253.0,1252.0
0.0,21808.0,3790.0,3758.0,6391.0,260.0,0.0,260.0,0.0,1252.0,1253.0,1253.0,1265.0,1264.0,1261.0,8370.0,3585.0,9853.0,0.0,260.0,0.0,1252.0,1253.0,1253.0
0.0,24409.0,3786.0,3758.0,4211.0,0.0,0.0,0.0,0.0,1252.0,1253.0,1253.0,1256.0,1269.0,1261.0,9812.0,6005.0,8592.0,0.0,0.0,0.0,1252.0,1253.0,1253.0
0.0,24834.0,3783.0,3760.0,2680.0,199.0,0.0,0.0,199.0,1253.0,1254.0,1253.0,1257.0,1261.0,1265.0,8944.0,8559.0,7331.0,0.0,0.0,199.0,1253.0,1254.0,1253.0
0.0,23731.0,3807.0,3761.0,260.0,1481.0,0.0,0.0,1481.0,1253.0,1254.0,1254.0,1269.0,1261.0,1277.0,7687.0,9978.0,6066.0,0.0,0.0,1481.0,1253.0,1254.0,1254.0
0.0,20184.0,3829.0,3763.0,0.0,3896.0,1141.0,0.0,2755.0,1254.0,1255.0,1254.0,1289.0,1266.0,1274.0,6418.0,8977.0,4789.0,1141.0,0.0,2755.0,1254.0,1255.0,1254.0
0.0,16355.0,3815.0,3765.0,199.0,6253.0,2422.0,0.0,3831.0,1255.0,1255.0,1255.0,1276.0,1269.0,1270.0,5129.0,7711.0,3515.0,2422.0,0.0,3831.0,1255.0,1255.0,1255.0
0.0,12739.0,3798.0,3768.0,1481.0,8418.0,3689.0,1107.0,3622.0,1256.0,1256.0,1256.0,1262.0,1269.0,1267.0,3853.0,6442.0,2444.0,3689.0,1107.0,3622.0,1256.0,1256.0,1256.0
0.0,10422.0,3785.0,3768.0,3896.0,8307.0,3812.0,2367.0,2128.0,1256.0,1256.0,1256.0,1264.0,1260.0,1261.0,2591.0,5173.0,2658.0,3812.0,2367.0,2128.0,1256.0,1256.0,1256.0
0.0,10533.0,3781.0,3768.0,6253.0,6276.0,2652.0,3624.0,0.0,1256.0,1256.0,1256.0,1262.0,1257.0,1262.0,2468.0,3913.0,4152.0,2652.0,3624.0,0.0,1256.0,1256.0,1256.0
0.0,13005.0,3770.0,3768.0,8418.0,3992.0,222.0,3770.0,0.0,1256.0,1256.0,1256.0,1259.0,1253.0,1258.0,3628.0,2656.0,6721.0,222.0,3770.0,0.0,1256.0,1256.0,1256.0
0.0,17653.0,3801.0,3770.0,6794.0,2676.0,0.0,2676.0,0.0,1256.0,1257.0,1257.0,1264.0,1268.0,1269.0,6058.0,2510.0,9085.0,0.0,2676.0,0.0,1256.0,1257.0,1257.0
0.0,20646.0,3812.0,3771.0,6946.0,323.0,0.0,323.0,0.0,1257.0,1257.0,1257.0,1271.0,1271.0,1270.0,7093.0,3609.0,9944.0,0.0,323.0,0.0,1257.0,1257.0,1257.0
0.0,23780.0,3819.0,3774.0,3664.0,0.0,0.0,0.0,0.0,1258.0,1258.0,1258.0,1267.0,1273.0,1279.0,9144.0,5962.0,8674.0,0.0,0.0,0.0,1258.0,1258.0,1258.0
0.0,23625.0,3802.0,3776.0,2571.0,164.0,0.0,0.0,164.0,1258.0,1259.0,1259.0,1271.0,1267.0,1264.0,8942.0,7288.0,7395.0,0.0,0.0,164.0,1258.0,1259.0,1259.0
0.0,22394.0,3818.0,3777.0,1599.0,1450.0,0.0,0.0,1450.0,1258.0,1259.0,1260.0,1272.0,1265.0,1281.0,7671.0,8592.0,6131.0,0.0,0.0,1450.0,1258.0,1259.0,1260.0
0.0,20175.0,3805.0,3777.0,0.0,3873.0,1150.0,0.0,2723.0,1258.0,1259.0,1260.0,1259.0,1273.0,1273.0,6399.0,8926.0,4850.0,1150.0,0.0,2723.0,1258.0,1259.0,1260.0
0.0,16370.0,3785.0,3778.0,164.0,6233.0,2410.0,0.0,3823.0,1259.0,1259.0,1260.0,1255.0,1266.0,1264.0,5140.0,7653.0,3577.0,2410.0,0.0,3823.0,1259.0,1259.0,1260.0
0.0,12749.0,3816.0,3779.0,1450.0,8512.0,3675.0,1195.0,3642.0,1259.0,1260.0,1260.0,1265.0,1282.0,1269.0,3885.0,6387.0,2477.0,3675.0,1195.0,3642.0,1259.0,1260.0,1260.0
0.0,10383.0,3819.0,3782.0,3873.0,8473.0,3812.0,2466.0,2195.0,1260.0,1261.0,1261.0,1282.0,1266.0,1271.0,2620.0,5105.0,2658.0,3812.0,2466.0,2195.0,1260.0,1261.0,1261.0
0.0,10437.0,3828.0,3783.0,6233.0,6423.0,2676.0,3747.0,0.0,1260.0,1261.0,1262.0,1274.0,1281.0,1273.0,2488.0,3839.0,4110.0,2676.0,3747.0,0.0,1260.0,1261.0,1262.0
0.0,12842.0,3820.0,3785.0,8512.0,4104.0,273.0,3831.0,0.0,1261.0,1262.0,1262.0,1267.0,1274.0,1279.0,3624.0,2558.0,6660.0,273.0,3831.0,0.0,1261.0,1262.0,1262.0
0.0,17534.0,3814.0,3785.0,8473.0,2642.0,0.0,2642.0,0.0,1261.0,1262.0,1262.0,1271.0,1277.0,1266.0,6032.0,2479.0,9023.0,0.0,2642.0,0.0,1261.0,1262.0,1262.0
0.0,22193.0,3817.0,3786.0,6423.0,172.0,0.0,172.0,0.0,1261.0,1263.0,1262.0,1268.0,1272.0,1277.0,8573.0,3668.0,9952.0,0.0,172.0,0.0,1261.0,1263.0,1262.0
0.0,24799.0,3799.0,3788.0,4104.0,0.0,0.0,0.0,0.0,1262.0,1263.0,1263.0,1264.0,1267.0,1268.0,9981.0,6143.0,8675.0,0.0,0.0,0.0,1262.0,1263.0,1263.0
0.0,25104.0,3818.0,3788.0,2642.0,175.0,0.0,0.0,175.0,1262.0,1263.0,1263.0,1282.0,1269.0,1267.0,8990.0,8707.0,7407.0,0.0,0.0,175.0,1262.0,1263.0,1263.0
0.0,23928.0,3870.0,3791.0,172.0,1464.0,0.0,0.0,1464.0,1263.0,1264.0,1264.0,1299.0,1287.0,1284.0,7708.0,10080.0,6140.0,0.0,0.0,1464.0,1263.0,1264.0,1264.0
0.0,20230.0,3853.0,3794.0,0.0,3944.0,1194.0,0.0,2750.0,1264.0,1265.0,1265.0,1283.0,1289.0,1281.0,6409.0,8965.0,4856.0,1194.0,0.0,2750.0,1264.0,1265.0,1265.0
0.0,16377.0,3840.0,3795.0,175.0,6335.0,2477.0,0.0,3858.0,1265.0,1265.0,1265.0,1278.0,1279.0,1283.0,5126.0,7676.0,3575.0,2477.0,0.0,3858.0,1265.0,1265.0,1265.0
0.0,12712.0,3832.0,3796.0,1464.0,8636.0,3759.0,1201.0,3676.0,1265.0,1265.0,1266.0,1282.0,1273.0,1277.0,3848.0,6397.0,2467.0,3759.0,1201.0,3676.0,1265.0,1265.0,1266.0
0.0,10344.0,3797.0,3797.0,3944.0,8494.0,3832.0,2476.0,2186.0,1265.0,1266.0,1266.0,1267.0,1270.0,1260.0,2566.0,5124.0,2654.0,3832.0,2476.0,2186.0,1265.0,1266.0,1266.0
0.0,10491.0,3805.0,3797.0,6335.0,6367.0,2617.0,3750.0,0.0,1265.0,1266.0,1266.0,1262.0,1274.0,1269.0,2493.0,3854.0,4144.0,2617.0,3750.0,0.0,1265.0,1266.0,1266.0
0.0,13021.0,3833.0,3799.0,8636.0,3969.0,137.0,3832.0,0.0,1266.0,1267.0,1266.0,1274.0,1278.0,1281.0,3708.0,2580.0,6733.0,137.0,3832.0,0.0,1266.0,1267.0,1266.0
0.0,17824.0,3865.0,3801.0,8430.0,2638.0,0.0,2638.0,0.0,1267.0,1267.0,1267.0,1292.0,1282.0,1291.0,6193.0,2503.0,9128.0,0.0,2638.0,0.0,1267.0,1267.0,1267.0
0.0,22389.0,3868.0,3804.0,6431.0,177.0,0.0,177.0,0.0,1268.0,1268.0,1268.0,1293.0,1284.0,1291.0,8669.0,3697.0,10023.0,0.0,177.0,0.0,1268.0,1268.0,1268.0
0.0,24952.0,3860.0,3805.0,3969.0,0.0,0.0,0.0,0.0,1268.0,1268.0,1269.0,1290.0,1285.0,1285.0,10057.0,6163.0,8732.0,0.0,0.0,0.0,1268.0,1268.0,1269.0
0.0,25061.0,3845.0,3807.0,2638.0,176.0,0.0,0.0,176.0,1269.0,1269.0,1269.0,1287.0,1280.0,1278.0,8904.0,8710.0,7447.0,0.0,0.0,176.0,1269.0,1269.0,1269.0
0.0,23854.0,3815.0,3807.0,177.0,1449.0,4.0,0.0,1445.0,1269.0,1269.0,1269.0,1276.0,1270.0,1269.0,7617.0,10068.0,6169.0,4.0,0.0,1445.0,1269.0,1269.0,1269.0
0.0,20216.0,3818.0,3807.0,0.0,3989.0,1270.0,0.0,2719.0,1269.0,1269.0,1269.0,1266.0,1278.0,1274.0,6341.0,8975.0,4900.0,1270.0,0.0,2719.0,1269.0,1269.0,1269.0
0.0,16398.0,3845.0,3810.0,176.0,6389.0,2556.0,0.0,3833.0,1270.0,1270.0,1270.0,1281.0,1279.0,1285.0,5075.0,7697.0,3626.0,2556.0,0.0,3833.0,1270.0,1270.0,1270.0
0.0,12729.0,3887.0,3812.0,1449.0,8769.0,3855.0,1226.0,3688.0,1271.0,1270.0,1271.0,1298.0,1294.0,1295.0,3794.0,6418.0,2517.0,3855.0,1226.0,3688.0,1271.0,1270.0,1271.0
0.0,10291.0,3871.0,3813.0,3989.0,8656.0,3873.0,2519.0,2264.0,1271.0,1271.0,1271.0,1288.0,1288.0,1295.0,2500.0,5124.0,2667.0,3873.0,2519.0,2264.0,1271.0,1271.0,1271.0
0.0,10409.0,3864.0,3816.0,6389.0,6419.0,2612.0,3807.0,0.0,1272.0,1272.0,1272.0,1290.0,1283.0,1291.0,2482.0,3836.0,4091.0,2612.0,3807.0,0.0,1272.0,1272.0,1272.0
0.0,12934.0,3828.0,3816.0,8769.0,3895.0,35.0,3860.0,0.0,1272.0,1272.0,1272.0,1278.0,1279.0,1271.0,3748.0,2553.0,6633.0,35.0,3860.0,0.0,1272.0,1272.0,1272.0
0.0,17875.0,3819.0,3816.0,8656.0,2614.0,0.0,2614.0,0.0,1272.0,1272.0,1272.0,1275.0,1273.0,1271.0,6325.0,2500.0,9050.0,0.0,2614.0,0.0,1272.0,1272.0,1272.0
0.0,22712.0,3814.0,3817.0,6419.0,73.0,0.0,73.0,0.0,1273.0,1272.0,1272.0,1275.0,1266.0,1273.0,8923.0,3746.0,10043.0,0.0,73.0,0.0,1273.0,1272.0,1272.0
0.0,25317.0,3858.0,3818.0,3895.0,0.0,0.0,0.0,0.0,1273.0,1272.0,1273.0,1291.0,1287.0,1280.0,10260.0,6287.0,8770.0,0.0,0.0,0.0,1273.0,1272.0,1273.0
0.0,25354.0,3874.0,3821.0,2614.0,176.0,0.0,0.0,176.0,1274.0,1273.0,1274.0,1287.0,1291.0,1296.0,9004.0,8860.0,7490.0,0.0,0.0,176.0,1274.0,1273.0,1274.0
0.0,24094.0,3885.0,3823.0,73.0,1473.0,0.0,0.0,1473.0,1275.0,1274.0,1274.0,1290.0,1298.0,1297.0,7717.0,10183.0,6194.0,0.0,0.0,1473.0,1275.0,1274.0,1274.0
0.0,20282.0,3853.0,3824.0,0.0,3994.0,1237.0,0.0,2757.0,1275.0,1274.0,1275.0,1289.0,1285.0,1279.0,6427.0,8958.0,4897.0,1237.0,0.0,2757.0,1275.0,1274.0,1275.0
0.0,16429.0,3856.0,3824.0,176.0,6388.0,2522.0,0.0,3866.0,1275.0,1274.0,1275.0,1285.0,1286.0,1285.0,5138.0,7673.0,3618.0,2522.0,0.0,3866.0,1275.0,1274.0,1275.0
0.0,12749.0,3848.0,3826.0,1473.0,8756.0,3819.0,1268.0,3669.0,1276.0,1275.0,1275.0,1292.0,1280.0,1276.0,3853.0,6387.0,2509.0,3819.0,1268.0,3669.0,1276.0,1275.0,1275.0
0.0,10374.0,3836.0,3826.0,3994.0,8598.0,3853.0,2554.0,2191.0,1276.0,1275.0,1275.0,1271.0,1286.0,1279.0,2561.0,5107.0,2706.0,3853.0,2554.0,2191.0,1276.0,1275.0,1275.0
0.0,10532.0,3860.0,3827.0,6388.0,6454.0,2624.0,3830.0,0.0,1276.0,1275.0,1276.0,1293.0,1276.0,1291.0,2527.0,3821.0,4184.0,2624.0,3830.0,0.0,1276.0,1275.0,1276.0
0.0,13060.0,3867.0,3830.0,8756.0,3954.0,105.0,3849.0,0.0,1277.0,1276.0,1277.0,1295.0,1282.0,1290.0,3756.0,2545.0,6759.0,105.0,3849.0,0.0,1277.0,1276.0,1277.0
0.0,17949.0,3877.0,3831.0,6983.0,2583.0,0.0,2583.0,0.0,1278.0,1276.0,1277.0,1296.0,1288.0,1293.0,6280.0,2531.0,9138.0,0.0,2583.0,0.0,1278.0,1276.0,1277.0
0.0,21055.0,3866.0,3832.0,8069.0,44.0,0.0,44.0,0.0,1278.0,1277.0,1277.0,1286.0,1286.0,1294.0,7222.0,3797.0,10036.0,0.0,44.0,0.0,1278.0,1277.0,1277.0
0.0,25258.0,3855.0,3833.0,2421.0,0.0,0.0,0.0,0.0,1278.0,1277.0,1278.0,1282.0,1284.0,1289.0,10175.0,6341.0,8742.0,0.0,0.0,0.0,1278.0,1277.0,1278.0
0.0,23824.0,3865.0,3833.0,3241.0,228.0,0.0,0.0,228.0,1278.0,1277.0,1278.0,1291.0,1283.0,1291.0,8998.0,7373.0,7453.0,0.0,0.0,228.0,1278.0,1277.0,1278.0
0.0,23200.0,3847.0,3834.0,919.0,1525.0,0.0,0.0,1525.0,1278.0,1277.0,1279.0,1277.0,1278.0,1292.0,7707.0,9331.0,6162.0,0.0,0.0,1525.0,1278.0,1277.0,1279.0
0.0,20272.0,3884.0,3836.0,0.0,4076.0,1253.0,0.0,2823.0,1279.0,1278.0,1279.0,1288.0,1298.0,1298.0,6430.0,8972.0,4870.0,1253.0,0.0,2823.0,1279.0,1278.0,1279.0
0.0,16388.0,3892.0,3839.0,228.0,6471.0,2556.0,15.0,3900.0,1280.0,1279.0,1280.0,1298.0,1294.0,1300.0,5142.0,7674.0,3572.0,2556.0,15.0,3900.0,1280.0,1279.0,1280.0
0.0,12724.0,3894.0,3841.0,1525.0,8850.0,3850.0,1319.0,3681.0,1280.0,1280.0,1281.0,1294.0,1299.0,1301.0,3844.0,6380.0,2500.0,3850.0,1319.0,3681.0,1280.0,1280.0,1281.0
0.0,10355.0,3884.0,3842.0,4076.0,8663.0,3902.0,2608.0,2153.0,1281.0,1280.0,1281.0,1300.0,1289.0,1295.0,2550.0,5081.0,2724.0,3902.0,2608.0,2153.0,1281.0,1280.0,1281.0
0.0,10547.0,3863.0,3843.0,6471.0,6512.0,2634.0,3878.0,0.0,1281.0,1280.0,1282.0,1288.0,1285.0,1290.0,2503.0,3792.0,4252.0,2634.0,3878.0,0.0,1281.0,1280.0,1282.0
0.0,13155.0,3852.0,3845.0,8850.0,3918.0,72.0,3846.0,0.0,1282.0,1281.0,1282.0,1283.0,1282.0,1287.0,3771.0,2522.0,6862.0,72.0,3846.0,0.0,1282.0,1281.0,1282.0
0.0,18153.0,3877.0,3845.0,8663.0,2532.0,0.0,2532.0,0.0,1282.0,1281.0,1282.0,1292.0,1294.0,1291.0,6338.0,2559.0,9256.0,0.0,2532.0,0.0,1282.0,1281.0,1282.0
0.0,22939.0,3895.0,3847.0,6512.0,0.0,0.0,0.0,0.0,1282.0,1282.0,1283.0,1295.0,1298.0,1302.0,8948.0,3873.0,10118.0,0.0,0.0,0.0,1282.0,1282.0,1283.0
0.0,25556.0,3900.0,3848.0,3918.0,0.0,0.0,0.0,0.0,1283.0,1282.0,1283.0,1305.0,1300.0,1295.0,10287.0,6453.0,8816.0,0.0,0.0,0.0,1283.0,1282.0,1283.0
0.0,25574.0,3906.0,3851.0,2532.0,210.0,0.0,0.0,210.0,1284.0,1283.0,1284.0,1305.0,1290.0,1311.0,9054.0,8999.0,7521.0,0.0,0.0,210.0,1284.0,1283.0,1284.0
0.0,24200.0,3895.0,3853.0,0.0,1507.0,0.0,0.0,1507.0,1285.0,1283.0,1285.0,1298.0,1305.0,1292.0,7749.0,10241.0,6210.0,0.0,0.0,1507.0,1285.0,1283.0,1285.0
0.0,20305.0,3865.0,3854.0,0.0,4055.0,1265.0,0.0,2790.0,1285.0,1284.0,1285.0,1291.0,1291.0,1283.0,6451.0,8936.0,4918.0,1265.0,0.0,2790.0,1285.0,1284.0,1285.0
0.0,16440.0,3876.0,3854.0,210.0,6496.0,2562.0,64.0,3870.0,1285.0,1284.0,1285.0,1297.0,1289.0,1290.0,5160.0,7645.0,3635.0,2562.0,64.0,3870.0,1285.0,1284.0,1285.0
0.0,12774.0,3872.0,3856.0,1507.0,8871.0,3857.0,1348.0,3666.0,1286.0,1284.0,1286.0,1290.0,1284.0,1298.0,3863.0,6356.0,2555.0,3857.0,1348.0,3666.0,1286.0,1284.0,1286.0
0.0,10409.0,3883.0,3856.0,4055.0,8699.0,3886.0,2646.0,2167.0,1286.0,1284.0,1286.0,1294.0,1298.0,1291.0,2573.0,5072.0,2764.0,3886.0,2646.0,2167.0,1286.0,1284.0,1286.0
0.0,10581.0,3907.0,3859.0,6496.0,6519.0,2630.0,3889.0,0.0,1287.0,1285.0,1287.0,1301.0,1302.0,1304.0,2544.0,3774.0,4263.0,2630.0,3889.0,0.0,1287.0,1285.0,1287.0
0.0,13170.0,3922.0,3861.0,8871.0,3940.0,78.0,3862.0,0.0,1288.0,1286.0,1287.0,1300.0,1316.0,1306.0,3805.0,2536.0,6829.0,78.0,3862.0,0.0,1288.0,1286.0,1287.0
0.0,18119.0,3913.0,3863.0,8477.0,2529.0,0.0,2529.0,0.0,1288.0,1287.0,1288.0,1298.0,1308.0,1307.0,6362.0,2568.0,9189.0,0.0,2529.0,0.0,1288.0,1287.0,1288.0
0.0,22683.0,3882.0,3863.0,6741.0,0.0,0.0,0.0,0.0,1288.0,1287.0,1288.0,1292.0,1293.0,1297.0,8728.0,3906.0,10049.0,0.0,0.0,0.0,1288.0,1287.0,1288.0
0.0,25542.0,3894.0,3864.0,3940.0,0.0,0.0,0.0,0.0,1288.0,1287.0,1289.0,1300.0,1290.0,1304.0,10288.0,6502.0,8752.0,0.0,0.0,0.0,1288.0,1287.0,1289.0
0.0,25588.0,3878.0,3864.0,2529.0,294.0,0.0,0.0,294.0,1288.0,1287.0,1289.0,1289.0,1292.0,1297.0,9066.0,9074.0,7448.0,0.0,0.0,294.0,1288.0,1287.0,1289.0
0.0,24239.0,3895.0,3865.0,0.0,1589.0,0.0,0.0,1589.0,1289.0,1287.0,1289.0,1302.0,1298.0,1295.0,7777.0,10311.0,6151.0,0.0,0.0,1589.0,1289.0,1287.0,1289.0
0.0,20344.0,3926.0,3868.0,0.0,4191.0,1284.0,0.0,2907.0,1290.0,1288.0,1290.0,1309.0,1304.0,1313.0,6475.0,9013.0,4856.0,1284.0,0.0,2907.0,1290.0,1288.0,1290.0
0.0,16418.0,3929.0,3870.0,294.0,6567.0,2592.0,48.0,3927.0,1290.0,1289.0,1291.0,1308.0,1312.0,1309.0,5166.0,7709.0,3543.0,2592.0,48.0,3927.0,1290.0,1289.0,1291.0
0.0,12783.0,3917.0,3872.0,1589.0,8905.0,3901.0,1351.0,3653.0,1291.0,1289.0,1292.0,1304.0,1303.0,1310.0,3858.0,6397.0,2528.0,3901.0,1351.0,3653.0,1291.0,1289.0,1292.0
0.0,10455.0,3910.0,3873.0,4191.0,8629.0,3921.0,2660.0,2048.0,1291.0,1290.0,1292.0,1304.0,1304.0,1302.0,2554.0,5094.0,2807.0,3921.0,2660.0,2048.0,1291.0,1290.0,1292.0
0.0,10736.0,3900.0,3873.0,6567.0,6536.0,2626.0,3910.0,0.0,1291.0,1290.0,1292.0,1297.0,1298.0,1305.0,2534.0,3790.0,4412.0,2626.0,3910.0,0.0,1291.0,1290.0,1292.0
0.0,13403.0,3879.0,3873.0,8905.0,3864.0,10.0,3854.0,0.0,1291.0,1290.0,1292.0,1285.0,1295.0,1299.0,3829.0,2540.0,7034.0,10.0,3854.0,0.0,1291.0,1290.0,1292.0
0.0,18429.0,3912.0,3876.0,8629.0,2502.0,0.0,2502.0,0.0,1292.0,1291.0,1293.0,1310.0,1303.0,1299.0,6445.0,2596.0,9388.0,0.0,2502.0,0.0,1292.0,1291.0,1293.0
0.0,23146.0,3937.0,3877.0,6536.0,0.0,0.0,0.0,0.0,1292.0,1291.0,1294.0,1317.0,1309.0,1311.0,9056.0,3953.0,10137.0,0.0,0.0,0.0,1292.0,1291.0,1294.0
0.0,25745.0,3959.0,3880.0,3864.0,0.0,0.0,0.0,0.0,1293.0,1292.0,1295.0,1313.0,1325.0,1321.0,10365.0,6554.0,8826.0,0.0,0.0,0.0,1293.0,1292.0,1295.0
0.0,25650.0,3932.0,3882.0,2502.0,283.0,0.0,0.0,283.0,1294.0,1293.0,1295.0,1311.0,1308.0,1313.0,9062.0,9083.0,7505.0,0.0,0.0,283.0,1294.0,1293.0,1295.0
0.0,24220.0,3916.0,3882.0,0.0,1623.0,32.0,0.0,1591.0,1294.0,1293.0,1295.0,1313.0,1295.0,1308.0,7751.0,10277.0,6192.0,32.0,0.0,1591.0,1294.0,1293.0,1295.0
0.0,20304.0,3907.0,3883.0,0.0,4236.0,1344.0,0.0,2892.0,1295.0,1293.0,1295.0,1307.0,1299.0,1301.0,6438.0,8982.0,4884.0,1344.0,0.0,2892.0,1295.0,1293.0,1295.0
0.0,16397.0,3891.0,3884.0,283.0,6631.0,2643.0,79.0,3909.0,1295.0,1293.0,1296.0,1299.0,1297.0,1295.0,5131.0,7683.0,3583.0,2643.0,79.0,3909.0,1295.0,1293.0,1296.0
0.0,12789.0,3922.0,3885.0,1623.0,8935.0,3917.0,1393.0,3625.0,1295.0,1294.0,1296.0,1306.0,1309.0,1307.0,3832.0,6386.0,2571.0,3917.0,1393.0,3625.0,1295.0,1294.0,1296.0
0.0,10490.0,3960.0,3888.0,4236.0,8674.0,3896.0,2728.0,2050.0,1296.0,1295.0,1297.0,1318.0,1330.0,1312.0,2558.0,5077.0,2855.0,3896.0,2728.0,2050.0,1296.0,1295.0,1297.0
0.0,10766.0,3958.0,3891.0,6631.0,6550.0,2577.0,3973.0,0.0,1297.0,1296.0,1298.0,1319.0,1319.0,1320.0,2584.0,3747.0,4435.0,2577.0,3973.0,0.0,1297.0,1296.0,1298.0
0.0,13439.0,3930.0,3892.0,8772.0,4010.0,132.0,3878.0,0.0,1297.0,1296.0,1299.0,1309.0,1298.0,1323.0,3908.0,2507.0,7024.0,132.0,3878.0,0.0,1297.0,1296.0,1299.0
0.0,18281.0,3921.0,3894.0,7461.0,2466.0,0.0,2466.0,0.0,1298.0,1297.0,1299.0,1307.0,1311.0,1303.0,6353.0,2602.0,9326.0,0.0,2466.0,0.0,1298.0,1297.0,1299.0
0.0,21821.0,3920.0,3894.0,7926.0,0.0,0.0,0.0,0.0,1298.0,1297.0,1299.0,1308.0,1309.0,1303.0,7729.0,4019.0,10073.0,0.0,0.0,0.0,1298.0,1297.0,1299.0
0.0,25827.0,3900.0,3894.0,2278.0,0.0,0.0,0.0,0.0,1298.0,1297.0,1299.0,1302.0,1297.0,1301.0,10374.0,6683.0,8770.0,0.0,0.0,0.0,1298.0,1297.0,1299.0
0.0,24205.0,3934.0,3897.0,2711.0,340.0,0.0,0.0,340.0,1299.0,1298.0,1300.0,1313.0,1312.0,1309.0,9204.0,7532.0,7469.0,0.0,0.0,340.0,1299.0,1298.0,1300.0
0.0,22982.0,3971.0,3898.0,1487.0,1670.0,0.0,0.0,1670.0,1299.0,1298.0,1301.0,1323.0,1323.0,1325.0,7891.0,8931.0,6160.0,0.0,0.0,1670.0,1299.0,1298.0,1301.0
0.0,20498.0,3961.0,3901.0,0.0,4253.0,1251.0,0.0,3002.0,1300.0,1299.0,1302.0,1319.0,1315.0,1327.0,6568.0,9095.0,4835.0,1251.0,0.0,3002.0,1300.0,1299.0,1302.0
0.0,16537.0,3965.0,3903.0,340.0,6603.0,2574.0,44.0,3985.0,1301.0,1300.0,1302.0,1318.0,1324.0,1323.0,5249.0,7780.0,3508.0,2574.0,44.0,3985.0,1301.0,1300.0,1302.0
0.0,12912.0,3935.0,3905.0,1670.0,8878.0,3885.0,1364.0,3629.0,1301.0,1301.0,1303.0,1311.0,1315.0,1309.0,3931.0,6456.0,2525.0,3885.0,1364.0,3629.0,1301.0,1301.0,1303.0
0.0,10647.0,3903.0,3905.0,4253.0,8528.0,3940.0,2662.0,1926.0,1301.0,1301.0,1303.0,1306.0,1298.0,1299.0,2620.0,5141.0,2886.0,3940.0,2662.0,1926.0,1301.0,1301.0,1303.0
0.0,10997.0,3915.0,3906.0,6603.0,6595.0,2674.0,3921.0,0.0,1302.0,1301.0,1303.0,1303.0,1303.0,1309.0,2565.0,3843.0,4589.0,2674.0,3921.0,0.0,1302.0,1301.0,1303.0
0.0,13685.0,3972.0,3908.0,8878.0,3994.0,112.0,3882.0,0.0,1302.0,1302.0,1304.0,1323.0,1320.0,1329.0,3836.0,2584.0,7265.0,112.0,3882.0,0.0,1302.0,1302.0,1304.0
0.0,18591.0,3980.0,3910.0,8528.0,2553.0,0.0,2553.0,0.0,1303.0,1303.0,1304.0,1330.0,1328.0,1322.0,6398.0,2628.0,9565.0,0.0,2553.0,0.0,1303.0,1303.0,1304.0
0.0,23139.0,3963.0,3913.0,6595.0,0.0,0.0,0.0,0.0,1304.0,1304.0,1305.0,1314.0,1324.0,1325.0,9008.0,3962.0,10169.0,0.0,0.0,0.0,1304.0,1304.0,1305.0
0.0,25771.0,3944.0,3914.0,3994.0,0.0,0.0,0.0,0.0,1304.0,1304.0,1306.0,1309.0,1310.0,1325.0,10368.0,6559.0,8844.0,0.0,0.0,0.0,1304.0,1304.0,1306.0
0.0,25821.0,3931.0,3915.0,2553.0,317.0,0.0,0.0,317.0,1305.0,1304.0,1306.0,1320.0,1305.0,1306.0,9171.0,9131.0,7519.0,0.0,0.0,317.0,1305.0,1304.0,1306.0
0.0,24443.0,3915.0,3915.0,0.0,1612.0,0.0,0.0,1612.0,1305.0,1304.0,1306.0,1309.0,1311.0,1295.0,7851.0,10379.0,6213.0,0.0,0.0,1612.0,1305.0,1304.0,1306.0
0.0,20528.0,3934.0,3916.0,0.0,4217.0,1292.0,0.0,2925.0,1305.0,1305.0,1306.0,1309.0,1312.0,1313.0,6542.0,9068.0,4918.0,1292.0,0.0,2925.0,1305.0,1305.0,1306.0
0.0,16594.0,3960.0,3918.0,317.0,6639.0,2613.0,91.0,3935.0,1306.0,1305.0,1307.0,1316.0,1322.0,1322.0,5233.0,7756.0,3605.0,2613.0,91.0,3935.0,1306.0,1305.0,1307.0
0.0,12951.0,3986.0,3920.0,1612.0,9023.0,3953.0,1417.0,3653.0,1307.0,1306.0,1307.0,1335.0,1321.0,1330.0,3917.0,6434.0,2600.0,3953.0,1417.0,3653.0,1307.0,1306.0,1307.0
0.0,10577.0,3955.0,3921.0,4217.0,8766.0,3977.0,2733.0,2056.0,1307.0,1306.0,1308.0,1316.0,1316.0,1323.0,2582.0,5113.0,2882.0,3977.0,2733.0,2056.0,1307.0,1306.0,1308.0
0.0,10839.0,3946.0,3923.0,6639.0,6643.0,2686.0,3957.0,0.0,1308.0,1307.0,1308.0,1317.0,1310.0,1319.0,2558.0,3797.0,4484.0,2686.0,3957.0,0.0,1308.0,1307.0,1308.0
0.0,13532.0,3956.0,3924.0,8915.0,4021.0,161.0,3860.0,0.0,1308.0,1307.0,1309.0,1320.0,1320.0,1316.0,3854.0,2578.0,7100.0,161.0,3860.0,0.0,1308.0,1307.0,1309.0
0.0,18491.0,3939.0,3925.0,7264.0,2446.0,0.0,2446.0,0.0,1308.0,1308.0,1309.0,1314.0,1314.0,1311.0,6379.0,2675.0,9437.0,0.0,2446.0,0.0,1308.0,1308.0,1309.0
0.0,21816.0,3931.0,3925.0,8253.0,0.0,0.0,0.0,0.0,1308.0,1308.0,1309.0,1305.0,1308.0,1318.0,7540.0,4094.0,10182.0,0.0,0.0,0.0,1308.0,1308.0,1309.0
0.0,26138.0,3963.0,3927.0,4021.0,0.0,0.0,0.0,0.0,1309.0,1308.0,1310.0,1320.0,1318.0,1325.0,10531.0,6743.0,8864.0,0.0,0.0,0.0,1309.0,1308.0,1310.0
0.0,26196.0,3986.0,3929.0,2446.0,346.0,0.0,0.0,346.0,1309.0,1309.0,1311.0,1330.0,1326.0,1330.0,9372.0,9285.0,7539.0,0.0,0.0,346.0,1309.0,1309.0,1311.0
0.0,24656.0,3987.0,3931.0,0.0,1674.0,0.0,0.0,1674.0,1310.0,1310.0,1311.0,1328.0,1331.0,1328.0,8042.0,10405.0,6209.0,0.0,0.0,1674.0,1310.0,1310.0,1311.0
0.0,20669.0,3968.0,3933.0,0.0,4167.0,1167.0,0.0,3000.0,1311.0,1310.0,1312.0,1326.0,1321.0,1321.0,6714.0,9074.0,4881.0,1167.0,0.0,3000.0,1311.0,1310.0,1312.0
0.0,16701.0,3954.0,3934.0,346.0,6577.0,2488.0,121.0,3968.0,1311.0,1311.0,1312.0,1321.0,1319.0,1314.0,5388.0,7753.0,3560.0,2488.0,121.0,3968.0,1311.0,1311.0,1312.0
0.0,13093.0,3944.0,3934.0,1674.0,8847.0,3809.0,1426.0,3612.0,1312.0,1310.0,1312.0,1316.0,1310.0,1318.0,4067.0,6434.0,2592.0,3809.0,1426.0,3612.0,1312.0,1310.0,1312.0
0.0,10823.0,3930.0,3936.0,4167.0,8620.0,3941.0,2748.0,1931.0,1312.0,1311.0,1313.0,1299.0,1317.0,1314.0,2751.0,5124.0,2948.0,3941.0,2748.0,1931.0,1312.0,1311.0,1313.0
0.0,11060.0,3974.0,3936.0,6577.0,6727.0,2771.0,3956.0,0.0,1312.0,1311.0,1313.0,1318.0,1329.0,1327.0,2619.0,3807.0,4634.0,2771.0,3956.0,0.0,1312.0,1311.0,1313.0
0.0,13663.0,4013.0,3939.0,8847.0,4185.0,310.0,3875.0,0.0,1313.0,1312.0,1314.0,1343.0,1340.0,1330.0,3789.0,2599.0,7275.0,310.0,3875.0,0.0,1313.0,1312.0,1314.0
0.0,18497.0,3989.0,3941.0,8620.0,2463.0,0.0,2463.0,0.0,1314.0,1313.0,1314.0,1327.0,1331.0,1331.0,6255.0,2685.0,9557.0,0.0,2463.0,0.0,1314.0,1313.0,1314.0
0.0,23128.0,3983.0,3943.0,6727.0,0.0,0.0,0.0,0.0,1314.0,1314.0,1315.0,1331.0,1325.0,1327.0,8869.0,4102.0,10157.0,0.0,0.0,0.0,1314.0,1314.0,1315.0
0.0,25872.0,3976.0,3943.0,4185.0,0.0,0.0,0.0,0.0,1314.0,1314.0,1315.0,1324.0,1330.0,1322.0,10309.0,6733.0,8830.0,0.0,0.0,0.0,1314.0,1314.0,1315.0
0.0,26081.0,3946.0,3943.0,2463.0,381.0,0.0,0.0,381.0,1314.0,1314.0,1315.0,1308.0,1324.0,1314.0,9295.0,9278.0,7508.0,0.0,0.0,381.0,1314.0,1314.0,1315.0
0.0,24598.0,3964.0,3945.0,0.0,1703.0,0.0,0.0,1703.0,1315.0,1315.0,1315.0,1320.0,1322.0,1322.0,7987.0,10417.0,6194.0,0.0,0.0,1703.0,1315.0,1315.0,1315.0
0.0,20634.0,4000.0,3946.0,0.0,4291.0,1244.0,0.0,3047.0,1315.0,1315.0,1316.0,1336.0,1325.0,1339.0,6667.0,9095.0,4872.0,1244.0,0.0,3047.0,1315.0,1315.0,1316.0
0.0,16634.0,3989.0,3949.0,381.0,6719.0,2586.0,136.0,3997.0,1316.0,1316.0,1317.0,1337.0,1326.0,1326.0,5331.0,7770.0,3533.0,2586.0,136.0,3997.0,1316.0,1316.0,1317.0
0.0,13026.0,4012.0,3950.0,1703.0,9033.0,3930.0,1474.0,3629.0,1317.0,1316.0,1317.0,1339.0,1338.0,1335.0,3994.0,6444.0,2588.0,3930.0,1474.0,3629.0,1317.0,1316.0,1317.0
0.0,10717.0,3992.0,3953.0,4291.0,8749.0,4019.0,2804.0,1926.0,1318.0,1317.0,1318.0,1328.0,1325.0,1339.0,2655.0,5106.0,2956.0,4019.0,2804.0,1926.0,1318.0,1317.0,1318.0
0.0,11016.0,3975.0,3953.0,6719.0,6746.0,2762.0,3984.0,0.0,1318.0,1317.0,1318.0,1329.0,1316.0,1330.0,2571.0,3781.0,4664.0,2762.0,3984.0,0.0,1318.0,1317.0,1318.0
0.0,13760.0,3985.0,3954.0,9033.0,3991.0,155.0,3836.0,0.0,1318.0,1317.0,1319.0,1323.0,1326.0,1336.0,3828.0,2601.0,7331.0,155.0,3836.0,0.0,1318.0,1317.0,1319.0
0.0,18808.0,3973.0,3954.0,7488.0,2359.0,0.0,2359.0,0.0,1318.0,1317.0,1319.0,1318.0,1327.0,1328.0,6435.0,2749.0,9624.0,0.0,2359.0,0.0,1318.0,1317.0,1319.0
0.0,22323.0,3993.0,3955.0,8007.0,0.0,0.0,0.0,0.0,1318.0,1318.0,1319.0,1334.0,1333.0,1326.0,7875.0,4226.0,10222.0,0.0,0.0,0.0,1318.0,1318.0,1319.0
0.0,26337.0,4040.0,3958.0,2337.0,0.0,0.0,0.0,0.0,1319.0,1319.0,1320.0,1348.0,1342.0,1350.0,10564.0,6877.0,8896.0,0.0,0.0,0.0,1319.0,1319.0,1320.0
0.0,24634.0,4018.0,3961.0,2972.0,401.0,0.0,0.0,401.0,1320.0,1320.0,1321.0,1339.0,1337.0,1342.0,9371.0,7717.0,7546.0,0.0,0.0,401.0,1320.0,1320.0,1321.0
0.0,23588.0,4002.0,3963.0,1041.0,1745.0,0.0,0.0,1745.0,1321.0,1320.0,1322.0,1335.0,1328.0,1339.0,8032.0,9352.0,6204.0,0.0,0.0,1745.0,1321.0,1320.0,1322.0
0.0,20627.0,3993.0,3963.0,0.0,4318.0,1236.0,0.0,3082.0,1321.0,1320.0,1322.0,1328.0,1328.0,1337.0,6697.0,9065.0,4865.0,1236.0,0.0,3082.0,1321.0,1320.0,1322.0
0.0,16634.0,3988.0,3963.0,401.0,6768.0,2563.0,195.0,4010.0,1321.0,1320.0,1322.0,1327.0,1332.0,1329.0,5369.0,7737.0,3528.0,2563.0,195.0,4010.0,1321.0,1320.0,1322.0
0.0,13047.0,3979.0,3964.0,1745.0,9007.0,3884.0,1530.0,3593.0,1321.0,1321.0,1322.0,1321.0,1330.0,1328.0,4042.0,6405.0,2600.0,3884.0,1530.0,3593.0,1321.0,1321.0,1322.0
0.0,10813.0,3997.0,3966.0,4318.0,8696.0,3987.0,2867.0,1842.0,1322.0,1321.0,1323.0,1334.0,1337.0,1326.0,2721.0,5075.0,3017.0,3987.0,2867.0,1842.0,1322.0,1321.0,1323.0
0.0,11134.0,4020.0,3969.0,6768.0,6782.0,2781.0,4001.0,0.0,1323.0,1322.0,1324.0,1352.0,1324.0,1344.0,2623.0,3738.0,4773.0,2781.0,4001.0,0.0,1323.0,1322.0,1324.0
0.0,13882.0,4045.0,3971.0,9007.0,4068.0,240.0,3828.0,0.0,1323.0,1323.0,1325.0,1343.0,1352.0,1350.0,3834.0,2609.0,7439.0,240.0,3828.0,0.0,1323.0,1323.0,1325.0
0.0,18844.0,4037.0,3973.0,8696.0,2321.0,0.0,2321.0,0.0,1324.0,1324.0,1325.0,1331.0,1355.0,1351.0,6375.0,2787.0,9682.0,0.0,2321.0,0.0,1324.0,1324.0,1325.0
0.0,23503.0,4010.0,3974.0,6782.0,0.0,0.0,0.0,0.0,1324.0,1324.0,1326.0,1342.0,1336.0,1332.0,9031.0,4299.0,10173.0,0.0,0.0,0.0,1324.0,1324.0,1326.0
0.0,26275.0,3967.0,3973.0,4068.0,0.0,0.0,0.0,0.0,1324.0,1324.0,1325.0,1328.0,1318.0,1321.0,10470.0,6964.0,8841.0,0.0,0.0,0.0,1324.0,1324.0,1325.0
0.0,26376.0,3977.0,3974.0,2321.0,440.0,0.0,0.0,440.0,1324.0,1324.0,1326.0,1323.0,1324.0,1330.0,9382.0,9474.0,7520.0,0.0,0.0,440.0,1324.0,1324.0,1326.0
0.0,24720.0,4007.0,3975.0,0.0,1777.0,0.0,0.0,1777.0,1325.0,1324.0,1326.0,1337.0,1333.0,1337.0,8059.0,10471.0,6190.0,0.0,0.0,1777.0,1325.0,1324.0,1326.0
0.0,20713.0,4034.0,3978.0,0.0,4380.0,1252.0,0.0,3128.0,1326.0,1325.0,1327.0,1344.0,1344.0,1346.0,6722.0,9138.0,4853.0,1252.0,0.0,3128.0,1326.0,1325.0,1327.0
0.0,16679.0,4044.0,3980.0,440.0,6825.0,2602.0,177.0,4046.0,1326.0,1326.0,1328.0,1350.0,1341.0,1353.0,5378.0,7794.0,3507.0,2602.0,177.0,4046.0,1326.0,1326.0,1328.0
0.0,13075.0,4014.0,3981.0,1777.0,9067.0,3945.0,1513.0,3609.0,1327.0,1326.0,1328.0,1338.0,1336.0,1340.0,4028.0,6453.0,2594.0,3945.0,1513.0,3609.0,1327.0,1326.0,1328.0
0.0,10838.0,4003.0,3981.0,4380.0,8690.0,4034.0,2841.0,1815.0,1327.0,1326.0,1328.0,1341.0,1328.0,1334.0,2690.0,5117.0,3031.0,4034.0,2841.0,1815.0,1327.0,1326.0,1328.0
0.0,11215.0,3993.0,3981.0,6825.0,6758.0,2763.0,3995.0,0.0,1327.0,1326.0,1328.0,1331.0,1331.0,1331.0,2601.0,3789.0,4825.0,2763.0,3995.0,0.0,1327.0,1326.0,1328.0
0.0,14047.0,3997.0,3983.0,9067.0,3965.0,137.0,3828.0,0.0,1327.0,1327.0,1329.0,1319.0,1341.0,1337.0,3872.0,2635.0,7540.0,137.0,3828.0,0.0,1327.0,1327.0,1329.0
0.0,19117.0,4022.0,3985.0,7133.0,2335.0,0.0,2335.0,0.0,1328.0,1328.0,1329.0,1335.0,1343.0,1344.0,6498.0,2807.0,9812.0,0.0,2335.0,0.0,1328.0,1328.0,1329.0
0.0,22228.0,4040.0,3987.0,8315.0,0.0,0.0,0.0,0.0,1329.0,1328.0,1330.0,1352.0,1338.0,1350.0,7640.0,4305.0,10283.0,0.0,0.0,0.0,1329.0,1328.0,1330.0
0.0,26503.0,4030.0,3989.0,3965.0,0.0,0.0,0.0,0.0,1329.0,1329.0,1331.0,1335.0,1341.0,1354.0,10608.0,6962.0,8933.0,0.0,0.0,0.0,1329.0,1329.0,1331.0
0.0,26438.0,4031.0,3991.0,2335.0,424.0,0.0,0.0,424.0,1330.0,1329.0,1332.0,1341.0,1347.0,1343.0,9410.0,9449.0,7579.0,0.0,0.0,424.0,1330.0,1329.0,1332.0
0.0,24742.0,4012.0,3991.0,0.0,1762.0,0.0,0.0,1762.0,1330.0,1329.0,1332.0,1337.0,1337.0,1338.0,8069.0,10437.0,6236.0,0.0,0.0,1762.0,1330.0,1329.0,1332.0
0.0,20730.0,4010.0,3992.0,0.0,4353.0,1257.0,0.0,3096.0,1330.0,1330.0,1332.0,1339.0,1337.0,1334.0,6732.0,9100.0,4898.0,1257.0,0.0,3096.0,1330.0,1330.0,1332.0
0.0,16720.0,4001.0,3992.0,424.0,6817.0,2586.0,220.0,4011.0,1330.0,1330.0,1332.0,1329.0,1333.0,1339.0,5393.0,7763.0,3564.0,2586.0,220.0,4011.0,1330.0,1330.0,1332.0
0.0,13143.0,4038.0,3995.0,1762.0,9108.0,3940.0,1565.0,3603.0,1331.0,1331.0,1333.0,1349.0,1340.0,1349.0,4064.0,6430.0,2649.0,3940.0,1565.0,3603.0,1331.0,1331.0,1333.0
0.0,10867.0,4067.0,3997.0,4353.0,8832.0,4044.0,2918.0,1870.0,1332.0,1331.0,1334.0,1356.0,1353.0,1358.0,2715.0,5090.0,3062.0,4044.0,2918.0,1870.0,1332.0,1331.0,1334.0
0.0,11153.0,4058.0,3999.0,6817.0,6866.0,2808.0,4058.0,0.0,1332.0,1332.0,1335.0,1350.0,1355.0,1353.0,2616.0,3737.0,4800.0,2808.0,4058.0,0.0,1332.0,1332.0,1335.0
0.0,13912.0,4054.0,4001.0,9108.0,4068.0,216.0,3852.0,0.0,1333.0,1333.0,1335.0,1343.0,1354.0,1357.0,3852.0,2602.0,7458.0,216.0,3852.0,0.0,1333.0,1333.0,1335.0
0.0,18966.0,4025.0,4001.0,8832.0,2271.0,0.0,2271.0,0.0,1333.0,1333.0,1335.0,1350.0,1337.0,1338.0,6449.0,2813.0,9704.0,0.0,2271.0,0.0,1333.0,1333.0,1335.0
0.0,23773.0,4028.0,4003.0,6866.0,0.0,0.0,0.0,0.0,1334.0,1333.0,1336.0,1351.0,1334.0,1343.0,9143.0,4394.0,10236.0,0.0,0.0,0.0,1334.0,1333.0,1336.0
0.0,26611.0,4015.0,4004.0,4068.0,0.0,0.0,0.0,0.0,1334.0,1334.0,1336.0,1327.0,1353.0,1335.0,10600.0,7118.0,8893.0,0.0,0.0,0.0,1334.0,1334.0,1336.0
0.0,26664.0,4038.0,4005.0,2271.0,476.0,0.0,0.0,476.0,1334.0,1334.0,1337.0,1342.0,1347.0,1349.0,9489.0,9617.0,7558.0,0.0,0.0,476.0,1334.0,1334.0,1337.0
0.0,24897.0,4069.0,4007.0,0.0,1833.0,0.0,0.0,1833.0,1335.0,1335.0,1337.0,1363.0,1349.0,1357.0,8147.0,10541.0,6209.0,0.0,0.0,1833.0,1335.0,1335.0,1337.0
0.0,20828.0,4079.0,4010.0,0.0,4456.0,1255.0,0.0,3201.0,1336.0,1336.0,1338.0,1359.0,1357.0,1363.0,6784.0,9192.0,4852.0,1255.0,0.0,3201.0,1336.0,1336.0,1338.0
0.0,16749.0,4046.0,4012.0,476.0,6881.0,2607.0,193.0,4081.0,1337.0,1336.0,1339.0,1347.0,1348.0,1351.0,5425.0,7835.0,3489.0,2607.0,193.0,4081.0,1337.0,1336.0,1339.0
0.0,13179.0,4051.0,4013.0,1833.0,9104.0,3962.0,1550.0,3592.0,1337.0,1337.0,1339.0,1355.0,1352.0,1344.0,4078.0,6487.0,2614.0,3962.0,1550.0,3592.0,1337.0,1337.0,1339.0
0.0,10961.0,4038.0,4013.0,4456.0,8686.0,4054.0,2898.0,1734.0,1337.0,1337.0,1339.0,1347.0,1348.0,1343.0,2723.0,5135.0,3103.0,4054.0,2898.0,1734.0,1337.0,1337.0,1339.0
0.0,11379.0,4030.0,4015.0,6881.0,6840.0,2789.0,4051.0,0.0,1338.0,1337.0,1340.0,1337.0,1346.0,1347.0,2631.0,3787.0,4961.0,2789.0,4051.0,0.0,1338.0,1337.0,1340.0
0.0,14230.0,4056.0,4016.0,9104.0,4033.0,176.0,3857.0,0.0,1338.0,1338.0,1340.0,1349.0,1351.0,1356.0,3901.0,2634.0,7695.0,176.0,3857.0,0.0,1338.0,1338.0,1340.0
0.0,19278.0,4080.0,4018.0,7883.0,2320.0,0.0,2320.0,0.0,1339.0,1338.0,1341.0,1363.0,1361.0,1356.0,6514.0,2833.0,9931.0,0.0,2320.0,0.0,1339.0,1338.0,1341.0
0.0,23081.0,4080.0,4021.0,7643.0,0.0,0.0,0.0,0.0,1340.0,1339.0,1342.0,1359.0,1367.0,1354.0,8402.0,4370.0,10309.0,0.0,0.0,0.0,1340.0,1339.0,1342.0
0.0,26644.0,4078.0,4022.0,3003.0,0.0,0.0,0.0,0.0,1340.0,1340.0,1342.0,1360.0,1366.0,1352.0,10635.0,7054.0,8955.0,0.0,0.0,0.0,1340.0,1340.0,1342.0
0.0,25569.0,4055.0,4024.0,2272.0,454.0,0.0,0.0,454.0,1341.0,1341.0,1342.0,1356.0,1352.0,1347.0,9451.0,8515.0,7603.0,0.0,0.0,454.0,1341.0,1341.0,1342.0
0.0,23786.0,4033.0,4025.0,1078.0,1809.0,0.0,0.0,1809.0,1341.0,1341.0,1343.0,1343.0,1340.0,1350.0,8095.0,9435.0,6256.0,0.0,0.0,1809.0,1341.0,1341.0,1343.0
0.0,20831.0,4049.0,4025.0,0.0,4459.0,1300.0,0.0,3159.0,1341.0,1341.0,1343.0,1347.0,1352.0,1350.0,6752.0,9173.0,4906.0,1300.0,0.0,3159.0,1341.0,1341.0,1343.0
0.0,16782.0,4055.0,4026.0,454.0,6949.0,2650.0,244.0,4055.0,1341.0,1342.0,1343.0,1350.0,1355.0,1350.0,5405.0,7821.0,3556.0,2650.0,244.0,4055.0,1341.0,1342.0,1343.0
0.0,13181.0,4079.0,4029.0,1809.0,9234.0,4019.0,1613.0,3602.0,1342.0,1343.0,1344.0,1364.0,1364.0,1351.0,4055.0,6466.0,2660.0,4019.0,1613.0,3602.0,1342.0,1343.0,1344.0
0.0,10911.0,4068.0,4030.0,4459.0,8848.0,4080.0,2975.0,1793.0,1343.0,1343.0,1344.0,1356.0,1362.0,1350.0,2691.0,5102.0,3118.0,4080.0,2975.0,1793.0,1343.0,1343.0,1344.0
0.0,11302.0,4066.0,4032.0,6949.0,6870.0,2779.0,4091.0,0.0,1343.0,1344.0,1345.0,1349.0,1355.0,1362.0,2635.0,3740.0,4927.0,2779.0,4091.0,0.0,1343.0,1344.0,1345.0
0.0,14185.0,4065.0,4033.0,9234.0,3955.0,126.0,3829.0,0.0,1344.0,1344.0,1345.0,1361.0,1351.0,1353.0,3936.0,2629.0,7620.0,126.0,3829.0,0.0,1344.0,1344.0,1345.0
0.0,19354.0,4046.0,4033.0,8848.0,2204.0,0.0,2204.0,0.0,1344.0,1344.0,1345.0,1345.0,1350.0,1351.0,6594.0,2891.0,9869.0,0.0,2204.0,0.0,1344.0,1344.0,1345.0
0.0,24156.0,4049.0,4034.0,6870.0,0.0,0.0,0.0,0.0,1344.0,1345.0,1345.0,1343.0,1354.0,1352.0,9329.0,4516.0,10311.0,0.0,0.0,0.0,1344.0,1345.0,1345.0
0.0,26977.0,4080.0,4035.0,3955.0,0.0,0.0,0.0,0.0,1344.0,1345.0,1346.0,1363.0,1351.0,1366.0,10765.0,7253.0,8959.0,0.0,0.0,0.0,1344.0,1345.0,1346.0
0.0,26852.0,4090.0,4037.0,2204.0,497.0,0.0,0.0,497.0,1345.0,1346.0,1346.0,1373.0,1357.0,1360.0,9528.0,9731.0,7593.0,0.0,0.0,497.0,1345.0,1346.0,1346.0
0.0,24966.0,4073.0,4039.0,0.0,1855.0,0.0,0.0,1855.0,1346.0,1346.0,1347.0,1358.0,1362.0,1353.0,8155.0,10578.0,6233.0,0.0,0.0,1855.0,1346.0,1346.0,1347.0
0.0,20893.0,4077.0,4040.0,0.0,4501.0,1286.0,0.0,3215.0,1346.0,1347.0,1347.0,1353.0,1364.0,1360.0,6797.0,9216.0,4880.0,1286.0,0.0,3215.0,1346.0,1347.0,1347.0
0.0,16816.0,4073.0,4042.0,497.0,6970.0,2648.0,243.0,4079.0,1347.0,1347.0,1348.0,1357.0,1360.0,1356.0,5444.0,7852.0,3520.0,2648.0,243.0,4079.0,1347.0,1347.0,1348.0
0.0,13240.0,4050.0,4042.0,1855.0,9165.0,3996.0,1590.0,3579.0,1347.0,1347.0,1348.0,1348.0,1347.0,1355.0,4087.0,6492.0,2661.0,3996.0,1590.0,3579.0,1347.0,1347.0,1348.0
0.0,11045.0,4042.0,4042.0,4501.0,8706.0,4050.0,2938.0,1718.0,1347.0,1347.0,1348.0,1340.0,1348.0,1354.0,2739.0,5145.0,3161.0,4050.0,2938.0,1718.0,1347.0,1347.0,1348.0
0.0,11504.0,4071.0,4042.0,6970.0,6807.0,2759.0,4048.0,0.0,1347.0,1347.0,1348.0,1357.0,1353.0,1361.0,2685.0,3797.0,5022.0,2759.0,4048.0,0.0,1347.0,1347.0,1348.0
0.0,14403.0,4104.0,4045.0,9165.0,3974.0,139.0,3835.0,0.0,1348.0,1348.0,1349.0,1371.0,1372.0,1361.0,3976.0,2687.0,7740.0,139.0,3835.0,0.0,1348.0,1348.0,1349.0
0.0,19464.0,4117.0,4049.0,7197.0,2288.0,0.0,2288.0,0.0,1349.0,1350.0,1350.0,1367.0,1381.0,1369.0,6601.0,2905.0,9958.0,0.0,2288.0,0.0,1349.0,1350.0,1350.0
0.0,22544.0,4084.0,4049.0,8316.0,0.0,0.0,0.0,0.0,1349.0,1350.0,1350.0,1361.0,1359.0,1364.0,7775.0,4462.0,10307.0,0.0,0.0,0.0,1349.0,1350.0,1350.0
0.0,26776.0,4102.0,4051.0,3974.0,0.0,0.0,0.0,0.0,1350.0,1350.0,1351.0,1369.0,1363.0,1370.0,10682.0,7151.0,8943.0,0.0,0.0,0.0,1350.0,1350.0,1351.0
0.0,26648.0,4079.0,4052.0,2288.0,541.0,0.0,0.0,541.0,1350.0,1351.0,1351.0,1358.0,1362.0,1359.0,9452.0,9623.0,7573.0,0.0,0.0,541.0,1350.0,1351.0,1351.0
0.0,24857.0,4069.0,4052.0,0.0,1905.0,12.0,0.0,1893.0,1350.0,1351.0,1351.0,1356.0,1361.0,1352.0,8094.0,10549.0,6214.0,12.0,0.0,1893.0,1350.0,1351.0,1351.0
0.0,20788.0,4082.0,4055.0,0.0,4634.0,1384.0,0.0,3250.0,1351.0,1352.0,1352.0,1367.0,1363.0,1352.0,6738.0,9188.0,4862.0,1384.0,0.0,3250.0,1351.0,1352.0,1352.0
0.0,16706.0,4123.0,4057.0,541.0,7161.0,2768.0,313.0,4080.0,1352.0,1353.0,1352.0,1379.0,1373.0,1371.0,5371.0,7825.0,3510.0,2768.0,313.0,4080.0,1352.0,1353.0,1352.0
0.0,13124.0,4081.0,4058.0,1905.0,9342.0,4119.0,1670.0,3553.0,1352.0,1353.0,1353.0,1363.0,1357.0,1361.0,3992.0,6452.0,2680.0,4119.0,1670.0,3553.0,1352.0,1353.0,1353.0
0.0,10948.0,4107.0,4060.0,4634.0,8825.0,4100.0,3047.0,1678.0,1353.0,1354.0,1353.0,1360.0,1372.0,1375.0,2641.0,5095.0,3212.0,4100.0,3047.0,1678.0,1353.0,1354.0,1353.0
0.0,11475.0,4097.0,4061.0,7161.0,6798.0,2695.0,4103.0,0.0,1353.0,1354.0,1354.0,1363.0,1369.0,1365.0,2665.0,3723.0,5087.0,2695.0,4103.0,0.0,1353.0,1354.0,1354.0
0.0,14539.0,4079.0,4063.0,9342.0,3798.0,0.0,3798.0,0.0,1354.0,1355.0,1354.0,1358.0,1360.0,1361.0,4070.0,2667.0,7802.0,0.0,3798.0,0.0,1354.0,1355.0,1354.0
0.0,19802.0,4061.0,4063.0,8825.0,2105.0,0.0,2105.0,0.0,1354.0,1355.0,1354.0,1351.0,1354.0,1356.0,6831.0,2977.0,9994.0,0.0,2105.0,0.0,1354.0,1355.0,1354.0
0.0,24566.0,4095.0,4064.0,6798.0,0.0,0.0,0.0,0.0,1354.0,1355.0,1355.0,1366.0,1363.0,1366.0,9580.0,4670.0,10316.0,0.0,0.0,0.0,1354.0,1355.0,1355.0
0.0,27269.0,4146.0,4067.0,3798.0,0.0,0.0,0.0,0.0,1355.0,1356.0,1356.0,1386.0,1376.0,1384.0,10909.0,7410.0,8950.0,0.0,0.0,0.0,1355.0,1356.0,1356.0
0.0,26921.0,4129.0,4069.0,2105.0,588.0,0.0,0.0,588.0,1356.0,1357.0,1356.0,1375.0,1380.0,1374.0,9523.0,9832.0,7566.0,0.0,0.0,588.0,1356.0,1357.0,1356.0
0.0,24897.0,4120.0,4072.0,0.0,1977.0,5.0,0.0,1972.0,1357.0,1358.0,1357.0,1368.0,1373.0,1379.0,8148.0,10557.0,6192.0,5.0,0.0,1972.0,1357.0,1358.0,1357.0
0.0,20777.0,4102.0,4072.0,0.0,4718.0,1372.0,0.0,3346.0,1357.0,1358.0,1357.0,1367.0,1361.0,1374.0,6780.0,9184.0,4813.0,1372.0,0.0,3346.0,1357.0,1358.0,1357.0
0.0,16675.0,4051.0,4072.0,588.0,7148.0,2727.0,319.0,4102.0,1357.0,1358.0,1357.0,1355.0,1352.0,1344.0,5413.0,7823.0,3439.0,2727.0,319.0,4102.0,1357.0,1358.0,1357.0
0.0,13212.0,4094.0,4072.0,1977.0,9265.0,4090.0,1678.0,3497.0,1357.0,1358.0,1357.0,1368.0,1359.0,1367.0,4058.0,6471.0,2683.0,4090.0,1678.0,3497.0,1357.0,1358.0,1357.0
0.0,11095.0,4116.0,4075.0,4718.0,8678.0,4090.0,3066.0,1522.0,1358.0,1359.0,1358.0,1367.0,1383.0,1366.0,2695.0,5112.0,3288.0,4090.0,3066.0,1522.0,1358.0,1359.0,1358.0
0.0,11697.0,4139.0,4075.0,7148.0,6868.0,2747.0,4121.0,0.0,1358.0,1359.0,1358.0,1384.0,1374.0,1381.0,2700.0,3729.0,5268.0,2747.0,4121.0,0.0,1358.0,1359.0,1358.0
0.0,14706.0,4119.0,4078.0,9265.0,3852.0,35.0,3817.0,0.0,1359.0,1360.0,1359.0,1373.0,1369.0,1377.0,4043.0,2674.0,7989.0,35.0,3817.0,0.0,1359.0,1360.0,1359.0
0.0,19852.0,4109.0,4080.0,8107.0,2123.0,0.0,2123.0,0.0,1360.0,1360.0,1360.0,1370.0,1372.0,1367.0,6760.0,2983.0,10109.0,0.0,2123.0,0.0,1360.0,1360.0,1360.0
0.0,23850.0,4111.0,4081.0,7439.0,0.0,0.0,0.0,0.0,1360.0,1361.0,1360.0,1377.0,1371.0,1363.0,8909.0,4677.0,10264.0,0.0,0.0,0.0,1360.0,1361.0,1360.0
0.0,27178.0,4090.0,4081.0,3435.0,0.0,0.0,0.0,0.0,1360.0,1361.0,1360.0,1369.0,1360.0,1361.0,10850.0,7427.0,8901.0,0.0,0.0,0.0,1360.0,1361.0,1360.0
0.0,26523.0,4090.0,4081.0,1799.0,630.0,0.0,0.0,630.0,1360.0,1361.0,1360.0,1359.0,1361.0,1370.0,9516.0,9467.0,7540.0,0.0,0.0,630.0,1360.0,1361.0,1360.0
0.0,24232.0,4117.0,4083.0,741.0,2033.0,26.0,0.0,2007.0,1361.0,1361.0,1361.0,1378.0,1367.0,1372.0,8157.0,9905.0,6170.0,26.0,0.0,2007.0,1361.0,1361.0,1361.0
0.0,20856.0,4167.0,4086.0,0.0,4824.0,1414.0,0.0,3410.0,1362.0,1362.0,1362.0,1383.0,1386.0,1398.0,6779.0,9279.0,4798.0,1414.0,0.0,3410.0,1362.0,1362.0,1362.0
0.0,16689.0,4146.0,4087.0,630.0,7262.0,2794.0,302.0,4166.0,1362.0,1363.0,1362.0,1380.0,1380.0,1386.0,5396.0,7893.0,3400.0,2794.0,302.0,4166.0,1362.0,1363.0,1362.0
0.0,13173.0,4139.0,4089.0,2033.0,9378.0,4156.0,1679.0,3543.0,1363.0,1363.0,1363.0,1383.0,1377.0,1379.0,4016.0,6513.0,2644.0,4156.0,1679.0,3543.0,1363.0,1363.0,1363.0
0.0,11067.0,4108.0,4089.0,4824.0,8662.0,4115.0,3050.0,1497.0,1363.0,1363.0,1363.0,1373.0,1371.0,1364.0,2659.0,5136.0,3272.0,4115.0,3050.0,1497.0,1363.0,1363.0,1363.0
0.0,11783.0,4091.0,4089.0,7262.0,6799.0,2691.0,4108.0,0.0,1363.0,1363.0,1363.0,1370.0,1360.0,1361.0,2700.0,3765.0,5318.0,2691.0,4108.0,0.0,1363.0,1363.0,1363.0
0.0,14954.0,4096.0,4090.0,9378.0,3791.0,0.0,3791.0,0.0,1364.0,1363.0,1363.0,1370.0,1362.0,1364.0,4124.0,2707.0,8123.0,0.0,3791.0,0.0,1364.0,1363.0,1363.0
0.0,20236.0,4126.0,4092.0,8662.0,2126.0,0.0,2126.0,0.0,1364.0,1364.0,1364.0,1370.0,1380.0,1376.0,6910.0,3024.0,10302.0,0.0,2126.0,0.0,1364.0,1364.0,1364.0
0.0,24772.0,4155.0,4094.0,6799.0,0.0,0.0,0.0,0.0,1365.0,1364.0,1365.0,1388.0,1385.0,1382.0,9655.0,4694.0,10423.0,0.0,0.0,0.0,1365.0,1364.0,1365.0
0.0,27416.0,4142.0,4095.0,3791.0,0.0,0.0,0.0,0.0,1365.0,1365.0,1365.0,1383.0,1384.0,1375.0,10958.0,7417.0,9041.0,0.0,0.0,0.0,1365.0,1365.0,1365.0
0.0,27065.0,4131.0,4098.0,2126.0,543.0,0.0,0.0,543.0,1366.0,1366.0,1366.0,1371.0,1381.0,1379.0,9575.0,9824.0,7666.0,0.0,0.0,543.0,1366.0,1366.0,1366.0
0.0,25060.0,4122.0,4098.0,0.0,1918.0,5.0,0.0,1913.0,1366.0,1366.0,1366.0,1379.0,1373.0,1370.0,8204.0,10569.0,6287.0,5.0,0.0,1913.0,1366.0,1366.0,1366.0
0.0,20938.0,4104.0,4098.0,0.0,4652.0,1371.0,0.0,3281.0,1366.0,1366.0,1366.0,1366.0,1370.0,1368.0,6825.0,9196.0,4917.0,1371.0,0.0,3281.0,1366.0,1366.0,1366.0
0.0,16834.0,4127.0,4100.0,543.0,7250.0,2754.0,374.0,4122.0,1367.0,1366.0,1367.0,1378.0,1370.0,1379.0,5459.0,7826.0,3549.0,2754.0,374.0,4122.0,1367.0,1366.0,1367.0
0.0,13250.0,4122.0,4101.0,1918.0,9459.0,4124.0,1746.0,3589.0,1367.0,1367.0,1367.0,1375.0,1367.0,1380.0,4081.0,6456.0,2713.0,4124.0,1746.0,3589.0,1367.0,1367.0,1367.0
0.0,11046.0,4159.0,4103.0,4652.0,8976.0,4150.0,3128.0,1698.0,1368.0,1367.0,1368.0,1392.0,1382.0,1385.0,2711.0,5089.0,3246.0,4150.0,3128.0,1698.0,1368.0,1367.0,1368.0
0.0,11539.0,4163.0,4106.0,7250.0,6932.0,2787.0,4145.0,0.0,1369.0,1368.0,1369.0,1386.0,1386.0,1391.0,2690.0,3707.0,5142.0,2787.0,4145.0,0.0,1369.0,1368.0,1369.0
0.0,14626.0,4143.0,4106.0,9459.0,3823.0,43.0,3780.0,0.0,1369.0,1368.0,1369.0,1380.0,1381.0,1382.0,4058.0,2695.0,7873.0,43.0,3780.0,0.0,1369.0,1368.0,1369.0
0.0,19942.0,4131.0,4107.0,7454.0,2033.0,0.0,2033.0,0.0,1369.0,1369.0,1369.0,1379.0,1376.0,1376.0,6802.0,3060.0,10080.0,0.0,2033.0,0.0,1369.0,1369.0,1369.0
0.0,23265.0,4119.0,4109.0,8454.0,0.0,0.0,0.0,0.0,1370.0,1369.0,1370.0,1375.0,1368.0,1376.0,8051.0,4812.0,10402.0,0.0,0.0,0.0,1370.0,1369.0,1370.0
0.0,27600.0,4117.0,4109.0,3823.0,0.0,0.0,0.0,0.0,1370.0,1369.0,1370.0,1372.0,1367.0,1378.0,10985.0,7589.0,9026.0,0.0,0.0,0.0,1370.0,1369.0,1370.0
0.0,27306.0,4149.0,4110.0,2033.0,594.0,0.0,0.0,594.0,1370.0,1369.0,1371.0,1381.0,1381.0,1387.0,9656.0,10002.0,7648.0,0.0,0.0,594.0,1370.0,1369.0,1371.0
0.0,25190.0,4173.0,4112.0,0.0,1985.0,0.0,0.0,1985.0,1371.0,1370.0,1371.0,1396.0,1386.0,1391.0,8275.0,10654.0,6261.0,0.0,0.0,1985.0,1371.0,1370.0,1371.0
0.0,21017.0,4158.0,4115.0,0.0,4744.0,1360.0,0.0,3384.0,1372.0,1371.0,1372.0,1379.0,1385.0,1394.0,6879.0,9268.0,4870.0,1360.0,0.0,3384.0,1372.0,1371.0,1372.0
0.0,16859.0,4155.0,4116.0,594.0,7282.0,2745.0,361.0,4176.0,1373.0,1371.0,1372.0,1380.0,1389.0,1386.0,5500.0,7883.0,3476.0,2745.0,361.0,4176.0,1373.0,1371.0,1372.0
0.0,13298.0,4151.0,4118.0,1985.0,9458.0,4129.0,1745.0,3584.0,1373.0,1372.0,1373.0,1384.0,1379.0,1388.0,4120.0,6494.0,2684.0,4129.0,1745.0,3584.0,1373.0,1372.0,1373.0
0.0,11132.0,4120.0,4117.0,4744.0,8829.0,4147.0,3106.0,1576.0,1373.0,1371.0,1373.0,1378.0,1366.0,1376.0,2736.0,5115.0,3281.0,4147.0,3106.0,1576.0,1373.0,1371.0,1373.0
0.0,11756.0,4124.0,4118.0,7282.0,6898.0,2772.0,4126.0,0.0,1373.0,1372.0,1373.0,1370.0,1376.0,1378.0,2718.0,3749.0,5289.0,2772.0,4126.0,0.0,1373.0,1372.0,1373.0
0.0,14914.0,4163.0,4120.0,9458.0,3807.0,37.0,3770.0,0.0,1374.0,1372.0,1374.0,1389.0,1389.0,1385.0,4093.0,2734.0,8087.0,37.0,3770.0,0.0,1374.0,1372.0,1374.0
0.0,20209.0,4176.0,4121.0,8829.0,2056.0,0.0,2056.0,0.0,1374.0,1373.0,1374.0,1396.0,1387.0,1393.0,6833.0,3090.0,10286.0,0.0,2056.0,0.0,1374.0,1373.0,1374.0
0.0,24862.0,4175.0,4123.0,6898.0,0.0,0.0,0.0,0.0,1375.0,1373.0,1375.0,1385.0,1392.0,1398.0,9584.0,4809.0,10469.0,0.0,0.0,0.0,1375.0,1373.0,1375.0
0.0,27585.0,4168.0,4125.0,3807.0,0.0,0.0,0.0,0.0,1375.0,1374.0,1376.0,1389.0,1390.0,1389.0,10971.0,7543.0,9071.0,0.0,0.0,0.0,1375.0,1374.0,1376.0
0.0,27224.0,4164.0,4125.0,2056.0,585.0,0.0,0.0,585.0,1375.0,1374.0,1376.0,1388.0,1389.0,1387.0,9619.0,9923.0,7682.0,0.0,0.0,585.0,1375.0,1374.0,1376.0
0.0,25116.0,4141.0,4127.0,0.0,2008.0,25.0,0.0,1983.0,1376.0,1374.0,1377.0,1376.0,1372.0,1393.0,8231.0,10590.0,6295.0,25.0,0.0,1983.0,1376.0,1374.0,1377.0
0.0,20975.0,4147.0,4127.0,0.0,4776.0,1411.0,0.0,3365.0,1376.0,1374.0,1377.0,1386.0,1379.0,1382.0,6855.0,9218.0,4902.0,1411.0,0.0,3365.0,1376.0,1374.0,1377.0
0.0,16828.0,4155.0,4129.0,585.0,7387.0,2807.0,422.0,4158.0,1377.0,1375.0,1377.0,1391.0,1386.0,1378.0,5469.0,7839.0,3520.0,2807.0,422.0,4158.0,1377.0,1375.0,1377.0
0.0,13258.0,4178.0,4131.0,2008.0,9567.0,4183.0,1813.0,3571.0,1378.0,1375.0,1378.0,1396.0,1391.0,1391.0,4078.0,6453.0,2727.0,4183.0,1813.0,3571.0,1378.0,1375.0,1378.0
0.0,11088.0,4213.0,4134.0,4776.0,9019.0,4182.0,3225.0,1612.0,1379.0,1376.0,1379.0,1405.0,1407.0,1401.0,2707.0,5062.0,3319.0,4182.0,3225.0,1612.0,1379.0,1376.0,1379.0
0.0,11651.0,4199.0,4135.0,7387.0,6980.0,2770.0,4210.0,0.0,1379.0,1377.0,1379.0,1395.0,1402.0,1402.0,2713.0,3655.0,5283.0,2770.0,4210.0,0.0,1379.0,1377.0,1379.0
0.0,14839.0,4174.0,4136.0,9558.0,3779.0,0.0,3779.0,0.0,1379.0,1377.0,1380.0,1396.0,1382.0,1396.0,4125.0,2675.0,8039.0,0.0,3779.0,0.0,1379.0,1377.0,1380.0
0.0,20223.0,4142.0,4136.0,7603.0,1934.0,0.0,1934.0,0.0,1379.0,1377.0,1380.0,1380.0,1380.0,1382.0,6903.0,3106.0,10214.0,0.0,1934.0,0.0,1379.0,1377.0,1380.0
0.0,23684.0,4142.0,4137.0,8405.0,0.0,0.0,0.0,0.0,1380.0,1377.0,1380.0,1375.0,1385.0,1382.0,8289.0,4951.0,10444.0,0.0,0.0,0.0,1380.0,1377.0,1380.0
0.0,27947.0,4190.0,4138.0,3779.0,0.0,0.0,0.0,0.0,1380.0,1378.0,1380.0,1389.0,1410.0,1391.0,11109.0,7776.0,9062.0,0.0,0.0,0.0,1380.0,1378.0,1380.0
0.0,27536.0,4212.0,4141.0,1874.0,634.0,0.0,0.0,634.0,1381.0,1379.0,1381.0,1405.0,1407.0,1400.0,9720.0,10145.0,7671.0,0.0,0.0,634.0,1381.0,1379.0,1381.0
0.0,25198.0,4173.0,4143.0,60.0,2035.0,0.0,0.0,2035.0,1381.0,1380.0,1382.0,1385.0,1392.0,1396.0,8315.0,10612.0,6271.0,0.0,0.0,2035.0,1381.0,1380.0,1382.0
0.0,21085.0,4190.0,4144.0,0.0,4816.0,1381.0,0.0,3435.0,1382.0,1380.0,1382.0,1401.0,1389.0,1400.0,6930.0,9280.0,4875.0,1381.0,0.0,3435.0,1382.0,1380.0,1382.0
0.0,16895.0,4193.0,4146.0,634.0,7394.0,2772.0,412.0,4210.0,1382.0,1381.0,1383.0,1391.0,1398.0,1404.0,5529.0,7891.0,3475.0,2772.0,412.0,4210.0,1382.0,1381.0,1383.0
0.0,13336.0,4175.0,4146.0,2035.0,9534.0,4163.0,1801.0,3570.0,1382.0,1381.0,1383.0,1391.0,1389.0,1395.0,4138.0,6493.0,2705.0,4163.0,1801.0,3570.0,1382.0,1381.0,1383.0
0.0,11196.0,4166.0,4149.0,4816.0,8899.0,4167.0,3203.0,1529.0,1383.0,1382.0,1384.0,1380.0,1397.0,1389.0,2747.0,5104.0,3345.0,4167.0,3203.0,1529.0,1383.0,1382.0,1384.0
0.0,11846.0,4193.0,4149.0,7394.0,6979.0,2790.0,4189.0,0.0,1383.0,1382.0,1384.0,1395.0,1398.0,1400.0,2748.0,3707.0,5391.0,2790.0,4189.0,0.0,1383.0,1382.0,1384.0
0.0,15047.0,4212.0,4152.0,9534.0,3835.0,34.0,3801.0,0.0,1384.0,1383.0,1385.0,1402.0,1408.0,1402.0,4125.0,2721.0,8201.0,34.0,3801.0,0.0,1384.0,1383.0,1385.0
0.0,20369.0,4226.0,4154.0,8899.0,2015.0,0.0,2015.0,0.0,1384.0,1384.0,1386.0,1405.0,1412.0,1409.0,6886.0,3114.0,10369.0,0.0,2015.0,0.0,1384.0,1384.0,1386.0
0.0,25042.0,4206.0,4157.0,6979.0,0.0,0.0,0.0,0.0,1385.0,1385.0,1387.0,1393.0,1402.0,1411.0,9648.0,4905.0,10489.0,0.0,0.0,0.0,1385.0,1385.0,1387.0
0.0,27815.0,4181.0,4156.0,3835.0,0.0,0.0,0.0,0.0,1385.0,1385.0,1386.0,1394.0,1396.0,1391.0,11045.0,7692.0,9078.0,0.0,0.0,0.0,1385.0,1385.0,1386.0
0.0,27469.0,4163.0,4156.0,2015.0,626.0,0.0,0.0,626.0,1385.0,1385.0,1386.0,1395.0,1385.0,1383.0,9685.0,10097.0,7687.0,0.0,0.0,626.0,1385.0,1385.0,1386.0
0.0,25321.0,4174.0,4157.0,0.0,2042.0,25.0,0.0,2017.0,1385.0,1385.0,1387.0,1390.0,1398.0,1386.0,8290.0,10727.0,6304.0,25.0,0.0,2017.0,1385.0,1385.0,1387.0
0.0,21147.0,4191.0,4159.0,0.0,4839.0,1427.0,0.0,3412.0,1386.0,1386.0,1387.0,1397.0,1399.0,1395.0,6900.0,9329.0,4918.0,1427.0,0.0,3412.0,1386.0,1386.0,1387.0
0.0,16956.0,4215.0,4161.0,626.0,7438.0,2833.0,406.0,4199.0,1386.0,1387.0,1388.0,1406.0,1401.0,1408.0,5503.0,7930.0,3523.0,2833.0,406.0,4199.0,1386.0,1387.0,1388.0
0.0,13367.0,4208.0,4163.0,2042.0,9614.0,4208.0,1803.0,3603.0,1387.0,1387.0,1389.0,1395.0,1397.0,1416.0,4097.0,6529.0,2741.0,4208.0,1803.0,3603.0,1387.0,1387.0,1389.0
0.0,11201.0,4180.0,4164.0,4839.0,8960.0,4175.0,3200.0,1585.0,1387.0,1388.0,1389.0,1394.0,1392.0,1394.0,2727.0,5132.0,3342.0,4175.0,3200.0,1585.0,1387.0,1388.0,1389.0
0.0,11860.0,4195.0,4166.0,7438.0,6945.0,2748.0,4197.0,0.0,1388.0,1388.0,1390.0,1401.0,1403.0,1391.0,2760.0,3740.0,5360.0,2748.0,4197.0,0.0,1388.0,1388.0,1390.0
0.0,15103.0,4161.0,4166.0,9566.0,3782.0,0.0,3782.0,0.0,1388.0,1388.0,1390.0,1400.0,1388.0,1373.0,4192.0,2743.0,8168.0,0.0,3782.0,0.0,1388.0,1388.0,1390.0
0.0,20508.0,4184.0,4166.0,7951.0,1980.0,0.0,1980.0,0.0,1388.0,1388.0,1390.0,1393.0,1398.0,1393.0,6952.0,3158.0,10398.0,0.0,1980.0,0.0,1388.0,1388.0,1390.0
0.0,24275.0,4198.0,4168.0,8002.0,0.0,0.0,0.0,0.0,1389.0,1389.0,1390.0,1402.0,1395.0,1401.0,8725.0,4960.0,10590.0,0.0,0.0,0.0,1389.0,1389.0,1390.0
0.0,28079.0,4238.0,4171.0,2053.0,0.0,0.0,0.0,0.0,1390.0,1390.0,1391.0,1411.0,1411.0,1416.0,11128.0,7762.0,9189.0,0.0,0.0,0.0,1390.0,1390.0,1391.0
0.0,25894.0,4225.0,4172.0,3709.0,598.0,0.0,0.0,598.0,1390.0,1390.0,1392.0,1404.0,1410.0,1411.0,9717.0,8404.0,7773.0,0.0,0.0,598.0,1390.0,1390.0,1392.0
0.0,25378.0,4215.0,4174.0,0.0,2050.0,46.0,0.0,2004.0,1391.0,1391.0,1392.0,1404.0,1405.0,1406.0,8313.0,10703.0,6362.0,46.0,0.0,2004.0,1391.0,1391.0,1392.0
0.0,21163.0,4200.0,4175.0,0.0,4852.0,1448.0,0.0,3404.0,1391.0,1391.0,1393.0,1402.0,1403.0,1395.0,6909.0,9298.0,4956.0,1448.0,0.0,3404.0,1391.0,1391.0,1393.0
0.0,16963.0,4189.0,4176.0,598.0,7508.0,2846.0,465.0,4197.0,1391.0,1392.0,1393.0,1398.0,1400.0,1391.0,5507.0,7895.0,3561.0,2846.0,465.0,4197.0,1391.0,1392.0,1393.0
0.0,13372.0,4201.0,4177.0,2050.0,9664.0,4209.0,1862.0,3593.0,1392.0,1392.0,1393.0,1404.0,1397.0,1400.0,4109.0,6495.0,2768.0,4209.0,1862.0,3593.0,1392.0,1392.0,1393.0
0.0,11221.0,4227.0,4179.0,4852.0,9049.0,4164.0,3276.0,1609.0,1392.0,1393.0,1394.0,1403.0,1409.0,1415.0,2751.0,5098.0,3372.0,4164.0,3276.0,1609.0,1392.0,1393.0,1394.0
0.0,11846.0,4247.0,4181.0,7508.0,6960.0,2739.0,4221.0,0.0,1393.0,1393.0,1395.0,1416.0,1410.0,1421.0,2796.0,3689.0,5361.0,2739.0,4221.0,0.0,1393.0,1393.0,1395.0
0.0,15107.0,4239.0,4183.0,9664.0,3786.0,0.0,3786.0,0.0,1394.0,1394.0,1395.0,1412.0,1422.0,1405.0,4226.0,2744.0,8137.0,0.0,3786.0,0.0,1394.0,1394.0,1395.0
0.0,20532.0,4217.0,4184.0,9049.0,1924.0,0.0,1924.0,0.0,1394.0,1395.0,1395.0,1405.0,1409.0,1403.0,7023.0,3184.0,10325.0,0.0,1924.0,0.0,1394.0,1395.0,1395.0
0.0,25364.0,4213.0,4185.0,6960.0,0.0,0.0,0.0,0.0,1394.0,1395.0,1396.0,1402.0,1406.0,1405.0,9782.0,5051.0,10531.0,0.0,0.0,0.0,1394.0,1395.0,1396.0
0.0,28111.0,4200.0,4187.0,3786.0,0.0,0.0,0.0,0.0,1395.0,1396.0,1396.0,1404.0,1396.0,1400.0,11119.0,7866.0,9126.0,0.0,0.0,0.0,1395.0,1396.0,1396.0
0.0,27697.0,4202.0,4187.0,1924.0,661.0,0.0,0.0,661.0,1395.0,1396.0,1396.0,1391.0,1404.0,1407.0,9715.0,10256.0,7726.0,0.0,0.0,661.0,1395.0,1396.0,1396.0
0.0,25419.0,4241.0,4189.0,0.0,2139.0,58.0,0.0,2081.0,1395.0,1397.0,1397.0,1407.0,1419.0,1415.0,8324.0,10776.0,6319.0,58.0,0.0,2081.0,1395.0,1397.0,1397.0
0.0,21178.0,4258.0,4192.0,0.0,4997.0,1488.0,0.0,3509.0,1396.0,1398.0,1398.0,1425.0,1410.0,1423.0,6917.0,9357.0,4904.0,1488.0,0.0,3509.0,1396.0,1398.0,1398.0
0.0,16920.0,4227.0,4193.0,661.0,7611.0,2901.0,451.0,4259.0,1397.0,1398.0,1398.0,1408.0,1408.0,1411.0,5492.0,7947.0,3481.0,2901.0,451.0,4259.0,1397.0,1398.0,1398.0
0.0,13354.0,4235.0,4195.0,2139.0,9717.0,4253.0,1873.0,3591.0,1397.0,1399.0,1399.0,1410.0,1417.0,1408.0,4084.0,6539.0,2731.0,4253.0,1873.0,3591.0,1397.0,1399.0,1399.0
0.0,11258.0,4210.0,4196.0,4997.0,8935.0,4177.0,3271.0,1487.0,1398.0,1399.0,1399.0,1407.0,1398.0,1405.0,2732.0,5122.0,3404.0,4177.0,3271.0,1487.0,1398.0,1399.0,1399.0
0.0,12045.0,4235.0,4196.0,7611.0,6913.0,2685.0,4228.0,0.0,1398.0,1399.0,1399.0,1409.0,1408.0,1418.0,2813.0,3724.0,5508.0,2685.0,4228.0,0.0,1398.0,1399.0,1399.0
0.0,15421.0,4227.0,4198.0,9599.0,3768.0,0.0,3768.0,0.0,1398.0,1400.0,1400.0,1401.0,1408.0,1418.0,4305.0,2767.0,8349.0,0.0,3768.0,0.0,1398.0,1400.0,1400.0
0.0,20793.0,4231.0,4200.0,7910.0,1901.0,0.0,1901.0,0.0,1399.0,1400.0,1401.0,1406.0,1404.0,1421.0,7039.0,3232.0,10522.0,0.0,1901.0,0.0,1399.0,1400.0,1401.0
0.0,24472.0,4260.0,4202.0,8056.0,0.0,0.0,0.0,0.0,1400.0,1401.0,1401.0,1423.0,1416.0,1421.0,8785.0,5099.0,10588.0,0.0,0.0,0.0,1400.0,1401.0,1401.0
0.0,28268.0,4265.0,4204.0,3590.0,0.0,0.0,0.0,0.0,1400.0,1402.0,1402.0,1428.0,1427.0,1410.0,11190.0,7911.0,9167.0,0.0,0.0,0.0,1400.0,1402.0,1402.0
0.0,27593.0,4249.0,4205.0,2079.0,666.0,0.0,0.0,666.0,1401.0,1402.0,1402.0,1416.0,1420.0,1413.0,9762.0,10074.0,7757.0,0.0,0.0,666.0,1401.0,1402.0,1402.0
0.0,25423.0,4241.0,4207.0,0.0,2164.0,74.0,0.0,2090.0,1401.0,1403.0,1403.0,1415.0,1407.0,1419.0,8346.0,10733.0,6344.0,74.0,0.0,2090.0,1401.0,1403.0,1403.0
0.0,21182.0,4224.0,4207.0,0.0,4994.0,1496.0,0.0,3498.0,1402.0,1402.0,1403.0,1417.0,1399.0,1408.0,6931.0,9326.0,4925.0,1496.0,0.0,3498.0,1402.0,1402.0,1403.0
0.0,16958.0,4225.0,4208.0,666.0,7641.0,2897.0,504.0,4240.0,1402.0,1403.0,1403.0,1401.0,1416.0,1408.0,5514.0,7927.0,3517.0,2897.0,504.0,4240.0,1402.0,1403.0,1403.0
0.0,13399.0,4237.0,4209.0,2164.0,9719.0,4228.0,1919.0,3572.0,1402.0,1403.0,1404.0,1405.0,1415.0,1417.0,4113.0,6511.0,2775.0,4228.0,1919.0,3572.0,1402.0,1403.0,1404.0
0.0,11326.0,4261.0,4211.0,4994.0,8996.0,4156.0,3348.0,1492.0,1403.0,1404.0,1404.0,1419.0,1424.0,1418.0,2782.0,5096.0,3448.0,4156.0,3348.0,1492.0,1403.0,1404.0,1404.0
0.0,12059.0,4275.0,4213.0,7641.0,6958.0,2676.0,4282.0,0.0,1403.0,1405.0,1405.0,1417.0,1433.0,1425.0,2859.0,3672.0,5528.0,2676.0,4282.0,0.0,1403.0,1405.0,1405.0
0.0,15425.0,4266.0,4215.0,9719.0,3781.0,0.0,3781.0,0.0,1404.0,1405.0,1406.0,1420.0,1418.0,1428.0,4339.0,2743.0,8343.0,0.0,3781.0,0.0,1404.0,1405.0,1406.0
0.0,20878.0,4234.0,4215.0,8996.0,1839.0,0.0,1839.0,0.0,1404.0,1405.0,1406.0,1413.0,1406.0,1415.0,7147.0,3244.0,10487.0,0.0,1839.0,0.0,1404.0,1405.0,1406.0
0.0,25640.0,4253.0,4217.0,6958.0,0.0,0.0,0.0,0.0,1405.0,1406.0,1406.0,1418.0,1416.0,1419.0,9890.0,5186.0,10564.0,0.0,0.0,0.0,1405.0,1406.0,1406.0
0.0,28345.0,4239.0,4218.0,3781.0,0.0,0.0,0.0,0.0,1405.0,1406.0,1407.0,1412.0,1417.0,1410.0,11148.0,8052.0,9145.0,0.0,0.0,0.0,1405.0,1406.0,1407.0
0.0,27887.0,4240.0,4219.0,1839.0,711.0,0.0,0.0,711.0,1405.0,1407.0,1407.0,1416.0,1413.0,1411.0,9736.0,10416.0,7735.0,0.0,0.0,711.0,1405.0,1407.0,1407.0
0.0,25486.0,4280.0,4220.0,0.0,2272.0,142.0,0.0,2130.0,1406.0,1407.0,1407.0,1432.0,1429.0,1419.0,8320.0,10842.0,6324.0,142.0,0.0,2130.0,1406.0,1407.0,1407.0
0.0,21206.0,4278.0,4223.0,0.0,5129.0,1569.0,0.0,3560.0,1407.0,1408.0,1408.0,1422.0,1431.0,1425.0,6888.0,9413.0,4905.0,1569.0,0.0,3560.0,1407.0,1408.0,1408.0
0.0,16928.0,4283.0,4225.0,711.0,7769.0,2999.0,494.0,4276.0,1408.0,1409.0,1408.0,1425.0,1431.0,1427.0,5466.0,7982.0,3480.0,2999.0,494.0,4276.0,1408.0,1409.0,1408.0
0.0,13356.0,4270.0,4226.0,2272.0,9772.0,4278.0,1920.0,3574.0,1408.0,1409.0,1409.0,1421.0,1426.0,1423.0,4041.0,6551.0,2764.0,4278.0,1920.0,3574.0,1408.0,1409.0,1409.0
0.0,11358.0,4230.0,4226.0,5129.0,8873.0,4123.0,3320.0,1430.0,1408.0,1409.0,1409.0,1414.0,1400.0,1416.0,2762.0,5125.0,3471.0,4123.0,3320.0,1430.0,1408.0,1409.0,1409.0
0.0,12257.0,4227.0,4226.0,7769.0,6768.0,2530.0,4238.0,0.0,1408.0,1409.0,1409.0,1406.0,1412.0,1409.0,2917.0,3725.0,5615.0,2530.0,4238.0,0.0,1408.0,1409.0,1409.0
0.0,15799.0,4278.0,4229.0,9584.0,3751.0,0.0,3751.0,0.0,1409.0,1410.0,1410.0,1428.0,1428.0,1422.0,4510.0,2807.0,8482.0,0.0,3751.0,0.0,1409.0,1410.0,1410.0
0.0,21105.0,4303.0,4231.0,8123.0,1876.0,0.0,1876.0,0.0,1410.0,1411.0,1410.0,1435.0,1440.0,1428.0,7172.0,3299.0,10634.0,0.0,1876.0,0.0,1410.0,1411.0,1410.0
0.0,24925.0,4270.0,4232.0,7706.0,0.0,0.0,0.0,0.0,1410.0,1411.0,1411.0,1425.0,1420.0,1425.0,9110.0,5179.0,10636.0,0.0,0.0,0.0,1410.0,1411.0,1411.0
0.0,28361.0,4280.0,4234.0,2037.0,0.0,0.0,0.0,0.0,1411.0,1411.0,1412.0,1418.0,1424.0,1438.0,11153.0,7997.0,9211.0,0.0,0.0,0.0,1411.0,1411.0,1412.0
0.0,26118.0,4281.0,4235.0,3590.0,716.0,0.0,0.0,716.0,1411.0,1412.0,1412.0,1431.0,1421.0,1429.0,9735.0,8610.0,7773.0,0.0,0.0,716.0,1411.0,1412.0,1412.0
0.0,25427.0,4238.0,4236.0,0.0,2295.0,171.0,0.0,2124.0,1412.0,1412.0,1412.0,1415.0,1415.0,1408.0,8304.0,10779.0,6344.0,171.0,0.0,2124.0,1412.0,1412.0,1412.0
0.0,21189.0,4244.0,4237.0,0.0,5113.0,1583.0,0.0,3530.0,1412.0,1413.0,1412.0,1412.0,1426.0,1406.0,6889.0,9364.0,4936.0,1583.0,0.0,3530.0,1412.0,1413.0,1412.0
0.0,16945.0,4276.0,4238.0,716.0,7805.0,3005.0,552.0,4248.0,1412.0,1413.0,1413.0,1422.0,1425.0,1429.0,5477.0,7938.0,3530.0,3005.0,552.0,4248.0,1412.0,1413.0,1413.0
0.0,13385.0,4308.0,4241.0,2295.0,9833.0,4276.0,1992.0,3565.0,1413.0,1414.0,1414.0,1437.0,1435.0,1436.0,4055.0,6513.0,2817.0,4276.0,1992.0,3565.0,1413.0,1414.0,1414.0
0.0,11372.0,4297.0,4244.0,5113.0,9032.0,4121.0,3436.0,1475.0,1414.0,1415.0,1415.0,1423.0,1439.0,1435.0,2789.0,5078.0,3505.0,4121.0,3436.0,1475.0,1414.0,1415.0,1415.0
0.0,12188.0,4284.0,4246.0,7805.0,6862.0,2538.0,4324.0,0.0,1414.0,1416.0,1416.0,1422.0,1435.0,1427.0,2949.0,3639.0,5600.0,2538.0,4324.0,0.0,1414.0,1416.0,1416.0
0.0,15709.0,4272.0,4246.0,9833.0,3755.0,0.0,3755.0,0.0,1414.0,1416.0,1416.0,1424.0,1423.0,1425.0,4532.0,2756.0,8421.0,0.0,3755.0,0.0,1414.0,1416.0,1416.0
0.0,21270.0,4256.0,4247.0,9032.0,1728.0,0.0,1728.0,0.0,1415.0,1416.0,1416.0,1432.0,1409.0,1415.0,7384.0,3325.0,10561.0,0.0,1728.0,0.0,1415.0,1416.0,1416.0
0.0,26046.0,4256.0,4247.0,6862.0,0.0,0.0,0.0,0.0,1415.0,1416.0,1416.0,1421.0,1416.0,1419.0,10073.0,5352.0,10621.0,0.0,0.0,0.0,1415.0,1416.0,1416.0
0.0,28652.0,4296.0,4250.0,3755.0,0.0,0.0,0.0,0.0,1416.0,1417.0,1417.0,1433.0,1432.0,1431.0,11190.0,8260.0,9202.0,0.0,0.0,0.0,1416.0,1417.0,1417.0
0.0,28111.0,4321.0,4252.0,1728.0,756.0,0.0,0.0,756.0,1417.0,1417.0,1418.0,1450.0,1434.0,1437.0,9757.0,10583.0,7771.0,0.0,0.0,756.0,1417.0,1417.0,1418.0
0.0,25518.0,4316.0,4254.0,0.0,2416.0,224.0,0.0,2192.0,1418.0,1418.0,1418.0,1441.0,1439.0,1436.0,8307.0,10877.0,6334.0,224.0,0.0,2192.0,1418.0,1418.0,1418.0
0.0,21202.0,4276.0,4256.0,0.0,5270.0,1647.0,0.0,3623.0,1418.0,1419.0,1419.0,1423.0,1427.0,1426.0,6866.0,9438.0,4898.0,1647.0,0.0,3623.0,1418.0,1419.0,1419.0
0.0,16926.0,4275.0,4256.0,756.0,7873.0,3071.0,509.0,4293.0,1418.0,1419.0,1419.0,1424.0,1425.0,1426.0,5443.0,8011.0,3472.0,3071.0,509.0,4293.0,1418.0,1419.0,1419.0
0.0,13407.0,4277.0,4256.0,2416.0,9734.0,4273.0,1943.0,3518.0,1418.0,1419.0,1419.0,1426.0,1434.0,1417.0,4019.0,6586.0,2802.0,4273.0,1943.0,3518.0,1418.0,1419.0,1419.0
0.0,11546.0,4278.0,4258.0,5270.0,8752.0,4050.0,3372.0,1330.0,1419.0,1419.0,1420.0,1419.0,1429.0,1430.0,2817.0,5152.0,3577.0,4050.0,3372.0,1330.0,1419.0,1419.0,1420.0
0.0,12538.0,4302.0,4259.0,7873.0,6714.0,2411.0,4303.0,0.0,1419.0,1420.0,1420.0,1432.0,1435.0,1435.0,3045.0,3723.0,5770.0,2411.0,4303.0,0.0,1419.0,1420.0,1420.0
0.0,16109.0,4316.0,4262.0,9495.0,3803.0,0.0,3803.0,0.0,1420.0,1421.0,1421.0,1440.0,1438.0,1438.0,4684.0,2797.0,8628.0,0.0,3803.0,0.0,1420.0,1421.0,1421.0
0.0,21288.0,4336.0,4265.0,8224.0,1883.0,0.0,1883.0,0.0,1421.0,1422.0,1422.0,1449.0,1447.0,1440.0,7278.0,3302.0,10708.0,0.0,1883.0,0.0,1421.0,1422.0,1422.0
0.0,25176.0,4310.0,4266.0,7481.0,0.0,0.0,0.0,0.0,1422.0,1422.0,1422.0,1433.0,1438.0,1439.0,9351.0,5227.0,10598.0,0.0,0.0,0.0,1422.0,1422.0,1422.0
0.0,28347.0,4287.0,4266.0,3803.0,0.0,0.0,0.0,0.0,1422.0,1422.0,1422.0,1438.0,1429.0,1420.0,11096.0,8092.0,9159.0,0.0,0.0,0.0,1422.0,1422.0,1422.0
0.0,27863.0,4278.0,4267.0,1883.0,793.0,0.0,0.0,793.0,1422.0,1423.0,1422.0,1433.0,1423.0,1422.0,9658.0,10466.0,7739.0,0.0,0.0,793.0,1422.0,1423.0,1422.0
0.0,25468.0,4263.0,4267.0,0.0,2524.0,304.0,0.0,2220.0,1422.0,1423.0,1422.0,1419.0,1417.0,1427.0,8225.0,10926.0,6317.0,304.0,0.0,2220.0,1422.0,1423.0,1422.0
0.0,21205.0,4310.0,4269.0,0.0,5411.0,1744.0,0.0,3667.0,1423.0,1423.0,1423.0,1435.0,1433.0,1442.0,6806.0,9509.0,4890.0,1744.0,0.0,3667.0,1423.0,1423.0,1423.0
0.0,16895.0,4345.0,4272.0,793.0,8017.0,3204.0,490.0,4323.0,1424.0,1424.0,1424.0,1455.0,1446.0,1444.0,5371.0,8076.0,3448.0,3204.0,490.0,4323.0,1424.0,1424.0,1424.0
0.0,13343.0,4337.0,4274.0,2524.0,9840.0,4355.0,1938.0,3547.0,1425.0,1425.0,1424.0,1450.0,1443.0,1444.0,3916.0,6630.0,2797.0,4355.0,1938.0,3547.0,1425.0,1425.0,1424.0
0.0,11530.0,4314.0,4275.0,5411.0,8748.0,4057.0,3381.0,1310.0,1426.0,1425.0,1424.0,1441.0,1443.0,1430.0,2770.0,5187.0,3573.0,4057.0,3381.0,1310.0,1426.0,1425.0,1424.0
0.0,12627.0,4290.0,4277.0,8017.0,6609.0,2292.0,4317.0,0.0,1426.0,1426.0,1425.0,1439.0,1421.0,1430.0,3073.0,3744.0,5810.0,2292.0,4317.0,0.0,1426.0,1426.0,1425.0
0.0,16354.0,4288.0,4276.0,9840.0,3797.0,0.0,3797.0,0.0,1426.0,1425.0,1425.0,1432.0,1423.0,1433.0,4838.0,2813.0,8703.0,0.0,3797.0,0.0,1426.0,1425.0,1425.0
0.0,21906.0,4306.0,4277.0,8748.0,1858.0,0.0,1858.0,0.0,1426.0,1426.0,1425.0,1433.0,1437.0,1436.0,7761.0,3328.0,10817.0,0.0,1858.0,0.0,1426.0,1426.0,1425.0
0.0,26348.0,4318.0,4279.0,6609.0,0.0,0.0,0.0,0.0,1427.0,1426.0,1426.0,1441.0,1435.0,1442.0,10385.0,5272.0,10691.0,0.0,0.0,0.0,1427.0,1426.0,1426.0
0.0,28639.0,4342.0,4281.0,3797.0,0.0,0.0,0.0,0.0,1427.0,1427.0,1427.0,1450.0,1448.0,1444.0,11236.0,8154.0,9249.0,0.0,0.0,0.0,1427.0,1427.0,1427.0
0.0,28094.0,4335.0,4283.0,1858.0,779.0,0.0,0.0,779.0,1428.0,1428.0,1427.0,1446.0,1440.0,1449.0,9786.0,10503.0,7805.0,0.0,0.0,779.0,1428.0,1428.0,1427.0
0.0,25617.0,4297.0,4285.0,0.0,2456.0,237.0,0.0,2219.0,1429.0,1428.0,1428.0,1432.0,1430.0,1435.0,8340.0,10921.0,6356.0,237.0,0.0,2219.0,1429.0,1428.0,1428.0
0.0,21320.0,4317.0,4285.0,0.0,5329.0,1678.0,0.0,3651.0,1429.0,1428.0,1428.0,1441.0,1444.0,1432.0,6908.0,9491.0,4921.0,1678.0,0.0,3651.0,1429.0,1428.0,1428.0
0.0,17003.0,4302.0,4286.0,779.0,7950.0,3124.0,530.0,4296.0,1430.0,1428.0,1428.0,1441.0,1437.0,1424.0,5467.0,8047.0,3489.0,3124.0,530.0,4296.0,1430.0,1428.0,1428.0
0.0,13480.0,4292.0,4287.0,2456.0,9791.0,4314.0,1966.0,3511.0,1430.0,1429.0,1428.0,1427.0,1431.0,1434.0,4026.0,6610.0,2844.0,4314.0,1966.0,3511.0,1430.0,1429.0,1428.0
0.0,11644.0,4322.0,4288.0,5329.0,8789.0,4078.0,3407.0,1304.0,1430.0,1429.0,1429.0,1442.0,1441.0,1439.0,2836.0,5179.0,3629.0,4078.0,3407.0,1304.0,1430.0,1429.0,1429.0
0.0,12651.0,4341.0,4290.0,7950.0,6733.0,2410.0,4323.0,0.0,1431.0,1430.0,1429.0,1451.0,1441.0,1449.0,3072.0,3738.0,5841.0,2410.0,4323.0,0.0,1431.0,1430.0,1429.0
0.0,16260.0,4356.0,4293.0,9598.0,3823.0,0.0,3823.0,0.0,1432.0,1431.0,1430.0,1451.0,1461.0,1444.0,4745.0,2827.0,8688.0,0.0,3823.0,0.0,1432.0,1431.0,1430.0
0.0,21502.0,4348.0,4294.0,8045.0,1882.0,0.0,1882.0,0.0,1432.0,1432.0,1430.0,1442.0,1461.0,1445.0,7415.0,3332.0,10755.0,0.0,1882.0,0.0,1432.0,1432.0,1430.0
0.0,25199.0,4323.0,4295.0,7670.0,0.0,0.0,0.0,0.0,1432.0,1432.0,1431.0,1446.0,1433.0,1444.0,9307.0,5278.0,10614.0,0.0,0.0,0.0,1432.0,1432.0,1431.0
0.0,28546.0,4305.0,4296.0,2101.0,0.0,0.0,0.0,0.0,1433.0,1432.0,1431.0,1440.0,1427.0,1438.0,11208.0,8168.0,9170.0,0.0,0.0,0.0,1433.0,1432.0,1431.0
0.0,26342.0,4325.0,4297.0,3446.0,874.0,0.0,0.0,874.0,1433.0,1432.0,1432.0,1442.0,1437.0,1446.0,9768.0,8842.0,7732.0,0.0,0.0,874.0,1433.0,1432.0,1432.0
0.0,25463.0,4352.0,4298.0,158.0,2613.0,293.0,0.0,2320.0,1434.0,1432.0,1432.0,1449.0,1457.0,1446.0,8326.0,10851.0,6286.0,293.0,0.0,2320.0,1434.0,1432.0,1432.0
0.0,21269.0,4352.0,4300.0,0.0,5520.0,1749.0,0.0,3771.0,1434.0,1433.0,1433.0,1456.0,1450.0,1446.0,6877.0,9552.0,4840.0,1749.0,0.0,3771.0,1434.0,1433.0,1433.0
0.0,16917.0,4353.0,4302.0,874.0,8072.0,3200.0,523.0,4349.0,1435.0,1434.0,1433.0,1446.0,1455.0,1452.0,5421.0,8102.0,3394.0,3200.0,523.0,4349.0,1435.0,1434.0,1433.0
0.0,13438.0,4333.0,4304.0,2613.0,9802.0,4358.0,1965.0,3479.0,1436.0,1434.0,1434.0,1446.0,1442.0,1445.0,3975.0,6647.0,2816.0,4358.0,1965.0,3479.0,1436.0,1434.0,1434.0
0.0,11718.0,4310.0,4304.0,5520.0,8592.0,4050.0,3401.0,1141.0,1436.0,1434.0,1434.0,1441.0,1436.0,1433.0,2822.0,5205.0,3691.0,4050.0,3401.0,1141.0,1436.0,1434.0,1434.0
0.0,12928.0,4331.0,4305.0,8072.0,6623.0,2298.0,4325.0,0.0,1436.0,1435.0,1434.0,1448.0,1442.0,1441.0,3130.0,3769.0,6029.0,2298.0,4325.0,0.0,1436.0,1435.0,1434.0
0.0,16669.0,4331.0,4306.0,9802.0,3808.0,0.0,3808.0,0.0,1437.0,1435.0,1434.0,1438.0,1448.0,1445.0,4882.0,2850.0,8937.0,0.0,3808.0,0.0,1437.0,1435.0,1434.0
0.0,22140.0,4322.0,4307.0,8592.0,1855.0,0.0,1855.0,0.0,1437.0,1436.0,1434.0,1444.0,1443.0,1435.0,7802.0,3367.0,10971.0,0.0,1855.0,0.0,1437.0,1436.0,1434.0
0.0,26410.0,4360.0,4309.0,6623.0,0.0,0.0,0.0,0.0,1438.0,1436.0,1435.0,1455.0,1458.0,1447.0,10408.0,5325.0,10677.0,0.0,0.0,0.0,1438.0,1436.0,1435.0
0.0,28673.0,4362.0,4311.0,3808.0,0.0,0.0,0.0,0.0,1438.0,1437.0,1436.0,1450.0,1455.0,1457.0,11251.0,8192.0,9230.0,0.0,0.0,0.0,1438.0,1437.0,1436.0
0.0,28119.0,4372.0,4314.0,1855.0,870.0,0.0,0.0,870.0,1439.0,1438.0,1437.0,1448.0,1466.0,1458.0,9801.0,10545.0,7773.0,0.0,0.0,870.0,1439.0,1438.0,1437.0
0.0,25602.0,4357.0,4314.0,0.0,2615.0,294.0,0.0,2321.0,1439.0,1438.0,1437.0,1452.0,1454.0,1451.0,8353.0,10934.0,6315.0,294.0,0.0,2321.0,1439.0,1438.0,1437.0
0.0,21245.0,4319.0,4315.0,0.0,5508.0,1745.0,0.0,3763.0,1440.0,1438.0,1437.0,1446.0,1431.0,1442.0,6901.0,9480.0,4864.0,1745.0,0.0,3763.0,1440.0,1438.0,1437.0
0.0,16926.0,4317.0,4315.0,870.0,8096.0,3185.0,584.0,4327.0,1440.0,1438.0,1437.0,1440.0,1443.0,1434.0,5455.0,8049.0,3422.0,3185.0,584.0,4327.0,1440.0,1438.0,1437.0
0.0,13479.0,4370.0,4317.0,2615.0,9861.0,4348.0,2046.0,3467.0,1440.0,1439.0,1438.0,1457.0,1457.0,1456.0,4015.0,6606.0,2858.0,4348.0,2046.0,3467.0,1440.0,1439.0,1438.0
0.0,11724.0,4390.0,4320.0,5508.0,8758.0,4075.0,3512.0,1171.0,1441.0,1440.0,1439.0,1467.0,1461.0,1462.0,2852.0,5149.0,3723.0,4075.0,3512.0,1171.0,1441.0,1440.0,1439.0
0.0,12842.0,4385.0,4323.0,8096.0,6745.0,2351.0,4394.0,0.0,1442.0,1441.0,1440.0,1456.0,1461.0,1468.0,3130.0,3688.0,6024.0,2351.0,4394.0,0.0,1442.0,1441.0,1440.0
0.0,16553.0,4380.0,4323.0,9577.0,3805.0,0.0,3805.0,0.0,1442.0,1441.0,1440.0,1460.0,1457.0,1463.0,4859.0,2811.0,8883.0,0.0,3805.0,0.0,1442.0,1441.0,1440.0
0.0,21750.0,4338.0,4324.0,8381.0,1736.0,0.0,1736.0,0.0,1442.0,1441.0,1441.0,1444.0,1443.0,1451.0,7463.0,3400.0,10887.0,0.0,1736.0,0.0,1442.0,1441.0,1441.0
0.0,25793.0,4330.0,4325.0,7406.0,0.0,0.0,0.0,0.0,1442.0,1442.0,1441.0,1447.0,1449.0,1434.0,9717.0,5469.0,10607.0,0.0,0.0,0.0,1442.0,1442.0,1441.0
0.0,28869.0,4336.0,4326.0,3805.0,0.0,0.0,0.0,0.0,1443.0,1442.0,1441.0,1441.0,1455.0,1440.0,11282.0,8414.0,9173.0,0.0,0.0,0.0,1443.0,1442.0,1441.0
0.0,28338.0,4349.0,4327.0,1736.0,915.0,0.0,0.0,915.0,1443.0,1443.0,1441.0,1445.0,1461.0,1443.0,9841.0,10764.0,7733.0,0.0,0.0,915.0,1443.0,1443.0,1441.0
0.0,25725.0,4394.0,4329.0,0.0,2682.0,298.0,0.0,2384.0,1444.0,1443.0,1442.0,1474.0,1456.0,1464.0,8396.0,11039.0,6290.0,298.0,0.0,2384.0,1444.0,1443.0,1442.0
0.0,21331.0,4368.0,4332.0,0.0,5606.0,1754.0,0.0,3852.0,1445.0,1444.0,1443.0,1451.0,1454.0,1463.0,6922.0,9583.0,4826.0,1754.0,0.0,3852.0,1445.0,1444.0,1443.0
0.0,16963.0,4381.0,4332.0,915.0,8163.0,3211.0,556.0,4396.0,1445.0,1444.0,1443.0,1457.0,1465.0,1459.0,5471.0,8129.0,3363.0,3211.0,556.0,4396.0,1445.0,1444.0,1443.0
0.0,13497.0,4370.0,4335.0,2682.0,9866.0,4381.0,2013.0,3472.0,1446.0,1445.0,1444.0,1463.0,1452.0,1455.0,4014.0,6664.0,2819.0,4381.0,2013.0,3472.0,1446.0,1445.0,1444.0
0.0,11809.0,4354.0,4335.0,5606.0,8614.0,4078.0,3470.0,1066.0,1446.0,1445.0,1444.0,1451.0,1457.0,1446.0,2849.0,5212.0,3748.0,4078.0,3470.0,1066.0,1446.0,1445.0,1444.0
0.0,13061.0,4337.0,4335.0,8163.0,6669.0,2311.0,4358.0,0.0,1446.0,1445.0,1444.0,1444.0,1444.0,1449.0,3152.0,3755.0,6154.0,2311.0,4358.0,0.0,1446.0,1445.0,1444.0
0.0,16887.0,4355.0,4335.0,9866.0,3796.0,0.0,3796.0,0.0,1446.0,1445.0,1444.0,1448.0,1451.0,1456.0,4919.0,2867.0,9101.0,0.0,3796.0,0.0,1446.0,1445.0,1444.0
0.0,22398.0,4426.0,4339.0,8614.0,1805.0,0.0,1805.0,0.0,1447.0,1446.0,1446.0,1472.0,1474.0,1480.0,7852.0,3429.0,11117.0,0.0,1805.0,0.0,1447.0,1446.0,1446.0
0.0,26586.0,4411.0,4341.0,6669.0,0.0,0.0,0.0,0.0,1448.0,1447.0,1446.0,1470.0,1473.0,1468.0,10458.0,5425.0,10703.0,0.0,0.0,0.0,1448.0,1447.0,1446.0
0.0,28844.0,4392.0,4343.0,3796.0,0.0,0.0,0.0,0.0,1448.0,1448.0,1447.0,1458.0,1471.0,1463.0,11299.0,8310.0,9235.0,0.0,0.0,0.0,1448.0,1448.0,1447.0
0.0,28248.0,4354.0,4343.0,1805.0,913.0,0.0,0.0,913.0,1448.0,1448.0,1447.0,1456.0,1448.0,1450.0,9841.0,10635.0,7772.0,0.0,0.0,913.0,1448.0,1448.0,1447.0
0.0,25699.0,4351.0,4343.0,0.0,2661.0,298.0,0.0,2363.0,1448.0,1448.0,1447.0,1443.0,1458.0,1450.0,8385.0,10992.0,6322.0,298.0,0.0,2363.0,1448.0,1448.0,1447.0
0.0,21348.0,4361.0,4345.0,0.0,5573.0,1751.0,0.0,3822.0,1448.0,1449.0,1448.0,1453.0,1454.0,1454.0,6942.0,9534.0,4872.0,1751.0,0.0,3822.0,1448.0,1449.0,1448.0
0.0,16987.0,4398.0,4346.0,913.0,8228.0,3219.0,629.0,4380.0,1449.0,1449.0,1448.0,1463.0,1464.0,1471.0,5489.0,8080.0,3418.0,3219.0,629.0,4380.0,1449.0,1449.0,1448.0
0.0,13502.0,4404.0,4349.0,2661.0,9986.0,4397.0,2101.0,3488.0,1450.0,1450.0,1449.0,1471.0,1467.0,1466.0,4026.0,6616.0,2860.0,4397.0,2101.0,3488.0,1450.0,1450.0,1449.0
0.0,11759.0,4410.0,4351.0,5573.0,8833.0,4118.0,3573.0,1142.0,1450.0,1451.0,1450.0,1472.0,1467.0,1471.0,2853.0,5149.0,3757.0,4118.0,3573.0,1142.0,1450.0,1451.0,1450.0
0.0,12922.0,4380.0,4352.0,8228.0,6768.0,2363.0,4405.0,0.0,1451.0,1451.0,1450.0,1459.0,1461.0,1460.0,3132.0,3682.0,6108.0,2363.0,4405.0,0.0,1451.0,1451.0,1450.0
0.0,16770.0,4376.0,4353.0,9634.0,3768.0,0.0,3768.0,0.0,1451.0,1452.0,1450.0,1460.0,1459.0,1457.0,4892.0,2850.0,9028.0,0.0,3768.0,0.0,1451.0,1452.0,1450.0
0.0,22028.0,4378.0,4353.0,8412.0,1652.0,0.0,1652.0,0.0,1451.0,1452.0,1450.0,1466.0,1457.0,1455.0,7477.0,3492.0,11059.0,0.0,1652.0,0.0,1451.0,1452.0,1450.0
0.0,26062.0,4365.0,4356.0,7541.0,0.0,0.0,0.0,0.0,1452.0,1453.0,1451.0,1448.0,1462.0,1455.0,9708.0,5608.0,10746.0,0.0,0.0,0.0,1452.0,1453.0,1451.0
0.0,29238.0,4392.0,4356.0,3768.0,0.0,0.0,0.0,0.0,1452.0,1453.0,1451.0,1467.0,1454.0,1471.0,11396.0,8551.0,9291.0,0.0,0.0,0.0,1452.0,1453.0,1451.0
0.0,28614.0,4420.0,4358.0,1652.0,915.0,0.0,0.0,915.0,1453.0,1453.0,1452.0,1478.0,1467.0,1475.0,9929.0,10865.0,7820.0,0.0,0.0,915.0,1453.0,1453.0,1452.0
0.0,25846.0,4410.0,4361.0,0.0,2674.0,290.0,0.0,2384.0,1454.0,1454.0,1453.0,1471.0,1475.0,1464.0,8451.0,11050.0,6345.0,290.0,0.0,2384.0,1454.0,1454.0,1453.0
0.0,21436.0,4410.0,4363.0,0.0,5615.0,1758.0,0.0,3857.0,1454.0,1455.0,1454.0,1468.0,1474.0,1468.0,6980.0,9575.0,4881.0,1758.0,0.0,3857.0,1454.0,1455.0,1454.0
0.0,17026.0,4369.0,4363.0,915.0,8243.0,3218.0,629.0,4396.0,1454.0,1455.0,1454.0,1460.0,1455.0,1454.0,5512.0,8101.0,3413.0,3218.0,629.0,4396.0,1454.0,1455.0,1454.0
0.0,13572.0,4369.0,4363.0,2674.0,9938.0,4386.0,2077.0,3475.0,1454.0,1455.0,1454.0,1458.0,1448.0,1463.0,4052.0,6646.0,2874.0,4386.0,2077.0,3475.0,1454.0,1455.0,1454.0
0.0,11877.0,4385.0,4365.0,5615.0,8718.0,4089.0,3535.0,1094.0,1455.0,1455.0,1455.0,1456.0,1458.0,1471.0,2884.0,5198.0,3795.0,4089.0,3535.0,1094.0,1455.0,1455.0,1455.0
0.0,13107.0,4425.0,4366.0,8243.0,6730.0,2340.0,4390.0,0.0,1455.0,1456.0,1455.0,1469.0,1479.0,1477.0,3186.0,3740.0,6181.0,2340.0,4390.0,0.0,1455.0,1456.0,1455.0
0.0,16925.0,4427.0,4369.0,9938.0,3797.0,0.0,3797.0,0.0,1456.0,1457.0,1456.0,1474.0,1479.0,1474.0,4935.0,2890.0,9100.0,0.0,3797.0,0.0,1456.0,1457.0,1456.0
0.0,22436.0,4430.0,4369.0,8718.0,1742.0,0.0,1742.0,0.0,1456.0,1457.0,1456.0,1471.0,1480.0,1479.0,7847.0,3488.0,11101.0,0.0,1742.0,0.0,1456.0,1457.0,1456.0
0.0,26724.0,4403.0,4372.0,6730.0,0.0,0.0,0.0,0.0,1457.0,1458.0,1457.0,1466.0,1466.0,1471.0,10465.0,5543.0,10716.0,0.0,0.0,0.0,1457.0,1458.0,1457.0
0.0,29051.0,4386.0,4372.0,3797.0,0.0,0.0,0.0,0.0,1457.0,1458.0,1457.0,1469.0,1458.0,1459.0,11339.0,8467.0,9245.0,0.0,0.0,0.0,1457.0,1458.0,1457.0
0.0,28462.0,4398.0,4372.0,1742.0,963.0,0.0,0.0,963.0,1457.0,1458.0,1457.0,1464.0,1470.0,1464.0,9870.0,10806.0,7786.0,0.0,0.0,963.0,1457.0,1458.0,1457.0
0.0,25806.0,4401.0,4374.0,0.0,2789.0,351.0,0.0,2438.0,1458.0,1458.0,1458.0,1467.0,1464.0,1470.0,8406.0,11078.0,6322.0,351.0,0.0,2438.0,1458.0,1458.0,1458.0
0.0,21405.0,4403.0,4376.0,0.0,5736.0,1823.0,0.0,3913.0,1458.0,1459.0,1459.0,1472.0,1461.0,1470.0,6939.0,9614.0,4852.0,1823.0,0.0,3913.0,1458.0,1459.0,1459.0
0.0,17002.0,4422.0,4377.0,963.0,8342.0,3306.0,611.0,4425.0,1459.0,1459.0,1459.0,1478.0,1469.0,1475.0,5467.0,8153.0,3382.0,3306.0,611.0,4425.0,1459.0,1459.0,1459.0
0.0,13543.0,4431.0,4380.0,2789.0,9999.0,4436.0,2096.0,3467.0,1460.0,1460.0,1460.0,1476.0,1480.0,1475.0,3989.0,6684.0,2870.0,4436.0,2096.0,3467.0,1460.0,1460.0,1460.0
0.0,11901.0,4426.0,4382.0,5736.0,8699.0,4087.0,3574.0,1038.0,1460.0,1461.0,1461.0,1474.0,1473.0,1479.0,2864.0,5204.0,3833.0,4087.0,3574.0,1038.0,1460.0,1461.0,1461.0
0.0,13211.0,4418.0,4382.0,8342.0,6685.0,2252.0,4433.0,0.0,1460.0,1461.0,1461.0,1471.0,1470.0,1477.0,3213.0,3731.0,6267.0,2252.0,4433.0,0.0,1460.0,1461.0,1461.0
0.0,17135.0,4401.0,4383.0,9517.0,3804.0,0.0,3804.0,0.0,1461.0,1461.0,1461.0,1467.0,1467.0,1467.0,5048.0,2872.0,9215.0,0.0,3804.0,0.0,1461.0,1461.0,1461.0
0.0,22251.0,4407.0,4384.0,8470.0,1691.0,0.0,1691.0,0.0,1461.0,1461.0,1462.0,1472.0,1461.0,1474.0,7535.0,3501.0,11215.0,0.0,1691.0,0.0,1461.0,1461.0,1462.0
0.0,26314.0,4418.0,4385.0,7396.0,0.0,0.0,0.0,0.0,1462.0,1461.0,1462.0,1473.0,1477.0,1468.0,9921.0,5614.0,10779.0,0.0,0.0,0.0,1462.0,1461.0,1462.0
0.0,29292.0,4452.0,4388.0,1938.0,0.0,0.0,0.0,0.0,1462.0,1463.0,1463.0,1484.0,1490.0,1478.0,11411.0,8570.0,9311.0,0.0,0.0,0.0,1462.0,1463.0,1463.0
0.0,26778.0,4443.0,4390.0,3557.0,965.0,0.0,0.0,965.0,1463.0,1463.0,1464.0,1477.0,1488.0,1478.0,9927.0,9018.0,7833.0,0.0,0.0,965.0,1463.0,1463.0,1464.0
0.0,25892.0,4431.0,4391.0,0.0,2784.0,335.0,0.0,2449.0,1463.0,1464.0,1464.0,1470.0,1477.0,1484.0,8450.0,11087.0,6355.0,335.0,0.0,2449.0,1463.0,1464.0,1464.0
0.0,21461.0,4413.0,4391.0,0.0,5730.0,1809.0,0.0,3921.0,1463.0,1464.0,1464.0,1474.0,1467.0,1472.0,6980.0,9610.0,4871.0,1809.0,0.0,3921.0,1463.0,1464.0,1464.0
0.0,17048.0,4417.0,4392.0,965.0,8364.0,3283.0,657.0,4424.0,1464.0,1464.0,1464.0,1469.0,1480.0,1468.0,5506.0,8143.0,3399.0,3283.0,657.0,4424.0,1464.0,1464.0,1464.0
0.0,13596.0,4414.0,4394.0,2784.0,10004.0,4414.0,2138.0,3452.0,1464.0,1465.0,1465.0,1466.0,1476.0,1472.0,4037.0,6663.0,2896.0,4414.0,2138.0,3452.0,1464.0,1465.0,1465.0
0.0,11966.0,4436.0,4395.0,5730.0,8715.0,4093.0,3619.0,1003.0,1465.0,1465.0,1465.0,1483.0,1481.0,1472.0,2906.0,5187.0,3873.0,4093.0,3619.0,1003.0,1465.0,1465.0,1465.0
0.0,13260.0,4465.0,4397.0,8364.0,6754.0,2299.0,4455.0,0.0,1465.0,1466.0,1466.0,1489.0,1488.0,1488.0,3232.0,3706.0,6322.0,2299.0,4455.0,0.0,1465.0,1466.0,1466.0
0.0,17159.0,4447.0,4400.0,10004.0,3805.0,0.0,3805.0,0.0,1466.0,1467.0,1467.0,1483.0,1483.0,1481.0,5026.0,2875.0,9258.0,0.0,3805.0,0.0,1466.0,1467.0,1467.0
0.0,22716.0,4461.0,4402.0,8715.0,1676.0,0.0,1676.0,0.0,1467.0,1467.0,1468.0,1485.0,1490.0,1486.0,7957.0,3530.0,11229.0,0.0,1676.0,0.0,1467.0,1467.0,1468.0
0.0,26970.0,4422.0,4403.0,6754.0,0.0,0.0,0.0,0.0,1467.0,1468.0,1468.0,1476.0,1470.0,1476.0,10565.0,5659.0,10746.0,0.0,0.0,0.0,1467.0,1468.0,1468.0
0.0,29302.0,4423.0,4403.0,3805.0,0.0,0.0,0.0,0.0,1467.0,1468.0,1468.0,1474.0,1474.0,1475.0,11388.0,8644.0,9270.0,0.0,0.0,0.0,1467.0,1468.0,1468.0
0.0,28684.0,4393.0,4404.0,1676.0,1003.0,0.0,0.0,1003.0,1468.0,1468.0,1468.0,1466.0,1469.0,1458.0,9914.0,10975.0,7795.0,0.0,0.0,1003.0,1468.0,1468.0,1468.0
0.0,25967.0,4454.0,4406.0,0.0,2872.0,385.0,0.0,2487.0,1468.0,1469.0,1469.0,1493.0,1482.0,1479.0,8448.0,11182.0,6337.0,385.0,0.0,2487.0,1468.0,1469.0,1469.0
0.0,21513.0,4465.0,4407.0,0.0,5855.0,1875.0,0.0,3980.0,1469.0,1469.0,1469.0,1485.0,1487.0,1493.0,6955.0,9700.0,4858.0,1875.0,0.0,3980.0,1469.0,1469.0,1469.0
0.0,17048.0,4481.0,4410.0,1003.0,8480.0,3368.0,634.0,4478.0,1470.0,1470.0,1470.0,1488.0,1497.0,1496.0,5470.0,8213.0,3365.0,3368.0,634.0,4478.0,1470.0,1470.0,1470.0
0.0,13570.0,4470.0,4412.0,2872.0,10088.0,4469.0,2132.0,3487.0,1470.0,1471.0,1471.0,1486.0,1493.0,1491.0,3982.0,6716.0,2872.0,4469.0,2132.0,3487.0,1470.0,1471.0,1471.0
0.0,11972.0,4444.0,4413.0,5855.0,8682.0,4086.0,3608.0,988.0,1471.0,1471.0,1471.0,1487.0,1476.0,1481.0,2881.0,5223.0,3868.0,4086.0,3608.0,988.0,1471.0,1471.0,1471.0
0.0,13383.0,4421.0,4413.0,8480.0,6640.0,2191.0,4449.0,0.0,1471.0,1471.0,1471.0,1473.0,1475.0,1473.0,3269.0,3747.0,6367.0,2191.0,4449.0,0.0,1471.0,1471.0,1471.0
0.0,17442.0,4420.0,4413.0,9572.0,3792.0,0.0,3792.0,0.0,1471.0,1471.0,1471.0,1474.0,1475.0,1471.0,5164.0,2906.0,9372.0,0.0,3792.0,0.0,1471.0,1471.0,1471.0
0.0,22594.0,4441.0,4416.0,8468.0,1672.0,0.0,1672.0,0.0,1472.0,1472.0,1472.0,1482.0,1483.0,1476.0,7643.0,3563.0,11388.0,0.0,1672.0,0.0,1472.0,1472.0,1472.0
0.0,26621.0,4472.0,4417.0,7370.0,0.0,0.0,0.0,0.0,1472.0,1472.0,1473.0,1493.0,1488.0,1491.0,10033.0,5688.0,10900.0,0.0,0.0,0.0,1472.0,1472.0,1473.0
0.0,29519.0,4480.0,4419.0,2863.0,0.0,0.0,0.0,0.0,1473.0,1473.0,1473.0,1490.0,1489.0,1501.0,11461.0,8649.0,9409.0,0.0,0.0,0.0,1473.0,1473.0,1473.0
0.0,27902.0,4471.0,4422.0,2601.0,955.0,0.0,0.0,955.0,1474.0,1474.0,1474.0,1488.0,1490.0,1493.0,9971.0,10023.0,7908.0,0.0,0.0,955.0,1474.0,1474.0,1474.0
0.0,26032.0,4452.0,4422.0,0.0,2804.0,374.0,0.0,2430.0,1474.0,1474.0,1474.0,1487.0,1490.0,1475.0,8483.0,11134.0,6415.0,374.0,0.0,2430.0,1474.0,1474.0,1474.0
0.0,21580.0,4431.0,4422.0,0.0,5763.0,1850.0,0.0,3913.0,1474.0,1474.0,1474.0,1476.0,1472.0,1483.0,6996.0,9644.0,4940.0,1850.0,0.0,3913.0,1474.0,1474.0,1474.0
0.0,17149.0,4436.0,4423.0,955.0,8447.0,3328.0,674.0,4445.0,1474.0,1474.0,1475.0,1478.0,1476.0,1482.0,5520.0,8172.0,3457.0,3328.0,674.0,4445.0,1474.0,1474.0,1475.0
0.0,13668.0,4456.0,4425.0,2804.0,10109.0,4445.0,2162.0,3502.0,1475.0,1475.0,1475.0,1486.0,1483.0,1487.0,4042.0,6696.0,2930.0,4445.0,2162.0,3502.0,1475.0,1475.0,1475.0
0.0,12016.0,4494.0,4427.0,5763.0,8850.0,4088.0,3667.0,1095.0,1475.0,1476.0,1476.0,1493.0,1500.0,1501.0,2930.0,5213.0,3873.0,4088.0,3667.0,1095.0,1475.0,1476.0,1476.0
0.0,13285.0,4492.0,4429.0,8447.0,6752.0,2266.0,4486.0,0.0,1476.0,1476.0,1477.0,1501.0,1493.0,1498.0,3287.0,3713.0,6285.0,2266.0,4486.0,0.0,1476.0,1476.0,1477.0
0.0,17240.0,4478.0,4432.0,10109.0,3823.0,0.0,3823.0,0.0,1477.0,1477.0,1478.0,1484.0,1494.0,1500.0,5114.0,2894.0,9232.0,0.0,3823.0,0.0,1477.0,1477.0,1478.0
0.0,22871.0,4460.0,4433.0,8850.0,1651.0,0.0,1651.0,0.0,1477.0,1478.0,1478.0,1490.0,1490.0,1480.0,8075.0,3562.0,11234.0,0.0,1651.0,0.0,1477.0,1478.0,1478.0
0.0,27261.0,4428.0,4433.0,6752.0,0.0,0.0,0.0,0.0,1477.0,1478.0,1478.0,1477.0,1478.0,1473.0,10673.0,5739.0,10849.0,0.0,0.0,0.0,1477.0,1478.0,1478.0
0.0,29585.0,4423.0,4433.0,3823.0,0.0,0.0,0.0,0.0,1477.0,1478.0,1478.0,1477.0,1472.0,1474.0,11462.0,8747.0,9376.0,0.0,0.0,0.0,1477.0,1478.0,1478.0
0.0,28985.0,4464.0,4435.0,1651.0,987.0,0.0,0.0,987.0,1478.0,1478.0,1479.0,1488.0,1482.0,1494.0,9985.0,11098.0,7902.0,0.0,0.0,987.0,1478.0,1478.0,1479.0
0.0,26172.0,4506.0,4438.0,0.0,2898.0,401.0,0.0,2497.0,1479.0,1479.0,1480.0,1503.0,1498.0,1505.0,8497.0,11267.0,6408.0,401.0,0.0,2497.0,1479.0,1479.0,1480.0
0.0,21666.0,4485.0,4439.0,0.0,5894.0,1893.0,0.0,4001.0,1479.0,1480.0,1480.0,1492.0,1489.0,1504.0,6994.0,9769.0,4903.0,1893.0,0.0,4001.0,1479.0,1480.0,1480.0
0.0,17181.0,4469.0,4440.0,987.0,8501.0,3388.0,609.0,4504.0,1480.0,1480.0,1480.0,1490.0,1489.0,1490.0,5502.0,8280.0,3399.0,3388.0,609.0,4504.0,1480.0,1480.0,1480.0
0.0,13699.0,4458.0,4440.0,2898.0,10061.0,4478.0,2100.0,3483.0,1480.0,1480.0,1480.0,1491.0,1491.0,1476.0,4012.0,6791.0,2896.0,4478.0,2100.0,3483.0,1480.0,1480.0,1480.0
0.0,12139.0,4472.0,4442.0,5894.0,8649.0,4083.0,3588.0,978.0,1481.0,1480.0,1481.0,1493.0,1488.0,1491.0,2922.0,5300.0,3917.0,4083.0,3588.0,978.0,1481.0,1480.0,1481.0
0.0,13561.0,4462.0,4443.0,8501.0,6653.0,2180.0,4473.0,0.0,1481.0,1481.0,1481.0,1485.0,1489.0,1488.0,3322.0,3812.0,6427.0,2180.0,4473.0,0.0,1481.0,1481.0,1481.0
0.0,17600.0,4485.0,4445.0,9662.0,3860.0,0.0,3860.0,0.0,1482.0,1481.0,1482.0,1500.0,1487.0,1498.0,5225.0,2932.0,9443.0,0.0,3860.0,0.0,1482.0,1481.0,1482.0
0.0,22777.0,4514.0,4447.0,8499.0,1772.0,0.0,1772.0,0.0,1482.0,1482.0,1483.0,1510.0,1495.0,1509.0,7804.0,3545.0,11428.0,0.0,1772.0,0.0,1482.0,1482.0,1483.0
0.0,26762.0,4514.0,4449.0,7202.0,0.0,0.0,0.0,0.0,1483.0,1483.0,1483.0,1501.0,1509.0,1504.0,10227.0,5638.0,10897.0,0.0,0.0,0.0,1483.0,1483.0,1483.0
0.0,29450.0,4494.0,4451.0,2771.0,0.0,0.0,0.0,0.0,1484.0,1483.0,1484.0,1494.0,1506.0,1494.0,11455.0,8602.0,9393.0,0.0,0.0,0.0,1484.0,1483.0,1484.0
0.0,27727.0,4479.0,4452.0,2861.0,1003.0,0.0,0.0,1003.0,1484.0,1484.0,1484.0,1499.0,1498.0,1482.0,9961.0,9867.0,7899.0,0.0,0.0,1003.0,1484.0,1484.0,1484.0
0.0,26109.0,4467.0,4452.0,0.0,2942.0,444.0,0.0,2498.0,1484.0,1484.0,1484.0,1486.0,1486.0,1495.0,8462.0,11230.0,6417.0,444.0,0.0,2498.0,1484.0,1484.0,1484.0
0.0,21642.0,4461.0,4453.0,0.0,5920.0,1921.0,0.0,3999.0,1484.0,1484.0,1485.0,1477.0,1488.0,1496.0,6976.0,9744.0,4922.0,1921.0,0.0,3999.0,1484.0,1484.0,1485.0
0.0,17181.0,4497.0,4455.0,1003.0,8588.0,3424.0,660.0,4504.0,1485.0,1485.0,1485.0,1498.0,1491.0,1508.0,5499.0,8256.0,3426.0,3424.0,660.0,4504.0,1485.0,1485.0,1485.0
0.0,13687.0,4518.0,4457.0,2942.0,10174.0,4481.0,2180.0,3513.0,1485.0,1486.0,1486.0,1501.0,1515.0,1502.0,4001.0,6765.0,2921.0,4481.0,2180.0,3513.0,1485.0,1486.0,1486.0
0.0,12111.0,4499.0,4458.0,5920.0,8758.0,4065.0,3676.0,1017.0,1486.0,1486.0,1486.0,1500.0,1496.0,1503.0,2944.0,5250.0,3917.0,4065.0,3676.0,1017.0,1486.0,1486.0,1486.0
0.0,13532.0,4496.0,4460.0,8588.0,6658.0,2135.0,4523.0,0.0,1486.0,1487.0,1487.0,1494.0,1502.0,1500.0,3365.0,3754.0,6413.0,2135.0,4523.0,0.0,1486.0,1487.0,1487.0
0.0,17624.0,4487.0,4461.0,10174.0,3844.0,0.0,3844.0,0.0,1487.0,1487.0,1487.0,1497.0,1501.0,1489.0,5295.0,2912.0,9417.0,0.0,3844.0,0.0,1487.0,1487.0,1487.0
0.0,23311.0,4504.0,4462.0,8758.0,1663.0,0.0,1663.0,0.0,1487.0,1487.0,1488.0,1504.0,1495.0,1505.0,8279.0,3591.0,11441.0,0.0,1663.0,0.0,1487.0,1487.0,1488.0
0.0,27565.0,4510.0,4464.0,6658.0,0.0,0.0,0.0,0.0,1488.0,1488.0,1488.0,1502.0,1502.0,1506.0,10840.0,5772.0,10953.0,0.0,0.0,0.0,1488.0,1488.0,1488.0
0.0,29713.0,4507.0,4465.0,3844.0,0.0,0.0,0.0,0.0,1488.0,1488.0,1489.0,1503.0,1501.0,1503.0,11473.0,8793.0,9447.0,0.0,0.0,0.0,1488.0,1488.0,1489.0
0.0,29050.0,4511.0,4468.0,1663.0,1012.0,0.0,0.0,1012.0,1489.0,1489.0,1490.0,1507.0,1498.0,1506.0,9970.0,11136.0,7944.0,0.0,0.0,1012.0,1489.0,1489.0,1490.0
0.0,26202.0,4519.0,4469.0,0.0,3012.0,499.0,0.0,2513.0,1490.0,1489.0,1490.0,1512.0,1506.0,1501.0,8463.0,11301.0,6438.0,499.0,0.0,2513.0,1490.0,1489.0,1490.0
0.0,21683.0,4516.0,4471.0,0.0,6021.0,2005.0,0.0,4016.0,1490.0,1490.0,1491.0,1506.0,1512.0,1498.0,6951.0,9795.0,4937.0,2005.0,0.0,4016.0,1490.0,1490.0,1491.0
0.0,17167.0,4514.0,4471.0,1012.0,8690.0,3506.0,672.0,4512.0,1490.0,1490.0,1491.0,1501.0,1505.0,1508.0,5445.0,8283.0,3439.0,3506.0,672.0,4512.0,1490.0,1490.0,1491.0
0.0,13665.0,4497.0,4472.0,3012.0,10180.0,4511.0,2168.0,3501.0,1491.0,1490.0,1491.0,1499.0,1496.0,1502.0,3944.0,6778.0,2943.0,4511.0,2168.0,3501.0,1491.0,1490.0,1491.0
0.0,12180.0,4473.0,4473.0,6021.0,8637.0,3994.0,3657.0,986.0,1491.0,1490.0,1492.0,1488.0,1489.0,1496.0,2944.0,5282.0,3954.0,3994.0,3657.0,986.0,1491.0,1490.0,1492.0
0.0,13728.0,4500.0,4474.0,8690.0,6476.0,1991.0,4485.0,0.0,1491.0,1491.0,1492.0,1503.0,1495.0,1502.0,3461.0,3793.0,6474.0,1991.0,4485.0,0.0,1491.0,1491.0,1492.0
0.0,17918.0,4544.0,4477.0,9962.0,3841.0,0.0,3841.0,0.0,1492.0,1492.0,1493.0,1515.0,1519.0,1510.0,5464.0,2970.0,9484.0,0.0,3841.0,0.0,1492.0,1492.0,1493.0
0.0,23336.0,4549.0,4480.0,8702.0,1709.0,0.0,1709.0,0.0,1493.0,1493.0,1494.0,1518.0,1520.0,1511.0,8242.0,3619.0,11475.0,0.0,1709.0,0.0,1493.0,1493.0,1494.0
0.0,27489.0,4512.0,4480.0,6629.0,0.0,0.0,0.0,0.0,1493.0,1493.0,1494.0,1503.0,1503.0,1506.0,10783.0,5756.0,10950.0,0.0,0.0,0.0,1493.0,1493.0,1494.0
0.0,29606.0,4505.0,4481.0,2309.0,0.0,0.0,0.0,0.0,1494.0,1493.0,1494.0,1508.0,1495.0,1502.0,11424.0,8738.0,9444.0,0.0,0.0,0.0,1494.0,1493.0,1494.0
0.0,27410.0,4491.0,4482.0,3241.0,1040.0,0.0,0.0,1040.0,1494.0,1493.0,1495.0,1492.0,1492.0,1507.0,9916.0,9552.0,7942.0,0.0,0.0,1040.0,1494.0,1493.0,1495.0
0.0,26160.0,4499.0,4482.0,0.0,3083.0,544.0,0.0,2539.0,1494.0,1493.0,1495.0,1498.0,1502.0,1499.0,8424.0,11301.0,6435.0,544.0,0.0,2539.0,1494.0,1493.0,1495.0
0.0,21661.0,4515.0,4483.0,0.0,6087.0,2048.0,0.0,4039.0,1494.0,1494.0,1495.0,1504.0,1511.0,1500.0,6926.0,9799.0,4936.0,2048.0,0.0,4039.0,1494.0,1494.0,1495.0
0.0,17146.0,4535.0,4486.0,1040.0,8779.0,3569.0,697.0,4513.0,1495.0,1495.0,1496.0,1516.0,1510.0,1509.0,5422.0,8288.0,3436.0,3569.0,697.0,4513.0,1495.0,1495.0,1496.0
0.0,13651.0,4509.0,4487.0,3083.0,10210.0,4532.0,2199.0,3479.0,1496.0,1495.0,1496.0,1502.0,1502.0,1505.0,3906.0,6778.0,2967.0,4532.0,2199.0,3479.0,1496.0,1495.0,1496.0
0.0,12225.0,4522.0,4489.0,6087.0,8655.0,3989.0,3714.0,952.0,1496.0,1496.0,1497.0,1505.0,1510.0,1507.0,2948.0,5276.0,4001.0,3989.0,3714.0,952.0,1496.0,1496.0,1497.0
0.0,13790.0,4536.0,4490.0,8779.0,6458.0,1923.0,4535.0,0.0,1496.0,1496.0,1498.0,1503.0,1518.0,1515.0,3491.0,3766.0,6533.0,1923.0,4535.0,0.0,1496.0,1496.0,1498.0
0.0,18033.0,4503.0,4492.0,10210.0,3842.0,0.0,3842.0,0.0,1497.0,1497.0,1498.0,1502.0,1501.0,1500.0,5557.0,2945.0,9531.0,0.0,3842.0,0.0,1497.0,1497.0,1498.0
0.0,23740.0,4510.0,4492.0,8655.0,1636.0,0.0,1636.0,0.0,1497.0,1497.0,1498.0,1495.0,1508.0,1507.0,8587.0,3643.0,11510.0,0.0,1636.0,0.0,1497.0,1497.0,1498.0
0.0,27885.0,4523.0,4493.0,6458.0,0.0,0.0,0.0,0.0,1497.0,1497.0,1499.0,1510.0,1499.0,1514.0,11081.0,5849.0,10955.0,0.0,0.0,0.0,1497.0,1497.0,1499.0
0.0,29820.0,4570.0,4495.0,3842.0,0.0,0.0,0.0,0.0,1498.0,1498.0,1499.0,1528.0,1519.0,1523.0,11494.0,8885.0,9441.0,0.0,0.0,0.0,1498.0,1498.0,1499.0
0.0,29092.0,4554.0,4498.0,1636.0,1101.0,0.0,0.0,1101.0,1499.0,1499.0,1500.0,1514.0,1521.0,1519.0,9966.0,11208.0,7918.0,0.0,0.0,1101.0,1499.0,1499.0,1500.0
0.0,26174.0,4553.0,4500.0,0.0,3174.0,548.0,0.0,2626.0,1499.0,1500.0,1501.0,1505.0,1528.0,1520.0,8452.0,11323.0,6399.0,548.0,0.0,2626.0,1499.0,1500.0,1501.0
0.0,21621.0,4548.0,4501.0,0.0,6212.0,2071.0,0.0,4141.0,1500.0,1500.0,1501.0,1518.0,1515.0,1515.0,6947.0,9795.0,4879.0,2071.0,0.0,4141.0,1500.0,1500.0,1501.0
0.0,17073.0,4510.0,4501.0,1101.0,8841.0,3579.0,712.0,4550.0,1500.0,1500.0,1501.0,1508.0,1492.0,1510.0,5429.0,8280.0,3364.0,3579.0,712.0,4550.0,1500.0,1500.0,1501.0
0.0,13664.0,4514.0,4501.0,3174.0,10181.0,4530.0,2218.0,3433.0,1500.0,1500.0,1501.0,1499.0,1506.0,1509.0,3921.0,6788.0,2955.0,4530.0,2218.0,3433.0,1500.0,1500.0,1501.0
0.0,12324.0,4543.0,4504.0,6212.0,8527.0,3977.0,3743.0,807.0,1501.0,1501.0,1502.0,1513.0,1520.0,1510.0,2970.0,5282.0,4072.0,3977.0,3743.0,807.0,1501.0,1501.0,1502.0
0.0,13993.0,4560.0,4507.0,8841.0,6478.0,1924.0,4554.0,0.0,1502.0,1502.0,1503.0,1521.0,1518.0,1521.0,3528.0,3762.0,6703.0,1924.0,4554.0,0.0,1502.0,1502.0,1503.0
0.0,18274.0,4559.0,4508.0,10180.0,3845.0,0.0,3845.0,0.0,1502.0,1502.0,1504.0,1522.0,1509.0,1528.0,5586.0,2956.0,9732.0,0.0,3845.0,0.0,1502.0,1502.0,1504.0
0.0,23895.0,4562.0,4511.0,8528.0,1622.0,0.0,1622.0,0.0,1503.0,1503.0,1505.0,1520.0,1515.0,1527.0,8593.0,3665.0,11637.0,0.0,1622.0,0.0,1503.0,1503.0,1505.0
0.0,27861.0,4533.0,4511.0,6478.0,0.0,0.0,0.0,0.0,1503.0,1503.0,1505.0,1510.0,1513.0,1510.0,11051.0,5893.0,10917.0,0.0,0.0,0.0,1503.0,1503.0,1505.0
0.0,29806.0,4522.0,4512.0,3113.0,0.0,0.0,0.0,0.0,1503.0,1504.0,1505.0,1509.0,1509.0,1504.0,11465.0,8934.0,9407.0,0.0,0.0,0.0,1503.0,1504.0,1505.0
0.0,28397.0,4509.0,4512.0,2354.0,1129.0,0.0,0.0,1129.0,1503.0,1504.0,1505.0,1491.0,1511.0,1507.0,9956.0,10538.0,7903.0,0.0,0.0,1129.0,1503.0,1504.0,1505.0
0.0,26242.0,4564.0,4515.0,0.0,3232.0,576.0,0.0,2656.0,1504.0,1505.0,1506.0,1521.0,1521.0,1522.0,8465.0,11381.0,6396.0,576.0,0.0,2656.0,1504.0,1505.0,1506.0
0.0,21678.0,4576.0,4517.0,0.0,6296.0,2102.0,0.0,4194.0,1505.0,1505.0,1507.0,1521.0,1522.0,1533.0,6944.0,9860.0,4874.0,2102.0,0.0,4194.0,1505.0,1505.0,1507.0
0.0,17102.0,4592.0,4519.0,1129.0,8956.0,3644.0,716.0,4596.0,1506.0,1506.0,1507.0,1537.0,1524.0,1531.0,5423.0,8338.0,3341.0,3644.0,716.0,4596.0,1506.0,1506.0,1507.0
0.0,13639.0,4565.0,4521.0,3232.0,10299.0,4588.0,2245.0,3466.0,1506.0,1507.0,1508.0,1520.0,1524.0,1521.0,3886.0,6814.0,2939.0,4588.0,2245.0,3466.0,1506.0,1507.0,1508.0
0.0,12306.0,4543.0,4521.0,6296.0,8546.0,4001.0,3760.0,785.0,1506.0,1507.0,1508.0,1515.0,1515.0,1513.0,2942.0,5290.0,4074.0,4001.0,3760.0,785.0,1506.0,1507.0,1508.0
0.0,14059.0,4549.0,4521.0,8956.0,6436.0,1878.0,4558.0,0.0,1506.0,1507.0,1508.0,1521.0,1514.0,1514.0,3529.0,3775.0,6755.0,1878.0,4558.0,0.0,1506.0,1507.0,1508.0
0.0,18466.0,4530.0,4523.0,10299.0,3824.0,0.0,3824.0,0.0,1507.0,1507.0,1509.0,1506.0,1511.0,1513.0,5652.0,2977.0,9837.0,0.0,3824.0,0.0,1507.0,1507.0,1509.0
0.0,24235.0,4568.0,4524.0,8546.0,1578.0,0.0,1578.0,0.0,1507.0,1507.0,1510.0,1522.0,1514.0,1532.0,8734.0,3711.0,11790.0,0.0,1578.0,0.0,1507.0,1507.0,1510.0
0.0,28213.0,4606.0,4526.0,6436.0,0.0,0.0,0.0,0.0,1508.0,1508.0,1510.0,1532.0,1536.0,1538.0,11213.0,5957.0,11043.0,0.0,0.0,0.0,1508.0,1508.0,1510.0
0.0,30043.0,4597.0,4529.0,3824.0,0.0,0.0,0.0,0.0,1509.0,1509.0,1511.0,1529.0,1527.0,1541.0,11559.0,8979.0,9505.0,0.0,0.0,0.0,1509.0,1509.0,1511.0
0.0,29270.0,4572.0,4531.0,1578.0,1126.0,0.0,0.0,1126.0,1509.0,1510.0,1512.0,1521.0,1521.0,1530.0,10030.0,11276.0,7964.0,0.0,0.0,1126.0,1509.0,1510.0,1512.0
0.0,26276.0,4549.0,4532.0,0.0,3198.0,562.0,0.0,2636.0,1510.0,1510.0,1512.0,1521.0,1518.0,1510.0,8509.0,11333.0,6434.0,562.0,0.0,2636.0,1510.0,1510.0,1512.0
0.0,21727.0,4526.0,4532.0,0.0,6216.0,2075.0,0.0,4141.0,1510.0,1510.0,1512.0,1513.0,1508.0,1505.0,6988.0,9815.0,4924.0,2075.0,0.0,4141.0,1510.0,1510.0,1512.0
0.0,17201.0,4550.0,4532.0,1126.0,8883.0,3587.0,760.0,4536.0,1510.0,1510.0,1512.0,1512.0,1517.0,1521.0,5475.0,8307.0,3419.0,3587.0,760.0,4536.0,1510.0,1510.0,1512.0
0.0,13777.0,4580.0,4535.0,3198.0,10280.0,4555.0,2286.0,3439.0,1511.0,1511.0,1513.0,1525.0,1521.0,1534.0,3963.0,6790.0,3024.0,4555.0,2286.0,3439.0,1511.0,1511.0,1513.0
0.0,12395.0,4580.0,4536.0,6216.0,8649.0,4011.0,3806.0,832.0,1511.0,1511.0,1514.0,1531.0,1520.0,1529.0,3000.0,5269.0,4126.0,4011.0,3806.0,832.0,1511.0,1511.0,1514.0
0.0,14031.0,4588.0,4538.0,8883.0,6546.0,1962.0,4584.0,0.0,1512.0,1512.0,1514.0,1533.0,1533.0,1522.0,3544.0,3749.0,6738.0,1962.0,4584.0,0.0,1512.0,1512.0,1514.0
0.0,18326.0,4592.0,4539.0,9694.0,3828.0,0.0,3828.0,0.0,1513.0,1512.0,1514.0,1530.0,1530.0,1532.0,5598.0,2976.0,9752.0,0.0,3828.0,0.0,1513.0,1512.0,1514.0
0.0,23428.0,4558.0,4540.0,8818.0,1552.0,0.0,1552.0,0.0,1513.0,1513.0,1514.0,1523.0,1525.0,1510.0,8037.0,3732.0,11659.0,0.0,1552.0,0.0,1513.0,1513.0,1514.0
0.0,27688.0,4564.0,4541.0,6963.0,0.0,0.0,0.0,0.0,1513.0,1513.0,1515.0,1519.0,1519.0,1526.0,10694.0,6013.0,10981.0,0.0,0.0,0.0,1513.0,1513.0,1515.0
0.0,30087.0,4565.0,4542.0,1895.0,0.0,0.0,0.0,0.0,1513.0,1513.0,1516.0,1517.0,1521.0,1527.0,11554.0,9078.0,9455.0,0.0,0.0,0.0,1513.0,1513.0,1516.0
0.0,27417.0,4580.0,4544.0,3485.0,1182.0,0.0,0.0,1182.0,1514.0,1514.0,1516.0,1525.0,1525.0,1530.0,10037.0,9452.0,7928.0,0.0,0.0,1182.0,1514.0,1514.0,1516.0
0.0,26322.0,4613.0,4546.0,0.0,3315.0,596.0,0.0,2719.0,1514.0,1515.0,1517.0,1538.0,1543.0,1532.0,8512.0,11412.0,6398.0,596.0,0.0,2719.0,1514.0,1515.0,1517.0
0.0,21709.0,4600.0,4547.0,0.0,6386.0,2133.0,0.0,4253.0,1515.0,1515.0,1517.0,1532.0,1534.0,1534.0,6974.0,9869.0,4866.0,2133.0,0.0,4253.0,1515.0,1515.0,1517.0
0.0,17109.0,4577.0,4550.0,1182.0,9036.0,3663.0,773.0,4600.0,1516.0,1516.0,1518.0,1525.0,1528.0,1524.0,5442.0,8335.0,3332.0,3663.0,773.0,4600.0,1516.0,1516.0,1518.0
0.0,13714.0,4584.0,4550.0,3315.0,10305.0,4594.0,2296.0,3415.0,1516.0,1516.0,1518.0,1527.0,1523.0,1534.0,3917.0,6807.0,2990.0,4594.0,2296.0,3415.0,1516.0,1516.0,1518.0
0.0,12445.0,4584.0,4551.0,6386.0,8508.0,3991.0,3818.0,699.0,1516.0,1516.0,1519.0,1530.0,1522.0,1532.0,2986.0,5284.0,4175.0,3991.0,3818.0,699.0,1516.0,1516.0,1519.0
0.0,14247.0,4571.0,4553.0,9036.0,6431.0,1854.0,4577.0,0.0,1517.0,1517.0,1519.0,1521.0,1527.0,1523.0,3589.0,3762.0,6896.0,1854.0,4577.0,0.0,1517.0,1517.0,1519.0
0.0,18712.0,4592.0,4553.0,10305.0,3815.0,0.0,3815.0,0.0,1517.0,1517.0,1519.0,1533.0,1534.0,1525.0,5731.0,3008.0,9973.0,0.0,3815.0,0.0,1517.0,1517.0,1519.0
0.0,24425.0,4616.0,4556.0,8508.0,1538.0,0.0,1538.0,0.0,1518.0,1518.0,1520.0,1546.0,1536.0,1534.0,8792.0,3770.0,11863.0,0.0,1538.0,0.0,1518.0,1518.0,1520.0
0.0,28317.0,4609.0,4559.0,6431.0,0.0,0.0,0.0,0.0,1519.0,1519.0,1521.0,1534.0,1535.0,1540.0,11237.0,6052.0,11028.0,0.0,0.0,0.0,1519.0,1519.0,1521.0
0.0,30139.0,4599.0,4559.0,3815.0,0.0,0.0,0.0,0.0,1519.0,1519.0,1521.0,1528.0,1533.0,1538.0,11557.0,9094.0,9488.0,0.0,0.0,0.0,1519.0,1519.0,1521.0
0.0,29355.0,4595.0,4561.0,1538.0,1192.0,0.0,0.0,1192.0,1519.0,1520.0,1522.0,1530.0,1533.0,1532.0,10029.0,11376.0,7950.0,0.0,0.0,1192.0,1519.0,1520.0,1522.0
0.0,26298.0,4581.0,4562.0,0.0,3352.0,630.0,0.0,2722.0,1520.0,1520.0,1522.0,1529.0,1522.0,1530.0,8499.0,11381.0,6418.0,630.0,0.0,2722.0,1520.0,1520.0,1522.0
0.0,21717.0,4569.0,4563.0,0.0,6408.0,2155.0,0.0,4253.0,1520.0,1520.0,1523.0,1525.0,1518.0,1526.0,6970.0,9859.0,4888.0,2155.0,0.0,4253.0,1520.0,1520.0,1523.0
0.0,17148.0,4579.0,4564.0,1192.0,9059.0,3684.0,784.0,4591.0,1521.0,1520.0,1523.0,1524.0,1525.0,1530.0,5445.0,8341.0,3362.0,3684.0,784.0,4591.0,1521.0,1520.0,1523.0
0.0,13761.0,4628.0,4567.0,3352.0,10350.0,4598.0,2334.0,3418.0,1522.0,1521.0,1524.0,1539.0,1545.0,1544.0,3921.0,6816.0,3024.0,4598.0,2334.0,3418.0,1522.0,1521.0,1524.0
0.0,12485.0,4658.0,4570.0,6408.0,8615.0,4000.0,3895.0,720.0,1523.0,1522.0,1525.0,1552.0,1556.0,1550.0,3012.0,5271.0,4202.0,4000.0,3895.0,720.0,1523.0,1522.0,1525.0
0.0,14235.0,4620.0,4571.0,9059.0,6517.0,1860.0,4657.0,0.0,1523.0,1523.0,1525.0,1544.0,1541.0,1535.0,3615.0,3715.0,6905.0,1860.0,4657.0,0.0,1523.0,1523.0,1525.0
0.0,18674.0,4592.0,4571.0,10234.0,3855.0,0.0,3855.0,0.0,1523.0,1523.0,1525.0,1531.0,1532.0,1529.0,5755.0,2958.0,9961.0,0.0,3855.0,0.0,1523.0,1523.0,1525.0
0.0,24316.0,4576.0,4572.0,8731.0,1483.0,0.0,1483.0,0.0,1524.0,1523.0,1525.0,1528.0,1523.0,1525.0,8706.0,3760.0,11850.0,0.0,1483.0,0.0,1524.0,1523.0,1525.0
0.0,28471.0,4562.0,4572.0,6517.0,0.0,0.0,0.0,0.0,1524.0,1523.0,1525.0,1521.0,1516.0,1525.0,11294.0,6132.0,11045.0,0.0,0.0,0.0,1524.0,1523.0,1525.0
0.0,30426.0,4613.0,4574.0,3561.0,0.0,0.0,0.0,0.0,1524.0,1524.0,1526.0,1542.0,1538.0,1533.0,11633.0,9273.0,9520.0,0.0,0.0,0.0,1524.0,1524.0,1526.0
0.0,29374.0,4643.0,4576.0,1777.0,1190.0,0.0,0.0,1190.0,1525.0,1525.0,1526.0,1546.0,1550.0,1547.0,10091.0,11296.0,7987.0,0.0,0.0,1190.0,1525.0,1525.0,1526.0
0.0,26508.0,4648.0,4578.0,0.0,3380.0,632.0,0.0,2748.0,1526.0,1525.0,1527.0,1547.0,1548.0,1553.0,8545.0,11523.0,6440.0,632.0,0.0,2748.0,1526.0,1525.0,1527.0
0.0,21860.0,4622.0,4581.0,0.0,6479.0,2177.0,0.0,4302.0,1527.0,1526.0,1528.0,1540.0,1533.0,1549.0,6998.0,9975.0,4887.0,2177.0,0.0,4302.0,1527.0,1526.0,1528.0
0.0,17238.0,4618.0,4581.0,1190.0,9095.0,3717.0,722.0,4656.0,1527.0,1526.0,1528.0,1540.0,1534.0,1544.0,5458.0,8442.0,3338.0,3717.0,722.0,4656.0,1527.0,1526.0,1528.0
0.0,13810.0,4598.0,4582.0,3380.0,10318.0,4620.0,2250.0,3448.0,1527.0,1526.0,1529.0,1535.0,1528.0,1535.0,3918.0,6908.0,2984.0,4620.0,2250.0,3448.0,1527.0,1526.0,1529.0
0.0,12592.0,4582.0,4582.0,6479.0,8421.0,3972.0,3784.0,665.0,1527.0,1527.0,1528.0,1529.0,1529.0,1524.0,3015.0,5380.0,4197.0,3972.0,3784.0,665.0,1527.0,1527.0,1528.0
0.0,14489.0,4607.0,4584.0,9095.0,6391.0,1794.0,4597.0,0.0,1528.0,1527.0,1529.0,1534.0,1535.0,1538.0,3663.0,3851.0,6975.0,1794.0,4597.0,0.0,1528.0,1527.0,1529.0
0.0,18977.0,4641.0,4587.0,10318.0,3895.0,0.0,3895.0,0.0,1529.0,1528.0,1530.0,1554.0,1543.0,1544.0,5846.0,3038.0,10093.0,0.0,3895.0,0.0,1529.0,1528.0,1530.0
0.0,24654.0,4655.0,4589.0,8421.0,1658.0,0.0,1658.0,0.0,1530.0,1528.0,1531.0,1547.0,1547.0,1561.0,8912.0,3745.0,11997.0,0.0,1658.0,0.0,1530.0,1528.0,1531.0
0.0,28420.0,4650.0,4591.0,6391.0,0.0,0.0,0.0,0.0,1530.0,1529.0,1532.0,1545.0,1548.0,1557.0,11337.0,5982.0,11101.0,0.0,0.0,0.0,1530.0,1529.0,1532.0
0.0,30161.0,4605.0,4592.0,3895.0,0.0,0.0,0.0,0.0,1531.0,1529.0,1532.0,1541.0,1531.0,1533.0,11586.0,9031.0,9544.0,0.0,0.0,0.0,1531.0,1529.0,1532.0
0.0,29451.0,4593.0,4591.0,1658.0,1182.0,0.0,0.0,1182.0,1530.0,1529.0,1532.0,1531.0,1529.0,1533.0,10045.0,11395.0,8011.0,0.0,0.0,1182.0,1530.0,1529.0,1532.0
0.0,26516.0,4588.0,4592.0,0.0,3388.0,675.0,0.0,2713.0,1531.0,1529.0,1532.0,1534.0,1523.0,1531.0,8514.0,11524.0,6478.0,675.0,0.0,2713.0,1531.0,1529.0,1532.0
0.0,21928.0,4625.0,4593.0,0.0,6469.0,2215.0,0.0,4254.0,1531.0,1530.0,1532.0,1540.0,1544.0,1541.0,6980.0,10001.0,4947.0,2215.0,0.0,4254.0,1531.0,1530.0,1532.0
0.0,17303.0,4666.0,4596.0,1182.0,9161.0,3774.0,760.0,4627.0,1532.0,1531.0,1533.0,1554.0,1562.0,1550.0,5440.0,8457.0,3406.0,3774.0,760.0,4627.0,1532.0,1531.0,1533.0
0.0,13819.0,4660.0,4598.0,3388.0,10443.0,4652.0,2314.0,3477.0,1533.0,1531.0,1534.0,1548.0,1554.0,1558.0,3886.0,6895.0,3038.0,4652.0,2314.0,3477.0,1533.0,1531.0,1534.0
0.0,12547.0,4632.0,4599.0,6469.0,8611.0,3984.0,3859.0,768.0,1533.0,1532.0,1534.0,1547.0,1540.0,1545.0,3013.0,5341.0,4193.0,3984.0,3859.0,768.0,1533.0,1532.0,1534.0
0.0,14384.0,4626.0,4599.0,9161.0,6391.0,1751.0,4640.0,0.0,1533.0,1532.0,1534.0,1541.0,1541.0,1544.0,3681.0,3801.0,6902.0,1751.0,4640.0,0.0,1533.0,1532.0,1534.0
0.0,18919.0,4613.0,4599.0,9735.0,3862.0,0.0,3862.0,0.0,1533.0,1532.0,1534.0,1538.0,1536.0,1539.0,5914.0,3020.0,9985.0,0.0,3862.0,0.0,1533.0,1532.0,1534.0
0.0,24041.0,4624.0,4601.0,9182.0,1557.0,0.0,1557.0,0.0,1534.0,1533.0,1534.0,1531.0,1549.0,1544.0,8320.0,3798.0,11923.0,0.0,1557.0,0.0,1534.0,1533.0,1534.0
0.0,28599.0,4632.0,4602.0,6528.0,0.0,0.0,0.0,0.0,1534.0,1533.0,1535.0,1541.0,1546.0,1545.0,11344.0,6108.0,11147.0,0.0,0.0,0.0,1534.0,1533.0,1535.0
0.0,30495.0,4670.0,4605.0,1921.0,0.0,0.0,0.0,0.0,1535.0,1534.0,1536.0,1558.0,1550.0,1562.0,11691.0,9202.0,9602.0,0.0,0.0,0.0,1535.0,1534.0,1536.0
0.0,27746.0,4660.0,4608.0,3498.0,1196.0,0.0,0.0,1196.0,1536.0,1535.0,1537.0,1553.0,1556.0,1551.0,10133.0,9573.0,8040.0,0.0,0.0,1196.0,1536.0,1535.0,1537.0
0.0,26584.0,4655.0,4608.0,0.0,3402.0,650.0,0.0,2752.0,1536.0,1535.0,1537.0,1550.0,1549.0,1556.0,8580.0,11515.0,6489.0,650.0,0.0,2752.0,1536.0,1535.0,1537.0
0.0,21929.0,4638.0,4609.0,0.0,6491.0,2196.0,0.0,4295.0,1536.0,1536.0,1537.0,1546.0,1549.0,1543.0,7030.0,9966.0,4933.0,2196.0,0.0,4295.0,1536.0,1536.0,1537.0
0.0,17291.0,4609.0,4611.0,1196.0,9177.0,3742.0,802.0,4633.0,1537.0,1536.0,1538.0,1541.0,1539.0,1529.0,5484.0,8417.0,3390.0,3742.0,802.0,4633.0,1537.0,1536.0,1538.0
0.0,13878.0,4614.0,4611.0,3402.0,10389.0,4624.0,2338.0,3427.0,1537.0,1536.0,1538.0,1532.0,1536.0,1546.0,3943.0,6878.0,3057.0,4624.0,2338.0,3427.0,1537.0,1536.0,1538.0
0.0,12666.0,4663.0,4613.0,6491.0,8571.0,3981.0,3896.0,694.0,1537.0,1537.0,1539.0,1553.0,1553.0,1557.0,3061.0,5342.0,4263.0,3981.0,3896.0,694.0,1537.0,1537.0,1539.0
0.0,14494.0,4659.0,4614.0,9177.0,6443.0,1797.0,4646.0,0.0,1538.0,1537.0,1539.0,1553.0,1552.0,1554.0,3704.0,3789.0,7001.0,1797.0,4646.0,0.0,1538.0,1537.0,1539.0
0.0,19012.0,4683.0,4617.0,10389.0,3876.0,0.0,3876.0,0.0,1539.0,1538.0,1540.0,1560.0,1563.0,1560.0,5893.0,3039.0,10080.0,0.0,3876.0,0.0,1539.0,1538.0,1540.0
0.0,24718.0,4664.0,4618.0,8571.0,1550.0,0.0,1550.0,0.0,1539.0,1539.0,1540.0,1547.0,1565.0,1552.0,8957.0,3814.0,11947.0,0.0,1550.0,0.0,1539.0,1539.0,1540.0
0.0,28625.0,4644.0,4620.0,6443.0,0.0,0.0,0.0,0.0,1540.0,1539.0,1541.0,1557.0,1545.0,1542.0,11391.0,6145.0,11089.0,0.0,0.0,0.0,1540.0,1539.0,1541.0
0.0,30424.0,4627.0,4620.0,3876.0,0.0,0.0,0.0,0.0,1540.0,1539.0,1541.0,1547.0,1548.0,1532.0,11631.0,9246.0,9547.0,0.0,0.0,0.0,1540.0,1539.0,1541.0
0.0,29673.0,4643.0,4621.0,1550.0,1244.0,0.0,0.0,1244.0,1540.0,1540.0,1541.0,1536.0,1553.0,1554.0,10084.0,11574.0,8015.0,0.0,0.0,1244.0,1540.0,1540.0,1541.0
0.0,26580.0,4677.0,4622.0,0.0,3518.0,705.0,0.0,2813.0,1540.0,1540.0,1542.0,1553.0,1560.0,1564.0,8548.0,11571.0,6461.0,705.0,0.0,2813.0,1540.0,1540.0,1542.0
0.0,21903.0,4697.0,4624.0,0.0,6663.0,2282.0,0.0,4381.0,1541.0,1541.0,1542.0,1572.0,1557.0,1568.0,6995.0,10011.0,4897.0,2282.0,0.0,4381.0,1541.0,1541.0,1542.0
0.0,17206.0,4684.0,4627.0,1244.0,9369.0,3847.0,821.0,4701.0,1542.0,1542.0,1543.0,1560.0,1565.0,1559.0,5423.0,8454.0,3329.0,3847.0,821.0,4701.0,1542.0,1542.0,1543.0
0.0,13766.0,4657.0,4628.0,3518.0,10513.0,4687.0,2372.0,3454.0,1542.0,1542.0,1544.0,1545.0,1551.0,1561.0,3863.0,6889.0,3014.0,4687.0,2372.0,3454.0,1542.0,1542.0,1544.0
0.0,12627.0,4672.0,4630.0,6663.0,8532.0,3969.0,3938.0,625.0,1543.0,1543.0,1544.0,1559.0,1561.0,1552.0,3023.0,5338.0,4266.0,3969.0,3938.0,625.0,1543.0,1543.0,1544.0
0.0,14618.0,4662.0,4630.0,9369.0,6349.0,1680.0,4669.0,0.0,1543.0,1543.0,1544.0,1558.0,1552.0,1552.0,3746.0,3777.0,7095.0,1680.0,4669.0,0.0,1543.0,1543.0,1544.0
0.0,19325.0,4655.0,4631.0,10483.0,3852.0,0.0,3852.0,0.0,1543.0,1543.0,1545.0,1538.0,1555.0,1562.0,6035.0,3046.0,10244.0,0.0,3852.0,0.0,1543.0,1543.0,1545.0
0.0,25153.0,4686.0,4633.0,8562.0,1477.0,0.0,1477.0,0.0,1544.0,1544.0,1545.0,1563.0,1558.0,1565.0,9154.0,3863.0,12136.0,0.0,1477.0,0.0,1544.0,1544.0,1545.0
0.0,29029.0,4686.0,4636.0,6349.0,0.0,0.0,0.0,0.0,1545.0,1545.0,1546.0,1565.0,1555.0,1566.0,11590.0,6243.0,11196.0,0.0,0.0,0.0,1545.0,1545.0,1546.0
0.0,30692.0,4699.0,4638.0,2189.0,0.0,0.0,0.0,0.0,1545.0,1546.0,1547.0,1563.0,1573.0,1563.0,11705.0,9357.0,9630.0,0.0,0.0,0.0,1545.0,1546.0,1547.0
0.0,28182.0,4676.0,4639.0,3140.0,1227.0,0.0,0.0,1227.0,1546.0,1546.0,1547.0,1556.0,1561.0,1559.0,10142.0,9973.0,8067.0,0.0,0.0,1227.0,1546.0,1546.0,1547.0
0.0,26646.0,4662.0,4639.0,0.0,3477.0,702.0,0.0,2775.0,1546.0,1546.0,1547.0,1558.0,1556.0,1548.0,8586.0,11552.0,6508.0,702.0,0.0,2775.0,1546.0,1546.0,1547.0
0.0,21984.0,4651.0,4639.0,0.0,6582.0,2257.0,0.0,4325.0,1546.0,1546.0,1547.0,1555.0,1546.0,1550.0,7028.0,9996.0,4960.0,2257.0,0.0,4325.0,1546.0,1546.0,1547.0
0.0,17333.0,4642.0,4640.0,1227.0,9282.0,3795.0,825.0,4662.0,1546.0,1546.0,1548.0,1538.0,1545.0,1559.0,5473.0,8450.0,3410.0,3795.0,825.0,4662.0,1546.0,1546.0,1548.0
0.0,13918.0,4690.0,4643.0,3477.0,10510.0,4656.0,2392.0,3462.0,1547.0,1547.0,1549.0,1558.0,1562.0,1570.0,3935.0,6905.0,3078.0,4656.0,2392.0,3462.0,1547.0,1547.0,1549.0
0.0,12705.0,4699.0,4644.0,6582.0,8632.0,3965.0,3969.0,698.0,1547.0,1548.0,1549.0,1566.0,1572.0,1561.0,3079.0,5343.0,4283.0,3965.0,3969.0,698.0,1547.0,1548.0,1549.0
0.0,14588.0,4707.0,4647.0,9282.0,6462.0,1741.0,4721.0,0.0,1548.0,1549.0,1550.0,1566.0,1572.0,1569.0,3770.0,3771.0,7047.0,1741.0,4721.0,0.0,1548.0,1549.0,1550.0
0.0,19163.0,4711.0,4650.0,10510.0,3900.0,0.0,3900.0,0.0,1549.0,1550.0,1551.0,1576.0,1566.0,1569.0,5999.0,3024.0,10140.0,0.0,3900.0,0.0,1549.0,1550.0,1551.0
0.0,24962.0,4657.0,4650.0,8632.0,1480.0,0.0,1480.0,0.0,1549.0,1550.0,1551.0,1554.0,1549.0,1554.0,9079.0,3850.0,12033.0,0.0,1480.0,0.0,1549.0,1550.0,1551.0
0.0,28937.0,4679.0,4650.0,6462.0,0.0,0.0,0.0,0.0,1549.0,1550.0,1551.0,1560.0,1561.0,1558.0,11490.0,6270.0,11177.0,0.0,0.0,0.0,1549.0,1550.0,1551.0
0.0,30720.0,4683.0,4651.0,3900.0,0.0,0.0,0.0,0.0,1550.0,1550.0,1551.0,1555.0,1565.0,1563.0,11671.0,9430.0,9619.0,0.0,0.0,0.0,1550.0,1550.0,1551.0
0.0,29937.0,4683.0,4653.0,1480.0,1260.0,0.0,0.0,1260.0,1550.0,1551.0,1552.0,1554.0,1573.0,1556.0,10116.0,11765.0,8056.0,0.0,0.0,1260.0,1550.0,1551.0,1552.0
0.0,26734.0,4694.0,4655.0,0.0,3582.0,763.0,0.0,2819.0,1551.0,1552.0,1552.0,1570.0,1565.0,1559.0,8562.0,11672.0,6500.0,763.0,0.0,2819.0,1551.0,1552.0,1552.0
0.0,22040.0,4695.0,4657.0,0.0,6713.0,2322.0,0.0,4391.0,1551.0,1553.0,1553.0,1559.0,1569.0,1567.0,6992.0,10107.0,4941.0,2322.0,0.0,4391.0,1551.0,1553.0,1553.0
0.0,17345.0,4719.0,4659.0,1260.0,9409.0,3891.0,807.0,4711.0,1552.0,1553.0,1554.0,1564.0,1580.0,1575.0,5433.0,8538.0,3374.0,3891.0,807.0,4711.0,1552.0,1553.0,1554.0
0.0,13886.0,4680.0,4660.0,3582.0,10512.0,4686.0,2373.0,3453.0,1552.0,1554.0,1554.0,1558.0,1561.0,1561.0,3869.0,6958.0,3059.0,4686.0,2373.0,3453.0,1552.0,1554.0,1554.0
0.0,12788.0,4665.0,4660.0,6713.0,8464.0,3918.0,3924.0,622.0,1552.0,1554.0,1554.0,1554.0,1551.0,1560.0,3074.0,5397.0,4317.0,3918.0,3924.0,622.0,1552.0,1554.0,1554.0
0.0,14836.0,4654.0,4660.0,9409.0,6253.0,1574.0,4679.0,0.0,1552.0,1554.0,1554.0,1547.0,1562.0,1545.0,3842.0,3846.0,7148.0,1574.0,4679.0,0.0,1552.0,1554.0,1554.0
0.0,19591.0,4690.0,4661.0,9556.0,3879.0,0.0,3879.0,0.0,1552.0,1555.0,1554.0,1567.0,1568.0,1555.0,6186.0,3091.0,10314.0,0.0,3879.0,0.0,1552.0,1555.0,1554.0
0.0,24457.0,4726.0,4664.0,9231.0,1540.0,0.0,1540.0,0.0,1553.0,1556.0,1555.0,1579.0,1580.0,1567.0,8349.0,3896.0,12212.0,0.0,1540.0,0.0,1553.0,1556.0,1555.0
0.0,28962.0,4733.0,4667.0,6442.0,0.0,0.0,0.0,0.0,1554.0,1557.0,1556.0,1579.0,1576.0,1578.0,11455.0,6240.0,11267.0,0.0,0.0,0.0,1554.0,1557.0,1556.0
0.0,30671.0,4685.0,4668.0,3068.0,0.0,0.0,0.0,0.0,1555.0,1557.0,1556.0,1563.0,1559.0,1563.0,11639.0,9343.0,9689.0,0.0,0.0,0.0,1555.0,1557.0,1556.0
0.0,29054.0,4700.0,4669.0,2351.0,1230.0,0.0,0.0,1230.0,1555.0,1557.0,1557.0,1570.0,1559.0,1571.0,10076.0,10852.0,8126.0,0.0,0.0,1230.0,1555.0,1557.0,1557.0
0.0,26705.0,4684.0,4669.0,0.0,3625.0,833.0,0.0,2792.0,1555.0,1557.0,1557.0,1564.0,1558.0,1562.0,8506.0,11644.0,6555.0,833.0,0.0,2792.0,1555.0,1557.0,1557.0
0.0,22021.0,4692.0,4671.0,0.0,6763.0,2406.0,0.0,4357.0,1556.0,1558.0,1557.0,1568.0,1559.0,1565.0,6942.0,10086.0,4993.0,2406.0,0.0,4357.0,1556.0,1558.0,1557.0
0.0,17329.0,4700.0,4671.0,1230.0,9496.0,3972.0,836.0,4688.0,1556.0,1558.0,1557.0,1566.0,1573.0,1561.0,5374.0,8527.0,3428.0,3972.0,836.0,4688.0,1556.0,1558.0,1557.0
0.0,13859.0,4729.0,4674.0,3625.0,10615.0,4723.0,2415.0,3477.0,1557.0,1559.0,1558.0,1579.0,1574.0,1576.0,3808.0,6954.0,3097.0,4723.0,2415.0,3477.0,1557.0,1559.0,1558.0
0.0,12755.0,4728.0,4676.0,6763.0,8590.0,3891.0,3990.0,709.0,1558.0,1559.0,1559.0,1569.0,1575.0,1584.0,3062.0,5380.0,4313.0,3891.0,3990.0,709.0,1558.0,1559.0,1559.0
0.0,14790.0,4721.0,4678.0,9496.0,6218.0,1484.0,4734.0,0.0,1558.0,1560.0,1560.0,1565.0,1575.0,1581.0,3899.0,3805.0,7086.0,1484.0,4734.0,0.0,1558.0,1560.0,1560.0
0.0,19565.0,4723.0,4679.0,10615.0,3895.0,0.0,3895.0,0.0,1559.0,1560.0,1560.0,1575.0,1576.0,1572.0,6306.0,3066.0,10193.0,0.0,3895.0,0.0,1559.0,1560.0,1560.0
0.0,25457.0,4705.0,4680.0,8590.0,1476.0,0.0,1476.0,0.0,1559.0,1561.0,1560.0,1573.0,1566.0,1566.0,9454.0,3905.0,12098.0,0.0,1476.0,0.0,1559.0,1561.0,1560.0
0.0,29342.0,4682.0,4680.0,6218.0,0.0,0.0,0.0,0.0,1559.0,1561.0,1560.0,1554.0,1567.0,1561.0,11772.0,6329.0,11241.0,0.0,0.0,0.0,1559.0,1561.0,1560.0
0.0,30878.0,4714.0,4682.0,3895.0,0.0,0.0,0.0,0.0,1559.0,1562.0,1561.0,1567.0,1580.0,1567.0,11702.0,9496.0,9680.0,0.0,0.0,0.0,1559.0,1562.0,1561.0
0.0,30059.0,4734.0,4683.0,1476.0,1264.0,0.0,0.0,1264.0,1560.0,1562.0,1561.0,1585.0,1577.0,1572.0,10135.0,11811.0,8113.0,0.0,0.0,1264.0,1560.0,1562.0,1561.0
0.0,26801.0,4745.0,4686.0,0.0,3679.0,830.0,0.0,2849.0,1561.0,1563.0,1562.0,1575.0,1590.0,1580.0,8550.0,11710.0,6541.0,830.0,0.0,2849.0,1561.0,1563.0,1562.0
0.0,22056.0,4738.0,4688.0,0.0,6841.0,2405.0,0.0,4436.0,1561.0,1564.0,1563.0,1575.0,1581.0,1582.0,6975.0,10120.0,4961.0,2405.0,0.0,4436.0,1561.0,1564.0,1563.0
0.0,17318.0,4706.0,4689.0,1264.0,9569.0,3982.0,850.0,4737.0,1562.0,1564.0,1563.0,1572.0,1569.0,1565.0,5400.0,8539.0,3379.0,3982.0,850.0,4737.0,1562.0,1564.0,1563.0
0.0,13876.0,4694.0,4689.0,3679.0,10584.0,4727.0,2415.0,3442.0,1562.0,1564.0,1563.0,1575.0,1565.0,1554.0,3828.0,6970.0,3078.0,4727.0,2415.0,3442.0,1562.0,1564.0,1563.0
0.0,12861.0,4713.0,4690.0,6841.0,8461.0,3897.0,3988.0,576.0,1563.0,1564.0,1563.0,1570.0,1573.0,1570.0,3083.0,5405.0,4373.0,3897.0,3988.0,576.0,1563.0,1564.0,1563.0
0.0,14989.0,4720.0,4692.0,9569.0,6206.0,1482.0,4724.0,0.0,1563.0,1565.0,1564.0,1567.0,1581.0,1572.0,3918.0,3832.0,7239.0,1482.0,4724.0,0.0,1563.0,1565.0,1564.0
0.0,19838.0,4779.0,4695.0,10110.0,3900.0,0.0,3900.0,0.0,1564.0,1566.0,1565.0,1596.0,1586.0,1597.0,6333.0,3101.0,10404.0,0.0,3900.0,0.0,1564.0,1566.0,1565.0
0.0,25169.0,4761.0,4697.0,8935.0,1499.0,0.0,1499.0,0.0,1565.0,1566.0,1566.0,1580.0,1587.0,1594.0,8990.0,3930.0,12249.0,0.0,1499.0,0.0,1565.0,1566.0,1566.0
0.0,29343.0,4750.0,4698.0,6206.0,0.0,0.0,0.0,0.0,1565.0,1567.0,1566.0,1575.0,1592.0,1583.0,11781.0,6331.0,11231.0,0.0,0.0,0.0,1565.0,1567.0,1566.0
0.0,30799.0,4720.0,4698.0,1928.0,0.0,0.0,0.0,0.0,1565.0,1567.0,1566.0,1580.0,1574.0,1566.0,11688.0,9463.0,9648.0,0.0,0.0,0.0,1565.0,1567.0,1566.0
0.0,28007.0,4698.0,4699.0,3471.0,1309.0,0.0,0.0,1309.0,1565.0,1568.0,1566.0,1568.0,1569.0,1561.0,10108.0,9817.0,8082.0,0.0,0.0,1309.0,1565.0,1568.0,1566.0
0.0,26780.0,4721.0,4700.0,0.0,3748.0,857.0,0.0,2891.0,1566.0,1568.0,1566.0,1567.0,1572.0,1582.0,8540.0,11719.0,6521.0,857.0,0.0,2891.0,1566.0,1568.0,1566.0
0.0,22059.0,4742.0,4701.0,0.0,6914.0,2434.0,0.0,4480.0,1566.0,1568.0,1567.0,1577.0,1581.0,1584.0,6973.0,10147.0,4939.0,2434.0,0.0,4480.0,1566.0,1568.0,1567.0
0.0,17317.0,4781.0,4704.0,1309.0,9675.0,4039.0,868.0,4768.0,1567.0,1569.0,1568.0,1600.0,1589.0,1592.0,5396.0,8566.0,3355.0,4039.0,868.0,4768.0,1567.0,1569.0,1568.0
0.0,13845.0,4770.0,4706.0,3748.0,10707.0,4764.0,2465.0,3478.0,1568.0,1570.0,1568.0,1577.0,1592.0,1601.0,3796.0,6977.0,3072.0,4764.0,2465.0,3478.0,1568.0,1570.0,1568.0
0.0,12823.0,4738.0,4707.0,6914.0,8536.0,3907.0,4047.0,582.0,1568.0,1570.0,1569.0,1577.0,1582.0,1579.0,3076.0,5385.0,4362.0,3907.0,4047.0,582.0,1568.0,1570.0,1569.0
0.0,14999.0,4718.0,4708.0,9675.0,6203.0,1443.0,4760.0,0.0,1568.0,1571.0,1569.0,1575.0,1576.0,1567.0,3933.0,3803.0,7263.0,1443.0,4760.0,0.0,1568.0,1571.0,1569.0
0.0,19956.0,4713.0,4707.0,10707.0,3857.0,0.0,3857.0,0.0,1568.0,1570.0,1569.0,1570.0,1567.0,1576.0,6397.0,3095.0,10464.0,0.0,3857.0,0.0,1568.0,1570.0,1569.0
0.0,25950.0,4719.0,4708.0,8536.0,1394.0,0.0,1394.0,0.0,1568.0,1571.0,1569.0,1567.0,1579.0,1573.0,9591.0,3993.0,12366.0,0.0,1394.0,0.0,1568.0,1571.0,1569.0
0.0,29767.0,4749.0,4710.0,6203.0,0.0,0.0,0.0,0.0,1569.0,1571.0,1570.0,1574.0,1584.0,1591.0,11931.0,6461.0,11375.0,0.0,0.0,0.0,1569.0,1571.0,1570.0
0.0,31221.0,4791.0,4713.0,3857.0,0.0,0.0,0.0,0.0,1570.0,1572.0,1571.0,1597.0,1600.0,1594.0,11800.0,9637.0,9784.0,0.0,0.0,0.0,1570.0,1572.0,1571.0
0.0,30287.0,4775.0,4716.0,1394.0,1270.0,0.0,0.0,1270.0,1571.0,1573.0,1572.0,1589.0,1586.0,1600.0,10203.0,11894.0,8190.0,0.0,0.0,1270.0,1571.0,1573.0,1572.0
0.0,26906.0,4752.0,4717.0,0.0,3678.0,827.0,0.0,2851.0,1571.0,1574.0,1572.0,1586.0,1585.0,1581.0,8614.0,11702.0,6590.0,827.0,0.0,2851.0,1571.0,1574.0,1572.0
0.0,22154.0,4744.0,4718.0,0.0,6850.0,2423.0,0.0,4427.0,1572.0,1574.0,1572.0,1591.0,1577.0,1576.0,7028.0,10117.0,5009.0,2423.0,0.0,4427.0,1572.0,1574.0,1572.0
0.0,17410.0,4742.0,4718.0,1270.0,9652.0,3998.0,915.0,4739.0,1572.0,1574.0,1572.0,1575.0,1585.0,1582.0,5437.0,8540.0,3433.0,3998.0,915.0,4739.0,1572.0,1574.0,1572.0
0.0,13938.0,4746.0,4719.0,3678.0,10725.0,4743.0,2501.0,3481.0,1572.0,1574.0,1573.0,1572.0,1586.0,1588.0,3862.0,6955.0,3121.0,4743.0,2501.0,3481.0,1572.0,1574.0,1573.0
0.0,12870.0,4753.0,4721.0,6850.0,8638.0,3903.0,4083.0,652.0,1572.0,1575.0,1574.0,1583.0,1577.0,1593.0,3117.0,5369.0,4384.0,3903.0,4083.0,652.0,1572.0,1575.0,1574.0
0.0,14967.0,4779.0,4723.0,9652.0,6273.0,1505.0,4768.0,0.0,1573.0,1576.0,1574.0,1595.0,1595.0,1589.0,3957.0,3792.0,7218.0,1505.0,4768.0,0.0,1573.0,1576.0,1574.0
0.0,19840.0,4793.0,4725.0,9705.0,3870.0,0.0,3870.0,0.0,1574.0,1576.0,1575.0,1595.0,1603.0,1595.0,6360.0,3112.0,10368.0,0.0,3870.0,0.0,1574.0,1576.0,1575.0
0.0,24752.0,4782.0,4726.0,8962.0,1397.0,0.0,1397.0,0.0,1574.0,1577.0,1575.0,1592.0,1605.0,1585.0,8488.0,4010.0,12254.0,0.0,1397.0,0.0,1574.0,1577.0,1575.0
0.0,28932.0,4764.0,4728.0,6824.0,0.0,0.0,0.0,0.0,1575.0,1577.0,1576.0,1587.0,1589.0,1588.0,11123.0,6488.0,11321.0,0.0,0.0,0.0,1575.0,1577.0,1576.0
0.0,30992.0,4746.0,4729.0,1999.0,0.0,0.0,0.0,0.0,1575.0,1578.0,1576.0,1587.0,1580.0,1579.0,11737.0,9522.0,9733.0,0.0,0.0,0.0,1575.0,1578.0,1576.0
0.0,28245.0,4748.0,4730.0,3413.0,1315.0,0.0,0.0,1315.0,1576.0,1578.0,1576.0,1578.0,1581.0,1589.0,10150.0,9941.0,8154.0,0.0,0.0,1315.0,1576.0,1578.0,1576.0
0.0,26910.0,4774.0,4731.0,0.0,3810.0,900.0,0.0,2910.0,1576.0,1578.0,1577.0,1592.0,1592.0,1590.0,8572.0,11773.0,6565.0,900.0,0.0,2910.0,1576.0,1578.0,1577.0
0.0,22136.0,4779.0,4734.0,0.0,7003.0,2500.0,0.0,4503.0,1577.0,1579.0,1578.0,1595.0,1596.0,1588.0,6980.0,10181.0,4975.0,2500.0,0.0,4503.0,1577.0,1579.0,1578.0
0.0,17357.0,4787.0,4737.0,1315.0,9800.0,4101.0,909.0,4790.0,1578.0,1580.0,1579.0,1596.0,1594.0,1597.0,5385.0,8585.0,3387.0,4101.0,909.0,4790.0,1578.0,1580.0,1579.0
0.0,13885.0,4777.0,4737.0,3810.0,10767.0,4796.0,2502.0,3469.0,1578.0,1580.0,1579.0,1595.0,1593.0,1589.0,3789.0,6991.0,3105.0,4796.0,2502.0,3469.0,1578.0,1580.0,1579.0
0.0,12918.0,4759.0,4739.0,7003.0,8533.0,3890.0,4083.0,560.0,1579.0,1580.0,1580.0,1589.0,1581.0,1589.0,3094.0,5398.0,4426.0,3890.0,4083.0,560.0,1579.0,1580.0,1580.0
0.0,15162.0,4742.0,4739.0,9800.0,6125.0,1363.0,4762.0,0.0,1579.0,1580.0,1580.0,1574.0,1588.0,1580.0,4005.0,3817.0,7340.0,1363.0,4762.0,0.0,1579.0,1580.0,1580.0
0.0,20220.0,4748.0,4740.0,10767.0,3849.0,0.0,3849.0,0.0,1579.0,1581.0,1580.0,1577.0,1584.0,1587.0,6532.0,3138.0,10550.0,0.0,3849.0,0.0,1579.0,1581.0,1580.0
0.0,26239.0,4780.0,4742.0,8533.0,1366.0,0.0,1366.0,0.0,1579.0,1582.0,1581.0,1593.0,1595.0,1592.0,9751.0,4056.0,12432.0,0.0,1366.0,0.0,1579.0,1582.0,1581.0
0.0,29992.0,4777.0,4743.0,6125.0,0.0,0.0,0.0,0.0,1580.0,1582.0,1581.0,1600.0,1586.0,1591.0,12048.0,6544.0,11400.0,0.0,0.0,0.0,1580.0,1582.0,1581.0
0.0,31340.0,4795.0,4746.0,3849.0,0.0,0.0,0.0,0.0,1581.0,1583.0,1582.0,1600.0,1597.0,1598.0,11811.0,9720.0,9809.0,0.0,0.0,0.0,1581.0,1583.0,1582.0
0.0,30394.0,4804.0,4747.0,1366.0,1309.0,0.0,0.0,1309.0,1581.0,1583.0,1583.0,1599.0,1600.0,1605.0,10211.0,11972.0,8211.0,0.0,0.0,1309.0,1581.0,1583.0,1583.0
0.0,26956.0,4787.0,4748.0,0.0,3788.0,881.0,0.0,2907.0,1581.0,1584.0,1583.0,1588.0,1601.0,1598.0,8612.0,11738.0,6606.0,881.0,0.0,2907.0,1581.0,1584.0,1583.0
0.0,22169.0,4769.0,4749.0,0.0,6971.0,2474.0,0.0,4497.0,1582.0,1584.0,1583.0,1588.0,1591.0,1590.0,7024.0,10137.0,5008.0,2474.0,0.0,4497.0,1582.0,1584.0,1583.0
0.0,17400.0,4741.0,4749.0,1309.0,9777.0,4050.0,954.0,4773.0,1582.0,1584.0,1583.0,1576.0,1580.0,1585.0,5436.0,8546.0,3418.0,4050.0,954.0,4773.0,1582.0,1584.0,1583.0
0.0,13968.0,4787.0,4751.0,3788.0,10786.0,4767.0,2549.0,3470.0,1582.0,1585.0,1584.0,1598.0,1590.0,1599.0,3860.0,6966.0,3142.0,4767.0,2549.0,3470.0,1582.0,1585.0,1584.0
0.0,12969.0,4820.0,4752.0,6971.0,8640.0,3911.0,4155.0,574.0,1583.0,1585.0,1584.0,1613.0,1606.0,1601.0,3143.0,5376.0,4450.0,3911.0,4155.0,574.0,1583.0,1585.0,1584.0
0.0,15120.0,4799.0,4755.0,9777.0,6266.0,1466.0,4800.0,0.0,1584.0,1586.0,1585.0,1600.0,1594.0,1605.0,4004.0,3770.0,7346.0,1466.0,4800.0,0.0,1584.0,1586.0,1585.0
0.0,20098.0,4811.0,4757.0,10459.0,3857.0,0.0,3857.0,0.0,1585.0,1586.0,1586.0,1599.0,1606.0,1606.0,6454.0,3130.0,10514.0,0.0,3857.0,0.0,1585.0,1586.0,1586.0
0.0,25746.0,4780.0,4758.0,8967.0,1294.0,0.0,1294.0,0.0,1585.0,1587.0,1586.0,1598.0,1587.0,1595.0,9295.0,4073.0,12378.0,0.0,1294.0,0.0,1585.0,1587.0,1586.0
0.0,29933.0,4771.0,4759.0,6266.0,0.0,0.0,0.0,0.0,1585.0,1587.0,1587.0,1588.0,1594.0,1589.0,11935.0,6641.0,11357.0,0.0,0.0,0.0,1585.0,1587.0,1587.0
0.0,31428.0,4767.0,4759.0,3803.0,0.0,0.0,0.0,0.0,1585.0,1587.0,1587.0,1585.0,1590.0,1592.0,11813.0,9847.0,9768.0,0.0,0.0,0.0,1585.0,1587.0,1587.0
0.0,30464.0,4796.0,4760.0,1348.0,1348.0,0.0,0.0,1348.0,1586.0,1587.0,1587.0,1604.0,1603.0,1589.0,10228.0,12060.0,8176.0,0.0,0.0,1348.0,1586.0,1587.0,1587.0
0.0,27016.0,4811.0,4763.0,0.0,3879.0,921.0,0.0,2958.0,1587.0,1588.0,1588.0,1610.0,1596.0,1605.0,8624.0,11805.0,6587.0,921.0,0.0,2958.0,1587.0,1588.0,1588.0
0.0,22205.0,4805.0,4764.0,0.0,7097.0,2529.0,0.0,4568.0,1587.0,1588.0,1589.0,1608.0,1592.0,1605.0,7014.0,10209.0,4982.0,2529.0,0.0,4568.0,1587.0,1588.0,1589.0
0.0,17400.0,4804.0,4767.0,1348.0,9891.0,4134.0,924.0,4833.0,1588.0,1589.0,1590.0,1600.0,1596.0,1608.0,5406.0,8617.0,3377.0,4134.0,924.0,4833.0,1588.0,1589.0,1590.0
0.0,13944.0,4812.0,4767.0,3879.0,10824.0,4812.0,2531.0,3481.0,1588.0,1589.0,1590.0,1599.0,1607.0,1606.0,3806.0,7021.0,3117.0,4812.0,2531.0,3481.0,1588.0,1589.0,1590.0
0.0,13011.0,4768.0,4767.0,7097.0,8495.0,3871.0,4120.0,504.0,1588.0,1589.0,1590.0,1588.0,1589.0,1591.0,3128.0,5414.0,4469.0,3871.0,4120.0,504.0,1588.0,1589.0,1590.0
0.0,15340.0,4779.0,4767.0,9891.0,6123.0,1323.0,4800.0,0.0,1588.0,1589.0,1590.0,1586.0,1604.0,1589.0,4069.0,3825.0,7446.0,1323.0,4800.0,0.0,1588.0,1589.0,1590.0
0.0,20452.0,4792.0,4769.0,10824.0,3874.0,0.0,3874.0,0.0,1589.0,1590.0,1590.0,1595.0,1600.0,1597.0,6617.0,3145.0,10690.0,0.0,3874.0,0.0,1589.0,1590.0,1590.0
0.0,26484.0,4814.0,4771.0,8495.0,1363.0,0.0,1363.0,0.0,1589.0,1591.0,1591.0,1603.0,1604.0,1607.0,9834.0,4076.0,12574.0,0.0,1363.0,0.0,1589.0,1591.0,1591.0
0.0,30165.0,4827.0,4773.0,6123.0,0.0,0.0,0.0,0.0,1590.0,1591.0,1592.0,1604.0,1610.0,1613.0,12102.0,6592.0,11471.0,0.0,0.0,0.0,1590.0,1591.0,1592.0
0.0,31461.0,4826.0,4775.0,3874.0,0.0,0.0,0.0,0.0,1591.0,1592.0,1592.0,1600.0,1617.0,1609.0,11821.0,9782.0,9858.0,0.0,0.0,0.0,1591.0,1592.0,1592.0
0.0,30509.0,4794.0,4775.0,1363.0,1307.0,0.0,0.0,1307.0,1591.0,1592.0,1592.0,1603.0,1595.0,1596.0,10221.0,12039.0,8249.0,0.0,0.0,1307.0,1591.0,1592.0,1592.0
0.0,27078.0,4779.0,4775.0,0.0,3834.0,933.0,0.0,2901.0,1591.0,1592.0,1592.0,1596.0,1589.0,1594.0,8618.0,11807.0,6653.0,933.0,0.0,2901.0,1591.0,1592.0,1592.0
0.0,22299.0,4792.0,4776.0,0.0,7026.0,2528.0,0.0,4498.0,1591.0,1592.0,1593.0,1595.0,1605.0,1592.0,7022.0,10218.0,5059.0,2528.0,0.0,4498.0,1591.0,1592.0,1593.0
0.0,17507.0,4811.0,4778.0,1307.0,9887.0,4140.0,963.0,4784.0,1592.0,1593.0,1593.0,1607.0,1611.0,1593.0,5427.0,8613.0,3467.0,4140.0,963.0,4784.0,1592.0,1593.0,1593.0
0.0,14003.0,4855.0,4781.0,3834.0,10923.0,4825.0,2585.0,3513.0,1593.0,1594.0,1594.0,1613.0,1617.0,1625.0,3820.0,7002.0,3181.0,4825.0,2585.0,3513.0,1593.0,1594.0,1594.0
0.0,12982.0,4846.0,4784.0,7026.0,8758.0,3913.0,4202.0,643.0,1594.0,1595.0,1595.0,1611.0,1612.0,1623.0,3140.0,5385.0,4457.0,3913.0,4202.0,643.0,1594.0,1595.0,1595.0
0.0,15162.0,4836.0,4784.0,9887.0,6230.0,1378.0,4852.0,0.0,1594.0,1595.0,1595.0,1605.0,1613.0,1618.0,4057.0,3773.0,7332.0,1378.0,4852.0,0.0,1594.0,1595.0,1595.0
0.0,20213.0,4814.0,4785.0,9668.0,3875.0,0.0,3875.0,0.0,1594.0,1595.0,1596.0,1603.0,1608.0,1603.0,6592.0,3123.0,10498.0,0.0,3875.0,0.0,1594.0,1595.0,1596.0
0.0,25067.0,4798.0,4786.0,8666.0,1287.0,0.0,1287.0,0.0,1594.0,1596.0,1596.0,1596.0,1609.0,1593.0,8559.0,4100.0,12408.0,0.0,1287.0,0.0,1594.0,1596.0,1596.0
0.0,28935.0,4794.0,4787.0,7577.0,0.0,0.0,0.0,0.0,1595.0,1596.0,1596.0,1597.0,1598.0,1599.0,10784.0,6693.0,11458.0,0.0,0.0,0.0,1595.0,1596.0,1596.0
0.0,31718.0,4826.0,4788.0,1796.0,0.0,0.0,0.0,0.0,1595.0,1597.0,1596.0,1609.0,1608.0,1609.0,11912.0,9947.0,9859.0,0.0,0.0,0.0,1595.0,1597.0,1596.0
0.0,28688.0,4857.0,4790.0,3366.0,1357.0,0.0,0.0,1357.0,1596.0,1597.0,1597.0,1619.0,1616.0,1622.0,10303.0,10135.0,8250.0,0.0,0.0,1357.0,1596.0,1597.0,1597.0
0.0,27197.0,4860.0,4793.0,0.0,3903.0,919.0,0.0,2984.0,1597.0,1598.0,1598.0,1618.0,1620.0,1622.0,8684.0,11885.0,6628.0,919.0,0.0,2984.0,1597.0,1598.0,1598.0
0.0,22337.0,4844.0,4794.0,0.0,7127.0,2530.0,0.0,4597.0,1597.0,1599.0,1598.0,1611.0,1620.0,1613.0,7066.0,10265.0,5006.0,2530.0,0.0,4597.0,1597.0,1599.0,1598.0
0.0,17493.0,4824.0,4796.0,1357.0,9954.0,4150.0,953.0,4851.0,1598.0,1599.0,1599.0,1615.0,1603.0,1606.0,5455.0,8645.0,3393.0,4150.0,953.0,4851.0,1598.0,1599.0,1599.0
0.0,14026.0,4789.0,4796.0,3903.0,10840.0,4832.0,2549.0,3459.0,1598.0,1599.0,1599.0,1601.0,1596.0,1592.0,3840.0,7042.0,3144.0,4832.0,2549.0,3459.0,1598.0,1599.0,1599.0
0.0,13140.0,4797.0,4795.0,7127.0,8505.0,3903.0,4132.0,470.0,1598.0,1598.0,1599.0,1601.0,1588.0,1608.0,3158.0,5446.0,4536.0,3903.0,4132.0,470.0,1598.0,1598.0,1599.0
0.0,15470.0,4847.0,4797.0,9954.0,6168.0,1369.0,4799.0,0.0,1598.0,1599.0,1600.0,1616.0,1615.0,1616.0,4087.0,3858.0,7525.0,1369.0,4799.0,0.0,1598.0,1599.0,1600.0
0.0,20577.0,4870.0,4799.0,10840.0,3877.0,0.0,3877.0,0.0,1599.0,1600.0,1600.0,1622.0,1622.0,1626.0,6621.0,3196.0,10760.0,0.0,3877.0,0.0,1599.0,1600.0,1600.0
0.0,26547.0,4857.0,4802.0,8505.0,1375.0,0.0,1375.0,0.0,1600.0,1601.0,1601.0,1622.0,1625.0,1610.0,9831.0,4123.0,12593.0,0.0,1375.0,0.0,1600.0,1601.0,1601.0
0.0,30195.0,4857.0,4803.0,6168.0,0.0,0.0,0.0,0.0,1601.0,1601.0,1601.0,1619.0,1619.0,1619.0,12112.0,6630.0,11453.0,0.0,0.0,0.0,1601.0,1601.0,1601.0
0.0,31506.0,4830.0,4804.0,3877.0,0.0,0.0,0.0,0.0,1601.0,1601.0,1602.0,1617.0,1610.0,1603.0,11862.0,9810.0,9834.0,0.0,0.0,0.0,1601.0,1601.0,1602.0
0.0,30553.0,4825.0,4805.0,1375.0,1387.0,0.0,0.0,1387.0,1601.0,1602.0,1602.0,1611.0,1606.0,1608.0,10245.0,12077.0,8231.0,0.0,0.0,1387.0,1601.0,1602.0,1602.0
0.0,27103.0,4830.0,4805.0,0.0,3972.0,978.0,0.0,2994.0,1601.0,1602.0,1602.0,1607.0,1616.0,1607.0,8634.0,11846.0,6623.0,978.0,0.0,2994.0,1601.0,1602.0,1602.0
0.0,22273.0,4850.0,4808.0,0.0,7220.0,2597.0,0.0,4623.0,1602.0,1603.0,1603.0,1614.0,1612.0,1624.0,7027.0,10230.0,5016.0,2597.0,0.0,4623.0,1602.0,1603.0,1603.0
0.0,17423.0,4883.0,4810.0,1387.0,10123.0,4232.0,1019.0,4872.0,1603.0,1603.0,1604.0,1630.0,1622.0,1631.0,5413.0,8618.0,3392.0,4232.0,1019.0,4872.0,1603.0,1603.0,1604.0
0.0,13927.0,4869.0,4813.0,3972.0,11035.0,4880.0,2649.0,3506.0,1604.0,1604.0,1605.0,1621.0,1625.0,1623.0,3783.0,6996.0,3148.0,4880.0,2649.0,3506.0,1604.0,1604.0,1605.0
0.0,13030.0,4856.0,4814.0,7220.0,8676.0,3897.0,4276.0,503.0,1604.0,1605.0,1605.0,1614.0,1622.0,1620.0,3140.0,5371.0,4519.0,3897.0,4276.0,503.0,1604.0,1605.0,1605.0
0.0,15394.0,4833.0,4815.0,10123.0,6153.0,1285.0,4868.0,0.0,1605.0,1605.0,1605.0,1615.0,1611.0,1607.0,4123.0,3749.0,7522.0,1285.0,4868.0,0.0,1605.0,1605.0,1605.0
0.0,20684.0,4836.0,4816.0,10524.0,3826.0,0.0,3826.0,0.0,1605.0,1605.0,1606.0,1614.0,1607.0,1615.0,6740.0,3157.0,10787.0,0.0,3826.0,0.0,1605.0,1605.0,1606.0
0.0,26372.0,4838.0,4816.0,9187.0,1156.0,0.0,1156.0,0.0,1605.0,1605.0,1606.0,1613.0,1606.0,1619.0,9495.0,4199.0,12678.0,0.0,1156.0,0.0,1605.0,1605.0,1606.0
0.0,30721.0,4859.0,4818.0,5759.0,0.0,0.0,0.0,0.0,1606.0,1606.0,1606.0,1624.0,1614.0,1621.0,12290.0,6869.0,11562.0,0.0,0.0,0.0,1606.0,1606.0,1606.0
0.0,31621.0,4883.0,4820.0,2175.0,0.0,0.0,0.0,0.0,1607.0,1606.0,1607.0,1636.0,1624.0,1623.0,11951.0,9729.0,9941.0,0.0,0.0,0.0,1607.0,1606.0,1607.0
0.0,28913.0,4884.0,4823.0,3201.0,1343.0,0.0,0.0,1343.0,1608.0,1607.0,1608.0,1630.0,1633.0,1621.0,10315.0,10280.0,8318.0,0.0,0.0,1343.0,1608.0,1607.0,1608.0
0.0,27230.0,4873.0,4824.0,0.0,3943.0,977.0,0.0,2966.0,1608.0,1608.0,1608.0,1622.0,1628.0,1623.0,8685.0,11848.0,6697.0,977.0,0.0,2966.0,1608.0,1608.0,1608.0
0.0,22357.0,4840.0,4825.0,0.0,7182.0,2591.0,0.0,4591.0,1608.0,1608.0,1609.0,1614.0,1606.0,1620.0,7063.0,10220.0,5074.0,2591.0,0.0,4591.0,1608.0,1608.0,1609.0
0.0,17517.0,4842.0,4825.0,1343.0,10107.0,4204.0,1032.0,4871.0,1608.0,1608.0,1609.0,1613.0,1606.0,1623.0,5449.0,8614.0,3454.0,4204.0,1032.0,4871.0,1608.0,1608.0,1609.0
0.0,14018.0,4839.0,4826.0,3943.0,11008.0,4844.0,2646.0,3518.0,1609.0,1608.0,1609.0,1612.0,1614.0,1613.0,3836.0,7008.0,3174.0,4844.0,2646.0,3518.0,1609.0,1608.0,1609.0
0.0,13122.0,4862.0,4828.0,7182.0,8698.0,3879.0,4273.0,546.0,1609.0,1609.0,1610.0,1626.0,1622.0,1614.0,3201.0,5394.0,4527.0,3879.0,4273.0,546.0,1609.0,1609.0,1610.0
0.0,15442.0,4900.0,4830.0,10107.0,6198.0,1318.0,4880.0,0.0,1610.0,1610.0,1610.0,1638.0,1634.0,1628.0,4166.0,3772.0,7504.0,1318.0,4880.0,0.0,1610.0,1610.0,1610.0
0.0,20649.0,4891.0,4833.0,11008.0,3871.0,0.0,3871.0,0.0,1611.0,1611.0,1611.0,1630.0,1632.0,1629.0,6732.0,3170.0,10747.0,0.0,3871.0,0.0,1611.0,1611.0,1611.0
0.0,26766.0,4887.0,4835.0,8698.0,1223.0,0.0,1223.0,0.0,1612.0,1611.0,1612.0,1625.0,1625.0,1637.0,9946.0,4184.0,12636.0,0.0,1223.0,0.0,1612.0,1611.0,1612.0
0.0,30577.0,4870.0,4836.0,6198.0,0.0,0.0,0.0,0.0,1612.0,1612.0,1612.0,1619.0,1622.0,1629.0,12200.0,6832.0,11545.0,0.0,0.0,0.0,1612.0,1612.0,1612.0
0.0,31905.0,4859.0,4837.0,3871.0,0.0,0.0,0.0,0.0,1612.0,1612.0,1613.0,1616.0,1616.0,1627.0,11899.0,10090.0,9916.0,0.0,0.0,0.0,1612.0,1612.0,1613.0
0.0,30917.0,4857.0,4837.0,1223.0,1403.0,0.0,0.0,1403.0,1612.0,1612.0,1613.0,1613.0,1617.0,1627.0,10283.0,12345.0,8289.0,0.0,0.0,1403.0,1612.0,1612.0,1613.0
0.0,27283.0,4866.0,4839.0,0.0,4044.0,1024.0,0.0,3020.0,1613.0,1613.0,1613.0,1629.0,1620.0,1617.0,8670.0,11951.0,6662.0,1024.0,0.0,3020.0,1613.0,1613.0,1613.0
0.0,22417.0,4885.0,4841.0,0.0,7312.0,2661.0,0.0,4651.0,1614.0,1613.0,1614.0,1632.0,1627.0,1626.0,7041.0,10331.0,5045.0,2661.0,0.0,4651.0,1614.0,1613.0,1614.0
0.0,17532.0,4904.0,4843.0,1403.0,10184.0,4293.0,1008.0,4883.0,1614.0,1614.0,1615.0,1632.0,1642.0,1630.0,5409.0,8704.0,3419.0,4293.0,1008.0,4883.0,1614.0,1614.0,1615.0
0.0,14031.0,4897.0,4846.0,4044.0,11052.0,4895.0,2646.0,3511.0,1615.0,1615.0,1616.0,1621.0,1633.0,1643.0,3777.0,7062.0,3192.0,4895.0,2646.0,3511.0,1615.0,1615.0,1616.0
0.0,13178.0,4886.0,4846.0,7312.0,8626.0,3865.0,4273.0,488.0,1615.0,1615.0,1616.0,1631.0,1627.0,1628.0,3180.0,5429.0,4569.0,3865.0,4273.0,488.0,1615.0,1615.0,1616.0
0.0,15604.0,4854.0,4847.0,10184.0,6072.0,1201.0,4871.0,0.0,1616.0,1615.0,1616.0,1624.0,1606.0,1624.0,4210.0,3802.0,7592.0,1201.0,4871.0,0.0,1616.0,1615.0,1616.0
0.0,20934.0,4855.0,4847.0,9540.0,3847.0,0.0,3847.0,0.0,1616.0,1615.0,1616.0,1616.0,1622.0,1617.0,6879.0,3204.0,10851.0,0.0,3847.0,0.0,1616.0,1615.0,1616.0
0.0,25619.0,4879.0,4850.0,8637.0,1213.0,0.0,1213.0,0.0,1617.0,1616.0,1617.0,1624.0,1634.0,1621.0,8646.0,4228.0,12745.0,0.0,1213.0,0.0,1617.0,1616.0,1617.0
0.0,29377.0,4917.0,4853.0,7573.0,0.0,0.0,0.0,0.0,1618.0,1617.0,1618.0,1652.0,1633.0,1632.0,10898.0,6867.0,11612.0,0.0,0.0,0.0,1618.0,1617.0,1618.0
0.0,32033.0,4924.0,4855.0,3678.0,0.0,0.0,0.0,0.0,1618.0,1618.0,1619.0,1635.0,1646.0,1643.0,11948.0,10105.0,9980.0,0.0,0.0,0.0,1618.0,1618.0,1619.0
0.0,30787.0,4921.0,4857.0,1382.0,1410.0,0.0,0.0,1410.0,1619.0,1618.0,1620.0,1638.0,1636.0,1647.0,10313.0,12137.0,8337.0,0.0,0.0,1410.0,1619.0,1618.0,1620.0
0.0,27248.0,4870.0,4857.0,0.0,4082.0,1046.0,0.0,3036.0,1619.0,1618.0,1620.0,1626.0,1618.0,1626.0,8675.0,11883.0,6690.0,1046.0,0.0,3036.0,1619.0,1618.0,1620.0
0.0,22378.0,4880.0,4858.0,0.0,7332.0,2668.0,0.0,4664.0,1619.0,1619.0,1620.0,1622.0,1630.0,1628.0,7049.0,10265.0,5064.0,2668.0,0.0,4664.0,1619.0,1619.0,1620.0
0.0,17498.0,4877.0,4859.0,1410.0,10264.0,4290.0,1094.0,4880.0,1620.0,1619.0,1620.0,1617.0,1634.0,1626.0,5427.0,8635.0,3436.0,4290.0,1094.0,4880.0,1620.0,1619.0,1620.0
0.0,14031.0,4890.0,4859.0,4082.0,11072.0,4877.0,2724.0,3471.0,1620.0,1619.0,1620.0,1633.0,1630.0,1627.0,3810.0,7001.0,3220.0,4877.0,2724.0,3471.0,1620.0,1619.0,1620.0
0.0,13223.0,4913.0,4862.0,7332.0,8668.0,3849.0,4361.0,458.0,1621.0,1620.0,1621.0,1635.0,1632.0,1646.0,3223.0,5371.0,4629.0,3849.0,4361.0,458.0,1621.0,1620.0,1621.0
0.0,15642.0,4911.0,4865.0,10264.0,6107.0,1196.0,4911.0,0.0,1622.0,1621.0,1622.0,1632.0,1639.0,1640.0,4256.0,3739.0,7647.0,1196.0,4911.0,0.0,1622.0,1621.0,1622.0
0.0,20995.0,4905.0,4866.0,11072.0,3823.0,0.0,3823.0,0.0,1622.0,1621.0,1623.0,1629.0,1636.0,1640.0,6914.0,3194.0,10887.0,0.0,3823.0,0.0,1622.0,1621.0,1623.0
0.0,27162.0,4877.0,4866.0,8668.0,1090.0,0.0,1090.0,0.0,1622.0,1621.0,1623.0,1630.0,1628.0,1619.0,10162.0,4282.0,12718.0,0.0,1090.0,0.0,1622.0,1621.0,1623.0
0.0,30953.0,4876.0,4866.0,6107.0,0.0,0.0,0.0,0.0,1622.0,1621.0,1623.0,1627.0,1622.0,1627.0,12381.0,7015.0,11557.0,0.0,0.0,0.0,1622.0,1621.0,1623.0
0.0,32184.0,4852.0,4867.0,3823.0,0.0,0.0,0.0,0.0,1623.0,1621.0,1623.0,1616.0,1620.0,1616.0,11950.0,10304.0,9930.0,0.0,0.0,0.0,1623.0,1621.0,1623.0
0.0,31155.0,4899.0,4868.0,1090.0,1434.0,0.0,0.0,1434.0,1623.0,1622.0,1623.0,1630.0,1636.0,1633.0,10334.0,12507.0,8314.0,0.0,0.0,1434.0,1623.0,1622.0,1623.0
0.0,27346.0,4925.0,4871.0,0.0,4139.0,1061.0,0.0,3078.0,1624.0,1623.0,1624.0,1645.0,1641.0,1639.0,8704.0,11961.0,6681.0,1061.0,0.0,3078.0,1624.0,1623.0,1624.0
0.0,22421.0,4928.0,4873.0,0.0,7428.0,2693.0,0.0,4735.0,1624.0,1624.0,1625.0,1632.0,1644.0,1652.0,7059.0,10320.0,5042.0,2693.0,0.0,4735.0,1624.0,1624.0,1625.0
0.0,17493.0,4922.0,4875.0,1434.0,10370.0,4335.0,1082.0,4953.0,1625.0,1624.0,1626.0,1637.0,1638.0,1647.0,5427.0,8676.0,3390.0,4335.0,1082.0,4953.0,1625.0,1624.0,1626.0
0.0,14005.0,4886.0,4876.0,4139.0,11122.0,4911.0,2717.0,3494.0,1625.0,1625.0,1626.0,1637.0,1630.0,1619.0,3790.0,7038.0,3177.0,4911.0,2717.0,3494.0,1625.0,1625.0,1626.0
0.0,13258.0,4898.0,4876.0,7428.0,8592.0,3855.0,4351.0,386.0,1625.0,1625.0,1626.0,1637.0,1634.0,1627.0,3214.0,5408.0,4636.0,3855.0,4351.0,386.0,1625.0,1625.0,1626.0
0.0,15788.0,4896.0,4876.0,10370.0,6060.0,1149.0,4911.0,0.0,1625.0,1625.0,1626.0,1629.0,1642.0,1625.0,4270.0,3774.0,7744.0,1149.0,4911.0,0.0,1625.0,1625.0,1626.0
0.0,21262.0,4908.0,4879.0,10959.0,3835.0,0.0,3835.0,0.0,1626.0,1626.0,1627.0,1640.0,1636.0,1632.0,6976.0,3214.0,11072.0,0.0,3835.0,0.0,1626.0,1626.0,1627.0
0.0,27313.0,4934.0,4880.0,8755.0,1121.0,0.0,1121.0,0.0,1627.0,1626.0,1627.0,1647.0,1637.0,1650.0,10084.0,4295.0,12934.0,0.0,1121.0,0.0,1627.0,1626.0,1627.0
0.0,31134.0,4948.0,4882.0,6060.0,0.0,0.0,0.0,0.0,1627.0,1627.0,1628.0,1653.0,1644.0,1651.0,12455.0,7009.0,11670.0,0.0,0.0,0.0,1627.0,1627.0,1628.0
0.0,32246.0,4929.0,4884.0,1808.0,0.0,0.0,0.0,0.0,1628.0,1627.0,1629.0,1642.0,1642.0,1645.0,11951.0,10276.0,10019.0,0.0,0.0,0.0,1628.0,1627.0,1629.0
0.0,29125.0,4926.0,4885.0,3148.0,1412.0,0.0,0.0,1412.0,1628.0,1628.0,1629.0,1649.0,1636.0,1641.0,10309.0,10442.0,8374.0,0.0,0.0,1412.0,1628.0,1628.0,1629.0
0.0,27347.0,4885.0,4886.0,0.0,4159.0,1120.0,0.0,3039.0,1629.0,1628.0,1629.0,1635.0,1623.0,1627.0,8660.0,11954.0,6733.0,1120.0,0.0,3039.0,1629.0,1628.0,1629.0
0.0,22462.0,4886.0,4886.0,0.0,7422.0,2745.0,0.0,4677.0,1629.0,1628.0,1629.0,1625.0,1623.0,1638.0,7025.0,10331.0,5106.0,2745.0,0.0,4677.0,1629.0,1628.0,1629.0
0.0,17576.0,4918.0,4887.0,1412.0,10365.0,4387.0,1070.0,4908.0,1629.0,1628.0,1630.0,1642.0,1638.0,1638.0,5400.0,8708.0,3468.0,4387.0,1070.0,4908.0,1629.0,1628.0,1630.0
0.0,14070.0,4952.0,4890.0,4159.0,11173.0,4917.0,2733.0,3523.0,1630.0,1629.0,1631.0,1645.0,1658.0,1649.0,3758.0,7070.0,3242.0,4917.0,2733.0,3523.0,1630.0,1629.0,1631.0
0.0,13277.0,4972.0,4892.0,7422.0,8733.0,3833.0,4399.0,501.0,1631.0,1630.0,1631.0,1656.0,1661.0,1655.0,3233.0,5412.0,4632.0,3833.0,4399.0,501.0,1631.0,1630.0,1631.0
0.0,15727.0,4919.0,4894.0,10365.0,6066.0,1086.0,4980.0,0.0,1631.0,1631.0,1632.0,1640.0,1646.0,1633.0,4322.0,3751.0,7654.0,1086.0,4980.0,0.0,1631.0,1631.0,1632.0
0.0,21173.0,4916.0,4894.0,11173.0,3878.0,0.0,3878.0,0.0,1631.0,1631.0,1632.0,1648.0,1631.0,1637.0,7069.0,3175.0,10929.0,0.0,3878.0,0.0,1631.0,1631.0,1632.0
0.0,27430.0,4919.0,4895.0,8733.0,1116.0,0.0,1116.0,0.0,1632.0,1631.0,1632.0,1647.0,1637.0,1635.0,10338.0,4277.0,12815.0,0.0,1116.0,0.0,1632.0,1631.0,1632.0
0.0,31244.0,4912.0,4895.0,6066.0,0.0,0.0,0.0,0.0,1632.0,1631.0,1632.0,1632.0,1642.0,1638.0,12524.0,7039.0,11681.0,0.0,0.0,0.0,1632.0,1631.0,1632.0
0.0,32398.0,4938.0,4897.0,3878.0,0.0,0.0,0.0,0.0,1632.0,1632.0,1633.0,1645.0,1648.0,1645.0,11978.0,10377.0,10043.0,0.0,0.0,0.0,1632.0,1632.0,1633.0
0.0,31338.0,4964.0,4899.0,1116.0,1421.0,0.0,0.0,1421.0,1633.0,1633.0,1633.0,1655.0,1655.0,1654.0,10333.0,12607.0,8398.0,0.0,0.0,1421.0,1633.0,1633.0,1633.0
0.0,27490.0,4945.0,4902.0,0.0,4221.0,1144.0,0.0,3077.0,1634.0,1634.0,1634.0,1652.0,1642.0,1651.0,8678.0,12068.0,6744.0,1144.0,0.0,3077.0,1634.0,1634.0,1634.0
0.0,22545.0,4955.0,4904.0,0.0,7538.0,2805.0,0.0,4733.0,1635.0,1634.0,1635.0,1656.0,1648.0,1651.0,7026.0,10426.0,5093.0,2805.0,0.0,4733.0,1635.0,1634.0,1635.0
0.0,17590.0,4949.0,4904.0,1421.0,10458.0,4460.0,1045.0,4953.0,1635.0,1634.0,1635.0,1655.0,1653.0,1641.0,5370.0,8778.0,3442.0,4460.0,1045.0,4953.0,1635.0,1634.0,1635.0
0.0,14062.0,4925.0,4905.0,4221.0,11167.0,4957.0,2679.0,3531.0,1635.0,1634.0,1636.0,1641.0,1634.0,1650.0,3715.0,7125.0,3222.0,4957.0,2679.0,3531.0,1635.0,1634.0,1636.0
0.0,13358.0,4919.0,4906.0,7538.0,8553.0,3789.0,4319.0,445.0,1635.0,1635.0,1636.0,1637.0,1635.0,1647.0,3218.0,5491.0,4649.0,3789.0,4319.0,445.0,1635.0,1635.0,1636.0
0.0,15977.0,4932.0,4907.0,10458.0,5890.0,973.0,4917.0,0.0,1636.0,1635.0,1636.0,1639.0,1643.0,1650.0,4386.0,3856.0,7735.0,973.0,4917.0,0.0,1636.0,1635.0,1636.0
0.0,21503.0,4956.0,4910.0,10144.0,3889.0,0.0,3889.0,0.0,1637.0,1636.0,1637.0,1660.0,1646.0,1650.0,7207.0,3258.0,11038.0,0.0,3889.0,0.0,1637.0,1636.0,1637.0
0.0,26691.0,4945.0,4910.0,7505.0,1230.0,0.0,1230.0,0.0,1637.0,1636.0,1637.0,1641.0,1660.0,1644.0,9481.0,4291.0,12919.0,0.0,1230.0,0.0,1637.0,1636.0,1637.0
0.0,29251.0,4966.0,4913.0,7961.0,0.0,0.0,0.0,0.0,1638.0,1637.0,1638.0,1655.0,1656.0,1655.0,10581.0,6950.0,11720.0,0.0,0.0,0.0,1638.0,1637.0,1638.0
0.0,32246.0,4928.0,4913.0,2589.0,0.0,0.0,0.0,0.0,1638.0,1637.0,1638.0,1637.0,1639.0,1652.0,11970.0,10211.0,10065.0,0.0,0.0,0.0,1638.0,1637.0,1638.0
0.0,29907.0,4917.0,4913.0,2530.0,1418.0,0.0,0.0,1418.0,1638.0,1637.0,1638.0,1644.0,1632.0,1641.0,10333.0,11161.0,8413.0,0.0,0.0,1418.0,1638.0,1637.0,1638.0
0.0,27520.0,4927.0,4914.0,0.0,4199.0,1135.0,0.0,3064.0,1638.0,1638.0,1638.0,1634.0,1647.0,1646.0,8689.0,12059.0,6772.0,1135.0,0.0,3064.0,1638.0,1638.0,1638.0
0.0,22593.0,4958.0,4916.0,0.0,7517.0,2803.0,0.0,4714.0,1639.0,1638.0,1639.0,1663.0,1650.0,1645.0,7055.0,10412.0,5126.0,2803.0,0.0,4714.0,1639.0,1638.0,1639.0
0.0,17635.0,4988.0,4918.0,1418.0,10525.0,4468.0,1103.0,4954.0,1640.0,1639.0,1639.0,1660.0,1670.0,1658.0,5392.0,8762.0,3481.0,4468.0,1103.0,4954.0,1640.0,1639.0,1639.0
0.0,14065.0,4968.0,4920.0,4199.0,11304.0,4989.0,2764.0,3551.0,1640.0,1640.0,1640.0,1656.0,1656.0,1656.0,3732.0,7092.0,3241.0,4989.0,2764.0,3551.0,1640.0,1640.0,1640.0
0.0,13296.0,4971.0,4922.0,7517.0,8768.0,3851.0,4418.0,499.0,1641.0,1640.0,1641.0,1660.0,1654.0,1657.0,3211.0,5436.0,4649.0,3851.0,4418.0,499.0,1641.0,1640.0,1641.0
0.0,15842.0,4956.0,4922.0,10525.0,5996.0,1036.0,4960.0,0.0,1641.0,1640.0,1641.0,1653.0,1645.0,1658.0,4354.0,3782.0,7706.0,1036.0,4960.0,0.0,1641.0,1640.0,1641.0
0.0,21411.0,4941.0,4923.0,11304.0,3854.0,0.0,3854.0,0.0,1641.0,1641.0,1641.0,1647.0,1653.0,1641.0,7169.0,3240.0,11002.0,0.0,3854.0,0.0,1641.0,1641.0,1641.0
0.0,27774.0,4940.0,4923.0,8768.0,1084.0,0.0,1084.0,0.0,1641.0,1641.0,1641.0,1642.0,1648.0,1650.0,10511.0,4351.0,12912.0,0.0,1084.0,0.0,1641.0,1641.0,1641.0
0.0,31602.0,4959.0,4926.0,5996.0,0.0,0.0,0.0,0.0,1642.0,1642.0,1642.0,1657.0,1658.0,1644.0,12720.0,7121.0,11761.0,0.0,0.0,0.0,1642.0,1642.0,1642.0
0.0,32639.0,4979.0,4927.0,3854.0,0.0,0.0,0.0,0.0,1643.0,1642.0,1642.0,1662.0,1662.0,1655.0,12099.0,10423.0,10117.0,0.0,0.0,0.0,1643.0,1642.0,1642.0
0.0,31514.0,4982.0,4930.0,1084.0,1411.0,0.0,0.0,1411.0,1644.0,1643.0,1643.0,1663.0,1661.0,1658.0,10437.0,12615.0,8462.0,0.0,0.0,1411.0,1644.0,1643.0,1643.0
0.0,27616.0,4982.0,4930.0,0.0,4174.0,1100.0,0.0,3074.0,1644.0,1643.0,1643.0,1654.0,1665.0,1663.0,8774.0,12038.0,6804.0,1100.0,0.0,3074.0,1644.0,1643.0,1643.0
0.0,22634.0,4964.0,4932.0,0.0,7491.0,2760.0,0.0,4731.0,1644.0,1644.0,1644.0,1660.0,1652.0,1652.0,7120.0,10373.0,5141.0,2760.0,0.0,4731.0,1644.0,1644.0,1644.0
0.0,17670.0,4943.0,4933.0,1411.0,10527.0,4415.0,1148.0,4964.0,1645.0,1644.0,1644.0,1650.0,1649.0,1644.0,5460.0,8721.0,3489.0,4415.0,1148.0,4964.0,1645.0,1644.0,1644.0
0.0,14138.0,4952.0,4933.0,4174.0,11305.0,4963.0,2795.0,3547.0,1645.0,1644.0,1644.0,1648.0,1647.0,1657.0,3810.0,7072.0,3256.0,4963.0,2795.0,3547.0,1645.0,1644.0,1644.0
0.0,13360.0,4961.0,4936.0,7491.0,8790.0,3858.0,4454.0,478.0,1646.0,1645.0,1645.0,1650.0,1654.0,1657.0,3262.0,5425.0,4673.0,3858.0,4454.0,478.0,1646.0,1645.0,1645.0
0.0,15890.0,5000.0,4937.0,10527.0,6098.0,1118.0,4980.0,0.0,1646.0,1646.0,1645.0,1675.0,1669.0,1656.0,4372.0,3771.0,7747.0,1118.0,4980.0,0.0,1646.0,1646.0,1645.0
0.0,21417.0,4996.0,4940.0,10734.0,3859.0,0.0,3859.0,0.0,1647.0,1647.0,1646.0,1666.0,1669.0,1661.0,7112.0,3250.0,11055.0,0.0,3859.0,0.0,1647.0,1647.0,1646.0
0.0,27155.0,4987.0,4942.0,9361.0,1059.0,0.0,1059.0,0.0,1648.0,1647.0,1647.0,1667.0,1654.0,1666.0,9838.0,4376.0,12941.0,0.0,1059.0,0.0,1648.0,1647.0,1647.0
0.0,31529.0,4972.0,4942.0,6098.0,0.0,0.0,0.0,0.0,1648.0,1647.0,1647.0,1660.0,1659.0,1653.0,12600.0,7176.0,11753.0,0.0,0.0,0.0,1648.0,1647.0,1647.0
0.0,32655.0,4968.0,4943.0,2340.0,0.0,0.0,0.0,0.0,1649.0,1647.0,1647.0,1654.0,1654.0,1660.0,12058.0,10497.0,10100.0,0.0,0.0,0.0,1649.0,1647.0,1647.0
0.0,30027.0,4965.0,4944.0,2578.0,1444.0,0.0,0.0,1444.0,1649.0,1648.0,1647.0,1652.0,1664.0,1649.0,10404.0,11183.0,8440.0,0.0,0.0,1444.0,1649.0,1648.0,1647.0
0.0,27640.0,4995.0,4947.0,0.0,4272.0,1156.0,0.0,3116.0,1650.0,1649.0,1648.0,1658.0,1670.0,1667.0,8752.0,12097.0,6791.0,1156.0,0.0,3116.0,1650.0,1649.0,1648.0
0.0,22645.0,5008.0,4948.0,0.0,7623.0,2831.0,0.0,4792.0,1650.0,1649.0,1649.0,1675.0,1662.0,1671.0,7094.0,10427.0,5124.0,2831.0,0.0,4792.0,1650.0,1649.0,1649.0
0.0,17637.0,4998.0,4951.0,1444.0,10672.0,4503.0,1144.0,5025.0,1651.0,1650.0,1650.0,1667.0,1659.0,1672.0,5419.0,8765.0,3453.0,4503.0,1144.0,5025.0,1651.0,1650.0,1650.0
0.0,14083.0,5005.0,4952.0,4272.0,11410.0,5013.0,2809.0,3588.0,1651.0,1650.0,1651.0,1666.0,1665.0,1674.0,3752.0,7106.0,3225.0,5013.0,2809.0,3588.0,1651.0,1650.0,1651.0
0.0,13350.0,4973.0,4954.0,7623.0,8770.0,3841.0,4480.0,449.0,1652.0,1651.0,1651.0,1654.0,1666.0,1653.0,3242.0,5441.0,4667.0,3841.0,4480.0,449.0,1652.0,1651.0,1651.0
0.0,16000.0,4965.0,4954.0,10672.0,5989.0,998.0,4991.0,0.0,1652.0,1651.0,1651.0,1660.0,1655.0,1650.0,4419.0,3775.0,7806.0,998.0,4991.0,0.0,1652.0,1651.0,1651.0
0.0,21707.0,4952.0,4954.0,11410.0,3837.0,0.0,3837.0,0.0,1652.0,1651.0,1651.0,1645.0,1655.0,1652.0,7262.0,3264.0,11181.0,0.0,3837.0,0.0,1652.0,1651.0,1651.0
0.0,28165.0,4991.0,4955.0,8770.0,1028.0,0.0,1028.0,0.0,1652.0,1652.0,1651.0,1664.0,1666.0,1661.0,10630.0,4418.0,13117.0,0.0,1028.0,0.0,1652.0,1652.0,1651.0
0.0,31944.0,5024.0,4958.0,5989.0,0.0,0.0,0.0,0.0,1653.0,1653.0,1652.0,1679.0,1673.0,1672.0,12807.0,7232.0,11905.0,0.0,0.0,0.0,1653.0,1653.0,1652.0
0.0,32909.0,5035.0,4961.0,3837.0,0.0,0.0,0.0,0.0,1654.0,1654.0,1653.0,1669.0,1686.0,1680.0,12126.0,10550.0,10233.0,0.0,0.0,0.0,1654.0,1654.0,1653.0
0.0,31711.0,5003.0,4962.0,1028.0,1386.0,0.0,0.0,1386.0,1654.0,1654.0,1654.0,1664.0,1670.0,1669.0,10457.0,12701.0,8553.0,0.0,0.0,1386.0,1654.0,1654.0,1654.0
0.0,27736.0,4973.0,4963.0,0.0,4188.0,1145.0,0.0,3043.0,1655.0,1654.0,1654.0,1663.0,1653.0,1657.0,8793.0,12059.0,6884.0,1145.0,0.0,3043.0,1655.0,1654.0,1654.0
0.0,22763.0,4978.0,4963.0,0.0,7506.0,2808.0,0.0,4698.0,1655.0,1654.0,1654.0,1663.0,1660.0,1655.0,7130.0,10406.0,5227.0,2808.0,0.0,4698.0,1655.0,1654.0,1654.0
0.0,17785.0,4973.0,4964.0,1386.0,10622.0,4461.0,1192.0,4969.0,1655.0,1655.0,1654.0,1653.0,1663.0,1657.0,5467.0,8746.0,3572.0,4461.0,1192.0,4969.0,1655.0,1655.0,1654.0
0.0,14198.0,4999.0,4966.0,4188.0,11443.0,4976.0,2871.0,3596.0,1655.0,1656.0,1655.0,1660.0,1674.0,1665.0,3814.0,7083.0,3301.0,4976.0,2871.0,3596.0,1655.0,1656.0,1655.0
0.0,13387.0,5010.0,4967.0,7506.0,8952.0,3841.0,4541.0,570.0,1656.0,1656.0,1655.0,1668.0,1670.0,1672.0,3299.0,5409.0,4679.0,3841.0,4541.0,570.0,1656.0,1656.0,1655.0
0.0,15883.0,5042.0,4970.0,10622.0,6105.0,1072.0,5033.0,0.0,1657.0,1657.0,1656.0,1687.0,1679.0,1676.0,4439.0,3739.0,7705.0,1072.0,5033.0,0.0,1657.0,1657.0,1656.0
0.0,21463.0,5004.0,4971.0,10686.0,3831.0,0.0,3831.0,0.0,1657.0,1657.0,1657.0,1670.0,1669.0,1665.0,7213.0,3252.0,10998.0,0.0,3831.0,0.0,1657.0,1657.0,1657.0
0.0,27145.0,5004.0,4973.0,7691.0,964.0,0.0,964.0,0.0,1658.0,1658.0,1657.0,1677.0,1669.0,1658.0,9762.0,4454.0,12929.0,0.0,964.0,0.0,1658.0,1658.0,1657.0
0.0,29832.0,4985.0,4973.0,8123.0,0.0,0.0,0.0,0.0,1658.0,1658.0,1657.0,1662.0,1664.0,1659.0,10665.0,7326.0,11841.0,0.0,0.0,0.0,1658.0,1658.0,1657.0
0.0,32970.0,4992.0,4973.0,3831.0,0.0,0.0,0.0,0.0,1658.0,1658.0,1657.0,1661.0,1668.0,1663.0,12093.0,10695.0,10182.0,0.0,0.0,0.0,1658.0,1658.0,1657.0
0.0,31809.0,5017.0,4975.0,964.0,1448.0,0.0,0.0,1448.0,1658.0,1659.0,1658.0,1671.0,1669.0,1677.0,10432.0,12858.0,8519.0,0.0,0.0,1448.0,1658.0,1659.0,1658.0
0.0,27756.0,5052.0,4977.0,0.0,4349.0,1212.0,0.0,3137.0,1659.0,1660.0,1658.0,1678.0,1685.0,1689.0,8761.0,12153.0,6842.0,1212.0,0.0,3137.0,1659.0,1660.0,1658.0
0.0,22704.0,5042.0,4979.0,0.0,7728.0,2902.0,0.0,4826.0,1660.0,1660.0,1659.0,1685.0,1673.0,1684.0,7083.0,10468.0,5153.0,2902.0,0.0,4826.0,1660.0,1660.0,1659.0
0.0,17662.0,5027.0,4981.0,1448.0,10822.0,4573.0,1190.0,5059.0,1660.0,1661.0,1660.0,1671.0,1680.0,1676.0,5398.0,8795.0,3469.0,4573.0,1190.0,5059.0,1660.0,1661.0,1660.0
0.0,14083.0,5010.0,4982.0,4349.0,11488.0,5039.0,2856.0,3593.0,1661.0,1661.0,1660.0,1673.0,1666.0,1671.0,3727.0,7115.0,3241.0,5039.0,2856.0,3593.0,1661.0,1661.0,1660.0
0.0,13422.0,4990.0,4982.0,7728.0,8750.0,3804.0,4516.0,430.0,1661.0,1661.0,1660.0,1667.0,1660.0,1663.0,3266.0,5449.0,4707.0,3804.0,4516.0,430.0,1661.0,1661.0,1660.0
0.0,16160.0,5001.0,4984.0,10822.0,5895.0,895.0,5000.0,0.0,1661.0,1662.0,1661.0,1664.0,1669.0,1668.0,4501.0,3789.0,7870.0,895.0,5000.0,0.0,1661.0,1662.0,1661.0
0.0,21981.0,5027.0,4985.0,11488.0,3818.0,0.0,3818.0,0.0,1662.0,1662.0,1661.0,1674.0,1674.0,1679.0,7410.0,3310.0,11261.0,0.0,3818.0,0.0,1662.0,1662.0,1661.0
0.0,28442.0,5044.0,4989.0,8750.0,1006.0,0.0,1006.0,0.0,1663.0,1664.0,1662.0,1674.0,1694.0,1676.0,10775.0,4492.0,13175.0,0.0,1006.0,0.0,1663.0,1664.0,1662.0
0.0,32148.0,5050.0,4990.0,5895.0,0.0,0.0,0.0,0.0,1663.0,1664.0,1663.0,1677.0,1688.0,1685.0,12905.0,7314.0,11929.0,0.0,0.0,0.0,1663.0,1664.0,1663.0
0.0,32993.0,5029.0,4992.0,3818.0,0.0,0.0,0.0,0.0,1664.0,1665.0,1663.0,1678.0,1677.0,1674.0,12123.0,10626.0,10244.0,0.0,0.0,0.0,1664.0,1665.0,1663.0
0.0,31782.0,5017.0,4992.0,1006.0,1409.0,0.0,0.0,1409.0,1664.0,1665.0,1663.0,1683.0,1670.0,1664.0,10445.0,12767.0,8570.0,0.0,0.0,1409.0,1664.0,1665.0,1663.0
0.0,27771.0,5011.0,4993.0,0.0,4309.0,1228.0,0.0,3081.0,1664.0,1665.0,1664.0,1670.0,1674.0,1667.0,8762.0,12103.0,6906.0,1228.0,0.0,3081.0,1664.0,1665.0,1664.0
0.0,22760.0,5014.0,4995.0,0.0,7660.0,2904.0,0.0,4756.0,1665.0,1666.0,1664.0,1671.0,1668.0,1675.0,7092.0,10429.0,5239.0,2904.0,0.0,4756.0,1665.0,1666.0,1664.0
0.0,17746.0,5014.0,4995.0,1409.0,10834.0,4569.0,1241.0,5024.0,1665.0,1666.0,1664.0,1665.0,1672.0,1677.0,5421.0,8761.0,3564.0,4569.0,1241.0,5024.0,1665.0,1666.0,1664.0
0.0,14141.0,5062.0,4998.0,4309.0,11602.0,5042.0,2925.0,3635.0,1666.0,1667.0,1665.0,1696.0,1679.0,1687.0,3756.0,7089.0,3296.0,5042.0,2925.0,3635.0,1666.0,1667.0,1665.0
0.0,13388.0,5040.0,4999.0,7660.0,8987.0,3814.0,4606.0,567.0,1666.0,1667.0,1666.0,1676.0,1681.0,1683.0,3288.0,5410.0,4690.0,3814.0,4606.0,567.0,1666.0,1667.0,1666.0
0.0,16008.0,5048.0,5002.0,10834.0,5982.0,923.0,5059.0,0.0,1667.0,1668.0,1667.0,1673.0,1689.0,1686.0,4516.0,3729.0,7763.0,923.0,5059.0,0.0,1667.0,1668.0,1667.0
0.0,21794.0,5033.0,5002.0,10856.0,3811.0,0.0,3811.0,0.0,1667.0,1668.0,1667.0,1678.0,1677.0,1678.0,7412.0,3281.0,11101.0,0.0,3811.0,0.0,1667.0,1668.0,1667.0
0.0,27617.0,5020.0,5002.0,9733.0,873.0,0.0,873.0,0.0,1667.0,1668.0,1667.0,1673.0,1668.0,1679.0,10030.0,4529.0,13058.0,0.0,873.0,0.0,1667.0,1668.0,1667.0
0.0,32330.0,5016.0,5003.0,5982.0,0.0,0.0,0.0,0.0,1667.0,1668.0,1668.0,1665.0,1676.0,1675.0,12917.0,7467.0,11946.0,0.0,0.0,0.0,1667.0,1668.0,1668.0
0.0,33296.0,5060.0,5005.0,1685.0,0.0,0.0,0.0,0.0,1668.0,1669.0,1668.0,1688.0,1687.0,1685.0,12175.0,10850.0,10271.0,0.0,0.0,0.0,1668.0,1669.0,1668.0
0.0,29921.0,5063.0,5008.0,2999.0,1439.0,0.0,0.0,1439.0,1669.0,1670.0,1669.0,1685.0,1698.0,1680.0,10487.0,10848.0,8586.0,0.0,0.0,1439.0,1669.0,1670.0,1669.0
0.0,27857.0,5068.0,5010.0,0.0,4365.0,1230.0,0.0,3135.0,1669.0,1671.0,1670.0,1687.0,1690.0,1691.0,8802.0,12149.0,6906.0,1230.0,0.0,3135.0,1669.0,1671.0,1670.0
0.0,22789.0,5045.0,5011.0,0.0,7732.0,2912.0,0.0,4820.0,1670.0,1671.0,1670.0,1677.0,1683.0,1685.0,7115.0,10459.0,5215.0,2912.0,0.0,4820.0,1670.0,1671.0,1670.0
0.0,17744.0,5031.0,5012.0,1439.0,10908.0,4592.0,1248.0,5068.0,1670.0,1671.0,1671.0,1680.0,1669.0,1682.0,5438.0,8776.0,3530.0,4592.0,1248.0,5068.0,1670.0,1671.0,1671.0
0.0,14152.0,5017.0,5012.0,4365.0,11560.0,5030.0,2920.0,3610.0,1670.0,1671.0,1671.0,1668.0,1672.0,1677.0,3758.0,7107.0,3287.0,5030.0,2920.0,3610.0,1670.0,1671.0,1671.0
0.0,13500.0,5034.0,5013.0,7732.0,8867.0,3786.0,4608.0,473.0,1670.0,1672.0,1671.0,1668.0,1683.0,1683.0,3320.0,5435.0,4745.0,3786.0,4608.0,473.0,1670.0,1672.0,1671.0
0.0,16198.0,5045.0,5015.0,10908.0,5924.0,872.0,5052.0,0.0,1670.0,1673.0,1672.0,1678.0,1687.0,1680.0,4564.0,3752.0,7882.0,872.0,5052.0,0.0,1670.0,1673.0,1672.0
0.0,22061.0,5069.0,5016.0,11560.0,3817.0,0.0,3817.0,0.0,1671.0,1673.0,1672.0,1698.0,1685.0,1686.0,7478.0,3313.0,11270.0,0.0,3817.0,0.0,1671.0,1673.0,1672.0
0.0,28552.0,5063.0,5019.0,8867.0,907.0,0.0,907.0,0.0,1672.0,1674.0,1673.0,1681.0,1693.0,1689.0,10810.0,4548.0,13194.0,0.0,907.0,0.0,1672.0,1674.0,1673.0
0.0,32356.0,5072.0,5021.0,5924.0,0.0,0.0,0.0,0.0,1673.0,1674.0,1674.0,1694.0,1688.0,1690.0,12915.0,7463.0,11978.0,0.0,0.0,0.0,1673.0,1674.0,1674.0
0.0,33208.0,5049.0,5021.0,3817.0,0.0,0.0,0.0,0.0,1673.0,1674.0,1674.0,1685.0,1682.0,1682.0,12093.0,10827.0,10288.0,0.0,0.0,0.0,1673.0,1674.0,1674.0
0.0,31976.0,5043.0,5022.0,907.0,1449.0,0.0,0.0,1449.0,1673.0,1675.0,1674.0,1683.0,1675.0,1685.0,10408.0,12962.0,8606.0,0.0,0.0,1449.0,1673.0,1675.0,1674.0
0.0,27840.0,5011.0,5022.0,0.0,4425.0,1303.0,0.0,3122.0,1673.0,1675.0,1674.0,1663.0,1675.0,1673.0,8725.0,12194.0,6921.0,1303.0,0.0,3122.0,1673.0,1675.0,1674.0
0.0,22829.0,5049.0,5023.0,0.0,7793.0,2991.0,0.0,4802.0,1674.0,1675.0,1674.0,1683.0,1686.0,1680.0,7062.0,10519.0,5248.0,2991.0,0.0,4802.0,1674.0,1675.0,1674.0
0.0,17780.0,5097.0,5025.0,1449.0,10993.0,4692.0,1248.0,5053.0,1674.0,1676.0,1675.0,1701.0,1701.0,1695.0,5379.0,8833.0,3568.0,4692.0,1248.0,5053.0,1674.0,1676.0,1675.0
0.0,14132.0,5093.0,5028.0,4425.0,11676.0,5093.0,2954.0,3629.0,1675.0,1677.0,1676.0,1699.0,1701.0,1693.0,3678.0,7132.0,3322.0,5093.0,2954.0,3629.0,1675.0,1677.0,1676.0
0.0,13464.0,5074.0,5031.0,7793.0,8972.0,3793.0,4651.0,528.0,1676.0,1678.0,1677.0,1686.0,1692.0,1696.0,3282.0,5431.0,4751.0,3793.0,4651.0,528.0,1676.0,1678.0,1677.0
0.0,16183.0,5058.0,5031.0,10993.0,5875.0,795.0,5080.0,0.0,1676.0,1678.0,1677.0,1694.0,1677.0,1687.0,4587.0,3739.0,7857.0,795.0,5080.0,0.0,1676.0,1678.0,1677.0
0.0,22118.0,5043.0,5030.0,10309.0,3792.0,0.0,3792.0,0.0,1676.0,1677.0,1677.0,1685.0,1671.0,1687.0,7585.0,3310.0,11223.0,0.0,3792.0,0.0,1676.0,1677.0,1677.0
0.0,27384.0,5036.0,5032.0,8151.0,828.0,0.0,828.0,0.0,1677.0,1678.0,1677.0,1678.0,1682.0,1676.0,9626.0,4593.0,13165.0,0.0,828.0,0.0,1677.0,1678.0,1677.0
0.0,30499.0,5083.0,5034.0,7220.0,0.0,0.0,0.0,0.0,1677.0,1679.0,1678.0,1690.0,1702.0,1691.0,10920.0,7562.0,12017.0,0.0,0.0,0.0,1677.0,1679.0,1678.0
0.0,32636.0,5112.0,5036.0,3092.0,0.0,0.0,0.0,0.0,1678.0,1679.0,1679.0,1712.0,1699.0,1701.0,12213.0,10097.0,10326.0,0.0,0.0,0.0,1678.0,1679.0,1679.0
0.0,30616.0,5097.0,5039.0,2371.0,1484.0,0.0,0.0,1484.0,1679.0,1680.0,1680.0,1690.0,1698.0,1709.0,10501.0,11490.0,8625.0,0.0,0.0,1484.0,1679.0,1680.0,1680.0
0.0,27890.0,5092.0,5040.0,0.0,4467.0,1286.0,0.0,3181.0,1680.0,1680.0,1680.0,1697.0,1698.0,1697.0,8811.0,12163.0,6916.0,1286.0,0.0,3181.0,1680.0,1680.0,1680.0
0.0,22798.0,5086.0,5042.0,0.0,7862.0,2986.0,0.0,4876.0,1680.0,1681.0,1681.0,1700.0,1696.0,1690.0,7114.0,10465.0,5219.0,2986.0,0.0,4876.0,1680.0,1681.0,1681.0
0.0,17712.0,5059.0,5042.0,1484.0,11073.0,4673.0,1327.0,5073.0,1680.0,1681.0,1681.0,1687.0,1691.0,1681.0,5414.0,8769.0,3529.0,4673.0,1327.0,5073.0,1680.0,1681.0,1681.0
0.0,14137.0,5065.0,5043.0,4467.0,11676.0,5071.0,3027.0,3578.0,1680.0,1682.0,1681.0,1684.0,1695.0,1686.0,3727.0,7078.0,3332.0,5071.0,3027.0,3578.0,1680.0,1682.0,1681.0
0.0,13539.0,5087.0,5045.0,7862.0,8911.0,3787.0,4717.0,407.0,1681.0,1682.0,1682.0,1697.0,1690.0,1700.0,3329.0,5383.0,4827.0,3787.0,4717.0,407.0,1681.0,1682.0,1682.0
0.0,16314.0,5107.0,5048.0,11073.0,5913.0,827.0,5086.0,0.0,1682.0,1683.0,1683.0,1708.0,1691.0,1708.0,4618.0,3693.0,8003.0,827.0,5086.0,0.0,1682.0,1683.0,1683.0
0.0,22280.0,5118.0,5049.0,11676.0,3769.0,0.0,3769.0,0.0,1682.0,1683.0,1684.0,1698.0,1710.0,1710.0,7583.0,3329.0,11368.0,0.0,3769.0,0.0,1682.0,1683.0,1684.0
0.0,28838.0,5099.0,5051.0,8911.0,760.0,0.0,760.0,0.0,1683.0,1684.0,1684.0,1699.0,1703.0,1697.0,10956.0,4646.0,13236.0,0.0,760.0,0.0,1683.0,1684.0,1684.0
0.0,32650.0,5079.0,5051.0,5913.0,0.0,0.0,0.0,0.0,1683.0,1684.0,1684.0,1699.0,1689.0,1691.0,13044.0,7660.0,11946.0,0.0,0.0,0.0,1683.0,1684.0,1684.0
0.0,33484.0,5046.0,5051.0,3769.0,0.0,0.0,0.0,0.0,1683.0,1684.0,1684.0,1681.0,1682.0,1683.0,12172.0,11057.0,10255.0,0.0,0.0,0.0,1683.0,1684.0,1684.0
0.0,32207.0,5072.0,5053.0,760.0,1546.0,0.0,0.0,1546.0,1684.0,1684.0,1685.0,1693.0,1686.0,1693.0,10491.0,13144.0,8572.0,0.0,0.0,1546.0,1684.0,1684.0,1685.0
0.0,27895.0,5103.0,5054.0,0.0,4574.0,1322.0,0.0,3252.0,1684.0,1685.0,1685.0,1700.0,1697.0,1706.0,8798.0,12218.0,6879.0,1322.0,0.0,3252.0,1684.0,1685.0,1685.0
0.0,22792.0,5123.0,5057.0,0.0,8001.0,3036.0,0.0,4965.0,1685.0,1686.0,1686.0,1709.0,1706.0,1708.0,7098.0,10521.0,5173.0,3036.0,0.0,4965.0,1685.0,1686.0,1686.0
0.0,17669.0,5127.0,5060.0,1546.0,11212.0,4751.0,1331.0,5130.0,1686.0,1687.0,1687.0,1710.0,1711.0,1706.0,5389.0,8815.0,3465.0,4751.0,1331.0,5130.0,1686.0,1687.0,1687.0
0.0,14088.0,5088.0,5060.0,4574.0,11726.0,5121.0,3026.0,3579.0,1686.0,1687.0,1687.0,1692.0,1695.0,1701.0,3679.0,7104.0,3305.0,5121.0,3026.0,3579.0,1686.0,1687.0,1687.0
0.0,13574.0,5077.0,5062.0,8001.0,8812.0,3788.0,4719.0,305.0,1687.0,1687.0,1688.0,1698.0,1693.0,1686.0,3309.0,5409.0,4856.0,3788.0,4719.0,305.0,1687.0,1687.0,1688.0
0.0,16498.0,5080.0,5062.0,11212.0,5811.0,728.0,5083.0,0.0,1687.0,1687.0,1688.0,1691.0,1695.0,1694.0,4647.0,3716.0,8135.0,728.0,5083.0,0.0,1687.0,1687.0,1688.0
0.0,22630.0,5096.0,5063.0,10723.0,3767.0,0.0,3767.0,0.0,1687.0,1688.0,1688.0,1692.0,1705.0,1699.0,7707.0,3352.0,11571.0,0.0,3767.0,0.0,1687.0,1688.0,1688.0
0.0,28257.0,5102.0,5065.0,9815.0,741.0,0.0,741.0,0.0,1688.0,1688.0,1689.0,1701.0,1693.0,1708.0,10133.0,4673.0,13451.0,0.0,741.0,0.0,1688.0,1688.0,1689.0
0.0,32970.0,5131.0,5067.0,5811.0,0.0,0.0,0.0,0.0,1688.0,1689.0,1690.0,1714.0,1707.0,1710.0,13223.0,7699.0,12048.0,0.0,0.0,0.0,1688.0,1689.0,1690.0
0.0,33650.0,5114.0,5069.0,3767.0,0.0,0.0,0.0,0.0,1689.0,1690.0,1690.0,1707.0,1709.0,1698.0,12237.0,11075.0,10338.0,0.0,0.0,0.0,1689.0,1690.0,1690.0
0.0,32303.0,5128.0,5071.0,741.0,1518.0,0.0,0.0,1518.0,1690.0,1690.0,1691.0,1709.0,1716.0,1703.0,10530.0,13133.0,8640.0,0.0,0.0,1518.0,1690.0,1690.0,1691.0
0.0,27916.0,5097.0,5072.0,0.0,4546.0,1335.0,0.0,3211.0,1690.0,1691.0,1691.0,1706.0,1698.0,1693.0,8821.0,12158.0,6937.0,1335.0,0.0,3211.0,1690.0,1691.0,1691.0
0.0,22819.0,5095.0,5073.0,0.0,7944.0,3041.0,0.0,4903.0,1691.0,1691.0,1691.0,1701.0,1702.0,1692.0,7115.0,10460.0,5244.0,3041.0,0.0,4903.0,1691.0,1691.0,1691.0
0.0,17724.0,5084.0,5073.0,1518.0,11207.0,4736.0,1391.0,5080.0,1691.0,1691.0,1691.0,1695.0,1694.0,1695.0,5414.0,8758.0,3552.0,4736.0,1391.0,5080.0,1691.0,1691.0,1691.0
0.0,14158.0,5104.0,5075.0,4546.0,11775.0,5092.0,3104.0,3579.0,1691.0,1692.0,1692.0,1691.0,1708.0,1705.0,3719.0,7064.0,3375.0,5092.0,3104.0,3579.0,1691.0,1692.0,1692.0
0.0,13600.0,5166.0,5078.0,7944.0,9012.0,3778.0,4830.0,404.0,1692.0,1693.0,1693.0,1722.0,1721.0,1723.0,3363.0,5356.0,4881.0,3778.0,4830.0,404.0,1692.0,1693.0,1693.0
0.0,16378.0,5125.0,5080.0,11207.0,5921.0,768.0,5153.0,0.0,1693.0,1694.0,1693.0,1721.0,1709.0,1695.0,4682.0,3635.0,8061.0,768.0,5153.0,0.0,1693.0,1694.0,1693.0
0.0,22460.0,5104.0,5081.0,11775.0,3754.0,0.0,3754.0,0.0,1694.0,1694.0,1693.0,1698.0,1705.0,1701.0,7697.0,3317.0,11446.0,0.0,3754.0,0.0,1694.0,1694.0,1693.0
0.0,29131.0,5126.0,5082.0,9012.0,624.0,0.0,624.0,0.0,1694.0,1694.0,1694.0,1716.0,1700.0,1710.0,11091.0,4716.0,13324.0,0.0,624.0,0.0,1694.0,1694.0,1694.0
0.0,33017.0,5083.0,5082.0,5921.0,0.0,0.0,0.0,0.0,1694.0,1694.0,1694.0,1689.0,1700.0,1694.0,13153.0,7846.0,12018.0,0.0,0.0,0.0,1694.0,1694.0,1694.0
0.0,33855.0,5103.0,5083.0,3754.0,0.0,0.0,0.0,0.0,1694.0,1695.0,1694.0,1691.0,1704.0,1708.0,12232.0,11299.0,10324.0,0.0,0.0,0.0,1694.0,1695.0,1694.0
0.0,32506.0,5130.0,5085.0,624.0,1561.0,0.0,0.0,1561.0,1695.0,1695.0,1695.0,1712.0,1716.0,1702.0,10541.0,13349.0,8616.0,0.0,0.0,1561.0,1695.0,1695.0,1695.0
0.0,28000.0,5145.0,5088.0,0.0,4651.0,1370.0,0.0,3281.0,1696.0,1696.0,1696.0,1719.0,1711.0,1715.0,8829.0,12257.0,6914.0,1370.0,0.0,3281.0,1696.0,1696.0,1696.0
0.0,22855.0,5127.0,5090.0,0.0,8072.0,3083.0,0.0,4989.0,1697.0,1697.0,1696.0,1708.0,1711.0,1708.0,7110.0,10546.0,5199.0,3083.0,0.0,4989.0,1697.0,1697.0,1696.0
0.0,17728.0,5135.0,5091.0,1561.0,11301.0,4791.0,1367.0,5143.0,1697.0,1697.0,1697.0,1708.0,1717.0,1710.0,5402.0,8835.0,3491.0,4791.0,1367.0,5143.0,1697.0,1697.0,1697.0
0.0,14154.0,5131.0,5093.0,4651.0,11791.0,5138.0,3080.0,3573.0,1698.0,1698.0,1697.0,1712.0,1708.0,1711.0,3694.0,7118.0,3342.0,5138.0,3080.0,3573.0,1698.0,1698.0,1697.0
0.0,13674.0,5122.0,5094.0,8072.0,8846.0,3763.0,4777.0,306.0,1698.0,1698.0,1698.0,1708.0,1697.0,1717.0,3352.0,5410.0,4912.0,3763.0,4777.0,306.0,1698.0,1698.0,1698.0
0.0,16624.0,5108.0,5094.0,11301.0,5785.0,667.0,5118.0,0.0,1698.0,1698.0,1698.0,1695.0,1708.0,1705.0,4727.0,3713.0,8184.0,667.0,5118.0,0.0,1698.0,1698.0,1698.0
0.0,22817.0,5111.0,5095.0,9848.0,3751.0,0.0,3751.0,0.0,1698.0,1699.0,1698.0,1699.0,1708.0,1704.0,7823.0,3372.0,11622.0,0.0,3751.0,0.0,1698.0,1699.0,1698.0
0.0,27554.0,5142.0,5097.0,9331.0,684.0,0.0,684.0,0.0,1699.0,1699.0,1699.0,1721.0,1710.0,1711.0,9319.0,4744.0,13491.0,0.0,684.0,0.0,1699.0,1699.0,1699.0
0.0,31743.0,5159.0,5100.0,6992.0,0.0,0.0,0.0,0.0,1700.0,1700.0,1700.0,1721.0,1724.0,1714.0,11846.0,7811.0,12086.0,0.0,0.0,0.0,1700.0,1700.0,1700.0
0.0,33576.0,5143.0,5102.0,1916.0,0.0,0.0,0.0,0.0,1701.0,1701.0,1700.0,1709.0,1715.0,1719.0,12250.0,10954.0,10372.0,0.0,0.0,0.0,1701.0,1701.0,1700.0
0.0,30349.0,5114.0,5103.0,2770.0,1556.0,0.0,0.0,1556.0,1701.0,1701.0,1701.0,1711.0,1699.0,1704.0,10541.0,11155.0,8653.0,0.0,0.0,1556.0,1701.0,1701.0,1701.0
0.0,28005.0,5103.0,5103.0,0.0,4635.0,1373.0,0.0,3262.0,1701.0,1701.0,1701.0,1698.0,1699.0,1706.0,8830.0,12226.0,6949.0,1373.0,0.0,3262.0,1701.0,1701.0,1701.0
0.0,22902.0,5125.0,5103.0,0.0,8047.0,3074.0,0.0,4973.0,1701.0,1701.0,1701.0,1701.0,1713.0,1711.0,7132.0,10527.0,5243.0,3074.0,0.0,4973.0,1701.0,1701.0,1701.0
0.0,17777.0,5131.0,5105.0,1556.0,11323.0,4785.0,1416.0,5122.0,1702.0,1702.0,1701.0,1706.0,1720.0,1705.0,5431.0,8814.0,3532.0,4785.0,1416.0,5122.0,1702.0,1702.0,1701.0
0.0,14202.0,5156.0,5107.0,4635.0,11854.0,5136.0,3139.0,3579.0,1702.0,1703.0,1702.0,1724.0,1718.0,1714.0,3725.0,7094.0,3383.0,5136.0,3139.0,3579.0,1702.0,1703.0,1702.0
0.0,13681.0,5161.0,5110.0,8047.0,8983.0,3782.0,4864.0,337.0,1703.0,1704.0,1703.0,1715.0,1720.0,1726.0,3374.0,5376.0,4931.0,3782.0,4864.0,337.0,1703.0,1704.0,1703.0
0.0,16567.0,5166.0,5112.0,11323.0,5897.0,727.0,5170.0,0.0,1704.0,1704.0,1704.0,1725.0,1722.0,1719.0,4733.0,3656.0,8178.0,727.0,5170.0,0.0,1704.0,1704.0,1704.0
0.0,22724.0,5157.0,5112.0,11854.0,3750.0,0.0,3750.0,0.0,1704.0,1704.0,1704.0,1719.0,1719.0,1719.0,7793.0,3350.0,11581.0,0.0,3750.0,0.0,1704.0,1704.0,1704.0
0.0,29421.0,5140.0,5113.0,8983.0,601.0,0.0,601.0,0.0,1704.0,1705.0,1704.0,1712.0,1710.0,1718.0,11210.0,4770.0,13441.0,0.0,601.0,0.0,1704.0,1705.0,1704.0
0.0,33264.0,5118.0,5113.0,5897.0,0.0,0.0,0.0,0.0,1704.0,1705.0,1704.0,1705.0,1701.0,1712.0,13280.0,7924.0,12060.0,0.0,0.0,0.0,1704.0,1705.0,1704.0
0.0,34043.0,5143.0,5115.0,3750.0,0.0,0.0,0.0,0.0,1705.0,1705.0,1705.0,1722.0,1710.0,1711.0,12302.0,11393.0,10348.0,0.0,0.0,0.0,1705.0,1705.0,1705.0
0.0,32650.0,5167.0,5117.0,601.0,1609.0,0.0,0.0,1609.0,1706.0,1706.0,1705.0,1729.0,1717.0,1721.0,10580.0,13433.0,8637.0,0.0,0.0,1609.0,1706.0,1706.0,1705.0
0.0,28084.0,5164.0,5118.0,0.0,4736.0,1398.0,0.0,3338.0,1706.0,1706.0,1706.0,1719.0,1721.0,1724.0,8851.0,12317.0,6916.0,1398.0,0.0,3338.0,1706.0,1706.0,1706.0
0.0,22920.0,5172.0,5121.0,0.0,8193.0,3120.0,0.0,5073.0,1707.0,1707.0,1707.0,1717.0,1725.0,1730.0,7132.0,10596.0,5192.0,3120.0,0.0,5073.0,1707.0,1707.0,1707.0
0.0,17748.0,5159.0,5121.0,1609.0,11407.0,4837.0,1383.0,5187.0,1707.0,1707.0,1707.0,1717.0,1719.0,1723.0,5415.0,8871.0,3462.0,4837.0,1383.0,5187.0,1707.0,1707.0,1707.0
0.0,14198.0,5128.0,5121.0,4736.0,11799.0,5152.0,3088.0,3559.0,1707.0,1707.0,1707.0,1713.0,1705.0,1710.0,3698.0,7152.0,3348.0,5152.0,3088.0,3559.0,1707.0,1707.0,1707.0
0.0,13806.0,5114.0,5121.0,8193.0,8720.0,3735.0,4792.0,193.0,1707.0,1707.0,1707.0,1703.0,1704.0,1707.0,3383.0,5447.0,4976.0,3735.0,4792.0,193.0,1707.0,1707.0,1707.0
0.0,16885.0,5148.0,5124.0,11407.0,5747.0,623.0,5124.0,0.0,1708.0,1708.0,1708.0,1720.0,1710.0,1718.0,4800.0,3743.0,8342.0,623.0,5124.0,0.0,1708.0,1708.0,1708.0
0.0,23144.0,5217.0,5127.0,11774.0,3775.0,0.0,3775.0,0.0,1709.0,1709.0,1709.0,1740.0,1734.0,1743.0,7917.0,3416.0,11811.0,0.0,3775.0,0.0,1709.0,1709.0,1709.0
0.0,29701.0,5199.0,5128.0,8745.0,713.0,0.0,713.0,0.0,1709.0,1709.0,1710.0,1726.0,1730.0,1743.0,11304.0,4770.0,13627.0,0.0,713.0,0.0,1709.0,1709.0,1710.0
0.0,33247.0,5159.0,5130.0,5747.0,0.0,0.0,0.0,0.0,1710.0,1710.0,1710.0,1719.0,1711.0,1729.0,13338.0,7832.0,12077.0,0.0,0.0,0.0,1710.0,1710.0,1710.0
0.0,33835.0,5173.0,5131.0,3775.0,0.0,0.0,0.0,0.0,1710.0,1710.0,1711.0,1724.0,1727.0,1722.0,12242.0,11245.0,10348.0,0.0,0.0,0.0,1710.0,1710.0,1711.0
0.0,32437.0,5146.0,5131.0,713.0,1644.0,0.0,0.0,1644.0,1710.0,1710.0,1711.0,1711.0,1720.0,1715.0,10518.0,13293.0,8626.0,0.0,0.0,1644.0,1710.0,1710.0,1711.0
0.0,28004.0,5156.0,5133.0,0.0,4828.0,1472.0,0.0,3356.0,1711.0,1711.0,1711.0,1724.0,1720.0,1712.0,8807.0,12286.0,6911.0,1472.0,0.0,3356.0,1711.0,1711.0,1711.0
0.0,22848.0,5182.0,5134.0,0.0,8289.0,3200.0,0.0,5089.0,1711.0,1711.0,1712.0,1728.0,1726.0,1728.0,7083.0,10566.0,5199.0,3200.0,0.0,5089.0,1711.0,1711.0,1712.0
0.0,17666.0,5199.0,5137.0,1644.0,11574.0,4938.0,1445.0,5191.0,1712.0,1712.0,1713.0,1733.0,1725.0,1741.0,5355.0,8840.0,3471.0,4938.0,1445.0,5191.0,1712.0,1712.0,1713.0
0.0,14111.0,5195.0,5139.0,4828.0,11951.0,5198.0,3185.0,3568.0,1713.0,1713.0,1713.0,1727.0,1735.0,1733.0,3622.0,7115.0,3374.0,5198.0,3185.0,3568.0,1713.0,1713.0,1713.0
0.0,13744.0,5195.0,5140.0,8289.0,8862.0,3727.0,4920.0,215.0,1713.0,1713.0,1714.0,1729.0,1735.0,1731.0,3367.0,5380.0,4997.0,3727.0,4920.0,215.0,1713.0,1713.0,1714.0
0.0,16838.0,5168.0,5142.0,11574.0,5731.0,526.0,5205.0,0.0,1714.0,1714.0,1714.0,1732.0,1725.0,1711.0,4838.0,3645.0,8355.0,526.0,5205.0,0.0,1714.0,1714.0,1714.0
0.0,23244.0,5159.0,5142.0,11951.0,3745.0,0.0,3745.0,0.0,1714.0,1714.0,1714.0,1717.0,1725.0,1717.0,8044.0,3365.0,11835.0,0.0,3745.0,0.0,1714.0,1714.0,1714.0
0.0,30036.0,5159.0,5142.0,8862.0,545.0,0.0,545.0,0.0,1714.0,1714.0,1714.0,1720.0,1720.0,1719.0,11525.0,4825.0,13686.0,0.0,545.0,0.0,1714.0,1714.0,1714.0
0.0,33739.0,5169.0,5143.0,5731.0,0.0,0.0,0.0,0.0,1714.0,1714.0,1715.0,1718.0,1721.0,1730.0,13532.0,8025.0,12182.0,0.0,0.0,0.0,1714.0,1714.0,1715.0
0.0,34301.0,5220.0,5146.0,3745.0,0.0,0.0,0.0,0.0,1715.0,1715.0,1716.0,1741.0,1738.0,1741.0,12340.0,11509.0,10452.0,0.0,0.0,0.0,1715.0,1715.0,1716.0
0.0,32826.0,5228.0,5149.0,545.0,1616.0,0.0,0.0,1616.0,1716.0,1716.0,1717.0,1742.0,1744.0,1742.0,10599.0,13516.0,8711.0,0.0,0.0,1616.0,1716.0,1716.0,1717.0
0.0,28143.0,5170.0,5150.0,0.0,4796.0,1453.0,0.0,3343.0,1717.0,1716.0,1717.0,1725.0,1718.0,1727.0,8857.0,12317.0,6969.0,1453.0,0.0,3343.0,1717.0,1716.0,1717.0
0.0,22973.0,5178.0,5151.0,0.0,8259.0,3182.0,0.0,5077.0,1717.0,1716.0,1718.0,1729.0,1720.0,1729.0,7132.0,10599.0,5242.0,3182.0,0.0,5077.0,1717.0,1716.0,1718.0
0.0,17795.0,5167.0,5151.0,1616.0,11511.0,4908.0,1417.0,5186.0,1717.0,1716.0,1718.0,1726.0,1716.0,1725.0,5403.0,8879.0,3513.0,4908.0,1417.0,5186.0,1717.0,1716.0,1718.0
0.0,14244.0,5165.0,5153.0,4796.0,11890.0,5169.0,3149.0,3572.0,1717.0,1717.0,1719.0,1714.0,1727.0,1724.0,3677.0,7163.0,3404.0,5169.0,3149.0,3572.0,1717.0,1717.0,1719.0
0.0,13875.0,5207.0,5154.0,8259.0,8843.0,3718.0,4892.0,233.0,1717.0,1718.0,1719.0,1731.0,1738.0,1738.0,3416.0,5436.0,5023.0,3718.0,4892.0,233.0,1717.0,1718.0,1719.0
0.0,16927.0,5230.0,5156.0,11511.0,5774.0,561.0,5213.0,0.0,1718.0,1718.0,1720.0,1746.0,1738.0,1746.0,4867.0,3698.0,8362.0,561.0,5213.0,0.0,1718.0,1718.0,1720.0
0.0,23208.0,5208.0,5159.0,10036.0,3804.0,0.0,3804.0,0.0,1719.0,1719.0,1721.0,1731.0,1735.0,1742.0,8029.0,3377.0,11802.0,0.0,3804.0,0.0,1719.0,1719.0,1721.0
0.0,28036.0,5205.0,5160.0,8592.0,648.0,0.0,648.0,0.0,1720.0,1719.0,1721.0,1741.0,1736.0,1728.0,9613.0,4791.0,13632.0,0.0,648.0,0.0,1720.0,1719.0,1721.0
0.0,31423.0,5194.0,5161.0,7879.0,0.0,0.0,0.0,0.0,1720.0,1720.0,1721.0,1732.0,1739.0,1723.0,11339.0,7947.0,12137.0,0.0,0.0,0.0,1720.0,1720.0,1721.0
0.0,34108.0,5165.0,5162.0,1560.0,0.0,0.0,0.0,0.0,1720.0,1720.0,1722.0,1718.0,1719.0,1728.0,12273.0,11421.0,10414.0,0.0,0.0,0.0,1720.0,1720.0,1722.0
0.0,30503.0,5175.0,5163.0,2892.0,1649.0,0.0,0.0,1649.0,1721.0,1720.0,1722.0,1727.0,1723.0,1725.0,10555.0,11262.0,8686.0,0.0,0.0,1649.0,1721.0,1720.0,1722.0
0.0,28220.0,5205.0,5165.0,0.0,4903.0,1513.0,0.0,3390.0,1721.0,1721.0,1723.0,1736.0,1733.0,1736.0,8828.0,12431.0,6961.0,1513.0,0.0,3390.0,1721.0,1721.0,1723.0
0.0,23015.0,5225.0,5166.0,0.0,8392.0,3262.0,0.0,5130.0,1722.0,1721.0,1723.0,1744.0,1741.0,1740.0,7092.0,10698.0,5225.0,3262.0,0.0,5130.0,1722.0,1721.0,1723.0
0.0,17790.0,5231.0,5169.0,1649.0,11637.0,5010.0,1397.0,5230.0,1723.0,1722.0,1724.0,1743.0,1744.0,1744.0,5348.0,8957.0,3485.0,5010.0,1397.0,5230.0,1723.0,1722.0,1724.0
0.0,14208.0,5228.0,5171.0,4903.0,11972.0,5236.0,3148.0,3588.0,1723.0,1723.0,1725.0,1739.0,1746.0,1743.0,3605.0,7213.0,3390.0,5236.0,3148.0,3588.0,1723.0,1723.0,1725.0
0.0,13883.0,5188.0,5172.0,8392.0,8773.0,3711.0,4873.0,189.0,1724.0,1723.0,1725.0,1732.0,1725.0,1731.0,3379.0,5467.0,5037.0,3711.0,4873.0,189.0,1724.0,1723.0,1725.0
0.0,17087.0,5199.0,5172.0,11637.0,5640.0,434.0,5206.0,0.0,1724.0,1723.0,1725.0,1733.0,1730.0,1736.0,4909.0,3742.0,8436.0,434.0,5206.0,0.0,1724.0,1723.0,1725.0
0.0,23525.0,5192.0,5174.0,11972.0,3800.0,0.0,3800.0,0.0,1724.0,1724.0,1726.0,1726.0,1737.0,1729.0,8186.0,3409.0,11930.0,0.0,3800.0,0.0,1724.0,1724.0,1726.0
0.0,30305.0,5207.0,5175.0,8773.0,662.0,0.0,662.0,0.0,1725.0,1724.0,1726.0,1739.0,1735.0,1733.0,11696.0,4820.0,13789.0,0.0,662.0,0.0,1725.0,1724.0,1726.0
0.0,33871.0,5236.0,5178.0,5640.0,0.0,0.0,0.0,0.0,1726.0,1725.0,1727.0,1749.0,1746.0,1741.0,13668.0,7958.0,12245.0,0.0,0.0,0.0,1726.0,1725.0,1727.0
0.0,34275.0,5218.0,5179.0,3800.0,0.0,0.0,0.0,0.0,1726.0,1726.0,1727.0,1740.0,1738.0,1740.0,12353.0,11418.0,10504.0,0.0,0.0,0.0,1726.0,1726.0,1727.0
0.0,32857.0,5218.0,5181.0,662.0,1614.0,0.0,0.0,1614.0,1727.0,1726.0,1728.0,1741.0,1739.0,1738.0,10613.0,13480.0,8764.0,0.0,0.0,1614.0,1727.0,1726.0,1728.0
0.0,28301.0,5211.0,5182.0,0.0,4857.0,1510.0,0.0,3347.0,1728.0,1726.0,1728.0,1742.0,1736.0,1733.0,8872.0,12403.0,7026.0,1510.0,0.0,3347.0,1728.0,1726.0,1728.0
0.0,23090.0,5174.0,5183.0,0.0,8304.0,3241.0,0.0,5063.0,1728.0,1727.0,1728.0,1731.0,1727.0,1716.0,7130.0,10667.0,5293.0,3241.0,0.0,5063.0,1728.0,1727.0,1728.0
0.0,17916.0,5184.0,5183.0,1614.0,11569.0,4969.0,1416.0,5184.0,1728.0,1727.0,1728.0,1728.0,1721.0,1735.0,5399.0,8940.0,3577.0,4969.0,1416.0,5184.0,1728.0,1727.0,1728.0
0.0,14346.0,5204.0,5184.0,4857.0,11921.0,5202.0,3143.0,3576.0,1728.0,1727.0,1729.0,1743.0,1727.0,1734.0,3671.0,7219.0,3456.0,5202.0,3143.0,3576.0,1728.0,1727.0,1729.0
0.0,13999.0,5241.0,5185.0,8304.0,8863.0,3714.0,4887.0,262.0,1729.0,1727.0,1729.0,1748.0,1744.0,1749.0,3438.0,5492.0,5069.0,3714.0,4887.0,262.0,1729.0,1727.0,1729.0
0.0,17062.0,5254.0,5189.0,11569.0,5733.0,494.0,5239.0,0.0,1730.0,1729.0,1730.0,1744.0,1758.0,1752.0,4931.0,3748.0,8383.0,494.0,5239.0,0.0,1730.0,1729.0,1730.0
0.0,23377.0,5236.0,5190.0,11211.0,3838.0,0.0,3838.0,0.0,1730.0,1729.0,1731.0,1743.0,1742.0,1751.0,8156.0,3406.0,11815.0,0.0,3838.0,0.0,1730.0,1729.0,1731.0
0.0,29352.0,5206.0,5190.0,9573.0,685.0,0.0,685.0,0.0,1730.0,1729.0,1731.0,1742.0,1734.0,1730.0,10905.0,4807.0,13640.0,0.0,685.0,0.0,1730.0,1729.0,1731.0
0.0,33719.0,5205.0,5192.0,5733.0,0.0,0.0,0.0,0.0,1731.0,1730.0,1731.0,1733.0,1731.0,1741.0,13587.0,7960.0,12172.0,0.0,0.0,0.0,1731.0,1730.0,1731.0
0.0,34247.0,5200.0,5193.0,3284.0,0.0,0.0,0.0,0.0,1731.0,1730.0,1732.0,1730.0,1733.0,1737.0,12348.0,11468.0,10431.0,0.0,0.0,0.0,1731.0,1730.0,1732.0
0.0,32331.0,5217.0,5193.0,1239.0,1705.0,0.0,0.0,1705.0,1731.0,1730.0,1732.0,1739.0,1739.0,1739.0,10618.0,13019.0,8694.0,0.0,0.0,1705.0,1731.0,1730.0,1732.0
0.0,28353.0,5242.0,5195.0,0.0,4980.0,1530.0,0.0,3450.0,1732.0,1731.0,1732.0,1749.0,1748.0,1745.0,8879.0,12519.0,6955.0,1530.0,0.0,3450.0,1732.0,1731.0,1732.0
0.0,23111.0,5260.0,5198.0,0.0,8499.0,3291.0,0.0,5208.0,1733.0,1732.0,1733.0,1756.0,1751.0,1753.0,7130.0,10771.0,5210.0,3291.0,0.0,5208.0,1733.0,1732.0,1733.0
0.0,17851.0,5235.0,5201.0,1705.0,11684.0,5040.0,1388.0,5256.0,1734.0,1733.0,1734.0,1744.0,1743.0,1748.0,5374.0,9020.0,3457.0,5040.0,1388.0,5256.0,1734.0,1733.0,1734.0
0.0,14321.0,5223.0,5201.0,4980.0,11927.0,5247.0,3133.0,3547.0,1734.0,1733.0,1734.0,1737.0,1745.0,1741.0,3630.0,7277.0,3414.0,5247.0,3133.0,3547.0,1734.0,1733.0,1734.0
0.0,14078.0,5215.0,5201.0,8499.0,8643.0,3694.0,4881.0,68.0,1734.0,1733.0,1734.0,1738.0,1748.0,1729.0,3423.0,5532.0,5123.0,3694.0,4881.0,68.0,1734.0,1733.0,1734.0
0.0,17362.0,5221.0,5202.0,11684.0,5637.0,390.0,5247.0,0.0,1734.0,1734.0,1734.0,1736.0,1749.0,1736.0,4976.0,3784.0,8602.0,390.0,5247.0,0.0,1734.0,1734.0,1734.0
0.0,23825.0,5229.0,5202.0,11927.0,3857.0,0.0,3857.0,0.0,1734.0,1734.0,1734.0,1746.0,1743.0,1740.0,8280.0,3423.0,12122.0,0.0,3857.0,0.0,1734.0,1734.0,1734.0
0.0,30523.0,5271.0,5205.0,8643.0,740.0,0.0,740.0,0.0,1735.0,1735.0,1735.0,1759.0,1759.0,1753.0,11781.0,4813.0,13929.0,0.0,740.0,0.0,1735.0,1735.0,1735.0
0.0,33895.0,5262.0,5207.0,5637.0,0.0,0.0,0.0,0.0,1736.0,1735.0,1736.0,1754.0,1749.0,1759.0,13716.0,7935.0,12244.0,0.0,0.0,0.0,1736.0,1735.0,1736.0
0.0,34270.0,5255.0,5208.0,3857.0,0.0,0.0,0.0,0.0,1736.0,1736.0,1736.0,1751.0,1757.0,1747.0,12352.0,11433.0,10485.0,0.0,0.0,0.0,1736.0,1736.0,1736.0
0.0,32872.0,5227.0,5209.0,740.0,1683.0,0.0,0.0,1683.0,1737.0,1736.0,1736.0,1742.0,1744.0,1741.0,10601.0,13533.0,8738.0,0.0,0.0,1683.0,1737.0,1736.0,1736.0
0.0,28385.0,5212.0,5209.0,0.0,4985.0,1566.0,0.0,3419.0,1737.0,1736.0,1736.0,1740.0,1736.0,1736.0,8859.0,12529.0,6997.0,1566.0,0.0,3419.0,1737.0,1736.0,1736.0
0.0,23173.0,5206.0,5209.0,0.0,8454.0,3303.0,0.0,5151.0,1737.0,1736.0,1736.0,1737.0,1737.0,1732.0,7119.0,10793.0,5261.0,3303.0,0.0,5151.0,1737.0,1736.0,1736.0
0.0,17967.0,5244.0,5211.0,1683.0,11649.0,5056.0,1378.0,5215.0,1737.0,1737.0,1737.0,1753.0,1749.0,1742.0,5382.0,9056.0,3529.0,5056.0,1378.0,5215.0,1737.0,1737.0,1737.0
0.0,14406.0,5299.0,5214.0,4985.0,11978.0,5262.0,3149.0,3567.0,1738.0,1738.0,1738.0,1767.0,1766.0,1766.0,3629.0,7307.0,3470.0,5262.0,3149.0,3567.0,1738.0,1738.0,1738.0
0.0,14092.0,5274.0,5216.0,8454.0,8808.0,3719.0,4916.0,173.0,1739.0,1739.0,1738.0,1755.0,1762.0,1757.0,3428.0,5541.0,5123.0,3719.0,4916.0,173.0,1739.0,1739.0,1738.0
0.0,17272.0,5263.0,5218.0,11649.0,5719.0,430.0,5289.0,0.0,1740.0,1739.0,1739.0,1762.0,1751.0,1750.0,4976.0,3779.0,8517.0,430.0,5289.0,0.0,1740.0,1739.0,1739.0
0.0,23658.0,5248.0,5218.0,9775.0,3886.0,0.0,3886.0,0.0,1740.0,1739.0,1739.0,1760.0,1746.0,1742.0,8270.0,3406.0,11982.0,0.0,3886.0,0.0,1740.0,1739.0,1739.0
0.0,28185.0,5222.0,5218.0,10783.0,710.0,0.0,710.0,0.0,1740.0,1739.0,1739.0,1743.0,1740.0,1739.0,9569.0,4809.0,13807.0,0.0,710.0,0.0,1740.0,1739.0,1739.0
0.0,33746.0,5223.0,5220.0,5947.0,0.0,0.0,0.0,0.0,1741.0,1740.0,1739.0,1742.0,1746.0,1735.0,13520.0,7985.0,12241.0,0.0,0.0,0.0,1741.0,1740.0,1739.0
0.0,34470.0,5246.0,5220.0,3886.0,0.0,0.0,0.0,0.0,1741.0,1740.0,1739.0,1745.0,1750.0,1751.0,12436.0,11528.0,10506.0,0.0,0.0,0.0,1741.0,1740.0,1739.0
0.0,33110.0,5271.0,5223.0,710.0,1709.0,0.0,0.0,1709.0,1742.0,1741.0,1740.0,1762.0,1745.0,1764.0,10691.0,13664.0,8755.0,0.0,0.0,1709.0,1742.0,1741.0,1740.0
0.0,28549.0,5275.0,5225.0,0.0,5021.0,1550.0,0.0,3471.0,1743.0,1741.0,1741.0,1764.0,1754.0,1757.0,8929.0,12629.0,6991.0,1550.0,0.0,3471.0,1743.0,1741.0,1741.0
0.0,23274.0,5271.0,5226.0,0.0,8532.0,3310.0,0.0,5222.0,1743.0,1742.0,1741.0,1760.0,1760.0,1751.0,7165.0,10875.0,5234.0,3310.0,0.0,5222.0,1743.0,1742.0,1741.0
0.0,18003.0,5244.0,5226.0,1709.0,11662.0,5059.0,1346.0,5257.0,1743.0,1742.0,1741.0,1749.0,1751.0,1744.0,5405.0,9115.0,3483.0,5059.0,1346.0,5257.0,1743.0,1742.0,1741.0
0.0,14468.0,5234.0,5226.0,5021.0,11875.0,5256.0,3089.0,3530.0,1743.0,1742.0,1741.0,1747.0,1743.0,1744.0,3656.0,7364.0,3448.0,5256.0,3089.0,3530.0,1743.0,1742.0,1741.0
0.0,14255.0,5220.0,5226.0,8532.0,8563.0,3678.0,4828.0,57.0,1743.0,1742.0,1741.0,1732.0,1739.0,1749.0,3459.0,5621.0,5175.0,3678.0,4828.0,57.0,1743.0,1742.0,1741.0
0.0,17567.0,5260.0,5228.0,11662.0,5601.0,371.0,5230.0,0.0,1744.0,1742.0,1742.0,1747.0,1748.0,1765.0,5037.0,3882.0,8648.0,371.0,5230.0,0.0,1744.0,1742.0,1742.0
0.0,23969.0,5315.0,5231.0,11875.0,3916.0,0.0,3916.0,0.0,1745.0,1743.0,1743.0,1770.0,1770.0,1775.0,8349.0,3480.0,12140.0,0.0,3916.0,0.0,1745.0,1743.0,1743.0
0.0,30529.0,5291.0,5233.0,8563.0,859.0,0.0,859.0,0.0,1745.0,1744.0,1744.0,1760.0,1766.0,1765.0,11835.0,4799.0,13895.0,0.0,859.0,0.0,1745.0,1744.0,1744.0
0.0,33801.0,5280.0,5235.0,5601.0,0.0,0.0,0.0,0.0,1746.0,1745.0,1744.0,1764.0,1754.0,1762.0,13753.0,7861.0,12187.0,0.0,0.0,0.0,1746.0,1745.0,1744.0
0.0,34122.0,5256.0,5235.0,3916.0,39.0,0.0,0.0,39.0,1746.0,1745.0,1744.0,1759.0,1753.0,1744.0,12360.0,11337.0,10425.0,0.0,0.0,39.0,1746.0,1745.0,1744.0
0.0,32782.0,5259.0,5236.0,859.0,1794.0,0.0,0.0,1794.0,1746.0,1745.0,1745.0,1758.0,1751.0,1750.0,10601.0,13500.0,8681.0,0.0,0.0,1794.0,1746.0,1745.0,1745.0
0.0,28382.0,5257.0,5237.0,0.0,5187.0,1642.0,0.0,3545.0,1747.0,1745.0,1745.0,1750.0,1756.0,1751.0,8843.0,12608.0,6931.0,1642.0,0.0,3545.0,1747.0,1745.0,1745.0
0.0,23125.0,5280.0,5238.0,39.0,8672.0,3400.0,0.0,5272.0,1747.0,1746.0,1745.0,1758.0,1756.0,1766.0,7093.0,10852.0,5180.0,3400.0,0.0,5272.0,1747.0,1746.0,1745.0
0.0,17884.0,5293.0,5240.0,1794.0,11815.0,5176.0,1389.0,5250.0,1748.0,1746.0,1746.0,1771.0,1755.0,1767.0,5335.0,9096.0,3453.0,5176.0,1389.0,5250.0,1748.0,1746.0,1746.0
0.0,14385.0,5302.0,5243.0,5187.0,11945.0,5316.0,3156.0,3473.0,1749.0,1747.0,1747.0,1777.0,1762.0,1763.0,3564.0,7341.0,3480.0,5316.0,3156.0,3473.0,1749.0,1747.0,1747.0
0.0,14270.0,5294.0,5243.0,8672.0,8610.0,3686.0,4924.0,0.0,1749.0,1747.0,1747.0,1770.0,1768.0,1756.0,3429.0,5579.0,5262.0,3686.0,4924.0,0.0,1749.0,1747.0,1747.0
0.0,17648.0,5267.0,5244.0,11815.0,5562.0,264.0,5298.0,0.0,1749.0,1748.0,1747.0,1754.0,1758.0,1755.0,5059.0,3811.0,8778.0,264.0,5298.0,0.0,1749.0,1748.0,1747.0
0.0,24196.0,5271.0,5246.0,11707.0,3905.0,0.0,3905.0,0.0,1750.0,1748.0,1748.0,1753.0,1763.0,1755.0,8481.0,3442.0,12273.0,0.0,3905.0,0.0,1750.0,1748.0,1748.0
0.0,30632.0,5268.0,5246.0,8848.0,732.0,0.0,732.0,0.0,1750.0,1748.0,1748.0,1758.0,1751.0,1759.0,11806.0,4835.0,13991.0,0.0,732.0,0.0,1750.0,1748.0,1748.0
0.0,34212.0,5275.0,5248.0,4124.0,0.0,0.0,0.0,0.0,1750.0,1749.0,1749.0,1754.0,1752.0,1769.0,13972.0,8008.0,12232.0,0.0,0.0,0.0,1750.0,1749.0,1749.0
0.0,33061.0,5314.0,5250.0,3267.0,62.0,0.0,0.0,62.0,1751.0,1749.0,1750.0,1781.0,1758.0,1775.0,12482.0,10116.0,10463.0,0.0,0.0,62.0,1751.0,1749.0,1750.0
0.0,31014.0,5306.0,5253.0,2808.0,1834.0,0.0,0.0,1834.0,1752.0,1750.0,1751.0,1774.0,1765.0,1767.0,10701.0,11625.0,8688.0,0.0,0.0,1834.0,1752.0,1750.0,1751.0
0.0,28516.0,5272.0,5254.0,0.0,5181.0,1592.0,0.0,3589.0,1752.0,1751.0,1751.0,1759.0,1758.0,1755.0,8927.0,12668.0,6921.0,1592.0,0.0,3589.0,1752.0,1751.0,1751.0
0.0,23244.0,5271.0,5255.0,62.0,8644.0,3352.0,0.0,5292.0,1753.0,1751.0,1751.0,1755.0,1751.0,1765.0,7168.0,10910.0,5166.0,3352.0,0.0,5292.0,1753.0,1751.0,1751.0
0.0,18035.0,5273.0,5255.0,1834.0,11679.0,5110.0,1354.0,5215.0,1753.0,1751.0,1751.0,1758.0,1758.0,1757.0,5413.0,9159.0,3463.0,5110.0,1354.0,5215.0,1753.0,1751.0,1751.0
0.0,14596.0,5271.0,5255.0,5181.0,11769.0,5277.0,3111.0,3381.0,1753.0,1751.0,1751.0,1759.0,1757.0,1755.0,3655.0,7401.0,3540.0,5277.0,3111.0,3381.0,1753.0,1751.0,1751.0
0.0,14506.0,5300.0,5258.0,8644.0,8580.0,3696.0,4884.0,0.0,1754.0,1752.0,1752.0,1766.0,1768.0,1766.0,3488.0,5644.0,5374.0,3696.0,4884.0,0.0,1754.0,1752.0,1752.0
0.0,17850.0,5329.0,5260.0,11679.0,5675.0,365.0,5310.0,0.0,1754.0,1753.0,1753.0,1779.0,1775.0,1775.0,5074.0,3876.0,8900.0,365.0,5310.0,0.0,1754.0,1753.0,1753.0
0.0,24200.0,5323.0,5262.0,11769.0,3984.0,0.0,3984.0,0.0,1755.0,1754.0,1753.0,1778.0,1780.0,1765.0,8405.0,3455.0,12340.0,0.0,3984.0,0.0,1755.0,1754.0,1753.0
0.0,30646.0,5302.0,5264.0,8580.0,867.0,0.0,867.0,0.0,1756.0,1754.0,1754.0,1763.0,1767.0,1772.0,11904.0,4786.0,13956.0,0.0,867.0,0.0,1756.0,1754.0,1754.0
0.0,33924.0,5290.0,5264.0,5675.0,0.0,0.0,0.0,0.0,1756.0,1754.0,1754.0,1766.0,1756.0,1768.0,13837.0,7903.0,12184.0,0.0,0.0,0.0,1756.0,1754.0,1754.0
0.0,34309.0,5293.0,5265.0,3984.0,127.0,0.0,0.0,127.0,1756.0,1754.0,1755.0,1761.0,1764.0,1768.0,12436.0,11457.0,10416.0,0.0,0.0,127.0,1756.0,1754.0,1755.0
0.0,33000.0,5273.0,5266.0,867.0,1889.0,0.0,0.0,1889.0,1756.0,1755.0,1755.0,1753.0,1758.0,1762.0,10675.0,13677.0,8648.0,0.0,0.0,1889.0,1756.0,1755.0,1755.0
0.0,28594.0,5284.0,5267.0,0.0,5275.0,1625.0,0.0,3650.0,1757.0,1755.0,1755.0,1762.0,1761.0,1761.0,8922.0,12786.0,6886.0,1625.0,0.0,3650.0,1757.0,1755.0,1755.0
0.0,23310.0,5335.0,5270.0,127.0,8715.0,3410.0,0.0,5305.0,1758.0,1756.0,1756.0,1780.0,1778.0,1777.0,7160.0,11025.0,5125.0,3410.0,0.0,5305.0,1758.0,1756.0,1756.0
0.0,18102.0,5312.0,5271.0,1889.0,11676.0,5181.0,1308.0,5187.0,1758.0,1756.0,1757.0,1771.0,1775.0,1766.0,5380.0,9247.0,3475.0,5181.0,1308.0,5187.0,1758.0,1756.0,1757.0
0.0,14679.0,5307.0,5273.0,5275.0,11718.0,5330.0,3087.0,3301.0,1759.0,1757.0,1757.0,1769.0,1774.0,1764.0,3609.0,7472.0,3598.0,5330.0,3087.0,3301.0,1759.0,1757.0,1757.0
0.0,14647.0,5315.0,5274.0,8715.0,8545.0,3691.0,4854.0,0.0,1759.0,1757.0,1758.0,1771.0,1767.0,1777.0,3465.0,5698.0,5484.0,3691.0,4854.0,0.0,1759.0,1757.0,1758.0
0.0,18047.0,5275.0,5274.0,11676.0,5561.0,265.0,5296.0,0.0,1759.0,1757.0,1758.0,1755.0,1750.0,1770.0,5104.0,3931.0,9012.0,265.0,5296.0,0.0,1759.0,1757.0,1758.0
0.0,24448.0,5288.0,5274.0,9363.0,3978.0,0.0,3978.0,0.0,1759.0,1757.0,1758.0,1757.0,1769.0,1762.0,8530.0,3489.0,12429.0,0.0,3978.0,0.0,1759.0,1757.0,1758.0
0.0,28523.0,5309.0,5277.0,10900.0,898.0,0.0,898.0,0.0,1760.0,1758.0,1759.0,1772.0,1769.0,1768.0,9748.0,4807.0,13968.0,0.0,898.0,0.0,1760.0,1758.0,1759.0
0.0,34114.0,5345.0,5279.0,5561.0,0.0,0.0,0.0,0.0,1761.0,1758.0,1760.0,1786.0,1781.0,1778.0,14022.0,7892.0,12200.0,0.0,0.0,0.0,1761.0,1758.0,1760.0
0.0,34330.0,5361.0,5283.0,3978.0,172.0,0.0,0.0,172.0,1762.0,1760.0,1761.0,1781.0,1791.0,1789.0,12501.0,11407.0,10422.0,0.0,0.0,172.0,1762.0,1760.0,1761.0
0.0,32947.0,5350.0,5283.0,898.0,1956.0,0.0,0.0,1956.0,1762.0,1760.0,1761.0,1780.0,1786.0,1784.0,10720.0,13594.0,8633.0,0.0,0.0,1956.0,1762.0,1760.0,1761.0
0.0,28495.0,5306.0,5284.0,0.0,5373.0,1636.0,0.0,3737.0,1762.0,1760.0,1762.0,1766.0,1764.0,1776.0,8940.0,12706.0,6849.0,1636.0,0.0,3737.0,1762.0,1760.0,1762.0
0.0,23189.0,5312.0,5284.0,172.0,8743.0,3407.0,0.0,5336.0,1762.0,1760.0,1762.0,1771.0,1770.0,1771.0,7174.0,10942.0,5073.0,3407.0,0.0,5336.0,1762.0,1760.0,1762.0
0.0,18049.0,5305.0,5285.0,1956.0,11725.0,5169.0,1418.0,5138.0,1762.0,1761.0,1762.0,1762.0,1785.0,1758.0,5403.0,9172.0,3474.0,5169.0,1418.0,5138.0,1762.0,1761.0,1762.0
0.0,14700.0,5329.0,5288.0,5373.0,11696.0,5309.0,3207.0,3180.0,1763.0,1762.0,1763.0,1771.0,1784.0,1774.0,3641.0,7387.0,3672.0,5309.0,3207.0,3180.0,1763.0,1762.0,1763.0
0.0,14744.0,5348.0,5289.0,8743.0,8676.0,3691.0,4985.0,0.0,1763.0,1762.0,1764.0,1789.0,1778.0,1781.0,3506.0,5603.0,5635.0,3691.0,4985.0,0.0,1763.0,1762.0,1764.0
0.0,18139.0,5359.0,5292.0,11725.0,5670.0,312.0,5358.0,0.0,1764.0,1763.0,1765.0,1785.0,1786.0,1788.0,5124.0,3825.0,9190.0,312.0,5358.0,0.0,1764.0,1763.0,1765.0
0.0,24505.0,5346.0,5294.0,11696.0,3936.0,0.0,3936.0,0.0,1765.0,1764.0,1765.0,1777.0,1780.0,1789.0,8508.0,3457.0,12540.0,0.0,3936.0,0.0,1765.0,1764.0,1765.0
0.0,30855.0,5331.0,5294.0,8676.0,728.0,0.0,728.0,0.0,1765.0,1764.0,1765.0,1780.0,1777.0,1774.0,12040.0,4884.0,13931.0,0.0,728.0,0.0,1765.0,1764.0,1765.0
0.0,34200.0,5297.0,5296.0,5670.0,0.0,0.0,0.0,0.0,1765.0,1765.0,1766.0,1763.0,1772.0,1762.0,13951.0,8092.0,12157.0,0.0,0.0,0.0,1765.0,1765.0,1766.0
0.0,34573.0,5301.0,5296.0,3936.0,203.0,0.0,0.0,203.0,1765.0,1765.0,1766.0,1768.0,1765.0,1768.0,12500.0,11678.0,10395.0,0.0,0.0,203.0,1765.0,1765.0,1766.0
0.0,33208.0,5337.0,5298.0,728.0,1990.0,0.0,0.0,1990.0,1766.0,1765.0,1767.0,1784.0,1771.0,1782.0,10732.0,13849.0,8627.0,0.0,0.0,1990.0,1766.0,1765.0,1767.0
0.0,28599.0,5371.0,5301.0,0.0,5466.0,1681.0,0.0,3785.0,1767.0,1766.0,1768.0,1794.0,1787.0,1790.0,8948.0,12806.0,6845.0,1681.0,0.0,3785.0,1767.0,1766.0,1768.0
0.0,23228.0,5370.0,5303.0,203.0,8842.0,3470.0,0.0,5372.0,1768.0,1767.0,1768.0,1784.0,1796.0,1790.0,7154.0,11019.0,5055.0,3470.0,0.0,5372.0,1768.0,1767.0,1768.0
0.0,18061.0,5348.0,5306.0,1990.0,11827.0,5255.0,1403.0,5169.0,1769.0,1768.0,1769.0,1780.0,1786.0,1782.0,5370.0,9223.0,3468.0,5255.0,1403.0,5169.0,1769.0,1768.0,1769.0
0.0,14703.0,5346.0,5306.0,5466.0,11707.0,5364.0,3179.0,3164.0,1769.0,1768.0,1769.0,1790.0,1776.0,1780.0,3590.0,7437.0,3676.0,5364.0,3179.0,3164.0,1769.0,1768.0,1769.0
0.0,14823.0,5315.0,5306.0,8842.0,8617.0,3666.0,4951.0,0.0,1769.0,1768.0,1769.0,1772.0,1772.0,1771.0,3481.0,5661.0,5681.0,3666.0,4951.0,0.0,1769.0,1768.0,1769.0
0.0,18350.0,5321.0,5307.0,11543.0,5796.0,465.0,5331.0,0.0,1769.0,1769.0,1769.0,1770.0,1778.0,1773.0,5179.0,3889.0,9282.0,465.0,5331.0,0.0,1769.0,1769.0,1769.0
0.0,24572.0,5350.0,5309.0,10536.0,3938.0,0.0,3938.0,0.0,1770.0,1769.0,1770.0,1783.0,1786.0,1781.0,8380.0,3514.0,12678.0,0.0,3938.0,0.0,1770.0,1769.0,1770.0
0.0,29758.0,5378.0,5311.0,10072.0,779.0,0.0,779.0,0.0,1770.0,1770.0,1771.0,1796.0,1787.0,1795.0,10790.0,4907.0,14061.0,0.0,779.0,0.0,1770.0,1770.0,1771.0
0.0,34452.0,5368.0,5313.0,5218.0,0.0,0.0,0.0,0.0,1771.0,1770.0,1772.0,1784.0,1782.0,1802.0,14115.0,8071.0,12266.0,0.0,0.0,0.0,1771.0,1770.0,1772.0
0.0,34302.0,5358.0,5315.0,2331.0,181.0,0.0,0.0,181.0,1772.0,1771.0,1772.0,1792.0,1781.0,1785.0,12796.0,11042.0,10464.0,0.0,0.0,181.0,1772.0,1771.0,1772.0
0.0,31275.0,5344.0,5315.0,2964.0,1961.0,0.0,0.0,1961.0,1772.0,1771.0,1772.0,1786.0,1778.0,1780.0,11004.0,11592.0,8679.0,0.0,0.0,1961.0,1772.0,1771.0,1772.0
0.0,28895.0,5335.0,5316.0,0.0,5156.0,1429.0,0.0,3727.0,1772.0,1772.0,1772.0,1787.0,1782.0,1766.0,9218.0,12778.0,6899.0,1429.0,0.0,3727.0,1772.0,1772.0,1772.0
0.0,23560.0,5329.0,5317.0,181.0,8531.0,3201.0,0.0,5330.0,1772.0,1772.0,1773.0,1772.0,1778.0,1779.0,7431.0,10996.0,5133.0,3201.0,0.0,5330.0,1772.0,1772.0,1773.0
0.0,18412.0,5341.0,5318.0,1961.0,11558.0,4986.0,1424.0,5148.0,1773.0,1772.0,1773.0,1780.0,1782.0,1779.0,5659.0,9218.0,3535.0,4986.0,1424.0,5148.0,1773.0,1772.0,1773.0
0.0,15032.0,5356.0,5321.0,5156.0,11773.0,5350.0,3205.0,3218.0,1774.0,1773.0,1774.0,1788.0,1776.0,1792.0,3879.0,7436.0,3717.0,5350.0,3205.0,3218.0,1774.0,1773.0,1774.0
0.0,14832.0,5386.0,5323.0,8531.0,8953.0,3942.0,5011.0,0.0,1774.0,1774.0,1775.0,1793.0,1801.0,1792.0,3520.0,5660.0,5652.0,3942.0,5011.0,0.0,1774.0,1774.0,1775.0
0.0,17977.0,5361.0,5324.0,11558.0,6119.0,741.0,5378.0,0.0,1775.0,1774.0,1775.0,1780.0,1791.0,1790.0,4928.0,3859.0,9190.0,741.0,5378.0,0.0,1775.0,1774.0,1775.0
0.0,24174.0,5324.0,5325.0,11773.0,3946.0,0.0,3946.0,0.0,1775.0,1775.0,1775.0,1778.0,1768.0,1778.0,8134.0,3492.0,12548.0,0.0,3946.0,0.0,1775.0,1775.0,1775.0
0.0,30623.0,5310.0,5325.0,8953.0,704.0,0.0,704.0,0.0,1775.0,1775.0,1775.0,1775.0,1769.0,1766.0,11706.0,4929.0,13988.0,0.0,704.0,0.0,1775.0,1775.0,1775.0
0.0,34266.0,5346.0,5326.0,6119.0,0.0,0.0,0.0,0.0,1775.0,1775.0,1776.0,1777.0,1784.0,1785.0,13873.0,8171.0,12222.0,0.0,0.0,0.0,1775.0,1775.0,1776.0
0.0,35039.0,5371.0,5328.0,3946.0,234.0,0.0,0.0,234.0,1776.0,1776.0,1776.0,1788.0,1792.0,1791.0,12837.0,11765.0,10437.0,0.0,0.0,234.0,1776.0,1776.0,1776.0
0.0,33614.0,5418.0,5331.0,704.0,2045.0,0.0,0.0,2045.0,1777.0,1777.0,1777.0,1813.0,1799.0,1806.0,11049.0,13919.0,8646.0,0.0,0.0,2045.0,1777.0,1777.0,1777.0
0.0,28900.0,5386.0,5332.0,0.0,5292.0,1450.0,0.0,3842.0,1777.0,1777.0,1778.0,1801.0,1793.0,1792.0,9236.0,12824.0,6840.0,1450.0,0.0,3842.0,1777.0,1777.0,1778.0
0.0,23514.0,5364.0,5334.0,234.0,8638.0,3245.0,0.0,5393.0,1778.0,1778.0,1778.0,1790.0,1789.0,1785.0,7435.0,11031.0,5048.0,3245.0,0.0,5393.0,1778.0,1778.0,1778.0
0.0,18384.0,5354.0,5334.0,2045.0,11595.0,5036.0,1429.0,5130.0,1778.0,1778.0,1778.0,1791.0,1781.0,1782.0,5645.0,9242.0,3497.0,5036.0,1429.0,5130.0,1778.0,1778.0,1778.0
0.0,15075.0,5347.0,5334.0,5292.0,11650.0,5369.0,3213.0,3068.0,1778.0,1778.0,1778.0,1783.0,1784.0,1780.0,3854.0,7461.0,3760.0,5369.0,3213.0,3068.0,1778.0,1778.0,1778.0
0.0,15020.0,5354.0,5336.0,8638.0,8903.0,3907.0,4996.0,0.0,1779.0,1778.0,1779.0,1778.0,1783.0,1793.0,3521.0,5677.0,5822.0,3907.0,4996.0,0.0,1779.0,1778.0,1779.0
0.0,18304.0,5376.0,5337.0,11595.0,6032.0,665.0,5367.0,0.0,1779.0,1779.0,1779.0,1794.0,1795.0,1787.0,4988.0,3894.0,9422.0,665.0,5367.0,0.0,1779.0,1779.0,1779.0
0.0,24523.0,5414.0,5340.0,9728.0,3957.0,0.0,3957.0,0.0,1780.0,1780.0,1780.0,1804.0,1798.0,1812.0,8230.0,3528.0,12765.0,0.0,3957.0,0.0,1780.0,1780.0,1780.0
0.0,28837.0,5389.0,5342.0,10825.0,755.0,0.0,755.0,0.0,1781.0,1780.0,1781.0,1804.0,1794.0,1791.0,9873.0,4943.0,14021.0,0.0,755.0,0.0,1781.0,1780.0,1781.0
0.0,34273.0,5385.0,5344.0,6032.0,0.0,0.0,0.0,0.0,1782.0,1781.0,1781.0,1797.0,1795.0,1793.0,13898.0,8145.0,12230.0,0.0,0.0,0.0,1782.0,1781.0,1781.0
0.0,34920.0,5387.0,5345.0,3957.0,271.0,0.0,0.0,271.0,1782.0,1781.0,1782.0,1791.0,1798.0,1798.0,12766.0,11717.0,10437.0,0.0,0.0,271.0,1782.0,1781.0,1782.0
0.0,33490.0,5351.0,5346.0,755.0,2061.0,0.0,0.0,2061.0,1782.0,1782.0,1782.0,1779.0,1782.0,1790.0,10975.0,13876.0,8639.0,0.0,0.0,2061.0,1782.0,1782.0,1782.0
0.0,28894.0,5366.0,5347.0,0.0,5368.0,1499.0,0.0,3869.0,1782.0,1782.0,1783.0,1785.0,1778.0,1803.0,9196.0,12849.0,6849.0,1499.0,0.0,3869.0,1782.0,1782.0,1783.0
0.0,23528.0,5391.0,5348.0,271.0,8705.0,3305.0,0.0,5400.0,1783.0,1782.0,1783.0,1801.0,1788.0,1802.0,7411.0,11071.0,5046.0,3305.0,0.0,5400.0,1783.0,1782.0,1783.0
0.0,18408.0,5390.0,5351.0,2061.0,11676.0,5111.0,1429.0,5136.0,1784.0,1783.0,1784.0,1801.0,1797.0,1792.0,5610.0,9283.0,3515.0,5111.0,1429.0,5136.0,1784.0,1783.0,1784.0
0.0,15079.0,5415.0,5354.0,5368.0,11738.0,5416.0,3247.0,3075.0,1785.0,1784.0,1785.0,1799.0,1813.0,1803.0,3809.0,7486.0,3784.0,5416.0,3247.0,3075.0,1785.0,1784.0,1785.0
0.0,15032.0,5409.0,5354.0,8705.0,8963.0,3916.0,5047.0,0.0,1785.0,1784.0,1785.0,1805.0,1800.0,1804.0,3509.0,5673.0,5850.0,3916.0,5047.0,0.0,1785.0,1784.0,1785.0
0.0,18328.0,5395.0,5356.0,11676.0,6020.0,603.0,5417.0,0.0,1785.0,1785.0,1786.0,1798.0,1794.0,1803.0,5009.0,3873.0,9446.0,603.0,5417.0,0.0,1785.0,1785.0,1786.0
0.0,24609.0,5372.0,5356.0,11738.0,3954.0,0.0,3954.0,0.0,1785.0,1785.0,1786.0,1786.0,1784.0,1802.0,8322.0,3508.0,12779.0,0.0,3954.0,0.0,1785.0,1785.0,1786.0
0.0,30975.0,5384.0,5357.0,8963.0,698.0,0.0,698.0,0.0,1786.0,1785.0,1786.0,1797.0,1791.0,1796.0,11952.0,4971.0,14052.0,0.0,698.0,0.0,1786.0,1785.0,1786.0
0.0,34554.0,5387.0,5357.0,6020.0,0.0,0.0,0.0,0.0,1786.0,1785.0,1786.0,1799.0,1798.0,1790.0,14071.0,8227.0,12256.0,0.0,0.0,0.0,1786.0,1785.0,1786.0
0.0,35187.0,5399.0,5360.0,3954.0,270.0,0.0,0.0,270.0,1787.0,1786.0,1787.0,1806.0,1792.0,1801.0,12875.0,11846.0,10466.0,0.0,0.0,270.0,1787.0,1786.0,1787.0
0.0,33742.0,5412.0,5362.0,698.0,2077.0,0.0,0.0,2077.0,1788.0,1786.0,1788.0,1804.0,1806.0,1802.0,11069.0,14008.0,8665.0,0.0,0.0,2077.0,1788.0,1786.0,1788.0
0.0,29028.0,5411.0,5363.0,0.0,5351.0,1471.0,0.0,3880.0,1788.0,1787.0,1788.0,1796.0,1812.0,1803.0,9265.0,12900.0,6863.0,1471.0,0.0,3880.0,1788.0,1787.0,1788.0
0.0,23617.0,5397.0,5364.0,270.0,8684.0,3264.0,0.0,5420.0,1788.0,1787.0,1789.0,1793.0,1799.0,1805.0,7469.0,11088.0,5060.0,3264.0,0.0,5420.0,1788.0,1787.0,1789.0
0.0,18490.0,5383.0,5365.0,2077.0,11641.0,5068.0,1435.0,5138.0,1789.0,1787.0,1789.0,1799.0,1789.0,1795.0,5676.0,9289.0,3525.0,5068.0,1435.0,5138.0,1789.0,1787.0,1789.0
0.0,15184.0,5384.0,5365.0,5351.0,11674.0,5387.0,3231.0,3056.0,1789.0,1787.0,1789.0,1790.0,1796.0,1798.0,3877.0,7500.0,3807.0,5387.0,3231.0,3056.0,1789.0,1787.0,1789.0
0.0,15151.0,5408.0,5368.0,8684.0,8968.0,3934.0,5034.0,0.0,1790.0,1788.0,1790.0,1806.0,1798.0,1804.0,3558.0,5704.0,5889.0,3934.0,5034.0,0.0,1790.0,1788.0,1790.0
0.0,18427.0,5428.0,5370.0,11641.0,6091.0,674.0,5417.0,0.0,1790.0,1789.0,1791.0,1808.0,1813.0,1807.0,5016.0,3906.0,9505.0,674.0,5417.0,0.0,1790.0,1789.0,1791.0
0.0,24640.0,5422.0,5371.0,11004.0,3994.0,0.0,3994.0,0.0,1791.0,1789.0,1791.0,1807.0,1808.0,1807.0,8276.0,3528.0,12836.0,0.0,3994.0,0.0,1791.0,1789.0,1791.0
0.0,30222.0,5417.0,5373.0,9638.0,777.0,0.0,777.0,0.0,1791.0,1790.0,1792.0,1795.0,1812.0,1810.0,11186.0,4951.0,14085.0,0.0,777.0,0.0,1791.0,1790.0,1792.0
0.0,34443.0,5394.0,5373.0,6091.0,0.0,0.0,0.0,0.0,1791.0,1790.0,1792.0,1797.0,1791.0,1806.0,13995.0,8173.0,12275.0,0.0,0.0,0.0,1791.0,1790.0,1792.0
0.0,35140.0,5370.0,5374.0,1704.0,282.0,0.0,0.0,282.0,1792.0,1790.0,1792.0,1802.0,1777.0,1791.0,12872.0,11799.0,10469.0,0.0,0.0,282.0,1792.0,1790.0,1792.0
0.0,31474.0,5393.0,5375.0,3067.0,2083.0,0.0,0.0,2083.0,1792.0,1790.0,1793.0,1795.0,1802.0,1796.0,11070.0,11726.0,8678.0,0.0,0.0,2083.0,1792.0,1790.0,1793.0
0.0,29148.0,5422.0,5376.0,0.0,5375.0,1493.0,0.0,3882.0,1792.0,1791.0,1793.0,1808.0,1815.0,1799.0,9275.0,12991.0,6882.0,1493.0,0.0,3882.0,1792.0,1791.0,1793.0
0.0,23726.0,5425.0,5379.0,282.0,8721.0,3312.0,0.0,5409.0,1793.0,1792.0,1794.0,1814.0,1807.0,1804.0,7467.0,11176.0,5083.0,3312.0,0.0,5409.0,1793.0,1792.0,1794.0
0.0,18583.0,5435.0,5380.0,2083.0,11669.0,5123.0,1405.0,5141.0,1794.0,1792.0,1794.0,1806.0,1814.0,1815.0,5653.0,9369.0,3561.0,5123.0,1405.0,5141.0,1794.0,1792.0,1794.0
0.0,15231.0,5435.0,5382.0,5375.0,11739.0,5435.0,3224.0,3080.0,1794.0,1793.0,1795.0,1805.0,1814.0,1816.0,3847.0,7555.0,3829.0,5435.0,3224.0,3080.0,1794.0,1793.0,1795.0
0.0,15171.0,5414.0,5382.0,8721.0,8957.0,3926.0,5031.0,0.0,1794.0,1793.0,1795.0,1803.0,1807.0,1804.0,3535.0,5741.0,5895.0,3926.0,5031.0,0.0,1794.0,1793.0,1795.0
0.0,18478.0,5395.0,5384.0,11669.0,6044.0,611.0,5433.0,0.0,1795.0,1794.0,1795.0,1803.0,1802.0,1790.0,5044.0,3934.0,9500.0,611.0,5433.0,0.0,1795.0,1794.0,1795.0
0.0,24752.0,5399.0,5384.0,11739.0,4014.0,0.0,4014.0,0.0,1795.0,1794.0,1795.0,1796.0,1805.0,1798.0,8364.0,3537.0,12851.0,0.0,4014.0,0.0,1795.0,1794.0,1795.0
0.0,31092.0,5402.0,5386.0,8957.0,790.0,0.0,790.0,0.0,1795.0,1795.0,1796.0,1807.0,1802.0,1793.0,12003.0,4956.0,14133.0,0.0,790.0,0.0,1795.0,1795.0,1796.0
0.0,34647.0,5465.0,5388.0,6044.0,0.0,0.0,0.0,0.0,1796.0,1795.0,1797.0,1830.0,1815.0,1820.0,14122.0,8185.0,12340.0,0.0,0.0,0.0,1796.0,1795.0,1797.0
0.0,35226.0,5465.0,5391.0,4014.0,301.0,0.0,0.0,301.0,1797.0,1796.0,1798.0,1815.0,1819.0,1831.0,12903.0,11803.0,10520.0,0.0,0.0,301.0,1797.0,1796.0,1798.0
0.0,33775.0,5445.0,5392.0,790.0,2128.0,0.0,0.0,2128.0,1797.0,1797.0,1798.0,1803.0,1815.0,1827.0,11088.0,13998.0,8689.0,0.0,0.0,2128.0,1797.0,1797.0,1798.0
0.0,29120.0,5425.0,5394.0,0.0,5459.0,1521.0,0.0,3938.0,1798.0,1797.0,1799.0,1816.0,1804.0,1805.0,9285.0,12973.0,6862.0,1521.0,0.0,3938.0,1798.0,1797.0,1799.0
0.0,23695.0,5399.0,5394.0,301.0,8755.0,3320.0,0.0,5435.0,1798.0,1797.0,1799.0,1799.0,1802.0,1798.0,7469.0,11169.0,5057.0,3320.0,0.0,5435.0,1798.0,1797.0,1799.0
0.0,18597.0,5386.0,5394.0,2128.0,11631.0,5112.0,1416.0,5103.0,1798.0,1797.0,1799.0,1792.0,1798.0,1796.0,5670.0,9367.0,3560.0,5112.0,1416.0,5103.0,1798.0,1797.0,1799.0
0.0,15339.0,5438.0,5397.0,5459.0,11625.0,5413.0,3229.0,2983.0,1799.0,1798.0,1800.0,1817.0,1808.0,1813.0,3878.0,7569.0,3892.0,5413.0,3229.0,2983.0,1799.0,1798.0,1800.0
0.0,15360.0,5474.0,5400.0,8755.0,8982.0,3922.0,5060.0,0.0,1800.0,1799.0,1801.0,1824.0,1826.0,1824.0,3582.0,5761.0,6017.0,3922.0,5060.0,0.0,1800.0,1799.0,1801.0
0.0,18641.0,5458.0,5403.0,11631.0,6095.0,630.0,5465.0,0.0,1801.0,1800.0,1802.0,1815.0,1816.0,1827.0,5078.0,3935.0,9628.0,630.0,5465.0,0.0,1801.0,1800.0,1802.0
0.0,24814.0,5456.0,5403.0,9782.0,4056.0,0.0,4056.0,0.0,1801.0,1800.0,1802.0,1813.0,1820.0,1823.0,8375.0,3535.0,12904.0,0.0,4056.0,0.0,1801.0,1800.0,1802.0
0.0,29140.0,5418.0,5403.0,9623.0,798.0,0.0,798.0,0.0,1801.0,1800.0,1802.0,1813.0,1802.0,1803.0,10132.0,4944.0,14064.0,0.0,798.0,0.0,1801.0,1800.0,1802.0
0.0,33345.0,5407.0,5404.0,6165.0,0.0,0.0,0.0,0.0,1801.0,1801.0,1802.0,1801.0,1805.0,1801.0,12882.0,8202.0,12261.0,0.0,0.0,0.0,1801.0,1801.0,1802.0
0.0,34103.0,5406.0,5404.0,3165.0,347.0,0.0,0.0,347.0,1801.0,1801.0,1802.0,1803.0,1806.0,1797.0,12913.0,10730.0,10460.0,0.0,0.0,347.0,1801.0,1801.0,1802.0
0.0,31862.0,5460.0,5407.0,2821.0,2176.0,0.0,0.0,2176.0,1802.0,1802.0,1803.0,1824.0,1812.0,1824.0,11110.0,12089.0,8663.0,0.0,0.0,2176.0,1802.0,1802.0,1803.0
0.0,29223.0,5474.0,5409.0,0.0,5566.0,1556.0,0.0,4010.0,1803.0,1802.0,1804.0,1827.0,1818.0,1829.0,9286.0,13098.0,6839.0,1556.0,0.0,4010.0,1803.0,1802.0,1804.0
0.0,23749.0,5460.0,5412.0,347.0,8869.0,3374.0,0.0,5495.0,1804.0,1803.0,1805.0,1813.0,1820.0,1827.0,7459.0,11280.0,5010.0,3374.0,0.0,5495.0,1804.0,1803.0,1805.0
0.0,18636.0,5452.0,5413.0,2176.0,11705.0,5187.0,1388.0,5130.0,1804.0,1804.0,1805.0,1813.0,1828.0,1811.0,5646.0,9460.0,3530.0,5187.0,1388.0,5130.0,1804.0,1804.0,1805.0
0.0,15360.0,5426.0,5413.0,5566.0,11565.0,5442.0,3200.0,2923.0,1804.0,1804.0,1805.0,1811.0,1812.0,1803.0,3833.0,7632.0,3895.0,5442.0,3200.0,2923.0,1804.0,1804.0,1805.0
0.0,15500.0,5423.0,5413.0,8869.0,8886.0,3878.0,5008.0,0.0,1804.0,1804.0,1805.0,1810.0,1808.0,1805.0,3578.0,5820.0,6102.0,3878.0,5008.0,0.0,1804.0,1804.0,1805.0
0.0,18946.0,5439.0,5415.0,11705.0,5942.0,511.0,5431.0,0.0,1805.0,1804.0,1806.0,1815.0,1811.0,1813.0,5142.0,4012.0,9792.0,511.0,5431.0,0.0,1805.0,1804.0,1806.0
0.0,25212.0,5460.0,5416.0,11565.0,4060.0,0.0,4060.0,0.0,1805.0,1805.0,1806.0,1819.0,1824.0,1817.0,8514.0,3589.0,13109.0,0.0,4060.0,0.0,1805.0,1805.0,1806.0
0.0,31317.0,5489.0,5419.0,8886.0,893.0,0.0,893.0,0.0,1806.0,1806.0,1807.0,1831.0,1836.0,1822.0,12137.0,4965.0,14215.0,0.0,893.0,0.0,1806.0,1806.0,1807.0
0.0,34714.0,5476.0,5421.0,5942.0,0.0,0.0,0.0,0.0,1807.0,1807.0,1807.0,1826.0,1827.0,1823.0,14184.0,8137.0,12393.0,0.0,0.0,0.0,1807.0,1807.0,1807.0
0.0,35180.0,5462.0,5422.0,4060.0,294.0,0.0,0.0,294.0,1807.0,1807.0,1808.0,1819.0,1819.0,1824.0,12869.0,11741.0,10570.0,0.0,0.0,294.0,1807.0,1807.0,1808.0
0.0,33778.0,5450.0,5423.0,893.0,2114.0,0.0,0.0,2114.0,1807.0,1808.0,1808.0,1811.0,1819.0,1820.0,11050.0,13982.0,8746.0,0.0,0.0,2114.0,1807.0,1808.0,1808.0
0.0,29221.0,5430.0,5424.0,0.0,5540.0,1616.0,0.0,3924.0,1808.0,1808.0,1808.0,1815.0,1805.0,1810.0,9239.0,13056.0,6926.0,1616.0,0.0,3924.0,1808.0,1808.0,1808.0
0.0,23791.0,5453.0,5425.0,294.0,8883.0,3426.0,0.0,5457.0,1808.0,1808.0,1809.0,1810.0,1821.0,1822.0,7424.0,11251.0,5116.0,3426.0,0.0,5457.0,1808.0,1808.0,1809.0
0.0,18632.0,5464.0,5426.0,2114.0,11848.0,5246.0,1439.0,5163.0,1808.0,1809.0,1809.0,1820.0,1824.0,1820.0,5614.0,9430.0,3588.0,5246.0,1439.0,5163.0,1808.0,1809.0,1809.0
0.0,15282.0,5482.0,5427.0,5540.0,11795.0,5470.0,3260.0,3065.0,1809.0,1809.0,1809.0,1835.0,1821.0,1826.0,3794.0,7606.0,3882.0,5470.0,3260.0,3065.0,1809.0,1809.0,1809.0
0.0,15340.0,5484.0,5430.0,8883.0,8970.0,3884.0,5086.0,0.0,1810.0,1810.0,1810.0,1835.0,1821.0,1828.0,3575.0,5785.0,5980.0,3884.0,5086.0,0.0,1810.0,1810.0,1810.0
0.0,18739.0,5475.0,5432.0,11848.0,5947.0,466.0,5481.0,0.0,1810.0,1811.0,1811.0,1828.0,1829.0,1818.0,5166.0,3964.0,9609.0,466.0,5481.0,0.0,1810.0,1811.0,1811.0
0.0,25112.0,5458.0,5433.0,11795.0,4044.0,0.0,4044.0,0.0,1811.0,1811.0,1811.0,1816.0,1823.0,1819.0,8584.0,3574.0,12954.0,0.0,4044.0,0.0,1811.0,1811.0,1811.0
0.0,31449.0,5440.0,5433.0,8970.0,774.0,0.0,774.0,0.0,1811.0,1811.0,1811.0,1811.0,1816.0,1813.0,12238.0,5011.0,14200.0,0.0,774.0,0.0,1811.0,1811.0,1811.0
0.0,34979.0,5425.0,5433.0,5947.0,0.0,0.0,0.0,0.0,1811.0,1811.0,1811.0,1808.0,1803.0,1814.0,14311.0,8281.0,12387.0,0.0,0.0,0.0,1811.0,1811.0,1811.0
0.0,35501.0,5475.0,5436.0,4044.0,311.0,0.0,0.0,311.0,1812.0,1812.0,1812.0,1824.0,1827.0,1824.0,12969.0,11959.0,10573.0,0.0,0.0,311.0,1812.0,1812.0,1812.0
0.0,34070.0,5513.0,5437.0,774.0,2142.0,0.0,0.0,2142.0,1812.0,1813.0,1812.0,1839.0,1843.0,1831.0,11145.0,14176.0,8749.0,0.0,0.0,2142.0,1812.0,1813.0,1812.0
0.0,29331.0,5478.0,5440.0,0.0,5552.0,1581.0,0.0,3971.0,1813.0,1814.0,1813.0,1822.0,1832.0,1824.0,9306.0,13107.0,6918.0,1581.0,0.0,3971.0,1813.0,1814.0,1813.0
0.0,23853.0,5482.0,5440.0,311.0,8898.0,3410.0,0.0,5488.0,1813.0,1814.0,1813.0,1829.0,1825.0,1828.0,7484.0,11275.0,5094.0,3410.0,0.0,5488.0,1813.0,1814.0,1813.0
0.0,18682.0,5483.0,5442.0,2142.0,11869.0,5236.0,1448.0,5185.0,1814.0,1814.0,1814.0,1821.0,1828.0,1834.0,5655.0,9450.0,3577.0,5236.0,1448.0,5185.0,1814.0,1814.0,1814.0
0.0,15341.0,5451.0,5442.0,5552.0,11768.0,5469.0,3266.0,3033.0,1814.0,1814.0,1814.0,1814.0,1818.0,1819.0,3834.0,7622.0,3885.0,5469.0,3266.0,3033.0,1814.0,1814.0,1814.0
0.0,15442.0,5464.0,5443.0,8898.0,8969.0,3872.0,5097.0,0.0,1814.0,1815.0,1814.0,1813.0,1826.0,1825.0,3601.0,5804.0,6037.0,3872.0,5097.0,0.0,1814.0,1815.0,1814.0
0.0,18876.0,5480.0,5446.0,11869.0,5956.0,466.0,5490.0,0.0,1815.0,1816.0,1815.0,1825.0,1836.0,1819.0,5198.0,3978.0,9700.0,466.0,5490.0,0.0,1815.0,1816.0,1815.0
0.0,25265.0,5511.0,5448.0,11768.0,4063.0,0.0,4063.0,0.0,1815.0,1817.0,1816.0,1842.0,1834.0,1835.0,8609.0,3590.0,13066.0,0.0,4063.0,0.0,1815.0,1817.0,1816.0
0.0,31522.0,5486.0,5449.0,8969.0,793.0,0.0,793.0,0.0,1816.0,1817.0,1816.0,1823.0,1827.0,1836.0,12236.0,5022.0,14264.0,0.0,793.0,0.0,1816.0,1817.0,1816.0
0.0,35005.0,5501.0,5452.0,5956.0,0.0,0.0,0.0,0.0,1817.0,1818.0,1817.0,1836.0,1837.0,1828.0,14285.0,8292.0,12428.0,0.0,0.0,0.0,1817.0,1818.0,1817.0
0.0,35460.0,5491.0,5453.0,4063.0,329.0,0.0,0.0,329.0,1817.0,1818.0,1818.0,1825.0,1827.0,1839.0,12915.0,11945.0,10600.0,0.0,0.0,329.0,1817.0,1818.0,1818.0
0.0,34032.0,5482.0,5453.0,793.0,2151.0,0.0,0.0,2151.0,1817.0,1818.0,1818.0,1833.0,1827.0,1822.0,11090.0,14181.0,8761.0,0.0,0.0,2151.0,1817.0,1818.0,1818.0
0.0,29343.0,5446.0,5453.0,0.0,5606.0,1639.0,0.0,3967.0,1817.0,1818.0,1818.0,1811.0,1819.0,1816.0,9257.0,13147.0,6939.0,1639.0,0.0,3967.0,1817.0,1818.0,1818.0
0.0,23897.0,5468.0,5455.0,329.0,8934.0,3478.0,0.0,5456.0,1818.0,1819.0,1818.0,1834.0,1816.0,1818.0,7446.0,11328.0,5123.0,3478.0,0.0,5456.0,1818.0,1819.0,1818.0
0.0,18758.0,5519.0,5457.0,2151.0,11895.0,5329.0,1424.0,5142.0,1819.0,1819.0,1819.0,1846.0,1841.0,1832.0,5612.0,9512.0,3634.0,5329.0,1424.0,5142.0,1819.0,1819.0,1819.0
0.0,15390.0,5520.0,5459.0,5606.0,11819.0,5531.0,3276.0,3012.0,1820.0,1820.0,1819.0,1836.0,1847.0,1837.0,3766.0,7671.0,3953.0,5531.0,3276.0,3012.0,1820.0,1820.0,1819.0
0.0,15476.0,5499.0,5461.0,8934.0,8996.0,3879.0,5117.0,0.0,1820.0,1821.0,1820.0,1826.0,1836.0,1837.0,3569.0,5824.0,6083.0,3879.0,5117.0,0.0,1820.0,1821.0,1820.0
0.0,18911.0,5504.0,5462.0,11895.0,5912.0,381.0,5531.0,0.0,1820.0,1821.0,1821.0,1831.0,1838.0,1835.0,5221.0,3988.0,9702.0,381.0,5531.0,0.0,1820.0,1821.0,1821.0
0.0,25302.0,5492.0,5462.0,9506.0,4082.0,0.0,4082.0,0.0,1820.0,1821.0,1821.0,1831.0,1827.0,1834.0,8719.0,3574.0,13009.0,0.0,4082.0,0.0,1820.0,1821.0,1821.0
0.0,29316.0,5472.0,5463.0,10212.0,787.0,0.0,787.0,0.0,1821.0,1821.0,1821.0,1825.0,1822.0,1825.0,10106.0,5023.0,14187.0,0.0,787.0,0.0,1821.0,1821.0,1821.0
0.0,34056.0,5503.0,5464.0,6745.0,0.0,0.0,0.0,0.0,1821.0,1822.0,1821.0,1837.0,1836.0,1830.0,13376.0,8318.0,12362.0,0.0,0.0,0.0,1821.0,1822.0,1821.0
0.0,35298.0,5539.0,5467.0,1986.0,418.0,0.0,0.0,418.0,1822.0,1823.0,1822.0,1852.0,1847.0,1840.0,13017.0,11749.0,10532.0,0.0,0.0,418.0,1822.0,1823.0,1822.0
0.0,31745.0,5523.0,5470.0,3147.0,2263.0,0.0,0.0,2263.0,1823.0,1824.0,1823.0,1842.0,1841.0,1840.0,11165.0,11888.0,8692.0,0.0,0.0,2263.0,1823.0,1824.0,1823.0
0.0,29369.0,5502.0,5470.0,0.0,5727.0,1626.0,0.0,4101.0,1823.0,1824.0,1823.0,1834.0,1830.0,1838.0,9323.0,13194.0,6852.0,1626.0,0.0,4101.0,1823.0,1824.0,1823.0
0.0,23867.0,5496.0,5471.0,418.0,8980.0,3468.0,0.0,5512.0,1824.0,1824.0,1823.0,1837.0,1830.0,1829.0,7489.0,11364.0,5014.0,3468.0,0.0,5512.0,1824.0,1824.0,1823.0
0.0,18789.0,5484.0,5472.0,2263.0,11792.0,5300.0,1423.0,5069.0,1824.0,1825.0,1823.0,1832.0,1832.0,1820.0,5652.0,9534.0,3603.0,5300.0,1423.0,5069.0,1824.0,1825.0,1823.0
0.0,15568.0,5487.0,5472.0,5727.0,11552.0,5506.0,3245.0,2801.0,1824.0,1825.0,1823.0,1832.0,1822.0,1833.0,3820.0,7702.0,4046.0,5506.0,3245.0,2801.0,1824.0,1825.0,1823.0
0.0,15808.0,5518.0,5474.0,8980.0,8967.0,3885.0,5082.0,0.0,1825.0,1825.0,1824.0,1842.0,1837.0,1839.0,3614.0,5880.0,6314.0,3885.0,5082.0,0.0,1825.0,1825.0,1824.0
0.0,19270.0,5538.0,5477.0,11792.0,5945.0,441.0,5504.0,0.0,1826.0,1826.0,1825.0,1851.0,1840.0,1847.0,5240.0,4043.0,9987.0,441.0,5504.0,0.0,1826.0,1826.0,1825.0
0.0,25524.0,5548.0,5480.0,11552.0,4108.0,0.0,4108.0,0.0,1827.0,1827.0,1826.0,1851.0,1844.0,1853.0,8689.0,3626.0,13209.0,0.0,4108.0,0.0,1827.0,1827.0,1826.0
0.0,31528.0,5521.0,5480.0,8967.0,872.0,0.0,872.0,0.0,1827.0,1827.0,1826.0,1839.0,1846.0,1836.0,12344.0,5027.0,14157.0,0.0,872.0,0.0,1827.0,1827.0,1826.0
0.0,34974.0,5508.0,5481.0,5945.0,0.0,0.0,0.0,0.0,1827.0,1828.0,1826.0,1834.0,1841.0,1833.0,14390.0,8263.0,12321.0,0.0,0.0,0.0,1827.0,1828.0,1826.0
0.0,35411.0,5487.0,5482.0,4108.0,466.0,0.0,0.0,466.0,1828.0,1828.0,1826.0,1836.0,1827.0,1824.0,12997.0,11926.0,10488.0,0.0,0.0,466.0,1828.0,1828.0,1826.0
0.0,34032.0,5482.0,5483.0,872.0,2297.0,0.0,0.0,2297.0,1828.0,1828.0,1827.0,1832.0,1824.0,1826.0,11161.0,14207.0,8664.0,0.0,0.0,2297.0,1828.0,1828.0,1827.0
0.0,29422.0,5522.0,5484.0,0.0,5803.0,1660.0,0.0,4143.0,1829.0,1828.0,1827.0,1844.0,1832.0,1846.0,9329.0,13255.0,6838.0,1660.0,0.0,4143.0,1829.0,1828.0,1827.0
0.0,23900.0,5557.0,5487.0,466.0,9053.0,3520.0,0.0,5533.0,1830.0,1829.0,1828.0,1855.0,1851.0,1851.0,7485.0,11423.0,4992.0,3520.0,0.0,5533.0,1830.0,1829.0,1828.0
0.0,18809.0,5555.0,5489.0,2297.0,11894.0,5365.0,1435.0,5094.0,1830.0,1830.0,1829.0,1845.0,1857.0,1853.0,5630.0,9572.0,3607.0,5365.0,1435.0,5094.0,1830.0,1830.0,1829.0
0.0,15551.0,5537.0,5491.0,5803.0,11638.0,5553.0,3284.0,2801.0,1831.0,1830.0,1830.0,1843.0,1849.0,1845.0,3785.0,7715.0,4051.0,5553.0,3284.0,2801.0,1831.0,1830.0,1830.0
0.0,15817.0,5501.0,5491.0,9053.0,8980.0,3871.0,5109.0,0.0,1831.0,1830.0,1830.0,1838.0,1825.0,1838.0,3602.0,5866.0,6349.0,3871.0,5109.0,0.0,1831.0,1830.0,1830.0
0.0,19369.0,5488.0,5491.0,11894.0,5844.0,339.0,5505.0,0.0,1831.0,1830.0,1830.0,1833.0,1831.0,1824.0,5284.0,4041.0,10044.0,339.0,5505.0,0.0,1831.0,1830.0,1830.0
0.0,25775.0,5507.0,5492.0,11173.0,4065.0,0.0,4065.0,0.0,1831.0,1831.0,1830.0,1834.0,1839.0,1834.0,8816.0,3645.0,13314.0,0.0,4065.0,0.0,1831.0,1831.0,1830.0
0.0,31441.0,5533.0,5494.0,9445.0,803.0,0.0,803.0,0.0,1832.0,1831.0,1831.0,1838.0,1847.0,1848.0,12070.0,5090.0,14281.0,0.0,803.0,0.0,1832.0,1831.0,1831.0
0.0,35353.0,5554.0,5496.0,5844.0,0.0,0.0,0.0,0.0,1832.0,1832.0,1832.0,1858.0,1842.0,1854.0,14568.0,8352.0,12433.0,0.0,0.0,0.0,1832.0,1832.0,1832.0
0.0,35643.0,5555.0,5497.0,3796.0,437.0,0.0,0.0,437.0,1833.0,1832.0,1832.0,1849.0,1850.0,1856.0,13049.0,12015.0,10579.0,0.0,0.0,437.0,1833.0,1832.0,1832.0
0.0,33884.0,5538.0,5500.0,1072.0,2288.0,0.0,0.0,2288.0,1834.0,1833.0,1833.0,1847.0,1845.0,1846.0,11200.0,13961.0,8723.0,0.0,0.0,2288.0,1834.0,1833.0,1833.0
0.0,29418.0,5521.0,5500.0,0.0,5787.0,1659.0,0.0,4128.0,1834.0,1833.0,1833.0,1842.0,1839.0,1840.0,9353.0,13188.0,6877.0,1659.0,0.0,4128.0,1834.0,1833.0,1833.0
0.0,23897.0,5503.0,5500.0,437.0,9022.0,3493.0,0.0,5529.0,1834.0,1833.0,1833.0,1834.0,1831.0,1838.0,7511.0,11349.0,5037.0,3493.0,0.0,5529.0,1834.0,1833.0,1833.0
0.0,18831.0,5515.0,5502.0,2288.0,11906.0,5326.0,1489.0,5091.0,1834.0,1834.0,1834.0,1833.0,1837.0,1845.0,5677.0,9518.0,3636.0,5326.0,1489.0,5091.0,1834.0,1834.0,1834.0
0.0,15604.0,5543.0,5503.0,5787.0,11667.0,5521.0,3332.0,2814.0,1835.0,1834.0,1834.0,1849.0,1843.0,1851.0,3844.0,7681.0,4079.0,5521.0,3332.0,2814.0,1835.0,1834.0,1834.0
0.0,15848.0,5573.0,5505.0,9022.0,9073.0,3881.0,5192.0,0.0,1835.0,1835.0,1835.0,1853.0,1855.0,1865.0,3654.0,5838.0,6356.0,3881.0,5192.0,0.0,1835.0,1835.0,1835.0
0.0,19297.0,5562.0,5508.0,11906.0,5978.0,414.0,5564.0,0.0,1836.0,1836.0,1836.0,1854.0,1856.0,1852.0,5294.0,3983.0,10020.0,414.0,5564.0,0.0,1836.0,1836.0,1836.0
0.0,25641.0,5547.0,5509.0,11667.0,4086.0,0.0,4086.0,0.0,1837.0,1836.0,1836.0,1845.0,1854.0,1848.0,8766.0,3616.0,13259.0,0.0,4086.0,0.0,1837.0,1836.0,1836.0
0.0,31761.0,5539.0,5510.0,9073.0,732.0,0.0,732.0,0.0,1837.0,1836.0,1837.0,1846.0,1838.0,1855.0,12442.0,5094.0,14225.0,0.0,732.0,0.0,1837.0,1836.0,1837.0
0.0,35295.0,5526.0,5510.0,5978.0,0.0,0.0,0.0,0.0,1837.0,1836.0,1837.0,1849.0,1832.0,1845.0,14477.0,8448.0,12370.0,0.0,0.0,0.0,1837.0,1836.0,1837.0
0.0,35747.0,5538.0,5512.0,4086.0,519.0,0.0,0.0,519.0,1837.0,1837.0,1838.0,1835.0,1849.0,1854.0,13042.0,12180.0,10525.0,0.0,0.0,519.0,1837.0,1837.0,1838.0
0.0,34295.0,5552.0,5513.0,732.0,2374.0,0.0,0.0,2374.0,1838.0,1837.0,1838.0,1846.0,1851.0,1855.0,11207.0,14417.0,8671.0,0.0,0.0,2374.0,1838.0,1837.0,1838.0
0.0,29475.0,5563.0,5516.0,0.0,5928.0,1688.0,0.0,4240.0,1839.0,1838.0,1839.0,1854.0,1848.0,1861.0,9361.0,13298.0,6816.0,1688.0,0.0,4240.0,1839.0,1838.0,1839.0
0.0,23912.0,5559.0,5517.0,519.0,9116.0,3537.0,0.0,5579.0,1839.0,1838.0,1840.0,1849.0,1857.0,1853.0,7507.0,11450.0,4955.0,3537.0,0.0,5579.0,1839.0,1838.0,1840.0
0.0,18872.0,5564.0,5519.0,2374.0,11913.0,5394.0,1463.0,5056.0,1840.0,1839.0,1840.0,1852.0,1861.0,1851.0,5658.0,9593.0,3621.0,5394.0,1463.0,5056.0,1840.0,1839.0,1840.0
0.0,15682.0,5535.0,5519.0,5928.0,11520.0,5551.0,3310.0,2659.0,1840.0,1839.0,1840.0,1845.0,1847.0,1843.0,3806.0,7732.0,4144.0,5551.0,3310.0,2659.0,1840.0,1839.0,1840.0
0.0,16075.0,5540.0,5520.0,9116.0,9019.0,3861.0,5158.0,0.0,1840.0,1839.0,1841.0,1847.0,1848.0,1845.0,3649.0,5885.0,6541.0,3861.0,5158.0,0.0,1840.0,1839.0,1841.0
0.0,19651.0,5528.0,5522.0,11913.0,5857.0,313.0,5544.0,0.0,1841.0,1840.0,1841.0,1841.0,1844.0,1843.0,5339.0,4037.0,10275.0,313.0,5544.0,0.0,1841.0,1840.0,1841.0
0.0,26036.0,5572.0,5522.0,9247.0,4092.0,0.0,4092.0,0.0,1841.0,1840.0,1841.0,1850.0,1858.0,1864.0,8892.0,3656.0,13488.0,0.0,4092.0,0.0,1841.0,1840.0,1841.0
0.0,29711.0,5589.0,5525.0,11292.0,792.0,0.0,792.0,0.0,1842.0,1841.0,1842.0,1874.0,1853.0,1862.0,10320.0,5108.0,14283.0,0.0,792.0,0.0,1842.0,1841.0,1842.0
0.0,35414.0,5577.0,5527.0,5857.0,0.0,0.0,0.0,0.0,1843.0,1841.0,1843.0,1864.0,1863.0,1850.0,14580.0,8413.0,12421.0,0.0,0.0,0.0,1843.0,1841.0,1843.0
0.0,35694.0,5578.0,5529.0,1803.0,508.0,0.0,0.0,508.0,1843.0,1842.0,1844.0,1854.0,1865.0,1859.0,13029.0,12094.0,10571.0,0.0,0.0,508.0,1843.0,1842.0,1844.0
0.0,31919.0,5568.0,5530.0,3081.0,2366.0,0.0,0.0,2366.0,1843.0,1843.0,1844.0,1859.0,1851.0,1858.0,11175.0,12032.0,8712.0,0.0,0.0,2366.0,1843.0,1843.0,1844.0
0.0,29432.0,5566.0,5531.0,0.0,5988.0,1762.0,0.0,4226.0,1844.0,1843.0,1844.0,1858.0,1848.0,1860.0,9316.0,13262.0,6854.0,1762.0,0.0,4226.0,1844.0,1843.0,1844.0
0.0,23866.0,5553.0,5532.0,508.0,9188.0,3611.0,0.0,5577.0,1844.0,1843.0,1845.0,1849.0,1850.0,1854.0,7458.0,11414.0,4994.0,3611.0,0.0,5577.0,1844.0,1843.0,1845.0
0.0,18821.0,5567.0,5533.0,2366.0,12045.0,5467.0,1511.0,5067.0,1845.0,1843.0,1845.0,1851.0,1860.0,1856.0,5609.0,9564.0,3648.0,5467.0,1511.0,5067.0,1845.0,1843.0,1845.0
0.0,15620.0,5594.0,5535.0,5988.0,11661.0,5573.0,3385.0,2703.0,1845.0,1844.0,1846.0,1868.0,1869.0,1857.0,3758.0,7704.0,4158.0,5573.0,3385.0,2703.0,1845.0,1844.0,1846.0
0.0,16014.0,5599.0,5537.0,9188.0,9092.0,3833.0,5259.0,0.0,1846.0,1845.0,1846.0,1866.0,1869.0,1864.0,3652.0,5835.0,6527.0,3833.0,5259.0,0.0,1846.0,1845.0,1846.0
0.0,19603.0,5591.0,5540.0,12045.0,5846.0,232.0,5614.0,0.0,1847.0,1846.0,1847.0,1861.0,1861.0,1869.0,5397.0,3966.0,10240.0,232.0,5614.0,0.0,1847.0,1846.0,1847.0
0.0,26057.0,5572.0,5540.0,11661.0,4082.0,0.0,4082.0,0.0,1847.0,1846.0,1847.0,1861.0,1853.0,1858.0,9003.0,3616.0,13438.0,0.0,4082.0,0.0,1847.0,1846.0,1847.0
0.0,32146.0,5562.0,5541.0,9092.0,679.0,0.0,679.0,0.0,1847.0,1846.0,1848.0,1852.0,1856.0,1854.0,12715.0,5148.0,14283.0,0.0,679.0,0.0,1847.0,1846.0,1848.0
0.0,35676.0,5556.0,5542.0,5846.0,0.0,0.0,0.0,0.0,1847.0,1847.0,1848.0,1843.0,1863.0,1850.0,14696.0,8551.0,12429.0,0.0,0.0,0.0,1847.0,1847.0,1848.0
0.0,35966.0,5573.0,5544.0,4082.0,526.0,0.0,0.0,526.0,1848.0,1847.0,1849.0,1857.0,1856.0,1860.0,13085.0,12302.0,10579.0,0.0,0.0,526.0,1848.0,1847.0,1849.0
0.0,34475.0,5593.0,5545.0,679.0,2389.0,0.0,0.0,2389.0,1848.0,1848.0,1849.0,1869.0,1861.0,1863.0,11228.0,14528.0,8719.0,0.0,0.0,2389.0,1848.0,1848.0,1849.0
0.0,29561.0,5625.0,5548.0,0.0,6028.0,1757.0,0.0,4271.0,1849.0,1849.0,1850.0,1871.0,1877.0,1877.0,9359.0,13346.0,6856.0,1757.0,0.0,4271.0,1849.0,1849.0,1850.0
0.0,23936.0,5599.0,5549.0,526.0,9239.0,3619.0,0.0,5620.0,1849.0,1849.0,1851.0,1862.0,1867.0,1870.0,7488.0,11469.0,4979.0,3619.0,0.0,5620.0,1849.0,1849.0,1851.0
0.0,18863.0,5584.0,5551.0,2389.0,12087.0,5485.0,1508.0,5094.0,1850.0,1850.0,1851.0,1861.0,1860.0,1863.0,5626.0,9602.0,3635.0,5485.0,1508.0,5094.0,1850.0,1850.0,1851.0
0.0,15668.0,5571.0,5551.0,6028.0,11630.0,5581.0,3369.0,2680.0,1850.0,1850.0,1851.0,1853.0,1861.0,1857.0,3765.0,7742.0,4161.0,5581.0,3369.0,2680.0,1850.0,1850.0,1851.0
0.0,16125.0,5548.0,5551.0,9239.0,9031.0,3809.0,5222.0,0.0,1850.0,1850.0,1851.0,1847.0,1853.0,1848.0,3669.0,5881.0,6575.0,3809.0,5222.0,0.0,1850.0,1850.0,1851.0
0.0,19816.0,5582.0,5553.0,11953.0,5909.0,325.0,5584.0,0.0,1850.0,1851.0,1852.0,1867.0,1865.0,1850.0,5441.0,4028.0,10347.0,325.0,5584.0,0.0,1850.0,1851.0,1852.0
0.0,26187.0,5636.0,5556.0,10458.0,4105.0,0.0,4105.0,0.0,1851.0,1852.0,1853.0,1877.0,1885.0,1874.0,8925.0,3671.0,13591.0,0.0,4105.0,0.0,1851.0,1852.0,1853.0
0.0,31009.0,5604.0,5558.0,10337.0,759.0,0.0,759.0,0.0,1852.0,1853.0,1853.0,1868.0,1871.0,1865.0,11457.0,5155.0,14397.0,0.0,759.0,0.0,1852.0,1853.0,1853.0
0.0,35742.0,5602.0,5559.0,5909.0,0.0,0.0,0.0,0.0,1852.0,1853.0,1854.0,1857.0,1866.0,1879.0,14704.0,8506.0,12532.0,0.0,0.0,0.0,1852.0,1853.0,1854.0
0.0,36049.0,5575.0,5559.0,3806.0,473.0,0.0,0.0,473.0,1852.0,1853.0,1854.0,1858.0,1861.0,1856.0,13172.0,12224.0,10653.0,0.0,0.0,473.0,1852.0,1853.0,1854.0
0.0,34280.0,5578.0,5559.0,1058.0,2337.0,0.0,0.0,2337.0,1852.0,1853.0,1854.0,1853.0,1861.0,1864.0,11314.0,14169.0,8797.0,0.0,0.0,2337.0,1852.0,1853.0,1854.0
0.0,29760.0,5573.0,5562.0,0.0,5854.0,1658.0,0.0,4196.0,1853.0,1854.0,1855.0,1854.0,1865.0,1854.0,9461.0,13366.0,6933.0,1658.0,0.0,4196.0,1853.0,1854.0,1855.0
0.0,24187.0,5584.0,5562.0,473.0,9106.0,3521.0,0.0,5585.0,1853.0,1854.0,1855.0,1863.0,1859.0,1862.0,7607.0,11501.0,5079.0,3521.0,0.0,5585.0,1853.0,1854.0,1855.0
0.0,19076.0,5634.0,5565.0,2337.0,12046.0,5410.0,1502.0,5134.0,1854.0,1855.0,1856.0,1884.0,1869.0,1881.0,5744.0,9642.0,3690.0,5410.0,1502.0,5134.0,1854.0,1855.0,1856.0
0.0,15779.0,5631.0,5568.0,5854.0,11838.0,5635.0,3382.0,2821.0,1855.0,1856.0,1857.0,1878.0,1875.0,1878.0,3860.0,7773.0,4146.0,5635.0,3382.0,2821.0,1855.0,1856.0,1857.0
0.0,16002.0,5607.0,5568.0,9106.0,9234.0,3979.0,5255.0,0.0,1855.0,1856.0,1857.0,1865.0,1873.0,1869.0,3640.0,5898.0,6464.0,3979.0,5255.0,0.0,1855.0,1856.0,1857.0
0.0,19501.0,5600.0,5571.0,12046.0,6067.0,440.0,5627.0,0.0,1856.0,1857.0,1858.0,1866.0,1869.0,1865.0,5296.0,4025.0,10180.0,440.0,5627.0,0.0,1856.0,1857.0,1858.0
0.0,25947.0,5574.0,5571.0,11838.0,4106.0,0.0,4106.0,0.0,1856.0,1857.0,1858.0,1858.0,1861.0,1855.0,8840.0,3658.0,13449.0,0.0,4106.0,0.0,1856.0,1857.0,1858.0
0.0,32211.0,5579.0,5571.0,9234.0,707.0,0.0,707.0,0.0,1856.0,1857.0,1858.0,1859.0,1856.0,1864.0,12617.0,5179.0,14415.0,0.0,707.0,0.0,1856.0,1857.0,1858.0
0.0,35866.0,5619.0,5573.0,6067.0,0.0,0.0,0.0,0.0,1857.0,1858.0,1858.0,1872.0,1878.0,1869.0,14737.0,8578.0,12551.0,0.0,0.0,0.0,1857.0,1858.0,1858.0
0.0,36314.0,5634.0,5575.0,4106.0,491.0,0.0,0.0,491.0,1857.0,1859.0,1859.0,1878.0,1878.0,1878.0,13305.0,12327.0,10682.0,0.0,0.0,491.0,1857.0,1859.0,1859.0
0.0,34786.0,5653.0,5578.0,707.0,2385.0,0.0,0.0,2385.0,1858.0,1860.0,1860.0,1883.0,1881.0,1889.0,11427.0,14555.0,8804.0,0.0,0.0,2385.0,1858.0,1860.0,1860.0
0.0,29840.0,5620.0,5580.0,0.0,5889.0,1621.0,0.0,4268.0,1859.0,1860.0,1861.0,1870.0,1872.0,1878.0,9544.0,13381.0,6915.0,1621.0,0.0,4268.0,1859.0,1860.0,1861.0
0.0,24220.0,5580.0,5580.0,491.0,9109.0,3490.0,0.0,5619.0,1859.0,1861.0,1860.0,1869.0,1864.0,1847.0,7674.0,11509.0,5037.0,3490.0,0.0,5619.0,1859.0,1861.0,1860.0
0.0,19131.0,5587.0,5580.0,2385.0,11971.0,5359.0,1525.0,5087.0,1859.0,1861.0,1860.0,1869.0,1865.0,1853.0,5805.0,9645.0,3681.0,5359.0,1525.0,5087.0,1859.0,1861.0,1860.0
0.0,15929.0,5594.0,5582.0,5889.0,11686.0,5606.0,3396.0,2684.0,1860.0,1861.0,1861.0,1863.0,1871.0,1860.0,3936.0,7780.0,4213.0,5606.0,3396.0,2684.0,1860.0,1861.0,1861.0
0.0,16224.0,5640.0,5583.0,9109.0,9280.0,3996.0,5284.0,0.0,1860.0,1862.0,1861.0,1880.0,1883.0,1877.0,3694.0,5909.0,6621.0,3996.0,5284.0,0.0,1860.0,1862.0,1861.0
0.0,19693.0,5639.0,5586.0,11971.0,6160.0,526.0,5634.0,0.0,1861.0,1863.0,1862.0,1884.0,1870.0,1885.0,5304.0,4026.0,10363.0,526.0,5634.0,0.0,1861.0,1863.0,1862.0
0.0,26025.0,5638.0,5587.0,9615.0,4114.0,0.0,4114.0,0.0,1862.0,1863.0,1862.0,1875.0,1876.0,1887.0,8779.0,3681.0,13565.0,0.0,4114.0,0.0,1862.0,1863.0,1862.0
0.0,30002.0,5648.0,5589.0,11351.0,719.0,0.0,719.0,0.0,1862.0,1864.0,1863.0,1880.0,1884.0,1884.0,10439.0,5201.0,14362.0,0.0,719.0,0.0,1862.0,1864.0,1863.0
0.0,35705.0,5620.0,5590.0,4768.0,0.0,0.0,0.0,0.0,1863.0,1864.0,1863.0,1874.0,1879.0,1867.0,14626.0,8601.0,12478.0,0.0,0.0,0.0,1863.0,1864.0,1863.0
0.0,34853.0,5592.0,5591.0,3134.0,561.0,0.0,0.0,561.0,1863.0,1865.0,1863.0,1868.0,1867.0,1857.0,13278.0,10964.0,10611.0,0.0,0.0,561.0,1863.0,1865.0,1863.0
0.0,32395.0,5609.0,5593.0,3091.0,2442.0,0.0,0.0,2442.0,1864.0,1865.0,1864.0,1868.0,1865.0,1876.0,11410.0,12231.0,8754.0,0.0,0.0,2442.0,1864.0,1865.0,1864.0
0.0,29877.0,5638.0,5593.0,0.0,5987.0,1659.0,0.0,4328.0,1864.0,1865.0,1864.0,1881.0,1871.0,1886.0,9542.0,13457.0,6878.0,1659.0,0.0,4328.0,1864.0,1865.0,1864.0
0.0,24239.0,5668.0,5596.0,561.0,9215.0,3548.0,0.0,5667.0,1865.0,1866.0,1865.0,1884.0,1889.0,1895.0,7661.0,11586.0,4992.0,3548.0,0.0,5667.0,1865.0,1866.0,1865.0
0.0,19132.0,5648.0,5599.0,2442.0,12069.0,5435.0,1524.0,5110.0,1866.0,1867.0,1866.0,1882.0,1886.0,1880.0,5777.0,9697.0,3658.0,5435.0,1524.0,5110.0,1866.0,1867.0,1866.0
0.0,15926.0,5630.0,5599.0,5987.0,11712.0,5649.0,3405.0,2658.0,1866.0,1867.0,1866.0,1873.0,1881.0,1876.0,3895.0,7811.0,4220.0,5649.0,3405.0,2658.0,1866.0,1867.0,1866.0
0.0,16283.0,5604.0,5599.0,9215.0,9245.0,3978.0,5267.0,0.0,1866.0,1867.0,1866.0,1877.0,1862.0,1865.0,3681.0,5930.0,6672.0,3978.0,5267.0,0.0,1866.0,1867.0,1866.0
0.0,19894.0,5601.0,5600.0,12069.0,6017.0,415.0,5602.0,0.0,1866.0,1867.0,1867.0,1872.0,1859.0,1870.0,5352.0,4068.0,10474.0,415.0,5602.0,0.0,1866.0,1867.0,1867.0
0.0,26362.0,5614.0,5601.0,11712.0,4065.0,0.0,4065.0,0.0,1867.0,1867.0,1867.0,1874.0,1868.0,1872.0,8915.0,3733.0,13714.0,0.0,4065.0,0.0,1867.0,1867.0,1867.0
0.0,32460.0,5670.0,5603.0,9245.0,688.0,0.0,688.0,0.0,1867.0,1868.0,1868.0,1893.0,1885.0,1892.0,12690.0,5270.0,14500.0,0.0,688.0,0.0,1867.0,1868.0,1868.0
0.0,36035.0,5661.0,5605.0,6017.0,0.0,0.0,0.0,0.0,1868.0,1869.0,1868.0,1887.0,1891.0,1883.0,14775.0,8652.0,12608.0,0.0,0.0,0.0,1868.0,1869.0,1868.0
0.0,36391.0,5665.0,5608.0,4065.0,508.0,0.0,0.0,508.0,1869.0,1870.0,1869.0,1888.0,1889.0,1888.0,13303.0,12363.0,10725.0,0.0,0.0,508.0,1869.0,1870.0,1869.0
0.0,34791.0,5641.0,5608.0,688.0,2389.0,0.0,0.0,2389.0,1869.0,1870.0,1869.0,1877.0,1883.0,1881.0,11415.0,14539.0,8837.0,0.0,0.0,2389.0,1869.0,1870.0,1869.0
0.0,29838.0,5632.0,5609.0,0.0,5956.0,1683.0,0.0,4273.0,1869.0,1870.0,1870.0,1876.0,1877.0,1879.0,9538.0,13344.0,6956.0,1683.0,0.0,4273.0,1869.0,1870.0,1870.0
0.0,24206.0,5630.0,5610.0,508.0,9205.0,3563.0,0.0,5642.0,1870.0,1870.0,1870.0,1875.0,1878.0,1877.0,7662.0,11467.0,5077.0,3563.0,0.0,5642.0,1870.0,1870.0,1870.0
0.0,19084.0,5614.0,5611.0,2389.0,12196.0,5426.0,1643.0,5127.0,1870.0,1871.0,1870.0,1863.0,1877.0,1874.0,5787.0,9589.0,3708.0,5426.0,1643.0,5127.0,1870.0,1871.0,1870.0
0.0,15859.0,5657.0,5612.0,5956.0,11902.0,5628.0,3529.0,2745.0,1870.0,1871.0,1871.0,1885.0,1886.0,1886.0,3924.0,7712.0,4223.0,5628.0,3529.0,2745.0,1870.0,1871.0,1871.0
0.0,16158.0,5666.0,5614.0,9205.0,9379.0,3958.0,5421.0,0.0,1871.0,1872.0,1871.0,1888.0,1887.0,1891.0,3722.0,5826.0,6610.0,3958.0,5421.0,0.0,1871.0,1872.0,1871.0
0.0,19697.0,5662.0,5616.0,12196.0,6088.0,426.0,5662.0,0.0,1872.0,1872.0,1872.0,1889.0,1884.0,1889.0,5397.0,3939.0,10361.0,426.0,5662.0,0.0,1872.0,1872.0,1872.0
0.0,26231.0,5657.0,5617.0,10440.0,4031.0,0.0,4031.0,0.0,1872.0,1873.0,1872.0,1882.0,1893.0,1882.0,8934.0,3698.0,13599.0,0.0,4031.0,0.0,1872.0,1873.0,1872.0
0.0,31014.0,5675.0,5618.0,10841.0,497.0,0.0,497.0,0.0,1872.0,1873.0,1873.0,1890.0,1887.0,1898.0,11218.0,5334.0,14462.0,0.0,497.0,0.0,1872.0,1873.0,1873.0
0.0,36180.0,5642.0,5619.0,6088.0,0.0,0.0,0.0,0.0,1873.0,1873.0,1873.0,1883.0,1876.0,1883.0,14748.0,8868.0,12564.0,0.0,0.0,0.0,1873.0,1873.0,1873.0
0.0,36626.0,5612.0,5619.0,4031.0,556.0,0.0,0.0,556.0,1873.0,1873.0,1873.0,1875.0,1865.0,1872.0,13291.0,12654.0,10681.0,0.0,0.0,556.0,1873.0,1873.0,1873.0
0.0,35045.0,5659.0,5621.0,497.0,2450.0,0.0,0.0,2450.0,1873.0,1874.0,1874.0,1885.0,1885.0,1889.0,11416.0,14820.0,8809.0,0.0,0.0,2450.0,1873.0,1874.0,1874.0
0.0,29883.0,5677.0,5623.0,0.0,6065.0,1731.0,0.0,4334.0,1874.0,1875.0,1874.0,1892.0,1901.0,1884.0,9531.0,13432.0,6920.0,1731.0,0.0,4334.0,1874.0,1875.0,1874.0
0.0,24206.0,5661.0,5625.0,556.0,9291.0,3619.0,0.0,5672.0,1875.0,1875.0,1875.0,1883.0,1889.0,1889.0,7639.0,11531.0,5036.0,3619.0,0.0,5672.0,1875.0,1875.0,1875.0
0.0,19101.0,5665.0,5627.0,2450.0,12249.0,5509.0,1624.0,5116.0,1875.0,1876.0,1876.0,1890.0,1886.0,1889.0,5756.0,9642.0,3703.0,5509.0,1624.0,5116.0,1875.0,1876.0,1876.0
0.0,15886.0,5663.0,5627.0,6065.0,11847.0,5663.0,3502.0,2682.0,1875.0,1876.0,1876.0,1885.0,1878.0,1900.0,3866.0,7756.0,4264.0,5663.0,3502.0,2682.0,1875.0,1876.0,1876.0
0.0,16288.0,5659.0,5629.0,9291.0,9318.0,3930.0,5388.0,0.0,1876.0,1876.0,1877.0,1881.0,1886.0,1892.0,3712.0,5878.0,6698.0,3930.0,5388.0,0.0,1876.0,1876.0,1877.0
0.0,19920.0,5647.0,5629.0,12249.0,5947.0,301.0,5646.0,0.0,1876.0,1876.0,1877.0,1880.0,1882.0,1885.0,5450.0,3992.0,10478.0,301.0,5646.0,0.0,1876.0,1876.0,1877.0
0.0,26522.0,5667.0,5632.0,11847.0,4034.0,0.0,4034.0,0.0,1877.0,1877.0,1878.0,1898.0,1885.0,1884.0,9079.0,3734.0,13709.0,0.0,4034.0,0.0,1877.0,1877.0,1878.0
0.0,32702.0,5689.0,5633.0,9318.0,537.0,0.0,537.0,0.0,1878.0,1877.0,1878.0,1902.0,1891.0,1896.0,12844.0,5351.0,14507.0,0.0,537.0,0.0,1878.0,1877.0,1878.0
0.0,36331.0,5706.0,5636.0,5947.0,0.0,0.0,0.0,0.0,1879.0,1878.0,1879.0,1898.0,1904.0,1904.0,14872.0,8848.0,12611.0,0.0,0.0,0.0,1879.0,1878.0,1879.0
0.0,36572.0,5688.0,5638.0,4034.0,590.0,0.0,0.0,590.0,1879.0,1879.0,1880.0,1890.0,1901.0,1897.0,13275.0,12590.0,10707.0,0.0,0.0,590.0,1879.0,1879.0,1880.0
0.0,34918.0,5680.0,5638.0,537.0,2490.0,0.0,0.0,2490.0,1879.0,1879.0,1880.0,1887.0,1893.0,1900.0,11385.0,14723.0,8810.0,0.0,0.0,2490.0,1879.0,1879.0,1880.0
0.0,29775.0,5652.0,5638.0,0.0,6155.0,1779.0,0.0,4376.0,1879.0,1879.0,1880.0,1882.0,1884.0,1886.0,9498.0,13367.0,6910.0,1779.0,0.0,4376.0,1879.0,1879.0,1880.0
0.0,24123.0,5657.0,5641.0,590.0,9340.0,3663.0,0.0,5677.0,1880.0,1880.0,1881.0,1879.0,1892.0,1886.0,7616.0,11483.0,5024.0,3663.0,0.0,5677.0,1880.0,1880.0,1881.0
0.0,19056.0,5667.0,5641.0,2490.0,12326.0,5554.0,1699.0,5073.0,1880.0,1880.0,1881.0,1891.0,1890.0,1886.0,5737.0,9591.0,3728.0,5554.0,1699.0,5073.0,1880.0,1880.0,1881.0
0.0,15879.0,5715.0,5644.0,6155.0,11901.0,5689.0,3616.0,2596.0,1881.0,1881.0,1882.0,1909.0,1912.0,1894.0,3846.0,7701.0,4332.0,5689.0,3616.0,2596.0,1881.0,1881.0,1882.0
0.0,16319.0,5704.0,5647.0,9340.0,9451.0,3928.0,5523.0,0.0,1882.0,1882.0,1883.0,1897.0,1902.0,1905.0,3716.0,5789.0,6814.0,3928.0,5523.0,0.0,1882.0,1882.0,1883.0
0.0,19955.0,5685.0,5647.0,12326.0,5976.0,259.0,5717.0,0.0,1882.0,1882.0,1883.0,1885.0,1893.0,1907.0,5482.0,3887.0,10586.0,259.0,5717.0,0.0,1882.0,1882.0,1883.0
0.0,26596.0,5698.0,5650.0,9569.0,3994.0,0.0,3994.0,0.0,1883.0,1883.0,1884.0,1900.0,1888.0,1910.0,9151.0,3693.0,13752.0,0.0,3994.0,0.0,1883.0,1883.0,1884.0
0.0,30467.0,5655.0,5650.0,11783.0,354.0,0.0,354.0,0.0,1883.0,1883.0,1884.0,1889.0,1883.0,1883.0,10608.0,5421.0,14438.0,0.0,354.0,0.0,1883.0,1883.0,1884.0
0.0,36595.0,5653.0,5650.0,5976.0,0.0,0.0,0.0,0.0,1883.0,1883.0,1884.0,1877.0,1894.0,1882.0,14979.0,9061.0,12555.0,0.0,0.0,0.0,1883.0,1883.0,1884.0
0.0,36918.0,5683.0,5652.0,1565.0,646.0,0.0,0.0,646.0,1883.0,1884.0,1885.0,1891.0,1898.0,1894.0,13361.0,12884.0,10673.0,0.0,0.0,646.0,1883.0,1884.0,1885.0
0.0,32800.0,5728.0,5654.0,2783.0,2565.0,0.0,0.0,2565.0,1884.0,1884.0,1886.0,1906.0,1908.0,1914.0,11470.0,12551.0,8779.0,0.0,0.0,2565.0,1884.0,1884.0,1886.0
0.0,29855.0,5719.0,5657.0,0.0,6244.0,1767.0,0.0,4477.0,1885.0,1885.0,1887.0,1906.0,1906.0,1907.0,9564.0,13426.0,6865.0,1767.0,0.0,4477.0,1885.0,1885.0,1887.0
0.0,24136.0,5717.0,5658.0,646.0,9406.0,3664.0,0.0,5742.0,1885.0,1886.0,1887.0,1897.0,1909.0,1911.0,7658.0,11520.0,4958.0,3664.0,0.0,5742.0,1885.0,1886.0,1887.0
0.0,19065.0,5699.0,5659.0,2565.0,12364.0,5567.0,1716.0,5081.0,1885.0,1886.0,1888.0,1903.0,1897.0,1899.0,5761.0,9611.0,3693.0,5567.0,1716.0,5081.0,1885.0,1886.0,1888.0
0.0,15931.0,5668.0,5660.0,6244.0,11793.0,5696.0,3608.0,2489.0,1886.0,1886.0,1888.0,1891.0,1892.0,1885.0,3858.0,7714.0,4359.0,5696.0,3608.0,2489.0,1886.0,1886.0,1888.0
0.0,16507.0,5673.0,5661.0,9406.0,9433.0,3925.0,5508.0,0.0,1886.0,1887.0,1888.0,1893.0,1895.0,1885.0,3734.0,5822.0,6951.0,3925.0,5508.0,0.0,1886.0,1887.0,1888.0
0.0,20240.0,5704.0,5662.0,12364.0,5945.0,259.0,5686.0,0.0,1886.0,1887.0,1889.0,1901.0,1894.0,1909.0,5505.0,3927.0,10808.0,259.0,5686.0,0.0,1886.0,1887.0,1889.0
0.0,26900.0,5723.0,5665.0,11793.0,3988.0,0.0,3988.0,0.0,1887.0,1888.0,1890.0,1909.0,1905.0,1909.0,9171.0,3749.0,13980.0,0.0,3988.0,0.0,1887.0,1888.0,1890.0
0.0,32970.0,5742.0,5667.0,9433.0,393.0,0.0,393.0,0.0,1888.0,1889.0,1890.0,1910.0,1908.0,1924.0,12958.0,5452.0,14560.0,0.0,393.0,0.0,1888.0,1889.0,1890.0
0.0,36661.0,5706.0,5669.0,5945.0,0.0,0.0,0.0,0.0,1889.0,1889.0,1891.0,1904.0,1910.0,1892.0,14973.0,9052.0,12636.0,0.0,0.0,0.0,1889.0,1889.0,1891.0
0.0,36900.0,5691.0,5669.0,3988.0,605.0,0.0,0.0,605.0,1889.0,1889.0,1891.0,1900.0,1897.0,1894.0,13328.0,12828.0,10744.0,0.0,0.0,605.0,1889.0,1889.0,1891.0
0.0,35197.0,5679.0,5670.0,393.0,2497.0,0.0,0.0,2497.0,1889.0,1890.0,1891.0,1895.0,1892.0,1892.0,11428.0,14919.0,8850.0,0.0,0.0,2497.0,1889.0,1890.0,1891.0
0.0,29911.0,5677.0,5670.0,0.0,6191.0,1805.0,0.0,4386.0,1889.0,1890.0,1891.0,1893.0,1895.0,1889.0,9533.0,13420.0,6958.0,1805.0,0.0,4386.0,1889.0,1890.0,1891.0
0.0,24234.0,5731.0,5673.0,605.0,9418.0,3718.0,0.0,5700.0,1890.0,1891.0,1892.0,1908.0,1909.0,1914.0,7640.0,11525.0,5069.0,3718.0,0.0,5700.0,1890.0,1891.0,1892.0
0.0,19108.0,5738.0,5676.0,2497.0,12513.0,5633.0,1754.0,5126.0,1891.0,1892.0,1893.0,1910.0,1910.0,1918.0,5732.0,9616.0,3760.0,5633.0,1754.0,5126.0,1891.0,1892.0,1893.0
0.0,15867.0,5736.0,5677.0,6191.0,12063.0,5737.0,3655.0,2671.0,1891.0,1892.0,1894.0,1909.0,1901.0,1926.0,3822.0,7706.0,4339.0,5737.0,3655.0,2671.0,1891.0,1892.0,1894.0
0.0,16322.0,5690.0,5678.0,9418.0,9468.0,3912.0,5556.0,0.0,1891.0,1893.0,1894.0,1893.0,1896.0,1901.0,3718.0,5805.0,6799.0,3912.0,5556.0,0.0,1891.0,1893.0,1894.0
0.0,20050.0,5709.0,5680.0,12433.0,5971.0,266.0,5705.0,0.0,1892.0,1893.0,1895.0,1902.0,1903.0,1904.0,5543.0,3909.0,10598.0,266.0,5705.0,0.0,1892.0,1893.0,1895.0
0.0,26774.0,5692.0,5680.0,11375.0,3950.0,0.0,3950.0,0.0,1892.0,1893.0,1895.0,1898.0,1900.0,1894.0,9194.0,3760.0,13820.0,0.0,3950.0,0.0,1892.0,1893.0,1895.0
0.0,32457.0,5692.0,5680.0,10236.0,290.0,0.0,290.0,0.0,1892.0,1893.0,1895.0,1892.0,1896.0,1904.0,12345.0,5515.0,14597.0,0.0,290.0,0.0,1892.0,1893.0,1895.0
0.0,37001.0,5724.0,5683.0,5971.0,0.0,0.0,0.0,0.0,1893.0,1894.0,1896.0,1905.0,1909.0,1910.0,15133.0,9175.0,12693.0,0.0,0.0,0.0,1893.0,1894.0,1896.0
0.0,37248.0,5729.0,5684.0,3950.0,606.0,0.0,0.0,606.0,1894.0,1894.0,1896.0,1914.0,1906.0,1909.0,13494.0,12971.0,10783.0,0.0,0.0,606.0,1894.0,1894.0,1896.0
0.0,35469.0,5750.0,5687.0,290.0,2523.0,0.0,0.0,2523.0,1895.0,1895.0,1897.0,1919.0,1919.0,1912.0,11580.0,15015.0,8874.0,0.0,0.0,2523.0,1895.0,1895.0,1897.0
0.0,30009.0,5722.0,5688.0,0.0,6147.0,1722.0,0.0,4425.0,1895.0,1896.0,1897.0,1908.0,1912.0,1902.0,9661.0,13386.0,6962.0,1722.0,0.0,4425.0,1895.0,1896.0,1897.0
0.0,24287.0,5721.0,5689.0,606.0,9351.0,3624.0,0.0,5727.0,1895.0,1896.0,1898.0,1902.0,1916.0,1903.0,7753.0,11474.0,5060.0,3624.0,0.0,5727.0,1895.0,1896.0,1898.0
0.0,19172.0,5695.0,5690.0,2523.0,12450.0,5529.0,1815.0,5106.0,1896.0,1896.0,1898.0,1900.0,1893.0,1902.0,5851.0,9558.0,3763.0,5529.0,1815.0,5106.0,1896.0,1896.0,1898.0
0.0,16000.0,5715.0,5691.0,6147.0,12023.0,5705.0,3726.0,2592.0,1896.0,1897.0,1898.0,1898.0,1906.0,1911.0,3951.0,7665.0,4384.0,5705.0,3726.0,2592.0,1896.0,1897.0,1898.0
0.0,16432.0,5733.0,5692.0,9351.0,9625.0,3992.0,5633.0,0.0,1896.0,1897.0,1899.0,1911.0,1907.0,1915.0,3775.0,5759.0,6898.0,3992.0,5633.0,0.0,1896.0,1897.0,1899.0
0.0,20050.0,5761.0,5694.0,12450.0,6137.0,389.0,5748.0,0.0,1897.0,1898.0,1899.0,1921.0,1925.0,1915.0,5488.0,3852.0,10710.0,389.0,5748.0,0.0,1897.0,1898.0,1899.0
0.0,26739.0,5756.0,5697.0,12023.0,3947.0,0.0,3947.0,0.0,1898.0,1899.0,1900.0,1923.0,1920.0,1913.0,9096.0,3742.0,13901.0,0.0,3947.0,0.0,1898.0,1899.0,1900.0
0.0,33006.0,5739.0,5699.0,9625.0,233.0,0.0,233.0,0.0,1898.0,1900.0,1901.0,1912.0,1914.0,1913.0,12878.0,5548.0,14580.0,0.0,233.0,0.0,1898.0,1900.0,1901.0
0.0,36892.0,5732.0,5700.0,6137.0,0.0,0.0,0.0,0.0,1899.0,1900.0,1901.0,1904.0,1910.0,1918.0,14958.0,9267.0,12667.0,0.0,0.0,0.0,1899.0,1900.0,1901.0
0.0,37297.0,5704.0,5700.0,3947.0,656.0,0.0,0.0,656.0,1899.0,1900.0,1901.0,1899.0,1905.0,1900.0,13443.0,13105.0,10749.0,0.0,0.0,656.0,1899.0,1900.0,1901.0
0.0,35540.0,5718.0,5702.0,233.0,2566.0,0.0,0.0,2566.0,1899.0,1901.0,1902.0,1902.0,1911.0,1905.0,11544.0,15147.0,8849.0,0.0,0.0,2566.0,1899.0,1901.0,1902.0
0.0,30055.0,5729.0,5703.0,0.0,6242.0,1767.0,0.0,4475.0,1900.0,1901.0,1902.0,1909.0,1911.0,1909.0,9642.0,13469.0,6944.0,1767.0,0.0,4475.0,1900.0,1901.0,1902.0
0.0,24326.0,5769.0,5706.0,656.0,9446.0,3697.0,0.0,5749.0,1901.0,1902.0,1903.0,1925.0,1919.0,1925.0,7733.0,11558.0,5035.0,3697.0,0.0,5749.0,1901.0,1902.0,1903.0
0.0,19213.0,5759.0,5707.0,2566.0,12515.0,5619.0,1798.0,5098.0,1901.0,1903.0,1903.0,1922.0,1922.0,1915.0,5808.0,9639.0,3766.0,5619.0,1798.0,5098.0,1901.0,1903.0,1903.0
0.0,16020.0,5742.0,5709.0,6242.0,12025.0,5776.0,3711.0,2538.0,1902.0,1903.0,1904.0,1919.0,1913.0,1910.0,3886.0,7717.0,4417.0,5776.0,3711.0,2538.0,1902.0,1903.0,1904.0
0.0,16520.0,5748.0,5710.0,9446.0,9621.0,3990.0,5631.0,0.0,1902.0,1904.0,1904.0,1911.0,1915.0,1922.0,3734.0,5804.0,6982.0,3990.0,5631.0,0.0,1902.0,1904.0,1904.0
0.0,20218.0,5710.0,5710.0,12515.0,6009.0,274.0,5735.0,0.0,1902.0,1904.0,1904.0,1903.0,1902.0,1905.0,5520.0,3889.0,10809.0,274.0,5735.0,0.0,1902.0,1904.0,1904.0
0.0,27023.0,5717.0,5710.0,9760.0,3929.0,0.0,3929.0,0.0,1902.0,1904.0,1904.0,1898.0,1905.0,1914.0,9236.0,3785.0,14002.0,0.0,3929.0,0.0,1902.0,1904.0,1904.0
0.0,31066.0,5745.0,5712.0,11886.0,209.0,0.0,209.0,0.0,1903.0,1904.0,1905.0,1914.0,1911.0,1920.0,10849.0,5591.0,14626.0,0.0,209.0,0.0,1903.0,1904.0,1905.0
0.0,37207.0,5765.0,5714.0,3950.0,0.0,0.0,0.0,0.0,1904.0,1905.0,1905.0,1928.0,1919.0,1918.0,15190.0,9311.0,12706.0,0.0,0.0,0.0,1904.0,1905.0,1905.0
0.0,35392.0,5761.0,5715.0,4385.0,659.0,0.0,0.0,659.0,1904.0,1905.0,1906.0,1921.0,1923.0,1917.0,13536.0,11068.0,10788.0,0.0,0.0,659.0,1904.0,1905.0,1906.0
0.0,34016.0,5769.0,5718.0,1812.0,2590.0,0.0,0.0,2590.0,1905.0,1906.0,1907.0,1916.0,1927.0,1926.0,11615.0,13530.0,8871.0,0.0,0.0,2590.0,1905.0,1906.0,1907.0
0.0,30059.0,5734.0,5718.0,0.0,6244.0,1738.0,0.0,4506.0,1905.0,1906.0,1907.0,1912.0,1906.0,1916.0,9699.0,13415.0,6945.0,1738.0,0.0,4506.0,1905.0,1906.0,1907.0
0.0,24325.0,5735.0,5718.0,659.0,9409.0,3651.0,0.0,5758.0,1905.0,1906.0,1907.0,1913.0,1911.0,1911.0,7787.0,11509.0,5029.0,3651.0,0.0,5758.0,1905.0,1906.0,1907.0
0.0,19249.0,5724.0,5719.0,2590.0,12480.0,5567.0,1837.0,5076.0,1906.0,1906.0,1907.0,1911.0,1905.0,1908.0,5874.0,9598.0,3777.0,5567.0,1837.0,5076.0,1906.0,1906.0,1907.0
0.0,16115.0,5768.0,5720.0,6244.0,12009.0,5755.0,3770.0,2484.0,1906.0,1907.0,1907.0,1926.0,1928.0,1914.0,3963.0,7693.0,4459.0,5755.0,3770.0,2484.0,1906.0,1907.0,1907.0
0.0,16591.0,5779.0,5723.0,9409.0,9743.0,4045.0,5698.0,0.0,1907.0,1908.0,1908.0,1936.0,1923.0,1920.0,3775.0,5765.0,7051.0,4045.0,5698.0,0.0,1907.0,1908.0,1908.0
0.0,20221.0,5786.0,5726.0,12480.0,6207.0,412.0,5795.0,0.0,1908.0,1909.0,1909.0,1929.0,1929.0,1928.0,5490.0,3842.0,10889.0,412.0,5795.0,0.0,1908.0,1909.0,1909.0
0.0,26915.0,5770.0,5728.0,12009.0,3944.0,0.0,3944.0,0.0,1909.0,1909.0,1910.0,1922.0,1919.0,1929.0,9128.0,3750.0,14037.0,0.0,3944.0,0.0,1909.0,1909.0,1910.0
0.0,33154.0,5770.0,5728.0,9743.0,171.0,0.0,171.0,0.0,1909.0,1909.0,1910.0,1917.0,1925.0,1928.0,12961.0,5601.0,14592.0,0.0,171.0,0.0,1909.0,1909.0,1910.0
0.0,37127.0,5741.0,5728.0,6207.0,0.0,0.0,0.0,0.0,1909.0,1909.0,1910.0,1916.0,1915.0,1910.0,15089.0,9374.0,12664.0,0.0,0.0,0.0,1909.0,1909.0,1910.0
0.0,37593.0,5732.0,5728.0,3944.0,705.0,0.0,0.0,705.0,1909.0,1909.0,1910.0,1915.0,1908.0,1909.0,13585.0,13254.0,10754.0,0.0,0.0,705.0,1909.0,1909.0,1910.0
0.0,35805.0,5761.0,5730.0,171.0,2621.0,0.0,0.0,2621.0,1910.0,1910.0,1910.0,1923.0,1922.0,1916.0,11670.0,15290.0,8845.0,0.0,0.0,2621.0,1910.0,1910.0,1910.0
0.0,30215.0,5793.0,5733.0,0.0,6296.0,1745.0,0.0,4551.0,1911.0,1911.0,1911.0,1937.0,1931.0,1925.0,9747.0,13539.0,6929.0,1745.0,0.0,4551.0,1911.0,1911.0,1911.0
0.0,24422.0,5786.0,5734.0,705.0,9451.0,3673.0,0.0,5778.0,1911.0,1911.0,1912.0,1928.0,1931.0,1927.0,7810.0,11608.0,5004.0,3673.0,0.0,5778.0,1911.0,1911.0,1912.0
0.0,19341.0,5790.0,5736.0,2621.0,12508.0,5603.0,1814.0,5091.0,1912.0,1912.0,1912.0,1925.0,1931.0,1934.0,5882.0,9677.0,3782.0,5603.0,1814.0,5091.0,1912.0,1912.0,1912.0
0.0,16172.0,5770.0,5737.0,6296.0,11987.0,5780.0,3730.0,2477.0,1912.0,1912.0,1913.0,1922.0,1916.0,1932.0,3957.0,7746.0,4469.0,5780.0,3730.0,2477.0,1912.0,1912.0,1913.0
0.0,16698.0,5743.0,5737.0,9451.0,9659.0,4020.0,5639.0,0.0,1912.0,1912.0,1913.0,1913.0,1909.0,1921.0,3780.0,5830.0,7088.0,4020.0,5639.0,0.0,1912.0,1912.0,1913.0
0.0,20406.0,5740.0,5737.0,12508.0,6067.0,325.0,5742.0,0.0,1912.0,1912.0,1913.0,1908.0,1917.0,1915.0,5540.0,3921.0,10945.0,325.0,5742.0,0.0,1912.0,1912.0,1913.0
0.0,27174.0,5766.0,5740.0,9662.0,3950.0,0.0,3950.0,0.0,1913.0,1913.0,1914.0,1914.0,1933.0,1919.0,9235.0,3818.0,14121.0,0.0,3950.0,0.0,1913.0,1913.0,1914.0
0.0,31070.0,5794.0,5741.0,11984.0,240.0,0.0,240.0,0.0,1913.0,1914.0,1914.0,1939.0,1924.0,1931.0,10776.0,5615.0,14679.0,0.0,240.0,0.0,1913.0,1914.0,1914.0
0.0,37260.0,5801.0,5743.0,6067.0,0.0,0.0,0.0,0.0,1914.0,1914.0,1915.0,1944.0,1926.0,1931.0,15182.0,9330.0,12748.0,0.0,0.0,0.0,1914.0,1914.0,1915.0
0.0,37526.0,5779.0,5745.0,3950.0,697.0,0.0,0.0,697.0,1915.0,1914.0,1916.0,1927.0,1918.0,1934.0,13563.0,13146.0,10817.0,0.0,0.0,697.0,1915.0,1914.0,1916.0
0.0,35697.0,5769.0,5746.0,240.0,2627.0,0.0,0.0,2627.0,1915.0,1915.0,1916.0,1925.0,1914.0,1930.0,11636.0,15178.0,8883.0,0.0,0.0,2627.0,1915.0,1915.0,1916.0
0.0,30168.0,5767.0,5746.0,0.0,6330.0,1788.0,0.0,4542.0,1915.0,1915.0,1916.0,1924.0,1928.0,1915.0,9711.0,13504.0,6953.0,1788.0,0.0,4542.0,1915.0,1915.0,1916.0
0.0,24401.0,5751.0,5748.0,697.0,9471.0,3714.0,0.0,5757.0,1916.0,1916.0,1916.0,1921.0,1918.0,1912.0,7787.0,11576.0,5038.0,3714.0,0.0,5757.0,1916.0,1916.0,1916.0
0.0,19347.0,5768.0,5748.0,2627.0,12534.0,5641.0,1842.0,5051.0,1916.0,1916.0,1916.0,1927.0,1920.0,1921.0,5866.0,9658.0,3823.0,5641.0,1842.0,5051.0,1916.0,1916.0,1916.0
0.0,16206.0,5811.0,5750.0,6330.0,12025.0,5801.0,3772.0,2452.0,1917.0,1916.0,1917.0,1943.0,1930.0,1938.0,3939.0,7738.0,4529.0,5801.0,3772.0,2452.0,1917.0,1916.0,1917.0
0.0,16725.0,5803.0,5753.0,9471.0,9738.0,4024.0,5714.0,0.0,1918.0,1917.0,1918.0,1932.0,1937.0,1934.0,3784.0,5808.0,7133.0,4024.0,5714.0,0.0,1918.0,1917.0,1918.0
0.0,20393.0,5814.0,5754.0,12534.0,6134.0,315.0,5819.0,0.0,1918.0,1918.0,1918.0,1932.0,1942.0,1940.0,5566.0,3871.0,10956.0,315.0,5819.0,0.0,1918.0,1918.0,1918.0
0.0,27113.0,5772.0,5755.0,12025.0,3982.0,0.0,3982.0,0.0,1919.0,1918.0,1918.0,1922.0,1935.0,1915.0,9275.0,3771.0,14067.0,0.0,3982.0,0.0,1919.0,1918.0,1918.0
0.0,33366.0,5762.0,5755.0,9738.0,185.0,0.0,185.0,0.0,1919.0,1918.0,1918.0,1927.0,1917.0,1918.0,13154.0,5608.0,14604.0,0.0,185.0,0.0,1919.0,1918.0,1918.0
0.0,37342.0,5754.0,5756.0,6134.0,0.0,0.0,0.0,0.0,1919.0,1918.0,1919.0,1914.0,1918.0,1922.0,15251.0,9405.0,12686.0,0.0,0.0,0.0,1919.0,1918.0,1919.0
0.0,37722.0,5791.0,5758.0,3982.0,776.0,0.0,0.0,776.0,1919.0,1919.0,1920.0,1924.0,1927.0,1940.0,13652.0,13306.0,10764.0,0.0,0.0,776.0,1919.0,1919.0,1920.0
0.0,35913.0,5842.0,5761.0,185.0,2737.0,0.0,0.0,2737.0,1920.0,1920.0,1921.0,1937.0,1949.0,1956.0,11728.0,15361.0,8824.0,0.0,0.0,2737.0,1920.0,1920.0,1921.0
0.0,30256.0,5834.0,5762.0,0.0,6440.0,1759.0,0.0,4681.0,1921.0,1920.0,1921.0,1945.0,1945.0,1944.0,9791.0,13597.0,6868.0,1759.0,0.0,4681.0,1921.0,1920.0,1921.0
0.0,24422.0,5808.0,5765.0,776.0,9551.0,3707.0,0.0,5844.0,1922.0,1921.0,1922.0,1943.0,1931.0,1934.0,7846.0,11652.0,4924.0,3707.0,0.0,5844.0,1922.0,1921.0,1922.0
0.0,19390.0,5784.0,5765.0,2737.0,12482.0,5637.0,1811.0,5034.0,1922.0,1921.0,1922.0,1930.0,1927.0,1927.0,5903.0,9721.0,3766.0,5637.0,1811.0,5034.0,1922.0,1921.0,1922.0
0.0,16343.0,5782.0,5765.0,6440.0,11824.0,5806.0,3740.0,2278.0,1922.0,1921.0,1922.0,1928.0,1929.0,1925.0,3973.0,7794.0,4576.0,5806.0,3740.0,2278.0,1922.0,1921.0,1922.0
0.0,17001.0,5796.0,5766.0,9551.0,9707.0,4023.0,5684.0,0.0,1922.0,1922.0,1922.0,1924.0,1939.0,1933.0,3804.0,5865.0,7332.0,4023.0,5684.0,0.0,1922.0,1922.0,1922.0
0.0,20756.0,5811.0,5768.0,12482.0,6141.0,328.0,5813.0,0.0,1923.0,1922.0,1923.0,1937.0,1940.0,1934.0,5587.0,3926.0,11243.0,328.0,5813.0,0.0,1923.0,1922.0,1923.0
0.0,27427.0,5846.0,5771.0,10220.0,4018.0,0.0,4018.0,0.0,1924.0,1923.0,1924.0,1954.0,1940.0,1952.0,9287.0,3797.0,14343.0,0.0,4018.0,0.0,1924.0,1923.0,1924.0
0.0,31801.0,5816.0,5771.0,11311.0,271.0,0.0,271.0,0.0,1924.0,1923.0,1924.0,1940.0,1937.0,1939.0,11535.0,5597.0,14669.0,0.0,271.0,0.0,1924.0,1923.0,1924.0
0.0,37296.0,5802.0,5774.0,4182.0,0.0,0.0,0.0,0.0,1925.0,1924.0,1925.0,1933.0,1938.0,1931.0,15222.0,9344.0,12730.0,0.0,0.0,0.0,1925.0,1924.0,1925.0
0.0,35676.0,5786.0,5774.0,3517.0,751.0,0.0,0.0,751.0,1925.0,1924.0,1925.0,1927.0,1934.0,1925.0,13617.0,11260.0,10799.0,0.0,0.0,751.0,1925.0,1924.0,1925.0
0.0,33407.0,5813.0,5775.0,2731.0,2688.0,0.0,0.0,2688.0,1925.0,1925.0,1925.0,1935.0,1941.0,1937.0,11690.0,12843.0,8874.0,0.0,0.0,2688.0,1925.0,1925.0,1925.0
0.0,30325.0,5795.0,5776.0,0.0,6429.0,1799.0,0.0,4630.0,1925.0,1925.0,1926.0,1929.0,1929.0,1937.0,9755.0,13633.0,6937.0,1799.0,0.0,4630.0,1925.0,1925.0,1926.0
0.0,24530.0,5803.0,5777.0,751.0,9553.0,3735.0,0.0,5818.0,1926.0,1925.0,1926.0,1931.0,1933.0,1939.0,7826.0,11704.0,5000.0,3735.0,0.0,5818.0,1926.0,1925.0,1926.0
0.0,19478.0,5850.0,5780.0,2688.0,12584.0,5686.0,1814.0,5084.0,1927.0,1926.0,1927.0,1946.0,1955.0,1949.0,5895.0,9771.0,3812.0,5686.0,1814.0,5084.0,1927.0,1926.0,1927.0
0.0,16316.0,5824.0,5781.0,6429.0,11984.0,5826.0,3768.0,2390.0,1927.0,1927.0,1927.0,1939.0,1949.0,1936.0,3949.0,7816.0,4551.0,5826.0,3768.0,2390.0,1927.0,1927.0,1927.0
0.0,16921.0,5812.0,5784.0,9553.0,9739.0,4034.0,5705.0,0.0,1928.0,1928.0,1928.0,1938.0,1932.0,1942.0,3809.0,5867.0,7245.0,4034.0,5705.0,0.0,1928.0,1928.0,1928.0
0.0,20662.0,5807.0,5784.0,12584.0,6109.0,286.0,5823.0,0.0,1928.0,1928.0,1928.0,1938.0,1932.0,1937.0,5606.0,3935.0,11121.0,286.0,5823.0,0.0,1928.0,1928.0,1928.0
0.0,27439.0,5803.0,5785.0,11984.0,3982.0,0.0,3982.0,0.0,1928.0,1928.0,1929.0,1937.0,1927.0,1939.0,9354.0,3817.0,14268.0,0.0,3982.0,0.0,1928.0,1928.0,1929.0
0.0,33620.0,5817.0,5786.0,9739.0,219.0,0.0,219.0,0.0,1929.0,1928.0,1929.0,1925.0,1942.0,1950.0,13243.0,5658.0,14719.0,0.0,219.0,0.0,1929.0,1928.0,1929.0
0.0,37542.0,5838.0,5788.0,6109.0,0.0,0.0,0.0,0.0,1929.0,1929.0,1930.0,1941.0,1954.0,1943.0,15352.0,9421.0,12769.0,0.0,0.0,0.0,1929.0,1929.0,1930.0
0.0,37813.0,5841.0,5790.0,3982.0,764.0,0.0,0.0,764.0,1930.0,1930.0,1930.0,1949.0,1952.0,1940.0,13697.0,13290.0,10826.0,0.0,0.0,764.0,1930.0,1930.0,1930.0
0.0,35954.0,5850.0,5793.0,219.0,2717.0,0.0,0.0,2717.0,1931.0,1931.0,1931.0,1951.0,1951.0,1948.0,11748.0,15320.0,8886.0,0.0,0.0,2717.0,1931.0,1931.0,1931.0
0.0,30323.0,5838.0,5794.0,0.0,6473.0,1802.0,0.0,4671.0,1931.0,1931.0,1932.0,1944.0,1945.0,1949.0,9797.0,13588.0,6938.0,1802.0,0.0,4671.0,1931.0,1931.0,1932.0
0.0,24485.0,5823.0,5794.0,764.0,9593.0,3745.0,0.0,5848.0,1931.0,1931.0,1932.0,1943.0,1939.0,1941.0,7853.0,11643.0,4989.0,3745.0,0.0,5848.0,1931.0,1931.0,1932.0
0.0,19426.0,5813.0,5795.0,2717.0,12645.0,5685.0,1894.0,5066.0,1931.0,1932.0,1932.0,1940.0,1938.0,1935.0,5910.0,9704.0,3812.0,5685.0,1894.0,5066.0,1931.0,1932.0,1932.0
0.0,16330.0,5820.0,5796.0,6473.0,11997.0,5825.0,3834.0,2338.0,1932.0,1932.0,1932.0,1937.0,1940.0,1943.0,3970.0,7766.0,4594.0,5825.0,3834.0,2338.0,1932.0,1932.0,1932.0
0.0,16983.0,5831.0,5797.0,9593.0,9799.0,4024.0,5775.0,0.0,1932.0,1932.0,1933.0,1944.0,1941.0,1946.0,3835.0,5826.0,7322.0,4024.0,5775.0,0.0,1932.0,1932.0,1933.0
0.0,20745.0,5856.0,5799.0,12645.0,6144.0,306.0,5838.0,0.0,1933.0,1933.0,1933.0,1962.0,1952.0,1942.0,5636.0,3885.0,11224.0,306.0,5838.0,0.0,1933.0,1933.0,1933.0
0.0,27534.0,5860.0,5802.0,9683.0,3966.0,0.0,3966.0,0.0,1934.0,1934.0,1934.0,1952.0,1957.0,1951.0,9359.0,3827.0,14348.0,0.0,3966.0,0.0,1934.0,1934.0,1934.0
0.0,31357.0,5855.0,5804.0,12113.0,153.0,0.0,153.0,0.0,1934.0,1935.0,1935.0,1949.0,1957.0,1949.0,10918.0,5704.0,14735.0,0.0,153.0,0.0,1934.0,1935.0,1935.0
0.0,37615.0,5840.0,5804.0,6144.0,0.0,0.0,0.0,0.0,1934.0,1935.0,1935.0,1946.0,1940.0,1954.0,15307.0,9522.0,12786.0,0.0,0.0,0.0,1934.0,1935.0,1935.0
0.0,37919.0,5827.0,5806.0,3966.0,793.0,0.0,0.0,793.0,1935.0,1935.0,1936.0,1943.0,1939.0,1945.0,13667.0,13420.0,10832.0,0.0,0.0,793.0,1935.0,1935.0,1936.0
0.0,36058.0,5812.0,5806.0,153.0,2737.0,0.0,0.0,2737.0,1935.0,1935.0,1936.0,1931.0,1937.0,1944.0,11724.0,15447.0,8887.0,0.0,0.0,2737.0,1935.0,1935.0,1936.0
0.0,30399.0,5853.0,5807.0,0.0,6523.0,1836.0,0.0,4687.0,1935.0,1936.0,1936.0,1954.0,1949.0,1950.0,9793.0,13663.0,6943.0,1836.0,0.0,4687.0,1935.0,1936.0,1936.0
0.0,24546.0,5864.0,5810.0,793.0,9648.0,3800.0,0.0,5848.0,1936.0,1937.0,1937.0,1959.0,1956.0,1949.0,7839.0,11714.0,4993.0,3800.0,0.0,5848.0,1936.0,1937.0,1937.0
0.0,19475.0,5880.0,5812.0,2737.0,12728.0,5763.0,1889.0,5076.0,1937.0,1937.0,1938.0,1958.0,1962.0,1960.0,5880.0,9758.0,3837.0,5763.0,1889.0,5076.0,1937.0,1937.0,1938.0
0.0,16332.0,5867.0,5814.0,6523.0,12082.0,5880.0,3848.0,2354.0,1938.0,1938.0,1938.0,1948.0,1954.0,1965.0,3922.0,7796.0,4614.0,5880.0,3848.0,2354.0,1938.0,1938.0,1938.0
0.0,16988.0,5847.0,5815.0,9648.0,9826.0,4029.0,5797.0,0.0,1938.0,1938.0,1939.0,1949.0,1949.0,1949.0,3810.0,5842.0,7336.0,4029.0,5797.0,0.0,1938.0,1938.0,1939.0
0.0,20789.0,5861.0,5816.0,12728.0,6082.0,218.0,5864.0,0.0,1938.0,1939.0,1939.0,1952.0,1951.0,1958.0,5661.0,3893.0,11235.0,218.0,5864.0,0.0,1938.0,1939.0,1939.0
0.0,27656.0,5809.0,5817.0,12082.0,3952.0,0.0,3952.0,0.0,1938.0,1939.0,1940.0,1928.0,1936.0,1945.0,9472.0,3831.0,14353.0,0.0,3952.0,0.0,1938.0,1939.0,1940.0
0.0,33929.0,5853.0,5819.0,9826.0,110.0,0.0,110.0,0.0,1939.0,1940.0,1940.0,1950.0,1950.0,1953.0,13424.0,5743.0,14762.0,0.0,110.0,0.0,1939.0,1940.0,1940.0
0.0,37902.0,5869.0,5820.0,6082.0,0.0,0.0,0.0,0.0,1939.0,1940.0,1941.0,1962.0,1951.0,1956.0,15503.0,9590.0,12809.0,0.0,0.0,0.0,1939.0,1940.0,1941.0
0.0,38115.0,5875.0,5823.0,3952.0,816.0,0.0,0.0,816.0,1940.0,1941.0,1942.0,1955.0,1961.0,1959.0,13759.0,13503.0,10853.0,0.0,0.0,816.0,1940.0,1941.0,1942.0
0.0,36192.0,5885.0,5826.0,110.0,2791.0,0.0,0.0,2791.0,1941.0,1942.0,1943.0,1955.0,1960.0,1970.0,11804.0,15494.0,8894.0,0.0,0.0,2791.0,1941.0,1942.0,1943.0
0.0,30417.0,5851.0,5826.0,0.0,6547.0,1806.0,0.0,4741.0,1941.0,1942.0,1943.0,1950.0,1951.0,1950.0,9849.0,13644.0,6924.0,1806.0,0.0,4741.0,1941.0,1942.0,1943.0
0.0,24566.0,5822.0,5826.0,816.0,9615.0,3746.0,0.0,5869.0,1941.0,1942.0,1943.0,1940.0,1938.0,1944.0,7899.0,11693.0,4974.0,3746.0,0.0,5869.0,1941.0,1942.0,1943.0
0.0,19560.0,5829.0,5826.0,2791.0,12608.0,5693.0,1895.0,5020.0,1941.0,1942.0,1943.0,1947.0,1940.0,1942.0,5959.0,9755.0,3846.0,5693.0,1895.0,5020.0,1941.0,1942.0,1943.0
0.0,16522.0,5862.0,5829.0,6547.0,11938.0,5838.0,3860.0,2240.0,1942.0,1943.0,1944.0,1946.0,1960.0,1956.0,4012.0,7815.0,4695.0,5838.0,3860.0,2240.0,1942.0,1943.0,1944.0
0.0,17207.0,5902.0,5831.0,9615.0,9893.0,4062.0,5831.0,0.0,1942.0,1944.0,1945.0,1970.0,1966.0,1966.0,3872.0,5855.0,7480.0,4062.0,5831.0,0.0,1942.0,1944.0,1945.0
0.0,20920.0,5905.0,5835.0,12608.0,6254.0,346.0,5908.0,0.0,1944.0,1945.0,1946.0,1967.0,1967.0,1971.0,5648.0,3889.0,11383.0,346.0,5908.0,0.0,1944.0,1945.0,1946.0
0.0,27623.0,5876.0,5835.0,10164.0,4008.0,0.0,4008.0,0.0,1944.0,1945.0,1946.0,1948.0,1960.0,1968.0,9374.0,3817.0,14432.0,0.0,4008.0,0.0,1944.0,1945.0,1946.0
0.0,31911.0,5862.0,5835.0,11667.0,128.0,0.0,128.0,0.0,1944.0,1945.0,1946.0,1956.0,1951.0,1955.0,11490.0,5717.0,14704.0,0.0,128.0,0.0,1944.0,1945.0,1946.0
0.0,37716.0,5839.0,5835.0,4400.0,0.0,0.0,0.0,0.0,1944.0,1945.0,1946.0,1950.0,1948.0,1941.0,15370.0,9597.0,12749.0,0.0,0.0,0.0,1944.0,1945.0,1946.0
0.0,36277.0,5856.0,5838.0,3320.0,881.0,0.0,0.0,881.0,1945.0,1946.0,1947.0,1950.0,1952.0,1954.0,13766.0,11703.0,10808.0,0.0,0.0,881.0,1945.0,1946.0,1947.0
0.0,33741.0,5873.0,5838.0,2670.0,2838.0,0.0,0.0,2838.0,1945.0,1946.0,1947.0,1955.0,1961.0,1957.0,11816.0,13071.0,8854.0,0.0,0.0,2838.0,1945.0,1946.0,1947.0
0.0,30538.0,5905.0,5841.0,0.0,6652.0,1839.0,0.0,4813.0,1946.0,1947.0,1948.0,1970.0,1965.0,1970.0,9861.0,13780.0,6897.0,1839.0,0.0,4813.0,1946.0,1947.0,1948.0
0.0,24633.0,5910.0,5844.0,881.0,9726.0,3815.0,0.0,5911.0,1947.0,1948.0,1949.0,1971.0,1965.0,1974.0,7891.0,11815.0,4927.0,3815.0,0.0,5911.0,1947.0,1948.0,1949.0
0.0,19604.0,5885.0,5844.0,2838.0,12663.0,5768.0,1858.0,5037.0,1947.0,1948.0,1949.0,1953.0,1968.0,1964.0,5920.0,9850.0,3834.0,5768.0,1858.0,5037.0,1947.0,1948.0,1949.0
0.0,16557.0,5867.0,5844.0,6652.0,11878.0,5889.0,3811.0,2178.0,1947.0,1948.0,1949.0,1960.0,1953.0,1954.0,3967.0,7882.0,4708.0,5889.0,3811.0,2178.0,1947.0,1948.0,1949.0
0.0,17342.0,5869.0,5847.0,9726.0,9812.0,4039.0,5773.0,0.0,1948.0,1949.0,1950.0,1960.0,1957.0,1952.0,3846.0,5929.0,7567.0,4039.0,5773.0,0.0,1948.0,1949.0,1950.0
0.0,21199.0,5840.0,5847.0,12663.0,6071.0,217.0,5854.0,0.0,1948.0,1949.0,1950.0,1946.0,1939.0,1955.0,5701.0,3972.0,11526.0,217.0,5854.0,0.0,1948.0,1949.0,1950.0
0.0,28022.0,5890.0,5848.0,11878.0,4003.0,0.0,4003.0,0.0,1948.0,1949.0,1951.0,1963.0,1960.0,1967.0,9523.0,3891.0,14608.0,0.0,4003.0,0.0,1948.0,1949.0,1951.0
0.0,34010.0,5920.0,5851.0,9812.0,206.0,0.0,206.0,0.0,1949.0,1950.0,1952.0,1971.0,1971.0,1978.0,13449.0,5742.0,14819.0,0.0,206.0,0.0,1949.0,1950.0,1952.0
0.0,37902.0,5912.0,5854.0,6071.0,0.0,0.0,0.0,0.0,1950.0,1951.0,1953.0,1963.0,1969.0,1980.0,15517.0,9544.0,12841.0,0.0,0.0,0.0,1950.0,1951.0,1953.0
0.0,38061.0,5887.0,5854.0,4003.0,864.0,0.0,0.0,864.0,1950.0,1951.0,1953.0,1964.0,1963.0,1960.0,13771.0,13429.0,10861.0,0.0,0.0,864.0,1950.0,1951.0,1953.0
0.0,36177.0,5867.0,5855.0,206.0,2814.0,0.0,0.0,2814.0,1951.0,1951.0,1953.0,1963.0,1954.0,1950.0,11807.0,15469.0,8901.0,0.0,0.0,2814.0,1951.0,1951.0,1953.0
0.0,30516.0,5850.0,5855.0,0.0,6628.0,1865.0,0.0,4763.0,1951.0,1951.0,1953.0,1954.0,1947.0,1949.0,9844.0,13721.0,6951.0,1865.0,0.0,4763.0,1951.0,1951.0,1953.0
0.0,24666.0,5878.0,5857.0,864.0,9684.0,3816.0,0.0,5868.0,1951.0,1952.0,1954.0,1951.0,1963.0,1964.0,7890.0,11774.0,5002.0,3816.0,0.0,5868.0,1951.0,1952.0,1954.0
0.0,19652.0,5891.0,5859.0,2814.0,12720.0,5777.0,1927.0,5016.0,1952.0,1953.0,1954.0,1956.0,1973.0,1962.0,5939.0,9811.0,3902.0,5777.0,1927.0,5016.0,1952.0,1953.0,1954.0
0.0,16575.0,5915.0,5860.0,6628.0,12012.0,5890.0,3895.0,2227.0,1952.0,1953.0,1955.0,1978.0,1968.0,1969.0,3983.0,7838.0,4754.0,5890.0,3895.0,2227.0,1952.0,1953.0,1955.0
0.0,17288.0,5914.0,5862.0,9684.0,9925.0,4053.0,5872.0,0.0,1953.0,1954.0,1955.0,1974.0,1972.0,1968.0,3870.0,5870.0,7548.0,4053.0,5872.0,0.0,1953.0,1954.0,1955.0
0.0,21058.0,5898.0,5864.0,12720.0,6156.0,249.0,5907.0,0.0,1954.0,1954.0,1956.0,1968.0,1962.0,1968.0,5712.0,3898.0,11448.0,249.0,5907.0,0.0,1954.0,1954.0,1956.0
0.0,27880.0,5884.0,5864.0,9609.0,3967.0,0.0,3967.0,0.0,1954.0,1954.0,1956.0,1969.0,1955.0,1960.0,9521.0,3863.0,14496.0,0.0,3967.0,0.0,1954.0,1954.0,1956.0
0.0,31605.0,5875.0,5864.0,12328.0,51.0,0.0,51.0,0.0,1954.0,1954.0,1956.0,1958.0,1956.0,1961.0,11039.0,5803.0,14763.0,0.0,51.0,0.0,1954.0,1954.0,1956.0
0.0,38058.0,5876.0,5865.0,6156.0,0.0,0.0,0.0,0.0,1955.0,1954.0,1956.0,1953.0,1960.0,1963.0,15537.0,9719.0,12802.0,0.0,0.0,0.0,1955.0,1954.0,1956.0
0.0,38338.0,5892.0,5867.0,3967.0,910.0,0.0,0.0,910.0,1955.0,1955.0,1957.0,1970.0,1958.0,1964.0,13833.0,13666.0,10839.0,0.0,0.0,910.0,1955.0,1955.0,1957.0
0.0,36413.0,5910.0,5869.0,51.0,2883.0,0.0,0.0,2883.0,1956.0,1955.0,1958.0,1973.0,1969.0,1968.0,11863.0,15675.0,8875.0,0.0,0.0,2883.0,1956.0,1955.0,1958.0
0.0,30554.0,5932.0,5871.0,0.0,6727.0,1871.0,0.0,4856.0,1957.0,1956.0,1958.0,1976.0,1983.0,1973.0,9890.0,13757.0,6907.0,1871.0,0.0,4856.0,1957.0,1956.0,1958.0
0.0,24622.0,5897.0,5872.0,910.0,9744.0,3836.0,0.0,5908.0,1957.0,1957.0,1958.0,1965.0,1970.0,1962.0,7914.0,11774.0,4934.0,3836.0,0.0,5908.0,1957.0,1957.0,1958.0
0.0,19635.0,5903.0,5873.0,2883.0,12750.0,5803.0,1949.0,4998.0,1957.0,1957.0,1959.0,1967.0,1968.0,1968.0,5949.0,9804.0,3882.0,5803.0,1949.0,4998.0,1957.0,1957.0,1959.0
0.0,16615.0,5890.0,5873.0,6727.0,11913.0,5899.0,3906.0,2108.0,1957.0,1957.0,1959.0,1967.0,1957.0,1966.0,3982.0,7836.0,4797.0,5899.0,3906.0,2108.0,1957.0,1957.0,1959.0
0.0,17452.0,5901.0,5875.0,9744.0,9907.0,4036.0,5871.0,0.0,1958.0,1957.0,1960.0,1968.0,1965.0,1968.0,3886.0,5879.0,7687.0,4036.0,5871.0,0.0,1958.0,1957.0,1960.0
0.0,21295.0,5934.0,5876.0,12750.0,6116.0,208.0,5908.0,0.0,1958.0,1958.0,1960.0,1975.0,1981.0,1978.0,5754.0,3914.0,11627.0,208.0,5908.0,0.0,1958.0,1958.0,1960.0
0.0,28111.0,5943.0,5879.0,11913.0,3992.0,0.0,3992.0,0.0,1959.0,1959.0,1961.0,1983.0,1985.0,1975.0,9582.0,3882.0,14647.0,0.0,3992.0,0.0,1959.0,1959.0,1961.0
0.0,34081.0,5921.0,5881.0,9907.0,98.0,0.0,98.0,0.0,1960.0,1960.0,1961.0,1970.0,1972.0,1979.0,13498.0,5803.0,14780.0,0.0,98.0,0.0,1960.0,1960.0,1961.0
0.0,38067.0,5918.0,5882.0,6116.0,0.0,0.0,0.0,0.0,1960.0,1960.0,1962.0,1965.0,1972.0,1981.0,15564.0,9702.0,12801.0,0.0,0.0,0.0,1960.0,1960.0,1962.0
0.0,38265.0,5923.0,5883.0,3992.0,977.0,0.0,0.0,977.0,1960.0,1960.0,1963.0,1973.0,1968.0,1982.0,13807.0,13638.0,10820.0,0.0,0.0,977.0,1960.0,1960.0,1963.0
0.0,36334.0,5910.0,5883.0,98.0,2952.0,0.0,0.0,2952.0,1960.0,1960.0,1963.0,1967.0,1968.0,1975.0,11834.0,15662.0,8838.0,0.0,0.0,2952.0,1960.0,1960.0,1963.0
0.0,30522.0,5882.0,5884.0,0.0,6803.0,1884.0,0.0,4919.0,1960.0,1961.0,1963.0,1951.0,1964.0,1967.0,9867.0,13792.0,6863.0,1884.0,0.0,4919.0,1960.0,1961.0,1963.0
0.0,24640.0,5919.0,5885.0,977.0,9778.0,3861.0,0.0,5917.0,1961.0,1961.0,1963.0,1972.0,1972.0,1975.0,7916.0,11828.0,4896.0,3861.0,0.0,5917.0,1961.0,1961.0,1963.0
0.0,19698.0,5945.0,5888.0,2952.0,12735.0,5856.0,1938.0,4941.0,1962.0,1962.0,1964.0,1990.0,1984.0,1971.0,5944.0,9856.0,3898.0,5856.0,1938.0,4941.0,1962.0,1962.0,1964.0
0.0,16705.0,5935.0,5889.0,6803.0,11872.0,5959.0,3912.0,2001.0,1963.0,1962.0,1964.0,1982.0,1974.0,1979.0,3954.0,7872.0,4879.0,5959.0,3912.0,2001.0,1963.0,1962.0,1964.0
0.0,17573.0,5937.0,5891.0,9778.0,9975.0,4072.0,5903.0,0.0,1963.0,1963.0,1965.0,1974.0,1986.0,1977.0,3856.0,5898.0,7819.0,4072.0,5903.0,0.0,1963.0,1963.0,1965.0
0.0,21414.0,5926.0,5892.0,12716.0,6158.0,206.0,5952.0,0.0,1963.0,1964.0,1965.0,1971.0,1982.0,1973.0,5743.0,3912.0,11759.0,206.0,5952.0,0.0,1963.0,1964.0,1965.0
0.0,28204.0,5907.0,5893.0,10781.0,4005.0,0.0,4005.0,0.0,1964.0,1964.0,1965.0,1969.0,1965.0,1973.0,9609.0,3868.0,14727.0,0.0,4005.0,0.0,1964.0,1964.0,1965.0
0.0,33078.0,5908.0,5893.0,11085.0,71.0,0.0,71.0,0.0,1964.0,1964.0,1965.0,1963.0,1969.0,1976.0,12508.0,5815.0,14755.0,0.0,71.0,0.0,1964.0,1964.0,1965.0
0.0,38255.0,5923.0,5894.0,4315.0,0.0,0.0,0.0,0.0,1964.0,1964.0,1966.0,1975.0,1975.0,1973.0,15727.0,9749.0,12779.0,0.0,0.0,0.0,1964.0,1964.0,1966.0
0.0,36647.0,5962.0,5897.0,3333.0,1010.0,0.0,0.0,1010.0,1965.0,1965.0,1967.0,1994.0,1987.0,1981.0,13958.0,11883.0,10806.0,0.0,0.0,1010.0,1965.0,1965.0,1967.0
0.0,34018.0,5957.0,5899.0,2586.0,2992.0,0.0,0.0,2992.0,1966.0,1966.0,1967.0,1981.0,1994.0,1982.0,11964.0,13229.0,8825.0,0.0,0.0,2992.0,1966.0,1966.0,1967.0
0.0,30647.0,5933.0,5902.0,0.0,6808.0,1830.0,0.0,4978.0,1967.0,1967.0,1968.0,1978.0,1974.0,1981.0,9983.0,13821.0,6843.0,1830.0,0.0,4978.0,1967.0,1967.0,1968.0
0.0,24714.0,5931.0,5902.0,1010.0,9760.0,3805.0,0.0,5955.0,1967.0,1967.0,1968.0,1975.0,1969.0,1987.0,8005.0,11847.0,4862.0,3805.0,0.0,5955.0,1967.0,1967.0,1968.0
0.0,19793.0,5926.0,5902.0,2992.0,12651.0,5779.0,1933.0,4939.0,1967.0,1967.0,1968.0,1974.0,1976.0,1976.0,6030.0,9878.0,3885.0,5779.0,1933.0,4939.0,1967.0,1967.0,1968.0
0.0,16859.0,5912.0,5902.0,6808.0,11755.0,5923.0,3909.0,1923.0,1967.0,1967.0,1968.0,1974.0,1976.0,1962.0,4056.0,7902.0,4901.0,5923.0,3909.0,1923.0,1967.0,1967.0,1968.0
0.0,17755.0,5941.0,5905.0,9760.0,9999.0,4103.0,5896.0,0.0,1968.0,1968.0,1969.0,1980.0,1982.0,1979.0,3912.0,5926.0,7917.0,4103.0,5896.0,0.0,1968.0,1968.0,1969.0
0.0,21574.0,5956.0,5906.0,12651.0,6265.0,322.0,5943.0,0.0,1969.0,1968.0,1969.0,1993.0,1980.0,1983.0,5737.0,3944.0,11893.0,322.0,5943.0,0.0,1969.0,1968.0,1969.0
0.0,28269.0,5966.0,5908.0,11755.0,4023.0,0.0,4023.0,0.0,1969.0,1969.0,1970.0,1988.0,1984.0,1994.0,9523.0,3897.0,14849.0,0.0,4023.0,0.0,1969.0,1969.0,1970.0
0.0,34058.0,5953.0,5911.0,9999.0,127.0,0.0,127.0,0.0,1970.0,1970.0,1971.0,1973.0,1995.0,1985.0,13458.0,5822.0,14778.0,0.0,127.0,0.0,1970.0,1970.0,1971.0
0.0,38104.0,5966.0,5911.0,6265.0,0.0,0.0,0.0,0.0,1970.0,1970.0,1971.0,1989.0,1991.0,1986.0,15588.0,9723.0,12793.0,0.0,0.0,0.0,1970.0,1970.0,1971.0
0.0,38403.0,5942.0,5912.0,4023.0,1026.0,0.0,0.0,1026.0,1970.0,1971.0,1971.0,1982.0,1982.0,1978.0,13921.0,13675.0,10807.0,0.0,0.0,1026.0,1970.0,1971.0,1971.0
0.0,36484.0,5908.0,5913.0,127.0,2988.0,0.0,0.0,2988.0,1971.0,1971.0,1971.0,1976.0,1970.0,1962.0,11939.0,15716.0,8829.0,0.0,0.0,2988.0,1971.0,1971.0,1971.0
0.0,30703.0,5944.0,5914.0,0.0,6848.0,1872.0,0.0,4976.0,1971.0,1971.0,1972.0,1980.0,1981.0,1983.0,9963.0,13873.0,6867.0,1872.0,0.0,4976.0,1971.0,1971.0,1972.0
0.0,24759.0,5977.0,5916.0,1026.0,9808.0,3871.0,0.0,5937.0,1972.0,1972.0,1972.0,1994.0,1996.0,1987.0,7983.0,11892.0,4884.0,3871.0,0.0,5937.0,1972.0,1972.0,1972.0
0.0,19808.0,6017.0,5919.0,2988.0,12816.0,5878.0,1972.0,4966.0,1973.0,1973.0,1973.0,2002.0,2003.0,2012.0,5989.0,9896.0,3923.0,5878.0,1972.0,4966.0,1973.0,1973.0,1973.0
0.0,16779.0,5986.0,5921.0,6848.0,11964.0,6003.0,3963.0,1998.0,1973.0,1974.0,1974.0,1997.0,1986.0,2003.0,3987.0,7893.0,4899.0,6003.0,3963.0,1998.0,1973.0,1974.0,1974.0
0.0,17641.0,5937.0,5922.0,9808.0,10058.0,4120.0,5938.0,0.0,1974.0,1974.0,1974.0,1983.0,1975.0,1979.0,3862.0,5907.0,7872.0,4120.0,5938.0,0.0,1974.0,1974.0,1974.0
0.0,21512.0,5933.0,5922.0,12816.0,6171.0,227.0,5944.0,0.0,1974.0,1974.0,1974.0,1985.0,1978.0,1970.0,5750.0,3932.0,11830.0,227.0,5944.0,0.0,1974.0,1974.0,1974.0
0.0,28395.0,5927.0,5922.0,9800.0,3958.0,0.0,3958.0,0.0,1974.0,1974.0,1974.0,1971.0,1977.0,1979.0,9643.0,3926.0,14826.0,0.0,3958.0,0.0,1974.0,1974.0,1974.0
0.0,32268.0,5959.0,5925.0,12222.0,13.0,0.0,13.0,0.0,1975.0,1975.0,1975.0,1983.0,1988.0,1988.0,11511.0,5912.0,14845.0,0.0,13.0,0.0,1975.0,1975.0,1975.0
0.0,38531.0,5977.0,5927.0,6171.0,0.0,0.0,0.0,0.0,1975.0,1976.0,1976.0,1993.0,1992.0,1992.0,15812.0,9862.0,12857.0,0.0,0.0,0.0,1975.0,1976.0,1976.0
0.0,38725.0,5989.0,5929.0,3958.0,1020.0,0.0,0.0,1020.0,1976.0,1976.0,1977.0,1999.0,1990.0,2000.0,14046.0,13814.0,10865.0,0.0,0.0,1020.0,1976.0,1976.0,1977.0
0.0,36694.0,5966.0,5930.0,13.0,3012.0,0.0,0.0,3012.0,1977.0,1976.0,1977.0,1987.0,1987.0,1992.0,12047.0,15782.0,8865.0,0.0,0.0,3012.0,1977.0,1976.0,1977.0
0.0,30741.0,5968.0,5931.0,0.0,6808.0,1814.0,0.0,4994.0,1977.0,1977.0,1977.0,1989.0,1997.0,1982.0,10060.0,13808.0,6873.0,1814.0,0.0,4994.0,1977.0,1977.0,1977.0
0.0,24773.0,5938.0,5932.0,1020.0,9805.0,3798.0,55.0,5952.0,1977.0,1977.0,1978.0,1984.0,1981.0,1973.0,8071.0,11811.0,4891.0,3798.0,55.0,5952.0,1977.0,1977.0,1978.0
0.0,19855.0,5946.0,5933.0,3012.0,12744.0,5776.0,2042.0,4926.0,1977.0,1978.0,1978.0,1978.0,1982.0,1986.0,6087.0,9830.0,3938.0,5776.0,2042.0,4926.0,1977.0,1978.0,1978.0
0.0,16921.0,5975.0,5935.0,6808.0,11921.0,5962.0,4025.0,1934.0,1978.0,1978.0,1979.0,1995.0,1983.0,1997.0,4109.0,7848.0,4964.0,5962.0,4025.0,1934.0,1978.0,1978.0,1979.0
0.0,17754.0,6005.0,5937.0,9805.0,10142.0,4173.0,5969.0,0.0,1979.0,1979.0,1979.0,2004.0,1994.0,2007.0,3928.0,5865.0,7961.0,4173.0,5969.0,0.0,1979.0,1979.0,1979.0
0.0,21554.0,6015.0,5940.0,12744.0,6345.0,404.0,5941.0,0.0,1980.0,1980.0,1980.0,2002.0,2009.0,2004.0,5722.0,3926.0,11906.0,404.0,5941.0,0.0,1980.0,1980.0,1980.0
0.0,28283.0,5984.0,5942.0,11921.0,3924.0,0.0,3924.0,0.0,1980.0,1981.0,1981.0,1987.0,2003.0,1994.0,9496.0,3959.0,14828.0,0.0,3924.0,0.0,1980.0,1981.0,1981.0
0.0,34220.0,5963.0,5943.0,10142.0,0.0,0.0,0.0,0.0,1981.0,1981.0,1981.0,1994.0,1985.0,1984.0,13471.0,5981.0,14768.0,0.0,0.0,0.0,1981.0,1981.0,1981.0
0.0,38399.0,5937.0,5943.0,6345.0,0.0,0.0,0.0,0.0,1981.0,1981.0,1981.0,1982.0,1981.0,1974.0,15650.0,9965.0,12784.0,0.0,0.0,0.0,1981.0,1981.0,1981.0
0.0,38807.0,5957.0,5944.0,3924.0,1095.0,0.0,0.0,1095.0,1981.0,1981.0,1982.0,1979.0,1983.0,1995.0,14072.0,13925.0,10810.0,0.0,0.0,1095.0,1981.0,1981.0,1982.0
0.0,36774.0,5981.0,5945.0,0.0,3091.0,0.0,0.0,3091.0,1981.0,1982.0,1982.0,1990.0,1995.0,1996.0,12093.0,15866.0,8815.0,0.0,0.0,3091.0,1981.0,1982.0,1982.0
0.0,30793.0,6031.0,5948.0,0.0,6927.0,1821.0,0.0,5106.0,1982.0,1983.0,1983.0,2014.0,2007.0,2010.0,10103.0,13871.0,6819.0,1821.0,0.0,5106.0,1982.0,1983.0,1983.0
0.0,24762.0,6007.0,5950.0,1095.0,9900.0,3824.0,51.0,6025.0,1983.0,1983.0,1984.0,1998.0,2000.0,2009.0,8089.0,11864.0,4809.0,3824.0,51.0,6025.0,1983.0,1983.0,1984.0
0.0,19850.0,5993.0,5950.0,3091.0,12802.0,5828.0,2043.0,4931.0,1983.0,1983.0,1984.0,2004.0,1992.0,1997.0,6091.0,9864.0,3895.0,5828.0,2043.0,4931.0,1983.0,1983.0,1984.0
0.0,16948.0,5971.0,5952.0,6927.0,11856.0,6009.0,4039.0,1808.0,1984.0,1984.0,1984.0,1997.0,1991.0,1983.0,4087.0,7872.0,4989.0,6009.0,4039.0,1808.0,1984.0,1984.0,1984.0
0.0,17904.0,5978.0,5953.0,9900.0,10160.0,4179.0,5981.0,0.0,1984.0,1984.0,1985.0,1994.0,1993.0,1991.0,3911.0,5881.0,8112.0,4179.0,5981.0,0.0,1984.0,1984.0,1985.0
0.0,21826.0,5968.0,5953.0,12802.0,6264.0,332.0,5932.0,0.0,1984.0,1984.0,1985.0,1981.0,1994.0,1993.0,5741.0,3939.0,12146.0,332.0,5932.0,0.0,1984.0,1984.0,1985.0
0.0,28660.0,5998.0,5955.0,9675.0,3897.0,0.0,3897.0,0.0,1985.0,1985.0,1985.0,2002.0,1999.0,1997.0,9588.0,3988.0,15084.0,0.0,3897.0,0.0,1985.0,1985.0,1985.0
0.0,32337.0,6016.0,5958.0,12341.0,0.0,0.0,0.0,0.0,1986.0,1986.0,1986.0,2017.0,2001.0,1998.0,11414.0,6028.0,14895.0,0.0,0.0,0.0,1986.0,1986.0,1986.0
0.0,38662.0,6039.0,5960.0,3874.0,0.0,0.0,0.0,0.0,1987.0,1987.0,1986.0,2012.0,2017.0,2010.0,15757.0,10008.0,12897.0,0.0,0.0,0.0,1987.0,1987.0,1986.0
0.0,36497.0,5996.0,5962.0,3982.0,1044.0,0.0,0.0,1044.0,1988.0,1987.0,1987.0,1997.0,2003.0,1996.0,14077.0,11533.0,10887.0,0.0,0.0,1044.0,1988.0,1987.0,1987.0
0.0,34483.0,5993.0,5963.0,2305.0,3037.0,0.0,0.0,3037.0,1988.0,1988.0,1987.0,2000.0,2000.0,1993.0,12080.0,13512.0,8891.0,0.0,0.0,3037.0,1988.0,1988.0,1987.0
0.0,30795.0,5977.0,5964.0,0.0,6887.0,1855.0,0.0,5032.0,1988.0,1988.0,1988.0,1995.0,1992.0,1990.0,10080.0,13817.0,6898.0,1855.0,0.0,5032.0,1988.0,1988.0,1988.0
0.0,24818.0,5971.0,5964.0,1044.0,9929.0,3844.0,96.0,5989.0,1988.0,1988.0,1988.0,1989.0,1981.0,2001.0,8085.0,11825.0,4908.0,3844.0,96.0,5989.0,1988.0,1988.0,1988.0
0.0,19891.0,5999.0,5966.0,3037.0,12901.0,5850.0,2093.0,4958.0,1989.0,1988.0,1989.0,2001.0,1997.0,2001.0,6096.0,9844.0,3951.0,5850.0,2093.0,4958.0,1989.0,1988.0,1989.0
0.0,16929.0,6032.0,5968.0,6887.0,12056.0,6015.0,4108.0,1933.0,1990.0,1989.0,1989.0,2015.0,2010.0,2007.0,4095.0,7847.0,4987.0,6015.0,4108.0,1933.0,1990.0,1989.0,1989.0
0.0,17784.0,6020.0,5971.0,9929.0,10206.0,4179.0,6027.0,0.0,1991.0,1990.0,1990.0,2003.0,2010.0,2007.0,3935.0,5837.0,8012.0,4179.0,6027.0,0.0,1991.0,1990.0,1990.0
0.0,21693.0,6018.0,5971.0,12901.0,6276.0,336.0,5940.0,0.0,1991.0,1990.0,1990.0,2007.0,2006.0,2005.0,5776.0,3923.0,11994.0,336.0,5940.0,0.0,1991.0,1990.0,1990.0
0.0,28576.0,6002.0,5973.0,12056.0,3821.0,0.0,3821.0,0.0,1992.0,1990.0,1991.0,2011.0,1989.0,2002.0,9619.0,4010.0,14947.0,0.0,3821.0,0.0,1992.0,1990.0,1991.0
0.0,34630.0,5993.0,5973.0,10206.0,0.0,0.0,0.0,0.0,1992.0,1990.0,1991.0,1999.0,1995.0,1999.0,13623.0,6129.0,14878.0,0.0,0.0,0.0,1992.0,1990.0,1991.0
0.0,38843.0,5996.0,5975.0,6276.0,0.0,0.0,0.0,0.0,1992.0,1991.0,1992.0,1991.0,2001.0,2004.0,15803.0,10161.0,12879.0,0.0,0.0,0.0,1992.0,1991.0,1992.0
0.0,39123.0,6010.0,5977.0,3821.0,1092.0,0.0,0.0,1092.0,1993.0,1992.0,1992.0,2003.0,2000.0,2007.0,14148.0,14100.0,10875.0,0.0,0.0,1092.0,1993.0,1992.0,1992.0
0.0,36934.0,6022.0,5978.0,0.0,3089.0,0.0,0.0,3089.0,1994.0,1992.0,1992.0,2020.0,2005.0,1997.0,12145.0,15921.0,8868.0,0.0,0.0,3089.0,1994.0,1992.0,1992.0
0.0,30912.0,6029.0,5980.0,0.0,6960.0,1851.0,0.0,5109.0,1994.0,1993.0,1993.0,2006.0,2008.0,2015.0,10125.0,13916.0,6871.0,1851.0,0.0,5109.0,1994.0,1993.0,1993.0
0.0,24883.0,6030.0,5982.0,1092.0,9965.0,3869.0,62.0,6034.0,1995.0,1993.0,1994.0,2013.0,2005.0,2012.0,8119.0,11908.0,4856.0,3869.0,62.0,6034.0,1995.0,1993.0,1994.0
0.0,19945.0,6014.0,5983.0,3089.0,12895.0,5871.0,2074.0,4950.0,1995.0,1994.0,1994.0,2002.0,2007.0,2005.0,6106.0,9903.0,3936.0,5871.0,2074.0,4950.0,1995.0,1994.0,1994.0
0.0,17020.0,5989.0,5984.0,6960.0,11929.0,6021.0,4061.0,1847.0,1995.0,1994.0,1995.0,2001.0,1987.0,2001.0,4104.0,7896.0,5020.0,6021.0,4061.0,1847.0,1995.0,1994.0,1995.0
0.0,17991.0,5991.0,5985.0,9965.0,10145.0,4152.0,5993.0,0.0,1996.0,1994.0,1995.0,1995.0,1994.0,2002.0,3954.0,5909.0,8128.0,4152.0,5993.0,0.0,1996.0,1994.0,1995.0
0.0,21965.0,6027.0,5985.0,12895.0,6229.0,303.0,5926.0,0.0,1996.0,1994.0,1995.0,2022.0,2007.0,1998.0,5828.0,3977.0,12160.0,303.0,5926.0,0.0,1996.0,1994.0,1995.0
0.0,28833.0,6038.0,5988.0,9929.0,3886.0,0.0,3886.0,0.0,1997.0,1995.0,1996.0,2017.0,2016.0,2005.0,9677.0,4044.0,15112.0,0.0,3886.0,0.0,1997.0,1995.0,1996.0
0.0,32724.0,6053.0,5991.0,12145.0,0.0,0.0,0.0,0.0,1998.0,1996.0,1997.0,2013.0,2019.0,2021.0,11681.0,6089.0,14954.0,0.0,0.0,0.0,1998.0,1996.0,1997.0
0.0,38816.0,6031.0,5991.0,6229.0,0.0,0.0,0.0,0.0,1998.0,1996.0,1997.0,2008.0,2007.0,2016.0,15820.0,10063.0,12933.0,0.0,0.0,0.0,1998.0,1996.0,1997.0
0.0,39014.0,6023.0,5992.0,3886.0,1088.0,0.0,0.0,1088.0,1998.0,1996.0,1998.0,2011.0,1997.0,2015.0,14115.0,13982.0,10917.0,0.0,0.0,1088.0,1998.0,1996.0,1998.0
0.0,36877.0,6010.0,5993.0,0.0,3089.0,0.0,0.0,3089.0,1999.0,1996.0,1998.0,2012.0,1997.0,2001.0,12104.0,15871.0,8902.0,0.0,0.0,3089.0,1999.0,1996.0,1998.0
0.0,30867.0,5991.0,5993.0,0.0,6986.0,1895.0,0.0,5091.0,1999.0,1996.0,1998.0,1992.0,1997.0,2002.0,10092.0,13874.0,6901.0,1895.0,0.0,5091.0,1999.0,1996.0,1998.0
0.0,24876.0,6034.0,5994.0,1088.0,10040.0,3903.0,123.0,6014.0,1999.0,1997.0,1998.0,2008.0,2015.0,2011.0,8100.0,11877.0,4899.0,3903.0,123.0,6014.0,1999.0,1997.0,1998.0
0.0,19930.0,6060.0,5997.0,3089.0,13026.0,5931.0,2150.0,4945.0,2000.0,1998.0,1999.0,2023.0,2022.0,2015.0,6092.0,9862.0,3976.0,5931.0,2150.0,4945.0,2000.0,1998.0,1999.0
0.0,16959.0,6052.0,6000.0,6986.0,12107.0,6058.0,4168.0,1881.0,2001.0,1999.0,2000.0,2017.0,2013.0,2022.0,4069.0,7840.0,5050.0,6058.0,4168.0,1881.0,2001.0,1999.0,2000.0
0.0,17893.0,6064.0,6001.0,10040.0,10233.0,4174.0,6059.0,0.0,2001.0,1999.0,2001.0,2019.0,2014.0,2031.0,3947.0,5827.0,8119.0,4174.0,6059.0,0.0,2001.0,1999.0,2001.0
0.0,21869.0,6040.0,6003.0,13026.0,6195.0,265.0,5930.0,0.0,2002.0,2000.0,2001.0,2017.0,2016.0,2007.0,5831.0,3936.0,12102.0,265.0,5930.0,0.0,2002.0,2000.0,2001.0
0.0,28855.0,6050.0,6003.0,12107.0,3780.0,0.0,3780.0,0.0,2002.0,2000.0,2001.0,2017.0,2018.0,2015.0,9745.0,4070.0,15040.0,0.0,3780.0,0.0,2002.0,2000.0,2001.0
0.0,34912.0,6002.0,6004.0,10233.0,0.0,0.0,0.0,0.0,2002.0,2000.0,2002.0,1997.0,1998.0,2007.0,13786.0,6220.0,14906.0,0.0,0.0,0.0,2002.0,2000.0,2002.0
0.0,39143.0,6045.0,6006.0,6195.0,0.0,0.0,0.0,0.0,2003.0,2001.0,2002.0,2011.0,2016.0,2018.0,15963.0,10281.0,12899.0,0.0,0.0,0.0,2003.0,2001.0,2002.0
0.0,39293.0,6088.0,6009.0,3780.0,1170.0,0.0,0.0,1170.0,2004.0,2001.0,2004.0,2031.0,2026.0,2031.0,14217.0,14195.0,10881.0,0.0,0.0,1170.0,2004.0,2001.0,2004.0
0.0,36985.0,6076.0,6010.0,0.0,3198.0,0.0,0.0,3198.0,2004.0,2002.0,2004.0,2019.0,2029.0,2028.0,12186.0,15949.0,8850.0,0.0,0.0,3198.0,2004.0,2002.0,2004.0
0.0,30909.0,6078.0,6013.0,0.0,7106.0,1875.0,0.0,5231.0,2005.0,2003.0,2005.0,2017.0,2033.0,2028.0,10167.0,13920.0,6822.0,1875.0,0.0,5231.0,2005.0,2003.0,2005.0
0.0,24831.0,6043.0,6014.0,1170.0,10112.0,3896.0,143.0,6073.0,2005.0,2004.0,2005.0,2021.0,2010.0,2012.0,8150.0,11887.0,4794.0,3896.0,143.0,6073.0,2005.0,2004.0,2005.0
0.0,19958.0,6000.0,6013.0,3198.0,12909.0,5897.0,2132.0,4880.0,2005.0,2003.0,2005.0,2001.0,1994.0,2005.0,6129.0,9877.0,3952.0,5897.0,2132.0,4880.0,2005.0,2003.0,2005.0
0.0,17156.0,6029.0,6015.0,7106.0,11842.0,6034.0,4148.0,1660.0,2006.0,2004.0,2005.0,2007.0,2011.0,2011.0,4128.0,7883.0,5145.0,6034.0,4148.0,1660.0,2006.0,2004.0,2005.0
0.0,18233.0,6082.0,6016.0,10112.0,10194.0,4167.0,6027.0,0.0,2006.0,2004.0,2006.0,2029.0,2022.0,2031.0,3996.0,5872.0,8365.0,4167.0,6027.0,0.0,2006.0,2004.0,2006.0
0.0,22263.0,6096.0,6020.0,12909.0,6231.0,301.0,5930.0,0.0,2007.0,2005.0,2008.0,2026.0,2030.0,2040.0,5863.0,3993.0,12407.0,301.0,5930.0,0.0,2007.0,2005.0,2008.0
0.0,29076.0,6071.0,6022.0,9605.0,3802.0,0.0,3802.0,0.0,2008.0,2006.0,2008.0,2022.0,2015.0,2034.0,9734.0,4095.0,15247.0,0.0,3802.0,0.0,2008.0,2006.0,2008.0
0.0,32610.0,6055.0,6023.0,12431.0,0.0,0.0,0.0,0.0,2008.0,2006.0,2009.0,2013.0,2018.0,2024.0,11509.0,6228.0,14873.0,0.0,0.0,0.0,2008.0,2006.0,2009.0
0.0,38986.0,6043.0,6023.0,3853.0,0.0,0.0,0.0,0.0,2008.0,2006.0,2009.0,2013.0,2020.0,2010.0,15900.0,10237.0,12849.0,0.0,0.0,0.0,2008.0,2006.0,2009.0
0.0,36796.0,6050.0,6025.0,4071.0,1219.0,0.0,0.0,1219.0,2009.0,2007.0,2009.0,2015.0,2022.0,2013.0,14188.0,11769.0,10839.0,0.0,0.0,1219.0,2009.0,2007.0,2009.0
0.0,34817.0,6039.0,6025.0,2109.0,3226.0,0.0,0.0,3226.0,2009.0,2007.0,2009.0,2017.0,2015.0,2007.0,12173.0,13818.0,8826.0,0.0,0.0,3226.0,2009.0,2007.0,2009.0
0.0,30887.0,6061.0,6028.0,0.0,7172.0,1919.0,0.0,5253.0,2010.0,2008.0,2010.0,2025.0,2014.0,2022.0,10156.0,13912.0,6819.0,1919.0,0.0,5253.0,2010.0,2008.0,2010.0
0.0,24826.0,6101.0,6029.0,1219.0,10201.0,3953.0,172.0,6076.0,2010.0,2008.0,2011.0,2034.0,2030.0,2037.0,8131.0,11898.0,4797.0,3953.0,172.0,6076.0,2010.0,2008.0,2011.0
0.0,19944.0,6092.0,6031.0,3226.0,13077.0,5990.0,2210.0,4877.0,2011.0,2009.0,2011.0,2032.0,2033.0,2027.0,6097.0,9868.0,3979.0,5990.0,2210.0,4877.0,2011.0,2009.0,2011.0
0.0,17078.0,6082.0,6033.0,7172.0,11997.0,6082.0,4254.0,1661.0,2011.0,2010.0,2012.0,2011.0,2039.0,2032.0,4065.0,7835.0,5178.0,6082.0,4254.0,1661.0,2011.0,2010.0,2012.0
0.0,18168.0,6062.0,6034.0,10201.0,10259.0,4156.0,6103.0,0.0,2012.0,2010.0,2012.0,2022.0,2021.0,2019.0,3973.0,5796.0,8399.0,4156.0,6103.0,0.0,2012.0,2010.0,2012.0
0.0,22307.0,6048.0,6035.0,13077.0,6089.0,182.0,5907.0,0.0,2012.0,2010.0,2013.0,2016.0,2014.0,2018.0,5904.0,3947.0,12456.0,182.0,5907.0,0.0,2012.0,2010.0,2013.0
0.0,29336.0,6043.0,6036.0,11997.0,3670.0,0.0,3670.0,0.0,2012.0,2011.0,2013.0,2014.0,2012.0,2017.0,9878.0,4143.0,15315.0,0.0,3670.0,0.0,2012.0,2011.0,2013.0
0.0,35290.0,6081.0,6037.0,10259.0,0.0,0.0,0.0,0.0,2012.0,2011.0,2014.0,2022.0,2028.0,2031.0,13946.0,6385.0,14959.0,0.0,0.0,0.0,2012.0,2011.0,2014.0
0.0,39468.0,6095.0,6040.0,6089.0,0.0,0.0,0.0,0.0,2013.0,2012.0,2015.0,2029.0,2032.0,2034.0,16080.0,10460.0,12928.0,0.0,0.0,0.0,2013.0,2012.0,2015.0
0.0,39462.0,6090.0,6042.0,3670.0,1212.0,0.0,0.0,1212.0,2014.0,2013.0,2015.0,2024.0,2035.0,2031.0,14233.0,14335.0,10894.0,0.0,0.0,1212.0,2014.0,2013.0,2015.0
0.0,37042.0,6076.0,6043.0,0.0,3239.0,0.0,0.0,3239.0,2014.0,2013.0,2016.0,2025.0,2029.0,2022.0,12209.0,15970.0,8863.0,0.0,0.0,3239.0,2014.0,2013.0,2016.0
0.0,30966.0,6062.0,6044.0,0.0,7172.0,1913.0,0.0,5259.0,2014.0,2014.0,2016.0,2027.0,2015.0,2020.0,10184.0,13941.0,6841.0,1913.0,0.0,5259.0,2014.0,2014.0,2016.0
0.0,24904.0,6060.0,6045.0,1212.0,10169.0,3935.0,167.0,6067.0,2015.0,2014.0,2016.0,2017.0,2023.0,2020.0,8157.0,11926.0,4821.0,3935.0,167.0,6067.0,2015.0,2014.0,2016.0
0.0,20056.0,6056.0,6045.0,3239.0,12986.0,5951.0,2185.0,4850.0,2015.0,2014.0,2016.0,2016.0,2018.0,2022.0,6140.0,9903.0,4013.0,5951.0,2185.0,4850.0,2015.0,2014.0,2016.0
0.0,17239.0,6100.0,6047.0,7172.0,11924.0,6066.0,4227.0,1631.0,2015.0,2015.0,2017.0,2028.0,2037.0,2035.0,4124.0,7885.0,5230.0,6066.0,4227.0,1631.0,2015.0,2015.0,2017.0
0.0,18311.0,6101.0,6050.0,10169.0,10266.0,4170.0,6096.0,0.0,2016.0,2016.0,2018.0,2034.0,2031.0,2036.0,4009.0,5848.0,8454.0,4170.0,6096.0,0.0,2016.0,2016.0,2018.0
0.0,22379.0,6109.0,6051.0,12986.0,6202.0,259.0,5943.0,0.0,2017.0,2016.0,2018.0,2035.0,2032.0,2042.0,5910.0,3984.0,12485.0,259.0,5943.0,0.0,2017.0,2016.0,2018.0
0.0,29256.0,6072.0,6053.0,10875.0,3746.0,0.0,3746.0,0.0,2017.0,2017.0,2019.0,2018.0,2025.0,2029.0,9826.0,4137.0,15293.0,0.0,3746.0,0.0,2017.0,2017.0,2019.0
0.0,34059.0,6085.0,6053.0,11315.0,0.0,0.0,0.0,0.0,2017.0,2017.0,2019.0,2031.0,2030.0,2024.0,12825.0,6339.0,14895.0,0.0,0.0,0.0,2017.0,2017.0,2019.0
0.0,39289.0,6079.0,6056.0,6202.0,0.0,0.0,0.0,0.0,2018.0,2018.0,2020.0,2025.0,2026.0,2028.0,16013.0,10405.0,12871.0,0.0,0.0,0.0,2018.0,2018.0,2020.0
0.0,39412.0,6057.0,6056.0,3746.0,1287.0,0.0,0.0,1287.0,2018.0,2018.0,2020.0,2017.0,2010.0,2030.0,14247.0,14322.0,10843.0,0.0,0.0,1287.0,2018.0,2018.0,2020.0
0.0,37101.0,6102.0,6057.0,0.0,3325.0,0.0,0.0,3325.0,2018.0,2018.0,2021.0,2042.0,2027.0,2033.0,12230.0,16058.0,8813.0,0.0,0.0,3325.0,2018.0,2018.0,2021.0
0.0,30999.0,6111.0,6059.0,0.0,7305.0,1947.0,0.0,5358.0,2019.0,2019.0,2021.0,2040.0,2038.0,2033.0,10188.0,14031.0,6780.0,1947.0,0.0,5358.0,2019.0,2019.0,2021.0
0.0,24888.0,6103.0,6062.0,1287.0,10238.0,3983.0,150.0,6105.0,2020.0,2020.0,2022.0,2031.0,2043.0,2029.0,8148.0,11993.0,4747.0,3983.0,150.0,6105.0,2020.0,2020.0,2022.0
0.0,20072.0,6114.0,6063.0,3325.0,13032.0,6023.0,2192.0,4817.0,2020.0,2021.0,2022.0,2040.0,2037.0,2037.0,6117.0,9950.0,4005.0,6023.0,2192.0,4817.0,2020.0,2021.0,2022.0
0.0,17283.0,6083.0,6065.0,7305.0,11820.0,6120.0,4214.0,1486.0,2021.0,2021.0,2023.0,2039.0,2022.0,2022.0,4077.0,7913.0,5293.0,6120.0,4214.0,1486.0,2021.0,2021.0,2023.0
0.0,18505.0,6082.0,6065.0,10238.0,10245.0,4158.0,6087.0,0.0,2021.0,2021.0,2023.0,2021.0,2023.0,2038.0,3985.0,5891.0,8629.0,4158.0,6087.0,0.0,2021.0,2021.0,2023.0
0.0,22661.0,6083.0,6065.0,13032.0,6082.0,156.0,5926.0,0.0,2021.0,2021.0,2023.0,2021.0,2031.0,2031.0,5947.0,4018.0,12696.0,156.0,5926.0,0.0,2021.0,2021.0,2023.0
0.0,29610.0,6098.0,6067.0,11820.0,3754.0,0.0,3754.0,0.0,2021.0,2022.0,2024.0,2033.0,2037.0,2028.0,9949.0,4179.0,15482.0,0.0,3754.0,0.0,2021.0,2022.0,2024.0
0.0,35332.0,6139.0,6069.0,10245.0,0.0,0.0,0.0,0.0,2022.0,2023.0,2024.0,2049.0,2049.0,2041.0,14036.0,6356.0,14940.0,0.0,0.0,0.0,2022.0,2023.0,2024.0
0.0,39438.0,6106.0,6072.0,6082.0,0.0,0.0,0.0,0.0,2023.0,2024.0,2025.0,2037.0,2036.0,2033.0,16145.0,10394.0,12899.0,0.0,0.0,0.0,2023.0,2024.0,2025.0
0.0,39414.0,6118.0,6074.0,3754.0,1307.0,0.0,0.0,1307.0,2024.0,2024.0,2026.0,2041.0,2034.0,2043.0,14264.0,14284.0,10866.0,0.0,0.0,1307.0,2024.0,2024.0,2026.0
0.0,37050.0,6112.0,6074.0,0.0,3343.0,0.0,0.0,3343.0,2024.0,2024.0,2026.0,2037.0,2039.0,2036.0,12223.0,16004.0,8823.0,0.0,0.0,3343.0,2024.0,2024.0,2026.0
0.0,30938.0,6119.0,6075.0,0.0,7356.0,1974.0,0.0,5382.0,2024.0,2025.0,2026.0,2040.0,2040.0,2039.0,10186.0,13965.0,6787.0,1974.0,0.0,5382.0,2024.0,2025.0,2026.0
0.0,24819.0,6079.0,6075.0,1307.0,10328.0,3994.0,228.0,6106.0,2024.0,2025.0,2026.0,2020.0,2028.0,2031.0,8146.0,11925.0,4748.0,3994.0,228.0,6106.0,2024.0,2025.0,2026.0
0.0,20047.0,6113.0,6078.0,3343.0,13113.0,6038.0,2275.0,4800.0,2025.0,2026.0,2027.0,2039.0,2042.0,2032.0,6126.0,9897.0,4024.0,6038.0,2275.0,4800.0,2025.0,2026.0,2027.0
0.0,17277.0,6133.0,6078.0,7356.0,11890.0,6118.0,4315.0,1457.0,2025.0,2026.0,2027.0,2054.0,2040.0,2039.0,4087.0,7855.0,5335.0,6118.0,4315.0,1457.0,2025.0,2026.0,2027.0
0.0,18500.0,6150.0,6081.0,10328.0,10322.0,4175.0,6147.0,0.0,2026.0,2027.0,2028.0,2046.0,2055.0,2049.0,4007.0,5815.0,8678.0,4175.0,6147.0,0.0,2026.0,2027.0,2028.0
0.0,22678.0,6122.0,6083.0,13113.0,6104.0,188.0,5916.0,0.0,2027.0,2028.0,2028.0,2046.0,2039.0,2037.0,5955.0,3988.0,12735.0,188.0,5916.0,0.0,2027.0,2028.0,2028.0
0.0,29669.0,6118.0,6084.0,9483.0,3642.0,0.0,3642.0,0.0,2027.0,2028.0,2029.0,2040.0,2041.0,2037.0,9947.0,4224.0,15498.0,0.0,3642.0,0.0,2027.0,2028.0,2029.0
0.0,33034.0,6081.0,6084.0,12729.0,0.0,0.0,0.0,0.0,2027.0,2028.0,2029.0,2030.0,2025.0,2026.0,11618.0,6498.0,14918.0,0.0,0.0,0.0,2027.0,2028.0,2029.0
0.0,39682.0,6103.0,6085.0,3501.0,0.0,0.0,0.0,0.0,2028.0,2028.0,2029.0,2038.0,2036.0,2029.0,16170.0,10620.0,12892.0,0.0,0.0,0.0,2028.0,2028.0,2029.0
0.0,37080.0,6114.0,6085.0,4526.0,1321.0,0.0,0.0,1321.0,2028.0,2028.0,2029.0,2036.0,2039.0,2039.0,14320.0,11897.0,10863.0,0.0,0.0,1321.0,2028.0,2028.0,2029.0
0.0,35492.0,6161.0,6089.0,1719.0,3376.0,0.0,0.0,3376.0,2029.0,2030.0,2030.0,2059.0,2052.0,2050.0,12284.0,14384.0,8824.0,0.0,0.0,3376.0,2029.0,2030.0,2030.0
0.0,31050.0,6153.0,6091.0,0.0,7411.0,1970.0,0.0,5441.0,2030.0,2030.0,2031.0,2045.0,2048.0,2060.0,10225.0,14051.0,6774.0,1970.0,0.0,5441.0,2030.0,2030.0,2031.0
0.0,24897.0,6143.0,6092.0,1321.0,10385.0,4014.0,192.0,6179.0,2030.0,2031.0,2031.0,2044.0,2040.0,2059.0,8180.0,12003.0,4714.0,4014.0,192.0,6179.0,2030.0,2031.0,2031.0
0.0,20075.0,6120.0,6093.0,3376.0,13134.0,6063.0,2228.0,4843.0,2031.0,2031.0,2031.0,2044.0,2036.0,2040.0,6136.0,9963.0,3976.0,6063.0,2228.0,4843.0,2031.0,2031.0,2031.0
0.0,17331.0,6118.0,6093.0,7411.0,11841.0,6134.0,4271.0,1436.0,2031.0,2031.0,2031.0,2041.0,2043.0,2034.0,4092.0,7927.0,5312.0,6134.0,4271.0,1436.0,2031.0,2031.0,2031.0
0.0,18624.0,6112.0,6095.0,10385.0,10287.0,4157.0,6130.0,0.0,2031.0,2032.0,2032.0,2037.0,2046.0,2029.0,4021.0,5884.0,8719.0,4157.0,6130.0,0.0,2031.0,2032.0,2032.0
0.0,22897.0,6122.0,6096.0,13134.0,6084.0,137.0,5947.0,0.0,2032.0,2032.0,2032.0,2038.0,2045.0,2039.0,5998.0,4030.0,12869.0,137.0,5947.0,0.0,2032.0,2032.0,2032.0
0.0,29909.0,6151.0,6099.0,11841.0,3730.0,0.0,3730.0,0.0,2033.0,2033.0,2033.0,2048.0,2049.0,2054.0,10023.0,4213.0,15673.0,0.0,3730.0,0.0,2033.0,2033.0,2033.0
0.0,35599.0,6155.0,6100.0,10287.0,0.0,0.0,0.0,0.0,2033.0,2033.0,2034.0,2050.0,2046.0,2059.0,14109.0,6435.0,15055.0,0.0,0.0,0.0,2033.0,2033.0,2034.0
0.0,39731.0,6145.0,6102.0,6084.0,0.0,0.0,0.0,0.0,2034.0,2034.0,2034.0,2045.0,2051.0,2049.0,16216.0,10519.0,12996.0,0.0,0.0,0.0,2034.0,2034.0,2034.0
0.0,39670.0,6123.0,6102.0,3730.0,1262.0,0.0,0.0,1262.0,2034.0,2034.0,2034.0,2046.0,2038.0,2039.0,14308.0,14415.0,10947.0,0.0,0.0,1262.0,2034.0,2034.0,2034.0
0.0,37277.0,6119.0,6103.0,0.0,3299.0,0.0,0.0,3299.0,2034.0,2034.0,2035.0,2051.0,2036.0,2032.0,12262.0,16107.0,8908.0,0.0,0.0,3299.0,2034.0,2034.0,2035.0
0.0,31158.0,6112.0,6104.0,0.0,7333.0,1998.0,0.0,5335.0,2035.0,2034.0,2035.0,2034.0,2042.0,2036.0,10211.0,14071.0,6876.0,1998.0,0.0,5335.0,2035.0,2034.0,2035.0
0.0,25046.0,6136.0,6105.0,1262.0,10353.0,4037.0,195.0,6121.0,2035.0,2035.0,2035.0,2039.0,2049.0,2048.0,8177.0,12029.0,4840.0,4037.0,195.0,6121.0,2035.0,2035.0,2035.0
0.0,20172.0,6177.0,6108.0,3299.0,13246.0,6096.0,2260.0,4890.0,2036.0,2036.0,2036.0,2054.0,2060.0,2063.0,6138.0,9980.0,4054.0,6096.0,2260.0,4890.0,2036.0,2036.0,2036.0
0.0,17294.0,6165.0,6110.0,7333.0,12088.0,6151.0,4321.0,1616.0,2036.0,2037.0,2037.0,2053.0,2056.0,2056.0,4084.0,7920.0,5290.0,6151.0,4321.0,1616.0,2036.0,2037.0,2037.0
0.0,18462.0,6150.0,6111.0,10353.0,10339.0,4167.0,6172.0,0.0,2037.0,2037.0,2037.0,2048.0,2046.0,2056.0,4029.0,5864.0,8569.0,4167.0,6172.0,0.0,2037.0,2037.0,2037.0
0.0,22665.0,6138.0,6111.0,13246.0,6084.0,123.0,5961.0,0.0,2037.0,2037.0,2037.0,2052.0,2049.0,2037.0,6018.0,4013.0,12634.0,123.0,5961.0,0.0,2037.0,2037.0,2037.0
0.0,29773.0,6124.0,6113.0,10751.0,3689.0,0.0,3689.0,0.0,2038.0,2038.0,2037.0,2043.0,2044.0,2037.0,10062.0,4224.0,15487.0,0.0,3689.0,0.0,2038.0,2038.0,2037.0
0.0,34400.0,6124.0,6114.0,11676.0,0.0,0.0,0.0,0.0,2038.0,2038.0,2038.0,2042.0,2045.0,2037.0,12833.0,6501.0,15066.0,0.0,0.0,0.0,2038.0,2038.0,2038.0
0.0,39952.0,6149.0,6116.0,6084.0,0.0,0.0,0.0,0.0,2039.0,2039.0,2038.0,2053.0,2049.0,2047.0,16295.0,10628.0,13029.0,0.0,0.0,0.0,2039.0,2039.0,2038.0
0.0,39887.0,6179.0,6118.0,3689.0,1273.0,0.0,0.0,1273.0,2040.0,2039.0,2039.0,2067.0,2052.0,2060.0,14365.0,14540.0,10982.0,0.0,0.0,1273.0,2040.0,2039.0,2039.0
0.0,37397.0,6187.0,6120.0,0.0,3347.0,0.0,0.0,3347.0,2040.0,2040.0,2040.0,2057.0,2061.0,2069.0,12298.0,16177.0,8922.0,0.0,0.0,3347.0,2040.0,2040.0,2040.0
0.0,31210.0,6158.0,6121.0,0.0,7417.0,2019.0,0.0,5398.0,2041.0,2040.0,2040.0,2055.0,2052.0,2051.0,10241.0,14116.0,6853.0,2019.0,0.0,5398.0,2041.0,2040.0,2040.0
0.0,25052.0,6150.0,6122.0,1273.0,10435.0,4076.0,191.0,6168.0,2041.0,2041.0,2040.0,2057.0,2050.0,2043.0,8186.0,12064.0,4802.0,4076.0,191.0,6168.0,2041.0,2041.0,2040.0
0.0,20175.0,6137.0,6122.0,3347.0,13225.0,6118.0,2245.0,4862.0,2041.0,2041.0,2040.0,2042.0,2054.0,2041.0,6129.0,10014.0,4032.0,6118.0,2245.0,4862.0,2041.0,2041.0,2040.0
0.0,17385.0,6127.0,6124.0,7417.0,11945.0,6147.0,4285.0,1513.0,2042.0,2041.0,2041.0,2043.0,2040.0,2044.0,4087.0,7960.0,5338.0,6147.0,4285.0,1513.0,2042.0,2041.0,2041.0
0.0,18675.0,6182.0,6125.0,10435.0,10290.0,4132.0,6158.0,0.0,2042.0,2042.0,2041.0,2061.0,2059.0,2062.0,4063.0,5920.0,8692.0,4132.0,6158.0,0.0,2042.0,2042.0,2041.0
0.0,22928.0,6193.0,6127.0,13225.0,6061.0,90.0,5971.0,0.0,2043.0,2042.0,2042.0,2071.0,2058.0,2064.0,6078.0,4052.0,12798.0,90.0,5971.0,0.0,2043.0,2042.0,2042.0
0.0,29960.0,6183.0,6130.0,11945.0,3755.0,0.0,3755.0,0.0,2044.0,2043.0,2043.0,2061.0,2064.0,2058.0,10125.0,4239.0,15596.0,0.0,3755.0,0.0,2044.0,2043.0,2043.0
0.0,35722.0,6180.0,6132.0,10290.0,0.0,0.0,0.0,0.0,2045.0,2044.0,2043.0,2060.0,2059.0,2061.0,14211.0,6460.0,15051.0,0.0,0.0,0.0,2045.0,2044.0,2043.0
0.0,39832.0,6139.0,6132.0,6061.0,0.0,0.0,0.0,0.0,2045.0,2044.0,2043.0,2045.0,2051.0,2043.0,16283.0,10559.0,12990.0,0.0,0.0,0.0,2045.0,2044.0,2043.0
0.0,39754.0,6143.0,6133.0,3755.0,1326.0,0.0,0.0,1326.0,2045.0,2044.0,2044.0,2048.0,2042.0,2053.0,14328.0,14479.0,10947.0,0.0,0.0,1326.0,2045.0,2044.0,2044.0
0.0,37366.0,6172.0,6134.0,0.0,3390.0,0.0,0.0,3390.0,2045.0,2045.0,2044.0,2047.0,2061.0,2064.0,12280.0,16192.0,8894.0,0.0,0.0,3390.0,2045.0,2045.0,2044.0
0.0,31194.0,6170.0,6135.0,0.0,7499.0,2043.0,0.0,5456.0,2045.0,2045.0,2045.0,2051.0,2058.0,2061.0,10233.0,14131.0,6830.0,2043.0,0.0,5456.0,2045.0,2045.0,2045.0
0.0,25024.0,6192.0,6138.0,1326.0,10532.0,4116.0,219.0,6197.0,2046.0,2046.0,2046.0,2068.0,2062.0,2062.0,8182.0,12073.0,4769.0,4116.0,219.0,6197.0,2046.0,2046.0,2046.0
0.0,20158.0,6182.0,6140.0,3390.0,13334.0,6180.0,2286.0,4868.0,2047.0,2047.0,2046.0,2059.0,2062.0,2061.0,6114.0,10011.0,4033.0,6180.0,2286.0,4868.0,2047.0,2047.0,2046.0
0.0,17366.0,6162.0,6141.0,7499.0,12002.0,6190.0,4341.0,1471.0,2047.0,2047.0,2047.0,2053.0,2055.0,2054.0,4055.0,7949.0,5362.0,6190.0,4341.0,1471.0,2047.0,2047.0,2047.0
0.0,18703.0,6168.0,6142.0,10532.0,10318.0,4139.0,6179.0,0.0,2048.0,2047.0,2047.0,2060.0,2057.0,2051.0,4045.0,5894.0,8764.0,4139.0,6179.0,0.0,2048.0,2047.0,2047.0
0.0,23067.0,6160.0,6143.0,13334.0,5958.0,8.0,5950.0,0.0,2048.0,2048.0,2047.0,2049.0,2052.0,2059.0,6101.0,4056.0,12910.0,8.0,5950.0,0.0,2048.0,2048.0,2047.0
0.0,30241.0,6149.0,6143.0,9856.0,3660.0,0.0,3660.0,0.0,2048.0,2048.0,2047.0,2046.0,2051.0,2052.0,10232.0,4290.0,15719.0,0.0,3660.0,0.0,2048.0,2048.0,2047.0
0.0,33948.0,6181.0,6144.0,12464.0,0.0,0.0,0.0,0.0,2048.0,2048.0,2048.0,2063.0,2057.0,2061.0,12230.0,6580.0,15138.0,0.0,0.0,0.0,2048.0,2048.0,2048.0
0.0,40231.0,6205.0,6147.0,3403.0,0.0,0.0,0.0,0.0,2049.0,2049.0,2049.0,2068.0,2067.0,2070.0,16452.0,10702.0,13077.0,0.0,0.0,0.0,2049.0,2049.0,2049.0
0.0,37429.0,6222.0,6149.0,4587.0,1306.0,0.0,0.0,1306.0,2050.0,2050.0,2049.0,2075.0,2079.0,2068.0,14392.0,12030.0,11007.0,0.0,0.0,1306.0,2050.0,2050.0,2049.0
0.0,35794.0,6196.0,6151.0,1628.0,3371.0,3.0,0.0,3368.0,2051.0,2050.0,2050.0,2065.0,2074.0,2057.0,12317.0,14538.0,8939.0,3.0,0.0,3368.0,2051.0,2050.0,2050.0
0.0,31226.0,6191.0,6152.0,0.0,7507.0,2062.0,0.0,5445.0,2051.0,2051.0,2050.0,2059.0,2055.0,2077.0,10252.0,14092.0,6882.0,2062.0,0.0,5445.0,2051.0,2051.0,2050.0
0.0,25035.0,6163.0,6153.0,1306.0,10587.0,4110.0,267.0,6210.0,2051.0,2051.0,2051.0,2048.0,2049.0,2066.0,8193.0,12037.0,4805.0,4110.0,267.0,6210.0,2051.0,2051.0,2051.0
0.0,20178.0,6163.0,6153.0,3371.0,13379.0,6158.0,2320.0,4901.0,2051.0,2051.0,2051.0,2051.0,2053.0,2059.0,6145.0,9988.0,4045.0,6158.0,2320.0,4901.0,2051.0,2051.0,2051.0
0.0,17386.0,6167.0,6154.0,7507.0,12044.0,6151.0,4377.0,1516.0,2051.0,2051.0,2052.0,2055.0,2057.0,2055.0,4097.0,7935.0,5354.0,6151.0,4377.0,1516.0,2051.0,2051.0,2052.0
0.0,18726.0,6213.0,6156.0,10587.0,10303.0,4116.0,6187.0,0.0,2052.0,2052.0,2052.0,2070.0,2072.0,2071.0,4104.0,5878.0,8744.0,4116.0,6187.0,0.0,2052.0,2052.0,2052.0
0.0,23100.0,6217.0,6158.0,13379.0,5966.0,22.0,5944.0,0.0,2052.0,2053.0,2053.0,2064.0,2072.0,2081.0,6144.0,4073.0,12883.0,22.0,5944.0,0.0,2052.0,2053.0,2053.0
0.0,30262.0,6192.0,6160.0,12044.0,3622.0,0.0,3622.0,0.0,2053.0,2053.0,2054.0,2062.0,2055.0,2075.0,10238.0,4321.0,15703.0,0.0,3622.0,0.0,2053.0,2053.0,2054.0
0.0,36114.0,6199.0,6160.0,10303.0,0.0,0.0,0.0,0.0,2053.0,2053.0,2054.0,2066.0,2066.0,2067.0,14327.0,6643.0,15144.0,0.0,0.0,0.0,2053.0,2053.0,2054.0
0.0,40218.0,6195.0,6162.0,5966.0,0.0,0.0,0.0,0.0,2053.0,2054.0,2055.0,2062.0,2069.0,2064.0,16377.0,10764.0,13077.0,0.0,0.0,0.0,2053.0,2054.0,2055.0
0.0,39989.0,6169.0,6162.0,3622.0,1322.0,0.0,0.0,1322.0,2053.0,2054.0,2055.0,2047.0,2062.0,2060.0,14337.0,14639.0,11013.0,0.0,0.0,1322.0,2053.0,2054.0,2055.0
0.0,37442.0,6179.0,6164.0,0.0,3421.0,45.0,0.0,3376.0,2054.0,2055.0,2055.0,2065.0,2060.0,2054.0,12290.0,16199.0,8953.0,45.0,0.0,3376.0,2054.0,2055.0,2055.0
0.0,31263.0,6206.0,6164.0,0.0,7556.0,2116.0,0.0,5440.0,2054.0,2055.0,2055.0,2071.0,2071.0,2064.0,10225.0,14139.0,6899.0,2116.0,0.0,5440.0,2054.0,2055.0,2055.0
0.0,25057.0,6219.0,6167.0,1322.0,10675.0,4190.0,287.0,6198.0,2055.0,2056.0,2056.0,2069.0,2075.0,2075.0,8154.0,12068.0,4835.0,4190.0,287.0,6198.0,2055.0,2056.0,2056.0
0.0,20160.0,6234.0,6169.0,3421.0,13498.0,6223.0,2369.0,4906.0,2056.0,2056.0,2057.0,2073.0,2082.0,2079.0,6085.0,9993.0,4082.0,6223.0,2369.0,4906.0,2056.0,2056.0,2057.0
0.0,17347.0,6211.0,6170.0,7556.0,12158.0,6179.0,4442.0,1537.0,2056.0,2057.0,2057.0,2072.0,2068.0,2071.0,4057.0,7911.0,5379.0,6179.0,4442.0,1537.0,2056.0,2057.0,2057.0
0.0,18692.0,6186.0,6170.0,10675.0,10273.0,4058.0,6215.0,0.0,2056.0,2057.0,2057.0,2069.0,2060.0,2057.0,4101.0,5843.0,8748.0,4058.0,6215.0,0.0,2056.0,2057.0,2057.0
0.0,23181.0,6171.0,6172.0,13440.0,5898.0,0.0,5898.0,0.0,2057.0,2057.0,2058.0,2059.0,2052.0,2060.0,6222.0,4070.0,12889.0,0.0,5898.0,0.0,2057.0,2057.0,2058.0
0.0,30450.0,6215.0,6173.0,10869.0,3538.0,0.0,3538.0,0.0,2057.0,2058.0,2058.0,2073.0,2077.0,2065.0,10328.0,4387.0,15735.0,0.0,3538.0,0.0,2057.0,2058.0,2058.0
0.0,35104.0,6232.0,6176.0,11620.0,0.0,0.0,0.0,0.0,2058.0,2059.0,2059.0,2086.0,2073.0,2073.0,13145.0,6752.0,15207.0,0.0,0.0,0.0,2058.0,2059.0,2059.0
0.0,40492.0,6255.0,6178.0,5898.0,0.0,0.0,0.0,0.0,2059.0,2059.0,2060.0,2083.0,2085.0,2087.0,16464.0,10894.0,13134.0,0.0,0.0,0.0,2059.0,2059.0,2060.0
0.0,40135.0,6226.0,6180.0,3538.0,1343.0,0.0,0.0,1343.0,2059.0,2060.0,2061.0,2065.0,2076.0,2085.0,14381.0,14707.0,11047.0,0.0,0.0,1343.0,2059.0,2060.0,2061.0
0.0,37447.0,6191.0,6181.0,0.0,3458.0,50.0,0.0,3408.0,2060.0,2060.0,2061.0,2066.0,2060.0,2065.0,12316.0,16169.0,8962.0,50.0,0.0,3408.0,2060.0,2060.0,2061.0
0.0,31256.0,6196.0,6181.0,0.0,7584.0,2115.0,0.0,5469.0,2060.0,2060.0,2061.0,2065.0,2070.0,2061.0,10250.0,14109.0,6897.0,2115.0,0.0,5469.0,2060.0,2060.0,2061.0
0.0,25060.0,6190.0,6182.0,1343.0,10697.0,4175.0,333.0,6189.0,2060.0,2061.0,2061.0,2060.0,2067.0,2063.0,8185.0,12039.0,4836.0,4175.0,333.0,6189.0,2060.0,2061.0,2061.0
0.0,20213.0,6211.0,6182.0,3458.0,13450.0,6197.0,2403.0,4850.0,2060.0,2061.0,2061.0,2072.0,2070.0,2069.0,6125.0,9972.0,4116.0,6197.0,2403.0,4850.0,2060.0,2061.0,2061.0
0.0,17460.0,6245.0,6185.0,7584.0,12126.0,6166.0,4487.0,1473.0,2061.0,2062.0,2062.0,2079.0,2079.0,2087.0,4103.0,7902.0,5455.0,6166.0,4487.0,1473.0,2061.0,2062.0,2062.0
0.0,18799.0,6246.0,6187.0,10697.0,10310.0,4077.0,6233.0,0.0,2062.0,2062.0,2063.0,2081.0,2079.0,2086.0,4139.0,5823.0,8837.0,4077.0,6233.0,0.0,2062.0,2062.0,2063.0
0.0,23250.0,6246.0,6189.0,13450.0,5925.0,0.0,5925.0,0.0,2062.0,2063.0,2064.0,2077.0,2090.0,2079.0,6233.0,4077.0,12940.0,0.0,5925.0,0.0,2062.0,2063.0,2064.0
0.0,30454.0,6222.0,6190.0,12126.0,3526.0,0.0,3526.0,0.0,2062.0,2064.0,2064.0,2069.0,2083.0,2070.0,10353.0,4390.0,15711.0,0.0,3526.0,0.0,2062.0,2064.0,2064.0
0.0,36358.0,6194.0,6190.0,10310.0,0.0,0.0,0.0,0.0,2062.0,2064.0,2064.0,2064.0,2074.0,2056.0,14450.0,6794.0,15114.0,0.0,0.0,0.0,2062.0,2064.0,2064.0
0.0,40474.0,6184.0,6191.0,5925.0,0.0,0.0,0.0,0.0,2063.0,2064.0,2064.0,2065.0,2059.0,2060.0,16463.0,10953.0,13058.0,0.0,0.0,0.0,2063.0,2064.0,2064.0
0.0,40215.0,6225.0,6192.0,3526.0,1406.0,0.0,0.0,1406.0,2063.0,2064.0,2065.0,2074.0,2072.0,2079.0,14398.0,14819.0,10998.0,0.0,0.0,1406.0,2063.0,2064.0,2065.0
0.0,37516.0,6259.0,6195.0,0.0,3588.0,87.0,0.0,3501.0,2064.0,2065.0,2066.0,2091.0,2078.0,2090.0,12324.0,16273.0,8919.0,87.0,0.0,3501.0,2064.0,2065.0,2066.0
0.0,31257.0,6270.0,6198.0,0.0,7782.0,2182.0,0.0,5600.0,2065.0,2066.0,2067.0,2090.0,2086.0,2094.0,10233.0,14195.0,6829.0,2182.0,0.0,5600.0,2065.0,2066.0,2067.0
0.0,24987.0,6250.0,6198.0,1406.0,10847.0,4260.0,305.0,6282.0,2065.0,2066.0,2067.0,2078.0,2084.0,2088.0,8143.0,12109.0,4735.0,4260.0,305.0,6282.0,2065.0,2066.0,2067.0
0.0,20143.0,6219.0,6199.0,3588.0,13483.0,6245.0,2381.0,4857.0,2065.0,2067.0,2067.0,2072.0,2071.0,2076.0,6065.0,10025.0,4053.0,6245.0,2381.0,4857.0,2065.0,2067.0,2067.0
0.0,17512.0,6199.0,6199.0,7782.0,11900.0,6131.0,4434.0,1335.0,2065.0,2066.0,2068.0,2068.0,2058.0,2073.0,4080.0,7954.0,5478.0,6131.0,4434.0,1335.0,2065.0,2066.0,2068.0
0.0,19095.0,6195.0,6200.0,10847.0,10135.0,3926.0,6209.0,0.0,2065.0,2067.0,2068.0,2055.0,2075.0,2065.0,4194.0,5896.0,9005.0,3926.0,6209.0,0.0,2065.0,2067.0,2068.0
0.0,23747.0,6247.0,6201.0,13366.0,5916.0,0.0,5916.0,0.0,2066.0,2067.0,2068.0,2078.0,2088.0,2081.0,6399.0,4126.0,13222.0,0.0,5916.0,0.0,2066.0,2067.0,2068.0
0.0,30866.0,6262.0,6204.0,10790.0,3577.0,0.0,3577.0,0.0,2067.0,2068.0,2069.0,2086.0,2090.0,2086.0,10449.0,4419.0,15998.0,0.0,3577.0,0.0,2067.0,2068.0,2069.0
0.0,35394.0,6277.0,6207.0,11362.0,0.0,0.0,0.0,0.0,2068.0,2069.0,2070.0,2095.0,2087.0,2095.0,13384.0,6763.0,15247.0,0.0,0.0,0.0,2068.0,2069.0,2070.0
0.0,40479.0,6231.0,6207.0,3998.0,0.0,0.0,0.0,0.0,2068.0,2069.0,2070.0,2082.0,2073.0,2076.0,16442.0,10885.0,13152.0,0.0,0.0,0.0,2068.0,2069.0,2070.0
0.0,38246.0,6237.0,6208.0,3918.0,1352.0,0.0,0.0,1352.0,2068.0,2070.0,2070.0,2077.0,2082.0,2078.0,14360.0,12810.0,11076.0,0.0,0.0,1352.0,2068.0,2070.0,2070.0
0.0,35927.0,6219.0,6208.0,1577.0,3548.0,126.0,0.0,3422.0,2068.0,2070.0,2070.0,2069.0,2080.0,2070.0,12283.0,14646.0,8998.0,126.0,0.0,3422.0,2068.0,2070.0,2070.0
0.0,31285.0,6222.0,6210.0,0.0,7704.0,2207.0,0.0,5497.0,2069.0,2070.0,2071.0,2076.0,2076.0,2070.0,10214.0,14143.0,6928.0,2207.0,0.0,5497.0,2069.0,2070.0,2071.0
0.0,25063.0,6245.0,6212.0,1352.0,10890.0,4285.0,366.0,6239.0,2069.0,2071.0,2072.0,2078.0,2078.0,2089.0,8138.0,12067.0,4858.0,4285.0,366.0,6239.0,2069.0,2071.0,2072.0
0.0,20170.0,6267.0,6213.0,3548.0,13614.0,6249.0,2450.0,4915.0,2070.0,2071.0,2072.0,2085.0,2084.0,2098.0,6060.0,9989.0,4121.0,6249.0,2450.0,4915.0,2070.0,2071.0,2072.0
0.0,17451.0,6267.0,6216.0,7704.0,12192.0,6133.0,4553.0,1506.0,2071.0,2072.0,2073.0,2086.0,2098.0,2083.0,4101.0,7905.0,5445.0,6133.0,4553.0,1506.0,2071.0,2072.0,2073.0
0.0,18888.0,6251.0,6217.0,10890.0,10209.0,3924.0,6285.0,0.0,2071.0,2073.0,2073.0,2076.0,2093.0,2082.0,4222.0,5807.0,8859.0,3924.0,6285.0,0.0,2071.0,2073.0,2073.0
0.0,23527.0,6242.0,6217.0,13614.0,5912.0,0.0,5912.0,0.0,2071.0,2073.0,2073.0,2084.0,2077.0,2081.0,6431.0,4080.0,13016.0,0.0,5912.0,0.0,2071.0,2073.0,2073.0
0.0,30899.0,6227.0,6218.0,12192.0,3432.0,0.0,3432.0,0.0,2071.0,2073.0,2074.0,2076.0,2073.0,2078.0,10596.0,4453.0,15850.0,0.0,3432.0,0.0,2071.0,2073.0,2074.0
0.0,36864.0,6233.0,6219.0,10209.0,0.0,0.0,0.0,0.0,2072.0,2073.0,2074.0,2075.0,2075.0,2083.0,14653.0,6933.0,15278.0,0.0,0.0,0.0,2072.0,2073.0,2074.0
0.0,40840.0,6262.0,6220.0,5912.0,0.0,0.0,0.0,0.0,2072.0,2074.0,2074.0,2091.0,2079.0,2092.0,16502.0,11143.0,13195.0,0.0,0.0,0.0,2072.0,2074.0,2074.0
0.0,40490.0,6281.0,6222.0,3432.0,1367.0,0.0,0.0,1367.0,2073.0,2074.0,2075.0,2094.0,2092.0,2095.0,14411.0,14976.0,11103.0,0.0,0.0,1367.0,2073.0,2074.0,2075.0
0.0,37641.0,6276.0,6225.0,0.0,3610.0,143.0,0.0,3467.0,2074.0,2075.0,2076.0,2090.0,2091.0,2095.0,12317.0,16316.0,9008.0,143.0,0.0,3467.0,2074.0,2075.0,2076.0
0.0,31365.0,6255.0,6226.0,0.0,7796.0,2243.0,0.0,5553.0,2075.0,2075.0,2076.0,2095.0,2074.0,2086.0,10227.0,14225.0,6913.0,2243.0,0.0,5553.0,2075.0,2075.0,2076.0
0.0,25110.0,6242.0,6226.0,1367.0,10895.0,4328.0,299.0,6268.0,2075.0,2075.0,2076.0,2085.0,2075.0,2082.0,8132.0,12151.0,4827.0,4328.0,299.0,6268.0,2075.0,2075.0,2076.0
0.0,20235.0,6247.0,6228.0,3610.0,13542.0,6266.0,2387.0,4889.0,2075.0,2076.0,2077.0,2081.0,2083.0,2083.0,6047.0,10076.0,4112.0,6266.0,2387.0,4889.0,2075.0,2076.0,2077.0
0.0,17598.0,6248.0,6228.0,7796.0,11994.0,6098.0,4475.0,1421.0,2075.0,2076.0,2077.0,2075.0,2088.0,2085.0,4109.0,7993.0,5496.0,6098.0,4475.0,1421.0,2075.0,2076.0,2077.0
0.0,19146.0,6260.0,6230.0,10895.0,10135.0,3862.0,6273.0,0.0,2076.0,2077.0,2077.0,2087.0,2092.0,2081.0,4277.0,5905.0,8964.0,3862.0,6273.0,0.0,2076.0,2077.0,2077.0
0.0,23781.0,6278.0,6230.0,13323.0,5979.0,0.0,5979.0,0.0,2076.0,2077.0,2077.0,2097.0,2093.0,2088.0,6518.0,4112.0,13151.0,0.0,5979.0,0.0,2076.0,2077.0,2077.0
0.0,30826.0,6290.0,6234.0,11097.0,3610.0,0.0,3610.0,0.0,2078.0,2078.0,2078.0,2101.0,2101.0,2088.0,10468.0,4406.0,15952.0,0.0,3610.0,0.0,2078.0,2078.0,2078.0
0.0,35633.0,6287.0,6236.0,11251.0,0.0,0.0,0.0,0.0,2078.0,2079.0,2079.0,2094.0,2103.0,2090.0,13568.0,6780.0,15285.0,0.0,0.0,0.0,2078.0,2079.0,2079.0
0.0,40597.0,6280.0,6236.0,5979.0,0.0,0.0,0.0,0.0,2078.0,2079.0,2079.0,2088.0,2103.0,2089.0,16452.0,10950.0,13195.0,0.0,0.0,0.0,2078.0,2079.0,2079.0
0.0,40296.0,6267.0,6239.0,3610.0,1386.0,0.0,0.0,1386.0,2079.0,2080.0,2080.0,2094.0,2081.0,2092.0,14364.0,14826.0,11106.0,0.0,0.0,1386.0,2079.0,2080.0,2080.0
0.0,37639.0,6245.0,6238.0,0.0,3681.0,210.0,0.0,3471.0,2079.0,2079.0,2080.0,2085.0,2075.0,2085.0,12270.0,16355.0,9014.0,210.0,0.0,3471.0,2079.0,2079.0,2080.0
0.0,31394.0,6278.0,6239.0,0.0,7865.0,2301.0,0.0,5564.0,2079.0,2080.0,2080.0,2091.0,2094.0,2093.0,10185.0,14280.0,6929.0,2301.0,0.0,5564.0,2079.0,2080.0,2080.0
0.0,25116.0,6290.0,6242.0,1386.0,10998.0,4403.0,317.0,6278.0,2080.0,2081.0,2081.0,2097.0,2098.0,2095.0,8094.0,12186.0,4836.0,4403.0,317.0,6278.0,2080.0,2081.0,2081.0
0.0,20212.0,6304.0,6245.0,3681.0,13636.0,6293.0,2424.0,4919.0,2081.0,2082.0,2082.0,2095.0,2102.0,2107.0,5997.0,10088.0,4127.0,6293.0,2424.0,4919.0,2081.0,2082.0,2082.0
0.0,17589.0,6293.0,6245.0,7865.0,12064.0,6086.0,4523.0,1455.0,2081.0,2082.0,2082.0,2094.0,2099.0,2100.0,4112.0,7986.0,5491.0,6086.0,4523.0,1455.0,2081.0,2082.0,2082.0
0.0,19161.0,6278.0,6246.0,10998.0,10070.0,3774.0,6296.0,0.0,2081.0,2082.0,2083.0,2091.0,2090.0,2097.0,4319.0,5887.0,8955.0,3774.0,6296.0,0.0,2081.0,2082.0,2083.0
0.0,23881.0,6278.0,6246.0,13636.0,5963.0,0.0,5963.0,0.0,2081.0,2082.0,2083.0,2096.0,2091.0,2091.0,6631.0,4114.0,13136.0,0.0,5963.0,0.0,2081.0,2082.0,2083.0
0.0,31239.0,6262.0,6248.0,12064.0,3539.0,0.0,3539.0,0.0,2082.0,2083.0,2083.0,2077.0,2094.0,2091.0,10828.0,4447.0,15964.0,0.0,3539.0,0.0,2082.0,2083.0,2083.0
0.0,37041.0,6292.0,6250.0,10070.0,0.0,0.0,0.0,0.0,2082.0,2084.0,2084.0,2094.0,2101.0,2097.0,14837.0,6876.0,15328.0,0.0,0.0,0.0,2082.0,2084.0,2084.0
0.0,40819.0,6325.0,6252.0,5963.0,0.0,0.0,0.0,0.0,2083.0,2084.0,2085.0,2107.0,2106.0,2112.0,16517.0,11071.0,13231.0,0.0,0.0,0.0,2083.0,2084.0,2085.0
0.0,40457.0,6307.0,6254.0,3539.0,1406.0,0.0,0.0,1406.0,2084.0,2085.0,2085.0,2105.0,2102.0,2100.0,14410.0,14928.0,11119.0,0.0,0.0,1406.0,2084.0,2085.0,2085.0
0.0,37689.0,6305.0,6256.0,0.0,3730.0,212.0,0.0,3518.0,2084.0,2086.0,2086.0,2097.0,2101.0,2107.0,12305.0,16365.0,9019.0,212.0,0.0,3518.0,2084.0,2086.0,2086.0
0.0,31384.0,6275.0,6257.0,0.0,7918.0,2309.0,0.0,5609.0,2085.0,2086.0,2086.0,2092.0,2092.0,2091.0,10208.0,14264.0,6912.0,2309.0,0.0,5609.0,2085.0,2086.0,2086.0
0.0,25109.0,6266.0,6257.0,1406.0,11036.0,4396.0,345.0,6295.0,2085.0,2086.0,2086.0,2087.0,2087.0,2092.0,8116.0,12172.0,4821.0,4396.0,345.0,6295.0,2085.0,2086.0,2086.0
0.0,20249.0,6247.0,6257.0,3730.0,13553.0,6266.0,2426.0,4861.0,2085.0,2086.0,2086.0,2082.0,2081.0,2084.0,6029.0,10085.0,4135.0,6266.0,2426.0,4861.0,2085.0,2086.0,2086.0
0.0,17732.0,6306.0,6258.0,7918.0,11946.0,6059.0,4526.0,1361.0,2085.0,2086.0,2087.0,2102.0,2100.0,2104.0,4159.0,8004.0,5569.0,6059.0,4526.0,1361.0,2085.0,2086.0,2087.0
0.0,19344.0,6331.0,6261.0,11036.0,10084.0,3780.0,6304.0,0.0,2086.0,2087.0,2088.0,2112.0,2118.0,2101.0,4366.0,5904.0,9074.0,3780.0,6304.0,0.0,2086.0,2087.0,2088.0
0.0,24049.0,6331.0,6264.0,13315.0,5992.0,0.0,5992.0,0.0,2087.0,2088.0,2089.0,2101.0,2109.0,2121.0,6650.0,4131.0,13268.0,0.0,5992.0,0.0,2087.0,2088.0,2089.0
0.0,31033.0,6331.0,6267.0,11212.0,3586.0,0.0,3586.0,0.0,2088.0,2089.0,2090.0,2104.0,2115.0,2112.0,10577.0,4448.0,16008.0,0.0,3586.0,0.0,2088.0,2089.0,2090.0
0.0,35914.0,6289.0,6267.0,11056.0,0.0,0.0,0.0,0.0,2088.0,2089.0,2090.0,2101.0,2088.0,2100.0,13798.0,6859.0,15257.0,0.0,0.0,0.0,2088.0,2089.0,2090.0
0.0,40681.0,6271.0,6267.0,3510.0,0.0,0.0,0.0,0.0,2088.0,2089.0,2090.0,2092.0,2089.0,2090.0,16449.0,11075.0,13157.0,0.0,0.0,0.0,2088.0,2089.0,2090.0
0.0,37920.0,6280.0,6267.0,4466.0,1468.0,0.0,0.0,1468.0,2088.0,2089.0,2090.0,2096.0,2099.0,2085.0,14357.0,12496.0,11067.0,0.0,0.0,1468.0,2088.0,2089.0,2090.0
0.0,36106.0,6311.0,6269.0,1602.0,3855.0,293.0,0.0,3562.0,2089.0,2090.0,2090.0,2109.0,2108.0,2094.0,12261.0,14863.0,8982.0,293.0,0.0,3562.0,2089.0,2090.0,2090.0
0.0,31397.0,6329.0,6272.0,0.0,8084.0,2407.0,0.0,5677.0,2090.0,2091.0,2091.0,2109.0,2110.0,2110.0,10152.0,14357.0,6888.0,2407.0,0.0,5677.0,2090.0,2091.0,2091.0
0.0,25068.0,6331.0,6275.0,1468.0,11170.0,4520.0,316.0,6334.0,2091.0,2092.0,2092.0,2108.0,2103.0,2120.0,8043.0,12247.0,4778.0,4520.0,316.0,6334.0,2091.0,2092.0,2092.0
0.0,20205.0,6315.0,6275.0,3855.0,13630.0,6330.0,2419.0,4881.0,2091.0,2092.0,2092.0,2103.0,2103.0,2109.0,5935.0,10144.0,4126.0,6330.0,2419.0,4881.0,2091.0,2092.0,2092.0
0.0,17745.0,6326.0,6277.0,8084.0,11882.0,6039.0,4532.0,1311.0,2092.0,2092.0,2093.0,2111.0,2113.0,2102.0,4125.0,8041.0,5579.0,6039.0,4532.0,1311.0,2092.0,2092.0,2093.0
0.0,19503.0,6296.0,6277.0,11170.0,9935.0,3621.0,6314.0,0.0,2092.0,2092.0,2093.0,2102.0,2098.0,2096.0,4421.0,5928.0,9154.0,3621.0,6314.0,0.0,2092.0,2092.0,2093.0
0.0,24377.0,6274.0,6278.0,13630.0,5997.0,0.0,5997.0,0.0,2092.0,2093.0,2093.0,2091.0,2097.0,2086.0,6839.0,4146.0,13392.0,0.0,5997.0,0.0,2092.0,2093.0,2093.0
0.0,31733.0,6316.0,6279.0,11882.0,3567.0,0.0,3567.0,0.0,2093.0,2093.0,2093.0,2115.0,2102.0,2099.0,11078.0,4468.0,16187.0,0.0,3567.0,0.0,2093.0,2093.0,2093.0
0.0,37299.0,6354.0,6282.0,9935.0,0.0,0.0,0.0,0.0,2094.0,2094.0,2094.0,2119.0,2118.0,2117.0,15002.0,6898.0,15399.0,0.0,0.0,0.0,2094.0,2094.0,2094.0
0.0,40880.0,6343.0,6284.0,5997.0,0.0,0.0,0.0,0.0,2094.0,2095.0,2095.0,2116.0,2118.0,2109.0,16504.0,11094.0,13282.0,0.0,0.0,0.0,2094.0,2095.0,2095.0
0.0,40534.0,6334.0,6287.0,3567.0,1427.0,0.0,0.0,1427.0,2095.0,2096.0,2096.0,2104.0,2110.0,2120.0,14388.0,14973.0,11173.0,0.0,0.0,1427.0,2095.0,2096.0,2096.0
0.0,37767.0,6302.0,6287.0,0.0,3823.0,297.0,0.0,3526.0,2095.0,2096.0,2096.0,2106.0,2097.0,2099.0,12284.0,16430.0,9053.0,297.0,0.0,3526.0,2095.0,2096.0,2096.0
0.0,31465.0,6308.0,6288.0,0.0,8035.0,2409.0,0.0,5626.0,2096.0,2096.0,2096.0,2107.0,2101.0,2100.0,10178.0,14333.0,6954.0,2409.0,0.0,5626.0,2096.0,2096.0,2096.0
0.0,25157.0,6299.0,6288.0,1427.0,11155.0,4501.0,353.0,6301.0,2096.0,2096.0,2096.0,2092.0,2105.0,2102.0,8071.0,12232.0,4854.0,4501.0,353.0,6301.0,2096.0,2096.0,2096.0
0.0,20285.0,6345.0,6291.0,3823.0,13692.0,6316.0,2477.0,4899.0,2097.0,2097.0,2097.0,2107.0,2119.0,2119.0,5979.0,10127.0,4179.0,6316.0,2477.0,4899.0,2097.0,2097.0,2097.0
0.0,17763.0,6356.0,6293.0,8035.0,12023.0,6023.0,4598.0,1402.0,2097.0,2098.0,2098.0,2116.0,2116.0,2124.0,4169.0,8008.0,5586.0,6023.0,4598.0,1402.0,2097.0,2098.0,2098.0
0.0,19442.0,6366.0,6295.0,11155.0,10012.0,3650.0,6362.0,0.0,2098.0,2098.0,2099.0,2123.0,2117.0,2126.0,4462.0,5892.0,9088.0,3650.0,6362.0,0.0,2098.0,2098.0,2099.0
0.0,24231.0,6332.0,6296.0,13221.0,6003.0,0.0,6003.0,0.0,2098.0,2099.0,2099.0,2103.0,2113.0,2116.0,6840.0,4128.0,13263.0,0.0,6003.0,0.0,2098.0,2099.0,2099.0
0.0,31120.0,6314.0,6297.0,11473.0,3507.0,0.0,3507.0,0.0,2099.0,2099.0,2099.0,2107.0,2102.0,2105.0,10582.0,4492.0,16046.0,0.0,3507.0,0.0,2099.0,2099.0,2099.0
0.0,36279.0,6315.0,6298.0,11033.0,0.0,0.0,0.0,0.0,2099.0,2100.0,2099.0,2108.0,2109.0,2098.0,13948.0,6988.0,15343.0,0.0,0.0,0.0,2099.0,2100.0,2099.0
0.0,40997.0,6293.0,6299.0,6003.0,0.0,0.0,0.0,0.0,2099.0,2100.0,2100.0,2089.0,2100.0,2104.0,16511.0,11241.0,13245.0,0.0,0.0,0.0,2099.0,2100.0,2100.0
0.0,40707.0,6356.0,6301.0,3507.0,1479.0,0.0,0.0,1479.0,2100.0,2101.0,2100.0,2120.0,2116.0,2120.0,14422.0,15144.0,11141.0,0.0,0.0,1479.0,2100.0,2101.0,2100.0
0.0,37858.0,6364.0,6303.0,0.0,3933.0,322.0,0.0,3611.0,2100.0,2102.0,2101.0,2124.0,2113.0,2127.0,12302.0,16535.0,9021.0,322.0,0.0,3611.0,2100.0,2102.0,2101.0
0.0,31494.0,6364.0,6305.0,0.0,8182.0,2455.0,0.0,5727.0,2101.0,2102.0,2102.0,2128.0,2125.0,2111.0,10178.0,14422.0,6894.0,2455.0,0.0,5727.0,2101.0,2102.0,2102.0
0.0,25130.0,6342.0,6307.0,1479.0,11268.0,4567.0,341.0,6360.0,2102.0,2103.0,2102.0,2107.0,2123.0,2112.0,8050.0,12297.0,4783.0,4567.0,341.0,6360.0,2102.0,2103.0,2102.0
0.0,20267.0,6330.0,6308.0,3933.0,13670.0,6361.0,2446.0,4863.0,2102.0,2103.0,2103.0,2116.0,2105.0,2109.0,5943.0,10174.0,4150.0,6361.0,2446.0,4863.0,2102.0,2103.0,2103.0
0.0,17870.0,6314.0,6308.0,8182.0,11802.0,6011.0,4549.0,1242.0,2102.0,2103.0,2103.0,2105.0,2103.0,2106.0,4149.0,8069.0,5652.0,6011.0,4549.0,1242.0,2102.0,2103.0,2103.0
0.0,19738.0,6308.0,6309.0,11268.0,9854.0,3547.0,6307.0,0.0,2102.0,2103.0,2104.0,2103.0,2099.0,2106.0,4499.0,5966.0,9273.0,3547.0,6307.0,0.0,2102.0,2103.0,2104.0
0.0,24698.0,6357.0,6310.0,13670.0,5978.0,0.0,5978.0,0.0,2103.0,2103.0,2104.0,2112.0,2117.0,2128.0,6963.0,4208.0,13527.0,0.0,5978.0,0.0,2103.0,2103.0,2104.0
0.0,32011.0,6349.0,6312.0,11802.0,3550.0,0.0,3550.0,0.0,2103.0,2104.0,2105.0,2119.0,2116.0,2114.0,11212.0,4537.0,16262.0,0.0,3550.0,0.0,2103.0,2104.0,2105.0
0.0,37464.0,6384.0,6315.0,9854.0,0.0,0.0,0.0,0.0,2104.0,2105.0,2106.0,2116.0,2132.0,2136.0,15104.0,6970.0,15390.0,0.0,0.0,0.0,2104.0,2105.0,2106.0
0.0,40934.0,6336.0,6316.0,5978.0,0.0,0.0,0.0,0.0,2104.0,2106.0,2106.0,2103.0,2121.0,2112.0,16535.0,11145.0,13254.0,0.0,0.0,0.0,2104.0,2106.0,2106.0
0.0,40576.0,6331.0,6317.0,3550.0,1498.0,0.0,0.0,1498.0,2105.0,2106.0,2106.0,2115.0,2106.0,2110.0,14432.0,15002.0,11142.0,0.0,0.0,1498.0,2105.0,2106.0,2106.0
0.0,37795.0,6361.0,6318.0,0.0,3950.0,329.0,0.0,3621.0,2105.0,2106.0,2107.0,2121.0,2122.0,2118.0,12317.0,16446.0,9032.0,329.0,0.0,3621.0,2105.0,2106.0,2107.0
0.0,31434.0,6339.0,6318.0,0.0,8178.0,2435.0,0.0,5743.0,2105.0,2106.0,2107.0,2106.0,2111.0,2122.0,10196.0,14324.0,6914.0,2435.0,0.0,5743.0,2105.0,2106.0,2107.0
0.0,25095.0,6349.0,6320.0,1498.0,11356.0,4554.0,437.0,6365.0,2106.0,2107.0,2107.0,2114.0,2115.0,2120.0,8090.0,12213.0,4792.0,4554.0,437.0,6365.0,2106.0,2107.0,2107.0
0.0,20244.0,6382.0,6321.0,3950.0,13793.0,6358.0,2559.0,4876.0,2106.0,2107.0,2108.0,2133.0,2122.0,2127.0,5976.0,10098.0,4170.0,6358.0,2559.0,4876.0,2106.0,2107.0,2108.0
0.0,17812.0,6388.0,6324.0,8178.0,12018.0,6054.0,4690.0,1274.0,2107.0,2108.0,2109.0,2126.0,2126.0,2136.0,4172.0,7976.0,5664.0,6054.0,4690.0,1274.0,2107.0,2108.0,2109.0
0.0,19602.0,6363.0,6325.0,11356.0,9999.0,3623.0,6376.0,0.0,2108.0,2108.0,2109.0,2118.0,2123.0,2122.0,4481.0,5850.0,9271.0,3623.0,6376.0,0.0,2108.0,2108.0,2109.0
0.0,24595.0,6355.0,6327.0,13228.0,5947.0,0.0,5947.0,0.0,2108.0,2109.0,2110.0,2112.0,2125.0,2118.0,6917.0,4164.0,13514.0,0.0,5947.0,0.0,2108.0,2109.0,2110.0
0.0,31468.0,6339.0,6327.0,11763.0,3368.0,0.0,3368.0,0.0,2108.0,2109.0,2110.0,2107.0,2111.0,2121.0,10598.0,4598.0,16272.0,0.0,3368.0,0.0,2108.0,2109.0,2110.0
0.0,36892.0,6344.0,6327.0,10819.0,0.0,0.0,0.0,0.0,2108.0,2109.0,2110.0,2113.0,2105.0,2126.0,14290.0,7177.0,15425.0,0.0,0.0,0.0,2108.0,2109.0,2110.0
0.0,41367.0,6350.0,6330.0,3432.0,0.0,0.0,0.0,0.0,2109.0,2110.0,2111.0,2116.0,2115.0,2119.0,16620.0,11448.0,13299.0,0.0,0.0,0.0,2109.0,2110.0,2111.0
0.0,38449.0,6381.0,6332.0,4627.0,1506.0,0.0,0.0,1506.0,2110.0,2110.0,2112.0,2135.0,2120.0,2126.0,14504.0,12765.0,11180.0,0.0,0.0,1506.0,2110.0,2110.0,2112.0
0.0,36695.0,6405.0,6334.0,1256.0,3951.0,316.0,0.0,3635.0,2111.0,2111.0,2112.0,2130.0,2146.0,2129.0,12369.0,15272.0,9054.0,316.0,0.0,3635.0,2111.0,2111.0,2112.0
0.0,31546.0,6358.0,6336.0,0.0,8195.0,2432.0,0.0,5763.0,2111.0,2112.0,2113.0,2116.0,2119.0,2123.0,10239.0,14382.0,6925.0,2432.0,0.0,5763.0,2111.0,2112.0,2113.0
0.0,25188.0,6355.0,6336.0,1506.0,11341.0,4555.0,411.0,6375.0,2111.0,2112.0,2113.0,2123.0,2114.0,2118.0,8123.0,12263.0,4802.0,4555.0,411.0,6375.0,2111.0,2112.0,2113.0
0.0,20339.0,6346.0,6336.0,3951.0,13736.0,6358.0,2523.0,4855.0,2111.0,2112.0,2113.0,2119.0,2112.0,2115.0,6000.0,10149.0,4190.0,6358.0,2523.0,4855.0,2111.0,2112.0,2113.0
0.0,17944.0,6340.0,6337.0,8195.0,11886.0,6038.0,4641.0,1207.0,2112.0,2112.0,2113.0,2107.0,2118.0,2115.0,4197.0,8037.0,5710.0,6038.0,4641.0,1207.0,2112.0,2112.0,2113.0
0.0,19799.0,6381.0,6339.0,11341.0,9972.0,3610.0,6362.0,0.0,2112.0,2113.0,2114.0,2127.0,2127.0,2127.0,4522.0,5919.0,9358.0,3610.0,6362.0,0.0,2112.0,2113.0,2114.0
0.0,24759.0,6396.0,6340.0,13736.0,5964.0,0.0,5964.0,0.0,2113.0,2113.0,2114.0,2139.0,2125.0,2132.0,6950.0,4203.0,13606.0,0.0,5964.0,0.0,2113.0,2113.0,2114.0
0.0,32099.0,6388.0,6343.0,11886.0,3448.0,0.0,3448.0,0.0,2114.0,2114.0,2115.0,2132.0,2120.0,2136.0,11169.0,4601.0,16329.0,0.0,3448.0,0.0,2114.0,2114.0,2115.0
0.0,37597.0,6385.0,6344.0,9972.0,0.0,0.0,0.0,0.0,2114.0,2114.0,2116.0,2126.0,2131.0,2128.0,15075.0,7122.0,15400.0,0.0,0.0,0.0,2114.0,2114.0,2116.0
0.0,41184.0,6384.0,6344.0,5964.0,0.0,0.0,0.0,0.0,2114.0,2114.0,2116.0,2126.0,2128.0,2130.0,16559.0,11353.0,13272.0,0.0,0.0,0.0,2114.0,2114.0,2116.0
0.0,40764.0,6356.0,6345.0,3448.0,1554.0,0.0,0.0,1554.0,2114.0,2115.0,2116.0,2121.0,2119.0,2116.0,14433.0,15189.0,11142.0,0.0,0.0,1554.0,2114.0,2115.0,2116.0
0.0,37856.0,6351.0,6346.0,0.0,4048.0,374.0,0.0,3674.0,2115.0,2115.0,2116.0,2111.0,2120.0,2120.0,12312.0,16518.0,9026.0,374.0,0.0,3674.0,2115.0,2115.0,2116.0
0.0,31505.0,6384.0,6347.0,0.0,8312.0,2503.0,0.0,5809.0,2115.0,2115.0,2117.0,2129.0,2125.0,2130.0,10201.0,14398.0,6906.0,2503.0,0.0,5809.0,2115.0,2115.0,2117.0
0.0,25121.0,6402.0,6350.0,1554.0,11477.0,4650.0,438.0,6389.0,2116.0,2116.0,2118.0,2142.0,2131.0,2129.0,8072.0,12273.0,4776.0,4650.0,438.0,6389.0,2116.0,2116.0,2118.0
0.0,20273.0,6415.0,6353.0,4048.0,13859.0,6414.0,2584.0,4861.0,2117.0,2117.0,2119.0,2133.0,2141.0,2141.0,5930.0,10142.0,4201.0,6414.0,2584.0,4861.0,2117.0,2117.0,2119.0
0.0,17906.0,6410.0,6355.0,8312.0,11967.0,6039.0,4730.0,1198.0,2117.0,2118.0,2120.0,2128.0,2141.0,2141.0,4171.0,8001.0,5734.0,6039.0,4730.0,1198.0,2117.0,2118.0,2120.0
0.0,19808.0,6389.0,6355.0,11477.0,9934.0,3517.0,6417.0,0.0,2117.0,2118.0,2120.0,2128.0,2125.0,2136.0,4546.0,5860.0,9402.0,3517.0,6417.0,0.0,2117.0,2118.0,2120.0
0.0,24896.0,6351.0,6355.0,13078.0,5949.0,4.0,5945.0,0.0,2117.0,2118.0,2120.0,2120.0,2112.0,2119.0,7068.0,4173.0,13655.0,4.0,5945.0,0.0,2117.0,2118.0,2120.0
0.0,31623.0,6370.0,6355.0,11997.0,3344.0,0.0,3344.0,0.0,2117.0,2118.0,2120.0,2122.0,2129.0,2119.0,10581.0,4645.0,16397.0,0.0,3344.0,0.0,2117.0,2118.0,2120.0
0.0,37250.0,6399.0,6358.0,10685.0,0.0,0.0,0.0,0.0,2118.0,2119.0,2121.0,2139.0,2133.0,2127.0,14528.0,7246.0,15476.0,0.0,0.0,0.0,2118.0,2119.0,2121.0
0.0,41536.0,6427.0,6360.0,5949.0,0.0,0.0,0.0,0.0,2119.0,2120.0,2121.0,2142.0,2147.0,2138.0,16657.0,11530.0,13349.0,0.0,0.0,0.0,2119.0,2120.0,2121.0
0.0,41058.0,6424.0,6362.0,3344.0,1548.0,0.0,0.0,1548.0,2120.0,2120.0,2122.0,2135.0,2140.0,2149.0,14519.0,15328.0,11211.0,0.0,0.0,1548.0,2120.0,2120.0,2122.0
0.0,37978.0,6383.0,6363.0,0.0,4035.0,347.0,0.0,3688.0,2120.0,2120.0,2123.0,2131.0,2117.0,2135.0,12384.0,16532.0,9062.0,347.0,0.0,3688.0,2120.0,2120.0,2123.0
0.0,31595.0,6386.0,6363.0,0.0,8291.0,2475.0,0.0,5816.0,2120.0,2120.0,2123.0,2128.0,2130.0,2128.0,10253.0,14415.0,6927.0,2475.0,0.0,5816.0,2120.0,2120.0,2123.0
0.0,25209.0,6375.0,6364.0,1548.0,11438.0,4600.0,446.0,6392.0,2120.0,2121.0,2123.0,2125.0,2126.0,2124.0,8125.0,12285.0,4799.0,4600.0,446.0,6392.0,2120.0,2121.0,2123.0
0.0,20382.0,6357.0,6364.0,4035.0,13760.0,6366.0,2573.0,4821.0,2120.0,2121.0,2123.0,2113.0,2127.0,2117.0,6000.0,10159.0,4223.0,6366.0,2573.0,4821.0,2120.0,2121.0,2123.0
0.0,18060.0,6406.0,6366.0,8291.0,11885.0,6023.0,4720.0,1142.0,2121.0,2122.0,2123.0,2127.0,2142.0,2137.0,4234.0,8032.0,5794.0,6023.0,4720.0,1142.0,2121.0,2122.0,2123.0
0.0,19945.0,6439.0,6368.0,11438.0,9993.0,3578.0,6415.0,0.0,2122.0,2122.0,2124.0,2150.0,2141.0,2148.0,4582.0,5890.0,9473.0,3578.0,6415.0,0.0,2122.0,2122.0,2124.0
0.0,24944.0,6437.0,6371.0,13760.0,5990.0,0.0,5990.0,0.0,2123.0,2123.0,2125.0,2145.0,2143.0,2149.0,7032.0,4195.0,13717.0,0.0,5990.0,0.0,2123.0,2123.0,2125.0
0.0,32267.0,6418.0,6371.0,11885.0,3404.0,0.0,3404.0,0.0,2123.0,2123.0,2125.0,2144.0,2134.0,2140.0,11253.0,4625.0,16389.0,0.0,3404.0,0.0,2123.0,2123.0,2125.0
0.0,37734.0,6418.0,6373.0,9993.0,0.0,0.0,0.0,0.0,2123.0,2124.0,2126.0,2138.0,2145.0,2135.0,15132.0,7211.0,15391.0,0.0,0.0,0.0,2123.0,2124.0,2126.0
0.0,41309.0,6372.0,6374.0,5990.0,0.0,0.0,0.0,0.0,2124.0,2124.0,2126.0,2129.0,2119.0,2124.0,16572.0,11481.0,13256.0,0.0,0.0,0.0,2124.0,2124.0,2126.0
0.0,40927.0,6385.0,6374.0,3404.0,1630.0,0.0,0.0,1630.0,2124.0,2124.0,2126.0,2123.0,2130.0,2132.0,14443.0,15352.0,11132.0,0.0,0.0,1630.0,2124.0,2124.0,2126.0
0.0,37946.0,6409.0,6376.0,0.0,4207.0,433.0,0.0,3774.0,2124.0,2125.0,2127.0,2133.0,2137.0,2139.0,12320.0,16626.0,9000.0,433.0,0.0,3774.0,2124.0,2125.0,2127.0
0.0,31537.0,6452.0,6379.0,0.0,8521.0,2591.0,0.0,5930.0,2125.0,2126.0,2128.0,2153.0,2148.0,2151.0,10187.0,14489.0,6861.0,2591.0,0.0,5930.0,2125.0,2126.0,2128.0
0.0,25085.0,6435.0,6381.0,1630.0,11625.0,4739.0,430.0,6456.0,2126.0,2126.0,2129.0,2143.0,2141.0,2151.0,8034.0,12341.0,4710.0,4739.0,430.0,6456.0,2126.0,2126.0,2129.0
0.0,20280.0,6430.0,6382.0,4207.0,13853.0,6449.0,2577.0,4827.0,2126.0,2127.0,2129.0,2143.0,2142.0,2145.0,5891.0,10200.0,4189.0,6449.0,2577.0,4827.0,2126.0,2127.0,2129.0
0.0,18057.0,6393.0,6383.0,8521.0,11730.0,6003.0,4703.0,1024.0,2127.0,2127.0,2129.0,2140.0,2126.0,2127.0,4181.0,8058.0,5818.0,6003.0,4703.0,1024.0,2127.0,2127.0,2129.0
0.0,20185.0,6397.0,6383.0,11625.0,9804.0,3393.0,6411.0,0.0,2127.0,2127.0,2129.0,2129.0,2138.0,2130.0,4632.0,5932.0,9621.0,3393.0,6411.0,0.0,2127.0,2127.0,2129.0
0.0,25413.0,6406.0,6384.0,12927.0,5984.0,0.0,5984.0,0.0,2127.0,2128.0,2129.0,2123.0,2145.0,2138.0,7242.0,4224.0,13947.0,0.0,5984.0,0.0,2127.0,2128.0,2129.0
0.0,31934.0,6435.0,6386.0,12124.0,3420.0,0.0,3420.0,0.0,2128.0,2128.0,2130.0,2138.0,2139.0,2158.0,10642.0,4656.0,16636.0,0.0,3420.0,0.0,2128.0,2128.0,2130.0
0.0,37623.0,6450.0,6388.0,10336.0,0.0,0.0,0.0,0.0,2128.0,2129.0,2131.0,2152.0,2141.0,2157.0,14901.0,7220.0,15502.0,0.0,0.0,0.0,2128.0,2129.0,2131.0
0.0,41509.0,6439.0,6390.0,5497.0,0.0,0.0,0.0,0.0,2129.0,2129.0,2132.0,2152.0,2141.0,2146.0,16674.0,11490.0,13345.0,0.0,0.0,0.0,2129.0,2129.0,2132.0
0.0,40567.0,6428.0,6392.0,2677.0,1606.0,0.0,0.0,1606.0,2130.0,2130.0,2132.0,2140.0,2143.0,2145.0,14522.0,14846.0,11199.0,0.0,0.0,1606.0,2130.0,2130.0,2132.0
0.0,36816.0,6439.0,6392.0,1230.0,4169.0,418.0,0.0,3751.0,2130.0,2130.0,2132.0,2150.0,2144.0,2145.0,12382.0,15380.0,9054.0,418.0,0.0,3751.0,2130.0,2130.0,2132.0
0.0,31607.0,6408.0,6393.0,0.0,8448.0,2565.0,0.0,5883.0,2131.0,2130.0,2132.0,2142.0,2134.0,2132.0,10232.0,14466.0,6909.0,2565.0,0.0,5883.0,2131.0,2130.0,2132.0
0.0,25199.0,6396.0,6394.0,1606.0,11561.0,4697.0,442.0,6422.0,2131.0,2130.0,2133.0,2132.0,2124.0,2140.0,8090.0,12332.0,4777.0,4697.0,442.0,6422.0,2131.0,2130.0,2133.0
0.0,20409.0,6427.0,6395.0,4169.0,13824.0,6420.0,2590.0,4814.0,2131.0,2131.0,2133.0,2141.0,2143.0,2143.0,5958.0,10208.0,4243.0,6420.0,2590.0,4814.0,2131.0,2131.0,2133.0
0.0,18151.0,6445.0,6397.0,8448.0,11831.0,6006.0,4736.0,1089.0,2132.0,2131.0,2134.0,2146.0,2146.0,2153.0,4235.0,8065.0,5851.0,6006.0,4736.0,1089.0,2132.0,2131.0,2134.0
0.0,20154.0,6467.0,6399.0,11561.0,9925.0,3472.0,6453.0,0.0,2133.0,2132.0,2134.0,2158.0,2154.0,2155.0,4654.0,5919.0,9581.0,3472.0,6453.0,0.0,2133.0,2132.0,2134.0
0.0,25248.0,6449.0,6402.0,13824.0,6016.0,0.0,6016.0,0.0,2134.0,2133.0,2135.0,2152.0,2148.0,2149.0,7193.0,4207.0,13848.0,0.0,6016.0,0.0,2134.0,2133.0,2135.0
0.0,32623.0,6415.0,6402.0,11831.0,3410.0,0.0,3410.0,0.0,2134.0,2133.0,2135.0,2143.0,2130.0,2142.0,11461.0,4649.0,16513.0,0.0,3410.0,0.0,2134.0,2133.0,2135.0
0.0,38039.0,6417.0,6402.0,9925.0,0.0,0.0,0.0,0.0,2134.0,2133.0,2135.0,2146.0,2134.0,2137.0,15324.0,7255.0,15460.0,0.0,0.0,0.0,2134.0,2133.0,2135.0
0.0,41547.0,6440.0,6404.0,6016.0,0.0,0.0,0.0,0.0,2135.0,2133.0,2136.0,2137.0,2148.0,2155.0,16650.0,11574.0,13323.0,0.0,0.0,0.0,2135.0,2133.0,2136.0
0.0,41123.0,6442.0,6406.0,3410.0,1664.0,0.0,0.0,1664.0,2135.0,2134.0,2137.0,2144.0,2151.0,2147.0,14513.0,15442.0,11168.0,0.0,0.0,1664.0,2135.0,2134.0,2137.0
0.0,38091.0,6473.0,6408.0,0.0,4292.0,473.0,0.0,3819.0,2136.0,2135.0,2137.0,2162.0,2156.0,2155.0,12369.0,16701.0,9021.0,473.0,0.0,3819.0,2136.0,2135.0,2137.0
0.0,31618.0,6471.0,6411.0,0.0,8616.0,2632.0,0.0,5984.0,2137.0,2136.0,2138.0,2154.0,2157.0,2160.0,10207.0,14545.0,6866.0,2632.0,0.0,5984.0,2137.0,2136.0,2138.0
0.0,25147.0,6450.0,6412.0,1664.0,11699.0,4779.0,442.0,6478.0,2137.0,2136.0,2139.0,2147.0,2150.0,2153.0,8053.0,12388.0,4706.0,4779.0,442.0,6478.0,2137.0,2136.0,2139.0
0.0,20361.0,6429.0,6413.0,4292.0,13841.0,6451.0,2591.0,4799.0,2137.0,2137.0,2139.0,2145.0,2144.0,2140.0,5906.0,10238.0,4217.0,6451.0,2591.0,4799.0,2137.0,2137.0,2139.0
0.0,18224.0,6434.0,6413.0,8616.0,11659.0,5957.0,4733.0,969.0,2137.0,2137.0,2139.0,2138.0,2142.0,2154.0,4234.0,8094.0,5896.0,5957.0,4733.0,969.0,2137.0,2137.0,2139.0
0.0,20406.0,6433.0,6415.0,11699.0,9759.0,3321.0,6438.0,0.0,2138.0,2137.0,2140.0,2138.0,2147.0,2148.0,4728.0,5952.0,9726.0,3321.0,6438.0,0.0,2138.0,2137.0,2140.0
0.0,25672.0,6448.0,6416.0,12897.0,5993.0,0.0,5993.0,0.0,2138.0,2138.0,2140.0,2152.0,2141.0,2155.0,7369.0,4247.0,14056.0,0.0,5993.0,0.0,2138.0,2138.0,2140.0
0.0,32121.0,6477.0,6418.0,12101.0,3419.0,0.0,3419.0,0.0,2139.0,2138.0,2141.0,2166.0,2159.0,2152.0,10724.0,4697.0,16700.0,0.0,3419.0,0.0,2139.0,2138.0,2141.0
0.0,37745.0,6469.0,6420.0,10261.0,0.0,0.0,0.0,0.0,2140.0,2139.0,2141.0,2160.0,2159.0,2150.0,14957.0,7271.0,15517.0,0.0,0.0,0.0,2140.0,2139.0,2141.0
0.0,41537.0,6462.0,6422.0,5993.0,0.0,0.0,0.0,0.0,2140.0,2140.0,2142.0,2148.0,2159.0,2155.0,16620.0,11550.0,13367.0,0.0,0.0,0.0,2140.0,2140.0,2142.0
0.0,41068.0,6468.0,6422.0,3419.0,1657.0,0.0,0.0,1657.0,2140.0,2140.0,2142.0,2158.0,2151.0,2159.0,14472.0,15384.0,11212.0,0.0,0.0,1657.0,2140.0,2140.0,2142.0
0.0,38019.0,6433.0,6424.0,0.0,4352.0,541.0,0.0,3811.0,2141.0,2140.0,2143.0,2150.0,2134.0,2149.0,12314.0,16652.0,9053.0,541.0,0.0,3811.0,2141.0,2140.0,2143.0
0.0,31586.0,6441.0,6424.0,0.0,8645.0,2689.0,0.0,5956.0,2141.0,2140.0,2143.0,2148.0,2148.0,2145.0,10164.0,14518.0,6904.0,2689.0,0.0,5956.0,2141.0,2140.0,2143.0
0.0,25145.0,6461.0,6426.0,1657.0,11789.0,4853.0,491.0,6445.0,2142.0,2141.0,2143.0,2159.0,2156.0,2146.0,8016.0,12370.0,4759.0,4853.0,491.0,6445.0,2142.0,2141.0,2143.0
0.0,20341.0,6490.0,6429.0,4352.0,13942.0,6482.0,2656.0,4804.0,2143.0,2142.0,2144.0,2165.0,2160.0,2165.0,5857.0,10214.0,4270.0,6482.0,2656.0,4804.0,2143.0,2142.0,2144.0
0.0,18203.0,6492.0,6431.0,8645.0,11799.0,5964.0,4815.0,1020.0,2144.0,2142.0,2145.0,2166.0,2159.0,2167.0,4233.0,8054.0,5916.0,5964.0,4815.0,1020.0,2144.0,2142.0,2145.0
0.0,20356.0,6468.0,6432.0,11789.0,9749.0,3265.0,6484.0,0.0,2144.0,2143.0,2145.0,2154.0,2155.0,2159.0,4756.0,5895.0,9705.0,3265.0,6484.0,0.0,2144.0,2143.0,2145.0
0.0,25677.0,6466.0,6433.0,13942.0,5984.0,0.0,5984.0,0.0,2144.0,2143.0,2146.0,2152.0,2156.0,2158.0,7455.0,4231.0,13991.0,0.0,5984.0,0.0,2144.0,2143.0,2146.0
0.0,33153.0,6454.0,6433.0,11799.0,3324.0,0.0,3324.0,0.0,2144.0,2143.0,2146.0,2149.0,2155.0,2150.0,11785.0,4731.0,16637.0,0.0,3324.0,0.0,2144.0,2143.0,2146.0
0.0,38498.0,6457.0,6435.0,9749.0,0.0,0.0,0.0,0.0,2145.0,2144.0,2146.0,2149.0,2156.0,2152.0,15600.0,7391.0,15507.0,0.0,0.0,0.0,2145.0,2144.0,2146.0
0.0,41790.0,6459.0,6435.0,5984.0,0.0,0.0,0.0,0.0,2145.0,2144.0,2146.0,2160.0,2151.0,2148.0,16716.0,11719.0,13355.0,0.0,0.0,0.0,2145.0,2144.0,2146.0
0.0,41315.0,6497.0,6438.0,3324.0,1694.0,0.0,0.0,1694.0,2146.0,2145.0,2147.0,2170.0,2161.0,2166.0,14556.0,15552.0,11207.0,0.0,0.0,1694.0,2146.0,2145.0,2147.0
0.0,38142.0,6501.0,6441.0,0.0,4383.0,513.0,0.0,3870.0,2147.0,2146.0,2148.0,2164.0,2166.0,2171.0,12386.0,16715.0,9041.0,513.0,0.0,3870.0,2147.0,2146.0,2148.0
0.0,31641.0,6493.0,6443.0,0.0,8722.0,2682.0,0.0,6040.0,2148.0,2146.0,2149.0,2164.0,2164.0,2165.0,10222.0,14549.0,6870.0,2682.0,0.0,6040.0,2148.0,2146.0,2149.0
0.0,25148.0,6474.0,6443.0,1694.0,11847.0,4842.0,502.0,6503.0,2148.0,2146.0,2149.0,2160.0,2157.0,2157.0,8058.0,12385.0,4705.0,4842.0,502.0,6503.0,2148.0,2146.0,2149.0
0.0,20368.0,6452.0,6443.0,4383.0,13916.0,6488.0,2648.0,4780.0,2148.0,2146.0,2149.0,2159.0,2146.0,2147.0,5898.0,10228.0,4242.0,6488.0,2648.0,4780.0,2148.0,2146.0,2149.0
0.0,18299.0,6426.0,6443.0,8722.0,11620.0,5949.0,4783.0,888.0,2148.0,2146.0,2149.0,2143.0,2135.0,2148.0,4252.0,8082.0,5965.0,5949.0,4783.0,888.0,2148.0,2146.0,2149.0
0.0,20595.0,6474.0,6445.0,11847.0,9714.0,3267.0,6447.0,0.0,2149.0,2147.0,2149.0,2155.0,2161.0,2158.0,4791.0,5947.0,9857.0,3267.0,6447.0,0.0,2149.0,2147.0,2149.0
0.0,25968.0,6529.0,6448.0,12921.0,5978.0,0.0,5978.0,0.0,2149.0,2148.0,2151.0,2177.0,2174.0,2178.0,7478.0,4288.0,14202.0,0.0,5978.0,0.0,2149.0,2148.0,2151.0
0.0,32360.0,6525.0,6450.0,12002.0,3378.0,0.0,3378.0,0.0,2150.0,2149.0,2151.0,2174.0,2178.0,2173.0,10794.0,4762.0,16804.0,0.0,3378.0,0.0,2150.0,2149.0,2151.0
0.0,37837.0,6488.0,6452.0,10327.0,0.0,0.0,0.0,0.0,2151.0,2149.0,2152.0,2162.0,2165.0,2161.0,14951.0,7367.0,15519.0,0.0,0.0,0.0,2151.0,2149.0,2152.0
0.0,41676.0,6454.0,6452.0,4690.0,0.0,0.0,0.0,0.0,2151.0,2149.0,2152.0,2150.0,2141.0,2163.0,16669.0,11649.0,13358.0,0.0,0.0,0.0,2151.0,2149.0,2152.0
0.0,39912.0,6467.0,6452.0,3593.0,1716.0,0.0,0.0,1716.0,2151.0,2149.0,2152.0,2159.0,2157.0,2151.0,14519.0,14198.0,11195.0,0.0,0.0,1716.0,2151.0,2149.0,2152.0
0.0,37038.0,6436.0,6453.0,1073.0,4398.0,540.0,0.0,3858.0,2151.0,2150.0,2152.0,2145.0,2149.0,2142.0,12360.0,15634.0,9044.0,540.0,0.0,3858.0,2151.0,2150.0,2152.0
0.0,31675.0,6517.0,6456.0,0.0,8750.0,2718.0,0.0,6032.0,2152.0,2151.0,2153.0,2173.0,2175.0,2169.0,10215.0,14558.0,6902.0,2718.0,0.0,6032.0,2152.0,2151.0,2153.0
0.0,25158.0,6510.0,6458.0,1716.0,11926.0,4901.0,533.0,6492.0,2153.0,2151.0,2154.0,2178.0,2161.0,2171.0,8042.0,12383.0,4733.0,4901.0,533.0,6492.0,2153.0,2151.0,2154.0
0.0,20364.0,6520.0,6459.0,4398.0,14053.0,6542.0,2700.0,4811.0,2154.0,2151.0,2154.0,2176.0,2167.0,2177.0,5864.0,10222.0,4278.0,6542.0,2700.0,4811.0,2154.0,2151.0,2154.0
0.0,18242.0,6509.0,6460.0,8750.0,11817.0,5993.0,4878.0,946.0,2154.0,2152.0,2154.0,2169.0,2173.0,2167.0,4228.0,8055.0,5959.0,5993.0,4878.0,946.0,2154.0,2152.0,2154.0
0.0,20483.0,6494.0,6461.0,11926.0,9779.0,3269.0,6510.0,0.0,2155.0,2152.0,2154.0,2172.0,2165.0,2157.0,4777.0,5882.0,9824.0,3269.0,6510.0,0.0,2155.0,2152.0,2154.0
0.0,25915.0,6478.0,6463.0,14053.0,5974.0,0.0,5974.0,0.0,2155.0,2153.0,2155.0,2165.0,2159.0,2154.0,7506.0,4250.0,14159.0,0.0,5974.0,0.0,2155.0,2153.0,2155.0
0.0,33490.0,6464.0,6463.0,11817.0,3246.0,0.0,3246.0,0.0,2155.0,2153.0,2155.0,2153.0,2150.0,2161.0,11883.0,4791.0,16816.0,0.0,3246.0,0.0,2155.0,2153.0,2155.0
0.0,38843.0,6512.0,6464.0,9779.0,0.0,0.0,0.0,0.0,2156.0,2153.0,2155.0,2167.0,2170.0,2175.0,15723.0,7519.0,15601.0,0.0,0.0,0.0,2156.0,2153.0,2155.0
0.0,42110.0,6536.0,6466.0,5974.0,0.0,0.0,0.0,0.0,2156.0,2154.0,2156.0,2177.0,2184.0,2175.0,16825.0,11859.0,13426.0,0.0,0.0,0.0,2156.0,2154.0,2156.0
0.0,41548.0,6541.0,6470.0,3246.0,1715.0,0.0,0.0,1715.0,2157.0,2156.0,2157.0,2177.0,2183.0,2181.0,14648.0,15649.0,11251.0,0.0,0.0,1715.0,2157.0,2156.0,2157.0
0.0,38253.0,6502.0,6472.0,0.0,4374.0,483.0,0.0,3891.0,2158.0,2156.0,2158.0,2164.0,2167.0,2171.0,12471.0,16712.0,9070.0,483.0,0.0,3891.0,2158.0,2156.0,2158.0
0.0,31751.0,6492.0,6472.0,0.0,8706.0,2647.0,0.0,6059.0,2158.0,2156.0,2158.0,2164.0,2160.0,2168.0,10307.0,14545.0,6899.0,2647.0,0.0,6059.0,2158.0,2156.0,2158.0
0.0,25259.0,6495.0,6472.0,1715.0,11881.0,4819.0,554.0,6508.0,2158.0,2156.0,2158.0,2172.0,2159.0,2164.0,8143.0,12385.0,4731.0,4819.0,554.0,6508.0,2158.0,2156.0,2158.0
0.0,20479.0,6482.0,6473.0,4374.0,13994.0,6489.0,2726.0,4779.0,2158.0,2157.0,2158.0,2153.0,2167.0,2162.0,5971.0,10226.0,4282.0,6489.0,2726.0,4779.0,2158.0,2157.0,2158.0
0.0,18371.0,6531.0,6476.0,8706.0,11834.0,6023.0,4907.0,904.0,2159.0,2158.0,2159.0,2176.0,2176.0,2179.0,4301.0,8059.0,6011.0,6023.0,4907.0,904.0,2159.0,2158.0,2159.0
0.0,20546.0,6549.0,6478.0,11881.0,9926.0,3397.0,6529.0,0.0,2160.0,2158.0,2160.0,2188.0,2176.0,2185.0,4772.0,5883.0,9891.0,3397.0,6529.0,0.0,2160.0,2158.0,2160.0
0.0,25878.0,6538.0,6480.0,13175.0,5989.0,0.0,5989.0,0.0,2161.0,2159.0,2160.0,2178.0,2181.0,2179.0,7403.0,4261.0,14214.0,0.0,5989.0,0.0,2161.0,2159.0,2160.0
0.0,32515.0,6536.0,6482.0,11934.0,3260.0,0.0,3260.0,0.0,2161.0,2160.0,2161.0,2181.0,2173.0,2182.0,10895.0,4806.0,16814.0,0.0,3260.0,0.0,2161.0,2160.0,2161.0
0.0,37913.0,6499.0,6482.0,10645.0,0.0,0.0,0.0,0.0,2161.0,2160.0,2161.0,2172.0,2164.0,2163.0,14837.0,7540.0,15536.0,0.0,0.0,0.0,2161.0,2160.0,2161.0
0.0,42059.0,6497.0,6483.0,5989.0,0.0,0.0,0.0,0.0,2162.0,2160.0,2161.0,2173.0,2163.0,2161.0,16781.0,11905.0,13373.0,0.0,0.0,0.0,2162.0,2160.0,2161.0
0.0,41551.0,6486.0,6484.0,3260.0,1766.0,0.0,0.0,1766.0,2162.0,2160.0,2162.0,2156.0,2162.0,2168.0,14608.0,15731.0,11212.0,0.0,0.0,1766.0,2162.0,2160.0,2162.0
0.0,38325.0,6533.0,6486.0,0.0,4487.0,545.0,0.0,3942.0,2163.0,2161.0,2162.0,2182.0,2175.0,2176.0,12452.0,16829.0,9044.0,545.0,0.0,3942.0,2163.0,2161.0,2162.0
0.0,31792.0,6547.0,6488.0,0.0,8865.0,2734.0,0.0,6131.0,2164.0,2161.0,2163.0,2184.0,2179.0,2184.0,10270.0,14654.0,6868.0,2734.0,0.0,6131.0,2164.0,2161.0,2163.0
0.0,25245.0,6538.0,6489.0,1766.0,11972.0,4908.0,523.0,6541.0,2164.0,2162.0,2163.0,2174.0,2188.0,2176.0,8086.0,12475.0,4684.0,4908.0,523.0,6541.0,2164.0,2162.0,2163.0
0.0,20473.0,6541.0,6492.0,4487.0,14041.0,6552.0,2707.0,4782.0,2165.0,2163.0,2164.0,2184.0,2179.0,2178.0,5912.0,10287.0,4274.0,6552.0,2707.0,4782.0,2165.0,2163.0,2164.0
0.0,18419.0,6525.0,6492.0,8865.0,11701.0,5991.0,4876.0,834.0,2165.0,2163.0,2164.0,2173.0,2169.0,2183.0,4273.0,8108.0,6038.0,5991.0,4876.0,834.0,2165.0,2163.0,2164.0
0.0,20759.0,6498.0,6493.0,11972.0,9763.0,3247.0,6516.0,0.0,2165.0,2163.0,2165.0,2164.0,2163.0,2171.0,4834.0,5939.0,9986.0,3247.0,6516.0,0.0,2165.0,2163.0,2165.0
0.0,26233.0,6509.0,6493.0,14041.0,5981.0,0.0,5981.0,0.0,2165.0,2163.0,2165.0,2162.0,2172.0,2175.0,7578.0,4299.0,14356.0,0.0,5981.0,0.0,2165.0,2163.0,2165.0
0.0,33765.0,6535.0,6496.0,11701.0,3291.0,0.0,3291.0,0.0,2166.0,2164.0,2166.0,2177.0,2181.0,2177.0,11968.0,4834.0,16963.0,0.0,3291.0,0.0,2166.0,2164.0,2166.0
0.0,38931.0,6581.0,6498.0,9763.0,0.0,0.0,0.0,0.0,2167.0,2165.0,2166.0,2197.0,2192.0,2192.0,15782.0,7529.0,15620.0,0.0,0.0,0.0,2167.0,2165.0,2166.0
0.0,42113.0,6537.0,6500.0,5981.0,0.0,0.0,0.0,0.0,2167.0,2166.0,2167.0,2179.0,2182.0,2176.0,16832.0,11853.0,13428.0,0.0,0.0,0.0,2167.0,2166.0,2167.0
0.0,41557.0,6531.0,6502.0,3291.0,1769.0,0.0,0.0,1769.0,2168.0,2166.0,2168.0,2175.0,2175.0,2181.0,14653.0,15652.0,11252.0,0.0,0.0,1769.0,2168.0,2166.0,2168.0
0.0,38317.0,6538.0,6502.0,0.0,4491.0,542.0,0.0,3949.0,2168.0,2166.0,2168.0,2180.0,2178.0,2180.0,12478.0,16768.0,9071.0,542.0,0.0,3949.0,2168.0,2166.0,2168.0
0.0,31779.0,6520.0,6503.0,0.0,8833.0,2711.0,0.0,6122.0,2168.0,2167.0,2168.0,2169.0,2178.0,2173.0,10298.0,14590.0,6891.0,2711.0,0.0,6122.0,2168.0,2167.0,2168.0
0.0,25259.0,6512.0,6503.0,1769.0,11999.0,4886.0,590.0,6523.0,2168.0,2167.0,2168.0,2175.0,2167.0,2170.0,8129.0,12412.0,4718.0,4886.0,590.0,6523.0,2168.0,2167.0,2168.0
0.0,20516.0,6557.0,6506.0,4491.0,14080.0,6537.0,2780.0,4763.0,2169.0,2168.0,2169.0,2188.0,2185.0,2184.0,5954.0,10245.0,4317.0,6537.0,2780.0,4763.0,2169.0,2168.0,2169.0
0.0,18450.0,6570.0,6507.0,8833.0,11822.0,6031.0,4962.0,829.0,2170.0,2168.0,2169.0,2200.0,2182.0,2188.0,4308.0,8060.0,6082.0,6031.0,4962.0,829.0,2170.0,2168.0,2169.0
0.0,20713.0,6563.0,6510.0,11999.0,9906.0,3346.0,6560.0,0.0,2171.0,2169.0,2170.0,2196.0,2183.0,2184.0,4819.0,5878.0,10016.0,3346.0,6560.0,0.0,2171.0,2169.0,2170.0
0.0,26149.0,6564.0,6511.0,13172.0,5971.0,0.0,5971.0,0.0,2171.0,2169.0,2171.0,2180.0,2191.0,2193.0,7509.0,4285.0,14355.0,0.0,5971.0,0.0,2171.0,2169.0,2171.0
0.0,32757.0,6557.0,6513.0,12150.0,3197.0,0.0,3197.0,0.0,2172.0,2170.0,2171.0,2183.0,2183.0,2191.0,10958.0,4874.0,16925.0,0.0,3197.0,0.0,2172.0,2170.0,2171.0
0.0,38350.0,6523.0,6514.0,10486.0,0.0,0.0,0.0,0.0,2172.0,2170.0,2172.0,2171.0,2169.0,2183.0,15134.0,7653.0,15563.0,0.0,0.0,0.0,2172.0,2170.0,2172.0
0.0,42313.0,6516.0,6514.0,3525.0,0.0,0.0,0.0,0.0,2172.0,2170.0,2172.0,2170.0,2174.0,2172.0,16889.0,12044.0,13380.0,0.0,0.0,0.0,2172.0,2170.0,2172.0
0.0,39322.0,6536.0,6514.0,4815.0,1827.0,0.0,0.0,1827.0,2172.0,2170.0,2172.0,2182.0,2179.0,2175.0,14719.0,13395.0,11208.0,0.0,0.0,1827.0,2172.0,2170.0,2172.0
0.0,37601.0,6576.0,6517.0,828.0,4541.0,521.0,0.0,4020.0,2173.0,2171.0,2173.0,2193.0,2195.0,2188.0,12537.0,16031.0,9033.0,521.0,0.0,4020.0,2173.0,2171.0,2173.0
0.0,31853.0,6579.0,6521.0,0.0,8933.0,2712.0,0.0,6221.0,2174.0,2173.0,2174.0,2186.0,2197.0,2196.0,10344.0,14664.0,6845.0,2712.0,0.0,6221.0,2174.0,2173.0,2174.0
0.0,25274.0,6565.0,6521.0,1827.0,12069.0,4903.0,582.0,6584.0,2174.0,2173.0,2174.0,2191.0,2184.0,2190.0,8158.0,12467.0,4649.0,4903.0,582.0,6584.0,2174.0,2173.0,2174.0
0.0,20536.0,6528.0,6521.0,4541.0,14056.0,6559.0,2755.0,4742.0,2174.0,2173.0,2174.0,2177.0,2173.0,2178.0,5967.0,10283.0,4286.0,6559.0,2755.0,4742.0,2174.0,2173.0,2174.0
0.0,18549.0,6536.0,6522.0,8933.0,11664.0,6021.0,4936.0,707.0,2174.0,2173.0,2175.0,2174.0,2181.0,2181.0,4311.0,8110.0,6128.0,6021.0,4936.0,707.0,2174.0,2173.0,2175.0
0.0,20946.0,6536.0,6523.0,12069.0,9839.0,3300.0,6539.0,0.0,2175.0,2173.0,2175.0,2177.0,2185.0,2174.0,4849.0,5929.0,10168.0,3300.0,6539.0,0.0,2175.0,2173.0,2175.0
0.0,26479.0,6555.0,6524.0,14056.0,5979.0,0.0,5979.0,0.0,2175.0,2174.0,2175.0,2187.0,2190.0,2178.0,7575.0,4326.0,14578.0,0.0,5979.0,0.0,2175.0,2174.0,2175.0
0.0,33980.0,6586.0,6527.0,11664.0,3239.0,0.0,3239.0,0.0,2176.0,2175.0,2176.0,2198.0,2191.0,2197.0,11947.0,4891.0,17142.0,0.0,3239.0,0.0,2176.0,2175.0,2176.0
0.0,39058.0,6609.0,6530.0,9839.0,0.0,0.0,0.0,0.0,2177.0,2176.0,2177.0,2201.0,2200.0,2208.0,15770.0,7636.0,15652.0,0.0,0.0,0.0,2177.0,2176.0,2177.0
0.0,42288.0,6585.0,6532.0,5979.0,0.0,0.0,0.0,0.0,2177.0,2177.0,2178.0,2186.0,2201.0,2198.0,16869.0,11975.0,13444.0,0.0,0.0,0.0,2177.0,2177.0,2178.0
0.0,41682.0,6574.0,6533.0,3239.0,1832.0,0.0,0.0,1832.0,2178.0,2177.0,2178.0,2198.0,2188.0,2188.0,14683.0,15753.0,11246.0,0.0,0.0,1832.0,2178.0,2177.0,2178.0
0.0,38347.0,6537.0,6533.0,0.0,4597.0,591.0,0.0,4006.0,2178.0,2177.0,2178.0,2186.0,2177.0,2174.0,12485.0,16804.0,9058.0,591.0,0.0,4006.0,2178.0,2177.0,2178.0
0.0,31810.0,6533.0,6534.0,0.0,8945.0,2766.0,0.0,6179.0,2178.0,2178.0,2178.0,2175.0,2185.0,2173.0,10299.0,14627.0,6884.0,2766.0,0.0,6179.0,2178.0,2178.0,2178.0
0.0,25277.0,6567.0,6536.0,1832.0,12138.0,4965.0,637.0,6536.0,2179.0,2178.0,2179.0,2194.0,2189.0,2184.0,8124.0,12442.0,4711.0,4965.0,637.0,6536.0,2179.0,2178.0,2179.0
0.0,20542.0,6613.0,6538.0,4597.0,14164.0,6577.0,2849.0,4738.0,2179.0,2179.0,2180.0,2203.0,2207.0,2203.0,5930.0,10253.0,4359.0,6577.0,2849.0,4738.0,2179.0,2179.0,2180.0
0.0,18526.0,6615.0,6541.0,8945.0,11849.0,6016.0,5061.0,772.0,2180.0,2180.0,2181.0,2200.0,2207.0,2208.0,4318.0,8046.0,6162.0,6016.0,5061.0,772.0,2180.0,2180.0,2181.0
0.0,20856.0,6600.0,6543.0,12138.0,9884.0,3256.0,6628.0,0.0,2181.0,2181.0,2181.0,2200.0,2199.0,2201.0,4884.0,5839.0,10133.0,3256.0,6628.0,0.0,2181.0,2181.0,2181.0
0.0,26394.0,6572.0,6544.0,13189.0,5966.0,0.0,5966.0,0.0,2181.0,2181.0,2182.0,2190.0,2187.0,2195.0,7649.0,4277.0,14468.0,0.0,5966.0,0.0,2181.0,2181.0,2182.0
0.0,33011.0,6564.0,6544.0,12489.0,3086.0,0.0,3086.0,0.0,2181.0,2181.0,2182.0,2193.0,2181.0,2190.0,11061.0,4939.0,17011.0,0.0,3086.0,0.0,2181.0,2181.0,2182.0
0.0,38936.0,6551.0,6545.0,10219.0,0.0,0.0,0.0,0.0,2182.0,2181.0,2182.0,2180.0,2191.0,2180.0,15524.0,7819.0,15593.0,0.0,0.0,0.0,2182.0,2181.0,2182.0
0.0,42604.0,6590.0,6546.0,5966.0,0.0,0.0,0.0,0.0,2182.0,2182.0,2182.0,2197.0,2195.0,2198.0,16935.0,12256.0,13413.0,0.0,0.0,0.0,2182.0,2182.0,2182.0
0.0,41980.0,6603.0,6548.0,3086.0,1901.0,0.0,0.0,1901.0,2183.0,2182.0,2183.0,2206.0,2196.0,2201.0,14738.0,16027.0,11215.0,0.0,0.0,1901.0,2183.0,2182.0,2183.0
0.0,38463.0,6618.0,6551.0,0.0,4703.0,590.0,0.0,4113.0,2184.0,2183.0,2184.0,2202.0,2209.0,2207.0,12532.0,16917.0,9014.0,590.0,0.0,4113.0,2184.0,2183.0,2184.0
0.0,31845.0,6586.0,6552.0,0.0,9094.0,2779.0,0.0,6315.0,2184.0,2184.0,2184.0,2189.0,2195.0,2202.0,10330.0,14708.0,6807.0,2779.0,0.0,6315.0,2184.0,2184.0,2184.0
0.0,25259.0,6585.0,6553.0,1901.0,12190.0,4970.0,607.0,6613.0,2184.0,2184.0,2185.0,2191.0,2200.0,2194.0,8141.0,12513.0,4605.0,4970.0,607.0,6613.0,2184.0,2184.0,2185.0
0.0,20575.0,6563.0,6553.0,4703.0,14050.0,6573.0,2795.0,4682.0,2184.0,2184.0,2185.0,2193.0,2188.0,2182.0,5950.0,10313.0,4312.0,6573.0,2795.0,4682.0,2184.0,2184.0,2185.0
0.0,18715.0,6552.0,6553.0,9094.0,11508.0,5973.0,4981.0,554.0,2184.0,2184.0,2185.0,2179.0,2186.0,2187.0,4347.0,8125.0,6243.0,5973.0,4981.0,554.0,2184.0,2184.0,2185.0
0.0,21257.0,6597.0,6556.0,12190.0,9774.0,3204.0,6570.0,0.0,2185.0,2185.0,2186.0,2196.0,2191.0,2210.0,4947.0,5939.0,10371.0,3204.0,6570.0,0.0,2185.0,2185.0,2186.0
0.0,26850.0,6619.0,6559.0,14050.0,5979.0,0.0,5979.0,0.0,2186.0,2186.0,2187.0,2208.0,2199.0,2212.0,7721.0,4355.0,14774.0,0.0,5979.0,0.0,2186.0,2186.0,2187.0
0.0,34281.0,6624.0,6561.0,11508.0,3213.0,0.0,3213.0,0.0,2186.0,2187.0,2188.0,2201.0,2210.0,2213.0,12086.0,4951.0,17244.0,0.0,3213.0,0.0,2186.0,2187.0,2188.0
0.0,39165.0,6602.0,6562.0,9774.0,0.0,0.0,0.0,0.0,2187.0,2187.0,2188.0,2195.0,2208.0,2199.0,15858.0,7722.0,15585.0,0.0,0.0,0.0,2187.0,2187.0,2188.0
0.0,42337.0,6591.0,6562.0,5979.0,0.0,0.0,0.0,0.0,2187.0,2187.0,2188.0,2202.0,2194.0,2195.0,16867.0,12084.0,13386.0,0.0,0.0,0.0,2187.0,2187.0,2188.0
0.0,41725.0,6580.0,6564.0,3213.0,1940.0,0.0,0.0,1940.0,2188.0,2188.0,2188.0,2197.0,2192.0,2191.0,14665.0,15869.0,11191.0,0.0,0.0,1940.0,2188.0,2188.0,2188.0
0.0,38358.0,6586.0,6565.0,0.0,4809.0,664.0,0.0,4145.0,2188.0,2188.0,2189.0,2192.0,2194.0,2200.0,12468.0,16890.0,9000.0,664.0,0.0,4145.0,2188.0,2188.0,2189.0
0.0,31772.0,6615.0,6565.0,0.0,9221.0,2867.0,0.0,6354.0,2188.0,2188.0,2189.0,2203.0,2203.0,2209.0,10276.0,14696.0,6800.0,2867.0,0.0,6354.0,2188.0,2188.0,2189.0
0.0,25157.0,6631.0,6568.0,1940.0,12374.0,5083.0,662.0,6629.0,2189.0,2189.0,2190.0,2211.0,2210.0,2210.0,8073.0,12493.0,4591.0,5083.0,662.0,6629.0,2189.0,2189.0,2190.0
0.0,20466.0,6611.0,6571.0,4809.0,14191.0,6628.0,2871.0,4692.0,2190.0,2190.0,2191.0,2204.0,2204.0,2203.0,5862.0,10283.0,4321.0,6628.0,2871.0,4692.0,2190.0,2190.0,2191.0
0.0,18664.0,6588.0,6571.0,9221.0,11558.0,5960.0,5063.0,535.0,2190.0,2190.0,2191.0,2199.0,2192.0,2197.0,4322.0,8079.0,6263.0,5960.0,5063.0,535.0,2190.0,2190.0,2191.0
0.0,21297.0,6591.0,6571.0,12374.0,9670.0,3070.0,6600.0,0.0,2190.0,2190.0,2191.0,2193.0,2199.0,2199.0,4990.0,5887.0,10420.0,3070.0,6600.0,0.0,2190.0,2190.0,2191.0
0.0,27080.0,6592.0,6574.0,13032.0,5930.0,0.0,5930.0,0.0,2191.0,2191.0,2192.0,2200.0,2196.0,2196.0,7880.0,4350.0,14850.0,0.0,5930.0,0.0,2191.0,2191.0,2192.0
0.0,33520.0,6593.0,6574.0,12398.0,3065.0,0.0,3065.0,0.0,2191.0,2191.0,2192.0,2191.0,2198.0,2204.0,11149.0,5025.0,17346.0,0.0,3065.0,0.0,2191.0,2191.0,2192.0
0.0,39325.0,6599.0,6575.0,9989.0,0.0,0.0,0.0,0.0,2192.0,2191.0,2192.0,2208.0,2192.0,2199.0,15758.0,7890.0,15677.0,0.0,0.0,0.0,2192.0,2191.0,2192.0
0.0,42715.0,6630.0,6577.0,3383.0,0.0,0.0,0.0,0.0,2192.0,2192.0,2193.0,2206.0,2208.0,2216.0,16939.0,12298.0,13478.0,0.0,0.0,0.0,2192.0,2192.0,2193.0
0.0,39468.0,6630.0,6580.0,5082.0,1923.0,0.0,0.0,1923.0,2193.0,2193.0,2194.0,2207.0,2208.0,2215.0,14733.0,13473.0,11262.0,0.0,0.0,1923.0,2193.0,2193.0,2194.0
0.0,37920.0,6640.0,6580.0,530.0,4783.0,657.0,0.0,4126.0,2193.0,2193.0,2194.0,2218.0,2219.0,2203.0,12526.0,16347.0,9047.0,657.0,0.0,4126.0,2193.0,2193.0,2194.0
0.0,31810.0,6610.0,6583.0,0.0,9201.0,2868.0,0.0,6333.0,2194.0,2194.0,2195.0,2206.0,2202.0,2202.0,10308.0,14658.0,6844.0,2868.0,0.0,6333.0,2194.0,2194.0,2195.0
0.0,25200.0,6596.0,6583.0,1923.0,12388.0,5072.0,701.0,6615.0,2194.0,2194.0,2195.0,2204.0,2187.0,2205.0,8102.0,12456.0,4642.0,5072.0,701.0,6615.0,2194.0,2194.0,2195.0
0.0,20527.0,6578.0,6583.0,4783.0,14183.0,6606.0,2890.0,4687.0,2194.0,2194.0,2195.0,2191.0,2189.0,2198.0,5898.0,10269.0,4360.0,6606.0,2890.0,4687.0,2194.0,2194.0,2195.0
0.0,18732.0,6617.0,6584.0,9201.0,11604.0,5936.0,5094.0,574.0,2194.0,2194.0,2196.0,2198.0,2204.0,2215.0,4364.0,8080.0,6288.0,5936.0,5094.0,574.0,2194.0,2194.0,2196.0
0.0,21316.0,6638.0,6586.0,12388.0,9704.0,3087.0,6617.0,0.0,2195.0,2195.0,2196.0,2218.0,2219.0,2201.0,5034.0,5876.0,10406.0,3087.0,6617.0,0.0,2195.0,2195.0,2196.0
0.0,27066.0,6660.0,6589.0,14183.0,5955.0,0.0,5955.0,0.0,2196.0,2196.0,2197.0,2217.0,2223.0,2220.0,7888.0,4358.0,14820.0,0.0,5955.0,0.0,2196.0,2196.0,2197.0
0.0,34589.0,6635.0,6592.0,11604.0,3086.0,0.0,3086.0,0.0,2197.0,2197.0,2198.0,2211.0,2220.0,2204.0,12277.0,5025.0,17287.0,0.0,3086.0,0.0,2197.0,2197.0,2198.0
0.0,39558.0,6637.0,6592.0,9704.0,0.0,0.0,0.0,0.0,2197.0,2197.0,2198.0,2215.0,2211.0,2211.0,16002.0,7899.0,15657.0,0.0,0.0,0.0,2197.0,2197.0,2198.0
0.0,42625.0,6619.0,6592.0,5955.0,0.0,0.0,0.0,0.0,2197.0,2197.0,2198.0,2209.0,2203.0,2207.0,16874.0,12305.0,13446.0,0.0,0.0,0.0,2197.0,2197.0,2198.0
0.0,41961.0,6603.0,6593.0,3086.0,1955.0,0.0,0.0,1955.0,2197.0,2198.0,2198.0,2191.0,2208.0,2204.0,14665.0,16057.0,11239.0,0.0,0.0,1955.0,2197.0,2198.0,2198.0
0.0,38444.0,6629.0,6595.0,0.0,4899.0,724.0,0.0,4175.0,2198.0,2198.0,2199.0,2208.0,2206.0,2215.0,12474.0,16935.0,9035.0,724.0,0.0,4175.0,2198.0,2198.0,2199.0
0.0,31815.0,6645.0,6598.0,0.0,9342.0,2943.0,0.0,6399.0,2199.0,2199.0,2200.0,2214.0,2212.0,2219.0,10266.0,14729.0,6820.0,2943.0,0.0,6399.0,2199.0,2199.0,2200.0
0.0,25170.0,6644.0,6600.0,1955.0,12519.0,5168.0,688.0,6663.0,2200.0,2199.0,2201.0,2220.0,2210.0,2214.0,8052.0,12517.0,4601.0,5168.0,688.0,6663.0,2200.0,2199.0,2201.0
0.0,20481.0,6646.0,6601.0,4899.0,14271.0,6652.0,2910.0,4709.0,2200.0,2200.0,2201.0,2208.0,2217.0,2221.0,5832.0,10307.0,4342.0,6652.0,2910.0,4709.0,2200.0,2200.0,2201.0
0.0,18734.0,6631.0,6602.0,9342.0,11565.0,5916.0,5124.0,525.0,2200.0,2200.0,2202.0,2207.0,2214.0,2210.0,4348.0,8090.0,6296.0,5916.0,5124.0,525.0,2200.0,2200.0,2202.0
0.0,21445.0,6623.0,6603.0,12519.0,9605.0,2955.0,6650.0,0.0,2200.0,2201.0,2202.0,2207.0,2209.0,2207.0,5084.0,5876.0,10485.0,2955.0,6650.0,0.0,2200.0,2201.0,2202.0
0.0,27341.0,6610.0,6604.0,12992.0,5943.0,0.0,5943.0,0.0,2201.0,2201.0,2202.0,2196.0,2203.0,2211.0,8045.0,4355.0,14941.0,0.0,5943.0,0.0,2201.0,2201.0,2202.0
0.0,33723.0,6628.0,6604.0,12667.0,3024.0,0.0,3024.0,0.0,2201.0,2201.0,2202.0,2217.0,2205.0,2206.0,11222.0,5062.0,17439.0,0.0,3024.0,0.0,2201.0,2201.0,2202.0
0.0,39762.0,6677.0,6607.0,9782.0,0.0,0.0,0.0,0.0,2202.0,2202.0,2203.0,2228.0,2222.0,2227.0,16023.0,7981.0,15758.0,0.0,0.0,0.0,2202.0,2202.0,2203.0
0.0,42867.0,6666.0,6609.0,5943.0,0.0,0.0,0.0,0.0,2203.0,2202.0,2204.0,2229.0,2218.0,2219.0,16927.0,12409.0,13531.0,0.0,0.0,0.0,2203.0,2202.0,2204.0
0.0,42144.0,6658.0,6611.0,3024.0,1939.0,0.0,0.0,1939.0,2203.0,2203.0,2205.0,2212.0,2220.0,2226.0,14698.0,16134.0,11312.0,0.0,0.0,1939.0,2203.0,2203.0,2205.0
0.0,38510.0,6648.0,6611.0,0.0,4908.0,749.0,0.0,4159.0,2203.0,2203.0,2205.0,2220.0,2208.0,2220.0,12486.0,16938.0,9086.0,749.0,0.0,4159.0,2203.0,2203.0,2205.0
0.0,31862.0,6613.0,6612.0,0.0,9329.0,2960.0,0.0,6369.0,2204.0,2203.0,2205.0,2206.0,2197.0,2210.0,10266.0,14730.0,6866.0,2960.0,0.0,6369.0,2204.0,2203.0,2205.0
0.0,25249.0,6616.0,6611.0,1939.0,12483.0,5153.0,695.0,6635.0,2203.0,2203.0,2205.0,2198.0,2213.0,2205.0,8060.0,12533.0,4656.0,5153.0,695.0,6635.0,2203.0,2203.0,2205.0
0.0,20572.0,6657.0,6614.0,4908.0,14247.0,6633.0,2922.0,4692.0,2204.0,2204.0,2206.0,2224.0,2222.0,2211.0,5862.0,10320.0,4390.0,6633.0,2922.0,4692.0,2204.0,2204.0,2206.0
0.0,18823.0,6689.0,6617.0,9329.0,11622.0,5904.0,5161.0,557.0,2205.0,2205.0,2207.0,2226.0,2234.0,2229.0,4387.0,8098.0,6338.0,5904.0,5161.0,557.0,2205.0,2205.0,2207.0
0.0,21463.0,6683.0,6618.0,12483.0,9676.0,2990.0,6686.0,0.0,2206.0,2205.0,2207.0,2234.0,2220.0,2229.0,5121.0,5864.0,10478.0,2990.0,6686.0,0.0,2206.0,2205.0,2207.0
0.0,27263.0,6663.0,6620.0,14247.0,5989.0,0.0,5989.0,0.0,2206.0,2206.0,2208.0,2214.0,2220.0,2229.0,8040.0,4339.0,14884.0,0.0,5989.0,0.0,2206.0,2206.0,2208.0
0.0,34847.0,6654.0,6620.0,11622.0,3045.0,0.0,3045.0,0.0,2206.0,2206.0,2208.0,2221.0,2217.0,2216.0,12459.0,5041.0,17347.0,0.0,3045.0,0.0,2206.0,2206.0,2208.0
0.0,39815.0,6637.0,6621.0,9676.0,0.0,0.0,0.0,0.0,2207.0,2206.0,2208.0,2207.0,2219.0,2211.0,16142.0,7985.0,15688.0,0.0,0.0,0.0,2207.0,2206.0,2208.0
0.0,42854.0,6625.0,6622.0,5989.0,0.0,0.0,0.0,0.0,2207.0,2207.0,2208.0,2203.0,2216.0,2206.0,16925.0,12452.0,13477.0,0.0,0.0,0.0,2207.0,2207.0,2208.0
0.0,42218.0,6636.0,6623.0,3045.0,1983.0,0.0,0.0,1983.0,2207.0,2207.0,2209.0,2212.0,2215.0,2209.0,14722.0,16225.0,11271.0,0.0,0.0,1983.0,2207.0,2207.0,2209.0
0.0,38627.0,6682.0,6626.0,0.0,4974.0,758.0,0.0,4216.0,2208.0,2208.0,2210.0,2228.0,2226.0,2228.0,12510.0,17055.0,9062.0,758.0,0.0,4216.0,2208.0,2208.0,2210.0
0.0,31945.0,6688.0,6628.0,0.0,9437.0,2991.0,0.0,6446.0,2209.0,2209.0,2210.0,2228.0,2230.0,2230.0,10282.0,14829.0,6834.0,2991.0,0.0,6446.0,2209.0,2209.0,2210.0
0.0,25257.0,6671.0,6629.0,1983.0,12576.0,5217.0,670.0,6689.0,2209.0,2209.0,2211.0,2226.0,2224.0,2221.0,8054.0,12599.0,4604.0,5217.0,670.0,6689.0,2209.0,2209.0,2211.0
0.0,20569.0,6650.0,6631.0,4974.0,14262.0,6684.0,2886.0,4692.0,2210.0,2210.0,2211.0,2220.0,2211.0,2219.0,5828.0,10375.0,4366.0,6684.0,2886.0,4692.0,2210.0,2210.0,2211.0
0.0,18893.0,6627.0,6631.0,9437.0,11452.0,5906.0,5089.0,457.0,2210.0,2210.0,2211.0,2213.0,2203.0,2211.0,4366.0,8164.0,6363.0,5906.0,5089.0,457.0,2210.0,2210.0,2211.0
0.0,21703.0,6640.0,6631.0,12576.0,9534.0,2900.0,6634.0,0.0,2210.0,2210.0,2211.0,2211.0,2215.0,2214.0,5144.0,5961.0,10598.0,2900.0,6634.0,0.0,2210.0,2210.0,2211.0
0.0,27639.0,6666.0,6632.0,13038.0,5973.0,0.0,5973.0,0.0,2210.0,2210.0,2212.0,2220.0,2225.0,2221.0,8150.0,4416.0,15073.0,0.0,5973.0,0.0,2210.0,2210.0,2212.0
0.0,34011.0,6699.0,6634.0,12664.0,3122.0,0.0,3122.0,0.0,2211.0,2211.0,2212.0,2230.0,2233.0,2236.0,11390.0,5077.0,17544.0,0.0,3122.0,0.0,2211.0,2211.0,2212.0
0.0,39976.0,6706.0,6637.0,9546.0,0.0,0.0,0.0,0.0,2212.0,2212.0,2213.0,2224.0,2239.0,2243.0,16278.0,7933.0,15765.0,0.0,0.0,0.0,2212.0,2212.0,2213.0
0.0,42816.0,6688.0,6638.0,3302.0,0.0,0.0,0.0,0.0,2212.0,2212.0,2214.0,2222.0,2228.0,2238.0,16966.0,12328.0,13522.0,0.0,0.0,0.0,2212.0,2212.0,2214.0
0.0,39430.0,6659.0,6638.0,5536.0,2007.0,0.0,0.0,2007.0,2212.0,2212.0,2214.0,2225.0,2213.0,2221.0,14744.0,13402.0,11284.0,0.0,0.0,2007.0,2212.0,2212.0,2214.0
0.0,38307.0,6661.0,6640.0,257.0,4998.0,773.0,0.0,4225.0,2213.0,2213.0,2214.0,2227.0,2216.0,2218.0,12519.0,16725.0,9063.0,773.0,0.0,4225.0,2213.0,2213.0,2214.0
0.0,31903.0,6669.0,6641.0,0.0,9446.0,2994.0,0.0,6452.0,2213.0,2213.0,2215.0,2221.0,2226.0,2222.0,10292.0,14766.0,6845.0,2994.0,0.0,6452.0,2213.0,2213.0,2215.0
0.0,25234.0,6678.0,6643.0,2007.0,12652.0,5222.0,754.0,6676.0,2214.0,2214.0,2215.0,2223.0,2224.0,2231.0,8071.0,12540.0,4623.0,5222.0,754.0,6676.0,2214.0,2214.0,2215.0
0.0,20563.0,6698.0,6644.0,4998.0,14357.0,6679.0,2983.0,4695.0,2214.0,2214.0,2216.0,2230.0,2229.0,2239.0,5848.0,10316.0,4399.0,6679.0,2983.0,4695.0,2214.0,2214.0,2216.0
0.0,18863.0,6695.0,6647.0,9446.0,11621.0,5915.0,5220.0,486.0,2215.0,2215.0,2217.0,2225.0,2232.0,2238.0,4391.0,8087.0,6385.0,5915.0,5220.0,486.0,2215.0,2215.0,2217.0
0.0,21614.0,6696.0,6650.0,12652.0,9636.0,2930.0,6706.0,0.0,2216.0,2216.0,2218.0,2232.0,2235.0,2229.0,5160.0,5855.0,10599.0,2930.0,6706.0,0.0,2216.0,2216.0,2218.0
0.0,27570.0,6688.0,6650.0,14357.0,5960.0,0.0,5960.0,0.0,2216.0,2216.0,2218.0,2231.0,2237.0,2220.0,8150.0,4374.0,15046.0,0.0,5960.0,0.0,2216.0,2216.0,2218.0
0.0,35239.0,6659.0,6651.0,11621.0,2961.0,0.0,2961.0,0.0,2216.0,2217.0,2218.0,2231.0,2216.0,2212.0,12598.0,5120.0,17521.0,0.0,2961.0,0.0,2216.0,2217.0,2218.0
0.0,40201.0,6659.0,6651.0,9636.0,0.0,0.0,0.0,0.0,2216.0,2217.0,2218.0,2216.0,2215.0,2228.0,16282.0,8124.0,15795.0,0.0,0.0,0.0,2216.0,2217.0,2218.0
0.0,43178.0,6685.0,6653.0,5960.0,0.0,0.0,0.0,0.0,2217.0,2217.0,2219.0,2229.0,2226.0,2230.0,16996.0,12615.0,13567.0,0.0,0.0,0.0,2217.0,2217.0,2219.0
0.0,42453.0,6730.0,6655.0,2961.0,2006.0,0.0,0.0,2006.0,2218.0,2218.0,2219.0,2241.0,2241.0,2248.0,14767.0,16349.0,11337.0,0.0,0.0,2006.0,2218.0,2218.0,2219.0
0.0,38684.0,6726.0,6658.0,0.0,5060.0,811.0,0.0,4249.0,2219.0,2219.0,2220.0,2242.0,2246.0,2238.0,12526.0,17069.0,9089.0,811.0,0.0,4249.0,2219.0,2219.0,2220.0
0.0,31958.0,6687.0,6659.0,0.0,9521.0,3044.0,0.0,6477.0,2219.0,2220.0,2220.0,2233.0,2226.0,2228.0,10284.0,14823.0,6851.0,3044.0,0.0,6477.0,2219.0,2220.0,2220.0
0.0,25271.0,6669.0,6660.0,2006.0,12692.0,5270.0,729.0,6693.0,2219.0,2220.0,2221.0,2226.0,2226.0,2217.0,8051.0,12597.0,4623.0,5270.0,729.0,6693.0,2219.0,2220.0,2221.0
0.0,20608.0,6674.0,6661.0,5060.0,14311.0,6690.0,2955.0,4666.0,2220.0,2220.0,2221.0,2226.0,2226.0,2222.0,5825.0,10371.0,4412.0,6690.0,2955.0,4666.0,2220.0,2220.0,2221.0
0.0,18994.0,6675.0,6661.0,9521.0,11465.0,5862.0,5182.0,421.0,2220.0,2220.0,2221.0,2216.0,2227.0,2232.0,4410.0,8145.0,6439.0,5862.0,5182.0,421.0,2220.0,2220.0,2221.0
0.0,21840.0,6698.0,6662.0,12692.0,9507.0,2825.0,6682.0,0.0,2220.0,2220.0,2222.0,2233.0,2229.0,2236.0,5238.0,5918.0,10684.0,2825.0,6682.0,0.0,2220.0,2220.0,2222.0
0.0,27834.0,6708.0,6664.0,13245.0,5965.0,0.0,5965.0,0.0,2221.0,2221.0,2222.0,2238.0,2233.0,2237.0,8275.0,4418.0,15141.0,0.0,5965.0,0.0,2221.0,2221.0,2222.0
0.0,34371.0,6721.0,6666.0,12531.0,3025.0,0.0,3025.0,0.0,2222.0,2221.0,2223.0,2241.0,2242.0,2238.0,11661.0,5140.0,17570.0,0.0,3025.0,0.0,2222.0,2221.0,2223.0
0.0,40181.0,6714.0,6667.0,9507.0,0.0,0.0,0.0,0.0,2222.0,2222.0,2223.0,2240.0,2235.0,2239.0,16348.0,8080.0,15753.0,0.0,0.0,0.0,2222.0,2222.0,2223.0
0.0,42974.0,6719.0,6670.0,5965.0,0.0,0.0,0.0,0.0,2223.0,2223.0,2224.0,2239.0,2250.0,2230.0,16933.0,12527.0,13514.0,0.0,0.0,0.0,2223.0,2223.0,2224.0
0.0,42220.0,6687.0,6670.0,3025.0,2072.0,0.0,0.0,2072.0,2223.0,2223.0,2224.0,2221.0,2230.0,2236.0,14694.0,16242.0,11284.0,0.0,0.0,2072.0,2223.0,2223.0,2224.0
0.0,38558.0,6682.0,6670.0,0.0,5170.0,864.0,0.0,4306.0,2223.0,2223.0,2224.0,2222.0,2226.0,2234.0,12473.0,17037.0,9048.0,864.0,0.0,4306.0,2223.0,2223.0,2224.0
0.0,31876.0,6712.0,6672.0,0.0,9644.0,3098.0,0.0,6546.0,2223.0,2224.0,2225.0,2234.0,2243.0,2235.0,10251.0,14811.0,6814.0,3098.0,0.0,6546.0,2223.0,2224.0,2225.0
0.0,25164.0,6749.0,6675.0,2072.0,12888.0,5357.0,805.0,6726.0,2224.0,2225.0,2226.0,2254.0,2248.0,2247.0,8017.0,12568.0,4579.0,5357.0,805.0,6726.0,2224.0,2225.0,2226.0
0.0,20487.0,6744.0,6677.0,5170.0,14472.0,6744.0,3065.0,4663.0,2225.0,2226.0,2226.0,2246.0,2255.0,2243.0,5763.0,10320.0,4404.0,6744.0,3065.0,4663.0,2225.0,2226.0,2226.0
0.0,18913.0,6707.0,6679.0,9644.0,11545.0,5879.0,5302.0,364.0,2226.0,2226.0,2227.0,2228.0,2237.0,2242.0,4381.0,8065.0,6467.0,5879.0,5302.0,364.0,2226.0,2226.0,2227.0
0.0,21850.0,6699.0,6679.0,12888.0,9484.0,2753.0,6731.0,0.0,2226.0,2226.0,2227.0,2231.0,2234.0,2234.0,5251.0,5828.0,10771.0,2753.0,6731.0,0.0,2226.0,2226.0,2227.0
0.0,28039.0,6698.0,6680.0,14472.0,5884.0,0.0,5884.0,0.0,2226.0,2226.0,2228.0,2234.0,2218.0,2246.0,8377.0,4399.0,15263.0,0.0,5884.0,0.0,2226.0,2226.0,2228.0
0.0,35813.0,6697.0,6681.0,11545.0,2822.0,0.0,2822.0,0.0,2226.0,2227.0,2228.0,2219.0,2235.0,2243.0,12887.0,5246.0,17680.0,0.0,2822.0,0.0,2226.0,2227.0,2228.0
0.0,40661.0,6700.0,6681.0,9484.0,0.0,0.0,0.0,0.0,2226.0,2227.0,2228.0,2237.0,2235.0,2228.0,16547.0,8313.0,15801.0,0.0,0.0,0.0,2226.0,2227.0,2228.0
0.0,43445.0,6751.0,6684.0,5884.0,0.0,0.0,0.0,0.0,2227.0,2228.0,2229.0,2256.0,2246.0,2249.0,17063.0,12809.0,13573.0,0.0,0.0,0.0,2227.0,2228.0,2229.0
0.0,42578.0,6740.0,6687.0,2822.0,2073.0,0.0,0.0,2073.0,2228.0,2229.0,2230.0,2244.0,2249.0,2247.0,14807.0,16447.0,11324.0,0.0,0.0,2073.0,2228.0,2229.0,2230.0
0.0,38660.0,6723.0,6687.0,0.0,5129.0,815.0,0.0,4314.0,2228.0,2229.0,2230.0,2238.0,2244.0,2241.0,12563.0,17020.0,9077.0,815.0,0.0,4314.0,2228.0,2229.0,2230.0
0.0,31937.0,6712.0,6687.0,0.0,9604.0,3055.0,0.0,6549.0,2228.0,2229.0,2230.0,2240.0,2237.0,2235.0,10325.0,14776.0,6836.0,3055.0,0.0,6549.0,2228.0,2229.0,2230.0
0.0,25225.0,6706.0,6689.0,2073.0,12853.0,5297.0,845.0,6711.0,2229.0,2230.0,2230.0,2237.0,2234.0,2235.0,8085.0,12539.0,4601.0,5297.0,845.0,6711.0,2229.0,2230.0,2230.0
0.0,20592.0,6689.0,6689.0,5129.0,14413.0,6706.0,3075.0,4632.0,2229.0,2230.0,2230.0,2224.0,2230.0,2235.0,5848.0,10305.0,4439.0,6706.0,3075.0,4632.0,2229.0,2230.0,2230.0
0.0,19032.0,6716.0,6690.0,9604.0,11530.0,5890.0,5313.0,327.0,2229.0,2230.0,2231.0,2239.0,2238.0,2239.0,4439.0,8075.0,6518.0,5890.0,5313.0,327.0,2229.0,2230.0,2231.0
0.0,21920.0,6757.0,6693.0,12853.0,9580.0,2858.0,6722.0,0.0,2230.0,2231.0,2232.0,2260.0,2249.0,2248.0,5255.0,5837.0,10828.0,2858.0,6722.0,0.0,2230.0,2231.0,2232.0
0.0,28016.0,6742.0,6696.0,13142.0,5903.0,0.0,5903.0,0.0,2231.0,2232.0,2233.0,2240.0,2251.0,2251.0,8292.0,4433.0,15291.0,0.0,5903.0,0.0,2231.0,2232.0,2233.0
0.0,34416.0,6740.0,6697.0,12322.0,2839.0,0.0,2839.0,0.0,2232.0,2232.0,2233.0,2248.0,2249.0,2243.0,11487.0,5257.0,17672.0,0.0,2839.0,0.0,2232.0,2232.0,2233.0
0.0,39998.0,6756.0,6699.0,10059.0,0.0,0.0,0.0,0.0,2232.0,2233.0,2234.0,2253.0,2245.0,2258.0,15921.0,8321.0,15756.0,0.0,0.0,0.0,2232.0,2233.0,2234.0
0.0,43301.0,6714.0,6699.0,3125.0,0.0,0.0,0.0,0.0,2232.0,2233.0,2234.0,2248.0,2233.0,2233.0,17005.0,12798.0,13498.0,0.0,0.0,0.0,2232.0,2233.0,2234.0
0.0,39712.0,6710.0,6699.0,5617.0,2146.0,0.0,0.0,2146.0,2232.0,2233.0,2234.0,2226.0,2243.0,2241.0,14757.0,13690.0,11265.0,0.0,0.0,2146.0,2232.0,2233.0,2234.0
0.0,38619.0,6738.0,6702.0,0.0,5275.0,877.0,0.0,4398.0,2233.0,2234.0,2235.0,2243.0,2248.0,2247.0,12531.0,17064.0,9024.0,877.0,0.0,4398.0,2233.0,2234.0,2235.0
0.0,31881.0,6762.0,6704.0,0.0,9784.0,3136.0,0.0,6648.0,2234.0,2235.0,2235.0,2254.0,2258.0,2250.0,10288.0,14816.0,6777.0,3136.0,0.0,6648.0,2234.0,2235.0,2235.0
0.0,25119.0,6770.0,6706.0,2146.0,13035.0,5402.0,865.0,6768.0,2235.0,2235.0,2236.0,2261.0,2248.0,2261.0,8034.0,12558.0,4527.0,5402.0,865.0,6768.0,2235.0,2235.0,2236.0
0.0,20495.0,6760.0,6708.0,5275.0,14530.0,6780.0,3116.0,4634.0,2235.0,2236.0,2237.0,2255.0,2246.0,2259.0,5773.0,10310.0,4412.0,6780.0,3116.0,4634.0,2235.0,2236.0,2237.0
0.0,19010.0,6746.0,6709.0,9784.0,11497.0,5901.0,5356.0,240.0,2236.0,2236.0,2237.0,2252.0,2240.0,2254.0,4395.0,8064.0,6551.0,5901.0,5356.0,240.0,2236.0,2236.0,2237.0
0.0,22048.0,6735.0,6709.0,13035.0,9488.0,2746.0,6742.0,0.0,2236.0,2236.0,2237.0,2247.0,2251.0,2237.0,5279.0,5824.0,10945.0,2746.0,6742.0,0.0,2236.0,2236.0,2237.0
0.0,28348.0,6711.0,6709.0,14530.0,5873.0,0.0,5873.0,0.0,2236.0,2236.0,2237.0,2228.0,2247.0,2236.0,8434.0,4438.0,15476.0,0.0,5873.0,0.0,2236.0,2236.0,2237.0
0.0,36167.0,6746.0,6712.0,11497.0,2769.0,0.0,2769.0,0.0,2237.0,2237.0,2238.0,2250.0,2247.0,2249.0,12986.0,5307.0,17874.0,0.0,2769.0,0.0,2237.0,2237.0,2238.0
0.0,40918.0,6771.0,6714.0,9488.0,0.0,0.0,0.0,0.0,2237.0,2238.0,2239.0,2250.0,2254.0,2267.0,16637.0,8416.0,15865.0,0.0,0.0,0.0,2237.0,2238.0,2239.0
0.0,43635.0,6788.0,6717.0,5873.0,0.0,0.0,0.0,0.0,2238.0,2239.0,2240.0,2258.0,2260.0,2270.0,17133.0,12904.0,13598.0,0.0,0.0,0.0,2238.0,2239.0,2240.0
0.0,42720.0,6772.0,6717.0,2769.0,2123.0,0.0,0.0,2123.0,2238.0,2239.0,2240.0,2251.0,2270.0,2251.0,14875.0,16517.0,11328.0,0.0,0.0,2123.0,2238.0,2239.0,2240.0
0.0,38717.0,6747.0,6719.0,0.0,5192.0,821.0,0.0,4371.0,2239.0,2240.0,2240.0,2250.0,2249.0,2248.0,12624.0,17016.0,9077.0,821.0,0.0,4371.0,2239.0,2240.0,2240.0
0.0,31970.0,6733.0,6719.0,0.0,9679.0,3065.0,0.0,6614.0,2239.0,2240.0,2240.0,2244.0,2246.0,2243.0,10374.0,14767.0,6829.0,3065.0,0.0,6614.0,2239.0,2240.0,2240.0
0.0,25237.0,6730.0,6720.0,2123.0,12970.0,5308.0,920.0,6742.0,2239.0,2240.0,2241.0,2243.0,2241.0,2246.0,8130.0,12521.0,4586.0,5308.0,920.0,6742.0,2239.0,2240.0,2241.0
0.0,20630.0,6747.0,6721.0,5192.0,14530.0,6739.0,3172.0,4619.0,2240.0,2240.0,2241.0,2247.0,2252.0,2248.0,5887.0,10280.0,4463.0,6739.0,3172.0,4619.0,2240.0,2240.0,2241.0
0.0,19075.0,6799.0,6723.0,9679.0,11660.0,5941.0,5439.0,280.0,2240.0,2241.0,2242.0,2267.0,2262.0,2270.0,4461.0,8028.0,6586.0,5941.0,5439.0,280.0,2240.0,2241.0,2242.0
0.0,21955.0,6793.0,6726.0,12970.0,9692.0,2905.0,6787.0,0.0,2241.0,2242.0,2243.0,2267.0,2263.0,2263.0,5259.0,5766.0,10930.0,2905.0,6787.0,0.0,2241.0,2242.0,2243.0
0.0,28132.0,6764.0,6728.0,13368.0,5876.0,0.0,5876.0,0.0,2242.0,2243.0,2243.0,2255.0,2256.0,2253.0,8300.0,4423.0,15409.0,0.0,5876.0,0.0,2242.0,2243.0,2243.0
0.0,34736.0,6739.0,6728.0,12516.0,2679.0,0.0,2679.0,0.0,2242.0,2243.0,2243.0,2256.0,2242.0,2241.0,11622.0,5339.0,17775.0,0.0,2679.0,0.0,2242.0,2243.0,2243.0
0.0,40513.0,6726.0,6728.0,9998.0,0.0,0.0,0.0,0.0,2242.0,2243.0,2243.0,2246.0,2243.0,2237.0,16163.0,8536.0,15814.0,0.0,0.0,0.0,2242.0,2243.0,2243.0
0.0,43785.0,6722.0,6728.0,3426.0,0.0,0.0,0.0,0.0,2242.0,2243.0,2243.0,2237.0,2252.0,2233.0,17128.0,13080.0,13577.0,0.0,0.0,0.0,2242.0,2243.0,2243.0
0.0,40489.0,6770.0,6731.0,5129.0,2128.0,0.0,0.0,2128.0,2243.0,2244.0,2244.0,2263.0,2255.0,2252.0,14891.0,14254.0,11344.0,0.0,0.0,2128.0,2243.0,2244.0,2244.0
0.0,38848.0,6809.0,6734.0,0.0,5270.0,858.0,0.0,4412.0,2244.0,2245.0,2245.0,2266.0,2264.0,2279.0,12628.0,17128.0,9092.0,858.0,0.0,4412.0,2244.0,2245.0,2245.0
0.0,32039.0,6800.0,6736.0,0.0,9813.0,3128.0,0.0,6685.0,2245.0,2245.0,2246.0,2265.0,2267.0,2268.0,10362.0,14864.0,6813.0,3128.0,0.0,6685.0,2245.0,2245.0,2246.0
0.0,25239.0,6792.0,6737.0,2128.0,13110.0,5387.0,899.0,6824.0,2245.0,2246.0,2246.0,2259.0,2266.0,2267.0,8097.0,12597.0,4545.0,5387.0,899.0,6824.0,2245.0,2246.0,2246.0
0.0,20575.0,6759.0,6740.0,5270.0,14614.0,6790.0,3165.0,4659.0,2246.0,2247.0,2247.0,2256.0,2261.0,2242.0,5838.0,10331.0,4406.0,6790.0,3165.0,4659.0,2246.0,2247.0,2247.0
0.0,19086.0,6741.0,6740.0,9813.0,11542.0,5908.0,5416.0,218.0,2246.0,2247.0,2247.0,2246.0,2251.0,2244.0,4440.0,8070.0,6576.0,5908.0,5416.0,218.0,2246.0,2247.0,2247.0
0.0,22158.0,6744.0,6740.0,13110.0,9527.0,2764.0,6763.0,0.0,2246.0,2247.0,2247.0,2243.0,2246.0,2255.0,5322.0,5819.0,11017.0,2764.0,6763.0,0.0,2246.0,2247.0,2247.0
0.0,28524.0,6770.0,6741.0,14614.0,5845.0,0.0,5845.0,0.0,2246.0,2247.0,2248.0,2261.0,2247.0,2262.0,8466.0,4472.0,15586.0,0.0,5845.0,0.0,2246.0,2247.0,2248.0
0.0,36368.0,6820.0,6743.0,11542.0,2709.0,0.0,2709.0,0.0,2247.0,2248.0,2248.0,2275.0,2275.0,2270.0,12995.0,5390.0,17983.0,0.0,2709.0,0.0,2247.0,2248.0,2248.0
0.0,41090.0,6801.0,6746.0,9527.0,0.0,0.0,0.0,0.0,2248.0,2249.0,2249.0,2266.0,2267.0,2268.0,16628.0,8531.0,15931.0,0.0,0.0,0.0,2248.0,2249.0,2249.0
0.0,43816.0,6783.0,6746.0,5845.0,0.0,0.0,0.0,0.0,2248.0,2249.0,2249.0,2255.0,2269.0,2259.0,17126.0,13027.0,13663.0,0.0,0.0,0.0,2248.0,2249.0,2249.0
0.0,42878.0,6767.0,6746.0,2709.0,2089.0,0.0,0.0,2089.0,2248.0,2249.0,2249.0,2258.0,2261.0,2248.0,14871.0,16603.0,11404.0,0.0,0.0,2089.0,2248.0,2249.0,2249.0
0.0,38820.0,6776.0,6748.0,0.0,5248.0,898.0,0.0,4350.0,2249.0,2249.0,2250.0,2266.0,2254.0,2256.0,12613.0,17051.0,9156.0,898.0,0.0,4350.0,2249.0,2249.0,2250.0
0.0,32044.0,6774.0,6749.0,0.0,9756.0,3150.0,0.0,6606.0,2249.0,2250.0,2250.0,2252.0,2266.0,2256.0,10347.0,14797.0,6900.0,3150.0,0.0,6606.0,2249.0,2250.0,2250.0
0.0,25270.0,6784.0,6750.0,2089.0,13175.0,5416.0,984.0,6775.0,2250.0,2250.0,2250.0,2261.0,2265.0,2258.0,8095.0,12531.0,4644.0,5416.0,984.0,6775.0,2250.0,2250.0,2250.0
0.0,20575.0,6817.0,6754.0,5248.0,14764.0,6794.0,3265.0,4705.0,2251.0,2252.0,2251.0,2271.0,2271.0,2275.0,5834.0,10266.0,4475.0,6794.0,3265.0,4705.0,2251.0,2252.0,2251.0
0.0,19006.0,6813.0,6755.0,9756.0,11826.0,5920.0,5538.0,368.0,2252.0,2252.0,2251.0,2271.0,2273.0,2269.0,4461.0,7995.0,6550.0,5920.0,5538.0,368.0,2252.0,2252.0,2251.0
0.0,21949.0,6786.0,6757.0,13175.0,9586.0,2766.0,6820.0,0.0,2252.0,2253.0,2252.0,2262.0,2261.0,2263.0,5340.0,5722.0,10887.0,2766.0,6820.0,0.0,2252.0,2253.0,2252.0
0.0,28338.0,6789.0,6757.0,13940.0,5812.0,0.0,5812.0,0.0,2252.0,2253.0,2252.0,2268.0,2257.0,2264.0,8494.0,4445.0,15399.0,0.0,5812.0,0.0,2252.0,2253.0,2252.0
0.0,35489.0,6790.0,6759.0,12650.0,2533.0,0.0,2533.0,0.0,2253.0,2253.0,2253.0,2262.0,2259.0,2269.0,12196.0,5453.0,17840.0,0.0,2533.0,0.0,2253.0,2253.0,2253.0
0.0,41349.0,6775.0,6759.0,9586.0,0.0,0.0,0.0,0.0,2253.0,2253.0,2253.0,2255.0,2258.0,2262.0,16678.0,8732.0,15939.0,0.0,0.0,0.0,2253.0,2253.0,2253.0
0.0,44160.0,6792.0,6762.0,5517.0,0.0,0.0,0.0,0.0,2254.0,2254.0,2254.0,2265.0,2261.0,2266.0,17189.0,13294.0,13677.0,0.0,0.0,0.0,2254.0,2254.0,2254.0
0.0,42885.0,6825.0,6764.0,2828.0,2138.0,0.0,0.0,2138.0,2254.0,2255.0,2255.0,2281.0,2270.0,2274.0,14924.0,16550.0,11411.0,0.0,0.0,2138.0,2254.0,2255.0,2255.0
0.0,38888.0,6827.0,6766.0,0.0,5313.0,908.0,0.0,4405.0,2255.0,2256.0,2255.0,2276.0,2284.0,2267.0,12643.0,17108.0,9137.0,908.0,0.0,4405.0,2255.0,2256.0,2255.0
0.0,32061.0,6814.0,6768.0,0.0,9864.0,3178.0,0.0,6686.0,2256.0,2256.0,2256.0,2265.0,2273.0,2276.0,10367.0,14824.0,6870.0,3178.0,0.0,6686.0,2256.0,2256.0,2256.0
0.0,25247.0,6799.0,6768.0,2138.0,13254.0,5452.0,985.0,6817.0,2256.0,2256.0,2256.0,2274.0,2256.0,2269.0,8102.0,12551.0,4594.0,5452.0,985.0,6817.0,2256.0,2256.0,2256.0
0.0,20586.0,6771.0,6768.0,5313.0,14712.0,6803.0,3236.0,4673.0,2256.0,2256.0,2256.0,2259.0,2251.0,2261.0,5828.0,10295.0,4463.0,6803.0,3236.0,4673.0,2256.0,2256.0,2256.0
0.0,19128.0,6774.0,6771.0,9864.0,11637.0,5883.0,5501.0,253.0,2257.0,2257.0,2257.0,2253.0,2260.0,2261.0,4477.0,8044.0,6607.0,5883.0,5501.0,253.0,2257.0,2257.0,2257.0
0.0,22218.0,6789.0,6771.0,13254.0,9475.0,2688.0,6787.0,0.0,2257.0,2257.0,2257.0,2257.0,2271.0,2261.0,5402.0,5784.0,11032.0,2688.0,6787.0,0.0,2257.0,2257.0,2257.0
0.0,28683.0,6836.0,6773.0,14712.0,5840.0,0.0,5840.0,0.0,2257.0,2258.0,2258.0,2278.0,2284.0,2274.0,8597.0,4498.0,15588.0,0.0,5840.0,0.0,2257.0,2258.0,2258.0
0.0,36559.0,6808.0,6775.0,11637.0,2614.0,0.0,2614.0,0.0,2258.0,2259.0,2258.0,2267.0,2270.0,2271.0,13122.0,5450.0,17987.0,0.0,2614.0,0.0,2258.0,2259.0,2258.0
0.0,41388.0,6803.0,6777.0,9475.0,0.0,0.0,0.0,0.0,2259.0,2259.0,2259.0,2271.0,2262.0,2270.0,16738.0,8681.0,15969.0,0.0,0.0,0.0,2259.0,2259.0,2259.0
0.0,44060.0,6801.0,6777.0,5840.0,0.0,0.0,0.0,0.0,2259.0,2259.0,2259.0,2266.0,2268.0,2267.0,17155.0,13206.0,13699.0,0.0,0.0,0.0,2259.0,2259.0,2259.0
0.0,43099.0,6794.0,6777.0,2614.0,2135.0,0.0,0.0,2135.0,2259.0,2259.0,2259.0,2261.0,2261.0,2272.0,14889.0,16778.0,11432.0,0.0,0.0,2135.0,2259.0,2259.0,2259.0
0.0,38919.0,6787.0,6778.0,0.0,5323.0,916.0,0.0,4407.0,2259.0,2260.0,2259.0,2249.0,2266.0,2272.0,12628.0,17131.0,9160.0,916.0,0.0,4407.0,2259.0,2260.0,2259.0
0.0,32132.0,6808.0,6779.0,0.0,9869.0,3189.0,0.0,6680.0,2259.0,2260.0,2260.0,2273.0,2267.0,2268.0,10379.0,14865.0,6888.0,3189.0,0.0,6680.0,2259.0,2260.0,2260.0
0.0,25324.0,6826.0,6781.0,2135.0,13272.0,5474.0,984.0,6814.0,2260.0,2261.0,2260.0,2280.0,2277.0,2269.0,8106.0,12598.0,4620.0,5474.0,984.0,6814.0,2260.0,2261.0,2260.0
0.0,20633.0,6837.0,6783.0,5323.0,14796.0,6844.0,3266.0,4686.0,2261.0,2261.0,2261.0,2281.0,2282.0,2274.0,5826.0,10321.0,4486.0,6844.0,3266.0,4686.0,2261.0,2261.0,2261.0
0.0,19119.0,6821.0,6785.0,9869.0,11758.0,5920.0,5552.0,286.0,2261.0,2262.0,2262.0,2265.0,2281.0,2275.0,4461.0,8039.0,6619.0,5920.0,5552.0,286.0,2261.0,2262.0,2262.0
0.0,22167.0,6815.0,6786.0,13272.0,9561.0,2727.0,6834.0,0.0,2262.0,2262.0,2262.0,2276.0,2266.0,2273.0,5385.0,5758.0,11024.0,2727.0,6834.0,0.0,2262.0,2262.0,2262.0
0.0,28624.0,6786.0,6786.0,13334.0,5823.0,0.0,5823.0,0.0,2262.0,2262.0,2262.0,2271.0,2255.0,2260.0,8583.0,4476.0,15565.0,0.0,5823.0,0.0,2262.0,2262.0,2262.0
0.0,35172.0,6800.0,6786.0,12796.0,2537.0,0.0,2537.0,0.0,2262.0,2262.0,2262.0,2272.0,2266.0,2262.0,11694.0,5487.0,17991.0,0.0,2537.0,0.0,2262.0,2262.0,2262.0
0.0,41168.0,6832.0,6788.0,9985.0,0.0,0.0,0.0,0.0,2263.0,2263.0,2262.0,2272.0,2277.0,2283.0,16380.0,8773.0,16015.0,0.0,0.0,0.0,2263.0,2263.0,2262.0
0.0,44321.0,6856.0,6790.0,4665.0,0.0,0.0,0.0,0.0,2263.0,2264.0,2263.0,2288.0,2291.0,2277.0,17259.0,13330.0,13732.0,0.0,0.0,0.0,2263.0,2264.0,2263.0
0.0,42130.0,6849.0,6792.0,3695.0,2151.0,0.0,0.0,2151.0,2264.0,2264.0,2264.0,2278.0,2285.0,2286.0,14971.0,15704.0,11455.0,0.0,0.0,2151.0,2264.0,2264.0,2264.0
0.0,38976.0,6834.0,6795.0,0.0,5351.0,910.0,0.0,4441.0,2265.0,2265.0,2265.0,2278.0,2271.0,2285.0,12693.0,17114.0,9169.0,910.0,0.0,4441.0,2265.0,2265.0,2265.0
0.0,32142.0,6826.0,6795.0,0.0,9909.0,3186.0,0.0,6723.0,2265.0,2265.0,2265.0,2276.0,2268.0,2282.0,10415.0,14843.0,6884.0,3186.0,0.0,6723.0,2265.0,2265.0,2265.0
0.0,25316.0,6811.0,6795.0,2151.0,13319.0,5459.0,1021.0,6839.0,2265.0,2265.0,2265.0,2273.0,2271.0,2267.0,8139.0,12575.0,4602.0,5459.0,1021.0,6839.0,2265.0,2265.0,2265.0
0.0,20656.0,6813.0,6795.0,5351.0,14781.0,6816.0,3294.0,4671.0,2265.0,2265.0,2265.0,2267.0,2273.0,2273.0,5866.0,10304.0,4486.0,6816.0,3294.0,4671.0,2265.0,2265.0,2265.0
0.0,19194.0,6834.0,6798.0,9909.0,11721.0,5921.0,5573.0,227.0,2266.0,2266.0,2266.0,2286.0,2274.0,2274.0,4509.0,8031.0,6654.0,5921.0,5573.0,227.0,2266.0,2266.0,2266.0
0.0,22269.0,6861.0,6801.0,13319.0,9595.0,2758.0,6837.0,0.0,2267.0,2267.0,2267.0,2291.0,2280.0,2290.0,5409.0,5757.0,11103.0,2758.0,6837.0,0.0,2267.0,2267.0,2267.0
0.0,28727.0,6868.0,6803.0,14781.0,5832.0,0.0,5832.0,0.0,2268.0,2267.0,2268.0,2287.0,2289.0,2292.0,8577.0,4498.0,15652.0,0.0,5832.0,0.0,2268.0,2267.0,2268.0
0.0,36640.0,6849.0,6805.0,11721.0,2545.0,0.0,2545.0,0.0,2268.0,2268.0,2269.0,2281.0,2281.0,2287.0,13106.0,5503.0,18031.0,0.0,2545.0,0.0,2268.0,2268.0,2269.0
0.0,41512.0,6832.0,6805.0,9595.0,0.0,0.0,0.0,0.0,2268.0,2268.0,2269.0,2280.0,2274.0,2278.0,16746.0,8795.0,15971.0,0.0,0.0,0.0,2268.0,2268.0,2269.0
0.0,44275.0,6813.0,6805.0,5832.0,0.0,0.0,0.0,0.0,2268.0,2268.0,2269.0,2268.0,2273.0,2272.0,17224.0,13358.0,13693.0,0.0,0.0,0.0,2268.0,2268.0,2269.0
0.0,43294.0,6806.0,6805.0,2545.0,2192.0,0.0,0.0,2192.0,2268.0,2268.0,2269.0,2262.0,2276.0,2268.0,14956.0,16917.0,11421.0,0.0,0.0,2192.0,2268.0,2268.0,2269.0
0.0,39033.0,6830.0,6808.0,0.0,5405.0,926.0,0.0,4479.0,2269.0,2269.0,2270.0,2275.0,2273.0,2282.0,12694.0,17186.0,9153.0,926.0,0.0,4479.0,2269.0,2269.0,2270.0
0.0,32203.0,6882.0,6810.0,0.0,9994.0,3223.0,0.0,6771.0,2270.0,2270.0,2270.0,2292.0,2298.0,2292.0,10419.0,14913.0,6871.0,3223.0,0.0,6771.0,2270.0,2270.0,2270.0
0.0,25321.0,6867.0,6811.0,2192.0,13409.0,5509.0,1026.0,6874.0,2270.0,2270.0,2271.0,2286.0,2291.0,2290.0,8127.0,12615.0,4579.0,5509.0,1026.0,6874.0,2270.0,2270.0,2271.0
0.0,20646.0,6860.0,6814.0,5405.0,14879.0,6882.0,3316.0,4681.0,2271.0,2271.0,2272.0,2294.0,2285.0,2281.0,5841.0,10324.0,4481.0,6882.0,3316.0,4681.0,2271.0,2271.0,2272.0
0.0,19191.0,6823.0,6814.0,9994.0,11708.0,5942.0,5584.0,182.0,2271.0,2271.0,2272.0,2283.0,2268.0,2272.0,4473.0,8039.0,6679.0,5942.0,5584.0,182.0,2271.0,2271.0,2272.0
0.0,22362.0,6829.0,6814.0,13409.0,9540.0,2708.0,6832.0,0.0,2271.0,2271.0,2272.0,2275.0,2274.0,2280.0,5413.0,5771.0,11178.0,2708.0,6832.0,0.0,2271.0,2271.0,2272.0
0.0,28942.0,6832.0,6815.0,14237.0,5791.0,0.0,5791.0,0.0,2272.0,2271.0,2272.0,2277.0,2275.0,2280.0,8647.0,4523.0,15772.0,0.0,5791.0,0.0,2272.0,2271.0,2272.0
0.0,36347.0,6885.0,6817.0,12350.0,2504.0,0.0,2504.0,0.0,2272.0,2272.0,2273.0,2290.0,2292.0,2303.0,12610.0,5564.0,18173.0,0.0,2504.0,0.0,2272.0,2272.0,2273.0
0.0,41812.0,6885.0,6820.0,9540.0,0.0,0.0,0.0,0.0,2273.0,2273.0,2274.0,2294.0,2297.0,2294.0,16904.0,8856.0,16052.0,0.0,0.0,0.0,2273.0,2273.0,2274.0
0.0,44467.0,6891.0,6822.0,4252.0,0.0,0.0,0.0,0.0,2274.0,2273.0,2275.0,2299.0,2291.0,2301.0,17318.0,13391.0,13758.0,0.0,0.0,0.0,2274.0,2273.0,2275.0
0.0,41828.0,6874.0,6824.0,4043.0,2216.0,0.0,0.0,2216.0,2274.0,2274.0,2276.0,2290.0,2291.0,2293.0,15019.0,15352.0,11457.0,0.0,0.0,2216.0,2274.0,2274.0,2276.0
0.0,38997.0,6838.0,6825.0,0.0,5422.0,926.0,0.0,4496.0,2275.0,2274.0,2276.0,2280.0,2278.0,2280.0,12729.0,17104.0,9164.0,926.0,0.0,4496.0,2275.0,2274.0,2276.0
0.0,32159.0,6843.0,6825.0,0.0,9976.0,3205.0,0.0,6771.0,2275.0,2274.0,2276.0,2279.0,2289.0,2275.0,10449.0,14826.0,6884.0,3205.0,0.0,6771.0,2275.0,2274.0,2276.0
0.0,25316.0,6829.0,6825.0,2216.0,13422.0,5482.0,1106.0,6834.0,2275.0,2274.0,2276.0,2277.0,2273.0,2279.0,8170.0,12537.0,4609.0,5482.0,1106.0,6834.0,2275.0,2274.0,2276.0
0.0,20703.0,6864.0,6828.0,5422.0,14879.0,6853.0,3393.0,4633.0,2276.0,2275.0,2277.0,2292.0,2282.0,2290.0,5893.0,10264.0,4546.0,6853.0,3393.0,4633.0,2276.0,2275.0,2277.0
0.0,19261.0,6900.0,6828.0,9976.0,11803.0,5946.0,5686.0,171.0,2276.0,2275.0,2277.0,2298.0,2293.0,2309.0,4527.0,7982.0,6752.0,5946.0,5686.0,171.0,2276.0,2275.0,2277.0
0.0,22337.0,6907.0,6831.0,13422.0,9654.0,2769.0,6885.0,0.0,2277.0,2276.0,2278.0,2300.0,2300.0,2307.0,5434.0,5689.0,11214.0,2769.0,6885.0,0.0,2277.0,2276.0,2278.0
0.0,28852.0,6866.0,6833.0,14879.0,5789.0,0.0,5789.0,0.0,2278.0,2277.0,2278.0,2291.0,2292.0,2283.0,8616.0,4495.0,15741.0,0.0,5789.0,0.0,2278.0,2277.0,2278.0
0.0,36865.0,6847.0,6834.0,11803.0,2389.0,0.0,2389.0,0.0,2278.0,2277.0,2279.0,2283.0,2286.0,2278.0,13178.0,5596.0,18091.0,0.0,2389.0,0.0,2278.0,2277.0,2279.0
0.0,41821.0,6850.0,6834.0,9654.0,0.0,0.0,0.0,0.0,2278.0,2277.0,2279.0,2283.0,2279.0,2288.0,16841.0,8996.0,15984.0,0.0,0.0,0.0,2278.0,2277.0,2279.0
0.0,44625.0,6876.0,6835.0,5789.0,0.0,0.0,0.0,0.0,2278.0,2278.0,2279.0,2288.0,2297.0,2291.0,17327.0,13602.0,13696.0,0.0,0.0,0.0,2278.0,2278.0,2279.0
0.0,43538.0,6886.0,6837.0,2389.0,2294.0,0.0,0.0,2294.0,2279.0,2278.0,2280.0,2291.0,2296.0,2299.0,15039.0,17094.0,11405.0,0.0,0.0,2294.0,2279.0,2278.0,2280.0
0.0,39041.0,6884.0,6838.0,0.0,5524.0,938.0,0.0,4586.0,2279.0,2279.0,2280.0,2291.0,2301.0,2292.0,12748.0,17187.0,9106.0,938.0,0.0,4586.0,2279.0,2279.0,2280.0
0.0,32157.0,6888.0,6841.0,0.0,10118.0,3236.0,0.0,6882.0,2280.0,2280.0,2281.0,2293.0,2304.0,2291.0,10457.0,14886.0,6814.0,3236.0,0.0,6882.0,2280.0,2280.0,2281.0
0.0,25269.0,6874.0,6842.0,2294.0,13521.0,5541.0,1107.0,6873.0,2281.0,2280.0,2281.0,2300.0,2289.0,2285.0,8164.0,12582.0,4523.0,5541.0,1107.0,6873.0,2281.0,2280.0,2281.0
0.0,20689.0,6885.0,6844.0,5524.0,14892.0,6899.0,3401.0,4592.0,2281.0,2281.0,2282.0,2296.0,2289.0,2300.0,5864.0,10293.0,4532.0,6899.0,3401.0,4592.0,2281.0,2281.0,2282.0
0.0,19328.0,6866.0,6845.0,10118.0,11646.0,5957.0,5689.0,0.0,2282.0,2281.0,2282.0,2289.0,2288.0,2289.0,4506.0,8004.0,6818.0,5957.0,5689.0,0.0,2282.0,2281.0,2282.0
0.0,22580.0,6848.0,6846.0,13521.0,9553.0,2693.0,6860.0,0.0,2282.0,2281.0,2283.0,2277.0,2278.0,2293.0,5453.0,5716.0,11411.0,2693.0,6860.0,0.0,2282.0,2281.0,2283.0
0.0,29253.0,6900.0,6848.0,13427.0,5757.0,0.0,5757.0,0.0,2282.0,2282.0,2284.0,2301.0,2293.0,2306.0,8717.0,4545.0,15991.0,0.0,5757.0,0.0,2282.0,2282.0,2284.0
0.0,35780.0,6897.0,6849.0,12475.0,2358.0,0.0,2358.0,0.0,2283.0,2282.0,2284.0,2303.0,2290.0,2304.0,11850.0,5653.0,18277.0,0.0,2358.0,0.0,2283.0,2282.0,2284.0
0.0,41358.0,6924.0,6852.0,10189.0,0.0,0.0,0.0,0.0,2284.0,2283.0,2285.0,2301.0,2313.0,2310.0,16333.0,9052.0,15973.0,0.0,0.0,0.0,2284.0,2283.0,2285.0
0.0,44623.0,6882.0,6853.0,4615.0,54.0,0.0,0.0,54.0,2284.0,2284.0,2285.0,2294.0,2296.0,2292.0,17361.0,13599.0,13663.0,0.0,0.0,54.0,2284.0,2284.0,2285.0
0.0,42356.0,6888.0,6855.0,3500.0,2345.0,0.0,0.0,2345.0,2285.0,2284.0,2286.0,2309.0,2293.0,2286.0,15067.0,15918.0,11371.0,0.0,0.0,2345.0,2285.0,2284.0,2286.0
0.0,38968.0,6852.0,6855.0,0.0,5592.0,957.0,0.0,4635.0,2285.0,2284.0,2286.0,2290.0,2272.0,2290.0,12758.0,17125.0,9085.0,957.0,0.0,4635.0,2285.0,2284.0,2286.0
0.0,32116.0,6849.0,6856.0,54.0,10119.0,3248.0,0.0,6871.0,2286.0,2284.0,2286.0,2286.0,2273.0,2290.0,10468.0,14853.0,6795.0,3248.0,0.0,6871.0,2286.0,2284.0,2286.0
0.0,25321.0,6887.0,6857.0,2345.0,13506.0,5538.0,1141.0,6827.0,2286.0,2284.0,2287.0,2290.0,2301.0,2296.0,8182.0,12580.0,4559.0,5538.0,1141.0,6827.0,2286.0,2284.0,2287.0
0.0,20779.0,6913.0,6859.0,5592.0,14837.0,6891.0,3457.0,4489.0,2287.0,2285.0,2287.0,2305.0,2311.0,2297.0,5892.0,10279.0,4608.0,6891.0,3457.0,4489.0,2287.0,2285.0,2287.0
0.0,19458.0,6908.0,6861.0,10119.0,11707.0,5940.0,5767.0,0.0,2287.0,2286.0,2288.0,2297.0,2305.0,2306.0,4544.0,7968.0,6946.0,5940.0,5767.0,0.0,2287.0,2286.0,2288.0
0.0,22669.0,6928.0,6864.0,13506.0,9651.0,2714.0,6937.0,0.0,2288.0,2287.0,2289.0,2307.0,2306.0,2315.0,5495.0,5663.0,11511.0,2714.0,6937.0,0.0,2288.0,2287.0,2289.0
0.0,29247.0,6881.0,6864.0,14837.0,5773.0,0.0,5773.0,0.0,2288.0,2287.0,2289.0,2296.0,2293.0,2292.0,8726.0,4498.0,16023.0,0.0,5773.0,0.0,2288.0,2287.0,2289.0
0.0,37203.0,6888.0,6864.0,11707.0,2307.0,0.0,2307.0,0.0,2288.0,2287.0,2289.0,2291.0,2301.0,2296.0,13321.0,5662.0,18220.0,0.0,2307.0,0.0,2288.0,2287.0,2289.0
0.0,42022.0,6879.0,6865.0,9651.0,0.0,0.0,0.0,0.0,2288.0,2287.0,2290.0,2288.0,2293.0,2298.0,16970.0,9128.0,15924.0,0.0,0.0,0.0,2288.0,2287.0,2290.0
0.0,44794.0,6903.0,6867.0,5773.0,124.0,0.0,0.0,124.0,2289.0,2288.0,2290.0,2302.0,2301.0,2300.0,17396.0,13772.0,13626.0,0.0,0.0,124.0,2289.0,2288.0,2290.0
0.0,43664.0,6933.0,6870.0,2307.0,2433.0,0.0,0.0,2433.0,2290.0,2289.0,2291.0,2322.0,2307.0,2304.0,15094.0,17244.0,11326.0,0.0,0.0,2433.0,2290.0,2289.0,2291.0
0.0,39038.0,6934.0,6871.0,0.0,5742.0,992.0,0.0,4750.0,2291.0,2289.0,2291.0,2309.0,2308.0,2317.0,12772.0,17244.0,9022.0,992.0,0.0,4750.0,2291.0,2289.0,2291.0
0.0,32104.0,6938.0,6873.0,124.0,10242.0,3299.0,0.0,6943.0,2291.0,2290.0,2292.0,2307.0,2319.0,2312.0,10463.0,14936.0,6705.0,3299.0,0.0,6943.0,2291.0,2290.0,2292.0
0.0,25290.0,6911.0,6874.0,2433.0,13558.0,5598.0,1147.0,6813.0,2291.0,2291.0,2292.0,2299.0,2309.0,2303.0,8156.0,12617.0,4517.0,5598.0,1147.0,6813.0,2291.0,2291.0,2292.0
0.0,20812.0,6884.0,6875.0,5742.0,14705.0,6898.0,3442.0,4365.0,2291.0,2291.0,2293.0,2292.0,2295.0,2297.0,5857.0,10308.0,4647.0,6898.0,3442.0,4365.0,2291.0,2291.0,2293.0
0.0,19670.0,6889.0,6875.0,10242.0,11634.0,5890.0,5744.0,0.0,2291.0,2291.0,2293.0,2291.0,2302.0,2296.0,4557.0,8013.0,7100.0,5890.0,5744.0,0.0,2291.0,2291.0,2293.0
0.0,23023.0,6903.0,6877.0,13558.0,9500.0,2600.0,6900.0,0.0,2292.0,2292.0,2293.0,2303.0,2298.0,2302.0,5565.0,5711.0,11747.0,2600.0,6900.0,0.0,2292.0,2292.0,2293.0
0.0,29678.0,6936.0,6879.0,14253.0,5764.0,0.0,5764.0,0.0,2293.0,2292.0,2294.0,2316.0,2306.0,2314.0,8860.0,4560.0,16258.0,0.0,5764.0,0.0,2293.0,2292.0,2294.0
0.0,36995.0,6956.0,6882.0,12086.0,2348.0,0.0,2348.0,0.0,2294.0,2293.0,2295.0,2318.0,2323.0,2315.0,12990.0,5696.0,18309.0,0.0,2348.0,0.0,2294.0,2293.0,2295.0
0.0,42125.0,6945.0,6885.0,9500.0,0.0,0.0,0.0,0.0,2295.0,2294.0,2296.0,2311.0,2313.0,2321.0,17014.0,9117.0,15994.0,0.0,0.0,0.0,2295.0,2294.0,2296.0
0.0,44680.0,6901.0,6885.0,3093.0,106.0,0.0,0.0,106.0,2295.0,2294.0,2296.0,2304.0,2298.0,2299.0,17303.0,13704.0,13673.0,0.0,0.0,106.0,2295.0,2294.0,2296.0
0.0,40872.0,6890.0,6885.0,5019.0,2397.0,0.0,0.0,2397.0,2295.0,2294.0,2296.0,2301.0,2298.0,2291.0,14999.0,14499.0,11374.0,0.0,0.0,2397.0,2295.0,2294.0,2296.0
0.0,39001.0,6900.0,6886.0,0.0,5778.0,1078.0,0.0,4700.0,2295.0,2295.0,2296.0,2301.0,2296.0,2303.0,12698.0,17220.0,9083.0,1078.0,0.0,4700.0,2295.0,2295.0,2296.0
0.0,32101.0,6913.0,6888.0,106.0,10287.0,3383.0,0.0,6904.0,2296.0,2295.0,2297.0,2300.0,2308.0,2305.0,10397.0,14924.0,6780.0,3383.0,0.0,6904.0,2296.0,2295.0,2297.0
0.0,25294.0,6959.0,6890.0,2397.0,13718.0,5702.0,1181.0,6835.0,2296.0,2296.0,2298.0,2319.0,2317.0,2323.0,8097.0,12616.0,4581.0,5702.0,1181.0,6835.0,2296.0,2296.0,2298.0
0.0,20732.0,6938.0,6892.0,5778.0,14888.0,6935.0,3498.0,4455.0,2297.0,2297.0,2298.0,2306.0,2312.0,2320.0,5778.0,10299.0,4655.0,6935.0,3498.0,4455.0,2297.0,2297.0,2298.0
0.0,19572.0,6950.0,6893.0,10287.0,11681.0,5867.0,5814.0,0.0,2297.0,2297.0,2299.0,2315.0,2316.0,2319.0,4550.0,7987.0,7035.0,5867.0,5814.0,0.0,2297.0,2297.0,2299.0
0.0,22909.0,6918.0,6895.0,13718.0,9428.0,2479.0,6949.0,0.0,2298.0,2298.0,2299.0,2309.0,2311.0,2298.0,5618.0,5671.0,11620.0,2479.0,6949.0,0.0,2298.0,2298.0,2299.0
0.0,29709.0,6906.0,6895.0,14888.0,5757.0,0.0,5757.0,0.0,2298.0,2298.0,2299.0,2299.0,2306.0,2301.0,9011.0,4541.0,16157.0,0.0,5757.0,0.0,2298.0,2298.0,2299.0
0.0,37691.0,6903.0,6895.0,11681.0,2241.0,0.0,2241.0,0.0,2298.0,2298.0,2299.0,2302.0,2298.0,2303.0,13647.0,5733.0,18311.0,0.0,2241.0,0.0,2298.0,2298.0,2299.0
0.0,42469.0,6928.0,6898.0,9428.0,0.0,0.0,0.0,0.0,2299.0,2299.0,2300.0,2312.0,2307.0,2309.0,17212.0,9249.0,16008.0,0.0,0.0,0.0,2299.0,2299.0,2300.0
0.0,44969.0,6963.0,6898.0,5757.0,121.0,0.0,0.0,121.0,2299.0,2299.0,2300.0,2328.0,2315.0,2320.0,17379.0,13891.0,13699.0,0.0,0.0,121.0,2299.0,2299.0,2300.0
0.0,43763.0,6956.0,6901.0,2241.0,2445.0,0.0,0.0,2445.0,2300.0,2300.0,2301.0,2314.0,2323.0,2319.0,15051.0,17333.0,11379.0,0.0,0.0,2445.0,2300.0,2300.0,2301.0
0.0,39048.0,6959.0,6904.0,0.0,5851.0,1083.0,0.0,4768.0,2301.0,2301.0,2302.0,2315.0,2326.0,2318.0,12737.0,17251.0,9060.0,1083.0,0.0,4768.0,2301.0,2301.0,2302.0
0.0,32089.0,6910.0,6904.0,121.0,10337.0,3388.0,0.0,6949.0,2301.0,2301.0,2302.0,2305.0,2303.0,2302.0,10422.0,14925.0,6742.0,3388.0,0.0,6949.0,2301.0,2301.0,2302.0
0.0,25300.0,6906.0,6903.0,2445.0,13676.0,5697.0,1181.0,6798.0,2301.0,2301.0,2301.0,2309.0,2298.0,2299.0,8117.0,12622.0,4561.0,5697.0,1181.0,6798.0,2301.0,2301.0,2301.0
0.0,20839.0,6902.0,6904.0,5851.0,14732.0,6916.0,3487.0,4329.0,2301.0,2301.0,2302.0,2302.0,2306.0,2294.0,5808.0,10324.0,4707.0,6916.0,3487.0,4329.0,2301.0,2301.0,2302.0
0.0,19788.0,6956.0,6907.0,10337.0,11659.0,5841.0,5818.0,0.0,2302.0,2302.0,2303.0,2308.0,2326.0,2322.0,4589.0,8018.0,7181.0,5841.0,5818.0,0.0,2302.0,2302.0,2303.0
0.0,23169.0,6974.0,6908.0,13676.0,9428.0,2460.0,6968.0,0.0,2302.0,2303.0,2303.0,2316.0,2326.0,2332.0,5669.0,5692.0,11808.0,2460.0,6968.0,0.0,2302.0,2303.0,2303.0
0.0,29871.0,6953.0,6910.0,13210.0,5799.0,0.0,5799.0,0.0,2303.0,2303.0,2304.0,2317.0,2318.0,2318.0,9050.0,4547.0,16274.0,0.0,5799.0,0.0,2303.0,2303.0,2304.0
0.0,36128.0,6960.0,6911.0,12851.0,2301.0,0.0,2301.0,0.0,2303.0,2304.0,2304.0,2318.0,2315.0,2327.0,12127.0,5716.0,18285.0,0.0,2301.0,0.0,2303.0,2304.0,2304.0
0.0,42019.0,6911.0,6913.0,9758.0,0.0,0.0,0.0,0.0,2304.0,2304.0,2305.0,2302.0,2303.0,2306.0,16842.0,9219.0,15958.0,0.0,0.0,0.0,2304.0,2304.0,2305.0
0.0,44866.0,6943.0,6913.0,2864.0,182.0,0.0,0.0,182.0,2304.0,2304.0,2305.0,2316.0,2318.0,2309.0,17330.0,13884.0,13652.0,0.0,0.0,182.0,2304.0,2304.0,2305.0
0.0,40787.0,6923.0,6914.0,5236.0,2486.0,0.0,0.0,2486.0,2304.0,2305.0,2305.0,2303.0,2316.0,2304.0,15014.0,14430.0,11343.0,0.0,0.0,2486.0,2304.0,2305.0,2305.0
0.0,39100.0,6953.0,6915.0,0.0,5935.0,1126.0,0.0,4809.0,2304.0,2305.0,2306.0,2317.0,2318.0,2318.0,12711.0,17350.0,9039.0,1126.0,0.0,4809.0,2304.0,2305.0,2306.0
0.0,32147.0,6980.0,6918.0,182.0,10425.0,3464.0,0.0,6961.0,2305.0,2306.0,2307.0,2333.0,2318.0,2329.0,10394.0,15032.0,6721.0,3464.0,0.0,6961.0,2305.0,2306.0,2307.0
0.0,25349.0,6968.0,6920.0,2486.0,13733.0,5790.0,1148.0,6795.0,2306.0,2307.0,2307.0,2321.0,2327.0,2320.0,8061.0,12714.0,4574.0,5790.0,1148.0,6795.0,2306.0,2307.0,2307.0
0.0,20867.0,6960.0,6920.0,5935.0,14758.0,6982.0,3470.0,4306.0,2306.0,2307.0,2307.0,2318.0,2322.0,2320.0,5740.0,10387.0,4740.0,6982.0,3470.0,4306.0,2306.0,2307.0,2307.0
0.0,19842.0,6959.0,6923.0,10425.0,11643.0,5842.0,5801.0,0.0,2307.0,2308.0,2308.0,2319.0,2326.0,2314.0,4548.0,8065.0,7229.0,5842.0,5801.0,0.0,2307.0,2308.0,2308.0
0.0,23308.0,6923.0,6923.0,13733.0,9317.0,2360.0,6957.0,0.0,2307.0,2308.0,2308.0,2308.0,2304.0,2311.0,5693.0,5739.0,11876.0,2360.0,6957.0,0.0,2307.0,2308.0,2308.0
0.0,30118.0,6936.0,6923.0,14758.0,5797.0,0.0,5797.0,0.0,2307.0,2308.0,2308.0,2313.0,2310.0,2313.0,9175.0,4583.0,16360.0,0.0,5797.0,0.0,2307.0,2308.0,2308.0
0.0,37940.0,6970.0,6926.0,11643.0,2324.0,0.0,2324.0,0.0,2308.0,2309.0,2309.0,2320.0,2323.0,2327.0,13844.0,5743.0,18353.0,0.0,2324.0,0.0,2308.0,2309.0,2309.0
0.0,42613.0,7000.0,6928.0,9317.0,0.0,0.0,0.0,0.0,2308.0,2310.0,2310.0,2337.0,2331.0,2332.0,17366.0,9221.0,16026.0,0.0,0.0,0.0,2308.0,2310.0,2310.0
0.0,44930.0,7004.0,6930.0,5797.0,189.0,0.0,0.0,189.0,2309.0,2311.0,2310.0,2334.0,2337.0,2333.0,17389.0,13847.0,13694.0,0.0,0.0,189.0,2309.0,2311.0,2310.0
0.0,43723.0,6972.0,6932.0,2324.0,2517.0,0.0,0.0,2517.0,2310.0,2311.0,2311.0,2324.0,2325.0,2323.0,15055.0,17307.0,11361.0,0.0,0.0,2517.0,2310.0,2311.0,2311.0
0.0,39075.0,6967.0,6932.0,0.0,5990.0,1146.0,0.0,4844.0,2310.0,2311.0,2311.0,2327.0,2313.0,2327.0,12731.0,17306.0,9038.0,1146.0,0.0,4844.0,2310.0,2311.0,2311.0
0.0,32108.0,6937.0,6935.0,189.0,10438.0,3458.0,0.0,6980.0,2311.0,2312.0,2312.0,2307.0,2310.0,2320.0,10404.0,14993.0,6711.0,3458.0,0.0,6980.0,2311.0,2312.0,2312.0
0.0,25360.0,6939.0,6935.0,2517.0,13737.0,5764.0,1196.0,6777.0,2311.0,2312.0,2312.0,2306.0,2319.0,2314.0,8097.0,12683.0,4580.0,5764.0,1196.0,6777.0,2311.0,2312.0,2312.0
0.0,20938.0,6986.0,6935.0,5990.0,14733.0,6949.0,3526.0,4258.0,2311.0,2312.0,2312.0,2331.0,2330.0,2325.0,5791.0,10364.0,4783.0,6949.0,3526.0,4258.0,2311.0,2312.0,2312.0
0.0,19942.0,6983.0,6938.0,10438.0,11691.0,5829.0,5862.0,0.0,2312.0,2313.0,2313.0,2333.0,2331.0,2319.0,4606.0,8034.0,7302.0,5829.0,5862.0,0.0,2312.0,2313.0,2313.0
0.0,23397.0,6998.0,6940.0,13737.0,9409.0,2405.0,7004.0,0.0,2313.0,2314.0,2313.0,2335.0,2333.0,2330.0,5731.0,5703.0,11963.0,2405.0,7004.0,0.0,2313.0,2314.0,2313.0
0.0,30136.0,7003.0,6942.0,14154.0,5815.0,0.0,5815.0,0.0,2314.0,2314.0,2314.0,2333.0,2337.0,2333.0,9160.0,4566.0,16410.0,0.0,5815.0,0.0,2314.0,2314.0,2314.0
0.0,37287.0,6988.0,6944.0,12270.0,2288.0,0.0,2288.0,0.0,2314.0,2315.0,2315.0,2328.0,2330.0,2330.0,13197.0,5755.0,18335.0,0.0,2288.0,0.0,2314.0,2315.0,2315.0
0.0,42569.0,6968.0,6944.0,9409.0,0.0,0.0,0.0,0.0,2314.0,2315.0,2315.0,2323.0,2320.0,2325.0,17277.0,9287.0,16005.0,0.0,0.0,0.0,2314.0,2315.0,2315.0
0.0,45010.0,6950.0,6944.0,2849.0,218.0,0.0,0.0,218.0,2314.0,2315.0,2315.0,2311.0,2316.0,2323.0,17359.0,13971.0,13680.0,0.0,0.0,218.0,2314.0,2315.0,2315.0
0.0,40909.0,6971.0,6945.0,5254.0,2538.0,0.0,0.0,2538.0,2314.0,2316.0,2315.0,2322.0,2329.0,2320.0,15048.0,14504.0,11357.0,0.0,0.0,2538.0,2314.0,2316.0,2315.0
0.0,39192.0,7023.0,6947.0,0.0,6071.0,1187.0,0.0,4884.0,2315.0,2316.0,2316.0,2338.0,2344.0,2341.0,12726.0,17429.0,9037.0,1187.0,0.0,4884.0,2315.0,2316.0,2316.0
0.0,32169.0,7026.0,6950.0,218.0,10542.0,3527.0,0.0,7015.0,2316.0,2317.0,2317.0,2335.0,2347.0,2344.0,10388.0,15085.0,6696.0,3527.0,0.0,7015.0,2316.0,2317.0,2317.0
0.0,25361.0,6989.0,6952.0,2538.0,13850.0,5842.0,1188.0,6820.0,2316.0,2318.0,2318.0,2315.0,2336.0,2338.0,8053.0,12738.0,4570.0,5842.0,1188.0,6820.0,2316.0,2318.0,2318.0
0.0,20910.0,6976.0,6953.0,6071.0,14760.0,6987.0,3507.0,4266.0,2317.0,2318.0,2318.0,2327.0,2319.0,2330.0,5738.0,10402.0,4770.0,6987.0,3507.0,4266.0,2317.0,2318.0,2318.0
0.0,20005.0,6960.0,6953.0,10542.0,11595.0,5776.0,5819.0,0.0,2317.0,2318.0,2318.0,2316.0,2312.0,2332.0,4598.0,8083.0,7324.0,5776.0,5819.0,0.0,2317.0,2318.0,2318.0
0.0,23587.0,6972.0,6953.0,13850.0,9216.0,2258.0,6958.0,0.0,2317.0,2318.0,2318.0,2324.0,2327.0,2321.0,5809.0,5771.0,12007.0,2258.0,6958.0,0.0,2317.0,2318.0,2318.0
0.0,30465.0,6985.0,6955.0,14760.0,5792.0,0.0,5792.0,0.0,2317.0,2319.0,2319.0,2330.0,2336.0,2319.0,9327.0,4632.0,16506.0,0.0,5792.0,0.0,2317.0,2319.0,2319.0
0.0,38240.0,7017.0,6958.0,11595.0,2316.0,0.0,2316.0,0.0,2318.0,2320.0,2320.0,2345.0,2338.0,2334.0,13984.0,5803.0,18453.0,0.0,2316.0,0.0,2318.0,2320.0,2320.0
0.0,42818.0,7011.0,6960.0,9216.0,0.0,0.0,0.0,0.0,2319.0,2321.0,2320.0,2331.0,2341.0,2339.0,17415.0,9284.0,16119.0,0.0,0.0,0.0,2319.0,2321.0,2320.0
0.0,45023.0,6996.0,6961.0,5792.0,161.0,0.0,0.0,161.0,2319.0,2321.0,2321.0,2329.0,2331.0,2336.0,17342.0,13901.0,13780.0,0.0,0.0,161.0,2319.0,2321.0,2321.0
0.0,43819.0,7003.0,6962.0,2316.0,2493.0,0.0,0.0,2493.0,2320.0,2321.0,2321.0,2338.0,2333.0,2332.0,15013.0,17362.0,11444.0,0.0,0.0,2493.0,2320.0,2321.0,2321.0
0.0,39132.0,6965.0,6963.0,0.0,6058.0,1245.0,0.0,4813.0,2320.0,2322.0,2321.0,2320.0,2325.0,2320.0,12675.0,17345.0,9112.0,1245.0,0.0,4813.0,2320.0,2322.0,2321.0
0.0,32167.0,6969.0,6963.0,161.0,10543.0,3569.0,0.0,6974.0,2320.0,2322.0,2321.0,2324.0,2323.0,2322.0,10355.0,15020.0,6792.0,3569.0,0.0,6974.0,2320.0,2322.0,2321.0
0.0,25359.0,6978.0,6964.0,2493.0,13946.0,5897.0,1238.0,6811.0,2320.0,2322.0,2322.0,2328.0,2325.0,2325.0,8031.0,12697.0,4631.0,5897.0,1238.0,6811.0,2320.0,2322.0,2322.0
0.0,20874.0,7018.0,6966.0,6058.0,14916.0,6999.0,3587.0,4330.0,2321.0,2323.0,2322.0,2342.0,2344.0,2332.0,5703.0,10372.0,4799.0,6999.0,3587.0,4330.0,2321.0,2323.0,2322.0
0.0,19914.0,7047.0,6969.0,10543.0,11732.0,5787.0,5945.0,0.0,2322.0,2324.0,2323.0,2352.0,2353.0,2342.0,4606.0,8028.0,7280.0,5787.0,5945.0,0.0,2322.0,2324.0,2323.0
0.0,23410.0,7035.0,6972.0,13946.0,9287.0,2234.0,7053.0,0.0,2323.0,2325.0,2324.0,2339.0,2341.0,2355.0,5823.0,5675.0,11912.0,2234.0,7053.0,0.0,2323.0,2325.0,2324.0
0.0,30321.0,6990.0,6972.0,13087.0,5783.0,0.0,5783.0,0.0,2323.0,2325.0,2324.0,2340.0,2317.0,2333.0,9381.0,4572.0,16368.0,0.0,5783.0,0.0,2323.0,2325.0,2324.0
0.0,36418.0,6979.0,6971.0,12354.0,2150.0,0.0,2150.0,0.0,2323.0,2324.0,2324.0,2330.0,2317.0,2332.0,12211.0,5842.0,18365.0,0.0,2150.0,0.0,2323.0,2324.0,2324.0
0.0,41793.0,6968.0,6972.0,10494.0,0.0,0.0,0.0,0.0,2323.0,2325.0,2324.0,2319.0,2332.0,2317.0,16290.0,9470.0,16033.0,0.0,0.0,0.0,2323.0,2325.0,2324.0
0.0,45319.0,7005.0,6974.0,2792.0,246.0,0.0,0.0,246.0,2324.0,2325.0,2325.0,2327.0,2341.0,2337.0,17412.0,14191.0,13716.0,0.0,0.0,246.0,2324.0,2325.0,2325.0
0.0,41106.0,7055.0,6977.0,5141.0,2605.0,0.0,0.0,2605.0,2325.0,2326.0,2326.0,2354.0,2347.0,2354.0,15085.0,14642.0,11379.0,0.0,0.0,2605.0,2325.0,2326.0,2326.0
0.0,39192.0,7046.0,6980.0,0.0,6212.0,1246.0,0.0,4966.0,2326.0,2327.0,2327.0,2347.0,2343.0,2356.0,12731.0,17436.0,9025.0,1246.0,0.0,4966.0,2326.0,2327.0,2327.0
0.0,32146.0,7018.0,6981.0,246.0,10653.0,3588.0,0.0,7065.0,2326.0,2327.0,2328.0,2342.0,2336.0,2340.0,10384.0,15093.0,6669.0,3588.0,0.0,7065.0,2326.0,2327.0,2328.0
0.0,25374.0,7012.0,6982.0,2605.0,13943.0,5930.0,1217.0,6796.0,2327.0,2327.0,2328.0,2337.0,2339.0,2336.0,8042.0,12757.0,4575.0,5930.0,1217.0,6796.0,2327.0,2327.0,2328.0
0.0,20967.0,7000.0,6983.0,6212.0,14736.0,7021.0,3559.0,4156.0,2327.0,2328.0,2328.0,2337.0,2337.0,2326.0,5705.0,10418.0,4844.0,7021.0,3559.0,4156.0,2327.0,2328.0,2328.0
0.0,20179.0,6987.0,6983.0,10653.0,11650.0,5758.0,5892.0,0.0,2327.0,2328.0,2328.0,2325.0,2333.0,2329.0,4614.0,8081.0,7484.0,5758.0,5892.0,0.0,2327.0,2328.0,2328.0
0.0,23845.0,7016.0,6985.0,13943.0,9193.0,2175.0,7018.0,0.0,2328.0,2329.0,2328.0,2342.0,2338.0,2336.0,5877.0,5748.0,12220.0,2175.0,7018.0,0.0,2328.0,2329.0,2328.0
0.0,30772.0,7030.0,6986.0,14736.0,5801.0,0.0,5801.0,0.0,2328.0,2329.0,2329.0,2339.0,2342.0,2349.0,9465.0,4627.0,16680.0,0.0,5801.0,0.0,2328.0,2329.0,2329.0
0.0,38478.0,7060.0,6989.0,11650.0,2266.0,0.0,2266.0,0.0,2329.0,2330.0,2330.0,2349.0,2352.0,2359.0,14147.0,5844.0,18487.0,0.0,2266.0,0.0,2329.0,2330.0,2330.0
0.0,43068.0,7028.0,6991.0,9193.0,0.0,0.0,0.0,0.0,2330.0,2330.0,2331.0,2336.0,2343.0,2349.0,17556.0,9384.0,16128.0,0.0,0.0,0.0,2330.0,2330.0,2331.0
0.0,45233.0,7024.0,6992.0,5801.0,215.0,0.0,0.0,215.0,2330.0,2331.0,2331.0,2340.0,2345.0,2339.0,17395.0,14059.0,13779.0,0.0,0.0,215.0,2330.0,2331.0,2331.0
0.0,44010.0,7001.0,6992.0,2266.0,2546.0,0.0,0.0,2546.0,2330.0,2331.0,2331.0,2340.0,2330.0,2331.0,15055.0,17515.0,11440.0,0.0,0.0,2546.0,2330.0,2331.0,2331.0
0.0,39275.0,7004.0,6993.0,0.0,6162.0,1269.0,0.0,4893.0,2330.0,2331.0,2332.0,2334.0,2328.0,2342.0,12715.0,17451.0,9109.0,1269.0,0.0,4893.0,2330.0,2331.0,2332.0
0.0,32271.0,7035.0,6994.0,215.0,10644.0,3618.0,0.0,7026.0,2331.0,2331.0,2332.0,2344.0,2343.0,2348.0,10381.0,15123.0,6767.0,3618.0,0.0,7026.0,2331.0,2331.0,2332.0
0.0,25451.0,7061.0,6997.0,2546.0,14049.0,5974.0,1231.0,6844.0,2332.0,2332.0,2333.0,2351.0,2351.0,2359.0,8037.0,12780.0,4634.0,5974.0,1231.0,6844.0,2332.0,2332.0,2333.0
0.0,20936.0,7061.0,6999.0,6162.0,14958.0,7047.0,3597.0,4314.0,2332.0,2333.0,2334.0,2342.0,2361.0,2358.0,5686.0,10429.0,4821.0,7047.0,3597.0,4314.0,2332.0,2333.0,2334.0
0.0,20037.0,7024.0,7001.0,10644.0,11718.0,5770.0,5948.0,0.0,2333.0,2334.0,2334.0,2336.0,2346.0,2342.0,4613.0,8068.0,7356.0,5770.0,5948.0,0.0,2333.0,2334.0,2334.0
0.0,23657.0,7016.0,7001.0,14049.0,9195.0,2142.0,7053.0,0.0,2333.0,2334.0,2334.0,2346.0,2336.0,2334.0,5895.0,5722.0,12040.0,2142.0,7053.0,0.0,2333.0,2334.0,2334.0
0.0,30690.0,7022.0,7001.0,14074.0,5807.0,0.0,5807.0,0.0,2333.0,2334.0,2334.0,2335.0,2351.0,2336.0,9523.0,4617.0,16550.0,0.0,5807.0,0.0,2333.0,2334.0,2334.0
0.0,37742.0,7009.0,7002.0,12602.0,2199.0,0.0,2199.0,0.0,2333.0,2334.0,2335.0,2334.0,2340.0,2335.0,13351.0,5863.0,18528.0,0.0,2199.0,0.0,2333.0,2334.0,2335.0
0.0,43335.0,7039.0,7003.0,9195.0,0.0,0.0,0.0,0.0,2333.0,2335.0,2335.0,2338.0,2351.0,2350.0,17671.0,9471.0,16193.0,0.0,0.0,0.0,2333.0,2335.0,2335.0
0.0,45491.0,7067.0,7006.0,2859.0,204.0,0.0,0.0,204.0,2334.0,2336.0,2336.0,2355.0,2345.0,2367.0,17475.0,14173.0,13843.0,0.0,0.0,204.0,2334.0,2336.0,2336.0
0.0,41283.0,7067.0,7008.0,5147.0,2568.0,0.0,0.0,2568.0,2335.0,2336.0,2337.0,2357.0,2351.0,2359.0,15120.0,14687.0,11476.0,0.0,0.0,2568.0,2335.0,2336.0,2337.0
0.0,39363.0,7055.0,7010.0,0.0,6187.0,1271.0,0.0,4916.0,2336.0,2337.0,2337.0,2354.0,2353.0,2348.0,12763.0,17483.0,9117.0,1271.0,0.0,4916.0,2336.0,2337.0,2337.0
0.0,32308.0,7033.0,7011.0,204.0,10670.0,3615.0,0.0,7055.0,2336.0,2337.0,2338.0,2344.0,2351.0,2338.0,10409.0,15130.0,6769.0,3615.0,0.0,7055.0,2336.0,2337.0,2338.0
0.0,25479.0,7031.0,7012.0,2568.0,14044.0,5960.0,1259.0,6825.0,2336.0,2338.0,2338.0,2345.0,2348.0,2338.0,8065.0,12779.0,4635.0,5960.0,1259.0,6825.0,2336.0,2338.0,2338.0
0.0,21016.0,7033.0,7012.0,6187.0,14890.0,7031.0,3596.0,4263.0,2336.0,2338.0,2338.0,2342.0,2337.0,2354.0,5720.0,10431.0,4865.0,7031.0,3596.0,4263.0,2336.0,2338.0,2338.0
0.0,20170.0,7044.0,7014.0,10670.0,11708.0,5770.0,5938.0,0.0,2337.0,2338.0,2339.0,2349.0,2342.0,2353.0,4649.0,8094.0,7427.0,5770.0,5938.0,0.0,2337.0,2338.0,2339.0
0.0,23796.0,7088.0,7015.0,14044.0,9212.0,2177.0,7035.0,0.0,2337.0,2338.0,2340.0,2367.0,2356.0,2365.0,5915.0,5752.0,12129.0,2177.0,7035.0,0.0,2337.0,2338.0,2340.0
0.0,30752.0,7084.0,7017.0,14890.0,5809.0,0.0,5809.0,0.0,2338.0,2339.0,2340.0,2360.0,2365.0,2359.0,9508.0,4655.0,16589.0,0.0,5809.0,0.0,2338.0,2339.0,2340.0
0.0,38558.0,7050.0,7020.0,11708.0,2234.0,0.0,2234.0,0.0,2339.0,2340.0,2341.0,2342.0,2358.0,2350.0,14179.0,5886.0,18493.0,0.0,2234.0,0.0,2339.0,2340.0,2341.0
0.0,43216.0,7041.0,7020.0,9212.0,0.0,0.0,0.0,0.0,2339.0,2340.0,2341.0,2350.0,2346.0,2345.0,17607.0,9466.0,16143.0,0.0,0.0,0.0,2339.0,2340.0,2341.0
0.0,45387.0,7038.0,7020.0,5809.0,252.0,0.0,0.0,252.0,2339.0,2340.0,2341.0,2350.0,2343.0,2345.0,17434.0,14155.0,13798.0,0.0,0.0,252.0,2339.0,2340.0,2341.0
0.0,44158.0,7036.0,7021.0,2234.0,2601.0,0.0,0.0,2601.0,2340.0,2340.0,2341.0,2340.0,2347.0,2349.0,15084.0,17621.0,11453.0,0.0,0.0,2601.0,2340.0,2340.0,2341.0
0.0,39356.0,7072.0,7023.0,0.0,6280.0,1319.0,0.0,4961.0,2340.0,2341.0,2342.0,2363.0,2354.0,2355.0,12744.0,17508.0,9104.0,1319.0,0.0,4961.0,2340.0,2341.0,2342.0
0.0,32284.0,7088.0,7025.0,252.0,10758.0,3694.0,0.0,7064.0,2341.0,2342.0,2342.0,2370.0,2363.0,2355.0,10381.0,15154.0,6749.0,3694.0,0.0,7064.0,2341.0,2342.0,2342.0
0.0,25448.0,7075.0,7027.0,2601.0,14161.0,6063.0,1271.0,6827.0,2342.0,2342.0,2343.0,2364.0,2352.0,2359.0,8011.0,12791.0,4646.0,6063.0,1271.0,6827.0,2342.0,2342.0,2343.0
0.0,20974.0,7052.0,7028.0,6280.0,14938.0,7088.0,3627.0,4223.0,2342.0,2343.0,2343.0,2344.0,2351.0,2357.0,5647.0,10439.0,4888.0,7088.0,3627.0,4223.0,2342.0,2343.0,2343.0
0.0,20202.0,7066.0,7030.0,10758.0,11735.0,5753.0,5982.0,0.0,2343.0,2343.0,2344.0,2354.0,2355.0,2357.0,4622.0,8088.0,7492.0,5753.0,5982.0,0.0,2343.0,2343.0,2344.0
0.0,23894.0,7050.0,7030.0,14161.0,9102.0,2046.0,7056.0,0.0,2343.0,2343.0,2344.0,2356.0,2345.0,2349.0,5962.0,5733.0,12199.0,2046.0,7056.0,0.0,2343.0,2343.0,2344.0
0.0,31005.0,7058.0,7032.0,12848.0,5780.0,0.0,5780.0,0.0,2344.0,2343.0,2345.0,2349.0,2351.0,2358.0,9669.0,4659.0,16677.0,0.0,5780.0,0.0,2344.0,2343.0,2345.0
0.0,36795.0,7059.0,7033.0,11986.0,2155.0,0.0,2155.0,0.0,2344.0,2344.0,2345.0,2355.0,2352.0,2352.0,12318.0,5935.0,18542.0,0.0,2155.0,0.0,2344.0,2344.0,2345.0
0.0,41722.0,7085.0,7035.0,10941.0,0.0,0.0,0.0,0.0,2345.0,2344.0,2346.0,2369.0,2358.0,2358.0,15967.0,9565.0,16190.0,0.0,0.0,0.0,2345.0,2344.0,2346.0
0.0,45578.0,7096.0,7036.0,2897.0,258.0,0.0,0.0,258.0,2345.0,2345.0,2346.0,2361.0,2375.0,2360.0,17483.0,14263.0,13832.0,0.0,0.0,258.0,2345.0,2345.0,2346.0
0.0,41379.0,7080.0,7039.0,5038.0,2624.0,0.0,0.0,2624.0,2346.0,2346.0,2347.0,2356.0,2363.0,2361.0,15122.0,14785.0,11472.0,0.0,0.0,2624.0,2346.0,2346.0,2347.0
0.0,39337.0,7067.0,7040.0,0.0,6310.0,1321.0,0.0,4989.0,2346.0,2346.0,2348.0,2357.0,2350.0,2360.0,12766.0,17460.0,9111.0,1321.0,0.0,4989.0,2346.0,2346.0,2348.0
0.0,32270.0,7051.0,7040.0,258.0,10757.0,3669.0,0.0,7088.0,2346.0,2346.0,2348.0,2348.0,2346.0,2357.0,10409.0,15110.0,6751.0,3669.0,0.0,7088.0,2346.0,2346.0,2348.0
0.0,25477.0,7050.0,7040.0,2624.0,14149.0,6014.0,1318.0,6817.0,2346.0,2346.0,2348.0,2345.0,2352.0,2353.0,8061.0,12764.0,4652.0,6014.0,1318.0,6817.0,2346.0,2346.0,2348.0
0.0,21051.0,7092.0,7042.0,6310.0,14941.0,7061.0,3693.0,4187.0,2347.0,2347.0,2348.0,2363.0,2370.0,2359.0,5716.0,10412.0,4923.0,7061.0,3693.0,4187.0,2347.0,2347.0,2348.0
0.0,20269.0,7115.0,7045.0,10757.0,11841.0,5775.0,6066.0,0.0,2348.0,2348.0,2349.0,2378.0,2368.0,2369.0,4674.0,8042.0,7553.0,5775.0,6066.0,0.0,2348.0,2348.0,2349.0
0.0,23911.0,7093.0,7048.0,14149.0,9243.0,2132.0,7111.0,0.0,2349.0,2349.0,2350.0,2366.0,2358.0,2369.0,5965.0,5674.0,12272.0,2132.0,7111.0,0.0,2349.0,2349.0,2350.0
0.0,30967.0,7090.0,7049.0,14941.0,5774.0,0.0,5774.0,0.0,2349.0,2349.0,2351.0,2362.0,2356.0,2372.0,9613.0,4634.0,16720.0,0.0,5774.0,0.0,2349.0,2349.0,2351.0
0.0,38818.0,7073.0,7050.0,11841.0,2063.0,0.0,2063.0,0.0,2350.0,2349.0,2351.0,2365.0,2355.0,2353.0,14312.0,5971.0,18535.0,0.0,2063.0,0.0,2350.0,2349.0,2351.0
0.0,43586.0,7056.0,7050.0,9243.0,0.0,0.0,0.0,0.0,2350.0,2349.0,2351.0,2353.0,2351.0,2352.0,17722.0,9682.0,16182.0,0.0,0.0,0.0,2350.0,2349.0,2351.0
0.0,45773.0,7060.0,7051.0,5774.0,276.0,0.0,0.0,276.0,2350.0,2350.0,2351.0,2353.0,2356.0,2351.0,17501.0,14442.0,13830.0,0.0,0.0,276.0,2350.0,2350.0,2351.0
0.0,44487.0,7069.0,7051.0,2063.0,2632.0,0.0,0.0,2632.0,2350.0,2350.0,2351.0,2360.0,2353.0,2356.0,15148.0,17860.0,11479.0,0.0,0.0,2632.0,2350.0,2350.0,2351.0
0.0,39481.0,7095.0,7053.0,0.0,6345.0,1338.0,0.0,5007.0,2351.0,2350.0,2352.0,2371.0,2354.0,2370.0,12788.0,17570.0,9123.0,1338.0,0.0,5007.0,2351.0,2350.0,2352.0
0.0,32386.0,7109.0,7056.0,276.0,10818.0,3708.0,0.0,7110.0,2352.0,2351.0,2353.0,2365.0,2370.0,2374.0,10417.0,15216.0,6753.0,3708.0,0.0,7110.0,2352.0,2351.0,2353.0
0.0,25553.0,7110.0,7058.0,2632.0,14215.0,6076.0,1283.0,6856.0,2352.0,2352.0,2354.0,2368.0,2369.0,2373.0,8052.0,12846.0,4655.0,6076.0,1283.0,6856.0,2352.0,2352.0,2354.0
0.0,21075.0,7098.0,7059.0,6345.0,14973.0,7110.0,3648.0,4215.0,2353.0,2352.0,2354.0,2367.0,2365.0,2366.0,5684.0,10477.0,4914.0,7110.0,3648.0,4215.0,2353.0,2352.0,2354.0
0.0,20322.0,7069.0,7059.0,10818.0,11765.0,5762.0,6003.0,0.0,2353.0,2352.0,2354.0,2360.0,2355.0,2354.0,4655.0,8112.0,7555.0,5762.0,6003.0,0.0,2353.0,2352.0,2354.0
0.0,24071.0,7072.0,7059.0,14215.0,9116.0,2047.0,7069.0,0.0,2353.0,2352.0,2354.0,2361.0,2349.0,2362.0,6003.0,5757.0,12311.0,2047.0,7069.0,0.0,2353.0,2352.0,2354.0
0.0,31214.0,7089.0,7062.0,14099.0,5786.0,0.0,5786.0,0.0,2354.0,2353.0,2355.0,2357.0,2360.0,2372.0,9718.0,4691.0,16805.0,0.0,5786.0,0.0,2354.0,2353.0,2355.0
0.0,38224.0,7138.0,7064.0,12639.0,2169.0,0.0,2169.0,0.0,2354.0,2354.0,2356.0,2377.0,2381.0,2380.0,13597.0,5979.0,18648.0,0.0,2169.0,0.0,2354.0,2354.0,2356.0
0.0,43725.0,7134.0,7066.0,9116.0,0.0,0.0,0.0,0.0,2355.0,2354.0,2357.0,2371.0,2375.0,2388.0,17856.0,9601.0,16268.0,0.0,0.0,0.0,2355.0,2354.0,2357.0
0.0,45707.0,7119.0,7068.0,2928.0,276.0,0.0,0.0,276.0,2356.0,2355.0,2357.0,2376.0,2372.0,2371.0,17532.0,14295.0,13880.0,0.0,0.0,276.0,2356.0,2355.0,2357.0
0.0,41516.0,7086.0,7068.0,5027.0,2636.0,0.0,0.0,2636.0,2356.0,2355.0,2357.0,2366.0,2360.0,2360.0,15156.0,14851.0,11509.0,0.0,0.0,2636.0,2356.0,2355.0,2357.0
0.0,39457.0,7072.0,7068.0,0.0,6343.0,1350.0,0.0,4993.0,2356.0,2355.0,2357.0,2360.0,2355.0,2357.0,12790.0,17518.0,9149.0,1350.0,0.0,4993.0,2356.0,2355.0,2357.0
0.0,32385.0,7082.0,7069.0,276.0,10789.0,3709.0,0.0,7080.0,2357.0,2355.0,2357.0,2354.0,2365.0,2363.0,10430.0,15163.0,6792.0,3709.0,0.0,7080.0,2357.0,2355.0,2357.0
0.0,25579.0,7123.0,7071.0,2636.0,14263.0,6086.0,1352.0,6825.0,2357.0,2356.0,2358.0,2377.0,2370.0,2376.0,8076.0,12798.0,4705.0,6086.0,1352.0,6825.0,2357.0,2356.0,2358.0
0.0,21092.0,7151.0,7074.0,6343.0,15086.0,7125.0,3735.0,4226.0,2358.0,2357.0,2359.0,2384.0,2378.0,2389.0,5699.0,10428.0,4965.0,7125.0,3735.0,4226.0,2358.0,2357.0,2359.0
0.0,20284.0,7135.0,7076.0,10789.0,11907.0,5802.0,6105.0,0.0,2359.0,2357.0,2360.0,2381.0,2370.0,2384.0,4665.0,8050.0,7569.0,5802.0,6105.0,0.0,2359.0,2357.0,2360.0
0.0,23938.0,7126.0,7079.0,14263.0,9223.0,2091.0,7132.0,0.0,2360.0,2358.0,2361.0,2370.0,2374.0,2382.0,5993.0,5680.0,12265.0,2091.0,7132.0,0.0,2360.0,2358.0,2361.0
0.0,31075.0,7114.0,7079.0,15086.0,5768.0,0.0,5768.0,0.0,2360.0,2358.0,2361.0,2378.0,2371.0,2365.0,9709.0,4658.0,16708.0,0.0,5768.0,0.0,2360.0,2358.0,2361.0
0.0,39047.0,7086.0,7079.0,11907.0,2028.0,0.0,2028.0,0.0,2360.0,2358.0,2361.0,2367.0,2365.0,2354.0,14456.0,6022.0,18569.0,0.0,2028.0,0.0,2360.0,2358.0,2361.0
0.0,43868.0,7098.0,7081.0,9223.0,0.0,0.0,0.0,0.0,2361.0,2359.0,2361.0,2366.0,2361.0,2371.0,17891.0,9762.0,16215.0,0.0,0.0,0.0,2361.0,2359.0,2361.0
0.0,45993.0,7110.0,7082.0,5768.0,343.0,0.0,0.0,343.0,2361.0,2359.0,2362.0,2366.0,2367.0,2377.0,17616.0,14533.0,13844.0,0.0,0.0,343.0,2361.0,2359.0,2362.0
0.0,44651.0,7157.0,7085.0,2028.0,2731.0,0.0,0.0,2731.0,2362.0,2360.0,2363.0,2390.0,2384.0,2383.0,15250.0,17934.0,11467.0,0.0,0.0,2731.0,2362.0,2360.0,2363.0
0.0,39522.0,7151.0,7086.0,0.0,6453.0,1341.0,0.0,5112.0,2363.0,2360.0,2363.0,2386.0,2384.0,2381.0,12860.0,17578.0,9084.0,1341.0,0.0,5112.0,2363.0,2360.0,2363.0
0.0,32371.0,7141.0,7088.0,343.0,10872.0,3718.0,0.0,7154.0,2363.0,2361.0,2364.0,2377.0,2384.0,2380.0,10474.0,15194.0,6703.0,3718.0,0.0,7154.0,2363.0,2361.0,2364.0
0.0,25573.0,7102.0,7088.0,2731.0,14238.0,6091.0,1360.0,6787.0,2363.0,2361.0,2364.0,2373.0,2365.0,2364.0,8097.0,12810.0,4666.0,6091.0,1360.0,6787.0,2363.0,2361.0,2364.0
0.0,21202.0,7102.0,7089.0,6453.0,14892.0,7125.0,3724.0,4043.0,2364.0,2361.0,2364.0,2370.0,2364.0,2368.0,5724.0,10445.0,5033.0,7125.0,3724.0,4043.0,2364.0,2361.0,2364.0
0.0,20553.0,7094.0,7090.0,10872.0,11861.0,5764.0,6097.0,0.0,2364.0,2362.0,2364.0,2357.0,2368.0,2369.0,4695.0,8081.0,7777.0,5764.0,6097.0,0.0,2364.0,2362.0,2364.0
0.0,24331.0,7131.0,7091.0,14238.0,9161.0,2050.0,7111.0,0.0,2364.0,2362.0,2365.0,2377.0,2374.0,2380.0,6056.0,5713.0,12562.0,2050.0,7111.0,0.0,2364.0,2362.0,2365.0
0.0,31438.0,7158.0,7094.0,12886.0,5770.0,0.0,5770.0,0.0,2365.0,2363.0,2366.0,2394.0,2378.0,2386.0,9770.0,4699.0,16969.0,0.0,5770.0,0.0,2365.0,2363.0,2366.0
0.0,37166.0,7135.0,7095.0,11432.0,2044.0,0.0,2044.0,0.0,2366.0,2363.0,2366.0,2381.0,2371.0,2383.0,12495.0,6045.0,18626.0,0.0,2044.0,0.0,2366.0,2363.0,2366.0
0.0,41463.0,7142.0,7097.0,11596.0,0.0,0.0,0.0,0.0,2366.0,2364.0,2367.0,2378.0,2385.0,2379.0,15449.0,9771.0,16243.0,0.0,0.0,0.0,2366.0,2364.0,2367.0
0.0,45917.0,7119.0,7098.0,2862.0,345.0,0.0,0.0,345.0,2367.0,2364.0,2367.0,2379.0,2366.0,2374.0,17556.0,14497.0,13864.0,0.0,0.0,345.0,2367.0,2364.0,2367.0
0.0,41660.0,7110.0,7098.0,4952.0,2714.0,0.0,0.0,2714.0,2367.0,2364.0,2367.0,2372.0,2369.0,2369.0,15177.0,14993.0,11490.0,0.0,0.0,2714.0,2367.0,2364.0,2367.0
0.0,39502.0,7120.0,7100.0,0.0,6495.0,1394.0,0.0,5101.0,2367.0,2365.0,2368.0,2364.0,2374.0,2382.0,12805.0,17576.0,9121.0,1394.0,0.0,5101.0,2367.0,2365.0,2368.0
0.0,32382.0,7147.0,7101.0,345.0,10921.0,3780.0,0.0,7141.0,2368.0,2365.0,2368.0,2381.0,2381.0,2385.0,10441.0,15202.0,6739.0,3780.0,0.0,7141.0,2368.0,2365.0,2368.0
0.0,25580.0,7161.0,7103.0,2714.0,14382.0,6169.0,1398.0,6815.0,2368.0,2366.0,2369.0,2389.0,2389.0,2383.0,8060.0,12821.0,4699.0,6169.0,1398.0,6815.0,2368.0,2366.0,2369.0
0.0,21133.0,7173.0,7106.0,6495.0,15075.0,7168.0,3795.0,4112.0,2369.0,2367.0,2370.0,2388.0,2392.0,2393.0,5671.0,10432.0,5030.0,7168.0,3795.0,4112.0,2369.0,2367.0,2370.0
0.0,20455.0,7153.0,7108.0,10921.0,11965.0,5779.0,6186.0,0.0,2370.0,2368.0,2370.0,2386.0,2386.0,2381.0,4677.0,8040.0,7738.0,5779.0,6186.0,0.0,2370.0,2368.0,2370.0
0.0,24223.0,7145.0,7109.0,14382.0,9162.0,1994.0,7168.0,0.0,2370.0,2368.0,2371.0,2384.0,2380.0,2381.0,6071.0,5654.0,12498.0,1994.0,7168.0,0.0,2370.0,2368.0,2371.0
0.0,31460.0,7139.0,7109.0,15075.0,5744.0,0.0,5744.0,0.0,2370.0,2368.0,2371.0,2382.0,2371.0,2386.0,9856.0,4672.0,16932.0,0.0,5744.0,0.0,2370.0,2368.0,2371.0
0.0,39396.0,7119.0,7111.0,11965.0,1925.0,0.0,1925.0,0.0,2371.0,2368.0,2372.0,2373.0,2367.0,2379.0,14642.0,6096.0,18658.0,0.0,1925.0,0.0,2371.0,2368.0,2372.0
0.0,44242.0,7162.0,7112.0,9162.0,0.0,0.0,0.0,0.0,2371.0,2369.0,2372.0,2382.0,2397.0,2383.0,18048.0,9915.0,16279.0,0.0,0.0,0.0,2371.0,2369.0,2372.0
0.0,46242.0,7170.0,7115.0,5744.0,354.0,0.0,0.0,354.0,2372.0,2370.0,2373.0,2389.0,2396.0,2385.0,17660.0,14686.0,13896.0,0.0,0.0,354.0,2372.0,2370.0,2373.0
0.0,44816.0,7161.0,7117.0,1925.0,2737.0,0.0,0.0,2737.0,2373.0,2371.0,2373.0,2388.0,2390.0,2383.0,15271.0,18034.0,11511.0,0.0,0.0,2737.0,2373.0,2371.0,2373.0
0.0,39580.0,7148.0,7118.0,0.0,6489.0,1362.0,0.0,5127.0,2373.0,2371.0,2374.0,2380.0,2383.0,2385.0,12883.0,17569.0,9128.0,1362.0,0.0,5127.0,2373.0,2371.0,2374.0
0.0,32432.0,7149.0,7118.0,354.0,10908.0,3747.0,0.0,7161.0,2373.0,2371.0,2374.0,2385.0,2376.0,2388.0,10503.0,15186.0,6743.0,3747.0,0.0,7161.0,2373.0,2371.0,2374.0
0.0,25637.0,7152.0,7119.0,2737.0,14373.0,6136.0,1428.0,6809.0,2374.0,2371.0,2374.0,2384.0,2383.0,2385.0,8118.0,12810.0,4709.0,6136.0,1428.0,6809.0,2374.0,2371.0,2374.0
0.0,21222.0,7138.0,7121.0,6489.0,15032.0,7147.0,3813.0,4072.0,2374.0,2372.0,2375.0,2373.0,2380.0,2385.0,5734.0,10427.0,5061.0,7147.0,3813.0,4072.0,2374.0,2372.0,2375.0
0.0,20573.0,7139.0,7121.0,10908.0,11979.0,5784.0,6195.0,0.0,2374.0,2372.0,2375.0,2384.0,2382.0,2373.0,4723.0,8047.0,7803.0,5784.0,6195.0,0.0,2374.0,2372.0,2375.0
0.0,24342.0,7177.0,7124.0,14373.0,9218.0,2057.0,7161.0,0.0,2375.0,2373.0,2376.0,2404.0,2389.0,2384.0,6086.0,5665.0,12591.0,2057.0,7161.0,0.0,2375.0,2373.0,2376.0
0.0,31538.0,7194.0,7127.0,14183.0,5750.0,0.0,5750.0,0.0,2376.0,2374.0,2377.0,2396.0,2397.0,2401.0,9818.0,4704.0,17016.0,0.0,5750.0,0.0,2376.0,2374.0,2377.0
0.0,38527.0,7186.0,7129.0,12828.0,1959.0,0.0,1959.0,0.0,2377.0,2375.0,2377.0,2391.0,2399.0,2396.0,13720.0,6120.0,18687.0,0.0,1959.0,0.0,2377.0,2375.0,2377.0
0.0,44169.0,7176.0,7130.0,9218.0,0.0,0.0,0.0,0.0,2377.0,2375.0,2378.0,2392.0,2388.0,2396.0,17962.0,9916.0,16291.0,0.0,0.0,0.0,2377.0,2375.0,2378.0
0.0,46211.0,7144.0,7130.0,3117.0,386.0,0.0,0.0,386.0,2377.0,2375.0,2378.0,2382.0,2371.0,2391.0,17627.0,14689.0,13895.0,0.0,0.0,386.0,2377.0,2375.0,2378.0
0.0,42184.0,7123.0,7131.0,4592.0,2762.0,0.0,0.0,2762.0,2378.0,2375.0,2378.0,2382.0,2365.0,2376.0,15245.0,15435.0,11504.0,0.0,0.0,2762.0,2378.0,2375.0,2378.0
0.0,39653.0,7185.0,7133.0,0.0,6577.0,1421.0,0.0,5156.0,2378.0,2376.0,2379.0,2394.0,2402.0,2389.0,12863.0,17662.0,9128.0,1421.0,0.0,5156.0,2378.0,2376.0,2379.0
0.0,32468.0,7197.0,7136.0,386.0,10995.0,3818.0,0.0,7177.0,2379.0,2377.0,2380.0,2392.0,2403.0,2402.0,10469.0,15260.0,6739.0,3818.0,0.0,7177.0,2379.0,2377.0,2380.0
0.0,25657.0,7188.0,7137.0,2762.0,14454.0,6215.0,1424.0,6815.0,2379.0,2378.0,2380.0,2397.0,2391.0,2400.0,8077.0,12857.0,4723.0,6215.0,1424.0,6815.0,2379.0,2378.0,2380.0
0.0,21231.0,7189.0,7139.0,6577.0,15076.0,7190.0,3816.0,4070.0,2380.0,2378.0,2381.0,2391.0,2392.0,2406.0,5680.0,10466.0,5085.0,7190.0,3816.0,4070.0,2380.0,2378.0,2381.0
0.0,20619.0,7151.0,7139.0,10995.0,11953.0,5756.0,6197.0,0.0,2380.0,2378.0,2381.0,2384.0,2381.0,2386.0,4710.0,8074.0,7835.0,5756.0,6197.0,0.0,2380.0,2378.0,2381.0
0.0,24463.0,7163.0,7140.0,14454.0,9096.0,1931.0,7165.0,0.0,2380.0,2379.0,2381.0,2390.0,2387.0,2386.0,6144.0,5693.0,12626.0,1931.0,7165.0,0.0,2380.0,2379.0,2381.0
0.0,31754.0,7168.0,7141.0,15076.0,5743.0,0.0,5743.0,0.0,2381.0,2379.0,2381.0,2384.0,2394.0,2390.0,9969.0,4730.0,17055.0,0.0,5743.0,0.0,2381.0,2379.0,2381.0
0.0,39662.0,7174.0,7143.0,11953.0,1939.0,0.0,1939.0,0.0,2381.0,2380.0,2382.0,2389.0,2388.0,2397.0,14775.0,6152.0,18735.0,0.0,1939.0,0.0,2381.0,2380.0,2382.0
0.0,44441.0,7189.0,7145.0,9096.0,0.0,0.0,0.0,0.0,2382.0,2380.0,2383.0,2397.0,2393.0,2399.0,18142.0,9961.0,16338.0,0.0,0.0,0.0,2382.0,2380.0,2383.0
0.0,46348.0,7209.0,7148.0,5743.0,389.0,0.0,0.0,389.0,2383.0,2381.0,2384.0,2404.0,2397.0,2408.0,17676.0,14733.0,13939.0,0.0,0.0,389.0,2383.0,2381.0,2384.0
0.0,44882.0,7197.0,7149.0,1939.0,2787.0,0.0,0.0,2787.0,2383.0,2382.0,2384.0,2395.0,2404.0,2398.0,15272.0,18079.0,11531.0,0.0,0.0,2787.0,2383.0,2382.0,2384.0
0.0,39624.0,7179.0,7149.0,0.0,6613.0,1436.0,0.0,5177.0,2383.0,2382.0,2384.0,2398.0,2391.0,2390.0,12877.0,17614.0,9133.0,1436.0,0.0,5177.0,2383.0,2382.0,2384.0
0.0,32445.0,7164.0,7150.0,389.0,11005.0,3831.0,0.0,7174.0,2384.0,2382.0,2384.0,2390.0,2388.0,2386.0,10479.0,15223.0,6743.0,3831.0,0.0,7174.0,2384.0,2382.0,2384.0
0.0,25670.0,7164.0,7151.0,2787.0,14462.0,6215.0,1468.0,6779.0,2384.0,2383.0,2384.0,2384.0,2388.0,2392.0,8089.0,12835.0,4746.0,6215.0,1468.0,6779.0,2384.0,2383.0,2384.0
0.0,21293.0,7176.0,7152.0,6613.0,15030.0,7172.0,3861.0,3997.0,2384.0,2383.0,2385.0,2393.0,2393.0,2390.0,5705.0,10447.0,5141.0,7172.0,3861.0,3997.0,2384.0,2383.0,2385.0
0.0,20730.0,7232.0,7155.0,11005.0,12026.0,5754.0,6272.0,0.0,2385.0,2384.0,2386.0,2408.0,2406.0,2418.0,4748.0,8054.0,7928.0,5754.0,6272.0,0.0,2385.0,2384.0,2386.0
0.0,24503.0,7228.0,7158.0,14462.0,9170.0,1949.0,7221.0,0.0,2386.0,2385.0,2387.0,2405.0,2412.0,2411.0,6171.0,5648.0,12684.0,1949.0,7221.0,0.0,2386.0,2385.0,2387.0
0.0,31737.0,7205.0,7159.0,12916.0,5762.0,0.0,5762.0,0.0,2386.0,2385.0,2388.0,2390.0,2402.0,2413.0,9981.0,4704.0,17052.0,0.0,5762.0,0.0,2386.0,2385.0,2388.0
0.0,37448.0,7162.0,7159.0,11613.0,1869.0,0.0,1869.0,0.0,2386.0,2385.0,2388.0,2393.0,2379.0,2390.0,12649.0,6163.0,18636.0,0.0,1869.0,0.0,2386.0,2385.0,2388.0
0.0,41899.0,7163.0,7159.0,11553.0,0.0,0.0,0.0,0.0,2386.0,2385.0,2388.0,2391.0,2389.0,2383.0,15597.0,10056.0,16246.0,0.0,0.0,0.0,2386.0,2385.0,2388.0
0.0,46289.0,7166.0,7160.0,2861.0,463.0,0.0,0.0,463.0,2386.0,2386.0,2388.0,2389.0,2391.0,2386.0,17682.0,14744.0,13863.0,0.0,0.0,463.0,2386.0,2386.0,2388.0
0.0,41984.0,7218.0,7162.0,4914.0,2876.0,0.0,0.0,2876.0,2387.0,2386.0,2389.0,2402.0,2408.0,2408.0,15293.0,15214.0,11477.0,0.0,0.0,2876.0,2387.0,2386.0,2389.0
0.0,39680.0,7231.0,7165.0,0.0,6754.0,1467.0,0.0,5287.0,2388.0,2387.0,2390.0,2418.0,2407.0,2406.0,12891.0,17720.0,9069.0,1467.0,0.0,5287.0,2388.0,2387.0,2390.0
0.0,32449.0,7215.0,7167.0,463.0,11110.0,3876.0,0.0,7234.0,2389.0,2388.0,2390.0,2404.0,2401.0,2410.0,10473.0,15313.0,6663.0,3876.0,0.0,7234.0,2389.0,2388.0,2390.0
0.0,25697.0,7218.0,7168.0,2876.0,14485.0,6276.0,1435.0,6774.0,2389.0,2388.0,2391.0,2400.0,2407.0,2411.0,8069.0,12912.0,4716.0,6276.0,1435.0,6774.0,2389.0,2388.0,2391.0
0.0,21355.0,7184.0,7169.0,6754.0,14920.0,7208.0,3835.0,3877.0,2389.0,2389.0,2391.0,2399.0,2395.0,2390.0,5669.0,10505.0,5181.0,7208.0,3835.0,3877.0,2389.0,2389.0,2391.0
0.0,20925.0,7187.0,7170.0,11110.0,11965.0,5724.0,6241.0,0.0,2390.0,2389.0,2391.0,2387.0,2406.0,2394.0,4737.0,8110.0,8078.0,5724.0,6241.0,0.0,2390.0,2389.0,2391.0
0.0,24848.0,7187.0,7171.0,14485.0,9038.0,1845.0,7193.0,0.0,2390.0,2389.0,2392.0,2397.0,2387.0,2403.0,6226.0,5704.0,12918.0,1845.0,7193.0,0.0,2390.0,2389.0,2392.0
0.0,32146.0,7213.0,7172.0,14920.0,5762.0,0.0,5762.0,0.0,2390.0,2390.0,2392.0,2405.0,2399.0,2409.0,10105.0,4752.0,17289.0,0.0,5762.0,0.0,2390.0,2390.0,2392.0
0.0,39853.0,7250.0,7175.0,11965.0,1937.0,0.0,1937.0,0.0,2391.0,2391.0,2393.0,2420.0,2411.0,2419.0,14908.0,6188.0,18757.0,0.0,1937.0,0.0,2391.0,2391.0,2393.0
0.0,44568.0,7230.0,7178.0,9038.0,0.0,0.0,0.0,0.0,2392.0,2392.0,2394.0,2411.0,2408.0,2411.0,18212.0,10018.0,16338.0,0.0,0.0,0.0,2392.0,2392.0,2394.0
0.0,46376.0,7237.0,7179.0,5762.0,454.0,0.0,0.0,454.0,2393.0,2392.0,2394.0,2407.0,2419.0,2411.0,17646.0,14803.0,13927.0,0.0,0.0,454.0,2393.0,2392.0,2394.0
0.0,44901.0,7198.0,7181.0,1937.0,2854.0,0.0,0.0,2854.0,2393.0,2393.0,2395.0,2403.0,2400.0,2395.0,15239.0,18146.0,11516.0,0.0,0.0,2854.0,2393.0,2393.0,2395.0
0.0,39640.0,7184.0,7180.0,0.0,6782.0,1530.0,0.0,5252.0,2393.0,2392.0,2395.0,2401.0,2385.0,2398.0,12836.0,17683.0,9121.0,1530.0,0.0,5252.0,2393.0,2392.0,2395.0
0.0,32456.0,7201.0,7181.0,454.0,11131.0,3922.0,0.0,7209.0,2393.0,2393.0,2395.0,2392.0,2398.0,2411.0,10435.0,15298.0,6723.0,3922.0,0.0,7209.0,2393.0,2393.0,2395.0
0.0,25709.0,7238.0,7183.0,2854.0,14590.0,6339.0,1477.0,6774.0,2394.0,2393.0,2396.0,2412.0,2412.0,2414.0,8043.0,12900.0,4766.0,6339.0,1477.0,6774.0,2394.0,2393.0,2396.0
0.0,21325.0,7253.0,7185.0,6782.0,15071.0,7222.0,3902.0,3947.0,2394.0,2394.0,2397.0,2413.0,2420.0,2420.0,5631.0,10488.0,5206.0,7222.0,3902.0,3947.0,2394.0,2394.0,2397.0
0.0,20854.0,7239.0,7187.0,11131.0,12038.0,5718.0,6320.0,0.0,2395.0,2395.0,2397.0,2413.0,2413.0,2413.0,4748.0,8068.0,8038.0,5718.0,6320.0,0.0,2395.0,2395.0,2397.0
0.0,24746.0,7225.0,7189.0,14590.0,9038.0,1794.0,7244.0,0.0,2396.0,2395.0,2398.0,2410.0,2401.0,2414.0,6257.0,5655.0,12834.0,1794.0,7244.0,0.0,2396.0,2395.0,2398.0
0.0,32111.0,7202.0,7189.0,14297.0,5741.0,0.0,5741.0,0.0,2396.0,2395.0,2398.0,2408.0,2399.0,2395.0,10186.0,4731.0,17194.0,0.0,5741.0,0.0,2396.0,2395.0,2398.0
0.0,39206.0,7198.0,7190.0,12812.0,1835.0,0.0,1835.0,0.0,2396.0,2396.0,2398.0,2398.0,2409.0,2391.0,14226.0,6234.0,18746.0,0.0,1835.0,0.0,2396.0,2396.0,2398.0
0.0,44820.0,7207.0,7192.0,9038.0,0.0,0.0,0.0,0.0,2397.0,2396.0,2399.0,2392.0,2406.0,2409.0,18320.0,10145.0,16355.0,0.0,0.0,0.0,2397.0,2396.0,2399.0
0.0,46651.0,7226.0,7193.0,5560.0,466.0,0.0,0.0,466.0,2397.0,2397.0,2399.0,2405.0,2404.0,2417.0,17722.0,14983.0,13946.0,0.0,0.0,466.0,2397.0,2397.0,2399.0
0.0,44985.0,7253.0,7195.0,2016.0,2891.0,0.0,0.0,2891.0,2398.0,2397.0,2400.0,2420.0,2413.0,2420.0,15317.0,18139.0,11529.0,0.0,0.0,2891.0,2398.0,2397.0,2400.0
0.0,39748.0,7244.0,7196.0,0.0,6813.0,1508.0,0.0,5305.0,2398.0,2398.0,2400.0,2415.0,2415.0,2414.0,12897.0,17742.0,9109.0,1508.0,0.0,5305.0,2398.0,2398.0,2400.0
0.0,32504.0,7227.0,7198.0,466.0,11171.0,3915.0,0.0,7256.0,2399.0,2398.0,2401.0,2402.0,2413.0,2412.0,10482.0,15327.0,6695.0,3915.0,0.0,7256.0,2399.0,2398.0,2401.0
0.0,25743.0,7219.0,7199.0,2891.0,14580.0,6324.0,1491.0,6765.0,2399.0,2399.0,2401.0,2409.0,2410.0,2400.0,8080.0,12914.0,4749.0,6324.0,1491.0,6765.0,2399.0,2399.0,2401.0
0.0,21415.0,7197.0,7200.0,6813.0,14969.0,7211.0,3888.0,3870.0,2399.0,2399.0,2402.0,2395.0,2397.0,2405.0,5671.0,10504.0,5240.0,7211.0,3888.0,3870.0,2399.0,2399.0,2402.0
0.0,21031.0,7219.0,7200.0,11171.0,11985.0,5693.0,6292.0,0.0,2399.0,2399.0,2402.0,2397.0,2404.0,2418.0,4784.0,8107.0,8140.0,5693.0,6292.0,0.0,2399.0,2399.0,2402.0
0.0,24983.0,7241.0,7200.0,14580.0,8991.0,1780.0,7211.0,0.0,2399.0,2399.0,2402.0,2411.0,2410.0,2420.0,6302.0,5703.0,12978.0,1780.0,7211.0,0.0,2399.0,2399.0,2402.0
0.0,32322.0,7282.0,7203.0,14969.0,5757.0,0.0,5757.0,0.0,2400.0,2400.0,2403.0,2433.0,2429.0,2420.0,10215.0,4784.0,17323.0,0.0,5757.0,0.0,2400.0,2400.0,2403.0
0.0,40009.0,7278.0,7207.0,11985.0,1904.0,0.0,1904.0,0.0,2401.0,2402.0,2404.0,2429.0,2429.0,2420.0,14993.0,6243.0,18773.0,0.0,1904.0,0.0,2401.0,2402.0,2404.0
0.0,44716.0,7260.0,7208.0,8991.0,0.0,0.0,0.0,0.0,2402.0,2402.0,2404.0,2420.0,2420.0,2420.0,18257.0,10106.0,16353.0,0.0,0.0,0.0,2402.0,2402.0,2404.0
0.0,46447.0,7236.0,7209.0,5757.0,512.0,0.0,0.0,512.0,2402.0,2402.0,2405.0,2417.0,2399.0,2420.0,17617.0,14897.0,13933.0,0.0,0.0,512.0,2402.0,2402.0,2405.0
0.0,44968.0,7233.0,7209.0,1904.0,2929.0,0.0,0.0,2929.0,2402.0,2402.0,2405.0,2408.0,2408.0,2417.0,15200.0,18255.0,11513.0,0.0,0.0,2929.0,2402.0,2402.0,2405.0
0.0,39639.0,7210.0,7211.0,0.0,6947.0,1618.0,0.0,5329.0,2403.0,2403.0,2405.0,2395.0,2415.0,2400.0,12792.0,17751.0,9096.0,1618.0,0.0,5329.0,2403.0,2403.0,2405.0
0.0,32429.0,7262.0,7213.0,512.0,11278.0,4034.0,0.0,7244.0,2403.0,2404.0,2406.0,2416.0,2424.0,2422.0,10397.0,15336.0,6696.0,4034.0,0.0,7244.0,2403.0,2404.0,2406.0
0.0,25679.0,7256.0,7214.0,2929.0,14718.0,6463.0,1524.0,6731.0,2404.0,2404.0,2406.0,2424.0,2416.0,2416.0,7981.0,12912.0,4786.0,6463.0,1524.0,6731.0,2404.0,2404.0,2406.0
0.0,21352.0,7269.0,7217.0,6947.0,15055.0,7272.0,3946.0,3837.0,2405.0,2405.0,2407.0,2422.0,2417.0,2430.0,5557.0,10496.0,5299.0,7272.0,3946.0,3837.0,2405.0,2405.0,2407.0
0.0,21030.0,7277.0,7218.0,11278.0,12036.0,5660.0,6376.0,0.0,2405.0,2405.0,2408.0,2422.0,2430.0,2425.0,4753.0,8079.0,8198.0,5660.0,6376.0,0.0,2405.0,2405.0,2408.0
0.0,25031.0,7249.0,7220.0,14718.0,8889.0,1616.0,7273.0,0.0,2406.0,2406.0,2408.0,2414.0,2416.0,2419.0,6365.0,5649.0,13017.0,1616.0,7273.0,0.0,2406.0,2406.0,2408.0
0.0,32500.0,7236.0,7220.0,12914.0,5740.0,0.0,5740.0,0.0,2406.0,2406.0,2408.0,2409.0,2413.0,2414.0,10414.0,4757.0,17329.0,0.0,5740.0,0.0,2406.0,2406.0,2408.0
0.0,38178.0,7225.0,7220.0,11127.0,1778.0,0.0,1778.0,0.0,2406.0,2406.0,2408.0,2401.0,2414.0,2410.0,13136.0,6290.0,18752.0,0.0,1778.0,0.0,2406.0,2406.0,2408.0
0.0,42080.0,7258.0,7222.0,11939.0,0.0,0.0,0.0,0.0,2406.0,2407.0,2409.0,2426.0,2413.0,2419.0,15486.0,10252.0,16342.0,0.0,0.0,0.0,2406.0,2407.0,2409.0
0.0,46761.0,7306.0,7225.0,2701.0,557.0,0.0,0.0,557.0,2407.0,2408.0,2410.0,2437.0,2439.0,2430.0,17726.0,15112.0,13923.0,0.0,0.0,557.0,2407.0,2408.0,2410.0
0.0,42156.0,7275.0,7226.0,4817.0,2980.0,0.0,0.0,2980.0,2408.0,2408.0,2410.0,2425.0,2427.0,2423.0,15289.0,15374.0,11493.0,0.0,0.0,2980.0,2408.0,2408.0,2410.0
0.0,39698.0,7274.0,7228.0,0.0,7007.0,1597.0,0.0,5410.0,2408.0,2409.0,2411.0,2421.0,2428.0,2425.0,12864.0,17764.0,9070.0,1597.0,0.0,5410.0,2408.0,2409.0,2411.0
0.0,32424.0,7263.0,7229.0,557.0,11306.0,4023.0,0.0,7283.0,2409.0,2409.0,2411.0,2421.0,2412.0,2430.0,10443.0,15336.0,6645.0,4023.0,0.0,7283.0,2409.0,2409.0,2411.0
0.0,25718.0,7232.0,7229.0,2980.0,14679.0,6438.0,1527.0,6714.0,2409.0,2409.0,2411.0,2415.0,2406.0,2411.0,8022.0,12924.0,4772.0,6438.0,1527.0,6714.0,2409.0,2409.0,2411.0
0.0,21466.0,7238.0,7229.0,7007.0,14910.0,7255.0,3941.0,3714.0,2409.0,2409.0,2411.0,2414.0,2414.0,2410.0,5607.0,10518.0,5341.0,7255.0,3941.0,3714.0,2409.0,2409.0,2411.0
0.0,21235.0,7261.0,7232.0,11306.0,12028.0,5657.0,6371.0,0.0,2410.0,2410.0,2412.0,2420.0,2425.0,2416.0,4790.0,8104.0,8341.0,5657.0,6371.0,0.0,2410.0,2410.0,2412.0
0.0,25280.0,7297.0,7235.0,14679.0,8939.0,1656.0,7283.0,0.0,2411.0,2411.0,2413.0,2432.0,2434.0,2431.0,6393.0,5679.0,13208.0,1656.0,7283.0,0.0,2411.0,2411.0,2413.0
0.0,32662.0,7290.0,7237.0,14910.0,5770.0,0.0,5770.0,0.0,2411.0,2412.0,2414.0,2424.0,2423.0,2443.0,10399.0,4772.0,17491.0,0.0,5770.0,0.0,2411.0,2412.0,2414.0
0.0,40282.0,7276.0,7238.0,12028.0,1826.0,0.0,1826.0,0.0,2412.0,2412.0,2414.0,2422.0,2427.0,2427.0,15230.0,6290.0,18762.0,0.0,1826.0,0.0,2412.0,2412.0,2414.0
0.0,45034.0,7287.0,7239.0,8939.0,0.0,0.0,0.0,0.0,2412.0,2412.0,2415.0,2429.0,2423.0,2435.0,18465.0,10234.0,16335.0,0.0,0.0,0.0,2412.0,2412.0,2415.0
0.0,46686.0,7240.0,7240.0,5770.0,590.0,0.0,0.0,590.0,2412.0,2413.0,2415.0,2410.0,2415.0,2415.0,17692.0,15094.0,13900.0,0.0,0.0,590.0,2412.0,2413.0,2415.0
0.0,45216.0,7237.0,7240.0,1826.0,3002.0,0.0,0.0,3002.0,2412.0,2413.0,2415.0,2414.0,2411.0,2412.0,15282.0,18449.0,11485.0,0.0,0.0,3002.0,2412.0,2413.0,2415.0
0.0,39805.0,7269.0,7241.0,0.0,7047.0,1625.0,0.0,5422.0,2413.0,2413.0,2415.0,2428.0,2421.0,2420.0,12868.0,17864.0,9073.0,1625.0,0.0,5422.0,2413.0,2413.0,2415.0
0.0,32536.0,7294.0,7244.0,590.0,11335.0,4064.0,0.0,7271.0,2414.0,2414.0,2416.0,2434.0,2426.0,2434.0,10440.0,15443.0,6653.0,4064.0,0.0,7271.0,2414.0,2414.0,2416.0
0.0,25832.0,7304.0,7245.0,3002.0,14695.0,6491.0,1487.0,6717.0,2414.0,2414.0,2417.0,2427.0,2434.0,2443.0,8006.0,13017.0,4809.0,6491.0,1487.0,6717.0,2414.0,2414.0,2417.0
0.0,21530.0,7309.0,7247.0,7047.0,14967.0,7297.0,3935.0,3735.0,2415.0,2415.0,2417.0,2426.0,2443.0,2440.0,5579.0,10583.0,5368.0,7297.0,3935.0,3735.0,2415.0,2415.0,2417.0
0.0,21268.0,7258.0,7247.0,11335.0,12004.0,5657.0,6347.0,0.0,2415.0,2415.0,2417.0,2424.0,2412.0,2422.0,4778.0,8140.0,8350.0,5657.0,6347.0,0.0,2415.0,2415.0,2417.0
0.0,25345.0,7241.0,7247.0,14695.0,8857.0,1587.0,7270.0,0.0,2415.0,2415.0,2417.0,2421.0,2410.0,2410.0,6418.0,5728.0,13199.0,1587.0,7270.0,0.0,2415.0,2415.0,2417.0
0.0,32799.0,7249.0,7248.0,14146.0,5749.0,0.0,5749.0,0.0,2415.0,2415.0,2418.0,2417.0,2414.0,2418.0,10488.0,4805.0,17506.0,0.0,5749.0,0.0,2415.0,2415.0,2418.0
0.0,39696.0,7284.0,7250.0,12825.0,1838.0,0.0,1838.0,0.0,2416.0,2416.0,2418.0,2426.0,2431.0,2427.0,14547.0,6326.0,18823.0,0.0,1838.0,0.0,2416.0,2416.0,2418.0
0.0,45237.0,7314.0,7252.0,8857.0,0.0,0.0,0.0,0.0,2416.0,2417.0,2419.0,2441.0,2445.0,2428.0,18599.0,10242.0,16396.0,0.0,0.0,0.0,2416.0,2417.0,2419.0
0.0,46780.0,7308.0,7254.0,2803.0,565.0,0.0,0.0,565.0,2417.0,2418.0,2419.0,2433.0,2437.0,2438.0,17745.0,15067.0,13968.0,0.0,0.0,565.0,2417.0,2418.0,2419.0
0.0,42275.0,7300.0,7256.0,4784.0,3006.0,0.0,0.0,3006.0,2418.0,2418.0,2420.0,2432.0,2432.0,2436.0,15312.0,15433.0,11530.0,0.0,0.0,3006.0,2418.0,2418.0,2420.0
0.0,39759.0,7292.0,7256.0,0.0,7077.0,1647.0,0.0,5430.0,2418.0,2418.0,2420.0,2437.0,2431.0,2424.0,12880.0,17785.0,9094.0,1647.0,0.0,5430.0,2418.0,2418.0,2420.0
0.0,32467.0,7260.0,7257.0,565.0,11346.0,4070.0,0.0,7276.0,2418.0,2419.0,2420.0,2423.0,2426.0,2411.0,10443.0,15354.0,6670.0,4070.0,0.0,7276.0,2418.0,2419.0,2420.0
0.0,25772.0,7292.0,7258.0,3006.0,14804.0,6497.0,1603.0,6704.0,2419.0,2419.0,2420.0,2422.0,2436.0,2434.0,8020.0,12928.0,4824.0,6497.0,1603.0,6704.0,2419.0,2419.0,2420.0
0.0,21486.0,7294.0,7260.0,7077.0,15031.0,7274.0,4039.0,3718.0,2419.0,2420.0,2421.0,2424.0,2431.0,2439.0,5598.0,10492.0,5396.0,7274.0,4039.0,3718.0,2419.0,2420.0,2421.0
0.0,21269.0,7333.0,7263.0,11346.0,12136.0,5653.0,6483.0,0.0,2420.0,2421.0,2422.0,2444.0,2439.0,2450.0,4821.0,8061.0,8387.0,5653.0,6483.0,0.0,2420.0,2421.0,2422.0
0.0,25282.0,7313.0,7265.0,14804.0,8914.0,1601.0,7313.0,0.0,2421.0,2421.0,2423.0,2440.0,2433.0,2440.0,6447.0,5622.0,13213.0,1601.0,7313.0,0.0,2421.0,2421.0,2423.0
0.0,32773.0,7318.0,7266.0,15031.0,5725.0,0.0,5725.0,0.0,2421.0,2422.0,2423.0,2431.0,2446.0,2441.0,10504.0,4792.0,17477.0,0.0,5725.0,0.0,2421.0,2422.0,2423.0
0.0,40486.0,7296.0,7267.0,12136.0,1671.0,0.0,1671.0,0.0,2422.0,2422.0,2423.0,2441.0,2429.0,2426.0,15347.0,6385.0,18754.0,0.0,1671.0,0.0,2422.0,2422.0,2423.0
0.0,45326.0,7277.0,7268.0,8914.0,0.0,0.0,0.0,0.0,2422.0,2422.0,2424.0,2431.0,2420.0,2426.0,18559.0,10439.0,16328.0,0.0,0.0,0.0,2422.0,2422.0,2424.0
0.0,46963.0,7270.0,7268.0,5725.0,646.0,0.0,0.0,646.0,2422.0,2422.0,2424.0,2422.0,2420.0,2428.0,17729.0,15332.0,13902.0,0.0,0.0,646.0,2422.0,2422.0,2424.0
0.0,45418.0,7328.0,7271.0,1671.0,3097.0,0.0,0.0,3097.0,2423.0,2423.0,2425.0,2440.0,2442.0,2446.0,15307.0,18637.0,11474.0,0.0,0.0,3097.0,2423.0,2423.0,2425.0
0.0,39761.0,7353.0,7274.0,0.0,7258.0,1706.0,0.0,5552.0,2424.0,2424.0,2426.0,2453.0,2450.0,2450.0,12867.0,17866.0,9028.0,1706.0,0.0,5552.0,2424.0,2424.0,2426.0
0.0,32408.0,7337.0,7276.0,646.0,11506.0,4157.0,0.0,7349.0,2425.0,2425.0,2426.0,2446.0,2448.0,2443.0,10414.0,15416.0,6578.0,4157.0,0.0,7349.0,2425.0,2425.0,2426.0
0.0,25717.0,7311.0,7276.0,3097.0,14877.0,6590.0,1596.0,6691.0,2425.0,2425.0,2426.0,2433.0,2439.0,2439.0,7968.0,12968.0,4781.0,6590.0,1596.0,6691.0,2425.0,2425.0,2426.0
0.0,21503.0,7298.0,7278.0,7258.0,14927.0,7318.0,4036.0,3573.0,2425.0,2426.0,2427.0,2434.0,2435.0,2429.0,5535.0,10529.0,5439.0,7318.0,4036.0,3573.0,2425.0,2426.0,2427.0
0.0,21463.0,7296.0,7278.0,11506.0,12062.0,5594.0,6468.0,0.0,2425.0,2426.0,2427.0,2433.0,2432.0,2431.0,4807.0,8094.0,8562.0,5594.0,6468.0,0.0,2425.0,2426.0,2427.0
0.0,25673.0,7296.0,7278.0,14877.0,8736.0,1426.0,7310.0,0.0,2425.0,2426.0,2427.0,2422.0,2438.0,2436.0,6531.0,5662.0,13480.0,1426.0,7310.0,0.0,2425.0,2426.0,2427.0
0.0,33254.0,7337.0,7281.0,13590.0,5723.0,0.0,5723.0,0.0,2426.0,2427.0,2428.0,2450.0,2444.0,2443.0,10699.0,4820.0,17735.0,0.0,5723.0,0.0,2426.0,2427.0,2428.0
0.0,39507.0,7320.0,7282.0,10397.0,1696.0,0.0,1696.0,0.0,2427.0,2427.0,2428.0,2439.0,2441.0,2440.0,14230.0,6412.0,18865.0,0.0,1696.0,0.0,2427.0,2427.0,2428.0
0.0,42584.0,7344.0,7285.0,11738.0,0.0,0.0,0.0,0.0,2428.0,2428.0,2429.0,2448.0,2447.0,2449.0,15720.0,10439.0,16425.0,0.0,0.0,0.0,2428.0,2428.0,2429.0
0.0,46978.0,7323.0,7286.0,5246.0,609.0,0.0,0.0,609.0,2428.0,2429.0,2429.0,2434.0,2449.0,2440.0,17700.0,15302.0,13976.0,0.0,0.0,609.0,2428.0,2429.0,2429.0
0.0,44901.0,7310.0,7287.0,2173.0,3049.0,0.0,0.0,3049.0,2428.0,2429.0,2430.0,2433.0,2442.0,2435.0,15266.0,18099.0,11536.0,0.0,0.0,3049.0,2428.0,2429.0,2430.0
0.0,39764.0,7290.0,7287.0,0.0,7217.0,1744.0,0.0,5473.0,2428.0,2429.0,2430.0,2437.0,2429.0,2424.0,12833.0,17830.0,9101.0,1744.0,0.0,5473.0,2428.0,2429.0,2430.0
0.0,32474.0,7288.0,7288.0,609.0,11479.0,4177.0,0.0,7302.0,2429.0,2429.0,2430.0,2428.0,2422.0,2438.0,10396.0,15401.0,6677.0,4177.0,0.0,7302.0,2429.0,2429.0,2430.0
0.0,25795.0,7316.0,7288.0,3049.0,14912.0,6616.0,1600.0,6696.0,2429.0,2429.0,2430.0,2439.0,2434.0,2443.0,7968.0,12979.0,4848.0,6616.0,1600.0,6696.0,2429.0,2429.0,2430.0
0.0,21528.0,7343.0,7291.0,7217.0,15053.0,7332.0,4056.0,3665.0,2430.0,2430.0,2431.0,2455.0,2451.0,2437.0,5529.0,10545.0,5454.0,7332.0,4056.0,3665.0,2430.0,2430.0,2431.0
0.0,21402.0,7355.0,7294.0,11479.0,12122.0,5605.0,6517.0,0.0,2431.0,2431.0,2432.0,2445.0,2456.0,2454.0,4818.0,8094.0,8490.0,5605.0,6517.0,0.0,2431.0,2431.0,2432.0
0.0,25526.0,7342.0,7295.0,14912.0,8803.0,1434.0,7369.0,0.0,2431.0,2432.0,2432.0,2445.0,2447.0,2450.0,6550.0,5638.0,13338.0,1434.0,7369.0,0.0,2431.0,2432.0,2432.0
0.0,33096.0,7330.0,7295.0,15053.0,5753.0,0.0,5753.0,0.0,2431.0,2432.0,2432.0,2447.0,2440.0,2443.0,10721.0,4791.0,17584.0,0.0,5753.0,0.0,2431.0,2432.0,2432.0
0.0,40819.0,7310.0,7297.0,12122.0,1664.0,0.0,1664.0,0.0,2432.0,2432.0,2433.0,2435.0,2428.0,2447.0,15606.0,6407.0,18806.0,0.0,1664.0,0.0,2432.0,2432.0,2433.0
0.0,45631.0,7315.0,7297.0,8803.0,0.0,0.0,0.0,0.0,2432.0,2432.0,2433.0,2432.0,2440.0,2443.0,18776.0,10496.0,16359.0,0.0,0.0,0.0,2432.0,2432.0,2433.0
0.0,47119.0,7329.0,7298.0,5753.0,686.0,0.0,0.0,686.0,2432.0,2433.0,2433.0,2443.0,2449.0,2437.0,17778.0,15425.0,13916.0,0.0,0.0,686.0,2432.0,2433.0,2433.0
0.0,45543.0,7353.0,7301.0,1664.0,3135.0,0.0,0.0,3135.0,2433.0,2434.0,2434.0,2458.0,2451.0,2444.0,15335.0,18729.0,11479.0,0.0,0.0,3135.0,2433.0,2434.0,2434.0
0.0,39854.0,7352.0,7303.0,0.0,7336.0,1743.0,0.0,5593.0,2434.0,2434.0,2435.0,2450.0,2449.0,2453.0,12877.0,17942.0,9035.0,1743.0,0.0,5593.0,2434.0,2434.0,2435.0
0.0,32502.0,7350.0,7305.0,686.0,11555.0,4189.0,0.0,7366.0,2434.0,2435.0,2436.0,2446.0,2450.0,2454.0,10427.0,15493.0,6582.0,4189.0,0.0,7366.0,2434.0,2435.0,2436.0
0.0,25838.0,7327.0,7305.0,3135.0,14879.0,6629.0,1575.0,6675.0,2434.0,2435.0,2436.0,2440.0,2443.0,2444.0,7981.0,13043.0,4814.0,6629.0,1575.0,6675.0,2434.0,2435.0,2436.0
0.0,21646.0,7325.0,7306.0,7336.0,14873.0,7337.0,4015.0,3521.0,2435.0,2435.0,2436.0,2446.0,2440.0,2439.0,5541.0,10600.0,5505.0,7337.0,4015.0,3521.0,2435.0,2435.0,2436.0
0.0,21657.0,7301.0,7306.0,11555.0,12028.0,5580.0,6448.0,0.0,2435.0,2435.0,2436.0,2432.0,2433.0,2436.0,4838.0,8160.0,8659.0,5580.0,6448.0,0.0,2435.0,2435.0,2436.0
0.0,25911.0,7365.0,7307.0,14879.0,8737.0,1405.0,7332.0,0.0,2435.0,2436.0,2436.0,2454.0,2454.0,2457.0,6595.0,5727.0,13589.0,1405.0,7332.0,0.0,2435.0,2436.0,2436.0
0.0,33425.0,7378.0,7310.0,13758.0,5780.0,0.0,5780.0,0.0,2436.0,2437.0,2437.0,2462.0,2458.0,2458.0,10770.0,4848.0,17807.0,0.0,5780.0,0.0,2436.0,2437.0,2437.0
0.0,39805.0,7376.0,7313.0,13143.0,1795.0,0.0,1795.0,0.0,2437.0,2438.0,2438.0,2461.0,2458.0,2457.0,14530.0,6405.0,18870.0,0.0,1795.0,0.0,2437.0,2438.0,2438.0
0.0,45572.0,7374.0,7315.0,8737.0,0.0,0.0,0.0,0.0,2438.0,2438.0,2439.0,2454.0,2461.0,2459.0,18764.0,10395.0,16413.0,0.0,0.0,0.0,2438.0,2438.0,2439.0
0.0,46935.0,7341.0,7316.0,2765.0,689.0,0.0,0.0,689.0,2438.0,2439.0,2439.0,2446.0,2447.0,2448.0,17715.0,15266.0,13954.0,0.0,0.0,689.0,2438.0,2439.0,2439.0
0.0,42359.0,7336.0,7317.0,4810.0,3138.0,0.0,0.0,3138.0,2439.0,2439.0,2439.0,2455.0,2432.0,2449.0,15269.0,15584.0,11506.0,0.0,0.0,3138.0,2439.0,2439.0,2439.0
0.0,39833.0,7320.0,7317.0,0.0,7397.0,1825.0,0.0,5572.0,2439.0,2439.0,2439.0,2444.0,2442.0,2434.0,12814.0,17962.0,9057.0,1825.0,0.0,5572.0,2439.0,2439.0,2439.0
0.0,32513.0,7368.0,7320.0,689.0,11625.0,4283.0,0.0,7342.0,2440.0,2440.0,2440.0,2453.0,2461.0,2454.0,10370.0,15520.0,6623.0,4283.0,0.0,7342.0,2440.0,2440.0,2440.0
0.0,25834.0,7368.0,7320.0,3138.0,14996.0,6740.0,1595.0,6661.0,2440.0,2440.0,2440.0,2457.0,2454.0,2457.0,7917.0,13059.0,4858.0,6740.0,1595.0,6661.0,2440.0,2440.0,2440.0
0.0,21604.0,7372.0,7323.0,7397.0,14986.0,7371.0,4061.0,3554.0,2441.0,2441.0,2441.0,2451.0,2461.0,2460.0,5460.0,10605.0,5539.0,7371.0,4061.0,3554.0,2441.0,2441.0,2441.0
0.0,21629.0,7374.0,7326.0,11625.0,12072.0,5553.0,6519.0,0.0,2442.0,2442.0,2442.0,2460.0,2453.0,2461.0,4834.0,8144.0,8651.0,5553.0,6519.0,0.0,2442.0,2442.0,2442.0
0.0,25880.0,7351.0,7326.0,14996.0,8635.0,1264.0,7371.0,0.0,2442.0,2442.0,2442.0,2451.0,2447.0,2453.0,6657.0,5691.0,13532.0,1264.0,7371.0,0.0,2442.0,2442.0,2442.0
0.0,33525.0,7335.0,7327.0,14986.0,5752.0,0.0,5752.0,0.0,2442.0,2442.0,2443.0,2449.0,2442.0,2444.0,10946.0,4839.0,17740.0,0.0,5752.0,0.0,2442.0,2442.0,2443.0
0.0,41176.0,7364.0,7327.0,12072.0,1693.0,0.0,1693.0,0.0,2442.0,2442.0,2443.0,2449.0,2460.0,2455.0,15868.0,6458.0,18850.0,0.0,1693.0,0.0,2442.0,2442.0,2443.0
0.0,45884.0,7347.0,7329.0,8635.0,0.0,0.0,0.0,0.0,2443.0,2443.0,2443.0,2452.0,2445.0,2450.0,18972.0,10517.0,16395.0,0.0,0.0,0.0,2443.0,2443.0,2443.0
0.0,47172.0,7400.0,7332.0,5752.0,760.0,0.0,0.0,760.0,2444.0,2443.0,2445.0,2469.0,2451.0,2480.0,17784.0,15443.0,13945.0,0.0,0.0,760.0,2444.0,2443.0,2445.0
0.0,45524.0,7379.0,7333.0,1693.0,3220.0,0.0,0.0,3220.0,2444.0,2444.0,2445.0,2460.0,2459.0,2460.0,15315.0,18744.0,11465.0,0.0,0.0,3220.0,2444.0,2444.0,2445.0
0.0,39838.0,7382.0,7335.0,0.0,7510.0,1829.0,0.0,5681.0,2445.0,2444.0,2446.0,2459.0,2467.0,2456.0,12855.0,17978.0,9005.0,1829.0,0.0,5681.0,2445.0,2444.0,2446.0
0.0,32456.0,7357.0,7335.0,760.0,11664.0,4290.0,0.0,7374.0,2445.0,2444.0,2446.0,2461.0,2443.0,2453.0,10396.0,15511.0,6549.0,4290.0,0.0,7374.0,2445.0,2444.0,2446.0
0.0,25859.0,7348.0,7337.0,3220.0,14954.0,6746.0,1609.0,6599.0,2446.0,2445.0,2446.0,2451.0,2452.0,2445.0,7935.0,13068.0,4856.0,6746.0,1609.0,6599.0,2446.0,2445.0,2446.0
0.0,21731.0,7329.0,7337.0,7510.0,14773.0,7364.0,4043.0,3366.0,2446.0,2445.0,2446.0,2447.0,2434.0,2448.0,5484.0,10616.0,5631.0,7364.0,4043.0,3366.0,2446.0,2445.0,2446.0
0.0,21912.0,7379.0,7338.0,11664.0,12036.0,5533.0,6503.0,0.0,2446.0,2445.0,2447.0,2459.0,2460.0,2460.0,4866.0,8182.0,8864.0,5533.0,6503.0,0.0,2446.0,2445.0,2447.0
0.0,26197.0,7402.0,7340.0,14954.0,8627.0,1262.0,7365.0,0.0,2447.0,2446.0,2447.0,2470.0,2466.0,2466.0,6697.0,5722.0,13778.0,1262.0,7365.0,0.0,2447.0,2446.0,2447.0
0.0,33749.0,7422.0,7343.0,12921.0,5804.0,0.0,5804.0,0.0,2448.0,2447.0,2448.0,2471.0,2477.0,2474.0,10973.0,4865.0,17911.0,0.0,5804.0,0.0,2448.0,2447.0,2448.0
0.0,39248.0,7395.0,7345.0,10880.0,1768.0,0.0,1768.0,0.0,2448.0,2448.0,2449.0,2460.0,2462.0,2473.0,14014.0,6431.0,18803.0,0.0,1768.0,0.0,2448.0,2448.0,2449.0
0.0,42733.0,7376.0,7345.0,11635.0,0.0,0.0,0.0,0.0,2448.0,2448.0,2449.0,2459.0,2454.0,2463.0,15931.0,10472.0,16330.0,0.0,0.0,0.0,2448.0,2448.0,2449.0
0.0,46992.0,7359.0,7345.0,2788.0,827.0,0.0,0.0,827.0,2448.0,2448.0,2449.0,2454.0,2456.0,2449.0,17742.0,15383.0,13867.0,0.0,0.0,827.0,2448.0,2448.0,2449.0
0.0,42421.0,7346.0,7346.0,4784.0,3276.0,0.0,0.0,3276.0,2449.0,2448.0,2449.0,2443.0,2454.0,2449.0,15288.0,15715.0,11418.0,0.0,0.0,3276.0,2449.0,2448.0,2449.0
0.0,39859.0,7396.0,7348.0,0.0,7608.0,1861.0,0.0,5747.0,2449.0,2449.0,2450.0,2461.0,2469.0,2466.0,12845.0,18045.0,8969.0,1861.0,0.0,5747.0,2449.0,2449.0,2450.0
0.0,32463.0,7401.0,7350.0,827.0,11728.0,4343.0,0.0,7385.0,2450.0,2449.0,2451.0,2477.0,2464.0,2460.0,10384.0,15576.0,6503.0,4343.0,0.0,7385.0,2450.0,2449.0,2451.0
0.0,25889.0,7413.0,7352.0,3276.0,15008.0,6821.0,1605.0,6582.0,2451.0,2450.0,2451.0,2473.0,2467.0,2473.0,7907.0,13112.0,4870.0,6821.0,1605.0,6582.0,2451.0,2450.0,2451.0
0.0,21752.0,7384.0,7353.0,7608.0,14789.0,7413.0,4073.0,3303.0,2451.0,2450.0,2452.0,2453.0,2468.0,2463.0,5434.0,10645.0,5673.0,7413.0,4073.0,3303.0,2451.0,2450.0,2452.0
0.0,21976.0,7373.0,7355.0,11728.0,12082.0,5539.0,6543.0,0.0,2452.0,2451.0,2452.0,2464.0,2465.0,2444.0,4842.0,8177.0,8957.0,5539.0,6543.0,0.0,2452.0,2451.0,2452.0
0.0,26331.0,7375.0,7355.0,15008.0,8573.0,1177.0,7396.0,0.0,2452.0,2451.0,2452.0,2459.0,2458.0,2458.0,6721.0,5712.0,13898.0,1177.0,7396.0,0.0,2452.0,2451.0,2452.0
0.0,33964.0,7338.0,7355.0,14789.0,5771.0,0.0,5771.0,0.0,2452.0,2451.0,2452.0,2439.0,2448.0,2451.0,11083.0,4859.0,18022.0,0.0,5771.0,0.0,2452.0,2451.0,2452.0
0.0,41415.0,7393.0,7356.0,12082.0,1694.0,0.0,1694.0,0.0,2452.0,2451.0,2453.0,2463.0,2466.0,2464.0,16057.0,6484.0,18874.0,0.0,1694.0,0.0,2452.0,2451.0,2453.0
0.0,46104.0,7426.0,7359.0,8573.0,0.0,0.0,0.0,0.0,2453.0,2452.0,2454.0,2476.0,2472.0,2478.0,19133.0,10561.0,16410.0,0.0,0.0,0.0,2453.0,2452.0,2454.0
0.0,47251.0,7447.0,7362.0,5771.0,817.0,0.0,0.0,817.0,2454.0,2454.0,2454.0,2479.0,2489.0,2479.0,17834.0,15485.0,13932.0,0.0,0.0,817.0,2454.0,2454.0,2454.0
0.0,45575.0,7392.0,7364.0,1694.0,3289.0,0.0,0.0,3289.0,2455.0,2454.0,2455.0,2459.0,2466.0,2467.0,15355.0,18767.0,11453.0,0.0,0.0,3289.0,2455.0,2454.0,2455.0
0.0,39877.0,7384.0,7364.0,0.0,7596.0,1843.0,0.0,5753.0,2455.0,2454.0,2455.0,2464.0,2456.0,2464.0,12896.0,17995.0,8986.0,1843.0,0.0,5753.0,2455.0,2454.0,2455.0
0.0,32493.0,7369.0,7364.0,817.0,11693.0,4303.0,0.0,7390.0,2455.0,2454.0,2455.0,2460.0,2455.0,2454.0,10432.0,15539.0,6522.0,4303.0,0.0,7390.0,2455.0,2454.0,2455.0
0.0,25941.0,7363.0,7365.0,3289.0,14958.0,6749.0,1644.0,6565.0,2455.0,2454.0,2456.0,2446.0,2458.0,2459.0,7972.0,13084.0,4885.0,6749.0,1644.0,6565.0,2455.0,2454.0,2456.0
0.0,21867.0,7408.0,7367.0,7596.0,14780.0,7382.0,4117.0,3281.0,2456.0,2455.0,2456.0,2471.0,2468.0,2469.0,5526.0,10626.0,5715.0,7382.0,4117.0,3281.0,2456.0,2455.0,2456.0
0.0,22055.0,7426.0,7369.0,11693.0,12144.0,5560.0,6584.0,0.0,2456.0,2456.0,2457.0,2481.0,2462.0,2483.0,4898.0,8158.0,8999.0,5560.0,6584.0,0.0,2456.0,2456.0,2457.0
0.0,26322.0,7417.0,7370.0,14958.0,8700.0,1290.0,7410.0,0.0,2457.0,2456.0,2457.0,2474.0,2470.0,2473.0,6720.0,5696.0,13906.0,1290.0,7410.0,0.0,2457.0,2456.0,2457.0
0.0,33863.0,7418.0,7373.0,13624.0,5766.0,0.0,5766.0,0.0,2458.0,2457.0,2458.0,2476.0,2468.0,2474.0,10995.0,4870.0,17998.0,0.0,5766.0,0.0,2458.0,2457.0,2458.0
0.0,40069.0,7426.0,7374.0,13300.0,1663.0,0.0,1663.0,0.0,2458.0,2457.0,2459.0,2477.0,2481.0,2468.0,14745.0,6519.0,18805.0,0.0,1663.0,0.0,2458.0,2457.0,2459.0
0.0,45943.0,7392.0,7375.0,8700.0,0.0,0.0,0.0,0.0,2458.0,2458.0,2459.0,2461.0,2466.0,2465.0,18984.0,10622.0,16337.0,0.0,0.0,0.0,2458.0,2458.0,2459.0
0.0,47251.0,7374.0,7376.0,3374.0,887.0,0.0,0.0,887.0,2459.0,2458.0,2459.0,2451.0,2459.0,2464.0,17813.0,15566.0,13872.0,0.0,0.0,887.0,2459.0,2458.0,2459.0
0.0,43251.0,7399.0,7376.0,4055.0,3352.0,0.0,0.0,3352.0,2459.0,2458.0,2459.0,2471.0,2463.0,2465.0,15362.0,16481.0,11408.0,0.0,0.0,3352.0,2459.0,2458.0,2459.0
0.0,39907.0,7441.0,7379.0,0.0,7736.0,1904.0,0.0,5832.0,2460.0,2459.0,2460.0,2495.0,2471.0,2475.0,12891.0,18073.0,8943.0,1904.0,0.0,5832.0,2460.0,2459.0,2460.0
0.0,32466.0,7442.0,7382.0,887.0,11814.0,4390.0,0.0,7424.0,2461.0,2460.0,2461.0,2481.0,2487.0,2474.0,10396.0,15602.0,6468.0,4390.0,0.0,7424.0,2461.0,2460.0,2461.0
0.0,25911.0,7422.0,7382.0,3352.0,15069.0,6859.0,1665.0,6545.0,2461.0,2460.0,2461.0,2469.0,2480.0,2473.0,7915.0,13115.0,4881.0,6859.0,1665.0,6545.0,2461.0,2460.0,2461.0
0.0,21841.0,7414.0,7383.0,7736.0,14752.0,7421.0,4135.0,3196.0,2461.0,2460.0,2462.0,2466.0,2470.0,2478.0,5446.0,10635.0,5760.0,7421.0,4135.0,3196.0,2461.0,2460.0,2462.0
0.0,22163.0,7405.0,7384.0,11814.0,12097.0,5506.0,6591.0,0.0,2462.0,2460.0,2462.0,2470.0,2456.0,2479.0,4884.0,8165.0,9114.0,5506.0,6591.0,0.0,2462.0,2460.0,2462.0
0.0,26572.0,7394.0,7385.0,15069.0,8501.0,1103.0,7398.0,0.0,2462.0,2461.0,2462.0,2456.0,2467.0,2471.0,6804.0,5709.0,14059.0,1103.0,7398.0,0.0,2462.0,2461.0,2462.0
0.0,34247.0,7426.0,7386.0,14752.0,5738.0,0.0,5738.0,0.0,2462.0,2461.0,2463.0,2476.0,2475.0,2475.0,11207.0,4907.0,18133.0,0.0,5738.0,0.0,2462.0,2461.0,2463.0
0.0,41573.0,7454.0,7388.0,12097.0,1639.0,0.0,1639.0,0.0,2463.0,2462.0,2463.0,2486.0,2487.0,2481.0,16152.0,6567.0,18854.0,0.0,1639.0,0.0,2463.0,2462.0,2463.0
0.0,46216.0,7446.0,7391.0,8501.0,0.0,0.0,0.0,0.0,2464.0,2463.0,2464.0,2484.0,2484.0,2478.0,19172.0,10671.0,16373.0,0.0,0.0,0.0,2464.0,2463.0,2464.0
0.0,47271.0,7424.0,7392.0,5738.0,909.0,0.0,0.0,909.0,2464.0,2463.0,2465.0,2475.0,2470.0,2479.0,17791.0,15585.0,13895.0,0.0,0.0,909.0,2464.0,2463.0,2465.0
0.0,45585.0,7438.0,7394.0,1639.0,3383.0,0.0,0.0,3383.0,2465.0,2464.0,2465.0,2487.0,2477.0,2474.0,15316.0,18853.0,11416.0,0.0,0.0,3383.0,2465.0,2464.0,2465.0
0.0,39786.0,7412.0,7394.0,0.0,7824.0,1969.0,0.0,5855.0,2465.0,2464.0,2465.0,2473.0,2467.0,2472.0,12829.0,18015.0,8942.0,1969.0,0.0,5855.0,2465.0,2464.0,2465.0
0.0,32374.0,7418.0,7394.0,909.0,11858.0,4446.0,0.0,7412.0,2465.0,2464.0,2465.0,2477.0,2475.0,2466.0,10356.0,15548.0,6470.0,4446.0,0.0,7412.0,2465.0,2464.0,2465.0
0.0,25865.0,7428.0,7397.0,3383.0,15165.0,6931.0,1730.0,6504.0,2466.0,2465.0,2466.0,2480.0,2478.0,2470.0,7879.0,13073.0,4913.0,6931.0,1730.0,6504.0,2466.0,2465.0,2466.0
0.0,21820.0,7453.0,7398.0,7824.0,14799.0,7462.0,4210.0,3127.0,2467.0,2465.0,2466.0,2495.0,2480.0,2478.0,5399.0,10595.0,5826.0,7462.0,4210.0,3127.0,2467.0,2465.0,2466.0
0.0,22191.0,7457.0,7400.0,11858.0,12197.0,5499.0,6698.0,0.0,2467.0,2466.0,2467.0,2483.0,2483.0,2491.0,4873.0,8115.0,9203.0,5499.0,6698.0,0.0,2467.0,2466.0,2467.0
0.0,26592.0,7445.0,7403.0,15165.0,8511.0,1054.0,7457.0,0.0,2468.0,2467.0,2468.0,2481.0,2484.0,2480.0,6836.0,5632.0,14124.0,1054.0,7457.0,0.0,2468.0,2467.0,2468.0
0.0,34312.0,7438.0,7402.0,11688.0,5725.0,0.0,5725.0,0.0,2468.0,2467.0,2467.0,2482.0,2478.0,2478.0,11286.0,4878.0,18148.0,0.0,5725.0,0.0,2468.0,2467.0,2467.0
0.0,38562.0,7410.0,7403.0,12392.0,1498.0,0.0,1498.0,0.0,2468.0,2467.0,2468.0,2471.0,2471.0,2468.0,13155.0,6610.0,18797.0,0.0,1498.0,0.0,2468.0,2467.0,2468.0
0.0,43544.0,7410.0,7403.0,11227.0,0.0,0.0,0.0,0.0,2468.0,2467.0,2468.0,2464.0,2473.0,2473.0,16378.0,10837.0,16329.0,0.0,0.0,0.0,2468.0,2467.0,2468.0
0.0,47361.0,7424.0,7405.0,2810.0,960.0,0.0,0.0,960.0,2469.0,2468.0,2468.0,2477.0,2471.0,2476.0,17884.0,15621.0,13856.0,0.0,0.0,960.0,2469.0,2468.0,2468.0
0.0,42747.0,7480.0,7408.0,4613.0,3451.0,0.0,0.0,3451.0,2470.0,2469.0,2469.0,2500.0,2494.0,2486.0,15407.0,15960.0,11380.0,0.0,0.0,3451.0,2470.0,2469.0,2469.0
0.0,39880.0,7491.0,7411.0,0.0,7899.0,1944.0,0.0,5955.0,2471.0,2470.0,2470.0,2496.0,2496.0,2499.0,12907.0,18079.0,8894.0,1944.0,0.0,5955.0,2471.0,2470.0,2470.0
0.0,32389.0,7458.0,7412.0,960.0,11920.0,4425.0,0.0,7495.0,2471.0,2470.0,2471.0,2481.0,2482.0,2495.0,10411.0,15583.0,6395.0,4425.0,0.0,7495.0,2471.0,2470.0,2471.0
0.0,25891.0,7413.0,7412.0,3451.0,15131.0,6914.0,1712.0,6505.0,2471.0,2470.0,2471.0,2489.0,2463.0,2461.0,7930.0,13101.0,4860.0,6914.0,1712.0,6505.0,2471.0,2470.0,2471.0
0.0,21929.0,7432.0,7413.0,7899.0,14669.0,7454.0,4193.0,3022.0,2472.0,2470.0,2471.0,2479.0,2481.0,2472.0,5441.0,10638.0,5850.0,7454.0,4193.0,3022.0,2472.0,2470.0,2471.0
0.0,22396.0,7416.0,7414.0,11920.0,12177.0,5497.0,6680.0,0.0,2472.0,2471.0,2471.0,2468.0,2482.0,2466.0,4906.0,8157.0,9333.0,5497.0,6680.0,0.0,2472.0,2471.0,2471.0
0.0,26900.0,7449.0,7415.0,15131.0,8528.0,1066.0,7462.0,0.0,2472.0,2472.0,2471.0,2483.0,2489.0,2477.0,6863.0,5675.0,14362.0,1066.0,7462.0,0.0,2472.0,2472.0,2471.0
0.0,34582.0,7471.0,7417.0,14669.0,5747.0,0.0,5747.0,0.0,2473.0,2472.0,2472.0,2499.0,2478.0,2494.0,11294.0,4898.0,18390.0,0.0,5747.0,0.0,2473.0,2472.0,2472.0
0.0,41780.0,7482.0,7420.0,12177.0,1558.0,0.0,1558.0,0.0,2474.0,2473.0,2473.0,2494.0,2486.0,2502.0,16249.0,6613.0,18918.0,0.0,1558.0,0.0,2474.0,2473.0,2473.0
0.0,46475.0,7470.0,7421.0,8528.0,0.0,0.0,0.0,0.0,2475.0,2473.0,2473.0,2487.0,2492.0,2491.0,19252.0,10807.0,16416.0,0.0,0.0,0.0,2475.0,2473.0,2473.0
0.0,47533.0,7454.0,7422.0,5747.0,926.0,0.0,0.0,926.0,2475.0,2473.0,2474.0,2488.0,2485.0,2481.0,17831.0,15777.0,13925.0,0.0,0.0,926.0,2475.0,2473.0,2474.0
0.0,45826.0,7453.0,7423.0,1558.0,3407.0,0.0,0.0,3407.0,2475.0,2474.0,2474.0,2482.0,2490.0,2481.0,15343.0,19039.0,11444.0,0.0,0.0,3407.0,2475.0,2474.0,2474.0
0.0,39931.0,7422.0,7423.0,0.0,7875.0,1988.0,0.0,5887.0,2475.0,2474.0,2474.0,2474.0,2468.0,2480.0,12861.0,18107.0,8963.0,1988.0,0.0,5887.0,2475.0,2474.0,2474.0
0.0,32509.0,7445.0,7425.0,926.0,11919.0,4474.0,0.0,7445.0,2476.0,2474.0,2475.0,2481.0,2485.0,2479.0,10387.0,15639.0,6483.0,4474.0,0.0,7445.0,2476.0,2474.0,2475.0
0.0,25990.0,7501.0,7427.0,3407.0,15239.0,6973.0,1724.0,6542.0,2476.0,2475.0,2476.0,2499.0,2503.0,2499.0,7906.0,13154.0,4930.0,6973.0,1724.0,6542.0,2476.0,2475.0,2476.0
0.0,21896.0,7504.0,7431.0,7875.0,14888.0,7489.0,4238.0,3161.0,2478.0,2476.0,2477.0,2494.0,2509.0,2501.0,5407.0,10651.0,5838.0,7489.0,4238.0,3161.0,2478.0,2476.0,2477.0
0.0,22267.0,7461.0,7432.0,11919.0,12230.0,5496.0,6734.0,0.0,2478.0,2477.0,2477.0,2481.0,2491.0,2489.0,4901.0,8142.0,9224.0,5496.0,6734.0,0.0,2478.0,2477.0,2477.0
0.0,26725.0,7465.0,7432.0,15193.0,8554.0,1060.0,7494.0,0.0,2478.0,2477.0,2477.0,2491.0,2484.0,2490.0,6894.0,5651.0,14180.0,1060.0,7494.0,0.0,2478.0,2477.0,2477.0
0.0,34453.0,7433.0,7432.0,13505.0,5731.0,0.0,5731.0,0.0,2478.0,2477.0,2477.0,2483.0,2475.0,2475.0,11330.0,4891.0,18232.0,0.0,5731.0,0.0,2478.0,2477.0,2477.0
0.0,40525.0,7443.0,7433.0,13659.0,1482.0,0.0,1482.0,0.0,2479.0,2477.0,2477.0,2476.0,2485.0,2482.0,14953.0,6654.0,18918.0,0.0,1482.0,0.0,2479.0,2477.0,2477.0
0.0,46741.0,7483.0,7435.0,8554.0,0.0,0.0,0.0,0.0,2479.0,2478.0,2478.0,2499.0,2487.0,2497.0,19402.0,10903.0,16436.0,0.0,0.0,0.0,2479.0,2478.0,2478.0
0.0,47812.0,7495.0,7437.0,5096.0,959.0,0.0,0.0,959.0,2480.0,2478.0,2479.0,2500.0,2492.0,2503.0,17963.0,15910.0,13939.0,0.0,0.0,959.0,2480.0,2478.0,2479.0
0.0,45413.0,7501.0,7440.0,2117.0,3470.0,0.0,0.0,3470.0,2481.0,2479.0,2480.0,2500.0,2495.0,2506.0,15463.0,18514.0,11436.0,0.0,0.0,3470.0,2481.0,2479.0,2480.0
0.0,40029.0,7471.0,7441.0,0.0,7891.0,1933.0,0.0,5958.0,2481.0,2480.0,2480.0,2491.0,2492.0,2488.0,12963.0,18136.0,8930.0,1933.0,0.0,5958.0,2481.0,2480.0,2480.0
0.0,32558.0,7472.0,7442.0,959.0,11912.0,4427.0,0.0,7485.0,2482.0,2480.0,2480.0,2489.0,2497.0,2486.0,10472.0,15644.0,6442.0,4427.0,0.0,7485.0,2482.0,2480.0,2480.0
0.0,26045.0,7460.0,7444.0,3470.0,15165.0,6915.0,1748.0,6502.0,2482.0,2481.0,2481.0,2488.0,2490.0,2482.0,7983.0,13147.0,4915.0,6915.0,1748.0,6502.0,2482.0,2481.0,2481.0
0.0,22055.0,7461.0,7444.0,7891.0,14735.0,7467.0,4230.0,3038.0,2482.0,2481.0,2481.0,2485.0,2482.0,2494.0,5495.0,10657.0,5903.0,7467.0,4230.0,3038.0,2482.0,2481.0,2481.0
0.0,22485.0,7481.0,7444.0,11912.0,12257.0,5535.0,6722.0,0.0,2482.0,2481.0,2481.0,2495.0,2492.0,2494.0,4943.0,8175.0,9367.0,5535.0,6722.0,0.0,2482.0,2481.0,2481.0
0.0,26916.0,7510.0,7447.0,15165.0,8614.0,1137.0,7477.0,0.0,2483.0,2482.0,2482.0,2512.0,2498.0,2500.0,6875.0,5683.0,14358.0,1137.0,7477.0,0.0,2483.0,2482.0,2482.0
0.0,34571.0,7499.0,7449.0,14735.0,5745.0,0.0,5745.0,0.0,2484.0,2482.0,2483.0,2502.0,2498.0,2499.0,11278.0,4933.0,18360.0,0.0,5745.0,0.0,2484.0,2482.0,2483.0
0.0,41807.0,7473.0,7451.0,12257.0,1519.0,0.0,1519.0,0.0,2485.0,2483.0,2483.0,2492.0,2491.0,2490.0,16243.0,6665.0,18899.0,0.0,1519.0,0.0,2485.0,2483.0,2483.0
0.0,46591.0,7467.0,7452.0,8614.0,0.0,0.0,0.0,0.0,2485.0,2483.0,2484.0,2484.0,2490.0,2493.0,19286.0,10896.0,16409.0,0.0,0.0,0.0,2485.0,2483.0,2484.0
0.0,47738.0,7469.0,7452.0,5745.0,993.0,0.0,0.0,993.0,2485.0,2483.0,2484.0,2492.0,2488.0,2489.0,17939.0,15883.0,13916.0,0.0,0.0,993.0,2485.0,2483.0,2484.0
0.0,46014.0,7470.0,7453.0,1519.0,3492.0,0.0,0.0,3492.0,2485.0,2484.0,2484.0,2482.0,2489.0,2499.0,15447.0,19140.0,11427.0,0.0,0.0,3492.0,2485.0,2484.0,2484.0
0.0,40063.0,7497.0,7455.0,0.0,7955.0,1959.0,0.0,5996.0,2486.0,2484.0,2485.0,2494.0,2504.0,2499.0,12965.0,18170.0,8928.0,1959.0,0.0,5996.0,2486.0,2484.0,2485.0
0.0,32566.0,7507.0,7456.0,993.0,11967.0,4463.0,0.0,7504.0,2486.0,2485.0,2485.0,2504.0,2502.0,2501.0,10471.0,15666.0,6429.0,4463.0,0.0,7504.0,2486.0,2485.0,2485.0
0.0,26052.0,7516.0,7459.0,3492.0,15267.0,6977.0,1773.0,6517.0,2487.0,2486.0,2486.0,2509.0,2507.0,2500.0,7967.0,13164.0,4921.0,6977.0,1773.0,6517.0,2487.0,2486.0,2486.0
0.0,22028.0,7482.0,7460.0,7955.0,14799.0,7520.0,4266.0,3013.0,2488.0,2486.0,2486.0,2497.0,2493.0,2492.0,5458.0,10657.0,5913.0,7520.0,4266.0,3013.0,2488.0,2486.0,2486.0
0.0,22501.0,7491.0,7460.0,11967.0,12317.0,5555.0,6762.0,0.0,2488.0,2486.0,2486.0,2498.0,2496.0,2497.0,4920.0,8164.0,9417.0,5555.0,6762.0,0.0,2488.0,2486.0,2486.0
0.0,26977.0,7477.0,7462.0,15267.0,8558.0,1068.0,7490.0,0.0,2488.0,2487.0,2487.0,2490.0,2496.0,2491.0,6885.0,5668.0,14424.0,1068.0,7490.0,0.0,2488.0,2487.0,2487.0
0.0,34767.0,7474.0,7462.0,11698.0,5712.0,0.0,5712.0,0.0,2488.0,2487.0,2487.0,2488.0,2488.0,2498.0,11372.0,4945.0,18450.0,0.0,5712.0,0.0,2488.0,2487.0,2487.0
0.0,38991.0,7487.0,7462.0,14020.0,1440.0,0.0,1440.0,0.0,2488.0,2487.0,2487.0,2500.0,2490.0,2497.0,13303.0,6723.0,18965.0,0.0,1440.0,0.0,2488.0,2487.0,2487.0
0.0,45524.0,7517.0,7465.0,9956.0,0.0,0.0,0.0,0.0,2489.0,2488.0,2488.0,2510.0,2494.0,2513.0,18061.0,10995.0,16468.0,0.0,0.0,0.0,2489.0,2488.0,2488.0
0.0,47963.0,7517.0,7467.0,2658.0,992.0,0.0,0.0,992.0,2490.0,2488.0,2489.0,2504.0,2511.0,2502.0,18017.0,15991.0,13955.0,0.0,0.0,992.0,2490.0,2488.0,2489.0
0.0,43104.0,7511.0,7468.0,4494.0,3491.0,0.0,0.0,3491.0,2490.0,2489.0,2489.0,2502.0,2510.0,2499.0,15513.0,16138.0,11453.0,0.0,0.0,3491.0,2490.0,2489.0,2489.0
0.0,40087.0,7502.0,7469.0,0.0,7938.0,1941.0,0.0,5997.0,2490.0,2489.0,2490.0,2502.0,2499.0,2501.0,13011.0,18122.0,8954.0,1941.0,0.0,5997.0,2490.0,2489.0,2490.0
0.0,32585.0,7489.0,7470.0,992.0,11943.0,4438.0,0.0,7505.0,2490.0,2490.0,2490.0,2497.0,2492.0,2500.0,10509.0,15623.0,6453.0,4438.0,0.0,7505.0,2490.0,2490.0,2490.0
0.0,26088.0,7479.0,7471.0,3491.0,15255.0,6931.0,1811.0,6513.0,2491.0,2490.0,2490.0,2488.0,2492.0,2499.0,8012.0,13131.0,4945.0,6931.0,1811.0,6513.0,2491.0,2490.0,2490.0
0.0,22100.0,7520.0,7472.0,7938.0,14842.0,7503.0,4313.0,3026.0,2491.0,2490.0,2491.0,2513.0,2502.0,2505.0,5524.0,10639.0,5937.0,7503.0,4313.0,3026.0,2491.0,2490.0,2491.0
0.0,22518.0,7536.0,7475.0,11943.0,12418.0,5582.0,6836.0,0.0,2492.0,2491.0,2492.0,2512.0,2518.0,2506.0,4952.0,8137.0,9429.0,5582.0,6836.0,0.0,2492.0,2491.0,2492.0
0.0,26925.0,7542.0,7477.0,15255.0,8718.0,1170.0,7548.0,0.0,2493.0,2492.0,2492.0,2514.0,2518.0,2510.0,6878.0,5619.0,14428.0,1170.0,7548.0,0.0,2493.0,2492.0,2492.0
0.0,34638.0,7534.0,7479.0,14842.0,5753.0,0.0,5753.0,0.0,2493.0,2493.0,2493.0,2502.0,2513.0,2519.0,11295.0,4912.0,18431.0,0.0,5753.0,0.0,2493.0,2493.0,2493.0
0.0,41946.0,7513.0,7481.0,12418.0,1421.0,0.0,1421.0,0.0,2494.0,2493.0,2494.0,2509.0,2504.0,2500.0,16296.0,6712.0,18938.0,0.0,1421.0,0.0,2494.0,2493.0,2494.0
0.0,46851.0,7504.0,7481.0,8718.0,0.0,0.0,0.0,0.0,2494.0,2493.0,2494.0,2502.0,2498.0,2504.0,19369.0,11044.0,16438.0,0.0,0.0,0.0,2494.0,2493.0,2494.0
0.0,48065.0,7488.0,7481.0,5753.0,1035.0,0.0,0.0,1035.0,2494.0,2493.0,2494.0,2490.0,2499.0,2499.0,18037.0,16094.0,13934.0,0.0,0.0,1035.0,2494.0,2493.0,2494.0
0.0,46330.0,7499.0,7482.0,1421.0,3523.0,0.0,0.0,3523.0,2494.0,2494.0,2494.0,2505.0,2506.0,2488.0,15547.0,19348.0,11435.0,0.0,0.0,3523.0,2494.0,2494.0,2494.0
0.0,40252.0,7551.0,7485.0,0.0,7999.0,1950.0,0.0,6049.0,2495.0,2495.0,2495.0,2517.0,2513.0,2521.0,13042.0,18263.0,8947.0,1950.0,0.0,6049.0,2495.0,2495.0,2495.0
0.0,32701.0,7549.0,7487.0,1035.0,12011.0,4471.0,0.0,7540.0,2496.0,2495.0,2496.0,2516.0,2512.0,2521.0,10525.0,15750.0,6426.0,4471.0,0.0,7540.0,2496.0,2495.0,2496.0
0.0,26187.0,7534.0,7489.0,3523.0,15269.0,6975.0,1751.0,6543.0,2496.0,2496.0,2497.0,2504.0,2509.0,2521.0,8009.0,13238.0,4940.0,6975.0,1751.0,6543.0,2496.0,2496.0,2497.0
0.0,22176.0,7517.0,7489.0,7999.0,14787.0,7530.0,4259.0,2998.0,2496.0,2496.0,2497.0,2505.0,2508.0,2504.0,5505.0,10729.0,5942.0,7530.0,4259.0,2998.0,2496.0,2496.0,2497.0
0.0,22658.0,7503.0,7491.0,12011.0,12333.0,5570.0,6763.0,0.0,2497.0,2497.0,2497.0,2506.0,2499.0,2498.0,4950.0,8221.0,9487.0,5570.0,6763.0,0.0,2497.0,2497.0,2497.0
0.0,27166.0,7488.0,7491.0,15269.0,8594.0,1087.0,7507.0,0.0,2497.0,2497.0,2497.0,2492.0,2495.0,2501.0,6915.0,5722.0,14529.0,1087.0,7507.0,0.0,2497.0,2497.0,2497.0
0.0,34947.0,7518.0,7492.0,13987.0,5753.0,0.0,5753.0,0.0,2497.0,2497.0,2498.0,2510.0,2505.0,2503.0,11398.0,4978.0,18571.0,0.0,5753.0,0.0,2497.0,2497.0,2498.0
0.0,41416.0,7564.0,7495.0,13133.0,1512.0,0.0,1512.0,0.0,2498.0,2498.0,2499.0,2523.0,2517.0,2524.0,15618.0,6732.0,19066.0,0.0,1512.0,0.0,2498.0,2498.0,2499.0
0.0,46985.0,7550.0,7497.0,8082.0,0.0,0.0,0.0,0.0,2499.0,2499.0,2499.0,2507.0,2522.0,2521.0,19465.0,10978.0,16542.0,0.0,0.0,0.0,2499.0,2499.0,2499.0
0.0,47517.0,7540.0,7498.0,3212.0,997.0,0.0,0.0,997.0,2499.0,2499.0,2500.0,2511.0,2511.0,2518.0,18045.0,15451.0,14021.0,0.0,0.0,997.0,2499.0,2499.0,2500.0
0.0,43189.0,7530.0,7498.0,4565.0,3511.0,0.0,0.0,3511.0,2499.0,2499.0,2500.0,2512.0,2504.0,2514.0,15534.0,16152.0,11503.0,0.0,0.0,3511.0,2499.0,2499.0,2500.0
0.0,40224.0,7505.0,7500.0,0.0,8010.0,1984.0,0.0,6026.0,2500.0,2499.0,2501.0,2506.0,2489.0,2510.0,13022.0,18213.0,8989.0,1984.0,0.0,6026.0,2500.0,2499.0,2501.0
0.0,32719.0,7485.0,7500.0,997.0,11988.0,4469.0,0.0,7519.0,2500.0,2499.0,2501.0,2485.0,2510.0,2490.0,10516.0,15724.0,6479.0,4469.0,0.0,7519.0,2500.0,2499.0,2501.0
0.0,26231.0,7531.0,7501.0,3511.0,15294.0,6977.0,1803.0,6514.0,2500.0,2500.0,2501.0,2508.0,2517.0,2506.0,8031.0,13214.0,4986.0,6977.0,1803.0,6514.0,2500.0,2500.0,2501.0
0.0,22211.0,7574.0,7504.0,8010.0,14873.0,7521.0,4329.0,3023.0,2501.0,2501.0,2502.0,2523.0,2521.0,2530.0,5523.0,10697.0,5991.0,7521.0,4329.0,3023.0,2501.0,2501.0,2502.0
0.0,22647.0,7566.0,7506.0,11988.0,12422.0,5578.0,6844.0,0.0,2502.0,2501.0,2503.0,2521.0,2515.0,2530.0,4984.0,8176.0,9487.0,5578.0,6844.0,0.0,2502.0,2501.0,2503.0
0.0,27069.0,7550.0,7507.0,15294.0,8673.0,1112.0,7561.0,0.0,2502.0,2502.0,2503.0,2511.0,2515.0,2524.0,6932.0,5661.0,14476.0,1112.0,7561.0,0.0,2502.0,2502.0,2503.0
0.0,34813.0,7537.0,7507.0,14873.0,5754.0,0.0,5754.0,0.0,2502.0,2502.0,2503.0,2510.0,2522.0,2505.0,11398.0,4949.0,18466.0,0.0,5754.0,0.0,2502.0,2502.0,2503.0
0.0,42149.0,7521.0,7509.0,12422.0,1425.0,0.0,1425.0,0.0,2502.0,2503.0,2504.0,2504.0,2510.0,2507.0,16409.0,6756.0,18984.0,0.0,1425.0,0.0,2502.0,2503.0,2504.0
0.0,47050.0,7518.0,7509.0,8673.0,0.0,0.0,0.0,0.0,2502.0,2503.0,2504.0,2502.0,2510.0,2506.0,19483.0,11090.0,16477.0,0.0,0.0,0.0,2502.0,2503.0,2504.0
0.0,48205.0,7540.0,7510.0,5754.0,1069.0,0.0,0.0,1069.0,2503.0,2503.0,2504.0,2513.0,2507.0,2520.0,18093.0,16141.0,13971.0,0.0,0.0,1069.0,2503.0,2503.0,2504.0
0.0,46419.0,7573.0,7513.0,1425.0,3601.0,0.0,0.0,3601.0,2504.0,2504.0,2505.0,2524.0,2522.0,2527.0,15580.0,19388.0,11451.0,0.0,0.0,3601.0,2504.0,2504.0,2505.0
0.0,40271.0,7591.0,7515.0,0.0,8128.0,1989.0,0.0,6139.0,2504.0,2505.0,2506.0,2525.0,2533.0,2533.0,13056.0,18291.0,8924.0,1989.0,0.0,6139.0,2504.0,2505.0,2506.0
0.0,32680.0,7560.0,7517.0,1069.0,12104.0,4507.0,0.0,7597.0,2505.0,2505.0,2507.0,2513.0,2525.0,2522.0,10531.0,15758.0,6391.0,4507.0,0.0,7597.0,2505.0,2505.0,2507.0
0.0,26189.0,7544.0,7518.0,3601.0,15344.0,7025.0,1810.0,6509.0,2505.0,2506.0,2507.0,2518.0,2513.0,2513.0,8018.0,13233.0,4938.0,7025.0,1810.0,6509.0,2505.0,2506.0,2507.0
0.0,22246.0,7516.0,7518.0,8128.0,14732.0,7550.0,4306.0,2876.0,2505.0,2506.0,2507.0,2514.0,2496.0,2506.0,5500.0,10720.0,6026.0,7550.0,4306.0,2876.0,2505.0,2506.0,2507.0
0.0,22858.0,7523.0,7518.0,12104.0,12369.0,5549.0,6820.0,0.0,2505.0,2506.0,2507.0,2506.0,2514.0,2503.0,4975.0,8224.0,9659.0,5549.0,6820.0,0.0,2505.0,2506.0,2507.0
0.0,27439.0,7566.0,7521.0,15344.0,8586.0,1046.0,7540.0,0.0,2506.0,2507.0,2508.0,2517.0,2525.0,2524.0,6976.0,5710.0,14753.0,1046.0,7540.0,0.0,2506.0,2507.0,2508.0
0.0,35217.0,7600.0,7524.0,11729.0,5773.0,0.0,5773.0,0.0,2507.0,2508.0,2509.0,2538.0,2534.0,2528.0,11484.0,4995.0,18738.0,0.0,5773.0,0.0,2507.0,2508.0,2509.0
0.0,39346.0,7574.0,7525.0,12977.0,1472.0,0.0,1472.0,0.0,2508.0,2508.0,2509.0,2523.0,2519.0,2532.0,13493.0,6767.0,19086.0,0.0,1472.0,0.0,2508.0,2508.0,2509.0
0.0,44749.0,7557.0,7526.0,10981.0,0.0,0.0,0.0,0.0,2508.0,2508.0,2510.0,2515.0,2520.0,2522.0,17127.0,11068.0,16554.0,0.0,0.0,0.0,2508.0,2508.0,2510.0
0.0,48173.0,7541.0,7527.0,5379.0,1032.0,0.0,0.0,1032.0,2508.0,2509.0,2510.0,2512.0,2515.0,2514.0,18053.0,16088.0,14032.0,0.0,0.0,1032.0,2508.0,2509.0,2510.0
0.0,46011.0,7529.0,7527.0,1866.0,3537.0,0.0,0.0,3537.0,2508.0,2509.0,2510.0,2511.0,2513.0,2505.0,15541.0,18952.0,11518.0,0.0,0.0,3537.0,2508.0,2509.0,2510.0
0.0,40348.0,7567.0,7528.0,0.0,8099.0,2024.0,0.0,6075.0,2508.0,2509.0,2511.0,2514.0,2520.0,2533.0,13030.0,18305.0,9013.0,2024.0,0.0,6075.0,2508.0,2509.0,2511.0
0.0,32781.0,7567.0,7530.0,1032.0,12122.0,4549.0,0.0,7573.0,2509.0,2510.0,2511.0,2520.0,2517.0,2530.0,10516.0,15785.0,6480.0,4549.0,0.0,7573.0,2509.0,2510.0,2511.0
0.0,26246.0,7601.0,7532.0,3537.0,15478.0,7098.0,1805.0,6575.0,2510.0,2510.0,2512.0,2544.0,2523.0,2534.0,7996.0,13268.0,4982.0,7098.0,1805.0,6575.0,2510.0,2510.0,2512.0
0.0,22182.0,7597.0,7535.0,8099.0,14991.0,7607.0,4347.0,3037.0,2511.0,2511.0,2513.0,2528.0,2537.0,2532.0,5452.0,10745.0,5985.0,7607.0,4347.0,3037.0,2511.0,2511.0,2513.0
0.0,22684.0,7584.0,7537.0,12122.0,12469.0,5581.0,6888.0,0.0,2511.0,2512.0,2514.0,2523.0,2536.0,2525.0,4948.0,8208.0,9528.0,5581.0,6888.0,0.0,2511.0,2512.0,2514.0
0.0,27222.0,7566.0,7538.0,15478.0,8619.0,1006.0,7613.0,0.0,2511.0,2513.0,2514.0,2523.0,2525.0,2518.0,6974.0,5672.0,14576.0,1006.0,7613.0,0.0,2511.0,2513.0,2514.0
0.0,35134.0,7549.0,7539.0,14991.0,5780.0,0.0,5780.0,0.0,2512.0,2513.0,2514.0,2522.0,2514.0,2513.0,11549.0,4952.0,18633.0,0.0,5780.0,0.0,2512.0,2513.0,2514.0
0.0,42576.0,7550.0,7539.0,12469.0,1406.0,0.0,1406.0,0.0,2512.0,2513.0,2514.0,2513.0,2514.0,2523.0,16634.0,6785.0,19157.0,0.0,1406.0,0.0,2512.0,2513.0,2514.0
0.0,47495.0,7581.0,7540.0,8619.0,0.0,0.0,0.0,0.0,2512.0,2513.0,2515.0,2526.0,2525.0,2530.0,19702.0,11159.0,16634.0,0.0,0.0,0.0,2512.0,2513.0,2515.0
0.0,48533.0,7607.0,7543.0,5780.0,1014.0,0.0,0.0,1014.0,2513.0,2514.0,2516.0,2537.0,2532.0,2538.0,18182.0,16247.0,14104.0,0.0,0.0,1014.0,2513.0,2514.0,2516.0
0.0,46706.0,7607.0,7545.0,1406.0,3549.0,0.0,0.0,3549.0,2514.0,2515.0,2516.0,2532.0,2540.0,2535.0,15645.0,19495.0,11566.0,0.0,0.0,3549.0,2514.0,2515.0,2516.0
0.0,40505.0,7588.0,7546.0,0.0,8074.0,1987.0,0.0,6087.0,2514.0,2515.0,2517.0,2530.0,2525.0,2533.0,13113.0,18361.0,9031.0,1987.0,0.0,6087.0,2514.0,2515.0,2517.0
0.0,32917.0,7572.0,7548.0,1014.0,12113.0,4514.0,0.0,7599.0,2515.0,2516.0,2517.0,2522.0,2524.0,2526.0,10583.0,15836.0,6498.0,4514.0,0.0,7599.0,2515.0,2516.0,2517.0
0.0,26359.0,7554.0,7547.0,3549.0,15381.0,7019.0,1793.0,6569.0,2514.0,2516.0,2517.0,2510.0,2525.0,2519.0,8061.0,13312.0,4986.0,7019.0,1793.0,6569.0,2514.0,2516.0,2517.0
0.0,22354.0,7551.0,7548.0,8074.0,14863.0,7551.0,4319.0,2993.0,2515.0,2516.0,2517.0,2514.0,2526.0,2511.0,5551.0,10787.0,6016.0,7551.0,4319.0,2993.0,2515.0,2516.0,2517.0
0.0,22877.0,7587.0,7549.0,12113.0,12411.0,5568.0,6843.0,0.0,2515.0,2516.0,2518.0,2531.0,2524.0,2532.0,5024.0,8261.0,9592.0,5568.0,6843.0,0.0,2515.0,2516.0,2518.0
0.0,27403.0,7612.0,7551.0,15381.0,8691.0,1098.0,7593.0,0.0,2516.0,2517.0,2518.0,2544.0,2538.0,2530.0,7007.0,5737.0,14659.0,1098.0,7593.0,0.0,2516.0,2517.0,2518.0
0.0,35172.0,7617.0,7554.0,13754.0,5819.0,0.0,5819.0,0.0,2517.0,2518.0,2519.0,2537.0,2540.0,2540.0,11482.0,4992.0,18698.0,0.0,5819.0,0.0,2517.0,2518.0,2519.0
0.0,41309.0,7602.0,7556.0,13520.0,1520.0,0.0,1520.0,0.0,2517.0,2519.0,2520.0,2528.0,2539.0,2535.0,15387.0,6771.0,19151.0,0.0,1520.0,0.0,2517.0,2519.0,2520.0
0.0,47227.0,7587.0,7557.0,8691.0,0.0,0.0,0.0,0.0,2518.0,2519.0,2520.0,2536.0,2527.0,2524.0,19536.0,11075.0,16616.0,0.0,0.0,0.0,2518.0,2519.0,2520.0
0.0,48331.0,7576.0,7557.0,2664.0,1038.0,0.0,0.0,1038.0,2518.0,2519.0,2520.0,2520.0,2526.0,2530.0,18098.0,16141.0,14092.0,0.0,0.0,1038.0,2518.0,2519.0,2520.0
0.0,43419.0,7568.0,7557.0,4675.0,3571.0,0.0,0.0,3571.0,2518.0,2519.0,2520.0,2520.0,2515.0,2533.0,15578.0,16279.0,11562.0,0.0,0.0,3571.0,2518.0,2519.0,2520.0
0.0,40526.0,7597.0,7560.0,0.0,8178.0,2070.0,0.0,6108.0,2519.0,2520.0,2521.0,2533.0,2532.0,2532.0,13058.0,18439.0,9029.0,2070.0,0.0,6108.0,2519.0,2520.0,2521.0
0.0,32929.0,7633.0,7562.0,1038.0,12233.0,4620.0,0.0,7613.0,2519.0,2521.0,2522.0,2550.0,2545.0,2538.0,10525.0,15907.0,6497.0,4620.0,0.0,7613.0,2519.0,2521.0,2522.0
0.0,26334.0,7631.0,7565.0,3571.0,15551.0,7162.0,1798.0,6591.0,2520.0,2522.0,2523.0,2537.0,2550.0,2544.0,7975.0,13362.0,4997.0,7162.0,1798.0,6591.0,2520.0,2522.0,2523.0
0.0,22274.0,7616.0,7566.0,8178.0,14994.0,7638.0,4335.0,3021.0,2521.0,2522.0,2523.0,2541.0,2537.0,2538.0,5438.0,10812.0,6024.0,7638.0,4335.0,3021.0,2521.0,2522.0,2523.0
0.0,22836.0,7595.0,7566.0,12233.0,12414.0,5550.0,6864.0,0.0,2521.0,2522.0,2523.0,2532.0,2529.0,2534.0,4967.0,8275.0,9594.0,5550.0,6864.0,0.0,2521.0,2522.0,2523.0
0.0,27474.0,7584.0,7568.0,15551.0,8510.0,923.0,7587.0,0.0,2522.0,2522.0,2524.0,2530.0,2521.0,2533.0,7055.0,5746.0,14673.0,923.0,7587.0,0.0,2522.0,2522.0,2524.0
0.0,35441.0,7590.0,7569.0,14994.0,5785.0,0.0,5785.0,0.0,2522.0,2523.0,2524.0,2529.0,2528.0,2533.0,11687.0,5023.0,18731.0,0.0,5785.0,0.0,2522.0,2523.0,2524.0
0.0,42845.0,7609.0,7569.0,12414.0,1457.0,0.0,1457.0,0.0,2522.0,2523.0,2524.0,2544.0,2536.0,2529.0,16796.0,6830.0,19219.0,0.0,1457.0,0.0,2522.0,2523.0,2524.0
0.0,47650.0,7642.0,7572.0,8510.0,0.0,0.0,0.0,0.0,2523.0,2524.0,2525.0,2558.0,2542.0,2542.0,19802.0,11158.0,16690.0,0.0,0.0,0.0,2523.0,2524.0,2525.0
0.0,48518.0,7624.0,7576.0,5785.0,1026.0,0.0,0.0,1026.0,2525.0,2525.0,2526.0,2540.0,2540.0,2544.0,18167.0,16203.0,14148.0,0.0,0.0,1026.0,2525.0,2525.0,2526.0
0.0,46679.0,7634.0,7577.0,1457.0,3579.0,0.0,0.0,3579.0,2525.0,2525.0,2527.0,2542.0,2544.0,2548.0,15627.0,19448.0,11604.0,0.0,0.0,3579.0,2525.0,2525.0,2527.0
0.0,40502.0,7601.0,7578.0,0.0,8185.0,2068.0,0.0,6117.0,2525.0,2526.0,2527.0,2528.0,2535.0,2538.0,13085.0,18361.0,9056.0,2068.0,0.0,6117.0,2525.0,2526.0,2527.0
0.0,32901.0,7597.0,7578.0,1026.0,12225.0,4594.0,0.0,7631.0,2525.0,2526.0,2527.0,2526.0,2531.0,2540.0,10557.0,15826.0,6518.0,4594.0,0.0,7631.0,2525.0,2526.0,2527.0
0.0,26330.0,7584.0,7579.0,3579.0,15570.0,7128.0,1868.0,6574.0,2526.0,2526.0,2527.0,2529.0,2533.0,2522.0,8031.0,13295.0,5004.0,7128.0,1868.0,6574.0,2526.0,2526.0,2527.0
0.0,22325.0,7603.0,7581.0,8185.0,14998.0,7593.0,4410.0,2995.0,2526.0,2527.0,2528.0,2533.0,2537.0,2533.0,5502.0,10762.0,6061.0,7593.0,4410.0,2995.0,2526.0,2527.0,2528.0
0.0,22907.0,7640.0,7582.0,12225.0,12509.0,5556.0,6953.0,0.0,2527.0,2527.0,2528.0,2552.0,2543.0,2545.0,5037.0,8225.0,9645.0,5556.0,6953.0,0.0,2527.0,2527.0,2528.0
0.0,27492.0,7650.0,7585.0,15570.0,8623.0,982.0,7641.0,0.0,2528.0,2528.0,2529.0,2549.0,2551.0,2550.0,7079.0,5682.0,14731.0,982.0,7641.0,0.0,2528.0,2528.0,2529.0
0.0,35412.0,7639.0,7588.0,12024.0,5787.0,0.0,5787.0,0.0,2529.0,2529.0,2530.0,2542.0,2551.0,2546.0,11658.0,4999.0,18755.0,0.0,5787.0,0.0,2529.0,2529.0,2530.0
0.0,39797.0,7628.0,7588.0,13554.0,1371.0,0.0,1371.0,0.0,2529.0,2529.0,2530.0,2543.0,2537.0,2548.0,13735.0,6858.0,19204.0,0.0,1371.0,0.0,2529.0,2529.0,2530.0
0.0,45723.0,7588.0,7588.0,10021.0,0.0,0.0,0.0,0.0,2529.0,2529.0,2530.0,2541.0,2527.0,2520.0,17793.0,11274.0,16656.0,0.0,0.0,0.0,2529.0,2529.0,2530.0
0.0,48156.0,7587.0,7589.0,3117.0,1043.0,0.0,0.0,1043.0,2530.0,2529.0,2530.0,2530.0,2528.0,2529.0,18163.0,15857.0,14136.0,0.0,0.0,1043.0,2530.0,2529.0,2530.0
0.0,43686.0,7644.0,7591.0,4572.0,3595.0,0.0,0.0,3595.0,2530.0,2530.0,2531.0,2546.0,2551.0,2547.0,15633.0,16446.0,11607.0,0.0,0.0,3595.0,2530.0,2530.0,2531.0
0.0,40614.0,7663.0,7593.0,0.0,8271.0,2127.0,0.0,6144.0,2531.0,2531.0,2531.0,2559.0,2555.0,2549.0,13087.0,18467.0,9060.0,2127.0,0.0,6144.0,2531.0,2531.0,2531.0
0.0,32951.0,7650.0,7596.0,1043.0,12344.0,4691.0,0.0,7653.0,2532.0,2532.0,2532.0,2559.0,2544.0,2547.0,10528.0,15912.0,6511.0,4691.0,0.0,7653.0,2532.0,2532.0,2532.0
0.0,26344.0,7627.0,7597.0,3595.0,15673.0,7233.0,1828.0,6612.0,2532.0,2532.0,2533.0,2542.0,2536.0,2549.0,7969.0,13368.0,5007.0,7233.0,1828.0,6612.0,2532.0,2532.0,2533.0
0.0,22312.0,7612.0,7598.0,8271.0,15019.0,7654.0,4363.0,3002.0,2533.0,2532.0,2533.0,2543.0,2535.0,2534.0,5427.0,10832.0,6053.0,7654.0,4363.0,3002.0,2533.0,2532.0,2533.0
0.0,22971.0,7613.0,7598.0,12344.0,12410.0,5500.0,6910.0,0.0,2533.0,2532.0,2533.0,2537.0,2547.0,2529.0,5011.0,8297.0,9663.0,5500.0,6910.0,0.0,2533.0,2532.0,2533.0
0.0,27702.0,7602.0,7599.0,15673.0,8419.0,798.0,7621.0,0.0,2533.0,2533.0,2533.0,2531.0,2534.0,2537.0,7165.0,5750.0,14787.0,798.0,7621.0,0.0,2533.0,2533.0,2533.0
0.0,35773.0,7644.0,7601.0,15019.0,5814.0,0.0,5814.0,0.0,2534.0,2533.0,2534.0,2543.0,2556.0,2545.0,11867.0,5044.0,18862.0,0.0,5814.0,0.0,2534.0,2533.0,2534.0
0.0,43148.0,7673.0,7604.0,12410.0,1459.0,0.0,1459.0,0.0,2535.0,2534.0,2535.0,2563.0,2550.0,2560.0,16978.0,6851.0,19319.0,0.0,1459.0,0.0,2535.0,2534.0,2535.0
0.0,47885.0,7662.0,7605.0,8419.0,0.0,0.0,0.0,0.0,2535.0,2535.0,2535.0,2549.0,2551.0,2562.0,19915.0,11211.0,16759.0,0.0,0.0,0.0,2535.0,2535.0,2535.0
0.0,48642.0,7646.0,7607.0,5814.0,1039.0,0.0,0.0,1039.0,2536.0,2535.0,2536.0,2541.0,2549.0,2556.0,18164.0,16281.0,14197.0,0.0,0.0,1039.0,2536.0,2535.0,2536.0
0.0,46810.0,7632.0,7608.0,1459.0,3576.0,0.0,0.0,3576.0,2536.0,2536.0,2536.0,2546.0,2549.0,2537.0,15623.0,19546.0,11641.0,0.0,0.0,3576.0,2536.0,2536.0,2536.0
0.0,40637.0,7606.0,7608.0,0.0,8255.0,2143.0,0.0,6112.0,2536.0,2536.0,2536.0,2540.0,2530.0,2536.0,13077.0,18456.0,9104.0,2143.0,0.0,6112.0,2536.0,2536.0,2536.0
0.0,33031.0,7631.0,7609.0,1039.0,12314.0,4698.0,0.0,7616.0,2537.0,2536.0,2536.0,2550.0,2538.0,2543.0,10537.0,15926.0,6568.0,4698.0,0.0,7616.0,2537.0,2536.0,2536.0
0.0,26439.0,7664.0,7610.0,3576.0,15699.0,7252.0,1849.0,6598.0,2537.0,2536.0,2537.0,2554.0,2557.0,2553.0,7987.0,13388.0,5064.0,7252.0,1849.0,6598.0,2537.0,2536.0,2537.0
0.0,22351.0,7690.0,7613.0,8255.0,15149.0,7687.0,4410.0,3052.0,2538.0,2537.0,2538.0,2573.0,2556.0,2561.0,5433.0,10831.0,6087.0,7687.0,4410.0,3052.0,2538.0,2537.0,2538.0
0.0,22916.0,7666.0,7616.0,12314.0,12518.0,5543.0,6975.0,0.0,2539.0,2538.0,2539.0,2549.0,2560.0,2557.0,5003.0,8275.0,9638.0,5543.0,6975.0,0.0,2539.0,2538.0,2539.0
0.0,27564.0,7652.0,7617.0,15663.0,8556.0,877.0,7679.0,0.0,2539.0,2539.0,2539.0,2550.0,2548.0,2554.0,7152.0,5715.0,14697.0,877.0,7679.0,0.0,2539.0,2539.0,2539.0
0.0,35575.0,7639.0,7618.0,13956.0,5814.0,0.0,5814.0,0.0,2540.0,2539.0,2539.0,2555.0,2545.0,2539.0,11818.0,5016.0,18741.0,0.0,5814.0,0.0,2540.0,2539.0,2539.0
0.0,41892.0,7628.0,7618.0,13747.0,1377.0,0.0,1377.0,0.0,2540.0,2539.0,2539.0,2540.0,2538.0,2550.0,15757.0,6881.0,19254.0,0.0,1377.0,0.0,2540.0,2539.0,2539.0
0.0,48011.0,7631.0,7619.0,8556.0,0.0,0.0,0.0,0.0,2540.0,2539.0,2540.0,2536.0,2551.0,2544.0,19989.0,11318.0,16704.0,0.0,0.0,0.0,2540.0,2539.0,2540.0
0.0,48936.0,7661.0,7621.0,5610.0,1090.0,0.0,0.0,1090.0,2541.0,2540.0,2540.0,2553.0,2558.0,2550.0,18330.0,16446.0,14160.0,0.0,0.0,1090.0,2541.0,2540.0,2540.0
0.0,46885.0,7684.0,7624.0,1581.0,3659.0,0.0,0.0,3659.0,2542.0,2541.0,2541.0,2561.0,2559.0,2564.0,15777.0,19498.0,11610.0,0.0,0.0,3659.0,2542.0,2541.0,2541.0
0.0,40782.0,7682.0,7625.0,0.0,8281.0,2052.0,0.0,6229.0,2542.0,2541.0,2542.0,2558.0,2559.0,2565.0,13216.0,18520.0,9046.0,2052.0,0.0,6229.0,2542.0,2541.0,2542.0
0.0,33100.0,7661.0,7627.0,1090.0,12300.0,4612.0,0.0,7688.0,2543.0,2542.0,2542.0,2555.0,2557.0,2549.0,10658.0,15961.0,6481.0,4612.0,0.0,7688.0,2543.0,2542.0,2542.0
0.0,26529.0,7667.0,7628.0,3659.0,15619.0,7168.0,1860.0,6591.0,2543.0,2542.0,2543.0,2556.0,2554.0,2557.0,8103.0,13404.0,5022.0,7168.0,1860.0,6591.0,2543.0,2542.0,2543.0
0.0,22521.0,7649.0,7628.0,8281.0,14987.0,7665.0,4407.0,2915.0,2543.0,2542.0,2543.0,2549.0,2547.0,2553.0,5547.0,10850.0,6124.0,7665.0,4407.0,2915.0,2543.0,2542.0,2543.0
0.0,23153.0,7644.0,7629.0,12300.0,12565.0,5608.0,6957.0,0.0,2544.0,2542.0,2543.0,2550.0,2550.0,2544.0,5050.0,8303.0,9800.0,5608.0,6957.0,0.0,2544.0,2542.0,2543.0
0.0,27809.0,7683.0,7631.0,15619.0,8658.0,1001.0,7657.0,0.0,2544.0,2543.0,2544.0,2561.0,2555.0,2567.0,7112.0,5753.0,14944.0,1001.0,7657.0,0.0,2544.0,2543.0,2544.0
0.0,35745.0,7697.0,7634.0,14987.0,5817.0,0.0,5817.0,0.0,2545.0,2544.0,2545.0,2573.0,2562.0,2562.0,11719.0,5058.0,18968.0,0.0,5817.0,0.0,2545.0,2544.0,2545.0
0.0,43035.0,7710.0,7636.0,12565.0,1442.0,0.0,1442.0,0.0,2546.0,2545.0,2545.0,2573.0,2577.0,2560.0,16811.0,6903.0,19321.0,0.0,1442.0,0.0,2546.0,2545.0,2545.0
0.0,47890.0,7665.0,7638.0,8658.0,0.0,0.0,0.0,0.0,2547.0,2545.0,2546.0,2556.0,2557.0,2552.0,19846.0,11283.0,16761.0,0.0,0.0,0.0,2547.0,2545.0,2546.0
0.0,48883.0,7652.0,7638.0,5817.0,1076.0,0.0,0.0,1076.0,2547.0,2545.0,2546.0,2553.0,2544.0,2555.0,18291.0,16383.0,14209.0,0.0,0.0,1076.0,2547.0,2545.0,2546.0
0.0,47048.0,7659.0,7638.0,1442.0,3630.0,0.0,0.0,3630.0,2547.0,2545.0,2546.0,2559.0,2546.0,2554.0,15738.0,19656.0,11654.0,0.0,0.0,3630.0,2547.0,2545.0,2546.0
0.0,40831.0,7655.0,7639.0,0.0,8284.0,2103.0,0.0,6181.0,2547.0,2546.0,2546.0,2547.0,2557.0,2551.0,13179.0,18552.0,9100.0,2103.0,0.0,6181.0,2547.0,2546.0,2546.0
0.0,33176.0,7686.0,7641.0,1076.0,12338.0,4666.0,0.0,7672.0,2548.0,2546.0,2547.0,2558.0,2566.0,2562.0,10632.0,15995.0,6549.0,4666.0,0.0,7672.0,2548.0,2546.0,2547.0
0.0,26566.0,7672.0,7642.0,3630.0,15686.0,7224.0,1859.0,6603.0,2548.0,2547.0,2547.0,2558.0,2553.0,2561.0,8074.0,13429.0,5063.0,7224.0,1859.0,6603.0,2548.0,2547.0,2547.0
0.0,22524.0,7689.0,7645.0,8284.0,15106.0,7695.0,4428.0,2983.0,2549.0,2548.0,2548.0,2569.0,2564.0,2556.0,5516.0,10876.0,6132.0,7695.0,4428.0,2983.0,2549.0,2548.0,2548.0
0.0,23119.0,7685.0,7645.0,12338.0,12580.0,5594.0,6986.0,0.0,2549.0,2548.0,2548.0,2565.0,2558.0,2562.0,5050.0,8312.0,9757.0,5594.0,6986.0,0.0,2549.0,2548.0,2548.0
0.0,27772.0,7686.0,7646.0,15686.0,8616.0,928.0,7688.0,0.0,2549.0,2548.0,2549.0,2558.0,2561.0,2567.0,7151.0,5754.0,14867.0,928.0,7688.0,0.0,2549.0,2548.0,2549.0
0.0,35772.0,7679.0,7648.0,12017.0,5824.0,0.0,5824.0,0.0,2550.0,2549.0,2549.0,2556.0,2559.0,2564.0,11817.0,5052.0,18903.0,0.0,5824.0,0.0,2550.0,2549.0,2549.0
0.0,40110.0,7677.0,7649.0,15006.0,1399.0,0.0,1399.0,0.0,2550.0,2549.0,2550.0,2555.0,2561.0,2561.0,13867.0,6921.0,19322.0,0.0,1399.0,0.0,2550.0,2549.0,2550.0
0.0,47439.0,7666.0,7651.0,9279.0,0.0,0.0,0.0,0.0,2551.0,2550.0,2550.0,2553.0,2554.0,2559.0,19332.0,11346.0,16761.0,0.0,0.0,0.0,2551.0,2550.0,2550.0
0.0,49052.0,7719.0,7652.0,2646.0,1117.0,0.0,0.0,1117.0,2552.0,2550.0,2550.0,2580.0,2570.0,2569.0,18370.0,16480.0,14202.0,0.0,0.0,1117.0,2552.0,2550.0,2550.0
0.0,43979.0,7708.0,7654.0,4577.0,3687.0,0.0,0.0,3687.0,2552.0,2551.0,2551.0,2569.0,2574.0,2565.0,15790.0,16556.0,11633.0,0.0,0.0,3687.0,2552.0,2551.0,2551.0
0.0,40848.0,7716.0,7657.0,0.0,8374.0,2107.0,0.0,6267.0,2553.0,2552.0,2552.0,2563.0,2578.0,2575.0,13221.0,18559.0,9068.0,2107.0,0.0,6267.0,2553.0,2552.0,2552.0
0.0,33132.0,7678.0,7658.0,1117.0,12389.0,4669.0,0.0,7720.0,2553.0,2552.0,2553.0,2562.0,2551.0,2565.0,10658.0,15981.0,6493.0,4669.0,0.0,7720.0,2553.0,2552.0,2553.0
0.0,26571.0,7665.0,7658.0,3687.0,15697.0,7224.0,1877.0,6596.0,2553.0,2552.0,2553.0,2555.0,2547.0,2563.0,8096.0,13430.0,5045.0,7224.0,1877.0,6596.0,2553.0,2552.0,2553.0
0.0,22593.0,7649.0,7658.0,8374.0,14972.0,7664.0,4421.0,2887.0,2553.0,2552.0,2553.0,2547.0,2544.0,2558.0,5541.0,10883.0,6169.0,7664.0,4421.0,2887.0,2553.0,2552.0,2553.0
0.0,23318.0,7702.0,7660.0,12389.0,12570.0,5566.0,7004.0,0.0,2554.0,2553.0,2553.0,2566.0,2578.0,2558.0,5101.0,8339.0,9878.0,5566.0,7004.0,0.0,2554.0,2553.0,2553.0
0.0,28005.0,7708.0,7662.0,15697.0,8616.0,909.0,7707.0,0.0,2554.0,2554.0,2554.0,2567.0,2575.0,2566.0,7204.0,5761.0,15040.0,909.0,7707.0,0.0,2554.0,2554.0,2554.0
0.0,35994.0,7721.0,7664.0,14972.0,5859.0,0.0,5859.0,0.0,2555.0,2554.0,2555.0,2574.0,2573.0,2574.0,11861.0,5063.0,19070.0,0.0,5859.0,0.0,2555.0,2554.0,2555.0
0.0,43245.0,7707.0,7666.0,12570.0,1426.0,0.0,1426.0,0.0,2556.0,2555.0,2555.0,2570.0,2566.0,2571.0,16951.0,6911.0,19383.0,0.0,1426.0,0.0,2556.0,2555.0,2555.0
0.0,48108.0,7705.0,7667.0,8616.0,0.0,0.0,0.0,0.0,2556.0,2555.0,2556.0,2570.0,2562.0,2573.0,19947.0,11349.0,16812.0,0.0,0.0,0.0,2556.0,2555.0,2556.0
0.0,49019.0,7680.0,7667.0,5859.0,1104.0,0.0,0.0,1104.0,2556.0,2555.0,2556.0,2556.0,2561.0,2563.0,18286.0,16494.0,14239.0,0.0,0.0,1104.0,2556.0,2555.0,2556.0
0.0,47198.0,7690.0,7668.0,1426.0,3668.0,0.0,0.0,3668.0,2556.0,2556.0,2556.0,2558.0,2568.0,2564.0,15730.0,19792.0,11676.0,0.0,0.0,3668.0,2556.0,2556.0,2556.0
0.0,40934.0,7704.0,7670.0,0.0,8425.0,2186.0,0.0,6239.0,2557.0,2556.0,2557.0,2573.0,2565.0,2566.0,13172.0,18650.0,9112.0,2186.0,0.0,6239.0,2557.0,2556.0,2557.0
0.0,33230.0,7736.0,7672.0,1104.0,12485.0,4769.0,0.0,7716.0,2557.0,2557.0,2558.0,2583.0,2577.0,2576.0,10599.0,16085.0,6546.0,4769.0,0.0,7716.0,2557.0,2557.0,2558.0
0.0,26598.0,7750.0,7675.0,3668.0,15859.0,7356.0,1866.0,6637.0,2558.0,2558.0,2559.0,2582.0,2584.0,2584.0,8016.0,13508.0,5074.0,7356.0,1866.0,6637.0,2558.0,2558.0,2559.0
0.0,22516.0,7719.0,7677.0,8425.0,15163.0,7739.0,4442.0,2982.0,2559.0,2558.0,2560.0,2564.0,2576.0,2579.0,5434.0,10924.0,6158.0,7739.0,4442.0,2982.0,2559.0,2558.0,2560.0
0.0,23222.0,7720.0,7678.0,12485.0,12565.0,5547.0,7018.0,0.0,2559.0,2559.0,2560.0,2577.0,2571.0,2572.0,5056.0,8348.0,9818.0,5547.0,7018.0,0.0,2559.0,2559.0,2560.0
0.0,27987.0,7679.0,7678.0,15859.0,8463.0,750.0,7713.0,0.0,2559.0,2559.0,2560.0,2559.0,2561.0,2559.0,7248.0,5777.0,14962.0,750.0,7713.0,0.0,2559.0,2559.0,2560.0
0.0,36167.0,7685.0,7679.0,15163.0,5829.0,0.0,5829.0,0.0,2560.0,2559.0,2560.0,2561.0,2558.0,2566.0,12045.0,5082.0,19040.0,0.0,5829.0,0.0,2560.0,2559.0,2560.0
0.0,43645.0,7696.0,7679.0,12565.0,1379.0,0.0,1379.0,0.0,2560.0,2559.0,2560.0,2566.0,2568.0,2562.0,17223.0,6966.0,19456.0,0.0,1379.0,0.0,2560.0,2559.0,2560.0
0.0,48514.0,7763.0,7683.0,8463.0,0.0,0.0,0.0,0.0,2561.0,2561.0,2561.0,2591.0,2591.0,2581.0,20204.0,11416.0,16894.0,0.0,0.0,0.0,2561.0,2561.0,2561.0
0.0,49214.0,7737.0,7685.0,5829.0,1081.0,0.0,0.0,1081.0,2562.0,2561.0,2562.0,2572.0,2581.0,2584.0,18363.0,16538.0,14313.0,0.0,0.0,1081.0,2562.0,2561.0,2562.0
0.0,47306.0,7721.0,7687.0,1379.0,3667.0,0.0,0.0,3667.0,2562.0,2562.0,2563.0,2572.0,2568.0,2581.0,15791.0,19786.0,11729.0,0.0,0.0,3667.0,2562.0,2562.0,2563.0
0.0,40964.0,7711.0,7687.0,0.0,8408.0,2175.0,0.0,6233.0,2562.0,2562.0,2563.0,2584.0,2561.0,2566.0,13219.0,18597.0,9148.0,2175.0,0.0,6233.0,2562.0,2562.0,2563.0
0.0,33253.0,7687.0,7687.0,1081.0,12454.0,4733.0,0.0,7721.0,2562.0,2562.0,2563.0,2558.0,2560.0,2569.0,10635.0,16036.0,6582.0,4733.0,0.0,7721.0,2562.0,2562.0,2563.0
0.0,26647.0,7712.0,7688.0,3667.0,15838.0,7306.0,1908.0,6624.0,2563.0,2562.0,2563.0,2568.0,2574.0,2570.0,8077.0,13476.0,5094.0,7306.0,1908.0,6624.0,2563.0,2562.0,2563.0
0.0,22602.0,7713.0,7690.0,8408.0,15153.0,7705.0,4478.0,2970.0,2563.0,2563.0,2564.0,2574.0,2565.0,2574.0,5509.0,10902.0,6191.0,7705.0,4478.0,2970.0,2563.0,2563.0,2564.0
0.0,23297.0,7749.0,7692.0,12454.0,12621.0,5562.0,7059.0,0.0,2564.0,2563.0,2565.0,2585.0,2581.0,2583.0,5110.0,8337.0,9850.0,5562.0,7059.0,0.0,2564.0,2563.0,2565.0
0.0,28002.0,7767.0,7695.0,15838.0,8586.0,848.0,7738.0,0.0,2565.0,2564.0,2566.0,2587.0,2582.0,2598.0,7258.0,5756.0,14988.0,848.0,7738.0,0.0,2565.0,2564.0,2566.0
0.0,36073.0,7739.0,7695.0,15153.0,5842.0,0.0,5842.0,0.0,2565.0,2564.0,2566.0,2573.0,2582.0,2584.0,11977.0,5082.0,19014.0,0.0,5842.0,0.0,2565.0,2564.0,2566.0
0.0,43487.0,7724.0,7697.0,12621.0,1363.0,0.0,1363.0,0.0,2566.0,2565.0,2566.0,2585.0,2575.0,2564.0,17109.0,6978.0,19400.0,0.0,1363.0,0.0,2566.0,2565.0,2566.0
0.0,48384.0,7711.0,7697.0,8586.0,0.0,0.0,0.0,0.0,2566.0,2565.0,2566.0,2574.0,2572.0,2565.0,20086.0,11462.0,16836.0,0.0,0.0,0.0,2566.0,2565.0,2566.0
0.0,49259.0,7714.0,7698.0,5842.0,1138.0,0.0,0.0,1138.0,2566.0,2565.0,2567.0,2572.0,2568.0,2574.0,18360.0,16628.0,14271.0,0.0,0.0,1138.0,2566.0,2565.0,2567.0
0.0,47387.0,7734.0,7700.0,1363.0,3720.0,0.0,0.0,3720.0,2567.0,2566.0,2567.0,2577.0,2575.0,2582.0,15788.0,19902.0,11697.0,0.0,0.0,3720.0,2567.0,2566.0,2567.0
0.0,41016.0,7764.0,7702.0,0.0,8538.0,2222.0,0.0,6316.0,2568.0,2566.0,2568.0,2593.0,2580.0,2591.0,13211.0,18690.0,9115.0,2222.0,0.0,6316.0,2568.0,2566.0,2568.0
0.0,33252.0,7758.0,7704.0,1138.0,12576.0,4802.0,0.0,7774.0,2568.0,2567.0,2569.0,2580.0,2587.0,2591.0,10618.0,16110.0,6524.0,4802.0,0.0,7774.0,2568.0,2567.0,2569.0
0.0,26632.0,7745.0,7706.0,3720.0,15923.0,7391.0,1903.0,6629.0,2569.0,2568.0,2569.0,2584.0,2586.0,2575.0,8038.0,13523.0,5071.0,7391.0,1903.0,6629.0,2569.0,2568.0,2569.0
0.0,22607.0,7720.0,7706.0,8538.0,15105.0,7745.0,4474.0,2886.0,2569.0,2568.0,2569.0,2576.0,2571.0,2573.0,5454.0,10937.0,6216.0,7745.0,4474.0,2886.0,2569.0,2568.0,2569.0
0.0,23425.0,7735.0,7706.0,12576.0,12578.0,5522.0,7056.0,0.0,2569.0,2568.0,2569.0,2579.0,2582.0,2574.0,5100.0,8366.0,9959.0,5522.0,7056.0,0.0,2569.0,2568.0,2569.0
0.0,28266.0,7728.0,7707.0,15923.0,8434.0,705.0,7729.0,0.0,2569.0,2568.0,2570.0,2574.0,2576.0,2578.0,7323.0,5784.0,15159.0,705.0,7729.0,0.0,2569.0,2568.0,2570.0
0.0,36461.0,7758.0,7709.0,15105.0,5849.0,0.0,5849.0,0.0,2570.0,2569.0,2570.0,2586.0,2589.0,2583.0,12140.0,5111.0,19210.0,0.0,5849.0,0.0,2570.0,2569.0,2570.0
0.0,43808.0,7773.0,7711.0,12578.0,1378.0,0.0,1378.0,0.0,2570.0,2570.0,2571.0,2596.0,2580.0,2597.0,17299.0,6996.0,19513.0,0.0,1378.0,0.0,2570.0,2570.0,2571.0
0.0,48613.0,7756.0,7713.0,8434.0,0.0,0.0,0.0,0.0,2571.0,2570.0,2572.0,2590.0,2578.0,2588.0,20225.0,11472.0,16916.0,0.0,0.0,0.0,2571.0,2570.0,2572.0
0.0,49291.0,7743.0,7714.0,5849.0,1114.0,0.0,0.0,1114.0,2572.0,2570.0,2572.0,2578.0,2583.0,2582.0,18340.0,16623.0,14328.0,0.0,0.0,1114.0,2572.0,2570.0,2572.0
0.0,47397.0,7747.0,7716.0,1378.0,3699.0,0.0,0.0,3699.0,2572.0,2571.0,2573.0,2588.0,2579.0,2580.0,15762.0,19889.0,11746.0,0.0,0.0,3699.0,2572.0,2571.0,2573.0
0.0,41028.0,7725.0,7716.0,0.0,8536.0,2264.0,0.0,6272.0,2572.0,2571.0,2573.0,2578.0,2574.0,2573.0,13174.0,18688.0,9166.0,2264.0,0.0,6272.0,2572.0,2571.0,2573.0
0.0,33303.0,7737.0,7719.0,1114.0,12591.0,4844.0,0.0,7747.0,2573.0,2572.0,2574.0,2575.0,2578.0,2584.0,10596.0,16114.0,6593.0,4844.0,0.0,7747.0,2573.0,2572.0,2574.0
0.0,26680.0,7732.0,7719.0,3699.0,15948.0,7417.0,1898.0,6633.0,2573.0,2572.0,2574.0,2573.0,2574.0,2585.0,8021.0,13536.0,5123.0,7417.0,1898.0,6633.0,2573.0,2572.0,2574.0
0.0,22647.0,7785.0,7720.0,8536.0,15202.0,7756.0,4489.0,2957.0,2574.0,2572.0,2574.0,2598.0,2591.0,2596.0,5448.0,10962.0,6237.0,7756.0,4489.0,2957.0,2574.0,2572.0,2574.0
0.0,23398.0,7802.0,7722.0,12591.0,12605.0,5507.0,7098.0,0.0,2574.0,2573.0,2575.0,2595.0,2604.0,2603.0,5114.0,8371.0,9913.0,5507.0,7098.0,0.0,2574.0,2573.0,2575.0
0.0,28187.0,7764.0,7725.0,15948.0,8480.0,682.0,7798.0,0.0,2575.0,2574.0,2576.0,2587.0,2593.0,2584.0,7363.0,5767.0,15057.0,682.0,7798.0,0.0,2575.0,2574.0,2576.0
0.0,36371.0,7756.0,7725.0,15202.0,5886.0,0.0,5886.0,0.0,2575.0,2574.0,2576.0,2589.0,2577.0,2590.0,12193.0,5072.0,19106.0,0.0,5886.0,0.0,2575.0,2574.0,2576.0
0.0,43817.0,7752.0,7727.0,12605.0,1368.0,0.0,1368.0,0.0,2576.0,2574.0,2577.0,2588.0,2580.0,2584.0,17360.0,6984.0,19473.0,0.0,1368.0,0.0,2576.0,2574.0,2577.0
0.0,48670.0,7722.0,7727.0,8480.0,0.0,0.0,0.0,0.0,2576.0,2574.0,2577.0,2568.0,2580.0,2574.0,20279.0,11502.0,16889.0,0.0,0.0,0.0,2576.0,2574.0,2577.0
0.0,49428.0,7766.0,7728.0,5886.0,1163.0,0.0,0.0,1163.0,2576.0,2575.0,2577.0,2583.0,2590.0,2593.0,18393.0,16720.0,14315.0,0.0,0.0,1163.0,2576.0,2575.0,2577.0
0.0,47548.0,7781.0,7731.0,1368.0,3756.0,0.0,0.0,3756.0,2577.0,2576.0,2578.0,2591.0,2602.0,2588.0,15810.0,20016.0,11722.0,0.0,0.0,3756.0,2577.0,2576.0,2578.0
0.0,41135.0,7792.0,7733.0,0.0,8620.0,2268.0,0.0,6352.0,2578.0,2577.0,2578.0,2597.0,2599.0,2596.0,13219.0,18782.0,9134.0,2268.0,0.0,6352.0,2578.0,2577.0,2578.0
1.0,0.0,295.0,295.0,0.0,1475.0,495.0,495.0,485.0,99.0,99.0,97.0,99.0,99.0,97.0,0.0,0.0,0.0,495.0,495.0,485.0,99.0,99.0,97.0
1.0,0.0,298.0,297.0,0.0,1485.0,495.0,500.0,490.0,99.0,100.0,98.0,99.0,100.0,99.0,0.0,0.0,0.0,495.0,500.0,490.0,99.0,100.0,98.0
1.0,0.0,309.0,301.0,0.0,1505.0,495.0,505.0,505.0,99.0,101.0,101.0,98.0,104.0,107.0,0.0,0.0,0.0,495.0,505.0,505.0,99.0,101.0,101.0
1.0,0.0,311.0,304.0,0.0,1520.0,500.0,510.0,510.0,100.0,102.0,102.0,102.0,104.0,105.0,0.0,0.0,0.0,500.0,510.0,510.0,100.0,102.0,102.0
1.0,0.0,299.0,303.0,0.0,1515.0,500.0,505.0,510.0,100.0,101.0,102.0,101.0,97.0,101.0,0.0,0.0,0.0,500.0,505.0,510.0,100.0,101.0,102.0
1.0,0.0,299.0,302.0,0.0,1510.0,500.0,500.0,510.0,100.0,100.0,102.0,100.0,99.0,100.0,0.0,0.0,0.0,500.0,500.0,510.0,100.0,100.0,102.0
1.0,0.0,299.0,301.0,5985.0,0.0,0.0,0.0,0.0,100.0,100.0,101.0,101.0,100.0,98.0,0.0,0.0,0.0,0.0,0.0,0.0,100.0,100.0,101.0
1.0,3875.0,299.0,301.0,1515.0,0.0,0.0,0.0,0.0,100.0,100.0,101.0,100.0,100.0,99.0,1285.0,1307.0,1283.0,0.0,0.0,0.0,100.0,100.0,101.0
1.0,5091.0,312.0,303.0,1510.0,0.0,0.0,0.0,0.0,101.0,101.0,101.0,105.0,103.0,104.0,1685.0,1712.0,1694.0,0.0,0.0,0.0,101.0,101.0,101.0
1.0,6289.0,316.0,303.0,0.0,0.0,0.0,0.0,0.0,101.0,101.0,101.0,107.0,106.0,103.0,2080.0,2109.0,2100.0,0.0,0.0,0.0,101.0,101.0,101.0
1.0,5973.0,306.0,303.0,0.0,0.0,0.0,0.0,0.0,101.0,101.0,101.0,102.0,101.0,103.0,1973.0,2003.0,1997.0,0.0,0.0,0.0,101.0,101.0,101.0
1.0,5667.0,307.0,303.0,0.0,0.0,0.0,0.0,0.0,101.0,101.0,101.0,103.0,104.0,100.0,1871.0,1902.0,1894.0,0.0,0.0,0.0,101.0,101.0,101.0
1.0,5360.0,298.0,303.0,0.0,0.0,0.0,0.0,0.0,101.0,101.0,101.0,101.0,96.0,101.0,1768.0,1798.0,1794.0,0.0,0.0,0.0,101.0,101.0,101.0
1.0,5062.0,306.0,303.0,0.0,0.0,0.0,0.0,0.0,101.0,101.0,101.0,102.0,104.0,100.0,1667.0,1702.0,1693.0,0.0,0.0,0.0,101.0,101.0,101.0
1.0,4756.0,313.0,305.0,0.0,0.0,0.0,0.0,0.0,102.0,101.0,102.0,104.0,102.0,107.0,1565.0,1598.0,1593.0,0.0,0.0,0.0,102.0,101.0,102.0
1.0,4443.0,323.0,306.0,0.0,0.0,0.0,0.0,0.0,102.0,102.0,102.0,108.0,108.0,107.0,1461.0,1496.0,1486.0,0.0,0.0,0.0,102.0,102.0,102.0
1.0,4120.0,324.0,307.0,0.0,0.0,0.0,0.0,0.0,102.0,102.0,103.0,104.0,108.0,112.0,1353.0,1388.0,1379.0,0.0,0.0,0.0,102.0,102.0,103.0
1.0,3796.0,315.0,307.0,0.0,0.0,0.0,0.0,0.0,102.0,102.0,103.0,104.0,105.0,106.0,1249.0,1280.0,1267.0,0.0,0.0,0.0,102.0,102.0,103.0
1.0,3481.0,306.0,307.0,0.0,0.0,0.0,0.0,0.0,102.0,102.0,103.0,100.0,101.0,105.0,1145.0,1175.0,1161.0,0.0,0.0,0.0,102.0,102.0,103.0
1.0,3175.0,299.0,307.0,0.0,0.0,0.0,0.0,0.0,102.0,102.0,103.0,102.0,98.0,99.0,1045.0,1074.0,1056.0,0.0,0.0,0.0,102.0,102.0,103.0
1.0,2876.0,296.0,306.0,0.0,0.0,0.0,0.0,0.0,102.0,102.0,102.0,99.0,98.0,99.0,943.0,976.0,957.0,0.0,0.0,0.0,102.0,102.0,102.0
1.0,2580.0,316.0,307.0,0.0,0.0,0.0,0.0,0.0,102.0,102.0,103.0,109.0,102.0,105.0,844.0,878.0,858.0,0.0,0.0,0.0,102.0,102.0,103.0
1.0,2264.0,310.0,307.0,0.0,0.0,0.0,0.0,0.0,102.0,102.0,103.0,102.0,106.0,102.0,735.0,776.0,753.0,0.0,0.0,0.0,102.0,102.0,103.0
1.0,1954.0,329.0,308.0,0.0,0.0,0.0,0.0,0.0,103.0,102.0,103.0,110.0,111.0,108.0,633.0,670.0,651.0,0.0,0.0,0.0,103.0,102.0,103.0
1.0,1625.0,319.0,309.0,0.0,239.0,96.0,64.0,79.0,103.0,103.0,103.0,104.0,108.0,107.0,523.0,559.0,543.0,96.0,64.0,79.0,103.0,103.0,103.0
1.0,1306.0,308.0,309.0,0.0,547.0,197.0,166.0,184.0,103.0,103.0,103.0,101.0,102.0,105.0,419.0,451.0,436.0,197.0,166.0,184.0,103.0,103.0,103.0
1.0,998.0,298.0,307.0,0.0,835.0,289.0,261.0,285.0,102.0,102.0,103.0,97.0,100.0,101.0,318.0,349.0,331.0,289.0,261.0,285.0,102.0,102.0,103.0
1.0,700.0,310.0,307.0,239.0,906.0,295.0,301.0,310.0,102.0,102.0,103.0,102.0,104.0,104.0,221.0,249.0,230.0,295.0,301.0,310.0,102.0,102.0,103.0
1.0,629.0,320.0,309.0,547.0,689.0,211.0,245.0,233.0,103.0,103.0,103.0,108.0,105.0,107.0,215.0,209.0,205.0,211.0,245.0,233.0,103.0,103.0,103.0
1.0,856.0,318.0,309.0,835.0,172.0,32.0,88.0,52.0,103.0,103.0,103.0,110.0,104.0,104.0,304.0,270.0,282.0,32.0,88.0,52.0,103.0,103.0,103.0
1.0,1373.0,326.0,309.0,906.0,0.0,0.0,0.0,0.0,103.0,103.0,103.0,111.0,107.0,108.0,483.0,427.0,463.0,0.0,0.0,0.0,103.0,103.0,103.0
1.0,1953.0,321.0,309.0,689.0,0.0,0.0,0.0,0.0,103.0,103.0,103.0,109.0,108.0,104.0,667.0,621.0,665.0,0.0,0.0,0.0,103.0,103.0,103.0
1.0,2321.0,312.0,309.0,172.0,0.0,0.0,0.0,0.0,103.0,103.0,103.0,104.0,107.0,101.0,769.0,758.0,794.0,0.0,0.0,0.0,103.0,103.0,103.0
1.0,2181.0,312.0,309.0,0.0,0.0,0.0,0.0,0.0,103.0,103.0,103.0,103.0,107.0,102.0,697.0,739.0,745.0,0.0,0.0,0.0,103.0,103.0,103.0
1.0,1869.0,319.0,309.0,0.0,26.0,26.0,0.0,0.0,103.0,103.0,103.0,105.0,108.0,106.0,594.0,632.0,643.0,26.0,0.0,0.0,103.0,103.0,103.0
1.0,1550.0,321.0,309.0,0.0,316.0,133.0,96.0,87.0,103.0,103.0,103.0,107.0,105.0,109.0,489.0,524.0,537.0,133.0,96.0,87.0,103.0,103.0,103.0
1.0,1229.0,328.0,311.0,0.0,654.0,248.0,203.0,203.0,104.0,103.0,104.0,110.0,107.0,111.0,382.0,419.0,428.0,248.0,203.0,203.0,104.0,103.0,104.0
1.0,901.0,332.0,312.0,26.0,965.0,335.0,318.0,312.0,104.0,104.0,104.0,113.0,110.0,109.0,272.0,312.0,317.0,335.0,318.0,312.0,104.0,104.0,104.0
1.0,595.0,328.0,312.0,316.0,977.0,312.0,329.0,336.0,104.0,104.0,104.0,110.0,107.0,111.0,185.0,202.0,208.0,312.0,329.0,336.0,104.0,104.0,104.0
1.0,583.0,318.0,312.0,654.0,641.0,171.0,232.0,238.0,104.0,104.0,104.0,107.0,106.0,105.0,208.0,191.0,184.0,171.0,232.0,238.0,104.0,104.0,104.0
1.0,919.0,313.0,312.0,965.0,49.0,0.0,18.0,31.0,104.0,104.0,104.0,104.0,104.0,105.0,349.0,288.0,282.0,0.0,18.0,31.0,104.0,104.0,104.0
1.0,1571.0,307.0,312.0,977.0,0.0,0.0,0.0,0.0,104.0,104.0,104.0,98.0,107.0,102.0,580.0,502.0,489.0,0.0,0.0,0.0,104.0,104.0,104.0
1.0,2241.0,329.0,312.0,641.0,0.0,0.0,0.0,0.0,104.0,104.0,104.0,111.0,109.0,109.0,794.0,724.0,723.0,0.0,0.0,0.0,104.0,104.0,104.0
1.0,2553.0,336.0,312.0,49.0,0.0,0.0,0.0,0.0,104.0,104.0,104.0,113.0,112.0,111.0,854.0,847.0,852.0,0.0,0.0,0.0,104.0,104.0,104.0
1.0,2266.0,347.0,313.0,0.0,0.0,0.0,0.0,0.0,105.0,104.0,104.0,117.0,117.0,113.0,741.0,753.0,772.0,0.0,0.0,0.0,105.0,104.0,104.0
1.0,1919.0,333.0,315.0,0.0,12.0,12.0,0.0,0.0,105.0,105.0,105.0,111.0,111.0,111.0,624.0,636.0,659.0,12.0,0.0,0.0,105.0,105.0,105.0
1.0,1586.0,324.0,315.0,0.0,313.0,123.0,103.0,87.0,105.0,105.0,105.0,111.0,103.0,110.0,513.0,525.0,548.0,123.0,103.0,87.0,105.0,105.0,105.0
1.0,1262.0,319.0,315.0,0.0,632.0,225.0,208.0,199.0,105.0,105.0,105.0,102.0,105.0,112.0,402.0,422.0,438.0,225.0,208.0,199.0,105.0,105.0,105.0
1.0,943.0,318.0,315.0,12.0,938.0,318.0,313.0,307.0,105.0,105.0,105.0,105.0,105.0,108.0,300.0,317.0,326.0,318.0,313.0,307.0,105.0,105.0,105.0
1.0,637.0,326.0,315.0,313.0,951.0,303.0,321.0,327.0,105.0,105.0,105.0,108.0,111.0,107.0,207.0,212.0,218.0,303.0,321.0,327.0,105.0,105.0,105.0
1.0,624.0,327.0,315.0,632.0,646.0,187.0,224.0,235.0,105.0,105.0,105.0,109.0,111.0,107.0,222.0,204.0,198.0,187.0,224.0,235.0,105.0,105.0,105.0
1.0,929.0,343.0,315.0,938.0,68.0,0.0,29.0,39.0,105.0,105.0,105.0,114.0,118.0,111.0,338.0,301.0,290.0,0.0,29.0,39.0,105.0,105.0,105.0
1.0,1524.0,338.0,315.0,951.0,0.0,0.0,0.0,0.0,105.0,105.0,105.0,115.0,113.0,110.0,542.0,496.0,486.0,0.0,0.0,0.0,105.0,105.0,105.0
1.0,2137.0,330.0,318.0,646.0,0.0,0.0,0.0,0.0,106.0,106.0,106.0,113.0,108.0,109.0,730.0,704.0,703.0,0.0,0.0,0.0,106.0,106.0,106.0
1.0,2453.0,323.0,318.0,68.0,0.0,0.0,0.0,0.0,106.0,106.0,106.0,106.0,107.0,110.0,804.0,820.0,829.0,0.0,0.0,0.0,106.0,106.0,106.0
1.0,2198.0,324.0,318.0,0.0,0.0,0.0,0.0,0.0,106.0,106.0,106.0,107.0,107.0,110.0,698.0,742.0,758.0,0.0,0.0,0.0,106.0,106.0,106.0
1.0,1874.0,332.0,318.0,0.0,53.0,51.0,2.0,0.0,106.0,106.0,106.0,112.0,107.0,113.0,591.0,635.0,648.0,51.0,2.0,0.0,106.0,106.0,106.0
1.0,1542.0,347.0,318.0,0.0,395.0,166.0,117.0,112.0,106.0,106.0,106.0,115.0,115.0,117.0,479.0,528.0,535.0,166.0,117.0,112.0,106.0,106.0,106.0
1.0,1195.0,344.0,320.0,0.0,749.0,282.0,231.0,236.0,107.0,106.0,107.0,111.0,114.0,119.0,364.0,413.0,418.0,282.0,231.0,236.0,107.0,106.0,107.0
1.0,851.0,335.0,321.0,53.0,1036.0,343.0,346.0,347.0,107.0,107.0,107.0,112.0,112.0,111.0,253.0,299.0,299.0,343.0,346.0,347.0,107.0,107.0,107.0
1.0,569.0,333.0,321.0,395.0,974.0,286.0,339.0,349.0,107.0,107.0,107.0,109.0,110.0,114.0,192.0,189.0,188.0,286.0,339.0,349.0,107.0,107.0,107.0
1.0,631.0,323.0,321.0,749.0,548.0,113.0,220.0,215.0,107.0,107.0,107.0,109.0,112.0,102.0,249.0,196.0,186.0,113.0,220.0,215.0,107.0,107.0,107.0
1.0,1057.0,324.0,321.0,1036.0,0.0,0.0,0.0,0.0,107.0,107.0,107.0,112.0,109.0,103.0,422.0,315.0,320.0,0.0,0.0,0.0,107.0,107.0,107.0
1.0,1769.0,333.0,321.0,974.0,0.0,0.0,0.0,0.0,107.0,107.0,107.0,110.0,110.0,113.0,653.0,552.0,564.0,0.0,0.0,0.0,107.0,107.0,107.0
1.0,2410.0,342.0,323.0,548.0,0.0,0.0,0.0,0.0,108.0,107.0,108.0,113.0,114.0,115.0,829.0,781.0,800.0,0.0,0.0,0.0,108.0,107.0,108.0
1.0,2616.0,351.0,324.0,0.0,0.0,0.0,0.0,0.0,108.0,108.0,108.0,117.0,115.0,119.0,829.0,887.0,900.0,0.0,0.0,0.0,108.0,108.0,108.0
1.0,2265.0,344.0,324.0,0.0,0.0,0.0,0.0,0.0,108.0,108.0,108.0,115.0,115.0,114.0,712.0,772.0,781.0,0.0,0.0,0.0,108.0,108.0,108.0
1.0,1921.0,339.0,324.0,0.0,56.0,56.0,0.0,0.0,108.0,108.0,108.0,113.0,110.0,116.0,597.0,657.0,667.0,56.0,0.0,0.0,108.0,108.0,108.0
1.0,1582.0,334.0,324.0,0.0,372.0,166.0,105.0,101.0,108.0,108.0,108.0,110.0,112.0,112.0,484.0,547.0,551.0,166.0,105.0,101.0,108.0,108.0,108.0
1.0,1248.0,335.0,324.0,0.0,707.0,275.0,218.0,214.0,108.0,108.0,108.0,109.0,113.0,113.0,374.0,435.0,439.0,275.0,218.0,214.0,108.0,108.0,108.0
1.0,913.0,345.0,327.0,56.0,1011.0,340.0,341.0,330.0,109.0,109.0,109.0,116.0,118.0,111.0,265.0,322.0,326.0,340.0,341.0,330.0,109.0,109.0,109.0
1.0,624.0,344.0,327.0,372.0,983.0,285.0,352.0,346.0,109.0,109.0,109.0,111.0,116.0,117.0,205.0,204.0,215.0,285.0,352.0,346.0,109.0,109.0,109.0
1.0,652.0,353.0,327.0,707.0,629.0,128.0,251.0,250.0,109.0,109.0,109.0,118.0,117.0,118.0,260.0,193.0,199.0,128.0,251.0,250.0,109.0,109.0,109.0
1.0,1006.0,346.0,327.0,1011.0,57.0,0.0,22.0,35.0,109.0,109.0,109.0,119.0,112.0,115.0,417.0,294.0,295.0,0.0,22.0,35.0,109.0,109.0,109.0
1.0,1671.0,339.0,330.0,983.0,0.0,0.0,0.0,0.0,110.0,110.0,110.0,115.0,112.0,112.0,638.0,523.0,510.0,0.0,0.0,0.0,110.0,110.0,110.0
1.0,2315.0,337.0,330.0,629.0,0.0,0.0,0.0,0.0,110.0,110.0,110.0,112.0,112.0,113.0,808.0,763.0,744.0,0.0,0.0,0.0,110.0,110.0,110.0
1.0,2607.0,344.0,330.0,57.0,0.0,0.0,0.0,0.0,110.0,110.0,110.0,115.0,114.0,115.0,824.0,902.0,881.0,0.0,0.0,0.0,110.0,110.0,110.0
1.0,2320.0,346.0,330.0,0.0,0.0,0.0,0.0,0.0,110.0,110.0,110.0,113.0,117.0,116.0,709.0,810.0,801.0,0.0,0.0,0.0,110.0,110.0,110.0
1.0,1974.0,367.0,331.0,0.0,79.0,79.0,0.0,0.0,111.0,110.0,110.0,120.0,125.0,122.0,596.0,693.0,685.0,79.0,0.0,0.0,111.0,110.0,110.0
1.0,1607.0,355.0,333.0,0.0,413.0,195.0,108.0,110.0,111.0,111.0,111.0,116.0,121.0,118.0,476.0,568.0,563.0,195.0,108.0,110.0,111.0,111.0,111.0
1.0,1252.0,359.0,333.0,0.0,772.0,313.0,229.0,230.0,111.0,111.0,111.0,118.0,121.0,120.0,360.0,447.0,445.0,313.0,229.0,230.0,111.0,111.0,111.0
1.0,893.0,344.0,333.0,79.0,1037.0,350.0,343.0,344.0,111.0,111.0,111.0,116.0,114.0,114.0,242.0,326.0,325.0,350.0,343.0,344.0,111.0,111.0,111.0
1.0,628.0,336.0,333.0,413.0,960.0,270.0,346.0,344.0,111.0,111.0,111.0,115.0,111.0,110.0,205.0,212.0,211.0,270.0,346.0,344.0,111.0,111.0,111.0
1.0,705.0,339.0,333.0,772.0,527.0,71.0,231.0,225.0,111.0,111.0,111.0,114.0,114.0,111.0,285.0,209.0,211.0,71.0,231.0,225.0,111.0,111.0,111.0
1.0,1138.0,345.0,336.0,859.0,63.0,0.0,26.0,37.0,112.0,112.0,112.0,115.0,116.0,114.0,484.0,324.0,330.0,0.0,26.0,37.0,112.0,112.0,112.0
1.0,1652.0,359.0,336.0,62.0,325.0,32.0,138.0,155.0,112.0,112.0,112.0,119.0,122.0,118.0,595.0,534.0,523.0,32.0,138.0,155.0,112.0,112.0,112.0
1.0,1355.0,353.0,336.0,629.0,122.0,0.0,58.0,64.0,112.0,112.0,112.0,114.0,120.0,119.0,528.0,422.0,405.0,0.0,58.0,64.0,112.0,112.0,112.0
1.0,1631.0,352.0,336.0,1037.0,0.0,0.0,0.0,0.0,112.0,112.0,112.0,115.0,118.0,119.0,633.0,502.0,496.0,0.0,0.0,0.0,112.0,112.0,112.0
1.0,2316.0,343.0,337.0,325.0,0.0,0.0,0.0,0.0,112.0,113.0,112.0,115.0,114.0,114.0,712.0,794.0,810.0,0.0,0.0,0.0,112.0,113.0,112.0
1.0,2298.0,342.0,338.0,122.0,45.0,45.0,0.0,0.0,112.0,113.0,113.0,114.0,112.0,116.0,629.0,818.0,851.0,45.0,0.0,0.0,112.0,113.0,113.0
1.0,2078.0,347.0,338.0,0.0,164.0,164.0,0.0,0.0,112.0,113.0,113.0,119.0,114.0,114.0,515.0,764.0,799.0,164.0,0.0,0.0,112.0,113.0,113.0
1.0,1731.0,363.0,339.0,0.0,327.0,293.0,32.0,2.0,113.0,113.0,113.0,124.0,117.0,122.0,396.0,650.0,685.0,293.0,32.0,2.0,113.0,113.0,113.0
1.0,1368.0,368.0,339.0,45.0,650.0,371.0,156.0,123.0,113.0,113.0,113.0,123.0,124.0,121.0,272.0,533.0,563.0,371.0,156.0,123.0,113.0,113.0,113.0
1.0,1045.0,368.0,342.0,164.0,869.0,334.0,286.0,249.0,114.0,114.0,114.0,122.0,125.0,121.0,194.0,409.0,442.0,334.0,286.0,249.0,114.0,114.0,114.0
1.0,841.0,363.0,342.0,327.0,905.0,162.0,377.0,366.0,114.0,114.0,114.0,121.0,123.0,119.0,236.0,284.0,321.0,162.0,377.0,366.0,114.0,114.0,114.0
1.0,805.0,355.0,342.0,650.0,699.0,0.0,341.0,358.0,114.0,114.0,114.0,120.0,120.0,115.0,408.0,193.0,204.0,0.0,341.0,358.0,114.0,114.0,114.0
1.0,1100.0,346.0,342.0,869.0,394.0,0.0,172.0,222.0,114.0,114.0,114.0,116.0,117.0,113.0,659.0,229.0,212.0,0.0,172.0,222.0,114.0,114.0,114.0
1.0,1623.0,352.0,342.0,905.0,0.0,0.0,0.0,0.0,114.0,114.0,114.0,114.0,118.0,120.0,877.0,398.0,348.0,0.0,0.0,0.0,114.0,114.0,114.0
1.0,2176.0,364.0,343.0,699.0,0.0,0.0,0.0,0.0,114.0,115.0,114.0,121.0,123.0,120.0,925.0,657.0,594.0,0.0,0.0,0.0,114.0,115.0,114.0
1.0,2511.0,369.0,344.0,394.0,0.0,0.0,0.0,0.0,115.0,115.0,114.0,127.0,120.0,122.0,804.0,875.0,832.0,0.0,0.0,0.0,115.0,115.0,114.0
1.0,2536.0,370.0,345.0,0.0,21.0,21.0,0.0,0.0,115.0,115.0,115.0,123.0,123.0,124.0,677.0,927.0,932.0,21.0,0.0,0.0,115.0,115.0,115.0
1.0,2166.0,365.0,345.0,0.0,142.0,142.0,0.0,0.0,115.0,115.0,115.0,121.0,120.0,124.0,554.0,804.0,808.0,142.0,0.0,0.0,115.0,115.0,115.0
1.0,1801.0,351.0,346.0,0.0,280.0,257.0,14.0,9.0,115.0,116.0,115.0,115.0,118.0,118.0,433.0,684.0,684.0,257.0,14.0,9.0,115.0,116.0,115.0
1.0,1450.0,343.0,345.0,21.0,597.0,350.0,123.0,124.0,115.0,115.0,115.0,114.0,114.0,115.0,318.0,566.0,566.0,350.0,123.0,124.0,115.0,115.0,115.0
1.0,1128.0,344.0,346.0,142.0,804.0,325.0,243.0,236.0,115.0,116.0,115.0,117.0,115.0,112.0,225.0,452.0,451.0,325.0,243.0,236.0,115.0,116.0,115.0
1.0,926.0,364.0,348.0,280.0,898.0,197.0,352.0,349.0,116.0,116.0,116.0,124.0,123.0,117.0,250.0,337.0,339.0,197.0,352.0,349.0,116.0,116.0,116.0
1.0,842.0,383.0,348.0,597.0,709.0,0.0,359.0,350.0,116.0,116.0,116.0,128.0,130.0,125.0,383.0,228.0,231.0,0.0,359.0,350.0,116.0,116.0,116.0
1.0,1056.0,381.0,349.0,804.0,486.0,0.0,245.0,241.0,116.0,117.0,116.0,130.0,124.0,127.0,605.0,221.0,230.0,0.0,245.0,241.0,116.0,117.0,116.0
1.0,1479.0,373.0,350.0,898.0,35.0,0.0,15.0,20.0,117.0,117.0,116.0,123.0,122.0,128.0,800.0,340.0,339.0,0.0,15.0,20.0,117.0,117.0,116.0
1.0,2004.0,358.0,351.0,709.0,0.0,0.0,0.0,0.0,117.0,117.0,117.0,118.0,117.0,123.0,874.0,570.0,560.0,0.0,0.0,0.0,117.0,117.0,117.0
1.0,2355.0,358.0,351.0,486.0,0.0,0.0,0.0,0.0,117.0,117.0,117.0,118.0,119.0,121.0,756.0,812.0,787.0,0.0,0.0,0.0,117.0,117.0,117.0
1.0,2483.0,356.0,351.0,22.0,65.0,65.0,0.0,0.0,117.0,117.0,117.0,118.0,117.0,121.0,638.0,938.0,907.0,65.0,0.0,0.0,117.0,117.0,117.0
1.0,2149.0,365.0,351.0,13.0,188.0,188.0,0.0,0.0,117.0,117.0,117.0,123.0,122.0,120.0,520.0,823.0,806.0,188.0,0.0,0.0,117.0,117.0,117.0
1.0,1797.0,378.0,353.0,0.0,347.0,322.0,0.0,25.0,118.0,118.0,117.0,129.0,123.0,126.0,397.0,714.0,686.0,322.0,0.0,25.0,118.0,118.0,117.0
1.0,1419.0,384.0,354.0,65.0,670.0,387.0,127.0,156.0,118.0,118.0,118.0,130.0,128.0,126.0,268.0,591.0,560.0,387.0,127.0,156.0,118.0,118.0,118.0
1.0,1100.0,378.0,354.0,188.0,860.0,325.0,256.0,279.0,118.0,118.0,118.0,126.0,129.0,123.0,203.0,463.0,434.0,325.0,256.0,279.0,118.0,118.0,118.0
1.0,910.0,371.0,355.0,347.0,889.0,133.0,381.0,375.0,119.0,118.0,118.0,125.0,125.0,121.0,265.0,334.0,311.0,133.0,381.0,375.0,119.0,118.0,118.0
1.0,886.0,351.0,354.0,670.0,708.0,0.0,370.0,338.0,118.0,118.0,118.0,116.0,116.0,119.0,462.0,209.0,215.0,0.0,370.0,338.0,118.0,118.0,118.0
1.0,1205.0,360.0,356.0,860.0,420.0,0.0,241.0,179.0,119.0,119.0,118.0,118.0,122.0,120.0,733.0,220.0,252.0,0.0,241.0,179.0,119.0,119.0,118.0
1.0,1705.0,372.0,356.0,889.0,0.0,0.0,0.0,0.0,119.0,119.0,118.0,127.0,121.0,124.0,940.0,354.0,411.0,0.0,0.0,0.0,119.0,119.0,118.0
1.0,2222.0,378.0,357.0,708.0,0.0,0.0,0.0,0.0,119.0,119.0,119.0,126.0,124.0,128.0,946.0,614.0,662.0,0.0,0.0,0.0,119.0,119.0,119.0
1.0,2552.0,382.0,357.0,420.0,0.0,0.0,0.0,0.0,119.0,119.0,119.0,127.0,127.0,128.0,820.0,860.0,872.0,0.0,0.0,0.0,119.0,119.0,119.0
1.0,2590.0,376.0,358.0,0.0,34.0,34.0,0.0,0.0,120.0,119.0,119.0,127.0,123.0,126.0,693.0,974.0,923.0,34.0,0.0,0.0,120.0,119.0,119.0
1.0,2214.0,373.0,359.0,0.0,159.0,159.0,0.0,0.0,120.0,120.0,119.0,125.0,126.0,122.0,566.0,851.0,797.0,159.0,0.0,0.0,120.0,120.0,119.0
1.0,1841.0,364.0,360.0,0.0,325.0,277.0,0.0,48.0,120.0,120.0,120.0,118.0,123.0,123.0,441.0,725.0,675.0,277.0,0.0,48.0,120.0,120.0,120.0
1.0,1477.0,360.0,360.0,34.0,649.0,360.0,121.0,168.0,120.0,120.0,120.0,117.0,123.0,120.0,323.0,602.0,552.0,360.0,121.0,168.0,120.0,120.0,120.0
1.0,1151.0,377.0,360.0,159.0,867.0,326.0,245.0,296.0,120.0,120.0,120.0,125.0,124.0,128.0,240.0,479.0,432.0,326.0,245.0,296.0,120.0,120.0,120.0
1.0,933.0,375.0,360.0,325.0,917.0,174.0,371.0,372.0,120.0,120.0,120.0,125.0,126.0,124.0,274.0,355.0,304.0,174.0,371.0,372.0,120.0,120.0,120.0
1.0,883.0,379.0,362.0,649.0,708.0,0.0,378.0,330.0,121.0,121.0,120.0,130.0,123.0,126.0,426.0,229.0,228.0,0.0,378.0,330.0,121.0,121.0,120.0
1.0,1153.0,385.0,363.0,867.0,427.0,0.0,258.0,169.0,121.0,121.0,121.0,130.0,125.0,130.0,656.0,227.0,270.0,0.0,258.0,169.0,121.0,121.0,121.0
1.0,1635.0,375.0,363.0,917.0,12.0,0.0,12.0,0.0,121.0,121.0,121.0,125.0,125.0,125.0,852.0,347.0,436.0,0.0,12.0,0.0,121.0,121.0,121.0
1.0,2177.0,367.0,363.0,509.0,0.0,0.0,0.0,0.0,121.0,121.0,121.0,121.0,125.0,121.0,901.0,593.0,683.0,0.0,0.0,0.0,121.0,121.0,121.0
1.0,2319.0,377.0,363.0,81.0,0.0,0.0,0.0,0.0,121.0,121.0,121.0,123.0,128.0,126.0,780.0,794.0,745.0,0.0,0.0,0.0,121.0,121.0,121.0
1.0,2023.0,386.0,364.0,395.0,81.0,81.0,0.0,0.0,122.0,121.0,121.0,128.0,130.0,128.0,657.0,666.0,700.0,81.0,0.0,0.0,122.0,121.0,121.0
1.0,2032.0,388.0,365.0,162.0,213.0,213.0,0.0,0.0,122.0,122.0,121.0,132.0,131.0,125.0,529.0,696.0,807.0,213.0,0.0,0.0,122.0,122.0,121.0
1.0,1806.0,385.0,366.0,0.0,409.0,340.0,13.0,56.0,122.0,122.0,122.0,127.0,130.0,128.0,397.0,727.0,682.0,340.0,13.0,56.0,122.0,122.0,122.0
1.0,1421.0,390.0,366.0,81.0,718.0,390.0,143.0,185.0,122.0,122.0,122.0,131.0,130.0,129.0,270.0,597.0,554.0,390.0,143.0,185.0,122.0,122.0,122.0
1.0,1112.0,369.0,366.0,213.0,874.0,301.0,264.0,309.0,122.0,122.0,122.0,124.0,121.0,124.0,220.0,467.0,425.0,301.0,264.0,309.0,122.0,122.0,122.0
1.0,956.0,375.0,367.0,409.0,845.0,91.0,378.0,376.0,123.0,122.0,122.0,125.0,127.0,123.0,309.0,346.0,301.0,91.0,378.0,376.0,123.0,122.0,122.0
1.0,990.0,376.0,367.0,718.0,677.0,0.0,358.0,319.0,123.0,122.0,122.0,125.0,123.0,128.0,524.0,232.0,234.0,0.0,358.0,319.0,123.0,122.0,122.0
1.0,1332.0,388.0,369.0,874.0,375.0,0.0,231.0,144.0,123.0,123.0,123.0,127.0,132.0,129.0,789.0,252.0,291.0,0.0,231.0,144.0,123.0,123.0,123.0
1.0,1818.0,395.0,369.0,845.0,0.0,0.0,0.0,0.0,123.0,123.0,123.0,130.0,135.0,130.0,963.0,384.0,471.0,0.0,0.0,0.0,123.0,123.0,123.0
1.0,2268.0,402.0,371.0,677.0,0.0,0.0,0.0,0.0,124.0,124.0,123.0,133.0,138.0,131.0,924.0,627.0,717.0,0.0,0.0,0.0,124.0,124.0,123.0
1.0,2543.0,401.0,371.0,375.0,0.0,0.0,0.0,0.0,124.0,124.0,123.0,135.0,134.0,132.0,791.0,847.0,905.0,0.0,0.0,0.0,124.0,124.0,123.0
1.0,2517.0,389.0,372.0,0.0,97.0,97.0,0.0,0.0,124.0,124.0,124.0,133.0,129.0,127.0,656.0,944.0,917.0,97.0,0.0,0.0,124.0,124.0,124.0
1.0,2128.0,379.0,372.0,0.0,225.0,225.0,0.0,0.0,124.0,124.0,124.0,128.0,124.0,127.0,523.0,815.0,790.0,225.0,0.0,0.0,124.0,124.0,124.0
1.0,1749.0,374.0,372.0,0.0,485.0,352.0,52.0,81.0,124.0,124.0,124.0,127.0,123.0,124.0,395.0,691.0,663.0,352.0,52.0,81.0,124.0,124.0,124.0
1.0,1375.0,380.0,372.0,97.0,768.0,380.0,178.0,210.0,124.0,124.0,124.0,125.0,126.0,129.0,268.0,568.0,539.0,380.0,178.0,210.0,124.0,124.0,124.0
1.0,1092.0,398.0,374.0,225.0,951.0,293.0,317.0,341.0,125.0,125.0,124.0,133.0,134.0,131.0,240.0,442.0,410.0,293.0,317.0,341.0,125.0,125.0,124.0
1.0,919.0,401.0,375.0,485.0,872.0,72.0,401.0,399.0,125.0,125.0,125.0,131.0,136.0,134.0,332.0,308.0,279.0,72.0,401.0,399.0,125.0,125.0,125.0
1.0,1003.0,397.0,375.0,768.0,678.0,0.0,355.0,323.0,125.0,125.0,125.0,131.0,132.0,134.0,553.0,224.0,226.0,0.0,355.0,323.0,125.0,125.0,125.0
1.0,1374.0,393.0,375.0,951.0,282.0,0.0,168.0,114.0,125.0,125.0,125.0,131.0,130.0,132.0,802.0,270.0,302.0,0.0,168.0,114.0,125.0,125.0,125.0
1.0,1932.0,381.0,375.0,644.0,68.0,0.0,0.0,68.0,125.0,125.0,125.0,127.0,129.0,125.0,964.0,457.0,511.0,0.0,0.0,68.0,125.0,125.0,125.0
1.0,2195.0,386.0,377.0,402.0,152.0,0.0,0.0,152.0,126.0,126.0,125.0,129.0,126.0,131.0,909.0,729.0,557.0,0.0,0.0,152.0,126.0,126.0,125.0
1.0,2211.0,391.0,378.0,571.0,0.0,0.0,0.0,0.0,126.0,126.0,126.0,132.0,128.0,131.0,780.0,958.0,473.0,0.0,0.0,0.0,126.0,126.0,126.0
1.0,2391.0,401.0,378.0,223.0,115.0,115.0,0.0,0.0,126.0,126.0,126.0,133.0,133.0,135.0,648.0,928.0,815.0,115.0,0.0,0.0,126.0,126.0,126.0
1.0,2213.0,399.0,379.0,212.0,250.0,250.0,0.0,0.0,127.0,126.0,126.0,130.0,136.0,133.0,515.0,805.0,893.0,250.0,0.0,0.0,127.0,126.0,126.0
1.0,2026.0,395.0,381.0,0.0,420.0,382.0,38.0,0.0,127.0,127.0,127.0,132.0,132.0,131.0,385.0,729.0,912.0,382.0,38.0,0.0,127.0,127.0,127.0
1.0,1631.0,395.0,381.0,115.0,571.0,399.0,172.0,0.0,127.0,127.0,127.0,132.0,134.0,129.0,253.0,597.0,781.0,399.0,172.0,0.0,127.0,127.0,127.0
1.0,1351.0,389.0,381.0,250.0,693.0,282.0,301.0,110.0,127.0,127.0,127.0,133.0,129.0,127.0,236.0,463.0,652.0,282.0,301.0,110.0,127.0,127.0,127.0
1.0,1212.0,397.0,381.0,420.0,670.0,30.0,397.0,243.0,127.0,127.0,127.0,130.0,134.0,133.0,353.0,334.0,525.0,30.0,397.0,243.0,127.0,127.0,127.0
1.0,1235.0,401.0,381.0,571.0,736.0,0.0,360.0,376.0,127.0,127.0,127.0,133.0,135.0,133.0,605.0,238.0,392.0,0.0,360.0,376.0,127.0,127.0,127.0
1.0,1405.0,407.0,383.0,693.0,601.0,0.0,200.0,401.0,128.0,128.0,127.0,136.0,136.0,135.0,871.0,275.0,259.0,0.0,200.0,401.0,128.0,128.0,127.0
1.0,1691.0,408.0,384.0,670.0,300.0,0.0,0.0,300.0,128.0,128.0,128.0,137.0,134.0,137.0,1017.0,440.0,234.0,0.0,0.0,300.0,128.0,128.0,128.0
1.0,1953.0,406.0,384.0,736.0,58.0,0.0,0.0,58.0,128.0,128.0,128.0,136.0,136.0,134.0,910.0,703.0,340.0,0.0,0.0,58.0,128.0,128.0,128.0
1.0,2283.0,389.0,384.0,601.0,0.0,0.0,0.0,0.0,128.0,128.0,128.0,133.0,127.0,129.0,774.0,927.0,582.0,0.0,0.0,0.0,128.0,128.0,128.0
1.0,2495.0,391.0,384.0,300.0,132.0,132.0,0.0,0.0,128.0,128.0,128.0,133.0,130.0,128.0,641.0,1000.0,854.0,132.0,0.0,0.0,128.0,128.0,128.0
1.0,2404.0,387.0,384.0,58.0,263.0,263.0,0.0,0.0,128.0,128.0,128.0,131.0,128.0,128.0,508.0,870.0,1026.0,263.0,0.0,0.0,128.0,128.0,128.0
1.0,2075.0,402.0,386.0,0.0,441.0,404.0,37.0,0.0,129.0,129.0,128.0,136.0,134.0,132.0,377.0,742.0,956.0,404.0,37.0,0.0,129.0,129.0,128.0
1.0,1673.0,413.0,387.0,132.0,586.0,409.0,177.0,0.0,129.0,129.0,129.0,137.0,140.0,136.0,241.0,608.0,824.0,409.0,177.0,0.0,129.0,129.0,129.0
1.0,1392.0,416.0,387.0,263.0,696.0,284.0,316.0,96.0,129.0,129.0,129.0,138.0,139.0,139.0,236.0,468.0,688.0,284.0,316.0,96.0,129.0,129.0,129.0
1.0,1239.0,411.0,389.0,441.0,676.0,19.0,421.0,236.0,130.0,130.0,129.0,134.0,137.0,140.0,361.0,329.0,549.0,19.0,421.0,236.0,130.0,130.0,129.0
1.0,1269.0,396.0,389.0,586.0,744.0,0.0,373.0,371.0,130.0,130.0,129.0,132.0,129.0,135.0,631.0,229.0,409.0,0.0,373.0,371.0,130.0,130.0,129.0
1.0,1459.0,394.0,389.0,696.0,597.0,0.0,188.0,409.0,130.0,130.0,129.0,129.0,131.0,134.0,908.0,277.0,274.0,0.0,188.0,409.0,130.0,130.0,129.0
1.0,1761.0,399.0,390.0,676.0,311.0,0.0,0.0,311.0,130.0,130.0,130.0,135.0,131.0,133.0,1063.0,462.0,236.0,0.0,0.0,311.0,130.0,130.0,130.0
1.0,2038.0,412.0,390.0,744.0,77.0,0.0,0.0,77.0,130.0,130.0,130.0,138.0,137.0,137.0,947.0,752.0,339.0,0.0,0.0,77.0,130.0,130.0,130.0
1.0,2370.0,410.0,390.0,432.0,0.0,0.0,0.0,0.0,130.0,130.0,130.0,137.0,137.0,136.0,809.0,988.0,573.0,0.0,0.0,0.0,130.0,130.0,130.0
1.0,2392.0,425.0,392.0,115.0,125.0,125.0,0.0,0.0,131.0,131.0,130.0,142.0,143.0,140.0,672.0,1039.0,681.0,125.0,0.0,0.0,131.0,131.0,130.0
1.0,2082.0,412.0,393.0,438.0,259.0,259.0,0.0,0.0,131.0,131.0,131.0,134.0,140.0,138.0,530.0,896.0,656.0,259.0,0.0,0.0,131.0,131.0,131.0
1.0,2108.0,400.0,393.0,0.0,427.0,393.0,34.0,0.0,131.0,131.0,131.0,134.0,135.0,131.0,396.0,756.0,956.0,393.0,34.0,0.0,131.0,131.0,131.0
1.0,1708.0,393.0,394.0,125.0,570.0,399.0,171.0,0.0,131.0,132.0,131.0,131.0,132.0,130.0,262.0,621.0,825.0,399.0,171.0,0.0,131.0,132.0,131.0
1.0,1440.0,406.0,394.0,259.0,677.0,273.0,307.0,97.0,131.0,132.0,131.0,133.0,136.0,137.0,256.0,489.0,695.0,273.0,307.0,97.0,131.0,132.0,131.0
1.0,1293.0,415.0,395.0,427.0,670.0,26.0,409.0,235.0,132.0,132.0,131.0,141.0,136.0,138.0,382.0,353.0,558.0,26.0,409.0,235.0,132.0,132.0,131.0
1.0,1305.0,416.0,396.0,570.0,755.0,0.0,374.0,381.0,132.0,132.0,132.0,139.0,136.0,141.0,634.0,251.0,420.0,0.0,374.0,381.0,132.0,132.0,132.0
1.0,1459.0,420.0,396.0,677.0,629.0,0.0,203.0,426.0,132.0,132.0,132.0,142.0,136.0,142.0,894.0,286.0,279.0,0.0,203.0,426.0,132.0,132.0,132.0
1.0,1716.0,412.0,397.0,670.0,330.0,0.0,0.0,330.0,133.0,132.0,132.0,134.0,139.0,139.0,1025.0,457.0,234.0,0.0,0.0,330.0,133.0,132.0,132.0
1.0,1974.0,408.0,398.0,755.0,87.0,0.0,0.0,87.0,133.0,133.0,132.0,132.0,138.0,138.0,917.0,727.0,330.0,0.0,0.0,87.0,133.0,133.0,132.0
1.0,2321.0,395.0,398.0,629.0,11.0,11.0,0.0,0.0,133.0,133.0,132.0,131.0,133.0,131.0,785.0,963.0,573.0,11.0,0.0,0.0,133.0,133.0,132.0
1.0,2555.0,403.0,399.0,330.0,141.0,141.0,0.0,0.0,133.0,133.0,133.0,130.0,141.0,132.0,654.0,1033.0,868.0,141.0,0.0,0.0,133.0,133.0,133.0
1.0,2482.0,421.0,399.0,87.0,281.0,281.0,0.0,0.0,133.0,133.0,133.0,140.0,144.0,137.0,524.0,892.0,1066.0,281.0,0.0,0.0,133.0,133.0,133.0
1.0,2148.0,425.0,400.0,11.0,480.0,416.0,64.0,0.0,133.0,134.0,133.0,146.0,142.0,137.0,384.0,748.0,1016.0,416.0,64.0,0.0,133.0,134.0,133.0
1.0,1734.0,421.0,401.0,141.0,624.0,423.0,201.0,0.0,134.0,134.0,133.0,143.0,137.0,141.0,249.0,606.0,879.0,423.0,201.0,0.0,134.0,134.0,133.0
1.0,1454.0,427.0,402.0,281.0,702.0,284.0,340.0,78.0,134.0,134.0,134.0,142.0,139.0,146.0,247.0,469.0,738.0,284.0,340.0,78.0,134.0,134.0,134.0
1.0,1308.0,411.0,402.0,480.0,633.0,8.0,408.0,217.0,134.0,134.0,134.0,140.0,132.0,139.0,386.0,330.0,592.0,8.0,408.0,217.0,134.0,134.0,134.0
1.0,1377.0,400.0,402.0,624.0,693.0,0.0,340.0,353.0,134.0,134.0,134.0,131.0,133.0,136.0,662.0,262.0,453.0,0.0,340.0,353.0,134.0,134.0,134.0
1.0,1601.0,416.0,402.0,702.0,553.0,0.0,137.0,416.0,134.0,134.0,134.0,138.0,137.0,141.0,954.0,330.0,317.0,0.0,137.0,416.0,134.0,134.0,134.0
1.0,1887.0,417.0,402.0,633.0,338.0,0.0,0.0,338.0,134.0,134.0,134.0,138.0,140.0,139.0,1100.0,533.0,254.0,0.0,0.0,338.0,134.0,134.0,134.0
1.0,2103.0,421.0,403.0,556.0,258.0,0.0,0.0,258.0,135.0,134.0,134.0,146.0,139.0,136.0,970.0,801.0,332.0,0.0,0.0,258.0,135.0,134.0,134.0
1.0,2238.0,427.0,405.0,178.0,362.0,0.0,0.0,362.0,135.0,135.0,135.0,144.0,143.0,140.0,824.0,1002.0,412.0,0.0,0.0,362.0,135.0,135.0,135.0
1.0,1989.0,426.0,405.0,704.0,141.0,141.0,0.0,0.0,135.0,135.0,135.0,146.0,140.0,140.0,680.0,996.0,313.0,141.0,0.0,0.0,135.0,135.0,135.0
1.0,2267.0,417.0,405.0,404.0,281.0,281.0,0.0,0.0,135.0,135.0,135.0,140.0,139.0,138.0,534.0,856.0,877.0,281.0,0.0,0.0,135.0,135.0,135.0
1.0,2254.0,399.0,405.0,362.0,503.0,413.0,90.0,0.0,135.0,135.0,135.0,132.0,132.0,135.0,394.0,717.0,1143.0,413.0,90.0,0.0,135.0,135.0,135.0
1.0,2217.0,411.0,406.0,141.0,639.0,411.0,228.0,0.0,136.0,135.0,135.0,134.0,138.0,139.0,262.0,585.0,1370.0,411.0,228.0,0.0,136.0,135.0,135.0
1.0,1947.0,415.0,406.0,281.0,632.0,268.0,364.0,0.0,136.0,135.0,135.0,138.0,136.0,141.0,269.0,447.0,1231.0,268.0,364.0,0.0,136.0,135.0,135.0
1.0,1813.0,432.0,408.0,503.0,425.0,1.0,424.0,0.0,136.0,136.0,136.0,146.0,145.0,141.0,412.0,311.0,1090.0,1.0,424.0,0.0,136.0,136.0,136.0
1.0,1884.0,438.0,408.0,639.0,344.0,0.0,344.0,0.0,136.0,136.0,136.0,144.0,148.0,146.0,679.0,256.0,949.0,0.0,344.0,0.0,136.0,136.0,136.0
1.0,2085.0,431.0,409.0,632.0,143.0,0.0,125.0,18.0,137.0,136.0,136.0,145.0,145.0,141.0,946.0,336.0,803.0,0.0,125.0,18.0,137.0,136.0,136.0
1.0,2286.0,417.0,410.0,425.0,156.0,0.0,0.0,156.0,137.0,137.0,136.0,139.0,140.0,138.0,1069.0,555.0,662.0,0.0,0.0,156.0,137.0,137.0,136.0
1.0,2294.0,412.0,410.0,344.0,294.0,0.0,0.0,294.0,137.0,137.0,136.0,137.0,137.0,138.0,931.0,839.0,524.0,0.0,0.0,294.0,137.0,137.0,136.0
1.0,2226.0,411.0,410.0,143.0,440.0,28.0,0.0,412.0,137.0,137.0,136.0,137.0,138.0,136.0,794.0,1046.0,386.0,28.0,0.0,412.0,137.0,137.0,136.0
1.0,1958.0,419.0,411.0,156.0,568.0,169.0,0.0,399.0,137.0,137.0,137.0,141.0,140.0,138.0,657.0,1033.0,268.0,169.0,0.0,399.0,137.0,137.0,137.0
1.0,1695.0,427.0,411.0,294.0,558.0,312.0,0.0,246.0,137.0,137.0,137.0,143.0,143.0,141.0,516.0,893.0,286.0,312.0,0.0,246.0,137.0,137.0,137.0
1.0,1562.0,438.0,412.0,440.0,514.0,434.0,80.0,0.0,138.0,137.0,137.0,145.0,145.0,148.0,373.0,750.0,439.0,434.0,80.0,0.0,138.0,137.0,137.0
1.0,1564.0,436.0,412.0,568.0,635.0,411.0,224.0,0.0,138.0,137.0,137.0,146.0,144.0,146.0,256.0,605.0,703.0,411.0,224.0,0.0,138.0,137.0,137.0
1.0,1696.0,427.0,414.0,558.0,612.0,239.0,373.0,0.0,138.0,138.0,138.0,140.0,144.0,143.0,279.0,461.0,956.0,239.0,373.0,0.0,138.0,138.0,138.0
1.0,1827.0,424.0,414.0,514.0,433.0,0.0,433.0,0.0,138.0,138.0,138.0,142.0,140.0,142.0,451.0,317.0,1059.0,0.0,433.0,0.0,138.0,138.0,138.0
1.0,1917.0,419.0,414.0,635.0,349.0,0.0,349.0,0.0,138.0,138.0,138.0,139.0,140.0,140.0,743.0,257.0,917.0,0.0,349.0,0.0,138.0,138.0,138.0
1.0,2133.0,420.0,414.0,612.0,172.0,0.0,118.0,54.0,138.0,138.0,138.0,137.0,142.0,141.0,1015.0,341.0,777.0,0.0,118.0,54.0,138.0,138.0,138.0
1.0,2325.0,437.0,414.0,433.0,200.0,0.0,0.0,200.0,138.0,138.0,138.0,146.0,145.0,146.0,1117.0,572.0,636.0,0.0,0.0,200.0,138.0,138.0,138.0
1.0,2321.0,434.0,417.0,349.0,349.0,0.0,0.0,349.0,139.0,139.0,139.0,144.0,146.0,144.0,971.0,860.0,490.0,0.0,0.0,349.0,139.0,139.0,139.0
1.0,2236.0,434.0,417.0,172.0,456.0,15.0,0.0,441.0,139.0,139.0,139.0,147.0,141.0,146.0,827.0,1063.0,346.0,15.0,0.0,441.0,139.0,139.0,139.0
1.0,1974.0,431.0,417.0,200.0,547.0,162.0,0.0,385.0,139.0,139.0,139.0,147.0,140.0,144.0,680.0,1040.0,254.0,162.0,0.0,385.0,139.0,139.0,139.0
1.0,1743.0,419.0,417.0,349.0,475.0,304.0,0.0,171.0,139.0,139.0,139.0,142.0,142.0,135.0,533.0,900.0,310.0,304.0,0.0,171.0,139.0,139.0,139.0
1.0,1673.0,425.0,417.0,456.0,508.0,430.0,78.0,0.0,139.0,139.0,139.0,141.0,141.0,143.0,391.0,758.0,524.0,430.0,78.0,0.0,139.0,139.0,139.0
1.0,1704.0,430.0,417.0,547.0,634.0,412.0,222.0,0.0,139.0,139.0,139.0,144.0,144.0,142.0,265.0,617.0,822.0,412.0,222.0,0.0,139.0,139.0,139.0
1.0,1821.0,441.0,420.0,475.0,632.0,256.0,376.0,0.0,140.0,140.0,140.0,143.0,149.0,149.0,283.0,473.0,1065.0,256.0,376.0,0.0,140.0,140.0,140.0
1.0,1855.0,442.0,420.0,508.0,447.0,0.0,447.0,0.0,140.0,140.0,140.0,144.0,149.0,149.0,444.0,324.0,1087.0,0.0,447.0,0.0,140.0,140.0,140.0
1.0,1921.0,436.0,420.0,634.0,371.0,0.0,371.0,0.0,140.0,140.0,140.0,143.0,146.0,147.0,730.0,253.0,938.0,0.0,371.0,0.0,140.0,140.0,140.0
1.0,2119.0,430.0,420.0,632.0,188.0,0.0,136.0,52.0,140.0,140.0,140.0,146.0,141.0,143.0,999.0,329.0,791.0,0.0,136.0,52.0,140.0,140.0,140.0
1.0,2321.0,420.0,420.0,447.0,193.0,0.0,0.0,193.0,140.0,140.0,140.0,143.0,136.0,141.0,1109.0,564.0,648.0,0.0,0.0,193.0,140.0,140.0,140.0
1.0,2348.0,426.0,420.0,371.0,334.0,0.0,0.0,334.0,140.0,140.0,140.0,143.0,142.0,141.0,966.0,875.0,507.0,0.0,0.0,334.0,140.0,140.0,140.0
1.0,2293.0,439.0,422.0,182.0,466.0,26.0,0.0,440.0,141.0,140.0,141.0,144.0,148.0,147.0,823.0,1104.0,366.0,26.0,0.0,440.0,141.0,140.0,141.0
1.0,2036.0,448.0,423.0,199.0,564.0,174.0,0.0,390.0,141.0,141.0,141.0,148.0,151.0,149.0,679.0,1092.0,265.0,174.0,0.0,390.0,141.0,141.0,141.0
1.0,1787.0,451.0,423.0,334.0,528.0,321.0,0.0,207.0,141.0,141.0,141.0,147.0,153.0,151.0,531.0,941.0,315.0,321.0,0.0,207.0,141.0,141.0,141.0
1.0,1670.0,445.0,423.0,466.0,510.0,441.0,69.0,0.0,141.0,141.0,141.0,146.0,152.0,147.0,384.0,788.0,498.0,441.0,69.0,0.0,141.0,141.0,141.0
1.0,1691.0,438.0,425.0,564.0,630.0,412.0,218.0,0.0,141.0,142.0,142.0,145.0,144.0,149.0,264.0,636.0,791.0,412.0,218.0,0.0,141.0,142.0,142.0
1.0,1817.0,438.0,426.0,528.0,606.0,245.0,361.0,0.0,142.0,142.0,142.0,149.0,143.0,146.0,293.0,492.0,1032.0,245.0,361.0,0.0,142.0,142.0,142.0
1.0,1907.0,430.0,426.0,510.0,434.0,0.0,434.0,0.0,142.0,142.0,142.0,145.0,142.0,143.0,465.0,349.0,1093.0,0.0,434.0,0.0,142.0,142.0,142.0
1.0,1987.0,439.0,426.0,630.0,362.0,0.0,362.0,0.0,142.0,142.0,142.0,147.0,146.0,146.0,761.0,276.0,950.0,0.0,362.0,0.0,142.0,142.0,142.0
1.0,2178.0,443.0,426.0,606.0,200.0,0.0,148.0,52.0,142.0,142.0,142.0,150.0,147.0,146.0,1026.0,348.0,804.0,0.0,148.0,52.0,142.0,142.0,142.0
1.0,2341.0,446.0,427.0,434.0,203.0,0.0,0.0,203.0,143.0,142.0,142.0,147.0,148.0,151.0,1121.0,562.0,658.0,0.0,0.0,203.0,143.0,142.0,142.0
1.0,2329.0,453.0,428.0,362.0,358.0,0.0,0.0,358.0,143.0,142.0,143.0,148.0,155.0,150.0,974.0,848.0,507.0,0.0,0.0,358.0,143.0,142.0,143.0
1.0,2238.0,438.0,429.0,200.0,485.0,32.0,0.0,453.0,143.0,143.0,143.0,143.0,148.0,147.0,826.0,1055.0,357.0,32.0,0.0,453.0,143.0,143.0,143.0
1.0,2000.0,431.0,429.0,203.0,570.0,177.0,0.0,393.0,143.0,143.0,143.0,145.0,143.0,143.0,683.0,1055.0,262.0,177.0,0.0,393.0,143.0,143.0,143.0
1.0,1772.0,436.0,429.0,358.0,503.0,324.0,0.0,179.0,143.0,143.0,143.0,147.0,145.0,144.0,538.0,912.0,322.0,324.0,0.0,179.0,143.0,143.0,143.0
1.0,1694.0,447.0,429.0,485.0,539.0,441.0,98.0,0.0,143.0,143.0,143.0,149.0,150.0,148.0,391.0,767.0,536.0,441.0,98.0,0.0,143.0,143.0,143.0
1.0,1732.0,451.0,429.0,570.0,662.0,415.0,247.0,0.0,143.0,143.0,143.0,151.0,149.0,151.0,274.0,617.0,841.0,415.0,247.0,0.0,143.0,143.0,143.0
1.0,1851.0,460.0,432.0,503.0,654.0,251.0,403.0,0.0,144.0,144.0,144.0,155.0,151.0,154.0,300.0,468.0,1083.0,251.0,403.0,0.0,144.0,144.0,144.0
1.0,1894.0,449.0,432.0,539.0,457.0,0.0,457.0,0.0,144.0,144.0,144.0,146.0,152.0,151.0,469.0,317.0,1108.0,0.0,457.0,0.0,144.0,144.0,144.0
1.0,1984.0,437.0,432.0,662.0,353.0,0.0,353.0,0.0,144.0,144.0,144.0,144.0,143.0,150.0,764.0,263.0,957.0,0.0,353.0,0.0,144.0,144.0,144.0
1.0,2209.0,435.0,432.0,654.0,156.0,0.0,96.0,60.0,144.0,144.0,144.0,142.0,146.0,147.0,1035.0,367.0,807.0,0.0,96.0,60.0,144.0,144.0,144.0
1.0,2428.0,445.0,432.0,457.0,207.0,0.0,0.0,207.0,144.0,144.0,144.0,151.0,147.0,147.0,1144.0,624.0,660.0,0.0,0.0,207.0,144.0,144.0,144.0
1.0,2440.0,450.0,433.0,353.0,359.0,0.0,0.0,359.0,144.0,144.0,145.0,151.0,152.0,147.0,993.0,934.0,513.0,0.0,0.0,359.0,144.0,144.0,145.0
1.0,2343.0,456.0,435.0,156.0,487.0,36.0,0.0,451.0,145.0,145.0,145.0,153.0,151.0,152.0,842.0,1135.0,366.0,36.0,0.0,451.0,145.0,145.0,145.0
1.0,2043.0,468.0,435.0,207.0,594.0,193.0,0.0,401.0,145.0,145.0,145.0,157.0,154.0,157.0,689.0,1080.0,274.0,193.0,0.0,401.0,145.0,145.0,145.0
1.0,1782.0,452.0,435.0,359.0,538.0,343.0,0.0,195.0,145.0,145.0,145.0,150.0,149.0,153.0,532.0,926.0,324.0,343.0,0.0,195.0,145.0,145.0,145.0
1.0,1689.0,451.0,437.0,487.0,560.0,457.0,103.0,0.0,145.0,146.0,146.0,150.0,150.0,151.0,382.0,777.0,530.0,457.0,103.0,0.0,145.0,146.0,146.0
1.0,1725.0,445.0,436.0,594.0,653.0,410.0,243.0,0.0,145.0,145.0,146.0,146.0,145.0,154.0,268.0,627.0,830.0,410.0,243.0,0.0,145.0,145.0,146.0
1.0,1874.0,451.0,437.0,538.0,617.0,217.0,400.0,0.0,145.0,146.0,146.0,150.0,152.0,149.0,315.0,482.0,1077.0,217.0,400.0,0.0,145.0,146.0,146.0
1.0,1961.0,458.0,438.0,560.0,451.0,0.0,451.0,0.0,146.0,146.0,146.0,154.0,154.0,150.0,508.0,330.0,1123.0,0.0,451.0,0.0,146.0,146.0,146.0
1.0,2063.0,466.0,439.0,653.0,361.0,0.0,361.0,0.0,146.0,146.0,147.0,158.0,153.0,155.0,811.0,279.0,973.0,0.0,361.0,0.0,146.0,146.0,147.0
1.0,2250.0,461.0,440.0,617.0,183.0,0.0,115.0,68.0,147.0,146.0,147.0,156.0,154.0,151.0,1063.0,369.0,818.0,0.0,115.0,68.0,147.0,146.0,147.0
1.0,2406.0,463.0,441.0,451.0,224.0,0.0,0.0,224.0,147.0,147.0,147.0,149.0,158.0,156.0,1124.0,615.0,667.0,0.0,0.0,224.0,147.0,147.0,147.0
1.0,2394.0,453.0,441.0,361.0,375.0,0.0,0.0,375.0,147.0,147.0,147.0,150.0,152.0,151.0,975.0,908.0,511.0,0.0,0.0,375.0,147.0,147.0,147.0
1.0,2302.0,444.0,441.0,183.0,514.0,58.0,0.0,456.0,147.0,147.0,147.0,148.0,147.0,149.0,825.0,1117.0,360.0,58.0,0.0,456.0,147.0,147.0,147.0
1.0,2041.0,452.0,442.0,224.0,598.0,209.0,0.0,389.0,147.0,147.0,148.0,151.0,149.0,152.0,677.0,1085.0,279.0,209.0,0.0,389.0,147.0,147.0,148.0
1.0,1813.0,461.0,442.0,375.0,533.0,365.0,0.0,168.0,147.0,147.0,148.0,156.0,151.0,154.0,526.0,936.0,351.0,365.0,0.0,168.0,147.0,147.0,148.0
1.0,1727.0,464.0,444.0,514.0,573.0,465.0,108.0,0.0,148.0,148.0,148.0,153.0,153.0,158.0,370.0,785.0,572.0,465.0,108.0,0.0,148.0,148.0,148.0
1.0,1777.0,477.0,444.0,598.0,679.0,413.0,266.0,0.0,148.0,148.0,148.0,157.0,158.0,162.0,275.0,632.0,870.0,413.0,266.0,0.0,148.0,148.0,148.0
1.0,1898.0,475.0,445.0,533.0,633.0,205.0,428.0,0.0,148.0,148.0,149.0,157.0,162.0,156.0,327.0,474.0,1097.0,205.0,428.0,0.0,148.0,148.0,149.0
1.0,1956.0,455.0,445.0,573.0,472.0,0.0,472.0,0.0,148.0,148.0,149.0,154.0,152.0,149.0,535.0,312.0,1109.0,0.0,472.0,0.0,148.0,148.0,149.0
1.0,2074.0,450.0,445.0,679.0,357.0,0.0,357.0,0.0,148.0,148.0,149.0,148.0,151.0,151.0,846.0,268.0,960.0,0.0,357.0,0.0,148.0,148.0,149.0
1.0,2303.0,444.0,447.0,633.0,164.0,0.0,81.0,83.0,149.0,149.0,149.0,150.0,147.0,147.0,1111.0,383.0,809.0,0.0,81.0,83.0,149.0,149.0,149.0
1.0,2492.0,452.0,447.0,472.0,234.0,0.0,0.0,234.0,149.0,149.0,149.0,150.0,151.0,151.0,1166.0,664.0,662.0,0.0,0.0,234.0,149.0,149.0,149.0
1.0,2512.0,474.0,448.0,357.0,398.0,0.0,0.0,398.0,149.0,149.0,150.0,158.0,157.0,159.0,1016.0,985.0,511.0,0.0,0.0,398.0,149.0,149.0,150.0
1.0,2395.0,478.0,448.0,164.0,522.0,48.0,0.0,474.0,149.0,149.0,150.0,161.0,158.0,159.0,858.0,1185.0,352.0,48.0,0.0,474.0,149.0,149.0,150.0
1.0,2081.0,471.0,450.0,234.0,608.0,212.0,0.0,396.0,150.0,150.0,150.0,159.0,156.0,156.0,697.0,1108.0,276.0,212.0,0.0,396.0,150.0,150.0,150.0
1.0,1844.0,471.0,450.0,398.0,524.0,366.0,0.0,158.0,150.0,150.0,150.0,154.0,157.0,160.0,538.0,952.0,354.0,366.0,0.0,158.0,150.0,150.0,150.0
1.0,1771.0,461.0,450.0,522.0,578.0,470.0,108.0,0.0,150.0,150.0,150.0,152.0,153.0,156.0,384.0,795.0,592.0,470.0,108.0,0.0,150.0,150.0,150.0
1.0,1832.0,463.0,451.0,608.0,674.0,408.0,266.0,0.0,150.0,150.0,151.0,150.0,158.0,155.0,280.0,642.0,910.0,408.0,266.0,0.0,150.0,150.0,151.0
1.0,1977.0,472.0,451.0,524.0,623.0,200.0,423.0,0.0,150.0,150.0,151.0,158.0,157.0,157.0,342.0,484.0,1151.0,200.0,423.0,0.0,150.0,150.0,151.0
1.0,2029.0,479.0,453.0,578.0,478.0,0.0,478.0,0.0,151.0,151.0,151.0,162.0,158.0,159.0,550.0,327.0,1152.0,0.0,478.0,0.0,151.0,151.0,151.0
1.0,2128.0,482.0,454.0,674.0,370.0,0.0,370.0,0.0,151.0,151.0,152.0,164.0,158.0,160.0,858.0,277.0,993.0,0.0,370.0,0.0,151.0,151.0,152.0
1.0,2320.0,471.0,454.0,623.0,185.0,0.0,102.0,83.0,151.0,151.0,152.0,160.0,155.0,156.0,1102.0,385.0,833.0,0.0,102.0,83.0,151.0,151.0,152.0
1.0,2472.0,457.0,455.0,478.0,234.0,0.0,0.0,234.0,152.0,151.0,152.0,155.0,151.0,151.0,1142.0,653.0,677.0,0.0,0.0,234.0,152.0,151.0,152.0
1.0,2493.0,452.0,455.0,370.0,388.0,0.0,0.0,388.0,152.0,151.0,152.0,149.0,149.0,154.0,987.0,980.0,526.0,0.0,0.0,388.0,152.0,151.0,152.0
1.0,2411.0,463.0,455.0,185.0,537.0,75.0,0.0,462.0,152.0,151.0,152.0,153.0,153.0,157.0,838.0,1201.0,372.0,75.0,0.0,462.0,152.0,151.0,152.0
1.0,2133.0,469.0,456.0,234.0,610.0,226.0,0.0,384.0,152.0,152.0,152.0,151.0,162.0,156.0,685.0,1150.0,298.0,226.0,0.0,384.0,152.0,152.0,152.0
1.0,1898.0,484.0,457.0,388.0,548.0,383.0,0.0,165.0,152.0,152.0,153.0,157.0,163.0,164.0,534.0,988.0,376.0,383.0,0.0,165.0,152.0,152.0,153.0
1.0,1802.0,495.0,457.0,537.0,575.0,475.0,100.0,0.0,152.0,152.0,153.0,167.0,165.0,163.0,377.0,825.0,600.0,475.0,100.0,0.0,152.0,152.0,153.0
1.0,1844.0,482.0,459.0,610.0,680.0,416.0,264.0,0.0,153.0,153.0,153.0,162.0,159.0,161.0,285.0,660.0,899.0,416.0,264.0,0.0,153.0,153.0,153.0
1.0,1972.0,464.0,459.0,548.0,607.0,190.0,417.0,0.0,153.0,153.0,153.0,157.0,153.0,154.0,349.0,501.0,1122.0,190.0,417.0,0.0,153.0,153.0,153.0
1.0,2056.0,464.0,459.0,575.0,474.0,0.0,474.0,0.0,153.0,153.0,153.0,155.0,157.0,152.0,575.0,348.0,1133.0,0.0,474.0,0.0,153.0,153.0,153.0
1.0,2167.0,461.0,459.0,680.0,365.0,0.0,365.0,0.0,153.0,153.0,153.0,153.0,155.0,153.0,895.0,291.0,981.0,0.0,365.0,0.0,153.0,153.0,153.0
1.0,2386.0,478.0,460.0,607.0,210.0,0.0,108.0,102.0,153.0,153.0,154.0,158.0,160.0,160.0,1158.0,400.0,828.0,0.0,108.0,102.0,153.0,153.0,154.0
1.0,2515.0,490.0,462.0,474.0,264.0,0.0,0.0,264.0,154.0,154.0,154.0,163.0,165.0,162.0,1190.0,657.0,668.0,0.0,0.0,264.0,154.0,154.0,154.0
1.0,2499.0,493.0,462.0,365.0,431.0,0.0,0.0,431.0,154.0,154.0,154.0,160.0,166.0,167.0,1027.0,966.0,506.0,0.0,0.0,431.0,154.0,154.0,154.0
1.0,2371.0,487.0,463.0,210.0,560.0,65.0,0.0,495.0,154.0,154.0,155.0,162.0,164.0,161.0,867.0,1165.0,339.0,65.0,0.0,495.0,154.0,154.0,155.0
1.0,2094.0,486.0,463.0,264.0,621.0,228.0,0.0,393.0,154.0,154.0,155.0,163.0,161.0,162.0,705.0,1109.0,280.0,228.0,0.0,393.0,154.0,154.0,155.0
1.0,1872.0,465.0,464.0,431.0,503.0,386.0,0.0,117.0,154.0,155.0,155.0,158.0,152.0,155.0,542.0,948.0,382.0,386.0,0.0,117.0,154.0,155.0,155.0
1.0,1838.0,472.0,465.0,560.0,620.0,483.0,137.0,0.0,155.0,155.0,155.0,157.0,158.0,157.0,384.0,796.0,658.0,483.0,137.0,0.0,155.0,155.0,155.0
1.0,1926.0,479.0,465.0,621.0,710.0,415.0,295.0,0.0,155.0,155.0,155.0,160.0,158.0,161.0,292.0,638.0,996.0,415.0,295.0,0.0,155.0,155.0,155.0
1.0,2068.0,484.0,466.0,503.0,647.0,192.0,455.0,0.0,155.0,155.0,156.0,163.0,160.0,161.0,360.0,480.0,1228.0,192.0,455.0,0.0,155.0,155.0,156.0
1.0,2087.0,490.0,468.0,620.0,488.0,0.0,488.0,0.0,156.0,156.0,156.0,164.0,165.0,161.0,583.0,320.0,1184.0,0.0,488.0,0.0,156.0,156.0,156.0
1.0,2217.0,491.0,468.0,710.0,360.0,0.0,360.0,0.0,156.0,156.0,156.0,162.0,167.0,162.0,902.0,292.0,1023.0,0.0,360.0,0.0,156.0,156.0,156.0
1.0,2436.0,472.0,468.0,647.0,136.0,0.0,63.0,73.0,156.0,156.0,156.0,160.0,158.0,154.0,1155.0,420.0,861.0,0.0,63.0,73.0,156.0,156.0,156.0
1.0,2611.0,473.0,468.0,488.0,231.0,0.0,0.0,231.0,156.0,156.0,156.0,159.0,156.0,158.0,1187.0,717.0,707.0,0.0,0.0,231.0,156.0,156.0,156.0
1.0,2626.0,486.0,468.0,360.0,393.0,0.0,0.0,393.0,156.0,156.0,156.0,162.0,162.0,162.0,1028.0,1049.0,549.0,0.0,0.0,393.0,156.0,156.0,156.0
1.0,2500.0,483.0,469.0,136.0,560.0,74.0,0.0,486.0,156.0,156.0,157.0,160.0,162.0,161.0,866.0,1247.0,387.0,74.0,0.0,486.0,156.0,156.0,157.0
1.0,2153.0,492.0,471.0,231.0,664.0,243.0,0.0,421.0,157.0,157.0,157.0,164.0,162.0,166.0,706.0,1148.0,299.0,243.0,0.0,421.0,157.0,157.0,157.0
1.0,1892.0,493.0,471.0,393.0,604.0,411.0,0.0,193.0,157.0,157.0,157.0,168.0,160.0,165.0,542.0,986.0,364.0,411.0,0.0,193.0,157.0,157.0,157.0
1.0,1792.0,490.0,471.0,560.0,619.0,499.0,120.0,0.0,157.0,157.0,157.0,162.0,161.0,167.0,374.0,826.0,592.0,499.0,120.0,0.0,157.0,157.0,157.0
1.0,1862.0,490.0,472.0,664.0,705.0,421.0,284.0,0.0,157.0,157.0,158.0,165.0,164.0,161.0,286.0,665.0,911.0,421.0,284.0,0.0,157.0,157.0,158.0
1.0,2036.0,475.0,472.0,604.0,613.0,167.0,446.0,0.0,157.0,157.0,158.0,157.0,162.0,156.0,364.0,501.0,1171.0,167.0,446.0,0.0,157.0,157.0,158.0
1.0,2165.0,487.0,474.0,619.0,497.0,0.0,497.0,0.0,158.0,158.0,158.0,163.0,166.0,158.0,618.0,339.0,1208.0,0.0,497.0,0.0,158.0,158.0,158.0
1.0,2297.0,489.0,474.0,705.0,377.0,0.0,377.0,0.0,158.0,158.0,158.0,164.0,164.0,161.0,954.0,293.0,1050.0,0.0,377.0,0.0,158.0,158.0,158.0
1.0,2513.0,498.0,474.0,613.0,164.0,0.0,96.0,68.0,158.0,158.0,158.0,166.0,165.0,167.0,1211.0,413.0,889.0,0.0,96.0,68.0,158.0,158.0,158.0
1.0,2628.0,507.0,477.0,497.0,243.0,0.0,0.0,243.0,159.0,159.0,159.0,167.0,170.0,170.0,1212.0,694.0,722.0,0.0,0.0,243.0,159.0,159.0,159.0
1.0,2618.0,497.0,477.0,377.0,411.0,0.0,0.0,411.0,159.0,159.0,159.0,166.0,163.0,168.0,1045.0,1021.0,552.0,0.0,0.0,411.0,159.0,159.0,159.0
1.0,2498.0,483.0,477.0,164.0,584.0,77.0,0.0,507.0,159.0,159.0,159.0,161.0,158.0,164.0,879.0,1235.0,384.0,77.0,0.0,507.0,159.0,159.0,159.0
1.0,2179.0,489.0,477.0,243.0,667.0,238.0,0.0,429.0,159.0,159.0,159.0,161.0,163.0,165.0,718.0,1173.0,288.0,238.0,0.0,429.0,159.0,159.0,159.0
1.0,1933.0,485.0,477.0,411.0,581.0,402.0,0.0,179.0,159.0,159.0,159.0,164.0,160.0,161.0,557.0,1010.0,366.0,402.0,0.0,179.0,159.0,159.0,159.0
1.0,1859.0,491.0,477.0,584.0,597.0,489.0,108.0,0.0,159.0,159.0,159.0,164.0,163.0,164.0,393.0,850.0,616.0,489.0,108.0,0.0,159.0,159.0,159.0
1.0,1952.0,503.0,480.0,667.0,709.0,424.0,285.0,0.0,160.0,160.0,160.0,168.0,172.0,163.0,306.0,687.0,959.0,424.0,285.0,0.0,160.0,160.0,160.0
1.0,2116.0,505.0,480.0,581.0,643.0,189.0,454.0,0.0,160.0,160.0,160.0,167.0,169.0,169.0,376.0,515.0,1225.0,189.0,454.0,0.0,160.0,160.0,160.0
1.0,2192.0,493.0,480.0,597.0,515.0,0.0,515.0,0.0,160.0,160.0,160.0,162.0,169.0,162.0,611.0,346.0,1235.0,0.0,515.0,0.0,160.0,160.0,160.0
1.0,2296.0,488.0,480.0,709.0,394.0,0.0,394.0,0.0,160.0,160.0,160.0,163.0,164.0,161.0,938.0,285.0,1073.0,0.0,394.0,0.0,160.0,160.0,160.0
1.0,2517.0,485.0,481.0,643.0,159.0,0.0,106.0,53.0,160.0,161.0,160.0,159.0,161.0,165.0,1199.0,406.0,912.0,0.0,106.0,53.0,160.0,161.0,160.0
1.0,2675.0,487.0,482.0,515.0,220.0,0.0,0.0,220.0,160.0,161.0,161.0,165.0,160.0,162.0,1229.0,699.0,747.0,0.0,0.0,220.0,160.0,161.0,161.0
1.0,2703.0,504.0,483.0,394.0,390.0,0.0,0.0,390.0,161.0,161.0,161.0,168.0,166.0,170.0,1064.0,1054.0,585.0,0.0,0.0,390.0,161.0,161.0,161.0
1.0,2593.0,510.0,483.0,159.0,587.0,80.0,0.0,507.0,161.0,161.0,161.0,171.0,169.0,170.0,896.0,1282.0,415.0,80.0,0.0,507.0,161.0,161.0,161.0
1.0,2242.0,510.0,484.0,220.0,712.0,254.0,0.0,458.0,162.0,161.0,161.0,169.0,170.0,171.0,725.0,1219.0,298.0,254.0,0.0,458.0,162.0,161.0,161.0
1.0,1952.0,507.0,485.0,390.0,656.0,421.0,0.0,235.0,162.0,162.0,161.0,167.0,173.0,167.0,556.0,1049.0,347.0,421.0,0.0,235.0,162.0,162.0,161.0
1.0,1835.0,496.0,486.0,587.0,606.0,503.0,103.0,0.0,162.0,162.0,162.0,162.0,169.0,165.0,389.0,876.0,570.0,503.0,103.0,0.0,162.0,162.0,162.0
1.0,1926.0,490.0,486.0,712.0,679.0,413.0,266.0,0.0,162.0,162.0,162.0,164.0,163.0,163.0,307.0,707.0,912.0,413.0,266.0,0.0,162.0,162.0,162.0
1.0,2148.0,486.0,486.0,656.0,584.0,155.0,429.0,0.0,162.0,162.0,162.0,163.0,163.0,160.0,397.0,544.0,1207.0,155.0,429.0,0.0,162.0,162.0,162.0
1.0,2318.0,501.0,486.0,606.0,493.0,0.0,493.0,0.0,162.0,162.0,162.0,169.0,167.0,165.0,655.0,381.0,1282.0,0.0,493.0,0.0,162.0,162.0,162.0
1.0,2423.0,510.0,487.0,679.0,399.0,0.0,399.0,0.0,162.0,163.0,162.0,174.0,167.0,169.0,989.0,317.0,1117.0,0.0,399.0,0.0,162.0,163.0,162.0
1.0,2592.0,518.0,489.0,584.0,179.0,0.0,138.0,41.0,163.0,163.0,163.0,176.0,168.0,174.0,1228.0,416.0,948.0,0.0,138.0,41.0,163.0,163.0,163.0
1.0,2658.0,507.0,489.0,493.0,212.0,0.0,0.0,212.0,163.0,163.0,163.0,169.0,167.0,171.0,1207.0,677.0,774.0,0.0,0.0,212.0,163.0,163.0,163.0
1.0,2644.0,512.0,489.0,399.0,384.0,0.0,0.0,384.0,163.0,163.0,163.0,168.0,172.0,172.0,1038.0,1003.0,603.0,0.0,0.0,384.0,163.0,163.0,163.0
1.0,2531.0,495.0,489.0,179.0,614.0,107.0,0.0,507.0,163.0,163.0,163.0,162.0,169.0,164.0,870.0,1230.0,431.0,107.0,0.0,507.0,163.0,163.0,163.0
1.0,2215.0,495.0,490.0,212.0,729.0,270.0,0.0,459.0,163.0,164.0,163.0,163.0,168.0,164.0,708.0,1199.0,308.0,270.0,0.0,459.0,163.0,164.0,163.0
1.0,1932.0,502.0,491.0,384.0,682.0,442.0,0.0,240.0,164.0,164.0,163.0,167.0,170.0,165.0,545.0,1031.0,356.0,442.0,0.0,240.0,164.0,164.0,163.0
1.0,1814.0,521.0,492.0,614.0,642.0,510.0,132.0,0.0,164.0,164.0,164.0,175.0,173.0,173.0,378.0,861.0,575.0,510.0,132.0,0.0,164.0,164.0,164.0
1.0,1907.0,526.0,494.0,729.0,737.0,426.0,311.0,0.0,165.0,165.0,164.0,181.0,174.0,171.0,310.0,688.0,909.0,426.0,311.0,0.0,165.0,165.0,164.0
1.0,2110.0,511.0,494.0,682.0,638.0,158.0,480.0,0.0,165.0,165.0,164.0,174.0,169.0,168.0,399.0,514.0,1197.0,158.0,480.0,0.0,165.0,165.0,164.0
1.0,2281.0,494.0,494.0,642.0,510.0,0.0,510.0,0.0,165.0,165.0,164.0,166.0,162.0,166.0,667.0,345.0,1269.0,0.0,510.0,0.0,165.0,165.0,164.0
1.0,2429.0,493.0,494.0,737.0,361.0,0.0,361.0,0.0,165.0,165.0,164.0,164.0,162.0,167.0,1011.0,315.0,1103.0,0.0,361.0,0.0,165.0,165.0,164.0
1.0,2673.0,501.0,494.0,638.0,102.0,0.0,48.0,54.0,165.0,165.0,164.0,164.0,167.0,170.0,1273.0,464.0,936.0,0.0,48.0,54.0,165.0,165.0,164.0
1.0,2810.0,514.0,495.0,510.0,236.0,0.0,0.0,236.0,165.0,165.0,165.0,164.0,173.0,177.0,1267.0,777.0,766.0,0.0,0.0,236.0,165.0,165.0,165.0
1.0,2806.0,531.0,495.0,361.0,414.0,0.0,0.0,414.0,165.0,165.0,165.0,174.0,179.0,178.0,1103.0,1114.0,589.0,0.0,0.0,414.0,165.0,165.0,165.0
1.0,2636.0,529.0,498.0,102.0,619.0,79.0,0.0,540.0,166.0,166.0,166.0,178.0,176.0,175.0,929.0,1296.0,411.0,79.0,0.0,540.0,166.0,166.0,166.0
1.0,2209.0,522.0,498.0,236.0,733.0,256.0,0.0,477.0,166.0,166.0,166.0,177.0,172.0,173.0,751.0,1168.0,290.0,256.0,0.0,477.0,166.0,166.0,166.0
1.0,1923.0,503.0,498.0,414.0,656.0,422.0,4.0,230.0,166.0,166.0,166.0,166.0,170.0,167.0,574.0,996.0,353.0,422.0,4.0,230.0,166.0,166.0,166.0
1.0,1834.0,503.0,498.0,619.0,682.0,511.0,171.0,0.0,166.0,166.0,166.0,168.0,167.0,168.0,408.0,826.0,600.0,511.0,171.0,0.0,166.0,166.0,166.0
1.0,1950.0,498.0,498.0,733.0,758.0,421.0,337.0,0.0,166.0,166.0,166.0,166.0,166.0,166.0,319.0,659.0,972.0,421.0,337.0,0.0,166.0,166.0,166.0
1.0,2185.0,506.0,498.0,656.0,670.0,169.0,501.0,0.0,166.0,166.0,166.0,170.0,168.0,168.0,409.0,493.0,1283.0,169.0,501.0,0.0,166.0,166.0,166.0
1.0,2335.0,526.0,501.0,682.0,512.0,0.0,512.0,0.0,167.0,167.0,167.0,172.0,177.0,177.0,661.0,329.0,1345.0,0.0,512.0,0.0,167.0,167.0,167.0
1.0,2491.0,520.0,501.0,758.0,349.0,0.0,349.0,0.0,167.0,167.0,167.0,172.0,174.0,174.0,1000.0,323.0,1168.0,0.0,349.0,0.0,167.0,167.0,167.0
1.0,2729.0,521.0,501.0,670.0,39.0,0.0,23.0,16.0,167.0,167.0,167.0,171.0,175.0,175.0,1249.0,486.0,994.0,0.0,23.0,16.0,167.0,167.0,167.0
1.0,2878.0,519.0,502.0,512.0,190.0,0.0,0.0,190.0,167.0,168.0,167.0,172.0,173.0,174.0,1247.0,812.0,819.0,0.0,0.0,190.0,167.0,168.0,167.0
1.0,2871.0,505.0,503.0,349.0,366.0,0.0,0.0,366.0,167.0,168.0,168.0,168.0,166.0,171.0,1075.0,1151.0,645.0,0.0,0.0,366.0,167.0,168.0,168.0
1.0,2715.0,508.0,503.0,39.0,618.0,97.0,0.0,521.0,167.0,168.0,168.0,169.0,168.0,171.0,907.0,1334.0,474.0,97.0,0.0,521.0,167.0,168.0,168.0
1.0,2246.0,517.0,504.0,190.0,780.0,275.0,0.0,505.0,168.0,168.0,168.0,173.0,170.0,174.0,738.0,1189.0,319.0,275.0,0.0,505.0,168.0,168.0,168.0
1.0,1919.0,524.0,504.0,366.0,764.0,448.0,0.0,316.0,168.0,168.0,168.0,173.0,174.0,177.0,565.0,1019.0,335.0,448.0,0.0,316.0,168.0,168.0,168.0
1.0,1761.0,528.0,505.0,618.0,699.0,529.0,170.0,0.0,168.0,168.0,169.0,178.0,175.0,175.0,392.0,845.0,524.0,529.0,170.0,0.0,168.0,168.0,169.0
1.0,1851.0,527.0,506.0,780.0,782.0,431.0,351.0,0.0,168.0,169.0,169.0,177.0,176.0,174.0,311.0,670.0,870.0,431.0,351.0,0.0,168.0,169.0,169.0
1.0,2104.0,524.0,507.0,764.0,692.0,166.0,526.0,0.0,169.0,169.0,169.0,178.0,175.0,171.0,409.0,494.0,1201.0,166.0,526.0,0.0,169.0,169.0,169.0
1.0,2344.0,513.0,507.0,699.0,528.0,0.0,528.0,0.0,169.0,169.0,169.0,171.0,172.0,170.0,679.0,319.0,1346.0,0.0,528.0,0.0,169.0,169.0,169.0
1.0,2530.0,513.0,507.0,782.0,351.0,0.0,351.0,0.0,169.0,169.0,169.0,169.0,174.0,170.0,1037.0,317.0,1176.0,0.0,351.0,0.0,169.0,169.0,169.0
1.0,2799.0,527.0,507.0,692.0,16.0,0.0,0.0,16.0,169.0,169.0,169.0,176.0,174.0,177.0,1299.0,494.0,1006.0,0.0,0.0,16.0,169.0,169.0,169.0
1.0,2964.0,536.0,509.0,528.0,201.0,0.0,0.0,201.0,169.0,170.0,170.0,177.0,179.0,180.0,1289.0,846.0,829.0,0.0,0.0,201.0,169.0,170.0,170.0
1.0,2956.0,531.0,510.0,351.0,379.0,0.0,0.0,379.0,170.0,170.0,170.0,175.0,178.0,178.0,1112.0,1195.0,649.0,0.0,0.0,379.0,170.0,170.0,170.0
1.0,2776.0,525.0,510.0,16.0,625.0,86.0,0.0,539.0,170.0,170.0,170.0,173.0,176.0,176.0,937.0,1368.0,471.0,86.0,0.0,539.0,170.0,170.0,170.0
1.0,2267.0,521.0,510.0,201.0,770.0,261.0,0.0,509.0,170.0,170.0,170.0,175.0,175.0,171.0,764.0,1192.0,311.0,261.0,0.0,509.0,170.0,170.0,170.0
1.0,1947.0,514.0,510.0,379.0,738.0,435.0,7.0,296.0,170.0,170.0,170.0,174.0,174.0,166.0,589.0,1017.0,341.0,435.0,7.0,296.0,170.0,170.0,170.0
1.0,1812.0,514.0,510.0,625.0,702.0,522.0,180.0,0.0,170.0,170.0,170.0,173.0,173.0,168.0,415.0,843.0,554.0,522.0,180.0,0.0,170.0,170.0,170.0
1.0,1923.0,525.0,511.0,770.0,801.0,437.0,364.0,0.0,170.0,171.0,170.0,176.0,179.0,170.0,328.0,670.0,925.0,437.0,364.0,0.0,170.0,171.0,170.0
1.0,2168.0,532.0,513.0,738.0,720.0,183.0,537.0,0.0,171.0,171.0,171.0,176.0,180.0,176.0,413.0,491.0,1264.0,183.0,537.0,0.0,171.0,171.0,171.0
1.0,2374.0,537.0,513.0,702.0,536.0,0.0,536.0,0.0,171.0,171.0,171.0,176.0,179.0,182.0,672.0,318.0,1384.0,0.0,536.0,0.0,171.0,171.0,171.0
1.0,2539.0,538.0,514.0,801.0,356.0,0.0,356.0,0.0,171.0,172.0,171.0,179.0,179.0,180.0,1018.0,319.0,1202.0,0.0,356.0,0.0,171.0,172.0,171.0
1.0,2802.0,516.0,514.0,720.0,5.0,0.0,0.0,5.0,171.0,172.0,171.0,173.0,171.0,172.0,1276.0,504.0,1022.0,0.0,0.0,5.0,171.0,172.0,171.0
1.0,3006.0,518.0,514.0,536.0,178.0,0.0,0.0,178.0,171.0,172.0,171.0,173.0,172.0,173.0,1286.0,870.0,850.0,0.0,0.0,178.0,171.0,172.0,171.0
1.0,3024.0,523.0,515.0,356.0,350.0,0.0,0.0,350.0,172.0,172.0,171.0,177.0,174.0,172.0,1113.0,1234.0,677.0,0.0,0.0,350.0,172.0,172.0,171.0
1.0,2857.0,527.0,516.0,5.0,625.0,98.0,0.0,527.0,172.0,172.0,172.0,174.0,176.0,177.0,936.0,1416.0,505.0,98.0,0.0,527.0,172.0,172.0,172.0
1.0,2335.0,534.0,516.0,178.0,803.0,272.0,0.0,531.0,172.0,172.0,172.0,174.0,178.0,182.0,762.0,1240.0,333.0,272.0,0.0,531.0,172.0,172.0,172.0
1.0,1979.0,535.0,517.0,350.0,809.0,452.0,0.0,357.0,172.0,173.0,172.0,180.0,179.0,176.0,588.0,1062.0,329.0,452.0,0.0,357.0,172.0,173.0,172.0
1.0,1794.0,536.0,518.0,625.0,707.0,532.0,161.0,14.0,172.0,173.0,173.0,178.0,179.0,179.0,408.0,883.0,503.0,532.0,161.0,14.0,172.0,173.0,173.0
1.0,1883.0,532.0,518.0,803.0,775.0,436.0,339.0,0.0,172.0,173.0,173.0,176.0,178.0,178.0,328.0,704.0,851.0,436.0,339.0,0.0,172.0,173.0,173.0
1.0,2154.0,523.0,518.0,809.0,671.0,157.0,514.0,0.0,172.0,173.0,173.0,173.0,175.0,175.0,424.0,526.0,1204.0,157.0,514.0,0.0,172.0,173.0,173.0
1.0,2440.0,528.0,519.0,707.0,529.0,0.0,529.0,0.0,173.0,173.0,173.0,176.0,176.0,176.0,703.0,351.0,1386.0,0.0,529.0,0.0,173.0,173.0,173.0
1.0,2619.0,536.0,519.0,775.0,366.0,0.0,366.0,0.0,173.0,173.0,173.0,179.0,176.0,181.0,1059.0,336.0,1224.0,0.0,366.0,0.0,173.0,173.0,173.0
1.0,2858.0,547.0,520.0,671.0,42.0,0.0,35.0,7.0,173.0,174.0,173.0,184.0,178.0,185.0,1316.0,499.0,1043.0,0.0,35.0,7.0,173.0,174.0,173.0
1.0,2982.0,553.0,522.0,529.0,198.0,0.0,0.0,198.0,174.0,174.0,174.0,183.0,184.0,186.0,1289.0,835.0,858.0,0.0,0.0,198.0,174.0,174.0,174.0
1.0,2958.0,542.0,522.0,366.0,375.0,0.0,0.0,375.0,174.0,174.0,174.0,182.0,183.0,177.0,1106.0,1180.0,672.0,0.0,0.0,375.0,174.0,174.0,174.0
1.0,2782.0,527.0,522.0,42.0,664.0,122.0,0.0,542.0,174.0,174.0,174.0,176.0,177.0,174.0,924.0,1363.0,495.0,122.0,0.0,542.0,174.0,174.0,174.0
1.0,2297.0,532.0,522.0,198.0,819.0,299.0,0.0,520.0,174.0,174.0,174.0,177.0,179.0,176.0,748.0,1221.0,328.0,299.0,0.0,520.0,174.0,174.0,174.0
1.0,1963.0,532.0,522.0,375.0,804.0,478.0,6.0,320.0,174.0,174.0,174.0,179.0,178.0,175.0,571.0,1042.0,350.0,478.0,6.0,320.0,174.0,174.0,174.0
1.0,1806.0,534.0,524.0,664.0,723.0,535.0,188.0,0.0,174.0,175.0,175.0,179.0,177.0,178.0,392.0,864.0,550.0,535.0,188.0,0.0,174.0,175.0,175.0
1.0,1936.0,553.0,525.0,819.0,797.0,427.0,370.0,0.0,175.0,175.0,175.0,186.0,182.0,185.0,335.0,687.0,914.0,427.0,370.0,0.0,175.0,175.0,175.0
1.0,2202.0,543.0,525.0,804.0,673.0,128.0,545.0,0.0,175.0,175.0,175.0,179.0,181.0,183.0,448.0,505.0,1249.0,128.0,545.0,0.0,175.0,175.0,175.0
1.0,2463.0,537.0,525.0,723.0,534.0,0.0,534.0,0.0,175.0,175.0,175.0,176.0,177.0,184.0,747.0,330.0,1386.0,0.0,534.0,0.0,175.0,175.0,175.0
1.0,2649.0,543.0,525.0,797.0,345.0,0.0,345.0,0.0,175.0,175.0,175.0,178.0,181.0,184.0,1106.0,341.0,1202.0,0.0,345.0,0.0,175.0,175.0,175.0
1.0,2903.0,530.0,526.0,673.0,44.0,0.0,0.0,44.0,175.0,175.0,176.0,172.0,176.0,182.0,1355.0,530.0,1018.0,0.0,0.0,44.0,175.0,175.0,176.0
1.0,3046.0,539.0,527.0,534.0,222.0,0.0,0.0,222.0,175.0,176.0,176.0,177.0,184.0,178.0,1311.0,899.0,836.0,0.0,0.0,222.0,175.0,176.0,176.0
1.0,3041.0,552.0,527.0,345.0,405.0,0.0,0.0,405.0,175.0,176.0,176.0,186.0,183.0,183.0,1134.0,1249.0,658.0,0.0,0.0,405.0,175.0,176.0,176.0
1.0,2834.0,546.0,528.0,44.0,659.0,115.0,0.0,544.0,176.0,176.0,176.0,183.0,180.0,183.0,948.0,1411.0,475.0,115.0,0.0,544.0,176.0,176.0,176.0
1.0,2332.0,553.0,530.0,222.0,808.0,300.0,0.0,508.0,176.0,177.0,177.0,185.0,187.0,181.0,765.0,1231.0,336.0,300.0,0.0,508.0,176.0,177.0,177.0
1.0,2001.0,542.0,530.0,405.0,786.0,484.0,21.0,281.0,176.0,177.0,177.0,184.0,180.0,178.0,580.0,1044.0,377.0,484.0,21.0,281.0,176.0,177.0,177.0
1.0,1864.0,545.0,531.0,659.0,753.0,553.0,200.0,0.0,177.0,177.0,177.0,179.0,179.0,187.0,396.0,864.0,604.0,553.0,200.0,0.0,177.0,177.0,177.0
1.0,1978.0,533.0,531.0,808.0,808.0,431.0,377.0,0.0,177.0,177.0,177.0,178.0,177.0,178.0,332.0,685.0,961.0,431.0,377.0,0.0,177.0,177.0,177.0
1.0,2253.0,541.0,531.0,786.0,663.0,128.0,535.0,0.0,177.0,177.0,177.0,181.0,179.0,181.0,454.0,508.0,1291.0,128.0,535.0,0.0,177.0,177.0,177.0
1.0,2498.0,558.0,531.0,753.0,523.0,0.0,523.0,0.0,177.0,177.0,177.0,185.0,188.0,185.0,757.0,350.0,1391.0,0.0,523.0,0.0,177.0,177.0,177.0
1.0,2693.0,564.0,533.0,808.0,338.0,0.0,338.0,0.0,177.0,178.0,178.0,187.0,187.0,190.0,1125.0,362.0,1206.0,0.0,338.0,0.0,177.0,178.0,178.0
1.0,2937.0,562.0,534.0,663.0,61.0,0.0,0.0,61.0,178.0,178.0,178.0,189.0,186.0,187.0,1369.0,552.0,1016.0,0.0,0.0,61.0,178.0,178.0,178.0
1.0,3038.0,555.0,534.0,523.0,247.0,0.0,0.0,247.0,178.0,178.0,178.0,184.0,185.0,186.0,1308.0,901.0,829.0,0.0,0.0,247.0,178.0,178.0,178.0
1.0,3006.0,545.0,535.0,338.0,429.0,0.0,0.0,429.0,178.0,179.0,178.0,180.0,183.0,182.0,1124.0,1239.0,643.0,0.0,0.0,429.0,178.0,179.0,178.0
1.0,2799.0,533.0,535.0,61.0,667.0,122.0,0.0,545.0,178.0,179.0,178.0,176.0,180.0,177.0,944.0,1394.0,461.0,122.0,0.0,545.0,178.0,179.0,178.0
1.0,2327.0,533.0,535.0,247.0,775.0,302.0,0.0,473.0,178.0,179.0,178.0,180.0,178.0,175.0,768.0,1214.0,345.0,302.0,0.0,473.0,178.0,179.0,178.0
1.0,2041.0,545.0,536.0,429.0,755.0,484.0,40.0,231.0,178.0,179.0,179.0,182.0,181.0,182.0,588.0,1036.0,417.0,484.0,40.0,231.0,178.0,179.0,179.0
1.0,1925.0,563.0,537.0,667.0,784.0,557.0,227.0,0.0,179.0,179.0,179.0,190.0,187.0,186.0,406.0,855.0,664.0,557.0,227.0,0.0,179.0,179.0,179.0
1.0,2029.0,566.0,537.0,775.0,857.0,446.0,411.0,0.0,179.0,179.0,179.0,191.0,184.0,191.0,338.0,668.0,1023.0,446.0,411.0,0.0,179.0,179.0,179.0
1.0,2238.0,571.0,539.0,755.0,721.0,151.0,570.0,0.0,179.0,180.0,180.0,189.0,194.0,188.0,449.0,484.0,1305.0,151.0,570.0,0.0,179.0,180.0,180.0
1.0,2422.0,549.0,539.0,784.0,528.0,0.0,528.0,0.0,179.0,180.0,180.0,178.0,185.0,186.0,744.0,330.0,1348.0,0.0,528.0,0.0,179.0,180.0,180.0
1.0,2657.0,547.0,539.0,857.0,298.0,0.0,298.0,0.0,179.0,180.0,180.0,180.0,181.0,186.0,1123.0,372.0,1162.0,0.0,298.0,0.0,179.0,180.0,180.0
1.0,2967.0,547.0,540.0,721.0,105.0,0.0,0.0,105.0,180.0,180.0,180.0,184.0,182.0,181.0,1389.0,602.0,976.0,0.0,0.0,105.0,180.0,180.0,180.0
1.0,3141.0,554.0,540.0,528.0,291.0,0.0,0.0,291.0,180.0,180.0,180.0,184.0,184.0,186.0,1356.0,990.0,795.0,0.0,0.0,291.0,180.0,180.0,180.0
1.0,3115.0,563.0,541.0,298.0,482.0,0.0,0.0,482.0,180.0,180.0,181.0,191.0,186.0,186.0,1172.0,1334.0,609.0,0.0,0.0,482.0,180.0,180.0,181.0
1.0,2850.0,564.0,542.0,105.0,671.0,108.0,0.0,563.0,180.0,181.0,181.0,189.0,189.0,186.0,981.0,1446.0,423.0,108.0,0.0,563.0,180.0,181.0,181.0
1.0,2391.0,570.0,543.0,291.0,766.0,304.0,0.0,462.0,181.0,181.0,181.0,191.0,189.0,190.0,792.0,1257.0,342.0,304.0,0.0,462.0,181.0,181.0,181.0
1.0,2112.0,555.0,544.0,482.0,681.0,485.0,24.0,172.0,181.0,181.0,182.0,181.0,187.0,187.0,601.0,1068.0,443.0,485.0,24.0,172.0,181.0,181.0,182.0
1.0,2039.0,545.0,543.0,671.0,765.0,558.0,207.0,0.0,181.0,181.0,181.0,181.0,183.0,181.0,420.0,881.0,738.0,558.0,207.0,0.0,181.0,181.0,181.0
1.0,2165.0,556.0,544.0,766.0,834.0,438.0,396.0,0.0,181.0,181.0,182.0,184.0,189.0,183.0,347.0,698.0,1120.0,438.0,396.0,0.0,181.0,181.0,182.0
1.0,2375.0,561.0,545.0,681.0,703.0,138.0,565.0,0.0,181.0,182.0,182.0,185.0,188.0,188.0,467.0,509.0,1399.0,138.0,565.0,0.0,181.0,182.0,182.0
1.0,2495.0,564.0,546.0,765.0,546.0,0.0,546.0,0.0,182.0,182.0,182.0,189.0,188.0,187.0,767.0,345.0,1383.0,0.0,546.0,0.0,182.0,182.0,182.0
1.0,2696.0,573.0,547.0,834.0,339.0,0.0,339.0,0.0,182.0,182.0,183.0,189.0,189.0,195.0,1136.0,364.0,1196.0,0.0,339.0,0.0,182.0,182.0,183.0
1.0,2957.0,568.0,547.0,703.0,105.0,0.0,0.0,105.0,182.0,182.0,183.0,191.0,186.0,191.0,1385.0,571.0,1001.0,0.0,0.0,105.0,182.0,182.0,183.0
1.0,3092.0,556.0,547.0,546.0,294.0,0.0,0.0,294.0,182.0,182.0,183.0,183.0,184.0,189.0,1332.0,950.0,810.0,0.0,0.0,294.0,182.0,182.0,183.0
1.0,3082.0,551.0,548.0,339.0,477.0,0.0,0.0,477.0,182.0,183.0,183.0,183.0,185.0,183.0,1149.0,1312.0,621.0,0.0,0.0,477.0,182.0,183.0,183.0
1.0,2870.0,553.0,548.0,105.0,684.0,129.0,0.0,555.0,182.0,183.0,183.0,185.0,185.0,183.0,966.0,1466.0,438.0,129.0,0.0,555.0,182.0,183.0,183.0
1.0,2422.0,555.0,549.0,294.0,763.0,317.0,0.0,446.0,183.0,183.0,183.0,183.0,187.0,185.0,781.0,1281.0,360.0,317.0,0.0,446.0,183.0,183.0,183.0
1.0,2161.0,571.0,550.0,477.0,683.0,506.0,13.0,164.0,183.0,183.0,184.0,189.0,192.0,190.0,598.0,1094.0,469.0,506.0,13.0,164.0,183.0,183.0,184.0
1.0,2067.0,577.0,551.0,684.0,783.0,571.0,212.0,0.0,183.0,184.0,184.0,194.0,194.0,189.0,409.0,902.0,756.0,571.0,212.0,0.0,183.0,184.0,184.0
1.0,2174.0,572.0,552.0,763.0,855.0,453.0,402.0,0.0,184.0,184.0,184.0,194.0,190.0,188.0,344.0,708.0,1122.0,453.0,402.0,0.0,184.0,184.0,184.0
1.0,2365.0,571.0,552.0,683.0,718.0,142.0,576.0,0.0,184.0,184.0,184.0,195.0,187.0,189.0,467.0,518.0,1380.0,142.0,576.0,0.0,184.0,184.0,184.0
1.0,2477.0,554.0,552.0,783.0,549.0,0.0,549.0,0.0,184.0,184.0,184.0,185.0,185.0,184.0,778.0,344.0,1355.0,0.0,549.0,0.0,184.0,184.0,184.0
1.0,2706.0,558.0,552.0,855.0,334.0,0.0,334.0,0.0,184.0,184.0,184.0,185.0,187.0,186.0,1164.0,371.0,1171.0,0.0,334.0,0.0,184.0,184.0,184.0
1.0,3003.0,565.0,552.0,718.0,123.0,0.0,0.0,123.0,184.0,184.0,184.0,186.0,191.0,188.0,1432.0,586.0,985.0,0.0,0.0,123.0,184.0,184.0,184.0
1.0,3156.0,571.0,554.0,549.0,317.0,0.0,0.0,317.0,184.0,185.0,185.0,189.0,193.0,189.0,1388.0,971.0,797.0,0.0,0.0,317.0,184.0,185.0,185.0
1.0,3134.0,584.0,555.0,334.0,512.0,0.0,0.0,512.0,185.0,185.0,185.0,194.0,195.0,195.0,1199.0,1327.0,608.0,0.0,0.0,512.0,185.0,185.0,185.0
1.0,2884.0,570.0,555.0,123.0,688.0,112.0,0.0,576.0,185.0,185.0,185.0,192.0,191.0,187.0,1005.0,1466.0,413.0,112.0,0.0,576.0,185.0,185.0,185.0
1.0,2437.0,570.0,555.0,317.0,751.0,303.0,0.0,448.0,185.0,185.0,185.0,191.0,190.0,189.0,813.0,1275.0,349.0,303.0,0.0,448.0,185.0,185.0,185.0
1.0,2184.0,564.0,556.0,512.0,648.0,491.0,35.0,122.0,185.0,186.0,185.0,188.0,190.0,186.0,622.0,1085.0,477.0,491.0,35.0,122.0,185.0,186.0,185.0
1.0,2132.0,568.0,557.0,688.0,792.0,570.0,222.0,0.0,185.0,186.0,186.0,191.0,187.0,190.0,434.0,895.0,803.0,570.0,222.0,0.0,185.0,186.0,186.0
1.0,2252.0,574.0,558.0,751.0,874.0,463.0,411.0,0.0,186.0,186.0,186.0,191.0,189.0,194.0,355.0,708.0,1189.0,463.0,411.0,0.0,186.0,186.0,186.0
1.0,2429.0,587.0,558.0,648.0,740.0,169.0,571.0,0.0,186.0,186.0,186.0,197.0,195.0,195.0,467.0,519.0,1443.0,169.0,571.0,0.0,186.0,186.0,186.0
1.0,2490.0,583.0,558.0,792.0,542.0,0.0,542.0,0.0,186.0,186.0,186.0,193.0,193.0,197.0,761.0,359.0,1370.0,0.0,542.0,0.0,186.0,186.0,186.0
1.0,2699.0,592.0,561.0,874.0,332.0,0.0,332.0,0.0,187.0,187.0,187.0,198.0,196.0,198.0,1138.0,388.0,1173.0,0.0,332.0,0.0,187.0,187.0,187.0
1.0,2981.0,571.0,561.0,740.0,150.0,0.0,0.0,150.0,187.0,187.0,187.0,189.0,192.0,190.0,1403.0,603.0,975.0,0.0,0.0,150.0,187.0,187.0,187.0
1.0,3150.0,571.0,561.0,542.0,339.0,0.0,0.0,339.0,187.0,187.0,187.0,192.0,190.0,189.0,1383.0,982.0,785.0,0.0,0.0,339.0,187.0,187.0,187.0
1.0,3121.0,573.0,561.0,332.0,528.0,0.0,0.0,528.0,187.0,187.0,187.0,193.0,191.0,189.0,1191.0,1334.0,596.0,0.0,0.0,528.0,187.0,187.0,187.0
1.0,2880.0,575.0,561.0,150.0,699.0,130.0,0.0,569.0,187.0,187.0,187.0,193.0,191.0,191.0,998.0,1475.0,407.0,130.0,0.0,569.0,187.0,187.0,187.0
1.0,2455.0,584.0,564.0,339.0,759.0,328.0,0.0,431.0,188.0,188.0,188.0,193.0,195.0,196.0,805.0,1284.0,366.0,328.0,0.0,431.0,188.0,188.0,188.0
1.0,2210.0,581.0,564.0,528.0,663.0,523.0,45.0,95.0,188.0,188.0,188.0,195.0,194.0,192.0,612.0,1089.0,509.0,523.0,45.0,95.0,188.0,188.0,188.0
1.0,2157.0,579.0,564.0,699.0,822.0,587.0,235.0,0.0,188.0,188.0,188.0,194.0,190.0,195.0,417.0,895.0,845.0,587.0,235.0,0.0,188.0,188.0,188.0
1.0,2277.0,576.0,564.0,759.0,877.0,450.0,427.0,0.0,188.0,188.0,188.0,191.0,192.0,193.0,353.0,705.0,1219.0,450.0,427.0,0.0,188.0,188.0,188.0
1.0,2460.0,572.0,564.0,663.0,692.0,121.0,571.0,0.0,188.0,188.0,188.0,194.0,189.0,189.0,490.0,513.0,1457.0,121.0,571.0,0.0,188.0,188.0,188.0
1.0,2551.0,574.0,564.0,822.0,528.0,0.0,528.0,0.0,188.0,188.0,188.0,192.0,192.0,190.0,819.0,369.0,1363.0,0.0,528.0,0.0,188.0,188.0,188.0
1.0,2799.0,582.0,566.0,877.0,299.0,0.0,299.0,0.0,189.0,189.0,188.0,195.0,193.0,194.0,1214.0,412.0,1173.0,0.0,299.0,0.0,189.0,189.0,188.0
1.0,3094.0,587.0,567.0,692.0,161.0,0.0,0.0,161.0,189.0,189.0,189.0,194.0,198.0,195.0,1469.0,646.0,979.0,0.0,0.0,161.0,189.0,189.0,189.0
1.0,3199.0,592.0,567.0,528.0,357.0,0.0,0.0,357.0,189.0,189.0,189.0,196.0,200.0,196.0,1396.0,1019.0,784.0,0.0,0.0,357.0,189.0,189.0,189.0
1.0,3135.0,583.0,569.0,299.0,552.0,0.0,0.0,552.0,190.0,190.0,189.0,195.0,193.0,195.0,1200.0,1347.0,588.0,0.0,0.0,552.0,190.0,190.0,189.0
1.0,2851.0,572.0,569.0,161.0,720.0,138.0,0.0,582.0,190.0,190.0,189.0,193.0,188.0,191.0,1005.0,1453.0,393.0,138.0,0.0,582.0,190.0,190.0,189.0
1.0,2440.0,575.0,569.0,357.0,748.0,332.0,0.0,416.0,190.0,190.0,189.0,194.0,190.0,191.0,812.0,1265.0,363.0,332.0,0.0,416.0,190.0,190.0,189.0
1.0,2222.0,584.0,570.0,552.0,660.0,527.0,68.0,65.0,190.0,190.0,190.0,195.0,193.0,196.0,618.0,1075.0,529.0,527.0,68.0,65.0,190.0,190.0,190.0
1.0,2190.0,593.0,570.0,720.0,850.0,586.0,264.0,0.0,190.0,190.0,190.0,197.0,196.0,200.0,423.0,882.0,885.0,586.0,264.0,0.0,190.0,190.0,190.0
1.0,2317.0,597.0,571.0,748.0,919.0,457.0,462.0,0.0,191.0,190.0,190.0,198.0,198.0,201.0,364.0,686.0,1267.0,457.0,462.0,0.0,191.0,190.0,190.0
1.0,2468.0,594.0,572.0,660.0,724.0,127.0,597.0,0.0,191.0,191.0,190.0,197.0,198.0,199.0,498.0,488.0,1482.0,127.0,597.0,0.0,191.0,191.0,190.0
1.0,2534.0,589.0,573.0,850.0,531.0,0.0,531.0,0.0,191.0,191.0,191.0,194.0,198.0,197.0,828.0,358.0,1348.0,0.0,531.0,0.0,191.0,191.0,191.0
1.0,2795.0,583.0,573.0,919.0,264.0,0.0,264.0,0.0,191.0,191.0,191.0,192.0,195.0,196.0,1220.0,424.0,1151.0,0.0,264.0,0.0,191.0,191.0,191.0
1.0,3131.0,582.0,573.0,724.0,196.0,0.0,0.0,196.0,191.0,191.0,191.0,193.0,193.0,196.0,1485.0,691.0,955.0,0.0,0.0,196.0,191.0,191.0,191.0
1.0,3273.0,576.0,573.0,531.0,389.0,0.0,0.0,389.0,191.0,191.0,191.0,193.0,190.0,193.0,1419.0,1095.0,759.0,0.0,0.0,389.0,191.0,191.0,191.0
1.0,3228.0,585.0,573.0,264.0,584.0,0.0,0.0,584.0,191.0,191.0,191.0,196.0,194.0,195.0,1226.0,1436.0,566.0,0.0,0.0,584.0,191.0,191.0,191.0
1.0,2907.0,595.0,575.0,196.0,722.0,131.0,0.0,591.0,192.0,191.0,192.0,201.0,196.0,198.0,1030.0,1506.0,371.0,131.0,0.0,591.0,192.0,191.0,192.0
1.0,2508.0,605.0,576.0,389.0,737.0,333.0,0.0,404.0,192.0,192.0,192.0,202.0,201.0,202.0,829.0,1310.0,369.0,333.0,0.0,404.0,192.0,192.0,192.0
1.0,2292.0,597.0,576.0,584.0,601.0,531.0,51.0,19.0,192.0,192.0,192.0,198.0,200.0,199.0,627.0,1109.0,556.0,531.0,51.0,19.0,192.0,192.0,192.0
1.0,2279.0,589.0,576.0,722.0,843.0,595.0,248.0,0.0,192.0,192.0,192.0,195.0,197.0,197.0,429.0,909.0,941.0,595.0,248.0,0.0,192.0,192.0,192.0
1.0,2412.0,584.0,577.0,737.0,905.0,459.0,446.0,0.0,193.0,192.0,192.0,192.0,198.0,194.0,365.0,712.0,1335.0,459.0,446.0,0.0,193.0,192.0,192.0
1.0,2565.0,585.0,577.0,601.0,712.0,121.0,591.0,0.0,193.0,192.0,192.0,193.0,196.0,196.0,506.0,514.0,1545.0,121.0,591.0,0.0,193.0,192.0,192.0
1.0,2581.0,599.0,579.0,843.0,548.0,0.0,548.0,0.0,193.0,193.0,193.0,201.0,200.0,198.0,844.0,369.0,1368.0,0.0,548.0,0.0,193.0,193.0,193.0
1.0,2825.0,604.0,579.0,905.0,300.0,0.0,300.0,0.0,193.0,193.0,193.0,206.0,198.0,200.0,1238.0,417.0,1170.0,0.0,300.0,0.0,193.0,193.0,193.0
1.0,3126.0,602.0,580.0,712.0,195.0,0.0,0.0,195.0,194.0,193.0,193.0,205.0,197.0,200.0,1491.0,665.0,970.0,0.0,0.0,195.0,194.0,193.0,193.0
1.0,3236.0,594.0,581.0,548.0,397.0,0.0,0.0,397.0,194.0,193.0,194.0,203.0,194.0,197.0,1407.0,1059.0,770.0,0.0,0.0,397.0,194.0,193.0,194.0
1.0,3190.0,591.0,581.0,300.0,596.0,0.0,0.0,596.0,194.0,193.0,194.0,195.0,197.0,199.0,1204.0,1413.0,573.0,0.0,0.0,596.0,194.0,193.0,194.0
1.0,2899.0,585.0,582.0,195.0,751.0,155.0,0.0,596.0,194.0,194.0,194.0,194.0,196.0,195.0,1009.0,1516.0,374.0,155.0,0.0,596.0,194.0,194.0,194.0
1.0,2509.0,588.0,582.0,397.0,743.0,347.0,0.0,396.0,194.0,194.0,194.0,192.0,199.0,197.0,815.0,1320.0,374.0,347.0,0.0,396.0,194.0,194.0,194.0
1.0,2318.0,596.0,582.0,596.0,595.0,544.0,51.0,0.0,194.0,194.0,194.0,197.0,202.0,197.0,623.0,1121.0,574.0,544.0,51.0,0.0,194.0,194.0,194.0
1.0,2318.0,617.0,584.0,751.0,856.0,602.0,254.0,0.0,195.0,194.0,195.0,208.0,203.0,206.0,426.0,919.0,973.0,602.0,254.0,0.0,195.0,194.0,195.0
1.0,2452.0,613.0,585.0,743.0,920.0,459.0,461.0,0.0,195.0,195.0,195.0,204.0,202.0,207.0,373.0,716.0,1363.0,459.0,461.0,0.0,195.0,195.0,195.0
1.0,2582.0,608.0,585.0,595.0,730.0,119.0,611.0,0.0,195.0,195.0,195.0,204.0,201.0,203.0,516.0,514.0,1552.0,119.0,611.0,0.0,195.0,195.0,195.0
1.0,2569.0,593.0,586.0,856.0,555.0,0.0,555.0,0.0,196.0,195.0,195.0,197.0,198.0,198.0,856.0,364.0,1349.0,0.0,555.0,0.0,196.0,195.0,195.0
1.0,2832.0,579.0,586.0,920.0,304.0,0.0,285.0,19.0,196.0,195.0,195.0,193.0,191.0,195.0,1261.0,420.0,1151.0,0.0,285.0,19.0,196.0,195.0,195.0
1.0,3173.0,584.0,587.0,730.0,222.0,0.0,0.0,222.0,196.0,195.0,196.0,194.0,192.0,198.0,1527.0,690.0,956.0,0.0,0.0,222.0,196.0,195.0,196.0
1.0,3319.0,604.0,587.0,555.0,422.0,0.0,0.0,422.0,196.0,195.0,196.0,203.0,201.0,200.0,1452.0,1109.0,758.0,0.0,0.0,422.0,196.0,195.0,196.0
1.0,3270.0,611.0,587.0,304.0,605.0,0.0,0.0,605.0,196.0,195.0,196.0,202.0,207.0,202.0,1249.0,1463.0,558.0,0.0,0.0,605.0,196.0,195.0,196.0
1.0,2963.0,622.0,588.0,222.0,729.0,140.0,0.0,589.0,196.0,196.0,196.0,207.0,209.0,206.0,1047.0,1541.0,375.0,140.0,0.0,589.0,196.0,196.0,196.0
1.0,2563.0,609.0,590.0,422.0,722.0,348.0,0.0,374.0,197.0,196.0,197.0,203.0,204.0,202.0,840.0,1332.0,391.0,348.0,0.0,374.0,197.0,196.0,197.0
1.0,2376.0,603.0,590.0,605.0,599.0,546.0,53.0,0.0,197.0,196.0,197.0,198.0,201.0,204.0,637.0,1128.0,611.0,546.0,53.0,0.0,197.0,196.0,197.0
1.0,2378.0,597.0,590.0,729.0,855.0,608.0,247.0,0.0,197.0,196.0,197.0,202.0,194.0,201.0,439.0,927.0,1012.0,608.0,247.0,0.0,197.0,196.0,197.0
1.0,2510.0,596.0,590.0,722.0,904.0,455.0,449.0,0.0,197.0,196.0,197.0,195.0,202.0,199.0,377.0,733.0,1400.0,455.0,449.0,0.0,197.0,196.0,197.0
1.0,2636.0,605.0,590.0,599.0,707.0,110.0,597.0,0.0,197.0,196.0,197.0,201.0,201.0,203.0,530.0,531.0,1575.0,110.0,597.0,0.0,197.0,196.0,197.0
1.0,2630.0,618.0,592.0,855.0,560.0,0.0,560.0,0.0,197.0,197.0,198.0,205.0,205.0,208.0,875.0,383.0,1372.0,0.0,560.0,0.0,197.0,197.0,198.0
1.0,2867.0,618.0,593.0,904.0,349.0,0.0,319.0,30.0,198.0,197.0,198.0,206.0,208.0,204.0,1278.0,425.0,1164.0,0.0,319.0,30.0,198.0,197.0,198.0
1.0,3153.0,618.0,593.0,707.0,231.0,0.0,0.0,231.0,198.0,197.0,198.0,208.0,209.0,201.0,1527.0,666.0,960.0,0.0,0.0,231.0,198.0,197.0,198.0
1.0,3242.0,603.0,594.0,560.0,431.0,0.0,0.0,431.0,198.0,198.0,198.0,200.0,203.0,200.0,1429.0,1054.0,759.0,0.0,0.0,431.0,198.0,198.0,198.0
1.0,3199.0,605.0,594.0,349.0,606.0,0.0,0.0,606.0,198.0,198.0,198.0,200.0,200.0,205.0,1229.0,1411.0,559.0,0.0,0.0,606.0,198.0,198.0,198.0
1.0,2943.0,604.0,594.0,231.0,738.0,162.0,0.0,576.0,198.0,198.0,198.0,201.0,202.0,201.0,1029.0,1530.0,384.0,162.0,0.0,576.0,198.0,198.0,198.0
1.0,2570.0,610.0,595.0,431.0,721.0,364.0,0.0,357.0,198.0,198.0,199.0,202.0,201.0,207.0,828.0,1328.0,414.0,364.0,0.0,357.0,198.0,198.0,199.0
1.0,2391.0,625.0,596.0,606.0,645.0,574.0,71.0,0.0,199.0,198.0,199.0,205.0,208.0,212.0,626.0,1127.0,638.0,574.0,71.0,0.0,199.0,198.0,199.0
1.0,2372.0,619.0,598.0,738.0,899.0,619.0,280.0,0.0,199.0,199.0,200.0,207.0,204.0,208.0,421.0,919.0,1032.0,619.0,280.0,0.0,199.0,199.0,200.0
1.0,2491.0,622.0,598.0,721.0,953.0,464.0,489.0,0.0,199.0,199.0,200.0,209.0,209.0,204.0,376.0,715.0,1400.0,464.0,489.0,0.0,199.0,199.0,200.0
1.0,2590.0,609.0,598.0,645.0,716.0,93.0,623.0,0.0,199.0,199.0,200.0,203.0,205.0,201.0,531.0,506.0,1553.0,93.0,623.0,0.0,199.0,199.0,200.0
1.0,2626.0,604.0,598.0,899.0,547.0,0.0,547.0,0.0,199.0,199.0,200.0,202.0,204.0,198.0,902.0,372.0,1352.0,0.0,547.0,0.0,199.0,199.0,200.0
1.0,2921.0,601.0,599.0,953.0,306.0,0.0,262.0,44.0,200.0,199.0,200.0,199.0,204.0,198.0,1319.0,448.0,1154.0,0.0,262.0,44.0,200.0,199.0,200.0
1.0,3273.0,604.0,600.0,716.0,242.0,0.0,0.0,242.0,200.0,200.0,200.0,201.0,205.0,198.0,1584.0,733.0,956.0,0.0,0.0,242.0,200.0,200.0,200.0
1.0,3385.0,617.0,600.0,547.0,449.0,0.0,0.0,449.0,200.0,200.0,200.0,204.0,206.0,207.0,1476.0,1151.0,758.0,0.0,0.0,449.0,200.0,200.0,200.0
1.0,3315.0,627.0,601.0,306.0,621.0,0.0,0.0,621.0,200.0,200.0,201.0,208.0,208.0,211.0,1272.0,1492.0,551.0,0.0,0.0,621.0,200.0,200.0,201.0
1.0,2994.0,616.0,602.0,242.0,725.0,141.0,0.0,584.0,200.0,201.0,201.0,205.0,206.0,205.0,1064.0,1546.0,384.0,141.0,0.0,584.0,200.0,201.0,201.0
1.0,2620.0,614.0,602.0,449.0,689.0,348.0,0.0,341.0,200.0,201.0,201.0,207.0,201.0,206.0,859.0,1340.0,421.0,348.0,0.0,341.0,200.0,201.0,201.0
1.0,2455.0,609.0,603.0,621.0,623.0,556.0,67.0,0.0,201.0,201.0,201.0,203.0,201.0,205.0,652.0,1139.0,664.0,556.0,67.0,0.0,201.0,201.0,201.0
1.0,2467.0,612.0,603.0,725.0,893.0,623.0,270.0,0.0,201.0,201.0,201.0,208.0,203.0,201.0,449.0,938.0,1080.0,623.0,270.0,0.0,201.0,201.0,201.0
1.0,2580.0,615.0,603.0,689.0,956.0,480.0,476.0,0.0,201.0,201.0,201.0,205.0,206.0,204.0,382.0,735.0,1463.0,480.0,476.0,0.0,201.0,201.0,201.0
1.0,2654.0,623.0,603.0,623.0,746.0,132.0,614.0,0.0,201.0,201.0,201.0,208.0,205.0,210.0,525.0,529.0,1600.0,132.0,614.0,0.0,201.0,201.0,201.0
1.0,2654.0,634.0,606.0,893.0,564.0,0.0,564.0,0.0,202.0,202.0,202.0,211.0,215.0,208.0,873.0,391.0,1390.0,0.0,564.0,0.0,202.0,202.0,202.0
1.0,2913.0,619.0,606.0,956.0,327.0,0.0,296.0,31.0,202.0,202.0,202.0,208.0,208.0,203.0,1285.0,446.0,1182.0,0.0,296.0,31.0,202.0,202.0,202.0
1.0,3250.0,614.0,606.0,746.0,235.0,0.0,0.0,235.0,202.0,202.0,202.0,207.0,203.0,204.0,1557.0,714.0,979.0,0.0,0.0,235.0,202.0,202.0,202.0
1.0,3382.0,611.0,606.0,564.0,438.0,0.0,0.0,438.0,202.0,202.0,202.0,206.0,202.0,203.0,1482.0,1125.0,775.0,0.0,0.0,438.0,202.0,202.0,202.0
1.0,3335.0,618.0,606.0,327.0,613.0,0.0,0.0,613.0,202.0,202.0,202.0,209.0,203.0,206.0,1276.0,1487.0,572.0,0.0,0.0,613.0,202.0,202.0,202.0
1.0,3044.0,618.0,607.0,235.0,738.0,153.0,0.0,585.0,203.0,202.0,202.0,205.0,206.0,207.0,1067.0,1580.0,397.0,153.0,0.0,585.0,203.0,202.0,202.0
1.0,2661.0,633.0,609.0,438.0,725.0,360.0,0.0,365.0,203.0,203.0,203.0,207.0,213.0,213.0,862.0,1374.0,425.0,360.0,0.0,365.0,203.0,203.0,203.0
1.0,2466.0,637.0,609.0,613.0,640.0,570.0,70.0,0.0,203.0,203.0,203.0,210.0,216.0,211.0,655.0,1161.0,650.0,570.0,70.0,0.0,203.0,203.0,203.0
1.0,2442.0,636.0,609.0,738.0,909.0,627.0,282.0,0.0,203.0,203.0,203.0,210.0,212.0,214.0,445.0,945.0,1052.0,627.0,282.0,0.0,203.0,203.0,203.0
1.0,2544.0,615.0,609.0,725.0,960.0,472.0,488.0,0.0,203.0,203.0,203.0,205.0,206.0,204.0,388.0,733.0,1423.0,472.0,488.0,0.0,203.0,203.0,203.0
1.0,2654.0,609.0,610.0,640.0,735.0,109.0,626.0,0.0,203.0,204.0,203.0,207.0,203.0,199.0,543.0,527.0,1584.0,109.0,626.0,0.0,203.0,204.0,203.0
1.0,2685.0,610.0,610.0,909.0,545.0,0.0,545.0,0.0,203.0,204.0,203.0,206.0,201.0,203.0,906.0,394.0,1385.0,0.0,545.0,0.0,203.0,204.0,203.0
1.0,2984.0,622.0,612.0,960.0,309.0,0.0,265.0,44.0,204.0,204.0,204.0,208.0,208.0,206.0,1327.0,475.0,1182.0,0.0,265.0,44.0,204.0,204.0,204.0
1.0,3322.0,634.0,612.0,735.0,256.0,0.0,0.0,256.0,204.0,204.0,204.0,212.0,210.0,212.0,1591.0,755.0,976.0,0.0,0.0,256.0,204.0,204.0,204.0
1.0,3423.0,639.0,612.0,545.0,470.0,0.0,0.0,470.0,204.0,204.0,204.0,214.0,211.0,214.0,1488.0,1171.0,764.0,0.0,0.0,470.0,204.0,204.0,204.0
1.0,3329.0,631.0,615.0,309.0,641.0,0.0,0.0,641.0,205.0,205.0,205.0,209.0,212.0,210.0,1274.0,1505.0,550.0,0.0,0.0,641.0,205.0,205.0,205.0
1.0,3007.0,630.0,615.0,256.0,762.0,166.0,0.0,596.0,205.0,205.0,205.0,206.0,213.0,211.0,1065.0,1558.0,384.0,166.0,0.0,596.0,205.0,205.0,205.0
1.0,2633.0,627.0,615.0,470.0,709.0,373.0,0.0,336.0,205.0,205.0,205.0,207.0,210.0,210.0,859.0,1345.0,429.0,373.0,0.0,336.0,205.0,205.0,205.0
1.0,2476.0,630.0,615.0,641.0,684.0,583.0,101.0,0.0,205.0,205.0,205.0,210.0,211.0,209.0,652.0,1135.0,689.0,583.0,101.0,0.0,205.0,205.0,205.0
1.0,2487.0,634.0,615.0,762.0,943.0,629.0,314.0,0.0,205.0,205.0,205.0,212.0,213.0,209.0,442.0,924.0,1121.0,629.0,314.0,0.0,205.0,205.0,205.0
1.0,2615.0,636.0,616.0,709.0,998.0,467.0,531.0,0.0,205.0,206.0,205.0,211.0,212.0,213.0,396.0,711.0,1508.0,467.0,531.0,0.0,205.0,206.0,205.0
1.0,2688.0,637.0,618.0,684.0,746.0,103.0,643.0,0.0,206.0,206.0,206.0,214.0,213.0,210.0,558.0,499.0,1631.0,103.0,643.0,0.0,206.0,206.0,206.0
1.0,2735.0,629.0,618.0,943.0,539.0,0.0,539.0,0.0,206.0,206.0,206.0,210.0,210.0,209.0,927.0,387.0,1421.0,0.0,539.0,0.0,206.0,206.0,206.0
1.0,3049.0,623.0,618.0,998.0,240.0,0.0,216.0,24.0,206.0,206.0,206.0,209.0,208.0,206.0,1346.0,491.0,1212.0,0.0,216.0,24.0,206.0,206.0,206.0
1.0,3424.0,621.0,618.0,746.0,233.0,0.0,0.0,233.0,206.0,206.0,206.0,204.0,208.0,209.0,1604.0,814.0,1006.0,0.0,0.0,233.0,206.0,206.0,206.0
1.0,3549.0,629.0,618.0,539.0,442.0,0.0,0.0,442.0,206.0,206.0,206.0,212.0,208.0,209.0,1503.0,1249.0,797.0,0.0,0.0,442.0,206.0,206.0,206.0
1.0,3459.0,644.0,620.0,240.0,631.0,0.0,0.0,631.0,207.0,207.0,206.0,217.0,214.0,213.0,1291.0,1580.0,588.0,0.0,0.0,631.0,207.0,207.0,206.0
1.0,3055.0,647.0,621.0,233.0,797.0,176.0,0.0,621.0,207.0,207.0,207.0,215.0,214.0,218.0,1074.0,1582.0,399.0,176.0,0.0,621.0,207.0,207.0,207.0
1.0,2641.0,650.0,621.0,442.0,789.0,392.0,0.0,397.0,207.0,207.0,207.0,216.0,216.0,218.0,859.0,1368.0,414.0,392.0,0.0,397.0,207.0,207.0,207.0
1.0,2433.0,638.0,622.0,631.0,704.0,603.0,101.0,0.0,207.0,208.0,207.0,211.0,213.0,214.0,643.0,1152.0,638.0,603.0,101.0,0.0,207.0,208.0,207.0
1.0,2426.0,632.0,623.0,797.0,953.0,643.0,310.0,0.0,208.0,208.0,207.0,211.0,209.0,212.0,432.0,939.0,1055.0,643.0,310.0,0.0,208.0,208.0,207.0
1.0,2591.0,622.0,623.0,789.0,975.0,459.0,516.0,0.0,208.0,208.0,207.0,208.0,206.0,208.0,397.0,730.0,1464.0,459.0,516.0,0.0,208.0,208.0,207.0
1.0,2758.0,632.0,623.0,704.0,694.0,68.0,626.0,0.0,208.0,208.0,207.0,212.0,211.0,209.0,581.0,524.0,1653.0,68.0,626.0,0.0,208.0,208.0,207.0
1.0,2830.0,644.0,624.0,953.0,531.0,0.0,531.0,0.0,208.0,208.0,208.0,218.0,215.0,211.0,972.0,414.0,1444.0,0.0,531.0,0.0,208.0,208.0,208.0
1.0,3139.0,649.0,624.0,975.0,255.0,0.0,231.0,24.0,208.0,208.0,208.0,216.0,216.0,217.0,1397.0,509.0,1233.0,0.0,231.0,24.0,208.0,208.0,208.0
1.0,3465.0,655.0,626.0,694.0,241.0,0.0,0.0,241.0,209.0,209.0,208.0,220.0,218.0,217.0,1640.0,809.0,1016.0,0.0,0.0,241.0,209.0,209.0,208.0
1.0,3504.0,645.0,626.0,531.0,455.0,0.0,0.0,455.0,209.0,209.0,208.0,213.0,218.0,214.0,1488.0,1217.0,799.0,0.0,0.0,455.0,209.0,209.0,208.0
1.0,3390.0,638.0,626.0,255.0,646.0,0.0,0.0,646.0,209.0,209.0,208.0,207.0,216.0,215.0,1275.0,1530.0,585.0,0.0,0.0,646.0,209.0,209.0,208.0
1.0,3007.0,625.0,626.0,241.0,799.0,183.0,0.0,616.0,209.0,209.0,208.0,206.0,208.0,211.0,1068.0,1545.0,394.0,183.0,0.0,616.0,209.0,209.0,208.0
1.0,2623.0,627.0,627.0,455.0,769.0,390.0,0.0,379.0,209.0,209.0,209.0,207.0,207.0,213.0,862.0,1337.0,424.0,390.0,0.0,379.0,209.0,209.0,209.0
1.0,2451.0,640.0,627.0,646.0,731.0,606.0,125.0,0.0,209.0,209.0,209.0,216.0,210.0,214.0,655.0,1130.0,666.0,606.0,125.0,0.0,209.0,209.0,209.0
1.0,2457.0,659.0,628.0,799.0,996.0,652.0,344.0,0.0,210.0,209.0,209.0,224.0,219.0,216.0,439.0,920.0,1098.0,652.0,344.0,0.0,210.0,209.0,209.0
1.0,2597.0,655.0,630.0,769.0,1051.0,483.0,568.0,0.0,210.0,210.0,210.0,221.0,219.0,215.0,398.0,701.0,1498.0,483.0,568.0,0.0,210.0,210.0,210.0
1.0,2711.0,655.0,630.0,731.0,757.0,97.0,660.0,0.0,210.0,210.0,210.0,220.0,217.0,218.0,567.0,482.0,1662.0,97.0,660.0,0.0,210.0,210.0,210.0
1.0,2787.0,643.0,630.0,996.0,532.0,0.0,532.0,0.0,210.0,210.0,210.0,215.0,216.0,212.0,953.0,390.0,1444.0,0.0,532.0,0.0,210.0,210.0,210.0
1.0,3140.0,634.0,631.0,1051.0,205.0,0.0,175.0,30.0,211.0,210.0,210.0,211.0,211.0,212.0,1390.0,518.0,1232.0,0.0,175.0,30.0,211.0,210.0,210.0
1.0,3557.0,644.0,631.0,757.0,243.0,0.0,0.0,243.0,211.0,210.0,210.0,213.0,218.0,213.0,1662.0,875.0,1020.0,0.0,0.0,243.0,211.0,210.0,210.0
1.0,3670.0,657.0,632.0,532.0,462.0,0.0,0.0,462.0,211.0,211.0,210.0,220.0,218.0,219.0,1546.0,1317.0,807.0,0.0,0.0,462.0,211.0,211.0,210.0
1.0,3545.0,654.0,633.0,205.0,658.0,0.0,0.0,658.0,211.0,211.0,211.0,217.0,216.0,221.0,1326.0,1631.0,588.0,0.0,0.0,658.0,211.0,211.0,211.0
1.0,3096.0,665.0,634.0,243.0,811.0,173.0,0.0,638.0,212.0,211.0,211.0,222.0,220.0,223.0,1109.0,1590.0,397.0,173.0,0.0,638.0,212.0,211.0,211.0
1.0,2674.0,652.0,635.0,462.0,788.0,391.0,0.0,397.0,212.0,212.0,211.0,218.0,213.0,221.0,887.0,1370.0,417.0,391.0,0.0,397.0,212.0,212.0,211.0
1.0,2484.0,643.0,636.0,658.0,725.0,606.0,119.0,0.0,212.0,212.0,212.0,215.0,216.0,212.0,669.0,1157.0,658.0,606.0,119.0,0.0,212.0,212.0,212.0
1.0,2499.0,634.0,636.0,811.0,977.0,645.0,332.0,0.0,212.0,212.0,212.0,212.0,213.0,209.0,454.0,941.0,1104.0,645.0,332.0,0.0,212.0,212.0,212.0
1.0,2676.0,634.0,636.0,788.0,1009.0,464.0,545.0,0.0,212.0,212.0,212.0,210.0,213.0,211.0,415.0,728.0,1533.0,464.0,545.0,0.0,212.0,212.0,212.0
1.0,2830.0,656.0,636.0,725.0,723.0,76.0,647.0,0.0,212.0,212.0,212.0,218.0,221.0,217.0,596.0,515.0,1719.0,76.0,647.0,0.0,212.0,212.0,212.0
1.0,2899.0,663.0,636.0,977.0,537.0,0.0,537.0,0.0,212.0,212.0,212.0,221.0,222.0,220.0,984.0,413.0,1502.0,0.0,537.0,0.0,212.0,212.0,212.0
1.0,3213.0,665.0,639.0,1009.0,221.0,0.0,216.0,5.0,213.0,213.0,213.0,224.0,219.0,222.0,1408.0,523.0,1282.0,0.0,216.0,5.0,213.0,213.0,213.0
1.0,3557.0,662.0,639.0,723.0,223.0,0.0,0.0,223.0,213.0,213.0,213.0,225.0,219.0,218.0,1648.0,849.0,1060.0,0.0,0.0,223.0,213.0,213.0,213.0
1.0,3618.0,659.0,639.0,537.0,443.0,0.0,0.0,443.0,213.0,213.0,213.0,222.0,217.0,220.0,1499.0,1277.0,842.0,0.0,0.0,443.0,213.0,213.0,213.0
1.0,3496.0,645.0,640.0,221.0,663.0,9.0,0.0,654.0,214.0,213.0,213.0,216.0,213.0,216.0,1277.0,1597.0,622.0,9.0,0.0,654.0,214.0,213.0,213.0
1.0,3072.0,649.0,640.0,223.0,873.0,225.0,0.0,648.0,214.0,213.0,213.0,216.0,216.0,217.0,1061.0,1600.0,411.0,225.0,0.0,648.0,214.0,213.0,213.0
1.0,2646.0,653.0,640.0,443.0,867.0,443.0,0.0,424.0,214.0,213.0,213.0,218.0,216.0,219.0,845.0,1384.0,417.0,443.0,0.0,424.0,214.0,213.0,213.0
1.0,2436.0,663.0,642.0,663.0,780.0,656.0,124.0,0.0,214.0,214.0,214.0,222.0,222.0,219.0,627.0,1168.0,641.0,656.0,124.0,0.0,214.0,214.0,214.0
1.0,2436.0,660.0,642.0,873.0,996.0,652.0,344.0,0.0,214.0,214.0,214.0,221.0,220.0,219.0,414.0,946.0,1076.0,652.0,344.0,0.0,214.0,214.0,214.0
1.0,2649.0,663.0,643.0,867.0,1005.0,438.0,567.0,0.0,215.0,214.0,214.0,224.0,223.0,216.0,418.0,726.0,1505.0,438.0,567.0,0.0,215.0,214.0,214.0
1.0,2853.0,668.0,644.0,780.0,676.0,7.0,669.0,0.0,215.0,215.0,214.0,225.0,221.0,222.0,637.0,503.0,1713.0,7.0,669.0,0.0,215.0,215.0,214.0
1.0,2965.0,643.0,644.0,996.0,539.0,0.0,539.0,0.0,215.0,215.0,214.0,215.0,214.0,214.0,1068.0,406.0,1491.0,0.0,539.0,0.0,215.0,215.0,214.0
1.0,3318.0,649.0,645.0,1005.0,203.0,0.0,187.0,16.0,215.0,215.0,215.0,216.0,215.0,218.0,1505.0,536.0,1277.0,0.0,187.0,16.0,215.0,215.0,215.0
1.0,3674.0,655.0,645.0,676.0,236.0,0.0,0.0,236.0,215.0,215.0,215.0,217.0,218.0,220.0,1727.0,888.0,1059.0,0.0,0.0,236.0,215.0,215.0,215.0
1.0,3695.0,668.0,646.0,539.0,460.0,0.0,0.0,460.0,216.0,215.0,215.0,221.0,223.0,224.0,1517.0,1339.0,839.0,0.0,0.0,460.0,216.0,215.0,215.0
1.0,3566.0,673.0,646.0,203.0,679.0,8.0,0.0,671.0,216.0,215.0,215.0,224.0,222.0,227.0,1296.0,1655.0,615.0,8.0,0.0,671.0,216.0,215.0,215.0
1.0,3096.0,670.0,648.0,236.0,892.0,231.0,0.0,661.0,216.0,216.0,216.0,223.0,226.0,221.0,1072.0,1620.0,404.0,231.0,0.0,661.0,216.0,216.0,216.0
1.0,2662.0,661.0,648.0,460.0,871.0,452.0,0.0,419.0,216.0,216.0,216.0,221.0,222.0,218.0,849.0,1394.0,419.0,452.0,0.0,419.0,216.0,216.0,216.0
1.0,2461.0,650.0,648.0,679.0,789.0,663.0,126.0,0.0,216.0,216.0,216.0,219.0,218.0,213.0,628.0,1172.0,661.0,663.0,126.0,0.0,216.0,216.0,216.0
1.0,2490.0,657.0,649.0,892.0,1004.0,658.0,346.0,0.0,217.0,216.0,216.0,221.0,220.0,216.0,417.0,954.0,1119.0,658.0,346.0,0.0,217.0,216.0,216.0
1.0,2725.0,663.0,649.0,871.0,998.0,429.0,569.0,0.0,217.0,216.0,216.0,223.0,223.0,217.0,427.0,734.0,1564.0,429.0,569.0,0.0,217.0,216.0,216.0
1.0,2933.0,672.0,650.0,789.0,670.0,0.0,670.0,0.0,217.0,217.0,216.0,225.0,222.0,225.0,656.0,511.0,1766.0,0.0,670.0,0.0,217.0,217.0,216.0
1.0,3050.0,666.0,652.0,1004.0,545.0,0.0,545.0,0.0,218.0,217.0,217.0,222.0,221.0,223.0,1094.0,415.0,1541.0,0.0,545.0,0.0,218.0,217.0,217.0
1.0,3388.0,673.0,652.0,998.0,198.0,0.0,198.0,0.0,218.0,217.0,217.0,224.0,222.0,227.0,1530.0,540.0,1318.0,0.0,198.0,0.0,218.0,217.0,217.0
1.0,3713.0,657.0,652.0,670.0,215.0,0.0,0.0,215.0,218.0,217.0,217.0,217.0,219.0,221.0,1735.0,887.0,1091.0,0.0,0.0,215.0,218.0,217.0,217.0
1.0,3726.0,661.0,652.0,545.0,438.0,0.0,0.0,438.0,218.0,217.0,217.0,220.0,218.0,223.0,1518.0,1338.0,870.0,0.0,0.0,438.0,218.0,217.0,217.0
1.0,3610.0,669.0,652.0,198.0,675.0,12.0,0.0,663.0,218.0,217.0,217.0,220.0,224.0,225.0,1298.0,1665.0,647.0,12.0,0.0,663.0,218.0,217.0,217.0
1.0,3139.0,671.0,654.0,215.0,910.0,235.0,0.0,675.0,218.0,218.0,218.0,223.0,226.0,222.0,1078.0,1639.0,422.0,235.0,0.0,675.0,218.0,218.0,218.0
1.0,2683.0,673.0,654.0,438.0,919.0,456.0,0.0,463.0,218.0,218.0,218.0,221.0,226.0,226.0,855.0,1413.0,415.0,456.0,0.0,463.0,218.0,218.0,218.0
1.0,2448.0,679.0,655.0,675.0,831.0,677.0,130.0,24.0,219.0,218.0,218.0,228.0,227.0,224.0,634.0,1187.0,627.0,677.0,130.0,24.0,219.0,218.0,218.0
1.0,2444.0,677.0,655.0,910.0,1024.0,669.0,355.0,0.0,219.0,218.0,218.0,227.0,225.0,225.0,418.0,960.0,1066.0,669.0,355.0,0.0,219.0,218.0,218.0
1.0,2677.0,669.0,656.0,919.0,1025.0,440.0,585.0,0.0,219.0,219.0,218.0,227.0,225.0,217.0,426.0,735.0,1516.0,440.0,585.0,0.0,219.0,219.0,218.0
1.0,2927.0,653.0,656.0,831.0,671.0,0.0,671.0,0.0,219.0,219.0,218.0,221.0,216.0,216.0,655.0,510.0,1762.0,0.0,671.0,0.0,219.0,219.0,218.0
1.0,3105.0,665.0,657.0,1024.0,536.0,0.0,536.0,0.0,219.0,219.0,219.0,224.0,220.0,221.0,1111.0,424.0,1570.0,0.0,536.0,0.0,219.0,219.0,219.0
1.0,3464.0,681.0,658.0,1025.0,177.0,0.0,177.0,0.0,220.0,219.0,219.0,227.0,226.0,228.0,1556.0,559.0,1349.0,0.0,177.0,0.0,220.0,219.0,219.0
1.0,3808.0,687.0,658.0,671.0,204.0,0.0,0.0,204.0,220.0,219.0,219.0,229.0,228.0,230.0,1769.0,918.0,1121.0,0.0,0.0,204.0,220.0,219.0,219.0
1.0,3792.0,686.0,660.0,536.0,441.0,0.0,0.0,441.0,220.0,220.0,220.0,225.0,229.0,232.0,1540.0,1361.0,891.0,0.0,0.0,441.0,220.0,220.0,220.0
1.0,3642.0,674.0,661.0,177.0,678.0,13.0,0.0,665.0,221.0,220.0,220.0,223.0,227.0,224.0,1315.0,1668.0,659.0,13.0,0.0,665.0,221.0,220.0,220.0
1.0,3145.0,666.0,661.0,204.0,918.0,234.0,0.0,684.0,221.0,220.0,220.0,221.0,222.0,223.0,1092.0,1618.0,435.0,234.0,0.0,684.0,221.0,220.0,220.0
1.0,2683.0,662.0,661.0,441.0,918.0,457.0,0.0,461.0,221.0,220.0,220.0,223.0,221.0,218.0,871.0,1396.0,416.0,457.0,0.0,461.0,221.0,220.0,220.0
1.0,2462.0,665.0,661.0,678.0,830.0,671.0,145.0,14.0,221.0,220.0,220.0,227.0,220.0,218.0,648.0,1175.0,639.0,671.0,145.0,14.0,221.0,220.0,220.0
1.0,2475.0,679.0,661.0,918.0,1036.0,665.0,371.0,0.0,221.0,220.0,220.0,228.0,226.0,225.0,434.0,955.0,1086.0,665.0,371.0,0.0,221.0,220.0,220.0
1.0,2714.0,691.0,662.0,918.0,1049.0,442.0,607.0,0.0,221.0,221.0,220.0,234.0,231.0,226.0,440.0,729.0,1545.0,442.0,607.0,0.0,221.0,221.0,220.0
1.0,2941.0,694.0,664.0,830.0,703.0,5.0,698.0,0.0,222.0,221.0,221.0,229.0,236.0,229.0,663.0,498.0,1780.0,5.0,698.0,0.0,222.0,221.0,221.0
1.0,3077.0,688.0,664.0,1036.0,560.0,0.0,560.0,0.0,222.0,221.0,221.0,225.0,233.0,230.0,1105.0,407.0,1565.0,0.0,560.0,0.0,222.0,221.0,221.0
1.0,3425.0,677.0,665.0,1049.0,183.0,0.0,183.0,0.0,222.0,222.0,221.0,223.0,225.0,229.0,1545.0,545.0,1335.0,0.0,183.0,0.0,222.0,222.0,221.0
1.0,3797.0,675.0,665.0,703.0,226.0,0.0,0.0,226.0,222.0,222.0,221.0,223.0,225.0,227.0,1764.0,927.0,1106.0,0.0,0.0,226.0,222.0,222.0,221.0
1.0,3825.0,674.0,665.0,560.0,453.0,0.0,0.0,453.0,222.0,222.0,221.0,222.0,225.0,227.0,1546.0,1400.0,879.0,0.0,0.0,453.0,222.0,222.0,221.0
1.0,3711.0,685.0,666.0,183.0,702.0,16.0,0.0,686.0,222.0,222.0,222.0,230.0,227.0,228.0,1324.0,1735.0,652.0,16.0,0.0,686.0,222.0,222.0,222.0
1.0,3209.0,694.0,667.0,226.0,946.0,255.0,0.0,691.0,223.0,222.0,222.0,234.0,229.0,231.0,1094.0,1691.0,424.0,255.0,0.0,691.0,223.0,222.0,222.0
1.0,2741.0,700.0,668.0,453.0,964.0,490.0,0.0,474.0,223.0,223.0,222.0,235.0,229.0,236.0,860.0,1462.0,419.0,490.0,0.0,474.0,223.0,223.0,222.0
1.0,2494.0,689.0,669.0,702.0,838.0,701.0,113.0,24.0,223.0,223.0,223.0,227.0,231.0,231.0,625.0,1233.0,636.0,701.0,113.0,24.0,223.0,223.0,223.0
1.0,2507.0,679.0,670.0,946.0,1014.0,676.0,338.0,0.0,224.0,223.0,223.0,225.0,225.0,229.0,414.0,1002.0,1091.0,676.0,338.0,0.0,224.0,223.0,223.0
1.0,2774.0,671.0,669.0,964.0,966.0,403.0,563.0,0.0,223.0,223.0,223.0,222.0,225.0,224.0,444.0,777.0,1553.0,403.0,563.0,0.0,223.0,223.0,223.0
1.0,3067.0,681.0,669.0,838.0,678.0,0.0,678.0,0.0,223.0,223.0,223.0,225.0,228.0,228.0,712.0,552.0,1803.0,0.0,678.0,0.0,223.0,223.0,223.0
1.0,3224.0,689.0,670.0,1014.0,565.0,0.0,565.0,0.0,224.0,223.0,223.0,229.0,225.0,235.0,1188.0,437.0,1599.0,0.0,565.0,0.0,224.0,223.0,223.0
1.0,3549.0,697.0,672.0,966.0,238.0,0.0,238.0,0.0,224.0,224.0,224.0,231.0,231.0,235.0,1635.0,550.0,1364.0,0.0,238.0,0.0,224.0,224.0,224.0
1.0,3818.0,698.0,672.0,678.0,226.0,0.0,0.0,226.0,224.0,224.0,224.0,232.0,231.0,235.0,1807.0,882.0,1129.0,0.0,0.0,226.0,224.0,224.0,224.0
1.0,3798.0,697.0,672.0,565.0,459.0,0.0,0.0,459.0,224.0,224.0,224.0,234.0,230.0,233.0,1575.0,1329.0,894.0,0.0,0.0,459.0,224.0,224.0,224.0
1.0,3666.0,681.0,674.0,238.0,703.0,13.0,0.0,690.0,225.0,224.0,225.0,229.0,226.0,226.0,1341.0,1664.0,661.0,13.0,0.0,690.0,225.0,224.0,225.0
1.0,3223.0,675.0,675.0,226.0,924.0,238.0,0.0,686.0,225.0,225.0,225.0,225.0,228.0,222.0,1112.0,1676.0,435.0,238.0,0.0,686.0,225.0,225.0,225.0
1.0,2774.0,679.0,675.0,459.0,915.0,465.0,0.0,450.0,225.0,225.0,225.0,227.0,229.0,223.0,887.0,1448.0,439.0,465.0,0.0,450.0,225.0,225.0,225.0
1.0,2554.0,695.0,675.0,703.0,820.0,681.0,139.0,0.0,225.0,225.0,225.0,229.0,233.0,233.0,660.0,1219.0,675.0,681.0,139.0,0.0,225.0,225.0,225.0
1.0,2562.0,705.0,675.0,924.0,1054.0,678.0,376.0,0.0,225.0,225.0,225.0,235.0,237.0,233.0,444.0,986.0,1132.0,678.0,376.0,0.0,225.0,225.0,225.0
1.0,2781.0,703.0,678.0,915.0,1071.0,457.0,614.0,0.0,226.0,226.0,226.0,239.0,233.0,231.0,447.0,749.0,1585.0,457.0,614.0,0.0,226.0,226.0,226.0
1.0,2993.0,697.0,678.0,820.0,715.0,8.0,707.0,0.0,226.0,226.0,226.0,232.0,232.0,233.0,673.0,516.0,1804.0,8.0,707.0,0.0,226.0,226.0,226.0
1.0,3116.0,683.0,678.0,1054.0,556.0,0.0,556.0,0.0,226.0,226.0,226.0,227.0,225.0,231.0,1122.0,423.0,1571.0,0.0,556.0,0.0,226.0,226.0,226.0
1.0,3487.0,682.0,678.0,1071.0,189.0,0.0,169.0,20.0,226.0,226.0,226.0,225.0,227.0,230.0,1573.0,574.0,1340.0,0.0,169.0,20.0,226.0,226.0,226.0
1.0,3876.0,682.0,678.0,715.0,249.0,0.0,0.0,249.0,226.0,226.0,226.0,225.0,228.0,229.0,1805.0,961.0,1110.0,0.0,0.0,249.0,226.0,226.0,226.0
1.0,3909.0,693.0,678.0,556.0,483.0,0.0,0.0,483.0,226.0,226.0,226.0,228.0,231.0,234.0,1588.0,1440.0,881.0,0.0,0.0,483.0,226.0,226.0,226.0
1.0,3772.0,705.0,681.0,187.0,713.0,12.0,0.0,701.0,227.0,227.0,227.0,237.0,237.0,231.0,1360.0,1765.0,647.0,12.0,0.0,701.0,227.0,227.0,227.0
1.0,3254.0,705.0,681.0,251.0,930.0,247.0,0.0,683.0,227.0,227.0,227.0,235.0,237.0,233.0,1123.0,1697.0,434.0,247.0,0.0,683.0,227.0,227.0,227.0
1.0,2800.0,707.0,681.0,483.0,916.0,483.0,0.0,433.0,227.0,227.0,227.0,236.0,238.0,233.0,888.0,1460.0,452.0,483.0,0.0,433.0,227.0,227.0,227.0
1.0,2576.0,696.0,683.0,713.0,857.0,702.0,155.0,0.0,227.0,228.0,228.0,231.0,237.0,228.0,652.0,1222.0,702.0,702.0,155.0,0.0,227.0,228.0,228.0
1.0,2593.0,682.0,683.0,930.0,1065.0,682.0,383.0,0.0,227.0,228.0,228.0,227.0,228.0,227.0,433.0,985.0,1175.0,682.0,383.0,0.0,227.0,228.0,228.0
1.0,2841.0,683.0,683.0,916.0,1036.0,427.0,609.0,0.0,227.0,228.0,228.0,228.0,226.0,229.0,453.0,757.0,1631.0,427.0,609.0,0.0,227.0,228.0,228.0
1.0,3074.0,693.0,684.0,857.0,689.0,0.0,689.0,0.0,228.0,228.0,228.0,229.0,235.0,229.0,708.0,531.0,1835.0,0.0,689.0,0.0,228.0,228.0,228.0
1.0,3238.0,705.0,684.0,1065.0,540.0,0.0,540.0,0.0,228.0,228.0,228.0,235.0,234.0,236.0,1181.0,451.0,1606.0,0.0,540.0,0.0,228.0,228.0,228.0
1.0,3598.0,718.0,685.0,1036.0,183.0,0.0,173.0,10.0,228.0,229.0,228.0,241.0,237.0,240.0,1628.0,600.0,1370.0,0.0,173.0,10.0,228.0,229.0,228.0
1.0,3916.0,712.0,687.0,689.0,247.0,0.0,0.0,247.0,229.0,229.0,229.0,237.0,243.0,232.0,1814.0,972.0,1130.0,0.0,0.0,247.0,229.0,229.0,229.0
1.0,3893.0,698.0,687.0,540.0,477.0,0.0,0.0,477.0,229.0,229.0,229.0,237.0,231.0,230.0,1577.0,1418.0,898.0,0.0,0.0,477.0,229.0,229.0,229.0
1.0,3735.0,692.0,687.0,183.0,735.0,35.0,0.0,700.0,229.0,229.0,229.0,230.0,229.0,233.0,1340.0,1727.0,668.0,35.0,0.0,700.0,229.0,229.0,229.0
1.0,3226.0,692.0,687.0,247.0,945.0,261.0,0.0,684.0,229.0,229.0,229.0,226.0,235.0,231.0,1110.0,1671.0,445.0,261.0,0.0,684.0,229.0,229.0,229.0
1.0,2781.0,702.0,687.0,477.0,934.0,494.0,0.0,440.0,229.0,229.0,229.0,233.0,236.0,233.0,884.0,1436.0,461.0,494.0,0.0,440.0,229.0,229.0,229.0
1.0,2556.0,707.0,689.0,735.0,879.0,696.0,183.0,0.0,229.0,230.0,230.0,237.0,233.0,237.0,651.0,1200.0,705.0,696.0,183.0,0.0,229.0,230.0,230.0
1.0,2584.0,708.0,690.0,945.0,1095.0,678.0,417.0,0.0,230.0,230.0,230.0,238.0,234.0,236.0,449.0,967.0,1168.0,678.0,417.0,0.0,230.0,230.0,230.0
1.0,2821.0,713.0,690.0,934.0,1077.0,423.0,654.0,0.0,230.0,230.0,230.0,239.0,237.0,237.0,472.0,733.0,1616.0,423.0,654.0,0.0,230.0,230.0,230.0
1.0,3042.0,704.0,690.0,879.0,704.0,0.0,704.0,0.0,230.0,230.0,230.0,235.0,233.0,236.0,727.0,496.0,1819.0,0.0,704.0,0.0,230.0,230.0,230.0
1.0,3217.0,699.0,690.0,1095.0,521.0,0.0,521.0,0.0,230.0,230.0,230.0,232.0,234.0,233.0,1188.0,446.0,1583.0,0.0,521.0,0.0,230.0,230.0,230.0
1.0,3613.0,702.0,691.0,1077.0,142.0,0.0,107.0,35.0,230.0,231.0,230.0,232.0,235.0,235.0,1634.0,629.0,1350.0,0.0,107.0,35.0,230.0,231.0,230.0
1.0,3988.0,708.0,693.0,704.0,275.0,0.0,0.0,275.0,231.0,231.0,231.0,236.0,237.0,235.0,1825.0,1048.0,1115.0,0.0,0.0,275.0,231.0,231.0,231.0
1.0,3984.0,722.0,693.0,521.0,515.0,0.0,0.0,515.0,231.0,231.0,231.0,240.0,242.0,240.0,1589.0,1515.0,880.0,0.0,0.0,515.0,231.0,231.0,231.0
1.0,3783.0,713.0,694.0,140.0,761.0,42.0,0.0,719.0,231.0,232.0,231.0,236.0,240.0,237.0,1349.0,1794.0,640.0,42.0,0.0,719.0,231.0,232.0,231.0
1.0,3210.0,712.0,695.0,277.0,963.0,283.0,0.0,680.0,231.0,232.0,232.0,241.0,238.0,233.0,1113.0,1661.0,436.0,283.0,0.0,680.0,231.0,232.0,232.0
1.0,2775.0,707.0,695.0,515.0,919.0,518.0,0.0,401.0,231.0,232.0,232.0,235.0,236.0,236.0,872.0,1423.0,480.0,518.0,0.0,401.0,231.0,232.0,232.0
1.0,2583.0,707.0,696.0,761.0,923.0,718.0,205.0,0.0,232.0,232.0,232.0,237.0,232.0,238.0,637.0,1187.0,759.0,718.0,205.0,0.0,232.0,232.0,232.0
1.0,2637.0,707.0,696.0,963.0,1111.0,673.0,438.0,0.0,232.0,232.0,232.0,238.0,233.0,236.0,442.0,955.0,1240.0,673.0,438.0,0.0,232.0,232.0,232.0
1.0,2893.0,719.0,696.0,919.0,1073.0,395.0,678.0,0.0,232.0,232.0,232.0,240.0,240.0,239.0,487.0,722.0,1684.0,395.0,678.0,0.0,232.0,232.0,232.0
1.0,3093.0,727.0,698.0,923.0,722.0,0.0,722.0,0.0,232.0,233.0,233.0,240.0,244.0,243.0,765.0,482.0,1846.0,0.0,722.0,0.0,232.0,233.0,233.0
1.0,3289.0,724.0,699.0,1111.0,525.0,0.0,525.0,0.0,233.0,233.0,233.0,239.0,241.0,244.0,1243.0,443.0,1603.0,0.0,525.0,0.0,233.0,233.0,233.0
1.0,3676.0,721.0,699.0,1073.0,136.0,0.0,89.0,47.0,233.0,233.0,233.0,238.0,242.0,241.0,1677.0,640.0,1359.0,0.0,89.0,47.0,233.0,233.0,233.0
1.0,4028.0,710.0,699.0,722.0,280.0,0.0,0.0,280.0,233.0,233.0,233.0,240.0,237.0,233.0,1834.0,1076.0,1118.0,0.0,0.0,280.0,233.0,233.0,233.0
1.0,4040.0,704.0,700.0,525.0,513.0,0.0,0.0,513.0,233.0,234.0,233.0,235.0,236.0,233.0,1594.0,1561.0,885.0,0.0,0.0,513.0,233.0,234.0,233.0
1.0,3861.0,707.0,700.0,136.0,745.0,45.0,0.0,700.0,233.0,234.0,233.0,239.0,234.0,234.0,1359.0,1850.0,652.0,45.0,0.0,700.0,233.0,234.0,233.0
1.0,3290.0,713.0,700.0,280.0,941.0,283.0,0.0,658.0,233.0,234.0,233.0,238.0,237.0,238.0,1120.0,1705.0,465.0,283.0,0.0,658.0,233.0,234.0,233.0
1.0,2857.0,717.0,702.0,513.0,919.0,529.0,0.0,390.0,234.0,234.0,234.0,241.0,236.0,240.0,882.0,1468.0,507.0,529.0,0.0,390.0,234.0,234.0,234.0
1.0,2653.0,734.0,702.0,745.0,910.0,727.0,183.0,0.0,234.0,234.0,234.0,243.0,245.0,246.0,641.0,1232.0,780.0,727.0,183.0,0.0,234.0,234.0,234.0
1.0,2664.0,729.0,703.0,941.0,1115.0,686.0,429.0,0.0,234.0,235.0,234.0,242.0,241.0,246.0,443.0,987.0,1234.0,686.0,429.0,0.0,234.0,235.0,234.0
1.0,2876.0,718.0,704.0,919.0,1070.0,401.0,669.0,0.0,235.0,235.0,234.0,239.0,240.0,239.0,484.0,746.0,1646.0,401.0,669.0,0.0,235.0,235.0,234.0
1.0,3077.0,715.0,704.0,910.0,722.0,0.0,722.0,0.0,235.0,235.0,234.0,240.0,236.0,239.0,774.0,506.0,1797.0,0.0,722.0,0.0,235.0,235.0,234.0
1.0,3272.0,710.0,704.0,1115.0,530.0,0.0,530.0,0.0,235.0,235.0,234.0,237.0,237.0,236.0,1261.0,453.0,1558.0,0.0,530.0,0.0,235.0,235.0,234.0
1.0,3677.0,717.0,705.0,1070.0,191.0,0.0,98.0,93.0,235.0,235.0,235.0,240.0,237.0,240.0,1710.0,645.0,1322.0,0.0,98.0,93.0,235.0,235.0,235.0
1.0,4030.0,721.0,706.0,722.0,332.0,0.0,0.0,332.0,235.0,236.0,235.0,240.0,242.0,239.0,1871.0,1077.0,1082.0,0.0,0.0,332.0,235.0,236.0,235.0
1.0,4031.0,722.0,707.0,530.0,571.0,0.0,0.0,571.0,236.0,236.0,235.0,241.0,242.0,239.0,1631.0,1557.0,843.0,0.0,0.0,571.0,236.0,236.0,235.0
1.0,3839.0,726.0,708.0,186.0,762.0,32.0,0.0,730.0,236.0,236.0,236.0,242.0,242.0,242.0,1390.0,1845.0,604.0,32.0,0.0,730.0,236.0,236.0,236.0
1.0,3299.0,716.0,708.0,337.0,903.0,271.0,0.0,632.0,236.0,236.0,236.0,239.0,238.0,239.0,1148.0,1701.0,450.0,271.0,0.0,632.0,236.0,236.0,236.0
1.0,2920.0,711.0,708.0,571.0,805.0,509.0,0.0,296.0,236.0,236.0,236.0,238.0,238.0,235.0,909.0,1463.0,548.0,509.0,0.0,296.0,236.0,236.0,236.0
1.0,2780.0,717.0,708.0,762.0,911.0,715.0,196.0,0.0,236.0,236.0,236.0,238.0,241.0,238.0,671.0,1225.0,884.0,715.0,196.0,0.0,236.0,236.0,236.0
1.0,2825.0,725.0,709.0,903.0,1130.0,686.0,444.0,0.0,236.0,237.0,236.0,242.0,243.0,240.0,465.0,984.0,1376.0,686.0,444.0,0.0,236.0,237.0,236.0
1.0,3003.0,732.0,710.0,805.0,1113.0,422.0,691.0,0.0,237.0,237.0,236.0,240.0,247.0,245.0,494.0,741.0,1768.0,422.0,691.0,0.0,237.0,237.0,236.0
1.0,3076.0,737.0,711.0,911.0,739.0,0.0,739.0,0.0,237.0,237.0,237.0,244.0,244.0,249.0,763.0,494.0,1819.0,0.0,739.0,0.0,237.0,237.0,237.0
1.0,3250.0,726.0,711.0,1130.0,537.0,0.0,537.0,0.0,237.0,237.0,237.0,242.0,242.0,242.0,1234.0,446.0,1570.0,0.0,537.0,0.0,237.0,237.0,237.0
1.0,3654.0,721.0,712.0,1113.0,187.0,0.0,89.0,98.0,237.0,238.0,237.0,242.0,238.0,241.0,1678.0,648.0,1328.0,0.0,89.0,98.0,237.0,238.0,237.0
1.0,4046.0,713.0,711.0,739.0,334.0,0.0,0.0,334.0,237.0,237.0,237.0,241.0,236.0,236.0,1858.0,1101.0,1087.0,0.0,0.0,334.0,237.0,237.0,237.0
1.0,4072.0,720.0,713.0,537.0,569.0,0.0,0.0,569.0,238.0,238.0,237.0,242.0,243.0,235.0,1617.0,1604.0,851.0,0.0,0.0,569.0,238.0,238.0,237.0
1.0,3889.0,732.0,713.0,187.0,777.0,63.0,0.0,714.0,238.0,238.0,237.0,248.0,241.0,243.0,1375.0,1898.0,616.0,63.0,0.0,714.0,238.0,238.0,237.0
1.0,3344.0,738.0,714.0,334.0,937.0,309.0,0.0,628.0,238.0,238.0,238.0,246.0,249.0,243.0,1127.0,1746.0,471.0,309.0,0.0,628.0,238.0,238.0,238.0
1.0,2940.0,746.0,716.0,569.0,869.0,564.0,0.0,305.0,239.0,239.0,238.0,250.0,250.0,246.0,881.0,1497.0,562.0,564.0,0.0,305.0,239.0,239.0,238.0
1.0,2763.0,739.0,716.0,777.0,942.0,747.0,195.0,0.0,239.0,239.0,238.0,246.0,247.0,246.0,631.0,1247.0,885.0,747.0,195.0,0.0,239.0,239.0,238.0
1.0,2801.0,726.0,716.0,937.0,1116.0,678.0,438.0,0.0,239.0,239.0,238.0,240.0,243.0,243.0,448.0,1000.0,1353.0,678.0,438.0,0.0,239.0,239.0,238.0
1.0,3012.0,720.0,717.0,869.0,1028.0,352.0,676.0,0.0,239.0,239.0,239.0,238.0,238.0,244.0,517.0,757.0,1738.0,352.0,676.0,0.0,239.0,239.0,239.0
1.0,3161.0,719.0,717.0,942.0,718.0,0.0,718.0,0.0,239.0,239.0,239.0,239.0,237.0,243.0,843.0,519.0,1799.0,0.0,718.0,0.0,239.0,239.0,239.0
1.0,3384.0,730.0,717.0,1116.0,523.0,0.0,523.0,0.0,239.0,239.0,239.0,244.0,243.0,243.0,1351.0,477.0,1556.0,0.0,523.0,0.0,239.0,239.0,239.0
1.0,3770.0,738.0,718.0,1028.0,220.0,0.0,92.0,128.0,240.0,239.0,239.0,247.0,245.0,246.0,1785.0,672.0,1313.0,0.0,92.0,128.0,240.0,239.0,239.0
1.0,4060.0,746.0,720.0,718.0,380.0,0.0,0.0,380.0,240.0,240.0,240.0,248.0,251.0,247.0,1890.0,1103.0,1067.0,0.0,0.0,380.0,240.0,240.0,240.0
1.0,4032.0,737.0,720.0,523.0,625.0,0.0,0.0,625.0,240.0,240.0,240.0,246.0,246.0,245.0,1642.0,1570.0,820.0,0.0,0.0,625.0,240.0,240.0,240.0
1.0,3818.0,728.0,720.0,220.0,781.0,43.0,0.0,738.0,240.0,240.0,240.0,239.0,248.0,241.0,1396.0,1847.0,575.0,43.0,0.0,738.0,240.0,240.0,240.0
1.0,3310.0,724.0,720.0,380.0,885.0,282.0,0.0,603.0,240.0,240.0,240.0,239.0,240.0,245.0,1157.0,1691.0,462.0,282.0,0.0,603.0,240.0,240.0,240.0
1.0,2966.0,734.0,720.0,625.0,752.0,525.0,0.0,227.0,240.0,240.0,240.0,243.0,242.0,249.0,918.0,1451.0,597.0,525.0,0.0,227.0,240.0,240.0,240.0
1.0,2857.0,748.0,723.0,781.0,979.0,736.0,243.0,0.0,241.0,241.0,241.0,249.0,247.0,252.0,675.0,1209.0,973.0,736.0,243.0,0.0,241.0,241.0,241.0
1.0,2890.0,745.0,723.0,885.0,1194.0,705.0,489.0,0.0,241.0,241.0,241.0,251.0,246.0,248.0,469.0,962.0,1459.0,705.0,489.0,0.0,241.0,241.0,241.0
1.0,3030.0,747.0,723.0,752.0,1165.0,426.0,739.0,0.0,241.0,241.0,241.0,246.0,250.0,251.0,500.0,716.0,1814.0,426.0,739.0,0.0,241.0,241.0,241.0
1.0,3035.0,750.0,724.0,979.0,744.0,0.0,744.0,0.0,242.0,241.0,241.0,252.0,248.0,250.0,779.0,466.0,1790.0,0.0,744.0,0.0,242.0,241.0,241.0
1.0,3264.0,734.0,725.0,1194.0,501.0,0.0,501.0,0.0,242.0,241.0,242.0,242.0,246.0,246.0,1263.0,461.0,1540.0,0.0,501.0,0.0,242.0,241.0,242.0
1.0,3724.0,727.0,726.0,1165.0,170.0,0.0,12.0,158.0,242.0,242.0,242.0,240.0,245.0,242.0,1726.0,704.0,1294.0,0.0,12.0,158.0,242.0,242.0,242.0
1.0,4162.0,736.0,726.0,744.0,404.0,0.0,0.0,404.0,242.0,242.0,242.0,243.0,247.0,246.0,1912.0,1198.0,1052.0,0.0,0.0,404.0,242.0,242.0,242.0
1.0,4170.0,740.0,726.0,501.0,650.0,0.0,0.0,650.0,242.0,242.0,242.0,246.0,248.0,246.0,1669.0,1695.0,806.0,0.0,0.0,650.0,242.0,242.0,242.0
1.0,3931.0,748.0,726.0,170.0,780.0,37.0,0.0,743.0,242.0,242.0,242.0,250.0,247.0,251.0,1423.0,1948.0,560.0,37.0,0.0,743.0,242.0,242.0,242.0
1.0,3353.0,750.0,727.0,404.0,885.0,290.0,0.0,595.0,242.0,242.0,243.0,253.0,246.0,251.0,1173.0,1713.0,467.0,290.0,0.0,595.0,242.0,242.0,243.0
1.0,3007.0,750.0,729.0,650.0,740.0,545.0,0.0,195.0,243.0,243.0,243.0,250.0,250.0,250.0,920.0,1467.0,620.0,545.0,0.0,195.0,243.0,243.0,243.0
1.0,2907.0,738.0,729.0,780.0,998.0,756.0,242.0,0.0,243.0,243.0,243.0,248.0,244.0,246.0,670.0,1217.0,1020.0,756.0,242.0,0.0,243.0,243.0,243.0
1.0,2949.0,736.0,729.0,885.0,1195.0,710.0,485.0,0.0,243.0,243.0,243.0,244.0,243.0,249.0,459.0,973.0,1517.0,710.0,485.0,0.0,243.0,243.0,243.0
1.0,3098.0,736.0,729.0,740.0,1141.0,408.0,733.0,0.0,243.0,243.0,243.0,243.0,248.0,245.0,505.0,730.0,1863.0,408.0,733.0,0.0,243.0,243.0,243.0
1.0,3102.0,745.0,729.0,998.0,741.0,0.0,741.0,0.0,243.0,243.0,243.0,248.0,250.0,247.0,807.0,482.0,1813.0,0.0,741.0,0.0,243.0,243.0,243.0
1.0,3355.0,752.0,730.0,1195.0,509.0,0.0,509.0,0.0,243.0,243.0,244.0,247.0,253.0,252.0,1315.0,474.0,1566.0,0.0,509.0,0.0,243.0,243.0,244.0
1.0,3798.0,758.0,732.0,1141.0,191.0,0.0,34.0,157.0,244.0,244.0,244.0,254.0,253.0,251.0,1778.0,706.0,1314.0,0.0,34.0,157.0,244.0,244.0,244.0
1.0,4181.0,750.0,732.0,741.0,409.0,0.0,0.0,409.0,244.0,244.0,244.0,250.0,248.0,252.0,1932.0,1186.0,1063.0,0.0,0.0,409.0,244.0,244.0,244.0
1.0,4172.0,748.0,732.0,509.0,656.0,0.0,0.0,656.0,244.0,244.0,244.0,255.0,246.0,247.0,1682.0,1679.0,811.0,0.0,0.0,656.0,244.0,244.0,244.0
1.0,3933.0,734.0,732.0,191.0,783.0,38.0,0.0,745.0,244.0,244.0,244.0,245.0,243.0,246.0,1427.0,1942.0,564.0,38.0,0.0,745.0,244.0,244.0,244.0
1.0,3390.0,737.0,732.0,409.0,865.0,282.0,0.0,583.0,244.0,244.0,244.0,244.0,246.0,247.0,1182.0,1733.0,475.0,282.0,0.0,583.0,244.0,244.0,244.0
1.0,3062.0,753.0,733.0,656.0,717.0,531.0,0.0,186.0,244.0,244.0,245.0,249.0,250.0,254.0,938.0,1487.0,637.0,531.0,0.0,186.0,244.0,244.0,245.0
1.0,2965.0,755.0,735.0,783.0,989.0,748.0,241.0,0.0,245.0,245.0,245.0,250.0,253.0,252.0,689.0,1237.0,1039.0,748.0,241.0,0.0,245.0,245.0,245.0
1.0,2993.0,763.0,735.0,865.0,1215.0,721.0,494.0,0.0,245.0,245.0,245.0,255.0,253.0,255.0,477.0,984.0,1532.0,721.0,494.0,0.0,245.0,245.0,245.0
1.0,3095.0,755.0,736.0,717.0,1192.0,445.0,747.0,0.0,245.0,245.0,246.0,255.0,253.0,247.0,504.0,731.0,1860.0,445.0,747.0,0.0,245.0,245.0,246.0
1.0,3057.0,755.0,738.0,989.0,763.0,0.0,763.0,0.0,246.0,246.0,246.0,253.0,252.0,250.0,780.0,478.0,1799.0,0.0,763.0,0.0,246.0,246.0,246.0
1.0,3291.0,739.0,738.0,1215.0,516.0,0.0,516.0,0.0,246.0,246.0,246.0,248.0,247.0,244.0,1275.0,467.0,1549.0,0.0,516.0,0.0,246.0,246.0,246.0
1.0,3767.0,740.0,738.0,1192.0,185.0,0.0,14.0,171.0,246.0,246.0,246.0,249.0,245.0,246.0,1748.0,714.0,1305.0,0.0,14.0,171.0,246.0,246.0,246.0
1.0,4219.0,751.0,738.0,763.0,422.0,0.0,0.0,422.0,246.0,246.0,246.0,249.0,251.0,251.0,1944.0,1216.0,1059.0,0.0,0.0,422.0,246.0,246.0,246.0
1.0,4231.0,758.0,738.0,516.0,674.0,0.0,0.0,674.0,246.0,246.0,246.0,252.0,254.0,252.0,1695.0,1728.0,808.0,0.0,0.0,674.0,246.0,246.0,246.0
1.0,3989.0,759.0,740.0,185.0,809.0,48.0,0.0,761.0,247.0,246.0,247.0,256.0,250.0,253.0,1443.0,1990.0,556.0,48.0,0.0,761.0,247.0,246.0,247.0
1.0,3415.0,760.0,741.0,422.0,893.0,300.0,0.0,593.0,247.0,247.0,247.0,252.0,254.0,254.0,1187.0,1754.0,474.0,300.0,0.0,593.0,247.0,247.0,247.0
1.0,3077.0,750.0,741.0,674.0,719.0,550.0,0.0,169.0,247.0,247.0,247.0,250.0,250.0,250.0,935.0,1500.0,642.0,550.0,0.0,169.0,247.0,247.0,247.0
1.0,3001.0,750.0,741.0,809.0,987.0,752.0,235.0,0.0,247.0,247.0,247.0,250.0,250.0,250.0,685.0,1250.0,1066.0,752.0,235.0,0.0,247.0,247.0,247.0
1.0,3060.0,760.0,741.0,893.0,1191.0,703.0,488.0,0.0,247.0,247.0,247.0,251.0,253.0,256.0,483.0,1000.0,1577.0,703.0,488.0,0.0,247.0,247.0,247.0
1.0,3193.0,756.0,742.0,719.0,1146.0,405.0,741.0,0.0,247.0,247.0,248.0,252.0,253.0,251.0,532.0,747.0,1914.0,405.0,741.0,0.0,247.0,247.0,248.0
1.0,3156.0,764.0,744.0,987.0,766.0,0.0,766.0,0.0,248.0,248.0,248.0,254.0,255.0,255.0,830.0,494.0,1832.0,0.0,766.0,0.0,248.0,248.0,248.0
1.0,3379.0,763.0,744.0,1191.0,531.0,0.0,531.0,0.0,248.0,248.0,248.0,254.0,253.0,256.0,1328.0,474.0,1577.0,0.0,531.0,0.0,248.0,248.0,248.0
1.0,3807.0,763.0,745.0,1146.0,220.0,0.0,44.0,176.0,248.0,248.0,249.0,257.0,254.0,252.0,1777.0,709.0,1321.0,0.0,44.0,176.0,248.0,248.0,249.0
1.0,4190.0,753.0,745.0,766.0,426.0,0.0,0.0,426.0,248.0,248.0,249.0,254.0,249.0,250.0,1925.0,1196.0,1069.0,0.0,0.0,426.0,248.0,248.0,249.0
1.0,4203.0,756.0,745.0,531.0,678.0,0.0,0.0,678.0,248.0,248.0,249.0,250.0,254.0,252.0,1671.0,1713.0,819.0,0.0,0.0,678.0,248.0,248.0,249.0
1.0,3978.0,756.0,745.0,220.0,823.0,71.0,0.0,752.0,248.0,248.0,249.0,252.0,254.0,250.0,1421.0,1990.0,567.0,71.0,0.0,752.0,248.0,248.0,249.0
1.0,3442.0,761.0,747.0,426.0,908.0,328.0,0.0,580.0,249.0,249.0,249.0,252.0,255.0,254.0,1169.0,1780.0,493.0,328.0,0.0,580.0,249.0,249.0,249.0
1.0,3107.0,775.0,747.0,678.0,748.0,582.0,0.0,166.0,249.0,249.0,249.0,254.0,257.0,264.0,917.0,1525.0,665.0,582.0,0.0,166.0,249.0,249.0,249.0
1.0,3010.0,777.0,748.0,823.0,1005.0,769.0,236.0,0.0,249.0,249.0,250.0,258.0,259.0,260.0,663.0,1268.0,1079.0,769.0,236.0,0.0,249.0,249.0,250.0
1.0,3056.0,765.0,749.0,908.0,1191.0,696.0,495.0,0.0,249.0,250.0,250.0,255.0,254.0,256.0,476.0,1009.0,1571.0,696.0,495.0,0.0,249.0,250.0,250.0
1.0,3199.0,759.0,750.0,748.0,1119.0,373.0,746.0,0.0,250.0,250.0,250.0,254.0,251.0,254.0,549.0,755.0,1895.0,373.0,746.0,0.0,250.0,250.0,250.0
1.0,3188.0,746.0,750.0,1005.0,755.0,0.0,755.0,0.0,250.0,250.0,250.0,255.0,245.0,246.0,877.0,504.0,1807.0,0.0,755.0,0.0,250.0,250.0,250.0
1.0,3447.0,758.0,750.0,1191.0,514.0,0.0,514.0,0.0,250.0,250.0,250.0,255.0,254.0,249.0,1391.0,495.0,1561.0,0.0,514.0,0.0,250.0,250.0,250.0
1.0,3880.0,770.0,750.0,1119.0,215.0,0.0,23.0,192.0,250.0,250.0,250.0,261.0,255.0,254.0,1832.0,736.0,1312.0,0.0,23.0,192.0,250.0,250.0,250.0
1.0,4229.0,783.0,752.0,755.0,454.0,0.0,0.0,454.0,251.0,250.0,251.0,262.0,264.0,257.0,1944.0,1227.0,1058.0,0.0,0.0,454.0,251.0,250.0,251.0
1.0,4201.0,778.0,753.0,514.0,715.0,0.0,0.0,715.0,251.0,251.0,251.0,258.0,259.0,261.0,1682.0,1718.0,801.0,0.0,0.0,715.0,251.0,251.0,251.0
1.0,3937.0,778.0,753.0,215.0,872.0,89.0,0.0,783.0,251.0,251.0,251.0,258.0,260.0,260.0,1424.0,1973.0,540.0,89.0,0.0,783.0,251.0,251.0,251.0
1.0,3374.0,767.0,753.0,454.0,928.0,341.0,0.0,587.0,251.0,251.0,251.0,252.0,257.0,258.0,1166.0,1736.0,472.0,341.0,0.0,587.0,251.0,251.0,251.0
1.0,3061.0,761.0,753.0,715.0,750.0,596.0,26.0,128.0,251.0,251.0,251.0,255.0,250.0,256.0,914.0,1479.0,668.0,596.0,26.0,128.0,251.0,251.0,251.0
1.0,3015.0,762.0,755.0,872.0,1045.0,768.0,277.0,0.0,252.0,251.0,252.0,256.0,251.0,255.0,659.0,1229.0,1127.0,768.0,277.0,0.0,252.0,251.0,252.0
1.0,3125.0,774.0,755.0,928.0,1220.0,687.0,533.0,0.0,252.0,251.0,252.0,260.0,256.0,258.0,492.0,978.0,1655.0,687.0,533.0,0.0,252.0,251.0,252.0
1.0,3279.0,784.0,756.0,750.0,1128.0,353.0,775.0,0.0,252.0,252.0,252.0,262.0,263.0,259.0,573.0,722.0,1984.0,353.0,775.0,0.0,252.0,252.0,252.0
1.0,3245.0,785.0,757.0,1045.0,762.0,0.0,762.0,0.0,253.0,252.0,252.0,261.0,264.0,260.0,907.0,485.0,1853.0,0.0,762.0,0.0,253.0,252.0,252.0
1.0,3505.0,775.0,758.0,1220.0,489.0,0.0,489.0,0.0,253.0,252.0,253.0,257.0,260.0,258.0,1414.0,498.0,1593.0,0.0,489.0,0.0,253.0,252.0,253.0
1.0,3950.0,768.0,758.0,1128.0,185.0,0.0,0.0,185.0,253.0,252.0,253.0,254.0,259.0,255.0,1844.0,771.0,1335.0,0.0,0.0,185.0,253.0,252.0,253.0
1.0,4310.0,764.0,759.0,762.0,439.0,0.0,0.0,439.0,253.0,253.0,253.0,256.0,254.0,254.0,1943.0,1287.0,1080.0,0.0,0.0,439.0,253.0,253.0,253.0
1.0,4308.0,771.0,759.0,489.0,698.0,0.0,0.0,698.0,253.0,253.0,253.0,255.0,257.0,259.0,1687.0,1795.0,826.0,0.0,0.0,698.0,253.0,253.0,253.0
1.0,4026.0,771.0,759.0,185.0,861.0,88.0,0.0,773.0,253.0,253.0,253.0,255.0,256.0,260.0,1432.0,2027.0,567.0,88.0,0.0,773.0,253.0,253.0,253.0
1.0,3440.0,794.0,760.0,439.0,961.0,360.0,0.0,601.0,254.0,253.0,253.0,267.0,260.0,267.0,1177.0,1771.0,492.0,360.0,0.0,601.0,254.0,253.0,253.0
1.0,3085.0,781.0,762.0,698.0,808.0,620.0,20.0,168.0,254.0,254.0,254.0,260.0,261.0,260.0,910.0,1511.0,664.0,620.0,20.0,168.0,254.0,254.0,254.0
1.0,3002.0,788.0,762.0,861.0,1075.0,791.0,284.0,0.0,254.0,254.0,254.0,259.0,264.0,265.0,650.0,1250.0,1102.0,791.0,284.0,0.0,254.0,254.0,254.0
1.0,3075.0,765.0,762.0,961.0,1224.0,684.0,540.0,0.0,254.0,254.0,254.0,253.0,256.0,256.0,479.0,986.0,1610.0,684.0,540.0,0.0,254.0,254.0,254.0
1.0,3271.0,763.0,762.0,808.0,1095.0,318.0,777.0,0.0,254.0,254.0,254.0,254.0,257.0,252.0,586.0,730.0,1955.0,318.0,777.0,0.0,254.0,254.0,254.0
1.0,3316.0,768.0,762.0,1075.0,752.0,0.0,752.0,0.0,254.0,254.0,254.0,256.0,259.0,253.0,952.0,493.0,1871.0,0.0,752.0,0.0,254.0,254.0,254.0
1.0,3623.0,779.0,763.0,1224.0,472.0,0.0,472.0,0.0,255.0,254.0,254.0,263.0,260.0,256.0,1487.0,518.0,1618.0,0.0,472.0,0.0,255.0,254.0,254.0
1.0,4068.0,795.0,765.0,1095.0,175.0,0.0,0.0,175.0,255.0,255.0,255.0,268.0,265.0,262.0,1908.0,798.0,1362.0,0.0,0.0,175.0,255.0,255.0,255.0
1.0,4368.0,795.0,765.0,752.0,438.0,0.0,0.0,438.0,255.0,255.0,255.0,266.0,266.0,263.0,1958.0,1310.0,1100.0,0.0,0.0,438.0,255.0,255.0,255.0
1.0,4325.0,781.0,766.0,472.0,699.0,0.0,0.0,699.0,256.0,255.0,255.0,261.0,259.0,261.0,1692.0,1796.0,837.0,0.0,0.0,699.0,256.0,255.0,255.0
1.0,4016.0,776.0,767.0,175.0,892.0,107.0,0.0,785.0,256.0,256.0,255.0,258.0,257.0,261.0,1431.0,2009.0,576.0,107.0,0.0,785.0,256.0,256.0,255.0
1.0,3415.0,768.0,767.0,438.0,968.0,362.0,0.0,606.0,256.0,256.0,255.0,255.0,254.0,259.0,1173.0,1752.0,490.0,362.0,0.0,606.0,256.0,256.0,255.0
1.0,3085.0,771.0,768.0,699.0,827.0,617.0,40.0,170.0,256.0,256.0,256.0,255.0,258.0,258.0,918.0,1498.0,669.0,617.0,40.0,170.0,256.0,256.0,256.0
1.0,3013.0,783.0,768.0,892.0,1071.0,771.0,300.0,0.0,256.0,256.0,256.0,261.0,260.0,262.0,663.0,1240.0,1110.0,771.0,300.0,0.0,256.0,256.0,256.0
1.0,3122.0,799.0,768.0,968.0,1242.0,677.0,565.0,0.0,256.0,256.0,256.0,268.0,265.0,266.0,509.0,980.0,1633.0,677.0,565.0,0.0,256.0,256.0,256.0
1.0,3291.0,793.0,771.0,827.0,1128.0,332.0,796.0,0.0,257.0,257.0,257.0,267.0,266.0,260.0,603.0,715.0,1973.0,332.0,796.0,0.0,257.0,257.0,257.0
1.0,3325.0,786.0,771.0,1071.0,760.0,0.0,760.0,0.0,257.0,257.0,257.0,263.0,264.0,259.0,953.0,489.0,1883.0,0.0,760.0,0.0,257.0,257.0,257.0
1.0,3610.0,771.0,771.0,1242.0,451.0,0.0,451.0,0.0,257.0,257.0,257.0,260.0,256.0,255.0,1461.0,525.0,1624.0,0.0,451.0,0.0,257.0,257.0,257.0
1.0,4081.0,765.0,771.0,1128.0,171.0,0.0,0.0,171.0,257.0,257.0,257.0,253.0,257.0,255.0,1878.0,834.0,1369.0,0.0,0.0,171.0,257.0,257.0,257.0
1.0,4444.0,773.0,771.0,760.0,430.0,0.0,0.0,430.0,257.0,257.0,257.0,256.0,258.0,259.0,1957.0,1373.0,1114.0,0.0,0.0,430.0,257.0,257.0,257.0
1.0,4431.0,793.0,771.0,451.0,697.0,0.0,0.0,697.0,257.0,257.0,257.0,263.0,263.0,267.0,1701.0,1875.0,855.0,0.0,0.0,697.0,257.0,257.0,257.0
1.0,4089.0,797.0,774.0,171.0,915.0,117.0,0.0,798.0,258.0,258.0,258.0,265.0,265.0,267.0,1438.0,2063.0,588.0,117.0,0.0,798.0,258.0,258.0,258.0
1.0,3463.0,807.0,774.0,430.0,1022.0,386.0,0.0,636.0,258.0,258.0,258.0,269.0,270.0,268.0,1173.0,1798.0,492.0,386.0,0.0,636.0,258.0,258.0,258.0
1.0,3086.0,798.0,774.0,697.0,885.0,651.0,27.0,207.0,258.0,258.0,258.0,265.0,265.0,268.0,904.0,1528.0,654.0,651.0,27.0,207.0,258.0,258.0,258.0
1.0,2985.0,786.0,774.0,915.0,1084.0,796.0,288.0,0.0,258.0,258.0,258.0,262.0,261.0,263.0,639.0,1263.0,1083.0,796.0,288.0,0.0,258.0,258.0,258.0
1.0,3114.0,774.0,775.0,1022.0,1219.0,673.0,546.0,0.0,259.0,258.0,258.0,258.0,258.0,258.0,494.0,1002.0,1618.0,673.0,546.0,0.0,259.0,258.0,258.0
1.0,3362.0,769.0,774.0,885.0,1044.0,270.0,774.0,0.0,258.0,258.0,258.0,253.0,255.0,261.0,622.0,744.0,1996.0,270.0,774.0,0.0,258.0,258.0,258.0
1.0,3478.0,780.0,777.0,1084.0,751.0,0.0,751.0,0.0,259.0,259.0,259.0,259.0,260.0,261.0,1020.0,516.0,1942.0,0.0,751.0,0.0,259.0,259.0,259.0
1.0,3782.0,807.0,777.0,1219.0,475.0,0.0,475.0,0.0,259.0,259.0,259.0,266.0,270.0,271.0,1557.0,544.0,1681.0,0.0,475.0,0.0,259.0,259.0,259.0
1.0,4194.0,807.0,777.0,1044.0,153.0,0.0,0.0,153.0,259.0,259.0,259.0,272.0,267.0,268.0,1964.0,820.0,1410.0,0.0,0.0,153.0,259.0,259.0,259.0
1.0,4431.0,799.0,779.0,751.0,423.0,0.0,0.0,423.0,260.0,259.0,260.0,267.0,267.0,265.0,1962.0,1327.0,1142.0,0.0,0.0,423.0,260.0,259.0,260.0
1.0,4383.0,793.0,780.0,475.0,690.0,0.0,0.0,690.0,260.0,260.0,260.0,262.0,264.0,267.0,1695.0,1811.0,877.0,0.0,0.0,690.0,260.0,260.0,260.0
1.0,4065.0,782.0,780.0,153.0,923.0,125.0,0.0,798.0,260.0,260.0,260.0,258.0,263.0,261.0,1433.0,2022.0,610.0,125.0,0.0,798.0,260.0,260.0,260.0
1.0,3436.0,789.0,780.0,423.0,1024.0,387.0,0.0,637.0,260.0,260.0,260.0,262.0,265.0,262.0,1175.0,1759.0,502.0,387.0,0.0,637.0,260.0,260.0,260.0
1.0,3070.0,798.0,780.0,690.0,938.0,651.0,74.0,213.0,260.0,260.0,260.0,264.0,268.0,266.0,913.0,1494.0,663.0,651.0,74.0,213.0,260.0,260.0,260.0
1.0,2962.0,809.0,781.0,923.0,1145.0,795.0,350.0,0.0,260.0,261.0,260.0,269.0,271.0,269.0,649.0,1226.0,1087.0,795.0,350.0,0.0,260.0,261.0,260.0
1.0,3076.0,809.0,783.0,1024.0,1301.0,685.0,616.0,0.0,261.0,261.0,261.0,272.0,266.0,271.0,505.0,955.0,1616.0,685.0,616.0,0.0,261.0,261.0,261.0
1.0,3291.0,803.0,783.0,938.0,1115.0,305.0,810.0,0.0,261.0,261.0,261.0,271.0,268.0,264.0,620.0,689.0,1982.0,305.0,810.0,0.0,261.0,261.0,261.0
1.0,3426.0,792.0,783.0,1145.0,722.0,0.0,722.0,0.0,261.0,261.0,261.0,265.0,262.0,265.0,1000.0,495.0,1931.0,0.0,722.0,0.0,261.0,261.0,261.0
1.0,3779.0,790.0,783.0,1301.0,367.0,0.0,367.0,0.0,261.0,261.0,261.0,265.0,261.0,264.0,1530.0,583.0,1666.0,0.0,367.0,0.0,261.0,261.0,261.0
1.0,4290.0,789.0,783.0,1115.0,168.0,0.0,0.0,168.0,261.0,261.0,261.0,263.0,261.0,265.0,1950.0,938.0,1402.0,0.0,0.0,168.0,261.0,261.0,261.0
1.0,4616.0,796.0,784.0,722.0,439.0,0.0,0.0,439.0,261.0,261.0,262.0,264.0,266.0,266.0,1992.0,1487.0,1137.0,0.0,0.0,439.0,261.0,261.0,262.0
1.0,4542.0,812.0,786.0,367.0,711.0,0.0,0.0,711.0,262.0,262.0,262.0,269.0,271.0,272.0,1728.0,1943.0,871.0,0.0,0.0,711.0,262.0,262.0,262.0
1.0,4097.0,816.0,786.0,168.0,939.0,120.0,0.0,819.0,262.0,262.0,262.0,269.0,271.0,276.0,1459.0,2039.0,599.0,120.0,0.0,819.0,262.0,262.0,262.0
1.0,3449.0,808.0,786.0,439.0,1034.0,387.0,0.0,647.0,262.0,262.0,262.0,267.0,274.0,267.0,1190.0,1768.0,491.0,387.0,0.0,647.0,262.0,262.0,262.0
1.0,3080.0,792.0,786.0,711.0,931.0,653.0,80.0,198.0,262.0,262.0,262.0,266.0,264.0,262.0,923.0,1494.0,663.0,653.0,80.0,198.0,262.0,262.0,262.0
1.0,2999.0,787.0,786.0,939.0,1141.0,799.0,342.0,0.0,262.0,262.0,262.0,266.0,262.0,259.0,657.0,1230.0,1112.0,799.0,342.0,0.0,262.0,262.0,262.0
1.0,3151.0,791.0,787.0,1034.0,1284.0,678.0,606.0,0.0,262.0,262.0,263.0,266.0,264.0,261.0,511.0,968.0,1672.0,678.0,606.0,0.0,262.0,262.0,263.0
1.0,3394.0,795.0,789.0,931.0,1093.0,295.0,798.0,0.0,263.0,263.0,263.0,265.0,267.0,263.0,632.0,704.0,2058.0,295.0,798.0,0.0,263.0,263.0,263.0
1.0,3530.0,816.0,789.0,1141.0,733.0,0.0,733.0,0.0,263.0,263.0,263.0,269.0,277.0,270.0,1020.0,517.0,1993.0,0.0,733.0,0.0,263.0,263.0,263.0
1.0,3855.0,822.0,789.0,1284.0,402.0,0.0,402.0,0.0,263.0,263.0,263.0,273.0,275.0,274.0,1550.0,582.0,1723.0,0.0,402.0,0.0,263.0,263.0,263.0
1.0,4317.0,812.0,790.0,1093.0,136.0,0.0,0.0,136.0,263.0,264.0,263.0,269.0,273.0,270.0,1955.0,913.0,1449.0,0.0,0.0,136.0,263.0,264.0,263.0
1.0,4598.0,812.0,791.0,733.0,412.0,0.0,0.0,412.0,263.0,264.0,264.0,269.0,272.0,271.0,1981.0,1438.0,1179.0,0.0,0.0,412.0,263.0,264.0,264.0
1.0,4519.0,795.0,792.0,402.0,675.0,0.0,0.0,675.0,264.0,264.0,264.0,267.0,265.0,263.0,1712.0,1899.0,908.0,0.0,0.0,675.0,264.0,264.0,264.0
1.0,4126.0,799.0,792.0,136.0,949.0,142.0,0.0,807.0,264.0,264.0,264.0,267.0,264.0,268.0,1445.0,2036.0,645.0,142.0,0.0,807.0,264.0,264.0,264.0
1.0,3463.0,803.0,792.0,412.0,1071.0,410.0,0.0,661.0,264.0,264.0,264.0,268.0,269.0,266.0,1178.0,1772.0,513.0,410.0,0.0,661.0,264.0,264.0,264.0
1.0,3072.0,815.0,793.0,675.0,1033.0,684.0,94.0,255.0,264.0,265.0,264.0,274.0,272.0,269.0,910.0,1503.0,659.0,684.0,94.0,255.0,264.0,265.0,264.0
1.0,2932.0,819.0,795.0,949.0,1186.0,821.0,365.0,0.0,265.0,265.0,265.0,274.0,271.0,274.0,636.0,1231.0,1065.0,821.0,365.0,0.0,265.0,265.0,265.0
1.0,3062.0,815.0,795.0,1071.0,1320.0,684.0,636.0,0.0,265.0,265.0,265.0,273.0,271.0,271.0,504.0,960.0,1598.0,684.0,636.0,0.0,265.0,265.0,265.0
1.0,3318.0,807.0,795.0,1033.0,1084.0,270.0,814.0,0.0,265.0,265.0,265.0,270.0,272.0,265.0,641.0,689.0,1988.0,270.0,814.0,0.0,265.0,265.0,265.0
1.0,3544.0,800.0,795.0,1186.0,716.0,0.0,716.0,0.0,265.0,265.0,265.0,270.0,267.0,263.0,1055.0,511.0,1978.0,0.0,716.0,0.0,265.0,265.0,265.0
1.0,3930.0,809.0,795.0,1320.0,349.0,0.0,349.0,0.0,265.0,265.0,265.0,271.0,269.0,269.0,1606.0,609.0,1715.0,0.0,349.0,0.0,265.0,265.0,265.0
1.0,4441.0,815.0,796.0,1084.0,152.0,0.0,0.0,152.0,265.0,266.0,265.0,271.0,271.0,273.0,2019.0,976.0,1446.0,0.0,0.0,152.0,265.0,266.0,265.0
1.0,4710.0,828.0,798.0,716.0,436.0,0.0,0.0,436.0,266.0,266.0,266.0,275.0,274.0,279.0,2018.0,1519.0,1173.0,0.0,0.0,436.0,266.0,266.0,266.0
1.0,4598.0,820.0,798.0,349.0,711.0,0.0,0.0,711.0,266.0,266.0,266.0,273.0,272.0,275.0,1743.0,1961.0,894.0,0.0,0.0,711.0,266.0,266.0,266.0
1.0,4127.0,812.0,799.0,152.0,957.0,130.0,0.0,827.0,266.0,267.0,266.0,270.0,274.0,268.0,1470.0,2038.0,619.0,130.0,0.0,827.0,266.0,267.0,266.0
1.0,3467.0,803.0,799.0,436.0,1054.0,395.0,0.0,659.0,266.0,267.0,266.0,265.0,270.0,268.0,1200.0,1764.0,503.0,395.0,0.0,659.0,266.0,267.0,266.0
1.0,3100.0,806.0,799.0,711.0,990.0,664.0,112.0,214.0,266.0,267.0,266.0,269.0,271.0,266.0,935.0,1494.0,671.0,664.0,112.0,214.0,266.0,267.0,266.0
1.0,3005.0,808.0,799.0,957.0,1188.0,802.0,386.0,0.0,266.0,267.0,266.0,268.0,274.0,266.0,666.0,1223.0,1116.0,802.0,386.0,0.0,266.0,267.0,266.0
1.0,3154.0,808.0,801.0,1054.0,1338.0,684.0,654.0,0.0,267.0,267.0,267.0,272.0,268.0,268.0,528.0,949.0,1677.0,684.0,654.0,0.0,267.0,267.0,267.0
1.0,3400.0,825.0,802.0,990.0,1119.0,295.0,824.0,0.0,267.0,268.0,267.0,275.0,277.0,273.0,651.0,681.0,2068.0,295.0,824.0,0.0,267.0,268.0,267.0
1.0,3565.0,827.0,802.0,1188.0,714.0,0.0,714.0,0.0,267.0,268.0,267.0,273.0,276.0,278.0,1040.0,516.0,2009.0,0.0,714.0,0.0,267.0,268.0,267.0
1.0,3926.0,815.0,804.0,1338.0,330.0,0.0,330.0,0.0,268.0,268.0,268.0,270.0,270.0,275.0,1569.0,626.0,1731.0,0.0,330.0,0.0,268.0,268.0,268.0
1.0,4449.0,812.0,804.0,1119.0,157.0,0.0,0.0,157.0,268.0,268.0,268.0,267.0,272.0,273.0,1983.0,1010.0,1456.0,0.0,0.0,157.0,268.0,268.0,268.0
1.0,4756.0,806.0,804.0,714.0,428.0,0.0,0.0,428.0,268.0,268.0,268.0,269.0,266.0,271.0,2011.0,1562.0,1183.0,0.0,0.0,428.0,268.0,268.0,268.0
1.0,4664.0,811.0,804.0,330.0,697.0,0.0,0.0,697.0,268.0,268.0,268.0,271.0,271.0,269.0,1742.0,2010.0,912.0,0.0,0.0,697.0,268.0,268.0,268.0
1.0,4183.0,827.0,804.0,157.0,962.0,147.0,0.0,815.0,268.0,268.0,268.0,278.0,274.0,275.0,1471.0,2069.0,643.0,147.0,0.0,815.0,268.0,268.0,268.0
1.0,3513.0,836.0,806.0,428.0,1097.0,435.0,0.0,662.0,269.0,269.0,268.0,283.0,278.0,275.0,1193.0,1795.0,525.0,435.0,0.0,662.0,269.0,269.0,268.0
1.0,3105.0,839.0,807.0,697.0,1072.0,713.0,107.0,252.0,269.0,269.0,269.0,278.0,279.0,282.0,910.0,1517.0,678.0,713.0,107.0,252.0,269.0,269.0,269.0
1.0,2963.0,824.0,808.0,962.0,1226.0,839.0,387.0,0.0,269.0,270.0,269.0,273.0,275.0,276.0,632.0,1238.0,1093.0,839.0,387.0,0.0,269.0,270.0,269.0
1.0,3101.0,815.0,808.0,1097.0,1334.0,675.0,659.0,0.0,269.0,270.0,269.0,271.0,272.0,272.0,506.0,963.0,1632.0,675.0,659.0,0.0,269.0,270.0,269.0
1.0,3383.0,812.0,808.0,1072.0,1055.0,234.0,821.0,0.0,269.0,270.0,269.0,272.0,269.0,271.0,670.0,691.0,2022.0,234.0,821.0,0.0,269.0,270.0,269.0
1.0,3643.0,818.0,808.0,1226.0,703.0,0.0,703.0,0.0,269.0,270.0,269.0,272.0,269.0,277.0,1111.0,529.0,2003.0,0.0,703.0,0.0,269.0,270.0,269.0
1.0,4051.0,823.0,810.0,1334.0,316.0,0.0,316.0,0.0,270.0,270.0,270.0,273.0,272.0,278.0,1678.0,647.0,1726.0,0.0,316.0,0.0,270.0,270.0,270.0
1.0,4562.0,836.0,810.0,1055.0,185.0,0.0,0.0,185.0,270.0,270.0,270.0,277.0,276.0,283.0,2080.0,1034.0,1448.0,0.0,0.0,185.0,270.0,270.0,270.0
1.0,4781.0,839.0,810.0,703.0,466.0,0.0,0.0,466.0,270.0,270.0,270.0,280.0,278.0,281.0,2037.0,1579.0,1165.0,0.0,0.0,466.0,270.0,270.0,270.0
1.0,4645.0,831.0,813.0,316.0,749.0,0.0,0.0,749.0,271.0,271.0,271.0,276.0,277.0,278.0,1757.0,2004.0,884.0,0.0,0.0,749.0,271.0,271.0,271.0
1.0,4130.0,825.0,813.0,185.0,988.0,149.0,0.0,839.0,271.0,271.0,271.0,275.0,275.0,275.0,1481.0,2043.0,606.0,149.0,0.0,839.0,271.0,271.0,271.0
1.0,3490.0,813.0,813.0,466.0,1061.0,419.0,0.0,642.0,271.0,271.0,271.0,270.0,274.0,269.0,1206.0,1768.0,516.0,419.0,0.0,642.0,271.0,271.0,271.0
1.0,3143.0,815.0,813.0,749.0,988.0,690.0,135.0,163.0,271.0,271.0,271.0,271.0,274.0,270.0,936.0,1494.0,713.0,690.0,135.0,163.0,271.0,271.0,271.0
1.0,3077.0,833.0,813.0,988.0,1234.0,823.0,411.0,0.0,271.0,271.0,271.0,282.0,276.0,275.0,665.0,1220.0,1192.0,823.0,411.0,0.0,271.0,271.0,271.0
1.0,3232.0,840.0,814.0,1061.0,1379.0,685.0,694.0,0.0,271.0,272.0,271.0,281.0,278.0,281.0,532.0,944.0,1756.0,685.0,694.0,0.0,271.0,272.0,271.0
1.0,3453.0,839.0,815.0,988.0,1120.0,281.0,839.0,0.0,272.0,272.0,271.0,281.0,280.0,278.0,670.0,666.0,2117.0,281.0,839.0,0.0,272.0,272.0,271.0
1.0,3602.0,838.0,816.0,1234.0,704.0,0.0,704.0,0.0,272.0,272.0,272.0,280.0,276.0,282.0,1079.0,521.0,2002.0,0.0,704.0,0.0,272.0,272.0,272.0
1.0,3998.0,832.0,816.0,1379.0,288.0,0.0,288.0,0.0,272.0,272.0,272.0,274.0,278.0,280.0,1622.0,656.0,1720.0,0.0,288.0,0.0,272.0,272.0,272.0
1.0,4545.0,826.0,816.0,1120.0,196.0,0.0,0.0,196.0,272.0,272.0,272.0,274.0,276.0,276.0,2033.0,1072.0,1440.0,0.0,0.0,196.0,272.0,272.0,272.0
1.0,4839.0,828.0,816.0,704.0,474.0,0.0,0.0,474.0,272.0,272.0,272.0,273.0,277.0,278.0,2040.0,1635.0,1164.0,0.0,0.0,474.0,272.0,272.0,272.0
1.0,4715.0,834.0,818.0,288.0,754.0,0.0,0.0,754.0,273.0,273.0,272.0,278.0,276.0,280.0,1767.0,2062.0,886.0,0.0,0.0,754.0,273.0,273.0,272.0
1.0,4169.0,846.0,819.0,196.0,1003.0,158.0,0.0,845.0,273.0,273.0,273.0,282.0,282.0,282.0,1489.0,2074.0,606.0,158.0,0.0,845.0,273.0,273.0,273.0
1.0,3519.0,846.0,819.0,474.0,1095.0,446.0,0.0,649.0,273.0,273.0,273.0,288.0,280.0,278.0,1207.0,1792.0,520.0,446.0,0.0,649.0,273.0,273.0,273.0
1.0,3147.0,834.0,821.0,754.0,1038.0,723.0,137.0,178.0,273.0,274.0,274.0,277.0,279.0,278.0,919.0,1512.0,716.0,723.0,137.0,178.0,273.0,274.0,274.0
1.0,3067.0,828.0,822.0,1003.0,1259.0,846.0,413.0,0.0,274.0,274.0,274.0,276.0,276.0,276.0,642.0,1233.0,1192.0,846.0,413.0,0.0,274.0,274.0,274.0
1.0,3242.0,817.0,821.0,1095.0,1353.0,675.0,678.0,0.0,274.0,273.0,274.0,275.0,270.0,272.0,524.0,957.0,1761.0,675.0,678.0,0.0,274.0,273.0,274.0
1.0,3520.0,828.0,821.0,1038.0,1044.0,229.0,815.0,0.0,274.0,273.0,274.0,277.0,274.0,277.0,695.0,687.0,2138.0,229.0,815.0,0.0,274.0,273.0,274.0
1.0,3730.0,834.0,822.0,1259.0,684.0,0.0,684.0,0.0,274.0,274.0,274.0,278.0,277.0,279.0,1141.0,550.0,2039.0,0.0,684.0,0.0,274.0,274.0,274.0
1.0,4155.0,856.0,822.0,1353.0,293.0,0.0,293.0,0.0,274.0,274.0,274.0,282.0,287.0,287.0,1709.0,686.0,1760.0,0.0,293.0,0.0,274.0,274.0,274.0
1.0,4652.0,853.0,824.0,1044.0,186.0,0.0,0.0,186.0,275.0,274.0,275.0,286.0,283.0,284.0,2102.0,1077.0,1473.0,0.0,0.0,186.0,275.0,274.0,275.0
1.0,4843.0,850.0,825.0,684.0,468.0,0.0,0.0,468.0,275.0,275.0,275.0,283.0,285.0,282.0,2045.0,1609.0,1189.0,0.0,0.0,468.0,275.0,275.0,275.0
1.0,4677.0,833.0,825.0,293.0,743.0,0.0,0.0,743.0,275.0,275.0,275.0,277.0,281.0,275.0,1762.0,2008.0,907.0,0.0,0.0,743.0,275.0,275.0,275.0
1.0,4137.0,830.0,825.0,186.0,999.0,167.0,0.0,832.0,275.0,275.0,275.0,277.0,278.0,275.0,1485.0,2020.0,632.0,167.0,0.0,832.0,275.0,275.0,275.0
1.0,3493.0,836.0,825.0,468.0,1089.0,443.0,0.0,646.0,275.0,275.0,275.0,276.0,278.0,282.0,1208.0,1742.0,543.0,443.0,0.0,646.0,275.0,275.0,275.0
1.0,3125.0,839.0,826.0,743.0,1101.0,723.0,192.0,186.0,275.0,275.0,276.0,280.0,281.0,278.0,932.0,1464.0,729.0,723.0,192.0,186.0,275.0,275.0,276.0
1.0,3029.0,848.0,827.0,999.0,1315.0,844.0,471.0,0.0,276.0,275.0,276.0,283.0,279.0,286.0,652.0,1183.0,1194.0,844.0,471.0,0.0,276.0,275.0,276.0
1.0,3180.0,849.0,828.0,1089.0,1442.0,684.0,758.0,0.0,276.0,276.0,276.0,283.0,282.0,284.0,536.0,904.0,1740.0,684.0,758.0,0.0,276.0,276.0,276.0
1.0,3420.0,869.0,829.0,1101.0,1108.0,248.0,860.0,0.0,276.0,276.0,277.0,287.0,294.0,288.0,696.0,622.0,2102.0,248.0,860.0,0.0,276.0,276.0,277.0
1.0,3652.0,845.0,829.0,1315.0,669.0,0.0,669.0,0.0,276.0,276.0,277.0,282.0,280.0,283.0,1132.0,520.0,2000.0,0.0,669.0,0.0,276.0,276.0,277.0
1.0,4122.0,835.0,829.0,1442.0,188.0,0.0,188.0,0.0,276.0,276.0,277.0,279.0,277.0,279.0,1694.0,711.0,1717.0,0.0,188.0,0.0,276.0,276.0,277.0
1.0,4729.0,834.0,829.0,1108.0,226.0,0.0,0.0,226.0,276.0,276.0,277.0,279.0,276.0,279.0,2099.0,1192.0,1438.0,0.0,0.0,226.0,276.0,276.0,277.0
1.0,5003.0,840.0,831.0,669.0,509.0,0.0,0.0,509.0,277.0,277.0,277.0,278.0,279.0,283.0,2068.0,1776.0,1159.0,0.0,0.0,509.0,277.0,277.0,277.0
1.0,4832.0,853.0,832.0,188.0,800.0,0.0,0.0,800.0,277.0,277.0,278.0,286.0,281.0,286.0,1790.0,2166.0,876.0,0.0,0.0,800.0,277.0,277.0,278.0
1.0,4167.0,852.0,832.0,226.0,1019.0,164.0,0.0,855.0,277.0,277.0,278.0,283.0,288.0,281.0,1504.0,2073.0,590.0,164.0,0.0,855.0,277.0,277.0,278.0
1.0,3541.0,857.0,833.0,509.0,1085.0,455.0,0.0,630.0,278.0,277.0,278.0,286.0,287.0,284.0,1221.0,1785.0,535.0,455.0,0.0,630.0,278.0,277.0,278.0
1.0,3193.0,846.0,834.0,800.0,1023.0,738.0,175.0,110.0,278.0,278.0,278.0,283.0,283.0,280.0,935.0,1498.0,760.0,738.0,175.0,110.0,278.0,278.0,278.0
1.0,3147.0,850.0,834.0,1019.0,1316.0,857.0,459.0,0.0,278.0,278.0,278.0,283.0,284.0,283.0,652.0,1215.0,1280.0,857.0,459.0,0.0,278.0,278.0,278.0
1.0,3316.0,843.0,835.0,1085.0,1422.0,682.0,740.0,0.0,278.0,278.0,279.0,280.0,281.0,282.0,533.0,931.0,1852.0,682.0,740.0,0.0,278.0,278.0,279.0
1.0,3558.0,849.0,835.0,1023.0,1072.0,225.0,847.0,0.0,278.0,278.0,279.0,281.0,282.0,286.0,708.0,650.0,2200.0,225.0,847.0,0.0,278.0,278.0,279.0
1.0,3732.0,855.0,836.0,1316.0,673.0,0.0,673.0,0.0,279.0,278.0,279.0,283.0,285.0,287.0,1165.0,543.0,2024.0,0.0,673.0,0.0,279.0,278.0,279.0
1.0,4193.0,855.0,838.0,1422.0,222.0,0.0,222.0,0.0,279.0,279.0,280.0,284.0,284.0,287.0,1739.0,717.0,1737.0,0.0,222.0,0.0,279.0,279.0,280.0
1.0,4760.0,860.0,838.0,1072.0,238.0,0.0,0.0,238.0,279.0,279.0,280.0,290.0,282.0,288.0,2137.0,1173.0,1450.0,0.0,0.0,238.0,279.0,279.0,280.0
1.0,4972.0,847.0,838.0,673.0,520.0,0.0,0.0,520.0,279.0,279.0,280.0,283.0,282.0,282.0,2072.0,1738.0,1162.0,0.0,0.0,520.0,279.0,279.0,280.0
1.0,4798.0,837.0,838.0,222.0,796.0,0.0,0.0,796.0,279.0,279.0,280.0,283.0,278.0,276.0,1789.0,2129.0,880.0,0.0,0.0,796.0,279.0,279.0,280.0
1.0,4183.0,846.0,839.0,238.0,1016.0,179.0,0.0,837.0,280.0,279.0,280.0,285.0,282.0,279.0,1506.0,2073.0,604.0,179.0,0.0,837.0,280.0,279.0,280.0
1.0,3575.0,855.0,839.0,520.0,1062.0,465.0,0.0,597.0,280.0,279.0,280.0,286.0,289.0,280.0,1221.0,1791.0,563.0,465.0,0.0,597.0,280.0,279.0,280.0
1.0,3240.0,862.0,840.0,796.0,1026.0,750.0,184.0,92.0,280.0,280.0,280.0,285.0,286.0,291.0,935.0,1502.0,803.0,750.0,184.0,92.0,280.0,280.0,280.0
1.0,3174.0,867.0,841.0,1016.0,1336.0,861.0,475.0,0.0,280.0,280.0,281.0,290.0,291.0,286.0,650.0,1216.0,1308.0,861.0,475.0,0.0,280.0,280.0,281.0
1.0,3323.0,861.0,842.0,1062.0,1450.0,690.0,760.0,0.0,281.0,280.0,281.0,289.0,285.0,287.0,539.0,925.0,1859.0,690.0,760.0,0.0,281.0,280.0,281.0
1.0,3524.0,862.0,843.0,1026.0,1094.0,224.0,870.0,0.0,281.0,281.0,281.0,284.0,289.0,289.0,715.0,640.0,2169.0,224.0,870.0,0.0,281.0,281.0,281.0
1.0,3688.0,848.0,843.0,1336.0,676.0,0.0,676.0,0.0,281.0,281.0,281.0,284.0,281.0,283.0,1181.0,535.0,1972.0,0.0,676.0,0.0,281.0,281.0,281.0
1.0,4176.0,850.0,843.0,1450.0,197.0,0.0,197.0,0.0,281.0,281.0,281.0,285.0,281.0,284.0,1758.0,729.0,1689.0,0.0,197.0,0.0,281.0,281.0,281.0
1.0,4776.0,858.0,843.0,1094.0,282.0,0.0,0.0,282.0,281.0,281.0,281.0,290.0,286.0,282.0,2163.0,1208.0,1405.0,0.0,0.0,282.0,281.0,281.0,281.0
1.0,5012.0,871.0,845.0,676.0,578.0,0.0,0.0,578.0,282.0,281.0,282.0,289.0,291.0,291.0,2097.0,1792.0,1123.0,0.0,0.0,578.0,282.0,281.0,282.0
1.0,4817.0,872.0,846.0,197.0,870.0,0.0,0.0,870.0,282.0,282.0,282.0,289.0,291.0,292.0,1808.0,2177.0,832.0,0.0,0.0,870.0,282.0,282.0,282.0
1.0,4142.0,869.0,846.0,282.0,1055.0,177.0,0.0,878.0,282.0,282.0,282.0,286.0,293.0,290.0,1519.0,2083.0,540.0,177.0,0.0,878.0,282.0,282.0,282.0
1.0,3555.0,857.0,846.0,578.0,1047.0,462.0,0.0,585.0,282.0,282.0,282.0,285.0,287.0,285.0,1233.0,1790.0,532.0,462.0,0.0,585.0,282.0,282.0,282.0
1.0,3276.0,859.0,846.0,870.0,945.0,751.0,194.0,0.0,282.0,282.0,282.0,289.0,287.0,283.0,948.0,1503.0,825.0,751.0,194.0,0.0,282.0,282.0,282.0
1.0,3287.0,852.0,847.0,1055.0,1341.0,866.0,475.0,0.0,283.0,282.0,282.0,287.0,281.0,284.0,659.0,1216.0,1412.0,866.0,475.0,0.0,283.0,282.0,282.0
1.0,3490.0,866.0,849.0,1047.0,1462.0,694.0,768.0,0.0,283.0,283.0,283.0,290.0,288.0,288.0,549.0,935.0,2006.0,694.0,768.0,0.0,283.0,283.0,283.0
1.0,3671.0,876.0,849.0,945.0,1098.0,233.0,865.0,0.0,283.0,283.0,283.0,290.0,291.0,295.0,721.0,647.0,2303.0,233.0,865.0,0.0,283.0,283.0,283.0
1.0,3740.0,870.0,850.0,1341.0,677.0,0.0,677.0,0.0,284.0,283.0,283.0,291.0,287.0,292.0,1182.0,550.0,2008.0,0.0,677.0,0.0,284.0,283.0,283.0
1.0,4211.0,865.0,850.0,1462.0,200.0,0.0,200.0,0.0,284.0,283.0,283.0,284.0,291.0,290.0,1757.0,738.0,1716.0,0.0,200.0,0.0,284.0,283.0,283.0
1.0,4808.0,863.0,851.0,1098.0,282.0,0.0,0.0,282.0,284.0,283.0,284.0,289.0,286.0,288.0,2167.0,1215.0,1426.0,0.0,0.0,282.0,284.0,283.0,284.0
1.0,5043.0,853.0,852.0,677.0,564.0,0.0,0.0,564.0,284.0,284.0,284.0,285.0,286.0,282.0,2111.0,1794.0,1138.0,0.0,0.0,564.0,284.0,284.0,284.0
1.0,4867.0,855.0,852.0,200.0,847.0,0.0,0.0,847.0,284.0,284.0,284.0,286.0,286.0,283.0,1826.0,2185.0,856.0,0.0,0.0,847.0,284.0,284.0,284.0
1.0,4212.0,869.0,852.0,282.0,1023.0,172.0,0.0,851.0,284.0,284.0,284.0,292.0,291.0,286.0,1540.0,2099.0,573.0,172.0,0.0,851.0,284.0,284.0,284.0
1.0,3625.0,868.0,852.0,564.0,1039.0,462.0,0.0,577.0,284.0,284.0,284.0,290.0,288.0,290.0,1248.0,1808.0,569.0,462.0,0.0,577.0,284.0,284.0,284.0
1.0,3321.0,880.0,855.0,847.0,987.0,760.0,199.0,28.0,285.0,285.0,285.0,293.0,294.0,293.0,958.0,1520.0,843.0,760.0,199.0,28.0,285.0,285.0,285.0
1.0,3288.0,872.0,855.0,1023.0,1366.0,876.0,490.0,0.0,285.0,285.0,285.0,288.0,291.0,293.0,665.0,1226.0,1397.0,876.0,490.0,0.0,285.0,285.0,285.0
1.0,3439.0,860.0,855.0,1039.0,1474.0,697.0,777.0,0.0,285.0,285.0,285.0,283.0,287.0,290.0,549.0,935.0,1955.0,697.0,777.0,0.0,285.0,285.0,285.0
1.0,3618.0,863.0,855.0,987.0,1091.0,223.0,868.0,0.0,285.0,285.0,285.0,286.0,290.0,287.0,728.0,648.0,2242.0,223.0,868.0,0.0,285.0,285.0,285.0
1.0,3742.0,864.0,855.0,1366.0,666.0,0.0,666.0,0.0,285.0,285.0,285.0,288.0,288.0,288.0,1202.0,557.0,1983.0,0.0,666.0,0.0,285.0,285.0,285.0
1.0,4244.0,871.0,855.0,1474.0,199.0,0.0,178.0,21.0,285.0,285.0,285.0,291.0,289.0,291.0,1790.0,759.0,1695.0,0.0,178.0,21.0,285.0,285.0,285.0
1.0,4847.0,888.0,858.0,1091.0,319.0,0.0,0.0,319.0,286.0,286.0,286.0,298.0,297.0,293.0,2196.0,1247.0,1404.0,0.0,0.0,319.0,286.0,286.0,286.0
1.0,5050.0,884.0,858.0,666.0,610.0,0.0,0.0,610.0,286.0,286.0,286.0,298.0,295.0,291.0,2121.0,1818.0,1111.0,0.0,0.0,610.0,286.0,286.0,286.0
1.0,4832.0,872.0,858.0,199.0,878.0,0.0,0.0,878.0,286.0,286.0,286.0,291.0,292.0,289.0,1823.0,2189.0,820.0,0.0,0.0,878.0,286.0,286.0,286.0
1.0,4159.0,861.0,858.0,319.0,1034.0,185.0,0.0,849.0,286.0,286.0,286.0,287.0,284.0,290.0,1532.0,2075.0,552.0,185.0,0.0,849.0,286.0,286.0,286.0
1.0,3617.0,864.0,859.0,610.0,1005.0,476.0,0.0,529.0,287.0,286.0,286.0,286.0,288.0,290.0,1245.0,1791.0,581.0,476.0,0.0,529.0,287.0,286.0,286.0
1.0,3363.0,860.0,859.0,878.0,975.0,764.0,211.0,0.0,287.0,286.0,286.0,288.0,284.0,288.0,959.0,1503.0,901.0,764.0,211.0,0.0,287.0,286.0,286.0
1.0,3381.0,872.0,859.0,1034.0,1371.0,871.0,500.0,0.0,287.0,286.0,286.0,292.0,289.0,291.0,671.0,1219.0,1491.0,871.0,500.0,0.0,287.0,286.0,286.0
1.0,3543.0,891.0,861.0,1005.0,1495.0,693.0,802.0,0.0,287.0,287.0,287.0,298.0,297.0,296.0,564.0,930.0,2049.0,693.0,802.0,0.0,287.0,287.0,287.0
1.0,3657.0,896.0,862.0,975.0,1123.0,235.0,888.0,0.0,288.0,287.0,287.0,301.0,297.0,298.0,742.0,633.0,2282.0,235.0,888.0,0.0,288.0,287.0,287.0
1.0,3736.0,881.0,862.0,1371.0,684.0,0.0,684.0,0.0,288.0,287.0,287.0,294.0,296.0,291.0,1205.0,547.0,1984.0,0.0,684.0,0.0,288.0,287.0,287.0
1.0,4226.0,870.0,863.0,1495.0,210.0,0.0,179.0,31.0,288.0,288.0,287.0,289.0,292.0,289.0,1782.0,751.0,1693.0,0.0,179.0,31.0,288.0,288.0,287.0
1.0,4851.0,864.0,864.0,1123.0,326.0,0.0,0.0,326.0,288.0,288.0,288.0,287.0,287.0,290.0,2186.0,1261.0,1404.0,0.0,0.0,326.0,288.0,288.0,288.0
1.0,5110.0,870.0,864.0,684.0,618.0,0.0,0.0,618.0,288.0,288.0,288.0,289.0,289.0,292.0,2134.0,1862.0,1114.0,0.0,0.0,618.0,288.0,288.0,288.0
1.0,4924.0,880.0,864.0,210.0,879.0,0.0,0.0,879.0,288.0,288.0,288.0,296.0,292.0,292.0,1845.0,2257.0,822.0,0.0,0.0,879.0,288.0,288.0,288.0
1.0,4254.0,895.0,865.0,326.0,1047.0,198.0,0.0,849.0,289.0,288.0,288.0,302.0,297.0,296.0,1549.0,2144.0,561.0,198.0,0.0,849.0,289.0,288.0,288.0
1.0,3685.0,888.0,865.0,618.0,1023.0,496.0,0.0,527.0,289.0,288.0,288.0,298.0,294.0,296.0,1247.0,1847.0,591.0,496.0,0.0,527.0,289.0,288.0,288.0
1.0,3415.0,891.0,867.0,879.0,981.0,794.0,187.0,0.0,289.0,289.0,289.0,298.0,295.0,298.0,949.0,1553.0,913.0,794.0,187.0,0.0,289.0,289.0,289.0
1.0,3403.0,881.0,867.0,1047.0,1367.0,887.0,480.0,0.0,289.0,289.0,289.0,291.0,293.0,297.0,651.0,1258.0,1494.0,887.0,480.0,0.0,289.0,289.0,289.0
1.0,3569.0,869.0,868.0,1023.0,1457.0,685.0,772.0,0.0,290.0,289.0,289.0,289.0,292.0,288.0,558.0,965.0,2046.0,685.0,772.0,0.0,290.0,289.0,289.0
1.0,3723.0,873.0,868.0,981.0,1058.0,181.0,877.0,0.0,290.0,289.0,289.0,290.0,292.0,291.0,765.0,673.0,2285.0,181.0,877.0,0.0,290.0,289.0,289.0
1.0,3831.0,878.0,868.0,1367.0,689.0,0.0,689.0,0.0,290.0,289.0,289.0,294.0,292.0,292.0,1269.0,568.0,1994.0,0.0,689.0,0.0,290.0,289.0,289.0
1.0,4320.0,887.0,870.0,1457.0,259.0,0.0,213.0,46.0,290.0,290.0,290.0,298.0,291.0,298.0,1862.0,756.0,1702.0,0.0,213.0,46.0,290.0,290.0,290.0
1.0,4890.0,897.0,870.0,1058.0,345.0,0.0,0.0,345.0,290.0,290.0,290.0,301.0,297.0,299.0,2249.0,1237.0,1404.0,0.0,0.0,345.0,290.0,290.0,290.0
1.0,5051.0,885.0,871.0,689.0,639.0,0.0,0.0,639.0,291.0,290.0,290.0,297.0,294.0,294.0,2129.0,1817.0,1105.0,0.0,0.0,639.0,291.0,290.0,290.0
1.0,4855.0,880.0,871.0,259.0,886.0,0.0,0.0,886.0,291.0,290.0,290.0,293.0,294.0,293.0,1832.0,2212.0,811.0,0.0,0.0,886.0,291.0,290.0,290.0
1.0,4234.0,875.0,871.0,345.0,1042.0,208.0,0.0,834.0,291.0,290.0,290.0,292.0,290.0,293.0,1539.0,2131.0,564.0,208.0,0.0,834.0,291.0,290.0,290.0
1.0,3704.0,875.0,872.0,639.0,991.0,498.0,0.0,493.0,291.0,290.0,291.0,290.0,292.0,293.0,1247.0,1841.0,616.0,498.0,0.0,493.0,291.0,290.0,291.0
1.0,3468.0,895.0,872.0,886.0,997.0,797.0,200.0,0.0,291.0,290.0,291.0,299.0,299.0,297.0,957.0,1549.0,962.0,797.0,200.0,0.0,291.0,290.0,291.0
1.0,3459.0,900.0,873.0,1042.0,1391.0,887.0,504.0,0.0,291.0,291.0,291.0,298.0,299.0,303.0,658.0,1250.0,1551.0,887.0,504.0,0.0,291.0,291.0,291.0
1.0,3601.0,905.0,874.0,991.0,1500.0,697.0,803.0,0.0,292.0,291.0,291.0,303.0,299.0,303.0,568.0,951.0,2082.0,697.0,803.0,0.0,292.0,291.0,291.0
1.0,3687.0,897.0,875.0,997.0,1102.0,201.0,901.0,0.0,292.0,291.0,292.0,301.0,298.0,298.0,763.0,652.0,2272.0,201.0,901.0,0.0,292.0,291.0,292.0
1.0,3787.0,883.0,875.0,1391.0,688.0,0.0,688.0,0.0,292.0,291.0,292.0,298.0,291.0,294.0,1259.0,554.0,1974.0,0.0,688.0,0.0,292.0,291.0,292.0
1.0,4295.0,872.0,875.0,1500.0,245.0,0.0,174.0,71.0,292.0,291.0,292.0,292.0,289.0,291.0,1848.0,767.0,1680.0,0.0,174.0,71.0,292.0,291.0,292.0
1.0,4923.0,883.0,875.0,1102.0,362.0,0.0,0.0,362.0,292.0,291.0,292.0,297.0,295.0,291.0,2253.0,1281.0,1389.0,0.0,0.0,362.0,292.0,291.0,292.0
1.0,5142.0,890.0,877.0,688.0,659.0,0.0,0.0,659.0,293.0,292.0,292.0,297.0,296.0,297.0,2157.0,1887.0,1098.0,0.0,0.0,659.0,293.0,292.0,292.0
1.0,4940.0,898.0,877.0,245.0,884.0,0.0,0.0,884.0,293.0,292.0,292.0,299.0,303.0,296.0,1860.0,2279.0,801.0,0.0,0.0,884.0,293.0,292.0,292.0
1.0,4287.0,909.0,878.0,362.0,1039.0,208.0,0.0,831.0,293.0,292.0,293.0,304.0,301.0,304.0,1561.0,2150.0,576.0,208.0,0.0,831.0,293.0,292.0,293.0
1.0,3740.0,903.0,878.0,659.0,983.0,510.0,0.0,473.0,293.0,292.0,293.0,302.0,300.0,301.0,1257.0,1849.0,634.0,510.0,0.0,473.0,293.0,292.0,293.0
1.0,3496.0,895.0,880.0,884.0,1027.0,814.0,213.0,0.0,294.0,293.0,293.0,299.0,297.0,299.0,955.0,1549.0,992.0,814.0,213.0,0.0,294.0,293.0,293.0
1.0,3485.0,885.0,880.0,1039.0,1408.0,902.0,506.0,0.0,294.0,293.0,293.0,296.0,293.0,296.0,656.0,1252.0,1577.0,902.0,506.0,0.0,294.0,293.0,293.0
1.0,3639.0,886.0,880.0,983.0,1487.0,688.0,799.0,0.0,294.0,293.0,293.0,296.0,293.0,297.0,568.0,959.0,2112.0,688.0,799.0,0.0,294.0,293.0,293.0
1.0,3736.0,889.0,880.0,1027.0,1052.0,172.0,880.0,0.0,294.0,293.0,293.0,298.0,294.0,297.0,782.0,666.0,2288.0,172.0,880.0,0.0,294.0,293.0,293.0
1.0,3874.0,901.0,881.0,1408.0,677.0,0.0,677.0,0.0,294.0,293.0,294.0,299.0,303.0,299.0,1298.0,585.0,1991.0,0.0,677.0,0.0,294.0,293.0,294.0
1.0,4381.0,907.0,883.0,1487.0,266.0,0.0,186.0,80.0,295.0,294.0,294.0,302.0,303.0,302.0,1901.0,788.0,1692.0,0.0,186.0,80.0,295.0,294.0,294.0
1.0,4961.0,912.0,883.0,1052.0,383.0,0.0,0.0,383.0,295.0,294.0,294.0,305.0,304.0,303.0,2287.0,1284.0,1390.0,0.0,0.0,383.0,295.0,294.0,294.0
1.0,5101.0,894.0,883.0,677.0,679.0,0.0,0.0,679.0,295.0,294.0,294.0,297.0,301.0,296.0,2154.0,1860.0,1087.0,0.0,0.0,679.0,295.0,294.0,294.0
1.0,4884.0,893.0,884.0,266.0,899.0,0.0,0.0,899.0,295.0,294.0,295.0,299.0,299.0,295.0,1857.0,2236.0,791.0,0.0,0.0,899.0,295.0,294.0,295.0
1.0,4257.0,900.0,884.0,383.0,1032.0,218.0,0.0,814.0,295.0,294.0,295.0,301.0,301.0,298.0,1558.0,2123.0,576.0,218.0,0.0,814.0,295.0,294.0,295.0
1.0,3740.0,902.0,886.0,679.0,960.0,523.0,0.0,437.0,296.0,295.0,295.0,300.0,300.0,302.0,1257.0,1822.0,661.0,523.0,0.0,437.0,296.0,295.0,295.0
1.0,3517.0,908.0,886.0,899.0,1081.0,826.0,255.0,0.0,296.0,295.0,295.0,303.0,302.0,303.0,957.0,1522.0,1038.0,826.0,255.0,0.0,296.0,295.0,295.0
1.0,3508.0,912.0,887.0,1032.0,1467.0,909.0,558.0,0.0,296.0,295.0,296.0,301.0,303.0,308.0,654.0,1220.0,1634.0,909.0,558.0,0.0,296.0,295.0,296.0
1.0,3628.0,912.0,887.0,960.0,1551.0,690.0,861.0,0.0,296.0,295.0,296.0,304.0,303.0,305.0,571.0,917.0,2140.0,690.0,861.0,0.0,296.0,295.0,296.0
1.0,3676.0,900.0,888.0,1081.0,1076.0,170.0,906.0,0.0,297.0,295.0,296.0,301.0,300.0,299.0,790.0,614.0,2272.0,170.0,906.0,0.0,297.0,295.0,296.0
1.0,3857.0,890.0,888.0,1467.0,643.0,0.0,643.0,0.0,297.0,295.0,296.0,298.0,295.0,297.0,1315.0,569.0,1973.0,0.0,643.0,0.0,297.0,295.0,296.0
1.0,4434.0,889.0,888.0,1551.0,176.0,0.0,77.0,99.0,297.0,295.0,296.0,299.0,295.0,295.0,1926.0,832.0,1676.0,0.0,77.0,99.0,297.0,295.0,296.0
1.0,5096.0,898.0,889.0,1076.0,395.0,0.0,0.0,395.0,297.0,296.0,296.0,301.0,301.0,296.0,2317.0,1398.0,1381.0,0.0,0.0,395.0,297.0,296.0,296.0
1.0,5274.0,915.0,890.0,643.0,703.0,0.0,0.0,703.0,297.0,296.0,297.0,305.0,307.0,303.0,2186.0,2003.0,1085.0,0.0,0.0,703.0,297.0,296.0,297.0
1.0,5002.0,918.0,892.0,176.0,910.0,0.0,0.0,910.0,298.0,297.0,297.0,307.0,305.0,306.0,1881.0,2339.0,782.0,0.0,0.0,910.0,298.0,297.0,297.0
1.0,4260.0,905.0,892.0,395.0,1035.0,218.0,0.0,817.0,298.0,297.0,297.0,302.0,301.0,302.0,1574.0,2111.0,575.0,218.0,0.0,817.0,298.0,297.0,297.0
1.0,3750.0,900.0,892.0,703.0,931.0,517.0,0.0,414.0,298.0,297.0,297.0,299.0,301.0,300.0,1272.0,1810.0,668.0,517.0,0.0,414.0,298.0,297.0,297.0
1.0,3553.0,906.0,892.0,910.0,1096.0,819.0,277.0,0.0,298.0,297.0,297.0,302.0,301.0,303.0,973.0,1509.0,1071.0,819.0,277.0,0.0,298.0,297.0,297.0
1.0,3557.0,900.0,892.0,1035.0,1479.0,903.0,576.0,0.0,298.0,297.0,297.0,302.0,299.0,299.0,671.0,1208.0,1678.0,903.0,576.0,0.0,298.0,297.0,297.0
1.0,3692.0,920.0,893.0,931.0,1577.0,692.0,885.0,0.0,298.0,297.0,298.0,306.0,309.0,305.0,587.0,909.0,2196.0,692.0,885.0,0.0,298.0,297.0,298.0
1.0,3703.0,921.0,895.0,1096.0,1107.0,187.0,920.0,0.0,299.0,298.0,298.0,309.0,307.0,305.0,798.0,600.0,2305.0,187.0,920.0,0.0,299.0,298.0,298.0
1.0,3878.0,920.0,895.0,1479.0,652.0,0.0,652.0,0.0,299.0,298.0,298.0,306.0,308.0,306.0,1308.0,570.0,2000.0,0.0,652.0,0.0,299.0,298.0,298.0
1.0,4437.0,912.0,895.0,1577.0,172.0,0.0,73.0,99.0,299.0,298.0,298.0,303.0,306.0,303.0,1905.0,838.0,1694.0,0.0,73.0,99.0,299.0,298.0,298.0
1.0,5102.0,901.0,896.0,1107.0,404.0,0.0,0.0,404.0,299.0,298.0,299.0,300.0,301.0,300.0,2294.0,1417.0,1391.0,0.0,0.0,404.0,299.0,298.0,299.0
1.0,5308.0,894.0,896.0,652.0,703.0,0.0,0.0,703.0,299.0,298.0,299.0,299.0,296.0,299.0,2181.0,2036.0,1091.0,0.0,0.0,703.0,299.0,298.0,299.0
1.0,5066.0,901.0,897.0,172.0,906.0,0.0,0.0,906.0,299.0,299.0,299.0,300.0,299.0,302.0,1882.0,2392.0,792.0,0.0,0.0,906.0,299.0,299.0,299.0
1.0,4337.0,914.0,898.0,404.0,1032.0,225.0,0.0,807.0,300.0,299.0,299.0,307.0,302.0,305.0,1582.0,2166.0,589.0,225.0,0.0,807.0,300.0,299.0,299.0
1.0,3827.0,926.0,898.0,703.0,949.0,535.0,0.0,414.0,300.0,299.0,299.0,310.0,306.0,310.0,1275.0,1864.0,688.0,535.0,0.0,414.0,300.0,299.0,299.0
1.0,3604.0,928.0,899.0,906.0,1092.0,843.0,249.0,0.0,300.0,299.0,300.0,308.0,312.0,308.0,965.0,1558.0,1081.0,843.0,249.0,0.0,300.0,299.0,300.0
1.0,3582.0,920.0,901.0,1032.0,1488.0,926.0,562.0,0.0,301.0,300.0,300.0,303.0,308.0,309.0,657.0,1246.0,1679.0,926.0,562.0,0.0,301.0,300.0,300.0
1.0,3694.0,920.0,901.0,949.0,1566.0,695.0,871.0,0.0,301.0,300.0,300.0,304.0,309.0,307.0,579.0,938.0,2177.0,695.0,871.0,0.0,301.0,300.0,300.0
1.0,3723.0,901.0,901.0,1092.0,1076.0,151.0,925.0,0.0,301.0,300.0,300.0,299.0,303.0,299.0,810.0,629.0,2284.0,151.0,925.0,0.0,301.0,300.0,300.0
1.0,3914.0,910.0,901.0,1488.0,666.0,0.0,666.0,0.0,301.0,300.0,300.0,304.0,303.0,303.0,1354.0,575.0,1985.0,0.0,666.0,0.0,301.0,300.0,300.0
1.0,4492.0,918.0,901.0,1566.0,221.0,0.0,99.0,122.0,301.0,300.0,300.0,310.0,304.0,304.0,1976.0,834.0,1682.0,0.0,99.0,122.0,301.0,300.0,300.0
1.0,5140.0,927.0,903.0,1076.0,435.0,0.0,0.0,435.0,301.0,301.0,301.0,313.0,306.0,308.0,2361.0,1401.0,1378.0,0.0,0.0,435.0,301.0,301.0,301.0
1.0,5289.0,937.0,904.0,666.0,748.0,0.0,0.0,748.0,302.0,301.0,301.0,312.0,312.0,313.0,2199.0,2020.0,1070.0,0.0,0.0,748.0,302.0,301.0,301.0
1.0,5018.0,925.0,904.0,221.0,935.0,0.0,0.0,935.0,302.0,301.0,301.0,307.0,309.0,309.0,1887.0,2374.0,757.0,0.0,0.0,935.0,302.0,301.0,301.0
1.0,4314.0,915.0,905.0,435.0,1038.0,233.0,0.0,805.0,302.0,302.0,301.0,303.0,307.0,305.0,1580.0,2164.0,570.0,233.0,0.0,805.0,302.0,302.0,301.0
1.0,3834.0,914.0,906.0,748.0,904.0,535.0,0.0,369.0,302.0,302.0,302.0,302.0,305.0,307.0,1277.0,1857.0,700.0,535.0,0.0,369.0,302.0,302.0,302.0
1.0,3668.0,908.0,906.0,935.0,1098.0,837.0,261.0,0.0,302.0,302.0,302.0,302.0,303.0,303.0,975.0,1552.0,1141.0,837.0,261.0,0.0,302.0,302.0,302.0
1.0,3695.0,919.0,906.0,1038.0,1477.0,913.0,564.0,0.0,302.0,302.0,302.0,309.0,303.0,307.0,673.0,1249.0,1773.0,913.0,564.0,0.0,302.0,302.0,302.0
1.0,3814.0,936.0,907.0,904.0,1575.0,698.0,877.0,0.0,303.0,302.0,302.0,315.0,313.0,308.0,597.0,946.0,2271.0,698.0,877.0,0.0,303.0,302.0,302.0
1.0,3782.0,927.0,908.0,1098.0,1103.0,175.0,928.0,0.0,303.0,303.0,302.0,314.0,307.0,306.0,817.0,633.0,2332.0,175.0,928.0,0.0,303.0,303.0,302.0
1.0,3953.0,927.0,909.0,1477.0,670.0,0.0,670.0,0.0,303.0,303.0,303.0,313.0,306.0,308.0,1340.0,587.0,2026.0,0.0,670.0,0.0,303.0,303.0,303.0
1.0,4503.0,921.0,910.0,1575.0,205.0,0.0,102.0,103.0,304.0,303.0,303.0,306.0,309.0,306.0,1940.0,845.0,1718.0,0.0,102.0,103.0,304.0,303.0,303.0
1.0,5157.0,908.0,910.0,1103.0,407.0,0.0,0.0,407.0,304.0,303.0,303.0,301.0,303.0,304.0,2332.0,1413.0,1412.0,0.0,0.0,407.0,304.0,303.0,303.0
1.0,5352.0,919.0,910.0,670.0,712.0,0.0,0.0,712.0,304.0,303.0,303.0,306.0,308.0,305.0,2206.0,2038.0,1108.0,0.0,0.0,712.0,304.0,303.0,303.0
1.0,5103.0,927.0,911.0,205.0,920.0,0.0,0.0,920.0,304.0,304.0,303.0,302.0,314.0,311.0,1900.0,2400.0,803.0,0.0,0.0,920.0,304.0,304.0,303.0
1.0,4381.0,938.0,912.0,407.0,1065.0,233.0,0.0,832.0,304.0,304.0,304.0,311.0,313.0,314.0,1598.0,2188.0,595.0,233.0,0.0,832.0,304.0,304.0,304.0
1.0,3850.0,934.0,912.0,712.0,976.0,546.0,0.0,430.0,304.0,304.0,304.0,313.0,311.0,310.0,1287.0,1875.0,688.0,546.0,0.0,430.0,304.0,304.0,304.0
1.0,3628.0,932.0,914.0,920.0,1136.0,863.0,273.0,0.0,305.0,305.0,304.0,312.0,312.0,308.0,974.0,1564.0,1090.0,863.0,273.0,0.0,305.0,305.0,304.0
1.0,3616.0,918.0,914.0,1065.0,1511.0,935.0,576.0,0.0,305.0,305.0,304.0,305.0,303.0,310.0,662.0,1252.0,1702.0,935.0,576.0,0.0,305.0,305.0,304.0
1.0,3763.0,907.0,914.0,976.0,1570.0,694.0,876.0,0.0,305.0,305.0,304.0,305.0,300.0,302.0,590.0,949.0,2224.0,694.0,876.0,0.0,305.0,305.0,304.0
1.0,3832.0,914.0,914.0,1136.0,1042.0,135.0,907.0,0.0,305.0,305.0,304.0,304.0,304.0,306.0,831.0,649.0,2352.0,135.0,907.0,0.0,305.0,305.0,304.0
1.0,4054.0,930.0,914.0,1511.0,645.0,0.0,645.0,0.0,305.0,305.0,304.0,308.0,314.0,308.0,1390.0,618.0,2046.0,0.0,645.0,0.0,305.0,305.0,304.0
1.0,4635.0,933.0,915.0,1570.0,176.0,0.0,83.0,93.0,305.0,305.0,305.0,313.0,314.0,306.0,2017.0,880.0,1738.0,0.0,83.0,93.0,305.0,305.0,305.0
1.0,5272.0,944.0,915.0,1042.0,409.0,0.0,0.0,409.0,305.0,305.0,305.0,314.0,314.0,316.0,2398.0,1442.0,1432.0,0.0,0.0,409.0,305.0,305.0,305.0
1.0,5370.0,946.0,917.0,645.0,724.0,0.0,0.0,724.0,306.0,306.0,305.0,315.0,316.0,315.0,2219.0,2035.0,1116.0,0.0,0.0,724.0,306.0,306.0,305.0
1.0,5069.0,942.0,918.0,176.0,949.0,0.0,0.0,949.0,306.0,306.0,306.0,314.0,315.0,313.0,1904.0,2364.0,801.0,0.0,0.0,949.0,306.0,306.0,306.0
1.0,4303.0,925.0,918.0,409.0,1100.0,249.0,0.0,851.0,306.0,306.0,306.0,309.0,305.0,311.0,1590.0,2132.0,581.0,249.0,0.0,851.0,306.0,306.0,306.0
1.0,3787.0,917.0,918.0,724.0,996.0,556.0,6.0,434.0,306.0,306.0,306.0,307.0,303.0,307.0,1281.0,1827.0,679.0,556.0,6.0,434.0,306.0,306.0,306.0
1.0,3594.0,934.0,918.0,949.0,1183.0,867.0,316.0,0.0,306.0,306.0,306.0,311.0,310.0,313.0,974.0,1524.0,1096.0,867.0,316.0,0.0,306.0,306.0,306.0
1.0,3609.0,937.0,919.0,1100.0,1562.0,935.0,627.0,0.0,307.0,306.0,306.0,312.0,311.0,314.0,663.0,1214.0,1732.0,935.0,627.0,0.0,307.0,306.0,306.0
1.0,3772.0,941.0,921.0,996.0,1632.0,692.0,940.0,0.0,307.0,307.0,307.0,313.0,314.0,314.0,600.0,903.0,2269.0,692.0,940.0,0.0,307.0,307.0,307.0
1.0,3827.0,948.0,921.0,1183.0,1084.0,141.0,943.0,0.0,307.0,307.0,307.0,316.0,319.0,313.0,843.0,595.0,2389.0,141.0,943.0,0.0,307.0,307.0,307.0
1.0,4062.0,936.0,921.0,1562.0,629.0,0.0,629.0,0.0,307.0,307.0,307.0,312.0,313.0,311.0,1394.0,592.0,2076.0,0.0,629.0,0.0,307.0,307.0,307.0
1.0,4688.0,929.0,921.0,1632.0,78.0,0.0,4.0,74.0,307.0,307.0,307.0,310.0,315.0,304.0,2017.0,906.0,1765.0,0.0,4.0,74.0,307.0,307.0,307.0
1.0,5391.0,925.0,922.0,1084.0,384.0,0.0,0.0,384.0,307.0,308.0,307.0,309.0,306.0,310.0,2399.0,1531.0,1461.0,0.0,0.0,384.0,307.0,308.0,307.0
1.0,5550.0,929.0,923.0,629.0,695.0,0.0,0.0,695.0,308.0,308.0,307.0,310.0,308.0,311.0,2231.0,2168.0,1151.0,0.0,0.0,695.0,308.0,308.0,307.0
1.0,5250.0,945.0,924.0,78.0,945.0,0.0,0.0,945.0,308.0,308.0,308.0,313.0,313.0,319.0,1921.0,2489.0,840.0,0.0,0.0,945.0,308.0,308.0,308.0
1.0,4383.0,949.0,924.0,384.0,1127.0,247.0,0.0,880.0,308.0,308.0,308.0,315.0,315.0,319.0,1608.0,2180.0,595.0,247.0,0.0,880.0,308.0,308.0,308.0
1.0,3818.0,946.0,924.0,695.0,1062.0,559.0,0.0,503.0,308.0,308.0,308.0,312.0,316.0,318.0,1293.0,1865.0,660.0,559.0,0.0,503.0,308.0,308.0,308.0
1.0,3567.0,934.0,924.0,945.0,1173.0,873.0,300.0,0.0,308.0,308.0,308.0,314.0,309.0,311.0,981.0,1549.0,1037.0,873.0,300.0,0.0,308.0,308.0,308.0
1.0,3578.0,935.0,925.0,1127.0,1560.0,950.0,610.0,0.0,309.0,308.0,308.0,319.0,310.0,306.0,667.0,1240.0,1671.0,950.0,610.0,0.0,309.0,308.0,308.0
1.0,3770.0,934.0,927.0,1062.0,1631.0,702.0,929.0,0.0,309.0,309.0,309.0,311.0,314.0,309.0,595.0,930.0,2245.0,702.0,929.0,0.0,309.0,309.0,309.0
1.0,3898.0,945.0,927.0,1173.0,1088.0,143.0,945.0,0.0,309.0,309.0,309.0,314.0,316.0,315.0,843.0,616.0,2439.0,143.0,945.0,0.0,309.0,309.0,309.0
1.0,4126.0,947.0,927.0,1560.0,650.0,0.0,650.0,0.0,309.0,309.0,309.0,314.0,315.0,318.0,1402.0,600.0,2124.0,0.0,650.0,0.0,309.0,309.0,309.0
1.0,4739.0,949.0,930.0,1631.0,104.0,0.0,42.0,62.0,310.0,310.0,310.0,315.0,316.0,318.0,2038.0,895.0,1806.0,0.0,42.0,62.0,310.0,310.0,310.0
1.0,5421.0,943.0,930.0,1088.0,376.0,0.0,0.0,376.0,310.0,310.0,310.0,316.0,313.0,314.0,2425.0,1508.0,1488.0,0.0,0.0,376.0,310.0,310.0,310.0
1.0,5566.0,941.0,930.0,650.0,688.0,0.0,0.0,688.0,310.0,310.0,310.0,317.0,312.0,312.0,2252.0,2140.0,1174.0,0.0,0.0,688.0,310.0,310.0,310.0
1.0,5275.0,941.0,930.0,104.0,941.0,0.0,0.0,941.0,310.0,310.0,310.0,314.0,312.0,315.0,1935.0,2478.0,862.0,0.0,0.0,941.0,310.0,310.0,310.0
1.0,4438.0,937.0,930.0,376.0,1118.0,242.0,0.0,876.0,310.0,310.0,310.0,313.0,313.0,311.0,1621.0,2208.0,609.0,242.0,0.0,876.0,310.0,310.0,310.0
1.0,3877.0,945.0,930.0,688.0,1063.0,560.0,0.0,503.0,310.0,310.0,310.0,318.0,312.0,315.0,1308.0,1895.0,674.0,560.0,0.0,503.0,310.0,310.0,310.0
1.0,3620.0,958.0,931.0,941.0,1170.0,884.0,286.0,0.0,311.0,310.0,310.0,319.0,319.0,320.0,990.0,1583.0,1047.0,884.0,286.0,0.0,311.0,310.0,310.0
1.0,3603.0,955.0,933.0,1118.0,1569.0,958.0,611.0,0.0,311.0,311.0,311.0,316.0,320.0,319.0,671.0,1264.0,1668.0,958.0,611.0,0.0,311.0,311.0,311.0
1.0,3766.0,952.0,933.0,1063.0,1645.0,716.0,929.0,0.0,311.0,311.0,311.0,318.0,318.0,316.0,597.0,944.0,2225.0,716.0,929.0,0.0,311.0,311.0,311.0
1.0,3877.0,949.0,933.0,1170.0,1108.0,150.0,958.0,0.0,311.0,311.0,311.0,318.0,315.0,316.0,839.0,626.0,2412.0,150.0,958.0,0.0,311.0,311.0,311.0
1.0,4098.0,938.0,933.0,1569.0,660.0,0.0,660.0,0.0,311.0,311.0,311.0,313.0,313.0,312.0,1405.0,597.0,2096.0,0.0,660.0,0.0,311.0,311.0,311.0
1.0,4729.0,939.0,934.0,1645.0,125.0,0.0,41.0,84.0,312.0,311.0,311.0,316.0,310.0,313.0,2050.0,895.0,1784.0,0.0,41.0,84.0,312.0,311.0,311.0
1.0,5435.0,949.0,934.0,1108.0,399.0,0.0,0.0,399.0,312.0,311.0,311.0,318.0,316.0,315.0,2450.0,1514.0,1471.0,0.0,0.0,399.0,312.0,311.0,311.0
1.0,5594.0,965.0,936.0,660.0,726.0,0.0,0.0,726.0,312.0,312.0,312.0,320.0,323.0,322.0,2282.0,2156.0,1156.0,0.0,0.0,726.0,312.0,312.0,312.0
1.0,5289.0,966.0,937.0,125.0,967.0,0.0,0.0,967.0,313.0,312.0,312.0,320.0,321.0,325.0,1962.0,2493.0,834.0,0.0,0.0,967.0,313.0,312.0,312.0
1.0,4448.0,955.0,937.0,399.0,1125.0,241.0,0.0,884.0,313.0,312.0,312.0,318.0,321.0,316.0,1642.0,2213.0,593.0,241.0,0.0,884.0,313.0,312.0,312.0
1.0,3892.0,947.0,937.0,726.0,1031.0,556.0,0.0,475.0,313.0,312.0,312.0,315.0,315.0,317.0,1324.0,1892.0,676.0,556.0,0.0,475.0,313.0,312.0,312.0
1.0,3671.0,942.0,939.0,967.0,1174.0,871.0,303.0,0.0,313.0,313.0,313.0,315.0,315.0,312.0,1009.0,1577.0,1085.0,871.0,303.0,0.0,313.0,313.0,313.0
1.0,3696.0,951.0,939.0,1125.0,1566.0,948.0,618.0,0.0,313.0,313.0,313.0,318.0,315.0,318.0,694.0,1262.0,1740.0,948.0,618.0,0.0,313.0,313.0,313.0
1.0,3870.0,953.0,939.0,1031.0,1648.0,711.0,937.0,0.0,313.0,313.0,313.0,319.0,319.0,315.0,617.0,947.0,2306.0,711.0,937.0,0.0,313.0,313.0,313.0
1.0,3948.0,962.0,939.0,1174.0,1118.0,160.0,958.0,0.0,313.0,313.0,313.0,320.0,324.0,318.0,854.0,628.0,2466.0,160.0,958.0,0.0,313.0,313.0,313.0
1.0,4160.0,972.0,942.0,1566.0,667.0,0.0,667.0,0.0,314.0,314.0,314.0,324.0,322.0,326.0,1405.0,607.0,2148.0,0.0,667.0,0.0,314.0,314.0,314.0
1.0,4754.0,956.0,942.0,1648.0,119.0,0.0,49.0,70.0,314.0,314.0,314.0,315.0,319.0,322.0,2029.0,903.0,1822.0,0.0,49.0,70.0,314.0,314.0,314.0
1.0,5446.0,951.0,942.0,1118.0,390.0,0.0,0.0,390.0,314.0,314.0,314.0,313.0,318.0,320.0,2425.0,1521.0,1500.0,0.0,0.0,390.0,314.0,314.0,314.0
1.0,5613.0,948.0,942.0,667.0,707.0,0.0,0.0,707.0,314.0,314.0,314.0,314.0,317.0,317.0,2272.0,2161.0,1180.0,0.0,0.0,707.0,314.0,314.0,314.0
1.0,5332.0,957.0,942.0,119.0,953.0,0.0,0.0,953.0,314.0,314.0,314.0,319.0,322.0,316.0,1958.0,2511.0,863.0,0.0,0.0,953.0,314.0,314.0,314.0
1.0,4494.0,965.0,943.0,390.0,1143.0,257.0,0.0,886.0,315.0,314.0,314.0,321.0,321.0,323.0,1639.0,2238.0,617.0,257.0,0.0,886.0,315.0,314.0,314.0
1.0,3919.0,972.0,945.0,707.0,1090.0,585.0,0.0,505.0,315.0,315.0,315.0,328.0,323.0,321.0,1318.0,1917.0,684.0,585.0,0.0,505.0,315.0,315.0,315.0
1.0,3654.0,970.0,945.0,953.0,1211.0,909.0,302.0,0.0,315.0,315.0,315.0,324.0,321.0,325.0,990.0,1594.0,1070.0,909.0,302.0,0.0,315.0,315.0,315.0
1.0,3637.0,960.0,946.0,1143.0,1598.0,976.0,622.0,0.0,316.0,315.0,315.0,319.0,320.0,321.0,666.0,1273.0,1698.0,976.0,622.0,0.0,316.0,315.0,315.0
1.0,3820.0,956.0,947.0,1090.0,1648.0,710.0,938.0,0.0,316.0,315.0,316.0,319.0,316.0,321.0,604.0,953.0,2263.0,710.0,938.0,0.0,316.0,315.0,316.0
1.0,3954.0,944.0,947.0,1211.0,1065.0,116.0,949.0,0.0,316.0,315.0,316.0,315.0,313.0,316.0,870.0,637.0,2447.0,116.0,949.0,0.0,316.0,315.0,316.0
1.0,4221.0,961.0,947.0,1598.0,649.0,0.0,649.0,0.0,316.0,315.0,316.0,320.0,322.0,319.0,1464.0,626.0,2131.0,0.0,649.0,0.0,316.0,315.0,316.0
1.0,4858.0,967.0,948.0,1648.0,128.0,0.0,38.0,90.0,316.0,316.0,316.0,323.0,322.0,322.0,2120.0,926.0,1812.0,0.0,38.0,90.0,316.0,316.0,316.0
1.0,5539.0,974.0,948.0,1065.0,414.0,0.0,0.0,414.0,316.0,316.0,316.0,326.0,324.0,324.0,2507.0,1542.0,1490.0,0.0,0.0,414.0,316.0,316.0,316.0
1.0,5630.0,976.0,950.0,649.0,746.0,0.0,0.0,746.0,317.0,316.0,317.0,324.0,325.0,327.0,2297.0,2167.0,1166.0,0.0,0.0,746.0,317.0,316.0,317.0
1.0,5303.0,966.0,951.0,128.0,979.0,0.0,0.0,979.0,317.0,317.0,317.0,319.0,324.0,323.0,1973.0,2491.0,839.0,0.0,0.0,979.0,317.0,317.0,317.0
1.0,4465.0,952.0,951.0,414.0,1131.0,249.0,0.0,882.0,317.0,317.0,317.0,318.0,317.0,317.0,1654.0,2205.0,606.0,249.0,0.0,882.0,317.0,317.0,317.0
1.0,3927.0,954.0,951.0,746.0,1036.0,569.0,14.0,453.0,317.0,317.0,317.0,320.0,317.0,317.0,1336.0,1888.0,703.0,569.0,14.0,453.0,317.0,317.0,317.0
1.0,3719.0,962.0,951.0,979.0,1226.0,891.0,335.0,0.0,317.0,317.0,317.0,322.0,321.0,319.0,1016.0,1571.0,1132.0,891.0,335.0,0.0,317.0,317.0,317.0
1.0,3736.0,961.0,951.0,1131.0,1620.0,964.0,656.0,0.0,317.0,317.0,317.0,322.0,321.0,318.0,694.0,1250.0,1792.0,964.0,656.0,0.0,317.0,317.0,317.0
1.0,3906.0,975.0,953.0,1036.0,1695.0,726.0,969.0,0.0,318.0,317.0,318.0,326.0,327.0,322.0,621.0,929.0,2356.0,726.0,969.0,0.0,318.0,317.0,318.0
1.0,3967.0,985.0,954.0,1226.0,1130.0,163.0,967.0,0.0,318.0,318.0,318.0,328.0,328.0,329.0,864.0,616.0,2487.0,163.0,967.0,0.0,318.0,318.0,318.0
1.0,4208.0,974.0,954.0,1620.0,638.0,0.0,638.0,0.0,318.0,318.0,318.0,323.0,327.0,324.0,1427.0,623.0,2158.0,0.0,638.0,0.0,318.0,318.0,318.0
1.0,4854.0,968.0,954.0,1695.0,79.0,0.0,0.0,79.0,318.0,318.0,318.0,321.0,324.0,323.0,2068.0,952.0,1834.0,0.0,0.0,79.0,318.0,318.0,318.0
1.0,5581.0,958.0,954.0,1130.0,400.0,0.0,0.0,400.0,318.0,318.0,318.0,317.0,320.0,321.0,2473.0,1597.0,1511.0,0.0,0.0,400.0,318.0,318.0,318.0
1.0,5753.0,964.0,955.0,638.0,723.0,0.0,0.0,723.0,319.0,318.0,318.0,321.0,320.0,323.0,2319.0,2244.0,1190.0,0.0,0.0,723.0,319.0,318.0,318.0
1.0,5427.0,961.0,956.0,79.0,963.0,0.0,0.0,963.0,319.0,319.0,318.0,323.0,319.0,319.0,1998.0,2562.0,867.0,0.0,0.0,963.0,319.0,319.0,318.0
1.0,4545.0,979.0,957.0,400.0,1142.0,250.0,0.0,892.0,319.0,319.0,319.0,330.0,325.0,324.0,1675.0,2243.0,627.0,250.0,0.0,892.0,319.0,319.0,319.0
1.0,3966.0,982.0,957.0,723.0,1078.0,579.0,2.0,497.0,319.0,319.0,319.0,329.0,325.0,328.0,1345.0,1918.0,703.0,579.0,2.0,497.0,319.0,319.0,319.0
1.0,3707.0,977.0,958.0,963.0,1239.0,909.0,330.0,0.0,320.0,319.0,319.0,325.0,328.0,324.0,1016.0,1593.0,1098.0,909.0,330.0,0.0,320.0,319.0,319.0
1.0,3693.0,965.0,958.0,1142.0,1633.0,982.0,651.0,0.0,320.0,319.0,319.0,323.0,321.0,321.0,691.0,1265.0,1737.0,982.0,651.0,0.0,320.0,319.0,319.0
1.0,3870.0,966.0,959.0,1078.0,1704.0,725.0,979.0,0.0,320.0,320.0,319.0,322.0,325.0,319.0,618.0,944.0,2308.0,725.0,979.0,0.0,320.0,320.0,319.0
1.0,3982.0,968.0,960.0,1239.0,1110.0,136.0,974.0,0.0,320.0,320.0,320.0,320.0,325.0,323.0,875.0,621.0,2486.0,136.0,974.0,0.0,320.0,320.0,320.0
1.0,4253.0,981.0,960.0,1633.0,650.0,0.0,650.0,0.0,320.0,320.0,320.0,325.0,327.0,329.0,1464.0,626.0,2163.0,0.0,650.0,0.0,320.0,320.0,320.0
1.0,4905.0,987.0,960.0,1704.0,93.0,0.0,0.0,93.0,320.0,320.0,320.0,331.0,329.0,327.0,2121.0,950.0,1834.0,0.0,0.0,93.0,320.0,320.0,320.0
1.0,5622.0,993.0,963.0,1110.0,429.0,0.0,0.0,429.0,321.0,321.0,321.0,333.0,329.0,331.0,2515.0,1600.0,1507.0,0.0,0.0,429.0,321.0,321.0,321.0
1.0,5739.0,989.0,963.0,650.0,761.0,0.0,0.0,761.0,321.0,321.0,321.0,327.0,330.0,332.0,2318.0,2245.0,1176.0,0.0,0.0,761.0,321.0,321.0,321.0
1.0,5400.0,972.0,963.0,93.0,988.0,0.0,0.0,988.0,321.0,321.0,321.0,327.0,325.0,320.0,1991.0,2565.0,844.0,0.0,0.0,988.0,321.0,321.0,321.0
1.0,4521.0,972.0,963.0,429.0,1150.0,269.0,0.0,881.0,321.0,321.0,321.0,328.0,322.0,322.0,1664.0,2240.0,617.0,269.0,0.0,881.0,321.0,321.0,321.0
1.0,3978.0,971.0,963.0,761.0,1047.0,592.0,13.0,442.0,321.0,321.0,321.0,323.0,326.0,322.0,1336.0,1918.0,724.0,592.0,13.0,442.0,321.0,321.0,321.0
1.0,3768.0,981.0,965.0,988.0,1272.0,923.0,349.0,0.0,322.0,322.0,321.0,326.0,331.0,324.0,1013.0,1592.0,1163.0,923.0,349.0,0.0,322.0,322.0,321.0
1.0,3775.0,990.0,966.0,1150.0,1663.0,984.0,679.0,0.0,322.0,322.0,322.0,330.0,330.0,330.0,687.0,1261.0,1827.0,984.0,679.0,0.0,322.0,322.0,322.0
1.0,3935.0,984.0,966.0,1047.0,1714.0,718.0,996.0,0.0,322.0,322.0,322.0,326.0,330.0,328.0,626.0,931.0,2378.0,718.0,996.0,0.0,322.0,322.0,322.0
1.0,3998.0,987.0,967.0,1272.0,1103.0,125.0,978.0,0.0,322.0,323.0,322.0,330.0,326.0,331.0,892.0,614.0,2492.0,125.0,978.0,0.0,322.0,323.0,322.0
1.0,4283.0,974.0,967.0,1663.0,622.0,0.0,622.0,0.0,322.0,323.0,322.0,325.0,323.0,326.0,1485.0,637.0,2161.0,0.0,622.0,0.0,322.0,323.0,322.0
1.0,4972.0,967.0,968.0,1714.0,100.0,0.0,0.0,100.0,323.0,323.0,322.0,322.0,320.0,325.0,2144.0,993.0,1835.0,0.0,0.0,100.0,323.0,323.0,322.0
1.0,5719.0,980.0,968.0,1103.0,425.0,0.0,0.0,425.0,323.0,323.0,322.0,329.0,326.0,325.0,2540.0,1669.0,1510.0,0.0,0.0,425.0,323.0,323.0,322.0
1.0,5842.0,986.0,969.0,622.0,758.0,0.0,0.0,758.0,323.0,323.0,323.0,328.0,330.0,328.0,2336.0,2321.0,1185.0,0.0,0.0,758.0,323.0,323.0,323.0
1.0,5478.0,990.0,969.0,100.0,988.0,0.0,0.0,988.0,323.0,323.0,323.0,328.0,332.0,330.0,2008.0,2613.0,857.0,0.0,0.0,988.0,323.0,323.0,323.0
1.0,4588.0,995.0,971.0,425.0,1165.0,272.0,0.0,893.0,324.0,324.0,323.0,332.0,333.0,330.0,1680.0,2281.0,627.0,272.0,0.0,893.0,324.0,324.0,323.0
1.0,4018.0,988.0,971.0,758.0,1067.0,600.0,4.0,463.0,324.0,324.0,323.0,328.0,332.0,328.0,1348.0,1948.0,722.0,600.0,4.0,463.0,324.0,324.0,323.0
1.0,3788.0,983.0,972.0,988.0,1263.0,927.0,336.0,0.0,324.0,324.0,324.0,327.0,332.0,324.0,1020.0,1616.0,1152.0,927.0,336.0,0.0,324.0,324.0,324.0
1.0,3793.0,968.0,971.0,1165.0,1640.0,983.0,657.0,0.0,324.0,324.0,323.0,328.0,321.0,319.0,693.0,1284.0,1816.0,983.0,657.0,0.0,324.0,324.0,323.0
1.0,3990.0,980.0,972.0,1067.0,1684.0,708.0,976.0,0.0,324.0,324.0,324.0,325.0,323.0,332.0,637.0,963.0,2390.0,708.0,976.0,0.0,324.0,324.0,324.0
1.0,4077.0,991.0,972.0,1263.0,1081.0,110.0,971.0,0.0,324.0,324.0,324.0,329.0,331.0,331.0,912.0,644.0,2521.0,110.0,971.0,0.0,324.0,324.0,324.0
1.0,4349.0,996.0,974.0,1640.0,651.0,0.0,651.0,0.0,325.0,325.0,324.0,330.0,332.0,334.0,1510.0,649.0,2190.0,0.0,651.0,0.0,325.0,325.0,324.0
1.0,4993.0,998.0,974.0,1684.0,106.0,0.0,9.0,97.0,325.0,325.0,324.0,331.0,334.0,333.0,2163.0,974.0,1856.0,0.0,9.0,97.0,325.0,325.0,324.0
1.0,5679.0,1001.0,975.0,1081.0,435.0,0.0,0.0,435.0,325.0,325.0,325.0,333.0,335.0,333.0,2540.0,1616.0,1523.0,0.0,0.0,435.0,325.0,325.0,325.0
1.0,5759.0,986.0,975.0,651.0,761.0,0.0,0.0,761.0,325.0,325.0,325.0,329.0,331.0,326.0,2317.0,2252.0,1190.0,0.0,0.0,761.0,325.0,325.0,325.0
1.0,5424.0,984.0,976.0,106.0,990.0,0.0,0.0,990.0,325.0,326.0,325.0,328.0,330.0,326.0,1988.0,2572.0,864.0,0.0,0.0,990.0,325.0,326.0,325.0
1.0,4546.0,992.0,977.0,435.0,1185.0,302.0,0.0,883.0,326.0,326.0,325.0,332.0,332.0,328.0,1660.0,2251.0,635.0,302.0,0.0,883.0,326.0,326.0,325.0
1.0,3989.0,992.0,977.0,761.0,1127.0,635.0,39.0,453.0,326.0,326.0,325.0,333.0,328.0,331.0,1328.0,1919.0,742.0,635.0,39.0,453.0,326.0,326.0,325.0
1.0,3758.0,1001.0,977.0,990.0,1341.0,967.0,374.0,0.0,326.0,326.0,325.0,332.0,335.0,334.0,995.0,1591.0,1172.0,967.0,374.0,0.0,326.0,326.0,325.0
1.0,3747.0,998.0,979.0,1185.0,1709.0,999.0,710.0,0.0,326.0,327.0,326.0,334.0,331.0,333.0,663.0,1256.0,1828.0,999.0,710.0,0.0,326.0,327.0,326.0
1.0,3934.0,1003.0,980.0,1127.0,1711.0,705.0,1006.0,0.0,327.0,327.0,326.0,336.0,335.0,332.0,631.0,925.0,2378.0,705.0,1006.0,0.0,327.0,327.0,326.0
1.0,4058.0,986.0,980.0,1341.0,1024.0,63.0,961.0,0.0,327.0,327.0,326.0,325.0,329.0,332.0,930.0,629.0,2499.0,63.0,961.0,0.0,327.0,327.0,326.0
1.0,4413.0,988.0,980.0,1709.0,581.0,0.0,581.0,0.0,327.0,327.0,326.0,330.0,330.0,328.0,1572.0,674.0,2167.0,0.0,581.0,0.0,327.0,327.0,326.0
1.0,5134.0,983.0,980.0,1711.0,117.0,0.0,0.0,117.0,327.0,327.0,326.0,327.0,330.0,326.0,2241.0,1054.0,1839.0,0.0,0.0,117.0,327.0,327.0,326.0
1.0,5862.0,1010.0,982.0,1024.0,458.0,0.0,0.0,458.0,327.0,328.0,327.0,337.0,337.0,336.0,2619.0,1730.0,1513.0,0.0,0.0,458.0,327.0,328.0,327.0
1.0,5876.0,1007.0,983.0,581.0,793.0,0.0,0.0,793.0,328.0,328.0,327.0,337.0,335.0,335.0,2345.0,2354.0,1177.0,0.0,0.0,793.0,328.0,328.0,327.0
1.0,5450.0,1002.0,983.0,117.0,1010.0,0.0,0.0,1010.0,328.0,328.0,327.0,332.0,336.0,334.0,2008.0,2600.0,842.0,0.0,0.0,1010.0,328.0,328.0,327.0
1.0,4565.0,998.0,984.0,458.0,1185.0,293.0,0.0,892.0,328.0,328.0,328.0,329.0,334.0,335.0,1676.0,2264.0,625.0,293.0,0.0,892.0,328.0,328.0,328.0
1.0,4025.0,993.0,984.0,793.0,1095.0,623.0,40.0,432.0,328.0,328.0,328.0,330.0,330.0,333.0,1347.0,1930.0,748.0,623.0,40.0,432.0,328.0,328.0,328.0
1.0,3825.0,989.0,984.0,1010.0,1320.0,951.0,369.0,0.0,328.0,328.0,328.0,328.0,329.0,332.0,1017.0,1600.0,1208.0,951.0,369.0,0.0,328.0,328.0,328.0
1.0,3846.0,997.0,985.0,1185.0,1701.0,994.0,707.0,0.0,328.0,329.0,328.0,336.0,333.0,328.0,689.0,1271.0,1886.0,994.0,707.0,0.0,328.0,329.0,328.0
1.0,4034.0,1011.0,986.0,1095.0,1714.0,714.0,1000.0,0.0,329.0,329.0,328.0,338.0,333.0,340.0,646.0,938.0,2450.0,714.0,1000.0,0.0,329.0,329.0,328.0
1.0,4118.0,1014.0,986.0,1320.0,1070.0,100.0,970.0,0.0,329.0,329.0,328.0,337.0,339.0,338.0,931.0,645.0,2542.0,100.0,970.0,0.0,329.0,329.0,328.0
1.0,4424.0,1015.0,987.0,1701.0,602.0,0.0,602.0,0.0,329.0,329.0,329.0,337.0,339.0,339.0,1545.0,675.0,2204.0,0.0,602.0,0.0,329.0,329.0,329.0
1.0,5110.0,1007.0,988.0,1714.0,119.0,0.0,0.0,119.0,329.0,330.0,329.0,331.0,337.0,339.0,2202.0,1043.0,1865.0,0.0,0.0,119.0,329.0,330.0,329.0
1.0,5817.0,997.0,988.0,1070.0,453.0,0.0,0.0,453.0,329.0,330.0,329.0,332.0,331.0,334.0,2585.0,1706.0,1526.0,0.0,0.0,453.0,329.0,330.0,329.0
1.0,5890.0,991.0,988.0,602.0,783.0,0.0,0.0,783.0,329.0,330.0,329.0,330.0,331.0,330.0,2353.0,2345.0,1192.0,0.0,0.0,783.0,329.0,330.0,329.0
1.0,5501.0,1001.0,990.0,119.0,1003.0,0.0,0.0,1003.0,330.0,330.0,330.0,335.0,332.0,334.0,2023.0,2616.0,862.0,0.0,0.0,1003.0,330.0,330.0,330.0
1.0,4619.0,1005.0,990.0,453.0,1181.0,299.0,0.0,882.0,330.0,330.0,330.0,337.0,336.0,332.0,1688.0,2284.0,647.0,299.0,0.0,882.0,330.0,330.0,330.0
1.0,4067.0,1016.0,991.0,783.0,1121.0,640.0,43.0,438.0,330.0,331.0,330.0,341.0,336.0,339.0,1351.0,1948.0,768.0,640.0,43.0,438.0,330.0,331.0,330.0
1.0,3834.0,1018.0,993.0,1003.0,1366.0,982.0,384.0,0.0,331.0,331.0,331.0,337.0,341.0,340.0,1010.0,1612.0,1212.0,982.0,384.0,0.0,331.0,331.0,331.0
1.0,3819.0,1012.0,993.0,1181.0,1738.0,1017.0,721.0,0.0,331.0,331.0,331.0,334.0,337.0,341.0,673.0,1271.0,1875.0,1017.0,721.0,0.0,331.0,331.0,331.0
1.0,3988.0,1008.0,993.0,1121.0,1723.0,710.0,1013.0,0.0,331.0,331.0,331.0,333.0,335.0,340.0,638.0,934.0,2416.0,710.0,1013.0,0.0,331.0,331.0,331.0
1.0,4101.0,1003.0,993.0,1366.0,1026.0,61.0,965.0,0.0,331.0,331.0,331.0,333.0,336.0,334.0,945.0,642.0,2514.0,61.0,965.0,0.0,331.0,331.0,331.0
1.0,4464.0,1009.0,993.0,1738.0,578.0,0.0,578.0,0.0,331.0,331.0,331.0,339.0,334.0,336.0,1594.0,690.0,2180.0,0.0,578.0,0.0,331.0,331.0,331.0
1.0,5193.0,1004.0,994.0,1723.0,147.0,0.0,0.0,147.0,331.0,332.0,331.0,338.0,330.0,336.0,2272.0,1077.0,1844.0,0.0,0.0,147.0,331.0,332.0,331.0
1.0,5912.0,1017.0,996.0,1026.0,489.0,0.0,0.0,489.0,332.0,332.0,332.0,342.0,338.0,337.0,2644.0,1760.0,1508.0,0.0,0.0,489.0,332.0,332.0,332.0
1.0,5921.0,1024.0,996.0,578.0,830.0,0.0,0.0,830.0,332.0,332.0,332.0,341.0,342.0,341.0,2363.0,2387.0,1171.0,0.0,0.0,830.0,332.0,332.0,332.0
1.0,5475.0,1009.0,996.0,147.0,1017.0,0.0,0.0,1017.0,332.0,332.0,332.0,338.0,337.0,334.0,2022.0,2623.0,830.0,0.0,0.0,1017.0,332.0,332.0,332.0
1.0,4613.0,1002.0,996.0,489.0,1170.0,309.0,0.0,861.0,332.0,332.0,332.0,333.0,336.0,333.0,1684.0,2286.0,643.0,309.0,0.0,861.0,332.0,332.0,332.0
1.0,4100.0,998.0,997.0,830.0,1053.0,640.0,51.0,362.0,332.0,333.0,332.0,331.0,336.0,331.0,1351.0,1950.0,799.0,640.0,51.0,362.0,332.0,333.0,332.0
1.0,3932.0,997.0,997.0,1017.0,1354.0,968.0,386.0,0.0,332.0,333.0,332.0,328.0,335.0,334.0,1020.0,1614.0,1298.0,968.0,386.0,0.0,332.0,333.0,332.0
1.0,3952.0,1020.0,999.0,1170.0,1730.0,1005.0,725.0,0.0,333.0,333.0,333.0,341.0,339.0,340.0,692.0,1279.0,1981.0,1005.0,725.0,0.0,333.0,333.0,333.0
1.0,4102.0,1031.0,999.0,1053.0,1725.0,710.0,1015.0,0.0,333.0,333.0,333.0,345.0,341.0,345.0,660.0,940.0,2502.0,710.0,1015.0,0.0,333.0,333.0,333.0
1.0,4124.0,1031.0,1001.0,1354.0,1063.0,89.0,974.0,0.0,333.0,334.0,334.0,347.0,340.0,344.0,955.0,650.0,2519.0,89.0,974.0,0.0,333.0,334.0,334.0
1.0,4447.0,1021.0,1002.0,1730.0,589.0,0.0,589.0,0.0,334.0,334.0,334.0,340.0,340.0,341.0,1576.0,696.0,2175.0,0.0,589.0,0.0,334.0,334.0,334.0
1.0,5156.0,1010.0,1002.0,1725.0,176.0,0.0,0.0,176.0,334.0,334.0,334.0,333.0,337.0,340.0,2241.0,1081.0,1834.0,0.0,0.0,176.0,334.0,334.0,334.0
1.0,5871.0,1000.0,1002.0,1063.0,508.0,0.0,0.0,508.0,334.0,334.0,334.0,333.0,335.0,332.0,2618.0,1759.0,1494.0,0.0,0.0,508.0,334.0,334.0,334.0
1.0,5934.0,1008.0,1002.0,589.0,843.0,0.0,0.0,843.0,334.0,334.0,334.0,335.0,338.0,335.0,2374.0,2398.0,1162.0,0.0,0.0,843.0,334.0,334.0,334.0
1.0,5515.0,1021.0,1002.0,176.0,1009.0,0.0,0.0,1009.0,334.0,334.0,334.0,338.0,341.0,342.0,2039.0,2649.0,827.0,0.0,0.0,1009.0,334.0,334.0,334.0
1.0,4670.0,1031.0,1004.0,508.0,1162.0,312.0,0.0,850.0,334.0,335.0,335.0,343.0,344.0,344.0,1701.0,2308.0,661.0,312.0,0.0,850.0,334.0,335.0,335.0
1.0,4147.0,1041.0,1005.0,843.0,1076.0,665.0,58.0,353.0,335.0,335.0,335.0,348.0,347.0,346.0,1358.0,1964.0,825.0,665.0,58.0,353.0,335.0,335.0,335.0
1.0,3949.0,1032.0,1005.0,1009.0,1411.0,1010.0,401.0,0.0,335.0,335.0,335.0,345.0,343.0,344.0,1010.0,1617.0,1322.0,1010.0,401.0,0.0,335.0,335.0,335.0
1.0,3926.0,1021.0,1007.0,1162.0,1783.0,1040.0,743.0,0.0,335.0,336.0,336.0,342.0,337.0,342.0,665.0,1274.0,1987.0,1040.0,743.0,0.0,335.0,336.0,336.0
1.0,4067.0,1009.0,1007.0,1076.0,1732.0,712.0,1020.0,0.0,335.0,336.0,336.0,337.0,335.0,337.0,635.0,937.0,2495.0,712.0,1020.0,0.0,335.0,336.0,336.0
1.0,4134.0,1015.0,1007.0,1411.0,994.0,37.0,957.0,0.0,335.0,336.0,336.0,335.0,338.0,342.0,963.0,660.0,2511.0,37.0,957.0,0.0,335.0,336.0,336.0
1.0,4530.0,1018.0,1008.0,1783.0,555.0,0.0,555.0,0.0,336.0,336.0,336.0,339.0,341.0,338.0,1638.0,723.0,2169.0,0.0,555.0,0.0,336.0,336.0,336.0
1.0,5295.0,1031.0,1008.0,1732.0,191.0,0.0,0.0,191.0,336.0,336.0,336.0,344.0,345.0,342.0,2339.0,1125.0,1831.0,0.0,0.0,191.0,336.0,336.0,336.0
1.0,5996.0,1039.0,1009.0,994.0,541.0,0.0,0.0,541.0,336.0,336.0,337.0,346.0,348.0,345.0,2707.0,1800.0,1489.0,0.0,0.0,541.0,336.0,336.0,337.0
1.0,5951.0,1028.0,1010.0,555.0,881.0,0.0,0.0,881.0,336.0,337.0,337.0,346.0,342.0,340.0,2398.0,2409.0,1144.0,0.0,0.0,881.0,336.0,337.0,337.0
1.0,5478.0,1025.0,1011.0,191.0,1028.0,0.0,0.0,1028.0,337.0,337.0,337.0,344.0,343.0,338.0,2052.0,2622.0,804.0,0.0,0.0,1028.0,337.0,337.0,337.0
1.0,4644.0,1009.0,1011.0,541.0,1137.0,315.0,0.0,822.0,337.0,337.0,337.0,338.0,336.0,335.0,1708.0,2279.0,657.0,315.0,0.0,822.0,337.0,337.0,337.0
1.0,4176.0,1012.0,1011.0,881.0,1010.0,653.0,76.0,281.0,337.0,337.0,337.0,338.0,334.0,340.0,1370.0,1943.0,863.0,653.0,76.0,281.0,337.0,337.0,337.0
1.0,4045.0,1019.0,1011.0,1028.0,1403.0,989.0,414.0,0.0,337.0,337.0,337.0,336.0,338.0,345.0,1032.0,1609.0,1404.0,989.0,414.0,0.0,337.0,337.0,337.0
1.0,4054.0,1032.0,1012.0,1137.0,1772.0,1018.0,754.0,0.0,337.0,337.0,338.0,344.0,340.0,348.0,696.0,1271.0,2087.0,1018.0,754.0,0.0,337.0,337.0,338.0
1.0,4159.0,1041.0,1014.0,1010.0,1744.0,717.0,1027.0,0.0,338.0,338.0,338.0,347.0,344.0,350.0,667.0,931.0,2561.0,717.0,1027.0,0.0,338.0,338.0,338.0
1.0,4128.0,1039.0,1014.0,1403.0,1035.0,74.0,961.0,0.0,338.0,338.0,338.0,346.0,348.0,345.0,973.0,663.0,2492.0,74.0,961.0,0.0,338.0,338.0,338.0
1.0,4492.0,1026.0,1015.0,1772.0,550.0,0.0,550.0,0.0,338.0,338.0,339.0,343.0,343.0,340.0,1616.0,729.0,2147.0,0.0,550.0,0.0,338.0,338.0,339.0
1.0,5238.0,1019.0,1015.0,1744.0,222.0,0.0,0.0,222.0,338.0,338.0,339.0,343.0,342.0,334.0,2291.0,1140.0,1807.0,0.0,0.0,222.0,338.0,338.0,339.0
1.0,5963.0,1016.0,1015.0,1035.0,561.0,0.0,0.0,561.0,338.0,338.0,339.0,337.0,340.0,339.0,2665.0,1825.0,1473.0,0.0,0.0,561.0,338.0,338.0,339.0
1.0,5982.0,1034.0,1016.0,550.0,906.0,0.0,0.0,906.0,339.0,338.0,339.0,343.0,346.0,345.0,2402.0,2446.0,1134.0,0.0,0.0,906.0,339.0,338.0,339.0
1.0,5498.0,1030.0,1017.0,222.0,1027.0,0.0,0.0,1027.0,339.0,339.0,339.0,344.0,343.0,343.0,2059.0,2650.0,789.0,0.0,0.0,1027.0,339.0,339.0,339.0
1.0,4690.0,1045.0,1017.0,561.0,1146.0,332.0,0.0,814.0,339.0,339.0,339.0,352.0,345.0,348.0,1715.0,2307.0,668.0,332.0,0.0,814.0,339.0,339.0,339.0
1.0,4206.0,1043.0,1018.0,906.0,1021.0,679.0,79.0,263.0,339.0,339.0,340.0,347.0,346.0,350.0,1363.0,1962.0,881.0,679.0,79.0,263.0,339.0,339.0,340.0
1.0,4069.0,1029.0,1018.0,1027.0,1440.0,1022.0,418.0,0.0,339.0,339.0,340.0,343.0,339.0,347.0,1016.0,1616.0,1437.0,1022.0,418.0,0.0,339.0,339.0,340.0
1.0,4067.0,1027.0,1019.0,1146.0,1801.0,1041.0,760.0,0.0,340.0,339.0,340.0,346.0,342.0,339.0,673.0,1277.0,2117.0,1041.0,760.0,0.0,340.0,339.0,340.0
1.0,4186.0,1043.0,1019.0,1021.0,1738.0,709.0,1029.0,0.0,340.0,339.0,340.0,347.0,348.0,348.0,659.0,935.0,2592.0,709.0,1029.0,0.0,340.0,339.0,340.0
1.0,4164.0,1037.0,1020.0,1440.0,994.0,28.0,966.0,0.0,340.0,340.0,340.0,341.0,350.0,346.0,991.0,666.0,2507.0,28.0,966.0,0.0,340.0,340.0,340.0
1.0,4567.0,1044.0,1021.0,1801.0,556.0,0.0,556.0,0.0,340.0,340.0,341.0,347.0,350.0,347.0,1672.0,734.0,2161.0,0.0,556.0,0.0,340.0,340.0,341.0
1.0,5324.0,1054.0,1023.0,1738.0,241.0,0.0,0.0,241.0,341.0,341.0,341.0,352.0,352.0,350.0,2366.0,1144.0,1814.0,0.0,0.0,241.0,341.0,341.0,341.0
1.0,6008.0,1037.0,1023.0,994.0,588.0,0.0,0.0,588.0,341.0,341.0,341.0,345.0,345.0,347.0,2723.0,1821.0,1464.0,0.0,0.0,588.0,341.0,341.0,341.0
1.0,5965.0,1032.0,1023.0,556.0,933.0,0.0,0.0,933.0,341.0,341.0,341.0,345.0,342.0,345.0,2406.0,2442.0,1117.0,0.0,0.0,933.0,341.0,341.0,341.0
1.0,5489.0,1025.0,1023.0,241.0,1034.0,0.0,0.0,1034.0,341.0,341.0,341.0,343.0,340.0,342.0,2061.0,2656.0,772.0,0.0,0.0,1034.0,341.0,341.0,341.0
1.0,4705.0,1027.0,1023.0,588.0,1118.0,330.0,0.0,788.0,341.0,341.0,341.0,343.0,342.0,342.0,1718.0,2316.0,671.0,330.0,0.0,788.0,341.0,341.0,341.0
1.0,4266.0,1034.0,1023.0,933.0,950.0,673.0,78.0,199.0,341.0,341.0,341.0,343.0,347.0,344.0,1375.0,1974.0,917.0,673.0,78.0,199.0,341.0,341.0,341.0
1.0,4165.0,1050.0,1026.0,1034.0,1460.0,1023.0,437.0,0.0,342.0,342.0,342.0,345.0,354.0,351.0,1032.0,1627.0,1506.0,1023.0,437.0,0.0,342.0,342.0,342.0
1.0,4149.0,1055.0,1026.0,1118.0,1833.0,1043.0,790.0,0.0,342.0,342.0,342.0,350.0,353.0,352.0,687.0,1273.0,2189.0,1043.0,790.0,0.0,342.0,342.0,342.0
1.0,4212.0,1049.0,1026.0,950.0,1779.0,718.0,1061.0,0.0,342.0,342.0,342.0,348.0,349.0,352.0,667.0,920.0,2625.0,718.0,1061.0,0.0,342.0,342.0,342.0
1.0,4113.0,1035.0,1027.0,1460.0,1007.0,38.0,969.0,0.0,342.0,342.0,343.0,343.0,345.0,347.0,992.0,649.0,2472.0,38.0,969.0,0.0,342.0,342.0,343.0
1.0,4538.0,1031.0,1027.0,1833.0,522.0,0.0,522.0,0.0,342.0,342.0,343.0,345.0,343.0,343.0,1672.0,741.0,2125.0,0.0,522.0,0.0,342.0,342.0,343.0
1.0,5340.0,1027.0,1027.0,1779.0,276.0,0.0,0.0,276.0,342.0,342.0,343.0,344.0,340.0,343.0,2370.0,1188.0,1782.0,0.0,0.0,276.0,342.0,342.0,343.0
1.0,6092.0,1042.0,1029.0,1007.0,624.0,0.0,0.0,624.0,343.0,343.0,343.0,349.0,345.0,348.0,2744.0,1909.0,1439.0,0.0,0.0,624.0,343.0,343.0,343.0
1.0,6057.0,1049.0,1029.0,522.0,974.0,0.0,0.0,974.0,343.0,343.0,343.0,348.0,351.0,350.0,2433.0,2533.0,1091.0,0.0,0.0,974.0,343.0,343.0,343.0
1.0,5530.0,1048.0,1030.0,276.0,1050.0,0.0,0.0,1050.0,343.0,343.0,344.0,351.0,350.0,347.0,2085.0,2704.0,741.0,0.0,0.0,1050.0,343.0,343.0,344.0
1.0,4758.0,1049.0,1031.0,624.0,1111.0,336.0,0.0,775.0,344.0,343.0,344.0,350.0,350.0,349.0,1734.0,2354.0,670.0,336.0,0.0,775.0,344.0,343.0,344.0
1.0,4333.0,1044.0,1032.0,974.0,897.0,679.0,65.0,153.0,344.0,344.0,344.0,343.0,349.0,352.0,1384.0,2004.0,945.0,679.0,65.0,153.0,344.0,344.0,344.0
1.0,4263.0,1048.0,1032.0,1050.0,1445.0,1026.0,419.0,0.0,344.0,344.0,344.0,347.0,354.0,347.0,1041.0,1655.0,1567.0,1026.0,419.0,0.0,344.0,344.0,344.0
1.0,4265.0,1038.0,1032.0,1111.0,1800.0,1037.0,763.0,0.0,344.0,344.0,344.0,347.0,344.0,347.0,694.0,1301.0,2270.0,1037.0,763.0,0.0,344.0,344.0,344.0
1.0,4338.0,1045.0,1032.0,897.0,1752.0,710.0,1042.0,0.0,344.0,344.0,344.0,352.0,344.0,349.0,683.0,957.0,2698.0,710.0,1042.0,0.0,344.0,344.0,344.0
1.0,4190.0,1057.0,1033.0,1445.0,1012.0,37.0,975.0,0.0,344.0,344.0,345.0,353.0,352.0,352.0,1010.0,678.0,2502.0,37.0,975.0,0.0,344.0,344.0,345.0
1.0,4578.0,1049.0,1035.0,1800.0,568.0,0.0,568.0,0.0,345.0,345.0,345.0,350.0,351.0,348.0,1683.0,745.0,2150.0,0.0,568.0,0.0,345.0,345.0,345.0
1.0,5329.0,1048.0,1035.0,1752.0,274.0,0.0,0.0,274.0,345.0,345.0,345.0,348.0,349.0,351.0,2370.0,1157.0,1802.0,0.0,0.0,274.0,345.0,345.0,345.0
1.0,6033.0,1035.0,1035.0,1012.0,619.0,0.0,0.0,619.0,345.0,345.0,345.0,343.0,347.0,345.0,2732.0,1850.0,1451.0,0.0,0.0,619.0,345.0,345.0,345.0
1.0,6010.0,1043.0,1035.0,568.0,967.0,0.0,0.0,967.0,345.0,345.0,345.0,345.0,350.0,348.0,2426.0,2478.0,1106.0,0.0,0.0,967.0,345.0,345.0,345.0
1.0,5535.0,1048.0,1035.0,274.0,1040.0,0.0,0.0,1040.0,345.0,345.0,345.0,348.0,353.0,347.0,2081.0,2696.0,758.0,0.0,0.0,1040.0,345.0,345.0,345.0
1.0,4761.0,1055.0,1035.0,619.0,1115.0,344.0,0.0,771.0,345.0,345.0,345.0,352.0,353.0,350.0,1733.0,2343.0,685.0,344.0,0.0,771.0,345.0,345.0,345.0
1.0,4325.0,1068.0,1037.0,967.0,961.0,701.0,95.0,165.0,345.0,346.0,346.0,357.0,355.0,356.0,1381.0,1990.0,954.0,701.0,95.0,165.0,345.0,346.0,346.0
1.0,4224.0,1064.0,1038.0,1040.0,1508.0,1060.0,448.0,0.0,346.0,346.0,346.0,354.0,353.0,357.0,1024.0,1635.0,1565.0,1060.0,448.0,0.0,346.0,346.0,346.0
1.0,4200.0,1060.0,1038.0,1115.0,1871.0,1068.0,803.0,0.0,346.0,346.0,346.0,352.0,355.0,353.0,670.0,1282.0,2248.0,1068.0,803.0,0.0,346.0,346.0,346.0
1.0,4255.0,1038.0,1038.0,961.0,1765.0,712.0,1053.0,0.0,346.0,346.0,346.0,345.0,345.0,348.0,662.0,927.0,2666.0,712.0,1053.0,0.0,346.0,346.0,346.0
1.0,4178.0,1038.0,1039.0,1508.0,948.0,0.0,948.0,0.0,346.0,346.0,347.0,345.0,343.0,350.0,1018.0,677.0,2483.0,0.0,948.0,0.0,346.0,346.0,347.0
1.0,4648.0,1045.0,1039.0,1871.0,496.0,0.0,496.0,0.0,346.0,346.0,347.0,347.0,351.0,347.0,1733.0,782.0,2133.0,0.0,496.0,0.0,346.0,346.0,347.0
1.0,5474.0,1056.0,1040.0,1765.0,299.0,0.0,0.0,299.0,346.0,347.0,347.0,354.0,352.0,350.0,2454.0,1234.0,1786.0,0.0,0.0,299.0,346.0,347.0,347.0
1.0,6183.0,1064.0,1041.0,948.0,651.0,0.0,0.0,651.0,347.0,347.0,347.0,356.0,356.0,352.0,2812.0,1935.0,1436.0,0.0,0.0,651.0,347.0,347.0,347.0
1.0,6067.0,1066.0,1041.0,496.0,1004.0,0.0,0.0,1004.0,347.0,347.0,347.0,358.0,355.0,353.0,2456.0,2527.0,1084.0,0.0,0.0,1004.0,347.0,347.0,347.0
1.0,5497.0,1061.0,1043.0,299.0,1061.0,0.0,0.0,1061.0,347.0,348.0,348.0,357.0,353.0,351.0,2098.0,2668.0,731.0,0.0,0.0,1061.0,347.0,348.0,348.0
1.0,4735.0,1048.0,1044.0,651.0,1109.0,346.0,0.0,763.0,348.0,348.0,348.0,347.0,348.0,353.0,1741.0,2315.0,679.0,346.0,0.0,763.0,348.0,348.0,348.0
1.0,4338.0,1049.0,1044.0,1004.0,927.0,694.0,121.0,112.0,348.0,348.0,348.0,348.0,348.0,353.0,1394.0,1967.0,977.0,694.0,121.0,112.0,348.0,348.0,348.0
1.0,4293.0,1050.0,1044.0,1061.0,1515.0,1043.0,472.0,0.0,348.0,348.0,348.0,349.0,351.0,350.0,1046.0,1619.0,1628.0,1043.0,472.0,0.0,348.0,348.0,348.0
1.0,4304.0,1058.0,1044.0,1109.0,1874.0,1049.0,825.0,0.0,348.0,348.0,348.0,352.0,353.0,353.0,697.0,1268.0,2339.0,1049.0,825.0,0.0,348.0,348.0,348.0
1.0,4355.0,1068.0,1044.0,927.0,1772.0,712.0,1060.0,0.0,348.0,348.0,348.0,357.0,356.0,355.0,691.0,915.0,2749.0,712.0,1060.0,0.0,348.0,348.0,348.0
1.0,4214.0,1075.0,1046.0,1515.0,980.0,31.0,949.0,0.0,348.0,349.0,349.0,362.0,356.0,357.0,1028.0,680.0,2506.0,31.0,949.0,0.0,348.0,349.0,349.0
1.0,4654.0,1070.0,1047.0,1874.0,482.0,0.0,482.0,0.0,349.0,349.0,349.0,356.0,358.0,356.0,1709.0,796.0,2149.0,0.0,482.0,0.0,349.0,349.0,349.0
1.0,5458.0,1051.0,1047.0,1772.0,300.0,0.0,0.0,300.0,349.0,349.0,349.0,348.0,355.0,348.0,2402.0,1263.0,1793.0,0.0,0.0,300.0,349.0,349.0,349.0
1.0,6179.0,1051.0,1047.0,980.0,649.0,0.0,0.0,649.0,349.0,349.0,349.0,349.0,353.0,349.0,2766.0,1968.0,1445.0,0.0,0.0,649.0,349.0,349.0,349.0
1.0,6108.0,1055.0,1047.0,482.0,1004.0,0.0,0.0,1004.0,349.0,349.0,349.0,354.0,346.0,355.0,2448.0,2564.0,1096.0,0.0,0.0,1004.0,349.0,349.0,349.0
1.0,5535.0,1065.0,1048.0,300.0,1067.0,6.0,0.0,1061.0,349.0,350.0,349.0,355.0,353.0,357.0,2094.0,2700.0,741.0,6.0,0.0,1061.0,349.0,350.0,349.0
1.0,4770.0,1072.0,1049.0,649.0,1141.0,367.0,0.0,774.0,349.0,350.0,350.0,361.0,354.0,357.0,1739.0,2347.0,684.0,367.0,0.0,774.0,349.0,350.0,350.0
1.0,4347.0,1073.0,1050.0,1004.0,972.0,729.0,117.0,126.0,350.0,350.0,350.0,357.0,360.0,356.0,1378.0,1993.0,976.0,729.0,117.0,126.0,350.0,350.0,350.0
1.0,4278.0,1075.0,1050.0,1067.0,1557.0,1085.0,472.0,0.0,350.0,350.0,350.0,362.0,355.0,358.0,1021.0,1633.0,1624.0,1085.0,472.0,0.0,350.0,350.0,350.0
1.0,4270.0,1067.0,1050.0,1141.0,1906.0,1079.0,827.0,0.0,350.0,350.0,350.0,361.0,355.0,351.0,665.0,1278.0,2327.0,1079.0,827.0,0.0,350.0,350.0,350.0
1.0,4344.0,1063.0,1050.0,972.0,1770.0,702.0,1068.0,0.0,350.0,350.0,350.0,352.0,358.0,353.0,671.0,923.0,2750.0,702.0,1068.0,0.0,350.0,350.0,350.0
1.0,4253.0,1056.0,1051.0,1557.0,954.0,0.0,954.0,0.0,350.0,351.0,350.0,349.0,353.0,354.0,1048.0,682.0,2523.0,0.0,954.0,0.0,350.0,351.0,350.0
1.0,4754.0,1067.0,1053.0,1906.0,484.0,0.0,484.0,0.0,351.0,351.0,351.0,355.0,357.0,355.0,1784.0,801.0,2169.0,0.0,484.0,0.0,351.0,351.0,351.0
1.0,5593.0,1069.0,1053.0,1770.0,295.0,0.0,0.0,295.0,351.0,351.0,351.0,357.0,358.0,354.0,2508.0,1271.0,1814.0,0.0,0.0,295.0,351.0,351.0,351.0
1.0,6294.0,1077.0,1053.0,954.0,653.0,0.0,0.0,653.0,351.0,351.0,351.0,362.0,357.0,358.0,2853.0,1981.0,1460.0,0.0,0.0,653.0,351.0,351.0,351.0
1.0,6171.0,1075.0,1055.0,484.0,1010.0,0.0,0.0,1010.0,352.0,352.0,351.0,361.0,357.0,357.0,2491.0,2578.0,1102.0,0.0,0.0,1010.0,352.0,352.0,351.0
1.0,5580.0,1070.0,1056.0,295.0,1079.0,0.0,0.0,1079.0,352.0,352.0,352.0,357.0,354.0,359.0,2130.0,2705.0,745.0,0.0,0.0,1079.0,352.0,352.0,352.0
1.0,4805.0,1072.0,1056.0,653.0,1126.0,342.0,0.0,784.0,352.0,352.0,352.0,355.0,359.0,358.0,1773.0,2351.0,681.0,342.0,0.0,784.0,352.0,352.0,352.0
1.0,4386.0,1071.0,1056.0,1010.0,955.0,695.0,129.0,131.0,352.0,352.0,352.0,353.0,361.0,357.0,1418.0,1992.0,976.0,695.0,129.0,131.0,352.0,352.0,352.0
1.0,4325.0,1076.0,1056.0,1079.0,1542.0,1052.0,490.0,0.0,352.0,352.0,352.0,357.0,361.0,358.0,1065.0,1631.0,1629.0,1052.0,490.0,0.0,352.0,352.0,352.0
1.0,4328.0,1081.0,1057.0,1126.0,1927.0,1069.0,858.0,0.0,352.0,353.0,352.0,359.0,363.0,359.0,708.0,1270.0,2350.0,1069.0,858.0,0.0,352.0,353.0,352.0
1.0,4373.0,1083.0,1059.0,955.0,1832.0,742.0,1090.0,0.0,353.0,353.0,353.0,363.0,361.0,359.0,691.0,907.0,2775.0,742.0,1090.0,0.0,353.0,353.0,353.0
1.0,4245.0,1074.0,1059.0,1542.0,1005.0,48.0,957.0,0.0,353.0,353.0,353.0,358.0,357.0,359.0,1023.0,675.0,2547.0,48.0,957.0,0.0,353.0,353.0,353.0
1.0,4713.0,1076.0,1059.0,1927.0,457.0,0.0,457.0,0.0,353.0,353.0,353.0,360.0,358.0,358.0,1717.0,808.0,2188.0,0.0,457.0,0.0,353.0,353.0,353.0
1.0,5564.0,1067.0,1060.0,1832.0,293.0,0.0,0.0,293.0,353.0,354.0,353.0,355.0,354.0,358.0,2426.0,1308.0,1830.0,0.0,0.0,293.0,353.0,354.0,353.0
1.0,6329.0,1074.0,1060.0,1005.0,654.0,0.0,0.0,654.0,353.0,354.0,353.0,356.0,357.0,361.0,2813.0,2044.0,1472.0,0.0,0.0,654.0,353.0,354.0,353.0
1.0,6260.0,1083.0,1062.0,457.0,1022.0,0.0,0.0,1022.0,354.0,354.0,354.0,361.0,359.0,363.0,2505.0,2644.0,1111.0,0.0,0.0,1022.0,354.0,354.0,354.0
1.0,5634.0,1090.0,1062.0,293.0,1093.0,0.0,0.0,1093.0,354.0,354.0,354.0,363.0,363.0,364.0,2144.0,2742.0,748.0,0.0,0.0,1093.0,354.0,354.0,354.0
1.0,4837.0,1089.0,1062.0,654.0,1152.0,351.0,0.0,801.0,354.0,354.0,354.0,362.0,365.0,362.0,1781.0,2379.0,677.0,351.0,0.0,801.0,354.0,354.0,354.0
1.0,4402.0,1087.0,1065.0,1022.0,988.0,716.0,124.0,148.0,355.0,355.0,355.0,360.0,363.0,364.0,1419.0,2014.0,969.0,716.0,124.0,148.0,355.0,355.0,355.0
1.0,4337.0,1081.0,1065.0,1093.0,1562.0,1078.0,484.0,0.0,355.0,355.0,355.0,362.0,360.0,359.0,1059.0,1651.0,1627.0,1078.0,484.0,0.0,355.0,355.0,355.0
1.0,4349.0,1069.0,1065.0,1152.0,1926.0,1085.0,841.0,0.0,355.0,355.0,355.0,358.0,357.0,354.0,697.0,1291.0,2361.0,1085.0,841.0,0.0,355.0,355.0,355.0
1.0,4432.0,1065.0,1065.0,988.0,1798.0,725.0,1073.0,0.0,355.0,355.0,355.0,356.0,356.0,353.0,690.0,934.0,2808.0,725.0,1073.0,0.0,355.0,355.0,355.0
1.0,4355.0,1076.0,1065.0,1562.0,953.0,5.0,948.0,0.0,355.0,355.0,355.0,358.0,359.0,359.0,1050.0,702.0,2603.0,5.0,948.0,0.0,355.0,355.0,355.0
1.0,4841.0,1091.0,1067.0,1926.0,477.0,0.0,477.0,0.0,356.0,356.0,355.0,363.0,365.0,363.0,1770.0,827.0,2244.0,0.0,477.0,0.0,356.0,356.0,355.0
1.0,5676.0,1088.0,1068.0,1798.0,260.0,0.0,0.0,260.0,356.0,356.0,356.0,361.0,366.0,361.0,2492.0,1303.0,1881.0,0.0,0.0,260.0,356.0,356.0,356.0
1.0,6386.0,1086.0,1068.0,953.0,623.0,0.0,0.0,623.0,356.0,356.0,356.0,360.0,363.0,363.0,2856.0,2010.0,1520.0,0.0,0.0,623.0,356.0,356.0,356.0
1.0,6253.0,1081.0,1068.0,477.0,981.0,0.0,0.0,981.0,356.0,356.0,356.0,360.0,363.0,358.0,2501.0,2595.0,1157.0,0.0,0.0,981.0,356.0,356.0,356.0
1.0,5649.0,1074.0,1068.0,260.0,1082.0,0.0,0.0,1082.0,356.0,356.0,356.0,357.0,356.0,361.0,2141.0,2709.0,799.0,0.0,0.0,1082.0,356.0,356.0,356.0
1.0,4835.0,1079.0,1068.0,623.0,1173.0,356.0,0.0,817.0,356.0,356.0,356.0,360.0,361.0,358.0,1784.0,2353.0,698.0,356.0,0.0,817.0,356.0,356.0,356.0
1.0,4379.0,1086.0,1070.0,981.0,1076.0,719.0,159.0,198.0,357.0,357.0,356.0,358.0,366.0,362.0,1424.0,1992.0,963.0,719.0,159.0,198.0,357.0,357.0,356.0
1.0,4274.0,1088.0,1071.0,1082.0,1603.0,1082.0,521.0,0.0,357.0,357.0,357.0,363.0,362.0,363.0,1066.0,1626.0,1582.0,1082.0,521.0,0.0,357.0,357.0,357.0
1.0,4268.0,1091.0,1072.0,1173.0,1980.0,1090.0,890.0,0.0,357.0,358.0,357.0,364.0,364.0,363.0,703.0,1264.0,2301.0,1090.0,890.0,0.0,357.0,358.0,357.0
1.0,4350.0,1090.0,1072.0,1076.0,1833.0,735.0,1098.0,0.0,357.0,358.0,357.0,364.0,367.0,359.0,695.0,900.0,2755.0,735.0,1098.0,0.0,357.0,358.0,357.0
1.0,4336.0,1082.0,1073.0,1603.0,957.0,21.0,936.0,0.0,358.0,358.0,357.0,363.0,359.0,360.0,1050.0,692.0,2594.0,21.0,936.0,0.0,358.0,358.0,357.0
1.0,4857.0,1083.0,1073.0,1980.0,405.0,0.0,405.0,0.0,358.0,358.0,357.0,365.0,359.0,359.0,1769.0,854.0,2234.0,0.0,405.0,0.0,358.0,358.0,357.0
1.0,5754.0,1087.0,1074.0,1833.0,276.0,0.0,0.0,276.0,358.0,358.0,358.0,364.0,362.0,361.0,2494.0,1385.0,1875.0,0.0,0.0,276.0,358.0,358.0,358.0
1.0,6500.0,1101.0,1074.0,957.0,642.0,0.0,0.0,642.0,358.0,358.0,358.0,368.0,367.0,366.0,2865.0,2121.0,1514.0,0.0,0.0,642.0,358.0,358.0,358.0
1.0,6356.0,1102.0,1076.0,405.0,1009.0,0.0,0.0,1009.0,359.0,359.0,358.0,368.0,367.0,367.0,2518.0,2690.0,1148.0,0.0,0.0,1009.0,359.0,359.0,358.0
1.0,5659.0,1101.0,1076.0,276.0,1113.0,9.0,0.0,1104.0,359.0,359.0,358.0,364.0,366.0,371.0,2150.0,2728.0,781.0,9.0,0.0,1104.0,359.0,359.0,358.0
1.0,4834.0,1094.0,1077.0,642.0,1206.0,372.0,0.0,834.0,359.0,359.0,359.0,363.0,364.0,367.0,1786.0,2362.0,686.0,372.0,0.0,834.0,359.0,359.0,359.0
1.0,4382.0,1086.0,1077.0,1009.0,1080.0,733.0,159.0,188.0,359.0,359.0,359.0,361.0,362.0,363.0,1423.0,1998.0,961.0,733.0,159.0,188.0,359.0,359.0,359.0
1.0,4305.0,1077.0,1078.0,1113.0,1609.0,1085.0,524.0,0.0,359.0,360.0,359.0,361.0,360.0,356.0,1062.0,1636.0,1607.0,1085.0,524.0,0.0,359.0,360.0,359.0
1.0,4341.0,1080.0,1078.0,1206.0,1960.0,1076.0,884.0,0.0,359.0,360.0,359.0,363.0,360.0,357.0,710.0,1276.0,2355.0,1076.0,884.0,0.0,359.0,360.0,359.0
1.0,4467.0,1099.0,1079.0,1080.0,1809.0,718.0,1091.0,0.0,360.0,360.0,359.0,370.0,366.0,363.0,719.0,916.0,2832.0,718.0,1091.0,0.0,360.0,360.0,359.0
1.0,4448.0,1103.0,1080.0,1609.0,938.0,0.0,938.0,0.0,360.0,360.0,360.0,367.0,371.0,365.0,1082.0,709.0,2657.0,0.0,938.0,0.0,360.0,360.0,360.0
1.0,4954.0,1110.0,1081.0,1960.0,430.0,0.0,430.0,0.0,360.0,361.0,360.0,369.0,371.0,370.0,1800.0,862.0,2292.0,0.0,430.0,0.0,360.0,361.0,360.0
1.0,5804.0,1102.0,1082.0,1809.0,247.0,0.0,0.0,247.0,361.0,361.0,360.0,362.0,371.0,369.0,2507.0,1375.0,1922.0,0.0,0.0,247.0,361.0,361.0,360.0
1.0,6511.0,1078.0,1081.0,938.0,607.0,0.0,0.0,607.0,360.0,361.0,360.0,358.0,360.0,360.0,2863.0,2095.0,1553.0,0.0,0.0,607.0,360.0,361.0,360.0
1.0,6371.0,1080.0,1082.0,430.0,970.0,0.0,0.0,970.0,361.0,361.0,360.0,360.0,357.0,363.0,2505.0,2673.0,1193.0,0.0,0.0,970.0,361.0,361.0,360.0
1.0,5721.0,1089.0,1082.0,247.0,1110.0,24.0,0.0,1086.0,361.0,361.0,360.0,364.0,362.0,363.0,2145.0,2746.0,830.0,24.0,0.0,1086.0,361.0,361.0,360.0
1.0,4879.0,1099.0,1083.0,607.0,1244.0,392.0,0.0,852.0,361.0,361.0,361.0,368.0,363.0,368.0,1781.0,2384.0,714.0,392.0,0.0,852.0,361.0,361.0,361.0
1.0,4387.0,1113.0,1084.0,970.0,1176.0,766.0,160.0,250.0,361.0,362.0,361.0,374.0,371.0,368.0,1413.0,2021.0,953.0,766.0,160.0,250.0,361.0,362.0,361.0
1.0,4244.0,1115.0,1085.0,1110.0,1652.0,1120.0,532.0,0.0,362.0,362.0,361.0,373.0,372.0,370.0,1039.0,1650.0,1555.0,1120.0,532.0,0.0,362.0,362.0,361.0
1.0,4239.0,1104.0,1086.0,1244.0,1996.0,1093.0,903.0,0.0,362.0,362.0,362.0,365.0,371.0,368.0,690.0,1278.0,2271.0,1093.0,903.0,0.0,362.0,362.0,362.0
1.0,4379.0,1103.0,1086.0,1176.0,1806.0,693.0,1113.0,0.0,362.0,362.0,362.0,366.0,370.0,367.0,717.0,907.0,2755.0,693.0,1113.0,0.0,362.0,362.0,362.0
1.0,4452.0,1090.0,1087.0,1652.0,949.0,0.0,949.0,0.0,362.0,363.0,362.0,365.0,363.0,362.0,1117.0,697.0,2638.0,0.0,949.0,0.0,362.0,363.0,362.0
1.0,5014.0,1099.0,1087.0,1996.0,410.0,0.0,410.0,0.0,362.0,363.0,362.0,367.0,364.0,368.0,1872.0,866.0,2276.0,0.0,410.0,0.0,362.0,363.0,362.0
1.0,5911.0,1102.0,1087.0,1806.0,270.0,0.0,0.0,270.0,362.0,363.0,362.0,365.0,369.0,368.0,2598.0,1405.0,1908.0,0.0,0.0,270.0,362.0,363.0,362.0
1.0,6615.0,1111.0,1088.0,949.0,641.0,0.0,0.0,641.0,363.0,363.0,362.0,374.0,366.0,371.0,2926.0,2149.0,1540.0,0.0,0.0,641.0,363.0,363.0,362.0
1.0,6453.0,1114.0,1089.0,410.0,1017.0,0.0,0.0,1017.0,363.0,363.0,363.0,373.0,370.0,371.0,2552.0,2732.0,1169.0,0.0,0.0,1017.0,363.0,363.0,363.0
1.0,5749.0,1106.0,1089.0,270.0,1123.0,7.0,0.0,1116.0,363.0,363.0,363.0,371.0,366.0,369.0,2179.0,2772.0,798.0,7.0,0.0,1116.0,363.0,363.0,363.0
1.0,4913.0,1097.0,1089.0,641.0,1210.0,372.0,0.0,838.0,363.0,363.0,363.0,365.0,369.0,363.0,1808.0,2406.0,699.0,372.0,0.0,838.0,363.0,363.0,363.0
1.0,4457.0,1092.0,1090.0,1017.0,1068.0,736.0,148.0,184.0,363.0,364.0,363.0,364.0,365.0,363.0,1443.0,2037.0,977.0,736.0,148.0,184.0,363.0,364.0,363.0
1.0,4382.0,1093.0,1091.0,1123.0,1610.0,1099.0,511.0,0.0,364.0,364.0,363.0,365.0,363.0,365.0,1079.0,1672.0,1631.0,1099.0,511.0,0.0,364.0,364.0,363.0
1.0,4412.0,1106.0,1091.0,1210.0,1977.0,1094.0,883.0,0.0,364.0,364.0,363.0,367.0,372.0,367.0,721.0,1309.0,2382.0,1094.0,883.0,0.0,364.0,364.0,363.0
1.0,4516.0,1111.0,1092.0,1068.0,1835.0,730.0,1105.0,0.0,364.0,364.0,364.0,372.0,370.0,369.0,726.0,937.0,2853.0,730.0,1105.0,0.0,364.0,364.0,364.0
1.0,4473.0,1123.0,1093.0,1610.0,979.0,6.0,973.0,0.0,364.0,365.0,364.0,375.0,374.0,374.0,1090.0,715.0,2668.0,6.0,973.0,0.0,364.0,365.0,364.0
1.0,4960.0,1113.0,1094.0,1977.0,460.0,0.0,460.0,0.0,365.0,365.0,364.0,372.0,370.0,371.0,1814.0,852.0,2294.0,0.0,460.0,0.0,365.0,365.0,364.0
1.0,5824.0,1099.0,1094.0,1835.0,264.0,0.0,0.0,264.0,365.0,365.0,364.0,367.0,365.0,367.0,2536.0,1365.0,1923.0,0.0,0.0,264.0,365.0,365.0,364.0
1.0,6560.0,1095.0,1094.0,979.0,632.0,0.0,0.0,632.0,365.0,365.0,364.0,365.0,362.0,368.0,2899.0,2105.0,1556.0,0.0,0.0,632.0,365.0,365.0,364.0
1.0,6444.0,1096.0,1094.0,460.0,997.0,0.0,0.0,997.0,365.0,365.0,364.0,363.0,368.0,365.0,2540.0,2716.0,1188.0,0.0,0.0,997.0,365.0,365.0,364.0
1.0,5808.0,1117.0,1094.0,264.0,1128.0,23.0,0.0,1105.0,365.0,365.0,364.0,375.0,370.0,372.0,2177.0,2808.0,823.0,23.0,0.0,1105.0,365.0,365.0,364.0
1.0,4955.0,1119.0,1095.0,632.0,1246.0,396.0,0.0,850.0,365.0,365.0,365.0,373.0,374.0,372.0,1802.0,2438.0,715.0,396.0,0.0,850.0,365.0,365.0,365.0
1.0,4468.0,1112.0,1097.0,997.0,1132.0,775.0,138.0,219.0,366.0,366.0,365.0,374.0,372.0,366.0,1429.0,2064.0,975.0,775.0,138.0,219.0,366.0,366.0,365.0
1.0,4353.0,1120.0,1097.0,1128.0,1640.0,1126.0,514.0,0.0,366.0,366.0,365.0,374.0,376.0,370.0,1055.0,1692.0,1606.0,1126.0,514.0,0.0,366.0,366.0,365.0
1.0,4361.0,1095.0,1097.0,1246.0,1976.0,1098.0,878.0,0.0,366.0,366.0,365.0,368.0,364.0,363.0,704.0,1316.0,2341.0,1098.0,878.0,0.0,366.0,366.0,365.0
1.0,4512.0,1099.0,1097.0,1132.0,1795.0,691.0,1104.0,0.0,366.0,366.0,365.0,368.0,364.0,367.0,732.0,952.0,2828.0,691.0,1104.0,0.0,366.0,366.0,365.0
1.0,4545.0,1095.0,1097.0,1640.0,956.0,0.0,956.0,0.0,366.0,366.0,365.0,363.0,366.0,366.0,1139.0,726.0,2680.0,0.0,956.0,0.0,366.0,366.0,365.0
1.0,5090.0,1113.0,1099.0,1976.0,445.0,0.0,445.0,0.0,367.0,366.0,366.0,373.0,367.0,373.0,1902.0,874.0,2314.0,0.0,445.0,0.0,367.0,366.0,366.0
1.0,5953.0,1129.0,1099.0,1795.0,269.0,0.0,0.0,269.0,367.0,366.0,366.0,373.0,376.0,380.0,2627.0,1385.0,1941.0,0.0,0.0,269.0,367.0,366.0,366.0
1.0,6619.0,1128.0,1100.0,956.0,642.0,0.0,0.0,642.0,367.0,367.0,366.0,377.0,378.0,373.0,2945.0,2113.0,1561.0,0.0,0.0,642.0,367.0,367.0,366.0
1.0,6447.0,1119.0,1101.0,445.0,1011.0,0.0,0.0,1011.0,368.0,367.0,366.0,375.0,375.0,369.0,2568.0,2691.0,1188.0,0.0,0.0,1011.0,368.0,367.0,366.0
1.0,5773.0,1118.0,1102.0,269.0,1138.0,20.0,0.0,1118.0,368.0,367.0,367.0,373.0,374.0,371.0,2193.0,2761.0,819.0,20.0,0.0,1118.0,368.0,367.0,367.0
1.0,4924.0,1102.0,1102.0,642.0,1230.0,391.0,0.0,839.0,368.0,367.0,367.0,371.0,368.0,363.0,1820.0,2387.0,717.0,391.0,0.0,839.0,368.0,367.0,367.0
1.0,4464.0,1107.0,1102.0,1011.0,1142.0,764.0,184.0,194.0,368.0,367.0,367.0,373.0,368.0,366.0,1449.0,2019.0,996.0,764.0,184.0,194.0,368.0,367.0,367.0
1.0,4368.0,1114.0,1103.0,1138.0,1676.0,1117.0,559.0,0.0,368.0,368.0,367.0,373.0,370.0,371.0,1076.0,1651.0,1641.0,1117.0,559.0,0.0,368.0,368.0,367.0
1.0,4392.0,1123.0,1103.0,1230.0,2034.0,1100.0,934.0,0.0,368.0,368.0,367.0,374.0,375.0,374.0,723.0,1281.0,2388.0,1100.0,934.0,0.0,368.0,368.0,367.0
1.0,4499.0,1136.0,1105.0,1142.0,1847.0,719.0,1128.0,0.0,369.0,368.0,368.0,378.0,378.0,380.0,740.0,906.0,2853.0,719.0,1128.0,0.0,369.0,368.0,368.0
1.0,4505.0,1137.0,1105.0,1676.0,942.0,0.0,942.0,0.0,369.0,368.0,368.0,383.0,373.0,381.0,1126.0,712.0,2667.0,0.0,942.0,0.0,369.0,368.0,368.0
1.0,5044.0,1125.0,1105.0,2034.0,382.0,0.0,382.0,0.0,369.0,368.0,368.0,374.0,374.0,377.0,1860.0,898.0,2286.0,0.0,382.0,0.0,369.0,368.0,368.0
1.0,5953.0,1120.0,1105.0,1847.0,306.0,0.0,0.0,306.0,369.0,368.0,368.0,373.0,372.0,375.0,2586.0,1458.0,1909.0,0.0,0.0,306.0,369.0,368.0,368.0
1.0,6680.0,1117.0,1106.0,942.0,680.0,0.0,0.0,680.0,369.0,369.0,368.0,371.0,372.0,374.0,2932.0,2214.0,1534.0,0.0,0.0,680.0,369.0,369.0,368.0
1.0,6505.0,1121.0,1108.0,382.0,1058.0,0.0,0.0,1058.0,370.0,369.0,369.0,374.0,374.0,373.0,2561.0,2784.0,1160.0,0.0,0.0,1058.0,370.0,369.0,369.0
1.0,5766.0,1124.0,1108.0,306.0,1162.0,36.0,0.0,1126.0,370.0,369.0,369.0,373.0,377.0,374.0,2187.0,2792.0,787.0,36.0,0.0,1126.0,370.0,369.0,369.0
1.0,4948.0,1127.0,1108.0,680.0,1234.0,410.0,0.0,824.0,370.0,369.0,369.0,374.0,375.0,378.0,1814.0,2415.0,719.0,410.0,0.0,824.0,370.0,369.0,369.0
1.0,4501.0,1126.0,1110.0,1058.0,1117.0,784.0,186.0,147.0,370.0,370.0,370.0,374.0,376.0,376.0,1440.0,2040.0,1021.0,784.0,186.0,147.0,370.0,370.0,370.0
1.0,4433.0,1124.0,1110.0,1162.0,1684.0,1123.0,561.0,0.0,370.0,370.0,370.0,375.0,375.0,374.0,1066.0,1664.0,1703.0,1123.0,561.0,0.0,370.0,370.0,370.0
1.0,4471.0,1116.0,1110.0,1234.0,2022.0,1089.0,933.0,0.0,370.0,370.0,370.0,376.0,372.0,368.0,727.0,1289.0,2455.0,1089.0,933.0,0.0,370.0,370.0,370.0
1.0,4589.0,1118.0,1111.0,1117.0,1803.0,684.0,1119.0,0.0,371.0,370.0,370.0,374.0,372.0,372.0,761.0,917.0,2911.0,684.0,1119.0,0.0,371.0,370.0,370.0
1.0,4588.0,1140.0,1111.0,1684.0,941.0,0.0,941.0,0.0,371.0,370.0,370.0,377.0,383.0,380.0,1171.0,731.0,2686.0,0.0,941.0,0.0,371.0,370.0,370.0
1.0,5132.0,1142.0,1113.0,2022.0,396.0,0.0,396.0,0.0,371.0,371.0,371.0,375.0,383.0,384.0,1917.0,909.0,2306.0,0.0,396.0,0.0,371.0,371.0,371.0
1.0,6012.0,1140.0,1114.0,1803.0,311.0,0.0,0.0,311.0,372.0,371.0,371.0,381.0,381.0,378.0,2631.0,1459.0,1922.0,0.0,0.0,311.0,372.0,371.0,371.0
1.0,6675.0,1139.0,1114.0,941.0,689.0,0.0,0.0,689.0,372.0,371.0,371.0,382.0,379.0,378.0,2934.0,2197.0,1544.0,0.0,0.0,689.0,372.0,371.0,371.0
1.0,6477.0,1119.0,1114.0,396.0,1061.0,0.0,0.0,1061.0,372.0,371.0,371.0,375.0,372.0,372.0,2552.0,2759.0,1166.0,0.0,0.0,1061.0,372.0,371.0,371.0
1.0,5754.0,1116.0,1114.0,311.0,1178.0,61.0,0.0,1117.0,372.0,371.0,371.0,378.0,371.0,367.0,2177.0,2783.0,794.0,61.0,0.0,1117.0,372.0,371.0,371.0
1.0,4949.0,1116.0,1114.0,689.0,1234.0,434.0,0.0,800.0,372.0,371.0,371.0,373.0,371.0,372.0,1799.0,2412.0,738.0,434.0,0.0,800.0,372.0,371.0,371.0
1.0,4522.0,1134.0,1115.0,1061.0,1126.0,812.0,199.0,115.0,372.0,372.0,371.0,378.0,380.0,376.0,1426.0,2041.0,1055.0,812.0,199.0,115.0,372.0,372.0,371.0
1.0,4449.0,1141.0,1117.0,1178.0,1716.0,1137.0,579.0,0.0,373.0,372.0,372.0,381.0,380.0,380.0,1048.0,1661.0,1740.0,1137.0,579.0,0.0,373.0,372.0,372.0
1.0,4486.0,1150.0,1117.0,1234.0,2050.0,1082.0,968.0,0.0,373.0,372.0,372.0,379.0,389.0,382.0,728.0,1281.0,2477.0,1082.0,968.0,0.0,373.0,372.0,372.0
1.0,4570.0,1138.0,1118.0,1126.0,1801.0,647.0,1154.0,0.0,373.0,373.0,372.0,377.0,380.0,381.0,783.0,892.0,2895.0,647.0,1154.0,0.0,373.0,373.0,372.0
1.0,4558.0,1128.0,1118.0,1716.0,951.0,0.0,951.0,0.0,373.0,373.0,372.0,378.0,376.0,374.0,1218.0,711.0,2629.0,0.0,951.0,0.0,373.0,373.0,372.0
1.0,5146.0,1124.0,1118.0,2050.0,357.0,0.0,357.0,0.0,373.0,373.0,372.0,374.0,374.0,376.0,1977.0,914.0,2255.0,0.0,357.0,0.0,373.0,373.0,372.0
1.0,6072.0,1126.0,1118.0,1801.0,359.0,0.0,0.0,359.0,373.0,373.0,372.0,377.0,371.0,378.0,2685.0,1508.0,1879.0,0.0,0.0,359.0,373.0,373.0,372.0
1.0,6747.0,1129.0,1120.0,951.0,742.0,0.0,0.0,742.0,374.0,373.0,373.0,377.0,374.0,378.0,2955.0,2291.0,1501.0,0.0,0.0,742.0,374.0,373.0,373.0
1.0,6569.0,1136.0,1120.0,357.0,1120.0,0.0,0.0,1120.0,374.0,373.0,373.0,379.0,379.0,378.0,2578.0,2868.0,1123.0,0.0,0.0,1120.0,374.0,373.0,373.0
1.0,5790.0,1133.0,1121.0,359.0,1185.0,50.0,0.0,1135.0,374.0,374.0,373.0,379.0,380.0,374.0,2199.0,2846.0,745.0,50.0,0.0,1135.0,374.0,374.0,373.0
1.0,5016.0,1148.0,1121.0,742.0,1205.0,432.0,0.0,773.0,374.0,374.0,373.0,382.0,386.0,380.0,1820.0,2466.0,730.0,432.0,0.0,773.0,374.0,374.0,373.0
1.0,4610.0,1127.0,1123.0,1120.0,1012.0,812.0,167.0,33.0,375.0,374.0,374.0,375.0,377.0,375.0,1438.0,2080.0,1092.0,812.0,167.0,33.0,375.0,374.0,374.0
1.0,4603.0,1127.0,1122.0,1185.0,1673.0,1130.0,543.0,0.0,374.0,374.0,374.0,373.0,376.0,378.0,1063.0,1703.0,1837.0,1130.0,543.0,0.0,374.0,374.0,374.0
1.0,4661.0,1132.0,1123.0,1205.0,1998.0,1078.0,920.0,0.0,375.0,374.0,374.0,375.0,377.0,380.0,740.0,1327.0,2594.0,1078.0,920.0,0.0,375.0,374.0,374.0
1.0,4734.0,1135.0,1123.0,1012.0,1773.0,642.0,1131.0,0.0,375.0,374.0,374.0,376.0,378.0,381.0,797.0,950.0,2987.0,642.0,1131.0,0.0,375.0,374.0,374.0
1.0,4611.0,1147.0,1124.0,1673.0,973.0,0.0,973.0,0.0,375.0,375.0,374.0,383.0,380.0,384.0,1233.0,739.0,2639.0,0.0,973.0,0.0,375.0,375.0,374.0
1.0,5137.0,1154.0,1125.0,1998.0,444.0,0.0,439.0,5.0,375.0,375.0,375.0,383.0,386.0,385.0,1980.0,902.0,2255.0,0.0,439.0,5.0,375.0,375.0,375.0
1.0,5981.0,1137.0,1126.0,1773.0,385.0,0.0,0.0,385.0,376.0,375.0,375.0,378.0,379.0,380.0,2675.0,1436.0,1870.0,0.0,0.0,385.0,376.0,375.0,375.0
1.0,6617.0,1137.0,1126.0,973.0,763.0,0.0,0.0,763.0,376.0,375.0,375.0,379.0,380.0,378.0,2939.0,2188.0,1490.0,0.0,0.0,763.0,376.0,375.0,375.0
1.0,6453.0,1137.0,1127.0,444.0,1136.0,0.0,0.0,1136.0,376.0,376.0,375.0,379.0,380.0,378.0,2560.0,2781.0,1112.0,0.0,0.0,1136.0,376.0,376.0,375.0
1.0,5760.0,1142.0,1127.0,385.0,1209.0,82.0,0.0,1127.0,376.0,376.0,375.0,383.0,383.0,376.0,2181.0,2840.0,739.0,82.0,0.0,1127.0,376.0,376.0,375.0
1.0,5003.0,1153.0,1128.0,763.0,1217.0,467.0,0.0,750.0,376.0,376.0,376.0,385.0,387.0,381.0,1798.0,2457.0,748.0,467.0,0.0,750.0,376.0,376.0,376.0
1.0,4613.0,1156.0,1130.0,1136.0,1059.0,859.0,200.0,0.0,377.0,377.0,376.0,387.0,385.0,384.0,1413.0,2070.0,1130.0,859.0,200.0,0.0,377.0,377.0,376.0
1.0,4593.0,1153.0,1130.0,1209.0,1745.0,1160.0,585.0,0.0,377.0,377.0,376.0,383.0,385.0,385.0,1026.0,1685.0,1882.0,1160.0,585.0,0.0,377.0,377.0,376.0
1.0,4649.0,1141.0,1131.0,1217.0,2036.0,1071.0,965.0,0.0,377.0,377.0,377.0,378.0,380.0,383.0,725.0,1300.0,2624.0,1071.0,965.0,0.0,377.0,377.0,377.0
1.0,4725.0,1144.0,1131.0,1059.0,1737.0,592.0,1145.0,0.0,377.0,377.0,377.0,380.0,380.0,384.0,814.0,920.0,2991.0,592.0,1145.0,0.0,377.0,377.0,377.0
1.0,4640.0,1133.0,1131.0,1745.0,933.0,0.0,933.0,0.0,377.0,377.0,377.0,379.0,373.0,381.0,1293.0,740.0,2607.0,0.0,933.0,0.0,377.0,377.0,377.0
1.0,5252.0,1136.0,1131.0,2036.0,385.0,0.0,345.0,40.0,377.0,377.0,377.0,378.0,377.0,381.0,2074.0,952.0,2226.0,0.0,345.0,40.0,377.0,377.0,377.0
1.0,6152.0,1150.0,1132.0,1737.0,424.0,0.0,0.0,424.0,378.0,377.0,377.0,386.0,380.0,384.0,2767.0,1540.0,1845.0,0.0,0.0,424.0,378.0,377.0,377.0
1.0,6739.0,1156.0,1134.0,933.0,812.0,0.0,0.0,812.0,378.0,378.0,378.0,385.0,388.0,383.0,2973.0,2305.0,1461.0,0.0,0.0,812.0,378.0,378.0,378.0
1.0,6516.0,1163.0,1134.0,385.0,1158.0,0.0,0.0,1158.0,378.0,378.0,378.0,388.0,389.0,386.0,2588.0,2850.0,1078.0,0.0,0.0,1158.0,378.0,378.0,378.0
1.0,5738.0,1150.0,1134.0,424.0,1188.0,72.0,0.0,1116.0,378.0,378.0,378.0,382.0,386.0,382.0,2200.0,2806.0,732.0,72.0,0.0,1116.0,378.0,378.0,378.0
1.0,5012.0,1145.0,1135.0,812.0,1137.0,452.0,0.0,685.0,378.0,379.0,378.0,380.0,384.0,381.0,1818.0,2420.0,774.0,452.0,0.0,685.0,378.0,379.0,378.0
1.0,4679.0,1135.0,1135.0,1158.0,1067.0,828.0,239.0,0.0,378.0,379.0,378.0,376.0,380.0,379.0,1438.0,2036.0,1205.0,828.0,239.0,0.0,378.0,379.0,378.0
1.0,4702.0,1143.0,1135.0,1188.0,1756.0,1136.0,620.0,0.0,378.0,379.0,378.0,380.0,381.0,382.0,1062.0,1656.0,1984.0,1136.0,620.0,0.0,378.0,379.0,378.0
1.0,4747.0,1153.0,1137.0,1137.0,2078.0,1076.0,1002.0,0.0,379.0,379.0,379.0,387.0,382.0,384.0,754.0,1275.0,2718.0,1076.0,1002.0,0.0,379.0,379.0,379.0
1.0,4731.0,1161.0,1137.0,1067.0,1784.0,636.0,1148.0,0.0,379.0,379.0,379.0,388.0,385.0,388.0,819.0,893.0,3019.0,636.0,1148.0,0.0,379.0,379.0,379.0
1.0,4637.0,1164.0,1138.0,1756.0,919.0,0.0,919.0,0.0,379.0,380.0,379.0,388.0,386.0,390.0,1259.0,747.0,2631.0,0.0,919.0,0.0,379.0,380.0,379.0
1.0,5229.0,1164.0,1138.0,2078.0,346.0,0.0,305.0,41.0,379.0,380.0,379.0,389.0,388.0,387.0,2007.0,981.0,2241.0,0.0,305.0,41.0,379.0,380.0,379.0
1.0,6143.0,1160.0,1140.0,1784.0,432.0,0.0,0.0,432.0,380.0,380.0,380.0,388.0,386.0,386.0,2694.0,1595.0,1854.0,0.0,0.0,432.0,380.0,380.0,380.0
1.0,6767.0,1144.0,1140.0,919.0,812.0,0.0,0.0,812.0,380.0,380.0,380.0,380.0,384.0,380.0,2942.0,2357.0,1468.0,0.0,0.0,812.0,380.0,380.0,380.0
1.0,6542.0,1136.0,1140.0,346.0,1149.0,0.0,0.0,1149.0,380.0,380.0,380.0,374.0,384.0,378.0,2562.0,2892.0,1088.0,0.0,0.0,1149.0,380.0,380.0,380.0
1.0,5752.0,1151.0,1140.0,432.0,1195.0,95.0,0.0,1100.0,380.0,380.0,380.0,383.0,385.0,383.0,2188.0,2813.0,751.0,95.0,0.0,1100.0,380.0,380.0,380.0
1.0,5033.0,1169.0,1141.0,812.0,1160.0,481.0,0.0,679.0,380.0,381.0,380.0,386.0,392.0,391.0,1805.0,2428.0,800.0,481.0,0.0,679.0,380.0,381.0,380.0
1.0,4676.0,1166.0,1142.0,1149.0,1126.0,869.0,257.0,0.0,380.0,381.0,381.0,388.0,388.0,390.0,1419.0,2036.0,1221.0,869.0,257.0,0.0,380.0,381.0,381.0
1.0,4659.0,1174.0,1143.0,1195.0,1816.0,1168.0,648.0,0.0,381.0,381.0,381.0,389.0,391.0,394.0,1031.0,1648.0,1980.0,1168.0,648.0,0.0,381.0,381.0,381.0
1.0,4680.0,1164.0,1143.0,1160.0,2111.0,1077.0,1034.0,0.0,381.0,381.0,381.0,390.0,386.0,388.0,737.0,1257.0,2686.0,1077.0,1034.0,0.0,381.0,381.0,381.0
1.0,4676.0,1148.0,1143.0,1126.0,1745.0,588.0,1157.0,0.0,381.0,381.0,381.0,380.0,380.0,388.0,828.0,871.0,2977.0,588.0,1157.0,0.0,381.0,381.0,381.0
1.0,4654.0,1150.0,1143.0,1816.0,893.0,0.0,893.0,0.0,381.0,381.0,381.0,382.0,384.0,384.0,1317.0,748.0,2589.0,0.0,893.0,0.0,381.0,381.0,381.0
1.0,5320.0,1160.0,1145.0,2111.0,342.0,0.0,248.0,94.0,381.0,382.0,382.0,387.0,384.0,389.0,2103.0,1012.0,2205.0,0.0,248.0,94.0,381.0,382.0,382.0
1.0,6271.0,1159.0,1145.0,1745.0,479.0,0.0,0.0,479.0,381.0,382.0,382.0,387.0,387.0,385.0,2793.0,1662.0,1816.0,0.0,0.0,479.0,381.0,382.0,382.0
1.0,6857.0,1170.0,1146.0,893.0,866.0,0.0,0.0,866.0,382.0,382.0,382.0,393.0,390.0,387.0,2994.0,2432.0,1431.0,0.0,0.0,866.0,382.0,382.0,382.0
1.0,6580.0,1166.0,1146.0,342.0,1157.0,0.0,0.0,1157.0,382.0,382.0,382.0,393.0,388.0,385.0,2601.0,2935.0,1044.0,0.0,0.0,1157.0,382.0,382.0,382.0
1.0,5756.0,1158.0,1148.0,479.0,1158.0,92.0,0.0,1066.0,382.0,383.0,383.0,390.0,385.0,383.0,2208.0,2795.0,753.0,92.0,0.0,1066.0,382.0,383.0,383.0
1.0,5077.0,1156.0,1148.0,866.0,1061.0,475.0,0.0,586.0,382.0,383.0,383.0,383.0,387.0,386.0,1818.0,2410.0,849.0,475.0,0.0,586.0,382.0,383.0,383.0
1.0,4787.0,1151.0,1148.0,1157.0,1133.0,856.0,277.0,0.0,382.0,383.0,383.0,381.0,385.0,385.0,1435.0,2023.0,1329.0,856.0,277.0,0.0,382.0,383.0,383.0
1.0,4793.0,1165.0,1149.0,1158.0,1820.0,1155.0,665.0,0.0,383.0,383.0,383.0,386.0,388.0,391.0,1054.0,1638.0,2101.0,1155.0,665.0,0.0,383.0,383.0,383.0
1.0,4786.0,1175.0,1149.0,1061.0,2130.0,1070.0,1060.0,0.0,383.0,383.0,383.0,390.0,395.0,390.0,760.0,1250.0,2776.0,1070.0,1060.0,0.0,383.0,383.0,383.0
1.0,4672.0,1179.0,1151.0,1133.0,1791.0,610.0,1181.0,0.0,383.0,384.0,384.0,396.0,393.0,390.0,845.0,855.0,2972.0,610.0,1181.0,0.0,383.0,384.0,384.0
1.0,4626.0,1171.0,1151.0,1820.0,905.0,0.0,905.0,0.0,383.0,384.0,384.0,390.0,389.0,392.0,1305.0,739.0,2582.0,0.0,905.0,0.0,383.0,384.0,384.0
1.0,5275.0,1164.0,1152.0,2130.0,349.0,0.0,232.0,117.0,384.0,384.0,384.0,390.0,387.0,387.0,2070.0,1015.0,2190.0,0.0,232.0,117.0,384.0,384.0,384.0
1.0,6241.0,1156.0,1152.0,1791.0,500.0,0.0,0.0,500.0,384.0,384.0,384.0,387.0,386.0,383.0,2750.0,1688.0,1803.0,0.0,0.0,500.0,384.0,384.0,384.0
1.0,6876.0,1154.0,1152.0,905.0,886.0,0.0,0.0,886.0,384.0,384.0,384.0,383.0,385.0,386.0,2973.0,2483.0,1420.0,0.0,0.0,886.0,384.0,384.0,384.0
1.0,6627.0,1166.0,1153.0,349.0,1163.0,0.0,0.0,1163.0,384.0,384.0,385.0,391.0,386.0,389.0,2590.0,3003.0,1034.0,0.0,0.0,1163.0,384.0,384.0,385.0
1.0,5810.0,1183.0,1155.0,500.0,1178.0,122.0,0.0,1056.0,385.0,385.0,385.0,396.0,394.0,393.0,2199.0,2849.0,762.0,122.0,0.0,1056.0,385.0,385.0,385.0
1.0,5127.0,1186.0,1155.0,886.0,1079.0,514.0,0.0,565.0,385.0,385.0,385.0,392.0,399.0,395.0,1803.0,2455.0,869.0,514.0,0.0,565.0,385.0,385.0,385.0
1.0,4827.0,1185.0,1156.0,1163.0,1179.0,908.0,271.0,0.0,385.0,386.0,385.0,394.0,397.0,394.0,1411.0,2056.0,1360.0,908.0,271.0,0.0,385.0,386.0,385.0
1.0,4805.0,1175.0,1157.0,1178.0,1839.0,1175.0,664.0,0.0,385.0,386.0,386.0,389.0,393.0,393.0,1017.0,1659.0,2129.0,1175.0,664.0,0.0,385.0,386.0,386.0
1.0,4808.0,1166.0,1158.0,1079.0,2109.0,1057.0,1052.0,0.0,386.0,386.0,386.0,391.0,388.0,387.0,750.0,1266.0,2792.0,1057.0,1052.0,0.0,386.0,386.0,386.0
1.0,4721.0,1160.0,1158.0,1179.0,1699.0,540.0,1159.0,0.0,386.0,386.0,386.0,391.0,378.0,391.0,873.0,878.0,2970.0,540.0,1159.0,0.0,386.0,386.0,386.0
1.0,4740.0,1170.0,1158.0,1839.0,885.0,0.0,885.0,0.0,386.0,386.0,386.0,390.0,390.0,390.0,1390.0,771.0,2579.0,0.0,885.0,0.0,386.0,386.0,386.0
1.0,5409.0,1177.0,1158.0,2109.0,359.0,0.0,224.0,135.0,386.0,386.0,386.0,392.0,391.0,394.0,2175.0,1045.0,2189.0,0.0,224.0,135.0,386.0,386.0,386.0
1.0,6341.0,1180.0,1159.0,1699.0,530.0,0.0,0.0,530.0,386.0,386.0,387.0,395.0,395.0,390.0,2840.0,1706.0,1795.0,0.0,0.0,530.0,386.0,386.0,387.0
1.0,6860.0,1182.0,1161.0,885.0,921.0,0.0,0.0,921.0,387.0,387.0,387.0,396.0,395.0,391.0,2985.0,2470.0,1405.0,0.0,0.0,921.0,387.0,387.0,387.0
1.0,6563.0,1174.0,1161.0,359.0,1175.0,0.0,0.0,1175.0,387.0,387.0,387.0,393.0,392.0,389.0,2589.0,2960.0,1014.0,0.0,0.0,1175.0,387.0,387.0,387.0
1.0,5748.0,1169.0,1161.0,530.0,1162.0,129.0,0.0,1033.0,387.0,387.0,387.0,390.0,391.0,388.0,2196.0,2792.0,760.0,129.0,0.0,1033.0,387.0,387.0,387.0
1.0,5109.0,1171.0,1161.0,921.0,1020.0,521.0,0.0,499.0,387.0,387.0,387.0,392.0,392.0,387.0,1806.0,2401.0,902.0,521.0,0.0,499.0,387.0,387.0,387.0
1.0,4859.0,1182.0,1161.0,1175.0,1235.0,916.0,319.0,0.0,387.0,387.0,387.0,395.0,393.0,394.0,1414.0,2009.0,1436.0,916.0,319.0,0.0,387.0,387.0,387.0
1.0,4852.0,1186.0,1164.0,1162.0,1905.0,1188.0,717.0,0.0,388.0,388.0,388.0,396.0,393.0,397.0,1019.0,1616.0,2217.0,1188.0,717.0,0.0,388.0,388.0,388.0
1.0,4828.0,1186.0,1164.0,1020.0,2168.0,1060.0,1108.0,0.0,388.0,388.0,388.0,393.0,391.0,402.0,752.0,1223.0,2853.0,1060.0,1108.0,0.0,388.0,388.0,388.0
1.0,4662.0,1178.0,1164.0,1235.0,1718.0,538.0,1180.0,0.0,388.0,388.0,388.0,394.0,391.0,393.0,880.0,832.0,2950.0,538.0,1180.0,0.0,388.0,388.0,388.0
1.0,4719.0,1170.0,1164.0,1905.0,853.0,0.0,853.0,0.0,388.0,388.0,388.0,391.0,390.0,389.0,1402.0,760.0,2557.0,0.0,853.0,0.0,388.0,388.0,388.0
1.0,5454.0,1170.0,1164.0,2168.0,295.0,0.0,135.0,160.0,388.0,388.0,388.0,392.0,390.0,388.0,2199.0,1087.0,2168.0,0.0,135.0,160.0,388.0,388.0,388.0
1.0,6452.0,1175.0,1165.0,1718.0,549.0,0.0,0.0,549.0,389.0,388.0,388.0,393.0,393.0,389.0,2867.0,1805.0,1780.0,0.0,0.0,549.0,389.0,388.0,388.0
1.0,6995.0,1189.0,1167.0,853.0,948.0,0.0,0.0,948.0,389.0,389.0,389.0,398.0,397.0,394.0,3012.0,2592.0,1391.0,0.0,0.0,948.0,389.0,389.0,389.0
1.0,6659.0,1192.0,1167.0,295.0,1182.0,0.0,0.0,1182.0,389.0,389.0,389.0,397.0,401.0,394.0,2614.0,3048.0,997.0,0.0,0.0,1182.0,389.0,389.0,389.0
1.0,5762.0,1194.0,1168.0,549.0,1159.0,129.0,0.0,1030.0,390.0,389.0,389.0,396.0,401.0,397.0,2217.0,2782.0,763.0,129.0,0.0,1030.0,390.0,389.0,389.0
1.0,5117.0,1184.0,1169.0,948.0,1003.0,524.0,0.0,479.0,390.0,390.0,389.0,395.0,392.0,397.0,1821.0,2381.0,915.0,524.0,0.0,479.0,390.0,390.0,389.0
1.0,4881.0,1182.0,1170.0,1182.0,1271.0,920.0,351.0,0.0,390.0,390.0,390.0,396.0,390.0,396.0,1426.0,1989.0,1466.0,920.0,351.0,0.0,390.0,390.0,390.0
1.0,4881.0,1180.0,1170.0,1159.0,1925.0,1184.0,741.0,0.0,390.0,390.0,390.0,393.0,390.0,397.0,1030.0,1599.0,2252.0,1184.0,741.0,0.0,390.0,390.0,390.0
1.0,4860.0,1180.0,1170.0,1003.0,2188.0,1054.0,1134.0,0.0,390.0,390.0,390.0,394.0,393.0,393.0,766.0,1209.0,2885.0,1054.0,1134.0,0.0,390.0,390.0,390.0
1.0,4683.0,1188.0,1170.0,1271.0,1710.0,531.0,1179.0,0.0,390.0,390.0,390.0,397.0,396.0,395.0,896.0,816.0,2971.0,531.0,1179.0,0.0,390.0,390.0,390.0
1.0,4766.0,1201.0,1171.0,1925.0,839.0,0.0,839.0,0.0,391.0,390.0,390.0,400.0,401.0,400.0,1419.0,771.0,2576.0,0.0,839.0,0.0,391.0,390.0,390.0
1.0,5490.0,1194.0,1173.0,2188.0,285.0,0.0,111.0,174.0,391.0,391.0,391.0,398.0,401.0,395.0,2203.0,1111.0,2176.0,0.0,111.0,174.0,391.0,391.0,391.0
1.0,6484.0,1193.0,1173.0,1710.0,573.0,0.0,0.0,573.0,391.0,391.0,391.0,394.0,400.0,399.0,2859.0,1844.0,1781.0,0.0,0.0,573.0,391.0,391.0,391.0
1.0,7001.0,1186.0,1174.0,839.0,969.0,0.0,0.0,969.0,392.0,391.0,391.0,395.0,395.0,396.0,2996.0,2623.0,1382.0,0.0,0.0,969.0,392.0,391.0,391.0
1.0,6654.0,1179.0,1174.0,285.0,1190.0,0.0,0.0,1190.0,392.0,391.0,391.0,393.0,391.0,395.0,2601.0,3067.0,986.0,0.0,0.0,1190.0,392.0,391.0,391.0
1.0,5760.0,1180.0,1174.0,573.0,1158.0,148.0,0.0,1010.0,392.0,391.0,391.0,396.0,391.0,393.0,2208.0,2787.0,765.0,148.0,0.0,1010.0,392.0,391.0,391.0
1.0,5153.0,1204.0,1175.0,969.0,996.0,547.0,0.0,449.0,392.0,391.0,392.0,399.0,402.0,403.0,1812.0,2396.0,945.0,547.0,0.0,449.0,392.0,391.0,392.0
1.0,4918.0,1203.0,1176.0,1190.0,1314.0,951.0,363.0,0.0,392.0,392.0,392.0,404.0,397.0,402.0,1413.0,1994.0,1511.0,951.0,363.0,0.0,392.0,392.0,392.0
1.0,4905.0,1204.0,1177.0,1158.0,1971.0,1208.0,763.0,0.0,393.0,392.0,392.0,400.0,400.0,404.0,1009.0,1597.0,2299.0,1208.0,763.0,0.0,393.0,392.0,392.0
1.0,4859.0,1205.0,1178.0,996.0,2233.0,1059.0,1174.0,0.0,393.0,393.0,392.0,398.0,406.0,401.0,757.0,1197.0,2905.0,1059.0,1174.0,0.0,393.0,393.0,392.0
1.0,4650.0,1189.0,1179.0,1314.0,1715.0,503.0,1212.0,0.0,393.0,393.0,393.0,395.0,401.0,393.0,906.0,791.0,2953.0,503.0,1212.0,0.0,393.0,393.0,393.0
1.0,4775.0,1185.0,1179.0,1971.0,843.0,0.0,843.0,0.0,393.0,393.0,393.0,396.0,394.0,395.0,1462.0,753.0,2560.0,0.0,843.0,0.0,393.0,393.0,393.0
1.0,5561.0,1180.0,1179.0,2233.0,256.0,0.0,64.0,192.0,393.0,393.0,393.0,393.0,395.0,392.0,2274.0,1122.0,2165.0,0.0,64.0,192.0,393.0,393.0,393.0
1.0,6614.0,1190.0,1179.0,1715.0,588.0,0.0,0.0,588.0,393.0,393.0,393.0,400.0,394.0,396.0,2940.0,1901.0,1773.0,0.0,0.0,588.0,393.0,393.0,393.0
1.0,7139.0,1203.0,1180.0,843.0,990.0,0.0,0.0,990.0,394.0,393.0,393.0,402.0,399.0,402.0,3043.0,2719.0,1377.0,0.0,0.0,990.0,394.0,393.0,393.0
1.0,6779.0,1205.0,1182.0,256.0,1205.0,0.0,0.0,1205.0,394.0,394.0,394.0,404.0,399.0,402.0,2641.0,3163.0,975.0,0.0,0.0,1205.0,394.0,394.0,394.0
1.0,5830.0,1201.0,1182.0,588.0,1154.0,132.0,0.0,1022.0,394.0,394.0,394.0,399.0,397.0,405.0,2237.0,2828.0,765.0,132.0,0.0,1022.0,394.0,394.0,394.0
1.0,5217.0,1198.0,1183.0,990.0,966.0,534.0,0.0,432.0,395.0,394.0,394.0,397.0,401.0,400.0,1838.0,2431.0,948.0,534.0,0.0,432.0,395.0,394.0,394.0
1.0,5009.0,1187.0,1183.0,1205.0,1266.0,929.0,337.0,0.0,395.0,394.0,394.0,395.0,397.0,395.0,1441.0,2030.0,1538.0,929.0,337.0,0.0,395.0,394.0,394.0
1.0,5027.0,1189.0,1183.0,1154.0,1926.0,1192.0,734.0,0.0,395.0,394.0,394.0,395.0,397.0,397.0,1046.0,1633.0,2348.0,1192.0,734.0,0.0,395.0,394.0,394.0
1.0,4992.0,1196.0,1184.0,966.0,2191.0,1058.0,1133.0,0.0,395.0,394.0,395.0,400.0,399.0,397.0,783.0,1236.0,2973.0,1058.0,1133.0,0.0,395.0,394.0,395.0
1.0,4762.0,1213.0,1185.0,1266.0,1739.0,532.0,1207.0,0.0,395.0,395.0,395.0,403.0,406.0,404.0,917.0,837.0,3008.0,532.0,1207.0,0.0,395.0,395.0,395.0
1.0,4815.0,1203.0,1186.0,1926.0,872.0,0.0,872.0,0.0,396.0,395.0,395.0,400.0,399.0,404.0,1443.0,768.0,2604.0,0.0,872.0,0.0,396.0,395.0,395.0
1.0,5538.0,1201.0,1187.0,2191.0,318.0,0.0,138.0,180.0,396.0,395.0,396.0,402.0,399.0,400.0,2235.0,1103.0,2200.0,0.0,138.0,180.0,396.0,395.0,396.0
1.0,6528.0,1192.0,1187.0,1739.0,577.0,0.0,0.0,577.0,396.0,395.0,396.0,398.0,397.0,397.0,2891.0,1837.0,1800.0,0.0,0.0,577.0,396.0,395.0,396.0
1.0,7075.0,1187.0,1187.0,872.0,975.0,0.0,0.0,975.0,396.0,395.0,396.0,394.0,395.0,398.0,3025.0,2647.0,1403.0,0.0,0.0,975.0,396.0,395.0,396.0
1.0,6760.0,1193.0,1187.0,318.0,1194.0,0.0,0.0,1194.0,396.0,395.0,396.0,398.0,396.0,399.0,2631.0,3124.0,1005.0,0.0,0.0,1194.0,396.0,395.0,396.0
1.0,5885.0,1209.0,1188.0,577.0,1169.0,149.0,0.0,1020.0,396.0,396.0,396.0,402.0,404.0,403.0,2233.0,2866.0,786.0,149.0,0.0,1020.0,396.0,396.0,396.0
1.0,5253.0,1219.0,1188.0,975.0,1010.0,554.0,0.0,456.0,396.0,396.0,396.0,405.0,403.0,411.0,1831.0,2462.0,960.0,554.0,0.0,456.0,396.0,396.0,396.0
1.0,5009.0,1225.0,1190.0,1194.0,1297.0,968.0,329.0,0.0,397.0,396.0,397.0,409.0,408.0,408.0,1426.0,2059.0,1524.0,968.0,329.0,0.0,397.0,396.0,397.0
1.0,4978.0,1207.0,1191.0,1169.0,1960.0,1222.0,738.0,0.0,397.0,397.0,397.0,403.0,404.0,400.0,1017.0,1651.0,2310.0,1222.0,738.0,0.0,397.0,397.0,397.0
1.0,4940.0,1202.0,1191.0,1010.0,2207.0,1068.0,1139.0,0.0,397.0,397.0,397.0,400.0,401.0,401.0,763.0,1247.0,2930.0,1068.0,1139.0,0.0,397.0,397.0,397.0
1.0,4748.0,1189.0,1191.0,1297.0,1701.0,496.0,1205.0,0.0,397.0,397.0,397.0,396.0,395.0,398.0,917.0,846.0,2985.0,496.0,1205.0,0.0,397.0,397.0,397.0
1.0,4856.0,1191.0,1191.0,1960.0,862.0,0.0,862.0,0.0,397.0,397.0,397.0,397.0,395.0,399.0,1489.0,780.0,2587.0,0.0,862.0,0.0,397.0,397.0,397.0
1.0,5625.0,1205.0,1192.0,2207.0,329.0,0.0,124.0,205.0,397.0,397.0,398.0,401.0,401.0,403.0,2314.0,1123.0,2188.0,0.0,124.0,205.0,397.0,397.0,398.0
1.0,6627.0,1217.0,1193.0,1701.0,608.0,0.0,0.0,608.0,398.0,397.0,398.0,405.0,409.0,403.0,2981.0,1861.0,1785.0,0.0,0.0,608.0,398.0,397.0,398.0
1.0,7111.0,1221.0,1194.0,862.0,1017.0,0.0,0.0,1017.0,398.0,398.0,398.0,407.0,405.0,409.0,3072.0,2657.0,1382.0,0.0,0.0,1017.0,398.0,398.0,398.0
1.0,6752.0,1221.0,1195.0,329.0,1225.0,0.0,0.0,1225.0,398.0,398.0,399.0,407.0,406.0,408.0,2665.0,3114.0,973.0,0.0,0.0,1225.0,398.0,398.0,399.0
1.0,5860.0,1217.0,1195.0,608.0,1155.0,134.0,0.0,1021.0,398.0,398.0,399.0,402.0,411.0,404.0,2258.0,2832.0,770.0,134.0,0.0,1021.0,398.0,398.0,399.0
1.0,5251.0,1209.0,1195.0,1017.0,944.0,537.0,0.0,407.0,398.0,398.0,399.0,403.0,403.0,403.0,1856.0,2421.0,974.0,537.0,0.0,407.0,398.0,398.0,399.0
1.0,5059.0,1201.0,1197.0,1225.0,1320.0,940.0,380.0,0.0,399.0,399.0,399.0,398.0,403.0,400.0,1453.0,2018.0,1588.0,940.0,380.0,0.0,399.0,399.0,399.0
1.0,5083.0,1207.0,1197.0,1155.0,1991.0,1209.0,782.0,0.0,399.0,399.0,399.0,403.0,402.0,402.0,1055.0,1615.0,2413.0,1209.0,782.0,0.0,399.0,399.0,399.0
1.0,5031.0,1225.0,1198.0,944.0,2271.0,1080.0,1191.0,0.0,399.0,399.0,400.0,408.0,409.0,408.0,786.0,1213.0,3032.0,1080.0,1191.0,0.0,399.0,399.0,400.0
1.0,4750.0,1223.0,1199.0,1320.0,1772.0,548.0,1224.0,0.0,399.0,400.0,400.0,408.0,408.0,407.0,915.0,804.0,3031.0,548.0,1224.0,0.0,399.0,400.0,400.0
1.0,4847.0,1218.0,1200.0,1991.0,848.0,0.0,848.0,0.0,400.0,400.0,400.0,407.0,406.0,405.0,1447.0,776.0,2624.0,0.0,848.0,0.0,400.0,400.0,400.0
1.0,5620.0,1205.0,1200.0,2271.0,242.0,0.0,62.0,180.0,400.0,400.0,400.0,401.0,405.0,399.0,2249.0,1152.0,2219.0,0.0,62.0,180.0,400.0,400.0,400.0
1.0,6686.0,1207.0,1200.0,1772.0,584.0,0.0,0.0,584.0,400.0,400.0,400.0,401.0,402.0,404.0,2928.0,1938.0,1820.0,0.0,0.0,584.0,400.0,400.0,400.0
1.0,7251.0,1212.0,1200.0,848.0,987.0,0.0,0.0,987.0,400.0,400.0,400.0,405.0,404.0,403.0,3075.0,2760.0,1416.0,0.0,0.0,987.0,400.0,400.0,400.0
1.0,6887.0,1213.0,1201.0,242.0,1219.0,0.0,0.0,1219.0,400.0,400.0,401.0,403.0,403.0,407.0,2670.0,3204.0,1013.0,0.0,0.0,1219.0,400.0,400.0,401.0
1.0,5916.0,1227.0,1202.0,584.0,1183.0,142.0,0.0,1041.0,400.0,401.0,401.0,409.0,412.0,406.0,2267.0,2863.0,786.0,142.0,0.0,1041.0,400.0,401.0,401.0
1.0,5273.0,1222.0,1203.0,987.0,1019.0,557.0,0.0,462.0,401.0,401.0,401.0,410.0,404.0,408.0,1858.0,2451.0,964.0,557.0,0.0,462.0,401.0,401.0,401.0
1.0,5038.0,1229.0,1203.0,1219.0,1334.0,971.0,363.0,0.0,401.0,401.0,401.0,414.0,405.0,410.0,1448.0,2047.0,1543.0,971.0,363.0,0.0,401.0,401.0,401.0
1.0,5028.0,1219.0,1204.0,1183.0,2005.0,1240.0,765.0,0.0,401.0,401.0,402.0,411.0,402.0,406.0,1034.0,1642.0,2352.0,1240.0,765.0,0.0,401.0,401.0,402.0
1.0,4992.0,1208.0,1204.0,1019.0,2255.0,1088.0,1167.0,0.0,401.0,401.0,402.0,405.0,402.0,401.0,765.0,1240.0,2987.0,1088.0,1167.0,0.0,401.0,401.0,402.0
1.0,4803.0,1214.0,1205.0,1334.0,1740.0,530.0,1210.0,0.0,402.0,401.0,402.0,408.0,406.0,400.0,917.0,838.0,3048.0,530.0,1210.0,0.0,402.0,401.0,402.0
1.0,4923.0,1225.0,1206.0,2005.0,860.0,0.0,860.0,0.0,402.0,402.0,402.0,405.0,410.0,410.0,1480.0,795.0,2648.0,0.0,860.0,0.0,402.0,402.0,402.0
1.0,5703.0,1232.0,1206.0,2255.0,287.0,0.0,107.0,180.0,402.0,402.0,402.0,410.0,414.0,408.0,2315.0,1150.0,2238.0,0.0,107.0,180.0,402.0,402.0,402.0
1.0,6726.0,1232.0,1207.0,1740.0,597.0,0.0,0.0,597.0,402.0,402.0,403.0,411.0,409.0,412.0,2993.0,1903.0,1830.0,0.0,0.0,597.0,402.0,402.0,403.0
1.0,7234.0,1223.0,1208.0,860.0,1006.0,0.0,0.0,1006.0,403.0,402.0,403.0,407.0,407.0,409.0,3112.0,2704.0,1418.0,0.0,0.0,1006.0,403.0,402.0,403.0
1.0,6871.0,1218.0,1209.0,287.0,1232.0,0.0,0.0,1232.0,403.0,403.0,403.0,405.0,407.0,406.0,2705.0,3157.0,1009.0,0.0,0.0,1232.0,403.0,403.0,403.0
1.0,5940.0,1206.0,1209.0,597.0,1156.0,120.0,0.0,1036.0,403.0,403.0,403.0,405.0,400.0,401.0,2300.0,2857.0,783.0,120.0,0.0,1036.0,403.0,403.0,403.0
1.0,5331.0,1219.0,1209.0,1006.0,965.0,529.0,0.0,436.0,403.0,403.0,403.0,409.0,404.0,406.0,1895.0,2457.0,979.0,529.0,0.0,436.0,403.0,403.0,403.0
1.0,5118.0,1227.0,1209.0,1232.0,1308.0,940.0,368.0,0.0,403.0,403.0,403.0,411.0,406.0,410.0,1486.0,2053.0,1579.0,940.0,368.0,0.0,403.0,403.0,403.0
1.0,5123.0,1229.0,1209.0,1156.0,2009.0,1227.0,782.0,0.0,403.0,403.0,403.0,407.0,414.0,408.0,1075.0,1647.0,2401.0,1227.0,782.0,0.0,403.0,403.0,403.0
1.0,5050.0,1236.0,1211.0,965.0,2309.0,1114.0,1195.0,0.0,404.0,403.0,404.0,411.0,413.0,412.0,788.0,1233.0,3029.0,1114.0,1195.0,0.0,404.0,403.0,404.0
1.0,4779.0,1233.0,1212.0,1308.0,1830.0,584.0,1246.0,0.0,404.0,404.0,404.0,410.0,414.0,409.0,906.0,820.0,3053.0,584.0,1246.0,0.0,404.0,404.0,404.0
1.0,4854.0,1224.0,1212.0,2009.0,872.0,0.0,872.0,0.0,404.0,404.0,404.0,408.0,408.0,408.0,1436.0,774.0,2644.0,0.0,872.0,0.0,404.0,404.0,404.0
1.0,5639.0,1219.0,1212.0,2309.0,274.0,0.0,84.0,190.0,404.0,404.0,404.0,406.0,407.0,406.0,2255.0,1148.0,2236.0,0.0,84.0,190.0,404.0,404.0,404.0
1.0,6729.0,1213.0,1212.0,1830.0,593.0,0.0,0.0,593.0,404.0,404.0,404.0,404.0,406.0,403.0,2963.0,1936.0,1830.0,0.0,0.0,593.0,404.0,404.0,404.0
1.0,7346.0,1224.0,1212.0,872.0,1003.0,0.0,0.0,1003.0,404.0,404.0,404.0,406.0,408.0,410.0,3143.0,2776.0,1427.0,0.0,0.0,1003.0,404.0,404.0,404.0
1.0,6994.0,1227.0,1215.0,274.0,1228.0,0.0,0.0,1228.0,405.0,405.0,405.0,410.0,407.0,410.0,2737.0,3240.0,1017.0,0.0,0.0,1228.0,405.0,405.0,405.0
1.0,6041.0,1232.0,1215.0,593.0,1155.0,109.0,0.0,1046.0,405.0,405.0,405.0,411.0,410.0,411.0,2327.0,2917.0,797.0,109.0,0.0,1046.0,405.0,405.0,405.0
1.0,5402.0,1231.0,1215.0,1003.0,972.0,517.0,0.0,455.0,405.0,405.0,405.0,408.0,411.0,412.0,1916.0,2507.0,979.0,517.0,0.0,455.0,405.0,405.0,405.0
1.0,5174.0,1225.0,1215.0,1228.0,1263.0,927.0,336.0,0.0,405.0,405.0,405.0,410.0,407.0,408.0,1508.0,2096.0,1570.0,927.0,336.0,0.0,405.0,405.0,405.0
1.0,5177.0,1222.0,1215.0,1155.0,1969.0,1225.0,744.0,0.0,405.0,405.0,405.0,407.0,408.0,407.0,1098.0,1689.0,2390.0,1225.0,744.0,0.0,405.0,405.0,405.0
1.0,5110.0,1219.0,1216.0,972.0,2275.0,1122.0,1153.0,0.0,406.0,405.0,405.0,409.0,409.0,401.0,800.0,1281.0,3029.0,1122.0,1153.0,0.0,406.0,405.0,405.0
1.0,4863.0,1241.0,1218.0,1263.0,1842.0,609.0,1233.0,0.0,406.0,406.0,406.0,414.0,411.0,416.0,908.0,872.0,3083.0,609.0,1233.0,0.0,406.0,406.0,406.0
1.0,4885.0,1244.0,1218.0,1969.0,905.0,0.0,905.0,0.0,406.0,406.0,406.0,415.0,416.0,413.0,1421.0,797.0,2667.0,0.0,905.0,0.0,406.0,406.0,406.0
1.0,5610.0,1245.0,1219.0,2275.0,358.0,0.0,164.0,194.0,407.0,406.0,406.0,415.0,412.0,418.0,2231.0,1125.0,2254.0,0.0,164.0,194.0,407.0,406.0,406.0
1.0,6640.0,1236.0,1221.0,1842.0,615.0,0.0,0.0,615.0,407.0,407.0,407.0,409.0,411.0,416.0,2938.0,1866.0,1836.0,0.0,0.0,615.0,407.0,407.0,407.0
1.0,7246.0,1229.0,1221.0,905.0,1026.0,0.0,0.0,1026.0,407.0,407.0,407.0,409.0,409.0,411.0,3138.0,2688.0,1420.0,0.0,0.0,1026.0,407.0,407.0,407.0
1.0,6922.0,1218.0,1221.0,358.0,1239.0,0.0,0.0,1239.0,407.0,407.0,407.0,406.0,405.0,407.0,2729.0,3184.0,1009.0,0.0,0.0,1239.0,407.0,407.0,407.0
1.0,6062.0,1232.0,1221.0,615.0,1155.0,122.0,0.0,1033.0,407.0,407.0,407.0,410.0,413.0,409.0,2323.0,2943.0,796.0,122.0,0.0,1033.0,407.0,407.0,407.0
1.0,5445.0,1236.0,1221.0,1026.0,954.0,537.0,0.0,417.0,407.0,407.0,407.0,415.0,411.0,410.0,1913.0,2530.0,1002.0,537.0,0.0,417.0,407.0,407.0,407.0
1.0,5235.0,1247.0,1222.0,1239.0,1291.0,958.0,333.0,0.0,408.0,407.0,407.0,416.0,417.0,414.0,1498.0,2119.0,1618.0,958.0,333.0,0.0,408.0,407.0,407.0
1.0,5227.0,1249.0,1224.0,1155.0,2009.0,1254.0,755.0,0.0,408.0,408.0,408.0,418.0,417.0,414.0,1082.0,1702.0,2443.0,1254.0,755.0,0.0,408.0,408.0,408.0
1.0,5133.0,1242.0,1224.0,954.0,2300.0,1132.0,1168.0,0.0,408.0,408.0,408.0,415.0,413.0,414.0,786.0,1285.0,3062.0,1132.0,1168.0,0.0,408.0,408.0,408.0
1.0,4845.0,1226.0,1224.0,1291.0,1828.0,582.0,1246.0,0.0,408.0,408.0,408.0,408.0,411.0,407.0,908.0,872.0,3065.0,582.0,1246.0,0.0,408.0,408.0,408.0
1.0,4910.0,1224.0,1224.0,2009.0,895.0,0.0,895.0,0.0,408.0,408.0,408.0,410.0,404.0,410.0,1458.0,794.0,2658.0,0.0,895.0,0.0,408.0,408.0,408.0
1.0,5695.0,1229.0,1224.0,2300.0,338.0,0.0,137.0,201.0,408.0,408.0,408.0,410.0,410.0,409.0,2302.0,1145.0,2248.0,0.0,137.0,201.0,408.0,408.0,408.0
1.0,6766.0,1242.0,1225.0,1828.0,612.0,0.0,0.0,612.0,409.0,408.0,408.0,415.0,416.0,411.0,3024.0,1903.0,1839.0,0.0,0.0,612.0,409.0,408.0,408.0
1.0,7352.0,1253.0,1225.0,895.0,1033.0,0.0,0.0,1033.0,409.0,408.0,408.0,421.0,411.0,421.0,3191.0,2733.0,1428.0,0.0,0.0,1033.0,409.0,408.0,408.0
1.0,6994.0,1255.0,1227.0,338.0,1257.0,0.0,0.0,1257.0,409.0,409.0,409.0,418.0,417.0,420.0,2770.0,3217.0,1007.0,0.0,0.0,1257.0,409.0,409.0,409.0
1.0,6077.0,1256.0,1228.0,612.0,1178.0,116.0,0.0,1062.0,410.0,409.0,409.0,418.0,421.0,417.0,2352.0,2937.0,788.0,116.0,0.0,1062.0,410.0,409.0,409.0
1.0,5433.0,1232.0,1228.0,1033.0,965.0,526.0,0.0,439.0,410.0,409.0,409.0,410.0,412.0,410.0,1934.0,2516.0,983.0,526.0,0.0,439.0,410.0,409.0,409.0
1.0,5234.0,1227.0,1228.0,1257.0,1287.0,936.0,351.0,0.0,410.0,409.0,409.0,410.0,410.0,407.0,1524.0,2104.0,1606.0,936.0,351.0,0.0,410.0,409.0,409.0
1.0,5264.0,1234.0,1228.0,1178.0,1996.0,1234.0,762.0,0.0,410.0,409.0,409.0,414.0,411.0,409.0,1114.0,1694.0,2456.0,1234.0,762.0,0.0,410.0,409.0,409.0
1.0,5208.0,1244.0,1228.0,965.0,2303.0,1128.0,1175.0,0.0,410.0,409.0,409.0,420.0,413.0,411.0,816.0,1283.0,3109.0,1128.0,1175.0,0.0,410.0,409.0,409.0
1.0,4929.0,1256.0,1231.0,1287.0,1868.0,619.0,1249.0,0.0,411.0,410.0,410.0,422.0,420.0,414.0,922.0,870.0,3137.0,619.0,1249.0,0.0,411.0,410.0,410.0
1.0,4960.0,1264.0,1231.0,1996.0,909.0,0.0,909.0,0.0,411.0,410.0,410.0,424.0,422.0,418.0,1436.0,801.0,2723.0,0.0,909.0,0.0,411.0,410.0,410.0
1.0,5692.0,1267.0,1231.0,2303.0,322.0,0.0,156.0,166.0,411.0,410.0,410.0,424.0,422.0,421.0,2246.0,1141.0,2305.0,0.0,156.0,166.0,411.0,410.0,410.0
1.0,6728.0,1241.0,1232.0,1868.0,581.0,0.0,0.0,581.0,411.0,411.0,410.0,412.0,414.0,415.0,2950.0,1894.0,1884.0,0.0,0.0,581.0,411.0,411.0,410.0
1.0,7355.0,1231.0,1232.0,909.0,993.0,0.0,0.0,993.0,411.0,411.0,410.0,407.0,412.0,412.0,3157.0,2729.0,1469.0,0.0,0.0,993.0,411.0,411.0,410.0
1.0,7033.0,1241.0,1232.0,322.0,1243.0,0.0,0.0,1243.0,411.0,411.0,410.0,412.0,413.0,416.0,2750.0,3226.0,1057.0,0.0,0.0,1243.0,411.0,411.0,410.0
1.0,6114.0,1251.0,1233.0,581.0,1219.0,134.0,0.0,1085.0,411.0,411.0,411.0,417.0,416.0,418.0,2338.0,2969.0,807.0,134.0,0.0,1085.0,411.0,411.0,411.0
1.0,5444.0,1260.0,1235.0,993.0,1068.0,560.0,0.0,508.0,412.0,412.0,411.0,421.0,423.0,416.0,1921.0,2553.0,970.0,560.0,0.0,508.0,412.0,412.0,411.0
1.0,5177.0,1259.0,1235.0,1243.0,1332.0,983.0,349.0,0.0,412.0,412.0,411.0,423.0,419.0,417.0,1500.0,2130.0,1547.0,983.0,349.0,0.0,412.0,412.0,411.0
1.0,5161.0,1254.0,1235.0,1219.0,2037.0,1272.0,765.0,0.0,412.0,412.0,411.0,423.0,416.0,415.0,1077.0,1711.0,2373.0,1272.0,765.0,0.0,412.0,412.0,411.0
1.0,5126.0,1240.0,1237.0,1068.0,2309.0,1132.0,1177.0,0.0,413.0,412.0,412.0,415.0,412.0,413.0,788.0,1295.0,3043.0,1132.0,1177.0,0.0,413.0,412.0,412.0
1.0,4954.0,1239.0,1237.0,1332.0,1803.0,560.0,1243.0,0.0,413.0,412.0,412.0,411.0,415.0,413.0,933.0,883.0,3138.0,560.0,1243.0,0.0,413.0,412.0,412.0
1.0,5047.0,1240.0,1237.0,2037.0,891.0,0.0,891.0,0.0,413.0,412.0,412.0,410.0,413.0,417.0,1505.0,817.0,2725.0,0.0,891.0,0.0,413.0,412.0,412.0
1.0,5844.0,1266.0,1237.0,2309.0,312.0,0.0,137.0,175.0,413.0,412.0,412.0,420.0,423.0,423.0,2367.0,1169.0,2308.0,0.0,137.0,175.0,413.0,412.0,412.0
1.0,6887.0,1267.0,1238.0,1803.0,597.0,0.0,0.0,597.0,413.0,413.0,412.0,424.0,421.0,422.0,3079.0,1923.0,1885.0,0.0,0.0,597.0,413.0,413.0,412.0
1.0,7423.0,1266.0,1239.0,891.0,1023.0,0.0,0.0,1023.0,413.0,413.0,413.0,421.0,424.0,421.0,3215.0,2745.0,1463.0,0.0,0.0,1023.0,413.0,413.0,413.0
1.0,7048.0,1254.0,1240.0,312.0,1267.0,0.0,0.0,1267.0,414.0,413.0,413.0,416.0,419.0,419.0,2794.0,3212.0,1042.0,0.0,0.0,1267.0,414.0,413.0,413.0
1.0,6106.0,1250.0,1240.0,597.0,1196.0,109.0,0.0,1087.0,414.0,413.0,413.0,417.0,416.0,417.0,2378.0,2930.0,798.0,109.0,0.0,1087.0,414.0,413.0,413.0
1.0,5453.0,1244.0,1241.0,1023.0,1000.0,524.0,0.0,476.0,414.0,414.0,413.0,415.0,417.0,412.0,1961.0,2514.0,978.0,524.0,0.0,476.0,414.0,414.0,413.0
1.0,5232.0,1242.0,1241.0,1267.0,1326.0,939.0,387.0,0.0,414.0,414.0,413.0,415.0,414.0,413.0,1546.0,2097.0,1589.0,939.0,387.0,0.0,414.0,414.0,413.0
1.0,5257.0,1258.0,1241.0,1196.0,2058.0,1251.0,807.0,0.0,414.0,414.0,413.0,421.0,420.0,417.0,1131.0,1683.0,2443.0,1251.0,807.0,0.0,414.0,414.0,413.0
1.0,5195.0,1270.0,1242.0,1000.0,2378.0,1147.0,1231.0,0.0,414.0,414.0,414.0,420.0,424.0,426.0,819.0,1263.0,3113.0,1147.0,1231.0,0.0,414.0,414.0,414.0
1.0,4925.0,1272.0,1243.0,1326.0,1903.0,635.0,1268.0,0.0,415.0,414.0,414.0,422.0,424.0,426.0,923.0,839.0,3163.0,635.0,1268.0,0.0,415.0,414.0,414.0
1.0,4979.0,1266.0,1244.0,2058.0,889.0,0.0,889.0,0.0,415.0,415.0,414.0,421.0,423.0,422.0,1440.0,802.0,2737.0,0.0,889.0,0.0,415.0,415.0,414.0
1.0,5771.0,1255.0,1244.0,2378.0,248.0,0.0,76.0,172.0,415.0,415.0,414.0,420.0,418.0,417.0,2270.0,1186.0,2315.0,0.0,76.0,172.0,415.0,415.0,414.0
1.0,6894.0,1251.0,1245.0,1903.0,596.0,0.0,0.0,596.0,415.0,415.0,415.0,419.0,413.0,419.0,2997.0,1999.0,1898.0,0.0,0.0,596.0,415.0,415.0,415.0
1.0,7546.0,1252.0,1246.0,889.0,1015.0,0.0,0.0,1015.0,416.0,415.0,415.0,420.0,413.0,419.0,3213.0,2854.0,1479.0,0.0,0.0,1015.0,416.0,415.0,415.0
1.0,7183.0,1262.0,1246.0,248.0,1264.0,0.0,0.0,1264.0,416.0,415.0,415.0,422.0,419.0,421.0,2793.0,3330.0,1060.0,0.0,0.0,1264.0,416.0,415.0,415.0
1.0,6169.0,1267.0,1247.0,596.0,1220.0,131.0,0.0,1089.0,416.0,416.0,415.0,422.0,424.0,421.0,2371.0,2987.0,811.0,131.0,0.0,1089.0,416.0,416.0,415.0
1.0,5498.0,1280.0,1248.0,1015.0,1061.0,557.0,0.0,504.0,416.0,416.0,416.0,426.0,429.0,425.0,1949.0,2563.0,986.0,557.0,0.0,504.0,416.0,416.0,416.0
1.0,5233.0,1264.0,1249.0,1264.0,1356.0,985.0,371.0,0.0,417.0,416.0,416.0,423.0,425.0,416.0,1523.0,2134.0,1576.0,985.0,371.0,0.0,417.0,416.0,416.0
1.0,5233.0,1265.0,1249.0,1220.0,2071.0,1276.0,795.0,0.0,417.0,416.0,416.0,422.0,424.0,419.0,1100.0,1709.0,2424.0,1276.0,795.0,0.0,417.0,416.0,416.0
1.0,5188.0,1256.0,1250.0,1061.0,2357.0,1135.0,1222.0,0.0,417.0,417.0,416.0,416.0,422.0,418.0,809.0,1285.0,3094.0,1135.0,1222.0,0.0,417.0,417.0,416.0
1.0,4993.0,1258.0,1250.0,1356.0,1839.0,571.0,1268.0,0.0,417.0,417.0,416.0,421.0,417.0,420.0,950.0,863.0,3180.0,571.0,1268.0,0.0,417.0,417.0,416.0
1.0,5091.0,1268.0,1250.0,2071.0,895.0,0.0,895.0,0.0,417.0,417.0,416.0,420.0,422.0,426.0,1514.0,817.0,2760.0,0.0,895.0,0.0,417.0,417.0,416.0
1.0,5894.0,1274.0,1252.0,2357.0,273.0,0.0,97.0,176.0,418.0,417.0,417.0,425.0,424.0,425.0,2370.0,1190.0,2334.0,0.0,97.0,176.0,418.0,417.0,417.0
1.0,6977.0,1281.0,1253.0,1839.0,605.0,0.0,0.0,605.0,418.0,418.0,417.0,428.0,424.0,429.0,3080.0,1988.0,1909.0,0.0,0.0,605.0,418.0,418.0,417.0
1.0,7535.0,1272.0,1253.0,895.0,1030.0,0.0,0.0,1030.0,418.0,418.0,417.0,423.0,424.0,425.0,3223.0,2832.0,1480.0,0.0,0.0,1030.0,418.0,418.0,417.0
1.0,7158.0,1261.0,1253.0,273.0,1271.0,0.0,0.0,1271.0,418.0,418.0,417.0,418.0,426.0,417.0,2800.0,3303.0,1055.0,0.0,0.0,1271.0,418.0,418.0,417.0
1.0,6170.0,1265.0,1253.0,605.0,1217.0,130.0,0.0,1087.0,418.0,418.0,417.0,422.0,422.0,421.0,2382.0,2974.0,814.0,130.0,0.0,1087.0,418.0,418.0,417.0
1.0,5510.0,1264.0,1254.0,1030.0,1035.0,552.0,0.0,483.0,418.0,418.0,418.0,422.0,421.0,421.0,1960.0,2552.0,998.0,552.0,0.0,483.0,418.0,418.0,418.0
1.0,5276.0,1274.0,1255.0,1271.0,1366.0,981.0,385.0,0.0,419.0,418.0,418.0,424.0,426.0,424.0,1538.0,2131.0,1607.0,981.0,385.0,0.0,419.0,418.0,418.0
1.0,5273.0,1270.0,1256.0,1217.0,2087.0,1275.0,812.0,0.0,419.0,419.0,418.0,424.0,422.0,424.0,1114.0,1705.0,2454.0,1275.0,812.0,0.0,419.0,419.0,418.0
1.0,5220.0,1279.0,1257.0,1035.0,2387.0,1147.0,1240.0,0.0,419.0,419.0,419.0,424.0,428.0,427.0,820.0,1283.0,3117.0,1147.0,1240.0,0.0,419.0,419.0,419.0
1.0,4976.0,1281.0,1257.0,1366.0,1877.0,593.0,1284.0,0.0,419.0,419.0,419.0,427.0,429.0,425.0,948.0,855.0,3173.0,593.0,1284.0,0.0,419.0,419.0,419.0
1.0,5061.0,1270.0,1259.0,2087.0,900.0,0.0,900.0,0.0,420.0,420.0,419.0,423.0,423.0,424.0,1502.0,811.0,2748.0,0.0,900.0,0.0,420.0,420.0,419.0
1.0,5878.0,1264.0,1259.0,2387.0,273.0,0.0,81.0,192.0,420.0,420.0,419.0,422.0,421.0,421.0,2354.0,1200.0,2324.0,0.0,81.0,192.0,420.0,420.0,419.0
1.0,7001.0,1263.0,1259.0,1877.0,612.0,0.0,0.0,612.0,420.0,420.0,419.0,422.0,421.0,420.0,3079.0,2019.0,1903.0,0.0,0.0,612.0,420.0,420.0,419.0
1.0,7615.0,1279.0,1259.0,900.0,1038.0,0.0,0.0,1038.0,420.0,420.0,419.0,427.0,426.0,426.0,3250.0,2882.0,1483.0,0.0,0.0,1038.0,420.0,420.0,419.0
1.0,7236.0,1289.0,1260.0,273.0,1280.0,0.0,0.0,1280.0,420.0,420.0,420.0,427.0,433.0,429.0,2823.0,3356.0,1057.0,0.0,0.0,1280.0,420.0,420.0,420.0
1.0,6220.0,1282.0,1262.0,612.0,1229.0,135.0,0.0,1094.0,421.0,421.0,420.0,426.0,430.0,426.0,2396.0,3004.0,820.0,135.0,0.0,1094.0,421.0,421.0,420.0
1.0,5550.0,1274.0,1262.0,1038.0,1039.0,560.0,0.0,479.0,421.0,421.0,420.0,425.0,426.0,423.0,1970.0,2574.0,1006.0,560.0,0.0,479.0,421.0,421.0,420.0
1.0,5314.0,1268.0,1262.0,1280.0,1363.0,982.0,381.0,0.0,421.0,421.0,420.0,422.0,424.0,422.0,1545.0,2148.0,1621.0,982.0,381.0,0.0,421.0,421.0,420.0
1.0,5326.0,1260.0,1262.0,1229.0,2067.0,1268.0,799.0,0.0,421.0,421.0,420.0,421.0,418.0,421.0,1123.0,1724.0,2479.0,1268.0,799.0,0.0,421.0,421.0,420.0
1.0,5295.0,1273.0,1262.0,1039.0,2356.0,1133.0,1223.0,0.0,421.0,421.0,420.0,425.0,424.0,424.0,837.0,1306.0,3152.0,1133.0,1223.0,0.0,421.0,421.0,420.0
1.0,5061.0,1282.0,1263.0,1363.0,1846.0,579.0,1267.0,0.0,421.0,421.0,421.0,428.0,425.0,429.0,972.0,882.0,3207.0,579.0,1267.0,0.0,421.0,421.0,421.0
1.0,5142.0,1282.0,1264.0,2067.0,901.0,0.0,901.0,0.0,421.0,422.0,421.0,426.0,428.0,428.0,1526.0,838.0,2778.0,0.0,901.0,0.0,421.0,422.0,421.0
1.0,5927.0,1297.0,1265.0,2356.0,300.0,0.0,113.0,187.0,422.0,422.0,421.0,430.0,435.0,432.0,2368.0,1209.0,2350.0,0.0,113.0,187.0,422.0,422.0,421.0
1.0,6986.0,1295.0,1266.0,1846.0,623.0,0.0,0.0,623.0,422.0,422.0,422.0,430.0,434.0,431.0,3071.0,1997.0,1918.0,0.0,0.0,623.0,422.0,422.0,422.0
1.0,7537.0,1279.0,1266.0,901.0,1046.0,0.0,0.0,1046.0,422.0,422.0,422.0,427.0,429.0,423.0,3220.0,2830.0,1487.0,0.0,0.0,1046.0,422.0,422.0,422.0
1.0,7159.0,1269.0,1267.0,300.0,1280.0,0.0,0.0,1280.0,422.0,423.0,422.0,425.0,423.0,421.0,2793.0,3302.0,1064.0,0.0,0.0,1280.0,422.0,423.0,422.0
1.0,6190.0,1274.0,1267.0,623.0,1249.0,168.0,0.0,1081.0,422.0,423.0,422.0,426.0,424.0,424.0,2368.0,2992.0,830.0,168.0,0.0,1081.0,422.0,423.0,422.0
1.0,5539.0,1279.0,1267.0,1046.0,1058.0,598.0,0.0,460.0,422.0,423.0,422.0,430.0,424.0,425.0,1942.0,2568.0,1029.0,598.0,0.0,460.0,422.0,423.0,422.0
1.0,5306.0,1284.0,1268.0,1280.0,1431.0,1033.0,398.0,0.0,423.0,423.0,422.0,430.0,427.0,427.0,1512.0,2144.0,1650.0,1033.0,398.0,0.0,423.0,423.0,422.0
1.0,5302.0,1295.0,1269.0,1249.0,2123.0,1298.0,825.0,0.0,423.0,423.0,423.0,433.0,427.0,435.0,1082.0,1717.0,2503.0,1298.0,825.0,0.0,423.0,423.0,423.0
1.0,5256.0,1290.0,1270.0,1058.0,2390.0,1126.0,1264.0,0.0,423.0,424.0,423.0,426.0,434.0,430.0,817.0,1290.0,3149.0,1126.0,1264.0,0.0,423.0,424.0,423.0
1.0,5024.0,1279.0,1270.0,1431.0,1809.0,517.0,1292.0,0.0,423.0,424.0,423.0,424.0,426.0,429.0,989.0,856.0,3179.0,517.0,1292.0,0.0,423.0,424.0,423.0
1.0,5176.0,1276.0,1270.0,2123.0,894.0,0.0,894.0,0.0,423.0,424.0,423.0,424.0,427.0,425.0,1598.0,828.0,2750.0,0.0,894.0,0.0,423.0,424.0,423.0
1.0,6023.0,1268.0,1270.0,2390.0,266.0,0.0,55.0,211.0,423.0,424.0,423.0,422.0,425.0,421.0,2472.0,1226.0,2325.0,0.0,55.0,211.0,423.0,424.0,423.0
1.0,7145.0,1290.0,1271.0,1809.0,640.0,0.0,0.0,640.0,424.0,424.0,423.0,430.0,431.0,429.0,3176.0,2065.0,1904.0,0.0,0.0,640.0,424.0,424.0,423.0
1.0,7664.0,1300.0,1272.0,894.0,1078.0,0.0,0.0,1078.0,424.0,424.0,424.0,436.0,431.0,433.0,3263.0,2926.0,1475.0,0.0,0.0,1078.0,424.0,424.0,424.0
1.0,7258.0,1300.0,1273.0,266.0,1301.0,0.0,0.0,1301.0,424.0,425.0,424.0,434.0,432.0,434.0,2827.0,3389.0,1042.0,0.0,0.0,1301.0,424.0,425.0,424.0
1.0,6224.0,1294.0,1275.0,640.0,1260.0,164.0,0.0,1096.0,425.0,425.0,425.0,432.0,432.0,430.0,2393.0,3012.0,819.0,164.0,0.0,1096.0,425.0,425.0,425.0
1.0,5570.0,1284.0,1275.0,1078.0,1037.0,590.0,0.0,447.0,425.0,425.0,425.0,426.0,429.0,429.0,1961.0,2580.0,1029.0,590.0,0.0,447.0,425.0,425.0,425.0
1.0,5364.0,1282.0,1275.0,1301.0,1418.0,1016.0,402.0,0.0,425.0,425.0,425.0,426.0,428.0,428.0,1535.0,2151.0,1678.0,1016.0,402.0,0.0,425.0,425.0,425.0
1.0,5383.0,1286.0,1275.0,1260.0,2112.0,1279.0,833.0,0.0,425.0,425.0,425.0,427.0,431.0,428.0,1109.0,1723.0,2551.0,1279.0,833.0,0.0,425.0,425.0,425.0
1.0,5357.0,1295.0,1276.0,1037.0,2390.0,1119.0,1271.0,0.0,425.0,426.0,425.0,430.0,433.0,432.0,846.0,1292.0,3219.0,1119.0,1271.0,0.0,425.0,426.0,425.0
1.0,5099.0,1303.0,1277.0,1418.0,1846.0,544.0,1302.0,0.0,426.0,426.0,425.0,436.0,433.0,434.0,1006.0,859.0,3234.0,544.0,1302.0,0.0,426.0,426.0,425.0
1.0,5214.0,1308.0,1278.0,2112.0,903.0,0.0,903.0,0.0,426.0,426.0,426.0,437.0,434.0,437.0,1586.0,828.0,2800.0,0.0,903.0,0.0,426.0,426.0,426.0
1.0,6018.0,1293.0,1279.0,2390.0,265.0,0.0,66.0,199.0,426.0,427.0,426.0,432.0,429.0,432.0,2428.0,1227.0,2363.0,0.0,66.0,199.0,426.0,427.0,426.0
1.0,7115.0,1284.0,1279.0,1846.0,629.0,0.0,0.0,629.0,426.0,427.0,426.0,427.0,427.0,430.0,3115.0,2069.0,1931.0,0.0,0.0,629.0,426.0,427.0,426.0
1.0,7677.0,1277.0,1279.0,903.0,1057.0,0.0,0.0,1057.0,426.0,427.0,426.0,425.0,424.0,428.0,3232.0,2944.0,1501.0,0.0,0.0,1057.0,426.0,427.0,426.0
1.0,7303.0,1275.0,1279.0,265.0,1283.0,0.0,0.0,1283.0,426.0,427.0,426.0,424.0,426.0,425.0,2807.0,3423.0,1073.0,0.0,0.0,1283.0,426.0,427.0,426.0
1.0,6293.0,1296.0,1279.0,629.0,1263.0,182.0,0.0,1081.0,426.0,427.0,426.0,435.0,434.0,427.0,2383.0,3063.0,847.0,182.0,0.0,1081.0,426.0,427.0,426.0
1.0,5626.0,1312.0,1281.0,1057.0,1091.0,624.0,0.0,467.0,427.0,427.0,427.0,437.0,437.0,438.0,1948.0,2629.0,1049.0,624.0,0.0,467.0,427.0,427.0,427.0
1.0,5371.0,1313.0,1282.0,1283.0,1448.0,1061.0,387.0,0.0,427.0,428.0,427.0,437.0,439.0,437.0,1511.0,2192.0,1668.0,1061.0,387.0,0.0,427.0,428.0,427.0
1.0,5341.0,1302.0,1282.0,1263.0,2136.0,1315.0,821.0,0.0,427.0,428.0,427.0,436.0,434.0,432.0,1074.0,1753.0,2514.0,1315.0,821.0,0.0,427.0,428.0,427.0
1.0,5302.0,1297.0,1283.0,1091.0,2380.0,1127.0,1253.0,0.0,428.0,428.0,427.0,431.0,432.0,434.0,820.0,1319.0,3163.0,1127.0,1253.0,0.0,428.0,428.0,427.0
1.0,5096.0,1282.0,1283.0,1448.0,1788.0,494.0,1294.0,0.0,428.0,428.0,427.0,428.0,428.0,426.0,1013.0,887.0,3196.0,494.0,1294.0,0.0,428.0,428.0,427.0
1.0,5262.0,1290.0,1283.0,2136.0,902.0,0.0,902.0,0.0,428.0,428.0,427.0,430.0,429.0,431.0,1646.0,846.0,2770.0,0.0,902.0,0.0,428.0,428.0,427.0
1.0,6108.0,1299.0,1284.0,2380.0,314.0,0.0,81.0,233.0,428.0,428.0,428.0,435.0,432.0,432.0,2531.0,1238.0,2339.0,0.0,81.0,233.0,428.0,428.0,428.0
1.0,7189.0,1311.0,1284.0,1788.0,671.0,0.0,0.0,671.0,428.0,428.0,428.0,437.0,436.0,438.0,3223.0,2059.0,1907.0,0.0,0.0,671.0,428.0,428.0,428.0
1.0,7666.0,1316.0,1286.0,902.0,1110.0,0.0,0.0,1110.0,429.0,429.0,428.0,438.0,439.0,439.0,3280.0,2917.0,1469.0,0.0,0.0,1110.0,429.0,429.0,428.0
1.0,7252.0,1300.0,1287.0,314.0,1312.0,0.0,0.0,1312.0,429.0,429.0,429.0,433.0,437.0,430.0,2842.0,3380.0,1030.0,0.0,0.0,1312.0,429.0,429.0,429.0
1.0,6266.0,1304.0,1287.0,671.0,1244.0,170.0,0.0,1074.0,429.0,429.0,429.0,434.0,437.0,433.0,2409.0,3024.0,833.0,170.0,0.0,1074.0,429.0,429.0,429.0
1.0,5633.0,1294.0,1287.0,1110.0,994.0,599.0,0.0,395.0,429.0,429.0,429.0,429.0,434.0,431.0,1975.0,2587.0,1071.0,599.0,0.0,395.0,429.0,429.0,429.0
1.0,5449.0,1298.0,1288.0,1312.0,1461.0,1032.0,429.0,0.0,429.0,430.0,429.0,433.0,432.0,433.0,1546.0,2153.0,1750.0,1032.0,429.0,0.0,429.0,430.0,429.0
1.0,5463.0,1302.0,1288.0,1244.0,2155.0,1295.0,860.0,0.0,429.0,430.0,429.0,433.0,431.0,438.0,1113.0,1721.0,2629.0,1295.0,860.0,0.0,429.0,430.0,429.0
1.0,5405.0,1321.0,1290.0,994.0,2440.0,1139.0,1301.0,0.0,430.0,430.0,430.0,438.0,441.0,442.0,850.0,1290.0,3265.0,1139.0,1301.0,0.0,430.0,430.0,430.0
1.0,5078.0,1314.0,1290.0,1461.0,1853.0,544.0,1309.0,0.0,430.0,430.0,430.0,437.0,437.0,440.0,1011.0,849.0,3218.0,544.0,1309.0,0.0,430.0,430.0,430.0
1.0,5225.0,1307.0,1290.0,2155.0,881.0,0.0,881.0,0.0,430.0,430.0,430.0,440.0,432.0,435.0,1606.0,841.0,2778.0,0.0,881.0,0.0,430.0,430.0,430.0
1.0,6073.0,1300.0,1290.0,2440.0,251.0,0.0,12.0,239.0,430.0,430.0,430.0,436.0,432.0,432.0,2461.0,1269.0,2343.0,0.0,12.0,239.0,430.0,430.0,430.0
1.0,7213.0,1295.0,1290.0,1853.0,669.0,0.0,0.0,669.0,430.0,430.0,430.0,433.0,432.0,430.0,3164.0,2138.0,1911.0,0.0,0.0,669.0,430.0,430.0,430.0
1.0,7771.0,1298.0,1293.0,881.0,1107.0,0.0,0.0,1107.0,431.0,431.0,431.0,430.0,435.0,433.0,3275.0,3015.0,1481.0,0.0,0.0,1107.0,431.0,431.0,431.0
1.0,7354.0,1312.0,1293.0,251.0,1305.0,0.0,0.0,1305.0,431.0,431.0,431.0,436.0,439.0,437.0,2845.0,3461.0,1048.0,0.0,0.0,1305.0,431.0,431.0,431.0
1.0,6293.0,1318.0,1293.0,669.0,1259.0,185.0,0.0,1074.0,431.0,431.0,431.0,439.0,441.0,438.0,2409.0,3034.0,850.0,185.0,0.0,1074.0,431.0,431.0,431.0
1.0,5644.0,1324.0,1295.0,1107.0,1048.0,630.0,9.0,409.0,432.0,432.0,431.0,440.0,442.0,442.0,1970.0,2593.0,1081.0,630.0,9.0,409.0,432.0,432.0,431.0
1.0,5427.0,1312.0,1296.0,1305.0,1512.0,1066.0,446.0,0.0,432.0,432.0,432.0,436.0,437.0,439.0,1530.0,2151.0,1746.0,1066.0,446.0,0.0,432.0,432.0,432.0
1.0,5420.0,1307.0,1296.0,1259.0,2195.0,1319.0,876.0,0.0,432.0,432.0,432.0,438.0,430.0,439.0,1094.0,1714.0,2612.0,1319.0,876.0,0.0,432.0,432.0,432.0
1.0,5372.0,1299.0,1296.0,1048.0,2421.0,1125.0,1296.0,0.0,432.0,432.0,432.0,436.0,429.0,434.0,841.0,1284.0,3247.0,1125.0,1296.0,0.0,432.0,432.0,432.0
1.0,5121.0,1295.0,1296.0,1512.0,1770.0,487.0,1283.0,0.0,432.0,432.0,432.0,428.0,433.0,434.0,1035.0,864.0,3222.0,487.0,1283.0,0.0,432.0,432.0,432.0
1.0,5338.0,1312.0,1296.0,2195.0,846.0,0.0,846.0,0.0,432.0,432.0,432.0,437.0,439.0,436.0,1673.0,877.0,2788.0,0.0,846.0,0.0,432.0,432.0,432.0
1.0,6221.0,1316.0,1297.0,2421.0,253.0,0.0,0.0,253.0,432.0,432.0,433.0,437.0,439.0,440.0,2555.0,1314.0,2352.0,0.0,0.0,253.0,432.0,432.0,433.0
1.0,7326.0,1327.0,1299.0,1770.0,693.0,0.0,0.0,693.0,433.0,433.0,433.0,440.0,447.0,440.0,3243.0,2171.0,1912.0,0.0,0.0,693.0,433.0,433.0,433.0
1.0,7769.0,1320.0,1299.0,846.0,1130.0,0.0,0.0,1130.0,433.0,433.0,433.0,439.0,444.0,437.0,3290.0,3007.0,1472.0,0.0,0.0,1130.0,433.0,433.0,433.0
1.0,7295.0,1314.0,1299.0,253.0,1313.0,0.0,0.0,1313.0,433.0,433.0,433.0,439.0,439.0,436.0,2851.0,3409.0,1035.0,0.0,0.0,1313.0,433.0,433.0,433.0
1.0,6234.0,1310.0,1300.0,693.0,1247.0,190.0,0.0,1057.0,433.0,434.0,433.0,437.0,436.0,437.0,2412.0,2970.0,852.0,190.0,0.0,1057.0,433.0,434.0,433.0
1.0,5617.0,1308.0,1300.0,1130.0,1061.0,628.0,71.0,362.0,433.0,434.0,433.0,438.0,435.0,435.0,1975.0,2534.0,1108.0,628.0,71.0,362.0,433.0,434.0,433.0
1.0,5439.0,1318.0,1302.0,1313.0,1580.0,1072.0,508.0,0.0,434.0,434.0,434.0,439.0,437.0,442.0,1537.0,2099.0,1803.0,1072.0,508.0,0.0,434.0,434.0,434.0
1.0,5434.0,1322.0,1302.0,1247.0,2267.0,1319.0,948.0,0.0,434.0,434.0,434.0,437.0,440.0,445.0,1098.0,1662.0,2674.0,1319.0,948.0,0.0,434.0,434.0,434.0
1.0,5359.0,1323.0,1303.0,1061.0,2445.0,1128.0,1317.0,0.0,434.0,434.0,435.0,437.0,440.0,446.0,851.0,1222.0,3286.0,1128.0,1317.0,0.0,434.0,434.0,435.0
1.0,5097.0,1320.0,1304.0,1580.0,1749.0,495.0,1254.0,0.0,434.0,435.0,435.0,439.0,440.0,441.0,1042.0,853.0,3202.0,495.0,1254.0,0.0,434.0,435.0,435.0
1.0,5357.0,1315.0,1304.0,2267.0,746.0,0.0,746.0,0.0,434.0,435.0,435.0,437.0,440.0,438.0,1675.0,921.0,2761.0,0.0,746.0,0.0,434.0,435.0,435.0
1.0,6309.0,1305.0,1304.0,2445.0,286.0,0.0,0.0,286.0,434.0,435.0,435.0,436.0,435.0,434.0,2557.0,1429.0,2323.0,0.0,0.0,286.0,434.0,435.0,435.0
1.0,7449.0,1308.0,1304.0,1749.0,721.0,0.0,0.0,721.0,434.0,435.0,435.0,436.0,437.0,435.0,3249.0,2311.0,1889.0,0.0,0.0,721.0,434.0,435.0,435.0
1.0,7890.0,1320.0,1305.0,746.0,1162.0,0.0,0.0,1162.0,435.0,435.0,435.0,442.0,437.0,441.0,3308.0,3128.0,1454.0,0.0,0.0,1162.0,435.0,435.0,435.0
1.0,7316.0,1322.0,1305.0,286.0,1313.0,0.0,0.0,1313.0,435.0,435.0,435.0,444.0,441.0,437.0,2866.0,3437.0,1013.0,0.0,0.0,1313.0,435.0,435.0,435.0
1.0,6280.0,1331.0,1306.0,721.0,1240.0,197.0,0.0,1043.0,435.0,435.0,436.0,444.0,441.0,446.0,2422.0,2996.0,862.0,197.0,0.0,1043.0,435.0,435.0,436.0
1.0,5670.0,1334.0,1308.0,1162.0,1042.0,647.0,65.0,330.0,436.0,436.0,436.0,445.0,440.0,449.0,1978.0,2555.0,1137.0,647.0,65.0,330.0,436.0,436.0,436.0
1.0,5498.0,1320.0,1308.0,1313.0,1592.0,1086.0,506.0,0.0,436.0,436.0,436.0,439.0,441.0,440.0,1533.0,2115.0,1850.0,1086.0,506.0,0.0,436.0,436.0,436.0
1.0,5491.0,1313.0,1308.0,1240.0,2269.0,1326.0,943.0,0.0,436.0,436.0,436.0,437.0,437.0,439.0,1094.0,1674.0,2723.0,1326.0,943.0,0.0,436.0,436.0,436.0
1.0,5418.0,1328.0,1308.0,1042.0,2443.0,1124.0,1319.0,0.0,436.0,436.0,436.0,445.0,441.0,442.0,854.0,1237.0,3327.0,1124.0,1319.0,0.0,436.0,436.0,436.0
1.0,5132.0,1334.0,1309.0,1592.0,1741.0,483.0,1258.0,0.0,436.0,436.0,437.0,445.0,445.0,444.0,1056.0,861.0,3215.0,483.0,1258.0,0.0,436.0,436.0,437.0
1.0,5390.0,1333.0,1311.0,2269.0,763.0,0.0,763.0,0.0,437.0,437.0,437.0,446.0,443.0,444.0,1697.0,922.0,2771.0,0.0,763.0,0.0,437.0,437.0,437.0
1.0,6326.0,1328.0,1311.0,2443.0,299.0,0.0,0.0,299.0,437.0,437.0,437.0,445.0,442.0,441.0,2577.0,1422.0,2327.0,0.0,0.0,299.0,437.0,437.0,437.0
1.0,7441.0,1325.0,1312.0,1741.0,748.0,0.0,0.0,748.0,437.0,437.0,438.0,440.0,441.0,444.0,3256.0,2299.0,1886.0,0.0,0.0,748.0,437.0,437.0,438.0
1.0,7857.0,1314.0,1312.0,763.0,1186.0,0.0,0.0,1186.0,437.0,437.0,438.0,438.0,438.0,438.0,3299.0,3116.0,1442.0,0.0,0.0,1186.0,437.0,437.0,438.0
1.0,7306.0,1313.0,1312.0,299.0,1326.0,0.0,0.0,1326.0,437.0,437.0,438.0,436.0,438.0,439.0,2861.0,3441.0,1004.0,0.0,0.0,1326.0,437.0,437.0,438.0
1.0,6292.0,1320.0,1312.0,748.0,1217.0,198.0,0.0,1019.0,437.0,437.0,438.0,438.0,441.0,441.0,2425.0,3003.0,864.0,198.0,0.0,1019.0,437.0,437.0,438.0
1.0,5720.0,1331.0,1314.0,1186.0,995.0,648.0,70.0,277.0,438.0,438.0,438.0,445.0,442.0,444.0,1987.0,2562.0,1171.0,648.0,70.0,277.0,438.0,438.0,438.0
1.0,5575.0,1347.0,1314.0,1326.0,1615.0,1094.0,521.0,0.0,438.0,438.0,438.0,446.0,451.0,450.0,1542.0,2120.0,1913.0,1094.0,521.0,0.0,438.0,438.0,438.0
1.0,5554.0,1341.0,1315.0,1217.0,2311.0,1340.0,971.0,0.0,438.0,438.0,439.0,444.0,450.0,447.0,1096.0,1669.0,2789.0,1340.0,971.0,0.0,438.0,438.0,439.0
1.0,5430.0,1329.0,1316.0,995.0,2484.0,1132.0,1352.0,0.0,438.0,439.0,439.0,440.0,446.0,443.0,850.0,1219.0,3361.0,1132.0,1352.0,0.0,438.0,439.0,439.0
1.0,5096.0,1322.0,1316.0,1615.0,1750.0,479.0,1271.0,0.0,438.0,439.0,439.0,441.0,440.0,441.0,1058.0,843.0,3195.0,479.0,1271.0,0.0,438.0,439.0,439.0
1.0,5389.0,1313.0,1316.0,2311.0,738.0,0.0,738.0,0.0,438.0,439.0,439.0,438.0,438.0,437.0,1711.0,924.0,2754.0,0.0,738.0,0.0,438.0,439.0,439.0
1.0,6387.0,1324.0,1317.0,2484.0,319.0,0.0,0.0,319.0,439.0,439.0,439.0,441.0,442.0,441.0,2613.0,1457.0,2317.0,0.0,0.0,319.0,439.0,439.0,439.0
1.0,7547.0,1330.0,1317.0,1750.0,761.0,0.0,0.0,761.0,439.0,439.0,439.0,445.0,443.0,442.0,3304.0,2367.0,1876.0,0.0,0.0,761.0,439.0,439.0,439.0
1.0,7967.0,1342.0,1318.0,738.0,1213.0,0.0,0.0,1213.0,439.0,439.0,440.0,449.0,446.0,447.0,3338.0,3195.0,1434.0,0.0,0.0,1213.0,439.0,439.0,440.0
1.0,7363.0,1344.0,1318.0,319.0,1342.0,0.0,0.0,1342.0,439.0,439.0,440.0,450.0,446.0,448.0,2889.0,3487.0,987.0,0.0,0.0,1342.0,439.0,439.0,440.0
1.0,6338.0,1347.0,1320.0,761.0,1240.0,208.0,0.0,1032.0,440.0,440.0,440.0,447.0,449.0,451.0,2439.0,3041.0,858.0,208.0,0.0,1032.0,440.0,440.0,440.0
1.0,5752.0,1327.0,1320.0,1213.0,962.0,649.0,49.0,264.0,440.0,440.0,440.0,441.0,441.0,445.0,1992.0,2592.0,1168.0,649.0,49.0,264.0,440.0,440.0,440.0
1.0,5638.0,1320.0,1320.0,1342.0,1577.0,1088.0,489.0,0.0,440.0,440.0,440.0,439.0,440.0,441.0,1551.0,2151.0,1936.0,1088.0,489.0,0.0,440.0,440.0,440.0
1.0,5660.0,1330.0,1321.0,1240.0,2252.0,1320.0,932.0,0.0,440.0,440.0,441.0,440.0,443.0,447.0,1112.0,1711.0,2837.0,1320.0,932.0,0.0,440.0,440.0,441.0
1.0,5570.0,1336.0,1321.0,962.0,2446.0,1117.0,1329.0,0.0,440.0,440.0,441.0,446.0,446.0,444.0,880.0,1268.0,3422.0,1117.0,1329.0,0.0,440.0,440.0,441.0
1.0,5196.0,1350.0,1322.0,1577.0,1774.0,481.0,1293.0,0.0,440.0,441.0,441.0,452.0,448.0,450.0,1083.0,871.0,3242.0,481.0,1293.0,0.0,440.0,441.0,441.0
1.0,5423.0,1351.0,1324.0,2252.0,807.0,0.0,807.0,0.0,441.0,441.0,442.0,454.0,446.0,451.0,1719.0,912.0,2792.0,0.0,807.0,0.0,441.0,441.0,442.0
1.0,6324.0,1344.0,1324.0,2446.0,316.0,0.0,0.0,316.0,441.0,441.0,442.0,447.0,450.0,447.0,2585.0,1398.0,2341.0,0.0,0.0,316.0,441.0,441.0,442.0
1.0,7426.0,1335.0,1324.0,1774.0,762.0,0.0,0.0,762.0,441.0,441.0,442.0,445.0,444.0,446.0,3255.0,2277.0,1894.0,0.0,0.0,762.0,441.0,441.0,442.0
1.0,7865.0,1336.0,1324.0,807.0,1209.0,0.0,0.0,1209.0,441.0,441.0,442.0,442.0,447.0,447.0,3291.0,3126.0,1448.0,0.0,0.0,1209.0,441.0,441.0,442.0
1.0,7336.0,1338.0,1324.0,316.0,1340.0,0.0,0.0,1340.0,441.0,441.0,442.0,447.0,444.0,447.0,2849.0,3486.0,1001.0,0.0,0.0,1340.0,441.0,441.0,442.0
1.0,6314.0,1339.0,1326.0,762.0,1277.0,252.0,0.0,1025.0,442.0,442.0,442.0,444.0,448.0,447.0,2402.0,3042.0,870.0,252.0,0.0,1025.0,442.0,442.0,442.0
1.0,5737.0,1362.0,1327.0,1209.0,1051.0,708.0,71.0,272.0,442.0,442.0,443.0,456.0,455.0,451.0,1958.0,2594.0,1185.0,708.0,71.0,272.0,442.0,442.0,443.0
1.0,5584.0,1353.0,1327.0,1340.0,1679.0,1160.0,519.0,0.0,442.0,442.0,443.0,452.0,448.0,453.0,1502.0,2139.0,1943.0,1160.0,519.0,0.0,442.0,442.0,443.0
1.0,5571.0,1346.0,1329.0,1277.0,2332.0,1360.0,972.0,0.0,443.0,443.0,443.0,447.0,448.0,451.0,1050.0,1691.0,2830.0,1360.0,972.0,0.0,443.0,443.0,443.0
1.0,5502.0,1340.0,1329.0,1051.0,2445.0,1097.0,1348.0,0.0,443.0,443.0,443.0,445.0,447.0,448.0,855.0,1243.0,3404.0,1097.0,1348.0,0.0,443.0,443.0,443.0
1.0,5213.0,1324.0,1329.0,1679.0,1648.0,376.0,1272.0,0.0,443.0,443.0,443.0,439.0,443.0,442.0,1118.0,867.0,3228.0,376.0,1272.0,0.0,443.0,443.0,443.0
1.0,5568.0,1328.0,1330.0,2332.0,744.0,0.0,744.0,0.0,443.0,443.0,444.0,440.0,444.0,444.0,1839.0,943.0,2786.0,0.0,744.0,0.0,443.0,443.0,444.0
1.0,6572.0,1348.0,1330.0,2445.0,323.0,0.0,0.0,323.0,443.0,443.0,444.0,450.0,453.0,445.0,2759.0,1471.0,2342.0,0.0,0.0,323.0,443.0,443.0,444.0
1.0,7669.0,1361.0,1330.0,1648.0,775.0,0.0,0.0,775.0,443.0,443.0,444.0,456.0,453.0,452.0,3406.0,2366.0,1897.0,0.0,0.0,775.0,443.0,443.0,444.0
1.0,7956.0,1362.0,1332.0,744.0,1228.0,0.0,0.0,1228.0,444.0,444.0,444.0,456.0,453.0,453.0,3326.0,3185.0,1445.0,0.0,0.0,1228.0,444.0,444.0,444.0
1.0,7338.0,1351.0,1333.0,323.0,1362.0,0.0,0.0,1362.0,444.0,444.0,445.0,449.0,450.0,452.0,2870.0,3476.0,992.0,0.0,0.0,1362.0,444.0,444.0,445.0
1.0,6310.0,1342.0,1333.0,775.0,1283.0,247.0,0.0,1036.0,444.0,444.0,445.0,448.0,445.0,449.0,2421.0,3026.0,863.0,247.0,0.0,1036.0,444.0,444.0,445.0
1.0,5743.0,1336.0,1333.0,1228.0,1030.0,691.0,82.0,257.0,444.0,444.0,445.0,444.0,443.0,449.0,1973.0,2581.0,1189.0,691.0,82.0,257.0,444.0,444.0,445.0
1.0,5635.0,1344.0,1333.0,1362.0,1668.0,1139.0,529.0,0.0,444.0,444.0,445.0,448.0,447.0,449.0,1529.0,2138.0,1968.0,1139.0,529.0,0.0,444.0,444.0,445.0
1.0,5653.0,1344.0,1334.0,1283.0,2319.0,1343.0,976.0,0.0,445.0,444.0,445.0,446.0,447.0,451.0,1081.0,1691.0,2881.0,1343.0,976.0,0.0,445.0,444.0,445.0
1.0,5592.0,1356.0,1335.0,1030.0,2458.0,1105.0,1353.0,0.0,445.0,445.0,445.0,453.0,454.0,449.0,882.0,1244.0,3466.0,1105.0,1353.0,0.0,445.0,445.0,445.0
1.0,5266.0,1361.0,1336.0,1668.0,1698.0,422.0,1276.0,0.0,445.0,445.0,446.0,456.0,452.0,453.0,1120.0,872.0,3274.0,422.0,1276.0,0.0,445.0,445.0,446.0
1.0,5573.0,1358.0,1336.0,2319.0,756.0,0.0,756.0,0.0,445.0,445.0,446.0,452.0,456.0,450.0,1803.0,949.0,2821.0,0.0,756.0,0.0,445.0,445.0,446.0
1.0,6534.0,1342.0,1336.0,2458.0,306.0,0.0,0.0,306.0,445.0,445.0,446.0,447.0,448.0,447.0,2694.0,1469.0,2371.0,0.0,0.0,306.0,445.0,445.0,446.0
1.0,7650.0,1350.0,1338.0,1698.0,754.0,0.0,0.0,754.0,446.0,446.0,446.0,452.0,450.0,448.0,3352.0,2374.0,1924.0,0.0,0.0,754.0,446.0,446.0,446.0
1.0,7998.0,1343.0,1338.0,756.0,1204.0,0.0,0.0,1204.0,446.0,446.0,446.0,443.0,450.0,450.0,3322.0,3200.0,1476.0,0.0,0.0,1204.0,446.0,446.0,446.0
1.0,7411.0,1349.0,1338.0,306.0,1352.0,0.0,0.0,1352.0,446.0,446.0,446.0,449.0,446.0,454.0,2879.0,3506.0,1026.0,0.0,0.0,1352.0,446.0,446.0,446.0
1.0,6368.0,1363.0,1339.0,754.0,1313.0,253.0,0.0,1060.0,446.0,446.0,447.0,453.0,453.0,457.0,2430.0,3060.0,878.0,253.0,0.0,1060.0,446.0,446.0,447.0
1.0,5759.0,1370.0,1340.0,1204.0,1107.0,709.0,85.0,313.0,446.0,447.0,447.0,456.0,457.0,457.0,1977.0,2607.0,1175.0,709.0,85.0,313.0,446.0,447.0,447.0
1.0,5593.0,1368.0,1341.0,1352.0,1715.0,1172.0,543.0,0.0,447.0,447.0,447.0,458.0,458.0,452.0,1521.0,2150.0,1922.0,1172.0,543.0,0.0,447.0,447.0,447.0
1.0,5577.0,1358.0,1341.0,1313.0,2371.0,1372.0,999.0,0.0,447.0,447.0,447.0,453.0,456.0,449.0,1063.0,1692.0,2822.0,1372.0,999.0,0.0,447.0,447.0,447.0
1.0,5532.0,1352.0,1341.0,1107.0,2481.0,1117.0,1364.0,0.0,447.0,447.0,447.0,454.0,450.0,448.0,863.0,1236.0,3433.0,1117.0,1364.0,0.0,447.0,447.0,447.0
1.0,5287.0,1348.0,1342.0,1715.0,1668.0,394.0,1274.0,0.0,447.0,447.0,448.0,449.0,453.0,446.0,1118.0,871.0,3298.0,394.0,1274.0,0.0,447.0,447.0,448.0
1.0,5654.0,1354.0,1343.0,2371.0,729.0,0.0,729.0,0.0,447.0,448.0,448.0,455.0,449.0,450.0,1841.0,961.0,2852.0,0.0,729.0,0.0,447.0,448.0,448.0
1.0,6671.0,1370.0,1344.0,2481.0,296.0,0.0,0.0,296.0,448.0,448.0,448.0,457.0,455.0,458.0,2758.0,1511.0,2402.0,0.0,0.0,296.0,448.0,448.0,448.0
1.0,7782.0,1364.0,1344.0,1668.0,753.0,0.0,0.0,753.0,448.0,448.0,448.0,455.0,452.0,457.0,3418.0,2420.0,1944.0,0.0,0.0,753.0,448.0,448.0,448.0
1.0,8086.0,1361.0,1345.0,729.0,1214.0,0.0,0.0,1214.0,448.0,448.0,449.0,455.0,450.0,456.0,3357.0,3242.0,1487.0,0.0,0.0,1214.0,448.0,448.0,449.0
1.0,7454.0,1358.0,1345.0,296.0,1371.0,0.0,0.0,1371.0,448.0,448.0,449.0,452.0,453.0,453.0,2902.0,3521.0,1031.0,0.0,0.0,1371.0,448.0,448.0,449.0
1.0,6392.0,1351.0,1345.0,753.0,1309.0,238.0,0.0,1071.0,448.0,448.0,449.0,448.0,450.0,453.0,2450.0,3068.0,874.0,238.0,0.0,1071.0,448.0,448.0,449.0
1.0,5794.0,1368.0,1347.0,1214.0,1095.0,700.0,81.0,314.0,449.0,449.0,449.0,457.0,454.0,457.0,2002.0,2618.0,1174.0,700.0,81.0,314.0,449.0,449.0,449.0
1.0,5640.0,1363.0,1347.0,1371.0,1689.0,1154.0,535.0,0.0,449.0,449.0,449.0,454.0,454.0,455.0,1545.0,2164.0,1931.0,1154.0,535.0,0.0,449.0,449.0,449.0
1.0,5648.0,1374.0,1348.0,1309.0,2366.0,1374.0,992.0,0.0,449.0,449.0,450.0,458.0,457.0,459.0,1091.0,1710.0,2847.0,1374.0,992.0,0.0,449.0,449.0,450.0
1.0,5583.0,1372.0,1349.0,1095.0,2504.0,1136.0,1368.0,0.0,450.0,449.0,450.0,457.0,457.0,458.0,871.0,1253.0,3459.0,1136.0,1368.0,0.0,450.0,449.0,450.0
1.0,5306.0,1371.0,1350.0,1689.0,1734.0,441.0,1293.0,0.0,450.0,450.0,450.0,459.0,455.0,457.0,1114.0,877.0,3315.0,441.0,1293.0,0.0,450.0,450.0,450.0
1.0,5624.0,1361.0,1350.0,2366.0,754.0,0.0,754.0,0.0,450.0,450.0,450.0,457.0,453.0,451.0,1809.0,957.0,2858.0,0.0,754.0,0.0,450.0,450.0,450.0
1.0,6629.0,1354.0,1351.0,2504.0,299.0,0.0,0.0,299.0,450.0,450.0,451.0,452.0,451.0,451.0,2726.0,1496.0,2407.0,0.0,0.0,299.0,450.0,450.0,451.0
1.0,7779.0,1355.0,1351.0,1734.0,752.0,0.0,0.0,752.0,450.0,450.0,451.0,452.0,450.0,453.0,3410.0,2413.0,1956.0,0.0,0.0,752.0,450.0,450.0,451.0
1.0,8158.0,1368.0,1352.0,754.0,1211.0,0.0,0.0,1211.0,451.0,450.0,451.0,455.0,454.0,459.0,3399.0,3256.0,1503.0,0.0,0.0,1211.0,451.0,450.0,451.0
1.0,7544.0,1373.0,1353.0,299.0,1368.0,0.0,0.0,1368.0,451.0,451.0,451.0,459.0,458.0,456.0,2944.0,3556.0,1044.0,0.0,0.0,1368.0,451.0,451.0,451.0
1.0,6470.0,1382.0,1353.0,752.0,1303.0,228.0,0.0,1075.0,451.0,451.0,451.0,458.0,465.0,459.0,2485.0,3098.0,887.0,228.0,0.0,1075.0,451.0,451.0,451.0
1.0,5840.0,1378.0,1355.0,1211.0,1102.0,689.0,84.0,329.0,452.0,451.0,452.0,456.0,462.0,460.0,2027.0,2633.0,1180.0,689.0,84.0,329.0,452.0,451.0,452.0
1.0,5673.0,1369.0,1355.0,1368.0,1685.0,1144.0,541.0,0.0,452.0,451.0,452.0,455.0,457.0,457.0,1571.0,2171.0,1931.0,1144.0,541.0,0.0,452.0,451.0,452.0
1.0,5672.0,1353.0,1355.0,1303.0,2360.0,1371.0,989.0,0.0,452.0,451.0,452.0,455.0,448.0,450.0,1116.0,1714.0,2842.0,1371.0,989.0,0.0,452.0,451.0,452.0
1.0,5622.0,1352.0,1356.0,1102.0,2499.0,1136.0,1363.0,0.0,452.0,452.0,452.0,454.0,453.0,445.0,889.0,1266.0,3467.0,1136.0,1363.0,0.0,452.0,452.0,452.0
1.0,5372.0,1367.0,1356.0,1685.0,1726.0,449.0,1277.0,0.0,452.0,452.0,452.0,457.0,455.0,455.0,1124.0,897.0,3351.0,449.0,1277.0,0.0,452.0,452.0,452.0
1.0,5690.0,1378.0,1356.0,2360.0,750.0,0.0,750.0,0.0,452.0,452.0,452.0,458.0,462.0,458.0,1811.0,983.0,2896.0,0.0,750.0,0.0,452.0,452.0,452.0
1.0,6672.0,1389.0,1357.0,2499.0,285.0,0.0,0.0,285.0,453.0,452.0,452.0,462.0,464.0,463.0,2724.0,1510.0,2438.0,0.0,0.0,285.0,453.0,452.0,452.0
1.0,7782.0,1385.0,1359.0,1726.0,750.0,0.0,0.0,750.0,453.0,453.0,453.0,460.0,465.0,460.0,3398.0,2409.0,1975.0,0.0,0.0,750.0,453.0,453.0,453.0
1.0,8123.0,1370.0,1359.0,750.0,1209.0,0.0,0.0,1209.0,453.0,453.0,453.0,452.0,459.0,459.0,3387.0,3221.0,1515.0,0.0,0.0,1209.0,453.0,453.0,453.0
1.0,7503.0,1361.0,1359.0,285.0,1379.0,0.0,0.0,1379.0,453.0,453.0,453.0,450.0,456.0,455.0,2935.0,3512.0,1056.0,0.0,0.0,1379.0,453.0,453.0,453.0
1.0,6427.0,1371.0,1359.0,750.0,1322.0,237.0,0.0,1085.0,453.0,453.0,453.0,457.0,458.0,456.0,2485.0,3056.0,886.0,237.0,0.0,1085.0,453.0,453.0,453.0
1.0,5806.0,1382.0,1359.0,1209.0,1162.0,698.0,129.0,335.0,453.0,453.0,453.0,461.0,462.0,459.0,2028.0,2598.0,1180.0,698.0,129.0,335.0,453.0,453.0,453.0
1.0,5633.0,1379.0,1362.0,1379.0,1756.0,1165.0,591.0,0.0,454.0,454.0,454.0,462.0,457.0,460.0,1567.0,2136.0,1930.0,1165.0,591.0,0.0,454.0,454.0,454.0
1.0,5633.0,1385.0,1362.0,1322.0,2442.0,1390.0,1052.0,0.0,454.0,454.0,454.0,462.0,461.0,462.0,1105.0,1679.0,2849.0,1390.0,1052.0,0.0,454.0,454.0,454.0
1.0,5570.0,1381.0,1362.0,1162.0,2536.0,1153.0,1383.0,0.0,454.0,454.0,454.0,461.0,460.0,460.0,880.0,1218.0,3472.0,1153.0,1383.0,0.0,454.0,454.0,454.0
1.0,5351.0,1369.0,1362.0,1756.0,1693.0,446.0,1247.0,0.0,454.0,454.0,454.0,458.0,455.0,456.0,1117.0,887.0,3347.0,446.0,1247.0,0.0,454.0,454.0,454.0
1.0,5738.0,1371.0,1362.0,2442.0,652.0,0.0,652.0,0.0,454.0,454.0,454.0,457.0,457.0,457.0,1824.0,1023.0,2891.0,0.0,652.0,0.0,454.0,454.0,454.0
1.0,6809.0,1374.0,1363.0,2536.0,293.0,0.0,0.0,293.0,455.0,454.0,454.0,458.0,459.0,457.0,2757.0,1618.0,2434.0,0.0,0.0,293.0,455.0,454.0,454.0
1.0,7971.0,1382.0,1365.0,1693.0,761.0,0.0,0.0,761.0,455.0,455.0,455.0,458.0,461.0,463.0,3452.0,2542.0,1977.0,0.0,0.0,761.0,455.0,455.0,455.0
1.0,8282.0,1392.0,1365.0,652.0,1225.0,0.0,0.0,1225.0,455.0,455.0,455.0,464.0,464.0,464.0,3440.0,3328.0,1514.0,0.0,0.0,1225.0,455.0,455.0,455.0
1.0,7542.0,1394.0,1365.0,293.0,1400.0,0.0,0.0,1400.0,455.0,455.0,455.0,463.0,463.0,468.0,2976.0,3516.0,1050.0,0.0,0.0,1400.0,455.0,455.0,455.0
1.0,6441.0,1380.0,1368.0,761.0,1333.0,229.0,0.0,1104.0,456.0,456.0,456.0,462.0,458.0,460.0,2513.0,3053.0,875.0,229.0,0.0,1104.0,456.0,456.0,456.0
1.0,5822.0,1371.0,1368.0,1225.0,1164.0,686.0,140.0,338.0,456.0,456.0,456.0,457.0,455.0,459.0,2051.0,2595.0,1176.0,686.0,140.0,338.0,456.0,456.0,456.0
1.0,5676.0,1368.0,1368.0,1400.0,1736.0,1141.0,595.0,0.0,456.0,456.0,456.0,455.0,455.0,458.0,1594.0,2140.0,1942.0,1141.0,595.0,0.0,456.0,456.0,456.0
1.0,5708.0,1368.0,1368.0,1333.0,2418.0,1368.0,1050.0,0.0,456.0,456.0,456.0,456.0,455.0,457.0,1139.0,1685.0,2884.0,1368.0,1050.0,0.0,456.0,456.0,456.0
1.0,5673.0,1386.0,1368.0,1164.0,2518.0,1143.0,1375.0,0.0,456.0,456.0,456.0,461.0,465.0,460.0,912.0,1230.0,3531.0,1143.0,1375.0,0.0,456.0,456.0,456.0
1.0,5451.0,1401.0,1369.0,1736.0,1717.0,469.0,1248.0,0.0,456.0,456.0,457.0,467.0,468.0,466.0,1137.0,905.0,3409.0,469.0,1248.0,0.0,456.0,456.0,457.0
1.0,5786.0,1404.0,1371.0,2418.0,672.0,0.0,672.0,0.0,457.0,457.0,457.0,467.0,469.0,468.0,1811.0,1032.0,2943.0,0.0,672.0,0.0,457.0,457.0,457.0
1.0,6800.0,1388.0,1371.0,2518.0,274.0,0.0,0.0,274.0,457.0,457.0,457.0,463.0,461.0,464.0,2712.0,1613.0,2475.0,0.0,0.0,274.0,457.0,457.0,457.0
1.0,7930.0,1382.0,1371.0,1717.0,739.0,0.0,0.0,739.0,457.0,457.0,457.0,455.0,462.0,465.0,3392.0,2527.0,2011.0,0.0,0.0,739.0,457.0,457.0,457.0
1.0,8265.0,1368.0,1371.0,672.0,1199.0,0.0,0.0,1199.0,457.0,457.0,457.0,455.0,453.0,460.0,3406.0,3313.0,1546.0,0.0,0.0,1199.0,457.0,457.0,457.0
1.0,7569.0,1376.0,1371.0,274.0,1384.0,0.0,0.0,1384.0,457.0,457.0,457.0,458.0,459.0,459.0,2951.0,3532.0,1086.0,0.0,0.0,1384.0,457.0,457.0,457.0
1.0,6467.0,1380.0,1372.0,739.0,1364.0,254.0,0.0,1110.0,457.0,457.0,458.0,462.0,458.0,460.0,2493.0,3073.0,901.0,254.0,0.0,1110.0,457.0,457.0,458.0
1.0,5826.0,1396.0,1374.0,1199.0,1241.0,725.0,139.0,377.0,458.0,458.0,458.0,466.0,464.0,466.0,2031.0,2615.0,1180.0,725.0,139.0,377.0,458.0,458.0,458.0
1.0,5629.0,1401.0,1374.0,1384.0,1802.0,1194.0,608.0,0.0,458.0,458.0,458.0,469.0,469.0,463.0,1565.0,2151.0,1913.0,1194.0,608.0,0.0,458.0,458.0,458.0
1.0,5612.0,1407.0,1375.0,1364.0,2488.0,1411.0,1077.0,0.0,458.0,458.0,459.0,471.0,469.0,467.0,1096.0,1682.0,2834.0,1411.0,1077.0,0.0,458.0,458.0,459.0
1.0,5569.0,1385.0,1375.0,1241.0,2551.0,1150.0,1401.0,0.0,458.0,458.0,459.0,464.0,463.0,458.0,879.0,1213.0,3477.0,1150.0,1401.0,0.0,458.0,458.0,459.0
1.0,5425.0,1379.0,1376.0,1802.0,1676.0,415.0,1261.0,0.0,458.0,459.0,459.0,459.0,463.0,457.0,1140.0,889.0,3396.0,415.0,1261.0,0.0,458.0,459.0,459.0
1.0,5848.0,1378.0,1377.0,2488.0,642.0,0.0,642.0,0.0,459.0,459.0,459.0,458.0,458.0,462.0,1875.0,1034.0,2939.0,0.0,642.0,0.0,459.0,459.0,459.0
1.0,6958.0,1391.0,1377.0,2551.0,283.0,0.0,0.0,283.0,459.0,459.0,459.0,462.0,464.0,465.0,2828.0,1653.0,2477.0,0.0,0.0,283.0,459.0,459.0,459.0
1.0,8118.0,1405.0,1377.0,1676.0,757.0,0.0,0.0,757.0,459.0,459.0,459.0,466.0,465.0,474.0,3516.0,2590.0,2012.0,0.0,0.0,757.0,459.0,459.0,459.0
1.0,8389.0,1405.0,1378.0,642.0,1231.0,0.0,0.0,1231.0,459.0,459.0,460.0,470.0,466.0,469.0,3465.0,3386.0,1538.0,0.0,0.0,1231.0,459.0,459.0,460.0
1.0,7626.0,1403.0,1380.0,283.0,1417.0,0.0,0.0,1417.0,460.0,460.0,460.0,467.0,467.0,469.0,2995.0,3562.0,1069.0,0.0,0.0,1417.0,460.0,460.0,460.0
1.0,6506.0,1396.0,1380.0,757.0,1361.0,236.0,0.0,1125.0,460.0,460.0,460.0,464.0,467.0,465.0,2528.0,3095.0,883.0,236.0,0.0,1125.0,460.0,460.0,460.0
1.0,5867.0,1386.0,1380.0,1231.0,1188.0,699.0,135.0,354.0,460.0,460.0,460.0,463.0,463.0,460.0,2064.0,2628.0,1175.0,699.0,135.0,354.0,460.0,460.0,460.0
1.0,5712.0,1388.0,1380.0,1417.0,1763.0,1158.0,605.0,0.0,460.0,460.0,460.0,459.0,470.0,459.0,1601.0,2165.0,1946.0,1158.0,605.0,0.0,460.0,460.0,460.0
1.0,5741.0,1396.0,1381.0,1361.0,2464.0,1386.0,1078.0,0.0,460.0,461.0,460.0,464.0,468.0,464.0,1142.0,1695.0,2904.0,1386.0,1078.0,0.0,460.0,461.0,460.0
1.0,5706.0,1402.0,1382.0,1188.0,2566.0,1155.0,1411.0,0.0,460.0,461.0,461.0,468.0,468.0,466.0,914.0,1227.0,3565.0,1155.0,1411.0,0.0,460.0,461.0,461.0
1.0,5492.0,1409.0,1383.0,1763.0,1746.0,473.0,1273.0,0.0,461.0,461.0,461.0,471.0,467.0,471.0,1145.0,894.0,3453.0,473.0,1273.0,0.0,461.0,461.0,461.0
1.0,5846.0,1402.0,1383.0,2464.0,661.0,0.0,661.0,0.0,461.0,461.0,461.0,468.0,466.0,468.0,1832.0,1032.0,2982.0,0.0,661.0,0.0,461.0,461.0,461.0
1.0,6908.0,1402.0,1384.0,2566.0,259.0,0.0,0.0,259.0,461.0,462.0,461.0,468.0,466.0,468.0,2750.0,1644.0,2514.0,0.0,0.0,259.0,461.0,462.0,461.0
1.0,8072.0,1391.0,1384.0,1746.0,723.0,0.0,0.0,723.0,461.0,462.0,461.0,467.0,460.0,464.0,3437.0,2589.0,2046.0,0.0,0.0,723.0,461.0,462.0,461.0
1.0,8427.0,1392.0,1384.0,661.0,1198.0,0.0,0.0,1198.0,461.0,461.0,462.0,462.0,460.0,470.0,3443.0,3402.0,1582.0,0.0,0.0,1198.0,461.0,461.0,462.0
1.0,7696.0,1394.0,1385.0,259.0,1405.0,0.0,0.0,1405.0,461.0,462.0,462.0,462.0,466.0,466.0,2981.0,3603.0,1112.0,0.0,0.0,1405.0,461.0,462.0,462.0
1.0,6561.0,1414.0,1386.0,723.0,1409.0,259.0,0.0,1150.0,462.0,462.0,462.0,468.0,478.0,468.0,2519.0,3137.0,905.0,259.0,0.0,1150.0,462.0,462.0,462.0
1.0,5870.0,1413.0,1388.0,1198.0,1285.0,730.0,128.0,427.0,462.0,463.0,463.0,471.0,472.0,470.0,2051.0,2659.0,1160.0,730.0,128.0,427.0,462.0,463.0,463.0
1.0,5655.0,1402.0,1388.0,1405.0,1794.0,1197.0,597.0,0.0,462.0,463.0,463.0,467.0,469.0,466.0,1580.0,2187.0,1888.0,1197.0,597.0,0.0,462.0,463.0,463.0
1.0,5658.0,1394.0,1388.0,1409.0,2466.0,1406.0,1060.0,0.0,462.0,463.0,463.0,468.0,463.0,463.0,1113.0,1718.0,2827.0,1406.0,1060.0,0.0,462.0,463.0,463.0
1.0,5673.0,1391.0,1388.0,1285.0,2538.0,1141.0,1397.0,0.0,462.0,463.0,463.0,465.0,465.0,461.0,904.0,1255.0,3514.0,1141.0,1397.0,0.0,462.0,463.0,463.0
1.0,5567.0,1396.0,1389.0,1794.0,1678.0,417.0,1261.0,0.0,463.0,463.0,463.0,468.0,461.0,467.0,1169.0,918.0,3480.0,417.0,1261.0,0.0,463.0,463.0,463.0
1.0,5965.0,1400.0,1389.0,2466.0,666.0,0.0,666.0,0.0,463.0,463.0,463.0,466.0,465.0,469.0,1898.0,1054.0,3013.0,0.0,666.0,0.0,463.0,463.0,463.0
1.0,7031.0,1412.0,1390.0,2538.0,249.0,0.0,0.0,249.0,463.0,463.0,464.0,467.0,472.0,473.0,2838.0,1649.0,2544.0,0.0,0.0,249.0,463.0,463.0,464.0
1.0,8157.0,1416.0,1391.0,1678.0,722.0,0.0,0.0,722.0,463.0,464.0,464.0,470.0,473.0,473.0,3512.0,2574.0,2071.0,0.0,0.0,722.0,463.0,464.0,464.0
1.0,8419.0,1411.0,1392.0,666.0,1193.0,0.0,0.0,1193.0,464.0,464.0,464.0,469.0,471.0,471.0,3459.0,3362.0,1598.0,0.0,0.0,1193.0,464.0,464.0,464.0
1.0,7674.0,1403.0,1392.0,249.0,1409.0,0.0,0.0,1409.0,464.0,464.0,464.0,469.0,469.0,465.0,2990.0,3557.0,1127.0,0.0,0.0,1409.0,464.0,464.0,464.0
1.0,6520.0,1398.0,1392.0,722.0,1422.0,267.0,0.0,1155.0,464.0,464.0,464.0,468.0,462.0,468.0,2521.0,3088.0,911.0,267.0,0.0,1155.0,464.0,464.0,464.0
1.0,5844.0,1399.0,1392.0,1193.0,1322.0,734.0,160.0,428.0,464.0,464.0,464.0,467.0,466.0,466.0,2053.0,2626.0,1165.0,734.0,160.0,428.0,464.0,464.0,464.0
1.0,5638.0,1408.0,1393.0,1409.0,1831.0,1203.0,628.0,0.0,464.0,464.0,465.0,469.0,468.0,471.0,1586.0,2160.0,1892.0,1203.0,628.0,0.0,464.0,464.0,465.0
1.0,5639.0,1414.0,1394.0,1422.0,2509.0,1408.0,1101.0,0.0,464.0,465.0,465.0,472.0,468.0,474.0,1117.0,1692.0,2830.0,1408.0,1101.0,0.0,464.0,465.0,465.0
1.0,5647.0,1417.0,1395.0,1322.0,2559.0,1148.0,1411.0,0.0,465.0,465.0,465.0,469.0,470.0,478.0,912.0,1224.0,3511.0,1148.0,1411.0,0.0,465.0,465.0,465.0
1.0,5552.0,1417.0,1396.0,1831.0,1673.0,415.0,1258.0,0.0,465.0,465.0,466.0,470.0,475.0,472.0,1177.0,914.0,3461.0,415.0,1258.0,0.0,465.0,465.0,466.0
1.0,5966.0,1412.0,1396.0,2509.0,627.0,0.0,627.0,0.0,465.0,465.0,466.0,470.0,470.0,472.0,1910.0,1067.0,2989.0,0.0,627.0,0.0,465.0,465.0,466.0
1.0,7063.0,1399.0,1396.0,2559.0,281.0,0.0,0.0,281.0,465.0,465.0,466.0,465.0,466.0,468.0,2848.0,1698.0,2517.0,0.0,0.0,281.0,465.0,465.0,466.0
1.0,8223.0,1404.0,1396.0,1673.0,751.0,0.0,0.0,751.0,465.0,465.0,466.0,470.0,464.0,470.0,3531.0,2643.0,2049.0,0.0,0.0,751.0,465.0,465.0,466.0
1.0,8492.0,1412.0,1398.0,627.0,1219.0,0.0,0.0,1219.0,466.0,466.0,466.0,472.0,472.0,468.0,3476.0,3437.0,1579.0,0.0,0.0,1219.0,466.0,466.0,466.0
1.0,7707.0,1424.0,1398.0,281.0,1413.0,0.0,0.0,1413.0,466.0,466.0,466.0,477.0,472.0,475.0,3004.0,3592.0,1111.0,0.0,0.0,1413.0,466.0,466.0,466.0
1.0,6564.0,1420.0,1399.0,751.0,1417.0,277.0,0.0,1140.0,466.0,466.0,467.0,474.0,473.0,473.0,2527.0,3120.0,917.0,277.0,0.0,1140.0,466.0,466.0,467.0
1.0,5895.0,1419.0,1400.0,1219.0,1305.0,756.0,156.0,393.0,467.0,466.0,467.0,474.0,473.0,472.0,2053.0,2647.0,1195.0,756.0,156.0,393.0,467.0,466.0,467.0
1.0,5695.0,1403.0,1400.0,1413.0,1847.0,1224.0,623.0,0.0,467.0,466.0,467.0,468.0,467.0,468.0,1579.0,2174.0,1942.0,1224.0,623.0,0.0,467.0,466.0,467.0
1.0,5705.0,1408.0,1400.0,1417.0,2510.0,1418.0,1092.0,0.0,467.0,466.0,467.0,471.0,469.0,468.0,1111.0,1707.0,2887.0,1418.0,1092.0,0.0,467.0,466.0,467.0
1.0,5714.0,1409.0,1401.0,1305.0,2544.0,1135.0,1409.0,0.0,467.0,467.0,467.0,473.0,468.0,468.0,917.0,1238.0,3559.0,1135.0,1409.0,0.0,467.0,467.0,467.0
1.0,5610.0,1421.0,1401.0,1847.0,1645.0,384.0,1261.0,0.0,467.0,467.0,467.0,473.0,475.0,473.0,1200.0,926.0,3484.0,384.0,1261.0,0.0,467.0,467.0,467.0
1.0,6036.0,1433.0,1403.0,2510.0,649.0,0.0,649.0,0.0,468.0,467.0,468.0,476.0,480.0,477.0,1951.0,1074.0,3011.0,0.0,649.0,0.0,468.0,467.0,468.0
1.0,7113.0,1429.0,1404.0,2544.0,283.0,0.0,0.0,283.0,468.0,468.0,468.0,477.0,475.0,477.0,2893.0,1686.0,2534.0,0.0,0.0,283.0,468.0,468.0,468.0
1.0,8228.0,1417.0,1404.0,1645.0,754.0,0.0,0.0,754.0,468.0,468.0,468.0,473.0,473.0,471.0,3551.0,2620.0,2057.0,0.0,0.0,754.0,468.0,468.0,468.0
1.0,8456.0,1407.0,1404.0,649.0,1222.0,0.0,0.0,1222.0,468.0,468.0,468.0,471.0,468.0,468.0,3462.0,3408.0,1586.0,0.0,0.0,1222.0,468.0,468.0,468.0
1.0,7698.0,1407.0,1404.0,283.0,1409.0,0.0,0.0,1409.0,468.0,468.0,468.0,468.0,469.0,470.0,2991.0,3589.0,1118.0,0.0,0.0,1409.0,468.0,468.0,468.0
1.0,6574.0,1413.0,1404.0,754.0,1415.0,288.0,0.0,1127.0,468.0,468.0,468.0,471.0,470.0,472.0,2523.0,3120.0,931.0,288.0,0.0,1127.0,468.0,468.0,468.0
1.0,5915.0,1421.0,1405.0,1222.0,1309.0,765.0,163.0,381.0,468.0,468.0,469.0,477.0,473.0,471.0,2052.0,2650.0,1213.0,765.0,163.0,381.0,468.0,468.0,469.0
1.0,5716.0,1425.0,1406.0,1409.0,1888.0,1249.0,639.0,0.0,469.0,468.0,469.0,479.0,476.0,470.0,1575.0,2177.0,1964.0,1249.0,639.0,0.0,469.0,468.0,469.0
1.0,5700.0,1442.0,1407.0,1415.0,2568.0,1440.0,1128.0,0.0,469.0,469.0,469.0,479.0,484.0,479.0,1096.0,1701.0,2903.0,1440.0,1128.0,0.0,469.0,469.0,469.0
1.0,5673.0,1435.0,1409.0,1309.0,2602.0,1159.0,1443.0,0.0,470.0,469.0,470.0,479.0,478.0,478.0,905.0,1217.0,3551.0,1159.0,1443.0,0.0,470.0,469.0,470.0
1.0,5547.0,1415.0,1409.0,1888.0,1656.0,378.0,1278.0,0.0,470.0,469.0,470.0,468.0,474.0,473.0,1191.0,902.0,3454.0,378.0,1278.0,0.0,470.0,469.0,470.0
1.0,6020.0,1415.0,1410.0,2568.0,625.0,0.0,625.0,0.0,470.0,470.0,470.0,472.0,470.0,473.0,1972.0,1067.0,2981.0,0.0,625.0,0.0,470.0,470.0,470.0
1.0,7173.0,1416.0,1410.0,2602.0,317.0,0.0,0.0,317.0,470.0,470.0,470.0,471.0,470.0,475.0,2940.0,1725.0,2508.0,0.0,0.0,317.0,470.0,470.0,470.0
1.0,8359.0,1424.0,1410.0,1656.0,791.0,0.0,0.0,791.0,470.0,470.0,470.0,477.0,473.0,474.0,3628.0,2698.0,2033.0,0.0,0.0,791.0,470.0,470.0,470.0
1.0,8591.0,1429.0,1410.0,625.0,1264.0,0.0,0.0,1264.0,470.0,470.0,470.0,480.0,476.0,473.0,3529.0,3503.0,1559.0,0.0,0.0,1264.0,470.0,470.0,470.0
1.0,7787.0,1437.0,1411.0,317.0,1422.0,0.0,0.0,1422.0,471.0,470.0,470.0,478.0,484.0,475.0,3049.0,3652.0,1086.0,0.0,0.0,1422.0,471.0,470.0,470.0
1.0,6667.0,1434.0,1412.0,791.0,1376.0,264.0,0.0,1112.0,471.0,470.0,471.0,480.0,478.0,476.0,2571.0,3168.0,928.0,264.0,0.0,1112.0,471.0,470.0,471.0
1.0,6024.0,1423.0,1412.0,1264.0,1195.0,740.0,134.0,321.0,471.0,470.0,471.0,476.0,474.0,473.0,2091.0,2690.0,1243.0,740.0,134.0,321.0,471.0,470.0,471.0
1.0,5865.0,1415.0,1413.0,1422.0,1825.0,1214.0,611.0,0.0,471.0,471.0,471.0,474.0,472.0,469.0,1615.0,2216.0,2034.0,1214.0,611.0,0.0,471.0,471.0,471.0
1.0,5872.0,1420.0,1413.0,1376.0,2507.0,1422.0,1085.0,0.0,471.0,471.0,471.0,472.0,474.0,474.0,1141.0,1744.0,2987.0,1422.0,1085.0,0.0,471.0,471.0,471.0
1.0,5828.0,1433.0,1413.0,1195.0,2587.0,1160.0,1427.0,0.0,471.0,471.0,471.0,478.0,476.0,479.0,933.0,1270.0,3625.0,1160.0,1427.0,0.0,471.0,471.0,471.0
1.0,5590.0,1444.0,1414.0,1825.0,1728.0,435.0,1293.0,0.0,472.0,471.0,471.0,484.0,477.0,483.0,1195.0,928.0,3467.0,435.0,1293.0,0.0,472.0,471.0,471.0
1.0,5971.0,1443.0,1416.0,2507.0,693.0,0.0,693.0,0.0,472.0,472.0,472.0,479.0,480.0,484.0,1925.0,1062.0,2984.0,0.0,693.0,0.0,472.0,472.0,472.0
1.0,7035.0,1438.0,1416.0,2587.0,340.0,0.0,0.0,340.0,472.0,472.0,472.0,480.0,478.0,480.0,2868.0,1667.0,2500.0,0.0,0.0,340.0,472.0,472.0,472.0
1.0,8184.0,1426.0,1417.0,1728.0,814.0,0.0,0.0,814.0,473.0,472.0,472.0,475.0,477.0,474.0,3548.0,2616.0,2020.0,0.0,0.0,814.0,473.0,472.0,472.0
1.0,8486.0,1423.0,1417.0,693.0,1291.0,0.0,0.0,1291.0,473.0,472.0,472.0,474.0,472.0,477.0,3508.0,3432.0,1546.0,0.0,0.0,1291.0,473.0,472.0,472.0
1.0,7756.0,1425.0,1417.0,340.0,1422.0,0.0,0.0,1422.0,473.0,472.0,472.0,474.0,480.0,471.0,3034.0,3653.0,1069.0,0.0,0.0,1422.0,473.0,472.0,472.0
1.0,6671.0,1435.0,1418.0,814.0,1373.0,283.0,0.0,1090.0,473.0,472.0,473.0,478.0,480.0,477.0,2560.0,3173.0,938.0,283.0,0.0,1090.0,473.0,472.0,473.0
1.0,6050.0,1444.0,1419.0,1291.0,1198.0,765.0,153.0,280.0,473.0,473.0,473.0,482.0,481.0,481.0,2082.0,2693.0,1275.0,765.0,153.0,280.0,473.0,473.0,473.0
1.0,5897.0,1439.0,1420.0,1422.0,1882.0,1250.0,632.0,0.0,474.0,473.0,473.0,480.0,479.0,480.0,1600.0,2212.0,2085.0,1250.0,632.0,0.0,474.0,473.0,473.0
1.0,5880.0,1443.0,1420.0,1373.0,2561.0,1449.0,1112.0,0.0,474.0,473.0,473.0,482.0,480.0,481.0,1120.0,1733.0,3027.0,1449.0,1112.0,0.0,474.0,473.0,473.0
1.0,5810.0,1431.0,1421.0,1198.0,2594.0,1160.0,1434.0,0.0,474.0,473.0,474.0,476.0,475.0,480.0,921.0,1253.0,3636.0,1160.0,1434.0,0.0,474.0,473.0,474.0
1.0,5577.0,1425.0,1421.0,1882.0,1663.0,390.0,1273.0,0.0,474.0,473.0,474.0,480.0,471.0,474.0,1210.0,931.0,3436.0,390.0,1273.0,0.0,474.0,473.0,474.0
1.0,6034.0,1431.0,1422.0,2561.0,645.0,0.0,645.0,0.0,474.0,474.0,474.0,475.0,479.0,477.0,1980.0,1092.0,2962.0,0.0,645.0,0.0,474.0,474.0,474.0
1.0,7164.0,1436.0,1423.0,2594.0,361.0,0.0,0.0,361.0,475.0,474.0,474.0,478.0,482.0,476.0,2954.0,1725.0,2485.0,0.0,0.0,361.0,475.0,474.0,474.0
1.0,8322.0,1453.0,1423.0,1663.0,841.0,0.0,0.0,841.0,475.0,474.0,474.0,485.0,488.0,480.0,3636.0,2677.0,2009.0,0.0,0.0,841.0,475.0,474.0,474.0
1.0,8532.0,1452.0,1424.0,645.0,1323.0,0.0,0.0,1323.0,475.0,475.0,474.0,484.0,486.0,482.0,3541.0,3462.0,1529.0,0.0,0.0,1323.0,475.0,475.0,474.0
1.0,7725.0,1447.0,1425.0,361.0,1451.0,0.0,0.0,1451.0,475.0,475.0,475.0,482.0,481.0,484.0,3057.0,3621.0,1047.0,0.0,0.0,1451.0,475.0,475.0,475.0
1.0,6639.0,1435.0,1426.0,841.0,1370.0,287.0,0.0,1083.0,476.0,475.0,475.0,482.0,480.0,473.0,2575.0,3140.0,924.0,287.0,0.0,1083.0,476.0,475.0,475.0
1.0,6045.0,1429.0,1426.0,1323.0,1191.0,763.0,191.0,237.0,476.0,475.0,475.0,476.0,476.0,477.0,2093.0,2660.0,1292.0,763.0,191.0,237.0,476.0,475.0,475.0
1.0,5939.0,1438.0,1426.0,1451.0,1911.0,1242.0,669.0,0.0,476.0,475.0,475.0,479.0,478.0,481.0,1617.0,2184.0,2138.0,1242.0,669.0,0.0,476.0,475.0,475.0
1.0,5952.0,1437.0,1426.0,1370.0,2582.0,1435.0,1147.0,0.0,476.0,475.0,475.0,480.0,478.0,479.0,1138.0,1706.0,3108.0,1435.0,1147.0,0.0,476.0,475.0,475.0
1.0,5885.0,1459.0,1428.0,1191.0,2610.0,1164.0,1446.0,0.0,477.0,476.0,475.0,487.0,485.0,487.0,945.0,1228.0,3712.0,1164.0,1446.0,0.0,477.0,476.0,475.0
1.0,5617.0,1450.0,1429.0,1911.0,1665.0,405.0,1260.0,0.0,477.0,476.0,476.0,483.0,483.0,484.0,1221.0,934.0,3462.0,405.0,1260.0,0.0,477.0,476.0,476.0
1.0,6078.0,1463.0,1429.0,2582.0,601.0,0.0,601.0,0.0,477.0,476.0,476.0,489.0,488.0,486.0,1980.0,1120.0,2978.0,0.0,601.0,0.0,477.0,476.0,476.0
1.0,7197.0,1437.0,1430.0,2610.0,366.0,0.0,0.0,366.0,477.0,477.0,476.0,480.0,479.0,478.0,2926.0,1779.0,2492.0,0.0,0.0,366.0,477.0,477.0,476.0
1.0,8370.0,1443.0,1430.0,1665.0,847.0,0.0,0.0,847.0,477.0,477.0,476.0,482.0,480.0,481.0,3610.0,2746.0,2014.0,0.0,0.0,847.0,477.0,477.0,476.0
1.0,8592.0,1429.0,1430.0,601.0,1326.0,0.0,0.0,1326.0,477.0,477.0,476.0,474.0,476.0,479.0,3533.0,3526.0,1533.0,0.0,0.0,1326.0,477.0,477.0,476.0
1.0,7764.0,1448.0,1432.0,366.0,1445.0,0.0,0.0,1445.0,478.0,477.0,477.0,484.0,484.0,480.0,3059.0,3651.0,1054.0,0.0,0.0,1445.0,478.0,477.0,477.0
1.0,6682.0,1452.0,1432.0,847.0,1384.0,300.0,0.0,1084.0,478.0,477.0,477.0,485.0,481.0,486.0,2575.0,3167.0,940.0,300.0,0.0,1084.0,478.0,477.0,477.0
1.0,6077.0,1458.0,1433.0,1326.0,1220.0,784.0,190.0,246.0,478.0,478.0,477.0,484.0,486.0,488.0,2090.0,2686.0,1301.0,784.0,190.0,246.0,478.0,478.0,477.0
1.0,5945.0,1455.0,1434.0,1445.0,1943.0,1265.0,678.0,0.0,478.0,478.0,478.0,481.0,488.0,486.0,1606.0,2200.0,2139.0,1265.0,678.0,0.0,478.0,478.0,478.0
1.0,5935.0,1456.0,1434.0,1384.0,2615.0,1451.0,1164.0,0.0,478.0,478.0,478.0,486.0,486.0,484.0,1125.0,1712.0,3098.0,1451.0,1164.0,0.0,478.0,478.0,478.0
1.0,5863.0,1447.0,1435.0,1220.0,2610.0,1155.0,1455.0,0.0,479.0,478.0,478.0,483.0,481.0,483.0,939.0,1226.0,3698.0,1155.0,1455.0,0.0,479.0,478.0,478.0
1.0,5636.0,1447.0,1435.0,1943.0,1633.0,373.0,1260.0,0.0,479.0,478.0,478.0,483.0,483.0,481.0,1240.0,935.0,3461.0,373.0,1260.0,0.0,479.0,478.0,478.0
1.0,6132.0,1460.0,1436.0,2615.0,589.0,0.0,589.0,0.0,479.0,479.0,478.0,484.0,488.0,488.0,2022.0,1130.0,2980.0,0.0,589.0,0.0,479.0,479.0,478.0
1.0,7287.0,1450.0,1437.0,2610.0,386.0,0.0,0.0,386.0,479.0,479.0,479.0,482.0,485.0,483.0,2989.0,1806.0,2492.0,0.0,0.0,386.0,479.0,479.0,479.0
1.0,8447.0,1452.0,1438.0,1633.0,869.0,0.0,0.0,869.0,480.0,479.0,479.0,483.0,486.0,483.0,3662.0,2776.0,2009.0,0.0,0.0,869.0,480.0,479.0,479.0
1.0,8628.0,1463.0,1439.0,589.0,1357.0,0.0,0.0,1357.0,480.0,480.0,479.0,491.0,484.0,488.0,3552.0,3550.0,1526.0,0.0,0.0,1357.0,480.0,480.0,479.0
1.0,7754.0,1447.0,1439.0,386.0,1451.0,0.0,0.0,1451.0,480.0,480.0,479.0,486.0,481.0,480.0,3061.0,3655.0,1038.0,0.0,0.0,1451.0,480.0,480.0,479.0
1.0,6693.0,1442.0,1439.0,869.0,1368.0,307.0,0.0,1061.0,480.0,480.0,479.0,482.0,481.0,479.0,2575.0,3174.0,944.0,307.0,0.0,1061.0,480.0,480.0,479.0
1.0,6120.0,1449.0,1439.0,1357.0,1167.0,791.0,189.0,187.0,480.0,480.0,479.0,484.0,482.0,483.0,2093.0,2693.0,1334.0,791.0,189.0,187.0,480.0,480.0,479.0
1.0,6028.0,1462.0,1440.0,1451.0,1954.0,1278.0,676.0,0.0,480.0,480.0,480.0,487.0,487.0,488.0,1609.0,2211.0,2208.0,1278.0,676.0,0.0,480.0,480.0,480.0
1.0,6017.0,1461.0,1441.0,1368.0,2624.0,1460.0,1164.0,0.0,481.0,480.0,480.0,484.0,488.0,489.0,1122.0,1724.0,3171.0,1460.0,1164.0,0.0,481.0,480.0,480.0
1.0,5924.0,1477.0,1442.0,1167.0,2633.0,1163.0,1470.0,0.0,481.0,481.0,480.0,494.0,490.0,493.0,945.0,1236.0,3743.0,1163.0,1470.0,0.0,481.0,481.0,480.0
1.0,5614.0,1459.0,1443.0,1954.0,1648.0,371.0,1277.0,0.0,481.0,481.0,481.0,486.0,483.0,490.0,1242.0,935.0,3437.0,371.0,1277.0,0.0,481.0,481.0,481.0
1.0,6109.0,1453.0,1443.0,2624.0,597.0,0.0,597.0,0.0,481.0,481.0,481.0,485.0,484.0,484.0,2034.0,1128.0,2947.0,0.0,597.0,0.0,481.0,481.0,481.0
1.0,7280.0,1448.0,1443.0,2633.0,423.0,0.0,0.0,423.0,481.0,481.0,481.0,482.0,485.0,481.0,3009.0,1808.0,2463.0,0.0,0.0,423.0,481.0,481.0,481.0
1.0,8465.0,1450.0,1444.0,1648.0,901.0,0.0,0.0,901.0,482.0,481.0,481.0,487.0,485.0,478.0,3690.0,2793.0,1982.0,0.0,0.0,901.0,482.0,481.0,481.0
1.0,8663.0,1456.0,1444.0,597.0,1383.0,0.0,0.0,1383.0,482.0,481.0,481.0,487.0,487.0,482.0,3574.0,3585.0,1504.0,0.0,0.0,1383.0,482.0,481.0,481.0
1.0,7804.0,1463.0,1446.0,423.0,1451.0,0.0,0.0,1451.0,482.0,482.0,482.0,488.0,489.0,486.0,3087.0,3695.0,1022.0,0.0,0.0,1451.0,482.0,482.0,482.0
1.0,6764.0,1475.0,1446.0,901.0,1342.0,300.0,0.0,1042.0,482.0,482.0,482.0,489.0,494.0,492.0,2599.0,3206.0,959.0,300.0,0.0,1042.0,482.0,482.0,482.0
1.0,6190.0,1463.0,1447.0,1383.0,1125.0,791.0,187.0,147.0,483.0,482.0,482.0,486.0,489.0,488.0,2110.0,2712.0,1368.0,791.0,187.0,147.0,483.0,482.0,482.0
1.0,6110.0,1453.0,1448.0,1451.0,1953.0,1273.0,680.0,0.0,483.0,483.0,482.0,482.0,488.0,483.0,1624.0,2223.0,2263.0,1273.0,680.0,0.0,483.0,483.0,482.0
1.0,6108.0,1458.0,1448.0,1342.0,2625.0,1459.0,1166.0,0.0,483.0,483.0,482.0,486.0,486.0,486.0,1142.0,1735.0,3231.0,1459.0,1166.0,0.0,483.0,483.0,482.0
1.0,5992.0,1460.0,1448.0,1125.0,2618.0,1158.0,1460.0,0.0,483.0,483.0,482.0,490.0,481.0,489.0,956.0,1249.0,3787.0,1158.0,1460.0,0.0,483.0,483.0,482.0
1.0,5657.0,1463.0,1449.0,1953.0,1638.0,372.0,1266.0,0.0,483.0,483.0,483.0,487.0,486.0,490.0,1257.0,955.0,3445.0,372.0,1266.0,0.0,483.0,483.0,483.0
1.0,6147.0,1469.0,1449.0,2625.0,586.0,0.0,586.0,0.0,483.0,483.0,483.0,491.0,486.0,492.0,2043.0,1149.0,2955.0,0.0,586.0,0.0,483.0,483.0,483.0
1.0,7303.0,1470.0,1450.0,2618.0,443.0,0.0,0.0,443.0,484.0,483.0,483.0,490.0,489.0,491.0,3011.0,1829.0,2463.0,0.0,0.0,443.0,484.0,483.0,483.0
1.0,8451.0,1463.0,1451.0,1638.0,929.0,0.0,0.0,929.0,484.0,484.0,483.0,484.0,493.0,486.0,3679.0,2800.0,1972.0,0.0,0.0,929.0,484.0,484.0,483.0
1.0,8626.0,1460.0,1452.0,586.0,1419.0,0.0,0.0,1419.0,484.0,484.0,484.0,485.0,490.0,485.0,3567.0,3573.0,1486.0,0.0,0.0,1419.0,484.0,484.0,484.0
1.0,7752.0,1463.0,1452.0,443.0,1464.0,0.0,0.0,1464.0,484.0,484.0,484.0,486.0,489.0,488.0,3082.0,3669.0,1001.0,0.0,0.0,1464.0,484.0,484.0,484.0
1.0,6732.0,1462.0,1452.0,929.0,1336.0,314.0,0.0,1022.0,484.0,484.0,484.0,490.0,485.0,487.0,2596.0,3180.0,956.0,314.0,0.0,1022.0,484.0,484.0,484.0
1.0,6199.0,1470.0,1452.0,1419.0,1112.0,806.0,212.0,94.0,484.0,484.0,484.0,492.0,487.0,491.0,2106.0,2695.0,1398.0,806.0,212.0,94.0,484.0,484.0,484.0
1.0,6148.0,1485.0,1454.0,1464.0,2016.0,1308.0,708.0,0.0,485.0,485.0,484.0,497.0,491.0,497.0,1614.0,2208.0,2326.0,1308.0,708.0,0.0,485.0,485.0,484.0
1.0,6127.0,1475.0,1455.0,1336.0,2684.0,1484.0,1200.0,0.0,485.0,485.0,485.0,490.0,492.0,493.0,1117.0,1717.0,3293.0,1484.0,1200.0,0.0,485.0,485.0,485.0
1.0,5988.0,1467.0,1455.0,1112.0,2644.0,1166.0,1478.0,0.0,485.0,485.0,485.0,488.0,490.0,489.0,941.0,1225.0,3822.0,1166.0,1478.0,0.0,485.0,485.0,485.0
1.0,5633.0,1464.0,1455.0,2016.0,1606.0,349.0,1257.0,0.0,485.0,485.0,485.0,491.0,487.0,486.0,1259.0,947.0,3427.0,349.0,1257.0,0.0,485.0,485.0,485.0
1.0,6185.0,1458.0,1455.0,2684.0,546.0,0.0,546.0,0.0,485.0,485.0,485.0,486.0,489.0,483.0,2076.0,1168.0,2941.0,0.0,546.0,0.0,485.0,485.0,485.0
1.0,7411.0,1460.0,1455.0,2644.0,455.0,0.0,0.0,455.0,485.0,485.0,485.0,485.0,487.0,488.0,3074.0,1879.0,2458.0,0.0,0.0,455.0,485.0,485.0,485.0
1.0,8595.0,1476.0,1458.0,1606.0,950.0,0.0,0.0,950.0,486.0,486.0,486.0,491.0,495.0,490.0,3755.0,2870.0,1970.0,0.0,0.0,950.0,486.0,486.0,486.0
1.0,8725.0,1490.0,1458.0,546.0,1446.0,0.0,0.0,1446.0,486.0,486.0,486.0,499.0,495.0,496.0,3613.0,3632.0,1480.0,0.0,0.0,1446.0,486.0,486.0,486.0
1.0,7781.0,1490.0,1458.0,455.0,1489.0,0.0,0.0,1489.0,486.0,486.0,486.0,500.0,492.0,498.0,3114.0,3683.0,984.0,0.0,0.0,1489.0,486.0,486.0,486.0
1.0,6746.0,1486.0,1461.0,950.0,1355.0,314.0,0.0,1041.0,487.0,487.0,487.0,493.0,496.0,497.0,2614.0,3191.0,941.0,314.0,0.0,1041.0,487.0,487.0,487.0
1.0,6210.0,1468.0,1461.0,1446.0,1117.0,801.0,228.0,88.0,487.0,487.0,487.0,487.0,488.0,493.0,2121.0,2695.0,1394.0,801.0,228.0,88.0,487.0,487.0,487.0
1.0,6188.0,1467.0,1461.0,1489.0,2008.0,1292.0,716.0,0.0,487.0,487.0,487.0,491.0,488.0,488.0,1634.0,2207.0,2347.0,1292.0,716.0,0.0,487.0,487.0,487.0
1.0,6210.0,1465.0,1461.0,1355.0,2669.0,1464.0,1205.0,0.0,487.0,487.0,487.0,486.0,489.0,490.0,1143.0,1719.0,3348.0,1464.0,1205.0,0.0,487.0,487.0,487.0
1.0,6100.0,1478.0,1461.0,1117.0,2626.0,1156.0,1470.0,0.0,487.0,487.0,487.0,493.0,493.0,492.0,971.0,1230.0,3899.0,1156.0,1470.0,0.0,487.0,487.0,487.0
1.0,5739.0,1486.0,1461.0,2008.0,1608.0,359.0,1249.0,0.0,487.0,487.0,487.0,495.0,495.0,496.0,1279.0,965.0,3495.0,359.0,1249.0,0.0,487.0,487.0,487.0
1.0,6261.0,1488.0,1464.0,2669.0,544.0,0.0,544.0,0.0,488.0,488.0,488.0,498.0,495.0,495.0,2076.0,1186.0,2999.0,0.0,544.0,0.0,488.0,488.0,488.0
1.0,7442.0,1484.0,1464.0,2626.0,428.0,0.0,0.0,428.0,488.0,488.0,488.0,496.0,496.0,492.0,3042.0,1896.0,2504.0,0.0,0.0,428.0,488.0,488.0,488.0
1.0,8584.0,1472.0,1464.0,1608.0,918.0,0.0,0.0,918.0,488.0,488.0,488.0,491.0,491.0,490.0,3702.0,2870.0,2012.0,0.0,0.0,918.0,488.0,488.0,488.0
1.0,8720.0,1474.0,1464.0,544.0,1412.0,0.0,0.0,1412.0,488.0,488.0,488.0,490.0,490.0,494.0,3570.0,3628.0,1522.0,0.0,0.0,1412.0,488.0,488.0,488.0
1.0,7790.0,1461.0,1464.0,428.0,1474.0,0.0,0.0,1474.0,488.0,488.0,488.0,483.0,488.0,490.0,3080.0,3682.0,1028.0,0.0,0.0,1474.0,488.0,488.0,488.0
1.0,6757.0,1476.0,1464.0,918.0,1382.0,334.0,0.0,1048.0,488.0,488.0,488.0,491.0,493.0,492.0,2597.0,3194.0,966.0,334.0,0.0,1048.0,488.0,488.0,488.0
1.0,6199.0,1493.0,1467.0,1412.0,1217.0,838.0,238.0,141.0,489.0,489.0,489.0,499.0,494.0,500.0,2106.0,2701.0,1392.0,838.0,238.0,141.0,489.0,489.0,489.0
1.0,6118.0,1494.0,1467.0,1474.0,2071.0,1337.0,734.0,0.0,489.0,489.0,489.0,499.0,496.0,499.0,1607.0,2207.0,2304.0,1337.0,734.0,0.0,489.0,489.0,489.0
1.0,6098.0,1488.0,1467.0,1382.0,2731.0,1500.0,1231.0,0.0,489.0,489.0,489.0,497.0,497.0,494.0,1108.0,1711.0,3279.0,1500.0,1231.0,0.0,489.0,489.0,489.0
1.0,5992.0,1475.0,1467.0,1217.0,2640.0,1152.0,1488.0,0.0,489.0,489.0,489.0,490.0,495.0,490.0,945.0,1214.0,3833.0,1152.0,1488.0,0.0,489.0,489.0,489.0
1.0,5734.0,1474.0,1468.0,2071.0,1560.0,313.0,1247.0,0.0,490.0,489.0,489.0,493.0,493.0,488.0,1293.0,957.0,3484.0,313.0,1247.0,0.0,490.0,489.0,489.0
1.0,6331.0,1468.0,1468.0,2731.0,507.0,0.0,507.0,0.0,490.0,489.0,489.0,488.0,491.0,489.0,2137.0,1198.0,2996.0,0.0,507.0,0.0,490.0,489.0,489.0
1.0,7594.0,1483.0,1470.0,2640.0,438.0,0.0,0.0,438.0,490.0,490.0,490.0,496.0,492.0,495.0,3149.0,1938.0,2507.0,0.0,0.0,438.0,490.0,490.0,490.0
1.0,8751.0,1491.0,1470.0,1560.0,938.0,0.0,0.0,938.0,490.0,490.0,490.0,496.0,495.0,500.0,3805.0,2934.0,2012.0,0.0,0.0,938.0,490.0,490.0,490.0
1.0,8820.0,1500.0,1470.0,507.0,1440.0,0.0,0.0,1440.0,490.0,490.0,490.0,499.0,499.0,502.0,3622.0,3686.0,1512.0,0.0,0.0,1440.0,490.0,490.0,490.0
1.0,7827.0,1495.0,1472.0,438.0,1503.0,0.0,0.0,1503.0,491.0,490.0,491.0,501.0,498.0,496.0,3123.0,3694.0,1010.0,0.0,0.0,1503.0,491.0,490.0,491.0
1.0,6770.0,1487.0,1473.0,938.0,1388.0,328.0,0.0,1060.0,491.0,491.0,491.0,495.0,497.0,495.0,2622.0,3196.0,952.0,328.0,0.0,1060.0,491.0,491.0,491.0
1.0,6221.0,1476.0,1473.0,1440.0,1180.0,820.0,246.0,114.0,491.0,491.0,491.0,492.0,490.0,494.0,2127.0,2699.0,1395.0,820.0,246.0,114.0,491.0,491.0,491.0
1.0,6185.0,1477.0,1473.0,1503.0,2054.0,1313.0,741.0,0.0,491.0,491.0,491.0,493.0,495.0,489.0,1635.0,2209.0,2341.0,1313.0,741.0,0.0,491.0,491.0,491.0
1.0,6211.0,1482.0,1473.0,1388.0,2712.0,1476.0,1236.0,0.0,491.0,491.0,491.0,491.0,495.0,496.0,1142.0,1714.0,3355.0,1476.0,1236.0,0.0,491.0,491.0,491.0
1.0,6117.0,1499.0,1473.0,1180.0,2649.0,1158.0,1491.0,0.0,491.0,491.0,491.0,502.0,501.0,496.0,979.0,1219.0,3919.0,1158.0,1491.0,0.0,491.0,491.0,491.0
1.0,5798.0,1499.0,1476.0,2054.0,1604.0,352.0,1252.0,0.0,492.0,492.0,492.0,502.0,497.0,500.0,1297.0,964.0,3537.0,352.0,1252.0,0.0,492.0,492.0,492.0
1.0,6353.0,1492.0,1476.0,2712.0,512.0,0.0,512.0,0.0,492.0,492.0,492.0,499.0,496.0,497.0,2108.0,1208.0,3037.0,0.0,512.0,0.0,492.0,492.0,492.0
1.0,7573.0,1485.0,1476.0,2649.0,415.0,0.0,0.0,415.0,492.0,492.0,492.0,494.0,496.0,495.0,3085.0,1948.0,2540.0,0.0,0.0,415.0,492.0,492.0,492.0
1.0,8737.0,1477.0,1476.0,1604.0,911.0,0.0,0.0,911.0,492.0,492.0,492.0,493.0,488.0,496.0,3749.0,2943.0,2045.0,0.0,0.0,911.0,492.0,492.0,492.0
1.0,8864.0,1490.0,1476.0,512.0,1410.0,0.0,0.0,1410.0,492.0,492.0,492.0,495.0,496.0,499.0,3608.0,3707.0,1549.0,0.0,0.0,1410.0,492.0,492.0,492.0
1.0,7886.0,1500.0,1478.0,415.0,1499.0,0.0,0.0,1499.0,493.0,492.0,493.0,498.0,503.0,499.0,3113.0,3723.0,1050.0,0.0,0.0,1499.0,493.0,492.0,493.0
1.0,6801.0,1501.0,1478.0,911.0,1439.0,349.0,0.0,1090.0,493.0,492.0,493.0,499.0,500.0,502.0,2615.0,3220.0,966.0,349.0,0.0,1090.0,493.0,492.0,493.0
1.0,6211.0,1512.0,1479.0,1410.0,1286.0,853.0,250.0,183.0,493.0,493.0,493.0,504.0,505.0,503.0,2116.0,2720.0,1375.0,853.0,250.0,183.0,493.0,493.0,493.0
1.0,6109.0,1501.0,1480.0,1499.0,2104.0,1354.0,750.0,0.0,493.0,493.0,494.0,501.0,500.0,500.0,1612.0,2215.0,2282.0,1354.0,750.0,0.0,493.0,493.0,494.0
1.0,6107.0,1491.0,1481.0,1439.0,2757.0,1508.0,1249.0,0.0,494.0,493.0,494.0,498.0,499.0,494.0,1111.0,1715.0,3281.0,1508.0,1249.0,0.0,494.0,493.0,494.0
1.0,6055.0,1482.0,1482.0,1286.0,2648.0,1150.0,1498.0,0.0,494.0,494.0,494.0,495.0,494.0,493.0,962.0,1216.0,3877.0,1150.0,1498.0,0.0,494.0,494.0,494.0
1.0,5859.0,1481.0,1482.0,2104.0,1534.0,296.0,1238.0,0.0,494.0,494.0,494.0,500.0,490.0,491.0,1320.0,972.0,3567.0,296.0,1238.0,0.0,494.0,494.0,494.0
1.0,6482.0,1491.0,1482.0,2757.0,487.0,0.0,487.0,0.0,494.0,494.0,494.0,497.0,498.0,496.0,2174.0,1232.0,3076.0,0.0,487.0,0.0,494.0,494.0,494.0
1.0,7748.0,1503.0,1482.0,2648.0,393.0,0.0,0.0,393.0,494.0,494.0,494.0,497.0,503.0,503.0,3185.0,1983.0,2580.0,0.0,0.0,393.0,494.0,494.0,494.0
1.0,8893.0,1507.0,1484.0,1534.0,903.0,0.0,0.0,903.0,495.0,494.0,495.0,499.0,503.0,505.0,3838.0,2978.0,2077.0,0.0,0.0,903.0,495.0,494.0,495.0
1.0,8920.0,1508.0,1485.0,487.0,1405.0,0.0,0.0,1405.0,495.0,495.0,495.0,503.0,503.0,502.0,3635.0,3713.0,1572.0,0.0,0.0,1405.0,495.0,495.0,495.0
1.0,7899.0,1505.0,1485.0,393.0,1514.0,0.0,0.0,1514.0,495.0,495.0,495.0,504.0,499.0,502.0,3132.0,3697.0,1070.0,0.0,0.0,1514.0,495.0,495.0,495.0
1.0,6787.0,1498.0,1485.0,903.0,1457.0,348.0,0.0,1109.0,495.0,495.0,495.0,501.0,499.0,498.0,2628.0,3198.0,961.0,348.0,0.0,1109.0,495.0,495.0,495.0
1.0,6192.0,1492.0,1485.0,1405.0,1320.0,845.0,270.0,205.0,495.0,495.0,495.0,497.0,494.0,501.0,2127.0,2699.0,1366.0,845.0,270.0,205.0,495.0,495.0,495.0
1.0,6105.0,1496.0,1485.0,1514.0,2110.0,1343.0,767.0,0.0,495.0,495.0,495.0,498.0,497.0,501.0,1630.0,2205.0,2270.0,1343.0,767.0,0.0,495.0,495.0,495.0
1.0,6123.0,1508.0,1487.0,1457.0,2773.0,1504.0,1269.0,0.0,496.0,495.0,496.0,504.0,502.0,502.0,1132.0,1708.0,3283.0,1504.0,1269.0,0.0,496.0,495.0,496.0
1.0,6072.0,1507.0,1488.0,1320.0,2667.0,1161.0,1506.0,0.0,496.0,496.0,496.0,502.0,502.0,503.0,976.0,1206.0,3890.0,1161.0,1506.0,0.0,496.0,496.0,496.0
1.0,5885.0,1503.0,1488.0,2110.0,1558.0,313.0,1245.0,0.0,496.0,496.0,496.0,495.0,506.0,502.0,1319.0,974.0,3592.0,313.0,1245.0,0.0,496.0,496.0,496.0
1.0,6492.0,1500.0,1488.0,2773.0,480.0,0.0,480.0,0.0,496.0,496.0,496.0,499.0,504.0,497.0,2167.0,1235.0,3090.0,0.0,480.0,0.0,496.0,496.0,496.0
1.0,7765.0,1498.0,1488.0,2667.0,386.0,0.0,0.0,386.0,496.0,496.0,496.0,499.0,500.0,499.0,3172.0,2000.0,2593.0,0.0,0.0,386.0,496.0,496.0,496.0
1.0,8934.0,1497.0,1488.0,1558.0,885.0,0.0,0.0,885.0,496.0,496.0,496.0,498.0,500.0,499.0,3834.0,3006.0,2094.0,0.0,0.0,885.0,496.0,496.0,496.0
1.0,8995.0,1508.0,1491.0,480.0,1396.0,0.0,0.0,1396.0,497.0,497.0,497.0,503.0,499.0,506.0,3649.0,3751.0,1595.0,0.0,0.0,1396.0,497.0,497.0,497.0
1.0,7967.0,1518.0,1491.0,386.0,1517.0,0.0,0.0,1517.0,497.0,497.0,497.0,504.0,507.0,507.0,3146.0,3732.0,1089.0,0.0,0.0,1517.0,497.0,497.0,497.0
1.0,6835.0,1519.0,1491.0,885.0,1487.0,345.0,0.0,1142.0,497.0,497.0,497.0,502.0,507.0,510.0,2642.0,3225.0,968.0,345.0,0.0,1142.0,497.0,497.0,497.0
1.0,6201.0,1511.0,1492.0,1396.0,1374.0,849.0,268.0,257.0,497.0,497.0,498.0,504.0,501.0,506.0,2140.0,2718.0,1343.0,849.0,268.0,257.0,497.0,497.0,498.0
1.0,6086.0,1510.0,1493.0,1517.0,2131.0,1353.0,778.0,0.0,497.0,498.0,498.0,504.0,505.0,501.0,1636.0,2217.0,2233.0,1353.0,778.0,0.0,497.0,498.0,498.0
1.0,6093.0,1491.0,1493.0,1487.0,2781.0,1505.0,1276.0,0.0,497.0,498.0,498.0,497.0,498.0,496.0,1132.0,1712.0,3249.0,1505.0,1276.0,0.0,497.0,498.0,498.0
1.0,6089.0,1500.0,1494.0,1374.0,2671.0,1163.0,1508.0,0.0,498.0,498.0,498.0,502.0,500.0,498.0,980.0,1214.0,3895.0,1163.0,1508.0,0.0,498.0,498.0,498.0
1.0,5963.0,1513.0,1494.0,2131.0,1551.0,318.0,1233.0,0.0,498.0,498.0,498.0,508.0,503.0,502.0,1327.0,982.0,3654.0,318.0,1233.0,0.0,498.0,498.0,498.0
1.0,6581.0,1524.0,1494.0,2781.0,465.0,0.0,465.0,0.0,498.0,498.0,498.0,510.0,508.0,506.0,2172.0,1257.0,3152.0,0.0,465.0,0.0,498.0,498.0,498.0
1.0,7838.0,1524.0,1497.0,2671.0,360.0,0.0,0.0,360.0,499.0,499.0,499.0,505.0,508.0,511.0,3167.0,2025.0,2646.0,0.0,0.0,360.0,499.0,499.0,499.0
1.0,8985.0,1520.0,1497.0,1551.0,868.0,0.0,0.0,868.0,499.0,499.0,499.0,505.0,507.0,508.0,3825.0,3025.0,2135.0,0.0,0.0,868.0,499.0,499.0,499.0
1.0,9016.0,1502.0,1497.0,465.0,1372.0,0.0,0.0,1372.0,499.0,499.0,499.0,499.0,499.0,504.0,3638.0,3751.0,1627.0,0.0,0.0,1372.0,499.0,499.0,499.0
1.0,7979.0,1502.0,1497.0,360.0,1510.0,0.0,0.0,1510.0,499.0,499.0,499.0,501.0,503.0,498.0,3139.0,3717.0,1123.0,0.0,0.0,1510.0,499.0,499.0,499.0
1.0,6837.0,1503.0,1497.0,868.0,1503.0,358.0,0.0,1145.0,499.0,499.0,499.0,501.0,499.0,503.0,2638.0,3214.0,985.0,358.0,0.0,1145.0,499.0,499.0,499.0
1.0,6202.0,1516.0,1498.0,1372.0,1432.0,861.0,286.0,285.0,499.0,499.0,500.0,503.0,506.0,507.0,2137.0,2715.0,1350.0,861.0,286.0,285.0,499.0,499.0,500.0
1.0,6058.0,1522.0,1500.0,1510.0,2174.0,1374.0,800.0,0.0,500.0,500.0,500.0,508.0,509.0,505.0,1634.0,2209.0,2215.0,1374.0,800.0,0.0,500.0,500.0,500.0
1.0,6046.0,1531.0,1500.0,1503.0,2841.0,1528.0,1313.0,0.0,500.0,500.0,500.0,512.0,513.0,506.0,1126.0,1700.0,3220.0,1528.0,1313.0,0.0,500.0,500.0,500.0
1.0,6018.0,1523.0,1502.0,1432.0,2714.0,1171.0,1543.0,0.0,500.0,501.0,501.0,504.0,511.0,508.0,972.0,1187.0,3859.0,1171.0,1543.0,0.0,500.0,501.0,501.0
1.0,5927.0,1510.0,1502.0,2174.0,1546.0,297.0,1249.0,0.0,500.0,501.0,501.0,500.0,506.0,504.0,1329.0,962.0,3636.0,297.0,1249.0,0.0,500.0,501.0,501.0
1.0,6591.0,1503.0,1502.0,2841.0,439.0,0.0,439.0,0.0,500.0,501.0,501.0,498.0,503.0,502.0,2203.0,1256.0,3132.0,0.0,439.0,0.0,500.0,501.0,501.0
1.0,7929.0,1497.0,1502.0,2714.0,373.0,0.0,0.0,373.0,500.0,501.0,501.0,498.0,501.0,498.0,3233.0,2066.0,2630.0,0.0,0.0,373.0,500.0,501.0,501.0
1.0,9146.0,1518.0,1502.0,1546.0,880.0,0.0,0.0,880.0,500.0,501.0,501.0,505.0,506.0,507.0,3906.0,3108.0,2132.0,0.0,0.0,880.0,500.0,501.0,501.0
1.0,9174.0,1527.0,1503.0,439.0,1388.0,0.0,0.0,1388.0,501.0,501.0,501.0,511.0,508.0,508.0,3698.0,3851.0,1625.0,0.0,0.0,1388.0,501.0,501.0,501.0
1.0,8086.0,1534.0,1505.0,373.0,1533.0,0.0,0.0,1533.0,501.0,502.0,502.0,515.0,506.0,513.0,3187.0,3782.0,1117.0,0.0,0.0,1533.0,501.0,502.0,502.0
1.0,6925.0,1530.0,1506.0,880.0,1509.0,348.0,0.0,1161.0,502.0,502.0,502.0,510.0,512.0,508.0,2672.0,3276.0,977.0,348.0,0.0,1161.0,502.0,502.0,502.0
1.0,6275.0,1513.0,1506.0,1388.0,1380.0,850.0,253.0,277.0,502.0,502.0,502.0,502.0,507.0,504.0,2162.0,2764.0,1349.0,850.0,253.0,277.0,502.0,502.0,502.0
1.0,6150.0,1506.0,1506.0,1533.0,2106.0,1350.0,756.0,0.0,502.0,502.0,502.0,500.0,503.0,503.0,1660.0,2257.0,2233.0,1350.0,756.0,0.0,502.0,502.0,502.0
1.0,6177.0,1508.0,1506.0,1509.0,2764.0,1504.0,1260.0,0.0,502.0,502.0,502.0,502.0,504.0,502.0,1160.0,1754.0,3263.0,1504.0,1260.0,0.0,502.0,502.0,502.0
1.0,6178.0,1519.0,1507.0,1380.0,2678.0,1159.0,1519.0,0.0,502.0,503.0,502.0,505.0,507.0,507.0,1006.0,1250.0,3922.0,1159.0,1519.0,0.0,502.0,503.0,502.0
1.0,6039.0,1532.0,1508.0,2106.0,1596.0,322.0,1274.0,0.0,502.0,503.0,503.0,513.0,511.0,508.0,1351.0,996.0,3692.0,322.0,1274.0,0.0,502.0,503.0,503.0
1.0,6613.0,1533.0,1509.0,2764.0,522.0,0.0,522.0,0.0,503.0,503.0,503.0,515.0,508.0,510.0,2188.0,1241.0,3184.0,0.0,522.0,0.0,503.0,503.0,503.0
1.0,7844.0,1533.0,1509.0,2678.0,356.0,0.0,0.0,356.0,503.0,503.0,503.0,509.0,509.0,515.0,3177.0,1993.0,2674.0,0.0,0.0,356.0,503.0,503.0,503.0
1.0,8989.0,1527.0,1509.0,1596.0,868.0,0.0,0.0,868.0,503.0,503.0,503.0,507.0,508.0,512.0,3827.0,3003.0,2159.0,0.0,0.0,868.0,503.0,503.0,503.0
1.0,9058.0,1519.0,1510.0,522.0,1375.0,0.0,0.0,1375.0,503.0,504.0,503.0,505.0,507.0,507.0,3642.0,3769.0,1647.0,0.0,0.0,1375.0,503.0,504.0,503.0
1.0,8061.0,1516.0,1511.0,356.0,1528.0,0.0,0.0,1528.0,503.0,504.0,504.0,504.0,508.0,504.0,3137.0,3784.0,1140.0,0.0,0.0,1528.0,503.0,504.0,504.0
1.0,6901.0,1520.0,1511.0,868.0,1552.0,387.0,0.0,1165.0,503.0,504.0,504.0,505.0,510.0,505.0,2633.0,3276.0,992.0,387.0,0.0,1165.0,503.0,504.0,504.0
1.0,6249.0,1538.0,1512.0,1375.0,1474.0,907.0,264.0,303.0,504.0,504.0,504.0,515.0,510.0,513.0,2128.0,2766.0,1355.0,907.0,264.0,303.0,504.0,504.0,504.0
1.0,6086.0,1536.0,1513.0,1528.0,2200.0,1420.0,780.0,0.0,504.0,505.0,504.0,513.0,511.0,512.0,1613.0,2256.0,2217.0,1420.0,780.0,0.0,504.0,505.0,504.0
1.0,6078.0,1529.0,1514.0,1552.0,2834.0,1544.0,1290.0,0.0,504.0,505.0,505.0,511.0,510.0,508.0,1100.0,1745.0,3233.0,1544.0,1290.0,0.0,504.0,505.0,505.0
1.0,6101.0,1522.0,1514.0,1474.0,2677.0,1145.0,1532.0,0.0,504.0,505.0,505.0,508.0,506.0,508.0,976.0,1235.0,3890.0,1145.0,1532.0,0.0,504.0,505.0,505.0
1.0,6053.0,1520.0,1514.0,2200.0,1487.0,228.0,1259.0,0.0,504.0,505.0,505.0,503.0,507.0,510.0,1375.0,993.0,3685.0,228.0,1259.0,0.0,504.0,505.0,505.0
1.0,6733.0,1518.0,1514.0,2834.0,477.0,0.0,477.0,0.0,504.0,505.0,505.0,503.0,508.0,507.0,2292.0,1266.0,3175.0,0.0,477.0,0.0,504.0,505.0,505.0
1.0,8049.0,1526.0,1514.0,2677.0,368.0,0.0,0.0,368.0,504.0,505.0,505.0,506.0,509.0,511.0,3333.0,2048.0,2668.0,0.0,0.0,368.0,504.0,505.0,505.0
1.0,9200.0,1538.0,1516.0,1487.0,881.0,0.0,0.0,881.0,505.0,506.0,505.0,510.0,515.0,513.0,3972.0,3071.0,2157.0,0.0,0.0,881.0,505.0,506.0,505.0
1.0,9149.0,1551.0,1517.0,477.0,1406.0,0.0,0.0,1406.0,505.0,506.0,506.0,516.0,515.0,520.0,3690.0,3815.0,1644.0,0.0,0.0,1406.0,505.0,506.0,506.0
1.0,8075.0,1545.0,1517.0,368.0,1553.0,0.0,0.0,1553.0,505.0,506.0,506.0,515.0,515.0,515.0,3174.0,3777.0,1124.0,0.0,0.0,1553.0,505.0,506.0,506.0
1.0,6898.0,1530.0,1517.0,881.0,1560.0,378.0,0.0,1182.0,505.0,506.0,506.0,512.0,508.0,510.0,2659.0,3262.0,977.0,378.0,0.0,1182.0,505.0,506.0,506.0
1.0,6249.0,1525.0,1519.0,1406.0,1465.0,891.0,291.0,283.0,506.0,507.0,506.0,508.0,510.0,507.0,2147.0,2754.0,1348.0,891.0,291.0,283.0,506.0,507.0,506.0
1.0,6130.0,1511.0,1518.0,1553.0,2185.0,1397.0,788.0,0.0,506.0,506.0,506.0,506.0,502.0,503.0,1639.0,2244.0,2247.0,1397.0,788.0,0.0,506.0,506.0,506.0
1.0,6172.0,1527.0,1520.0,1560.0,2831.0,1529.0,1302.0,0.0,506.0,507.0,507.0,510.0,509.0,508.0,1133.0,1742.0,3297.0,1529.0,1302.0,0.0,506.0,507.0,507.0
1.0,6205.0,1540.0,1520.0,1465.0,2676.0,1152.0,1524.0,0.0,506.0,507.0,507.0,514.0,513.0,513.0,1001.0,1233.0,3971.0,1152.0,1524.0,0.0,506.0,507.0,507.0
1.0,6130.0,1550.0,1521.0,2185.0,1531.0,273.0,1258.0,0.0,507.0,507.0,507.0,513.0,522.0,515.0,1378.0,1011.0,3741.0,273.0,1258.0,0.0,507.0,507.0,507.0
1.0,6765.0,1542.0,1522.0,2831.0,476.0,0.0,476.0,0.0,507.0,508.0,507.0,513.0,515.0,514.0,2262.0,1277.0,3226.0,0.0,476.0,0.0,507.0,508.0,507.0
1.0,8054.0,1538.0,1522.0,2676.0,336.0,0.0,0.0,336.0,507.0,508.0,507.0,516.0,509.0,513.0,3278.0,2064.0,2712.0,0.0,0.0,336.0,507.0,508.0,507.0
1.0,9192.0,1535.0,1523.0,1531.0,855.0,0.0,0.0,855.0,507.0,508.0,508.0,510.0,511.0,514.0,3914.0,3079.0,2199.0,0.0,0.0,855.0,507.0,508.0,508.0
1.0,9188.0,1536.0,1523.0,476.0,1367.0,0.0,0.0,1367.0,507.0,508.0,508.0,512.0,512.0,512.0,3677.0,3826.0,1685.0,0.0,0.0,1367.0,507.0,508.0,508.0
1.0,8128.0,1531.0,1523.0,336.0,1542.0,0.0,0.0,1542.0,507.0,508.0,508.0,510.0,510.0,511.0,3165.0,3790.0,1173.0,0.0,0.0,1542.0,507.0,508.0,508.0
1.0,6933.0,1546.0,1524.0,855.0,1603.0,398.0,0.0,1205.0,508.0,508.0,508.0,513.0,515.0,518.0,2655.0,3280.0,998.0,398.0,0.0,1205.0,508.0,508.0,508.0
1.0,6242.0,1547.0,1526.0,1367.0,1568.0,917.0,295.0,356.0,508.0,509.0,509.0,519.0,515.0,513.0,2142.0,2765.0,1335.0,917.0,295.0,356.0,508.0,509.0,509.0
1.0,6062.0,1539.0,1526.0,1542.0,2240.0,1432.0,808.0,0.0,508.0,509.0,509.0,515.0,513.0,511.0,1623.0,2250.0,2189.0,1432.0,808.0,0.0,508.0,509.0,509.0
1.0,6065.0,1537.0,1526.0,1603.0,2865.0,1547.0,1318.0,0.0,508.0,509.0,509.0,513.0,510.0,514.0,1108.0,1737.0,3220.0,1547.0,1318.0,0.0,508.0,509.0,509.0
1.0,6131.0,1543.0,1526.0,1568.0,2683.0,1146.0,1537.0,0.0,508.0,509.0,509.0,516.0,514.0,513.0,993.0,1227.0,3911.0,1146.0,1537.0,0.0,508.0,509.0,509.0
1.0,6156.0,1537.0,1526.0,2240.0,1469.0,223.0,1246.0,0.0,508.0,509.0,509.0,509.0,517.0,511.0,1394.0,1008.0,3754.0,223.0,1246.0,0.0,508.0,509.0,509.0
1.0,6859.0,1546.0,1527.0,2865.0,445.0,0.0,445.0,0.0,509.0,509.0,509.0,513.0,517.0,516.0,2317.0,1299.0,3243.0,0.0,445.0,0.0,509.0,509.0,509.0
1.0,8178.0,1552.0,1529.0,2683.0,341.0,0.0,0.0,341.0,509.0,510.0,510.0,517.0,517.0,518.0,3351.0,2100.0,2727.0,0.0,0.0,341.0,509.0,510.0,510.0
1.0,9309.0,1556.0,1529.0,1469.0,862.0,0.0,0.0,862.0,509.0,510.0,510.0,517.0,518.0,521.0,3980.0,3120.0,2209.0,0.0,0.0,862.0,509.0,510.0,510.0
1.0,9222.0,1550.0,1530.0,445.0,1376.0,0.0,0.0,1376.0,510.0,510.0,510.0,519.0,517.0,514.0,3686.0,3848.0,1688.0,0.0,0.0,1376.0,510.0,510.0,510.0
1.0,8117.0,1535.0,1530.0,341.0,1548.0,0.0,0.0,1548.0,510.0,510.0,510.0,513.0,509.0,513.0,3167.0,3776.0,1174.0,0.0,0.0,1548.0,510.0,510.0,510.0
1.0,6923.0,1537.0,1530.0,862.0,1607.0,408.0,0.0,1199.0,510.0,510.0,510.0,512.0,512.0,513.0,2654.0,3267.0,1002.0,408.0,0.0,1199.0,510.0,510.0,510.0
1.0,6248.0,1530.0,1530.0,1376.0,1556.0,923.0,302.0,331.0,510.0,510.0,510.0,515.0,507.0,508.0,2142.0,2755.0,1351.0,923.0,302.0,331.0,510.0,510.0,510.0
1.0,6094.0,1552.0,1531.0,1548.0,2262.0,1440.0,822.0,0.0,510.0,510.0,511.0,517.0,520.0,515.0,1627.0,2248.0,2219.0,1440.0,822.0,0.0,510.0,510.0,511.0
1.0,6090.0,1558.0,1533.0,1607.0,2902.0,1555.0,1347.0,0.0,511.0,511.0,511.0,518.0,520.0,520.0,1110.0,1728.0,3252.0,1555.0,1347.0,0.0,511.0,511.0,511.0
1.0,6139.0,1558.0,1533.0,1556.0,2716.0,1148.0,1568.0,0.0,511.0,511.0,511.0,516.0,523.0,519.0,1000.0,1208.0,3931.0,1148.0,1568.0,0.0,511.0,511.0,511.0
1.0,6137.0,1555.0,1534.0,2262.0,1488.0,224.0,1264.0,0.0,511.0,511.0,512.0,516.0,518.0,521.0,1407.0,987.0,3743.0,224.0,1264.0,0.0,511.0,511.0,512.0
1.0,6844.0,1539.0,1535.0,2902.0,435.0,0.0,435.0,0.0,511.0,512.0,512.0,511.0,513.0,515.0,2331.0,1291.0,3222.0,0.0,435.0,0.0,511.0,512.0,512.0
1.0,8207.0,1550.0,1535.0,2716.0,372.0,0.0,0.0,372.0,511.0,512.0,512.0,517.0,514.0,519.0,3375.0,2125.0,2707.0,0.0,0.0,372.0,511.0,512.0,512.0
1.0,9373.0,1539.0,1535.0,1488.0,888.0,0.0,0.0,888.0,511.0,512.0,512.0,513.0,510.0,516.0,4006.0,3179.0,2188.0,0.0,0.0,888.0,511.0,512.0,512.0
1.0,9322.0,1545.0,1536.0,435.0,1403.0,0.0,0.0,1403.0,512.0,512.0,512.0,517.0,513.0,515.0,3717.0,3933.0,1672.0,0.0,0.0,1403.0,512.0,512.0,512.0
1.0,8212.0,1565.0,1537.0,372.0,1559.0,0.0,0.0,1559.0,512.0,512.0,513.0,518.0,524.0,523.0,3200.0,3855.0,1157.0,0.0,0.0,1559.0,512.0,512.0,513.0
1.0,7019.0,1564.0,1538.0,888.0,1592.0,401.0,0.0,1191.0,512.0,513.0,513.0,523.0,521.0,520.0,2682.0,3331.0,1006.0,401.0,0.0,1191.0,512.0,513.0,513.0
1.0,6343.0,1561.0,1539.0,1403.0,1510.0,923.0,282.0,305.0,513.0,513.0,513.0,517.0,527.0,517.0,2159.0,2810.0,1374.0,923.0,282.0,305.0,513.0,513.0,513.0
1.0,6185.0,1548.0,1539.0,1559.0,2240.0,1441.0,799.0,0.0,513.0,513.0,513.0,518.0,517.0,513.0,1642.0,2283.0,2260.0,1441.0,799.0,0.0,513.0,513.0,513.0
1.0,6196.0,1547.0,1539.0,1592.0,2870.0,1555.0,1315.0,0.0,513.0,513.0,513.0,515.0,516.0,516.0,1124.0,1766.0,3306.0,1555.0,1315.0,0.0,513.0,513.0,513.0
1.0,6241.0,1552.0,1539.0,1510.0,2699.0,1152.0,1547.0,0.0,513.0,513.0,513.0,520.0,514.0,518.0,1010.0,1250.0,3981.0,1152.0,1547.0,0.0,513.0,513.0,513.0
1.0,6199.0,1557.0,1539.0,2240.0,1500.0,235.0,1265.0,0.0,513.0,513.0,513.0,524.0,517.0,516.0,1413.0,1018.0,3768.0,235.0,1265.0,0.0,513.0,513.0,513.0
1.0,6882.0,1565.0,1542.0,2870.0,477.0,0.0,477.0,0.0,514.0,514.0,514.0,523.0,522.0,520.0,2330.0,1300.0,3252.0,0.0,477.0,0.0,514.0,514.0,514.0
1.0,8187.0,1565.0,1542.0,2699.0,359.0,0.0,0.0,359.0,514.0,514.0,514.0,524.0,520.0,521.0,3362.0,2093.0,2732.0,0.0,0.0,359.0,514.0,514.0,514.0
1.0,9321.0,1558.0,1542.0,1500.0,880.0,0.0,0.0,880.0,514.0,514.0,514.0,519.0,518.0,521.0,3990.0,3120.0,2211.0,0.0,0.0,880.0,514.0,514.0,514.0
1.0,9263.0,1544.0,1542.0,477.0,1394.0,0.0,0.0,1394.0,514.0,514.0,514.0,514.0,516.0,514.0,3706.0,3867.0,1690.0,0.0,0.0,1394.0,514.0,514.0,514.0
1.0,8196.0,1543.0,1542.0,359.0,1548.0,0.0,0.0,1548.0,514.0,514.0,514.0,516.0,514.0,513.0,3192.0,3828.0,1176.0,0.0,0.0,1548.0,514.0,514.0,514.0
1.0,7012.0,1552.0,1543.0,880.0,1590.0,407.0,0.0,1183.0,514.0,515.0,514.0,513.0,524.0,515.0,2676.0,3314.0,1022.0,407.0,0.0,1183.0,514.0,515.0,514.0
1.0,6340.0,1567.0,1545.0,1394.0,1558.0,934.0,308.0,316.0,515.0,515.0,515.0,522.0,523.0,522.0,2163.0,2790.0,1387.0,934.0,308.0,316.0,515.0,515.0,515.0
1.0,6167.0,1570.0,1545.0,1548.0,2290.0,1458.0,832.0,0.0,515.0,515.0,515.0,524.0,524.0,522.0,1641.0,2267.0,2259.0,1458.0,832.0,0.0,515.0,515.0,515.0
1.0,6145.0,1560.0,1545.0,1590.0,2920.0,1569.0,1351.0,0.0,515.0,515.0,515.0,518.0,519.0,523.0,1117.0,1743.0,3285.0,1569.0,1351.0,0.0,515.0,515.0,515.0
1.0,6175.0,1562.0,1547.0,1558.0,2730.0,1161.0,1569.0,0.0,516.0,516.0,515.0,521.0,521.0,520.0,1006.0,1224.0,3945.0,1161.0,1569.0,0.0,516.0,516.0,515.0
1.0,6171.0,1558.0,1548.0,2290.0,1476.0,221.0,1255.0,0.0,516.0,516.0,516.0,518.0,518.0,522.0,1419.0,1011.0,3741.0,221.0,1255.0,0.0,516.0,516.0,516.0
1.0,6903.0,1551.0,1548.0,2920.0,421.0,0.0,421.0,0.0,516.0,516.0,516.0,514.0,517.0,520.0,2359.0,1325.0,3219.0,0.0,421.0,0.0,516.0,516.0,516.0
1.0,8272.0,1553.0,1548.0,2730.0,396.0,0.0,0.0,396.0,516.0,516.0,516.0,518.0,520.0,515.0,3414.0,2159.0,2699.0,0.0,0.0,396.0,516.0,516.0,516.0
1.0,9449.0,1561.0,1548.0,1476.0,914.0,0.0,0.0,914.0,516.0,516.0,516.0,521.0,522.0,518.0,4057.0,3208.0,2184.0,0.0,0.0,914.0,516.0,516.0,516.0
1.0,9364.0,1577.0,1548.0,421.0,1436.0,0.0,0.0,1436.0,516.0,516.0,516.0,527.0,528.0,522.0,3757.0,3941.0,1666.0,0.0,0.0,1436.0,516.0,516.0,516.0
1.0,8208.0,1582.0,1551.0,396.0,1571.0,0.0,0.0,1571.0,517.0,517.0,517.0,525.0,531.0,526.0,3230.0,3834.0,1144.0,0.0,0.0,1571.0,517.0,517.0,517.0
1.0,7022.0,1564.0,1551.0,914.0,1581.0,405.0,0.0,1176.0,517.0,517.0,517.0,525.0,520.0,519.0,2705.0,3303.0,1014.0,405.0,0.0,1176.0,517.0,517.0,517.0
1.0,6372.0,1557.0,1551.0,1436.0,1504.0,923.0,326.0,255.0,517.0,517.0,517.0,518.0,524.0,515.0,2180.0,2783.0,1409.0,923.0,326.0,255.0,517.0,517.0,517.0
1.0,6251.0,1556.0,1551.0,1571.0,2284.0,1438.0,846.0,0.0,517.0,517.0,517.0,515.0,520.0,521.0,1662.0,2259.0,2330.0,1438.0,846.0,0.0,517.0,517.0,517.0
1.0,6266.0,1556.0,1551.0,1581.0,2915.0,1551.0,1364.0,0.0,517.0,517.0,517.0,518.0,518.0,520.0,1147.0,1739.0,3380.0,1551.0,1364.0,0.0,517.0,517.0,517.0
1.0,6291.0,1570.0,1552.0,1504.0,2718.0,1152.0,1566.0,0.0,517.0,518.0,517.0,524.0,523.0,523.0,1034.0,1221.0,4036.0,1152.0,1566.0,0.0,517.0,518.0,517.0
1.0,6225.0,1585.0,1554.0,2284.0,1494.0,249.0,1245.0,0.0,518.0,518.0,518.0,530.0,525.0,530.0,1433.0,1024.0,3768.0,249.0,1245.0,0.0,518.0,518.0,518.0
1.0,6924.0,1588.0,1554.0,2915.0,407.0,0.0,407.0,0.0,518.0,518.0,518.0,531.0,526.0,531.0,2341.0,1345.0,3238.0,0.0,407.0,0.0,518.0,518.0,518.0
1.0,8251.0,1579.0,1555.0,2718.0,407.0,0.0,0.0,407.0,518.0,519.0,518.0,528.0,527.0,524.0,3361.0,2183.0,2707.0,0.0,0.0,407.0,518.0,519.0,518.0
1.0,9390.0,1561.0,1556.0,1494.0,929.0,0.0,0.0,929.0,519.0,519.0,518.0,521.0,518.0,522.0,3985.0,3222.0,2183.0,0.0,0.0,929.0,519.0,519.0,518.0
1.0,9323.0,1556.0,1556.0,407.0,1445.0,0.0,0.0,1445.0,519.0,519.0,518.0,521.0,519.0,516.0,3713.0,3949.0,1661.0,0.0,0.0,1445.0,519.0,519.0,518.0
1.0,8174.0,1559.0,1556.0,407.0,1557.0,0.0,0.0,1557.0,519.0,519.0,518.0,517.0,523.0,519.0,3192.0,3837.0,1145.0,0.0,0.0,1557.0,519.0,519.0,518.0
1.0,7022.0,1568.0,1557.0,929.0,1600.0,443.0,0.0,1157.0,519.0,519.0,519.0,523.0,521.0,524.0,2675.0,3314.0,1033.0,443.0,0.0,1157.0,519.0,519.0,519.0
1.0,6383.0,1582.0,1557.0,1445.0,1539.0,973.0,326.0,240.0,519.0,519.0,519.0,530.0,524.0,528.0,2152.0,2793.0,1438.0,973.0,326.0,240.0,519.0,519.0,519.0
1.0,6246.0,1586.0,1559.0,1557.0,2367.0,1509.0,858.0,0.0,520.0,520.0,519.0,531.0,527.0,528.0,1622.0,2269.0,2355.0,1509.0,858.0,0.0,520.0,520.0,519.0
1.0,6217.0,1585.0,1559.0,1600.0,2982.0,1596.0,1386.0,0.0,520.0,520.0,519.0,530.0,528.0,527.0,1091.0,1742.0,3384.0,1596.0,1386.0,0.0,520.0,520.0,519.0
1.0,6232.0,1578.0,1560.0,1539.0,2738.0,1150.0,1588.0,0.0,520.0,520.0,520.0,527.0,528.0,523.0,1004.0,1214.0,4014.0,1150.0,1588.0,0.0,520.0,520.0,520.0
1.0,6193.0,1571.0,1560.0,2367.0,1414.0,157.0,1257.0,0.0,520.0,520.0,520.0,516.0,527.0,528.0,1450.0,1012.0,3731.0,157.0,1257.0,0.0,520.0,520.0,520.0
1.0,6989.0,1562.0,1560.0,2982.0,393.0,0.0,393.0,0.0,520.0,520.0,520.0,516.0,522.0,524.0,2443.0,1343.0,3203.0,0.0,393.0,0.0,520.0,520.0,520.0
1.0,8409.0,1584.0,1561.0,2738.0,449.0,0.0,0.0,449.0,520.0,521.0,520.0,526.0,530.0,528.0,3523.0,2207.0,2679.0,0.0,0.0,449.0,520.0,521.0,520.0
1.0,9563.0,1591.0,1562.0,1414.0,980.0,0.0,0.0,980.0,521.0,521.0,520.0,530.0,530.0,531.0,4147.0,3265.0,2151.0,0.0,0.0,980.0,521.0,521.0,520.0
1.0,9386.0,1585.0,1563.0,393.0,1513.0,0.0,0.0,1513.0,521.0,521.0,521.0,529.0,528.0,528.0,3774.0,3992.0,1620.0,0.0,0.0,1513.0,521.0,521.0,521.0
1.0,8194.0,1578.0,1563.0,449.0,1588.0,0.0,0.0,1588.0,521.0,521.0,521.0,529.0,525.0,524.0,3245.0,3857.0,1092.0,0.0,0.0,1588.0,521.0,521.0,521.0
1.0,7065.0,1576.0,1564.0,980.0,1547.0,414.0,0.0,1133.0,521.0,522.0,521.0,525.0,526.0,525.0,2716.0,3332.0,1017.0,414.0,0.0,1133.0,521.0,522.0,521.0
1.0,6469.0,1566.0,1564.0,1513.0,1404.0,937.0,327.0,140.0,521.0,522.0,521.0,523.0,523.0,520.0,2191.0,2806.0,1472.0,937.0,327.0,140.0,521.0,522.0,521.0
1.0,6416.0,1579.0,1564.0,1588.0,2317.0,1460.0,857.0,0.0,521.0,522.0,521.0,523.0,530.0,526.0,1668.0,2283.0,2465.0,1460.0,857.0,0.0,521.0,522.0,521.0
1.0,6425.0,1588.0,1566.0,1547.0,2965.0,1577.0,1388.0,0.0,522.0,522.0,522.0,526.0,531.0,531.0,1145.0,1753.0,3527.0,1577.0,1388.0,0.0,522.0,522.0,522.0
1.0,6384.0,1593.0,1566.0,1404.0,2762.0,1170.0,1592.0,0.0,522.0,522.0,522.0,530.0,531.0,532.0,1033.0,1222.0,4129.0,1170.0,1592.0,0.0,522.0,522.0,522.0
1.0,6195.0,1598.0,1567.0,2317.0,1513.0,241.0,1272.0,0.0,522.0,523.0,522.0,531.0,532.0,535.0,1440.0,1018.0,3737.0,241.0,1272.0,0.0,522.0,523.0,522.0
1.0,6914.0,1584.0,1569.0,2965.0,410.0,0.0,410.0,0.0,523.0,523.0,523.0,526.0,526.0,532.0,2369.0,1343.0,3202.0,0.0,410.0,0.0,523.0,523.0,523.0
1.0,8295.0,1574.0,1569.0,2762.0,470.0,0.0,0.0,470.0,523.0,523.0,523.0,528.0,521.0,525.0,3420.0,2205.0,2670.0,0.0,0.0,470.0,523.0,523.0,523.0
1.0,9483.0,1565.0,1569.0,1513.0,991.0,0.0,0.0,991.0,523.0,523.0,523.0,522.0,522.0,521.0,4062.0,3276.0,2145.0,0.0,0.0,991.0,523.0,523.0,523.0
1.0,9431.0,1577.0,1569.0,410.0,1511.0,0.0,0.0,1511.0,523.0,523.0,523.0,530.0,527.0,520.0,3781.0,4026.0,1624.0,0.0,0.0,1511.0,523.0,523.0,523.0
1.0,8264.0,1581.0,1569.0,470.0,1568.0,0.0,0.0,1568.0,523.0,523.0,523.0,526.0,528.0,527.0,3251.0,3909.0,1104.0,0.0,0.0,1568.0,523.0,523.0,523.0
1.0,7153.0,1585.0,1570.0,991.0,1522.0,418.0,0.0,1104.0,523.0,524.0,523.0,528.0,530.0,527.0,2725.0,3381.0,1047.0,418.0,0.0,1104.0,523.0,524.0,523.0
1.0,6559.0,1592.0,1571.0,1511.0,1377.0,953.0,299.0,125.0,524.0,524.0,523.0,530.0,530.0,532.0,2197.0,2851.0,1511.0,953.0,299.0,125.0,524.0,524.0,523.0
1.0,6478.0,1592.0,1572.0,1568.0,2313.0,1485.0,828.0,0.0,524.0,524.0,524.0,532.0,529.0,531.0,1667.0,2321.0,2490.0,1485.0,828.0,0.0,524.0,524.0,524.0
1.0,6454.0,1582.0,1572.0,1522.0,2951.0,1595.0,1356.0,0.0,524.0,524.0,524.0,528.0,528.0,526.0,1135.0,1792.0,3527.0,1595.0,1356.0,0.0,524.0,524.0,524.0
1.0,6394.0,1581.0,1572.0,1377.0,2753.0,1172.0,1581.0,0.0,524.0,524.0,524.0,530.0,524.0,527.0,1025.0,1264.0,4105.0,1172.0,1581.0,0.0,524.0,524.0,524.0
1.0,6190.0,1579.0,1572.0,2313.0,1491.0,212.0,1279.0,0.0,524.0,524.0,524.0,525.0,526.0,528.0,1448.0,1039.0,3703.0,212.0,1279.0,0.0,524.0,524.0,524.0
1.0,6924.0,1590.0,1573.0,2951.0,459.0,0.0,459.0,0.0,524.0,525.0,524.0,528.0,531.0,531.0,2408.0,1341.0,3175.0,0.0,459.0,0.0,524.0,525.0,524.0
1.0,8285.0,1600.0,1575.0,2753.0,512.0,0.0,0.0,512.0,525.0,525.0,525.0,533.0,536.0,531.0,3475.0,2166.0,2644.0,0.0,0.0,512.0,525.0,525.0,525.0
1.0,9438.0,1601.0,1575.0,1491.0,1046.0,0.0,0.0,1046.0,525.0,525.0,525.0,533.0,534.0,534.0,4114.0,3211.0,2113.0,0.0,0.0,1046.0,525.0,525.0,525.0
1.0,9328.0,1601.0,1576.0,459.0,1576.0,0.0,0.0,1576.0,525.0,526.0,525.0,535.0,536.0,530.0,3793.0,3956.0,1579.0,0.0,0.0,1576.0,525.0,526.0,525.0
1.0,8186.0,1591.0,1576.0,512.0,1592.0,0.0,0.0,1592.0,525.0,526.0,525.0,531.0,532.0,528.0,3258.0,3879.0,1049.0,0.0,0.0,1592.0,525.0,526.0,525.0
1.0,7107.0,1590.0,1577.0,1046.0,1509.0,433.0,0.0,1076.0,526.0,526.0,525.0,530.0,530.0,530.0,2727.0,3347.0,1033.0,433.0,0.0,1076.0,526.0,526.0,525.0
1.0,6563.0,1580.0,1578.0,1576.0,1331.0,958.0,342.0,31.0,526.0,526.0,526.0,525.0,529.0,526.0,2197.0,2817.0,1549.0,958.0,342.0,31.0,526.0,526.0,526.0
1.0,6559.0,1590.0,1578.0,1592.0,2357.0,1489.0,868.0,0.0,526.0,526.0,526.0,531.0,526.0,533.0,1672.0,2288.0,2599.0,1489.0,868.0,0.0,526.0,526.0,526.0
1.0,6561.0,1602.0,1579.0,1509.0,2994.0,1589.0,1405.0,0.0,526.0,527.0,526.0,533.0,532.0,537.0,1141.0,1762.0,3658.0,1589.0,1405.0,0.0,526.0,527.0,526.0
1.0,6468.0,1596.0,1580.0,1331.0,2761.0,1168.0,1593.0,0.0,527.0,527.0,526.0,532.0,530.0,534.0,1041.0,1230.0,4197.0,1168.0,1593.0,0.0,527.0,527.0,526.0
1.0,6203.0,1599.0,1581.0,2357.0,1469.0,211.0,1258.0,0.0,527.0,527.0,527.0,532.0,533.0,534.0,1467.0,1042.0,3694.0,211.0,1258.0,0.0,527.0,527.0,527.0
1.0,6961.0,1595.0,1581.0,2994.0,392.0,0.0,384.0,8.0,527.0,527.0,527.0,531.0,531.0,533.0,2424.0,1377.0,3160.0,0.0,384.0,8.0,527.0,527.0,527.0
1.0,8360.0,1593.0,1581.0,2761.0,535.0,0.0,0.0,535.0,527.0,527.0,527.0,533.0,533.0,527.0,3482.0,2251.0,2627.0,0.0,0.0,535.0,527.0,527.0,527.0
1.0,9528.0,1593.0,1581.0,1469.0,1063.0,0.0,0.0,1063.0,527.0,527.0,527.0,530.0,535.0,528.0,4117.0,3311.0,2100.0,0.0,0.0,1063.0,527.0,527.0,527.0
1.0,9404.0,1595.0,1583.0,392.0,1590.0,0.0,0.0,1590.0,527.0,528.0,528.0,532.0,533.0,530.0,3798.0,4034.0,1572.0,0.0,0.0,1590.0,527.0,528.0,528.0
1.0,8201.0,1608.0,1584.0,535.0,1590.0,0.0,0.0,1590.0,528.0,528.0,528.0,537.0,536.0,535.0,3266.0,3885.0,1050.0,0.0,0.0,1590.0,528.0,528.0,528.0
1.0,7128.0,1600.0,1584.0,1063.0,1506.0,443.0,0.0,1063.0,528.0,528.0,528.0,532.0,532.0,536.0,2729.0,3349.0,1050.0,443.0,0.0,1063.0,528.0,528.0,528.0
1.0,6591.0,1597.0,1584.0,1590.0,1336.0,974.0,356.0,6.0,528.0,528.0,528.0,531.0,533.0,533.0,2197.0,2817.0,1577.0,974.0,356.0,6.0,528.0,528.0,528.0
1.0,6584.0,1592.0,1584.0,1590.0,2389.0,1505.0,884.0,0.0,528.0,528.0,528.0,531.0,528.0,533.0,1666.0,2284.0,2634.0,1505.0,884.0,0.0,528.0,528.0,528.0
1.0,6582.0,1594.0,1584.0,1506.0,3009.0,1594.0,1415.0,0.0,528.0,528.0,528.0,532.0,531.0,531.0,1135.0,1756.0,3691.0,1594.0,1415.0,0.0,528.0,528.0,528.0
1.0,6494.0,1593.0,1585.0,1336.0,2747.0,1150.0,1597.0,0.0,528.0,529.0,528.0,530.0,533.0,530.0,1046.0,1225.0,4223.0,1150.0,1597.0,0.0,528.0,529.0,528.0
1.0,6237.0,1607.0,1587.0,2389.0,1437.0,189.0,1248.0,0.0,529.0,529.0,529.0,539.0,535.0,533.0,1490.0,1048.0,3699.0,189.0,1248.0,0.0,529.0,529.0,529.0
1.0,7019.0,1615.0,1587.0,3009.0,391.0,0.0,374.0,17.0,529.0,529.0,529.0,536.0,541.0,538.0,2456.0,1397.0,3166.0,0.0,374.0,17.0,529.0,529.0,529.0
1.0,8413.0,1605.0,1588.0,2747.0,557.0,0.0,0.0,557.0,529.0,530.0,529.0,533.0,532.0,540.0,3514.0,2271.0,2628.0,0.0,0.0,557.0,529.0,530.0,529.0
1.0,9555.0,1612.0,1590.0,1437.0,1098.0,0.0,0.0,1098.0,530.0,530.0,530.0,537.0,539.0,536.0,4131.0,3336.0,2088.0,0.0,0.0,1098.0,530.0,530.0,530.0
1.0,9380.0,1595.0,1590.0,391.0,1612.0,0.0,0.0,1612.0,530.0,530.0,530.0,533.0,531.0,531.0,3783.0,4045.0,1552.0,0.0,0.0,1612.0,530.0,530.0,530.0
1.0,8176.0,1594.0,1590.0,557.0,1587.0,0.0,0.0,1587.0,530.0,530.0,530.0,530.0,532.0,532.0,3250.0,3888.0,1038.0,0.0,0.0,1587.0,530.0,530.0,530.0
1.0,7139.0,1597.0,1590.0,1098.0,1485.0,464.0,0.0,1021.0,530.0,530.0,530.0,534.0,531.0,532.0,2720.0,3356.0,1063.0,464.0,0.0,1021.0,530.0,530.0,530.0
1.0,6640.0,1607.0,1590.0,1612.0,1358.0,1000.0,358.0,0.0,530.0,530.0,530.0,536.0,533.0,538.0,2186.0,2825.0,1629.0,1000.0,358.0,0.0,530.0,530.0,530.0
1.0,6645.0,1620.0,1590.0,1587.0,2436.0,1542.0,894.0,0.0,530.0,530.0,530.0,542.0,536.0,542.0,1650.0,2292.0,2703.0,1542.0,894.0,0.0,530.0,530.0,530.0
1.0,6612.0,1620.0,1593.0,1485.0,3060.0,1621.0,1439.0,0.0,531.0,531.0,531.0,538.0,540.0,542.0,1108.0,1756.0,3748.0,1621.0,1439.0,0.0,531.0,531.0,531.0
1.0,6477.0,1608.0,1593.0,1358.0,2773.0,1155.0,1618.0,0.0,531.0,531.0,531.0,534.0,537.0,537.0,1034.0,1216.0,4227.0,1155.0,1618.0,0.0,531.0,531.0,531.0
1.0,6227.0,1605.0,1593.0,2436.0,1410.0,148.0,1262.0,0.0,531.0,531.0,531.0,535.0,538.0,532.0,1500.0,1037.0,3690.0,148.0,1262.0,0.0,531.0,531.0,531.0
1.0,7058.0,1599.0,1593.0,3060.0,386.0,0.0,357.0,29.0,531.0,531.0,531.0,533.0,534.0,532.0,2507.0,1393.0,3158.0,0.0,357.0,29.0,531.0,531.0,531.0
1.0,8519.0,1600.0,1593.0,2773.0,561.0,0.0,0.0,561.0,531.0,531.0,531.0,535.0,533.0,532.0,3595.0,2298.0,2626.0,0.0,0.0,561.0,531.0,531.0,531.0
1.0,9692.0,1608.0,1594.0,1410.0,1097.0,0.0,0.0,1097.0,531.0,532.0,531.0,535.0,537.0,536.0,4215.0,3383.0,2094.0,0.0,0.0,1097.0,531.0,532.0,531.0
1.0,9494.0,1621.0,1596.0,386.0,1613.0,0.0,0.0,1613.0,532.0,532.0,532.0,543.0,538.0,540.0,3828.0,4108.0,1558.0,0.0,0.0,1613.0,532.0,532.0,532.0
1.0,8259.0,1619.0,1596.0,561.0,1593.0,0.0,0.0,1593.0,532.0,532.0,532.0,540.0,538.0,541.0,3285.0,3927.0,1047.0,0.0,0.0,1593.0,532.0,532.0,532.0
1.0,7201.0,1616.0,1596.0,1097.0,1492.0,453.0,0.0,1039.0,532.0,532.0,532.0,538.0,535.0,543.0,2745.0,3389.0,1067.0,453.0,0.0,1039.0,532.0,532.0,532.0
1.0,6682.0,1613.0,1597.0,1613.0,1332.0,987.0,345.0,0.0,532.0,532.0,533.0,534.0,539.0,540.0,2207.0,2854.0,1621.0,987.0,345.0,0.0,532.0,532.0,533.0
1.0,6682.0,1600.0,1596.0,1593.0,2400.0,1519.0,881.0,0.0,532.0,532.0,532.0,532.0,536.0,532.0,1673.0,2315.0,2694.0,1519.0,881.0,0.0,532.0,532.0,532.0
1.0,6675.0,1610.0,1598.0,1492.0,3024.0,1607.0,1417.0,0.0,533.0,532.0,533.0,536.0,536.0,538.0,1141.0,1779.0,3755.0,1607.0,1417.0,0.0,533.0,532.0,533.0
1.0,6557.0,1618.0,1599.0,1332.0,2775.0,1160.0,1615.0,0.0,533.0,533.0,533.0,540.0,538.0,540.0,1058.0,1243.0,4256.0,1160.0,1615.0,0.0,533.0,533.0,533.0
1.0,6271.0,1623.0,1599.0,2400.0,1460.0,185.0,1275.0,0.0,533.0,533.0,533.0,544.0,541.0,538.0,1505.0,1050.0,3716.0,185.0,1275.0,0.0,533.0,533.0,533.0
1.0,7048.0,1626.0,1601.0,3024.0,429.0,0.0,397.0,32.0,534.0,533.0,534.0,547.0,539.0,540.0,2480.0,1390.0,3178.0,0.0,397.0,32.0,534.0,533.0,534.0
1.0,8446.0,1617.0,1602.0,2775.0,572.0,0.0,0.0,572.0,534.0,534.0,534.0,541.0,536.0,540.0,3540.0,2268.0,2638.0,0.0,0.0,572.0,534.0,534.0,534.0
1.0,9604.0,1604.0,1602.0,1460.0,1106.0,0.0,0.0,1106.0,534.0,534.0,534.0,536.0,534.0,534.0,4159.0,3347.0,2098.0,0.0,0.0,1106.0,534.0,534.0,534.0
1.0,9460.0,1599.0,1602.0,429.0,1606.0,0.0,0.0,1606.0,534.0,534.0,534.0,531.0,536.0,532.0,3808.0,4088.0,1564.0,0.0,0.0,1606.0,534.0,534.0,534.0
1.0,8290.0,1612.0,1602.0,572.0,1571.0,0.0,0.0,1571.0,534.0,534.0,534.0,536.0,539.0,537.0,3277.0,3949.0,1064.0,0.0,0.0,1571.0,534.0,534.0,534.0
1.0,7250.0,1618.0,1602.0,1106.0,1472.0,465.0,0.0,1007.0,534.0,534.0,534.0,536.0,540.0,542.0,2741.0,3410.0,1099.0,465.0,0.0,1007.0,534.0,534.0,534.0
1.0,6738.0,1629.0,1604.0,1606.0,1355.0,1006.0,349.0,0.0,534.0,535.0,535.0,541.0,544.0,544.0,2205.0,2870.0,1663.0,1006.0,349.0,0.0,534.0,535.0,535.0
1.0,6715.0,1628.0,1605.0,1571.0,2442.0,1550.0,892.0,0.0,535.0,535.0,535.0,539.0,543.0,546.0,1664.0,2326.0,2725.0,1550.0,892.0,0.0,535.0,535.0,535.0
1.0,6658.0,1632.0,1605.0,1472.0,3066.0,1630.0,1436.0,0.0,535.0,535.0,535.0,545.0,544.0,543.0,1125.0,1783.0,3750.0,1630.0,1436.0,0.0,535.0,535.0,535.0
1.0,6498.0,1618.0,1605.0,1355.0,2789.0,1162.0,1627.0,0.0,535.0,535.0,535.0,538.0,540.0,540.0,1045.0,1239.0,4214.0,1162.0,1627.0,0.0,535.0,535.0,535.0
1.0,6235.0,1606.0,1606.0,2442.0,1418.0,148.0,1270.0,0.0,535.0,535.0,536.0,536.0,535.0,535.0,1513.0,1048.0,3674.0,148.0,1270.0,0.0,535.0,535.0,536.0
1.0,7071.0,1611.0,1606.0,3066.0,450.0,0.0,371.0,79.0,535.0,535.0,536.0,536.0,537.0,538.0,2527.0,1405.0,3139.0,0.0,371.0,79.0,535.0,535.0,536.0
1.0,8526.0,1619.0,1606.0,2789.0,621.0,0.0,0.0,621.0,535.0,535.0,536.0,542.0,535.0,542.0,3621.0,2304.0,2601.0,0.0,0.0,621.0,535.0,535.0,536.0
1.0,9696.0,1638.0,1608.0,1418.0,1166.0,0.0,0.0,1166.0,536.0,536.0,536.0,547.0,546.0,545.0,4241.0,3396.0,2059.0,0.0,0.0,1166.0,536.0,536.0,536.0
1.0,9476.0,1645.0,1609.0,450.0,1640.0,0.0,0.0,1640.0,536.0,536.0,537.0,549.0,548.0,548.0,3842.0,4120.0,1514.0,0.0,0.0,1640.0,536.0,536.0,537.0
1.0,8281.0,1628.0,1609.0,621.0,1561.0,0.0,0.0,1561.0,536.0,536.0,537.0,543.0,543.0,542.0,3293.0,3943.0,1045.0,0.0,0.0,1561.0,536.0,536.0,537.0
1.0,7274.0,1622.0,1610.0,1166.0,1414.0,476.0,0.0,938.0,537.0,536.0,537.0,541.0,538.0,543.0,2750.0,3400.0,1124.0,476.0,0.0,938.0,537.0,536.0,537.0
1.0,6818.0,1622.0,1611.0,1640.0,1382.0,1018.0,364.0,0.0,537.0,537.0,537.0,542.0,541.0,539.0,2209.0,2862.0,1747.0,1018.0,364.0,0.0,537.0,537.0,537.0
1.0,6836.0,1614.0,1611.0,1561.0,2456.0,1556.0,900.0,0.0,537.0,537.0,537.0,538.0,536.0,540.0,1667.0,2321.0,2848.0,1556.0,900.0,0.0,537.0,537.0,537.0
1.0,6783.0,1630.0,1611.0,1414.0,3066.0,1622.0,1444.0,0.0,537.0,537.0,537.0,542.0,544.0,544.0,1129.0,1785.0,3869.0,1622.0,1444.0,0.0,537.0,537.0,537.0
1.0,6567.0,1641.0,1612.0,1382.0,2779.0,1151.0,1628.0,0.0,537.0,537.0,538.0,547.0,548.0,546.0,1063.0,1241.0,4263.0,1151.0,1628.0,0.0,537.0,537.0,538.0
1.0,6308.0,1638.0,1613.0,2456.0,1420.0,145.0,1275.0,0.0,538.0,537.0,538.0,545.0,547.0,546.0,1534.0,1057.0,3717.0,145.0,1275.0,0.0,538.0,537.0,538.0
1.0,7126.0,1633.0,1614.0,3066.0,441.0,0.0,381.0,60.0,538.0,538.0,538.0,547.0,545.0,541.0,2545.0,1410.0,3171.0,0.0,381.0,60.0,538.0,538.0,538.0
1.0,8559.0,1623.0,1614.0,2779.0,600.0,0.0,0.0,600.0,538.0,538.0,538.0,542.0,541.0,540.0,3620.0,2309.0,2630.0,0.0,0.0,600.0,538.0,538.0,538.0
1.0,9715.0,1614.0,1614.0,1420.0,1139.0,0.0,0.0,1139.0,538.0,538.0,538.0,536.0,539.0,539.0,4229.0,3396.0,2090.0,0.0,0.0,1139.0,538.0,538.0,538.0
1.0,9521.0,1621.0,1615.0,441.0,1625.0,0.0,0.0,1625.0,538.0,538.0,539.0,539.0,541.0,541.0,3838.0,4132.0,1551.0,0.0,0.0,1625.0,538.0,538.0,539.0
1.0,8341.0,1629.0,1616.0,600.0,1569.0,0.0,0.0,1569.0,539.0,538.0,539.0,545.0,540.0,544.0,3299.0,3972.0,1070.0,0.0,0.0,1569.0,539.0,538.0,539.0
1.0,7312.0,1641.0,1617.0,1139.0,1468.0,489.0,0.0,979.0,539.0,539.0,539.0,548.0,544.0,549.0,2754.0,3432.0,1126.0,489.0,0.0,979.0,539.0,539.0,539.0
1.0,6810.0,1642.0,1618.0,1625.0,1388.0,1037.0,351.0,0.0,539.0,539.0,540.0,548.0,544.0,550.0,2206.0,2888.0,1716.0,1037.0,351.0,0.0,539.0,539.0,540.0
1.0,6793.0,1638.0,1618.0,1569.0,2477.0,1582.0,895.0,0.0,539.0,539.0,540.0,545.0,544.0,549.0,1658.0,2344.0,2791.0,1582.0,895.0,0.0,539.0,539.0,540.0
1.0,6724.0,1632.0,1619.0,1468.0,3083.0,1643.0,1440.0,0.0,540.0,539.0,540.0,545.0,545.0,542.0,1113.0,1800.0,3811.0,1643.0,1440.0,0.0,540.0,539.0,540.0
1.0,6560.0,1631.0,1619.0,1388.0,2784.0,1150.0,1634.0,0.0,540.0,539.0,540.0,544.0,545.0,542.0,1057.0,1255.0,4248.0,1150.0,1634.0,0.0,540.0,539.0,540.0
1.0,6317.0,1617.0,1619.0,2477.0,1386.0,109.0,1277.0,0.0,540.0,539.0,540.0,541.0,538.0,538.0,1550.0,1061.0,3706.0,109.0,1277.0,0.0,540.0,539.0,540.0
1.0,7177.0,1635.0,1620.0,3083.0,462.0,0.0,389.0,73.0,540.0,540.0,540.0,547.0,547.0,541.0,2591.0,1418.0,3168.0,0.0,389.0,73.0,540.0,540.0,540.0
1.0,8625.0,1641.0,1620.0,2784.0,622.0,0.0,0.0,622.0,540.0,540.0,540.0,545.0,547.0,549.0,3687.0,2311.0,2627.0,0.0,0.0,622.0,540.0,540.0,540.0
1.0,9768.0,1643.0,1622.0,1386.0,1175.0,0.0,0.0,1175.0,541.0,540.0,541.0,546.0,549.0,548.0,4292.0,3398.0,2078.0,0.0,0.0,1175.0,541.0,540.0,541.0
1.0,9511.0,1633.0,1622.0,462.0,1650.0,0.0,0.0,1650.0,541.0,540.0,541.0,544.0,541.0,548.0,3855.0,4126.0,1530.0,0.0,0.0,1650.0,541.0,540.0,541.0
1.0,8340.0,1629.0,1622.0,622.0,1569.0,0.0,0.0,1569.0,541.0,540.0,541.0,545.0,543.0,541.0,3311.0,3974.0,1055.0,0.0,0.0,1569.0,541.0,540.0,541.0
1.0,7333.0,1632.0,1623.0,1175.0,1419.0,481.0,0.0,938.0,541.0,541.0,541.0,542.0,546.0,544.0,2766.0,3431.0,1136.0,481.0,0.0,938.0,541.0,541.0,541.0
1.0,6876.0,1631.0,1623.0,1650.0,1388.0,1025.0,363.0,0.0,541.0,541.0,541.0,544.0,543.0,544.0,2224.0,2885.0,1767.0,1025.0,363.0,0.0,541.0,541.0,541.0
1.0,6895.0,1645.0,1624.0,1569.0,2483.0,1569.0,914.0,0.0,541.0,541.0,542.0,544.0,551.0,550.0,1680.0,2342.0,2873.0,1569.0,914.0,0.0,541.0,541.0,542.0
1.0,6819.0,1651.0,1625.0,1419.0,3110.0,1643.0,1467.0,0.0,542.0,541.0,542.0,550.0,553.0,548.0,1136.0,1791.0,3892.0,1643.0,1467.0,0.0,542.0,541.0,542.0
1.0,6587.0,1648.0,1626.0,1388.0,2826.0,1163.0,1663.0,0.0,542.0,542.0,542.0,545.0,554.0,549.0,1067.0,1238.0,4282.0,1163.0,1663.0,0.0,542.0,542.0,542.0
1.0,6327.0,1647.0,1626.0,2483.0,1442.0,142.0,1300.0,0.0,542.0,542.0,542.0,548.0,551.0,548.0,1547.0,1047.0,3733.0,142.0,1300.0,0.0,542.0,542.0,542.0
1.0,7163.0,1639.0,1627.0,3110.0,459.0,0.0,381.0,78.0,542.0,542.0,543.0,543.0,548.0,548.0,2568.0,1410.0,3185.0,0.0,381.0,78.0,542.0,542.0,543.0
1.0,8634.0,1631.0,1627.0,2826.0,621.0,0.0,0.0,621.0,542.0,542.0,543.0,548.0,540.0,543.0,3668.0,2329.0,2637.0,0.0,0.0,621.0,542.0,542.0,543.0
1.0,9829.0,1633.0,1627.0,1442.0,1167.0,0.0,0.0,1167.0,542.0,542.0,543.0,545.0,542.0,546.0,4283.0,3452.0,2094.0,0.0,0.0,1167.0,542.0,542.0,543.0
1.0,9638.0,1644.0,1629.0,459.0,1640.0,0.0,0.0,1640.0,543.0,543.0,543.0,545.0,548.0,551.0,3880.0,4210.0,1548.0,0.0,0.0,1640.0,543.0,543.0,543.0
1.0,8453.0,1653.0,1629.0,621.0,1571.0,0.0,0.0,1571.0,543.0,543.0,543.0,549.0,552.0,552.0,3335.0,4043.0,1075.0,0.0,0.0,1571.0,543.0,543.0,543.0
1.0,7421.0,1658.0,1630.0,1167.0,1443.0,479.0,0.0,964.0,543.0,543.0,544.0,550.0,553.0,555.0,2786.0,3491.0,1144.0,479.0,0.0,964.0,543.0,543.0,544.0
1.0,6930.0,1651.0,1630.0,1640.0,1358.0,1031.0,327.0,0.0,543.0,543.0,544.0,552.0,550.0,549.0,2236.0,2938.0,1756.0,1031.0,327.0,0.0,543.0,543.0,544.0
1.0,6919.0,1635.0,1631.0,1571.0,2455.0,1576.0,879.0,0.0,543.0,544.0,544.0,545.0,547.0,543.0,1684.0,2388.0,2847.0,1576.0,879.0,0.0,543.0,544.0,544.0
1.0,6855.0,1637.0,1631.0,1443.0,3069.0,1645.0,1424.0,0.0,543.0,544.0,544.0,548.0,545.0,544.0,1139.0,1841.0,3875.0,1645.0,1424.0,0.0,543.0,544.0,544.0
1.0,6661.0,1640.0,1632.0,1358.0,2810.0,1167.0,1643.0,0.0,544.0,544.0,544.0,548.0,546.0,546.0,1070.0,1296.0,4295.0,1167.0,1643.0,0.0,544.0,544.0,544.0
1.0,6379.0,1644.0,1632.0,2455.0,1454.0,142.0,1312.0,0.0,544.0,544.0,544.0,551.0,548.0,545.0,1553.0,1077.0,3749.0,142.0,1312.0,0.0,544.0,544.0,544.0
1.0,7190.0,1661.0,1633.0,3069.0,515.0,0.0,439.0,76.0,544.0,544.0,545.0,555.0,551.0,555.0,2578.0,1408.0,3204.0,0.0,439.0,76.0,544.0,544.0,545.0
1.0,8598.0,1661.0,1635.0,2810.0,630.0,0.0,0.0,630.0,545.0,545.0,545.0,555.0,552.0,554.0,3668.0,2281.0,2649.0,0.0,0.0,630.0,545.0,545.0,545.0
1.0,9747.0,1655.0,1635.0,1454.0,1185.0,0.0,0.0,1185.0,545.0,545.0,545.0,550.0,550.0,555.0,4280.0,3372.0,2095.0,0.0,0.0,1185.0,545.0,545.0,545.0
1.0,9546.0,1642.0,1635.0,515.0,1661.0,0.0,0.0,1661.0,545.0,545.0,545.0,542.0,548.0,552.0,3872.0,4134.0,1540.0,0.0,0.0,1661.0,545.0,545.0,545.0
1.0,8419.0,1646.0,1636.0,630.0,1588.0,0.0,0.0,1588.0,545.0,545.0,546.0,547.0,547.0,552.0,3330.0,4025.0,1064.0,0.0,0.0,1588.0,545.0,545.0,546.0
1.0,7403.0,1647.0,1636.0,1185.0,1442.0,489.0,0.0,953.0,545.0,545.0,546.0,547.0,550.0,550.0,2783.0,3478.0,1142.0,489.0,0.0,953.0,545.0,545.0,546.0
1.0,6941.0,1655.0,1636.0,1661.0,1389.0,1043.0,346.0,0.0,545.0,545.0,546.0,554.0,549.0,552.0,2236.0,2928.0,1777.0,1043.0,346.0,0.0,545.0,545.0,546.0
1.0,6947.0,1655.0,1638.0,1588.0,2505.0,1602.0,903.0,0.0,546.0,546.0,546.0,554.0,552.0,549.0,1682.0,2379.0,2886.0,1602.0,903.0,0.0,546.0,546.0,546.0
1.0,6880.0,1661.0,1638.0,1442.0,3126.0,1669.0,1457.0,0.0,546.0,546.0,546.0,556.0,554.0,551.0,1128.0,1827.0,3925.0,1669.0,1457.0,0.0,546.0,546.0,546.0
1.0,6661.0,1652.0,1639.0,1389.0,2839.0,1176.0,1663.0,0.0,546.0,546.0,547.0,550.0,552.0,550.0,1061.0,1273.0,4327.0,1176.0,1663.0,0.0,546.0,546.0,547.0
1.0,6398.0,1648.0,1639.0,2505.0,1431.0,121.0,1310.0,0.0,546.0,546.0,547.0,547.0,550.0,551.0,1554.0,1067.0,3777.0,121.0,1310.0,0.0,546.0,546.0,547.0
1.0,7255.0,1638.0,1639.0,3126.0,454.0,0.0,399.0,55.0,546.0,546.0,547.0,546.0,546.0,546.0,2609.0,1420.0,3226.0,0.0,399.0,55.0,546.0,546.0,547.0
1.0,8743.0,1649.0,1639.0,2839.0,606.0,0.0,0.0,606.0,546.0,546.0,547.0,551.0,547.0,551.0,3732.0,2331.0,2680.0,0.0,0.0,606.0,546.0,546.0,547.0
1.0,9933.0,1659.0,1641.0,1431.0,1159.0,0.0,0.0,1159.0,547.0,547.0,547.0,552.0,554.0,553.0,4357.0,3447.0,2129.0,0.0,0.0,1159.0,547.0,547.0,547.0
1.0,9705.0,1672.0,1641.0,454.0,1662.0,0.0,0.0,1662.0,547.0,547.0,547.0,558.0,556.0,558.0,3926.0,4203.0,1576.0,0.0,0.0,1662.0,547.0,547.0,547.0
1.0,8487.0,1673.0,1642.0,606.0,1619.0,0.0,0.0,1619.0,547.0,547.0,548.0,559.0,556.0,558.0,3368.0,4046.0,1073.0,0.0,0.0,1619.0,547.0,547.0,548.0
1.0,7420.0,1669.0,1644.0,1159.0,1500.0,485.0,0.0,1015.0,548.0,548.0,548.0,554.0,560.0,555.0,2809.0,3490.0,1121.0,485.0,0.0,1015.0,548.0,548.0,548.0
1.0,6910.0,1651.0,1644.0,1662.0,1396.0,1035.0,361.0,0.0,548.0,548.0,548.0,550.0,551.0,550.0,2255.0,2930.0,1725.0,1035.0,361.0,0.0,548.0,548.0,548.0
1.0,6921.0,1646.0,1644.0,1619.0,2494.0,1584.0,910.0,0.0,548.0,548.0,548.0,549.0,549.0,548.0,1705.0,2379.0,2837.0,1584.0,910.0,0.0,548.0,548.0,548.0
1.0,6894.0,1641.0,1644.0,1500.0,3100.0,1646.0,1454.0,0.0,548.0,548.0,548.0,547.0,544.0,550.0,1156.0,1830.0,3908.0,1646.0,1454.0,0.0,548.0,548.0,548.0
1.0,6753.0,1652.0,1644.0,1396.0,2805.0,1162.0,1643.0,0.0,548.0,548.0,548.0,551.0,550.0,551.0,1094.0,1286.0,4373.0,1162.0,1643.0,0.0,548.0,548.0,548.0
1.0,6497.0,1673.0,1645.0,2494.0,1427.0,137.0,1290.0,0.0,548.0,548.0,549.0,559.0,557.0,557.0,1578.0,1097.0,3822.0,137.0,1290.0,0.0,548.0,548.0,549.0
1.0,7318.0,1675.0,1647.0,3100.0,438.0,0.0,401.0,37.0,549.0,549.0,549.0,558.0,560.0,557.0,2603.0,1450.0,3265.0,0.0,401.0,37.0,549.0,549.0,549.0
1.0,8743.0,1674.0,1647.0,2805.0,595.0,0.0,0.0,595.0,549.0,549.0,549.0,557.0,559.0,558.0,3691.0,2344.0,2708.0,0.0,0.0,595.0,549.0,549.0,549.0
1.0,9874.0,1663.0,1647.0,1427.0,1151.0,0.0,0.0,1151.0,549.0,549.0,549.0,554.0,553.0,556.0,4296.0,3428.0,2150.0,0.0,0.0,1151.0,549.0,549.0,549.0
1.0,9638.0,1650.0,1648.0,438.0,1674.0,0.0,0.0,1674.0,549.0,549.0,550.0,547.0,548.0,555.0,3879.0,4165.0,1594.0,0.0,0.0,1674.0,549.0,549.0,550.0
1.0,8426.0,1657.0,1648.0,595.0,1635.0,0.0,0.0,1635.0,549.0,549.0,550.0,549.0,552.0,556.0,3332.0,4018.0,1076.0,0.0,0.0,1635.0,549.0,549.0,550.0
1.0,7364.0,1666.0,1649.0,1151.0,1557.0,516.0,0.0,1041.0,549.0,550.0,550.0,554.0,555.0,557.0,2783.0,3466.0,1115.0,516.0,0.0,1041.0,549.0,550.0,550.0
1.0,6849.0,1668.0,1650.0,1674.0,1472.0,1079.0,393.0,0.0,550.0,550.0,550.0,558.0,554.0,556.0,2229.0,2911.0,1709.0,1079.0,393.0,0.0,550.0,550.0,550.0
1.0,6855.0,1681.0,1651.0,1635.0,2595.0,1642.0,953.0,0.0,550.0,550.0,551.0,563.0,560.0,558.0,1671.0,2357.0,2827.0,1642.0,953.0,0.0,550.0,550.0,551.0
1.0,6809.0,1674.0,1651.0,1557.0,3198.0,1689.0,1509.0,0.0,550.0,550.0,551.0,563.0,556.0,555.0,1108.0,1797.0,3904.0,1689.0,1509.0,0.0,550.0,550.0,551.0
1.0,6692.0,1661.0,1652.0,1472.0,2841.0,1165.0,1676.0,0.0,550.0,551.0,551.0,555.0,555.0,551.0,1061.0,1241.0,4390.0,1165.0,1676.0,0.0,550.0,551.0,551.0
1.0,6503.0,1654.0,1652.0,2595.0,1347.0,72.0,1275.0,0.0,550.0,551.0,551.0,549.0,552.0,553.0,1585.0,1079.0,3839.0,72.0,1275.0,0.0,550.0,551.0,551.0
1.0,7444.0,1662.0,1653.0,3198.0,344.0,0.0,321.0,23.0,551.0,551.0,551.0,553.0,555.0,554.0,2678.0,1480.0,3286.0,0.0,321.0,23.0,551.0,551.0,551.0
1.0,8980.0,1673.0,1654.0,2841.0,589.0,0.0,0.0,589.0,551.0,551.0,552.0,557.0,555.0,561.0,3814.0,2434.0,2732.0,0.0,0.0,589.0,551.0,551.0,552.0
1.0,10148.0,1683.0,1654.0,1347.0,1151.0,0.0,0.0,1151.0,551.0,551.0,552.0,564.0,557.0,562.0,4422.0,3555.0,2171.0,0.0,0.0,1151.0,551.0,551.0,552.0
1.0,9812.0,1684.0,1656.0,344.0,1691.0,0.0,0.0,1691.0,552.0,552.0,552.0,564.0,557.0,563.0,3930.0,4273.0,1609.0,0.0,0.0,1691.0,552.0,552.0,552.0
1.0,8472.0,1677.0,1656.0,589.0,1659.0,0.0,0.0,1659.0,552.0,552.0,552.0,563.0,557.0,557.0,3366.0,4037.0,1069.0,0.0,0.0,1659.0,552.0,552.0,552.0
1.0,7384.0,1666.0,1656.0,1151.0,1578.0,517.0,0.0,1061.0,552.0,552.0,552.0,560.0,553.0,553.0,2803.0,3480.0,1101.0,517.0,0.0,1061.0,552.0,552.0,552.0
1.0,6869.0,1664.0,1657.0,1691.0,1461.0,1071.0,390.0,0.0,552.0,552.0,553.0,554.0,557.0,553.0,2243.0,2927.0,1699.0,1071.0,390.0,0.0,552.0,552.0,553.0
1.0,6896.0,1663.0,1658.0,1659.0,2577.0,1629.0,948.0,0.0,553.0,552.0,553.0,553.0,558.0,552.0,1689.0,2370.0,2837.0,1629.0,948.0,0.0,553.0,552.0,553.0
1.0,6892.0,1671.0,1658.0,1578.0,3172.0,1665.0,1507.0,0.0,553.0,552.0,553.0,553.0,559.0,559.0,1136.0,1812.0,3944.0,1665.0,1507.0,0.0,553.0,552.0,553.0
1.0,6799.0,1685.0,1659.0,1461.0,2840.0,1154.0,1686.0,0.0,553.0,553.0,553.0,560.0,564.0,561.0,1100.0,1253.0,4446.0,1154.0,1686.0,0.0,553.0,553.0,553.0
1.0,6575.0,1685.0,1660.0,2577.0,1384.0,85.0,1299.0,0.0,553.0,553.0,554.0,560.0,561.0,564.0,1611.0,1079.0,3885.0,85.0,1299.0,0.0,553.0,553.0,554.0
1.0,7467.0,1682.0,1661.0,3172.0,362.0,0.0,350.0,12.0,554.0,553.0,554.0,561.0,558.0,563.0,2680.0,1466.0,3321.0,0.0,350.0,12.0,554.0,553.0,554.0
1.0,8957.0,1675.0,1661.0,2840.0,571.0,0.0,0.0,571.0,554.0,553.0,554.0,559.0,557.0,559.0,3784.0,2415.0,2758.0,0.0,0.0,571.0,554.0,553.0,554.0
1.0,10122.0,1664.0,1661.0,1384.0,1129.0,0.0,0.0,1129.0,554.0,553.0,554.0,555.0,551.0,558.0,4379.0,3544.0,2199.0,0.0,0.0,1129.0,554.0,553.0,554.0
1.0,9842.0,1666.0,1661.0,362.0,1675.0,0.0,0.0,1675.0,554.0,553.0,554.0,555.0,553.0,558.0,3909.0,4292.0,1641.0,0.0,0.0,1675.0,554.0,553.0,554.0
1.0,8538.0,1678.0,1661.0,571.0,1664.0,0.0,0.0,1664.0,554.0,553.0,554.0,558.0,560.0,560.0,3354.0,4089.0,1095.0,0.0,0.0,1664.0,554.0,553.0,554.0
1.0,7431.0,1678.0,1663.0,1129.0,1632.0,531.0,0.0,1101.0,554.0,554.0,555.0,557.0,560.0,561.0,2796.0,3529.0,1106.0,531.0,0.0,1101.0,554.0,554.0,555.0
1.0,6882.0,1690.0,1664.0,1675.0,1464.0,1099.0,365.0,0.0,555.0,554.0,555.0,563.0,564.0,563.0,2239.0,2969.0,1674.0,1099.0,365.0,0.0,555.0,554.0,555.0
1.0,6867.0,1682.0,1664.0,1664.0,2586.0,1660.0,926.0,0.0,555.0,554.0,555.0,561.0,561.0,560.0,1676.0,2405.0,2786.0,1660.0,926.0,0.0,555.0,554.0,555.0
1.0,6849.0,1674.0,1665.0,1632.0,3181.0,1689.0,1492.0,0.0,555.0,555.0,555.0,560.0,561.0,553.0,1115.0,1844.0,3890.0,1689.0,1492.0,0.0,555.0,555.0,555.0
1.0,6807.0,1674.0,1665.0,1464.0,2833.0,1152.0,1681.0,0.0,555.0,555.0,555.0,562.0,554.0,558.0,1086.0,1283.0,4438.0,1152.0,1681.0,0.0,555.0,555.0,555.0
1.0,6597.0,1671.0,1665.0,2586.0,1362.0,52.0,1310.0,0.0,555.0,555.0,555.0,560.0,555.0,556.0,1623.0,1094.0,3880.0,52.0,1310.0,0.0,555.0,555.0,555.0
1.0,7512.0,1681.0,1667.0,3181.0,397.0,0.0,379.0,18.0,556.0,555.0,556.0,558.0,561.0,562.0,2723.0,1465.0,3324.0,0.0,379.0,18.0,556.0,555.0,556.0
1.0,9012.0,1690.0,1667.0,2833.0,582.0,0.0,0.0,582.0,556.0,555.0,556.0,560.0,566.0,564.0,3854.0,2396.0,2762.0,0.0,0.0,582.0,556.0,555.0,556.0
1.0,10155.0,1690.0,1668.0,1362.0,1149.0,0.0,0.0,1149.0,556.0,556.0,556.0,561.0,562.0,567.0,4446.0,3511.0,2198.0,0.0,0.0,1149.0,556.0,556.0,556.0
1.0,9827.0,1688.0,1668.0,397.0,1695.0,0.0,0.0,1695.0,556.0,556.0,556.0,561.0,563.0,564.0,3937.0,4259.0,1631.0,0.0,0.0,1695.0,556.0,556.0,556.0
1.0,8536.0,1682.0,1669.0,582.0,1677.0,0.0,0.0,1677.0,556.0,556.0,557.0,560.0,563.0,559.0,3376.0,4075.0,1085.0,0.0,0.0,1677.0,556.0,556.0,557.0
1.0,7436.0,1680.0,1669.0,1149.0,1611.0,526.0,0.0,1085.0,556.0,556.0,557.0,562.0,561.0,557.0,2816.0,3512.0,1108.0,526.0,0.0,1085.0,556.0,556.0,557.0
1.0,6905.0,1676.0,1670.0,1695.0,1480.0,1091.0,389.0,0.0,557.0,556.0,557.0,560.0,560.0,556.0,2254.0,2951.0,1700.0,1091.0,389.0,0.0,557.0,556.0,557.0
1.0,6924.0,1685.0,1671.0,1677.0,2609.0,1652.0,957.0,0.0,557.0,557.0,557.0,561.0,563.0,561.0,1694.0,2391.0,2839.0,1652.0,957.0,0.0,557.0,557.0,557.0
1.0,6916.0,1699.0,1671.0,1611.0,3216.0,1693.0,1523.0,0.0,557.0,557.0,557.0,567.0,566.0,566.0,1133.0,1828.0,3955.0,1693.0,1523.0,0.0,557.0,557.0,557.0
1.0,6828.0,1697.0,1673.0,1480.0,2870.0,1169.0,1701.0,0.0,558.0,557.0,558.0,562.0,567.0,568.0,1092.0,1262.0,4474.0,1169.0,1701.0,0.0,558.0,557.0,558.0
1.0,6611.0,1693.0,1674.0,2609.0,1395.0,81.0,1314.0,0.0,558.0,558.0,558.0,564.0,565.0,564.0,1621.0,1084.0,3906.0,81.0,1314.0,0.0,558.0,558.0,558.0
1.0,7527.0,1687.0,1674.0,3216.0,367.0,0.0,352.0,15.0,558.0,558.0,558.0,559.0,561.0,567.0,2709.0,1476.0,3342.0,0.0,352.0,15.0,558.0,558.0,558.0
1.0,9056.0,1680.0,1674.0,2870.0,576.0,0.0,0.0,576.0,558.0,558.0,558.0,558.0,561.0,561.0,3843.0,2438.0,2775.0,0.0,0.0,576.0,558.0,558.0,558.0
1.0,10246.0,1690.0,1674.0,1395.0,1140.0,0.0,0.0,1140.0,558.0,558.0,558.0,560.0,566.0,564.0,4454.0,3578.0,2214.0,0.0,0.0,1140.0,558.0,558.0,558.0
1.0,9951.0,1697.0,1675.0,367.0,1695.0,0.0,0.0,1695.0,558.0,558.0,559.0,567.0,565.0,565.0,3975.0,4326.0,1650.0,0.0,0.0,1695.0,558.0,558.0,559.0
1.0,8621.0,1701.0,1676.0,576.0,1684.0,0.0,0.0,1684.0,558.0,559.0,559.0,564.0,572.0,565.0,3408.0,4113.0,1100.0,0.0,0.0,1684.0,558.0,559.0,559.0
1.0,7496.0,1696.0,1677.0,1140.0,1624.0,514.0,0.0,1110.0,559.0,559.0,559.0,563.0,567.0,566.0,2844.0,3541.0,1111.0,514.0,0.0,1110.0,559.0,559.0,559.0
1.0,6940.0,1689.0,1678.0,1695.0,1460.0,1075.0,385.0,0.0,559.0,559.0,560.0,561.0,564.0,564.0,2281.0,2974.0,1685.0,1075.0,385.0,0.0,559.0,559.0,560.0
1.0,6946.0,1679.0,1678.0,1684.0,2581.0,1634.0,947.0,0.0,559.0,559.0,560.0,559.0,562.0,558.0,1720.0,2410.0,2816.0,1634.0,947.0,0.0,559.0,559.0,560.0
1.0,6951.0,1683.0,1678.0,1624.0,3188.0,1680.0,1508.0,0.0,559.0,559.0,560.0,560.0,561.0,562.0,1161.0,1848.0,3942.0,1680.0,1508.0,0.0,559.0,559.0,560.0
1.0,6892.0,1690.0,1678.0,1460.0,2855.0,1169.0,1686.0,0.0,559.0,559.0,560.0,564.0,563.0,563.0,1115.0,1287.0,4490.0,1169.0,1686.0,0.0,559.0,559.0,560.0
1.0,6662.0,1698.0,1679.0,2581.0,1411.0,101.0,1310.0,0.0,559.0,560.0,560.0,566.0,566.0,566.0,1626.0,1109.0,3927.0,101.0,1310.0,0.0,559.0,560.0,560.0
1.0,7545.0,1710.0,1680.0,3188.0,384.0,0.0,372.0,12.0,560.0,560.0,560.0,567.0,570.0,573.0,2694.0,1490.0,3361.0,0.0,372.0,12.0,560.0,560.0,560.0
1.0,9023.0,1707.0,1681.0,2855.0,586.0,0.0,0.0,586.0,560.0,560.0,561.0,567.0,571.0,569.0,3807.0,2428.0,2788.0,0.0,0.0,586.0,560.0,560.0,561.0
1.0,10171.0,1701.0,1682.0,1411.0,1153.0,0.0,0.0,1153.0,560.0,561.0,561.0,567.0,567.0,567.0,4409.0,3543.0,2219.0,0.0,0.0,1153.0,560.0,561.0,561.0
1.0,9881.0,1691.0,1682.0,384.0,1703.0,0.0,0.0,1703.0,560.0,561.0,561.0,564.0,565.0,562.0,3943.0,4286.0,1652.0,0.0,0.0,1703.0,560.0,561.0,561.0
1.0,8574.0,1687.0,1682.0,586.0,1680.0,0.0,0.0,1680.0,560.0,561.0,561.0,563.0,561.0,563.0,3379.0,4093.0,1102.0,0.0,0.0,1680.0,560.0,561.0,561.0
1.0,7473.0,1686.0,1682.0,1153.0,1633.0,546.0,0.0,1087.0,560.0,561.0,561.0,562.0,564.0,560.0,2816.0,3532.0,1125.0,546.0,0.0,1087.0,560.0,561.0,561.0
1.0,6940.0,1701.0,1683.0,1703.0,1522.0,1120.0,402.0,0.0,561.0,561.0,561.0,569.0,565.0,567.0,2254.0,2968.0,1718.0,1120.0,402.0,0.0,561.0,561.0,561.0
1.0,6942.0,1708.0,1685.0,1680.0,2668.0,1688.0,980.0,0.0,561.0,562.0,562.0,568.0,573.0,567.0,1685.0,2403.0,2854.0,1688.0,980.0,0.0,561.0,562.0,562.0
1.0,6914.0,1706.0,1685.0,1633.0,3256.0,1706.0,1550.0,0.0,561.0,562.0,562.0,564.0,570.0,572.0,1117.0,1830.0,3967.0,1706.0,1550.0,0.0,561.0,562.0,562.0
1.0,6841.0,1705.0,1685.0,1522.0,2869.0,1151.0,1718.0,0.0,561.0,562.0,562.0,565.0,570.0,570.0,1099.0,1260.0,4482.0,1151.0,1718.0,0.0,561.0,562.0,562.0
1.0,6658.0,1696.0,1685.0,2668.0,1329.0,26.0,1303.0,0.0,561.0,562.0,562.0,563.0,565.0,568.0,1654.0,1092.0,3912.0,26.0,1303.0,0.0,561.0,562.0,562.0
1.0,7630.0,1689.0,1686.0,3256.0,354.0,0.0,325.0,29.0,561.0,563.0,562.0,559.0,567.0,563.0,2779.0,1507.0,3344.0,0.0,325.0,29.0,561.0,563.0,562.0
1.0,9197.0,1691.0,1686.0,2869.0,595.0,0.0,0.0,595.0,561.0,563.0,562.0,562.0,563.0,566.0,3926.0,2490.0,2781.0,0.0,0.0,595.0,561.0,563.0,562.0
1.0,10375.0,1703.0,1687.0,1329.0,1169.0,0.0,0.0,1169.0,561.0,563.0,563.0,568.0,566.0,569.0,4515.0,3645.0,2215.0,0.0,0.0,1169.0,561.0,563.0,563.0
1.0,10001.0,1706.0,1688.0,354.0,1707.0,0.0,0.0,1707.0,562.0,563.0,563.0,570.0,569.0,567.0,3973.0,4382.0,1646.0,0.0,0.0,1707.0,562.0,563.0,563.0
1.0,8649.0,1714.0,1688.0,595.0,1680.0,0.0,0.0,1680.0,562.0,563.0,563.0,575.0,571.0,568.0,3403.0,4138.0,1108.0,0.0,0.0,1680.0,562.0,563.0,563.0
1.0,7530.0,1702.0,1689.0,1169.0,1628.0,550.0,0.0,1078.0,562.0,564.0,563.0,568.0,567.0,567.0,2828.0,3567.0,1135.0,550.0,0.0,1078.0,562.0,564.0,563.0
1.0,6997.0,1695.0,1691.0,1707.0,1505.0,1118.0,387.0,0.0,563.0,564.0,564.0,563.0,567.0,565.0,2260.0,3000.0,1737.0,1118.0,387.0,0.0,563.0,564.0,564.0
1.0,7009.0,1695.0,1691.0,1680.0,2634.0,1684.0,950.0,0.0,563.0,564.0,564.0,566.0,563.0,566.0,1697.0,2433.0,2879.0,1684.0,950.0,0.0,563.0,564.0,564.0
1.0,6994.0,1695.0,1691.0,1628.0,3212.0,1695.0,1517.0,0.0,563.0,564.0,564.0,561.0,567.0,567.0,1131.0,1870.0,3993.0,1695.0,1517.0,0.0,563.0,564.0,564.0
1.0,6927.0,1718.0,1691.0,1505.0,2852.0,1151.0,1701.0,0.0,563.0,564.0,564.0,574.0,571.0,573.0,1120.0,1303.0,4504.0,1151.0,1701.0,0.0,563.0,564.0,564.0
1.0,6714.0,1715.0,1692.0,2634.0,1367.0,40.0,1327.0,0.0,563.0,565.0,564.0,573.0,571.0,571.0,1664.0,1119.0,3931.0,40.0,1327.0,0.0,563.0,565.0,564.0
1.0,7633.0,1725.0,1693.0,3212.0,416.0,0.0,383.0,33.0,564.0,565.0,564.0,579.0,573.0,573.0,2775.0,1498.0,3360.0,0.0,383.0,33.0,564.0,565.0,564.0
1.0,9120.0,1717.0,1694.0,2852.0,612.0,0.0,0.0,612.0,564.0,565.0,565.0,573.0,570.0,574.0,3891.0,2442.0,2787.0,0.0,0.0,612.0,564.0,565.0,565.0
1.0,10255.0,1698.0,1694.0,1367.0,1180.0,0.0,0.0,1180.0,564.0,565.0,565.0,564.0,566.0,568.0,4469.0,3573.0,2213.0,0.0,0.0,1180.0,564.0,565.0,565.0
1.0,9924.0,1696.0,1694.0,416.0,1712.0,0.0,0.0,1712.0,564.0,565.0,565.0,565.0,566.0,565.0,3945.0,4334.0,1645.0,0.0,0.0,1712.0,564.0,565.0,565.0
1.0,8644.0,1701.0,1694.0,612.0,1671.0,7.0,0.0,1664.0,564.0,565.0,565.0,567.0,570.0,564.0,3380.0,4151.0,1113.0,7.0,0.0,1664.0,564.0,565.0,565.0
1.0,7555.0,1712.0,1695.0,1180.0,1629.0,576.0,0.0,1053.0,564.0,566.0,565.0,569.0,574.0,569.0,2813.0,3581.0,1161.0,576.0,0.0,1053.0,564.0,566.0,565.0
1.0,7023.0,1729.0,1697.0,1712.0,1558.0,1157.0,401.0,0.0,565.0,566.0,566.0,576.0,578.0,575.0,2244.0,3007.0,1772.0,1157.0,401.0,0.0,565.0,566.0,566.0
1.0,7006.0,1727.0,1698.0,1671.0,2705.0,1725.0,980.0,0.0,565.0,567.0,566.0,575.0,574.0,578.0,1668.0,2429.0,2909.0,1725.0,980.0,0.0,565.0,567.0,566.0
1.0,6950.0,1718.0,1698.0,1629.0,3274.0,1721.0,1553.0,0.0,565.0,567.0,566.0,572.0,573.0,573.0,1100.0,1855.0,3995.0,1721.0,1553.0,0.0,565.0,567.0,566.0
1.0,6861.0,1711.0,1699.0,1558.0,2864.0,1141.0,1723.0,0.0,566.0,567.0,566.0,572.0,571.0,568.0,1104.0,1282.0,4475.0,1141.0,1723.0,0.0,566.0,567.0,566.0
1.0,6708.0,1704.0,1699.0,2705.0,1309.0,0.0,1309.0,0.0,566.0,567.0,566.0,569.0,566.0,569.0,1689.0,1112.0,3907.0,0.0,1309.0,0.0,566.0,567.0,566.0
1.0,7709.0,1705.0,1699.0,3274.0,384.0,0.0,322.0,62.0,566.0,567.0,566.0,569.0,566.0,570.0,2845.0,1526.0,3338.0,0.0,322.0,62.0,566.0,567.0,566.0
1.0,9278.0,1710.0,1700.0,2864.0,638.0,0.0,0.0,638.0,566.0,567.0,567.0,568.0,571.0,571.0,3997.0,2513.0,2768.0,0.0,0.0,638.0,566.0,567.0,567.0
1.0,10432.0,1724.0,1700.0,1309.0,1211.0,0.0,0.0,1211.0,566.0,567.0,567.0,577.0,574.0,573.0,4570.0,3665.0,2197.0,0.0,0.0,1211.0,566.0,567.0,567.0
1.0,10017.0,1739.0,1702.0,384.0,1728.0,0.0,0.0,1728.0,567.0,568.0,567.0,580.0,580.0,579.0,3993.0,4400.0,1624.0,0.0,0.0,1728.0,567.0,568.0,567.0
1.0,8662.0,1732.0,1703.0,638.0,1672.0,3.0,0.0,1669.0,567.0,568.0,568.0,581.0,577.0,574.0,3413.0,4142.0,1107.0,3.0,0.0,1669.0,567.0,568.0,568.0
1.0,7568.0,1716.0,1703.0,1211.0,1602.0,577.0,0.0,1025.0,567.0,568.0,568.0,574.0,575.0,567.0,2832.0,3565.0,1171.0,577.0,0.0,1025.0,567.0,568.0,568.0
1.0,7063.0,1706.0,1703.0,1728.0,1565.0,1148.0,417.0,0.0,567.0,568.0,568.0,571.0,567.0,568.0,2258.0,2990.0,1815.0,1148.0,417.0,0.0,567.0,568.0,568.0
1.0,7085.0,1709.0,1703.0,1672.0,2696.0,1712.0,984.0,0.0,567.0,568.0,568.0,567.0,567.0,575.0,1687.0,2423.0,2975.0,1712.0,984.0,0.0,567.0,568.0,568.0
1.0,7048.0,1719.0,1705.0,1602.0,3273.0,1709.0,1564.0,0.0,568.0,569.0,568.0,569.0,575.0,575.0,1123.0,1856.0,4069.0,1709.0,1564.0,0.0,568.0,569.0,568.0
1.0,6931.0,1726.0,1705.0,1565.0,2854.0,1135.0,1719.0,0.0,568.0,569.0,568.0,574.0,572.0,580.0,1131.0,1281.0,4519.0,1135.0,1719.0,0.0,568.0,569.0,568.0
1.0,6770.0,1735.0,1706.0,2696.0,1313.0,1.0,1312.0,0.0,568.0,569.0,569.0,578.0,577.0,580.0,1705.0,1126.0,3939.0,1.0,1312.0,0.0,568.0,569.0,569.0
1.0,7731.0,1720.0,1706.0,3273.0,381.0,0.0,319.0,62.0,568.0,569.0,569.0,573.0,571.0,576.0,2839.0,1533.0,3359.0,0.0,319.0,62.0,568.0,569.0,569.0
1.0,9284.0,1717.0,1707.0,2854.0,634.0,0.0,0.0,634.0,569.0,569.0,569.0,573.0,572.0,572.0,3975.0,2526.0,2783.0,0.0,0.0,634.0,569.0,569.0,569.0
1.0,10421.0,1709.0,1707.0,1313.0,1206.0,0.0,0.0,1206.0,569.0,569.0,569.0,568.0,569.0,572.0,4537.0,3673.0,2211.0,0.0,0.0,1206.0,569.0,569.0,569.0
1.0,10025.0,1717.0,1707.0,381.0,1719.0,0.0,0.0,1719.0,569.0,569.0,569.0,570.0,572.0,575.0,3970.0,4416.0,1639.0,0.0,0.0,1719.0,569.0,569.0,569.0
1.0,8689.0,1714.0,1708.0,634.0,1677.0,15.0,0.0,1662.0,569.0,569.0,570.0,570.0,572.0,572.0,3400.0,4163.0,1126.0,15.0,0.0,1662.0,569.0,569.0,570.0
1.0,7609.0,1730.0,1709.0,1206.0,1624.0,591.0,0.0,1033.0,569.0,570.0,570.0,576.0,577.0,577.0,2830.0,3591.0,1188.0,591.0,0.0,1033.0,569.0,570.0,570.0
1.0,7085.0,1736.0,1710.0,1719.0,1589.0,1176.0,413.0,0.0,570.0,570.0,570.0,580.0,577.0,579.0,2254.0,3014.0,1817.0,1176.0,413.0,0.0,570.0,570.0,570.0
1.0,7068.0,1734.0,1711.0,1677.0,2727.0,1738.0,989.0,0.0,570.0,570.0,571.0,577.0,576.0,581.0,1674.0,2437.0,2957.0,1738.0,989.0,0.0,570.0,570.0,571.0
1.0,7011.0,1721.0,1711.0,1624.0,3281.0,1719.0,1562.0,0.0,570.0,570.0,571.0,572.0,573.0,576.0,1112.0,1861.0,4038.0,1719.0,1562.0,0.0,570.0,570.0,571.0
1.0,6914.0,1719.0,1711.0,1589.0,2838.0,1114.0,1724.0,0.0,570.0,570.0,571.0,571.0,575.0,573.0,1131.0,1288.0,4495.0,1114.0,1724.0,0.0,570.0,570.0,571.0
1.0,6784.0,1722.0,1711.0,2727.0,1308.0,0.0,1308.0,0.0,570.0,570.0,571.0,571.0,573.0,578.0,1736.0,1126.0,3922.0,0.0,1308.0,0.0,570.0,570.0,571.0
1.0,7789.0,1726.0,1712.0,3281.0,416.0,0.0,328.0,88.0,570.0,571.0,571.0,572.0,577.0,577.0,2903.0,1542.0,3344.0,0.0,328.0,88.0,570.0,571.0,571.0
1.0,9344.0,1733.0,1713.0,2838.0,663.0,0.0,0.0,663.0,571.0,571.0,571.0,577.0,581.0,575.0,4050.0,2527.0,2767.0,0.0,0.0,663.0,571.0,571.0,571.0
1.0,10449.0,1734.0,1714.0,1308.0,1243.0,0.0,0.0,1243.0,571.0,571.0,572.0,579.0,580.0,575.0,4587.0,3670.0,2192.0,0.0,0.0,1243.0,571.0,571.0,572.0
1.0,10023.0,1740.0,1715.0,416.0,1734.0,0.0,0.0,1734.0,571.0,572.0,572.0,580.0,581.0,579.0,4008.0,4398.0,1617.0,0.0,0.0,1734.0,571.0,572.0,572.0
1.0,8699.0,1724.0,1715.0,663.0,1649.0,5.0,0.0,1644.0,571.0,572.0,572.0,578.0,573.0,573.0,3428.0,4145.0,1126.0,5.0,0.0,1644.0,571.0,572.0,572.0
1.0,7638.0,1717.0,1715.0,1243.0,1552.0,578.0,0.0,974.0,571.0,572.0,572.0,573.0,571.0,573.0,2850.0,3572.0,1216.0,578.0,0.0,974.0,571.0,572.0,572.0
1.0,7164.0,1727.0,1716.0,1734.0,1593.0,1159.0,434.0,0.0,572.0,572.0,572.0,576.0,575.0,576.0,2277.0,3001.0,1886.0,1159.0,434.0,0.0,572.0,572.0,572.0
1.0,7171.0,1722.0,1716.0,1649.0,2738.0,1730.0,1008.0,0.0,572.0,572.0,572.0,576.0,574.0,572.0,1701.0,2426.0,3044.0,1730.0,1008.0,0.0,572.0,572.0,572.0
1.0,7098.0,1743.0,1717.0,1552.0,3320.0,1732.0,1588.0,0.0,572.0,572.0,573.0,580.0,580.0,583.0,1130.0,1852.0,4116.0,1732.0,1588.0,0.0,572.0,572.0,573.0
1.0,6907.0,1753.0,1719.0,1593.0,2905.0,1159.0,1746.0,0.0,573.0,573.0,573.0,581.0,587.0,585.0,1128.0,1272.0,4507.0,1159.0,1746.0,0.0,573.0,573.0,573.0
1.0,6747.0,1736.0,1719.0,2738.0,1325.0,9.0,1316.0,0.0,573.0,573.0,573.0,580.0,578.0,578.0,1706.0,1119.0,3922.0,9.0,1316.0,0.0,573.0,573.0,573.0
1.0,7749.0,1739.0,1719.0,3320.0,407.0,0.0,308.0,99.0,573.0,573.0,573.0,581.0,580.0,578.0,2856.0,1549.0,3344.0,0.0,308.0,99.0,573.0,573.0,573.0
1.0,9330.0,1724.0,1720.0,2905.0,677.0,0.0,0.0,677.0,573.0,573.0,574.0,577.0,574.0,573.0,4007.0,2557.0,2766.0,0.0,0.0,677.0,573.0,573.0,574.0
1.0,10511.0,1733.0,1720.0,1325.0,1253.0,0.0,0.0,1253.0,573.0,573.0,574.0,581.0,576.0,576.0,4589.0,3729.0,2193.0,0.0,0.0,1253.0,573.0,573.0,574.0
1.0,10103.0,1732.0,1722.0,407.0,1729.0,0.0,0.0,1729.0,574.0,574.0,574.0,577.0,580.0,575.0,4017.0,4469.0,1617.0,0.0,0.0,1729.0,574.0,574.0,574.0
1.0,8778.0,1740.0,1722.0,677.0,1641.0,11.0,0.0,1630.0,574.0,574.0,574.0,581.0,581.0,578.0,3440.0,4197.0,1141.0,11.0,0.0,1630.0,574.0,574.0,574.0
1.0,7715.0,1742.0,1722.0,1253.0,1551.0,591.0,0.0,960.0,574.0,574.0,574.0,580.0,579.0,583.0,2859.0,3616.0,1240.0,591.0,0.0,960.0,574.0,574.0,574.0
1.0,7226.0,1740.0,1723.0,1729.0,1584.0,1172.0,412.0,0.0,574.0,574.0,575.0,581.0,579.0,580.0,2279.0,3037.0,1910.0,1172.0,412.0,0.0,574.0,574.0,575.0
1.0,7215.0,1736.0,1724.0,1641.0,2733.0,1744.0,989.0,0.0,575.0,574.0,575.0,578.0,577.0,581.0,1698.0,2458.0,3059.0,1744.0,989.0,0.0,575.0,574.0,575.0
1.0,7120.0,1729.0,1724.0,1551.0,3294.0,1722.0,1572.0,0.0,574.0,575.0,575.0,574.0,578.0,577.0,1131.0,1881.0,4108.0,1722.0,1572.0,0.0,574.0,575.0,575.0
1.0,6942.0,1734.0,1725.0,1584.0,2870.0,1135.0,1735.0,0.0,575.0,575.0,575.0,580.0,575.0,579.0,1148.0,1303.0,4491.0,1135.0,1735.0,0.0,575.0,575.0,575.0
1.0,6792.0,1744.0,1725.0,2733.0,1327.0,0.0,1327.0,0.0,575.0,575.0,575.0,583.0,581.0,580.0,1740.0,1140.0,3912.0,0.0,1327.0,0.0,575.0,575.0,575.0
1.0,7781.0,1749.0,1726.0,3294.0,469.0,0.0,337.0,132.0,575.0,575.0,576.0,583.0,582.0,584.0,2901.0,1548.0,3332.0,0.0,337.0,132.0,575.0,575.0,576.0
1.0,9326.0,1742.0,1727.0,2870.0,709.0,0.0,0.0,709.0,576.0,575.0,576.0,583.0,582.0,577.0,4040.0,2538.0,2748.0,0.0,0.0,709.0,576.0,575.0,576.0
1.0,10454.0,1742.0,1728.0,1327.0,1290.0,0.0,0.0,1290.0,576.0,576.0,576.0,581.0,580.0,581.0,4592.0,3691.0,2171.0,0.0,0.0,1290.0,576.0,576.0,576.0
1.0,10039.0,1741.0,1728.0,469.0,1737.0,0.0,0.0,1737.0,576.0,576.0,576.0,583.0,579.0,579.0,4011.0,4438.0,1590.0,0.0,0.0,1737.0,576.0,576.0,576.0
1.0,8767.0,1737.0,1728.0,709.0,1637.0,30.0,0.0,1607.0,576.0,576.0,576.0,578.0,580.0,579.0,3428.0,4196.0,1143.0,30.0,0.0,1607.0,576.0,576.0,576.0
1.0,7739.0,1740.0,1728.0,1290.0,1507.0,611.0,0.0,896.0,576.0,576.0,576.0,581.0,580.0,579.0,2850.0,3616.0,1273.0,611.0,0.0,896.0,576.0,576.0,576.0
1.0,7289.0,1753.0,1729.0,1737.0,1623.0,1196.0,427.0,0.0,576.0,576.0,577.0,585.0,583.0,585.0,2269.0,3036.0,1984.0,1196.0,427.0,0.0,576.0,576.0,577.0
1.0,7273.0,1764.0,1731.0,1637.0,2782.0,1760.0,1022.0,0.0,577.0,577.0,577.0,589.0,590.0,585.0,1684.0,2453.0,3136.0,1760.0,1022.0,0.0,577.0,577.0,577.0
1.0,7146.0,1752.0,1731.0,1507.0,3337.0,1730.0,1607.0,0.0,577.0,577.0,577.0,581.0,585.0,586.0,1125.0,1863.0,4158.0,1730.0,1607.0,0.0,577.0,577.0,577.0
1.0,6901.0,1754.0,1732.0,1623.0,2879.0,1116.0,1763.0,0.0,577.0,577.0,578.0,582.0,583.0,589.0,1155.0,1278.0,4468.0,1116.0,1763.0,0.0,577.0,577.0,578.0
1.0,6770.0,1740.0,1732.0,2782.0,1320.0,0.0,1320.0,0.0,577.0,577.0,578.0,579.0,579.0,582.0,1769.0,1122.0,3879.0,0.0,1320.0,0.0,577.0,577.0,578.0
1.0,7812.0,1733.0,1732.0,3337.0,462.0,0.0,290.0,172.0,577.0,577.0,578.0,577.0,577.0,579.0,2950.0,1565.0,3297.0,0.0,290.0,172.0,577.0,577.0,578.0
1.0,9416.0,1732.0,1732.0,2879.0,752.0,0.0,0.0,752.0,577.0,577.0,578.0,576.0,576.0,580.0,4103.0,2595.0,2718.0,0.0,0.0,752.0,577.0,577.0,578.0
1.0,10563.0,1753.0,1733.0,1320.0,1333.0,0.0,0.0,1333.0,578.0,577.0,578.0,588.0,584.0,581.0,4643.0,3782.0,2138.0,0.0,0.0,1333.0,578.0,577.0,578.0
1.0,10130.0,1762.0,1734.0,462.0,1745.0,0.0,0.0,1745.0,578.0,578.0,578.0,588.0,590.0,584.0,4055.0,4518.0,1557.0,0.0,0.0,1745.0,578.0,578.0,578.0
1.0,8830.0,1770.0,1735.0,752.0,1601.0,13.0,0.0,1588.0,578.0,578.0,579.0,590.0,590.0,590.0,3467.0,4218.0,1145.0,13.0,0.0,1588.0,578.0,578.0,579.0
1.0,7812.0,1759.0,1736.0,1333.0,1445.0,602.0,0.0,843.0,579.0,578.0,579.0,584.0,587.0,588.0,2877.0,3628.0,1307.0,602.0,0.0,843.0,579.0,578.0,579.0
1.0,7386.0,1753.0,1737.0,1745.0,1621.0,1185.0,436.0,0.0,579.0,579.0,579.0,583.0,582.0,588.0,2293.0,3041.0,2052.0,1185.0,436.0,0.0,579.0,579.0,579.0
1.0,7378.0,1736.0,1737.0,1601.0,2763.0,1748.0,1015.0,0.0,579.0,579.0,579.0,576.0,579.0,581.0,1710.0,2459.0,3209.0,1748.0,1015.0,0.0,579.0,579.0,579.0
1.0,7243.0,1739.0,1737.0,1445.0,3318.0,1724.0,1594.0,0.0,579.0,579.0,579.0,578.0,579.0,582.0,1147.0,1880.0,4216.0,1724.0,1594.0,0.0,579.0,579.0,579.0
1.0,6949.0,1754.0,1737.0,1621.0,2866.0,1125.0,1741.0,0.0,579.0,579.0,579.0,586.0,583.0,585.0,1171.0,1301.0,4477.0,1125.0,1741.0,0.0,579.0,579.0,579.0
1.0,6816.0,1771.0,1739.0,2763.0,1314.0,0.0,1314.0,0.0,580.0,579.0,580.0,595.0,588.0,588.0,1770.0,1154.0,3892.0,0.0,1314.0,0.0,580.0,579.0,580.0
1.0,7808.0,1765.0,1740.0,3318.0,493.0,0.0,312.0,181.0,580.0,580.0,580.0,593.0,587.0,585.0,2923.0,1581.0,3304.0,0.0,312.0,181.0,580.0,580.0,580.0
1.0,9361.0,1764.0,1740.0,2866.0,768.0,0.0,0.0,768.0,580.0,580.0,580.0,588.0,589.0,587.0,4054.0,2588.0,2719.0,0.0,0.0,768.0,580.0,580.0,580.0
1.0,10463.0,1747.0,1741.0,1314.0,1348.0,0.0,0.0,1348.0,581.0,580.0,580.0,584.0,583.0,580.0,4591.0,3740.0,2132.0,0.0,0.0,1348.0,581.0,580.0,580.0
1.0,10030.0,1741.0,1740.0,493.0,1747.0,0.0,0.0,1747.0,580.0,580.0,580.0,577.0,584.0,580.0,4007.0,4471.0,1552.0,0.0,0.0,1747.0,580.0,580.0,580.0
1.0,8782.0,1751.0,1741.0,768.0,1619.0,55.0,0.0,1564.0,581.0,580.0,580.0,580.0,586.0,585.0,3430.0,4199.0,1153.0,55.0,0.0,1564.0,581.0,580.0,580.0
1.0,7799.0,1756.0,1743.0,1348.0,1447.0,640.0,0.0,807.0,581.0,581.0,581.0,585.0,585.0,586.0,2850.0,3613.0,1336.0,640.0,0.0,807.0,581.0,581.0,581.0
1.0,7391.0,1777.0,1743.0,1747.0,1700.0,1233.0,467.0,0.0,581.0,581.0,581.0,593.0,590.0,594.0,2265.0,3028.0,2098.0,1233.0,467.0,0.0,581.0,581.0,581.0
1.0,7361.0,1773.0,1744.0,1619.0,2830.0,1774.0,1056.0,0.0,582.0,581.0,581.0,591.0,589.0,593.0,1672.0,2438.0,3251.0,1774.0,1056.0,0.0,582.0,581.0,581.0
1.0,7207.0,1763.0,1746.0,1447.0,3371.0,1723.0,1648.0,0.0,582.0,582.0,582.0,589.0,587.0,587.0,1136.0,1849.0,4222.0,1723.0,1648.0,0.0,582.0,582.0,582.0
1.0,6891.0,1761.0,1746.0,1700.0,2844.0,1077.0,1767.0,0.0,582.0,582.0,582.0,587.0,586.0,588.0,1187.0,1262.0,4442.0,1077.0,1767.0,0.0,582.0,582.0,582.0
1.0,6830.0,1744.0,1746.0,2830.0,1295.0,0.0,1295.0,0.0,582.0,582.0,582.0,583.0,584.0,577.0,1833.0,1143.0,3854.0,0.0,1295.0,0.0,582.0,582.0,582.0
1.0,7916.0,1754.0,1746.0,3371.0,449.0,0.0,233.0,216.0,582.0,582.0,582.0,585.0,586.0,583.0,3024.0,1615.0,3277.0,0.0,233.0,216.0,582.0,582.0,582.0
1.0,9533.0,1764.0,1746.0,2844.0,803.0,0.0,0.0,803.0,582.0,582.0,582.0,587.0,590.0,587.0,4162.0,2677.0,2694.0,0.0,0.0,803.0,582.0,582.0,582.0
1.0,10613.0,1778.0,1748.0,1295.0,1402.0,0.0,0.0,1402.0,583.0,582.0,583.0,592.0,592.0,594.0,4652.0,3854.0,2107.0,0.0,0.0,1402.0,583.0,582.0,583.0
1.0,10130.0,1767.0,1749.0,449.0,1776.0,0.0,0.0,1776.0,583.0,583.0,583.0,588.0,589.0,590.0,4060.0,4557.0,1513.0,0.0,0.0,1776.0,583.0,583.0,583.0
1.0,8812.0,1771.0,1749.0,803.0,1599.0,34.0,0.0,1565.0,583.0,583.0,583.0,591.0,588.0,592.0,3472.0,4201.0,1139.0,34.0,0.0,1565.0,583.0,583.0,583.0
1.0,7844.0,1759.0,1749.0,1402.0,1372.0,622.0,0.0,750.0,583.0,583.0,583.0,588.0,584.0,587.0,2881.0,3613.0,1350.0,622.0,0.0,750.0,583.0,583.0,583.0
1.0,7487.0,1749.0,1750.0,1776.0,1677.0,1210.0,467.0,0.0,584.0,583.0,583.0,583.0,581.0,585.0,2293.0,3029.0,2165.0,1210.0,467.0,0.0,584.0,583.0,583.0
1.0,7514.0,1761.0,1750.0,1599.0,2815.0,1761.0,1054.0,0.0,584.0,583.0,583.0,585.0,587.0,589.0,1710.0,2448.0,3356.0,1761.0,1054.0,0.0,584.0,583.0,583.0
1.0,7352.0,1762.0,1751.0,1372.0,3368.0,1724.0,1644.0,0.0,584.0,583.0,584.0,585.0,590.0,587.0,1159.0,1861.0,4332.0,1724.0,1644.0,0.0,584.0,583.0,584.0
1.0,6962.0,1775.0,1752.0,1677.0,2880.0,1107.0,1773.0,0.0,584.0,584.0,584.0,593.0,591.0,591.0,1196.0,1271.0,4495.0,1107.0,1773.0,0.0,584.0,584.0,584.0
1.0,6864.0,1778.0,1752.0,2815.0,1312.0,0.0,1312.0,0.0,584.0,584.0,584.0,595.0,593.0,590.0,1813.0,1147.0,3904.0,0.0,1312.0,0.0,584.0,584.0,584.0
1.0,7901.0,1770.0,1754.0,3368.0,458.0,0.0,258.0,200.0,585.0,584.0,585.0,591.0,590.0,589.0,2979.0,1608.0,3314.0,0.0,258.0,200.0,585.0,584.0,585.0
1.0,9499.0,1763.0,1754.0,2880.0,784.0,0.0,0.0,784.0,585.0,584.0,585.0,590.0,589.0,584.0,4112.0,2662.0,2725.0,0.0,0.0,784.0,585.0,584.0,585.0
1.0,10616.0,1756.0,1754.0,1312.0,1371.0,0.0,0.0,1371.0,585.0,584.0,585.0,586.0,583.0,587.0,4629.0,3846.0,2141.0,0.0,0.0,1371.0,585.0,584.0,585.0
1.0,10172.0,1750.0,1755.0,458.0,1756.0,0.0,0.0,1756.0,585.0,585.0,585.0,581.0,584.0,585.0,4043.0,4575.0,1554.0,0.0,0.0,1756.0,585.0,585.0,585.0
1.0,8880.0,1768.0,1755.0,784.0,1611.0,49.0,0.0,1562.0,585.0,585.0,585.0,586.0,592.0,590.0,3462.0,4249.0,1169.0,49.0,0.0,1562.0,585.0,585.0,585.0
1.0,7896.0,1781.0,1755.0,1371.0,1427.0,640.0,0.0,787.0,585.0,585.0,585.0,591.0,594.0,596.0,2876.0,3657.0,1363.0,640.0,0.0,787.0,585.0,585.0,585.0
1.0,7486.0,1788.0,1758.0,1756.0,1703.0,1241.0,462.0,0.0,586.0,586.0,586.0,596.0,595.0,597.0,2285.0,3063.0,2138.0,1241.0,462.0,0.0,586.0,586.0,586.0
1.0,7454.0,1776.0,1758.0,1611.0,2837.0,1784.0,1053.0,0.0,586.0,586.0,586.0,592.0,591.0,593.0,1689.0,2468.0,3297.0,1784.0,1053.0,0.0,586.0,586.0,586.0
1.0,7289.0,1772.0,1758.0,1427.0,3380.0,1736.0,1644.0,0.0,586.0,586.0,586.0,592.0,591.0,589.0,1146.0,1877.0,4266.0,1736.0,1644.0,0.0,586.0,586.0,586.0
1.0,6944.0,1766.0,1758.0,1703.0,2856.0,1083.0,1773.0,0.0,586.0,586.0,586.0,588.0,591.0,587.0,1194.0,1286.0,4464.0,1083.0,1773.0,0.0,586.0,586.0,586.0
1.0,6881.0,1765.0,1758.0,2837.0,1307.0,0.0,1307.0,0.0,586.0,586.0,586.0,593.0,587.0,585.0,1847.0,1157.0,3877.0,0.0,1307.0,0.0,586.0,586.0,586.0
1.0,7953.0,1764.0,1759.0,3380.0,483.0,0.0,251.0,232.0,586.0,586.0,587.0,587.0,588.0,589.0,3038.0,1623.0,3292.0,0.0,251.0,232.0,586.0,586.0,587.0
1.0,9569.0,1778.0,1761.0,2856.0,829.0,0.0,0.0,829.0,587.0,587.0,587.0,591.0,590.0,597.0,4187.0,2679.0,2703.0,0.0,0.0,829.0,587.0,587.0,587.0
1.0,10647.0,1778.0,1761.0,1307.0,1423.0,0.0,0.0,1423.0,587.0,587.0,587.0,589.0,595.0,594.0,4679.0,3862.0,2106.0,0.0,0.0,1423.0,587.0,587.0,587.0
1.0,10176.0,1777.0,1761.0,483.0,1787.0,0.0,0.0,1787.0,587.0,587.0,587.0,592.0,589.0,596.0,4090.0,4574.0,1512.0,0.0,0.0,1787.0,587.0,587.0,587.0
1.0,8882.0,1776.0,1762.0,829.0,1584.0,29.0,0.0,1555.0,587.0,587.0,588.0,592.0,592.0,592.0,3498.0,4236.0,1148.0,29.0,0.0,1555.0,587.0,587.0,588.0
1.0,7935.0,1774.0,1762.0,1423.0,1343.0,621.0,0.0,722.0,587.0,587.0,588.0,592.0,592.0,590.0,2906.0,3644.0,1385.0,621.0,0.0,722.0,587.0,587.0,588.0
1.0,7584.0,1780.0,1762.0,1787.0,1690.0,1212.0,478.0,0.0,587.0,587.0,588.0,591.0,595.0,594.0,2314.0,3052.0,2218.0,1212.0,478.0,0.0,587.0,587.0,588.0
1.0,7591.0,1778.0,1764.0,1584.0,2859.0,1783.0,1076.0,0.0,588.0,588.0,588.0,595.0,593.0,590.0,1723.0,2457.0,3411.0,1783.0,1076.0,0.0,588.0,588.0,588.0
1.0,7397.0,1773.0,1764.0,1343.0,3420.0,1753.0,1667.0,0.0,588.0,588.0,588.0,591.0,591.0,591.0,1157.0,1864.0,4376.0,1753.0,1667.0,0.0,588.0,588.0,588.0
1.0,6967.0,1785.0,1764.0,1690.0,2922.0,1136.0,1786.0,0.0,588.0,588.0,588.0,595.0,597.0,593.0,1187.0,1273.0,4507.0,1136.0,1786.0,0.0,588.0,588.0,588.0
1.0,6872.0,1786.0,1766.0,2859.0,1313.0,0.0,1313.0,0.0,588.0,589.0,589.0,596.0,598.0,592.0,1804.0,1154.0,3914.0,0.0,1313.0,0.0,588.0,589.0,589.0
1.0,7945.0,1767.0,1766.0,3420.0,447.0,0.0,235.0,212.0,588.0,589.0,589.0,589.0,589.0,589.0,2991.0,1632.0,3322.0,0.0,235.0,212.0,588.0,589.0,589.0
1.0,9598.0,1772.0,1766.0,2922.0,803.0,0.0,0.0,803.0,588.0,589.0,589.0,591.0,590.0,591.0,4155.0,2710.0,2733.0,0.0,0.0,803.0,588.0,589.0,589.0
1.0,10748.0,1771.0,1767.0,1313.0,1393.0,0.0,0.0,1393.0,589.0,589.0,589.0,592.0,589.0,590.0,4700.0,3906.0,2142.0,0.0,0.0,1393.0,589.0,589.0,589.0
1.0,10290.0,1789.0,1767.0,447.0,1779.0,0.0,0.0,1779.0,589.0,589.0,589.0,594.0,597.0,598.0,4108.0,4630.0,1552.0,0.0,0.0,1779.0,589.0,589.0,589.0
1.0,8948.0,1789.0,1767.0,803.0,1602.0,28.0,0.0,1574.0,589.0,589.0,589.0,597.0,594.0,598.0,3514.0,4268.0,1166.0,28.0,0.0,1574.0,589.0,589.0,589.0
1.0,7962.0,1798.0,1770.0,1393.0,1418.0,629.0,0.0,789.0,590.0,590.0,590.0,596.0,599.0,603.0,2917.0,3674.0,1371.0,629.0,0.0,789.0,590.0,590.0,590.0
1.0,7557.0,1786.0,1770.0,1779.0,1694.0,1225.0,469.0,0.0,590.0,590.0,590.0,596.0,594.0,596.0,2321.0,3075.0,2161.0,1225.0,469.0,0.0,590.0,590.0,590.0
1.0,7550.0,1776.0,1770.0,1602.0,2848.0,1791.0,1057.0,0.0,590.0,590.0,590.0,594.0,588.0,594.0,1725.0,2481.0,3344.0,1791.0,1057.0,0.0,590.0,590.0,590.0
1.0,7376.0,1776.0,1770.0,1418.0,3400.0,1754.0,1646.0,0.0,590.0,590.0,590.0,592.0,589.0,595.0,1159.0,1893.0,4324.0,1754.0,1646.0,0.0,590.0,590.0,590.0
1.0,7018.0,1779.0,1770.0,1694.0,2894.0,1123.0,1771.0,0.0,590.0,590.0,590.0,594.0,594.0,591.0,1196.0,1304.0,4518.0,1123.0,1771.0,0.0,590.0,590.0,590.0
1.0,6933.0,1782.0,1770.0,2848.0,1306.0,0.0,1306.0,0.0,590.0,590.0,590.0,595.0,592.0,595.0,1827.0,1179.0,3927.0,0.0,1306.0,0.0,590.0,590.0,590.0
1.0,7999.0,1792.0,1771.0,3400.0,477.0,0.0,259.0,218.0,590.0,590.0,591.0,598.0,599.0,595.0,3023.0,1644.0,3332.0,0.0,259.0,218.0,590.0,590.0,591.0
1.0,9607.0,1801.0,1773.0,2894.0,819.0,0.0,0.0,819.0,591.0,591.0,591.0,600.0,600.0,601.0,4179.0,2691.0,2737.0,0.0,0.0,819.0,591.0,591.0,591.0
1.0,10700.0,1798.0,1773.0,1306.0,1421.0,0.0,0.0,1421.0,591.0,591.0,591.0,596.0,600.0,602.0,4702.0,3862.0,2136.0,0.0,0.0,1421.0,591.0,591.0,591.0
1.0,10208.0,1782.0,1773.0,477.0,1800.0,0.0,0.0,1800.0,591.0,591.0,591.0,591.0,594.0,597.0,4106.0,4568.0,1534.0,0.0,0.0,1800.0,591.0,591.0,591.0
1.0,8903.0,1780.0,1774.0,819.0,1614.0,32.0,0.0,1582.0,591.0,591.0,592.0,592.0,592.0,596.0,3515.0,4233.0,1155.0,32.0,0.0,1582.0,591.0,591.0,592.0
1.0,7942.0,1776.0,1774.0,1421.0,1379.0,623.0,0.0,756.0,591.0,591.0,592.0,591.0,590.0,595.0,2923.0,3641.0,1378.0,623.0,0.0,756.0,591.0,591.0,592.0
1.0,7587.0,1794.0,1774.0,1800.0,1723.0,1221.0,502.0,0.0,591.0,591.0,592.0,598.0,598.0,598.0,2332.0,3051.0,2204.0,1221.0,502.0,0.0,591.0,591.0,592.0
1.0,7593.0,1807.0,1776.0,1614.0,2907.0,1799.0,1108.0,0.0,592.0,592.0,592.0,605.0,601.0,601.0,1734.0,2453.0,3406.0,1799.0,1108.0,0.0,592.0,592.0,592.0
1.0,7400.0,1795.0,1777.0,1379.0,3482.0,1778.0,1704.0,0.0,592.0,592.0,593.0,602.0,596.0,597.0,1161.0,1852.0,4387.0,1778.0,1704.0,0.0,592.0,592.0,593.0
1.0,6984.0,1802.0,1777.0,1723.0,2963.0,1158.0,1805.0,0.0,592.0,592.0,593.0,601.0,603.0,598.0,1182.0,1256.0,4546.0,1158.0,1805.0,0.0,592.0,592.0,593.0
1.0,6905.0,1788.0,1777.0,2907.0,1294.0,0.0,1294.0,0.0,592.0,592.0,593.0,596.0,597.0,595.0,1802.0,1155.0,3948.0,0.0,1294.0,0.0,592.0,592.0,593.0
1.0,8024.0,1782.0,1777.0,3482.0,392.0,0.0,187.0,205.0,592.0,592.0,593.0,592.0,597.0,593.0,3005.0,1666.0,3353.0,0.0,187.0,205.0,592.0,592.0,593.0
1.0,9724.0,1791.0,1778.0,2963.0,804.0,0.0,0.0,804.0,593.0,592.0,593.0,597.0,595.0,599.0,4191.0,2773.0,2760.0,0.0,0.0,804.0,593.0,592.0,593.0
1.0,10896.0,1796.0,1779.0,1294.0,1403.0,0.0,0.0,1403.0,593.0,593.0,593.0,597.0,600.0,599.0,4752.0,3983.0,2161.0,0.0,0.0,1403.0,593.0,593.0,593.0
1.0,10394.0,1808.0,1780.0,392.0,1805.0,0.0,0.0,1805.0,593.0,593.0,594.0,603.0,603.0,602.0,4155.0,4677.0,1562.0,0.0,0.0,1805.0,593.0,593.0,594.0
1.0,8978.0,1806.0,1780.0,804.0,1620.0,15.0,0.0,1605.0,593.0,593.0,594.0,602.0,600.0,604.0,3552.0,4261.0,1165.0,15.0,0.0,1605.0,593.0,593.0,594.0
1.0,7976.0,1805.0,1782.0,1403.0,1425.0,621.0,0.0,804.0,594.0,594.0,594.0,601.0,602.0,602.0,2950.0,3661.0,1365.0,621.0,0.0,804.0,594.0,594.0,594.0
1.0,7574.0,1787.0,1782.0,1805.0,1720.0,1214.0,506.0,0.0,594.0,594.0,594.0,593.0,595.0,599.0,2349.0,3059.0,2166.0,1214.0,506.0,0.0,594.0,594.0,594.0
1.0,7592.0,1784.0,1782.0,1620.0,2892.0,1792.0,1100.0,0.0,594.0,594.0,594.0,593.0,594.0,597.0,1756.0,2464.0,3372.0,1792.0,1100.0,0.0,594.0,594.0,594.0
1.0,7428.0,1796.0,1783.0,1425.0,3471.0,1769.0,1702.0,0.0,594.0,594.0,595.0,598.0,602.0,596.0,1178.0,1870.0,4380.0,1769.0,1702.0,0.0,594.0,594.0,595.0
1.0,7057.0,1797.0,1783.0,1720.0,2951.0,1155.0,1796.0,0.0,594.0,594.0,595.0,600.0,600.0,597.0,1201.0,1268.0,4588.0,1155.0,1796.0,0.0,594.0,594.0,595.0
1.0,6980.0,1812.0,1784.0,2892.0,1306.0,0.0,1306.0,0.0,594.0,595.0,595.0,605.0,605.0,602.0,1815.0,1174.0,3991.0,0.0,1306.0,0.0,594.0,595.0,595.0
1.0,8060.0,1807.0,1785.0,3471.0,395.0,0.0,209.0,186.0,595.0,595.0,595.0,602.0,605.0,600.0,3002.0,1669.0,3389.0,0.0,209.0,186.0,595.0,595.0,595.0
1.0,9724.0,1806.0,1786.0,2951.0,793.0,0.0,0.0,793.0,595.0,595.0,596.0,603.0,601.0,602.0,4169.0,2766.0,2789.0,0.0,0.0,793.0,595.0,595.0,596.0
1.0,10869.0,1798.0,1786.0,1306.0,1395.0,0.0,0.0,1395.0,595.0,595.0,596.0,596.0,600.0,602.0,4721.0,3961.0,2187.0,0.0,0.0,1395.0,595.0,595.0,596.0
1.0,10377.0,1783.0,1786.0,395.0,1806.0,0.0,0.0,1806.0,595.0,595.0,596.0,593.0,593.0,597.0,4125.0,4667.0,1585.0,0.0,0.0,1806.0,595.0,595.0,596.0
1.0,8989.0,1795.0,1786.0,793.0,1653.0,40.0,0.0,1613.0,595.0,595.0,596.0,597.0,598.0,600.0,3532.0,4283.0,1174.0,40.0,0.0,1613.0,595.0,595.0,596.0
1.0,7987.0,1798.0,1787.0,1395.0,1458.0,637.0,0.0,821.0,595.0,596.0,596.0,597.0,598.0,603.0,2935.0,3685.0,1367.0,637.0,0.0,821.0,595.0,596.0,596.0
1.0,7584.0,1816.0,1788.0,1806.0,1747.0,1246.0,501.0,0.0,596.0,596.0,596.0,604.0,608.0,604.0,2338.0,3087.0,2159.0,1246.0,501.0,0.0,596.0,596.0,596.0
1.0,7574.0,1815.0,1789.0,1653.0,2919.0,1813.0,1106.0,0.0,596.0,596.0,597.0,607.0,605.0,603.0,1734.0,2479.0,3361.0,1813.0,1106.0,0.0,596.0,596.0,597.0
1.0,7412.0,1809.0,1790.0,1458.0,3496.0,1781.0,1715.0,0.0,596.0,597.0,597.0,605.0,604.0,600.0,1167.0,1874.0,4371.0,1781.0,1715.0,0.0,596.0,597.0,597.0
1.0,7061.0,1798.0,1790.0,1747.0,2948.0,1134.0,1814.0,0.0,596.0,597.0,597.0,599.0,600.0,599.0,1199.0,1270.0,4592.0,1134.0,1814.0,0.0,596.0,597.0,597.0
1.0,7010.0,1793.0,1791.0,2919.0,1305.0,0.0,1305.0,0.0,597.0,597.0,597.0,598.0,597.0,598.0,1846.0,1171.0,3993.0,0.0,1305.0,0.0,597.0,597.0,597.0
1.0,8136.0,1792.0,1791.0,3496.0,374.0,0.0,186.0,188.0,597.0,597.0,597.0,598.0,596.0,598.0,3061.0,1680.0,3395.0,0.0,186.0,188.0,597.0,597.0,597.0
1.0,9840.0,1808.0,1791.0,2948.0,794.0,0.0,0.0,794.0,597.0,597.0,597.0,599.0,603.0,606.0,4244.0,2799.0,2797.0,0.0,0.0,794.0,597.0,597.0,597.0
1.0,10980.0,1822.0,1792.0,1305.0,1405.0,0.0,0.0,1405.0,597.0,597.0,598.0,608.0,608.0,606.0,4779.0,4010.0,2191.0,0.0,0.0,1405.0,597.0,597.0,598.0
1.0,10463.0,1829.0,1794.0,374.0,1826.0,0.0,0.0,1826.0,598.0,598.0,598.0,611.0,609.0,609.0,4171.0,4707.0,1585.0,0.0,0.0,1826.0,598.0,598.0,598.0
1.0,9008.0,1824.0,1794.0,794.0,1678.0,38.0,0.0,1640.0,598.0,598.0,598.0,608.0,608.0,608.0,3560.0,4284.0,1164.0,38.0,0.0,1640.0,598.0,598.0,598.0
1.0,7978.0,1810.0,1795.0,1405.0,1484.0,641.0,0.0,843.0,598.0,598.0,599.0,603.0,604.0,603.0,2952.0,3676.0,1350.0,641.0,0.0,843.0,598.0,598.0,599.0
1.0,7573.0,1799.0,1795.0,1826.0,1758.0,1237.0,521.0,0.0,598.0,598.0,599.0,596.0,603.0,600.0,2349.0,3072.0,2152.0,1237.0,521.0,0.0,598.0,598.0,599.0
1.0,7600.0,1796.0,1795.0,1678.0,2918.0,1797.0,1121.0,0.0,598.0,598.0,599.0,598.0,600.0,598.0,1753.0,2469.0,3378.0,1797.0,1121.0,0.0,598.0,598.0,599.0
1.0,7482.0,1808.0,1796.0,1484.0,3486.0,1760.0,1726.0,0.0,598.0,599.0,599.0,604.0,600.0,604.0,1193.0,1869.0,4420.0,1760.0,1726.0,0.0,598.0,599.0,599.0
1.0,7158.0,1825.0,1798.0,1758.0,2948.0,1136.0,1812.0,0.0,599.0,599.0,600.0,608.0,607.0,610.0,1230.0,1269.0,4659.0,1136.0,1812.0,0.0,599.0,599.0,600.0
1.0,7091.0,1819.0,1798.0,2918.0,1293.0,0.0,1293.0,0.0,599.0,599.0,600.0,607.0,602.0,610.0,1859.0,1183.0,4049.0,0.0,1293.0,0.0,599.0,599.0,600.0
1.0,8190.0,1817.0,1798.0,3486.0,338.0,0.0,172.0,166.0,599.0,599.0,600.0,607.0,605.0,605.0,3049.0,1702.0,3439.0,0.0,172.0,166.0,599.0,599.0,600.0
1.0,9859.0,1805.0,1799.0,2948.0,768.0,0.0,0.0,768.0,599.0,600.0,600.0,601.0,602.0,602.0,4202.0,2823.0,2834.0,0.0,0.0,768.0,599.0,600.0,600.0
1.0,11002.0,1816.0,1800.0,1293.0,1374.0,0.0,0.0,1374.0,600.0,600.0,600.0,605.0,605.0,606.0,4737.0,4033.0,2232.0,0.0,0.0,1374.0,600.0,600.0,600.0
1.0,10479.0,1813.0,1800.0,338.0,1810.0,0.0,0.0,1810.0,600.0,600.0,600.0,604.0,607.0,602.0,4132.0,4721.0,1626.0,0.0,0.0,1810.0,600.0,600.0,600.0
1.0,9004.0,1815.0,1800.0,768.0,1724.0,77.0,0.0,1647.0,600.0,600.0,600.0,605.0,605.0,605.0,3528.0,4286.0,1190.0,77.0,0.0,1647.0,600.0,600.0,600.0
1.0,7957.0,1827.0,1802.0,1374.0,1574.0,688.0,0.0,886.0,600.0,601.0,601.0,611.0,608.0,608.0,2923.0,3681.0,1353.0,688.0,0.0,886.0,600.0,601.0,601.0
1.0,7504.0,1831.0,1803.0,1810.0,1847.0,1303.0,544.0,0.0,601.0,601.0,601.0,610.0,612.0,609.0,2312.0,3073.0,2119.0,1303.0,544.0,0.0,601.0,601.0,601.0
1.0,7483.0,1816.0,1803.0,1724.0,2982.0,1832.0,1150.0,0.0,601.0,601.0,601.0,606.0,606.0,604.0,1702.0,2461.0,3320.0,1832.0,1150.0,0.0,601.0,601.0,601.0
1.0,7391.0,1816.0,1803.0,1574.0,3506.0,1751.0,1755.0,0.0,601.0,601.0,601.0,607.0,605.0,604.0,1173.0,1855.0,4363.0,1751.0,1755.0,0.0,601.0,601.0,601.0
1.0,7149.0,1813.0,1803.0,1847.0,2869.0,1055.0,1814.0,0.0,601.0,601.0,601.0,607.0,603.0,603.0,1254.0,1250.0,4645.0,1055.0,1814.0,0.0,601.0,601.0,601.0
1.0,7183.0,1814.0,1804.0,2982.0,1269.0,0.0,1269.0,0.0,601.0,601.0,602.0,605.0,605.0,604.0,1950.0,1191.0,4042.0,0.0,1269.0,0.0,601.0,601.0,602.0
1.0,8351.0,1816.0,1806.0,3506.0,300.0,0.0,122.0,178.0,602.0,602.0,602.0,607.0,603.0,606.0,3177.0,1736.0,3438.0,0.0,122.0,178.0,602.0,602.0,602.0
1.0,10041.0,1841.0,1806.0,2869.0,795.0,0.0,0.0,795.0,602.0,602.0,602.0,612.0,612.0,617.0,4321.0,2888.0,2832.0,0.0,0.0,795.0,602.0,602.0,602.0
1.0,11069.0,1836.0,1806.0,1269.0,1407.0,0.0,0.0,1407.0,602.0,602.0,602.0,612.0,612.0,612.0,4764.0,4090.0,2215.0,0.0,0.0,1407.0,602.0,602.0,602.0
1.0,10502.0,1829.0,1809.0,300.0,1844.0,0.0,0.0,1844.0,603.0,603.0,603.0,608.0,611.0,610.0,4152.0,4747.0,1603.0,0.0,0.0,1844.0,603.0,603.0,603.0
1.0,8973.0,1819.0,1809.0,795.0,1734.0,77.0,0.0,1657.0,603.0,603.0,603.0,606.0,605.0,608.0,3544.0,4258.0,1171.0,77.0,0.0,1657.0,603.0,603.0,603.0
1.0,7949.0,1810.0,1809.0,1407.0,1537.0,684.0,0.0,853.0,603.0,603.0,603.0,607.0,600.0,603.0,2938.0,3653.0,1358.0,684.0,0.0,853.0,603.0,603.0,603.0
1.0,7546.0,1813.0,1809.0,1844.0,1854.0,1290.0,564.0,0.0,603.0,603.0,603.0,606.0,602.0,605.0,2331.0,3053.0,2162.0,1290.0,564.0,0.0,603.0,603.0,603.0
1.0,7577.0,1820.0,1809.0,1734.0,2991.0,1820.0,1171.0,0.0,603.0,603.0,603.0,607.0,607.0,606.0,1725.0,2451.0,3401.0,1820.0,1171.0,0.0,603.0,603.0,603.0
1.0,7491.0,1834.0,1810.0,1537.0,3529.0,1748.0,1781.0,0.0,603.0,603.0,604.0,612.0,610.0,612.0,1195.0,1844.0,4452.0,1748.0,1781.0,0.0,603.0,603.0,604.0
1.0,7194.0,1834.0,1812.0,1854.0,2907.0,1077.0,1830.0,0.0,604.0,604.0,604.0,614.0,608.0,612.0,1267.0,1234.0,4693.0,1077.0,1830.0,0.0,604.0,604.0,604.0
1.0,7214.0,1832.0,1812.0,2991.0,1271.0,0.0,1271.0,0.0,604.0,604.0,604.0,607.0,612.0,613.0,1943.0,1190.0,4081.0,0.0,1271.0,0.0,604.0,604.0,604.0
1.0,8373.0,1840.0,1812.0,3529.0,269.0,0.0,102.0,167.0,604.0,604.0,604.0,613.0,612.0,615.0,3156.0,1749.0,3468.0,0.0,102.0,167.0,604.0,604.0,604.0
1.0,10062.0,1820.0,1812.0,2907.0,774.0,0.0,0.0,774.0,604.0,604.0,604.0,606.0,607.0,607.0,4291.0,2918.0,2853.0,0.0,0.0,774.0,604.0,604.0,604.0
1.0,11149.0,1822.0,1813.0,1271.0,1385.0,0.0,0.0,1385.0,604.0,604.0,605.0,611.0,605.0,606.0,4762.0,4141.0,2246.0,0.0,0.0,1385.0,604.0,604.0,605.0
1.0,10598.0,1831.0,1814.0,269.0,1827.0,0.0,0.0,1827.0,605.0,604.0,605.0,610.0,612.0,609.0,4151.0,4807.0,1640.0,0.0,0.0,1827.0,605.0,604.0,605.0
1.0,9036.0,1834.0,1815.0,774.0,1759.0,92.0,0.0,1667.0,605.0,605.0,605.0,608.0,612.0,614.0,3541.0,4297.0,1198.0,92.0,0.0,1667.0,605.0,605.0,605.0
1.0,7976.0,1836.0,1815.0,1385.0,1595.0,701.0,0.0,894.0,605.0,605.0,605.0,609.0,615.0,612.0,2933.0,3685.0,1358.0,701.0,0.0,894.0,605.0,605.0,605.0
1.0,7525.0,1839.0,1816.0,1827.0,1882.0,1313.0,569.0,0.0,605.0,605.0,606.0,612.0,614.0,613.0,2324.0,3070.0,2131.0,1313.0,569.0,0.0,605.0,605.0,606.0
1.0,7513.0,1832.0,1817.0,1759.0,3021.0,1838.0,1183.0,0.0,606.0,605.0,606.0,612.0,614.0,606.0,1712.0,2456.0,3345.0,1838.0,1183.0,0.0,606.0,605.0,606.0
1.0,7440.0,1823.0,1818.0,1595.0,3541.0,1746.0,1795.0,0.0,606.0,606.0,606.0,609.0,607.0,607.0,1192.0,1842.0,4406.0,1746.0,1795.0,0.0,606.0,606.0,606.0
1.0,7212.0,1832.0,1818.0,1882.0,2881.0,1044.0,1837.0,0.0,606.0,606.0,606.0,611.0,611.0,610.0,1284.0,1235.0,4693.0,1044.0,1837.0,0.0,606.0,606.0,606.0
1.0,7262.0,1832.0,1818.0,3021.0,1262.0,0.0,1262.0,0.0,606.0,606.0,606.0,612.0,608.0,612.0,1986.0,1193.0,4083.0,0.0,1262.0,0.0,606.0,606.0,606.0
1.0,8451.0,1841.0,1820.0,3541.0,259.0,0.0,80.0,179.0,607.0,606.0,607.0,613.0,613.0,615.0,3212.0,1768.0,3471.0,0.0,80.0,179.0,607.0,606.0,607.0
1.0,10151.0,1842.0,1820.0,2881.0,797.0,0.0,0.0,797.0,607.0,606.0,607.0,615.0,609.0,618.0,4345.0,2950.0,2856.0,0.0,0.0,797.0,607.0,606.0,607.0
1.0,11190.0,1834.0,1821.0,1262.0,1412.0,0.0,0.0,1412.0,607.0,607.0,607.0,610.0,609.0,615.0,4774.0,4178.0,2238.0,0.0,0.0,1412.0,607.0,607.0,607.0
1.0,10618.0,1829.0,1821.0,259.0,1844.0,0.0,0.0,1844.0,607.0,607.0,607.0,611.0,607.0,611.0,4164.0,4831.0,1623.0,0.0,0.0,1844.0,607.0,607.0,607.0
1.0,9048.0,1825.0,1821.0,797.0,1744.0,90.0,0.0,1654.0,607.0,607.0,607.0,608.0,610.0,607.0,3553.0,4304.0,1191.0,90.0,0.0,1654.0,607.0,607.0,607.0
1.0,8020.0,1829.0,1822.0,1412.0,1557.0,702.0,0.0,855.0,607.0,607.0,608.0,612.0,609.0,608.0,2945.0,3694.0,1381.0,702.0,0.0,855.0,607.0,607.0,608.0
1.0,7603.0,1837.0,1823.0,1844.0,1884.0,1319.0,565.0,0.0,608.0,607.0,608.0,612.0,615.0,610.0,2333.0,3085.0,2185.0,1319.0,565.0,0.0,608.0,607.0,608.0
1.0,7610.0,1847.0,1824.0,1744.0,3034.0,1845.0,1189.0,0.0,608.0,608.0,608.0,616.0,619.0,612.0,1721.0,2470.0,3419.0,1845.0,1189.0,0.0,608.0,608.0,608.0
1.0,7507.0,1847.0,1824.0,1557.0,3564.0,1760.0,1804.0,0.0,608.0,608.0,608.0,617.0,615.0,615.0,1195.0,1851.0,4461.0,1760.0,1804.0,0.0,608.0,608.0,608.0
1.0,7217.0,1841.0,1826.0,1884.0,2909.0,1058.0,1851.0,0.0,609.0,608.0,609.0,612.0,612.0,617.0,1280.0,1236.0,4701.0,1058.0,1851.0,0.0,609.0,608.0,609.0
1.0,7260.0,1831.0,1826.0,3034.0,1272.0,0.0,1272.0,0.0,609.0,608.0,609.0,610.0,610.0,611.0,1987.0,1189.0,4084.0,0.0,1272.0,0.0,609.0,608.0,609.0
1.0,8463.0,1827.0,1826.0,3564.0,258.0,0.0,75.0,183.0,609.0,608.0,609.0,609.0,607.0,611.0,3222.0,1768.0,3473.0,0.0,75.0,183.0,609.0,608.0,609.0
1.0,10200.0,1831.0,1826.0,2909.0,795.0,0.0,0.0,795.0,609.0,608.0,609.0,611.0,608.0,612.0,4373.0,2965.0,2862.0,0.0,0.0,795.0,609.0,608.0,609.0
1.0,11278.0,1841.0,1826.0,1272.0,1409.0,0.0,0.0,1409.0,609.0,608.0,609.0,613.0,614.0,614.0,4820.0,4208.0,2250.0,0.0,0.0,1409.0,609.0,608.0,609.0
1.0,10709.0,1854.0,1827.0,258.0,1841.0,0.0,0.0,1841.0,609.0,609.0,609.0,620.0,619.0,615.0,4207.0,4866.0,1636.0,0.0,0.0,1841.0,609.0,609.0,609.0
1.0,9113.0,1860.0,1829.0,795.0,1753.0,85.0,0.0,1668.0,610.0,609.0,610.0,622.0,621.0,617.0,3587.0,4322.0,1204.0,85.0,0.0,1668.0,610.0,609.0,610.0
1.0,8048.0,1844.0,1829.0,1409.0,1573.0,699.0,0.0,874.0,610.0,609.0,610.0,614.0,615.0,615.0,2965.0,3701.0,1382.0,699.0,0.0,874.0,610.0,609.0,610.0
1.0,7613.0,1841.0,1829.0,1841.0,1885.0,1312.0,573.0,0.0,610.0,609.0,610.0,613.0,614.0,614.0,2351.0,3086.0,2176.0,1312.0,573.0,0.0,610.0,609.0,610.0
1.0,7613.0,1826.0,1830.0,1753.0,3022.0,1835.0,1187.0,0.0,610.0,610.0,610.0,608.0,609.0,609.0,1738.0,2472.0,3403.0,1835.0,1187.0,0.0,610.0,610.0,610.0
1.0,7540.0,1831.0,1830.0,1573.0,3539.0,1744.0,1795.0,0.0,610.0,610.0,610.0,608.0,608.0,615.0,1215.0,1863.0,4462.0,1744.0,1795.0,0.0,610.0,610.0,610.0
1.0,7282.0,1852.0,1830.0,1885.0,2891.0,1051.0,1840.0,0.0,610.0,610.0,610.0,619.0,618.0,615.0,1306.0,1255.0,4721.0,1051.0,1840.0,0.0,610.0,610.0,610.0
1.0,7315.0,1862.0,1832.0,3022.0,1268.0,0.0,1268.0,0.0,611.0,610.0,611.0,621.0,615.0,626.0,1999.0,1210.0,4106.0,0.0,1268.0,0.0,611.0,610.0,611.0
1.0,8475.0,1859.0,1832.0,3539.0,285.0,0.0,91.0,194.0,611.0,610.0,611.0,622.0,618.0,619.0,3213.0,1782.0,3480.0,0.0,91.0,194.0,611.0,610.0,611.0
1.0,10155.0,1862.0,1833.0,2891.0,812.0,0.0,0.0,812.0,611.0,611.0,611.0,623.0,621.0,618.0,4335.0,2959.0,2861.0,0.0,0.0,812.0,611.0,611.0,611.0
1.0,11184.0,1846.0,1834.0,1268.0,1426.0,0.0,0.0,1426.0,612.0,611.0,611.0,617.0,615.0,614.0,4763.0,4178.0,2243.0,0.0,0.0,1426.0,612.0,611.0,611.0
1.0,10606.0,1839.0,1834.0,285.0,1842.0,0.0,0.0,1842.0,612.0,611.0,611.0,611.0,618.0,610.0,4146.0,4831.0,1629.0,0.0,0.0,1842.0,612.0,611.0,611.0
1.0,9052.0,1845.0,1835.0,812.0,1787.0,139.0,0.0,1648.0,612.0,611.0,612.0,614.0,618.0,613.0,3535.0,4304.0,1213.0,139.0,0.0,1648.0,612.0,611.0,612.0
1.0,8019.0,1852.0,1835.0,1426.0,1594.0,757.0,0.0,837.0,612.0,611.0,612.0,618.0,619.0,615.0,2921.0,3686.0,1412.0,757.0,0.0,837.0,612.0,611.0,612.0
1.0,7593.0,1857.0,1836.0,1842.0,1990.0,1377.0,613.0,0.0,612.0,612.0,612.0,620.0,620.0,617.0,2303.0,3067.0,2223.0,1377.0,613.0,0.0,612.0,612.0,612.0
1.0,7578.0,1868.0,1837.0,1787.0,3100.0,1865.0,1235.0,0.0,613.0,612.0,612.0,622.0,622.0,624.0,1683.0,2447.0,3448.0,1865.0,1235.0,0.0,613.0,612.0,612.0
1.0,7497.0,1852.0,1838.0,1594.0,3576.0,1728.0,1848.0,0.0,613.0,612.0,613.0,620.0,613.0,619.0,1200.0,1825.0,4472.0,1728.0,1848.0,0.0,613.0,612.0,613.0
1.0,7239.0,1850.0,1838.0,1990.0,2817.0,967.0,1850.0,0.0,613.0,612.0,613.0,616.0,615.0,619.0,1337.0,1212.0,4690.0,967.0,1850.0,0.0,613.0,612.0,613.0
1.0,7379.0,1846.0,1838.0,3100.0,1229.0,0.0,1229.0,0.0,613.0,612.0,613.0,613.0,614.0,619.0,2098.0,1210.0,4071.0,0.0,1229.0,0.0,613.0,612.0,613.0
1.0,8633.0,1842.0,1838.0,3576.0,225.0,0.0,1.0,224.0,613.0,612.0,613.0,611.0,620.0,611.0,3350.0,1831.0,3452.0,0.0,1.0,224.0,613.0,612.0,613.0
1.0,10367.0,1862.0,1839.0,2817.0,847.0,0.0,0.0,847.0,613.0,613.0,613.0,618.0,621.0,623.0,4467.0,3059.0,2841.0,0.0,0.0,847.0,613.0,613.0,613.0
1.0,11322.0,1857.0,1840.0,1229.0,1473.0,0.0,0.0,1473.0,613.0,613.0,614.0,615.0,621.0,621.0,4816.0,4288.0,2218.0,0.0,0.0,1473.0,613.0,613.0,614.0
1.0,10694.0,1865.0,1842.0,225.0,1868.0,0.0,0.0,1868.0,614.0,614.0,614.0,625.0,621.0,619.0,4201.0,4896.0,1597.0,0.0,0.0,1868.0,614.0,614.0,614.0
1.0,9054.0,1865.0,1842.0,847.0,1760.0,117.0,0.0,1643.0,614.0,614.0,614.0,623.0,620.0,622.0,3576.0,4276.0,1202.0,117.0,0.0,1643.0,614.0,614.0,614.0
1.0,8036.0,1848.0,1842.0,1473.0,1549.0,736.0,28.0,785.0,614.0,614.0,614.0,619.0,614.0,615.0,2953.0,3656.0,1427.0,736.0,28.0,785.0,614.0,614.0,614.0
1.0,7661.0,1842.0,1842.0,1868.0,1990.0,1349.0,641.0,0.0,614.0,614.0,614.0,613.0,613.0,616.0,2334.0,3042.0,2285.0,1349.0,641.0,0.0,614.0,614.0,614.0
1.0,7687.0,1851.0,1842.0,1760.0,3107.0,1850.0,1257.0,0.0,614.0,614.0,614.0,618.0,616.0,617.0,1721.0,2429.0,3537.0,1850.0,1257.0,0.0,614.0,614.0,614.0
1.0,7596.0,1860.0,1842.0,1549.0,3580.0,1730.0,1850.0,0.0,614.0,614.0,614.0,616.0,621.0,623.0,1220.0,1813.0,4563.0,1730.0,1850.0,0.0,614.0,614.0,614.0
1.0,7285.0,1871.0,1845.0,1990.0,2848.0,1010.0,1838.0,0.0,615.0,615.0,615.0,624.0,624.0,623.0,1340.0,1220.0,4725.0,1010.0,1838.0,0.0,615.0,615.0,615.0
1.0,7404.0,1879.0,1845.0,3107.0,1207.0,0.0,1207.0,0.0,615.0,615.0,615.0,626.0,626.0,627.0,2065.0,1237.0,4102.0,0.0,1207.0,0.0,615.0,615.0,615.0
1.0,8632.0,1866.0,1845.0,3580.0,223.0,0.0,0.0,223.0,615.0,615.0,615.0,621.0,622.0,623.0,3289.0,1868.0,3475.0,0.0,0.0,223.0,615.0,615.0,615.0
1.0,10346.0,1857.0,1845.0,2848.0,839.0,0.0,0.0,839.0,615.0,615.0,615.0,619.0,622.0,616.0,4398.0,3096.0,2852.0,0.0,0.0,839.0,615.0,615.0,615.0
1.0,11337.0,1853.0,1847.0,1207.0,1461.0,0.0,0.0,1461.0,616.0,615.0,616.0,619.0,617.0,617.0,4789.0,4312.0,2236.0,0.0,0.0,1461.0,616.0,615.0,616.0
1.0,10691.0,1854.0,1847.0,223.0,1854.0,0.0,0.0,1854.0,616.0,615.0,616.0,621.0,617.0,616.0,4170.0,4902.0,1619.0,0.0,0.0,1854.0,616.0,615.0,616.0
1.0,9060.0,1857.0,1848.0,839.0,1782.0,152.0,0.0,1630.0,616.0,616.0,616.0,621.0,621.0,615.0,3549.0,4285.0,1226.0,152.0,0.0,1630.0,616.0,616.0,616.0
1.0,8042.0,1860.0,1848.0,1461.0,1597.0,772.0,33.0,792.0,616.0,616.0,616.0,620.0,617.0,623.0,2928.0,3664.0,1450.0,772.0,33.0,792.0,616.0,616.0,616.0
1.0,7643.0,1874.0,1848.0,1854.0,2053.0,1396.0,657.0,0.0,616.0,616.0,616.0,624.0,624.0,626.0,2308.0,3047.0,2288.0,1396.0,657.0,0.0,616.0,616.0,616.0
1.0,7623.0,1870.0,1850.0,1782.0,3155.0,1874.0,1281.0,0.0,617.0,616.0,617.0,625.0,624.0,621.0,1684.0,2423.0,3516.0,1874.0,1281.0,0.0,617.0,616.0,617.0
1.0,7535.0,1866.0,1851.0,1597.0,3601.0,1725.0,1876.0,0.0,617.0,617.0,617.0,623.0,623.0,620.0,1211.0,1799.0,4525.0,1725.0,1876.0,0.0,617.0,617.0,617.0
1.0,7266.0,1854.0,1851.0,2053.0,2782.0,946.0,1836.0,0.0,617.0,617.0,617.0,617.0,617.0,620.0,1360.0,1209.0,4697.0,946.0,1836.0,0.0,617.0,617.0,617.0
1.0,7465.0,1860.0,1851.0,3155.0,1174.0,0.0,1174.0,0.0,617.0,617.0,617.0,621.0,619.0,620.0,2139.0,1249.0,4077.0,0.0,1174.0,0.0,617.0,617.0,617.0
1.0,8760.0,1865.0,1851.0,3601.0,249.0,0.0,0.0,249.0,617.0,617.0,617.0,621.0,623.0,621.0,3392.0,1911.0,3457.0,0.0,0.0,249.0,617.0,617.0,617.0
1.0,10496.0,1869.0,1852.0,2782.0,875.0,0.0,0.0,875.0,618.0,617.0,617.0,622.0,621.0,626.0,4496.0,3164.0,2836.0,0.0,0.0,875.0,618.0,617.0,617.0
1.0,11409.0,1872.0,1854.0,1174.0,1506.0,0.0,0.0,1506.0,618.0,618.0,618.0,623.0,623.0,626.0,4820.0,4379.0,2210.0,0.0,0.0,1506.0,618.0,618.0,618.0
1.0,10711.0,1876.0,1854.0,249.0,1884.0,0.0,0.0,1884.0,618.0,618.0,618.0,623.0,626.0,627.0,4197.0,4930.0,1584.0,0.0,0.0,1884.0,618.0,618.0,618.0
1.0,9084.0,1860.0,1854.0,875.0,1766.0,137.0,0.0,1629.0,618.0,618.0,618.0,621.0,619.0,620.0,3574.0,4304.0,1206.0,137.0,0.0,1629.0,618.0,618.0,618.0
1.0,8099.0,1860.0,1854.0,1506.0,1525.0,757.0,25.0,743.0,618.0,618.0,618.0,620.0,620.0,620.0,2953.0,3685.0,1461.0,757.0,25.0,743.0,618.0,618.0,618.0
1.0,7745.0,1865.0,1854.0,1884.0,2025.0,1378.0,647.0,0.0,618.0,618.0,618.0,621.0,622.0,622.0,2333.0,3065.0,2347.0,1378.0,647.0,0.0,618.0,618.0,618.0
1.0,7764.0,1870.0,1856.0,1766.0,3142.0,1870.0,1272.0,0.0,619.0,618.0,619.0,624.0,625.0,621.0,1712.0,2443.0,3609.0,1870.0,1272.0,0.0,619.0,618.0,619.0
1.0,7660.0,1880.0,1857.0,1525.0,3616.0,1739.0,1877.0,0.0,619.0,619.0,619.0,626.0,625.0,629.0,1225.0,1818.0,4617.0,1739.0,1877.0,0.0,619.0,619.0,619.0
1.0,7305.0,1886.0,1857.0,2025.0,2846.0,988.0,1858.0,0.0,619.0,619.0,619.0,627.0,628.0,631.0,1356.0,1218.0,4731.0,988.0,1858.0,0.0,619.0,619.0,619.0
1.0,7444.0,1871.0,1858.0,3142.0,1209.0,0.0,1209.0,0.0,619.0,619.0,620.0,623.0,623.0,625.0,2107.0,1237.0,4100.0,0.0,1209.0,0.0,619.0,619.0,620.0
1.0,8715.0,1860.0,1858.0,3616.0,246.0,0.0,0.0,246.0,619.0,619.0,620.0,620.0,619.0,621.0,3354.0,1886.0,3475.0,0.0,0.0,246.0,619.0,619.0,620.0
1.0,10471.0,1862.0,1858.0,2846.0,867.0,0.0,0.0,867.0,619.0,619.0,620.0,622.0,619.0,621.0,4473.0,3144.0,2854.0,0.0,0.0,867.0,619.0,619.0,620.0
1.0,11455.0,1866.0,1859.0,1209.0,1489.0,0.0,0.0,1489.0,620.0,619.0,620.0,624.0,620.0,622.0,4839.0,4383.0,2233.0,0.0,0.0,1489.0,620.0,619.0,620.0
1.0,10798.0,1869.0,1860.0,246.0,1864.0,0.0,0.0,1864.0,620.0,620.0,620.0,625.0,623.0,621.0,4215.0,4972.0,1611.0,0.0,0.0,1864.0,620.0,620.0,620.0
1.0,9175.0,1890.0,1860.0,867.0,1767.0,139.0,0.0,1628.0,620.0,620.0,620.0,629.0,630.0,631.0,3590.0,4349.0,1236.0,139.0,0.0,1628.0,620.0,620.0,620.0
1.0,8152.0,1886.0,1862.0,1489.0,1555.0,771.0,11.0,773.0,621.0,620.0,621.0,627.0,630.0,629.0,2961.0,3719.0,1472.0,771.0,11.0,773.0,621.0,620.0,621.0
1.0,7755.0,1880.0,1863.0,1864.0,2040.0,1396.0,644.0,0.0,621.0,621.0,621.0,625.0,628.0,627.0,2334.0,3089.0,2332.0,1396.0,644.0,0.0,621.0,621.0,621.0
1.0,7739.0,1871.0,1863.0,1767.0,3147.0,1881.0,1266.0,0.0,621.0,621.0,621.0,624.0,622.0,625.0,1709.0,2461.0,3569.0,1881.0,1266.0,0.0,621.0,621.0,621.0
1.0,7635.0,1860.0,1863.0,1555.0,3602.0,1729.0,1873.0,0.0,621.0,621.0,621.0,619.0,618.0,623.0,1224.0,1839.0,4572.0,1729.0,1873.0,0.0,621.0,621.0,621.0
1.0,7330.0,1870.0,1863.0,2040.0,2810.0,960.0,1850.0,0.0,621.0,621.0,621.0,627.0,621.0,622.0,1376.0,1232.0,4722.0,960.0,1850.0,0.0,621.0,621.0,621.0
1.0,7500.0,1876.0,1863.0,3147.0,1210.0,0.0,1210.0,0.0,621.0,621.0,621.0,626.0,626.0,624.0,2145.0,1255.0,4100.0,0.0,1210.0,0.0,621.0,621.0,621.0
1.0,8771.0,1886.0,1864.0,3602.0,260.0,0.0,0.0,260.0,621.0,621.0,622.0,632.0,628.0,626.0,3400.0,1895.0,3476.0,0.0,0.0,260.0,621.0,621.0,622.0
1.0,10487.0,1893.0,1865.0,2810.0,887.0,0.0,0.0,887.0,622.0,621.0,622.0,634.0,632.0,627.0,4497.0,3140.0,2850.0,0.0,0.0,887.0,622.0,621.0,622.0
1.0,11404.0,1884.0,1866.0,1210.0,1511.0,0.0,0.0,1511.0,622.0,622.0,622.0,628.0,632.0,624.0,4823.0,4358.0,2223.0,0.0,0.0,1511.0,622.0,622.0,622.0
1.0,10730.0,1870.0,1866.0,260.0,1874.0,0.0,0.0,1874.0,622.0,622.0,622.0,622.0,625.0,623.0,4195.0,4936.0,1599.0,0.0,0.0,1874.0,622.0,622.0,622.0
1.0,9120.0,1874.0,1866.0,887.0,1774.0,161.0,0.0,1613.0,622.0,622.0,622.0,624.0,624.0,626.0,3573.0,4311.0,1236.0,161.0,0.0,1613.0,622.0,622.0,622.0
1.0,8133.0,1876.0,1866.0,1511.0,1562.0,786.0,48.0,728.0,622.0,622.0,622.0,625.0,625.0,626.0,2949.0,3687.0,1497.0,786.0,48.0,728.0,622.0,622.0,622.0
1.0,7768.0,1882.0,1866.0,1874.0,2087.0,1415.0,672.0,0.0,622.0,622.0,622.0,629.0,624.0,629.0,2324.0,3062.0,2382.0,1415.0,672.0,0.0,622.0,622.0,622.0
1.0,7760.0,1898.0,1868.0,1774.0,3195.0,1894.0,1301.0,0.0,623.0,622.0,623.0,635.0,629.0,634.0,1695.0,2438.0,3627.0,1894.0,1301.0,0.0,623.0,622.0,623.0
1.0,7636.0,1897.0,1869.0,1562.0,3632.0,1743.0,1889.0,0.0,623.0,623.0,623.0,635.0,631.0,631.0,1221.0,1809.0,4606.0,1743.0,1889.0,0.0,623.0,623.0,623.0
1.0,7301.0,1890.0,1870.0,2087.0,2809.0,963.0,1846.0,0.0,624.0,623.0,623.0,630.0,629.0,631.0,1372.0,1226.0,4703.0,963.0,1846.0,0.0,624.0,623.0,623.0
1.0,7498.0,1887.0,1870.0,3195.0,1176.0,0.0,1176.0,0.0,624.0,623.0,623.0,628.0,631.0,628.0,2157.0,1269.0,4072.0,0.0,1176.0,0.0,624.0,623.0,623.0
1.0,8806.0,1866.0,1870.0,3632.0,291.0,0.0,0.0,291.0,624.0,623.0,623.0,621.0,625.0,620.0,3423.0,1939.0,3444.0,0.0,0.0,291.0,624.0,623.0,623.0
1.0,10572.0,1878.0,1870.0,2809.0,913.0,0.0,0.0,913.0,624.0,623.0,623.0,627.0,629.0,622.0,4545.0,3203.0,2824.0,0.0,0.0,913.0,624.0,623.0,623.0
1.0,11503.0,1890.0,1872.0,1176.0,1544.0,0.0,0.0,1544.0,624.0,624.0,624.0,634.0,630.0,626.0,4881.0,4420.0,2202.0,0.0,0.0,1544.0,624.0,624.0,624.0
1.0,10789.0,1893.0,1872.0,291.0,1883.0,0.0,0.0,1883.0,624.0,624.0,624.0,632.0,631.0,630.0,4247.0,4966.0,1576.0,0.0,0.0,1883.0,624.0,624.0,624.0
1.0,9187.0,1897.0,1873.0,913.0,1747.0,143.0,0.0,1604.0,625.0,624.0,624.0,633.0,630.0,634.0,3615.0,4335.0,1237.0,143.0,0.0,1604.0,625.0,624.0,624.0
1.0,8203.0,1888.0,1873.0,1544.0,1506.0,772.0,43.0,691.0,625.0,624.0,624.0,629.0,628.0,631.0,2982.0,3705.0,1516.0,772.0,43.0,691.0,625.0,624.0,624.0
1.0,7859.0,1883.0,1874.0,1883.0,2067.0,1397.0,670.0,0.0,625.0,624.0,625.0,625.0,627.0,631.0,2353.0,3077.0,2429.0,1397.0,670.0,0.0,625.0,624.0,625.0
1.0,7859.0,1879.0,1874.0,1747.0,3176.0,1876.0,1300.0,0.0,625.0,624.0,625.0,622.0,630.0,627.0,1728.0,2450.0,3681.0,1876.0,1300.0,0.0,625.0,624.0,625.0
1.0,7727.0,1879.0,1875.0,1506.0,3621.0,1733.0,1888.0,0.0,625.0,625.0,625.0,629.0,626.0,624.0,1249.0,1820.0,4658.0,1733.0,1888.0,0.0,625.0,625.0,625.0
1.0,7354.0,1888.0,1875.0,2067.0,2811.0,962.0,1849.0,0.0,625.0,625.0,625.0,626.0,631.0,631.0,1392.0,1237.0,4725.0,962.0,1849.0,0.0,625.0,625.0,625.0
1.0,7533.0,1901.0,1875.0,3176.0,1183.0,0.0,1183.0,0.0,625.0,625.0,625.0,633.0,634.0,634.0,2163.0,1276.0,4094.0,0.0,1183.0,0.0,625.0,625.0,625.0
1.0,8808.0,1900.0,1876.0,3621.0,294.0,0.0,0.0,294.0,626.0,625.0,625.0,639.0,632.0,629.0,3406.0,1942.0,3460.0,0.0,0.0,294.0,626.0,625.0,625.0
1.0,10529.0,1901.0,1878.0,2811.0,932.0,0.0,0.0,932.0,626.0,626.0,626.0,633.0,635.0,633.0,4500.0,3198.0,2831.0,0.0,0.0,932.0,626.0,626.0,626.0
1.0,11439.0,1888.0,1878.0,1183.0,1558.0,0.0,0.0,1558.0,626.0,626.0,626.0,633.0,629.0,626.0,4829.0,4412.0,2198.0,0.0,0.0,1558.0,626.0,626.0,626.0
1.0,10734.0,1875.0,1878.0,294.0,1892.0,0.0,0.0,1892.0,626.0,626.0,626.0,625.0,622.0,628.0,4196.0,4966.0,1572.0,0.0,0.0,1892.0,626.0,626.0,626.0
1.0,9153.0,1886.0,1878.0,932.0,1776.0,187.0,0.0,1589.0,626.0,626.0,626.0,628.0,629.0,629.0,3571.0,4344.0,1238.0,187.0,0.0,1589.0,626.0,626.0,626.0
1.0,8199.0,1891.0,1879.0,1558.0,1529.0,823.0,43.0,663.0,627.0,626.0,626.0,631.0,628.0,632.0,2943.0,3715.0,1541.0,823.0,43.0,663.0,627.0,626.0,626.0
1.0,7866.0,1906.0,1880.0,1892.0,2139.0,1460.0,679.0,0.0,627.0,626.0,627.0,637.0,636.0,633.0,2312.0,3087.0,2467.0,1460.0,679.0,0.0,627.0,626.0,627.0
1.0,7852.0,1915.0,1881.0,1776.0,3235.0,1911.0,1324.0,0.0,627.0,627.0,627.0,638.0,640.0,637.0,1675.0,2451.0,3726.0,1911.0,1324.0,0.0,627.0,627.0,627.0
1.0,7713.0,1907.0,1882.0,1529.0,3644.0,1729.0,1915.0,0.0,628.0,627.0,627.0,636.0,634.0,637.0,1224.0,1811.0,4678.0,1729.0,1915.0,0.0,628.0,627.0,627.0
1.0,7335.0,1895.0,1882.0,2139.0,2768.0,901.0,1867.0,0.0,628.0,627.0,627.0,632.0,631.0,632.0,1411.0,1220.0,4704.0,901.0,1867.0,0.0,628.0,627.0,627.0
1.0,7579.0,1888.0,1882.0,3235.0,1171.0,0.0,1171.0,0.0,628.0,627.0,627.0,630.0,628.0,630.0,2239.0,1268.0,4072.0,0.0,1171.0,0.0,628.0,627.0,627.0
1.0,8926.0,1878.0,1882.0,3644.0,322.0,0.0,0.0,322.0,628.0,627.0,627.0,625.0,624.0,629.0,3520.0,1964.0,3442.0,0.0,0.0,322.0,628.0,627.0,627.0
1.0,10692.0,1890.0,1883.0,2768.0,958.0,0.0,0.0,958.0,628.0,627.0,628.0,631.0,628.0,631.0,4624.0,3255.0,2813.0,0.0,0.0,958.0,628.0,627.0,628.0
1.0,11570.0,1916.0,1884.0,1171.0,1597.0,0.0,0.0,1597.0,628.0,628.0,628.0,641.0,636.0,639.0,4894.0,4494.0,2182.0,0.0,0.0,1597.0,628.0,628.0,628.0
1.0,10825.0,1913.0,1885.0,322.0,1912.0,0.0,0.0,1912.0,629.0,628.0,628.0,640.0,636.0,637.0,4253.0,5029.0,1543.0,0.0,0.0,1912.0,629.0,628.0,628.0
1.0,9234.0,1917.0,1886.0,958.0,1770.0,172.0,0.0,1598.0,629.0,628.0,629.0,640.0,638.0,639.0,3613.0,4393.0,1228.0,172.0,0.0,1598.0,629.0,628.0,629.0
1.0,8275.0,1905.0,1886.0,1597.0,1463.0,806.0,21.0,636.0,629.0,628.0,629.0,634.0,636.0,635.0,2973.0,3755.0,1547.0,806.0,21.0,636.0,629.0,628.0,629.0
1.0,7967.0,1898.0,1887.0,1912.0,2096.0,1439.0,657.0,0.0,629.0,629.0,629.0,633.0,631.0,634.0,2339.0,3119.0,2509.0,1439.0,657.0,0.0,629.0,629.0,629.0
1.0,7981.0,1889.0,1887.0,1770.0,3181.0,1893.0,1288.0,0.0,629.0,629.0,629.0,626.0,631.0,632.0,1706.0,2488.0,3787.0,1893.0,1288.0,0.0,629.0,629.0,629.0
1.0,7862.0,1910.0,1888.0,1463.0,3632.0,1726.0,1906.0,0.0,630.0,629.0,629.0,634.0,639.0,637.0,1252.0,1857.0,4753.0,1726.0,1906.0,0.0,630.0,629.0,629.0
1.0,7415.0,1911.0,1889.0,2096.0,2808.0,924.0,1884.0,0.0,630.0,629.0,630.0,637.0,635.0,639.0,1424.0,1239.0,4752.0,924.0,1884.0,0.0,630.0,629.0,630.0
1.0,7600.0,1920.0,1890.0,3181.0,1239.0,0.0,1239.0,0.0,630.0,630.0,630.0,643.0,638.0,639.0,2226.0,1261.0,4113.0,0.0,1239.0,0.0,630.0,630.0,630.0
1.0,8861.0,1908.0,1891.0,3632.0,311.0,0.0,0.0,311.0,631.0,630.0,630.0,636.0,637.0,635.0,3476.0,1911.0,3474.0,0.0,0.0,311.0,631.0,630.0,630.0
1.0,10585.0,1895.0,1891.0,2808.0,940.0,0.0,0.0,940.0,631.0,630.0,630.0,633.0,633.0,629.0,4566.0,3180.0,2839.0,0.0,0.0,940.0,631.0,630.0,630.0
1.0,11498.0,1904.0,1891.0,1239.0,1571.0,0.0,0.0,1571.0,631.0,630.0,630.0,635.0,638.0,631.0,4857.0,4431.0,2210.0,0.0,0.0,1571.0,631.0,630.0,630.0
1.0,10833.0,1900.0,1891.0,311.0,1895.0,0.0,0.0,1895.0,631.0,630.0,630.0,632.0,633.0,635.0,4222.0,5032.0,1579.0,0.0,0.0,1895.0,631.0,630.0,630.0
1.0,9244.0,1910.0,1893.0,940.0,1795.0,199.0,0.0,1596.0,631.0,631.0,631.0,634.0,640.0,636.0,3590.0,4399.0,1255.0,199.0,0.0,1596.0,631.0,631.0,631.0
1.0,8274.0,1918.0,1894.0,1571.0,1543.0,842.0,34.0,667.0,632.0,631.0,631.0,638.0,638.0,642.0,2956.0,3759.0,1559.0,842.0,34.0,667.0,632.0,631.0,631.0
1.0,7927.0,1924.0,1894.0,1895.0,2159.0,1486.0,673.0,0.0,632.0,631.0,631.0,644.0,639.0,641.0,2318.0,3121.0,2488.0,1486.0,673.0,0.0,632.0,631.0,631.0
1.0,7898.0,1919.0,1896.0,1795.0,3241.0,1926.0,1315.0,0.0,632.0,632.0,632.0,639.0,637.0,643.0,1674.0,2482.0,3742.0,1926.0,1315.0,0.0,632.0,632.0,632.0
1.0,7774.0,1907.0,1896.0,1543.0,3635.0,1719.0,1916.0,0.0,632.0,632.0,632.0,635.0,635.0,637.0,1234.0,1845.0,4695.0,1719.0,1916.0,0.0,632.0,632.0,632.0
1.0,7410.0,1904.0,1896.0,2159.0,2746.0,872.0,1874.0,0.0,632.0,632.0,632.0,639.0,631.0,634.0,1441.0,1244.0,4725.0,872.0,1874.0,0.0,632.0,632.0,632.0
1.0,7665.0,1905.0,1896.0,3241.0,1194.0,0.0,1194.0,0.0,632.0,632.0,632.0,636.0,635.0,634.0,2288.0,1286.0,4091.0,0.0,1194.0,0.0,632.0,632.0,632.0
1.0,9001.0,1907.0,1897.0,3635.0,335.0,0.0,0.0,335.0,633.0,632.0,632.0,637.0,638.0,632.0,3578.0,1966.0,3457.0,0.0,0.0,335.0,633.0,632.0,632.0
1.0,10729.0,1917.0,1898.0,2746.0,978.0,0.0,0.0,978.0,633.0,632.0,633.0,637.0,642.0,638.0,4660.0,3244.0,2825.0,0.0,0.0,978.0,633.0,632.0,633.0
1.0,11558.0,1922.0,1899.0,1194.0,1621.0,0.0,0.0,1621.0,633.0,633.0,633.0,638.0,641.0,643.0,4895.0,4476.0,2187.0,0.0,0.0,1621.0,633.0,633.0,633.0
1.0,10830.0,1921.0,1899.0,335.0,1926.0,0.0,0.0,1926.0,633.0,633.0,633.0,638.0,643.0,640.0,4257.0,5029.0,1544.0,0.0,0.0,1926.0,633.0,633.0,633.0
1.0,9244.0,1918.0,1899.0,978.0,1771.0,183.0,0.0,1588.0,633.0,633.0,633.0,637.0,641.0,640.0,3619.0,4386.0,1239.0,183.0,0.0,1588.0,633.0,633.0,633.0
1.0,8304.0,1906.0,1899.0,1621.0,1476.0,821.0,52.0,603.0,633.0,633.0,633.0,638.0,632.0,636.0,2982.0,3745.0,1577.0,821.0,52.0,603.0,633.0,633.0,633.0
1.0,8019.0,1910.0,1900.0,1926.0,2150.0,1464.0,686.0,0.0,634.0,633.0,633.0,638.0,634.0,638.0,2344.0,3113.0,2562.0,1464.0,686.0,0.0,634.0,633.0,633.0
1.0,8035.0,1906.0,1901.0,1771.0,3235.0,1918.0,1317.0,0.0,634.0,633.0,634.0,637.0,631.0,638.0,1706.0,2479.0,3850.0,1918.0,1317.0,0.0,634.0,633.0,634.0
1.0,7900.0,1920.0,1902.0,1476.0,3644.0,1735.0,1909.0,0.0,634.0,634.0,634.0,638.0,639.0,643.0,1252.0,1848.0,4800.0,1735.0,1909.0,0.0,634.0,634.0,634.0
1.0,7456.0,1928.0,1902.0,2150.0,2781.0,913.0,1868.0,0.0,634.0,634.0,634.0,642.0,645.0,641.0,1435.0,1261.0,4760.0,913.0,1868.0,0.0,634.0,634.0,634.0
1.0,7678.0,1917.0,1903.0,3235.0,1192.0,0.0,1192.0,0.0,634.0,634.0,635.0,637.0,641.0,639.0,2257.0,1302.0,4119.0,0.0,1192.0,0.0,634.0,634.0,635.0
1.0,8996.0,1911.0,1904.0,3644.0,330.0,0.0,0.0,330.0,635.0,634.0,635.0,639.0,637.0,635.0,3538.0,1978.0,3480.0,0.0,0.0,330.0,635.0,634.0,635.0
1.0,10729.0,1916.0,1904.0,2781.0,967.0,0.0,0.0,967.0,635.0,634.0,635.0,639.0,640.0,637.0,4634.0,3250.0,2845.0,0.0,0.0,967.0,635.0,634.0,635.0
1.0,11594.0,1913.0,1905.0,1192.0,1602.0,0.0,0.0,1602.0,635.0,635.0,635.0,642.0,636.0,635.0,4908.0,4478.0,2208.0,0.0,0.0,1602.0,635.0,635.0,635.0
1.0,10873.0,1918.0,1905.0,330.0,1913.0,0.0,0.0,1913.0,635.0,635.0,635.0,638.0,639.0,641.0,4266.0,5034.0,1573.0,0.0,0.0,1913.0,635.0,635.0,635.0
1.0,9285.0,1931.0,1906.0,967.0,1785.0,193.0,0.0,1592.0,636.0,635.0,635.0,641.0,644.0,646.0,3628.0,4395.0,1262.0,193.0,0.0,1592.0,636.0,635.0,635.0
1.0,8321.0,1935.0,1907.0,1602.0,1547.0,837.0,69.0,641.0,636.0,635.0,636.0,644.0,645.0,646.0,2987.0,3751.0,1583.0,837.0,69.0,641.0,636.0,635.0,636.0
1.0,7988.0,1927.0,1908.0,1913.0,2190.0,1477.0,713.0,0.0,636.0,636.0,636.0,640.0,639.0,648.0,2343.0,3106.0,2539.0,1477.0,713.0,0.0,636.0,636.0,636.0
1.0,7974.0,1919.0,1908.0,1785.0,3278.0,1924.0,1354.0,0.0,636.0,636.0,636.0,640.0,641.0,638.0,1703.0,2467.0,3804.0,1924.0,1354.0,0.0,636.0,636.0,636.0
1.0,7840.0,1909.0,1908.0,1547.0,3643.0,1724.0,1919.0,0.0,636.0,636.0,636.0,637.0,634.0,638.0,1256.0,1826.0,4758.0,1724.0,1919.0,0.0,636.0,636.0,636.0
1.0,7478.0,1916.0,1908.0,2190.0,2735.0,887.0,1848.0,0.0,636.0,636.0,636.0,640.0,642.0,634.0,1456.0,1261.0,4761.0,887.0,1848.0,0.0,636.0,636.0,636.0
1.0,7752.0,1928.0,1910.0,3278.0,1135.0,0.0,1135.0,0.0,637.0,636.0,637.0,643.0,641.0,644.0,2293.0,1332.0,4127.0,0.0,1135.0,0.0,637.0,636.0,637.0
1.0,9102.0,1935.0,1911.0,3643.0,344.0,0.0,0.0,344.0,637.0,637.0,637.0,646.0,647.0,642.0,3574.0,2045.0,3483.0,0.0,0.0,344.0,637.0,637.0,637.0
1.0,10810.0,1928.0,1911.0,2735.0,989.0,0.0,0.0,989.0,637.0,637.0,637.0,638.0,645.0,645.0,4652.0,3317.0,2841.0,0.0,0.0,989.0,637.0,637.0,637.0
1.0,11617.0,1932.0,1912.0,1135.0,1640.0,0.0,0.0,1640.0,637.0,637.0,638.0,643.0,643.0,646.0,4901.0,4520.0,2196.0,0.0,0.0,1640.0,637.0,637.0,638.0
1.0,10820.0,1923.0,1912.0,344.0,1938.0,0.0,0.0,1938.0,637.0,637.0,638.0,640.0,641.0,642.0,4258.0,5012.0,1550.0,0.0,0.0,1938.0,637.0,637.0,638.0
1.0,9241.0,1932.0,1913.0,989.0,1811.0,216.0,0.0,1595.0,638.0,637.0,638.0,644.0,642.0,646.0,3618.0,4371.0,1252.0,216.0,0.0,1595.0,638.0,637.0,638.0
1.0,8298.0,1920.0,1914.0,1640.0,1552.0,856.0,101.0,595.0,638.0,638.0,638.0,640.0,640.0,640.0,2974.0,3729.0,1595.0,856.0,101.0,595.0,638.0,638.0,638.0
1.0,8018.0,1927.0,1914.0,1938.0,2243.0,1500.0,743.0,0.0,638.0,638.0,638.0,644.0,642.0,641.0,2334.0,3089.0,2595.0,1500.0,743.0,0.0,638.0,638.0,638.0
1.0,8029.0,1938.0,1914.0,1811.0,3323.0,1932.0,1391.0,0.0,638.0,638.0,638.0,648.0,648.0,642.0,1690.0,2447.0,3892.0,1932.0,1391.0,0.0,638.0,638.0,638.0
1.0,7902.0,1943.0,1917.0,1552.0,3676.0,1728.0,1948.0,0.0,639.0,639.0,639.0,647.0,653.0,643.0,1258.0,1799.0,4845.0,1728.0,1948.0,0.0,639.0,639.0,639.0
1.0,7511.0,1933.0,1917.0,2243.0,2720.0,870.0,1850.0,0.0,639.0,639.0,639.0,642.0,645.0,646.0,1467.0,1247.0,4797.0,870.0,1850.0,0.0,639.0,639.0,639.0
1.0,7821.0,1925.0,1917.0,3323.0,1101.0,0.0,1101.0,0.0,639.0,639.0,639.0,644.0,642.0,639.0,2325.0,1345.0,4151.0,0.0,1101.0,0.0,639.0,639.0,639.0
1.0,9219.0,1915.0,1917.0,3676.0,324.0,0.0,0.0,324.0,639.0,639.0,639.0,635.0,639.0,641.0,3613.0,2094.0,3512.0,0.0,0.0,324.0,639.0,639.0,639.0
1.0,10980.0,1920.0,1917.0,2720.0,965.0,0.0,0.0,965.0,639.0,639.0,639.0,638.0,641.0,641.0,4706.0,3403.0,2871.0,0.0,0.0,965.0,639.0,639.0,639.0
1.0,11780.0,1929.0,1917.0,1101.0,1608.0,0.0,0.0,1608.0,639.0,639.0,639.0,646.0,640.0,643.0,4938.0,4612.0,2230.0,0.0,0.0,1608.0,639.0,639.0,639.0
1.0,10952.0,1949.0,1919.0,324.0,1939.0,0.0,0.0,1939.0,639.0,640.0,640.0,649.0,650.0,650.0,4292.0,5073.0,1587.0,0.0,0.0,1939.0,639.0,640.0,640.0
1.0,9327.0,1950.0,1920.0,965.0,1832.0,210.0,0.0,1622.0,640.0,640.0,640.0,653.0,649.0,648.0,3643.0,4423.0,1261.0,210.0,0.0,1622.0,640.0,640.0,640.0
1.0,8342.0,1942.0,1920.0,1608.0,1592.0,856.0,75.0,661.0,640.0,640.0,640.0,646.0,649.0,647.0,2990.0,3774.0,1578.0,856.0,75.0,661.0,640.0,640.0,640.0
1.0,8008.0,1932.0,1920.0,1939.0,2218.0,1500.0,718.0,0.0,640.0,640.0,640.0,644.0,643.0,645.0,2344.0,3125.0,2539.0,1500.0,718.0,0.0,640.0,640.0,640.0
1.0,8015.0,1922.0,1920.0,1832.0,3289.0,1931.0,1358.0,0.0,640.0,640.0,640.0,641.0,640.0,641.0,1700.0,2482.0,3833.0,1931.0,1358.0,0.0,640.0,640.0,640.0
1.0,7925.0,1930.0,1921.0,1592.0,3648.0,1716.0,1932.0,0.0,640.0,641.0,640.0,641.0,644.0,645.0,1269.0,1842.0,4814.0,1716.0,1932.0,0.0,640.0,641.0,640.0
1.0,7587.0,1931.0,1923.0,2218.0,2724.0,869.0,1855.0,0.0,641.0,641.0,641.0,648.0,641.0,642.0,1484.0,1273.0,4830.0,869.0,1855.0,0.0,641.0,641.0,641.0
1.0,7874.0,1946.0,1923.0,3289.0,1145.0,0.0,1145.0,0.0,641.0,641.0,641.0,653.0,648.0,645.0,2336.0,1350.0,4188.0,0.0,1145.0,0.0,641.0,641.0,641.0
1.0,9217.0,1945.0,1923.0,3648.0,311.0,0.0,0.0,311.0,641.0,641.0,641.0,648.0,648.0,649.0,3614.0,2060.0,3543.0,0.0,0.0,311.0,641.0,641.0,641.0
1.0,10920.0,1953.0,1925.0,2724.0,966.0,0.0,0.0,966.0,642.0,641.0,642.0,652.0,651.0,650.0,4682.0,3344.0,2894.0,0.0,0.0,966.0,642.0,641.0,642.0
1.0,11691.0,1943.0,1926.0,1145.0,1615.0,0.0,0.0,1615.0,642.0,642.0,642.0,644.0,650.0,649.0,4899.0,4548.0,2244.0,0.0,0.0,1615.0,642.0,642.0,642.0
1.0,10893.0,1931.0,1926.0,311.0,1950.0,0.0,0.0,1950.0,642.0,642.0,642.0,642.0,643.0,646.0,4255.0,5043.0,1595.0,0.0,0.0,1950.0,642.0,642.0,642.0
1.0,9273.0,1941.0,1926.0,966.0,1874.0,244.0,0.0,1630.0,642.0,642.0,642.0,647.0,648.0,646.0,3613.0,4400.0,1260.0,244.0,0.0,1630.0,642.0,642.0,642.0
1.0,8298.0,1938.0,1926.0,1615.0,1655.0,894.0,101.0,660.0,642.0,642.0,642.0,650.0,643.0,645.0,2966.0,3752.0,1580.0,894.0,101.0,660.0,642.0,642.0,642.0
1.0,7975.0,1957.0,1926.0,1950.0,2298.0,1547.0,751.0,0.0,642.0,642.0,642.0,653.0,650.0,654.0,2316.0,3109.0,2550.0,1547.0,751.0,0.0,642.0,642.0,642.0
1.0,7968.0,1955.0,1929.0,1874.0,3369.0,1962.0,1407.0,0.0,643.0,643.0,643.0,654.0,651.0,650.0,1663.0,2459.0,3846.0,1962.0,1407.0,0.0,643.0,643.0,643.0
1.0,7887.0,1945.0,1929.0,1655.0,3670.0,1716.0,1954.0,0.0,643.0,643.0,643.0,648.0,648.0,649.0,1253.0,1808.0,4826.0,1716.0,1954.0,0.0,643.0,643.0,643.0
1.0,7597.0,1934.0,1929.0,2298.0,2667.0,818.0,1849.0,0.0,643.0,643.0,643.0,649.0,646.0,639.0,1499.0,1261.0,4837.0,818.0,1849.0,0.0,643.0,643.0,643.0
1.0,7961.0,1933.0,1929.0,3369.0,1086.0,0.0,1086.0,0.0,643.0,643.0,643.0,643.0,644.0,646.0,2397.0,1366.0,4198.0,0.0,1086.0,0.0,643.0,643.0,643.0
1.0,9397.0,1941.0,1929.0,3670.0,310.0,0.0,0.0,310.0,643.0,643.0,643.0,644.0,650.0,647.0,3716.0,2129.0,3552.0,0.0,0.0,310.0,643.0,643.0,643.0
1.0,11126.0,1943.0,1929.0,2667.0,960.0,0.0,0.0,960.0,643.0,643.0,643.0,643.0,650.0,650.0,4788.0,3433.0,2905.0,0.0,0.0,960.0,643.0,643.0,643.0
1.0,11850.0,1957.0,1932.0,1086.0,1621.0,0.0,0.0,1621.0,644.0,644.0,644.0,647.0,654.0,656.0,4963.0,4632.0,2255.0,0.0,0.0,1621.0,644.0,644.0,644.0
1.0,10979.0,1962.0,1932.0,310.0,1964.0,0.0,0.0,1964.0,644.0,644.0,644.0,655.0,654.0,653.0,4316.0,5064.0,1599.0,0.0,0.0,1964.0,644.0,644.0,644.0
1.0,9327.0,1955.0,1933.0,960.0,1866.0,212.0,0.0,1654.0,644.0,645.0,644.0,653.0,652.0,650.0,3661.0,4410.0,1256.0,212.0,0.0,1654.0,644.0,645.0,644.0
1.0,8332.0,1945.0,1934.0,1621.0,1662.0,869.0,114.0,679.0,645.0,645.0,644.0,652.0,647.0,646.0,3008.0,3758.0,1566.0,869.0,114.0,679.0,645.0,645.0,644.0
1.0,8008.0,1929.0,1934.0,1964.0,2268.0,1514.0,754.0,0.0,645.0,645.0,644.0,645.0,640.0,644.0,2356.0,3111.0,2541.0,1514.0,754.0,0.0,645.0,645.0,644.0
1.0,8043.0,1938.0,1935.0,1866.0,3348.0,1947.0,1401.0,0.0,645.0,645.0,645.0,645.0,647.0,646.0,1711.0,2471.0,3861.0,1947.0,1401.0,0.0,645.0,645.0,645.0
1.0,7971.0,1950.0,1935.0,1662.0,3665.0,1727.0,1938.0,0.0,645.0,645.0,645.0,649.0,651.0,650.0,1278.0,1824.0,4869.0,1727.0,1938.0,0.0,645.0,645.0,645.0
1.0,7683.0,1964.0,1935.0,2268.0,2706.0,871.0,1835.0,0.0,645.0,645.0,645.0,658.0,651.0,655.0,1498.0,1287.0,4898.0,871.0,1835.0,0.0,645.0,645.0,645.0
1.0,7987.0,1967.0,1938.0,3348.0,1095.0,0.0,1095.0,0.0,646.0,646.0,646.0,655.0,656.0,656.0,2354.0,1390.0,4243.0,0.0,1095.0,0.0,646.0,646.0,646.0
1.0,9368.0,1968.0,1938.0,3665.0,299.0,0.0,0.0,299.0,646.0,646.0,646.0,656.0,656.0,656.0,3646.0,2135.0,3587.0,0.0,0.0,299.0,646.0,646.0,646.0
1.0,11065.0,1957.0,1938.0,2706.0,950.0,0.0,0.0,950.0,646.0,646.0,646.0,652.0,654.0,651.0,4717.0,3417.0,2931.0,0.0,0.0,950.0,646.0,646.0,646.0
1.0,11814.0,1951.0,1938.0,1095.0,1604.0,0.0,0.0,1604.0,646.0,646.0,646.0,649.0,648.0,654.0,4936.0,4598.0,2280.0,0.0,0.0,1604.0,646.0,646.0,646.0
1.0,10958.0,1946.0,1938.0,299.0,1958.0,0.0,0.0,1958.0,646.0,646.0,646.0,648.0,645.0,653.0,4287.0,5045.0,1626.0,0.0,0.0,1958.0,646.0,646.0,646.0
1.0,9311.0,1954.0,1940.0,950.0,1911.0,244.0,0.0,1667.0,647.0,646.0,647.0,648.0,652.0,654.0,3639.0,4400.0,1272.0,244.0,0.0,1667.0,647.0,646.0,647.0
1.0,8307.0,1967.0,1941.0,1604.0,1761.0,902.0,143.0,716.0,647.0,647.0,647.0,658.0,656.0,653.0,2991.0,3748.0,1568.0,902.0,143.0,716.0,647.0,647.0,647.0
1.0,7944.0,1966.0,1941.0,1958.0,2357.0,1558.0,799.0,0.0,647.0,647.0,647.0,656.0,656.0,654.0,2333.0,3092.0,2519.0,1558.0,799.0,0.0,647.0,647.0,647.0
1.0,7936.0,1962.0,1941.0,1911.0,3421.0,1967.0,1454.0,0.0,647.0,647.0,647.0,653.0,655.0,654.0,1677.0,2436.0,3823.0,1967.0,1454.0,0.0,647.0,647.0,647.0
1.0,7885.0,1954.0,1944.0,1761.0,3690.0,1723.0,1967.0,0.0,648.0,648.0,648.0,653.0,651.0,650.0,1268.0,1781.0,4836.0,1723.0,1967.0,0.0,648.0,648.0,648.0
1.0,7692.0,1953.0,1944.0,2357.0,2637.0,817.0,1820.0,0.0,648.0,648.0,648.0,652.0,652.0,649.0,1517.0,1273.0,4902.0,817.0,1820.0,0.0,648.0,648.0,648.0
1.0,8096.0,1955.0,1944.0,3421.0,1018.0,0.0,1018.0,0.0,648.0,648.0,648.0,651.0,652.0,652.0,2423.0,1420.0,4253.0,0.0,1018.0,0.0,648.0,648.0,648.0
1.0,9562.0,1956.0,1944.0,3690.0,291.0,0.0,0.0,291.0,648.0,648.0,648.0,653.0,651.0,652.0,3739.0,2222.0,3601.0,0.0,0.0,291.0,648.0,648.0,648.0
1.0,11296.0,1967.0,1944.0,2637.0,950.0,0.0,0.0,950.0,648.0,648.0,648.0,656.0,652.0,659.0,4809.0,3538.0,2949.0,0.0,0.0,950.0,648.0,648.0,648.0
1.0,11966.0,1967.0,1946.0,1018.0,1605.0,0.0,0.0,1605.0,649.0,649.0,648.0,656.0,656.0,655.0,4970.0,4706.0,2290.0,0.0,0.0,1605.0,649.0,649.0,648.0
1.0,11017.0,1969.0,1947.0,291.0,1974.0,0.0,0.0,1974.0,649.0,649.0,649.0,658.0,656.0,655.0,4314.0,5068.0,1635.0,0.0,0.0,1974.0,649.0,649.0,649.0
1.0,9339.0,1959.0,1947.0,950.0,1920.0,242.0,0.0,1678.0,649.0,649.0,649.0,653.0,652.0,654.0,3656.0,4412.0,1271.0,242.0,0.0,1678.0,649.0,649.0,649.0
1.0,8330.0,1949.0,1947.0,1605.0,1749.0,891.0,136.0,722.0,649.0,649.0,649.0,649.0,651.0,649.0,3003.0,3760.0,1567.0,891.0,136.0,722.0,649.0,649.0,649.0
1.0,7986.0,1959.0,1947.0,1974.0,2337.0,1544.0,793.0,0.0,649.0,649.0,649.0,653.0,657.0,649.0,2354.0,3109.0,2523.0,1544.0,793.0,0.0,649.0,649.0,649.0
1.0,8001.0,1965.0,1948.0,1920.0,3409.0,1959.0,1450.0,0.0,650.0,649.0,649.0,652.0,657.0,656.0,1701.0,2452.0,3848.0,1959.0,1450.0,0.0,650.0,649.0,649.0
1.0,7956.0,1972.0,1950.0,1749.0,3701.0,1722.0,1979.0,0.0,650.0,650.0,650.0,654.0,660.0,658.0,1291.0,1795.0,4870.0,1722.0,1979.0,0.0,650.0,650.0,650.0
1.0,7733.0,1972.0,1950.0,2337.0,2677.0,834.0,1843.0,0.0,650.0,650.0,650.0,656.0,657.0,659.0,1528.0,1271.0,4934.0,834.0,1843.0,0.0,650.0,650.0,650.0
1.0,8098.0,1968.0,1950.0,3409.0,1049.0,0.0,1049.0,0.0,650.0,650.0,650.0,654.0,656.0,658.0,2416.0,1407.0,4275.0,0.0,1049.0,0.0,650.0,650.0,650.0
1.0,9539.0,1959.0,1951.0,3701.0,294.0,0.0,0.0,294.0,650.0,650.0,651.0,653.0,650.0,656.0,3721.0,2201.0,3617.0,0.0,0.0,294.0,650.0,650.0,651.0
1.0,11281.0,1960.0,1951.0,2677.0,952.0,0.0,0.0,952.0,650.0,650.0,651.0,653.0,649.0,658.0,4790.0,3530.0,2961.0,0.0,0.0,952.0,650.0,650.0,651.0
1.0,11998.0,1961.0,1952.0,1049.0,1603.0,0.0,0.0,1603.0,651.0,650.0,651.0,655.0,655.0,651.0,4971.0,4724.0,2303.0,0.0,0.0,1603.0,651.0,650.0,651.0
1.0,11086.0,1965.0,1953.0,294.0,1964.0,0.0,0.0,1964.0,651.0,651.0,651.0,659.0,651.0,655.0,4316.0,5118.0,1652.0,0.0,0.0,1964.0,651.0,651.0,651.0
1.0,9415.0,1979.0,1953.0,952.0,1928.0,258.0,0.0,1670.0,651.0,651.0,651.0,660.0,661.0,658.0,3657.0,4467.0,1291.0,258.0,0.0,1670.0,651.0,651.0,651.0
1.0,8388.0,1976.0,1955.0,1603.0,1760.0,920.0,111.0,729.0,652.0,651.0,652.0,657.0,662.0,657.0,2997.0,3806.0,1585.0,920.0,111.0,729.0,652.0,651.0,652.0
1.0,8015.0,1974.0,1956.0,1964.0,2355.0,1578.0,777.0,0.0,652.0,652.0,652.0,658.0,661.0,655.0,2340.0,3144.0,2531.0,1578.0,777.0,0.0,652.0,652.0,652.0
1.0,8005.0,1968.0,1956.0,1928.0,3410.0,1975.0,1435.0,0.0,652.0,652.0,652.0,655.0,658.0,655.0,1682.0,2483.0,3840.0,1975.0,1435.0,0.0,652.0,652.0,652.0
1.0,7965.0,1960.0,1956.0,1760.0,3686.0,1710.0,1976.0,0.0,652.0,652.0,652.0,655.0,652.0,653.0,1285.0,1825.0,4855.0,1710.0,1976.0,0.0,652.0,652.0,652.0
1.0,7765.0,1959.0,1956.0,2355.0,2636.0,785.0,1851.0,0.0,652.0,652.0,652.0,653.0,652.0,654.0,1550.0,1284.0,4931.0,785.0,1851.0,0.0,652.0,652.0,652.0
1.0,8161.0,1972.0,1956.0,3410.0,1071.0,0.0,1071.0,0.0,652.0,652.0,652.0,658.0,655.0,659.0,2475.0,1409.0,4277.0,0.0,1071.0,0.0,652.0,652.0,652.0
1.0,9599.0,1986.0,1959.0,3686.0,310.0,0.0,0.0,310.0,653.0,653.0,653.0,662.0,661.0,663.0,3792.0,2189.0,3618.0,0.0,0.0,310.0,653.0,653.0,653.0
1.0,11299.0,1992.0,1959.0,2636.0,976.0,0.0,0.0,976.0,653.0,653.0,653.0,660.0,666.0,666.0,4840.0,3504.0,2955.0,0.0,0.0,976.0,653.0,653.0,653.0
1.0,11943.0,1982.0,1959.0,1071.0,1637.0,0.0,0.0,1637.0,653.0,653.0,653.0,659.0,662.0,661.0,4965.0,4689.0,2289.0,0.0,0.0,1637.0,653.0,653.0,653.0
1.0,11032.0,1966.0,1959.0,310.0,1981.0,0.0,0.0,1981.0,653.0,653.0,653.0,654.0,658.0,654.0,4306.0,5098.0,1628.0,0.0,0.0,1981.0,653.0,653.0,653.0
1.0,9376.0,1962.0,1959.0,976.0,1925.0,268.0,0.0,1657.0,653.0,653.0,653.0,655.0,655.0,652.0,3652.0,4440.0,1284.0,268.0,0.0,1657.0,653.0,653.0,653.0
1.0,8390.0,1958.0,1960.0,1637.0,1731.0,921.0,140.0,670.0,653.0,654.0,653.0,653.0,655.0,650.0,2997.0,3785.0,1608.0,921.0,140.0,670.0,653.0,654.0,653.0
1.0,8069.0,1977.0,1961.0,1981.0,2380.0,1583.0,797.0,0.0,653.0,654.0,654.0,662.0,657.0,658.0,2344.0,3130.0,2595.0,1583.0,797.0,0.0,653.0,654.0,654.0
1.0,8073.0,1981.0,1962.0,1925.0,3440.0,1985.0,1455.0,0.0,654.0,654.0,654.0,665.0,658.0,658.0,1682.0,2473.0,3918.0,1985.0,1455.0,0.0,654.0,654.0,654.0
1.0,8017.0,1990.0,1962.0,1731.0,3708.0,1732.0,1976.0,0.0,654.0,654.0,654.0,668.0,661.0,661.0,1285.0,1815.0,4917.0,1732.0,1976.0,0.0,654.0,654.0,654.0
1.0,7758.0,1982.0,1964.0,2380.0,2653.0,815.0,1838.0,0.0,655.0,654.0,655.0,661.0,659.0,662.0,1538.0,1294.0,4926.0,815.0,1838.0,0.0,655.0,654.0,655.0
1.0,8156.0,1975.0,1965.0,3440.0,1046.0,0.0,1046.0,0.0,655.0,655.0,655.0,657.0,658.0,660.0,2460.0,1432.0,4264.0,0.0,1046.0,0.0,655.0,655.0,655.0
1.0,9621.0,1968.0,1965.0,3708.0,328.0,0.0,0.0,328.0,655.0,655.0,655.0,655.0,656.0,657.0,3788.0,2229.0,3604.0,0.0,0.0,328.0,655.0,655.0,655.0
1.0,11361.0,1975.0,1965.0,2653.0,986.0,0.0,0.0,986.0,655.0,655.0,655.0,655.0,662.0,658.0,4865.0,3549.0,2947.0,0.0,0.0,986.0,655.0,655.0,655.0
1.0,12039.0,1983.0,1965.0,1046.0,1647.0,0.0,0.0,1647.0,655.0,655.0,655.0,662.0,660.0,661.0,5025.0,4725.0,2289.0,0.0,0.0,1647.0,655.0,655.0,655.0
1.0,11102.0,1987.0,1965.0,328.0,1981.0,0.0,0.0,1981.0,655.0,655.0,655.0,663.0,662.0,662.0,4363.0,5111.0,1628.0,0.0,0.0,1981.0,655.0,655.0,655.0
1.0,9443.0,1987.0,1968.0,986.0,1903.0,244.0,0.0,1659.0,656.0,656.0,656.0,664.0,664.0,659.0,3700.0,4449.0,1294.0,244.0,0.0,1659.0,656.0,656.0,656.0
1.0,8442.0,1979.0,1968.0,1647.0,1730.0,905.0,154.0,671.0,656.0,656.0,656.0,661.0,659.0,659.0,3036.0,3785.0,1621.0,905.0,154.0,671.0,656.0,656.0,656.0
1.0,8110.0,1966.0,1968.0,1981.0,2373.0,1560.0,813.0,0.0,656.0,656.0,656.0,655.0,659.0,652.0,2375.0,3126.0,2609.0,1560.0,813.0,0.0,656.0,656.0,656.0
1.0,8125.0,1964.0,1968.0,1903.0,3438.0,1969.0,1469.0,0.0,656.0,656.0,656.0,653.0,656.0,655.0,1720.0,2467.0,3938.0,1969.0,1469.0,0.0,656.0,656.0,656.0
1.0,8064.0,1973.0,1968.0,1730.0,3694.0,1720.0,1974.0,0.0,656.0,656.0,656.0,656.0,659.0,658.0,1311.0,1811.0,4942.0,1720.0,1974.0,0.0,656.0,656.0,656.0
1.0,7821.0,1985.0,1968.0,2373.0,2644.0,823.0,1821.0,0.0,656.0,656.0,656.0,663.0,660.0,662.0,1560.0,1306.0,4955.0,823.0,1821.0,0.0,656.0,656.0,656.0
1.0,8209.0,1996.0,1969.0,3438.0,1022.0,0.0,1022.0,0.0,656.0,657.0,656.0,665.0,665.0,666.0,2457.0,1459.0,4293.0,0.0,1022.0,0.0,656.0,657.0,656.0
1.0,9651.0,2002.0,1971.0,3694.0,326.0,0.0,0.0,326.0,657.0,657.0,657.0,667.0,667.0,668.0,3761.0,2263.0,3627.0,0.0,0.0,326.0,657.0,657.0,657.0
1.0,11343.0,1992.0,1971.0,2644.0,990.0,0.0,0.0,990.0,657.0,657.0,657.0,665.0,663.0,664.0,4814.0,3570.0,2959.0,0.0,0.0,990.0,657.0,657.0,657.0
1.0,11995.0,1975.0,1971.0,1022.0,1648.0,0.0,0.0,1648.0,657.0,657.0,657.0,658.0,659.0,658.0,4972.0,4728.0,2295.0,0.0,0.0,1648.0,657.0,657.0,657.0
1.0,11042.0,1978.0,1971.0,326.0,1979.0,0.0,0.0,1979.0,657.0,657.0,657.0,660.0,661.0,657.0,4314.0,5091.0,1637.0,0.0,0.0,1979.0,657.0,657.0,657.0
1.0,9390.0,1972.0,1971.0,990.0,1933.0,290.0,0.0,1643.0,657.0,657.0,657.0,659.0,659.0,654.0,3654.0,4430.0,1306.0,290.0,0.0,1643.0,657.0,657.0,657.0
1.0,8408.0,1981.0,1973.0,1648.0,1790.0,955.0,182.0,653.0,658.0,658.0,657.0,660.0,663.0,658.0,2995.0,3771.0,1642.0,955.0,182.0,653.0,658.0,658.0,657.0
1.0,8075.0,2002.0,1973.0,1979.0,2473.0,1625.0,848.0,0.0,658.0,658.0,657.0,670.0,666.0,666.0,2335.0,3108.0,2632.0,1625.0,848.0,0.0,658.0,658.0,657.0
1.0,8052.0,2004.0,1974.0,1933.0,3520.0,2002.0,1518.0,0.0,658.0,658.0,658.0,667.0,670.0,667.0,1665.0,2442.0,3945.0,2002.0,1518.0,0.0,658.0,658.0,658.0
1.0,7981.0,1994.0,1975.0,1790.0,3716.0,1711.0,2005.0,0.0,658.0,659.0,658.0,664.0,664.0,666.0,1288.0,1772.0,4921.0,1711.0,2005.0,0.0,658.0,659.0,658.0
1.0,7777.0,1990.0,1975.0,2473.0,2568.0,749.0,1819.0,0.0,658.0,659.0,658.0,663.0,662.0,665.0,1579.0,1290.0,4908.0,749.0,1819.0,0.0,658.0,659.0,658.0
1.0,8260.0,1987.0,1976.0,3520.0,963.0,0.0,963.0,0.0,659.0,659.0,658.0,662.0,662.0,663.0,2541.0,1476.0,4243.0,0.0,963.0,0.0,659.0,659.0,658.0
1.0,9793.0,1980.0,1976.0,3716.0,370.0,0.0,0.0,370.0,659.0,659.0,658.0,660.0,660.0,660.0,3881.0,2332.0,3580.0,0.0,0.0,370.0,659.0,659.0,658.0
1.0,11529.0,1993.0,1977.0,2568.0,1039.0,0.0,0.0,1039.0,659.0,659.0,659.0,667.0,662.0,664.0,4932.0,3677.0,2920.0,0.0,0.0,1039.0,659.0,659.0,659.0
1.0,12104.0,1991.0,1977.0,963.0,1702.0,0.0,0.0,1702.0,659.0,659.0,659.0,664.0,664.0,663.0,5014.0,4834.0,2256.0,0.0,0.0,1702.0,659.0,659.0,659.0
1.0,11076.0,2009.0,1979.0,370.0,2001.0,0.0,0.0,2001.0,660.0,660.0,659.0,672.0,668.0,669.0,4350.0,5133.0,1593.0,0.0,0.0,2001.0,660.0,660.0,659.0
1.0,9437.0,1999.0,1979.0,1039.0,1916.0,288.0,0.0,1628.0,660.0,660.0,659.0,666.0,667.0,666.0,3678.0,4465.0,1294.0,288.0,0.0,1628.0,660.0,660.0,659.0
1.0,8477.0,1992.0,1979.0,1702.0,1708.0,951.0,168.0,589.0,660.0,660.0,659.0,663.0,666.0,663.0,3012.0,3798.0,1667.0,951.0,168.0,589.0,660.0,660.0,659.0
1.0,8187.0,1987.0,1980.0,2001.0,2444.0,1612.0,832.0,0.0,660.0,660.0,660.0,661.0,664.0,662.0,2349.0,3132.0,2706.0,1612.0,832.0,0.0,660.0,660.0,660.0
1.0,8201.0,1985.0,1980.0,1916.0,3479.0,1983.0,1496.0,0.0,660.0,660.0,660.0,659.0,664.0,662.0,1688.0,2468.0,4045.0,1983.0,1496.0,0.0,660.0,660.0,660.0
1.0,8132.0,1989.0,1980.0,1708.0,3685.0,1692.0,1993.0,0.0,660.0,660.0,660.0,660.0,665.0,664.0,1317.0,1804.0,5011.0,1692.0,1993.0,0.0,660.0,660.0,660.0
1.0,7851.0,2011.0,1982.0,2444.0,2588.0,755.0,1833.0,0.0,661.0,661.0,660.0,670.0,667.0,674.0,1608.0,1307.0,4936.0,755.0,1833.0,0.0,661.0,661.0,660.0
1.0,8284.0,2008.0,1982.0,3479.0,1004.0,0.0,1004.0,0.0,661.0,661.0,660.0,671.0,667.0,670.0,2550.0,1472.0,4262.0,0.0,1004.0,0.0,661.0,661.0,660.0
1.0,9755.0,2005.0,1983.0,3685.0,383.0,0.0,0.0,383.0,661.0,661.0,661.0,669.0,666.0,670.0,3862.0,2301.0,3592.0,0.0,0.0,383.0,661.0,661.0,661.0
1.0,11435.0,2000.0,1983.0,2588.0,1050.0,0.0,0.0,1050.0,661.0,661.0,661.0,667.0,666.0,667.0,4885.0,3628.0,2922.0,0.0,0.0,1050.0,661.0,661.0,661.0
1.0,12023.0,1988.0,1984.0,1004.0,1710.0,0.0,0.0,1710.0,662.0,661.0,661.0,669.0,659.0,660.0,4973.0,4795.0,2255.0,0.0,0.0,1710.0,662.0,661.0,661.0
1.0,11039.0,1992.0,1985.0,383.0,1988.0,0.0,0.0,1988.0,662.0,662.0,661.0,663.0,668.0,661.0,4304.0,5140.0,1595.0,0.0,0.0,1988.0,662.0,662.0,661.0
1.0,9430.0,2007.0,1985.0,1050.0,1942.0,332.0,0.0,1610.0,662.0,662.0,661.0,663.0,672.0,672.0,3641.0,4472.0,1317.0,332.0,0.0,1610.0,662.0,662.0,661.0
1.0,8473.0,2010.0,1986.0,1710.0,1757.0,1001.0,184.0,572.0,662.0,662.0,662.0,669.0,674.0,667.0,2978.0,3800.0,1695.0,1001.0,184.0,572.0,662.0,662.0,662.0
1.0,8173.0,2015.0,1987.0,1988.0,2537.0,1675.0,862.0,0.0,662.0,663.0,662.0,674.0,673.0,668.0,2309.0,3126.0,2738.0,1675.0,862.0,0.0,662.0,663.0,662.0
1.0,8146.0,2005.0,1988.0,1942.0,3545.0,2018.0,1527.0,0.0,663.0,663.0,662.0,670.0,665.0,670.0,1635.0,2453.0,4058.0,2018.0,1527.0,0.0,663.0,663.0,662.0
1.0,8083.0,1997.0,1988.0,1757.0,3688.0,1683.0,2005.0,0.0,663.0,663.0,662.0,666.0,662.0,669.0,1297.0,1788.0,4998.0,1683.0,2005.0,0.0,663.0,663.0,662.0
1.0,7843.0,2000.0,1988.0,2537.0,2482.0,673.0,1809.0,0.0,663.0,663.0,662.0,665.0,666.0,669.0,1632.0,1310.0,4901.0,673.0,1809.0,0.0,663.0,663.0,662.0
1.0,8380.0,1991.0,1988.0,3545.0,941.0,0.0,941.0,0.0,663.0,663.0,662.0,665.0,659.0,667.0,2642.0,1506.0,4232.0,0.0,941.0,0.0,663.0,663.0,662.0
1.0,9934.0,2001.0,1989.0,3688.0,417.0,0.0,0.0,417.0,663.0,663.0,663.0,667.0,667.0,667.0,3995.0,2374.0,3565.0,0.0,0.0,417.0,663.0,663.0,663.0
1.0,11621.0,2015.0,1990.0,2482.0,1084.0,0.0,0.0,1084.0,664.0,663.0,663.0,672.0,676.0,667.0,5011.0,3712.0,2898.0,0.0,0.0,1084.0,664.0,663.0,663.0
1.0,12088.0,2014.0,1991.0,941.0,1754.0,0.0,0.0,1754.0,664.0,664.0,663.0,670.0,674.0,670.0,5012.0,4845.0,2231.0,0.0,0.0,1754.0,664.0,664.0,663.0
1.0,11015.0,2017.0,1992.0,417.0,2012.0,0.0,0.0,2012.0,664.0,664.0,664.0,673.0,674.0,670.0,4342.0,5112.0,1561.0,0.0,0.0,2012.0,664.0,664.0,664.0
1.0,9415.0,2001.0,1992.0,1084.0,1914.0,320.0,0.0,1594.0,664.0,664.0,664.0,669.0,666.0,666.0,3669.0,4438.0,1308.0,320.0,0.0,1594.0,664.0,664.0,664.0
1.0,8498.0,2005.0,1992.0,1754.0,1713.0,991.0,216.0,506.0,664.0,664.0,664.0,671.0,668.0,666.0,3000.0,3772.0,1726.0,991.0,216.0,506.0,664.0,664.0,664.0
1.0,8247.0,2009.0,1992.0,2012.0,2544.0,1660.0,884.0,0.0,664.0,664.0,664.0,669.0,668.0,672.0,2329.0,3104.0,2814.0,1660.0,884.0,0.0,664.0,664.0,664.0
1.0,8250.0,2006.0,1994.0,1914.0,3569.0,2015.0,1554.0,0.0,665.0,665.0,664.0,670.0,665.0,671.0,1660.0,2436.0,4154.0,2015.0,1554.0,0.0,665.0,665.0,664.0
1.0,8158.0,2016.0,1995.0,1713.0,3705.0,1696.0,2009.0,0.0,665.0,665.0,665.0,672.0,671.0,673.0,1310.0,1771.0,5077.0,1696.0,2009.0,0.0,665.0,665.0,665.0
1.0,7855.0,2018.0,1995.0,2544.0,2504.0,707.0,1797.0,0.0,665.0,665.0,665.0,671.0,672.0,675.0,1629.0,1316.0,4910.0,707.0,1797.0,0.0,665.0,665.0,665.0
1.0,8381.0,2013.0,1995.0,3569.0,919.0,0.0,919.0,0.0,665.0,665.0,665.0,666.0,676.0,671.0,2618.0,1528.0,4235.0,0.0,919.0,0.0,665.0,665.0,665.0
1.0,9937.0,2010.0,1996.0,3705.0,431.0,0.0,0.0,431.0,665.0,666.0,665.0,670.0,670.0,670.0,3967.0,2406.0,3564.0,0.0,0.0,431.0,665.0,666.0,665.0
1.0,11632.0,2001.0,1997.0,2504.0,1095.0,0.0,0.0,1095.0,666.0,666.0,665.0,667.0,670.0,664.0,4993.0,3745.0,2894.0,0.0,0.0,1095.0,666.0,666.0,665.0
1.0,12135.0,2009.0,1997.0,919.0,1760.0,0.0,0.0,1760.0,666.0,666.0,665.0,674.0,670.0,665.0,5033.0,4872.0,2230.0,0.0,0.0,1760.0,666.0,666.0,665.0
1.0,11045.0,2008.0,1998.0,431.0,1999.0,0.0,0.0,1999.0,666.0,666.0,666.0,671.0,672.0,665.0,4359.0,5121.0,1565.0,0.0,0.0,1999.0,666.0,666.0,666.0
1.0,9468.0,2015.0,1998.0,1095.0,1890.0,313.0,0.0,1577.0,666.0,666.0,666.0,671.0,671.0,673.0,3688.0,4449.0,1331.0,313.0,0.0,1577.0,666.0,666.0,666.0
1.0,8548.0,2025.0,2000.0,1760.0,1717.0,995.0,227.0,495.0,667.0,667.0,666.0,677.0,670.0,678.0,3017.0,3778.0,1753.0,995.0,227.0,495.0,667.0,667.0,666.0
1.0,8283.0,2012.0,2001.0,1999.0,2563.0,1667.0,896.0,0.0,667.0,667.0,667.0,672.0,669.0,671.0,2340.0,3108.0,2835.0,1667.0,896.0,0.0,667.0,667.0,667.0
1.0,8270.0,2013.0,2001.0,1890.0,3588.0,2025.0,1563.0,0.0,667.0,667.0,667.0,671.0,667.0,675.0,1668.0,2439.0,4163.0,2025.0,1563.0,0.0,667.0,667.0,667.0
1.0,8147.0,2007.0,2001.0,1717.0,3703.0,1700.0,2003.0,0.0,667.0,667.0,667.0,670.0,667.0,670.0,1310.0,1772.0,5065.0,1700.0,2003.0,0.0,667.0,667.0,667.0
1.0,7857.0,2019.0,2001.0,2563.0,2484.0,706.0,1778.0,0.0,667.0,667.0,667.0,673.0,671.0,675.0,1635.0,1332.0,4890.0,706.0,1778.0,0.0,667.0,667.0,667.0
1.0,8401.0,2023.0,2002.0,3588.0,889.0,0.0,889.0,0.0,668.0,667.0,667.0,675.0,674.0,674.0,2629.0,1557.0,4215.0,0.0,889.0,0.0,668.0,667.0,667.0
1.0,9966.0,2027.0,2004.0,3703.0,474.0,0.0,0.0,474.0,668.0,668.0,668.0,675.0,677.0,675.0,3979.0,2446.0,3541.0,0.0,0.0,474.0,668.0,668.0,668.0
1.0,11642.0,2026.0,2004.0,2484.0,1148.0,0.0,0.0,1148.0,668.0,668.0,668.0,676.0,676.0,674.0,5004.0,3772.0,2866.0,0.0,0.0,1148.0,668.0,668.0,668.0
1.0,12100.0,2018.0,2004.0,889.0,1820.0,0.0,0.0,1820.0,668.0,668.0,668.0,671.0,675.0,672.0,5034.0,4874.0,2192.0,0.0,0.0,1820.0,668.0,668.0,668.0
1.0,10971.0,2010.0,2004.0,474.0,2016.0,0.0,0.0,2016.0,668.0,668.0,668.0,670.0,670.0,670.0,4363.0,5088.0,1520.0,0.0,0.0,2016.0,668.0,668.0,668.0
1.0,9435.0,2015.0,2005.0,1148.0,1863.0,324.0,0.0,1539.0,669.0,668.0,668.0,672.0,672.0,671.0,3693.0,4418.0,1324.0,324.0,0.0,1539.0,669.0,668.0,668.0
1.0,8568.0,2014.0,2006.0,1820.0,1656.0,996.0,264.0,396.0,669.0,668.0,669.0,672.0,670.0,672.0,3021.0,3746.0,1801.0,996.0,264.0,396.0,669.0,668.0,669.0
1.0,8374.0,2015.0,2007.0,2016.0,2608.0,1666.0,942.0,0.0,669.0,669.0,669.0,670.0,673.0,672.0,2349.0,3076.0,2949.0,1666.0,942.0,0.0,669.0,669.0,669.0
1.0,8375.0,2033.0,2007.0,1863.0,3637.0,2019.0,1618.0,0.0,669.0,669.0,669.0,677.0,676.0,680.0,1679.0,2403.0,4293.0,2019.0,1618.0,0.0,669.0,669.0,669.0
1.0,8205.0,2036.0,2007.0,1656.0,3734.0,1698.0,2036.0,0.0,669.0,669.0,669.0,675.0,682.0,679.0,1326.0,1727.0,5152.0,1698.0,2036.0,0.0,669.0,669.0,669.0
1.0,7825.0,2023.0,2010.0,2608.0,2483.0,711.0,1772.0,0.0,670.0,670.0,670.0,674.0,673.0,676.0,1647.0,1309.0,4869.0,711.0,1772.0,0.0,670.0,670.0,670.0
1.0,8410.0,2013.0,2010.0,3637.0,826.0,0.0,826.0,0.0,670.0,670.0,670.0,670.0,672.0,671.0,2639.0,1578.0,4193.0,0.0,826.0,0.0,670.0,670.0,670.0
1.0,10034.0,2013.0,2010.0,3734.0,499.0,0.0,0.0,499.0,670.0,670.0,670.0,672.0,670.0,671.0,3988.0,2524.0,3522.0,0.0,0.0,499.0,670.0,670.0,670.0
1.0,11755.0,2013.0,2010.0,2483.0,1172.0,0.0,0.0,1172.0,670.0,670.0,670.0,670.0,670.0,673.0,5014.0,3890.0,2851.0,0.0,0.0,1172.0,670.0,670.0,670.0
1.0,12225.0,2025.0,2010.0,826.0,1845.0,0.0,0.0,1845.0,670.0,670.0,670.0,678.0,674.0,673.0,5055.0,4992.0,2178.0,0.0,0.0,1845.0,670.0,670.0,670.0
1.0,11026.0,2038.0,2010.0,499.0,2024.0,0.0,0.0,2024.0,670.0,670.0,670.0,682.0,678.0,678.0,4377.0,5144.0,1505.0,0.0,0.0,2024.0,670.0,670.0,670.0
1.0,9487.0,2044.0,2012.0,1172.0,1881.0,343.0,0.0,1538.0,671.0,670.0,671.0,683.0,680.0,681.0,3695.0,4466.0,1326.0,343.0,0.0,1538.0,671.0,670.0,671.0
1.0,8615.0,2040.0,2013.0,1845.0,1645.0,1023.0,251.0,371.0,671.0,671.0,671.0,680.0,682.0,678.0,3012.0,3786.0,1817.0,1023.0,251.0,371.0,671.0,671.0,671.0
1.0,8420.0,2031.0,2013.0,2024.0,2629.0,1700.0,929.0,0.0,671.0,671.0,671.0,677.0,678.0,676.0,2332.0,3104.0,2984.0,1700.0,929.0,0.0,671.0,671.0,671.0
1.0,8413.0,2021.0,2013.0,1881.0,3629.0,2025.0,1604.0,0.0,671.0,671.0,671.0,668.0,675.0,678.0,1655.0,2426.0,4332.0,2025.0,1604.0,0.0,671.0,671.0,671.0
1.0,8273.0,2031.0,2014.0,1645.0,3712.0,1683.0,2029.0,0.0,672.0,671.0,671.0,676.0,676.0,679.0,1330.0,1751.0,5192.0,1683.0,2029.0,0.0,672.0,671.0,671.0
1.0,7887.0,2029.0,2016.0,2629.0,2440.0,661.0,1779.0,0.0,672.0,672.0,672.0,678.0,674.0,677.0,1677.0,1326.0,4884.0,661.0,1779.0,0.0,672.0,672.0,672.0
1.0,8487.0,2042.0,2016.0,3629.0,854.0,0.0,854.0,0.0,672.0,672.0,672.0,681.0,679.0,682.0,2699.0,1581.0,4207.0,0.0,854.0,0.0,672.0,672.0,672.0
1.0,10074.0,2042.0,2016.0,3712.0,516.0,0.0,0.0,516.0,672.0,672.0,672.0,682.0,679.0,681.0,4043.0,2506.0,3525.0,0.0,0.0,516.0,672.0,672.0,672.0
1.0,11744.0,2039.0,2018.0,2440.0,1199.0,0.0,0.0,1199.0,673.0,672.0,673.0,681.0,680.0,678.0,5044.0,3856.0,2844.0,0.0,0.0,1199.0,673.0,672.0,673.0
1.0,12145.0,2030.0,2018.0,854.0,1874.0,0.0,0.0,1874.0,673.0,672.0,673.0,677.0,678.0,675.0,5024.0,4955.0,2166.0,0.0,0.0,1874.0,673.0,672.0,673.0
1.0,10969.0,2020.0,2018.0,516.0,2036.0,0.0,0.0,2036.0,673.0,672.0,673.0,671.0,671.0,678.0,4347.0,5131.0,1491.0,0.0,0.0,2036.0,673.0,672.0,673.0
1.0,9465.0,2024.0,2019.0,1199.0,1874.0,361.0,0.0,1513.0,673.0,673.0,673.0,672.0,676.0,676.0,3676.0,4460.0,1329.0,361.0,0.0,1513.0,673.0,673.0,673.0
1.0,8640.0,2033.0,2019.0,1874.0,1614.0,1037.0,259.0,318.0,673.0,673.0,673.0,676.0,678.0,679.0,3004.0,3784.0,1852.0,1037.0,259.0,318.0,673.0,673.0,673.0
1.0,8481.0,2051.0,2020.0,2036.0,2665.0,1721.0,944.0,0.0,673.0,673.0,674.0,684.0,685.0,682.0,2328.0,3106.0,3047.0,1721.0,944.0,0.0,673.0,673.0,674.0
1.0,8466.0,2050.0,2022.0,1874.0,3682.0,2052.0,1630.0,0.0,674.0,674.0,674.0,687.0,681.0,682.0,1644.0,2421.0,4401.0,2052.0,1630.0,0.0,674.0,674.0,674.0
1.0,8290.0,2042.0,2022.0,1614.0,3746.0,1694.0,2052.0,0.0,674.0,674.0,674.0,679.0,681.0,682.0,1318.0,1740.0,5232.0,1694.0,2052.0,0.0,674.0,674.0,674.0
1.0,7862.0,2021.0,2022.0,2665.0,2427.0,651.0,1776.0,0.0,674.0,674.0,674.0,678.0,668.0,675.0,1676.0,1318.0,4868.0,651.0,1776.0,0.0,674.0,674.0,674.0
1.0,8506.0,2029.0,2022.0,3682.0,824.0,0.0,824.0,0.0,674.0,674.0,674.0,678.0,678.0,673.0,2719.0,1594.0,4193.0,0.0,824.0,0.0,674.0,674.0,674.0
1.0,10159.0,2029.0,2022.0,3746.0,524.0,0.0,0.0,524.0,674.0,674.0,674.0,678.0,677.0,674.0,4093.0,2546.0,3520.0,0.0,0.0,524.0,674.0,674.0,674.0
1.0,11876.0,2038.0,2024.0,2427.0,1207.0,0.0,0.0,1207.0,675.0,674.0,675.0,677.0,683.0,678.0,5109.0,3921.0,2846.0,0.0,0.0,1207.0,675.0,674.0,675.0
1.0,12265.0,2051.0,2025.0,824.0,1890.0,0.0,0.0,1890.0,675.0,675.0,675.0,681.0,687.0,683.0,5083.0,5014.0,2168.0,0.0,0.0,1890.0,675.0,675.0,675.0
1.0,11038.0,2058.0,2025.0,524.0,2052.0,0.0,0.0,2052.0,675.0,675.0,675.0,686.0,686.0,686.0,4402.0,5151.0,1485.0,0.0,0.0,2052.0,675.0,675.0,675.0
1.0,9504.0,2052.0,2025.0,1207.0,1875.0,346.0,0.0,1529.0,675.0,675.0,675.0,687.0,681.0,684.0,3716.0,4465.0,1323.0,346.0,0.0,1529.0,675.0,675.0,675.0
1.0,8659.0,2041.0,2027.0,1890.0,1627.0,1031.0,270.0,326.0,676.0,675.0,676.0,680.0,679.0,682.0,3029.0,3784.0,1846.0,1031.0,270.0,326.0,676.0,675.0,676.0
1.0,8508.0,2031.0,2027.0,2052.0,2652.0,1710.0,942.0,0.0,676.0,675.0,676.0,679.0,672.0,680.0,2349.0,3105.0,3054.0,1710.0,942.0,0.0,676.0,675.0,676.0
1.0,8529.0,2031.0,2027.0,1875.0,3657.0,2039.0,1618.0,0.0,676.0,675.0,676.0,675.0,676.0,680.0,1670.0,2433.0,4426.0,2039.0,1618.0,0.0,676.0,675.0,676.0
1.0,8373.0,2044.0,2028.0,1627.0,3721.0,1686.0,2035.0,0.0,676.0,676.0,676.0,678.0,682.0,684.0,1341.0,1757.0,5275.0,1686.0,2035.0,0.0,676.0,676.0,676.0
1.0,7956.0,2048.0,2029.0,2652.0,2432.0,656.0,1776.0,0.0,676.0,676.0,677.0,680.0,683.0,685.0,1694.0,1345.0,4917.0,656.0,1776.0,0.0,676.0,676.0,677.0
1.0,8560.0,2058.0,2030.0,3657.0,843.0,0.0,843.0,0.0,677.0,676.0,677.0,686.0,685.0,687.0,2724.0,1604.0,4232.0,0.0,843.0,0.0,677.0,676.0,677.0
1.0,10159.0,2057.0,2030.0,3721.0,527.0,0.0,0.0,527.0,677.0,676.0,677.0,685.0,685.0,687.0,4077.0,2537.0,3545.0,0.0,0.0,527.0,677.0,676.0,677.0
1.0,11823.0,2039.0,2031.0,2432.0,1204.0,0.0,0.0,1204.0,677.0,677.0,677.0,680.0,682.0,677.0,5078.0,3887.0,2858.0,0.0,0.0,1204.0,677.0,677.0,677.0
1.0,12216.0,2035.0,2032.0,843.0,1888.0,0.0,0.0,1888.0,677.0,677.0,678.0,678.0,678.0,679.0,5054.0,4981.0,2181.0,0.0,0.0,1888.0,677.0,677.0,678.0
1.0,11024.0,2031.0,2032.0,527.0,2039.0,0.0,0.0,2039.0,677.0,677.0,678.0,674.0,679.0,678.0,4376.0,5146.0,1502.0,0.0,0.0,2039.0,677.0,677.0,678.0
1.0,9520.0,2032.0,2032.0,1204.0,1874.0,358.0,0.0,1516.0,677.0,677.0,678.0,675.0,676.0,681.0,3702.0,4467.0,1351.0,358.0,0.0,1516.0,677.0,677.0,678.0
1.0,8692.0,2054.0,2032.0,1888.0,1634.0,1039.0,279.0,316.0,677.0,677.0,678.0,681.0,685.0,688.0,3027.0,3791.0,1874.0,1039.0,279.0,316.0,677.0,677.0,678.0
1.0,8526.0,2064.0,2034.0,2039.0,2701.0,1730.0,971.0,0.0,678.0,678.0,678.0,686.0,687.0,691.0,2346.0,3106.0,3074.0,1730.0,971.0,0.0,678.0,678.0,678.0
1.0,8501.0,2055.0,2035.0,1874.0,3711.0,2056.0,1655.0,0.0,678.0,678.0,679.0,684.0,684.0,687.0,1660.0,2419.0,4422.0,2056.0,1655.0,0.0,678.0,678.0,679.0
1.0,8320.0,2051.0,2035.0,1634.0,3761.0,1698.0,2063.0,0.0,678.0,678.0,679.0,681.0,687.0,683.0,1334.0,1735.0,5251.0,1698.0,2063.0,0.0,678.0,678.0,679.0
1.0,7903.0,2038.0,2035.0,2701.0,2420.0,649.0,1771.0,0.0,678.0,678.0,679.0,681.0,679.0,678.0,1692.0,1327.0,4884.0,649.0,1771.0,0.0,678.0,678.0,679.0
1.0,8566.0,2049.0,2035.0,3711.0,800.0,0.0,800.0,0.0,678.0,678.0,679.0,684.0,684.0,681.0,2741.0,1619.0,4206.0,0.0,800.0,0.0,678.0,678.0,679.0
1.0,10228.0,2052.0,2036.0,3761.0,555.0,0.0,0.0,555.0,678.0,679.0,679.0,683.0,684.0,685.0,4113.0,2590.0,3525.0,0.0,0.0,555.0,678.0,679.0,679.0
1.0,11937.0,2059.0,2038.0,2420.0,1247.0,0.0,0.0,1247.0,679.0,679.0,680.0,684.0,688.0,687.0,5128.0,3969.0,2840.0,0.0,0.0,1247.0,679.0,679.0,680.0
1.0,12298.0,2064.0,2038.0,800.0,1933.0,0.0,0.0,1933.0,679.0,679.0,680.0,688.0,690.0,686.0,5093.0,5052.0,2153.0,0.0,0.0,1933.0,679.0,679.0,680.0
1.0,11034.0,2058.0,2039.0,555.0,2067.0,0.0,0.0,2067.0,679.0,680.0,680.0,684.0,685.0,689.0,4405.0,5162.0,1467.0,0.0,0.0,2067.0,679.0,680.0,680.0
1.0,9531.0,2049.0,2039.0,1247.0,1863.0,357.0,0.0,1506.0,679.0,680.0,680.0,683.0,680.0,686.0,3721.0,4477.0,1333.0,357.0,0.0,1506.0,679.0,680.0,680.0
1.0,8729.0,2037.0,2039.0,1933.0,1570.0,1037.0,280.0,253.0,679.0,680.0,680.0,680.0,677.0,680.0,3038.0,3797.0,1894.0,1037.0,280.0,253.0,679.0,680.0,680.0
1.0,8625.0,2055.0,2041.0,2067.0,2690.0,1727.0,963.0,0.0,680.0,680.0,681.0,685.0,683.0,687.0,2358.0,3120.0,3147.0,1727.0,963.0,0.0,680.0,680.0,681.0
1.0,8637.0,2053.0,2041.0,1863.0,3704.0,2056.0,1648.0,0.0,680.0,680.0,681.0,686.0,685.0,682.0,1673.0,2437.0,4527.0,2056.0,1648.0,0.0,680.0,680.0,681.0
1.0,8447.0,2062.0,2041.0,1570.0,3764.0,1709.0,2055.0,0.0,680.0,680.0,681.0,690.0,687.0,685.0,1344.0,1752.0,5351.0,1709.0,2055.0,0.0,680.0,680.0,681.0
1.0,7955.0,2062.0,2043.0,2690.0,2458.0,671.0,1787.0,0.0,681.0,681.0,681.0,684.0,690.0,688.0,1691.0,1345.0,4919.0,671.0,1787.0,0.0,681.0,681.0,681.0
1.0,8583.0,2059.0,2044.0,3704.0,830.0,0.0,830.0,0.0,681.0,681.0,682.0,684.0,691.0,684.0,2734.0,1618.0,4231.0,0.0,830.0,0.0,681.0,681.0,682.0
1.0,10228.0,2057.0,2044.0,3764.0,547.0,0.0,0.0,547.0,681.0,681.0,682.0,687.0,686.0,684.0,4106.0,2575.0,3547.0,0.0,0.0,547.0,681.0,681.0,682.0
1.0,11935.0,2042.0,2044.0,2458.0,1227.0,0.0,0.0,1227.0,681.0,681.0,682.0,683.0,679.0,680.0,5128.0,3944.0,2863.0,0.0,0.0,1227.0,681.0,681.0,682.0
1.0,12351.0,2055.0,2044.0,830.0,1910.0,0.0,0.0,1910.0,681.0,681.0,682.0,688.0,684.0,683.0,5116.0,5052.0,2183.0,0.0,0.0,1910.0,681.0,681.0,682.0
1.0,11126.0,2060.0,2044.0,547.0,2052.0,0.0,0.0,2052.0,681.0,681.0,682.0,686.0,685.0,689.0,4428.0,5198.0,1500.0,0.0,0.0,2052.0,681.0,681.0,682.0
1.0,9613.0,2064.0,2045.0,1227.0,1863.0,349.0,0.0,1514.0,681.0,682.0,682.0,686.0,689.0,689.0,3742.0,4513.0,1358.0,349.0,0.0,1514.0,681.0,682.0,682.0
1.0,8776.0,2076.0,2046.0,1910.0,1620.0,1043.0,280.0,297.0,682.0,682.0,682.0,689.0,694.0,693.0,3056.0,3824.0,1896.0,1043.0,280.0,297.0,682.0,682.0,682.0
1.0,8610.0,2071.0,2047.0,2052.0,2705.0,1733.0,972.0,0.0,682.0,682.0,683.0,690.0,692.0,689.0,2367.0,3130.0,3113.0,1733.0,972.0,0.0,682.0,682.0,683.0
1.0,8591.0,2059.0,2047.0,1863.0,3730.0,2070.0,1660.0,0.0,682.0,682.0,683.0,686.0,688.0,685.0,1677.0,2438.0,4476.0,2070.0,1660.0,0.0,682.0,682.0,683.0
1.0,8395.0,2048.0,2048.0,1620.0,3780.0,1710.0,2070.0,0.0,682.0,683.0,683.0,683.0,685.0,680.0,1340.0,1750.0,5305.0,1710.0,2070.0,0.0,682.0,683.0,683.0
1.0,7967.0,2053.0,2048.0,2705.0,2445.0,662.0,1783.0,0.0,682.0,683.0,683.0,685.0,685.0,683.0,1700.0,1345.0,4922.0,662.0,1783.0,0.0,682.0,683.0,683.0
1.0,8619.0,2058.0,2048.0,3730.0,808.0,0.0,808.0,0.0,682.0,683.0,683.0,688.0,685.0,685.0,2748.0,1632.0,4239.0,0.0,808.0,0.0,682.0,683.0,683.0
1.0,10291.0,2068.0,2049.0,3780.0,551.0,0.0,0.0,551.0,683.0,683.0,683.0,688.0,690.0,690.0,4130.0,2607.0,3554.0,0.0,0.0,551.0,683.0,683.0,683.0
1.0,12003.0,2078.0,2050.0,2445.0,1250.0,0.0,0.0,1250.0,683.0,683.0,684.0,694.0,690.0,694.0,5152.0,3987.0,2864.0,0.0,0.0,1250.0,683.0,683.0,684.0
1.0,12370.0,2076.0,2051.0,808.0,1942.0,0.0,0.0,1942.0,683.0,684.0,684.0,692.0,692.0,692.0,5120.0,5080.0,2170.0,0.0,0.0,1942.0,683.0,684.0,684.0
1.0,11102.0,2067.0,2051.0,551.0,2084.0,0.0,0.0,2084.0,683.0,684.0,684.0,687.0,687.0,693.0,4428.0,5196.0,1478.0,0.0,0.0,2084.0,683.0,684.0,684.0
1.0,9586.0,2060.0,2051.0,1250.0,1879.0,356.0,0.0,1523.0,683.0,684.0,684.0,682.0,689.0,689.0,3741.0,4509.0,1336.0,356.0,0.0,1523.0,683.0,684.0,684.0
1.0,8776.0,2063.0,2052.0,1942.0,1605.0,1047.0,288.0,270.0,684.0,684.0,684.0,686.0,688.0,689.0,3059.0,3820.0,1897.0,1047.0,288.0,270.0,684.0,684.0,684.0
1.0,8655.0,2076.0,2053.0,2084.0,2718.0,1740.0,978.0,0.0,684.0,684.0,685.0,693.0,690.0,693.0,2373.0,3132.0,3150.0,1740.0,978.0,0.0,684.0,684.0,685.0
1.0,8663.0,2074.0,2054.0,1879.0,3751.0,2078.0,1673.0,0.0,684.0,685.0,685.0,694.0,690.0,690.0,1680.0,2442.0,4541.0,2078.0,1673.0,0.0,684.0,685.0,685.0
1.0,8468.0,2081.0,2054.0,1605.0,3806.0,1728.0,2078.0,0.0,684.0,685.0,685.0,697.0,693.0,691.0,1342.0,1752.0,5374.0,1728.0,2078.0,0.0,684.0,685.0,685.0
1.0,7992.0,2069.0,2056.0,2718.0,2472.0,683.0,1789.0,0.0,685.0,685.0,686.0,690.0,689.0,690.0,1692.0,1347.0,4953.0,683.0,1789.0,0.0,685.0,685.0,686.0
1.0,8641.0,2060.0,2056.0,3751.0,804.0,0.0,804.0,0.0,685.0,685.0,686.0,686.0,688.0,686.0,2742.0,1636.0,4263.0,0.0,804.0,0.0,685.0,685.0,686.0
1.0,10332.0,2062.0,2056.0,3806.0,540.0,0.0,0.0,540.0,685.0,685.0,686.0,688.0,687.0,687.0,4134.0,2621.0,3577.0,0.0,0.0,540.0,685.0,685.0,686.0
1.0,12076.0,2069.0,2056.0,2472.0,1231.0,0.0,0.0,1231.0,685.0,685.0,686.0,692.0,686.0,691.0,5174.0,4012.0,2890.0,0.0,0.0,1231.0,685.0,685.0,686.0
1.0,12479.0,2074.0,2057.0,804.0,1920.0,0.0,0.0,1920.0,685.0,686.0,686.0,693.0,692.0,689.0,5165.0,5115.0,2199.0,0.0,0.0,1920.0,685.0,686.0,686.0
1.0,11209.0,2086.0,2058.0,540.0,2075.0,0.0,0.0,2075.0,686.0,686.0,686.0,696.0,695.0,695.0,4472.0,5227.0,1510.0,0.0,0.0,2075.0,686.0,686.0,686.0
1.0,9663.0,2086.0,2059.0,1231.0,1893.0,349.0,0.0,1544.0,686.0,686.0,687.0,695.0,696.0,695.0,3776.0,4532.0,1355.0,349.0,0.0,1544.0,686.0,686.0,687.0
1.0,8808.0,2087.0,2060.0,1920.0,1659.0,1046.0,293.0,320.0,686.0,687.0,687.0,697.0,694.0,696.0,3081.0,3836.0,1891.0,1046.0,293.0,320.0,686.0,687.0,687.0
1.0,8641.0,2064.0,2060.0,2075.0,2716.0,1732.0,984.0,0.0,686.0,687.0,687.0,686.0,691.0,687.0,2384.0,3142.0,3115.0,1732.0,984.0,0.0,686.0,687.0,687.0
1.0,8652.0,2063.0,2060.0,1893.0,3741.0,2070.0,1671.0,0.0,686.0,687.0,687.0,687.0,687.0,689.0,1698.0,2451.0,4503.0,2070.0,1671.0,0.0,686.0,687.0,687.0
1.0,8482.0,2073.0,2061.0,1659.0,3792.0,1721.0,2071.0,0.0,687.0,687.0,687.0,692.0,693.0,688.0,1360.0,1764.0,5358.0,1721.0,2071.0,0.0,687.0,687.0,687.0
1.0,8068.0,2078.0,2061.0,2716.0,2463.0,681.0,1782.0,0.0,687.0,687.0,687.0,692.0,695.0,691.0,1714.0,1364.0,4990.0,681.0,1782.0,0.0,687.0,687.0,687.0
1.0,8706.0,2092.0,2062.0,3741.0,813.0,0.0,813.0,0.0,687.0,688.0,687.0,697.0,697.0,698.0,2754.0,1653.0,4299.0,0.0,813.0,0.0,687.0,688.0,687.0
1.0,10355.0,2093.0,2064.0,3792.0,537.0,0.0,0.0,537.0,688.0,688.0,688.0,700.0,695.0,698.0,4127.0,2627.0,3601.0,0.0,0.0,537.0,688.0,688.0,688.0
1.0,12054.0,2080.0,2064.0,2463.0,1232.0,0.0,0.0,1232.0,688.0,688.0,688.0,692.0,693.0,695.0,5148.0,4003.0,2903.0,0.0,0.0,1232.0,688.0,688.0,688.0
1.0,12437.0,2082.0,2064.0,813.0,1929.0,0.0,0.0,1929.0,688.0,688.0,688.0,692.0,693.0,697.0,5137.0,5092.0,2208.0,0.0,0.0,1929.0,688.0,688.0,688.0
1.0,11168.0,2070.0,2064.0,537.0,2087.0,0.0,0.0,2087.0,688.0,688.0,688.0,686.0,689.0,695.0,4445.0,5212.0,1511.0,0.0,0.0,2087.0,688.0,688.0,688.0
1.0,9635.0,2061.0,2064.0,1232.0,1909.0,367.0,0.0,1542.0,688.0,688.0,688.0,686.0,688.0,687.0,3759.0,4523.0,1353.0,367.0,0.0,1542.0,688.0,688.0,688.0
1.0,8806.0,2074.0,2066.0,1929.0,1669.0,1058.0,301.0,310.0,688.0,689.0,689.0,691.0,691.0,692.0,3073.0,3835.0,1898.0,1058.0,301.0,310.0,688.0,689.0,689.0
1.0,8661.0,2093.0,2067.0,2087.0,2760.0,1764.0,996.0,0.0,689.0,689.0,689.0,701.0,695.0,697.0,2382.0,3144.0,3135.0,1764.0,996.0,0.0,689.0,689.0,689.0
1.0,8655.0,2092.0,2067.0,1909.0,3791.0,2096.0,1695.0,0.0,689.0,689.0,689.0,699.0,699.0,694.0,1681.0,2449.0,4525.0,2096.0,1695.0,0.0,689.0,689.0,689.0
1.0,8472.0,2088.0,2067.0,1669.0,3824.0,1733.0,2091.0,0.0,689.0,689.0,689.0,695.0,697.0,696.0,1349.0,1750.0,5373.0,1733.0,2091.0,0.0,689.0,689.0,689.0
1.0,8053.0,2082.0,2069.0,2760.0,2465.0,668.0,1797.0,0.0,690.0,690.0,689.0,694.0,697.0,691.0,1712.0,1354.0,4987.0,668.0,1797.0,0.0,690.0,690.0,689.0
1.0,8731.0,2075.0,2070.0,3791.0,793.0,0.0,793.0,0.0,690.0,690.0,690.0,690.0,691.0,694.0,2782.0,1653.0,4296.0,0.0,793.0,0.0,690.0,690.0,690.0
1.0,10447.0,2078.0,2070.0,3824.0,542.0,0.0,0.0,542.0,690.0,690.0,690.0,692.0,692.0,694.0,4188.0,2657.0,3602.0,0.0,0.0,542.0,690.0,690.0,690.0
1.0,12193.0,2078.0,2070.0,2465.0,1235.0,0.0,0.0,1235.0,690.0,690.0,690.0,693.0,692.0,693.0,5229.0,4056.0,2908.0,0.0,0.0,1235.0,690.0,690.0,690.0
1.0,12580.0,2093.0,2070.0,793.0,1936.0,0.0,0.0,1936.0,690.0,690.0,690.0,696.0,696.0,701.0,5204.0,5161.0,2215.0,0.0,0.0,1936.0,690.0,690.0,690.0
1.0,11280.0,2101.0,2072.0,542.0,2094.0,0.0,0.0,2094.0,691.0,691.0,690.0,702.0,699.0,700.0,4508.0,5258.0,1514.0,0.0,0.0,2094.0,691.0,691.0,690.0
1.0,9721.0,2089.0,2073.0,1235.0,1909.0,347.0,0.0,1562.0,691.0,691.0,691.0,698.0,693.0,698.0,3806.0,4559.0,1356.0,347.0,0.0,1562.0,691.0,691.0,691.0
1.0,8867.0,2086.0,2073.0,1936.0,1648.0,1043.0,285.0,320.0,691.0,691.0,691.0,696.0,696.0,694.0,3108.0,3866.0,1893.0,1043.0,285.0,320.0,691.0,691.0,691.0
1.0,8717.0,2080.0,2073.0,2094.0,2716.0,1735.0,981.0,0.0,691.0,691.0,691.0,692.0,696.0,692.0,2412.0,3170.0,3135.0,1735.0,981.0,0.0,691.0,691.0,691.0
1.0,8731.0,2078.0,2073.0,1909.0,3759.0,2081.0,1678.0,0.0,691.0,691.0,691.0,693.0,697.0,688.0,1720.0,2474.0,4537.0,2081.0,1678.0,0.0,691.0,691.0,691.0
1.0,8562.0,2082.0,2073.0,1648.0,3820.0,1731.0,2089.0,0.0,691.0,691.0,691.0,693.0,696.0,693.0,1374.0,1777.0,5411.0,1731.0,2089.0,0.0,691.0,691.0,691.0
1.0,8128.0,2091.0,2076.0,2716.0,2508.0,698.0,1810.0,0.0,692.0,692.0,692.0,697.0,697.0,697.0,1724.0,1366.0,5038.0,698.0,1810.0,0.0,692.0,692.0,692.0
1.0,8753.0,2098.0,2076.0,3759.0,831.0,0.0,831.0,0.0,692.0,692.0,692.0,698.0,699.0,701.0,2762.0,1650.0,4341.0,0.0,831.0,0.0,692.0,692.0,692.0
1.0,10414.0,2101.0,2076.0,3820.0,519.0,0.0,0.0,519.0,692.0,692.0,692.0,702.0,700.0,699.0,4145.0,2629.0,3640.0,0.0,0.0,519.0,692.0,692.0,692.0
1.0,12133.0,2092.0,2076.0,2508.0,1218.0,0.0,0.0,1218.0,692.0,692.0,692.0,698.0,695.0,699.0,5174.0,4018.0,2941.0,0.0,0.0,1218.0,692.0,692.0,692.0
1.0,12549.0,2081.0,2076.0,831.0,1913.0,0.0,0.0,1913.0,692.0,692.0,692.0,695.0,691.0,695.0,5174.0,5133.0,2242.0,0.0,0.0,1913.0,692.0,692.0,692.0
1.0,11299.0,2085.0,2077.0,519.0,2094.0,0.0,0.0,2094.0,692.0,692.0,693.0,693.0,697.0,695.0,4479.0,5273.0,1547.0,0.0,0.0,2094.0,692.0,692.0,693.0
1.0,9733.0,2094.0,2079.0,1218.0,1950.0,376.0,0.0,1574.0,693.0,693.0,693.0,697.0,699.0,698.0,3786.0,4576.0,1371.0,376.0,0.0,1574.0,693.0,693.0,693.0
1.0,8857.0,2099.0,2079.0,1913.0,1724.0,1073.0,290.0,361.0,693.0,693.0,693.0,697.0,702.0,700.0,3089.0,3877.0,1891.0,1073.0,290.0,361.0,693.0,693.0,693.0
1.0,8671.0,2096.0,2079.0,2094.0,2761.0,1769.0,992.0,0.0,693.0,693.0,693.0,696.0,702.0,698.0,2392.0,3175.0,3104.0,1769.0,992.0,0.0,693.0,693.0,693.0
1.0,8669.0,2105.0,2081.0,1950.0,3794.0,2096.0,1698.0,0.0,693.0,694.0,694.0,703.0,701.0,701.0,1696.0,2473.0,4500.0,2096.0,1698.0,0.0,693.0,694.0,694.0
1.0,8514.0,2091.0,2082.0,1724.0,3831.0,1725.0,2106.0,0.0,694.0,694.0,694.0,697.0,698.0,696.0,1369.0,1772.0,5373.0,1725.0,2106.0,0.0,694.0,694.0,694.0
1.0,8147.0,2089.0,2082.0,2761.0,2463.0,655.0,1808.0,0.0,694.0,694.0,694.0,699.0,694.0,696.0,1745.0,1364.0,5038.0,655.0,1808.0,0.0,694.0,694.0,694.0
1.0,8819.0,2095.0,2082.0,3794.0,806.0,0.0,806.0,0.0,694.0,694.0,694.0,701.0,696.0,698.0,2815.0,1662.0,4342.0,0.0,806.0,0.0,694.0,694.0,694.0
1.0,10518.0,2092.0,2082.0,3831.0,525.0,0.0,0.0,525.0,694.0,694.0,694.0,697.0,696.0,699.0,4210.0,2664.0,3644.0,0.0,0.0,525.0,694.0,694.0,694.0
1.0,12257.0,2109.0,2083.0,2463.0,1231.0,0.0,0.0,1231.0,695.0,694.0,694.0,703.0,700.0,706.0,5238.0,4074.0,2945.0,0.0,0.0,1231.0,695.0,694.0,694.0
1.0,12611.0,2111.0,2085.0,806.0,1941.0,0.0,0.0,1941.0,695.0,695.0,695.0,701.0,705.0,705.0,5190.0,5182.0,2239.0,0.0,0.0,1941.0,695.0,695.0,695.0
1.0,11306.0,2105.0,2085.0,525.0,2117.0,0.0,0.0,2117.0,695.0,695.0,695.0,703.0,701.0,701.0,4489.0,5283.0,1534.0,0.0,0.0,2117.0,695.0,695.0,695.0
1.0,9726.0,2097.0,2085.0,1231.0,1970.0,384.0,0.0,1586.0,695.0,695.0,695.0,695.0,702.0,700.0,3786.0,4582.0,1358.0,384.0,0.0,1586.0,695.0,695.0,695.0
1.0,8860.0,2093.0,2085.0,1941.0,1717.0,1082.0,292.0,343.0,695.0,695.0,695.0,698.0,697.0,698.0,3091.0,3880.0,1889.0,1082.0,292.0,343.0,695.0,695.0,695.0
1.0,8708.0,2088.0,2085.0,2117.0,2769.0,1782.0,987.0,0.0,695.0,695.0,695.0,700.0,695.0,693.0,2393.0,3183.0,3132.0,1782.0,987.0,0.0,695.0,695.0,695.0
1.0,8737.0,2099.0,2087.0,1970.0,3792.0,2105.0,1687.0,0.0,696.0,695.0,696.0,702.0,700.0,697.0,1693.0,2488.0,4556.0,2105.0,1687.0,0.0,696.0,695.0,696.0
1.0,8608.0,2104.0,2088.0,1717.0,3826.0,1725.0,2101.0,0.0,696.0,696.0,696.0,702.0,701.0,701.0,1375.0,1788.0,5445.0,1725.0,2101.0,0.0,696.0,696.0,696.0
1.0,8221.0,2112.0,2088.0,2769.0,2464.0,647.0,1817.0,0.0,696.0,696.0,696.0,704.0,703.0,705.0,1755.0,1379.0,5087.0,647.0,1817.0,0.0,696.0,696.0,696.0
1.0,8878.0,2118.0,2088.0,3792.0,836.0,0.0,836.0,0.0,696.0,696.0,696.0,704.0,706.0,708.0,2833.0,1663.0,4382.0,0.0,836.0,0.0,696.0,696.0,696.0
1.0,10552.0,2107.0,2090.0,3826.0,514.0,0.0,0.0,514.0,696.0,697.0,697.0,700.0,704.0,703.0,4234.0,2644.0,3674.0,0.0,0.0,514.0,696.0,697.0,697.0
1.0,12271.0,2096.0,2090.0,2464.0,1214.0,0.0,0.0,1214.0,696.0,697.0,697.0,699.0,697.0,700.0,5259.0,4041.0,2971.0,0.0,0.0,1214.0,696.0,697.0,697.0
1.0,12639.0,2105.0,2090.0,836.0,1916.0,0.0,0.0,1916.0,696.0,697.0,697.0,700.0,703.0,702.0,5207.0,5161.0,2271.0,0.0,0.0,1916.0,696.0,697.0,697.0
1.0,11370.0,2102.0,2091.0,514.0,2101.0,0.0,0.0,2101.0,697.0,697.0,697.0,703.0,700.0,699.0,4507.0,5294.0,1569.0,0.0,0.0,2101.0,697.0,697.0,697.0
1.0,9782.0,2109.0,2091.0,1214.0,1974.0,385.0,0.0,1589.0,697.0,697.0,697.0,704.0,703.0,702.0,3804.0,4594.0,1384.0,385.0,0.0,1589.0,697.0,697.0,697.0
1.0,8887.0,2117.0,2092.0,1916.0,1774.0,1090.0,299.0,385.0,697.0,697.0,698.0,705.0,705.0,707.0,3100.0,3891.0,1896.0,1090.0,299.0,385.0,697.0,697.0,698.0
1.0,8686.0,2108.0,2094.0,2101.0,2806.0,1796.0,1010.0,0.0,698.0,698.0,698.0,701.0,706.0,701.0,2395.0,3186.0,3105.0,1796.0,1010.0,0.0,698.0,698.0,698.0
1.0,8679.0,2098.0,2094.0,1974.0,3822.0,2114.0,1708.0,0.0,698.0,698.0,698.0,703.0,698.0,697.0,1694.0,2480.0,4505.0,2114.0,1708.0,0.0,698.0,698.0,698.0
1.0,8555.0,2101.0,2094.0,1774.0,3830.0,1722.0,2108.0,0.0,698.0,698.0,698.0,698.0,699.0,704.0,1376.0,1782.0,5397.0,1722.0,2108.0,0.0,698.0,698.0,698.0
1.0,8228.0,2099.0,2094.0,2806.0,2421.0,624.0,1797.0,0.0,698.0,698.0,698.0,698.0,699.0,702.0,1768.0,1382.0,5078.0,624.0,1797.0,0.0,698.0,698.0,698.0
1.0,8935.0,2120.0,2094.0,3822.0,797.0,0.0,797.0,0.0,698.0,698.0,698.0,708.0,708.0,704.0,2866.0,1693.0,4376.0,0.0,797.0,0.0,698.0,698.0,698.0
1.0,10637.0,2129.0,2096.0,3830.0,535.0,0.0,0.0,535.0,698.0,699.0,699.0,707.0,710.0,712.0,4272.0,2693.0,3672.0,0.0,0.0,535.0,698.0,699.0,699.0
1.0,12338.0,2127.0,2097.0,2421.0,1247.0,0.0,0.0,1247.0,699.0,699.0,699.0,707.0,708.0,712.0,5287.0,4091.0,2960.0,0.0,0.0,1247.0,699.0,699.0,699.0
1.0,12632.0,2113.0,2097.0,797.0,1952.0,0.0,0.0,1952.0,699.0,699.0,699.0,703.0,705.0,705.0,5204.0,5180.0,2248.0,0.0,0.0,1952.0,699.0,699.0,699.0
1.0,11316.0,2104.0,2097.0,535.0,2121.0,0.0,0.0,2121.0,699.0,699.0,699.0,700.0,700.0,704.0,4501.0,5272.0,1543.0,0.0,0.0,2121.0,699.0,699.0,699.0
1.0,9747.0,2101.0,2098.0,1247.0,1975.0,396.0,0.0,1579.0,699.0,699.0,700.0,702.0,699.0,700.0,3801.0,4572.0,1374.0,396.0,0.0,1579.0,699.0,699.0,700.0
1.0,8893.0,2098.0,2098.0,1952.0,1743.0,1098.0,321.0,324.0,699.0,699.0,700.0,702.0,699.0,697.0,3099.0,3873.0,1921.0,1098.0,321.0,324.0,699.0,699.0,700.0
1.0,8747.0,2117.0,2100.0,2121.0,2844.0,1811.0,1033.0,0.0,700.0,700.0,700.0,708.0,707.0,702.0,2397.0,3174.0,3176.0,1811.0,1033.0,0.0,700.0,700.0,700.0
1.0,8751.0,2125.0,2100.0,1975.0,3866.0,2125.0,1741.0,0.0,700.0,700.0,700.0,710.0,708.0,707.0,1689.0,2467.0,4595.0,2125.0,1741.0,0.0,700.0,700.0,700.0
1.0,8601.0,2124.0,2100.0,1743.0,3864.0,1735.0,2129.0,0.0,700.0,700.0,700.0,708.0,709.0,707.0,1375.0,1759.0,5467.0,1735.0,2129.0,0.0,700.0,700.0,700.0
1.0,8220.0,2119.0,2100.0,2844.0,2432.0,628.0,1804.0,0.0,700.0,700.0,700.0,704.0,708.0,707.0,1765.0,1371.0,5084.0,628.0,1804.0,0.0,700.0,700.0,700.0
1.0,8945.0,2122.0,2103.0,3866.0,774.0,0.0,774.0,0.0,701.0,701.0,701.0,705.0,706.0,711.0,2872.0,1696.0,4377.0,0.0,774.0,0.0,701.0,701.0,701.0
1.0,10689.0,2097.0,2103.0,3864.0,539.0,0.0,0.0,539.0,701.0,701.0,701.0,698.0,699.0,700.0,4292.0,2731.0,3666.0,0.0,0.0,539.0,701.0,701.0,701.0
1.0,12456.0,2103.0,2103.0,2432.0,1239.0,0.0,0.0,1239.0,701.0,701.0,701.0,699.0,704.0,700.0,5329.0,4161.0,2966.0,0.0,0.0,1239.0,701.0,701.0,701.0
1.0,12785.0,2115.0,2103.0,774.0,1945.0,0.0,0.0,1945.0,701.0,701.0,701.0,706.0,703.0,706.0,5258.0,5261.0,2266.0,0.0,0.0,1945.0,701.0,701.0,701.0
1.0,11444.0,2130.0,2103.0,539.0,2117.0,0.0,0.0,2117.0,701.0,701.0,701.0,711.0,708.0,711.0,4552.0,5332.0,1560.0,0.0,0.0,2117.0,701.0,701.0,701.0
1.0,9853.0,2131.0,2104.0,1239.0,1970.0,376.0,0.0,1594.0,701.0,701.0,702.0,712.0,708.0,711.0,3841.0,4624.0,1388.0,376.0,0.0,1594.0,701.0,701.0,702.0
1.0,8961.0,2120.0,2106.0,1945.0,1744.0,1089.0,300.0,355.0,702.0,702.0,702.0,708.0,706.0,706.0,3129.0,3916.0,1916.0,1089.0,300.0,355.0,702.0,702.0,702.0
1.0,8786.0,2114.0,2106.0,2117.0,2802.0,1796.0,1006.0,0.0,702.0,702.0,702.0,707.0,706.0,701.0,2421.0,3210.0,3155.0,1796.0,1006.0,0.0,702.0,702.0,702.0
1.0,8789.0,2105.0,2106.0,1970.0,3830.0,2121.0,1709.0,0.0,702.0,702.0,702.0,701.0,703.0,701.0,1714.0,2504.0,4571.0,2121.0,1709.0,0.0,702.0,702.0,702.0
1.0,8654.0,2115.0,2106.0,1744.0,3848.0,1736.0,2112.0,0.0,702.0,702.0,702.0,704.0,703.0,708.0,1389.0,1801.0,5464.0,1736.0,2112.0,0.0,702.0,702.0,702.0
1.0,8283.0,2124.0,2106.0,2802.0,2462.0,649.0,1813.0,0.0,702.0,702.0,702.0,709.0,707.0,708.0,1774.0,1398.0,5111.0,649.0,1813.0,0.0,702.0,702.0,702.0
1.0,8961.0,2140.0,2109.0,3830.0,819.0,0.0,819.0,0.0,703.0,703.0,703.0,716.0,710.0,714.0,2861.0,1697.0,4403.0,0.0,819.0,0.0,703.0,703.0,703.0
1.0,10651.0,2134.0,2109.0,3848.0,537.0,0.0,0.0,537.0,703.0,703.0,703.0,714.0,709.0,711.0,4266.0,2696.0,3689.0,0.0,0.0,537.0,703.0,703.0,703.0
1.0,12365.0,2134.0,2109.0,2462.0,1248.0,0.0,0.0,1248.0,703.0,703.0,703.0,713.0,710.0,711.0,5288.0,4099.0,2978.0,0.0,0.0,1248.0,703.0,703.0,703.0
1.0,12693.0,2119.0,2110.0,819.0,1953.0,0.0,0.0,1953.0,704.0,703.0,703.0,707.0,707.0,705.0,5224.0,5202.0,2267.0,0.0,0.0,1953.0,704.0,703.0,703.0
1.0,11393.0,2112.0,2111.0,537.0,2125.0,0.0,0.0,2125.0,704.0,703.0,704.0,705.0,703.0,704.0,4517.0,5314.0,1562.0,0.0,0.0,2125.0,704.0,703.0,704.0
1.0,9818.0,2115.0,2111.0,1248.0,1991.0,411.0,0.0,1580.0,704.0,703.0,704.0,703.0,709.0,703.0,3812.0,4611.0,1395.0,411.0,0.0,1580.0,704.0,703.0,704.0
1.0,8951.0,2126.0,2112.0,1953.0,1782.0,1117.0,332.0,333.0,704.0,704.0,704.0,706.0,714.0,706.0,3109.0,3902.0,1940.0,1117.0,332.0,333.0,704.0,704.0,704.0
1.0,8778.0,2144.0,2112.0,2125.0,2878.0,1833.0,1045.0,0.0,704.0,704.0,704.0,716.0,713.0,715.0,2403.0,3188.0,3187.0,1833.0,1045.0,0.0,704.0,704.0,704.0
1.0,8759.0,2148.0,2112.0,1991.0,3901.0,2137.0,1764.0,0.0,704.0,704.0,704.0,715.0,719.0,714.0,1687.0,2475.0,4597.0,2137.0,1764.0,0.0,704.0,704.0,704.0
1.0,8602.0,2130.0,2115.0,1782.0,3885.0,1738.0,2147.0,0.0,705.0,705.0,705.0,713.0,710.0,707.0,1383.0,1756.0,5463.0,1738.0,2147.0,0.0,705.0,705.0,705.0
1.0,8254.0,2125.0,2115.0,2878.0,2426.0,616.0,1810.0,0.0,705.0,705.0,705.0,711.0,708.0,706.0,1787.0,1378.0,5089.0,616.0,1810.0,0.0,705.0,705.0,705.0
1.0,9007.0,2115.0,2115.0,3901.0,749.0,0.0,749.0,0.0,705.0,705.0,705.0,703.0,703.0,709.0,2909.0,1715.0,4383.0,0.0,749.0,0.0,705.0,705.0,705.0
1.0,10793.0,2126.0,2115.0,3885.0,562.0,0.0,0.0,562.0,705.0,705.0,705.0,706.0,709.0,711.0,4343.0,2776.0,3674.0,0.0,0.0,562.0,705.0,705.0,705.0
1.0,12552.0,2135.0,2115.0,2426.0,1274.0,0.0,0.0,1274.0,705.0,705.0,705.0,710.0,713.0,712.0,5375.0,4214.0,2963.0,0.0,0.0,1274.0,705.0,705.0,705.0
1.0,12843.0,2138.0,2116.0,749.0,1985.0,0.0,0.0,1985.0,706.0,705.0,705.0,715.0,712.0,711.0,5281.0,5311.0,2251.0,0.0,0.0,1985.0,706.0,705.0,705.0
1.0,11454.0,2140.0,2118.0,562.0,2140.0,0.0,0.0,2140.0,706.0,706.0,706.0,716.0,712.0,712.0,4566.0,5348.0,1540.0,0.0,0.0,2140.0,706.0,706.0,706.0
1.0,9876.0,2138.0,2118.0,1274.0,1968.0,392.0,0.0,1576.0,706.0,706.0,706.0,712.0,716.0,710.0,3850.0,4636.0,1390.0,392.0,0.0,1576.0,706.0,706.0,706.0
1.0,9012.0,2128.0,2118.0,1985.0,1721.0,1105.0,318.0,298.0,706.0,706.0,706.0,713.0,708.0,707.0,3138.0,3920.0,1954.0,1105.0,318.0,298.0,706.0,706.0,706.0
1.0,8869.0,2122.0,2118.0,2140.0,2835.0,1811.0,1024.0,0.0,706.0,706.0,706.0,706.0,706.0,710.0,2425.0,3212.0,3232.0,1811.0,1024.0,0.0,706.0,706.0,706.0
1.0,8887.0,2125.0,2118.0,1968.0,3856.0,2125.0,1731.0,0.0,706.0,706.0,706.0,706.0,707.0,712.0,1719.0,2506.0,4662.0,2125.0,1731.0,0.0,706.0,706.0,706.0
1.0,8730.0,2136.0,2120.0,1721.0,3858.0,1733.0,2125.0,0.0,707.0,706.0,707.0,708.0,712.0,716.0,1405.0,1799.0,5526.0,1733.0,2125.0,0.0,707.0,706.0,707.0
1.0,8315.0,2149.0,2121.0,2835.0,2459.0,638.0,1821.0,0.0,707.0,707.0,707.0,716.0,715.0,718.0,1802.0,1405.0,5108.0,638.0,1821.0,0.0,707.0,707.0,707.0
1.0,9001.0,2146.0,2121.0,3856.0,805.0,0.0,805.0,0.0,707.0,707.0,707.0,714.0,715.0,717.0,2897.0,1714.0,4390.0,0.0,805.0,0.0,707.0,707.0,707.0
1.0,10711.0,2147.0,2121.0,3858.0,577.0,0.0,0.0,577.0,707.0,707.0,707.0,715.0,717.0,715.0,4308.0,2730.0,3673.0,0.0,0.0,577.0,707.0,707.0,707.0
1.0,12422.0,2138.0,2124.0,2459.0,1293.0,0.0,0.0,1293.0,708.0,708.0,708.0,713.0,714.0,711.0,5326.0,4138.0,2958.0,0.0,0.0,1293.0,708.0,708.0,708.0
1.0,12743.0,2127.0,2124.0,805.0,1998.0,0.0,0.0,1998.0,708.0,708.0,708.0,712.0,710.0,705.0,5251.0,5245.0,2247.0,0.0,0.0,1998.0,708.0,708.0,708.0
1.0,11421.0,2130.0,2124.0,577.0,2129.0,0.0,0.0,2129.0,708.0,708.0,708.0,711.0,711.0,708.0,4539.0,5340.0,1542.0,0.0,0.0,2129.0,708.0,708.0,708.0
1.0,9868.0,2137.0,2124.0,1293.0,1974.0,424.0,0.0,1550.0,708.0,708.0,708.0,712.0,711.0,714.0,3828.0,4629.0,1411.0,424.0,0.0,1550.0,708.0,708.0,708.0
1.0,9024.0,2142.0,2124.0,1998.0,1740.0,1140.0,333.0,267.0,708.0,708.0,708.0,716.0,711.0,715.0,3116.0,3918.0,1990.0,1140.0,333.0,267.0,708.0,708.0,708.0
1.0,8880.0,2150.0,2126.0,2129.0,2908.0,1862.0,1046.0,0.0,709.0,708.0,709.0,717.0,713.0,720.0,2400.0,3207.0,3273.0,1862.0,1046.0,0.0,709.0,708.0,709.0
1.0,8859.0,2146.0,2127.0,1974.0,3919.0,2152.0,1767.0,0.0,709.0,709.0,709.0,714.0,716.0,716.0,1683.0,2494.0,4682.0,2152.0,1767.0,0.0,709.0,709.0,709.0
1.0,8687.0,2135.0,2127.0,1740.0,3869.0,1723.0,2146.0,0.0,709.0,709.0,709.0,711.0,712.0,712.0,1393.0,1778.0,5516.0,1723.0,2146.0,0.0,709.0,709.0,709.0
1.0,8292.0,2143.0,2127.0,2908.0,2385.0,572.0,1813.0,0.0,709.0,709.0,709.0,711.0,713.0,719.0,1822.0,1399.0,5071.0,572.0,1813.0,0.0,709.0,709.0,709.0
1.0,9057.0,2144.0,2127.0,3919.0,761.0,0.0,761.0,0.0,709.0,709.0,709.0,713.0,715.0,716.0,2973.0,1732.0,4352.0,0.0,761.0,0.0,709.0,709.0,709.0
1.0,10832.0,2146.0,2128.0,3869.0,621.0,0.0,0.0,621.0,710.0,709.0,709.0,716.0,718.0,712.0,4412.0,2784.0,3636.0,0.0,0.0,621.0,710.0,709.0,709.0
1.0,12555.0,2150.0,2130.0,2385.0,1346.0,0.0,0.0,1346.0,710.0,710.0,710.0,713.0,717.0,720.0,5419.0,4212.0,2924.0,0.0,0.0,1346.0,710.0,710.0,710.0
1.0,12790.0,2156.0,2130.0,761.0,2065.0,0.0,0.0,2065.0,710.0,710.0,710.0,717.0,720.0,719.0,5278.0,5308.0,2204.0,0.0,0.0,2065.0,710.0,710.0,710.0
1.0,11395.0,2143.0,2130.0,621.0,2158.0,0.0,0.0,2158.0,710.0,710.0,710.0,715.0,714.0,714.0,4561.0,5349.0,1485.0,0.0,0.0,2158.0,710.0,710.0,710.0
1.0,9873.0,2140.0,2130.0,1346.0,1942.0,419.0,0.0,1523.0,710.0,710.0,710.0,715.0,714.0,711.0,3846.0,4635.0,1392.0,419.0,0.0,1523.0,710.0,710.0,710.0
1.0,9079.0,2142.0,2131.0,2065.0,1653.0,1133.0,341.0,179.0,710.0,710.0,711.0,714.0,712.0,716.0,3131.0,3921.0,2027.0,1133.0,341.0,179.0,710.0,710.0,711.0
1.0,9002.0,2140.0,2132.0,2158.0,2907.0,1853.0,1054.0,0.0,711.0,710.0,711.0,715.0,713.0,712.0,2417.0,3209.0,3376.0,1853.0,1054.0,0.0,711.0,710.0,711.0
1.0,9020.0,2153.0,2133.0,1942.0,3930.0,2150.0,1780.0,0.0,711.0,711.0,711.0,716.0,721.0,716.0,1702.0,2496.0,4822.0,2150.0,1780.0,0.0,711.0,711.0,711.0
1.0,8809.0,2161.0,2133.0,1653.0,3896.0,1737.0,2159.0,0.0,711.0,711.0,711.0,720.0,720.0,721.0,1405.0,1775.0,5629.0,1737.0,2159.0,0.0,711.0,711.0,711.0
1.0,8301.0,2166.0,2136.0,2907.0,2442.0,610.0,1832.0,0.0,712.0,712.0,712.0,721.0,722.0,723.0,1818.0,1396.0,5087.0,610.0,1832.0,0.0,712.0,712.0,712.0
1.0,9042.0,2158.0,2136.0,3930.0,770.0,0.0,770.0,0.0,712.0,712.0,712.0,721.0,718.0,719.0,2950.0,1728.0,4364.0,0.0,770.0,0.0,712.0,712.0,712.0
1.0,10814.0,2145.0,2136.0,3896.0,628.0,0.0,0.0,628.0,712.0,712.0,712.0,715.0,717.0,713.0,4379.0,2790.0,3645.0,0.0,0.0,628.0,712.0,712.0,712.0
1.0,12565.0,2138.0,2136.0,2442.0,1339.0,0.0,0.0,1339.0,712.0,712.0,712.0,717.0,710.0,711.0,5401.0,4232.0,2932.0,0.0,0.0,1339.0,712.0,712.0,712.0
1.0,12869.0,2141.0,2136.0,770.0,2053.0,0.0,0.0,2053.0,712.0,712.0,712.0,718.0,709.0,714.0,5294.0,5354.0,2221.0,0.0,0.0,2053.0,712.0,712.0,712.0
1.0,11498.0,2157.0,2137.0,628.0,2143.0,0.0,0.0,2143.0,713.0,712.0,712.0,721.0,718.0,718.0,4576.0,5415.0,1507.0,0.0,0.0,2143.0,713.0,712.0,712.0
1.0,9969.0,2162.0,2139.0,1339.0,1961.0,430.0,0.0,1531.0,713.0,713.0,713.0,720.0,720.0,722.0,3855.0,4697.0,1417.0,430.0,0.0,1531.0,713.0,713.0,713.0
1.0,9146.0,2162.0,2139.0,2053.0,1658.0,1147.0,311.0,200.0,713.0,713.0,713.0,717.0,723.0,722.0,3135.0,3977.0,2034.0,1147.0,311.0,200.0,713.0,713.0,713.0
1.0,9037.0,2158.0,2139.0,2143.0,2895.0,1864.0,1031.0,0.0,713.0,713.0,713.0,717.0,720.0,721.0,2418.0,3254.0,3365.0,1864.0,1031.0,0.0,713.0,713.0,713.0
1.0,9022.0,2144.0,2139.0,1961.0,3894.0,2148.0,1746.0,0.0,713.0,713.0,713.0,714.0,715.0,715.0,1701.0,2534.0,4787.0,2148.0,1746.0,0.0,713.0,713.0,713.0
1.0,8839.0,2143.0,2139.0,1658.0,3864.0,1716.0,2148.0,0.0,713.0,713.0,713.0,715.0,713.0,715.0,1417.0,1819.0,5603.0,1716.0,2148.0,0.0,713.0,713.0,713.0
1.0,8354.0,2150.0,2141.0,2895.0,2408.0,568.0,1840.0,0.0,713.0,714.0,714.0,716.0,718.0,716.0,1849.0,1417.0,5088.0,568.0,1840.0,0.0,713.0,714.0,714.0
1.0,9099.0,2155.0,2142.0,3894.0,813.0,0.0,813.0,0.0,714.0,714.0,714.0,718.0,719.0,718.0,2997.0,1730.0,4372.0,0.0,813.0,0.0,714.0,714.0,714.0
1.0,10838.0,2159.0,2142.0,3864.0,635.0,0.0,0.0,635.0,714.0,714.0,714.0,722.0,718.0,719.0,4427.0,2757.0,3654.0,0.0,0.0,635.0,714.0,714.0,714.0
1.0,12543.0,2169.0,2142.0,2408.0,1357.0,0.0,0.0,1357.0,714.0,714.0,714.0,724.0,723.0,722.0,5421.0,4187.0,2935.0,0.0,0.0,1357.0,714.0,714.0,714.0
1.0,12782.0,2159.0,2144.0,813.0,2084.0,0.0,0.0,2084.0,715.0,714.0,715.0,718.0,719.0,722.0,5265.0,5304.0,2213.0,0.0,0.0,2084.0,715.0,714.0,715.0
1.0,11436.0,2153.0,2145.0,635.0,2164.0,0.0,0.0,2164.0,715.0,715.0,715.0,717.0,721.0,715.0,4547.0,5398.0,1491.0,0.0,0.0,2164.0,715.0,715.0,715.0
1.0,9918.0,2151.0,2145.0,1357.0,1985.0,463.0,0.0,1522.0,715.0,715.0,715.0,718.0,718.0,715.0,3830.0,4677.0,1411.0,463.0,0.0,1522.0,715.0,715.0,715.0
1.0,9124.0,2155.0,2145.0,2084.0,1672.0,1181.0,336.0,155.0,715.0,715.0,715.0,718.0,720.0,717.0,3112.0,3959.0,2053.0,1181.0,336.0,155.0,715.0,715.0,715.0
1.0,9053.0,2172.0,2145.0,2164.0,2963.0,1905.0,1058.0,0.0,715.0,715.0,715.0,724.0,722.0,726.0,2394.0,3239.0,3420.0,1905.0,1058.0,0.0,715.0,715.0,715.0
1.0,9045.0,2169.0,2146.0,1985.0,3942.0,2165.0,1777.0,0.0,715.0,715.0,716.0,723.0,719.0,727.0,1670.0,2517.0,4858.0,2165.0,1777.0,0.0,715.0,715.0,716.0
1.0,8861.0,2168.0,2148.0,1672.0,3878.0,1710.0,2168.0,0.0,716.0,716.0,716.0,721.0,722.0,725.0,1410.0,1798.0,5653.0,1710.0,2168.0,0.0,716.0,716.0,716.0
1.0,8365.0,2164.0,2148.0,2963.0,2359.0,528.0,1831.0,0.0,716.0,716.0,716.0,723.0,721.0,720.0,1870.0,1412.0,5083.0,528.0,1831.0,0.0,716.0,716.0,716.0
1.0,9164.0,2144.0,2148.0,3942.0,771.0,0.0,771.0,0.0,716.0,716.0,716.0,713.0,717.0,714.0,3052.0,1749.0,4363.0,0.0,771.0,0.0,716.0,716.0,716.0
1.0,10962.0,2150.0,2148.0,3878.0,649.0,0.0,0.0,649.0,716.0,716.0,716.0,714.0,718.0,718.0,4504.0,2809.0,3649.0,0.0,0.0,649.0,716.0,716.0,716.0
1.0,12690.0,2156.0,2148.0,2359.0,1367.0,0.0,0.0,1367.0,716.0,716.0,716.0,717.0,721.0,718.0,5500.0,4259.0,2931.0,0.0,0.0,1367.0,716.0,716.0,716.0
1.0,12893.0,2163.0,2149.0,771.0,2092.0,0.0,0.0,2092.0,716.0,716.0,717.0,721.0,722.0,720.0,5311.0,5369.0,2213.0,0.0,0.0,2092.0,716.0,716.0,717.0
1.0,11501.0,2173.0,2150.0,649.0,2168.0,0.0,0.0,2168.0,716.0,717.0,717.0,723.0,725.0,725.0,4590.0,5418.0,1493.0,0.0,0.0,2168.0,716.0,717.0,717.0
1.0,9977.0,2179.0,2151.0,1367.0,1972.0,443.0,0.0,1529.0,717.0,717.0,717.0,725.0,726.0,728.0,3867.0,4693.0,1417.0,443.0,0.0,1529.0,717.0,717.0,717.0
1.0,9165.0,2174.0,2151.0,2092.0,1672.0,1168.0,343.0,161.0,717.0,717.0,717.0,725.0,725.0,724.0,3142.0,3967.0,2056.0,1168.0,343.0,161.0,717.0,717.0,717.0
1.0,9083.0,2166.0,2152.0,2168.0,2954.0,1891.0,1063.0,0.0,717.0,717.0,718.0,723.0,720.0,723.0,2417.0,3242.0,3424.0,1891.0,1063.0,0.0,717.0,717.0,718.0
1.0,9085.0,2157.0,2152.0,1972.0,3945.0,2165.0,1780.0,0.0,717.0,717.0,718.0,717.0,717.0,723.0,1694.0,2522.0,4869.0,2165.0,1780.0,0.0,717.0,717.0,718.0
1.0,8900.0,2165.0,2153.0,1672.0,3880.0,1718.0,2162.0,0.0,717.0,718.0,718.0,721.0,720.0,724.0,1420.0,1805.0,5675.0,1718.0,2162.0,0.0,717.0,718.0,718.0
1.0,8407.0,2174.0,2154.0,2954.0,2380.0,554.0,1826.0,0.0,718.0,718.0,718.0,722.0,727.0,725.0,1867.0,1428.0,5112.0,554.0,1826.0,0.0,718.0,718.0,718.0
1.0,9187.0,2181.0,2154.0,3945.0,775.0,0.0,775.0,0.0,718.0,718.0,718.0,728.0,729.0,724.0,3036.0,1764.0,4387.0,0.0,775.0,0.0,718.0,718.0,718.0
1.0,10951.0,2173.0,2155.0,3880.0,652.0,0.0,0.0,652.0,718.0,718.0,719.0,726.0,727.0,720.0,4473.0,2815.0,3663.0,0.0,0.0,652.0,718.0,718.0,719.0
1.0,12658.0,2179.0,2157.0,2380.0,1372.0,0.0,0.0,1372.0,719.0,719.0,719.0,729.0,730.0,720.0,5465.0,4250.0,2943.0,0.0,0.0,1372.0,719.0,719.0,719.0
1.0,12859.0,2161.0,2157.0,775.0,2090.0,0.0,0.0,2090.0,719.0,719.0,719.0,721.0,722.0,718.0,5290.0,5346.0,2223.0,0.0,0.0,2090.0,719.0,719.0,719.0
1.0,11473.0,2163.0,2157.0,652.0,2161.0,0.0,0.0,2161.0,719.0,719.0,719.0,720.0,720.0,723.0,4569.0,5399.0,1505.0,0.0,0.0,2161.0,719.0,719.0,719.0
1.0,9962.0,2162.0,2157.0,1372.0,1979.0,464.0,0.0,1515.0,719.0,719.0,719.0,718.0,718.0,726.0,3849.0,4679.0,1434.0,464.0,0.0,1515.0,719.0,719.0,719.0
1.0,9172.0,2176.0,2158.0,2090.0,1704.0,1187.0,357.0,160.0,719.0,719.0,720.0,723.0,723.0,730.0,3131.0,3961.0,2080.0,1187.0,357.0,160.0,719.0,719.0,720.0
1.0,9086.0,2187.0,2159.0,2161.0,3008.0,1919.0,1089.0,0.0,719.0,720.0,720.0,732.0,727.0,728.0,2408.0,3238.0,3440.0,1919.0,1089.0,0.0,719.0,720.0,720.0
1.0,9060.0,2193.0,2160.0,1979.0,4010.0,2195.0,1815.0,0.0,720.0,720.0,720.0,735.0,726.0,732.0,1676.0,2511.0,4873.0,2195.0,1815.0,0.0,720.0,720.0,720.0
1.0,8846.0,2184.0,2160.0,1704.0,3924.0,1736.0,2188.0,0.0,720.0,720.0,720.0,728.0,730.0,726.0,1405.0,1785.0,5656.0,1736.0,2188.0,0.0,720.0,720.0,720.0
1.0,8366.0,2183.0,2160.0,3008.0,2375.0,547.0,1828.0,0.0,720.0,720.0,720.0,730.0,729.0,724.0,1864.0,1412.0,5090.0,547.0,1828.0,0.0,720.0,720.0,720.0
1.0,9191.0,2162.0,2160.0,4010.0,737.0,0.0,737.0,0.0,720.0,720.0,720.0,720.0,724.0,718.0,3053.0,1772.0,4366.0,0.0,737.0,0.0,720.0,720.0,720.0
1.0,11039.0,2178.0,2162.0,3924.0,675.0,0.0,0.0,675.0,721.0,721.0,720.0,729.0,726.0,723.0,4528.0,2863.0,3648.0,0.0,0.0,675.0,721.0,721.0,720.0
1.0,12785.0,2176.0,2163.0,2375.0,1406.0,0.0,0.0,1406.0,721.0,721.0,721.0,724.0,726.0,726.0,5535.0,4325.0,2925.0,0.0,0.0,1406.0,721.0,721.0,721.0
1.0,12984.0,2183.0,2163.0,737.0,2132.0,0.0,0.0,2132.0,721.0,721.0,721.0,729.0,728.0,726.0,5358.0,5427.0,2199.0,0.0,0.0,2132.0,721.0,721.0,721.0
1.0,11538.0,2190.0,2164.0,675.0,2187.0,0.0,0.0,2187.0,722.0,721.0,721.0,733.0,727.0,730.0,4629.0,5436.0,1473.0,0.0,0.0,2187.0,722.0,721.0,721.0
1.0,10023.0,2188.0,2166.0,1406.0,1961.0,445.0,0.0,1516.0,722.0,722.0,722.0,731.0,727.0,730.0,3896.0,4709.0,1418.0,445.0,0.0,1516.0,722.0,722.0,722.0
1.0,9241.0,2178.0,2166.0,2132.0,1635.0,1168.0,356.0,111.0,722.0,722.0,722.0,723.0,728.0,727.0,3165.0,3982.0,2094.0,1168.0,356.0,111.0,722.0,722.0,722.0
1.0,9195.0,2172.0,2166.0,2187.0,2970.0,1891.0,1079.0,0.0,722.0,722.0,722.0,723.0,723.0,726.0,2442.0,3254.0,3499.0,1891.0,1079.0,0.0,722.0,722.0,722.0
1.0,9210.0,2171.0,2166.0,1961.0,3969.0,2167.0,1802.0,0.0,722.0,722.0,722.0,721.0,723.0,727.0,1719.0,2531.0,4960.0,2167.0,1802.0,0.0,722.0,722.0,722.0
1.0,9000.0,2186.0,2166.0,1635.0,3905.0,1727.0,2178.0,0.0,722.0,722.0,722.0,728.0,732.0,726.0,1443.0,1808.0,5749.0,1727.0,2178.0,0.0,722.0,722.0,722.0
1.0,8449.0,2195.0,2168.0,2970.0,2405.0,565.0,1840.0,0.0,722.0,723.0,723.0,729.0,736.0,730.0,1883.0,1432.0,5134.0,565.0,1840.0,0.0,722.0,723.0,723.0
1.0,9224.0,2194.0,2169.0,3969.0,770.0,0.0,770.0,0.0,723.0,723.0,723.0,731.0,732.0,731.0,3045.0,1775.0,4404.0,0.0,770.0,0.0,723.0,723.0,723.0
1.0,10999.0,2187.0,2169.0,3905.0,670.0,0.0,0.0,670.0,723.0,723.0,723.0,731.0,728.0,728.0,4481.0,2845.0,3673.0,0.0,0.0,670.0,723.0,723.0,723.0
1.0,12717.0,2169.0,2169.0,2405.0,1392.0,0.0,0.0,1392.0,723.0,723.0,723.0,726.0,721.0,722.0,5477.0,4295.0,2945.0,0.0,0.0,1392.0,723.0,723.0,723.0
1.0,12953.0,2173.0,2169.0,770.0,2118.0,0.0,0.0,2118.0,723.0,723.0,723.0,725.0,722.0,726.0,5316.0,5414.0,2223.0,0.0,0.0,2118.0,723.0,723.0,723.0
1.0,11550.0,2185.0,2169.0,670.0,2178.0,0.0,0.0,2178.0,723.0,723.0,723.0,727.0,728.0,730.0,4591.0,5462.0,1497.0,0.0,0.0,2178.0,723.0,723.0,723.0
1.0,10035.0,2186.0,2172.0,1392.0,2008.0,485.0,0.0,1523.0,724.0,724.0,724.0,729.0,725.0,732.0,3864.0,4734.0,1437.0,485.0,0.0,1523.0,724.0,724.0,724.0
1.0,9241.0,2199.0,2172.0,2118.0,1700.0,1214.0,345.0,141.0,724.0,724.0,724.0,729.0,734.0,736.0,3135.0,4009.0,2097.0,1214.0,345.0,141.0,724.0,724.0,724.0
1.0,9160.0,2195.0,2172.0,2178.0,3022.0,1942.0,1080.0,0.0,724.0,724.0,724.0,728.0,735.0,732.0,2406.0,3275.0,3479.0,1942.0,1080.0,0.0,724.0,724.0,724.0
1.0,9143.0,2193.0,2174.0,2008.0,4003.0,2188.0,1815.0,0.0,724.0,725.0,725.0,731.0,730.0,732.0,1678.0,2540.0,4925.0,2188.0,1815.0,0.0,724.0,725.0,725.0
1.0,8958.0,2186.0,2175.0,1700.0,3909.0,1710.0,2199.0,0.0,725.0,725.0,725.0,731.0,729.0,726.0,1432.0,1810.0,5716.0,1710.0,2199.0,0.0,725.0,725.0,725.0
1.0,8472.0,2178.0,2175.0,3022.0,2341.0,496.0,1845.0,0.0,725.0,725.0,725.0,728.0,726.0,724.0,1915.0,1426.0,5131.0,496.0,1845.0,0.0,725.0,725.0,725.0
1.0,9316.0,2177.0,2175.0,4003.0,754.0,0.0,754.0,0.0,725.0,725.0,725.0,728.0,724.0,725.0,3129.0,1780.0,4407.0,0.0,754.0,0.0,725.0,725.0,725.0
1.0,11142.0,2184.0,2175.0,3909.0,671.0,0.0,0.0,671.0,725.0,725.0,725.0,728.0,728.0,728.0,4589.0,2871.0,3682.0,0.0,0.0,671.0,725.0,725.0,725.0
1.0,12867.0,2197.0,2175.0,2341.0,1401.0,0.0,0.0,1401.0,725.0,725.0,725.0,734.0,733.0,730.0,5571.0,4342.0,2954.0,0.0,0.0,1401.0,725.0,725.0,725.0
1.0,13011.0,2198.0,2178.0,754.0,2144.0,0.0,0.0,2144.0,726.0,726.0,726.0,729.0,731.0,738.0,5333.0,5454.0,2224.0,0.0,0.0,2144.0,726.0,726.0,726.0
1.0,11567.0,2197.0,2178.0,671.0,2206.0,0.0,0.0,2206.0,726.0,726.0,726.0,732.0,732.0,733.0,4604.0,5477.0,1486.0,0.0,0.0,2206.0,726.0,726.0,726.0
1.0,10041.0,2197.0,2178.0,1401.0,2029.0,491.0,0.0,1538.0,726.0,726.0,726.0,733.0,731.0,733.0,3872.0,4745.0,1424.0,491.0,0.0,1538.0,726.0,726.0,726.0
1.0,9245.0,2188.0,2178.0,2144.0,1689.0,1218.0,347.0,124.0,726.0,726.0,726.0,727.0,731.0,730.0,3139.0,4014.0,2092.0,1218.0,347.0,124.0,726.0,726.0,726.0
1.0,9201.0,2191.0,2178.0,2206.0,3027.0,1950.0,1077.0,0.0,726.0,726.0,726.0,732.0,730.0,729.0,2412.0,3283.0,3506.0,1950.0,1077.0,0.0,726.0,726.0,726.0
1.0,9216.0,2200.0,2181.0,2029.0,4012.0,2200.0,1812.0,0.0,727.0,727.0,727.0,736.0,730.0,734.0,1680.0,2553.0,4983.0,2200.0,1812.0,0.0,727.0,727.0,727.0
1.0,9045.0,2213.0,2181.0,1689.0,3925.0,1720.0,2205.0,0.0,727.0,727.0,727.0,738.0,740.0,735.0,1435.0,1823.0,5787.0,1720.0,2205.0,0.0,727.0,727.0,727.0
1.0,8521.0,2201.0,2181.0,3027.0,2366.0,506.0,1860.0,0.0,727.0,727.0,727.0,736.0,732.0,733.0,1915.0,1430.0,5176.0,506.0,1860.0,0.0,727.0,727.0,727.0
1.0,9347.0,2193.0,2182.0,4012.0,778.0,0.0,778.0,0.0,728.0,727.0,727.0,734.0,730.0,729.0,3129.0,1775.0,4443.0,0.0,778.0,0.0,728.0,727.0,727.0
1.0,11166.0,2193.0,2183.0,3925.0,654.0,0.0,0.0,654.0,728.0,727.0,728.0,736.0,729.0,728.0,4595.0,2857.0,3714.0,0.0,0.0,654.0,728.0,727.0,728.0
1.0,12898.0,2192.0,2184.0,2366.0,1384.0,0.0,0.0,1384.0,728.0,728.0,728.0,728.0,734.0,730.0,5579.0,4333.0,2986.0,0.0,0.0,1384.0,728.0,728.0,728.0
1.0,13072.0,2189.0,2184.0,778.0,2113.0,0.0,0.0,2113.0,728.0,728.0,728.0,733.0,727.0,729.0,5357.0,5459.0,2256.0,0.0,0.0,2113.0,728.0,728.0,728.0
1.0,11661.0,2199.0,2184.0,654.0,2190.0,0.0,0.0,2190.0,728.0,728.0,728.0,733.0,735.0,731.0,4624.0,5510.0,1527.0,0.0,0.0,2190.0,728.0,728.0,728.0
1.0,10116.0,2206.0,2185.0,1384.0,2033.0,489.0,0.0,1544.0,729.0,728.0,728.0,735.0,733.0,738.0,3891.0,4775.0,1450.0,489.0,0.0,1544.0,729.0,728.0,728.0
1.0,9294.0,2213.0,2186.0,2113.0,1736.0,1224.0,340.0,172.0,729.0,729.0,728.0,735.0,737.0,741.0,3156.0,4042.0,2096.0,1224.0,340.0,172.0,729.0,729.0,728.0
1.0,9194.0,2200.0,2187.0,2190.0,3027.0,1956.0,1071.0,0.0,729.0,729.0,729.0,732.0,731.0,737.0,2421.0,3305.0,3468.0,1956.0,1071.0,0.0,729.0,729.0,729.0
1.0,9184.0,2181.0,2187.0,2033.0,3993.0,2197.0,1796.0,0.0,729.0,729.0,729.0,730.0,725.0,726.0,1689.0,2574.0,4921.0,2197.0,1796.0,0.0,729.0,729.0,729.0
1.0,9036.0,2192.0,2187.0,1736.0,3893.0,1707.0,2186.0,0.0,729.0,729.0,729.0,734.0,730.0,728.0,1448.0,1849.0,5739.0,1707.0,2186.0,0.0,729.0,729.0,729.0
1.0,8580.0,2197.0,2187.0,3027.0,2331.0,485.0,1846.0,0.0,729.0,729.0,729.0,734.0,731.0,732.0,1938.0,1459.0,5183.0,485.0,1846.0,0.0,729.0,729.0,729.0
1.0,9410.0,2204.0,2188.0,3993.0,783.0,0.0,783.0,0.0,730.0,729.0,729.0,737.0,733.0,734.0,3160.0,1799.0,4451.0,0.0,783.0,0.0,730.0,729.0,729.0
1.0,11199.0,2211.0,2189.0,3893.0,668.0,0.0,0.0,668.0,730.0,729.0,730.0,737.0,739.0,735.0,4620.0,2862.0,3717.0,0.0,0.0,668.0,730.0,729.0,730.0
1.0,12881.0,2209.0,2190.0,2331.0,1405.0,0.0,0.0,1405.0,730.0,730.0,730.0,734.0,738.0,737.0,5590.0,4309.0,2982.0,0.0,0.0,1405.0,730.0,730.0,730.0
1.0,13003.0,2216.0,2191.0,783.0,2143.0,0.0,0.0,2143.0,731.0,730.0,730.0,738.0,740.0,738.0,5341.0,5417.0,2245.0,0.0,0.0,2143.0,731.0,730.0,730.0
1.0,11570.0,2203.0,2191.0,668.0,2213.0,0.0,0.0,2213.0,731.0,730.0,730.0,733.0,732.0,738.0,4603.0,5460.0,1507.0,0.0,0.0,2213.0,731.0,730.0,730.0
1.0,10035.0,2198.0,2191.0,1405.0,2062.0,517.0,0.0,1545.0,731.0,730.0,730.0,732.0,729.0,737.0,3870.0,4728.0,1437.0,517.0,0.0,1545.0,731.0,730.0,730.0
1.0,9242.0,2191.0,2191.0,2143.0,1761.0,1251.0,376.0,134.0,731.0,730.0,730.0,734.0,725.0,732.0,3138.0,3999.0,2105.0,1251.0,376.0,134.0,731.0,730.0,730.0
1.0,9194.0,2207.0,2192.0,2213.0,3100.0,1989.0,1111.0,0.0,731.0,730.0,731.0,738.0,735.0,734.0,2404.0,3274.0,3516.0,1989.0,1111.0,0.0,731.0,730.0,731.0
1.0,9200.0,2215.0,2192.0,2062.0,4062.0,2212.0,1850.0,0.0,731.0,730.0,731.0,740.0,739.0,736.0,1666.0,2539.0,4995.0,2212.0,1850.0,0.0,731.0,730.0,731.0
1.0,9047.0,2223.0,2193.0,1761.0,3920.0,1699.0,2221.0,0.0,731.0,731.0,731.0,738.0,742.0,743.0,1443.0,1800.0,5804.0,1699.0,2221.0,0.0,731.0,731.0,731.0
1.0,8585.0,2208.0,2194.0,3100.0,2298.0,452.0,1846.0,0.0,732.0,731.0,731.0,737.0,736.0,735.0,1956.0,1434.0,5195.0,452.0,1846.0,0.0,732.0,731.0,731.0
1.0,9477.0,2205.0,2195.0,4062.0,732.0,0.0,732.0,0.0,732.0,731.0,732.0,734.0,736.0,735.0,3208.0,1809.0,4460.0,0.0,732.0,0.0,732.0,731.0,732.0
1.0,11334.0,2199.0,2195.0,3920.0,667.0,0.0,0.0,667.0,732.0,731.0,732.0,733.0,734.0,732.0,4686.0,2923.0,3725.0,0.0,0.0,667.0,732.0,731.0,732.0
1.0,13055.0,2194.0,2195.0,2298.0,1400.0,0.0,0.0,1400.0,732.0,731.0,732.0,729.0,732.0,733.0,5652.0,4410.0,2993.0,0.0,0.0,1400.0,732.0,731.0,732.0
1.0,13159.0,2215.0,2195.0,732.0,2139.0,0.0,0.0,2139.0,732.0,731.0,732.0,738.0,738.0,739.0,5375.0,5524.0,2260.0,0.0,0.0,2139.0,732.0,731.0,732.0
1.0,11676.0,2222.0,2196.0,667.0,2212.0,0.0,0.0,2212.0,732.0,732.0,732.0,742.0,740.0,740.0,4637.0,5518.0,1521.0,0.0,0.0,2212.0,732.0,732.0,732.0
1.0,10121.0,2228.0,2198.0,1400.0,2073.0,515.0,0.0,1558.0,733.0,732.0,733.0,745.0,742.0,741.0,3895.0,4778.0,1448.0,515.0,0.0,1558.0,733.0,732.0,733.0
1.0,9293.0,2214.0,2198.0,2139.0,1772.0,1254.0,361.0,157.0,733.0,732.0,733.0,739.0,737.0,738.0,3150.0,4036.0,2107.0,1254.0,361.0,157.0,733.0,732.0,733.0
1.0,9218.0,2206.0,2198.0,2212.0,3088.0,1988.0,1100.0,0.0,733.0,732.0,733.0,734.0,739.0,733.0,2411.0,3299.0,3508.0,1988.0,1100.0,0.0,733.0,732.0,733.0
1.0,9224.0,2201.0,2198.0,2073.0,4042.0,2206.0,1836.0,0.0,733.0,732.0,733.0,733.0,736.0,732.0,1677.0,2560.0,4987.0,2206.0,1836.0,0.0,733.0,732.0,733.0
1.0,9096.0,2205.0,2199.0,1772.0,3904.0,1687.0,2217.0,0.0,733.0,733.0,733.0,735.0,737.0,733.0,1459.0,1824.0,5813.0,1687.0,2217.0,0.0,733.0,733.0,733.0
1.0,8663.0,2213.0,2200.0,3088.0,2296.0,443.0,1853.0,0.0,734.0,733.0,733.0,739.0,736.0,738.0,1978.0,1448.0,5237.0,443.0,1853.0,0.0,734.0,733.0,733.0
1.0,9538.0,2227.0,2201.0,4042.0,759.0,0.0,759.0,0.0,734.0,733.0,734.0,742.0,742.0,743.0,3227.0,1812.0,4499.0,0.0,759.0,0.0,734.0,733.0,734.0
1.0,11353.0,2228.0,2201.0,3904.0,658.0,0.0,0.0,658.0,734.0,733.0,734.0,744.0,740.0,744.0,4691.0,2906.0,3756.0,0.0,0.0,658.0,734.0,733.0,734.0
1.0,13029.0,2230.0,2202.0,2296.0,1406.0,0.0,0.0,1406.0,734.0,734.0,734.0,743.0,739.0,748.0,5634.0,4383.0,3012.0,0.0,0.0,1406.0,734.0,734.0,734.0
1.0,13095.0,2215.0,2203.0,759.0,2149.0,0.0,0.0,2149.0,735.0,734.0,734.0,737.0,735.0,743.0,5334.0,5497.0,2264.0,0.0,0.0,2149.0,735.0,734.0,734.0
1.0,11639.0,2205.0,2203.0,658.0,2232.0,0.0,0.0,2232.0,735.0,734.0,734.0,733.0,731.0,741.0,4597.0,5521.0,1521.0,0.0,0.0,2232.0,735.0,734.0,734.0
1.0,10092.0,2221.0,2204.0,1406.0,2121.0,551.0,0.0,1570.0,735.0,734.0,735.0,740.0,742.0,739.0,3864.0,4790.0,1438.0,551.0,0.0,1570.0,735.0,734.0,735.0
1.0,9277.0,2217.0,2204.0,2149.0,1811.0,1289.0,363.0,159.0,735.0,734.0,735.0,738.0,741.0,738.0,3124.0,4048.0,2105.0,1289.0,363.0,159.0,735.0,734.0,735.0
1.0,9209.0,2232.0,2205.0,2232.0,3147.0,2033.0,1114.0,0.0,735.0,735.0,735.0,744.0,746.0,742.0,2386.0,3307.0,3516.0,2033.0,1114.0,0.0,735.0,735.0,735.0
1.0,9209.0,2237.0,2206.0,2121.0,4096.0,2235.0,1861.0,0.0,736.0,735.0,735.0,748.0,747.0,742.0,1642.0,2561.0,5006.0,2235.0,1861.0,0.0,736.0,735.0,735.0
1.0,9093.0,2226.0,2207.0,1811.0,3928.0,1690.0,2238.0,0.0,736.0,735.0,736.0,744.0,740.0,742.0,1445.0,1814.0,5834.0,1690.0,2238.0,0.0,736.0,735.0,736.0
1.0,8678.0,2215.0,2207.0,3147.0,2261.0,400.0,1861.0,0.0,736.0,735.0,736.0,743.0,737.0,735.0,1990.0,1437.0,5251.0,400.0,1861.0,0.0,736.0,735.0,736.0
1.0,9610.0,2208.0,2207.0,4096.0,733.0,0.0,733.0,0.0,736.0,735.0,736.0,737.0,733.0,738.0,3280.0,1814.0,4516.0,0.0,733.0,0.0,736.0,735.0,736.0
1.0,11498.0,2216.0,2207.0,3928.0,641.0,0.0,0.0,641.0,736.0,735.0,736.0,737.0,740.0,739.0,4778.0,2942.0,3778.0,0.0,0.0,641.0,736.0,735.0,736.0
1.0,13210.0,2223.0,2208.0,2261.0,1387.0,0.0,0.0,1387.0,736.0,736.0,736.0,736.0,741.0,746.0,5731.0,4440.0,3039.0,0.0,0.0,1387.0,736.0,736.0,736.0
1.0,13248.0,2237.0,2210.0,733.0,2138.0,0.0,0.0,2138.0,737.0,736.0,737.0,744.0,747.0,746.0,5395.0,5560.0,2293.0,0.0,0.0,2138.0,737.0,736.0,737.0
1.0,11744.0,2240.0,2210.0,641.0,2245.0,0.0,0.0,2245.0,737.0,736.0,737.0,747.0,745.0,748.0,4651.0,5546.0,1547.0,0.0,0.0,2245.0,737.0,736.0,737.0
1.0,10145.0,2234.0,2211.0,1387.0,2126.0,524.0,0.0,1602.0,737.0,737.0,737.0,743.0,747.0,744.0,3904.0,4801.0,1440.0,524.0,0.0,1602.0,737.0,737.0,737.0
1.0,9298.0,2225.0,2211.0,2138.0,1844.0,1267.0,375.0,202.0,737.0,737.0,737.0,743.0,744.0,738.0,3161.0,4054.0,2083.0,1267.0,375.0,202.0,737.0,737.0,737.0
1.0,9211.0,2215.0,2212.0,2245.0,3127.0,2016.0,1111.0,0.0,738.0,737.0,737.0,744.0,736.0,735.0,2418.0,3310.0,3483.0,2016.0,1111.0,0.0,738.0,737.0,737.0
1.0,9241.0,2212.0,2212.0,2126.0,4079.0,2230.0,1849.0,0.0,738.0,737.0,737.0,738.0,738.0,736.0,1674.0,2574.0,4993.0,2230.0,1849.0,0.0,738.0,737.0,737.0
1.0,9155.0,2223.0,2213.0,1844.0,3921.0,1703.0,2218.0,0.0,738.0,737.0,738.0,740.0,744.0,739.0,1460.0,1836.0,5859.0,1703.0,2218.0,0.0,738.0,737.0,738.0
1.0,8776.0,2234.0,2213.0,3127.0,2283.0,432.0,1851.0,0.0,738.0,737.0,738.0,745.0,744.0,745.0,1987.0,1467.0,5322.0,432.0,1851.0,0.0,738.0,737.0,738.0
1.0,9669.0,2243.0,2214.0,4079.0,754.0,0.0,754.0,0.0,738.0,738.0,738.0,748.0,747.0,748.0,3258.0,1834.0,4577.0,0.0,754.0,0.0,738.0,738.0,738.0
1.0,11505.0,2243.0,2215.0,3921.0,609.0,0.0,0.0,609.0,739.0,738.0,738.0,747.0,748.0,748.0,4740.0,2936.0,3829.0,0.0,0.0,609.0,739.0,738.0,738.0
1.0,13183.0,2226.0,2216.0,2283.0,1357.0,0.0,0.0,1357.0,739.0,738.0,739.0,741.0,742.0,743.0,5696.0,4406.0,3081.0,0.0,0.0,1357.0,739.0,738.0,739.0
1.0,13240.0,2223.0,2216.0,754.0,2098.0,0.0,0.0,2098.0,739.0,738.0,739.0,741.0,741.0,741.0,5387.0,5515.0,2338.0,0.0,0.0,2098.0,739.0,738.0,739.0
1.0,11771.0,2229.0,2217.0,609.0,2233.0,0.0,0.0,2233.0,739.0,739.0,739.0,740.0,745.0,744.0,4646.0,5528.0,1597.0,0.0,0.0,2233.0,739.0,739.0,739.0
1.0,10151.0,2226.0,2217.0,1357.0,2151.0,533.0,0.0,1618.0,739.0,739.0,739.0,744.0,740.0,742.0,3906.0,4783.0,1462.0,533.0,0.0,1618.0,739.0,739.0,739.0
1.0,9282.0,2238.0,2217.0,2098.0,1943.0,1275.0,399.0,269.0,739.0,739.0,739.0,742.0,747.0,749.0,3162.0,4043.0,2077.0,1275.0,399.0,269.0,739.0,739.0,739.0
1.0,9142.0,2234.0,2219.0,2233.0,3167.0,2023.0,1144.0,0.0,740.0,739.0,740.0,743.0,745.0,746.0,2420.0,3296.0,3426.0,2023.0,1144.0,0.0,740.0,739.0,740.0
1.0,9141.0,2238.0,2220.0,2151.0,4134.0,2240.0,1894.0,0.0,740.0,740.0,740.0,750.0,745.0,743.0,1677.0,2551.0,4913.0,2240.0,1894.0,0.0,740.0,740.0,740.0
1.0,9054.0,2233.0,2220.0,1943.0,3948.0,1710.0,2238.0,0.0,740.0,740.0,740.0,745.0,743.0,745.0,1460.0,1806.0,5788.0,1710.0,2238.0,0.0,740.0,740.0,740.0
1.0,8764.0,2228.0,2220.0,3167.0,2268.0,430.0,1838.0,0.0,740.0,740.0,740.0,743.0,744.0,741.0,1990.0,1462.0,5312.0,430.0,1838.0,0.0,740.0,740.0,740.0
1.0,9703.0,2228.0,2220.0,4134.0,690.0,0.0,690.0,0.0,740.0,740.0,740.0,739.0,746.0,743.0,3270.0,1862.0,4571.0,0.0,690.0,0.0,740.0,740.0,740.0
1.0,11609.0,2237.0,2220.0,3948.0,619.0,0.0,0.0,619.0,740.0,740.0,740.0,744.0,746.0,747.0,4771.0,3010.0,3828.0,0.0,0.0,619.0,740.0,740.0,740.0
1.0,13320.0,2248.0,2223.0,2268.0,1375.0,0.0,0.0,1375.0,741.0,741.0,741.0,746.0,751.0,751.0,5737.0,4502.0,3081.0,0.0,0.0,1375.0,741.0,741.0,741.0
1.0,13340.0,2256.0,2223.0,690.0,2126.0,0.0,0.0,2126.0,741.0,741.0,741.0,752.0,753.0,751.0,5421.0,5589.0,2330.0,0.0,0.0,2126.0,741.0,741.0,741.0
1.0,11774.0,2247.0,2223.0,619.0,2257.0,0.0,0.0,2257.0,741.0,741.0,741.0,750.0,747.0,750.0,4669.0,5526.0,1579.0,0.0,0.0,2257.0,741.0,741.0,741.0
1.0,10146.0,2236.0,2225.0,1375.0,2165.0,533.0,0.0,1632.0,741.0,742.0,742.0,747.0,744.0,745.0,3919.0,4779.0,1448.0,533.0,0.0,1632.0,741.0,742.0,742.0
1.0,9285.0,2230.0,2224.0,2126.0,1939.0,1277.0,411.0,251.0,741.0,741.0,742.0,744.0,741.0,745.0,3172.0,4035.0,2078.0,1277.0,411.0,251.0,741.0,741.0,742.0
1.0,9181.0,2231.0,2226.0,2257.0,3189.0,2030.0,1159.0,0.0,742.0,742.0,742.0,748.0,743.0,740.0,2428.0,3294.0,3459.0,2030.0,1159.0,0.0,742.0,742.0,742.0
1.0,9207.0,2239.0,2226.0,2165.0,4150.0,2242.0,1908.0,0.0,742.0,742.0,742.0,745.0,749.0,745.0,1680.0,2551.0,4976.0,2242.0,1908.0,0.0,742.0,742.0,742.0
1.0,9133.0,2246.0,2226.0,1939.0,3962.0,1712.0,2250.0,0.0,742.0,742.0,742.0,747.0,753.0,746.0,1468.0,1802.0,5863.0,1712.0,2250.0,0.0,742.0,742.0,742.0
1.0,8826.0,2256.0,2229.0,3189.0,2285.0,437.0,1848.0,0.0,743.0,743.0,743.0,750.0,752.0,754.0,1998.0,1460.0,5368.0,437.0,1848.0,0.0,743.0,743.0,743.0
1.0,9759.0,2244.0,2229.0,4150.0,690.0,0.0,690.0,0.0,743.0,743.0,743.0,745.0,750.0,749.0,3278.0,1867.0,4614.0,0.0,690.0,0.0,743.0,743.0,743.0
1.0,11665.0,2241.0,2229.0,3962.0,598.0,0.0,0.0,598.0,743.0,743.0,743.0,747.0,746.0,748.0,4775.0,3025.0,3865.0,0.0,0.0,598.0,743.0,743.0,743.0
1.0,13386.0,2232.0,2229.0,2285.0,1343.0,0.0,0.0,1343.0,743.0,743.0,743.0,747.0,740.0,745.0,5740.0,4529.0,3117.0,0.0,0.0,1343.0,743.0,743.0,743.0
1.0,13439.0,2235.0,2229.0,690.0,2088.0,0.0,0.0,2088.0,743.0,743.0,743.0,747.0,743.0,745.0,5430.0,5637.0,2372.0,0.0,0.0,2088.0,743.0,743.0,743.0
1.0,11894.0,2245.0,2229.0,598.0,2237.0,0.0,0.0,2237.0,743.0,743.0,743.0,751.0,747.0,747.0,4683.0,5584.0,1627.0,0.0,0.0,2237.0,743.0,743.0,743.0
1.0,10247.0,2257.0,2231.0,1343.0,2194.0,541.0,0.0,1653.0,744.0,743.0,744.0,753.0,750.0,754.0,3932.0,4837.0,1478.0,541.0,0.0,1653.0,744.0,743.0,744.0
1.0,9333.0,2255.0,2232.0,2088.0,1994.0,1295.0,385.0,314.0,744.0,744.0,744.0,754.0,752.0,749.0,3179.0,4087.0,2067.0,1295.0,385.0,314.0,744.0,744.0,744.0
1.0,9166.0,2249.0,2232.0,2237.0,3182.0,2044.0,1138.0,0.0,744.0,744.0,744.0,749.0,753.0,747.0,2425.0,3335.0,3406.0,2044.0,1138.0,0.0,744.0,744.0,744.0
1.0,9154.0,2237.0,2232.0,2194.0,4134.0,2248.0,1886.0,0.0,744.0,744.0,744.0,745.0,748.0,744.0,1676.0,2582.0,4896.0,2248.0,1886.0,0.0,744.0,744.0,744.0
1.0,9111.0,2244.0,2232.0,1994.0,3951.0,1700.0,2251.0,0.0,744.0,744.0,744.0,747.0,750.0,747.0,1472.0,1834.0,5805.0,1700.0,2251.0,0.0,744.0,744.0,744.0
1.0,8861.0,2246.0,2233.0,3182.0,2274.0,407.0,1867.0,0.0,744.0,745.0,744.0,751.0,749.0,746.0,2020.0,1469.0,5372.0,407.0,1867.0,0.0,744.0,745.0,744.0
1.0,9797.0,2245.0,2234.0,4134.0,729.0,0.0,729.0,0.0,745.0,745.0,744.0,749.0,748.0,748.0,3313.0,1858.0,4626.0,0.0,729.0,0.0,745.0,745.0,744.0
1.0,11686.0,2259.0,2235.0,3951.0,600.0,0.0,0.0,600.0,745.0,745.0,745.0,755.0,751.0,753.0,4812.0,2996.0,3878.0,0.0,0.0,600.0,745.0,745.0,745.0
1.0,13378.0,2259.0,2235.0,2274.0,1355.0,0.0,0.0,1355.0,745.0,745.0,745.0,751.0,753.0,755.0,5757.0,4496.0,3125.0,0.0,0.0,1355.0,745.0,745.0,745.0
1.0,13393.0,2255.0,2237.0,729.0,2107.0,0.0,0.0,2107.0,746.0,746.0,745.0,752.0,751.0,752.0,5413.0,5610.0,2370.0,0.0,0.0,2107.0,746.0,746.0,745.0
1.0,11867.0,2241.0,2237.0,600.0,2253.0,0.0,0.0,2253.0,746.0,746.0,745.0,746.0,749.0,746.0,4661.0,5588.0,1618.0,0.0,0.0,2253.0,746.0,746.0,745.0
1.0,10226.0,2244.0,2237.0,1355.0,2209.0,563.0,0.0,1646.0,746.0,746.0,745.0,748.0,748.0,748.0,3915.0,4839.0,1472.0,563.0,0.0,1646.0,746.0,746.0,745.0
1.0,9337.0,2244.0,2238.0,2107.0,1990.0,1311.0,388.0,291.0,746.0,746.0,746.0,748.0,749.0,747.0,3167.0,4091.0,2079.0,1311.0,388.0,291.0,746.0,746.0,746.0
1.0,9200.0,2253.0,2238.0,2253.0,3200.0,2060.0,1140.0,0.0,746.0,746.0,746.0,749.0,752.0,752.0,2419.0,3342.0,3439.0,2060.0,1140.0,0.0,746.0,746.0,746.0
1.0,9200.0,2260.0,2239.0,2209.0,4149.0,2250.0,1899.0,0.0,746.0,747.0,746.0,753.0,754.0,753.0,1670.0,2590.0,4940.0,2250.0,1899.0,0.0,746.0,747.0,746.0
1.0,9149.0,2257.0,2240.0,1990.0,3962.0,1700.0,2262.0,0.0,747.0,747.0,746.0,756.0,751.0,750.0,1480.0,1836.0,5833.0,1700.0,2262.0,0.0,747.0,747.0,746.0
1.0,8882.0,2267.0,2241.0,3200.0,2273.0,398.0,1875.0,0.0,747.0,747.0,747.0,758.0,753.0,756.0,2035.0,1473.0,5374.0,398.0,1875.0,0.0,747.0,747.0,747.0
1.0,9815.0,2250.0,2241.0,4149.0,724.0,0.0,724.0,0.0,747.0,747.0,747.0,747.0,748.0,755.0,3337.0,1860.0,4618.0,0.0,724.0,0.0,747.0,747.0,747.0
1.0,11714.0,2242.0,2241.0,3962.0,622.0,0.0,0.0,622.0,747.0,747.0,747.0,744.0,748.0,750.0,4840.0,3011.0,3863.0,0.0,0.0,622.0,747.0,747.0,747.0
1.0,13434.0,2253.0,2241.0,2273.0,1371.0,0.0,0.0,1371.0,747.0,747.0,747.0,752.0,752.0,749.0,5796.0,4525.0,3113.0,0.0,0.0,1371.0,747.0,747.0,747.0
1.0,13454.0,2252.0,2241.0,724.0,2123.0,0.0,0.0,2123.0,747.0,747.0,747.0,751.0,749.0,752.0,5442.0,5648.0,2364.0,0.0,0.0,2123.0,747.0,747.0,747.0
1.0,11926.0,2273.0,2243.0,622.0,2256.0,0.0,0.0,2256.0,748.0,748.0,747.0,762.0,756.0,755.0,4691.0,5623.0,1612.0,0.0,0.0,2256.0,748.0,748.0,747.0
1.0,10275.0,2271.0,2244.0,1371.0,2214.0,570.0,0.0,1644.0,748.0,748.0,748.0,759.0,758.0,754.0,3929.0,4867.0,1479.0,570.0,0.0,1644.0,748.0,748.0,748.0
1.0,9375.0,2264.0,2244.0,2123.0,1986.0,1325.0,387.0,274.0,748.0,748.0,748.0,755.0,756.0,753.0,3170.0,4109.0,2096.0,1325.0,387.0,274.0,748.0,748.0,748.0
1.0,9234.0,2255.0,2244.0,2256.0,3217.0,2077.0,1140.0,0.0,748.0,748.0,748.0,752.0,753.0,750.0,2415.0,3353.0,3466.0,2077.0,1140.0,0.0,748.0,748.0,748.0
1.0,9235.0,2238.0,2244.0,2214.0,4138.0,2253.0,1885.0,0.0,748.0,748.0,748.0,746.0,745.0,747.0,1663.0,2600.0,4972.0,2253.0,1885.0,0.0,748.0,748.0,748.0
1.0,9211.0,2259.0,2245.0,1986.0,3938.0,1690.0,2248.0,0.0,749.0,748.0,748.0,757.0,750.0,752.0,1487.0,1855.0,5869.0,1690.0,2248.0,0.0,749.0,748.0,748.0
1.0,8938.0,2259.0,2246.0,3217.0,2233.0,370.0,1863.0,0.0,749.0,749.0,748.0,757.0,750.0,752.0,2055.0,1492.0,5391.0,370.0,1863.0,0.0,749.0,749.0,748.0
1.0,9896.0,2270.0,2247.0,4138.0,735.0,0.0,735.0,0.0,749.0,749.0,749.0,756.0,757.0,757.0,3375.0,1882.0,4639.0,0.0,735.0,0.0,749.0,749.0,749.0
1.0,11764.0,2285.0,2248.0,3938.0,623.0,0.0,0.0,623.0,750.0,749.0,749.0,764.0,761.0,760.0,4872.0,3010.0,3882.0,0.0,0.0,623.0,750.0,749.0,749.0
1.0,13417.0,2278.0,2249.0,2233.0,1381.0,0.0,0.0,1381.0,750.0,750.0,749.0,760.0,760.0,758.0,5798.0,4497.0,3122.0,0.0,0.0,1381.0,750.0,750.0,749.0
1.0,13372.0,2258.0,2249.0,735.0,2133.0,0.0,0.0,2133.0,750.0,750.0,749.0,750.0,756.0,752.0,5408.0,5600.0,2364.0,0.0,0.0,2133.0,750.0,750.0,749.0
1.0,11849.0,2250.0,2249.0,623.0,2259.0,0.0,0.0,2259.0,750.0,750.0,749.0,747.0,754.0,749.0,4658.0,5579.0,1612.0,0.0,0.0,2259.0,750.0,750.0,749.0
1.0,10222.0,2249.0,2250.0,1381.0,2220.0,588.0,0.0,1632.0,750.0,750.0,750.0,749.0,751.0,749.0,3911.0,4825.0,1486.0,588.0,0.0,1632.0,750.0,750.0,750.0
1.0,9354.0,2254.0,2250.0,2133.0,2017.0,1341.0,424.0,252.0,750.0,750.0,750.0,753.0,748.0,753.0,3162.0,4074.0,2118.0,1341.0,424.0,252.0,750.0,750.0,750.0
1.0,9233.0,2273.0,2251.0,2259.0,3285.0,2106.0,1179.0,0.0,751.0,750.0,750.0,760.0,755.0,758.0,2409.0,3326.0,3498.0,2106.0,1179.0,0.0,751.0,750.0,750.0
1.0,9219.0,2282.0,2252.0,2220.0,4223.0,2280.0,1943.0,0.0,751.0,751.0,750.0,762.0,759.0,761.0,1649.0,2571.0,4999.0,2280.0,1943.0,0.0,751.0,751.0,750.0
1.0,9157.0,2271.0,2253.0,2017.0,3976.0,1698.0,2278.0,0.0,751.0,751.0,751.0,759.0,759.0,753.0,1475.0,1812.0,5870.0,1698.0,2278.0,0.0,751.0,751.0,751.0
1.0,8903.0,2264.0,2254.0,3285.0,2205.0,353.0,1852.0,0.0,752.0,751.0,751.0,756.0,753.0,755.0,2057.0,1477.0,5369.0,353.0,1852.0,0.0,752.0,751.0,751.0
1.0,9924.0,2264.0,2254.0,4223.0,662.0,0.0,662.0,0.0,752.0,751.0,751.0,753.0,753.0,758.0,3407.0,1903.0,4614.0,0.0,662.0,0.0,752.0,751.0,751.0
1.0,11883.0,2259.0,2254.0,3976.0,653.0,0.0,0.0,653.0,752.0,751.0,751.0,752.0,753.0,754.0,4934.0,3093.0,3856.0,0.0,0.0,653.0,752.0,751.0,751.0
1.0,13600.0,2265.0,2254.0,2205.0,1409.0,0.0,0.0,1409.0,752.0,751.0,751.0,753.0,756.0,756.0,5880.0,4618.0,3102.0,0.0,0.0,1409.0,752.0,751.0,751.0
1.0,13540.0,2279.0,2255.0,662.0,2170.0,0.0,0.0,2170.0,752.0,752.0,751.0,761.0,757.0,761.0,5480.0,5714.0,2346.0,0.0,0.0,2170.0,752.0,752.0,751.0
1.0,11923.0,2281.0,2256.0,653.0,2283.0,0.0,0.0,2283.0,752.0,752.0,752.0,760.0,760.0,761.0,4719.0,5619.0,1585.0,0.0,0.0,2283.0,752.0,752.0,752.0
1.0,10295.0,2272.0,2257.0,1409.0,2195.0,567.0,0.0,1628.0,753.0,752.0,752.0,761.0,757.0,754.0,3959.0,4859.0,1477.0,567.0,0.0,1628.0,753.0,752.0,752.0
1.0,9432.0,2266.0,2257.0,2170.0,1949.0,1325.0,412.0,212.0,753.0,752.0,752.0,758.0,754.0,754.0,3198.0,4102.0,2132.0,1325.0,412.0,212.0,753.0,752.0,752.0
1.0,9336.0,2266.0,2257.0,2283.0,3250.0,2084.0,1166.0,0.0,753.0,752.0,752.0,759.0,754.0,753.0,2440.0,3348.0,3548.0,2084.0,1166.0,0.0,753.0,752.0,752.0
1.0,9353.0,2264.0,2257.0,2195.0,4189.0,2269.0,1920.0,0.0,753.0,752.0,752.0,752.0,754.0,758.0,1681.0,2594.0,5078.0,2269.0,1920.0,0.0,753.0,752.0,752.0
1.0,9284.0,2274.0,2257.0,1949.0,3968.0,1700.0,2268.0,0.0,753.0,752.0,752.0,756.0,760.0,758.0,1496.0,1840.0,5948.0,1700.0,2268.0,0.0,753.0,752.0,752.0
1.0,8959.0,2290.0,2260.0,3250.0,2255.0,384.0,1871.0,0.0,754.0,753.0,753.0,763.0,764.0,763.0,2065.0,1492.0,5402.0,384.0,1871.0,0.0,754.0,753.0,753.0
1.0,9919.0,2284.0,2260.0,4189.0,712.0,0.0,712.0,0.0,754.0,753.0,753.0,760.0,761.0,763.0,3386.0,1894.0,4639.0,0.0,712.0,0.0,754.0,753.0,753.0
1.0,11824.0,2285.0,2261.0,3968.0,652.0,0.0,0.0,652.0,754.0,754.0,753.0,762.0,760.0,763.0,4895.0,3053.0,3876.0,0.0,0.0,652.0,754.0,754.0,753.0
1.0,13507.0,2275.0,2261.0,2255.0,1409.0,0.0,0.0,1409.0,754.0,754.0,753.0,760.0,758.0,757.0,5833.0,4561.0,3113.0,0.0,0.0,1409.0,754.0,754.0,753.0
1.0,13487.0,2267.0,2262.0,712.0,2169.0,0.0,0.0,2169.0,754.0,754.0,754.0,755.0,757.0,755.0,5457.0,5674.0,2356.0,0.0,0.0,2169.0,754.0,754.0,754.0
1.0,11932.0,2269.0,2262.0,652.0,2273.0,0.0,0.0,2273.0,754.0,754.0,754.0,756.0,757.0,756.0,4702.0,5629.0,1601.0,0.0,0.0,2273.0,754.0,754.0,754.0
1.0,10315.0,2275.0,2263.0,1409.0,2209.0,587.0,0.0,1622.0,755.0,754.0,754.0,758.0,759.0,758.0,3946.0,4872.0,1497.0,587.0,0.0,1622.0,755.0,754.0,754.0
1.0,9449.0,2286.0,2263.0,2169.0,1983.0,1348.0,420.0,215.0,755.0,754.0,754.0,761.0,763.0,762.0,3188.0,4113.0,2148.0,1348.0,420.0,215.0,755.0,754.0,754.0
1.0,9332.0,2300.0,2265.0,2273.0,3306.0,2111.0,1195.0,0.0,755.0,755.0,755.0,763.0,770.0,767.0,2427.0,3350.0,3555.0,2111.0,1195.0,0.0,755.0,755.0,755.0
1.0,9305.0,2294.0,2265.0,2209.0,4248.0,2289.0,1959.0,0.0,755.0,755.0,755.0,765.0,764.0,765.0,1664.0,2580.0,5061.0,2289.0,1959.0,0.0,755.0,755.0,755.0
1.0,9220.0,2284.0,2266.0,1983.0,4006.0,1706.0,2300.0,0.0,756.0,755.0,755.0,760.0,761.0,763.0,1486.0,1816.0,5918.0,1706.0,2300.0,0.0,756.0,755.0,755.0
1.0,8919.0,2277.0,2266.0,3306.0,2217.0,353.0,1864.0,0.0,756.0,755.0,755.0,758.0,759.0,760.0,2074.0,1475.0,5370.0,353.0,1864.0,0.0,756.0,755.0,755.0
1.0,9948.0,2275.0,2266.0,4248.0,662.0,0.0,662.0,0.0,756.0,755.0,755.0,758.0,757.0,760.0,3427.0,1911.0,4610.0,0.0,662.0,0.0,756.0,755.0,755.0
1.0,11921.0,2280.0,2268.0,4006.0,693.0,0.0,0.0,693.0,756.0,756.0,756.0,758.0,759.0,763.0,4958.0,3113.0,3850.0,0.0,0.0,693.0,756.0,756.0,756.0
1.0,13647.0,2286.0,2268.0,2217.0,1456.0,0.0,0.0,1456.0,756.0,756.0,756.0,762.0,761.0,763.0,5906.0,4654.0,3087.0,0.0,0.0,1456.0,756.0,756.0,756.0
1.0,13578.0,2297.0,2269.0,662.0,2220.0,0.0,0.0,2220.0,757.0,756.0,756.0,769.0,764.0,764.0,5497.0,5757.0,2324.0,0.0,0.0,2220.0,757.0,756.0,756.0
1.0,11943.0,2293.0,2270.0,693.0,2295.0,0.0,0.0,2295.0,757.0,756.0,757.0,763.0,767.0,763.0,4728.0,5655.0,1560.0,0.0,0.0,2295.0,757.0,756.0,757.0
1.0,10343.0,2284.0,2271.0,1456.0,2181.0,584.0,0.0,1597.0,757.0,757.0,757.0,764.0,762.0,758.0,3965.0,4888.0,1490.0,584.0,0.0,1597.0,757.0,757.0,757.0
1.0,9515.0,2275.0,2271.0,2220.0,1895.0,1343.0,421.0,131.0,757.0,757.0,757.0,759.0,762.0,754.0,3201.0,4126.0,2188.0,1343.0,421.0,131.0,757.0,757.0,757.0
1.0,9460.0,2288.0,2271.0,2295.0,3290.0,2104.0,1186.0,0.0,757.0,757.0,757.0,761.0,765.0,762.0,2442.0,3364.0,3654.0,2104.0,1186.0,0.0,757.0,757.0,757.0
1.0,9467.0,2288.0,2272.0,2181.0,4236.0,2288.0,1948.0,0.0,758.0,757.0,757.0,763.0,762.0,763.0,1681.0,2599.0,5187.0,2288.0,1948.0,0.0,758.0,757.0,757.0
1.0,9360.0,2300.0,2273.0,1895.0,4008.0,1710.0,2298.0,0.0,758.0,758.0,757.0,765.0,766.0,769.0,1502.0,1837.0,6021.0,1710.0,2298.0,0.0,758.0,758.0,757.0
1.0,8955.0,2299.0,2274.0,3290.0,2249.0,368.0,1881.0,0.0,758.0,758.0,758.0,762.0,769.0,768.0,2080.0,1492.0,5383.0,368.0,1881.0,0.0,758.0,758.0,758.0
1.0,9946.0,2288.0,2274.0,4236.0,694.0,0.0,694.0,0.0,758.0,758.0,758.0,763.0,761.0,764.0,3422.0,1909.0,4615.0,0.0,694.0,0.0,758.0,758.0,758.0
1.0,11894.0,2293.0,2274.0,4008.0,704.0,0.0,0.0,704.0,758.0,758.0,758.0,764.0,764.0,765.0,4947.0,3096.0,3851.0,0.0,0.0,704.0,758.0,758.0,758.0
1.0,13609.0,2284.0,2275.0,2249.0,1460.0,0.0,0.0,1460.0,759.0,758.0,758.0,765.0,763.0,756.0,5893.0,4630.0,3086.0,0.0,0.0,1460.0,759.0,758.0,758.0
1.0,13574.0,2280.0,2276.0,694.0,2218.0,0.0,0.0,2218.0,759.0,759.0,758.0,761.0,761.0,758.0,5496.0,5748.0,2330.0,0.0,0.0,2218.0,759.0,759.0,758.0
1.0,11988.0,2294.0,2277.0,704.0,2282.0,0.0,0.0,2282.0,759.0,759.0,759.0,765.0,766.0,763.0,4735.0,5681.0,1572.0,0.0,0.0,2282.0,759.0,759.0,759.0
1.0,10398.0,2292.0,2277.0,1460.0,2173.0,586.0,0.0,1587.0,759.0,759.0,759.0,761.0,766.0,765.0,3970.0,4915.0,1513.0,586.0,0.0,1587.0,759.0,759.0,759.0
1.0,9566.0,2306.0,2278.0,2218.0,1912.0,1352.0,421.0,139.0,759.0,760.0,759.0,766.0,770.0,770.0,3209.0,4149.0,2208.0,1352.0,421.0,139.0,759.0,760.0,759.0
1.0,9478.0,2301.0,2280.0,2282.0,3310.0,2121.0,1189.0,0.0,760.0,760.0,760.0,764.0,768.0,769.0,2443.0,3379.0,3656.0,2121.0,1189.0,0.0,760.0,760.0,760.0
1.0,9459.0,2285.0,2280.0,2173.0,4246.0,2298.0,1948.0,0.0,760.0,760.0,760.0,763.0,759.0,763.0,1679.0,2611.0,5169.0,2298.0,1948.0,0.0,760.0,760.0,760.0
1.0,9347.0,2283.0,2280.0,1912.0,3993.0,1706.0,2287.0,0.0,760.0,760.0,760.0,760.0,760.0,763.0,1502.0,1852.0,5993.0,1706.0,2287.0,0.0,760.0,760.0,760.0
1.0,8976.0,2290.0,2280.0,3310.0,2212.0,351.0,1861.0,0.0,760.0,760.0,760.0,766.0,763.0,761.0,2094.0,1513.0,5369.0,351.0,1861.0,0.0,760.0,760.0,760.0
1.0,9996.0,2293.0,2280.0,4246.0,676.0,0.0,676.0,0.0,760.0,760.0,760.0,766.0,763.0,764.0,3449.0,1939.0,4608.0,0.0,676.0,0.0,760.0,760.0,760.0
1.0,11949.0,2298.0,2280.0,3993.0,723.0,0.0,0.0,723.0,760.0,760.0,760.0,766.0,765.0,767.0,4981.0,3124.0,3844.0,0.0,0.0,723.0,760.0,760.0,760.0
1.0,13644.0,2311.0,2283.0,2212.0,1497.0,0.0,0.0,1497.0,761.0,761.0,761.0,771.0,771.0,769.0,5921.0,4646.0,3077.0,0.0,0.0,1497.0,761.0,761.0,761.0
1.0,13545.0,2300.0,2283.0,676.0,2259.0,0.0,0.0,2259.0,761.0,761.0,761.0,767.0,771.0,762.0,5501.0,5736.0,2308.0,0.0,0.0,2259.0,761.0,761.0,761.0
1.0,11921.0,2290.0,2283.0,723.0,2296.0,0.0,0.0,2296.0,761.0,761.0,761.0,764.0,766.0,760.0,4734.0,5641.0,1546.0,0.0,0.0,2296.0,761.0,761.0,761.0
1.0,10354.0,2283.0,2283.0,1497.0,2157.0,597.0,0.0,1560.0,761.0,761.0,761.0,762.0,760.0,761.0,3970.0,4875.0,1509.0,597.0,0.0,1560.0,761.0,761.0,761.0
1.0,9568.0,2289.0,2283.0,2259.0,1877.0,1359.0,451.0,67.0,761.0,761.0,761.0,762.0,761.0,766.0,3208.0,4115.0,2245.0,1359.0,451.0,67.0,761.0,761.0,761.0
1.0,9538.0,2301.0,2285.0,2296.0,3350.0,2128.0,1222.0,0.0,761.0,762.0,762.0,769.0,766.0,766.0,2446.0,3354.0,3738.0,2128.0,1222.0,0.0,761.0,762.0,762.0
1.0,9533.0,2319.0,2286.0,2157.0,4304.0,2311.0,1993.0,0.0,762.0,762.0,762.0,775.0,771.0,773.0,1677.0,2588.0,5268.0,2311.0,1993.0,0.0,762.0,762.0,762.0
1.0,9371.0,2311.0,2286.0,1877.0,4035.0,1723.0,2312.0,0.0,762.0,762.0,762.0,771.0,770.0,770.0,1499.0,1817.0,6055.0,1723.0,2312.0,0.0,762.0,762.0,762.0
1.0,8937.0,2307.0,2287.0,3350.0,2229.0,362.0,1867.0,0.0,762.0,763.0,762.0,767.0,772.0,768.0,2087.0,1498.0,5352.0,362.0,1867.0,0.0,762.0,763.0,762.0
1.0,9980.0,2298.0,2288.0,4304.0,641.0,0.0,641.0,0.0,763.0,763.0,762.0,766.0,767.0,765.0,3448.0,1948.0,4584.0,0.0,641.0,0.0,763.0,763.0,762.0
1.0,11986.0,2292.0,2288.0,4035.0,753.0,0.0,0.0,753.0,763.0,763.0,762.0,764.0,766.0,762.0,4993.0,3174.0,3819.0,0.0,0.0,753.0,763.0,763.0,762.0
1.0,13729.0,2286.0,2289.0,2229.0,1518.0,0.0,0.0,1518.0,763.0,763.0,763.0,764.0,762.0,760.0,5952.0,4720.0,3057.0,0.0,0.0,1518.0,763.0,763.0,763.0
1.0,13672.0,2309.0,2289.0,641.0,2287.0,0.0,0.0,2287.0,763.0,763.0,763.0,770.0,770.0,769.0,5550.0,5825.0,2297.0,0.0,0.0,2287.0,763.0,763.0,763.0
1.0,12004.0,2314.0,2290.0,753.0,2305.0,0.0,0.0,2305.0,763.0,764.0,763.0,772.0,771.0,771.0,4780.0,5696.0,1528.0,0.0,0.0,2305.0,763.0,764.0,763.0
1.0,10443.0,2313.0,2291.0,1518.0,2144.0,587.0,0.0,1557.0,764.0,764.0,763.0,775.0,768.0,770.0,4008.0,4925.0,1510.0,587.0,0.0,1557.0,764.0,764.0,763.0
1.0,9648.0,2313.0,2292.0,2287.0,1838.0,1357.0,433.0,48.0,764.0,764.0,764.0,770.0,770.0,773.0,3233.0,4157.0,2258.0,1357.0,433.0,48.0,764.0,764.0,764.0
1.0,9622.0,2308.0,2292.0,2305.0,3325.0,2124.0,1201.0,0.0,764.0,764.0,764.0,767.0,768.0,773.0,2463.0,3387.0,3772.0,2124.0,1201.0,0.0,764.0,764.0,764.0
1.0,9619.0,2300.0,2292.0,2144.0,4272.0,2303.0,1969.0,0.0,764.0,764.0,764.0,766.0,768.0,766.0,1696.0,2619.0,5304.0,2303.0,1969.0,0.0,764.0,764.0,764.0
1.0,9463.0,2296.0,2293.0,1838.0,4018.0,1710.0,2308.0,0.0,764.0,765.0,764.0,764.0,767.0,765.0,1517.0,1851.0,6095.0,1710.0,2308.0,0.0,764.0,765.0,764.0
1.0,9005.0,2314.0,2293.0,3325.0,2236.0,359.0,1877.0,0.0,764.0,765.0,764.0,773.0,770.0,771.0,2110.0,1517.0,5378.0,359.0,1877.0,0.0,764.0,765.0,764.0
1.0,10016.0,2318.0,2295.0,4272.0,679.0,0.0,679.0,0.0,765.0,765.0,765.0,776.0,771.0,771.0,3461.0,1948.0,4607.0,0.0,679.0,0.0,765.0,765.0,765.0
1.0,11970.0,2321.0,2295.0,4018.0,760.0,0.0,0.0,760.0,765.0,765.0,765.0,778.0,772.0,771.0,4988.0,3146.0,3836.0,0.0,0.0,760.0,765.0,765.0,765.0
1.0,13667.0,2314.0,2297.0,2236.0,1530.0,0.0,0.0,1530.0,766.0,766.0,765.0,773.0,771.0,770.0,5920.0,4682.0,3065.0,0.0,0.0,1530.0,766.0,766.0,765.0
1.0,13589.0,2298.0,2297.0,679.0,2293.0,0.0,0.0,2293.0,766.0,766.0,765.0,771.0,764.0,763.0,5506.0,5788.0,2295.0,0.0,0.0,2293.0,766.0,766.0,765.0
1.0,11970.0,2289.0,2296.0,760.0,2295.0,0.0,0.0,2295.0,766.0,765.0,765.0,764.0,763.0,762.0,4735.0,5703.0,1532.0,0.0,0.0,2295.0,766.0,765.0,765.0
1.0,10441.0,2298.0,2297.0,1530.0,2154.0,623.0,0.0,1531.0,766.0,766.0,765.0,764.0,768.0,766.0,3971.0,4940.0,1530.0,623.0,0.0,1531.0,766.0,766.0,765.0
1.0,9673.0,2319.0,2297.0,2293.0,1838.0,1395.0,431.0,12.0,766.0,766.0,765.0,772.0,773.0,774.0,3207.0,4172.0,2294.0,1395.0,431.0,12.0,766.0,766.0,765.0
1.0,9647.0,2329.0,2297.0,2295.0,3385.0,2174.0,1211.0,0.0,766.0,766.0,765.0,779.0,780.0,770.0,2435.0,3399.0,3813.0,2174.0,1211.0,0.0,766.0,766.0,765.0
1.0,9613.0,2323.0,2300.0,2154.0,4321.0,2329.0,1992.0,0.0,767.0,767.0,766.0,773.0,776.0,774.0,1656.0,2619.0,5338.0,2329.0,1992.0,0.0,767.0,767.0,766.0
1.0,9444.0,2321.0,2300.0,1838.0,4042.0,1711.0,2331.0,0.0,767.0,767.0,766.0,777.0,770.0,774.0,1506.0,1843.0,6095.0,1711.0,2331.0,0.0,767.0,767.0,766.0
1.0,8961.0,2301.0,2300.0,3385.0,2190.0,303.0,1887.0,0.0,767.0,767.0,766.0,766.0,767.0,768.0,2124.0,1504.0,5333.0,303.0,1887.0,0.0,767.0,767.0,766.0
1.0,10045.0,2304.0,2300.0,4321.0,693.0,0.0,661.0,32.0,767.0,767.0,766.0,771.0,766.0,767.0,3532.0,1948.0,4565.0,0.0,661.0,32.0,767.0,767.0,766.0
1.0,12062.0,2305.0,2300.0,4042.0,799.0,0.0,0.0,799.0,767.0,767.0,766.0,770.0,768.0,767.0,5090.0,3174.0,3798.0,0.0,0.0,799.0,767.0,767.0,766.0
1.0,13799.0,2313.0,2300.0,2190.0,1569.0,0.0,0.0,1569.0,767.0,767.0,766.0,772.0,771.0,770.0,6031.0,4737.0,3031.0,0.0,0.0,1569.0,767.0,767.0,766.0
1.0,13676.0,2327.0,2302.0,693.0,2314.0,0.0,0.0,2314.0,768.0,767.0,767.0,779.0,776.0,772.0,5562.0,5853.0,2261.0,0.0,0.0,2314.0,768.0,767.0,767.0
1.0,12042.0,2332.0,2303.0,799.0,2290.0,0.0,0.0,2290.0,768.0,768.0,767.0,779.0,778.0,775.0,4783.0,5738.0,1521.0,0.0,0.0,2290.0,768.0,768.0,767.0
1.0,10509.0,2328.0,2303.0,1569.0,2111.0,615.0,0.0,1496.0,768.0,768.0,767.0,779.0,774.0,775.0,4004.0,4960.0,1545.0,615.0,0.0,1496.0,768.0,768.0,767.0
1.0,9750.0,2318.0,2304.0,2314.0,1815.0,1391.0,424.0,0.0,769.0,768.0,767.0,771.0,770.0,777.0,3225.0,4186.0,2339.0,1391.0,424.0,0.0,769.0,768.0,767.0
1.0,9746.0,2306.0,2304.0,2290.0,3351.0,2158.0,1193.0,0.0,769.0,768.0,767.0,767.0,769.0,770.0,2454.0,3416.0,3876.0,2158.0,1193.0,0.0,769.0,768.0,767.0
1.0,9730.0,2312.0,2305.0,2111.0,4274.0,2312.0,1962.0,0.0,769.0,768.0,768.0,769.0,769.0,774.0,1687.0,2647.0,5396.0,2312.0,1962.0,0.0,769.0,768.0,768.0
1.0,9529.0,2315.0,2305.0,1815.0,4004.0,1694.0,2310.0,0.0,769.0,768.0,768.0,773.0,772.0,770.0,1533.0,1878.0,6118.0,1694.0,2310.0,0.0,769.0,768.0,768.0
1.0,9029.0,2325.0,2305.0,3351.0,2202.0,311.0,1891.0,0.0,769.0,768.0,768.0,775.0,774.0,776.0,2151.0,1530.0,5348.0,311.0,1891.0,0.0,769.0,768.0,768.0
1.0,10055.0,2334.0,2306.0,4274.0,761.0,0.0,716.0,45.0,769.0,769.0,768.0,775.0,782.0,777.0,3534.0,1949.0,4572.0,0.0,716.0,45.0,769.0,769.0,768.0
1.0,11995.0,2328.0,2308.0,4004.0,823.0,0.0,0.0,823.0,770.0,769.0,769.0,778.0,777.0,773.0,5071.0,3129.0,3795.0,0.0,0.0,823.0,770.0,769.0,769.0
1.0,13671.0,2314.0,2308.0,2202.0,1594.0,0.0,0.0,1594.0,770.0,769.0,769.0,774.0,769.0,771.0,5987.0,4662.0,3022.0,0.0,0.0,1594.0,770.0,769.0,769.0
1.0,13559.0,2306.0,2308.0,761.0,2317.0,0.0,0.0,2317.0,770.0,769.0,769.0,768.0,770.0,768.0,5524.0,5784.0,2251.0,0.0,0.0,2317.0,770.0,769.0,769.0
1.0,12014.0,2318.0,2308.0,823.0,2267.0,0.0,0.0,2267.0,770.0,769.0,769.0,772.0,773.0,773.0,4756.0,5730.0,1528.0,0.0,0.0,2267.0,770.0,769.0,769.0
1.0,10519.0,2323.0,2309.0,1594.0,2086.0,638.0,0.0,1448.0,770.0,770.0,769.0,772.0,776.0,775.0,3984.0,4957.0,1578.0,638.0,0.0,1448.0,770.0,770.0,769.0
1.0,9790.0,2334.0,2310.0,2317.0,1864.0,1420.0,444.0,0.0,771.0,770.0,769.0,777.0,775.0,782.0,3212.0,4181.0,2397.0,1420.0,444.0,0.0,771.0,770.0,769.0
1.0,9773.0,2338.0,2311.0,2267.0,3416.0,2195.0,1221.0,0.0,771.0,770.0,770.0,775.0,777.0,786.0,2435.0,3406.0,3932.0,2195.0,1221.0,0.0,771.0,770.0,770.0
1.0,9702.0,2330.0,2311.0,2086.0,4333.0,2337.0,1996.0,0.0,771.0,770.0,770.0,780.0,775.0,775.0,1660.0,2629.0,5413.0,2337.0,1996.0,0.0,771.0,770.0,770.0
1.0,9458.0,2320.0,2311.0,1864.0,4018.0,1693.0,2325.0,0.0,771.0,770.0,770.0,776.0,773.0,771.0,1518.0,1854.0,6086.0,1693.0,2325.0,0.0,771.0,770.0,770.0
1.0,9002.0,2320.0,2311.0,3416.0,2150.0,273.0,1877.0,0.0,771.0,770.0,770.0,775.0,773.0,772.0,2162.0,1525.0,5315.0,273.0,1877.0,0.0,771.0,770.0,770.0
1.0,10098.0,2316.0,2312.0,4333.0,736.0,0.0,659.0,77.0,771.0,771.0,770.0,773.0,773.0,770.0,3582.0,1973.0,4543.0,0.0,659.0,77.0,771.0,771.0,770.0
1.0,12115.0,2327.0,2314.0,4018.0,857.0,0.0,0.0,857.0,772.0,771.0,771.0,773.0,779.0,775.0,5146.0,3196.0,3773.0,0.0,0.0,857.0,772.0,771.0,771.0
1.0,13806.0,2337.0,2314.0,2150.0,1638.0,0.0,0.0,1638.0,772.0,771.0,771.0,776.0,780.0,781.0,6066.0,4742.0,2998.0,0.0,0.0,1638.0,772.0,771.0,771.0
1.0,13619.0,2341.0,2315.0,736.0,2339.0,0.0,0.0,2339.0,772.0,772.0,771.0,781.0,782.0,778.0,5563.0,5839.0,2217.0,0.0,0.0,2339.0,772.0,772.0,771.0
1.0,12014.0,2335.0,2316.0,857.0,2268.0,0.0,0.0,2268.0,772.0,772.0,772.0,777.0,777.0,781.0,4782.0,5716.0,1516.0,0.0,0.0,2268.0,772.0,772.0,772.0
1.0,10536.0,2321.0,2316.0,1638.0,2032.0,625.0,0.0,1407.0,772.0,772.0,772.0,770.0,774.0,777.0,4005.0,4939.0,1592.0,625.0,0.0,1407.0,772.0,772.0,772.0
1.0,9853.0,2326.0,2316.0,2339.0,1869.0,1400.0,469.0,0.0,772.0,772.0,772.0,775.0,774.0,777.0,3235.0,4165.0,2453.0,1400.0,469.0,0.0,772.0,772.0,772.0
1.0,9866.0,2322.0,2317.0,2268.0,3422.0,2181.0,1241.0,0.0,773.0,772.0,772.0,776.0,772.0,774.0,2460.0,3391.0,4015.0,2181.0,1241.0,0.0,773.0,772.0,772.0
1.0,9812.0,2329.0,2317.0,2032.0,4352.0,2334.0,2018.0,0.0,773.0,772.0,772.0,778.0,777.0,774.0,1684.0,2619.0,5509.0,2334.0,2018.0,0.0,773.0,772.0,772.0
1.0,9515.0,2341.0,2317.0,1869.0,4044.0,1716.0,2328.0,0.0,773.0,772.0,772.0,782.0,779.0,780.0,1531.0,1842.0,6142.0,1716.0,2328.0,0.0,773.0,772.0,772.0
1.0,9043.0,2344.0,2319.0,3422.0,2191.0,316.0,1875.0,0.0,773.0,773.0,773.0,781.0,783.0,780.0,2149.0,1532.0,5362.0,316.0,1875.0,0.0,773.0,773.0,773.0
1.0,10121.0,2335.0,2320.0,4352.0,699.0,0.0,639.0,60.0,774.0,773.0,773.0,776.0,782.0,777.0,3549.0,1990.0,4582.0,0.0,639.0,60.0,774.0,773.0,773.0
1.0,12138.0,2319.0,2320.0,4044.0,830.0,0.0,0.0,830.0,774.0,773.0,773.0,773.0,776.0,770.0,5107.0,3226.0,3805.0,0.0,0.0,830.0,774.0,773.0,773.0
1.0,13863.0,2323.0,2320.0,2191.0,1603.0,0.0,0.0,1603.0,774.0,773.0,773.0,777.0,773.0,773.0,6050.0,4778.0,3035.0,0.0,0.0,1603.0,774.0,773.0,773.0
1.0,13731.0,2340.0,2320.0,699.0,2325.0,0.0,0.0,2325.0,774.0,773.0,773.0,781.0,777.0,782.0,5589.0,5880.0,2262.0,0.0,0.0,2325.0,774.0,773.0,773.0
1.0,12090.0,2336.0,2321.0,830.0,2278.0,0.0,0.0,2278.0,774.0,774.0,773.0,776.0,777.0,783.0,4808.0,5742.0,1540.0,0.0,0.0,2278.0,774.0,774.0,773.0
1.0,10584.0,2338.0,2322.0,1603.0,2079.0,617.0,0.0,1462.0,774.0,774.0,774.0,779.0,777.0,782.0,4032.0,4965.0,1587.0,617.0,0.0,1462.0,774.0,774.0,774.0
1.0,9849.0,2343.0,2323.0,2325.0,1866.0,1404.0,462.0,0.0,775.0,774.0,774.0,782.0,780.0,781.0,3253.0,4188.0,2408.0,1404.0,462.0,0.0,775.0,774.0,774.0
1.0,9831.0,2342.0,2323.0,2278.0,3427.0,2186.0,1241.0,0.0,775.0,774.0,774.0,782.0,779.0,781.0,2471.0,3408.0,3952.0,2186.0,1241.0,0.0,775.0,774.0,774.0
1.0,9767.0,2334.0,2323.0,2079.0,4365.0,2347.0,2018.0,0.0,775.0,774.0,774.0,778.0,777.0,779.0,1689.0,2629.0,5449.0,2347.0,2018.0,0.0,775.0,774.0,774.0
1.0,9512.0,2332.0,2323.0,1866.0,4057.0,1724.0,2333.0,0.0,775.0,774.0,774.0,781.0,777.0,774.0,1528.0,1852.0,6132.0,1724.0,2333.0,0.0,775.0,774.0,774.0
1.0,9046.0,2328.0,2323.0,3427.0,2182.0,315.0,1867.0,0.0,775.0,774.0,774.0,777.0,775.0,776.0,2151.0,1537.0,5358.0,315.0,1867.0,0.0,775.0,774.0,774.0
1.0,10145.0,2339.0,2325.0,4365.0,704.0,0.0,630.0,74.0,775.0,775.0,775.0,782.0,776.0,781.0,3560.0,2003.0,4582.0,0.0,630.0,74.0,775.0,775.0,775.0
1.0,12171.0,2352.0,2326.0,4057.0,858.0,0.0,0.0,858.0,776.0,775.0,775.0,786.0,782.0,784.0,5125.0,3245.0,3801.0,0.0,0.0,858.0,776.0,775.0,775.0
1.0,13876.0,2351.0,2327.0,2182.0,1649.0,0.0,0.0,1649.0,776.0,775.0,776.0,783.0,782.0,786.0,6063.0,4796.0,3017.0,0.0,0.0,1649.0,776.0,775.0,776.0
1.0,13707.0,2342.0,2327.0,704.0,2356.0,0.0,0.0,2356.0,776.0,775.0,776.0,781.0,780.0,781.0,5595.0,5881.0,2231.0,0.0,0.0,2356.0,776.0,775.0,776.0
1.0,12069.0,2338.0,2327.0,858.0,2279.0,0.0,0.0,2279.0,776.0,775.0,776.0,779.0,778.0,781.0,4814.0,5731.0,1524.0,0.0,0.0,2279.0,776.0,775.0,776.0
1.0,10589.0,2329.0,2327.0,1649.0,2027.0,620.0,0.0,1407.0,776.0,775.0,776.0,775.0,777.0,777.0,4035.0,4953.0,1601.0,620.0,0.0,1407.0,776.0,775.0,776.0
1.0,9909.0,2338.0,2328.0,2356.0,1883.0,1400.0,483.0,0.0,776.0,776.0,776.0,780.0,779.0,779.0,3260.0,4176.0,2473.0,1400.0,483.0,0.0,776.0,776.0,776.0
1.0,9927.0,2353.0,2329.0,2279.0,3459.0,2190.0,1269.0,0.0,777.0,776.0,776.0,785.0,786.0,782.0,2480.0,3397.0,4050.0,2190.0,1269.0,0.0,777.0,776.0,776.0
1.0,9853.0,2360.0,2330.0,2027.0,4410.0,2355.0,2055.0,0.0,777.0,776.0,777.0,785.0,786.0,789.0,1695.0,2611.0,5547.0,2355.0,2055.0,0.0,777.0,776.0,777.0
1.0,9520.0,2353.0,2331.0,1883.0,4102.0,1740.0,2362.0,0.0,777.0,777.0,777.0,785.0,785.0,783.0,1530.0,1825.0,6165.0,1740.0,2362.0,0.0,777.0,777.0,777.0
1.0,9050.0,2348.0,2331.0,3459.0,2209.0,330.0,1879.0,0.0,777.0,777.0,777.0,780.0,786.0,782.0,2145.0,1523.0,5382.0,330.0,1879.0,0.0,777.0,777.0,777.0
1.0,10161.0,2332.0,2331.0,4410.0,664.0,0.0,601.0,63.0,777.0,777.0,777.0,777.0,777.0,778.0,3555.0,2006.0,4600.0,0.0,601.0,63.0,777.0,777.0,777.0
1.0,12239.0,2334.0,2332.0,4102.0,848.0,0.0,0.0,848.0,777.0,777.0,778.0,775.0,779.0,780.0,5133.0,3284.0,3822.0,0.0,0.0,848.0,777.0,777.0,778.0
1.0,14007.0,2344.0,2332.0,2209.0,1631.0,0.0,0.0,1631.0,777.0,777.0,778.0,780.0,781.0,783.0,6098.0,4867.0,3042.0,0.0,0.0,1631.0,777.0,777.0,778.0
1.0,13872.0,2353.0,2332.0,664.0,2350.0,0.0,0.0,2350.0,777.0,777.0,778.0,785.0,786.0,782.0,5648.0,5965.0,2259.0,0.0,0.0,2350.0,777.0,777.0,778.0
1.0,12183.0,2367.0,2334.0,848.0,2292.0,0.0,0.0,2292.0,778.0,778.0,778.0,787.0,790.0,790.0,4863.0,5780.0,1540.0,0.0,0.0,2292.0,778.0,778.0,778.0
1.0,10664.0,2363.0,2334.0,1631.0,2049.0,599.0,0.0,1450.0,778.0,778.0,778.0,785.0,789.0,789.0,4076.0,4990.0,1598.0,599.0,0.0,1450.0,778.0,778.0,778.0
1.0,9932.0,2363.0,2336.0,2350.0,1872.0,1387.0,485.0,0.0,778.0,779.0,779.0,788.0,791.0,784.0,3291.0,4201.0,2440.0,1387.0,485.0,0.0,778.0,779.0,779.0
1.0,9919.0,2346.0,2337.0,2292.0,3440.0,2172.0,1268.0,0.0,779.0,779.0,779.0,780.0,783.0,783.0,2503.0,3410.0,4006.0,2172.0,1268.0,0.0,779.0,779.0,779.0
1.0,9865.0,2335.0,2337.0,2049.0,4397.0,2354.0,2043.0,0.0,779.0,779.0,779.0,781.0,775.0,779.0,1723.0,2627.0,5515.0,2354.0,2043.0,0.0,779.0,779.0,779.0
1.0,9579.0,2342.0,2337.0,1872.0,4088.0,1747.0,2341.0,0.0,779.0,779.0,779.0,780.0,783.0,779.0,1541.0,1852.0,6186.0,1747.0,2341.0,0.0,779.0,779.0,779.0
1.0,9109.0,2350.0,2337.0,3440.0,2214.0,360.0,1854.0,0.0,779.0,779.0,779.0,785.0,781.0,784.0,2148.0,1554.0,5407.0,360.0,1854.0,0.0,779.0,779.0,779.0
1.0,10199.0,2363.0,2338.0,4397.0,661.0,0.0,598.0,63.0,779.0,779.0,780.0,790.0,787.0,786.0,3535.0,2041.0,4623.0,0.0,598.0,63.0,779.0,779.0,780.0
1.0,12233.0,2372.0,2340.0,4088.0,852.0,0.0,0.0,852.0,780.0,780.0,780.0,794.0,789.0,789.0,5099.0,3297.0,3837.0,0.0,0.0,852.0,780.0,780.0,780.0
1.0,13949.0,2364.0,2340.0,2214.0,1639.0,0.0,0.0,1639.0,780.0,780.0,780.0,787.0,790.0,787.0,6052.0,4849.0,3048.0,0.0,0.0,1639.0,780.0,780.0,780.0
1.0,13799.0,2351.0,2340.0,661.0,2361.0,0.0,0.0,2361.0,780.0,780.0,780.0,779.0,787.0,785.0,5625.0,5913.0,2261.0,0.0,0.0,2361.0,780.0,780.0,780.0
1.0,12109.0,2342.0,2340.0,852.0,2292.0,0.0,0.0,2292.0,780.0,780.0,780.0,778.0,781.0,783.0,4846.0,5724.0,1539.0,0.0,0.0,2292.0,780.0,780.0,780.0
1.0,10619.0,2349.0,2340.0,1639.0,2051.0,614.0,0.0,1437.0,780.0,780.0,780.0,782.0,783.0,784.0,4068.0,4943.0,1608.0,614.0,0.0,1437.0,780.0,780.0,780.0
1.0,9909.0,2351.0,2341.0,2361.0,1921.0,1400.0,521.0,0.0,780.0,780.0,781.0,786.0,781.0,784.0,3286.0,4160.0,2463.0,1400.0,521.0,0.0,780.0,780.0,781.0
1.0,9919.0,2369.0,2343.0,2292.0,3512.0,2196.0,1316.0,0.0,781.0,781.0,781.0,791.0,790.0,788.0,2500.0,3379.0,4040.0,2196.0,1316.0,0.0,781.0,781.0,781.0
1.0,9842.0,2364.0,2343.0,2051.0,4475.0,2371.0,2104.0,0.0,781.0,781.0,781.0,789.0,788.0,787.0,1709.0,2589.0,5544.0,2371.0,2104.0,0.0,781.0,781.0,781.0
1.0,9529.0,2355.0,2343.0,1921.0,4125.0,1759.0,2366.0,0.0,781.0,781.0,781.0,788.0,783.0,784.0,1534.0,1801.0,6194.0,1759.0,2366.0,0.0,781.0,781.0,781.0
1.0,9095.0,2351.0,2343.0,3512.0,2179.0,345.0,1834.0,0.0,781.0,781.0,781.0,782.0,784.0,785.0,2146.0,1539.0,5410.0,345.0,1834.0,0.0,781.0,781.0,781.0
1.0,10256.0,2351.0,2344.0,4475.0,583.0,0.0,514.0,69.0,781.0,781.0,782.0,783.0,784.0,784.0,3560.0,2071.0,4625.0,0.0,514.0,69.0,781.0,781.0,782.0
1.0,12380.0,2353.0,2345.0,4125.0,852.0,0.0,0.0,852.0,782.0,781.0,782.0,783.0,787.0,783.0,5148.0,3391.0,3841.0,0.0,0.0,852.0,782.0,781.0,782.0
1.0,14152.0,2370.0,2346.0,2179.0,1642.0,0.0,0.0,1642.0,782.0,782.0,782.0,790.0,790.0,790.0,6124.0,4970.0,3058.0,0.0,0.0,1642.0,782.0,782.0,782.0
1.0,13961.0,2370.0,2346.0,583.0,2361.0,0.0,0.0,2361.0,782.0,782.0,782.0,791.0,791.0,788.0,5679.0,6014.0,2268.0,0.0,0.0,2361.0,782.0,782.0,782.0
1.0,12174.0,2373.0,2347.0,852.0,2300.0,0.0,0.0,2300.0,783.0,782.0,782.0,794.0,788.0,791.0,4888.0,5737.0,1549.0,0.0,0.0,2300.0,783.0,782.0,782.0
1.0,10653.0,2366.0,2349.0,1642.0,2063.0,612.0,0.0,1451.0,783.0,783.0,783.0,791.0,787.0,788.0,4094.0,4949.0,1610.0,612.0,0.0,1451.0,783.0,783.0,783.0
1.0,9929.0,2354.0,2349.0,2361.0,1932.0,1395.0,537.0,0.0,783.0,783.0,783.0,783.0,784.0,787.0,3303.0,4162.0,2464.0,1395.0,537.0,0.0,783.0,783.0,783.0
1.0,9936.0,2359.0,2349.0,2300.0,3503.0,2181.0,1322.0,0.0,783.0,783.0,783.0,786.0,785.0,788.0,2520.0,3378.0,4038.0,2181.0,1322.0,0.0,783.0,783.0,783.0
1.0,9877.0,2358.0,2349.0,2063.0,4462.0,2355.0,2107.0,0.0,783.0,783.0,783.0,786.0,785.0,787.0,1734.0,2593.0,5550.0,2355.0,2107.0,0.0,783.0,783.0,783.0
1.0,9582.0,2364.0,2349.0,1932.0,4108.0,1747.0,2361.0,0.0,783.0,783.0,783.0,787.0,791.0,786.0,1560.0,1808.0,6214.0,1747.0,2361.0,0.0,783.0,783.0,783.0
1.0,9150.0,2380.0,2352.0,3503.0,2203.0,363.0,1840.0,0.0,784.0,784.0,784.0,792.0,796.0,792.0,2168.0,1554.0,5428.0,363.0,1840.0,0.0,784.0,784.0,784.0
1.0,10273.0,2378.0,2352.0,4462.0,603.0,0.0,528.0,75.0,784.0,784.0,784.0,792.0,795.0,791.0,3557.0,2080.0,4636.0,0.0,528.0,75.0,784.0,784.0,784.0
1.0,12357.0,2377.0,2352.0,4108.0,866.0,0.0,0.0,866.0,784.0,784.0,784.0,796.0,790.0,791.0,5120.0,3392.0,3845.0,0.0,0.0,866.0,784.0,784.0,784.0
1.0,14088.0,2363.0,2352.0,2203.0,1654.0,0.0,0.0,1654.0,784.0,784.0,784.0,789.0,786.0,788.0,6071.0,4963.0,3054.0,0.0,0.0,1654.0,784.0,784.0,784.0
1.0,13928.0,2359.0,2353.0,603.0,2369.0,0.0,0.0,2369.0,785.0,784.0,784.0,787.0,782.0,790.0,5645.0,6017.0,2266.0,0.0,0.0,2369.0,785.0,784.0,784.0
1.0,12172.0,2355.0,2354.0,866.0,2293.0,0.0,0.0,2293.0,785.0,784.0,785.0,789.0,781.0,785.0,4858.0,5763.0,1551.0,0.0,0.0,2293.0,785.0,784.0,785.0
1.0,10683.0,2366.0,2355.0,1654.0,2069.0,644.0,0.0,1425.0,785.0,785.0,785.0,788.0,792.0,786.0,4069.0,4982.0,1632.0,644.0,0.0,1425.0,785.0,785.0,785.0
1.0,9971.0,2370.0,2355.0,2369.0,1956.0,1433.0,523.0,0.0,785.0,785.0,785.0,789.0,788.0,793.0,3281.0,4190.0,2500.0,1433.0,523.0,0.0,785.0,785.0,785.0
1.0,9970.0,2378.0,2355.0,2293.0,3544.0,2225.0,1319.0,0.0,785.0,785.0,785.0,792.0,796.0,790.0,2492.0,3402.0,4076.0,2225.0,1319.0,0.0,785.0,785.0,785.0
1.0,9885.0,2376.0,2357.0,2069.0,4496.0,2377.0,2119.0,0.0,786.0,786.0,785.0,791.0,795.0,790.0,1700.0,2606.0,5579.0,2377.0,2119.0,0.0,786.0,786.0,785.0
1.0,9578.0,2371.0,2358.0,1956.0,4122.0,1737.0,2385.0,0.0,786.0,786.0,786.0,793.0,789.0,789.0,1553.0,1811.0,6214.0,1737.0,2385.0,0.0,786.0,786.0,786.0
1.0,9163.0,2358.0,2358.0,3544.0,2152.0,299.0,1853.0,0.0,786.0,786.0,786.0,787.0,787.0,784.0,2193.0,1545.0,5425.0,299.0,1853.0,0.0,786.0,786.0,786.0
1.0,10349.0,2363.0,2358.0,4496.0,598.0,0.0,520.0,78.0,786.0,786.0,786.0,788.0,786.0,789.0,3631.0,2077.0,4641.0,0.0,520.0,78.0,786.0,786.0,786.0
1.0,12482.0,2364.0,2358.0,4122.0,866.0,0.0,0.0,866.0,786.0,786.0,786.0,787.0,789.0,788.0,5220.0,3410.0,3852.0,0.0,0.0,866.0,786.0,786.0,786.0
1.0,14240.0,2387.0,2358.0,2152.0,1666.0,0.0,0.0,1666.0,786.0,786.0,786.0,794.0,793.0,800.0,6170.0,5006.0,3064.0,0.0,0.0,1666.0,786.0,786.0,786.0
1.0,14005.0,2386.0,2361.0,598.0,2389.0,0.0,0.0,2389.0,787.0,787.0,787.0,796.0,794.0,796.0,5675.0,6066.0,2264.0,0.0,0.0,2389.0,787.0,787.0,787.0
1.0,12217.0,2379.0,2361.0,866.0,2315.0,0.0,0.0,2315.0,787.0,787.0,787.0,795.0,792.0,792.0,4879.0,5792.0,1546.0,0.0,0.0,2315.0,787.0,787.0,787.0
1.0,10704.0,2363.0,2361.0,1666.0,2078.0,642.0,0.0,1436.0,787.0,787.0,787.0,791.0,785.0,787.0,4084.0,5000.0,1620.0,642.0,0.0,1436.0,787.0,787.0,787.0
1.0,10007.0,2371.0,2361.0,2389.0,1948.0,1435.0,513.0,0.0,787.0,787.0,787.0,793.0,793.0,785.0,3293.0,4215.0,2499.0,1435.0,513.0,0.0,787.0,787.0,787.0
1.0,10025.0,2366.0,2361.0,2315.0,3529.0,2224.0,1305.0,0.0,787.0,787.0,787.0,789.0,792.0,785.0,2500.0,3422.0,4103.0,2224.0,1305.0,0.0,787.0,787.0,787.0
1.0,9974.0,2381.0,2363.0,2078.0,4485.0,2379.0,2106.0,0.0,788.0,788.0,787.0,792.0,796.0,793.0,1711.0,2630.0,5633.0,2379.0,2106.0,0.0,788.0,788.0,787.0
1.0,9671.0,2386.0,2363.0,1948.0,4128.0,1739.0,2389.0,0.0,788.0,788.0,787.0,795.0,796.0,795.0,1561.0,1834.0,6276.0,1739.0,2389.0,0.0,788.0,788.0,787.0
1.0,9233.0,2390.0,2364.0,3529.0,2192.0,311.0,1881.0,0.0,788.0,788.0,788.0,796.0,797.0,797.0,2201.0,1551.0,5481.0,311.0,1881.0,0.0,788.0,788.0,788.0
1.0,10372.0,2381.0,2364.0,4485.0,618.0,0.0,569.0,49.0,788.0,788.0,788.0,794.0,794.0,793.0,3629.0,2059.0,4684.0,0.0,569.0,49.0,788.0,788.0,788.0
1.0,12476.0,2373.0,2365.0,4128.0,841.0,0.0,0.0,841.0,789.0,788.0,788.0,793.0,788.0,792.0,5214.0,3371.0,3891.0,0.0,0.0,841.0,789.0,788.0,788.0
1.0,14231.0,2374.0,2365.0,2192.0,1635.0,0.0,0.0,1635.0,789.0,788.0,788.0,791.0,789.0,794.0,6160.0,4972.0,3099.0,0.0,0.0,1635.0,789.0,788.0,788.0
1.0,14049.0,2373.0,2365.0,618.0,2377.0,0.0,0.0,2377.0,789.0,788.0,788.0,794.0,788.0,791.0,5680.0,6064.0,2305.0,0.0,0.0,2377.0,789.0,788.0,788.0
1.0,12294.0,2387.0,2365.0,841.0,2333.0,0.0,0.0,2333.0,789.0,788.0,788.0,794.0,796.0,797.0,4886.0,5845.0,1563.0,0.0,0.0,2333.0,789.0,788.0,788.0
1.0,10748.0,2399.0,2367.0,1635.0,2155.0,652.0,0.0,1503.0,789.0,789.0,789.0,799.0,800.0,800.0,4092.0,5049.0,1607.0,652.0,0.0,1503.0,789.0,789.0,789.0
1.0,9984.0,2390.0,2368.0,2377.0,1951.0,1457.0,494.0,0.0,790.0,789.0,789.0,800.0,798.0,792.0,3293.0,4249.0,2442.0,1457.0,494.0,0.0,790.0,789.0,789.0
1.0,9971.0,2388.0,2369.0,2333.0,3551.0,2250.0,1301.0,0.0,790.0,790.0,789.0,793.0,802.0,793.0,2493.0,3451.0,4027.0,2250.0,1301.0,0.0,790.0,790.0,789.0
1.0,9916.0,2380.0,2369.0,2155.0,4486.0,2392.0,2094.0,0.0,790.0,790.0,789.0,794.0,793.0,793.0,1700.0,2649.0,5567.0,2392.0,2094.0,0.0,790.0,790.0,789.0
1.0,9691.0,2379.0,2370.0,1951.0,4119.0,1729.0,2390.0,0.0,790.0,790.0,790.0,794.0,790.0,795.0,1558.0,1856.0,6277.0,1729.0,2390.0,0.0,790.0,790.0,790.0
1.0,9263.0,2383.0,2370.0,3551.0,2156.0,273.0,1883.0,0.0,790.0,790.0,790.0,794.0,794.0,795.0,2221.0,1560.0,5482.0,273.0,1883.0,0.0,790.0,790.0,790.0
1.0,10431.0,2394.0,2371.0,4486.0,649.0,0.0,585.0,64.0,791.0,790.0,790.0,797.0,796.0,801.0,3677.0,2067.0,4687.0,0.0,585.0,64.0,791.0,790.0,790.0
1.0,12523.0,2394.0,2371.0,4119.0,861.0,0.0,0.0,861.0,791.0,790.0,790.0,798.0,799.0,797.0,5272.0,3365.0,3886.0,0.0,0.0,861.0,791.0,790.0,790.0
1.0,14248.0,2398.0,2373.0,2156.0,1667.0,0.0,0.0,1667.0,791.0,791.0,791.0,796.0,801.0,801.0,6203.0,4956.0,3089.0,0.0,0.0,1667.0,791.0,791.0,791.0
1.0,14006.0,2400.0,2373.0,649.0,2403.0,0.0,0.0,2403.0,791.0,791.0,791.0,798.0,802.0,800.0,5680.0,6038.0,2288.0,0.0,0.0,2403.0,791.0,791.0,791.0
1.0,12255.0,2378.0,2373.0,861.0,2333.0,0.0,0.0,2333.0,791.0,791.0,791.0,793.0,794.0,791.0,4882.0,5821.0,1552.0,0.0,0.0,2333.0,791.0,791.0,791.0
1.0,10738.0,2376.0,2373.0,1667.0,2115.0,655.0,0.0,1460.0,791.0,791.0,791.0,789.0,793.0,794.0,4089.0,5027.0,1622.0,655.0,0.0,1460.0,791.0,791.0,791.0
1.0,10029.0,2382.0,2374.0,2403.0,1971.0,1456.0,515.0,0.0,792.0,791.0,791.0,796.0,794.0,792.0,3300.0,4234.0,2495.0,1456.0,515.0,0.0,792.0,791.0,791.0
1.0,10050.0,2383.0,2375.0,2333.0,3565.0,2252.0,1313.0,0.0,792.0,792.0,791.0,796.0,793.0,794.0,2504.0,3440.0,4106.0,2252.0,1313.0,0.0,792.0,792.0,791.0
1.0,10000.0,2402.0,2376.0,2115.0,4513.0,2399.0,2114.0,0.0,792.0,792.0,792.0,802.0,801.0,799.0,1708.0,2647.0,5645.0,2399.0,2114.0,0.0,792.0,792.0,792.0
1.0,9713.0,2411.0,2377.0,1971.0,4152.0,1750.0,2402.0,0.0,793.0,792.0,792.0,802.0,803.0,806.0,1561.0,1846.0,6306.0,1750.0,2402.0,0.0,793.0,792.0,792.0
1.0,9273.0,2400.0,2378.0,3565.0,2194.0,298.0,1896.0,0.0,793.0,793.0,792.0,800.0,802.0,798.0,2215.0,1558.0,5500.0,298.0,1896.0,0.0,793.0,793.0,792.0
1.0,10438.0,2392.0,2378.0,4513.0,635.0,0.0,579.0,56.0,793.0,793.0,792.0,797.0,797.0,798.0,3667.0,2069.0,4702.0,0.0,579.0,56.0,793.0,793.0,792.0
1.0,12559.0,2385.0,2379.0,4152.0,860.0,0.0,0.0,860.0,793.0,793.0,793.0,790.0,796.0,799.0,5269.0,3386.0,3904.0,0.0,0.0,860.0,793.0,793.0,793.0
1.0,14326.0,2387.0,2379.0,2194.0,1659.0,0.0,0.0,1659.0,793.0,793.0,793.0,792.0,796.0,799.0,6229.0,4992.0,3105.0,0.0,0.0,1659.0,793.0,793.0,793.0
1.0,14133.0,2393.0,2379.0,635.0,2400.0,0.0,0.0,2400.0,793.0,793.0,793.0,798.0,798.0,797.0,5735.0,6092.0,2306.0,0.0,0.0,2400.0,793.0,793.0,793.0
1.0,12375.0,2402.0,2380.0,860.0,2340.0,0.0,0.0,2340.0,793.0,794.0,793.0,802.0,800.0,800.0,4937.0,5873.0,1565.0,0.0,0.0,2340.0,793.0,794.0,793.0
1.0,10833.0,2404.0,2382.0,1659.0,2123.0,637.0,0.0,1486.0,794.0,794.0,794.0,802.0,802.0,800.0,4135.0,5073.0,1625.0,637.0,0.0,1486.0,794.0,794.0,794.0
1.0,10088.0,2397.0,2382.0,2400.0,1933.0,1437.0,496.0,0.0,794.0,794.0,794.0,800.0,797.0,800.0,3333.0,4271.0,2484.0,1437.0,496.0,0.0,794.0,794.0,794.0
1.0,10091.0,2390.0,2382.0,2340.0,3525.0,2231.0,1294.0,0.0,794.0,794.0,794.0,794.0,798.0,798.0,2533.0,3474.0,4084.0,2231.0,1294.0,0.0,794.0,794.0,794.0
1.0,10041.0,2383.0,2382.0,2123.0,4478.0,2390.0,2088.0,0.0,794.0,794.0,794.0,796.0,794.0,793.0,1739.0,2676.0,5626.0,2390.0,2088.0,0.0,794.0,794.0,794.0
1.0,9781.0,2388.0,2382.0,1933.0,4139.0,1745.0,2394.0,0.0,794.0,794.0,794.0,792.0,802.0,794.0,1580.0,1882.0,6319.0,1745.0,2394.0,0.0,794.0,794.0,794.0
1.0,9326.0,2406.0,2383.0,3525.0,2221.0,314.0,1907.0,0.0,794.0,795.0,794.0,800.0,802.0,804.0,2225.0,1576.0,5525.0,314.0,1907.0,0.0,794.0,795.0,794.0
1.0,10445.0,2414.0,2385.0,4478.0,686.0,0.0,626.0,60.0,795.0,795.0,795.0,801.0,807.0,806.0,3656.0,2068.0,4721.0,0.0,626.0,60.0,795.0,795.0,795.0
1.0,12509.0,2417.0,2386.0,4139.0,866.0,0.0,0.0,866.0,795.0,796.0,795.0,804.0,807.0,806.0,5245.0,3349.0,3915.0,0.0,0.0,866.0,795.0,796.0,795.0
1.0,14231.0,2409.0,2386.0,2221.0,1672.0,0.0,0.0,1672.0,795.0,796.0,795.0,804.0,799.0,806.0,6186.0,4936.0,3109.0,0.0,0.0,1672.0,795.0,796.0,795.0
1.0,14043.0,2396.0,2386.0,686.0,2409.0,0.0,0.0,2409.0,795.0,796.0,795.0,801.0,798.0,797.0,5696.0,6044.0,2303.0,0.0,0.0,2409.0,795.0,796.0,795.0
1.0,12333.0,2383.0,2387.0,866.0,2342.0,0.0,0.0,2342.0,795.0,796.0,796.0,795.0,794.0,794.0,4895.0,5872.0,1566.0,0.0,0.0,2342.0,795.0,796.0,796.0
1.0,10816.0,2396.0,2388.0,1672.0,2144.0,677.0,0.0,1467.0,796.0,796.0,796.0,797.0,802.0,797.0,4100.0,5078.0,1638.0,677.0,0.0,1467.0,796.0,796.0,796.0
1.0,10092.0,2401.0,2388.0,2409.0,1982.0,1477.0,505.0,0.0,796.0,796.0,796.0,800.0,801.0,800.0,3303.0,4276.0,2513.0,1477.0,505.0,0.0,796.0,796.0,796.0
1.0,10100.0,2409.0,2388.0,2342.0,3588.0,2281.0,1307.0,0.0,796.0,796.0,796.0,804.0,802.0,803.0,2503.0,3475.0,4122.0,2281.0,1307.0,0.0,796.0,796.0,796.0
1.0,10033.0,2425.0,2390.0,2144.0,4534.0,2412.0,2122.0,0.0,796.0,797.0,797.0,808.0,810.0,807.0,1699.0,2673.0,5661.0,2412.0,2122.0,0.0,796.0,797.0,797.0
1.0,9752.0,2412.0,2391.0,1982.0,4167.0,1745.0,2422.0,0.0,797.0,797.0,797.0,805.0,805.0,802.0,1568.0,1863.0,6321.0,1745.0,2422.0,0.0,797.0,797.0,797.0
1.0,9322.0,2403.0,2391.0,3588.0,2181.0,266.0,1915.0,0.0,797.0,797.0,797.0,802.0,800.0,801.0,2240.0,1563.0,5519.0,266.0,1915.0,0.0,797.0,797.0,797.0
1.0,10507.0,2398.0,2391.0,4534.0,658.0,0.0,590.0,68.0,797.0,797.0,797.0,800.0,797.0,801.0,3719.0,2070.0,4718.0,0.0,590.0,68.0,797.0,797.0,797.0
1.0,12643.0,2398.0,2392.0,4167.0,871.0,0.0,0.0,871.0,797.0,798.0,797.0,797.0,798.0,803.0,5331.0,3395.0,3917.0,0.0,0.0,871.0,797.0,798.0,797.0
1.0,14412.0,2410.0,2393.0,2181.0,1679.0,0.0,0.0,1679.0,797.0,798.0,798.0,804.0,803.0,803.0,6279.0,5019.0,3114.0,0.0,0.0,1679.0,797.0,798.0,798.0
1.0,14183.0,2421.0,2394.0,658.0,2418.0,0.0,0.0,2418.0,798.0,798.0,798.0,807.0,807.0,807.0,5741.0,6131.0,2311.0,0.0,0.0,2418.0,798.0,798.0,798.0
1.0,12420.0,2421.0,2394.0,871.0,2354.0,0.0,0.0,2354.0,798.0,798.0,798.0,805.0,809.0,807.0,4934.0,5914.0,1572.0,0.0,0.0,2354.0,798.0,798.0,798.0
1.0,10870.0,2425.0,2396.0,1679.0,2156.0,670.0,0.0,1486.0,798.0,799.0,799.0,809.0,810.0,806.0,4129.0,5105.0,1636.0,670.0,0.0,1486.0,798.0,799.0,799.0
1.0,10124.0,2405.0,2396.0,2418.0,1978.0,1473.0,505.0,0.0,798.0,799.0,799.0,803.0,805.0,797.0,3320.0,4295.0,2509.0,1473.0,505.0,0.0,798.0,799.0,799.0
1.0,10137.0,2402.0,2396.0,2354.0,3580.0,2275.0,1305.0,0.0,798.0,799.0,799.0,802.0,800.0,800.0,2517.0,3490.0,4130.0,2275.0,1305.0,0.0,798.0,799.0,799.0
1.0,10089.0,2401.0,2397.0,2156.0,4515.0,2409.0,2106.0,0.0,799.0,799.0,799.0,799.0,801.0,801.0,1715.0,2690.0,5684.0,2409.0,2106.0,0.0,799.0,799.0,799.0
1.0,9844.0,2413.0,2397.0,1978.0,4143.0,1737.0,2406.0,0.0,799.0,799.0,799.0,801.0,805.0,807.0,1586.0,1889.0,6369.0,1737.0,2406.0,0.0,799.0,799.0,799.0
1.0,9409.0,2418.0,2398.0,3580.0,2180.0,268.0,1912.0,0.0,799.0,800.0,799.0,806.0,806.0,806.0,2258.0,1589.0,5562.0,268.0,1912.0,0.0,799.0,800.0,799.0
1.0,10571.0,2425.0,2399.0,4515.0,668.0,0.0,613.0,55.0,799.0,800.0,800.0,807.0,807.0,811.0,3727.0,2088.0,4756.0,0.0,613.0,55.0,799.0,800.0,800.0
1.0,12661.0,2423.0,2400.0,4143.0,860.0,0.0,0.0,860.0,800.0,800.0,800.0,812.0,806.0,805.0,5329.0,3387.0,3945.0,0.0,0.0,860.0,800.0,800.0,800.0
1.0,14381.0,2410.0,2400.0,2180.0,1663.0,0.0,0.0,1663.0,800.0,800.0,800.0,804.0,803.0,803.0,6254.0,4987.0,3140.0,0.0,0.0,1663.0,800.0,800.0,800.0
1.0,14151.0,2408.0,2400.0,668.0,2409.0,0.0,0.0,2409.0,800.0,800.0,800.0,805.0,802.0,801.0,5718.0,6096.0,2337.0,0.0,0.0,2409.0,800.0,800.0,800.0
1.0,12411.0,2399.0,2400.0,860.0,2347.0,0.0,0.0,2347.0,800.0,800.0,800.0,799.0,802.0,798.0,4913.0,5907.0,1591.0,0.0,0.0,2347.0,800.0,800.0,800.0
1.0,10872.0,2420.0,2401.0,1663.0,2181.0,691.0,0.0,1490.0,800.0,801.0,800.0,805.0,809.0,806.0,4114.0,5105.0,1653.0,691.0,0.0,1490.0,800.0,801.0,800.0
1.0,10115.0,2425.0,2402.0,2409.0,2020.0,1501.0,519.0,0.0,800.0,801.0,801.0,810.0,810.0,805.0,3309.0,4296.0,2510.0,1501.0,519.0,0.0,800.0,801.0,801.0
1.0,10099.0,2437.0,2403.0,2347.0,3649.0,2320.0,1329.0,0.0,801.0,801.0,801.0,814.0,810.0,813.0,2499.0,3486.0,4114.0,2320.0,1329.0,0.0,801.0,801.0,801.0
1.0,10009.0,2420.0,2404.0,2181.0,4573.0,2435.0,2138.0,0.0,801.0,802.0,801.0,806.0,804.0,810.0,1685.0,2676.0,5648.0,2435.0,2138.0,0.0,801.0,802.0,801.0
1.0,9770.0,2414.0,2404.0,2020.0,4160.0,1740.0,2420.0,0.0,801.0,802.0,801.0,806.0,801.0,807.0,1570.0,1872.0,6328.0,1740.0,2420.0,0.0,801.0,802.0,801.0
1.0,9376.0,2420.0,2405.0,3649.0,2123.0,227.0,1896.0,0.0,801.0,802.0,802.0,807.0,805.0,808.0,2265.0,1590.0,5521.0,227.0,1896.0,0.0,801.0,802.0,802.0
1.0,10605.0,2418.0,2405.0,4573.0,668.0,0.0,563.0,105.0,801.0,802.0,802.0,805.0,805.0,808.0,3778.0,2114.0,4713.0,0.0,563.0,105.0,801.0,802.0,802.0
1.0,12760.0,2417.0,2406.0,4160.0,910.0,0.0,0.0,910.0,802.0,802.0,802.0,806.0,806.0,805.0,5408.0,3447.0,3905.0,0.0,0.0,910.0,802.0,802.0,802.0
1.0,14503.0,2431.0,2406.0,2123.0,1722.0,0.0,0.0,1722.0,802.0,802.0,802.0,806.0,813.0,812.0,6342.0,5061.0,3100.0,0.0,0.0,1722.0,802.0,802.0,802.0
1.0,14195.0,2432.0,2408.0,668.0,2430.0,0.0,0.0,2430.0,802.0,803.0,803.0,809.0,815.0,808.0,5763.0,6144.0,2288.0,0.0,0.0,2430.0,802.0,803.0,803.0
1.0,12431.0,2432.0,2408.0,910.0,2331.0,0.0,0.0,2331.0,802.0,803.0,803.0,808.0,813.0,811.0,4954.0,5892.0,1585.0,0.0,0.0,2331.0,802.0,803.0,803.0
1.0,10909.0,2426.0,2409.0,1722.0,2096.0,680.0,0.0,1416.0,803.0,803.0,803.0,811.0,808.0,807.0,4146.0,5079.0,1684.0,680.0,0.0,1416.0,803.0,803.0,803.0
1.0,10205.0,2414.0,2409.0,2430.0,2034.0,1487.0,547.0,0.0,803.0,803.0,803.0,807.0,803.0,804.0,3335.0,4271.0,2599.0,1487.0,547.0,0.0,803.0,803.0,803.0
1.0,10221.0,2414.0,2409.0,2331.0,3642.0,2293.0,1349.0,0.0,803.0,803.0,803.0,806.0,802.0,806.0,2528.0,3468.0,4225.0,2293.0,1349.0,0.0,803.0,803.0,803.0
1.0,10138.0,2418.0,2409.0,2096.0,4573.0,2419.0,2154.0,0.0,803.0,803.0,803.0,806.0,805.0,807.0,1722.0,2666.0,5750.0,2419.0,2154.0,0.0,803.0,803.0,803.0
1.0,9816.0,2437.0,2412.0,2034.0,4172.0,1750.0,2422.0,0.0,804.0,804.0,804.0,813.0,810.0,814.0,1596.0,1861.0,6359.0,1750.0,2422.0,0.0,804.0,804.0,804.0
1.0,9413.0,2434.0,2412.0,3642.0,2149.0,264.0,1885.0,0.0,804.0,804.0,804.0,807.0,812.0,815.0,2270.0,1598.0,5545.0,264.0,1885.0,0.0,804.0,804.0,804.0
1.0,10621.0,2438.0,2412.0,4573.0,648.0,0.0,546.0,102.0,804.0,804.0,804.0,811.0,815.0,812.0,3756.0,2135.0,4730.0,0.0,546.0,102.0,804.0,804.0,804.0
1.0,12756.0,2425.0,2413.0,4172.0,912.0,0.0,0.0,912.0,804.0,805.0,804.0,806.0,809.0,810.0,5364.0,3474.0,3918.0,0.0,0.0,912.0,804.0,805.0,804.0
1.0,14503.0,2423.0,2414.0,2149.0,1722.0,0.0,0.0,1722.0,804.0,805.0,805.0,807.0,811.0,805.0,6308.0,5087.0,3108.0,0.0,0.0,1722.0,804.0,805.0,805.0
1.0,14229.0,2422.0,2414.0,648.0,2424.0,0.0,0.0,2424.0,804.0,805.0,805.0,811.0,807.0,804.0,5765.0,6161.0,2303.0,0.0,0.0,2424.0,804.0,805.0,805.0
1.0,12455.0,2423.0,2415.0,912.0,2320.0,0.0,0.0,2320.0,805.0,805.0,805.0,807.0,808.0,808.0,4954.0,5900.0,1601.0,0.0,0.0,2320.0,805.0,805.0,805.0
1.0,10944.0,2442.0,2415.0,1722.0,2105.0,691.0,0.0,1414.0,805.0,805.0,805.0,813.0,813.0,816.0,4147.0,5092.0,1705.0,691.0,0.0,1414.0,805.0,805.0,805.0
1.0,10224.0,2435.0,2417.0,2424.0,2063.0,1504.0,559.0,0.0,805.0,806.0,806.0,813.0,808.0,814.0,3334.0,4279.0,2611.0,1504.0,559.0,0.0,805.0,806.0,806.0
1.0,10213.0,2437.0,2418.0,2320.0,3693.0,2320.0,1373.0,0.0,806.0,806.0,806.0,811.0,814.0,812.0,2521.0,3471.0,4221.0,2320.0,1373.0,0.0,806.0,806.0,806.0
1.0,10096.0,2430.0,2418.0,2105.0,4621.0,2436.0,2185.0,0.0,806.0,806.0,806.0,807.0,812.0,811.0,1710.0,2657.0,5729.0,2436.0,2185.0,0.0,806.0,806.0,806.0
1.0,9771.0,2422.0,2418.0,2063.0,4169.0,1738.0,2431.0,0.0,806.0,806.0,806.0,806.0,805.0,811.0,1594.0,1845.0,6332.0,1738.0,2431.0,0.0,806.0,806.0,806.0
1.0,9412.0,2427.0,2418.0,3693.0,2096.0,226.0,1870.0,0.0,806.0,806.0,806.0,808.0,812.0,807.0,2292.0,1599.0,5521.0,226.0,1870.0,0.0,806.0,806.0,806.0
1.0,10678.0,2440.0,2418.0,4621.0,624.0,0.0,495.0,129.0,806.0,806.0,806.0,817.0,810.0,813.0,3804.0,2160.0,4714.0,0.0,495.0,129.0,806.0,806.0,806.0
1.0,12859.0,2446.0,2421.0,4169.0,951.0,0.0,0.0,951.0,807.0,807.0,807.0,815.0,814.0,817.0,5423.0,3535.0,3901.0,0.0,0.0,951.0,807.0,807.0,807.0
1.0,14582.0,2439.0,2421.0,2096.0,1763.0,0.0,0.0,1763.0,807.0,807.0,807.0,813.0,814.0,812.0,6346.0,5152.0,3084.0,0.0,0.0,1763.0,807.0,807.0,807.0
1.0,14239.0,2434.0,2421.0,624.0,2448.0,0.0,0.0,2448.0,807.0,807.0,807.0,811.0,809.0,814.0,5759.0,6208.0,2272.0,0.0,0.0,2448.0,807.0,807.0,807.0
1.0,12429.0,2433.0,2421.0,951.0,2308.0,0.0,0.0,2308.0,807.0,807.0,807.0,810.0,812.0,811.0,4948.0,5894.0,1587.0,0.0,0.0,2308.0,807.0,807.0,807.0
1.0,10947.0,2428.0,2421.0,1763.0,2060.0,708.0,0.0,1352.0,807.0,807.0,807.0,811.0,810.0,807.0,4138.0,5082.0,1727.0,708.0,0.0,1352.0,807.0,807.0,807.0
1.0,10282.0,2432.0,2422.0,2448.0,2094.0,1520.0,574.0,0.0,807.0,807.0,808.0,812.0,811.0,809.0,3327.0,4272.0,2683.0,1520.0,574.0,0.0,807.0,807.0,808.0
1.0,10298.0,2443.0,2424.0,2308.0,3735.0,2341.0,1394.0,0.0,808.0,808.0,808.0,816.0,815.0,812.0,2515.0,3461.0,4322.0,2341.0,1394.0,0.0,808.0,808.0,808.0
1.0,10163.0,2456.0,2424.0,2060.0,4667.0,2451.0,2216.0,0.0,808.0,808.0,808.0,818.0,822.0,816.0,1699.0,2646.0,5818.0,2451.0,2216.0,0.0,808.0,808.0,808.0
1.0,9767.0,2457.0,2425.0,2094.0,4214.0,1749.0,2465.0,0.0,808.0,809.0,808.0,818.0,818.0,821.0,1589.0,1824.0,6354.0,1749.0,2465.0,0.0,808.0,809.0,808.0
1.0,9404.0,2454.0,2427.0,3735.0,2115.0,228.0,1887.0,0.0,809.0,809.0,809.0,815.0,816.0,823.0,2291.0,1580.0,5533.0,228.0,1887.0,0.0,809.0,809.0,809.0
1.0,10685.0,2435.0,2427.0,4667.0,632.0,0.0,487.0,145.0,809.0,809.0,809.0,809.0,816.0,810.0,3817.0,2158.0,4710.0,0.0,487.0,145.0,809.0,809.0,809.0
1.0,12917.0,2431.0,2427.0,4214.0,956.0,0.0,0.0,956.0,809.0,809.0,809.0,812.0,808.0,811.0,5459.0,3558.0,3900.0,0.0,0.0,956.0,809.0,809.0,809.0
1.0,14700.0,2435.0,2427.0,2115.0,1769.0,0.0,0.0,1769.0,809.0,809.0,809.0,811.0,811.0,813.0,6396.0,5215.0,3089.0,0.0,0.0,1769.0,809.0,809.0,809.0
1.0,14380.0,2442.0,2427.0,632.0,2431.0,0.0,0.0,2431.0,809.0,809.0,809.0,818.0,817.0,807.0,5813.0,6291.0,2276.0,0.0,0.0,2431.0,809.0,809.0,809.0
1.0,12570.0,2452.0,2429.0,956.0,2298.0,0.0,0.0,2298.0,809.0,810.0,810.0,817.0,817.0,818.0,4995.0,5961.0,1614.0,0.0,0.0,2298.0,809.0,810.0,810.0
1.0,11074.0,2449.0,2430.0,1769.0,2036.0,688.0,0.0,1348.0,810.0,810.0,810.0,816.0,814.0,819.0,4178.0,5144.0,1752.0,688.0,0.0,1348.0,810.0,810.0,810.0
1.0,10394.0,2446.0,2430.0,2431.0,2039.0,1503.0,536.0,0.0,810.0,810.0,810.0,815.0,816.0,815.0,3362.0,4330.0,2702.0,1503.0,536.0,0.0,810.0,810.0,810.0
1.0,10379.0,2436.0,2430.0,2298.0,3661.0,2311.0,1350.0,0.0,810.0,810.0,810.0,808.0,814.0,814.0,2547.0,3514.0,4318.0,2311.0,1350.0,0.0,810.0,810.0,810.0
1.0,10241.0,2442.0,2430.0,2036.0,4601.0,2438.0,2163.0,0.0,810.0,810.0,810.0,815.0,813.0,814.0,1739.0,2700.0,5802.0,2438.0,2163.0,0.0,810.0,810.0,810.0
1.0,9835.0,2432.0,2431.0,2039.0,4179.0,1742.0,2437.0,0.0,810.0,810.0,811.0,807.0,810.0,815.0,1612.0,1887.0,6336.0,1742.0,2437.0,0.0,810.0,810.0,811.0
1.0,9442.0,2445.0,2432.0,3661.0,2152.0,247.0,1905.0,0.0,810.0,811.0,811.0,816.0,813.0,816.0,2308.0,1613.0,5521.0,247.0,1905.0,0.0,810.0,811.0,811.0
1.0,10658.0,2452.0,2433.0,4601.0,725.0,0.0,560.0,165.0,811.0,811.0,811.0,819.0,818.0,815.0,3803.0,2150.0,4705.0,0.0,560.0,165.0,811.0,811.0,811.0
1.0,12807.0,2454.0,2433.0,4179.0,984.0,0.0,0.0,984.0,811.0,811.0,811.0,817.0,818.0,819.0,5422.0,3495.0,3890.0,0.0,0.0,984.0,811.0,811.0,811.0
1.0,14532.0,2448.0,2434.0,2152.0,1801.0,0.0,0.0,1801.0,811.0,811.0,812.0,817.0,819.0,812.0,6347.0,5114.0,3071.0,0.0,0.0,1801.0,811.0,811.0,812.0
1.0,14236.0,2440.0,2435.0,725.0,2446.0,0.0,0.0,2446.0,811.0,812.0,812.0,813.0,817.0,810.0,5777.0,6200.0,2259.0,0.0,0.0,2446.0,811.0,812.0,812.0
1.0,12521.0,2429.0,2435.0,984.0,2269.0,0.0,0.0,2269.0,811.0,812.0,812.0,810.0,812.0,807.0,4964.0,5943.0,1614.0,0.0,0.0,2269.0,811.0,812.0,812.0
1.0,11076.0,2443.0,2435.0,1801.0,1995.0,712.0,0.0,1283.0,811.0,812.0,812.0,811.0,817.0,815.0,4154.0,5131.0,1791.0,712.0,0.0,1283.0,811.0,812.0,812.0
1.0,10434.0,2454.0,2435.0,2446.0,2097.0,1531.0,566.0,0.0,811.0,812.0,812.0,819.0,820.0,815.0,3343.0,4314.0,2777.0,1531.0,566.0,0.0,811.0,812.0,812.0
1.0,10426.0,2455.0,2436.0,2269.0,3741.0,2356.0,1385.0,0.0,812.0,812.0,812.0,820.0,819.0,816.0,2524.0,3494.0,4408.0,2356.0,1385.0,0.0,812.0,812.0,812.0
1.0,10240.0,2458.0,2437.0,1995.0,4671.0,2464.0,2207.0,0.0,812.0,813.0,812.0,820.0,817.0,821.0,1704.0,2675.0,5861.0,2464.0,2207.0,0.0,812.0,813.0,812.0
1.0,9777.0,2454.0,2437.0,2097.0,4209.0,1751.0,2458.0,0.0,812.0,813.0,812.0,818.0,817.0,819.0,1596.0,1858.0,6323.0,1751.0,2458.0,0.0,812.0,813.0,812.0
1.0,9420.0,2452.0,2438.0,3741.0,2101.0,214.0,1887.0,0.0,812.0,813.0,813.0,819.0,814.0,819.0,2309.0,1607.0,5504.0,214.0,1887.0,0.0,812.0,813.0,813.0
1.0,10709.0,2439.0,2439.0,4671.0,689.0,0.0,494.0,195.0,813.0,813.0,813.0,810.0,814.0,815.0,3846.0,2178.0,4685.0,0.0,494.0,195.0,813.0,813.0,813.0
1.0,12941.0,2443.0,2439.0,4209.0,1007.0,0.0,0.0,1007.0,813.0,813.0,813.0,814.0,817.0,812.0,5500.0,3571.0,3870.0,0.0,0.0,1007.0,813.0,813.0,813.0
1.0,14707.0,2450.0,2439.0,2101.0,1822.0,0.0,0.0,1822.0,813.0,813.0,813.0,816.0,819.0,815.0,6437.0,5212.0,3058.0,0.0,0.0,1822.0,813.0,813.0,813.0
1.0,14358.0,2462.0,2439.0,689.0,2448.0,0.0,0.0,2448.0,813.0,813.0,813.0,821.0,820.0,821.0,5835.0,6280.0,2243.0,0.0,0.0,2448.0,813.0,813.0,813.0
1.0,12585.0,2465.0,2441.0,1007.0,2267.0,0.0,0.0,2267.0,813.0,814.0,814.0,821.0,823.0,821.0,5014.0,5954.0,1617.0,0.0,0.0,2267.0,813.0,814.0,814.0
1.0,11127.0,2466.0,2442.0,1822.0,1969.0,700.0,0.0,1269.0,814.0,814.0,814.0,823.0,819.0,824.0,4193.0,5131.0,1803.0,700.0,0.0,1269.0,814.0,814.0,814.0
1.0,10483.0,2461.0,2442.0,2448.0,2102.0,1524.0,578.0,0.0,814.0,814.0,814.0,824.0,820.0,817.0,3370.0,4312.0,2801.0,1524.0,578.0,0.0,814.0,814.0,814.0
1.0,10470.0,2447.0,2442.0,2267.0,3731.0,2342.0,1389.0,0.0,814.0,814.0,814.0,818.0,811.0,818.0,2546.0,3492.0,4432.0,2342.0,1389.0,0.0,814.0,814.0,814.0
1.0,10290.0,2452.0,2442.0,1969.0,4662.0,2460.0,2202.0,0.0,814.0,814.0,814.0,818.0,813.0,821.0,1728.0,2681.0,5881.0,2460.0,2202.0,0.0,814.0,814.0,814.0
1.0,9807.0,2454.0,2442.0,2102.0,4195.0,1753.0,2442.0,0.0,814.0,814.0,814.0,817.0,818.0,819.0,1610.0,1868.0,6329.0,1753.0,2442.0,0.0,814.0,814.0,814.0
1.0,9455.0,2472.0,2445.0,3731.0,2125.0,239.0,1886.0,0.0,815.0,815.0,815.0,823.0,828.0,821.0,2317.0,1628.0,5510.0,239.0,1886.0,0.0,815.0,815.0,815.0
1.0,10714.0,2471.0,2445.0,4662.0,716.0,0.0,508.0,208.0,815.0,815.0,815.0,825.0,824.0,822.0,3836.0,2189.0,4689.0,0.0,508.0,208.0,815.0,815.0,815.0
1.0,12905.0,2459.0,2445.0,4195.0,1024.0,0.0,0.0,1024.0,815.0,815.0,815.0,820.0,823.0,816.0,5471.0,3567.0,3867.0,0.0,0.0,1024.0,815.0,815.0,815.0
1.0,14641.0,2458.0,2446.0,2125.0,1843.0,0.0,0.0,1843.0,815.0,816.0,815.0,821.0,818.0,819.0,6404.0,5186.0,3051.0,0.0,0.0,1843.0,815.0,816.0,815.0
1.0,14308.0,2442.0,2446.0,716.0,2451.0,0.0,0.0,2451.0,815.0,816.0,815.0,812.0,814.0,816.0,5822.0,6254.0,2232.0,0.0,0.0,2451.0,815.0,816.0,815.0
1.0,12582.0,2455.0,2446.0,1024.0,2247.0,0.0,0.0,2247.0,815.0,816.0,815.0,818.0,817.0,820.0,5010.0,5948.0,1624.0,0.0,0.0,2247.0,815.0,816.0,815.0
1.0,11151.0,2462.0,2448.0,1843.0,1941.0,709.0,0.0,1232.0,816.0,816.0,816.0,821.0,818.0,823.0,4192.0,5131.0,1828.0,709.0,0.0,1232.0,816.0,816.0,816.0
1.0,10532.0,2468.0,2448.0,2451.0,2120.0,1534.0,586.0,0.0,816.0,816.0,816.0,825.0,819.0,824.0,3371.0,4313.0,2848.0,1534.0,586.0,0.0,816.0,816.0,816.0
1.0,10515.0,2476.0,2448.0,2247.0,3770.0,2359.0,1411.0,0.0,816.0,816.0,816.0,825.0,825.0,826.0,2546.0,3494.0,4475.0,2359.0,1411.0,0.0,816.0,816.0,816.0
1.0,10286.0,2474.0,2450.0,1941.0,4721.0,2482.0,2239.0,0.0,817.0,817.0,816.0,827.0,823.0,824.0,1721.0,2669.0,5896.0,2482.0,2239.0,0.0,817.0,817.0,816.0
1.0,9753.0,2459.0,2450.0,2120.0,4241.0,1768.0,2473.0,0.0,817.0,817.0,816.0,820.0,820.0,819.0,1603.0,1846.0,6304.0,1768.0,2473.0,0.0,817.0,817.0,816.0
1.0,9414.0,2464.0,2451.0,3770.0,2117.0,232.0,1885.0,0.0,817.0,817.0,817.0,823.0,823.0,818.0,2317.0,1612.0,5485.0,232.0,1885.0,0.0,817.0,817.0,817.0
1.0,10720.0,2462.0,2451.0,4721.0,704.0,0.0,468.0,236.0,817.0,817.0,817.0,822.0,822.0,818.0,3853.0,2200.0,4667.0,0.0,468.0,236.0,817.0,817.0,817.0
1.0,12979.0,2466.0,2451.0,4241.0,1057.0,0.0,0.0,1057.0,817.0,817.0,817.0,824.0,821.0,821.0,5513.0,3617.0,3849.0,0.0,0.0,1057.0,817.0,817.0,817.0
1.0,14754.0,2476.0,2453.0,2117.0,1881.0,0.0,0.0,1881.0,818.0,818.0,817.0,825.0,827.0,824.0,6457.0,5269.0,3028.0,0.0,0.0,1881.0,818.0,818.0,817.0
1.0,14395.0,2471.0,2453.0,704.0,2467.0,0.0,0.0,2467.0,818.0,818.0,817.0,824.0,825.0,822.0,5864.0,6327.0,2204.0,0.0,0.0,2467.0,818.0,818.0,817.0
1.0,12628.0,2470.0,2454.0,1057.0,2241.0,0.0,0.0,2241.0,818.0,818.0,818.0,825.0,819.0,826.0,5040.0,5970.0,1618.0,0.0,0.0,2241.0,818.0,818.0,818.0
1.0,11215.0,2470.0,2454.0,1881.0,1882.0,698.0,0.0,1184.0,818.0,818.0,818.0,823.0,823.0,824.0,4215.0,5151.0,1849.0,698.0,0.0,1184.0,818.0,818.0,818.0
1.0,10626.0,2464.0,2454.0,2467.0,2101.0,1519.0,582.0,0.0,818.0,818.0,818.0,821.0,820.0,823.0,3392.0,4328.0,2906.0,1519.0,582.0,0.0,818.0,818.0,818.0
1.0,10629.0,2465.0,2454.0,2241.0,3744.0,2342.0,1402.0,0.0,818.0,818.0,818.0,823.0,820.0,822.0,2571.0,3508.0,4550.0,2342.0,1402.0,0.0,818.0,818.0,818.0
1.0,10405.0,2475.0,2455.0,1882.0,4701.0,2474.0,2227.0,0.0,819.0,818.0,818.0,825.0,825.0,825.0,1748.0,2688.0,5969.0,2474.0,2227.0,0.0,819.0,818.0,818.0
1.0,9812.0,2477.0,2456.0,2101.0,4257.0,1779.0,2478.0,0.0,819.0,819.0,818.0,824.0,828.0,825.0,1621.0,1863.0,6328.0,1779.0,2478.0,0.0,819.0,819.0,818.0
1.0,9436.0,2483.0,2457.0,3744.0,2169.0,264.0,1905.0,0.0,819.0,819.0,819.0,827.0,829.0,827.0,2316.0,1617.0,5503.0,264.0,1905.0,0.0,819.0,819.0,819.0
1.0,10697.0,2477.0,2457.0,4701.0,750.0,0.0,506.0,244.0,819.0,819.0,819.0,824.0,828.0,825.0,3831.0,2190.0,4676.0,0.0,506.0,244.0,819.0,819.0,819.0
1.0,12921.0,2470.0,2458.0,4257.0,1066.0,0.0,0.0,1066.0,820.0,819.0,819.0,825.0,823.0,822.0,5481.0,3589.0,3851.0,0.0,0.0,1066.0,820.0,819.0,819.0
1.0,14708.0,2466.0,2458.0,2169.0,1886.0,0.0,0.0,1886.0,820.0,819.0,819.0,823.0,823.0,820.0,6435.0,5244.0,3029.0,0.0,0.0,1886.0,820.0,819.0,819.0
1.0,14411.0,2471.0,2459.0,750.0,2467.0,0.0,0.0,2467.0,820.0,820.0,819.0,823.0,823.0,825.0,5876.0,6326.0,2209.0,0.0,0.0,2467.0,820.0,820.0,819.0
1.0,12690.0,2470.0,2460.0,1066.0,2227.0,0.0,0.0,2227.0,820.0,820.0,820.0,823.0,826.0,821.0,5053.0,6009.0,1628.0,0.0,0.0,2227.0,820.0,820.0,820.0
1.0,11286.0,2485.0,2460.0,1886.0,1866.0,696.0,0.0,1170.0,820.0,820.0,820.0,826.0,830.0,829.0,4230.0,5183.0,1873.0,696.0,0.0,1170.0,820.0,820.0,820.0
1.0,10687.0,2488.0,2462.0,2467.0,2111.0,1529.0,582.0,0.0,821.0,821.0,820.0,828.0,830.0,830.0,3404.0,4353.0,2930.0,1529.0,582.0,0.0,821.0,821.0,820.0
1.0,10666.0,2483.0,2462.0,2227.0,3770.0,2359.0,1411.0,0.0,821.0,821.0,820.0,830.0,829.0,824.0,2576.0,3523.0,4567.0,2359.0,1411.0,0.0,821.0,821.0,820.0
1.0,10410.0,2471.0,2462.0,1866.0,4724.0,2489.0,2235.0,0.0,821.0,821.0,820.0,826.0,824.0,821.0,1746.0,2694.0,5970.0,2489.0,2235.0,0.0,821.0,821.0,820.0
1.0,9805.0,2467.0,2462.0,2111.0,4256.0,1783.0,2473.0,0.0,821.0,821.0,820.0,823.0,820.0,824.0,1616.0,1870.0,6319.0,1783.0,2473.0,0.0,821.0,821.0,820.0
1.0,9449.0,2466.0,2463.0,3770.0,2133.0,248.0,1885.0,0.0,821.0,821.0,821.0,824.0,823.0,819.0,2322.0,1632.0,5495.0,248.0,1885.0,0.0,821.0,821.0,821.0
1.0,10753.0,2479.0,2464.0,4724.0,728.0,0.0,474.0,254.0,822.0,821.0,821.0,830.0,824.0,825.0,3857.0,2220.0,4676.0,0.0,474.0,254.0,822.0,821.0,821.0
1.0,12998.0,2489.0,2465.0,4256.0,1082.0,0.0,0.0,1082.0,822.0,822.0,821.0,833.0,828.0,828.0,5516.0,3631.0,3851.0,0.0,0.0,1082.0,822.0,822.0,821.0
1.0,14765.0,2499.0,2467.0,2133.0,1920.0,0.0,0.0,1920.0,823.0,822.0,822.0,832.0,834.0,833.0,6466.0,5276.0,3023.0,0.0,0.0,1920.0,823.0,822.0,822.0
1.0,14399.0,2489.0,2467.0,728.0,2497.0,0.0,0.0,2497.0,823.0,822.0,822.0,828.0,830.0,831.0,5882.0,6327.0,2190.0,0.0,0.0,2497.0,823.0,822.0,822.0
1.0,12638.0,2473.0,2467.0,1082.0,2241.0,0.0,0.0,2241.0,823.0,822.0,822.0,821.0,826.0,826.0,5054.0,5971.0,1613.0,0.0,0.0,2241.0,823.0,822.0,822.0
1.0,11247.0,2477.0,2467.0,1920.0,1856.0,708.0,0.0,1148.0,823.0,822.0,822.0,826.0,824.0,827.0,4233.0,5145.0,1869.0,708.0,0.0,1148.0,823.0,822.0,822.0
1.0,10690.0,2476.0,2468.0,2497.0,2153.0,1532.0,621.0,0.0,823.0,823.0,822.0,824.0,827.0,825.0,3407.0,4321.0,2962.0,1532.0,621.0,0.0,823.0,823.0,822.0
1.0,10711.0,2480.0,2468.0,2241.0,3808.0,2364.0,1444.0,0.0,823.0,823.0,822.0,832.0,823.0,825.0,2583.0,3494.0,4634.0,2364.0,1444.0,0.0,823.0,823.0,822.0
1.0,10472.0,2489.0,2470.0,1856.0,4766.0,2494.0,2272.0,0.0,824.0,823.0,823.0,833.0,828.0,828.0,1751.0,2671.0,6050.0,2494.0,2272.0,0.0,824.0,823.0,823.0
1.0,9839.0,2500.0,2470.0,2153.0,4277.0,1794.0,2483.0,0.0,824.0,823.0,823.0,832.0,832.0,836.0,1626.0,1843.0,6370.0,1794.0,2483.0,0.0,824.0,823.0,823.0
1.0,9492.0,2481.0,2470.0,3808.0,2124.0,257.0,1867.0,0.0,824.0,823.0,823.0,827.0,828.0,826.0,2326.0,1632.0,5534.0,257.0,1867.0,0.0,824.0,823.0,823.0
1.0,10819.0,2483.0,2472.0,4766.0,669.0,0.0,430.0,239.0,824.0,824.0,824.0,826.0,830.0,827.0,3863.0,2248.0,4708.0,0.0,430.0,239.0,824.0,824.0,824.0
1.0,13102.0,2478.0,2472.0,4277.0,1064.0,0.0,0.0,1064.0,824.0,824.0,824.0,825.0,828.0,825.0,5531.0,3690.0,3881.0,0.0,0.0,1064.0,824.0,824.0,824.0
1.0,14901.0,2490.0,2472.0,2124.0,1891.0,0.0,0.0,1891.0,824.0,824.0,824.0,830.0,833.0,827.0,6500.0,5345.0,3056.0,0.0,0.0,1891.0,824.0,824.0,824.0
1.0,14535.0,2486.0,2473.0,669.0,2480.0,0.0,0.0,2480.0,825.0,824.0,824.0,828.0,830.0,828.0,5927.0,6379.0,2229.0,0.0,0.0,2480.0,825.0,824.0,824.0
1.0,12718.0,2507.0,2474.0,1064.0,2251.0,0.0,0.0,2251.0,825.0,825.0,824.0,837.0,835.0,835.0,5099.0,5979.0,1640.0,0.0,0.0,2251.0,825.0,825.0,824.0
1.0,11275.0,2496.0,2474.0,1891.0,1889.0,699.0,0.0,1190.0,825.0,825.0,824.0,836.0,830.0,830.0,4262.0,5144.0,1869.0,699.0,0.0,1190.0,825.0,825.0,824.0
1.0,10670.0,2485.0,2476.0,2480.0,2170.0,1532.0,638.0,0.0,826.0,825.0,825.0,828.0,827.0,830.0,3426.0,4314.0,2930.0,1532.0,638.0,0.0,826.0,825.0,825.0
1.0,10665.0,2478.0,2476.0,2251.0,3820.0,2357.0,1463.0,0.0,826.0,825.0,825.0,825.0,825.0,828.0,2598.0,3487.0,4580.0,2357.0,1463.0,0.0,826.0,825.0,825.0
1.0,10438.0,2479.0,2476.0,1889.0,4771.0,2483.0,2288.0,0.0,826.0,825.0,825.0,825.0,825.0,829.0,1773.0,2662.0,6003.0,2483.0,2288.0,0.0,826.0,825.0,825.0
1.0,9848.0,2489.0,2476.0,2170.0,4262.0,1780.0,2482.0,0.0,826.0,825.0,825.0,829.0,832.0,828.0,1647.0,1837.0,6364.0,1780.0,2482.0,0.0,826.0,825.0,825.0
1.0,9529.0,2499.0,2477.0,3820.0,2111.0,254.0,1857.0,0.0,826.0,826.0,825.0,831.0,833.0,835.0,2350.0,1643.0,5536.0,254.0,1857.0,0.0,826.0,826.0,825.0
1.0,10850.0,2502.0,2478.0,4771.0,665.0,0.0,402.0,263.0,826.0,826.0,826.0,835.0,833.0,834.0,3876.0,2273.0,4701.0,0.0,402.0,263.0,826.0,826.0,826.0
1.0,13119.0,2507.0,2479.0,4262.0,1096.0,0.0,0.0,1096.0,827.0,826.0,826.0,839.0,835.0,833.0,5524.0,3728.0,3867.0,0.0,0.0,1096.0,827.0,826.0,826.0
1.0,14874.0,2498.0,2480.0,2111.0,1929.0,0.0,0.0,1929.0,827.0,827.0,826.0,833.0,832.0,833.0,6465.0,5375.0,3034.0,0.0,0.0,1929.0,827.0,827.0,826.0
1.0,14487.0,2497.0,2480.0,665.0,2499.0,0.0,0.0,2499.0,827.0,827.0,826.0,834.0,830.0,833.0,5886.0,6400.0,2201.0,0.0,0.0,2499.0,827.0,827.0,826.0
1.0,12655.0,2476.0,2480.0,1096.0,2228.0,0.0,0.0,2228.0,827.0,827.0,826.0,827.0,824.0,825.0,5052.0,5972.0,1631.0,0.0,0.0,2228.0,827.0,827.0,826.0
1.0,11275.0,2490.0,2480.0,1929.0,1867.0,738.0,0.0,1129.0,827.0,827.0,826.0,828.0,832.0,830.0,4225.0,5148.0,1902.0,738.0,0.0,1129.0,827.0,827.0,826.0
1.0,10714.0,2499.0,2481.0,2499.0,2224.0,1571.0,653.0,0.0,827.0,827.0,827.0,833.0,834.0,832.0,3397.0,4316.0,3001.0,1571.0,653.0,0.0,827.0,827.0,827.0
1.0,10714.0,2505.0,2482.0,2228.0,3898.0,2414.0,1484.0,0.0,828.0,827.0,827.0,838.0,831.0,836.0,2564.0,3482.0,4668.0,2414.0,1484.0,0.0,828.0,827.0,827.0
1.0,10437.0,2517.0,2483.0,1867.0,4846.0,2517.0,2329.0,0.0,828.0,828.0,827.0,841.0,840.0,836.0,1726.0,2651.0,6060.0,2517.0,2329.0,0.0,828.0,828.0,827.0
1.0,9787.0,2509.0,2484.0,2224.0,4298.0,1785.0,2513.0,0.0,828.0,828.0,828.0,839.0,837.0,833.0,1623.0,1811.0,6353.0,1785.0,2513.0,0.0,828.0,828.0,828.0
1.0,9502.0,2496.0,2485.0,3898.0,2071.0,209.0,1862.0,0.0,829.0,828.0,828.0,833.0,833.0,830.0,2355.0,1627.0,5520.0,209.0,1862.0,0.0,829.0,828.0,828.0
1.0,10904.0,2486.0,2485.0,4846.0,641.0,0.0,360.0,281.0,829.0,828.0,828.0,828.0,827.0,831.0,3936.0,2278.0,4690.0,0.0,360.0,281.0,829.0,828.0,828.0
1.0,13264.0,2488.0,2485.0,4298.0,1111.0,0.0,0.0,1111.0,829.0,828.0,828.0,831.0,827.0,830.0,5625.0,3780.0,3859.0,0.0,0.0,1111.0,829.0,828.0,828.0
1.0,15074.0,2503.0,2485.0,2071.0,1946.0,0.0,0.0,1946.0,829.0,828.0,828.0,837.0,831.0,835.0,6579.0,5466.0,3029.0,0.0,0.0,1946.0,829.0,828.0,828.0
1.0,14642.0,2513.0,2486.0,641.0,2504.0,0.0,0.0,2504.0,829.0,829.0,828.0,840.0,834.0,839.0,5951.0,6497.0,2194.0,0.0,0.0,2504.0,829.0,829.0,828.0
1.0,12770.0,2518.0,2488.0,1111.0,2237.0,0.0,0.0,2237.0,830.0,829.0,829.0,839.0,840.0,839.0,5111.0,6023.0,1636.0,0.0,0.0,2237.0,830.0,829.0,829.0
1.0,11363.0,2513.0,2488.0,1946.0,1844.0,717.0,0.0,1127.0,830.0,829.0,829.0,839.0,838.0,836.0,4272.0,5183.0,1908.0,717.0,0.0,1127.0,830.0,829.0,829.0
1.0,10796.0,2505.0,2489.0,2504.0,2193.0,1552.0,641.0,0.0,830.0,830.0,829.0,835.0,836.0,834.0,3433.0,4345.0,3018.0,1552.0,641.0,0.0,830.0,830.0,829.0
1.0,10795.0,2498.0,2489.0,2237.0,3859.0,2383.0,1476.0,0.0,830.0,830.0,829.0,831.0,835.0,832.0,2598.0,3509.0,4688.0,2383.0,1476.0,0.0,830.0,830.0,829.0
1.0,10534.0,2493.0,2489.0,1844.0,4806.0,2496.0,2310.0,0.0,830.0,830.0,829.0,830.0,834.0,829.0,1767.0,2674.0,6093.0,2496.0,2310.0,0.0,830.0,830.0,829.0
1.0,9885.0,2500.0,2490.0,2193.0,4279.0,1776.0,2503.0,0.0,830.0,830.0,830.0,832.0,834.0,834.0,1654.0,1840.0,6391.0,1776.0,2503.0,0.0,830.0,830.0,830.0
1.0,9578.0,2504.0,2491.0,3859.0,2095.0,235.0,1860.0,0.0,831.0,830.0,830.0,837.0,833.0,834.0,2374.0,1647.0,5557.0,235.0,1860.0,0.0,831.0,830.0,830.0
1.0,10933.0,2520.0,2491.0,4806.0,656.0,0.0,386.0,270.0,831.0,830.0,830.0,841.0,836.0,843.0,3920.0,2290.0,4723.0,0.0,386.0,270.0,831.0,830.0,830.0
1.0,13219.0,2516.0,2493.0,4279.0,1115.0,0.0,0.0,1115.0,831.0,831.0,831.0,841.0,835.0,840.0,5575.0,3764.0,3880.0,0.0,0.0,1115.0,831.0,831.0,831.0
1.0,14982.0,2506.0,2494.0,2095.0,1953.0,0.0,0.0,1953.0,832.0,831.0,831.0,836.0,832.0,838.0,6510.0,5432.0,3040.0,0.0,0.0,1953.0,832.0,831.0,831.0
1.0,14571.0,2505.0,2494.0,656.0,2521.0,0.0,0.0,2521.0,832.0,831.0,831.0,836.0,831.0,838.0,5909.0,6460.0,2202.0,0.0,0.0,2521.0,832.0,831.0,831.0
1.0,12722.0,2498.0,2494.0,1115.0,2240.0,0.0,0.0,2240.0,832.0,831.0,831.0,831.0,833.0,834.0,5073.0,6015.0,1634.0,0.0,0.0,2240.0,832.0,831.0,831.0
1.0,11339.0,2506.0,2494.0,1953.0,1872.0,751.0,0.0,1121.0,832.0,831.0,831.0,833.0,839.0,834.0,4242.0,5182.0,1915.0,751.0,0.0,1121.0,832.0,831.0,831.0
1.0,10786.0,2521.0,2495.0,2521.0,2242.0,1589.0,653.0,0.0,832.0,831.0,832.0,838.0,841.0,842.0,3409.0,4343.0,3034.0,1589.0,653.0,0.0,832.0,831.0,832.0
1.0,10786.0,2519.0,2497.0,2240.0,3933.0,2434.0,1499.0,0.0,833.0,832.0,832.0,840.0,841.0,838.0,2571.0,3502.0,4713.0,2434.0,1499.0,0.0,833.0,832.0,832.0
1.0,10507.0,2515.0,2497.0,1872.0,4861.0,2523.0,2338.0,0.0,833.0,832.0,832.0,840.0,839.0,836.0,1731.0,2661.0,6115.0,2523.0,2338.0,0.0,833.0,832.0,832.0
1.0,9864.0,2507.0,2497.0,2242.0,4290.0,1770.0,2520.0,0.0,833.0,832.0,832.0,836.0,835.0,836.0,1642.0,1822.0,6400.0,1770.0,2520.0,0.0,833.0,832.0,832.0
1.0,9599.0,2501.0,2497.0,3933.0,2023.0,173.0,1850.0,0.0,833.0,832.0,832.0,837.0,829.0,835.0,2395.0,1640.0,5564.0,173.0,1850.0,0.0,833.0,832.0,832.0
1.0,11031.0,2505.0,2498.0,4861.0,618.0,0.0,345.0,273.0,833.0,832.0,833.0,835.0,833.0,837.0,3992.0,2310.0,4729.0,0.0,345.0,273.0,833.0,832.0,833.0
1.0,13387.0,2520.0,2498.0,4290.0,1115.0,0.0,0.0,1115.0,833.0,832.0,833.0,838.0,840.0,842.0,5680.0,3815.0,3892.0,0.0,0.0,1115.0,833.0,832.0,833.0
1.0,15157.0,2524.0,2500.0,2023.0,1959.0,0.0,0.0,1959.0,834.0,833.0,833.0,838.0,842.0,844.0,6612.0,5495.0,3050.0,0.0,0.0,1959.0,834.0,833.0,833.0
1.0,14656.0,2528.0,2501.0,618.0,2535.0,0.0,0.0,2535.0,834.0,833.0,834.0,840.0,844.0,844.0,5947.0,6503.0,2206.0,0.0,0.0,2535.0,834.0,833.0,834.0
1.0,12746.0,2520.0,2501.0,1115.0,2262.0,0.0,0.0,2262.0,834.0,833.0,834.0,838.0,840.0,842.0,5107.0,6004.0,1635.0,0.0,0.0,2262.0,834.0,833.0,834.0
1.0,11341.0,2512.0,2502.0,1959.0,1876.0,740.0,0.0,1136.0,834.0,834.0,834.0,839.0,840.0,833.0,4269.0,5164.0,1908.0,740.0,0.0,1136.0,834.0,834.0,834.0
1.0,10788.0,2506.0,2502.0,2535.0,2258.0,1576.0,682.0,0.0,834.0,834.0,834.0,836.0,836.0,834.0,3430.0,4324.0,3034.0,1576.0,682.0,0.0,834.0,834.0,834.0
1.0,10817.0,2506.0,2502.0,2262.0,3928.0,2414.0,1514.0,0.0,834.0,834.0,834.0,838.0,832.0,836.0,2594.0,3488.0,4735.0,2414.0,1514.0,0.0,834.0,834.0,834.0
1.0,10573.0,2516.0,2503.0,1876.0,4873.0,2518.0,2355.0,0.0,835.0,834.0,834.0,839.0,841.0,836.0,1756.0,2656.0,6161.0,2518.0,2355.0,0.0,835.0,834.0,834.0
1.0,9933.0,2529.0,2504.0,2258.0,4304.0,1787.0,2517.0,0.0,835.0,834.0,835.0,845.0,844.0,840.0,1657.0,1815.0,6461.0,1787.0,2517.0,0.0,835.0,834.0,835.0
1.0,9662.0,2534.0,2505.0,3928.0,2071.0,217.0,1854.0,0.0,835.0,835.0,835.0,844.0,846.0,844.0,2388.0,1653.0,5621.0,217.0,1854.0,0.0,835.0,835.0,835.0
1.0,11056.0,2521.0,2506.0,4873.0,581.0,0.0,338.0,243.0,836.0,835.0,835.0,837.0,839.0,845.0,3958.0,2321.0,4777.0,0.0,338.0,243.0,836.0,835.0,835.0
1.0,13408.0,2513.0,2506.0,4304.0,1078.0,0.0,0.0,1078.0,836.0,835.0,835.0,837.0,841.0,835.0,5639.0,3837.0,3932.0,0.0,0.0,1078.0,836.0,835.0,835.0
1.0,15199.0,2519.0,2506.0,2071.0,1918.0,0.0,0.0,1918.0,836.0,835.0,835.0,838.0,841.0,840.0,6589.0,5513.0,3097.0,0.0,0.0,1918.0,836.0,835.0,835.0
1.0,14751.0,2523.0,2507.0,581.0,2520.0,0.0,0.0,2520.0,836.0,835.0,836.0,844.0,839.0,840.0,5968.0,6526.0,2257.0,0.0,0.0,2520.0,836.0,835.0,836.0
1.0,12809.0,2522.0,2508.0,1078.0,2281.0,0.0,0.0,2281.0,836.0,836.0,836.0,839.0,844.0,839.0,5124.0,6025.0,1660.0,0.0,0.0,2281.0,836.0,836.0,836.0
1.0,11365.0,2524.0,2508.0,1918.0,1941.0,738.0,0.0,1203.0,836.0,836.0,836.0,843.0,841.0,840.0,4285.0,5181.0,1899.0,738.0,0.0,1203.0,836.0,836.0,836.0
1.0,10759.0,2527.0,2509.0,2520.0,2268.0,1582.0,686.0,0.0,837.0,836.0,836.0,839.0,846.0,842.0,3442.0,4340.0,2977.0,1582.0,686.0,0.0,837.0,836.0,836.0
1.0,10752.0,2521.0,2509.0,2281.0,3948.0,2418.0,1530.0,0.0,837.0,836.0,836.0,836.0,844.0,841.0,2603.0,3494.0,4655.0,2418.0,1530.0,0.0,837.0,836.0,836.0
1.0,10512.0,2524.0,2511.0,1941.0,4898.0,2520.0,2378.0,0.0,837.0,837.0,837.0,840.0,843.0,841.0,1767.0,2650.0,6095.0,2520.0,2378.0,0.0,837.0,837.0,837.0
1.0,9929.0,2514.0,2511.0,2268.0,4304.0,1775.0,2529.0,0.0,837.0,837.0,837.0,837.0,837.0,840.0,1665.0,1807.0,6457.0,1775.0,2529.0,0.0,837.0,837.0,837.0
1.0,9683.0,2517.0,2511.0,3948.0,2036.0,195.0,1841.0,0.0,837.0,837.0,837.0,838.0,842.0,837.0,2410.0,1656.0,5617.0,195.0,1841.0,0.0,837.0,837.0,837.0
1.0,11114.0,2524.0,2511.0,4898.0,550.0,0.0,303.0,247.0,837.0,837.0,837.0,842.0,840.0,842.0,3990.0,2344.0,4780.0,0.0,303.0,247.0,837.0,837.0,837.0
1.0,13488.0,2536.0,2511.0,4304.0,1095.0,0.0,0.0,1095.0,837.0,837.0,837.0,845.0,843.0,848.0,5668.0,3882.0,3938.0,0.0,0.0,1095.0,837.0,837.0,837.0
1.0,15256.0,2533.0,2514.0,2036.0,1948.0,0.0,0.0,1948.0,838.0,838.0,838.0,845.0,840.0,848.0,6598.0,5568.0,3090.0,0.0,0.0,1948.0,838.0,838.0,838.0
1.0,14759.0,2528.0,2514.0,550.0,2546.0,0.0,0.0,2546.0,838.0,838.0,838.0,841.0,842.0,845.0,5948.0,6569.0,2242.0,0.0,0.0,2546.0,838.0,838.0,838.0
1.0,12781.0,2512.0,2514.0,1095.0,2290.0,0.0,0.0,2290.0,838.0,838.0,838.0,837.0,836.0,839.0,5107.0,6030.0,1644.0,0.0,0.0,2290.0,838.0,838.0,838.0
1.0,11364.0,2509.0,2514.0,1948.0,1933.0,757.0,0.0,1176.0,838.0,838.0,838.0,837.0,838.0,834.0,4270.0,5194.0,1900.0,757.0,0.0,1176.0,838.0,838.0,838.0
1.0,10803.0,2524.0,2514.0,2546.0,2276.0,1599.0,677.0,0.0,838.0,838.0,838.0,842.0,843.0,839.0,3433.0,4356.0,3014.0,1599.0,677.0,0.0,838.0,838.0,838.0
1.0,10825.0,2532.0,2514.0,2290.0,3964.0,2445.0,1519.0,0.0,838.0,838.0,838.0,846.0,842.0,844.0,2591.0,3513.0,4721.0,2445.0,1519.0,0.0,838.0,838.0,838.0
1.0,10583.0,2536.0,2516.0,1933.0,4907.0,2532.0,2375.0,0.0,838.0,839.0,839.0,844.0,851.0,841.0,1745.0,2671.0,6167.0,2532.0,2375.0,0.0,838.0,839.0,839.0
1.0,9980.0,2543.0,2517.0,2276.0,4334.0,1786.0,2548.0,0.0,839.0,839.0,839.0,848.0,850.0,845.0,1658.0,1820.0,6502.0,1786.0,2548.0,0.0,839.0,839.0,839.0
1.0,9713.0,2531.0,2517.0,3964.0,2056.0,184.0,1872.0,0.0,839.0,839.0,839.0,843.0,843.0,845.0,2409.0,1647.0,5657.0,184.0,1872.0,0.0,839.0,839.0,839.0
1.0,11146.0,2518.0,2517.0,4907.0,561.0,0.0,337.0,224.0,839.0,839.0,839.0,837.0,840.0,841.0,4011.0,2323.0,4812.0,0.0,337.0,224.0,839.0,839.0,839.0
1.0,13535.0,2521.0,2517.0,4334.0,1066.0,0.0,0.0,1066.0,839.0,839.0,839.0,838.0,841.0,842.0,5706.0,3858.0,3971.0,0.0,0.0,1066.0,839.0,839.0,839.0
1.0,15348.0,2527.0,2517.0,2056.0,1911.0,0.0,0.0,1911.0,839.0,839.0,839.0,843.0,839.0,845.0,6654.0,5565.0,3129.0,0.0,0.0,1911.0,839.0,839.0,839.0
1.0,14877.0,2540.0,2519.0,561.0,2541.0,0.0,0.0,2541.0,839.0,840.0,840.0,845.0,846.0,849.0,5995.0,6598.0,2284.0,0.0,0.0,2541.0,839.0,840.0,840.0
1.0,12898.0,2549.0,2519.0,1066.0,2325.0,0.0,0.0,2325.0,839.0,840.0,840.0,849.0,850.0,850.0,5150.0,6089.0,1659.0,0.0,0.0,2325.0,839.0,840.0,840.0
1.0,11415.0,2545.0,2520.0,1911.0,2010.0,747.0,0.0,1263.0,840.0,840.0,840.0,848.0,848.0,849.0,4301.0,5239.0,1875.0,747.0,0.0,1263.0,840.0,840.0,840.0
1.0,10781.0,2541.0,2521.0,2541.0,2252.0,1595.0,657.0,0.0,840.0,840.0,841.0,848.0,848.0,845.0,3453.0,4391.0,2937.0,1595.0,657.0,0.0,840.0,840.0,841.0
1.0,10781.0,2525.0,2522.0,2325.0,3943.0,2436.0,1507.0,0.0,840.0,841.0,841.0,841.0,845.0,839.0,2605.0,3543.0,4633.0,2436.0,1507.0,0.0,840.0,841.0,841.0
1.0,10581.0,2523.0,2522.0,2010.0,4878.0,2527.0,2351.0,0.0,840.0,841.0,841.0,838.0,844.0,841.0,1764.0,2698.0,6119.0,2527.0,2351.0,0.0,840.0,841.0,841.0
1.0,10068.0,2533.0,2522.0,2252.0,4314.0,1775.0,2539.0,0.0,840.0,841.0,841.0,843.0,845.0,845.0,1673.0,1854.0,6541.0,1775.0,2539.0,0.0,840.0,841.0,841.0
1.0,9787.0,2532.0,2522.0,3943.0,2057.0,183.0,1874.0,0.0,840.0,841.0,841.0,844.0,842.0,846.0,2425.0,1666.0,5696.0,183.0,1874.0,0.0,840.0,841.0,841.0
1.0,11198.0,2550.0,2523.0,4878.0,576.0,0.0,367.0,209.0,841.0,841.0,841.0,852.0,844.0,854.0,4017.0,2331.0,4850.0,0.0,367.0,209.0,841.0,841.0,841.0
1.0,13526.0,2555.0,2525.0,4314.0,1067.0,0.0,0.0,1067.0,841.0,842.0,842.0,852.0,850.0,853.0,5692.0,3838.0,3996.0,0.0,0.0,1067.0,841.0,842.0,842.0
1.0,15285.0,2544.0,2525.0,2057.0,1914.0,0.0,0.0,1914.0,841.0,842.0,842.0,850.0,847.0,847.0,6615.0,5527.0,3143.0,0.0,0.0,1914.0,841.0,842.0,842.0
1.0,14798.0,2533.0,2525.0,576.0,2550.0,0.0,0.0,2550.0,841.0,842.0,842.0,845.0,843.0,845.0,5948.0,6554.0,2296.0,0.0,0.0,2550.0,841.0,842.0,842.0
1.0,12841.0,2526.0,2525.0,1067.0,2324.0,0.0,0.0,2324.0,841.0,842.0,842.0,841.0,844.0,841.0,5103.0,6078.0,1660.0,0.0,0.0,2324.0,841.0,842.0,842.0
1.0,11382.0,2532.0,2526.0,1914.0,2045.0,793.0,0.0,1252.0,842.0,842.0,842.0,845.0,845.0,842.0,4262.0,5234.0,1886.0,793.0,0.0,1252.0,842.0,842.0,842.0
1.0,10764.0,2543.0,2526.0,2550.0,2311.0,1644.0,667.0,0.0,842.0,842.0,842.0,851.0,846.0,846.0,3417.0,4389.0,2958.0,1644.0,667.0,0.0,842.0,842.0,842.0
1.0,10771.0,2547.0,2527.0,2324.0,4015.0,2496.0,1519.0,0.0,842.0,843.0,842.0,852.0,847.0,848.0,2566.0,3543.0,4662.0,2496.0,1519.0,0.0,842.0,843.0,842.0
1.0,10548.0,2553.0,2528.0,2045.0,4927.0,2557.0,2370.0,0.0,842.0,843.0,843.0,854.0,851.0,848.0,1714.0,2696.0,6138.0,2557.0,2370.0,0.0,842.0,843.0,843.0
1.0,10040.0,2547.0,2529.0,2311.0,4318.0,1769.0,2549.0,0.0,843.0,843.0,843.0,851.0,846.0,850.0,1653.0,1845.0,6542.0,1769.0,2549.0,0.0,843.0,843.0,843.0
1.0,9804.0,2540.0,2529.0,4015.0,1994.0,122.0,1872.0,0.0,843.0,843.0,843.0,849.0,842.0,849.0,2446.0,1666.0,5692.0,122.0,1872.0,0.0,843.0,843.0,843.0
1.0,11279.0,2539.0,2529.0,4927.0,569.0,0.0,346.0,223.0,843.0,843.0,843.0,844.0,844.0,851.0,4093.0,2343.0,4843.0,0.0,346.0,223.0,843.0,843.0,843.0
1.0,13667.0,2536.0,2529.0,4318.0,1067.0,0.0,0.0,1067.0,843.0,843.0,843.0,843.0,849.0,844.0,5806.0,3869.0,3992.0,0.0,0.0,1067.0,843.0,843.0,843.0
1.0,15449.0,2546.0,2529.0,1994.0,1918.0,0.0,0.0,1918.0,843.0,843.0,843.0,844.0,851.0,851.0,6732.0,5569.0,3148.0,0.0,0.0,1918.0,843.0,843.0,843.0
1.0,14897.0,2555.0,2532.0,569.0,2548.0,0.0,0.0,2548.0,844.0,844.0,844.0,855.0,852.0,848.0,6010.0,6590.0,2297.0,0.0,0.0,2548.0,844.0,844.0,844.0
1.0,12911.0,2564.0,2532.0,1067.0,2332.0,0.0,0.0,2332.0,844.0,844.0,844.0,857.0,856.0,851.0,5155.0,6084.0,1672.0,0.0,0.0,2332.0,844.0,844.0,844.0
1.0,11414.0,2556.0,2532.0,1918.0,2039.0,774.0,0.0,1265.0,844.0,844.0,844.0,852.0,853.0,851.0,4298.0,5228.0,1888.0,774.0,0.0,1265.0,844.0,844.0,844.0
1.0,10776.0,2544.0,2532.0,2548.0,2315.0,1626.0,689.0,0.0,844.0,844.0,844.0,852.0,844.0,848.0,3446.0,4375.0,2955.0,1626.0,689.0,0.0,844.0,844.0,844.0
1.0,10780.0,2540.0,2533.0,2332.0,4008.0,2473.0,1535.0,0.0,844.0,844.0,845.0,847.0,846.0,847.0,2594.0,3531.0,4655.0,2473.0,1535.0,0.0,844.0,844.0,845.0
1.0,10572.0,2536.0,2534.0,2039.0,4929.0,2542.0,2387.0,0.0,844.0,845.0,845.0,843.0,847.0,846.0,1747.0,2685.0,6140.0,2542.0,2387.0,0.0,844.0,845.0,845.0
1.0,10075.0,2545.0,2535.0,2315.0,4313.0,1769.0,2544.0,0.0,845.0,845.0,845.0,848.0,846.0,851.0,1678.0,1838.0,6559.0,1769.0,2544.0,0.0,845.0,845.0,845.0
1.0,9845.0,2563.0,2535.0,4008.0,2014.0,150.0,1864.0,0.0,845.0,845.0,845.0,854.0,855.0,854.0,2456.0,1681.0,5708.0,150.0,1864.0,0.0,845.0,845.0,845.0
1.0,11290.0,2568.0,2535.0,4929.0,561.0,0.0,335.0,226.0,845.0,845.0,845.0,855.0,858.0,855.0,4075.0,2361.0,4854.0,0.0,335.0,226.0,845.0,845.0,845.0
1.0,13651.0,2568.0,2538.0,4313.0,1086.0,0.0,0.0,1086.0,846.0,846.0,846.0,857.0,856.0,855.0,5762.0,3890.0,3999.0,0.0,0.0,1086.0,846.0,846.0,846.0
1.0,15396.0,2542.0,2538.0,2014.0,1930.0,0.0,0.0,1930.0,846.0,846.0,846.0,852.0,846.0,844.0,6674.0,5578.0,3144.0,0.0,0.0,1930.0,846.0,846.0,846.0
1.0,14868.0,2546.0,2538.0,561.0,2552.0,0.0,0.0,2552.0,846.0,846.0,846.0,851.0,847.0,848.0,5972.0,6596.0,2300.0,0.0,0.0,2552.0,846.0,846.0,846.0
1.0,12883.0,2537.0,2538.0,1086.0,2308.0,0.0,0.0,2308.0,846.0,846.0,846.0,847.0,848.0,842.0,5121.0,6084.0,1678.0,0.0,0.0,2308.0,846.0,846.0,846.0
1.0,11432.0,2540.0,2538.0,1930.0,2032.0,806.0,0.0,1226.0,846.0,846.0,846.0,850.0,842.0,848.0,4274.0,5236.0,1922.0,806.0,0.0,1226.0,846.0,846.0,846.0
1.0,10822.0,2558.0,2539.0,2552.0,2353.0,1664.0,689.0,0.0,847.0,846.0,846.0,853.0,853.0,852.0,3424.0,4394.0,3004.0,1664.0,689.0,0.0,847.0,846.0,846.0
1.0,10816.0,2570.0,2540.0,2308.0,4067.0,2521.0,1546.0,0.0,847.0,846.0,847.0,857.0,857.0,856.0,2571.0,3541.0,4704.0,2521.0,1546.0,0.0,847.0,846.0,847.0
1.0,10554.0,2562.0,2541.0,2032.0,4974.0,2570.0,2404.0,0.0,847.0,847.0,847.0,855.0,853.0,854.0,1714.0,2684.0,6156.0,2570.0,2404.0,0.0,847.0,847.0,847.0
1.0,10024.0,2563.0,2541.0,2353.0,4330.0,1759.0,2571.0,0.0,847.0,847.0,847.0,853.0,856.0,854.0,1665.0,1831.0,6528.0,1759.0,2571.0,0.0,847.0,847.0,847.0
1.0,9814.0,2550.0,2542.0,4067.0,1969.0,94.0,1875.0,0.0,848.0,847.0,847.0,851.0,850.0,849.0,2476.0,1664.0,5674.0,94.0,1875.0,0.0,848.0,847.0,847.0
1.0,11331.0,2549.0,2542.0,4974.0,579.0,0.0,321.0,258.0,848.0,847.0,847.0,851.0,850.0,848.0,4146.0,2360.0,4825.0,0.0,321.0,258.0,848.0,847.0,847.0
1.0,13756.0,2552.0,2542.0,4330.0,1112.0,0.0,0.0,1112.0,848.0,847.0,847.0,850.0,848.0,854.0,5865.0,3914.0,3977.0,0.0,0.0,1112.0,848.0,847.0,847.0
1.0,15534.0,2570.0,2544.0,1969.0,1974.0,0.0,0.0,1974.0,848.0,848.0,848.0,856.0,857.0,857.0,6774.0,5637.0,3123.0,0.0,0.0,1974.0,848.0,848.0,848.0
1.0,14933.0,2566.0,2545.0,579.0,2574.0,0.0,0.0,2574.0,849.0,848.0,848.0,856.0,852.0,858.0,6012.0,6655.0,2266.0,0.0,0.0,2574.0,849.0,848.0,848.0
1.0,12946.0,2560.0,2545.0,1112.0,2316.0,0.0,0.0,2316.0,849.0,848.0,848.0,853.0,853.0,854.0,5156.0,6124.0,1666.0,0.0,0.0,2316.0,849.0,848.0,848.0
1.0,11498.0,2559.0,2546.0,1974.0,1996.0,797.0,0.0,1199.0,849.0,848.0,849.0,855.0,852.0,852.0,4303.0,5271.0,1924.0,797.0,0.0,1199.0,849.0,848.0,849.0
1.0,10913.0,2560.0,2546.0,2574.0,2330.0,1653.0,677.0,0.0,849.0,848.0,849.0,856.0,856.0,848.0,3448.0,4419.0,3046.0,1653.0,677.0,0.0,849.0,848.0,849.0
1.0,10927.0,2555.0,2547.0,2316.0,4041.0,2506.0,1535.0,0.0,849.0,849.0,849.0,853.0,853.0,849.0,2592.0,3563.0,4772.0,2506.0,1535.0,0.0,849.0,849.0,849.0
1.0,10688.0,2572.0,2548.0,1996.0,4960.0,2568.0,2392.0,0.0,850.0,849.0,849.0,854.0,857.0,861.0,1739.0,2710.0,6239.0,2568.0,2392.0,0.0,850.0,849.0,849.0
1.0,10112.0,2577.0,2548.0,2330.0,4349.0,1772.0,2577.0,0.0,850.0,849.0,849.0,857.0,862.0,858.0,1682.0,1853.0,6577.0,1772.0,2577.0,0.0,850.0,849.0,849.0
1.0,9865.0,2582.0,2550.0,4041.0,2032.0,126.0,1906.0,0.0,850.0,850.0,850.0,860.0,859.0,863.0,2478.0,1668.0,5719.0,126.0,1906.0,0.0,850.0,850.0,850.0
1.0,11324.0,2565.0,2551.0,4960.0,619.0,0.0,369.0,250.0,851.0,850.0,850.0,854.0,855.0,856.0,4124.0,2344.0,4856.0,0.0,369.0,250.0,851.0,850.0,850.0
1.0,13719.0,2553.0,2551.0,4349.0,1101.0,0.0,0.0,1101.0,851.0,850.0,850.0,852.0,850.0,851.0,5838.0,3881.0,4000.0,0.0,0.0,1101.0,851.0,850.0,850.0
1.0,15515.0,2557.0,2551.0,2032.0,1955.0,0.0,0.0,1955.0,851.0,850.0,850.0,856.0,847.0,854.0,6758.0,5608.0,3149.0,0.0,0.0,1955.0,851.0,850.0,850.0
1.0,14990.0,2552.0,2551.0,619.0,2555.0,0.0,0.0,2555.0,851.0,850.0,850.0,851.0,851.0,850.0,6028.0,6667.0,2295.0,0.0,0.0,2555.0,851.0,850.0,850.0
1.0,13057.0,2569.0,2551.0,1101.0,2307.0,0.0,0.0,2307.0,851.0,850.0,850.0,857.0,859.0,853.0,5177.0,6185.0,1695.0,0.0,0.0,2307.0,851.0,850.0,850.0
1.0,11589.0,2575.0,2552.0,1955.0,2006.0,791.0,0.0,1215.0,851.0,850.0,851.0,856.0,861.0,858.0,4320.0,5326.0,1943.0,791.0,0.0,1215.0,851.0,850.0,851.0
1.0,10969.0,2584.0,2554.0,2555.0,2306.0,1654.0,652.0,0.0,852.0,851.0,851.0,858.0,862.0,864.0,3464.0,4465.0,3040.0,1654.0,652.0,0.0,852.0,851.0,851.0
1.0,10940.0,2570.0,2554.0,2307.0,4019.0,2510.0,1509.0,0.0,852.0,851.0,851.0,856.0,857.0,857.0,2606.0,3603.0,4731.0,2510.0,1509.0,0.0,852.0,851.0,851.0
1.0,10677.0,2559.0,2554.0,2006.0,4931.0,2570.0,2361.0,0.0,852.0,851.0,851.0,851.0,852.0,856.0,1750.0,2746.0,6181.0,2570.0,2361.0,0.0,852.0,851.0,851.0
1.0,10124.0,2558.0,2554.0,2306.0,4330.0,1767.0,2563.0,0.0,852.0,851.0,851.0,851.0,854.0,853.0,1690.0,1894.0,6540.0,1767.0,2563.0,0.0,852.0,851.0,851.0
1.0,9872.0,2564.0,2554.0,4019.0,2020.0,114.0,1906.0,0.0,852.0,851.0,851.0,857.0,852.0,855.0,2493.0,1692.0,5687.0,114.0,1906.0,0.0,852.0,851.0,851.0
1.0,11327.0,2582.0,2556.0,4931.0,698.0,0.0,408.0,290.0,852.0,852.0,852.0,862.0,858.0,862.0,4146.0,2349.0,4832.0,0.0,408.0,290.0,852.0,852.0,852.0
1.0,13676.0,2580.0,2557.0,4330.0,1150.0,0.0,0.0,1150.0,853.0,852.0,852.0,858.0,862.0,860.0,5854.0,3852.0,3970.0,0.0,0.0,1150.0,853.0,852.0,852.0
1.0,15426.0,2580.0,2557.0,2020.0,2006.0,0.0,0.0,2006.0,853.0,852.0,852.0,860.0,864.0,856.0,6763.0,5553.0,3110.0,0.0,0.0,2006.0,853.0,852.0,852.0
1.0,14866.0,2579.0,2559.0,698.0,2579.0,0.0,0.0,2579.0,853.0,853.0,853.0,856.0,865.0,858.0,6017.0,6595.0,2254.0,0.0,0.0,2579.0,853.0,853.0,853.0
1.0,12985.0,2570.0,2559.0,1150.0,2284.0,0.0,0.0,2284.0,853.0,853.0,853.0,856.0,859.0,855.0,5161.0,6138.0,1686.0,0.0,0.0,2284.0,853.0,853.0,853.0
1.0,11565.0,2562.0,2559.0,2006.0,1947.0,815.0,0.0,1132.0,853.0,853.0,853.0,855.0,853.0,854.0,4305.0,5279.0,1981.0,815.0,0.0,1132.0,853.0,853.0,853.0
1.0,11009.0,2572.0,2559.0,2579.0,2369.0,1672.0,697.0,0.0,853.0,853.0,853.0,857.0,858.0,857.0,3450.0,4426.0,3133.0,1672.0,697.0,0.0,853.0,853.0,853.0
1.0,11016.0,2578.0,2561.0,2284.0,4098.0,2536.0,1562.0,0.0,854.0,854.0,853.0,859.0,860.0,859.0,2593.0,3568.0,4855.0,2536.0,1562.0,0.0,854.0,854.0,853.0
1.0,10722.0,2582.0,2561.0,1947.0,5003.0,2584.0,2419.0,0.0,854.0,854.0,853.0,863.0,857.0,862.0,1734.0,2708.0,6280.0,2584.0,2419.0,0.0,854.0,854.0,853.0
1.0,10087.0,2587.0,2562.0,2369.0,4355.0,1773.0,2582.0,0.0,854.0,854.0,854.0,861.0,860.0,866.0,1686.0,1851.0,6550.0,1773.0,2582.0,0.0,854.0,854.0,854.0
1.0,9869.0,2580.0,2563.0,4098.0,1982.0,103.0,1879.0,0.0,855.0,854.0,854.0,861.0,859.0,860.0,2497.0,1688.0,5684.0,103.0,1879.0,0.0,855.0,854.0,854.0
1.0,11387.0,2568.0,2562.0,5003.0,623.0,0.0,318.0,305.0,854.0,854.0,854.0,851.0,858.0,859.0,4172.0,2391.0,4824.0,0.0,318.0,305.0,854.0,854.0,854.0
1.0,13822.0,2573.0,2562.0,4355.0,1164.0,0.0,0.0,1164.0,854.0,854.0,854.0,856.0,858.0,859.0,5905.0,3952.0,3965.0,0.0,0.0,1164.0,854.0,854.0,854.0
1.0,15604.0,2565.0,2563.0,1982.0,2016.0,0.0,0.0,2016.0,855.0,854.0,854.0,856.0,857.0,852.0,6822.0,5676.0,3106.0,0.0,0.0,2016.0,855.0,854.0,854.0
1.0,15021.0,2583.0,2565.0,623.0,2572.0,0.0,0.0,2572.0,855.0,855.0,855.0,863.0,864.0,856.0,6069.0,6698.0,2254.0,0.0,0.0,2572.0,855.0,855.0,855.0
1.0,13061.0,2591.0,2565.0,1164.0,2271.0,0.0,0.0,2271.0,855.0,855.0,855.0,864.0,864.0,863.0,5206.0,6152.0,1703.0,0.0,0.0,2271.0,855.0,855.0,855.0
1.0,11634.0,2592.0,2566.0,2016.0,1922.0,804.0,0.0,1118.0,856.0,855.0,855.0,866.0,863.0,863.0,4342.0,5288.0,2004.0,804.0,0.0,1118.0,856.0,855.0,855.0
1.0,11058.0,2584.0,2567.0,2572.0,2380.0,1667.0,713.0,0.0,856.0,856.0,855.0,863.0,858.0,863.0,3476.0,4425.0,3157.0,1667.0,713.0,0.0,856.0,856.0,855.0
1.0,11046.0,2576.0,2568.0,2271.0,4094.0,2524.0,1570.0,0.0,856.0,856.0,856.0,857.0,857.0,862.0,2613.0,3567.0,4866.0,2524.0,1570.0,0.0,856.0,856.0,856.0
1.0,10741.0,2570.0,2568.0,1922.0,4999.0,2575.0,2424.0,0.0,856.0,856.0,856.0,855.0,854.0,861.0,1756.0,2710.0,6275.0,2575.0,2424.0,0.0,856.0,856.0,856.0
1.0,10093.0,2577.0,2568.0,2380.0,4335.0,1765.0,2570.0,0.0,856.0,856.0,856.0,857.0,859.0,861.0,1705.0,1856.0,6532.0,1765.0,2570.0,0.0,856.0,856.0,856.0
1.0,9896.0,2582.0,2568.0,4094.0,1965.0,104.0,1861.0,0.0,856.0,856.0,856.0,863.0,861.0,858.0,2515.0,1710.0,5671.0,104.0,1861.0,0.0,856.0,856.0,856.0
1.0,11408.0,2597.0,2568.0,4999.0,632.0,0.0,303.0,329.0,856.0,856.0,856.0,869.0,866.0,862.0,4176.0,2419.0,4813.0,0.0,303.0,329.0,856.0,856.0,856.0
1.0,13810.0,2599.0,2571.0,4335.0,1200.0,0.0,0.0,1200.0,857.0,857.0,857.0,864.0,869.0,866.0,5882.0,3977.0,3951.0,0.0,0.0,1200.0,857.0,857.0,857.0
1.0,15546.0,2600.0,2571.0,1965.0,2066.0,0.0,0.0,2066.0,857.0,857.0,857.0,868.0,866.0,866.0,6783.0,5678.0,3085.0,0.0,0.0,2066.0,857.0,857.0,857.0
1.0,14911.0,2583.0,2571.0,632.0,2598.0,0.0,0.0,2598.0,857.0,857.0,857.0,860.0,862.0,861.0,6019.0,6673.0,2219.0,0.0,0.0,2598.0,857.0,857.0,857.0
1.0,12960.0,2576.0,2572.0,1200.0,2255.0,0.0,0.0,2255.0,857.0,858.0,857.0,857.0,862.0,857.0,5159.0,6114.0,1687.0,0.0,0.0,2255.0,857.0,858.0,857.0
1.0,11584.0,2575.0,2573.0,2066.0,1896.0,839.0,0.0,1057.0,857.0,858.0,858.0,856.0,856.0,863.0,4302.0,5252.0,2030.0,839.0,0.0,1057.0,857.0,858.0,858.0
1.0,11075.0,2591.0,2573.0,2598.0,2460.0,1702.0,758.0,0.0,857.0,858.0,858.0,863.0,864.0,864.0,3446.0,4396.0,3233.0,1702.0,758.0,0.0,857.0,858.0,858.0
1.0,11082.0,2614.0,2574.0,2255.0,4208.0,2579.0,1629.0,0.0,858.0,858.0,858.0,872.0,871.0,871.0,2583.0,3532.0,4967.0,2579.0,1629.0,0.0,858.0,858.0,858.0
1.0,10723.0,2608.0,2575.0,1896.0,5118.0,2613.0,2505.0,0.0,858.0,859.0,858.0,873.0,871.0,864.0,1711.0,2661.0,6351.0,2613.0,2505.0,0.0,858.0,859.0,858.0
1.0,10011.0,2599.0,2577.0,2460.0,4398.0,1784.0,2614.0,0.0,859.0,859.0,859.0,868.0,867.0,864.0,1677.0,1790.0,6544.0,1784.0,2614.0,0.0,859.0,859.0,859.0
1.0,9872.0,2588.0,2577.0,4208.0,1920.0,70.0,1850.0,0.0,859.0,859.0,859.0,865.0,865.0,858.0,2511.0,1681.0,5680.0,70.0,1850.0,0.0,859.0,859.0,859.0
1.0,11492.0,2587.0,2577.0,5118.0,544.0,0.0,212.0,332.0,859.0,859.0,859.0,861.0,867.0,859.0,4225.0,2445.0,4822.0,0.0,212.0,332.0,859.0,859.0,859.0
1.0,14023.0,2586.0,2578.0,4398.0,1193.0,0.0,0.0,1193.0,859.0,860.0,859.0,864.0,861.0,861.0,5977.0,4083.0,3963.0,0.0,0.0,1193.0,859.0,860.0,859.0
1.0,15835.0,2592.0,2578.0,1920.0,2058.0,0.0,0.0,2058.0,859.0,860.0,859.0,863.0,864.0,865.0,6897.0,5836.0,3102.0,0.0,0.0,2058.0,859.0,860.0,859.0
1.0,15163.0,2605.0,2579.0,544.0,2594.0,0.0,0.0,2594.0,860.0,860.0,859.0,871.0,866.0,868.0,6104.0,6822.0,2237.0,0.0,0.0,2594.0,860.0,860.0,859.0
1.0,13102.0,2597.0,2580.0,1193.0,2270.0,0.0,0.0,2270.0,860.0,860.0,860.0,868.0,865.0,864.0,5233.0,6168.0,1701.0,0.0,0.0,2270.0,860.0,860.0,860.0
1.0,11698.0,2603.0,2580.0,2058.0,1884.0,804.0,0.0,1080.0,860.0,860.0,860.0,869.0,866.0,868.0,4365.0,5303.0,2030.0,804.0,0.0,1080.0,860.0,860.0,860.0
1.0,11153.0,2592.0,2580.0,2594.0,2396.0,1671.0,725.0,0.0,860.0,860.0,860.0,867.0,862.0,863.0,3496.0,4437.0,3220.0,1671.0,725.0,0.0,860.0,860.0,860.0
1.0,11155.0,2590.0,2580.0,2270.0,4124.0,2533.0,1591.0,0.0,860.0,860.0,860.0,862.0,866.0,862.0,2629.0,3575.0,4951.0,2533.0,1591.0,0.0,860.0,860.0,860.0
1.0,10835.0,2589.0,2581.0,1884.0,5049.0,2589.0,2460.0,0.0,860.0,861.0,860.0,860.0,864.0,865.0,1767.0,2709.0,6359.0,2589.0,2460.0,0.0,860.0,861.0,860.0
1.0,10130.0,2591.0,2582.0,2396.0,4385.0,1785.0,2600.0,0.0,861.0,861.0,860.0,862.0,865.0,864.0,1711.0,1845.0,6574.0,1785.0,2600.0,0.0,861.0,861.0,860.0
1.0,9935.0,2602.0,2583.0,4124.0,1994.0,120.0,1874.0,0.0,861.0,861.0,861.0,868.0,865.0,869.0,2520.0,1705.0,5710.0,120.0,1874.0,0.0,861.0,861.0,861.0
1.0,11457.0,2602.0,2584.0,5049.0,616.0,0.0,285.0,331.0,861.0,862.0,861.0,869.0,866.0,867.0,4185.0,2431.0,4841.0,0.0,285.0,331.0,861.0,862.0,861.0
1.0,13904.0,2608.0,2584.0,4385.0,1200.0,0.0,0.0,1200.0,861.0,862.0,861.0,869.0,870.0,869.0,5905.0,4025.0,3974.0,0.0,0.0,1200.0,861.0,862.0,861.0
1.0,15681.0,2598.0,2585.0,1994.0,2065.0,0.0,0.0,2065.0,862.0,862.0,861.0,866.0,867.0,865.0,6821.0,5755.0,3105.0,0.0,0.0,2065.0,862.0,862.0,861.0
1.0,15077.0,2592.0,2585.0,616.0,2597.0,0.0,0.0,2597.0,862.0,862.0,861.0,870.0,859.0,863.0,6075.0,6762.0,2240.0,0.0,0.0,2597.0,862.0,862.0,861.0
1.0,13101.0,2594.0,2586.0,1200.0,2267.0,0.0,0.0,2267.0,862.0,862.0,862.0,862.0,867.0,865.0,5205.0,6188.0,1708.0,0.0,0.0,2267.0,862.0,862.0,862.0
1.0,11707.0,2612.0,2586.0,2065.0,1910.0,835.0,0.0,1075.0,862.0,862.0,862.0,868.0,871.0,873.0,4343.0,5321.0,2043.0,835.0,0.0,1075.0,862.0,862.0,862.0
1.0,11160.0,2611.0,2588.0,2597.0,2441.0,1708.0,733.0,0.0,863.0,863.0,862.0,868.0,868.0,875.0,3475.0,4450.0,3235.0,1708.0,733.0,0.0,863.0,863.0,862.0
1.0,11146.0,2619.0,2589.0,2267.0,4185.0,2579.0,1606.0,0.0,863.0,863.0,863.0,871.0,873.0,875.0,2607.0,3582.0,4957.0,2579.0,1606.0,0.0,863.0,863.0,863.0
1.0,10794.0,2605.0,2589.0,1910.0,5085.0,2610.0,2475.0,0.0,863.0,863.0,863.0,866.0,869.0,870.0,1736.0,2709.0,6349.0,2610.0,2475.0,0.0,863.0,863.0,863.0
1.0,10099.0,2598.0,2589.0,2441.0,4374.0,1768.0,2606.0,0.0,863.0,863.0,863.0,866.0,864.0,868.0,1705.0,1840.0,6554.0,1768.0,2606.0,0.0,863.0,863.0,863.0
1.0,9942.0,2591.0,2589.0,4185.0,1916.0,55.0,1861.0,0.0,863.0,863.0,863.0,866.0,861.0,864.0,2547.0,1709.0,5686.0,55.0,1861.0,0.0,863.0,863.0,863.0
1.0,11536.0,2587.0,2589.0,5085.0,601.0,0.0,251.0,350.0,863.0,863.0,863.0,865.0,865.0,857.0,4260.0,2454.0,4822.0,0.0,251.0,350.0,863.0,863.0,863.0
1.0,14034.0,2599.0,2590.0,4374.0,1218.0,0.0,0.0,1218.0,864.0,863.0,863.0,867.0,864.0,868.0,6005.0,4064.0,3965.0,0.0,0.0,1218.0,864.0,863.0,863.0
1.0,15809.0,2609.0,2592.0,1916.0,2092.0,0.0,0.0,2092.0,864.0,864.0,864.0,870.0,870.0,869.0,6906.0,5806.0,3097.0,0.0,0.0,2092.0,864.0,864.0,864.0
1.0,15116.0,2630.0,2592.0,601.0,2617.0,0.0,0.0,2617.0,864.0,864.0,864.0,874.0,881.0,875.0,6091.0,6797.0,2228.0,0.0,0.0,2617.0,864.0,864.0,864.0
1.0,13087.0,2620.0,2593.0,1218.0,2275.0,0.0,0.0,2275.0,865.0,864.0,864.0,873.0,871.0,876.0,5217.0,6167.0,1703.0,0.0,0.0,2275.0,865.0,864.0,864.0
1.0,11685.0,2607.0,2595.0,2092.0,1908.0,850.0,0.0,1058.0,865.0,865.0,865.0,869.0,868.0,870.0,4344.0,5296.0,2045.0,850.0,0.0,1058.0,865.0,865.0,865.0
1.0,11170.0,2598.0,2595.0,2617.0,2478.0,1716.0,762.0,0.0,865.0,865.0,865.0,866.0,865.0,867.0,3475.0,4428.0,3267.0,1716.0,762.0,0.0,865.0,865.0,865.0
1.0,11189.0,2595.0,2595.0,2275.0,4207.0,2581.0,1626.0,0.0,865.0,865.0,865.0,865.0,864.0,866.0,2609.0,3563.0,5017.0,2581.0,1626.0,0.0,865.0,865.0,865.0
1.0,10869.0,2606.0,2595.0,1908.0,5096.0,2600.0,2496.0,0.0,865.0,865.0,865.0,869.0,870.0,867.0,1744.0,2699.0,6426.0,2600.0,2496.0,0.0,865.0,865.0,865.0
1.0,10171.0,2614.0,2596.0,2478.0,4366.0,1763.0,2603.0,0.0,866.0,865.0,865.0,874.0,869.0,871.0,1725.0,1829.0,6617.0,1763.0,2603.0,0.0,866.0,865.0,865.0
1.0,10035.0,2615.0,2596.0,4207.0,1902.0,53.0,1849.0,0.0,866.0,865.0,865.0,871.0,872.0,872.0,2567.0,1722.0,5746.0,53.0,1849.0,0.0,866.0,865.0,865.0
1.0,11627.0,2611.0,2598.0,5096.0,555.0,0.0,230.0,325.0,866.0,866.0,866.0,870.0,872.0,869.0,4277.0,2476.0,4874.0,0.0,230.0,325.0,866.0,866.0,866.0
1.0,14112.0,2608.0,2598.0,4366.0,1193.0,0.0,0.0,1193.0,866.0,866.0,866.0,865.0,875.0,868.0,6007.0,4100.0,4005.0,0.0,0.0,1193.0,866.0,866.0,866.0
1.0,15870.0,2600.0,2598.0,1902.0,2058.0,0.0,0.0,2058.0,866.0,866.0,866.0,864.0,871.0,865.0,6905.0,5828.0,3137.0,0.0,0.0,2058.0,866.0,866.0,866.0
1.0,15172.0,2612.0,2598.0,555.0,2604.0,0.0,0.0,2604.0,866.0,866.0,866.0,869.0,872.0,871.0,6094.0,6806.0,2272.0,0.0,0.0,2604.0,866.0,866.0,866.0
1.0,13115.0,2613.0,2598.0,1193.0,2287.0,0.0,0.0,2287.0,866.0,866.0,866.0,868.0,869.0,876.0,5225.0,6164.0,1726.0,0.0,0.0,2287.0,866.0,866.0,866.0
1.0,11695.0,2626.0,2601.0,2058.0,1966.0,855.0,0.0,1111.0,867.0,867.0,867.0,877.0,872.0,877.0,4357.0,5295.0,2043.0,855.0,0.0,1111.0,867.0,867.0,867.0
1.0,11127.0,2619.0,2601.0,2604.0,2513.0,1727.0,786.0,0.0,867.0,867.0,867.0,872.0,874.0,873.0,3480.0,4423.0,3224.0,1727.0,786.0,0.0,867.0,867.0,867.0
1.0,11112.0,2619.0,2601.0,2287.0,4255.0,2598.0,1657.0,0.0,867.0,867.0,867.0,871.0,871.0,877.0,2608.0,3549.0,4955.0,2598.0,1657.0,0.0,867.0,867.0,867.0
1.0,10780.0,2610.0,2601.0,1966.0,5139.0,2614.0,2525.0,0.0,867.0,867.0,867.0,871.0,868.0,871.0,1737.0,2678.0,6365.0,2614.0,2525.0,0.0,867.0,867.0,867.0
1.0,10136.0,2608.0,2601.0,2513.0,4366.0,1757.0,2609.0,0.0,867.0,867.0,867.0,870.0,870.0,868.0,1721.0,1810.0,6605.0,1757.0,2609.0,0.0,867.0,867.0,867.0
1.0,10041.0,2610.0,2601.0,4255.0,1855.0,32.0,1823.0,0.0,867.0,867.0,867.0,873.0,871.0,866.0,2578.0,1726.0,5737.0,32.0,1823.0,0.0,867.0,867.0,867.0
1.0,11686.0,2619.0,2604.0,5139.0,516.0,0.0,175.0,341.0,868.0,868.0,868.0,875.0,872.0,872.0,4303.0,2512.0,4871.0,0.0,175.0,341.0,868.0,868.0,868.0
1.0,14206.0,2631.0,2604.0,4366.0,1217.0,0.0,0.0,1217.0,868.0,868.0,868.0,878.0,877.0,876.0,6042.0,4165.0,3999.0,0.0,0.0,1217.0,868.0,868.0,868.0
1.0,15941.0,2627.0,2604.0,1855.0,2094.0,0.0,0.0,2094.0,868.0,868.0,868.0,875.0,875.0,877.0,6921.0,5897.0,3123.0,0.0,0.0,2094.0,868.0,868.0,868.0
1.0,15169.0,2626.0,2606.0,516.0,2630.0,0.0,0.0,2630.0,869.0,869.0,868.0,874.0,875.0,877.0,6078.0,6845.0,2246.0,0.0,0.0,2630.0,869.0,869.0,868.0
1.0,13059.0,2617.0,2607.0,1217.0,2303.0,10.0,0.0,2293.0,869.0,869.0,869.0,869.0,873.0,875.0,5204.0,6145.0,1710.0,10.0,0.0,2293.0,869.0,869.0,869.0
1.0,11659.0,2609.0,2606.0,2094.0,1943.0,872.0,0.0,1071.0,868.0,869.0,869.0,867.0,870.0,872.0,4335.0,5272.0,2052.0,872.0,0.0,1071.0,868.0,869.0,869.0
1.0,11144.0,2621.0,2607.0,2630.0,2566.0,1748.0,818.0,0.0,869.0,869.0,869.0,871.0,875.0,875.0,3468.0,4402.0,3274.0,1748.0,818.0,0.0,869.0,869.0,869.0
1.0,11153.0,2628.0,2607.0,2303.0,4305.0,2613.0,1692.0,0.0,869.0,869.0,869.0,875.0,874.0,879.0,2597.0,3527.0,5029.0,2613.0,1692.0,0.0,869.0,869.0,869.0
1.0,10828.0,2640.0,2608.0,1943.0,5194.0,2622.0,2572.0,0.0,869.0,869.0,870.0,881.0,880.0,879.0,1732.0,2653.0,6443.0,2622.0,2572.0,0.0,869.0,869.0,870.0
1.0,10131.0,2640.0,2609.0,2566.0,4397.0,1754.0,2643.0,0.0,869.0,870.0,870.0,880.0,884.0,876.0,1723.0,1773.0,6635.0,1754.0,2643.0,0.0,869.0,870.0,870.0
1.0,10057.0,2621.0,2610.0,4305.0,1845.0,22.0,1823.0,0.0,870.0,870.0,870.0,876.0,872.0,873.0,2591.0,1707.0,5759.0,22.0,1823.0,0.0,870.0,870.0,870.0
1.0,11741.0,2615.0,2610.0,5194.0,461.0,0.0,124.0,337.0,870.0,870.0,870.0,869.0,873.0,873.0,4328.0,2527.0,4886.0,0.0,124.0,337.0,870.0,870.0,870.0
1.0,14320.0,2604.0,2610.0,4397.0,1206.0,0.0,0.0,1206.0,870.0,870.0,870.0,866.0,869.0,869.0,6081.0,4226.0,4013.0,0.0,0.0,1206.0,870.0,870.0,870.0
1.0,16113.0,2622.0,2610.0,1845.0,2080.0,0.0,0.0,2080.0,870.0,870.0,870.0,877.0,871.0,874.0,6969.0,6000.0,3144.0,0.0,0.0,2080.0,870.0,870.0,870.0
1.0,15336.0,2631.0,2611.0,461.0,2627.0,0.0,0.0,2627.0,870.0,870.0,871.0,880.0,872.0,879.0,6114.0,6952.0,2270.0,0.0,0.0,2627.0,870.0,870.0,871.0
1.0,13166.0,2636.0,2611.0,1206.0,2301.0,0.0,0.0,2301.0,870.0,870.0,871.0,879.0,877.0,880.0,5234.0,6204.0,1728.0,0.0,0.0,2301.0,870.0,870.0,871.0
1.0,11736.0,2639.0,2613.0,2080.0,1981.0,879.0,0.0,1102.0,871.0,871.0,871.0,879.0,879.0,881.0,4355.0,5327.0,2054.0,879.0,0.0,1102.0,871.0,871.0,871.0
1.0,11177.0,2635.0,2614.0,2627.0,2543.0,1755.0,788.0,0.0,871.0,871.0,872.0,876.0,881.0,878.0,3476.0,4448.0,3253.0,1755.0,788.0,0.0,871.0,871.0,872.0
1.0,11169.0,2629.0,2614.0,2301.0,4296.0,2631.0,1665.0,0.0,871.0,871.0,872.0,876.0,877.0,876.0,2600.0,3567.0,5002.0,2631.0,1665.0,0.0,871.0,871.0,872.0
1.0,10841.0,2618.0,2614.0,1981.0,5164.0,2623.0,2541.0,0.0,871.0,871.0,872.0,871.0,876.0,871.0,1724.0,2690.0,6427.0,2623.0,2541.0,0.0,871.0,871.0,872.0
1.0,10204.0,2619.0,2615.0,2543.0,4371.0,1739.0,2632.0,0.0,871.0,872.0,872.0,871.0,874.0,874.0,1732.0,1814.0,6658.0,1739.0,2632.0,0.0,871.0,872.0,872.0
1.0,10128.0,2622.0,2615.0,4296.0,1842.0,0.0,1842.0,0.0,871.0,872.0,872.0,874.0,875.0,873.0,2616.0,1728.0,5784.0,0.0,1842.0,0.0,871.0,872.0,872.0
1.0,11802.0,2638.0,2616.0,5164.0,508.0,0.0,180.0,328.0,872.0,872.0,872.0,880.0,879.0,879.0,4373.0,2518.0,4911.0,0.0,180.0,328.0,872.0,872.0,872.0
1.0,14328.0,2645.0,2617.0,4371.0,1217.0,0.0,0.0,1217.0,872.0,872.0,873.0,882.0,879.0,884.0,6116.0,4180.0,4032.0,0.0,0.0,1217.0,872.0,872.0,873.0
1.0,16054.0,2639.0,2617.0,1842.0,2099.0,0.0,0.0,2099.0,872.0,872.0,873.0,880.0,877.0,882.0,6973.0,5933.0,3148.0,0.0,0.0,2099.0,872.0,872.0,873.0
1.0,15257.0,2630.0,2618.0,508.0,2650.0,0.0,0.0,2650.0,872.0,873.0,873.0,874.0,877.0,879.0,6093.0,6898.0,2266.0,0.0,0.0,2650.0,872.0,873.0,873.0
1.0,13135.0,2626.0,2618.0,1217.0,2324.0,15.0,0.0,2309.0,872.0,873.0,873.0,874.0,876.0,876.0,5219.0,6201.0,1715.0,15.0,0.0,2309.0,872.0,873.0,873.0
1.0,11726.0,2627.0,2618.0,2099.0,1974.0,886.0,0.0,1088.0,872.0,873.0,873.0,871.0,878.0,878.0,4345.0,5325.0,2056.0,886.0,0.0,1088.0,872.0,873.0,873.0
1.0,11198.0,2632.0,2619.0,2650.0,2563.0,1767.0,796.0,0.0,873.0,873.0,873.0,876.0,878.0,878.0,3474.0,4447.0,3277.0,1767.0,796.0,0.0,873.0,873.0,873.0
1.0,11216.0,2642.0,2620.0,2324.0,4313.0,2637.0,1676.0,0.0,873.0,873.0,874.0,885.0,880.0,877.0,2598.0,3569.0,5049.0,2637.0,1676.0,0.0,873.0,873.0,874.0
1.0,10898.0,2654.0,2621.0,1974.0,5202.0,2637.0,2565.0,0.0,873.0,874.0,874.0,886.0,884.0,884.0,1728.0,2689.0,6481.0,2637.0,2565.0,0.0,873.0,874.0,874.0
1.0,10218.0,2637.0,2622.0,2563.0,4403.0,1758.0,2645.0,0.0,874.0,874.0,874.0,883.0,876.0,878.0,1728.0,1805.0,6685.0,1758.0,2645.0,0.0,874.0,874.0,874.0
1.0,10144.0,2629.0,2623.0,4313.0,1844.0,0.0,1844.0,0.0,874.0,874.0,875.0,878.0,875.0,876.0,2612.0,1725.0,5807.0,0.0,1844.0,0.0,874.0,874.0,875.0
1.0,11828.0,2622.0,2623.0,5202.0,472.0,0.0,153.0,319.0,874.0,874.0,875.0,873.0,874.0,875.0,4371.0,2526.0,4931.0,0.0,153.0,319.0,874.0,874.0,875.0
1.0,14408.0,2625.0,2622.0,4403.0,1189.0,0.0,0.0,1189.0,874.0,874.0,874.0,876.0,874.0,875.0,6135.0,4217.0,4056.0,0.0,0.0,1189.0,874.0,874.0,874.0
1.0,16186.0,2649.0,2623.0,1844.0,2080.0,0.0,0.0,2080.0,874.0,874.0,875.0,880.0,883.0,886.0,7017.0,5988.0,3181.0,0.0,0.0,2080.0,874.0,874.0,875.0
1.0,15381.0,2652.0,2624.0,472.0,2646.0,0.0,0.0,2646.0,874.0,875.0,875.0,883.0,884.0,885.0,6137.0,6949.0,2295.0,0.0,0.0,2646.0,874.0,875.0,875.0
1.0,13201.0,2663.0,2626.0,1189.0,2357.0,5.0,0.0,2352.0,875.0,875.0,876.0,884.0,889.0,890.0,5254.0,6218.0,1729.0,5.0,0.0,2352.0,875.0,875.0,876.0
1.0,11727.0,2648.0,2626.0,2080.0,2042.0,891.0,0.0,1151.0,875.0,875.0,876.0,886.0,883.0,879.0,4370.0,5329.0,2028.0,891.0,0.0,1151.0,875.0,875.0,876.0
1.0,11159.0,2632.0,2627.0,2646.0,2583.0,1772.0,811.0,0.0,875.0,876.0,876.0,881.0,877.0,874.0,3484.0,4446.0,3229.0,1772.0,811.0,0.0,875.0,876.0,876.0
1.0,11173.0,2628.0,2627.0,2357.0,4329.0,2642.0,1687.0,0.0,875.0,876.0,876.0,875.0,876.0,877.0,2603.0,3569.0,5001.0,2642.0,1687.0,0.0,875.0,876.0,876.0
1.0,10902.0,2635.0,2628.0,2042.0,5199.0,2636.0,2563.0,0.0,876.0,876.0,876.0,880.0,876.0,879.0,1733.0,2693.0,6476.0,2636.0,2563.0,0.0,876.0,876.0,876.0
1.0,10309.0,2636.0,2628.0,2583.0,4373.0,1742.0,2631.0,0.0,876.0,876.0,876.0,878.0,879.0,879.0,1744.0,1817.0,6748.0,1742.0,2631.0,0.0,876.0,876.0,876.0
1.0,10256.0,2648.0,2629.0,4329.0,1828.0,0.0,1828.0,0.0,876.0,876.0,877.0,883.0,884.0,881.0,2638.0,1749.0,5869.0,0.0,1828.0,0.0,876.0,876.0,877.0
1.0,11937.0,2654.0,2629.0,5199.0,434.0,0.0,153.0,281.0,876.0,876.0,877.0,882.0,888.0,884.0,4397.0,2552.0,4988.0,0.0,153.0,281.0,876.0,876.0,877.0
1.0,14482.0,2658.0,2631.0,4373.0,1165.0,0.0,0.0,1165.0,877.0,877.0,877.0,890.0,884.0,884.0,6151.0,4227.0,4104.0,0.0,0.0,1165.0,877.0,877.0,877.0
1.0,16197.0,2646.0,2631.0,1828.0,2047.0,0.0,0.0,2047.0,877.0,877.0,877.0,880.0,884.0,882.0,7003.0,5974.0,3220.0,0.0,0.0,2047.0,877.0,877.0,877.0
1.0,15379.0,2643.0,2631.0,434.0,2645.0,0.0,0.0,2645.0,877.0,877.0,877.0,879.0,885.0,879.0,6123.0,6918.0,2338.0,0.0,0.0,2645.0,877.0,877.0,877.0
1.0,13170.0,2639.0,2631.0,1165.0,2381.0,20.0,0.0,2361.0,877.0,877.0,877.0,879.0,879.0,881.0,5244.0,6186.0,1740.0,20.0,0.0,2361.0,877.0,877.0,877.0
1.0,11696.0,2643.0,2633.0,2047.0,2101.0,899.0,0.0,1202.0,877.0,878.0,878.0,879.0,881.0,883.0,4365.0,5307.0,2024.0,899.0,0.0,1202.0,877.0,878.0,878.0
1.0,11100.0,2652.0,2634.0,2645.0,2637.0,1790.0,847.0,0.0,878.0,878.0,878.0,886.0,883.0,883.0,3486.0,4426.0,3188.0,1790.0,847.0,0.0,878.0,878.0,878.0
1.0,11093.0,2658.0,2634.0,2381.0,4388.0,2654.0,1734.0,0.0,878.0,878.0,878.0,884.0,887.0,887.0,2600.0,3543.0,4950.0,2654.0,1734.0,0.0,878.0,878.0,878.0
1.0,10816.0,2660.0,2635.0,2101.0,5263.0,2642.0,2621.0,0.0,878.0,878.0,879.0,887.0,887.0,886.0,1736.0,2656.0,6424.0,2642.0,2621.0,0.0,878.0,878.0,879.0
1.0,10257.0,2648.0,2635.0,2637.0,4395.0,1738.0,2657.0,0.0,878.0,878.0,879.0,886.0,883.0,879.0,1748.0,1769.0,6740.0,1738.0,2657.0,0.0,878.0,878.0,879.0
1.0,10246.0,2639.0,2636.0,4388.0,1811.0,0.0,1811.0,0.0,878.0,879.0,879.0,878.0,883.0,878.0,2652.0,1733.0,5861.0,0.0,1811.0,0.0,878.0,879.0,879.0
1.0,11995.0,2650.0,2636.0,5263.0,369.0,0.0,74.0,295.0,878.0,879.0,879.0,883.0,884.0,883.0,4428.0,2584.0,4983.0,0.0,74.0,295.0,878.0,879.0,879.0
1.0,14608.0,2649.0,2637.0,4395.0,1181.0,0.0,0.0,1181.0,879.0,879.0,879.0,881.0,882.0,886.0,6187.0,4321.0,4100.0,0.0,0.0,1181.0,879.0,879.0,879.0
1.0,16354.0,2664.0,2637.0,1811.0,2072.0,0.0,0.0,2072.0,879.0,879.0,879.0,885.0,888.0,891.0,7044.0,6096.0,3214.0,0.0,0.0,2072.0,879.0,879.0,879.0
1.0,15501.0,2662.0,2639.0,369.0,2672.0,0.0,0.0,2672.0,879.0,880.0,880.0,886.0,886.0,890.0,6159.0,7019.0,2323.0,0.0,0.0,2672.0,879.0,880.0,880.0
1.0,13208.0,2668.0,2640.0,1181.0,2400.0,18.0,0.0,2382.0,880.0,880.0,880.0,891.0,886.0,891.0,5273.0,6207.0,1728.0,18.0,0.0,2382.0,880.0,880.0,880.0
1.0,11721.0,2652.0,2640.0,2072.0,2097.0,903.0,0.0,1194.0,880.0,880.0,880.0,885.0,883.0,884.0,4382.0,5321.0,2018.0,903.0,0.0,1194.0,880.0,880.0,880.0
1.0,11141.0,2647.0,2640.0,2672.0,2630.0,1786.0,844.0,0.0,880.0,880.0,880.0,883.0,882.0,882.0,3497.0,4438.0,3206.0,1786.0,844.0,0.0,880.0,880.0,880.0
1.0,11166.0,2646.0,2640.0,2400.0,4375.0,2648.0,1727.0,0.0,880.0,880.0,880.0,880.0,883.0,883.0,2614.0,3556.0,4996.0,2648.0,1727.0,0.0,880.0,880.0,880.0
1.0,10920.0,2664.0,2641.0,2097.0,5248.0,2633.0,2615.0,0.0,880.0,880.0,881.0,888.0,888.0,888.0,1752.0,2673.0,6495.0,2633.0,2615.0,0.0,880.0,880.0,881.0
1.0,10353.0,2656.0,2642.0,2630.0,4392.0,1729.0,2663.0,0.0,880.0,881.0,881.0,882.0,887.0,887.0,1767.0,1785.0,6801.0,1729.0,2663.0,0.0,880.0,881.0,881.0
1.0,10327.0,2667.0,2643.0,4375.0,1825.0,0.0,1825.0,0.0,881.0,881.0,881.0,885.0,889.0,893.0,2671.0,1742.0,5914.0,0.0,1825.0,0.0,881.0,881.0,881.0
1.0,12035.0,2664.0,2644.0,5248.0,376.0,0.0,96.0,280.0,881.0,881.0,882.0,887.0,886.0,891.0,4434.0,2580.0,5021.0,0.0,96.0,280.0,881.0,881.0,882.0
1.0,14619.0,2665.0,2645.0,4392.0,1168.0,0.0,0.0,1168.0,881.0,882.0,882.0,887.0,890.0,888.0,6180.0,4309.0,4130.0,0.0,0.0,1168.0,881.0,882.0,882.0
1.0,16346.0,2653.0,2645.0,1825.0,2053.0,0.0,0.0,2053.0,881.0,882.0,882.0,886.0,882.0,885.0,7022.0,6082.0,3242.0,0.0,0.0,2053.0,881.0,882.0,882.0
1.0,15518.0,2649.0,2645.0,376.0,2655.0,0.0,0.0,2655.0,881.0,882.0,882.0,885.0,882.0,882.0,6136.0,7025.0,2357.0,0.0,0.0,2655.0,881.0,882.0,882.0
1.0,13245.0,2668.0,2646.0,1168.0,2425.0,49.0,0.0,2376.0,882.0,882.0,882.0,890.0,889.0,889.0,5251.0,6239.0,1755.0,49.0,0.0,2376.0,882.0,882.0,882.0
1.0,11745.0,2663.0,2646.0,2053.0,2146.0,938.0,0.0,1208.0,882.0,882.0,882.0,889.0,889.0,885.0,4361.0,5350.0,2034.0,938.0,0.0,1208.0,882.0,882.0,882.0
1.0,11135.0,2674.0,2647.0,2655.0,2672.0,1829.0,843.0,0.0,882.0,882.0,883.0,891.0,894.0,889.0,3472.0,4461.0,3202.0,1829.0,843.0,0.0,882.0,882.0,883.0
1.0,11116.0,2666.0,2649.0,2425.0,4411.0,2674.0,1737.0,0.0,883.0,883.0,883.0,889.0,889.0,888.0,2581.0,3567.0,4968.0,2674.0,1737.0,0.0,883.0,883.0,883.0
1.0,10875.0,2651.0,2649.0,2146.0,5241.0,2619.0,2622.0,0.0,883.0,883.0,883.0,883.0,885.0,883.0,1741.0,2678.0,6456.0,2619.0,2622.0,0.0,883.0,883.0,883.0
1.0,10370.0,2653.0,2649.0,2672.0,4339.0,1676.0,2663.0,0.0,883.0,883.0,883.0,886.0,884.0,883.0,1796.0,1793.0,6781.0,1676.0,2663.0,0.0,883.0,883.0,883.0
1.0,10389.0,2652.0,2649.0,4411.0,1808.0,0.0,1808.0,0.0,883.0,883.0,883.0,883.0,882.0,887.0,2739.0,1752.0,5898.0,0.0,1808.0,0.0,883.0,883.0,883.0
1.0,12148.0,2669.0,2649.0,5241.0,367.0,0.0,72.0,295.0,883.0,883.0,883.0,892.0,886.0,891.0,4530.0,2607.0,5011.0,0.0,72.0,295.0,883.0,883.0,883.0
1.0,14720.0,2680.0,2651.0,4339.0,1193.0,0.0,0.0,1193.0,883.0,884.0,884.0,895.0,892.0,893.0,6257.0,4343.0,4120.0,0.0,0.0,1193.0,883.0,884.0,884.0
1.0,16379.0,2675.0,2652.0,1808.0,2089.0,0.0,0.0,2089.0,884.0,884.0,884.0,889.0,890.0,896.0,7038.0,6114.0,3227.0,0.0,0.0,2089.0,884.0,884.0,884.0
1.0,15512.0,2676.0,2652.0,367.0,2689.0,0.0,0.0,2689.0,884.0,884.0,884.0,889.0,892.0,895.0,6149.0,7032.0,2331.0,0.0,0.0,2689.0,884.0,884.0,884.0
1.0,13203.0,2663.0,2652.0,1193.0,2429.0,47.0,0.0,2382.0,884.0,884.0,884.0,887.0,890.0,886.0,5260.0,6212.0,1731.0,47.0,0.0,2382.0,884.0,884.0,884.0
1.0,11733.0,2661.0,2652.0,2089.0,2111.0,934.0,0.0,1177.0,884.0,884.0,884.0,887.0,890.0,884.0,4373.0,5322.0,2038.0,934.0,0.0,1177.0,884.0,884.0,884.0
1.0,11161.0,2660.0,2653.0,2689.0,2697.0,1825.0,872.0,0.0,884.0,884.0,885.0,891.0,884.0,885.0,3486.0,4432.0,3243.0,1825.0,872.0,0.0,884.0,884.0,885.0
1.0,11190.0,2674.0,2654.0,2429.0,4437.0,2668.0,1769.0,0.0,884.0,885.0,885.0,890.0,892.0,892.0,2595.0,3548.0,5047.0,2668.0,1769.0,0.0,884.0,885.0,885.0
1.0,10945.0,2674.0,2655.0,2111.0,5290.0,2631.0,2659.0,0.0,885.0,885.0,885.0,892.0,890.0,892.0,1752.0,2656.0,6537.0,2631.0,2659.0,0.0,885.0,885.0,885.0
1.0,10382.0,2684.0,2657.0,2697.0,4387.0,1700.0,2687.0,0.0,885.0,886.0,886.0,894.0,895.0,895.0,1794.0,1766.0,6822.0,1700.0,2687.0,0.0,885.0,886.0,886.0
1.0,10395.0,2670.0,2657.0,4437.0,1811.0,0.0,1811.0,0.0,885.0,886.0,886.0,885.0,893.0,892.0,2725.0,1743.0,5927.0,0.0,1811.0,0.0,885.0,886.0,886.0
1.0,12162.0,2669.0,2657.0,5290.0,327.0,0.0,40.0,287.0,885.0,886.0,886.0,889.0,888.0,892.0,4508.0,2619.0,5035.0,0.0,40.0,287.0,885.0,886.0,886.0
1.0,14783.0,2663.0,2657.0,4387.0,1177.0,0.0,0.0,1177.0,885.0,886.0,886.0,883.0,890.0,890.0,6250.0,4390.0,4143.0,0.0,0.0,1177.0,885.0,886.0,886.0
1.0,16507.0,2660.0,2657.0,1811.0,2063.0,0.0,0.0,2063.0,885.0,886.0,886.0,885.0,889.0,886.0,7067.0,6187.0,3253.0,0.0,0.0,2063.0,885.0,886.0,886.0
1.0,15658.0,2677.0,2658.0,327.0,2665.0,0.0,0.0,2665.0,886.0,886.0,886.0,894.0,894.0,889.0,6182.0,7109.0,2367.0,0.0,0.0,2665.0,886.0,886.0,886.0
1.0,13308.0,2683.0,2660.0,1177.0,2425.0,38.0,0.0,2387.0,886.0,887.0,887.0,896.0,893.0,894.0,5288.0,6255.0,1765.0,38.0,0.0,2387.0,886.0,887.0,887.0
1.0,11802.0,2687.0,2660.0,2063.0,2154.0,937.0,0.0,1217.0,886.0,887.0,887.0,899.0,895.0,893.0,4392.0,5362.0,2048.0,937.0,0.0,1217.0,886.0,887.0,887.0
1.0,11178.0,2673.0,2661.0,2665.0,2692.0,1833.0,859.0,0.0,887.0,887.0,887.0,891.0,891.0,891.0,3493.0,4467.0,3218.0,1833.0,859.0,0.0,887.0,887.0,887.0
1.0,11170.0,2660.0,2661.0,2425.0,4425.0,2680.0,1745.0,0.0,887.0,887.0,887.0,885.0,886.0,889.0,2602.0,3576.0,4992.0,2680.0,1745.0,0.0,887.0,887.0,887.0
1.0,10935.0,2667.0,2661.0,2154.0,5267.0,2635.0,2632.0,0.0,887.0,887.0,887.0,892.0,887.0,888.0,1755.0,2690.0,6490.0,2635.0,2632.0,0.0,887.0,887.0,887.0
1.0,10422.0,2664.0,2662.0,2692.0,4348.0,1686.0,2662.0,0.0,887.0,887.0,888.0,884.0,889.0,891.0,1800.0,1803.0,6819.0,1686.0,2662.0,0.0,887.0,887.0,888.0
1.0,10450.0,2679.0,2662.0,4425.0,1812.0,0.0,1812.0,0.0,887.0,887.0,888.0,891.0,895.0,893.0,2749.0,1773.0,5928.0,0.0,1812.0,0.0,887.0,887.0,888.0
1.0,12196.0,2693.0,2663.0,5267.0,382.0,0.0,80.0,302.0,887.0,888.0,888.0,901.0,895.0,897.0,4538.0,2623.0,5035.0,0.0,80.0,302.0,887.0,888.0,888.0
1.0,14770.0,2692.0,2664.0,4348.0,1200.0,0.0,0.0,1200.0,888.0,888.0,888.0,897.0,897.0,898.0,6272.0,4360.0,4138.0,0.0,0.0,1200.0,888.0,888.0,888.0
1.0,16426.0,2683.0,2665.0,1812.0,2100.0,0.0,0.0,2100.0,888.0,888.0,889.0,893.0,895.0,895.0,7061.0,6125.0,3240.0,0.0,0.0,2100.0,888.0,888.0,889.0
1.0,15555.0,2669.0,2665.0,382.0,2687.0,0.0,0.0,2687.0,888.0,888.0,889.0,890.0,890.0,889.0,6168.0,7042.0,2345.0,0.0,0.0,2687.0,888.0,888.0,889.0
1.0,13268.0,2659.0,2665.0,1200.0,2424.0,50.0,0.0,2374.0,888.0,888.0,889.0,888.0,884.0,887.0,5278.0,6232.0,1758.0,50.0,0.0,2374.0,888.0,888.0,889.0
1.0,11809.0,2667.0,2665.0,2100.0,2099.0,939.0,0.0,1160.0,888.0,888.0,889.0,889.0,892.0,886.0,4390.0,5348.0,2071.0,939.0,0.0,1160.0,888.0,888.0,889.0
1.0,11242.0,2673.0,2666.0,2687.0,2714.0,1834.0,880.0,0.0,888.0,889.0,889.0,895.0,891.0,887.0,3501.0,4456.0,3285.0,1834.0,880.0,0.0,888.0,889.0,889.0
1.0,11256.0,2689.0,2667.0,2424.0,4464.0,2687.0,1777.0,0.0,889.0,889.0,889.0,898.0,897.0,894.0,2606.0,3565.0,5085.0,2687.0,1777.0,0.0,889.0,889.0,889.0
1.0,10991.0,2697.0,2667.0,2099.0,5325.0,2648.0,2677.0,0.0,889.0,889.0,889.0,900.0,900.0,897.0,1758.0,2668.0,6565.0,2648.0,2677.0,0.0,889.0,889.0,889.0
1.0,10393.0,2692.0,2669.0,2714.0,4412.0,1712.0,2700.0,0.0,889.0,890.0,890.0,898.0,898.0,896.0,1797.0,1768.0,6828.0,1712.0,2700.0,0.0,889.0,890.0,890.0
1.0,10415.0,2682.0,2670.0,4464.0,1815.0,0.0,1815.0,0.0,890.0,890.0,890.0,896.0,892.0,894.0,2733.0,1750.0,5932.0,0.0,1815.0,0.0,890.0,890.0,890.0
1.0,12197.0,2673.0,2670.0,5325.0,333.0,0.0,27.0,306.0,890.0,890.0,890.0,890.0,889.0,894.0,4524.0,2635.0,5038.0,0.0,27.0,306.0,890.0,890.0,890.0
1.0,14849.0,2681.0,2670.0,4412.0,1197.0,0.0,0.0,1197.0,890.0,890.0,890.0,893.0,897.0,891.0,6282.0,4423.0,4144.0,0.0,0.0,1197.0,890.0,890.0,890.0
1.0,16580.0,2680.0,2670.0,1815.0,2092.0,0.0,0.0,2092.0,890.0,890.0,890.0,892.0,893.0,895.0,7101.0,6226.0,3253.0,0.0,0.0,2092.0,890.0,890.0,890.0
1.0,15715.0,2688.0,2670.0,333.0,2682.0,0.0,0.0,2682.0,890.0,890.0,890.0,896.0,896.0,896.0,6209.0,7148.0,2358.0,0.0,0.0,2682.0,890.0,890.0,890.0
1.0,13360.0,2696.0,2673.0,1197.0,2431.0,42.0,0.0,2389.0,891.0,891.0,891.0,900.0,897.0,899.0,5313.0,6279.0,1768.0,42.0,0.0,2389.0,891.0,891.0,891.0
1.0,11861.0,2690.0,2673.0,2092.0,2130.0,942.0,0.0,1188.0,891.0,891.0,891.0,900.0,899.0,891.0,4413.0,5382.0,2066.0,942.0,0.0,1188.0,891.0,891.0,891.0
1.0,11263.0,2691.0,2673.0,2682.0,2708.0,1838.0,870.0,0.0,891.0,891.0,891.0,896.0,898.0,897.0,3513.0,4483.0,3267.0,1838.0,870.0,0.0,891.0,891.0,891.0
1.0,11254.0,2681.0,2673.0,2431.0,4455.0,2691.0,1764.0,0.0,891.0,891.0,891.0,895.0,894.0,892.0,2617.0,3585.0,5052.0,2691.0,1764.0,0.0,891.0,891.0,891.0
1.0,11004.0,2679.0,2673.0,2130.0,5302.0,2641.0,2661.0,0.0,891.0,891.0,891.0,892.0,897.0,890.0,1764.0,2691.0,6549.0,2641.0,2661.0,0.0,891.0,891.0,891.0
1.0,10455.0,2695.0,2674.0,2708.0,4395.0,1699.0,2696.0,0.0,891.0,892.0,891.0,896.0,900.0,899.0,1814.0,1794.0,6847.0,1699.0,2696.0,0.0,891.0,892.0,891.0
1.0,10468.0,2702.0,2675.0,4455.0,1831.0,0.0,1831.0,0.0,892.0,892.0,891.0,898.0,899.0,905.0,2756.0,1764.0,5948.0,0.0,1831.0,0.0,892.0,892.0,891.0
1.0,12221.0,2702.0,2676.0,5302.0,387.0,0.0,69.0,318.0,892.0,892.0,892.0,902.0,899.0,901.0,4549.0,2629.0,5043.0,0.0,69.0,318.0,892.0,892.0,892.0
1.0,14821.0,2701.0,2676.0,4395.0,1220.0,0.0,0.0,1220.0,892.0,892.0,892.0,899.0,900.0,902.0,6288.0,4391.0,4142.0,0.0,0.0,1220.0,892.0,892.0,892.0
1.0,16515.0,2695.0,2676.0,1831.0,2118.0,0.0,0.0,2118.0,892.0,892.0,892.0,901.0,896.0,898.0,7088.0,6187.0,3240.0,0.0,0.0,2118.0,892.0,892.0,892.0
1.0,15651.0,2683.0,2678.0,387.0,2690.0,0.0,0.0,2690.0,893.0,893.0,892.0,896.0,897.0,890.0,6187.0,7122.0,2342.0,0.0,0.0,2690.0,893.0,893.0,892.0
1.0,13355.0,2677.0,2678.0,1220.0,2425.0,66.0,0.0,2359.0,893.0,893.0,892.0,892.0,896.0,889.0,5291.0,6294.0,1770.0,66.0,0.0,2359.0,893.0,893.0,892.0
1.0,11898.0,2697.0,2679.0,2118.0,2108.0,966.0,0.0,1142.0,893.0,893.0,893.0,900.0,901.0,896.0,4399.0,5398.0,2101.0,966.0,0.0,1142.0,893.0,893.0,893.0
1.0,11319.0,2704.0,2679.0,2690.0,2737.0,1867.0,870.0,0.0,893.0,893.0,893.0,901.0,902.0,901.0,3499.0,4497.0,3323.0,1867.0,870.0,0.0,893.0,893.0,893.0
1.0,11305.0,2707.0,2681.0,2425.0,4486.0,2707.0,1779.0,0.0,894.0,894.0,893.0,901.0,904.0,902.0,2598.0,3595.0,5112.0,2707.0,1779.0,0.0,894.0,894.0,893.0
1.0,11023.0,2709.0,2681.0,2108.0,5325.0,2644.0,2681.0,0.0,894.0,894.0,893.0,903.0,902.0,904.0,1763.0,2691.0,6569.0,2644.0,2681.0,0.0,894.0,894.0,893.0
1.0,10422.0,2694.0,2682.0,2737.0,4378.0,1672.0,2706.0,0.0,894.0,894.0,894.0,895.0,895.0,904.0,1826.0,1789.0,6807.0,1672.0,2706.0,0.0,894.0,894.0,894.0
1.0,10465.0,2687.0,2682.0,4486.0,1819.0,0.0,1819.0,0.0,894.0,894.0,894.0,898.0,892.0,897.0,2798.0,1764.0,5903.0,0.0,1819.0,0.0,894.0,894.0,894.0
1.0,12264.0,2686.0,2682.0,5325.0,394.0,0.0,32.0,362.0,894.0,894.0,894.0,894.0,894.0,898.0,4607.0,2651.0,5006.0,0.0,32.0,362.0,894.0,894.0,894.0
1.0,14903.0,2697.0,2682.0,4378.0,1264.0,0.0,0.0,1264.0,894.0,894.0,894.0,895.0,900.0,902.0,6357.0,4438.0,4108.0,0.0,0.0,1264.0,894.0,894.0,894.0
1.0,16584.0,2700.0,2683.0,1819.0,2163.0,0.0,0.0,2163.0,894.0,895.0,894.0,900.0,901.0,899.0,7134.0,6244.0,3206.0,0.0,0.0,2163.0,894.0,895.0,894.0
1.0,15703.0,2706.0,2685.0,394.0,2708.0,0.0,0.0,2708.0,895.0,895.0,895.0,899.0,905.0,902.0,6234.0,7162.0,2307.0,0.0,0.0,2708.0,895.0,895.0,895.0
1.0,13391.0,2701.0,2685.0,1264.0,2383.0,41.0,0.0,2342.0,895.0,895.0,895.0,901.0,902.0,898.0,5335.0,6289.0,1767.0,41.0,0.0,2342.0,895.0,895.0,895.0
1.0,11954.0,2697.0,2685.0,2163.0,2013.0,939.0,0.0,1074.0,895.0,895.0,895.0,898.0,904.0,895.0,4434.0,5387.0,2133.0,939.0,0.0,1074.0,895.0,895.0,895.0
1.0,11420.0,2690.0,2686.0,2708.0,2730.0,1836.0,894.0,0.0,895.0,896.0,895.0,897.0,897.0,896.0,3536.0,4483.0,3401.0,1836.0,894.0,0.0,895.0,896.0,895.0
1.0,11438.0,2698.0,2686.0,2383.0,4490.0,2697.0,1793.0,0.0,895.0,896.0,895.0,902.0,899.0,897.0,2639.0,3586.0,5213.0,2697.0,1793.0,0.0,895.0,896.0,895.0
1.0,11123.0,2707.0,2687.0,2013.0,5358.0,2665.0,2693.0,0.0,896.0,896.0,895.0,902.0,900.0,905.0,1778.0,2687.0,6658.0,2665.0,2693.0,0.0,896.0,896.0,895.0
1.0,10429.0,2718.0,2688.0,2730.0,4437.0,1732.0,2705.0,0.0,896.0,896.0,896.0,903.0,906.0,909.0,1815.0,1787.0,6827.0,1732.0,2705.0,0.0,896.0,896.0,896.0
1.0,10441.0,2712.0,2688.0,4490.0,1815.0,0.0,1815.0,0.0,896.0,896.0,896.0,900.0,903.0,909.0,2748.0,1775.0,5918.0,0.0,1815.0,0.0,896.0,896.0,896.0
1.0,12219.0,2702.0,2689.0,5358.0,399.0,0.0,26.0,373.0,896.0,897.0,896.0,901.0,899.0,902.0,4545.0,2665.0,5009.0,0.0,26.0,373.0,896.0,897.0,896.0
1.0,14875.0,2698.0,2689.0,4437.0,1272.0,0.0,0.0,1272.0,896.0,897.0,896.0,899.0,900.0,899.0,6309.0,4459.0,4107.0,0.0,0.0,1272.0,896.0,897.0,896.0
1.0,16614.0,2696.0,2689.0,1815.0,2169.0,0.0,0.0,2169.0,896.0,897.0,896.0,897.0,902.0,897.0,7142.0,6264.0,3208.0,0.0,0.0,2169.0,896.0,897.0,896.0
1.0,15733.0,2698.0,2690.0,399.0,2689.0,0.0,0.0,2689.0,897.0,897.0,896.0,905.0,900.0,893.0,6245.0,7177.0,2311.0,0.0,0.0,2689.0,897.0,897.0,896.0
1.0,13434.0,2705.0,2691.0,1272.0,2373.0,49.0,0.0,2324.0,897.0,897.0,897.0,904.0,899.0,902.0,5340.0,6303.0,1791.0,49.0,0.0,2324.0,897.0,897.0,897.0
1.0,12001.0,2719.0,2692.0,2169.0,2015.0,954.0,0.0,1061.0,897.0,898.0,897.0,905.0,908.0,906.0,4436.0,5404.0,2161.0,954.0,0.0,1061.0,897.0,898.0,897.0
1.0,11451.0,2711.0,2693.0,2689.0,2758.0,1862.0,896.0,0.0,898.0,898.0,897.0,903.0,902.0,906.0,3531.0,4496.0,3424.0,1862.0,896.0,0.0,898.0,898.0,897.0
1.0,11429.0,2712.0,2694.0,2373.0,4516.0,2718.0,1798.0,0.0,898.0,898.0,898.0,905.0,902.0,905.0,2628.0,3594.0,5207.0,2718.0,1798.0,0.0,898.0,898.0,898.0
1.0,11090.0,2705.0,2694.0,2015.0,5364.0,2666.0,2698.0,0.0,898.0,898.0,898.0,902.0,900.0,903.0,1772.0,2692.0,6626.0,2666.0,2698.0,0.0,898.0,898.0,898.0
1.0,10400.0,2702.0,2694.0,2758.0,4409.0,1705.0,2704.0,0.0,898.0,898.0,898.0,901.0,902.0,899.0,1824.0,1792.0,6784.0,1705.0,2704.0,0.0,898.0,898.0,898.0
1.0,10456.0,2706.0,2694.0,4516.0,1806.0,0.0,1806.0,0.0,898.0,898.0,898.0,904.0,900.0,902.0,2785.0,1786.0,5885.0,0.0,1806.0,0.0,898.0,898.0,898.0
1.0,12266.0,2714.0,2695.0,5364.0,430.0,0.0,19.0,411.0,898.0,899.0,898.0,904.0,906.0,904.0,4599.0,2684.0,4983.0,0.0,19.0,411.0,898.0,899.0,898.0
1.0,14916.0,2714.0,2696.0,4409.0,1315.0,0.0,0.0,1315.0,899.0,899.0,898.0,905.0,905.0,904.0,6361.0,4476.0,4079.0,0.0,0.0,1315.0,899.0,899.0,898.0
1.0,16611.0,2716.0,2697.0,1806.0,2225.0,0.0,0.0,2225.0,899.0,899.0,899.0,905.0,906.0,905.0,7161.0,6275.0,3175.0,0.0,0.0,2225.0,899.0,899.0,899.0
1.0,15701.0,2709.0,2698.0,430.0,2714.0,0.0,0.0,2714.0,899.0,900.0,899.0,905.0,904.0,900.0,6256.0,7175.0,2270.0,0.0,0.0,2714.0,899.0,900.0,899.0
1.0,13422.0,2707.0,2698.0,1315.0,2345.0,45.0,0.0,2300.0,899.0,900.0,899.0,901.0,905.0,901.0,5351.0,6290.0,1781.0,45.0,0.0,2300.0,899.0,900.0,899.0
1.0,12030.0,2697.0,2698.0,2225.0,1932.0,945.0,13.0,974.0,899.0,900.0,899.0,900.0,898.0,899.0,4450.0,5385.0,2195.0,945.0,13.0,974.0,899.0,900.0,899.0
1.0,11558.0,2709.0,2698.0,2714.0,2763.0,1848.0,915.0,0.0,899.0,900.0,899.0,903.0,902.0,904.0,3550.0,4487.0,3521.0,1848.0,915.0,0.0,899.0,900.0,899.0
1.0,11563.0,2722.0,2700.0,2345.0,4535.0,2716.0,1819.0,0.0,900.0,900.0,900.0,908.0,904.0,910.0,2647.0,3585.0,5331.0,2716.0,1819.0,0.0,900.0,900.0,900.0
1.0,11186.0,2731.0,2700.0,1932.0,5395.0,2680.0,2715.0,0.0,900.0,900.0,900.0,909.0,909.0,913.0,1784.0,2681.0,6721.0,2680.0,2715.0,0.0,900.0,900.0,900.0
1.0,10387.0,2724.0,2701.0,2763.0,4451.0,1738.0,2713.0,0.0,900.0,901.0,900.0,906.0,908.0,910.0,1820.0,1785.0,6782.0,1738.0,2713.0,0.0,900.0,901.0,900.0
1.0,10426.0,2720.0,2703.0,4535.0,1803.0,0.0,1803.0,0.0,901.0,901.0,901.0,904.0,909.0,907.0,2762.0,1792.0,5872.0,0.0,1803.0,0.0,901.0,901.0,901.0
1.0,12241.0,2710.0,2703.0,5395.0,443.0,0.0,0.0,443.0,901.0,901.0,901.0,903.0,904.0,903.0,4574.0,2702.0,4965.0,0.0,0.0,443.0,901.0,901.0,901.0
1.0,14926.0,2701.0,2703.0,4451.0,1344.0,0.0,0.0,1344.0,901.0,901.0,901.0,900.0,900.0,901.0,6351.0,4513.0,4062.0,0.0,0.0,1344.0,901.0,901.0,901.0
1.0,16676.0,2708.0,2703.0,1803.0,2247.0,0.0,0.0,2247.0,901.0,901.0,901.0,902.0,903.0,903.0,7189.0,6326.0,3161.0,0.0,0.0,2247.0,901.0,901.0,901.0
1.0,15771.0,2713.0,2703.0,443.0,2707.0,0.0,0.0,2707.0,901.0,901.0,901.0,906.0,904.0,903.0,6287.0,7226.0,2258.0,0.0,0.0,2707.0,901.0,901.0,901.0
1.0,13501.0,2717.0,2703.0,1344.0,2300.0,33.0,0.0,2267.0,901.0,901.0,901.0,909.0,904.0,904.0,5381.0,6322.0,1798.0,33.0,0.0,2267.0,901.0,901.0,901.0
1.0,12128.0,2735.0,2706.0,2247.0,1890.0,952.0,1.0,937.0,902.0,902.0,902.0,914.0,909.0,912.0,4472.0,5418.0,2238.0,952.0,1.0,937.0,902.0,902.0,902.0
1.0,11640.0,2728.0,2706.0,2707.0,2773.0,1862.0,911.0,0.0,902.0,902.0,902.0,910.0,910.0,908.0,3558.0,4509.0,3573.0,1862.0,911.0,0.0,902.0,902.0,902.0
1.0,11619.0,2714.0,2706.0,2300.0,4548.0,2732.0,1816.0,0.0,902.0,902.0,902.0,903.0,905.0,906.0,2648.0,3599.0,5372.0,2732.0,1816.0,0.0,902.0,902.0,902.0
1.0,11205.0,2714.0,2706.0,1890.0,5402.0,2686.0,2716.0,0.0,902.0,902.0,902.0,906.0,901.0,907.0,1778.0,2694.0,6733.0,2686.0,2716.0,0.0,902.0,902.0,902.0
1.0,10381.0,2719.0,2706.0,2773.0,4443.0,1728.0,2715.0,0.0,902.0,902.0,902.0,904.0,910.0,905.0,1824.0,1794.0,6763.0,1728.0,2715.0,0.0,902.0,902.0,902.0
1.0,10435.0,2722.0,2706.0,4548.0,1803.0,0.0,1803.0,0.0,902.0,902.0,902.0,909.0,904.0,909.0,2782.0,1795.0,5858.0,0.0,1803.0,0.0,902.0,902.0,902.0
1.0,12261.0,2735.0,2709.0,5402.0,481.0,0.0,3.0,478.0,903.0,903.0,903.0,912.0,911.0,912.0,4605.0,2707.0,4949.0,0.0,3.0,478.0,903.0,903.0,903.0
1.0,14928.0,2736.0,2709.0,4443.0,1387.0,0.0,0.0,1387.0,903.0,903.0,903.0,915.0,912.0,909.0,6379.0,4512.0,4037.0,0.0,0.0,1387.0,903.0,903.0,903.0
1.0,16635.0,2729.0,2709.0,1803.0,2296.0,0.0,0.0,2296.0,903.0,903.0,903.0,909.0,911.0,909.0,7192.0,6315.0,3128.0,0.0,0.0,2296.0,903.0,903.0,903.0
1.0,15709.0,2718.0,2710.0,481.0,2729.0,0.0,0.0,2729.0,903.0,903.0,904.0,907.0,905.0,906.0,6283.0,7207.0,2219.0,0.0,0.0,2729.0,903.0,903.0,904.0
1.0,13472.0,2708.0,2710.0,1387.0,2285.0,40.0,0.0,2245.0,903.0,903.0,904.0,901.0,904.0,903.0,5376.0,6305.0,1791.0,40.0,0.0,2245.0,903.0,903.0,904.0
1.0,12151.0,2720.0,2710.0,2296.0,1823.0,944.0,24.0,855.0,903.0,903.0,904.0,904.0,910.0,906.0,4475.0,5401.0,2275.0,944.0,24.0,855.0,903.0,903.0,904.0
1.0,11727.0,2730.0,2712.0,2729.0,2800.0,1858.0,942.0,0.0,904.0,904.0,904.0,909.0,913.0,908.0,3571.0,4491.0,3665.0,1858.0,942.0,0.0,904.0,904.0,904.0
1.0,11726.0,2743.0,2712.0,2285.0,4588.0,2730.0,1858.0,0.0,904.0,904.0,904.0,912.0,916.0,915.0,2662.0,3578.0,5486.0,2730.0,1858.0,0.0,904.0,904.0,904.0
1.0,11268.0,2751.0,2713.0,1823.0,5459.0,2705.0,2754.0,0.0,904.0,905.0,904.0,919.0,915.0,917.0,1790.0,2662.0,6816.0,2705.0,2754.0,0.0,904.0,905.0,904.0
1.0,10340.0,2733.0,2715.0,2800.0,4486.0,1765.0,2721.0,0.0,905.0,905.0,905.0,913.0,909.0,911.0,1815.0,1771.0,6754.0,1765.0,2721.0,0.0,905.0,905.0,905.0
1.0,10407.0,2728.0,2715.0,4588.0,1769.0,0.0,1769.0,0.0,905.0,905.0,905.0,908.0,906.0,914.0,2760.0,1804.0,5843.0,0.0,1769.0,0.0,905.0,905.0,905.0
1.0,12267.0,2716.0,2715.0,5459.0,499.0,0.0,0.0,499.0,905.0,905.0,905.0,906.0,907.0,903.0,4582.0,2756.0,4929.0,0.0,0.0,499.0,905.0,905.0,905.0
1.0,15010.0,2721.0,2715.0,4486.0,1406.0,0.0,0.0,1406.0,905.0,905.0,905.0,909.0,905.0,907.0,6381.0,4603.0,4026.0,0.0,0.0,1406.0,905.0,905.0,905.0
1.0,16775.0,2727.0,2715.0,1769.0,2316.0,0.0,0.0,2316.0,905.0,905.0,905.0,907.0,910.0,910.0,7237.0,6419.0,3119.0,0.0,0.0,2316.0,905.0,905.0,905.0
1.0,15817.0,2741.0,2717.0,499.0,2736.0,0.0,0.0,2736.0,906.0,905.0,906.0,910.0,917.0,914.0,6330.0,7278.0,2209.0,0.0,0.0,2736.0,906.0,905.0,906.0
1.0,13575.0,2747.0,2718.0,1406.0,2270.0,25.0,0.0,2245.0,906.0,906.0,906.0,915.0,917.0,915.0,5420.0,6361.0,1794.0,25.0,0.0,2245.0,906.0,906.0,906.0
1.0,12234.0,2740.0,2718.0,2316.0,1781.0,940.0,0.0,841.0,906.0,906.0,906.0,915.0,913.0,912.0,4505.0,5444.0,2285.0,940.0,0.0,841.0,906.0,906.0,906.0
1.0,11810.0,2738.0,2718.0,2736.0,2762.0,1853.0,909.0,0.0,906.0,906.0,906.0,913.0,910.0,915.0,3590.0,4531.0,3689.0,1853.0,909.0,0.0,906.0,906.0,906.0
1.0,11808.0,2723.0,2718.0,2270.0,4553.0,2736.0,1817.0,0.0,906.0,906.0,906.0,908.0,908.0,907.0,2677.0,3621.0,5510.0,2736.0,1817.0,0.0,906.0,906.0,906.0
1.0,11355.0,2731.0,2719.0,1781.0,5437.0,2711.0,2726.0,0.0,907.0,906.0,906.0,910.0,909.0,912.0,1794.0,2713.0,6848.0,2711.0,2726.0,0.0,907.0,906.0,906.0
1.0,10405.0,2734.0,2721.0,2762.0,4503.0,1769.0,2734.0,0.0,907.0,907.0,907.0,911.0,912.0,911.0,1824.0,1804.0,6777.0,1769.0,2734.0,0.0,907.0,907.0,907.0
1.0,10433.0,2740.0,2721.0,4553.0,1832.0,0.0,1832.0,0.0,907.0,907.0,907.0,912.0,915.0,913.0,2766.0,1801.0,5866.0,0.0,1832.0,0.0,907.0,907.0,907.0
1.0,12246.0,2749.0,2721.0,5437.0,523.0,0.0,29.0,494.0,907.0,907.0,907.0,914.0,923.0,912.0,4590.0,2703.0,4953.0,0.0,29.0,494.0,907.0,907.0,907.0
1.0,14934.0,2744.0,2724.0,4503.0,1412.0,0.0,0.0,1412.0,908.0,908.0,908.0,916.0,915.0,913.0,6387.0,4506.0,4041.0,0.0,0.0,1412.0,908.0,908.0,908.0
1.0,16693.0,2736.0,2724.0,1832.0,2323.0,0.0,0.0,2323.0,908.0,908.0,908.0,915.0,910.0,911.0,7240.0,6325.0,3128.0,0.0,0.0,2323.0,908.0,908.0,908.0
1.0,15789.0,2734.0,2724.0,523.0,2740.0,0.0,0.0,2740.0,908.0,908.0,908.0,912.0,911.0,911.0,6325.0,7247.0,2217.0,0.0,0.0,2740.0,908.0,908.0,908.0
1.0,13578.0,2738.0,2724.0,1412.0,2281.0,37.0,0.0,2244.0,908.0,908.0,908.0,910.0,912.0,916.0,5413.0,6365.0,1800.0,37.0,0.0,2244.0,908.0,908.0,908.0
1.0,12252.0,2739.0,2724.0,2323.0,1784.0,945.0,1.0,838.0,908.0,908.0,908.0,908.0,914.0,917.0,4503.0,5453.0,2296.0,945.0,1.0,838.0,908.0,908.0,908.0
1.0,11836.0,2750.0,2726.0,2740.0,2782.0,1860.0,922.0,0.0,908.0,909.0,909.0,915.0,916.0,919.0,3595.0,4539.0,3702.0,1860.0,922.0,0.0,908.0,909.0,909.0
1.0,11826.0,2752.0,2727.0,2281.0,4584.0,2745.0,1839.0,0.0,909.0,909.0,909.0,917.0,917.0,918.0,2680.0,3623.0,5523.0,2745.0,1839.0,0.0,909.0,909.0,909.0
1.0,11355.0,2745.0,2727.0,1784.0,5468.0,2715.0,2753.0,0.0,909.0,909.0,909.0,915.0,915.0,915.0,1800.0,2706.0,6849.0,2715.0,2753.0,0.0,909.0,909.0,909.0
1.0,10394.0,2741.0,2727.0,2782.0,4515.0,1770.0,2745.0,0.0,909.0,909.0,909.0,915.0,914.0,912.0,1830.0,1792.0,6772.0,1770.0,2745.0,0.0,909.0,909.0,909.0
1.0,10435.0,2736.0,2727.0,4584.0,1818.0,0.0,1818.0,0.0,909.0,909.0,909.0,913.0,912.0,911.0,2775.0,1800.0,5860.0,0.0,1818.0,0.0,909.0,909.0,909.0
1.0,12283.0,2734.0,2729.0,5468.0,511.0,0.0,0.0,511.0,909.0,910.0,910.0,910.0,914.0,910.0,4607.0,2727.0,4949.0,0.0,0.0,511.0,909.0,910.0,910.0
1.0,15017.0,2752.0,2730.0,4515.0,1429.0,0.0,0.0,1429.0,910.0,910.0,910.0,916.0,918.0,918.0,6412.0,4566.0,4039.0,0.0,0.0,1429.0,910.0,910.0,910.0
1.0,16780.0,2757.0,2730.0,1818.0,2352.0,0.0,0.0,2352.0,910.0,910.0,910.0,915.0,919.0,923.0,7266.0,6393.0,3121.0,0.0,0.0,2352.0,910.0,910.0,910.0
1.0,15841.0,2753.0,2731.0,511.0,2764.0,0.0,0.0,2764.0,910.0,910.0,911.0,918.0,917.0,918.0,6351.0,7292.0,2198.0,0.0,0.0,2764.0,910.0,910.0,911.0
1.0,13599.0,2754.0,2732.0,1429.0,2288.0,32.0,0.0,2256.0,910.0,911.0,911.0,915.0,918.0,921.0,5433.0,6375.0,1791.0,32.0,0.0,2256.0,910.0,911.0,911.0
1.0,12274.0,2751.0,2732.0,2352.0,1785.0,951.0,12.0,822.0,910.0,911.0,911.0,919.0,914.0,918.0,4518.0,5457.0,2299.0,951.0,12.0,822.0,910.0,911.0,911.0
1.0,11875.0,2734.0,2733.0,2764.0,2789.0,1869.0,920.0,0.0,911.0,911.0,911.0,913.0,908.0,913.0,3599.0,4543.0,3733.0,1869.0,920.0,0.0,911.0,911.0,911.0
1.0,11905.0,2738.0,2733.0,2288.0,4583.0,2751.0,1832.0,0.0,911.0,911.0,911.0,914.0,912.0,912.0,2686.0,3635.0,5584.0,2751.0,1832.0,0.0,911.0,911.0,911.0
1.0,11455.0,2743.0,2733.0,1785.0,5450.0,2713.0,2737.0,0.0,911.0,911.0,911.0,913.0,917.0,913.0,1804.0,2723.0,6928.0,2713.0,2737.0,0.0,911.0,911.0,911.0
1.0,10497.0,2756.0,2735.0,2789.0,4503.0,1762.0,2741.0,0.0,911.0,912.0,912.0,918.0,919.0,919.0,1842.0,1818.0,6837.0,1762.0,2741.0,0.0,911.0,912.0,912.0
1.0,10530.0,2755.0,2736.0,4583.0,1832.0,0.0,1832.0,0.0,912.0,912.0,912.0,917.0,923.0,915.0,2793.0,1819.0,5918.0,0.0,1832.0,0.0,912.0,912.0,912.0
1.0,12358.0,2751.0,2736.0,5450.0,484.0,0.0,11.0,473.0,912.0,912.0,912.0,919.0,916.0,916.0,4627.0,2728.0,5003.0,0.0,11.0,473.0,912.0,912.0,912.0
1.0,15057.0,2743.0,2736.0,4503.0,1388.0,0.0,0.0,1388.0,912.0,912.0,912.0,915.0,913.0,915.0,6421.0,4549.0,4087.0,0.0,0.0,1388.0,912.0,912.0,912.0
1.0,16817.0,2744.0,2736.0,1832.0,2305.0,0.0,0.0,2305.0,912.0,912.0,912.0,918.0,909.0,917.0,7268.0,6377.0,3172.0,0.0,0.0,2305.0,912.0,912.0,912.0
1.0,15905.0,2748.0,2737.0,484.0,2756.0,0.0,0.0,2756.0,912.0,912.0,913.0,914.0,915.0,919.0,6350.0,7300.0,2255.0,0.0,0.0,2756.0,912.0,912.0,913.0
1.0,13641.0,2751.0,2738.0,1388.0,2331.0,40.0,0.0,2291.0,912.0,913.0,913.0,916.0,912.0,923.0,5436.0,6396.0,1809.0,40.0,0.0,2291.0,912.0,913.0,913.0
1.0,12278.0,2769.0,2739.0,2305.0,1882.0,968.0,0.0,914.0,913.0,913.0,913.0,923.0,918.0,928.0,4520.0,5484.0,2274.0,968.0,0.0,914.0,913.0,913.0,913.0
1.0,11814.0,2764.0,2740.0,2756.0,2810.0,1888.0,922.0,0.0,913.0,913.0,914.0,920.0,923.0,921.0,3597.0,4566.0,3651.0,1888.0,922.0,0.0,913.0,913.0,914.0
1.0,11806.0,2755.0,2740.0,2331.0,4607.0,2764.0,1843.0,0.0,913.0,913.0,914.0,916.0,921.0,918.0,2677.0,3643.0,5486.0,2764.0,1843.0,0.0,913.0,913.0,914.0
1.0,11382.0,2759.0,2741.0,1882.0,5484.0,2718.0,2766.0,0.0,913.0,914.0,914.0,922.0,918.0,919.0,1801.0,2722.0,6859.0,2718.0,2766.0,0.0,913.0,914.0,914.0
1.0,10505.0,2750.0,2741.0,2810.0,4511.0,1748.0,2763.0,0.0,913.0,914.0,914.0,918.0,919.0,913.0,1847.0,1804.0,6854.0,1748.0,2763.0,0.0,913.0,914.0,914.0
1.0,10565.0,2746.0,2741.0,4607.0,1837.0,0.0,1837.0,0.0,913.0,914.0,914.0,913.0,917.0,916.0,2817.0,1807.0,5941.0,0.0,1837.0,0.0,913.0,914.0,914.0
1.0,12426.0,2754.0,2742.0,5484.0,460.0,0.0,0.0,460.0,914.0,914.0,914.0,920.0,919.0,915.0,4668.0,2733.0,5025.0,0.0,0.0,460.0,914.0,914.0,914.0
1.0,15156.0,2764.0,2743.0,4511.0,1384.0,0.0,0.0,1384.0,914.0,914.0,915.0,924.0,921.0,919.0,6466.0,4580.0,4110.0,0.0,0.0,1384.0,914.0,914.0,915.0
1.0,16903.0,2771.0,2745.0,1837.0,2308.0,0.0,0.0,2308.0,915.0,915.0,915.0,925.0,922.0,924.0,7290.0,6422.0,3191.0,0.0,0.0,2308.0,915.0,915.0,915.0
1.0,15969.0,2761.0,2745.0,460.0,2772.0,0.0,0.0,2772.0,915.0,915.0,915.0,916.0,921.0,924.0,6365.0,7337.0,2267.0,0.0,0.0,2772.0,915.0,915.0,915.0
1.0,13668.0,2759.0,2746.0,1384.0,2356.0,40.0,0.0,2316.0,915.0,915.0,916.0,914.0,922.0,923.0,5449.0,6416.0,1803.0,40.0,0.0,2316.0,915.0,915.0,916.0
1.0,12293.0,2747.0,2745.0,2308.0,1871.0,954.0,1.0,916.0,915.0,915.0,915.0,914.0,920.0,913.0,4535.0,5494.0,2264.0,954.0,1.0,916.0,915.0,915.0,915.0
1.0,11854.0,2758.0,2746.0,2772.0,2794.0,1872.0,922.0,0.0,915.0,915.0,916.0,918.0,921.0,919.0,3621.0,4574.0,3659.0,1872.0,922.0,0.0,915.0,915.0,916.0
1.0,11868.0,2764.0,2747.0,2356.0,4601.0,2755.0,1846.0,0.0,915.0,916.0,916.0,923.0,919.0,922.0,2703.0,3653.0,5512.0,2755.0,1846.0,0.0,915.0,916.0,916.0
1.0,11460.0,2771.0,2747.0,1871.0,5497.0,2728.0,2769.0,0.0,915.0,916.0,916.0,927.0,924.0,920.0,1820.0,2734.0,6906.0,2728.0,2769.0,0.0,915.0,916.0,916.0
1.0,10560.0,2762.0,2748.0,2794.0,4551.0,1782.0,2769.0,0.0,916.0,916.0,916.0,921.0,922.0,919.0,1847.0,1811.0,6902.0,1782.0,2769.0,0.0,916.0,916.0,916.0
1.0,10592.0,2761.0,2748.0,4601.0,1842.0,0.0,1842.0,0.0,916.0,916.0,916.0,922.0,919.0,920.0,2798.0,1811.0,5983.0,0.0,1842.0,0.0,916.0,916.0,916.0
1.0,12432.0,2753.0,2749.0,5497.0,442.0,0.0,0.0,442.0,916.0,916.0,917.0,915.0,918.0,920.0,4631.0,2738.0,5063.0,0.0,0.0,442.0,916.0,916.0,917.0
1.0,15176.0,2761.0,2749.0,4551.0,1359.0,0.0,0.0,1359.0,916.0,916.0,917.0,921.0,923.0,917.0,6444.0,4589.0,4143.0,0.0,0.0,1359.0,916.0,916.0,917.0
1.0,16966.0,2764.0,2750.0,1842.0,2280.0,0.0,0.0,2280.0,916.0,917.0,917.0,918.0,925.0,921.0,7305.0,6435.0,3226.0,0.0,0.0,2280.0,916.0,917.0,917.0
1.0,16044.0,2773.0,2750.0,442.0,2763.0,0.0,0.0,2763.0,916.0,917.0,917.0,924.0,924.0,925.0,6387.0,7352.0,2305.0,0.0,0.0,2763.0,916.0,917.0,917.0
1.0,13713.0,2778.0,2751.0,1359.0,2377.0,46.0,0.0,2331.0,917.0,917.0,917.0,924.0,927.0,927.0,5463.0,6428.0,1822.0,46.0,0.0,2331.0,917.0,917.0,917.0
1.0,12294.0,2773.0,2753.0,2280.0,1964.0,970.0,13.0,981.0,917.0,918.0,918.0,924.0,924.0,925.0,4539.0,5501.0,2254.0,970.0,13.0,981.0,917.0,918.0,918.0
1.0,11801.0,2770.0,2753.0,2763.0,2830.0,1891.0,939.0,0.0,917.0,918.0,918.0,921.0,926.0,923.0,3615.0,4577.0,3609.0,1891.0,939.0,0.0,917.0,918.0,918.0
1.0,11794.0,2762.0,2753.0,2377.0,4627.0,2766.0,1861.0,0.0,917.0,918.0,918.0,921.0,922.0,919.0,2694.0,3651.0,5449.0,2766.0,1861.0,0.0,917.0,918.0,918.0
1.0,11409.0,2750.0,2754.0,1964.0,5484.0,2721.0,2763.0,0.0,918.0,918.0,918.0,920.0,915.0,915.0,1819.0,2729.0,6861.0,2721.0,2763.0,0.0,918.0,918.0,918.0
1.0,10623.0,2758.0,2754.0,2830.0,4494.0,1752.0,2742.0,0.0,918.0,918.0,918.0,922.0,918.0,918.0,1869.0,1827.0,6927.0,1752.0,2742.0,0.0,918.0,918.0,918.0
1.0,10695.0,2770.0,2754.0,4627.0,1805.0,0.0,1805.0,0.0,918.0,918.0,918.0,926.0,924.0,920.0,2838.0,1848.0,6009.0,0.0,1805.0,0.0,918.0,918.0,918.0
1.0,12552.0,2785.0,2756.0,5484.0,431.0,0.0,0.0,431.0,918.0,919.0,919.0,931.0,929.0,925.0,4678.0,2785.0,5089.0,0.0,0.0,431.0,918.0,919.0,919.0
1.0,15251.0,2785.0,2757.0,4494.0,1358.0,0.0,0.0,1358.0,919.0,919.0,919.0,929.0,929.0,927.0,6468.0,4619.0,4164.0,0.0,0.0,1358.0,919.0,919.0,919.0
1.0,16960.0,2774.0,2757.0,1805.0,2282.0,0.0,0.0,2282.0,919.0,919.0,919.0,923.0,927.0,924.0,7291.0,6432.0,3237.0,0.0,0.0,2282.0,919.0,919.0,919.0
1.0,15991.0,2772.0,2757.0,431.0,2775.0,0.0,0.0,2775.0,919.0,919.0,919.0,920.0,928.0,924.0,6368.0,7310.0,2313.0,0.0,0.0,2775.0,919.0,919.0,919.0
1.0,13650.0,2753.0,2757.0,1358.0,2398.0,62.0,0.0,2336.0,919.0,919.0,919.0,915.0,919.0,919.0,5448.0,6382.0,1820.0,62.0,0.0,2336.0,919.0,919.0,919.0
1.0,12255.0,2765.0,2758.0,2282.0,2018.0,982.0,59.0,977.0,919.0,920.0,919.0,920.0,922.0,923.0,4533.0,5463.0,2259.0,982.0,59.0,977.0,919.0,920.0,919.0
1.0,11772.0,2768.0,2758.0,2775.0,2885.0,1903.0,982.0,0.0,919.0,920.0,919.0,921.0,923.0,924.0,3613.0,4541.0,3618.0,1903.0,982.0,0.0,919.0,920.0,919.0
1.0,11779.0,2787.0,2759.0,2398.0,4681.0,2773.0,1908.0,0.0,919.0,920.0,920.0,932.0,926.0,929.0,2692.0,3618.0,5469.0,2773.0,1908.0,0.0,919.0,920.0,920.0
1.0,11390.0,2784.0,2760.0,2018.0,5505.0,2729.0,2776.0,0.0,920.0,920.0,920.0,933.0,927.0,924.0,1822.0,2692.0,6876.0,2729.0,2776.0,0.0,920.0,920.0,920.0
1.0,10624.0,2784.0,2760.0,2885.0,4479.0,1758.0,2721.0,0.0,920.0,920.0,920.0,932.0,927.0,925.0,1871.0,1824.0,6929.0,1758.0,2721.0,0.0,920.0,920.0,920.0
1.0,10725.0,2768.0,2761.0,4681.0,1744.0,0.0,1744.0,0.0,920.0,921.0,920.0,922.0,926.0,920.0,2842.0,1879.0,6004.0,0.0,1744.0,0.0,920.0,921.0,920.0
1.0,12638.0,2768.0,2761.0,5505.0,436.0,0.0,0.0,436.0,920.0,921.0,920.0,922.0,926.0,920.0,4693.0,2861.0,5084.0,0.0,0.0,436.0,920.0,921.0,920.0
1.0,15375.0,2770.0,2762.0,4479.0,1358.0,0.0,0.0,1358.0,921.0,921.0,920.0,924.0,924.0,922.0,6500.0,4711.0,4164.0,0.0,0.0,1358.0,921.0,921.0,920.0
1.0,17084.0,2778.0,2762.0,1744.0,2287.0,0.0,0.0,2287.0,921.0,921.0,920.0,924.0,925.0,929.0,7334.0,6508.0,3242.0,0.0,0.0,2287.0,921.0,921.0,920.0
1.0,16050.0,2805.0,2763.0,436.0,2795.0,0.0,0.0,2795.0,921.0,921.0,921.0,936.0,930.0,939.0,6410.0,7327.0,2313.0,0.0,0.0,2795.0,921.0,921.0,921.0
1.0,13681.0,2792.0,2764.0,1358.0,2432.0,62.0,0.0,2370.0,921.0,922.0,921.0,931.0,928.0,933.0,5474.0,6397.0,1810.0,62.0,0.0,2370.0,921.0,922.0,921.0
1.0,12247.0,2785.0,2766.0,2287.0,2081.0,998.0,67.0,1016.0,922.0,922.0,922.0,931.0,926.0,928.0,4543.0,5469.0,2235.0,998.0,67.0,1016.0,922.0,922.0,922.0
1.0,11749.0,2777.0,2766.0,2795.0,2918.0,1925.0,993.0,0.0,922.0,922.0,922.0,927.0,926.0,924.0,3612.0,4543.0,3594.0,1925.0,993.0,0.0,922.0,922.0,922.0
1.0,11767.0,2774.0,2766.0,2432.0,4708.0,2788.0,1920.0,0.0,922.0,922.0,922.0,925.0,927.0,922.0,2685.0,3617.0,5465.0,2788.0,1920.0,0.0,922.0,922.0,922.0
1.0,11425.0,2766.0,2766.0,2081.0,5487.0,2710.0,2777.0,0.0,922.0,922.0,922.0,920.0,924.0,922.0,1822.0,2690.0,6913.0,2710.0,2777.0,0.0,922.0,922.0,922.0
1.0,10740.0,2783.0,2767.0,2918.0,4432.0,1709.0,2723.0,0.0,922.0,923.0,922.0,924.0,934.0,925.0,1900.0,1833.0,7007.0,1709.0,2723.0,0.0,922.0,923.0,922.0
1.0,10875.0,2787.0,2767.0,4708.0,1738.0,0.0,1738.0,0.0,922.0,923.0,922.0,926.0,935.0,926.0,2901.0,1892.0,6082.0,0.0,1738.0,0.0,922.0,923.0,922.0
1.0,12796.0,2796.0,2769.0,5487.0,393.0,0.0,0.0,393.0,923.0,923.0,923.0,934.0,928.0,934.0,4763.0,2877.0,5156.0,0.0,0.0,393.0,923.0,923.0,923.0
1.0,15487.0,2792.0,2770.0,4432.0,1323.0,0.0,0.0,1323.0,923.0,924.0,923.0,932.0,930.0,930.0,6539.0,4726.0,4222.0,0.0,0.0,1323.0,923.0,924.0,923.0
1.0,17127.0,2787.0,2770.0,1738.0,2254.0,0.0,0.0,2254.0,923.0,924.0,923.0,929.0,927.0,931.0,7316.0,6519.0,3292.0,0.0,0.0,2254.0,923.0,924.0,923.0
1.0,16078.0,2777.0,2770.0,393.0,2787.0,0.0,0.0,2787.0,923.0,924.0,923.0,926.0,925.0,926.0,6387.0,7330.0,2361.0,0.0,0.0,2787.0,923.0,924.0,923.0
1.0,13694.0,2778.0,2771.0,1323.0,2477.0,87.0,0.0,2390.0,924.0,924.0,923.0,928.0,924.0,926.0,5461.0,6405.0,1828.0,87.0,0.0,2390.0,924.0,924.0,923.0
1.0,12239.0,2781.0,2771.0,2254.0,2143.0,1012.0,66.0,1065.0,924.0,924.0,923.0,925.0,927.0,929.0,4533.0,5481.0,2225.0,1012.0,66.0,1065.0,924.0,924.0,923.0
1.0,11712.0,2787.0,2772.0,2787.0,2943.0,1939.0,1004.0,0.0,924.0,925.0,923.0,927.0,933.0,927.0,3608.0,4554.0,3550.0,1939.0,1004.0,0.0,924.0,925.0,923.0
1.0,11712.0,2800.0,2773.0,2477.0,4725.0,2783.0,1942.0,0.0,924.0,925.0,924.0,931.0,938.0,931.0,2681.0,3621.0,5410.0,2783.0,1942.0,0.0,924.0,925.0,924.0
1.0,11389.0,2790.0,2773.0,2143.0,5509.0,2704.0,2805.0,0.0,924.0,925.0,924.0,933.0,929.0,928.0,1837.0,2683.0,6869.0,2704.0,2805.0,0.0,924.0,925.0,924.0
1.0,10742.0,2787.0,2774.0,2943.0,4429.0,1699.0,2730.0,0.0,925.0,925.0,924.0,929.0,929.0,929.0,1916.0,1820.0,7006.0,1699.0,2730.0,0.0,925.0,925.0,924.0
1.0,10898.0,2778.0,2774.0,4725.0,1714.0,0.0,1714.0,0.0,925.0,925.0,924.0,926.0,926.0,926.0,2926.0,1895.0,6077.0,0.0,1714.0,0.0,925.0,925.0,924.0
1.0,12845.0,2777.0,2774.0,5509.0,398.0,0.0,0.0,398.0,925.0,925.0,924.0,927.0,921.0,929.0,4783.0,2911.0,5151.0,0.0,0.0,398.0,925.0,925.0,924.0
1.0,15577.0,2796.0,2776.0,4429.0,1340.0,0.0,0.0,1340.0,925.0,926.0,925.0,928.0,931.0,937.0,6560.0,4795.0,4222.0,0.0,0.0,1340.0,925.0,926.0,925.0
1.0,17210.0,2788.0,2776.0,1714.0,2272.0,0.0,0.0,2272.0,925.0,926.0,925.0,927.0,929.0,932.0,7331.0,6594.0,3285.0,0.0,0.0,2272.0,925.0,926.0,925.0
1.0,16136.0,2803.0,2777.0,398.0,2811.0,0.0,0.0,2811.0,926.0,926.0,925.0,934.0,932.0,937.0,6404.0,7379.0,2353.0,0.0,0.0,2811.0,926.0,926.0,925.0
1.0,13731.0,2806.0,2778.0,1340.0,2504.0,95.0,0.0,2409.0,926.0,926.0,926.0,935.0,938.0,933.0,5470.0,6447.0,1814.0,95.0,0.0,2409.0,926.0,926.0,926.0
1.0,12265.0,2784.0,2778.0,2272.0,2137.0,1021.0,53.0,1063.0,926.0,926.0,926.0,926.0,932.0,926.0,4535.0,5509.0,2221.0,1021.0,53.0,1063.0,926.0,926.0,926.0
1.0,11753.0,2785.0,2779.0,2811.0,2940.0,1949.0,991.0,0.0,926.0,927.0,926.0,928.0,933.0,924.0,3609.0,4577.0,3567.0,1949.0,991.0,0.0,926.0,927.0,926.0
1.0,11779.0,2778.0,2779.0,2504.0,4703.0,2787.0,1916.0,0.0,926.0,927.0,926.0,933.0,925.0,920.0,2681.0,3644.0,5454.0,2787.0,1916.0,0.0,926.0,927.0,926.0
1.0,11505.0,2795.0,2780.0,2137.0,5497.0,2704.0,2793.0,0.0,927.0,927.0,926.0,933.0,930.0,932.0,1843.0,2719.0,6943.0,2704.0,2793.0,0.0,927.0,927.0,926.0
1.0,10847.0,2804.0,2780.0,2940.0,4425.0,1691.0,2734.0,0.0,927.0,927.0,926.0,936.0,932.0,936.0,1931.0,1842.0,7074.0,1691.0,2734.0,0.0,927.0,927.0,926.0
1.0,10983.0,2801.0,2781.0,4703.0,1749.0,0.0,1749.0,0.0,927.0,927.0,927.0,934.0,931.0,936.0,2944.0,1901.0,6138.0,0.0,1749.0,0.0,927.0,927.0,927.0
1.0,12885.0,2799.0,2781.0,5497.0,369.0,0.0,0.0,369.0,927.0,927.0,927.0,930.0,933.0,936.0,4797.0,2886.0,5202.0,0.0,0.0,369.0,927.0,927.0,927.0
1.0,15583.0,2798.0,2782.0,4425.0,1304.0,0.0,0.0,1304.0,927.0,928.0,927.0,932.0,931.0,935.0,6571.0,4746.0,4266.0,0.0,0.0,1304.0,927.0,928.0,927.0
1.0,17210.0,2799.0,2783.0,1749.0,2239.0,0.0,0.0,2239.0,928.0,928.0,927.0,931.0,933.0,935.0,7330.0,6549.0,3331.0,0.0,0.0,2239.0,928.0,928.0,927.0
1.0,16160.0,2789.0,2783.0,369.0,2801.0,0.0,0.0,2801.0,928.0,928.0,927.0,927.0,931.0,931.0,6399.0,7365.0,2396.0,0.0,0.0,2801.0,928.0,928.0,927.0
1.0,13740.0,2803.0,2784.0,1304.0,2536.0,102.0,0.0,2434.0,928.0,928.0,928.0,934.0,937.0,932.0,5472.0,6434.0,1834.0,102.0,0.0,2434.0,928.0,928.0,928.0
1.0,12241.0,2813.0,2785.0,2239.0,2258.0,1039.0,89.0,1130.0,928.0,929.0,928.0,937.0,941.0,935.0,4538.0,5497.0,2206.0,1039.0,89.0,1130.0,928.0,929.0,928.0
1.0,11667.0,2811.0,2785.0,2801.0,3001.0,1975.0,1026.0,0.0,928.0,929.0,928.0,936.0,937.0,938.0,3601.0,4556.0,3510.0,1975.0,1026.0,0.0,928.0,929.0,928.0
1.0,11657.0,2797.0,2787.0,2536.0,4771.0,2811.0,1960.0,0.0,929.0,929.0,929.0,933.0,934.0,930.0,2665.0,3619.0,5373.0,2811.0,1960.0,0.0,929.0,929.0,929.0
1.0,11396.0,2783.0,2787.0,2258.0,5501.0,2701.0,2800.0,0.0,929.0,929.0,929.0,929.0,929.0,925.0,1834.0,2685.0,6877.0,2701.0,2800.0,0.0,929.0,929.0,929.0
1.0,10871.0,2796.0,2787.0,3001.0,4361.0,1659.0,2702.0,0.0,929.0,929.0,929.0,933.0,928.0,935.0,1944.0,1845.0,7082.0,1659.0,2702.0,0.0,929.0,929.0,929.0
1.0,11076.0,2802.0,2787.0,4771.0,1673.0,0.0,1673.0,0.0,929.0,929.0,929.0,936.0,931.0,935.0,2986.0,1943.0,6147.0,0.0,1673.0,0.0,929.0,929.0,929.0
1.0,13045.0,2810.0,2787.0,5501.0,367.0,0.0,0.0,367.0,929.0,929.0,929.0,937.0,939.0,934.0,4861.0,2972.0,5212.0,0.0,0.0,367.0,929.0,929.0,929.0
1.0,15736.0,2817.0,2789.0,4361.0,1304.0,0.0,0.0,1304.0,930.0,930.0,929.0,939.0,941.0,937.0,6625.0,4833.0,4278.0,0.0,0.0,1304.0,930.0,930.0,929.0
1.0,17280.0,2819.0,2790.0,1673.0,2249.0,0.0,0.0,2249.0,930.0,930.0,930.0,940.0,939.0,940.0,7345.0,6594.0,3341.0,0.0,0.0,2249.0,930.0,930.0,930.0
1.0,16134.0,2812.0,2790.0,367.0,2819.0,0.0,0.0,2819.0,930.0,930.0,930.0,934.0,941.0,937.0,6405.0,7328.0,2401.0,0.0,0.0,2819.0,930.0,930.0,930.0
1.0,13689.0,2806.0,2791.0,1304.0,2564.0,114.0,0.0,2450.0,930.0,931.0,930.0,935.0,936.0,935.0,5471.0,6387.0,1831.0,114.0,0.0,2450.0,930.0,931.0,930.0
1.0,12187.0,2780.0,2791.0,2249.0,2299.0,1042.0,131.0,1126.0,930.0,931.0,930.0,928.0,927.0,925.0,4536.0,5451.0,2200.0,1042.0,131.0,1126.0,930.0,931.0,930.0
1.0,11656.0,2795.0,2791.0,2819.0,3038.0,1975.0,1063.0,0.0,930.0,931.0,930.0,933.0,932.0,930.0,3608.0,4524.0,3524.0,1975.0,1063.0,0.0,930.0,931.0,930.0
1.0,11680.0,2801.0,2793.0,2564.0,4796.0,2800.0,1996.0,0.0,931.0,931.0,931.0,934.0,933.0,934.0,2675.0,3592.0,5413.0,2800.0,1996.0,0.0,931.0,931.0,931.0
1.0,11443.0,2824.0,2793.0,2299.0,5509.0,2701.0,2808.0,0.0,931.0,931.0,931.0,943.0,943.0,938.0,1855.0,2659.0,6929.0,2701.0,2808.0,0.0,931.0,931.0,931.0
1.0,10918.0,2822.0,2794.0,3038.0,4355.0,1663.0,2692.0,0.0,931.0,932.0,931.0,937.0,942.0,943.0,1954.0,1847.0,7117.0,1663.0,2692.0,0.0,931.0,932.0,931.0
1.0,11134.0,2816.0,2795.0,4796.0,1637.0,0.0,1637.0,0.0,931.0,932.0,932.0,934.0,941.0,941.0,2992.0,1968.0,6174.0,0.0,1637.0,0.0,931.0,932.0,932.0
1.0,13114.0,2806.0,2795.0,5509.0,367.0,0.0,0.0,367.0,931.0,932.0,932.0,933.0,933.0,940.0,4858.0,3023.0,5233.0,0.0,0.0,367.0,931.0,932.0,932.0
1.0,15817.0,2803.0,2795.0,4355.0,1303.0,0.0,0.0,1303.0,931.0,932.0,932.0,932.0,935.0,936.0,6626.0,4898.0,4293.0,0.0,0.0,1303.0,931.0,932.0,932.0
1.0,17369.0,2807.0,2795.0,1637.0,2240.0,0.0,0.0,2240.0,931.0,932.0,932.0,934.0,936.0,937.0,7357.0,6655.0,3357.0,0.0,0.0,2240.0,931.0,932.0,932.0
1.0,16199.0,2802.0,2796.0,367.0,2808.0,0.0,0.0,2808.0,932.0,932.0,932.0,934.0,933.0,935.0,6423.0,7356.0,2420.0,0.0,0.0,2808.0,932.0,932.0,932.0
1.0,13764.0,2824.0,2797.0,1303.0,2560.0,115.0,0.0,2445.0,932.0,933.0,932.0,944.0,940.0,940.0,5489.0,6423.0,1852.0,115.0,0.0,2445.0,932.0,933.0,932.0
1.0,12243.0,2825.0,2798.0,2240.0,2332.0,1060.0,124.0,1148.0,932.0,933.0,933.0,945.0,942.0,938.0,4545.0,5483.0,2215.0,1060.0,124.0,1148.0,932.0,933.0,933.0
1.0,11658.0,2811.0,2799.0,2808.0,3066.0,2004.0,1062.0,0.0,933.0,933.0,933.0,939.0,938.0,934.0,3600.0,4541.0,3517.0,2004.0,1062.0,0.0,933.0,933.0,933.0
1.0,11655.0,2807.0,2799.0,2560.0,4822.0,2823.0,1999.0,0.0,933.0,933.0,933.0,934.0,937.0,936.0,2661.0,3603.0,5391.0,2823.0,1999.0,0.0,933.0,933.0,933.0
1.0,11408.0,2798.0,2799.0,2332.0,5502.0,2692.0,2810.0,0.0,933.0,933.0,933.0,929.0,935.0,934.0,1842.0,2666.0,6900.0,2692.0,2810.0,0.0,933.0,933.0,933.0
1.0,10942.0,2810.0,2799.0,3066.0,4308.0,1622.0,2686.0,0.0,933.0,933.0,933.0,934.0,938.0,938.0,1973.0,1855.0,7114.0,1622.0,2686.0,0.0,933.0,933.0,933.0
1.0,11198.0,2820.0,2800.0,4822.0,1631.0,0.0,1631.0,0.0,933.0,934.0,933.0,941.0,939.0,940.0,3043.0,1979.0,6176.0,0.0,1631.0,0.0,933.0,934.0,933.0
1.0,13200.0,2834.0,2801.0,5502.0,377.0,0.0,0.0,377.0,933.0,934.0,934.0,947.0,944.0,943.0,4925.0,3039.0,5236.0,0.0,0.0,377.0,933.0,934.0,934.0
1.0,15868.0,2833.0,2802.0,4308.0,1321.0,0.0,0.0,1321.0,934.0,934.0,934.0,946.0,943.0,944.0,6670.0,4905.0,4293.0,0.0,0.0,1321.0,934.0,934.0,934.0
1.0,17343.0,2821.0,2803.0,1631.0,2263.0,0.0,0.0,2263.0,934.0,935.0,934.0,943.0,936.0,942.0,7346.0,6648.0,3349.0,0.0,0.0,2263.0,934.0,935.0,934.0
1.0,16153.0,2813.0,2803.0,377.0,2823.0,0.0,0.0,2823.0,934.0,935.0,934.0,939.0,937.0,937.0,6403.0,7343.0,2407.0,0.0,0.0,2823.0,934.0,935.0,934.0
1.0,13717.0,2806.0,2803.0,1321.0,2578.0,143.0,0.0,2435.0,934.0,935.0,934.0,937.0,936.0,933.0,5464.0,6406.0,1847.0,143.0,0.0,2435.0,934.0,935.0,934.0
1.0,12232.0,2803.0,2804.0,2263.0,2328.0,1075.0,145.0,1108.0,934.0,935.0,935.0,932.0,940.0,931.0,4527.0,5470.0,2235.0,1075.0,145.0,1108.0,934.0,935.0,935.0
1.0,11692.0,2817.0,2805.0,2823.0,3105.0,2019.0,1086.0,0.0,935.0,935.0,935.0,939.0,941.0,937.0,3595.0,4530.0,3567.0,2019.0,1086.0,0.0,935.0,935.0,935.0
1.0,11698.0,2837.0,2805.0,2578.0,4853.0,2820.0,2033.0,0.0,935.0,935.0,935.0,944.0,947.0,946.0,2656.0,3589.0,5453.0,2820.0,2033.0,0.0,935.0,935.0,935.0
1.0,11439.0,2841.0,2806.0,2328.0,5534.0,2695.0,2839.0,0.0,935.0,936.0,935.0,950.0,946.0,945.0,1855.0,2642.0,6942.0,2695.0,2839.0,0.0,935.0,936.0,935.0
1.0,10926.0,2830.0,2808.0,3105.0,4319.0,1625.0,2694.0,0.0,936.0,936.0,936.0,944.0,941.0,945.0,1980.0,1841.0,7105.0,1625.0,2694.0,0.0,936.0,936.0,936.0
1.0,11201.0,2819.0,2808.0,4853.0,1601.0,0.0,1601.0,0.0,936.0,936.0,936.0,939.0,940.0,940.0,3055.0,1986.0,6160.0,0.0,1601.0,0.0,936.0,936.0,936.0
1.0,13235.0,2813.0,2808.0,5534.0,401.0,0.0,0.0,401.0,936.0,936.0,936.0,938.0,934.0,941.0,4936.0,3079.0,5220.0,0.0,0.0,401.0,936.0,936.0,936.0
1.0,15956.0,2809.0,2808.0,4319.0,1337.0,0.0,0.0,1337.0,936.0,936.0,936.0,936.0,937.0,936.0,6693.0,4984.0,4279.0,0.0,0.0,1337.0,936.0,936.0,936.0
1.0,17466.0,2825.0,2809.0,1601.0,2279.0,0.0,0.0,2279.0,936.0,937.0,936.0,941.0,942.0,942.0,7382.0,6741.0,3343.0,0.0,0.0,2279.0,936.0,937.0,936.0
1.0,16242.0,2832.0,2811.0,401.0,2827.0,0.0,0.0,2827.0,937.0,937.0,937.0,944.0,944.0,944.0,6441.0,7400.0,2401.0,0.0,0.0,2827.0,937.0,937.0,937.0
1.0,13811.0,2829.0,2811.0,1337.0,2560.0,133.0,0.0,2427.0,937.0,937.0,937.0,945.0,947.0,937.0,5497.0,6456.0,1858.0,133.0,0.0,2427.0,937.0,937.0,937.0
1.0,12319.0,2838.0,2812.0,2279.0,2300.0,1079.0,128.0,1093.0,937.0,938.0,937.0,946.0,947.0,945.0,4552.0,5509.0,2258.0,1079.0,128.0,1093.0,937.0,938.0,937.0
1.0,11760.0,2821.0,2812.0,2827.0,3092.0,2024.0,1068.0,0.0,937.0,938.0,937.0,945.0,940.0,936.0,3606.0,4562.0,3592.0,2024.0,1068.0,0.0,937.0,938.0,937.0
1.0,11766.0,2821.0,2812.0,2560.0,4842.0,2829.0,2013.0,0.0,937.0,938.0,937.0,938.0,945.0,938.0,2661.0,3622.0,5483.0,2829.0,2013.0,0.0,937.0,938.0,937.0
1.0,11505.0,2814.0,2812.0,2300.0,5509.0,2685.0,2824.0,0.0,937.0,938.0,937.0,935.0,939.0,940.0,1856.0,2677.0,6972.0,2685.0,2824.0,0.0,937.0,938.0,937.0
1.0,10991.0,2827.0,2813.0,3092.0,4303.0,1606.0,2697.0,0.0,938.0,938.0,937.0,940.0,941.0,946.0,2000.0,1866.0,7125.0,1606.0,2697.0,0.0,938.0,938.0,937.0
1.0,11256.0,2838.0,2814.0,4842.0,1629.0,0.0,1629.0,0.0,938.0,938.0,938.0,944.0,945.0,949.0,3084.0,1993.0,6179.0,0.0,1629.0,0.0,938.0,938.0,938.0
1.0,13260.0,2841.0,2815.0,5509.0,406.0,0.0,0.0,406.0,938.0,939.0,938.0,946.0,949.0,946.0,4969.0,3061.0,5230.0,0.0,0.0,406.0,938.0,939.0,938.0
1.0,15928.0,2837.0,2816.0,4303.0,1352.0,0.0,0.0,1352.0,939.0,939.0,938.0,948.0,943.0,946.0,6708.0,4936.0,4284.0,0.0,0.0,1352.0,939.0,939.0,938.0
1.0,17394.0,2828.0,2816.0,1629.0,2288.0,0.0,0.0,2288.0,939.0,939.0,938.0,945.0,947.0,936.0,7366.0,6690.0,3338.0,0.0,0.0,2288.0,939.0,939.0,938.0
1.0,16195.0,2833.0,2816.0,406.0,2825.0,0.0,0.0,2825.0,939.0,939.0,938.0,944.0,946.0,943.0,6421.0,7372.0,2402.0,0.0,0.0,2825.0,939.0,939.0,938.0
1.0,13768.0,2823.0,2817.0,1352.0,2575.0,159.0,0.0,2416.0,939.0,939.0,939.0,941.0,944.0,938.0,5477.0,6426.0,1865.0,159.0,0.0,2416.0,939.0,939.0,939.0
1.0,12297.0,2825.0,2818.0,2288.0,2330.0,1101.0,159.0,1070.0,939.0,940.0,939.0,942.0,941.0,942.0,4536.0,5482.0,2279.0,1101.0,159.0,1070.0,939.0,940.0,939.0
1.0,11760.0,2838.0,2818.0,2825.0,3150.0,2047.0,1103.0,0.0,939.0,940.0,939.0,946.0,944.0,948.0,3594.0,4541.0,3625.0,2047.0,1103.0,0.0,939.0,940.0,939.0
1.0,11747.0,2846.0,2819.0,2575.0,4893.0,2843.0,2050.0,0.0,940.0,940.0,939.0,950.0,947.0,949.0,2648.0,3597.0,5502.0,2843.0,2050.0,0.0,940.0,940.0,939.0
1.0,11476.0,2848.0,2820.0,2330.0,5530.0,2694.0,2836.0,0.0,940.0,940.0,940.0,952.0,945.0,951.0,1857.0,2650.0,6969.0,2694.0,2836.0,0.0,940.0,940.0,940.0
1.0,10958.0,2831.0,2820.0,3150.0,4267.0,1593.0,2674.0,0.0,940.0,940.0,940.0,946.0,941.0,944.0,2006.0,1864.0,7088.0,1593.0,2674.0,0.0,940.0,940.0,940.0
1.0,11277.0,2823.0,2820.0,4893.0,1567.0,0.0,1567.0,0.0,940.0,940.0,940.0,937.0,943.0,943.0,3107.0,2026.0,6144.0,0.0,1567.0,0.0,940.0,940.0,940.0
1.0,13347.0,2826.0,2820.0,5530.0,442.0,0.0,0.0,442.0,940.0,940.0,940.0,942.0,941.0,943.0,5013.0,3133.0,5201.0,0.0,0.0,442.0,940.0,940.0,940.0
1.0,16051.0,2836.0,2821.0,4267.0,1387.0,0.0,0.0,1387.0,940.0,941.0,940.0,944.0,947.0,945.0,6765.0,5028.0,4258.0,0.0,0.0,1387.0,940.0,941.0,940.0
1.0,17482.0,2849.0,2823.0,1567.0,2343.0,0.0,0.0,2343.0,941.0,941.0,941.0,948.0,950.0,951.0,7414.0,6755.0,3313.0,0.0,0.0,2343.0,941.0,941.0,941.0
1.0,16200.0,2847.0,2823.0,442.0,2849.0,0.0,0.0,2849.0,941.0,941.0,941.0,949.0,950.0,948.0,6466.0,7372.0,2362.0,0.0,0.0,2849.0,941.0,941.0,941.0
1.0,13795.0,2836.0,2824.0,1387.0,2540.0,135.0,0.0,2405.0,941.0,942.0,941.0,947.0,946.0,943.0,5517.0,6422.0,1856.0,135.0,0.0,2405.0,941.0,942.0,941.0
1.0,12346.0,2830.0,2824.0,2343.0,2261.0,1078.0,175.0,1008.0,941.0,942.0,941.0,943.0,941.0,946.0,4570.0,5476.0,2300.0,1078.0,175.0,1008.0,941.0,942.0,941.0
1.0,11859.0,2836.0,2825.0,2849.0,3150.0,2031.0,1119.0,0.0,942.0,942.0,941.0,948.0,944.0,944.0,3627.0,4535.0,3697.0,2031.0,1119.0,0.0,942.0,942.0,941.0
1.0,11872.0,2829.0,2825.0,2540.0,4900.0,2837.0,2063.0,0.0,942.0,942.0,941.0,941.0,944.0,944.0,2679.0,3591.0,5602.0,2837.0,2063.0,0.0,942.0,942.0,941.0
1.0,11583.0,2842.0,2826.0,2261.0,5543.0,2708.0,2835.0,0.0,942.0,942.0,942.0,949.0,947.0,946.0,1873.0,2647.0,7063.0,2708.0,2835.0,0.0,942.0,942.0,942.0
1.0,11002.0,2856.0,2826.0,3150.0,4299.0,1631.0,2668.0,0.0,942.0,942.0,942.0,954.0,952.0,950.0,2002.0,1875.0,7125.0,1631.0,2668.0,0.0,942.0,942.0,942.0
1.0,11296.0,2855.0,2828.0,4900.0,1563.0,0.0,1563.0,0.0,943.0,943.0,942.0,947.0,953.0,955.0,3079.0,2042.0,6175.0,0.0,1563.0,0.0,943.0,943.0,942.0
1.0,13341.0,2845.0,2828.0,5543.0,437.0,0.0,0.0,437.0,943.0,943.0,942.0,946.0,952.0,947.0,4969.0,3152.0,5220.0,0.0,0.0,437.0,943.0,943.0,942.0
1.0,16039.0,2840.0,2829.0,4299.0,1388.0,0.0,0.0,1388.0,943.0,943.0,943.0,949.0,945.0,946.0,6731.0,5035.0,4273.0,0.0,0.0,1388.0,943.0,943.0,943.0
1.0,17498.0,2837.0,2829.0,1563.0,2334.0,0.0,0.0,2334.0,943.0,943.0,943.0,946.0,945.0,946.0,7413.0,6758.0,3327.0,0.0,0.0,2334.0,943.0,943.0,943.0
1.0,16224.0,2836.0,2829.0,437.0,2839.0,0.0,0.0,2839.0,943.0,943.0,943.0,949.0,945.0,942.0,6467.0,7376.0,2381.0,0.0,0.0,2839.0,943.0,943.0,943.0
1.0,13825.0,2843.0,2831.0,1388.0,2549.0,150.0,0.0,2399.0,944.0,944.0,943.0,948.0,947.0,948.0,5518.0,6431.0,1876.0,150.0,0.0,2399.0,944.0,944.0,943.0
1.0,12370.0,2855.0,2831.0,2334.0,2306.0,1101.0,188.0,1017.0,944.0,944.0,943.0,951.0,952.0,952.0,4570.0,5484.0,2316.0,1101.0,188.0,1017.0,944.0,944.0,943.0
1.0,11849.0,2854.0,2832.0,2839.0,3191.0,2051.0,1140.0,0.0,944.0,944.0,944.0,950.0,952.0,952.0,3619.0,4532.0,3698.0,2051.0,1140.0,0.0,944.0,944.0,944.0
1.0,11834.0,2850.0,2832.0,2549.0,4939.0,2848.0,2091.0,0.0,944.0,944.0,944.0,947.0,951.0,952.0,2669.0,3580.0,5585.0,2848.0,2091.0,0.0,944.0,944.0,944.0
1.0,11533.0,2846.0,2832.0,2306.0,5548.0,2697.0,2851.0,0.0,944.0,944.0,944.0,950.0,948.0,948.0,1872.0,2629.0,7032.0,2697.0,2851.0,0.0,944.0,944.0,944.0
1.0,10993.0,2839.0,2832.0,3191.0,4247.0,1592.0,2655.0,0.0,944.0,944.0,944.0,946.0,944.0,949.0,2023.0,1869.0,7101.0,1592.0,2655.0,0.0,944.0,944.0,944.0
1.0,11345.0,2840.0,2833.0,4939.0,1517.0,0.0,1517.0,0.0,944.0,945.0,944.0,945.0,948.0,947.0,3128.0,2065.0,6152.0,0.0,1517.0,0.0,944.0,945.0,944.0
1.0,13444.0,2851.0,2834.0,5548.0,466.0,0.0,0.0,466.0,945.0,945.0,944.0,950.0,950.0,951.0,5031.0,3208.0,5205.0,0.0,0.0,466.0,945.0,945.0,944.0
1.0,16141.0,2857.0,2835.0,4247.0,1424.0,0.0,0.0,1424.0,945.0,945.0,945.0,952.0,952.0,953.0,6778.0,5109.0,4254.0,0.0,0.0,1424.0,945.0,945.0,945.0
1.0,17531.0,2856.0,2835.0,1517.0,2375.0,0.0,0.0,2375.0,945.0,945.0,945.0,954.0,951.0,951.0,7418.0,6812.0,3301.0,0.0,0.0,2375.0,945.0,945.0,945.0
1.0,16192.0,2848.0,2837.0,466.0,2859.0,0.0,0.0,2859.0,946.0,946.0,945.0,948.0,950.0,950.0,6464.0,7378.0,2350.0,0.0,0.0,2859.0,946.0,946.0,945.0
1.0,13810.0,2841.0,2838.0,1424.0,2547.0,159.0,0.0,2388.0,946.0,946.0,946.0,945.0,948.0,948.0,5516.0,6428.0,1866.0,159.0,0.0,2388.0,946.0,946.0,946.0
1.0,12393.0,2835.0,2838.0,2375.0,2257.0,1105.0,195.0,957.0,946.0,946.0,946.0,946.0,945.0,944.0,4571.0,5480.0,2342.0,1105.0,195.0,957.0,946.0,946.0,946.0
1.0,11933.0,2845.0,2838.0,2859.0,3200.0,2055.0,1145.0,0.0,946.0,946.0,946.0,950.0,950.0,945.0,3625.0,4535.0,3773.0,2055.0,1145.0,0.0,946.0,946.0,946.0
1.0,11947.0,2853.0,2838.0,2547.0,4945.0,2848.0,2097.0,0.0,946.0,946.0,946.0,952.0,952.0,949.0,2675.0,3585.0,5687.0,2848.0,2097.0,0.0,946.0,946.0,946.0
1.0,11641.0,2859.0,2838.0,2257.0,5551.0,2697.0,2854.0,0.0,946.0,946.0,946.0,954.0,952.0,953.0,1882.0,2633.0,7126.0,2697.0,2854.0,0.0,946.0,946.0,946.0
1.0,11039.0,2871.0,2840.0,3200.0,4275.0,1604.0,2671.0,0.0,947.0,947.0,946.0,957.0,957.0,957.0,2033.0,1876.0,7130.0,1604.0,2671.0,0.0,947.0,947.0,946.0
1.0,11368.0,2854.0,2840.0,4945.0,1527.0,0.0,1527.0,0.0,947.0,947.0,946.0,949.0,953.0,952.0,3131.0,2064.0,6173.0,0.0,1527.0,0.0,947.0,947.0,946.0
1.0,13459.0,2848.0,2841.0,5551.0,467.0,0.0,0.0,467.0,947.0,947.0,947.0,947.0,948.0,953.0,5030.0,3208.0,5221.0,0.0,0.0,467.0,947.0,947.0,947.0
1.0,16162.0,2838.0,2841.0,4275.0,1417.0,0.0,0.0,1417.0,947.0,947.0,947.0,945.0,943.0,950.0,6780.0,5114.0,4268.0,0.0,0.0,1417.0,947.0,947.0,947.0
1.0,17599.0,2849.0,2841.0,1527.0,2366.0,0.0,0.0,2366.0,947.0,947.0,947.0,954.0,946.0,949.0,7439.0,6842.0,3318.0,0.0,0.0,2366.0,947.0,947.0,947.0
1.0,16277.0,2858.0,2841.0,467.0,2845.0,0.0,0.0,2845.0,947.0,947.0,947.0,957.0,955.0,946.0,6485.0,7423.0,2369.0,0.0,0.0,2845.0,947.0,947.0,947.0
1.0,13886.0,2870.0,2843.0,1417.0,2558.0,169.0,0.0,2389.0,948.0,947.0,948.0,957.0,957.0,956.0,5528.0,6468.0,1890.0,169.0,0.0,2389.0,948.0,947.0,948.0
1.0,12433.0,2875.0,2844.0,2366.0,2296.0,1129.0,188.0,979.0,948.0,948.0,948.0,960.0,959.0,956.0,4571.0,5511.0,2351.0,1129.0,188.0,979.0,948.0,948.0,948.0
1.0,11924.0,2867.0,2844.0,2845.0,3227.0,2082.0,1145.0,0.0,948.0,948.0,948.0,953.0,957.0,957.0,3611.0,4552.0,3761.0,2082.0,1145.0,0.0,948.0,948.0,948.0
1.0,11902.0,2852.0,2844.0,2558.0,4958.0,2864.0,2094.0,0.0,948.0,948.0,948.0,951.0,949.0,952.0,2658.0,3595.0,5649.0,2864.0,2094.0,0.0,948.0,948.0,948.0
1.0,11608.0,2848.0,2844.0,2296.0,5537.0,2683.0,2854.0,0.0,948.0,948.0,948.0,948.0,948.0,952.0,1876.0,2646.0,7086.0,2683.0,2854.0,0.0,948.0,948.0,948.0
1.0,11056.0,2854.0,2844.0,3227.0,4211.0,1551.0,2660.0,0.0,948.0,948.0,948.0,950.0,951.0,953.0,2057.0,1886.0,7113.0,1551.0,2660.0,0.0,948.0,948.0,948.0
1.0,11429.0,2862.0,2847.0,4958.0,1526.0,0.0,1526.0,0.0,949.0,949.0,949.0,954.0,955.0,953.0,3189.0,2080.0,6160.0,0.0,1526.0,0.0,949.0,949.0,949.0
1.0,13525.0,2875.0,2847.0,5537.0,494.0,0.0,0.0,494.0,949.0,949.0,949.0,962.0,957.0,956.0,5099.0,3219.0,5207.0,0.0,0.0,494.0,949.0,949.0,949.0
1.0,16187.0,2886.0,2847.0,4211.0,1455.0,0.0,0.0,1455.0,949.0,949.0,949.0,963.0,962.0,961.0,6820.0,5116.0,4251.0,0.0,0.0,1455.0,949.0,949.0,949.0
1.0,17512.0,2873.0,2849.0,1526.0,2415.0,0.0,0.0,2415.0,950.0,949.0,950.0,959.0,959.0,955.0,7408.0,6814.0,3290.0,0.0,0.0,2415.0,950.0,949.0,950.0
1.0,16165.0,2858.0,2850.0,494.0,2872.0,0.0,0.0,2872.0,950.0,950.0,950.0,953.0,954.0,951.0,6449.0,7381.0,2335.0,0.0,0.0,2872.0,950.0,950.0,950.0
1.0,13801.0,2850.0,2850.0,1455.0,2569.0,201.0,0.0,2368.0,950.0,950.0,950.0,947.0,952.0,951.0,5496.0,6427.0,1878.0,201.0,0.0,2368.0,950.0,950.0,950.0
1.0,12406.0,2857.0,2850.0,2415.0,2286.0,1152.0,227.0,907.0,950.0,950.0,950.0,951.0,952.0,954.0,4549.0,5475.0,2382.0,1152.0,227.0,907.0,950.0,950.0,950.0
1.0,11964.0,2866.0,2850.0,2872.0,3287.0,2107.0,1180.0,0.0,950.0,950.0,950.0,955.0,953.0,958.0,3598.0,4523.0,3843.0,2107.0,1180.0,0.0,950.0,950.0,950.0
1.0,11970.0,2876.0,2850.0,2569.0,5003.0,2868.0,2135.0,0.0,950.0,950.0,950.0,962.0,955.0,959.0,2643.0,3570.0,5757.0,2868.0,2135.0,0.0,950.0,950.0,950.0
1.0,11663.0,2878.0,2853.0,2286.0,5552.0,2681.0,2871.0,0.0,951.0,951.0,951.0,960.0,958.0,960.0,1882.0,2615.0,7166.0,2681.0,2871.0,0.0,951.0,951.0,951.0
1.0,11071.0,2874.0,2853.0,3287.0,4181.0,1536.0,2645.0,0.0,951.0,951.0,951.0,962.0,954.0,958.0,2074.0,1884.0,7113.0,1536.0,2645.0,0.0,951.0,951.0,951.0
1.0,11484.0,2865.0,2853.0,5003.0,1466.0,0.0,1466.0,0.0,951.0,951.0,951.0,956.0,956.0,953.0,3219.0,2110.0,6155.0,0.0,1466.0,0.0,951.0,951.0,951.0
1.0,13622.0,2857.0,2853.0,5552.0,505.0,0.0,0.0,505.0,951.0,951.0,951.0,952.0,953.0,952.0,5131.0,3289.0,5202.0,0.0,0.0,505.0,951.0,951.0,951.0
1.0,16317.0,2862.0,2853.0,4181.0,1459.0,0.0,0.0,1459.0,951.0,951.0,951.0,953.0,955.0,954.0,6860.0,5207.0,4250.0,0.0,0.0,1459.0,951.0,951.0,951.0
1.0,17636.0,2866.0,2854.0,1466.0,2414.0,0.0,0.0,2414.0,952.0,951.0,951.0,955.0,956.0,955.0,7443.0,6897.0,3296.0,0.0,0.0,2414.0,952.0,951.0,951.0
1.0,16236.0,2882.0,2856.0,505.0,2874.0,0.0,0.0,2874.0,952.0,952.0,952.0,961.0,961.0,960.0,6488.0,7407.0,2341.0,0.0,0.0,2874.0,952.0,952.0,952.0
1.0,13859.0,2878.0,2856.0,1459.0,2568.0,192.0,0.0,2376.0,952.0,952.0,952.0,959.0,958.0,961.0,5527.0,6446.0,1886.0,192.0,0.0,2376.0,952.0,952.0,952.0
1.0,12440.0,2879.0,2857.0,2414.0,2310.0,1159.0,229.0,922.0,953.0,952.0,952.0,962.0,957.0,960.0,4568.0,5488.0,2384.0,1159.0,229.0,922.0,953.0,952.0,952.0
1.0,11975.0,2871.0,2858.0,2874.0,3299.0,2117.0,1182.0,0.0,953.0,952.0,953.0,958.0,953.0,960.0,3606.0,4531.0,3838.0,2117.0,1182.0,0.0,953.0,952.0,953.0
1.0,11978.0,2863.0,2858.0,2568.0,5011.0,2880.0,2131.0,0.0,953.0,952.0,953.0,955.0,949.0,959.0,2648.0,3578.0,5752.0,2880.0,2131.0,0.0,953.0,952.0,953.0
1.0,11683.0,2863.0,2858.0,2310.0,5533.0,2675.0,2858.0,0.0,953.0,952.0,953.0,954.0,956.0,953.0,1885.0,2629.0,7169.0,2675.0,2858.0,0.0,953.0,952.0,953.0
1.0,11130.0,2880.0,2859.0,3299.0,4160.0,1517.0,2643.0,0.0,953.0,953.0,953.0,959.0,962.0,959.0,2090.0,1902.0,7138.0,1517.0,2643.0,0.0,953.0,953.0,953.0
1.0,11549.0,2888.0,2859.0,5011.0,1474.0,0.0,1474.0,0.0,953.0,953.0,953.0,964.0,962.0,962.0,3248.0,2122.0,6179.0,0.0,1474.0,0.0,953.0,953.0,953.0
1.0,13672.0,2888.0,2861.0,5533.0,515.0,0.0,0.0,515.0,954.0,953.0,954.0,963.0,963.0,962.0,5164.0,3291.0,5217.0,0.0,0.0,515.0,954.0,953.0,954.0
1.0,16317.0,2879.0,2861.0,4160.0,1474.0,0.0,0.0,1474.0,954.0,953.0,954.0,962.0,958.0,959.0,6876.0,5186.0,4255.0,0.0,0.0,1474.0,954.0,953.0,954.0
1.0,17598.0,2865.0,2861.0,1474.0,2427.0,0.0,0.0,2427.0,954.0,953.0,954.0,957.0,955.0,953.0,7431.0,6871.0,3296.0,0.0,0.0,2427.0,954.0,953.0,954.0
1.0,16207.0,2867.0,2862.0,515.0,2866.0,0.0,0.0,2866.0,954.0,954.0,954.0,956.0,957.0,954.0,6474.0,7390.0,2343.0,0.0,0.0,2866.0,954.0,954.0,954.0
1.0,13855.0,2870.0,2862.0,1474.0,2557.0,206.0,0.0,2351.0,954.0,954.0,954.0,954.0,957.0,959.0,5518.0,6433.0,1904.0,206.0,0.0,2351.0,954.0,954.0,954.0
1.0,12459.0,2873.0,2863.0,2427.0,2302.0,1169.0,250.0,883.0,955.0,954.0,954.0,958.0,956.0,959.0,4564.0,5476.0,2419.0,1169.0,250.0,883.0,955.0,954.0,954.0
1.0,12013.0,2892.0,2864.0,2866.0,3344.0,2130.0,1214.0,0.0,955.0,954.0,955.0,961.0,964.0,967.0,3606.0,4520.0,3887.0,2130.0,1214.0,0.0,955.0,954.0,955.0
1.0,11987.0,2892.0,2865.0,2557.0,5068.0,2886.0,2182.0,0.0,955.0,955.0,955.0,962.0,963.0,967.0,2645.0,3556.0,5786.0,2886.0,2182.0,0.0,955.0,955.0,955.0
1.0,11652.0,2876.0,2865.0,2302.0,5565.0,2674.0,2891.0,0.0,955.0,955.0,955.0,957.0,959.0,960.0,1889.0,2593.0,7170.0,2674.0,2891.0,0.0,955.0,955.0,955.0
1.0,11078.0,2877.0,2865.0,3344.0,4141.0,1503.0,2638.0,0.0,955.0,955.0,955.0,959.0,961.0,957.0,2101.0,1884.0,7093.0,1503.0,2638.0,0.0,955.0,955.0,955.0
1.0,11545.0,2869.0,2866.0,5068.0,1412.0,0.0,1412.0,0.0,956.0,955.0,955.0,959.0,956.0,954.0,3272.0,2137.0,6136.0,0.0,1412.0,0.0,956.0,955.0,955.0
1.0,13744.0,2870.0,2866.0,5565.0,545.0,0.0,0.0,545.0,956.0,955.0,955.0,958.0,960.0,952.0,5199.0,3363.0,5182.0,0.0,0.0,545.0,956.0,955.0,955.0
1.0,16439.0,2881.0,2867.0,4141.0,1512.0,0.0,0.0,1512.0,956.0,955.0,956.0,958.0,961.0,962.0,6915.0,5294.0,4230.0,0.0,0.0,1512.0,956.0,955.0,956.0
1.0,17699.0,2891.0,2868.0,1412.0,2473.0,0.0,0.0,2473.0,956.0,956.0,956.0,965.0,965.0,961.0,7460.0,6971.0,3268.0,0.0,0.0,2473.0,956.0,956.0,956.0
1.0,16220.0,2899.0,2869.0,545.0,2896.0,0.0,0.0,2896.0,957.0,956.0,956.0,964.0,967.0,968.0,6495.0,7418.0,2307.0,0.0,0.0,2896.0,957.0,956.0,956.0
1.0,13866.0,2895.0,2870.0,1512.0,2572.0,217.0,0.0,2355.0,957.0,956.0,957.0,963.0,966.0,966.0,5531.0,6451.0,1884.0,217.0,0.0,2355.0,957.0,956.0,957.0
1.0,12483.0,2886.0,2871.0,2473.0,2285.0,1179.0,261.0,845.0,957.0,957.0,957.0,962.0,961.0,963.0,4568.0,5485.0,2430.0,1179.0,261.0,845.0,957.0,957.0,957.0
1.0,12070.0,2887.0,2871.0,2896.0,3364.0,2141.0,1223.0,0.0,957.0,957.0,957.0,962.0,962.0,963.0,3606.0,4524.0,3940.0,2141.0,1223.0,0.0,957.0,957.0,957.0
1.0,12079.0,2885.0,2871.0,2572.0,5070.0,2886.0,2184.0,0.0,957.0,957.0,957.0,962.0,961.0,962.0,2644.0,3562.0,5873.0,2886.0,2184.0,0.0,957.0,957.0,957.0
1.0,11766.0,2884.0,2872.0,2285.0,5556.0,2675.0,2881.0,0.0,958.0,957.0,957.0,963.0,958.0,963.0,1899.0,2601.0,7266.0,2675.0,2881.0,0.0,958.0,957.0,957.0
1.0,11167.0,2891.0,2873.0,3364.0,4117.0,1495.0,2622.0,0.0,958.0,957.0,958.0,961.0,964.0,966.0,2115.0,1904.0,7148.0,1495.0,2622.0,0.0,958.0,957.0,958.0
1.0,11640.0,2894.0,2874.0,5070.0,1408.0,0.0,1408.0,0.0,958.0,958.0,958.0,966.0,965.0,963.0,3295.0,2163.0,6182.0,0.0,1408.0,0.0,958.0,958.0,958.0
1.0,13816.0,2900.0,2874.0,5556.0,538.0,0.0,0.0,538.0,958.0,958.0,958.0,969.0,964.0,967.0,5215.0,3382.0,5219.0,0.0,0.0,538.0,958.0,958.0,958.0
1.0,16472.0,2886.0,2875.0,4117.0,1505.0,0.0,0.0,1505.0,958.0,958.0,959.0,961.0,963.0,962.0,6921.0,5299.0,4252.0,0.0,0.0,1505.0,958.0,958.0,959.0
1.0,17703.0,2885.0,2876.0,1408.0,2463.0,0.0,0.0,2463.0,959.0,958.0,959.0,964.0,963.0,958.0,7455.0,6958.0,3290.0,0.0,0.0,2463.0,959.0,958.0,959.0
1.0,16226.0,2887.0,2876.0,538.0,2884.0,0.0,0.0,2884.0,959.0,958.0,959.0,965.0,963.0,959.0,6491.0,7403.0,2332.0,0.0,0.0,2884.0,959.0,958.0,959.0
1.0,13877.0,2891.0,2877.0,1505.0,2576.0,235.0,0.0,2341.0,959.0,959.0,959.0,966.0,963.0,962.0,5526.0,6440.0,1911.0,235.0,0.0,2341.0,959.0,959.0,959.0
1.0,12491.0,2905.0,2877.0,2463.0,2336.0,1199.0,289.0,848.0,959.0,959.0,959.0,964.0,971.0,970.0,4560.0,5477.0,2454.0,1199.0,289.0,848.0,959.0,959.0,959.0
1.0,12049.0,2908.0,2879.0,2884.0,3429.0,2172.0,1257.0,0.0,960.0,959.0,960.0,968.0,968.0,972.0,3596.0,4506.0,3947.0,2172.0,1257.0,0.0,960.0,959.0,960.0
1.0,12025.0,2888.0,2879.0,2576.0,5114.0,2899.0,2215.0,0.0,960.0,959.0,960.0,962.0,958.0,968.0,2628.0,3538.0,5859.0,2899.0,2215.0,0.0,960.0,959.0,960.0
1.0,11713.0,2883.0,2879.0,2336.0,5544.0,2660.0,2884.0,0.0,960.0,959.0,960.0,960.0,958.0,965.0,1901.0,2580.0,7232.0,2660.0,2884.0,0.0,960.0,959.0,960.0
1.0,11166.0,2882.0,2879.0,3429.0,4038.0,1451.0,2587.0,0.0,960.0,959.0,960.0,963.0,960.0,959.0,2140.0,1911.0,7115.0,1451.0,2587.0,0.0,960.0,959.0,960.0
1.0,11713.0,2889.0,2879.0,5114.0,1335.0,0.0,1335.0,0.0,960.0,959.0,960.0,964.0,963.0,962.0,3349.0,2208.0,6156.0,0.0,1335.0,0.0,960.0,959.0,960.0
1.0,13938.0,2895.0,2880.0,5544.0,568.0,0.0,0.0,568.0,960.0,960.0,960.0,967.0,966.0,962.0,5284.0,3460.0,5194.0,0.0,0.0,568.0,960.0,960.0,960.0
1.0,16587.0,2907.0,2882.0,4038.0,1542.0,0.0,0.0,1542.0,961.0,960.0,961.0,967.0,971.0,969.0,6977.0,5378.0,4232.0,0.0,0.0,1542.0,961.0,960.0,961.0
1.0,17718.0,2911.0,2882.0,1335.0,2511.0,0.0,0.0,2511.0,961.0,960.0,961.0,968.0,974.0,969.0,7461.0,6994.0,3263.0,0.0,0.0,2511.0,961.0,960.0,961.0
1.0,16142.0,2901.0,2883.0,568.0,2911.0,0.0,0.0,2911.0,961.0,961.0,961.0,964.0,969.0,968.0,6493.0,7355.0,2294.0,0.0,0.0,2911.0,961.0,961.0,961.0
1.0,13809.0,2896.0,2883.0,1542.0,2577.0,242.0,0.0,2335.0,961.0,961.0,961.0,966.0,964.0,966.0,5529.0,6386.0,1894.0,242.0,0.0,2335.0,961.0,961.0,961.0
1.0,12455.0,2889.0,2883.0,2511.0,2338.0,1202.0,347.0,789.0,961.0,961.0,961.0,960.0,964.0,965.0,4563.0,5422.0,2470.0,1202.0,347.0,789.0,961.0,961.0,961.0
1.0,12077.0,2895.0,2884.0,2911.0,3477.0,2166.0,1311.0,0.0,961.0,961.0,962.0,964.0,964.0,967.0,3603.0,4458.0,4016.0,2166.0,1311.0,0.0,961.0,961.0,962.0
1.0,12093.0,2901.0,2884.0,2577.0,5169.0,2892.0,2277.0,0.0,961.0,961.0,962.0,968.0,966.0,967.0,2639.0,3494.0,5960.0,2892.0,2277.0,0.0,961.0,961.0,962.0
1.0,11769.0,2913.0,2886.0,2338.0,5572.0,2667.0,2905.0,0.0,962.0,962.0,962.0,972.0,970.0,971.0,1913.0,2528.0,7328.0,2667.0,2905.0,0.0,962.0,962.0,962.0
1.0,11194.0,2914.0,2886.0,3477.0,4038.0,1472.0,2566.0,0.0,962.0,962.0,962.0,971.0,972.0,971.0,2143.0,1905.0,7146.0,1472.0,2566.0,0.0,962.0,962.0,962.0
1.0,11757.0,2909.0,2887.0,5169.0,1262.0,0.0,1262.0,0.0,962.0,962.0,963.0,968.0,973.0,968.0,3338.0,2244.0,6175.0,0.0,1262.0,0.0,962.0,962.0,963.0
1.0,14017.0,2898.0,2888.0,5572.0,572.0,0.0,0.0,572.0,963.0,962.0,963.0,967.0,967.0,964.0,5262.0,3548.0,5207.0,0.0,0.0,572.0,963.0,962.0,963.0
1.0,16691.0,2879.0,2889.0,4038.0,1532.0,0.0,0.0,1532.0,963.0,963.0,963.0,960.0,959.0,960.0,6962.0,5486.0,4243.0,0.0,0.0,1532.0,963.0,963.0,963.0
1.0,17850.0,2894.0,2889.0,1262.0,2495.0,0.0,0.0,2495.0,963.0,963.0,963.0,965.0,966.0,963.0,7474.0,7093.0,3283.0,0.0,0.0,2495.0,963.0,963.0,963.0
1.0,16218.0,2898.0,2889.0,572.0,2888.0,0.0,0.0,2888.0,963.0,963.0,963.0,967.0,966.0,965.0,6509.0,7389.0,2320.0,0.0,0.0,2888.0,963.0,963.0,963.0
1.0,13892.0,2919.0,2889.0,1532.0,2579.0,248.0,0.0,2331.0,963.0,963.0,963.0,975.0,969.0,975.0,5542.0,6423.0,1927.0,248.0,0.0,2331.0,963.0,963.0,963.0
1.0,12505.0,2918.0,2892.0,2495.0,2378.0,1225.0,337.0,816.0,964.0,964.0,964.0,972.0,971.0,975.0,4567.0,5454.0,2484.0,1225.0,337.0,816.0,964.0,964.0,964.0
1.0,12082.0,2908.0,2892.0,2888.0,3502.0,2196.0,1306.0,0.0,964.0,964.0,964.0,971.0,969.0,968.0,3595.0,4483.0,4004.0,2196.0,1306.0,0.0,964.0,964.0,964.0
1.0,12062.0,2903.0,2892.0,2579.0,5189.0,2916.0,2273.0,0.0,964.0,964.0,964.0,968.0,967.0,968.0,2624.0,3514.0,5924.0,2916.0,2273.0,0.0,964.0,964.0,964.0
1.0,11738.0,2893.0,2892.0,2378.0,5558.0,2653.0,2905.0,0.0,964.0,964.0,964.0,962.0,969.0,962.0,1904.0,2547.0,7287.0,2653.0,2905.0,0.0,964.0,964.0,964.0
1.0,11223.0,2899.0,2892.0,3502.0,3992.0,1427.0,2565.0,0.0,964.0,964.0,964.0,970.0,966.0,963.0,2167.0,1915.0,7141.0,1427.0,2565.0,0.0,964.0,964.0,964.0
1.0,11826.0,2907.0,2892.0,5189.0,1259.0,0.0,1259.0,0.0,964.0,964.0,964.0,970.0,967.0,970.0,3393.0,2255.0,6178.0,0.0,1259.0,0.0,964.0,964.0,964.0
1.0,14108.0,2917.0,2895.0,5558.0,589.0,0.0,0.0,589.0,965.0,965.0,965.0,973.0,972.0,972.0,5339.0,3561.0,5208.0,0.0,0.0,589.0,965.0,965.0,965.0
1.0,16749.0,2921.0,2895.0,3992.0,1564.0,0.0,0.0,1564.0,965.0,965.0,965.0,975.0,971.0,975.0,7019.0,5494.0,4236.0,0.0,0.0,1564.0,965.0,965.0,965.0
1.0,17820.0,2916.0,2895.0,1259.0,2540.0,0.0,0.0,2540.0,965.0,965.0,965.0,973.0,967.0,976.0,7471.0,7088.0,3261.0,0.0,0.0,2540.0,965.0,965.0,965.0
1.0,16163.0,2901.0,2895.0,589.0,2920.0,0.0,0.0,2920.0,965.0,965.0,965.0,967.0,965.0,969.0,6498.0,7380.0,2285.0,0.0,0.0,2920.0,965.0,965.0,965.0
1.0,13851.0,2905.0,2895.0,1564.0,2589.0,263.0,0.0,2326.0,965.0,965.0,965.0,969.0,966.0,970.0,5531.0,6415.0,1905.0,263.0,0.0,2326.0,965.0,965.0,965.0
1.0,12510.0,2900.0,2897.0,2540.0,2335.0,1233.0,342.0,760.0,966.0,965.0,966.0,965.0,966.0,969.0,4562.0,5449.0,2499.0,1233.0,342.0,760.0,966.0,965.0,966.0
1.0,12150.0,2913.0,2898.0,2920.0,3520.0,2203.0,1317.0,0.0,966.0,966.0,966.0,970.0,970.0,973.0,3597.0,4483.0,4070.0,2203.0,1317.0,0.0,966.0,966.0,966.0
1.0,12157.0,2928.0,2898.0,2589.0,5212.0,2917.0,2295.0,0.0,966.0,966.0,966.0,977.0,978.0,973.0,2627.0,3513.0,6017.0,2917.0,2295.0,0.0,966.0,966.0,966.0
1.0,11818.0,2935.0,2900.0,2335.0,5601.0,2668.0,2933.0,0.0,967.0,966.0,967.0,979.0,980.0,976.0,1913.0,2535.0,7370.0,2668.0,2933.0,0.0,967.0,966.0,967.0
1.0,11218.0,2922.0,2901.0,3520.0,4035.0,1439.0,2596.0,0.0,967.0,967.0,967.0,974.0,975.0,973.0,2167.0,1897.0,7154.0,1439.0,2596.0,0.0,967.0,967.0,967.0
1.0,11816.0,2909.0,2901.0,5212.0,1268.0,0.0,1268.0,0.0,967.0,967.0,967.0,973.0,967.0,969.0,3396.0,2239.0,6181.0,0.0,1268.0,0.0,967.0,967.0,967.0
1.0,14119.0,2909.0,2901.0,5601.0,594.0,0.0,0.0,594.0,967.0,967.0,967.0,970.0,968.0,971.0,5340.0,3567.0,5212.0,0.0,0.0,594.0,967.0,967.0,967.0
1.0,16811.0,2901.0,2901.0,4035.0,1563.0,0.0,0.0,1563.0,967.0,967.0,967.0,967.0,965.0,969.0,7038.0,5532.0,4241.0,0.0,0.0,1563.0,967.0,967.0,967.0
1.0,17945.0,2911.0,2901.0,1268.0,2536.0,0.0,0.0,2536.0,967.0,967.0,967.0,968.0,970.0,973.0,7510.0,7163.0,3272.0,0.0,0.0,2536.0,967.0,967.0,967.0
1.0,16302.0,2924.0,2903.0,594.0,2921.0,0.0,0.0,2921.0,968.0,967.0,968.0,976.0,974.0,974.0,6542.0,7461.0,2299.0,0.0,0.0,2921.0,968.0,967.0,968.0
1.0,13972.0,2933.0,2903.0,1563.0,2586.0,252.0,0.0,2334.0,968.0,967.0,968.0,978.0,979.0,976.0,5566.0,6487.0,1919.0,252.0,0.0,2334.0,968.0,967.0,968.0
1.0,12602.0,2928.0,2904.0,2536.0,2310.0,1225.0,313.0,772.0,968.0,968.0,968.0,973.0,981.0,974.0,4588.0,5508.0,2506.0,1225.0,313.0,772.0,968.0,968.0,968.0
1.0,12210.0,2921.0,2904.0,2921.0,3487.0,2201.0,1286.0,0.0,968.0,968.0,968.0,976.0,973.0,972.0,3615.0,4527.0,4068.0,2201.0,1286.0,0.0,968.0,968.0,968.0
1.0,12210.0,2908.0,2904.0,2586.0,5174.0,2916.0,2258.0,0.0,968.0,968.0,968.0,967.0,972.0,969.0,2639.0,3554.0,6017.0,2916.0,2258.0,0.0,968.0,968.0,968.0
1.0,11888.0,2903.0,2904.0,2310.0,5572.0,2659.0,2913.0,0.0,968.0,968.0,968.0,968.0,968.0,967.0,1924.0,2582.0,7382.0,2659.0,2913.0,0.0,968.0,968.0,968.0
1.0,11295.0,2910.0,2906.0,3487.0,4028.0,1430.0,2598.0,0.0,969.0,968.0,969.0,967.0,971.0,972.0,2181.0,1927.0,7187.0,1430.0,2598.0,0.0,969.0,968.0,969.0
1.0,11872.0,2923.0,2906.0,5174.0,1311.0,0.0,1311.0,0.0,969.0,968.0,969.0,976.0,971.0,976.0,3415.0,2242.0,6215.0,0.0,1311.0,0.0,969.0,968.0,969.0
1.0,14123.0,2930.0,2907.0,5572.0,582.0,0.0,0.0,582.0,969.0,969.0,969.0,978.0,976.0,976.0,5355.0,3529.0,5239.0,0.0,0.0,582.0,969.0,969.0,969.0
1.0,16765.0,2930.0,2908.0,4028.0,1565.0,0.0,0.0,1565.0,969.0,969.0,970.0,976.0,976.0,978.0,7036.0,5466.0,4263.0,0.0,0.0,1565.0,969.0,969.0,970.0
1.0,17863.0,2919.0,2908.0,1311.0,2538.0,0.0,0.0,2538.0,969.0,969.0,970.0,972.0,974.0,973.0,7490.0,7088.0,3285.0,0.0,0.0,2538.0,969.0,969.0,970.0
1.0,16255.0,2917.0,2908.0,582.0,2925.0,0.0,0.0,2925.0,969.0,969.0,970.0,973.0,975.0,969.0,6518.0,7425.0,2312.0,0.0,0.0,2925.0,969.0,969.0,970.0
1.0,13920.0,2921.0,2910.0,1565.0,2611.0,276.0,0.0,2335.0,970.0,970.0,970.0,971.0,975.0,975.0,5545.0,6450.0,1925.0,276.0,0.0,2335.0,970.0,970.0,970.0
1.0,12564.0,2919.0,2910.0,2538.0,2367.0,1249.0,349.0,769.0,970.0,970.0,970.0,973.0,974.0,972.0,4574.0,5475.0,2515.0,1249.0,349.0,769.0,970.0,970.0,970.0
1.0,12183.0,2922.0,2910.0,2925.0,3545.0,2222.0,1323.0,0.0,970.0,970.0,970.0,973.0,974.0,975.0,3601.0,4501.0,4081.0,2222.0,1323.0,0.0,970.0,970.0,970.0
1.0,12186.0,2929.0,2910.0,2611.0,5222.0,2924.0,2298.0,0.0,970.0,970.0,970.0,978.0,975.0,976.0,2628.0,3527.0,6031.0,2924.0,2298.0,0.0,970.0,970.0,970.0
1.0,11868.0,2927.0,2912.0,2367.0,5582.0,2658.0,2924.0,0.0,971.0,970.0,971.0,978.0,975.0,974.0,1926.0,2552.0,7390.0,2658.0,2924.0,0.0,971.0,970.0,971.0
1.0,11308.0,2922.0,2912.0,3545.0,3988.0,1416.0,2572.0,0.0,971.0,970.0,971.0,980.0,971.0,971.0,2197.0,1926.0,7185.0,1416.0,2572.0,0.0,971.0,970.0,971.0
1.0,11931.0,2912.0,2912.0,5222.0,1245.0,0.0,1245.0,0.0,971.0,970.0,971.0,972.0,971.0,969.0,3439.0,2278.0,6214.0,0.0,1245.0,0.0,971.0,970.0,971.0
1.0,14241.0,2918.0,2913.0,5582.0,581.0,0.0,0.0,581.0,971.0,971.0,971.0,972.0,975.0,971.0,5391.0,3605.0,5245.0,0.0,0.0,581.0,971.0,971.0,971.0
1.0,16905.0,2933.0,2913.0,3988.0,1560.0,0.0,0.0,1560.0,971.0,971.0,971.0,974.0,980.0,979.0,7077.0,5554.0,4274.0,0.0,0.0,1560.0,971.0,971.0,971.0
1.0,17960.0,2935.0,2914.0,1245.0,2539.0,0.0,0.0,2539.0,972.0,971.0,971.0,979.0,977.0,979.0,7519.0,7146.0,3295.0,0.0,0.0,2539.0,972.0,971.0,971.0
1.0,16270.0,2939.0,2914.0,581.0,2938.0,0.0,0.0,2938.0,972.0,971.0,971.0,980.0,979.0,980.0,6540.0,7414.0,2316.0,0.0,0.0,2938.0,972.0,971.0,971.0
1.0,13912.0,2940.0,2916.0,1560.0,2645.0,281.0,0.0,2364.0,972.0,972.0,972.0,981.0,978.0,981.0,5560.0,6435.0,1917.0,281.0,0.0,2364.0,972.0,972.0,972.0
1.0,12532.0,2926.0,2916.0,2539.0,2435.0,1258.0,379.0,798.0,972.0,972.0,972.0,977.0,976.0,973.0,4579.0,5457.0,2496.0,1258.0,379.0,798.0,972.0,972.0,972.0
1.0,12145.0,2913.0,2916.0,2938.0,3583.0,2234.0,1349.0,0.0,972.0,972.0,972.0,976.0,970.0,967.0,3602.0,4481.0,4062.0,2234.0,1349.0,0.0,972.0,972.0,972.0
1.0,12170.0,2915.0,2916.0,2645.0,5247.0,2929.0,2318.0,0.0,972.0,972.0,972.0,976.0,969.0,970.0,2626.0,3511.0,6033.0,2929.0,2318.0,0.0,972.0,972.0,972.0
1.0,11900.0,2932.0,2917.0,2435.0,5570.0,2653.0,2917.0,0.0,973.0,972.0,972.0,977.0,978.0,977.0,1931.0,2542.0,7427.0,2653.0,2917.0,0.0,973.0,972.0,972.0
1.0,11403.0,2943.0,2917.0,3583.0,3949.0,1397.0,2552.0,0.0,973.0,972.0,972.0,978.0,984.0,981.0,2212.0,1943.0,7248.0,1397.0,2552.0,0.0,973.0,972.0,972.0
1.0,12043.0,2949.0,2919.0,5247.0,1226.0,0.0,1226.0,0.0,973.0,973.0,973.0,981.0,987.0,981.0,3468.0,2308.0,6267.0,0.0,1226.0,0.0,973.0,973.0,973.0
1.0,14341.0,2941.0,2920.0,5570.0,557.0,0.0,0.0,557.0,974.0,973.0,973.0,978.0,985.0,978.0,5416.0,3639.0,5286.0,0.0,0.0,557.0,974.0,973.0,973.0
1.0,16970.0,2937.0,2920.0,3949.0,1538.0,0.0,0.0,1538.0,974.0,973.0,973.0,977.0,979.0,981.0,7091.0,5571.0,4308.0,0.0,0.0,1538.0,974.0,973.0,973.0
1.0,17982.0,2930.0,2920.0,1226.0,2515.0,0.0,0.0,2515.0,974.0,973.0,973.0,976.0,977.0,977.0,7511.0,7144.0,3327.0,0.0,0.0,2515.0,974.0,973.0,973.0
1.0,16278.0,2933.0,2921.0,557.0,2939.0,0.0,0.0,2939.0,974.0,974.0,973.0,976.0,976.0,981.0,6535.0,7393.0,2350.0,0.0,0.0,2939.0,974.0,974.0,973.0
1.0,13902.0,2939.0,2922.0,1538.0,2678.0,294.0,0.0,2384.0,974.0,974.0,974.0,983.0,978.0,978.0,5559.0,6417.0,1926.0,294.0,0.0,2384.0,974.0,974.0,974.0
1.0,12501.0,2943.0,2922.0,2515.0,2537.0,1275.0,412.0,850.0,974.0,974.0,974.0,981.0,981.0,981.0,4576.0,5439.0,2486.0,1275.0,412.0,850.0,974.0,974.0,974.0
1.0,12073.0,2946.0,2923.0,2939.0,3658.0,2261.0,1397.0,0.0,975.0,974.0,974.0,981.0,985.0,980.0,3595.0,4458.0,4020.0,2261.0,1397.0,0.0,975.0,974.0,974.0
1.0,12066.0,2945.0,2924.0,2678.0,5335.0,2948.0,2387.0,0.0,975.0,975.0,974.0,981.0,985.0,979.0,2614.0,3473.0,5979.0,2948.0,2387.0,0.0,975.0,975.0,974.0
1.0,11799.0,2929.0,2924.0,2537.0,5602.0,2649.0,2953.0,0.0,975.0,975.0,974.0,976.0,978.0,975.0,1927.0,2488.0,7384.0,2649.0,2953.0,0.0,975.0,975.0,974.0
1.0,11407.0,2933.0,2924.0,3658.0,3901.0,1365.0,2536.0,0.0,975.0,975.0,974.0,977.0,980.0,976.0,2226.0,1922.0,7259.0,1365.0,2536.0,0.0,975.0,975.0,974.0
1.0,12132.0,2931.0,2925.0,5335.0,1124.0,0.0,1124.0,0.0,975.0,975.0,975.0,976.0,975.0,980.0,3510.0,2339.0,6283.0,0.0,1124.0,0.0,975.0,975.0,975.0
1.0,14536.0,2948.0,2925.0,5602.0,556.0,0.0,0.0,556.0,975.0,975.0,975.0,984.0,980.0,984.0,5482.0,3751.0,5303.0,0.0,0.0,556.0,975.0,975.0,975.0
1.0,17190.0,2956.0,2927.0,3901.0,1542.0,0.0,0.0,1542.0,976.0,976.0,975.0,985.0,985.0,986.0,7147.0,5724.0,4319.0,0.0,0.0,1542.0,976.0,976.0,975.0
1.0,18135.0,2951.0,2927.0,1124.0,2527.0,0.0,0.0,2527.0,976.0,976.0,975.0,984.0,982.0,985.0,7527.0,7275.0,3333.0,0.0,0.0,2527.0,976.0,976.0,975.0
1.0,16308.0,2944.0,2928.0,556.0,2959.0,0.0,0.0,2959.0,976.0,976.0,976.0,980.0,981.0,983.0,6543.0,7417.0,2348.0,0.0,0.0,2959.0,976.0,976.0,976.0
1.0,13920.0,2928.0,2928.0,1542.0,2686.0,294.0,0.0,2392.0,976.0,976.0,976.0,977.0,976.0,975.0,5563.0,6436.0,1921.0,294.0,0.0,2392.0,976.0,976.0,976.0
1.0,12534.0,2925.0,2928.0,2527.0,2504.0,1270.0,395.0,839.0,976.0,976.0,976.0,976.0,975.0,974.0,4586.0,5460.0,2488.0,1270.0,395.0,839.0,976.0,976.0,976.0
1.0,12136.0,2936.0,2928.0,2959.0,3627.0,2251.0,1376.0,0.0,976.0,976.0,976.0,981.0,981.0,974.0,3610.0,4485.0,4041.0,2251.0,1376.0,0.0,976.0,976.0,976.0
1.0,12159.0,2946.0,2929.0,2686.0,5305.0,2940.0,2365.0,0.0,976.0,977.0,976.0,983.0,984.0,979.0,2629.0,3504.0,6026.0,2940.0,2365.0,0.0,976.0,977.0,976.0
1.0,11899.0,2954.0,2930.0,2504.0,5615.0,2662.0,2953.0,0.0,977.0,977.0,976.0,987.0,983.0,984.0,1940.0,2520.0,7439.0,2662.0,2953.0,0.0,977.0,977.0,976.0
1.0,11449.0,2962.0,2930.0,3627.0,3965.0,1399.0,2566.0,0.0,977.0,977.0,976.0,988.0,989.0,985.0,2223.0,1932.0,7294.0,1399.0,2566.0,0.0,977.0,977.0,976.0
1.0,12114.0,2953.0,2932.0,5305.0,1191.0,0.0,1191.0,0.0,977.0,978.0,977.0,983.0,985.0,985.0,3486.0,2319.0,6309.0,0.0,1191.0,0.0,977.0,978.0,977.0
1.0,14466.0,2947.0,2933.0,5615.0,544.0,0.0,0.0,544.0,978.0,978.0,977.0,983.0,981.0,983.0,5443.0,3699.0,5324.0,0.0,0.0,544.0,978.0,978.0,977.0
1.0,17134.0,2935.0,2933.0,3965.0,1526.0,0.0,0.0,1526.0,978.0,978.0,977.0,975.0,978.0,982.0,7122.0,5671.0,4341.0,0.0,0.0,1526.0,978.0,978.0,977.0
1.0,18164.0,2939.0,2933.0,1191.0,2507.0,0.0,0.0,2507.0,978.0,978.0,977.0,980.0,978.0,981.0,7546.0,7259.0,3359.0,0.0,0.0,2507.0,978.0,978.0,977.0
1.0,16416.0,2951.0,2933.0,544.0,2950.0,0.0,0.0,2950.0,978.0,978.0,977.0,983.0,981.0,987.0,6566.0,7472.0,2378.0,0.0,0.0,2950.0,978.0,978.0,977.0
1.0,14009.0,2963.0,2934.0,1526.0,2710.0,297.0,0.0,2413.0,978.0,978.0,978.0,990.0,989.0,984.0,5583.0,6491.0,1935.0,297.0,0.0,2413.0,978.0,978.0,978.0
1.0,12572.0,2963.0,2936.0,2507.0,2564.0,1291.0,381.0,892.0,979.0,979.0,978.0,989.0,988.0,986.0,4593.0,5502.0,2477.0,1291.0,381.0,892.0,979.0,979.0,978.0
1.0,12116.0,2959.0,2936.0,2950.0,3646.0,2276.0,1370.0,0.0,979.0,979.0,978.0,985.0,989.0,985.0,3604.0,4514.0,3998.0,2276.0,1370.0,0.0,979.0,979.0,978.0
1.0,12107.0,2954.0,2936.0,2710.0,5318.0,2962.0,2356.0,0.0,979.0,979.0,978.0,983.0,986.0,985.0,2619.0,3525.0,5963.0,2962.0,2356.0,0.0,979.0,979.0,978.0
1.0,11863.0,2938.0,2937.0,2564.0,5603.0,2650.0,2953.0,0.0,979.0,979.0,979.0,979.0,978.0,981.0,1933.0,2539.0,7391.0,2650.0,2953.0,0.0,979.0,979.0,979.0
1.0,11489.0,2941.0,2937.0,3646.0,3916.0,1352.0,2564.0,0.0,979.0,979.0,979.0,978.0,981.0,982.0,2245.0,1942.0,7302.0,1352.0,2564.0,0.0,979.0,979.0,979.0
1.0,12194.0,2955.0,2938.0,5318.0,1195.0,0.0,1195.0,0.0,979.0,980.0,979.0,984.0,982.0,989.0,3543.0,2331.0,6320.0,0.0,1195.0,0.0,979.0,980.0,979.0
1.0,14557.0,2963.0,2939.0,5603.0,552.0,0.0,0.0,552.0,980.0,980.0,979.0,988.0,987.0,988.0,5521.0,3705.0,5331.0,0.0,0.0,552.0,980.0,980.0,979.0
1.0,17197.0,2968.0,2940.0,3916.0,1549.0,0.0,0.0,1549.0,980.0,980.0,980.0,990.0,986.0,992.0,7183.0,5671.0,4343.0,0.0,0.0,1549.0,980.0,980.0,980.0
1.0,18145.0,2965.0,2940.0,1195.0,2537.0,0.0,0.0,2537.0,980.0,980.0,980.0,988.0,989.0,988.0,7545.0,7249.0,3351.0,0.0,0.0,2537.0,980.0,980.0,980.0
1.0,16375.0,2953.0,2940.0,552.0,2969.0,0.0,0.0,2969.0,980.0,980.0,980.0,982.0,987.0,984.0,6557.0,7455.0,2363.0,0.0,0.0,2969.0,980.0,980.0,980.0
1.0,13974.0,2944.0,2942.0,1549.0,2710.0,310.0,0.0,2400.0,981.0,981.0,980.0,980.0,984.0,980.0,5575.0,6468.0,1931.0,310.0,0.0,2400.0,981.0,981.0,980.0
1.0,12579.0,2942.0,2942.0,2537.0,2536.0,1291.0,401.0,844.0,981.0,981.0,980.0,981.0,980.0,981.0,4595.0,5484.0,2500.0,1291.0,401.0,844.0,981.0,981.0,980.0
1.0,12174.0,2948.0,2943.0,2969.0,3657.0,2273.0,1384.0,0.0,981.0,981.0,981.0,982.0,983.0,983.0,3614.0,4504.0,4056.0,2273.0,1384.0,0.0,981.0,981.0,981.0
1.0,12195.0,2966.0,2943.0,2710.0,5325.0,2953.0,2372.0,0.0,981.0,981.0,981.0,990.0,988.0,988.0,2632.0,3521.0,6042.0,2953.0,2372.0,0.0,981.0,981.0,981.0
1.0,11939.0,2977.0,2944.0,2536.0,5622.0,2658.0,2964.0,0.0,981.0,982.0,981.0,996.0,988.0,993.0,1952.0,2533.0,7454.0,2658.0,2964.0,0.0,981.0,982.0,981.0
1.0,11498.0,2958.0,2946.0,3657.0,3941.0,1375.0,2566.0,0.0,982.0,982.0,982.0,985.0,986.0,987.0,2247.0,1946.0,7305.0,1375.0,2566.0,0.0,982.0,982.0,982.0
1.0,12197.0,2953.0,2946.0,5325.0,1179.0,0.0,1179.0,0.0,982.0,982.0,982.0,983.0,985.0,985.0,3535.0,2344.0,6318.0,0.0,1179.0,0.0,982.0,982.0,982.0
1.0,14569.0,2956.0,2946.0,5622.0,563.0,0.0,0.0,563.0,982.0,982.0,982.0,986.0,984.0,986.0,5505.0,3731.0,5333.0,0.0,0.0,563.0,982.0,982.0,982.0
1.0,17235.0,2961.0,2946.0,3941.0,1551.0,0.0,0.0,1551.0,982.0,982.0,982.0,985.0,988.0,988.0,7177.0,5711.0,4347.0,0.0,0.0,1551.0,982.0,982.0,982.0
1.0,18215.0,2958.0,2946.0,1179.0,2534.0,0.0,0.0,2534.0,982.0,982.0,982.0,986.0,989.0,983.0,7567.0,7289.0,3359.0,0.0,0.0,2534.0,982.0,982.0,982.0
1.0,16436.0,2970.0,2947.0,563.0,2959.0,0.0,0.0,2959.0,982.0,983.0,982.0,990.0,992.0,988.0,6581.0,7479.0,2376.0,0.0,0.0,2959.0,982.0,983.0,982.0
1.0,14029.0,2968.0,2949.0,1551.0,2713.0,312.0,0.0,2401.0,983.0,983.0,983.0,988.0,992.0,988.0,5591.0,6487.0,1951.0,312.0,0.0,2401.0,983.0,983.0,983.0
1.0,12612.0,2972.0,2949.0,2534.0,2571.0,1304.0,411.0,856.0,983.0,983.0,983.0,992.0,991.0,989.0,4603.0,5495.0,2514.0,1304.0,411.0,856.0,983.0,983.0,983.0
1.0,12174.0,2961.0,2950.0,2959.0,3693.0,2291.0,1402.0,0.0,983.0,984.0,983.0,987.0,986.0,988.0,3611.0,4504.0,4059.0,2291.0,1402.0,0.0,983.0,984.0,983.0
1.0,12172.0,2952.0,2949.0,2713.0,5346.0,2966.0,2380.0,0.0,983.0,983.0,983.0,987.0,983.0,982.0,2624.0,3518.0,6030.0,2966.0,2380.0,0.0,983.0,983.0,983.0
1.0,11933.0,2958.0,2950.0,2571.0,5607.0,2643.0,2964.0,0.0,983.0,984.0,983.0,981.0,990.0,987.0,1949.0,2535.0,7449.0,2643.0,2964.0,0.0,983.0,984.0,983.0
1.0,11546.0,2974.0,2951.0,3693.0,3893.0,1341.0,2552.0,0.0,983.0,984.0,984.0,989.0,990.0,995.0,2272.0,1956.0,7318.0,1341.0,2552.0,0.0,983.0,984.0,984.0
1.0,12265.0,2987.0,2952.0,5346.0,1169.0,0.0,1169.0,0.0,984.0,984.0,984.0,994.0,997.0,996.0,3574.0,2368.0,6323.0,0.0,1169.0,0.0,984.0,984.0,984.0
1.0,14624.0,2977.0,2952.0,5607.0,586.0,0.0,0.0,586.0,984.0,984.0,984.0,995.0,989.0,993.0,5546.0,3751.0,5327.0,0.0,0.0,586.0,984.0,984.0,984.0
1.0,17254.0,2977.0,2954.0,3893.0,1585.0,0.0,0.0,1585.0,984.0,985.0,985.0,990.0,993.0,994.0,7194.0,5726.0,4334.0,0.0,0.0,1585.0,984.0,985.0,985.0
1.0,18170.0,2968.0,2955.0,1169.0,2573.0,0.0,0.0,2573.0,985.0,985.0,985.0,992.0,988.0,988.0,7545.0,7285.0,3340.0,0.0,0.0,2573.0,985.0,985.0,985.0
1.0,16371.0,2954.0,2955.0,586.0,2971.0,0.0,0.0,2971.0,985.0,985.0,985.0,989.0,981.0,984.0,6553.0,7466.0,2352.0,0.0,0.0,2971.0,985.0,985.0,985.0
1.0,14003.0,2958.0,2955.0,1585.0,2719.0,349.0,0.0,2370.0,985.0,985.0,985.0,988.0,986.0,984.0,5564.0,6485.0,1954.0,349.0,0.0,2370.0,985.0,985.0,985.0
1.0,12630.0,2967.0,2955.0,2573.0,2539.0,1334.0,418.0,787.0,985.0,985.0,985.0,985.0,992.0,990.0,4576.0,5499.0,2555.0,1334.0,418.0,787.0,985.0,985.0,985.0
1.0,12236.0,2983.0,2956.0,2971.0,3740.0,2327.0,1413.0,0.0,985.0,985.0,986.0,993.0,995.0,995.0,3591.0,4507.0,4138.0,2327.0,1413.0,0.0,985.0,985.0,986.0
1.0,12224.0,2972.0,2958.0,2719.0,5382.0,2974.0,2408.0,0.0,986.0,986.0,986.0,991.0,990.0,991.0,2598.0,3512.0,6114.0,2974.0,2408.0,0.0,986.0,986.0,986.0
1.0,11971.0,2983.0,2958.0,2539.0,5618.0,2632.0,2986.0,0.0,986.0,986.0,986.0,992.0,996.0,995.0,1956.0,2522.0,7493.0,2632.0,2986.0,0.0,986.0,986.0,986.0
1.0,11527.0,2971.0,2958.0,3740.0,3861.0,1296.0,2565.0,0.0,986.0,986.0,986.0,991.0,992.0,988.0,2298.0,1944.0,7285.0,1296.0,2565.0,0.0,986.0,986.0,986.0
1.0,12296.0,2970.0,2958.0,5382.0,1148.0,0.0,1148.0,0.0,986.0,986.0,986.0,991.0,991.0,988.0,3634.0,2365.0,6297.0,0.0,1148.0,0.0,986.0,986.0,986.0
1.0,14708.0,2965.0,2958.0,5618.0,610.0,0.0,0.0,610.0,986.0,986.0,986.0,989.0,987.0,989.0,5617.0,3782.0,5309.0,0.0,0.0,610.0,986.0,986.0,986.0
1.0,17361.0,2973.0,2959.0,3861.0,1602.0,0.0,0.0,1602.0,986.0,987.0,986.0,990.0,991.0,992.0,7260.0,5781.0,4320.0,0.0,0.0,1602.0,986.0,987.0,986.0
1.0,18249.0,2979.0,2961.0,1148.0,2600.0,0.0,0.0,2600.0,987.0,987.0,987.0,992.0,994.0,993.0,7566.0,7355.0,3328.0,0.0,0.0,2600.0,987.0,987.0,987.0
1.0,16418.0,2983.0,2961.0,610.0,2983.0,0.0,0.0,2983.0,987.0,987.0,987.0,993.0,997.0,993.0,6574.0,7509.0,2335.0,0.0,0.0,2983.0,987.0,987.0,987.0
1.0,14045.0,2981.0,2962.0,1602.0,2720.0,345.0,0.0,2375.0,987.0,988.0,987.0,991.0,996.0,994.0,5581.0,6512.0,1952.0,345.0,0.0,2375.0,987.0,988.0,987.0
1.0,12666.0,2970.0,2963.0,2600.0,2519.0,1336.0,415.0,768.0,987.0,988.0,988.0,991.0,991.0,988.0,4590.0,5516.0,2560.0,1336.0,415.0,768.0,987.0,988.0,988.0
1.0,12296.0,2969.0,2963.0,2983.0,3732.0,2324.0,1408.0,0.0,987.0,988.0,988.0,988.0,993.0,988.0,3599.0,4525.0,4172.0,2324.0,1408.0,0.0,987.0,988.0,988.0
1.0,12310.0,2971.0,2963.0,2720.0,5369.0,2972.0,2397.0,0.0,987.0,988.0,988.0,993.0,989.0,989.0,2611.0,3532.0,6167.0,2972.0,2397.0,0.0,987.0,988.0,988.0
1.0,12059.0,2978.0,2964.0,2519.0,5609.0,2633.0,2976.0,0.0,988.0,988.0,988.0,992.0,994.0,992.0,1963.0,2543.0,7553.0,2633.0,2976.0,0.0,988.0,988.0,988.0
1.0,11600.0,2987.0,2964.0,3732.0,3866.0,1303.0,2563.0,0.0,988.0,988.0,988.0,994.0,995.0,998.0,2307.0,1964.0,7329.0,1303.0,2563.0,0.0,988.0,988.0,988.0
1.0,12345.0,2990.0,2965.0,5369.0,1168.0,0.0,1168.0,0.0,988.0,989.0,988.0,995.0,997.0,998.0,3637.0,2377.0,6331.0,0.0,1168.0,0.0,988.0,989.0,988.0
1.0,14724.0,2983.0,2966.0,5609.0,604.0,0.0,0.0,604.0,988.0,989.0,989.0,998.0,993.0,992.0,5614.0,3777.0,5333.0,0.0,0.0,604.0,988.0,989.0,989.0
1.0,17350.0,2979.0,2967.0,3866.0,1598.0,0.0,0.0,1598.0,989.0,989.0,989.0,994.0,991.0,994.0,7249.0,5760.0,4341.0,0.0,0.0,1598.0,989.0,989.0,989.0
1.0,18237.0,2967.0,2967.0,1168.0,2586.0,0.0,0.0,2586.0,989.0,989.0,989.0,989.0,990.0,988.0,7558.0,7332.0,3347.0,0.0,0.0,2586.0,989.0,989.0,989.0
1.0,16438.0,2974.0,2967.0,604.0,2972.0,0.0,0.0,2972.0,989.0,989.0,989.0,992.0,992.0,990.0,6569.0,7510.0,2359.0,0.0,0.0,2972.0,989.0,989.0,989.0
1.0,14068.0,2982.0,2967.0,1598.0,2727.0,361.0,0.0,2366.0,989.0,989.0,989.0,993.0,997.0,992.0,5577.0,6518.0,1973.0,361.0,0.0,2366.0,989.0,989.0,989.0
1.0,12684.0,3001.0,2968.0,2586.0,2571.0,1361.0,432.0,778.0,989.0,990.0,989.0,1000.0,1003.0,998.0,4584.0,5521.0,2579.0,1361.0,432.0,778.0,989.0,990.0,989.0
1.0,12269.0,2999.0,2970.0,2972.0,3796.0,2364.0,1432.0,0.0,990.0,990.0,990.0,998.0,1000.0,1001.0,3584.0,4518.0,4167.0,2364.0,1432.0,0.0,990.0,990.0,990.0
1.0,12242.0,2993.0,2971.0,2727.0,5434.0,2998.0,2436.0,0.0,990.0,991.0,990.0,995.0,999.0,999.0,2586.0,3518.0,6138.0,2998.0,2436.0,0.0,990.0,991.0,990.0
1.0,11976.0,2984.0,2971.0,2571.0,5628.0,2632.0,2996.0,0.0,990.0,991.0,990.0,995.0,992.0,997.0,1952.0,2519.0,7505.0,2632.0,2996.0,0.0,990.0,991.0,990.0
1.0,11563.0,2968.0,2971.0,3796.0,3810.0,1259.0,2551.0,0.0,990.0,991.0,990.0,991.0,987.0,990.0,2318.0,1959.0,7286.0,1259.0,2551.0,0.0,990.0,991.0,990.0
1.0,12391.0,2981.0,2971.0,5434.0,1106.0,0.0,1106.0,0.0,990.0,991.0,990.0,996.0,991.0,994.0,3691.0,2404.0,6296.0,0.0,1106.0,0.0,990.0,991.0,990.0
1.0,14844.0,2999.0,2972.0,5628.0,647.0,0.0,0.0,647.0,991.0,991.0,990.0,1001.0,999.0,999.0,5693.0,3849.0,5302.0,0.0,0.0,647.0,991.0,991.0,990.0
1.0,17473.0,2997.0,2973.0,3810.0,1649.0,0.0,0.0,1649.0,991.0,991.0,991.0,1002.0,998.0,997.0,7324.0,5846.0,4303.0,0.0,0.0,1649.0,991.0,991.0,991.0
1.0,18286.0,2995.0,2974.0,1106.0,2644.0,0.0,0.0,2644.0,991.0,992.0,991.0,999.0,1001.0,995.0,7581.0,7399.0,3306.0,0.0,0.0,2644.0,991.0,992.0,991.0
1.0,16397.0,2999.0,2975.0,647.0,2994.0,0.0,0.0,2994.0,992.0,992.0,991.0,997.0,1005.0,997.0,6582.0,7504.0,2311.0,0.0,0.0,2994.0,992.0,992.0,991.0
1.0,14045.0,2982.0,2975.0,1649.0,2709.0,369.0,0.0,2340.0,992.0,992.0,991.0,994.0,993.0,995.0,5585.0,6499.0,1961.0,369.0,0.0,2340.0,992.0,992.0,991.0
1.0,12712.0,2980.0,2976.0,2644.0,2504.0,1360.0,448.0,696.0,992.0,992.0,992.0,991.0,994.0,995.0,4591.0,5506.0,2615.0,1360.0,448.0,696.0,992.0,992.0,992.0
1.0,12376.0,2991.0,2976.0,2994.0,3802.0,2361.0,1441.0,0.0,992.0,992.0,992.0,1001.0,993.0,997.0,3600.0,4512.0,4264.0,2361.0,1441.0,0.0,992.0,992.0,992.0
1.0,12379.0,2995.0,2977.0,2709.0,5434.0,2990.0,2444.0,0.0,992.0,993.0,992.0,998.0,998.0,999.0,2599.0,3519.0,6261.0,2990.0,2444.0,0.0,992.0,993.0,992.0
1.0,12093.0,3007.0,2978.0,2504.0,5634.0,2639.0,2995.0,0.0,993.0,993.0,992.0,1004.0,999.0,1004.0,1970.0,2521.0,7602.0,2639.0,2995.0,0.0,993.0,993.0,992.0
1.0,11590.0,3015.0,2979.0,3802.0,3841.0,1281.0,2560.0,0.0,993.0,993.0,993.0,1003.0,1006.0,1006.0,2326.0,1970.0,7294.0,1281.0,2560.0,0.0,993.0,993.0,993.0
1.0,12377.0,2994.0,2979.0,5434.0,1115.0,0.0,1115.0,0.0,993.0,993.0,993.0,997.0,999.0,998.0,3684.0,2405.0,6288.0,0.0,1115.0,0.0,993.0,993.0,993.0
1.0,14817.0,2986.0,2979.0,5634.0,674.0,0.0,0.0,674.0,993.0,993.0,993.0,994.0,993.0,999.0,5677.0,3850.0,5290.0,0.0,0.0,674.0,993.0,993.0,993.0
1.0,17465.0,2981.0,2980.0,3841.0,1666.0,0.0,0.0,1666.0,993.0,994.0,993.0,992.0,997.0,992.0,7322.0,5852.0,4291.0,0.0,0.0,1666.0,993.0,994.0,993.0
1.0,18325.0,2989.0,2980.0,1115.0,2660.0,0.0,0.0,2660.0,993.0,994.0,993.0,998.0,997.0,994.0,7611.0,7415.0,3299.0,0.0,0.0,2660.0,993.0,994.0,993.0
1.0,16451.0,2997.0,2982.0,674.0,2989.0,0.0,0.0,2989.0,994.0,994.0,994.0,1001.0,998.0,998.0,6613.0,7533.0,2305.0,0.0,0.0,2989.0,994.0,994.0,994.0
1.0,14128.0,3012.0,2982.0,1666.0,2689.0,363.0,0.0,2326.0,994.0,994.0,994.0,1005.0,1004.0,1003.0,5612.0,6535.0,1981.0,363.0,0.0,2326.0,994.0,994.0,994.0
1.0,12782.0,3013.0,2983.0,2660.0,2486.0,1369.0,446.0,671.0,994.0,995.0,994.0,1006.0,1002.0,1005.0,4607.0,5531.0,2644.0,1369.0,446.0,671.0,994.0,995.0,994.0
1.0,12429.0,2998.0,2984.0,2989.0,3818.0,2373.0,1445.0,0.0,995.0,995.0,994.0,999.0,999.0,1000.0,3601.0,4529.0,4299.0,2373.0,1445.0,0.0,995.0,995.0,994.0
1.0,12420.0,2986.0,2984.0,2689.0,5442.0,3004.0,2438.0,0.0,995.0,995.0,994.0,994.0,993.0,999.0,2602.0,3530.0,6288.0,3004.0,2438.0,0.0,995.0,995.0,994.0
1.0,12123.0,2987.0,2985.0,2486.0,5614.0,2627.0,2987.0,0.0,995.0,995.0,995.0,992.0,995.0,1000.0,1971.0,2537.0,7615.0,2627.0,2987.0,0.0,995.0,995.0,995.0
1.0,11622.0,2992.0,2985.0,3818.0,3790.0,1249.0,2541.0,0.0,995.0,995.0,995.0,995.0,999.0,998.0,2348.0,1988.0,7286.0,1249.0,2541.0,0.0,995.0,995.0,995.0
1.0,12448.0,3000.0,2985.0,5442.0,1104.0,0.0,1104.0,0.0,995.0,995.0,995.0,999.0,1001.0,1000.0,3726.0,2434.0,6288.0,0.0,1104.0,0.0,995.0,995.0,995.0
1.0,14890.0,3011.0,2986.0,5614.0,691.0,0.0,0.0,691.0,995.0,996.0,995.0,1005.0,1002.0,1004.0,5731.0,3871.0,5288.0,0.0,0.0,691.0,995.0,996.0,995.0
1.0,17493.0,3011.0,2987.0,3790.0,1700.0,0.0,0.0,1700.0,995.0,996.0,996.0,1005.0,1002.0,1004.0,7353.0,5856.0,4284.0,0.0,0.0,1700.0,995.0,996.0,996.0
1.0,18272.0,3006.0,2988.0,1104.0,2701.0,0.0,0.0,2701.0,996.0,996.0,996.0,1003.0,1002.0,1001.0,7597.0,7395.0,3280.0,0.0,0.0,2701.0,996.0,996.0,996.0
1.0,16370.0,2994.0,2988.0,691.0,3005.0,0.0,0.0,3005.0,996.0,996.0,996.0,999.0,1000.0,995.0,6594.0,7497.0,2279.0,0.0,0.0,3005.0,996.0,996.0,996.0
1.0,14067.0,2996.0,2988.0,1700.0,2689.0,384.0,0.0,2305.0,996.0,996.0,996.0,999.0,997.0,1000.0,5595.0,6497.0,1975.0,384.0,0.0,2305.0,996.0,996.0,996.0
1.0,12771.0,3000.0,2988.0,2701.0,2468.0,1383.0,479.0,606.0,996.0,996.0,996.0,999.0,999.0,1002.0,4596.0,5500.0,2675.0,1383.0,479.0,606.0,996.0,996.0,996.0
1.0,12472.0,2999.0,2988.0,3005.0,3864.0,2383.0,1481.0,0.0,996.0,996.0,996.0,1000.0,1002.0,997.0,3597.0,4501.0,4374.0,2383.0,1481.0,0.0,996.0,996.0,996.0
1.0,12478.0,3025.0,2991.0,2689.0,5506.0,3013.0,2493.0,0.0,997.0,997.0,997.0,1009.0,1007.0,1009.0,2597.0,3499.0,6382.0,3013.0,2493.0,0.0,997.0,997.0,997.0
1.0,12142.0,3021.0,2991.0,2468.0,5656.0,2634.0,3022.0,0.0,997.0,997.0,997.0,1004.0,1008.0,1009.0,1972.0,2492.0,7678.0,2634.0,3022.0,0.0,997.0,997.0,997.0
1.0,11589.0,3008.0,2991.0,3864.0,3799.0,1256.0,2543.0,0.0,997.0,997.0,997.0,1005.0,1002.0,1001.0,2351.0,1963.0,7275.0,1256.0,2543.0,0.0,997.0,997.0,997.0
1.0,12445.0,3004.0,2993.0,5506.0,1055.0,0.0,1055.0,0.0,998.0,998.0,997.0,1002.0,1000.0,1002.0,3729.0,2442.0,6274.0,0.0,1055.0,0.0,998.0,998.0,997.0
1.0,14947.0,2996.0,2994.0,5656.0,716.0,0.0,0.0,716.0,998.0,998.0,998.0,998.0,1000.0,998.0,5740.0,3935.0,5272.0,0.0,0.0,716.0,998.0,998.0,998.0
1.0,17607.0,2988.0,2994.0,3799.0,1710.0,0.0,0.0,1710.0,998.0,998.0,998.0,997.0,997.0,994.0,7376.0,5957.0,4274.0,0.0,0.0,1710.0,998.0,998.0,998.0
1.0,18418.0,3007.0,2994.0,1055.0,2713.0,0.0,0.0,2713.0,998.0,998.0,998.0,1003.0,1001.0,1003.0,7635.0,7503.0,3280.0,0.0,0.0,2713.0,998.0,998.0,998.0
1.0,16466.0,3005.0,2994.0,716.0,3000.0,0.0,0.0,3000.0,998.0,998.0,998.0,1002.0,1000.0,1003.0,6632.0,7557.0,2277.0,0.0,0.0,3000.0,998.0,998.0,998.0
1.0,14177.0,3018.0,2994.0,1710.0,2660.0,364.0,0.0,2296.0,998.0,998.0,998.0,1004.0,1008.0,1006.0,5630.0,6557.0,1990.0,364.0,0.0,2296.0,998.0,998.0,998.0
1.0,12869.0,3022.0,2997.0,2713.0,2425.0,1375.0,455.0,595.0,999.0,999.0,999.0,1006.0,1009.0,1007.0,4626.0,5549.0,2694.0,1375.0,455.0,595.0,999.0,999.0,999.0
1.0,12560.0,3017.0,2997.0,3000.0,3839.0,2378.0,1461.0,0.0,999.0,999.0,999.0,1003.0,1006.0,1008.0,3620.0,4540.0,4400.0,2378.0,1461.0,0.0,999.0,999.0,999.0
1.0,12543.0,2996.0,2997.0,2660.0,5470.0,3009.0,2461.0,0.0,999.0,999.0,999.0,995.0,1000.0,1001.0,2617.0,3534.0,6392.0,3009.0,2461.0,0.0,999.0,999.0,999.0
1.0,12207.0,3006.0,2997.0,2425.0,5642.0,2633.0,3009.0,0.0,999.0,999.0,999.0,999.0,1003.0,1004.0,1986.0,2534.0,7687.0,2633.0,3009.0,0.0,999.0,999.0,999.0
1.0,11626.0,3007.0,2997.0,3839.0,3806.0,1255.0,2551.0,0.0,999.0,999.0,999.0,1000.0,1003.0,1004.0,2362.0,1986.0,7278.0,1255.0,2551.0,0.0,999.0,999.0,999.0
1.0,12458.0,3020.0,2999.0,5470.0,1102.0,0.0,1102.0,0.0,999.0,1000.0,1000.0,1006.0,1007.0,1007.0,3740.0,2444.0,6274.0,0.0,1102.0,0.0,999.0,1000.0,1000.0
1.0,14908.0,3026.0,3000.0,5642.0,740.0,0.0,0.0,740.0,1000.0,1000.0,1000.0,1013.0,1006.0,1007.0,5743.0,3898.0,5267.0,0.0,0.0,740.0,1000.0,1000.0,1000.0
1.0,17524.0,3016.0,3000.0,3806.0,1746.0,0.0,0.0,1746.0,1000.0,1000.0,1000.0,1008.0,1002.0,1006.0,7363.0,5901.0,4260.0,0.0,0.0,1746.0,1000.0,1000.0,1000.0
1.0,18314.0,3012.0,3001.0,1102.0,2755.0,0.0,0.0,2755.0,1000.0,1000.0,1001.0,1003.0,1005.0,1004.0,7610.0,7450.0,3254.0,0.0,0.0,2755.0,1000.0,1000.0,1001.0
1.0,16404.0,3004.0,3001.0,740.0,3016.0,0.0,0.0,3016.0,1000.0,1000.0,1001.0,997.0,1006.0,1001.0,6607.0,7547.0,2250.0,0.0,0.0,3016.0,1000.0,1000.0,1001.0
1.0,14140.0,3004.0,3001.0,1746.0,2660.0,388.0,0.0,2272.0,1000.0,1000.0,1001.0,998.0,1004.0,1002.0,5610.0,6541.0,1989.0,388.0,0.0,2272.0,1000.0,1000.0,1001.0
1.0,12882.0,3011.0,3001.0,2755.0,2379.0,1390.0,467.0,522.0,1000.0,1000.0,1001.0,1002.0,1004.0,1005.0,4612.0,5537.0,2733.0,1390.0,467.0,522.0,1000.0,1000.0,1001.0
1.0,12626.0,3022.0,3003.0,3016.0,3883.0,2401.0,1482.0,0.0,1001.0,1001.0,1001.0,1006.0,1010.0,1006.0,3610.0,4533.0,4483.0,2401.0,1482.0,0.0,1001.0,1001.0,1001.0
1.0,12620.0,3028.0,3003.0,2660.0,5514.0,3021.0,2493.0,0.0,1001.0,1001.0,1001.0,1008.0,1011.0,1009.0,2604.0,3523.0,6493.0,3021.0,2493.0,0.0,1001.0,1001.0,1001.0
1.0,12252.0,3031.0,3004.0,2379.0,5677.0,2641.0,3036.0,0.0,1001.0,1001.0,1002.0,1010.0,1010.0,1011.0,1984.0,2512.0,7756.0,2641.0,3036.0,0.0,1001.0,1001.0,1002.0
1.0,11600.0,3012.0,3005.0,3883.0,3804.0,1244.0,2560.0,0.0,1001.0,1002.0,1002.0,1004.0,1001.0,1007.0,2364.0,1969.0,7267.0,1244.0,2560.0,0.0,1001.0,1002.0,1002.0
1.0,12471.0,3006.0,3005.0,5514.0,1067.0,0.0,1067.0,0.0,1001.0,1002.0,1002.0,1005.0,1000.0,1001.0,3761.0,2450.0,6260.0,0.0,1067.0,0.0,1001.0,1002.0,1002.0
1.0,14979.0,3015.0,3004.0,5677.0,754.0,0.0,0.0,754.0,1001.0,1001.0,1002.0,1009.0,1003.0,1003.0,5777.0,3943.0,5259.0,0.0,0.0,754.0,1001.0,1001.0,1002.0
1.0,17641.0,3022.0,3006.0,3804.0,1759.0,0.0,0.0,1759.0,1002.0,1002.0,1002.0,1006.0,1011.0,1005.0,7409.0,5976.0,4256.0,0.0,0.0,1759.0,1002.0,1002.0,1002.0
1.0,18423.0,3036.0,3006.0,1067.0,2771.0,0.0,0.0,2771.0,1002.0,1002.0,1002.0,1011.0,1013.0,1012.0,7647.0,7525.0,3251.0,0.0,0.0,2771.0,1002.0,1002.0,1002.0
1.0,16454.0,3035.0,3008.0,754.0,3034.0,0.0,0.0,3034.0,1002.0,1003.0,1003.0,1009.0,1014.0,1012.0,6636.0,7579.0,2239.0,0.0,0.0,3034.0,1002.0,1003.0,1003.0
1.0,14173.0,3026.0,3008.0,1759.0,2673.0,390.0,0.0,2283.0,1002.0,1003.0,1003.0,1007.0,1011.0,1008.0,5627.0,6565.0,1981.0,390.0,0.0,2283.0,1002.0,1003.0,1003.0
1.0,12906.0,3025.0,3008.0,2771.0,2388.0,1398.0,468.0,522.0,1002.0,1003.0,1003.0,1008.0,1007.0,1010.0,4620.0,5554.0,2732.0,1398.0,468.0,522.0,1002.0,1003.0,1003.0
1.0,12652.0,3013.0,3008.0,3034.0,3877.0,2407.0,1470.0,0.0,1002.0,1003.0,1003.0,1009.0,1002.0,1002.0,3612.0,4547.0,4493.0,2407.0,1470.0,0.0,1002.0,1003.0,1003.0
1.0,12673.0,3019.0,3009.0,2673.0,5506.0,3030.0,2476.0,0.0,1003.0,1003.0,1003.0,1008.0,1006.0,1005.0,2603.0,3545.0,6525.0,3030.0,2476.0,0.0,1003.0,1003.0,1003.0
1.0,12327.0,3026.0,3009.0,2388.0,5657.0,2640.0,3017.0,0.0,1003.0,1003.0,1003.0,1008.0,1009.0,1009.0,1985.0,2539.0,7803.0,2640.0,3017.0,0.0,1003.0,1003.0,1003.0
1.0,11689.0,3038.0,3011.0,3877.0,3812.0,1245.0,2567.0,0.0,1003.0,1004.0,1004.0,1012.0,1015.0,1011.0,2375.0,1998.0,7316.0,1245.0,2567.0,0.0,1003.0,1004.0,1004.0
1.0,12528.0,3033.0,3012.0,5506.0,1104.0,0.0,1104.0,0.0,1004.0,1004.0,1004.0,1010.0,1013.0,1010.0,3770.0,2453.0,6305.0,0.0,1104.0,0.0,1004.0,1004.0,1004.0
1.0,15001.0,3027.0,3012.0,5657.0,733.0,0.0,0.0,733.0,1004.0,1004.0,1004.0,1007.0,1012.0,1008.0,5790.0,3916.0,5295.0,0.0,0.0,733.0,1004.0,1004.0,1004.0
1.0,17631.0,3030.0,3012.0,3812.0,1742.0,0.0,0.0,1742.0,1004.0,1004.0,1004.0,1011.0,1010.0,1009.0,7423.0,5921.0,4287.0,0.0,0.0,1742.0,1004.0,1004.0,1004.0
1.0,18413.0,3015.0,3013.0,1104.0,2745.0,0.0,0.0,2745.0,1004.0,1005.0,1004.0,1004.0,1008.0,1003.0,7657.0,7478.0,3278.0,0.0,0.0,2745.0,1004.0,1005.0,1004.0
1.0,16502.0,3021.0,3013.0,733.0,3019.0,0.0,0.0,3019.0,1004.0,1005.0,1004.0,1007.0,1007.0,1007.0,6653.0,7574.0,2275.0,0.0,0.0,3019.0,1004.0,1005.0,1004.0
1.0,14214.0,3029.0,3014.0,1742.0,2676.0,384.0,0.0,2292.0,1004.0,1005.0,1005.0,1010.0,1009.0,1010.0,5646.0,6567.0,2001.0,384.0,0.0,2292.0,1004.0,1005.0,1005.0
1.0,12927.0,3046.0,3015.0,2745.0,2449.0,1404.0,481.0,564.0,1005.0,1005.0,1005.0,1015.0,1014.0,1017.0,4636.0,5558.0,2733.0,1404.0,481.0,564.0,1005.0,1005.0,1005.0
1.0,12626.0,3042.0,3016.0,3019.0,3914.0,2416.0,1498.0,0.0,1005.0,1006.0,1005.0,1012.0,1012.0,1018.0,3621.0,4544.0,4461.0,2416.0,1498.0,0.0,1005.0,1006.0,1005.0
1.0,12603.0,3035.0,3017.0,2676.0,5554.0,3043.0,2511.0,0.0,1005.0,1006.0,1006.0,1011.0,1013.0,1011.0,2609.0,3532.0,6462.0,3043.0,2511.0,0.0,1005.0,1006.0,1006.0
1.0,12244.0,3031.0,3017.0,2449.0,5690.0,2647.0,3043.0,0.0,1005.0,1006.0,1006.0,1008.0,1013.0,1010.0,1982.0,2519.0,7743.0,2647.0,3043.0,0.0,1005.0,1006.0,1006.0
1.0,11662.0,3016.0,3017.0,3914.0,3787.0,1235.0,2552.0,0.0,1005.0,1006.0,1006.0,1004.0,1007.0,1005.0,2378.0,1987.0,7297.0,1235.0,2552.0,0.0,1005.0,1006.0,1006.0
1.0,12560.0,3029.0,3017.0,5554.0,1053.0,0.0,1053.0,0.0,1005.0,1006.0,1006.0,1009.0,1012.0,1008.0,3790.0,2478.0,6292.0,0.0,1053.0,0.0,1005.0,1006.0,1006.0
1.0,15085.0,3036.0,3019.0,5690.0,760.0,0.0,0.0,760.0,1006.0,1007.0,1006.0,1010.0,1012.0,1014.0,5824.0,3977.0,5284.0,0.0,0.0,760.0,1006.0,1007.0,1006.0
1.0,17739.0,3050.0,3019.0,3787.0,1776.0,0.0,0.0,1776.0,1006.0,1007.0,1006.0,1017.0,1017.0,1016.0,7461.0,6008.0,4270.0,0.0,0.0,1776.0,1006.0,1007.0,1006.0
1.0,18476.0,3042.0,3020.0,1053.0,2797.0,0.0,0.0,2797.0,1006.0,1007.0,1007.0,1012.0,1014.0,1016.0,7679.0,7543.0,3254.0,0.0,0.0,2797.0,1006.0,1007.0,1007.0
1.0,16487.0,3037.0,3020.0,760.0,3052.0,0.0,0.0,3052.0,1006.0,1007.0,1007.0,1010.0,1012.0,1015.0,6667.0,7582.0,2238.0,0.0,0.0,3052.0,1006.0,1007.0,1007.0
1.0,14210.0,3027.0,3020.0,1776.0,2667.0,380.0,0.0,2287.0,1006.0,1007.0,1007.0,1007.0,1009.0,1011.0,5657.0,6570.0,1983.0,380.0,0.0,2287.0,1006.0,1007.0,1007.0
1.0,12959.0,3028.0,3021.0,2797.0,2377.0,1388.0,489.0,500.0,1006.0,1008.0,1007.0,1008.0,1010.0,1010.0,4650.0,5561.0,2748.0,1388.0,489.0,500.0,1006.0,1008.0,1007.0
1.0,12728.0,3032.0,3021.0,3052.0,3899.0,2398.0,1501.0,0.0,1006.0,1008.0,1007.0,1010.0,1012.0,1010.0,3642.0,4551.0,4535.0,2398.0,1501.0,0.0,1006.0,1008.0,1007.0
1.0,12748.0,3044.0,3023.0,2667.0,5554.0,3037.0,2517.0,0.0,1007.0,1008.0,1008.0,1014.0,1016.0,1014.0,2632.0,3539.0,6577.0,3037.0,2517.0,0.0,1007.0,1008.0,1008.0
1.0,12371.0,3046.0,3023.0,2377.0,5710.0,2663.0,3047.0,0.0,1007.0,1008.0,1008.0,1014.0,1019.0,1013.0,1998.0,2523.0,7850.0,2663.0,3047.0,0.0,1007.0,1008.0,1008.0
1.0,11702.0,3048.0,3024.0,3899.0,3849.0,1282.0,2567.0,0.0,1007.0,1009.0,1008.0,1017.0,1016.0,1015.0,2372.0,1993.0,7337.0,1282.0,2567.0,0.0,1007.0,1009.0,1008.0
1.0,12553.0,3041.0,3025.0,5554.0,1069.0,0.0,1069.0,0.0,1008.0,1009.0,1008.0,1013.0,1019.0,1009.0,3753.0,2478.0,6322.0,0.0,1069.0,0.0,1008.0,1009.0,1008.0
1.0,15066.0,3036.0,3026.0,5710.0,743.0,0.0,0.0,743.0,1008.0,1009.0,1009.0,1013.0,1012.0,1011.0,5777.0,3976.0,5313.0,0.0,0.0,743.0,1008.0,1009.0,1009.0
1.0,17740.0,3027.0,3026.0,3849.0,1756.0,0.0,0.0,1756.0,1008.0,1009.0,1009.0,1008.0,1006.0,1013.0,7427.0,6011.0,4302.0,0.0,0.0,1756.0,1008.0,1009.0,1009.0
1.0,18562.0,3033.0,3026.0,1069.0,2767.0,0.0,0.0,2767.0,1008.0,1009.0,1009.0,1015.0,1007.0,1011.0,7701.0,7572.0,3289.0,0.0,0.0,2767.0,1008.0,1009.0,1009.0
1.0,16598.0,3046.0,3026.0,743.0,3038.0,0.0,0.0,3038.0,1008.0,1009.0,1009.0,1020.0,1012.0,1014.0,6686.0,7634.0,2278.0,0.0,0.0,3038.0,1008.0,1009.0,1009.0
1.0,14295.0,3059.0,3028.0,1756.0,2702.0,399.0,0.0,2303.0,1009.0,1010.0,1009.0,1020.0,1018.0,1021.0,5666.0,6622.0,2007.0,399.0,0.0,2303.0,1009.0,1010.0,1009.0
1.0,12992.0,3066.0,3029.0,2767.0,2452.0,1418.0,470.0,564.0,1009.0,1010.0,1010.0,1019.0,1024.0,1023.0,4646.0,5604.0,2742.0,1418.0,470.0,564.0,1009.0,1010.0,1010.0
1.0,12693.0,3051.0,3030.0,3038.0,3927.0,2439.0,1488.0,0.0,1010.0,1010.0,1010.0,1016.0,1018.0,1017.0,3627.0,4580.0,4486.0,2439.0,1488.0,0.0,1010.0,1010.0,1010.0
1.0,12680.0,3040.0,3031.0,2702.0,5562.0,3051.0,2511.0,0.0,1010.0,1011.0,1010.0,1011.0,1018.0,1011.0,2611.0,3562.0,6507.0,3051.0,2511.0,0.0,1010.0,1011.0,1010.0
1.0,12342.0,3028.0,3031.0,2452.0,5693.0,2642.0,3051.0,0.0,1010.0,1011.0,1010.0,1009.0,1010.0,1009.0,1999.0,2544.0,7799.0,2642.0,3051.0,0.0,1010.0,1011.0,1010.0
1.0,11766.0,3032.0,3031.0,3927.0,3789.0,1212.0,2577.0,0.0,1010.0,1011.0,1010.0,1009.0,1014.0,1009.0,2408.0,2004.0,7354.0,1212.0,2577.0,0.0,1010.0,1011.0,1010.0
1.0,12661.0,3042.0,3031.0,5562.0,1080.0,0.0,1080.0,0.0,1010.0,1011.0,1010.0,1017.0,1014.0,1011.0,3838.0,2478.0,6345.0,0.0,1080.0,0.0,1010.0,1011.0,1010.0
1.0,15181.0,3057.0,3031.0,5693.0,734.0,0.0,0.0,734.0,1010.0,1011.0,1010.0,1020.0,1019.0,1018.0,5872.0,3975.0,5334.0,0.0,0.0,734.0,1010.0,1011.0,1010.0
1.0,17817.0,3055.0,3034.0,3789.0,1759.0,0.0,0.0,1759.0,1011.0,1012.0,1011.0,1020.0,1015.0,1020.0,7494.0,6007.0,4316.0,0.0,0.0,1759.0,1011.0,1012.0,1011.0
1.0,18551.0,3053.0,3034.0,1080.0,2779.0,0.0,0.0,2779.0,1011.0,1012.0,1011.0,1017.0,1016.0,1020.0,7686.0,7569.0,3296.0,0.0,0.0,2779.0,1011.0,1012.0,1011.0
1.0,16578.0,3047.0,3034.0,734.0,3059.0,0.0,0.0,3059.0,1011.0,1012.0,1011.0,1017.0,1016.0,1014.0,6669.0,7633.0,2276.0,0.0,0.0,3059.0,1011.0,1012.0,1011.0
1.0,14265.0,3043.0,3034.0,1759.0,2731.0,415.0,0.0,2316.0,1011.0,1012.0,1011.0,1012.0,1015.0,1016.0,5652.0,6617.0,1996.0,415.0,0.0,2316.0,1011.0,1012.0,1011.0
1.0,12981.0,3049.0,3035.0,2779.0,2464.0,1429.0,475.0,560.0,1011.0,1012.0,1012.0,1014.0,1017.0,1018.0,4640.0,5602.0,2739.0,1429.0,475.0,560.0,1011.0,1012.0,1012.0
1.0,12711.0,3047.0,3036.0,3059.0,3940.0,2448.0,1492.0,0.0,1012.0,1012.0,1012.0,1014.0,1017.0,1016.0,3626.0,4585.0,4500.0,2448.0,1492.0,0.0,1012.0,1012.0,1012.0
1.0,12723.0,3055.0,3037.0,2731.0,5569.0,3051.0,2518.0,0.0,1012.0,1013.0,1012.0,1018.0,1021.0,1016.0,2612.0,3568.0,6543.0,3051.0,2518.0,0.0,1012.0,1013.0,1012.0
1.0,12399.0,3061.0,3037.0,2464.0,5708.0,2646.0,3062.0,0.0,1012.0,1013.0,1012.0,1024.0,1019.0,1018.0,2009.0,2547.0,7843.0,2646.0,3062.0,0.0,1012.0,1013.0,1012.0
1.0,11802.0,3057.0,3037.0,3940.0,3809.0,1222.0,2587.0,0.0,1012.0,1013.0,1012.0,1024.0,1017.0,1016.0,2414.0,2003.0,7385.0,1222.0,2587.0,0.0,1012.0,1013.0,1012.0
1.0,12685.0,3053.0,3039.0,5569.0,1088.0,0.0,1088.0,0.0,1013.0,1013.0,1013.0,1016.0,1019.0,1018.0,3838.0,2478.0,6369.0,0.0,1088.0,0.0,1013.0,1013.0,1013.0
1.0,15201.0,3045.0,3039.0,5708.0,729.0,0.0,0.0,729.0,1013.0,1013.0,1013.0,1015.0,1015.0,1015.0,5873.0,3977.0,5351.0,0.0,0.0,729.0,1013.0,1013.0,1013.0
1.0,17864.0,3044.0,3039.0,3809.0,1743.0,0.0,0.0,1743.0,1013.0,1013.0,1013.0,1013.0,1017.0,1014.0,7504.0,6024.0,4336.0,0.0,0.0,1743.0,1013.0,1013.0,1013.0
1.0,18629.0,3061.0,3040.0,1088.0,2768.0,0.0,0.0,2768.0,1013.0,1014.0,1013.0,1016.0,1020.0,1025.0,7713.0,7594.0,3322.0,0.0,0.0,2768.0,1013.0,1014.0,1013.0
1.0,16656.0,3065.0,3041.0,729.0,3068.0,0.0,0.0,3068.0,1013.0,1014.0,1014.0,1020.0,1021.0,1024.0,6697.0,7662.0,2297.0,0.0,0.0,3068.0,1013.0,1014.0,1014.0
1.0,14320.0,3062.0,3041.0,1743.0,2756.0,409.0,0.0,2347.0,1013.0,1014.0,1014.0,1021.0,1019.0,1022.0,5677.0,6641.0,2002.0,409.0,0.0,2347.0,1013.0,1014.0,1014.0
1.0,13001.0,3067.0,3043.0,2768.0,2513.0,1437.0,475.0,601.0,1014.0,1015.0,1014.0,1023.0,1022.0,1022.0,4656.0,5622.0,2723.0,1437.0,475.0,601.0,1014.0,1015.0,1014.0
1.0,12702.0,3047.0,3043.0,3068.0,3944.0,2457.0,1487.0,0.0,1014.0,1015.0,1014.0,1020.0,1012.0,1015.0,3633.0,4600.0,4469.0,2457.0,1487.0,0.0,1014.0,1015.0,1014.0
1.0,12723.0,3041.0,3042.0,2756.0,5556.0,3063.0,2493.0,0.0,1014.0,1014.0,1014.0,1015.0,1011.0,1015.0,2613.0,3588.0,6522.0,3063.0,2493.0,0.0,1014.0,1014.0,1014.0
1.0,12438.0,3050.0,3043.0,2513.0,5681.0,2642.0,3039.0,0.0,1014.0,1015.0,1014.0,1016.0,1016.0,1018.0,2007.0,2577.0,7854.0,2642.0,3039.0,0.0,1014.0,1015.0,1014.0
1.0,11901.0,3060.0,3044.0,3944.0,3779.0,1204.0,2575.0,0.0,1014.0,1015.0,1015.0,1019.0,1023.0,1018.0,2428.0,2036.0,7437.0,1204.0,2575.0,0.0,1014.0,1015.0,1015.0
1.0,12785.0,3066.0,3045.0,5556.0,1106.0,0.0,1106.0,0.0,1015.0,1015.0,1015.0,1020.0,1024.0,1022.0,3866.0,2500.0,6419.0,0.0,1106.0,0.0,1015.0,1015.0,1015.0
1.0,15275.0,3077.0,3046.0,5681.0,703.0,0.0,0.0,703.0,1015.0,1016.0,1015.0,1026.0,1026.0,1025.0,5909.0,3969.0,5397.0,0.0,0.0,703.0,1015.0,1016.0,1015.0
1.0,17879.0,3069.0,3047.0,3779.0,1731.0,0.0,0.0,1731.0,1015.0,1016.0,1016.0,1021.0,1025.0,1023.0,7525.0,5982.0,4372.0,0.0,0.0,1731.0,1015.0,1016.0,1016.0
1.0,18589.0,3072.0,3047.0,1106.0,2758.0,0.0,0.0,2758.0,1015.0,1016.0,1016.0,1028.0,1017.0,1027.0,7708.0,7532.0,3349.0,0.0,0.0,2758.0,1015.0,1016.0,1016.0
1.0,16623.0,3058.0,3048.0,703.0,3074.0,0.0,0.0,3074.0,1016.0,1016.0,1016.0,1020.0,1019.0,1019.0,6680.0,7621.0,2322.0,0.0,0.0,3074.0,1016.0,1016.0,1016.0
1.0,14268.0,3056.0,3048.0,1731.0,2802.0,438.0,0.0,2364.0,1016.0,1016.0,1016.0,1018.0,1017.0,1021.0,5660.0,6602.0,2006.0,438.0,0.0,2364.0,1016.0,1016.0,1016.0
1.0,12943.0,3058.0,3048.0,2758.0,2597.0,1459.0,513.0,625.0,1016.0,1016.0,1016.0,1021.0,1018.0,1019.0,4642.0,5585.0,2716.0,1459.0,513.0,625.0,1016.0,1016.0,1016.0
1.0,12643.0,3060.0,3048.0,3074.0,4013.0,2478.0,1535.0,0.0,1016.0,1016.0,1016.0,1019.0,1022.0,1019.0,3621.0,4567.0,4455.0,2478.0,1535.0,0.0,1016.0,1016.0,1016.0
1.0,12657.0,3071.0,3051.0,2802.0,5638.0,3073.0,2565.0,0.0,1017.0,1017.0,1017.0,1028.0,1025.0,1018.0,2602.0,3545.0,6510.0,3073.0,2565.0,0.0,1017.0,1017.0,1017.0
1.0,12388.0,3072.0,3051.0,2597.0,5718.0,2636.0,3082.0,0.0,1017.0,1017.0,1017.0,1022.0,1030.0,1020.0,2012.0,2520.0,7856.0,2636.0,3082.0,0.0,1017.0,1017.0,1017.0
1.0,11913.0,3056.0,3051.0,4013.0,3746.0,1179.0,2567.0,0.0,1017.0,1017.0,1017.0,1021.0,1020.0,1015.0,2449.0,2003.0,7461.0,1179.0,2567.0,0.0,1017.0,1017.0,1017.0
1.0,12870.0,3059.0,3051.0,5638.0,1022.0,0.0,1022.0,0.0,1017.0,1017.0,1017.0,1021.0,1020.0,1018.0,3906.0,2518.0,6446.0,0.0,1022.0,0.0,1017.0,1017.0,1017.0
1.0,15449.0,3057.0,3051.0,5718.0,680.0,0.0,0.0,680.0,1017.0,1017.0,1017.0,1016.0,1018.0,1023.0,5958.0,4063.0,5428.0,0.0,0.0,680.0,1017.0,1017.0,1017.0
1.0,18110.0,3066.0,3053.0,3746.0,1705.0,0.0,0.0,1705.0,1018.0,1018.0,1017.0,1022.0,1019.0,1025.0,7578.0,6127.0,4405.0,0.0,0.0,1705.0,1018.0,1018.0,1017.0
1.0,18790.0,3068.0,3053.0,1022.0,2730.0,0.0,0.0,2730.0,1018.0,1018.0,1017.0,1022.0,1021.0,1025.0,7735.0,7675.0,3380.0,0.0,0.0,2730.0,1018.0,1018.0,1017.0
1.0,16744.0,3080.0,3054.0,680.0,3085.0,0.0,0.0,3085.0,1018.0,1018.0,1018.0,1026.0,1024.0,1030.0,6713.0,7676.0,2355.0,0.0,0.0,3085.0,1018.0,1018.0,1018.0
1.0,14344.0,3077.0,3054.0,1705.0,2838.0,429.0,0.0,2409.0,1018.0,1018.0,1018.0,1026.0,1022.0,1029.0,5687.0,6652.0,2005.0,429.0,0.0,2409.0,1018.0,1018.0,1018.0
1.0,12972.0,3070.0,3055.0,2730.0,2643.0,1460.0,482.0,701.0,1019.0,1018.0,1018.0,1026.0,1022.0,1022.0,4661.0,5630.0,2681.0,1460.0,482.0,701.0,1019.0,1018.0,1018.0
1.0,12632.0,3065.0,3055.0,3085.0,3990.0,2485.0,1505.0,0.0,1019.0,1018.0,1018.0,1025.0,1023.0,1017.0,3635.0,4608.0,4389.0,2485.0,1505.0,0.0,1019.0,1018.0,1018.0
1.0,12652.0,3063.0,3056.0,2838.0,5606.0,3078.0,2528.0,0.0,1019.0,1018.0,1019.0,1022.0,1023.0,1018.0,2610.0,3585.0,6457.0,3078.0,2528.0,0.0,1019.0,1018.0,1019.0
1.0,12427.0,3076.0,3057.0,2643.0,5720.0,2642.0,3078.0,0.0,1019.0,1019.0,1019.0,1024.0,1027.0,1025.0,2017.0,2562.0,7848.0,2642.0,3078.0,0.0,1019.0,1019.0,1019.0
1.0,11994.0,3089.0,3057.0,3990.0,3792.0,1185.0,2607.0,0.0,1019.0,1019.0,1019.0,1028.0,1034.0,1027.0,2453.0,2017.0,7524.0,1185.0,2607.0,0.0,1019.0,1019.0,1019.0
1.0,12895.0,3083.0,3059.0,5606.0,1112.0,0.0,1112.0,0.0,1020.0,1020.0,1019.0,1026.0,1028.0,1029.0,3910.0,2488.0,6497.0,0.0,1112.0,0.0,1020.0,1020.0,1019.0
1.0,15418.0,3079.0,3060.0,5720.0,661.0,0.0,0.0,661.0,1020.0,1020.0,1020.0,1024.0,1026.0,1029.0,5962.0,3988.0,5468.0,0.0,0.0,661.0,1020.0,1020.0,1020.0
1.0,18059.0,3068.0,3060.0,3792.0,1684.0,0.0,0.0,1684.0,1020.0,1020.0,1020.0,1023.0,1022.0,1023.0,7580.0,6040.0,4439.0,0.0,0.0,1684.0,1020.0,1020.0,1020.0
1.0,18783.0,3058.0,3060.0,1112.0,2705.0,0.0,0.0,2705.0,1020.0,1020.0,1020.0,1019.0,1018.0,1021.0,7742.0,7625.0,3416.0,0.0,0.0,2705.0,1020.0,1020.0,1020.0
1.0,16837.0,3075.0,3060.0,661.0,3068.0,0.0,0.0,3068.0,1020.0,1020.0,1020.0,1027.0,1024.0,1024.0,6723.0,7719.0,2395.0,0.0,0.0,3068.0,1020.0,1020.0,1020.0
1.0,14423.0,3072.0,3060.0,1684.0,2839.0,430.0,0.0,2409.0,1020.0,1020.0,1020.0,1026.0,1021.0,1025.0,5696.0,6695.0,2032.0,430.0,0.0,2409.0,1020.0,1020.0,1020.0
1.0,13035.0,3093.0,3062.0,2705.0,2663.0,1461.0,461.0,741.0,1021.0,1020.0,1021.0,1026.0,1035.0,1032.0,4670.0,5674.0,2691.0,1461.0,461.0,741.0,1021.0,1020.0,1021.0
1.0,12647.0,3089.0,3063.0,3068.0,3990.0,2489.0,1501.0,0.0,1021.0,1021.0,1021.0,1028.0,1035.0,1026.0,3644.0,4639.0,4364.0,2489.0,1501.0,0.0,1021.0,1021.0,1021.0
1.0,12626.0,3076.0,3063.0,2839.0,5609.0,3081.0,2528.0,0.0,1021.0,1021.0,1021.0,1022.0,1027.0,1027.0,2616.0,3604.0,6406.0,3081.0,2528.0,0.0,1021.0,1021.0,1021.0
1.0,12389.0,3073.0,3063.0,2663.0,5736.0,2641.0,3095.0,0.0,1021.0,1021.0,1021.0,1021.0,1028.0,1024.0,2024.0,2577.0,7788.0,2641.0,3095.0,0.0,1021.0,1021.0,1021.0
1.0,11979.0,3066.0,3063.0,3990.0,3791.0,1176.0,2615.0,0.0,1021.0,1021.0,1021.0,1024.0,1021.0,1021.0,2464.0,2010.0,7505.0,1176.0,2615.0,0.0,1021.0,1021.0,1021.0
1.0,12903.0,3070.0,3064.0,5609.0,1112.0,0.0,1112.0,0.0,1021.0,1022.0,1021.0,1024.0,1020.0,1026.0,3929.0,2490.0,6484.0,0.0,1112.0,0.0,1021.0,1022.0,1021.0
1.0,15442.0,3083.0,3066.0,5736.0,680.0,0.0,0.0,680.0,1022.0,1022.0,1022.0,1029.0,1026.0,1028.0,5986.0,3998.0,5458.0,0.0,0.0,680.0,1022.0,1022.0,1022.0
1.0,18095.0,3092.0,3066.0,3791.0,1711.0,0.0,0.0,1711.0,1022.0,1022.0,1022.0,1030.0,1031.0,1031.0,7598.0,6067.0,4430.0,0.0,0.0,1711.0,1022.0,1022.0,1022.0
1.0,18794.0,3093.0,3066.0,1112.0,2745.0,0.0,0.0,2745.0,1022.0,1022.0,1022.0,1029.0,1030.0,1034.0,7744.0,7651.0,3399.0,0.0,0.0,2745.0,1022.0,1022.0,1022.0
1.0,16813.0,3095.0,3068.0,680.0,3103.0,0.0,0.0,3103.0,1022.0,1023.0,1023.0,1028.0,1034.0,1033.0,6715.0,7733.0,2365.0,0.0,0.0,3103.0,1022.0,1023.0,1023.0
1.0,14398.0,3081.0,3069.0,1711.0,2870.0,450.0,0.0,2420.0,1023.0,1023.0,1023.0,1022.0,1031.0,1028.0,5687.0,6699.0,2012.0,450.0,0.0,2420.0,1023.0,1023.0,1023.0
1.0,13028.0,3069.0,3069.0,2745.0,2641.0,1475.0,468.0,698.0,1023.0,1023.0,1023.0,1025.0,1021.0,1023.0,4665.0,5668.0,2695.0,1475.0,468.0,698.0,1023.0,1023.0,1023.0
1.0,12704.0,3077.0,3069.0,3103.0,3995.0,2501.0,1494.0,0.0,1023.0,1023.0,1023.0,1026.0,1026.0,1025.0,3640.0,4647.0,4417.0,2501.0,1494.0,0.0,1023.0,1023.0,1023.0
1.0,12730.0,3090.0,3069.0,2870.0,5606.0,3083.0,2523.0,0.0,1023.0,1023.0,1023.0,1032.0,1029.0,1029.0,2614.0,3621.0,6495.0,3083.0,2523.0,0.0,1023.0,1023.0,1023.0
1.0,12510.0,3090.0,3070.0,2641.0,5723.0,2640.0,3083.0,0.0,1023.0,1023.0,1024.0,1032.0,1028.0,1030.0,2032.0,2592.0,7886.0,2640.0,3083.0,0.0,1023.0,1023.0,1024.0
1.0,12061.0,3090.0,3072.0,3995.0,3798.0,1174.0,2624.0,0.0,1024.0,1024.0,1024.0,1030.0,1030.0,1030.0,2475.0,2032.0,7554.0,1174.0,2624.0,0.0,1024.0,1024.0,1024.0
1.0,12966.0,3088.0,3072.0,5606.0,1131.0,0.0,1131.0,0.0,1024.0,1024.0,1024.0,1028.0,1030.0,1030.0,3946.0,2496.0,6524.0,0.0,1131.0,0.0,1024.0,1024.0,1024.0
1.0,15484.0,3084.0,3072.0,5723.0,657.0,0.0,0.0,657.0,1024.0,1024.0,1024.0,1028.0,1025.0,1031.0,6001.0,3989.0,5494.0,0.0,0.0,657.0,1024.0,1024.0,1024.0
1.0,18123.0,3080.0,3072.0,3798.0,1686.0,0.0,0.0,1686.0,1024.0,1024.0,1024.0,1026.0,1025.0,1029.0,7613.0,6047.0,4463.0,0.0,0.0,1686.0,1024.0,1024.0,1024.0
1.0,18841.0,3079.0,3072.0,1131.0,2711.0,0.0,0.0,2711.0,1024.0,1024.0,1024.0,1022.0,1032.0,1025.0,7761.0,7646.0,3434.0,0.0,0.0,2711.0,1024.0,1024.0,1024.0
1.0,16893.0,3087.0,3074.0,657.0,3089.0,0.0,0.0,3089.0,1024.0,1025.0,1025.0,1028.0,1029.0,1030.0,6739.0,7745.0,2409.0,0.0,0.0,3089.0,1024.0,1025.0,1025.0
1.0,14463.0,3105.0,3075.0,1686.0,2886.0,449.0,0.0,2437.0,1025.0,1025.0,1025.0,1035.0,1036.0,1034.0,5711.0,6716.0,2036.0,449.0,0.0,2437.0,1025.0,1025.0,1025.0
1.0,13044.0,3097.0,3075.0,2711.0,2717.0,1486.0,474.0,757.0,1025.0,1025.0,1025.0,1037.0,1029.0,1031.0,4676.0,5680.0,2688.0,1486.0,474.0,757.0,1025.0,1025.0,1025.0
1.0,12658.0,3092.0,3076.0,3089.0,4019.0,2514.0,1505.0,0.0,1025.0,1025.0,1026.0,1028.0,1031.0,1033.0,3639.0,4651.0,4368.0,2514.0,1505.0,0.0,1025.0,1025.0,1026.0
1.0,12655.0,3080.0,3077.0,2886.0,5625.0,3088.0,2537.0,0.0,1025.0,1026.0,1026.0,1023.0,1027.0,1030.0,2611.0,3620.0,6424.0,3088.0,2537.0,0.0,1025.0,1026.0,1026.0
1.0,12461.0,3080.0,3077.0,2717.0,5716.0,2626.0,3090.0,0.0,1025.0,1026.0,1026.0,1024.0,1027.0,1029.0,2037.0,2593.0,7831.0,2626.0,3090.0,0.0,1025.0,1026.0,1026.0
1.0,12098.0,3090.0,3077.0,4019.0,3752.0,1137.0,2615.0,0.0,1025.0,1026.0,1026.0,1025.0,1030.0,1035.0,2499.0,2040.0,7559.0,1137.0,2615.0,0.0,1025.0,1026.0,1026.0
1.0,13027.0,3099.0,3077.0,5625.0,1112.0,0.0,1112.0,0.0,1025.0,1026.0,1026.0,1031.0,1034.0,1034.0,3988.0,2515.0,6524.0,0.0,1112.0,0.0,1025.0,1026.0,1026.0
1.0,15553.0,3108.0,3078.0,5716.0,675.0,0.0,0.0,675.0,1026.0,1026.0,1026.0,1036.0,1037.0,1035.0,6045.0,4018.0,5490.0,0.0,0.0,675.0,1026.0,1026.0,1026.0
1.0,18161.0,3106.0,3080.0,3752.0,1715.0,0.0,0.0,1715.0,1026.0,1027.0,1027.0,1036.0,1035.0,1035.0,7635.0,6071.0,4455.0,0.0,0.0,1715.0,1026.0,1027.0,1027.0
1.0,18807.0,3102.0,3080.0,1112.0,2749.0,0.0,0.0,2749.0,1026.0,1027.0,1027.0,1035.0,1033.0,1034.0,7736.0,7651.0,3420.0,0.0,0.0,2749.0,1026.0,1027.0,1027.0
1.0,16817.0,3085.0,3080.0,675.0,3105.0,0.0,0.0,3105.0,1026.0,1027.0,1027.0,1027.0,1027.0,1031.0,6701.0,7730.0,2386.0,0.0,0.0,3105.0,1026.0,1027.0,1027.0
1.0,14407.0,3073.0,3080.0,1715.0,2893.0,478.0,0.0,2415.0,1026.0,1027.0,1027.0,1022.0,1026.0,1025.0,5674.0,6703.0,2030.0,478.0,0.0,2415.0,1026.0,1027.0,1027.0
1.0,13049.0,3083.0,3081.0,2749.0,2690.0,1509.0,483.0,698.0,1026.0,1027.0,1028.0,1031.0,1025.0,1027.0,4652.0,5677.0,2720.0,1509.0,483.0,698.0,1026.0,1027.0,1028.0
1.0,12715.0,3089.0,3082.0,3105.0,4058.0,2545.0,1513.0,0.0,1027.0,1027.0,1028.0,1031.0,1030.0,1028.0,3621.0,4652.0,4442.0,2545.0,1513.0,0.0,1027.0,1027.0,1028.0
1.0,12731.0,3101.0,3082.0,2893.0,5649.0,3100.0,2549.0,0.0,1027.0,1027.0,1028.0,1033.0,1036.0,1032.0,2590.0,3622.0,6519.0,3100.0,2549.0,0.0,1027.0,1027.0,1028.0
1.0,12523.0,3117.0,3083.0,2690.0,5739.0,2629.0,3110.0,0.0,1027.0,1028.0,1028.0,1038.0,1039.0,1040.0,2035.0,2586.0,7902.0,2629.0,3110.0,0.0,1027.0,1028.0,1028.0
1.0,12096.0,3114.0,3085.0,4058.0,3761.0,1126.0,2635.0,0.0,1028.0,1028.0,1029.0,1037.0,1038.0,1039.0,2506.0,2030.0,7560.0,1126.0,2635.0,0.0,1028.0,1028.0,1029.0
1.0,13040.0,3102.0,3086.0,5649.0,1129.0,0.0,1129.0,0.0,1028.0,1029.0,1029.0,1033.0,1038.0,1031.0,4014.0,2505.0,6521.0,0.0,1129.0,0.0,1028.0,1029.0,1029.0
1.0,15587.0,3085.0,3086.0,5739.0,683.0,0.0,0.0,683.0,1028.0,1029.0,1029.0,1027.0,1030.0,1028.0,6081.0,4016.0,5490.0,0.0,0.0,683.0,1028.0,1029.0,1029.0
1.0,18241.0,3085.0,3086.0,3761.0,1714.0,0.0,0.0,1714.0,1028.0,1029.0,1029.0,1027.0,1027.0,1031.0,7683.0,6096.0,4462.0,0.0,0.0,1714.0,1028.0,1029.0,1029.0
1.0,18917.0,3092.0,3086.0,1129.0,2746.0,0.0,0.0,2746.0,1028.0,1029.0,1029.0,1032.0,1028.0,1032.0,7782.0,7704.0,3431.0,0.0,0.0,2746.0,1028.0,1029.0,1029.0
1.0,16954.0,3111.0,3086.0,683.0,3102.0,0.0,0.0,3102.0,1028.0,1029.0,1029.0,1036.0,1036.0,1039.0,6750.0,7805.0,2399.0,0.0,0.0,3102.0,1028.0,1029.0,1029.0
1.0,14526.0,3116.0,3087.0,1714.0,2896.0,467.0,0.0,2429.0,1028.0,1029.0,1030.0,1041.0,1039.0,1036.0,5714.0,6769.0,2043.0,467.0,0.0,2429.0,1028.0,1029.0,1030.0
1.0,13124.0,3109.0,3089.0,2746.0,2684.0,1512.0,454.0,718.0,1029.0,1030.0,1030.0,1040.0,1034.0,1035.0,4673.0,5730.0,2721.0,1512.0,454.0,718.0,1029.0,1030.0,1030.0
1.0,12761.0,3097.0,3089.0,3102.0,4033.0,2546.0,1487.0,0.0,1029.0,1030.0,1030.0,1034.0,1033.0,1030.0,3633.0,4696.0,4432.0,2546.0,1487.0,0.0,1029.0,1030.0,1030.0
1.0,12766.0,3089.0,3089.0,2896.0,5625.0,3106.0,2519.0,0.0,1029.0,1030.0,1030.0,1027.0,1032.0,1030.0,2599.0,3663.0,6504.0,3106.0,2519.0,0.0,1029.0,1030.0,1030.0
1.0,12573.0,3100.0,3089.0,2684.0,5725.0,2627.0,3098.0,0.0,1029.0,1030.0,1030.0,1033.0,1033.0,1034.0,2039.0,2631.0,7903.0,2627.0,3098.0,0.0,1029.0,1030.0,1030.0
1.0,12157.0,3105.0,3089.0,4033.0,3761.0,1116.0,2645.0,0.0,1029.0,1030.0,1030.0,1035.0,1034.0,1036.0,2518.0,2052.0,7587.0,1116.0,2645.0,0.0,1029.0,1030.0,1030.0
1.0,13085.0,3114.0,3091.0,5625.0,1165.0,0.0,1165.0,0.0,1030.0,1030.0,1031.0,1038.0,1039.0,1037.0,4029.0,2505.0,6551.0,0.0,1165.0,0.0,1030.0,1030.0,1031.0
1.0,15596.0,3123.0,3092.0,5725.0,687.0,0.0,0.0,687.0,1030.0,1031.0,1031.0,1040.0,1037.0,1046.0,6097.0,3985.0,5514.0,0.0,0.0,687.0,1030.0,1031.0,1031.0
1.0,18198.0,3109.0,3092.0,3761.0,1723.0,0.0,0.0,1723.0,1030.0,1031.0,1031.0,1037.0,1036.0,1036.0,7684.0,6046.0,4468.0,0.0,0.0,1723.0,1030.0,1031.0,1031.0
1.0,18850.0,3096.0,3092.0,1165.0,2752.0,0.0,0.0,2752.0,1030.0,1031.0,1031.0,1035.0,1032.0,1029.0,7763.0,7655.0,3432.0,0.0,0.0,2752.0,1030.0,1031.0,1031.0
1.0,16919.0,3104.0,3092.0,687.0,3097.0,0.0,0.0,3097.0,1030.0,1031.0,1031.0,1036.0,1036.0,1032.0,6728.0,7788.0,2403.0,0.0,0.0,3097.0,1030.0,1031.0,1031.0
1.0,14502.0,3101.0,3093.0,1723.0,2903.0,496.0,0.0,2407.0,1031.0,1031.0,1031.0,1033.0,1035.0,1033.0,5692.0,6752.0,2058.0,496.0,0.0,2407.0,1031.0,1031.0,1031.0
1.0,13124.0,3117.0,3094.0,2752.0,2711.0,1534.0,479.0,698.0,1031.0,1031.0,1032.0,1038.0,1041.0,1038.0,4659.0,5717.0,2748.0,1534.0,479.0,698.0,1031.0,1031.0,1032.0
1.0,12759.0,3121.0,3095.0,3097.0,4097.0,2570.0,1527.0,0.0,1031.0,1032.0,1032.0,1036.0,1043.0,1042.0,3621.0,4676.0,4462.0,2570.0,1527.0,0.0,1031.0,1032.0,1032.0
1.0,12735.0,3120.0,3096.0,2903.0,5685.0,3118.0,2567.0,0.0,1032.0,1032.0,1032.0,1039.0,1040.0,1041.0,2585.0,3633.0,6517.0,3118.0,2567.0,0.0,1032.0,1032.0,1032.0
1.0,12518.0,3118.0,3097.0,2711.0,5750.0,2624.0,3126.0,0.0,1032.0,1032.0,1033.0,1040.0,1038.0,1040.0,2042.0,2593.0,7883.0,2624.0,3126.0,0.0,1032.0,1032.0,1033.0
1.0,12111.0,3107.0,3097.0,4097.0,3724.0,1090.0,2634.0,0.0,1032.0,1032.0,1033.0,1036.0,1035.0,1036.0,2536.0,2034.0,7541.0,1090.0,2634.0,0.0,1032.0,1032.0,1033.0
1.0,13101.0,3098.0,3097.0,5685.0,1100.0,0.0,1100.0,0.0,1032.0,1032.0,1033.0,1031.0,1033.0,1034.0,4070.0,2526.0,6505.0,0.0,1100.0,0.0,1032.0,1032.0,1033.0
1.0,15688.0,3104.0,3097.0,5750.0,730.0,0.0,0.0,730.0,1032.0,1032.0,1033.0,1034.0,1034.0,1036.0,6157.0,4060.0,5471.0,0.0,0.0,730.0,1032.0,1032.0,1033.0
1.0,18334.0,3116.0,3098.0,3724.0,1770.0,0.0,0.0,1770.0,1032.0,1033.0,1033.0,1038.0,1038.0,1040.0,7747.0,6152.0,4435.0,0.0,0.0,1770.0,1032.0,1033.0,1033.0
1.0,18942.0,3122.0,3099.0,1100.0,2809.0,0.0,0.0,2809.0,1033.0,1033.0,1033.0,1039.0,1044.0,1039.0,7799.0,7748.0,3395.0,0.0,0.0,2809.0,1033.0,1033.0,1033.0
1.0,16920.0,3123.0,3100.0,730.0,3123.0,0.0,0.0,3123.0,1033.0,1033.0,1034.0,1041.0,1043.0,1039.0,6760.0,7804.0,2356.0,0.0,0.0,3123.0,1033.0,1033.0,1034.0
1.0,14527.0,3127.0,3101.0,1770.0,2884.0,492.0,0.0,2392.0,1033.0,1034.0,1034.0,1046.0,1042.0,1039.0,5719.0,6761.0,2047.0,492.0,0.0,2392.0,1033.0,1034.0,1034.0
1.0,13170.0,3109.0,3101.0,2809.0,2635.0,1531.0,486.0,618.0,1033.0,1034.0,1034.0,1039.0,1035.0,1035.0,4673.0,5719.0,2778.0,1531.0,486.0,618.0,1033.0,1034.0,1034.0
1.0,12870.0,3110.0,3102.0,3123.0,4098.0,2576.0,1522.0,0.0,1034.0,1034.0,1034.0,1040.0,1036.0,1034.0,3634.0,4684.0,4552.0,2576.0,1522.0,0.0,1034.0,1034.0,1034.0
1.0,12883.0,3108.0,3102.0,2884.0,5675.0,3120.0,2555.0,0.0,1034.0,1034.0,1034.0,1036.0,1033.0,1039.0,2594.0,3648.0,6641.0,3120.0,2555.0,0.0,1034.0,1034.0,1034.0
1.0,12659.0,3124.0,3102.0,2635.0,5737.0,2627.0,3110.0,0.0,1034.0,1034.0,1034.0,1038.0,1041.0,1045.0,2050.0,2615.0,7994.0,2627.0,3110.0,0.0,1034.0,1034.0,1034.0
1.0,12170.0,3127.0,3104.0,4098.0,3729.0,1094.0,2635.0,0.0,1034.0,1035.0,1035.0,1043.0,1042.0,1042.0,2543.0,2060.0,7567.0,1094.0,2635.0,0.0,1034.0,1035.0,1035.0
1.0,13141.0,3139.0,3105.0,5675.0,1125.0,0.0,1125.0,0.0,1035.0,1035.0,1035.0,1047.0,1045.0,1047.0,4076.0,2540.0,6525.0,0.0,1125.0,0.0,1035.0,1035.0,1035.0
1.0,15677.0,3127.0,3105.0,5737.0,739.0,0.0,0.0,739.0,1035.0,1035.0,1035.0,1040.0,1045.0,1042.0,6149.0,4050.0,5478.0,0.0,0.0,739.0,1035.0,1035.0,1035.0
1.0,18287.0,3114.0,3105.0,3729.0,1780.0,0.0,0.0,1780.0,1035.0,1035.0,1035.0,1035.0,1038.0,1041.0,7736.0,6115.0,4436.0,0.0,0.0,1780.0,1035.0,1035.0,1035.0
1.0,18902.0,3109.0,3106.0,1125.0,2820.0,0.0,0.0,2820.0,1035.0,1035.0,1036.0,1039.0,1035.0,1035.0,7795.0,7712.0,3395.0,0.0,0.0,2820.0,1035.0,1035.0,1036.0
1.0,16918.0,3110.0,3106.0,739.0,3114.0,0.0,0.0,3114.0,1035.0,1035.0,1036.0,1041.0,1036.0,1033.0,6756.0,7802.0,2360.0,0.0,0.0,3114.0,1035.0,1035.0,1036.0
1.0,14547.0,3120.0,3108.0,1780.0,2879.0,507.0,0.0,2372.0,1036.0,1036.0,1036.0,1042.0,1040.0,1038.0,5715.0,6766.0,2066.0,507.0,0.0,2372.0,1036.0,1036.0,1036.0
1.0,13207.0,3125.0,3108.0,2820.0,2638.0,1547.0,496.0,595.0,1036.0,1036.0,1036.0,1040.0,1042.0,1043.0,4673.0,5726.0,2808.0,1547.0,496.0,595.0,1036.0,1036.0,1036.0
1.0,12902.0,3133.0,3108.0,3114.0,4131.0,2591.0,1540.0,0.0,1036.0,1036.0,1036.0,1044.0,1044.0,1045.0,3633.0,4684.0,4585.0,2591.0,1540.0,0.0,1036.0,1036.0,1036.0
1.0,12883.0,3127.0,3108.0,2879.0,5706.0,3125.0,2581.0,0.0,1036.0,1036.0,1036.0,1041.0,1041.0,1045.0,2589.0,3640.0,6654.0,3125.0,2581.0,0.0,1036.0,1036.0,1036.0
1.0,12635.0,3125.0,3109.0,2638.0,5752.0,2628.0,3124.0,0.0,1037.0,1036.0,1036.0,1045.0,1039.0,1041.0,2055.0,2599.0,7981.0,2628.0,3124.0,0.0,1037.0,1036.0,1036.0
1.0,12148.0,3118.0,3110.0,4131.0,3698.0,1075.0,2623.0,0.0,1037.0,1036.0,1037.0,1038.0,1039.0,1041.0,2557.0,2056.0,7535.0,1075.0,2623.0,0.0,1037.0,1036.0,1037.0
1.0,13161.0,3131.0,3111.0,5706.0,1091.0,0.0,1091.0,0.0,1037.0,1037.0,1037.0,1044.0,1044.0,1043.0,4110.0,2557.0,6494.0,0.0,1091.0,0.0,1037.0,1037.0,1037.0
1.0,15736.0,3128.0,3111.0,5752.0,773.0,0.0,0.0,773.0,1037.0,1037.0,1037.0,1045.0,1044.0,1039.0,6191.0,4094.0,5451.0,0.0,0.0,773.0,1037.0,1037.0,1037.0
1.0,18360.0,3137.0,3112.0,3698.0,1818.0,0.0,0.0,1818.0,1038.0,1037.0,1037.0,1045.0,1047.0,1045.0,7774.0,6174.0,4412.0,0.0,0.0,1818.0,1038.0,1037.0,1037.0
1.0,18921.0,3130.0,3114.0,1091.0,2866.0,0.0,0.0,2866.0,1038.0,1038.0,1038.0,1043.0,1044.0,1043.0,7804.0,7750.0,3367.0,0.0,0.0,2866.0,1038.0,1038.0,1038.0
1.0,16882.0,3129.0,3114.0,773.0,3133.0,0.0,0.0,3133.0,1038.0,1038.0,1038.0,1046.0,1043.0,1040.0,6761.0,7797.0,2324.0,0.0,0.0,3133.0,1038.0,1038.0,1038.0
1.0,14526.0,3115.0,3114.0,1818.0,2868.0,512.0,0.0,2356.0,1038.0,1038.0,1038.0,1037.0,1037.0,1041.0,5715.0,6754.0,2057.0,512.0,0.0,2356.0,1038.0,1038.0,1038.0
1.0,13229.0,3121.0,3114.0,2866.0,2596.0,1551.0,513.0,532.0,1038.0,1038.0,1038.0,1039.0,1040.0,1042.0,4678.0,5717.0,2834.0,1551.0,513.0,532.0,1038.0,1038.0,1038.0
1.0,12974.0,3121.0,3114.0,3133.0,4143.0,2591.0,1552.0,0.0,1038.0,1038.0,1038.0,1040.0,1039.0,1042.0,3639.0,4677.0,4658.0,2591.0,1552.0,0.0,1038.0,1038.0,1038.0
1.0,12986.0,3139.0,3115.0,2868.0,5730.0,3132.0,2598.0,0.0,1039.0,1038.0,1038.0,1048.0,1046.0,1045.0,2599.0,3638.0,6749.0,3132.0,2598.0,0.0,1039.0,1038.0,1038.0
1.0,12715.0,3147.0,3117.0,2596.0,5772.0,2631.0,3141.0,0.0,1039.0,1039.0,1039.0,1050.0,1051.0,1046.0,2063.0,2592.0,8060.0,2631.0,3141.0,0.0,1039.0,1039.0,1039.0
1.0,12164.0,3140.0,3117.0,4143.0,3720.0,1082.0,2638.0,0.0,1039.0,1039.0,1039.0,1042.0,1049.0,1049.0,2564.0,2054.0,7546.0,1082.0,2638.0,0.0,1039.0,1039.0,1039.0
1.0,13167.0,3140.0,3118.0,5730.0,1086.0,0.0,1086.0,0.0,1040.0,1039.0,1039.0,1047.0,1046.0,1047.0,4113.0,2557.0,6497.0,0.0,1086.0,0.0,1040.0,1039.0,1039.0
1.0,15757.0,3127.0,3119.0,5772.0,788.0,0.0,0.0,788.0,1040.0,1040.0,1039.0,1041.0,1043.0,1043.0,6198.0,4109.0,5450.0,0.0,0.0,788.0,1040.0,1040.0,1039.0
1.0,18402.0,3117.0,3120.0,3720.0,1834.0,0.0,0.0,1834.0,1040.0,1040.0,1040.0,1035.0,1041.0,1041.0,7788.0,6207.0,4407.0,0.0,0.0,1834.0,1040.0,1040.0,1040.0
1.0,19005.0,3117.0,3120.0,1086.0,2872.0,0.0,0.0,2872.0,1040.0,1040.0,1040.0,1038.0,1041.0,1038.0,7835.0,7804.0,3366.0,0.0,0.0,2872.0,1040.0,1040.0,1040.0
1.0,16974.0,3135.0,3120.0,788.0,3125.0,0.0,0.0,3125.0,1040.0,1040.0,1040.0,1050.0,1044.0,1041.0,6797.0,7849.0,2328.0,0.0,0.0,3125.0,1040.0,1040.0,1040.0
1.0,14627.0,3144.0,3120.0,1834.0,2843.0,505.0,0.0,2338.0,1040.0,1040.0,1040.0,1052.0,1045.0,1047.0,5747.0,6805.0,2075.0,505.0,0.0,2338.0,1040.0,1040.0,1040.0
1.0,13317.0,3156.0,3122.0,2872.0,2577.0,1564.0,497.0,516.0,1041.0,1041.0,1040.0,1054.0,1052.0,1050.0,4695.0,5760.0,2862.0,1564.0,497.0,516.0,1041.0,1041.0,1040.0
1.0,13033.0,3143.0,3123.0,3125.0,4154.0,2612.0,1542.0,0.0,1041.0,1041.0,1041.0,1048.0,1045.0,1050.0,3641.0,4708.0,4684.0,2612.0,1542.0,0.0,1041.0,1041.0,1041.0
1.0,13015.0,3140.0,3123.0,2843.0,5741.0,3152.0,2589.0,0.0,1041.0,1041.0,1041.0,1045.0,1047.0,1048.0,2593.0,3663.0,6759.0,3152.0,2589.0,0.0,1041.0,1041.0,1041.0
1.0,12718.0,3122.0,3123.0,2577.0,5757.0,2626.0,3131.0,0.0,1041.0,1041.0,1041.0,1038.0,1039.0,1045.0,2053.0,2616.0,8049.0,2626.0,3131.0,0.0,1041.0,1041.0,1041.0
1.0,12173.0,3127.0,3123.0,4154.0,3685.0,1056.0,2629.0,0.0,1041.0,1041.0,1041.0,1042.0,1040.0,1045.0,2579.0,2074.0,7520.0,1056.0,2629.0,0.0,1041.0,1041.0,1041.0
1.0,13200.0,3132.0,3123.0,5741.0,1086.0,0.0,1086.0,0.0,1041.0,1041.0,1041.0,1042.0,1046.0,1044.0,4149.0,2576.0,6475.0,0.0,1086.0,0.0,1041.0,1041.0,1041.0
1.0,15809.0,3148.0,3126.0,5757.0,829.0,0.0,0.0,829.0,1042.0,1042.0,1042.0,1049.0,1049.0,1050.0,6259.0,4119.0,5431.0,0.0,0.0,829.0,1042.0,1042.0,1042.0
1.0,18418.0,3149.0,3126.0,3685.0,1877.0,0.0,0.0,1877.0,1042.0,1042.0,1042.0,1053.0,1048.0,1048.0,7836.0,6201.0,4381.0,0.0,0.0,1877.0,1042.0,1042.0,1042.0
1.0,18954.0,3149.0,3126.0,1086.0,2924.0,0.0,0.0,2924.0,1042.0,1042.0,1042.0,1052.0,1050.0,1047.0,7839.0,7782.0,3333.0,0.0,0.0,2924.0,1042.0,1042.0,1042.0
1.0,16891.0,3139.0,3126.0,829.0,3138.0,0.0,0.0,3138.0,1042.0,1042.0,1042.0,1047.0,1049.0,1043.0,6787.0,7818.0,2286.0,0.0,0.0,3138.0,1042.0,1042.0,1042.0
1.0,14581.0,3130.0,3126.0,1877.0,2815.0,512.0,0.0,2303.0,1042.0,1042.0,1042.0,1042.0,1046.0,1042.0,5740.0,6769.0,2072.0,512.0,0.0,2303.0,1042.0,1042.0,1042.0
1.0,13328.0,3136.0,3126.0,2924.0,2514.0,1553.0,537.0,424.0,1042.0,1042.0,1042.0,1041.0,1050.0,1045.0,4698.0,5723.0,2907.0,1553.0,537.0,424.0,1042.0,1042.0,1042.0
1.0,13116.0,3139.0,3128.0,3138.0,4193.0,2604.0,1589.0,0.0,1043.0,1043.0,1042.0,1046.0,1047.0,1046.0,3657.0,4673.0,4786.0,2604.0,1589.0,0.0,1043.0,1043.0,1042.0
1.0,13115.0,3150.0,3129.0,2815.0,5778.0,3142.0,2636.0,0.0,1043.0,1043.0,1043.0,1050.0,1047.0,1053.0,2611.0,3626.0,6878.0,3142.0,2636.0,0.0,1043.0,1043.0,1043.0
1.0,12780.0,3159.0,3129.0,2514.0,5796.0,2645.0,3151.0,0.0,1043.0,1043.0,1043.0,1056.0,1052.0,1051.0,2073.0,2579.0,8128.0,2645.0,3151.0,0.0,1043.0,1043.0,1043.0
1.0,12135.0,3143.0,3130.0,4193.0,3702.0,1095.0,2607.0,0.0,1044.0,1043.0,1043.0,1049.0,1045.0,1049.0,2570.0,2064.0,7501.0,1095.0,2607.0,0.0,1044.0,1043.0,1043.0
1.0,13185.0,3142.0,3130.0,5778.0,1020.0,0.0,1020.0,0.0,1044.0,1043.0,1043.0,1046.0,1049.0,1047.0,4125.0,2608.0,6452.0,0.0,1020.0,0.0,1044.0,1043.0,1043.0
1.0,15821.0,3132.0,3132.0,5796.0,858.0,0.0,0.0,858.0,1044.0,1044.0,1044.0,1045.0,1044.0,1043.0,6221.0,4195.0,5405.0,0.0,0.0,858.0,1044.0,1044.0,1044.0
1.0,18485.0,3134.0,3132.0,3702.0,1900.0,0.0,0.0,1900.0,1044.0,1044.0,1044.0,1044.0,1048.0,1042.0,7821.0,6302.0,4362.0,0.0,0.0,1900.0,1044.0,1044.0,1044.0
1.0,19053.0,3149.0,3132.0,1020.0,2949.0,0.0,0.0,2949.0,1044.0,1044.0,1044.0,1047.0,1053.0,1049.0,7872.0,7861.0,3320.0,0.0,0.0,2949.0,1044.0,1044.0,1044.0
1.0,16924.0,3157.0,3132.0,858.0,3142.0,0.0,0.0,3142.0,1044.0,1044.0,1044.0,1052.0,1054.0,1051.0,6825.0,7828.0,2271.0,0.0,0.0,3142.0,1044.0,1044.0,1044.0
1.0,14625.0,3158.0,3134.0,1900.0,2798.0,505.0,0.0,2293.0,1045.0,1045.0,1044.0,1053.0,1054.0,1051.0,5773.0,6774.0,2078.0,505.0,0.0,2293.0,1045.0,1045.0,1044.0
1.0,13367.0,3162.0,3135.0,2949.0,2521.0,1558.0,561.0,402.0,1045.0,1045.0,1045.0,1053.0,1056.0,1053.0,4720.0,5720.0,2927.0,1558.0,561.0,402.0,1045.0,1045.0,1045.0
1.0,13154.0,3143.0,3135.0,3142.0,4214.0,2608.0,1606.0,0.0,1045.0,1045.0,1045.0,1050.0,1045.0,1048.0,3667.0,4664.0,4823.0,2608.0,1606.0,0.0,1045.0,1045.0,1045.0
1.0,13153.0,3140.0,3135.0,2798.0,5797.0,3146.0,2651.0,0.0,1045.0,1045.0,1045.0,1043.0,1045.0,1052.0,2617.0,3619.0,6917.0,3146.0,2651.0,0.0,1045.0,1045.0,1045.0
1.0,12811.0,3135.0,3135.0,2521.0,5768.0,2634.0,3134.0,0.0,1045.0,1045.0,1045.0,1046.0,1044.0,1045.0,2079.0,2574.0,8158.0,2634.0,3134.0,0.0,1045.0,1045.0,1045.0
1.0,12197.0,3154.0,3135.0,4214.0,3654.0,1077.0,2577.0,0.0,1045.0,1045.0,1045.0,1051.0,1049.0,1054.0,2591.0,2091.0,7515.0,1077.0,2577.0,0.0,1045.0,1045.0,1045.0
1.0,13257.0,3156.0,3137.0,5797.0,985.0,0.0,985.0,0.0,1046.0,1046.0,1045.0,1049.0,1054.0,1053.0,4148.0,2648.0,6461.0,0.0,985.0,0.0,1046.0,1046.0,1045.0
1.0,15898.0,3160.0,3138.0,5768.0,874.0,0.0,0.0,874.0,1046.0,1046.0,1046.0,1053.0,1055.0,1052.0,6245.0,4245.0,5408.0,0.0,0.0,874.0,1046.0,1046.0,1046.0
1.0,18506.0,3156.0,3138.0,3654.0,1923.0,0.0,0.0,1923.0,1046.0,1046.0,1046.0,1053.0,1054.0,1049.0,7826.0,6324.0,4356.0,0.0,0.0,1923.0,1046.0,1046.0,1046.0
1.0,19004.0,3149.0,3138.0,985.0,2970.0,0.0,0.0,2970.0,1046.0,1046.0,1046.0,1050.0,1052.0,1047.0,7850.0,7847.0,3307.0,0.0,0.0,2970.0,1046.0,1046.0,1046.0
1.0,16840.0,3136.0,3138.0,874.0,3144.0,0.0,0.0,3144.0,1046.0,1046.0,1046.0,1045.0,1043.0,1048.0,6800.0,7780.0,2260.0,0.0,0.0,3144.0,1046.0,1046.0,1046.0
1.0,14578.0,3154.0,3139.0,1923.0,2801.0,524.0,0.0,2277.0,1046.0,1047.0,1046.0,1049.0,1049.0,1056.0,5755.0,6737.0,2086.0,524.0,0.0,2277.0,1046.0,1047.0,1046.0
1.0,13347.0,3150.0,3140.0,2970.0,2533.0,1572.0,596.0,365.0,1046.0,1047.0,1047.0,1048.0,1049.0,1053.0,4706.0,5688.0,2953.0,1572.0,596.0,365.0,1046.0,1047.0,1047.0
1.0,13167.0,3157.0,3141.0,3144.0,4277.0,2630.0,1647.0,0.0,1047.0,1047.0,1047.0,1053.0,1051.0,1053.0,3658.0,4639.0,4870.0,2630.0,1647.0,0.0,1047.0,1047.0,1047.0
1.0,13154.0,3166.0,3141.0,2801.0,5862.0,3160.0,2702.0,0.0,1047.0,1047.0,1047.0,1054.0,1055.0,1057.0,2605.0,3588.0,6961.0,3160.0,2702.0,0.0,1047.0,1047.0,1047.0
1.0,12789.0,3161.0,3141.0,2533.0,5799.0,2640.0,3159.0,0.0,1047.0,1047.0,1047.0,1052.0,1053.0,1056.0,2075.0,2533.0,8181.0,2640.0,3159.0,0.0,1047.0,1047.0,1047.0
1.0,12161.0,3153.0,3142.0,4277.0,3625.0,1063.0,2562.0,0.0,1047.0,1047.0,1048.0,1053.0,1050.0,1050.0,2595.0,2076.0,7490.0,1063.0,2562.0,0.0,1047.0,1047.0,1048.0
1.0,13285.0,3152.0,3143.0,5862.0,916.0,0.0,916.0,0.0,1047.0,1048.0,1048.0,1052.0,1051.0,1049.0,4172.0,2673.0,6440.0,0.0,916.0,0.0,1047.0,1048.0,1048.0
1.0,15995.0,3154.0,3143.0,5799.0,899.0,0.0,0.0,899.0,1047.0,1048.0,1048.0,1049.0,1055.0,1050.0,6280.0,4324.0,5391.0,0.0,0.0,899.0,1047.0,1048.0,1048.0
1.0,18640.0,3159.0,3144.0,3625.0,1946.0,0.0,0.0,1946.0,1048.0,1048.0,1048.0,1054.0,1058.0,1047.0,7871.0,6428.0,4341.0,0.0,0.0,1946.0,1048.0,1048.0,1048.0
1.0,19106.0,3162.0,3145.0,916.0,3000.0,0.0,0.0,3000.0,1048.0,1049.0,1048.0,1052.0,1056.0,1054.0,7880.0,7932.0,3294.0,0.0,0.0,3000.0,1048.0,1049.0,1048.0
1.0,16860.0,3172.0,3145.0,899.0,3158.0,0.0,0.0,3158.0,1048.0,1049.0,1048.0,1058.0,1057.0,1057.0,6828.0,7792.0,2240.0,0.0,0.0,3158.0,1048.0,1049.0,1048.0
1.0,14587.0,3170.0,3146.0,1946.0,2803.0,526.0,0.0,2277.0,1048.0,1049.0,1049.0,1056.0,1054.0,1060.0,5770.0,6735.0,2082.0,526.0,0.0,2277.0,1048.0,1049.0,1049.0
1.0,13363.0,3157.0,3146.0,3000.0,2524.0,1575.0,617.0,332.0,1048.0,1049.0,1049.0,1049.0,1053.0,1055.0,4714.0,5681.0,2968.0,1575.0,617.0,332.0,1048.0,1049.0,1049.0
1.0,13206.0,3161.0,3147.0,3158.0,4304.0,2632.0,1672.0,0.0,1049.0,1049.0,1049.0,1052.0,1055.0,1054.0,3665.0,4628.0,4913.0,2632.0,1672.0,0.0,1049.0,1049.0,1049.0
1.0,13203.0,3160.0,3147.0,2803.0,5886.0,3160.0,2726.0,0.0,1049.0,1049.0,1049.0,1054.0,1054.0,1052.0,2613.0,3573.0,7017.0,3160.0,2726.0,0.0,1049.0,1049.0,1049.0
1.0,12846.0,3171.0,3148.0,2524.0,5811.0,2638.0,3173.0,0.0,1049.0,1050.0,1049.0,1053.0,1059.0,1059.0,2085.0,2519.0,8242.0,2638.0,3173.0,0.0,1049.0,1050.0,1049.0
1.0,12199.0,3174.0,3149.0,4304.0,3622.0,1062.0,2560.0,0.0,1049.0,1050.0,1050.0,1056.0,1059.0,1059.0,2607.0,2077.0,7515.0,1062.0,2560.0,0.0,1049.0,1050.0,1050.0
1.0,13329.0,3168.0,3150.0,5886.0,890.0,0.0,890.0,0.0,1050.0,1050.0,1050.0,1057.0,1056.0,1055.0,4183.0,2690.0,6456.0,0.0,890.0,0.0,1050.0,1050.0,1050.0
1.0,16047.0,3166.0,3151.0,5811.0,902.0,0.0,0.0,902.0,1050.0,1051.0,1050.0,1055.0,1058.0,1053.0,6286.0,4360.0,5401.0,0.0,0.0,902.0,1050.0,1051.0,1050.0
1.0,18692.0,3156.0,3151.0,3622.0,1954.0,0.0,0.0,1954.0,1050.0,1051.0,1050.0,1054.0,1050.0,1052.0,7869.0,6475.0,4348.0,0.0,0.0,1954.0,1050.0,1051.0,1050.0
1.0,19158.0,3155.0,3151.0,890.0,3009.0,0.0,0.0,3009.0,1050.0,1051.0,1050.0,1054.0,1046.0,1055.0,7877.0,7985.0,3296.0,0.0,0.0,3009.0,1050.0,1051.0,1050.0
1.0,16893.0,3150.0,3151.0,902.0,3155.0,0.0,0.0,3155.0,1050.0,1051.0,1050.0,1053.0,1049.0,1048.0,6823.0,7829.0,2241.0,0.0,0.0,3155.0,1050.0,1051.0,1050.0
1.0,14645.0,3172.0,3152.0,1954.0,2801.0,536.0,0.0,2265.0,1050.0,1051.0,1051.0,1056.0,1057.0,1059.0,5770.0,6780.0,2095.0,536.0,0.0,2265.0,1050.0,1051.0,1051.0
1.0,13427.0,3176.0,3153.0,3009.0,2505.0,1598.0,591.0,316.0,1051.0,1051.0,1051.0,1057.0,1059.0,1060.0,4714.0,5723.0,2990.0,1598.0,591.0,316.0,1051.0,1051.0,1051.0
1.0,13260.0,3191.0,3154.0,3155.0,4322.0,2659.0,1663.0,0.0,1051.0,1052.0,1051.0,1061.0,1067.0,1063.0,3657.0,4664.0,4939.0,2659.0,1663.0,0.0,1051.0,1052.0,1051.0
1.0,13224.0,3176.0,3155.0,2801.0,5903.0,3178.0,2725.0,0.0,1051.0,1052.0,1052.0,1055.0,1062.0,1059.0,2596.0,3597.0,7031.0,3178.0,2725.0,0.0,1051.0,1052.0,1052.0
1.0,12849.0,3165.0,3155.0,2505.0,5824.0,2632.0,3192.0,0.0,1051.0,1052.0,1052.0,1052.0,1058.0,1055.0,2077.0,2535.0,8237.0,2632.0,3192.0,0.0,1051.0,1052.0,1052.0
1.0,12189.0,3154.0,3155.0,4322.0,3605.0,1028.0,2577.0,0.0,1051.0,1052.0,1052.0,1055.0,1048.0,1051.0,2623.0,2068.0,7498.0,1028.0,2577.0,0.0,1051.0,1052.0,1052.0
1.0,13357.0,3168.0,3155.0,5903.0,908.0,0.0,908.0,0.0,1051.0,1052.0,1052.0,1057.0,1056.0,1055.0,4227.0,2683.0,6447.0,0.0,908.0,0.0,1051.0,1052.0,1052.0
1.0,16092.0,3170.0,3156.0,5824.0,923.0,0.0,0.0,923.0,1052.0,1052.0,1052.0,1060.0,1055.0,1055.0,6348.0,4352.0,5392.0,0.0,0.0,923.0,1052.0,1052.0,1052.0
1.0,18746.0,3180.0,3157.0,3605.0,1984.0,0.0,0.0,1984.0,1052.0,1053.0,1052.0,1062.0,1057.0,1061.0,7920.0,6489.0,4337.0,0.0,0.0,1984.0,1052.0,1053.0,1052.0
1.0,19171.0,3190.0,3158.0,908.0,3054.0,0.0,0.0,3054.0,1052.0,1053.0,1053.0,1062.0,1063.0,1065.0,7886.0,8009.0,3276.0,0.0,0.0,3054.0,1052.0,1053.0,1053.0
1.0,16889.0,3187.0,3159.0,923.0,3193.0,0.0,0.0,3193.0,1053.0,1053.0,1053.0,1060.0,1065.0,1062.0,6824.0,7854.0,2211.0,0.0,0.0,3193.0,1053.0,1053.0,1053.0
1.0,14625.0,3175.0,3159.0,1984.0,2824.0,556.0,0.0,2268.0,1053.0,1053.0,1053.0,1055.0,1061.0,1059.0,5764.0,6789.0,2072.0,556.0,0.0,2268.0,1053.0,1053.0,1053.0
1.0,13434.0,3171.0,3160.0,3054.0,2483.0,1612.0,600.0,271.0,1053.0,1054.0,1053.0,1056.0,1058.0,1057.0,4709.0,5728.0,2997.0,1612.0,600.0,271.0,1053.0,1054.0,1053.0
1.0,13317.0,3166.0,3161.0,3193.0,4323.0,2669.0,1654.0,0.0,1053.0,1054.0,1054.0,1057.0,1054.0,1055.0,3653.0,4670.0,4994.0,2669.0,1654.0,0.0,1053.0,1054.0,1054.0
1.0,13344.0,3176.0,3161.0,2824.0,5883.0,3176.0,2707.0,0.0,1053.0,1054.0,1054.0,1063.0,1053.0,1060.0,2596.0,3616.0,7132.0,3176.0,2707.0,0.0,1053.0,1054.0,1054.0
1.0,12992.0,3191.0,3162.0,2483.0,5803.0,2633.0,3170.0,0.0,1054.0,1054.0,1054.0,1064.0,1063.0,1064.0,2089.0,2563.0,8340.0,2633.0,3170.0,0.0,1054.0,1054.0,1054.0
1.0,12284.0,3184.0,3163.0,4323.0,3605.0,1028.0,2577.0,0.0,1054.0,1054.0,1055.0,1064.0,1061.0,1059.0,2637.0,2100.0,7547.0,1028.0,2577.0,0.0,1054.0,1054.0,1055.0
1.0,13423.0,3174.0,3164.0,5883.0,932.0,0.0,932.0,0.0,1054.0,1055.0,1055.0,1056.0,1057.0,1061.0,4242.0,2693.0,6488.0,0.0,932.0,0.0,1054.0,1055.0,1055.0
1.0,16132.0,3168.0,3164.0,5803.0,907.0,0.0,0.0,907.0,1054.0,1055.0,1055.0,1053.0,1056.0,1059.0,6362.0,4343.0,5427.0,0.0,0.0,907.0,1054.0,1055.0,1055.0
1.0,18767.0,3166.0,3164.0,3605.0,1959.0,0.0,0.0,1959.0,1054.0,1055.0,1055.0,1055.0,1059.0,1052.0,7942.0,6457.0,4368.0,0.0,0.0,1959.0,1054.0,1055.0,1055.0
1.0,19206.0,3171.0,3164.0,932.0,3017.0,0.0,0.0,3017.0,1054.0,1055.0,1055.0,1055.0,1058.0,1058.0,7915.0,7975.0,3316.0,0.0,0.0,3017.0,1054.0,1055.0,1055.0
1.0,16967.0,3184.0,3164.0,907.0,3174.0,0.0,0.0,3174.0,1054.0,1055.0,1055.0,1058.0,1062.0,1064.0,6860.0,7849.0,2258.0,0.0,0.0,3174.0,1054.0,1055.0,1055.0
1.0,14690.0,3190.0,3166.0,1959.0,2821.0,535.0,0.0,2286.0,1055.0,1055.0,1056.0,1062.0,1062.0,1066.0,5802.0,6787.0,2101.0,535.0,0.0,2286.0,1055.0,1055.0,1056.0
1.0,13459.0,3201.0,3167.0,3017.0,2560.0,1603.0,620.0,337.0,1055.0,1056.0,1056.0,1068.0,1065.0,1068.0,4740.0,5725.0,2994.0,1603.0,620.0,337.0,1055.0,1056.0,1056.0
1.0,13275.0,3180.0,3167.0,3174.0,4344.0,2664.0,1680.0,0.0,1055.0,1056.0,1056.0,1061.0,1060.0,1059.0,3672.0,4660.0,4943.0,2664.0,1680.0,0.0,1055.0,1056.0,1056.0
1.0,13269.0,3177.0,3168.0,2821.0,5933.0,3192.0,2741.0,0.0,1056.0,1056.0,1056.0,1058.0,1061.0,1058.0,2611.0,3600.0,7058.0,3192.0,2741.0,0.0,1056.0,1056.0,1056.0
1.0,12913.0,3173.0,3168.0,2560.0,5824.0,2647.0,3177.0,0.0,1056.0,1056.0,1056.0,1058.0,1056.0,1059.0,2088.0,2539.0,8286.0,2647.0,3177.0,0.0,1056.0,1056.0,1056.0
1.0,12300.0,3174.0,3168.0,4344.0,3598.0,1042.0,2556.0,0.0,1056.0,1056.0,1056.0,1059.0,1059.0,1056.0,2633.0,2103.0,7564.0,1042.0,2556.0,0.0,1056.0,1056.0,1056.0
1.0,13470.0,3183.0,3169.0,5933.0,877.0,0.0,877.0,0.0,1056.0,1056.0,1057.0,1063.0,1062.0,1058.0,4238.0,2724.0,6508.0,0.0,877.0,0.0,1056.0,1056.0,1057.0
1.0,16220.0,3194.0,3170.0,5824.0,899.0,0.0,0.0,899.0,1056.0,1057.0,1057.0,1065.0,1065.0,1064.0,6367.0,4403.0,5450.0,0.0,0.0,899.0,1056.0,1057.0,1057.0
1.0,18850.0,3208.0,3171.0,3598.0,1968.0,0.0,0.0,1968.0,1057.0,1057.0,1057.0,1069.0,1070.0,1069.0,7949.0,6515.0,4386.0,0.0,0.0,1968.0,1057.0,1057.0,1057.0
1.0,19240.0,3190.0,3172.0,877.0,3032.0,0.0,0.0,3032.0,1057.0,1058.0,1057.0,1063.0,1063.0,1064.0,7922.0,8001.0,3317.0,0.0,0.0,3032.0,1057.0,1058.0,1057.0
1.0,16927.0,3189.0,3173.0,899.0,3201.0,0.0,0.0,3201.0,1057.0,1058.0,1058.0,1064.0,1062.0,1063.0,6859.0,7815.0,2253.0,0.0,0.0,3201.0,1057.0,1058.0,1058.0
1.0,14637.0,3175.0,3173.0,1968.0,2840.0,547.0,0.0,2293.0,1057.0,1058.0,1058.0,1057.0,1058.0,1060.0,5795.0,6753.0,2089.0,547.0,0.0,2293.0,1057.0,1058.0,1058.0
1.0,13430.0,3180.0,3173.0,3032.0,2583.0,1604.0,655.0,324.0,1057.0,1058.0,1058.0,1057.0,1060.0,1063.0,4738.0,5695.0,2997.0,1604.0,655.0,324.0,1057.0,1058.0,1058.0
1.0,13282.0,3189.0,3174.0,3201.0,4389.0,2673.0,1716.0,0.0,1058.0,1058.0,1058.0,1064.0,1061.0,1064.0,3681.0,4635.0,4966.0,2673.0,1716.0,0.0,1058.0,1058.0,1058.0
1.0,13294.0,3196.0,3174.0,2840.0,5972.0,3192.0,2780.0,0.0,1058.0,1058.0,1058.0,1066.0,1064.0,1066.0,2617.0,3574.0,7103.0,3192.0,2780.0,0.0,1058.0,1058.0,1058.0
1.0,12938.0,3205.0,3176.0,2583.0,5858.0,2658.0,3200.0,0.0,1058.0,1059.0,1059.0,1070.0,1070.0,1065.0,2098.0,2510.0,8330.0,2658.0,3200.0,0.0,1058.0,1059.0,1059.0
1.0,12316.0,3199.0,3177.0,4389.0,3608.0,1055.0,2553.0,0.0,1059.0,1059.0,1059.0,1065.0,1069.0,1065.0,2632.0,2095.0,7589.0,1055.0,2553.0,0.0,1059.0,1059.0,1059.0
1.0,13506.0,3186.0,3177.0,5972.0,838.0,0.0,838.0,0.0,1059.0,1059.0,1059.0,1061.0,1065.0,1060.0,4240.0,2742.0,6524.0,0.0,838.0,0.0,1059.0,1059.0,1059.0
1.0,16292.0,3180.0,3177.0,5858.0,893.0,0.0,0.0,893.0,1059.0,1059.0,1059.0,1058.0,1060.0,1062.0,6371.0,4457.0,5464.0,0.0,0.0,893.0,1059.0,1059.0,1059.0
1.0,18970.0,3184.0,3177.0,3608.0,1954.0,0.0,0.0,1954.0,1059.0,1059.0,1059.0,1059.0,1064.0,1061.0,7971.0,6597.0,4402.0,0.0,0.0,1954.0,1059.0,1059.0,1059.0
1.0,19394.0,3187.0,3177.0,838.0,3017.0,0.0,0.0,3017.0,1059.0,1059.0,1059.0,1062.0,1062.0,1063.0,7967.0,8086.0,3341.0,0.0,0.0,3017.0,1059.0,1059.0,1059.0
1.0,17045.0,3205.0,3179.0,893.0,3200.0,0.0,0.0,3200.0,1059.0,1060.0,1060.0,1069.0,1065.0,1071.0,6905.0,7862.0,2278.0,0.0,0.0,3200.0,1059.0,1060.0,1060.0
1.0,14733.0,3209.0,3180.0,1954.0,2852.0,533.0,0.0,2319.0,1060.0,1060.0,1060.0,1069.0,1067.0,1073.0,5836.0,6797.0,2100.0,533.0,0.0,2319.0,1060.0,1060.0,1060.0
1.0,13478.0,3199.0,3180.0,3017.0,2604.0,1600.0,637.0,367.0,1060.0,1060.0,1060.0,1067.0,1067.0,1065.0,4767.0,5730.0,2981.0,1600.0,637.0,367.0,1060.0,1060.0,1060.0
1.0,13296.0,3199.0,3181.0,3200.0,4367.0,2664.0,1703.0,0.0,1060.0,1060.0,1061.0,1064.0,1066.0,1069.0,3700.0,4663.0,4933.0,2664.0,1703.0,0.0,1060.0,1060.0,1061.0
1.0,13297.0,3190.0,3181.0,2852.0,5962.0,3195.0,2767.0,0.0,1060.0,1060.0,1061.0,1064.0,1064.0,1062.0,2636.0,3597.0,7064.0,3195.0,2767.0,0.0,1060.0,1060.0,1061.0
1.0,12959.0,3179.0,3181.0,2604.0,5846.0,2652.0,3194.0,0.0,1060.0,1060.0,1061.0,1057.0,1064.0,1058.0,2105.0,2533.0,8321.0,2652.0,3194.0,0.0,1060.0,1060.0,1061.0
1.0,12384.0,3198.0,3182.0,4367.0,3620.0,1054.0,2566.0,0.0,1060.0,1061.0,1061.0,1066.0,1070.0,1062.0,2648.0,2106.0,7630.0,1054.0,2566.0,0.0,1060.0,1061.0,1061.0
1.0,13553.0,3202.0,3183.0,5962.0,867.0,0.0,867.0,0.0,1061.0,1061.0,1061.0,1066.0,1068.0,1068.0,4246.0,2739.0,6568.0,0.0,867.0,0.0,1061.0,1061.0,1061.0
1.0,16313.0,3208.0,3185.0,5846.0,879.0,0.0,0.0,879.0,1061.0,1062.0,1062.0,1073.0,1066.0,1069.0,6375.0,4438.0,5500.0,0.0,0.0,879.0,1061.0,1062.0,1062.0
1.0,18951.0,3196.0,3185.0,3620.0,1947.0,0.0,0.0,1947.0,1061.0,1062.0,1062.0,1063.0,1065.0,1068.0,7954.0,6566.0,4431.0,0.0,0.0,1947.0,1061.0,1062.0,1062.0
1.0,19375.0,3195.0,3185.0,867.0,3012.0,0.0,0.0,3012.0,1061.0,1062.0,1062.0,1068.0,1062.0,1065.0,7945.0,8067.0,3363.0,0.0,0.0,3012.0,1061.0,1062.0,1062.0
1.0,17047.0,3185.0,3186.0,879.0,3196.0,0.0,0.0,3196.0,1062.0,1062.0,1062.0,1064.0,1058.0,1063.0,6877.0,7872.0,2298.0,0.0,0.0,3196.0,1062.0,1062.0,1062.0
1.0,14741.0,3198.0,3186.0,1947.0,2876.0,562.0,0.0,2314.0,1062.0,1062.0,1062.0,1065.0,1068.0,1065.0,5813.0,6814.0,2114.0,562.0,0.0,2314.0,1062.0,1062.0,1062.0
1.0,13490.0,3199.0,3186.0,3012.0,2627.0,1629.0,630.0,368.0,1062.0,1062.0,1062.0,1067.0,1066.0,1066.0,4748.0,5746.0,2996.0,1629.0,630.0,368.0,1062.0,1062.0,1062.0
1.0,13303.0,3214.0,3187.0,3196.0,4401.0,2699.0,1702.0,0.0,1062.0,1062.0,1063.0,1070.0,1072.0,1072.0,3681.0,4680.0,4942.0,2699.0,1702.0,0.0,1062.0,1062.0,1063.0
1.0,13285.0,3212.0,3188.0,2876.0,5986.0,3206.0,2780.0,0.0,1062.0,1063.0,1063.0,1069.0,1073.0,1070.0,2611.0,3608.0,7066.0,3206.0,2780.0,0.0,1062.0,1063.0,1063.0
1.0,12949.0,3207.0,3189.0,2627.0,5873.0,2655.0,3218.0,0.0,1063.0,1063.0,1063.0,1073.0,1068.0,1066.0,2104.0,2535.0,8310.0,2655.0,3218.0,0.0,1063.0,1063.0,1063.0
1.0,12369.0,3194.0,3189.0,4401.0,3602.0,1022.0,2580.0,0.0,1063.0,1063.0,1063.0,1066.0,1064.0,1064.0,2660.0,2097.0,7612.0,1022.0,2580.0,0.0,1063.0,1063.0,1063.0
1.0,13576.0,3196.0,3189.0,5986.0,864.0,0.0,864.0,0.0,1063.0,1063.0,1063.0,1072.0,1064.0,1060.0,4293.0,2735.0,6548.0,0.0,864.0,0.0,1063.0,1063.0,1063.0
1.0,16366.0,3197.0,3189.0,5873.0,897.0,0.0,0.0,897.0,1063.0,1063.0,1063.0,1065.0,1062.0,1070.0,6427.0,4451.0,5488.0,0.0,0.0,897.0,1063.0,1063.0,1063.0
1.0,19042.0,3203.0,3189.0,3602.0,1965.0,0.0,0.0,1965.0,1063.0,1063.0,1063.0,1067.0,1068.0,1068.0,8017.0,6607.0,4418.0,0.0,0.0,1965.0,1063.0,1063.0,1063.0
1.0,19441.0,3209.0,3191.0,864.0,3042.0,0.0,0.0,3042.0,1064.0,1063.0,1064.0,1067.0,1070.0,1072.0,7972.0,8119.0,3350.0,0.0,0.0,3042.0,1064.0,1063.0,1064.0
1.0,17096.0,3225.0,3192.0,897.0,3222.0,0.0,0.0,3222.0,1064.0,1064.0,1064.0,1071.0,1077.0,1077.0,6905.0,7913.0,2278.0,0.0,0.0,3222.0,1064.0,1064.0,1064.0
1.0,14768.0,3209.0,3192.0,1965.0,2880.0,553.0,0.0,2327.0,1064.0,1064.0,1064.0,1067.0,1072.0,1070.0,5834.0,6836.0,2098.0,553.0,0.0,2327.0,1064.0,1064.0,1064.0
1.0,13524.0,3214.0,3192.0,3042.0,2608.0,1624.0,629.0,355.0,1064.0,1064.0,1064.0,1071.0,1073.0,1070.0,4767.0,5764.0,2993.0,1624.0,629.0,355.0,1064.0,1064.0,1064.0
1.0,13352.0,3197.0,3193.0,3222.0,4393.0,2693.0,1700.0,0.0,1064.0,1065.0,1064.0,1069.0,1066.0,1062.0,3696.0,4691.0,4965.0,2693.0,1700.0,0.0,1064.0,1065.0,1064.0
1.0,13377.0,3203.0,3194.0,2880.0,5978.0,3209.0,2769.0,0.0,1064.0,1065.0,1065.0,1069.0,1069.0,1065.0,2627.0,3625.0,7125.0,3209.0,2769.0,0.0,1064.0,1065.0,1065.0
1.0,13054.0,3212.0,3195.0,2608.0,5874.0,2663.0,3211.0,0.0,1065.0,1065.0,1065.0,1073.0,1071.0,1068.0,2111.0,2556.0,8387.0,2663.0,3211.0,0.0,1065.0,1065.0,1065.0
1.0,12450.0,3211.0,3195.0,4393.0,3622.0,1041.0,2581.0,0.0,1065.0,1065.0,1065.0,1071.0,1070.0,1070.0,2662.0,2114.0,7674.0,1041.0,2581.0,0.0,1065.0,1065.0,1065.0
1.0,13632.0,3221.0,3196.0,5978.0,890.0,0.0,890.0,0.0,1065.0,1066.0,1065.0,1075.0,1073.0,1073.0,4284.0,2744.0,6604.0,0.0,890.0,0.0,1065.0,1066.0,1065.0
1.0,16389.0,3215.0,3198.0,5874.0,871.0,0.0,0.0,871.0,1066.0,1066.0,1066.0,1071.0,1072.0,1072.0,6418.0,4440.0,5531.0,0.0,0.0,871.0,1066.0,1066.0,1066.0
1.0,19048.0,3212.0,3198.0,3622.0,1940.0,0.0,0.0,1940.0,1066.0,1066.0,1066.0,1068.0,1075.0,1069.0,8010.0,6579.0,4459.0,0.0,0.0,1940.0,1066.0,1066.0,1066.0
1.0,19458.0,3207.0,3198.0,890.0,3005.0,0.0,0.0,3005.0,1066.0,1066.0,1066.0,1072.0,1070.0,1065.0,7983.0,8085.0,3390.0,0.0,0.0,3005.0,1066.0,1066.0,1066.0
1.0,17141.0,3212.0,3198.0,871.0,3205.0,0.0,0.0,3205.0,1066.0,1066.0,1066.0,1073.0,1068.0,1071.0,6911.0,7905.0,2325.0,0.0,0.0,3205.0,1066.0,1066.0,1066.0
1.0,14800.0,3217.0,3198.0,1940.0,2904.0,567.0,0.0,2337.0,1066.0,1066.0,1066.0,1075.0,1070.0,1072.0,5838.0,6837.0,2125.0,567.0,0.0,2337.0,1066.0,1066.0,1066.0
1.0,13523.0,3219.0,3200.0,3005.0,2691.0,1644.0,642.0,405.0,1067.0,1067.0,1066.0,1072.0,1074.0,1073.0,4763.0,5767.0,2993.0,1644.0,642.0,405.0,1067.0,1067.0,1066.0
1.0,13309.0,3226.0,3201.0,3205.0,4439.0,2719.0,1720.0,0.0,1067.0,1067.0,1067.0,1075.0,1078.0,1073.0,3691.0,4693.0,4925.0,2719.0,1720.0,0.0,1067.0,1067.0,1067.0
1.0,13288.0,3210.0,3201.0,2904.0,6011.0,3221.0,2790.0,0.0,1067.0,1067.0,1067.0,1069.0,1070.0,1071.0,2616.0,3615.0,7057.0,3221.0,2790.0,0.0,1067.0,1067.0,1067.0
1.0,12982.0,3205.0,3201.0,2691.0,5864.0,2646.0,3218.0,0.0,1067.0,1067.0,1067.0,1069.0,1070.0,1066.0,2114.0,2545.0,8323.0,2646.0,3218.0,0.0,1067.0,1067.0,1067.0
1.0,12468.0,3206.0,3201.0,4439.0,3563.0,996.0,2567.0,0.0,1067.0,1067.0,1067.0,1069.0,1069.0,1068.0,2689.0,2117.0,7662.0,996.0,2567.0,0.0,1067.0,1067.0,1067.0
1.0,13701.0,3218.0,3202.0,6011.0,857.0,0.0,857.0,0.0,1067.0,1068.0,1067.0,1071.0,1075.0,1072.0,4339.0,2768.0,6594.0,0.0,857.0,0.0,1067.0,1068.0,1067.0
1.0,16494.0,3226.0,3203.0,5864.0,888.0,0.0,0.0,888.0,1068.0,1068.0,1067.0,1076.0,1075.0,1075.0,6489.0,4483.0,5522.0,0.0,0.0,888.0,1068.0,1068.0,1067.0
1.0,19132.0,3232.0,3204.0,3563.0,1970.0,0.0,0.0,1970.0,1068.0,1068.0,1068.0,1077.0,1078.0,1077.0,8059.0,6626.0,4447.0,0.0,0.0,1970.0,1068.0,1068.0,1068.0
1.0,19463.0,3232.0,3205.0,857.0,3049.0,0.0,0.0,3049.0,1068.0,1069.0,1068.0,1077.0,1076.0,1079.0,7978.0,8115.0,3370.0,0.0,0.0,3049.0,1068.0,1069.0,1068.0
1.0,17088.0,3228.0,3206.0,888.0,3239.0,0.0,0.0,3239.0,1069.0,1069.0,1068.0,1077.0,1073.0,1078.0,6901.0,7896.0,2291.0,0.0,0.0,3239.0,1069.0,1069.0,1068.0
1.0,14748.0,3218.0,3206.0,1970.0,2938.0,597.0,0.0,2341.0,1069.0,1069.0,1068.0,1076.0,1070.0,1072.0,5824.0,6823.0,2101.0,597.0,0.0,2341.0,1069.0,1069.0,1068.0
1.0,13500.0,3204.0,3206.0,3049.0,2685.0,1666.0,658.0,361.0,1069.0,1069.0,1068.0,1069.0,1066.0,1069.0,4748.0,5753.0,2999.0,1666.0,658.0,361.0,1069.0,1069.0,1068.0
1.0,13345.0,3218.0,3206.0,3239.0,4475.0,2742.0,1733.0,0.0,1069.0,1069.0,1068.0,1076.0,1075.0,1067.0,3679.0,4687.0,4979.0,2742.0,1733.0,0.0,1069.0,1069.0,1068.0
1.0,13366.0,3220.0,3207.0,2938.0,6026.0,3219.0,2807.0,0.0,1069.0,1069.0,1069.0,1074.0,1074.0,1072.0,2603.0,3612.0,7151.0,3219.0,2807.0,0.0,1069.0,1069.0,1069.0
1.0,13084.0,3238.0,3208.0,2685.0,5864.0,2636.0,3228.0,0.0,1070.0,1069.0,1069.0,1078.0,1079.0,1081.0,2126.0,2538.0,8420.0,2636.0,3228.0,0.0,1070.0,1069.0,1069.0
1.0,12531.0,3241.0,3209.0,4475.0,3556.0,974.0,2582.0,0.0,1070.0,1070.0,1069.0,1080.0,1082.0,1079.0,2714.0,2117.0,7700.0,974.0,2582.0,0.0,1070.0,1070.0,1069.0
1.0,13765.0,3235.0,3210.0,6026.0,853.0,0.0,853.0,0.0,1070.0,1070.0,1070.0,1078.0,1078.0,1079.0,4376.0,2768.0,6621.0,0.0,853.0,0.0,1070.0,1070.0,1070.0
1.0,16556.0,3218.0,3210.0,5864.0,883.0,0.0,0.0,883.0,1070.0,1070.0,1070.0,1069.0,1074.0,1075.0,6517.0,4497.0,5542.0,0.0,0.0,883.0,1070.0,1070.0,1070.0
1.0,19202.0,3212.0,3210.0,3556.0,1959.0,0.0,0.0,1959.0,1070.0,1070.0,1070.0,1068.0,1068.0,1076.0,8084.0,6651.0,4467.0,0.0,0.0,1959.0,1070.0,1070.0,1070.0
1.0,19546.0,3218.0,3210.0,853.0,3031.0,0.0,0.0,3031.0,1070.0,1070.0,1070.0,1073.0,1073.0,1072.0,7990.0,8165.0,3391.0,0.0,0.0,3031.0,1070.0,1070.0,1070.0
1.0,17181.0,3226.0,3211.0,883.0,3224.0,0.0,0.0,3224.0,1071.0,1070.0,1070.0,1079.0,1071.0,1076.0,6917.0,7945.0,2319.0,0.0,0.0,3224.0,1071.0,1070.0,1070.0
1.0,14838.0,3234.0,3212.0,1959.0,2940.0,596.0,0.0,2344.0,1071.0,1071.0,1070.0,1079.0,1076.0,1079.0,5838.0,6874.0,2126.0,596.0,0.0,2344.0,1071.0,1071.0,1070.0
1.0,13563.0,3244.0,3214.0,3031.0,2720.0,1682.0,641.0,397.0,1072.0,1071.0,1071.0,1081.0,1084.0,1079.0,4759.0,5798.0,3006.0,1682.0,641.0,397.0,1072.0,1071.0,1071.0
1.0,13350.0,3234.0,3214.0,3224.0,4482.0,2760.0,1722.0,0.0,1072.0,1071.0,1071.0,1078.0,1081.0,1075.0,3678.0,4714.0,4958.0,2760.0,1722.0,0.0,1072.0,1071.0,1071.0
1.0,13340.0,3231.0,3215.0,2940.0,6045.0,3239.0,2806.0,0.0,1072.0,1072.0,1071.0,1075.0,1079.0,1077.0,2600.0,3633.0,7107.0,3239.0,2806.0,0.0,1072.0,1072.0,1071.0
1.0,13049.0,3222.0,3215.0,2720.0,5870.0,2629.0,3241.0,0.0,1072.0,1072.0,1071.0,1072.0,1076.0,1074.0,2121.0,2554.0,8374.0,2629.0,3241.0,0.0,1072.0,1072.0,1071.0
1.0,12547.0,3217.0,3215.0,4482.0,3532.0,941.0,2591.0,0.0,1072.0,1072.0,1071.0,1072.0,1072.0,1073.0,2731.0,2119.0,7697.0,941.0,2591.0,0.0,1072.0,1072.0,1071.0
1.0,13812.0,3233.0,3216.0,6045.0,863.0,0.0,863.0,0.0,1072.0,1072.0,1072.0,1078.0,1078.0,1077.0,4419.0,2769.0,6624.0,0.0,863.0,0.0,1072.0,1072.0,1072.0
1.0,16624.0,3243.0,3218.0,5870.0,895.0,0.0,0.0,895.0,1073.0,1073.0,1072.0,1083.0,1078.0,1082.0,6580.0,4497.0,5547.0,0.0,0.0,895.0,1073.0,1073.0,1072.0
1.0,19251.0,3249.0,3218.0,3532.0,1981.0,0.0,0.0,1981.0,1073.0,1073.0,1072.0,1083.0,1080.0,1086.0,8126.0,6660.0,4465.0,0.0,0.0,1981.0,1073.0,1073.0,1072.0
1.0,19534.0,3246.0,3219.0,863.0,3066.0,0.0,0.0,3066.0,1073.0,1073.0,1073.0,1084.0,1082.0,1080.0,7984.0,8171.0,3379.0,0.0,0.0,3066.0,1073.0,1073.0,1073.0
1.0,17151.0,3237.0,3219.0,895.0,3251.0,0.0,0.0,3251.0,1073.0,1073.0,1073.0,1075.0,1082.0,1080.0,6900.0,7952.0,2299.0,0.0,0.0,3251.0,1073.0,1073.0,1073.0
1.0,14809.0,3217.0,3219.0,1981.0,2954.0,611.0,0.0,2343.0,1073.0,1073.0,1073.0,1071.0,1073.0,1073.0,5825.0,6870.0,2114.0,611.0,0.0,2343.0,1073.0,1073.0,1073.0
1.0,13573.0,3222.0,3219.0,3066.0,2678.0,1682.0,646.0,350.0,1073.0,1073.0,1073.0,1071.0,1078.0,1073.0,4754.0,5797.0,3022.0,1682.0,646.0,350.0,1073.0,1073.0,1073.0
1.0,13417.0,3230.0,3221.0,3251.0,4493.0,2762.0,1731.0,0.0,1074.0,1074.0,1073.0,1075.0,1080.0,1075.0,3683.0,4719.0,5015.0,2762.0,1731.0,0.0,1074.0,1074.0,1073.0
1.0,13438.0,3246.0,3222.0,2954.0,6047.0,3233.0,2814.0,0.0,1074.0,1074.0,1074.0,1082.0,1083.0,1081.0,2608.0,3639.0,7191.0,3233.0,2814.0,0.0,1074.0,1074.0,1074.0
1.0,13146.0,3246.0,3223.0,2678.0,5888.0,2634.0,3254.0,0.0,1074.0,1075.0,1074.0,1083.0,1081.0,1082.0,2137.0,2556.0,8453.0,2634.0,3254.0,0.0,1074.0,1075.0,1074.0
1.0,12578.0,3248.0,3223.0,4493.0,3557.0,956.0,2601.0,0.0,1074.0,1075.0,1074.0,1084.0,1078.0,1086.0,2736.0,2121.0,7721.0,956.0,2601.0,0.0,1074.0,1075.0,1074.0
1.0,13823.0,3233.0,3224.0,6047.0,864.0,0.0,864.0,0.0,1075.0,1075.0,1074.0,1077.0,1077.0,1079.0,4414.0,2774.0,6635.0,0.0,864.0,0.0,1075.0,1075.0,1074.0
1.0,16637.0,3231.0,3224.0,5888.0,896.0,0.0,0.0,896.0,1075.0,1075.0,1074.0,1077.0,1072.0,1082.0,6570.0,4511.0,5556.0,0.0,0.0,896.0,1075.0,1075.0,1074.0
1.0,19294.0,3230.0,3225.0,3557.0,1979.0,0.0,0.0,1979.0,1075.0,1075.0,1075.0,1076.0,1076.0,1078.0,8127.0,6693.0,4474.0,0.0,0.0,1979.0,1075.0,1075.0,1075.0
1.0,19621.0,3237.0,3225.0,864.0,3057.0,0.0,0.0,3057.0,1075.0,1075.0,1075.0,1078.0,1081.0,1078.0,8007.0,8218.0,3396.0,0.0,0.0,3057.0,1075.0,1075.0,1075.0
1.0,17248.0,3253.0,3225.0,896.0,3240.0,0.0,0.0,3240.0,1075.0,1075.0,1075.0,1084.0,1090.0,1079.0,6929.0,8001.0,2318.0,0.0,0.0,3240.0,1075.0,1075.0,1075.0
1.0,14891.0,3255.0,3227.0,1979.0,2963.0,619.0,0.0,2344.0,1076.0,1076.0,1075.0,1084.0,1088.0,1083.0,5845.0,6911.0,2135.0,619.0,0.0,2344.0,1076.0,1076.0,1075.0
1.0,13615.0,3248.0,3228.0,3057.0,2716.0,1706.0,638.0,372.0,1076.0,1076.0,1076.0,1087.0,1081.0,1080.0,4761.0,5823.0,3031.0,1706.0,638.0,372.0,1076.0,1076.0,1076.0
1.0,13424.0,3242.0,3228.0,3240.0,4509.0,2789.0,1720.0,0.0,1076.0,1076.0,1076.0,1083.0,1082.0,1077.0,3674.0,4742.0,5008.0,2789.0,1720.0,0.0,1076.0,1076.0,1076.0
1.0,13422.0,3235.0,3228.0,2963.0,6046.0,3249.0,2797.0,0.0,1076.0,1076.0,1076.0,1079.0,1077.0,1079.0,2591.0,3660.0,7171.0,3249.0,2797.0,0.0,1076.0,1076.0,1076.0
1.0,13150.0,3238.0,3228.0,2716.0,5858.0,2622.0,3236.0,0.0,1076.0,1076.0,1076.0,1079.0,1077.0,1082.0,2131.0,2583.0,8436.0,2622.0,3236.0,0.0,1076.0,1076.0,1076.0
1.0,12628.0,3242.0,3230.0,4509.0,3518.0,916.0,2602.0,0.0,1077.0,1077.0,1076.0,1078.0,1081.0,1083.0,2758.0,2144.0,7726.0,916.0,2602.0,0.0,1077.0,1077.0,1076.0
1.0,13895.0,3246.0,3231.0,6046.0,887.0,0.0,887.0,0.0,1077.0,1077.0,1077.0,1080.0,1082.0,1084.0,4469.0,2783.0,6643.0,0.0,887.0,0.0,1077.0,1077.0,1077.0
1.0,16695.0,3263.0,3231.0,5858.0,916.0,0.0,0.0,916.0,1077.0,1077.0,1077.0,1085.0,1088.0,1090.0,6638.0,4498.0,5559.0,0.0,0.0,916.0,1077.0,1077.0,1077.0
1.0,19290.0,3264.0,3231.0,3518.0,2001.0,0.0,0.0,2001.0,1077.0,1077.0,1077.0,1091.0,1088.0,1085.0,8175.0,6646.0,4469.0,0.0,0.0,2001.0,1077.0,1077.0,1077.0
1.0,19544.0,3241.0,3232.0,887.0,3079.0,0.0,0.0,3079.0,1077.0,1078.0,1077.0,1081.0,1082.0,1078.0,8000.0,8160.0,3384.0,0.0,0.0,3079.0,1077.0,1078.0,1077.0
1.0,17190.0,3233.0,3233.0,916.0,3245.0,0.0,0.0,3245.0,1077.0,1078.0,1078.0,1078.0,1078.0,1077.0,6919.0,7965.0,2306.0,0.0,0.0,3245.0,1077.0,1078.0,1078.0
1.0,14873.0,3240.0,3234.0,2001.0,2951.0,629.0,0.0,2322.0,1078.0,1078.0,1078.0,1080.0,1082.0,1078.0,5841.0,6887.0,2145.0,629.0,0.0,2322.0,1078.0,1078.0,1078.0
1.0,13634.0,3243.0,3234.0,3079.0,2700.0,1713.0,665.0,322.0,1078.0,1078.0,1078.0,1084.0,1080.0,1079.0,4761.0,5805.0,3068.0,1713.0,665.0,322.0,1078.0,1078.0,1078.0
1.0,13470.0,3254.0,3234.0,3245.0,4549.0,2798.0,1751.0,0.0,1078.0,1078.0,1078.0,1085.0,1086.0,1083.0,3677.0,4725.0,5068.0,2798.0,1751.0,0.0,1078.0,1078.0,1078.0
1.0,13461.0,3256.0,3236.0,2951.0,6101.0,3260.0,2841.0,0.0,1079.0,1079.0,1078.0,1086.0,1085.0,1085.0,2592.0,3639.0,7230.0,3260.0,2841.0,0.0,1079.0,1079.0,1078.0
1.0,13156.0,3261.0,3237.0,2700.0,5900.0,2637.0,3263.0,0.0,1079.0,1079.0,1079.0,1090.0,1087.0,1084.0,2135.0,2554.0,8467.0,2637.0,3263.0,0.0,1079.0,1079.0,1079.0
1.0,12595.0,3252.0,3237.0,4549.0,3519.0,924.0,2595.0,0.0,1079.0,1079.0,1079.0,1085.0,1083.0,1084.0,2758.0,2132.0,7705.0,924.0,2595.0,0.0,1079.0,1079.0,1079.0
1.0,13892.0,3241.0,3237.0,6101.0,837.0,0.0,837.0,0.0,1079.0,1079.0,1079.0,1080.0,1083.0,1078.0,4471.0,2800.0,6621.0,0.0,837.0,0.0,1079.0,1079.0,1079.0
1.0,16752.0,3244.0,3237.0,5900.0,935.0,0.0,0.0,935.0,1079.0,1079.0,1079.0,1078.0,1083.0,1083.0,6651.0,4558.0,5543.0,0.0,0.0,935.0,1079.0,1079.0,1079.0
1.0,19408.0,3251.0,3237.0,3519.0,2023.0,0.0,0.0,2023.0,1079.0,1079.0,1079.0,1080.0,1083.0,1088.0,8210.0,6738.0,4460.0,0.0,0.0,2023.0,1079.0,1079.0,1079.0
1.0,19676.0,3263.0,3239.0,837.0,3111.0,0.0,0.0,3111.0,1080.0,1080.0,1079.0,1088.0,1087.0,1088.0,8054.0,8250.0,3372.0,0.0,0.0,3111.0,1080.0,1080.0,1079.0
1.0,17250.0,3269.0,3240.0,935.0,3269.0,0.0,0.0,3269.0,1080.0,1080.0,1080.0,1093.0,1088.0,1088.0,6966.0,8000.0,2284.0,0.0,0.0,3269.0,1080.0,1080.0,1080.0
1.0,14916.0,3255.0,3240.0,2023.0,2943.0,615.0,0.0,2328.0,1080.0,1080.0,1080.0,1088.0,1085.0,1082.0,5873.0,6912.0,2131.0,615.0,0.0,2328.0,1080.0,1080.0,1080.0
1.0,13684.0,3245.0,3240.0,3111.0,2650.0,1698.0,655.0,297.0,1080.0,1080.0,1080.0,1083.0,1082.0,1080.0,4785.0,5827.0,3072.0,1698.0,655.0,297.0,1080.0,1080.0,1080.0
1.0,13550.0,3248.0,3240.0,3269.0,4520.0,2782.0,1738.0,0.0,1080.0,1080.0,1080.0,1084.0,1083.0,1081.0,3702.0,4745.0,5103.0,2782.0,1738.0,0.0,1080.0,1080.0,1080.0
1.0,13571.0,3241.0,3240.0,2943.0,6065.0,3245.0,2820.0,0.0,1080.0,1080.0,1080.0,1078.0,1082.0,1081.0,2618.0,3662.0,7291.0,3245.0,2820.0,0.0,1080.0,1080.0,1080.0
1.0,13273.0,3263.0,3242.0,2650.0,5896.0,2635.0,3261.0,0.0,1081.0,1081.0,1080.0,1083.0,1091.0,1089.0,2155.0,2580.0,8538.0,2635.0,3261.0,0.0,1081.0,1081.0,1080.0
1.0,12660.0,3272.0,3243.0,4520.0,3557.0,944.0,2613.0,0.0,1081.0,1081.0,1081.0,1091.0,1090.0,1091.0,2770.0,2144.0,7746.0,944.0,2613.0,0.0,1081.0,1081.0,1081.0
1.0,13908.0,3271.0,3244.0,6065.0,886.0,0.0,886.0,0.0,1081.0,1082.0,1081.0,1091.0,1088.0,1092.0,4461.0,2792.0,6655.0,0.0,886.0,0.0,1081.0,1082.0,1081.0
1.0,16702.0,3264.0,3244.0,5896.0,930.0,0.0,0.0,930.0,1081.0,1082.0,1081.0,1086.0,1090.0,1088.0,6615.0,4524.0,5563.0,0.0,0.0,930.0,1081.0,1082.0,1081.0
1.0,19334.0,3254.0,3245.0,3557.0,2013.0,0.0,0.0,2013.0,1082.0,1082.0,1081.0,1086.0,1085.0,1083.0,8164.0,6695.0,4475.0,0.0,0.0,2013.0,1082.0,1082.0,1081.0
1.0,19637.0,3252.0,3245.0,886.0,3096.0,0.0,0.0,3096.0,1082.0,1082.0,1081.0,1089.0,1080.0,1083.0,8022.0,8223.0,3392.0,0.0,0.0,3096.0,1082.0,1082.0,1081.0
1.0,17271.0,3254.0,3246.0,930.0,3254.0,0.0,0.0,3254.0,1082.0,1082.0,1082.0,1087.0,1084.0,1083.0,6933.0,8029.0,2309.0,0.0,0.0,3254.0,1082.0,1082.0,1082.0
1.0,14947.0,3256.0,3246.0,2013.0,2977.0,653.0,0.0,2324.0,1082.0,1082.0,1082.0,1089.0,1084.0,1083.0,5846.0,6945.0,2156.0,653.0,0.0,2324.0,1082.0,1082.0,1082.0
1.0,13704.0,3271.0,3247.0,3096.0,2706.0,1750.0,641.0,315.0,1083.0,1082.0,1082.0,1092.0,1092.0,1087.0,4757.0,5861.0,3086.0,1750.0,641.0,315.0,1083.0,1082.0,1082.0
1.0,13529.0,3272.0,3248.0,3254.0,4577.0,2838.0,1739.0,0.0,1083.0,1083.0,1082.0,1088.0,1093.0,1091.0,3665.0,4769.0,5095.0,2838.0,1739.0,0.0,1083.0,1083.0,1082.0
1.0,13511.0,3258.0,3249.0,2977.0,6094.0,3267.0,2827.0,0.0,1083.0,1083.0,1083.0,1082.0,1088.0,1088.0,2577.0,3676.0,7258.0,3267.0,2827.0,0.0,1083.0,1083.0,1083.0
1.0,13230.0,3258.0,3249.0,2706.0,5873.0,2598.0,3275.0,0.0,1083.0,1083.0,1083.0,1081.0,1089.0,1088.0,2148.0,2588.0,8494.0,2598.0,3275.0,0.0,1083.0,1083.0,1083.0
1.0,12678.0,3249.0,3249.0,4577.0,3462.0,844.0,2618.0,0.0,1083.0,1083.0,1083.0,1084.0,1082.0,1083.0,2817.0,2140.0,7721.0,844.0,2618.0,0.0,1083.0,1083.0,1083.0
1.0,14006.0,3254.0,3249.0,6094.0,872.0,0.0,872.0,0.0,1083.0,1083.0,1083.0,1085.0,1081.0,1088.0,4571.0,2797.0,6638.0,0.0,872.0,0.0,1083.0,1083.0,1083.0
1.0,16846.0,3261.0,3249.0,5873.0,952.0,0.0,0.0,952.0,1083.0,1083.0,1083.0,1088.0,1086.0,1087.0,6753.0,4543.0,5550.0,0.0,0.0,952.0,1083.0,1083.0,1083.0
1.0,19458.0,3277.0,3251.0,3462.0,2043.0,0.0,0.0,2043.0,1084.0,1084.0,1083.0,1094.0,1092.0,1091.0,8263.0,6732.0,4463.0,0.0,0.0,2043.0,1084.0,1084.0,1083.0
1.0,19643.0,3272.0,3252.0,872.0,3136.0,0.0,0.0,3136.0,1084.0,1084.0,1084.0,1091.0,1093.0,1088.0,8013.0,8258.0,3372.0,0.0,0.0,3136.0,1084.0,1084.0,1084.0
1.0,17243.0,3263.0,3252.0,952.0,3270.0,0.0,0.0,3270.0,1084.0,1084.0,1084.0,1086.0,1091.0,1086.0,6922.0,8037.0,2284.0,0.0,0.0,3270.0,1084.0,1084.0,1084.0
1.0,14932.0,3263.0,3252.0,2043.0,2986.0,673.0,0.0,2313.0,1084.0,1084.0,1084.0,1089.0,1088.0,1086.0,5836.0,6946.0,2150.0,673.0,0.0,2313.0,1084.0,1084.0,1084.0
1.0,13712.0,3260.0,3252.0,3136.0,2672.0,1761.0,647.0,264.0,1084.0,1084.0,1084.0,1088.0,1085.0,1087.0,4747.0,5858.0,3107.0,1761.0,647.0,264.0,1084.0,1084.0,1084.0
1.0,13588.0,3263.0,3253.0,3270.0,4588.0,2846.0,1742.0,0.0,1084.0,1085.0,1084.0,1085.0,1090.0,1088.0,3659.0,4773.0,5156.0,2846.0,1742.0,0.0,1084.0,1085.0,1084.0
1.0,13595.0,3275.0,3254.0,2986.0,6104.0,3273.0,2831.0,0.0,1085.0,1085.0,1084.0,1095.0,1089.0,1091.0,2574.0,3683.0,7338.0,3273.0,2831.0,0.0,1085.0,1085.0,1084.0
1.0,13306.0,3280.0,3254.0,2672.0,5880.0,2605.0,3275.0,0.0,1085.0,1085.0,1084.0,1093.0,1091.0,1096.0,2152.0,2594.0,8560.0,2605.0,3275.0,0.0,1085.0,1085.0,1084.0
1.0,12698.0,3284.0,3257.0,4588.0,3489.0,859.0,2630.0,0.0,1086.0,1086.0,1085.0,1095.0,1092.0,1097.0,2820.0,2150.0,7728.0,859.0,2630.0,0.0,1086.0,1086.0,1085.0
1.0,14002.0,3271.0,3257.0,6104.0,889.0,0.0,889.0,0.0,1086.0,1086.0,1085.0,1090.0,1090.0,1091.0,4571.0,2800.0,6631.0,0.0,889.0,0.0,1086.0,1086.0,1085.0
1.0,16835.0,3261.0,3257.0,5880.0,975.0,0.0,0.0,975.0,1086.0,1086.0,1085.0,1086.0,1085.0,1090.0,6754.0,4541.0,5540.0,0.0,0.0,975.0,1086.0,1086.0,1085.0
1.0,19454.0,3258.0,3257.0,3489.0,2060.0,0.0,0.0,2060.0,1086.0,1086.0,1085.0,1086.0,1087.0,1085.0,8273.0,6731.0,4450.0,0.0,0.0,2060.0,1086.0,1086.0,1085.0
1.0,19685.0,3258.0,3257.0,889.0,3144.0,0.0,0.0,3144.0,1086.0,1086.0,1085.0,1085.0,1089.0,1084.0,8046.0,8274.0,3365.0,0.0,0.0,3144.0,1086.0,1086.0,1085.0
1.0,17316.0,3282.0,3258.0,975.0,3267.0,0.0,0.0,3267.0,1086.0,1086.0,1086.0,1091.0,1098.0,1093.0,6961.0,8074.0,2281.0,0.0,0.0,3267.0,1086.0,1086.0,1086.0
1.0,15009.0,3285.0,3258.0,2060.0,2956.0,656.0,0.0,2300.0,1086.0,1086.0,1086.0,1096.0,1096.0,1093.0,5870.0,6976.0,2163.0,656.0,0.0,2300.0,1086.0,1086.0,1086.0
1.0,13784.0,3283.0,3260.0,3144.0,2655.0,1757.0,647.0,251.0,1087.0,1087.0,1086.0,1096.0,1092.0,1095.0,4774.0,5880.0,3130.0,1757.0,647.0,251.0,1087.0,1087.0,1086.0
1.0,13645.0,3279.0,3260.0,3267.0,4587.0,2848.0,1739.0,0.0,1087.0,1087.0,1086.0,1091.0,1092.0,1096.0,3678.0,4788.0,5179.0,2848.0,1739.0,0.0,1087.0,1087.0,1086.0
1.0,13633.0,3271.0,3261.0,2956.0,6112.0,3281.0,2831.0,0.0,1087.0,1087.0,1087.0,1089.0,1092.0,1090.0,2587.0,3696.0,7350.0,3281.0,2831.0,0.0,1087.0,1087.0,1087.0
1.0,13318.0,3269.0,3261.0,2655.0,5884.0,2610.0,3274.0,0.0,1087.0,1087.0,1087.0,1086.0,1090.0,1093.0,2154.0,2604.0,8560.0,2610.0,3274.0,0.0,1087.0,1087.0,1087.0
1.0,12704.0,3273.0,3261.0,4587.0,3478.0,853.0,2625.0,0.0,1087.0,1087.0,1087.0,1091.0,1090.0,1092.0,2825.0,2161.0,7718.0,853.0,2625.0,0.0,1087.0,1087.0,1087.0
1.0,14018.0,3285.0,3261.0,6112.0,887.0,0.0,887.0,0.0,1087.0,1087.0,1087.0,1096.0,1093.0,1096.0,4582.0,2810.0,6626.0,0.0,887.0,0.0,1087.0,1087.0,1087.0
1.0,16845.0,3294.0,3264.0,5884.0,1006.0,0.0,0.0,1006.0,1088.0,1088.0,1088.0,1100.0,1098.0,1096.0,6767.0,4548.0,5530.0,0.0,0.0,1006.0,1088.0,1088.0,1088.0
1.0,19435.0,3291.0,3264.0,3478.0,2100.0,0.0,0.0,2100.0,1088.0,1088.0,1088.0,1099.0,1098.0,1094.0,8277.0,6724.0,4434.0,0.0,0.0,2100.0,1088.0,1088.0,1088.0
1.0,19622.0,3285.0,3264.0,887.0,3195.0,0.0,0.0,3195.0,1088.0,1088.0,1088.0,1096.0,1094.0,1095.0,8031.0,8251.0,3340.0,0.0,0.0,3195.0,1088.0,1088.0,1088.0
1.0,17224.0,3264.0,3264.0,1006.0,3278.0,0.0,0.0,3278.0,1088.0,1088.0,1088.0,1087.0,1088.0,1089.0,6935.0,8044.0,2245.0,0.0,0.0,3278.0,1088.0,1088.0,1088.0
1.0,14966.0,3273.0,3265.0,2100.0,2952.0,681.0,0.0,2271.0,1088.0,1089.0,1088.0,1089.0,1091.0,1093.0,5848.0,6956.0,2162.0,681.0,0.0,2271.0,1088.0,1089.0,1088.0
1.0,13793.0,3266.0,3265.0,3195.0,2603.0,1770.0,660.0,173.0,1088.0,1088.0,1089.0,1089.0,1085.0,1092.0,4759.0,5865.0,3169.0,1770.0,660.0,173.0,1088.0,1088.0,1089.0
1.0,13722.0,3280.0,3267.0,3278.0,4623.0,2867.0,1756.0,0.0,1089.0,1089.0,1089.0,1092.0,1091.0,1097.0,3670.0,4780.0,5272.0,2867.0,1756.0,0.0,1089.0,1089.0,1089.0
1.0,13720.0,3293.0,3267.0,2952.0,6132.0,3281.0,2851.0,0.0,1089.0,1089.0,1089.0,1095.0,1095.0,1103.0,2578.0,3689.0,7453.0,3281.0,2851.0,0.0,1089.0,1089.0,1089.0
1.0,13379.0,3299.0,3268.0,2603.0,5902.0,2611.0,3291.0,0.0,1089.0,1089.0,1090.0,1100.0,1100.0,1099.0,2164.0,2594.0,8621.0,2611.0,3291.0,0.0,1089.0,1089.0,1090.0
1.0,12683.0,3290.0,3270.0,4623.0,3485.0,846.0,2639.0,0.0,1090.0,1090.0,1090.0,1097.0,1099.0,1094.0,2834.0,2154.0,7695.0,846.0,2639.0,0.0,1090.0,1090.0,1090.0
1.0,14016.0,3283.0,3270.0,6132.0,884.0,0.0,884.0,0.0,1090.0,1090.0,1090.0,1094.0,1096.0,1093.0,4604.0,2811.0,6601.0,0.0,884.0,0.0,1090.0,1090.0,1090.0
1.0,16865.0,3275.0,3270.0,5902.0,1031.0,0.0,0.0,1031.0,1090.0,1090.0,1090.0,1091.0,1095.0,1089.0,6791.0,4566.0,5508.0,0.0,0.0,1031.0,1090.0,1090.0,1090.0
1.0,19492.0,3273.0,3270.0,3485.0,2122.0,0.0,0.0,2122.0,1090.0,1090.0,1090.0,1089.0,1093.0,1091.0,8311.0,6762.0,4419.0,0.0,0.0,2122.0,1090.0,1090.0,1090.0
1.0,19704.0,3279.0,3270.0,884.0,3217.0,0.0,0.0,3217.0,1090.0,1090.0,1090.0,1093.0,1091.0,1095.0,8068.0,8308.0,3328.0,0.0,0.0,3217.0,1090.0,1090.0,1090.0
1.0,17309.0,3289.0,3271.0,1031.0,3285.0,0.0,0.0,3285.0,1090.0,1090.0,1091.0,1098.0,1097.0,1094.0,6975.0,8101.0,2233.0,0.0,0.0,3285.0,1090.0,1090.0,1091.0
1.0,15051.0,3303.0,3273.0,2122.0,2945.0,681.0,0.0,2264.0,1091.0,1091.0,1091.0,1103.0,1099.0,1101.0,5877.0,7004.0,2170.0,681.0,0.0,2264.0,1091.0,1091.0,1091.0
1.0,13870.0,3297.0,3273.0,3217.0,2575.0,1782.0,647.0,146.0,1091.0,1091.0,1091.0,1101.0,1097.0,1099.0,4774.0,5905.0,3191.0,1782.0,647.0,146.0,1091.0,1091.0,1091.0
1.0,13790.0,3284.0,3273.0,3285.0,4617.0,2875.0,1742.0,0.0,1091.0,1091.0,1091.0,1093.0,1095.0,1096.0,3673.0,4808.0,5309.0,2875.0,1742.0,0.0,1091.0,1091.0,1091.0
1.0,13791.0,3279.0,3273.0,2945.0,6121.0,3284.0,2837.0,0.0,1091.0,1091.0,1091.0,1090.0,1095.0,1094.0,2580.0,3713.0,7498.0,3284.0,2837.0,0.0,1091.0,1091.0,1091.0
1.0,13457.0,3278.0,3273.0,2575.0,5876.0,2594.0,3282.0,0.0,1091.0,1091.0,1091.0,1092.0,1092.0,1094.0,2171.0,2618.0,8668.0,2594.0,3282.0,0.0,1091.0,1091.0,1091.0
1.0,12754.0,3292.0,3274.0,4617.0,3455.0,814.0,2641.0,0.0,1091.0,1091.0,1092.0,1095.0,1101.0,1096.0,2861.0,2173.0,7720.0,814.0,2641.0,0.0,1091.0,1091.0,1092.0
1.0,14079.0,3295.0,3275.0,6121.0,908.0,0.0,908.0,0.0,1091.0,1092.0,1092.0,1097.0,1099.0,1099.0,4641.0,2814.0,6624.0,0.0,908.0,0.0,1091.0,1092.0,1092.0
1.0,16905.0,3293.0,3276.0,5876.0,1029.0,0.0,0.0,1029.0,1092.0,1092.0,1092.0,1100.0,1099.0,1094.0,6828.0,4552.0,5525.0,0.0,0.0,1029.0,1092.0,1092.0,1092.0
1.0,19488.0,3295.0,3276.0,3455.0,2125.0,0.0,0.0,2125.0,1092.0,1092.0,1092.0,1104.0,1095.0,1096.0,8322.0,6735.0,4431.0,0.0,0.0,2125.0,1092.0,1092.0,1092.0
1.0,19648.0,3283.0,3277.0,908.0,3226.0,0.0,0.0,3226.0,1092.0,1092.0,1093.0,1094.0,1093.0,1096.0,8032.0,8281.0,3335.0,0.0,0.0,3226.0,1092.0,1092.0,1093.0
1.0,17273.0,3281.0,3277.0,1029.0,3293.0,0.0,0.0,3293.0,1092.0,1092.0,1093.0,1093.0,1092.0,1096.0,6938.0,8096.0,2239.0,0.0,0.0,3293.0,1092.0,1092.0,1093.0
1.0,15021.0,3283.0,3277.0,2125.0,2969.0,708.0,0.0,2261.0,1092.0,1092.0,1093.0,1093.0,1097.0,1093.0,5845.0,7004.0,2172.0,708.0,0.0,2261.0,1092.0,1092.0,1093.0
1.0,13863.0,3296.0,3279.0,3226.0,2602.0,1808.0,658.0,136.0,1093.0,1093.0,1093.0,1095.0,1100.0,1101.0,4752.0,5907.0,3204.0,1808.0,658.0,136.0,1093.0,1093.0,1093.0
1.0,13793.0,3303.0,3279.0,3293.0,4668.0,2907.0,1761.0,0.0,1093.0,1093.0,1093.0,1099.0,1103.0,1101.0,3657.0,4807.0,5329.0,2907.0,1761.0,0.0,1093.0,1093.0,1093.0
1.0,13783.0,3306.0,3280.0,2969.0,6160.0,3298.0,2862.0,0.0,1093.0,1093.0,1094.0,1099.0,1101.0,1106.0,2558.0,3704.0,7521.0,3298.0,2862.0,0.0,1093.0,1093.0,1094.0
1.0,13446.0,3308.0,3281.0,2602.0,5904.0,2593.0,3311.0,0.0,1093.0,1094.0,1094.0,1103.0,1102.0,1103.0,2167.0,2603.0,8676.0,2593.0,3311.0,0.0,1093.0,1094.0,1094.0
1.0,12740.0,3288.0,3282.0,4668.0,3433.0,789.0,2644.0,0.0,1094.0,1094.0,1094.0,1098.0,1094.0,1096.0,2872.0,2159.0,7709.0,789.0,2644.0,0.0,1094.0,1094.0,1094.0
1.0,14120.0,3283.0,3282.0,6160.0,873.0,0.0,873.0,0.0,1094.0,1094.0,1094.0,1097.0,1091.0,1095.0,4681.0,2826.0,6613.0,0.0,873.0,0.0,1094.0,1094.0,1094.0
1.0,16997.0,3285.0,3282.0,5904.0,1045.0,0.0,0.0,1045.0,1094.0,1094.0,1094.0,1097.0,1095.0,1093.0,6882.0,4597.0,5518.0,0.0,0.0,1045.0,1094.0,1094.0,1094.0
1.0,19616.0,3295.0,3283.0,3433.0,2147.0,0.0,0.0,2147.0,1094.0,1094.0,1095.0,1100.0,1098.0,1097.0,8378.0,6813.0,4425.0,0.0,0.0,2147.0,1094.0,1094.0,1095.0
1.0,19754.0,3305.0,3283.0,873.0,3246.0,0.0,0.0,3246.0,1094.0,1094.0,1095.0,1102.0,1104.0,1099.0,8067.0,8359.0,3328.0,0.0,0.0,3246.0,1094.0,1094.0,1095.0
1.0,17322.0,3313.0,3285.0,1045.0,3306.0,0.0,0.0,3306.0,1095.0,1095.0,1095.0,1103.0,1105.0,1105.0,6965.0,8128.0,2229.0,0.0,0.0,3306.0,1095.0,1095.0,1095.0
1.0,15054.0,3302.0,3285.0,2147.0,2973.0,708.0,0.0,2265.0,1095.0,1095.0,1095.0,1095.0,1101.0,1106.0,5862.0,7023.0,2169.0,708.0,0.0,2265.0,1095.0,1095.0,1095.0
1.0,13899.0,3304.0,3286.0,3246.0,2589.0,1811.0,650.0,128.0,1095.0,1095.0,1096.0,1103.0,1097.0,1104.0,4767.0,5922.0,3210.0,1811.0,650.0,128.0,1095.0,1095.0,1096.0
1.0,13841.0,3287.0,3286.0,3306.0,4652.0,2906.0,1746.0,0.0,1095.0,1095.0,1096.0,1095.0,1096.0,1096.0,3664.0,4825.0,5352.0,2906.0,1746.0,0.0,1095.0,1095.0,1096.0
1.0,13860.0,3290.0,3286.0,2973.0,6137.0,3293.0,2844.0,0.0,1095.0,1095.0,1096.0,1095.0,1098.0,1097.0,2569.0,3729.0,7562.0,3293.0,2844.0,0.0,1095.0,1095.0,1096.0
1.0,13543.0,3303.0,3287.0,2589.0,5886.0,2585.0,3301.0,0.0,1095.0,1096.0,1096.0,1103.0,1102.0,1098.0,2182.0,2631.0,8730.0,2585.0,3301.0,0.0,1095.0,1096.0,1096.0
1.0,12829.0,3302.0,3288.0,4652.0,3441.0,786.0,2655.0,0.0,1096.0,1096.0,1096.0,1102.0,1100.0,1100.0,2890.0,2179.0,7760.0,786.0,2655.0,0.0,1096.0,1096.0,1096.0
1.0,14179.0,3314.0,3288.0,6137.0,918.0,0.0,918.0,0.0,1096.0,1096.0,1096.0,1104.0,1107.0,1103.0,4694.0,2825.0,6660.0,0.0,918.0,0.0,1096.0,1096.0,1096.0
1.0,17002.0,3305.0,3289.0,5886.0,1027.0,0.0,0.0,1027.0,1096.0,1096.0,1097.0,1103.0,1103.0,1099.0,6883.0,4562.0,5557.0,0.0,0.0,1027.0,1096.0,1096.0,1097.0
1.0,19583.0,3304.0,3289.0,3441.0,2126.0,0.0,0.0,2126.0,1096.0,1096.0,1097.0,1103.0,1102.0,1099.0,8365.0,6760.0,4458.0,0.0,0.0,2126.0,1096.0,1096.0,1097.0
1.0,19720.0,3294.0,3290.0,918.0,3222.0,0.0,0.0,3222.0,1096.0,1097.0,1097.0,1097.0,1101.0,1096.0,8048.0,8313.0,3359.0,0.0,0.0,3222.0,1096.0,1097.0,1097.0
1.0,17344.0,3301.0,3291.0,1027.0,3292.0,0.0,0.0,3292.0,1097.0,1097.0,1097.0,1104.0,1100.0,1097.0,6951.0,8130.0,2263.0,0.0,0.0,3292.0,1097.0,1097.0,1097.0
1.0,15070.0,3306.0,3291.0,2126.0,3009.0,743.0,0.0,2266.0,1097.0,1097.0,1097.0,1105.0,1101.0,1100.0,5847.0,7030.0,2193.0,743.0,0.0,2266.0,1097.0,1097.0,1097.0
1.0,13890.0,3326.0,3291.0,3222.0,2669.0,1847.0,665.0,157.0,1097.0,1097.0,1097.0,1104.0,1109.0,1113.0,4742.0,5929.0,3219.0,1847.0,665.0,157.0,1097.0,1097.0,1097.0
1.0,13786.0,3318.0,3294.0,3292.0,4730.0,2956.0,1774.0,0.0,1098.0,1098.0,1098.0,1104.0,1104.0,1110.0,3638.0,4820.0,5328.0,2956.0,1774.0,0.0,1098.0,1098.0,1098.0
1.0,13760.0,3309.0,3294.0,3009.0,6186.0,3311.0,2875.0,0.0,1098.0,1098.0,1098.0,1098.0,1101.0,1110.0,2534.0,3716.0,7510.0,3311.0,2875.0,0.0,1098.0,1098.0,1098.0
1.0,13460.0,3295.0,3294.0,2669.0,5870.0,2563.0,3307.0,0.0,1098.0,1098.0,1098.0,1099.0,1097.0,1099.0,2179.0,2615.0,8666.0,2563.0,3307.0,0.0,1098.0,1098.0,1098.0
1.0,12834.0,3304.0,3294.0,4730.0,3343.0,708.0,2635.0,0.0,1098.0,1098.0,1098.0,1101.0,1102.0,1101.0,2927.0,2183.0,7724.0,708.0,2635.0,0.0,1098.0,1098.0,1098.0
1.0,14260.0,3305.0,3294.0,6186.0,861.0,0.0,861.0,0.0,1098.0,1098.0,1098.0,1105.0,1101.0,1099.0,4782.0,2855.0,6623.0,0.0,861.0,0.0,1098.0,1098.0,1098.0
1.0,17141.0,3310.0,3294.0,5870.0,1070.0,0.0,0.0,1070.0,1098.0,1098.0,1098.0,1103.0,1103.0,1104.0,6988.0,4629.0,5524.0,0.0,0.0,1070.0,1098.0,1098.0,1098.0
1.0,19701.0,3314.0,3295.0,3343.0,2180.0,0.0,0.0,2180.0,1098.0,1098.0,1099.0,1105.0,1104.0,1105.0,8448.0,6833.0,4420.0,0.0,0.0,2180.0,1098.0,1098.0,1099.0
1.0,19730.0,3328.0,3297.0,861.0,3290.0,0.0,0.0,3290.0,1099.0,1099.0,1099.0,1109.0,1109.0,1110.0,8051.0,8364.0,3315.0,0.0,0.0,3290.0,1099.0,1099.0,1099.0
1.0,17263.0,3321.0,3297.0,1070.0,3329.0,0.0,0.0,3329.0,1099.0,1099.0,1099.0,1106.0,1106.0,1109.0,6942.0,8116.0,2205.0,0.0,0.0,3329.0,1099.0,1099.0,1099.0
1.0,15012.0,3303.0,3297.0,2180.0,3011.0,759.0,0.0,2252.0,1099.0,1099.0,1099.0,1100.0,1100.0,1103.0,5836.0,7010.0,2166.0,759.0,0.0,2252.0,1099.0,1099.0,1099.0
1.0,13889.0,3307.0,3297.0,3290.0,2613.0,1861.0,684.0,68.0,1099.0,1099.0,1099.0,1102.0,1099.0,1106.0,4736.0,5910.0,3243.0,1861.0,684.0,68.0,1099.0,1099.0,1099.0
1.0,13872.0,3311.0,3298.0,3329.0,4753.0,2964.0,1789.0,0.0,1099.0,1099.0,1100.0,1103.0,1105.0,1103.0,3634.0,4811.0,5427.0,2964.0,1789.0,0.0,1099.0,1099.0,1100.0
1.0,13890.0,3315.0,3299.0,3011.0,6209.0,3311.0,2898.0,0.0,1099.0,1100.0,1100.0,1106.0,1104.0,1105.0,2531.0,3706.0,7653.0,3311.0,2898.0,0.0,1099.0,1100.0,1100.0
1.0,13586.0,3332.0,3300.0,2613.0,5890.0,2566.0,3324.0,0.0,1100.0,1100.0,1100.0,1111.0,1110.0,1111.0,2184.0,2602.0,8800.0,2566.0,3324.0,0.0,1100.0,1100.0,1100.0
1.0,12867.0,3326.0,3301.0,4753.0,3355.0,711.0,2644.0,0.0,1100.0,1100.0,1101.0,1109.0,1109.0,1108.0,2934.0,2176.0,7757.0,711.0,2644.0,0.0,1100.0,1100.0,1101.0
1.0,14294.0,3322.0,3302.0,6209.0,855.0,0.0,855.0,0.0,1101.0,1100.0,1101.0,1108.0,1109.0,1105.0,4789.0,2856.0,6649.0,0.0,855.0,0.0,1101.0,1100.0,1101.0
1.0,17181.0,3315.0,3303.0,5890.0,1064.0,0.0,0.0,1064.0,1101.0,1101.0,1101.0,1102.0,1110.0,1103.0,6992.0,4645.0,5544.0,0.0,0.0,1064.0,1101.0,1101.0,1101.0
1.0,19756.0,3314.0,3303.0,3355.0,2167.0,0.0,0.0,2167.0,1101.0,1101.0,1101.0,1105.0,1106.0,1103.0,8456.0,6859.0,4441.0,0.0,0.0,2167.0,1101.0,1101.0,1101.0
1.0,19797.0,3313.0,3303.0,855.0,3275.0,0.0,0.0,3275.0,1101.0,1101.0,1101.0,1102.0,1103.0,1108.0,8062.0,8397.0,3338.0,0.0,0.0,3275.0,1101.0,1101.0,1101.0
1.0,17339.0,3320.0,3303.0,1064.0,3321.0,0.0,0.0,3321.0,1101.0,1101.0,1101.0,1106.0,1104.0,1110.0,6960.0,8149.0,2230.0,0.0,0.0,3321.0,1101.0,1101.0,1101.0
1.0,15083.0,3332.0,3304.0,2167.0,3033.0,762.0,0.0,2271.0,1101.0,1101.0,1102.0,1111.0,1109.0,1112.0,5854.0,7045.0,2184.0,762.0,0.0,2271.0,1101.0,1101.0,1102.0
1.0,13918.0,3333.0,3306.0,3275.0,2670.0,1875.0,684.0,111.0,1102.0,1102.0,1102.0,1108.0,1110.0,1115.0,4743.0,5936.0,3239.0,1875.0,684.0,111.0,1102.0,1102.0,1102.0
1.0,13860.0,3332.0,3306.0,3321.0,4783.0,2986.0,1797.0,0.0,1102.0,1102.0,1102.0,1111.0,1113.0,1108.0,3635.0,4826.0,5399.0,2986.0,1797.0,0.0,1102.0,1102.0,1102.0
1.0,13849.0,3317.0,3307.0,3033.0,6233.0,3328.0,2905.0,0.0,1102.0,1102.0,1103.0,1104.0,1108.0,1105.0,2524.0,3713.0,7612.0,3328.0,2905.0,0.0,1102.0,1102.0,1103.0
1.0,13565.0,3304.0,3307.0,2670.0,5878.0,2553.0,3325.0,0.0,1102.0,1102.0,1103.0,1100.0,1104.0,1100.0,2182.0,2605.0,8778.0,2553.0,3325.0,0.0,1102.0,1102.0,1103.0
1.0,12931.0,3318.0,3307.0,4783.0,3306.0,673.0,2633.0,0.0,1102.0,1102.0,1103.0,1106.0,1105.0,1107.0,2957.0,2185.0,7789.0,673.0,2633.0,0.0,1102.0,1102.0,1103.0
1.0,14396.0,3306.0,3308.0,6233.0,837.0,0.0,837.0,0.0,1102.0,1103.0,1103.0,1104.0,1104.0,1098.0,4837.0,2877.0,6682.0,0.0,837.0,0.0,1102.0,1103.0,1103.0
1.0,17323.0,3335.0,3309.0,5878.0,1042.0,0.0,0.0,1042.0,1103.0,1103.0,1103.0,1115.0,1109.0,1111.0,7061.0,4678.0,5584.0,0.0,0.0,1042.0,1103.0,1103.0,1103.0
1.0,19866.0,3338.0,3310.0,3306.0,2162.0,0.0,0.0,2162.0,1103.0,1103.0,1104.0,1116.0,1107.0,1115.0,8499.0,6894.0,4473.0,0.0,0.0,2162.0,1103.0,1103.0,1104.0
1.0,19834.0,3331.0,3310.0,837.0,3273.0,0.0,0.0,3273.0,1103.0,1103.0,1104.0,1111.0,1109.0,1111.0,8056.0,8420.0,3358.0,0.0,0.0,3273.0,1103.0,1103.0,1104.0
1.0,17340.0,3324.0,3311.0,1042.0,3341.0,0.0,0.0,3341.0,1104.0,1103.0,1104.0,1107.0,1107.0,1110.0,6945.0,8148.0,2247.0,0.0,0.0,3341.0,1104.0,1103.0,1104.0
1.0,15058.0,3317.0,3311.0,2162.0,3075.0,788.0,0.0,2287.0,1104.0,1103.0,1104.0,1106.0,1103.0,1108.0,5838.0,7041.0,2179.0,788.0,0.0,2287.0,1104.0,1103.0,1104.0
1.0,13903.0,3316.0,3312.0,3273.0,2700.0,1890.0,688.0,122.0,1104.0,1104.0,1104.0,1102.0,1106.0,1108.0,4732.0,5938.0,3233.0,1890.0,688.0,122.0,1104.0,1104.0,1104.0
1.0,13860.0,3326.0,3312.0,3341.0,4797.0,2998.0,1799.0,0.0,1104.0,1104.0,1104.0,1108.0,1111.0,1107.0,3630.0,4832.0,5398.0,2998.0,1799.0,0.0,1104.0,1104.0,1104.0
1.0,13875.0,3340.0,3313.0,3075.0,6239.0,3326.0,2913.0,0.0,1104.0,1104.0,1105.0,1116.0,1114.0,1110.0,2522.0,3721.0,7632.0,3326.0,2913.0,0.0,1104.0,1104.0,1105.0
1.0,13610.0,3346.0,3315.0,2700.0,5902.0,2559.0,3343.0,0.0,1105.0,1105.0,1105.0,1118.0,1113.0,1115.0,2194.0,2607.0,8809.0,2559.0,3343.0,0.0,1105.0,1105.0,1105.0
