id,inv,demand,forecast,received_shipment,order,Order_Supplier_0,Forecast_Retailer_0,Forecast_Retailer_1,Demand_Retailer_0,Demand_Retailer_1
0.0,0.0,1512.0,1512.0,0.0,6048.0,6048.0,1060.0,452.0,1060.0,452.0
0.0,0.0,1416.0,1464.0,0.0,5856.0,5856.0,1026.0,438.0,992.0,424.0
0.0,0.0,1524.0,1484.0,6048.0,4340.0,4340.0,1040.0,444.0,1068.0,456.0
0.0,1596.0,1524.0,1494.0,5856.0,48.0,48.0,1047.0,447.0,1068.0,456.0
0.0,5928.0,0.0,1196.0,4340.0,0.0,0.0,838.0,358.0,0.0,0.0
0.0,10268.0,0.0,996.0,48.0,0.0,0.0,698.0,298.0,0.0,0.0
0.0,10316.0,0.0,853.0,0.0,0.0,0.0,598.0,255.0,0.0,0.0
0.0,10316.0,0.0,748.0,0.0,0.0,0.0,524.0,224.0,0.0,0.0
0.0,10316.0,0.0,664.0,0.0,0.0,0.0,465.0,199.0,0.0,0.0
0.0,10316.0,0.0,598.0,0.0,0.0,0.0,419.0,179.0,0.0,0.0
0.0,10316.0,0.0,544.0,0.0,0.0,0.0,381.0,163.0,0.0,0.0
0.0,10316.0,0.0,498.0,0.0,0.0,0.0,349.0,149.0,0.0,0.0
0.0,10316.0,0.0,460.0,0.0,0.0,0.0,322.0,138.0,0.0,0.0
0.0,10316.0,174.0,440.0,0.0,0.0,0.0,308.0,132.0,120.0,54.0
0.0,10142.0,595.0,450.0,0.0,0.0,0.0,315.0,135.0,413.0,182.0
0.0,9547.0,830.0,473.0,0.0,0.0,0.0,331.0,142.0,579.0,251.0
0.0,8717.0,540.0,477.0,0.0,0.0,0.0,334.0,143.0,381.0,159.0
0.0,8177.0,120.0,458.0,0.0,0.0,0.0,321.0,137.0,89.0,31.0
0.0,8057.0,2.0,434.0,0.0,0.0,0.0,304.0,130.0,2.0,0.0
0.0,8055.0,291.0,427.0,0.0,0.0,0.0,299.0,128.0,202.0,89.0
0.0,7764.0,660.0,437.0,0.0,0.0,0.0,306.0,131.0,457.0,203.0
0.0,7104.0,653.0,447.0,0.0,0.0,0.0,313.0,134.0,454.0,199.0
0.0,6451.0,260.0,439.0,0.0,0.0,0.0,307.0,132.0,184.0,76.0
0.0,6191.0,0.0,421.0,0.0,0.0,0.0,295.0,126.0,0.0,0.0
0.0,6191.0,38.0,406.0,0.0,0.0,0.0,284.0,122.0,30.0,8.0
0.0,6153.0,337.0,403.0,0.0,0.0,0.0,282.0,121.0,241.0,96.0
0.0,5816.0,617.0,411.0,0.0,0.0,0.0,288.0,123.0,432.0,185.0
0.0,5199.0,660.0,420.0,0.0,0.0,0.0,294.0,126.0,458.0,202.0
0.0,4539.0,448.0,420.0,0.0,0.0,0.0,294.0,126.0,308.0,140.0
0.0,4091.0,234.0,414.0,0.0,0.0,0.0,290.0,124.0,162.0,72.0
0.0,3857.0,225.0,408.0,0.0,0.0,0.0,286.0,122.0,164.0,61.0
0.0,3632.0,361.0,407.0,0.0,0.0,0.0,285.0,122.0,258.0,103.0
0.0,3271.0,522.0,410.0,0.0,0.0,0.0,287.0,123.0,364.0,158.0
0.0,2749.0,532.0,414.0,0.0,0.0,0.0,290.0,124.0,367.0,165.0
0.0,2217.0,314.0,411.0,0.0,0.0,0.0,288.0,123.0,215.0,99.0
0.0,1903.0,61.0,401.0,0.0,0.0,0.0,281.0,120.0,44.0,17.0
0.0,1842.0,33.0,391.0,0.0,0.0,0.0,274.0,117.0,31.0,2.0
0.0,1809.0,242.0,388.0,0.0,0.0,0.0,272.0,116.0,175.0,67.0
0.0,1567.0,586.0,393.0,0.0,591.0,591.0,275.0,118.0,408.0,178.0
0.0,981.0,722.0,401.0,0.0,1345.0,1345.0,281.0,120.0,499.0,223.0
0.0,259.0,543.0,404.0,591.0,1309.0,1309.0,283.0,121.0,374.0,169.0
0.0,307.0,224.0,400.0,1345.0,172.0,172.0,280.0,120.0,157.0,67.0
0.0,1428.0,81.0,393.0,1309.0,0.0,0.0,275.0,118.0,64.0,17.0
0.0,2656.0,308.0,391.0,172.0,0.0,0.0,274.0,117.0,222.0,86.0
0.0,2520.0,611.0,395.0,0.0,0.0,0.0,277.0,118.0,427.0,184.0
0.0,1909.0,687.0,402.0,0.0,386.0,386.0,281.0,121.0,474.0,213.0
0.0,1222.0,395.0,402.0,0.0,781.0,781.0,281.0,121.0,270.0,125.0
0.0,827.0,52.0,394.0,386.0,415.0,415.0,276.0,118.0,37.0,15.0
0.0,1161.0,0.0,386.0,781.0,0.0,0.0,270.0,116.0,0.0,0.0
0.0,1942.0,224.0,383.0,415.0,0.0,0.0,268.0,115.0,164.0,60.0
0.0,2133.0,591.0,387.0,0.0,6.0,6.0,271.0,116.0,422.0,169.0
0.0,1542.0,697.0,393.0,0.0,727.0,727.0,275.0,118.0,488.0,209.0
0.0,845.0,467.0,373.0,6.0,1108.0,1108.0,261.0,112.0,319.0,148.0
0.0,384.0,174.0,349.0,727.0,459.0,459.0,244.0,105.0,112.0,62.0
0.0,937.0,161.0,323.0,1108.0,0.0,0.0,226.0,97.0,111.0,50.0
0.0,1884.0,441.0,302.0,459.0,0.0,0.0,211.0,91.0,318.0,123.0
0.0,1902.0,711.0,316.0,0.0,73.0,73.0,221.0,95.0,507.0,204.0
0.0,1191.0,657.0,328.0,0.0,778.0,778.0,230.0,98.0,460.0,197.0
0.0,534.0,317.0,334.0,73.0,1046.0,1046.0,234.0,100.0,214.0,103.0
0.0,290.0,6.0,335.0,778.0,278.0,278.0,234.0,101.0,0.0,6.0
0.0,1062.0,75.0,336.0,1046.0,0.0,0.0,235.0,101.0,54.0,21.0
0.0,2033.0,379.0,343.0,278.0,0.0,0.0,240.0,103.0,268.0,111.0
0.0,1932.0,639.0,356.0,0.0,131.0,131.0,249.0,107.0,450.0,189.0
0.0,1293.0,562.0,367.0,0.0,737.0,737.0,257.0,110.0,393.0,169.0
0.0,731.0,274.0,372.0,131.0,900.0,900.0,260.0,112.0,190.0,84.0
0.0,588.0,96.0,370.0,737.0,251.0,251.0,259.0,111.0,65.0,31.0
0.0,1229.0,204.0,363.0,900.0,0.0,0.0,254.0,109.0,142.0,62.0
0.0,1925.0,562.0,357.0,251.0,0.0,0.0,250.0,107.0,396.0,166.0
0.0,1614.0,817.0,363.0,0.0,655.0,655.0,254.0,109.0,575.0,242.0
0.0,797.0,678.0,374.0,0.0,1377.0,1377.0,262.0,112.0,475.0,203.0
0.0,119.0,294.0,379.0,655.0,1036.0,1036.0,265.0,114.0,203.0,91.0
0.0,480.0,69.0,375.0,1377.0,0.0,0.0,262.0,113.0,46.0,23.0
0.0,1788.0,152.0,366.0,1036.0,0.0,0.0,256.0,110.0,104.0,48.0
0.0,2672.0,473.0,361.0,0.0,0.0,0.0,253.0,108.0,332.0,141.0
0.0,2199.0,661.0,370.0,0.0,0.0,0.0,259.0,111.0,467.0,194.0
0.0,1538.0,534.0,380.0,0.0,516.0,516.0,266.0,114.0,377.0,157.0
0.0,1004.0,193.0,383.0,0.0,721.0,721.0,268.0,115.0,134.0,59.0
0.0,811.0,0.0,376.0,516.0,177.0,177.0,263.0,113.0,0.0,0.0
0.0,1327.0,186.0,367.0,721.0,0.0,0.0,257.0,110.0,125.0,61.0
0.0,1862.0,614.0,367.0,177.0,43.0,43.0,257.0,110.0,425.0,189.0
0.0,1425.0,858.0,374.0,0.0,929.0,929.0,262.0,112.0,602.0,256.0
0.0,567.0,759.0,385.0,43.0,1539.0,1539.0,270.0,115.0,536.0,223.0
0.0,1.0,363.0,387.0,929.0,1131.0,1131.0,271.0,116.0,257.0,106.0
0.0,417.0,187.0,384.0,1539.0,0.0,0.0,269.0,115.0,131.0,56.0
0.0,1769.0,104.0,376.0,1131.0,0.0,0.0,263.0,113.0,70.0,34.0
0.0,2796.0,287.0,372.0,0.0,0.0,0.0,260.0,112.0,198.0,89.0
0.0,2509.0,524.0,376.0,0.0,0.0,0.0,263.0,113.0,364.0,160.0
0.0,1985.0,524.0,384.0,0.0,75.0,75.0,269.0,115.0,367.0,157.0
0.0,1461.0,361.0,391.0,0.0,464.0,464.0,274.0,117.0,257.0,104.0
0.0,1100.0,202.0,390.0,75.0,587.0,587.0,273.0,117.0,147.0,55.0
0.0,973.0,195.0,383.0,464.0,290.0,290.0,268.0,115.0,138.0,57.0
0.0,1242.0,338.0,376.0,587.0,13.0,13.0,263.0,113.0,231.0,107.0
0.0,1491.0,552.0,376.0,290.0,275.0,275.0,263.0,113.0,379.0,173.0
0.0,1229.0,667.0,384.0,13.0,961.0,961.0,269.0,115.0,466.0,201.0
0.0,575.0,571.0,393.0,275.0,1293.0,1293.0,275.0,118.0,405.0,166.0
0.0,279.0,408.0,396.0,961.0,752.0,752.0,277.0,119.0,293.0,115.0
0.0,832.0,348.0,390.0,1293.0,0.0,0.0,273.0,117.0,244.0,104.0
0.0,1777.0,381.0,384.0,752.0,0.0,0.0,269.0,115.0,261.0,120.0
0.0,2148.0,369.0,384.0,0.0,0.0,0.0,269.0,115.0,252.0,117.0
0.0,1779.0,351.0,390.0,0.0,132.0,132.0,273.0,117.0,245.0,106.0
0.0,1428.0,337.0,396.0,0.0,493.0,493.0,277.0,119.0,240.0,97.0
0.0,1091.0,317.0,397.0,132.0,682.0,682.0,278.0,119.0,227.0,90.0
0.0,906.0,276.0,392.0,493.0,445.0,445.0,274.0,118.0,196.0,80.0
0.0,1123.0,347.0,385.0,682.0,82.0,82.0,269.0,116.0,239.0,108.0
0.0,1458.0,442.0,385.0,445.0,79.0,79.0,269.0,116.0,303.0,139.0
0.0,1461.0,565.0,392.0,82.0,590.0,590.0,274.0,118.0,394.0,171.0
0.0,978.0,610.0,401.0,79.0,1157.0,1157.0,281.0,120.0,432.0,178.0
0.0,447.0,527.0,403.0,590.0,1102.0,1102.0,282.0,121.0,377.0,150.0
0.0,510.0,347.0,396.0,1157.0,264.0,264.0,277.0,119.0,246.0,101.0
0.0,1320.0,329.0,389.0,1102.0,0.0,0.0,272.0,117.0,224.0,105.0
0.0,2093.0,426.0,391.0,264.0,0.0,0.0,274.0,117.0,290.0,136.0
0.0,1931.0,489.0,400.0,0.0,158.0,158.0,280.0,120.0,339.0,150.0
0.0,1442.0,405.0,407.0,0.0,591.0,591.0,285.0,122.0,290.0,115.0
0.0,1037.0,312.0,406.0,158.0,741.0,741.0,284.0,122.0,228.0,84.0
0.0,883.0,263.0,398.0,591.0,381.0,381.0,279.0,119.0,187.0,76.0
0.0,1211.0,288.0,393.0,741.0,0.0,0.0,275.0,118.0,195.0,93.0
0.0,1664.0,417.0,396.0,381.0,0.0,0.0,277.0,119.0,281.0,136.0
0.0,1628.0,533.0,404.0,0.0,521.0,521.0,283.0,121.0,369.0,164.0
0.0,1095.0,525.0,410.0,0.0,1070.0,1070.0,287.0,123.0,374.0,151.0
0.0,570.0,454.0,408.0,521.0,995.0,995.0,286.0,122.0,330.0,124.0
0.0,637.0,405.0,400.0,1070.0,298.0,298.0,280.0,120.0,289.0,116.0
0.0,1302.0,391.0,394.0,995.0,0.0,0.0,276.0,118.0,267.0,124.0
0.0,1906.0,443.0,397.0,298.0,0.0,0.0,278.0,119.0,298.0,145.0
0.0,1761.0,493.0,406.0,0.0,356.0,356.0,284.0,122.0,340.0,153.0
0.0,1268.0,492.0,413.0,0.0,876.0,876.0,289.0,124.0,353.0,139.0
0.0,776.0,309.0,410.0,356.0,817.0,817.0,287.0,123.0,229.0,80.0
0.0,823.0,183.0,400.0,876.0,84.0,84.0,280.0,120.0,133.0,50.0
0.0,1516.0,228.0,394.0,817.0,0.0,0.0,276.0,118.0,152.0,76.0
0.0,2105.0,462.0,399.0,84.0,0.0,0.0,279.0,120.0,309.0,153.0
0.0,1727.0,647.0,412.0,0.0,568.0,568.0,288.0,124.0,447.0,200.0
0.0,1080.0,632.0,420.0,0.0,1232.0,1232.0,294.0,126.0,449.0,183.0
0.0,448.0,423.0,417.0,568.0,1075.0,1075.0,292.0,125.0,309.0,114.0
0.0,593.0,251.0,405.0,1232.0,46.0,46.0,284.0,121.0,182.0,69.0
0.0,1574.0,277.0,396.0,1075.0,0.0,0.0,277.0,119.0,187.0,90.0
0.0,2372.0,454.0,397.0,46.0,0.0,0.0,278.0,119.0,306.0,148.0
0.0,1964.0,664.0,406.0,0.0,324.0,324.0,284.0,122.0,458.0,206.0
0.0,1300.0,654.0,417.0,0.0,1022.0,1022.0,292.0,125.0,463.0,191.0
0.0,646.0,420.0,420.0,324.0,1130.0,1130.0,294.0,126.0,307.0,113.0
0.0,550.0,151.0,412.0,1022.0,227.0,227.0,289.0,123.0,115.0,36.0
0.0,1421.0,66.0,404.0,1130.0,0.0,0.0,283.0,121.0,40.0,26.0
0.0,2485.0,257.0,402.0,227.0,0.0,0.0,281.0,121.0,167.0,90.0
0.0,2455.0,616.0,409.0,0.0,0.0,0.0,286.0,123.0,423.0,193.0
0.0,1839.0,779.0,421.0,0.0,624.0,624.0,294.0,127.0,551.0,228.0
0.0,1060.0,584.0,426.0,0.0,1228.0,1228.0,298.0,128.0,420.0,164.0
0.0,476.0,267.0,421.0,624.0,851.0,851.0,295.0,126.0,194.0,73.0
0.0,833.0,180.0,411.0,1228.0,0.0,0.0,288.0,123.0,123.0,57.0
0.0,1881.0,386.0,407.0,851.0,0.0,0.0,285.0,122.0,260.0,126.0
0.0,2346.0,709.0,413.0,0.0,15.0,15.0,289.0,124.0,489.0,220.0
0.0,1637.0,845.0,423.0,0.0,900.0,900.0,296.0,127.0,594.0,251.0
0.0,792.0,598.0,427.0,15.0,1499.0,1499.0,299.0,128.0,430.0,168.0
0.0,209.0,168.0,423.0,900.0,751.0,751.0,296.0,127.0,125.0,43.0
0.0,941.0,1.0,416.0,1499.0,0.0,0.0,292.0,124.0,0.0,1.0
0.0,2439.0,195.0,414.0,751.0,0.0,0.0,290.0,124.0,126.0,69.0
0.0,2995.0,588.0,419.0,0.0,0.0,0.0,293.0,126.0,399.0,189.0
0.0,2407.0,760.0,428.0,0.0,65.0,65.0,299.0,129.0,531.0,229.0
0.0,1647.0,602.0,433.0,0.0,687.0,687.0,303.0,130.0,434.0,168.0
0.0,1045.0,277.0,430.0,65.0,887.0,887.0,301.0,129.0,206.0,71.0
0.0,833.0,149.0,422.0,687.0,317.0,317.0,296.0,126.0,104.0,45.0
0.0,1371.0,385.0,417.0,887.0,0.0,0.0,292.0,125.0,257.0,128.0
0.0,1873.0,719.0,421.0,317.0,213.0,213.0,294.0,127.0,491.0,228.0
0.0,1471.0,862.0,431.0,0.0,1115.0,1115.0,301.0,130.0,605.0,257.0
0.0,609.0,612.0,437.0,213.0,1538.0,1538.0,306.0,131.0,442.0,170.0
0.0,210.0,277.0,434.0,1115.0,688.0,688.0,304.0,130.0,204.0,73.0
0.0,1048.0,74.0,425.0,1538.0,0.0,0.0,298.0,127.0,48.0,26.0
0.0,2512.0,296.0,423.0,688.0,0.0,0.0,296.0,127.0,193.0,103.0
0.0,2904.0,610.0,429.0,0.0,0.0,0.0,300.0,129.0,417.0,193.0
0.0,2294.0,702.0,438.0,0.0,160.0,160.0,306.0,132.0,497.0,205.0
0.0,1592.0,426.0,440.0,0.0,594.0,594.0,308.0,132.0,314.0,112.0
0.0,1166.0,175.0,435.0,160.0,589.0,589.0,305.0,130.0,133.0,42.0
0.0,1151.0,248.0,431.0,594.0,227.0,227.0,302.0,129.0,168.0,80.0
0.0,1497.0,510.0,430.0,589.0,144.0,144.0,301.0,129.0,341.0,169.0
0.0,1576.0,759.0,436.0,227.0,700.0,700.0,305.0,131.0,521.0,238.0
0.0,1044.0,770.0,443.0,144.0,1354.0,1354.0,310.0,133.0,546.0,224.0
0.0,418.0,553.0,446.0,700.0,1219.0,1219.0,312.0,134.0,403.0,150.0
0.0,565.0,284.0,442.0,1354.0,133.0,133.0,310.0,132.0,209.0,75.0
0.0,1635.0,174.0,437.0,1219.0,0.0,0.0,306.0,131.0,116.0,58.0
0.0,2680.0,272.0,433.0,133.0,0.0,0.0,303.0,130.0,173.0,99.0
0.0,2541.0,500.0,436.0,0.0,0.0,0.0,305.0,131.0,340.0,160.0
0.0,2041.0,601.0,444.0,0.0,336.0,336.0,310.0,134.0,428.0,173.0
0.0,1440.0,378.0,447.0,0.0,726.0,726.0,313.0,134.0,281.0,97.0
0.0,1062.0,220.0,442.0,336.0,590.0,590.0,310.0,132.0,164.0,56.0
0.0,1178.0,236.0,435.0,726.0,72.0,72.0,305.0,130.0,159.0,77.0
0.0,1668.0,446.0,431.0,590.0,0.0,0.0,302.0,129.0,296.0,150.0
0.0,1812.0,630.0,435.0,72.0,486.0,486.0,304.0,131.0,430.0,200.0
0.0,1254.0,624.0,442.0,0.0,1138.0,1138.0,309.0,133.0,442.0,182.0
0.0,630.0,482.0,446.0,486.0,1150.0,1150.0,312.0,134.0,355.0,127.0
0.0,634.0,337.0,444.0,1138.0,341.0,341.0,311.0,133.0,248.0,89.0
0.0,1435.0,306.0,437.0,1150.0,0.0,0.0,306.0,131.0,209.0,97.0
0.0,2279.0,456.0,433.0,341.0,0.0,0.0,303.0,130.0,302.0,154.0
0.0,2164.0,533.0,435.0,0.0,109.0,109.0,304.0,131.0,361.0,172.0
0.0,1631.0,487.0,442.0,0.0,624.0,624.0,309.0,133.0,346.0,141.0
0.0,1144.0,372.0,447.0,109.0,907.0,907.0,313.0,134.0,276.0,96.0
0.0,881.0,256.0,448.0,624.0,543.0,543.0,314.0,134.0,191.0,65.0
0.0,1249.0,320.0,442.0,907.0,0.0,0.0,310.0,132.0,220.0,100.0
0.0,1836.0,488.0,437.0,543.0,0.0,0.0,306.0,131.0,326.0,162.0
0.0,1891.0,585.0,436.0,0.0,438.0,438.0,305.0,131.0,398.0,187.0
0.0,1306.0,584.0,442.0,0.0,1046.0,1046.0,309.0,133.0,413.0,171.0
0.0,722.0,509.0,449.0,438.0,1145.0,1145.0,314.0,135.0,372.0,137.0
0.0,651.0,495.0,451.0,1046.0,602.0,602.0,316.0,135.0,358.0,137.0
0.0,1202.0,537.0,448.0,1145.0,0.0,0.0,314.0,134.0,372.0,165.0
0.0,1810.0,569.0,443.0,602.0,0.0,0.0,310.0,133.0,383.0,186.0
0.0,1843.0,470.0,440.0,0.0,387.0,387.0,308.0,132.0,318.0,152.0
0.0,1373.0,366.0,443.0,0.0,765.0,765.0,310.0,133.0,262.0,104.0
0.0,1007.0,319.0,450.0,387.0,725.0,725.0,315.0,135.0,240.0,79.0
0.0,1075.0,421.0,454.0,765.0,397.0,397.0,318.0,136.0,304.0,117.0
0.0,1419.0,556.0,454.0,725.0,228.0,228.0,318.0,136.0,383.0,173.0
0.0,1588.0,516.0,448.0,397.0,323.0,323.0,314.0,134.0,346.0,170.0
0.0,1469.0,441.0,446.0,228.0,528.0,528.0,312.0,134.0,301.0,140.0
0.0,1256.0,409.0,448.0,323.0,622.0,622.0,313.0,135.0,292.0,117.0
0.0,1170.0,401.0,453.0,528.0,515.0,515.0,317.0,136.0,296.0,105.0
0.0,1297.0,576.0,457.0,622.0,485.0,485.0,320.0,137.0,411.0,165.0
0.0,1343.0,699.0,456.0,515.0,665.0,665.0,320.0,136.0,482.0,217.0
0.0,1159.0,614.0,451.0,485.0,774.0,774.0,316.0,135.0,415.0,199.0
0.0,1030.0,456.0,449.0,665.0,557.0,557.0,314.0,135.0,313.0,143.0
0.0,1239.0,356.0,450.0,774.0,143.0,143.0,315.0,135.0,258.0,98.0
0.0,1657.0,309.0,454.0,557.0,0.0,0.0,318.0,136.0,231.0,78.0
0.0,1905.0,294.0,455.0,143.0,66.0,66.0,319.0,136.0,212.0,82.0
0.0,1754.0,392.0,451.0,0.0,442.0,442.0,316.0,135.0,263.0,129.0
0.0,1362.0,573.0,448.0,66.0,937.0,937.0,314.0,134.0,385.0,188.0
0.0,855.0,634.0,452.0,442.0,1145.0,1145.0,316.0,136.0,439.0,195.0
0.0,663.0,498.0,458.0,937.0,730.0,730.0,320.0,138.0,360.0,138.0
0.0,1102.0,253.0,458.0,1145.0,0.0,0.0,321.0,137.0,195.0,58.0
0.0,1994.0,268.0,454.0,730.0,0.0,0.0,318.0,136.0,191.0,77.0
0.0,2456.0,623.0,451.0,0.0,0.0,0.0,316.0,135.0,424.0,199.0
0.0,1833.0,929.0,454.0,0.0,912.0,912.0,318.0,136.0,636.0,293.0
0.0,904.0,870.0,460.0,0.0,1806.0,1806.0,322.0,138.0,604.0,266.0
0.0,34.0,441.0,463.0,912.0,1347.0,1347.0,324.0,139.0,318.0,123.0
0.0,505.0,111.0,462.0,1806.0,0.0,0.0,323.0,139.0,93.0,18.0
0.0,2200.0,127.0,459.0,1347.0,0.0,0.0,322.0,137.0,93.0,34.0
0.0,3420.0,466.0,458.0,0.0,0.0,0.0,321.0,137.0,316.0,150.0
0.0,2954.0,752.0,461.0,0.0,0.0,0.0,323.0,138.0,512.0,240.0
0.0,2202.0,739.0,468.0,0.0,409.0,409.0,327.0,141.0,513.0,226.0
0.0,1463.0,411.0,472.0,0.0,836.0,836.0,330.0,142.0,298.0,113.0
0.0,1052.0,143.0,470.0,409.0,562.0,562.0,329.0,141.0,116.0,27.0
0.0,1318.0,269.0,467.0,836.0,0.0,0.0,327.0,140.0,192.0,77.0
0.0,1885.0,686.0,468.0,562.0,111.0,111.0,328.0,140.0,468.0,218.0
0.0,1761.0,987.0,474.0,0.0,1122.0,1122.0,332.0,142.0,677.0,310.0
0.0,774.0,882.0,482.0,111.0,1925.0,1925.0,337.0,145.0,614.0,268.0
0.0,3.0,423.0,485.0,1122.0,1238.0,1238.0,339.0,146.0,308.0,115.0
0.0,702.0,102.0,480.0,1925.0,0.0,0.0,336.0,144.0,85.0,17.0
0.0,2525.0,226.0,475.0,1238.0,0.0,0.0,333.0,142.0,161.0,65.0
0.0,3537.0,589.0,477.0,0.0,0.0,0.0,334.0,143.0,403.0,186.0
0.0,2948.0,737.0,481.0,0.0,0.0,0.0,337.0,144.0,503.0,234.0
0.0,2211.0,596.0,486.0,0.0,329.0,329.0,340.0,146.0,415.0,181.0
0.0,1615.0,288.0,486.0,0.0,617.0,617.0,340.0,146.0,211.0,77.0
0.0,1327.0,115.0,483.0,329.0,391.0,391.0,338.0,145.0,91.0,24.0
0.0,1541.0,294.0,479.0,617.0,52.0,52.0,336.0,143.0,208.0,86.0
0.0,1864.0,659.0,481.0,391.0,328.0,328.0,337.0,144.0,454.0,205.0
0.0,1596.0,908.0,487.0,52.0,1208.0,1208.0,341.0,146.0,623.0,285.0
0.0,740.0,777.0,492.0,328.0,1677.0,1677.0,344.0,148.0,540.0,237.0
0.0,291.0,480.0,492.0,1208.0,949.0,949.0,344.0,148.0,345.0,135.0
0.0,1019.0,276.0,487.0,1677.0,0.0,0.0,341.0,146.0,207.0,69.0
0.0,2420.0,332.0,482.0,949.0,0.0,0.0,338.0,144.0,237.0,95.0
0.0,3037.0,581.0,484.0,0.0,0.0,0.0,339.0,145.0,396.0,185.0
0.0,2456.0,745.0,491.0,0.0,253.0,253.0,344.0,147.0,506.0,239.0
0.0,1711.0,621.0,498.0,0.0,902.0,902.0,348.0,150.0,431.0,190.0
0.0,1090.0,340.0,496.0,253.0,981.0,981.0,347.0,149.0,250.0,90.0
0.0,1003.0,99.0,487.0,902.0,142.0,142.0,341.0,146.0,84.0,15.0
0.0,1806.0,257.0,482.0,981.0,0.0,0.0,338.0,144.0,184.0,73.0
0.0,2530.0,626.0,485.0,142.0,0.0,0.0,340.0,145.0,428.0,198.0
0.0,2046.0,873.0,494.0,0.0,803.0,803.0,346.0,148.0,598.0,275.0
0.0,1173.0,776.0,502.0,0.0,1611.0,1611.0,351.0,151.0,539.0,237.0
0.0,397.0,436.0,499.0,803.0,1232.0,1232.0,349.0,150.0,313.0,123.0
0.0,764.0,237.0,490.0,1611.0,0.0,0.0,343.0,147.0,179.0,58.0
0.0,2138.0,374.0,485.0,1232.0,0.0,0.0,340.0,145.0,268.0,106.0
0.0,2996.0,700.0,490.0,0.0,0.0,0.0,343.0,147.0,483.0,217.0
0.0,2296.0,866.0,500.0,0.0,570.0,570.0,350.0,150.0,590.0,276.0
0.0,1430.0,697.0,508.0,0.0,1299.0,1299.0,355.0,153.0,481.0,216.0
0.0,733.0,281.0,507.0,570.0,1006.0,1006.0,354.0,153.0,204.0,77.0
0.0,1022.0,51.0,500.0,1299.0,0.0,0.0,350.0,150.0,51.0,0.0
0.0,2270.0,228.0,494.0,1006.0,0.0,0.0,346.0,148.0,168.0,60.0
0.0,3048.0,592.0,493.0,0.0,0.0,0.0,346.0,147.0,406.0,186.0
0.0,2456.0,845.0,500.0,0.0,389.0,389.0,350.0,150.0,576.0,269.0
0.0,1611.0,815.0,511.0,0.0,1248.0,1248.0,357.0,154.0,563.0,252.0
0.0,796.0,450.0,514.0,389.0,1321.0,1321.0,359.0,155.0,323.0,127.0
0.0,735.0,225.0,507.0,1248.0,270.0,270.0,355.0,152.0,173.0,52.0
0.0,1758.0,383.0,496.0,1321.0,0.0,0.0,348.0,148.0,276.0,107.0
0.0,2696.0,726.0,493.0,270.0,0.0,0.0,346.0,147.0,501.0,225.0
0.0,2240.0,934.0,503.0,0.0,706.0,706.0,352.0,151.0,637.0,297.0
0.0,1306.0,731.0,515.0,0.0,1485.0,1485.0,360.0,155.0,505.0,226.0
0.0,575.0,299.0,518.0,706.0,1090.0,1090.0,362.0,156.0,218.0,81.0
0.0,982.0,41.0,510.0,1485.0,0.0,0.0,357.0,153.0,41.0,0.0
0.0,2426.0,198.0,499.0,1090.0,0.0,0.0,350.0,149.0,146.0,52.0
0.0,3318.0,656.0,498.0,0.0,0.0,0.0,349.0,149.0,454.0,202.0
0.0,2662.0,930.0,507.0,0.0,296.0,296.0,355.0,152.0,637.0,293.0
0.0,1732.0,798.0,520.0,0.0,1146.0,1146.0,364.0,156.0,551.0,247.0
0.0,934.0,421.0,523.0,296.0,1283.0,1283.0,366.0,157.0,301.0,120.0
0.0,809.0,140.0,513.0,1146.0,237.0,237.0,359.0,154.0,112.0,28.0
0.0,1815.0,282.0,499.0,1283.0,0.0,0.0,350.0,149.0,205.0,77.0
0.0,2816.0,695.0,495.0,237.0,0.0,0.0,347.0,148.0,479.0,216.0
0.0,2358.0,991.0,506.0,0.0,657.0,657.0,354.0,152.0,680.0,311.0
0.0,1367.0,795.0,519.0,0.0,1504.0,1504.0,363.0,156.0,549.0,246.0
0.0,572.0,303.0,521.0,657.0,1158.0,1158.0,364.0,157.0,218.0,85.0
0.0,926.0,39.0,510.0,1504.0,0.0,0.0,357.0,153.0,39.0,0.0
0.0,2391.0,183.0,499.0,1158.0,0.0,0.0,350.0,149.0,138.0,45.0
0.0,3366.0,573.0,499.0,0.0,0.0,0.0,350.0,149.0,398.0,175.0
0.0,2793.0,857.0,510.0,0.0,104.0,104.0,357.0,153.0,585.0,272.0
0.0,1936.0,774.0,523.0,0.0,930.0,930.0,366.0,157.0,531.0,243.0
0.0,1162.0,418.0,525.0,104.0,1252.0,1252.0,367.0,158.0,297.0,121.0
0.0,848.0,152.0,516.0,930.0,438.0,438.0,361.0,155.0,123.0,29.0
0.0,1626.0,335.0,505.0,1252.0,0.0,0.0,354.0,151.0,244.0,91.0
0.0,2543.0,751.0,504.0,438.0,0.0,0.0,353.0,151.0,520.0,231.0
0.0,2230.0,985.0,514.0,0.0,811.0,811.0,360.0,154.0,673.0,312.0
0.0,1245.0,871.0,525.0,0.0,1726.0,1726.0,367.0,158.0,600.0,271.0
0.0,374.0,464.0,528.0,811.0,1391.0,1391.0,369.0,159.0,333.0,131.0
0.0,721.0,114.0,519.0,1726.0,0.0,0.0,363.0,156.0,98.0,16.0
0.0,2333.0,154.0,508.0,1391.0,0.0,0.0,356.0,152.0,118.0,36.0
0.0,3570.0,551.0,506.0,0.0,0.0,0.0,355.0,151.0,376.0,175.0
0.0,3019.0,859.0,516.0,0.0,0.0,0.0,361.0,155.0,581.0,278.0
0.0,2160.0,734.0,528.0,0.0,686.0,686.0,369.0,159.0,503.0,231.0
0.0,1426.0,305.0,529.0,0.0,995.0,995.0,370.0,159.0,225.0,80.0
0.0,1121.0,184.0,521.0,686.0,461.0,461.0,365.0,156.0,151.0,33.0
0.0,1623.0,443.0,512.0,995.0,0.0,0.0,359.0,153.0,319.0,124.0
0.0,2175.0,860.0,514.0,461.0,280.0,280.0,360.0,154.0,590.0,270.0
0.0,1776.0,1075.0,526.0,0.0,1403.0,1403.0,368.0,158.0,730.0,345.0
0.0,701.0,825.0,538.0,280.0,1996.0,1996.0,376.0,162.0,568.0,257.0
0.0,156.0,377.0,538.0,1403.0,970.0,970.0,376.0,162.0,278.0,99.0
0.0,1182.0,182.0,527.0,1996.0,0.0,0.0,369.0,158.0,148.0,34.0
0.0,2996.0,379.0,518.0,970.0,0.0,0.0,363.0,155.0,273.0,106.0
0.0,3587.0,707.0,518.0,0.0,0.0,0.0,363.0,155.0,482.0,225.0
0.0,2880.0,806.0,529.0,0.0,42.0,42.0,370.0,159.0,544.0,262.0
0.0,2074.0,538.0,538.0,0.0,616.0,616.0,376.0,162.0,369.0,169.0
0.0,1536.0,203.0,538.0,42.0,777.0,777.0,376.0,162.0,155.0,48.0
0.0,1375.0,150.0,529.0,616.0,275.0,275.0,370.0,159.0,127.0,23.0
0.0,1841.0,544.0,523.0,777.0,18.0,18.0,367.0,156.0,388.0,156.0
0.0,2074.0,979.0,526.0,275.0,734.0,734.0,369.0,157.0,672.0,307.0
0.0,1370.0,1050.0,537.0,18.0,1810.0,1810.0,376.0,161.0,714.0,336.0
0.0,338.0,671.0,546.0,734.0,1783.0,1783.0,382.0,164.0,462.0,209.0
0.0,401.0,179.0,542.0,1810.0,136.0,136.0,379.0,163.0,140.0,39.0
0.0,2032.0,149.0,531.0,1783.0,0.0,0.0,372.0,159.0,125.0,24.0
0.0,3666.0,567.0,525.0,136.0,0.0,0.0,368.0,157.0,403.0,164.0
0.0,3235.0,989.0,529.0,0.0,0.0,0.0,371.0,158.0,679.0,310.0
0.0,2246.0,993.0,543.0,0.0,919.0,919.0,380.0,163.0,674.0,319.0
0.0,1253.0,443.0,551.0,0.0,1394.0,1394.0,385.0,166.0,304.0,139.0
0.0,810.0,0.0,547.0,919.0,459.0,459.0,382.0,165.0,0.0,0.0
0.0,1729.0,21.0,535.0,1394.0,0.0,0.0,374.0,161.0,21.0,0.0
0.0,3102.0,444.0,525.0,459.0,0.0,0.0,368.0,157.0,333.0,111.0
0.0,3117.0,983.0,529.0,0.0,0.0,0.0,371.0,158.0,701.0,282.0
0.0,2134.0,1096.0,541.0,0.0,1126.0,1126.0,379.0,162.0,758.0,338.0
0.0,1038.0,680.0,552.0,0.0,1850.0,1850.0,386.0,166.0,455.0,225.0
0.0,358.0,200.0,551.0,1126.0,920.0,920.0,385.0,166.0,128.0,72.0
0.0,1284.0,134.0,539.0,1850.0,0.0,0.0,377.0,162.0,101.0,33.0
0.0,3000.0,587.0,532.0,920.0,0.0,0.0,373.0,159.0,431.0,156.0
0.0,3333.0,1064.0,537.0,0.0,0.0,0.0,377.0,160.0,756.0,308.0
0.0,2269.0,1014.0,551.0,0.0,949.0,949.0,386.0,165.0,702.0,312.0
0.0,1255.0,507.0,560.0,0.0,1492.0,1492.0,392.0,168.0,336.0,171.0
0.0,748.0,0.0,556.0,949.0,527.0,527.0,389.0,167.0,0.0,0.0
0.0,1697.0,0.0,545.0,1492.0,0.0,0.0,381.0,164.0,0.0,0.0
0.0,3189.0,403.0,537.0,527.0,0.0,0.0,376.0,161.0,291.0,112.0
0.0,3313.0,918.0,539.0,0.0,0.0,0.0,378.0,161.0,650.0,268.0
0.0,2395.0,1051.0,551.0,0.0,860.0,860.0,386.0,165.0,734.0,317.0
0.0,1344.0,700.0,562.0,0.0,1604.0,1604.0,393.0,169.0,482.0,218.0
0.0,644.0,238.0,560.0,860.0,974.0,974.0,392.0,168.0,160.0,78.0
0.0,1266.0,158.0,549.0,1604.0,0.0,0.0,384.0,165.0,112.0,46.0
0.0,2712.0,558.0,540.0,974.0,0.0,0.0,378.0,162.0,397.0,161.0
0.0,3128.0,992.0,542.0,0.0,32.0,32.0,380.0,162.0,702.0,290.0
0.0,2136.0,1054.0,554.0,0.0,1134.0,1134.0,388.0,166.0,736.0,318.0
0.0,1082.0,667.0,565.0,32.0,1813.0,1813.0,395.0,170.0,459.0,208.0
0.0,447.0,113.0,564.0,1134.0,788.0,788.0,394.0,170.0,73.0,40.0
0.0,1468.0,11.0,553.0,1813.0,0.0,0.0,387.0,166.0,8.0,3.0
0.0,3270.0,411.0,545.0,788.0,0.0,0.0,382.0,163.0,295.0,116.0
0.0,3647.0,901.0,548.0,0.0,0.0,0.0,384.0,164.0,639.0,262.0
0.0,2746.0,963.0,561.0,0.0,461.0,461.0,393.0,168.0,675.0,288.0
0.0,1783.0,605.0,569.0,0.0,1098.0,1098.0,398.0,171.0,415.0,190.0
0.0,1178.0,155.0,564.0,461.0,772.0,772.0,394.0,170.0,99.0,56.0
0.0,1484.0,182.0,551.0,1098.0,0.0,0.0,385.0,166.0,126.0,56.0
0.0,2400.0,674.0,543.0,772.0,0.0,0.0,380.0,163.0,480.0,194.0
0.0,2498.0,1096.0,548.0,0.0,790.0,790.0,384.0,164.0,777.0,319.0
0.0,1402.0,1136.0,562.0,0.0,1982.0,1982.0,394.0,168.0,798.0,338.0
0.0,266.0,664.0,572.0,790.0,1896.0,1896.0,400.0,172.0,458.0,206.0
0.0,392.0,136.0,567.0,1982.0,30.0,30.0,396.0,171.0,84.0,52.0
0.0,2238.0,46.0,555.0,1896.0,0.0,0.0,388.0,167.0,29.0,17.0
0.0,4088.0,484.0,548.0,30.0,0.0,0.0,384.0,164.0,345.0,139.0
0.0,3634.0,986.0,557.0,0.0,0.0,0.0,390.0,167.0,701.0,285.0
0.0,2648.0,1024.0,572.0,0.0,664.0,664.0,401.0,171.0,723.0,301.0
0.0,1624.0,515.0,580.0,0.0,1211.0,1211.0,406.0,174.0,356.0,159.0
0.0,1109.0,33.0,569.0,664.0,536.0,536.0,398.0,171.0,11.0,22.0
0.0,1740.0,65.0,552.0,1211.0,0.0,0.0,386.0,166.0,38.0,27.0
0.0,2886.0,646.0,544.0,536.0,0.0,0.0,381.0,163.0,457.0,189.0
0.0,2776.0,1195.0,555.0,0.0,639.0,639.0,389.0,166.0,849.0,346.0
0.0,1581.0,1189.0,574.0,0.0,1904.0,1904.0,402.0,172.0,841.0,348.0
0.0,392.0,736.0,585.0,639.0,2045.0,2045.0,409.0,176.0,510.0,226.0
0.0,295.0,174.0,578.0,1904.0,287.0,287.0,404.0,174.0,109.0,65.0
0.0,2025.0,4.0,559.0,2045.0,0.0,0.0,391.0,168.0,0.0,4.0
0.0,4066.0,398.0,547.0,287.0,0.0,0.0,383.0,164.0,284.0,114.0
0.0,3955.0,992.0,558.0,0.0,0.0,0.0,391.0,167.0,702.0,290.0
0.0,2963.0,1111.0,579.0,0.0,464.0,464.0,406.0,173.0,780.0,331.0
0.0,1852.0,629.0,591.0,0.0,1141.0,1141.0,414.0,177.0,435.0,194.0
0.0,1223.0,65.0,583.0,464.0,710.0,710.0,408.0,175.0,36.0,29.0
0.0,1622.0,0.0,565.0,1141.0,0.0,0.0,395.0,170.0,0.0,0.0
0.0,2763.0,582.0,555.0,710.0,0.0,0.0,388.0,167.0,415.0,167.0
0.0,2891.0,1226.0,565.0,0.0,595.0,595.0,396.0,169.0,864.0,362.0
0.0,1665.0,1305.0,586.0,0.0,1984.0,1984.0,411.0,175.0,912.0,393.0
0.0,360.0,740.0,598.0,595.0,2177.0,2177.0,419.0,179.0,512.0,228.0
0.0,215.0,131.0,589.0,1984.0,288.0,288.0,412.0,177.0,84.0,47.0
0.0,2068.0,83.0,571.0,2177.0,0.0,0.0,399.0,172.0,59.0,24.0
0.0,4162.0,590.0,562.0,288.0,0.0,0.0,393.0,169.0,420.0,170.0
0.0,3860.0,1125.0,574.0,0.0,0.0,0.0,402.0,172.0,795.0,330.0
0.0,2735.0,1102.0,595.0,0.0,747.0,747.0,417.0,178.0,773.0,329.0
0.0,1633.0,562.0,607.0,0.0,1357.0,1357.0,425.0,182.0,387.0,175.0
0.0,1071.0,13.0,599.0,747.0,591.0,591.0,419.0,180.0,1.0,12.0
0.0,1805.0,2.0,581.0,1357.0,0.0,0.0,406.0,175.0,0.0,2.0
0.0,3160.0,543.0,572.0,591.0,0.0,0.0,400.0,172.0,385.0,158.0
0.0,3208.0,1158.0,580.0,0.0,270.0,270.0,406.0,174.0,818.0,340.0
0.0,2050.0,1286.0,601.0,0.0,1640.0,1640.0,421.0,180.0,904.0,382.0
0.0,764.0,823.0,613.0,270.0,2241.0,2241.0,429.0,184.0,571.0,252.0
0.0,211.0,171.0,606.0,1640.0,744.0,744.0,424.0,182.0,111.0,60.0
0.0,1680.0,0.0,586.0,2241.0,0.0,0.0,410.0,176.0,0.0,0.0
0.0,3921.0,411.0,574.0,744.0,0.0,0.0,402.0,172.0,293.0,118.0
0.0,4254.0,1075.0,582.0,0.0,0.0,0.0,408.0,174.0,759.0,316.0
0.0,3179.0,1282.0,604.0,0.0,519.0,519.0,423.0,181.0,897.0,385.0
0.0,1897.0,787.0,620.0,0.0,1370.0,1370.0,434.0,186.0,545.0,242.0
0.0,1110.0,106.0,613.0,519.0,929.0,929.0,429.0,184.0,67.0,39.0
0.0,1523.0,0.0,596.0,1370.0,0.0,0.0,417.0,179.0,0.0,0.0
0.0,2893.0,353.0,585.0,929.0,0.0,0.0,409.0,176.0,253.0,100.0
0.0,3469.0,919.0,591.0,0.0,0.0,0.0,414.0,177.0,649.0,270.0
0.0,2550.0,1163.0,610.0,0.0,1053.0,1053.0,427.0,183.0,815.0,348.0
0.0,1387.0,811.0,622.0,0.0,1912.0,1912.0,436.0,186.0,562.0,249.0
0.0,576.0,299.0,615.0,1053.0,1130.0,1130.0,430.0,185.0,203.0,96.0
0.0,1330.0,180.0,597.0,1912.0,0.0,0.0,418.0,179.0,128.0,52.0
0.0,3062.0,612.0,587.0,1130.0,0.0,0.0,411.0,176.0,437.0,175.0
0.0,3580.0,1089.0,595.0,0.0,0.0,0.0,417.0,178.0,769.0,320.0
0.0,2491.0,1128.0,614.0,0.0,1093.0,1093.0,430.0,184.0,786.0,342.0
0.0,1363.0,606.0,625.0,0.0,1743.0,1743.0,438.0,187.0,414.0,192.0
0.0,757.0,0.0,616.0,1093.0,614.0,614.0,431.0,185.0,0.0,0.0
0.0,1850.0,0.0,597.0,1743.0,0.0,0.0,418.0,179.0,0.0,0.0
0.0,3593.0,433.0,586.0,614.0,0.0,0.0,410.0,176.0,309.0,124.0
0.0,3774.0,995.0,594.0,0.0,0.0,0.0,416.0,178.0,701.0,294.0
0.0,2779.0,1131.0,616.0,0.0,816.0,816.0,431.0,185.0,790.0,341.0
0.0,1648.0,790.0,630.0,0.0,1662.0,1662.0,441.0,189.0,546.0,244.0
0.0,858.0,279.0,623.0,816.0,1097.0,1097.0,436.0,187.0,190.0,89.0
0.0,1395.0,175.0,603.0,1662.0,0.0,0.0,422.0,181.0,125.0,50.0
0.0,2882.0,629.0,592.0,1097.0,0.0,0.0,414.0,178.0,449.0,180.0
0.0,3350.0,1194.0,601.0,0.0,248.0,248.0,421.0,180.0,839.0,355.0
0.0,2156.0,1171.0,620.0,0.0,1495.0,1495.0,434.0,186.0,817.0,354.0
0.0,985.0,632.0,633.0,248.0,1931.0,1931.0,443.0,190.0,435.0,197.0
0.0,601.0,121.0,627.0,1495.0,533.0,533.0,439.0,188.0,81.0,40.0
0.0,1975.0,100.0,610.0,1931.0,0.0,0.0,427.0,183.0,71.0,29.0
0.0,3806.0,535.0,599.0,533.0,0.0,0.0,419.0,180.0,380.0,155.0
0.0,3804.0,1009.0,606.0,0.0,0.0,0.0,424.0,182.0,712.0,297.0
0.0,2795.0,1057.0,625.0,0.0,762.0,762.0,438.0,187.0,740.0,317.0
0.0,1738.0,743.0,640.0,0.0,1565.0,1565.0,448.0,192.0,514.0,229.0
0.0,995.0,348.0,635.0,762.0,1131.0,1131.0,444.0,191.0,237.0,111.0
0.0,1409.0,229.0,616.0,1565.0,0.0,0.0,431.0,185.0,160.0,69.0
0.0,2745.0,630.0,603.0,1131.0,0.0,0.0,422.0,181.0,446.0,184.0
0.0,3246.0,1102.0,610.0,0.0,296.0,296.0,427.0,183.0,778.0,324.0
0.0,2144.0,1181.0,630.0,0.0,1557.0,1557.0,441.0,189.0,828.0,353.0
0.0,963.0,756.0,643.0,296.0,2069.0,2069.0,450.0,193.0,524.0,232.0
0.0,503.0,221.0,636.0,1557.0,705.0,705.0,445.0,191.0,148.0,73.0
0.0,1839.0,39.0,615.0,2069.0,0.0,0.0,430.0,185.0,25.0,14.0
0.0,3869.0,401.0,602.0,705.0,0.0,0.0,421.0,181.0,286.0,115.0
0.0,4173.0,901.0,608.0,0.0,0.0,0.0,426.0,182.0,637.0,264.0
0.0,3272.0,1010.0,627.0,0.0,246.0,246.0,439.0,188.0,711.0,299.0
0.0,2262.0,709.0,641.0,0.0,1011.0,1011.0,449.0,192.0,491.0,218.0
0.0,1553.0,337.0,637.0,246.0,1086.0,1086.0,446.0,191.0,228.0,109.0
0.0,1462.0,258.0,619.0,1011.0,261.0,261.0,433.0,186.0,179.0,79.0
0.0,2215.0,567.0,606.0,1086.0,0.0,0.0,424.0,182.0,402.0,165.0
0.0,2734.0,1051.0,610.0,261.0,496.0,496.0,427.0,183.0,744.0,307.0
0.0,1944.0,1165.0,630.0,0.0,1741.0,1741.0,441.0,189.0,817.0,348.0
0.0,779.0,818.0,645.0,496.0,2123.0,2123.0,452.0,193.0,567.0,251.0
0.0,457.0,403.0,645.0,1741.0,785.0,785.0,451.0,194.0,273.0,130.0
0.0,1795.0,221.0,629.0,2123.0,0.0,0.0,440.0,189.0,151.0,70.0
0.0,3697.0,435.0,612.0,785.0,0.0,0.0,428.0,184.0,310.0,125.0
0.0,4047.0,792.0,613.0,0.0,0.0,0.0,429.0,184.0,564.0,228.0
0.0,3255.0,930.0,628.0,0.0,187.0,187.0,440.0,188.0,655.0,275.0
0.0,2325.0,719.0,642.0,0.0,962.0,962.0,450.0,192.0,498.0,221.0
0.0,1606.0,345.0,642.0,187.0,1120.0,1120.0,449.0,193.0,232.0,113.0
0.0,1448.0,261.0,629.0,962.0,367.0,367.0,440.0,189.0,180.0,81.0
0.0,2149.0,571.0,617.0,1120.0,0.0,0.0,432.0,185.0,408.0,163.0
0.0,2698.0,989.0,621.0,367.0,408.0,408.0,435.0,186.0,702.0,287.0
0.0,2076.0,1085.0,637.0,0.0,1557.0,1557.0,446.0,191.0,761.0,324.0
0.0,991.0,844.0,649.0,408.0,2041.0,2041.0,454.0,195.0,584.0,260.0
0.0,555.0,449.0,646.0,1557.0,921.0,921.0,452.0,194.0,306.0,143.0
0.0,1663.0,295.0,631.0,2041.0,0.0,0.0,441.0,190.0,205.0,90.0
0.0,3409.0,475.0,618.0,921.0,0.0,0.0,432.0,186.0,339.0,136.0
0.0,3855.0,906.0,624.0,0.0,0.0,0.0,437.0,187.0,642.0,264.0
0.0,2949.0,1080.0,644.0,0.0,707.0,707.0,451.0,193.0,757.0,323.0
0.0,1869.0,744.0,659.0,0.0,1511.0,1511.0,461.0,198.0,514.0,230.0
0.0,1125.0,252.0,656.0,707.0,1044.0,1044.0,459.0,197.0,170.0,82.0
0.0,1580.0,90.0,638.0,1511.0,0.0,0.0,446.0,192.0,61.0,29.0
0.0,3001.0,428.0,624.0,1044.0,0.0,0.0,437.0,187.0,304.0,124.0
0.0,3617.0,949.0,627.0,0.0,0.0,0.0,439.0,188.0,671.0,278.0
0.0,2668.0,1144.0,644.0,0.0,1052.0,1052.0,451.0,193.0,803.0,341.0
0.0,1524.0,905.0,658.0,0.0,2013.0,2013.0,461.0,197.0,629.0,276.0
0.0,619.0,462.0,655.0,1052.0,1411.0,1411.0,458.0,197.0,317.0,145.0
0.0,1209.0,277.0,637.0,2013.0,0.0,0.0,446.0,191.0,195.0,82.0
0.0,2945.0,492.0,624.0,1411.0,0.0,0.0,437.0,187.0,350.0,142.0
0.0,3864.0,842.0,628.0,0.0,0.0,0.0,440.0,188.0,593.0,249.0
0.0,3022.0,1050.0,647.0,0.0,616.0,616.0,453.0,194.0,734.0,316.0
0.0,1972.0,779.0,660.0,0.0,1447.0,1447.0,462.0,198.0,541.0,238.0
0.0,1193.0,336.0,656.0,616.0,1151.0,1151.0,459.0,197.0,232.0,104.0
0.0,1473.0,194.0,640.0,1447.0,0.0,0.0,448.0,192.0,138.0,56.0
0.0,2726.0,459.0,628.0,1151.0,0.0,0.0,440.0,188.0,327.0,132.0
0.0,3418.0,874.0,631.0,0.0,0.0,0.0,442.0,189.0,614.0,260.0
0.0,2544.0,1123.0,645.0,0.0,1159.0,1159.0,452.0,193.0,784.0,339.0
0.0,1421.0,980.0,660.0,0.0,2199.0,2199.0,462.0,198.0,680.0,300.0
0.0,441.0,580.0,659.0,1159.0,1616.0,1616.0,461.0,198.0,402.0,178.0
0.0,1020.0,338.0,644.0,2199.0,0.0,0.0,451.0,193.0,240.0,98.0
0.0,2881.0,552.0,633.0,1616.0,0.0,0.0,443.0,190.0,395.0,157.0
0.0,3945.0,955.0,637.0,0.0,0.0,0.0,446.0,191.0,671.0,284.0
0.0,2990.0,1096.0,653.0,0.0,718.0,718.0,457.0,196.0,762.0,334.0
0.0,1894.0,815.0,668.0,0.0,1593.0,1593.0,468.0,200.0,561.0,254.0
0.0,1079.0,325.0,666.0,718.0,1192.0,1192.0,466.0,200.0,224.0,101.0
0.0,1472.0,110.0,651.0,1593.0,0.0,0.0,456.0,195.0,83.0,27.0
0.0,2955.0,440.0,640.0,1192.0,0.0,0.0,448.0,192.0,317.0,123.0
0.0,3707.0,926.0,644.0,0.0,0.0,0.0,451.0,193.0,651.0,275.0
0.0,2781.0,1123.0,660.0,0.0,982.0,982.0,462.0,198.0,780.0,343.0
0.0,1658.0,879.0,671.0,0.0,1905.0,1905.0,470.0,201.0,608.0,271.0
0.0,779.0,514.0,670.0,982.0,1433.0,1433.0,469.0,201.0,357.0,157.0
0.0,1247.0,376.0,657.0,1905.0,0.0,0.0,460.0,197.0,268.0,108.0
0.0,2776.0,647.0,647.0,1433.0,0.0,0.0,453.0,194.0,463.0,184.0
0.0,3562.0,992.0,651.0,0.0,34.0,34.0,456.0,195.0,700.0,292.0
0.0,2570.0,1041.0,664.0,0.0,1127.0,1127.0,465.0,199.0,723.0,318.0
0.0,1529.0,740.0,673.0,34.0,1869.0,1869.0,471.0,202.0,508.0,232.0
0.0,823.0,389.0,673.0,1127.0,1131.0,1131.0,471.0,202.0,266.0,123.0
0.0,1561.0,294.0,663.0,1869.0,0.0,0.0,464.0,199.0,211.0,83.0
0.0,3136.0,511.0,654.0,1131.0,0.0,0.0,458.0,196.0,369.0,142.0
0.0,3756.0,886.0,658.0,0.0,0.0,0.0,461.0,197.0,625.0,261.0
0.0,2870.0,977.0,670.0,0.0,787.0,787.0,469.0,201.0,679.0,298.0
0.0,1893.0,805.0,680.0,0.0,1632.0,1632.0,476.0,204.0,552.0,253.0
0.0,1088.0,515.0,679.0,787.0,1356.0,1356.0,475.0,204.0,354.0,161.0
0.0,1360.0,442.0,669.0,1632.0,126.0,126.0,468.0,201.0,316.0,126.0
0.0,2550.0,644.0,660.0,1356.0,0.0,0.0,462.0,198.0,465.0,179.0
0.0,3262.0,925.0,662.0,126.0,185.0,185.0,464.0,198.0,654.0,271.0
0.0,2463.0,1100.0,674.0,0.0,1333.0,1333.0,472.0,202.0,762.0,338.0
0.0,1363.0,923.0,687.0,185.0,2123.0,2123.0,481.0,206.0,633.0,290.0
0.0,625.0,508.0,687.0,1333.0,1298.0,1298.0,481.0,206.0,348.0,160.0
0.0,1450.0,190.0,673.0,2123.0,0.0,0.0,471.0,202.0,140.0,50.0
0.0,3383.0,309.0,659.0,1298.0,0.0,0.0,461.0,198.0,231.0,78.0
0.0,4372.0,759.0,659.0,0.0,0.0,0.0,462.0,197.0,540.0,219.0
0.0,3613.0,1124.0,675.0,0.0,211.0,211.0,473.0,202.0,779.0,345.0
0.0,2489.0,1002.0,693.0,0.0,1285.0,1285.0,485.0,208.0,686.0,316.0
0.0,1487.0,573.0,696.0,211.0,1659.0,1659.0,487.0,209.0,392.0,181.0
0.0,1125.0,286.0,683.0,1285.0,608.0,608.0,478.0,205.0,208.0,78.0
0.0,2124.0,441.0,670.0,1659.0,0.0,0.0,469.0,201.0,325.0,116.0
0.0,3342.0,891.0,669.0,608.0,0.0,0.0,469.0,200.0,632.0,259.0
0.0,3059.0,1136.0,682.0,0.0,805.0,805.0,478.0,204.0,787.0,349.0
0.0,1923.0,998.0,696.0,0.0,1859.0,1859.0,487.0,209.0,682.0,316.0
0.0,925.0,552.0,698.0,805.0,1614.0,1614.0,488.0,210.0,378.0,174.0
0.0,1178.0,290.0,687.0,1859.0,1.0,1.0,481.0,206.0,211.0,79.0
0.0,2747.0,414.0,674.0,1614.0,0.0,0.0,472.0,202.0,305.0,109.0
0.0,3947.0,833.0,675.0,1.0,0.0,0.0,473.0,202.0,593.0,240.0
0.0,3115.0,1028.0,689.0,0.0,669.0,669.0,483.0,206.0,714.0,314.0
0.0,2087.0,826.0,701.0,0.0,1543.0,1543.0,491.0,210.0,563.0,263.0
0.0,1261.0,412.0,700.0,669.0,1282.0,1282.0,490.0,210.0,279.0,133.0
0.0,1518.0,190.0,687.0,1543.0,0.0,0.0,481.0,206.0,139.0,51.0
0.0,2871.0,481.0,674.0,1282.0,0.0,0.0,472.0,202.0,352.0,129.0
0.0,3672.0,1014.0,675.0,0.0,42.0,42.0,473.0,202.0,719.0,295.0
0.0,2658.0,1266.0,688.0,0.0,1360.0,1360.0,482.0,206.0,880.0,386.0
0.0,1392.0,1066.0,703.0,42.0,2444.0,2444.0,492.0,211.0,729.0,337.0
0.0,368.0,587.0,703.0,1360.0,1671.0,1671.0,492.0,211.0,400.0,187.0
0.0,1141.0,275.0,690.0,2444.0,0.0,0.0,483.0,207.0,199.0,76.0
0.0,3310.0,372.0,676.0,1671.0,0.0,0.0,473.0,203.0,278.0,94.0
0.0,4609.0,733.0,675.0,0.0,0.0,0.0,473.0,202.0,524.0,209.0
0.0,3876.0,1009.0,688.0,0.0,0.0,0.0,482.0,206.0,701.0,308.0
0.0,2867.0,928.0,703.0,0.0,873.0,873.0,492.0,211.0,633.0,295.0
0.0,1939.0,545.0,705.0,0.0,1426.0,1426.0,493.0,212.0,370.0,175.0
0.0,1394.0,234.0,692.0,873.0,735.0,735.0,484.0,208.0,169.0,65.0
0.0,2033.0,388.0,678.0,1426.0,0.0,0.0,475.0,203.0,287.0,101.0
0.0,3071.0,817.0,677.0,735.0,0.0,0.0,474.0,203.0,585.0,232.0
0.0,2989.0,1177.0,689.0,0.0,944.0,944.0,483.0,206.0,822.0,355.0
0.0,1812.0,1072.0,703.0,0.0,2072.0,2072.0,492.0,211.0,735.0,337.0
0.0,740.0,682.0,703.0,944.0,1810.0,1810.0,492.0,211.0,464.0,218.0
0.0,1002.0,431.0,693.0,2072.0,129.0,129.0,485.0,208.0,302.0,129.0
0.0,2643.0,507.0,683.0,1810.0,0.0,0.0,478.0,205.0,370.0,137.0
0.0,3946.0,857.0,685.0,129.0,0.0,0.0,480.0,205.0,613.0,244.0
0.0,3218.0,1056.0,698.0,0.0,630.0,630.0,489.0,209.0,737.0,319.0
0.0,2162.0,889.0,709.0,0.0,1563.0,1563.0,496.0,213.0,608.0,281.0
0.0,1273.0,442.0,708.0,630.0,1371.0,1371.0,495.0,213.0,297.0,145.0
0.0,1461.0,146.0,694.0,1563.0,0.0,0.0,485.0,209.0,103.0,43.0
0.0,2878.0,411.0,683.0,1371.0,0.0,0.0,478.0,205.0,302.0,109.0
0.0,3838.0,935.0,685.0,0.0,0.0,0.0,480.0,205.0,668.0,267.0
0.0,2903.0,1153.0,698.0,0.0,1042.0,1042.0,489.0,209.0,805.0,348.0
0.0,1750.0,962.0,707.0,0.0,2040.0,2040.0,495.0,212.0,658.0,304.0
0.0,788.0,611.0,706.0,1042.0,1605.0,1605.0,494.0,212.0,416.0,195.0
0.0,1219.0,474.0,698.0,2040.0,7.0,7.0,488.0,210.0,335.0,139.0
0.0,2785.0,628.0,689.0,1605.0,0.0,0.0,482.0,207.0,453.0,175.0
0.0,3762.0,901.0,688.0,7.0,0.0,0.0,482.0,206.0,641.0,260.0
0.0,2868.0,1020.0,698.0,0.0,944.0,944.0,489.0,209.0,712.0,308.0
0.0,1848.0,836.0,711.0,0.0,1832.0,1832.0,498.0,213.0,571.0,265.0
0.0,1012.0,519.0,715.0,944.0,1423.0,1423.0,500.0,215.0,352.0,167.0
0.0,1437.0,270.0,705.0,1832.0,0.0,0.0,493.0,212.0,192.0,78.0
0.0,2999.0,367.0,691.0,1423.0,0.0,0.0,484.0,207.0,270.0,97.0
0.0,4055.0,848.0,688.0,0.0,0.0,0.0,482.0,206.0,605.0,243.0
0.0,3207.0,1128.0,699.0,0.0,717.0,717.0,490.0,209.0,788.0,340.0
0.0,2079.0,983.0,713.0,0.0,1756.0,1756.0,499.0,214.0,675.0,308.0
0.0,1096.0,633.0,716.0,717.0,1684.0,1684.0,501.0,215.0,433.0,200.0
0.0,1180.0,420.0,707.0,1756.0,312.0,312.0,494.0,213.0,297.0,123.0
0.0,2516.0,617.0,697.0,1684.0,0.0,0.0,488.0,209.0,445.0,172.0
0.0,3583.0,980.0,696.0,312.0,0.0,0.0,488.0,208.0,696.0,284.0
0.0,2915.0,1133.0,708.0,0.0,1050.0,1050.0,496.0,212.0,788.0,345.0
0.0,1782.0,861.0,719.0,0.0,1955.0,1955.0,503.0,216.0,588.0,273.0
0.0,921.0,362.0,718.0,1050.0,1263.0,1263.0,502.0,216.0,245.0,117.0
0.0,1609.0,123.0,704.0,1955.0,0.0,0.0,492.0,212.0,91.0,32.0
0.0,3441.0,367.0,692.0,1263.0,0.0,0.0,484.0,208.0,270.0,97.0
0.0,4337.0,906.0,692.0,0.0,0.0,0.0,485.0,207.0,644.0,262.0
0.0,3431.0,1265.0,709.0,0.0,670.0,670.0,497.0,212.0,881.0,384.0
0.0,2166.0,1086.0,727.0,0.0,1828.0,1828.0,509.0,218.0,748.0,338.0
0.0,1080.0,561.0,728.0,670.0,1723.0,1723.0,509.0,219.0,382.0,179.0
0.0,1189.0,185.0,712.0,1828.0,16.0,16.0,498.0,214.0,131.0,54.0
0.0,2832.0,371.0,695.0,1723.0,0.0,0.0,486.0,209.0,272.0,99.0
0.0,4184.0,1043.0,694.0,16.0,0.0,0.0,486.0,208.0,742.0,301.0
0.0,3157.0,1482.0,712.0,0.0,1173.0,1173.0,499.0,213.0,1037.0,445.0
0.0,1675.0,1262.0,731.0,0.0,2511.0,2511.0,512.0,219.0,872.0,390.0
0.0,413.0,538.0,733.0,1173.0,1884.0,1884.0,513.0,220.0,364.0,174.0
0.0,1048.0,16.0,720.0,2511.0,0.0,0.0,503.0,217.0,11.0,5.0
0.0,3543.0,180.0,704.0,1884.0,0.0,0.0,493.0,211.0,137.0,43.0
0.0,5247.0,775.0,701.0,0.0,0.0,0.0,491.0,210.0,555.0,220.0
0.0,4472.0,1324.0,716.0,0.0,0.0,0.0,502.0,214.0,928.0,396.0
0.0,3148.0,1266.0,736.0,0.0,1062.0,1062.0,515.0,221.0,873.0,393.0
0.0,1882.0,629.0,741.0,0.0,1711.0,1711.0,518.0,223.0,426.0,203.0
0.0,1253.0,104.0,727.0,1062.0,697.0,697.0,508.0,219.0,73.0,31.0
0.0,2211.0,226.0,709.0,1711.0,0.0,0.0,496.0,213.0,173.0,53.0
0.0,3696.0,912.0,705.0,697.0,0.0,0.0,494.0,211.0,654.0,258.0
0.0,3481.0,1432.0,719.0,0.0,827.0,827.0,504.0,215.0,1002.0,430.0
0.0,2049.0,1337.0,737.0,0.0,2236.0,2236.0,516.0,221.0,920.0,417.0
0.0,712.0,729.0,742.0,827.0,2158.0,2158.0,519.0,223.0,493.0,236.0
0.0,810.0,169.0,728.0,2236.0,35.0,35.0,509.0,219.0,117.0,52.0
0.0,2877.0,127.0,710.0,2158.0,0.0,0.0,497.0,213.0,108.0,19.0
0.0,4908.0,674.0,707.0,35.0,0.0,0.0,495.0,212.0,489.0,185.0
0.0,4269.0,1276.0,722.0,0.0,0.0,0.0,506.0,216.0,894.0,382.0
0.0,2993.0,1260.0,744.0,0.0,1243.0,1243.0,521.0,223.0,864.0,396.0
0.0,1733.0,663.0,749.0,0.0,1926.0,1926.0,524.0,225.0,447.0,216.0
0.0,1070.0,192.0,734.0,1243.0,815.0,815.0,513.0,221.0,135.0,57.0
0.0,2121.0,342.0,719.0,1926.0,0.0,0.0,503.0,216.0,257.0,85.0
0.0,3705.0,963.0,719.0,815.0,0.0,0.0,504.0,215.0,692.0,271.0
0.0,3557.0,1448.0,735.0,0.0,831.0,831.0,515.0,220.0,1011.0,437.0
0.0,2109.0,1375.0,753.0,0.0,2278.0,2278.0,527.0,226.0,943.0,432.0
0.0,734.0,741.0,755.0,831.0,2196.0,2196.0,528.0,227.0,503.0,238.0
0.0,824.0,132.0,739.0,2278.0,0.0,0.0,517.0,222.0,96.0,36.0
0.0,2970.0,178.0,723.0,2196.0,0.0,0.0,506.0,217.0,142.0,36.0
0.0,4988.0,730.0,721.0,0.0,0.0,0.0,505.0,216.0,526.0,204.0
0.0,4258.0,1223.0,735.0,0.0,0.0,0.0,515.0,220.0,854.0,369.0
0.0,3035.0,1218.0,753.0,0.0,1195.0,1195.0,527.0,226.0,835.0,383.0
0.0,1817.0,692.0,759.0,0.0,1911.0,1911.0,531.0,228.0,470.0,222.0
0.0,1125.0,164.0,746.0,1195.0,828.0,828.0,522.0,224.0,117.0,47.0
0.0,2156.0,152.0,727.0,1911.0,0.0,0.0,509.0,218.0,123.0,29.0
0.0,3915.0,725.0,722.0,828.0,0.0,0.0,506.0,216.0,520.0,205.0
0.0,4018.0,1295.0,735.0,0.0,217.0,217.0,515.0,220.0,904.0,391.0
0.0,2723.0,1320.0,753.0,0.0,1609.0,1609.0,527.0,226.0,909.0,411.0
0.0,1403.0,833.0,756.0,217.0,2237.0,2237.0,529.0,227.0,571.0,262.0
0.0,787.0,324.0,744.0,1609.0,904.0,904.0,520.0,224.0,230.0,94.0
0.0,2072.0,289.0,727.0,2237.0,0.0,0.0,509.0,218.0,219.0,70.0
0.0,4020.0,767.0,726.0,904.0,0.0,0.0,509.0,217.0,549.0,218.0
0.0,4157.0,1211.0,742.0,0.0,22.0,22.0,520.0,222.0,844.0,367.0
0.0,2946.0,1141.0,761.0,0.0,1239.0,1239.0,533.0,228.0,781.0,360.0
0.0,1805.0,699.0,768.0,22.0,1944.0,1944.0,537.0,231.0,475.0,224.0
0.0,1128.0,245.0,755.0,1239.0,898.0,898.0,528.0,227.0,175.0,70.0
0.0,2122.0,259.0,736.0,1944.0,0.0,0.0,515.0,221.0,199.0,60.0
0.0,3807.0,745.0,730.0,898.0,0.0,0.0,511.0,219.0,536.0,209.0
0.0,3960.0,1239.0,742.0,0.0,247.0,247.0,520.0,222.0,864.0,375.0
0.0,2721.0,1264.0,764.0,0.0,1599.0,1599.0,535.0,229.0,868.0,396.0
0.0,1457.0,782.0,772.0,247.0,2166.0,2166.0,540.0,232.0,534.0,248.0
0.0,922.0,324.0,758.0,1599.0,835.0,835.0,530.0,228.0,230.0,94.0
0.0,2197.0,358.0,736.0,2166.0,0.0,0.0,515.0,221.0,267.0,91.0
0.0,4005.0,865.0,728.0,835.0,0.0,0.0,510.0,218.0,619.0,246.0
0.0,3975.0,1338.0,744.0,0.0,339.0,339.0,521.0,223.0,932.0,406.0
0.0,2637.0,1236.0,767.0,0.0,1667.0,1667.0,537.0,230.0,847.0,389.0
0.0,1401.0,639.0,776.0,339.0,2003.0,2003.0,543.0,233.0,435.0,204.0
0.0,1101.0,123.0,764.0,1667.0,411.0,411.0,534.0,230.0,90.0,33.0
0.0,2645.0,220.0,742.0,2003.0,0.0,0.0,519.0,223.0,170.0,50.0
0.0,4428.0,861.0,734.0,411.0,0.0,0.0,514.0,220.0,616.0,245.0
0.0,3978.0,1422.0,749.0,0.0,440.0,440.0,525.0,224.0,994.0,428.0
0.0,2556.0,1314.0,773.0,0.0,1850.0,1850.0,541.0,232.0,902.0,412.0
0.0,1242.0,692.0,782.0,440.0,2138.0,2138.0,547.0,235.0,469.0,223.0
0.0,990.0,236.0,769.0,1850.0,472.0,472.0,538.0,231.0,169.0,67.0
0.0,2604.0,378.0,749.0,2138.0,0.0,0.0,524.0,225.0,282.0,96.0
0.0,4364.0,961.0,741.0,472.0,0.0,0.0,519.0,222.0,686.0,275.0
0.0,3875.0,1440.0,755.0,0.0,585.0,585.0,529.0,226.0,1005.0,435.0
0.0,2435.0,1305.0,777.0,0.0,1978.0,1978.0,544.0,233.0,897.0,408.0
0.0,1130.0,656.0,788.0,585.0,2093.0,2093.0,551.0,237.0,444.0,212.0
0.0,1059.0,173.0,778.0,1978.0,248.0,248.0,544.0,234.0,125.0,48.0
0.0,2864.0,187.0,756.0,2093.0,0.0,0.0,529.0,227.0,149.0,38.0
0.0,4770.0,747.0,747.0,248.0,0.0,0.0,523.0,224.0,538.0,209.0
0.0,4271.0,1379.0,761.0,0.0,152.0,152.0,533.0,228.0,962.0,417.0
0.0,2892.0,1361.0,783.0,0.0,1601.0,1601.0,548.0,235.0,933.0,428.0
0.0,1531.0,792.0,792.0,152.0,2277.0,2277.0,554.0,238.0,538.0,254.0
0.0,891.0,322.0,779.0,1601.0,946.0,946.0,545.0,234.0,230.0,92.0
0.0,2170.0,378.0,759.0,2277.0,0.0,0.0,531.0,228.0,287.0,91.0
0.0,4069.0,872.0,749.0,946.0,0.0,0.0,525.0,224.0,627.0,245.0
0.0,4143.0,1374.0,761.0,0.0,275.0,275.0,533.0,228.0,957.0,417.0
0.0,2769.0,1302.0,784.0,0.0,1669.0,1669.0,549.0,235.0,887.0,415.0
0.0,1467.0,668.0,793.0,275.0,2098.0,2098.0,555.0,238.0,451.0,217.0
0.0,1074.0,173.0,782.0,1669.0,558.0,558.0,547.0,235.0,127.0,46.0
0.0,2570.0,225.0,763.0,2098.0,0.0,0.0,534.0,229.0,181.0,44.0
0.0,4443.0,702.0,754.0,558.0,0.0,0.0,528.0,226.0,508.0,194.0
0.0,4299.0,1168.0,762.0,0.0,0.0,0.0,534.0,228.0,811.0,357.0
0.0,3131.0,1218.0,783.0,0.0,1219.0,1219.0,548.0,235.0,831.0,387.0
0.0,1913.0,827.0,795.0,0.0,2094.0,2094.0,556.0,239.0,562.0,265.0
0.0,1086.0,383.0,789.0,1219.0,1234.0,1234.0,552.0,237.0,273.0,110.0
0.0,1922.0,412.0,772.0,2094.0,0.0,0.0,540.0,232.0,310.0,102.0
0.0,3604.0,886.0,764.0,1234.0,0.0,0.0,535.0,229.0,638.0,248.0
0.0,3952.0,1314.0,773.0,0.0,454.0,454.0,542.0,231.0,917.0,397.0
0.0,2638.0,1251.0,791.0,0.0,1777.0,1777.0,554.0,237.0,852.0,399.0
0.0,1387.0,753.0,800.0,454.0,2112.0,2112.0,559.0,241.0,506.0,247.0
0.0,1088.0,394.0,793.0,1777.0,701.0,701.0,554.0,239.0,280.0,114.0
0.0,2471.0,394.0,777.0,2112.0,0.0,0.0,544.0,233.0,302.0,92.0
0.0,4189.0,730.0,769.0,701.0,0.0,0.0,539.0,230.0,530.0,200.0
0.0,4160.0,1038.0,776.0,0.0,0.0,0.0,544.0,232.0,721.0,317.0
0.0,3122.0,1028.0,791.0,0.0,1070.0,1070.0,554.0,237.0,696.0,332.0
0.0,2094.0,772.0,801.0,0.0,1882.0,1882.0,560.0,241.0,521.0,251.0
0.0,1322.0,443.0,794.0,1070.0,1227.0,1227.0,555.0,239.0,313.0,130.0
0.0,1949.0,452.0,779.0,1882.0,0.0,0.0,545.0,234.0,340.0,112.0
0.0,3379.0,805.0,771.0,1227.0,0.0,0.0,540.0,231.0,584.0,221.0
0.0,3801.0,1241.0,779.0,0.0,556.0,556.0,546.0,233.0,865.0,376.0
0.0,2560.0,1188.0,796.0,0.0,1812.0,1812.0,557.0,239.0,809.0,379.0
0.0,1372.0,852.0,805.0,556.0,2144.0,2144.0,563.0,242.0,576.0,276.0
0.0,1076.0,521.0,798.0,1812.0,825.0,825.0,558.0,240.0,367.0,154.0
0.0,2367.0,476.0,782.0,2144.0,0.0,0.0,547.0,235.0,356.0,120.0
0.0,4035.0,725.0,772.0,825.0,0.0,0.0,541.0,231.0,528.0,197.0
0.0,4135.0,1006.0,779.0,0.0,0.0,0.0,546.0,233.0,703.0,303.0
0.0,3129.0,1014.0,797.0,0.0,1073.0,1073.0,558.0,239.0,688.0,326.0
0.0,2115.0,796.0,808.0,0.0,1913.0,1913.0,565.0,243.0,538.0,258.0
0.0,1319.0,558.0,802.0,1073.0,1374.0,1374.0,561.0,241.0,393.0,165.0
0.0,1834.0,525.0,785.0,1913.0,0.0,0.0,549.0,236.0,389.0,136.0
0.0,3222.0,760.0,774.0,1374.0,0.0,0.0,542.0,232.0,548.0,212.0
0.0,3836.0,1055.0,781.0,0.0,343.0,343.0,547.0,234.0,733.0,322.0
0.0,2781.0,1102.0,798.0,0.0,1513.0,1513.0,559.0,239.0,750.0,352.0
0.0,1679.0,971.0,809.0,343.0,2185.0,2185.0,566.0,243.0,665.0,306.0
0.0,1051.0,708.0,804.0,1513.0,1360.0,1360.0,562.0,242.0,502.0,206.0
0.0,1856.0,615.0,789.0,2185.0,0.0,0.0,552.0,237.0,453.0,162.0
0.0,3426.0,744.0,778.0,1360.0,0.0,0.0,545.0,233.0,537.0,207.0
0.0,4042.0,925.0,783.0,0.0,15.0,15.0,549.0,234.0,641.0,284.0
0.0,3117.0,958.0,798.0,0.0,1033.0,1033.0,559.0,239.0,647.0,311.0
0.0,2159.0,817.0,810.0,15.0,1883.0,1883.0,566.0,244.0,554.0,263.0
0.0,1357.0,586.0,807.0,1033.0,1424.0,1424.0,564.0,243.0,416.0,170.0
0.0,1804.0,538.0,790.0,1883.0,11.0,11.0,553.0,237.0,399.0,139.0
0.0,3149.0,750.0,779.0,1424.0,0.0,0.0,546.0,233.0,543.0,207.0
0.0,3823.0,1013.0,783.0,11.0,311.0,311.0,549.0,234.0,705.0,308.0
0.0,2821.0,1190.0,800.0,0.0,1569.0,1569.0,560.0,240.0,812.0,378.0
0.0,1631.0,1070.0,813.0,311.0,2380.0,2380.0,569.0,244.0,732.0,338.0
0.0,872.0,805.0,812.0,1569.0,1612.0,1612.0,568.0,244.0,566.0,239.0
0.0,1636.0,639.0,798.0,2380.0,0.0,0.0,558.0,240.0,468.0,171.0
0.0,3377.0,655.0,785.0,1612.0,0.0,0.0,550.0,235.0,477.0,178.0
0.0,4334.0,897.0,790.0,0.0,0.0,0.0,554.0,236.0,625.0,272.0
0.0,3437.0,999.0,805.0,0.0,782.0,782.0,564.0,241.0,677.0,322.0
0.0,2438.0,863.0,818.0,0.0,1697.0,1697.0,572.0,246.0,586.0,277.0
0.0,1575.0,629.0,817.0,782.0,1540.0,1540.0,571.0,246.0,443.0,186.0
0.0,1728.0,561.0,805.0,1697.0,356.0,356.0,563.0,242.0,416.0,145.0
0.0,2864.0,728.0,795.0,1540.0,0.0,0.0,557.0,238.0,530.0,198.0
0.0,3676.0,898.0,797.0,356.0,54.0,54.0,559.0,238.0,626.0,272.0
0.0,3134.0,1024.0,809.0,0.0,1126.0,1126.0,567.0,242.0,692.0,332.0
0.0,2110.0,963.0,819.0,54.0,2075.0,2075.0,573.0,246.0,652.0,311.0
0.0,1201.0,839.0,819.0,1126.0,1788.0,1788.0,572.0,247.0,590.0,249.0
0.0,1488.0,764.0,808.0,2075.0,433.0,433.0,565.0,243.0,561.0,203.0
0.0,2799.0,806.0,799.0,1788.0,0.0,0.0,560.0,239.0,589.0,217.0
0.0,3781.0,939.0,803.0,433.0,0.0,0.0,563.0,240.0,654.0,285.0
0.0,3275.0,1032.0,815.0,0.0,1017.0,1017.0,571.0,244.0,694.0,338.0
0.0,2243.0,908.0,825.0,0.0,1965.0,1965.0,577.0,248.0,612.0,296.0
0.0,1335.0,711.0,825.0,1017.0,1659.0,1659.0,577.0,248.0,501.0,210.0
0.0,1641.0,524.0,815.0,1965.0,178.0,178.0,570.0,245.0,394.0,130.0
0.0,3082.0,578.0,806.0,1659.0,0.0,0.0,565.0,241.0,430.0,148.0
0.0,4163.0,881.0,809.0,178.0,0.0,0.0,567.0,242.0,615.0,266.0
0.0,3460.0,1108.0,821.0,0.0,932.0,932.0,575.0,246.0,748.0,360.0
0.0,2352.0,1119.0,834.0,0.0,2103.0,2103.0,583.0,251.0,756.0,363.0
0.0,1233.0,861.0,836.0,932.0,2040.0,2040.0,584.0,252.0,604.0,257.0
0.0,1304.0,669.0,825.0,2103.0,562.0,562.0,577.0,248.0,497.0,172.0
0.0,2738.0,663.0,815.0,2040.0,0.0,0.0,571.0,244.0,491.0,172.0
0.0,4115.0,901.0,816.0,562.0,0.0,0.0,572.0,244.0,629.0,272.0
0.0,3776.0,1185.0,828.0,0.0,721.0,721.0,580.0,248.0,802.0,383.0
0.0,2591.0,1106.0,840.0,0.0,1875.0,1875.0,587.0,253.0,748.0,358.0
0.0,1485.0,697.0,840.0,721.0,1851.0,1851.0,587.0,253.0,489.0,208.0
0.0,1509.0,359.0,827.0,1875.0,283.0,283.0,579.0,248.0,279.0,80.0
0.0,3025.0,467.0,816.0,1851.0,0.0,0.0,572.0,244.0,352.0,115.0
0.0,4409.0,830.0,817.0,283.0,0.0,0.0,573.0,244.0,580.0,250.0
0.0,3862.0,1155.0,828.0,0.0,605.0,605.0,580.0,248.0,781.0,374.0
0.0,2707.0,1168.0,841.0,0.0,1825.0,1825.0,588.0,253.0,792.0,376.0
0.0,1539.0,830.0,843.0,605.0,2058.0,2058.0,589.0,254.0,583.0,247.0
0.0,1314.0,489.0,832.0,1825.0,678.0,678.0,582.0,250.0,370.0,119.0
0.0,2650.0,557.0,821.0,2058.0,0.0,0.0,575.0,246.0,414.0,143.0
0.0,4151.0,1022.0,822.0,678.0,0.0,0.0,576.0,246.0,713.0,309.0
0.0,3807.0,1329.0,834.0,0.0,858.0,858.0,584.0,250.0,904.0,425.0
0.0,2478.0,1227.0,845.0,0.0,2129.0,2129.0,591.0,254.0,836.0,391.0
0.0,1251.0,774.0,847.0,858.0,2053.0,2053.0,592.0,255.0,545.0,229.0
0.0,1335.0,377.0,836.0,2129.0,257.0,257.0,585.0,251.0,287.0,90.0
0.0,3087.0,409.0,825.0,2053.0,0.0,0.0,578.0,247.0,307.0,102.0
0.0,4731.0,813.0,825.0,257.0,0.0,0.0,578.0,247.0,567.0,246.0
0.0,4175.0,1194.0,837.0,0.0,367.0,367.0,586.0,251.0,814.0,380.0
0.0,2981.0,1204.0,849.0,0.0,1619.0,1619.0,594.0,255.0,823.0,381.0
0.0,1777.0,859.0,851.0,367.0,2119.0,2119.0,595.0,256.0,602.0,257.0
0.0,1285.0,481.0,842.0,1619.0,945.0,945.0,589.0,253.0,357.0,124.0
0.0,2423.0,471.0,828.0,2119.0,0.0,0.0,580.0,248.0,351.0,120.0
0.0,4071.0,911.0,825.0,945.0,0.0,0.0,578.0,247.0,637.0,274.0
0.0,4105.0,1293.0,834.0,0.0,524.0,524.0,584.0,250.0,885.0,408.0
0.0,2812.0,1302.0,846.0,0.0,1874.0,1874.0,592.0,254.0,892.0,410.0
0.0,1510.0,961.0,853.0,524.0,2339.0,2339.0,596.0,257.0,673.0,288.0
0.0,1073.0,499.0,845.0,1874.0,932.0,932.0,591.0,254.0,368.0,131.0
0.0,2448.0,403.0,834.0,2339.0,0.0,0.0,584.0,250.0,303.0,100.0
0.0,4384.0,745.0,832.0,932.0,0.0,0.0,583.0,249.0,522.0,223.0
0.0,4571.0,1173.0,842.0,0.0,0.0,0.0,590.0,252.0,802.0,371.0
0.0,3398.0,1268.0,855.0,0.0,1290.0,1290.0,598.0,257.0,865.0,403.0
0.0,2130.0,868.0,858.0,0.0,2170.0,2170.0,600.0,258.0,607.0,261.0
0.0,1262.0,441.0,849.0,1290.0,1285.0,1285.0,594.0,255.0,329.0,112.0
0.0,2111.0,447.0,838.0,2170.0,0.0,0.0,587.0,251.0,335.0,112.0
0.0,3834.0,991.0,839.0,1285.0,0.0,0.0,588.0,251.0,695.0,296.0
0.0,4128.0,1457.0,851.0,0.0,733.0,733.0,596.0,255.0,999.0,458.0
0.0,2671.0,1390.0,862.0,0.0,2167.0,2167.0,603.0,259.0,951.0,439.0
0.0,1281.0,838.0,863.0,733.0,2276.0,2276.0,603.0,260.0,587.0,251.0
0.0,1176.0,335.0,852.0,2167.0,400.0,400.0,596.0,256.0,257.0,78.0
0.0,3008.0,424.0,839.0,2276.0,0.0,0.0,588.0,251.0,316.0,108.0
0.0,4860.0,996.0,842.0,400.0,0.0,0.0,590.0,252.0,695.0,301.0
0.0,4264.0,1412.0,855.0,0.0,568.0,568.0,599.0,256.0,967.0,445.0
0.0,2852.0,1220.0,868.0,0.0,1840.0,1840.0,607.0,261.0,833.0,387.0
0.0,1632.0,673.0,870.0,568.0,1953.0,1953.0,608.0,262.0,474.0,199.0
0.0,1527.0,229.0,858.0,1840.0,294.0,294.0,600.0,258.0,183.0,46.0
0.0,3138.0,378.0,844.0,1953.0,0.0,0.0,591.0,253.0,284.0,94.0
0.0,4713.0,946.0,840.0,294.0,0.0,0.0,589.0,251.0,658.0,288.0
0.0,4061.0,1469.0,852.0,0.0,816.0,816.0,597.0,255.0,1006.0,463.0
0.0,2592.0,1424.0,866.0,0.0,2296.0,2296.0,606.0,260.0,979.0,445.0
0.0,1168.0,862.0,870.0,816.0,2358.0,2358.0,608.0,262.0,608.0,254.0
0.0,1122.0,388.0,861.0,2296.0,414.0,414.0,602.0,259.0,295.0,93.0
0.0,3030.0,389.0,845.0,2358.0,0.0,0.0,592.0,253.0,290.0,99.0
0.0,4999.0,876.0,840.0,414.0,0.0,0.0,589.0,251.0,609.0,267.0
0.0,4537.0,1274.0,852.0,0.0,145.0,145.0,597.0,255.0,870.0,404.0
0.0,3263.0,1283.0,869.0,0.0,1496.0,1496.0,608.0,261.0,879.0,404.0
0.0,1980.0,813.0,877.0,145.0,2196.0,2196.0,613.0,264.0,572.0,241.0
0.0,1312.0,304.0,866.0,1496.0,960.0,960.0,606.0,260.0,236.0,68.0
0.0,2504.0,359.0,851.0,2196.0,0.0,0.0,596.0,255.0,270.0,89.0
0.0,4341.0,942.0,846.0,960.0,0.0,0.0,593.0,253.0,656.0,286.0
0.0,4359.0,1434.0,858.0,0.0,507.0,507.0,601.0,257.0,982.0,452.0
0.0,2925.0,1424.0,876.0,0.0,2003.0,2003.0,613.0,263.0,977.0,447.0
0.0,1501.0,918.0,883.0,507.0,2442.0,2442.0,617.0,266.0,646.0,272.0
0.0,1090.0,427.0,872.0,2003.0,822.0,822.0,610.0,262.0,322.0,105.0
0.0,2666.0,496.0,855.0,2442.0,0.0,0.0,599.0,256.0,368.0,128.0
0.0,4612.0,990.0,851.0,822.0,0.0,0.0,597.0,254.0,691.0,299.0
0.0,4444.0,1401.0,863.0,0.0,409.0,409.0,605.0,258.0,959.0,442.0
0.0,3043.0,1266.0,880.0,0.0,1743.0,1743.0,616.0,264.0,864.0,402.0
0.0,1777.0,719.0,887.0,409.0,2081.0,2081.0,620.0,267.0,504.0,215.0
0.0,1467.0,243.0,875.0,1743.0,533.0,533.0,612.0,263.0,193.0,50.0
0.0,2967.0,370.0,859.0,2081.0,0.0,0.0,602.0,257.0,281.0,89.0
0.0,4678.0,1021.0,856.0,533.0,0.0,0.0,600.0,256.0,712.0,309.0
0.0,4190.0,1562.0,869.0,0.0,848.0,848.0,609.0,260.0,1070.0,492.0
0.0,2628.0,1479.0,889.0,0.0,2407.0,2407.0,622.0,267.0,1014.0,465.0
0.0,1149.0,814.0,895.0,848.0,2397.0,2397.0,626.0,269.0,572.0,242.0
0.0,1183.0,355.0,885.0,2407.0,305.0,305.0,619.0,266.0,273.0,82.0
0.0,3235.0,544.0,870.0,2397.0,0.0,0.0,610.0,260.0,403.0,141.0
0.0,5088.0,1122.0,866.0,305.0,0.0,0.0,607.0,259.0,783.0,339.0
0.0,4271.0,1515.0,877.0,0.0,752.0,752.0,614.0,263.0,1036.0,479.0
0.0,2756.0,1261.0,892.0,0.0,2073.0,2073.0,624.0,268.0,862.0,399.0
0.0,1495.0,596.0,895.0,752.0,1929.0,1929.0,626.0,269.0,421.0,175.0
0.0,1651.0,132.0,883.0,2073.0,0.0,0.0,618.0,265.0,116.0,16.0
0.0,3592.0,326.0,868.0,1929.0,0.0,0.0,608.0,260.0,248.0,78.0
0.0,5195.0,1024.0,863.0,0.0,0.0,0.0,605.0,258.0,713.0,311.0
0.0,4171.0,1505.0,875.0,0.0,834.0,834.0,613.0,262.0,1030.0,475.0
0.0,2666.0,1410.0,894.0,0.0,2320.0,2320.0,625.0,269.0,966.0,444.0
0.0,1256.0,842.0,901.0,834.0,2356.0,2356.0,630.0,271.0,593.0,249.0
0.0,1248.0,357.0,889.0,2320.0,345.0,345.0,622.0,267.0,273.0,84.0
0.0,3211.0,472.0,871.0,2356.0,0.0,0.0,610.0,261.0,351.0,121.0
0.0,5095.0,1096.0,864.0,345.0,0.0,0.0,606.0,258.0,766.0,330.0
0.0,4344.0,1550.0,878.0,0.0,718.0,718.0,615.0,263.0,1063.0,487.0
0.0,2794.0,1429.0,899.0,0.0,2231.0,2231.0,629.0,270.0,978.0,451.0
0.0,1365.0,805.0,907.0,718.0,2350.0,2350.0,634.0,273.0,563.0,242.0
0.0,1278.0,240.0,892.0,2231.0,299.0,299.0,624.0,268.0,190.0,50.0
0.0,3269.0,291.0,871.0,2350.0,0.0,0.0,610.0,261.0,226.0,65.0
0.0,5328.0,891.0,864.0,299.0,0.0,0.0,606.0,258.0,624.0,267.0
0.0,4736.0,1407.0,878.0,0.0,183.0,183.0,615.0,263.0,963.0,444.0
0.0,3329.0,1379.0,901.0,0.0,1654.0,1654.0,630.0,271.0,944.0,435.0
0.0,1950.0,816.0,908.0,183.0,2315.0,2315.0,635.0,273.0,572.0,244.0
0.0,1317.0,366.0,898.0,1654.0,987.0,987.0,628.0,270.0,278.0,88.0
0.0,2605.0,576.0,881.0,2315.0,0.0,0.0,617.0,264.0,423.0,153.0
0.0,4344.0,1170.0,876.0,987.0,0.0,0.0,614.0,262.0,818.0,352.0
0.0,4161.0,1569.0,889.0,0.0,964.0,964.0,623.0,266.0,1079.0,490.0
0.0,2592.0,1394.0,909.0,0.0,2438.0,2438.0,636.0,273.0,955.0,439.0
0.0,1198.0,772.0,916.0,964.0,2274.0,2274.0,640.0,276.0,540.0,232.0
0.0,1390.0,340.0,906.0,2438.0,136.0,136.0,634.0,272.0,261.0,79.0
0.0,3488.0,466.0,890.0,2274.0,0.0,0.0,624.0,266.0,348.0,118.0
0.0,5296.0,976.0,884.0,136.0,0.0,0.0,620.0,264.0,682.0,294.0
0.0,4456.0,1376.0,895.0,0.0,500.0,500.0,627.0,268.0,940.0,436.0
0.0,3080.0,1221.0,912.0,0.0,1789.0,1789.0,638.0,274.0,831.0,390.0
0.0,1859.0,651.0,918.0,500.0,1964.0,1964.0,642.0,276.0,457.0,194.0
0.0,1708.0,319.0,906.0,1789.0,446.0,446.0,634.0,272.0,248.0,71.0
0.0,3178.0,623.0,891.0,1964.0,0.0,0.0,624.0,267.0,459.0,164.0
0.0,4519.0,1255.0,887.0,446.0,0.0,0.0,622.0,265.0,877.0,378.0
0.0,3710.0,1617.0,901.0,0.0,1511.0,1511.0,631.0,270.0,1109.0,508.0
0.0,2093.0,1315.0,918.0,0.0,2894.0,2894.0,642.0,276.0,899.0,416.0
0.0,778.0,705.0,921.0,1511.0,2100.0,2100.0,644.0,277.0,492.0,213.0
0.0,1584.0,363.0,909.0,2894.0,0.0,0.0,636.0,273.0,275.0,88.0
0.0,4115.0,619.0,895.0,2100.0,0.0,0.0,627.0,268.0,457.0,162.0
0.0,5596.0,1200.0,893.0,0.0,0.0,0.0,626.0,267.0,841.0,359.0
0.0,4396.0,1462.0,908.0,0.0,698.0,698.0,636.0,272.0,1001.0,461.0
0.0,2934.0,1127.0,925.0,0.0,1893.0,1893.0,647.0,278.0,767.0,360.0
0.0,1807.0,425.0,926.0,698.0,1624.0,1624.0,647.0,279.0,297.0,128.0
0.0,2080.0,135.0,909.0,1893.0,0.0,0.0,636.0,273.0,119.0,16.0
0.0,3838.0,547.0,889.0,1624.0,0.0,0.0,623.0,266.0,407.0,140.0
0.0,4915.0,1417.0,889.0,0.0,58.0,58.0,623.0,266.0,990.0,427.0
0.0,3498.0,1809.0,908.0,0.0,1943.0,1943.0,636.0,272.0,1240.0,569.0
0.0,1689.0,1446.0,928.0,58.0,3411.0,3411.0,649.0,279.0,989.0,457.0
0.0,301.0,664.0,931.0,1943.0,2144.0,2144.0,651.0,280.0,468.0,196.0
0.0,1580.0,222.0,913.0,3411.0,0.0,0.0,639.0,274.0,180.0,42.0
0.0,4769.0,541.0,895.0,2144.0,0.0,0.0,627.0,268.0,401.0,140.0
0.0,6372.0,1196.0,893.0,0.0,0.0,0.0,626.0,267.0,835.0,361.0
0.0,5176.0,1518.0,911.0,0.0,0.0,0.0,638.0,273.0,1038.0,480.0
0.0,3658.0,1264.0,932.0,0.0,1334.0,1334.0,652.0,280.0,862.0,402.0
0.0,2394.0,647.0,939.0,0.0,2009.0,2009.0,656.0,283.0,456.0,191.0
0.0,1747.0,270.0,925.0,1334.0,889.0,889.0,647.0,278.0,213.0,57.0
0.0,2811.0,497.0,905.0,2009.0,0.0,0.0,634.0,271.0,370.0,127.0
0.0,4323.0,1080.0,899.0,889.0,0.0,0.0,630.0,269.0,753.0,327.0
0.0,4132.0,1472.0,911.0,0.0,984.0,984.0,638.0,273.0,1007.0,465.0
0.0,2660.0,1369.0,931.0,0.0,2433.0,2433.0,651.0,280.0,936.0,433.0
0.0,1291.0,912.0,938.0,984.0,2389.0,2389.0,656.0,282.0,641.0,271.0
0.0,1363.0,586.0,929.0,2433.0,506.0,506.0,650.0,279.0,435.0,151.0
0.0,3210.0,629.0,911.0,2389.0,0.0,0.0,638.0,273.0,464.0,165.0
0.0,4970.0,997.0,903.0,506.0,0.0,0.0,633.0,270.0,697.0,300.0
0.0,4479.0,1315.0,912.0,0.0,484.0,484.0,639.0,273.0,896.0,419.0
0.0,3164.0,1272.0,932.0,0.0,1836.0,1836.0,652.0,280.0,865.0,407.0
0.0,1892.0,860.0,944.0,484.0,2260.0,2260.0,660.0,284.0,602.0,258.0
0.0,1516.0,390.0,934.0,1836.0,774.0,774.0,653.0,281.0,297.0,93.0
0.0,2962.0,388.0,915.0,2260.0,0.0,0.0,641.0,274.0,297.0,91.0
0.0,4834.0,908.0,906.0,774.0,0.0,0.0,635.0,271.0,634.0,274.0
0.0,4700.0,1435.0,917.0,0.0,403.0,403.0,642.0,275.0,979.0,456.0
0.0,3265.0,1495.0,939.0,0.0,1986.0,1986.0,657.0,282.0,1024.0,471.0
0.0,1770.0,1057.0,948.0,403.0,2676.0,2676.0,663.0,285.0,743.0,314.0
0.0,1116.0,536.0,936.0,1986.0,1178.0,1178.0,655.0,281.0,401.0,135.0
0.0,2566.0,423.0,914.0,2676.0,0.0,0.0,640.0,274.0,319.0,104.0
0.0,4819.0,887.0,904.0,1178.0,0.0,0.0,634.0,270.0,618.0,269.0
0.0,5110.0,1415.0,917.0,0.0,0.0,0.0,642.0,275.0,965.0,450.0
0.0,3695.0,1506.0,939.0,0.0,1567.0,1567.0,657.0,282.0,1032.0,474.0
0.0,2189.0,975.0,948.0,0.0,2578.0,2578.0,663.0,285.0,686.0,289.0
0.0,1214.0,380.0,938.0,1567.0,1351.0,1351.0,656.0,282.0,290.0,90.0
0.0,2401.0,308.0,917.0,2578.0,0.0,0.0,642.0,275.0,236.0,72.0
0.0,4671.0,775.0,909.0,1351.0,0.0,0.0,637.0,272.0,540.0,235.0
0.0,5247.0,1381.0,922.0,0.0,0.0,0.0,646.0,276.0,945.0,436.0
0.0,3866.0,1508.0,945.0,0.0,1422.0,1422.0,661.0,284.0,1034.0,474.0
0.0,2358.0,1074.0,954.0,0.0,2532.0,2532.0,667.0,287.0,752.0,322.0
0.0,1284.0,610.0,942.0,1422.0,1672.0,1672.0,659.0,283.0,450.0,160.0
0.0,2096.0,522.0,921.0,2532.0,0.0,0.0,645.0,276.0,388.0,134.0
0.0,4106.0,926.0,913.0,1672.0,0.0,0.0,640.0,273.0,649.0,277.0
0.0,4852.0,1434.0,927.0,0.0,290.0,290.0,649.0,278.0,979.0,455.0
0.0,3418.0,1524.0,949.0,0.0,1902.0,1902.0,664.0,285.0,1042.0,482.0
0.0,1894.0,962.0,956.0,290.0,2602.0,2602.0,668.0,288.0,675.0,287.0
0.0,1222.0,315.0,939.0,1902.0,947.0,947.0,657.0,282.0,246.0,69.0
0.0,2809.0,278.0,916.0,2602.0,0.0,0.0,642.0,274.0,220.0,58.0
0.0,5133.0,857.0,910.0,947.0,0.0,0.0,638.0,272.0,600.0,257.0
0.0,5223.0,1478.0,931.0,0.0,0.0,0.0,652.0,279.0,1009.0,469.0
0.0,3745.0,1535.0,958.0,0.0,1622.0,1622.0,670.0,288.0,1047.0,488.0
0.0,2210.0,980.0,966.0,0.0,2634.0,2634.0,675.0,291.0,685.0,295.0
0.0,1230.0,408.0,947.0,1622.0,1344.0,1344.0,662.0,285.0,311.0,97.0
0.0,2444.0,463.0,921.0,2634.0,0.0,0.0,645.0,276.0,353.0,110.0
0.0,4615.0,1070.0,914.0,1344.0,0.0,0.0,641.0,273.0,751.0,319.0
0.0,4889.0,1675.0,933.0,0.0,518.0,518.0,654.0,279.0,1147.0,528.0
0.0,3214.0,1608.0,959.0,0.0,2230.0,2230.0,671.0,288.0,1098.0,510.0
0.0,1606.0,970.0,968.0,518.0,2718.0,2718.0,677.0,291.0,674.0,296.0
0.0,1154.0,316.0,951.0,2230.0,736.0,736.0,665.0,286.0,245.0,71.0
0.0,3068.0,246.0,926.0,2718.0,0.0,0.0,649.0,277.0,202.0,44.0
0.0,5540.0,813.0,918.0,736.0,0.0,0.0,644.0,274.0,574.0,239.0
0.0,5463.0,1393.0,932.0,0.0,0.0,0.0,653.0,279.0,949.0,444.0
0.0,4070.0,1452.0,955.0,0.0,1202.0,1202.0,668.0,287.0,985.0,467.0
0.0,2618.0,959.0,964.0,0.0,2197.0,2197.0,674.0,290.0,667.0,292.0
0.0,1659.0,468.0,952.0,1202.0,1415.0,1415.0,666.0,286.0,356.0,112.0
0.0,2393.0,488.0,933.0,2197.0,0.0,0.0,654.0,279.0,373.0,115.0
0.0,4102.0,1007.0,927.0,1415.0,0.0,0.0,650.0,277.0,708.0,299.0
0.0,4510.0,1465.0,937.0,0.0,703.0,703.0,656.0,281.0,996.0,469.0
0.0,3045.0,1464.0,954.0,0.0,2235.0,2235.0,667.0,287.0,995.0,469.0
0.0,1581.0,1058.0,962.0,703.0,2622.0,2622.0,672.0,290.0,739.0,319.0
0.0,1226.0,595.0,955.0,2235.0,954.0,954.0,668.0,287.0,446.0,149.0
0.0,2866.0,602.0,941.0,2622.0,0.0,0.0,659.0,282.0,451.0,151.0
0.0,4886.0,968.0,934.0,954.0,0.0,0.0,655.0,279.0,679.0,289.0
0.0,4872.0,1310.0,943.0,0.0,210.0,210.0,661.0,282.0,889.0,421.0
0.0,3562.0,1288.0,961.0,0.0,1570.0,1570.0,672.0,289.0,872.0,416.0
0.0,2274.0,889.0,970.0,210.0,2285.0,2285.0,678.0,292.0,622.0,267.0
0.0,1595.0,474.0,962.0,1570.0,1157.0,1157.0,673.0,289.0,360.0,114.0
0.0,2691.0,489.0,944.0,2285.0,0.0,0.0,661.0,283.0,371.0,118.0
0.0,4487.0,981.0,934.0,1157.0,0.0,0.0,655.0,279.0,687.0,294.0
0.0,4663.0,1533.0,943.0,0.0,642.0,642.0,661.0,282.0,1046.0,487.0
0.0,3130.0,1611.0,964.0,0.0,2337.0,2337.0,674.0,290.0,1099.0,512.0
0.0,1519.0,1169.0,978.0,642.0,2920.0,2920.0,684.0,294.0,819.0,350.0
0.0,992.0,521.0,971.0,2337.0,1076.0,1076.0,679.0,292.0,393.0,128.0
0.0,2808.0,377.0,951.0,2920.0,0.0,0.0,666.0,285.0,290.0,87.0
0.0,5351.0,826.0,938.0,1076.0,0.0,0.0,658.0,280.0,576.0,250.0
0.0,5601.0,1436.0,947.0,0.0,0.0,0.0,663.0,284.0,978.0,458.0
0.0,4165.0,1543.0,969.0,0.0,1254.0,1254.0,678.0,291.0,1056.0,487.0
0.0,2622.0,1095.0,984.0,0.0,2409.0,2409.0,688.0,296.0,768.0,327.0
0.0,1527.0,515.0,979.0,1254.0,1650.0,1650.0,685.0,294.0,387.0,128.0
0.0,2266.0,311.0,959.0,2409.0,0.0,0.0,672.0,287.0,243.0,68.0
0.0,4364.0,780.0,945.0,1650.0,0.0,0.0,662.0,283.0,543.0,237.0
0.0,5234.0,1428.0,952.0,0.0,2.0,2.0,667.0,285.0,971.0,457.0
0.0,3806.0,1738.0,974.0,0.0,1828.0,1828.0,681.0,293.0,1192.0,546.0
0.0,2068.0,1340.0,989.0,2.0,3226.0,3226.0,691.0,298.0,942.0,398.0
0.0,730.0,721.0,985.0,1828.0,2103.0,2103.0,689.0,296.0,533.0,188.0
0.0,1837.0,438.0,966.0,3226.0,0.0,0.0,677.0,289.0,331.0,107.0
0.0,4625.0,713.0,950.0,2103.0,0.0,0.0,666.0,284.0,495.0,218.0
0.0,6015.0,1296.0,957.0,0.0,0.0,0.0,670.0,287.0,878.0,418.0
0.0,4719.0,1493.0,979.0,0.0,690.0,690.0,685.0,294.0,1020.0,473.0
0.0,3226.0,1124.0,996.0,0.0,1882.0,1882.0,696.0,300.0,791.0,333.0
0.0,2102.0,558.0,990.0,690.0,1726.0,1726.0,693.0,297.0,420.0,138.0
0.0,2234.0,378.0,969.0,1882.0,138.0,138.0,679.0,290.0,288.0,90.0
0.0,3738.0,753.0,954.0,1726.0,0.0,0.0,669.0,285.0,521.0,232.0
0.0,4711.0,1382.0,961.0,138.0,377.0,377.0,673.0,288.0,940.0,442.0
0.0,3467.0,1650.0,985.0,0.0,2123.0,2123.0,689.0,296.0,1134.0,516.0
0.0,1817.0,1248.0,1000.0,377.0,3054.0,3054.0,699.0,301.0,880.0,368.0
0.0,946.0,704.0,993.0,2123.0,1607.0,1607.0,695.0,298.0,519.0,185.0
0.0,2365.0,488.0,971.0,3054.0,0.0,0.0,680.0,291.0,363.0,125.0
0.0,4931.0,869.0,956.0,1607.0,0.0,0.0,670.0,286.0,602.0,267.0
0.0,5669.0,1446.0,965.0,0.0,0.0,0.0,676.0,289.0,986.0,460.0
0.0,4223.0,1645.0,991.0,0.0,1386.0,1386.0,693.0,298.0,1130.0,515.0
0.0,2578.0,1142.0,1008.0,0.0,2596.0,2596.0,705.0,303.0,805.0,337.0
0.0,1436.0,530.0,1003.0,1386.0,1720.0,1720.0,702.0,301.0,398.0,132.0
0.0,2292.0,319.0,982.0,2596.0,0.0,0.0,688.0,294.0,246.0,73.0
0.0,4569.0,724.0,969.0,1720.0,0.0,0.0,679.0,290.0,501.0,223.0
0.0,5565.0,1270.0,974.0,0.0,0.0,0.0,682.0,292.0,862.0,408.0
0.0,4295.0,1598.0,996.0,0.0,1287.0,1287.0,697.0,299.0,1097.0,501.0
0.0,2697.0,1369.0,1013.0,0.0,2724.0,2724.0,708.0,305.0,964.0,405.0
0.0,1328.0,835.0,1009.0,1287.0,2256.0,2256.0,706.0,303.0,610.0,225.0
0.0,1780.0,497.0,991.0,2724.0,0.0,0.0,694.0,297.0,369.0,128.0
0.0,4007.0,717.0,977.0,2256.0,0.0,0.0,685.0,292.0,499.0,218.0
0.0,5546.0,1313.0,982.0,0.0,0.0,0.0,688.0,294.0,892.0,421.0
0.0,4233.0,1701.0,1002.0,0.0,1476.0,1476.0,701.0,301.0,1169.0,532.0
0.0,2532.0,1438.0,1019.0,0.0,2982.0,2982.0,712.0,307.0,1012.0,426.0
0.0,1094.0,739.0,1015.0,1476.0,2229.0,2229.0,710.0,305.0,544.0,195.0
0.0,1831.0,293.0,995.0,2982.0,0.0,0.0,697.0,298.0,225.0,68.0
0.0,4520.0,558.0,981.0,2229.0,0.0,0.0,688.0,293.0,385.0,173.0
0.0,6191.0,1152.0,986.0,0.0,0.0,0.0,691.0,295.0,781.0,371.0
0.0,5039.0,1581.0,1008.0,0.0,574.0,574.0,705.0,303.0,1085.0,496.0
0.0,3458.0,1304.0,1023.0,0.0,1938.0,1938.0,715.0,308.0,919.0,385.0
0.0,2154.0,770.0,1019.0,574.0,2118.0,2118.0,713.0,306.0,565.0,205.0
0.0,1958.0,532.0,999.0,1938.0,632.0,632.0,700.0,299.0,392.0,140.0
0.0,3364.0,872.0,986.0,2118.0,0.0,0.0,691.0,295.0,605.0,267.0
0.0,4610.0,1396.0,990.0,632.0,114.0,114.0,693.0,297.0,951.0,445.0
0.0,3846.0,1619.0,1011.0,0.0,1817.0,1817.0,707.0,304.0,1112.0,507.0
0.0,2227.0,1295.0,1029.0,114.0,3070.0,3070.0,719.0,310.0,913.0,382.0
0.0,1046.0,678.0,1026.0,1817.0,1919.0,1919.0,718.0,308.0,502.0,176.0
0.0,2185.0,356.0,1005.0,3070.0,0.0,0.0,704.0,301.0,270.0,86.0
0.0,4899.0,705.0,989.0,1919.0,0.0,0.0,693.0,296.0,485.0,220.0
0.0,6113.0,1350.0,994.0,0.0,0.0,0.0,696.0,298.0,916.0,434.0
0.0,4763.0,1608.0,1015.0,0.0,905.0,905.0,710.0,305.0,1105.0,503.0
0.0,3155.0,1220.0,1033.0,0.0,2197.0,2197.0,722.0,311.0,864.0,356.0
0.0,1935.0,559.0,1028.0,905.0,1831.0,1831.0,719.0,309.0,422.0,137.0
0.0,2281.0,400.0,1008.0,2197.0,0.0,0.0,706.0,302.0,299.0,101.0
0.0,4078.0,901.0,992.0,1831.0,0.0,0.0,695.0,297.0,619.0,282.0
0.0,5008.0,1516.0,995.0,0.0,488.0,488.0,697.0,298.0,1033.0,483.0
0.0,3492.0,1741.0,1015.0,0.0,2309.0,2309.0,710.0,305.0,1199.0,542.0
0.0,1751.0,1356.0,1033.0,488.0,3249.0,3249.0,722.0,311.0,959.0,397.0
0.0,883.0,736.0,1033.0,2309.0,1676.0,1676.0,723.0,310.0,543.0,193.0
0.0,2456.0,454.0,1016.0,3249.0,0.0,0.0,712.0,304.0,337.0,117.0
0.0,5251.0,668.0,1001.0,1676.0,0.0,0.0,702.0,299.0,460.0,208.0
0.0,6259.0,1223.0,1003.0,0.0,0.0,0.0,702.0,301.0,828.0,395.0
0.0,5036.0,1514.0,1021.0,0.0,562.0,562.0,714.0,307.0,1039.0,475.0
0.0,3522.0,1269.0,1038.0,0.0,1899.0,1899.0,726.0,312.0,897.0,372.0
0.0,2253.0,766.0,1039.0,562.0,2107.0,2107.0,727.0,312.0,567.0,199.0
0.0,2049.0,497.0,1022.0,1899.0,637.0,637.0,716.0,306.0,370.0,127.0
0.0,3451.0,768.0,1005.0,2107.0,0.0,0.0,704.0,301.0,526.0,242.0
0.0,4790.0,1319.0,1006.0,637.0,0.0,0.0,704.0,302.0,891.0,428.0
0.0,4108.0,1654.0,1024.0,0.0,1642.0,1642.0,716.0,308.0,1137.0,517.0
0.0,2454.0,1415.0,1043.0,0.0,3133.0,3133.0,729.0,314.0,1002.0,413.0
0.0,1039.0,824.0,1042.0,1642.0,2311.0,2311.0,729.0,313.0,609.0,215.0
0.0,1857.0,495.0,1023.0,3133.0,0.0,0.0,717.0,306.0,367.0,128.0
0.0,4495.0,680.0,1004.0,2311.0,0.0,0.0,704.0,300.0,464.0,216.0
0.0,6126.0,1213.0,1006.0,0.0,0.0,0.0,704.0,302.0,818.0,395.0
0.0,4913.0,1556.0,1025.0,0.0,743.0,743.0,717.0,308.0,1070.0,486.0
0.0,3357.0,1338.0,1046.0,0.0,2165.0,2165.0,731.0,315.0,947.0,391.0
0.0,2019.0,763.0,1046.0,743.0,2185.0,2185.0,732.0,314.0,564.0,199.0
0.0,1999.0,397.0,1029.0,2165.0,349.0,349.0,721.0,308.0,297.0,100.0
0.0,3767.0,642.0,1010.0,2185.0,0.0,0.0,708.0,302.0,440.0,202.0
0.0,5310.0,1285.0,1010.0,349.0,0.0,0.0,707.0,303.0,871.0,414.0
0.0,4374.0,1664.0,1025.0,0.0,1390.0,1390.0,717.0,308.0,1146.0,518.0
0.0,2710.0,1490.0,1044.0,0.0,2956.0,2956.0,730.0,314.0,1051.0,439.0
0.0,1220.0,956.0,1049.0,1390.0,2542.0,2542.0,734.0,315.0,697.0,259.0
0.0,1654.0,592.0,1035.0,2956.0,122.0,122.0,725.0,310.0,434.0,158.0
0.0,4018.0,726.0,1016.0,2542.0,0.0,0.0,712.0,304.0,500.0,226.0
0.0,5834.0,1174.0,1011.0,122.0,0.0,0.0,708.0,303.0,794.0,380.0
0.0,4782.0,1486.0,1025.0,0.0,804.0,804.0,717.0,308.0,1022.0,464.0
0.0,3296.0,1357.0,1046.0,0.0,2245.0,2245.0,731.0,315.0,957.0,400.0
0.0,1939.0,785.0,1050.0,804.0,2242.0,2242.0,735.0,315.0,576.0,209.0
0.0,1958.0,427.0,1036.0,2245.0,368.0,368.0,726.0,310.0,318.0,109.0
0.0,3776.0,655.0,1019.0,2242.0,0.0,0.0,714.0,305.0,451.0,204.0
0.0,5363.0,1286.0,1018.0,368.0,0.0,0.0,713.0,305.0,873.0,413.0
0.0,4445.0,1660.0,1035.0,0.0,1355.0,1355.0,724.0,311.0,1142.0,518.0
0.0,2785.0,1509.0,1054.0,0.0,2940.0,2940.0,737.0,317.0,1065.0,444.0
0.0,1276.0,948.0,1056.0,1355.0,2541.0,2541.0,739.0,317.0,692.0,256.0
0.0,1683.0,502.0,1039.0,2940.0,35.0,35.0,728.0,311.0,371.0,131.0
0.0,4121.0,644.0,1020.0,2541.0,0.0,0.0,715.0,305.0,442.0,202.0
0.0,6018.0,1196.0,1018.0,35.0,0.0,0.0,713.0,305.0,809.0,387.0
0.0,4857.0,1623.0,1036.0,0.0,910.0,910.0,724.0,312.0,1115.0,508.0
0.0,3234.0,1490.0,1057.0,0.0,2484.0,2484.0,739.0,318.0,1051.0,439.0
0.0,1744.0,917.0,1062.0,910.0,2511.0,2511.0,743.0,319.0,671.0,246.0
0.0,1737.0,418.0,1043.0,2484.0,369.0,369.0,731.0,312.0,314.0,104.0
0.0,3803.0,467.0,1022.0,2511.0,0.0,0.0,716.0,306.0,319.0,148.0
0.0,5847.0,1086.0,1020.0,369.0,0.0,0.0,714.0,306.0,729.0,357.0
0.0,5130.0,1569.0,1038.0,0.0,591.0,591.0,726.0,312.0,1075.0,494.0
0.0,3561.0,1629.0,1063.0,0.0,2320.0,2320.0,743.0,320.0,1149.0,480.0
0.0,1932.0,1123.0,1066.0,591.0,2864.0,2864.0,746.0,320.0,818.0,305.0
0.0,1400.0,558.0,1049.0,2320.0,1034.0,1034.0,735.0,314.0,415.0,143.0
0.0,3162.0,529.0,1024.0,2864.0,0.0,0.0,718.0,306.0,363.0,166.0
0.0,5497.0,1121.0,1021.0,1034.0,0.0,0.0,715.0,306.0,753.0,368.0
0.0,5410.0,1689.0,1038.0,0.0,431.0,431.0,726.0,312.0,1158.0,531.0
0.0,3721.0,1651.0,1062.0,0.0,2178.0,2178.0,742.0,320.0,1163.0,488.0
0.0,2070.0,997.0,1068.0,431.0,2768.0,2768.0,747.0,321.0,728.0,269.0
0.0,1504.0,334.0,1051.0,2178.0,856.0,856.0,736.0,315.0,257.0,77.0
0.0,3348.0,381.0,1029.0,2768.0,0.0,0.0,721.0,308.0,261.0,120.0
0.0,5735.0,1016.0,1024.0,856.0,0.0,0.0,717.0,307.0,682.0,334.0
0.0,5575.0,1665.0,1041.0,0.0,254.0,254.0,728.0,313.0,1142.0,523.0
0.0,3910.0,1689.0,1064.0,0.0,2035.0,2035.0,744.0,320.0,1186.0,503.0
0.0,2221.0,1065.0,1070.0,254.0,2870.0,2870.0,749.0,321.0,773.0,292.0
0.0,1410.0,398.0,1052.0,2035.0,1161.0,1161.0,737.0,315.0,301.0,97.0
0.0,3047.0,507.0,1030.0,2870.0,0.0,0.0,722.0,308.0,351.0,156.0
0.0,5410.0,1267.0,1028.0,1161.0,0.0,0.0,720.0,308.0,862.0,405.0
0.0,5304.0,1915.0,1048.0,0.0,803.0,803.0,733.0,315.0,1318.0,597.0
0.0,3389.0,1772.0,1073.0,0.0,2675.0,2675.0,750.0,323.0,1244.0,528.0
0.0,1617.0,955.0,1079.0,803.0,2851.0,2851.0,755.0,324.0,696.0,259.0
0.0,1465.0,290.0,1061.0,2675.0,394.0,394.0,743.0,318.0,225.0,65.0
0.0,3850.0,349.0,1037.0,2851.0,0.0,0.0,727.0,310.0,239.0,110.0
0.0,6352.0,1069.0,1032.0,394.0,0.0,0.0,723.0,309.0,721.0,348.0
0.0,5677.0,1738.0,1051.0,0.0,265.0,265.0,735.0,316.0,1196.0,542.0
0.0,3939.0,1726.0,1077.0,0.0,2095.0,2095.0,753.0,324.0,1213.0,513.0
0.0,2213.0,1037.0,1085.0,265.0,2899.0,2899.0,759.0,326.0,751.0,286.0
0.0,1441.0,338.0,1066.0,2095.0,1066.0,1066.0,747.0,319.0,257.0,81.0
0.0,3198.0,430.0,1043.0,2899.0,0.0,0.0,731.0,312.0,299.0,131.0
0.0,5667.0,1336.0,1040.0,1066.0,0.0,0.0,728.0,312.0,911.0,425.0
0.0,5397.0,2053.0,1061.0,0.0,900.0,900.0,742.0,319.0,1416.0,637.0
0.0,3344.0,1863.0,1084.0,0.0,2855.0,2855.0,758.0,326.0,1307.0,556.0
0.0,1481.0,901.0,1088.0,900.0,2872.0,2872.0,761.0,327.0,655.0,246.0
0.0,1480.0,98.0,1068.0,2855.0,35.0,35.0,748.0,320.0,90.0,8.0
0.0,4237.0,220.0,1043.0,2872.0,0.0,0.0,731.0,312.0,151.0,69.0
0.0,6889.0,1162.0,1040.0,35.0,0.0,0.0,728.0,312.0,789.0,373.0
0.0,5762.0,2011.0,1064.0,0.0,505.0,505.0,744.0,320.0,1386.0,625.0
0.0,3751.0,1795.0,1090.0,0.0,2404.0,2404.0,762.0,328.0,1258.0,537.0
0.0,1956.0,821.0,1092.0,505.0,2728.0,2728.0,764.0,328.0,599.0,222.0
0.0,1640.0,76.0,1069.0,2404.0,308.0,308.0,749.0,320.0,76.0,0.0
0.0,3968.0,306.0,1043.0,2728.0,0.0,0.0,731.0,312.0,213.0,93.0
0.0,6390.0,1329.0,1040.0,308.0,0.0,0.0,728.0,312.0,905.0,424.0
0.0,5369.0,2215.0,1064.0,0.0,1102.0,1102.0,744.0,320.0,1526.0,689.0
0.0,3154.0,2005.0,1093.0,0.0,3223.0,3223.0,764.0,329.0,1404.0,601.0
0.0,1149.0,927.0,1099.0,1102.0,3072.0,3072.0,769.0,330.0,675.0,252.0
0.0,1324.0,12.0,1075.0,3223.0,0.0,0.0,753.0,322.0,12.0,0.0
0.0,4535.0,201.0,1048.0,3072.0,0.0,0.0,734.0,314.0,138.0,63.0
0.0,7406.0,1226.0,1044.0,0.0,0.0,0.0,731.0,313.0,855.0,371.0
0.0,6180.0,2062.0,1066.0,0.0,146.0,146.0,746.0,320.0,1443.0,619.0
0.0,4118.0,1915.0,1094.0,0.0,2173.0,2173.0,765.0,329.0,1342.0,573.0
0.0,2203.0,938.0,1103.0,146.0,3001.0,3001.0,772.0,331.0,657.0,281.0
0.0,1411.0,65.0,1084.0,2173.0,817.0,817.0,759.0,325.0,44.0,21.0
0.0,3519.0,208.0,1058.0,3001.0,0.0,0.0,741.0,317.0,146.0,62.0
0.0,6312.0,1226.0,1049.0,817.0,0.0,0.0,735.0,314.0,859.0,367.0
0.0,5903.0,2106.0,1069.0,0.0,479.0,479.0,748.0,321.0,1476.0,630.0
0.0,3797.0,1960.0,1095.0,0.0,2543.0,2543.0,766.0,329.0,1373.0,587.0
0.0,1837.0,1032.0,1105.0,479.0,3136.0,3136.0,773.0,332.0,720.0,312.0
0.0,1284.0,167.0,1087.0,2543.0,688.0,688.0,761.0,326.0,115.0,52.0
0.0,3660.0,304.0,1061.0,3136.0,0.0,0.0,743.0,318.0,212.0,92.0
0.0,6492.0,1278.0,1053.0,688.0,0.0,0.0,738.0,315.0,897.0,381.0
0.0,5902.0,2034.0,1073.0,0.0,424.0,424.0,751.0,322.0,1427.0,607.0
0.0,3868.0,1833.0,1102.0,0.0,2373.0,2373.0,771.0,331.0,1282.0,551.0
0.0,2035.0,779.0,1109.0,424.0,2756.0,2756.0,776.0,333.0,544.0,235.0
0.0,1680.0,0.0,1090.0,2373.0,307.0,307.0,763.0,327.0,0.0,0.0
0.0,4053.0,224.0,1062.0,2756.0,0.0,0.0,744.0,318.0,155.0,69.0
0.0,6585.0,1282.0,1054.0,307.0,0.0,0.0,738.0,316.0,897.0,385.0
0.0,5610.0,2124.0,1074.0,0.0,810.0,810.0,752.0,322.0,1488.0,636.0
0.0,3486.0,2028.0,1106.0,0.0,2966.0,2966.0,774.0,332.0,1421.0,607.0
0.0,1458.0,1030.0,1116.0,810.0,3226.0,3226.0,781.0,335.0,720.0,310.0
0.0,1238.0,167.0,1095.0,2966.0,343.0,343.0,767.0,328.0,116.0,51.0
0.0,4037.0,318.0,1064.0,3226.0,0.0,0.0,745.0,319.0,223.0,95.0
0.0,6945.0,1260.0,1055.0,343.0,0.0,0.0,739.0,316.0,883.0,377.0
0.0,6028.0,2055.0,1076.0,0.0,331.0,331.0,753.0,323.0,1439.0,616.0
0.0,3973.0,1884.0,1106.0,0.0,2335.0,2335.0,774.0,332.0,1318.0,566.0
0.0,2089.0,910.0,1117.0,331.0,2958.0,2958.0,781.0,336.0,637.0,273.0
0.0,1510.0,45.0,1097.0,2335.0,588.0,588.0,768.0,329.0,32.0,13.0
0.0,3800.0,165.0,1067.0,2958.0,0.0,0.0,747.0,320.0,116.0,49.0
0.0,6593.0,1106.0,1055.0,588.0,0.0,0.0,739.0,316.0,773.0,333.0
0.0,6075.0,2023.0,1074.0,0.0,244.0,244.0,752.0,322.0,1416.0,607.0
0.0,4052.0,2078.0,1108.0,0.0,2458.0,2458.0,775.0,333.0,1454.0,624.0
0.0,1974.0,1193.0,1122.0,244.0,3463.0,3463.0,785.0,337.0,836.0,357.0
0.0,1025.0,239.0,1101.0,2458.0,1160.0,1160.0,771.0,330.0,169.0,70.0
0.0,3244.0,238.0,1066.0,3463.0,0.0,0.0,747.0,319.0,166.0,72.0
0.0,6469.0,1173.0,1053.0,1160.0,0.0,0.0,737.0,316.0,819.0,354.0
0.0,6456.0,2099.0,1076.0,0.0,0.0,0.0,753.0,323.0,1469.0,630.0
0.0,4357.0,2030.0,1113.0,0.0,2125.0,2125.0,779.0,334.0,1424.0,606.0
0.0,2327.0,1068.0,1129.0,0.0,3257.0,3257.0,790.0,339.0,749.0,319.0
0.0,1259.0,118.0,1110.0,2125.0,1174.0,1174.0,777.0,333.0,82.0,36.0
0.0,3266.0,119.0,1073.0,3257.0,0.0,0.0,752.0,321.0,81.0,38.0
0.0,6404.0,1021.0,1058.0,1174.0,0.0,0.0,741.0,317.0,711.0,310.0
0.0,6557.0,1960.0,1080.0,0.0,0.0,0.0,756.0,324.0,1371.0,589.0
0.0,4597.0,2009.0,1118.0,0.0,1884.0,1884.0,782.0,336.0,1409.0,600.0
0.0,2588.0,1268.0,1136.0,0.0,3224.0,3224.0,795.0,341.0,891.0,377.0
0.0,1320.0,399.0,1118.0,1884.0,1667.0,1667.0,783.0,335.0,281.0,118.0
0.0,2805.0,243.0,1079.0,3224.0,0.0,0.0,756.0,323.0,167.0,76.0
0.0,5786.0,1075.0,1062.0,1667.0,0.0,0.0,744.0,318.0,749.0,326.0
0.0,6378.0,2043.0,1083.0,0.0,0.0,0.0,758.0,325.0,1428.0,615.0
0.0,4335.0,2177.0,1125.0,0.0,2342.0,2342.0,787.0,338.0,1528.0,649.0
0.0,2158.0,1258.0,1146.0,0.0,3684.0,3684.0,802.0,344.0,887.0,371.0
0.0,900.0,173.0,1125.0,2342.0,1431.0,1431.0,788.0,337.0,122.0,51.0
0.0,3069.0,4.0,1086.0,3684.0,0.0,0.0,760.0,326.0,0.0,4.0
0.0,6749.0,802.0,1064.0,1431.0,0.0,0.0,745.0,319.0,556.0,246.0
0.0,7378.0,1889.0,1083.0,0.0,0.0,0.0,758.0,325.0,1320.0,569.0
0.0,5489.0,2101.0,1121.0,0.0,1096.0,1096.0,785.0,336.0,1474.0,627.0
0.0,3388.0,1235.0,1141.0,0.0,2411.0,2411.0,799.0,342.0,869.0,366.0
0.0,2153.0,191.0,1121.0,1096.0,1426.0,1426.0,785.0,336.0,135.0,56.0
0.0,3058.0,82.0,1083.0,2411.0,0.0,0.0,758.0,325.0,54.0,28.0
0.0,5387.0,1079.0,1066.0,1426.0,0.0,0.0,746.0,320.0,750.0,329.0
0.0,5734.0,2170.0,1087.0,0.0,784.0,784.0,761.0,326.0,1517.0,653.0
0.0,3564.0,2204.0,1127.0,0.0,3148.0,3148.0,789.0,338.0,1546.0,658.0
0.0,1360.0,1231.0,1144.0,784.0,3663.0,3663.0,801.0,343.0,867.0,364.0
0.0,913.0,170.0,1123.0,3148.0,601.0,601.0,786.0,337.0,121.0,49.0
0.0,3891.0,34.0,1084.0,3663.0,0.0,0.0,759.0,325.0,22.0,12.0
0.0,7520.0,947.0,1067.0,601.0,0.0,0.0,747.0,320.0,659.0,288.0
0.0,7174.0,2027.0,1092.0,0.0,0.0,0.0,764.0,328.0,1416.0,611.0
0.0,5147.0,2171.0,1133.0,0.0,1556.0,1556.0,793.0,340.0,1521.0,650.0
0.0,2976.0,1224.0,1153.0,0.0,2860.0,2860.0,807.0,346.0,859.0,365.0
0.0,1752.0,163.0,1131.0,1556.0,1379.0,1379.0,792.0,339.0,116.0,47.0
0.0,3145.0,53.0,1091.0,2860.0,0.0,0.0,764.0,327.0,37.0,16.0
0.0,5952.0,1002.0,1072.0,1379.0,0.0,0.0,750.0,322.0,699.0,303.0
0.0,6329.0,2119.0,1093.0,0.0,162.0,162.0,765.0,328.0,1481.0,638.0
0.0,4210.0,2363.0,1134.0,0.0,2689.0,2689.0,794.0,340.0,1653.0,710.0
0.0,1847.0,1404.0,1156.0,162.0,4019.0,4019.0,809.0,347.0,987.0,417.0
0.0,605.0,213.0,1136.0,2689.0,1463.0,1463.0,795.0,341.0,153.0,60.0
0.0,3081.0,0.0,1096.0,4019.0,0.0,0.0,767.0,329.0,0.0,0.0
0.0,7100.0,822.0,1076.0,1463.0,0.0,0.0,753.0,323.0,571.0,251.0
0.0,7741.0,1896.0,1094.0,0.0,0.0,0.0,766.0,328.0,1323.0,573.0
0.0,5845.0,2111.0,1134.0,0.0,802.0,802.0,794.0,340.0,1478.0,633.0
0.0,3734.0,1299.0,1156.0,0.0,2189.0,2189.0,809.0,347.0,915.0,384.0
0.0,2435.0,263.0,1140.0,802.0,1586.0,1586.0,798.0,342.0,188.0,75.0
0.0,2974.0,0.0,1101.0,2189.0,0.0,0.0,771.0,330.0,0.0,0.0
0.0,5163.0,877.0,1078.0,1586.0,0.0,0.0,755.0,323.0,610.0,267.0
0.0,5872.0,2000.0,1093.0,0.0,500.0,500.0,765.0,328.0,1396.0,604.0
0.0,3872.0,2344.0,1134.0,0.0,3008.0,3008.0,794.0,340.0,1639.0,705.0
0.0,1528.0,1555.0,1159.0,500.0,4163.0,4163.0,811.0,348.0,1091.0,464.0
0.0,473.0,334.0,1143.0,3008.0,1425.0,1425.0,800.0,343.0,238.0,96.0
0.0,3147.0,0.0,1103.0,4163.0,0.0,0.0,772.0,331.0,0.0,0.0
0.0,7310.0,785.0,1079.0,1425.0,0.0,0.0,755.0,324.0,548.0,237.0
0.0,7950.0,1958.0,1096.0,0.0,0.0,0.0,767.0,329.0,1369.0,589.0
0.0,5992.0,2270.0,1137.0,0.0,826.0,826.0,796.0,341.0,1590.0,680.0
0.0,3722.0,1426.0,1163.0,0.0,2356.0,2356.0,814.0,349.0,998.0,428.0
0.0,2296.0,221.0,1147.0,826.0,1687.0,1687.0,803.0,344.0,155.0,66.0
0.0,2901.0,0.0,1110.0,2356.0,0.0,0.0,777.0,333.0,0.0,0.0
0.0,5257.0,860.0,1087.0,1687.0,0.0,0.0,761.0,326.0,602.0,258.0
0.0,6084.0,2032.0,1102.0,0.0,356.0,356.0,771.0,331.0,1421.0,611.0
0.0,4052.0,2330.0,1139.0,0.0,2834.0,2834.0,797.0,342.0,1631.0,699.0
0.0,1722.0,1496.0,1163.0,356.0,4070.0,4070.0,814.0,349.0,1050.0,446.0
0.0,582.0,409.0,1150.0,2834.0,1593.0,1593.0,805.0,345.0,289.0,120.0
0.0,3007.0,91.0,1113.0,4070.0,0.0,0.0,779.0,334.0,64.0,27.0
0.0,6986.0,922.0,1089.0,1593.0,0.0,0.0,762.0,327.0,643.0,279.0
0.0,7657.0,2051.0,1104.0,0.0,0.0,0.0,773.0,331.0,1431.0,620.0
0.0,5606.0,2344.0,1146.0,0.0,1322.0,1322.0,802.0,344.0,1638.0,706.0
0.0,3262.0,1372.0,1172.0,0.0,2798.0,2798.0,820.0,352.0,962.0,410.0
0.0,1890.0,69.0,1158.0,1322.0,1489.0,1489.0,811.0,347.0,54.0,15.0
0.0,3143.0,0.0,1121.0,2798.0,0.0,0.0,785.0,336.0,0.0,0.0
0.0,5941.0,767.0,1096.0,1489.0,0.0,0.0,767.0,329.0,535.0,232.0
0.0,6663.0,1909.0,1109.0,0.0,0.0,0.0,776.0,333.0,1333.0,576.0
0.0,4754.0,2344.0,1150.0,0.0,2190.0,2190.0,805.0,345.0,1642.0,702.0
0.0,2410.0,1650.0,1180.0,0.0,3960.0,3960.0,826.0,354.0,1158.0,492.0
0.0,760.0,496.0,1170.0,2190.0,2226.0,2226.0,819.0,351.0,350.0,146.0
0.0,2454.0,19.0,1128.0,3960.0,0.0,0.0,790.0,338.0,13.0,6.0
0.0,6395.0,768.0,1100.0,2226.0,0.0,0.0,770.0,330.0,533.0,235.0
0.0,7853.0,1953.0,1114.0,0.0,0.0,0.0,780.0,334.0,1363.0,590.0
0.0,5900.0,2389.0,1157.0,0.0,1117.0,1117.0,810.0,347.0,1674.0,715.0
0.0,3511.0,1571.0,1186.0,0.0,2804.0,2804.0,830.0,356.0,1107.0,464.0
0.0,1940.0,296.0,1174.0,1117.0,1935.0,1935.0,822.0,352.0,213.0,83.0
0.0,2761.0,0.0,1135.0,2804.0,0.0,0.0,795.0,340.0,0.0,0.0
0.0,5565.0,751.0,1107.0,1935.0,0.0,0.0,775.0,332.0,518.0,233.0
0.0,6749.0,1855.0,1120.0,0.0,0.0,0.0,784.0,336.0,1291.0,564.0
0.0,4894.0,2198.0,1159.0,0.0,1940.0,1940.0,811.0,348.0,1539.0,659.0
0.0,2696.0,1494.0,1187.0,0.0,3546.0,3546.0,831.0,356.0,1054.0,440.0
0.0,1202.0,447.0,1176.0,1940.0,2009.0,2009.0,823.0,353.0,319.0,128.0
0.0,2695.0,149.0,1138.0,3546.0,0.0,0.0,797.0,341.0,102.0,47.0
0.0,6092.0,912.0,1110.0,2009.0,0.0,0.0,777.0,333.0,630.0,282.0
0.0,7189.0,2044.0,1123.0,0.0,0.0,0.0,786.0,337.0,1426.0,618.0
0.0,5145.0,2317.0,1163.0,0.0,1824.0,1824.0,814.0,349.0,1627.0,690.0
0.0,2828.0,1436.0,1190.0,0.0,3368.0,3368.0,833.0,357.0,1012.0,424.0
0.0,1392.0,269.0,1180.0,1824.0,1773.0,1773.0,826.0,354.0,191.0,78.0
0.0,2947.0,0.0,1144.0,3368.0,0.0,0.0,801.0,343.0,0.0,0.0
0.0,6315.0,762.0,1117.0,1773.0,0.0,0.0,782.0,335.0,528.0,234.0
0.0,7326.0,1872.0,1129.0,0.0,0.0,0.0,790.0,339.0,1305.0,567.0
0.0,5454.0,2244.0,1166.0,0.0,1454.0,1454.0,816.0,350.0,1569.0,675.0
0.0,3210.0,1523.0,1196.0,0.0,3097.0,3097.0,837.0,359.0,1071.0,452.0
0.0,1687.0,463.0,1188.0,1454.0,2074.0,2074.0,832.0,356.0,329.0,134.0
0.0,2678.0,158.0,1153.0,3097.0,0.0,0.0,807.0,346.0,112.0,46.0
0.0,5617.0,875.0,1124.0,2074.0,0.0,0.0,787.0,337.0,609.0,266.0
0.0,6816.0,2010.0,1133.0,0.0,0.0,0.0,793.0,340.0,1403.0,607.0
0.0,4806.0,2366.0,1172.0,0.0,2248.0,2248.0,820.0,352.0,1654.0,712.0
0.0,2440.0,1559.0,1202.0,0.0,3927.0,3927.0,841.0,361.0,1093.0,466.0
0.0,881.0,424.0,1195.0,2248.0,2075.0,2075.0,837.0,358.0,302.0,122.0
0.0,2705.0,5.0,1157.0,3927.0,0.0,0.0,810.0,347.0,5.0,0.0
0.0,6627.0,726.0,1127.0,2075.0,0.0,0.0,789.0,338.0,504.0,222.0
0.0,7976.0,1740.0,1134.0,0.0,0.0,0.0,794.0,340.0,1214.0,526.0
0.0,6236.0,2108.0,1170.0,0.0,552.0,552.0,819.0,351.0,1477.0,631.0
0.0,4128.0,1424.0,1197.0,0.0,2084.0,2084.0,838.0,359.0,1001.0,423.0
0.0,2704.0,412.0,1189.0,552.0,1912.0,1912.0,832.0,357.0,290.0,122.0
0.0,2844.0,182.0,1153.0,2084.0,0.0,0.0,807.0,346.0,125.0,57.0
0.0,4746.0,1078.0,1129.0,1912.0,0.0,0.0,790.0,339.0,750.0,328.0
0.0,5580.0,2149.0,1142.0,0.0,1137.0,1137.0,799.0,343.0,1503.0,646.0
0.0,3431.0,2264.0,1177.0,0.0,3541.0,3541.0,824.0,353.0,1587.0,677.0
0.0,1167.0,1350.0,1202.0,1137.0,3854.0,3854.0,841.0,361.0,950.0,400.0
0.0,954.0,292.0,1190.0,3541.0,557.0,557.0,833.0,357.0,207.0,85.0
0.0,4203.0,78.0,1151.0,3854.0,0.0,0.0,806.0,345.0,54.0,24.0
0.0,7979.0,951.0,1124.0,557.0,0.0,0.0,787.0,337.0,661.0,290.0
0.0,7585.0,2021.0,1137.0,0.0,0.0,0.0,796.0,341.0,1412.0,609.0
0.0,5564.0,2221.0,1179.0,0.0,1373.0,1373.0,825.0,354.0,1556.0,665.0
0.0,3343.0,1334.0,1204.0,0.0,2807.0,2807.0,843.0,361.0,936.0,398.0
0.0,2009.0,209.0,1194.0,1373.0,1603.0,1603.0,836.0,358.0,147.0,62.0
0.0,3173.0,59.0,1158.0,2807.0,0.0,0.0,811.0,347.0,40.0,19.0
0.0,5921.0,1088.0,1134.0,1603.0,0.0,0.0,794.0,340.0,761.0,327.0
0.0,6436.0,2226.0,1144.0,0.0,366.0,366.0,801.0,343.0,1559.0,667.0
0.0,4210.0,2381.0,1181.0,0.0,2895.0,2895.0,827.0,354.0,1668.0,713.0
0.0,1829.0,1402.0,1207.0,366.0,4035.0,4035.0,845.0,362.0,980.0,422.0
0.0,793.0,298.0,1199.0,2895.0,1406.0,1406.0,839.0,360.0,207.0,91.0
0.0,3390.0,140.0,1164.0,4035.0,0.0,0.0,815.0,349.0,98.0,42.0
0.0,7285.0,1066.0,1138.0,1406.0,0.0,0.0,797.0,341.0,749.0,317.0
0.0,7625.0,2140.0,1150.0,0.0,0.0,0.0,805.0,345.0,1499.0,641.0
0.0,5485.0,2243.0,1187.0,0.0,1506.0,1506.0,831.0,356.0,1568.0,675.0
0.0,3242.0,1239.0,1210.0,0.0,2837.0,2837.0,847.0,363.0,864.0,375.0
0.0,2003.0,91.0,1198.0,1506.0,1374.0,1374.0,838.0,360.0,61.0,30.0
0.0,3418.0,6.0,1163.0,2837.0,0.0,0.0,814.0,349.0,6.0,0.0
0.0,6249.0,1140.0,1142.0,1374.0,0.0,0.0,800.0,342.0,802.0,338.0
0.0,6483.0,2344.0,1159.0,0.0,497.0,497.0,811.0,348.0,1643.0,701.0
0.0,4139.0,2398.0,1196.0,0.0,3043.0,3043.0,837.0,359.0,1678.0,720.0
0.0,1741.0,1338.0,1219.0,497.0,3976.0,3976.0,853.0,366.0,932.0,406.0
0.0,900.0,226.0,1206.0,3043.0,1107.0,1107.0,844.0,362.0,155.0,71.0
0.0,3717.0,147.0,1169.0,3976.0,0.0,0.0,818.0,351.0,104.0,43.0
0.0,7546.0,1202.0,1147.0,1107.0,0.0,0.0,803.0,344.0,844.0,358.0
0.0,7451.0,2300.0,1164.0,0.0,0.0,0.0,815.0,349.0,1613.0,687.0
0.0,5151.0,2298.0,1203.0,0.0,1959.0,1959.0,842.0,361.0,1610.0,688.0
0.0,2853.0,1187.0,1226.0,0.0,3238.0,3238.0,858.0,368.0,828.0,359.0
0.0,1666.0,16.0,1212.0,1959.0,1239.0,1239.0,848.0,364.0,7.0,9.0
0.0,3609.0,0.0,1176.0,3238.0,0.0,0.0,823.0,353.0,0.0,0.0
0.0,6847.0,1074.0,1153.0,1239.0,0.0,0.0,807.0,346.0,756.0,318.0
0.0,7012.0,2295.0,1168.0,0.0,0.0,0.0,818.0,350.0,1612.0,683.0
0.0,4717.0,2418.0,1206.0,0.0,2525.0,2525.0,844.0,362.0,1691.0,727.0
0.0,2299.0,1394.0,1229.0,0.0,4011.0,4011.0,860.0,369.0,970.0,424.0
0.0,905.0,208.0,1216.0,2525.0,1642.0,1642.0,851.0,365.0,141.0,67.0
0.0,3222.0,107.0,1180.0,4011.0,0.0,0.0,826.0,354.0,76.0,31.0
0.0,7126.0,1232.0,1158.0,1642.0,0.0,0.0,811.0,347.0,868.0,364.0
0.0,7536.0,2394.0,1174.0,0.0,0.0,0.0,822.0,352.0,1680.0,714.0
0.0,5142.0,2486.0,1214.0,0.0,2200.0,2200.0,850.0,364.0,1738.0,748.0
0.0,2656.0,1303.0,1239.0,0.0,3603.0,3603.0,867.0,372.0,907.0,396.0
0.0,1353.0,4.0,1225.0,2200.0,1351.0,1351.0,857.0,368.0,0.0,4.0
0.0,3549.0,0.0,1192.0,3603.0,0.0,0.0,834.0,358.0,0.0,0.0
0.0,7152.0,1049.0,1171.0,1351.0,0.0,0.0,820.0,351.0,737.0,312.0
0.0,7454.0,2212.0,1186.0,0.0,0.0,0.0,830.0,356.0,1552.0,660.0
0.0,5242.0,2334.0,1223.0,0.0,1984.0,1984.0,856.0,367.0,1636.0,698.0
0.0,2908.0,1322.0,1246.0,0.0,3398.0,3398.0,872.0,374.0,921.0,401.0
0.0,1586.0,240.0,1229.0,1984.0,1586.0,1586.0,860.0,369.0,164.0,76.0
0.0,3330.0,128.0,1190.0,3398.0,0.0,0.0,833.0,357.0,89.0,39.0
0.0,6600.0,1142.0,1169.0,1586.0,0.0,0.0,818.0,351.0,804.0,338.0
0.0,7044.0,2274.0,1186.0,0.0,0.0,0.0,830.0,356.0,1594.0,680.0
0.0,4770.0,2366.0,1226.0,0.0,2500.0,2500.0,858.0,368.0,1655.0,711.0
0.0,2404.0,1356.0,1251.0,0.0,3956.0,3956.0,876.0,375.0,947.0,409.0
0.0,1048.0,186.0,1236.0,2500.0,1582.0,1582.0,865.0,371.0,130.0,56.0
0.0,3362.0,0.0,1197.0,3956.0,0.0,0.0,838.0,359.0,0.0,0.0
0.0,7318.0,989.0,1174.0,1582.0,0.0,0.0,822.0,352.0,692.0,297.0
0.0,7911.0,2166.0,1190.0,0.0,0.0,0.0,833.0,357.0,1517.0,649.0
0.0,5745.0,2413.0,1232.0,0.0,1596.0,1596.0,862.0,370.0,1690.0,723.0
0.0,3332.0,1456.0,1259.0,0.0,3160.0,3160.0,881.0,378.0,1019.0,437.0
0.0,1876.0,264.0,1243.0,1596.0,1764.0,1764.0,870.0,373.0,184.0,80.0
0.0,3208.0,76.0,1202.0,3160.0,0.0,0.0,841.0,361.0,54.0,22.0
0.0,6292.0,1129.0,1177.0,1764.0,0.0,0.0,824.0,353.0,790.0,339.0
0.0,6927.0,2378.0,1196.0,0.0,235.0,235.0,837.0,359.0,1665.0,713.0
0.0,4549.0,2548.0,1240.0,0.0,2959.0,2959.0,868.0,372.0,1784.0,764.0
0.0,2001.0,1466.0,1266.0,235.0,4294.0,4294.0,886.0,380.0,1025.0,441.0
0.0,770.0,195.0,1249.0,2959.0,1462.0,1462.0,874.0,375.0,135.0,60.0
0.0,3534.0,0.0,1207.0,4294.0,0.0,0.0,845.0,362.0,0.0,0.0
0.0,7828.0,944.0,1183.0,1462.0,0.0,0.0,828.0,355.0,663.0,281.0
0.0,8346.0,2100.0,1199.0,0.0,0.0,0.0,839.0,360.0,1472.0,628.0
0.0,6246.0,2310.0,1241.0,0.0,1028.0,1028.0,869.0,372.0,1618.0,692.0
0.0,3936.0,1388.0,1268.0,0.0,2524.0,2524.0,888.0,380.0,968.0,420.0
0.0,2548.0,302.0,1252.0,1028.0,1734.0,1734.0,876.0,376.0,207.0,95.0
0.0,3274.0,181.0,1210.0,2524.0,0.0,0.0,847.0,363.0,127.0,54.0
0.0,5617.0,1119.0,1186.0,1734.0,0.0,0.0,830.0,356.0,789.0,330.0
0.0,6232.0,2225.0,1203.0,0.0,805.0,805.0,842.0,361.0,1563.0,662.0
0.0,4007.0,2407.0,1245.0,0.0,3380.0,3380.0,872.0,373.0,1685.0,722.0
0.0,1600.0,1522.0,1271.0,805.0,4201.0,4201.0,890.0,381.0,1058.0,464.0
0.0,883.0,436.0,1256.0,3380.0,1197.0,1197.0,879.0,377.0,299.0,137.0
0.0,3827.0,161.0,1216.0,4201.0,0.0,0.0,851.0,365.0,114.0,47.0
0.0,7867.0,915.0,1189.0,1197.0,0.0,0.0,832.0,357.0,648.0,267.0
0.0,8149.0,1974.0,1204.0,0.0,0.0,0.0,843.0,361.0,1388.0,586.0
0.0,6175.0,2230.0,1247.0,0.0,1043.0,1043.0,873.0,374.0,1561.0,669.0
0.0,3945.0,1441.0,1274.0,0.0,2592.0,2592.0,892.0,382.0,1001.0,440.0
0.0,2504.0,422.0,1262.0,1043.0,1923.0,1923.0,883.0,379.0,288.0,134.0
0.0,3125.0,188.0,1222.0,2592.0,0.0,0.0,855.0,367.0,132.0,56.0
0.0,5529.0,1033.0,1194.0,1923.0,0.0,0.0,836.0,358.0,729.0,304.0
0.0,6419.0,2141.0,1209.0,0.0,558.0,558.0,846.0,363.0,1505.0,636.0
0.0,4278.0,2379.0,1251.0,0.0,3105.0,3105.0,876.0,375.0,1666.0,713.0
0.0,1899.0,1552.0,1278.0,558.0,4207.0,4207.0,895.0,383.0,1081.0,471.0
0.0,905.0,513.0,1265.0,3105.0,1563.0,1563.0,885.0,380.0,354.0,159.0
0.0,3497.0,208.0,1223.0,4207.0,0.0,0.0,856.0,367.0,145.0,63.0
0.0,7496.0,948.0,1193.0,1563.0,0.0,0.0,835.0,358.0,668.0,280.0
0.0,8111.0,1960.0,1206.0,0.0,0.0,0.0,844.0,362.0,1377.0,583.0
0.0,6151.0,2277.0,1250.0,0.0,1126.0,1126.0,875.0,375.0,1596.0,681.0
0.0,3874.0,1529.0,1278.0,0.0,2767.0,2767.0,895.0,383.0,1067.0,462.0
0.0,2345.0,443.0,1267.0,1126.0,2040.0,2040.0,887.0,380.0,303.0,140.0
0.0,3028.0,40.0,1226.0,2767.0,0.0,0.0,858.0,368.0,26.0,14.0
0.0,5755.0,791.0,1196.0,2040.0,0.0,0.0,837.0,359.0,560.0,231.0
0.0,7004.0,2015.0,1209.0,0.0,0.0,0.0,846.0,363.0,1416.0,599.0
0.0,4989.0,2499.0,1253.0,0.0,2522.0,2522.0,877.0,376.0,1750.0,749.0
0.0,2490.0,1751.0,1284.0,0.0,4397.0,4397.0,899.0,385.0,1221.0,530.0
0.0,739.0,583.0,1273.0,2522.0,2414.0,2414.0,891.0,382.0,401.0,182.0
0.0,2678.0,162.0,1232.0,4397.0,0.0,0.0,862.0,370.0,112.0,50.0
0.0,6913.0,867.0,1203.0,2414.0,0.0,0.0,842.0,361.0,614.0,253.0
0.0,8460.0,2016.0,1216.0,0.0,0.0,0.0,851.0,365.0,1418.0,598.0
0.0,6444.0,2291.0,1257.0,0.0,875.0,875.0,880.0,377.0,1605.0,686.0
0.0,4153.0,1550.0,1287.0,0.0,2545.0,2545.0,901.0,386.0,1079.0,471.0
0.0,2603.0,462.0,1276.0,875.0,2088.0,2088.0,893.0,383.0,316.0,146.0
0.0,3016.0,108.0,1237.0,2545.0,0.0,0.0,866.0,371.0,74.0,34.0
0.0,5453.0,846.0,1207.0,2088.0,0.0,0.0,845.0,362.0,598.0,248.0
0.0,6695.0,1972.0,1217.0,0.0,145.0,145.0,852.0,365.0,1388.0,584.0
0.0,4723.0,2372.0,1257.0,0.0,2677.0,2677.0,880.0,377.0,1662.0,710.0
0.0,2351.0,1721.0,1289.0,145.0,4381.0,4381.0,902.0,387.0,1197.0,524.0
0.0,775.0,646.0,1279.0,2677.0,2310.0,2310.0,895.0,384.0,443.0,203.0
0.0,2806.0,209.0,1237.0,4381.0,0.0,0.0,866.0,371.0,146.0,63.0
0.0,6978.0,912.0,1206.0,2310.0,0.0,0.0,844.0,362.0,646.0,266.0
0.0,8376.0,1971.0,1216.0,0.0,0.0,0.0,851.0,365.0,1388.0,583.0
0.0,6405.0,2342.0,1257.0,0.0,965.0,965.0,880.0,377.0,1640.0,702.0
0.0,4063.0,1652.0,1289.0,0.0,2745.0,2745.0,902.0,387.0,1150.0,502.0
0.0,2411.0,501.0,1280.0,965.0,2245.0,2245.0,896.0,384.0,344.0,157.0
0.0,2875.0,0.0,1240.0,2745.0,0.0,0.0,868.0,372.0,0.0,0.0
0.0,5620.0,656.0,1209.0,2245.0,0.0,0.0,846.0,363.0,465.0,191.0
0.0,7209.0,1883.0,1218.0,0.0,0.0,0.0,853.0,365.0,1324.0,559.0
0.0,5326.0,2477.0,1260.0,0.0,2191.0,2191.0,882.0,378.0,1735.0,742.0
0.0,2849.0,1829.0,1291.0,0.0,4144.0,4144.0,904.0,387.0,1274.0,555.0
0.0,1020.0,616.0,1282.0,2191.0,2533.0,2533.0,897.0,385.0,425.0,191.0
0.0,2595.0,67.0,1240.0,4144.0,0.0,0.0,868.0,372.0,47.0,20.0
0.0,6672.0,811.0,1209.0,2533.0,0.0,0.0,846.0,363.0,571.0,240.0
0.0,8394.0,2071.0,1220.0,0.0,0.0,0.0,854.0,366.0,1453.0,618.0
0.0,6323.0,2537.0,1260.0,0.0,1254.0,1254.0,882.0,378.0,1779.0,758.0
0.0,3786.0,1750.0,1291.0,0.0,3128.0,3128.0,904.0,387.0,1222.0,528.0
0.0,2036.0,513.0,1283.0,1254.0,2355.0,2355.0,898.0,385.0,355.0,158.0
0.0,2777.0,0.0,1245.0,3128.0,0.0,0.0,871.0,374.0,0.0,0.0
0.0,5905.0,687.0,1216.0,2355.0,0.0,0.0,851.0,365.0,481.0,206.0
0.0,7573.0,1925.0,1224.0,0.0,0.0,0.0,857.0,367.0,1349.0,576.0
0.0,5648.0,2458.0,1264.0,0.0,1866.0,1866.0,885.0,379.0,1722.0,736.0
0.0,3190.0,1878.0,1297.0,0.0,3876.0,3876.0,908.0,389.0,1314.0,564.0
0.0,1312.0,697.0,1290.0,1866.0,2679.0,2679.0,903.0,387.0,486.0,211.0
0.0,2481.0,109.0,1251.0,3876.0,0.0,0.0,876.0,375.0,75.0,34.0
0.0,6248.0,720.0,1219.0,2679.0,0.0,0.0,853.0,366.0,505.0,215.0
0.0,8207.0,2017.0,1228.0,0.0,0.0,0.0,860.0,368.0,1417.0,600.0
0.0,6190.0,2603.0,1268.0,0.0,1485.0,1485.0,888.0,380.0,1825.0,778.0
0.0,3587.0,1982.0,1303.0,0.0,3607.0,3607.0,912.0,391.0,1385.0,597.0
0.0,1605.0,607.0,1296.0,1485.0,2701.0,2701.0,907.0,389.0,420.0,187.0
0.0,2483.0,0.0,1259.0,3607.0,0.0,0.0,881.0,378.0,0.0,0.0
0.0,6090.0,504.0,1224.0,2701.0,0.0,0.0,857.0,367.0,355.0,149.0
0.0,8287.0,1748.0,1228.0,0.0,0.0,0.0,860.0,368.0,1226.0,522.0
0.0,6539.0,2494.0,1268.0,0.0,1027.0,1027.0,888.0,380.0,1747.0,747.0
0.0,4045.0,1964.0,1304.0,0.0,3135.0,3135.0,913.0,391.0,1372.0,592.0
0.0,2081.0,734.0,1303.0,1027.0,2838.0,2838.0,912.0,391.0,511.0,223.0
0.0,2374.0,36.0,1266.0,3135.0,0.0,0.0,886.0,380.0,25.0,11.0
0.0,5473.0,610.0,1229.0,2838.0,0.0,0.0,860.0,369.0,428.0,182.0
0.0,7701.0,1971.0,1233.0,0.0,0.0,0.0,863.0,370.0,1382.0,589.0
0.0,5730.0,2704.0,1274.0,0.0,2070.0,2070.0,892.0,382.0,1894.0,810.0
0.0,3026.0,2127.0,1312.0,0.0,4349.0,4349.0,919.0,393.0,1486.0,641.0
0.0,899.0,796.0,1310.0,2070.0,3067.0,3067.0,917.0,393.0,554.0,242.0
0.0,2173.0,0.0,1272.0,4349.0,0.0,0.0,890.0,382.0,0.0,0.0
0.0,6522.0,481.0,1237.0,3067.0,0.0,0.0,866.0,371.0,339.0,142.0
0.0,9108.0,1711.0,1240.0,0.0,0.0,0.0,868.0,372.0,1200.0,511.0
0.0,7397.0,2446.0,1278.0,0.0,161.0,161.0,895.0,383.0,1712.0,734.0
0.0,4951.0,1941.0,1314.0,0.0,2246.0,2246.0,920.0,394.0,1356.0,585.0
0.0,3010.0,701.0,1310.0,161.0,2770.0,2770.0,917.0,393.0,488.0,213.0
0.0,2470.0,34.0,1273.0,2246.0,410.0,410.0,891.0,382.0,25.0,9.0
0.0,4682.0,665.0,1240.0,2770.0,0.0,0.0,868.0,372.0,468.0,197.0
0.0,6787.0,1852.0,1243.0,410.0,0.0,0.0,870.0,373.0,1299.0,553.0
0.0,5345.0,2498.0,1278.0,0.0,2265.0,2265.0,895.0,383.0,1749.0,749.0
0.0,2847.0,2043.0,1314.0,0.0,4452.0,4452.0,920.0,394.0,1426.0,617.0
0.0,804.0,953.0,1315.0,2265.0,3144.0,3144.0,920.0,395.0,664.0,289.0
0.0,2116.0,277.0,1282.0,4452.0,0.0,0.0,897.0,385.0,193.0,84.0
0.0,6291.0,645.0,1250.0,3144.0,0.0,0.0,875.0,375.0,455.0,190.0
0.0,8790.0,1733.0,1251.0,0.0,0.0,0.0,876.0,375.0,1219.0,514.0
0.0,7057.0,2383.0,1287.0,0.0,474.0,474.0,901.0,386.0,1669.0,714.0
0.0,4674.0,1899.0,1324.0,0.0,2521.0,2521.0,927.0,397.0,1324.0,575.0
0.0,2775.0,763.0,1326.0,474.0,2818.0,2818.0,928.0,398.0,528.0,235.0
0.0,2486.0,150.0,1293.0,2521.0,315.0,315.0,905.0,388.0,105.0,45.0
0.0,4857.0,638.0,1257.0,2818.0,0.0,0.0,880.0,377.0,453.0,185.0
0.0,7037.0,1808.0,1257.0,315.0,0.0,0.0,880.0,377.0,1270.0,538.0
0.0,5544.0,2515.0,1294.0,0.0,2147.0,2147.0,906.0,388.0,1760.0,755.0
0.0,3029.0,2040.0,1331.0,0.0,4335.0,4335.0,932.0,399.0,1424.0,616.0
0.0,989.0,876.0,1333.0,2147.0,3072.0,3072.0,933.0,400.0,610.0,266.0
0.0,2260.0,193.0,1296.0,4335.0,0.0,0.0,907.0,389.0,133.0,60.0
0.0,6402.0,632.0,1260.0,3072.0,0.0,0.0,882.0,378.0,445.0,187.0
0.0,8842.0,1698.0,1259.0,0.0,0.0,0.0,881.0,378.0,1192.0,506.0
0.0,7144.0,2377.0,1294.0,0.0,409.0,409.0,906.0,388.0,1666.0,711.0
0.0,4767.0,2006.0,1333.0,0.0,2571.0,2571.0,933.0,400.0,1404.0,602.0
0.0,2761.0,961.0,1339.0,409.0,3147.0,3147.0,937.0,402.0,670.0,291.0
0.0,2209.0,225.0,1306.0,2571.0,669.0,669.0,914.0,392.0,155.0,70.0
0.0,4555.0,491.0,1268.0,3147.0,0.0,0.0,888.0,380.0,344.0,147.0
0.0,7211.0,1532.0,1261.0,669.0,0.0,0.0,883.0,378.0,1074.0,458.0
0.0,6348.0,2321.0,1293.0,0.0,1145.0,1145.0,905.0,388.0,1626.0,695.0
0.0,4027.0,2104.0,1331.0,0.0,3401.0,3401.0,932.0,399.0,1474.0,630.0
0.0,1923.0,1184.0,1340.0,1145.0,3476.0,3476.0,938.0,402.0,830.0,354.0
0.0,1884.0,450.0,1310.0,3401.0,405.0,405.0,917.0,393.0,314.0,136.0
0.0,4835.0,715.0,1273.0,3476.0,0.0,0.0,891.0,382.0,498.0,217.0
0.0,7596.0,1626.0,1266.0,405.0,0.0,0.0,886.0,380.0,1137.0,489.0
0.0,6375.0,2260.0,1299.0,0.0,1081.0,1081.0,909.0,390.0,1582.0,678.0
0.0,4115.0,1983.0,1337.0,0.0,3216.0,3216.0,936.0,401.0,1392.0,591.0
0.0,2132.0,1035.0,1347.0,1081.0,3210.0,3210.0,943.0,404.0,727.0,308.0
0.0,2178.0,332.0,1320.0,3216.0,218.0,218.0,924.0,396.0,231.0,101.0
0.0,5062.0,570.0,1283.0,3210.0,0.0,0.0,898.0,385.0,395.0,175.0
0.0,7702.0,1567.0,1274.0,218.0,0.0,0.0,892.0,382.0,1097.0,470.0
0.0,6353.0,2244.0,1304.0,0.0,1107.0,1107.0,913.0,391.0,1575.0,669.0
0.0,4109.0,1984.0,1341.0,0.0,3239.0,3239.0,939.0,402.0,1390.0,594.0
0.0,2125.0,1078.0,1350.0,1107.0,3246.0,3246.0,945.0,405.0,753.0,325.0
0.0,2154.0,518.0,1323.0,3239.0,417.0,417.0,926.0,397.0,360.0,158.0
0.0,4875.0,773.0,1286.0,3246.0,0.0,0.0,900.0,386.0,540.0,233.0
0.0,7348.0,1666.0,1277.0,417.0,0.0,0.0,894.0,383.0,1168.0,498.0
0.0,6099.0,2284.0,1305.0,0.0,1405.0,1405.0,914.0,391.0,1603.0,681.0
0.0,3815.0,2033.0,1344.0,0.0,3594.0,3594.0,941.0,403.0,1424.0,609.0
0.0,1782.0,1031.0,1354.0,1405.0,3260.0,3260.0,948.0,406.0,718.0,313.0
0.0,2156.0,265.0,1327.0,3594.0,0.0,0.0,929.0,398.0,181.0,84.0
0.0,5485.0,526.0,1290.0,3260.0,0.0,0.0,903.0,387.0,369.0,157.0
0.0,8219.0,1541.0,1283.0,0.0,0.0,0.0,898.0,385.0,1082.0,459.0
0.0,6678.0,2360.0,1314.0,0.0,938.0,938.0,920.0,394.0,1657.0,703.0
0.0,4318.0,2104.0,1354.0,0.0,3202.0,3202.0,948.0,406.0,1472.0,632.0
0.0,2214.0,1114.0,1363.0,938.0,3414.0,3414.0,954.0,409.0,775.0,339.0
0.0,2038.0,350.0,1334.0,3202.0,446.0,446.0,934.0,400.0,242.0,108.0
0.0,4890.0,574.0,1297.0,3414.0,0.0,0.0,908.0,389.0,401.0,173.0
0.0,7730.0,1641.0,1289.0,446.0,0.0,0.0,902.0,387.0,1152.0,489.0
0.0,6535.0,2460.0,1318.0,0.0,1197.0,1197.0,923.0,395.0,1726.0,734.0
0.0,4075.0,2206.0,1355.0,0.0,3551.0,3551.0,949.0,406.0,1545.0,661.0
0.0,1869.0,1118.0,1364.0,1197.0,3508.0,3508.0,955.0,409.0,781.0,337.0
0.0,1948.0,252.0,1336.0,3551.0,97.0,97.0,935.0,401.0,173.0,79.0
0.0,5247.0,418.0,1297.0,3508.0,0.0,0.0,908.0,389.0,291.0,127.0
0.0,8337.0,1395.0,1288.0,97.0,0.0,0.0,902.0,386.0,978.0,417.0
0.0,7039.0,2241.0,1317.0,0.0,470.0,470.0,922.0,395.0,1572.0,669.0
0.0,4798.0,2127.0,1354.0,0.0,2745.0,2745.0,948.0,406.0,1491.0,636.0
0.0,2671.0,1187.0,1365.0,470.0,3506.0,3506.0,956.0,409.0,831.0,356.0
0.0,1954.0,381.0,1337.0,2745.0,1030.0,1030.0,936.0,401.0,265.0,116.0
0.0,4318.0,572.0,1300.0,3506.0,0.0,0.0,910.0,390.0,400.0,172.0
0.0,7252.0,1642.0,1293.0,1030.0,0.0,0.0,905.0,388.0,1149.0,493.0
0.0,6640.0,2529.0,1324.0,0.0,1185.0,1185.0,927.0,397.0,1770.0,759.0
0.0,4111.0,2286.0,1365.0,0.0,3635.0,3635.0,956.0,409.0,1600.0,686.0
0.0,1825.0,1188.0,1376.0,1185.0,3682.0,3682.0,963.0,413.0,831.0,357.0
0.0,1822.0,253.0,1347.0,3635.0,184.0,184.0,943.0,404.0,178.0,75.0
0.0,5204.0,362.0,1309.0,3682.0,0.0,0.0,916.0,393.0,255.0,107.0
0.0,8524.0,1375.0,1297.0,184.0,0.0,0.0,908.0,389.0,962.0,413.0
0.0,7333.0,2237.0,1321.0,0.0,188.0,188.0,925.0,396.0,1565.0,672.0
0.0,5096.0,2161.0,1358.0,0.0,2497.0,2497.0,951.0,407.0,1512.0,649.0
0.0,2935.0,1235.0,1373.0,188.0,3604.0,3604.0,961.0,412.0,863.0,372.0
0.0,1888.0,431.0,1351.0,2497.0,1450.0,1450.0,946.0,405.0,302.0,129.0
0.0,3954.0,542.0,1317.0,3604.0,0.0,0.0,922.0,395.0,380.0,162.0
0.0,7016.0,1529.0,1307.0,1450.0,0.0,0.0,915.0,392.0,1072.0,457.0
0.0,6937.0,2370.0,1330.0,0.0,753.0,753.0,931.0,399.0,1660.0,710.0
0.0,4567.0,2238.0,1364.0,0.0,3127.0,3127.0,955.0,409.0,1566.0,672.0
0.0,2329.0,1265.0,1374.0,753.0,3679.0,3679.0,962.0,412.0,884.0,381.0
0.0,1817.0,413.0,1351.0,3127.0,873.0,873.0,946.0,405.0,288.0,125.0
0.0,4531.0,520.0,1317.0,3679.0,0.0,0.0,922.0,395.0,366.0,154.0
0.0,7690.0,1413.0,1307.0,873.0,0.0,0.0,915.0,392.0,991.0,422.0
0.0,7150.0,2212.0,1329.0,0.0,378.0,378.0,930.0,399.0,1548.0,664.0
0.0,4938.0,2042.0,1362.0,0.0,2552.0,2552.0,953.0,409.0,1427.0,615.0
0.0,2896.0,1188.0,1374.0,378.0,3410.0,3410.0,962.0,412.0,828.0,360.0
0.0,2086.0,398.0,1351.0,2552.0,1164.0,1164.0,946.0,405.0,279.0,119.0
0.0,4240.0,491.0,1317.0,3410.0,0.0,0.0,922.0,395.0,349.0,142.0
0.0,7159.0,1444.0,1307.0,1164.0,0.0,0.0,915.0,392.0,1013.0,431.0
0.0,6879.0,2307.0,1331.0,0.0,752.0,752.0,932.0,399.0,1612.0,695.0
0.0,4572.0,2391.0,1367.0,0.0,3287.0,3287.0,957.0,410.0,1671.0,720.0
0.0,2181.0,1529.0,1381.0,752.0,4120.0,4120.0,967.0,414.0,1069.0,460.0
0.0,1404.0,561.0,1360.0,3287.0,1310.0,1310.0,952.0,408.0,394.0,167.0
0.0,4130.0,425.0,1324.0,4120.0,0.0,0.0,927.0,397.0,300.0,125.0
0.0,7825.0,1224.0,1309.0,1310.0,0.0,0.0,916.0,393.0,858.0,366.0
0.0,7911.0,2160.0,1331.0,0.0,0.0,0.0,932.0,399.0,1512.0,648.0
0.0,5751.0,2269.0,1370.0,0.0,1998.0,1998.0,959.0,411.0,1588.0,681.0
0.0,3482.0,1419.0,1386.0,0.0,3481.0,3481.0,970.0,416.0,990.0,429.0
0.0,2063.0,417.0,1364.0,1998.0,1812.0,1812.0,955.0,409.0,289.0,128.0
0.0,3644.0,318.0,1326.0,3481.0,0.0,0.0,928.0,398.0,226.0,92.0
0.0,6807.0,1236.0,1309.0,1812.0,0.0,0.0,916.0,393.0,869.0,367.0
0.0,7383.0,2301.0,1331.0,0.0,242.0,242.0,932.0,399.0,1611.0,690.0
0.0,5082.0,2537.0,1374.0,0.0,2951.0,2951.0,962.0,412.0,1772.0,765.0
0.0,2545.0,1616.0,1394.0,242.0,4405.0,4405.0,976.0,418.0,1128.0,488.0
0.0,1171.0,533.0,1373.0,2951.0,1903.0,1903.0,961.0,412.0,374.0,159.0
0.0,3589.0,357.0,1332.0,4405.0,0.0,0.0,932.0,400.0,255.0,102.0
0.0,7637.0,1203.0,1313.0,1903.0,0.0,0.0,919.0,394.0,846.0,357.0
0.0,8337.0,2182.0,1333.0,0.0,0.0,0.0,933.0,400.0,1525.0,657.0
0.0,6155.0,2298.0,1373.0,0.0,1635.0,1635.0,961.0,412.0,1602.0,696.0
0.0,3857.0,1413.0,1392.0,0.0,3124.0,3124.0,974.0,418.0,985.0,428.0
0.0,2444.0,449.0,1373.0,1635.0,1862.0,1862.0,961.0,412.0,315.0,134.0
0.0,3630.0,236.0,1334.0,3124.0,0.0,0.0,934.0,400.0,173.0,63.0
0.0,6518.0,1094.0,1315.0,1862.0,0.0,0.0,921.0,394.0,773.0,321.0
0.0,7286.0,2247.0,1336.0,0.0,305.0,305.0,935.0,401.0,1571.0,676.0
0.0,5039.0,2496.0,1376.0,0.0,2961.0,2961.0,963.0,413.0,1738.0,758.0
0.0,2543.0,1671.0,1397.0,305.0,4411.0,4411.0,978.0,419.0,1164.0,507.0
0.0,1177.0,602.0,1377.0,2961.0,1972.0,1972.0,964.0,413.0,425.0,177.0
0.0,3536.0,377.0,1336.0,4411.0,0.0,0.0,935.0,401.0,273.0,104.0
0.0,7570.0,1204.0,1315.0,1972.0,0.0,0.0,921.0,394.0,848.0,356.0
0.0,8338.0,2260.0,1336.0,0.0,0.0,0.0,935.0,401.0,1578.0,682.0
0.0,6078.0,2442.0,1377.0,0.0,1872.0,1872.0,964.0,413.0,1699.0,743.0
0.0,3636.0,1556.0,1400.0,0.0,3520.0,3520.0,980.0,420.0,1084.0,472.0
0.0,2080.0,464.0,1383.0,1872.0,2044.0,2044.0,968.0,415.0,331.0,133.0
0.0,3488.0,131.0,1343.0,3520.0,0.0,0.0,940.0,403.0,103.0,28.0
0.0,6877.0,913.0,1318.0,2044.0,0.0,0.0,923.0,395.0,643.0,270.0
0.0,8008.0,2092.0,1335.0,0.0,0.0,0.0,935.0,400.0,1457.0,635.0
0.0,5916.0,2596.0,1377.0,0.0,2188.0,2188.0,964.0,413.0,1804.0,792.0
0.0,3320.0,1858.0,1402.0,0.0,4146.0,4146.0,981.0,421.0,1295.0,563.0
0.0,1462.0,639.0,1385.0,2188.0,2529.0,2529.0,969.0,416.0,458.0,181.0
0.0,3011.0,218.0,1344.0,4146.0,0.0,0.0,941.0,403.0,166.0,52.0
0.0,6939.0,1087.0,1321.0,2529.0,0.0,0.0,925.0,396.0,766.0,321.0
0.0,8381.0,2268.0,1341.0,0.0,0.0,0.0,939.0,402.0,1579.0,689.0
0.0,6113.0,2540.0,1382.0,0.0,1955.0,1955.0,967.0,415.0,1763.0,777.0
0.0,3573.0,1741.0,1405.0,0.0,3788.0,3788.0,983.0,422.0,1212.0,529.0
0.0,1832.0,589.0,1389.0,1955.0,2358.0,2358.0,972.0,417.0,422.0,167.0
0.0,3198.0,153.0,1350.0,3788.0,0.0,0.0,945.0,405.0,122.0,31.0
0.0,6833.0,864.0,1327.0,2358.0,0.0,0.0,929.0,398.0,611.0,253.0
0.0,8327.0,2078.0,1344.0,0.0,0.0,0.0,941.0,403.0,1446.0,632.0
0.0,6249.0,2617.0,1387.0,0.0,1916.0,1916.0,971.0,416.0,1817.0,800.0
0.0,3632.0,1937.0,1415.0,0.0,3965.0,3965.0,990.0,425.0,1349.0,588.0
0.0,1695.0,755.0,1402.0,1916.0,2752.0,2752.0,981.0,421.0,538.0,217.0
0.0,2856.0,327.0,1363.0,3965.0,0.0,0.0,954.0,409.0,245.0,82.0
0.0,6494.0,1112.0,1338.0,2752.0,0.0,0.0,937.0,401.0,785.0,327.0
0.0,8134.0,2175.0,1351.0,0.0,0.0,0.0,946.0,405.0,1512.0,663.0
0.0,5959.0,2528.0,1389.0,0.0,2125.0,2125.0,972.0,417.0,1754.0,774.0
0.0,3431.0,1815.0,1416.0,0.0,4048.0,4048.0,991.0,425.0,1264.0,551.0
0.0,1616.0,697.0,1406.0,2125.0,2580.0,2580.0,984.0,422.0,497.0,200.0
0.0,3044.0,275.0,1370.0,4048.0,0.0,0.0,959.0,411.0,209.0,66.0
0.0,6817.0,914.0,1344.0,2580.0,0.0,0.0,941.0,403.0,647.0,267.0
0.0,8483.0,1989.0,1354.0,0.0,0.0,0.0,948.0,406.0,1383.0,606.0
0.0,6494.0,2414.0,1393.0,0.0,1492.0,1492.0,975.0,418.0,1672.0,742.0
0.0,4080.0,1718.0,1419.0,0.0,3314.0,3314.0,993.0,426.0,1194.0,524.0
0.0,2362.0,708.0,1409.0,1492.0,2490.0,2490.0,986.0,423.0,506.0,202.0
0.0,3146.0,391.0,1373.0,3314.0,0.0,0.0,961.0,412.0,293.0,98.0
0.0,6069.0,1099.0,1345.0,2490.0,0.0,0.0,942.0,403.0,778.0,321.0
0.0,7460.0,2102.0,1354.0,0.0,58.0,58.0,948.0,406.0,1461.0,641.0
0.0,5358.0,2464.0,1392.0,0.0,2674.0,2674.0,974.0,418.0,1706.0,758.0
0.0,2894.0,1885.0,1421.0,58.0,4617.0,4617.0,994.0,427.0,1312.0,573.0
0.0,1067.0,873.0,1415.0,2674.0,2792.0,2792.0,990.0,425.0,621.0,252.0
0.0,2868.0,361.0,1380.0,4617.0,0.0,0.0,966.0,414.0,270.0,91.0
0.0,7124.0,881.0,1352.0,2792.0,0.0,0.0,947.0,405.0,625.0,256.0
0.0,9035.0,1929.0,1362.0,0.0,0.0,0.0,954.0,408.0,1341.0,588.0
0.0,7106.0,2384.0,1400.0,0.0,878.0,878.0,980.0,420.0,1651.0,733.0
0.0,4722.0,1830.0,1430.0,0.0,2828.0,2828.0,1001.0,429.0,1272.0,558.0
0.0,2892.0,841.0,1425.0,878.0,2771.0,2771.0,997.0,428.0,599.0,242.0
0.0,2929.0,428.0,1390.0,2828.0,231.0,231.0,973.0,417.0,316.0,112.0
0.0,5329.0,978.0,1361.0,2771.0,0.0,0.0,953.0,408.0,692.0,286.0
0.0,7122.0,1999.0,1367.0,231.0,114.0,114.0,957.0,410.0,1390.0,609.0
0.0,5354.0,2486.0,1403.0,0.0,2744.0,2744.0,982.0,421.0,1725.0,761.0
0.0,2868.0,1927.0,1433.0,114.0,4677.0,4677.0,1003.0,430.0,1343.0,584.0
0.0,1055.0,938.0,1428.0,2744.0,2851.0,2851.0,999.0,429.0,664.0,274.0
0.0,2861.0,468.0,1394.0,4677.0,0.0,0.0,976.0,418.0,341.0,127.0
0.0,7070.0,937.0,1365.0,2851.0,0.0,0.0,956.0,409.0,662.0,275.0
0.0,8984.0,1840.0,1370.0,0.0,0.0,0.0,959.0,411.0,1281.0,559.0
0.0,7144.0,2313.0,1406.0,0.0,793.0,793.0,984.0,422.0,1607.0,706.0
0.0,4831.0,1862.0,1439.0,0.0,2787.0,2787.0,1007.0,432.0,1298.0,564.0
0.0,2969.0,914.0,1439.0,793.0,2908.0,2908.0,1007.0,432.0,646.0,268.0
0.0,2848.0,453.0,1407.0,2787.0,446.0,446.0,985.0,422.0,330.0,123.0
0.0,5182.0,896.0,1375.0,2908.0,0.0,0.0,963.0,412.0,633.0,263.0
0.0,7194.0,1864.0,1375.0,446.0,0.0,0.0,963.0,412.0,1299.0,565.0
0.0,5776.0,2350.0,1408.0,0.0,2206.0,2206.0,986.0,422.0,1633.0,717.0
0.0,3426.0,1981.0,1442.0,0.0,4323.0,4323.0,1009.0,433.0,1379.0,602.0
0.0,1445.0,1181.0,1444.0,2206.0,3306.0,3306.0,1010.0,434.0,831.0,350.0
0.0,2470.0,643.0,1413.0,4323.0,0.0,0.0,989.0,424.0,463.0,180.0
0.0,6150.0,929.0,1381.0,3306.0,0.0,0.0,967.0,414.0,657.0,272.0
0.0,8527.0,1746.0,1381.0,0.0,0.0,0.0,967.0,414.0,1216.0,530.0
0.0,6781.0,2277.0,1414.0,0.0,1152.0,1152.0,990.0,424.0,1582.0,695.0
0.0,4504.0,1960.0,1449.0,0.0,3252.0,3252.0,1014.0,435.0,1366.0,594.0
0.0,2544.0,1094.0,1453.0,1152.0,3210.0,3210.0,1017.0,436.0,773.0,321.0
0.0,2602.0,471.0,1423.0,3252.0,309.0,309.0,996.0,427.0,343.0,128.0
0.0,5383.0,779.0,1387.0,3210.0,0.0,0.0,971.0,416.0,551.0,228.0
0.0,7814.0,1665.0,1382.0,309.0,0.0,0.0,968.0,414.0,1158.0,507.0
0.0,6458.0,2302.0,1411.0,0.0,1488.0,1488.0,988.0,423.0,1597.0,705.0
0.0,4156.0,2139.0,1446.0,0.0,3767.0,3767.0,1012.0,434.0,1490.0,649.0
0.0,2017.0,1321.0,1451.0,1488.0,3620.0,3620.0,1015.0,436.0,932.0,389.0
0.0,2184.0,656.0,1421.0,3767.0,389.0,389.0,995.0,426.0,475.0,181.0
0.0,5295.0,782.0,1388.0,3620.0,0.0,0.0,972.0,416.0,556.0,226.0
0.0,8133.0,1623.0,1384.0,389.0,0.0,0.0,969.0,415.0,1129.0,494.0
0.0,6899.0,2269.0,1414.0,0.0,1026.0,1026.0,990.0,424.0,1573.0,696.0
0.0,4630.0,2022.0,1448.0,0.0,3184.0,3184.0,1013.0,435.0,1407.0,615.0
0.0,2608.0,1154.0,1452.0,1026.0,3328.0,3328.0,1016.0,436.0,813.0,341.0
0.0,2480.0,552.0,1424.0,3184.0,584.0,584.0,997.0,427.0,401.0,151.0
0.0,5112.0,724.0,1392.0,3328.0,0.0,0.0,975.0,417.0,516.0,208.0
0.0,7716.0,1533.0,1389.0,584.0,0.0,0.0,973.0,416.0,1069.0,464.0
0.0,6767.0,2171.0,1417.0,0.0,1072.0,1072.0,992.0,425.0,1505.0,666.0
0.0,4596.0,2018.0,1448.0,0.0,3214.0,3214.0,1013.0,435.0,1402.0,616.0
0.0,2578.0,1297.0,1452.0,1072.0,3455.0,3455.0,1016.0,436.0,912.0,385.0
0.0,2353.0,774.0,1426.0,3214.0,911.0,911.0,998.0,428.0,556.0,218.0
0.0,4793.0,944.0,1397.0,3455.0,0.0,0.0,978.0,419.0,671.0,273.0
0.0,7304.0,1657.0,1392.0,911.0,0.0,0.0,975.0,417.0,1155.0,502.0
0.0,6558.0,2253.0,1419.0,0.0,1371.0,1371.0,993.0,426.0,1563.0,690.0
0.0,4305.0,2064.0,1452.0,0.0,3567.0,3567.0,1016.0,436.0,1435.0,629.0
0.0,2241.0,1264.0,1459.0,1371.0,3488.0,3488.0,1021.0,438.0,889.0,375.0
0.0,2348.0,552.0,1433.0,3567.0,369.0,369.0,1003.0,430.0,400.0,152.0
0.0,5363.0,626.0,1399.0,3488.0,0.0,0.0,980.0,419.0,448.0,178.0
0.0,8225.0,1466.0,1392.0,369.0,0.0,0.0,975.0,417.0,1022.0,444.0
0.0,7128.0,2209.0,1418.0,0.0,753.0,753.0,993.0,425.0,1532.0,677.0
0.0,4919.0,2081.0,1450.0,0.0,2962.0,2962.0,1015.0,435.0,1448.0,633.0
0.0,2838.0,1357.0,1458.0,753.0,3598.0,3598.0,1020.0,438.0,954.0,403.0
0.0,2234.0,757.0,1433.0,2962.0,1293.0,1293.0,1003.0,430.0,544.0,213.0
0.0,4439.0,877.0,1402.0,3598.0,0.0,0.0,982.0,420.0,624.0,253.0
0.0,7160.0,1587.0,1396.0,1293.0,0.0,0.0,978.0,418.0,1107.0,480.0
0.0,6866.0,2194.0,1420.0,0.0,1008.0,1008.0,994.0,426.0,1522.0,672.0
0.0,4672.0,2124.0,1452.0,0.0,3260.0,3260.0,1016.0,436.0,1475.0,649.0
0.0,2548.0,1451.0,1462.0,1008.0,3743.0,3743.0,1023.0,439.0,1019.0,432.0
0.0,2105.0,748.0,1441.0,3260.0,1147.0,1147.0,1009.0,432.0,537.0,211.0
0.0,4617.0,748.0,1411.0,3743.0,0.0,0.0,988.0,423.0,534.0,214.0
0.0,7612.0,1364.0,1401.0,1147.0,0.0,0.0,981.0,420.0,952.0,412.0
0.0,7395.0,2043.0,1423.0,0.0,340.0,340.0,996.0,427.0,1418.0,625.0
0.0,5352.0,2132.0,1455.0,0.0,2600.0,2600.0,1018.0,437.0,1484.0,648.0
0.0,3220.0,1569.0,1468.0,340.0,3881.0,3881.0,1027.0,441.0,1100.0,469.0
0.0,1991.0,959.0,1450.0,2600.0,2168.0,2168.0,1015.0,435.0,681.0,278.0
0.0,3632.0,880.0,1422.0,3881.0,0.0,0.0,996.0,426.0,625.0,255.0
0.0,6633.0,1453.0,1412.0,2168.0,0.0,0.0,989.0,423.0,1018.0,435.0
0.0,7348.0,2100.0,1430.0,0.0,472.0,472.0,1001.0,429.0,1461.0,639.0
0.0,5248.0,2205.0,1460.0,0.0,2797.0,2797.0,1022.0,438.0,1533.0,672.0
0.0,3043.0,1606.0,1473.0,472.0,3983.0,3983.0,1031.0,442.0,1123.0,483.0
0.0,1909.0,893.0,1457.0,2797.0,2015.0,2015.0,1020.0,437.0,636.0,257.0
0.0,3813.0,740.0,1427.0,3983.0,0.0,0.0,999.0,428.0,530.0,210.0
0.0,7056.0,1233.0,1413.0,2015.0,0.0,0.0,990.0,423.0,863.0,370.0
0.0,7838.0,1929.0,1430.0,0.0,0.0,0.0,1001.0,429.0,1339.0,590.0
0.0,5909.0,2158.0,1462.0,0.0,2097.0,2097.0,1023.0,439.0,1498.0,660.0
0.0,3751.0,1625.0,1478.0,0.0,3786.0,3786.0,1034.0,444.0,1136.0,489.0
0.0,2126.0,989.0,1465.0,2097.0,2626.0,2626.0,1025.0,440.0,703.0,286.0
0.0,3234.0,832.0,1437.0,3786.0,0.0,0.0,1006.0,431.0,596.0,236.0
0.0,6188.0,1296.0,1421.0,2626.0,0.0,0.0,995.0,426.0,909.0,387.0
0.0,7518.0,1955.0,1433.0,0.0,169.0,169.0,1003.0,430.0,1357.0,598.0
0.0,5563.0,2245.0,1463.0,0.0,2534.0,2534.0,1024.0,439.0,1561.0,684.0
0.0,3318.0,1828.0,1484.0,169.0,4277.0,4277.0,1038.0,446.0,1279.0,549.0
0.0,1659.0,1116.0,1473.0,2534.0,2815.0,2815.0,1031.0,442.0,791.0,325.0
0.0,3077.0,782.0,1445.0,4277.0,0.0,0.0,1012.0,433.0,556.0,226.0
0.0,6572.0,1070.0,1427.0,2815.0,0.0,0.0,999.0,428.0,749.0,321.0
0.0,8317.0,1654.0,1437.0,0.0,0.0,0.0,1006.0,431.0,1148.0,506.0
0.0,6663.0,1984.0,1463.0,0.0,1173.0,1173.0,1024.0,439.0,1382.0,602.0
0.0,4679.0,1717.0,1483.0,0.0,2970.0,2970.0,1038.0,445.0,1203.0,514.0
0.0,2962.0,1113.0,1475.0,1173.0,2878.0,2878.0,1032.0,443.0,787.0,326.0
0.0,3022.0,853.0,1450.0,2970.0,661.0,661.0,1015.0,435.0,605.0,248.0
0.0,5139.0,1214.0,1434.0,2878.0,0.0,0.0,1004.0,430.0,848.0,366.0
0.0,6803.0,1905.0,1446.0,661.0,225.0,225.0,1012.0,434.0,1326.0,579.0
0.0,5559.0,2205.0,1473.0,0.0,2538.0,2538.0,1031.0,442.0,1535.0,670.0
0.0,3354.0,1743.0,1489.0,225.0,4120.0,4120.0,1042.0,447.0,1222.0,521.0
0.0,1836.0,1086.0,1477.0,2538.0,2620.0,2620.0,1034.0,443.0,768.0,318.0
0.0,3288.0,923.0,1452.0,4120.0,0.0,0.0,1017.0,435.0,653.0,270.0
0.0,6485.0,1360.0,1438.0,2620.0,0.0,0.0,1007.0,431.0,952.0,408.0
0.0,7745.0,1839.0,1450.0,0.0,0.0,0.0,1015.0,435.0,1279.0,560.0
0.0,5906.0,1909.0,1476.0,0.0,1907.0,1907.0,1033.0,443.0,1329.0,580.0
0.0,3997.0,1491.0,1492.0,0.0,3462.0,3462.0,1044.0,448.0,1043.0,448.0
0.0,2506.0,965.0,1483.0,1907.0,2484.0,2484.0,1038.0,445.0,682.0,283.0
0.0,3448.0,901.0,1457.0,3462.0,0.0,0.0,1020.0,437.0,639.0,262.0
0.0,6009.0,1361.0,1444.0,2484.0,0.0,0.0,1011.0,433.0,953.0,408.0
0.0,7132.0,1903.0,1454.0,0.0,587.0,587.0,1018.0,436.0,1326.0,577.0
0.0,5229.0,2040.0,1479.0,0.0,2727.0,2727.0,1035.0,444.0,1420.0,620.0
0.0,3189.0,1667.0,1494.0,587.0,3867.0,3867.0,1045.0,449.0,1165.0,502.0
0.0,2109.0,1174.0,1486.0,2727.0,2282.0,2282.0,1040.0,446.0,829.0,345.0
0.0,3662.0,1031.0,1464.0,3867.0,0.0,0.0,1025.0,439.0,732.0,299.0
0.0,6498.0,1391.0,1449.0,2282.0,0.0,0.0,1015.0,434.0,974.0,417.0
0.0,7389.0,1769.0,1455.0,0.0,200.0,200.0,1019.0,436.0,1230.0,539.0
0.0,5620.0,1827.0,1476.0,0.0,2111.0,2111.0,1033.0,443.0,1270.0,557.0
0.0,3793.0,1498.0,1491.0,200.0,3469.0,3469.0,1043.0,448.0,1048.0,450.0
0.0,2495.0,1101.0,1486.0,2111.0,2439.0,2439.0,1040.0,446.0,777.0,324.0
0.0,3505.0,994.0,1466.0,3469.0,0.0,0.0,1026.0,440.0,704.0,290.0
0.0,5980.0,1358.0,1451.0,2439.0,0.0,0.0,1016.0,435.0,954.0,404.0
0.0,7061.0,1835.0,1455.0,0.0,594.0,594.0,1019.0,436.0,1280.0,555.0
0.0,5226.0,2022.0,1476.0,0.0,2700.0,2700.0,1033.0,443.0,1405.0,617.0
0.0,3204.0,1713.0,1492.0,594.0,3883.0,3883.0,1044.0,448.0,1194.0,519.0
0.0,2085.0,1231.0,1488.0,2700.0,2398.0,2398.0,1041.0,447.0,867.0,364.0
0.0,3554.0,1089.0,1469.0,3883.0,0.0,0.0,1028.0,441.0,773.0,316.0
0.0,6348.0,1431.0,1454.0,2398.0,0.0,0.0,1018.0,436.0,1008.0,423.0
0.0,7315.0,1902.0,1460.0,0.0,427.0,427.0,1022.0,438.0,1324.0,578.0
0.0,5413.0,2012.0,1480.0,0.0,2519.0,2519.0,1036.0,444.0,1396.0,616.0
0.0,3401.0,1579.0,1497.0,427.0,3739.0,3739.0,1047.0,450.0,1100.0,479.0
0.0,2249.0,1008.0,1493.0,2519.0,2212.0,2212.0,1045.0,448.0,714.0,294.0
0.0,3760.0,786.0,1471.0,3739.0,0.0,0.0,1030.0,441.0,563.0,223.0
0.0,6713.0,1195.0,1452.0,2212.0,0.0,0.0,1017.0,435.0,840.0,355.0
0.0,7730.0,1889.0,1457.0,0.0,0.0,0.0,1020.0,437.0,1314.0,575.0
0.0,5841.0,2181.0,1480.0,0.0,2260.0,2260.0,1036.0,444.0,1515.0,666.0
0.0,3660.0,1748.0,1498.0,0.0,4080.0,4080.0,1048.0,450.0,1220.0,528.0
0.0,1912.0,1097.0,1495.0,2260.0,2905.0,2905.0,1046.0,449.0,777.0,320.0
0.0,3075.0,927.0,1474.0,4080.0,0.0,0.0,1032.0,442.0,660.0,267.0
0.0,6228.0,1406.0,1458.0,2905.0,0.0,0.0,1021.0,437.0,986.0,420.0
0.0,7727.0,2010.0,1461.0,0.0,127.0,127.0,1023.0,438.0,1398.0,612.0
0.0,5717.0,2120.0,1480.0,0.0,2323.0,2323.0,1036.0,444.0,1473.0,647.0
0.0,3597.0,1593.0,1496.0,127.0,3853.0,3853.0,1047.0,449.0,1113.0,480.0
0.0,2131.0,929.0,1493.0,2323.0,2447.0,2447.0,1045.0,448.0,659.0,270.0
0.0,3525.0,782.0,1477.0,3853.0,0.0,0.0,1034.0,443.0,559.0,223.0
0.0,6596.0,1216.0,1462.0,2447.0,0.0,0.0,1024.0,438.0,854.0,362.0
0.0,7827.0,1911.0,1466.0,0.0,0.0,0.0,1026.0,440.0,1327.0,584.0
0.0,5916.0,2143.0,1486.0,0.0,2171.0,2171.0,1040.0,446.0,1488.0,655.0
0.0,3773.0,1688.0,1502.0,0.0,3923.0,3923.0,1051.0,451.0,1180.0,508.0
0.0,2085.0,1019.0,1498.0,2171.0,2755.0,2755.0,1048.0,450.0,724.0,295.0
0.0,3237.0,827.0,1477.0,3923.0,0.0,0.0,1034.0,443.0,591.0,236.0
0.0,6333.0,1378.0,1461.0,2755.0,0.0,0.0,1023.0,438.0,966.0,412.0
0.0,7710.0,2150.0,1470.0,0.0,320.0,320.0,1029.0,441.0,1494.0,656.0
0.0,5560.0,2386.0,1495.0,0.0,2806.0,2806.0,1046.0,449.0,1659.0,727.0
0.0,3174.0,1782.0,1511.0,320.0,4332.0,4332.0,1057.0,454.0,1247.0,535.0
0.0,1712.0,927.0,1503.0,2806.0,2421.0,2421.0,1052.0,451.0,660.0,267.0
0.0,3591.0,626.0,1480.0,4332.0,0.0,0.0,1036.0,444.0,448.0,178.0
0.0,7297.0,1155.0,1465.0,2421.0,0.0,0.0,1026.0,439.0,807.0,348.0
0.0,8563.0,2035.0,1475.0,0.0,0.0,0.0,1033.0,442.0,1414.0,621.0
0.0,6528.0,2320.0,1502.0,0.0,1800.0,1800.0,1051.0,451.0,1613.0,707.0
0.0,4208.0,1756.0,1518.0,0.0,3620.0,3620.0,1062.0,456.0,1230.0,526.0
0.0,2452.0,1014.0,1511.0,1800.0,2806.0,2806.0,1058.0,453.0,721.0,293.0
0.0,3238.0,795.0,1490.0,3620.0,0.0,0.0,1043.0,447.0,568.0,227.0
0.0,6063.0,1365.0,1477.0,2806.0,0.0,0.0,1034.0,443.0,954.0,411.0
0.0,7504.0,2134.0,1486.0,0.0,574.0,574.0,1040.0,446.0,1481.0,653.0
0.0,5370.0,2355.0,1509.0,0.0,3021.0,3021.0,1056.0,453.0,1638.0,717.0
0.0,3015.0,1774.0,1522.0,574.0,4273.0,4273.0,1065.0,457.0,1244.0,530.0
0.0,1815.0,929.0,1513.0,3021.0,2145.0,2145.0,1059.0,454.0,663.0,266.0
0.0,3907.0,741.0,1494.0,4273.0,0.0,0.0,1046.0,448.0,529.0,212.0
0.0,7439.0,1300.0,1484.0,2145.0,0.0,0.0,1039.0,445.0,909.0,391.0
0.0,8284.0,2093.0,1496.0,0.0,0.0,0.0,1047.0,449.0,1452.0,641.0
0.0,6191.0,2247.0,1517.0,0.0,2124.0,2124.0,1062.0,455.0,1561.0,686.0
0.0,3944.0,1578.0,1529.0,0.0,3750.0,3750.0,1070.0,459.0,1107.0,471.0
0.0,2366.0,746.0,1517.0,2124.0,2324.0,2324.0,1062.0,455.0,535.0,211.0
0.0,3744.0,696.0,1495.0,3750.0,0.0,0.0,1047.0,448.0,499.0,197.0
0.0,6798.0,1487.0,1485.0,2324.0,0.0,0.0,1040.0,445.0,1040.0,447.0
0.0,7635.0,2335.0,1497.0,0.0,688.0,688.0,1048.0,449.0,1622.0,713.0
0.0,5300.0,2414.0,1519.0,0.0,3190.0,3190.0,1063.0,456.0,1678.0,736.0
0.0,2886.0,1727.0,1532.0,688.0,4281.0,4281.0,1072.0,460.0,1208.0,519.0
0.0,1847.0,919.0,1522.0,3190.0,1970.0,1970.0,1065.0,457.0,655.0,264.0
0.0,4118.0,803.0,1501.0,4281.0,0.0,0.0,1051.0,450.0,575.0,228.0
0.0,7596.0,1403.0,1489.0,1970.0,0.0,0.0,1043.0,446.0,983.0,420.0
0.0,8163.0,2159.0,1500.0,0.0,0.0,0.0,1050.0,450.0,1498.0,661.0
0.0,6004.0,2231.0,1523.0,0.0,2319.0,2319.0,1066.0,457.0,1549.0,682.0
0.0,3773.0,1547.0,1538.0,0.0,3926.0,3926.0,1076.0,462.0,1082.0,465.0
0.0,2226.0,784.0,1530.0,2319.0,2359.0,2359.0,1071.0,459.0,562.0,222.0
0.0,3761.0,690.0,1507.0,3926.0,0.0,0.0,1055.0,452.0,496.0,194.0
0.0,6997.0,1436.0,1493.0,2359.0,0.0,0.0,1045.0,448.0,1006.0,430.0
0.0,7920.0,2270.0,1503.0,0.0,362.0,362.0,1052.0,451.0,1578.0,692.0
0.0,5650.0,2307.0,1526.0,0.0,2761.0,2761.0,1068.0,458.0,1602.0,705.0
0.0,3343.0,1596.0,1539.0,362.0,4047.0,4047.0,1077.0,462.0,1115.0,481.0
0.0,2109.0,860.0,1529.0,2761.0,2106.0,2106.0,1070.0,459.0,613.0,247.0
0.0,4010.0,914.0,1507.0,4047.0,0.0,0.0,1055.0,452.0,651.0,263.0
0.0,7143.0,1645.0,1498.0,2106.0,0.0,0.0,1049.0,449.0,1153.0,492.0
0.0,7604.0,2214.0,1510.0,0.0,650.0,650.0,1057.0,453.0,1540.0,674.0
0.0,5390.0,2089.0,1533.0,0.0,2831.0,2831.0,1073.0,460.0,1452.0,637.0
0.0,3301.0,1376.0,1544.0,650.0,3601.0,3601.0,1080.0,464.0,961.0,415.0
0.0,2575.0,715.0,1535.0,2831.0,1449.0,1449.0,1074.0,461.0,510.0,205.0
0.0,4691.0,808.0,1513.0,3601.0,0.0,0.0,1059.0,454.0,577.0,231.0
0.0,7484.0,1556.0,1502.0,1449.0,0.0,0.0,1052.0,450.0,1091.0,465.0
0.0,7377.0,2278.0,1514.0,0.0,957.0,957.0,1060.0,454.0,1586.0,692.0
0.0,5099.0,2220.0,1536.0,0.0,3265.0,3265.0,1075.0,461.0,1541.0,679.0
0.0,2879.0,1522.0,1549.0,957.0,3882.0,3882.0,1084.0,465.0,1062.0,460.0
0.0,2314.0,883.0,1540.0,3265.0,1464.0,1464.0,1078.0,462.0,628.0,255.0
0.0,4696.0,1044.0,1519.0,3882.0,0.0,0.0,1063.0,456.0,744.0,300.0
0.0,7534.0,1808.0,1508.0,1464.0,0.0,0.0,1056.0,452.0,1269.0,539.0
0.0,7190.0,2399.0,1520.0,0.0,1289.0,1289.0,1064.0,456.0,1671.0,728.0
0.0,4791.0,2091.0,1542.0,0.0,3468.0,3468.0,1079.0,463.0,1452.0,639.0
0.0,2700.0,1226.0,1553.0,1289.0,3449.0,3449.0,1087.0,466.0,856.0,370.0
0.0,2763.0,559.0,1542.0,3468.0,496.0,496.0,1079.0,463.0,400.0,159.0
0.0,5672.0,789.0,1518.0,3449.0,0.0,0.0,1063.0,455.0,563.0,226.0
0.0,8332.0,1666.0,1505.0,496.0,0.0,0.0,1054.0,451.0,1168.0,498.0
0.0,7162.0,2347.0,1517.0,0.0,1253.0,1253.0,1062.0,455.0,1634.0,713.0
0.0,4815.0,2257.0,1540.0,0.0,3602.0,3602.0,1078.0,462.0,1569.0,688.0
0.0,2558.0,1477.0,1554.0,1253.0,3882.0,3882.0,1087.0,467.0,1032.0,445.0
0.0,2334.0,794.0,1543.0,3602.0,1030.0,1030.0,1080.0,463.0,565.0,229.0
0.0,5142.0,877.0,1518.0,3882.0,0.0,0.0,1063.0,455.0,625.0,252.0
0.0,8147.0,1714.0,1506.0,1030.0,0.0,0.0,1055.0,451.0,1203.0,511.0
0.0,7463.0,2477.0,1520.0,0.0,1094.0,1094.0,1064.0,456.0,1724.0,753.0
0.0,4986.0,2297.0,1546.0,0.0,3495.0,3495.0,1082.0,464.0,1595.0,702.0
0.0,2689.0,1387.0,1559.0,1094.0,3840.0,3840.0,1091.0,468.0,968.0,419.0
0.0,2396.0,607.0,1546.0,3495.0,900.0,900.0,1082.0,464.0,436.0,171.0
0.0,5284.0,730.0,1520.0,3840.0,0.0,0.0,1064.0,456.0,524.0,206.0
0.0,8394.0,1625.0,1508.0,900.0,0.0,0.0,1056.0,452.0,1141.0,484.0
0.0,7669.0,2386.0,1523.0,0.0,809.0,809.0,1066.0,457.0,1659.0,727.0
0.0,5283.0,2343.0,1553.0,0.0,3272.0,3272.0,1087.0,466.0,1625.0,718.0
0.0,2940.0,1523.0,1569.0,809.0,4050.0,4050.0,1098.0,471.0,1062.0,461.0
0.0,2226.0,736.0,1555.0,3272.0,1458.0,1458.0,1088.0,467.0,527.0,209.0
0.0,4762.0,791.0,1525.0,4050.0,0.0,0.0,1068.0,457.0,570.0,221.0
0.0,8021.0,1663.0,1511.0,1458.0,0.0,0.0,1058.0,453.0,1170.0,493.0
0.0,7816.0,2470.0,1525.0,0.0,754.0,754.0,1068.0,457.0,1717.0,753.0
0.0,5346.0,2419.0,1554.0,0.0,3289.0,3289.0,1088.0,466.0,1675.0,744.0
0.0,2927.0,1566.0,1569.0,754.0,4161.0,4161.0,1098.0,471.0,1090.0,476.0
0.0,2115.0,688.0,1555.0,3289.0,1504.0,1504.0,1088.0,467.0,495.0,193.0
0.0,4716.0,664.0,1527.0,4161.0,0.0,0.0,1069.0,458.0,483.0,181.0
0.0,8213.0,1515.0,1512.0,1504.0,0.0,0.0,1059.0,453.0,1064.0,451.0
0.0,8202.0,2363.0,1528.0,0.0,273.0,273.0,1070.0,458.0,1641.0,722.0
0.0,5839.0,2334.0,1558.0,0.0,2727.0,2727.0,1090.0,468.0,1617.0,717.0
0.0,3505.0,1478.0,1573.0,273.0,3992.0,3992.0,1101.0,472.0,1032.0,446.0
0.0,2300.0,716.0,1559.0,2727.0,1925.0,1925.0,1091.0,468.0,513.0,203.0
0.0,4311.0,765.0,1530.0,3992.0,0.0,0.0,1071.0,459.0,550.0,215.0
0.0,7538.0,1595.0,1516.0,1925.0,0.0,0.0,1062.0,454.0,1120.0,475.0
0.0,7868.0,2435.0,1532.0,0.0,695.0,695.0,1073.0,459.0,1695.0,740.0
0.0,5433.0,2482.0,1564.0,0.0,3305.0,3305.0,1095.0,469.0,1723.0,759.0
0.0,2951.0,1713.0,1579.0,695.0,4383.0,4383.0,1105.0,474.0,1194.0,519.0
0.0,1933.0,891.0,1565.0,3305.0,1913.0,1913.0,1095.0,470.0,634.0,257.0
0.0,4347.0,817.0,1538.0,4383.0,0.0,0.0,1077.0,461.0,587.0,230.0
0.0,7913.0,1506.0,1527.0,1913.0,0.0,0.0,1069.0,458.0,1060.0,446.0
0.0,8320.0,2196.0,1542.0,0.0,44.0,44.0,1080.0,462.0,1528.0,668.0
0.0,6124.0,2195.0,1571.0,0.0,2355.0,2355.0,1100.0,471.0,1520.0,675.0
0.0,3929.0,1546.0,1585.0,44.0,3913.0,3913.0,1109.0,476.0,1076.0,470.0
0.0,2427.0,857.0,1572.0,2355.0,2363.0,2363.0,1100.0,472.0,610.0,247.0
0.0,3925.0,913.0,1545.0,3913.0,0.0,0.0,1082.0,463.0,654.0,259.0
0.0,6925.0,1660.0,1535.0,2363.0,0.0,0.0,1075.0,460.0,1169.0,491.0
0.0,7628.0,2399.0,1551.0,0.0,975.0,975.0,1086.0,465.0,1670.0,729.0
0.0,5229.0,2356.0,1580.0,0.0,3447.0,3447.0,1106.0,474.0,1633.0,723.0
0.0,2873.0,1620.0,1591.0,975.0,4136.0,4136.0,1113.0,478.0,1127.0,493.0
0.0,2228.0,940.0,1575.0,3447.0,1565.0,1565.0,1102.0,473.0,667.0,273.0
0.0,4735.0,970.0,1547.0,4136.0,0.0,0.0,1083.0,464.0,696.0,274.0
0.0,7901.0,1593.0,1537.0,1565.0,0.0,0.0,1076.0,461.0,1120.0,473.0
0.0,7873.0,2213.0,1557.0,0.0,568.0,568.0,1090.0,467.0,1538.0,675.0
0.0,5660.0,2141.0,1586.0,0.0,2825.0,2825.0,1110.0,476.0,1484.0,657.0
0.0,3519.0,1500.0,1601.0,568.0,3817.0,3817.0,1120.0,481.0,1046.0,454.0
0.0,2587.0,913.0,1586.0,2825.0,1845.0,1845.0,1110.0,476.0,648.0,265.0
0.0,4499.0,1011.0,1560.0,3817.0,0.0,0.0,1092.0,468.0,723.0,288.0
0.0,7305.0,1690.0,1549.0,1845.0,0.0,0.0,1085.0,464.0,1189.0,501.0
0.0,7460.0,2222.0,1564.0,0.0,1018.0,1018.0,1095.0,469.0,1546.0,676.0
0.0,5238.0,2179.0,1590.0,0.0,3301.0,3301.0,1113.0,477.0,1508.0,671.0
0.0,3059.0,1557.0,1604.0,1018.0,3896.0,3896.0,1122.0,482.0,1082.0,475.0
0.0,2520.0,1000.0,1589.0,3301.0,1535.0,1535.0,1112.0,477.0,709.0,291.0
0.0,4821.0,1116.0,1563.0,3896.0,0.0,0.0,1094.0,469.0,799.0,317.0
0.0,7601.0,1702.0,1552.0,1535.0,0.0,0.0,1087.0,465.0,1200.0,502.0
0.0,7434.0,2193.0,1568.0,0.0,1031.0,1031.0,1098.0,470.0,1524.0,669.0
0.0,5241.0,2027.0,1595.0,0.0,3166.0,3166.0,1116.0,479.0,1399.0,628.0
0.0,3214.0,1324.0,1606.0,1031.0,3503.0,3503.0,1124.0,482.0,918.0,406.0
0.0,2921.0,823.0,1591.0,3166.0,1100.0,1100.0,1113.0,478.0,587.0,236.0
0.0,5264.0,1016.0,1564.0,3503.0,0.0,0.0,1095.0,469.0,731.0,285.0
0.0,7751.0,1659.0,1551.0,1100.0,0.0,0.0,1086.0,465.0,1172.0,487.0
0.0,7192.0,2184.0,1564.0,0.0,1248.0,1248.0,1095.0,469.0,1520.0,664.0
0.0,5008.0,2157.0,1592.0,0.0,3517.0,3517.0,1114.0,478.0,1489.0,668.0
0.0,2851.0,1602.0,1607.0,1248.0,3931.0,3931.0,1124.0,483.0,1109.0,493.0
0.0,2497.0,1092.0,1595.0,3517.0,1458.0,1458.0,1116.0,479.0,774.0,318.0
0.0,4922.0,1142.0,1570.0,3931.0,0.0,0.0,1099.0,471.0,823.0,319.0
0.0,7711.0,1767.0,1558.0,1458.0,0.0,0.0,1091.0,467.0,1249.0,518.0
0.0,7402.0,2271.0,1571.0,0.0,1153.0,1153.0,1100.0,471.0,1578.0,693.0
0.0,5131.0,2094.0,1599.0,0.0,3359.0,3359.0,1119.0,480.0,1443.0,651.0
0.0,3037.0,1394.0,1612.0,1153.0,3652.0,3652.0,1128.0,484.0,962.0,432.0
0.0,2796.0,786.0,1598.0,3359.0,1023.0,1023.0,1118.0,480.0,562.0,224.0
0.0,5369.0,970.0,1571.0,3652.0,0.0,0.0,1100.0,471.0,703.0,267.0
0.0,8051.0,1681.0,1559.0,1023.0,0.0,0.0,1092.0,467.0,1189.0,492.0
0.0,7393.0,2217.0,1574.0,0.0,1120.0,1120.0,1102.0,472.0,1540.0,677.0
0.0,5176.0,2087.0,1600.0,0.0,3311.0,3311.0,1120.0,480.0,1437.0,650.0
0.0,3089.0,1516.0,1614.0,1120.0,3763.0,3763.0,1129.0,485.0,1050.0,466.0
0.0,2693.0,1074.0,1604.0,3311.0,1486.0,1486.0,1122.0,482.0,763.0,311.0
0.0,4930.0,1222.0,1581.0,3763.0,0.0,0.0,1107.0,474.0,879.0,343.0
0.0,7471.0,1850.0,1569.0,1486.0,0.0,0.0,1099.0,470.0,1306.0,544.0
0.0,7107.0,2321.0,1581.0,0.0,1538.0,1538.0,1107.0,474.0,1612.0,709.0
0.0,4786.0,2182.0,1605.0,0.0,3816.0,3816.0,1123.0,482.0,1505.0,677.0
0.0,2604.0,1491.0,1618.0,1538.0,3821.0,3821.0,1132.0,486.0,1034.0,457.0
0.0,2651.0,892.0,1606.0,3816.0,849.0,849.0,1124.0,482.0,637.0,255.0
0.0,5575.0,897.0,1581.0,3821.0,0.0,0.0,1107.0,474.0,650.0,247.0
0.0,8499.0,1514.0,1568.0,849.0,0.0,0.0,1098.0,470.0,1069.0,445.0
0.0,7834.0,2097.0,1579.0,0.0,579.0,579.0,1106.0,473.0,1454.0,643.0
0.0,5737.0,2100.0,1603.0,0.0,2775.0,2775.0,1122.0,481.0,1447.0,653.0
0.0,3637.0,1547.0,1615.0,579.0,3791.0,3791.0,1130.0,485.0,1074.0,473.0
0.0,2669.0,1078.0,1604.0,2775.0,2050.0,2050.0,1122.0,482.0,769.0,309.0
0.0,4366.0,1157.0,1580.0,3791.0,0.0,0.0,1106.0,474.0,833.0,324.0
0.0,7000.0,1754.0,1568.0,2050.0,0.0,0.0,1098.0,470.0,1238.0,516.0
0.0,7296.0,2279.0,1581.0,0.0,1307.0,1307.0,1107.0,474.0,1582.0,697.0
0.0,5017.0,2218.0,1606.0,0.0,3625.0,3625.0,1124.0,482.0,1529.0,689.0
0.0,2799.0,1624.0,1618.0,1307.0,3990.0,3990.0,1132.0,486.0,1128.0,496.0
0.0,2482.0,1000.0,1607.0,3625.0,1321.0,1321.0,1124.0,483.0,712.0,288.0
0.0,5107.0,996.0,1583.0,3990.0,0.0,0.0,1108.0,475.0,719.0,277.0
0.0,8101.0,1556.0,1572.0,1321.0,0.0,0.0,1101.0,471.0,1099.0,457.0
0.0,7866.0,2104.0,1584.0,0.0,574.0,574.0,1109.0,475.0,1461.0,643.0
0.0,5762.0,2168.0,1607.0,0.0,2834.0,2834.0,1125.0,482.0,1497.0,671.0
0.0,3594.0,1657.0,1620.0,574.0,3969.0,3969.0,1133.0,487.0,1151.0,506.0
0.0,2511.0,1102.0,1609.0,2834.0,2193.0,2193.0,1126.0,483.0,783.0,319.0
0.0,4243.0,1057.0,1587.0,3969.0,0.0,0.0,1111.0,476.0,759.0,298.0
0.0,7155.0,1650.0,1576.0,2193.0,0.0,0.0,1104.0,472.0,1164.0,486.0
0.0,7698.0,2241.0,1589.0,0.0,899.0,899.0,1113.0,476.0,1559.0,682.0
0.0,5457.0,2314.0,1614.0,0.0,3313.0,3313.0,1130.0,484.0,1601.0,713.0
0.0,3143.0,1757.0,1627.0,899.0,4223.0,4223.0,1138.0,489.0,1221.0,536.0
0.0,2285.0,1054.0,1615.0,3313.0,1916.0,1916.0,1130.0,485.0,748.0,306.0
0.0,4544.0,945.0,1590.0,4223.0,0.0,0.0,1113.0,477.0,682.0,263.0
0.0,7822.0,1545.0,1582.0,1916.0,0.0,0.0,1108.0,474.0,1090.0,455.0
0.0,8193.0,2183.0,1598.0,0.0,382.0,382.0,1119.0,479.0,1517.0,666.0
0.0,6010.0,2242.0,1626.0,0.0,2736.0,2736.0,1138.0,488.0,1548.0,694.0
0.0,3768.0,1609.0,1637.0,382.0,4007.0,4007.0,1145.0,492.0,1117.0,492.0
0.0,2541.0,1006.0,1624.0,2736.0,2225.0,2225.0,1136.0,488.0,716.0,290.0
0.0,4271.0,1049.0,1602.0,4007.0,0.0,0.0,1121.0,481.0,754.0,295.0
0.0,7229.0,1714.0,1594.0,2225.0,0.0,0.0,1116.0,478.0,1209.0,505.0
0.0,7740.0,2405.0,1609.0,0.0,1101.0,1101.0,1127.0,482.0,1674.0,731.0
0.0,5335.0,2393.0,1634.0,0.0,3594.0,3594.0,1144.0,490.0,1655.0,738.0
0.0,2942.0,1648.0,1644.0,1101.0,4181.0,4181.0,1150.0,494.0,1143.0,505.0
0.0,2395.0,906.0,1627.0,3594.0,1425.0,1425.0,1138.0,489.0,645.0,261.0
0.0,5083.0,1021.0,1603.0,4181.0,0.0,0.0,1122.0,481.0,736.0,285.0
0.0,8243.0,1792.0,1598.0,1425.0,0.0,0.0,1119.0,479.0,1263.0,529.0
0.0,7876.0,2406.0,1616.0,0.0,994.0,994.0,1132.0,484.0,1673.0,733.0
0.0,5470.0,2200.0,1644.0,0.0,3306.0,3306.0,1151.0,493.0,1521.0,679.0
0.0,3270.0,1378.0,1652.0,994.0,3722.0,3722.0,1156.0,496.0,957.0,421.0
0.0,2886.0,766.0,1634.0,3306.0,1110.0,1110.0,1143.0,491.0,546.0,220.0
0.0,5426.0,1008.0,1611.0,3722.0,0.0,0.0,1128.0,483.0,723.0,285.0
0.0,8140.0,1849.0,1606.0,1110.0,0.0,0.0,1125.0,481.0,1302.0,547.0
0.0,7401.0,2492.0,1625.0,0.0,1591.0,1591.0,1138.0,487.0,1736.0,756.0
0.0,4909.0,2310.0,1649.0,0.0,3997.0,3997.0,1154.0,495.0,1601.0,709.0
0.0,2599.0,1484.0,1654.0,1591.0,3910.0,3910.0,1157.0,497.0,1031.0,453.0
0.0,2706.0,810.0,1634.0,3997.0,643.0,643.0,1143.0,491.0,574.0,236.0
0.0,5893.0,1023.0,1609.0,3910.0,0.0,0.0,1126.0,483.0,731.0,292.0
0.0,8780.0,1890.0,1603.0,643.0,0.0,0.0,1123.0,480.0,1331.0,559.0
0.0,7533.0,2507.0,1623.0,0.0,1466.0,1466.0,1137.0,486.0,1748.0,759.0
0.0,5026.0,2272.0,1650.0,0.0,3846.0,3846.0,1155.0,495.0,1577.0,695.0
0.0,2754.0,1388.0,1659.0,1466.0,3804.0,3804.0,1161.0,498.0,965.0,423.0
0.0,2832.0,688.0,1643.0,3846.0,582.0,582.0,1150.0,493.0,488.0,200.0
0.0,5990.0,847.0,1619.0,3804.0,0.0,0.0,1133.0,486.0,607.0,240.0
0.0,8947.0,1785.0,1613.0,582.0,0.0,0.0,1130.0,483.0,1257.0,528.0
0.0,7744.0,2531.0,1632.0,0.0,1315.0,1315.0,1143.0,489.0,1765.0,766.0
0.0,5213.0,2466.0,1659.0,0.0,3889.0,3889.0,1161.0,498.0,1710.0,756.0
0.0,2747.0,1638.0,1668.0,1315.0,4248.0,4248.0,1167.0,501.0,1138.0,500.0
0.0,2424.0,825.0,1650.0,3889.0,1112.0,1112.0,1154.0,496.0,585.0,240.0
0.0,5488.0,887.0,1623.0,4248.0,0.0,0.0,1136.0,487.0,637.0,250.0
0.0,8849.0,1756.0,1615.0,1112.0,0.0,0.0,1131.0,484.0,1238.0,518.0
0.0,8205.0,2512.0,1632.0,0.0,835.0,835.0,1143.0,489.0,1751.0,761.0
0.0,5693.0,2380.0,1658.0,0.0,3319.0,3319.0,1161.0,497.0,1650.0,730.0
0.0,3313.0,1490.0,1668.0,835.0,4014.0,4014.0,1167.0,501.0,1034.0,456.0
0.0,2658.0,749.0,1652.0,3319.0,1380.0,1380.0,1156.0,496.0,530.0,219.0
0.0,5228.0,815.0,1627.0,4014.0,0.0,0.0,1139.0,488.0,585.0,230.0
0.0,8427.0,1677.0,1618.0,1380.0,0.0,0.0,1133.0,485.0,1183.0,494.0
0.0,8130.0,2392.0,1632.0,0.0,790.0,790.0,1143.0,489.0,1672.0,720.0
0.0,5738.0,2400.0,1657.0,0.0,3290.0,3290.0,1160.0,497.0,1666.0,734.0
0.0,3338.0,1712.0,1669.0,790.0,4260.0,4260.0,1168.0,501.0,1189.0,523.0
0.0,2416.0,970.0,1656.0,3290.0,1888.0,1888.0,1159.0,497.0,682.0,288.0
0.0,4736.0,1046.0,1633.0,4260.0,0.0,0.0,1143.0,490.0,744.0,302.0
0.0,7950.0,1820.0,1624.0,1888.0,0.0,0.0,1137.0,487.0,1283.0,537.0
0.0,8018.0,2500.0,1638.0,0.0,1034.0,1034.0,1147.0,491.0,1748.0,752.0
0.0,5518.0,2412.0,1664.0,0.0,3550.0,3550.0,1165.0,499.0,1676.0,736.0
0.0,3106.0,1688.0,1678.0,1034.0,4260.0,4260.0,1174.0,504.0,1171.0,517.0
0.0,2452.0,940.0,1667.0,3550.0,1606.0,1606.0,1166.0,501.0,660.0,280.0
0.0,5062.0,863.0,1642.0,4260.0,0.0,0.0,1149.0,493.0,618.0,245.0
0.0,8459.0,1519.0,1628.0,1606.0,0.0,0.0,1140.0,488.0,1075.0,444.0
0.0,8546.0,2282.0,1641.0,0.0,300.0,300.0,1149.0,492.0,1596.0,686.0
0.0,6264.0,2376.0,1667.0,0.0,2780.0,2780.0,1167.0,500.0,1650.0,726.0
0.0,3888.0,1714.0,1679.0,300.0,4242.0,4242.0,1175.0,504.0,1187.0,527.0
0.0,2474.0,1000.0,1666.0,2780.0,2410.0,2410.0,1166.0,500.0,700.0,300.0
0.0,4254.0,936.0,1638.0,4242.0,0.0,0.0,1146.0,492.0,667.0,269.0
0.0,7560.0,1649.0,1624.0,2410.0,0.0,0.0,1137.0,487.0,1166.0,483.0
0.0,8321.0,2468.0,1639.0,0.0,703.0,703.0,1148.0,491.0,1730.0,738.0
0.0,5853.0,2573.0,1671.0,0.0,3404.0,3404.0,1170.0,501.0,1790.0,783.0
0.0,3280.0,1871.0,1688.0,703.0,4640.0,4640.0,1181.0,507.0,1296.0,575.0
0.0,2112.0,915.0,1671.0,3404.0,2083.0,2083.0,1169.0,502.0,637.0,278.0
0.0,4601.0,718.0,1638.0,4640.0,0.0,0.0,1146.0,492.0,514.0,204.0
0.0,8523.0,1496.0,1625.0,2083.0,0.0,0.0,1138.0,487.0,1063.0,433.0
0.0,9110.0,2406.0,1645.0,0.0,0.0,0.0,1152.0,493.0,1687.0,719.0
0.0,6704.0,2567.0,1680.0,0.0,2583.0,2583.0,1176.0,504.0,1785.0,782.0
0.0,4137.0,1764.0,1693.0,0.0,4399.0,4399.0,1185.0,508.0,1220.0,544.0
0.0,2373.0,814.0,1674.0,2583.0,2554.0,2554.0,1171.0,503.0,567.0,247.0
0.0,4142.0,706.0,1639.0,4399.0,0.0,0.0,1147.0,492.0,506.0,200.0
0.0,7835.0,1596.0,1625.0,2554.0,0.0,0.0,1138.0,487.0,1132.0,464.0
0.0,8793.0,2608.0,1648.0,0.0,407.0,407.0,1154.0,494.0,1827.0,781.0
0.0,6185.0,2730.0,1684.0,0.0,3281.0,3281.0,1179.0,505.0,1899.0,831.0
0.0,3455.0,1856.0,1700.0,407.0,4794.0,4794.0,1190.0,510.0,1286.0,570.0
0.0,2006.0,833.0,1679.0,3281.0,2262.0,2262.0,1175.0,504.0,583.0,250.0
0.0,4454.0,684.0,1645.0,4794.0,0.0,0.0,1151.0,494.0,490.0,194.0
0.0,8564.0,1490.0,1630.0,2262.0,0.0,0.0,1141.0,489.0,1053.0,437.0
0.0,9336.0,2414.0,1649.0,0.0,0.0,0.0,1155.0,494.0,1689.0,725.0
0.0,6922.0,2522.0,1684.0,0.0,2336.0,2336.0,1179.0,505.0,1756.0,766.0
0.0,4400.0,1728.0,1702.0,0.0,4136.0,4136.0,1191.0,511.0,1202.0,526.0
0.0,2672.0,840.0,1684.0,2336.0,2568.0,2568.0,1178.0,506.0,590.0,250.0
0.0,4168.0,754.0,1649.0,4136.0,0.0,0.0,1154.0,495.0,536.0,218.0
0.0,7550.0,1667.0,1634.0,2568.0,0.0,0.0,1144.0,490.0,1173.0,494.0
0.0,8451.0,2666.0,1654.0,0.0,831.0,831.0,1158.0,496.0,1865.0,801.0
0.0,5785.0,2747.0,1691.0,0.0,3726.0,3726.0,1184.0,507.0,1914.0,833.0
0.0,3038.0,1863.0,1709.0,831.0,4830.0,4830.0,1196.0,513.0,1298.0,565.0
0.0,2006.0,898.0,1693.0,3726.0,1938.0,1938.0,1185.0,508.0,633.0,265.0
0.0,4834.0,786.0,1660.0,4830.0,0.0,0.0,1162.0,498.0,559.0,227.0
0.0,8878.0,1662.0,1646.0,1938.0,0.0,0.0,1152.0,494.0,1167.0,495.0
0.0,9154.0,2544.0,1667.0,0.0,58.0,58.0,1167.0,500.0,1777.0,767.0
0.0,6610.0,2508.0,1700.0,0.0,2698.0,2698.0,1190.0,510.0,1748.0,760.0
0.0,4102.0,1621.0,1716.0,58.0,4325.0,4325.0,1201.0,515.0,1129.0,492.0
0.0,2539.0,711.0,1698.0,2698.0,2266.0,2266.0,1188.0,510.0,500.0,211.0
0.0,4526.0,782.0,1666.0,4325.0,0.0,0.0,1166.0,500.0,558.0,224.0
0.0,8069.0,1742.0,1654.0,2266.0,0.0,0.0,1158.0,496.0,1228.0,514.0
0.0,8593.0,2664.0,1672.0,0.0,759.0,759.0,1171.0,501.0,1863.0,801.0
0.0,5929.0,2679.0,1704.0,0.0,3566.0,3566.0,1193.0,511.0,1863.0,816.0
0.0,3250.0,1753.0,1718.0,759.0,4616.0,4616.0,1202.0,516.0,1217.0,536.0
0.0,2256.0,831.0,1699.0,3566.0,1805.0,1805.0,1189.0,510.0,584.0,247.0
0.0,4991.0,850.0,1667.0,4616.0,0.0,0.0,1167.0,500.0,607.0,243.0
0.0,8757.0,1707.0,1654.0,1805.0,0.0,0.0,1158.0,496.0,1205.0,502.0
0.0,8855.0,2617.0,1672.0,0.0,450.0,450.0,1171.0,501.0,1830.0,787.0
0.0,6238.0,2532.0,1703.0,0.0,3106.0,3106.0,1192.0,511.0,1759.0,773.0
0.0,3706.0,1575.0,1716.0,450.0,4283.0,4283.0,1201.0,515.0,1092.0,483.0
0.0,2581.0,694.0,1700.0,3106.0,1807.0,1807.0,1190.0,510.0,490.0,204.0
0.0,4993.0,765.0,1671.0,4283.0,0.0,0.0,1170.0,501.0,550.0,215.0
0.0,8511.0,1745.0,1658.0,1807.0,0.0,0.0,1161.0,497.0,1230.0,515.0
0.0,8573.0,2659.0,1677.0,0.0,794.0,794.0,1174.0,503.0,1855.0,804.0
0.0,5914.0,2560.0,1707.0,0.0,3474.0,3474.0,1195.0,512.0,1777.0,783.0
0.0,3354.0,1579.0,1719.0,794.0,4307.0,4307.0,1203.0,516.0,1098.0,481.0
0.0,2569.0,752.0,1702.0,3474.0,1517.0,1517.0,1191.0,511.0,534.0,218.0
0.0,5291.0,920.0,1673.0,4307.0,0.0,0.0,1171.0,502.0,659.0,261.0
0.0,8678.0,1951.0,1661.0,1517.0,0.0,0.0,1163.0,498.0,1373.0,578.0
0.0,8244.0,2828.0,1679.0,0.0,1300.0,1300.0,1176.0,503.0,1973.0,855.0
0.0,5416.0,2618.0,1711.0,0.0,4046.0,4046.0,1198.0,513.0,1817.0,801.0
0.0,2798.0,1447.0,1726.0,1300.0,4253.0,4253.0,1208.0,518.0,1004.0,443.0
0.0,2651.0,471.0,1706.0,4046.0,598.0,598.0,1194.0,512.0,335.0,136.0
0.0,6226.0,612.0,1672.0,4253.0,0.0,0.0,1170.0,502.0,443.0,169.0
0.0,9867.0,1805.0,1657.0,598.0,0.0,0.0,1160.0,497.0,1273.0,532.0
0.0,8660.0,2819.0,1677.0,0.0,867.0,867.0,1174.0,503.0,1968.0,851.0
0.0,5841.0,2725.0,1714.0,0.0,3740.0,3740.0,1200.0,514.0,1895.0,830.0
0.0,3116.0,1644.0,1732.0,867.0,4589.0,4589.0,1212.0,520.0,1142.0,502.0
0.0,2339.0,673.0,1714.0,3740.0,1450.0,1450.0,1199.0,515.0,475.0,198.0
0.0,5406.0,813.0,1680.0,4589.0,0.0,0.0,1176.0,504.0,583.0,230.0
0.0,9182.0,1864.0,1663.0,1450.0,0.0,0.0,1164.0,499.0,1315.0,549.0
0.0,8768.0,2778.0,1681.0,0.0,734.0,734.0,1177.0,504.0,1941.0,837.0
0.0,5990.0,2671.0,1716.0,0.0,3545.0,3545.0,1201.0,515.0,1854.0,817.0
0.0,3319.0,1593.0,1733.0,734.0,4472.0,4472.0,1213.0,520.0,1103.0,490.0
0.0,2460.0,585.0,1716.0,3545.0,1444.0,1444.0,1201.0,515.0,413.0,172.0
0.0,5420.0,630.0,1682.0,4472.0,0.0,0.0,1177.0,505.0,458.0,172.0
0.0,9262.0,1712.0,1666.0,1444.0,0.0,0.0,1167.0,499.0,1212.0,500.0
0.0,8994.0,2743.0,1685.0,0.0,489.0,489.0,1180.0,505.0,1915.0,828.0
0.0,6251.0,2657.0,1720.0,0.0,3286.0,3286.0,1204.0,516.0,1841.0,816.0
0.0,3594.0,1608.0,1738.0,489.0,4477.0,4477.0,1216.0,522.0,1113.0,495.0
0.0,2475.0,643.0,1718.0,3286.0,1754.0,1754.0,1202.0,516.0,455.0,188.0
0.0,5118.0,770.0,1681.0,4477.0,0.0,0.0,1177.0,504.0,559.0,211.0
0.0,8825.0,1904.0,1665.0,1754.0,0.0,0.0,1166.0,499.0,1345.0,559.0
0.0,8675.0,2895.0,1685.0,0.0,960.0,960.0,1180.0,505.0,2019.0,876.0
0.0,5780.0,2765.0,1720.0,0.0,3865.0,3865.0,1204.0,516.0,1916.0,849.0
0.0,3015.0,1609.0,1736.0,960.0,4578.0,4578.0,1215.0,521.0,1114.0,495.0
0.0,2366.0,556.0,1715.0,3865.0,1185.0,1185.0,1200.0,515.0,398.0,158.0
0.0,5675.0,637.0,1678.0,4578.0,0.0,0.0,1175.0,503.0,468.0,169.0
0.0,9616.0,1745.0,1664.0,1185.0,0.0,0.0,1165.0,499.0,1232.0,513.0
0.0,9056.0,2813.0,1687.0,0.0,505.0,505.0,1181.0,506.0,1959.0,854.0
0.0,6243.0,2715.0,1726.0,0.0,3376.0,3376.0,1208.0,518.0,1880.0,835.0
0.0,3528.0,1544.0,1739.0,505.0,4467.0,4467.0,1217.0,522.0,1070.0,474.0
0.0,2489.0,523.0,1716.0,3376.0,1522.0,1522.0,1201.0,515.0,376.0,147.0
0.0,5342.0,673.0,1678.0,4467.0,0.0,0.0,1175.0,503.0,492.0,181.0
0.0,9136.0,1919.0,1664.0,1522.0,0.0,0.0,1165.0,499.0,1354.0,565.0
0.0,8739.0,3049.0,1688.0,0.0,1062.0,1062.0,1182.0,506.0,2125.0,924.0
0.0,5690.0,2905.0,1728.0,0.0,4127.0,4127.0,1210.0,518.0,2011.0,894.0
0.0,2785.0,1674.0,1744.0,1062.0,4803.0,4803.0,1220.0,524.0,1160.0,514.0
0.0,2173.0,530.0,1722.0,4127.0,1118.0,1118.0,1205.0,517.0,383.0,147.0
0.0,5770.0,608.0,1683.0,4803.0,0.0,0.0,1178.0,505.0,449.0,159.0
0.0,9965.0,1802.0,1669.0,1118.0,0.0,0.0,1169.0,500.0,1271.0,531.0
0.0,9281.0,2958.0,1695.0,0.0,457.0,457.0,1187.0,508.0,2058.0,900.0
0.0,6323.0,2826.0,1736.0,0.0,3447.0,3447.0,1215.0,521.0,1957.0,869.0
0.0,3497.0,1559.0,1752.0,457.0,4613.0,4613.0,1226.0,526.0,1080.0,479.0
0.0,2395.0,457.0,1727.0,3447.0,1523.0,1523.0,1208.0,519.0,331.0,126.0
0.0,5385.0,611.0,1687.0,4613.0,0.0,0.0,1181.0,506.0,450.0,161.0
0.0,9387.0,1884.0,1675.0,1523.0,0.0,0.0,1173.0,502.0,1328.0,556.0
0.0,9026.0,3074.0,1704.0,0.0,864.0,864.0,1193.0,511.0,2141.0,933.0
0.0,5952.0,3035.0,1747.0,0.0,4071.0,4071.0,1223.0,524.0,2103.0,932.0
0.0,2917.0,1792.0,1764.0,864.0,5067.0,5067.0,1234.0,530.0,1245.0,547.0
0.0,1989.0,548.0,1737.0,4071.0,1436.0,1436.0,1215.0,522.0,396.0,152.0
0.0,5512.0,564.0,1693.0,5067.0,0.0,0.0,1185.0,508.0,418.0,146.0
0.0,10015.0,1760.0,1676.0,1436.0,0.0,0.0,1174.0,502.0,1243.0,517.0
0.0,9691.0,2940.0,1705.0,0.0,69.0,69.0,1194.0,511.0,2044.0,896.0
0.0,6751.0,2846.0,1751.0,0.0,3099.0,3099.0,1226.0,525.0,1967.0,879.0
0.0,3905.0,1546.0,1769.0,69.0,4648.0,4648.0,1238.0,531.0,1072.0,474.0
0.0,2428.0,328.0,1741.0,3099.0,1765.0,1765.0,1218.0,523.0,243.0,85.0
0.0,5199.0,452.0,1695.0,4648.0,0.0,0.0,1187.0,508.0,341.0,111.0
0.0,9395.0,1830.0,1678.0,1765.0,0.0,0.0,1175.0,503.0,1292.0,538.0
0.0,9330.0,3121.0,1707.0,0.0,619.0,619.0,1195.0,512.0,2171.0,950.0
0.0,6209.0,3061.0,1753.0,0.0,3864.0,3864.0,1227.0,526.0,2115.0,946.0
0.0,3148.0,1747.0,1771.0,619.0,5064.0,5064.0,1239.0,532.0,1210.0,537.0
0.0,2020.0,475.0,1744.0,3864.0,1567.0,1567.0,1220.0,524.0,347.0,128.0
0.0,5409.0,464.0,1699.0,5064.0,0.0,0.0,1189.0,510.0,352.0,112.0
0.0,10009.0,1730.0,1681.0,1567.0,0.0,0.0,1177.0,504.0,1224.0,506.0
0.0,9846.0,3003.0,1708.0,0.0,0.0,0.0,1196.0,512.0,2089.0,914.0
0.0,6843.0,2957.0,1754.0,0.0,3130.0,3130.0,1228.0,526.0,2044.0,913.0
0.0,3886.0,1658.0,1774.0,0.0,4868.0,4868.0,1241.0,533.0,1146.0,512.0
0.0,2228.0,360.0,1748.0,3130.0,1994.0,1994.0,1223.0,525.0,263.0,97.0
0.0,4998.0,410.0,1703.0,4868.0,0.0,0.0,1192.0,511.0,314.0,96.0
0.0,9456.0,1779.0,1686.0,1994.0,0.0,0.0,1181.0,505.0,1260.0,519.0
0.0,9671.0,3070.0,1714.0,0.0,255.0,255.0,1200.0,514.0,2137.0,933.0
0.0,6601.0,2953.0,1758.0,0.0,3384.0,3384.0,1231.0,527.0,2043.0,910.0
0.0,3648.0,1641.0,1775.0,255.0,4838.0,4838.0,1242.0,533.0,1134.0,507.0
0.0,2262.0,499.0,1748.0,3384.0,1845.0,1845.0,1223.0,525.0,359.0,140.0
0.0,5147.0,718.0,1706.0,4838.0,0.0,0.0,1194.0,512.0,529.0,189.0
0.0,9267.0,2056.0,1692.0,1845.0,0.0,0.0,1185.0,507.0,1453.0,603.0
0.0,9056.0,3168.0,1722.0,0.0,1000.0,1000.0,1206.0,516.0,2206.0,962.0
0.0,5888.0,2862.0,1767.0,0.0,4042.0,4042.0,1237.0,530.0,1979.0,883.0
0.0,3026.0,1435.0,1782.0,1000.0,4537.0,4537.0,1247.0,535.0,989.0,446.0
0.0,2591.0,301.0,1754.0,4042.0,684.0,684.0,1227.0,527.0,221.0,80.0
0.0,6332.0,515.0,1710.0,4537.0,0.0,0.0,1197.0,513.0,386.0,129.0
0.0,10354.0,1915.0,1695.0,684.0,0.0,0.0,1187.0,508.0,1356.0,559.0
0.0,9123.0,3134.0,1726.0,0.0,915.0,915.0,1209.0,517.0,2186.0,948.0
0.0,5989.0,2929.0,1772.0,0.0,4028.0,4028.0,1240.0,532.0,2024.0,905.0
0.0,3060.0,1523.0,1788.0,915.0,4700.0,4700.0,1251.0,537.0,1048.0,475.0
0.0,2452.0,376.0,1758.0,4028.0,928.0,928.0,1230.0,528.0,271.0,105.0
0.0,6104.0,656.0,1713.0,4700.0,0.0,0.0,1199.0,514.0,485.0,171.0
0.0,10148.0,2104.0,1697.0,928.0,0.0,0.0,1189.0,508.0,1492.0,612.0
0.0,8972.0,3291.0,1728.0,0.0,1231.0,1231.0,1210.0,518.0,2297.0,994.0
0.0,5681.0,3007.0,1776.0,0.0,4430.0,4430.0,1243.0,533.0,2077.0,930.0
0.0,2674.0,1484.0,1793.0,1231.0,4751.0,4751.0,1254.0,539.0,1018.0,466.0
0.0,2421.0,210.0,1761.0,4430.0,403.0,403.0,1232.0,529.0,155.0,55.0
0.0,6641.0,446.0,1713.0,4751.0,0.0,0.0,1199.0,514.0,340.0,106.0
0.0,10946.0,1938.0,1696.0,403.0,0.0,0.0,1188.0,508.0,1378.0,560.0
0.0,9411.0,3172.0,1728.0,0.0,673.0,673.0,1210.0,518.0,2213.0,959.0
0.0,6239.0,2969.0,1776.0,0.0,3834.0,3834.0,1243.0,533.0,2051.0,918.0
0.0,3270.0,1463.0,1792.0,673.0,4688.0,4688.0,1254.0,538.0,1006.0,457.0
0.0,2480.0,281.0,1761.0,3834.0,1011.0,1011.0,1232.0,529.0,204.0,77.0
0.0,6033.0,612.0,1714.0,4688.0,0.0,0.0,1200.0,514.0,454.0,158.0
0.0,10109.0,2171.0,1698.0,1011.0,0.0,0.0,1189.0,509.0,1538.0,633.0
0.0,8949.0,3426.0,1729.0,0.0,1393.0,1393.0,1211.0,518.0,2391.0,1035.0
0.0,5523.0,3116.0,1778.0,0.0,4705.0,4705.0,1245.0,533.0,2157.0,959.0
0.0,2407.0,1527.0,1797.0,1393.0,4915.0,4915.0,1257.0,540.0,1050.0,477.0
0.0,2273.0,212.0,1767.0,4705.0,302.0,302.0,1236.0,531.0,154.0,58.0
0.0,6766.0,483.0,1720.0,4915.0,0.0,0.0,1204.0,516.0,364.0,119.0
0.0,11198.0,2047.0,1705.0,302.0,0.0,0.0,1194.0,511.0,1453.0,594.0
0.0,9453.0,3241.0,1737.0,0.0,736.0,736.0,1217.0,520.0,2263.0,978.0
0.0,6212.0,2928.0,1787.0,0.0,3864.0,3864.0,1251.0,536.0,2022.0,906.0
0.0,3284.0,1431.0,1806.0,736.0,4635.0,4635.0,1263.0,543.0,981.0,450.0
0.0,2589.0,245.0,1775.0,3864.0,892.0,892.0,1242.0,533.0,180.0,65.0
0.0,6208.0,577.0,1726.0,4635.0,0.0,0.0,1208.0,518.0,433.0,144.0
0.0,10266.0,2128.0,1709.0,892.0,0.0,0.0,1197.0,512.0,1510.0,618.0
0.0,9030.0,3398.0,1740.0,0.0,1328.0,1328.0,1219.0,521.0,2368.0,1030.0
0.0,5632.0,3111.0,1791.0,0.0,4643.0,4643.0,1254.0,537.0,2148.0,963.0
0.0,2521.0,1530.0,1811.0,1328.0,4925.0,4925.0,1267.0,544.0,1053.0,477.0
0.0,2319.0,248.0,1783.0,4643.0,418.0,418.0,1247.0,536.0,184.0,64.0
0.0,6714.0,507.0,1735.0,4925.0,0.0,0.0,1214.0,521.0,383.0,124.0
0.0,11132.0,2008.0,1716.0,418.0,0.0,0.0,1202.0,514.0,1422.0,586.0
0.0,9542.0,3259.0,1747.0,0.0,705.0,705.0,1224.0,523.0,2271.0,988.0
0.0,6283.0,2984.0,1798.0,0.0,3893.0,3893.0,1259.0,539.0,2063.0,921.0
0.0,3299.0,1465.0,1818.0,705.0,4733.0,4733.0,1272.0,546.0,1010.0,455.0
0.0,2539.0,265.0,1790.0,3893.0,993.0,993.0,1252.0,538.0,194.0,71.0
0.0,6167.0,555.0,1740.0,4733.0,0.0,0.0,1218.0,522.0,414.0,141.0
0.0,10345.0,2058.0,1723.0,993.0,0.0,0.0,1207.0,516.0,1456.0,602.0
0.0,9280.0,3378.0,1757.0,0.0,1126.0,1126.0,1231.0,526.0,2357.0,1021.0
0.0,5902.0,3136.0,1808.0,0.0,4466.0,4466.0,1266.0,542.0,2172.0,964.0
0.0,2766.0,1625.0,1825.0,1126.0,5033.0,5033.0,1277.0,548.0,1122.0,503.0
0.0,2267.0,329.0,1792.0,4466.0,764.0,764.0,1254.0,538.0,238.0,91.0
0.0,6404.0,467.0,1740.0,5033.0,0.0,0.0,1218.0,522.0,349.0,118.0
0.0,10970.0,1997.0,1723.0,764.0,0.0,0.0,1207.0,516.0,1412.0,585.0
0.0,9737.0,3367.0,1760.0,0.0,670.0,670.0,1233.0,527.0,2350.0,1017.0
0.0,6370.0,3133.0,1815.0,0.0,4023.0,4023.0,1271.0,544.0,2172.0,961.0
0.0,3237.0,1501.0,1834.0,670.0,4930.0,4930.0,1283.0,551.0,1035.0,466.0
0.0,2406.0,68.0,1798.0,4023.0,831.0,831.0,1258.0,540.0,53.0,15.0
0.0,6361.0,273.0,1743.0,4930.0,0.0,0.0,1220.0,523.0,212.0,61.0
0.0,11018.0,1959.0,1725.0,831.0,0.0,0.0,1208.0,517.0,1388.0,571.0
0.0,9890.0,3480.0,1763.0,0.0,642.0,642.0,1235.0,528.0,2433.0,1047.0
0.0,6410.0,3356.0,1820.0,0.0,4226.0,4226.0,1274.0,546.0,2327.0,1029.0
0.0,3054.0,1660.0,1839.0,642.0,5320.0,5320.0,1287.0,552.0,1143.0,517.0
0.0,2036.0,135.0,1801.0,4226.0,1077.0,1077.0,1260.0,541.0,98.0,37.0
0.0,6127.0,337.0,1745.0,5320.0,0.0,0.0,1221.0,524.0,258.0,79.0
0.0,11110.0,2037.0,1726.0,1077.0,0.0,0.0,1209.0,517.0,1446.0,591.0
0.0,10150.0,3533.0,1765.0,0.0,443.0,443.0,1237.0,528.0,2472.0,1061.0
0.0,6617.0,3254.0,1824.0,0.0,3933.0,3933.0,1277.0,547.0,2257.0,997.0
0.0,3363.0,1462.0,1843.0,443.0,5028.0,5028.0,1290.0,553.0,1004.0,458.0
0.0,2344.0,0.0,1806.0,3933.0,947.0,947.0,1263.0,543.0,0.0,0.0
0.0,6277.0,236.0,1749.0,5028.0,0.0,0.0,1224.0,525.0,185.0,51.0
0.0,11069.0,2002.0,1731.0,947.0,0.0,0.0,1212.0,519.0,1422.0,580.0
0.0,10014.0,3550.0,1771.0,0.0,620.0,620.0,1241.0,530.0,2484.0,1066.0
0.0,6464.0,3338.0,1830.0,0.0,4194.0,4194.0,1281.0,549.0,2315.0,1023.0
0.0,3126.0,1690.0,1851.0,620.0,5348.0,5348.0,1295.0,556.0,1165.0,525.0
0.0,2056.0,184.0,1812.0,4194.0,1182.0,1182.0,1268.0,544.0,132.0,52.0
0.0,6066.0,317.0,1752.0,5348.0,0.0,0.0,1226.0,526.0,242.0,75.0
0.0,11097.0,2033.0,1732.0,1182.0,0.0,0.0,1213.0,519.0,1441.0,592.0
0.0,10246.0,3583.0,1772.0,0.0,425.0,425.0,1241.0,531.0,2503.0,1080.0
0.0,6663.0,3286.0,1831.0,0.0,3947.0,3947.0,1282.0,549.0,2279.0,1007.0
0.0,3377.0,1476.0,1849.0,425.0,5070.0,5070.0,1294.0,555.0,1017.0,459.0
0.0,2326.0,0.0,1810.0,3947.0,967.0,967.0,1266.0,544.0,0.0,0.0
0.0,6273.0,207.0,1752.0,5070.0,0.0,0.0,1226.0,526.0,167.0,40.0
0.0,11136.0,2022.0,1735.0,967.0,0.0,0.0,1215.0,520.0,1436.0,586.0
0.0,10081.0,3561.0,1776.0,0.0,584.0,584.0,1244.0,532.0,2491.0,1070.0
0.0,6520.0,3295.0,1834.0,0.0,4111.0,4111.0,1284.0,550.0,2284.0,1011.0
0.0,3225.0,1487.0,1851.0,584.0,5082.0,5082.0,1295.0,556.0,1020.0,467.0
0.0,2322.0,21.0,1811.0,4111.0,832.0,832.0,1267.0,544.0,16.0,5.0
0.0,6412.0,351.0,1752.0,5082.0,0.0,0.0,1226.0,526.0,268.0,83.0
0.0,11143.0,2184.0,1735.0,832.0,0.0,0.0,1215.0,520.0,1550.0,634.0
0.0,9791.0,3626.0,1774.0,0.0,931.0,931.0,1243.0,531.0,2537.0,1089.0
0.0,6165.0,3278.0,1833.0,0.0,4445.0,4445.0,1283.0,550.0,2272.0,1006.0
0.0,2887.0,1555.0,1854.0,931.0,5153.0,5153.0,1297.0,557.0,1067.0,488.0
0.0,2263.0,81.0,1816.0,4445.0,637.0,637.0,1270.0,546.0,58.0,23.0
0.0,6627.0,250.0,1758.0,5153.0,0.0,0.0,1230.0,528.0,198.0,52.0
0.0,11530.0,1885.0,1737.0,637.0,0.0,0.0,1217.0,520.0,1341.0,544.0
0.0,10282.0,3399.0,1774.0,0.0,213.0,213.0,1243.0,531.0,2378.0,1021.0
0.0,6883.0,3300.0,1833.0,0.0,3749.0,3749.0,1283.0,550.0,2287.0,1013.0
0.0,3583.0,1715.0,1855.0,213.0,5339.0,5339.0,1298.0,557.0,1180.0,535.0
0.0,2081.0,167.0,1818.0,3749.0,1609.0,1609.0,1272.0,546.0,119.0,48.0
0.0,5663.0,238.0,1758.0,5339.0,0.0,0.0,1230.0,528.0,188.0,50.0
0.0,10764.0,1999.0,1736.0,1609.0,0.0,0.0,1216.0,520.0,1420.0,579.0
0.0,10374.0,3659.0,1776.0,0.0,389.0,389.0,1244.0,532.0,2559.0,1100.0
0.0,6715.0,3593.0,1838.0,0.0,4230.0,4230.0,1287.0,551.0,2493.0,1100.0
0.0,3122.0,1781.0,1864.0,389.0,5726.0,5726.0,1304.0,560.0,1225.0,556.0
0.0,1730.0,25.0,1826.0,4230.0,1369.0,1369.0,1277.0,549.0,18.0,7.0
0.0,5935.0,68.0,1762.0,5726.0,0.0,0.0,1233.0,529.0,68.0,0.0
0.0,11593.0,1841.0,1738.0,1369.0,0.0,0.0,1217.0,521.0,1310.0,531.0
0.0,11121.0,3543.0,1776.0,0.0,0.0,0.0,1244.0,532.0,2482.0,1061.0
0.0,7578.0,3462.0,1842.0,0.0,3252.0,3252.0,1290.0,552.0,2404.0,1058.0
0.0,4116.0,1703.0,1869.0,0.0,5063.0,5063.0,1308.0,561.0,1169.0,534.0
0.0,2413.0,22.0,1832.0,3252.0,1685.0,1685.0,1282.0,550.0,13.0,9.0
0.0,5643.0,72.0,1766.0,5063.0,0.0,0.0,1236.0,530.0,70.0,2.0
0.0,10634.0,1884.0,1738.0,1685.0,0.0,0.0,1217.0,521.0,1341.0,543.0
0.0,10435.0,3682.0,1777.0,0.0,355.0,355.0,1245.0,532.0,2581.0,1101.0
0.0,6753.0,3713.0,1846.0,0.0,4344.0,4344.0,1293.0,553.0,2579.0,1134.0
0.0,3040.0,1898.0,1876.0,355.0,6007.0,6007.0,1313.0,563.0,1306.0,592.0
0.0,1497.0,87.0,1838.0,4344.0,1598.0,1598.0,1286.0,552.0,58.0,29.0
0.0,5754.0,54.0,1771.0,6007.0,0.0,0.0,1239.0,532.0,54.0,0.0
0.0,11707.0,1766.0,1743.0,1598.0,0.0,0.0,1220.0,523.0,1260.0,506.0
0.0,11539.0,3526.0,1783.0,0.0,0.0,0.0,1249.0,534.0,2474.0,1052.0
0.0,8013.0,3491.0,1849.0,0.0,2874.0,2874.0,1295.0,554.0,2426.0,1065.0
0.0,4522.0,1721.0,1878.0,0.0,4711.0,4711.0,1314.0,564.0,1181.0,540.0
0.0,2801.0,21.0,1840.0,2874.0,1706.0,1706.0,1287.0,553.0,10.0,11.0
0.0,5654.0,45.0,1772.0,4711.0,0.0,0.0,1240.0,532.0,45.0,0.0
0.0,10320.0,1891.0,1745.0,1706.0,0.0,0.0,1222.0,523.0,1347.0,544.0
0.0,10135.0,3671.0,1783.0,0.0,668.0,668.0,1249.0,534.0,2578.0,1093.0
0.0,6464.0,3671.0,1851.0,0.0,4611.0,4611.0,1296.0,555.0,2556.0,1115.0
0.0,2793.0,1860.0,1879.0,668.0,5915.0,5915.0,1315.0,564.0,1281.0,579.0
0.0,1601.0,123.0,1843.0,4611.0,1283.0,1283.0,1289.0,554.0,76.0,47.0
0.0,6089.0,147.0,1777.0,5915.0,0.0,0.0,1243.0,534.0,114.0,33.0
0.0,11857.0,1885.0,1750.0,1283.0,0.0,0.0,1225.0,525.0,1343.0,542.0
0.0,11255.0,3551.0,1790.0,0.0,0.0,0.0,1254.0,536.0,2498.0,1053.0
0.0,7704.0,3432.0,1856.0,0.0,3152.0,3152.0,1300.0,556.0,2391.0,1041.0
0.0,4272.0,1669.0,1885.0,0.0,4937.0,4937.0,1319.0,566.0,1143.0,526.0
0.0,2603.0,2.0,1845.0,3152.0,1627.0,1627.0,1291.0,554.0,0.0,2.0
0.0,5753.0,73.0,1778.0,4937.0,0.0,0.0,1244.0,534.0,62.0,11.0
0.0,10617.0,1912.0,1751.0,1627.0,0.0,0.0,1226.0,525.0,1353.0,559.0
0.0,10332.0,3675.0,1793.0,0.0,515.0,515.0,1256.0,537.0,2577.0,1098.0
0.0,6657.0,3631.0,1863.0,0.0,4426.0,4426.0,1305.0,558.0,2529.0,1102.0
0.0,3026.0,1816.0,1892.0,515.0,5843.0,5843.0,1324.0,568.0,1255.0,561.0
0.0,1725.0,96.0,1851.0,4426.0,1349.0,1349.0,1295.0,556.0,64.0,32.0
0.0,6055.0,135.0,1784.0,5843.0,0.0,0.0,1248.0,536.0,106.0,29.0
0.0,11763.0,1923.0,1758.0,1349.0,0.0,0.0,1231.0,527.0,1362.0,561.0
0.0,11189.0,3578.0,1796.0,0.0,0.0,0.0,1258.0,538.0,2509.0,1069.0
0.0,7611.0,3527.0,1863.0,0.0,3368.0,3368.0,1305.0,558.0,2456.0,1071.0
0.0,4084.0,1712.0,1891.0,0.0,5192.0,5192.0,1323.0,568.0,1182.0,530.0
0.0,2372.0,44.0,1856.0,3368.0,1728.0,1728.0,1298.0,558.0,27.0,17.0
0.0,5696.0,48.0,1791.0,5192.0,0.0,0.0,1253.0,538.0,48.0,0.0
0.0,10840.0,1821.0,1763.0,1728.0,0.0,0.0,1234.0,529.0,1290.0,531.0
0.0,10747.0,3583.0,1799.0,0.0,32.0,32.0,1260.0,539.0,2509.0,1074.0
0.0,7164.0,3593.0,1865.0,0.0,3889.0,3889.0,1306.0,559.0,2502.0,1091.0
0.0,3571.0,1892.0,1896.0,32.0,5873.0,5873.0,1327.0,569.0,1313.0,579.0
0.0,1711.0,176.0,1861.0,3889.0,2020.0,2020.0,1302.0,559.0,124.0,52.0
0.0,5424.0,256.0,1796.0,5873.0,0.0,0.0,1257.0,539.0,190.0,66.0
0.0,11041.0,1924.0,1764.0,2020.0,0.0,0.0,1235.0,529.0,1358.0,566.0
0.0,11137.0,3551.0,1798.0,0.0,0.0,0.0,1259.0,539.0,2486.0,1065.0
0.0,7586.0,3542.0,1865.0,0.0,3416.0,3416.0,1306.0,559.0,2467.0,1075.0
0.0,4044.0,1808.0,1899.0,0.0,5360.0,5360.0,1329.0,570.0,1253.0,555.0
0.0,2236.0,87.0,1865.0,3416.0,1895.0,1895.0,1305.0,560.0,62.0,25.0
0.0,5565.0,77.0,1799.0,5360.0,0.0,0.0,1259.0,540.0,68.0,9.0
0.0,10848.0,1723.0,1765.0,1895.0,0.0,0.0,1236.0,529.0,1219.0,504.0
0.0,11020.0,3394.0,1798.0,0.0,0.0,0.0,1259.0,539.0,2373.0,1021.0
0.0,7626.0,3448.0,1864.0,0.0,3278.0,3278.0,1305.0,559.0,2398.0,1050.0
0.0,4178.0,1889.0,1899.0,0.0,5307.0,5307.0,1329.0,570.0,1311.0,578.0
0.0,2289.0,396.0,1870.0,3278.0,2309.0,2309.0,1308.0,562.0,281.0,115.0
0.0,5171.0,474.0,1808.0,5307.0,0.0,0.0,1265.0,543.0,348.0,126.0
0.0,10004.0,2082.0,1777.0,2309.0,0.0,0.0,1244.0,533.0,1468.0,614.0
0.0,10231.0,3554.0,1809.0,0.0,559.0,559.0,1267.0,542.0,2483.0,1071.0
0.0,6677.0,3393.0,1872.0,0.0,4204.0,4204.0,1311.0,561.0,2361.0,1032.0
0.0,3284.0,1705.0,1904.0,559.0,5478.0,5478.0,1333.0,571.0,1184.0,521.0
0.0,2138.0,212.0,1874.0,4204.0,1366.0,1366.0,1311.0,563.0,151.0,61.0
0.0,6130.0,294.0,1812.0,5478.0,0.0,0.0,1268.0,544.0,218.0,76.0
0.0,11314.0,1951.0,1783.0,1366.0,0.0,0.0,1248.0,535.0,1374.0,577.0
0.0,10729.0,3477.0,1816.0,0.0,12.0,12.0,1272.0,544.0,2431.0,1046.0
0.0,7252.0,3292.0,1879.0,0.0,3556.0,3556.0,1316.0,563.0,2293.0,999.0
0.0,3960.0,1694.0,1910.0,12.0,5362.0,5362.0,1337.0,573.0,1177.0,517.0
0.0,2278.0,225.0,1879.0,3556.0,1907.0,1907.0,1315.0,564.0,162.0,63.0
0.0,5609.0,463.0,1817.0,5362.0,0.0,0.0,1272.0,545.0,336.0,127.0
0.0,10508.0,2242.0,1790.0,1907.0,0.0,0.0,1253.0,537.0,1579.0,663.0
0.0,10173.0,3731.0,1825.0,0.0,858.0,858.0,1278.0,547.0,2608.0,1123.0
0.0,6442.0,3423.0,1889.0,0.0,4537.0,4537.0,1323.0,566.0,2383.0,1040.0
0.0,3019.0,1588.0,1917.0,858.0,5379.0,5379.0,1342.0,575.0,1102.0,486.0
0.0,2289.0,59.0,1882.0,4537.0,761.0,761.0,1317.0,565.0,46.0,13.0
0.0,6767.0,379.0,1821.0,5379.0,0.0,0.0,1274.0,547.0,278.0,101.0
0.0,11767.0,2167.0,1796.0,761.0,0.0,0.0,1257.0,539.0,1526.0,641.0
0.0,10361.0,3569.0,1832.0,0.0,536.0,536.0,1283.0,549.0,2495.0,1074.0
0.0,6792.0,3241.0,1895.0,0.0,4029.0,4029.0,1327.0,568.0,2255.0,986.0
0.0,3551.0,1536.0,1923.0,536.0,5141.0,5141.0,1346.0,577.0,1066.0,470.0
0.0,2551.0,119.0,1889.0,4029.0,1095.0,1095.0,1322.0,567.0,88.0,31.0
0.0,6461.0,477.0,1827.0,5141.0,0.0,0.0,1279.0,548.0,346.0,131.0
0.0,11125.0,2187.0,1800.0,1095.0,0.0,0.0,1260.0,540.0,1541.0,646.0
0.0,10033.0,3600.0,1834.0,0.0,903.0,903.0,1284.0,550.0,2515.0,1085.0
0.0,6433.0,3387.0,1897.0,0.0,4542.0,4542.0,1328.0,569.0,2357.0,1030.0
0.0,3046.0,1730.0,1927.0,903.0,5489.0,5489.0,1349.0,578.0,1203.0,527.0
0.0,2219.0,282.0,1896.0,4542.0,1105.0,1105.0,1327.0,569.0,202.0,80.0
0.0,6479.0,449.0,1836.0,5489.0,0.0,0.0,1285.0,551.0,328.0,121.0
0.0,11519.0,2040.0,1807.0,1105.0,0.0,0.0,1265.0,542.0,1437.0,603.0
0.0,10584.0,3406.0,1840.0,0.0,182.0,182.0,1288.0,552.0,2378.0,1028.0
0.0,7178.0,3218.0,1901.0,0.0,3644.0,3644.0,1331.0,570.0,2237.0,981.0
0.0,3960.0,1640.0,1932.0,182.0,5226.0,5226.0,1352.0,580.0,1140.0,500.0
0.0,2502.0,307.0,1902.0,3644.0,1769.0,1769.0,1331.0,571.0,221.0,86.0
0.0,5839.0,564.0,1844.0,5226.0,0.0,0.0,1291.0,553.0,410.0,154.0
0.0,10501.0,2181.0,1817.0,1769.0,0.0,0.0,1272.0,545.0,1534.0,647.0
0.0,10089.0,3577.0,1850.0,0.0,888.0,888.0,1295.0,555.0,2497.0,1080.0
0.0,6512.0,3300.0,1910.0,0.0,4428.0,4428.0,1337.0,573.0,2297.0,1003.0
0.0,3212.0,1649.0,1936.0,888.0,5293.0,5293.0,1355.0,581.0,1147.0,502.0
0.0,2451.0,301.0,1905.0,4428.0,1042.0,1042.0,1333.0,572.0,218.0,83.0
0.0,6578.0,596.0,1849.0,5293.0,0.0,0.0,1294.0,555.0,430.0,166.0
0.0,11275.0,2194.0,1823.0,1042.0,0.0,0.0,1276.0,547.0,1541.0,653.0
0.0,10123.0,3473.0,1855.0,0.0,770.0,770.0,1299.0,556.0,2425.0,1048.0
0.0,6650.0,3106.0,1913.0,0.0,4108.0,4108.0,1339.0,574.0,2163.0,943.0
0.0,3544.0,1464.0,1939.0,770.0,4906.0,4906.0,1357.0,582.0,1020.0,444.0
0.0,2850.0,254.0,1911.0,4108.0,940.0,940.0,1337.0,574.0,184.0,70.0
0.0,6704.0,634.0,1859.0,4906.0,0.0,0.0,1301.0,558.0,454.0,180.0
0.0,10976.0,2241.0,1835.0,940.0,0.0,0.0,1285.0,550.0,1574.0,667.0
0.0,9675.0,3493.0,1865.0,0.0,1278.0,1278.0,1306.0,559.0,2440.0,1053.0
0.0,6182.0,3160.0,1919.0,0.0,4654.0,4654.0,1343.0,576.0,2202.0,958.0
0.0,3022.0,1653.0,1942.0,1278.0,5121.0,5121.0,1359.0,583.0,1152.0,501.0
0.0,2647.0,454.0,1910.0,4654.0,793.0,793.0,1337.0,573.0,323.0,131.0
0.0,6847.0,791.0,1857.0,5121.0,0.0,0.0,1300.0,557.0,564.0,227.0
0.0,11177.0,2248.0,1835.0,793.0,0.0,0.0,1285.0,550.0,1579.0,669.0
0.0,9722.0,3320.0,1866.0,0.0,1062.0,1062.0,1307.0,559.0,2319.0,1001.0
0.0,6402.0,2959.0,1919.0,0.0,4233.0,4233.0,1343.0,576.0,2061.0,898.0
0.0,3443.0,1493.0,1942.0,1062.0,4756.0,4756.0,1359.0,583.0,1038.0,455.0
0.0,3012.0,342.0,1911.0,4233.0,741.0,741.0,1337.0,574.0,244.0,98.0
0.0,6903.0,741.0,1859.0,4756.0,0.0,0.0,1301.0,558.0,529.0,212.0
0.0,10918.0,2206.0,1838.0,741.0,0.0,0.0,1287.0,551.0,1551.0,655.0
0.0,9453.0,3358.0,1869.0,0.0,1381.0,1381.0,1309.0,560.0,2347.0,1011.0
0.0,6095.0,3094.0,1924.0,0.0,4695.0,4695.0,1347.0,577.0,2154.0,940.0
0.0,3001.0,1655.0,1948.0,1381.0,5065.0,5065.0,1363.0,585.0,1150.0,505.0
0.0,2727.0,574.0,1915.0,4695.0,812.0,812.0,1340.0,575.0,406.0,168.0
0.0,6848.0,876.0,1860.0,5065.0,0.0,0.0,1302.0,558.0,626.0,250.0
0.0,11037.0,2244.0,1838.0,812.0,0.0,0.0,1287.0,551.0,1579.0,665.0
0.0,9605.0,3278.0,1871.0,0.0,1157.0,1157.0,1310.0,561.0,2290.0,988.0
0.0,6327.0,2986.0,1927.0,0.0,4367.0,4367.0,1349.0,578.0,2079.0,907.0
0.0,3341.0,1540.0,1949.0,1157.0,4838.0,4838.0,1364.0,585.0,1070.0,470.0
0.0,2958.0,417.0,1915.0,4367.0,752.0,752.0,1340.0,575.0,295.0,122.0
0.0,6908.0,719.0,1860.0,4838.0,0.0,0.0,1302.0,558.0,516.0,203.0
0.0,11027.0,2090.0,1838.0,752.0,0.0,0.0,1287.0,551.0,1471.0,619.0
0.0,9689.0,3236.0,1871.0,0.0,1031.0,1031.0,1310.0,561.0,2262.0,974.0
0.0,6453.0,3073.0,1928.0,0.0,4332.0,4332.0,1350.0,578.0,2138.0,935.0
0.0,3380.0,1751.0,1952.0,1031.0,5148.0,5148.0,1366.0,586.0,1216.0,535.0
0.0,2660.0,676.0,1924.0,4332.0,1380.0,1380.0,1346.0,578.0,476.0,200.0
0.0,6316.0,899.0,1872.0,5148.0,0.0,0.0,1310.0,562.0,643.0,256.0
0.0,10565.0,2183.0,1848.0,1380.0,0.0,0.0,1294.0,554.0,1539.0,644.0
0.0,9762.0,3262.0,1878.0,0.0,1012.0,1012.0,1315.0,563.0,2282.0,980.0
0.0,6500.0,3080.0,1931.0,0.0,4304.0,4304.0,1352.0,579.0,2142.0,938.0
0.0,3420.0,1775.0,1958.0,1012.0,5175.0,5175.0,1370.0,588.0,1230.0,545.0
0.0,2657.0,646.0,1931.0,4304.0,1409.0,1409.0,1351.0,580.0,452.0,194.0
0.0,6315.0,775.0,1880.0,5175.0,0.0,0.0,1316.0,564.0,557.0,218.0
0.0,10715.0,2002.0,1856.0,1409.0,0.0,0.0,1300.0,556.0,1416.0,586.0
0.0,10122.0,3090.0,1885.0,0.0,508.0,508.0,1320.0,565.0,2163.0,927.0
0.0,7032.0,2921.0,1934.0,0.0,3625.0,3625.0,1354.0,580.0,2030.0,891.0
0.0,4111.0,1700.0,1956.0,508.0,4905.0,4905.0,1369.0,587.0,1174.0,526.0
0.0,2919.0,749.0,1929.0,3625.0,1921.0,1921.0,1350.0,579.0,524.0,225.0
0.0,5795.0,982.0,1879.0,4905.0,0.0,0.0,1315.0,564.0,703.0,279.0
0.0,9718.0,2157.0,1857.0,1921.0,0.0,0.0,1300.0,557.0,1526.0,631.0
0.0,9482.0,3149.0,1886.0,0.0,1211.0,1211.0,1321.0,565.0,2203.0,946.0
0.0,6333.0,2974.0,1937.0,0.0,4389.0,4389.0,1356.0,581.0,2064.0,910.0
0.0,3359.0,1799.0,1961.0,1211.0,5073.0,5073.0,1372.0,589.0,1244.0,555.0
0.0,2771.0,738.0,1932.0,4389.0,1306.0,1306.0,1352.0,580.0,519.0,219.0
0.0,6422.0,906.0,1883.0,5073.0,0.0,0.0,1318.0,565.0,650.0,256.0
0.0,10589.0,2074.0,1864.0,1306.0,0.0,0.0,1305.0,559.0,1466.0,608.0
0.0,9821.0,3028.0,1894.0,0.0,783.0,783.0,1326.0,568.0,2118.0,910.0
0.0,6793.0,2876.0,1944.0,0.0,3859.0,3859.0,1361.0,583.0,1999.0,877.0
0.0,3917.0,1738.0,1965.0,783.0,4898.0,4898.0,1375.0,590.0,1201.0,537.0
0.0,2962.0,706.0,1935.0,3859.0,1625.0,1625.0,1354.0,581.0,493.0,213.0
0.0,6115.0,902.0,1886.0,4898.0,0.0,0.0,1320.0,566.0,647.0,255.0
0.0,10111.0,2132.0,1865.0,1625.0,0.0,0.0,1306.0,559.0,1509.0,623.0
0.0,9604.0,3217.0,1896.0,0.0,1197.0,1197.0,1328.0,568.0,2253.0,964.0
0.0,6387.0,3066.0,1946.0,0.0,4463.0,4463.0,1362.0,584.0,2132.0,934.0
0.0,3321.0,1852.0,1966.0,1197.0,5198.0,5198.0,1376.0,590.0,1281.0,571.0
0.0,2666.0,790.0,1938.0,4463.0,1413.0,1413.0,1356.0,582.0,550.0,240.0
0.0,6339.0,825.0,1890.0,5198.0,0.0,0.0,1323.0,567.0,590.0,235.0
0.0,10712.0,1998.0,1872.0,1413.0,0.0,0.0,1311.0,561.0,1415.0,583.0
0.0,10127.0,3061.0,1902.0,0.0,542.0,542.0,1332.0,570.0,2148.0,913.0
0.0,7066.0,2930.0,1951.0,0.0,3668.0,3668.0,1366.0,585.0,2037.0,893.0
0.0,4136.0,1799.0,1972.0,542.0,5009.0,5009.0,1380.0,592.0,1241.0,558.0
0.0,2879.0,750.0,1944.0,3668.0,1979.0,1979.0,1360.0,584.0,522.0,228.0
0.0,5797.0,864.0,1896.0,5009.0,0.0,0.0,1327.0,569.0,617.0,247.0
0.0,9942.0,2062.0,1877.0,1979.0,0.0,0.0,1314.0,563.0,1459.0,603.0
0.0,9859.0,3128.0,1905.0,0.0,889.0,889.0,1334.0,571.0,2193.0,935.0
0.0,6731.0,3117.0,1954.0,0.0,4202.0,4202.0,1368.0,586.0,2171.0,946.0
0.0,3614.0,2034.0,1976.0,889.0,5435.0,5435.0,1383.0,593.0,1411.0,623.0
0.0,2469.0,891.0,1950.0,4202.0,2020.0,2020.0,1364.0,586.0,619.0,272.0
0.0,5780.0,834.0,1903.0,5435.0,0.0,0.0,1332.0,571.0,593.0,241.0
0.0,10381.0,1909.0,1882.0,2020.0,0.0,0.0,1318.0,564.0,1350.0,559.0
0.0,10492.0,3054.0,1911.0,0.0,206.0,206.0,1338.0,573.0,2142.0,912.0
0.0,7438.0,3092.0,1963.0,0.0,3506.0,3506.0,1374.0,589.0,2156.0,936.0
0.0,4346.0,1914.0,1986.0,206.0,5306.0,5306.0,1390.0,596.0,1328.0,586.0
0.0,2638.0,700.0,1959.0,3506.0,2392.0,2392.0,1371.0,588.0,485.0,215.0
0.0,5444.0,642.0,1909.0,5306.0,0.0,0.0,1336.0,573.0,456.0,186.0
0.0,10108.0,1838.0,1885.0,2392.0,0.0,0.0,1320.0,565.0,1297.0,541.0
0.0,10662.0,3170.0,1912.0,0.0,156.0,156.0,1339.0,573.0,2224.0,946.0
0.0,7492.0,3329.0,1964.0,0.0,3693.0,3693.0,1375.0,589.0,2325.0,1004.0
0.0,4163.0,2143.0,1987.0,156.0,5772.0,5772.0,1391.0,596.0,1491.0,652.0
0.0,2176.0,752.0,1961.0,3693.0,2727.0,2727.0,1372.0,589.0,521.0,231.0
0.0,5117.0,617.0,1909.0,5772.0,0.0,0.0,1336.0,573.0,437.0,180.0
0.0,10272.0,1861.0,1886.0,2727.0,0.0,0.0,1320.0,566.0,1313.0,548.0
0.0,11138.0,3210.0,1914.0,0.0,0.0,0.0,1340.0,574.0,2252.0,958.0
0.0,7928.0,3243.0,1964.0,0.0,3171.0,3171.0,1375.0,589.0,2264.0,979.0
0.0,4685.0,1953.0,1986.0,0.0,5212.0,5212.0,1390.0,596.0,1357.0,596.0
0.0,2732.0,582.0,1958.0,3171.0,2511.0,2511.0,1370.0,588.0,403.0,179.0
0.0,5321.0,518.0,1909.0,5212.0,0.0,0.0,1336.0,573.0,368.0,150.0
0.0,10015.0,1785.0,1887.0,2511.0,0.0,0.0,1321.0,566.0,1259.0,526.0
0.0,10741.0,3184.0,1915.0,0.0,103.0,103.0,1341.0,574.0,2231.0,953.0
0.0,7557.0,3356.0,1966.0,0.0,3663.0,3663.0,1376.0,590.0,2341.0,1015.0
0.0,4201.0,2165.0,1989.0,103.0,5817.0,5817.0,1392.0,597.0,1506.0,659.0
0.0,2139.0,790.0,1962.0,3663.0,2836.0,2836.0,1373.0,589.0,553.0,237.0
0.0,5012.0,639.0,1915.0,5817.0,0.0,0.0,1340.0,575.0,458.0,181.0
0.0,10190.0,1846.0,1893.0,2836.0,0.0,0.0,1325.0,568.0,1300.0,546.0
0.0,11180.0,3231.0,1920.0,0.0,0.0,0.0,1344.0,576.0,2259.0,972.0
0.0,7949.0,3421.0,1971.0,0.0,3356.0,3356.0,1380.0,591.0,2387.0,1034.0
0.0,4528.0,2106.0,1995.0,0.0,5558.0,5558.0,1396.0,599.0,1468.0,638.0
0.0,2422.0,631.0,1967.0,3356.0,2721.0,2721.0,1376.0,591.0,444.0,187.0
0.0,5147.0,421.0,1916.0,5558.0,0.0,0.0,1341.0,575.0,300.0,121.0
0.0,10284.0,1730.0,1894.0,2721.0,0.0,0.0,1326.0,568.0,1215.0,515.0
0.0,11275.0,3213.0,1924.0,0.0,0.0,0.0,1347.0,577.0,2248.0,965.0
0.0,8062.0,3421.0,1975.0,0.0,3259.0,3259.0,1383.0,592.0,2391.0,1030.0
0.0,4641.0,2141.0,1999.0,0.0,5496.0,5496.0,1399.0,600.0,1496.0,645.0
0.0,2500.0,626.0,1970.0,3259.0,2747.0,2747.0,1379.0,591.0,439.0,187.0
0.0,5133.0,492.0,1918.0,5496.0,0.0,0.0,1342.0,576.0,348.0,144.0
0.0,10137.0,1984.0,1897.0,2747.0,0.0,0.0,1328.0,569.0,1391.0,593.0
0.0,10900.0,3526.0,1929.0,0.0,342.0,342.0,1351.0,578.0,2467.0,1059.0
0.0,7374.0,3538.0,1982.0,0.0,4092.0,4092.0,1388.0,594.0,2473.0,1065.0
0.0,3836.0,2004.0,2004.0,342.0,5842.0,5842.0,1403.0,601.0,1399.0,605.0
0.0,2174.0,353.0,1973.0,4092.0,1979.0,1979.0,1381.0,592.0,250.0,103.0
0.0,5913.0,254.0,1919.0,5842.0,0.0,0.0,1343.0,576.0,182.0,72.0
0.0,11501.0,1815.0,1897.0,1979.0,0.0,0.0,1328.0,569.0,1272.0,543.0
0.0,11665.0,3455.0,1930.0,0.0,0.0,0.0,1351.0,579.0,2416.0,1039.0
0.0,8210.0,3541.0,1983.0,0.0,3263.0,3263.0,1388.0,595.0,2475.0,1066.0
0.0,4669.0,2029.0,2006.0,0.0,5384.0,5384.0,1404.0,602.0,1420.0,609.0
0.0,2640.0,432.0,1974.0,3263.0,2425.0,2425.0,1382.0,592.0,306.0,126.0
0.0,5471.0,396.0,1922.0,5384.0,0.0,0.0,1345.0,577.0,282.0,114.0
0.0,10459.0,1937.0,1899.0,2425.0,0.0,0.0,1329.0,570.0,1356.0,581.0
0.0,10947.0,3624.0,1930.0,0.0,397.0,397.0,1351.0,579.0,2532.0,1092.0
0.0,7323.0,3715.0,1984.0,0.0,4328.0,4328.0,1389.0,595.0,2597.0,1118.0
0.0,3608.0,2057.0,2007.0,397.0,6080.0,6080.0,1405.0,602.0,1441.0,616.0
0.0,1948.0,322.0,1977.0,4328.0,1954.0,1954.0,1384.0,593.0,230.0,92.0
0.0,5954.0,263.0,1923.0,6080.0,0.0,0.0,1346.0,577.0,185.0,78.0
0.0,11771.0,1924.0,1900.0,1954.0,0.0,0.0,1330.0,570.0,1344.0,580.0
0.0,11801.0,3643.0,1934.0,0.0,0.0,0.0,1354.0,580.0,2548.0,1095.0
0.0,8158.0,3588.0,1990.0,0.0,3390.0,3390.0,1393.0,597.0,2512.0,1076.0
0.0,4570.0,1924.0,2014.0,0.0,5410.0,5410.0,1410.0,604.0,1349.0,575.0
0.0,2646.0,272.0,1984.0,3390.0,2172.0,2172.0,1389.0,595.0,192.0,80.0
0.0,5764.0,274.0,1929.0,5410.0,0.0,0.0,1350.0,579.0,191.0,83.0
0.0,10900.0,1991.0,1903.0,2172.0,0.0,0.0,1332.0,571.0,1391.0,600.0
0.0,11081.0,3731.0,1933.0,0.0,382.0,382.0,1353.0,580.0,2610.0,1121.0
0.0,7350.0,3838.0,1993.0,0.0,4460.0,4460.0,1395.0,598.0,2687.0,1151.0
0.0,3512.0,2181.0,2023.0,382.0,6379.0,6379.0,1416.0,607.0,1530.0,651.0
0.0,1713.0,377.0,1994.0,4460.0,2180.0,2180.0,1396.0,598.0,264.0,113.0
0.0,5796.0,241.0,1937.0,6379.0,0.0,0.0,1356.0,581.0,167.0,74.0
0.0,11934.0,1801.0,1909.0,2180.0,0.0,0.0,1336.0,573.0,1260.0,541.0
0.0,12313.0,3472.0,1938.0,0.0,0.0,0.0,1357.0,581.0,2431.0,1041.0
0.0,8841.0,3628.0,1997.0,0.0,2775.0,2775.0,1398.0,599.0,2539.0,1089.0
0.0,5213.0,2086.0,2027.0,0.0,4981.0,4981.0,1419.0,608.0,1459.0,627.0
0.0,3127.0,364.0,2000.0,2775.0,2462.0,2462.0,1400.0,600.0,255.0,109.0
0.0,5538.0,292.0,1944.0,4981.0,0.0,0.0,1361.0,583.0,204.0,88.0
0.0,10227.0,1951.0,1917.0,2462.0,0.0,0.0,1342.0,575.0,1366.0,585.0
0.0,10738.0,3683.0,1947.0,0.0,733.0,733.0,1363.0,584.0,2580.0,1103.0
0.0,7055.0,3728.0,2003.0,0.0,4685.0,4685.0,1402.0,601.0,2611.0,1117.0
0.0,3327.0,2106.0,2031.0,733.0,6170.0,6170.0,1422.0,609.0,1471.0,635.0
0.0,1954.0,424.0,2003.0,4685.0,1797.0,1797.0,1402.0,601.0,293.0,131.0
0.0,6215.0,355.0,1949.0,6170.0,0.0,0.0,1364.0,585.0,248.0,107.0
0.0,12030.0,2011.0,1921.0,1797.0,0.0,0.0,1345.0,576.0,1412.0,599.0
0.0,11816.0,3600.0,1950.0,0.0,0.0,0.0,1365.0,585.0,2525.0,1075.0
0.0,8216.0,3545.0,2006.0,0.0,3353.0,3353.0,1404.0,602.0,2482.0,1063.0
0.0,4671.0,1835.0,2033.0,0.0,5296.0,5296.0,1423.0,610.0,1280.0,555.0
0.0,2836.0,211.0,2004.0,3353.0,2038.0,2038.0,1403.0,601.0,143.0,68.0
0.0,5978.0,315.0,1949.0,5296.0,0.0,0.0,1364.0,585.0,219.0,96.0
0.0,10959.0,2087.0,1923.0,2038.0,0.0,0.0,1346.0,577.0,1464.0,623.0
0.0,10910.0,3782.0,1954.0,0.0,688.0,688.0,1368.0,586.0,2653.0,1129.0
0.0,7128.0,3773.0,2014.0,0.0,4701.0,4701.0,1410.0,604.0,2643.0,1130.0
0.0,3355.0,2034.0,2044.0,688.0,6167.0,6167.0,1431.0,613.0,1421.0,613.0
0.0,2009.0,331.0,2013.0,4701.0,1673.0,1673.0,1409.0,604.0,226.0,105.0
0.0,6379.0,388.0,1952.0,6167.0,0.0,0.0,1366.0,586.0,270.0,118.0
0.0,12158.0,2087.0,1924.0,1673.0,0.0,0.0,1347.0,577.0,1462.0,625.0
0.0,11744.0,3730.0,1957.0,0.0,0.0,0.0,1370.0,587.0,2615.0,1115.0
0.0,8014.0,3686.0,2021.0,0.0,3756.0,3756.0,1415.0,606.0,2583.0,1103.0
0.0,4328.0,1862.0,2053.0,0.0,5746.0,5746.0,1437.0,616.0,1302.0,560.0
0.0,2466.0,25.0,2019.0,3756.0,1879.0,1879.0,1413.0,606.0,15.0,10.0
0.0,6197.0,94.0,1953.0,5746.0,0.0,0.0,1367.0,586.0,63.0,31.0
0.0,11849.0,2015.0,1924.0,1879.0,0.0,0.0,1347.0,577.0,1410.0,605.0
0.0,11713.0,3914.0,1960.0,0.0,41.0,41.0,1372.0,588.0,2743.0,1171.0
0.0,7799.0,3923.0,2027.0,0.0,4232.0,4232.0,1419.0,608.0,2748.0,1175.0
0.0,3876.0,2011.0,2059.0,41.0,6330.0,6330.0,1441.0,618.0,1406.0,605.0
0.0,1906.0,170.0,2025.0,4232.0,2132.0,2132.0,1417.0,608.0,117.0,53.0
0.0,5968.0,213.0,1959.0,6330.0,0.0,0.0,1371.0,588.0,149.0,64.0
0.0,12085.0,2145.0,1929.0,2132.0,0.0,0.0,1350.0,579.0,1505.0,640.0
0.0,12072.0,4007.0,1967.0,0.0,0.0,0.0,1377.0,590.0,2807.0,1200.0
0.0,8065.0,3774.0,2033.0,0.0,3841.0,3841.0,1423.0,610.0,2639.0,1135.0
0.0,4291.0,1751.0,2062.0,0.0,5708.0,5708.0,1443.0,619.0,1221.0,530.0
0.0,2540.0,0.0,2024.0,3841.0,1715.0,1715.0,1417.0,607.0,0.0,0.0
0.0,6381.0,176.0,1957.0,5708.0,0.0,0.0,1370.0,587.0,126.0,50.0
0.0,11913.0,2094.0,1929.0,1715.0,0.0,0.0,1350.0,579.0,1470.0,624.0
0.0,11534.0,3876.0,1967.0,0.0,210.0,210.0,1377.0,590.0,2715.0,1161.0
0.0,7658.0,3729.0,2033.0,0.0,4203.0,4203.0,1423.0,610.0,2608.0,1121.0
0.0,3929.0,1830.0,2063.0,210.0,5943.0,5943.0,1444.0,619.0,1278.0,552.0
0.0,2309.0,111.0,2027.0,4203.0,1707.0,1707.0,1419.0,608.0,77.0,34.0
0.0,6401.0,310.0,1961.0,5943.0,0.0,0.0,1373.0,588.0,219.0,91.0
0.0,12034.0,2275.0,1931.0,1707.0,0.0,0.0,1352.0,579.0,1595.0,680.0
0.0,11466.0,4042.0,1967.0,0.0,444.0,444.0,1377.0,590.0,2830.0,1212.0
0.0,7424.0,3868.0,2034.0,0.0,4580.0,4580.0,1424.0,610.0,2704.0,1164.0
0.0,3556.0,1838.0,2065.0,444.0,6098.0,6098.0,1445.0,620.0,1281.0,557.0
0.0,2162.0,0.0,2030.0,4580.0,1378.0,1378.0,1421.0,609.0,0.0,0.0
0.0,6742.0,67.0,1964.0,6098.0,0.0,0.0,1375.0,589.0,53.0,14.0
0.0,12773.0,2002.0,1933.0,1378.0,0.0,0.0,1353.0,580.0,1406.0,596.0
0.0,12149.0,3946.0,1969.0,0.0,0.0,0.0,1378.0,591.0,2762.0,1184.0
0.0,8203.0,3979.0,2039.0,0.0,3932.0,3932.0,1427.0,612.0,2780.0,1199.0
0.0,4224.0,2053.0,2073.0,0.0,6121.0,6121.0,1451.0,622.0,1432.0,621.0
0.0,2171.0,34.0,2036.0,3932.0,2075.0,2075.0,1425.0,611.0,24.0,10.0
0.0,6069.0,28.0,1966.0,6121.0,0.0,0.0,1376.0,590.0,25.0,3.0
0.0,12162.0,2169.0,1936.0,2075.0,0.0,0.0,1355.0,581.0,1523.0,646.0
0.0,12068.0,4268.0,1977.0,0.0,108.0,108.0,1384.0,593.0,2988.0,1280.0
0.0,7800.0,4160.0,2048.0,0.0,4552.0,4552.0,1434.0,614.0,2908.0,1252.0
0.0,3640.0,1935.0,2079.0,108.0,6503.0,6503.0,1455.0,624.0,1350.0,585.0
0.0,1813.0,0.0,2040.0,4552.0,1795.0,1795.0,1428.0,612.0,0.0,0.0
0.0,6365.0,0.0,1972.0,6503.0,0.0,0.0,1380.0,592.0,0.0,0.0
0.0,12868.0,1808.0,1937.0,1795.0,0.0,0.0,1356.0,581.0,1270.0,538.0
0.0,12855.0,3843.0,1977.0,0.0,0.0,0.0,1384.0,593.0,2694.0,1149.0
0.0,9012.0,4042.0,2050.0,0.0,3230.0,3230.0,1435.0,615.0,2827.0,1215.0
0.0,4970.0,2119.0,2084.0,0.0,5485.0,5485.0,1459.0,625.0,1477.0,642.0
0.0,2851.0,78.0,2046.0,3230.0,2181.0,2181.0,1432.0,614.0,51.0,27.0
0.0,6003.0,86.0,1975.0,5485.0,0.0,0.0,1382.0,593.0,65.0,21.0
0.0,11402.0,2062.0,1942.0,2181.0,0.0,0.0,1359.0,583.0,1452.0,610.0
0.0,11521.0,4120.0,1983.0,0.0,531.0,531.0,1388.0,595.0,2886.0,1234.0
0.0,7401.0,4149.0,2056.0,0.0,4972.0,4972.0,1439.0,617.0,2898.0,1251.0
0.0,3252.0,2119.0,2089.0,531.0,6692.0,6692.0,1462.0,627.0,1475.0,644.0
0.0,1664.0,57.0,2050.0,4972.0,1621.0,1621.0,1435.0,615.0,39.0,18.0
0.0,6579.0,33.0,1979.0,6692.0,0.0,0.0,1385.0,594.0,29.0,4.0
0.0,13238.0,2023.0,1947.0,1621.0,0.0,0.0,1363.0,584.0,1423.0,600.0
0.0,12836.0,3950.0,1987.0,0.0,0.0,0.0,1391.0,596.0,2767.0,1183.0
0.0,8886.0,3978.0,2063.0,0.0,3344.0,3344.0,1444.0,619.0,2779.0,1199.0
0.0,4908.0,1999.0,2100.0,0.0,5491.0,5491.0,1470.0,630.0,1393.0,606.0
0.0,2909.0,69.0,2062.0,3344.0,2064.0,2064.0,1443.0,619.0,46.0,23.0
0.0,6184.0,15.0,1987.0,5491.0,0.0,0.0,1391.0,596.0,13.0,2.0
0.0,11660.0,1956.0,1950.0,2064.0,0.0,0.0,1365.0,585.0,1374.0,582.0
0.0,11768.0,3985.0,1987.0,0.0,165.0,165.0,1391.0,596.0,2793.0,1192.0
0.0,7783.0,4155.0,2064.0,0.0,4628.0,4628.0,1445.0,619.0,2907.0,1248.0
0.0,3628.0,2287.0,2104.0,165.0,6910.0,6910.0,1473.0,631.0,1597.0,690.0
0.0,1506.0,282.0,2068.0,4628.0,2420.0,2420.0,1447.0,621.0,193.0,89.0
0.0,5852.0,109.0,1993.0,6910.0,0.0,0.0,1395.0,598.0,76.0,33.0
0.0,12653.0,1942.0,1957.0,2420.0,0.0,0.0,1370.0,587.0,1364.0,578.0
0.0,13131.0,3879.0,1998.0,0.0,0.0,0.0,1399.0,599.0,2721.0,1158.0
0.0,9252.0,3972.0,2075.0,0.0,3020.0,3020.0,1453.0,622.0,2780.0,1192.0
0.0,5280.0,2059.0,2111.0,0.0,5223.0,5223.0,1478.0,633.0,1434.0,625.0
0.0,3221.0,88.0,2073.0,3020.0,2139.0,2139.0,1451.0,622.0,56.0,32.0
0.0,6153.0,70.0,1999.0,5223.0,0.0,0.0,1399.0,600.0,49.0,21.0
0.0,11306.0,2056.0,1967.0,2139.0,0.0,0.0,1377.0,590.0,1447.0,609.0
0.0,11389.0,3992.0,2009.0,0.0,639.0,639.0,1406.0,603.0,2802.0,1190.0
0.0,7397.0,4040.0,2084.0,0.0,4979.0,4979.0,1459.0,625.0,2827.0,1213.0
0.0,3357.0,2144.0,2120.0,639.0,6628.0,6628.0,1484.0,636.0,1492.0,652.0
0.0,1852.0,235.0,2080.0,4979.0,1724.0,1724.0,1456.0,624.0,155.0,80.0
0.0,6596.0,192.0,2006.0,6628.0,0.0,0.0,1404.0,602.0,134.0,58.0
0.0,13032.0,2083.0,1972.0,1724.0,0.0,0.0,1380.0,592.0,1468.0,615.0
0.0,12673.0,3992.0,2014.0,0.0,0.0,0.0,1410.0,604.0,2806.0,1186.0
0.0,8681.0,3923.0,2089.0,0.0,3598.0,3598.0,1463.0,626.0,2748.0,1175.0
0.0,4758.0,1977.0,2126.0,0.0,5723.0,5723.0,1488.0,638.0,1374.0,603.0
0.0,2781.0,69.0,2089.0,3598.0,2046.0,2046.0,1462.0,627.0,38.0,31.0
0.0,6310.0,122.0,2015.0,5723.0,0.0,0.0,1410.0,605.0,82.0,40.0
0.0,11911.0,2092.0,1979.0,2046.0,0.0,0.0,1385.0,594.0,1471.0,621.0
0.0,11865.0,4040.0,2017.0,0.0,243.0,243.0,1412.0,605.0,2839.0,1201.0
0.0,7825.0,4006.0,2094.0,0.0,4557.0,4557.0,1466.0,628.0,2810.0,1196.0
0.0,3819.0,2103.0,2133.0,243.0,6573.0,6573.0,1493.0,640.0,1465.0,638.0
0.0,1959.0,236.0,2096.0,4557.0,2104.0,2104.0,1467.0,629.0,152.0,84.0
0.0,6280.0,287.0,2019.0,6573.0,0.0,0.0,1413.0,606.0,195.0,92.0
0.0,12566.0,2191.0,1982.0,2104.0,0.0,0.0,1387.0,595.0,1542.0,649.0
0.0,12479.0,3995.0,2021.0,0.0,0.0,0.0,1415.0,606.0,2809.0,1186.0
0.0,8484.0,3870.0,2095.0,0.0,3766.0,3766.0,1467.0,628.0,2713.0,1157.0
0.0,4614.0,1970.0,2134.0,0.0,5892.0,5892.0,1494.0,640.0,1370.0,600.0
0.0,2644.0,80.0,2100.0,3766.0,2070.0,2070.0,1470.0,630.0,43.0,37.0
0.0,6330.0,85.0,2028.0,5892.0,0.0,0.0,1419.0,609.0,57.0,28.0
0.0,12137.0,2008.0,1989.0,2070.0,0.0,0.0,1392.0,597.0,1416.0,592.0
0.0,12199.0,3954.0,2024.0,0.0,0.0,0.0,1417.0,607.0,2780.0,1174.0
0.0,8245.0,3986.0,2100.0,0.0,4141.0,4141.0,1470.0,630.0,2792.0,1194.0
0.0,4259.0,2090.0,2138.0,0.0,6383.0,6383.0,1497.0,641.0,1451.0,639.0
0.0,2169.0,215.0,2102.0,4141.0,2313.0,2313.0,1471.0,631.0,138.0,77.0
0.0,6095.0,285.0,2029.0,6383.0,0.0,0.0,1420.0,609.0,199.0,86.0
0.0,12193.0,2259.0,1993.0,2313.0,0.0,0.0,1395.0,598.0,1593.0,666.0
0.0,12247.0,4118.0,2031.0,0.0,0.0,0.0,1422.0,609.0,2895.0,1223.0
0.0,8129.0,3986.0,2107.0,0.0,4285.0,4285.0,1475.0,632.0,2792.0,1194.0
0.0,4143.0,1923.0,2143.0,0.0,6352.0,6352.0,1500.0,643.0,1334.0,589.0
0.0,2220.0,15.0,2105.0,4285.0,1930.0,1930.0,1473.0,632.0,0.0,15.0
0.0,6490.0,126.0,2031.0,6352.0,0.0,0.0,1421.0,610.0,86.0,40.0
0.0,12716.0,2157.0,1996.0,1930.0,0.0,0.0,1397.0,599.0,1518.0,639.0
0.0,12489.0,4012.0,2034.0,0.0,0.0,0.0,1424.0,610.0,2819.0,1193.0
0.0,8477.0,3800.0,2106.0,0.0,3747.0,3747.0,1474.0,632.0,2664.0,1136.0
0.0,4677.0,1813.0,2140.0,0.0,5696.0,5696.0,1498.0,642.0,1261.0,552.0
0.0,2864.0,53.0,2104.0,3747.0,1858.0,1858.0,1473.0,631.0,25.0,28.0
0.0,6558.0,348.0,2034.0,5696.0,0.0,0.0,1423.0,611.0,241.0,107.0
0.0,11906.0,2454.0,2002.0,1858.0,0.0,0.0,1401.0,601.0,1727.0,727.0
0.0,11310.0,4247.0,2039.0,0.0,1093.0,1093.0,1427.0,612.0,2983.0,1264.0
0.0,7063.0,3906.0,2108.0,0.0,5275.0,5275.0,1476.0,632.0,2737.0,1169.0
0.0,3157.0,1742.0,2140.0,1093.0,6052.0,6052.0,1498.0,642.0,1212.0,530.0
0.0,2508.0,0.0,2103.0,5275.0,629.0,629.0,1472.0,631.0,0.0,0.0
0.0,7783.0,231.0,2033.0,6052.0,0.0,0.0,1423.0,610.0,159.0,72.0
0.0,13604.0,2235.0,1999.0,629.0,0.0,0.0,1399.0,600.0,1562.0,673.0
0.0,11998.0,4081.0,2039.0,0.0,239.0,239.0,1427.0,612.0,2855.0,1226.0
0.0,7917.0,3942.0,2113.0,0.0,4477.0,4477.0,1479.0,634.0,2761.0,1181.0
0.0,3975.0,1915.0,2148.0,239.0,6293.0,6293.0,1504.0,644.0,1345.0,570.0
0.0,2299.0,0.0,2108.0,4477.0,1656.0,1656.0,1476.0,632.0,0.0,0.0
0.0,6776.0,191.0,2035.0,6293.0,0.0,0.0,1424.0,611.0,130.0,61.0
0.0,12878.0,2345.0,2002.0,1656.0,0.0,0.0,1401.0,601.0,1639.0,706.0
0.0,12189.0,4302.0,2044.0,0.0,289.0,289.0,1431.0,613.0,3014.0,1288.0
0.0,7887.0,4140.0,2120.0,0.0,4733.0,4733.0,1484.0,636.0,2900.0,1240.0
0.0,3747.0,2040.0,2154.0,289.0,6620.0,6620.0,1508.0,646.0,1430.0,610.0
0.0,1996.0,0.0,2114.0,4733.0,1727.0,1727.0,1480.0,634.0,0.0,0.0
0.0,6729.0,28.0,2039.0,6620.0,0.0,0.0,1427.0,612.0,16.0,12.0
0.0,13321.0,2056.0,2002.0,1727.0,0.0,0.0,1401.0,601.0,1436.0,620.0
0.0,12992.0,4068.0,2043.0,0.0,0.0,0.0,1430.0,613.0,2848.0,1220.0
0.0,8924.0,4036.0,2119.0,0.0,3588.0,3588.0,1483.0,636.0,2830.0,1206.0
0.0,4888.0,2040.0,2155.0,0.0,5772.0,5772.0,1509.0,646.0,1432.0,608.0
0.0,2848.0,38.0,2117.0,3588.0,2070.0,2070.0,1482.0,635.0,26.0,12.0
0.0,6398.0,115.0,2040.0,5772.0,0.0,0.0,1428.0,612.0,77.0,38.0
0.0,12055.0,2168.0,2005.0,2070.0,0.0,0.0,1403.0,602.0,1512.0,656.0
0.0,11957.0,4181.0,2046.0,0.0,408.0,408.0,1432.0,614.0,2925.0,1256.0
0.0,7776.0,4190.0,2121.0,0.0,4898.0,4898.0,1485.0,636.0,2938.0,1252.0
0.0,3586.0,2148.0,2157.0,408.0,6782.0,6782.0,1510.0,647.0,1509.0,639.0
0.0,1846.0,132.0,2118.0,4898.0,1860.0,1860.0,1483.0,635.0,94.0,38.0
0.0,6612.0,121.0,2043.0,6782.0,0.0,0.0,1430.0,613.0,82.0,39.0
0.0,13273.0,2096.0,2009.0,1860.0,0.0,0.0,1406.0,603.0,1463.0,633.0
0.0,13037.0,4076.0,2050.0,0.0,0.0,0.0,1435.0,615.0,2849.0,1227.0
0.0,8961.0,4020.0,2126.0,0.0,3563.0,3563.0,1488.0,638.0,2815.0,1205.0
0.0,4941.0,1991.0,2162.0,0.0,5698.0,5698.0,1514.0,648.0,1400.0,591.0
0.0,2950.0,29.0,2124.0,3563.0,2012.0,2012.0,1487.0,637.0,24.0,5.0
0.0,6484.0,104.0,2050.0,5698.0,0.0,0.0,1435.0,615.0,70.0,34.0
0.0,12078.0,2175.0,2015.0,2012.0,0.0,0.0,1410.0,605.0,1517.0,658.0
0.0,11915.0,4148.0,2054.0,0.0,449.0,449.0,1438.0,616.0,2901.0,1247.0
0.0,7767.0,4053.0,2128.0,0.0,4798.0,4798.0,1490.0,638.0,2840.0,1213.0
0.0,3714.0,2104.0,2164.0,449.0,6597.0,6597.0,1515.0,649.0,1478.0,626.0
0.0,2059.0,261.0,2125.0,4798.0,1904.0,1904.0,1488.0,637.0,186.0,75.0
0.0,6596.0,276.0,2052.0,6597.0,0.0,0.0,1436.0,616.0,190.0,86.0
0.0,12917.0,2217.0,2017.0,1904.0,0.0,0.0,1412.0,605.0,1544.0,673.0
0.0,12604.0,4028.0,2057.0,0.0,0.0,0.0,1440.0,617.0,2816.0,1212.0
0.0,8576.0,3931.0,2133.0,0.0,3887.0,3887.0,1493.0,640.0,2756.0,1175.0
0.0,4645.0,1974.0,2168.0,0.0,6001.0,6001.0,1518.0,650.0,1391.0,583.0
0.0,2671.0,120.0,2130.0,3887.0,2082.0,2082.0,1491.0,639.0,86.0,34.0
0.0,6438.0,251.0,2057.0,6001.0,0.0,0.0,1440.0,617.0,171.0,80.0
0.0,12188.0,2259.0,2027.0,2082.0,0.0,0.0,1419.0,608.0,1574.0,685.0
0.0,12011.0,4055.0,2070.0,0.0,324.0,324.0,1449.0,621.0,2836.0,1219.0
0.0,7956.0,3979.0,2146.0,0.0,4607.0,4607.0,1502.0,644.0,2790.0,1189.0
0.0,3977.0,2082.0,2179.0,324.0,6497.0,6497.0,1526.0,653.0,1466.0,616.0
0.0,2219.0,259.0,2137.0,4607.0,1981.0,1981.0,1496.0,641.0,185.0,74.0
0.0,6567.0,361.0,2063.0,6497.0,0.0,0.0,1444.0,619.0,245.0,116.0
0.0,12703.0,2279.0,2031.0,1981.0,0.0,0.0,1421.0,610.0,1585.0,694.0
0.0,12405.0,4028.0,2075.0,0.0,0.0,0.0,1452.0,623.0,2817.0,1211.0
0.0,8377.0,3843.0,2149.0,0.0,4062.0,4062.0,1504.0,645.0,2698.0,1145.0
0.0,4534.0,1943.0,2181.0,0.0,6133.0,6133.0,1527.0,654.0,1369.0,574.0
0.0,2591.0,145.0,2141.0,4062.0,2056.0,2056.0,1499.0,642.0,104.0,41.0
0.0,6508.0,266.0,2068.0,6133.0,0.0,0.0,1448.0,620.0,180.0,86.0
0.0,12375.0,2153.0,2034.0,2056.0,0.0,0.0,1424.0,610.0,1500.0,653.0
0.0,12278.0,3894.0,2072.0,0.0,0.0,0.0,1450.0,622.0,2725.0,1169.0
0.0,8384.0,3810.0,2146.0,0.0,4010.0,4010.0,1502.0,644.0,2673.0,1137.0
0.0,4574.0,2054.0,2181.0,0.0,6204.0,6204.0,1527.0,654.0,1443.0,611.0
0.0,2520.0,376.0,2143.0,4010.0,2418.0,2418.0,1500.0,643.0,264.0,112.0
0.0,6154.0,572.0,2071.0,6204.0,0.0,0.0,1450.0,621.0,396.0,176.0
0.0,11786.0,2328.0,2036.0,2418.0,0.0,0.0,1425.0,611.0,1623.0,705.0
0.0,11876.0,3920.0,2073.0,0.0,336.0,336.0,1451.0,622.0,2742.0,1178.0
0.0,7956.0,3679.0,2143.0,0.0,4295.0,4295.0,1500.0,643.0,2580.0,1099.0
0.0,4277.0,1872.0,2179.0,336.0,5975.0,5975.0,1525.0,654.0,1317.0,555.0
0.0,2741.0,283.0,2145.0,4295.0,1827.0,1827.0,1502.0,643.0,201.0,82.0
0.0,6753.0,483.0,2076.0,5975.0,0.0,0.0,1453.0,623.0,334.0,149.0
0.0,12245.0,2238.0,2041.0,1827.0,0.0,0.0,1429.0,612.0,1561.0,677.0
0.0,11834.0,3819.0,2076.0,0.0,289.0,289.0,1453.0,623.0,2671.0,1148.0
0.0,8015.0,3659.0,2145.0,0.0,4224.0,4224.0,1501.0,644.0,2563.0,1096.0
0.0,4356.0,1973.0,2181.0,289.0,6052.0,6052.0,1527.0,654.0,1385.0,588.0
0.0,2672.0,381.0,2147.0,4224.0,2073.0,2073.0,1503.0,644.0,269.0,112.0
0.0,6515.0,602.0,2078.0,6052.0,0.0,0.0,1455.0,623.0,421.0,181.0
0.0,11965.0,2409.0,2043.0,2073.0,0.0,0.0,1430.0,613.0,1684.0,725.0
0.0,11629.0,3981.0,2079.0,0.0,668.0,668.0,1455.0,624.0,2785.0,1196.0
0.0,7648.0,3766.0,2149.0,0.0,4714.0,4714.0,1504.0,645.0,2638.0,1128.0
0.0,3882.0,1924.0,2183.0,668.0,6106.0,6106.0,1528.0,655.0,1350.0,574.0
0.0,2626.0,305.0,2149.0,4714.0,1561.0,1561.0,1504.0,645.0,212.0,93.0
0.0,7035.0,467.0,2080.0,6106.0,0.0,0.0,1456.0,624.0,325.0,142.0
0.0,12674.0,2244.0,2046.0,1561.0,0.0,0.0,1432.0,614.0,1569.0,675.0
0.0,11991.0,3874.0,2081.0,0.0,207.0,207.0,1457.0,624.0,2712.0,1162.0
0.0,8117.0,3687.0,2152.0,0.0,4178.0,4178.0,1506.0,646.0,2583.0,1104.0
0.0,4430.0,1870.0,2186.0,207.0,5977.0,5977.0,1530.0,656.0,1311.0,559.0
0.0,2767.0,275.0,2150.0,4178.0,1930.0,1930.0,1505.0,645.0,192.0,83.0
0.0,6670.0,441.0,2078.0,5977.0,0.0,0.0,1455.0,623.0,306.0,135.0
0.0,12206.0,2337.0,2044.0,1930.0,0.0,0.0,1431.0,613.0,1635.0,702.0
0.0,11799.0,4146.0,2084.0,0.0,683.0,683.0,1459.0,625.0,2905.0,1241.0
0.0,7653.0,4063.0,2157.0,0.0,5038.0,5038.0,1510.0,647.0,2845.0,1218.0
0.0,3590.0,2115.0,2193.0,683.0,6614.0,6614.0,1535.0,658.0,1480.0,635.0
0.0,2158.0,271.0,2155.0,5038.0,1695.0,1695.0,1509.0,646.0,188.0,83.0
0.0,6925.0,273.0,2083.0,6614.0,0.0,0.0,1458.0,625.0,191.0,82.0
0.0,13266.0,2146.0,2049.0,1695.0,0.0,0.0,1434.0,615.0,1501.0,645.0
0.0,12815.0,3922.0,2086.0,0.0,0.0,0.0,1460.0,626.0,2744.0,1178.0
0.0,8893.0,3863.0,2159.0,0.0,3606.0,3606.0,1511.0,648.0,2704.0,1159.0
0.0,5030.0,1994.0,2192.0,0.0,5732.0,5732.0,1534.0,658.0,1400.0,594.0
0.0,3036.0,204.0,2152.0,3606.0,2170.0,2170.0,1507.0,645.0,146.0,58.0
0.0,6438.0,281.0,2080.0,5732.0,0.0,0.0,1456.0,624.0,196.0,85.0
0.0,11889.0,2256.0,2047.0,2170.0,0.0,0.0,1433.0,614.0,1575.0,681.0
0.0,11803.0,4203.0,2087.0,0.0,748.0,748.0,1461.0,626.0,2937.0,1266.0
0.0,7600.0,4209.0,2163.0,0.0,5261.0,5261.0,1514.0,649.0,2948.0,1261.0
0.0,3391.0,2213.0,2199.0,748.0,6870.0,6870.0,1539.0,660.0,1556.0,657.0
0.0,1926.0,211.0,2159.0,5261.0,1660.0,1660.0,1512.0,647.0,150.0,61.0
0.0,6976.0,232.0,2087.0,6870.0,0.0,0.0,1461.0,626.0,160.0,72.0
0.0,13614.0,2253.0,2056.0,1660.0,0.0,0.0,1439.0,617.0,1572.0,681.0
0.0,13021.0,4142.0,2098.0,0.0,0.0,0.0,1468.0,630.0,2897.0,1245.0
0.0,8879.0,4006.0,2172.0,0.0,3815.0,3815.0,1520.0,652.0,2808.0,1198.0
0.0,4873.0,1968.0,2204.0,0.0,5911.0,5911.0,1543.0,661.0,1381.0,587.0
0.0,2905.0,129.0,2166.0,3815.0,2073.0,2073.0,1516.0,650.0,92.0,37.0
0.0,6591.0,289.0,2097.0,5911.0,0.0,0.0,1468.0,629.0,199.0,90.0
0.0,12213.0,2260.0,2067.0,2073.0,0.0,0.0,1447.0,620.0,1578.0,682.0
0.0,12026.0,4076.0,2106.0,0.0,474.0,474.0,1474.0,632.0,2851.0,1225.0
0.0,7950.0,4002.0,2176.0,0.0,4756.0,4756.0,1523.0,653.0,2804.0,1198.0
0.0,3948.0,2107.0,2204.0,474.0,6501.0,6501.0,1543.0,661.0,1478.0,629.0
0.0,2315.0,309.0,2166.0,4756.0,1902.0,1902.0,1516.0,650.0,218.0,91.0
0.0,6762.0,483.0,2100.0,6501.0,0.0,0.0,1470.0,630.0,335.0,148.0
0.0,12780.0,2390.0,2076.0,1902.0,0.0,0.0,1453.0,623.0,1668.0,722.0
0.0,12292.0,4067.0,2117.0,0.0,243.0,243.0,1482.0,635.0,2846.0,1221.0
0.0,8225.0,3823.0,2186.0,0.0,4342.0,4342.0,1530.0,656.0,2680.0,1143.0
0.0,4402.0,1862.0,2212.0,243.0,6065.0,6065.0,1548.0,664.0,1309.0,553.0
0.0,2783.0,35.0,2170.0,4342.0,1590.0,1590.0,1519.0,651.0,25.0,10.0
0.0,7090.0,249.0,2101.0,6065.0,0.0,0.0,1471.0,630.0,169.0,80.0
0.0,12906.0,2345.0,2076.0,1590.0,0.0,0.0,1453.0,623.0,1634.0,711.0
0.0,12151.0,4250.0,2119.0,0.0,575.0,575.0,1483.0,636.0,2973.0,1277.0
0.0,7901.0,3996.0,2189.0,0.0,4851.0,4851.0,1532.0,657.0,2804.0,1192.0
0.0,3905.0,1975.0,2216.0,575.0,6359.0,6359.0,1551.0,665.0,1391.0,584.0
0.0,2505.0,153.0,2171.0,4851.0,1481.0,1481.0,1520.0,651.0,109.0,44.0
0.0,7203.0,415.0,2103.0,6359.0,0.0,0.0,1472.0,631.0,285.0,130.0
0.0,13147.0,2527.0,2080.0,1481.0,0.0,0.0,1456.0,624.0,1760.0,767.0
0.0,12101.0,4335.0,2126.0,0.0,738.0,738.0,1488.0,638.0,3032.0,1303.0
0.0,7766.0,4049.0,2198.0,0.0,5075.0,5075.0,1538.0,660.0,2839.0,1210.0
0.0,3717.0,1862.0,2224.0,738.0,6303.0,6303.0,1557.0,667.0,1312.0,550.0
0.0,2593.0,0.0,2181.0,5075.0,1056.0,1056.0,1527.0,654.0,0.0,0.0
0.0,7668.0,149.0,2110.0,6303.0,0.0,0.0,1477.0,633.0,99.0,50.0
0.0,13822.0,2232.0,2082.0,1056.0,0.0,0.0,1457.0,625.0,1557.0,675.0
0.0,12646.0,4191.0,2126.0,0.0,49.0,49.0,1488.0,638.0,2932.0,1259.0
0.0,8455.0,4059.0,2199.0,0.0,4400.0,4400.0,1539.0,660.0,2845.0,1214.0
0.0,4396.0,2023.0,2230.0,49.0,6498.0,6498.0,1561.0,669.0,1424.0,599.0
0.0,2422.0,147.0,2188.0,4400.0,2077.0,2077.0,1532.0,656.0,107.0,40.0
0.0,6675.0,334.0,2114.0,6498.0,0.0,0.0,1480.0,634.0,229.0,105.0
0.0,12839.0,2451.0,2083.0,2077.0,0.0,0.0,1458.0,625.0,1708.0,743.0
0.0,12465.0,4373.0,2126.0,0.0,412.0,412.0,1488.0,638.0,3055.0,1318.0
0.0,8092.0,4091.0,2200.0,0.0,4799.0,4799.0,1540.0,660.0,2868.0,1223.0
0.0,4001.0,1864.0,2231.0,412.0,6375.0,6375.0,1562.0,669.0,1315.0,549.0
0.0,2549.0,0.0,2190.0,4799.0,1412.0,1412.0,1533.0,657.0,0.0,0.0
0.0,7348.0,259.0,2119.0,6375.0,0.0,0.0,1483.0,636.0,176.0,83.0
0.0,13464.0,2346.0,2090.0,1412.0,0.0,0.0,1463.0,627.0,1637.0,709.0
0.0,12530.0,4212.0,2133.0,0.0,214.0,214.0,1493.0,640.0,2947.0,1265.0
0.0,8318.0,4040.0,2206.0,0.0,4546.0,4546.0,1544.0,662.0,2833.0,1207.0
0.0,4278.0,2014.0,2240.0,214.0,6482.0,6482.0,1568.0,672.0,1416.0,598.0
0.0,2478.0,160.0,2200.0,4546.0,1936.0,1936.0,1540.0,660.0,113.0,47.0
0.0,6864.0,282.0,2124.0,6482.0,0.0,0.0,1487.0,637.0,194.0,88.0
0.0,13064.0,2332.0,2087.0,1936.0,0.0,0.0,1461.0,626.0,1627.0,705.0
0.0,12668.0,4283.0,2128.0,0.0,127.0,127.0,1489.0,639.0,2996.0,1287.0
0.0,8385.0,4205.0,2205.0,0.0,4640.0,4640.0,1543.0,662.0,2945.0,1260.0
0.0,4180.0,2097.0,2240.0,127.0,6750.0,6750.0,1568.0,672.0,1473.0,624.0
0.0,2210.0,58.0,2198.0,4640.0,2000.0,2000.0,1539.0,659.0,44.0,14.0
0.0,6792.0,163.0,2121.0,6750.0,0.0,0.0,1485.0,636.0,114.0,49.0
0.0,13379.0,2238.0,2087.0,2000.0,0.0,0.0,1461.0,626.0,1560.0,678.0
0.0,13141.0,4261.0,2132.0,0.0,0.0,0.0,1492.0,640.0,2977.0,1284.0
0.0,8880.0,4106.0,2208.0,0.0,4058.0,4058.0,1545.0,663.0,2874.0,1232.0
0.0,4774.0,2015.0,2242.0,0.0,6209.0,6209.0,1569.0,673.0,1417.0,598.0
0.0,2759.0,46.0,2199.0,4058.0,2025.0,2025.0,1539.0,660.0,39.0,7.0
0.0,6771.0,232.0,2125.0,6209.0,0.0,0.0,1488.0,637.0,161.0,71.0
0.0,12748.0,2435.0,2095.0,2025.0,0.0,0.0,1466.0,629.0,1697.0,738.0
0.0,12338.0,4441.0,2140.0,0.0,663.0,663.0,1498.0,642.0,3104.0,1337.0
0.0,7897.0,4284.0,2216.0,0.0,5251.0,5251.0,1551.0,665.0,3000.0,1284.0
0.0,3613.0,2049.0,2246.0,663.0,6757.0,6757.0,1572.0,674.0,1442.0,607.0
0.0,2227.0,8.0,2200.0,5251.0,1330.0,1330.0,1540.0,660.0,8.0,0.0
0.0,7470.0,151.0,2125.0,6757.0,0.0,0.0,1488.0,637.0,103.0,48.0
0.0,14076.0,2344.0,2097.0,1330.0,0.0,0.0,1468.0,629.0,1637.0,707.0
0.0,13062.0,4329.0,2144.0,0.0,0.0,0.0,1501.0,643.0,3029.0,1300.0
0.0,8733.0,4185.0,2224.0,0.0,4348.0,4348.0,1557.0,667.0,2933.0,1252.0
0.0,4548.0,1991.0,2257.0,0.0,6471.0,6471.0,1580.0,677.0,1396.0,595.0
0.0,2557.0,0.0,2213.0,4348.0,1947.0,1947.0,1549.0,664.0,0.0,0.0
0.0,6905.0,143.0,2133.0,6471.0,0.0,0.0,1493.0,640.0,97.0,46.0
0.0,13233.0,2335.0,2101.0,1947.0,0.0,0.0,1471.0,630.0,1633.0,702.0
0.0,12845.0,4451.0,2149.0,0.0,202.0,202.0,1504.0,645.0,3116.0,1335.0
0.0,8394.0,4417.0,2232.0,0.0,4951.0,4951.0,1562.0,670.0,3095.0,1322.0
0.0,3977.0,2290.0,2267.0,202.0,7179.0,7179.0,1587.0,680.0,1604.0,686.0
0.0,1889.0,126.0,2221.0,4951.0,2170.0,2170.0,1555.0,666.0,86.0,40.0
0.0,6714.0,43.0,2138.0,7179.0,0.0,0.0,1497.0,641.0,27.0,16.0
0.0,13850.0,2140.0,2102.0,2170.0,0.0,0.0,1471.0,631.0,1497.0,643.0
0.0,13880.0,4335.0,2149.0,0.0,0.0,0.0,1504.0,645.0,3038.0,1297.0
0.0,9545.0,4373.0,2233.0,0.0,3760.0,3760.0,1563.0,670.0,3067.0,1306.0
0.0,5172.0,2114.0,2271.0,0.0,6026.0,6026.0,1590.0,681.0,1482.0,632.0
0.0,3058.0,0.0,2228.0,3760.0,2094.0,2094.0,1560.0,668.0,0.0,0.0
0.0,6818.0,0.0,2148.0,6026.0,0.0,0.0,1504.0,644.0,0.0,0.0
0.0,12844.0,2201.0,2112.0,2094.0,0.0,0.0,1478.0,634.0,1534.0,667.0
0.0,12737.0,4398.0,2158.0,0.0,293.0,293.0,1510.0,648.0,3072.0,1326.0
0.0,8339.0,4417.0,2239.0,0.0,5034.0,5034.0,1567.0,672.0,3093.0,1324.0
0.0,3922.0,2378.0,2279.0,293.0,7279.0,7279.0,1595.0,684.0,1672.0,706.0
0.0,1837.0,244.0,2237.0,5034.0,2321.0,2321.0,1566.0,671.0,177.0,67.0
0.0,6627.0,153.0,2155.0,7279.0,0.0,0.0,1509.0,646.0,106.0,47.0
0.0,13753.0,2167.0,2118.0,2321.0,0.0,0.0,1483.0,635.0,1508.0,659.0
0.0,13907.0,4202.0,2163.0,0.0,0.0,0.0,1514.0,649.0,2935.0,1267.0
0.0,9705.0,4268.0,2246.0,0.0,3547.0,3547.0,1572.0,674.0,2991.0,1277.0
0.0,5437.0,2204.0,2283.0,0.0,5899.0,5899.0,1598.0,685.0,1551.0,653.0
0.0,3233.0,78.0,2240.0,3547.0,2258.0,2258.0,1568.0,672.0,58.0,20.0
0.0,6702.0,10.0,2158.0,5899.0,0.0,0.0,1511.0,647.0,2.0,8.0
0.0,12591.0,1996.0,2119.0,2258.0,0.0,0.0,1483.0,636.0,1390.0,606.0
0.0,12853.0,4210.0,2162.0,0.0,5.0,5.0,1513.0,649.0,2946.0,1264.0
0.0,8643.0,4455.0,2244.0,0.0,4788.0,4788.0,1571.0,673.0,3122.0,1333.0
0.0,4188.0,2463.0,2286.0,5.0,7414.0,7414.0,1600.0,686.0,1730.0,733.0
0.0,1730.0,235.0,2246.0,4788.0,2701.0,2701.0,1572.0,674.0,167.0,68.0
0.0,6283.0,14.0,2164.0,7414.0,0.0,0.0,1515.0,649.0,6.0,8.0
0.0,13683.0,2027.0,2121.0,2701.0,0.0,0.0,1485.0,636.0,1413.0,614.0
0.0,14357.0,4287.0,2163.0,0.0,0.0,0.0,1514.0,649.0,2998.0,1289.0
0.0,10070.0,4543.0,2250.0,0.0,3473.0,3473.0,1575.0,675.0,3184.0,1359.0
0.0,5527.0,2451.0,2294.0,0.0,6100.0,6100.0,1606.0,688.0,1722.0,729.0
0.0,3076.0,138.0,2254.0,3473.0,2605.0,2605.0,1578.0,676.0,97.0,41.0
0.0,6411.0,0.0,2171.0,6100.0,0.0,0.0,1520.0,651.0,0.0,0.0
0.0,12511.0,1807.0,2127.0,2605.0,0.0,0.0,1489.0,638.0,1258.0,549.0
0.0,13309.0,3956.0,2165.0,0.0,0.0,0.0,1515.0,650.0,2762.0,1194.0
0.0,9353.0,4372.0,2248.0,0.0,4011.0,4011.0,1573.0,675.0,3061.0,1311.0
0.0,4981.0,2581.0,2293.0,0.0,6772.0,6772.0,1605.0,688.0,1814.0,767.0
0.0,2400.0,476.0,2255.0,4011.0,3085.0,3085.0,1579.0,676.0,340.0,136.0
0.0,5935.0,152.0,2173.0,6772.0,0.0,0.0,1521.0,652.0,106.0,46.0
0.0,12555.0,2026.0,2130.0,3085.0,0.0,0.0,1491.0,639.0,1409.0,617.0
0.0,13614.0,4151.0,2170.0,0.0,0.0,0.0,1519.0,651.0,2898.0,1253.0
0.0,9463.0,4372.0,2253.0,0.0,3921.0,3921.0,1577.0,676.0,3062.0,1310.0
0.0,5091.0,2482.0,2299.0,0.0,6587.0,6587.0,1609.0,690.0,1745.0,737.0
0.0,2609.0,273.0,2259.0,3921.0,2779.0,2779.0,1581.0,678.0,200.0,73.0
0.0,6257.0,0.0,2175.0,6587.0,0.0,0.0,1523.0,652.0,0.0,0.0
0.0,12844.0,1814.0,2130.0,2779.0,0.0,0.0,1491.0,639.0,1261.0,553.0
0.0,13809.0,3978.0,2168.0,0.0,0.0,0.0,1517.0,651.0,2777.0,1201.0
0.0,9831.0,4290.0,2250.0,0.0,3459.0,3459.0,1575.0,675.0,3004.0,1286.0
0.0,5541.0,2516.0,2296.0,0.0,6159.0,6159.0,1607.0,689.0,1770.0,746.0
0.0,3025.0,470.0,2260.0,3459.0,3026.0,3026.0,1582.0,678.0,334.0,136.0
0.0,6014.0,224.0,2179.0,6159.0,0.0,0.0,1525.0,654.0,154.0,70.0
0.0,11949.0,2014.0,2133.0,3026.0,0.0,0.0,1493.0,640.0,1401.0,613.0
0.0,12961.0,4105.0,2168.0,0.0,0.0,0.0,1517.0,651.0,2867.0,1238.0
0.0,8856.0,4353.0,2249.0,0.0,4493.0,4493.0,1574.0,675.0,3049.0,1304.0
0.0,4503.0,2527.0,2297.0,0.0,7212.0,7212.0,1608.0,689.0,1778.0,749.0
0.0,1976.0,437.0,2264.0,4493.0,3024.0,3024.0,1585.0,679.0,314.0,123.0
0.0,6032.0,117.0,2183.0,7212.0,0.0,0.0,1528.0,655.0,80.0,37.0
0.0,13127.0,1788.0,2133.0,3024.0,0.0,0.0,1493.0,640.0,1240.0,548.0
0.0,14363.0,3866.0,2167.0,0.0,0.0,0.0,1516.0,651.0,2699.0,1167.0
0.0,10497.0,4251.0,2249.0,0.0,2750.0,2750.0,1574.0,675.0,2977.0,1274.0
0.0,6246.0,2541.0,2298.0,0.0,5487.0,5487.0,1608.0,690.0,1787.0,754.0
0.0,3705.0,485.0,2264.0,2750.0,3086.0,3086.0,1585.0,679.0,349.0,136.0
0.0,5970.0,182.0,2184.0,5487.0,0.0,0.0,1529.0,655.0,126.0,56.0
0.0,11275.0,1920.0,2136.0,3086.0,0.0,0.0,1495.0,641.0,1333.0,587.0
0.0,12441.0,4027.0,2168.0,0.0,258.0,258.0,1517.0,651.0,2812.0,1215.0
0.0,8414.0,4394.0,2248.0,0.0,4972.0,4972.0,1573.0,675.0,3080.0,1314.0
0.0,4020.0,2640.0,2295.0,258.0,7542.0,7542.0,1606.0,689.0,1858.0,782.0
0.0,1638.0,557.0,2264.0,4972.0,3003.0,3003.0,1585.0,679.0,394.0,163.0
0.0,6053.0,218.0,2187.0,7542.0,0.0,0.0,1531.0,656.0,149.0,69.0
0.0,13377.0,1875.0,2141.0,3003.0,0.0,0.0,1499.0,642.0,1304.0,571.0
0.0,14505.0,3840.0,2173.0,0.0,0.0,0.0,1521.0,652.0,2684.0,1156.0
0.0,10665.0,4164.0,2252.0,0.0,2507.0,2507.0,1576.0,676.0,2918.0,1246.0
0.0,6501.0,2487.0,2299.0,0.0,5182.0,5182.0,1609.0,690.0,1748.0,739.0
0.0,4014.0,513.0,2270.0,2507.0,3072.0,3072.0,1589.0,681.0,365.0,148.0
0.0,6008.0,226.0,2194.0,5182.0,0.0,0.0,1536.0,658.0,156.0,70.0
0.0,10964.0,1946.0,2146.0,3072.0,0.0,0.0,1502.0,644.0,1354.0,592.0
0.0,12090.0,4041.0,2176.0,0.0,655.0,655.0,1523.0,653.0,2822.0,1219.0
0.0,8049.0,4358.0,2255.0,0.0,5329.0,5329.0,1578.0,677.0,3052.0,1306.0
0.0,3691.0,2598.0,2305.0,655.0,7472.0,7472.0,1613.0,692.0,1828.0,770.0
0.0,1748.0,575.0,2277.0,5329.0,2606.0,2606.0,1594.0,683.0,409.0,166.0
0.0,6502.0,270.0,2200.0,7472.0,0.0,0.0,1540.0,660.0,186.0,84.0
0.0,13704.0,1911.0,2149.0,2606.0,0.0,0.0,1504.0,645.0,1327.0,584.0
0.0,14399.0,3851.0,2176.0,0.0,0.0,0.0,1523.0,653.0,2688.0,1163.0
0.0,10548.0,4199.0,2255.0,0.0,2671.0,2671.0,1578.0,677.0,2943.0,1256.0
0.0,6349.0,2529.0,2303.0,0.0,5392.0,5392.0,1612.0,691.0,1782.0,747.0
0.0,3820.0,548.0,2278.0,2671.0,3169.0,3169.0,1595.0,683.0,391.0,157.0
0.0,5943.0,169.0,2206.0,5392.0,0.0,0.0,1544.0,662.0,114.0,55.0
0.0,11166.0,1800.0,2156.0,3169.0,0.0,0.0,1509.0,647.0,1250.0,550.0
0.0,12535.0,3952.0,2183.0,0.0,149.0,149.0,1528.0,655.0,2760.0,1192.0
0.0,8583.0,4466.0,2259.0,0.0,4919.0,4919.0,1581.0,678.0,3131.0,1335.0
0.0,4117.0,2849.0,2312.0,149.0,7831.0,7831.0,1618.0,694.0,2004.0,845.0
0.0,1417.0,728.0,2287.0,4919.0,3540.0,3540.0,1601.0,686.0,514.0,214.0
0.0,5608.0,176.0,2210.0,7831.0,0.0,0.0,1547.0,663.0,118.0,58.0
0.0,13263.0,1743.0,2160.0,3540.0,0.0,0.0,1512.0,648.0,1212.0,531.0
0.0,15060.0,3856.0,2186.0,0.0,0.0,0.0,1530.0,656.0,2696.0,1160.0
0.0,11204.0,4325.0,2263.0,0.0,2173.0,2173.0,1584.0,679.0,3031.0,1294.0
0.0,6879.0,2659.0,2315.0,0.0,5040.0,5040.0,1620.0,695.0,1868.0,791.0
0.0,4220.0,518.0,2290.0,2173.0,3285.0,3285.0,1603.0,687.0,367.0,151.0
0.0,5875.0,41.0,2214.0,5040.0,0.0,0.0,1550.0,664.0,26.0,15.0
0.0,10874.0,1701.0,2164.0,3285.0,0.0,0.0,1515.0,649.0,1185.0,516.0
0.0,12458.0,3897.0,2191.0,0.0,203.0,203.0,1533.0,658.0,2722.0,1175.0
0.0,8561.0,4440.0,2268.0,0.0,4951.0,4951.0,1587.0,681.0,3108.0,1332.0
0.0,4121.0,2820.0,2317.0,203.0,7764.0,7764.0,1622.0,695.0,1980.0,840.0
0.0,1504.0,716.0,2293.0,4951.0,3433.0,3433.0,1605.0,688.0,508.0,208.0
0.0,5739.0,253.0,2218.0,7764.0,0.0,0.0,1553.0,665.0,179.0,74.0
0.0,13250.0,1899.0,2171.0,3433.0,0.0,0.0,1520.0,651.0,1323.0,576.0
0.0,14784.0,3966.0,2199.0,0.0,0.0,0.0,1539.0,660.0,2768.0,1198.0
0.0,10818.0,4398.0,2275.0,0.0,2680.0,2680.0,1592.0,683.0,3078.0,1320.0
0.0,6420.0,2674.0,2324.0,0.0,5550.0,5550.0,1627.0,697.0,1878.0,796.0
0.0,3746.0,479.0,2298.0,2680.0,3245.0,3245.0,1609.0,689.0,343.0,136.0
0.0,5947.0,38.0,2225.0,5550.0,0.0,0.0,1558.0,667.0,28.0,10.0
0.0,11459.0,1786.0,2178.0,3245.0,0.0,0.0,1525.0,653.0,1242.0,544.0
0.0,12918.0,3998.0,2206.0,0.0,0.0,0.0,1544.0,662.0,2790.0,1208.0
0.0,8920.0,4473.0,2282.0,0.0,4681.0,4681.0,1597.0,685.0,3129.0,1344.0
0.0,4447.0,2732.0,2332.0,0.0,7613.0,7613.0,1632.0,700.0,1919.0,813.0
0.0,1715.0,579.0,2306.0,4681.0,3407.0,3407.0,1614.0,692.0,416.0,163.0
0.0,5817.0,123.0,2231.0,7613.0,0.0,0.0,1562.0,669.0,89.0,34.0
0.0,13307.0,1885.0,2183.0,3407.0,0.0,0.0,1528.0,655.0,1313.0,572.0
0.0,14829.0,4139.0,2212.0,0.0,0.0,0.0,1548.0,664.0,2886.0,1253.0
0.0,10690.0,4544.0,2288.0,0.0,3006.0,3006.0,1601.0,687.0,3176.0,1368.0
0.0,6146.0,2762.0,2337.0,0.0,5964.0,5964.0,1636.0,701.0,1941.0,821.0
0.0,3384.0,508.0,2311.0,3006.0,3362.0,3362.0,1618.0,693.0,366.0,142.0
0.0,5882.0,0.0,2237.0,5964.0,0.0,0.0,1566.0,671.0,0.0,0.0
0.0,11846.0,1679.0,2189.0,3362.0,0.0,0.0,1532.0,657.0,1169.0,510.0
0.0,13529.0,3850.0,2215.0,0.0,0.0,0.0,1550.0,665.0,2689.0,1161.0
0.0,9679.0,4437.0,2290.0,0.0,3918.0,3918.0,1603.0,687.0,3107.0,1330.0
0.0,5242.0,2822.0,2340.0,0.0,6940.0,6940.0,1638.0,702.0,1980.0,842.0
0.0,2420.0,625.0,2315.0,3918.0,3547.0,3547.0,1621.0,694.0,441.0,184.0
0.0,5713.0,151.0,2240.0,6940.0,0.0,0.0,1568.0,672.0,106.0,45.0
0.0,12502.0,1816.0,2191.0,3547.0,0.0,0.0,1534.0,657.0,1268.0,548.0
0.0,14233.0,4055.0,2219.0,0.0,0.0,0.0,1553.0,666.0,2835.0,1220.0
0.0,10178.0,4560.0,2296.0,0.0,3566.0,3566.0,1607.0,689.0,3190.0,1370.0
0.0,5618.0,2853.0,2346.0,0.0,6619.0,6619.0,1642.0,704.0,2000.0,853.0
0.0,2765.0,588.0,2320.0,3566.0,3537.0,3537.0,1624.0,696.0,418.0,170.0
0.0,5743.0,55.0,2247.0,6619.0,0.0,0.0,1573.0,674.0,40.0,15.0
0.0,12307.0,1693.0,2200.0,3537.0,0.0,0.0,1540.0,660.0,1180.0,513.0
0.0,14151.0,3860.0,2225.0,0.0,0.0,0.0,1557.0,668.0,2697.0,1163.0
0.0,10291.0,4370.0,2298.0,0.0,3271.0,3271.0,1608.0,690.0,3059.0,1311.0
0.0,5921.0,2718.0,2347.0,0.0,6185.0,6185.0,1643.0,704.0,1908.0,810.0
0.0,3203.0,544.0,2323.0,3271.0,3362.0,3362.0,1626.0,697.0,386.0,158.0
0.0,5930.0,97.0,2249.0,6185.0,0.0,0.0,1575.0,674.0,68.0,29.0
0.0,12018.0,1829.0,2198.0,3362.0,0.0,0.0,1539.0,659.0,1275.0,554.0
0.0,13551.0,4090.0,2222.0,0.0,0.0,0.0,1555.0,667.0,2858.0,1232.0
0.0,9461.0,4618.0,2297.0,0.0,4345.0,4345.0,1608.0,689.0,3233.0,1385.0
0.0,4843.0,2872.0,2349.0,0.0,7425.0,7425.0,1644.0,705.0,2017.0,855.0
0.0,1971.0,592.0,2327.0,4345.0,3584.0,3584.0,1629.0,698.0,418.0,174.0
0.0,5724.0,3.0,2253.0,7425.0,0.0,0.0,1577.0,676.0,0.0,3.0
0.0,13146.0,1689.0,2202.0,3584.0,0.0,0.0,1541.0,661.0,1177.0,512.0
0.0,15041.0,3980.0,2227.0,0.0,0.0,0.0,1559.0,668.0,2784.0,1196.0
0.0,11061.0,4520.0,2304.0,0.0,2675.0,2675.0,1613.0,691.0,3166.0,1354.0
0.0,6541.0,2760.0,2356.0,0.0,5643.0,5643.0,1649.0,707.0,1937.0,823.0
0.0,3781.0,447.0,2333.0,2675.0,3323.0,3323.0,1633.0,700.0,316.0,131.0
0.0,6009.0,0.0,2257.0,5643.0,0.0,0.0,1580.0,677.0,0.0,0.0
0.0,11652.0,1846.0,2207.0,3323.0,0.0,0.0,1545.0,662.0,1287.0,559.0
0.0,13129.0,4214.0,2234.0,0.0,21.0,21.0,1564.0,670.0,2946.0,1268.0
0.0,8915.0,4762.0,2312.0,0.0,5095.0,5095.0,1618.0,694.0,3332.0,1430.0
0.0,4153.0,2850.0,2362.0,21.0,8124.0,8124.0,1653.0,709.0,2000.0,850.0
0.0,1324.0,438.0,2334.0,5095.0,3355.0,3355.0,1634.0,700.0,313.0,125.0
0.0,5981.0,0.0,2258.0,8124.0,0.0,0.0,1581.0,677.0,0.0,0.0
0.0,14105.0,1781.0,2207.0,3355.0,0.0,0.0,1545.0,662.0,1242.0,539.0
0.0,15679.0,4105.0,2235.0,0.0,0.0,0.0,1564.0,671.0,2867.0,1238.0
0.0,11574.0,4575.0,2313.0,0.0,2253.0,2253.0,1619.0,694.0,3201.0,1374.0
0.0,6999.0,2701.0,2365.0,0.0,5162.0,5162.0,1655.0,710.0,1896.0,805.0
0.0,4298.0,377.0,2338.0,2253.0,3178.0,3178.0,1637.0,701.0,272.0,105.0
0.0,6174.0,0.0,2261.0,5162.0,0.0,0.0,1583.0,678.0,0.0,0.0
0.0,11336.0,1800.0,2210.0,3178.0,0.0,0.0,1547.0,663.0,1255.0,545.0
0.0,12714.0,4101.0,2236.0,0.0,331.0,331.0,1565.0,671.0,2866.0,1235.0
0.0,8613.0,4649.0,2314.0,0.0,5292.0,5292.0,1620.0,694.0,3253.0,1396.0
0.0,3964.0,2899.0,2367.0,331.0,8072.0,8072.0,1657.0,710.0,2034.0,865.0
0.0,1396.0,583.0,2343.0,5292.0,3267.0,3267.0,1640.0,703.0,414.0,169.0
0.0,6105.0,48.0,2264.0,8072.0,0.0,0.0,1585.0,679.0,35.0,13.0
0.0,14129.0,1836.0,2212.0,3267.0,0.0,0.0,1549.0,663.0,1282.0,554.0
0.0,15560.0,4152.0,2238.0,0.0,0.0,0.0,1567.0,671.0,2902.0,1250.0
0.0,11408.0,4586.0,2317.0,0.0,2446.0,2446.0,1622.0,695.0,3209.0,1377.0
0.0,6822.0,2709.0,2369.0,0.0,5363.0,5363.0,1658.0,711.0,1899.0,810.0
0.0,4113.0,371.0,2344.0,2446.0,3188.0,3188.0,1641.0,703.0,262.0,109.0
0.0,6188.0,0.0,2270.0,5363.0,0.0,0.0,1589.0,681.0,0.0,0.0
0.0,11551.0,1765.0,2218.0,3188.0,0.0,0.0,1553.0,665.0,1233.0,532.0
0.0,12974.0,3991.0,2241.0,0.0,0.0,0.0,1569.0,672.0,2791.0,1200.0
0.0,8983.0,4550.0,2316.0,0.0,4831.0,4831.0,1621.0,695.0,3186.0,1364.0
0.0,4433.0,2922.0,2370.0,0.0,7969.0,7969.0,1659.0,711.0,2046.0,876.0
0.0,1511.0,773.0,2350.0,4831.0,3831.0,3831.0,1645.0,705.0,543.0,230.0
0.0,5569.0,252.0,2277.0,7969.0,0.0,0.0,1594.0,683.0,178.0,74.0
0.0,13286.0,1901.0,2225.0,3831.0,0.0,0.0,1558.0,667.0,1329.0,572.0
0.0,15216.0,4040.0,2248.0,0.0,0.0,0.0,1574.0,674.0,2826.0,1214.0
0.0,11176.0,4531.0,2324.0,0.0,2651.0,2651.0,1627.0,697.0,3170.0,1361.0
0.0,6645.0,2763.0,2376.0,0.0,5622.0,5622.0,1663.0,713.0,1937.0,826.0
0.0,3882.0,552.0,2354.0,2651.0,3435.0,3435.0,1648.0,706.0,389.0,163.0
0.0,5981.0,38.0,2281.0,5622.0,0.0,0.0,1597.0,684.0,26.0,12.0
0.0,11565.0,1744.0,2230.0,3435.0,0.0,0.0,1561.0,669.0,1219.0,525.0
0.0,13256.0,3977.0,2254.0,0.0,0.0,0.0,1578.0,676.0,2781.0,1196.0
0.0,9279.0,4567.0,2332.0,0.0,4616.0,4616.0,1632.0,700.0,3197.0,1370.0
0.0,4712.0,2949.0,2386.0,0.0,7781.0,7781.0,1670.0,716.0,2066.0,883.0
0.0,1763.0,742.0,2366.0,4616.0,3827.0,3827.0,1656.0,710.0,523.0,219.0
0.0,5637.0,183.0,2291.0,7781.0,0.0,0.0,1604.0,687.0,130.0,53.0
0.0,13235.0,1879.0,2238.0,3827.0,0.0,0.0,1567.0,671.0,1312.0,567.0
0.0,15183.0,4075.0,2261.0,0.0,0.0,0.0,1583.0,678.0,2847.0,1228.0
0.0,11108.0,4570.0,2337.0,0.0,2810.0,2810.0,1636.0,701.0,3198.0,1372.0
0.0,6538.0,2850.0,2392.0,0.0,5880.0,5880.0,1674.0,718.0,1998.0,852.0
0.0,3688.0,616.0,2371.0,2810.0,3602.0,3602.0,1660.0,711.0,436.0,180.0
0.0,5882.0,76.0,2297.0,5880.0,0.0,0.0,1608.0,689.0,55.0,21.0
0.0,11686.0,1727.0,2243.0,3602.0,0.0,0.0,1570.0,673.0,1206.0,521.0
0.0,13561.0,3939.0,2266.0,0.0,0.0,0.0,1586.0,680.0,2751.0,1188.0
0.0,9622.0,4474.0,2343.0,0.0,4224.0,4224.0,1640.0,703.0,3130.0,1344.0
0.0,5148.0,2927.0,2399.0,0.0,7375.0,7375.0,1679.0,720.0,2052.0,875.0
0.0,2221.0,833.0,2380.0,4224.0,3908.0,3908.0,1666.0,714.0,589.0,244.0
0.0,5612.0,253.0,2304.0,7375.0,0.0,0.0,1613.0,691.0,180.0,73.0
0.0,12734.0,1816.0,2247.0,3908.0,0.0,0.0,1573.0,674.0,1268.0,548.0
0.0,14826.0,3992.0,2269.0,0.0,0.0,0.0,1588.0,681.0,2788.0,1204.0
0.0,10834.0,4634.0,2349.0,0.0,3196.0,3196.0,1644.0,705.0,3242.0,1392.0
0.0,6200.0,3023.0,2407.0,0.0,6451.0,6451.0,1685.0,722.0,2121.0,902.0
0.0,3177.0,790.0,2388.0,3196.0,3969.0,3969.0,1672.0,716.0,559.0,231.0
0.0,5583.0,106.0,2311.0,6451.0,0.0,0.0,1618.0,693.0,75.0,31.0
0.0,11928.0,1654.0,2256.0,3969.0,0.0,0.0,1579.0,677.0,1151.0,503.0
0.0,14243.0,3842.0,2277.0,0.0,0.0,0.0,1594.0,683.0,2683.0,1159.0
0.0,10401.0,4469.0,2356.0,0.0,3492.0,3492.0,1649.0,707.0,3129.0,1340.0
0.0,5932.0,2881.0,2412.0,0.0,6597.0,6597.0,1688.0,724.0,2025.0,856.0
0.0,3051.0,740.0,2391.0,3492.0,3761.0,3761.0,1674.0,717.0,523.0,217.0
0.0,5803.0,187.0,2316.0,6597.0,0.0,0.0,1621.0,695.0,129.0,58.0
0.0,12213.0,1851.0,2263.0,3761.0,0.0,0.0,1584.0,679.0,1290.0,561.0
0.0,14123.0,4103.0,2286.0,0.0,0.0,0.0,1600.0,686.0,2867.0,1236.0
0.0,10020.0,4683.0,2364.0,0.0,4119.0,4119.0,1655.0,709.0,3280.0,1403.0
0.0,5337.0,3011.0,2421.0,0.0,7358.0,7358.0,1695.0,726.0,2116.0,895.0
0.0,2326.0,760.0,2400.0,4119.0,3915.0,3915.0,1680.0,720.0,537.0,223.0
0.0,5685.0,102.0,2323.0,7358.0,0.0,0.0,1626.0,697.0,67.0,35.0
0.0,12941.0,1724.0,2267.0,3915.0,0.0,0.0,1587.0,680.0,1200.0,524.0
0.0,15132.0,3942.0,2292.0,0.0,0.0,0.0,1604.0,688.0,2754.0,1188.0
0.0,11190.0,4518.0,2370.0,0.0,2808.0,2808.0,1659.0,711.0,3165.0,1353.0
0.0,6672.0,2820.0,2426.0,0.0,5852.0,5852.0,1698.0,728.0,1982.0,838.0
0.0,3852.0,624.0,2403.0,2808.0,3576.0,3576.0,1682.0,721.0,444.0,180.0
0.0,6036.0,136.0,2329.0,5852.0,0.0,0.0,1631.0,698.0,94.0,42.0
0.0,11752.0,1905.0,2278.0,3576.0,0.0,0.0,1595.0,683.0,1326.0,579.0
0.0,13423.0,4101.0,2300.0,0.0,0.0,0.0,1610.0,690.0,2863.0,1238.0
0.0,9322.0,4578.0,2374.0,0.0,4752.0,4752.0,1662.0,712.0,3204.0,1374.0
0.0,4744.0,2881.0,2424.0,0.0,7833.0,7833.0,1697.0,727.0,2024.0,857.0
0.0,1863.0,730.0,2402.0,4752.0,3723.0,3723.0,1682.0,720.0,519.0,211.0
0.0,5885.0,238.0,2328.0,7833.0,0.0,0.0,1630.0,698.0,167.0,71.0
0.0,13480.0,1894.0,2278.0,3723.0,0.0,0.0,1595.0,683.0,1318.0,576.0
0.0,15309.0,3977.0,2302.0,0.0,0.0,0.0,1611.0,691.0,2774.0,1203.0
0.0,11332.0,4377.0,2375.0,0.0,2545.0,2545.0,1662.0,713.0,3065.0,1312.0
0.0,6955.0,2721.0,2427.0,0.0,5474.0,5474.0,1699.0,728.0,1914.0,807.0
0.0,4234.0,623.0,2405.0,2545.0,3464.0,3464.0,1684.0,721.0,444.0,179.0
0.0,6156.0,173.0,2332.0,5474.0,0.0,0.0,1633.0,699.0,120.0,53.0
0.0,11457.0,1853.0,2280.0,3464.0,0.0,0.0,1596.0,684.0,1288.0,565.0
0.0,13068.0,4047.0,2301.0,0.0,183.0,183.0,1611.0,690.0,2825.0,1222.0
0.0,9021.0,4582.0,2375.0,0.0,5061.0,5061.0,1662.0,713.0,3209.0,1373.0
0.0,4439.0,2965.0,2429.0,183.0,8059.0,8059.0,1700.0,729.0,2086.0,879.0
0.0,1657.0,856.0,2408.0,5061.0,3770.0,3770.0,1686.0,722.0,605.0,251.0
0.0,5862.0,318.0,2337.0,8059.0,0.0,0.0,1636.0,701.0,219.0,99.0
0.0,13603.0,1893.0,2284.0,3770.0,0.0,0.0,1599.0,685.0,1317.0,576.0
0.0,15480.0,3942.0,2306.0,0.0,0.0,0.0,1614.0,692.0,2755.0,1187.0
0.0,11538.0,4405.0,2379.0,0.0,2383.0,2383.0,1665.0,714.0,3087.0,1318.0
0.0,7133.0,2811.0,2431.0,0.0,5402.0,5402.0,1702.0,729.0,1974.0,837.0
0.0,4322.0,700.0,2411.0,2383.0,3639.0,3639.0,1688.0,723.0,493.0,207.0
0.0,6005.0,170.0,2340.0,5402.0,0.0,0.0,1638.0,702.0,116.0,54.0
0.0,11237.0,1736.0,2287.0,3639.0,0.0,0.0,1601.0,686.0,1209.0,527.0
0.0,13140.0,3864.0,2304.0,0.0,0.0,0.0,1613.0,691.0,2703.0,1161.0
0.0,9276.0,4528.0,2376.0,0.0,4756.0,4756.0,1663.0,713.0,3174.0,1354.0
0.0,4748.0,2990.0,2428.0,0.0,7954.0,7954.0,1700.0,728.0,2099.0,891.0
0.0,1758.0,831.0,2410.0,4756.0,3957.0,3957.0,1687.0,723.0,583.0,248.0
0.0,5683.0,316.0,2338.0,7954.0,0.0,0.0,1637.0,701.0,218.0,98.0
0.0,13321.0,1891.0,2286.0,3957.0,0.0,0.0,1600.0,686.0,1318.0,573.0
0.0,15387.0,4021.0,2305.0,0.0,0.0,0.0,1613.0,692.0,2811.0,1210.0
0.0,11366.0,4513.0,2376.0,0.0,2651.0,2651.0,1663.0,713.0,3161.0,1352.0
0.0,6853.0,2796.0,2429.0,0.0,5659.0,5659.0,1700.0,729.0,1964.0,832.0
0.0,4057.0,683.0,2410.0,2651.0,3615.0,3615.0,1687.0,723.0,481.0,202.0
0.0,6025.0,171.0,2340.0,5659.0,0.0,0.0,1638.0,702.0,116.0,55.0
0.0,11513.0,1814.0,2288.0,3615.0,0.0,0.0,1602.0,686.0,1264.0,550.0
0.0,13314.0,3981.0,2309.0,0.0,0.0,0.0,1616.0,693.0,2786.0,1195.0
0.0,9333.0,4530.0,2382.0,0.0,4725.0,4725.0,1667.0,715.0,3173.0,1357.0
0.0,4803.0,2927.0,2434.0,0.0,7860.0,7860.0,1704.0,730.0,2053.0,874.0
0.0,1876.0,796.0,2414.0,4725.0,3851.0,3851.0,1690.0,724.0,559.0,237.0
0.0,5805.0,268.0,2341.0,7860.0,0.0,0.0,1639.0,702.0,184.0,84.0
0.0,13397.0,1885.0,2287.0,3851.0,0.0,0.0,1601.0,686.0,1314.0,571.0
0.0,15363.0,4013.0,2306.0,0.0,0.0,0.0,1614.0,692.0,2807.0,1206.0
0.0,11350.0,4590.0,2380.0,0.0,2760.0,2760.0,1666.0,714.0,3216.0,1374.0
0.0,6760.0,2958.0,2434.0,0.0,5934.0,5934.0,1704.0,730.0,2077.0,881.0
0.0,3802.0,688.0,2414.0,2760.0,3782.0,3782.0,1690.0,724.0,484.0,204.0
0.0,5874.0,87.0,2341.0,5934.0,0.0,0.0,1639.0,702.0,57.0,30.0
0.0,11721.0,1726.0,2287.0,3782.0,0.0,0.0,1601.0,686.0,1203.0,523.0
0.0,13777.0,3960.0,2309.0,0.0,0.0,0.0,1616.0,693.0,2772.0,1188.0
0.0,9817.0,4601.0,2386.0,0.0,4328.0,4328.0,1670.0,716.0,3223.0,1378.0
0.0,5216.0,3028.0,2441.0,0.0,7576.0,7576.0,1709.0,732.0,2123.0,905.0
0.0,2188.0,820.0,2420.0,4328.0,3984.0,3984.0,1694.0,726.0,575.0,245.0
0.0,5696.0,230.0,2346.0,7576.0,0.0,0.0,1642.0,704.0,158.0,72.0
0.0,13042.0,1854.0,2293.0,3984.0,0.0,0.0,1605.0,688.0,1294.0,560.0
0.0,15172.0,4084.0,2316.0,0.0,0.0,0.0,1621.0,695.0,2859.0,1225.0
0.0,11088.0,4652.0,2392.0,0.0,3132.0,3132.0,1674.0,718.0,3260.0,1392.0
0.0,6436.0,2994.0,2445.0,0.0,6338.0,6338.0,1711.0,734.0,2099.0,895.0
0.0,3442.0,710.0,2422.0,3132.0,3824.0,3824.0,1695.0,727.0,497.0,213.0
0.0,5864.0,130.0,2348.0,6338.0,0.0,0.0,1644.0,704.0,86.0,44.0
0.0,12072.0,1831.0,2299.0,3824.0,0.0,0.0,1609.0,690.0,1279.0,552.0
0.0,14065.0,4005.0,2324.0,0.0,0.0,0.0,1627.0,697.0,2806.0,1199.0
0.0,10060.0,4569.0,2400.0,0.0,4109.0,4109.0,1680.0,720.0,3202.0,1367.0
0.0,5491.0,2903.0,2452.0,0.0,7220.0,7220.0,1716.0,736.0,2034.0,869.0
0.0,2588.0,701.0,2430.0,4109.0,3724.0,3724.0,1701.0,729.0,487.0,214.0
0.0,5996.0,204.0,2356.0,7220.0,0.0,0.0,1649.0,707.0,137.0,67.0
0.0,13012.0,1948.0,2306.0,3724.0,0.0,0.0,1614.0,692.0,1363.0,585.0
0.0,14788.0,4208.0,2329.0,0.0,0.0,0.0,1630.0,699.0,2952.0,1256.0
0.0,10580.0,4663.0,2403.0,0.0,3695.0,3695.0,1682.0,721.0,3270.0,1393.0
0.0,5917.0,2959.0,2453.0,0.0,6854.0,6854.0,1717.0,736.0,2069.0,890.0
0.0,2958.0,738.0,2431.0,3695.0,3809.0,3809.0,1702.0,729.0,508.0,230.0
0.0,5915.0,253.0,2360.0,6854.0,0.0,0.0,1652.0,708.0,172.0,81.0
0.0,12516.0,1953.0,2313.0,3809.0,0.0,0.0,1619.0,694.0,1369.0,584.0
0.0,14372.0,4067.0,2337.0,0.0,0.0,0.0,1636.0,701.0,2855.0,1212.0
0.0,10305.0,4517.0,2410.0,0.0,3852.0,3852.0,1687.0,723.0,3169.0,1348.0
0.0,5788.0,2778.0,2461.0,0.0,6834.0,6834.0,1723.0,738.0,1942.0,836.0
0.0,3010.0,551.0,2438.0,3852.0,3441.0,3441.0,1707.0,731.0,376.0,175.0
0.0,6311.0,211.0,2367.0,6834.0,0.0,0.0,1657.0,710.0,143.0,68.0
0.0,12934.0,2111.0,2322.0,3441.0,0.0,0.0,1625.0,697.0,1480.0,631.0
0.0,14264.0,4321.0,2347.0,0.0,0.0,0.0,1643.0,704.0,3033.0,1288.0
0.0,9943.0,4636.0,2420.0,0.0,4373.0,4373.0,1694.0,726.0,3250.0,1386.0
0.0,5307.0,2814.0,2468.0,0.0,7379.0,7379.0,1728.0,740.0,1966.0,848.0
0.0,2493.0,678.0,2445.0,4373.0,3592.0,3592.0,1711.0,734.0,468.0,210.0
0.0,6188.0,358.0,2374.0,7379.0,0.0,0.0,1662.0,712.0,248.0,110.0
0.0,13209.0,2061.0,2327.0,3592.0,0.0,0.0,1629.0,698.0,1447.0,614.0
0.0,14740.0,4112.0,2353.0,0.0,0.0,0.0,1647.0,706.0,2884.0,1228.0
0.0,10628.0,4416.0,2424.0,0.0,3484.0,3484.0,1697.0,727.0,3092.0,1324.0
0.0,6212.0,2698.0,2473.0,0.0,6378.0,6378.0,1731.0,742.0,1885.0,813.0
0.0,3514.0,677.0,2451.0,3484.0,3483.0,3483.0,1716.0,735.0,468.0,209.0
0.0,6321.0,298.0,2380.0,6378.0,0.0,0.0,1666.0,714.0,206.0,92.0
0.0,12401.0,1973.0,2331.0,3483.0,0.0,0.0,1632.0,699.0,1384.0,589.0
0.0,13911.0,4118.0,2354.0,0.0,0.0,0.0,1648.0,706.0,2889.0,1229.0
0.0,9793.0,4634.0,2427.0,0.0,4549.0,4549.0,1699.0,728.0,3246.0,1388.0
0.0,5159.0,2994.0,2480.0,0.0,7755.0,7755.0,1736.0,744.0,2093.0,901.0
0.0,2165.0,851.0,2460.0,4549.0,3977.0,3977.0,1722.0,738.0,592.0,259.0
0.0,5863.0,321.0,2389.0,7755.0,0.0,0.0,1672.0,717.0,222.0,99.0
0.0,13297.0,1950.0,2339.0,3977.0,0.0,0.0,1637.0,702.0,1366.0,584.0
0.0,15324.0,3998.0,2359.0,0.0,0.0,0.0,1651.0,708.0,2802.0,1196.0
0.0,11326.0,4391.0,2430.0,0.0,2785.0,2785.0,1701.0,729.0,3076.0,1315.0
0.0,6935.0,2760.0,2481.0,0.0,5749.0,5749.0,1737.0,744.0,1931.0,829.0
0.0,4175.0,677.0,2461.0,2785.0,3561.0,3561.0,1723.0,738.0,471.0,206.0
0.0,6283.0,239.0,2390.0,5749.0,0.0,0.0,1673.0,717.0,165.0,74.0
0.0,11793.0,1945.0,2339.0,3561.0,0.0,0.0,1637.0,702.0,1362.0,583.0
0.0,13409.0,4101.0,2359.0,0.0,128.0,128.0,1651.0,708.0,2875.0,1226.0
0.0,9308.0,4623.0,2432.0,0.0,5043.0,5043.0,1702.0,730.0,3241.0,1382.0
0.0,4685.0,3068.0,2487.0,128.0,8203.0,8203.0,1741.0,746.0,2147.0,921.0
0.0,1745.0,898.0,2468.0,5043.0,3982.0,3982.0,1728.0,740.0,623.0,275.0
0.0,5890.0,333.0,2396.0,8203.0,0.0,0.0,1677.0,719.0,229.0,104.0
0.0,13760.0,1942.0,2344.0,3982.0,0.0,0.0,1641.0,703.0,1359.0,583.0
0.0,15800.0,4025.0,2364.0,0.0,0.0,0.0,1655.0,709.0,2821.0,1204.0
0.0,11775.0,4518.0,2437.0,0.0,2491.0,2491.0,1706.0,731.0,3168.0,1350.0
0.0,7257.0,2890.0,2490.0,0.0,5593.0,5593.0,1743.0,747.0,2024.0,866.0
0.0,4367.0,775.0,2470.0,2491.0,3797.0,3797.0,1729.0,741.0,538.0,237.0
0.0,6083.0,184.0,2396.0,5593.0,0.0,0.0,1677.0,719.0,123.0,61.0
0.0,11492.0,1779.0,2343.0,3797.0,0.0,0.0,1640.0,703.0,1244.0,535.0
0.0,13510.0,3922.0,2362.0,0.0,0.0,0.0,1653.0,709.0,2750.0,1172.0
0.0,9588.0,4544.0,2436.0,0.0,4700.0,4700.0,1705.0,731.0,3188.0,1356.0
0.0,5044.0,3099.0,2491.0,0.0,8019.0,8019.0,1744.0,747.0,2169.0,930.0
0.0,1945.0,950.0,2473.0,4700.0,4197.0,4197.0,1731.0,742.0,660.0,290.0
0.0,5695.0,326.0,2398.0,8019.0,0.0,0.0,1678.0,720.0,223.0,103.0
0.0,13388.0,1887.0,2345.0,4197.0,0.0,0.0,1641.0,704.0,1319.0,568.0
0.0,15698.0,4028.0,2365.0,0.0,0.0,0.0,1655.0,710.0,2823.0,1205.0
0.0,11670.0,4639.0,2440.0,0.0,2729.0,2729.0,1708.0,732.0,3254.0,1385.0
0.0,7031.0,3074.0,2494.0,0.0,6019.0,6019.0,1746.0,748.0,2155.0,919.0
0.0,3957.0,871.0,2474.0,2729.0,4081.0,4081.0,1732.0,742.0,606.0,265.0
0.0,5815.0,190.0,2399.0,6019.0,0.0,0.0,1679.0,720.0,126.0,64.0
0.0,11644.0,1716.0,2345.0,4081.0,0.0,0.0,1641.0,704.0,1198.0,518.0
0.0,14009.0,3896.0,2367.0,0.0,0.0,0.0,1657.0,710.0,2732.0,1164.0
0.0,10113.0,4552.0,2444.0,0.0,4215.0,4215.0,1711.0,733.0,3193.0,1359.0
0.0,5561.0,3092.0,2499.0,0.0,7527.0,7527.0,1750.0,749.0,2166.0,926.0
0.0,2469.0,940.0,2477.0,4215.0,4164.0,4164.0,1734.0,743.0,652.0,288.0
0.0,5744.0,332.0,2400.0,7527.0,0.0,0.0,1680.0,720.0,226.0,106.0
0.0,12939.0,1906.0,2348.0,4164.0,0.0,0.0,1643.0,705.0,1332.0,574.0
0.0,15197.0,4090.0,2372.0,0.0,0.0,0.0,1660.0,712.0,2867.0,1223.0
0.0,11107.0,4707.0,2450.0,0.0,3400.0,3400.0,1715.0,735.0,3302.0,1405.0
0.0,6400.0,3126.0,2503.0,0.0,6738.0,6738.0,1752.0,751.0,2191.0,935.0
0.0,3274.0,853.0,2480.0,3400.0,4099.0,4099.0,1736.0,744.0,594.0,259.0
0.0,5821.0,187.0,2403.0,6738.0,0.0,0.0,1682.0,721.0,122.0,65.0
0.0,12372.0,1738.0,2352.0,4099.0,0.0,0.0,1646.0,706.0,1212.0,526.0
0.0,14733.0,3880.0,2375.0,0.0,0.0,0.0,1662.0,713.0,2722.0,1158.0
0.0,10853.0,4472.0,2448.0,0.0,3411.0,3411.0,1714.0,734.0,3140.0,1332.0
0.0,6381.0,2990.0,2500.0,0.0,6609.0,6609.0,1750.0,750.0,2095.0,895.0
0.0,3391.0,868.0,2479.0,3411.0,3982.0,3982.0,1735.0,744.0,600.0,268.0
0.0,5934.0,324.0,2406.0,6609.0,0.0,0.0,1684.0,722.0,217.0,107.0
0.0,12219.0,1918.0,2353.0,3982.0,0.0,0.0,1647.0,706.0,1343.0,575.0
0.0,14283.0,4081.0,2374.0,0.0,0.0,0.0,1662.0,712.0,2864.0,1217.0
0.0,10202.0,4703.0,2448.0,0.0,4293.0,4293.0,1714.0,734.0,3300.0,1403.0
0.0,5499.0,3112.0,2502.0,0.0,7621.0,7621.0,1752.0,750.0,2179.0,933.0
0.0,2387.0,905.0,2482.0,4293.0,4153.0,4153.0,1737.0,745.0,627.0,278.0
0.0,5775.0,210.0,2409.0,7621.0,0.0,0.0,1686.0,723.0,140.0,70.0
0.0,13186.0,1776.0,2359.0,4153.0,0.0,0.0,1651.0,708.0,1242.0,534.0
0.0,15563.0,3994.0,2383.0,0.0,0.0,0.0,1668.0,715.0,2803.0,1191.0
0.0,11569.0,4595.0,2458.0,0.0,2858.0,2858.0,1721.0,737.0,3222.0,1373.0
0.0,6974.0,3000.0,2511.0,0.0,6070.0,6070.0,1758.0,753.0,2099.0,901.0
0.0,3974.0,746.0,2488.0,2858.0,3866.0,3866.0,1742.0,746.0,516.0,230.0
0.0,6086.0,209.0,2413.0,6070.0,0.0,0.0,1689.0,724.0,142.0,67.0
0.0,11947.0,1903.0,2360.0,3866.0,0.0,0.0,1652.0,708.0,1334.0,569.0
0.0,13910.0,4116.0,2381.0,0.0,0.0,0.0,1667.0,714.0,2885.0,1231.0
0.0,9794.0,4785.0,2456.0,0.0,4815.0,4815.0,1719.0,737.0,3354.0,1431.0
0.0,5009.0,3218.0,2511.0,0.0,8253.0,8253.0,1758.0,753.0,2253.0,965.0
0.0,1791.0,968.0,2493.0,4815.0,4334.0,4334.0,1745.0,748.0,672.0,296.0
0.0,5638.0,335.0,2422.0,8253.0,0.0,0.0,1695.0,727.0,228.0,107.0
0.0,13556.0,1826.0,2370.0,4334.0,0.0,0.0,1659.0,711.0,1277.0,549.0
0.0,16064.0,3861.0,2389.0,0.0,0.0,0.0,1672.0,717.0,2708.0,1153.0
0.0,12203.0,4498.0,2460.0,0.0,2135.0,2135.0,1722.0,738.0,3155.0,1343.0
0.0,7705.0,3013.0,2514.0,0.0,5364.0,5364.0,1760.0,754.0,2111.0,902.0
0.0,4692.0,939.0,2498.0,2135.0,4104.0,4104.0,1749.0,749.0,651.0,288.0
0.0,5888.0,356.0,2430.0,5364.0,0.0,0.0,1701.0,729.0,242.0,114.0
0.0,10896.0,1774.0,2376.0,4104.0,0.0,0.0,1663.0,713.0,1241.0,533.0
0.0,13226.0,3867.0,2392.0,0.0,209.0,209.0,1674.0,718.0,2713.0,1154.0
0.0,9359.0,4561.0,2460.0,0.0,5042.0,5042.0,1722.0,738.0,3200.0,1361.0
0.0,4798.0,3222.0,2517.0,209.0,8283.0,8283.0,1762.0,755.0,2258.0,964.0
0.0,1785.0,1225.0,2504.0,5042.0,4414.0,4414.0,1753.0,751.0,851.0,374.0
0.0,5602.0,527.0,2436.0,8283.0,0.0,0.0,1705.0,731.0,361.0,166.0
0.0,13358.0,1799.0,2382.0,4414.0,0.0,0.0,1667.0,715.0,1258.0,541.0
0.0,15973.0,3775.0,2395.0,0.0,0.0,0.0,1676.0,719.0,2649.0,1126.0
0.0,12198.0,4430.0,2463.0,0.0,2084.0,2084.0,1724.0,739.0,3109.0,1321.0
0.0,7768.0,3041.0,2518.0,0.0,5345.0,5345.0,1763.0,755.0,2130.0,911.0
0.0,4727.0,997.0,2504.0,2084.0,4202.0,4202.0,1753.0,751.0,691.0,306.0
0.0,5814.0,423.0,2438.0,5345.0,0.0,0.0,1706.0,732.0,286.0,137.0
0.0,10736.0,1884.0,2386.0,4202.0,0.0,0.0,1670.0,716.0,1318.0,566.0
0.0,13054.0,3871.0,2402.0,0.0,425.0,425.0,1681.0,721.0,2718.0,1153.0
0.0,9183.0,4363.0,2467.0,0.0,5048.0,5048.0,1727.0,740.0,3063.0,1300.0
0.0,4820.0,2958.0,2518.0,425.0,7785.0,7785.0,1763.0,755.0,2071.0,887.0
0.0,2287.0,1161.0,2503.0,5048.0,3838.0,3838.0,1752.0,751.0,804.0,357.0
0.0,6174.0,812.0,2440.0,7785.0,0.0,0.0,1708.0,732.0,559.0,253.0
0.0,13147.0,2201.0,2392.0,3838.0,0.0,0.0,1674.0,718.0,1540.0,661.0
0.0,14784.0,3921.0,2407.0,0.0,0.0,0.0,1685.0,722.0,2753.0,1168.0
0.0,10863.0,4253.0,2473.0,0.0,3282.0,3282.0,1731.0,742.0,2986.0,1267.0
0.0,6610.0,2798.0,2523.0,0.0,6280.0,6280.0,1766.0,757.0,1959.0,839.0
0.0,3812.0,1005.0,2509.0,3282.0,3947.0,3947.0,1756.0,753.0,695.0,310.0
0.0,6089.0,666.0,2447.0,6280.0,0.0,0.0,1713.0,734.0,457.0,209.0
0.0,11703.0,2114.0,2402.0,3947.0,0.0,0.0,1681.0,721.0,1480.0,634.0
0.0,13536.0,3933.0,2420.0,0.0,77.0,77.0,1694.0,726.0,2762.0,1171.0
0.0,9603.0,4290.0,2486.0,0.0,4631.0,4631.0,1740.0,746.0,3013.0,1277.0
0.0,5313.0,2867.0,2535.0,77.0,7617.0,7617.0,1775.0,760.0,2006.0,861.0
0.0,2523.0,1125.0,2520.0,4631.0,4051.0,4051.0,1764.0,756.0,778.0,347.0
0.0,6029.0,855.0,2457.0,7617.0,0.0,0.0,1720.0,737.0,588.0,267.0
0.0,12791.0,2354.0,2412.0,4051.0,0.0,0.0,1688.0,724.0,1649.0,705.0
0.0,14488.0,4037.0,2430.0,0.0,0.0,0.0,1701.0,729.0,2835.0,1202.0
0.0,10451.0,4221.0,2494.0,0.0,3746.0,3746.0,1746.0,748.0,2964.0,1257.0
0.0,6230.0,2742.0,2543.0,0.0,6684.0,6684.0,1780.0,763.0,1918.0,824.0
0.0,3488.0,1066.0,2529.0,3746.0,3948.0,3948.0,1770.0,759.0,738.0,328.0
0.0,6168.0,753.0,2466.0,6684.0,0.0,0.0,1726.0,740.0,520.0,233.0
0.0,12099.0,2175.0,2420.0,3948.0,0.0,0.0,1694.0,726.0,1522.0,653.0
0.0,13872.0,3833.0,2436.0,0.0,0.0,0.0,1705.0,731.0,2690.0,1143.0
0.0,10039.0,4121.0,2501.0,0.0,4086.0,4086.0,1751.0,750.0,2894.0,1227.0
0.0,5918.0,2733.0,2550.0,0.0,7015.0,7015.0,1785.0,765.0,1915.0,818.0
0.0,3185.0,1118.0,2534.0,4086.0,3983.0,3983.0,1774.0,760.0,772.0,346.0
0.0,6153.0,910.0,2473.0,7015.0,0.0,0.0,1731.0,742.0,627.0,283.0
0.0,12258.0,2303.0,2425.0,3983.0,0.0,0.0,1697.0,728.0,1611.0,692.0
0.0,13938.0,3902.0,2438.0,0.0,0.0,0.0,1706.0,732.0,2739.0,1163.0
0.0,10036.0,4190.0,2500.0,0.0,4154.0,4154.0,1750.0,750.0,2943.0,1247.0
0.0,5846.0,2836.0,2548.0,0.0,7182.0,7182.0,1784.0,764.0,1988.0,848.0
0.0,3010.0,1100.0,2534.0,4154.0,4072.0,4072.0,1774.0,760.0,763.0,337.0
0.0,6064.0,738.0,2474.0,7182.0,0.0,0.0,1732.0,742.0,508.0,230.0
0.0,12508.0,2061.0,2427.0,4072.0,0.0,0.0,1699.0,728.0,1441.0,620.0
0.0,14519.0,3822.0,2443.0,0.0,0.0,0.0,1710.0,733.0,2681.0,1141.0
0.0,10697.0,4194.0,2506.0,0.0,3521.0,3521.0,1754.0,752.0,2943.0,1251.0
0.0,6503.0,2833.0,2553.0,0.0,6542.0,6542.0,1787.0,766.0,1986.0,847.0
0.0,3670.0,1121.0,2540.0,3521.0,4090.0,4090.0,1778.0,762.0,779.0,342.0
0.0,6070.0,714.0,2480.0,6542.0,0.0,0.0,1736.0,744.0,491.0,223.0
0.0,11898.0,2140.0,2433.0,4090.0,0.0,0.0,1703.0,730.0,1496.0,644.0
0.0,13848.0,3990.0,2448.0,0.0,0.0,0.0,1713.0,735.0,2801.0,1189.0
0.0,9858.0,4467.0,2510.0,0.0,4649.0,4649.0,1757.0,753.0,3134.0,1333.0
0.0,5391.0,3045.0,2558.0,0.0,7886.0,7886.0,1791.0,767.0,2132.0,913.0
0.0,2346.0,1146.0,2547.0,4649.0,4339.0,4339.0,1783.0,764.0,797.0,349.0
0.0,5849.0,632.0,2486.0,7886.0,0.0,0.0,1740.0,746.0,437.0,195.0
0.0,13103.0,1980.0,2439.0,4339.0,0.0,0.0,1707.0,732.0,1384.0,596.0
0.0,15462.0,3835.0,2454.0,0.0,0.0,0.0,1718.0,736.0,2689.0,1146.0
0.0,11627.0,4343.0,2519.0,0.0,2792.0,2792.0,1763.0,756.0,3045.0,1298.0
0.0,7284.0,2922.0,2567.0,0.0,5906.0,5906.0,1797.0,770.0,2046.0,876.0
0.0,4362.0,1003.0,2550.0,2792.0,4049.0,4049.0,1785.0,765.0,699.0,304.0
0.0,6151.0,563.0,2486.0,5906.0,0.0,0.0,1740.0,746.0,389.0,174.0
0.0,11494.0,2042.0,2442.0,4049.0,0.0,0.0,1709.0,733.0,1430.0,612.0
0.0,13501.0,4066.0,2463.0,0.0,417.0,417.0,1724.0,739.0,2850.0,1216.0
0.0,9435.0,4651.0,2530.0,0.0,5336.0,5336.0,1771.0,759.0,3260.0,1391.0
0.0,4784.0,3135.0,2574.0,417.0,8230.0,8230.0,1802.0,772.0,2194.0,941.0
0.0,2066.0,1104.0,2553.0,5336.0,3914.0,3914.0,1787.0,766.0,769.0,335.0
0.0,6298.0,548.0,2489.0,8230.0,0.0,0.0,1742.0,747.0,379.0,169.0
0.0,13980.0,1930.0,2443.0,3914.0,0.0,0.0,1710.0,733.0,1352.0,578.0
0.0,15964.0,3897.0,2465.0,0.0,0.0,0.0,1725.0,740.0,2732.0,1165.0
0.0,12067.0,4492.0,2531.0,0.0,2549.0,2549.0,1772.0,759.0,3149.0,1343.0
0.0,7575.0,3057.0,2578.0,0.0,5794.0,5794.0,1805.0,773.0,2140.0,917.0
0.0,4518.0,1006.0,2557.0,2549.0,4167.0,4167.0,1790.0,767.0,700.0,306.0
0.0,6061.0,482.0,2490.0,5794.0,0.0,0.0,1743.0,747.0,334.0,148.0
0.0,11373.0,1957.0,2446.0,4167.0,0.0,0.0,1712.0,734.0,1371.0,586.0
0.0,13583.0,4012.0,2467.0,0.0,297.0,297.0,1727.0,740.0,2810.0,1202.0
0.0,9571.0,4544.0,2533.0,0.0,5105.0,5105.0,1773.0,760.0,3184.0,1360.0
0.0,5027.0,3139.0,2577.0,297.0,8123.0,8123.0,1804.0,773.0,2199.0,940.0
0.0,2185.0,1221.0,2555.0,5105.0,4151.0,4151.0,1789.0,766.0,850.0,371.0
0.0,6069.0,661.0,2490.0,8123.0,0.0,0.0,1743.0,747.0,456.0,205.0
0.0,13531.0,2052.0,2449.0,4151.0,0.0,0.0,1714.0,735.0,1436.0,616.0
0.0,15630.0,3933.0,2472.0,0.0,0.0,0.0,1730.0,742.0,2759.0,1174.0
0.0,11697.0,4392.0,2536.0,0.0,2839.0,2839.0,1775.0,761.0,3081.0,1311.0
0.0,7305.0,2991.0,2578.0,0.0,5998.0,5998.0,1805.0,773.0,2093.0,898.0
0.0,4314.0,1050.0,2557.0,2839.0,4125.0,4125.0,1790.0,767.0,730.0,320.0
0.0,6103.0,500.0,2493.0,5998.0,0.0,0.0,1745.0,748.0,343.0,157.0
0.0,11601.0,1865.0,2449.0,4125.0,0.0,0.0,1714.0,735.0,1306.0,559.0
0.0,13861.0,3873.0,2472.0,0.0,0.0,0.0,1730.0,742.0,2717.0,1156.0
0.0,9988.0,4491.0,2536.0,0.0,4647.0,4647.0,1775.0,761.0,3148.0,1343.0
0.0,5497.0,3285.0,2582.0,0.0,8116.0,8116.0,1808.0,774.0,2300.0,985.0
0.0,2212.0,1422.0,2565.0,4647.0,4823.0,4823.0,1796.0,769.0,991.0,431.0
0.0,5437.0,721.0,2504.0,8116.0,0.0,0.0,1753.0,751.0,501.0,220.0
0.0,12832.0,1939.0,2460.0,4823.0,0.0,0.0,1722.0,738.0,1355.0,584.0
0.0,15716.0,3785.0,2479.0,0.0,0.0,0.0,1735.0,744.0,2651.0,1134.0
0.0,11931.0,4398.0,2542.0,0.0,2635.0,2635.0,1779.0,763.0,3085.0,1313.0
0.0,7533.0,3121.0,2588.0,0.0,5940.0,5940.0,1812.0,776.0,2190.0,931.0
0.0,4412.0,1208.0,2571.0,2635.0,4445.0,4445.0,1800.0,771.0,843.0,365.0
0.0,5839.0,524.0,2508.0,5940.0,0.0,0.0,1756.0,752.0,358.0,166.0
0.0,11255.0,1724.0,2460.0,4445.0,0.0,0.0,1722.0,738.0,1203.0,521.0
0.0,13976.0,3750.0,2479.0,0.0,0.0,0.0,1735.0,744.0,2628.0,1122.0
0.0,10226.0,4522.0,2544.0,0.0,4472.0,4472.0,1781.0,763.0,3172.0,1350.0
0.0,5704.0,3310.0,2594.0,0.0,7982.0,7982.0,1816.0,778.0,2320.0,990.0
0.0,2394.0,1331.0,2578.0,4472.0,4777.0,4777.0,1805.0,773.0,928.0,403.0
0.0,5535.0,551.0,2512.0,7982.0,0.0,0.0,1758.0,754.0,381.0,170.0
0.0,12966.0,1797.0,2460.0,4777.0,0.0,0.0,1722.0,738.0,1257.0,540.0
0.0,15946.0,3826.0,2476.0,0.0,0.0,0.0,1733.0,743.0,2682.0,1144.0
0.0,12120.0,4697.0,2544.0,0.0,2753.0,2753.0,1781.0,763.0,3291.0,1406.0
0.0,7423.0,3458.0,2598.0,0.0,6427.0,6427.0,1819.0,779.0,2421.0,1037.0
0.0,3965.0,1292.0,2585.0,2753.0,4914.0,4914.0,1810.0,775.0,903.0,389.0
0.0,5426.0,350.0,2518.0,6427.0,0.0,0.0,1763.0,755.0,240.0,110.0
0.0,11503.0,1552.0,2464.0,4914.0,0.0,0.0,1725.0,739.0,1083.0,469.0
0.0,14865.0,3693.0,2479.0,0.0,0.0,0.0,1735.0,744.0,2588.0,1105.0
0.0,11172.0,4689.0,2550.0,0.0,3717.0,3717.0,1785.0,765.0,3288.0,1401.0
0.0,6483.0,3508.0,2607.0,0.0,7453.0,7453.0,1825.0,782.0,2458.0,1050.0
0.0,2975.0,1408.0,2594.0,3717.0,5092.0,5092.0,1816.0,778.0,982.0,426.0
0.0,5284.0,480.0,2526.0,7453.0,0.0,0.0,1768.0,758.0,330.0,150.0
0.0,12257.0,1652.0,2468.0,5092.0,0.0,0.0,1727.0,741.0,1156.0,496.0
0.0,15697.0,3829.0,2481.0,0.0,0.0,0.0,1737.0,744.0,2684.0,1145.0
0.0,11868.0,4750.0,2551.0,0.0,3086.0,3086.0,1786.0,765.0,3329.0,1421.0
0.0,7118.0,3504.0,2608.0,0.0,6818.0,6818.0,1826.0,782.0,2453.0,1051.0
0.0,3614.0,1361.0,2597.0,3086.0,5049.0,5049.0,1818.0,779.0,950.0,411.0
0.0,5339.0,424.0,2530.0,6818.0,0.0,0.0,1771.0,759.0,292.0,132.0
0.0,11733.0,1590.0,2475.0,5049.0,0.0,0.0,1732.0,743.0,1111.0,479.0
0.0,15192.0,3691.0,2487.0,0.0,0.0,0.0,1741.0,746.0,2588.0,1103.0
0.0,11501.0,4592.0,2556.0,0.0,3315.0,3315.0,1789.0,767.0,3222.0,1370.0
0.0,6909.0,3312.0,2610.0,0.0,6843.0,6843.0,1827.0,783.0,2319.0,993.0
0.0,3597.0,1196.0,2596.0,3315.0,4668.0,4668.0,1817.0,779.0,830.0,366.0
0.0,5716.0,445.0,2527.0,6843.0,0.0,0.0,1769.0,758.0,304.0,141.0
0.0,12114.0,1782.0,2473.0,4668.0,0.0,0.0,1731.0,742.0,1248.0,534.0
0.0,15000.0,3929.0,2489.0,0.0,0.0,0.0,1742.0,747.0,2758.0,1171.0
0.0,11071.0,4789.0,2557.0,0.0,3946.0,3946.0,1790.0,767.0,3359.0,1430.0
0.0,6282.0,3467.0,2611.0,0.0,7629.0,7629.0,1828.0,783.0,2426.0,1041.0
0.0,2815.0,1325.0,2597.0,3946.0,4952.0,4952.0,1818.0,779.0,921.0,404.0
0.0,5436.0,399.0,2530.0,7629.0,0.0,0.0,1771.0,759.0,274.0,125.0
0.0,12666.0,1622.0,2476.0,4952.0,0.0,0.0,1733.0,743.0,1134.0,488.0
0.0,15996.0,3803.0,2492.0,0.0,0.0,0.0,1744.0,748.0,2667.0,1136.0
0.0,12193.0,4687.0,2562.0,0.0,2742.0,2742.0,1793.0,769.0,3288.0,1399.0
0.0,7506.0,3389.0,2617.0,0.0,6351.0,6351.0,1832.0,785.0,2372.0,1017.0
0.0,4117.0,1196.0,2604.0,2742.0,4753.0,4753.0,1823.0,781.0,831.0,365.0
0.0,5663.0,362.0,2537.0,6351.0,0.0,0.0,1776.0,761.0,249.0,113.0
0.0,11652.0,1756.0,2485.0,4753.0,0.0,0.0,1739.0,746.0,1229.0,527.0
0.0,14649.0,3975.0,2497.0,0.0,0.0,0.0,1748.0,749.0,2788.0,1187.0
0.0,10674.0,4792.0,2563.0,0.0,4370.0,4370.0,1794.0,769.0,3360.0,1432.0
0.0,5882.0,3390.0,2614.0,0.0,7964.0,7964.0,1830.0,784.0,2373.0,1017.0
0.0,2492.0,1222.0,2600.0,4370.0,4760.0,4760.0,1820.0,780.0,850.0,372.0
0.0,5640.0,419.0,2536.0,7964.0,0.0,0.0,1775.0,761.0,288.0,131.0
0.0,13185.0,1753.0,2485.0,4760.0,0.0,0.0,1739.0,746.0,1227.0,526.0
0.0,16192.0,3895.0,2499.0,0.0,0.0,0.0,1749.0,750.0,2733.0,1162.0
0.0,12297.0,4754.0,2567.0,0.0,2725.0,2725.0,1797.0,770.0,3333.0,1421.0
0.0,7543.0,3296.0,2621.0,0.0,6237.0,6237.0,1835.0,786.0,2306.0,990.0
0.0,4247.0,1075.0,2608.0,2725.0,4535.0,4535.0,1826.0,782.0,746.0,329.0
0.0,5897.0,272.0,2542.0,6237.0,0.0,0.0,1779.0,763.0,184.0,88.0
0.0,11862.0,1768.0,2489.0,4535.0,0.0,0.0,1742.0,747.0,1239.0,529.0
0.0,14629.0,4033.0,2503.0,0.0,0.0,0.0,1752.0,751.0,2831.0,1202.0
0.0,10596.0,4892.0,2571.0,0.0,4580.0,4580.0,1800.0,771.0,3432.0,1460.0
0.0,5704.0,3498.0,2628.0,0.0,8306.0,8306.0,1840.0,788.0,2448.0,1050.0
0.0,2206.0,1209.0,2616.0,4580.0,4887.0,4887.0,1831.0,785.0,838.0,371.0
0.0,5577.0,324.0,2549.0,8306.0,0.0,0.0,1784.0,765.0,219.0,105.0
0.0,13559.0,1725.0,2492.0,4887.0,0.0,0.0,1744.0,748.0,1208.0,517.0
0.0,16721.0,3941.0,2501.0,0.0,0.0,0.0,1751.0,750.0,2766.0,1175.0
0.0,12780.0,4741.0,2567.0,0.0,2229.0,2229.0,1797.0,770.0,3325.0,1416.0
0.0,8039.0,3317.0,2624.0,0.0,5774.0,5774.0,1837.0,787.0,2321.0,996.0
0.0,4722.0,1020.0,2614.0,2229.0,4525.0,4525.0,1830.0,784.0,707.0,313.0
0.0,5931.0,169.0,2546.0,5774.0,0.0,0.0,1782.0,764.0,114.0,55.0
0.0,11536.0,1688.0,2489.0,4525.0,0.0,0.0,1742.0,747.0,1184.0,504.0
0.0,14373.0,4076.0,2500.0,0.0,0.0,0.0,1750.0,750.0,2858.0,1218.0
0.0,10297.0,4980.0,2568.0,0.0,4955.0,4955.0,1798.0,770.0,3488.0,1492.0
0.0,5317.0,3545.0,2627.0,0.0,8736.0,8736.0,1839.0,788.0,2480.0,1065.0
0.0,1772.0,1171.0,2618.0,4955.0,4916.0,4916.0,1833.0,785.0,816.0,355.0
0.0,5556.0,296.0,2550.0,8736.0,0.0,0.0,1785.0,765.0,205.0,91.0
0.0,13996.0,1769.0,2493.0,4916.0,0.0,0.0,1745.0,748.0,1238.0,531.0
0.0,17143.0,4126.0,2505.0,0.0,0.0,0.0,1753.0,752.0,2891.0,1235.0
0.0,13017.0,4937.0,2573.0,0.0,2212.0,2212.0,1801.0,772.0,3459.0,1478.0
0.0,8080.0,3331.0,2630.0,0.0,5771.0,5771.0,1841.0,789.0,2331.0,1000.0
0.0,4749.0,892.0,2616.0,2212.0,4395.0,4395.0,1831.0,785.0,621.0,271.0
0.0,6069.0,80.0,2547.0,5771.0,0.0,0.0,1783.0,764.0,53.0,27.0
0.0,11760.0,1650.0,2490.0,4395.0,0.0,0.0,1743.0,747.0,1158.0,492.0
0.0,14505.0,4085.0,2505.0,0.0,0.0,0.0,1753.0,752.0,2864.0,1221.0
0.0,10420.0,4946.0,2577.0,0.0,4834.0,4834.0,1804.0,773.0,3464.0,1482.0
0.0,5474.0,3400.0,2634.0,0.0,8462.0,8462.0,1844.0,790.0,2377.0,1023.0
0.0,2074.0,1065.0,2620.0,4834.0,4637.0,4637.0,1834.0,786.0,742.0,323.0
0.0,5843.0,275.0,2550.0,8462.0,0.0,0.0,1785.0,765.0,189.0,86.0
0.0,14030.0,1874.0,2493.0,4637.0,0.0,0.0,1745.0,748.0,1313.0,561.0
0.0,16793.0,4238.0,2509.0,0.0,0.0,0.0,1756.0,753.0,2971.0,1267.0
0.0,12555.0,5000.0,2579.0,0.0,2761.0,2761.0,1805.0,774.0,3503.0,1497.0
0.0,7555.0,3419.0,2637.0,0.0,6412.0,6412.0,1846.0,791.0,2393.0,1026.0
0.0,4136.0,1030.0,2626.0,2761.0,4637.0,4637.0,1838.0,788.0,716.0,314.0
0.0,5867.0,194.0,2556.0,6412.0,0.0,0.0,1789.0,767.0,131.0,63.0
0.0,12085.0,1695.0,2499.0,4637.0,0.0,0.0,1749.0,750.0,1188.0,507.0
0.0,15027.0,4070.0,2512.0,0.0,0.0,0.0,1758.0,754.0,2855.0,1215.0
0.0,10957.0,4900.0,2583.0,0.0,4275.0,4275.0,1808.0,775.0,3433.0,1467.0
0.0,6057.0,3367.0,2641.0,0.0,7874.0,7874.0,1849.0,792.0,2357.0,1010.0
0.0,2690.0,1058.0,2627.0,4275.0,4601.0,4601.0,1839.0,788.0,735.0,323.0
0.0,5907.0,301.0,2557.0,7874.0,0.0,0.0,1790.0,767.0,205.0,96.0
0.0,13480.0,1940.0,2502.0,4601.0,0.0,0.0,1751.0,751.0,1360.0,580.0
0.0,16141.0,4227.0,2519.0,0.0,0.0,0.0,1763.0,756.0,2967.0,1260.0
0.0,11914.0,4925.0,2590.0,0.0,3371.0,3371.0,1813.0,777.0,3454.0,1471.0
0.0,6989.0,3284.0,2644.0,0.0,6871.0,6871.0,1851.0,793.0,2297.0,987.0
0.0,3705.0,991.0,2630.0,3371.0,4435.0,4435.0,1841.0,789.0,684.0,307.0
0.0,6085.0,279.0,2560.0,6871.0,0.0,0.0,1792.0,768.0,187.0,92.0
0.0,12677.0,1840.0,2505.0,4435.0,0.0,0.0,1753.0,752.0,1288.0,552.0
0.0,15272.0,4095.0,2520.0,0.0,0.0,0.0,1764.0,756.0,2877.0,1218.0
0.0,11177.0,4726.0,2590.0,0.0,3909.0,3909.0,1813.0,777.0,3317.0,1409.0
0.0,6451.0,3286.0,2648.0,0.0,7427.0,7427.0,1854.0,794.0,2298.0,988.0
0.0,3165.0,1146.0,2636.0,3909.0,4616.0,4616.0,1845.0,791.0,791.0,355.0
0.0,5928.0,455.0,2567.0,7427.0,0.0,0.0,1797.0,770.0,311.0,144.0
0.0,12900.0,1955.0,2511.0,4616.0,0.0,0.0,1757.0,754.0,1372.0,583.0
0.0,15561.0,4127.0,2523.0,0.0,0.0,0.0,1766.0,757.0,2900.0,1227.0
0.0,11434.0,4857.0,2593.0,0.0,3795.0,3795.0,1815.0,778.0,3406.0,1451.0
0.0,6577.0,3418.0,2652.0,0.0,7449.0,7449.0,1857.0,795.0,2389.0,1029.0
0.0,3159.0,1212.0,2643.0,3795.0,4830.0,4830.0,1850.0,793.0,840.0,372.0
0.0,5742.0,477.0,2576.0,7449.0,0.0,0.0,1803.0,773.0,327.0,150.0
0.0,12714.0,1890.0,2521.0,4830.0,0.0,0.0,1764.0,757.0,1324.0,566.0
0.0,15654.0,3973.0,2533.0,0.0,0.0,0.0,1773.0,760.0,2789.0,1184.0
0.0,11681.0,4684.0,2604.0,0.0,3419.0,3419.0,1823.0,781.0,3285.0,1399.0
0.0,6997.0,3303.0,2664.0,0.0,6962.0,6962.0,1865.0,799.0,2313.0,990.0
0.0,3694.0,1206.0,2656.0,3419.0,4717.0,4717.0,1859.0,797.0,836.0,370.0
0.0,5907.0,484.0,2586.0,6962.0,0.0,0.0,1810.0,776.0,331.0,153.0
0.0,12385.0,1887.0,2526.0,4717.0,0.0,0.0,1768.0,758.0,1321.0,566.0
0.0,15215.0,4043.0,2536.0,0.0,0.0,0.0,1775.0,761.0,2838.0,1205.0
0.0,11172.0,4852.0,2607.0,0.0,4108.0,4108.0,1825.0,782.0,3405.0,1447.0
0.0,6320.0,3393.0,2667.0,0.0,7741.0,7741.0,1867.0,800.0,2375.0,1018.0
0.0,2927.0,1144.0,2654.0,4108.0,4725.0,4725.0,1858.0,796.0,792.0,352.0
0.0,5891.0,415.0,2583.0,7741.0,0.0,0.0,1808.0,775.0,282.0,133.0
0.0,13217.0,1929.0,2525.0,4725.0,0.0,0.0,1767.0,758.0,1352.0,577.0
0.0,16013.0,4142.0,2541.0,0.0,0.0,0.0,1779.0,762.0,2908.0,1234.0
0.0,11871.0,4814.0,2617.0,0.0,3411.0,3411.0,1832.0,785.0,3378.0,1436.0
0.0,7057.0,3230.0,2677.0,0.0,6881.0,6881.0,1874.0,803.0,2259.0,971.0
0.0,3827.0,1023.0,2664.0,3411.0,4441.0,4441.0,1865.0,799.0,708.0,315.0
0.0,6215.0,380.0,2593.0,6881.0,0.0,0.0,1815.0,778.0,258.0,122.0
0.0,12716.0,1894.0,2535.0,4441.0,0.0,0.0,1774.0,761.0,1326.0,568.0
0.0,15263.0,4134.0,2549.0,0.0,0.0,0.0,1784.0,765.0,2903.0,1231.0
0.0,11129.0,4833.0,2621.0,0.0,4188.0,4188.0,1835.0,786.0,3392.0,1441.0
0.0,6296.0,3407.0,2681.0,0.0,7835.0,7835.0,1877.0,804.0,2383.0,1024.0
0.0,2889.0,1289.0,2670.0,4188.0,4892.0,4892.0,1869.0,801.0,893.0,396.0
0.0,5788.0,595.0,2600.0,7835.0,0.0,0.0,1820.0,780.0,410.0,185.0
0.0,13028.0,1986.0,2542.0,4892.0,0.0,0.0,1779.0,763.0,1390.0,596.0
0.0,15934.0,4038.0,2554.0,0.0,0.0,0.0,1788.0,766.0,2833.0,1205.0
0.0,11896.0,4695.0,2624.0,0.0,3295.0,3295.0,1837.0,787.0,3294.0,1401.0
0.0,7201.0,3210.0,2683.0,0.0,6741.0,6741.0,1878.0,805.0,2247.0,963.0
0.0,3991.0,1069.0,2671.0,3295.0,4467.0,4467.0,1870.0,801.0,742.0,327.0
0.0,6217.0,378.0,2600.0,6741.0,0.0,0.0,1820.0,780.0,257.0,121.0
0.0,12580.0,1939.0,2543.0,4467.0,0.0,0.0,1780.0,763.0,1357.0,582.0
0.0,15108.0,4240.0,2560.0,0.0,0.0,0.0,1792.0,768.0,2975.0,1265.0
0.0,10868.0,4932.0,2634.0,0.0,4600.0,4600.0,1844.0,790.0,3461.0,1471.0
0.0,5936.0,3349.0,2693.0,0.0,8185.0,8185.0,1885.0,808.0,2346.0,1003.0
0.0,2587.0,1053.0,2676.0,4600.0,4570.0,4570.0,1873.0,803.0,730.0,323.0
0.0,6134.0,340.0,2600.0,8185.0,0.0,0.0,1820.0,780.0,229.0,111.0
0.0,13979.0,1940.0,2544.0,4570.0,0.0,0.0,1780.0,764.0,1353.0,587.0
0.0,16609.0,4238.0,2562.0,0.0,0.0,0.0,1793.0,769.0,2972.0,1266.0
0.0,12371.0,4938.0,2637.0,0.0,3115.0,3115.0,1846.0,791.0,3467.0,1471.0
0.0,7433.0,3331.0,2697.0,0.0,6686.0,6686.0,1888.0,809.0,2338.0,993.0
0.0,4102.0,1042.0,2681.0,3115.0,4549.0,4549.0,1877.0,804.0,724.0,318.0
0.0,6175.0,321.0,2609.0,6686.0,0.0,0.0,1826.0,783.0,214.0,107.0
0.0,12540.0,1819.0,2552.0,4549.0,0.0,0.0,1786.0,766.0,1269.0,550.0
0.0,15270.0,4096.0,2568.0,0.0,0.0,0.0,1797.0,771.0,2872.0,1224.0
0.0,11174.0,4851.0,2640.0,0.0,4237.0,4237.0,1848.0,792.0,3405.0,1446.0
0.0,6323.0,3388.0,2695.0,0.0,7845.0,7845.0,1887.0,808.0,2377.0,1011.0
0.0,2935.0,1200.0,2681.0,4237.0,4752.0,4752.0,1877.0,804.0,836.0,364.0
0.0,5972.0,554.0,2613.0,7845.0,0.0,0.0,1829.0,784.0,377.0,177.0
0.0,13263.0,2047.0,2559.0,4752.0,0.0,0.0,1791.0,768.0,1427.0,620.0
0.0,15968.0,4203.0,2573.0,0.0,0.0,0.0,1801.0,772.0,2947.0,1256.0
0.0,11765.0,4860.0,2644.0,0.0,3671.0,3671.0,1851.0,793.0,3411.0,1449.0
0.0,6905.0,3271.0,2698.0,0.0,7158.0,7158.0,1889.0,809.0,2295.0,976.0
0.0,3634.0,1061.0,2681.0,3671.0,4480.0,4480.0,1877.0,804.0,736.0,325.0
0.0,6244.0,423.0,2613.0,7158.0,0.0,0.0,1829.0,784.0,285.0,138.0
0.0,12979.0,1999.0,2562.0,4480.0,0.0,0.0,1793.0,769.0,1396.0,603.0
0.0,15460.0,4190.0,2579.0,0.0,0.0,0.0,1805.0,774.0,2941.0,1249.0
0.0,11270.0,4883.0,2650.0,0.0,4213.0,4213.0,1855.0,795.0,3429.0,1454.0
0.0,6387.0,3310.0,2704.0,0.0,7739.0,7739.0,1893.0,811.0,2320.0,990.0
0.0,3077.0,1071.0,2688.0,4213.0,4533.0,4533.0,1882.0,806.0,743.0,328.0
0.0,6219.0,392.0,2618.0,7739.0,0.0,0.0,1832.0,786.0,263.0,129.0
0.0,13566.0,1969.0,2562.0,4533.0,0.0,0.0,1793.0,769.0,1374.0,595.0
0.0,16130.0,4333.0,2580.0,0.0,0.0,0.0,1806.0,774.0,3040.0,1293.0
0.0,11797.0,5099.0,2657.0,0.0,3930.0,3930.0,1860.0,797.0,3580.0,1519.0
0.0,6698.0,3521.0,2717.0,0.0,7691.0,7691.0,1902.0,815.0,2470.0,1051.0
0.0,3177.0,1129.0,2701.0,3930.0,4826.0,4826.0,1891.0,810.0,785.0,344.0
0.0,5978.0,180.0,2625.0,7691.0,0.0,0.0,1837.0,788.0,115.0,65.0
0.0,13489.0,1647.0,2564.0,4826.0,0.0,0.0,1794.0,770.0,1147.0,500.0
0.0,16668.0,3999.0,2579.0,0.0,0.0,0.0,1805.0,774.0,2804.0,1195.0
0.0,12669.0,4902.0,2653.0,0.0,2845.0,2845.0,1857.0,796.0,3441.0,1461.0
0.0,7767.0,3497.0,2714.0,0.0,6586.0,6586.0,1900.0,814.0,2453.0,1044.0
0.0,4270.0,1210.0,2700.0,2845.0,4895.0,4895.0,1890.0,810.0,844.0,366.0
0.0,5905.0,350.0,2627.0,6586.0,0.0,0.0,1839.0,788.0,237.0,113.0
0.0,12141.0,1916.0,2571.0,4895.0,0.0,0.0,1799.0,772.0,1337.0,579.0
0.0,15120.0,4312.0,2589.0,0.0,0.0,0.0,1812.0,777.0,3019.0,1293.0
0.0,10808.0,5164.0,2663.0,0.0,5008.0,5008.0,1864.0,799.0,3621.0,1543.0
0.0,5644.0,3644.0,2721.0,0.0,8884.0,8884.0,1905.0,816.0,2558.0,1086.0
0.0,2000.0,1183.0,2707.0,5008.0,5003.0,5003.0,1895.0,812.0,826.0,357.0
0.0,5825.0,189.0,2632.0,8884.0,0.0,0.0,1842.0,790.0,123.0,66.0
0.0,14520.0,1624.0,2573.0,5003.0,0.0,0.0,1801.0,772.0,1132.0,492.0
0.0,17899.0,4012.0,2589.0,0.0,0.0,0.0,1812.0,777.0,2810.0,1202.0
0.0,13887.0,5050.0,2666.0,0.0,1827.0,1827.0,1866.0,800.0,3544.0,1506.0
0.0,8837.0,3595.0,2727.0,0.0,5666.0,5666.0,1909.0,818.0,2524.0,1071.0
0.0,5242.0,1171.0,2712.0,1827.0,4950.0,4950.0,1899.0,813.0,818.0,353.0
0.0,5898.0,179.0,2634.0,5666.0,0.0,0.0,1844.0,790.0,115.0,64.0
0.0,11385.0,1754.0,2573.0,4950.0,0.0,0.0,1801.0,772.0,1219.0,535.0
0.0,14581.0,4305.0,2592.0,0.0,92.0,92.0,1814.0,778.0,3016.0,1289.0
0.0,10276.0,5279.0,2673.0,0.0,5695.0,5695.0,1871.0,802.0,3708.0,1571.0
0.0,4997.0,3691.0,2737.0,92.0,9550.0,9550.0,1916.0,821.0,2592.0,1099.0
0.0,1398.0,1119.0,2721.0,5695.0,4910.0,4910.0,1905.0,816.0,780.0,339.0
0.0,5974.0,140.0,2643.0,9550.0,0.0,0.0,1850.0,793.0,85.0,55.0
0.0,15384.0,1671.0,2579.0,4910.0,0.0,0.0,1805.0,774.0,1160.0,511.0
0.0,18623.0,4200.0,2596.0,0.0,0.0,0.0,1817.0,779.0,2943.0,1257.0
0.0,14423.0,5173.0,2676.0,0.0,1454.0,1454.0,1873.0,803.0,3634.0,1539.0
0.0,9250.0,3602.0,2739.0,0.0,5308.0,5308.0,1918.0,821.0,2532.0,1070.0
0.0,5648.0,1018.0,2724.0,1454.0,4812.0,4812.0,1907.0,817.0,710.0,308.0
0.0,6084.0,4.0,2645.0,5308.0,0.0,0.0,1852.0,793.0,0.0,4.0
0.0,11388.0,1567.0,2582.0,4812.0,0.0,0.0,1807.0,775.0,1086.0,481.0
0.0,14633.0,4306.0,2599.0,0.0,69.0,69.0,1819.0,780.0,3006.0,1300.0
0.0,10327.0,5420.0,2680.0,0.0,5813.0,5813.0,1876.0,804.0,3797.0,1623.0
0.0,4907.0,3813.0,2743.0,69.0,9809.0,9809.0,1920.0,823.0,2679.0,1134.0
0.0,1163.0,1173.0,2727.0,5813.0,5105.0,5105.0,1909.0,818.0,830.0,343.0
0.0,5803.0,111.0,2648.0,9809.0,0.0,0.0,1854.0,794.0,74.0,37.0
0.0,15501.0,1712.0,2587.0,5105.0,0.0,0.0,1811.0,776.0,1187.0,525.0
0.0,18894.0,4263.0,2606.0,0.0,0.0,0.0,1824.0,782.0,2978.0,1285.0
0.0,14631.0,5251.0,2687.0,0.0,1368.0,1368.0,1881.0,806.0,3681.0,1570.0
0.0,9380.0,3588.0,2748.0,0.0,5200.0,5200.0,1924.0,824.0,2523.0,1065.0
0.0,5792.0,930.0,2727.0,1368.0,4678.0,4678.0,1909.0,818.0,656.0,274.0
0.0,6230.0,0.0,2647.0,5200.0,0.0,0.0,1853.0,794.0,0.0,0.0
0.0,11430.0,1614.0,2583.0,4678.0,0.0,0.0,1808.0,775.0,1117.0,497.0
0.0,14494.0,4298.0,2602.0,0.0,212.0,212.0,1821.0,781.0,2997.0,1301.0
0.0,10196.0,5338.0,2685.0,0.0,5882.0,5882.0,1879.0,806.0,3738.0,1600.0
0.0,4858.0,3801.0,2750.0,212.0,9731.0,9731.0,1925.0,825.0,2673.0,1128.0
0.0,1269.0,1187.0,2735.0,5882.0,4976.0,4976.0,1915.0,820.0,843.0,344.0
0.0,5964.0,162.0,2655.0,9731.0,0.0,0.0,1859.0,796.0,113.0,49.0
0.0,15533.0,1759.0,2590.0,4976.0,0.0,0.0,1813.0,777.0,1217.0,542.0
0.0,18750.0,4296.0,2606.0,0.0,0.0,0.0,1824.0,782.0,2995.0,1301.0
0.0,14454.0,5216.0,2685.0,0.0,1502.0,1502.0,1879.0,806.0,3653.0,1563.0
0.0,9238.0,3575.0,2750.0,0.0,5337.0,5337.0,1925.0,825.0,2515.0,1060.0
0.0,5663.0,986.0,2737.0,1502.0,4769.0,4769.0,1916.0,821.0,701.0,285.0
0.0,6179.0,25.0,2661.0,5337.0,0.0,0.0,1863.0,798.0,17.0,8.0
0.0,11491.0,1622.0,2597.0,4769.0,0.0,0.0,1818.0,779.0,1125.0,497.0
0.0,14638.0,4207.0,2611.0,0.0,13.0,13.0,1827.0,784.0,2935.0,1272.0
0.0,10431.0,5275.0,2689.0,0.0,5600.0,5600.0,1882.0,807.0,3691.0,1584.0
0.0,5156.0,3758.0,2754.0,13.0,9605.0,9605.0,1928.0,826.0,2640.0,1118.0
0.0,1411.0,1184.0,2741.0,5600.0,5137.0,5137.0,1919.0,822.0,838.0,346.0
0.0,5827.0,184.0,2661.0,9605.0,0.0,0.0,1863.0,798.0,129.0,55.0
0.0,15248.0,1774.0,2596.0,5137.0,0.0,0.0,1817.0,779.0,1233.0,541.0
0.0,18611.0,4352.0,2609.0,0.0,0.0,0.0,1826.0,783.0,3037.0,1315.0
0.0,14259.0,5298.0,2689.0,0.0,1795.0,1795.0,1882.0,807.0,3708.0,1590.0
0.0,8961.0,3706.0,2757.0,0.0,5773.0,5773.0,1930.0,827.0,2601.0,1105.0
0.0,5255.0,1074.0,2746.0,1795.0,5008.0,5008.0,1922.0,824.0,760.0,314.0
0.0,5976.0,29.0,2670.0,5773.0,0.0,0.0,1869.0,801.0,23.0,6.0
0.0,11720.0,1607.0,2603.0,5008.0,0.0,0.0,1822.0,781.0,1119.0,488.0
0.0,15121.0,4190.0,2615.0,0.0,0.0,0.0,1830.0,785.0,2923.0,1267.0
0.0,10931.0,5246.0,2693.0,0.0,5087.0,5087.0,1885.0,808.0,3668.0,1578.0
0.0,5685.0,3742.0,2762.0,0.0,9105.0,9105.0,1933.0,829.0,2626.0,1116.0
0.0,1943.0,1158.0,2750.0,5087.0,5128.0,5128.0,1925.0,825.0,820.0,338.0
0.0,5872.0,147.0,2670.0,9105.0,0.0,0.0,1869.0,801.0,106.0,41.0
0.0,14830.0,1685.0,2601.0,5128.0,0.0,0.0,1821.0,780.0,1173.0,512.0
0.0,18273.0,4315.0,2613.0,0.0,0.0,0.0,1829.0,784.0,3012.0,1303.0
0.0,13958.0,5393.0,2695.0,0.0,2215.0,2215.0,1886.0,809.0,3774.0,1619.0
0.0,8565.0,3755.0,2764.0,0.0,6246.0,6246.0,1935.0,829.0,2635.0,1120.0
0.0,4810.0,1080.0,2754.0,2215.0,5071.0,5071.0,1928.0,826.0,762.0,318.0
0.0,5945.0,82.0,2674.0,6246.0,0.0,0.0,1872.0,802.0,58.0,24.0
0.0,12109.0,1706.0,2607.0,5071.0,0.0,0.0,1825.0,782.0,1190.0,516.0
0.0,15474.0,4228.0,2619.0,0.0,0.0,0.0,1833.0,786.0,2955.0,1273.0
0.0,11246.0,5127.0,2699.0,0.0,4677.0,4677.0,1889.0,810.0,3588.0,1539.0
0.0,6119.0,3641.0,2769.0,0.0,8598.0,8598.0,1938.0,831.0,2552.0,1089.0
0.0,2478.0,1215.0,2761.0,4677.0,5104.0,5104.0,1933.0,828.0,853.0,362.0
0.0,5940.0,300.0,2684.0,8598.0,0.0,0.0,1879.0,805.0,209.0,91.0
0.0,14238.0,1819.0,2616.0,5104.0,0.0,0.0,1831.0,785.0,1271.0,548.0
0.0,17523.0,4228.0,2623.0,0.0,0.0,0.0,1836.0,787.0,2958.0,1270.0
0.0,13295.0,5208.0,2701.0,0.0,2717.0,2717.0,1890.0,811.0,3646.0,1562.0
0.0,8087.0,3763.0,2772.0,0.0,6764.0,6764.0,1940.0,832.0,2637.0,1126.0
0.0,4324.0,1304.0,2763.0,2717.0,5315.0,5315.0,1934.0,829.0,915.0,389.0
0.0,5737.0,284.0,2687.0,6764.0,0.0,0.0,1881.0,806.0,196.0,88.0
0.0,12217.0,1649.0,2617.0,5315.0,0.0,0.0,1832.0,785.0,1148.0,501.0
0.0,15883.0,4004.0,2625.0,0.0,0.0,0.0,1837.0,788.0,2800.0,1204.0
0.0,11879.0,5036.0,2705.0,0.0,3977.0,3977.0,1893.0,812.0,3530.0,1506.0
0.0,6843.0,3724.0,2776.0,0.0,7985.0,7985.0,1943.0,833.0,2613.0,1111.0
0.0,3119.0,1356.0,2771.0,3977.0,5344.0,5344.0,1940.0,831.0,952.0,404.0
0.0,5740.0,311.0,2694.0,7985.0,0.0,0.0,1886.0,808.0,214.0,97.0
0.0,13414.0,1716.0,2624.0,5344.0,0.0,0.0,1837.0,787.0,1193.0,523.0
0.0,17042.0,4154.0,2632.0,0.0,0.0,0.0,1842.0,790.0,2903.0,1251.0
0.0,12888.0,5218.0,2709.0,0.0,3166.0,3166.0,1896.0,813.0,3657.0,1561.0
0.0,7670.0,3759.0,2778.0,0.0,7201.0,7201.0,1944.0,834.0,2639.0,1120.0
0.0,3911.0,1313.0,2770.0,3166.0,5316.0,5316.0,1939.0,831.0,922.0,391.0
0.0,5764.0,324.0,2693.0,7201.0,0.0,0.0,1885.0,808.0,222.0,102.0
0.0,12641.0,1735.0,2626.0,5316.0,0.0,0.0,1838.0,788.0,1208.0,527.0
0.0,16222.0,4139.0,2637.0,0.0,0.0,0.0,1846.0,791.0,2894.0,1245.0
0.0,12083.0,5047.0,2715.0,0.0,3824.0,3824.0,1900.0,815.0,3536.0,1511.0
0.0,7036.0,3612.0,2785.0,0.0,7716.0,7716.0,1949.0,836.0,2536.0,1076.0
0.0,3424.0,1223.0,2777.0,3824.0,5083.0,5083.0,1944.0,833.0,859.0,364.0
0.0,6025.0,282.0,2701.0,7716.0,0.0,0.0,1891.0,810.0,194.0,88.0
0.0,13459.0,1736.0,2633.0,5083.0,0.0,0.0,1843.0,790.0,1209.0,527.0
0.0,16806.0,4231.0,2642.0,0.0,0.0,0.0,1849.0,793.0,2960.0,1271.0
0.0,12575.0,5273.0,2721.0,0.0,3582.0,3582.0,1904.0,817.0,3694.0,1579.0
0.0,7302.0,3758.0,2789.0,0.0,7612.0,7612.0,1952.0,837.0,2635.0,1123.0
0.0,3544.0,1206.0,2779.0,3582.0,5196.0,5196.0,1945.0,834.0,847.0,359.0
0.0,5920.0,229.0,2700.0,7612.0,0.0,0.0,1890.0,810.0,159.0,70.0
0.0,13303.0,1798.0,2632.0,5196.0,0.0,0.0,1842.0,790.0,1253.0,545.0
0.0,16701.0,4306.0,2643.0,0.0,0.0,0.0,1850.0,793.0,3010.0,1296.0
0.0,12395.0,5126.0,2722.0,0.0,3619.0,3619.0,1905.0,817.0,3591.0,1535.0
0.0,7269.0,3460.0,2787.0,0.0,7339.0,7339.0,1951.0,836.0,2429.0,1031.0
0.0,3809.0,1021.0,2776.0,3619.0,4697.0,4697.0,1943.0,833.0,719.0,302.0
0.0,6407.0,215.0,2700.0,7339.0,0.0,0.0,1890.0,810.0,146.0,69.0
0.0,13531.0,1902.0,2636.0,4697.0,0.0,0.0,1845.0,791.0,1324.0,578.0
0.0,16326.0,4370.0,2647.0,0.0,0.0,0.0,1853.0,794.0,3056.0,1314.0
0.0,11956.0,5182.0,2725.0,0.0,4126.0,4126.0,1907.0,818.0,3632.0,1550.0
0.0,6774.0,3578.0,2790.0,0.0,7964.0,7964.0,1953.0,837.0,2513.0,1065.0
0.0,3196.0,1128.0,2780.0,4126.0,4926.0,4926.0,1946.0,834.0,791.0,337.0
0.0,6194.0,398.0,2704.0,7964.0,0.0,0.0,1893.0,811.0,273.0,125.0
0.0,13760.0,2050.0,2640.0,4926.0,0.0,0.0,1848.0,792.0,1428.0,622.0
0.0,16636.0,4460.0,2654.0,0.0,0.0,0.0,1858.0,796.0,3120.0,1340.0
0.0,12176.0,5130.0,2732.0,0.0,3882.0,3882.0,1912.0,820.0,3596.0,1534.0
0.0,7046.0,3382.0,2796.0,0.0,7520.0,7520.0,1957.0,839.0,2373.0,1009.0
0.0,3664.0,959.0,2781.0,3882.0,4537.0,4537.0,1947.0,834.0,673.0,286.0
0.0,6587.0,317.0,2706.0,7520.0,0.0,0.0,1894.0,812.0,219.0,98.0
0.0,13790.0,2048.0,2647.0,4537.0,0.0,0.0,1853.0,794.0,1427.0,621.0
0.0,16279.0,4464.0,2663.0,0.0,0.0,0.0,1864.0,799.0,3121.0,1343.0
0.0,11815.0,5035.0,2736.0,0.0,4164.0,4164.0,1915.0,821.0,3529.0,1506.0
0.0,6780.0,3365.0,2795.0,0.0,7765.0,7765.0,1956.0,839.0,2362.0,1003.0
0.0,3415.0,1120.0,2781.0,4164.0,4665.0,4665.0,1947.0,834.0,787.0,333.0
0.0,6459.0,577.0,2711.0,7765.0,0.0,0.0,1898.0,813.0,399.0,178.0
0.0,13647.0,2351.0,2656.0,4665.0,0.0,0.0,1859.0,797.0,1640.0,711.0
0.0,15961.0,4644.0,2673.0,0.0,0.0,0.0,1871.0,802.0,3248.0,1396.0
0.0,11317.0,5096.0,2746.0,0.0,4763.0,4763.0,1922.0,824.0,3570.0,1526.0
0.0,6221.0,3220.0,2803.0,0.0,8211.0,8211.0,1962.0,841.0,2261.0,959.0
0.0,3001.0,889.0,2788.0,4763.0,4277.0,4277.0,1952.0,836.0,625.0,264.0
0.0,6875.0,350.0,2718.0,8211.0,0.0,0.0,1903.0,815.0,242.0,108.0
0.0,14736.0,2089.0,2661.0,4277.0,0.0,0.0,1863.0,798.0,1455.0,634.0
0.0,16924.0,4459.0,2675.0,0.0,0.0,0.0,1872.0,803.0,3117.0,1342.0
0.0,12465.0,5057.0,2746.0,0.0,3576.0,3576.0,1922.0,824.0,3544.0,1513.0
0.0,7408.0,3314.0,2804.0,0.0,7122.0,7122.0,1963.0,841.0,2328.0,986.0
0.0,4094.0,1052.0,2791.0,3576.0,4546.0,4546.0,1954.0,837.0,742.0,310.0
0.0,6618.0,569.0,2722.0,7122.0,0.0,0.0,1906.0,816.0,394.0,175.0
0.0,13171.0,2286.0,2666.0,4546.0,0.0,0.0,1866.0,800.0,1590.0,696.0
0.0,15431.0,4554.0,2682.0,0.0,0.0,0.0,1877.0,805.0,3180.0,1374.0
0.0,10877.0,5091.0,2754.0,0.0,5230.0,5230.0,1927.0,827.0,3567.0,1524.0
0.0,5786.0,3353.0,2813.0,0.0,8819.0,8819.0,1969.0,844.0,2359.0,994.0
0.0,2433.0,1097.0,2800.0,5230.0,4634.0,4634.0,1960.0,840.0,775.0,322.0
0.0,6566.0,467.0,2730.0,8819.0,0.0,0.0,1911.0,819.0,322.0,145.0
0.0,14918.0,2058.0,2672.0,4634.0,0.0,0.0,1870.0,802.0,1430.0,628.0
0.0,17494.0,4281.0,2685.0,0.0,0.0,0.0,1879.0,806.0,2991.0,1290.0
0.0,13213.0,5018.0,2758.0,0.0,2837.0,2837.0,1930.0,828.0,3516.0,1502.0
0.0,8195.0,3390.0,2817.0,0.0,6463.0,6463.0,1972.0,845.0,2382.0,1008.0
0.0,4805.0,1112.0,2805.0,2837.0,4690.0,4690.0,1964.0,841.0,785.0,327.0
0.0,6530.0,486.0,2734.0,6463.0,0.0,0.0,1914.0,820.0,338.0,148.0
0.0,12507.0,2157.0,2673.0,4690.0,0.0,0.0,1871.0,802.0,1501.0,656.0
0.0,15040.0,4471.0,2687.0,0.0,179.0,179.0,1881.0,806.0,3124.0,1347.0
0.0,10569.0,5126.0,2763.0,0.0,5609.0,5609.0,1934.0,829.0,3590.0,1536.0
0.0,5443.0,3387.0,2823.0,179.0,9057.0,9057.0,1976.0,847.0,2377.0,1010.0
0.0,2235.0,1069.0,2810.0,5609.0,4465.0,4465.0,1967.0,843.0,754.0,315.0
0.0,6775.0,479.0,2736.0,9057.0,0.0,0.0,1915.0,821.0,336.0,143.0
0.0,15353.0,2229.0,2680.0,4465.0,0.0,0.0,1876.0,804.0,1555.0,674.0
0.0,17589.0,4519.0,2700.0,0.0,0.0,0.0,1890.0,810.0,3157.0,1362.0
0.0,13070.0,4981.0,2776.0,0.0,3015.0,3015.0,1943.0,833.0,3486.0,1495.0
0.0,8089.0,3173.0,2833.0,0.0,6416.0,6416.0,1983.0,850.0,2228.0,945.0
0.0,4916.0,932.0,2815.0,3015.0,4261.0,4261.0,1971.0,844.0,660.0,272.0
0.0,6999.0,493.0,2740.0,6416.0,0.0,0.0,1918.0,822.0,344.0,149.0
0.0,12922.0,2304.0,2685.0,4261.0,0.0,0.0,1879.0,806.0,1604.0,700.0
0.0,14879.0,4629.0,2705.0,0.0,570.0,570.0,1893.0,812.0,3234.0,1395.0
0.0,10250.0,5173.0,2783.0,0.0,6055.0,6055.0,1948.0,835.0,3622.0,1551.0
0.0,5077.0,3428.0,2841.0,570.0,9145.0,9145.0,1989.0,852.0,2408.0,1020.0
0.0,2219.0,1146.0,2824.0,6055.0,4168.0,4168.0,1977.0,847.0,808.0,338.0
0.0,7128.0,560.0,2748.0,9145.0,0.0,0.0,1924.0,824.0,391.0,169.0
0.0,15713.0,2218.0,2693.0,4168.0,0.0,0.0,1885.0,808.0,1547.0,671.0
0.0,17663.0,4489.0,2714.0,0.0,0.0,0.0,1900.0,814.0,3136.0,1353.0
0.0,13174.0,5014.0,2792.0,0.0,3008.0,3008.0,1954.0,838.0,3510.0,1504.0
0.0,8160.0,3203.0,2847.0,0.0,6431.0,6431.0,1993.0,854.0,2247.0,956.0
0.0,4957.0,904.0,2826.0,3008.0,4243.0,4243.0,1978.0,848.0,637.0,267.0
0.0,7061.0,421.0,2748.0,6431.0,0.0,0.0,1924.0,824.0,294.0,127.0
0.0,13071.0,2332.0,2696.0,4243.0,0.0,0.0,1887.0,809.0,1628.0,704.0
0.0,14982.0,4727.0,2722.0,0.0,633.0,633.0,1905.0,817.0,3305.0,1422.0
0.0,10255.0,5195.0,2800.0,0.0,6140.0,6140.0,1960.0,840.0,3637.0,1558.0
0.0,5060.0,3310.0,2853.0,633.0,9029.0,9029.0,1997.0,856.0,2323.0,987.0
0.0,2383.0,925.0,2826.0,6140.0,3706.0,3706.0,1978.0,848.0,652.0,273.0
0.0,7598.0,448.0,2745.0,9029.0,0.0,0.0,1922.0,823.0,311.0,137.0
0.0,16179.0,2369.0,2693.0,3706.0,0.0,0.0,1885.0,808.0,1652.0,717.0
0.0,17516.0,4752.0,2722.0,0.0,0.0,0.0,1905.0,817.0,3324.0,1428.0
0.0,12764.0,5128.0,2803.0,0.0,3576.0,3576.0,1962.0,841.0,3592.0,1536.0
0.0,7636.0,3104.0,2856.0,0.0,6892.0,6892.0,1999.0,857.0,2176.0,928.0
0.0,4532.0,702.0,2830.0,3576.0,3914.0,3914.0,1981.0,849.0,493.0,209.0
0.0,7406.0,285.0,2750.0,6892.0,0.0,0.0,1925.0,825.0,198.0,87.0
0.0,14013.0,2351.0,2697.0,3914.0,0.0,0.0,1888.0,809.0,1644.0,707.0
0.0,15576.0,4814.0,2726.0,0.0,142.0,142.0,1908.0,818.0,3370.0,1444.0
0.0,10762.0,5241.0,2807.0,0.0,5707.0,5707.0,1965.0,842.0,3671.0,1570.0
0.0,5521.0,3267.0,2859.0,142.0,9040.0,9040.0,2001.0,858.0,2289.0,978.0
0.0,2396.0,813.0,2830.0,5707.0,4030.0,4030.0,1981.0,849.0,567.0,246.0
0.0,7290.0,422.0,2751.0,9040.0,0.0,0.0,1926.0,825.0,291.0,131.0
0.0,15908.0,2419.0,2700.0,4030.0,0.0,0.0,1890.0,810.0,1691.0,728.0
0.0,17519.0,4823.0,2727.0,0.0,0.0,0.0,1909.0,818.0,3378.0,1445.0
0.0,12696.0,5227.0,2807.0,0.0,3759.0,3759.0,1965.0,842.0,3663.0,1564.0
0.0,7469.0,3208.0,2860.0,0.0,7179.0,7179.0,2002.0,858.0,2249.0,959.0
0.0,4261.0,799.0,2836.0,3759.0,4123.0,4123.0,1985.0,851.0,558.0,241.0
0.0,7221.0,347.0,2760.0,7179.0,0.0,0.0,1932.0,828.0,239.0,108.0
0.0,14053.0,2247.0,2707.0,4123.0,0.0,0.0,1895.0,812.0,1569.0,678.0
0.0,15929.0,4634.0,2730.0,0.0,0.0,0.0,1911.0,819.0,3245.0,1389.0
0.0,11295.0,5149.0,2809.0,0.0,5090.0,5090.0,1966.0,843.0,3609.0,1540.0
0.0,6146.0,3316.0,2863.0,0.0,8622.0,8622.0,2004.0,859.0,2322.0,994.0
0.0,2830.0,1008.0,2840.0,5090.0,4448.0,4448.0,1988.0,852.0,703.0,305.0
0.0,6912.0,499.0,2764.0,8622.0,0.0,0.0,1935.0,829.0,346.0,153.0
0.0,15035.0,2389.0,2711.0,4448.0,0.0,0.0,1898.0,813.0,1670.0,719.0
0.0,17094.0,4715.0,2737.0,0.0,0.0,0.0,1916.0,821.0,3304.0,1411.0
0.0,12379.0,5131.0,2816.0,0.0,4016.0,4016.0,1971.0,845.0,3597.0,1534.0
0.0,7248.0,3279.0,2869.0,0.0,7507.0,7507.0,2008.0,861.0,2297.0,982.0
0.0,3969.0,944.0,2844.0,4016.0,4335.0,4335.0,1991.0,853.0,657.0,287.0
0.0,7041.0,427.0,2766.0,7507.0,0.0,0.0,1936.0,830.0,293.0,134.0
0.0,14121.0,2260.0,2713.0,4335.0,0.0,0.0,1899.0,814.0,1578.0,682.0
0.0,16196.0,4591.0,2740.0,0.0,0.0,0.0,1918.0,822.0,3217.0,1374.0
0.0,11605.0,5019.0,2819.0,0.0,4690.0,4690.0,1973.0,846.0,3519.0,1500.0
0.0,6586.0,3190.0,2871.0,0.0,8088.0,8088.0,2010.0,861.0,2237.0,953.0
0.0,3396.0,971.0,2846.0,4690.0,4269.0,4269.0,1992.0,854.0,679.0,292.0
0.0,7115.0,688.0,2770.0,8088.0,0.0,0.0,1939.0,831.0,475.0,213.0
0.0,14515.0,2651.0,2721.0,4269.0,0.0,0.0,1905.0,816.0,1851.0,800.0
0.0,16133.0,4832.0,2749.0,0.0,0.0,0.0,1924.0,825.0,3384.0,1448.0
0.0,11301.0,5051.0,2823.0,0.0,5042.0,5042.0,1976.0,847.0,3542.0,1509.0
0.0,6250.0,3038.0,2871.0,0.0,8272.0,8272.0,2010.0,861.0,2130.0,908.0
0.0,3212.0,844.0,2844.0,5042.0,3966.0,3966.0,1991.0,853.0,589.0,255.0
0.0,7410.0,622.0,2770.0,8272.0,0.0,0.0,1939.0,831.0,430.0,192.0
0.0,15060.0,2528.0,2723.0,3966.0,0.0,0.0,1906.0,817.0,1766.0,762.0
0.0,16498.0,4683.0,2750.0,0.0,0.0,0.0,1925.0,825.0,3278.0,1405.0
0.0,11815.0,4917.0,2828.0,0.0,4414.0,4414.0,1979.0,849.0,3447.0,1470.0
0.0,6898.0,2942.0,2876.0,0.0,7548.0,7548.0,2013.0,863.0,2065.0,877.0
0.0,3956.0,868.0,2848.0,4414.0,3890.0,3890.0,1994.0,854.0,608.0,260.0
0.0,7502.0,726.0,2771.0,7548.0,0.0,0.0,1940.0,831.0,503.0,223.0
0.0,14324.0,2740.0,2724.0,3890.0,0.0,0.0,1907.0,817.0,1911.0,829.0
0.0,15474.0,4865.0,2754.0,0.0,407.0,407.0,1928.0,826.0,3404.0,1461.0
0.0,10609.0,5053.0,2833.0,0.0,5776.0,5776.0,1983.0,850.0,3545.0,1508.0
0.0,5556.0,3073.0,2884.0,407.0,8646.0,8646.0,2019.0,865.0,2158.0,915.0
0.0,2890.0,890.0,2855.0,5776.0,3644.0,3644.0,1999.0,856.0,623.0,267.0
0.0,7776.0,617.0,2776.0,8646.0,0.0,0.0,1943.0,833.0,424.0,193.0
0.0,15805.0,2517.0,2726.0,3644.0,0.0,0.0,1908.0,818.0,1755.0,762.0
0.0,16932.0,4699.0,2756.0,0.0,0.0,0.0,1929.0,827.0,3291.0,1408.0
0.0,12233.0,4972.0,2839.0,0.0,4095.0,4095.0,1987.0,852.0,3487.0,1485.0
0.0,7261.0,3050.0,2891.0,0.0,7353.0,7353.0,2024.0,867.0,2141.0,909.0
0.0,4211.0,826.0,2863.0,4095.0,3972.0,3972.0,2004.0,859.0,578.0,248.0
0.0,7480.0,557.0,2780.0,7353.0,0.0,0.0,1946.0,834.0,384.0,173.0
0.0,14276.0,2596.0,2729.0,3972.0,0.0,0.0,1910.0,819.0,1810.0,786.0
0.0,15652.0,4877.0,2760.0,0.0,265.0,265.0,1932.0,828.0,3413.0,1464.0
0.0,10775.0,5149.0,2844.0,0.0,5750.0,5750.0,1991.0,853.0,3612.0,1537.0
0.0,5626.0,3191.0,2897.0,265.0,8888.0,8888.0,2028.0,869.0,2243.0,948.0
0.0,2700.0,964.0,2870.0,5750.0,3994.0,3994.0,2009.0,861.0,675.0,289.0
0.0,7486.0,630.0,2789.0,8888.0,0.0,0.0,1952.0,837.0,433.0,197.0
0.0,15744.0,2539.0,2737.0,3994.0,0.0,0.0,1916.0,821.0,1769.0,770.0
0.0,17199.0,4780.0,2767.0,0.0,0.0,0.0,1937.0,830.0,3344.0,1436.0
0.0,12419.0,5074.0,2849.0,0.0,4051.0,4051.0,1994.0,855.0,3558.0,1516.0
0.0,7345.0,3086.0,2902.0,0.0,7349.0,7349.0,2032.0,870.0,2170.0,916.0
0.0,4259.0,791.0,2874.0,4051.0,3977.0,3977.0,2012.0,862.0,556.0,235.0
0.0,7519.0,455.0,2794.0,7349.0,0.0,0.0,1956.0,838.0,311.0,144.0
0.0,14413.0,2421.0,2742.0,3977.0,0.0,0.0,1919.0,823.0,1685.0,736.0
0.0,15969.0,4807.0,2770.0,0.0,0.0,0.0,1939.0,831.0,3364.0,1443.0
0.0,11162.0,5245.0,2851.0,0.0,5487.0,5487.0,1996.0,855.0,3680.0,1565.0
0.0,5917.0,3306.0,2905.0,0.0,9009.0,9009.0,2034.0,871.0,2325.0,981.0
0.0,2611.0,914.0,2877.0,5487.0,4324.0,4324.0,2014.0,863.0,641.0,273.0
0.0,7184.0,442.0,2794.0,9009.0,0.0,0.0,1956.0,838.0,300.0,142.0
0.0,15751.0,2324.0,2740.0,4324.0,0.0,0.0,1918.0,822.0,1616.0,708.0
0.0,17751.0,4705.0,2768.0,0.0,0.0,0.0,1937.0,831.0,3292.0,1413.0
0.0,13046.0,5231.0,2850.0,0.0,3585.0,3585.0,1995.0,855.0,3671.0,1560.0
0.0,7815.0,3361.0,2907.0,0.0,7174.0,7174.0,2035.0,872.0,2362.0,999.0
0.0,4454.0,904.0,2881.0,3585.0,4389.0,4389.0,2017.0,864.0,633.0,271.0
0.0,7135.0,286.0,2798.0,7174.0,0.0,0.0,1959.0,839.0,191.0,95.0
0.0,14023.0,2147.0,2743.0,4389.0,0.0,0.0,1920.0,823.0,1495.0,652.0
0.0,16265.0,4640.0,2771.0,0.0,0.0,0.0,1939.0,832.0,3249.0,1391.0
0.0,11625.0,5382.0,2856.0,0.0,5181.0,5181.0,1999.0,857.0,3776.0,1606.0
0.0,6243.0,3645.0,2913.0,0.0,9054.0,9054.0,2039.0,874.0,2559.0,1086.0
0.0,2598.0,1192.0,2884.0,5181.0,4949.0,4949.0,2019.0,865.0,833.0,359.0
0.0,6587.0,456.0,2800.0,9054.0,0.0,0.0,1960.0,840.0,310.0,146.0
0.0,15185.0,2156.0,2745.0,4949.0,0.0,0.0,1921.0,824.0,1501.0,655.0
0.0,17978.0,4634.0,2776.0,0.0,0.0,0.0,1943.0,833.0,3247.0,1387.0
0.0,13344.0,5316.0,2861.0,0.0,3416.0,3416.0,2003.0,858.0,3733.0,1583.0
0.0,8028.0,3450.0,2915.0,0.0,7082.0,7082.0,2041.0,874.0,2422.0,1028.0
0.0,4578.0,1007.0,2887.0,3416.0,4561.0,4561.0,2021.0,866.0,700.0,307.0
0.0,6987.0,306.0,2803.0,7082.0,0.0,0.0,1962.0,841.0,201.0,105.0
0.0,13763.0,2095.0,2748.0,4561.0,0.0,0.0,1923.0,825.0,1459.0,636.0
0.0,16229.0,4563.0,2779.0,0.0,0.0,0.0,1945.0,834.0,3201.0,1362.0
0.0,11666.0,5273.0,2864.0,0.0,5063.0,5063.0,2005.0,859.0,3704.0,1569.0
0.0,6393.0,3517.0,2918.0,0.0,8796.0,8796.0,2043.0,875.0,2468.0,1049.0
0.0,2876.0,1114.0,2887.0,5063.0,4723.0,4723.0,2021.0,866.0,773.0,341.0
0.0,6825.0,484.0,2803.0,8796.0,0.0,0.0,1962.0,841.0,327.0,157.0
0.0,15137.0,2313.0,2749.0,4723.0,0.0,0.0,1924.0,825.0,1614.0,699.0
0.0,17547.0,4713.0,2780.0,0.0,0.0,0.0,1946.0,834.0,3306.0,1407.0
0.0,12834.0,5331.0,2866.0,0.0,3961.0,3961.0,2006.0,860.0,3742.0,1589.0
0.0,7503.0,3486.0,2921.0,0.0,7667.0,7667.0,2045.0,876.0,2445.0,1041.0
0.0,4017.0,979.0,2892.0,3961.0,4569.0,4569.0,2025.0,867.0,680.0,299.0
0.0,6999.0,276.0,2807.0,7667.0,0.0,0.0,1965.0,842.0,183.0,93.0
0.0,14390.0,2077.0,2752.0,4569.0,0.0,0.0,1926.0,826.0,1449.0,628.0
0.0,16882.0,4561.0,2780.0,0.0,0.0,0.0,1946.0,834.0,3198.0,1363.0
0.0,12321.0,5329.0,2867.0,0.0,4476.0,4476.0,2007.0,860.0,3739.0,1590.0
0.0,6992.0,3591.0,2925.0,0.0,8299.0,8299.0,2048.0,877.0,2517.0,1074.0
0.0,3401.0,1061.0,2896.0,4476.0,4768.0,4768.0,2027.0,869.0,737.0,324.0
0.0,6816.0,349.0,2809.0,8299.0,0.0,0.0,1966.0,843.0,235.0,114.0
0.0,14766.0,2213.0,2752.0,4768.0,0.0,0.0,1926.0,826.0,1547.0,666.0
0.0,17321.0,4771.0,2783.0,0.0,0.0,0.0,1948.0,835.0,3347.0,1424.0
0.0,12550.0,5425.0,2869.0,0.0,4351.0,4351.0,2008.0,861.0,3806.0,1619.0
0.0,7125.0,3606.0,2926.0,0.0,8185.0,8185.0,2048.0,878.0,2528.0,1078.0
0.0,3519.0,1027.0,2897.0,4351.0,4745.0,4745.0,2028.0,869.0,713.0,314.0
0.0,6843.0,271.0,2810.0,8185.0,0.0,0.0,1967.0,843.0,180.0,91.0
0.0,14757.0,2030.0,2752.0,4745.0,0.0,0.0,1926.0,826.0,1416.0,614.0
0.0,17472.0,4564.0,2780.0,0.0,0.0,0.0,1946.0,834.0,3201.0,1363.0
0.0,12908.0,5418.0,2869.0,0.0,3986.0,3986.0,2008.0,861.0,3802.0,1616.0
0.0,7490.0,3704.0,2931.0,0.0,7938.0,7938.0,2052.0,879.0,2597.0,1107.0
0.0,3786.0,1194.0,2907.0,3986.0,5050.0,5050.0,2035.0,872.0,830.0,364.0
0.0,6578.0,312.0,2821.0,7938.0,0.0,0.0,1975.0,846.0,208.0,104.0
0.0,14204.0,2028.0,2759.0,5050.0,0.0,0.0,1931.0,828.0,1416.0,612.0
0.0,17226.0,4657.0,2785.0,0.0,0.0,0.0,1949.0,836.0,3265.0,1392.0
0.0,12569.0,5556.0,2874.0,0.0,4483.0,4483.0,2012.0,862.0,3898.0,1658.0
0.0,7013.0,3772.0,2938.0,0.0,8511.0,8511.0,2057.0,881.0,2645.0,1127.0
0.0,3241.0,1117.0,2915.0,4483.0,5053.0,5053.0,2041.0,874.0,776.0,341.0
0.0,6607.0,253.0,2830.0,8511.0,0.0,0.0,1981.0,849.0,168.0,85.0
0.0,14865.0,1971.0,2767.0,5053.0,0.0,0.0,1937.0,830.0,1376.0,595.0
0.0,17947.0,4503.0,2789.0,0.0,0.0,0.0,1952.0,837.0,3157.0,1346.0
0.0,13444.0,5314.0,2874.0,0.0,3366.0,3366.0,2012.0,862.0,3728.0,1586.0
0.0,8130.0,3696.0,2940.0,0.0,7326.0,7326.0,2058.0,882.0,2589.0,1107.0
0.0,4434.0,1247.0,2922.0,3366.0,5135.0,5135.0,2046.0,876.0,869.0,378.0
0.0,6553.0,357.0,2840.0,7326.0,0.0,0.0,1988.0,852.0,244.0,113.0
0.0,13522.0,1952.0,2773.0,5135.0,0.0,0.0,1941.0,832.0,1364.0,588.0
0.0,16705.0,4491.0,2790.0,0.0,0.0,0.0,1953.0,837.0,3147.0,1344.0
0.0,12214.0,5464.0,2872.0,0.0,4738.0,4738.0,2010.0,862.0,3830.0,1634.0
0.0,6750.0,3929.0,2939.0,0.0,8935.0,8935.0,2057.0,882.0,2752.0,1177.0
0.0,2821.0,1463.0,2926.0,4738.0,5608.0,5608.0,2048.0,878.0,1019.0,444.0
0.0,6096.0,440.0,2845.0,8935.0,0.0,0.0,1991.0,854.0,301.0,139.0
0.0,14591.0,1887.0,2779.0,5608.0,0.0,0.0,1945.0,834.0,1320.0,567.0
0.0,18312.0,4298.0,2795.0,0.0,0.0,0.0,1956.0,839.0,3013.0,1285.0
0.0,14014.0,5180.0,2876.0,0.0,2670.0,2670.0,2013.0,863.0,3633.0,1547.0
0.0,8834.0,3716.0,2941.0,0.0,6646.0,6646.0,2059.0,882.0,2602.0,1114.0
0.0,5118.0,1279.0,2925.0,2670.0,5191.0,5191.0,2048.0,877.0,891.0,388.0
0.0,6509.0,380.0,2845.0,6646.0,0.0,0.0,1991.0,854.0,259.0,121.0
0.0,12775.0,1981.0,2782.0,5191.0,0.0,0.0,1947.0,835.0,1385.0,596.0
0.0,15985.0,4505.0,2801.0,0.0,0.0,0.0,1960.0,841.0,3157.0,1348.0
0.0,11480.0,5441.0,2884.0,0.0,5497.0,5497.0,2019.0,865.0,3815.0,1626.0
0.0,6039.0,3809.0,2948.0,0.0,9562.0,9562.0,2064.0,884.0,2668.0,1141.0
0.0,2230.0,1255.0,2927.0,5497.0,5236.0,5236.0,2049.0,878.0,877.0,378.0
0.0,6472.0,435.0,2846.0,9562.0,0.0,0.0,1992.0,854.0,300.0,135.0
0.0,15599.0,2173.0,2785.0,5236.0,0.0,0.0,1949.0,836.0,1519.0,654.0
0.0,18662.0,4649.0,2806.0,0.0,0.0,0.0,1964.0,842.0,3255.0,1394.0
0.0,14013.0,5327.0,2890.0,0.0,2874.0,2874.0,2023.0,867.0,3732.0,1595.0
0.0,8686.0,3574.0,2954.0,0.0,6704.0,6704.0,2068.0,886.0,2505.0,1069.0
0.0,5112.0,1057.0,2934.0,2874.0,4807.0,4807.0,2054.0,880.0,738.0,319.0
0.0,6929.0,224.0,2851.0,6704.0,0.0,0.0,1996.0,855.0,153.0,71.0
0.0,13409.0,2095.0,2789.0,4807.0,0.0,0.0,1952.0,837.0,1464.0,631.0
0.0,16121.0,4714.0,2810.0,0.0,0.0,0.0,1967.0,843.0,3301.0,1413.0
0.0,11407.0,5534.0,2896.0,0.0,5711.0,5711.0,2027.0,869.0,3876.0,1658.0
0.0,5873.0,3691.0,2960.0,0.0,9658.0,9658.0,2072.0,888.0,2585.0,1106.0
0.0,2182.0,1138.0,2940.0,5711.0,5005.0,5005.0,2058.0,882.0,797.0,341.0
0.0,6755.0,447.0,2857.0,9658.0,0.0,0.0,2000.0,857.0,313.0,134.0
0.0,15966.0,2264.0,2796.0,5005.0,0.0,0.0,1957.0,839.0,1583.0,681.0
0.0,18707.0,4800.0,2819.0,0.0,0.0,0.0,1973.0,846.0,3359.0,1441.0
0.0,13907.0,5440.0,2903.0,0.0,3145.0,3145.0,2032.0,871.0,3809.0,1631.0
0.0,8467.0,3420.0,2964.0,0.0,6809.0,6809.0,2075.0,889.0,2395.0,1025.0
0.0,5047.0,827.0,2941.0,3145.0,4399.0,4399.0,2059.0,882.0,580.0,247.0
0.0,7365.0,223.0,2857.0,6809.0,0.0,0.0,2000.0,857.0,156.0,67.0
0.0,13951.0,2201.0,2796.0,4399.0,0.0,0.0,1957.0,839.0,1538.0,663.0
0.0,16149.0,4815.0,2818.0,0.0,0.0,0.0,1972.0,846.0,3368.0,1447.0
0.0,11334.0,5504.0,2900.0,0.0,5770.0,5770.0,2030.0,870.0,3853.0,1651.0
0.0,5830.0,3560.0,2963.0,0.0,9582.0,9582.0,2074.0,889.0,2496.0,1064.0
0.0,2270.0,940.0,2941.0,5770.0,4664.0,4664.0,2059.0,882.0,662.0,278.0
0.0,7100.0,353.0,2859.0,9582.0,0.0,0.0,2001.0,858.0,247.0,106.0
0.0,16329.0,2410.0,2799.0,4664.0,0.0,0.0,1959.0,840.0,1681.0,729.0
0.0,18583.0,5047.0,2823.0,0.0,0.0,0.0,1976.0,847.0,3528.0,1519.0
0.0,13536.0,5584.0,2909.0,0.0,3684.0,3684.0,2036.0,873.0,3908.0,1676.0
0.0,7952.0,3440.0,2970.0,0.0,7368.0,7368.0,2079.0,891.0,2412.0,1028.0
0.0,4512.0,784.0,2947.0,3684.0,4376.0,4376.0,2063.0,884.0,555.0,229.0
0.0,7412.0,195.0,2864.0,7368.0,0.0,0.0,2005.0,859.0,140.0,55.0
0.0,14585.0,2323.0,2807.0,4376.0,0.0,0.0,1965.0,842.0,1623.0,700.0
0.0,16638.0,4980.0,2832.0,0.0,0.0,0.0,1982.0,850.0,3478.0,1502.0
0.0,11658.0,5490.0,2913.0,0.0,5484.0,5484.0,2039.0,874.0,3838.0,1652.0
0.0,6168.0,3359.0,2971.0,0.0,9075.0,9075.0,2080.0,891.0,2355.0,1004.0
0.0,2809.0,756.0,2948.0,5484.0,4255.0,4255.0,2064.0,884.0,538.0,218.0
0.0,7537.0,362.0,2868.0,9075.0,0.0,0.0,2008.0,860.0,257.0,105.0
0.0,16250.0,2509.0,2812.0,4255.0,0.0,0.0,1968.0,844.0,1751.0,758.0
0.0,17996.0,5147.0,2835.0,0.0,0.0,0.0,1984.0,851.0,3594.0,1553.0
0.0,12849.0,5611.0,2915.0,0.0,4422.0,4422.0,2040.0,875.0,3924.0,1687.0
0.0,7238.0,3447.0,2973.0,0.0,8101.0,8101.0,2081.0,892.0,2419.0,1028.0
0.0,3791.0,824.0,2953.0,4422.0,4423.0,4423.0,2067.0,886.0,585.0,239.0
0.0,7389.0,304.0,2875.0,8101.0,0.0,0.0,2013.0,862.0,216.0,88.0
0.0,15186.0,2338.0,2820.0,4423.0,0.0,0.0,1974.0,846.0,1633.0,705.0
0.0,17271.0,4905.0,2843.0,0.0,0.0,0.0,1990.0,853.0,3425.0,1480.0
0.0,12366.0,5434.0,2923.0,0.0,4760.0,4760.0,2046.0,877.0,3800.0,1634.0
0.0,6932.0,3434.0,2983.0,0.0,8434.0,8434.0,2088.0,895.0,2407.0,1027.0
0.0,3498.0,864.0,2961.0,4760.0,4450.0,4450.0,2073.0,888.0,612.0,252.0
0.0,7394.0,329.0,2880.0,8434.0,0.0,0.0,2016.0,864.0,234.0,95.0
0.0,15499.0,2367.0,2821.0,4450.0,0.0,0.0,1975.0,846.0,1653.0,714.0
0.0,17582.0,4978.0,2843.0,0.0,0.0,0.0,1990.0,853.0,3478.0,1500.0
0.0,12604.0,5551.0,2926.0,0.0,4651.0,4651.0,2048.0,878.0,3884.0,1667.0
0.0,7053.0,3516.0,2986.0,0.0,8407.0,8407.0,2090.0,896.0,2465.0,1051.0
0.0,3537.0,884.0,2961.0,4651.0,4540.0,4540.0,2073.0,888.0,623.0,261.0
0.0,7304.0,258.0,2877.0,8407.0,0.0,0.0,2014.0,863.0,181.0,77.0
0.0,15453.0,2244.0,2817.0,4540.0,0.0,0.0,1972.0,845.0,1567.0,677.0
0.0,17749.0,4818.0,2842.0,0.0,0.0,0.0,1989.0,853.0,3371.0,1447.0
0.0,12931.0,5415.0,2925.0,0.0,4184.0,4184.0,2047.0,878.0,3790.0,1625.0
0.0,7516.0,3509.0,2988.0,0.0,7945.0,7945.0,2092.0,896.0,2457.0,1052.0
0.0,4007.0,928.0,2966.0,4184.0,4601.0,4601.0,2076.0,890.0,652.0,276.0
0.0,7263.0,366.0,2882.0,7945.0,0.0,0.0,2017.0,865.0,256.0,110.0
0.0,14842.0,2365.0,2821.0,4601.0,0.0,0.0,1975.0,846.0,1654.0,711.0
0.0,17078.0,4953.0,2846.0,0.0,0.0,0.0,1992.0,854.0,3467.0,1486.0
0.0,12125.0,5626.0,2932.0,0.0,5229.0,5229.0,2052.0,880.0,3937.0,1689.0
0.0,6499.0,3638.0,2993.0,0.0,9111.0,9111.0,2095.0,898.0,2548.0,1090.0
0.0,2861.0,985.0,2969.0,5229.0,4771.0,4771.0,2078.0,891.0,689.0,296.0
0.0,7105.0,358.0,2883.0,9111.0,0.0,0.0,2018.0,865.0,250.0,108.0
0.0,15858.0,2306.0,2823.0,4771.0,0.0,0.0,1976.0,847.0,1614.0,692.0
0.0,18323.0,4825.0,2850.0,0.0,0.0,0.0,1995.0,855.0,3379.0,1446.0
0.0,13498.0,5481.0,2939.0,0.0,3739.0,3739.0,2057.0,882.0,3838.0,1643.0
0.0,8017.0,3528.0,3003.0,0.0,7523.0,7523.0,2102.0,901.0,2469.0,1059.0
0.0,4489.0,929.0,2979.0,3739.0,4617.0,4617.0,2085.0,894.0,647.0,282.0
0.0,7299.0,268.0,2891.0,7523.0,0.0,0.0,2024.0,867.0,186.0,82.0
0.0,14554.0,2242.0,2829.0,4617.0,0.0,0.0,1980.0,849.0,1571.0,671.0
0.0,16929.0,4895.0,2854.0,0.0,0.0,0.0,1998.0,856.0,3431.0,1464.0
0.0,12034.0,5619.0,2944.0,0.0,5361.0,5361.0,2061.0,883.0,3935.0,1684.0
0.0,6415.0,3685.0,3008.0,0.0,9302.0,9302.0,2105.0,903.0,2575.0,1110.0
0.0,2730.0,1009.0,2981.0,5361.0,4842.0,4842.0,2087.0,894.0,703.0,306.0
0.0,7082.0,415.0,2892.0,9302.0,0.0,0.0,2024.0,868.0,290.0,125.0
0.0,15969.0,2384.0,2830.0,4842.0,0.0,0.0,1981.0,849.0,1673.0,711.0
0.0,18427.0,4902.0,2858.0,0.0,0.0,0.0,2001.0,857.0,3436.0,1466.0
0.0,13525.0,5387.0,2947.0,0.0,3650.0,3650.0,2063.0,884.0,3770.0,1617.0
0.0,8138.0,3395.0,3009.0,0.0,7293.0,7293.0,2106.0,903.0,2372.0,1023.0
0.0,4743.0,887.0,2981.0,3650.0,4418.0,4418.0,2086.0,895.0,617.0,270.0
0.0,7506.0,333.0,2892.0,7293.0,0.0,0.0,2024.0,868.0,234.0,99.0
0.0,14466.0,2309.0,2830.0,4418.0,0.0,0.0,1981.0,849.0,1621.0,688.0
0.0,16575.0,4836.0,2859.0,0.0,0.0,0.0,2001.0,858.0,3389.0,1447.0
0.0,11739.0,5487.0,2950.0,0.0,5548.0,5548.0,2065.0,885.0,3838.0,1649.0
0.0,6252.0,3629.0,3013.0,0.0,9429.0,9429.0,2109.0,904.0,2534.0,1095.0
0.0,2623.0,1170.0,2987.0,5548.0,4947.0,4947.0,2091.0,896.0,815.0,355.0
0.0,7001.0,527.0,2898.0,9429.0,0.0,0.0,2029.0,869.0,374.0,153.0
0.0,15903.0,2389.0,2836.0,4947.0,0.0,0.0,1985.0,851.0,1680.0,709.0
0.0,18461.0,4843.0,2863.0,0.0,0.0,0.0,2004.0,859.0,3393.0,1450.0
0.0,13618.0,5452.0,2952.0,0.0,3642.0,3642.0,2066.0,886.0,3812.0,1640.0
0.0,8166.0,3572.0,3015.0,0.0,7466.0,7466.0,2110.0,905.0,2493.0,1079.0
0.0,4594.0,1071.0,2990.0,3642.0,4795.0,4795.0,2093.0,897.0,746.0,325.0
0.0,7165.0,395.0,2903.0,7466.0,0.0,0.0,2032.0,871.0,280.0,115.0
0.0,14236.0,2184.0,2841.0,4795.0,0.0,0.0,1989.0,852.0,1536.0,648.0
0.0,16847.0,4718.0,2866.0,0.0,0.0,0.0,2006.0,860.0,3306.0,1412.0
0.0,12129.0,5438.0,2954.0,0.0,5125.0,5125.0,2068.0,886.0,3804.0,1634.0
0.0,6691.0,3669.0,3018.0,0.0,9050.0,9050.0,2112.0,906.0,2562.0,1107.0
0.0,3022.0,1178.0,2995.0,5125.0,5011.0,5011.0,2096.0,899.0,819.0,359.0
0.0,6969.0,525.0,2910.0,9050.0,0.0,0.0,2037.0,873.0,369.0,156.0
0.0,15494.0,2331.0,2847.0,5011.0,0.0,0.0,1993.0,854.0,1640.0,691.0
0.0,18174.0,4836.0,2873.0,0.0,0.0,0.0,2011.0,862.0,3390.0,1446.0
0.0,13338.0,5488.0,2961.0,0.0,3994.0,3994.0,2073.0,888.0,3838.0,1650.0
0.0,7850.0,3650.0,3027.0,0.0,7908.0,7908.0,2119.0,908.0,2546.0,1104.0
0.0,4200.0,1138.0,3006.0,3994.0,4968.0,4968.0,2104.0,902.0,792.0,346.0
0.0,7056.0,421.0,2920.0,7908.0,0.0,0.0,2044.0,876.0,297.0,124.0
0.0,14543.0,2193.0,2859.0,4968.0,0.0,0.0,2001.0,858.0,1543.0,650.0
0.0,17318.0,4694.0,2881.0,0.0,0.0,0.0,2017.0,864.0,3291.0,1403.0
0.0,12624.0,5415.0,2968.0,0.0,4663.0,4663.0,2078.0,890.0,3786.0,1629.0
0.0,7209.0,3599.0,3030.0,0.0,8510.0,8510.0,2121.0,909.0,2512.0,1087.0
0.0,3610.0,1165.0,3007.0,4663.0,4920.0,4920.0,2105.0,902.0,810.0,355.0
0.0,7108.0,573.0,2923.0,8510.0,0.0,0.0,2046.0,877.0,404.0,169.0
0.0,15045.0,2498.0,2863.0,4920.0,0.0,0.0,2004.0,859.0,1758.0,740.0
0.0,17467.0,4977.0,2888.0,0.0,0.0,0.0,2022.0,866.0,3489.0,1488.0
0.0,12490.0,5559.0,2977.0,0.0,4977.0,4977.0,2084.0,893.0,3888.0,1671.0
0.0,6931.0,3537.0,3037.0,0.0,8754.0,8754.0,2126.0,911.0,2466.0,1071.0
0.0,3394.0,921.0,3011.0,4977.0,4594.0,4594.0,2107.0,904.0,639.0,282.0
0.0,7450.0,341.0,2925.0,8754.0,0.0,0.0,2047.0,878.0,241.0,100.0
0.0,15863.0,2295.0,2863.0,4594.0,0.0,0.0,2004.0,859.0,1616.0,679.0
0.0,18162.0,4800.0,2888.0,0.0,0.0,0.0,2022.0,866.0,3366.0,1434.0
0.0,13362.0,5452.0,2974.0,0.0,3986.0,3986.0,2082.0,892.0,3814.0,1638.0
0.0,7910.0,3509.0,3037.0,0.0,7747.0,7747.0,2126.0,911.0,2448.0,1061.0
0.0,4401.0,991.0,3013.0,3986.0,4656.0,4656.0,2109.0,904.0,686.0,305.0
0.0,7396.0,491.0,2929.0,7747.0,0.0,0.0,2050.0,879.0,345.0,146.0
0.0,14652.0,2565.0,2870.0,4656.0,0.0,0.0,2009.0,861.0,1803.0,762.0
0.0,16743.0,5158.0,2898.0,0.0,7.0,7.0,2029.0,869.0,3619.0,1539.0
0.0,11585.0,5662.0,2987.0,0.0,6025.0,6025.0,2091.0,896.0,3963.0,1699.0
0.0,5923.0,3524.0,3047.0,7.0,9782.0,9782.0,2133.0,914.0,2457.0,1067.0
0.0,2406.0,795.0,3016.0,6025.0,4428.0,4428.0,2111.0,905.0,550.0,245.0
0.0,7636.0,265.0,2928.0,9782.0,0.0,0.0,2049.0,879.0,187.0,78.0
0.0,17153.0,2428.0,2870.0,4428.0,0.0,0.0,2009.0,861.0,1709.0,719.0
0.0,19153.0,5112.0,2904.0,0.0,0.0,0.0,2033.0,871.0,3586.0,1526.0
0.0,14041.0,5639.0,2995.0,0.0,3578.0,3578.0,2097.0,898.0,3944.0,1695.0
0.0,8402.0,3495.0,3056.0,0.0,7317.0,7317.0,2139.0,917.0,2438.0,1057.0
0.0,4907.0,817.0,3027.0,3578.0,4440.0,4440.0,2119.0,908.0,565.0,252.0
0.0,7668.0,289.0,2939.0,7317.0,0.0,0.0,2057.0,882.0,202.0,87.0
0.0,14696.0,2499.0,2882.0,4440.0,0.0,0.0,2017.0,865.0,1757.0,742.0
0.0,16637.0,5196.0,2913.0,0.0,211.0,211.0,2039.0,874.0,3645.0,1551.0
0.0,11441.0,5771.0,3001.0,0.0,6334.0,6334.0,2101.0,900.0,4041.0,1730.0
0.0,5670.0,3634.0,3060.0,211.0,9993.0,9993.0,2142.0,918.0,2536.0,1098.0
0.0,2247.0,941.0,3033.0,6334.0,4492.0,4492.0,2123.0,910.0,651.0,290.0
0.0,7640.0,340.0,2946.0,9993.0,0.0,0.0,2062.0,884.0,238.0,102.0
0.0,17293.0,2383.0,2887.0,4492.0,0.0,0.0,2021.0,866.0,1676.0,707.0
0.0,19402.0,5023.0,2915.0,0.0,0.0,0.0,2041.0,874.0,3524.0,1499.0
0.0,14379.0,5560.0,3001.0,0.0,3185.0,3185.0,2101.0,900.0,3892.0,1668.0
0.0,8819.0,3498.0,3061.0,0.0,6923.0,6923.0,2143.0,918.0,2439.0,1059.0
0.0,5321.0,878.0,3036.0,3185.0,4516.0,4516.0,2125.0,911.0,606.0,272.0
0.0,7628.0,331.0,2952.0,6923.0,0.0,0.0,2066.0,886.0,233.0,98.0
0.0,14220.0,2366.0,2893.0,4516.0,0.0,0.0,2025.0,868.0,1666.0,700.0
0.0,16370.0,4993.0,2918.0,0.0,295.0,295.0,2043.0,875.0,3504.0,1489.0
0.0,11377.0,5606.0,3003.0,0.0,6241.0,6241.0,2102.0,901.0,3924.0,1682.0
0.0,5771.0,3689.0,3064.0,295.0,9879.0,9879.0,2145.0,919.0,2572.0,1117.0
0.0,2377.0,1135.0,3041.0,6241.0,4681.0,4681.0,2128.0,913.0,786.0,349.0
0.0,7483.0,492.0,2958.0,9879.0,0.0,0.0,2070.0,888.0,346.0,146.0
0.0,16870.0,2377.0,2897.0,4681.0,0.0,0.0,2028.0,869.0,1674.0,703.0
0.0,19174.0,4914.0,2922.0,0.0,0.0,0.0,2046.0,876.0,3447.0,1467.0
0.0,14260.0,5496.0,3006.0,0.0,3260.0,3260.0,2104.0,902.0,3844.0,1652.0
0.0,8764.0,3538.0,3066.0,0.0,7038.0,7038.0,2146.0,920.0,2466.0,1072.0
0.0,5226.0,1040.0,3043.0,3260.0,4726.0,4726.0,2130.0,913.0,722.0,318.0
0.0,7446.0,408.0,2961.0,7038.0,0.0,0.0,2072.0,889.0,290.0,118.0
0.0,14076.0,2287.0,2901.0,4726.0,0.0,0.0,2031.0,870.0,1611.0,676.0
0.0,16515.0,4900.0,2926.0,0.0,89.0,89.0,2048.0,878.0,3435.0,1465.0
0.0,11615.0,5592.0,3011.0,0.0,6021.0,6021.0,2108.0,903.0,3909.0,1683.0
0.0,6023.0,3675.0,3071.0,89.0,9847.0,9847.0,2150.0,921.0,2562.0,1113.0
0.0,2437.0,1156.0,3045.0,6021.0,4878.0,4878.0,2131.0,914.0,804.0,352.0
0.0,7302.0,554.0,2960.0,9847.0,0.0,0.0,2072.0,888.0,393.0,161.0
0.0,16595.0,2441.0,2900.0,4878.0,0.0,0.0,2030.0,870.0,1719.0,722.0
0.0,19032.0,4903.0,2927.0,0.0,0.0,0.0,2049.0,878.0,3437.0,1466.0
0.0,14129.0,5429.0,3013.0,0.0,3352.0,3352.0,2109.0,904.0,3796.0,1633.0
0.0,8700.0,3514.0,3074.0,0.0,7110.0,7110.0,2152.0,922.0,2451.0,1063.0
0.0,5186.0,1145.0,3052.0,3352.0,4815.0,4815.0,2136.0,916.0,797.0,348.0
0.0,7393.0,617.0,2972.0,7110.0,0.0,0.0,2080.0,892.0,436.0,181.0
0.0,13886.0,2362.0,2912.0,4815.0,0.0,0.0,2038.0,874.0,1661.0,701.0
0.0,16339.0,4698.0,2935.0,0.0,99.0,99.0,2055.0,880.0,3294.0,1404.0
0.0,11641.0,5296.0,3018.0,0.0,5727.0,5727.0,2113.0,905.0,3705.0,1591.0
0.0,6345.0,3533.0,3076.0,99.0,9393.0,9393.0,2153.0,923.0,2464.0,1069.0
0.0,2911.0,1297.0,3052.0,5727.0,4867.0,4867.0,2136.0,916.0,901.0,396.0
0.0,7341.0,754.0,2967.0,9393.0,0.0,0.0,2077.0,890.0,529.0,225.0
0.0,15980.0,2499.0,2906.0,4867.0,0.0,0.0,2034.0,872.0,1757.0,742.0
0.0,18348.0,4733.0,2930.0,0.0,0.0,0.0,2051.0,879.0,3321.0,1412.0
0.0,13615.0,5283.0,3015.0,0.0,3728.0,3728.0,2111.0,904.0,3698.0,1585.0
0.0,8332.0,3543.0,3079.0,0.0,7527.0,7527.0,2155.0,924.0,2472.0,1071.0
0.0,4789.0,1294.0,3057.0,3728.0,5005.0,5005.0,2140.0,917.0,899.0,395.0
0.0,7223.0,773.0,2973.0,7527.0,0.0,0.0,2081.0,892.0,541.0,232.0
0.0,13977.0,2500.0,2913.0,5005.0,0.0,0.0,2039.0,874.0,1758.0,742.0
0.0,16482.0,4745.0,2937.0,0.0,11.0,11.0,2056.0,881.0,3327.0,1418.0
0.0,11737.0,5210.0,3021.0,0.0,5557.0,5557.0,2115.0,906.0,3646.0,1564.0
0.0,6527.0,3501.0,3084.0,11.0,9299.0,9299.0,2159.0,925.0,2445.0,1056.0
0.0,3037.0,1293.0,3060.0,5557.0,4939.0,4939.0,2142.0,918.0,899.0,394.0
0.0,7301.0,810.0,2976.0,9299.0,0.0,0.0,2083.0,893.0,568.0,242.0
0.0,15790.0,2611.0,2915.0,4939.0,0.0,0.0,2040.0,875.0,1835.0,776.0
0.0,18118.0,4928.0,2940.0,0.0,0.0,0.0,2058.0,882.0,3454.0,1474.0
0.0,13190.0,5410.0,3026.0,0.0,4324.0,4324.0,2118.0,908.0,3784.0,1626.0
0.0,7780.0,3620.0,3089.0,0.0,8196.0,8196.0,2162.0,927.0,2529.0,1091.0
0.0,4160.0,1246.0,3067.0,4324.0,5030.0,5030.0,2147.0,920.0,867.0,379.0
0.0,7238.0,596.0,2982.0,8196.0,0.0,0.0,2087.0,895.0,420.0,176.0
0.0,14838.0,2348.0,2920.0,5030.0,0.0,0.0,2044.0,876.0,1650.0,698.0
0.0,17520.0,4647.0,2943.0,0.0,0.0,0.0,2060.0,883.0,3255.0,1392.0
0.0,12873.0,5270.0,3027.0,0.0,4505.0,4505.0,2119.0,908.0,3686.0,1584.0
0.0,7603.0,3609.0,3090.0,0.0,8366.0,8366.0,2163.0,927.0,2521.0,1088.0
0.0,3994.0,1339.0,3070.0,4505.0,5120.0,5120.0,2149.0,921.0,936.0,403.0
0.0,7160.0,812.0,2990.0,8366.0,0.0,0.0,2093.0,897.0,572.0,240.0
0.0,14714.0,2508.0,2930.0,5120.0,0.0,0.0,2051.0,879.0,1762.0,746.0
0.0,17326.0,4745.0,2950.0,0.0,0.0,0.0,2065.0,885.0,3323.0,1422.0
0.0,12581.0,5353.0,3031.0,0.0,4896.0,4896.0,2122.0,909.0,3741.0,1612.0
0.0,7228.0,3674.0,3093.0,0.0,8818.0,8818.0,2165.0,928.0,2564.0,1110.0
0.0,3554.0,1408.0,3074.0,4896.0,5254.0,5254.0,2152.0,922.0,985.0,423.0
0.0,7042.0,742.0,2994.0,8818.0,0.0,0.0,2096.0,898.0,527.0,215.0
0.0,15118.0,2383.0,2934.0,5254.0,0.0,0.0,2054.0,880.0,1675.0,708.0
0.0,17989.0,4598.0,2954.0,0.0,0.0,0.0,2068.0,886.0,3218.0,1380.0
0.0,13391.0,5174.0,3034.0,0.0,3919.0,3919.0,2124.0,910.0,3617.0,1557.0
0.0,8217.0,3584.0,3096.0,0.0,7751.0,7751.0,2167.0,929.0,2503.0,1081.0
0.0,4633.0,1398.0,3078.0,3919.0,5158.0,5158.0,2154.0,924.0,979.0,419.0
0.0,7154.0,841.0,3000.0,7751.0,0.0,0.0,2100.0,900.0,595.0,246.0
0.0,14064.0,2510.0,2940.0,5158.0,0.0,0.0,2058.0,882.0,1761.0,749.0
0.0,16712.0,4709.0,2961.0,0.0,0.0,0.0,2073.0,888.0,3295.0,1414.0
0.0,12003.0,5271.0,3040.0,0.0,5428.0,5428.0,2128.0,912.0,3684.0,1587.0
0.0,6732.0,3631.0,3099.0,0.0,9295.0,9295.0,2169.0,930.0,2537.0,1094.0
0.0,3101.0,1460.0,3080.0,5428.0,5251.0,5251.0,2156.0,924.0,1024.0,436.0
0.0,7069.0,903.0,3003.0,9295.0,0.0,0.0,2102.0,901.0,636.0,267.0
0.0,15461.0,2460.0,2946.0,5251.0,0.0,0.0,2062.0,884.0,1725.0,735.0
0.0,18252.0,4570.0,2966.0,0.0,0.0,0.0,2076.0,890.0,3198.0,1372.0
0.0,13682.0,5102.0,3043.0,0.0,3592.0,3592.0,2130.0,913.0,3567.0,1535.0
0.0,8580.0,3437.0,3097.0,0.0,7245.0,7245.0,2168.0,929.0,2401.0,1036.0
0.0,5143.0,1254.0,3075.0,3592.0,4819.0,4819.0,2152.0,923.0,877.0,377.0
0.0,7481.0,817.0,3000.0,7245.0,0.0,0.0,2100.0,900.0,577.0,240.0
0.0,13909.0,2654.0,2950.0,4819.0,0.0,0.0,2065.0,885.0,1862.0,792.0
0.0,16074.0,4921.0,2977.0,0.0,755.0,755.0,2084.0,893.0,3446.0,1475.0
0.0,11153.0,5324.0,3054.0,0.0,6387.0,6387.0,2138.0,916.0,3724.0,1600.0
0.0,5829.0,3490.0,3107.0,755.0,9334.0,9334.0,2175.0,932.0,2437.0,1053.0
0.0,3094.0,1240.0,3082.0,6387.0,4087.0,4087.0,2157.0,925.0,866.0,374.0
0.0,8241.0,797.0,3006.0,9334.0,0.0,0.0,2104.0,902.0,562.0,235.0
0.0,16778.0,2674.0,2956.0,4087.0,0.0,0.0,2069.0,887.0,1876.0,798.0
0.0,18191.0,4925.0,2983.0,0.0,0.0,0.0,2088.0,895.0,3449.0,1476.0
0.0,13266.0,5267.0,3060.0,0.0,4241.0,4241.0,2142.0,918.0,3684.0,1583.0
0.0,7999.0,3311.0,3108.0,0.0,7744.0,7744.0,2176.0,932.0,2312.0,999.0
0.0,4688.0,1020.0,3080.0,4241.0,4411.0,4411.0,2156.0,924.0,711.0,309.0
0.0,7909.0,691.0,3002.0,7744.0,0.0,0.0,2101.0,901.0,488.0,203.0
0.0,14962.0,2666.0,2953.0,4411.0,0.0,0.0,2067.0,886.0,1872.0,794.0
0.0,16707.0,5026.0,2983.0,0.0,251.0,251.0,2088.0,895.0,3520.0,1506.0
0.0,11681.0,5393.0,3061.0,0.0,5956.0,5956.0,2143.0,918.0,3771.0,1622.0
0.0,6288.0,3429.0,3111.0,251.0,9334.0,9334.0,2178.0,933.0,2396.0,1033.0
0.0,3110.0,1120.0,3083.0,5956.0,4386.0,4386.0,2158.0,925.0,784.0,336.0
0.0,7946.0,804.0,3003.0,9334.0,0.0,0.0,2102.0,901.0,567.0,237.0
0.0,16476.0,2774.0,2953.0,4386.0,0.0,0.0,2067.0,886.0,1946.0,828.0
0.0,18088.0,5038.0,2980.0,0.0,0.0,0.0,2086.0,894.0,3525.0,1513.0
0.0,13050.0,5324.0,3059.0,0.0,4510.0,4510.0,2141.0,918.0,3721.0,1603.0
0.0,7726.0,3310.0,3110.0,0.0,8024.0,8024.0,2177.0,933.0,2314.0,996.0
0.0,4416.0,992.0,3085.0,4510.0,4406.0,4406.0,2159.0,926.0,697.0,295.0
0.0,7934.0,666.0,3009.0,8024.0,0.0,0.0,2106.0,903.0,470.0,196.0
0.0,15292.0,2609.0,2957.0,4406.0,0.0,0.0,2070.0,887.0,1830.0,779.0
0.0,17089.0,4949.0,2983.0,0.0,0.0,0.0,2088.0,895.0,3461.0,1488.0
0.0,12140.0,5441.0,3061.0,0.0,5545.0,5545.0,2143.0,918.0,3803.0,1638.0
0.0,6699.0,3552.0,3114.0,0.0,9309.0,9309.0,2180.0,934.0,2484.0,1068.0
0.0,3147.0,1171.0,3089.0,5545.0,4835.0,4835.0,2162.0,927.0,824.0,347.0
0.0,7521.0,717.0,3011.0,9309.0,0.0,0.0,2108.0,903.0,509.0,208.0
0.0,16113.0,2626.0,2959.0,4835.0,0.0,0.0,2071.0,888.0,1841.0,785.0
0.0,18322.0,5081.0,2986.0,0.0,0.0,0.0,2090.0,896.0,3551.0,1530.0
0.0,13241.0,5585.0,3066.0,0.0,4608.0,4608.0,2146.0,920.0,3902.0,1683.0
0.0,7656.0,3635.0,3122.0,0.0,8467.0,8467.0,2185.0,937.0,2541.0,1094.0
0.0,4021.0,1071.0,3096.0,4608.0,4826.0,4826.0,2167.0,929.0,754.0,317.0
0.0,7558.0,477.0,3017.0,8467.0,0.0,0.0,2112.0,905.0,343.0,134.0
0.0,15548.0,2419.0,2964.0,4826.0,0.0,0.0,2075.0,889.0,1699.0,720.0
0.0,17955.0,4956.0,2991.0,0.0,0.0,0.0,2094.0,897.0,3466.0,1490.0
0.0,12999.0,5540.0,3070.0,0.0,4821.0,4821.0,2149.0,921.0,3866.0,1674.0
0.0,7459.0,3674.0,3125.0,0.0,8715.0,8715.0,2187.0,938.0,2564.0,1110.0
0.0,3785.0,1178.0,3099.0,4821.0,4968.0,4968.0,2169.0,930.0,829.0,349.0
0.0,7428.0,543.0,3019.0,8715.0,0.0,0.0,2113.0,906.0,392.0,151.0
0.0,15600.0,2491.0,2965.0,4968.0,0.0,0.0,2076.0,889.0,1751.0,740.0
0.0,18077.0,5076.0,2993.0,0.0,0.0,0.0,2095.0,898.0,3550.0,1526.0
0.0,13001.0,5762.0,3076.0,0.0,5065.0,5065.0,2153.0,923.0,4021.0,1741.0
0.0,7239.0,3816.0,3132.0,0.0,9105.0,9105.0,2192.0,940.0,2663.0,1153.0
0.0,3423.0,1100.0,3106.0,5065.0,5036.0,5036.0,2174.0,932.0,774.0,326.0
0.0,7388.0,342.0,3024.0,9105.0,0.0,0.0,2117.0,907.0,250.0,92.0
0.0,16151.0,2237.0,2970.0,5036.0,0.0,0.0,2079.0,891.0,1572.0,665.0
0.0,18950.0,4893.0,2997.0,0.0,0.0,0.0,2098.0,899.0,3422.0,1471.0
0.0,14057.0,5730.0,3083.0,0.0,4005.0,4005.0,2158.0,925.0,4001.0,1729.0
0.0,8327.0,3923.0,3143.0,0.0,8168.0,8168.0,2200.0,943.0,2740.0,1183.0
0.0,4404.0,1283.0,3117.0,4005.0,5342.0,5342.0,2182.0,935.0,902.0,381.0
0.0,7126.0,471.0,3032.0,8168.0,0.0,0.0,2122.0,910.0,338.0,133.0
0.0,14823.0,2334.0,2974.0,5342.0,0.0,0.0,2082.0,892.0,1639.0,695.0
0.0,17831.0,5040.0,3004.0,0.0,0.0,0.0,2103.0,901.0,3523.0,1517.0
0.0,12791.0,5799.0,3091.0,0.0,5372.0,5372.0,2164.0,927.0,4049.0,1750.0
0.0,6992.0,3931.0,3152.0,0.0,9547.0,9547.0,2206.0,946.0,2749.0,1182.0
0.0,3061.0,1233.0,3124.0,5372.0,5296.0,5296.0,2187.0,937.0,871.0,362.0
0.0,7200.0,406.0,3037.0,9547.0,0.0,0.0,2126.0,911.0,292.0,114.0
0.0,16341.0,2242.0,2979.0,5296.0,0.0,0.0,2085.0,894.0,1570.0,672.0
0.0,19395.0,4914.0,3010.0,0.0,0.0,0.0,2107.0,903.0,3431.0,1483.0
0.0,14481.0,5702.0,3100.0,0.0,3621.0,3621.0,2170.0,930.0,3983.0,1719.0
0.0,8779.0,3781.0,3159.0,0.0,7638.0,7638.0,2211.0,948.0,2647.0,1134.0
0.0,4998.0,1116.0,3129.0,3621.0,5013.0,5013.0,2190.0,939.0,791.0,325.0
0.0,7503.0,344.0,3039.0,7638.0,0.0,0.0,2127.0,912.0,249.0,95.0
0.0,14797.0,2315.0,2980.0,5013.0,0.0,0.0,2086.0,894.0,1620.0,695.0
0.0,17495.0,5148.0,3013.0,0.0,0.0,0.0,2109.0,904.0,3593.0,1555.0
0.0,12347.0,5958.0,3106.0,0.0,6035.0,6035.0,2174.0,932.0,4162.0,1796.0
0.0,6389.0,3916.0,3166.0,0.0,10191.0,10191.0,2216.0,950.0,2743.0,1173.0
0.0,2473.0,1097.0,3133.0,6035.0,5121.0,5121.0,2193.0,940.0,778.0,319.0
0.0,7411.0,310.0,3043.0,10191.0,0.0,0.0,2130.0,913.0,224.0,86.0
0.0,17292.0,2329.0,2985.0,5121.0,0.0,0.0,2090.0,895.0,1628.0,701.0
0.0,20084.0,5106.0,3020.0,0.0,0.0,0.0,2114.0,906.0,3566.0,1540.0
0.0,14978.0,5734.0,3110.0,0.0,3196.0,3196.0,2177.0,933.0,4007.0,1727.0
0.0,9244.0,3669.0,3169.0,0.0,7101.0,7101.0,2218.0,951.0,2571.0,1098.0
0.0,5575.0,983.0,3137.0,3196.0,4760.0,4760.0,2196.0,941.0,696.0,287.0
0.0,7788.0,314.0,3048.0,7101.0,0.0,0.0,2134.0,914.0,225.0,89.0
0.0,14575.0,2395.0,2990.0,4760.0,0.0,0.0,2093.0,897.0,1674.0,721.0
0.0,16940.0,5167.0,3021.0,0.0,311.0,311.0,2115.0,906.0,3609.0,1558.0
0.0,11773.0,5947.0,3113.0,0.0,6626.0,6626.0,2179.0,934.0,4157.0,1790.0
0.0,5826.0,3933.0,3175.0,311.0,10496.0,10496.0,2222.0,953.0,2755.0,1178.0
0.0,2204.0,1164.0,3146.0,6626.0,4918.0,4918.0,2202.0,944.0,825.0,339.0
0.0,7666.0,414.0,3057.0,10496.0,0.0,0.0,2140.0,917.0,298.0,116.0
0.0,17748.0,2323.0,2994.0,4918.0,0.0,0.0,2096.0,898.0,1623.0,700.0
0.0,20343.0,5035.0,3021.0,0.0,0.0,0.0,2115.0,906.0,3513.0,1522.0
0.0,15308.0,5819.0,3112.0,0.0,2959.0,2959.0,2178.0,934.0,4063.0,1756.0
0.0,9489.0,3807.0,3176.0,0.0,7022.0,7022.0,2223.0,953.0,2666.0,1141.0
0.0,5682.0,1014.0,3149.0,2959.0,4969.0,4969.0,2204.0,945.0,721.0,293.0
0.0,7627.0,177.0,3057.0,7022.0,0.0,0.0,2140.0,917.0,137.0,40.0
0.0,14472.0,2221.0,2994.0,4969.0,0.0,0.0,2096.0,898.0,1554.0,667.0
0.0,17220.0,5121.0,3021.0,0.0,0.0,0.0,2115.0,906.0,3571.0,1550.0
0.0,12099.0,6004.0,3114.0,0.0,6361.0,6361.0,2180.0,934.0,4191.0,1813.0
0.0,6095.0,3966.0,3180.0,0.0,10591.0,10591.0,2226.0,954.0,2779.0,1187.0
0.0,2129.0,1187.0,3155.0,6361.0,5317.0,5317.0,2208.0,947.0,844.0,343.0
0.0,7303.0,381.0,3064.0,10591.0,0.0,0.0,2145.0,919.0,277.0,104.0
0.0,17513.0,2373.0,3000.0,5317.0,0.0,0.0,2100.0,900.0,1658.0,715.0
0.0,20457.0,5125.0,3024.0,0.0,0.0,0.0,2117.0,907.0,3575.0,1550.0
0.0,15332.0,5877.0,3116.0,0.0,3009.0,3009.0,2181.0,935.0,4106.0,1771.0
0.0,9455.0,3839.0,3183.0,0.0,7116.0,7116.0,2228.0,955.0,2689.0,1150.0
0.0,5616.0,993.0,3160.0,3009.0,5008.0,5008.0,2212.0,948.0,705.0,288.0
0.0,7632.0,198.0,3070.0,7116.0,0.0,0.0,2149.0,921.0,148.0,50.0
0.0,14550.0,2191.0,3001.0,5008.0,0.0,0.0,2101.0,900.0,1532.0,659.0
0.0,17367.0,5035.0,3023.0,0.0,0.0,0.0,2116.0,907.0,3516.0,1519.0
0.0,12332.0,5927.0,3112.0,0.0,6043.0,6043.0,2178.0,934.0,4142.0,1785.0
0.0,6405.0,3944.0,3179.0,0.0,10255.0,10255.0,2225.0,954.0,2761.0,1183.0
0.0,2461.0,1110.0,3155.0,6043.0,5226.0,5226.0,2208.0,947.0,783.0,327.0
0.0,7394.0,283.0,3064.0,10255.0,0.0,0.0,2145.0,919.0,204.0,79.0
0.0,17366.0,2370.0,2998.0,5226.0,0.0,0.0,2099.0,899.0,1660.0,710.0
0.0,20222.0,5230.0,3023.0,0.0,0.0,0.0,2116.0,907.0,3656.0,1574.0
0.0,14992.0,6026.0,3115.0,0.0,3494.0,3494.0,2180.0,935.0,4213.0,1813.0
0.0,8966.0,3947.0,3183.0,0.0,7713.0,7713.0,2228.0,955.0,2760.0,1187.0
0.0,5019.0,1052.0,3160.0,3494.0,5179.0,5179.0,2212.0,948.0,740.0,312.0
0.0,7461.0,144.0,3068.0,7713.0,0.0,0.0,2148.0,920.0,107.0,37.0
0.0,15030.0,2146.0,3000.0,5179.0,0.0,0.0,2100.0,900.0,1505.0,641.0
0.0,18063.0,5050.0,3024.0,0.0,0.0,0.0,2117.0,907.0,3533.0,1517.0
0.0,13013.0,5972.0,3117.0,0.0,5427.0,5427.0,2182.0,935.0,4173.0,1799.0
0.0,7041.0,3982.0,3188.0,0.0,9693.0,9693.0,2231.0,957.0,2783.0,1199.0
0.0,3059.0,1174.0,3166.0,5427.0,5352.0,5352.0,2216.0,950.0,826.0,348.0
0.0,7312.0,318.0,3073.0,9693.0,0.0,0.0,2151.0,922.0,230.0,88.0
0.0,16687.0,2406.0,3005.0,5352.0,0.0,0.0,2104.0,901.0,1687.0,719.0
0.0,19633.0,5285.0,3031.0,0.0,0.0,0.0,2122.0,909.0,3696.0,1589.0
0.0,14348.0,6070.0,3127.0,0.0,4230.0,4230.0,2189.0,938.0,4244.0,1826.0
0.0,8278.0,3996.0,3198.0,0.0,8510.0,8510.0,2238.0,960.0,2794.0,1202.0
0.0,4282.0,1045.0,3173.0,4230.0,5225.0,5225.0,2221.0,952.0,733.0,312.0
0.0,7467.0,142.0,3077.0,8510.0,0.0,0.0,2154.0,923.0,104.0,38.0
0.0,15835.0,2148.0,3008.0,5225.0,0.0,0.0,2106.0,902.0,1505.0,643.0
0.0,18912.0,5057.0,3035.0,0.0,0.0,0.0,2125.0,910.0,3537.0,1520.0
0.0,13855.0,5976.0,3131.0,0.0,4645.0,4645.0,2192.0,939.0,4180.0,1796.0
0.0,7879.0,4010.0,3202.0,0.0,8939.0,8939.0,2241.0,961.0,2808.0,1202.0
0.0,3869.0,1165.0,3179.0,4645.0,5367.0,5367.0,2225.0,954.0,818.0,347.0
0.0,7349.0,255.0,3084.0,8939.0,0.0,0.0,2159.0,925.0,180.0,75.0
0.0,16033.0,2211.0,3013.0,5367.0,0.0,0.0,2109.0,904.0,1548.0,663.0
0.0,19189.0,5165.0,3036.0,0.0,0.0,0.0,2125.0,911.0,3613.0,1552.0
0.0,14024.0,6117.0,3132.0,0.0,4621.0,4621.0,2192.0,940.0,4279.0,1838.0
0.0,7907.0,4169.0,3203.0,0.0,9074.0,9074.0,2242.0,961.0,2918.0,1251.0
0.0,3738.0,1201.0,3182.0,4621.0,5570.0,5570.0,2227.0,955.0,844.0,357.0
0.0,7158.0,123.0,3087.0,9074.0,0.0,0.0,2161.0,926.0,90.0,33.0
0.0,16109.0,2045.0,3015.0,5570.0,0.0,0.0,2111.0,904.0,1432.0,613.0
0.0,19634.0,5096.0,3040.0,0.0,0.0,0.0,2128.0,912.0,3563.0,1533.0
0.0,14538.0,6149.0,3139.0,0.0,4167.0,4167.0,2197.0,942.0,4301.0,1848.0
0.0,8389.0,4152.0,3215.0,0.0,8623.0,8623.0,2250.0,965.0,2906.0,1246.0
0.0,4237.0,1053.0,3192.0,4167.0,5417.0,5417.0,2234.0,958.0,740.0,313.0
0.0,7351.0,82.0,3096.0,8623.0,0.0,0.0,2167.0,929.0,60.0,22.0
0.0,15892.0,2138.0,3021.0,5417.0,0.0,0.0,2115.0,906.0,1496.0,642.0
0.0,19171.0,5227.0,3045.0,0.0,0.0,0.0,2132.0,913.0,3657.0,1570.0
0.0,13944.0,6222.0,3142.0,0.0,4846.0,4846.0,2199.0,943.0,4353.0,1869.0
0.0,7722.0,4230.0,3216.0,0.0,9372.0,9372.0,2251.0,965.0,2962.0,1268.0
0.0,3492.0,1211.0,3194.0,4846.0,5649.0,5649.0,2236.0,958.0,851.0,360.0
0.0,7127.0,195.0,3099.0,9372.0,0.0,0.0,2169.0,930.0,137.0,58.0
0.0,16304.0,2150.0,3027.0,5649.0,0.0,0.0,2119.0,908.0,1503.0,647.0
0.0,19803.0,5121.0,3052.0,0.0,0.0,0.0,2137.0,915.0,3583.0,1538.0
0.0,14682.0,6052.0,3149.0,0.0,3966.0,3966.0,2204.0,945.0,4234.0,1818.0
0.0,8630.0,4068.0,3223.0,0.0,8330.0,8330.0,2256.0,967.0,2849.0,1219.0
0.0,4562.0,1125.0,3203.0,3966.0,5409.0,5409.0,2242.0,961.0,790.0,335.0
0.0,7403.0,137.0,3109.0,8330.0,0.0,0.0,2176.0,933.0,98.0,39.0
0.0,15596.0,2050.0,3034.0,5409.0,0.0,0.0,2124.0,910.0,1433.0,617.0
0.0,18955.0,5049.0,3056.0,0.0,0.0,0.0,2139.0,917.0,3531.0,1518.0
0.0,13906.0,6190.0,3153.0,0.0,4896.0,4896.0,2207.0,946.0,4330.0,1860.0
0.0,7716.0,4341.0,3232.0,0.0,9553.0,9553.0,2262.0,970.0,3040.0,1301.0
0.0,3375.0,1331.0,3212.0,4896.0,5908.0,5908.0,2248.0,964.0,936.0,395.0
0.0,6940.0,181.0,3114.0,9553.0,0.0,0.0,2180.0,934.0,131.0,50.0
0.0,16312.0,2095.0,3039.0,5908.0,0.0,0.0,2127.0,912.0,1465.0,630.0
0.0,20125.0,5071.0,3060.0,0.0,0.0,0.0,2142.0,918.0,3544.0,1527.0
0.0,15054.0,6109.0,3157.0,0.0,3683.0,3683.0,2210.0,947.0,4272.0,1837.0
0.0,8945.0,4115.0,3234.0,0.0,8106.0,8106.0,2264.0,970.0,2882.0,1233.0
0.0,4830.0,1069.0,3213.0,3683.0,5408.0,5408.0,2249.0,964.0,754.0,315.0
0.0,7444.0,30.0,3117.0,8106.0,0.0,0.0,2182.0,935.0,26.0,4.0
0.0,15520.0,2089.0,3043.0,5408.0,0.0,0.0,2130.0,913.0,1460.0,629.0
0.0,18839.0,5158.0,3064.0,0.0,0.0,0.0,2145.0,919.0,3603.0,1555.0
0.0,13681.0,6199.0,3162.0,0.0,5166.0,5166.0,2213.0,949.0,4334.0,1865.0
0.0,7482.0,4289.0,3238.0,0.0,9759.0,9759.0,2266.0,972.0,3006.0,1283.0
0.0,3193.0,1253.0,3216.0,5166.0,5758.0,5758.0,2251.0,965.0,885.0,368.0
0.0,7106.0,175.0,3117.0,9759.0,0.0,0.0,2182.0,935.0,127.0,48.0
0.0,16690.0,2119.0,3041.0,5758.0,0.0,0.0,2129.0,912.0,1481.0,638.0
0.0,20329.0,5127.0,3063.0,0.0,0.0,0.0,2144.0,919.0,3581.0,1546.0
0.0,15202.0,6185.0,3162.0,0.0,3631.0,3631.0,2213.0,949.0,4325.0,1860.0
0.0,9017.0,4212.0,3240.0,0.0,8155.0,8155.0,2268.0,972.0,2950.0,1262.0
0.0,4805.0,1154.0,3221.0,3631.0,5602.0,5602.0,2255.0,966.0,815.0,339.0
0.0,7282.0,21.0,3124.0,8155.0,0.0,0.0,2187.0,937.0,20.0,1.0
0.0,15416.0,1936.0,3047.0,5602.0,0.0,0.0,2133.0,914.0,1353.0,583.0
0.0,19082.0,4982.0,3066.0,0.0,0.0,0.0,2146.0,920.0,3480.0,1502.0
0.0,14100.0,6173.0,3162.0,0.0,4721.0,4721.0,2213.0,949.0,4316.0,1857.0
0.0,7927.0,4398.0,3242.0,0.0,9439.0,9439.0,2269.0,973.0,3079.0,1319.0
0.0,3529.0,1400.0,3226.0,4721.0,6054.0,6054.0,2258.0,968.0,987.0,413.0
0.0,6850.0,252.0,3131.0,9439.0,0.0,0.0,2192.0,939.0,184.0,68.0
0.0,16037.0,2032.0,3053.0,6054.0,0.0,0.0,2137.0,916.0,1423.0,609.0
0.0,20059.0,4943.0,3067.0,0.0,0.0,0.0,2147.0,920.0,3452.0,1491.0
0.0,15116.0,6120.0,3162.0,0.0,3652.0,3652.0,2213.0,949.0,4276.0,1844.0
0.0,8996.0,4341.0,3243.0,0.0,8317.0,8317.0,2270.0,973.0,3037.0,1304.0
0.0,4655.0,1348.0,3230.0,3652.0,5961.0,5961.0,2261.0,969.0,950.0,398.0
0.0,6959.0,126.0,3134.0,8317.0,0.0,0.0,2194.0,940.0,95.0,31.0
0.0,15150.0,1811.0,3051.0,5961.0,0.0,0.0,2136.0,915.0,1271.0,540.0
0.0,19300.0,4779.0,3063.0,0.0,0.0,0.0,2144.0,919.0,3342.0,1437.0
0.0,14521.0,6033.0,3159.0,0.0,4148.0,4148.0,2211.0,948.0,4216.0,1817.0
0.0,8488.0,4433.0,3242.0,0.0,8913.0,8913.0,2269.0,973.0,3099.0,1334.0
0.0,4055.0,1529.0,3230.0,4148.0,6246.0,6246.0,2261.0,969.0,1073.0,456.0
0.0,6674.0,283.0,3136.0,8913.0,0.0,0.0,2195.0,941.0,202.0,81.0
0.0,15304.0,1985.0,3054.0,6246.0,0.0,0.0,2138.0,916.0,1393.0,592.0
0.0,19565.0,4969.0,3068.0,0.0,0.0,0.0,2148.0,920.0,3478.0,1491.0
0.0,14596.0,6220.0,3164.0,0.0,4280.0,4280.0,2215.0,949.0,4350.0,1870.0
0.0,8376.0,4395.0,3245.0,0.0,8999.0,8999.0,2271.0,974.0,3073.0,1322.0
0.0,3981.0,1372.0,3230.0,4280.0,6031.0,6031.0,2261.0,969.0,961.0,411.0
0.0,6889.0,97.0,3134.0,8999.0,0.0,0.0,2194.0,940.0,72.0,25.0
0.0,15791.0,1838.0,3053.0,6031.0,0.0,0.0,2137.0,916.0,1290.0,548.0
0.0,19984.0,4891.0,3068.0,0.0,0.0,0.0,2148.0,920.0,3423.0,1468.0
0.0,15093.0,6173.0,3166.0,0.0,3744.0,3744.0,2216.0,950.0,4318.0,1855.0
0.0,8920.0,4339.0,3246.0,0.0,8403.0,8403.0,2272.0,974.0,3034.0,1305.0
0.0,4581.0,1316.0,3232.0,3744.0,5919.0,5919.0,2262.0,970.0,921.0,395.0
0.0,7009.0,138.0,3137.0,8403.0,0.0,0.0,2196.0,941.0,100.0,38.0
0.0,15274.0,2049.0,3058.0,5919.0,0.0,0.0,2141.0,917.0,1439.0,610.0
0.0,19144.0,5108.0,3073.0,0.0,0.0,0.0,2151.0,922.0,3577.0,1531.0
0.0,14036.0,6276.0,3168.0,0.0,4912.0,4912.0,2218.0,950.0,4387.0,1889.0
0.0,7760.0,4455.0,3250.0,0.0,9695.0,9695.0,2275.0,975.0,3112.0,1343.0
0.0,3305.0,1368.0,3236.0,4912.0,6095.0,6095.0,2265.0,971.0,957.0,411.0
0.0,6849.0,63.0,3140.0,9695.0,0.0,0.0,2198.0,942.0,50.0,13.0
0.0,16481.0,1839.0,3058.0,6095.0,0.0,0.0,2141.0,917.0,1294.0,545.0
0.0,20737.0,4846.0,3071.0,0.0,0.0,0.0,2150.0,921.0,3393.0,1453.0
0.0,15891.0,6147.0,3170.0,0.0,2936.0,2936.0,2219.0,951.0,4298.0,1849.0
0.0,9744.0,4438.0,3255.0,0.0,7714.0,7714.0,2278.0,977.0,3098.0,1340.0
0.0,5306.0,1370.0,3240.0,2936.0,6088.0,6088.0,2268.0,972.0,958.0,412.0
0.0,6872.0,110.0,3143.0,7714.0,0.0,0.0,2200.0,943.0,83.0,27.0
0.0,14476.0,1934.0,3061.0,6088.0,0.0,0.0,2143.0,918.0,1362.0,572.0
0.0,18630.0,5006.0,3075.0,0.0,0.0,0.0,2153.0,922.0,3505.0,1501.0
0.0,13624.0,6319.0,3173.0,0.0,5387.0,5387.0,2221.0,952.0,4417.0,1902.0
0.0,7305.0,4540.0,3256.0,0.0,10259.0,10259.0,2279.0,977.0,3171.0,1369.0
0.0,2765.0,1509.0,3245.0,5387.0,6337.0,6337.0,2271.0,974.0,1054.0,455.0
0.0,6643.0,214.0,3150.0,10259.0,0.0,0.0,2205.0,945.0,156.0,58.0
0.0,16688.0,1820.0,3067.0,6337.0,0.0,0.0,2147.0,920.0,1281.0,539.0
0.0,21205.0,4789.0,3077.0,0.0,0.0,0.0,2154.0,923.0,3354.0,1435.0
0.0,16416.0,6129.0,3173.0,0.0,2405.0,2405.0,2221.0,952.0,4285.0,1844.0
0.0,10287.0,4487.0,3259.0,0.0,7236.0,7236.0,2281.0,978.0,3132.0,1355.0
0.0,5800.0,1526.0,3251.0,2405.0,6325.0,6325.0,2275.0,976.0,1066.0,460.0
0.0,6679.0,165.0,3159.0,7236.0,0.0,0.0,2211.0,948.0,123.0,42.0
0.0,13750.0,1820.0,3075.0,6325.0,0.0,0.0,2153.0,922.0,1282.0,538.0
0.0,18255.0,4821.0,3083.0,0.0,0.0,0.0,2158.0,925.0,3374.0,1447.0
0.0,13434.0,6201.0,3176.0,0.0,5471.0,5471.0,2223.0,953.0,4333.0,1868.0
0.0,7233.0,4627.0,3259.0,0.0,10430.0,10430.0,2281.0,978.0,3232.0,1395.0
0.0,2606.0,1734.0,3253.0,5471.0,6669.0,6669.0,2277.0,976.0,1216.0,518.0
0.0,6343.0,376.0,3166.0,10430.0,0.0,0.0,2216.0,950.0,272.0,104.0
0.0,16397.0,1855.0,3084.0,6669.0,0.0,0.0,2159.0,925.0,1305.0,550.0
0.0,21211.0,4663.0,3090.0,0.0,0.0,0.0,2163.0,927.0,3262.0,1401.0
0.0,16548.0,5995.0,3180.0,0.0,2167.0,2167.0,2226.0,954.0,4189.0,1806.0
0.0,10553.0,4469.0,3263.0,0.0,6968.0,6968.0,2284.0,979.0,3123.0,1346.0
0.0,6084.0,1595.0,3259.0,2167.0,6380.0,6380.0,2281.0,978.0,1117.0,478.0
0.0,6656.0,243.0,3172.0,6968.0,0.0,0.0,2220.0,952.0,176.0,67.0
0.0,13381.0,1824.0,3091.0,6380.0,0.0,0.0,2164.0,927.0,1282.0,542.0
0.0,17937.0,4719.0,3096.0,0.0,0.0,0.0,2167.0,929.0,3304.0,1415.0
0.0,13218.0,6129.0,3184.0,0.0,5647.0,5647.0,2229.0,955.0,4285.0,1844.0
0.0,7089.0,4602.0,3267.0,0.0,10581.0,10581.0,2287.0,980.0,3215.0,1387.0
0.0,2487.0,1733.0,3263.0,5647.0,6651.0,6651.0,2284.0,979.0,1212.0,521.0
0.0,6401.0,420.0,3176.0,10581.0,0.0,0.0,2223.0,953.0,299.0,121.0
0.0,16562.0,1959.0,3093.0,6651.0,0.0,0.0,2165.0,928.0,1376.0,583.0
0.0,21254.0,4812.0,3101.0,0.0,0.0,0.0,2171.0,930.0,3369.0,1443.0
0.0,16442.0,6094.0,3193.0,0.0,2424.0,2424.0,2235.0,958.0,4263.0,1831.0
0.0,10348.0,4472.0,3276.0,0.0,7228.0,7228.0,2293.0,983.0,3125.0,1347.0
0.0,5876.0,1552.0,3270.0,2424.0,6332.0,6332.0,2289.0,981.0,1085.0,467.0
0.0,6748.0,148.0,3180.0,7228.0,0.0,0.0,2226.0,954.0,106.0,42.0
0.0,13828.0,1716.0,3094.0,6332.0,0.0,0.0,2166.0,928.0,1205.0,511.0
0.0,18444.0,4778.0,3103.0,0.0,0.0,0.0,2172.0,931.0,3344.0,1434.0
0.0,13666.0,6248.0,3197.0,0.0,5370.0,5370.0,2238.0,959.0,4370.0,1878.0
0.0,7418.0,4697.0,3285.0,0.0,10419.0,10419.0,2299.0,986.0,3286.0,1411.0
0.0,2721.0,1682.0,3278.0,5370.0,6703.0,6703.0,2294.0,984.0,1179.0,503.0
0.0,6409.0,222.0,3183.0,10419.0,0.0,0.0,2228.0,955.0,160.0,62.0
0.0,16606.0,1786.0,3097.0,6703.0,0.0,0.0,2168.0,929.0,1250.0,536.0
0.0,21523.0,4846.0,3104.0,0.0,0.0,0.0,2173.0,931.0,3387.0,1459.0
0.0,16677.0,6286.0,3200.0,0.0,2409.0,2409.0,2240.0,960.0,4395.0,1891.0
0.0,10391.0,4667.0,3288.0,0.0,7428.0,7428.0,2301.0,987.0,3268.0,1399.0
0.0,5724.0,1614.0,3283.0,2409.0,6613.0,6613.0,2298.0,985.0,1134.0,480.0
0.0,6519.0,64.0,3192.0,7428.0,0.0,0.0,2234.0,958.0,49.0,15.0
0.0,13883.0,1651.0,3106.0,6613.0,0.0,0.0,2174.0,932.0,1157.0,494.0
0.0,18845.0,4704.0,3110.0,0.0,0.0,0.0,2177.0,933.0,3290.0,1414.0
0.0,14141.0,6193.0,3203.0,0.0,4864.0,4864.0,2242.0,961.0,4328.0,1865.0
0.0,7948.0,4635.0,3290.0,0.0,9847.0,9847.0,2303.0,987.0,3243.0,1392.0
0.0,3313.0,1663.0,3285.0,4864.0,6626.0,6626.0,2299.0,986.0,1167.0,496.0
0.0,6514.0,306.0,3195.0,9847.0,0.0,0.0,2236.0,959.0,221.0,85.0
0.0,16055.0,1869.0,3109.0,6626.0,0.0,0.0,2176.0,933.0,1311.0,558.0
0.0,20812.0,4898.0,3116.0,0.0,0.0,0.0,2181.0,935.0,3424.0,1474.0
0.0,15914.0,6374.0,3210.0,0.0,3300.0,3300.0,2247.0,963.0,4456.0,1918.0
0.0,9540.0,4762.0,3297.0,0.0,8410.0,8410.0,2308.0,989.0,3332.0,1430.0
0.0,4778.0,1634.0,3293.0,3300.0,6728.0,6728.0,2305.0,988.0,1148.0,486.0
0.0,6444.0,91.0,3203.0,8410.0,0.0,0.0,2242.0,961.0,69.0,22.0
0.0,14763.0,1704.0,3117.0,6728.0,0.0,0.0,2182.0,935.0,1192.0,512.0
0.0,19787.0,4752.0,3123.0,0.0,0.0,0.0,2186.0,937.0,3320.0,1432.0
0.0,15035.0,6180.0,3213.0,0.0,3997.0,3997.0,2249.0,964.0,4323.0,1857.0
0.0,8855.0,4620.0,3299.0,0.0,8961.0,8961.0,2309.0,990.0,3236.0,1384.0
0.0,4235.0,1551.0,3293.0,3997.0,6491.0,6491.0,2305.0,988.0,1092.0,459.0
0.0,6681.0,232.0,3205.0,8961.0,0.0,0.0,2243.0,962.0,166.0,66.0
0.0,15410.0,1992.0,3124.0,6491.0,0.0,0.0,2187.0,937.0,1390.0,602.0
0.0,19909.0,5084.0,3133.0,0.0,0.0,0.0,2193.0,940.0,3552.0,1532.0
0.0,14825.0,6401.0,3223.0,0.0,4468.0,4468.0,2256.0,967.0,4478.0,1923.0
0.0,8424.0,4597.0,3303.0,0.0,9385.0,9385.0,2312.0,991.0,3222.0,1375.0
0.0,3827.0,1437.0,3296.0,4468.0,6326.0,6326.0,2307.0,989.0,1014.0,423.0
0.0,6858.0,98.0,3207.0,9385.0,0.0,0.0,2245.0,962.0,71.0,27.0
0.0,16145.0,1850.0,3128.0,6326.0,0.0,0.0,2190.0,938.0,1289.0,561.0
0.0,20621.0,4973.0,3137.0,0.0,0.0,0.0,2196.0,941.0,3474.0,1499.0
0.0,15648.0,6270.0,3227.0,0.0,3530.0,3530.0,2259.0,968.0,4385.0,1885.0
0.0,9378.0,4463.0,3309.0,0.0,8321.0,8321.0,2316.0,993.0,3128.0,1335.0
0.0,4915.0,1299.0,3299.0,3530.0,6050.0,6050.0,2309.0,990.0,919.0,380.0
0.0,7146.0,17.0,3209.0,8321.0,0.0,0.0,2246.0,963.0,15.0,2.0
0.0,15450.0,1938.0,3127.0,6050.0,0.0,0.0,2189.0,938.0,1350.0,588.0
0.0,19562.0,5203.0,3139.0,0.0,0.0,0.0,2197.0,942.0,3635.0,1568.0
0.0,14359.0,6595.0,3233.0,0.0,5168.0,5168.0,2263.0,970.0,4613.0,1982.0
0.0,7764.0,4611.0,3313.0,0.0,10099.0,10099.0,2319.0,994.0,3234.0,1377.0
0.0,3153.0,1277.0,3300.0,5168.0,6156.0,6156.0,2310.0,990.0,904.0,373.0
0.0,7044.0,0.0,3207.0,10099.0,0.0,0.0,2245.0,962.0,0.0,0.0
0.0,17143.0,2026.0,3129.0,6156.0,0.0,0.0,2190.0,939.0,1410.0,616.0
0.0,21273.0,5309.0,3146.0,0.0,0.0,0.0,2202.0,944.0,3709.0,1600.0
0.0,15964.0,6524.0,3242.0,0.0,3528.0,3528.0,2269.0,973.0,4566.0,1958.0
0.0,9440.0,4396.0,3323.0,0.0,8248.0,8248.0,2326.0,997.0,3086.0,1310.0
0.0,5044.0,1101.0,3311.0,3528.0,5773.0,5773.0,2318.0,993.0,779.0,322.0
0.0,7471.0,0.0,3219.0,8248.0,0.0,0.0,2253.0,966.0,0.0,0.0
0.0,15719.0,1959.0,3137.0,5773.0,0.0,0.0,2196.0,941.0,1362.0,597.0
0.0,19533.0,5221.0,3146.0,0.0,0.0,0.0,2202.0,944.0,3645.0,1576.0
0.0,14312.0,6583.0,3241.0,0.0,5235.0,5235.0,2268.0,973.0,4609.0,1974.0
0.0,7729.0,4677.0,3326.0,0.0,10252.0,10252.0,2328.0,998.0,3283.0,1394.0
0.0,3052.0,1442.0,3320.0,5235.0,6435.0,6435.0,2324.0,996.0,1020.0,422.0
0.0,6845.0,78.0,3228.0,10252.0,0.0,0.0,2260.0,968.0,53.0,25.0
0.0,17019.0,1964.0,3146.0,6435.0,0.0,0.0,2202.0,944.0,1364.0,600.0
0.0,21490.0,5123.0,3154.0,0.0,0.0,0.0,2208.0,946.0,3578.0,1545.0
0.0,16367.0,6408.0,3246.0,0.0,3025.0,3025.0,2272.0,974.0,4488.0,1920.0
0.0,9959.0,4476.0,3331.0,0.0,7841.0,7841.0,2332.0,999.0,3142.0,1334.0
0.0,5483.0,1257.0,3323.0,3025.0,6041.0,6041.0,2326.0,997.0,886.0,371.0
0.0,7251.0,9.0,3233.0,7841.0,0.0,0.0,2263.0,970.0,5.0,4.0
0.0,15083.0,1916.0,3151.0,6041.0,0.0,0.0,2206.0,945.0,1334.0,582.0
0.0,19208.0,5165.0,3161.0,0.0,0.0,0.0,2213.0,948.0,3609.0,1556.0
0.0,14043.0,6498.0,3254.0,0.0,5471.0,5471.0,2278.0,976.0,4549.0,1949.0
0.0,7545.0,4626.0,3337.0,0.0,10429.0,10429.0,2336.0,1001.0,3245.0,1381.0
0.0,2919.0,1449.0,3329.0,5471.0,6375.0,6375.0,2330.0,999.0,1020.0,429.0
0.0,6941.0,122.0,3237.0,10429.0,0.0,0.0,2266.0,971.0,83.0,39.0
0.0,17248.0,1956.0,3153.0,6375.0,0.0,0.0,2207.0,946.0,1364.0,592.0
0.0,21667.0,5164.0,3160.0,0.0,0.0,0.0,2212.0,948.0,3609.0,1555.0
0.0,16503.0,6505.0,3253.0,0.0,3014.0,3014.0,2277.0,976.0,4554.0,1951.0
0.0,9998.0,4584.0,3340.0,0.0,7946.0,7946.0,2338.0,1002.0,3215.0,1369.0
0.0,5414.0,1292.0,3332.0,3014.0,6192.0,6192.0,2332.0,1000.0,910.0,382.0
0.0,7136.0,0.0,3241.0,7946.0,0.0,0.0,2269.0,972.0,0.0,0.0
0.0,15082.0,1778.0,3156.0,6192.0,0.0,0.0,2209.0,947.0,1239.0,539.0
0.0,19496.0,5018.0,3163.0,0.0,0.0,0.0,2214.0,949.0,3505.0,1513.0
0.0,14478.0,6515.0,3259.0,0.0,5073.0,5073.0,2281.0,978.0,4558.0,1957.0
0.0,7963.0,4674.0,3345.0,0.0,10091.0,10091.0,2341.0,1004.0,3277.0,1397.0
0.0,3289.0,1401.0,3333.0,5073.0,6371.0,6371.0,2333.0,1000.0,987.0,414.0
0.0,6961.0,61.0,3237.0,10091.0,0.0,0.0,2266.0,971.0,45.0,16.0
0.0,16991.0,1964.0,3151.0,6371.0,0.0,0.0,2206.0,945.0,1371.0,593.0
0.0,21398.0,5227.0,3163.0,0.0,0.0,0.0,2214.0,949.0,3653.0,1574.0
0.0,16171.0,6552.0,3262.0,0.0,3429.0,3429.0,2283.0,979.0,4585.0,1967.0
0.0,9619.0,4646.0,3349.0,0.0,8423.0,8423.0,2344.0,1005.0,3255.0,1391.0
0.0,4973.0,1344.0,3340.0,3429.0,6302.0,6302.0,2338.0,1002.0,945.0,399.0
0.0,7058.0,0.0,3244.0,8423.0,0.0,0.0,2271.0,973.0,0.0,0.0
0.0,15481.0,1818.0,3158.0,6302.0,0.0,0.0,2211.0,947.0,1272.0,546.0
0.0,19965.0,5026.0,3169.0,0.0,0.0,0.0,2218.0,951.0,3515.0,1511.0
0.0,14939.0,6391.0,3267.0,0.0,4520.0,4520.0,2287.0,980.0,4472.0,1919.0
0.0,8548.0,4630.0,3356.0,0.0,9506.0,9506.0,2349.0,1007.0,3241.0,1389.0
0.0,3918.0,1472.0,3347.0,4520.0,6422.0,6422.0,2343.0,1004.0,1032.0,440.0
0.0,6966.0,158.0,3250.0,9506.0,0.0,0.0,2275.0,975.0,113.0,45.0
0.0,16314.0,2009.0,3161.0,6422.0,0.0,0.0,2213.0,948.0,1407.0,602.0
0.0,20727.0,5171.0,3173.0,0.0,0.0,0.0,2221.0,952.0,3619.0,1552.0
0.0,15556.0,6519.0,3273.0,0.0,4055.0,4055.0,2291.0,982.0,4560.0,1959.0
0.0,9037.0,4645.0,3362.0,0.0,9056.0,9056.0,2353.0,1009.0,3249.0,1396.0
0.0,4392.0,1425.0,3350.0,4055.0,6378.0,6378.0,2345.0,1005.0,998.0,427.0
0.0,7022.0,69.0,3250.0,9056.0,0.0,0.0,2275.0,975.0,51.0,18.0
0.0,16009.0,1900.0,3161.0,6378.0,0.0,0.0,2213.0,948.0,1332.0,568.0
0.0,20487.0,4957.0,3172.0,0.0,0.0,0.0,2220.0,952.0,3469.0,1488.0
0.0,15530.0,6246.0,3271.0,0.0,3800.0,3800.0,2289.0,982.0,4371.0,1875.0
0.0,9284.0,4543.0,3358.0,0.0,8691.0,8691.0,2350.0,1008.0,3178.0,1365.0
0.0,4741.0,1505.0,3350.0,3800.0,6364.0,6364.0,2345.0,1005.0,1054.0,451.0
0.0,7036.0,178.0,3253.0,8691.0,0.0,0.0,2277.0,976.0,126.0,52.0
0.0,15549.0,1967.0,3164.0,6364.0,0.0,0.0,2215.0,949.0,1378.0,589.0
0.0,19946.0,5187.0,3173.0,0.0,0.0,0.0,2221.0,952.0,3632.0,1555.0
0.0,14759.0,6572.0,3272.0,0.0,4901.0,4901.0,2290.0,982.0,4600.0,1972.0
0.0,8187.0,4701.0,3362.0,0.0,9962.0,9962.0,2353.0,1009.0,3289.0,1412.0
0.0,3486.0,1419.0,3350.0,4901.0,6432.0,6432.0,2345.0,1005.0,992.0,427.0
0.0,6968.0,85.0,3254.0,9962.0,0.0,0.0,2278.0,976.0,58.0,27.0
0.0,16845.0,1929.0,3167.0,6432.0,0.0,0.0,2217.0,950.0,1351.0,578.0
0.0,21348.0,5053.0,3179.0,0.0,0.0,0.0,2225.0,954.0,3539.0,1514.0
0.0,16295.0,6377.0,3277.0,0.0,3190.0,3190.0,2294.0,983.0,4466.0,1911.0
0.0,9918.0,4507.0,3363.0,0.0,8041.0,8041.0,2354.0,1009.0,3154.0,1353.0
0.0,5411.0,1357.0,3353.0,3190.0,6168.0,6168.0,2347.0,1006.0,948.0,409.0
0.0,7244.0,17.0,3254.0,8041.0,0.0,0.0,2278.0,976.0,10.0,7.0
0.0,15268.0,1987.0,3167.0,6168.0,0.0,0.0,2217.0,950.0,1392.0,595.0
0.0,19449.0,5311.0,3180.0,0.0,0.0,0.0,2226.0,954.0,3719.0,1592.0
0.0,14138.0,6697.0,3282.0,0.0,5687.0,5687.0,2297.0,985.0,4688.0,2009.0
0.0,7441.0,4746.0,3370.0,0.0,10785.0,10785.0,2359.0,1011.0,3322.0,1424.0
0.0,2695.0,1490.0,3361.0,5687.0,6552.0,6552.0,2353.0,1008.0,1042.0,448.0
0.0,6892.0,69.0,3263.0,10785.0,0.0,0.0,2284.0,979.0,47.0,22.0
0.0,17608.0,1923.0,3176.0,6552.0,0.0,0.0,2223.0,953.0,1347.0,576.0
0.0,22237.0,5155.0,3186.0,0.0,0.0,0.0,2230.0,956.0,3608.0,1547.0
0.0,17082.0,6503.0,3286.0,0.0,2565.0,2565.0,2300.0,986.0,4552.0,1951.0
0.0,10579.0,4568.0,3375.0,0.0,7489.0,7489.0,2362.0,1013.0,3196.0,1372.0
0.0,6011.0,1299.0,3365.0,2565.0,6183.0,6183.0,2355.0,1010.0,908.0,391.0
0.0,7277.0,9.0,3269.0,7489.0,0.0,0.0,2288.0,981.0,8.0,1.0
0.0,14757.0,1997.0,3181.0,6183.0,0.0,0.0,2227.0,954.0,1401.0,596.0
0.0,18943.0,5292.0,3194.0,0.0,0.0,0.0,2236.0,958.0,3705.0,1587.0
0.0,13651.0,6655.0,3295.0,0.0,6184.0,6184.0,2306.0,989.0,4657.0,1998.0
0.0,6996.0,4714.0,3385.0,0.0,11258.0,11258.0,2369.0,1016.0,3298.0,1416.0
0.0,2282.0,1416.0,3373.0,6184.0,6442.0,6442.0,2361.0,1012.0,989.0,427.0
0.0,7050.0,83.0,3274.0,11258.0,0.0,0.0,2292.0,982.0,59.0,24.0
0.0,18225.0,1996.0,3187.0,6442.0,0.0,0.0,2231.0,956.0,1400.0,596.0
0.0,22671.0,5293.0,3200.0,0.0,0.0,0.0,2240.0,960.0,3708.0,1585.0
0.0,17378.0,6572.0,3300.0,0.0,2394.0,2394.0,2310.0,990.0,4598.0,1974.0
0.0,10806.0,4579.0,3389.0,0.0,7329.0,7329.0,2372.0,1017.0,3201.0,1378.0
0.0,6227.0,1300.0,3379.0,2394.0,6195.0,6195.0,2365.0,1014.0,909.0,391.0
0.0,7321.0,0.0,3282.0,7329.0,0.0,0.0,2297.0,985.0,0.0,0.0
0.0,14650.0,1867.0,3194.0,6195.0,0.0,0.0,2236.0,958.0,1310.0,557.0
0.0,18978.0,5130.0,3204.0,0.0,0.0,0.0,2243.0,961.0,3594.0,1536.0
0.0,13848.0,6593.0,3303.0,0.0,5957.0,5957.0,2312.0,991.0,4616.0,1977.0
0.0,7255.0,4810.0,3392.0,0.0,11123.0,11123.0,2374.0,1018.0,3366.0,1444.0
0.0,2445.0,1651.0,3386.0,5957.0,6793.0,6793.0,2370.0,1016.0,1152.0,499.0
0.0,6751.0,219.0,3290.0,11123.0,0.0,0.0,2303.0,987.0,152.0,67.0
0.0,17655.0,1897.0,3201.0,6793.0,0.0,0.0,2241.0,960.0,1330.0,567.0
0.0,22551.0,5115.0,3210.0,0.0,0.0,0.0,2247.0,963.0,3582.0,1533.0
0.0,17436.0,6501.0,3307.0,0.0,2293.0,2293.0,2315.0,992.0,4550.0,1951.0
0.0,10935.0,4667.0,3396.0,0.0,7316.0,7316.0,2377.0,1019.0,3265.0,1402.0
0.0,6268.0,1435.0,3387.0,2293.0,6422.0,6422.0,2371.0,1016.0,1003.0,432.0
0.0,7126.0,24.0,3293.0,7316.0,0.0,0.0,2305.0,988.0,17.0,7.0
0.0,14418.0,1821.0,3207.0,6422.0,0.0,0.0,2245.0,962.0,1276.0,545.0
0.0,19019.0,5024.0,3217.0,0.0,0.0,0.0,2252.0,965.0,3518.0,1506.0
0.0,13995.0,6487.0,3313.0,0.0,5744.0,5744.0,2319.0,994.0,4542.0,1945.0
0.0,7508.0,4754.0,3400.0,0.0,10846.0,10846.0,2380.0,1020.0,3329.0,1425.0
0.0,2754.0,1556.0,3393.0,5744.0,6630.0,6630.0,2375.0,1018.0,1089.0,467.0
0.0,6942.0,170.0,3296.0,10846.0,0.0,0.0,2307.0,989.0,116.0,54.0
0.0,17618.0,1985.0,3207.0,6630.0,0.0,0.0,2245.0,962.0,1388.0,597.0
0.0,22263.0,5249.0,3219.0,0.0,0.0,0.0,2253.0,966.0,3674.0,1575.0
0.0,17014.0,6612.0,3319.0,0.0,2874.0,2874.0,2323.0,996.0,4631.0,1981.0
0.0,10402.0,4706.0,3407.0,0.0,7932.0,7932.0,2385.0,1022.0,3297.0,1409.0
0.0,5696.0,1403.0,3397.0,2874.0,6421.0,6421.0,2378.0,1019.0,979.0,424.0
0.0,7167.0,2.0,3300.0,7932.0,0.0,0.0,2310.0,990.0,0.0,2.0
0.0,15097.0,1860.0,3213.0,6421.0,0.0,0.0,2249.0,964.0,1301.0,559.0
0.0,19658.0,5085.0,3224.0,0.0,0.0,0.0,2257.0,967.0,3560.0,1525.0
0.0,14573.0,6578.0,3324.0,0.0,5301.0,5301.0,2327.0,997.0,4606.0,1972.0
0.0,7995.0,4835.0,3417.0,0.0,10508.0,10508.0,2392.0,1025.0,3385.0,1450.0
0.0,3160.0,1586.0,3410.0,5301.0,6765.0,6765.0,2387.0,1023.0,1109.0,477.0
0.0,6875.0,88.0,3309.0,10508.0,0.0,0.0,2316.0,993.0,60.0,28.0
0.0,17295.0,1852.0,3216.0,6765.0,0.0,0.0,2251.0,965.0,1296.0,556.0
0.0,22208.0,5093.0,3223.0,0.0,0.0,0.0,2256.0,967.0,3565.0,1528.0
0.0,17115.0,6624.0,3321.0,0.0,2793.0,2793.0,2325.0,996.0,4640.0,1984.0
0.0,10491.0,4878.0,3414.0,0.0,8043.0,8043.0,2390.0,1024.0,3415.0,1463.0
0.0,5613.0,1598.0,3407.0,2793.0,6820.0,6820.0,2385.0,1022.0,1116.0,482.0
0.0,6808.0,26.0,3309.0,8043.0,0.0,0.0,2316.0,993.0,15.0,11.0
0.0,14825.0,1749.0,3217.0,6820.0,0.0,0.0,2252.0,965.0,1225.0,524.0
0.0,19896.0,5003.0,3226.0,0.0,0.0,0.0,2258.0,968.0,3507.0,1496.0
0.0,14893.0,6529.0,3326.0,0.0,4940.0,4940.0,2328.0,998.0,4572.0,1957.0
0.0,8364.0,4759.0,3417.0,0.0,10063.0,10063.0,2392.0,1025.0,3331.0,1428.0
0.0,3605.0,1510.0,3409.0,4940.0,6601.0,6601.0,2386.0,1023.0,1055.0,455.0
0.0,7035.0,109.0,3309.0,10063.0,0.0,0.0,2316.0,993.0,73.0,36.0
0.0,16989.0,1918.0,3217.0,6601.0,0.0,0.0,2252.0,965.0,1343.0,575.0
0.0,21672.0,5200.0,3227.0,0.0,0.0,0.0,2259.0,968.0,3642.0,1558.0
0.0,16472.0,6693.0,3328.0,0.0,3533.0,3533.0,2330.0,998.0,4687.0,2006.0
0.0,9779.0,4863.0,3420.0,0.0,8764.0,8764.0,2394.0,1026.0,3404.0,1459.0
0.0,4916.0,1565.0,3412.0,3533.0,6764.0,6764.0,2388.0,1024.0,1095.0,470.0
0.0,6884.0,54.0,3311.0,8764.0,0.0,0.0,2318.0,993.0,37.0,17.0
0.0,15594.0,1761.0,3219.0,6764.0,0.0,0.0,2253.0,966.0,1232.0,529.0
0.0,20597.0,5010.0,3227.0,0.0,0.0,0.0,2259.0,968.0,3507.0,1503.0
0.0,15587.0,6578.0,3329.0,0.0,4307.0,4307.0,2330.0,999.0,4605.0,1973.0
0.0,9009.0,4803.0,3421.0,0.0,9478.0,9478.0,2395.0,1026.0,3364.0,1439.0
0.0,4206.0,1550.0,3414.0,4307.0,6693.0,6693.0,2390.0,1024.0,1085.0,465.0
0.0,6963.0,43.0,3317.0,9478.0,0.0,0.0,2322.0,995.0,28.0,15.0
0.0,16398.0,1764.0,3224.0,6693.0,0.0,0.0,2257.0,967.0,1233.0,531.0
0.0,21327.0,5100.0,3230.0,0.0,0.0,0.0,2261.0,969.0,3570.0,1530.0
0.0,16227.0,6677.0,3326.0,0.0,3754.0,3754.0,2328.0,998.0,4674.0,2003.0
0.0,9550.0,4967.0,3417.0,0.0,9085.0,9085.0,2392.0,1025.0,3477.0,1490.0
0.0,4583.0,1674.0,3413.0,3754.0,6989.0,6989.0,2389.0,1024.0,1173.0,501.0
0.0,6663.0,87.0,3317.0,9085.0,0.0,0.0,2322.0,995.0,61.0,26.0
0.0,15661.0,1777.0,3226.0,6989.0,0.0,0.0,2258.0,968.0,1244.0,533.0
0.0,20873.0,5010.0,3233.0,0.0,0.0,0.0,2263.0,970.0,3508.0,1502.0
0.0,15863.0,6524.0,3330.0,0.0,3981.0,3981.0,2331.0,999.0,4565.0,1959.0
0.0,9339.0,4805.0,3423.0,0.0,9158.0,9158.0,2396.0,1027.0,3362.0,1443.0
0.0,4534.0,1609.0,3418.0,3981.0,6766.0,6766.0,2393.0,1025.0,1128.0,481.0
0.0,6906.0,91.0,3323.0,9158.0,0.0,0.0,2326.0,997.0,65.0,26.0
0.0,15973.0,1773.0,3233.0,6766.0,0.0,0.0,2263.0,970.0,1241.0,532.0
0.0,20966.0,5039.0,3239.0,0.0,0.0,0.0,2267.0,972.0,3527.0,1512.0
0.0,15927.0,6685.0,3337.0,0.0,4106.0,4106.0,2336.0,1001.0,4678.0,2007.0
0.0,9242.0,5003.0,3430.0,0.0,9481.0,9481.0,2401.0,1029.0,3501.0,1502.0
0.0,4239.0,1766.0,3426.0,4106.0,7125.0,7125.0,2398.0,1028.0,1238.0,528.0
0.0,6579.0,170.0,3328.0,9481.0,0.0,0.0,2330.0,998.0,122.0,48.0
0.0,15890.0,1804.0,3236.0,7125.0,0.0,0.0,2265.0,971.0,1265.0,539.0
0.0,21211.0,5037.0,3242.0,0.0,0.0,0.0,2269.0,973.0,3522.0,1515.0
0.0,16174.0,6583.0,3341.0,0.0,3773.0,3773.0,2339.0,1002.0,4603.0,1980.0
0.0,9591.0,4873.0,3435.0,0.0,9022.0,9022.0,2404.0,1031.0,3410.0,1463.0
0.0,4718.0,1502.0,3428.0,3773.0,6723.0,6723.0,2400.0,1028.0,1055.0,447.0
0.0,6989.0,0.0,3330.0,9022.0,0.0,0.0,2331.0,999.0,0.0,0.0
0.0,16011.0,1724.0,3237.0,6723.0,0.0,0.0,2266.0,971.0,1208.0,516.0
0.0,21010.0,4979.0,3240.0,0.0,0.0,0.0,2268.0,972.0,3485.0,1494.0
0.0,16031.0,6642.0,3337.0,0.0,3959.0,3959.0,2336.0,1001.0,4649.0,1993.0
0.0,9389.0,5063.0,3433.0,0.0,9406.0,9406.0,2403.0,1030.0,3545.0,1518.0
0.0,4326.0,1827.0,3433.0,3959.0,7274.0,7274.0,2403.0,1030.0,1280.0,547.0
0.0,6458.0,227.0,3339.0,9406.0,0.0,0.0,2337.0,1002.0,159.0,68.0
0.0,15637.0,1813.0,3246.0,7274.0,0.0,0.0,2272.0,974.0,1268.0,545.0
0.0,21098.0,5075.0,3250.0,0.0,0.0,0.0,2275.0,975.0,3551.0,1524.0
0.0,16023.0,6619.0,3346.0,0.0,3980.0,3980.0,2342.0,1004.0,4633.0,1986.0
0.0,9404.0,4850.0,3439.0,0.0,9202.0,9202.0,2407.0,1032.0,3396.0,1454.0
0.0,4554.0,1551.0,3436.0,3980.0,6761.0,6761.0,2405.0,1031.0,1087.0,464.0
0.0,6983.0,1.0,3339.0,9202.0,0.0,0.0,2337.0,1002.0,1.0,0.0
0.0,16184.0,1798.0,3249.0,6761.0,0.0,0.0,2274.0,975.0,1257.0,541.0
0.0,21147.0,5082.0,3254.0,0.0,0.0,0.0,2278.0,976.0,3555.0,1527.0
0.0,16065.0,6581.0,3352.0,0.0,3924.0,3924.0,2346.0,1006.0,4606.0,1975.0
0.0,9484.0,4893.0,3444.0,0.0,9185.0,9185.0,2411.0,1033.0,3428.0,1465.0
0.0,4591.0,1732.0,3440.0,3924.0,6977.0,6977.0,2408.0,1032.0,1214.0,518.0
0.0,6783.0,270.0,3346.0,9185.0,0.0,0.0,2342.0,1004.0,189.0,81.0
0.0,15698.0,1955.0,3254.0,6977.0,0.0,0.0,2278.0,976.0,1367.0,588.0
0.0,20720.0,5140.0,3260.0,0.0,0.0,0.0,2282.0,978.0,3595.0,1545.0
0.0,15580.0,6595.0,3356.0,0.0,4439.0,4439.0,2349.0,1007.0,4615.0,1980.0
0.0,8985.0,4876.0,3449.0,0.0,9687.0,9687.0,2414.0,1035.0,3416.0,1460.0
0.0,4109.0,1713.0,3448.0,4439.0,6957.0,6957.0,2414.0,1034.0,1203.0,510.0
0.0,6835.0,143.0,3354.0,9687.0,0.0,0.0,2348.0,1006.0,101.0,42.0
0.0,16379.0,1787.0,3263.0,6957.0,0.0,0.0,2284.0,979.0,1248.0,539.0
0.0,21549.0,4927.0,3265.0,0.0,0.0,0.0,2285.0,980.0,3446.0,1481.0
0.0,16622.0,6433.0,3359.0,0.0,3247.0,3247.0,2351.0,1008.0,4503.0,1930.0
0.0,10189.0,4815.0,3450.0,0.0,8426.0,8426.0,2415.0,1035.0,3373.0,1442.0
0.0,5374.0,1818.0,3451.0,3247.0,7001.0,7001.0,2416.0,1035.0,1275.0,543.0
0.0,6803.0,472.0,3363.0,8426.0,0.0,0.0,2354.0,1009.0,329.0,143.0
0.0,14757.0,2061.0,3274.0,7001.0,0.0,0.0,2292.0,982.0,1440.0,621.0
0.0,19697.0,5052.0,3276.0,0.0,0.0,0.0,2293.0,983.0,3536.0,1516.0
0.0,14645.0,6451.0,3367.0,0.0,5274.0,5274.0,2357.0,1010.0,4516.0,1935.0
0.0,8194.0,4863.0,3459.0,0.0,10505.0,10505.0,2421.0,1038.0,3406.0,1457.0
0.0,3331.0,1771.0,3459.0,5274.0,7002.0,7002.0,2421.0,1038.0,1241.0,530.0
0.0,6834.0,251.0,3367.0,10505.0,0.0,0.0,2357.0,1010.0,175.0,76.0
0.0,17088.0,1801.0,3277.0,7002.0,0.0,0.0,2294.0,983.0,1256.0,545.0
0.0,22289.0,4829.0,3277.0,0.0,0.0,0.0,2294.0,983.0,3376.0,1453.0
0.0,17460.0,6330.0,3368.0,0.0,2342.0,2342.0,2357.0,1011.0,4434.0,1896.0
0.0,11130.0,4888.0,3460.0,0.0,7598.0,7598.0,2422.0,1038.0,3427.0,1461.0
0.0,6242.0,1896.0,3463.0,2342.0,7164.0,7164.0,2424.0,1039.0,1331.0,565.0
0.0,6688.0,359.0,3373.0,7598.0,0.0,0.0,2361.0,1012.0,250.0,109.0
0.0,13927.0,1859.0,3280.0,7164.0,0.0,0.0,2296.0,984.0,1296.0,563.0
0.0,19232.0,4940.0,3279.0,0.0,0.0,0.0,2295.0,984.0,3452.0,1488.0
0.0,14292.0,6547.0,3370.0,0.0,5735.0,5735.0,2359.0,1011.0,4582.0,1965.0
0.0,7745.0,5010.0,3463.0,0.0,11117.0,11117.0,2424.0,1039.0,3512.0,1498.0
0.0,2735.0,1937.0,3466.0,5735.0,7331.0,7331.0,2426.0,1040.0,1363.0,574.0
0.0,6533.0,353.0,3376.0,11117.0,0.0,0.0,2363.0,1013.0,249.0,104.0
0.0,17297.0,1865.0,3286.0,7331.0,0.0,0.0,2300.0,986.0,1300.0,565.0
0.0,22763.0,4919.0,3286.0,0.0,0.0,0.0,2300.0,986.0,3437.0,1482.0
0.0,17844.0,6395.0,3380.0,0.0,2071.0,2071.0,2366.0,1014.0,4474.0,1921.0
0.0,11449.0,4819.0,3473.0,0.0,7262.0,7262.0,2431.0,1042.0,3378.0,1441.0
0.0,6630.0,1738.0,3473.0,2071.0,6929.0,6929.0,2431.0,1042.0,1224.0,514.0
0.0,6963.0,325.0,3384.0,7262.0,0.0,0.0,2369.0,1015.0,230.0,95.0
0.0,13900.0,1987.0,3294.0,6929.0,0.0,0.0,2306.0,988.0,1386.0,601.0
0.0,18842.0,5085.0,3295.0,0.0,0.0,0.0,2306.0,989.0,3552.0,1533.0
0.0,13757.0,6569.0,3386.0,0.0,6356.0,6356.0,2370.0,1016.0,4594.0,1975.0
0.0,7188.0,4883.0,3476.0,0.0,11599.0,11599.0,2433.0,1043.0,3424.0,1459.0
0.0,2305.0,1859.0,3476.0,6356.0,7102.0,7102.0,2433.0,1043.0,1310.0,549.0
0.0,6802.0,327.0,3385.0,11599.0,0.0,0.0,2370.0,1015.0,233.0,94.0
0.0,18074.0,1912.0,3294.0,7102.0,0.0,0.0,2306.0,988.0,1332.0,580.0
0.0,23264.0,5032.0,3298.0,0.0,0.0,0.0,2308.0,990.0,3510.0,1522.0
0.0,18232.0,6500.0,3393.0,0.0,1840.0,1840.0,2375.0,1018.0,4545.0,1955.0
0.0,11732.0,4870.0,3487.0,0.0,7086.0,7086.0,2441.0,1046.0,3419.0,1451.0
0.0,6862.0,1736.0,3486.0,1840.0,6978.0,6978.0,2440.0,1046.0,1227.0,509.0
0.0,6966.0,192.0,3391.0,7086.0,0.0,0.0,2374.0,1017.0,136.0,56.0
0.0,13860.0,1817.0,3300.0,6978.0,0.0,0.0,2310.0,990.0,1263.0,554.0
0.0,19021.0,5031.0,3303.0,0.0,0.0,0.0,2312.0,991.0,3511.0,1520.0
0.0,13990.0,6658.0,3398.0,0.0,6260.0,6260.0,2378.0,1020.0,4660.0,1998.0
0.0,7332.0,5028.0,3489.0,0.0,11652.0,11652.0,2442.0,1047.0,3528.0,1500.0
0.0,2304.0,1860.0,3487.0,6260.0,7244.0,7244.0,2441.0,1046.0,1309.0,551.0
0.0,6704.0,306.0,3394.0,11652.0,0.0,0.0,2376.0,1018.0,214.0,92.0
0.0,18050.0,1940.0,3304.0,7244.0,0.0,0.0,2313.0,991.0,1352.0,588.0
0.0,23354.0,5097.0,3309.0,0.0,0.0,0.0,2316.0,993.0,3559.0,1538.0
0.0,18257.0,6546.0,3402.0,0.0,1897.0,1897.0,2381.0,1021.0,4582.0,1964.0
0.0,11711.0,4821.0,3492.0,0.0,7078.0,7078.0,2444.0,1048.0,3382.0,1439.0
0.0,6890.0,1619.0,3489.0,1897.0,6788.0,6788.0,2442.0,1047.0,1141.0,478.0
0.0,7168.0,115.0,3396.0,7078.0,0.0,0.0,2377.0,1019.0,81.0,34.0
0.0,14131.0,1873.0,3308.0,6788.0,0.0,0.0,2316.0,992.0,1305.0,568.0
0.0,19046.0,5155.0,3315.0,0.0,0.0,0.0,2320.0,995.0,3600.0,1555.0
0.0,13891.0,6713.0,3409.0,0.0,6458.0,6458.0,2386.0,1023.0,4697.0,2016.0
0.0,7178.0,4978.0,3496.0,0.0,11784.0,11784.0,2447.0,1049.0,3491.0,1487.0
0.0,2200.0,1784.0,3490.0,6458.0,7086.0,7086.0,2443.0,1047.0,1258.0,526.0
0.0,6874.0,314.0,3400.0,11784.0,0.0,0.0,2380.0,1020.0,224.0,90.0
0.0,18344.0,2013.0,3314.0,7086.0,0.0,0.0,2320.0,994.0,1401.0,612.0
0.0,23417.0,5169.0,3319.0,0.0,0.0,0.0,2323.0,996.0,3606.0,1563.0
0.0,18248.0,6562.0,3412.0,0.0,1962.0,1962.0,2388.0,1024.0,4590.0,1972.0
0.0,11686.0,4898.0,3502.0,0.0,7220.0,7220.0,2451.0,1051.0,3437.0,1461.0
0.0,6788.0,1750.0,3500.0,1962.0,7000.0,7000.0,2450.0,1050.0,1238.0,512.0
0.0,7000.0,233.0,3411.0,7220.0,0.0,0.0,2388.0,1023.0,166.0,67.0
0.0,13987.0,1861.0,3326.0,7000.0,0.0,0.0,2328.0,998.0,1294.0,567.0
0.0,19126.0,4994.0,3328.0,0.0,0.0,0.0,2329.0,999.0,3484.0,1510.0
0.0,14132.0,6565.0,3418.0,0.0,6105.0,6105.0,2392.0,1026.0,4591.0,1974.0
0.0,7567.0,5011.0,3507.0,0.0,11472.0,11472.0,2455.0,1052.0,3517.0,1494.0
0.0,2556.0,1856.0,3507.0,6105.0,7223.0,7223.0,2455.0,1052.0,1313.0,543.0
0.0,6805.0,338.0,3418.0,11472.0,0.0,0.0,2393.0,1025.0,238.0,100.0
0.0,17939.0,1997.0,3331.0,7223.0,0.0,0.0,2332.0,999.0,1387.0,610.0
0.0,23165.0,5109.0,3333.0,0.0,0.0,0.0,2333.0,1000.0,3565.0,1544.0
0.0,18056.0,6598.0,3422.0,0.0,2230.0,2230.0,2395.0,1027.0,4618.0,1980.0
0.0,11458.0,4915.0,3510.0,0.0,7497.0,7497.0,2457.0,1053.0,3451.0,1464.0
0.0,6543.0,1696.0,3507.0,2230.0,6951.0,6951.0,2455.0,1052.0,1197.0,499.0
0.0,7077.0,158.0,3415.0,7497.0,0.0,0.0,2391.0,1024.0,110.0,48.0
0.0,14416.0,1845.0,3328.0,6951.0,0.0,0.0,2330.0,998.0,1281.0,564.0
0.0,19522.0,5085.0,3333.0,0.0,0.0,0.0,2333.0,1000.0,3551.0,1534.0
0.0,14437.0,6573.0,3426.0,0.0,5840.0,5840.0,2398.0,1028.0,4603.0,1970.0
0.0,7864.0,4922.0,3515.0,0.0,11118.0,11118.0,2460.0,1055.0,3454.0,1468.0
0.0,2942.0,1814.0,3511.0,5840.0,7076.0,7076.0,2458.0,1053.0,1278.0,536.0
0.0,6968.0,379.0,3421.0,11118.0,0.0,0.0,2395.0,1026.0,266.0,113.0
0.0,17707.0,2047.0,3334.0,7076.0,0.0,0.0,2334.0,1000.0,1425.0,622.0
0.0,22736.0,5158.0,3339.0,0.0,0.0,0.0,2337.0,1002.0,3600.0,1558.0
0.0,17578.0,6660.0,3432.0,0.0,2810.0,2810.0,2402.0,1030.0,4659.0,2001.0
0.0,10918.0,4970.0,3521.0,0.0,8136.0,8136.0,2464.0,1057.0,3485.0,1485.0
0.0,5948.0,1816.0,3519.0,2810.0,7134.0,7134.0,2463.0,1056.0,1281.0,535.0
0.0,6942.0,233.0,3427.0,8136.0,0.0,0.0,2399.0,1028.0,167.0,66.0
0.0,14845.0,1796.0,3336.0,7134.0,0.0,0.0,2335.0,1001.0,1251.0,545.0
0.0,20183.0,4921.0,3337.0,0.0,0.0,0.0,2336.0,1001.0,3433.0,1488.0
0.0,15262.0,6504.0,3429.0,0.0,4958.0,4958.0,2400.0,1029.0,4547.0,1957.0
0.0,8758.0,4976.0,3521.0,0.0,10302.0,10302.0,2464.0,1057.0,3490.0,1486.0
0.0,3782.0,1879.0,3522.0,4958.0,7227.0,7227.0,2465.0,1057.0,1329.0,550.0
0.0,6861.0,315.0,3431.0,10302.0,0.0,0.0,2402.0,1029.0,227.0,88.0
0.0,16848.0,1909.0,3340.0,7227.0,0.0,0.0,2338.0,1002.0,1329.0,580.0
0.0,22166.0,5083.0,3341.0,0.0,0.0,0.0,2338.0,1003.0,3543.0,1540.0
0.0,17083.0,6629.0,3432.0,0.0,3274.0,3274.0,2402.0,1030.0,4632.0,1997.0
0.0,10454.0,4982.0,3522.0,0.0,8616.0,8616.0,2465.0,1057.0,3494.0,1488.0
0.0,5472.0,1862.0,3521.0,3274.0,7200.0,7200.0,2465.0,1056.0,1318.0,544.0
0.0,6884.0,327.0,3429.0,8616.0,0.0,0.0,2401.0,1028.0,237.0,90.0
0.0,15173.0,1892.0,3340.0,7200.0,0.0,0.0,2338.0,1002.0,1318.0,574.0
0.0,20481.0,4970.0,3343.0,0.0,0.0,0.0,2340.0,1003.0,3466.0,1504.0
0.0,15511.0,6391.0,3435.0,0.0,4620.0,4620.0,2404.0,1031.0,4466.0,1925.0
0.0,9120.0,4790.0,3525.0,0.0,9770.0,9770.0,2467.0,1058.0,3359.0,1431.0
0.0,4330.0,1772.0,3523.0,4620.0,6914.0,6914.0,2466.0,1057.0,1254.0,518.0
0.0,7178.0,381.0,3431.0,9770.0,0.0,0.0,2402.0,1029.0,274.0,107.0
0.0,16567.0,2095.0,3342.0,6914.0,0.0,0.0,2340.0,1002.0,1461.0,634.0
0.0,21386.0,5203.0,3346.0,0.0,0.0,0.0,2342.0,1004.0,3628.0,1575.0
0.0,16183.0,6585.0,3438.0,0.0,4154.0,4154.0,2406.0,1032.0,4600.0,1985.0
0.0,9598.0,4845.0,3525.0,0.0,9347.0,9347.0,2467.0,1058.0,3399.0,1446.0
0.0,4753.0,1749.0,3520.0,4154.0,6922.0,6922.0,2464.0,1056.0,1241.0,508.0
0.0,7158.0,384.0,3428.0,9347.0,0.0,0.0,2400.0,1028.0,275.0,109.0
0.0,16121.0,2106.0,3343.0,6922.0,0.0,0.0,2340.0,1003.0,1465.0,641.0
0.0,20937.0,5137.0,3347.0,0.0,0.0,0.0,2343.0,1004.0,3582.0,1555.0
0.0,15800.0,6410.0,3437.0,0.0,4358.0,4358.0,2405.0,1032.0,4481.0,1929.0
0.0,9390.0,4673.0,3522.0,0.0,9371.0,9371.0,2465.0,1057.0,3280.0,1393.0
0.0,4717.0,1630.0,3518.0,4358.0,6627.0,6627.0,2463.0,1055.0,1156.0,474.0
0.0,7445.0,408.0,3430.0,9371.0,0.0,0.0,2401.0,1029.0,290.0,118.0
0.0,16408.0,2234.0,3347.0,6627.0,0.0,0.0,2343.0,1004.0,1553.0,681.0
0.0,20801.0,5233.0,3350.0,0.0,0.0,0.0,2345.0,1005.0,3648.0,1585.0
0.0,15568.0,6449.0,3439.0,0.0,4637.0,4637.0,2407.0,1032.0,4510.0,1939.0
0.0,9119.0,4697.0,3523.0,0.0,9670.0,9670.0,2466.0,1057.0,3299.0,1398.0
0.0,4422.0,1775.0,3519.0,4637.0,6792.0,6792.0,2463.0,1056.0,1258.0,517.0
0.0,7284.0,596.0,3432.0,9670.0,0.0,0.0,2403.0,1029.0,420.0,176.0
0.0,16358.0,2298.0,3350.0,6792.0,0.0,0.0,2345.0,1005.0,1599.0,699.0
0.0,20852.0,5153.0,3353.0,0.0,0.0,0.0,2347.0,1006.0,3592.0,1561.0
0.0,15699.0,6323.0,3442.0,0.0,4392.0,4392.0,2409.0,1033.0,4423.0,1900.0
0.0,9376.0,4567.0,3528.0,0.0,9303.0,9303.0,2469.0,1059.0,3209.0,1358.0
0.0,4809.0,1610.0,3523.0,4392.0,6501.0,6501.0,2466.0,1057.0,1142.0,468.0
0.0,7591.0,426.0,3434.0,9303.0,0.0,0.0,2404.0,1030.0,300.0,126.0
0.0,16468.0,2238.0,3350.0,6501.0,0.0,0.0,2345.0,1005.0,1556.0,682.0
0.0,20731.0,5245.0,3356.0,0.0,0.0,0.0,2349.0,1007.0,3656.0,1589.0
0.0,15486.0,6446.0,3445.0,0.0,4740.0,4740.0,2411.0,1034.0,4509.0,1937.0
0.0,9040.0,4691.0,3528.0,0.0,9763.0,9763.0,2469.0,1059.0,3296.0,1395.0
0.0,4349.0,1753.0,3523.0,4740.0,6756.0,6756.0,2466.0,1057.0,1241.0,512.0
0.0,7336.0,630.0,3435.0,9763.0,0.0,0.0,2405.0,1030.0,444.0,186.0
0.0,16469.0,2500.0,3355.0,6756.0,0.0,0.0,2349.0,1006.0,1740.0,760.0
0.0,20725.0,5418.0,3364.0,0.0,0.0,0.0,2355.0,1009.0,3778.0,1640.0
0.0,15307.0,6381.0,3452.0,0.0,4882.0,4882.0,2416.0,1036.0,4461.0,1920.0
0.0,8926.0,4411.0,3532.0,0.0,9613.0,9613.0,2472.0,1060.0,3098.0,1313.0
0.0,4515.0,1438.0,3526.0,4882.0,6145.0,6145.0,2468.0,1058.0,1024.0,414.0
0.0,7959.0,482.0,3440.0,9613.0,0.0,0.0,2408.0,1032.0,343.0,139.0
0.0,17090.0,2454.0,3362.0,6145.0,0.0,0.0,2354.0,1008.0,1706.0,748.0
0.0,20781.0,5430.0,3371.0,0.0,0.0,0.0,2360.0,1011.0,3785.0,1645.0
0.0,15351.0,6375.0,3458.0,0.0,4856.0,4856.0,2420.0,1038.0,4458.0,1917.0
0.0,8976.0,4408.0,3536.0,0.0,9576.0,9576.0,2475.0,1061.0,3098.0,1310.0
0.0,4568.0,1547.0,3529.0,4856.0,6239.0,6239.0,2470.0,1059.0,1097.0,450.0
0.0,7877.0,704.0,3445.0,9576.0,0.0,0.0,2412.0,1033.0,496.0,208.0
0.0,16749.0,2711.0,3370.0,6239.0,0.0,0.0,2359.0,1011.0,1885.0,826.0
0.0,20277.0,5498.0,3380.0,0.0,0.0,0.0,2366.0,1014.0,3834.0,1664.0
0.0,14779.0,6326.0,3465.0,0.0,5407.0,5407.0,2425.0,1040.0,4426.0,1900.0
0.0,8453.0,4373.0,3543.0,0.0,10092.0,10092.0,2480.0,1063.0,3073.0,1300.0
0.0,4080.0,1513.0,3536.0,5407.0,6170.0,6170.0,2475.0,1061.0,1073.0,440.0
0.0,7974.0,601.0,3452.0,10092.0,0.0,0.0,2417.0,1035.0,424.0,177.0
0.0,17465.0,2526.0,3378.0,6170.0,0.0,0.0,2365.0,1013.0,1756.0,770.0
0.0,21109.0,5323.0,3387.0,0.0,0.0,0.0,2371.0,1016.0,3712.0,1611.0
0.0,15786.0,6251.0,3474.0,0.0,4361.0,4361.0,2431.0,1043.0,4375.0,1876.0
0.0,9535.0,4375.0,3551.0,0.0,9044.0,9044.0,2485.0,1066.0,3073.0,1302.0
0.0,5160.0,1621.0,3541.0,4361.0,6264.0,6264.0,2479.0,1062.0,1147.0,474.0
0.0,7900.0,741.0,3455.0,9044.0,0.0,0.0,2419.0,1036.0,520.0,221.0
0.0,16203.0,2546.0,3378.0,6264.0,0.0,0.0,2365.0,1013.0,1773.0,773.0
0.0,19921.0,5418.0,3389.0,0.0,0.0,0.0,2372.0,1017.0,3782.0,1636.0
0.0,14503.0,6443.0,3479.0,0.0,5856.0,5856.0,2435.0,1044.0,4507.0,1936.0
0.0,8060.0,4529.0,3559.0,0.0,10705.0,10705.0,2491.0,1068.0,3178.0,1351.0
0.0,3531.0,1613.0,3550.0,5856.0,6426.0,6426.0,2485.0,1065.0,1141.0,472.0
0.0,7774.0,578.0,3462.0,10705.0,0.0,0.0,2424.0,1038.0,407.0,171.0
0.0,17901.0,2449.0,3385.0,6426.0,0.0,0.0,2370.0,1015.0,1706.0,743.0
0.0,21878.0,5252.0,3397.0,0.0,0.0,0.0,2378.0,1019.0,3666.0,1586.0
0.0,16626.0,6250.0,3486.0,0.0,3568.0,3568.0,2440.0,1046.0,4374.0,1876.0
0.0,10376.0,4458.0,3563.0,0.0,8334.0,8334.0,2494.0,1069.0,3127.0,1331.0
0.0,5918.0,1692.0,3553.0,3568.0,6418.0,6418.0,2487.0,1066.0,1193.0,499.0
0.0,7794.0,772.0,3468.0,8334.0,0.0,0.0,2428.0,1040.0,544.0,228.0
0.0,15356.0,2595.0,3394.0,6418.0,0.0,0.0,2376.0,1018.0,1810.0,785.0
0.0,19179.0,5367.0,3406.0,0.0,0.0,0.0,2384.0,1022.0,3748.0,1619.0
0.0,13812.0,6346.0,3494.0,0.0,6510.0,6510.0,2445.0,1049.0,4440.0,1906.0
0.0,7466.0,4491.0,3569.0,0.0,11301.0,11301.0,2498.0,1071.0,3150.0,1341.0
0.0,2975.0,1727.0,3558.0,6510.0,6474.0,6474.0,2491.0,1067.0,1217.0,510.0
0.0,7758.0,686.0,3472.0,11301.0,0.0,0.0,2431.0,1041.0,482.0,204.0
0.0,18373.0,2426.0,3397.0,6474.0,0.0,0.0,2378.0,1019.0,1692.0,734.0
0.0,22421.0,5250.0,3410.0,0.0,0.0,0.0,2387.0,1023.0,3665.0,1585.0
0.0,17171.0,6267.0,3499.0,0.0,3092.0,3092.0,2449.0,1050.0,4384.0,1883.0
0.0,10904.0,4445.0,3577.0,0.0,7849.0,7849.0,2504.0,1073.0,3120.0,1325.0
0.0,6459.0,1635.0,3566.0,3092.0,6348.0,6348.0,2496.0,1070.0,1156.0,479.0
0.0,7916.0,724.0,3478.0,7849.0,0.0,0.0,2435.0,1043.0,509.0,215.0
0.0,15041.0,2543.0,3404.0,6348.0,0.0,0.0,2383.0,1021.0,1771.0,772.0
0.0,18846.0,5326.0,3416.0,0.0,144.0,144.0,2391.0,1025.0,3717.0,1609.0
0.0,13520.0,6233.0,3502.0,0.0,6721.0,6721.0,2451.0,1051.0,4360.0,1873.0
0.0,7287.0,4498.0,3576.0,144.0,11371.0,11371.0,2503.0,1073.0,3158.0,1340.0
0.0,2933.0,1752.0,3561.0,6721.0,6342.0,6342.0,2493.0,1068.0,1239.0,513.0
0.0,7902.0,847.0,3474.0,11371.0,0.0,0.0,2432.0,1042.0,594.0,253.0
0.0,18426.0,2610.0,3401.0,6342.0,0.0,0.0,2381.0,1020.0,1815.0,795.0
0.0,22158.0,5192.0,3416.0,0.0,0.0,0.0,2391.0,1025.0,3621.0,1571.0
0.0,16966.0,6023.0,3505.0,0.0,3077.0,3077.0,2453.0,1052.0,4215.0,1808.0
0.0,10943.0,4221.0,3576.0,0.0,7582.0,7582.0,2503.0,1073.0,2967.0,1254.0
0.0,6722.0,1655.0,3561.0,3077.0,6100.0,6100.0,2493.0,1068.0,1172.0,483.0
0.0,8144.0,942.0,3475.0,7582.0,0.0,0.0,2433.0,1042.0,662.0,280.0
0.0,14784.0,2785.0,3405.0,6100.0,0.0,0.0,2384.0,1021.0,1937.0,848.0
0.0,18099.0,5370.0,3425.0,0.0,971.0,971.0,2397.0,1028.0,3745.0,1625.0
0.0,12729.0,6158.0,3513.0,0.0,7481.0,7481.0,2459.0,1054.0,4310.0,1848.0
0.0,6571.0,4391.0,3584.0,971.0,11185.0,11185.0,2508.0,1076.0,3084.0,1307.0
0.0,3151.0,1756.0,3566.0,7481.0,5388.0,5388.0,2496.0,1070.0,1240.0,516.0
0.0,8876.0,1000.0,3479.0,11185.0,0.0,0.0,2436.0,1043.0,703.0,297.0
0.0,19061.0,2793.0,3411.0,5388.0,0.0,0.0,2388.0,1023.0,1947.0,846.0
0.0,21656.0,5318.0,3429.0,0.0,0.0,0.0,2400.0,1029.0,3711.0,1607.0
0.0,16338.0,6072.0,3517.0,0.0,3802.0,3802.0,2461.0,1056.0,4245.0,1827.0
0.0,10266.0,4259.0,3588.0,0.0,8345.0,8345.0,2511.0,1077.0,2989.0,1270.0
0.0,6007.0,1629.0,3570.0,3802.0,6100.0,6100.0,2499.0,1071.0,1153.0,476.0
0.0,8180.0,841.0,3484.0,8345.0,0.0,0.0,2439.0,1045.0,592.0,249.0
0.0,15684.0,2685.0,3415.0,6100.0,0.0,0.0,2391.0,1024.0,1870.0,815.0
0.0,19099.0,5289.0,3433.0,0.0,0.0,0.0,2403.0,1030.0,3689.0,1600.0
0.0,13810.0,6137.0,3519.0,0.0,6403.0,6403.0,2463.0,1056.0,4292.0,1845.0
0.0,7673.0,4442.0,3591.0,0.0,11133.0,11133.0,2513.0,1078.0,3121.0,1321.0
0.0,3231.0,1910.0,3578.0,6403.0,6588.0,6588.0,2505.0,1073.0,1352.0,558.0
0.0,7724.0,1065.0,3495.0,11133.0,0.0,0.0,2447.0,1048.0,749.0,316.0
0.0,17792.0,2748.0,3424.0,6588.0,0.0,0.0,2397.0,1027.0,1912.0,836.0
0.0,21632.0,5223.0,3437.0,0.0,0.0,0.0,2406.0,1031.0,3639.0,1584.0
0.0,16409.0,6058.0,3522.0,0.0,3737.0,3737.0,2465.0,1057.0,4235.0,1823.0
0.0,10351.0,4389.0,3596.0,0.0,8422.0,8422.0,2517.0,1079.0,3085.0,1304.0
0.0,5962.0,1823.0,3584.0,3737.0,6460.0,6460.0,2509.0,1075.0,1294.0,529.0
0.0,7876.0,879.0,3500.0,8422.0,0.0,0.0,2450.0,1050.0,619.0,260.0
0.0,15419.0,2486.0,3427.0,6460.0,0.0,0.0,2399.0,1028.0,1726.0,760.0
0.0,19393.0,5077.0,3439.0,0.0,0.0,0.0,2407.0,1032.0,3536.0,1541.0
0.0,14316.0,6117.0,3525.0,0.0,5901.0,5901.0,2467.0,1058.0,4279.0,1838.0
0.0,8199.0,4548.0,3598.0,0.0,10741.0,10741.0,2518.0,1080.0,3197.0,1351.0
0.0,3651.0,2011.0,3586.0,5901.0,6803.0,6803.0,2510.0,1076.0,1425.0,586.0
0.0,7541.0,1078.0,3504.0,10741.0,0.0,0.0,2453.0,1051.0,757.0,321.0
0.0,17204.0,2651.0,3433.0,6803.0,0.0,0.0,2403.0,1030.0,1841.0,810.0
0.0,21356.0,5164.0,3445.0,0.0,0.0,0.0,2411.0,1034.0,3599.0,1565.0
0.0,16192.0,6066.0,3529.0,0.0,3990.0,3990.0,2470.0,1059.0,4245.0,1821.0
0.0,10126.0,4423.0,3600.0,0.0,8697.0,8697.0,2520.0,1080.0,3112.0,1311.0
0.0,5703.0,1838.0,3590.0,3990.0,6505.0,6505.0,2513.0,1077.0,1301.0,537.0
0.0,7855.0,826.0,3504.0,8697.0,0.0,0.0,2453.0,1051.0,578.0,248.0
0.0,15726.0,2399.0,3430.0,6505.0,0.0,0.0,2401.0,1029.0,1665.0,734.0
0.0,19832.0,5064.0,3442.0,0.0,0.0,0.0,2409.0,1033.0,3532.0,1532.0
0.0,14768.0,6175.0,3529.0,0.0,5523.0,5523.0,2470.0,1059.0,4321.0,1854.0
0.0,8593.0,4555.0,3603.0,0.0,10374.0,10374.0,2522.0,1081.0,3201.0,1354.0
0.0,4038.0,1949.0,3591.0,5523.0,6752.0,6752.0,2514.0,1077.0,1378.0,571.0
0.0,7612.0,1007.0,3508.0,10374.0,0.0,0.0,2456.0,1052.0,707.0,300.0
0.0,16979.0,2692.0,3440.0,6752.0,0.0,0.0,2408.0,1032.0,1872.0,820.0
0.0,21039.0,5302.0,3456.0,0.0,0.0,0.0,2419.0,1037.0,3698.0,1604.0
0.0,15737.0,6187.0,3541.0,0.0,4614.0,4614.0,2478.0,1063.0,4328.0,1859.0
0.0,9550.0,4442.0,3610.0,0.0,9332.0,9332.0,2527.0,1083.0,3119.0,1323.0
0.0,5108.0,1833.0,3595.0,4614.0,6491.0,6491.0,2517.0,1078.0,1297.0,536.0
0.0,7889.0,931.0,3514.0,9332.0,0.0,0.0,2460.0,1054.0,654.0,277.0
0.0,16290.0,2589.0,3447.0,6491.0,0.0,0.0,2413.0,1034.0,1802.0,787.0
0.0,20192.0,5072.0,3463.0,0.0,0.0,0.0,2424.0,1039.0,3538.0,1534.0
0.0,15120.0,6017.0,3548.0,0.0,5089.0,5089.0,2483.0,1065.0,4211.0,1806.0
0.0,9103.0,4405.0,3614.0,0.0,9758.0,9758.0,2529.0,1085.0,3095.0,1310.0
0.0,4698.0,1864.0,3596.0,5089.0,6461.0,6461.0,2517.0,1079.0,1317.0,547.0
0.0,7923.0,1016.0,3512.0,9758.0,0.0,0.0,2459.0,1053.0,712.0,304.0
0.0,16665.0,2803.0,3448.0,6461.0,0.0,0.0,2414.0,1034.0,1949.0,854.0
0.0,20323.0,5390.0,3467.0,0.0,0.0,0.0,2427.0,1040.0,3759.0,1631.0
0.0,14933.0,6156.0,3552.0,0.0,5431.0,5431.0,2486.0,1066.0,4309.0,1847.0
0.0,8777.0,4323.0,3616.0,0.0,10010.0,10010.0,2531.0,1085.0,3039.0,1284.0
0.0,4454.0,1737.0,3596.0,5431.0,6236.0,6236.0,2517.0,1079.0,1229.0,508.0
0.0,8148.0,963.0,3511.0,10010.0,0.0,0.0,2458.0,1053.0,674.0,289.0
0.0,17195.0,2768.0,3448.0,6236.0,0.0,0.0,2414.0,1034.0,1924.0,844.0
0.0,20663.0,5298.0,3468.0,0.0,0.0,0.0,2427.0,1041.0,3695.0,1603.0
0.0,15365.0,6099.0,3554.0,0.0,4950.0,4950.0,2487.0,1067.0,4269.0,1830.0
0.0,9266.0,4327.0,3621.0,0.0,9545.0,9545.0,2534.0,1087.0,3043.0,1284.0
0.0,4939.0,1737.0,3603.0,4950.0,6260.0,6260.0,2522.0,1081.0,1230.0,507.0
0.0,8152.0,934.0,3519.0,9545.0,0.0,0.0,2464.0,1055.0,655.0,279.0
0.0,16763.0,2816.0,3455.0,6260.0,0.0,0.0,2419.0,1036.0,1957.0,859.0
0.0,20207.0,5518.0,3476.0,0.0,0.0,0.0,2433.0,1043.0,3848.0,1670.0
0.0,14689.0,6285.0,3560.0,0.0,5836.0,5836.0,2491.0,1069.0,4399.0,1886.0
0.0,8404.0,4416.0,3625.0,0.0,10512.0,10512.0,2537.0,1088.0,3105.0,1311.0
0.0,3988.0,1692.0,3604.0,5836.0,6284.0,6284.0,2523.0,1081.0,1199.0,493.0
0.0,8132.0,832.0,3519.0,10512.0,0.0,0.0,2464.0,1055.0,583.0,249.0
0.0,17812.0,2692.0,3455.0,6284.0,0.0,0.0,2419.0,1036.0,1870.0,822.0
0.0,21404.0,5410.0,3475.0,0.0,0.0,0.0,2432.0,1043.0,3772.0,1638.0
0.0,15994.0,6197.0,3559.0,0.0,4439.0,4439.0,2491.0,1068.0,4337.0,1860.0
0.0,9797.0,4296.0,3625.0,0.0,8999.0,8999.0,2537.0,1088.0,3020.0,1276.0
0.0,5501.0,1556.0,3607.0,4439.0,6044.0,6044.0,2525.0,1082.0,1103.0,453.0
0.0,8384.0,797.0,3524.0,8999.0,0.0,0.0,2467.0,1057.0,560.0,237.0
0.0,16586.0,2690.0,3458.0,6044.0,0.0,0.0,2421.0,1037.0,1870.0,820.0
0.0,19940.0,5497.0,3476.0,0.0,0.0,0.0,2433.0,1043.0,3834.0,1663.0
0.0,14443.0,6423.0,3561.0,0.0,6224.0,6224.0,2492.0,1069.0,4496.0,1927.0
0.0,8020.0,4524.0,3628.0,0.0,11016.0,11016.0,2539.0,1089.0,3179.0,1345.0
0.0,3496.0,1741.0,3610.0,6224.0,6461.0,6461.0,2527.0,1083.0,1229.0,512.0
0.0,7979.0,783.0,3526.0,11016.0,0.0,0.0,2469.0,1057.0,549.0,234.0
0.0,18212.0,2652.0,3460.0,6461.0,0.0,0.0,2422.0,1038.0,1845.0,807.0
0.0,22021.0,5399.0,3479.0,0.0,0.0,0.0,2435.0,1044.0,3767.0,1632.0
0.0,16622.0,6257.0,3564.0,0.0,3891.0,3891.0,2494.0,1070.0,4379.0,1878.0
0.0,10365.0,4342.0,3632.0,0.0,8505.0,8505.0,2542.0,1090.0,3052.0,1290.0
0.0,6023.0,1546.0,3615.0,3891.0,6092.0,6092.0,2531.0,1084.0,1094.0,452.0
0.0,8368.0,740.0,3532.0,8505.0,0.0,0.0,2473.0,1059.0,517.0,223.0
0.0,16133.0,2765.0,3467.0,6092.0,0.0,0.0,2427.0,1040.0,1924.0,841.0
0.0,19460.0,5558.0,3486.0,0.0,42.0,42.0,2440.0,1046.0,3878.0,1680.0
0.0,13902.0,6375.0,3571.0,0.0,6757.0,6757.0,2499.0,1072.0,4461.0,1914.0
0.0,7527.0,4427.0,3636.0,42.0,11402.0,11402.0,2545.0,1091.0,3110.0,1317.0
0.0,3142.0,1755.0,3619.0,6757.0,6332.0,6332.0,2533.0,1086.0,1242.0,513.0
0.0,8144.0,948.0,3535.0,11402.0,0.0,0.0,2475.0,1060.0,666.0,282.0
0.0,18598.0,2888.0,3471.0,6332.0,0.0,0.0,2430.0,1041.0,2010.0,878.0
0.0,22042.0,5597.0,3493.0,0.0,0.0,0.0,2445.0,1048.0,3902.0,1695.0
0.0,16445.0,6342.0,3581.0,0.0,4221.0,4221.0,2506.0,1075.0,4436.0,1906.0
0.0,10103.0,4424.0,3648.0,0.0,8913.0,8913.0,2553.0,1095.0,3109.0,1315.0
0.0,5679.0,1611.0,3629.0,4221.0,6227.0,6227.0,2540.0,1089.0,1143.0,468.0
0.0,8289.0,728.0,3545.0,8913.0,0.0,0.0,2482.0,1063.0,512.0,216.0
0.0,16474.0,2556.0,3478.0,6227.0,0.0,0.0,2435.0,1043.0,1778.0,778.0
0.0,20145.0,5413.0,3498.0,0.0,0.0,0.0,2448.0,1050.0,3774.0,1639.0
0.0,14732.0,6349.0,3584.0,0.0,5953.0,5953.0,2508.0,1076.0,4440.0,1909.0
0.0,8383.0,4527.0,3652.0,0.0,10752.0,10752.0,2556.0,1096.0,3181.0,1346.0
0.0,3856.0,1766.0,3632.0,5953.0,6485.0,6485.0,2542.0,1090.0,1251.0,515.0
0.0,8043.0,896.0,3545.0,10752.0,0.0,0.0,2482.0,1063.0,631.0,265.0
0.0,17899.0,2760.0,3480.0,6485.0,0.0,0.0,2436.0,1044.0,1922.0,838.0
0.0,21624.0,5480.0,3502.0,0.0,0.0,0.0,2451.0,1051.0,3819.0,1661.0
0.0,16144.0,6361.0,3591.0,0.0,4581.0,4581.0,2513.0,1078.0,4447.0,1914.0
0.0,9783.0,4454.0,3658.0,0.0,9303.0,9303.0,2560.0,1098.0,3130.0,1324.0
0.0,5329.0,1675.0,3637.0,4581.0,6313.0,6313.0,2546.0,1091.0,1190.0,485.0
0.0,8235.0,795.0,3551.0,9303.0,0.0,0.0,2486.0,1065.0,560.0,235.0
0.0,16743.0,2614.0,3484.0,6313.0,0.0,0.0,2439.0,1045.0,1817.0,797.0
0.0,20442.0,5285.0,3502.0,0.0,0.0,0.0,2451.0,1051.0,3683.0,1602.0
0.0,15157.0,6127.0,3587.0,0.0,5318.0,5318.0,2510.0,1077.0,4284.0,1843.0
0.0,9030.0,4284.0,3651.0,0.0,9858.0,9858.0,2555.0,1096.0,3012.0,1272.0
0.0,4746.0,1763.0,3631.0,5318.0,6223.0,6223.0,2542.0,1089.0,1252.0,511.0
0.0,8301.0,1116.0,3546.0,9858.0,0.0,0.0,2483.0,1063.0,786.0,330.0
0.0,17043.0,3001.0,3483.0,6223.0,0.0,0.0,2438.0,1045.0,2086.0,915.0
0.0,20265.0,5458.0,3503.0,0.0,0.0,0.0,2452.0,1051.0,3803.0,1655.0
0.0,14807.0,6095.0,3588.0,0.0,5640.0,5640.0,2511.0,1077.0,4262.0,1833.0
0.0,8712.0,4268.0,3654.0,0.0,10172.0,10172.0,2557.0,1097.0,3002.0,1266.0
0.0,4444.0,1730.0,3635.0,5640.0,6186.0,6186.0,2545.0,1090.0,1230.0,500.0
0.0,8354.0,1025.0,3551.0,10172.0,0.0,0.0,2486.0,1065.0,722.0,303.0
0.0,17501.0,2839.0,3487.0,6186.0,0.0,0.0,2441.0,1046.0,1971.0,868.0
0.0,20848.0,5361.0,3507.0,0.0,0.0,0.0,2454.0,1053.0,3732.0,1629.0
0.0,15487.0,6045.0,3594.0,0.0,4934.0,4934.0,2515.0,1079.0,4228.0,1817.0
0.0,9442.0,4209.0,3659.0,0.0,9403.0,9403.0,2561.0,1098.0,2963.0,1246.0
0.0,5233.0,1691.0,3640.0,4934.0,6084.0,6084.0,2548.0,1092.0,1202.0,489.0
0.0,8476.0,1055.0,3554.0,9403.0,0.0,0.0,2488.0,1066.0,743.0,312.0
0.0,16824.0,2971.0,3488.0,6084.0,0.0,0.0,2442.0,1046.0,2066.0,905.0
0.0,19937.0,5563.0,3508.0,0.0,0.0,0.0,2455.0,1053.0,3873.0,1690.0
0.0,14374.0,6221.0,3594.0,0.0,6223.0,6223.0,2515.0,1079.0,4347.0,1874.0
0.0,8153.0,4323.0,3662.0,0.0,10818.0,10818.0,2563.0,1099.0,3041.0,1282.0
0.0,3830.0,1760.0,3645.0,6223.0,6287.0,6287.0,2552.0,1093.0,1256.0,504.0
0.0,8293.0,1111.0,3562.0,10818.0,0.0,0.0,2494.0,1068.0,786.0,325.0
0.0,18000.0,2973.0,3500.0,6287.0,0.0,0.0,2450.0,1050.0,2064.0,909.0
0.0,21314.0,5500.0,3522.0,0.0,0.0,0.0,2465.0,1057.0,3824.0,1676.0
0.0,15814.0,6033.0,3608.0,0.0,4651.0,4651.0,2525.0,1083.0,4215.0,1818.0
0.0,9781.0,4067.0,3672.0,0.0,8974.0,8974.0,2570.0,1102.0,2865.0,1202.0
0.0,5714.0,1542.0,3648.0,4651.0,5769.0,5769.0,2554.0,1094.0,1104.0,438.0
0.0,8823.0,1105.0,3562.0,8974.0,0.0,0.0,2494.0,1068.0,781.0,324.0
0.0,16692.0,3156.0,3501.0,5769.0,0.0,0.0,2451.0,1050.0,2193.0,963.0
0.0,19305.0,5654.0,3525.0,0.0,449.0,449.0,2467.0,1058.0,3933.0,1721.0
0.0,13651.0,6128.0,3608.0,0.0,6909.0,6909.0,2525.0,1083.0,4281.0,1847.0
0.0,7523.0,4228.0,3672.0,449.0,10944.0,10944.0,2570.0,1102.0,2974.0,1254.0
0.0,3744.0,1765.0,3650.0,6909.0,5712.0,5712.0,2555.0,1095.0,1261.0,504.0
0.0,8888.0,1127.0,3564.0,10944.0,0.0,0.0,2495.0,1069.0,799.0,328.0
0.0,18705.0,2999.0,3500.0,5712.0,0.0,0.0,2450.0,1050.0,2084.0,915.0
0.0,21418.0,5475.0,3520.0,0.0,0.0,0.0,2464.0,1056.0,3807.0,1668.0
0.0,15943.0,6084.0,3606.0,0.0,4565.0,4565.0,2523.0,1083.0,4250.0,1834.0
0.0,9859.0,4149.0,3672.0,0.0,8978.0,8978.0,2570.0,1102.0,2921.0,1228.0
0.0,5710.0,1674.0,3655.0,4565.0,6019.0,6019.0,2559.0,1096.0,1197.0,477.0
0.0,8601.0,1065.0,3571.0,8978.0,0.0,0.0,2500.0,1071.0,753.0,312.0
0.0,16514.0,2959.0,3506.0,6019.0,0.0,0.0,2455.0,1051.0,2055.0,904.0
0.0,19574.0,5473.0,3525.0,0.0,0.0,0.0,2467.0,1058.0,3807.0,1666.0
0.0,14101.0,6219.0,3610.0,0.0,6558.0,6558.0,2526.0,1084.0,4345.0,1874.0
0.0,7882.0,4358.0,3676.0,0.0,11180.0,11180.0,2573.0,1103.0,3065.0,1293.0
0.0,3524.0,1796.0,3658.0,6558.0,6346.0,6346.0,2561.0,1097.0,1280.0,516.0
0.0,8286.0,1113.0,3574.0,11180.0,0.0,0.0,2502.0,1072.0,789.0,324.0
0.0,18353.0,2984.0,3509.0,6346.0,0.0,0.0,2457.0,1052.0,2077.0,907.0
0.0,21715.0,5471.0,3529.0,0.0,0.0,0.0,2470.0,1059.0,3805.0,1666.0
0.0,16244.0,6094.0,3614.0,0.0,4306.0,4306.0,2529.0,1085.0,4253.0,1841.0
0.0,10150.0,4237.0,3680.0,0.0,8807.0,8807.0,2575.0,1105.0,2979.0,1258.0
0.0,5913.0,1654.0,3661.0,4306.0,6079.0,6079.0,2563.0,1098.0,1184.0,470.0
0.0,8565.0,946.0,3578.0,8807.0,0.0,0.0,2505.0,1073.0,676.0,270.0
0.0,16426.0,2870.0,3515.0,6079.0,0.0,0.0,2461.0,1054.0,1995.0,875.0
0.0,19635.0,5526.0,3539.0,0.0,47.0,47.0,2477.0,1062.0,3840.0,1686.0
0.0,14109.0,6270.0,3626.0,0.0,6665.0,6665.0,2537.0,1089.0,4375.0,1895.0
0.0,7839.0,4374.0,3688.0,47.0,11240.0,11240.0,2581.0,1107.0,3076.0,1298.0
0.0,3512.0,1726.0,3664.0,6665.0,6205.0,6205.0,2565.0,1099.0,1236.0,490.0
0.0,8451.0,1043.0,3579.0,11240.0,0.0,0.0,2506.0,1073.0,745.0,298.0
0.0,18648.0,3011.0,3519.0,6205.0,0.0,0.0,2464.0,1055.0,2093.0,918.0
0.0,21842.0,5612.0,3546.0,0.0,0.0,0.0,2482.0,1064.0,3899.0,1713.0
0.0,16230.0,6187.0,3631.0,0.0,4481.0,4481.0,2541.0,1090.0,4317.0,1870.0
0.0,10043.0,4195.0,3692.0,0.0,8920.0,8920.0,2584.0,1108.0,2952.0,1243.0
0.0,5848.0,1588.0,3668.0,4481.0,5931.0,5931.0,2568.0,1100.0,1142.0,446.0
0.0,8741.0,946.0,3583.0,8920.0,0.0,0.0,2509.0,1074.0,677.0,269.0
0.0,16715.0,2945.0,3523.0,5931.0,0.0,0.0,2467.0,1056.0,2044.0,901.0
0.0,19701.0,5576.0,3550.0,0.0,75.0,75.0,2485.0,1065.0,3872.0,1704.0
0.0,14125.0,6246.0,3637.0,0.0,6669.0,6669.0,2545.0,1092.0,4357.0,1889.0
0.0,7879.0,4314.0,3700.0,75.0,11160.0,11160.0,2589.0,1111.0,3037.0,1277.0
0.0,3640.0,1764.0,3677.0,6669.0,6163.0,6163.0,2574.0,1103.0,1268.0,496.0
0.0,8545.0,1139.0,3592.0,11160.0,0.0,0.0,2515.0,1077.0,810.0,329.0
0.0,18566.0,3063.0,3531.0,6163.0,0.0,0.0,2472.0,1059.0,2125.0,938.0
0.0,21666.0,5649.0,3556.0,0.0,0.0,0.0,2489.0,1067.0,3924.0,1725.0
0.0,16017.0,6269.0,3643.0,0.0,4824.0,4824.0,2549.0,1094.0,4377.0,1892.0
0.0,9748.0,4279.0,3704.0,0.0,9347.0,9347.0,2592.0,1112.0,3014.0,1265.0
0.0,5469.0,1647.0,3679.0,4824.0,6070.0,6070.0,2575.0,1104.0,1180.0,467.0
0.0,8646.0,925.0,3590.0,9347.0,0.0,0.0,2514.0,1076.0,659.0,266.0
0.0,17068.0,2829.0,3529.0,6070.0,0.0,0.0,2471.0,1058.0,1965.0,864.0
0.0,20309.0,5529.0,3557.0,0.0,0.0,0.0,2490.0,1067.0,3842.0,1687.0
0.0,14780.0,6281.0,3648.0,0.0,6093.0,6093.0,2553.0,1095.0,4385.0,1896.0
0.0,8499.0,4349.0,3711.0,0.0,10694.0,10694.0,2597.0,1114.0,3061.0,1288.0
0.0,4150.0,1688.0,3683.0,6093.0,6177.0,6177.0,2578.0,1105.0,1210.0,478.0
0.0,8555.0,966.0,3593.0,10694.0,0.0,0.0,2516.0,1077.0,689.0,277.0
0.0,18283.0,2992.0,3532.0,6177.0,0.0,0.0,2473.0,1059.0,2077.0,915.0
0.0,21468.0,5698.0,3560.0,0.0,0.0,0.0,2492.0,1068.0,3960.0,1738.0
0.0,15770.0,6464.0,3651.0,0.0,5298.0,5298.0,2555.0,1096.0,4512.0,1952.0
0.0,9306.0,4457.0,3715.0,0.0,10011.0,10011.0,2600.0,1115.0,3137.0,1320.0
0.0,4849.0,1627.0,3688.0,5298.0,6232.0,6232.0,2582.0,1106.0,1169.0,458.0
0.0,8520.0,816.0,3599.0,10011.0,0.0,0.0,2520.0,1079.0,581.0,235.0
0.0,17715.0,2793.0,3535.0,6232.0,0.0,0.0,2475.0,1060.0,1935.0,858.0
0.0,21154.0,5581.0,3563.0,0.0,0.0,0.0,2494.0,1069.0,3878.0,1703.0
0.0,15573.0,6388.0,3654.0,0.0,5431.0,5431.0,2557.0,1097.0,4463.0,1925.0
0.0,9185.0,4426.0,3718.0,0.0,10113.0,10113.0,2602.0,1116.0,3119.0,1307.0
0.0,4759.0,1687.0,3694.0,5431.0,6273.0,6273.0,2586.0,1108.0,1209.0,478.0
0.0,8503.0,890.0,3606.0,10113.0,0.0,0.0,2525.0,1081.0,631.0,259.0
0.0,17726.0,2838.0,3541.0,6273.0,0.0,0.0,2479.0,1062.0,1965.0,873.0
0.0,21161.0,5615.0,3565.0,0.0,0.0,0.0,2495.0,1070.0,3902.0,1713.0
0.0,15546.0,6495.0,3655.0,0.0,5569.0,5569.0,2558.0,1097.0,4541.0,1954.0
0.0,9051.0,4566.0,3722.0,0.0,10403.0,10403.0,2605.0,1117.0,3216.0,1350.0
0.0,4485.0,1785.0,3698.0,5569.0,6523.0,6523.0,2589.0,1109.0,1275.0,510.0
0.0,8269.0,880.0,3610.0,10403.0,0.0,0.0,2528.0,1082.0,623.0,257.0
0.0,17792.0,2711.0,3545.0,6523.0,0.0,0.0,2482.0,1063.0,1879.0,832.0
0.0,21604.0,5430.0,3569.0,0.0,0.0,0.0,2498.0,1071.0,3775.0,1655.0
0.0,16174.0,6310.0,3658.0,0.0,4768.0,4768.0,2560.0,1098.0,4408.0,1902.0
0.0,9864.0,4483.0,3725.0,0.0,9519.0,9519.0,2607.0,1118.0,3156.0,1327.0
0.0,5381.0,1742.0,3704.0,4768.0,6409.0,6409.0,2593.0,1111.0,1246.0,496.0
0.0,8407.0,880.0,3615.0,9519.0,0.0,0.0,2531.0,1084.0,626.0,254.0
0.0,17046.0,2775.0,3548.0,6409.0,0.0,0.0,2484.0,1064.0,1926.0,849.0
0.0,20680.0,5574.0,3570.0,0.0,0.0,0.0,2499.0,1071.0,3872.0,1702.0
0.0,15106.0,6482.0,3662.0,0.0,6024.0,6024.0,2562.0,1100.0,4525.0,1957.0
0.0,8624.0,4612.0,3731.0,0.0,10912.0,10912.0,2611.0,1120.0,3246.0,1366.0
0.0,4012.0,1855.0,3708.0,6024.0,6651.0,6651.0,2596.0,1112.0,1330.0,525.0
0.0,8181.0,899.0,3617.0,10912.0,0.0,0.0,2533.0,1084.0,643.0,256.0
0.0,18194.0,2691.0,3550.0,6651.0,0.0,0.0,2486.0,1064.0,1864.0,827.0
0.0,22154.0,5439.0,3575.0,0.0,0.0,0.0,2502.0,1073.0,3774.0,1665.0
0.0,16715.0,6353.0,3666.0,0.0,4302.0,4302.0,2565.0,1101.0,4435.0,1918.0
0.0,10362.0,4526.0,3735.0,0.0,9104.0,9104.0,2614.0,1121.0,3189.0,1337.0
0.0,5836.0,1730.0,3711.0,4302.0,6436.0,6436.0,2598.0,1113.0,1244.0,486.0
0.0,8408.0,827.0,3620.0,9104.0,0.0,0.0,2535.0,1085.0,592.0,235.0
0.0,16685.0,2791.0,3553.0,6436.0,0.0,0.0,2488.0,1065.0,1932.0,859.0
0.0,20330.0,5672.0,3580.0,0.0,0.0,0.0,2506.0,1074.0,3937.0,1735.0
0.0,14658.0,6516.0,3671.0,0.0,6542.0,6542.0,2569.0,1102.0,4548.0,1968.0
0.0,8142.0,4614.0,3738.0,0.0,11424.0,11424.0,2616.0,1122.0,3251.0,1363.0
0.0,3528.0,1804.0,3714.0,6542.0,6590.0,6590.0,2600.0,1114.0,1297.0,507.0
0.0,8266.0,920.0,3623.0,11424.0,0.0,0.0,2537.0,1086.0,654.0,266.0
0.0,18770.0,2834.0,3557.0,6590.0,0.0,0.0,2491.0,1066.0,1961.0,873.0
0.0,22526.0,5549.0,3582.0,0.0,0.0,0.0,2507.0,1075.0,3850.0,1699.0
0.0,16977.0,6359.0,3672.0,0.0,4070.0,4070.0,2569.0,1103.0,4441.0,1918.0
0.0,10618.0,4423.0,1727.2592879881622,0.0,714.0,714.0,1263.7290107966853,463.5302771914769,3120.0,1303.0
0.0,6195.0,1664.0,849.9512005411689,4070.0,0.0,0.0,583.0891019295461,266.86209861162274,1200.0,464.0
0.0,8601.0,835.0,2775.2206937490146,714.0,2621.0,2621.0,1855.3801392719834,919.8405544770313,596.0,239.0
0.0,8480.0,2810.0,5541.220384911547,0.0,16495.0,16495.0,3799.8594400915927,1741.3609448199538,1943.0,867.0
0.0,5670.0,5626.0,6401.908969390969,2621.0,22943.0,22943.0,4471.4205071211745,1930.4884622697946,3901.0,1725.0
0.0,2665.0,6450.0,4500.845346131388,16495.0,5294.0,5294.0,3211.2180749006357,1289.627271230753,4502.0,1948.0
0.0,12710.0,4488.0,1757.1415517453188,22943.0,0.0,0.0,1276.3073315978977,480.8342201474212,3167.0,1321.0
0.0,31165.0,1745.0,865.729411753197,5294.0,0.0,0.0,584.6212285002757,281.1081832529213,1260.0,485.0
0.0,34714.0,983.0,2785.2715395283954,0.0,0.0,0.0,1860.0306623239162,925.240877204479,701.0,282.0
0.0,33731.0,3024.0,5547.943581505624,0.0,0.0,0.0,3805.570046421034,1742.3735350845902,2092.0,932.0
0.0,30707.0,5786.0,6385.880179369447,0.0,623.0,623.0,4453.207553924849,1932.672625444599,4010.0,1776.0
0.0,24921.0,6450.0,4448.71194102036,0.0,0.0,0.0,3169.748174977467,1278.9637660428932,4501.0,1949.0
0.0,18471.0,4320.0,1688.6597425461805,623.0,0.0,0.0,1229.046606573123,459.6131359730575,3050.0,1270.0
0.0,14774.0,1511.0,815.3875816410654,0.0,0.0,0.0,554.6436639270771,260.74391771398825,1099.0,412.0
0.0,13263.0,834.0,2784.3097361856403,0.0,0.0,0.0,1858.836130305156,925.4736058804843,596.0,238.0
0.0,12429.0,2944.0,5583.140347816793,0.0,12847.0,12847.0,3832.254483127009,1750.8858646897843,2033.0,911.0
0.0,9485.0,5793.0,6420.916929068049,0.0,21992.0,21992.0,4490.389561228352,1930.5273678396968,4015.0,1778.0
0.0,3692.0,6502.0,4463.529561404035,12847.0,7818.0,7818.0,3188.2015246022543,1275.3280368017809,4540.0,1962.0
0.0,10037.0,4389.0,1698.2037407083674,21992.0,0.0,0.0,1237.4899355461057,460.7138051622617,3101.0,1288.0
0.0,27640.0,1591.0,864.1665850237459,7818.0,0.0,0.0,581.0846721775647,283.08191284618124,1152.0,439.0
0.0,33867.0,902.0,2852.887472441372,0.0,0.0,0.0,1900.323702614417,952.5637698269551,642.0,260.0
0.0,32965.0,3038.0,5644.33126919667,0.0,0.0,0.0,3877.5226466198737,1766.8086225767968,2099.0,939.0
0.0,29927.0,5837.0,6421.356733035243,0.0,1595.0,1595.0,4483.692246675422,1937.6644863598212,4048.0,1789.0
0.0,24090.0,6502.0,4394.1560736051915,0.0,0.0,0.0,3137.494944177507,1256.6611294276843,4541.0,1961.0
0.0,17588.0,4351.0,1618.346238408033,1595.0,0.0,0.0,1184.6406649370076,433.70557347102545,3073.0,1278.0
0.0,14832.0,1510.0,817.5321226602197,0.0,0.0,0.0,557.8733791147931,259.65874354542655,1096.0,414.0
0.0,13322.0,795.0,2845.360678304032,0.0,0.0,0.0,1897.4429737373528,947.9177045666792,565.0,230.0
0.0,12527.0,2943.0,5669.796182364227,0.0,13095.0,13095.0,3894.051525376813,1775.7446569874146,2031.0,912.0
0.0,9584.0,5744.0,6445.361045402058,0.0,21941.0,21941.0,4504.186843523216,1941.1742018788414,3983.0,1761.0
0.0,3840.0,6468.0,4408.5400526881995,13095.0,7168.0,7168.0,3155.9546177443763,1252.5854349438232,4517.0,1951.0
0.0,10467.0,4395.0,1649.7373757534233,21941.0,0.0,0.0,1212.9429912638661,436.79438448955705,3105.0,1290.0
0.0,28013.0,1672.0,878.177872737893,7168.0,0.0,0.0,593.4970977858025,284.6807749520906,1211.0,461.0
0.0,33509.0,1055.0,2912.126477621072,0.0,0.0,0.0,1933.8433677883168,978.283109832755,750.0,305.0
0.0,32454.0,3109.0,5717.314488255897,0.0,0.0,0.0,3928.1807146122105,1789.1337736436863,2147.0,962.0
0.0,29345.0,5880.0,6432.312605453327,0.0,2264.0,2264.0,4489.963171599202,1942.349433854125,4075.0,1805.0
0.0,23465.0,6527.0,4356.202905510898,0.0,487.0,487.0,3117.9257219779392,1238.277183532959,4557.0,1970.0
0.0,16938.0,4344.0,1581.0370370087683,2264.0,0.0,0.0,1160.5520765117021,420.48496049706614,3071.0,1273.0
0.0,14858.0,1534.0,828.8869425092688,487.0,0.0,0.0,560.8241478161499,268.0627946931189,1114.0,420.0
0.0,13811.0,832.0,2902.63167872157,0.0,0.0,0.0,1933.6018451783882,969.0298335431818,592.0,240.0
0.0,12979.0,2941.0,5702.956784382315,0.0,12774.0,12774.0,3915.456596625737,1787.5001877565783,2028.0,913.0
0.0,10038.0,5792.0,6429.337178036649,0.0,21471.0,21471.0,4493.331666995349,1936.005511041299,4015.0,1777.0
0.0,4246.0,6476.0,4350.775574611352,12774.0,6859.0,6859.0,3120.1167513360133,1230.6588232753384,4523.0,1953.0
0.0,10544.0,4286.0,1604.2632628415797,21471.0,0.0,0.0,1187.747193198139,416.5160696434407,3029.0,1257.0
0.0,27729.0,1392.0,861.699520669684,6859.0,0.0,0.0,581.2002357219135,280.49928494777055,1014.0,378.0
0.0,33196.0,752.0,2971.7567941156085,0.0,0.0,0.0,1977.4766623089542,994.280131806654,537.0,215.0
0.0,32444.0,3080.0,5789.461915981465,0.0,0.0,0.0,3982.3645968886535,1807.0973190928114,2128.0,952.0
0.0,29364.0,6059.0,6484.676217240534,0.0,2634.0,2634.0,4536.11391484456,1948.5623023959747,4201.0,1858.0
0.0,23305.0,6699.0,4342.674622772276,0.0,765.0,765.0,3116.5699727507586,1226.1046500215173,4677.0,2022.0
0.0,16606.0,4411.0,1539.8237019996982,2634.0,0.0,0.0,1132.6377630147824,407.1859389849159,3117.0,1294.0
0.0,14829.0,1459.0,807.9670659386956,765.0,0.0,0.0,542.8371239479065,265.129941990789,1063.0,396.0
1.0,0.0,1512.0,1512.0,0.0,6048.0,6048.0,1060.0,452.0,1060.0,452.0
1.0,0.0,1416.0,1464.0,0.0,5856.0,5856.0,1026.0,438.0,992.0,424.0
1.0,0.0,1524.0,1484.0,6048.0,4340.0,4340.0,1040.0,444.0,1068.0,456.0
1.0,1596.0,1524.0,1494.0,5856.0,48.0,48.0,1047.0,447.0,1068.0,456.0
1.0,5928.0,0.0,1196.0,4340.0,0.0,0.0,838.0,358.0,0.0,0.0
1.0,10268.0,0.0,996.0,48.0,0.0,0.0,698.0,298.0,0.0,0.0
1.0,10316.0,0.0,853.0,0.0,0.0,0.0,598.0,255.0,0.0,0.0
1.0,10316.0,0.0,748.0,0.0,0.0,0.0,524.0,224.0,0.0,0.0
1.0,10316.0,0.0,664.0,0.0,0.0,0.0,465.0,199.0,0.0,0.0
1.0,10316.0,0.0,598.0,0.0,0.0,0.0,419.0,179.0,0.0,0.0
1.0,10316.0,0.0,544.0,0.0,0.0,0.0,381.0,163.0,0.0,0.0
1.0,10316.0,0.0,498.0,0.0,0.0,0.0,349.0,149.0,0.0,0.0
1.0,10316.0,0.0,460.0,0.0,0.0,0.0,322.0,138.0,0.0,0.0
1.0,10316.0,174.0,440.0,0.0,0.0,0.0,308.0,132.0,120.0,54.0
1.0,10142.0,595.0,450.0,0.0,0.0,0.0,315.0,135.0,413.0,182.0
1.0,9547.0,830.0,473.0,0.0,0.0,0.0,331.0,142.0,579.0,251.0
1.0,8717.0,540.0,477.0,0.0,0.0,0.0,334.0,143.0,381.0,159.0
1.0,8177.0,120.0,458.0,0.0,0.0,0.0,321.0,137.0,89.0,31.0
1.0,8057.0,2.0,434.0,0.0,0.0,0.0,304.0,130.0,2.0,0.0
1.0,8055.0,291.0,427.0,0.0,0.0,0.0,299.0,128.0,202.0,89.0
1.0,7764.0,660.0,437.0,0.0,0.0,0.0,306.0,131.0,457.0,203.0
1.0,7104.0,653.0,447.0,0.0,0.0,0.0,313.0,134.0,454.0,199.0
1.0,6451.0,260.0,439.0,0.0,0.0,0.0,307.0,132.0,184.0,76.0
1.0,6191.0,0.0,421.0,0.0,0.0,0.0,295.0,126.0,0.0,0.0
1.0,6191.0,38.0,406.0,0.0,0.0,0.0,284.0,122.0,30.0,8.0
1.0,6153.0,337.0,403.0,0.0,0.0,0.0,282.0,121.0,241.0,96.0
1.0,5816.0,617.0,411.0,0.0,0.0,0.0,288.0,123.0,432.0,185.0
1.0,5199.0,660.0,420.0,0.0,0.0,0.0,294.0,126.0,458.0,202.0
1.0,4539.0,448.0,420.0,0.0,0.0,0.0,294.0,126.0,308.0,140.0
1.0,4091.0,234.0,414.0,0.0,0.0,0.0,290.0,124.0,162.0,72.0
1.0,3857.0,225.0,408.0,0.0,0.0,0.0,286.0,122.0,164.0,61.0
1.0,3632.0,361.0,407.0,0.0,0.0,0.0,285.0,122.0,258.0,103.0
1.0,3271.0,522.0,410.0,0.0,0.0,0.0,287.0,123.0,364.0,158.0
1.0,2749.0,532.0,414.0,0.0,0.0,0.0,290.0,124.0,367.0,165.0
1.0,2217.0,314.0,411.0,0.0,0.0,0.0,288.0,123.0,215.0,99.0
1.0,1903.0,61.0,401.0,0.0,0.0,0.0,281.0,120.0,44.0,17.0
1.0,1842.0,33.0,391.0,0.0,0.0,0.0,274.0,117.0,31.0,2.0
1.0,1809.0,242.0,388.0,0.0,0.0,0.0,272.0,116.0,175.0,67.0
1.0,1567.0,586.0,393.0,0.0,591.0,591.0,275.0,118.0,408.0,178.0
1.0,981.0,722.0,401.0,0.0,1345.0,1345.0,281.0,120.0,499.0,223.0
1.0,259.0,543.0,404.0,591.0,1309.0,1309.0,283.0,121.0,374.0,169.0
1.0,307.0,224.0,400.0,1345.0,172.0,172.0,280.0,120.0,157.0,67.0
1.0,1428.0,81.0,393.0,1309.0,0.0,0.0,275.0,118.0,64.0,17.0
1.0,2656.0,308.0,391.0,172.0,0.0,0.0,274.0,117.0,222.0,86.0
1.0,2520.0,611.0,395.0,0.0,0.0,0.0,277.0,118.0,427.0,184.0
1.0,1909.0,687.0,402.0,0.0,386.0,386.0,281.0,121.0,474.0,213.0
1.0,1222.0,395.0,402.0,0.0,781.0,781.0,281.0,121.0,270.0,125.0
1.0,827.0,52.0,394.0,386.0,415.0,415.0,276.0,118.0,37.0,15.0
1.0,1161.0,0.0,386.0,781.0,0.0,0.0,270.0,116.0,0.0,0.0
1.0,1942.0,224.0,383.0,415.0,0.0,0.0,268.0,115.0,164.0,60.0
1.0,2133.0,591.0,387.0,0.0,6.0,6.0,271.0,116.0,422.0,169.0
1.0,1542.0,697.0,393.0,0.0,727.0,727.0,275.0,118.0,488.0,209.0
1.0,845.0,467.0,373.0,6.0,1108.0,1108.0,261.0,112.0,319.0,148.0
1.0,384.0,174.0,349.0,727.0,459.0,459.0,244.0,105.0,112.0,62.0
1.0,937.0,161.0,323.0,1108.0,0.0,0.0,226.0,97.0,111.0,50.0
1.0,1884.0,441.0,302.0,459.0,0.0,0.0,211.0,91.0,318.0,123.0
1.0,1902.0,711.0,316.0,0.0,73.0,73.0,221.0,95.0,507.0,204.0
1.0,1191.0,657.0,328.0,0.0,778.0,778.0,230.0,98.0,460.0,197.0
1.0,534.0,317.0,334.0,73.0,1046.0,1046.0,234.0,100.0,214.0,103.0
1.0,290.0,6.0,335.0,778.0,278.0,278.0,234.0,101.0,0.0,6.0
1.0,1062.0,75.0,336.0,1046.0,0.0,0.0,235.0,101.0,54.0,21.0
1.0,2033.0,379.0,343.0,278.0,0.0,0.0,240.0,103.0,268.0,111.0
1.0,1932.0,639.0,356.0,0.0,131.0,131.0,249.0,107.0,450.0,189.0
1.0,1293.0,562.0,367.0,0.0,737.0,737.0,257.0,110.0,393.0,169.0
1.0,731.0,274.0,372.0,131.0,900.0,900.0,260.0,112.0,190.0,84.0
1.0,588.0,96.0,370.0,737.0,251.0,251.0,259.0,111.0,65.0,31.0
1.0,1229.0,204.0,363.0,900.0,0.0,0.0,254.0,109.0,142.0,62.0
1.0,1925.0,562.0,357.0,251.0,0.0,0.0,250.0,107.0,396.0,166.0
1.0,1614.0,817.0,363.0,0.0,655.0,655.0,254.0,109.0,575.0,242.0
1.0,797.0,678.0,374.0,0.0,1377.0,1377.0,262.0,112.0,475.0,203.0
1.0,119.0,294.0,379.0,655.0,1036.0,1036.0,265.0,114.0,203.0,91.0
1.0,480.0,69.0,375.0,1377.0,0.0,0.0,262.0,113.0,46.0,23.0
1.0,1788.0,152.0,366.0,1036.0,0.0,0.0,256.0,110.0,104.0,48.0
1.0,2672.0,473.0,361.0,0.0,0.0,0.0,253.0,108.0,332.0,141.0
1.0,2199.0,661.0,370.0,0.0,0.0,0.0,259.0,111.0,467.0,194.0
1.0,1538.0,534.0,380.0,0.0,516.0,516.0,266.0,114.0,377.0,157.0
1.0,1004.0,193.0,383.0,0.0,721.0,721.0,268.0,115.0,134.0,59.0
1.0,811.0,0.0,376.0,516.0,177.0,177.0,263.0,113.0,0.0,0.0
1.0,1327.0,186.0,367.0,721.0,0.0,0.0,257.0,110.0,125.0,61.0
1.0,1862.0,614.0,367.0,177.0,43.0,43.0,257.0,110.0,425.0,189.0
1.0,1425.0,858.0,374.0,0.0,929.0,929.0,262.0,112.0,602.0,256.0
1.0,567.0,759.0,385.0,43.0,1539.0,1539.0,270.0,115.0,536.0,223.0
1.0,1.0,363.0,387.0,929.0,1131.0,1131.0,271.0,116.0,257.0,106.0
1.0,417.0,187.0,384.0,1539.0,0.0,0.0,269.0,115.0,131.0,56.0
1.0,1769.0,104.0,376.0,1131.0,0.0,0.0,263.0,113.0,70.0,34.0
1.0,2796.0,287.0,372.0,0.0,0.0,0.0,260.0,112.0,198.0,89.0
1.0,2509.0,524.0,376.0,0.0,0.0,0.0,263.0,113.0,364.0,160.0
1.0,1985.0,524.0,384.0,0.0,75.0,75.0,269.0,115.0,367.0,157.0
1.0,1461.0,361.0,391.0,0.0,464.0,464.0,274.0,117.0,257.0,104.0
1.0,1100.0,202.0,390.0,75.0,587.0,587.0,273.0,117.0,147.0,55.0
1.0,973.0,195.0,383.0,464.0,290.0,290.0,268.0,115.0,138.0,57.0
1.0,1242.0,338.0,376.0,587.0,13.0,13.0,263.0,113.0,231.0,107.0
1.0,1491.0,552.0,376.0,290.0,275.0,275.0,263.0,113.0,379.0,173.0
1.0,1229.0,667.0,384.0,13.0,961.0,961.0,269.0,115.0,466.0,201.0
1.0,575.0,571.0,393.0,275.0,1293.0,1293.0,275.0,118.0,405.0,166.0
1.0,279.0,408.0,396.0,961.0,752.0,752.0,277.0,119.0,293.0,115.0
1.0,832.0,348.0,390.0,1293.0,0.0,0.0,273.0,117.0,244.0,104.0
1.0,1777.0,381.0,384.0,752.0,0.0,0.0,269.0,115.0,261.0,120.0
1.0,2148.0,369.0,384.0,0.0,0.0,0.0,269.0,115.0,252.0,117.0
1.0,1779.0,351.0,390.0,0.0,132.0,132.0,273.0,117.0,245.0,106.0
1.0,1428.0,337.0,396.0,0.0,493.0,493.0,277.0,119.0,240.0,97.0
1.0,1091.0,317.0,397.0,132.0,682.0,682.0,278.0,119.0,227.0,90.0
1.0,906.0,276.0,392.0,493.0,445.0,445.0,274.0,118.0,196.0,80.0
1.0,1123.0,347.0,385.0,682.0,82.0,82.0,269.0,116.0,239.0,108.0
1.0,1458.0,442.0,385.0,445.0,79.0,79.0,269.0,116.0,303.0,139.0
1.0,1461.0,565.0,392.0,82.0,590.0,590.0,274.0,118.0,394.0,171.0
1.0,978.0,610.0,401.0,79.0,1157.0,1157.0,281.0,120.0,432.0,178.0
1.0,447.0,527.0,403.0,590.0,1102.0,1102.0,282.0,121.0,377.0,150.0
1.0,510.0,347.0,396.0,1157.0,264.0,264.0,277.0,119.0,246.0,101.0
1.0,1320.0,329.0,389.0,1102.0,0.0,0.0,272.0,117.0,224.0,105.0
1.0,2093.0,426.0,391.0,264.0,0.0,0.0,274.0,117.0,290.0,136.0
1.0,1931.0,489.0,400.0,0.0,158.0,158.0,280.0,120.0,339.0,150.0
1.0,1442.0,405.0,407.0,0.0,591.0,591.0,285.0,122.0,290.0,115.0
1.0,1037.0,312.0,406.0,158.0,741.0,741.0,284.0,122.0,228.0,84.0
1.0,883.0,263.0,398.0,591.0,381.0,381.0,279.0,119.0,187.0,76.0
1.0,1211.0,288.0,393.0,741.0,0.0,0.0,275.0,118.0,195.0,93.0
1.0,1664.0,417.0,396.0,381.0,0.0,0.0,277.0,119.0,281.0,136.0
1.0,1628.0,533.0,404.0,0.0,521.0,521.0,283.0,121.0,369.0,164.0
1.0,1095.0,525.0,410.0,0.0,1070.0,1070.0,287.0,123.0,374.0,151.0
1.0,570.0,454.0,408.0,521.0,995.0,995.0,286.0,122.0,330.0,124.0
1.0,637.0,405.0,400.0,1070.0,298.0,298.0,280.0,120.0,289.0,116.0
1.0,1302.0,391.0,394.0,995.0,0.0,0.0,276.0,118.0,267.0,124.0
1.0,1906.0,443.0,397.0,298.0,0.0,0.0,278.0,119.0,298.0,145.0
1.0,1761.0,493.0,406.0,0.0,356.0,356.0,284.0,122.0,340.0,153.0
1.0,1268.0,492.0,413.0,0.0,876.0,876.0,289.0,124.0,353.0,139.0
1.0,776.0,309.0,410.0,356.0,817.0,817.0,287.0,123.0,229.0,80.0
1.0,823.0,183.0,400.0,876.0,84.0,84.0,280.0,120.0,133.0,50.0
1.0,1516.0,228.0,394.0,817.0,0.0,0.0,276.0,118.0,152.0,76.0
1.0,2105.0,462.0,399.0,84.0,0.0,0.0,279.0,120.0,309.0,153.0
1.0,1727.0,647.0,412.0,0.0,568.0,568.0,288.0,124.0,447.0,200.0
1.0,1080.0,632.0,420.0,0.0,1232.0,1232.0,294.0,126.0,449.0,183.0
1.0,448.0,423.0,417.0,568.0,1075.0,1075.0,292.0,125.0,309.0,114.0
1.0,593.0,251.0,405.0,1232.0,46.0,46.0,284.0,121.0,182.0,69.0
1.0,1574.0,277.0,396.0,1075.0,0.0,0.0,277.0,119.0,187.0,90.0
1.0,2372.0,454.0,397.0,46.0,0.0,0.0,278.0,119.0,306.0,148.0
1.0,1964.0,664.0,406.0,0.0,324.0,324.0,284.0,122.0,458.0,206.0
1.0,1300.0,654.0,417.0,0.0,1022.0,1022.0,292.0,125.0,463.0,191.0
1.0,646.0,420.0,420.0,324.0,1130.0,1130.0,294.0,126.0,307.0,113.0
1.0,550.0,151.0,412.0,1022.0,227.0,227.0,289.0,123.0,115.0,36.0
1.0,1421.0,66.0,404.0,1130.0,0.0,0.0,283.0,121.0,40.0,26.0
1.0,2485.0,257.0,402.0,227.0,0.0,0.0,281.0,121.0,167.0,90.0
1.0,2455.0,616.0,409.0,0.0,0.0,0.0,286.0,123.0,423.0,193.0
1.0,1839.0,779.0,421.0,0.0,624.0,624.0,294.0,127.0,551.0,228.0
1.0,1060.0,584.0,426.0,0.0,1228.0,1228.0,298.0,128.0,420.0,164.0
1.0,476.0,267.0,421.0,624.0,851.0,851.0,295.0,126.0,194.0,73.0
1.0,833.0,180.0,411.0,1228.0,0.0,0.0,288.0,123.0,123.0,57.0
1.0,1881.0,386.0,407.0,851.0,0.0,0.0,285.0,122.0,260.0,126.0
1.0,2346.0,709.0,413.0,0.0,15.0,15.0,289.0,124.0,489.0,220.0
1.0,1637.0,845.0,423.0,0.0,900.0,900.0,296.0,127.0,594.0,251.0
1.0,792.0,598.0,427.0,15.0,1499.0,1499.0,299.0,128.0,430.0,168.0
1.0,209.0,168.0,423.0,900.0,751.0,751.0,296.0,127.0,125.0,43.0
1.0,941.0,1.0,416.0,1499.0,0.0,0.0,292.0,124.0,0.0,1.0
1.0,2439.0,195.0,414.0,751.0,0.0,0.0,290.0,124.0,126.0,69.0
1.0,2995.0,588.0,419.0,0.0,0.0,0.0,293.0,126.0,399.0,189.0
1.0,2407.0,760.0,428.0,0.0,65.0,65.0,299.0,129.0,531.0,229.0
1.0,1647.0,602.0,433.0,0.0,687.0,687.0,303.0,130.0,434.0,168.0
1.0,1045.0,277.0,430.0,65.0,887.0,887.0,301.0,129.0,206.0,71.0
1.0,833.0,149.0,422.0,687.0,317.0,317.0,296.0,126.0,104.0,45.0
1.0,1371.0,385.0,417.0,887.0,0.0,0.0,292.0,125.0,257.0,128.0
1.0,1873.0,719.0,421.0,317.0,213.0,213.0,294.0,127.0,491.0,228.0
1.0,1471.0,862.0,431.0,0.0,1115.0,1115.0,301.0,130.0,605.0,257.0
1.0,609.0,612.0,437.0,213.0,1538.0,1538.0,306.0,131.0,442.0,170.0
1.0,210.0,277.0,434.0,1115.0,688.0,688.0,304.0,130.0,204.0,73.0
1.0,1048.0,74.0,425.0,1538.0,0.0,0.0,298.0,127.0,48.0,26.0
1.0,2512.0,296.0,423.0,688.0,0.0,0.0,296.0,127.0,193.0,103.0
1.0,2904.0,610.0,429.0,0.0,0.0,0.0,300.0,129.0,417.0,193.0
1.0,2294.0,702.0,438.0,0.0,160.0,160.0,306.0,132.0,497.0,205.0
1.0,1592.0,426.0,440.0,0.0,594.0,594.0,308.0,132.0,314.0,112.0
1.0,1166.0,175.0,435.0,160.0,589.0,589.0,305.0,130.0,133.0,42.0
1.0,1151.0,248.0,431.0,594.0,227.0,227.0,302.0,129.0,168.0,80.0
1.0,1497.0,510.0,430.0,589.0,144.0,144.0,301.0,129.0,341.0,169.0
1.0,1576.0,759.0,436.0,227.0,700.0,700.0,305.0,131.0,521.0,238.0
1.0,1044.0,770.0,443.0,144.0,1354.0,1354.0,310.0,133.0,546.0,224.0
1.0,418.0,553.0,446.0,700.0,1219.0,1219.0,312.0,134.0,403.0,150.0
1.0,565.0,284.0,442.0,1354.0,133.0,133.0,310.0,132.0,209.0,75.0
1.0,1635.0,174.0,437.0,1219.0,0.0,0.0,306.0,131.0,116.0,58.0
1.0,2680.0,272.0,433.0,133.0,0.0,0.0,303.0,130.0,173.0,99.0
1.0,2541.0,500.0,436.0,0.0,0.0,0.0,305.0,131.0,340.0,160.0
1.0,2041.0,601.0,444.0,0.0,336.0,336.0,310.0,134.0,428.0,173.0
1.0,1440.0,378.0,447.0,0.0,726.0,726.0,313.0,134.0,281.0,97.0
1.0,1062.0,220.0,442.0,336.0,590.0,590.0,310.0,132.0,164.0,56.0
1.0,1178.0,236.0,435.0,726.0,72.0,72.0,305.0,130.0,159.0,77.0
1.0,1668.0,446.0,431.0,590.0,0.0,0.0,302.0,129.0,296.0,150.0
1.0,1812.0,630.0,435.0,72.0,486.0,486.0,304.0,131.0,430.0,200.0
1.0,1254.0,624.0,442.0,0.0,1138.0,1138.0,309.0,133.0,442.0,182.0
1.0,630.0,482.0,446.0,486.0,1150.0,1150.0,312.0,134.0,355.0,127.0
1.0,634.0,337.0,444.0,1138.0,341.0,341.0,311.0,133.0,248.0,89.0
1.0,1435.0,306.0,437.0,1150.0,0.0,0.0,306.0,131.0,209.0,97.0
1.0,2279.0,456.0,433.0,341.0,0.0,0.0,303.0,130.0,302.0,154.0
1.0,2164.0,533.0,435.0,0.0,109.0,109.0,304.0,131.0,361.0,172.0
1.0,1631.0,487.0,442.0,0.0,624.0,624.0,309.0,133.0,346.0,141.0
1.0,1144.0,372.0,447.0,109.0,907.0,907.0,313.0,134.0,276.0,96.0
1.0,881.0,256.0,448.0,624.0,543.0,543.0,314.0,134.0,191.0,65.0
1.0,1249.0,320.0,442.0,907.0,0.0,0.0,310.0,132.0,220.0,100.0
1.0,1836.0,488.0,437.0,543.0,0.0,0.0,306.0,131.0,326.0,162.0
1.0,1891.0,585.0,436.0,0.0,438.0,438.0,305.0,131.0,398.0,187.0
1.0,1306.0,584.0,442.0,0.0,1046.0,1046.0,309.0,133.0,413.0,171.0
1.0,722.0,509.0,449.0,438.0,1145.0,1145.0,314.0,135.0,372.0,137.0
1.0,651.0,495.0,451.0,1046.0,602.0,602.0,316.0,135.0,358.0,137.0
1.0,1202.0,537.0,448.0,1145.0,0.0,0.0,314.0,134.0,372.0,165.0
1.0,1810.0,569.0,443.0,602.0,0.0,0.0,310.0,133.0,383.0,186.0
1.0,1843.0,470.0,440.0,0.0,387.0,387.0,308.0,132.0,318.0,152.0
1.0,1373.0,366.0,443.0,0.0,765.0,765.0,310.0,133.0,262.0,104.0
1.0,1007.0,319.0,450.0,387.0,725.0,725.0,315.0,135.0,240.0,79.0
1.0,1075.0,421.0,454.0,765.0,397.0,397.0,318.0,136.0,304.0,117.0
1.0,1419.0,556.0,454.0,725.0,228.0,228.0,318.0,136.0,383.0,173.0
1.0,1588.0,516.0,448.0,397.0,323.0,323.0,314.0,134.0,346.0,170.0
1.0,1469.0,441.0,446.0,228.0,528.0,528.0,312.0,134.0,301.0,140.0
1.0,1256.0,409.0,448.0,323.0,622.0,622.0,313.0,135.0,292.0,117.0
1.0,1170.0,401.0,453.0,528.0,515.0,515.0,317.0,136.0,296.0,105.0
1.0,1297.0,576.0,457.0,622.0,485.0,485.0,320.0,137.0,411.0,165.0
1.0,1343.0,699.0,456.0,515.0,665.0,665.0,320.0,136.0,482.0,217.0
1.0,1159.0,614.0,451.0,485.0,774.0,774.0,316.0,135.0,415.0,199.0
1.0,1030.0,456.0,449.0,665.0,557.0,557.0,314.0,135.0,313.0,143.0
1.0,1239.0,356.0,450.0,774.0,143.0,143.0,315.0,135.0,258.0,98.0
1.0,1657.0,309.0,454.0,557.0,0.0,0.0,318.0,136.0,231.0,78.0
1.0,1905.0,294.0,455.0,143.0,66.0,66.0,319.0,136.0,212.0,82.0
1.0,1754.0,392.0,451.0,0.0,442.0,442.0,316.0,135.0,263.0,129.0
1.0,1362.0,573.0,448.0,66.0,937.0,937.0,314.0,134.0,385.0,188.0
1.0,855.0,634.0,452.0,442.0,1145.0,1145.0,316.0,136.0,439.0,195.0
1.0,663.0,498.0,458.0,937.0,730.0,730.0,320.0,138.0,360.0,138.0
1.0,1102.0,253.0,458.0,1145.0,0.0,0.0,321.0,137.0,195.0,58.0
1.0,1994.0,268.0,454.0,730.0,0.0,0.0,318.0,136.0,191.0,77.0
1.0,2456.0,623.0,451.0,0.0,0.0,0.0,316.0,135.0,424.0,199.0
1.0,1833.0,929.0,454.0,0.0,912.0,912.0,318.0,136.0,636.0,293.0
1.0,904.0,870.0,460.0,0.0,1806.0,1806.0,322.0,138.0,604.0,266.0
1.0,34.0,441.0,463.0,912.0,1347.0,1347.0,324.0,139.0,318.0,123.0
1.0,505.0,111.0,462.0,1806.0,0.0,0.0,323.0,139.0,93.0,18.0
1.0,2200.0,127.0,459.0,1347.0,0.0,0.0,322.0,137.0,93.0,34.0
1.0,3420.0,466.0,458.0,0.0,0.0,0.0,321.0,137.0,316.0,150.0
1.0,2954.0,752.0,461.0,0.0,0.0,0.0,323.0,138.0,512.0,240.0
1.0,2202.0,739.0,468.0,0.0,409.0,409.0,327.0,141.0,513.0,226.0
1.0,1463.0,411.0,472.0,0.0,836.0,836.0,330.0,142.0,298.0,113.0
1.0,1052.0,143.0,470.0,409.0,562.0,562.0,329.0,141.0,116.0,27.0
1.0,1318.0,269.0,467.0,836.0,0.0,0.0,327.0,140.0,192.0,77.0
1.0,1885.0,686.0,468.0,562.0,111.0,111.0,328.0,140.0,468.0,218.0
1.0,1761.0,987.0,474.0,0.0,1122.0,1122.0,332.0,142.0,677.0,310.0
1.0,774.0,882.0,482.0,111.0,1925.0,1925.0,337.0,145.0,614.0,268.0
1.0,3.0,423.0,485.0,1122.0,1238.0,1238.0,339.0,146.0,308.0,115.0
1.0,702.0,102.0,480.0,1925.0,0.0,0.0,336.0,144.0,85.0,17.0
1.0,2525.0,226.0,475.0,1238.0,0.0,0.0,333.0,142.0,161.0,65.0
1.0,3537.0,589.0,477.0,0.0,0.0,0.0,334.0,143.0,403.0,186.0
1.0,2948.0,737.0,481.0,0.0,0.0,0.0,337.0,144.0,503.0,234.0
1.0,2211.0,596.0,486.0,0.0,329.0,329.0,340.0,146.0,415.0,181.0
1.0,1615.0,288.0,486.0,0.0,617.0,617.0,340.0,146.0,211.0,77.0
1.0,1327.0,115.0,483.0,329.0,391.0,391.0,338.0,145.0,91.0,24.0
1.0,1541.0,294.0,479.0,617.0,52.0,52.0,336.0,143.0,208.0,86.0
1.0,1864.0,659.0,481.0,391.0,328.0,328.0,337.0,144.0,454.0,205.0
1.0,1596.0,908.0,487.0,52.0,1208.0,1208.0,341.0,146.0,623.0,285.0
1.0,740.0,777.0,492.0,328.0,1677.0,1677.0,344.0,148.0,540.0,237.0
1.0,291.0,480.0,492.0,1208.0,949.0,949.0,344.0,148.0,345.0,135.0
1.0,1019.0,276.0,487.0,1677.0,0.0,0.0,341.0,146.0,207.0,69.0
1.0,2420.0,332.0,482.0,949.0,0.0,0.0,338.0,144.0,237.0,95.0
1.0,3037.0,581.0,484.0,0.0,0.0,0.0,339.0,145.0,396.0,185.0
1.0,2456.0,745.0,491.0,0.0,253.0,253.0,344.0,147.0,506.0,239.0
1.0,1711.0,621.0,498.0,0.0,902.0,902.0,348.0,150.0,431.0,190.0
1.0,1090.0,340.0,496.0,253.0,981.0,981.0,347.0,149.0,250.0,90.0
1.0,1003.0,99.0,487.0,902.0,142.0,142.0,341.0,146.0,84.0,15.0
1.0,1806.0,257.0,482.0,981.0,0.0,0.0,338.0,144.0,184.0,73.0
1.0,2530.0,626.0,485.0,142.0,0.0,0.0,340.0,145.0,428.0,198.0
1.0,2046.0,873.0,494.0,0.0,803.0,803.0,346.0,148.0,598.0,275.0
1.0,1173.0,776.0,502.0,0.0,1611.0,1611.0,351.0,151.0,539.0,237.0
1.0,397.0,436.0,499.0,803.0,1232.0,1232.0,349.0,150.0,313.0,123.0
1.0,764.0,237.0,490.0,1611.0,0.0,0.0,343.0,147.0,179.0,58.0
1.0,2138.0,374.0,485.0,1232.0,0.0,0.0,340.0,145.0,268.0,106.0
1.0,2996.0,700.0,490.0,0.0,0.0,0.0,343.0,147.0,483.0,217.0
1.0,2296.0,866.0,500.0,0.0,570.0,570.0,350.0,150.0,590.0,276.0
1.0,1430.0,697.0,508.0,0.0,1299.0,1299.0,355.0,153.0,481.0,216.0
1.0,733.0,281.0,507.0,570.0,1006.0,1006.0,354.0,153.0,204.0,77.0
1.0,1022.0,51.0,500.0,1299.0,0.0,0.0,350.0,150.0,51.0,0.0
1.0,2270.0,228.0,494.0,1006.0,0.0,0.0,346.0,148.0,168.0,60.0
1.0,3048.0,592.0,493.0,0.0,0.0,0.0,346.0,147.0,406.0,186.0
1.0,2456.0,845.0,500.0,0.0,389.0,389.0,350.0,150.0,576.0,269.0
1.0,1611.0,815.0,511.0,0.0,1248.0,1248.0,357.0,154.0,563.0,252.0
1.0,796.0,450.0,514.0,389.0,1321.0,1321.0,359.0,155.0,323.0,127.0
1.0,735.0,225.0,507.0,1248.0,270.0,270.0,355.0,152.0,173.0,52.0
1.0,1758.0,383.0,496.0,1321.0,0.0,0.0,348.0,148.0,276.0,107.0
1.0,2696.0,726.0,493.0,270.0,0.0,0.0,346.0,147.0,501.0,225.0
1.0,2240.0,934.0,503.0,0.0,706.0,706.0,352.0,151.0,637.0,297.0
1.0,1306.0,731.0,515.0,0.0,1485.0,1485.0,360.0,155.0,505.0,226.0
1.0,575.0,299.0,518.0,706.0,1090.0,1090.0,362.0,156.0,218.0,81.0
1.0,982.0,41.0,510.0,1485.0,0.0,0.0,357.0,153.0,41.0,0.0
1.0,2426.0,198.0,499.0,1090.0,0.0,0.0,350.0,149.0,146.0,52.0
1.0,3318.0,656.0,498.0,0.0,0.0,0.0,349.0,149.0,454.0,202.0
1.0,2662.0,930.0,507.0,0.0,296.0,296.0,355.0,152.0,637.0,293.0
1.0,1732.0,798.0,520.0,0.0,1146.0,1146.0,364.0,156.0,551.0,247.0
1.0,934.0,421.0,523.0,296.0,1283.0,1283.0,366.0,157.0,301.0,120.0
1.0,809.0,140.0,513.0,1146.0,237.0,237.0,359.0,154.0,112.0,28.0
1.0,1815.0,282.0,499.0,1283.0,0.0,0.0,350.0,149.0,205.0,77.0
1.0,2816.0,695.0,495.0,237.0,0.0,0.0,347.0,148.0,479.0,216.0
1.0,2358.0,991.0,506.0,0.0,657.0,657.0,354.0,152.0,680.0,311.0
1.0,1367.0,795.0,519.0,0.0,1504.0,1504.0,363.0,156.0,549.0,246.0
1.0,572.0,303.0,521.0,657.0,1158.0,1158.0,364.0,157.0,218.0,85.0
1.0,926.0,39.0,510.0,1504.0,0.0,0.0,357.0,153.0,39.0,0.0
1.0,2391.0,183.0,499.0,1158.0,0.0,0.0,350.0,149.0,138.0,45.0
1.0,3366.0,573.0,499.0,0.0,0.0,0.0,350.0,149.0,398.0,175.0
1.0,2793.0,857.0,510.0,0.0,104.0,104.0,357.0,153.0,585.0,272.0
1.0,1936.0,774.0,523.0,0.0,930.0,930.0,366.0,157.0,531.0,243.0
1.0,1162.0,418.0,525.0,104.0,1252.0,1252.0,367.0,158.0,297.0,121.0
1.0,848.0,152.0,516.0,930.0,438.0,438.0,361.0,155.0,123.0,29.0
1.0,1626.0,335.0,505.0,1252.0,0.0,0.0,354.0,151.0,244.0,91.0
1.0,2543.0,751.0,504.0,438.0,0.0,0.0,353.0,151.0,520.0,231.0
1.0,2230.0,985.0,514.0,0.0,811.0,811.0,360.0,154.0,673.0,312.0
1.0,1245.0,871.0,525.0,0.0,1726.0,1726.0,367.0,158.0,600.0,271.0
1.0,374.0,464.0,528.0,811.0,1391.0,1391.0,369.0,159.0,333.0,131.0
1.0,721.0,114.0,519.0,1726.0,0.0,0.0,363.0,156.0,98.0,16.0
1.0,2333.0,154.0,508.0,1391.0,0.0,0.0,356.0,152.0,118.0,36.0
1.0,3570.0,551.0,506.0,0.0,0.0,0.0,355.0,151.0,376.0,175.0
1.0,3019.0,859.0,516.0,0.0,0.0,0.0,361.0,155.0,581.0,278.0
1.0,2160.0,734.0,528.0,0.0,686.0,686.0,369.0,159.0,503.0,231.0
1.0,1426.0,305.0,529.0,0.0,995.0,995.0,370.0,159.0,225.0,80.0
1.0,1121.0,184.0,521.0,686.0,461.0,461.0,365.0,156.0,151.0,33.0
1.0,1623.0,443.0,512.0,995.0,0.0,0.0,359.0,153.0,319.0,124.0
1.0,2175.0,860.0,514.0,461.0,280.0,280.0,360.0,154.0,590.0,270.0
1.0,1776.0,1075.0,526.0,0.0,1403.0,1403.0,368.0,158.0,730.0,345.0
1.0,701.0,825.0,538.0,280.0,1996.0,1996.0,376.0,162.0,568.0,257.0
1.0,156.0,377.0,538.0,1403.0,970.0,970.0,376.0,162.0,278.0,99.0
1.0,1182.0,182.0,527.0,1996.0,0.0,0.0,369.0,158.0,148.0,34.0
1.0,2996.0,379.0,518.0,970.0,0.0,0.0,363.0,155.0,273.0,106.0
1.0,3587.0,707.0,518.0,0.0,0.0,0.0,363.0,155.0,482.0,225.0
1.0,2880.0,806.0,529.0,0.0,42.0,42.0,370.0,159.0,544.0,262.0
1.0,2074.0,538.0,538.0,0.0,616.0,616.0,376.0,162.0,369.0,169.0
1.0,1536.0,203.0,538.0,42.0,777.0,777.0,376.0,162.0,155.0,48.0
1.0,1375.0,150.0,529.0,616.0,275.0,275.0,370.0,159.0,127.0,23.0
1.0,1841.0,544.0,523.0,777.0,18.0,18.0,367.0,156.0,388.0,156.0
1.0,2074.0,979.0,526.0,275.0,734.0,734.0,369.0,157.0,672.0,307.0
1.0,1370.0,1050.0,537.0,18.0,1810.0,1810.0,376.0,161.0,714.0,336.0
1.0,338.0,671.0,546.0,734.0,1783.0,1783.0,382.0,164.0,462.0,209.0
1.0,401.0,179.0,542.0,1810.0,136.0,136.0,379.0,163.0,140.0,39.0
1.0,2032.0,149.0,531.0,1783.0,0.0,0.0,372.0,159.0,125.0,24.0
1.0,3666.0,567.0,525.0,136.0,0.0,0.0,368.0,157.0,403.0,164.0
1.0,3235.0,989.0,529.0,0.0,0.0,0.0,371.0,158.0,679.0,310.0
1.0,2246.0,993.0,543.0,0.0,919.0,919.0,380.0,163.0,674.0,319.0
1.0,1253.0,443.0,551.0,0.0,1394.0,1394.0,385.0,166.0,304.0,139.0
1.0,810.0,0.0,547.0,919.0,459.0,459.0,382.0,165.0,0.0,0.0
1.0,1729.0,21.0,535.0,1394.0,0.0,0.0,374.0,161.0,21.0,0.0
1.0,3102.0,444.0,525.0,459.0,0.0,0.0,368.0,157.0,333.0,111.0
1.0,3117.0,983.0,529.0,0.0,0.0,0.0,371.0,158.0,701.0,282.0
1.0,2134.0,1096.0,541.0,0.0,1126.0,1126.0,379.0,162.0,758.0,338.0
1.0,1038.0,680.0,552.0,0.0,1850.0,1850.0,386.0,166.0,455.0,225.0
1.0,358.0,200.0,551.0,1126.0,920.0,920.0,385.0,166.0,128.0,72.0
1.0,1284.0,134.0,539.0,1850.0,0.0,0.0,377.0,162.0,101.0,33.0
1.0,3000.0,587.0,532.0,920.0,0.0,0.0,373.0,159.0,431.0,156.0
1.0,3333.0,1064.0,537.0,0.0,0.0,0.0,377.0,160.0,756.0,308.0
1.0,2269.0,1014.0,551.0,0.0,949.0,949.0,386.0,165.0,702.0,312.0
1.0,1255.0,507.0,560.0,0.0,1492.0,1492.0,392.0,168.0,336.0,171.0
1.0,748.0,0.0,556.0,949.0,527.0,527.0,389.0,167.0,0.0,0.0
1.0,1697.0,0.0,545.0,1492.0,0.0,0.0,381.0,164.0,0.0,0.0
1.0,3189.0,403.0,537.0,527.0,0.0,0.0,376.0,161.0,291.0,112.0
1.0,3313.0,918.0,539.0,0.0,0.0,0.0,378.0,161.0,650.0,268.0
1.0,2395.0,1051.0,551.0,0.0,860.0,860.0,386.0,165.0,734.0,317.0
1.0,1344.0,700.0,562.0,0.0,1604.0,1604.0,393.0,169.0,482.0,218.0
1.0,644.0,238.0,560.0,860.0,974.0,974.0,392.0,168.0,160.0,78.0
1.0,1266.0,158.0,549.0,1604.0,0.0,0.0,384.0,165.0,112.0,46.0
1.0,2712.0,558.0,540.0,974.0,0.0,0.0,378.0,162.0,397.0,161.0
1.0,3128.0,992.0,542.0,0.0,32.0,32.0,380.0,162.0,702.0,290.0
1.0,2136.0,1054.0,554.0,0.0,1134.0,1134.0,388.0,166.0,736.0,318.0
1.0,1082.0,667.0,565.0,32.0,1813.0,1813.0,395.0,170.0,459.0,208.0
1.0,447.0,113.0,564.0,1134.0,788.0,788.0,394.0,170.0,73.0,40.0
1.0,1468.0,11.0,553.0,1813.0,0.0,0.0,387.0,166.0,8.0,3.0
1.0,3270.0,411.0,545.0,788.0,0.0,0.0,382.0,163.0,295.0,116.0
1.0,3647.0,901.0,548.0,0.0,0.0,0.0,384.0,164.0,639.0,262.0
1.0,2746.0,963.0,561.0,0.0,461.0,461.0,393.0,168.0,675.0,288.0
1.0,1783.0,605.0,569.0,0.0,1098.0,1098.0,398.0,171.0,415.0,190.0
1.0,1178.0,155.0,564.0,461.0,772.0,772.0,394.0,170.0,99.0,56.0
1.0,1484.0,182.0,551.0,1098.0,0.0,0.0,385.0,166.0,126.0,56.0
1.0,2400.0,674.0,543.0,772.0,0.0,0.0,380.0,163.0,480.0,194.0
1.0,2498.0,1096.0,548.0,0.0,790.0,790.0,384.0,164.0,777.0,319.0
1.0,1402.0,1136.0,562.0,0.0,1982.0,1982.0,394.0,168.0,798.0,338.0
1.0,266.0,664.0,572.0,790.0,1896.0,1896.0,400.0,172.0,458.0,206.0
1.0,392.0,136.0,567.0,1982.0,30.0,30.0,396.0,171.0,84.0,52.0
1.0,2238.0,46.0,555.0,1896.0,0.0,0.0,388.0,167.0,29.0,17.0
1.0,4088.0,484.0,548.0,30.0,0.0,0.0,384.0,164.0,345.0,139.0
1.0,3634.0,986.0,557.0,0.0,0.0,0.0,390.0,167.0,701.0,285.0
1.0,2648.0,1024.0,572.0,0.0,664.0,664.0,401.0,171.0,723.0,301.0
1.0,1624.0,515.0,580.0,0.0,1211.0,1211.0,406.0,174.0,356.0,159.0
1.0,1109.0,33.0,569.0,664.0,536.0,536.0,398.0,171.0,11.0,22.0
1.0,1740.0,65.0,552.0,1211.0,0.0,0.0,386.0,166.0,38.0,27.0
1.0,2886.0,646.0,544.0,536.0,0.0,0.0,381.0,163.0,457.0,189.0
1.0,2776.0,1195.0,555.0,0.0,639.0,639.0,389.0,166.0,849.0,346.0
1.0,1581.0,1189.0,574.0,0.0,1904.0,1904.0,402.0,172.0,841.0,348.0
1.0,392.0,736.0,585.0,639.0,2045.0,2045.0,409.0,176.0,510.0,226.0
1.0,295.0,174.0,578.0,1904.0,287.0,287.0,404.0,174.0,109.0,65.0
1.0,2025.0,4.0,559.0,2045.0,0.0,0.0,391.0,168.0,0.0,4.0
1.0,4066.0,398.0,547.0,287.0,0.0,0.0,383.0,164.0,284.0,114.0
1.0,3955.0,992.0,558.0,0.0,0.0,0.0,391.0,167.0,702.0,290.0
1.0,2963.0,1111.0,579.0,0.0,464.0,464.0,406.0,173.0,780.0,331.0
1.0,1852.0,629.0,591.0,0.0,1141.0,1141.0,414.0,177.0,435.0,194.0
1.0,1223.0,65.0,583.0,464.0,710.0,710.0,408.0,175.0,36.0,29.0
1.0,1622.0,0.0,565.0,1141.0,0.0,0.0,395.0,170.0,0.0,0.0
1.0,2763.0,582.0,555.0,710.0,0.0,0.0,388.0,167.0,415.0,167.0
1.0,2891.0,1226.0,565.0,0.0,595.0,595.0,396.0,169.0,864.0,362.0
1.0,1665.0,1305.0,586.0,0.0,1984.0,1984.0,411.0,175.0,912.0,393.0
1.0,360.0,740.0,598.0,595.0,2177.0,2177.0,419.0,179.0,512.0,228.0
1.0,215.0,131.0,589.0,1984.0,288.0,288.0,412.0,177.0,84.0,47.0
1.0,2068.0,83.0,571.0,2177.0,0.0,0.0,399.0,172.0,59.0,24.0
1.0,4162.0,590.0,562.0,288.0,0.0,0.0,393.0,169.0,420.0,170.0
1.0,3860.0,1125.0,574.0,0.0,0.0,0.0,402.0,172.0,795.0,330.0
1.0,2735.0,1102.0,595.0,0.0,747.0,747.0,417.0,178.0,773.0,329.0
1.0,1633.0,562.0,607.0,0.0,1357.0,1357.0,425.0,182.0,387.0,175.0
1.0,1071.0,13.0,599.0,747.0,591.0,591.0,419.0,180.0,1.0,12.0
1.0,1805.0,2.0,581.0,1357.0,0.0,0.0,406.0,175.0,0.0,2.0
1.0,3160.0,543.0,572.0,591.0,0.0,0.0,400.0,172.0,385.0,158.0
1.0,3208.0,1158.0,580.0,0.0,270.0,270.0,406.0,174.0,818.0,340.0
1.0,2050.0,1286.0,601.0,0.0,1640.0,1640.0,421.0,180.0,904.0,382.0
1.0,764.0,823.0,613.0,270.0,2241.0,2241.0,429.0,184.0,571.0,252.0
1.0,211.0,171.0,606.0,1640.0,744.0,744.0,424.0,182.0,111.0,60.0
1.0,1680.0,0.0,586.0,2241.0,0.0,0.0,410.0,176.0,0.0,0.0
1.0,3921.0,411.0,574.0,744.0,0.0,0.0,402.0,172.0,293.0,118.0
1.0,4254.0,1075.0,582.0,0.0,0.0,0.0,408.0,174.0,759.0,316.0
1.0,3179.0,1282.0,604.0,0.0,519.0,519.0,423.0,181.0,897.0,385.0
1.0,1897.0,787.0,620.0,0.0,1370.0,1370.0,434.0,186.0,545.0,242.0
1.0,1110.0,106.0,613.0,519.0,929.0,929.0,429.0,184.0,67.0,39.0
1.0,1523.0,0.0,596.0,1370.0,0.0,0.0,417.0,179.0,0.0,0.0
1.0,2893.0,353.0,585.0,929.0,0.0,0.0,409.0,176.0,253.0,100.0
1.0,3469.0,919.0,591.0,0.0,0.0,0.0,414.0,177.0,649.0,270.0
1.0,2550.0,1163.0,610.0,0.0,1053.0,1053.0,427.0,183.0,815.0,348.0
1.0,1387.0,811.0,622.0,0.0,1912.0,1912.0,436.0,186.0,562.0,249.0
1.0,576.0,299.0,615.0,1053.0,1130.0,1130.0,430.0,185.0,203.0,96.0
1.0,1330.0,180.0,597.0,1912.0,0.0,0.0,418.0,179.0,128.0,52.0
1.0,3062.0,612.0,587.0,1130.0,0.0,0.0,411.0,176.0,437.0,175.0
1.0,3580.0,1089.0,595.0,0.0,0.0,0.0,417.0,178.0,769.0,320.0
1.0,2491.0,1128.0,614.0,0.0,1093.0,1093.0,430.0,184.0,786.0,342.0
1.0,1363.0,606.0,625.0,0.0,1743.0,1743.0,438.0,187.0,414.0,192.0
1.0,757.0,0.0,616.0,1093.0,614.0,614.0,431.0,185.0,0.0,0.0
1.0,1850.0,0.0,597.0,1743.0,0.0,0.0,418.0,179.0,0.0,0.0
1.0,3593.0,433.0,586.0,614.0,0.0,0.0,410.0,176.0,309.0,124.0
1.0,3774.0,995.0,594.0,0.0,0.0,0.0,416.0,178.0,701.0,294.0
1.0,2779.0,1131.0,616.0,0.0,816.0,816.0,431.0,185.0,790.0,341.0
1.0,1648.0,790.0,630.0,0.0,1662.0,1662.0,441.0,189.0,546.0,244.0
1.0,858.0,279.0,623.0,816.0,1097.0,1097.0,436.0,187.0,190.0,89.0
1.0,1395.0,175.0,603.0,1662.0,0.0,0.0,422.0,181.0,125.0,50.0
1.0,2882.0,629.0,592.0,1097.0,0.0,0.0,414.0,178.0,449.0,180.0
1.0,3350.0,1194.0,601.0,0.0,248.0,248.0,421.0,180.0,839.0,355.0
1.0,2156.0,1171.0,620.0,0.0,1495.0,1495.0,434.0,186.0,817.0,354.0
1.0,985.0,632.0,633.0,248.0,1931.0,1931.0,443.0,190.0,435.0,197.0
1.0,601.0,121.0,627.0,1495.0,533.0,533.0,439.0,188.0,81.0,40.0
1.0,1975.0,100.0,610.0,1931.0,0.0,0.0,427.0,183.0,71.0,29.0
1.0,3806.0,535.0,599.0,533.0,0.0,0.0,419.0,180.0,380.0,155.0
1.0,3804.0,1009.0,606.0,0.0,0.0,0.0,424.0,182.0,712.0,297.0
1.0,2795.0,1057.0,625.0,0.0,762.0,762.0,438.0,187.0,740.0,317.0
1.0,1738.0,743.0,640.0,0.0,1565.0,1565.0,448.0,192.0,514.0,229.0
1.0,995.0,348.0,635.0,762.0,1131.0,1131.0,444.0,191.0,237.0,111.0
1.0,1409.0,229.0,616.0,1565.0,0.0,0.0,431.0,185.0,160.0,69.0
1.0,2745.0,630.0,603.0,1131.0,0.0,0.0,422.0,181.0,446.0,184.0
1.0,3246.0,1102.0,610.0,0.0,296.0,296.0,427.0,183.0,778.0,324.0
1.0,2144.0,1181.0,630.0,0.0,1557.0,1557.0,441.0,189.0,828.0,353.0
1.0,963.0,756.0,643.0,296.0,2069.0,2069.0,450.0,193.0,524.0,232.0
1.0,503.0,221.0,636.0,1557.0,705.0,705.0,445.0,191.0,148.0,73.0
1.0,1839.0,39.0,615.0,2069.0,0.0,0.0,430.0,185.0,25.0,14.0
1.0,3869.0,401.0,602.0,705.0,0.0,0.0,421.0,181.0,286.0,115.0
1.0,4173.0,901.0,608.0,0.0,0.0,0.0,426.0,182.0,637.0,264.0
1.0,3272.0,1010.0,627.0,0.0,246.0,246.0,439.0,188.0,711.0,299.0
1.0,2262.0,709.0,641.0,0.0,1011.0,1011.0,449.0,192.0,491.0,218.0
1.0,1553.0,337.0,637.0,246.0,1086.0,1086.0,446.0,191.0,228.0,109.0
1.0,1462.0,258.0,619.0,1011.0,261.0,261.0,433.0,186.0,179.0,79.0
1.0,2215.0,567.0,606.0,1086.0,0.0,0.0,424.0,182.0,402.0,165.0
1.0,2734.0,1051.0,610.0,261.0,496.0,496.0,427.0,183.0,744.0,307.0
1.0,1944.0,1165.0,630.0,0.0,1741.0,1741.0,441.0,189.0,817.0,348.0
1.0,779.0,818.0,645.0,496.0,2123.0,2123.0,452.0,193.0,567.0,251.0
1.0,457.0,403.0,645.0,1741.0,785.0,785.0,451.0,194.0,273.0,130.0
1.0,1795.0,221.0,629.0,2123.0,0.0,0.0,440.0,189.0,151.0,70.0
1.0,3697.0,435.0,612.0,785.0,0.0,0.0,428.0,184.0,310.0,125.0
1.0,4047.0,792.0,613.0,0.0,0.0,0.0,429.0,184.0,564.0,228.0
1.0,3255.0,930.0,628.0,0.0,187.0,187.0,440.0,188.0,655.0,275.0
1.0,2325.0,719.0,642.0,0.0,962.0,962.0,450.0,192.0,498.0,221.0
1.0,1606.0,345.0,642.0,187.0,1120.0,1120.0,449.0,193.0,232.0,113.0
1.0,1448.0,261.0,629.0,962.0,367.0,367.0,440.0,189.0,180.0,81.0
1.0,2149.0,571.0,617.0,1120.0,0.0,0.0,432.0,185.0,408.0,163.0
1.0,2698.0,989.0,621.0,367.0,408.0,408.0,435.0,186.0,702.0,287.0
1.0,2076.0,1085.0,637.0,0.0,1557.0,1557.0,446.0,191.0,761.0,324.0
1.0,991.0,844.0,649.0,408.0,2041.0,2041.0,454.0,195.0,584.0,260.0
1.0,555.0,449.0,646.0,1557.0,921.0,921.0,452.0,194.0,306.0,143.0
1.0,1663.0,295.0,631.0,2041.0,0.0,0.0,441.0,190.0,205.0,90.0
1.0,3409.0,475.0,618.0,921.0,0.0,0.0,432.0,186.0,339.0,136.0
1.0,3855.0,906.0,624.0,0.0,0.0,0.0,437.0,187.0,642.0,264.0
1.0,2949.0,1080.0,644.0,0.0,707.0,707.0,451.0,193.0,757.0,323.0
1.0,1869.0,744.0,659.0,0.0,1511.0,1511.0,461.0,198.0,514.0,230.0
1.0,1125.0,252.0,656.0,707.0,1044.0,1044.0,459.0,197.0,170.0,82.0
1.0,1580.0,90.0,638.0,1511.0,0.0,0.0,446.0,192.0,61.0,29.0
1.0,3001.0,428.0,624.0,1044.0,0.0,0.0,437.0,187.0,304.0,124.0
1.0,3617.0,949.0,627.0,0.0,0.0,0.0,439.0,188.0,671.0,278.0
1.0,2668.0,1144.0,644.0,0.0,1052.0,1052.0,451.0,193.0,803.0,341.0
1.0,1524.0,905.0,658.0,0.0,2013.0,2013.0,461.0,197.0,629.0,276.0
1.0,619.0,462.0,655.0,1052.0,1411.0,1411.0,458.0,197.0,317.0,145.0
1.0,1209.0,277.0,637.0,2013.0,0.0,0.0,446.0,191.0,195.0,82.0
1.0,2945.0,492.0,624.0,1411.0,0.0,0.0,437.0,187.0,350.0,142.0
1.0,3864.0,842.0,628.0,0.0,0.0,0.0,440.0,188.0,593.0,249.0
1.0,3022.0,1050.0,647.0,0.0,616.0,616.0,453.0,194.0,734.0,316.0
1.0,1972.0,779.0,660.0,0.0,1447.0,1447.0,462.0,198.0,541.0,238.0
1.0,1193.0,336.0,656.0,616.0,1151.0,1151.0,459.0,197.0,232.0,104.0
1.0,1473.0,194.0,640.0,1447.0,0.0,0.0,448.0,192.0,138.0,56.0
1.0,2726.0,459.0,628.0,1151.0,0.0,0.0,440.0,188.0,327.0,132.0
1.0,3418.0,874.0,631.0,0.0,0.0,0.0,442.0,189.0,614.0,260.0
1.0,2544.0,1123.0,645.0,0.0,1159.0,1159.0,452.0,193.0,784.0,339.0
1.0,1421.0,980.0,660.0,0.0,2199.0,2199.0,462.0,198.0,680.0,300.0
1.0,441.0,580.0,659.0,1159.0,1616.0,1616.0,461.0,198.0,402.0,178.0
1.0,1020.0,338.0,644.0,2199.0,0.0,0.0,451.0,193.0,240.0,98.0
1.0,2881.0,552.0,633.0,1616.0,0.0,0.0,443.0,190.0,395.0,157.0
1.0,3945.0,955.0,637.0,0.0,0.0,0.0,446.0,191.0,671.0,284.0
1.0,2990.0,1096.0,653.0,0.0,718.0,718.0,457.0,196.0,762.0,334.0
1.0,1894.0,815.0,668.0,0.0,1593.0,1593.0,468.0,200.0,561.0,254.0
1.0,1079.0,325.0,666.0,718.0,1192.0,1192.0,466.0,200.0,224.0,101.0
1.0,1472.0,110.0,651.0,1593.0,0.0,0.0,456.0,195.0,83.0,27.0
1.0,2955.0,440.0,640.0,1192.0,0.0,0.0,448.0,192.0,317.0,123.0
1.0,3707.0,926.0,644.0,0.0,0.0,0.0,451.0,193.0,651.0,275.0
1.0,2781.0,1123.0,660.0,0.0,982.0,982.0,462.0,198.0,780.0,343.0
1.0,1658.0,879.0,671.0,0.0,1905.0,1905.0,470.0,201.0,608.0,271.0
1.0,779.0,514.0,670.0,982.0,1433.0,1433.0,469.0,201.0,357.0,157.0
1.0,1247.0,376.0,657.0,1905.0,0.0,0.0,460.0,197.0,268.0,108.0
1.0,2776.0,647.0,647.0,1433.0,0.0,0.0,453.0,194.0,463.0,184.0
1.0,3562.0,992.0,651.0,0.0,34.0,34.0,456.0,195.0,700.0,292.0
1.0,2570.0,1041.0,664.0,0.0,1127.0,1127.0,465.0,199.0,723.0,318.0
1.0,1529.0,740.0,673.0,34.0,1869.0,1869.0,471.0,202.0,508.0,232.0
1.0,823.0,389.0,673.0,1127.0,1131.0,1131.0,471.0,202.0,266.0,123.0
1.0,1561.0,294.0,663.0,1869.0,0.0,0.0,464.0,199.0,211.0,83.0
1.0,3136.0,511.0,654.0,1131.0,0.0,0.0,458.0,196.0,369.0,142.0
1.0,3756.0,886.0,658.0,0.0,0.0,0.0,461.0,197.0,625.0,261.0
1.0,2870.0,977.0,670.0,0.0,787.0,787.0,469.0,201.0,679.0,298.0
1.0,1893.0,805.0,680.0,0.0,1632.0,1632.0,476.0,204.0,552.0,253.0
1.0,1088.0,515.0,679.0,787.0,1356.0,1356.0,475.0,204.0,354.0,161.0
1.0,1360.0,442.0,669.0,1632.0,126.0,126.0,468.0,201.0,316.0,126.0
1.0,2550.0,644.0,660.0,1356.0,0.0,0.0,462.0,198.0,465.0,179.0
1.0,3262.0,925.0,662.0,126.0,185.0,185.0,464.0,198.0,654.0,271.0
1.0,2463.0,1100.0,674.0,0.0,1333.0,1333.0,472.0,202.0,762.0,338.0
1.0,1363.0,923.0,687.0,185.0,2123.0,2123.0,481.0,206.0,633.0,290.0
1.0,625.0,508.0,687.0,1333.0,1298.0,1298.0,481.0,206.0,348.0,160.0
1.0,1450.0,190.0,673.0,2123.0,0.0,0.0,471.0,202.0,140.0,50.0
1.0,3383.0,309.0,659.0,1298.0,0.0,0.0,461.0,198.0,231.0,78.0
1.0,4372.0,759.0,659.0,0.0,0.0,0.0,462.0,197.0,540.0,219.0
1.0,3613.0,1124.0,675.0,0.0,211.0,211.0,473.0,202.0,779.0,345.0
1.0,2489.0,1002.0,693.0,0.0,1285.0,1285.0,485.0,208.0,686.0,316.0
1.0,1487.0,573.0,696.0,211.0,1659.0,1659.0,487.0,209.0,392.0,181.0
1.0,1125.0,286.0,683.0,1285.0,608.0,608.0,478.0,205.0,208.0,78.0
1.0,2124.0,441.0,670.0,1659.0,0.0,0.0,469.0,201.0,325.0,116.0
1.0,3342.0,891.0,669.0,608.0,0.0,0.0,469.0,200.0,632.0,259.0
1.0,3059.0,1136.0,682.0,0.0,805.0,805.0,478.0,204.0,787.0,349.0
1.0,1923.0,998.0,696.0,0.0,1859.0,1859.0,487.0,209.0,682.0,316.0
1.0,925.0,552.0,698.0,805.0,1614.0,1614.0,488.0,210.0,378.0,174.0
1.0,1178.0,290.0,687.0,1859.0,1.0,1.0,481.0,206.0,211.0,79.0
1.0,2747.0,414.0,674.0,1614.0,0.0,0.0,472.0,202.0,305.0,109.0
1.0,3947.0,833.0,675.0,1.0,0.0,0.0,473.0,202.0,593.0,240.0
1.0,3115.0,1028.0,689.0,0.0,669.0,669.0,483.0,206.0,714.0,314.0
1.0,2087.0,826.0,701.0,0.0,1543.0,1543.0,491.0,210.0,563.0,263.0
1.0,1261.0,412.0,700.0,669.0,1282.0,1282.0,490.0,210.0,279.0,133.0
1.0,1518.0,190.0,687.0,1543.0,0.0,0.0,481.0,206.0,139.0,51.0
1.0,2871.0,481.0,674.0,1282.0,0.0,0.0,472.0,202.0,352.0,129.0
1.0,3672.0,1014.0,675.0,0.0,42.0,42.0,473.0,202.0,719.0,295.0
1.0,2658.0,1266.0,688.0,0.0,1360.0,1360.0,482.0,206.0,880.0,386.0
1.0,1392.0,1066.0,703.0,42.0,2444.0,2444.0,492.0,211.0,729.0,337.0
1.0,368.0,587.0,703.0,1360.0,1671.0,1671.0,492.0,211.0,400.0,187.0
1.0,1141.0,275.0,690.0,2444.0,0.0,0.0,483.0,207.0,199.0,76.0
1.0,3310.0,372.0,676.0,1671.0,0.0,0.0,473.0,203.0,278.0,94.0
1.0,4609.0,733.0,675.0,0.0,0.0,0.0,473.0,202.0,524.0,209.0
1.0,3876.0,1009.0,688.0,0.0,0.0,0.0,482.0,206.0,701.0,308.0
1.0,2867.0,928.0,703.0,0.0,873.0,873.0,492.0,211.0,633.0,295.0
1.0,1939.0,545.0,705.0,0.0,1426.0,1426.0,493.0,212.0,370.0,175.0
1.0,1394.0,234.0,692.0,873.0,735.0,735.0,484.0,208.0,169.0,65.0
1.0,2033.0,388.0,678.0,1426.0,0.0,0.0,475.0,203.0,287.0,101.0
1.0,3071.0,817.0,677.0,735.0,0.0,0.0,474.0,203.0,585.0,232.0
1.0,2989.0,1177.0,689.0,0.0,944.0,944.0,483.0,206.0,822.0,355.0
1.0,1812.0,1072.0,703.0,0.0,2072.0,2072.0,492.0,211.0,735.0,337.0
1.0,740.0,682.0,703.0,944.0,1810.0,1810.0,492.0,211.0,464.0,218.0
1.0,1002.0,431.0,693.0,2072.0,129.0,129.0,485.0,208.0,302.0,129.0
1.0,2643.0,507.0,683.0,1810.0,0.0,0.0,478.0,205.0,370.0,137.0
1.0,3946.0,857.0,685.0,129.0,0.0,0.0,480.0,205.0,613.0,244.0
1.0,3218.0,1056.0,698.0,0.0,630.0,630.0,489.0,209.0,737.0,319.0
1.0,2162.0,889.0,709.0,0.0,1563.0,1563.0,496.0,213.0,608.0,281.0
1.0,1273.0,442.0,708.0,630.0,1371.0,1371.0,495.0,213.0,297.0,145.0
1.0,1461.0,146.0,694.0,1563.0,0.0,0.0,485.0,209.0,103.0,43.0
1.0,2878.0,411.0,683.0,1371.0,0.0,0.0,478.0,205.0,302.0,109.0
1.0,3838.0,935.0,685.0,0.0,0.0,0.0,480.0,205.0,668.0,267.0
1.0,2903.0,1153.0,698.0,0.0,1042.0,1042.0,489.0,209.0,805.0,348.0
1.0,1750.0,962.0,707.0,0.0,2040.0,2040.0,495.0,212.0,658.0,304.0
1.0,788.0,611.0,706.0,1042.0,1605.0,1605.0,494.0,212.0,416.0,195.0
1.0,1219.0,474.0,698.0,2040.0,7.0,7.0,488.0,210.0,335.0,139.0
1.0,2785.0,628.0,689.0,1605.0,0.0,0.0,482.0,207.0,453.0,175.0
1.0,3762.0,901.0,688.0,7.0,0.0,0.0,482.0,206.0,641.0,260.0
1.0,2868.0,1020.0,698.0,0.0,944.0,944.0,489.0,209.0,712.0,308.0
1.0,1848.0,836.0,711.0,0.0,1832.0,1832.0,498.0,213.0,571.0,265.0
1.0,1012.0,519.0,715.0,944.0,1423.0,1423.0,500.0,215.0,352.0,167.0
1.0,1437.0,270.0,705.0,1832.0,0.0,0.0,493.0,212.0,192.0,78.0
1.0,2999.0,367.0,691.0,1423.0,0.0,0.0,484.0,207.0,270.0,97.0
1.0,4055.0,848.0,688.0,0.0,0.0,0.0,482.0,206.0,605.0,243.0
1.0,3207.0,1128.0,699.0,0.0,717.0,717.0,490.0,209.0,788.0,340.0
1.0,2079.0,983.0,713.0,0.0,1756.0,1756.0,499.0,214.0,675.0,308.0
1.0,1096.0,633.0,716.0,717.0,1684.0,1684.0,501.0,215.0,433.0,200.0
1.0,1180.0,420.0,707.0,1756.0,312.0,312.0,494.0,213.0,297.0,123.0
1.0,2516.0,617.0,697.0,1684.0,0.0,0.0,488.0,209.0,445.0,172.0
1.0,3583.0,980.0,696.0,312.0,0.0,0.0,488.0,208.0,696.0,284.0
1.0,2915.0,1133.0,708.0,0.0,1050.0,1050.0,496.0,212.0,788.0,345.0
1.0,1782.0,861.0,719.0,0.0,1955.0,1955.0,503.0,216.0,588.0,273.0
1.0,921.0,362.0,718.0,1050.0,1263.0,1263.0,502.0,216.0,245.0,117.0
1.0,1609.0,123.0,704.0,1955.0,0.0,0.0,492.0,212.0,91.0,32.0
1.0,3441.0,367.0,692.0,1263.0,0.0,0.0,484.0,208.0,270.0,97.0
1.0,4337.0,906.0,692.0,0.0,0.0,0.0,485.0,207.0,644.0,262.0
1.0,3431.0,1265.0,709.0,0.0,670.0,670.0,497.0,212.0,881.0,384.0
1.0,2166.0,1086.0,727.0,0.0,1828.0,1828.0,509.0,218.0,748.0,338.0
1.0,1080.0,561.0,728.0,670.0,1723.0,1723.0,509.0,219.0,382.0,179.0
1.0,1189.0,185.0,712.0,1828.0,16.0,16.0,498.0,214.0,131.0,54.0
1.0,2832.0,371.0,695.0,1723.0,0.0,0.0,486.0,209.0,272.0,99.0
1.0,4184.0,1043.0,694.0,16.0,0.0,0.0,486.0,208.0,742.0,301.0
1.0,3157.0,1482.0,712.0,0.0,1173.0,1173.0,499.0,213.0,1037.0,445.0
1.0,1675.0,1262.0,731.0,0.0,2511.0,2511.0,512.0,219.0,872.0,390.0
1.0,413.0,538.0,733.0,1173.0,1884.0,1884.0,513.0,220.0,364.0,174.0
1.0,1048.0,16.0,720.0,2511.0,0.0,0.0,503.0,217.0,11.0,5.0
1.0,3543.0,180.0,704.0,1884.0,0.0,0.0,493.0,211.0,137.0,43.0
1.0,5247.0,775.0,701.0,0.0,0.0,0.0,491.0,210.0,555.0,220.0
1.0,4472.0,1324.0,716.0,0.0,0.0,0.0,502.0,214.0,928.0,396.0
1.0,3148.0,1266.0,736.0,0.0,1062.0,1062.0,515.0,221.0,873.0,393.0
1.0,1882.0,629.0,741.0,0.0,1711.0,1711.0,518.0,223.0,426.0,203.0
1.0,1253.0,104.0,727.0,1062.0,697.0,697.0,508.0,219.0,73.0,31.0
1.0,2211.0,226.0,709.0,1711.0,0.0,0.0,496.0,213.0,173.0,53.0
1.0,3696.0,912.0,705.0,697.0,0.0,0.0,494.0,211.0,654.0,258.0
1.0,3481.0,1432.0,719.0,0.0,827.0,827.0,504.0,215.0,1002.0,430.0
1.0,2049.0,1337.0,737.0,0.0,2236.0,2236.0,516.0,221.0,920.0,417.0
1.0,712.0,729.0,742.0,827.0,2158.0,2158.0,519.0,223.0,493.0,236.0
1.0,810.0,169.0,728.0,2236.0,35.0,35.0,509.0,219.0,117.0,52.0
1.0,2877.0,127.0,710.0,2158.0,0.0,0.0,497.0,213.0,108.0,19.0
1.0,4908.0,674.0,707.0,35.0,0.0,0.0,495.0,212.0,489.0,185.0
1.0,4269.0,1276.0,722.0,0.0,0.0,0.0,506.0,216.0,894.0,382.0
1.0,2993.0,1260.0,744.0,0.0,1243.0,1243.0,521.0,223.0,864.0,396.0
1.0,1733.0,663.0,749.0,0.0,1926.0,1926.0,524.0,225.0,447.0,216.0
1.0,1070.0,192.0,734.0,1243.0,815.0,815.0,513.0,221.0,135.0,57.0
1.0,2121.0,342.0,719.0,1926.0,0.0,0.0,503.0,216.0,257.0,85.0
1.0,3705.0,963.0,719.0,815.0,0.0,0.0,504.0,215.0,692.0,271.0
1.0,3557.0,1448.0,735.0,0.0,831.0,831.0,515.0,220.0,1011.0,437.0
1.0,2109.0,1375.0,753.0,0.0,2278.0,2278.0,527.0,226.0,943.0,432.0
1.0,734.0,741.0,755.0,831.0,2196.0,2196.0,528.0,227.0,503.0,238.0
1.0,824.0,132.0,739.0,2278.0,0.0,0.0,517.0,222.0,96.0,36.0
1.0,2970.0,178.0,723.0,2196.0,0.0,0.0,506.0,217.0,142.0,36.0
1.0,4988.0,730.0,721.0,0.0,0.0,0.0,505.0,216.0,526.0,204.0
1.0,4258.0,1223.0,735.0,0.0,0.0,0.0,515.0,220.0,854.0,369.0
1.0,3035.0,1218.0,753.0,0.0,1195.0,1195.0,527.0,226.0,835.0,383.0
1.0,1817.0,692.0,759.0,0.0,1911.0,1911.0,531.0,228.0,470.0,222.0
1.0,1125.0,164.0,746.0,1195.0,828.0,828.0,522.0,224.0,117.0,47.0
1.0,2156.0,152.0,727.0,1911.0,0.0,0.0,509.0,218.0,123.0,29.0
1.0,3915.0,725.0,722.0,828.0,0.0,0.0,506.0,216.0,520.0,205.0
1.0,4018.0,1295.0,735.0,0.0,217.0,217.0,515.0,220.0,904.0,391.0
1.0,2723.0,1320.0,753.0,0.0,1609.0,1609.0,527.0,226.0,909.0,411.0
1.0,1403.0,833.0,756.0,217.0,2237.0,2237.0,529.0,227.0,571.0,262.0
1.0,787.0,324.0,744.0,1609.0,904.0,904.0,520.0,224.0,230.0,94.0
1.0,2072.0,289.0,727.0,2237.0,0.0,0.0,509.0,218.0,219.0,70.0
1.0,4020.0,767.0,726.0,904.0,0.0,0.0,509.0,217.0,549.0,218.0
1.0,4157.0,1211.0,742.0,0.0,22.0,22.0,520.0,222.0,844.0,367.0
1.0,2946.0,1141.0,761.0,0.0,1239.0,1239.0,533.0,228.0,781.0,360.0
1.0,1805.0,699.0,768.0,22.0,1944.0,1944.0,537.0,231.0,475.0,224.0
1.0,1128.0,245.0,755.0,1239.0,898.0,898.0,528.0,227.0,175.0,70.0
1.0,2122.0,259.0,736.0,1944.0,0.0,0.0,515.0,221.0,199.0,60.0
1.0,3807.0,745.0,730.0,898.0,0.0,0.0,511.0,219.0,536.0,209.0
1.0,3960.0,1239.0,742.0,0.0,247.0,247.0,520.0,222.0,864.0,375.0
1.0,2721.0,1264.0,764.0,0.0,1599.0,1599.0,535.0,229.0,868.0,396.0
1.0,1457.0,782.0,772.0,247.0,2166.0,2166.0,540.0,232.0,534.0,248.0
1.0,922.0,324.0,758.0,1599.0,835.0,835.0,530.0,228.0,230.0,94.0
1.0,2197.0,358.0,736.0,2166.0,0.0,0.0,515.0,221.0,267.0,91.0
1.0,4005.0,865.0,728.0,835.0,0.0,0.0,510.0,218.0,619.0,246.0
1.0,3975.0,1338.0,744.0,0.0,339.0,339.0,521.0,223.0,932.0,406.0
1.0,2637.0,1236.0,767.0,0.0,1667.0,1667.0,537.0,230.0,847.0,389.0
1.0,1401.0,639.0,776.0,339.0,2003.0,2003.0,543.0,233.0,435.0,204.0
1.0,1101.0,123.0,764.0,1667.0,411.0,411.0,534.0,230.0,90.0,33.0
1.0,2645.0,220.0,742.0,2003.0,0.0,0.0,519.0,223.0,170.0,50.0
1.0,4428.0,861.0,734.0,411.0,0.0,0.0,514.0,220.0,616.0,245.0
1.0,3978.0,1422.0,749.0,0.0,440.0,440.0,525.0,224.0,994.0,428.0
1.0,2556.0,1314.0,773.0,0.0,1850.0,1850.0,541.0,232.0,902.0,412.0
1.0,1242.0,692.0,782.0,440.0,2138.0,2138.0,547.0,235.0,469.0,223.0
1.0,990.0,236.0,769.0,1850.0,472.0,472.0,538.0,231.0,169.0,67.0
1.0,2604.0,378.0,749.0,2138.0,0.0,0.0,524.0,225.0,282.0,96.0
1.0,4364.0,961.0,741.0,472.0,0.0,0.0,519.0,222.0,686.0,275.0
1.0,3875.0,1440.0,755.0,0.0,585.0,585.0,529.0,226.0,1005.0,435.0
1.0,2435.0,1305.0,777.0,0.0,1978.0,1978.0,544.0,233.0,897.0,408.0
1.0,1130.0,656.0,788.0,585.0,2093.0,2093.0,551.0,237.0,444.0,212.0
1.0,1059.0,173.0,778.0,1978.0,248.0,248.0,544.0,234.0,125.0,48.0
1.0,2864.0,187.0,756.0,2093.0,0.0,0.0,529.0,227.0,149.0,38.0
1.0,4770.0,747.0,747.0,248.0,0.0,0.0,523.0,224.0,538.0,209.0
1.0,4271.0,1379.0,761.0,0.0,152.0,152.0,533.0,228.0,962.0,417.0
1.0,2892.0,1361.0,783.0,0.0,1601.0,1601.0,548.0,235.0,933.0,428.0
1.0,1531.0,792.0,792.0,152.0,2277.0,2277.0,554.0,238.0,538.0,254.0
1.0,891.0,322.0,779.0,1601.0,946.0,946.0,545.0,234.0,230.0,92.0
1.0,2170.0,378.0,759.0,2277.0,0.0,0.0,531.0,228.0,287.0,91.0
1.0,4069.0,872.0,749.0,946.0,0.0,0.0,525.0,224.0,627.0,245.0
1.0,4143.0,1374.0,761.0,0.0,275.0,275.0,533.0,228.0,957.0,417.0
1.0,2769.0,1302.0,784.0,0.0,1669.0,1669.0,549.0,235.0,887.0,415.0
1.0,1467.0,668.0,793.0,275.0,2098.0,2098.0,555.0,238.0,451.0,217.0
1.0,1074.0,173.0,782.0,1669.0,558.0,558.0,547.0,235.0,127.0,46.0
1.0,2570.0,225.0,763.0,2098.0,0.0,0.0,534.0,229.0,181.0,44.0
1.0,4443.0,702.0,754.0,558.0,0.0,0.0,528.0,226.0,508.0,194.0
1.0,4299.0,1168.0,762.0,0.0,0.0,0.0,534.0,228.0,811.0,357.0
1.0,3131.0,1218.0,783.0,0.0,1219.0,1219.0,548.0,235.0,831.0,387.0
1.0,1913.0,827.0,795.0,0.0,2094.0,2094.0,556.0,239.0,562.0,265.0
1.0,1086.0,383.0,789.0,1219.0,1234.0,1234.0,552.0,237.0,273.0,110.0
1.0,1922.0,412.0,772.0,2094.0,0.0,0.0,540.0,232.0,310.0,102.0
1.0,3604.0,886.0,764.0,1234.0,0.0,0.0,535.0,229.0,638.0,248.0
1.0,3952.0,1314.0,773.0,0.0,454.0,454.0,542.0,231.0,917.0,397.0
1.0,2638.0,1251.0,791.0,0.0,1777.0,1777.0,554.0,237.0,852.0,399.0
1.0,1387.0,753.0,800.0,454.0,2112.0,2112.0,559.0,241.0,506.0,247.0
1.0,1088.0,394.0,793.0,1777.0,701.0,701.0,554.0,239.0,280.0,114.0
1.0,2471.0,394.0,777.0,2112.0,0.0,0.0,544.0,233.0,302.0,92.0
1.0,4189.0,730.0,769.0,701.0,0.0,0.0,539.0,230.0,530.0,200.0
1.0,4160.0,1038.0,776.0,0.0,0.0,0.0,544.0,232.0,721.0,317.0
1.0,3122.0,1028.0,791.0,0.0,1070.0,1070.0,554.0,237.0,696.0,332.0
1.0,2094.0,772.0,801.0,0.0,1882.0,1882.0,560.0,241.0,521.0,251.0
1.0,1322.0,443.0,794.0,1070.0,1227.0,1227.0,555.0,239.0,313.0,130.0
1.0,1949.0,452.0,779.0,1882.0,0.0,0.0,545.0,234.0,340.0,112.0
1.0,3379.0,805.0,771.0,1227.0,0.0,0.0,540.0,231.0,584.0,221.0
1.0,3801.0,1241.0,779.0,0.0,556.0,556.0,546.0,233.0,865.0,376.0
1.0,2560.0,1188.0,796.0,0.0,1812.0,1812.0,557.0,239.0,809.0,379.0
1.0,1372.0,852.0,805.0,556.0,2144.0,2144.0,563.0,242.0,576.0,276.0
1.0,1076.0,521.0,798.0,1812.0,825.0,825.0,558.0,240.0,367.0,154.0
1.0,2367.0,476.0,782.0,2144.0,0.0,0.0,547.0,235.0,356.0,120.0
1.0,4035.0,725.0,772.0,825.0,0.0,0.0,541.0,231.0,528.0,197.0
1.0,4135.0,1006.0,779.0,0.0,0.0,0.0,546.0,233.0,703.0,303.0
1.0,3129.0,1014.0,797.0,0.0,1073.0,1073.0,558.0,239.0,688.0,326.0
1.0,2115.0,796.0,808.0,0.0,1913.0,1913.0,565.0,243.0,538.0,258.0
1.0,1319.0,558.0,802.0,1073.0,1374.0,1374.0,561.0,241.0,393.0,165.0
1.0,1834.0,525.0,785.0,1913.0,0.0,0.0,549.0,236.0,389.0,136.0
1.0,3222.0,760.0,774.0,1374.0,0.0,0.0,542.0,232.0,548.0,212.0
1.0,3836.0,1055.0,781.0,0.0,343.0,343.0,547.0,234.0,733.0,322.0
1.0,2781.0,1102.0,798.0,0.0,1513.0,1513.0,559.0,239.0,750.0,352.0
1.0,1679.0,971.0,809.0,343.0,2185.0,2185.0,566.0,243.0,665.0,306.0
1.0,1051.0,708.0,804.0,1513.0,1360.0,1360.0,562.0,242.0,502.0,206.0
1.0,1856.0,615.0,789.0,2185.0,0.0,0.0,552.0,237.0,453.0,162.0
1.0,3426.0,744.0,778.0,1360.0,0.0,0.0,545.0,233.0,537.0,207.0
1.0,4042.0,925.0,783.0,0.0,15.0,15.0,549.0,234.0,641.0,284.0
1.0,3117.0,958.0,798.0,0.0,1033.0,1033.0,559.0,239.0,647.0,311.0
1.0,2159.0,817.0,810.0,15.0,1883.0,1883.0,566.0,244.0,554.0,263.0
1.0,1357.0,586.0,807.0,1033.0,1424.0,1424.0,564.0,243.0,416.0,170.0
1.0,1804.0,538.0,790.0,1883.0,11.0,11.0,553.0,237.0,399.0,139.0
1.0,3149.0,750.0,779.0,1424.0,0.0,0.0,546.0,233.0,543.0,207.0
1.0,3823.0,1013.0,783.0,11.0,311.0,311.0,549.0,234.0,705.0,308.0
1.0,2821.0,1190.0,800.0,0.0,1569.0,1569.0,560.0,240.0,812.0,378.0
1.0,1631.0,1070.0,813.0,311.0,2380.0,2380.0,569.0,244.0,732.0,338.0
1.0,872.0,805.0,812.0,1569.0,1612.0,1612.0,568.0,244.0,566.0,239.0
1.0,1636.0,639.0,798.0,2380.0,0.0,0.0,558.0,240.0,468.0,171.0
1.0,3377.0,655.0,785.0,1612.0,0.0,0.0,550.0,235.0,477.0,178.0
1.0,4334.0,897.0,790.0,0.0,0.0,0.0,554.0,236.0,625.0,272.0
1.0,3437.0,999.0,805.0,0.0,782.0,782.0,564.0,241.0,677.0,322.0
1.0,2438.0,863.0,818.0,0.0,1697.0,1697.0,572.0,246.0,586.0,277.0
1.0,1575.0,629.0,817.0,782.0,1540.0,1540.0,571.0,246.0,443.0,186.0
1.0,1728.0,561.0,805.0,1697.0,356.0,356.0,563.0,242.0,416.0,145.0
1.0,2864.0,728.0,795.0,1540.0,0.0,0.0,557.0,238.0,530.0,198.0
1.0,3676.0,898.0,797.0,356.0,54.0,54.0,559.0,238.0,626.0,272.0
1.0,3134.0,1024.0,809.0,0.0,1126.0,1126.0,567.0,242.0,692.0,332.0
1.0,2110.0,963.0,819.0,54.0,2075.0,2075.0,573.0,246.0,652.0,311.0
1.0,1201.0,839.0,819.0,1126.0,1788.0,1788.0,572.0,247.0,590.0,249.0
1.0,1488.0,764.0,808.0,2075.0,433.0,433.0,565.0,243.0,561.0,203.0
1.0,2799.0,806.0,799.0,1788.0,0.0,0.0,560.0,239.0,589.0,217.0
1.0,3781.0,939.0,803.0,433.0,0.0,0.0,563.0,240.0,654.0,285.0
1.0,3275.0,1032.0,815.0,0.0,1017.0,1017.0,571.0,244.0,694.0,338.0
1.0,2243.0,908.0,825.0,0.0,1965.0,1965.0,577.0,248.0,612.0,296.0
1.0,1335.0,711.0,825.0,1017.0,1659.0,1659.0,577.0,248.0,501.0,210.0
1.0,1641.0,524.0,815.0,1965.0,178.0,178.0,570.0,245.0,394.0,130.0
1.0,3082.0,578.0,806.0,1659.0,0.0,0.0,565.0,241.0,430.0,148.0
1.0,4163.0,881.0,809.0,178.0,0.0,0.0,567.0,242.0,615.0,266.0
1.0,3460.0,1108.0,821.0,0.0,932.0,932.0,575.0,246.0,748.0,360.0
1.0,2352.0,1119.0,834.0,0.0,2103.0,2103.0,583.0,251.0,756.0,363.0
1.0,1233.0,861.0,836.0,932.0,2040.0,2040.0,584.0,252.0,604.0,257.0
1.0,1304.0,669.0,825.0,2103.0,562.0,562.0,577.0,248.0,497.0,172.0
1.0,2738.0,663.0,815.0,2040.0,0.0,0.0,571.0,244.0,491.0,172.0
1.0,4115.0,901.0,816.0,562.0,0.0,0.0,572.0,244.0,629.0,272.0
1.0,3776.0,1185.0,828.0,0.0,721.0,721.0,580.0,248.0,802.0,383.0
1.0,2591.0,1106.0,840.0,0.0,1875.0,1875.0,587.0,253.0,748.0,358.0
1.0,1485.0,697.0,840.0,721.0,1851.0,1851.0,587.0,253.0,489.0,208.0
1.0,1509.0,359.0,827.0,1875.0,283.0,283.0,579.0,248.0,279.0,80.0
1.0,3025.0,467.0,816.0,1851.0,0.0,0.0,572.0,244.0,352.0,115.0
1.0,4409.0,830.0,817.0,283.0,0.0,0.0,573.0,244.0,580.0,250.0
1.0,3862.0,1155.0,828.0,0.0,605.0,605.0,580.0,248.0,781.0,374.0
1.0,2707.0,1168.0,841.0,0.0,1825.0,1825.0,588.0,253.0,792.0,376.0
1.0,1539.0,830.0,843.0,605.0,2058.0,2058.0,589.0,254.0,583.0,247.0
1.0,1314.0,489.0,832.0,1825.0,678.0,678.0,582.0,250.0,370.0,119.0
1.0,2650.0,557.0,821.0,2058.0,0.0,0.0,575.0,246.0,414.0,143.0
1.0,4151.0,1022.0,822.0,678.0,0.0,0.0,576.0,246.0,713.0,309.0
1.0,3807.0,1329.0,834.0,0.0,858.0,858.0,584.0,250.0,904.0,425.0
1.0,2478.0,1227.0,845.0,0.0,2129.0,2129.0,591.0,254.0,836.0,391.0
1.0,1251.0,774.0,847.0,858.0,2053.0,2053.0,592.0,255.0,545.0,229.0
1.0,1335.0,377.0,836.0,2129.0,257.0,257.0,585.0,251.0,287.0,90.0
1.0,3087.0,409.0,825.0,2053.0,0.0,0.0,578.0,247.0,307.0,102.0
1.0,4731.0,813.0,825.0,257.0,0.0,0.0,578.0,247.0,567.0,246.0
1.0,4175.0,1194.0,837.0,0.0,367.0,367.0,586.0,251.0,814.0,380.0
1.0,2981.0,1204.0,849.0,0.0,1619.0,1619.0,594.0,255.0,823.0,381.0
1.0,1777.0,859.0,851.0,367.0,2119.0,2119.0,595.0,256.0,602.0,257.0
1.0,1285.0,481.0,842.0,1619.0,945.0,945.0,589.0,253.0,357.0,124.0
1.0,2423.0,471.0,828.0,2119.0,0.0,0.0,580.0,248.0,351.0,120.0
1.0,4071.0,911.0,825.0,945.0,0.0,0.0,578.0,247.0,637.0,274.0
1.0,4105.0,1293.0,834.0,0.0,524.0,524.0,584.0,250.0,885.0,408.0
1.0,2812.0,1302.0,846.0,0.0,1874.0,1874.0,592.0,254.0,892.0,410.0
1.0,1510.0,961.0,853.0,524.0,2339.0,2339.0,596.0,257.0,673.0,288.0
1.0,1073.0,499.0,845.0,1874.0,932.0,932.0,591.0,254.0,368.0,131.0
1.0,2448.0,403.0,834.0,2339.0,0.0,0.0,584.0,250.0,303.0,100.0
1.0,4384.0,745.0,832.0,932.0,0.0,0.0,583.0,249.0,522.0,223.0
1.0,4571.0,1173.0,842.0,0.0,0.0,0.0,590.0,252.0,802.0,371.0
1.0,3398.0,1268.0,855.0,0.0,1290.0,1290.0,598.0,257.0,865.0,403.0
1.0,2130.0,868.0,858.0,0.0,2170.0,2170.0,600.0,258.0,607.0,261.0
1.0,1262.0,441.0,849.0,1290.0,1285.0,1285.0,594.0,255.0,329.0,112.0
1.0,2111.0,447.0,838.0,2170.0,0.0,0.0,587.0,251.0,335.0,112.0
1.0,3834.0,991.0,839.0,1285.0,0.0,0.0,588.0,251.0,695.0,296.0
1.0,4128.0,1457.0,851.0,0.0,733.0,733.0,596.0,255.0,999.0,458.0
1.0,2671.0,1390.0,862.0,0.0,2167.0,2167.0,603.0,259.0,951.0,439.0
1.0,1281.0,838.0,863.0,733.0,2276.0,2276.0,603.0,260.0,587.0,251.0
1.0,1176.0,335.0,852.0,2167.0,400.0,400.0,596.0,256.0,257.0,78.0
1.0,3008.0,424.0,839.0,2276.0,0.0,0.0,588.0,251.0,316.0,108.0
1.0,4860.0,996.0,842.0,400.0,0.0,0.0,590.0,252.0,695.0,301.0
1.0,4264.0,1412.0,855.0,0.0,568.0,568.0,599.0,256.0,967.0,445.0
1.0,2852.0,1220.0,868.0,0.0,1840.0,1840.0,607.0,261.0,833.0,387.0
1.0,1632.0,673.0,870.0,568.0,1953.0,1953.0,608.0,262.0,474.0,199.0
1.0,1527.0,229.0,858.0,1840.0,294.0,294.0,600.0,258.0,183.0,46.0
1.0,3138.0,378.0,844.0,1953.0,0.0,0.0,591.0,253.0,284.0,94.0
1.0,4713.0,946.0,840.0,294.0,0.0,0.0,589.0,251.0,658.0,288.0
1.0,4061.0,1469.0,852.0,0.0,816.0,816.0,597.0,255.0,1006.0,463.0
1.0,2592.0,1424.0,866.0,0.0,2296.0,2296.0,606.0,260.0,979.0,445.0
1.0,1168.0,862.0,870.0,816.0,2358.0,2358.0,608.0,262.0,608.0,254.0
1.0,1122.0,388.0,861.0,2296.0,414.0,414.0,602.0,259.0,295.0,93.0
1.0,3030.0,389.0,845.0,2358.0,0.0,0.0,592.0,253.0,290.0,99.0
1.0,4999.0,876.0,840.0,414.0,0.0,0.0,589.0,251.0,609.0,267.0
1.0,4537.0,1274.0,852.0,0.0,145.0,145.0,597.0,255.0,870.0,404.0
1.0,3263.0,1283.0,869.0,0.0,1496.0,1496.0,608.0,261.0,879.0,404.0
1.0,1980.0,813.0,877.0,145.0,2196.0,2196.0,613.0,264.0,572.0,241.0
1.0,1312.0,304.0,866.0,1496.0,960.0,960.0,606.0,260.0,236.0,68.0
1.0,2504.0,359.0,851.0,2196.0,0.0,0.0,596.0,255.0,270.0,89.0
1.0,4341.0,942.0,846.0,960.0,0.0,0.0,593.0,253.0,656.0,286.0
1.0,4359.0,1434.0,858.0,0.0,507.0,507.0,601.0,257.0,982.0,452.0
1.0,2925.0,1424.0,876.0,0.0,2003.0,2003.0,613.0,263.0,977.0,447.0
1.0,1501.0,918.0,883.0,507.0,2442.0,2442.0,617.0,266.0,646.0,272.0
1.0,1090.0,427.0,872.0,2003.0,822.0,822.0,610.0,262.0,322.0,105.0
1.0,2666.0,496.0,855.0,2442.0,0.0,0.0,599.0,256.0,368.0,128.0
1.0,4612.0,990.0,851.0,822.0,0.0,0.0,597.0,254.0,691.0,299.0
1.0,4444.0,1401.0,863.0,0.0,409.0,409.0,605.0,258.0,959.0,442.0
1.0,3043.0,1266.0,880.0,0.0,1743.0,1743.0,616.0,264.0,864.0,402.0
1.0,1777.0,719.0,887.0,409.0,2081.0,2081.0,620.0,267.0,504.0,215.0
1.0,1467.0,243.0,875.0,1743.0,533.0,533.0,612.0,263.0,193.0,50.0
1.0,2967.0,370.0,859.0,2081.0,0.0,0.0,602.0,257.0,281.0,89.0
1.0,4678.0,1021.0,856.0,533.0,0.0,0.0,600.0,256.0,712.0,309.0
1.0,4190.0,1562.0,869.0,0.0,848.0,848.0,609.0,260.0,1070.0,492.0
1.0,2628.0,1479.0,889.0,0.0,2407.0,2407.0,622.0,267.0,1014.0,465.0
1.0,1149.0,814.0,895.0,848.0,2397.0,2397.0,626.0,269.0,572.0,242.0
1.0,1183.0,355.0,885.0,2407.0,305.0,305.0,619.0,266.0,273.0,82.0
1.0,3235.0,544.0,870.0,2397.0,0.0,0.0,610.0,260.0,403.0,141.0
1.0,5088.0,1122.0,866.0,305.0,0.0,0.0,607.0,259.0,783.0,339.0
1.0,4271.0,1515.0,877.0,0.0,752.0,752.0,614.0,263.0,1036.0,479.0
1.0,2756.0,1261.0,892.0,0.0,2073.0,2073.0,624.0,268.0,862.0,399.0
1.0,1495.0,596.0,895.0,752.0,1929.0,1929.0,626.0,269.0,421.0,175.0
1.0,1651.0,132.0,883.0,2073.0,0.0,0.0,618.0,265.0,116.0,16.0
1.0,3592.0,326.0,868.0,1929.0,0.0,0.0,608.0,260.0,248.0,78.0
1.0,5195.0,1024.0,863.0,0.0,0.0,0.0,605.0,258.0,713.0,311.0
1.0,4171.0,1505.0,875.0,0.0,834.0,834.0,613.0,262.0,1030.0,475.0
1.0,2666.0,1410.0,894.0,0.0,2320.0,2320.0,625.0,269.0,966.0,444.0
1.0,1256.0,842.0,901.0,834.0,2356.0,2356.0,630.0,271.0,593.0,249.0
1.0,1248.0,357.0,889.0,2320.0,345.0,345.0,622.0,267.0,273.0,84.0
1.0,3211.0,472.0,871.0,2356.0,0.0,0.0,610.0,261.0,351.0,121.0
1.0,5095.0,1096.0,864.0,345.0,0.0,0.0,606.0,258.0,766.0,330.0
1.0,4344.0,1550.0,878.0,0.0,718.0,718.0,615.0,263.0,1063.0,487.0
1.0,2794.0,1429.0,899.0,0.0,2231.0,2231.0,629.0,270.0,978.0,451.0
1.0,1365.0,805.0,907.0,718.0,2350.0,2350.0,634.0,273.0,563.0,242.0
1.0,1278.0,240.0,892.0,2231.0,299.0,299.0,624.0,268.0,190.0,50.0
1.0,3269.0,291.0,871.0,2350.0,0.0,0.0,610.0,261.0,226.0,65.0
1.0,5328.0,891.0,864.0,299.0,0.0,0.0,606.0,258.0,624.0,267.0
1.0,4736.0,1407.0,878.0,0.0,183.0,183.0,615.0,263.0,963.0,444.0
1.0,3329.0,1379.0,901.0,0.0,1654.0,1654.0,630.0,271.0,944.0,435.0
1.0,1950.0,816.0,908.0,183.0,2315.0,2315.0,635.0,273.0,572.0,244.0
1.0,1317.0,366.0,898.0,1654.0,987.0,987.0,628.0,270.0,278.0,88.0
1.0,2605.0,576.0,881.0,2315.0,0.0,0.0,617.0,264.0,423.0,153.0
1.0,4344.0,1170.0,876.0,987.0,0.0,0.0,614.0,262.0,818.0,352.0
1.0,4161.0,1569.0,889.0,0.0,964.0,964.0,623.0,266.0,1079.0,490.0
1.0,2592.0,1394.0,909.0,0.0,2438.0,2438.0,636.0,273.0,955.0,439.0
1.0,1198.0,772.0,916.0,964.0,2274.0,2274.0,640.0,276.0,540.0,232.0
1.0,1390.0,340.0,906.0,2438.0,136.0,136.0,634.0,272.0,261.0,79.0
1.0,3488.0,466.0,890.0,2274.0,0.0,0.0,624.0,266.0,348.0,118.0
1.0,5296.0,976.0,884.0,136.0,0.0,0.0,620.0,264.0,682.0,294.0
1.0,4456.0,1376.0,895.0,0.0,500.0,500.0,627.0,268.0,940.0,436.0
1.0,3080.0,1221.0,912.0,0.0,1789.0,1789.0,638.0,274.0,831.0,390.0
1.0,1859.0,651.0,918.0,500.0,1964.0,1964.0,642.0,276.0,457.0,194.0
1.0,1708.0,319.0,906.0,1789.0,446.0,446.0,634.0,272.0,248.0,71.0
1.0,3178.0,623.0,891.0,1964.0,0.0,0.0,624.0,267.0,459.0,164.0
1.0,4519.0,1255.0,887.0,446.0,0.0,0.0,622.0,265.0,877.0,378.0
1.0,3710.0,1617.0,901.0,0.0,1511.0,1511.0,631.0,270.0,1109.0,508.0
1.0,2093.0,1315.0,918.0,0.0,2894.0,2894.0,642.0,276.0,899.0,416.0
1.0,778.0,705.0,921.0,1511.0,2100.0,2100.0,644.0,277.0,492.0,213.0
1.0,1584.0,363.0,909.0,2894.0,0.0,0.0,636.0,273.0,275.0,88.0
1.0,4115.0,619.0,895.0,2100.0,0.0,0.0,627.0,268.0,457.0,162.0
1.0,5596.0,1200.0,893.0,0.0,0.0,0.0,626.0,267.0,841.0,359.0
1.0,4396.0,1462.0,908.0,0.0,698.0,698.0,636.0,272.0,1001.0,461.0
1.0,2934.0,1127.0,925.0,0.0,1893.0,1893.0,647.0,278.0,767.0,360.0
1.0,1807.0,425.0,926.0,698.0,1624.0,1624.0,647.0,279.0,297.0,128.0
1.0,2080.0,135.0,909.0,1893.0,0.0,0.0,636.0,273.0,119.0,16.0
1.0,3838.0,547.0,889.0,1624.0,0.0,0.0,623.0,266.0,407.0,140.0
1.0,4915.0,1417.0,889.0,0.0,58.0,58.0,623.0,266.0,990.0,427.0
1.0,3498.0,1809.0,908.0,0.0,1943.0,1943.0,636.0,272.0,1240.0,569.0
1.0,1689.0,1446.0,928.0,58.0,3411.0,3411.0,649.0,279.0,989.0,457.0
1.0,301.0,664.0,931.0,1943.0,2144.0,2144.0,651.0,280.0,468.0,196.0
1.0,1580.0,222.0,913.0,3411.0,0.0,0.0,639.0,274.0,180.0,42.0
1.0,4769.0,541.0,895.0,2144.0,0.0,0.0,627.0,268.0,401.0,140.0
1.0,6372.0,1196.0,893.0,0.0,0.0,0.0,626.0,267.0,835.0,361.0
1.0,5176.0,1518.0,911.0,0.0,0.0,0.0,638.0,273.0,1038.0,480.0
1.0,3658.0,1264.0,932.0,0.0,1334.0,1334.0,652.0,280.0,862.0,402.0
1.0,2394.0,647.0,939.0,0.0,2009.0,2009.0,656.0,283.0,456.0,191.0
1.0,1747.0,270.0,925.0,1334.0,889.0,889.0,647.0,278.0,213.0,57.0
1.0,2811.0,497.0,905.0,2009.0,0.0,0.0,634.0,271.0,370.0,127.0
1.0,4323.0,1080.0,899.0,889.0,0.0,0.0,630.0,269.0,753.0,327.0
1.0,4132.0,1472.0,911.0,0.0,984.0,984.0,638.0,273.0,1007.0,465.0
1.0,2660.0,1369.0,931.0,0.0,2433.0,2433.0,651.0,280.0,936.0,433.0
1.0,1291.0,912.0,938.0,984.0,2389.0,2389.0,656.0,282.0,641.0,271.0
1.0,1363.0,586.0,929.0,2433.0,506.0,506.0,650.0,279.0,435.0,151.0
1.0,3210.0,629.0,911.0,2389.0,0.0,0.0,638.0,273.0,464.0,165.0
1.0,4970.0,997.0,903.0,506.0,0.0,0.0,633.0,270.0,697.0,300.0
1.0,4479.0,1315.0,912.0,0.0,484.0,484.0,639.0,273.0,896.0,419.0
1.0,3164.0,1272.0,932.0,0.0,1836.0,1836.0,652.0,280.0,865.0,407.0
1.0,1892.0,860.0,944.0,484.0,2260.0,2260.0,660.0,284.0,602.0,258.0
1.0,1516.0,390.0,934.0,1836.0,774.0,774.0,653.0,281.0,297.0,93.0
1.0,2962.0,388.0,915.0,2260.0,0.0,0.0,641.0,274.0,297.0,91.0
1.0,4834.0,908.0,906.0,774.0,0.0,0.0,635.0,271.0,634.0,274.0
1.0,4700.0,1435.0,917.0,0.0,403.0,403.0,642.0,275.0,979.0,456.0
1.0,3265.0,1495.0,939.0,0.0,1986.0,1986.0,657.0,282.0,1024.0,471.0
1.0,1770.0,1057.0,948.0,403.0,2676.0,2676.0,663.0,285.0,743.0,314.0
1.0,1116.0,536.0,936.0,1986.0,1178.0,1178.0,655.0,281.0,401.0,135.0
1.0,2566.0,423.0,914.0,2676.0,0.0,0.0,640.0,274.0,319.0,104.0
1.0,4819.0,887.0,904.0,1178.0,0.0,0.0,634.0,270.0,618.0,269.0
1.0,5110.0,1415.0,917.0,0.0,0.0,0.0,642.0,275.0,965.0,450.0
1.0,3695.0,1506.0,939.0,0.0,1567.0,1567.0,657.0,282.0,1032.0,474.0
1.0,2189.0,975.0,948.0,0.0,2578.0,2578.0,663.0,285.0,686.0,289.0
1.0,1214.0,380.0,938.0,1567.0,1351.0,1351.0,656.0,282.0,290.0,90.0
1.0,2401.0,308.0,917.0,2578.0,0.0,0.0,642.0,275.0,236.0,72.0
1.0,4671.0,775.0,909.0,1351.0,0.0,0.0,637.0,272.0,540.0,235.0
1.0,5247.0,1381.0,922.0,0.0,0.0,0.0,646.0,276.0,945.0,436.0
1.0,3866.0,1508.0,945.0,0.0,1422.0,1422.0,661.0,284.0,1034.0,474.0
1.0,2358.0,1074.0,954.0,0.0,2532.0,2532.0,667.0,287.0,752.0,322.0
1.0,1284.0,610.0,942.0,1422.0,1672.0,1672.0,659.0,283.0,450.0,160.0
1.0,2096.0,522.0,921.0,2532.0,0.0,0.0,645.0,276.0,388.0,134.0
1.0,4106.0,926.0,913.0,1672.0,0.0,0.0,640.0,273.0,649.0,277.0
1.0,4852.0,1434.0,927.0,0.0,290.0,290.0,649.0,278.0,979.0,455.0
1.0,3418.0,1524.0,949.0,0.0,1902.0,1902.0,664.0,285.0,1042.0,482.0
1.0,1894.0,962.0,956.0,290.0,2602.0,2602.0,668.0,288.0,675.0,287.0
1.0,1222.0,315.0,939.0,1902.0,947.0,947.0,657.0,282.0,246.0,69.0
1.0,2809.0,278.0,916.0,2602.0,0.0,0.0,642.0,274.0,220.0,58.0
1.0,5133.0,857.0,910.0,947.0,0.0,0.0,638.0,272.0,600.0,257.0
1.0,5223.0,1478.0,931.0,0.0,0.0,0.0,652.0,279.0,1009.0,469.0
1.0,3745.0,1535.0,958.0,0.0,1622.0,1622.0,670.0,288.0,1047.0,488.0
1.0,2210.0,980.0,966.0,0.0,2634.0,2634.0,675.0,291.0,685.0,295.0
1.0,1230.0,408.0,947.0,1622.0,1344.0,1344.0,662.0,285.0,311.0,97.0
1.0,2444.0,463.0,921.0,2634.0,0.0,0.0,645.0,276.0,353.0,110.0
1.0,4615.0,1070.0,914.0,1344.0,0.0,0.0,641.0,273.0,751.0,319.0
1.0,4889.0,1675.0,933.0,0.0,518.0,518.0,654.0,279.0,1147.0,528.0
1.0,3214.0,1608.0,959.0,0.0,2230.0,2230.0,671.0,288.0,1098.0,510.0
1.0,1606.0,970.0,968.0,518.0,2718.0,2718.0,677.0,291.0,674.0,296.0
1.0,1154.0,316.0,951.0,2230.0,736.0,736.0,665.0,286.0,245.0,71.0
1.0,3068.0,246.0,926.0,2718.0,0.0,0.0,649.0,277.0,202.0,44.0
1.0,5540.0,813.0,918.0,736.0,0.0,0.0,644.0,274.0,574.0,239.0
1.0,5463.0,1393.0,932.0,0.0,0.0,0.0,653.0,279.0,949.0,444.0
1.0,4070.0,1452.0,955.0,0.0,1202.0,1202.0,668.0,287.0,985.0,467.0
1.0,2618.0,959.0,964.0,0.0,2197.0,2197.0,674.0,290.0,667.0,292.0
1.0,1659.0,468.0,952.0,1202.0,1415.0,1415.0,666.0,286.0,356.0,112.0
1.0,2393.0,488.0,933.0,2197.0,0.0,0.0,654.0,279.0,373.0,115.0
1.0,4102.0,1007.0,927.0,1415.0,0.0,0.0,650.0,277.0,708.0,299.0
1.0,4510.0,1465.0,937.0,0.0,703.0,703.0,656.0,281.0,996.0,469.0
1.0,3045.0,1464.0,954.0,0.0,2235.0,2235.0,667.0,287.0,995.0,469.0
1.0,1581.0,1058.0,962.0,703.0,2622.0,2622.0,672.0,290.0,739.0,319.0
1.0,1226.0,595.0,955.0,2235.0,954.0,954.0,668.0,287.0,446.0,149.0
1.0,2866.0,602.0,941.0,2622.0,0.0,0.0,659.0,282.0,451.0,151.0
1.0,4886.0,968.0,934.0,954.0,0.0,0.0,655.0,279.0,679.0,289.0
1.0,4872.0,1310.0,943.0,0.0,210.0,210.0,661.0,282.0,889.0,421.0
1.0,3562.0,1288.0,961.0,0.0,1570.0,1570.0,672.0,289.0,872.0,416.0
1.0,2274.0,889.0,970.0,210.0,2285.0,2285.0,678.0,292.0,622.0,267.0
1.0,1595.0,474.0,962.0,1570.0,1157.0,1157.0,673.0,289.0,360.0,114.0
1.0,2691.0,489.0,944.0,2285.0,0.0,0.0,661.0,283.0,371.0,118.0
1.0,4487.0,981.0,934.0,1157.0,0.0,0.0,655.0,279.0,687.0,294.0
1.0,4663.0,1533.0,943.0,0.0,642.0,642.0,661.0,282.0,1046.0,487.0
1.0,3130.0,1611.0,964.0,0.0,2337.0,2337.0,674.0,290.0,1099.0,512.0
1.0,1519.0,1169.0,978.0,642.0,2920.0,2920.0,684.0,294.0,819.0,350.0
1.0,992.0,521.0,971.0,2337.0,1076.0,1076.0,679.0,292.0,393.0,128.0
1.0,2808.0,377.0,951.0,2920.0,0.0,0.0,666.0,285.0,290.0,87.0
1.0,5351.0,826.0,938.0,1076.0,0.0,0.0,658.0,280.0,576.0,250.0
1.0,5601.0,1436.0,947.0,0.0,0.0,0.0,663.0,284.0,978.0,458.0
1.0,4165.0,1543.0,969.0,0.0,1254.0,1254.0,678.0,291.0,1056.0,487.0
1.0,2622.0,1095.0,984.0,0.0,2409.0,2409.0,688.0,296.0,768.0,327.0
1.0,1527.0,515.0,979.0,1254.0,1650.0,1650.0,685.0,294.0,387.0,128.0
1.0,2266.0,311.0,959.0,2409.0,0.0,0.0,672.0,287.0,243.0,68.0
1.0,4364.0,780.0,945.0,1650.0,0.0,0.0,662.0,283.0,543.0,237.0
1.0,5234.0,1428.0,952.0,0.0,2.0,2.0,667.0,285.0,971.0,457.0
1.0,3806.0,1738.0,974.0,0.0,1828.0,1828.0,681.0,293.0,1192.0,546.0
1.0,2068.0,1340.0,989.0,2.0,3226.0,3226.0,691.0,298.0,942.0,398.0
1.0,730.0,721.0,985.0,1828.0,2103.0,2103.0,689.0,296.0,533.0,188.0
1.0,1837.0,438.0,966.0,3226.0,0.0,0.0,677.0,289.0,331.0,107.0
1.0,4625.0,713.0,950.0,2103.0,0.0,0.0,666.0,284.0,495.0,218.0
1.0,6015.0,1296.0,957.0,0.0,0.0,0.0,670.0,287.0,878.0,418.0
1.0,4719.0,1493.0,979.0,0.0,690.0,690.0,685.0,294.0,1020.0,473.0
1.0,3226.0,1124.0,996.0,0.0,1882.0,1882.0,696.0,300.0,791.0,333.0
1.0,2102.0,558.0,990.0,690.0,1726.0,1726.0,693.0,297.0,420.0,138.0
1.0,2234.0,378.0,969.0,1882.0,138.0,138.0,679.0,290.0,288.0,90.0
1.0,3738.0,753.0,954.0,1726.0,0.0,0.0,669.0,285.0,521.0,232.0
1.0,4711.0,1382.0,961.0,138.0,377.0,377.0,673.0,288.0,940.0,442.0
1.0,3467.0,1650.0,985.0,0.0,2123.0,2123.0,689.0,296.0,1134.0,516.0
1.0,1817.0,1248.0,1000.0,377.0,3054.0,3054.0,699.0,301.0,880.0,368.0
1.0,946.0,704.0,993.0,2123.0,1607.0,1607.0,695.0,298.0,519.0,185.0
1.0,2365.0,488.0,971.0,3054.0,0.0,0.0,680.0,291.0,363.0,125.0
1.0,4931.0,869.0,956.0,1607.0,0.0,0.0,670.0,286.0,602.0,267.0
1.0,5669.0,1446.0,965.0,0.0,0.0,0.0,676.0,289.0,986.0,460.0
1.0,4223.0,1645.0,991.0,0.0,1386.0,1386.0,693.0,298.0,1130.0,515.0
1.0,2578.0,1142.0,1008.0,0.0,2596.0,2596.0,705.0,303.0,805.0,337.0
1.0,1436.0,530.0,1003.0,1386.0,1720.0,1720.0,702.0,301.0,398.0,132.0
1.0,2292.0,319.0,982.0,2596.0,0.0,0.0,688.0,294.0,246.0,73.0
1.0,4569.0,724.0,969.0,1720.0,0.0,0.0,679.0,290.0,501.0,223.0
1.0,5565.0,1270.0,974.0,0.0,0.0,0.0,682.0,292.0,862.0,408.0
1.0,4295.0,1598.0,996.0,0.0,1287.0,1287.0,697.0,299.0,1097.0,501.0
1.0,2697.0,1369.0,1013.0,0.0,2724.0,2724.0,708.0,305.0,964.0,405.0
1.0,1328.0,835.0,1009.0,1287.0,2256.0,2256.0,706.0,303.0,610.0,225.0
1.0,1780.0,497.0,991.0,2724.0,0.0,0.0,694.0,297.0,369.0,128.0
1.0,4007.0,717.0,977.0,2256.0,0.0,0.0,685.0,292.0,499.0,218.0
1.0,5546.0,1313.0,982.0,0.0,0.0,0.0,688.0,294.0,892.0,421.0
1.0,4233.0,1701.0,1002.0,0.0,1476.0,1476.0,701.0,301.0,1169.0,532.0
1.0,2532.0,1438.0,1019.0,0.0,2982.0,2982.0,712.0,307.0,1012.0,426.0
1.0,1094.0,739.0,1015.0,1476.0,2229.0,2229.0,710.0,305.0,544.0,195.0
1.0,1831.0,293.0,995.0,2982.0,0.0,0.0,697.0,298.0,225.0,68.0
1.0,4520.0,558.0,981.0,2229.0,0.0,0.0,688.0,293.0,385.0,173.0
1.0,6191.0,1152.0,986.0,0.0,0.0,0.0,691.0,295.0,781.0,371.0
1.0,5039.0,1581.0,1008.0,0.0,574.0,574.0,705.0,303.0,1085.0,496.0
1.0,3458.0,1304.0,1023.0,0.0,1938.0,1938.0,715.0,308.0,919.0,385.0
1.0,2154.0,770.0,1019.0,574.0,2118.0,2118.0,713.0,306.0,565.0,205.0
1.0,1958.0,532.0,999.0,1938.0,632.0,632.0,700.0,299.0,392.0,140.0
1.0,3364.0,872.0,986.0,2118.0,0.0,0.0,691.0,295.0,605.0,267.0
1.0,4610.0,1396.0,990.0,632.0,114.0,114.0,693.0,297.0,951.0,445.0
1.0,3846.0,1619.0,1011.0,0.0,1817.0,1817.0,707.0,304.0,1112.0,507.0
1.0,2227.0,1295.0,1029.0,114.0,3070.0,3070.0,719.0,310.0,913.0,382.0
1.0,1046.0,678.0,1026.0,1817.0,1919.0,1919.0,718.0,308.0,502.0,176.0
1.0,2185.0,356.0,1005.0,3070.0,0.0,0.0,704.0,301.0,270.0,86.0
1.0,4899.0,705.0,989.0,1919.0,0.0,0.0,693.0,296.0,485.0,220.0
1.0,6113.0,1350.0,994.0,0.0,0.0,0.0,696.0,298.0,916.0,434.0
1.0,4763.0,1608.0,1015.0,0.0,905.0,905.0,710.0,305.0,1105.0,503.0
1.0,3155.0,1220.0,1033.0,0.0,2197.0,2197.0,722.0,311.0,864.0,356.0
1.0,1935.0,559.0,1028.0,905.0,1831.0,1831.0,719.0,309.0,422.0,137.0
1.0,2281.0,400.0,1008.0,2197.0,0.0,0.0,706.0,302.0,299.0,101.0
1.0,4078.0,901.0,992.0,1831.0,0.0,0.0,695.0,297.0,619.0,282.0
1.0,5008.0,1516.0,995.0,0.0,488.0,488.0,697.0,298.0,1033.0,483.0
1.0,3492.0,1741.0,1015.0,0.0,2309.0,2309.0,710.0,305.0,1199.0,542.0
1.0,1751.0,1356.0,1033.0,488.0,3249.0,3249.0,722.0,311.0,959.0,397.0
1.0,883.0,736.0,1033.0,2309.0,1676.0,1676.0,723.0,310.0,543.0,193.0
1.0,2456.0,454.0,1016.0,3249.0,0.0,0.0,712.0,304.0,337.0,117.0
1.0,5251.0,668.0,1001.0,1676.0,0.0,0.0,702.0,299.0,460.0,208.0
1.0,6259.0,1223.0,1003.0,0.0,0.0,0.0,702.0,301.0,828.0,395.0
1.0,5036.0,1514.0,1021.0,0.0,562.0,562.0,714.0,307.0,1039.0,475.0
1.0,3522.0,1269.0,1038.0,0.0,1899.0,1899.0,726.0,312.0,897.0,372.0
1.0,2253.0,766.0,1039.0,562.0,2107.0,2107.0,727.0,312.0,567.0,199.0
1.0,2049.0,497.0,1022.0,1899.0,637.0,637.0,716.0,306.0,370.0,127.0
1.0,3451.0,768.0,1005.0,2107.0,0.0,0.0,704.0,301.0,526.0,242.0
1.0,4790.0,1319.0,1006.0,637.0,0.0,0.0,704.0,302.0,891.0,428.0
1.0,4108.0,1654.0,1024.0,0.0,1642.0,1642.0,716.0,308.0,1137.0,517.0
1.0,2454.0,1415.0,1043.0,0.0,3133.0,3133.0,729.0,314.0,1002.0,413.0
1.0,1039.0,824.0,1042.0,1642.0,2311.0,2311.0,729.0,313.0,609.0,215.0
1.0,1857.0,495.0,1023.0,3133.0,0.0,0.0,717.0,306.0,367.0,128.0
1.0,4495.0,680.0,1004.0,2311.0,0.0,0.0,704.0,300.0,464.0,216.0
1.0,6126.0,1213.0,1006.0,0.0,0.0,0.0,704.0,302.0,818.0,395.0
1.0,4913.0,1556.0,1025.0,0.0,743.0,743.0,717.0,308.0,1070.0,486.0
1.0,3357.0,1338.0,1046.0,0.0,2165.0,2165.0,731.0,315.0,947.0,391.0
1.0,2019.0,763.0,1046.0,743.0,2185.0,2185.0,732.0,314.0,564.0,199.0
1.0,1999.0,397.0,1029.0,2165.0,349.0,349.0,721.0,308.0,297.0,100.0
1.0,3767.0,642.0,1010.0,2185.0,0.0,0.0,708.0,302.0,440.0,202.0
1.0,5310.0,1285.0,1010.0,349.0,0.0,0.0,707.0,303.0,871.0,414.0
1.0,4374.0,1664.0,1025.0,0.0,1390.0,1390.0,717.0,308.0,1146.0,518.0
1.0,2710.0,1490.0,1044.0,0.0,2956.0,2956.0,730.0,314.0,1051.0,439.0
1.0,1220.0,956.0,1049.0,1390.0,2542.0,2542.0,734.0,315.0,697.0,259.0
1.0,1654.0,592.0,1035.0,2956.0,122.0,122.0,725.0,310.0,434.0,158.0
1.0,4018.0,726.0,1016.0,2542.0,0.0,0.0,712.0,304.0,500.0,226.0
1.0,5834.0,1174.0,1011.0,122.0,0.0,0.0,708.0,303.0,794.0,380.0
1.0,4782.0,1486.0,1025.0,0.0,804.0,804.0,717.0,308.0,1022.0,464.0
1.0,3296.0,1357.0,1046.0,0.0,2245.0,2245.0,731.0,315.0,957.0,400.0
1.0,1939.0,785.0,1050.0,804.0,2242.0,2242.0,735.0,315.0,576.0,209.0
1.0,1958.0,427.0,1036.0,2245.0,368.0,368.0,726.0,310.0,318.0,109.0
1.0,3776.0,655.0,1019.0,2242.0,0.0,0.0,714.0,305.0,451.0,204.0
1.0,5363.0,1286.0,1018.0,368.0,0.0,0.0,713.0,305.0,873.0,413.0
1.0,4445.0,1660.0,1035.0,0.0,1355.0,1355.0,724.0,311.0,1142.0,518.0
1.0,2785.0,1509.0,1054.0,0.0,2940.0,2940.0,737.0,317.0,1065.0,444.0
1.0,1276.0,948.0,1056.0,1355.0,2541.0,2541.0,739.0,317.0,692.0,256.0
1.0,1683.0,502.0,1039.0,2940.0,35.0,35.0,728.0,311.0,371.0,131.0
1.0,4121.0,644.0,1020.0,2541.0,0.0,0.0,715.0,305.0,442.0,202.0
1.0,6018.0,1196.0,1018.0,35.0,0.0,0.0,713.0,305.0,809.0,387.0
1.0,4857.0,1623.0,1036.0,0.0,910.0,910.0,724.0,312.0,1115.0,508.0
1.0,3234.0,1490.0,1057.0,0.0,2484.0,2484.0,739.0,318.0,1051.0,439.0
1.0,1744.0,917.0,1062.0,910.0,2511.0,2511.0,743.0,319.0,671.0,246.0
1.0,1737.0,418.0,1043.0,2484.0,369.0,369.0,731.0,312.0,314.0,104.0
1.0,3803.0,467.0,1022.0,2511.0,0.0,0.0,716.0,306.0,319.0,148.0
1.0,5847.0,1086.0,1020.0,369.0,0.0,0.0,714.0,306.0,729.0,357.0
1.0,5130.0,1569.0,1038.0,0.0,591.0,591.0,726.0,312.0,1075.0,494.0
1.0,3561.0,1629.0,1063.0,0.0,2320.0,2320.0,743.0,320.0,1149.0,480.0
1.0,1932.0,1123.0,1066.0,591.0,2864.0,2864.0,746.0,320.0,818.0,305.0
1.0,1400.0,558.0,1049.0,2320.0,1034.0,1034.0,735.0,314.0,415.0,143.0
1.0,3162.0,529.0,1024.0,2864.0,0.0,0.0,718.0,306.0,363.0,166.0
1.0,5497.0,1121.0,1021.0,1034.0,0.0,0.0,715.0,306.0,753.0,368.0
1.0,5410.0,1689.0,1038.0,0.0,431.0,431.0,726.0,312.0,1158.0,531.0
1.0,3721.0,1651.0,1062.0,0.0,2178.0,2178.0,742.0,320.0,1163.0,488.0
1.0,2070.0,997.0,1068.0,431.0,2768.0,2768.0,747.0,321.0,728.0,269.0
1.0,1504.0,334.0,1051.0,2178.0,856.0,856.0,736.0,315.0,257.0,77.0
1.0,3348.0,381.0,1029.0,2768.0,0.0,0.0,721.0,308.0,261.0,120.0
1.0,5735.0,1016.0,1024.0,856.0,0.0,0.0,717.0,307.0,682.0,334.0
1.0,5575.0,1665.0,1041.0,0.0,254.0,254.0,728.0,313.0,1142.0,523.0
1.0,3910.0,1689.0,1064.0,0.0,2035.0,2035.0,744.0,320.0,1186.0,503.0
1.0,2221.0,1065.0,1070.0,254.0,2870.0,2870.0,749.0,321.0,773.0,292.0
1.0,1410.0,398.0,1052.0,2035.0,1161.0,1161.0,737.0,315.0,301.0,97.0
1.0,3047.0,507.0,1030.0,2870.0,0.0,0.0,722.0,308.0,351.0,156.0
1.0,5410.0,1267.0,1028.0,1161.0,0.0,0.0,720.0,308.0,862.0,405.0
1.0,5304.0,1915.0,1048.0,0.0,803.0,803.0,733.0,315.0,1318.0,597.0
1.0,3389.0,1772.0,1073.0,0.0,2675.0,2675.0,750.0,323.0,1244.0,528.0
1.0,1617.0,955.0,1079.0,803.0,2851.0,2851.0,755.0,324.0,696.0,259.0
1.0,1465.0,290.0,1061.0,2675.0,394.0,394.0,743.0,318.0,225.0,65.0
1.0,3850.0,349.0,1037.0,2851.0,0.0,0.0,727.0,310.0,239.0,110.0
1.0,6352.0,1069.0,1032.0,394.0,0.0,0.0,723.0,309.0,721.0,348.0
1.0,5677.0,1738.0,1051.0,0.0,265.0,265.0,735.0,316.0,1196.0,542.0
1.0,3939.0,1726.0,1077.0,0.0,2095.0,2095.0,753.0,324.0,1213.0,513.0
1.0,2213.0,1037.0,1085.0,265.0,2899.0,2899.0,759.0,326.0,751.0,286.0
1.0,1441.0,338.0,1066.0,2095.0,1066.0,1066.0,747.0,319.0,257.0,81.0
1.0,3198.0,430.0,1043.0,2899.0,0.0,0.0,731.0,312.0,299.0,131.0
1.0,5667.0,1336.0,1040.0,1066.0,0.0,0.0,728.0,312.0,911.0,425.0
1.0,5397.0,2053.0,1061.0,0.0,900.0,900.0,742.0,319.0,1416.0,637.0
1.0,3344.0,1863.0,1084.0,0.0,2855.0,2855.0,758.0,326.0,1307.0,556.0
1.0,1481.0,901.0,1088.0,900.0,2872.0,2872.0,761.0,327.0,655.0,246.0
1.0,1480.0,98.0,1068.0,2855.0,35.0,35.0,748.0,320.0,90.0,8.0
1.0,4237.0,220.0,1043.0,2872.0,0.0,0.0,731.0,312.0,151.0,69.0
1.0,6889.0,1162.0,1040.0,35.0,0.0,0.0,728.0,312.0,789.0,373.0
1.0,5762.0,2011.0,1064.0,0.0,505.0,505.0,744.0,320.0,1386.0,625.0
1.0,3751.0,1795.0,1090.0,0.0,2404.0,2404.0,762.0,328.0,1258.0,537.0
1.0,1956.0,821.0,1092.0,505.0,2728.0,2728.0,764.0,328.0,599.0,222.0
1.0,1640.0,76.0,1069.0,2404.0,308.0,308.0,749.0,320.0,76.0,0.0
1.0,3968.0,306.0,1043.0,2728.0,0.0,0.0,731.0,312.0,213.0,93.0
1.0,6390.0,1329.0,1040.0,308.0,0.0,0.0,728.0,312.0,905.0,424.0
1.0,5369.0,2215.0,1064.0,0.0,1102.0,1102.0,744.0,320.0,1526.0,689.0
1.0,3154.0,2005.0,1093.0,0.0,3223.0,3223.0,764.0,329.0,1404.0,601.0
1.0,1149.0,927.0,1099.0,1102.0,3072.0,3072.0,769.0,330.0,675.0,252.0
1.0,1324.0,12.0,1075.0,3223.0,0.0,0.0,753.0,322.0,12.0,0.0
1.0,4535.0,201.0,1048.0,3072.0,0.0,0.0,734.0,314.0,138.0,63.0
1.0,7406.0,1226.0,1044.0,0.0,0.0,0.0,731.0,313.0,855.0,371.0
1.0,6180.0,2062.0,1066.0,0.0,146.0,146.0,746.0,320.0,1443.0,619.0
1.0,4118.0,1915.0,1094.0,0.0,2173.0,2173.0,765.0,329.0,1342.0,573.0
1.0,2203.0,938.0,1103.0,146.0,3001.0,3001.0,772.0,331.0,657.0,281.0
1.0,1411.0,65.0,1084.0,2173.0,817.0,817.0,759.0,325.0,44.0,21.0
1.0,3519.0,208.0,1058.0,3001.0,0.0,0.0,741.0,317.0,146.0,62.0
1.0,6312.0,1226.0,1049.0,817.0,0.0,0.0,735.0,314.0,859.0,367.0
1.0,5903.0,2106.0,1069.0,0.0,479.0,479.0,748.0,321.0,1476.0,630.0
1.0,3797.0,1960.0,1095.0,0.0,2543.0,2543.0,766.0,329.0,1373.0,587.0
1.0,1837.0,1032.0,1105.0,479.0,3136.0,3136.0,773.0,332.0,720.0,312.0
1.0,1284.0,167.0,1087.0,2543.0,688.0,688.0,761.0,326.0,115.0,52.0
1.0,3660.0,304.0,1061.0,3136.0,0.0,0.0,743.0,318.0,212.0,92.0
1.0,6492.0,1278.0,1053.0,688.0,0.0,0.0,738.0,315.0,897.0,381.0
1.0,5902.0,2034.0,1073.0,0.0,424.0,424.0,751.0,322.0,1427.0,607.0
1.0,3868.0,1833.0,1102.0,0.0,2373.0,2373.0,771.0,331.0,1282.0,551.0
1.0,2035.0,779.0,1109.0,424.0,2756.0,2756.0,776.0,333.0,544.0,235.0
1.0,1680.0,0.0,1090.0,2373.0,307.0,307.0,763.0,327.0,0.0,0.0
1.0,4053.0,224.0,1062.0,2756.0,0.0,0.0,744.0,318.0,155.0,69.0
1.0,6585.0,1282.0,1054.0,307.0,0.0,0.0,738.0,316.0,897.0,385.0
1.0,5610.0,2124.0,1074.0,0.0,810.0,810.0,752.0,322.0,1488.0,636.0
1.0,3486.0,2028.0,1106.0,0.0,2966.0,2966.0,774.0,332.0,1421.0,607.0
1.0,1458.0,1030.0,1116.0,810.0,3226.0,3226.0,781.0,335.0,720.0,310.0
1.0,1238.0,167.0,1095.0,2966.0,343.0,343.0,767.0,328.0,116.0,51.0
1.0,4037.0,318.0,1064.0,3226.0,0.0,0.0,745.0,319.0,223.0,95.0
1.0,6945.0,1260.0,1055.0,343.0,0.0,0.0,739.0,316.0,883.0,377.0
1.0,6028.0,2055.0,1076.0,0.0,331.0,331.0,753.0,323.0,1439.0,616.0
1.0,3973.0,1884.0,1106.0,0.0,2335.0,2335.0,774.0,332.0,1318.0,566.0
1.0,2089.0,910.0,1117.0,331.0,2958.0,2958.0,781.0,336.0,637.0,273.0
1.0,1510.0,45.0,1097.0,2335.0,588.0,588.0,768.0,329.0,32.0,13.0
1.0,3800.0,165.0,1067.0,2958.0,0.0,0.0,747.0,320.0,116.0,49.0
1.0,6593.0,1106.0,1055.0,588.0,0.0,0.0,739.0,316.0,773.0,333.0
1.0,6075.0,2023.0,1074.0,0.0,244.0,244.0,752.0,322.0,1416.0,607.0
1.0,4052.0,2078.0,1108.0,0.0,2458.0,2458.0,775.0,333.0,1454.0,624.0
1.0,1974.0,1193.0,1122.0,244.0,3463.0,3463.0,785.0,337.0,836.0,357.0
1.0,1025.0,239.0,1101.0,2458.0,1160.0,1160.0,771.0,330.0,169.0,70.0
1.0,3244.0,238.0,1066.0,3463.0,0.0,0.0,747.0,319.0,166.0,72.0
1.0,6469.0,1173.0,1053.0,1160.0,0.0,0.0,737.0,316.0,819.0,354.0
1.0,6456.0,2099.0,1076.0,0.0,0.0,0.0,753.0,323.0,1469.0,630.0
1.0,4357.0,2030.0,1113.0,0.0,2125.0,2125.0,779.0,334.0,1424.0,606.0
1.0,2327.0,1068.0,1129.0,0.0,3257.0,3257.0,790.0,339.0,749.0,319.0
1.0,1259.0,118.0,1110.0,2125.0,1174.0,1174.0,777.0,333.0,82.0,36.0
1.0,3266.0,119.0,1073.0,3257.0,0.0,0.0,752.0,321.0,81.0,38.0
1.0,6404.0,1021.0,1058.0,1174.0,0.0,0.0,741.0,317.0,711.0,310.0
1.0,6557.0,1960.0,1080.0,0.0,0.0,0.0,756.0,324.0,1371.0,589.0
1.0,4597.0,2009.0,1118.0,0.0,1884.0,1884.0,782.0,336.0,1409.0,600.0
1.0,2588.0,1268.0,1136.0,0.0,3224.0,3224.0,795.0,341.0,891.0,377.0
1.0,1320.0,399.0,1118.0,1884.0,1667.0,1667.0,783.0,335.0,281.0,118.0
1.0,2805.0,243.0,1079.0,3224.0,0.0,0.0,756.0,323.0,167.0,76.0
1.0,5786.0,1075.0,1062.0,1667.0,0.0,0.0,744.0,318.0,749.0,326.0
1.0,6378.0,2043.0,1083.0,0.0,0.0,0.0,758.0,325.0,1428.0,615.0
1.0,4335.0,2177.0,1125.0,0.0,2342.0,2342.0,787.0,338.0,1528.0,649.0
1.0,2158.0,1258.0,1146.0,0.0,3684.0,3684.0,802.0,344.0,887.0,371.0
1.0,900.0,173.0,1125.0,2342.0,1431.0,1431.0,788.0,337.0,122.0,51.0
1.0,3069.0,4.0,1086.0,3684.0,0.0,0.0,760.0,326.0,0.0,4.0
1.0,6749.0,802.0,1064.0,1431.0,0.0,0.0,745.0,319.0,556.0,246.0
1.0,7378.0,1889.0,1083.0,0.0,0.0,0.0,758.0,325.0,1320.0,569.0
1.0,5489.0,2101.0,1121.0,0.0,1096.0,1096.0,785.0,336.0,1474.0,627.0
1.0,3388.0,1235.0,1141.0,0.0,2411.0,2411.0,799.0,342.0,869.0,366.0
1.0,2153.0,191.0,1121.0,1096.0,1426.0,1426.0,785.0,336.0,135.0,56.0
1.0,3058.0,82.0,1083.0,2411.0,0.0,0.0,758.0,325.0,54.0,28.0
1.0,5387.0,1079.0,1066.0,1426.0,0.0,0.0,746.0,320.0,750.0,329.0
1.0,5734.0,2170.0,1087.0,0.0,784.0,784.0,761.0,326.0,1517.0,653.0
1.0,3564.0,2204.0,1127.0,0.0,3148.0,3148.0,789.0,338.0,1546.0,658.0
1.0,1360.0,1231.0,1144.0,784.0,3663.0,3663.0,801.0,343.0,867.0,364.0
1.0,913.0,170.0,1123.0,3148.0,601.0,601.0,786.0,337.0,121.0,49.0
1.0,3891.0,34.0,1084.0,3663.0,0.0,0.0,759.0,325.0,22.0,12.0
1.0,7520.0,947.0,1067.0,601.0,0.0,0.0,747.0,320.0,659.0,288.0
1.0,7174.0,2027.0,1092.0,0.0,0.0,0.0,764.0,328.0,1416.0,611.0
1.0,5147.0,2171.0,1133.0,0.0,1556.0,1556.0,793.0,340.0,1521.0,650.0
1.0,2976.0,1224.0,1153.0,0.0,2860.0,2860.0,807.0,346.0,859.0,365.0
1.0,1752.0,163.0,1131.0,1556.0,1379.0,1379.0,792.0,339.0,116.0,47.0
1.0,3145.0,53.0,1091.0,2860.0,0.0,0.0,764.0,327.0,37.0,16.0
1.0,5952.0,1002.0,1072.0,1379.0,0.0,0.0,750.0,322.0,699.0,303.0
1.0,6329.0,2119.0,1093.0,0.0,162.0,162.0,765.0,328.0,1481.0,638.0
1.0,4210.0,2363.0,1134.0,0.0,2689.0,2689.0,794.0,340.0,1653.0,710.0
1.0,1847.0,1404.0,1156.0,162.0,4019.0,4019.0,809.0,347.0,987.0,417.0
1.0,605.0,213.0,1136.0,2689.0,1463.0,1463.0,795.0,341.0,153.0,60.0
1.0,3081.0,0.0,1096.0,4019.0,0.0,0.0,767.0,329.0,0.0,0.0
1.0,7100.0,822.0,1076.0,1463.0,0.0,0.0,753.0,323.0,571.0,251.0
1.0,7741.0,1896.0,1094.0,0.0,0.0,0.0,766.0,328.0,1323.0,573.0
1.0,5845.0,2111.0,1134.0,0.0,802.0,802.0,794.0,340.0,1478.0,633.0
1.0,3734.0,1299.0,1156.0,0.0,2189.0,2189.0,809.0,347.0,915.0,384.0
1.0,2435.0,263.0,1140.0,802.0,1586.0,1586.0,798.0,342.0,188.0,75.0
1.0,2974.0,0.0,1101.0,2189.0,0.0,0.0,771.0,330.0,0.0,0.0
1.0,5163.0,877.0,1078.0,1586.0,0.0,0.0,755.0,323.0,610.0,267.0
1.0,5872.0,2000.0,1093.0,0.0,500.0,500.0,765.0,328.0,1396.0,604.0
1.0,3872.0,2344.0,1134.0,0.0,3008.0,3008.0,794.0,340.0,1639.0,705.0
1.0,1528.0,1555.0,1159.0,500.0,4163.0,4163.0,811.0,348.0,1091.0,464.0
1.0,473.0,334.0,1143.0,3008.0,1425.0,1425.0,800.0,343.0,238.0,96.0
1.0,3147.0,0.0,1103.0,4163.0,0.0,0.0,772.0,331.0,0.0,0.0
1.0,7310.0,785.0,1079.0,1425.0,0.0,0.0,755.0,324.0,548.0,237.0
1.0,7950.0,1958.0,1096.0,0.0,0.0,0.0,767.0,329.0,1369.0,589.0
1.0,5992.0,2270.0,1137.0,0.0,826.0,826.0,796.0,341.0,1590.0,680.0
1.0,3722.0,1426.0,1163.0,0.0,2356.0,2356.0,814.0,349.0,998.0,428.0
1.0,2296.0,221.0,1147.0,826.0,1687.0,1687.0,803.0,344.0,155.0,66.0
1.0,2901.0,0.0,1110.0,2356.0,0.0,0.0,777.0,333.0,0.0,0.0
1.0,5257.0,860.0,1087.0,1687.0,0.0,0.0,761.0,326.0,602.0,258.0
1.0,6084.0,2032.0,1102.0,0.0,356.0,356.0,771.0,331.0,1421.0,611.0
1.0,4052.0,2330.0,1139.0,0.0,2834.0,2834.0,797.0,342.0,1631.0,699.0
1.0,1722.0,1496.0,1163.0,356.0,4070.0,4070.0,814.0,349.0,1050.0,446.0
1.0,582.0,409.0,1150.0,2834.0,1593.0,1593.0,805.0,345.0,289.0,120.0
1.0,3007.0,91.0,1113.0,4070.0,0.0,0.0,779.0,334.0,64.0,27.0
1.0,6986.0,922.0,1089.0,1593.0,0.0,0.0,762.0,327.0,643.0,279.0
1.0,7657.0,2051.0,1104.0,0.0,0.0,0.0,773.0,331.0,1431.0,620.0
1.0,5606.0,2344.0,1146.0,0.0,1322.0,1322.0,802.0,344.0,1638.0,706.0
1.0,3262.0,1372.0,1172.0,0.0,2798.0,2798.0,820.0,352.0,962.0,410.0
1.0,1890.0,69.0,1158.0,1322.0,1489.0,1489.0,811.0,347.0,54.0,15.0
1.0,3143.0,0.0,1121.0,2798.0,0.0,0.0,785.0,336.0,0.0,0.0
1.0,5941.0,767.0,1096.0,1489.0,0.0,0.0,767.0,329.0,535.0,232.0
1.0,6663.0,1909.0,1109.0,0.0,0.0,0.0,776.0,333.0,1333.0,576.0
1.0,4754.0,2344.0,1150.0,0.0,2190.0,2190.0,805.0,345.0,1642.0,702.0
1.0,2410.0,1650.0,1180.0,0.0,3960.0,3960.0,826.0,354.0,1158.0,492.0
1.0,760.0,496.0,1170.0,2190.0,2226.0,2226.0,819.0,351.0,350.0,146.0
1.0,2454.0,19.0,1128.0,3960.0,0.0,0.0,790.0,338.0,13.0,6.0
1.0,6395.0,768.0,1100.0,2226.0,0.0,0.0,770.0,330.0,533.0,235.0
1.0,7853.0,1953.0,1114.0,0.0,0.0,0.0,780.0,334.0,1363.0,590.0
1.0,5900.0,2389.0,1157.0,0.0,1117.0,1117.0,810.0,347.0,1674.0,715.0
1.0,3511.0,1571.0,1186.0,0.0,2804.0,2804.0,830.0,356.0,1107.0,464.0
1.0,1940.0,296.0,1174.0,1117.0,1935.0,1935.0,822.0,352.0,213.0,83.0
1.0,2761.0,0.0,1135.0,2804.0,0.0,0.0,795.0,340.0,0.0,0.0
1.0,5565.0,751.0,1107.0,1935.0,0.0,0.0,775.0,332.0,518.0,233.0
1.0,6749.0,1855.0,1120.0,0.0,0.0,0.0,784.0,336.0,1291.0,564.0
1.0,4894.0,2198.0,1159.0,0.0,1940.0,1940.0,811.0,348.0,1539.0,659.0
1.0,2696.0,1494.0,1187.0,0.0,3546.0,3546.0,831.0,356.0,1054.0,440.0
1.0,1202.0,447.0,1176.0,1940.0,2009.0,2009.0,823.0,353.0,319.0,128.0
1.0,2695.0,149.0,1138.0,3546.0,0.0,0.0,797.0,341.0,102.0,47.0
1.0,6092.0,912.0,1110.0,2009.0,0.0,0.0,777.0,333.0,630.0,282.0
1.0,7189.0,2044.0,1123.0,0.0,0.0,0.0,786.0,337.0,1426.0,618.0
1.0,5145.0,2317.0,1163.0,0.0,1824.0,1824.0,814.0,349.0,1627.0,690.0
1.0,2828.0,1436.0,1190.0,0.0,3368.0,3368.0,833.0,357.0,1012.0,424.0
1.0,1392.0,269.0,1180.0,1824.0,1773.0,1773.0,826.0,354.0,191.0,78.0
1.0,2947.0,0.0,1144.0,3368.0,0.0,0.0,801.0,343.0,0.0,0.0
1.0,6315.0,762.0,1117.0,1773.0,0.0,0.0,782.0,335.0,528.0,234.0
1.0,7326.0,1872.0,1129.0,0.0,0.0,0.0,790.0,339.0,1305.0,567.0
1.0,5454.0,2244.0,1166.0,0.0,1454.0,1454.0,816.0,350.0,1569.0,675.0
1.0,3210.0,1523.0,1196.0,0.0,3097.0,3097.0,837.0,359.0,1071.0,452.0
1.0,1687.0,463.0,1188.0,1454.0,2074.0,2074.0,832.0,356.0,329.0,134.0
1.0,2678.0,158.0,1153.0,3097.0,0.0,0.0,807.0,346.0,112.0,46.0
1.0,5617.0,875.0,1124.0,2074.0,0.0,0.0,787.0,337.0,609.0,266.0
1.0,6816.0,2010.0,1133.0,0.0,0.0,0.0,793.0,340.0,1403.0,607.0
1.0,4806.0,2366.0,1172.0,0.0,2248.0,2248.0,820.0,352.0,1654.0,712.0
1.0,2440.0,1559.0,1202.0,0.0,3927.0,3927.0,841.0,361.0,1093.0,466.0
1.0,881.0,424.0,1195.0,2248.0,2075.0,2075.0,837.0,358.0,302.0,122.0
1.0,2705.0,5.0,1157.0,3927.0,0.0,0.0,810.0,347.0,5.0,0.0
1.0,6627.0,726.0,1127.0,2075.0,0.0,0.0,789.0,338.0,504.0,222.0
1.0,7976.0,1740.0,1134.0,0.0,0.0,0.0,794.0,340.0,1214.0,526.0
1.0,6236.0,2108.0,1170.0,0.0,552.0,552.0,819.0,351.0,1477.0,631.0
1.0,4128.0,1424.0,1197.0,0.0,2084.0,2084.0,838.0,359.0,1001.0,423.0
1.0,2704.0,412.0,1189.0,552.0,1912.0,1912.0,832.0,357.0,290.0,122.0
1.0,2844.0,182.0,1153.0,2084.0,0.0,0.0,807.0,346.0,125.0,57.0
1.0,4746.0,1078.0,1129.0,1912.0,0.0,0.0,790.0,339.0,750.0,328.0
1.0,5580.0,2149.0,1142.0,0.0,1137.0,1137.0,799.0,343.0,1503.0,646.0
1.0,3431.0,2264.0,1177.0,0.0,3541.0,3541.0,824.0,353.0,1587.0,677.0
1.0,1167.0,1350.0,1202.0,1137.0,3854.0,3854.0,841.0,361.0,950.0,400.0
1.0,954.0,292.0,1190.0,3541.0,557.0,557.0,833.0,357.0,207.0,85.0
1.0,4203.0,78.0,1151.0,3854.0,0.0,0.0,806.0,345.0,54.0,24.0
1.0,7979.0,951.0,1124.0,557.0,0.0,0.0,787.0,337.0,661.0,290.0
1.0,7585.0,2021.0,1137.0,0.0,0.0,0.0,796.0,341.0,1412.0,609.0
1.0,5564.0,2221.0,1179.0,0.0,1373.0,1373.0,825.0,354.0,1556.0,665.0
1.0,3343.0,1334.0,1204.0,0.0,2807.0,2807.0,843.0,361.0,936.0,398.0
1.0,2009.0,209.0,1194.0,1373.0,1603.0,1603.0,836.0,358.0,147.0,62.0
1.0,3173.0,59.0,1158.0,2807.0,0.0,0.0,811.0,347.0,40.0,19.0
1.0,5921.0,1088.0,1134.0,1603.0,0.0,0.0,794.0,340.0,761.0,327.0
1.0,6436.0,2226.0,1144.0,0.0,366.0,366.0,801.0,343.0,1559.0,667.0
1.0,4210.0,2381.0,1181.0,0.0,2895.0,2895.0,827.0,354.0,1668.0,713.0
1.0,1829.0,1402.0,1207.0,366.0,4035.0,4035.0,845.0,362.0,980.0,422.0
1.0,793.0,298.0,1199.0,2895.0,1406.0,1406.0,839.0,360.0,207.0,91.0
1.0,3390.0,140.0,1164.0,4035.0,0.0,0.0,815.0,349.0,98.0,42.0
1.0,7285.0,1066.0,1138.0,1406.0,0.0,0.0,797.0,341.0,749.0,317.0
1.0,7625.0,2140.0,1150.0,0.0,0.0,0.0,805.0,345.0,1499.0,641.0
1.0,5485.0,2243.0,1187.0,0.0,1506.0,1506.0,831.0,356.0,1568.0,675.0
1.0,3242.0,1239.0,1210.0,0.0,2837.0,2837.0,847.0,363.0,864.0,375.0
1.0,2003.0,91.0,1198.0,1506.0,1374.0,1374.0,838.0,360.0,61.0,30.0
1.0,3418.0,6.0,1163.0,2837.0,0.0,0.0,814.0,349.0,6.0,0.0
1.0,6249.0,1140.0,1142.0,1374.0,0.0,0.0,800.0,342.0,802.0,338.0
1.0,6483.0,2344.0,1159.0,0.0,497.0,497.0,811.0,348.0,1643.0,701.0
1.0,4139.0,2398.0,1196.0,0.0,3043.0,3043.0,837.0,359.0,1678.0,720.0
1.0,1741.0,1338.0,1219.0,497.0,3976.0,3976.0,853.0,366.0,932.0,406.0
1.0,900.0,226.0,1206.0,3043.0,1107.0,1107.0,844.0,362.0,155.0,71.0
1.0,3717.0,147.0,1169.0,3976.0,0.0,0.0,818.0,351.0,104.0,43.0
1.0,7546.0,1202.0,1147.0,1107.0,0.0,0.0,803.0,344.0,844.0,358.0
1.0,7451.0,2300.0,1164.0,0.0,0.0,0.0,815.0,349.0,1613.0,687.0
1.0,5151.0,2298.0,1203.0,0.0,1959.0,1959.0,842.0,361.0,1610.0,688.0
1.0,2853.0,1187.0,1226.0,0.0,3238.0,3238.0,858.0,368.0,828.0,359.0
1.0,1666.0,16.0,1212.0,1959.0,1239.0,1239.0,848.0,364.0,7.0,9.0
1.0,3609.0,0.0,1176.0,3238.0,0.0,0.0,823.0,353.0,0.0,0.0
1.0,6847.0,1074.0,1153.0,1239.0,0.0,0.0,807.0,346.0,756.0,318.0
1.0,7012.0,2295.0,1168.0,0.0,0.0,0.0,818.0,350.0,1612.0,683.0
1.0,4717.0,2418.0,1206.0,0.0,2525.0,2525.0,844.0,362.0,1691.0,727.0
1.0,2299.0,1394.0,1229.0,0.0,4011.0,4011.0,860.0,369.0,970.0,424.0
1.0,905.0,208.0,1216.0,2525.0,1642.0,1642.0,851.0,365.0,141.0,67.0
1.0,3222.0,107.0,1180.0,4011.0,0.0,0.0,826.0,354.0,76.0,31.0
1.0,7126.0,1232.0,1158.0,1642.0,0.0,0.0,811.0,347.0,868.0,364.0
1.0,7536.0,2394.0,1174.0,0.0,0.0,0.0,822.0,352.0,1680.0,714.0
1.0,5142.0,2486.0,1214.0,0.0,2200.0,2200.0,850.0,364.0,1738.0,748.0
1.0,2656.0,1303.0,1239.0,0.0,3603.0,3603.0,867.0,372.0,907.0,396.0
1.0,1353.0,4.0,1225.0,2200.0,1351.0,1351.0,857.0,368.0,0.0,4.0
1.0,3549.0,0.0,1192.0,3603.0,0.0,0.0,834.0,358.0,0.0,0.0
1.0,7152.0,1049.0,1171.0,1351.0,0.0,0.0,820.0,351.0,737.0,312.0
1.0,7454.0,2212.0,1186.0,0.0,0.0,0.0,830.0,356.0,1552.0,660.0
1.0,5242.0,2334.0,1223.0,0.0,1984.0,1984.0,856.0,367.0,1636.0,698.0
1.0,2908.0,1322.0,1246.0,0.0,3398.0,3398.0,872.0,374.0,921.0,401.0
1.0,1586.0,240.0,1229.0,1984.0,1586.0,1586.0,860.0,369.0,164.0,76.0
1.0,3330.0,128.0,1190.0,3398.0,0.0,0.0,833.0,357.0,89.0,39.0
1.0,6600.0,1142.0,1169.0,1586.0,0.0,0.0,818.0,351.0,804.0,338.0
1.0,7044.0,2274.0,1186.0,0.0,0.0,0.0,830.0,356.0,1594.0,680.0
1.0,4770.0,2366.0,1226.0,0.0,2500.0,2500.0,858.0,368.0,1655.0,711.0
1.0,2404.0,1356.0,1251.0,0.0,3956.0,3956.0,876.0,375.0,947.0,409.0
1.0,1048.0,186.0,1236.0,2500.0,1582.0,1582.0,865.0,371.0,130.0,56.0
1.0,3362.0,0.0,1197.0,3956.0,0.0,0.0,838.0,359.0,0.0,0.0
1.0,7318.0,989.0,1174.0,1582.0,0.0,0.0,822.0,352.0,692.0,297.0
1.0,7911.0,2166.0,1190.0,0.0,0.0,0.0,833.0,357.0,1517.0,649.0
1.0,5745.0,2413.0,1232.0,0.0,1596.0,1596.0,862.0,370.0,1690.0,723.0
1.0,3332.0,1456.0,1259.0,0.0,3160.0,3160.0,881.0,378.0,1019.0,437.0
1.0,1876.0,264.0,1243.0,1596.0,1764.0,1764.0,870.0,373.0,184.0,80.0
1.0,3208.0,76.0,1202.0,3160.0,0.0,0.0,841.0,361.0,54.0,22.0
1.0,6292.0,1129.0,1177.0,1764.0,0.0,0.0,824.0,353.0,790.0,339.0
1.0,6927.0,2378.0,1196.0,0.0,235.0,235.0,837.0,359.0,1665.0,713.0
1.0,4549.0,2548.0,1240.0,0.0,2959.0,2959.0,868.0,372.0,1784.0,764.0
1.0,2001.0,1466.0,1266.0,235.0,4294.0,4294.0,886.0,380.0,1025.0,441.0
1.0,770.0,195.0,1249.0,2959.0,1462.0,1462.0,874.0,375.0,135.0,60.0
1.0,3534.0,0.0,1207.0,4294.0,0.0,0.0,845.0,362.0,0.0,0.0
1.0,7828.0,944.0,1183.0,1462.0,0.0,0.0,828.0,355.0,663.0,281.0
1.0,8346.0,2100.0,1199.0,0.0,0.0,0.0,839.0,360.0,1472.0,628.0
1.0,6246.0,2310.0,1241.0,0.0,1028.0,1028.0,869.0,372.0,1618.0,692.0
1.0,3936.0,1388.0,1268.0,0.0,2524.0,2524.0,888.0,380.0,968.0,420.0
1.0,2548.0,302.0,1252.0,1028.0,1734.0,1734.0,876.0,376.0,207.0,95.0
1.0,3274.0,181.0,1210.0,2524.0,0.0,0.0,847.0,363.0,127.0,54.0
1.0,5617.0,1119.0,1186.0,1734.0,0.0,0.0,830.0,356.0,789.0,330.0
1.0,6232.0,2225.0,1203.0,0.0,805.0,805.0,842.0,361.0,1563.0,662.0
1.0,4007.0,2407.0,1245.0,0.0,3380.0,3380.0,872.0,373.0,1685.0,722.0
1.0,1600.0,1522.0,1271.0,805.0,4201.0,4201.0,890.0,381.0,1058.0,464.0
1.0,883.0,436.0,1256.0,3380.0,1197.0,1197.0,879.0,377.0,299.0,137.0
1.0,3827.0,161.0,1216.0,4201.0,0.0,0.0,851.0,365.0,114.0,47.0
1.0,7867.0,915.0,1189.0,1197.0,0.0,0.0,832.0,357.0,648.0,267.0
1.0,8149.0,1974.0,1204.0,0.0,0.0,0.0,843.0,361.0,1388.0,586.0
1.0,6175.0,2230.0,1247.0,0.0,1043.0,1043.0,873.0,374.0,1561.0,669.0
1.0,3945.0,1441.0,1274.0,0.0,2592.0,2592.0,892.0,382.0,1001.0,440.0
1.0,2504.0,422.0,1262.0,1043.0,1923.0,1923.0,883.0,379.0,288.0,134.0
1.0,3125.0,188.0,1222.0,2592.0,0.0,0.0,855.0,367.0,132.0,56.0
1.0,5529.0,1033.0,1194.0,1923.0,0.0,0.0,836.0,358.0,729.0,304.0
1.0,6419.0,2141.0,1209.0,0.0,558.0,558.0,846.0,363.0,1505.0,636.0
1.0,4278.0,2379.0,1251.0,0.0,3105.0,3105.0,876.0,375.0,1666.0,713.0
1.0,1899.0,1552.0,1278.0,558.0,4207.0,4207.0,895.0,383.0,1081.0,471.0
1.0,905.0,513.0,1265.0,3105.0,1563.0,1563.0,885.0,380.0,354.0,159.0
1.0,3497.0,208.0,1223.0,4207.0,0.0,0.0,856.0,367.0,145.0,63.0
1.0,7496.0,948.0,1193.0,1563.0,0.0,0.0,835.0,358.0,668.0,280.0
1.0,8111.0,1960.0,1206.0,0.0,0.0,0.0,844.0,362.0,1377.0,583.0
1.0,6151.0,2277.0,1250.0,0.0,1126.0,1126.0,875.0,375.0,1596.0,681.0
1.0,3874.0,1529.0,1278.0,0.0,2767.0,2767.0,895.0,383.0,1067.0,462.0
1.0,2345.0,443.0,1267.0,1126.0,2040.0,2040.0,887.0,380.0,303.0,140.0
1.0,3028.0,40.0,1226.0,2767.0,0.0,0.0,858.0,368.0,26.0,14.0
1.0,5755.0,791.0,1196.0,2040.0,0.0,0.0,837.0,359.0,560.0,231.0
1.0,7004.0,2015.0,1209.0,0.0,0.0,0.0,846.0,363.0,1416.0,599.0
1.0,4989.0,2499.0,1253.0,0.0,2522.0,2522.0,877.0,376.0,1750.0,749.0
1.0,2490.0,1751.0,1284.0,0.0,4397.0,4397.0,899.0,385.0,1221.0,530.0
1.0,739.0,583.0,1273.0,2522.0,2414.0,2414.0,891.0,382.0,401.0,182.0
1.0,2678.0,162.0,1232.0,4397.0,0.0,0.0,862.0,370.0,112.0,50.0
1.0,6913.0,867.0,1203.0,2414.0,0.0,0.0,842.0,361.0,614.0,253.0
1.0,8460.0,2016.0,1216.0,0.0,0.0,0.0,851.0,365.0,1418.0,598.0
1.0,6444.0,2291.0,1257.0,0.0,875.0,875.0,880.0,377.0,1605.0,686.0
1.0,4153.0,1550.0,1287.0,0.0,2545.0,2545.0,901.0,386.0,1079.0,471.0
1.0,2603.0,462.0,1276.0,875.0,2088.0,2088.0,893.0,383.0,316.0,146.0
1.0,3016.0,108.0,1237.0,2545.0,0.0,0.0,866.0,371.0,74.0,34.0
1.0,5453.0,846.0,1207.0,2088.0,0.0,0.0,845.0,362.0,598.0,248.0
1.0,6695.0,1972.0,1217.0,0.0,145.0,145.0,852.0,365.0,1388.0,584.0
1.0,4723.0,2372.0,1257.0,0.0,2677.0,2677.0,880.0,377.0,1662.0,710.0
1.0,2351.0,1721.0,1289.0,145.0,4381.0,4381.0,902.0,387.0,1197.0,524.0
1.0,775.0,646.0,1279.0,2677.0,2310.0,2310.0,895.0,384.0,443.0,203.0
1.0,2806.0,209.0,1237.0,4381.0,0.0,0.0,866.0,371.0,146.0,63.0
1.0,6978.0,912.0,1206.0,2310.0,0.0,0.0,844.0,362.0,646.0,266.0
1.0,8376.0,1971.0,1216.0,0.0,0.0,0.0,851.0,365.0,1388.0,583.0
1.0,6405.0,2342.0,1257.0,0.0,965.0,965.0,880.0,377.0,1640.0,702.0
1.0,4063.0,1652.0,1289.0,0.0,2745.0,2745.0,902.0,387.0,1150.0,502.0
1.0,2411.0,501.0,1280.0,965.0,2245.0,2245.0,896.0,384.0,344.0,157.0
1.0,2875.0,0.0,1240.0,2745.0,0.0,0.0,868.0,372.0,0.0,0.0
1.0,5620.0,656.0,1209.0,2245.0,0.0,0.0,846.0,363.0,465.0,191.0
1.0,7209.0,1883.0,1218.0,0.0,0.0,0.0,853.0,365.0,1324.0,559.0
1.0,5326.0,2477.0,1260.0,0.0,2191.0,2191.0,882.0,378.0,1735.0,742.0
1.0,2849.0,1829.0,1291.0,0.0,4144.0,4144.0,904.0,387.0,1274.0,555.0
1.0,1020.0,616.0,1282.0,2191.0,2533.0,2533.0,897.0,385.0,425.0,191.0
1.0,2595.0,67.0,1240.0,4144.0,0.0,0.0,868.0,372.0,47.0,20.0
1.0,6672.0,811.0,1209.0,2533.0,0.0,0.0,846.0,363.0,571.0,240.0
1.0,8394.0,2071.0,1220.0,0.0,0.0,0.0,854.0,366.0,1453.0,618.0
1.0,6323.0,2537.0,1260.0,0.0,1254.0,1254.0,882.0,378.0,1779.0,758.0
1.0,3786.0,1750.0,1291.0,0.0,3128.0,3128.0,904.0,387.0,1222.0,528.0
1.0,2036.0,513.0,1283.0,1254.0,2355.0,2355.0,898.0,385.0,355.0,158.0
1.0,2777.0,0.0,1245.0,3128.0,0.0,0.0,871.0,374.0,0.0,0.0
1.0,5905.0,687.0,1216.0,2355.0,0.0,0.0,851.0,365.0,481.0,206.0
1.0,7573.0,1925.0,1224.0,0.0,0.0,0.0,857.0,367.0,1349.0,576.0
1.0,5648.0,2458.0,1264.0,0.0,1866.0,1866.0,885.0,379.0,1722.0,736.0
1.0,3190.0,1878.0,1297.0,0.0,3876.0,3876.0,908.0,389.0,1314.0,564.0
1.0,1312.0,697.0,1290.0,1866.0,2679.0,2679.0,903.0,387.0,486.0,211.0
1.0,2481.0,109.0,1251.0,3876.0,0.0,0.0,876.0,375.0,75.0,34.0
1.0,6248.0,720.0,1219.0,2679.0,0.0,0.0,853.0,366.0,505.0,215.0
1.0,8207.0,2017.0,1228.0,0.0,0.0,0.0,860.0,368.0,1417.0,600.0
1.0,6190.0,2603.0,1268.0,0.0,1485.0,1485.0,888.0,380.0,1825.0,778.0
1.0,3587.0,1982.0,1303.0,0.0,3607.0,3607.0,912.0,391.0,1385.0,597.0
1.0,1605.0,607.0,1296.0,1485.0,2701.0,2701.0,907.0,389.0,420.0,187.0
1.0,2483.0,0.0,1259.0,3607.0,0.0,0.0,881.0,378.0,0.0,0.0
1.0,6090.0,504.0,1224.0,2701.0,0.0,0.0,857.0,367.0,355.0,149.0
1.0,8287.0,1748.0,1228.0,0.0,0.0,0.0,860.0,368.0,1226.0,522.0
1.0,6539.0,2494.0,1268.0,0.0,1027.0,1027.0,888.0,380.0,1747.0,747.0
1.0,4045.0,1964.0,1304.0,0.0,3135.0,3135.0,913.0,391.0,1372.0,592.0
1.0,2081.0,734.0,1303.0,1027.0,2838.0,2838.0,912.0,391.0,511.0,223.0
1.0,2374.0,36.0,1266.0,3135.0,0.0,0.0,886.0,380.0,25.0,11.0
1.0,5473.0,610.0,1229.0,2838.0,0.0,0.0,860.0,369.0,428.0,182.0
1.0,7701.0,1971.0,1233.0,0.0,0.0,0.0,863.0,370.0,1382.0,589.0
1.0,5730.0,2704.0,1274.0,0.0,2070.0,2070.0,892.0,382.0,1894.0,810.0
1.0,3026.0,2127.0,1312.0,0.0,4349.0,4349.0,919.0,393.0,1486.0,641.0
1.0,899.0,796.0,1310.0,2070.0,3067.0,3067.0,917.0,393.0,554.0,242.0
1.0,2173.0,0.0,1272.0,4349.0,0.0,0.0,890.0,382.0,0.0,0.0
1.0,6522.0,481.0,1237.0,3067.0,0.0,0.0,866.0,371.0,339.0,142.0
1.0,9108.0,1711.0,1240.0,0.0,0.0,0.0,868.0,372.0,1200.0,511.0
1.0,7397.0,2446.0,1278.0,0.0,161.0,161.0,895.0,383.0,1712.0,734.0
1.0,4951.0,1941.0,1314.0,0.0,2246.0,2246.0,920.0,394.0,1356.0,585.0
1.0,3010.0,701.0,1310.0,161.0,2770.0,2770.0,917.0,393.0,488.0,213.0
1.0,2470.0,34.0,1273.0,2246.0,410.0,410.0,891.0,382.0,25.0,9.0
1.0,4682.0,665.0,1240.0,2770.0,0.0,0.0,868.0,372.0,468.0,197.0
1.0,6787.0,1852.0,1243.0,410.0,0.0,0.0,870.0,373.0,1299.0,553.0
1.0,5345.0,2498.0,1278.0,0.0,2265.0,2265.0,895.0,383.0,1749.0,749.0
1.0,2847.0,2043.0,1314.0,0.0,4452.0,4452.0,920.0,394.0,1426.0,617.0
1.0,804.0,953.0,1315.0,2265.0,3144.0,3144.0,920.0,395.0,664.0,289.0
1.0,2116.0,277.0,1282.0,4452.0,0.0,0.0,897.0,385.0,193.0,84.0
1.0,6291.0,645.0,1250.0,3144.0,0.0,0.0,875.0,375.0,455.0,190.0
1.0,8790.0,1733.0,1251.0,0.0,0.0,0.0,876.0,375.0,1219.0,514.0
1.0,7057.0,2383.0,1287.0,0.0,474.0,474.0,901.0,386.0,1669.0,714.0
1.0,4674.0,1899.0,1324.0,0.0,2521.0,2521.0,927.0,397.0,1324.0,575.0
1.0,2775.0,763.0,1326.0,474.0,2818.0,2818.0,928.0,398.0,528.0,235.0
1.0,2486.0,150.0,1293.0,2521.0,315.0,315.0,905.0,388.0,105.0,45.0
1.0,4857.0,638.0,1257.0,2818.0,0.0,0.0,880.0,377.0,453.0,185.0
1.0,7037.0,1808.0,1257.0,315.0,0.0,0.0,880.0,377.0,1270.0,538.0
1.0,5544.0,2515.0,1294.0,0.0,2147.0,2147.0,906.0,388.0,1760.0,755.0
1.0,3029.0,2040.0,1331.0,0.0,4335.0,4335.0,932.0,399.0,1424.0,616.0
1.0,989.0,876.0,1333.0,2147.0,3072.0,3072.0,933.0,400.0,610.0,266.0
1.0,2260.0,193.0,1296.0,4335.0,0.0,0.0,907.0,389.0,133.0,60.0
1.0,6402.0,632.0,1260.0,3072.0,0.0,0.0,882.0,378.0,445.0,187.0
1.0,8842.0,1698.0,1259.0,0.0,0.0,0.0,881.0,378.0,1192.0,506.0
1.0,7144.0,2377.0,1294.0,0.0,409.0,409.0,906.0,388.0,1666.0,711.0
1.0,4767.0,2006.0,1333.0,0.0,2571.0,2571.0,933.0,400.0,1404.0,602.0
1.0,2761.0,961.0,1339.0,409.0,3147.0,3147.0,937.0,402.0,670.0,291.0
1.0,2209.0,225.0,1306.0,2571.0,669.0,669.0,914.0,392.0,155.0,70.0
1.0,4555.0,491.0,1268.0,3147.0,0.0,0.0,888.0,380.0,344.0,147.0
1.0,7211.0,1532.0,1261.0,669.0,0.0,0.0,883.0,378.0,1074.0,458.0
1.0,6348.0,2321.0,1293.0,0.0,1145.0,1145.0,905.0,388.0,1626.0,695.0
1.0,4027.0,2104.0,1331.0,0.0,3401.0,3401.0,932.0,399.0,1474.0,630.0
1.0,1923.0,1184.0,1340.0,1145.0,3476.0,3476.0,938.0,402.0,830.0,354.0
1.0,1884.0,450.0,1310.0,3401.0,405.0,405.0,917.0,393.0,314.0,136.0
1.0,4835.0,715.0,1273.0,3476.0,0.0,0.0,891.0,382.0,498.0,217.0
1.0,7596.0,1626.0,1266.0,405.0,0.0,0.0,886.0,380.0,1137.0,489.0
1.0,6375.0,2260.0,1299.0,0.0,1081.0,1081.0,909.0,390.0,1582.0,678.0
1.0,4115.0,1983.0,1337.0,0.0,3216.0,3216.0,936.0,401.0,1392.0,591.0
1.0,2132.0,1035.0,1347.0,1081.0,3210.0,3210.0,943.0,404.0,727.0,308.0
1.0,2178.0,332.0,1320.0,3216.0,218.0,218.0,924.0,396.0,231.0,101.0
1.0,5062.0,570.0,1283.0,3210.0,0.0,0.0,898.0,385.0,395.0,175.0
1.0,7702.0,1567.0,1274.0,218.0,0.0,0.0,892.0,382.0,1097.0,470.0
1.0,6353.0,2244.0,1304.0,0.0,1107.0,1107.0,913.0,391.0,1575.0,669.0
1.0,4109.0,1984.0,1341.0,0.0,3239.0,3239.0,939.0,402.0,1390.0,594.0
1.0,2125.0,1078.0,1350.0,1107.0,3246.0,3246.0,945.0,405.0,753.0,325.0
1.0,2154.0,518.0,1323.0,3239.0,417.0,417.0,926.0,397.0,360.0,158.0
1.0,4875.0,773.0,1286.0,3246.0,0.0,0.0,900.0,386.0,540.0,233.0
1.0,7348.0,1666.0,1277.0,417.0,0.0,0.0,894.0,383.0,1168.0,498.0
1.0,6099.0,2284.0,1305.0,0.0,1405.0,1405.0,914.0,391.0,1603.0,681.0
1.0,3815.0,2033.0,1344.0,0.0,3594.0,3594.0,941.0,403.0,1424.0,609.0
1.0,1782.0,1031.0,1354.0,1405.0,3260.0,3260.0,948.0,406.0,718.0,313.0
1.0,2156.0,265.0,1327.0,3594.0,0.0,0.0,929.0,398.0,181.0,84.0
1.0,5485.0,526.0,1290.0,3260.0,0.0,0.0,903.0,387.0,369.0,157.0
1.0,8219.0,1541.0,1283.0,0.0,0.0,0.0,898.0,385.0,1082.0,459.0
1.0,6678.0,2360.0,1314.0,0.0,938.0,938.0,920.0,394.0,1657.0,703.0
1.0,4318.0,2104.0,1354.0,0.0,3202.0,3202.0,948.0,406.0,1472.0,632.0
1.0,2214.0,1114.0,1363.0,938.0,3414.0,3414.0,954.0,409.0,775.0,339.0
1.0,2038.0,350.0,1334.0,3202.0,446.0,446.0,934.0,400.0,242.0,108.0
1.0,4890.0,574.0,1297.0,3414.0,0.0,0.0,908.0,389.0,401.0,173.0
1.0,7730.0,1641.0,1289.0,446.0,0.0,0.0,902.0,387.0,1152.0,489.0
1.0,6535.0,2460.0,1318.0,0.0,1197.0,1197.0,923.0,395.0,1726.0,734.0
1.0,4075.0,2206.0,1355.0,0.0,3551.0,3551.0,949.0,406.0,1545.0,661.0
1.0,1869.0,1118.0,1364.0,1197.0,3508.0,3508.0,955.0,409.0,781.0,337.0
1.0,1948.0,252.0,1336.0,3551.0,97.0,97.0,935.0,401.0,173.0,79.0
1.0,5247.0,418.0,1297.0,3508.0,0.0,0.0,908.0,389.0,291.0,127.0
1.0,8337.0,1395.0,1288.0,97.0,0.0,0.0,902.0,386.0,978.0,417.0
1.0,7039.0,2241.0,1317.0,0.0,470.0,470.0,922.0,395.0,1572.0,669.0
1.0,4798.0,2127.0,1354.0,0.0,2745.0,2745.0,948.0,406.0,1491.0,636.0
1.0,2671.0,1187.0,1365.0,470.0,3506.0,3506.0,956.0,409.0,831.0,356.0
1.0,1954.0,381.0,1337.0,2745.0,1030.0,1030.0,936.0,401.0,265.0,116.0
1.0,4318.0,572.0,1300.0,3506.0,0.0,0.0,910.0,390.0,400.0,172.0
1.0,7252.0,1642.0,1293.0,1030.0,0.0,0.0,905.0,388.0,1149.0,493.0
1.0,6640.0,2529.0,1324.0,0.0,1185.0,1185.0,927.0,397.0,1770.0,759.0
1.0,4111.0,2286.0,1365.0,0.0,3635.0,3635.0,956.0,409.0,1600.0,686.0
1.0,1825.0,1188.0,1376.0,1185.0,3682.0,3682.0,963.0,413.0,831.0,357.0
1.0,1822.0,253.0,1347.0,3635.0,184.0,184.0,943.0,404.0,178.0,75.0
1.0,5204.0,362.0,1309.0,3682.0,0.0,0.0,916.0,393.0,255.0,107.0
1.0,8524.0,1375.0,1297.0,184.0,0.0,0.0,908.0,389.0,962.0,413.0
1.0,7333.0,2237.0,1321.0,0.0,188.0,188.0,925.0,396.0,1565.0,672.0
1.0,5096.0,2161.0,1358.0,0.0,2497.0,2497.0,951.0,407.0,1512.0,649.0
1.0,2935.0,1235.0,1373.0,188.0,3604.0,3604.0,961.0,412.0,863.0,372.0
1.0,1888.0,431.0,1351.0,2497.0,1450.0,1450.0,946.0,405.0,302.0,129.0
1.0,3954.0,542.0,1317.0,3604.0,0.0,0.0,922.0,395.0,380.0,162.0
1.0,7016.0,1529.0,1307.0,1450.0,0.0,0.0,915.0,392.0,1072.0,457.0
1.0,6937.0,2370.0,1330.0,0.0,753.0,753.0,931.0,399.0,1660.0,710.0
1.0,4567.0,2238.0,1364.0,0.0,3127.0,3127.0,955.0,409.0,1566.0,672.0
1.0,2329.0,1265.0,1374.0,753.0,3679.0,3679.0,962.0,412.0,884.0,381.0
1.0,1817.0,413.0,1351.0,3127.0,873.0,873.0,946.0,405.0,288.0,125.0
1.0,4531.0,520.0,1317.0,3679.0,0.0,0.0,922.0,395.0,366.0,154.0
1.0,7690.0,1413.0,1307.0,873.0,0.0,0.0,915.0,392.0,991.0,422.0
1.0,7150.0,2212.0,1329.0,0.0,378.0,378.0,930.0,399.0,1548.0,664.0
1.0,4938.0,2042.0,1362.0,0.0,2552.0,2552.0,953.0,409.0,1427.0,615.0
1.0,2896.0,1188.0,1374.0,378.0,3410.0,3410.0,962.0,412.0,828.0,360.0
1.0,2086.0,398.0,1351.0,2552.0,1164.0,1164.0,946.0,405.0,279.0,119.0
1.0,4240.0,491.0,1317.0,3410.0,0.0,0.0,922.0,395.0,349.0,142.0
1.0,7159.0,1444.0,1307.0,1164.0,0.0,0.0,915.0,392.0,1013.0,431.0
1.0,6879.0,2307.0,1331.0,0.0,752.0,752.0,932.0,399.0,1612.0,695.0
1.0,4572.0,2391.0,1367.0,0.0,3287.0,3287.0,957.0,410.0,1671.0,720.0
1.0,2181.0,1529.0,1381.0,752.0,4120.0,4120.0,967.0,414.0,1069.0,460.0
1.0,1404.0,561.0,1360.0,3287.0,1310.0,1310.0,952.0,408.0,394.0,167.0
1.0,4130.0,425.0,1324.0,4120.0,0.0,0.0,927.0,397.0,300.0,125.0
1.0,7825.0,1224.0,1309.0,1310.0,0.0,0.0,916.0,393.0,858.0,366.0
1.0,7911.0,2160.0,1331.0,0.0,0.0,0.0,932.0,399.0,1512.0,648.0
1.0,5751.0,2269.0,1370.0,0.0,1998.0,1998.0,959.0,411.0,1588.0,681.0
1.0,3482.0,1419.0,1386.0,0.0,3481.0,3481.0,970.0,416.0,990.0,429.0
1.0,2063.0,417.0,1364.0,1998.0,1812.0,1812.0,955.0,409.0,289.0,128.0
1.0,3644.0,318.0,1326.0,3481.0,0.0,0.0,928.0,398.0,226.0,92.0
1.0,6807.0,1236.0,1309.0,1812.0,0.0,0.0,916.0,393.0,869.0,367.0
1.0,7383.0,2301.0,1331.0,0.0,242.0,242.0,932.0,399.0,1611.0,690.0
1.0,5082.0,2537.0,1374.0,0.0,2951.0,2951.0,962.0,412.0,1772.0,765.0
1.0,2545.0,1616.0,1394.0,242.0,4405.0,4405.0,976.0,418.0,1128.0,488.0
1.0,1171.0,533.0,1373.0,2951.0,1903.0,1903.0,961.0,412.0,374.0,159.0
1.0,3589.0,357.0,1332.0,4405.0,0.0,0.0,932.0,400.0,255.0,102.0
1.0,7637.0,1203.0,1313.0,1903.0,0.0,0.0,919.0,394.0,846.0,357.0
1.0,8337.0,2182.0,1333.0,0.0,0.0,0.0,933.0,400.0,1525.0,657.0
1.0,6155.0,2298.0,1373.0,0.0,1635.0,1635.0,961.0,412.0,1602.0,696.0
1.0,3857.0,1413.0,1392.0,0.0,3124.0,3124.0,974.0,418.0,985.0,428.0
1.0,2444.0,449.0,1373.0,1635.0,1862.0,1862.0,961.0,412.0,315.0,134.0
1.0,3630.0,236.0,1334.0,3124.0,0.0,0.0,934.0,400.0,173.0,63.0
1.0,6518.0,1094.0,1315.0,1862.0,0.0,0.0,921.0,394.0,773.0,321.0
1.0,7286.0,2247.0,1336.0,0.0,305.0,305.0,935.0,401.0,1571.0,676.0
1.0,5039.0,2496.0,1376.0,0.0,2961.0,2961.0,963.0,413.0,1738.0,758.0
1.0,2543.0,1671.0,1397.0,305.0,4411.0,4411.0,978.0,419.0,1164.0,507.0
1.0,1177.0,602.0,1377.0,2961.0,1972.0,1972.0,964.0,413.0,425.0,177.0
1.0,3536.0,377.0,1336.0,4411.0,0.0,0.0,935.0,401.0,273.0,104.0
1.0,7570.0,1204.0,1315.0,1972.0,0.0,0.0,921.0,394.0,848.0,356.0
1.0,8338.0,2260.0,1336.0,0.0,0.0,0.0,935.0,401.0,1578.0,682.0
1.0,6078.0,2442.0,1377.0,0.0,1872.0,1872.0,964.0,413.0,1699.0,743.0
1.0,3636.0,1556.0,1400.0,0.0,3520.0,3520.0,980.0,420.0,1084.0,472.0
1.0,2080.0,464.0,1383.0,1872.0,2044.0,2044.0,968.0,415.0,331.0,133.0
1.0,3488.0,131.0,1343.0,3520.0,0.0,0.0,940.0,403.0,103.0,28.0
1.0,6877.0,913.0,1318.0,2044.0,0.0,0.0,923.0,395.0,643.0,270.0
1.0,8008.0,2092.0,1335.0,0.0,0.0,0.0,935.0,400.0,1457.0,635.0
1.0,5916.0,2596.0,1377.0,0.0,2188.0,2188.0,964.0,413.0,1804.0,792.0
1.0,3320.0,1858.0,1402.0,0.0,4146.0,4146.0,981.0,421.0,1295.0,563.0
1.0,1462.0,639.0,1385.0,2188.0,2529.0,2529.0,969.0,416.0,458.0,181.0
1.0,3011.0,218.0,1344.0,4146.0,0.0,0.0,941.0,403.0,166.0,52.0
1.0,6939.0,1087.0,1321.0,2529.0,0.0,0.0,925.0,396.0,766.0,321.0
1.0,8381.0,2268.0,1341.0,0.0,0.0,0.0,939.0,402.0,1579.0,689.0
1.0,6113.0,2540.0,1382.0,0.0,1955.0,1955.0,967.0,415.0,1763.0,777.0
1.0,3573.0,1741.0,1405.0,0.0,3788.0,3788.0,983.0,422.0,1212.0,529.0
1.0,1832.0,589.0,1389.0,1955.0,2358.0,2358.0,972.0,417.0,422.0,167.0
1.0,3198.0,153.0,1350.0,3788.0,0.0,0.0,945.0,405.0,122.0,31.0
1.0,6833.0,864.0,1327.0,2358.0,0.0,0.0,929.0,398.0,611.0,253.0
1.0,8327.0,2078.0,1344.0,0.0,0.0,0.0,941.0,403.0,1446.0,632.0
1.0,6249.0,2617.0,1387.0,0.0,1916.0,1916.0,971.0,416.0,1817.0,800.0
1.0,3632.0,1937.0,1415.0,0.0,3965.0,3965.0,990.0,425.0,1349.0,588.0
1.0,1695.0,755.0,1402.0,1916.0,2752.0,2752.0,981.0,421.0,538.0,217.0
1.0,2856.0,327.0,1363.0,3965.0,0.0,0.0,954.0,409.0,245.0,82.0
1.0,6494.0,1112.0,1338.0,2752.0,0.0,0.0,937.0,401.0,785.0,327.0
1.0,8134.0,2175.0,1351.0,0.0,0.0,0.0,946.0,405.0,1512.0,663.0
1.0,5959.0,2528.0,1389.0,0.0,2125.0,2125.0,972.0,417.0,1754.0,774.0
1.0,3431.0,1815.0,1416.0,0.0,4048.0,4048.0,991.0,425.0,1264.0,551.0
1.0,1616.0,697.0,1406.0,2125.0,2580.0,2580.0,984.0,422.0,497.0,200.0
1.0,3044.0,275.0,1370.0,4048.0,0.0,0.0,959.0,411.0,209.0,66.0
1.0,6817.0,914.0,1344.0,2580.0,0.0,0.0,941.0,403.0,647.0,267.0
1.0,8483.0,1989.0,1354.0,0.0,0.0,0.0,948.0,406.0,1383.0,606.0
1.0,6494.0,2414.0,1393.0,0.0,1492.0,1492.0,975.0,418.0,1672.0,742.0
1.0,4080.0,1718.0,1419.0,0.0,3314.0,3314.0,993.0,426.0,1194.0,524.0
1.0,2362.0,708.0,1409.0,1492.0,2490.0,2490.0,986.0,423.0,506.0,202.0
1.0,3146.0,391.0,1373.0,3314.0,0.0,0.0,961.0,412.0,293.0,98.0
1.0,6069.0,1099.0,1345.0,2490.0,0.0,0.0,942.0,403.0,778.0,321.0
1.0,7460.0,2102.0,1354.0,0.0,58.0,58.0,948.0,406.0,1461.0,641.0
1.0,5358.0,2464.0,1392.0,0.0,2674.0,2674.0,974.0,418.0,1706.0,758.0
1.0,2894.0,1885.0,1421.0,58.0,4617.0,4617.0,994.0,427.0,1312.0,573.0
1.0,1067.0,873.0,1415.0,2674.0,2792.0,2792.0,990.0,425.0,621.0,252.0
1.0,2868.0,361.0,1380.0,4617.0,0.0,0.0,966.0,414.0,270.0,91.0
1.0,7124.0,881.0,1352.0,2792.0,0.0,0.0,947.0,405.0,625.0,256.0
1.0,9035.0,1929.0,1362.0,0.0,0.0,0.0,954.0,408.0,1341.0,588.0
1.0,7106.0,2384.0,1400.0,0.0,878.0,878.0,980.0,420.0,1651.0,733.0
1.0,4722.0,1830.0,1430.0,0.0,2828.0,2828.0,1001.0,429.0,1272.0,558.0
1.0,2892.0,841.0,1425.0,878.0,2771.0,2771.0,997.0,428.0,599.0,242.0
1.0,2929.0,428.0,1390.0,2828.0,231.0,231.0,973.0,417.0,316.0,112.0
1.0,5329.0,978.0,1361.0,2771.0,0.0,0.0,953.0,408.0,692.0,286.0
1.0,7122.0,1999.0,1367.0,231.0,114.0,114.0,957.0,410.0,1390.0,609.0
1.0,5354.0,2486.0,1403.0,0.0,2744.0,2744.0,982.0,421.0,1725.0,761.0
1.0,2868.0,1927.0,1433.0,114.0,4677.0,4677.0,1003.0,430.0,1343.0,584.0
1.0,1055.0,938.0,1428.0,2744.0,2851.0,2851.0,999.0,429.0,664.0,274.0
1.0,2861.0,468.0,1394.0,4677.0,0.0,0.0,976.0,418.0,341.0,127.0
1.0,7070.0,937.0,1365.0,2851.0,0.0,0.0,956.0,409.0,662.0,275.0
1.0,8984.0,1840.0,1370.0,0.0,0.0,0.0,959.0,411.0,1281.0,559.0
1.0,7144.0,2313.0,1406.0,0.0,793.0,793.0,984.0,422.0,1607.0,706.0
1.0,4831.0,1862.0,1439.0,0.0,2787.0,2787.0,1007.0,432.0,1298.0,564.0
1.0,2969.0,914.0,1439.0,793.0,2908.0,2908.0,1007.0,432.0,646.0,268.0
1.0,2848.0,453.0,1407.0,2787.0,446.0,446.0,985.0,422.0,330.0,123.0
1.0,5182.0,896.0,1375.0,2908.0,0.0,0.0,963.0,412.0,633.0,263.0
1.0,7194.0,1864.0,1375.0,446.0,0.0,0.0,963.0,412.0,1299.0,565.0
1.0,5776.0,2350.0,1408.0,0.0,2206.0,2206.0,986.0,422.0,1633.0,717.0
1.0,3426.0,1981.0,1442.0,0.0,4323.0,4323.0,1009.0,433.0,1379.0,602.0
1.0,1445.0,1181.0,1444.0,2206.0,3306.0,3306.0,1010.0,434.0,831.0,350.0
1.0,2470.0,643.0,1413.0,4323.0,0.0,0.0,989.0,424.0,463.0,180.0
1.0,6150.0,929.0,1381.0,3306.0,0.0,0.0,967.0,414.0,657.0,272.0
1.0,8527.0,1746.0,1381.0,0.0,0.0,0.0,967.0,414.0,1216.0,530.0
1.0,6781.0,2277.0,1414.0,0.0,1152.0,1152.0,990.0,424.0,1582.0,695.0
1.0,4504.0,1960.0,1449.0,0.0,3252.0,3252.0,1014.0,435.0,1366.0,594.0
1.0,2544.0,1094.0,1453.0,1152.0,3210.0,3210.0,1017.0,436.0,773.0,321.0
1.0,2602.0,471.0,1423.0,3252.0,309.0,309.0,996.0,427.0,343.0,128.0
1.0,5383.0,779.0,1387.0,3210.0,0.0,0.0,971.0,416.0,551.0,228.0
1.0,7814.0,1665.0,1382.0,309.0,0.0,0.0,968.0,414.0,1158.0,507.0
1.0,6458.0,2302.0,1411.0,0.0,1488.0,1488.0,988.0,423.0,1597.0,705.0
1.0,4156.0,2139.0,1446.0,0.0,3767.0,3767.0,1012.0,434.0,1490.0,649.0
1.0,2017.0,1321.0,1451.0,1488.0,3620.0,3620.0,1015.0,436.0,932.0,389.0
1.0,2184.0,656.0,1421.0,3767.0,389.0,389.0,995.0,426.0,475.0,181.0
1.0,5295.0,782.0,1388.0,3620.0,0.0,0.0,972.0,416.0,556.0,226.0
1.0,8133.0,1623.0,1384.0,389.0,0.0,0.0,969.0,415.0,1129.0,494.0
1.0,6899.0,2269.0,1414.0,0.0,1026.0,1026.0,990.0,424.0,1573.0,696.0
1.0,4630.0,2022.0,1448.0,0.0,3184.0,3184.0,1013.0,435.0,1407.0,615.0
1.0,2608.0,1154.0,1452.0,1026.0,3328.0,3328.0,1016.0,436.0,813.0,341.0
1.0,2480.0,552.0,1424.0,3184.0,584.0,584.0,997.0,427.0,401.0,151.0
1.0,5112.0,724.0,1392.0,3328.0,0.0,0.0,975.0,417.0,516.0,208.0
1.0,7716.0,1533.0,1389.0,584.0,0.0,0.0,973.0,416.0,1069.0,464.0
1.0,6767.0,2171.0,1417.0,0.0,1072.0,1072.0,992.0,425.0,1505.0,666.0
1.0,4596.0,2018.0,1448.0,0.0,3214.0,3214.0,1013.0,435.0,1402.0,616.0
1.0,2578.0,1297.0,1452.0,1072.0,3455.0,3455.0,1016.0,436.0,912.0,385.0
1.0,2353.0,774.0,1426.0,3214.0,911.0,911.0,998.0,428.0,556.0,218.0
1.0,4793.0,944.0,1397.0,3455.0,0.0,0.0,978.0,419.0,671.0,273.0
1.0,7304.0,1657.0,1392.0,911.0,0.0,0.0,975.0,417.0,1155.0,502.0
1.0,6558.0,2253.0,1419.0,0.0,1371.0,1371.0,993.0,426.0,1563.0,690.0
1.0,4305.0,2064.0,1452.0,0.0,3567.0,3567.0,1016.0,436.0,1435.0,629.0
1.0,2241.0,1264.0,1459.0,1371.0,3488.0,3488.0,1021.0,438.0,889.0,375.0
1.0,2348.0,552.0,1433.0,3567.0,369.0,369.0,1003.0,430.0,400.0,152.0
1.0,5363.0,626.0,1399.0,3488.0,0.0,0.0,980.0,419.0,448.0,178.0
1.0,8225.0,1466.0,1392.0,369.0,0.0,0.0,975.0,417.0,1022.0,444.0
1.0,7128.0,2209.0,1418.0,0.0,753.0,753.0,993.0,425.0,1532.0,677.0
1.0,4919.0,2081.0,1450.0,0.0,2962.0,2962.0,1015.0,435.0,1448.0,633.0
1.0,2838.0,1357.0,1458.0,753.0,3598.0,3598.0,1020.0,438.0,954.0,403.0
1.0,2234.0,757.0,1433.0,2962.0,1293.0,1293.0,1003.0,430.0,544.0,213.0
1.0,4439.0,877.0,1402.0,3598.0,0.0,0.0,982.0,420.0,624.0,253.0
1.0,7160.0,1587.0,1396.0,1293.0,0.0,0.0,978.0,418.0,1107.0,480.0
1.0,6866.0,2194.0,1420.0,0.0,1008.0,1008.0,994.0,426.0,1522.0,672.0
1.0,4672.0,2124.0,1452.0,0.0,3260.0,3260.0,1016.0,436.0,1475.0,649.0
1.0,2548.0,1451.0,1462.0,1008.0,3743.0,3743.0,1023.0,439.0,1019.0,432.0
1.0,2105.0,748.0,1441.0,3260.0,1147.0,1147.0,1009.0,432.0,537.0,211.0
1.0,4617.0,748.0,1411.0,3743.0,0.0,0.0,988.0,423.0,534.0,214.0
1.0,7612.0,1364.0,1401.0,1147.0,0.0,0.0,981.0,420.0,952.0,412.0
1.0,7395.0,2043.0,1423.0,0.0,340.0,340.0,996.0,427.0,1418.0,625.0
1.0,5352.0,2132.0,1455.0,0.0,2600.0,2600.0,1018.0,437.0,1484.0,648.0
1.0,3220.0,1569.0,1468.0,340.0,3881.0,3881.0,1027.0,441.0,1100.0,469.0
1.0,1991.0,959.0,1450.0,2600.0,2168.0,2168.0,1015.0,435.0,681.0,278.0
1.0,3632.0,880.0,1422.0,3881.0,0.0,0.0,996.0,426.0,625.0,255.0
1.0,6633.0,1453.0,1412.0,2168.0,0.0,0.0,989.0,423.0,1018.0,435.0
1.0,7348.0,2100.0,1430.0,0.0,472.0,472.0,1001.0,429.0,1461.0,639.0
1.0,5248.0,2205.0,1460.0,0.0,2797.0,2797.0,1022.0,438.0,1533.0,672.0
1.0,3043.0,1606.0,1473.0,472.0,3983.0,3983.0,1031.0,442.0,1123.0,483.0
1.0,1909.0,893.0,1457.0,2797.0,2015.0,2015.0,1020.0,437.0,636.0,257.0
1.0,3813.0,740.0,1427.0,3983.0,0.0,0.0,999.0,428.0,530.0,210.0
1.0,7056.0,1233.0,1413.0,2015.0,0.0,0.0,990.0,423.0,863.0,370.0
1.0,7838.0,1929.0,1430.0,0.0,0.0,0.0,1001.0,429.0,1339.0,590.0
1.0,5909.0,2158.0,1462.0,0.0,2097.0,2097.0,1023.0,439.0,1498.0,660.0
1.0,3751.0,1625.0,1478.0,0.0,3786.0,3786.0,1034.0,444.0,1136.0,489.0
1.0,2126.0,989.0,1465.0,2097.0,2626.0,2626.0,1025.0,440.0,703.0,286.0
1.0,3234.0,832.0,1437.0,3786.0,0.0,0.0,1006.0,431.0,596.0,236.0
1.0,6188.0,1296.0,1421.0,2626.0,0.0,0.0,995.0,426.0,909.0,387.0
1.0,7518.0,1955.0,1433.0,0.0,169.0,169.0,1003.0,430.0,1357.0,598.0
1.0,5563.0,2245.0,1463.0,0.0,2534.0,2534.0,1024.0,439.0,1561.0,684.0
1.0,3318.0,1828.0,1484.0,169.0,4277.0,4277.0,1038.0,446.0,1279.0,549.0
1.0,1659.0,1116.0,1473.0,2534.0,2815.0,2815.0,1031.0,442.0,791.0,325.0
1.0,3077.0,782.0,1445.0,4277.0,0.0,0.0,1012.0,433.0,556.0,226.0
1.0,6572.0,1070.0,1427.0,2815.0,0.0,0.0,999.0,428.0,749.0,321.0
1.0,8317.0,1654.0,1437.0,0.0,0.0,0.0,1006.0,431.0,1148.0,506.0
1.0,6663.0,1984.0,1463.0,0.0,1173.0,1173.0,1024.0,439.0,1382.0,602.0
1.0,4679.0,1717.0,1483.0,0.0,2970.0,2970.0,1038.0,445.0,1203.0,514.0
1.0,2962.0,1113.0,1475.0,1173.0,2878.0,2878.0,1032.0,443.0,787.0,326.0
1.0,3022.0,853.0,1450.0,2970.0,661.0,661.0,1015.0,435.0,605.0,248.0
1.0,5139.0,1214.0,1434.0,2878.0,0.0,0.0,1004.0,430.0,848.0,366.0
1.0,6803.0,1905.0,1446.0,661.0,225.0,225.0,1012.0,434.0,1326.0,579.0
1.0,5559.0,2205.0,1473.0,0.0,2538.0,2538.0,1031.0,442.0,1535.0,670.0
1.0,3354.0,1743.0,1489.0,225.0,4120.0,4120.0,1042.0,447.0,1222.0,521.0
1.0,1836.0,1086.0,1477.0,2538.0,2620.0,2620.0,1034.0,443.0,768.0,318.0
1.0,3288.0,923.0,1452.0,4120.0,0.0,0.0,1017.0,435.0,653.0,270.0
1.0,6485.0,1360.0,1438.0,2620.0,0.0,0.0,1007.0,431.0,952.0,408.0
1.0,7745.0,1839.0,1450.0,0.0,0.0,0.0,1015.0,435.0,1279.0,560.0
1.0,5906.0,1909.0,1476.0,0.0,1907.0,1907.0,1033.0,443.0,1329.0,580.0
1.0,3997.0,1491.0,1492.0,0.0,3462.0,3462.0,1044.0,448.0,1043.0,448.0
1.0,2506.0,965.0,1483.0,1907.0,2484.0,2484.0,1038.0,445.0,682.0,283.0
1.0,3448.0,901.0,1457.0,3462.0,0.0,0.0,1020.0,437.0,639.0,262.0
1.0,6009.0,1361.0,1444.0,2484.0,0.0,0.0,1011.0,433.0,953.0,408.0
1.0,7132.0,1903.0,1454.0,0.0,587.0,587.0,1018.0,436.0,1326.0,577.0
1.0,5229.0,2040.0,1479.0,0.0,2727.0,2727.0,1035.0,444.0,1420.0,620.0
1.0,3189.0,1667.0,1494.0,587.0,3867.0,3867.0,1045.0,449.0,1165.0,502.0
1.0,2109.0,1174.0,1486.0,2727.0,2282.0,2282.0,1040.0,446.0,829.0,345.0
1.0,3662.0,1031.0,1464.0,3867.0,0.0,0.0,1025.0,439.0,732.0,299.0
1.0,6498.0,1391.0,1449.0,2282.0,0.0,0.0,1015.0,434.0,974.0,417.0
1.0,7389.0,1769.0,1455.0,0.0,200.0,200.0,1019.0,436.0,1230.0,539.0
1.0,5620.0,1827.0,1476.0,0.0,2111.0,2111.0,1033.0,443.0,1270.0,557.0
1.0,3793.0,1498.0,1491.0,200.0,3469.0,3469.0,1043.0,448.0,1048.0,450.0
1.0,2495.0,1101.0,1486.0,2111.0,2439.0,2439.0,1040.0,446.0,777.0,324.0
1.0,3505.0,994.0,1466.0,3469.0,0.0,0.0,1026.0,440.0,704.0,290.0
1.0,5980.0,1358.0,1451.0,2439.0,0.0,0.0,1016.0,435.0,954.0,404.0
1.0,7061.0,1835.0,1455.0,0.0,594.0,594.0,1019.0,436.0,1280.0,555.0
1.0,5226.0,2022.0,1476.0,0.0,2700.0,2700.0,1033.0,443.0,1405.0,617.0
1.0,3204.0,1713.0,1492.0,594.0,3883.0,3883.0,1044.0,448.0,1194.0,519.0
1.0,2085.0,1231.0,1488.0,2700.0,2398.0,2398.0,1041.0,447.0,867.0,364.0
1.0,3554.0,1089.0,1469.0,3883.0,0.0,0.0,1028.0,441.0,773.0,316.0
1.0,6348.0,1431.0,1454.0,2398.0,0.0,0.0,1018.0,436.0,1008.0,423.0
1.0,7315.0,1902.0,1460.0,0.0,427.0,427.0,1022.0,438.0,1324.0,578.0
1.0,5413.0,2012.0,1480.0,0.0,2519.0,2519.0,1036.0,444.0,1396.0,616.0
1.0,3401.0,1579.0,1497.0,427.0,3739.0,3739.0,1047.0,450.0,1100.0,479.0
1.0,2249.0,1008.0,1493.0,2519.0,2212.0,2212.0,1045.0,448.0,714.0,294.0
1.0,3760.0,786.0,1471.0,3739.0,0.0,0.0,1030.0,441.0,563.0,223.0
1.0,6713.0,1195.0,1452.0,2212.0,0.0,0.0,1017.0,435.0,840.0,355.0
1.0,7730.0,1889.0,1457.0,0.0,0.0,0.0,1020.0,437.0,1314.0,575.0
1.0,5841.0,2181.0,1480.0,0.0,2260.0,2260.0,1036.0,444.0,1515.0,666.0
1.0,3660.0,1748.0,1498.0,0.0,4080.0,4080.0,1048.0,450.0,1220.0,528.0
1.0,1912.0,1097.0,1495.0,2260.0,2905.0,2905.0,1046.0,449.0,777.0,320.0
1.0,3075.0,927.0,1474.0,4080.0,0.0,0.0,1032.0,442.0,660.0,267.0
1.0,6228.0,1406.0,1458.0,2905.0,0.0,0.0,1021.0,437.0,986.0,420.0
1.0,7727.0,2010.0,1461.0,0.0,127.0,127.0,1023.0,438.0,1398.0,612.0
1.0,5717.0,2120.0,1480.0,0.0,2323.0,2323.0,1036.0,444.0,1473.0,647.0
1.0,3597.0,1593.0,1496.0,127.0,3853.0,3853.0,1047.0,449.0,1113.0,480.0
1.0,2131.0,929.0,1493.0,2323.0,2447.0,2447.0,1045.0,448.0,659.0,270.0
1.0,3525.0,782.0,1477.0,3853.0,0.0,0.0,1034.0,443.0,559.0,223.0
1.0,6596.0,1216.0,1462.0,2447.0,0.0,0.0,1024.0,438.0,854.0,362.0
1.0,7827.0,1911.0,1466.0,0.0,0.0,0.0,1026.0,440.0,1327.0,584.0
1.0,5916.0,2143.0,1486.0,0.0,2171.0,2171.0,1040.0,446.0,1488.0,655.0
1.0,3773.0,1688.0,1502.0,0.0,3923.0,3923.0,1051.0,451.0,1180.0,508.0
1.0,2085.0,1019.0,1498.0,2171.0,2755.0,2755.0,1048.0,450.0,724.0,295.0
1.0,3237.0,827.0,1477.0,3923.0,0.0,0.0,1034.0,443.0,591.0,236.0
1.0,6333.0,1378.0,1461.0,2755.0,0.0,0.0,1023.0,438.0,966.0,412.0
1.0,7710.0,2150.0,1470.0,0.0,320.0,320.0,1029.0,441.0,1494.0,656.0
1.0,5560.0,2386.0,1495.0,0.0,2806.0,2806.0,1046.0,449.0,1659.0,727.0
1.0,3174.0,1782.0,1511.0,320.0,4332.0,4332.0,1057.0,454.0,1247.0,535.0
1.0,1712.0,927.0,1503.0,2806.0,2421.0,2421.0,1052.0,451.0,660.0,267.0
1.0,3591.0,626.0,1480.0,4332.0,0.0,0.0,1036.0,444.0,448.0,178.0
1.0,7297.0,1155.0,1465.0,2421.0,0.0,0.0,1026.0,439.0,807.0,348.0
1.0,8563.0,2035.0,1475.0,0.0,0.0,0.0,1033.0,442.0,1414.0,621.0
1.0,6528.0,2320.0,1502.0,0.0,1800.0,1800.0,1051.0,451.0,1613.0,707.0
1.0,4208.0,1756.0,1518.0,0.0,3620.0,3620.0,1062.0,456.0,1230.0,526.0
1.0,2452.0,1014.0,1511.0,1800.0,2806.0,2806.0,1058.0,453.0,721.0,293.0
1.0,3238.0,795.0,1490.0,3620.0,0.0,0.0,1043.0,447.0,568.0,227.0
1.0,6063.0,1365.0,1477.0,2806.0,0.0,0.0,1034.0,443.0,954.0,411.0
1.0,7504.0,2134.0,1486.0,0.0,574.0,574.0,1040.0,446.0,1481.0,653.0
1.0,5370.0,2355.0,1509.0,0.0,3021.0,3021.0,1056.0,453.0,1638.0,717.0
1.0,3015.0,1774.0,1522.0,574.0,4273.0,4273.0,1065.0,457.0,1244.0,530.0
1.0,1815.0,929.0,1513.0,3021.0,2145.0,2145.0,1059.0,454.0,663.0,266.0
1.0,3907.0,741.0,1494.0,4273.0,0.0,0.0,1046.0,448.0,529.0,212.0
1.0,7439.0,1300.0,1484.0,2145.0,0.0,0.0,1039.0,445.0,909.0,391.0
1.0,8284.0,2093.0,1496.0,0.0,0.0,0.0,1047.0,449.0,1452.0,641.0
1.0,6191.0,2247.0,1517.0,0.0,2124.0,2124.0,1062.0,455.0,1561.0,686.0
1.0,3944.0,1578.0,1529.0,0.0,3750.0,3750.0,1070.0,459.0,1107.0,471.0
1.0,2366.0,746.0,1517.0,2124.0,2324.0,2324.0,1062.0,455.0,535.0,211.0
1.0,3744.0,696.0,1495.0,3750.0,0.0,0.0,1047.0,448.0,499.0,197.0
1.0,6798.0,1487.0,1485.0,2324.0,0.0,0.0,1040.0,445.0,1040.0,447.0
1.0,7635.0,2335.0,1497.0,0.0,688.0,688.0,1048.0,449.0,1622.0,713.0
1.0,5300.0,2414.0,1519.0,0.0,3190.0,3190.0,1063.0,456.0,1678.0,736.0
1.0,2886.0,1727.0,1532.0,688.0,4281.0,4281.0,1072.0,460.0,1208.0,519.0
1.0,1847.0,919.0,1522.0,3190.0,1970.0,1970.0,1065.0,457.0,655.0,264.0
1.0,4118.0,803.0,1501.0,4281.0,0.0,0.0,1051.0,450.0,575.0,228.0
1.0,7596.0,1403.0,1489.0,1970.0,0.0,0.0,1043.0,446.0,983.0,420.0
1.0,8163.0,2159.0,1500.0,0.0,0.0,0.0,1050.0,450.0,1498.0,661.0
1.0,6004.0,2231.0,1523.0,0.0,2319.0,2319.0,1066.0,457.0,1549.0,682.0
1.0,3773.0,1547.0,1538.0,0.0,3926.0,3926.0,1076.0,462.0,1082.0,465.0
1.0,2226.0,784.0,1530.0,2319.0,2359.0,2359.0,1071.0,459.0,562.0,222.0
1.0,3761.0,690.0,1507.0,3926.0,0.0,0.0,1055.0,452.0,496.0,194.0
1.0,6997.0,1436.0,1493.0,2359.0,0.0,0.0,1045.0,448.0,1006.0,430.0
1.0,7920.0,2270.0,1503.0,0.0,362.0,362.0,1052.0,451.0,1578.0,692.0
1.0,5650.0,2307.0,1526.0,0.0,2761.0,2761.0,1068.0,458.0,1602.0,705.0
1.0,3343.0,1596.0,1539.0,362.0,4047.0,4047.0,1077.0,462.0,1115.0,481.0
1.0,2109.0,860.0,1529.0,2761.0,2106.0,2106.0,1070.0,459.0,613.0,247.0
1.0,4010.0,914.0,1507.0,4047.0,0.0,0.0,1055.0,452.0,651.0,263.0
1.0,7143.0,1645.0,1498.0,2106.0,0.0,0.0,1049.0,449.0,1153.0,492.0
1.0,7604.0,2214.0,1510.0,0.0,650.0,650.0,1057.0,453.0,1540.0,674.0
1.0,5390.0,2089.0,1533.0,0.0,2831.0,2831.0,1073.0,460.0,1452.0,637.0
1.0,3301.0,1376.0,1544.0,650.0,3601.0,3601.0,1080.0,464.0,961.0,415.0
1.0,2575.0,715.0,1535.0,2831.0,1449.0,1449.0,1074.0,461.0,510.0,205.0
1.0,4691.0,808.0,1513.0,3601.0,0.0,0.0,1059.0,454.0,577.0,231.0
1.0,7484.0,1556.0,1502.0,1449.0,0.0,0.0,1052.0,450.0,1091.0,465.0
1.0,7377.0,2278.0,1514.0,0.0,957.0,957.0,1060.0,454.0,1586.0,692.0
1.0,5099.0,2220.0,1536.0,0.0,3265.0,3265.0,1075.0,461.0,1541.0,679.0
1.0,2879.0,1522.0,1549.0,957.0,3882.0,3882.0,1084.0,465.0,1062.0,460.0
1.0,2314.0,883.0,1540.0,3265.0,1464.0,1464.0,1078.0,462.0,628.0,255.0
1.0,4696.0,1044.0,1519.0,3882.0,0.0,0.0,1063.0,456.0,744.0,300.0
1.0,7534.0,1808.0,1508.0,1464.0,0.0,0.0,1056.0,452.0,1269.0,539.0
1.0,7190.0,2399.0,1520.0,0.0,1289.0,1289.0,1064.0,456.0,1671.0,728.0
1.0,4791.0,2091.0,1542.0,0.0,3468.0,3468.0,1079.0,463.0,1452.0,639.0
1.0,2700.0,1226.0,1553.0,1289.0,3449.0,3449.0,1087.0,466.0,856.0,370.0
1.0,2763.0,559.0,1542.0,3468.0,496.0,496.0,1079.0,463.0,400.0,159.0
1.0,5672.0,789.0,1518.0,3449.0,0.0,0.0,1063.0,455.0,563.0,226.0
1.0,8332.0,1666.0,1505.0,496.0,0.0,0.0,1054.0,451.0,1168.0,498.0
1.0,7162.0,2347.0,1517.0,0.0,1253.0,1253.0,1062.0,455.0,1634.0,713.0
1.0,4815.0,2257.0,1540.0,0.0,3602.0,3602.0,1078.0,462.0,1569.0,688.0
1.0,2558.0,1477.0,1554.0,1253.0,3882.0,3882.0,1087.0,467.0,1032.0,445.0
1.0,2334.0,794.0,1543.0,3602.0,1030.0,1030.0,1080.0,463.0,565.0,229.0
1.0,5142.0,877.0,1518.0,3882.0,0.0,0.0,1063.0,455.0,625.0,252.0
1.0,8147.0,1714.0,1506.0,1030.0,0.0,0.0,1055.0,451.0,1203.0,511.0
1.0,7463.0,2477.0,1520.0,0.0,1094.0,1094.0,1064.0,456.0,1724.0,753.0
1.0,4986.0,2297.0,1546.0,0.0,3495.0,3495.0,1082.0,464.0,1595.0,702.0
1.0,2689.0,1387.0,1559.0,1094.0,3840.0,3840.0,1091.0,468.0,968.0,419.0
1.0,2396.0,607.0,1546.0,3495.0,900.0,900.0,1082.0,464.0,436.0,171.0
1.0,5284.0,730.0,1520.0,3840.0,0.0,0.0,1064.0,456.0,524.0,206.0
1.0,8394.0,1625.0,1508.0,900.0,0.0,0.0,1056.0,452.0,1141.0,484.0
1.0,7669.0,2386.0,1523.0,0.0,809.0,809.0,1066.0,457.0,1659.0,727.0
1.0,5283.0,2343.0,1553.0,0.0,3272.0,3272.0,1087.0,466.0,1625.0,718.0
1.0,2940.0,1523.0,1569.0,809.0,4050.0,4050.0,1098.0,471.0,1062.0,461.0
1.0,2226.0,736.0,1555.0,3272.0,1458.0,1458.0,1088.0,467.0,527.0,209.0
1.0,4762.0,791.0,1525.0,4050.0,0.0,0.0,1068.0,457.0,570.0,221.0
1.0,8021.0,1663.0,1511.0,1458.0,0.0,0.0,1058.0,453.0,1170.0,493.0
1.0,7816.0,2470.0,1525.0,0.0,754.0,754.0,1068.0,457.0,1717.0,753.0
1.0,5346.0,2419.0,1554.0,0.0,3289.0,3289.0,1088.0,466.0,1675.0,744.0
1.0,2927.0,1566.0,1569.0,754.0,4161.0,4161.0,1098.0,471.0,1090.0,476.0
1.0,2115.0,688.0,1555.0,3289.0,1504.0,1504.0,1088.0,467.0,495.0,193.0
1.0,4716.0,664.0,1527.0,4161.0,0.0,0.0,1069.0,458.0,483.0,181.0
1.0,8213.0,1515.0,1512.0,1504.0,0.0,0.0,1059.0,453.0,1064.0,451.0
1.0,8202.0,2363.0,1528.0,0.0,273.0,273.0,1070.0,458.0,1641.0,722.0
1.0,5839.0,2334.0,1558.0,0.0,2727.0,2727.0,1090.0,468.0,1617.0,717.0
1.0,3505.0,1478.0,1573.0,273.0,3992.0,3992.0,1101.0,472.0,1032.0,446.0
1.0,2300.0,716.0,1559.0,2727.0,1925.0,1925.0,1091.0,468.0,513.0,203.0
1.0,4311.0,765.0,1530.0,3992.0,0.0,0.0,1071.0,459.0,550.0,215.0
1.0,7538.0,1595.0,1516.0,1925.0,0.0,0.0,1062.0,454.0,1120.0,475.0
1.0,7868.0,2435.0,1532.0,0.0,695.0,695.0,1073.0,459.0,1695.0,740.0
1.0,5433.0,2482.0,1564.0,0.0,3305.0,3305.0,1095.0,469.0,1723.0,759.0
1.0,2951.0,1713.0,1579.0,695.0,4383.0,4383.0,1105.0,474.0,1194.0,519.0
1.0,1933.0,891.0,1565.0,3305.0,1913.0,1913.0,1095.0,470.0,634.0,257.0
1.0,4347.0,817.0,1538.0,4383.0,0.0,0.0,1077.0,461.0,587.0,230.0
1.0,7913.0,1506.0,1527.0,1913.0,0.0,0.0,1069.0,458.0,1060.0,446.0
1.0,8320.0,2196.0,1542.0,0.0,44.0,44.0,1080.0,462.0,1528.0,668.0
1.0,6124.0,2195.0,1571.0,0.0,2355.0,2355.0,1100.0,471.0,1520.0,675.0
1.0,3929.0,1546.0,1585.0,44.0,3913.0,3913.0,1109.0,476.0,1076.0,470.0
1.0,2427.0,857.0,1572.0,2355.0,2363.0,2363.0,1100.0,472.0,610.0,247.0
1.0,3925.0,913.0,1545.0,3913.0,0.0,0.0,1082.0,463.0,654.0,259.0
1.0,6925.0,1660.0,1535.0,2363.0,0.0,0.0,1075.0,460.0,1169.0,491.0
1.0,7628.0,2399.0,1551.0,0.0,975.0,975.0,1086.0,465.0,1670.0,729.0
1.0,5229.0,2356.0,1580.0,0.0,3447.0,3447.0,1106.0,474.0,1633.0,723.0
1.0,2873.0,1620.0,1591.0,975.0,4136.0,4136.0,1113.0,478.0,1127.0,493.0
1.0,2228.0,940.0,1575.0,3447.0,1565.0,1565.0,1102.0,473.0,667.0,273.0
1.0,4735.0,970.0,1547.0,4136.0,0.0,0.0,1083.0,464.0,696.0,274.0
1.0,7901.0,1593.0,1537.0,1565.0,0.0,0.0,1076.0,461.0,1120.0,473.0
1.0,7873.0,2213.0,1557.0,0.0,568.0,568.0,1090.0,467.0,1538.0,675.0
1.0,5660.0,2141.0,1586.0,0.0,2825.0,2825.0,1110.0,476.0,1484.0,657.0
1.0,3519.0,1500.0,1601.0,568.0,3817.0,3817.0,1120.0,481.0,1046.0,454.0
1.0,2587.0,913.0,1586.0,2825.0,1845.0,1845.0,1110.0,476.0,648.0,265.0
1.0,4499.0,1011.0,1560.0,3817.0,0.0,0.0,1092.0,468.0,723.0,288.0
1.0,7305.0,1690.0,1549.0,1845.0,0.0,0.0,1085.0,464.0,1189.0,501.0
1.0,7460.0,2222.0,1564.0,0.0,1018.0,1018.0,1095.0,469.0,1546.0,676.0
1.0,5238.0,2179.0,1590.0,0.0,3301.0,3301.0,1113.0,477.0,1508.0,671.0
1.0,3059.0,1557.0,1604.0,1018.0,3896.0,3896.0,1122.0,482.0,1082.0,475.0
1.0,2520.0,1000.0,1589.0,3301.0,1535.0,1535.0,1112.0,477.0,709.0,291.0
1.0,4821.0,1116.0,1563.0,3896.0,0.0,0.0,1094.0,469.0,799.0,317.0
1.0,7601.0,1702.0,1552.0,1535.0,0.0,0.0,1087.0,465.0,1200.0,502.0
1.0,7434.0,2193.0,1568.0,0.0,1031.0,1031.0,1098.0,470.0,1524.0,669.0
1.0,5241.0,2027.0,1595.0,0.0,3166.0,3166.0,1116.0,479.0,1399.0,628.0
1.0,3214.0,1324.0,1606.0,1031.0,3503.0,3503.0,1124.0,482.0,918.0,406.0
1.0,2921.0,823.0,1591.0,3166.0,1100.0,1100.0,1113.0,478.0,587.0,236.0
1.0,5264.0,1016.0,1564.0,3503.0,0.0,0.0,1095.0,469.0,731.0,285.0
1.0,7751.0,1659.0,1551.0,1100.0,0.0,0.0,1086.0,465.0,1172.0,487.0
1.0,7192.0,2184.0,1564.0,0.0,1248.0,1248.0,1095.0,469.0,1520.0,664.0
1.0,5008.0,2157.0,1592.0,0.0,3517.0,3517.0,1114.0,478.0,1489.0,668.0
1.0,2851.0,1602.0,1607.0,1248.0,3931.0,3931.0,1124.0,483.0,1109.0,493.0
1.0,2497.0,1092.0,1595.0,3517.0,1458.0,1458.0,1116.0,479.0,774.0,318.0
1.0,4922.0,1142.0,1570.0,3931.0,0.0,0.0,1099.0,471.0,823.0,319.0
1.0,7711.0,1767.0,1558.0,1458.0,0.0,0.0,1091.0,467.0,1249.0,518.0
1.0,7402.0,2271.0,1571.0,0.0,1153.0,1153.0,1100.0,471.0,1578.0,693.0
1.0,5131.0,2094.0,1599.0,0.0,3359.0,3359.0,1119.0,480.0,1443.0,651.0
1.0,3037.0,1394.0,1612.0,1153.0,3652.0,3652.0,1128.0,484.0,962.0,432.0
1.0,2796.0,786.0,1598.0,3359.0,1023.0,1023.0,1118.0,480.0,562.0,224.0
1.0,5369.0,970.0,1571.0,3652.0,0.0,0.0,1100.0,471.0,703.0,267.0
1.0,8051.0,1681.0,1559.0,1023.0,0.0,0.0,1092.0,467.0,1189.0,492.0
1.0,7393.0,2217.0,1574.0,0.0,1120.0,1120.0,1102.0,472.0,1540.0,677.0
1.0,5176.0,2087.0,1600.0,0.0,3311.0,3311.0,1120.0,480.0,1437.0,650.0
1.0,3089.0,1516.0,1614.0,1120.0,3763.0,3763.0,1129.0,485.0,1050.0,466.0
1.0,2693.0,1074.0,1604.0,3311.0,1486.0,1486.0,1122.0,482.0,763.0,311.0
1.0,4930.0,1222.0,1581.0,3763.0,0.0,0.0,1107.0,474.0,879.0,343.0
1.0,7471.0,1850.0,1569.0,1486.0,0.0,0.0,1099.0,470.0,1306.0,544.0
1.0,7107.0,2321.0,1581.0,0.0,1538.0,1538.0,1107.0,474.0,1612.0,709.0
1.0,4786.0,2182.0,1605.0,0.0,3816.0,3816.0,1123.0,482.0,1505.0,677.0
1.0,2604.0,1491.0,1618.0,1538.0,3821.0,3821.0,1132.0,486.0,1034.0,457.0
1.0,2651.0,892.0,1606.0,3816.0,849.0,849.0,1124.0,482.0,637.0,255.0
1.0,5575.0,897.0,1581.0,3821.0,0.0,0.0,1107.0,474.0,650.0,247.0
1.0,8499.0,1514.0,1568.0,849.0,0.0,0.0,1098.0,470.0,1069.0,445.0
1.0,7834.0,2097.0,1579.0,0.0,579.0,579.0,1106.0,473.0,1454.0,643.0
1.0,5737.0,2100.0,1603.0,0.0,2775.0,2775.0,1122.0,481.0,1447.0,653.0
1.0,3637.0,1547.0,1615.0,579.0,3791.0,3791.0,1130.0,485.0,1074.0,473.0
1.0,2669.0,1078.0,1604.0,2775.0,2050.0,2050.0,1122.0,482.0,769.0,309.0
1.0,4366.0,1157.0,1580.0,3791.0,0.0,0.0,1106.0,474.0,833.0,324.0
1.0,7000.0,1754.0,1568.0,2050.0,0.0,0.0,1098.0,470.0,1238.0,516.0
1.0,7296.0,2279.0,1581.0,0.0,1307.0,1307.0,1107.0,474.0,1582.0,697.0
1.0,5017.0,2218.0,1606.0,0.0,3625.0,3625.0,1124.0,482.0,1529.0,689.0
1.0,2799.0,1624.0,1618.0,1307.0,3990.0,3990.0,1132.0,486.0,1128.0,496.0
1.0,2482.0,1000.0,1607.0,3625.0,1321.0,1321.0,1124.0,483.0,712.0,288.0
1.0,5107.0,996.0,1583.0,3990.0,0.0,0.0,1108.0,475.0,719.0,277.0
1.0,8101.0,1556.0,1572.0,1321.0,0.0,0.0,1101.0,471.0,1099.0,457.0
1.0,7866.0,2104.0,1584.0,0.0,574.0,574.0,1109.0,475.0,1461.0,643.0
1.0,5762.0,2168.0,1607.0,0.0,2834.0,2834.0,1125.0,482.0,1497.0,671.0
1.0,3594.0,1657.0,1620.0,574.0,3969.0,3969.0,1133.0,487.0,1151.0,506.0
1.0,2511.0,1102.0,1609.0,2834.0,2193.0,2193.0,1126.0,483.0,783.0,319.0
1.0,4243.0,1057.0,1587.0,3969.0,0.0,0.0,1111.0,476.0,759.0,298.0
1.0,7155.0,1650.0,1576.0,2193.0,0.0,0.0,1104.0,472.0,1164.0,486.0
1.0,7698.0,2241.0,1589.0,0.0,899.0,899.0,1113.0,476.0,1559.0,682.0
1.0,5457.0,2314.0,1614.0,0.0,3313.0,3313.0,1130.0,484.0,1601.0,713.0
1.0,3143.0,1757.0,1627.0,899.0,4223.0,4223.0,1138.0,489.0,1221.0,536.0
1.0,2285.0,1054.0,1615.0,3313.0,1916.0,1916.0,1130.0,485.0,748.0,306.0
1.0,4544.0,945.0,1590.0,4223.0,0.0,0.0,1113.0,477.0,682.0,263.0
1.0,7822.0,1545.0,1582.0,1916.0,0.0,0.0,1108.0,474.0,1090.0,455.0
1.0,8193.0,2183.0,1598.0,0.0,382.0,382.0,1119.0,479.0,1517.0,666.0
1.0,6010.0,2242.0,1626.0,0.0,2736.0,2736.0,1138.0,488.0,1548.0,694.0
1.0,3768.0,1609.0,1637.0,382.0,4007.0,4007.0,1145.0,492.0,1117.0,492.0
1.0,2541.0,1006.0,1624.0,2736.0,2225.0,2225.0,1136.0,488.0,716.0,290.0
1.0,4271.0,1049.0,1602.0,4007.0,0.0,0.0,1121.0,481.0,754.0,295.0
1.0,7229.0,1714.0,1594.0,2225.0,0.0,0.0,1116.0,478.0,1209.0,505.0
1.0,7740.0,2405.0,1609.0,0.0,1101.0,1101.0,1127.0,482.0,1674.0,731.0
1.0,5335.0,2393.0,1634.0,0.0,3594.0,3594.0,1144.0,490.0,1655.0,738.0
1.0,2942.0,1648.0,1644.0,1101.0,4181.0,4181.0,1150.0,494.0,1143.0,505.0
1.0,2395.0,906.0,1627.0,3594.0,1425.0,1425.0,1138.0,489.0,645.0,261.0
1.0,5083.0,1021.0,1603.0,4181.0,0.0,0.0,1122.0,481.0,736.0,285.0
1.0,8243.0,1792.0,1598.0,1425.0,0.0,0.0,1119.0,479.0,1263.0,529.0
1.0,7876.0,2406.0,1616.0,0.0,994.0,994.0,1132.0,484.0,1673.0,733.0
1.0,5470.0,2200.0,1644.0,0.0,3306.0,3306.0,1151.0,493.0,1521.0,679.0
1.0,3270.0,1378.0,1652.0,994.0,3722.0,3722.0,1156.0,496.0,957.0,421.0
1.0,2886.0,766.0,1634.0,3306.0,1110.0,1110.0,1143.0,491.0,546.0,220.0
1.0,5426.0,1008.0,1611.0,3722.0,0.0,0.0,1128.0,483.0,723.0,285.0
1.0,8140.0,1849.0,1606.0,1110.0,0.0,0.0,1125.0,481.0,1302.0,547.0
1.0,7401.0,2492.0,1625.0,0.0,1591.0,1591.0,1138.0,487.0,1736.0,756.0
1.0,4909.0,2310.0,1649.0,0.0,3997.0,3997.0,1154.0,495.0,1601.0,709.0
1.0,2599.0,1484.0,1654.0,1591.0,3910.0,3910.0,1157.0,497.0,1031.0,453.0
1.0,2706.0,810.0,1634.0,3997.0,643.0,643.0,1143.0,491.0,574.0,236.0
1.0,5893.0,1023.0,1609.0,3910.0,0.0,0.0,1126.0,483.0,731.0,292.0
1.0,8780.0,1890.0,1603.0,643.0,0.0,0.0,1123.0,480.0,1331.0,559.0
1.0,7533.0,2507.0,1623.0,0.0,1466.0,1466.0,1137.0,486.0,1748.0,759.0
1.0,5026.0,2272.0,1650.0,0.0,3846.0,3846.0,1155.0,495.0,1577.0,695.0
1.0,2754.0,1388.0,1659.0,1466.0,3804.0,3804.0,1161.0,498.0,965.0,423.0
1.0,2832.0,688.0,1643.0,3846.0,582.0,582.0,1150.0,493.0,488.0,200.0
1.0,5990.0,847.0,1619.0,3804.0,0.0,0.0,1133.0,486.0,607.0,240.0
1.0,8947.0,1785.0,1613.0,582.0,0.0,0.0,1130.0,483.0,1257.0,528.0
1.0,7744.0,2531.0,1632.0,0.0,1315.0,1315.0,1143.0,489.0,1765.0,766.0
1.0,5213.0,2466.0,1659.0,0.0,3889.0,3889.0,1161.0,498.0,1710.0,756.0
1.0,2747.0,1638.0,1668.0,1315.0,4248.0,4248.0,1167.0,501.0,1138.0,500.0
1.0,2424.0,825.0,1650.0,3889.0,1112.0,1112.0,1154.0,496.0,585.0,240.0
1.0,5488.0,887.0,1623.0,4248.0,0.0,0.0,1136.0,487.0,637.0,250.0
1.0,8849.0,1756.0,1615.0,1112.0,0.0,0.0,1131.0,484.0,1238.0,518.0
1.0,8205.0,2512.0,1632.0,0.0,835.0,835.0,1143.0,489.0,1751.0,761.0
1.0,5693.0,2380.0,1658.0,0.0,3319.0,3319.0,1161.0,497.0,1650.0,730.0
1.0,3313.0,1490.0,1668.0,835.0,4014.0,4014.0,1167.0,501.0,1034.0,456.0
1.0,2658.0,749.0,1652.0,3319.0,1380.0,1380.0,1156.0,496.0,530.0,219.0
1.0,5228.0,815.0,1627.0,4014.0,0.0,0.0,1139.0,488.0,585.0,230.0
1.0,8427.0,1677.0,1618.0,1380.0,0.0,0.0,1133.0,485.0,1183.0,494.0
1.0,8130.0,2392.0,1632.0,0.0,790.0,790.0,1143.0,489.0,1672.0,720.0
1.0,5738.0,2400.0,1657.0,0.0,3290.0,3290.0,1160.0,497.0,1666.0,734.0
1.0,3338.0,1712.0,1669.0,790.0,4260.0,4260.0,1168.0,501.0,1189.0,523.0
1.0,2416.0,970.0,1656.0,3290.0,1888.0,1888.0,1159.0,497.0,682.0,288.0
1.0,4736.0,1046.0,1633.0,4260.0,0.0,0.0,1143.0,490.0,744.0,302.0
1.0,7950.0,1820.0,1624.0,1888.0,0.0,0.0,1137.0,487.0,1283.0,537.0
1.0,8018.0,2500.0,1638.0,0.0,1034.0,1034.0,1147.0,491.0,1748.0,752.0
1.0,5518.0,2412.0,1664.0,0.0,3550.0,3550.0,1165.0,499.0,1676.0,736.0
1.0,3106.0,1688.0,1678.0,1034.0,4260.0,4260.0,1174.0,504.0,1171.0,517.0
1.0,2452.0,940.0,1667.0,3550.0,1606.0,1606.0,1166.0,501.0,660.0,280.0
1.0,5062.0,863.0,1642.0,4260.0,0.0,0.0,1149.0,493.0,618.0,245.0
1.0,8459.0,1519.0,1628.0,1606.0,0.0,0.0,1140.0,488.0,1075.0,444.0
1.0,8546.0,2282.0,1641.0,0.0,300.0,300.0,1149.0,492.0,1596.0,686.0
1.0,6264.0,2376.0,1667.0,0.0,2780.0,2780.0,1167.0,500.0,1650.0,726.0
1.0,3888.0,1714.0,1679.0,300.0,4242.0,4242.0,1175.0,504.0,1187.0,527.0
1.0,2474.0,1000.0,1666.0,2780.0,2410.0,2410.0,1166.0,500.0,700.0,300.0
1.0,4254.0,936.0,1638.0,4242.0,0.0,0.0,1146.0,492.0,667.0,269.0
1.0,7560.0,1649.0,1624.0,2410.0,0.0,0.0,1137.0,487.0,1166.0,483.0
1.0,8321.0,2468.0,1639.0,0.0,703.0,703.0,1148.0,491.0,1730.0,738.0
1.0,5853.0,2573.0,1671.0,0.0,3404.0,3404.0,1170.0,501.0,1790.0,783.0
1.0,3280.0,1871.0,1688.0,703.0,4640.0,4640.0,1181.0,507.0,1296.0,575.0
1.0,2112.0,915.0,1671.0,3404.0,2083.0,2083.0,1169.0,502.0,637.0,278.0
1.0,4601.0,718.0,1638.0,4640.0,0.0,0.0,1146.0,492.0,514.0,204.0
1.0,8523.0,1496.0,1625.0,2083.0,0.0,0.0,1138.0,487.0,1063.0,433.0
1.0,9110.0,2406.0,1645.0,0.0,0.0,0.0,1152.0,493.0,1687.0,719.0
1.0,6704.0,2567.0,1680.0,0.0,2583.0,2583.0,1176.0,504.0,1785.0,782.0
1.0,4137.0,1764.0,1693.0,0.0,4399.0,4399.0,1185.0,508.0,1220.0,544.0
1.0,2373.0,814.0,1674.0,2583.0,2554.0,2554.0,1171.0,503.0,567.0,247.0
1.0,4142.0,706.0,1639.0,4399.0,0.0,0.0,1147.0,492.0,506.0,200.0
1.0,7835.0,1596.0,1625.0,2554.0,0.0,0.0,1138.0,487.0,1132.0,464.0
1.0,8793.0,2608.0,1648.0,0.0,407.0,407.0,1154.0,494.0,1827.0,781.0
1.0,6185.0,2730.0,1684.0,0.0,3281.0,3281.0,1179.0,505.0,1899.0,831.0
1.0,3455.0,1856.0,1700.0,407.0,4794.0,4794.0,1190.0,510.0,1286.0,570.0
1.0,2006.0,833.0,1679.0,3281.0,2262.0,2262.0,1175.0,504.0,583.0,250.0
1.0,4454.0,684.0,1645.0,4794.0,0.0,0.0,1151.0,494.0,490.0,194.0
1.0,8564.0,1490.0,1630.0,2262.0,0.0,0.0,1141.0,489.0,1053.0,437.0
1.0,9336.0,2414.0,1649.0,0.0,0.0,0.0,1155.0,494.0,1689.0,725.0
1.0,6922.0,2522.0,1684.0,0.0,2336.0,2336.0,1179.0,505.0,1756.0,766.0
1.0,4400.0,1728.0,1702.0,0.0,4136.0,4136.0,1191.0,511.0,1202.0,526.0
1.0,2672.0,840.0,1684.0,2336.0,2568.0,2568.0,1178.0,506.0,590.0,250.0
1.0,4168.0,754.0,1649.0,4136.0,0.0,0.0,1154.0,495.0,536.0,218.0
1.0,7550.0,1667.0,1634.0,2568.0,0.0,0.0,1144.0,490.0,1173.0,494.0
1.0,8451.0,2666.0,1654.0,0.0,831.0,831.0,1158.0,496.0,1865.0,801.0
1.0,5785.0,2747.0,1691.0,0.0,3726.0,3726.0,1184.0,507.0,1914.0,833.0
1.0,3038.0,1863.0,1709.0,831.0,4830.0,4830.0,1196.0,513.0,1298.0,565.0
1.0,2006.0,898.0,1693.0,3726.0,1938.0,1938.0,1185.0,508.0,633.0,265.0
1.0,4834.0,786.0,1660.0,4830.0,0.0,0.0,1162.0,498.0,559.0,227.0
1.0,8878.0,1662.0,1646.0,1938.0,0.0,0.0,1152.0,494.0,1167.0,495.0
1.0,9154.0,2544.0,1667.0,0.0,58.0,58.0,1167.0,500.0,1777.0,767.0
1.0,6610.0,2508.0,1700.0,0.0,2698.0,2698.0,1190.0,510.0,1748.0,760.0
1.0,4102.0,1621.0,1716.0,58.0,4325.0,4325.0,1201.0,515.0,1129.0,492.0
1.0,2539.0,711.0,1698.0,2698.0,2266.0,2266.0,1188.0,510.0,500.0,211.0
1.0,4526.0,782.0,1666.0,4325.0,0.0,0.0,1166.0,500.0,558.0,224.0
1.0,8069.0,1742.0,1654.0,2266.0,0.0,0.0,1158.0,496.0,1228.0,514.0
1.0,8593.0,2664.0,1672.0,0.0,759.0,759.0,1171.0,501.0,1863.0,801.0
1.0,5929.0,2679.0,1704.0,0.0,3566.0,3566.0,1193.0,511.0,1863.0,816.0
1.0,3250.0,1753.0,1718.0,759.0,4616.0,4616.0,1202.0,516.0,1217.0,536.0
1.0,2256.0,831.0,1699.0,3566.0,1805.0,1805.0,1189.0,510.0,584.0,247.0
1.0,4991.0,850.0,1667.0,4616.0,0.0,0.0,1167.0,500.0,607.0,243.0
1.0,8757.0,1707.0,1654.0,1805.0,0.0,0.0,1158.0,496.0,1205.0,502.0
1.0,8855.0,2617.0,1672.0,0.0,450.0,450.0,1171.0,501.0,1830.0,787.0
1.0,6238.0,2532.0,1703.0,0.0,3106.0,3106.0,1192.0,511.0,1759.0,773.0
1.0,3706.0,1575.0,1716.0,450.0,4283.0,4283.0,1201.0,515.0,1092.0,483.0
1.0,2581.0,694.0,1700.0,3106.0,1807.0,1807.0,1190.0,510.0,490.0,204.0
1.0,4993.0,765.0,1671.0,4283.0,0.0,0.0,1170.0,501.0,550.0,215.0
1.0,8511.0,1745.0,1658.0,1807.0,0.0,0.0,1161.0,497.0,1230.0,515.0
1.0,8573.0,2659.0,1677.0,0.0,794.0,794.0,1174.0,503.0,1855.0,804.0
1.0,5914.0,2560.0,1707.0,0.0,3474.0,3474.0,1195.0,512.0,1777.0,783.0
1.0,3354.0,1579.0,1719.0,794.0,4307.0,4307.0,1203.0,516.0,1098.0,481.0
1.0,2569.0,752.0,1702.0,3474.0,1517.0,1517.0,1191.0,511.0,534.0,218.0
1.0,5291.0,920.0,1673.0,4307.0,0.0,0.0,1171.0,502.0,659.0,261.0
1.0,8678.0,1951.0,1661.0,1517.0,0.0,0.0,1163.0,498.0,1373.0,578.0
1.0,8244.0,2828.0,1679.0,0.0,1300.0,1300.0,1176.0,503.0,1973.0,855.0
1.0,5416.0,2618.0,1711.0,0.0,4046.0,4046.0,1198.0,513.0,1817.0,801.0
1.0,2798.0,1447.0,1726.0,1300.0,4253.0,4253.0,1208.0,518.0,1004.0,443.0
1.0,2651.0,471.0,1706.0,4046.0,598.0,598.0,1194.0,512.0,335.0,136.0
1.0,6226.0,612.0,1672.0,4253.0,0.0,0.0,1170.0,502.0,443.0,169.0
1.0,9867.0,1805.0,1657.0,598.0,0.0,0.0,1160.0,497.0,1273.0,532.0
1.0,8660.0,2819.0,1677.0,0.0,867.0,867.0,1174.0,503.0,1968.0,851.0
1.0,5841.0,2725.0,1714.0,0.0,3740.0,3740.0,1200.0,514.0,1895.0,830.0
1.0,3116.0,1644.0,1732.0,867.0,4589.0,4589.0,1212.0,520.0,1142.0,502.0
1.0,2339.0,673.0,1714.0,3740.0,1450.0,1450.0,1199.0,515.0,475.0,198.0
1.0,5406.0,813.0,1680.0,4589.0,0.0,0.0,1176.0,504.0,583.0,230.0
1.0,9182.0,1864.0,1663.0,1450.0,0.0,0.0,1164.0,499.0,1315.0,549.0
1.0,8768.0,2778.0,1681.0,0.0,734.0,734.0,1177.0,504.0,1941.0,837.0
1.0,5990.0,2671.0,1716.0,0.0,3545.0,3545.0,1201.0,515.0,1854.0,817.0
1.0,3319.0,1593.0,1733.0,734.0,4472.0,4472.0,1213.0,520.0,1103.0,490.0
1.0,2460.0,585.0,1716.0,3545.0,1444.0,1444.0,1201.0,515.0,413.0,172.0
1.0,5420.0,630.0,1682.0,4472.0,0.0,0.0,1177.0,505.0,458.0,172.0
1.0,9262.0,1712.0,1666.0,1444.0,0.0,0.0,1167.0,499.0,1212.0,500.0
1.0,8994.0,2743.0,1685.0,0.0,489.0,489.0,1180.0,505.0,1915.0,828.0
1.0,6251.0,2657.0,1720.0,0.0,3286.0,3286.0,1204.0,516.0,1841.0,816.0
1.0,3594.0,1608.0,1738.0,489.0,4477.0,4477.0,1216.0,522.0,1113.0,495.0
1.0,2475.0,643.0,1718.0,3286.0,1754.0,1754.0,1202.0,516.0,455.0,188.0
1.0,5118.0,770.0,1681.0,4477.0,0.0,0.0,1177.0,504.0,559.0,211.0
1.0,8825.0,1904.0,1665.0,1754.0,0.0,0.0,1166.0,499.0,1345.0,559.0
1.0,8675.0,2895.0,1685.0,0.0,960.0,960.0,1180.0,505.0,2019.0,876.0
1.0,5780.0,2765.0,1720.0,0.0,3865.0,3865.0,1204.0,516.0,1916.0,849.0
1.0,3015.0,1609.0,1736.0,960.0,4578.0,4578.0,1215.0,521.0,1114.0,495.0
1.0,2366.0,556.0,1715.0,3865.0,1185.0,1185.0,1200.0,515.0,398.0,158.0
1.0,5675.0,637.0,1678.0,4578.0,0.0,0.0,1175.0,503.0,468.0,169.0
1.0,9616.0,1745.0,1664.0,1185.0,0.0,0.0,1165.0,499.0,1232.0,513.0
1.0,9056.0,2813.0,1687.0,0.0,505.0,505.0,1181.0,506.0,1959.0,854.0
1.0,6243.0,2715.0,1726.0,0.0,3376.0,3376.0,1208.0,518.0,1880.0,835.0
1.0,3528.0,1544.0,1739.0,505.0,4467.0,4467.0,1217.0,522.0,1070.0,474.0
1.0,2489.0,523.0,1716.0,3376.0,1522.0,1522.0,1201.0,515.0,376.0,147.0
1.0,5342.0,673.0,1678.0,4467.0,0.0,0.0,1175.0,503.0,492.0,181.0
1.0,9136.0,1919.0,1664.0,1522.0,0.0,0.0,1165.0,499.0,1354.0,565.0
1.0,8739.0,3049.0,1688.0,0.0,1062.0,1062.0,1182.0,506.0,2125.0,924.0
1.0,5690.0,2905.0,1728.0,0.0,4127.0,4127.0,1210.0,518.0,2011.0,894.0
1.0,2785.0,1674.0,1744.0,1062.0,4803.0,4803.0,1220.0,524.0,1160.0,514.0
1.0,2173.0,530.0,1722.0,4127.0,1118.0,1118.0,1205.0,517.0,383.0,147.0
1.0,5770.0,608.0,1683.0,4803.0,0.0,0.0,1178.0,505.0,449.0,159.0
1.0,9965.0,1802.0,1669.0,1118.0,0.0,0.0,1169.0,500.0,1271.0,531.0
1.0,9281.0,2958.0,1695.0,0.0,457.0,457.0,1187.0,508.0,2058.0,900.0
1.0,6323.0,2826.0,1736.0,0.0,3447.0,3447.0,1215.0,521.0,1957.0,869.0
1.0,3497.0,1559.0,1752.0,457.0,4613.0,4613.0,1226.0,526.0,1080.0,479.0
1.0,2395.0,457.0,1727.0,3447.0,1523.0,1523.0,1208.0,519.0,331.0,126.0
1.0,5385.0,611.0,1687.0,4613.0,0.0,0.0,1181.0,506.0,450.0,161.0
1.0,9387.0,1884.0,1675.0,1523.0,0.0,0.0,1173.0,502.0,1328.0,556.0
1.0,9026.0,3074.0,1704.0,0.0,864.0,864.0,1193.0,511.0,2141.0,933.0
1.0,5952.0,3035.0,1747.0,0.0,4071.0,4071.0,1223.0,524.0,2103.0,932.0
1.0,2917.0,1792.0,1764.0,864.0,5067.0,5067.0,1234.0,530.0,1245.0,547.0
1.0,1989.0,548.0,1737.0,4071.0,1436.0,1436.0,1215.0,522.0,396.0,152.0
1.0,5512.0,564.0,1693.0,5067.0,0.0,0.0,1185.0,508.0,418.0,146.0
1.0,10015.0,1760.0,1676.0,1436.0,0.0,0.0,1174.0,502.0,1243.0,517.0
1.0,9691.0,2940.0,1705.0,0.0,69.0,69.0,1194.0,511.0,2044.0,896.0
1.0,6751.0,2846.0,1751.0,0.0,3099.0,3099.0,1226.0,525.0,1967.0,879.0
1.0,3905.0,1546.0,1769.0,69.0,4648.0,4648.0,1238.0,531.0,1072.0,474.0
1.0,2428.0,328.0,1741.0,3099.0,1765.0,1765.0,1218.0,523.0,243.0,85.0
1.0,5199.0,452.0,1695.0,4648.0,0.0,0.0,1187.0,508.0,341.0,111.0
1.0,9395.0,1830.0,1678.0,1765.0,0.0,0.0,1175.0,503.0,1292.0,538.0
1.0,9330.0,3121.0,1707.0,0.0,619.0,619.0,1195.0,512.0,2171.0,950.0
1.0,6209.0,3061.0,1753.0,0.0,3864.0,3864.0,1227.0,526.0,2115.0,946.0
1.0,3148.0,1747.0,1771.0,619.0,5064.0,5064.0,1239.0,532.0,1210.0,537.0
1.0,2020.0,475.0,1744.0,3864.0,1567.0,1567.0,1220.0,524.0,347.0,128.0
1.0,5409.0,464.0,1699.0,5064.0,0.0,0.0,1189.0,510.0,352.0,112.0
1.0,10009.0,1730.0,1681.0,1567.0,0.0,0.0,1177.0,504.0,1224.0,506.0
1.0,9846.0,3003.0,1708.0,0.0,0.0,0.0,1196.0,512.0,2089.0,914.0
1.0,6843.0,2957.0,1754.0,0.0,3130.0,3130.0,1228.0,526.0,2044.0,913.0
1.0,3886.0,1658.0,1774.0,0.0,4868.0,4868.0,1241.0,533.0,1146.0,512.0
1.0,2228.0,360.0,1748.0,3130.0,1994.0,1994.0,1223.0,525.0,263.0,97.0
1.0,4998.0,410.0,1703.0,4868.0,0.0,0.0,1192.0,511.0,314.0,96.0
1.0,9456.0,1779.0,1686.0,1994.0,0.0,0.0,1181.0,505.0,1260.0,519.0
1.0,9671.0,3070.0,1714.0,0.0,255.0,255.0,1200.0,514.0,2137.0,933.0
1.0,6601.0,2953.0,1758.0,0.0,3384.0,3384.0,1231.0,527.0,2043.0,910.0
1.0,3648.0,1641.0,1775.0,255.0,4838.0,4838.0,1242.0,533.0,1134.0,507.0
1.0,2262.0,499.0,1748.0,3384.0,1845.0,1845.0,1223.0,525.0,359.0,140.0
1.0,5147.0,718.0,1706.0,4838.0,0.0,0.0,1194.0,512.0,529.0,189.0
1.0,9267.0,2056.0,1692.0,1845.0,0.0,0.0,1185.0,507.0,1453.0,603.0
1.0,9056.0,3168.0,1722.0,0.0,1000.0,1000.0,1206.0,516.0,2206.0,962.0
1.0,5888.0,2862.0,1767.0,0.0,4042.0,4042.0,1237.0,530.0,1979.0,883.0
1.0,3026.0,1435.0,1782.0,1000.0,4537.0,4537.0,1247.0,535.0,989.0,446.0
1.0,2591.0,301.0,1754.0,4042.0,684.0,684.0,1227.0,527.0,221.0,80.0
1.0,6332.0,515.0,1710.0,4537.0,0.0,0.0,1197.0,513.0,386.0,129.0
1.0,10354.0,1915.0,1695.0,684.0,0.0,0.0,1187.0,508.0,1356.0,559.0
1.0,9123.0,3134.0,1726.0,0.0,915.0,915.0,1209.0,517.0,2186.0,948.0
1.0,5989.0,2929.0,1772.0,0.0,4028.0,4028.0,1240.0,532.0,2024.0,905.0
1.0,3060.0,1523.0,1788.0,915.0,4700.0,4700.0,1251.0,537.0,1048.0,475.0
1.0,2452.0,376.0,1758.0,4028.0,928.0,928.0,1230.0,528.0,271.0,105.0
1.0,6104.0,656.0,1713.0,4700.0,0.0,0.0,1199.0,514.0,485.0,171.0
1.0,10148.0,2104.0,1697.0,928.0,0.0,0.0,1189.0,508.0,1492.0,612.0
1.0,8972.0,3291.0,1728.0,0.0,1231.0,1231.0,1210.0,518.0,2297.0,994.0
1.0,5681.0,3007.0,1776.0,0.0,4430.0,4430.0,1243.0,533.0,2077.0,930.0
1.0,2674.0,1484.0,1793.0,1231.0,4751.0,4751.0,1254.0,539.0,1018.0,466.0
1.0,2421.0,210.0,1761.0,4430.0,403.0,403.0,1232.0,529.0,155.0,55.0
1.0,6641.0,446.0,1713.0,4751.0,0.0,0.0,1199.0,514.0,340.0,106.0
1.0,10946.0,1938.0,1696.0,403.0,0.0,0.0,1188.0,508.0,1378.0,560.0
1.0,9411.0,3172.0,1728.0,0.0,673.0,673.0,1210.0,518.0,2213.0,959.0
1.0,6239.0,2969.0,1776.0,0.0,3834.0,3834.0,1243.0,533.0,2051.0,918.0
1.0,3270.0,1463.0,1792.0,673.0,4688.0,4688.0,1254.0,538.0,1006.0,457.0
1.0,2480.0,281.0,1761.0,3834.0,1011.0,1011.0,1232.0,529.0,204.0,77.0
1.0,6033.0,612.0,1714.0,4688.0,0.0,0.0,1200.0,514.0,454.0,158.0
1.0,10109.0,2171.0,1698.0,1011.0,0.0,0.0,1189.0,509.0,1538.0,633.0
1.0,8949.0,3426.0,1729.0,0.0,1393.0,1393.0,1211.0,518.0,2391.0,1035.0
1.0,5523.0,3116.0,1778.0,0.0,4705.0,4705.0,1245.0,533.0,2157.0,959.0
1.0,2407.0,1527.0,1797.0,1393.0,4915.0,4915.0,1257.0,540.0,1050.0,477.0
1.0,2273.0,212.0,1767.0,4705.0,302.0,302.0,1236.0,531.0,154.0,58.0
1.0,6766.0,483.0,1720.0,4915.0,0.0,0.0,1204.0,516.0,364.0,119.0
1.0,11198.0,2047.0,1705.0,302.0,0.0,0.0,1194.0,511.0,1453.0,594.0
1.0,9453.0,3241.0,1737.0,0.0,736.0,736.0,1217.0,520.0,2263.0,978.0
1.0,6212.0,2928.0,1787.0,0.0,3864.0,3864.0,1251.0,536.0,2022.0,906.0
1.0,3284.0,1431.0,1806.0,736.0,4635.0,4635.0,1263.0,543.0,981.0,450.0
1.0,2589.0,245.0,1775.0,3864.0,892.0,892.0,1242.0,533.0,180.0,65.0
1.0,6208.0,577.0,1726.0,4635.0,0.0,0.0,1208.0,518.0,433.0,144.0
1.0,10266.0,2128.0,1709.0,892.0,0.0,0.0,1197.0,512.0,1510.0,618.0
1.0,9030.0,3398.0,1740.0,0.0,1328.0,1328.0,1219.0,521.0,2368.0,1030.0
1.0,5632.0,3111.0,1791.0,0.0,4643.0,4643.0,1254.0,537.0,2148.0,963.0
1.0,2521.0,1530.0,1811.0,1328.0,4925.0,4925.0,1267.0,544.0,1053.0,477.0
1.0,2319.0,248.0,1783.0,4643.0,418.0,418.0,1247.0,536.0,184.0,64.0
1.0,6714.0,507.0,1735.0,4925.0,0.0,0.0,1214.0,521.0,383.0,124.0
1.0,11132.0,2008.0,1716.0,418.0,0.0,0.0,1202.0,514.0,1422.0,586.0
1.0,9542.0,3259.0,1747.0,0.0,705.0,705.0,1224.0,523.0,2271.0,988.0
1.0,6283.0,2984.0,1798.0,0.0,3893.0,3893.0,1259.0,539.0,2063.0,921.0
1.0,3299.0,1465.0,1818.0,705.0,4733.0,4733.0,1272.0,546.0,1010.0,455.0
1.0,2539.0,265.0,1790.0,3893.0,993.0,993.0,1252.0,538.0,194.0,71.0
1.0,6167.0,555.0,1740.0,4733.0,0.0,0.0,1218.0,522.0,414.0,141.0
1.0,10345.0,2058.0,1723.0,993.0,0.0,0.0,1207.0,516.0,1456.0,602.0
1.0,9280.0,3378.0,1757.0,0.0,1126.0,1126.0,1231.0,526.0,2357.0,1021.0
1.0,5902.0,3136.0,1808.0,0.0,4466.0,4466.0,1266.0,542.0,2172.0,964.0
1.0,2766.0,1625.0,1825.0,1126.0,5033.0,5033.0,1277.0,548.0,1122.0,503.0
1.0,2267.0,329.0,1792.0,4466.0,764.0,764.0,1254.0,538.0,238.0,91.0
1.0,6404.0,467.0,1740.0,5033.0,0.0,0.0,1218.0,522.0,349.0,118.0
1.0,10970.0,1997.0,1723.0,764.0,0.0,0.0,1207.0,516.0,1412.0,585.0
1.0,9737.0,3367.0,1760.0,0.0,670.0,670.0,1233.0,527.0,2350.0,1017.0
1.0,6370.0,3133.0,1815.0,0.0,4023.0,4023.0,1271.0,544.0,2172.0,961.0
1.0,3237.0,1501.0,1834.0,670.0,4930.0,4930.0,1283.0,551.0,1035.0,466.0
1.0,2406.0,68.0,1798.0,4023.0,831.0,831.0,1258.0,540.0,53.0,15.0
1.0,6361.0,273.0,1743.0,4930.0,0.0,0.0,1220.0,523.0,212.0,61.0
1.0,11018.0,1959.0,1725.0,831.0,0.0,0.0,1208.0,517.0,1388.0,571.0
1.0,9890.0,3480.0,1763.0,0.0,642.0,642.0,1235.0,528.0,2433.0,1047.0
1.0,6410.0,3356.0,1820.0,0.0,4226.0,4226.0,1274.0,546.0,2327.0,1029.0
1.0,3054.0,1660.0,1839.0,642.0,5320.0,5320.0,1287.0,552.0,1143.0,517.0
1.0,2036.0,135.0,1801.0,4226.0,1077.0,1077.0,1260.0,541.0,98.0,37.0
1.0,6127.0,337.0,1745.0,5320.0,0.0,0.0,1221.0,524.0,258.0,79.0
1.0,11110.0,2037.0,1726.0,1077.0,0.0,0.0,1209.0,517.0,1446.0,591.0
1.0,10150.0,3533.0,1765.0,0.0,443.0,443.0,1237.0,528.0,2472.0,1061.0
1.0,6617.0,3254.0,1824.0,0.0,3933.0,3933.0,1277.0,547.0,2257.0,997.0
1.0,3363.0,1462.0,1843.0,443.0,5028.0,5028.0,1290.0,553.0,1004.0,458.0
1.0,2344.0,0.0,1806.0,3933.0,947.0,947.0,1263.0,543.0,0.0,0.0
1.0,6277.0,236.0,1749.0,5028.0,0.0,0.0,1224.0,525.0,185.0,51.0
1.0,11069.0,2002.0,1731.0,947.0,0.0,0.0,1212.0,519.0,1422.0,580.0
1.0,10014.0,3550.0,1771.0,0.0,620.0,620.0,1241.0,530.0,2484.0,1066.0
1.0,6464.0,3338.0,1830.0,0.0,4194.0,4194.0,1281.0,549.0,2315.0,1023.0
1.0,3126.0,1690.0,1851.0,620.0,5348.0,5348.0,1295.0,556.0,1165.0,525.0
1.0,2056.0,184.0,1812.0,4194.0,1182.0,1182.0,1268.0,544.0,132.0,52.0
1.0,6066.0,317.0,1752.0,5348.0,0.0,0.0,1226.0,526.0,242.0,75.0
1.0,11097.0,2033.0,1732.0,1182.0,0.0,0.0,1213.0,519.0,1441.0,592.0
1.0,10246.0,3583.0,1772.0,0.0,425.0,425.0,1241.0,531.0,2503.0,1080.0
1.0,6663.0,3286.0,1831.0,0.0,3947.0,3947.0,1282.0,549.0,2279.0,1007.0
1.0,3377.0,1476.0,1849.0,425.0,5070.0,5070.0,1294.0,555.0,1017.0,459.0
1.0,2326.0,0.0,1810.0,3947.0,967.0,967.0,1266.0,544.0,0.0,0.0
1.0,6273.0,207.0,1752.0,5070.0,0.0,0.0,1226.0,526.0,167.0,40.0
1.0,11136.0,2022.0,1735.0,967.0,0.0,0.0,1215.0,520.0,1436.0,586.0
1.0,10081.0,3561.0,1776.0,0.0,584.0,584.0,1244.0,532.0,2491.0,1070.0
1.0,6520.0,3295.0,1834.0,0.0,4111.0,4111.0,1284.0,550.0,2284.0,1011.0
1.0,3225.0,1487.0,1851.0,584.0,5082.0,5082.0,1295.0,556.0,1020.0,467.0
1.0,2322.0,21.0,1811.0,4111.0,832.0,832.0,1267.0,544.0,16.0,5.0
1.0,6412.0,351.0,1752.0,5082.0,0.0,0.0,1226.0,526.0,268.0,83.0
1.0,11143.0,2184.0,1735.0,832.0,0.0,0.0,1215.0,520.0,1550.0,634.0
1.0,9791.0,3626.0,1774.0,0.0,931.0,931.0,1243.0,531.0,2537.0,1089.0
1.0,6165.0,3278.0,1833.0,0.0,4445.0,4445.0,1283.0,550.0,2272.0,1006.0
1.0,2887.0,1555.0,1854.0,931.0,5153.0,5153.0,1297.0,557.0,1067.0,488.0
1.0,2263.0,81.0,1816.0,4445.0,637.0,637.0,1270.0,546.0,58.0,23.0
1.0,6627.0,250.0,1758.0,5153.0,0.0,0.0,1230.0,528.0,198.0,52.0
1.0,11530.0,1885.0,1737.0,637.0,0.0,0.0,1217.0,520.0,1341.0,544.0
1.0,10282.0,3399.0,1774.0,0.0,213.0,213.0,1243.0,531.0,2378.0,1021.0
1.0,6883.0,3300.0,1833.0,0.0,3749.0,3749.0,1283.0,550.0,2287.0,1013.0
1.0,3583.0,1715.0,1855.0,213.0,5339.0,5339.0,1298.0,557.0,1180.0,535.0
1.0,2081.0,167.0,1818.0,3749.0,1609.0,1609.0,1272.0,546.0,119.0,48.0
1.0,5663.0,238.0,1758.0,5339.0,0.0,0.0,1230.0,528.0,188.0,50.0
1.0,10764.0,1999.0,1736.0,1609.0,0.0,0.0,1216.0,520.0,1420.0,579.0
1.0,10374.0,3659.0,1776.0,0.0,389.0,389.0,1244.0,532.0,2559.0,1100.0
1.0,6715.0,3593.0,1838.0,0.0,4230.0,4230.0,1287.0,551.0,2493.0,1100.0
1.0,3122.0,1781.0,1864.0,389.0,5726.0,5726.0,1304.0,560.0,1225.0,556.0
1.0,1730.0,25.0,1826.0,4230.0,1369.0,1369.0,1277.0,549.0,18.0,7.0
1.0,5935.0,68.0,1762.0,5726.0,0.0,0.0,1233.0,529.0,68.0,0.0
1.0,11593.0,1841.0,1738.0,1369.0,0.0,0.0,1217.0,521.0,1310.0,531.0
1.0,11121.0,3543.0,1776.0,0.0,0.0,0.0,1244.0,532.0,2482.0,1061.0
1.0,7578.0,3462.0,1842.0,0.0,3252.0,3252.0,1290.0,552.0,2404.0,1058.0
1.0,4116.0,1703.0,1869.0,0.0,5063.0,5063.0,1308.0,561.0,1169.0,534.0
1.0,2413.0,22.0,1832.0,3252.0,1685.0,1685.0,1282.0,550.0,13.0,9.0
1.0,5643.0,72.0,1766.0,5063.0,0.0,0.0,1236.0,530.0,70.0,2.0
1.0,10634.0,1884.0,1738.0,1685.0,0.0,0.0,1217.0,521.0,1341.0,543.0
1.0,10435.0,3682.0,1777.0,0.0,355.0,355.0,1245.0,532.0,2581.0,1101.0
1.0,6753.0,3713.0,1846.0,0.0,4344.0,4344.0,1293.0,553.0,2579.0,1134.0
1.0,3040.0,1898.0,1876.0,355.0,6007.0,6007.0,1313.0,563.0,1306.0,592.0
1.0,1497.0,87.0,1838.0,4344.0,1598.0,1598.0,1286.0,552.0,58.0,29.0
1.0,5754.0,54.0,1771.0,6007.0,0.0,0.0,1239.0,532.0,54.0,0.0
1.0,11707.0,1766.0,1743.0,1598.0,0.0,0.0,1220.0,523.0,1260.0,506.0
1.0,11539.0,3526.0,1783.0,0.0,0.0,0.0,1249.0,534.0,2474.0,1052.0
1.0,8013.0,3491.0,1849.0,0.0,2874.0,2874.0,1295.0,554.0,2426.0,1065.0
1.0,4522.0,1721.0,1878.0,0.0,4711.0,4711.0,1314.0,564.0,1181.0,540.0
1.0,2801.0,21.0,1840.0,2874.0,1706.0,1706.0,1287.0,553.0,10.0,11.0
1.0,5654.0,45.0,1772.0,4711.0,0.0,0.0,1240.0,532.0,45.0,0.0
1.0,10320.0,1891.0,1745.0,1706.0,0.0,0.0,1222.0,523.0,1347.0,544.0
1.0,10135.0,3671.0,1783.0,0.0,668.0,668.0,1249.0,534.0,2578.0,1093.0
1.0,6464.0,3671.0,1851.0,0.0,4611.0,4611.0,1296.0,555.0,2556.0,1115.0
1.0,2793.0,1860.0,1879.0,668.0,5915.0,5915.0,1315.0,564.0,1281.0,579.0
1.0,1601.0,123.0,1843.0,4611.0,1283.0,1283.0,1289.0,554.0,76.0,47.0
1.0,6089.0,147.0,1777.0,5915.0,0.0,0.0,1243.0,534.0,114.0,33.0
1.0,11857.0,1885.0,1750.0,1283.0,0.0,0.0,1225.0,525.0,1343.0,542.0
1.0,11255.0,3551.0,1790.0,0.0,0.0,0.0,1254.0,536.0,2498.0,1053.0
1.0,7704.0,3432.0,1856.0,0.0,3152.0,3152.0,1300.0,556.0,2391.0,1041.0
1.0,4272.0,1669.0,1885.0,0.0,4937.0,4937.0,1319.0,566.0,1143.0,526.0
1.0,2603.0,2.0,1845.0,3152.0,1627.0,1627.0,1291.0,554.0,0.0,2.0
1.0,5753.0,73.0,1778.0,4937.0,0.0,0.0,1244.0,534.0,62.0,11.0
1.0,10617.0,1912.0,1751.0,1627.0,0.0,0.0,1226.0,525.0,1353.0,559.0
1.0,10332.0,3675.0,1793.0,0.0,515.0,515.0,1256.0,537.0,2577.0,1098.0
1.0,6657.0,3631.0,1863.0,0.0,4426.0,4426.0,1305.0,558.0,2529.0,1102.0
1.0,3026.0,1816.0,1892.0,515.0,5843.0,5843.0,1324.0,568.0,1255.0,561.0
1.0,1725.0,96.0,1851.0,4426.0,1349.0,1349.0,1295.0,556.0,64.0,32.0
1.0,6055.0,135.0,1784.0,5843.0,0.0,0.0,1248.0,536.0,106.0,29.0
1.0,11763.0,1923.0,1758.0,1349.0,0.0,0.0,1231.0,527.0,1362.0,561.0
1.0,11189.0,3578.0,1796.0,0.0,0.0,0.0,1258.0,538.0,2509.0,1069.0
1.0,7611.0,3527.0,1863.0,0.0,3368.0,3368.0,1305.0,558.0,2456.0,1071.0
1.0,4084.0,1712.0,1891.0,0.0,5192.0,5192.0,1323.0,568.0,1182.0,530.0
1.0,2372.0,44.0,1856.0,3368.0,1728.0,1728.0,1298.0,558.0,27.0,17.0
1.0,5696.0,48.0,1791.0,5192.0,0.0,0.0,1253.0,538.0,48.0,0.0
1.0,10840.0,1821.0,1763.0,1728.0,0.0,0.0,1234.0,529.0,1290.0,531.0
1.0,10747.0,3583.0,1799.0,0.0,32.0,32.0,1260.0,539.0,2509.0,1074.0
1.0,7164.0,3593.0,1865.0,0.0,3889.0,3889.0,1306.0,559.0,2502.0,1091.0
1.0,3571.0,1892.0,1896.0,32.0,5873.0,5873.0,1327.0,569.0,1313.0,579.0
1.0,1711.0,176.0,1861.0,3889.0,2020.0,2020.0,1302.0,559.0,124.0,52.0
1.0,5424.0,256.0,1796.0,5873.0,0.0,0.0,1257.0,539.0,190.0,66.0
1.0,11041.0,1924.0,1764.0,2020.0,0.0,0.0,1235.0,529.0,1358.0,566.0
1.0,11137.0,3551.0,1798.0,0.0,0.0,0.0,1259.0,539.0,2486.0,1065.0
1.0,7586.0,3542.0,1865.0,0.0,3416.0,3416.0,1306.0,559.0,2467.0,1075.0
1.0,4044.0,1808.0,1899.0,0.0,5360.0,5360.0,1329.0,570.0,1253.0,555.0
1.0,2236.0,87.0,1865.0,3416.0,1895.0,1895.0,1305.0,560.0,62.0,25.0
1.0,5565.0,77.0,1799.0,5360.0,0.0,0.0,1259.0,540.0,68.0,9.0
1.0,10848.0,1723.0,1765.0,1895.0,0.0,0.0,1236.0,529.0,1219.0,504.0
1.0,11020.0,3394.0,1798.0,0.0,0.0,0.0,1259.0,539.0,2373.0,1021.0
1.0,7626.0,3448.0,1864.0,0.0,3278.0,3278.0,1305.0,559.0,2398.0,1050.0
1.0,4178.0,1889.0,1899.0,0.0,5307.0,5307.0,1329.0,570.0,1311.0,578.0
1.0,2289.0,396.0,1870.0,3278.0,2309.0,2309.0,1308.0,562.0,281.0,115.0
1.0,5171.0,474.0,1808.0,5307.0,0.0,0.0,1265.0,543.0,348.0,126.0
1.0,10004.0,2082.0,1777.0,2309.0,0.0,0.0,1244.0,533.0,1468.0,614.0
1.0,10231.0,3554.0,1809.0,0.0,559.0,559.0,1267.0,542.0,2483.0,1071.0
1.0,6677.0,3393.0,1872.0,0.0,4204.0,4204.0,1311.0,561.0,2361.0,1032.0
1.0,3284.0,1705.0,1904.0,559.0,5478.0,5478.0,1333.0,571.0,1184.0,521.0
1.0,2138.0,212.0,1874.0,4204.0,1366.0,1366.0,1311.0,563.0,151.0,61.0
1.0,6130.0,294.0,1812.0,5478.0,0.0,0.0,1268.0,544.0,218.0,76.0
1.0,11314.0,1951.0,1783.0,1366.0,0.0,0.0,1248.0,535.0,1374.0,577.0
1.0,10729.0,3477.0,1816.0,0.0,12.0,12.0,1272.0,544.0,2431.0,1046.0
1.0,7252.0,3292.0,1879.0,0.0,3556.0,3556.0,1316.0,563.0,2293.0,999.0
1.0,3960.0,1694.0,1910.0,12.0,5362.0,5362.0,1337.0,573.0,1177.0,517.0
1.0,2278.0,225.0,1879.0,3556.0,1907.0,1907.0,1315.0,564.0,162.0,63.0
1.0,5609.0,463.0,1817.0,5362.0,0.0,0.0,1272.0,545.0,336.0,127.0
1.0,10508.0,2242.0,1790.0,1907.0,0.0,0.0,1253.0,537.0,1579.0,663.0
1.0,10173.0,3731.0,1825.0,0.0,858.0,858.0,1278.0,547.0,2608.0,1123.0
1.0,6442.0,3423.0,1889.0,0.0,4537.0,4537.0,1323.0,566.0,2383.0,1040.0
1.0,3019.0,1588.0,1917.0,858.0,5379.0,5379.0,1342.0,575.0,1102.0,486.0
1.0,2289.0,59.0,1882.0,4537.0,761.0,761.0,1317.0,565.0,46.0,13.0
1.0,6767.0,379.0,1821.0,5379.0,0.0,0.0,1274.0,547.0,278.0,101.0
1.0,11767.0,2167.0,1796.0,761.0,0.0,0.0,1257.0,539.0,1526.0,641.0
1.0,10361.0,3569.0,1832.0,0.0,536.0,536.0,1283.0,549.0,2495.0,1074.0
1.0,6792.0,3241.0,1895.0,0.0,4029.0,4029.0,1327.0,568.0,2255.0,986.0
1.0,3551.0,1536.0,1923.0,536.0,5141.0,5141.0,1346.0,577.0,1066.0,470.0
1.0,2551.0,119.0,1889.0,4029.0,1095.0,1095.0,1322.0,567.0,88.0,31.0
1.0,6461.0,477.0,1827.0,5141.0,0.0,0.0,1279.0,548.0,346.0,131.0
1.0,11125.0,2187.0,1800.0,1095.0,0.0,0.0,1260.0,540.0,1541.0,646.0
1.0,10033.0,3600.0,1834.0,0.0,903.0,903.0,1284.0,550.0,2515.0,1085.0
1.0,6433.0,3387.0,1897.0,0.0,4542.0,4542.0,1328.0,569.0,2357.0,1030.0
1.0,3046.0,1730.0,1927.0,903.0,5489.0,5489.0,1349.0,578.0,1203.0,527.0
1.0,2219.0,282.0,1896.0,4542.0,1105.0,1105.0,1327.0,569.0,202.0,80.0
1.0,6479.0,449.0,1836.0,5489.0,0.0,0.0,1285.0,551.0,328.0,121.0
1.0,11519.0,2040.0,1807.0,1105.0,0.0,0.0,1265.0,542.0,1437.0,603.0
1.0,10584.0,3406.0,1840.0,0.0,182.0,182.0,1288.0,552.0,2378.0,1028.0
1.0,7178.0,3218.0,1901.0,0.0,3644.0,3644.0,1331.0,570.0,2237.0,981.0
1.0,3960.0,1640.0,1932.0,182.0,5226.0,5226.0,1352.0,580.0,1140.0,500.0
1.0,2502.0,307.0,1902.0,3644.0,1769.0,1769.0,1331.0,571.0,221.0,86.0
1.0,5839.0,564.0,1844.0,5226.0,0.0,0.0,1291.0,553.0,410.0,154.0
1.0,10501.0,2181.0,1817.0,1769.0,0.0,0.0,1272.0,545.0,1534.0,647.0
1.0,10089.0,3577.0,1850.0,0.0,888.0,888.0,1295.0,555.0,2497.0,1080.0
1.0,6512.0,3300.0,1910.0,0.0,4428.0,4428.0,1337.0,573.0,2297.0,1003.0
1.0,3212.0,1649.0,1936.0,888.0,5293.0,5293.0,1355.0,581.0,1147.0,502.0
1.0,2451.0,301.0,1905.0,4428.0,1042.0,1042.0,1333.0,572.0,218.0,83.0
1.0,6578.0,596.0,1849.0,5293.0,0.0,0.0,1294.0,555.0,430.0,166.0
1.0,11275.0,2194.0,1823.0,1042.0,0.0,0.0,1276.0,547.0,1541.0,653.0
1.0,10123.0,3473.0,1855.0,0.0,770.0,770.0,1299.0,556.0,2425.0,1048.0
1.0,6650.0,3106.0,1913.0,0.0,4108.0,4108.0,1339.0,574.0,2163.0,943.0
1.0,3544.0,1464.0,1939.0,770.0,4906.0,4906.0,1357.0,582.0,1020.0,444.0
1.0,2850.0,254.0,1911.0,4108.0,940.0,940.0,1337.0,574.0,184.0,70.0
1.0,6704.0,634.0,1859.0,4906.0,0.0,0.0,1301.0,558.0,454.0,180.0
1.0,10976.0,2241.0,1835.0,940.0,0.0,0.0,1285.0,550.0,1574.0,667.0
1.0,9675.0,3493.0,1865.0,0.0,1278.0,1278.0,1306.0,559.0,2440.0,1053.0
1.0,6182.0,3160.0,1919.0,0.0,4654.0,4654.0,1343.0,576.0,2202.0,958.0
1.0,3022.0,1653.0,1942.0,1278.0,5121.0,5121.0,1359.0,583.0,1152.0,501.0
1.0,2647.0,454.0,1910.0,4654.0,793.0,793.0,1337.0,573.0,323.0,131.0
1.0,6847.0,791.0,1857.0,5121.0,0.0,0.0,1300.0,557.0,564.0,227.0
1.0,11177.0,2248.0,1835.0,793.0,0.0,0.0,1285.0,550.0,1579.0,669.0
1.0,9722.0,3320.0,1866.0,0.0,1062.0,1062.0,1307.0,559.0,2319.0,1001.0
1.0,6402.0,2959.0,1919.0,0.0,4233.0,4233.0,1343.0,576.0,2061.0,898.0
1.0,3443.0,1493.0,1942.0,1062.0,4756.0,4756.0,1359.0,583.0,1038.0,455.0
1.0,3012.0,342.0,1911.0,4233.0,741.0,741.0,1337.0,574.0,244.0,98.0
1.0,6903.0,741.0,1859.0,4756.0,0.0,0.0,1301.0,558.0,529.0,212.0
1.0,10918.0,2206.0,1838.0,741.0,0.0,0.0,1287.0,551.0,1551.0,655.0
1.0,9453.0,3358.0,1869.0,0.0,1381.0,1381.0,1309.0,560.0,2347.0,1011.0
1.0,6095.0,3094.0,1924.0,0.0,4695.0,4695.0,1347.0,577.0,2154.0,940.0
1.0,3001.0,1655.0,1948.0,1381.0,5065.0,5065.0,1363.0,585.0,1150.0,505.0
1.0,2727.0,574.0,1915.0,4695.0,812.0,812.0,1340.0,575.0,406.0,168.0
1.0,6848.0,876.0,1860.0,5065.0,0.0,0.0,1302.0,558.0,626.0,250.0
1.0,11037.0,2244.0,1838.0,812.0,0.0,0.0,1287.0,551.0,1579.0,665.0
1.0,9605.0,3278.0,1871.0,0.0,1157.0,1157.0,1310.0,561.0,2290.0,988.0
1.0,6327.0,2986.0,1927.0,0.0,4367.0,4367.0,1349.0,578.0,2079.0,907.0
1.0,3341.0,1540.0,1949.0,1157.0,4838.0,4838.0,1364.0,585.0,1070.0,470.0
1.0,2958.0,417.0,1915.0,4367.0,752.0,752.0,1340.0,575.0,295.0,122.0
1.0,6908.0,719.0,1860.0,4838.0,0.0,0.0,1302.0,558.0,516.0,203.0
1.0,11027.0,2090.0,1838.0,752.0,0.0,0.0,1287.0,551.0,1471.0,619.0
1.0,9689.0,3236.0,1871.0,0.0,1031.0,1031.0,1310.0,561.0,2262.0,974.0
1.0,6453.0,3073.0,1928.0,0.0,4332.0,4332.0,1350.0,578.0,2138.0,935.0
1.0,3380.0,1751.0,1952.0,1031.0,5148.0,5148.0,1366.0,586.0,1216.0,535.0
1.0,2660.0,676.0,1924.0,4332.0,1380.0,1380.0,1346.0,578.0,476.0,200.0
1.0,6316.0,899.0,1872.0,5148.0,0.0,0.0,1310.0,562.0,643.0,256.0
1.0,10565.0,2183.0,1848.0,1380.0,0.0,0.0,1294.0,554.0,1539.0,644.0
1.0,9762.0,3262.0,1878.0,0.0,1012.0,1012.0,1315.0,563.0,2282.0,980.0
1.0,6500.0,3080.0,1931.0,0.0,4304.0,4304.0,1352.0,579.0,2142.0,938.0
1.0,3420.0,1775.0,1958.0,1012.0,5175.0,5175.0,1370.0,588.0,1230.0,545.0
1.0,2657.0,646.0,1931.0,4304.0,1409.0,1409.0,1351.0,580.0,452.0,194.0
1.0,6315.0,775.0,1880.0,5175.0,0.0,0.0,1316.0,564.0,557.0,218.0
1.0,10715.0,2002.0,1856.0,1409.0,0.0,0.0,1300.0,556.0,1416.0,586.0
1.0,10122.0,3090.0,1885.0,0.0,508.0,508.0,1320.0,565.0,2163.0,927.0
1.0,7032.0,2921.0,1934.0,0.0,3625.0,3625.0,1354.0,580.0,2030.0,891.0
1.0,4111.0,1700.0,1956.0,508.0,4905.0,4905.0,1369.0,587.0,1174.0,526.0
1.0,2919.0,749.0,1929.0,3625.0,1921.0,1921.0,1350.0,579.0,524.0,225.0
1.0,5795.0,982.0,1879.0,4905.0,0.0,0.0,1315.0,564.0,703.0,279.0
1.0,9718.0,2157.0,1857.0,1921.0,0.0,0.0,1300.0,557.0,1526.0,631.0
1.0,9482.0,3149.0,1886.0,0.0,1211.0,1211.0,1321.0,565.0,2203.0,946.0
1.0,6333.0,2974.0,1937.0,0.0,4389.0,4389.0,1356.0,581.0,2064.0,910.0
1.0,3359.0,1799.0,1961.0,1211.0,5073.0,5073.0,1372.0,589.0,1244.0,555.0
1.0,2771.0,738.0,1932.0,4389.0,1306.0,1306.0,1352.0,580.0,519.0,219.0
1.0,6422.0,906.0,1883.0,5073.0,0.0,0.0,1318.0,565.0,650.0,256.0
1.0,10589.0,2074.0,1864.0,1306.0,0.0,0.0,1305.0,559.0,1466.0,608.0
1.0,9821.0,3028.0,1894.0,0.0,783.0,783.0,1326.0,568.0,2118.0,910.0
1.0,6793.0,2876.0,1944.0,0.0,3859.0,3859.0,1361.0,583.0,1999.0,877.0
1.0,3917.0,1738.0,1965.0,783.0,4898.0,4898.0,1375.0,590.0,1201.0,537.0
1.0,2962.0,706.0,1935.0,3859.0,1625.0,1625.0,1354.0,581.0,493.0,213.0
1.0,6115.0,902.0,1886.0,4898.0,0.0,0.0,1320.0,566.0,647.0,255.0
1.0,10111.0,2132.0,1865.0,1625.0,0.0,0.0,1306.0,559.0,1509.0,623.0
1.0,9604.0,3217.0,1896.0,0.0,1197.0,1197.0,1328.0,568.0,2253.0,964.0
1.0,6387.0,3066.0,1946.0,0.0,4463.0,4463.0,1362.0,584.0,2132.0,934.0
1.0,3321.0,1852.0,1966.0,1197.0,5198.0,5198.0,1376.0,590.0,1281.0,571.0
1.0,2666.0,790.0,1938.0,4463.0,1413.0,1413.0,1356.0,582.0,550.0,240.0
1.0,6339.0,825.0,1890.0,5198.0,0.0,0.0,1323.0,567.0,590.0,235.0
1.0,10712.0,1998.0,1872.0,1413.0,0.0,0.0,1311.0,561.0,1415.0,583.0
1.0,10127.0,3061.0,1902.0,0.0,542.0,542.0,1332.0,570.0,2148.0,913.0
1.0,7066.0,2930.0,1951.0,0.0,3668.0,3668.0,1366.0,585.0,2037.0,893.0
1.0,4136.0,1799.0,1972.0,542.0,5009.0,5009.0,1380.0,592.0,1241.0,558.0
1.0,2879.0,750.0,1944.0,3668.0,1979.0,1979.0,1360.0,584.0,522.0,228.0
1.0,5797.0,864.0,1896.0,5009.0,0.0,0.0,1327.0,569.0,617.0,247.0
1.0,9942.0,2062.0,1877.0,1979.0,0.0,0.0,1314.0,563.0,1459.0,603.0
1.0,9859.0,3128.0,1905.0,0.0,889.0,889.0,1334.0,571.0,2193.0,935.0
1.0,6731.0,3117.0,1954.0,0.0,4202.0,4202.0,1368.0,586.0,2171.0,946.0
1.0,3614.0,2034.0,1976.0,889.0,5435.0,5435.0,1383.0,593.0,1411.0,623.0
1.0,2469.0,891.0,1950.0,4202.0,2020.0,2020.0,1364.0,586.0,619.0,272.0
1.0,5780.0,834.0,1903.0,5435.0,0.0,0.0,1332.0,571.0,593.0,241.0
1.0,10381.0,1909.0,1882.0,2020.0,0.0,0.0,1318.0,564.0,1350.0,559.0
1.0,10492.0,3054.0,1911.0,0.0,206.0,206.0,1338.0,573.0,2142.0,912.0
1.0,7438.0,3092.0,1963.0,0.0,3506.0,3506.0,1374.0,589.0,2156.0,936.0
1.0,4346.0,1914.0,1986.0,206.0,5306.0,5306.0,1390.0,596.0,1328.0,586.0
1.0,2638.0,700.0,1959.0,3506.0,2392.0,2392.0,1371.0,588.0,485.0,215.0
1.0,5444.0,642.0,1909.0,5306.0,0.0,0.0,1336.0,573.0,456.0,186.0
1.0,10108.0,1838.0,1885.0,2392.0,0.0,0.0,1320.0,565.0,1297.0,541.0
1.0,10662.0,3170.0,1912.0,0.0,156.0,156.0,1339.0,573.0,2224.0,946.0
1.0,7492.0,3329.0,1964.0,0.0,3693.0,3693.0,1375.0,589.0,2325.0,1004.0
1.0,4163.0,2143.0,1987.0,156.0,5772.0,5772.0,1391.0,596.0,1491.0,652.0
1.0,2176.0,752.0,1961.0,3693.0,2727.0,2727.0,1372.0,589.0,521.0,231.0
1.0,5117.0,617.0,1909.0,5772.0,0.0,0.0,1336.0,573.0,437.0,180.0
1.0,10272.0,1861.0,1886.0,2727.0,0.0,0.0,1320.0,566.0,1313.0,548.0
1.0,11138.0,3210.0,1914.0,0.0,0.0,0.0,1340.0,574.0,2252.0,958.0
1.0,7928.0,3243.0,1964.0,0.0,3171.0,3171.0,1375.0,589.0,2264.0,979.0
1.0,4685.0,1953.0,1986.0,0.0,5212.0,5212.0,1390.0,596.0,1357.0,596.0
1.0,2732.0,582.0,1958.0,3171.0,2511.0,2511.0,1370.0,588.0,403.0,179.0
1.0,5321.0,518.0,1909.0,5212.0,0.0,0.0,1336.0,573.0,368.0,150.0
1.0,10015.0,1785.0,1887.0,2511.0,0.0,0.0,1321.0,566.0,1259.0,526.0
1.0,10741.0,3184.0,1915.0,0.0,103.0,103.0,1341.0,574.0,2231.0,953.0
1.0,7557.0,3356.0,1966.0,0.0,3663.0,3663.0,1376.0,590.0,2341.0,1015.0
1.0,4201.0,2165.0,1989.0,103.0,5817.0,5817.0,1392.0,597.0,1506.0,659.0
1.0,2139.0,790.0,1962.0,3663.0,2836.0,2836.0,1373.0,589.0,553.0,237.0
1.0,5012.0,639.0,1915.0,5817.0,0.0,0.0,1340.0,575.0,458.0,181.0
1.0,10190.0,1846.0,1893.0,2836.0,0.0,0.0,1325.0,568.0,1300.0,546.0
1.0,11180.0,3231.0,1920.0,0.0,0.0,0.0,1344.0,576.0,2259.0,972.0
1.0,7949.0,3421.0,1971.0,0.0,3356.0,3356.0,1380.0,591.0,2387.0,1034.0
1.0,4528.0,2106.0,1995.0,0.0,5558.0,5558.0,1396.0,599.0,1468.0,638.0
1.0,2422.0,631.0,1967.0,3356.0,2721.0,2721.0,1376.0,591.0,444.0,187.0
1.0,5147.0,421.0,1916.0,5558.0,0.0,0.0,1341.0,575.0,300.0,121.0
1.0,10284.0,1730.0,1894.0,2721.0,0.0,0.0,1326.0,568.0,1215.0,515.0
1.0,11275.0,3213.0,1924.0,0.0,0.0,0.0,1347.0,577.0,2248.0,965.0
1.0,8062.0,3421.0,1975.0,0.0,3259.0,3259.0,1383.0,592.0,2391.0,1030.0
1.0,4641.0,2141.0,1999.0,0.0,5496.0,5496.0,1399.0,600.0,1496.0,645.0
1.0,2500.0,626.0,1970.0,3259.0,2747.0,2747.0,1379.0,591.0,439.0,187.0
1.0,5133.0,492.0,1918.0,5496.0,0.0,0.0,1342.0,576.0,348.0,144.0
1.0,10137.0,1984.0,1897.0,2747.0,0.0,0.0,1328.0,569.0,1391.0,593.0
1.0,10900.0,3526.0,1929.0,0.0,342.0,342.0,1351.0,578.0,2467.0,1059.0
1.0,7374.0,3538.0,1982.0,0.0,4092.0,4092.0,1388.0,594.0,2473.0,1065.0
1.0,3836.0,2004.0,2004.0,342.0,5842.0,5842.0,1403.0,601.0,1399.0,605.0
1.0,2174.0,353.0,1973.0,4092.0,1979.0,1979.0,1381.0,592.0,250.0,103.0
1.0,5913.0,254.0,1919.0,5842.0,0.0,0.0,1343.0,576.0,182.0,72.0
1.0,11501.0,1815.0,1897.0,1979.0,0.0,0.0,1328.0,569.0,1272.0,543.0
1.0,11665.0,3455.0,1930.0,0.0,0.0,0.0,1351.0,579.0,2416.0,1039.0
1.0,8210.0,3541.0,1983.0,0.0,3263.0,3263.0,1388.0,595.0,2475.0,1066.0
1.0,4669.0,2029.0,2006.0,0.0,5384.0,5384.0,1404.0,602.0,1420.0,609.0
1.0,2640.0,432.0,1974.0,3263.0,2425.0,2425.0,1382.0,592.0,306.0,126.0
1.0,5471.0,396.0,1922.0,5384.0,0.0,0.0,1345.0,577.0,282.0,114.0
1.0,10459.0,1937.0,1899.0,2425.0,0.0,0.0,1329.0,570.0,1356.0,581.0
1.0,10947.0,3624.0,1930.0,0.0,397.0,397.0,1351.0,579.0,2532.0,1092.0
1.0,7323.0,3715.0,1984.0,0.0,4328.0,4328.0,1389.0,595.0,2597.0,1118.0
1.0,3608.0,2057.0,2007.0,397.0,6080.0,6080.0,1405.0,602.0,1441.0,616.0
1.0,1948.0,322.0,1977.0,4328.0,1954.0,1954.0,1384.0,593.0,230.0,92.0
1.0,5954.0,263.0,1923.0,6080.0,0.0,0.0,1346.0,577.0,185.0,78.0
1.0,11771.0,1924.0,1900.0,1954.0,0.0,0.0,1330.0,570.0,1344.0,580.0
1.0,11801.0,3643.0,1934.0,0.0,0.0,0.0,1354.0,580.0,2548.0,1095.0
1.0,8158.0,3588.0,1990.0,0.0,3390.0,3390.0,1393.0,597.0,2512.0,1076.0
1.0,4570.0,1924.0,2014.0,0.0,5410.0,5410.0,1410.0,604.0,1349.0,575.0
1.0,2646.0,272.0,1984.0,3390.0,2172.0,2172.0,1389.0,595.0,192.0,80.0
1.0,5764.0,274.0,1929.0,5410.0,0.0,0.0,1350.0,579.0,191.0,83.0
1.0,10900.0,1991.0,1903.0,2172.0,0.0,0.0,1332.0,571.0,1391.0,600.0
1.0,11081.0,3731.0,1933.0,0.0,382.0,382.0,1353.0,580.0,2610.0,1121.0
1.0,7350.0,3838.0,1993.0,0.0,4460.0,4460.0,1395.0,598.0,2687.0,1151.0
1.0,3512.0,2181.0,2023.0,382.0,6379.0,6379.0,1416.0,607.0,1530.0,651.0
1.0,1713.0,377.0,1994.0,4460.0,2180.0,2180.0,1396.0,598.0,264.0,113.0
1.0,5796.0,241.0,1937.0,6379.0,0.0,0.0,1356.0,581.0,167.0,74.0
1.0,11934.0,1801.0,1909.0,2180.0,0.0,0.0,1336.0,573.0,1260.0,541.0
1.0,12313.0,3472.0,1938.0,0.0,0.0,0.0,1357.0,581.0,2431.0,1041.0
1.0,8841.0,3628.0,1997.0,0.0,2775.0,2775.0,1398.0,599.0,2539.0,1089.0
1.0,5213.0,2086.0,2027.0,0.0,4981.0,4981.0,1419.0,608.0,1459.0,627.0
1.0,3127.0,364.0,2000.0,2775.0,2462.0,2462.0,1400.0,600.0,255.0,109.0
1.0,5538.0,292.0,1944.0,4981.0,0.0,0.0,1361.0,583.0,204.0,88.0
1.0,10227.0,1951.0,1917.0,2462.0,0.0,0.0,1342.0,575.0,1366.0,585.0
1.0,10738.0,3683.0,1947.0,0.0,733.0,733.0,1363.0,584.0,2580.0,1103.0
1.0,7055.0,3728.0,2003.0,0.0,4685.0,4685.0,1402.0,601.0,2611.0,1117.0
1.0,3327.0,2106.0,2031.0,733.0,6170.0,6170.0,1422.0,609.0,1471.0,635.0
1.0,1954.0,424.0,2003.0,4685.0,1797.0,1797.0,1402.0,601.0,293.0,131.0
1.0,6215.0,355.0,1949.0,6170.0,0.0,0.0,1364.0,585.0,248.0,107.0
1.0,12030.0,2011.0,1921.0,1797.0,0.0,0.0,1345.0,576.0,1412.0,599.0
1.0,11816.0,3600.0,1950.0,0.0,0.0,0.0,1365.0,585.0,2525.0,1075.0
1.0,8216.0,3545.0,2006.0,0.0,3353.0,3353.0,1404.0,602.0,2482.0,1063.0
1.0,4671.0,1835.0,2033.0,0.0,5296.0,5296.0,1423.0,610.0,1280.0,555.0
1.0,2836.0,211.0,2004.0,3353.0,2038.0,2038.0,1403.0,601.0,143.0,68.0
1.0,5978.0,315.0,1949.0,5296.0,0.0,0.0,1364.0,585.0,219.0,96.0
1.0,10959.0,2087.0,1923.0,2038.0,0.0,0.0,1346.0,577.0,1464.0,623.0
1.0,10910.0,3782.0,1954.0,0.0,688.0,688.0,1368.0,586.0,2653.0,1129.0
1.0,7128.0,3773.0,2014.0,0.0,4701.0,4701.0,1410.0,604.0,2643.0,1130.0
1.0,3355.0,2034.0,2044.0,688.0,6167.0,6167.0,1431.0,613.0,1421.0,613.0
1.0,2009.0,331.0,2013.0,4701.0,1673.0,1673.0,1409.0,604.0,226.0,105.0
1.0,6379.0,388.0,1952.0,6167.0,0.0,0.0,1366.0,586.0,270.0,118.0
1.0,12158.0,2087.0,1924.0,1673.0,0.0,0.0,1347.0,577.0,1462.0,625.0
1.0,11744.0,3730.0,1957.0,0.0,0.0,0.0,1370.0,587.0,2615.0,1115.0
1.0,8014.0,3686.0,2021.0,0.0,3756.0,3756.0,1415.0,606.0,2583.0,1103.0
1.0,4328.0,1862.0,2053.0,0.0,5746.0,5746.0,1437.0,616.0,1302.0,560.0
1.0,2466.0,25.0,2019.0,3756.0,1879.0,1879.0,1413.0,606.0,15.0,10.0
1.0,6197.0,94.0,1953.0,5746.0,0.0,0.0,1367.0,586.0,63.0,31.0
1.0,11849.0,2015.0,1924.0,1879.0,0.0,0.0,1347.0,577.0,1410.0,605.0
1.0,11713.0,3914.0,1960.0,0.0,41.0,41.0,1372.0,588.0,2743.0,1171.0
1.0,7799.0,3923.0,2027.0,0.0,4232.0,4232.0,1419.0,608.0,2748.0,1175.0
1.0,3876.0,2011.0,2059.0,41.0,6330.0,6330.0,1441.0,618.0,1406.0,605.0
1.0,1906.0,170.0,2025.0,4232.0,2132.0,2132.0,1417.0,608.0,117.0,53.0
1.0,5968.0,213.0,1959.0,6330.0,0.0,0.0,1371.0,588.0,149.0,64.0
1.0,12085.0,2145.0,1929.0,2132.0,0.0,0.0,1350.0,579.0,1505.0,640.0
1.0,12072.0,4007.0,1967.0,0.0,0.0,0.0,1377.0,590.0,2807.0,1200.0
1.0,8065.0,3774.0,2033.0,0.0,3841.0,3841.0,1423.0,610.0,2639.0,1135.0
1.0,4291.0,1751.0,2062.0,0.0,5708.0,5708.0,1443.0,619.0,1221.0,530.0
1.0,2540.0,0.0,2024.0,3841.0,1715.0,1715.0,1417.0,607.0,0.0,0.0
1.0,6381.0,176.0,1957.0,5708.0,0.0,0.0,1370.0,587.0,126.0,50.0
1.0,11913.0,2094.0,1929.0,1715.0,0.0,0.0,1350.0,579.0,1470.0,624.0
1.0,11534.0,3876.0,1967.0,0.0,210.0,210.0,1377.0,590.0,2715.0,1161.0
1.0,7658.0,3729.0,2033.0,0.0,4203.0,4203.0,1423.0,610.0,2608.0,1121.0
1.0,3929.0,1830.0,2063.0,210.0,5943.0,5943.0,1444.0,619.0,1278.0,552.0
1.0,2309.0,111.0,2027.0,4203.0,1707.0,1707.0,1419.0,608.0,77.0,34.0
1.0,6401.0,310.0,1961.0,5943.0,0.0,0.0,1373.0,588.0,219.0,91.0
1.0,12034.0,2275.0,1931.0,1707.0,0.0,0.0,1352.0,579.0,1595.0,680.0
1.0,11466.0,4042.0,1967.0,0.0,444.0,444.0,1377.0,590.0,2830.0,1212.0
1.0,7424.0,3868.0,2034.0,0.0,4580.0,4580.0,1424.0,610.0,2704.0,1164.0
1.0,3556.0,1838.0,2065.0,444.0,6098.0,6098.0,1445.0,620.0,1281.0,557.0
1.0,2162.0,0.0,2030.0,4580.0,1378.0,1378.0,1421.0,609.0,0.0,0.0
1.0,6742.0,67.0,1964.0,6098.0,0.0,0.0,1375.0,589.0,53.0,14.0
1.0,12773.0,2002.0,1933.0,1378.0,0.0,0.0,1353.0,580.0,1406.0,596.0
1.0,12149.0,3946.0,1969.0,0.0,0.0,0.0,1378.0,591.0,2762.0,1184.0
1.0,8203.0,3979.0,2039.0,0.0,3932.0,3932.0,1427.0,612.0,2780.0,1199.0
1.0,4224.0,2053.0,2073.0,0.0,6121.0,6121.0,1451.0,622.0,1432.0,621.0
1.0,2171.0,34.0,2036.0,3932.0,2075.0,2075.0,1425.0,611.0,24.0,10.0
1.0,6069.0,28.0,1966.0,6121.0,0.0,0.0,1376.0,590.0,25.0,3.0
1.0,12162.0,2169.0,1936.0,2075.0,0.0,0.0,1355.0,581.0,1523.0,646.0
1.0,12068.0,4268.0,1977.0,0.0,108.0,108.0,1384.0,593.0,2988.0,1280.0
1.0,7800.0,4160.0,2048.0,0.0,4552.0,4552.0,1434.0,614.0,2908.0,1252.0
1.0,3640.0,1935.0,2079.0,108.0,6503.0,6503.0,1455.0,624.0,1350.0,585.0
1.0,1813.0,0.0,2040.0,4552.0,1795.0,1795.0,1428.0,612.0,0.0,0.0
1.0,6365.0,0.0,1972.0,6503.0,0.0,0.0,1380.0,592.0,0.0,0.0
1.0,12868.0,1808.0,1937.0,1795.0,0.0,0.0,1356.0,581.0,1270.0,538.0
1.0,12855.0,3843.0,1977.0,0.0,0.0,0.0,1384.0,593.0,2694.0,1149.0
1.0,9012.0,4042.0,2050.0,0.0,3230.0,3230.0,1435.0,615.0,2827.0,1215.0
1.0,4970.0,2119.0,2084.0,0.0,5485.0,5485.0,1459.0,625.0,1477.0,642.0
1.0,2851.0,78.0,2046.0,3230.0,2181.0,2181.0,1432.0,614.0,51.0,27.0
1.0,6003.0,86.0,1975.0,5485.0,0.0,0.0,1382.0,593.0,65.0,21.0
1.0,11402.0,2062.0,1942.0,2181.0,0.0,0.0,1359.0,583.0,1452.0,610.0
1.0,11521.0,4120.0,1983.0,0.0,531.0,531.0,1388.0,595.0,2886.0,1234.0
1.0,7401.0,4149.0,2056.0,0.0,4972.0,4972.0,1439.0,617.0,2898.0,1251.0
1.0,3252.0,2119.0,2089.0,531.0,6692.0,6692.0,1462.0,627.0,1475.0,644.0
1.0,1664.0,57.0,2050.0,4972.0,1621.0,1621.0,1435.0,615.0,39.0,18.0
1.0,6579.0,33.0,1979.0,6692.0,0.0,0.0,1385.0,594.0,29.0,4.0
1.0,13238.0,2023.0,1947.0,1621.0,0.0,0.0,1363.0,584.0,1423.0,600.0
1.0,12836.0,3950.0,1987.0,0.0,0.0,0.0,1391.0,596.0,2767.0,1183.0
1.0,8886.0,3978.0,2063.0,0.0,3344.0,3344.0,1444.0,619.0,2779.0,1199.0
1.0,4908.0,1999.0,2100.0,0.0,5491.0,5491.0,1470.0,630.0,1393.0,606.0
1.0,2909.0,69.0,2062.0,3344.0,2064.0,2064.0,1443.0,619.0,46.0,23.0
1.0,6184.0,15.0,1987.0,5491.0,0.0,0.0,1391.0,596.0,13.0,2.0
1.0,11660.0,1956.0,1950.0,2064.0,0.0,0.0,1365.0,585.0,1374.0,582.0
1.0,11768.0,3985.0,1987.0,0.0,165.0,165.0,1391.0,596.0,2793.0,1192.0
1.0,7783.0,4155.0,2064.0,0.0,4628.0,4628.0,1445.0,619.0,2907.0,1248.0
1.0,3628.0,2287.0,2104.0,165.0,6910.0,6910.0,1473.0,631.0,1597.0,690.0
1.0,1506.0,282.0,2068.0,4628.0,2420.0,2420.0,1447.0,621.0,193.0,89.0
1.0,5852.0,109.0,1993.0,6910.0,0.0,0.0,1395.0,598.0,76.0,33.0
1.0,12653.0,1942.0,1957.0,2420.0,0.0,0.0,1370.0,587.0,1364.0,578.0
1.0,13131.0,3879.0,1998.0,0.0,0.0,0.0,1399.0,599.0,2721.0,1158.0
1.0,9252.0,3972.0,2075.0,0.0,3020.0,3020.0,1453.0,622.0,2780.0,1192.0
1.0,5280.0,2059.0,2111.0,0.0,5223.0,5223.0,1478.0,633.0,1434.0,625.0
1.0,3221.0,88.0,2073.0,3020.0,2139.0,2139.0,1451.0,622.0,56.0,32.0
1.0,6153.0,70.0,1999.0,5223.0,0.0,0.0,1399.0,600.0,49.0,21.0
1.0,11306.0,2056.0,1967.0,2139.0,0.0,0.0,1377.0,590.0,1447.0,609.0
1.0,11389.0,3992.0,2009.0,0.0,639.0,639.0,1406.0,603.0,2802.0,1190.0
1.0,7397.0,4040.0,2084.0,0.0,4979.0,4979.0,1459.0,625.0,2827.0,1213.0
1.0,3357.0,2144.0,2120.0,639.0,6628.0,6628.0,1484.0,636.0,1492.0,652.0
1.0,1852.0,235.0,2080.0,4979.0,1724.0,1724.0,1456.0,624.0,155.0,80.0
1.0,6596.0,192.0,2006.0,6628.0,0.0,0.0,1404.0,602.0,134.0,58.0
1.0,13032.0,2083.0,1972.0,1724.0,0.0,0.0,1380.0,592.0,1468.0,615.0
1.0,12673.0,3992.0,2014.0,0.0,0.0,0.0,1410.0,604.0,2806.0,1186.0
1.0,8681.0,3923.0,2089.0,0.0,3598.0,3598.0,1463.0,626.0,2748.0,1175.0
1.0,4758.0,1977.0,2126.0,0.0,5723.0,5723.0,1488.0,638.0,1374.0,603.0
1.0,2781.0,69.0,2089.0,3598.0,2046.0,2046.0,1462.0,627.0,38.0,31.0
1.0,6310.0,122.0,2015.0,5723.0,0.0,0.0,1410.0,605.0,82.0,40.0
1.0,11911.0,2092.0,1979.0,2046.0,0.0,0.0,1385.0,594.0,1471.0,621.0
1.0,11865.0,4040.0,2017.0,0.0,243.0,243.0,1412.0,605.0,2839.0,1201.0
1.0,7825.0,4006.0,2094.0,0.0,4557.0,4557.0,1466.0,628.0,2810.0,1196.0
1.0,3819.0,2103.0,2133.0,243.0,6573.0,6573.0,1493.0,640.0,1465.0,638.0
1.0,1959.0,236.0,2096.0,4557.0,2104.0,2104.0,1467.0,629.0,152.0,84.0
1.0,6280.0,287.0,2019.0,6573.0,0.0,0.0,1413.0,606.0,195.0,92.0
1.0,12566.0,2191.0,1982.0,2104.0,0.0,0.0,1387.0,595.0,1542.0,649.0
1.0,12479.0,3995.0,2021.0,0.0,0.0,0.0,1415.0,606.0,2809.0,1186.0
1.0,8484.0,3870.0,2095.0,0.0,3766.0,3766.0,1467.0,628.0,2713.0,1157.0
1.0,4614.0,1970.0,2134.0,0.0,5892.0,5892.0,1494.0,640.0,1370.0,600.0
1.0,2644.0,80.0,2100.0,3766.0,2070.0,2070.0,1470.0,630.0,43.0,37.0
1.0,6330.0,85.0,2028.0,5892.0,0.0,0.0,1419.0,609.0,57.0,28.0
1.0,12137.0,2008.0,1989.0,2070.0,0.0,0.0,1392.0,597.0,1416.0,592.0
1.0,12199.0,3954.0,2024.0,0.0,0.0,0.0,1417.0,607.0,2780.0,1174.0
1.0,8245.0,3986.0,2100.0,0.0,4141.0,4141.0,1470.0,630.0,2792.0,1194.0
1.0,4259.0,2090.0,2138.0,0.0,6383.0,6383.0,1497.0,641.0,1451.0,639.0
1.0,2169.0,215.0,2102.0,4141.0,2313.0,2313.0,1471.0,631.0,138.0,77.0
1.0,6095.0,285.0,2029.0,6383.0,0.0,0.0,1420.0,609.0,199.0,86.0
1.0,12193.0,2259.0,1993.0,2313.0,0.0,0.0,1395.0,598.0,1593.0,666.0
1.0,12247.0,4118.0,2031.0,0.0,0.0,0.0,1422.0,609.0,2895.0,1223.0
1.0,8129.0,3986.0,2107.0,0.0,4285.0,4285.0,1475.0,632.0,2792.0,1194.0
1.0,4143.0,1923.0,2143.0,0.0,6352.0,6352.0,1500.0,643.0,1334.0,589.0
1.0,2220.0,15.0,2105.0,4285.0,1930.0,1930.0,1473.0,632.0,0.0,15.0
1.0,6490.0,126.0,2031.0,6352.0,0.0,0.0,1421.0,610.0,86.0,40.0
1.0,12716.0,2157.0,1996.0,1930.0,0.0,0.0,1397.0,599.0,1518.0,639.0
1.0,12489.0,4012.0,2034.0,0.0,0.0,0.0,1424.0,610.0,2819.0,1193.0
1.0,8477.0,3800.0,2106.0,0.0,3747.0,3747.0,1474.0,632.0,2664.0,1136.0
1.0,4677.0,1813.0,2140.0,0.0,5696.0,5696.0,1498.0,642.0,1261.0,552.0
1.0,2864.0,53.0,2104.0,3747.0,1858.0,1858.0,1473.0,631.0,25.0,28.0
1.0,6558.0,348.0,2034.0,5696.0,0.0,0.0,1423.0,611.0,241.0,107.0
1.0,11906.0,2454.0,2002.0,1858.0,0.0,0.0,1401.0,601.0,1727.0,727.0
1.0,11310.0,4247.0,2039.0,0.0,1093.0,1093.0,1427.0,612.0,2983.0,1264.0
1.0,7063.0,3906.0,2108.0,0.0,5275.0,5275.0,1476.0,632.0,2737.0,1169.0
1.0,3157.0,1742.0,2140.0,1093.0,6052.0,6052.0,1498.0,642.0,1212.0,530.0
1.0,2508.0,0.0,2103.0,5275.0,629.0,629.0,1472.0,631.0,0.0,0.0
1.0,7783.0,231.0,2033.0,6052.0,0.0,0.0,1423.0,610.0,159.0,72.0
1.0,13604.0,2235.0,1999.0,629.0,0.0,0.0,1399.0,600.0,1562.0,673.0
1.0,11998.0,4081.0,2039.0,0.0,239.0,239.0,1427.0,612.0,2855.0,1226.0
1.0,7917.0,3942.0,2113.0,0.0,4477.0,4477.0,1479.0,634.0,2761.0,1181.0
1.0,3975.0,1915.0,2148.0,239.0,6293.0,6293.0,1504.0,644.0,1345.0,570.0
1.0,2299.0,0.0,2108.0,4477.0,1656.0,1656.0,1476.0,632.0,0.0,0.0
1.0,6776.0,191.0,2035.0,6293.0,0.0,0.0,1424.0,611.0,130.0,61.0
1.0,12878.0,2345.0,2002.0,1656.0,0.0,0.0,1401.0,601.0,1639.0,706.0
1.0,12189.0,4302.0,2044.0,0.0,289.0,289.0,1431.0,613.0,3014.0,1288.0
1.0,7887.0,4140.0,2120.0,0.0,4733.0,4733.0,1484.0,636.0,2900.0,1240.0
1.0,3747.0,2040.0,2154.0,289.0,6620.0,6620.0,1508.0,646.0,1430.0,610.0
1.0,1996.0,0.0,2114.0,4733.0,1727.0,1727.0,1480.0,634.0,0.0,0.0
1.0,6729.0,28.0,2039.0,6620.0,0.0,0.0,1427.0,612.0,16.0,12.0
1.0,13321.0,2056.0,2002.0,1727.0,0.0,0.0,1401.0,601.0,1436.0,620.0
1.0,12992.0,4068.0,2043.0,0.0,0.0,0.0,1430.0,613.0,2848.0,1220.0
1.0,8924.0,4036.0,2119.0,0.0,3588.0,3588.0,1483.0,636.0,2830.0,1206.0
1.0,4888.0,2040.0,2155.0,0.0,5772.0,5772.0,1509.0,646.0,1432.0,608.0
1.0,2848.0,38.0,2117.0,3588.0,2070.0,2070.0,1482.0,635.0,26.0,12.0
1.0,6398.0,115.0,2040.0,5772.0,0.0,0.0,1428.0,612.0,77.0,38.0
1.0,12055.0,2168.0,2005.0,2070.0,0.0,0.0,1403.0,602.0,1512.0,656.0
1.0,11957.0,4181.0,2046.0,0.0,408.0,408.0,1432.0,614.0,2925.0,1256.0
1.0,7776.0,4190.0,2121.0,0.0,4898.0,4898.0,1485.0,636.0,2938.0,1252.0
1.0,3586.0,2148.0,2157.0,408.0,6782.0,6782.0,1510.0,647.0,1509.0,639.0
1.0,1846.0,132.0,2118.0,4898.0,1860.0,1860.0,1483.0,635.0,94.0,38.0
1.0,6612.0,121.0,2043.0,6782.0,0.0,0.0,1430.0,613.0,82.0,39.0
1.0,13273.0,2096.0,2009.0,1860.0,0.0,0.0,1406.0,603.0,1463.0,633.0
1.0,13037.0,4076.0,2050.0,0.0,0.0,0.0,1435.0,615.0,2849.0,1227.0
1.0,8961.0,4020.0,2126.0,0.0,3563.0,3563.0,1488.0,638.0,2815.0,1205.0
1.0,4941.0,1991.0,2162.0,0.0,5698.0,5698.0,1514.0,648.0,1400.0,591.0
1.0,2950.0,29.0,2124.0,3563.0,2012.0,2012.0,1487.0,637.0,24.0,5.0
1.0,6484.0,104.0,2050.0,5698.0,0.0,0.0,1435.0,615.0,70.0,34.0
1.0,12078.0,2175.0,2015.0,2012.0,0.0,0.0,1410.0,605.0,1517.0,658.0
1.0,11915.0,4148.0,2054.0,0.0,449.0,449.0,1438.0,616.0,2901.0,1247.0
1.0,7767.0,4053.0,2128.0,0.0,4798.0,4798.0,1490.0,638.0,2840.0,1213.0
1.0,3714.0,2104.0,2164.0,449.0,6597.0,6597.0,1515.0,649.0,1478.0,626.0
1.0,2059.0,261.0,2125.0,4798.0,1904.0,1904.0,1488.0,637.0,186.0,75.0
1.0,6596.0,276.0,2052.0,6597.0,0.0,0.0,1436.0,616.0,190.0,86.0
1.0,12917.0,2217.0,2017.0,1904.0,0.0,0.0,1412.0,605.0,1544.0,673.0
1.0,12604.0,4028.0,2057.0,0.0,0.0,0.0,1440.0,617.0,2816.0,1212.0
1.0,8576.0,3931.0,2133.0,0.0,3887.0,3887.0,1493.0,640.0,2756.0,1175.0
1.0,4645.0,1974.0,2168.0,0.0,6001.0,6001.0,1518.0,650.0,1391.0,583.0
1.0,2671.0,120.0,2130.0,3887.0,2082.0,2082.0,1491.0,639.0,86.0,34.0
1.0,6438.0,251.0,2057.0,6001.0,0.0,0.0,1440.0,617.0,171.0,80.0
1.0,12188.0,2259.0,2027.0,2082.0,0.0,0.0,1419.0,608.0,1574.0,685.0
1.0,12011.0,4055.0,2070.0,0.0,324.0,324.0,1449.0,621.0,2836.0,1219.0
1.0,7956.0,3979.0,2146.0,0.0,4607.0,4607.0,1502.0,644.0,2790.0,1189.0
1.0,3977.0,2082.0,2179.0,324.0,6497.0,6497.0,1526.0,653.0,1466.0,616.0
1.0,2219.0,259.0,2137.0,4607.0,1981.0,1981.0,1496.0,641.0,185.0,74.0
1.0,6567.0,361.0,2063.0,6497.0,0.0,0.0,1444.0,619.0,245.0,116.0
1.0,12703.0,2279.0,2031.0,1981.0,0.0,0.0,1421.0,610.0,1585.0,694.0
1.0,12405.0,4028.0,2075.0,0.0,0.0,0.0,1452.0,623.0,2817.0,1211.0
1.0,8377.0,3843.0,2149.0,0.0,4062.0,4062.0,1504.0,645.0,2698.0,1145.0
1.0,4534.0,1943.0,2181.0,0.0,6133.0,6133.0,1527.0,654.0,1369.0,574.0
1.0,2591.0,145.0,2141.0,4062.0,2056.0,2056.0,1499.0,642.0,104.0,41.0
1.0,6508.0,266.0,2068.0,6133.0,0.0,0.0,1448.0,620.0,180.0,86.0
1.0,12375.0,2153.0,2034.0,2056.0,0.0,0.0,1424.0,610.0,1500.0,653.0
1.0,12278.0,3894.0,2072.0,0.0,0.0,0.0,1450.0,622.0,2725.0,1169.0
1.0,8384.0,3810.0,2146.0,0.0,4010.0,4010.0,1502.0,644.0,2673.0,1137.0
1.0,4574.0,2054.0,2181.0,0.0,6204.0,6204.0,1527.0,654.0,1443.0,611.0
1.0,2520.0,376.0,2143.0,4010.0,2418.0,2418.0,1500.0,643.0,264.0,112.0
1.0,6154.0,572.0,2071.0,6204.0,0.0,0.0,1450.0,621.0,396.0,176.0
1.0,11786.0,2328.0,2036.0,2418.0,0.0,0.0,1425.0,611.0,1623.0,705.0
1.0,11876.0,3920.0,2073.0,0.0,336.0,336.0,1451.0,622.0,2742.0,1178.0
1.0,7956.0,3679.0,2143.0,0.0,4295.0,4295.0,1500.0,643.0,2580.0,1099.0
1.0,4277.0,1872.0,2179.0,336.0,5975.0,5975.0,1525.0,654.0,1317.0,555.0
1.0,2741.0,283.0,2145.0,4295.0,1827.0,1827.0,1502.0,643.0,201.0,82.0
1.0,6753.0,483.0,2076.0,5975.0,0.0,0.0,1453.0,623.0,334.0,149.0
1.0,12245.0,2238.0,2041.0,1827.0,0.0,0.0,1429.0,612.0,1561.0,677.0
1.0,11834.0,3819.0,2076.0,0.0,289.0,289.0,1453.0,623.0,2671.0,1148.0
1.0,8015.0,3659.0,2145.0,0.0,4224.0,4224.0,1501.0,644.0,2563.0,1096.0
1.0,4356.0,1973.0,2181.0,289.0,6052.0,6052.0,1527.0,654.0,1385.0,588.0
1.0,2672.0,381.0,2147.0,4224.0,2073.0,2073.0,1503.0,644.0,269.0,112.0
1.0,6515.0,602.0,2078.0,6052.0,0.0,0.0,1455.0,623.0,421.0,181.0
1.0,11965.0,2409.0,2043.0,2073.0,0.0,0.0,1430.0,613.0,1684.0,725.0
1.0,11629.0,3981.0,2079.0,0.0,668.0,668.0,1455.0,624.0,2785.0,1196.0
1.0,7648.0,3766.0,2149.0,0.0,4714.0,4714.0,1504.0,645.0,2638.0,1128.0
1.0,3882.0,1924.0,2183.0,668.0,6106.0,6106.0,1528.0,655.0,1350.0,574.0
1.0,2626.0,305.0,2149.0,4714.0,1561.0,1561.0,1504.0,645.0,212.0,93.0
1.0,7035.0,467.0,2080.0,6106.0,0.0,0.0,1456.0,624.0,325.0,142.0
1.0,12674.0,2244.0,2046.0,1561.0,0.0,0.0,1432.0,614.0,1569.0,675.0
1.0,11991.0,3874.0,2081.0,0.0,207.0,207.0,1457.0,624.0,2712.0,1162.0
1.0,8117.0,3687.0,2152.0,0.0,4178.0,4178.0,1506.0,646.0,2583.0,1104.0
1.0,4430.0,1870.0,2186.0,207.0,5977.0,5977.0,1530.0,656.0,1311.0,559.0
1.0,2767.0,275.0,2150.0,4178.0,1930.0,1930.0,1505.0,645.0,192.0,83.0
1.0,6670.0,441.0,2078.0,5977.0,0.0,0.0,1455.0,623.0,306.0,135.0
1.0,12206.0,2337.0,2044.0,1930.0,0.0,0.0,1431.0,613.0,1635.0,702.0
1.0,11799.0,4146.0,2084.0,0.0,683.0,683.0,1459.0,625.0,2905.0,1241.0
1.0,7653.0,4063.0,2157.0,0.0,5038.0,5038.0,1510.0,647.0,2845.0,1218.0
1.0,3590.0,2115.0,2193.0,683.0,6614.0,6614.0,1535.0,658.0,1480.0,635.0
1.0,2158.0,271.0,2155.0,5038.0,1695.0,1695.0,1509.0,646.0,188.0,83.0
1.0,6925.0,273.0,2083.0,6614.0,0.0,0.0,1458.0,625.0,191.0,82.0
1.0,13266.0,2146.0,2049.0,1695.0,0.0,0.0,1434.0,615.0,1501.0,645.0
1.0,12815.0,3922.0,2086.0,0.0,0.0,0.0,1460.0,626.0,2744.0,1178.0
1.0,8893.0,3863.0,2159.0,0.0,3606.0,3606.0,1511.0,648.0,2704.0,1159.0
1.0,5030.0,1994.0,2192.0,0.0,5732.0,5732.0,1534.0,658.0,1400.0,594.0
1.0,3036.0,204.0,2152.0,3606.0,2170.0,2170.0,1507.0,645.0,146.0,58.0
1.0,6438.0,281.0,2080.0,5732.0,0.0,0.0,1456.0,624.0,196.0,85.0
1.0,11889.0,2256.0,2047.0,2170.0,0.0,0.0,1433.0,614.0,1575.0,681.0
1.0,11803.0,4203.0,2087.0,0.0,748.0,748.0,1461.0,626.0,2937.0,1266.0
1.0,7600.0,4209.0,2163.0,0.0,5261.0,5261.0,1514.0,649.0,2948.0,1261.0
1.0,3391.0,2213.0,2199.0,748.0,6870.0,6870.0,1539.0,660.0,1556.0,657.0
1.0,1926.0,211.0,2159.0,5261.0,1660.0,1660.0,1512.0,647.0,150.0,61.0
1.0,6976.0,232.0,2087.0,6870.0,0.0,0.0,1461.0,626.0,160.0,72.0
1.0,13614.0,2253.0,2056.0,1660.0,0.0,0.0,1439.0,617.0,1572.0,681.0
1.0,13021.0,4142.0,2098.0,0.0,0.0,0.0,1468.0,630.0,2897.0,1245.0
1.0,8879.0,4006.0,2172.0,0.0,3815.0,3815.0,1520.0,652.0,2808.0,1198.0
1.0,4873.0,1968.0,2204.0,0.0,5911.0,5911.0,1543.0,661.0,1381.0,587.0
1.0,2905.0,129.0,2166.0,3815.0,2073.0,2073.0,1516.0,650.0,92.0,37.0
1.0,6591.0,289.0,2097.0,5911.0,0.0,0.0,1468.0,629.0,199.0,90.0
1.0,12213.0,2260.0,2067.0,2073.0,0.0,0.0,1447.0,620.0,1578.0,682.0
1.0,12026.0,4076.0,2106.0,0.0,474.0,474.0,1474.0,632.0,2851.0,1225.0
1.0,7950.0,4002.0,2176.0,0.0,4756.0,4756.0,1523.0,653.0,2804.0,1198.0
1.0,3948.0,2107.0,2204.0,474.0,6501.0,6501.0,1543.0,661.0,1478.0,629.0
1.0,2315.0,309.0,2166.0,4756.0,1902.0,1902.0,1516.0,650.0,218.0,91.0
1.0,6762.0,483.0,2100.0,6501.0,0.0,0.0,1470.0,630.0,335.0,148.0
1.0,12780.0,2390.0,2076.0,1902.0,0.0,0.0,1453.0,623.0,1668.0,722.0
1.0,12292.0,4067.0,2117.0,0.0,243.0,243.0,1482.0,635.0,2846.0,1221.0
1.0,8225.0,3823.0,2186.0,0.0,4342.0,4342.0,1530.0,656.0,2680.0,1143.0
1.0,4402.0,1862.0,2212.0,243.0,6065.0,6065.0,1548.0,664.0,1309.0,553.0
1.0,2783.0,35.0,2170.0,4342.0,1590.0,1590.0,1519.0,651.0,25.0,10.0
1.0,7090.0,249.0,2101.0,6065.0,0.0,0.0,1471.0,630.0,169.0,80.0
1.0,12906.0,2345.0,2076.0,1590.0,0.0,0.0,1453.0,623.0,1634.0,711.0
1.0,12151.0,4250.0,2119.0,0.0,575.0,575.0,1483.0,636.0,2973.0,1277.0
1.0,7901.0,3996.0,2189.0,0.0,4851.0,4851.0,1532.0,657.0,2804.0,1192.0
1.0,3905.0,1975.0,2216.0,575.0,6359.0,6359.0,1551.0,665.0,1391.0,584.0
1.0,2505.0,153.0,2171.0,4851.0,1481.0,1481.0,1520.0,651.0,109.0,44.0
1.0,7203.0,415.0,2103.0,6359.0,0.0,0.0,1472.0,631.0,285.0,130.0
1.0,13147.0,2527.0,2080.0,1481.0,0.0,0.0,1456.0,624.0,1760.0,767.0
1.0,12101.0,4335.0,2126.0,0.0,738.0,738.0,1488.0,638.0,3032.0,1303.0
1.0,7766.0,4049.0,2198.0,0.0,5075.0,5075.0,1538.0,660.0,2839.0,1210.0
1.0,3717.0,1862.0,2224.0,738.0,6303.0,6303.0,1557.0,667.0,1312.0,550.0
1.0,2593.0,0.0,2181.0,5075.0,1056.0,1056.0,1527.0,654.0,0.0,0.0
1.0,7668.0,149.0,2110.0,6303.0,0.0,0.0,1477.0,633.0,99.0,50.0
1.0,13822.0,2232.0,2082.0,1056.0,0.0,0.0,1457.0,625.0,1557.0,675.0
1.0,12646.0,4191.0,2126.0,0.0,49.0,49.0,1488.0,638.0,2932.0,1259.0
1.0,8455.0,4059.0,2199.0,0.0,4400.0,4400.0,1539.0,660.0,2845.0,1214.0
1.0,4396.0,2023.0,2230.0,49.0,6498.0,6498.0,1561.0,669.0,1424.0,599.0
1.0,2422.0,147.0,2188.0,4400.0,2077.0,2077.0,1532.0,656.0,107.0,40.0
1.0,6675.0,334.0,2114.0,6498.0,0.0,0.0,1480.0,634.0,229.0,105.0
1.0,12839.0,2451.0,2083.0,2077.0,0.0,0.0,1458.0,625.0,1708.0,743.0
1.0,12465.0,4373.0,2126.0,0.0,412.0,412.0,1488.0,638.0,3055.0,1318.0
1.0,8092.0,4091.0,2200.0,0.0,4799.0,4799.0,1540.0,660.0,2868.0,1223.0
1.0,4001.0,1864.0,2231.0,412.0,6375.0,6375.0,1562.0,669.0,1315.0,549.0
1.0,2549.0,0.0,2190.0,4799.0,1412.0,1412.0,1533.0,657.0,0.0,0.0
1.0,7348.0,259.0,2119.0,6375.0,0.0,0.0,1483.0,636.0,176.0,83.0
1.0,13464.0,2346.0,2090.0,1412.0,0.0,0.0,1463.0,627.0,1637.0,709.0
1.0,12530.0,4212.0,2133.0,0.0,214.0,214.0,1493.0,640.0,2947.0,1265.0
1.0,8318.0,4040.0,2206.0,0.0,4546.0,4546.0,1544.0,662.0,2833.0,1207.0
1.0,4278.0,2014.0,2240.0,214.0,6482.0,6482.0,1568.0,672.0,1416.0,598.0
1.0,2478.0,160.0,2200.0,4546.0,1936.0,1936.0,1540.0,660.0,113.0,47.0
1.0,6864.0,282.0,2124.0,6482.0,0.0,0.0,1487.0,637.0,194.0,88.0
1.0,13064.0,2332.0,2087.0,1936.0,0.0,0.0,1461.0,626.0,1627.0,705.0
1.0,12668.0,4283.0,2128.0,0.0,127.0,127.0,1489.0,639.0,2996.0,1287.0
1.0,8385.0,4205.0,2205.0,0.0,4640.0,4640.0,1543.0,662.0,2945.0,1260.0
1.0,4180.0,2097.0,2240.0,127.0,6750.0,6750.0,1568.0,672.0,1473.0,624.0
1.0,2210.0,58.0,2198.0,4640.0,2000.0,2000.0,1539.0,659.0,44.0,14.0
1.0,6792.0,163.0,2121.0,6750.0,0.0,0.0,1485.0,636.0,114.0,49.0
1.0,13379.0,2238.0,2087.0,2000.0,0.0,0.0,1461.0,626.0,1560.0,678.0
1.0,13141.0,4261.0,2132.0,0.0,0.0,0.0,1492.0,640.0,2977.0,1284.0
1.0,8880.0,4106.0,2208.0,0.0,4058.0,4058.0,1545.0,663.0,2874.0,1232.0
1.0,4774.0,2015.0,2242.0,0.0,6209.0,6209.0,1569.0,673.0,1417.0,598.0
1.0,2759.0,46.0,2199.0,4058.0,2025.0,2025.0,1539.0,660.0,39.0,7.0
1.0,6771.0,232.0,2125.0,6209.0,0.0,0.0,1488.0,637.0,161.0,71.0
1.0,12748.0,2435.0,2095.0,2025.0,0.0,0.0,1466.0,629.0,1697.0,738.0
1.0,12338.0,4441.0,2140.0,0.0,663.0,663.0,1498.0,642.0,3104.0,1337.0
1.0,7897.0,4284.0,2216.0,0.0,5251.0,5251.0,1551.0,665.0,3000.0,1284.0
1.0,3613.0,2049.0,2246.0,663.0,6757.0,6757.0,1572.0,674.0,1442.0,607.0
1.0,2227.0,8.0,2200.0,5251.0,1330.0,1330.0,1540.0,660.0,8.0,0.0
1.0,7470.0,151.0,2125.0,6757.0,0.0,0.0,1488.0,637.0,103.0,48.0
1.0,14076.0,2344.0,2097.0,1330.0,0.0,0.0,1468.0,629.0,1637.0,707.0
1.0,13062.0,4329.0,2144.0,0.0,0.0,0.0,1501.0,643.0,3029.0,1300.0
1.0,8733.0,4185.0,2224.0,0.0,4348.0,4348.0,1557.0,667.0,2933.0,1252.0
1.0,4548.0,1991.0,2257.0,0.0,6471.0,6471.0,1580.0,677.0,1396.0,595.0
1.0,2557.0,0.0,2213.0,4348.0,1947.0,1947.0,1549.0,664.0,0.0,0.0
1.0,6905.0,143.0,2133.0,6471.0,0.0,0.0,1493.0,640.0,97.0,46.0
1.0,13233.0,2335.0,2101.0,1947.0,0.0,0.0,1471.0,630.0,1633.0,702.0
1.0,12845.0,4451.0,2149.0,0.0,202.0,202.0,1504.0,645.0,3116.0,1335.0
1.0,8394.0,4417.0,2232.0,0.0,4951.0,4951.0,1562.0,670.0,3095.0,1322.0
1.0,3977.0,2290.0,2267.0,202.0,7179.0,7179.0,1587.0,680.0,1604.0,686.0
1.0,1889.0,126.0,2221.0,4951.0,2170.0,2170.0,1555.0,666.0,86.0,40.0
1.0,6714.0,43.0,2138.0,7179.0,0.0,0.0,1497.0,641.0,27.0,16.0
1.0,13850.0,2140.0,2102.0,2170.0,0.0,0.0,1471.0,631.0,1497.0,643.0
1.0,13880.0,4335.0,2149.0,0.0,0.0,0.0,1504.0,645.0,3038.0,1297.0
1.0,9545.0,4373.0,2233.0,0.0,3760.0,3760.0,1563.0,670.0,3067.0,1306.0
1.0,5172.0,2114.0,2271.0,0.0,6026.0,6026.0,1590.0,681.0,1482.0,632.0
1.0,3058.0,0.0,2228.0,3760.0,2094.0,2094.0,1560.0,668.0,0.0,0.0
1.0,6818.0,0.0,2148.0,6026.0,0.0,0.0,1504.0,644.0,0.0,0.0
1.0,12844.0,2201.0,2112.0,2094.0,0.0,0.0,1478.0,634.0,1534.0,667.0
1.0,12737.0,4398.0,2158.0,0.0,293.0,293.0,1510.0,648.0,3072.0,1326.0
1.0,8339.0,4417.0,2239.0,0.0,5034.0,5034.0,1567.0,672.0,3093.0,1324.0
1.0,3922.0,2378.0,2279.0,293.0,7279.0,7279.0,1595.0,684.0,1672.0,706.0
1.0,1837.0,244.0,2237.0,5034.0,2321.0,2321.0,1566.0,671.0,177.0,67.0
1.0,6627.0,153.0,2155.0,7279.0,0.0,0.0,1509.0,646.0,106.0,47.0
1.0,13753.0,2167.0,2118.0,2321.0,0.0,0.0,1483.0,635.0,1508.0,659.0
1.0,13907.0,4202.0,2163.0,0.0,0.0,0.0,1514.0,649.0,2935.0,1267.0
1.0,9705.0,4268.0,2246.0,0.0,3547.0,3547.0,1572.0,674.0,2991.0,1277.0
1.0,5437.0,2204.0,2283.0,0.0,5899.0,5899.0,1598.0,685.0,1551.0,653.0
1.0,3233.0,78.0,2240.0,3547.0,2258.0,2258.0,1568.0,672.0,58.0,20.0
1.0,6702.0,10.0,2158.0,5899.0,0.0,0.0,1511.0,647.0,2.0,8.0
1.0,12591.0,1996.0,2119.0,2258.0,0.0,0.0,1483.0,636.0,1390.0,606.0
1.0,12853.0,4210.0,2162.0,0.0,5.0,5.0,1513.0,649.0,2946.0,1264.0
1.0,8643.0,4455.0,2244.0,0.0,4788.0,4788.0,1571.0,673.0,3122.0,1333.0
1.0,4188.0,2463.0,2286.0,5.0,7414.0,7414.0,1600.0,686.0,1730.0,733.0
1.0,1730.0,235.0,2246.0,4788.0,2701.0,2701.0,1572.0,674.0,167.0,68.0
1.0,6283.0,14.0,2164.0,7414.0,0.0,0.0,1515.0,649.0,6.0,8.0
1.0,13683.0,2027.0,2121.0,2701.0,0.0,0.0,1485.0,636.0,1413.0,614.0
1.0,14357.0,4287.0,2163.0,0.0,0.0,0.0,1514.0,649.0,2998.0,1289.0
1.0,10070.0,4543.0,2250.0,0.0,3473.0,3473.0,1575.0,675.0,3184.0,1359.0
1.0,5527.0,2451.0,2294.0,0.0,6100.0,6100.0,1606.0,688.0,1722.0,729.0
1.0,3076.0,138.0,2254.0,3473.0,2605.0,2605.0,1578.0,676.0,97.0,41.0
1.0,6411.0,0.0,2171.0,6100.0,0.0,0.0,1520.0,651.0,0.0,0.0
1.0,12511.0,1807.0,2127.0,2605.0,0.0,0.0,1489.0,638.0,1258.0,549.0
1.0,13309.0,3956.0,2165.0,0.0,0.0,0.0,1515.0,650.0,2762.0,1194.0
1.0,9353.0,4372.0,2248.0,0.0,4011.0,4011.0,1573.0,675.0,3061.0,1311.0
1.0,4981.0,2581.0,2293.0,0.0,6772.0,6772.0,1605.0,688.0,1814.0,767.0
1.0,2400.0,476.0,2255.0,4011.0,3085.0,3085.0,1579.0,676.0,340.0,136.0
1.0,5935.0,152.0,2173.0,6772.0,0.0,0.0,1521.0,652.0,106.0,46.0
1.0,12555.0,2026.0,2130.0,3085.0,0.0,0.0,1491.0,639.0,1409.0,617.0
1.0,13614.0,4151.0,2170.0,0.0,0.0,0.0,1519.0,651.0,2898.0,1253.0
1.0,9463.0,4372.0,2253.0,0.0,3921.0,3921.0,1577.0,676.0,3062.0,1310.0
1.0,5091.0,2482.0,2299.0,0.0,6587.0,6587.0,1609.0,690.0,1745.0,737.0
1.0,2609.0,273.0,2259.0,3921.0,2779.0,2779.0,1581.0,678.0,200.0,73.0
1.0,6257.0,0.0,2175.0,6587.0,0.0,0.0,1523.0,652.0,0.0,0.0
1.0,12844.0,1814.0,2130.0,2779.0,0.0,0.0,1491.0,639.0,1261.0,553.0
1.0,13809.0,3978.0,2168.0,0.0,0.0,0.0,1517.0,651.0,2777.0,1201.0
1.0,9831.0,4290.0,2250.0,0.0,3459.0,3459.0,1575.0,675.0,3004.0,1286.0
1.0,5541.0,2516.0,2296.0,0.0,6159.0,6159.0,1607.0,689.0,1770.0,746.0
1.0,3025.0,470.0,2260.0,3459.0,3026.0,3026.0,1582.0,678.0,334.0,136.0
1.0,6014.0,224.0,2179.0,6159.0,0.0,0.0,1525.0,654.0,154.0,70.0
1.0,11949.0,2014.0,2133.0,3026.0,0.0,0.0,1493.0,640.0,1401.0,613.0
1.0,12961.0,4105.0,2168.0,0.0,0.0,0.0,1517.0,651.0,2867.0,1238.0
1.0,8856.0,4353.0,2249.0,0.0,4493.0,4493.0,1574.0,675.0,3049.0,1304.0
1.0,4503.0,2527.0,2297.0,0.0,7212.0,7212.0,1608.0,689.0,1778.0,749.0
1.0,1976.0,437.0,2264.0,4493.0,3024.0,3024.0,1585.0,679.0,314.0,123.0
1.0,6032.0,117.0,2183.0,7212.0,0.0,0.0,1528.0,655.0,80.0,37.0
1.0,13127.0,1788.0,2133.0,3024.0,0.0,0.0,1493.0,640.0,1240.0,548.0
1.0,14363.0,3866.0,2167.0,0.0,0.0,0.0,1516.0,651.0,2699.0,1167.0
1.0,10497.0,4251.0,2249.0,0.0,2750.0,2750.0,1574.0,675.0,2977.0,1274.0
1.0,6246.0,2541.0,2298.0,0.0,5487.0,5487.0,1608.0,690.0,1787.0,754.0
1.0,3705.0,485.0,2264.0,2750.0,3086.0,3086.0,1585.0,679.0,349.0,136.0
1.0,5970.0,182.0,2184.0,5487.0,0.0,0.0,1529.0,655.0,126.0,56.0
1.0,11275.0,1920.0,2136.0,3086.0,0.0,0.0,1495.0,641.0,1333.0,587.0
1.0,12441.0,4027.0,2168.0,0.0,258.0,258.0,1517.0,651.0,2812.0,1215.0
1.0,8414.0,4394.0,2248.0,0.0,4972.0,4972.0,1573.0,675.0,3080.0,1314.0
1.0,4020.0,2640.0,2295.0,258.0,7542.0,7542.0,1606.0,689.0,1858.0,782.0
1.0,1638.0,557.0,2264.0,4972.0,3003.0,3003.0,1585.0,679.0,394.0,163.0
1.0,6053.0,218.0,2187.0,7542.0,0.0,0.0,1531.0,656.0,149.0,69.0
1.0,13377.0,1875.0,2141.0,3003.0,0.0,0.0,1499.0,642.0,1304.0,571.0
1.0,14505.0,3840.0,2173.0,0.0,0.0,0.0,1521.0,652.0,2684.0,1156.0
1.0,10665.0,4164.0,2252.0,0.0,2507.0,2507.0,1576.0,676.0,2918.0,1246.0
1.0,6501.0,2487.0,2299.0,0.0,5182.0,5182.0,1609.0,690.0,1748.0,739.0
1.0,4014.0,513.0,2270.0,2507.0,3072.0,3072.0,1589.0,681.0,365.0,148.0
1.0,6008.0,226.0,2194.0,5182.0,0.0,0.0,1536.0,658.0,156.0,70.0
1.0,10964.0,1946.0,2146.0,3072.0,0.0,0.0,1502.0,644.0,1354.0,592.0
1.0,12090.0,4041.0,2176.0,0.0,655.0,655.0,1523.0,653.0,2822.0,1219.0
1.0,8049.0,4358.0,2255.0,0.0,5329.0,5329.0,1578.0,677.0,3052.0,1306.0
1.0,3691.0,2598.0,2305.0,655.0,7472.0,7472.0,1613.0,692.0,1828.0,770.0
1.0,1748.0,575.0,2277.0,5329.0,2606.0,2606.0,1594.0,683.0,409.0,166.0
1.0,6502.0,270.0,2200.0,7472.0,0.0,0.0,1540.0,660.0,186.0,84.0
1.0,13704.0,1911.0,2149.0,2606.0,0.0,0.0,1504.0,645.0,1327.0,584.0
1.0,14399.0,3851.0,2176.0,0.0,0.0,0.0,1523.0,653.0,2688.0,1163.0
1.0,10548.0,4199.0,2255.0,0.0,2671.0,2671.0,1578.0,677.0,2943.0,1256.0
1.0,6349.0,2529.0,2303.0,0.0,5392.0,5392.0,1612.0,691.0,1782.0,747.0
1.0,3820.0,548.0,2278.0,2671.0,3169.0,3169.0,1595.0,683.0,391.0,157.0
1.0,5943.0,169.0,2206.0,5392.0,0.0,0.0,1544.0,662.0,114.0,55.0
1.0,11166.0,1800.0,2156.0,3169.0,0.0,0.0,1509.0,647.0,1250.0,550.0
1.0,12535.0,3952.0,2183.0,0.0,149.0,149.0,1528.0,655.0,2760.0,1192.0
1.0,8583.0,4466.0,2259.0,0.0,4919.0,4919.0,1581.0,678.0,3131.0,1335.0
1.0,4117.0,2849.0,2312.0,149.0,7831.0,7831.0,1618.0,694.0,2004.0,845.0
1.0,1417.0,728.0,2287.0,4919.0,3540.0,3540.0,1601.0,686.0,514.0,214.0
1.0,5608.0,176.0,2210.0,7831.0,0.0,0.0,1547.0,663.0,118.0,58.0
1.0,13263.0,1743.0,2160.0,3540.0,0.0,0.0,1512.0,648.0,1212.0,531.0
1.0,15060.0,3856.0,2186.0,0.0,0.0,0.0,1530.0,656.0,2696.0,1160.0
1.0,11204.0,4325.0,2263.0,0.0,2173.0,2173.0,1584.0,679.0,3031.0,1294.0
1.0,6879.0,2659.0,2315.0,0.0,5040.0,5040.0,1620.0,695.0,1868.0,791.0
1.0,4220.0,518.0,2290.0,2173.0,3285.0,3285.0,1603.0,687.0,367.0,151.0
1.0,5875.0,41.0,2214.0,5040.0,0.0,0.0,1550.0,664.0,26.0,15.0
1.0,10874.0,1701.0,2164.0,3285.0,0.0,0.0,1515.0,649.0,1185.0,516.0
1.0,12458.0,3897.0,2191.0,0.0,203.0,203.0,1533.0,658.0,2722.0,1175.0
1.0,8561.0,4440.0,2268.0,0.0,4951.0,4951.0,1587.0,681.0,3108.0,1332.0
1.0,4121.0,2820.0,2317.0,203.0,7764.0,7764.0,1622.0,695.0,1980.0,840.0
1.0,1504.0,716.0,2293.0,4951.0,3433.0,3433.0,1605.0,688.0,508.0,208.0
1.0,5739.0,253.0,2218.0,7764.0,0.0,0.0,1553.0,665.0,179.0,74.0
1.0,13250.0,1899.0,2171.0,3433.0,0.0,0.0,1520.0,651.0,1323.0,576.0
1.0,14784.0,3966.0,2199.0,0.0,0.0,0.0,1539.0,660.0,2768.0,1198.0
1.0,10818.0,4398.0,2275.0,0.0,2680.0,2680.0,1592.0,683.0,3078.0,1320.0
1.0,6420.0,2674.0,2324.0,0.0,5550.0,5550.0,1627.0,697.0,1878.0,796.0
1.0,3746.0,479.0,2298.0,2680.0,3245.0,3245.0,1609.0,689.0,343.0,136.0
1.0,5947.0,38.0,2225.0,5550.0,0.0,0.0,1558.0,667.0,28.0,10.0
1.0,11459.0,1786.0,2178.0,3245.0,0.0,0.0,1525.0,653.0,1242.0,544.0
1.0,12918.0,3998.0,2206.0,0.0,0.0,0.0,1544.0,662.0,2790.0,1208.0
1.0,8920.0,4473.0,2282.0,0.0,4681.0,4681.0,1597.0,685.0,3129.0,1344.0
1.0,4447.0,2732.0,2332.0,0.0,7613.0,7613.0,1632.0,700.0,1919.0,813.0
1.0,1715.0,579.0,2306.0,4681.0,3407.0,3407.0,1614.0,692.0,416.0,163.0
1.0,5817.0,123.0,2231.0,7613.0,0.0,0.0,1562.0,669.0,89.0,34.0
1.0,13307.0,1885.0,2183.0,3407.0,0.0,0.0,1528.0,655.0,1313.0,572.0
1.0,14829.0,4139.0,2212.0,0.0,0.0,0.0,1548.0,664.0,2886.0,1253.0
1.0,10690.0,4544.0,2288.0,0.0,3006.0,3006.0,1601.0,687.0,3176.0,1368.0
1.0,6146.0,2762.0,2337.0,0.0,5964.0,5964.0,1636.0,701.0,1941.0,821.0
1.0,3384.0,508.0,2311.0,3006.0,3362.0,3362.0,1618.0,693.0,366.0,142.0
1.0,5882.0,0.0,2237.0,5964.0,0.0,0.0,1566.0,671.0,0.0,0.0
1.0,11846.0,1679.0,2189.0,3362.0,0.0,0.0,1532.0,657.0,1169.0,510.0
1.0,13529.0,3850.0,2215.0,0.0,0.0,0.0,1550.0,665.0,2689.0,1161.0
1.0,9679.0,4437.0,2290.0,0.0,3918.0,3918.0,1603.0,687.0,3107.0,1330.0
1.0,5242.0,2822.0,2340.0,0.0,6940.0,6940.0,1638.0,702.0,1980.0,842.0
1.0,2420.0,625.0,2315.0,3918.0,3547.0,3547.0,1621.0,694.0,441.0,184.0
1.0,5713.0,151.0,2240.0,6940.0,0.0,0.0,1568.0,672.0,106.0,45.0
1.0,12502.0,1816.0,2191.0,3547.0,0.0,0.0,1534.0,657.0,1268.0,548.0
1.0,14233.0,4055.0,2219.0,0.0,0.0,0.0,1553.0,666.0,2835.0,1220.0
1.0,10178.0,4560.0,2296.0,0.0,3566.0,3566.0,1607.0,689.0,3190.0,1370.0
1.0,5618.0,2853.0,2346.0,0.0,6619.0,6619.0,1642.0,704.0,2000.0,853.0
1.0,2765.0,588.0,2320.0,3566.0,3537.0,3537.0,1624.0,696.0,418.0,170.0
1.0,5743.0,55.0,2247.0,6619.0,0.0,0.0,1573.0,674.0,40.0,15.0
1.0,12307.0,1693.0,2200.0,3537.0,0.0,0.0,1540.0,660.0,1180.0,513.0
1.0,14151.0,3860.0,2225.0,0.0,0.0,0.0,1557.0,668.0,2697.0,1163.0
1.0,10291.0,4370.0,2298.0,0.0,3271.0,3271.0,1608.0,690.0,3059.0,1311.0
1.0,5921.0,2718.0,2347.0,0.0,6185.0,6185.0,1643.0,704.0,1908.0,810.0
1.0,3203.0,544.0,2323.0,3271.0,3362.0,3362.0,1626.0,697.0,386.0,158.0
1.0,5930.0,97.0,2249.0,6185.0,0.0,0.0,1575.0,674.0,68.0,29.0
1.0,12018.0,1829.0,2198.0,3362.0,0.0,0.0,1539.0,659.0,1275.0,554.0
1.0,13551.0,4090.0,2222.0,0.0,0.0,0.0,1555.0,667.0,2858.0,1232.0
1.0,9461.0,4618.0,2297.0,0.0,4345.0,4345.0,1608.0,689.0,3233.0,1385.0
1.0,4843.0,2872.0,2349.0,0.0,7425.0,7425.0,1644.0,705.0,2017.0,855.0
1.0,1971.0,592.0,2327.0,4345.0,3584.0,3584.0,1629.0,698.0,418.0,174.0
1.0,5724.0,3.0,2253.0,7425.0,0.0,0.0,1577.0,676.0,0.0,3.0
1.0,13146.0,1689.0,2202.0,3584.0,0.0,0.0,1541.0,661.0,1177.0,512.0
1.0,15041.0,3980.0,2227.0,0.0,0.0,0.0,1559.0,668.0,2784.0,1196.0
1.0,11061.0,4520.0,2304.0,0.0,2675.0,2675.0,1613.0,691.0,3166.0,1354.0
1.0,6541.0,2760.0,2356.0,0.0,5643.0,5643.0,1649.0,707.0,1937.0,823.0
1.0,3781.0,447.0,2333.0,2675.0,3323.0,3323.0,1633.0,700.0,316.0,131.0
1.0,6009.0,0.0,2257.0,5643.0,0.0,0.0,1580.0,677.0,0.0,0.0
1.0,11652.0,1846.0,2207.0,3323.0,0.0,0.0,1545.0,662.0,1287.0,559.0
1.0,13129.0,4214.0,2234.0,0.0,21.0,21.0,1564.0,670.0,2946.0,1268.0
1.0,8915.0,4762.0,2312.0,0.0,5095.0,5095.0,1618.0,694.0,3332.0,1430.0
1.0,4153.0,2850.0,2362.0,21.0,8124.0,8124.0,1653.0,709.0,2000.0,850.0
1.0,1324.0,438.0,2334.0,5095.0,3355.0,3355.0,1634.0,700.0,313.0,125.0
1.0,5981.0,0.0,2258.0,8124.0,0.0,0.0,1581.0,677.0,0.0,0.0
1.0,14105.0,1781.0,2207.0,3355.0,0.0,0.0,1545.0,662.0,1242.0,539.0
1.0,15679.0,4105.0,2235.0,0.0,0.0,0.0,1564.0,671.0,2867.0,1238.0
1.0,11574.0,4575.0,2313.0,0.0,2253.0,2253.0,1619.0,694.0,3201.0,1374.0
1.0,6999.0,2701.0,2365.0,0.0,5162.0,5162.0,1655.0,710.0,1896.0,805.0
1.0,4298.0,377.0,2338.0,2253.0,3178.0,3178.0,1637.0,701.0,272.0,105.0
1.0,6174.0,0.0,2261.0,5162.0,0.0,0.0,1583.0,678.0,0.0,0.0
1.0,11336.0,1800.0,2210.0,3178.0,0.0,0.0,1547.0,663.0,1255.0,545.0
1.0,12714.0,4101.0,2236.0,0.0,331.0,331.0,1565.0,671.0,2866.0,1235.0
1.0,8613.0,4649.0,2314.0,0.0,5292.0,5292.0,1620.0,694.0,3253.0,1396.0
1.0,3964.0,2899.0,2367.0,331.0,8072.0,8072.0,1657.0,710.0,2034.0,865.0
1.0,1396.0,583.0,2343.0,5292.0,3267.0,3267.0,1640.0,703.0,414.0,169.0
1.0,6105.0,48.0,2264.0,8072.0,0.0,0.0,1585.0,679.0,35.0,13.0
1.0,14129.0,1836.0,2212.0,3267.0,0.0,0.0,1549.0,663.0,1282.0,554.0
1.0,15560.0,4152.0,2238.0,0.0,0.0,0.0,1567.0,671.0,2902.0,1250.0
1.0,11408.0,4586.0,2317.0,0.0,2446.0,2446.0,1622.0,695.0,3209.0,1377.0
1.0,6822.0,2709.0,2369.0,0.0,5363.0,5363.0,1658.0,711.0,1899.0,810.0
1.0,4113.0,371.0,2344.0,2446.0,3188.0,3188.0,1641.0,703.0,262.0,109.0
1.0,6188.0,0.0,2270.0,5363.0,0.0,0.0,1589.0,681.0,0.0,0.0
1.0,11551.0,1765.0,2218.0,3188.0,0.0,0.0,1553.0,665.0,1233.0,532.0
1.0,12974.0,3991.0,2241.0,0.0,0.0,0.0,1569.0,672.0,2791.0,1200.0
1.0,8983.0,4550.0,2316.0,0.0,4831.0,4831.0,1621.0,695.0,3186.0,1364.0
1.0,4433.0,2922.0,2370.0,0.0,7969.0,7969.0,1659.0,711.0,2046.0,876.0
1.0,1511.0,773.0,2350.0,4831.0,3831.0,3831.0,1645.0,705.0,543.0,230.0
1.0,5569.0,252.0,2277.0,7969.0,0.0,0.0,1594.0,683.0,178.0,74.0
1.0,13286.0,1901.0,2225.0,3831.0,0.0,0.0,1558.0,667.0,1329.0,572.0
1.0,15216.0,4040.0,2248.0,0.0,0.0,0.0,1574.0,674.0,2826.0,1214.0
1.0,11176.0,4531.0,2324.0,0.0,2651.0,2651.0,1627.0,697.0,3170.0,1361.0
1.0,6645.0,2763.0,2376.0,0.0,5622.0,5622.0,1663.0,713.0,1937.0,826.0
1.0,3882.0,552.0,2354.0,2651.0,3435.0,3435.0,1648.0,706.0,389.0,163.0
1.0,5981.0,38.0,2281.0,5622.0,0.0,0.0,1597.0,684.0,26.0,12.0
1.0,11565.0,1744.0,2230.0,3435.0,0.0,0.0,1561.0,669.0,1219.0,525.0
1.0,13256.0,3977.0,2254.0,0.0,0.0,0.0,1578.0,676.0,2781.0,1196.0
1.0,9279.0,4567.0,2332.0,0.0,4616.0,4616.0,1632.0,700.0,3197.0,1370.0
1.0,4712.0,2949.0,2386.0,0.0,7781.0,7781.0,1670.0,716.0,2066.0,883.0
1.0,1763.0,742.0,2366.0,4616.0,3827.0,3827.0,1656.0,710.0,523.0,219.0
1.0,5637.0,183.0,2291.0,7781.0,0.0,0.0,1604.0,687.0,130.0,53.0
1.0,13235.0,1879.0,2238.0,3827.0,0.0,0.0,1567.0,671.0,1312.0,567.0
1.0,15183.0,4075.0,2261.0,0.0,0.0,0.0,1583.0,678.0,2847.0,1228.0
1.0,11108.0,4570.0,2337.0,0.0,2810.0,2810.0,1636.0,701.0,3198.0,1372.0
1.0,6538.0,2850.0,2392.0,0.0,5880.0,5880.0,1674.0,718.0,1998.0,852.0
1.0,3688.0,616.0,2371.0,2810.0,3602.0,3602.0,1660.0,711.0,436.0,180.0
1.0,5882.0,76.0,2297.0,5880.0,0.0,0.0,1608.0,689.0,55.0,21.0
1.0,11686.0,1727.0,2243.0,3602.0,0.0,0.0,1570.0,673.0,1206.0,521.0
1.0,13561.0,3939.0,2266.0,0.0,0.0,0.0,1586.0,680.0,2751.0,1188.0
1.0,9622.0,4474.0,2343.0,0.0,4224.0,4224.0,1640.0,703.0,3130.0,1344.0
1.0,5148.0,2927.0,2399.0,0.0,7375.0,7375.0,1679.0,720.0,2052.0,875.0
1.0,2221.0,833.0,2380.0,4224.0,3908.0,3908.0,1666.0,714.0,589.0,244.0
1.0,5612.0,253.0,2304.0,7375.0,0.0,0.0,1613.0,691.0,180.0,73.0
1.0,12734.0,1816.0,2247.0,3908.0,0.0,0.0,1573.0,674.0,1268.0,548.0
1.0,14826.0,3992.0,2269.0,0.0,0.0,0.0,1588.0,681.0,2788.0,1204.0
1.0,10834.0,4634.0,2349.0,0.0,3196.0,3196.0,1644.0,705.0,3242.0,1392.0
1.0,6200.0,3023.0,2407.0,0.0,6451.0,6451.0,1685.0,722.0,2121.0,902.0
1.0,3177.0,790.0,2388.0,3196.0,3969.0,3969.0,1672.0,716.0,559.0,231.0
1.0,5583.0,106.0,2311.0,6451.0,0.0,0.0,1618.0,693.0,75.0,31.0
1.0,11928.0,1654.0,2256.0,3969.0,0.0,0.0,1579.0,677.0,1151.0,503.0
1.0,14243.0,3842.0,2277.0,0.0,0.0,0.0,1594.0,683.0,2683.0,1159.0
1.0,10401.0,4469.0,2356.0,0.0,3492.0,3492.0,1649.0,707.0,3129.0,1340.0
1.0,5932.0,2881.0,2412.0,0.0,6597.0,6597.0,1688.0,724.0,2025.0,856.0
1.0,3051.0,740.0,2391.0,3492.0,3761.0,3761.0,1674.0,717.0,523.0,217.0
1.0,5803.0,187.0,2316.0,6597.0,0.0,0.0,1621.0,695.0,129.0,58.0
1.0,12213.0,1851.0,2263.0,3761.0,0.0,0.0,1584.0,679.0,1290.0,561.0
1.0,14123.0,4103.0,2286.0,0.0,0.0,0.0,1600.0,686.0,2867.0,1236.0
1.0,10020.0,4683.0,2364.0,0.0,4119.0,4119.0,1655.0,709.0,3280.0,1403.0
1.0,5337.0,3011.0,2421.0,0.0,7358.0,7358.0,1695.0,726.0,2116.0,895.0
1.0,2326.0,760.0,2400.0,4119.0,3915.0,3915.0,1680.0,720.0,537.0,223.0
1.0,5685.0,102.0,2323.0,7358.0,0.0,0.0,1626.0,697.0,67.0,35.0
1.0,12941.0,1724.0,2267.0,3915.0,0.0,0.0,1587.0,680.0,1200.0,524.0
1.0,15132.0,3942.0,2292.0,0.0,0.0,0.0,1604.0,688.0,2754.0,1188.0
1.0,11190.0,4518.0,2370.0,0.0,2808.0,2808.0,1659.0,711.0,3165.0,1353.0
1.0,6672.0,2820.0,2426.0,0.0,5852.0,5852.0,1698.0,728.0,1982.0,838.0
1.0,3852.0,624.0,2403.0,2808.0,3576.0,3576.0,1682.0,721.0,444.0,180.0
1.0,6036.0,136.0,2329.0,5852.0,0.0,0.0,1631.0,698.0,94.0,42.0
1.0,11752.0,1905.0,2278.0,3576.0,0.0,0.0,1595.0,683.0,1326.0,579.0
1.0,13423.0,4101.0,2300.0,0.0,0.0,0.0,1610.0,690.0,2863.0,1238.0
1.0,9322.0,4578.0,2374.0,0.0,4752.0,4752.0,1662.0,712.0,3204.0,1374.0
1.0,4744.0,2881.0,2424.0,0.0,7833.0,7833.0,1697.0,727.0,2024.0,857.0
1.0,1863.0,730.0,2402.0,4752.0,3723.0,3723.0,1682.0,720.0,519.0,211.0
1.0,5885.0,238.0,2328.0,7833.0,0.0,0.0,1630.0,698.0,167.0,71.0
1.0,13480.0,1894.0,2278.0,3723.0,0.0,0.0,1595.0,683.0,1318.0,576.0
1.0,15309.0,3977.0,2302.0,0.0,0.0,0.0,1611.0,691.0,2774.0,1203.0
1.0,11332.0,4377.0,2375.0,0.0,2545.0,2545.0,1662.0,713.0,3065.0,1312.0
1.0,6955.0,2721.0,2427.0,0.0,5474.0,5474.0,1699.0,728.0,1914.0,807.0
1.0,4234.0,623.0,2405.0,2545.0,3464.0,3464.0,1684.0,721.0,444.0,179.0
1.0,6156.0,173.0,2332.0,5474.0,0.0,0.0,1633.0,699.0,120.0,53.0
1.0,11457.0,1853.0,2280.0,3464.0,0.0,0.0,1596.0,684.0,1288.0,565.0
1.0,13068.0,4047.0,2301.0,0.0,183.0,183.0,1611.0,690.0,2825.0,1222.0
1.0,9021.0,4582.0,2375.0,0.0,5061.0,5061.0,1662.0,713.0,3209.0,1373.0
1.0,4439.0,2965.0,2429.0,183.0,8059.0,8059.0,1700.0,729.0,2086.0,879.0
1.0,1657.0,856.0,2408.0,5061.0,3770.0,3770.0,1686.0,722.0,605.0,251.0
1.0,5862.0,318.0,2337.0,8059.0,0.0,0.0,1636.0,701.0,219.0,99.0
1.0,13603.0,1893.0,2284.0,3770.0,0.0,0.0,1599.0,685.0,1317.0,576.0
1.0,15480.0,3942.0,2306.0,0.0,0.0,0.0,1614.0,692.0,2755.0,1187.0
1.0,11538.0,4405.0,2379.0,0.0,2383.0,2383.0,1665.0,714.0,3087.0,1318.0
1.0,7133.0,2811.0,2431.0,0.0,5402.0,5402.0,1702.0,729.0,1974.0,837.0
1.0,4322.0,700.0,2411.0,2383.0,3639.0,3639.0,1688.0,723.0,493.0,207.0
1.0,6005.0,170.0,2340.0,5402.0,0.0,0.0,1638.0,702.0,116.0,54.0
1.0,11237.0,1736.0,2287.0,3639.0,0.0,0.0,1601.0,686.0,1209.0,527.0
1.0,13140.0,3864.0,2304.0,0.0,0.0,0.0,1613.0,691.0,2703.0,1161.0
1.0,9276.0,4528.0,2376.0,0.0,4756.0,4756.0,1663.0,713.0,3174.0,1354.0
1.0,4748.0,2990.0,2428.0,0.0,7954.0,7954.0,1700.0,728.0,2099.0,891.0
1.0,1758.0,831.0,2410.0,4756.0,3957.0,3957.0,1687.0,723.0,583.0,248.0
1.0,5683.0,316.0,2338.0,7954.0,0.0,0.0,1637.0,701.0,218.0,98.0
1.0,13321.0,1891.0,2286.0,3957.0,0.0,0.0,1600.0,686.0,1318.0,573.0
1.0,15387.0,4021.0,2305.0,0.0,0.0,0.0,1613.0,692.0,2811.0,1210.0
1.0,11366.0,4513.0,2376.0,0.0,2651.0,2651.0,1663.0,713.0,3161.0,1352.0
1.0,6853.0,2796.0,2429.0,0.0,5659.0,5659.0,1700.0,729.0,1964.0,832.0
1.0,4057.0,683.0,2410.0,2651.0,3615.0,3615.0,1687.0,723.0,481.0,202.0
1.0,6025.0,171.0,2340.0,5659.0,0.0,0.0,1638.0,702.0,116.0,55.0
1.0,11513.0,1814.0,2288.0,3615.0,0.0,0.0,1602.0,686.0,1264.0,550.0
1.0,13314.0,3981.0,2309.0,0.0,0.0,0.0,1616.0,693.0,2786.0,1195.0
1.0,9333.0,4530.0,2382.0,0.0,4725.0,4725.0,1667.0,715.0,3173.0,1357.0
1.0,4803.0,2927.0,2434.0,0.0,7860.0,7860.0,1704.0,730.0,2053.0,874.0
1.0,1876.0,796.0,2414.0,4725.0,3851.0,3851.0,1690.0,724.0,559.0,237.0
1.0,5805.0,268.0,2341.0,7860.0,0.0,0.0,1639.0,702.0,184.0,84.0
1.0,13397.0,1885.0,2287.0,3851.0,0.0,0.0,1601.0,686.0,1314.0,571.0
1.0,15363.0,4013.0,2306.0,0.0,0.0,0.0,1614.0,692.0,2807.0,1206.0
1.0,11350.0,4590.0,2380.0,0.0,2760.0,2760.0,1666.0,714.0,3216.0,1374.0
1.0,6760.0,2958.0,2434.0,0.0,5934.0,5934.0,1704.0,730.0,2077.0,881.0
1.0,3802.0,688.0,2414.0,2760.0,3782.0,3782.0,1690.0,724.0,484.0,204.0
1.0,5874.0,87.0,2341.0,5934.0,0.0,0.0,1639.0,702.0,57.0,30.0
1.0,11721.0,1726.0,2287.0,3782.0,0.0,0.0,1601.0,686.0,1203.0,523.0
1.0,13777.0,3960.0,2309.0,0.0,0.0,0.0,1616.0,693.0,2772.0,1188.0
1.0,9817.0,4601.0,2386.0,0.0,4328.0,4328.0,1670.0,716.0,3223.0,1378.0
1.0,5216.0,3028.0,2441.0,0.0,7576.0,7576.0,1709.0,732.0,2123.0,905.0
1.0,2188.0,820.0,2420.0,4328.0,3984.0,3984.0,1694.0,726.0,575.0,245.0
1.0,5696.0,230.0,2346.0,7576.0,0.0,0.0,1642.0,704.0,158.0,72.0
1.0,13042.0,1854.0,2293.0,3984.0,0.0,0.0,1605.0,688.0,1294.0,560.0
1.0,15172.0,4084.0,2316.0,0.0,0.0,0.0,1621.0,695.0,2859.0,1225.0
1.0,11088.0,4652.0,2392.0,0.0,3132.0,3132.0,1674.0,718.0,3260.0,1392.0
1.0,6436.0,2994.0,2445.0,0.0,6338.0,6338.0,1711.0,734.0,2099.0,895.0
1.0,3442.0,710.0,2422.0,3132.0,3824.0,3824.0,1695.0,727.0,497.0,213.0
1.0,5864.0,130.0,2348.0,6338.0,0.0,0.0,1644.0,704.0,86.0,44.0
1.0,12072.0,1831.0,2299.0,3824.0,0.0,0.0,1609.0,690.0,1279.0,552.0
1.0,14065.0,4005.0,2324.0,0.0,0.0,0.0,1627.0,697.0,2806.0,1199.0
1.0,10060.0,4569.0,2400.0,0.0,4109.0,4109.0,1680.0,720.0,3202.0,1367.0
1.0,5491.0,2903.0,2452.0,0.0,7220.0,7220.0,1716.0,736.0,2034.0,869.0
1.0,2588.0,701.0,2430.0,4109.0,3724.0,3724.0,1701.0,729.0,487.0,214.0
1.0,5996.0,204.0,2356.0,7220.0,0.0,0.0,1649.0,707.0,137.0,67.0
1.0,13012.0,1948.0,2306.0,3724.0,0.0,0.0,1614.0,692.0,1363.0,585.0
1.0,14788.0,4208.0,2329.0,0.0,0.0,0.0,1630.0,699.0,2952.0,1256.0
1.0,10580.0,4663.0,2403.0,0.0,3695.0,3695.0,1682.0,721.0,3270.0,1393.0
1.0,5917.0,2959.0,2453.0,0.0,6854.0,6854.0,1717.0,736.0,2069.0,890.0
1.0,2958.0,738.0,2431.0,3695.0,3809.0,3809.0,1702.0,729.0,508.0,230.0
1.0,5915.0,253.0,2360.0,6854.0,0.0,0.0,1652.0,708.0,172.0,81.0
1.0,12516.0,1953.0,2313.0,3809.0,0.0,0.0,1619.0,694.0,1369.0,584.0
1.0,14372.0,4067.0,2337.0,0.0,0.0,0.0,1636.0,701.0,2855.0,1212.0
1.0,10305.0,4517.0,2410.0,0.0,3852.0,3852.0,1687.0,723.0,3169.0,1348.0
1.0,5788.0,2778.0,2461.0,0.0,6834.0,6834.0,1723.0,738.0,1942.0,836.0
1.0,3010.0,551.0,2438.0,3852.0,3441.0,3441.0,1707.0,731.0,376.0,175.0
1.0,6311.0,211.0,2367.0,6834.0,0.0,0.0,1657.0,710.0,143.0,68.0
1.0,12934.0,2111.0,2322.0,3441.0,0.0,0.0,1625.0,697.0,1480.0,631.0
1.0,14264.0,4321.0,2347.0,0.0,0.0,0.0,1643.0,704.0,3033.0,1288.0
1.0,9943.0,4636.0,2420.0,0.0,4373.0,4373.0,1694.0,726.0,3250.0,1386.0
1.0,5307.0,2814.0,2468.0,0.0,7379.0,7379.0,1728.0,740.0,1966.0,848.0
1.0,2493.0,678.0,2445.0,4373.0,3592.0,3592.0,1711.0,734.0,468.0,210.0
1.0,6188.0,358.0,2374.0,7379.0,0.0,0.0,1662.0,712.0,248.0,110.0
1.0,13209.0,2061.0,2327.0,3592.0,0.0,0.0,1629.0,698.0,1447.0,614.0
1.0,14740.0,4112.0,2353.0,0.0,0.0,0.0,1647.0,706.0,2884.0,1228.0
1.0,10628.0,4416.0,2424.0,0.0,3484.0,3484.0,1697.0,727.0,3092.0,1324.0
1.0,6212.0,2698.0,2473.0,0.0,6378.0,6378.0,1731.0,742.0,1885.0,813.0
1.0,3514.0,677.0,2451.0,3484.0,3483.0,3483.0,1716.0,735.0,468.0,209.0
1.0,6321.0,298.0,2380.0,6378.0,0.0,0.0,1666.0,714.0,206.0,92.0
1.0,12401.0,1973.0,2331.0,3483.0,0.0,0.0,1632.0,699.0,1384.0,589.0
1.0,13911.0,4118.0,2354.0,0.0,0.0,0.0,1648.0,706.0,2889.0,1229.0
1.0,9793.0,4634.0,2427.0,0.0,4549.0,4549.0,1699.0,728.0,3246.0,1388.0
1.0,5159.0,2994.0,2480.0,0.0,7755.0,7755.0,1736.0,744.0,2093.0,901.0
1.0,2165.0,851.0,2460.0,4549.0,3977.0,3977.0,1722.0,738.0,592.0,259.0
1.0,5863.0,321.0,2389.0,7755.0,0.0,0.0,1672.0,717.0,222.0,99.0
1.0,13297.0,1950.0,2339.0,3977.0,0.0,0.0,1637.0,702.0,1366.0,584.0
1.0,15324.0,3998.0,2359.0,0.0,0.0,0.0,1651.0,708.0,2802.0,1196.0
1.0,11326.0,4391.0,2430.0,0.0,2785.0,2785.0,1701.0,729.0,3076.0,1315.0
1.0,6935.0,2760.0,2481.0,0.0,5749.0,5749.0,1737.0,744.0,1931.0,829.0
1.0,4175.0,677.0,2461.0,2785.0,3561.0,3561.0,1723.0,738.0,471.0,206.0
1.0,6283.0,239.0,2390.0,5749.0,0.0,0.0,1673.0,717.0,165.0,74.0
1.0,11793.0,1945.0,2339.0,3561.0,0.0,0.0,1637.0,702.0,1362.0,583.0
1.0,13409.0,4101.0,2359.0,0.0,128.0,128.0,1651.0,708.0,2875.0,1226.0
1.0,9308.0,4623.0,2432.0,0.0,5043.0,5043.0,1702.0,730.0,3241.0,1382.0
1.0,4685.0,3068.0,2487.0,128.0,8203.0,8203.0,1741.0,746.0,2147.0,921.0
1.0,1745.0,898.0,2468.0,5043.0,3982.0,3982.0,1728.0,740.0,623.0,275.0
1.0,5890.0,333.0,2396.0,8203.0,0.0,0.0,1677.0,719.0,229.0,104.0
1.0,13760.0,1942.0,2344.0,3982.0,0.0,0.0,1641.0,703.0,1359.0,583.0
1.0,15800.0,4025.0,2364.0,0.0,0.0,0.0,1655.0,709.0,2821.0,1204.0
1.0,11775.0,4518.0,2437.0,0.0,2491.0,2491.0,1706.0,731.0,3168.0,1350.0
1.0,7257.0,2890.0,2490.0,0.0,5593.0,5593.0,1743.0,747.0,2024.0,866.0
1.0,4367.0,775.0,2470.0,2491.0,3797.0,3797.0,1729.0,741.0,538.0,237.0
1.0,6083.0,184.0,2396.0,5593.0,0.0,0.0,1677.0,719.0,123.0,61.0
1.0,11492.0,1779.0,2343.0,3797.0,0.0,0.0,1640.0,703.0,1244.0,535.0
1.0,13510.0,3922.0,2362.0,0.0,0.0,0.0,1653.0,709.0,2750.0,1172.0
1.0,9588.0,4544.0,2436.0,0.0,4700.0,4700.0,1705.0,731.0,3188.0,1356.0
1.0,5044.0,3099.0,2491.0,0.0,8019.0,8019.0,1744.0,747.0,2169.0,930.0
1.0,1945.0,950.0,2473.0,4700.0,4197.0,4197.0,1731.0,742.0,660.0,290.0
1.0,5695.0,326.0,2398.0,8019.0,0.0,0.0,1678.0,720.0,223.0,103.0
1.0,13388.0,1887.0,2345.0,4197.0,0.0,0.0,1641.0,704.0,1319.0,568.0
1.0,15698.0,4028.0,2365.0,0.0,0.0,0.0,1655.0,710.0,2823.0,1205.0
1.0,11670.0,4639.0,2440.0,0.0,2729.0,2729.0,1708.0,732.0,3254.0,1385.0
1.0,7031.0,3074.0,2494.0,0.0,6019.0,6019.0,1746.0,748.0,2155.0,919.0
1.0,3957.0,871.0,2474.0,2729.0,4081.0,4081.0,1732.0,742.0,606.0,265.0
1.0,5815.0,190.0,2399.0,6019.0,0.0,0.0,1679.0,720.0,126.0,64.0
1.0,11644.0,1716.0,2345.0,4081.0,0.0,0.0,1641.0,704.0,1198.0,518.0
1.0,14009.0,3896.0,2367.0,0.0,0.0,0.0,1657.0,710.0,2732.0,1164.0
1.0,10113.0,4552.0,2444.0,0.0,4215.0,4215.0,1711.0,733.0,3193.0,1359.0
1.0,5561.0,3092.0,2499.0,0.0,7527.0,7527.0,1750.0,749.0,2166.0,926.0
1.0,2469.0,940.0,2477.0,4215.0,4164.0,4164.0,1734.0,743.0,652.0,288.0
1.0,5744.0,332.0,2400.0,7527.0,0.0,0.0,1680.0,720.0,226.0,106.0
1.0,12939.0,1906.0,2348.0,4164.0,0.0,0.0,1643.0,705.0,1332.0,574.0
1.0,15197.0,4090.0,2372.0,0.0,0.0,0.0,1660.0,712.0,2867.0,1223.0
1.0,11107.0,4707.0,2450.0,0.0,3400.0,3400.0,1715.0,735.0,3302.0,1405.0
1.0,6400.0,3126.0,2503.0,0.0,6738.0,6738.0,1752.0,751.0,2191.0,935.0
1.0,3274.0,853.0,2480.0,3400.0,4099.0,4099.0,1736.0,744.0,594.0,259.0
1.0,5821.0,187.0,2403.0,6738.0,0.0,0.0,1682.0,721.0,122.0,65.0
1.0,12372.0,1738.0,2352.0,4099.0,0.0,0.0,1646.0,706.0,1212.0,526.0
1.0,14733.0,3880.0,2375.0,0.0,0.0,0.0,1662.0,713.0,2722.0,1158.0
1.0,10853.0,4472.0,2448.0,0.0,3411.0,3411.0,1714.0,734.0,3140.0,1332.0
1.0,6381.0,2990.0,2500.0,0.0,6609.0,6609.0,1750.0,750.0,2095.0,895.0
1.0,3391.0,868.0,2479.0,3411.0,3982.0,3982.0,1735.0,744.0,600.0,268.0
1.0,5934.0,324.0,2406.0,6609.0,0.0,0.0,1684.0,722.0,217.0,107.0
1.0,12219.0,1918.0,2353.0,3982.0,0.0,0.0,1647.0,706.0,1343.0,575.0
1.0,14283.0,4081.0,2374.0,0.0,0.0,0.0,1662.0,712.0,2864.0,1217.0
1.0,10202.0,4703.0,2448.0,0.0,4293.0,4293.0,1714.0,734.0,3300.0,1403.0
1.0,5499.0,3112.0,2502.0,0.0,7621.0,7621.0,1752.0,750.0,2179.0,933.0
1.0,2387.0,905.0,2482.0,4293.0,4153.0,4153.0,1737.0,745.0,627.0,278.0
1.0,5775.0,210.0,2409.0,7621.0,0.0,0.0,1686.0,723.0,140.0,70.0
1.0,13186.0,1776.0,2359.0,4153.0,0.0,0.0,1651.0,708.0,1242.0,534.0
1.0,15563.0,3994.0,2383.0,0.0,0.0,0.0,1668.0,715.0,2803.0,1191.0
1.0,11569.0,4595.0,2458.0,0.0,2858.0,2858.0,1721.0,737.0,3222.0,1373.0
1.0,6974.0,3000.0,2511.0,0.0,6070.0,6070.0,1758.0,753.0,2099.0,901.0
1.0,3974.0,746.0,2488.0,2858.0,3866.0,3866.0,1742.0,746.0,516.0,230.0
1.0,6086.0,209.0,2413.0,6070.0,0.0,0.0,1689.0,724.0,142.0,67.0
1.0,11947.0,1903.0,2360.0,3866.0,0.0,0.0,1652.0,708.0,1334.0,569.0
1.0,13910.0,4116.0,2381.0,0.0,0.0,0.0,1667.0,714.0,2885.0,1231.0
1.0,9794.0,4785.0,2456.0,0.0,4815.0,4815.0,1719.0,737.0,3354.0,1431.0
1.0,5009.0,3218.0,2511.0,0.0,8253.0,8253.0,1758.0,753.0,2253.0,965.0
1.0,1791.0,968.0,2493.0,4815.0,4334.0,4334.0,1745.0,748.0,672.0,296.0
1.0,5638.0,335.0,2422.0,8253.0,0.0,0.0,1695.0,727.0,228.0,107.0
1.0,13556.0,1826.0,2370.0,4334.0,0.0,0.0,1659.0,711.0,1277.0,549.0
1.0,16064.0,3861.0,2389.0,0.0,0.0,0.0,1672.0,717.0,2708.0,1153.0
1.0,12203.0,4498.0,2460.0,0.0,2135.0,2135.0,1722.0,738.0,3155.0,1343.0
1.0,7705.0,3013.0,2514.0,0.0,5364.0,5364.0,1760.0,754.0,2111.0,902.0
1.0,4692.0,939.0,2498.0,2135.0,4104.0,4104.0,1749.0,749.0,651.0,288.0
1.0,5888.0,356.0,2430.0,5364.0,0.0,0.0,1701.0,729.0,242.0,114.0
1.0,10896.0,1774.0,2376.0,4104.0,0.0,0.0,1663.0,713.0,1241.0,533.0
1.0,13226.0,3867.0,2392.0,0.0,209.0,209.0,1674.0,718.0,2713.0,1154.0
1.0,9359.0,4561.0,2460.0,0.0,5042.0,5042.0,1722.0,738.0,3200.0,1361.0
1.0,4798.0,3222.0,2517.0,209.0,8283.0,8283.0,1762.0,755.0,2258.0,964.0
1.0,1785.0,1225.0,2504.0,5042.0,4414.0,4414.0,1753.0,751.0,851.0,374.0
1.0,5602.0,527.0,2436.0,8283.0,0.0,0.0,1705.0,731.0,361.0,166.0
1.0,13358.0,1799.0,2382.0,4414.0,0.0,0.0,1667.0,715.0,1258.0,541.0
1.0,15973.0,3775.0,2395.0,0.0,0.0,0.0,1676.0,719.0,2649.0,1126.0
1.0,12198.0,4430.0,2463.0,0.0,2084.0,2084.0,1724.0,739.0,3109.0,1321.0
1.0,7768.0,3041.0,2518.0,0.0,5345.0,5345.0,1763.0,755.0,2130.0,911.0
1.0,4727.0,997.0,2504.0,2084.0,4202.0,4202.0,1753.0,751.0,691.0,306.0
1.0,5814.0,423.0,2438.0,5345.0,0.0,0.0,1706.0,732.0,286.0,137.0
1.0,10736.0,1884.0,2386.0,4202.0,0.0,0.0,1670.0,716.0,1318.0,566.0
1.0,13054.0,3871.0,2402.0,0.0,425.0,425.0,1681.0,721.0,2718.0,1153.0
1.0,9183.0,4363.0,2467.0,0.0,5048.0,5048.0,1727.0,740.0,3063.0,1300.0
1.0,4820.0,2958.0,2518.0,425.0,7785.0,7785.0,1763.0,755.0,2071.0,887.0
1.0,2287.0,1161.0,2503.0,5048.0,3838.0,3838.0,1752.0,751.0,804.0,357.0
1.0,6174.0,812.0,2440.0,7785.0,0.0,0.0,1708.0,732.0,559.0,253.0
1.0,13147.0,2201.0,2392.0,3838.0,0.0,0.0,1674.0,718.0,1540.0,661.0
1.0,14784.0,3921.0,2407.0,0.0,0.0,0.0,1685.0,722.0,2753.0,1168.0
1.0,10863.0,4253.0,2473.0,0.0,3282.0,3282.0,1731.0,742.0,2986.0,1267.0
1.0,6610.0,2798.0,2523.0,0.0,6280.0,6280.0,1766.0,757.0,1959.0,839.0
1.0,3812.0,1005.0,2509.0,3282.0,3947.0,3947.0,1756.0,753.0,695.0,310.0
1.0,6089.0,666.0,2447.0,6280.0,0.0,0.0,1713.0,734.0,457.0,209.0
1.0,11703.0,2114.0,2402.0,3947.0,0.0,0.0,1681.0,721.0,1480.0,634.0
1.0,13536.0,3933.0,2420.0,0.0,77.0,77.0,1694.0,726.0,2762.0,1171.0
1.0,9603.0,4290.0,2486.0,0.0,4631.0,4631.0,1740.0,746.0,3013.0,1277.0
1.0,5313.0,2867.0,2535.0,77.0,7617.0,7617.0,1775.0,760.0,2006.0,861.0
1.0,2523.0,1125.0,2520.0,4631.0,4051.0,4051.0,1764.0,756.0,778.0,347.0
1.0,6029.0,855.0,2457.0,7617.0,0.0,0.0,1720.0,737.0,588.0,267.0
1.0,12791.0,2354.0,2412.0,4051.0,0.0,0.0,1688.0,724.0,1649.0,705.0
1.0,14488.0,4037.0,2430.0,0.0,0.0,0.0,1701.0,729.0,2835.0,1202.0
1.0,10451.0,4221.0,2494.0,0.0,3746.0,3746.0,1746.0,748.0,2964.0,1257.0
1.0,6230.0,2742.0,2543.0,0.0,6684.0,6684.0,1780.0,763.0,1918.0,824.0
1.0,3488.0,1066.0,2529.0,3746.0,3948.0,3948.0,1770.0,759.0,738.0,328.0
1.0,6168.0,753.0,2466.0,6684.0,0.0,0.0,1726.0,740.0,520.0,233.0
1.0,12099.0,2175.0,2420.0,3948.0,0.0,0.0,1694.0,726.0,1522.0,653.0
1.0,13872.0,3833.0,2436.0,0.0,0.0,0.0,1705.0,731.0,2690.0,1143.0
1.0,10039.0,4121.0,2501.0,0.0,4086.0,4086.0,1751.0,750.0,2894.0,1227.0
1.0,5918.0,2733.0,2550.0,0.0,7015.0,7015.0,1785.0,765.0,1915.0,818.0
1.0,3185.0,1118.0,2534.0,4086.0,3983.0,3983.0,1774.0,760.0,772.0,346.0
1.0,6153.0,910.0,2473.0,7015.0,0.0,0.0,1731.0,742.0,627.0,283.0
1.0,12258.0,2303.0,2425.0,3983.0,0.0,0.0,1697.0,728.0,1611.0,692.0
1.0,13938.0,3902.0,2438.0,0.0,0.0,0.0,1706.0,732.0,2739.0,1163.0
1.0,10036.0,4190.0,2500.0,0.0,4154.0,4154.0,1750.0,750.0,2943.0,1247.0
1.0,5846.0,2836.0,2548.0,0.0,7182.0,7182.0,1784.0,764.0,1988.0,848.0
1.0,3010.0,1100.0,2534.0,4154.0,4072.0,4072.0,1774.0,760.0,763.0,337.0
1.0,6064.0,738.0,2474.0,7182.0,0.0,0.0,1732.0,742.0,508.0,230.0
1.0,12508.0,2061.0,2427.0,4072.0,0.0,0.0,1699.0,728.0,1441.0,620.0
1.0,14519.0,3822.0,2443.0,0.0,0.0,0.0,1710.0,733.0,2681.0,1141.0
1.0,10697.0,4194.0,2506.0,0.0,3521.0,3521.0,1754.0,752.0,2943.0,1251.0
1.0,6503.0,2833.0,2553.0,0.0,6542.0,6542.0,1787.0,766.0,1986.0,847.0
1.0,3670.0,1121.0,2540.0,3521.0,4090.0,4090.0,1778.0,762.0,779.0,342.0
1.0,6070.0,714.0,2480.0,6542.0,0.0,0.0,1736.0,744.0,491.0,223.0
1.0,11898.0,2140.0,2433.0,4090.0,0.0,0.0,1703.0,730.0,1496.0,644.0
1.0,13848.0,3990.0,2448.0,0.0,0.0,0.0,1713.0,735.0,2801.0,1189.0
1.0,9858.0,4467.0,2510.0,0.0,4649.0,4649.0,1757.0,753.0,3134.0,1333.0
1.0,5391.0,3045.0,2558.0,0.0,7886.0,7886.0,1791.0,767.0,2132.0,913.0
1.0,2346.0,1146.0,2547.0,4649.0,4339.0,4339.0,1783.0,764.0,797.0,349.0
1.0,5849.0,632.0,2486.0,7886.0,0.0,0.0,1740.0,746.0,437.0,195.0
1.0,13103.0,1980.0,2439.0,4339.0,0.0,0.0,1707.0,732.0,1384.0,596.0
1.0,15462.0,3835.0,2454.0,0.0,0.0,0.0,1718.0,736.0,2689.0,1146.0
1.0,11627.0,4343.0,2519.0,0.0,2792.0,2792.0,1763.0,756.0,3045.0,1298.0
1.0,7284.0,2922.0,2567.0,0.0,5906.0,5906.0,1797.0,770.0,2046.0,876.0
1.0,4362.0,1003.0,2550.0,2792.0,4049.0,4049.0,1785.0,765.0,699.0,304.0
1.0,6151.0,563.0,2486.0,5906.0,0.0,0.0,1740.0,746.0,389.0,174.0
1.0,11494.0,2042.0,2442.0,4049.0,0.0,0.0,1709.0,733.0,1430.0,612.0
1.0,13501.0,4066.0,2463.0,0.0,417.0,417.0,1724.0,739.0,2850.0,1216.0
1.0,9435.0,4651.0,2530.0,0.0,5336.0,5336.0,1771.0,759.0,3260.0,1391.0
1.0,4784.0,3135.0,2574.0,417.0,8230.0,8230.0,1802.0,772.0,2194.0,941.0
1.0,2066.0,1104.0,2553.0,5336.0,3914.0,3914.0,1787.0,766.0,769.0,335.0
1.0,6298.0,548.0,2489.0,8230.0,0.0,0.0,1742.0,747.0,379.0,169.0
1.0,13980.0,1930.0,2443.0,3914.0,0.0,0.0,1710.0,733.0,1352.0,578.0
1.0,15964.0,3897.0,2465.0,0.0,0.0,0.0,1725.0,740.0,2732.0,1165.0
1.0,12067.0,4492.0,2531.0,0.0,2549.0,2549.0,1772.0,759.0,3149.0,1343.0
1.0,7575.0,3057.0,2578.0,0.0,5794.0,5794.0,1805.0,773.0,2140.0,917.0
1.0,4518.0,1006.0,2557.0,2549.0,4167.0,4167.0,1790.0,767.0,700.0,306.0
1.0,6061.0,482.0,2490.0,5794.0,0.0,0.0,1743.0,747.0,334.0,148.0
1.0,11373.0,1957.0,2446.0,4167.0,0.0,0.0,1712.0,734.0,1371.0,586.0
1.0,13583.0,4012.0,2467.0,0.0,297.0,297.0,1727.0,740.0,2810.0,1202.0
1.0,9571.0,4544.0,2533.0,0.0,5105.0,5105.0,1773.0,760.0,3184.0,1360.0
1.0,5027.0,3139.0,2577.0,297.0,8123.0,8123.0,1804.0,773.0,2199.0,940.0
1.0,2185.0,1221.0,2555.0,5105.0,4151.0,4151.0,1789.0,766.0,850.0,371.0
1.0,6069.0,661.0,2490.0,8123.0,0.0,0.0,1743.0,747.0,456.0,205.0
1.0,13531.0,2052.0,2449.0,4151.0,0.0,0.0,1714.0,735.0,1436.0,616.0
1.0,15630.0,3933.0,2472.0,0.0,0.0,0.0,1730.0,742.0,2759.0,1174.0
1.0,11697.0,4392.0,2536.0,0.0,2839.0,2839.0,1775.0,761.0,3081.0,1311.0
1.0,7305.0,2991.0,2578.0,0.0,5998.0,5998.0,1805.0,773.0,2093.0,898.0
1.0,4314.0,1050.0,2557.0,2839.0,4125.0,4125.0,1790.0,767.0,730.0,320.0
1.0,6103.0,500.0,2493.0,5998.0,0.0,0.0,1745.0,748.0,343.0,157.0
1.0,11601.0,1865.0,2449.0,4125.0,0.0,0.0,1714.0,735.0,1306.0,559.0
1.0,13861.0,3873.0,2472.0,0.0,0.0,0.0,1730.0,742.0,2717.0,1156.0
1.0,9988.0,4491.0,2536.0,0.0,4647.0,4647.0,1775.0,761.0,3148.0,1343.0
1.0,5497.0,3285.0,2582.0,0.0,8116.0,8116.0,1808.0,774.0,2300.0,985.0
1.0,2212.0,1422.0,2565.0,4647.0,4823.0,4823.0,1796.0,769.0,991.0,431.0
1.0,5437.0,721.0,2504.0,8116.0,0.0,0.0,1753.0,751.0,501.0,220.0
1.0,12832.0,1939.0,2460.0,4823.0,0.0,0.0,1722.0,738.0,1355.0,584.0
1.0,15716.0,3785.0,2479.0,0.0,0.0,0.0,1735.0,744.0,2651.0,1134.0
1.0,11931.0,4398.0,2542.0,0.0,2635.0,2635.0,1779.0,763.0,3085.0,1313.0
1.0,7533.0,3121.0,2588.0,0.0,5940.0,5940.0,1812.0,776.0,2190.0,931.0
1.0,4412.0,1208.0,2571.0,2635.0,4445.0,4445.0,1800.0,771.0,843.0,365.0
1.0,5839.0,524.0,2508.0,5940.0,0.0,0.0,1756.0,752.0,358.0,166.0
1.0,11255.0,1724.0,2460.0,4445.0,0.0,0.0,1722.0,738.0,1203.0,521.0
1.0,13976.0,3750.0,2479.0,0.0,0.0,0.0,1735.0,744.0,2628.0,1122.0
1.0,10226.0,4522.0,2544.0,0.0,4472.0,4472.0,1781.0,763.0,3172.0,1350.0
1.0,5704.0,3310.0,2594.0,0.0,7982.0,7982.0,1816.0,778.0,2320.0,990.0
1.0,2394.0,1331.0,2578.0,4472.0,4777.0,4777.0,1805.0,773.0,928.0,403.0
1.0,5535.0,551.0,2512.0,7982.0,0.0,0.0,1758.0,754.0,381.0,170.0
1.0,12966.0,1797.0,2460.0,4777.0,0.0,0.0,1722.0,738.0,1257.0,540.0
1.0,15946.0,3826.0,2476.0,0.0,0.0,0.0,1733.0,743.0,2682.0,1144.0
1.0,12120.0,4697.0,2544.0,0.0,2753.0,2753.0,1781.0,763.0,3291.0,1406.0
1.0,7423.0,3458.0,2598.0,0.0,6427.0,6427.0,1819.0,779.0,2421.0,1037.0
1.0,3965.0,1292.0,2585.0,2753.0,4914.0,4914.0,1810.0,775.0,903.0,389.0
1.0,5426.0,350.0,2518.0,6427.0,0.0,0.0,1763.0,755.0,240.0,110.0
1.0,11503.0,1552.0,2464.0,4914.0,0.0,0.0,1725.0,739.0,1083.0,469.0
1.0,14865.0,3693.0,2479.0,0.0,0.0,0.0,1735.0,744.0,2588.0,1105.0
1.0,11172.0,4689.0,2550.0,0.0,3717.0,3717.0,1785.0,765.0,3288.0,1401.0
1.0,6483.0,3508.0,2607.0,0.0,7453.0,7453.0,1825.0,782.0,2458.0,1050.0
1.0,2975.0,1408.0,2594.0,3717.0,5092.0,5092.0,1816.0,778.0,982.0,426.0
1.0,5284.0,480.0,2526.0,7453.0,0.0,0.0,1768.0,758.0,330.0,150.0
1.0,12257.0,1652.0,2468.0,5092.0,0.0,0.0,1727.0,741.0,1156.0,496.0
1.0,15697.0,3829.0,2481.0,0.0,0.0,0.0,1737.0,744.0,2684.0,1145.0
1.0,11868.0,4750.0,2551.0,0.0,3086.0,3086.0,1786.0,765.0,3329.0,1421.0
1.0,7118.0,3504.0,2608.0,0.0,6818.0,6818.0,1826.0,782.0,2453.0,1051.0
1.0,3614.0,1361.0,2597.0,3086.0,5049.0,5049.0,1818.0,779.0,950.0,411.0
1.0,5339.0,424.0,2530.0,6818.0,0.0,0.0,1771.0,759.0,292.0,132.0
1.0,11733.0,1590.0,2475.0,5049.0,0.0,0.0,1732.0,743.0,1111.0,479.0
1.0,15192.0,3691.0,2487.0,0.0,0.0,0.0,1741.0,746.0,2588.0,1103.0
1.0,11501.0,4592.0,2556.0,0.0,3315.0,3315.0,1789.0,767.0,3222.0,1370.0
1.0,6909.0,3312.0,2610.0,0.0,6843.0,6843.0,1827.0,783.0,2319.0,993.0
1.0,3597.0,1196.0,2596.0,3315.0,4668.0,4668.0,1817.0,779.0,830.0,366.0
1.0,5716.0,445.0,2527.0,6843.0,0.0,0.0,1769.0,758.0,304.0,141.0
1.0,12114.0,1782.0,2473.0,4668.0,0.0,0.0,1731.0,742.0,1248.0,534.0
1.0,15000.0,3929.0,2489.0,0.0,0.0,0.0,1742.0,747.0,2758.0,1171.0
1.0,11071.0,4789.0,2557.0,0.0,3946.0,3946.0,1790.0,767.0,3359.0,1430.0
1.0,6282.0,3467.0,2611.0,0.0,7629.0,7629.0,1828.0,783.0,2426.0,1041.0
1.0,2815.0,1325.0,2597.0,3946.0,4952.0,4952.0,1818.0,779.0,921.0,404.0
1.0,5436.0,399.0,2530.0,7629.0,0.0,0.0,1771.0,759.0,274.0,125.0
1.0,12666.0,1622.0,2476.0,4952.0,0.0,0.0,1733.0,743.0,1134.0,488.0
1.0,15996.0,3803.0,2492.0,0.0,0.0,0.0,1744.0,748.0,2667.0,1136.0
1.0,12193.0,4687.0,2562.0,0.0,2742.0,2742.0,1793.0,769.0,3288.0,1399.0
1.0,7506.0,3389.0,2617.0,0.0,6351.0,6351.0,1832.0,785.0,2372.0,1017.0
1.0,4117.0,1196.0,2604.0,2742.0,4753.0,4753.0,1823.0,781.0,831.0,365.0
1.0,5663.0,362.0,2537.0,6351.0,0.0,0.0,1776.0,761.0,249.0,113.0
1.0,11652.0,1756.0,2485.0,4753.0,0.0,0.0,1739.0,746.0,1229.0,527.0
1.0,14649.0,3975.0,2497.0,0.0,0.0,0.0,1748.0,749.0,2788.0,1187.0
1.0,10674.0,4792.0,2563.0,0.0,4370.0,4370.0,1794.0,769.0,3360.0,1432.0
1.0,5882.0,3390.0,2614.0,0.0,7964.0,7964.0,1830.0,784.0,2373.0,1017.0
1.0,2492.0,1222.0,2600.0,4370.0,4760.0,4760.0,1820.0,780.0,850.0,372.0
1.0,5640.0,419.0,2536.0,7964.0,0.0,0.0,1775.0,761.0,288.0,131.0
1.0,13185.0,1753.0,2485.0,4760.0,0.0,0.0,1739.0,746.0,1227.0,526.0
1.0,16192.0,3895.0,2499.0,0.0,0.0,0.0,1749.0,750.0,2733.0,1162.0
1.0,12297.0,4754.0,2567.0,0.0,2725.0,2725.0,1797.0,770.0,3333.0,1421.0
1.0,7543.0,3296.0,2621.0,0.0,6237.0,6237.0,1835.0,786.0,2306.0,990.0
1.0,4247.0,1075.0,2608.0,2725.0,4535.0,4535.0,1826.0,782.0,746.0,329.0
1.0,5897.0,272.0,2542.0,6237.0,0.0,0.0,1779.0,763.0,184.0,88.0
1.0,11862.0,1768.0,2489.0,4535.0,0.0,0.0,1742.0,747.0,1239.0,529.0
1.0,14629.0,4033.0,2503.0,0.0,0.0,0.0,1752.0,751.0,2831.0,1202.0
1.0,10596.0,4892.0,2571.0,0.0,4580.0,4580.0,1800.0,771.0,3432.0,1460.0
1.0,5704.0,3498.0,2628.0,0.0,8306.0,8306.0,1840.0,788.0,2448.0,1050.0
1.0,2206.0,1209.0,2616.0,4580.0,4887.0,4887.0,1831.0,785.0,838.0,371.0
1.0,5577.0,324.0,2549.0,8306.0,0.0,0.0,1784.0,765.0,219.0,105.0
1.0,13559.0,1725.0,2492.0,4887.0,0.0,0.0,1744.0,748.0,1208.0,517.0
1.0,16721.0,3941.0,2501.0,0.0,0.0,0.0,1751.0,750.0,2766.0,1175.0
1.0,12780.0,4741.0,2567.0,0.0,2229.0,2229.0,1797.0,770.0,3325.0,1416.0
1.0,8039.0,3317.0,2624.0,0.0,5774.0,5774.0,1837.0,787.0,2321.0,996.0
1.0,4722.0,1020.0,2614.0,2229.0,4525.0,4525.0,1830.0,784.0,707.0,313.0
1.0,5931.0,169.0,2546.0,5774.0,0.0,0.0,1782.0,764.0,114.0,55.0
1.0,11536.0,1688.0,2489.0,4525.0,0.0,0.0,1742.0,747.0,1184.0,504.0
1.0,14373.0,4076.0,2500.0,0.0,0.0,0.0,1750.0,750.0,2858.0,1218.0
1.0,10297.0,4980.0,2568.0,0.0,4955.0,4955.0,1798.0,770.0,3488.0,1492.0
1.0,5317.0,3545.0,2627.0,0.0,8736.0,8736.0,1839.0,788.0,2480.0,1065.0
1.0,1772.0,1171.0,2618.0,4955.0,4916.0,4916.0,1833.0,785.0,816.0,355.0
1.0,5556.0,296.0,2550.0,8736.0,0.0,0.0,1785.0,765.0,205.0,91.0
1.0,13996.0,1769.0,2493.0,4916.0,0.0,0.0,1745.0,748.0,1238.0,531.0
1.0,17143.0,4126.0,2505.0,0.0,0.0,0.0,1753.0,752.0,2891.0,1235.0
1.0,13017.0,4937.0,2573.0,0.0,2212.0,2212.0,1801.0,772.0,3459.0,1478.0
1.0,8080.0,3331.0,2630.0,0.0,5771.0,5771.0,1841.0,789.0,2331.0,1000.0
1.0,4749.0,892.0,2616.0,2212.0,4395.0,4395.0,1831.0,785.0,621.0,271.0
1.0,6069.0,80.0,2547.0,5771.0,0.0,0.0,1783.0,764.0,53.0,27.0
1.0,11760.0,1650.0,2490.0,4395.0,0.0,0.0,1743.0,747.0,1158.0,492.0
1.0,14505.0,4085.0,2505.0,0.0,0.0,0.0,1753.0,752.0,2864.0,1221.0
1.0,10420.0,4946.0,2577.0,0.0,4834.0,4834.0,1804.0,773.0,3464.0,1482.0
1.0,5474.0,3400.0,2634.0,0.0,8462.0,8462.0,1844.0,790.0,2377.0,1023.0
1.0,2074.0,1065.0,2620.0,4834.0,4637.0,4637.0,1834.0,786.0,742.0,323.0
1.0,5843.0,275.0,2550.0,8462.0,0.0,0.0,1785.0,765.0,189.0,86.0
1.0,14030.0,1874.0,2493.0,4637.0,0.0,0.0,1745.0,748.0,1313.0,561.0
1.0,16793.0,4238.0,2509.0,0.0,0.0,0.0,1756.0,753.0,2971.0,1267.0
1.0,12555.0,5000.0,2579.0,0.0,2761.0,2761.0,1805.0,774.0,3503.0,1497.0
1.0,7555.0,3419.0,2637.0,0.0,6412.0,6412.0,1846.0,791.0,2393.0,1026.0
1.0,4136.0,1030.0,2626.0,2761.0,4637.0,4637.0,1838.0,788.0,716.0,314.0
1.0,5867.0,194.0,2556.0,6412.0,0.0,0.0,1789.0,767.0,131.0,63.0
1.0,12085.0,1695.0,2499.0,4637.0,0.0,0.0,1749.0,750.0,1188.0,507.0
1.0,15027.0,4070.0,2512.0,0.0,0.0,0.0,1758.0,754.0,2855.0,1215.0
1.0,10957.0,4900.0,2583.0,0.0,4275.0,4275.0,1808.0,775.0,3433.0,1467.0
1.0,6057.0,3367.0,2641.0,0.0,7874.0,7874.0,1849.0,792.0,2357.0,1010.0
1.0,2690.0,1058.0,2627.0,4275.0,4601.0,4601.0,1839.0,788.0,735.0,323.0
1.0,5907.0,301.0,2557.0,7874.0,0.0,0.0,1790.0,767.0,205.0,96.0
1.0,13480.0,1940.0,2502.0,4601.0,0.0,0.0,1751.0,751.0,1360.0,580.0
1.0,16141.0,4227.0,2519.0,0.0,0.0,0.0,1763.0,756.0,2967.0,1260.0
1.0,11914.0,4925.0,2590.0,0.0,3371.0,3371.0,1813.0,777.0,3454.0,1471.0
1.0,6989.0,3284.0,2644.0,0.0,6871.0,6871.0,1851.0,793.0,2297.0,987.0
1.0,3705.0,991.0,2630.0,3371.0,4435.0,4435.0,1841.0,789.0,684.0,307.0
1.0,6085.0,279.0,2560.0,6871.0,0.0,0.0,1792.0,768.0,187.0,92.0
1.0,12677.0,1840.0,2505.0,4435.0,0.0,0.0,1753.0,752.0,1288.0,552.0
1.0,15272.0,4095.0,2520.0,0.0,0.0,0.0,1764.0,756.0,2877.0,1218.0
1.0,11177.0,4726.0,2590.0,0.0,3909.0,3909.0,1813.0,777.0,3317.0,1409.0
1.0,6451.0,3286.0,2648.0,0.0,7427.0,7427.0,1854.0,794.0,2298.0,988.0
1.0,3165.0,1146.0,2636.0,3909.0,4616.0,4616.0,1845.0,791.0,791.0,355.0
1.0,5928.0,455.0,2567.0,7427.0,0.0,0.0,1797.0,770.0,311.0,144.0
1.0,12900.0,1955.0,2511.0,4616.0,0.0,0.0,1757.0,754.0,1372.0,583.0
1.0,15561.0,4127.0,2523.0,0.0,0.0,0.0,1766.0,757.0,2900.0,1227.0
1.0,11434.0,4857.0,2593.0,0.0,3795.0,3795.0,1815.0,778.0,3406.0,1451.0
1.0,6577.0,3418.0,2652.0,0.0,7449.0,7449.0,1857.0,795.0,2389.0,1029.0
1.0,3159.0,1212.0,2643.0,3795.0,4830.0,4830.0,1850.0,793.0,840.0,372.0
1.0,5742.0,477.0,2576.0,7449.0,0.0,0.0,1803.0,773.0,327.0,150.0
1.0,12714.0,1890.0,2521.0,4830.0,0.0,0.0,1764.0,757.0,1324.0,566.0
1.0,15654.0,3973.0,2533.0,0.0,0.0,0.0,1773.0,760.0,2789.0,1184.0
1.0,11681.0,4684.0,2604.0,0.0,3419.0,3419.0,1823.0,781.0,3285.0,1399.0
1.0,6997.0,3303.0,2664.0,0.0,6962.0,6962.0,1865.0,799.0,2313.0,990.0
1.0,3694.0,1206.0,2656.0,3419.0,4717.0,4717.0,1859.0,797.0,836.0,370.0
1.0,5907.0,484.0,2586.0,6962.0,0.0,0.0,1810.0,776.0,331.0,153.0
1.0,12385.0,1887.0,2526.0,4717.0,0.0,0.0,1768.0,758.0,1321.0,566.0
1.0,15215.0,4043.0,2536.0,0.0,0.0,0.0,1775.0,761.0,2838.0,1205.0
1.0,11172.0,4852.0,2607.0,0.0,4108.0,4108.0,1825.0,782.0,3405.0,1447.0
1.0,6320.0,3393.0,2667.0,0.0,7741.0,7741.0,1867.0,800.0,2375.0,1018.0
1.0,2927.0,1144.0,2654.0,4108.0,4725.0,4725.0,1858.0,796.0,792.0,352.0
1.0,5891.0,415.0,2583.0,7741.0,0.0,0.0,1808.0,775.0,282.0,133.0
1.0,13217.0,1929.0,2525.0,4725.0,0.0,0.0,1767.0,758.0,1352.0,577.0
1.0,16013.0,4142.0,2541.0,0.0,0.0,0.0,1779.0,762.0,2908.0,1234.0
1.0,11871.0,4814.0,2617.0,0.0,3411.0,3411.0,1832.0,785.0,3378.0,1436.0
1.0,7057.0,3230.0,2677.0,0.0,6881.0,6881.0,1874.0,803.0,2259.0,971.0
1.0,3827.0,1023.0,2664.0,3411.0,4441.0,4441.0,1865.0,799.0,708.0,315.0
1.0,6215.0,380.0,2593.0,6881.0,0.0,0.0,1815.0,778.0,258.0,122.0
1.0,12716.0,1894.0,2535.0,4441.0,0.0,0.0,1774.0,761.0,1326.0,568.0
1.0,15263.0,4134.0,2549.0,0.0,0.0,0.0,1784.0,765.0,2903.0,1231.0
1.0,11129.0,4833.0,2621.0,0.0,4188.0,4188.0,1835.0,786.0,3392.0,1441.0
1.0,6296.0,3407.0,2681.0,0.0,7835.0,7835.0,1877.0,804.0,2383.0,1024.0
1.0,2889.0,1289.0,2670.0,4188.0,4892.0,4892.0,1869.0,801.0,893.0,396.0
1.0,5788.0,595.0,2600.0,7835.0,0.0,0.0,1820.0,780.0,410.0,185.0
1.0,13028.0,1986.0,2542.0,4892.0,0.0,0.0,1779.0,763.0,1390.0,596.0
1.0,15934.0,4038.0,2554.0,0.0,0.0,0.0,1788.0,766.0,2833.0,1205.0
1.0,11896.0,4695.0,2624.0,0.0,3295.0,3295.0,1837.0,787.0,3294.0,1401.0
1.0,7201.0,3210.0,2683.0,0.0,6741.0,6741.0,1878.0,805.0,2247.0,963.0
1.0,3991.0,1069.0,2671.0,3295.0,4467.0,4467.0,1870.0,801.0,742.0,327.0
1.0,6217.0,378.0,2600.0,6741.0,0.0,0.0,1820.0,780.0,257.0,121.0
1.0,12580.0,1939.0,2543.0,4467.0,0.0,0.0,1780.0,763.0,1357.0,582.0
1.0,15108.0,4240.0,2560.0,0.0,0.0,0.0,1792.0,768.0,2975.0,1265.0
1.0,10868.0,4932.0,2634.0,0.0,4600.0,4600.0,1844.0,790.0,3461.0,1471.0
1.0,5936.0,3349.0,2693.0,0.0,8185.0,8185.0,1885.0,808.0,2346.0,1003.0
1.0,2587.0,1053.0,2676.0,4600.0,4570.0,4570.0,1873.0,803.0,730.0,323.0
1.0,6134.0,340.0,2600.0,8185.0,0.0,0.0,1820.0,780.0,229.0,111.0
1.0,13979.0,1940.0,2544.0,4570.0,0.0,0.0,1780.0,764.0,1353.0,587.0
1.0,16609.0,4238.0,2562.0,0.0,0.0,0.0,1793.0,769.0,2972.0,1266.0
1.0,12371.0,4938.0,2637.0,0.0,3115.0,3115.0,1846.0,791.0,3467.0,1471.0
1.0,7433.0,3331.0,2697.0,0.0,6686.0,6686.0,1888.0,809.0,2338.0,993.0
1.0,4102.0,1042.0,2681.0,3115.0,4549.0,4549.0,1877.0,804.0,724.0,318.0
1.0,6175.0,321.0,2609.0,6686.0,0.0,0.0,1826.0,783.0,214.0,107.0
1.0,12540.0,1819.0,2552.0,4549.0,0.0,0.0,1786.0,766.0,1269.0,550.0
1.0,15270.0,4096.0,2568.0,0.0,0.0,0.0,1797.0,771.0,2872.0,1224.0
1.0,11174.0,4851.0,2640.0,0.0,4237.0,4237.0,1848.0,792.0,3405.0,1446.0
1.0,6323.0,3388.0,2695.0,0.0,7845.0,7845.0,1887.0,808.0,2377.0,1011.0
1.0,2935.0,1200.0,2681.0,4237.0,4752.0,4752.0,1877.0,804.0,836.0,364.0
1.0,5972.0,554.0,2613.0,7845.0,0.0,0.0,1829.0,784.0,377.0,177.0
1.0,13263.0,2047.0,2559.0,4752.0,0.0,0.0,1791.0,768.0,1427.0,620.0
1.0,15968.0,4203.0,2573.0,0.0,0.0,0.0,1801.0,772.0,2947.0,1256.0
1.0,11765.0,4860.0,2644.0,0.0,3671.0,3671.0,1851.0,793.0,3411.0,1449.0
1.0,6905.0,3271.0,2698.0,0.0,7158.0,7158.0,1889.0,809.0,2295.0,976.0
1.0,3634.0,1061.0,2681.0,3671.0,4480.0,4480.0,1877.0,804.0,736.0,325.0
1.0,6244.0,423.0,2613.0,7158.0,0.0,0.0,1829.0,784.0,285.0,138.0
1.0,12979.0,1999.0,2562.0,4480.0,0.0,0.0,1793.0,769.0,1396.0,603.0
1.0,15460.0,4190.0,2579.0,0.0,0.0,0.0,1805.0,774.0,2941.0,1249.0
1.0,11270.0,4883.0,2650.0,0.0,4213.0,4213.0,1855.0,795.0,3429.0,1454.0
1.0,6387.0,3310.0,2704.0,0.0,7739.0,7739.0,1893.0,811.0,2320.0,990.0
1.0,3077.0,1071.0,2688.0,4213.0,4533.0,4533.0,1882.0,806.0,743.0,328.0
1.0,6219.0,392.0,2618.0,7739.0,0.0,0.0,1832.0,786.0,263.0,129.0
1.0,13566.0,1969.0,2562.0,4533.0,0.0,0.0,1793.0,769.0,1374.0,595.0
1.0,16130.0,4333.0,2580.0,0.0,0.0,0.0,1806.0,774.0,3040.0,1293.0
1.0,11797.0,5099.0,2657.0,0.0,3930.0,3930.0,1860.0,797.0,3580.0,1519.0
1.0,6698.0,3521.0,2717.0,0.0,7691.0,7691.0,1902.0,815.0,2470.0,1051.0
1.0,3177.0,1129.0,2701.0,3930.0,4826.0,4826.0,1891.0,810.0,785.0,344.0
1.0,5978.0,180.0,2625.0,7691.0,0.0,0.0,1837.0,788.0,115.0,65.0
1.0,13489.0,1647.0,2564.0,4826.0,0.0,0.0,1794.0,770.0,1147.0,500.0
1.0,16668.0,3999.0,2579.0,0.0,0.0,0.0,1805.0,774.0,2804.0,1195.0
1.0,12669.0,4902.0,2653.0,0.0,2845.0,2845.0,1857.0,796.0,3441.0,1461.0
1.0,7767.0,3497.0,2714.0,0.0,6586.0,6586.0,1900.0,814.0,2453.0,1044.0
1.0,4270.0,1210.0,2700.0,2845.0,4895.0,4895.0,1890.0,810.0,844.0,366.0
1.0,5905.0,350.0,2627.0,6586.0,0.0,0.0,1839.0,788.0,237.0,113.0
1.0,12141.0,1916.0,2571.0,4895.0,0.0,0.0,1799.0,772.0,1337.0,579.0
1.0,15120.0,4312.0,2589.0,0.0,0.0,0.0,1812.0,777.0,3019.0,1293.0
1.0,10808.0,5164.0,2663.0,0.0,5008.0,5008.0,1864.0,799.0,3621.0,1543.0
1.0,5644.0,3644.0,2721.0,0.0,8884.0,8884.0,1905.0,816.0,2558.0,1086.0
1.0,2000.0,1183.0,2707.0,5008.0,5003.0,5003.0,1895.0,812.0,826.0,357.0
1.0,5825.0,189.0,2632.0,8884.0,0.0,0.0,1842.0,790.0,123.0,66.0
1.0,14520.0,1624.0,2573.0,5003.0,0.0,0.0,1801.0,772.0,1132.0,492.0
1.0,17899.0,4012.0,2589.0,0.0,0.0,0.0,1812.0,777.0,2810.0,1202.0
1.0,13887.0,5050.0,2666.0,0.0,1827.0,1827.0,1866.0,800.0,3544.0,1506.0
1.0,8837.0,3595.0,2727.0,0.0,5666.0,5666.0,1909.0,818.0,2524.0,1071.0
1.0,5242.0,1171.0,2712.0,1827.0,4950.0,4950.0,1899.0,813.0,818.0,353.0
1.0,5898.0,179.0,2634.0,5666.0,0.0,0.0,1844.0,790.0,115.0,64.0
1.0,11385.0,1754.0,2573.0,4950.0,0.0,0.0,1801.0,772.0,1219.0,535.0
1.0,14581.0,4305.0,2592.0,0.0,92.0,92.0,1814.0,778.0,3016.0,1289.0
1.0,10276.0,5279.0,2673.0,0.0,5695.0,5695.0,1871.0,802.0,3708.0,1571.0
1.0,4997.0,3691.0,2737.0,92.0,9550.0,9550.0,1916.0,821.0,2592.0,1099.0
1.0,1398.0,1119.0,2721.0,5695.0,4910.0,4910.0,1905.0,816.0,780.0,339.0
1.0,5974.0,140.0,2643.0,9550.0,0.0,0.0,1850.0,793.0,85.0,55.0
1.0,15384.0,1671.0,2579.0,4910.0,0.0,0.0,1805.0,774.0,1160.0,511.0
1.0,18623.0,4200.0,2596.0,0.0,0.0,0.0,1817.0,779.0,2943.0,1257.0
1.0,14423.0,5173.0,2676.0,0.0,1454.0,1454.0,1873.0,803.0,3634.0,1539.0
1.0,9250.0,3602.0,2739.0,0.0,5308.0,5308.0,1918.0,821.0,2532.0,1070.0
1.0,5648.0,1018.0,2724.0,1454.0,4812.0,4812.0,1907.0,817.0,710.0,308.0
1.0,6084.0,4.0,2645.0,5308.0,0.0,0.0,1852.0,793.0,0.0,4.0
1.0,11388.0,1567.0,2582.0,4812.0,0.0,0.0,1807.0,775.0,1086.0,481.0
1.0,14633.0,4306.0,2599.0,0.0,69.0,69.0,1819.0,780.0,3006.0,1300.0
1.0,10327.0,5420.0,2680.0,0.0,5813.0,5813.0,1876.0,804.0,3797.0,1623.0
1.0,4907.0,3813.0,2743.0,69.0,9809.0,9809.0,1920.0,823.0,2679.0,1134.0
1.0,1163.0,1173.0,2727.0,5813.0,5105.0,5105.0,1909.0,818.0,830.0,343.0
1.0,5803.0,111.0,2648.0,9809.0,0.0,0.0,1854.0,794.0,74.0,37.0
1.0,15501.0,1712.0,2587.0,5105.0,0.0,0.0,1811.0,776.0,1187.0,525.0
1.0,18894.0,4263.0,2606.0,0.0,0.0,0.0,1824.0,782.0,2978.0,1285.0
1.0,14631.0,5251.0,2687.0,0.0,1368.0,1368.0,1881.0,806.0,3681.0,1570.0
1.0,9380.0,3588.0,2748.0,0.0,5200.0,5200.0,1924.0,824.0,2523.0,1065.0
1.0,5792.0,930.0,2727.0,1368.0,4678.0,4678.0,1909.0,818.0,656.0,274.0
1.0,6230.0,0.0,2647.0,5200.0,0.0,0.0,1853.0,794.0,0.0,0.0
1.0,11430.0,1614.0,2583.0,4678.0,0.0,0.0,1808.0,775.0,1117.0,497.0
1.0,14494.0,4298.0,2602.0,0.0,212.0,212.0,1821.0,781.0,2997.0,1301.0
1.0,10196.0,5338.0,2685.0,0.0,5882.0,5882.0,1879.0,806.0,3738.0,1600.0
1.0,4858.0,3801.0,2750.0,212.0,9731.0,9731.0,1925.0,825.0,2673.0,1128.0
1.0,1269.0,1187.0,2735.0,5882.0,4976.0,4976.0,1915.0,820.0,843.0,344.0
1.0,5964.0,162.0,2655.0,9731.0,0.0,0.0,1859.0,796.0,113.0,49.0
1.0,15533.0,1759.0,2590.0,4976.0,0.0,0.0,1813.0,777.0,1217.0,542.0
1.0,18750.0,4296.0,2606.0,0.0,0.0,0.0,1824.0,782.0,2995.0,1301.0
1.0,14454.0,5216.0,2685.0,0.0,1502.0,1502.0,1879.0,806.0,3653.0,1563.0
1.0,9238.0,3575.0,2750.0,0.0,5337.0,5337.0,1925.0,825.0,2515.0,1060.0
1.0,5663.0,986.0,2737.0,1502.0,4769.0,4769.0,1916.0,821.0,701.0,285.0
1.0,6179.0,25.0,2661.0,5337.0,0.0,0.0,1863.0,798.0,17.0,8.0
1.0,11491.0,1622.0,2597.0,4769.0,0.0,0.0,1818.0,779.0,1125.0,497.0
1.0,14638.0,4207.0,2611.0,0.0,13.0,13.0,1827.0,784.0,2935.0,1272.0
1.0,10431.0,5275.0,2689.0,0.0,5600.0,5600.0,1882.0,807.0,3691.0,1584.0
1.0,5156.0,3758.0,2754.0,13.0,9605.0,9605.0,1928.0,826.0,2640.0,1118.0
1.0,1411.0,1184.0,2741.0,5600.0,5137.0,5137.0,1919.0,822.0,838.0,346.0
1.0,5827.0,184.0,2661.0,9605.0,0.0,0.0,1863.0,798.0,129.0,55.0
1.0,15248.0,1774.0,2596.0,5137.0,0.0,0.0,1817.0,779.0,1233.0,541.0
1.0,18611.0,4352.0,2609.0,0.0,0.0,0.0,1826.0,783.0,3037.0,1315.0
1.0,14259.0,5298.0,2689.0,0.0,1795.0,1795.0,1882.0,807.0,3708.0,1590.0
1.0,8961.0,3706.0,2757.0,0.0,5773.0,5773.0,1930.0,827.0,2601.0,1105.0
1.0,5255.0,1074.0,2746.0,1795.0,5008.0,5008.0,1922.0,824.0,760.0,314.0
1.0,5976.0,29.0,2670.0,5773.0,0.0,0.0,1869.0,801.0,23.0,6.0
1.0,11720.0,1607.0,2603.0,5008.0,0.0,0.0,1822.0,781.0,1119.0,488.0
1.0,15121.0,4190.0,2615.0,0.0,0.0,0.0,1830.0,785.0,2923.0,1267.0
1.0,10931.0,5246.0,2693.0,0.0,5087.0,5087.0,1885.0,808.0,3668.0,1578.0
1.0,5685.0,3742.0,2762.0,0.0,9105.0,9105.0,1933.0,829.0,2626.0,1116.0
1.0,1943.0,1158.0,2750.0,5087.0,5128.0,5128.0,1925.0,825.0,820.0,338.0
1.0,5872.0,147.0,2670.0,9105.0,0.0,0.0,1869.0,801.0,106.0,41.0
1.0,14830.0,1685.0,2601.0,5128.0,0.0,0.0,1821.0,780.0,1173.0,512.0
1.0,18273.0,4315.0,2613.0,0.0,0.0,0.0,1829.0,784.0,3012.0,1303.0
1.0,13958.0,5393.0,2695.0,0.0,2215.0,2215.0,1886.0,809.0,3774.0,1619.0
1.0,8565.0,3755.0,2764.0,0.0,6246.0,6246.0,1935.0,829.0,2635.0,1120.0
1.0,4810.0,1080.0,2754.0,2215.0,5071.0,5071.0,1928.0,826.0,762.0,318.0
1.0,5945.0,82.0,2674.0,6246.0,0.0,0.0,1872.0,802.0,58.0,24.0
1.0,12109.0,1706.0,2607.0,5071.0,0.0,0.0,1825.0,782.0,1190.0,516.0
1.0,15474.0,4228.0,2619.0,0.0,0.0,0.0,1833.0,786.0,2955.0,1273.0
1.0,11246.0,5127.0,2699.0,0.0,4677.0,4677.0,1889.0,810.0,3588.0,1539.0
1.0,6119.0,3641.0,2769.0,0.0,8598.0,8598.0,1938.0,831.0,2552.0,1089.0
1.0,2478.0,1215.0,2761.0,4677.0,5104.0,5104.0,1933.0,828.0,853.0,362.0
1.0,5940.0,300.0,2684.0,8598.0,0.0,0.0,1879.0,805.0,209.0,91.0
1.0,14238.0,1819.0,2616.0,5104.0,0.0,0.0,1831.0,785.0,1271.0,548.0
1.0,17523.0,4228.0,2623.0,0.0,0.0,0.0,1836.0,787.0,2958.0,1270.0
1.0,13295.0,5208.0,2701.0,0.0,2717.0,2717.0,1890.0,811.0,3646.0,1562.0
1.0,8087.0,3763.0,2772.0,0.0,6764.0,6764.0,1940.0,832.0,2637.0,1126.0
1.0,4324.0,1304.0,2763.0,2717.0,5315.0,5315.0,1934.0,829.0,915.0,389.0
1.0,5737.0,284.0,2687.0,6764.0,0.0,0.0,1881.0,806.0,196.0,88.0
1.0,12217.0,1649.0,2617.0,5315.0,0.0,0.0,1832.0,785.0,1148.0,501.0
1.0,15883.0,4004.0,2625.0,0.0,0.0,0.0,1837.0,788.0,2800.0,1204.0
1.0,11879.0,5036.0,2705.0,0.0,3977.0,3977.0,1893.0,812.0,3530.0,1506.0
1.0,6843.0,3724.0,2776.0,0.0,7985.0,7985.0,1943.0,833.0,2613.0,1111.0
1.0,3119.0,1356.0,2771.0,3977.0,5344.0,5344.0,1940.0,831.0,952.0,404.0
1.0,5740.0,311.0,2694.0,7985.0,0.0,0.0,1886.0,808.0,214.0,97.0
1.0,13414.0,1716.0,2624.0,5344.0,0.0,0.0,1837.0,787.0,1193.0,523.0
1.0,17042.0,4154.0,2632.0,0.0,0.0,0.0,1842.0,790.0,2903.0,1251.0
1.0,12888.0,5218.0,2709.0,0.0,3166.0,3166.0,1896.0,813.0,3657.0,1561.0
1.0,7670.0,3759.0,2778.0,0.0,7201.0,7201.0,1944.0,834.0,2639.0,1120.0
1.0,3911.0,1313.0,2770.0,3166.0,5316.0,5316.0,1939.0,831.0,922.0,391.0
1.0,5764.0,324.0,2693.0,7201.0,0.0,0.0,1885.0,808.0,222.0,102.0
1.0,12641.0,1735.0,2626.0,5316.0,0.0,0.0,1838.0,788.0,1208.0,527.0
1.0,16222.0,4139.0,2637.0,0.0,0.0,0.0,1846.0,791.0,2894.0,1245.0
1.0,12083.0,5047.0,2715.0,0.0,3824.0,3824.0,1900.0,815.0,3536.0,1511.0
1.0,7036.0,3612.0,2785.0,0.0,7716.0,7716.0,1949.0,836.0,2536.0,1076.0
1.0,3424.0,1223.0,2777.0,3824.0,5083.0,5083.0,1944.0,833.0,859.0,364.0
1.0,6025.0,282.0,2701.0,7716.0,0.0,0.0,1891.0,810.0,194.0,88.0
1.0,13459.0,1736.0,2633.0,5083.0,0.0,0.0,1843.0,790.0,1209.0,527.0
1.0,16806.0,4231.0,2642.0,0.0,0.0,0.0,1849.0,793.0,2960.0,1271.0
1.0,12575.0,5273.0,2721.0,0.0,3582.0,3582.0,1904.0,817.0,3694.0,1579.0
1.0,7302.0,3758.0,2789.0,0.0,7612.0,7612.0,1952.0,837.0,2635.0,1123.0
1.0,3544.0,1206.0,2779.0,3582.0,5196.0,5196.0,1945.0,834.0,847.0,359.0
1.0,5920.0,229.0,2700.0,7612.0,0.0,0.0,1890.0,810.0,159.0,70.0
1.0,13303.0,1798.0,2632.0,5196.0,0.0,0.0,1842.0,790.0,1253.0,545.0
1.0,16701.0,4306.0,2643.0,0.0,0.0,0.0,1850.0,793.0,3010.0,1296.0
1.0,12395.0,5126.0,2722.0,0.0,3619.0,3619.0,1905.0,817.0,3591.0,1535.0
1.0,7269.0,3460.0,2787.0,0.0,7339.0,7339.0,1951.0,836.0,2429.0,1031.0
1.0,3809.0,1021.0,2776.0,3619.0,4697.0,4697.0,1943.0,833.0,719.0,302.0
1.0,6407.0,215.0,2700.0,7339.0,0.0,0.0,1890.0,810.0,146.0,69.0
1.0,13531.0,1902.0,2636.0,4697.0,0.0,0.0,1845.0,791.0,1324.0,578.0
1.0,16326.0,4370.0,2647.0,0.0,0.0,0.0,1853.0,794.0,3056.0,1314.0
1.0,11956.0,5182.0,2725.0,0.0,4126.0,4126.0,1907.0,818.0,3632.0,1550.0
1.0,6774.0,3578.0,2790.0,0.0,7964.0,7964.0,1953.0,837.0,2513.0,1065.0
1.0,3196.0,1128.0,2780.0,4126.0,4926.0,4926.0,1946.0,834.0,791.0,337.0
1.0,6194.0,398.0,2704.0,7964.0,0.0,0.0,1893.0,811.0,273.0,125.0
1.0,13760.0,2050.0,2640.0,4926.0,0.0,0.0,1848.0,792.0,1428.0,622.0
1.0,16636.0,4460.0,2654.0,0.0,0.0,0.0,1858.0,796.0,3120.0,1340.0
1.0,12176.0,5130.0,2732.0,0.0,3882.0,3882.0,1912.0,820.0,3596.0,1534.0
1.0,7046.0,3382.0,2796.0,0.0,7520.0,7520.0,1957.0,839.0,2373.0,1009.0
1.0,3664.0,959.0,2781.0,3882.0,4537.0,4537.0,1947.0,834.0,673.0,286.0
1.0,6587.0,317.0,2706.0,7520.0,0.0,0.0,1894.0,812.0,219.0,98.0
1.0,13790.0,2048.0,2647.0,4537.0,0.0,0.0,1853.0,794.0,1427.0,621.0
1.0,16279.0,4464.0,2663.0,0.0,0.0,0.0,1864.0,799.0,3121.0,1343.0
1.0,11815.0,5035.0,2736.0,0.0,4164.0,4164.0,1915.0,821.0,3529.0,1506.0
1.0,6780.0,3365.0,2795.0,0.0,7765.0,7765.0,1956.0,839.0,2362.0,1003.0
1.0,3415.0,1120.0,2781.0,4164.0,4665.0,4665.0,1947.0,834.0,787.0,333.0
1.0,6459.0,577.0,2711.0,7765.0,0.0,0.0,1898.0,813.0,399.0,178.0
1.0,13647.0,2351.0,2656.0,4665.0,0.0,0.0,1859.0,797.0,1640.0,711.0
1.0,15961.0,4644.0,2673.0,0.0,0.0,0.0,1871.0,802.0,3248.0,1396.0
1.0,11317.0,5096.0,2746.0,0.0,4763.0,4763.0,1922.0,824.0,3570.0,1526.0
1.0,6221.0,3220.0,2803.0,0.0,8211.0,8211.0,1962.0,841.0,2261.0,959.0
1.0,3001.0,889.0,2788.0,4763.0,4277.0,4277.0,1952.0,836.0,625.0,264.0
1.0,6875.0,350.0,2718.0,8211.0,0.0,0.0,1903.0,815.0,242.0,108.0
1.0,14736.0,2089.0,2661.0,4277.0,0.0,0.0,1863.0,798.0,1455.0,634.0
1.0,16924.0,4459.0,2675.0,0.0,0.0,0.0,1872.0,803.0,3117.0,1342.0
1.0,12465.0,5057.0,2746.0,0.0,3576.0,3576.0,1922.0,824.0,3544.0,1513.0
1.0,7408.0,3314.0,2804.0,0.0,7122.0,7122.0,1963.0,841.0,2328.0,986.0
1.0,4094.0,1052.0,2791.0,3576.0,4546.0,4546.0,1954.0,837.0,742.0,310.0
1.0,6618.0,569.0,2722.0,7122.0,0.0,0.0,1906.0,816.0,394.0,175.0
1.0,13171.0,2286.0,2666.0,4546.0,0.0,0.0,1866.0,800.0,1590.0,696.0
1.0,15431.0,4554.0,2682.0,0.0,0.0,0.0,1877.0,805.0,3180.0,1374.0
1.0,10877.0,5091.0,2754.0,0.0,5230.0,5230.0,1927.0,827.0,3567.0,1524.0
1.0,5786.0,3353.0,2813.0,0.0,8819.0,8819.0,1969.0,844.0,2359.0,994.0
1.0,2433.0,1097.0,2800.0,5230.0,4634.0,4634.0,1960.0,840.0,775.0,322.0
1.0,6566.0,467.0,2730.0,8819.0,0.0,0.0,1911.0,819.0,322.0,145.0
1.0,14918.0,2058.0,2672.0,4634.0,0.0,0.0,1870.0,802.0,1430.0,628.0
1.0,17494.0,4281.0,2685.0,0.0,0.0,0.0,1879.0,806.0,2991.0,1290.0
1.0,13213.0,5018.0,2758.0,0.0,2837.0,2837.0,1930.0,828.0,3516.0,1502.0
1.0,8195.0,3390.0,2817.0,0.0,6463.0,6463.0,1972.0,845.0,2382.0,1008.0
1.0,4805.0,1112.0,2805.0,2837.0,4690.0,4690.0,1964.0,841.0,785.0,327.0
1.0,6530.0,486.0,2734.0,6463.0,0.0,0.0,1914.0,820.0,338.0,148.0
1.0,12507.0,2157.0,2673.0,4690.0,0.0,0.0,1871.0,802.0,1501.0,656.0
1.0,15040.0,4471.0,2687.0,0.0,179.0,179.0,1881.0,806.0,3124.0,1347.0
1.0,10569.0,5126.0,2763.0,0.0,5609.0,5609.0,1934.0,829.0,3590.0,1536.0
1.0,5443.0,3387.0,2823.0,179.0,9057.0,9057.0,1976.0,847.0,2377.0,1010.0
1.0,2235.0,1069.0,2810.0,5609.0,4465.0,4465.0,1967.0,843.0,754.0,315.0
1.0,6775.0,479.0,2736.0,9057.0,0.0,0.0,1915.0,821.0,336.0,143.0
1.0,15353.0,2229.0,2680.0,4465.0,0.0,0.0,1876.0,804.0,1555.0,674.0
1.0,17589.0,4519.0,2700.0,0.0,0.0,0.0,1890.0,810.0,3157.0,1362.0
1.0,13070.0,4981.0,2776.0,0.0,3015.0,3015.0,1943.0,833.0,3486.0,1495.0
1.0,8089.0,3173.0,2833.0,0.0,6416.0,6416.0,1983.0,850.0,2228.0,945.0
1.0,4916.0,932.0,2815.0,3015.0,4261.0,4261.0,1971.0,844.0,660.0,272.0
1.0,6999.0,493.0,2740.0,6416.0,0.0,0.0,1918.0,822.0,344.0,149.0
1.0,12922.0,2304.0,2685.0,4261.0,0.0,0.0,1879.0,806.0,1604.0,700.0
1.0,14879.0,4629.0,2705.0,0.0,570.0,570.0,1893.0,812.0,3234.0,1395.0
1.0,10250.0,5173.0,2783.0,0.0,6055.0,6055.0,1948.0,835.0,3622.0,1551.0
1.0,5077.0,3428.0,2841.0,570.0,9145.0,9145.0,1989.0,852.0,2408.0,1020.0
1.0,2219.0,1146.0,2824.0,6055.0,4168.0,4168.0,1977.0,847.0,808.0,338.0
1.0,7128.0,560.0,2748.0,9145.0,0.0,0.0,1924.0,824.0,391.0,169.0
1.0,15713.0,2218.0,2693.0,4168.0,0.0,0.0,1885.0,808.0,1547.0,671.0
1.0,17663.0,4489.0,2714.0,0.0,0.0,0.0,1900.0,814.0,3136.0,1353.0
1.0,13174.0,5014.0,2792.0,0.0,3008.0,3008.0,1954.0,838.0,3510.0,1504.0
1.0,8160.0,3203.0,2847.0,0.0,6431.0,6431.0,1993.0,854.0,2247.0,956.0
1.0,4957.0,904.0,2826.0,3008.0,4243.0,4243.0,1978.0,848.0,637.0,267.0
1.0,7061.0,421.0,2748.0,6431.0,0.0,0.0,1924.0,824.0,294.0,127.0
1.0,13071.0,2332.0,2696.0,4243.0,0.0,0.0,1887.0,809.0,1628.0,704.0
1.0,14982.0,4727.0,2722.0,0.0,633.0,633.0,1905.0,817.0,3305.0,1422.0
1.0,10255.0,5195.0,2800.0,0.0,6140.0,6140.0,1960.0,840.0,3637.0,1558.0
1.0,5060.0,3310.0,2853.0,633.0,9029.0,9029.0,1997.0,856.0,2323.0,987.0
1.0,2383.0,925.0,2826.0,6140.0,3706.0,3706.0,1978.0,848.0,652.0,273.0
1.0,7598.0,448.0,2745.0,9029.0,0.0,0.0,1922.0,823.0,311.0,137.0
1.0,16179.0,2369.0,2693.0,3706.0,0.0,0.0,1885.0,808.0,1652.0,717.0
1.0,17516.0,4752.0,2722.0,0.0,0.0,0.0,1905.0,817.0,3324.0,1428.0
1.0,12764.0,5128.0,2803.0,0.0,3576.0,3576.0,1962.0,841.0,3592.0,1536.0
1.0,7636.0,3104.0,2856.0,0.0,6892.0,6892.0,1999.0,857.0,2176.0,928.0
1.0,4532.0,702.0,2830.0,3576.0,3914.0,3914.0,1981.0,849.0,493.0,209.0
1.0,7406.0,285.0,2750.0,6892.0,0.0,0.0,1925.0,825.0,198.0,87.0
1.0,14013.0,2351.0,2697.0,3914.0,0.0,0.0,1888.0,809.0,1644.0,707.0
1.0,15576.0,4814.0,2726.0,0.0,142.0,142.0,1908.0,818.0,3370.0,1444.0
1.0,10762.0,5241.0,2807.0,0.0,5707.0,5707.0,1965.0,842.0,3671.0,1570.0
1.0,5521.0,3267.0,2859.0,142.0,9040.0,9040.0,2001.0,858.0,2289.0,978.0
1.0,2396.0,813.0,2830.0,5707.0,4030.0,4030.0,1981.0,849.0,567.0,246.0
1.0,7290.0,422.0,2751.0,9040.0,0.0,0.0,1926.0,825.0,291.0,131.0
1.0,15908.0,2419.0,2700.0,4030.0,0.0,0.0,1890.0,810.0,1691.0,728.0
1.0,17519.0,4823.0,2727.0,0.0,0.0,0.0,1909.0,818.0,3378.0,1445.0
1.0,12696.0,5227.0,2807.0,0.0,3759.0,3759.0,1965.0,842.0,3663.0,1564.0
1.0,7469.0,3208.0,2860.0,0.0,7179.0,7179.0,2002.0,858.0,2249.0,959.0
1.0,4261.0,799.0,2836.0,3759.0,4123.0,4123.0,1985.0,851.0,558.0,241.0
1.0,7221.0,347.0,2760.0,7179.0,0.0,0.0,1932.0,828.0,239.0,108.0
1.0,14053.0,2247.0,2707.0,4123.0,0.0,0.0,1895.0,812.0,1569.0,678.0
1.0,15929.0,4634.0,2730.0,0.0,0.0,0.0,1911.0,819.0,3245.0,1389.0
1.0,11295.0,5149.0,2809.0,0.0,5090.0,5090.0,1966.0,843.0,3609.0,1540.0
1.0,6146.0,3316.0,2863.0,0.0,8622.0,8622.0,2004.0,859.0,2322.0,994.0
1.0,2830.0,1008.0,2840.0,5090.0,4448.0,4448.0,1988.0,852.0,703.0,305.0
1.0,6912.0,499.0,2764.0,8622.0,0.0,0.0,1935.0,829.0,346.0,153.0
1.0,15035.0,2389.0,2711.0,4448.0,0.0,0.0,1898.0,813.0,1670.0,719.0
1.0,17094.0,4715.0,2737.0,0.0,0.0,0.0,1916.0,821.0,3304.0,1411.0
1.0,12379.0,5131.0,2816.0,0.0,4016.0,4016.0,1971.0,845.0,3597.0,1534.0
1.0,7248.0,3279.0,2869.0,0.0,7507.0,7507.0,2008.0,861.0,2297.0,982.0
1.0,3969.0,944.0,2844.0,4016.0,4335.0,4335.0,1991.0,853.0,657.0,287.0
1.0,7041.0,427.0,2766.0,7507.0,0.0,0.0,1936.0,830.0,293.0,134.0
1.0,14121.0,2260.0,2713.0,4335.0,0.0,0.0,1899.0,814.0,1578.0,682.0
1.0,16196.0,4591.0,2740.0,0.0,0.0,0.0,1918.0,822.0,3217.0,1374.0
1.0,11605.0,5019.0,2819.0,0.0,4690.0,4690.0,1973.0,846.0,3519.0,1500.0
1.0,6586.0,3190.0,2871.0,0.0,8088.0,8088.0,2010.0,861.0,2237.0,953.0
1.0,3396.0,971.0,2846.0,4690.0,4269.0,4269.0,1992.0,854.0,679.0,292.0
1.0,7115.0,688.0,2770.0,8088.0,0.0,0.0,1939.0,831.0,475.0,213.0
1.0,14515.0,2651.0,2721.0,4269.0,0.0,0.0,1905.0,816.0,1851.0,800.0
1.0,16133.0,4832.0,2749.0,0.0,0.0,0.0,1924.0,825.0,3384.0,1448.0
1.0,11301.0,5051.0,2823.0,0.0,5042.0,5042.0,1976.0,847.0,3542.0,1509.0
1.0,6250.0,3038.0,2871.0,0.0,8272.0,8272.0,2010.0,861.0,2130.0,908.0
1.0,3212.0,844.0,2844.0,5042.0,3966.0,3966.0,1991.0,853.0,589.0,255.0
1.0,7410.0,622.0,2770.0,8272.0,0.0,0.0,1939.0,831.0,430.0,192.0
1.0,15060.0,2528.0,2723.0,3966.0,0.0,0.0,1906.0,817.0,1766.0,762.0
1.0,16498.0,4683.0,2750.0,0.0,0.0,0.0,1925.0,825.0,3278.0,1405.0
1.0,11815.0,4917.0,2828.0,0.0,4414.0,4414.0,1979.0,849.0,3447.0,1470.0
1.0,6898.0,2942.0,2876.0,0.0,7548.0,7548.0,2013.0,863.0,2065.0,877.0
1.0,3956.0,868.0,2848.0,4414.0,3890.0,3890.0,1994.0,854.0,608.0,260.0
1.0,7502.0,726.0,2771.0,7548.0,0.0,0.0,1940.0,831.0,503.0,223.0
1.0,14324.0,2740.0,2724.0,3890.0,0.0,0.0,1907.0,817.0,1911.0,829.0
1.0,15474.0,4865.0,2754.0,0.0,407.0,407.0,1928.0,826.0,3404.0,1461.0
1.0,10609.0,5053.0,2833.0,0.0,5776.0,5776.0,1983.0,850.0,3545.0,1508.0
1.0,5556.0,3073.0,2884.0,407.0,8646.0,8646.0,2019.0,865.0,2158.0,915.0
1.0,2890.0,890.0,2855.0,5776.0,3644.0,3644.0,1999.0,856.0,623.0,267.0
1.0,7776.0,617.0,2776.0,8646.0,0.0,0.0,1943.0,833.0,424.0,193.0
1.0,15805.0,2517.0,2726.0,3644.0,0.0,0.0,1908.0,818.0,1755.0,762.0
1.0,16932.0,4699.0,2756.0,0.0,0.0,0.0,1929.0,827.0,3291.0,1408.0
1.0,12233.0,4972.0,2839.0,0.0,4095.0,4095.0,1987.0,852.0,3487.0,1485.0
1.0,7261.0,3050.0,2891.0,0.0,7353.0,7353.0,2024.0,867.0,2141.0,909.0
1.0,4211.0,826.0,2863.0,4095.0,3972.0,3972.0,2004.0,859.0,578.0,248.0
1.0,7480.0,557.0,2780.0,7353.0,0.0,0.0,1946.0,834.0,384.0,173.0
1.0,14276.0,2596.0,2729.0,3972.0,0.0,0.0,1910.0,819.0,1810.0,786.0
1.0,15652.0,4877.0,2760.0,0.0,265.0,265.0,1932.0,828.0,3413.0,1464.0
1.0,10775.0,5149.0,2844.0,0.0,5750.0,5750.0,1991.0,853.0,3612.0,1537.0
1.0,5626.0,3191.0,2897.0,265.0,8888.0,8888.0,2028.0,869.0,2243.0,948.0
1.0,2700.0,964.0,2870.0,5750.0,3994.0,3994.0,2009.0,861.0,675.0,289.0
1.0,7486.0,630.0,2789.0,8888.0,0.0,0.0,1952.0,837.0,433.0,197.0
1.0,15744.0,2539.0,2737.0,3994.0,0.0,0.0,1916.0,821.0,1769.0,770.0
1.0,17199.0,4780.0,2767.0,0.0,0.0,0.0,1937.0,830.0,3344.0,1436.0
1.0,12419.0,5074.0,2849.0,0.0,4051.0,4051.0,1994.0,855.0,3558.0,1516.0
1.0,7345.0,3086.0,2902.0,0.0,7349.0,7349.0,2032.0,870.0,2170.0,916.0
1.0,4259.0,791.0,2874.0,4051.0,3977.0,3977.0,2012.0,862.0,556.0,235.0
1.0,7519.0,455.0,2794.0,7349.0,0.0,0.0,1956.0,838.0,311.0,144.0
1.0,14413.0,2421.0,2742.0,3977.0,0.0,0.0,1919.0,823.0,1685.0,736.0
1.0,15969.0,4807.0,2770.0,0.0,0.0,0.0,1939.0,831.0,3364.0,1443.0
1.0,11162.0,5245.0,2851.0,0.0,5487.0,5487.0,1996.0,855.0,3680.0,1565.0
1.0,5917.0,3306.0,2905.0,0.0,9009.0,9009.0,2034.0,871.0,2325.0,981.0
1.0,2611.0,914.0,2877.0,5487.0,4324.0,4324.0,2014.0,863.0,641.0,273.0
1.0,7184.0,442.0,2794.0,9009.0,0.0,0.0,1956.0,838.0,300.0,142.0
1.0,15751.0,2324.0,2740.0,4324.0,0.0,0.0,1918.0,822.0,1616.0,708.0
1.0,17751.0,4705.0,2768.0,0.0,0.0,0.0,1937.0,831.0,3292.0,1413.0
1.0,13046.0,5231.0,2850.0,0.0,3585.0,3585.0,1995.0,855.0,3671.0,1560.0
1.0,7815.0,3361.0,2907.0,0.0,7174.0,7174.0,2035.0,872.0,2362.0,999.0
1.0,4454.0,904.0,2881.0,3585.0,4389.0,4389.0,2017.0,864.0,633.0,271.0
1.0,7135.0,286.0,2798.0,7174.0,0.0,0.0,1959.0,839.0,191.0,95.0
1.0,14023.0,2147.0,2743.0,4389.0,0.0,0.0,1920.0,823.0,1495.0,652.0
1.0,16265.0,4640.0,2771.0,0.0,0.0,0.0,1939.0,832.0,3249.0,1391.0
1.0,11625.0,5382.0,2856.0,0.0,5181.0,5181.0,1999.0,857.0,3776.0,1606.0
1.0,6243.0,3645.0,2913.0,0.0,9054.0,9054.0,2039.0,874.0,2559.0,1086.0
1.0,2598.0,1192.0,2884.0,5181.0,4949.0,4949.0,2019.0,865.0,833.0,359.0
1.0,6587.0,456.0,2800.0,9054.0,0.0,0.0,1960.0,840.0,310.0,146.0
1.0,15185.0,2156.0,2745.0,4949.0,0.0,0.0,1921.0,824.0,1501.0,655.0
1.0,17978.0,4634.0,2776.0,0.0,0.0,0.0,1943.0,833.0,3247.0,1387.0
1.0,13344.0,5316.0,2861.0,0.0,3416.0,3416.0,2003.0,858.0,3733.0,1583.0
1.0,8028.0,3450.0,2915.0,0.0,7082.0,7082.0,2041.0,874.0,2422.0,1028.0
1.0,4578.0,1007.0,2887.0,3416.0,4561.0,4561.0,2021.0,866.0,700.0,307.0
1.0,6987.0,306.0,2803.0,7082.0,0.0,0.0,1962.0,841.0,201.0,105.0
1.0,13763.0,2095.0,2748.0,4561.0,0.0,0.0,1923.0,825.0,1459.0,636.0
1.0,16229.0,4563.0,2779.0,0.0,0.0,0.0,1945.0,834.0,3201.0,1362.0
1.0,11666.0,5273.0,2864.0,0.0,5063.0,5063.0,2005.0,859.0,3704.0,1569.0
1.0,6393.0,3517.0,2918.0,0.0,8796.0,8796.0,2043.0,875.0,2468.0,1049.0
1.0,2876.0,1114.0,2887.0,5063.0,4723.0,4723.0,2021.0,866.0,773.0,341.0
1.0,6825.0,484.0,2803.0,8796.0,0.0,0.0,1962.0,841.0,327.0,157.0
1.0,15137.0,2313.0,2749.0,4723.0,0.0,0.0,1924.0,825.0,1614.0,699.0
1.0,17547.0,4713.0,2780.0,0.0,0.0,0.0,1946.0,834.0,3306.0,1407.0
1.0,12834.0,5331.0,2866.0,0.0,3961.0,3961.0,2006.0,860.0,3742.0,1589.0
1.0,7503.0,3486.0,2921.0,0.0,7667.0,7667.0,2045.0,876.0,2445.0,1041.0
1.0,4017.0,979.0,2892.0,3961.0,4569.0,4569.0,2025.0,867.0,680.0,299.0
1.0,6999.0,276.0,2807.0,7667.0,0.0,0.0,1965.0,842.0,183.0,93.0
1.0,14390.0,2077.0,2752.0,4569.0,0.0,0.0,1926.0,826.0,1449.0,628.0
1.0,16882.0,4561.0,2780.0,0.0,0.0,0.0,1946.0,834.0,3198.0,1363.0
1.0,12321.0,5329.0,2867.0,0.0,4476.0,4476.0,2007.0,860.0,3739.0,1590.0
1.0,6992.0,3591.0,2925.0,0.0,8299.0,8299.0,2048.0,877.0,2517.0,1074.0
1.0,3401.0,1061.0,2896.0,4476.0,4768.0,4768.0,2027.0,869.0,737.0,324.0
1.0,6816.0,349.0,2809.0,8299.0,0.0,0.0,1966.0,843.0,235.0,114.0
1.0,14766.0,2213.0,2752.0,4768.0,0.0,0.0,1926.0,826.0,1547.0,666.0
1.0,17321.0,4771.0,2783.0,0.0,0.0,0.0,1948.0,835.0,3347.0,1424.0
1.0,12550.0,5425.0,2869.0,0.0,4351.0,4351.0,2008.0,861.0,3806.0,1619.0
1.0,7125.0,3606.0,2926.0,0.0,8185.0,8185.0,2048.0,878.0,2528.0,1078.0
1.0,3519.0,1027.0,2897.0,4351.0,4745.0,4745.0,2028.0,869.0,713.0,314.0
1.0,6843.0,271.0,2810.0,8185.0,0.0,0.0,1967.0,843.0,180.0,91.0
1.0,14757.0,2030.0,2752.0,4745.0,0.0,0.0,1926.0,826.0,1416.0,614.0
1.0,17472.0,4564.0,2780.0,0.0,0.0,0.0,1946.0,834.0,3201.0,1363.0
1.0,12908.0,5418.0,2869.0,0.0,3986.0,3986.0,2008.0,861.0,3802.0,1616.0
1.0,7490.0,3704.0,2931.0,0.0,7938.0,7938.0,2052.0,879.0,2597.0,1107.0
1.0,3786.0,1194.0,2907.0,3986.0,5050.0,5050.0,2035.0,872.0,830.0,364.0
1.0,6578.0,312.0,2821.0,7938.0,0.0,0.0,1975.0,846.0,208.0,104.0
1.0,14204.0,2028.0,2759.0,5050.0,0.0,0.0,1931.0,828.0,1416.0,612.0
1.0,17226.0,4657.0,2785.0,0.0,0.0,0.0,1949.0,836.0,3265.0,1392.0
1.0,12569.0,5556.0,2874.0,0.0,4483.0,4483.0,2012.0,862.0,3898.0,1658.0
1.0,7013.0,3772.0,2938.0,0.0,8511.0,8511.0,2057.0,881.0,2645.0,1127.0
1.0,3241.0,1117.0,2915.0,4483.0,5053.0,5053.0,2041.0,874.0,776.0,341.0
1.0,6607.0,253.0,2830.0,8511.0,0.0,0.0,1981.0,849.0,168.0,85.0
1.0,14865.0,1971.0,2767.0,5053.0,0.0,0.0,1937.0,830.0,1376.0,595.0
1.0,17947.0,4503.0,2789.0,0.0,0.0,0.0,1952.0,837.0,3157.0,1346.0
1.0,13444.0,5314.0,2874.0,0.0,3366.0,3366.0,2012.0,862.0,3728.0,1586.0
1.0,8130.0,3696.0,2940.0,0.0,7326.0,7326.0,2058.0,882.0,2589.0,1107.0
1.0,4434.0,1247.0,2922.0,3366.0,5135.0,5135.0,2046.0,876.0,869.0,378.0
1.0,6553.0,357.0,2840.0,7326.0,0.0,0.0,1988.0,852.0,244.0,113.0
1.0,13522.0,1952.0,2773.0,5135.0,0.0,0.0,1941.0,832.0,1364.0,588.0
1.0,16705.0,4491.0,2790.0,0.0,0.0,0.0,1953.0,837.0,3147.0,1344.0
1.0,12214.0,5464.0,2872.0,0.0,4738.0,4738.0,2010.0,862.0,3830.0,1634.0
1.0,6750.0,3929.0,2939.0,0.0,8935.0,8935.0,2057.0,882.0,2752.0,1177.0
1.0,2821.0,1463.0,2926.0,4738.0,5608.0,5608.0,2048.0,878.0,1019.0,444.0
1.0,6096.0,440.0,2845.0,8935.0,0.0,0.0,1991.0,854.0,301.0,139.0
1.0,14591.0,1887.0,2779.0,5608.0,0.0,0.0,1945.0,834.0,1320.0,567.0
1.0,18312.0,4298.0,2795.0,0.0,0.0,0.0,1956.0,839.0,3013.0,1285.0
1.0,14014.0,5180.0,2876.0,0.0,2670.0,2670.0,2013.0,863.0,3633.0,1547.0
1.0,8834.0,3716.0,2941.0,0.0,6646.0,6646.0,2059.0,882.0,2602.0,1114.0
1.0,5118.0,1279.0,2925.0,2670.0,5191.0,5191.0,2048.0,877.0,891.0,388.0
1.0,6509.0,380.0,2845.0,6646.0,0.0,0.0,1991.0,854.0,259.0,121.0
1.0,12775.0,1981.0,2782.0,5191.0,0.0,0.0,1947.0,835.0,1385.0,596.0
1.0,15985.0,4505.0,2801.0,0.0,0.0,0.0,1960.0,841.0,3157.0,1348.0
1.0,11480.0,5441.0,2884.0,0.0,5497.0,5497.0,2019.0,865.0,3815.0,1626.0
1.0,6039.0,3809.0,2948.0,0.0,9562.0,9562.0,2064.0,884.0,2668.0,1141.0
1.0,2230.0,1255.0,2927.0,5497.0,5236.0,5236.0,2049.0,878.0,877.0,378.0
1.0,6472.0,435.0,2846.0,9562.0,0.0,0.0,1992.0,854.0,300.0,135.0
1.0,15599.0,2173.0,2785.0,5236.0,0.0,0.0,1949.0,836.0,1519.0,654.0
1.0,18662.0,4649.0,2806.0,0.0,0.0,0.0,1964.0,842.0,3255.0,1394.0
1.0,14013.0,5327.0,2890.0,0.0,2874.0,2874.0,2023.0,867.0,3732.0,1595.0
1.0,8686.0,3574.0,2954.0,0.0,6704.0,6704.0,2068.0,886.0,2505.0,1069.0
1.0,5112.0,1057.0,2934.0,2874.0,4807.0,4807.0,2054.0,880.0,738.0,319.0
1.0,6929.0,224.0,2851.0,6704.0,0.0,0.0,1996.0,855.0,153.0,71.0
1.0,13409.0,2095.0,2789.0,4807.0,0.0,0.0,1952.0,837.0,1464.0,631.0
1.0,16121.0,4714.0,2810.0,0.0,0.0,0.0,1967.0,843.0,3301.0,1413.0
1.0,11407.0,5534.0,2896.0,0.0,5711.0,5711.0,2027.0,869.0,3876.0,1658.0
1.0,5873.0,3691.0,2960.0,0.0,9658.0,9658.0,2072.0,888.0,2585.0,1106.0
1.0,2182.0,1138.0,2940.0,5711.0,5005.0,5005.0,2058.0,882.0,797.0,341.0
1.0,6755.0,447.0,2857.0,9658.0,0.0,0.0,2000.0,857.0,313.0,134.0
1.0,15966.0,2264.0,2796.0,5005.0,0.0,0.0,1957.0,839.0,1583.0,681.0
1.0,18707.0,4800.0,2819.0,0.0,0.0,0.0,1973.0,846.0,3359.0,1441.0
1.0,13907.0,5440.0,2903.0,0.0,3145.0,3145.0,2032.0,871.0,3809.0,1631.0
1.0,8467.0,3420.0,2964.0,0.0,6809.0,6809.0,2075.0,889.0,2395.0,1025.0
1.0,5047.0,827.0,2941.0,3145.0,4399.0,4399.0,2059.0,882.0,580.0,247.0
1.0,7365.0,223.0,2857.0,6809.0,0.0,0.0,2000.0,857.0,156.0,67.0
1.0,13951.0,2201.0,2796.0,4399.0,0.0,0.0,1957.0,839.0,1538.0,663.0
1.0,16149.0,4815.0,2818.0,0.0,0.0,0.0,1972.0,846.0,3368.0,1447.0
1.0,11334.0,5504.0,2900.0,0.0,5770.0,5770.0,2030.0,870.0,3853.0,1651.0
1.0,5830.0,3560.0,2963.0,0.0,9582.0,9582.0,2074.0,889.0,2496.0,1064.0
1.0,2270.0,940.0,2941.0,5770.0,4664.0,4664.0,2059.0,882.0,662.0,278.0
1.0,7100.0,353.0,2859.0,9582.0,0.0,0.0,2001.0,858.0,247.0,106.0
1.0,16329.0,2410.0,2799.0,4664.0,0.0,0.0,1959.0,840.0,1681.0,729.0
1.0,18583.0,5047.0,2823.0,0.0,0.0,0.0,1976.0,847.0,3528.0,1519.0
1.0,13536.0,5584.0,2909.0,0.0,3684.0,3684.0,2036.0,873.0,3908.0,1676.0
1.0,7952.0,3440.0,2970.0,0.0,7368.0,7368.0,2079.0,891.0,2412.0,1028.0
1.0,4512.0,784.0,2947.0,3684.0,4376.0,4376.0,2063.0,884.0,555.0,229.0
1.0,7412.0,195.0,2864.0,7368.0,0.0,0.0,2005.0,859.0,140.0,55.0
1.0,14585.0,2323.0,2807.0,4376.0,0.0,0.0,1965.0,842.0,1623.0,700.0
1.0,16638.0,4980.0,2832.0,0.0,0.0,0.0,1982.0,850.0,3478.0,1502.0
1.0,11658.0,5490.0,2913.0,0.0,5484.0,5484.0,2039.0,874.0,3838.0,1652.0
1.0,6168.0,3359.0,2971.0,0.0,9075.0,9075.0,2080.0,891.0,2355.0,1004.0
1.0,2809.0,756.0,2948.0,5484.0,4255.0,4255.0,2064.0,884.0,538.0,218.0
1.0,7537.0,362.0,2868.0,9075.0,0.0,0.0,2008.0,860.0,257.0,105.0
1.0,16250.0,2509.0,2812.0,4255.0,0.0,0.0,1968.0,844.0,1751.0,758.0
1.0,17996.0,5147.0,2835.0,0.0,0.0,0.0,1984.0,851.0,3594.0,1553.0
1.0,12849.0,5611.0,2915.0,0.0,4422.0,4422.0,2040.0,875.0,3924.0,1687.0
1.0,7238.0,3447.0,2973.0,0.0,8101.0,8101.0,2081.0,892.0,2419.0,1028.0
1.0,3791.0,824.0,2953.0,4422.0,4423.0,4423.0,2067.0,886.0,585.0,239.0
1.0,7389.0,304.0,2875.0,8101.0,0.0,0.0,2013.0,862.0,216.0,88.0
1.0,15186.0,2338.0,2820.0,4423.0,0.0,0.0,1974.0,846.0,1633.0,705.0
1.0,17271.0,4905.0,2843.0,0.0,0.0,0.0,1990.0,853.0,3425.0,1480.0
1.0,12366.0,5434.0,2923.0,0.0,4760.0,4760.0,2046.0,877.0,3800.0,1634.0
1.0,6932.0,3434.0,2983.0,0.0,8434.0,8434.0,2088.0,895.0,2407.0,1027.0
1.0,3498.0,864.0,2961.0,4760.0,4450.0,4450.0,2073.0,888.0,612.0,252.0
1.0,7394.0,329.0,2880.0,8434.0,0.0,0.0,2016.0,864.0,234.0,95.0
1.0,15499.0,2367.0,2821.0,4450.0,0.0,0.0,1975.0,846.0,1653.0,714.0
1.0,17582.0,4978.0,2843.0,0.0,0.0,0.0,1990.0,853.0,3478.0,1500.0
1.0,12604.0,5551.0,2926.0,0.0,4651.0,4651.0,2048.0,878.0,3884.0,1667.0
1.0,7053.0,3516.0,2986.0,0.0,8407.0,8407.0,2090.0,896.0,2465.0,1051.0
1.0,3537.0,884.0,2961.0,4651.0,4540.0,4540.0,2073.0,888.0,623.0,261.0
1.0,7304.0,258.0,2877.0,8407.0,0.0,0.0,2014.0,863.0,181.0,77.0
1.0,15453.0,2244.0,2817.0,4540.0,0.0,0.0,1972.0,845.0,1567.0,677.0
1.0,17749.0,4818.0,2842.0,0.0,0.0,0.0,1989.0,853.0,3371.0,1447.0
1.0,12931.0,5415.0,2925.0,0.0,4184.0,4184.0,2047.0,878.0,3790.0,1625.0
1.0,7516.0,3509.0,2988.0,0.0,7945.0,7945.0,2092.0,896.0,2457.0,1052.0
1.0,4007.0,928.0,2966.0,4184.0,4601.0,4601.0,2076.0,890.0,652.0,276.0
1.0,7263.0,366.0,2882.0,7945.0,0.0,0.0,2017.0,865.0,256.0,110.0
1.0,14842.0,2365.0,2821.0,4601.0,0.0,0.0,1975.0,846.0,1654.0,711.0
1.0,17078.0,4953.0,2846.0,0.0,0.0,0.0,1992.0,854.0,3467.0,1486.0
1.0,12125.0,5626.0,2932.0,0.0,5229.0,5229.0,2052.0,880.0,3937.0,1689.0
1.0,6499.0,3638.0,2993.0,0.0,9111.0,9111.0,2095.0,898.0,2548.0,1090.0
1.0,2861.0,985.0,2969.0,5229.0,4771.0,4771.0,2078.0,891.0,689.0,296.0
1.0,7105.0,358.0,2883.0,9111.0,0.0,0.0,2018.0,865.0,250.0,108.0
1.0,15858.0,2306.0,2823.0,4771.0,0.0,0.0,1976.0,847.0,1614.0,692.0
1.0,18323.0,4825.0,2850.0,0.0,0.0,0.0,1995.0,855.0,3379.0,1446.0
1.0,13498.0,5481.0,2939.0,0.0,3739.0,3739.0,2057.0,882.0,3838.0,1643.0
1.0,8017.0,3528.0,3003.0,0.0,7523.0,7523.0,2102.0,901.0,2469.0,1059.0
1.0,4489.0,929.0,2979.0,3739.0,4617.0,4617.0,2085.0,894.0,647.0,282.0
1.0,7299.0,268.0,2891.0,7523.0,0.0,0.0,2024.0,867.0,186.0,82.0
1.0,14554.0,2242.0,2829.0,4617.0,0.0,0.0,1980.0,849.0,1571.0,671.0
1.0,16929.0,4895.0,2854.0,0.0,0.0,0.0,1998.0,856.0,3431.0,1464.0
1.0,12034.0,5619.0,2944.0,0.0,5361.0,5361.0,2061.0,883.0,3935.0,1684.0
1.0,6415.0,3685.0,3008.0,0.0,9302.0,9302.0,2105.0,903.0,2575.0,1110.0
1.0,2730.0,1009.0,2981.0,5361.0,4842.0,4842.0,2087.0,894.0,703.0,306.0
1.0,7082.0,415.0,2892.0,9302.0,0.0,0.0,2024.0,868.0,290.0,125.0
1.0,15969.0,2384.0,2830.0,4842.0,0.0,0.0,1981.0,849.0,1673.0,711.0
1.0,18427.0,4902.0,2858.0,0.0,0.0,0.0,2001.0,857.0,3436.0,1466.0
1.0,13525.0,5387.0,2947.0,0.0,3650.0,3650.0,2063.0,884.0,3770.0,1617.0
1.0,8138.0,3395.0,3009.0,0.0,7293.0,7293.0,2106.0,903.0,2372.0,1023.0
1.0,4743.0,887.0,2981.0,3650.0,4418.0,4418.0,2086.0,895.0,617.0,270.0
1.0,7506.0,333.0,2892.0,7293.0,0.0,0.0,2024.0,868.0,234.0,99.0
1.0,14466.0,2309.0,2830.0,4418.0,0.0,0.0,1981.0,849.0,1621.0,688.0
1.0,16575.0,4836.0,2859.0,0.0,0.0,0.0,2001.0,858.0,3389.0,1447.0
1.0,11739.0,5487.0,2950.0,0.0,5548.0,5548.0,2065.0,885.0,3838.0,1649.0
1.0,6252.0,3629.0,3013.0,0.0,9429.0,9429.0,2109.0,904.0,2534.0,1095.0
1.0,2623.0,1170.0,2987.0,5548.0,4947.0,4947.0,2091.0,896.0,815.0,355.0
1.0,7001.0,527.0,2898.0,9429.0,0.0,0.0,2029.0,869.0,374.0,153.0
1.0,15903.0,2389.0,2836.0,4947.0,0.0,0.0,1985.0,851.0,1680.0,709.0
1.0,18461.0,4843.0,2863.0,0.0,0.0,0.0,2004.0,859.0,3393.0,1450.0
1.0,13618.0,5452.0,2952.0,0.0,3642.0,3642.0,2066.0,886.0,3812.0,1640.0
1.0,8166.0,3572.0,3015.0,0.0,7466.0,7466.0,2110.0,905.0,2493.0,1079.0
1.0,4594.0,1071.0,2990.0,3642.0,4795.0,4795.0,2093.0,897.0,746.0,325.0
1.0,7165.0,395.0,2903.0,7466.0,0.0,0.0,2032.0,871.0,280.0,115.0
1.0,14236.0,2184.0,2841.0,4795.0,0.0,0.0,1989.0,852.0,1536.0,648.0
1.0,16847.0,4718.0,2866.0,0.0,0.0,0.0,2006.0,860.0,3306.0,1412.0
1.0,12129.0,5438.0,2954.0,0.0,5125.0,5125.0,2068.0,886.0,3804.0,1634.0
1.0,6691.0,3669.0,3018.0,0.0,9050.0,9050.0,2112.0,906.0,2562.0,1107.0
1.0,3022.0,1178.0,2995.0,5125.0,5011.0,5011.0,2096.0,899.0,819.0,359.0
1.0,6969.0,525.0,2910.0,9050.0,0.0,0.0,2037.0,873.0,369.0,156.0
1.0,15494.0,2331.0,2847.0,5011.0,0.0,0.0,1993.0,854.0,1640.0,691.0
1.0,18174.0,4836.0,2873.0,0.0,0.0,0.0,2011.0,862.0,3390.0,1446.0
1.0,13338.0,5488.0,2961.0,0.0,3994.0,3994.0,2073.0,888.0,3838.0,1650.0
1.0,7850.0,3650.0,3027.0,0.0,7908.0,7908.0,2119.0,908.0,2546.0,1104.0
1.0,4200.0,1138.0,3006.0,3994.0,4968.0,4968.0,2104.0,902.0,792.0,346.0
1.0,7056.0,421.0,2920.0,7908.0,0.0,0.0,2044.0,876.0,297.0,124.0
1.0,14543.0,2193.0,2859.0,4968.0,0.0,0.0,2001.0,858.0,1543.0,650.0
1.0,17318.0,4694.0,2881.0,0.0,0.0,0.0,2017.0,864.0,3291.0,1403.0
1.0,12624.0,5415.0,2968.0,0.0,4663.0,4663.0,2078.0,890.0,3786.0,1629.0
1.0,7209.0,3599.0,3030.0,0.0,8510.0,8510.0,2121.0,909.0,2512.0,1087.0
1.0,3610.0,1165.0,3007.0,4663.0,4920.0,4920.0,2105.0,902.0,810.0,355.0
1.0,7108.0,573.0,2923.0,8510.0,0.0,0.0,2046.0,877.0,404.0,169.0
1.0,15045.0,2498.0,2863.0,4920.0,0.0,0.0,2004.0,859.0,1758.0,740.0
1.0,17467.0,4977.0,2888.0,0.0,0.0,0.0,2022.0,866.0,3489.0,1488.0
1.0,12490.0,5559.0,2977.0,0.0,4977.0,4977.0,2084.0,893.0,3888.0,1671.0
1.0,6931.0,3537.0,3037.0,0.0,8754.0,8754.0,2126.0,911.0,2466.0,1071.0
1.0,3394.0,921.0,3011.0,4977.0,4594.0,4594.0,2107.0,904.0,639.0,282.0
1.0,7450.0,341.0,2925.0,8754.0,0.0,0.0,2047.0,878.0,241.0,100.0
1.0,15863.0,2295.0,2863.0,4594.0,0.0,0.0,2004.0,859.0,1616.0,679.0
1.0,18162.0,4800.0,2888.0,0.0,0.0,0.0,2022.0,866.0,3366.0,1434.0
1.0,13362.0,5452.0,2974.0,0.0,3986.0,3986.0,2082.0,892.0,3814.0,1638.0
1.0,7910.0,3509.0,3037.0,0.0,7747.0,7747.0,2126.0,911.0,2448.0,1061.0
1.0,4401.0,991.0,3013.0,3986.0,4656.0,4656.0,2109.0,904.0,686.0,305.0
1.0,7396.0,491.0,2929.0,7747.0,0.0,0.0,2050.0,879.0,345.0,146.0
1.0,14652.0,2565.0,2870.0,4656.0,0.0,0.0,2009.0,861.0,1803.0,762.0
1.0,16743.0,5158.0,2898.0,0.0,7.0,7.0,2029.0,869.0,3619.0,1539.0
1.0,11585.0,5662.0,2987.0,0.0,6025.0,6025.0,2091.0,896.0,3963.0,1699.0
1.0,5923.0,3524.0,3047.0,7.0,9782.0,9782.0,2133.0,914.0,2457.0,1067.0
1.0,2406.0,795.0,3016.0,6025.0,4428.0,4428.0,2111.0,905.0,550.0,245.0
1.0,7636.0,265.0,2928.0,9782.0,0.0,0.0,2049.0,879.0,187.0,78.0
1.0,17153.0,2428.0,2870.0,4428.0,0.0,0.0,2009.0,861.0,1709.0,719.0
1.0,19153.0,5112.0,2904.0,0.0,0.0,0.0,2033.0,871.0,3586.0,1526.0
1.0,14041.0,5639.0,2995.0,0.0,3578.0,3578.0,2097.0,898.0,3944.0,1695.0
1.0,8402.0,3495.0,3056.0,0.0,7317.0,7317.0,2139.0,917.0,2438.0,1057.0
1.0,4907.0,817.0,3027.0,3578.0,4440.0,4440.0,2119.0,908.0,565.0,252.0
1.0,7668.0,289.0,2939.0,7317.0,0.0,0.0,2057.0,882.0,202.0,87.0
1.0,14696.0,2499.0,2882.0,4440.0,0.0,0.0,2017.0,865.0,1757.0,742.0
1.0,16637.0,5196.0,2913.0,0.0,211.0,211.0,2039.0,874.0,3645.0,1551.0
1.0,11441.0,5771.0,3001.0,0.0,6334.0,6334.0,2101.0,900.0,4041.0,1730.0
1.0,5670.0,3634.0,3060.0,211.0,9993.0,9993.0,2142.0,918.0,2536.0,1098.0
1.0,2247.0,941.0,3033.0,6334.0,4492.0,4492.0,2123.0,910.0,651.0,290.0
1.0,7640.0,340.0,2946.0,9993.0,0.0,0.0,2062.0,884.0,238.0,102.0
1.0,17293.0,2383.0,2887.0,4492.0,0.0,0.0,2021.0,866.0,1676.0,707.0
1.0,19402.0,5023.0,2915.0,0.0,0.0,0.0,2041.0,874.0,3524.0,1499.0
1.0,14379.0,5560.0,3001.0,0.0,3185.0,3185.0,2101.0,900.0,3892.0,1668.0
1.0,8819.0,3498.0,3061.0,0.0,6923.0,6923.0,2143.0,918.0,2439.0,1059.0
1.0,5321.0,878.0,3036.0,3185.0,4516.0,4516.0,2125.0,911.0,606.0,272.0
1.0,7628.0,331.0,2952.0,6923.0,0.0,0.0,2066.0,886.0,233.0,98.0
1.0,14220.0,2366.0,2893.0,4516.0,0.0,0.0,2025.0,868.0,1666.0,700.0
1.0,16370.0,4993.0,2918.0,0.0,295.0,295.0,2043.0,875.0,3504.0,1489.0
1.0,11377.0,5606.0,3003.0,0.0,6241.0,6241.0,2102.0,901.0,3924.0,1682.0
1.0,5771.0,3689.0,3064.0,295.0,9879.0,9879.0,2145.0,919.0,2572.0,1117.0
1.0,2377.0,1135.0,3041.0,6241.0,4681.0,4681.0,2128.0,913.0,786.0,349.0
1.0,7483.0,492.0,2958.0,9879.0,0.0,0.0,2070.0,888.0,346.0,146.0
1.0,16870.0,2377.0,2897.0,4681.0,0.0,0.0,2028.0,869.0,1674.0,703.0
1.0,19174.0,4914.0,2922.0,0.0,0.0,0.0,2046.0,876.0,3447.0,1467.0
1.0,14260.0,5496.0,3006.0,0.0,3260.0,3260.0,2104.0,902.0,3844.0,1652.0
1.0,8764.0,3538.0,3066.0,0.0,7038.0,7038.0,2146.0,920.0,2466.0,1072.0
1.0,5226.0,1040.0,3043.0,3260.0,4726.0,4726.0,2130.0,913.0,722.0,318.0
1.0,7446.0,408.0,2961.0,7038.0,0.0,0.0,2072.0,889.0,290.0,118.0
1.0,14076.0,2287.0,2901.0,4726.0,0.0,0.0,2031.0,870.0,1611.0,676.0
1.0,16515.0,4900.0,2926.0,0.0,89.0,89.0,2048.0,878.0,3435.0,1465.0
1.0,11615.0,5592.0,3011.0,0.0,6021.0,6021.0,2108.0,903.0,3909.0,1683.0
1.0,6023.0,3675.0,3071.0,89.0,9847.0,9847.0,2150.0,921.0,2562.0,1113.0
1.0,2437.0,1156.0,3045.0,6021.0,4878.0,4878.0,2131.0,914.0,804.0,352.0
1.0,7302.0,554.0,2960.0,9847.0,0.0,0.0,2072.0,888.0,393.0,161.0
1.0,16595.0,2441.0,2900.0,4878.0,0.0,0.0,2030.0,870.0,1719.0,722.0
1.0,19032.0,4903.0,2927.0,0.0,0.0,0.0,2049.0,878.0,3437.0,1466.0
1.0,14129.0,5429.0,3013.0,0.0,3352.0,3352.0,2109.0,904.0,3796.0,1633.0
1.0,8700.0,3514.0,3074.0,0.0,7110.0,7110.0,2152.0,922.0,2451.0,1063.0
1.0,5186.0,1145.0,3052.0,3352.0,4815.0,4815.0,2136.0,916.0,797.0,348.0
1.0,7393.0,617.0,2972.0,7110.0,0.0,0.0,2080.0,892.0,436.0,181.0
1.0,13886.0,2362.0,2912.0,4815.0,0.0,0.0,2038.0,874.0,1661.0,701.0
1.0,16339.0,4698.0,2935.0,0.0,99.0,99.0,2055.0,880.0,3294.0,1404.0
1.0,11641.0,5296.0,3018.0,0.0,5727.0,5727.0,2113.0,905.0,3705.0,1591.0
1.0,6345.0,3533.0,3076.0,99.0,9393.0,9393.0,2153.0,923.0,2464.0,1069.0
1.0,2911.0,1297.0,3052.0,5727.0,4867.0,4867.0,2136.0,916.0,901.0,396.0
1.0,7341.0,754.0,2967.0,9393.0,0.0,0.0,2077.0,890.0,529.0,225.0
1.0,15980.0,2499.0,2906.0,4867.0,0.0,0.0,2034.0,872.0,1757.0,742.0
1.0,18348.0,4733.0,2930.0,0.0,0.0,0.0,2051.0,879.0,3321.0,1412.0
1.0,13615.0,5283.0,3015.0,0.0,3728.0,3728.0,2111.0,904.0,3698.0,1585.0
1.0,8332.0,3543.0,3079.0,0.0,7527.0,7527.0,2155.0,924.0,2472.0,1071.0
1.0,4789.0,1294.0,3057.0,3728.0,5005.0,5005.0,2140.0,917.0,899.0,395.0
1.0,7223.0,773.0,2973.0,7527.0,0.0,0.0,2081.0,892.0,541.0,232.0
1.0,13977.0,2500.0,2913.0,5005.0,0.0,0.0,2039.0,874.0,1758.0,742.0
1.0,16482.0,4745.0,2937.0,0.0,11.0,11.0,2056.0,881.0,3327.0,1418.0
1.0,11737.0,5210.0,3021.0,0.0,5557.0,5557.0,2115.0,906.0,3646.0,1564.0
1.0,6527.0,3501.0,3084.0,11.0,9299.0,9299.0,2159.0,925.0,2445.0,1056.0
1.0,3037.0,1293.0,3060.0,5557.0,4939.0,4939.0,2142.0,918.0,899.0,394.0
1.0,7301.0,810.0,2976.0,9299.0,0.0,0.0,2083.0,893.0,568.0,242.0
1.0,15790.0,2611.0,2915.0,4939.0,0.0,0.0,2040.0,875.0,1835.0,776.0
1.0,18118.0,4928.0,2940.0,0.0,0.0,0.0,2058.0,882.0,3454.0,1474.0
1.0,13190.0,5410.0,3026.0,0.0,4324.0,4324.0,2118.0,908.0,3784.0,1626.0
1.0,7780.0,3620.0,3089.0,0.0,8196.0,8196.0,2162.0,927.0,2529.0,1091.0
1.0,4160.0,1246.0,3067.0,4324.0,5030.0,5030.0,2147.0,920.0,867.0,379.0
1.0,7238.0,596.0,2982.0,8196.0,0.0,0.0,2087.0,895.0,420.0,176.0
1.0,14838.0,2348.0,2920.0,5030.0,0.0,0.0,2044.0,876.0,1650.0,698.0
1.0,17520.0,4647.0,2943.0,0.0,0.0,0.0,2060.0,883.0,3255.0,1392.0
1.0,12873.0,5270.0,3027.0,0.0,4505.0,4505.0,2119.0,908.0,3686.0,1584.0
1.0,7603.0,3609.0,3090.0,0.0,8366.0,8366.0,2163.0,927.0,2521.0,1088.0
1.0,3994.0,1339.0,3070.0,4505.0,5120.0,5120.0,2149.0,921.0,936.0,403.0
1.0,7160.0,812.0,2990.0,8366.0,0.0,0.0,2093.0,897.0,572.0,240.0
1.0,14714.0,2508.0,2930.0,5120.0,0.0,0.0,2051.0,879.0,1762.0,746.0
1.0,17326.0,4745.0,2950.0,0.0,0.0,0.0,2065.0,885.0,3323.0,1422.0
1.0,12581.0,5353.0,3031.0,0.0,4896.0,4896.0,2122.0,909.0,3741.0,1612.0
1.0,7228.0,3674.0,3093.0,0.0,8818.0,8818.0,2165.0,928.0,2564.0,1110.0
1.0,3554.0,1408.0,3074.0,4896.0,5254.0,5254.0,2152.0,922.0,985.0,423.0
1.0,7042.0,742.0,2994.0,8818.0,0.0,0.0,2096.0,898.0,527.0,215.0
1.0,15118.0,2383.0,2934.0,5254.0,0.0,0.0,2054.0,880.0,1675.0,708.0
1.0,17989.0,4598.0,2954.0,0.0,0.0,0.0,2068.0,886.0,3218.0,1380.0
1.0,13391.0,5174.0,3034.0,0.0,3919.0,3919.0,2124.0,910.0,3617.0,1557.0
1.0,8217.0,3584.0,3096.0,0.0,7751.0,7751.0,2167.0,929.0,2503.0,1081.0
1.0,4633.0,1398.0,3078.0,3919.0,5158.0,5158.0,2154.0,924.0,979.0,419.0
1.0,7154.0,841.0,3000.0,7751.0,0.0,0.0,2100.0,900.0,595.0,246.0
1.0,14064.0,2510.0,2940.0,5158.0,0.0,0.0,2058.0,882.0,1761.0,749.0
1.0,16712.0,4709.0,2961.0,0.0,0.0,0.0,2073.0,888.0,3295.0,1414.0
1.0,12003.0,5271.0,3040.0,0.0,5428.0,5428.0,2128.0,912.0,3684.0,1587.0
1.0,6732.0,3631.0,3099.0,0.0,9295.0,9295.0,2169.0,930.0,2537.0,1094.0
1.0,3101.0,1460.0,3080.0,5428.0,5251.0,5251.0,2156.0,924.0,1024.0,436.0
1.0,7069.0,903.0,3003.0,9295.0,0.0,0.0,2102.0,901.0,636.0,267.0
1.0,15461.0,2460.0,2946.0,5251.0,0.0,0.0,2062.0,884.0,1725.0,735.0
1.0,18252.0,4570.0,2966.0,0.0,0.0,0.0,2076.0,890.0,3198.0,1372.0
1.0,13682.0,5102.0,3043.0,0.0,3592.0,3592.0,2130.0,913.0,3567.0,1535.0
1.0,8580.0,3437.0,3097.0,0.0,7245.0,7245.0,2168.0,929.0,2401.0,1036.0
1.0,5143.0,1254.0,3075.0,3592.0,4819.0,4819.0,2152.0,923.0,877.0,377.0
1.0,7481.0,817.0,3000.0,7245.0,0.0,0.0,2100.0,900.0,577.0,240.0
1.0,13909.0,2654.0,2950.0,4819.0,0.0,0.0,2065.0,885.0,1862.0,792.0
1.0,16074.0,4921.0,2977.0,0.0,755.0,755.0,2084.0,893.0,3446.0,1475.0
1.0,11153.0,5324.0,3054.0,0.0,6387.0,6387.0,2138.0,916.0,3724.0,1600.0
1.0,5829.0,3490.0,3107.0,755.0,9334.0,9334.0,2175.0,932.0,2437.0,1053.0
1.0,3094.0,1240.0,3082.0,6387.0,4087.0,4087.0,2157.0,925.0,866.0,374.0
1.0,8241.0,797.0,3006.0,9334.0,0.0,0.0,2104.0,902.0,562.0,235.0
1.0,16778.0,2674.0,2956.0,4087.0,0.0,0.0,2069.0,887.0,1876.0,798.0
1.0,18191.0,4925.0,2983.0,0.0,0.0,0.0,2088.0,895.0,3449.0,1476.0
1.0,13266.0,5267.0,3060.0,0.0,4241.0,4241.0,2142.0,918.0,3684.0,1583.0
1.0,7999.0,3311.0,3108.0,0.0,7744.0,7744.0,2176.0,932.0,2312.0,999.0
1.0,4688.0,1020.0,3080.0,4241.0,4411.0,4411.0,2156.0,924.0,711.0,309.0
1.0,7909.0,691.0,3002.0,7744.0,0.0,0.0,2101.0,901.0,488.0,203.0
1.0,14962.0,2666.0,2953.0,4411.0,0.0,0.0,2067.0,886.0,1872.0,794.0
1.0,16707.0,5026.0,2983.0,0.0,251.0,251.0,2088.0,895.0,3520.0,1506.0
1.0,11681.0,5393.0,3061.0,0.0,5956.0,5956.0,2143.0,918.0,3771.0,1622.0
1.0,6288.0,3429.0,3111.0,251.0,9334.0,9334.0,2178.0,933.0,2396.0,1033.0
1.0,3110.0,1120.0,3083.0,5956.0,4386.0,4386.0,2158.0,925.0,784.0,336.0
1.0,7946.0,804.0,3003.0,9334.0,0.0,0.0,2102.0,901.0,567.0,237.0
1.0,16476.0,2774.0,2953.0,4386.0,0.0,0.0,2067.0,886.0,1946.0,828.0
1.0,18088.0,5038.0,2980.0,0.0,0.0,0.0,2086.0,894.0,3525.0,1513.0
1.0,13050.0,5324.0,3059.0,0.0,4510.0,4510.0,2141.0,918.0,3721.0,1603.0
1.0,7726.0,3310.0,3110.0,0.0,8024.0,8024.0,2177.0,933.0,2314.0,996.0
1.0,4416.0,992.0,3085.0,4510.0,4406.0,4406.0,2159.0,926.0,697.0,295.0
1.0,7934.0,666.0,3009.0,8024.0,0.0,0.0,2106.0,903.0,470.0,196.0
1.0,15292.0,2609.0,2957.0,4406.0,0.0,0.0,2070.0,887.0,1830.0,779.0
1.0,17089.0,4949.0,2983.0,0.0,0.0,0.0,2088.0,895.0,3461.0,1488.0
1.0,12140.0,5441.0,3061.0,0.0,5545.0,5545.0,2143.0,918.0,3803.0,1638.0
1.0,6699.0,3552.0,3114.0,0.0,9309.0,9309.0,2180.0,934.0,2484.0,1068.0
1.0,3147.0,1171.0,3089.0,5545.0,4835.0,4835.0,2162.0,927.0,824.0,347.0
1.0,7521.0,717.0,3011.0,9309.0,0.0,0.0,2108.0,903.0,509.0,208.0
1.0,16113.0,2626.0,2959.0,4835.0,0.0,0.0,2071.0,888.0,1841.0,785.0
1.0,18322.0,5081.0,2986.0,0.0,0.0,0.0,2090.0,896.0,3551.0,1530.0
1.0,13241.0,5585.0,3066.0,0.0,4608.0,4608.0,2146.0,920.0,3902.0,1683.0
1.0,7656.0,3635.0,3122.0,0.0,8467.0,8467.0,2185.0,937.0,2541.0,1094.0
1.0,4021.0,1071.0,3096.0,4608.0,4826.0,4826.0,2167.0,929.0,754.0,317.0
1.0,7558.0,477.0,3017.0,8467.0,0.0,0.0,2112.0,905.0,343.0,134.0
1.0,15548.0,2419.0,2964.0,4826.0,0.0,0.0,2075.0,889.0,1699.0,720.0
1.0,17955.0,4956.0,2991.0,0.0,0.0,0.0,2094.0,897.0,3466.0,1490.0
1.0,12999.0,5540.0,3070.0,0.0,4821.0,4821.0,2149.0,921.0,3866.0,1674.0
1.0,7459.0,3674.0,3125.0,0.0,8715.0,8715.0,2187.0,938.0,2564.0,1110.0
1.0,3785.0,1178.0,3099.0,4821.0,4968.0,4968.0,2169.0,930.0,829.0,349.0
1.0,7428.0,543.0,3019.0,8715.0,0.0,0.0,2113.0,906.0,392.0,151.0
1.0,15600.0,2491.0,2965.0,4968.0,0.0,0.0,2076.0,889.0,1751.0,740.0
1.0,18077.0,5076.0,2993.0,0.0,0.0,0.0,2095.0,898.0,3550.0,1526.0
1.0,13001.0,5762.0,3076.0,0.0,5065.0,5065.0,2153.0,923.0,4021.0,1741.0
1.0,7239.0,3816.0,3132.0,0.0,9105.0,9105.0,2192.0,940.0,2663.0,1153.0
1.0,3423.0,1100.0,3106.0,5065.0,5036.0,5036.0,2174.0,932.0,774.0,326.0
1.0,7388.0,342.0,3024.0,9105.0,0.0,0.0,2117.0,907.0,250.0,92.0
1.0,16151.0,2237.0,2970.0,5036.0,0.0,0.0,2079.0,891.0,1572.0,665.0
1.0,18950.0,4893.0,2997.0,0.0,0.0,0.0,2098.0,899.0,3422.0,1471.0
1.0,14057.0,5730.0,3083.0,0.0,4005.0,4005.0,2158.0,925.0,4001.0,1729.0
1.0,8327.0,3923.0,3143.0,0.0,8168.0,8168.0,2200.0,943.0,2740.0,1183.0
1.0,4404.0,1283.0,3117.0,4005.0,5342.0,5342.0,2182.0,935.0,902.0,381.0
1.0,7126.0,471.0,3032.0,8168.0,0.0,0.0,2122.0,910.0,338.0,133.0
1.0,14823.0,2334.0,2974.0,5342.0,0.0,0.0,2082.0,892.0,1639.0,695.0
1.0,17831.0,5040.0,3004.0,0.0,0.0,0.0,2103.0,901.0,3523.0,1517.0
1.0,12791.0,5799.0,3091.0,0.0,5372.0,5372.0,2164.0,927.0,4049.0,1750.0
1.0,6992.0,3931.0,3152.0,0.0,9547.0,9547.0,2206.0,946.0,2749.0,1182.0
1.0,3061.0,1233.0,3124.0,5372.0,5296.0,5296.0,2187.0,937.0,871.0,362.0
1.0,7200.0,406.0,3037.0,9547.0,0.0,0.0,2126.0,911.0,292.0,114.0
1.0,16341.0,2242.0,2979.0,5296.0,0.0,0.0,2085.0,894.0,1570.0,672.0
1.0,19395.0,4914.0,3010.0,0.0,0.0,0.0,2107.0,903.0,3431.0,1483.0
1.0,14481.0,5702.0,3100.0,0.0,3621.0,3621.0,2170.0,930.0,3983.0,1719.0
1.0,8779.0,3781.0,3159.0,0.0,7638.0,7638.0,2211.0,948.0,2647.0,1134.0
1.0,4998.0,1116.0,3129.0,3621.0,5013.0,5013.0,2190.0,939.0,791.0,325.0
1.0,7503.0,344.0,3039.0,7638.0,0.0,0.0,2127.0,912.0,249.0,95.0
1.0,14797.0,2315.0,2980.0,5013.0,0.0,0.0,2086.0,894.0,1620.0,695.0
1.0,17495.0,5148.0,3013.0,0.0,0.0,0.0,2109.0,904.0,3593.0,1555.0
1.0,12347.0,5958.0,3106.0,0.0,6035.0,6035.0,2174.0,932.0,4162.0,1796.0
1.0,6389.0,3916.0,3166.0,0.0,10191.0,10191.0,2216.0,950.0,2743.0,1173.0
1.0,2473.0,1097.0,3133.0,6035.0,5121.0,5121.0,2193.0,940.0,778.0,319.0
1.0,7411.0,310.0,3043.0,10191.0,0.0,0.0,2130.0,913.0,224.0,86.0
1.0,17292.0,2329.0,2985.0,5121.0,0.0,0.0,2090.0,895.0,1628.0,701.0
1.0,20084.0,5106.0,3020.0,0.0,0.0,0.0,2114.0,906.0,3566.0,1540.0
1.0,14978.0,5734.0,3110.0,0.0,3196.0,3196.0,2177.0,933.0,4007.0,1727.0
1.0,9244.0,3669.0,3169.0,0.0,7101.0,7101.0,2218.0,951.0,2571.0,1098.0
1.0,5575.0,983.0,3137.0,3196.0,4760.0,4760.0,2196.0,941.0,696.0,287.0
1.0,7788.0,314.0,3048.0,7101.0,0.0,0.0,2134.0,914.0,225.0,89.0
1.0,14575.0,2395.0,2990.0,4760.0,0.0,0.0,2093.0,897.0,1674.0,721.0
1.0,16940.0,5167.0,3021.0,0.0,311.0,311.0,2115.0,906.0,3609.0,1558.0
1.0,11773.0,5947.0,3113.0,0.0,6626.0,6626.0,2179.0,934.0,4157.0,1790.0
1.0,5826.0,3933.0,3175.0,311.0,10496.0,10496.0,2222.0,953.0,2755.0,1178.0
1.0,2204.0,1164.0,3146.0,6626.0,4918.0,4918.0,2202.0,944.0,825.0,339.0
1.0,7666.0,414.0,3057.0,10496.0,0.0,0.0,2140.0,917.0,298.0,116.0
1.0,17748.0,2323.0,2994.0,4918.0,0.0,0.0,2096.0,898.0,1623.0,700.0
1.0,20343.0,5035.0,3021.0,0.0,0.0,0.0,2115.0,906.0,3513.0,1522.0
1.0,15308.0,5819.0,3112.0,0.0,2959.0,2959.0,2178.0,934.0,4063.0,1756.0
1.0,9489.0,3807.0,3176.0,0.0,7022.0,7022.0,2223.0,953.0,2666.0,1141.0
1.0,5682.0,1014.0,3149.0,2959.0,4969.0,4969.0,2204.0,945.0,721.0,293.0
1.0,7627.0,177.0,3057.0,7022.0,0.0,0.0,2140.0,917.0,137.0,40.0
1.0,14472.0,2221.0,2994.0,4969.0,0.0,0.0,2096.0,898.0,1554.0,667.0
1.0,17220.0,5121.0,3021.0,0.0,0.0,0.0,2115.0,906.0,3571.0,1550.0
1.0,12099.0,6004.0,3114.0,0.0,6361.0,6361.0,2180.0,934.0,4191.0,1813.0
1.0,6095.0,3966.0,3180.0,0.0,10591.0,10591.0,2226.0,954.0,2779.0,1187.0
1.0,2129.0,1187.0,3155.0,6361.0,5317.0,5317.0,2208.0,947.0,844.0,343.0
1.0,7303.0,381.0,3064.0,10591.0,0.0,0.0,2145.0,919.0,277.0,104.0
1.0,17513.0,2373.0,3000.0,5317.0,0.0,0.0,2100.0,900.0,1658.0,715.0
1.0,20457.0,5125.0,3024.0,0.0,0.0,0.0,2117.0,907.0,3575.0,1550.0
1.0,15332.0,5877.0,3116.0,0.0,3009.0,3009.0,2181.0,935.0,4106.0,1771.0
1.0,9455.0,3839.0,3183.0,0.0,7116.0,7116.0,2228.0,955.0,2689.0,1150.0
1.0,5616.0,993.0,3160.0,3009.0,5008.0,5008.0,2212.0,948.0,705.0,288.0
1.0,7632.0,198.0,3070.0,7116.0,0.0,0.0,2149.0,921.0,148.0,50.0
1.0,14550.0,2191.0,3001.0,5008.0,0.0,0.0,2101.0,900.0,1532.0,659.0
1.0,17367.0,5035.0,3023.0,0.0,0.0,0.0,2116.0,907.0,3516.0,1519.0
1.0,12332.0,5927.0,3112.0,0.0,6043.0,6043.0,2178.0,934.0,4142.0,1785.0
1.0,6405.0,3944.0,3179.0,0.0,10255.0,10255.0,2225.0,954.0,2761.0,1183.0
1.0,2461.0,1110.0,3155.0,6043.0,5226.0,5226.0,2208.0,947.0,783.0,327.0
1.0,7394.0,283.0,3064.0,10255.0,0.0,0.0,2145.0,919.0,204.0,79.0
1.0,17366.0,2370.0,2998.0,5226.0,0.0,0.0,2099.0,899.0,1660.0,710.0
1.0,20222.0,5230.0,3023.0,0.0,0.0,0.0,2116.0,907.0,3656.0,1574.0
1.0,14992.0,6026.0,3115.0,0.0,3494.0,3494.0,2180.0,935.0,4213.0,1813.0
1.0,8966.0,3947.0,3183.0,0.0,7713.0,7713.0,2228.0,955.0,2760.0,1187.0
1.0,5019.0,1052.0,3160.0,3494.0,5179.0,5179.0,2212.0,948.0,740.0,312.0
1.0,7461.0,144.0,3068.0,7713.0,0.0,0.0,2148.0,920.0,107.0,37.0
1.0,15030.0,2146.0,3000.0,5179.0,0.0,0.0,2100.0,900.0,1505.0,641.0
1.0,18063.0,5050.0,3024.0,0.0,0.0,0.0,2117.0,907.0,3533.0,1517.0
1.0,13013.0,5972.0,3117.0,0.0,5427.0,5427.0,2182.0,935.0,4173.0,1799.0
1.0,7041.0,3982.0,3188.0,0.0,9693.0,9693.0,2231.0,957.0,2783.0,1199.0
1.0,3059.0,1174.0,3166.0,5427.0,5352.0,5352.0,2216.0,950.0,826.0,348.0
1.0,7312.0,318.0,3073.0,9693.0,0.0,0.0,2151.0,922.0,230.0,88.0
1.0,16687.0,2406.0,3005.0,5352.0,0.0,0.0,2104.0,901.0,1687.0,719.0
1.0,19633.0,5285.0,3031.0,0.0,0.0,0.0,2122.0,909.0,3696.0,1589.0
1.0,14348.0,6070.0,3127.0,0.0,4230.0,4230.0,2189.0,938.0,4244.0,1826.0
1.0,8278.0,3996.0,3198.0,0.0,8510.0,8510.0,2238.0,960.0,2794.0,1202.0
1.0,4282.0,1045.0,3173.0,4230.0,5225.0,5225.0,2221.0,952.0,733.0,312.0
1.0,7467.0,142.0,3077.0,8510.0,0.0,0.0,2154.0,923.0,104.0,38.0
1.0,15835.0,2148.0,3008.0,5225.0,0.0,0.0,2106.0,902.0,1505.0,643.0
1.0,18912.0,5057.0,3035.0,0.0,0.0,0.0,2125.0,910.0,3537.0,1520.0
1.0,13855.0,5976.0,3131.0,0.0,4645.0,4645.0,2192.0,939.0,4180.0,1796.0
1.0,7879.0,4010.0,3202.0,0.0,8939.0,8939.0,2241.0,961.0,2808.0,1202.0
1.0,3869.0,1165.0,3179.0,4645.0,5367.0,5367.0,2225.0,954.0,818.0,347.0
1.0,7349.0,255.0,3084.0,8939.0,0.0,0.0,2159.0,925.0,180.0,75.0
1.0,16033.0,2211.0,3013.0,5367.0,0.0,0.0,2109.0,904.0,1548.0,663.0
1.0,19189.0,5165.0,3036.0,0.0,0.0,0.0,2125.0,911.0,3613.0,1552.0
1.0,14024.0,6117.0,3132.0,0.0,4621.0,4621.0,2192.0,940.0,4279.0,1838.0
1.0,7907.0,4169.0,3203.0,0.0,9074.0,9074.0,2242.0,961.0,2918.0,1251.0
1.0,3738.0,1201.0,3182.0,4621.0,5570.0,5570.0,2227.0,955.0,844.0,357.0
1.0,7158.0,123.0,3087.0,9074.0,0.0,0.0,2161.0,926.0,90.0,33.0
1.0,16109.0,2045.0,3015.0,5570.0,0.0,0.0,2111.0,904.0,1432.0,613.0
1.0,19634.0,5096.0,3040.0,0.0,0.0,0.0,2128.0,912.0,3563.0,1533.0
1.0,14538.0,6149.0,3139.0,0.0,4167.0,4167.0,2197.0,942.0,4301.0,1848.0
1.0,8389.0,4152.0,3215.0,0.0,8623.0,8623.0,2250.0,965.0,2906.0,1246.0
1.0,4237.0,1053.0,3192.0,4167.0,5417.0,5417.0,2234.0,958.0,740.0,313.0
1.0,7351.0,82.0,3096.0,8623.0,0.0,0.0,2167.0,929.0,60.0,22.0
1.0,15892.0,2138.0,3021.0,5417.0,0.0,0.0,2115.0,906.0,1496.0,642.0
1.0,19171.0,5227.0,3045.0,0.0,0.0,0.0,2132.0,913.0,3657.0,1570.0
1.0,13944.0,6222.0,3142.0,0.0,4846.0,4846.0,2199.0,943.0,4353.0,1869.0
1.0,7722.0,4230.0,3216.0,0.0,9372.0,9372.0,2251.0,965.0,2962.0,1268.0
1.0,3492.0,1211.0,3194.0,4846.0,5649.0,5649.0,2236.0,958.0,851.0,360.0
1.0,7127.0,195.0,3099.0,9372.0,0.0,0.0,2169.0,930.0,137.0,58.0
1.0,16304.0,2150.0,3027.0,5649.0,0.0,0.0,2119.0,908.0,1503.0,647.0
1.0,19803.0,5121.0,3052.0,0.0,0.0,0.0,2137.0,915.0,3583.0,1538.0
1.0,14682.0,6052.0,3149.0,0.0,3966.0,3966.0,2204.0,945.0,4234.0,1818.0
1.0,8630.0,4068.0,3223.0,0.0,8330.0,8330.0,2256.0,967.0,2849.0,1219.0
1.0,4562.0,1125.0,3203.0,3966.0,5409.0,5409.0,2242.0,961.0,790.0,335.0
1.0,7403.0,137.0,3109.0,8330.0,0.0,0.0,2176.0,933.0,98.0,39.0
1.0,15596.0,2050.0,3034.0,5409.0,0.0,0.0,2124.0,910.0,1433.0,617.0
1.0,18955.0,5049.0,3056.0,0.0,0.0,0.0,2139.0,917.0,3531.0,1518.0
1.0,13906.0,6190.0,3153.0,0.0,4896.0,4896.0,2207.0,946.0,4330.0,1860.0
1.0,7716.0,4341.0,3232.0,0.0,9553.0,9553.0,2262.0,970.0,3040.0,1301.0
1.0,3375.0,1331.0,3212.0,4896.0,5908.0,5908.0,2248.0,964.0,936.0,395.0
1.0,6940.0,181.0,3114.0,9553.0,0.0,0.0,2180.0,934.0,131.0,50.0
1.0,16312.0,2095.0,3039.0,5908.0,0.0,0.0,2127.0,912.0,1465.0,630.0
1.0,20125.0,5071.0,3060.0,0.0,0.0,0.0,2142.0,918.0,3544.0,1527.0
1.0,15054.0,6109.0,3157.0,0.0,3683.0,3683.0,2210.0,947.0,4272.0,1837.0
1.0,8945.0,4115.0,3234.0,0.0,8106.0,8106.0,2264.0,970.0,2882.0,1233.0
1.0,4830.0,1069.0,3213.0,3683.0,5408.0,5408.0,2249.0,964.0,754.0,315.0
1.0,7444.0,30.0,3117.0,8106.0,0.0,0.0,2182.0,935.0,26.0,4.0
1.0,15520.0,2089.0,3043.0,5408.0,0.0,0.0,2130.0,913.0,1460.0,629.0
1.0,18839.0,5158.0,3064.0,0.0,0.0,0.0,2145.0,919.0,3603.0,1555.0
1.0,13681.0,6199.0,3162.0,0.0,5166.0,5166.0,2213.0,949.0,4334.0,1865.0
1.0,7482.0,4289.0,3238.0,0.0,9759.0,9759.0,2266.0,972.0,3006.0,1283.0
1.0,3193.0,1253.0,3216.0,5166.0,5758.0,5758.0,2251.0,965.0,885.0,368.0
1.0,7106.0,175.0,3117.0,9759.0,0.0,0.0,2182.0,935.0,127.0,48.0
1.0,16690.0,2119.0,3041.0,5758.0,0.0,0.0,2129.0,912.0,1481.0,638.0
1.0,20329.0,5127.0,3063.0,0.0,0.0,0.0,2144.0,919.0,3581.0,1546.0
1.0,15202.0,6185.0,3162.0,0.0,3631.0,3631.0,2213.0,949.0,4325.0,1860.0
1.0,9017.0,4212.0,3240.0,0.0,8155.0,8155.0,2268.0,972.0,2950.0,1262.0
1.0,4805.0,1154.0,3221.0,3631.0,5602.0,5602.0,2255.0,966.0,815.0,339.0
1.0,7282.0,21.0,3124.0,8155.0,0.0,0.0,2187.0,937.0,20.0,1.0
1.0,15416.0,1936.0,3047.0,5602.0,0.0,0.0,2133.0,914.0,1353.0,583.0
1.0,19082.0,4982.0,3066.0,0.0,0.0,0.0,2146.0,920.0,3480.0,1502.0
1.0,14100.0,6173.0,3162.0,0.0,4721.0,4721.0,2213.0,949.0,4316.0,1857.0
1.0,7927.0,4398.0,3242.0,0.0,9439.0,9439.0,2269.0,973.0,3079.0,1319.0
1.0,3529.0,1400.0,3226.0,4721.0,6054.0,6054.0,2258.0,968.0,987.0,413.0
1.0,6850.0,252.0,3131.0,9439.0,0.0,0.0,2192.0,939.0,184.0,68.0
1.0,16037.0,2032.0,3053.0,6054.0,0.0,0.0,2137.0,916.0,1423.0,609.0
1.0,20059.0,4943.0,3067.0,0.0,0.0,0.0,2147.0,920.0,3452.0,1491.0
1.0,15116.0,6120.0,3162.0,0.0,3652.0,3652.0,2213.0,949.0,4276.0,1844.0
1.0,8996.0,4341.0,3243.0,0.0,8317.0,8317.0,2270.0,973.0,3037.0,1304.0
1.0,4655.0,1348.0,3230.0,3652.0,5961.0,5961.0,2261.0,969.0,950.0,398.0
1.0,6959.0,126.0,3134.0,8317.0,0.0,0.0,2194.0,940.0,95.0,31.0
1.0,15150.0,1811.0,3051.0,5961.0,0.0,0.0,2136.0,915.0,1271.0,540.0
1.0,19300.0,4779.0,3063.0,0.0,0.0,0.0,2144.0,919.0,3342.0,1437.0
1.0,14521.0,6033.0,3159.0,0.0,4148.0,4148.0,2211.0,948.0,4216.0,1817.0
1.0,8488.0,4433.0,3242.0,0.0,8913.0,8913.0,2269.0,973.0,3099.0,1334.0
1.0,4055.0,1529.0,3230.0,4148.0,6246.0,6246.0,2261.0,969.0,1073.0,456.0
1.0,6674.0,283.0,3136.0,8913.0,0.0,0.0,2195.0,941.0,202.0,81.0
1.0,15304.0,1985.0,3054.0,6246.0,0.0,0.0,2138.0,916.0,1393.0,592.0
1.0,19565.0,4969.0,3068.0,0.0,0.0,0.0,2148.0,920.0,3478.0,1491.0
1.0,14596.0,6220.0,3164.0,0.0,4280.0,4280.0,2215.0,949.0,4350.0,1870.0
1.0,8376.0,4395.0,3245.0,0.0,8999.0,8999.0,2271.0,974.0,3073.0,1322.0
1.0,3981.0,1372.0,3230.0,4280.0,6031.0,6031.0,2261.0,969.0,961.0,411.0
1.0,6889.0,97.0,3134.0,8999.0,0.0,0.0,2194.0,940.0,72.0,25.0
1.0,15791.0,1838.0,3053.0,6031.0,0.0,0.0,2137.0,916.0,1290.0,548.0
1.0,19984.0,4891.0,3068.0,0.0,0.0,0.0,2148.0,920.0,3423.0,1468.0
1.0,15093.0,6173.0,3166.0,0.0,3744.0,3744.0,2216.0,950.0,4318.0,1855.0
1.0,8920.0,4339.0,3246.0,0.0,8403.0,8403.0,2272.0,974.0,3034.0,1305.0
1.0,4581.0,1316.0,3232.0,3744.0,5919.0,5919.0,2262.0,970.0,921.0,395.0
1.0,7009.0,138.0,3137.0,8403.0,0.0,0.0,2196.0,941.0,100.0,38.0
1.0,15274.0,2049.0,3058.0,5919.0,0.0,0.0,2141.0,917.0,1439.0,610.0
1.0,19144.0,5108.0,3073.0,0.0,0.0,0.0,2151.0,922.0,3577.0,1531.0
1.0,14036.0,6276.0,3168.0,0.0,4912.0,4912.0,2218.0,950.0,4387.0,1889.0
1.0,7760.0,4455.0,3250.0,0.0,9695.0,9695.0,2275.0,975.0,3112.0,1343.0
1.0,3305.0,1368.0,3236.0,4912.0,6095.0,6095.0,2265.0,971.0,957.0,411.0
1.0,6849.0,63.0,3140.0,9695.0,0.0,0.0,2198.0,942.0,50.0,13.0
1.0,16481.0,1839.0,3058.0,6095.0,0.0,0.0,2141.0,917.0,1294.0,545.0
1.0,20737.0,4846.0,3071.0,0.0,0.0,0.0,2150.0,921.0,3393.0,1453.0
1.0,15891.0,6147.0,3170.0,0.0,2936.0,2936.0,2219.0,951.0,4298.0,1849.0
1.0,9744.0,4438.0,3255.0,0.0,7714.0,7714.0,2278.0,977.0,3098.0,1340.0
1.0,5306.0,1370.0,3240.0,2936.0,6088.0,6088.0,2268.0,972.0,958.0,412.0
1.0,6872.0,110.0,3143.0,7714.0,0.0,0.0,2200.0,943.0,83.0,27.0
1.0,14476.0,1934.0,3061.0,6088.0,0.0,0.0,2143.0,918.0,1362.0,572.0
1.0,18630.0,5006.0,3075.0,0.0,0.0,0.0,2153.0,922.0,3505.0,1501.0
1.0,13624.0,6319.0,3173.0,0.0,5387.0,5387.0,2221.0,952.0,4417.0,1902.0
1.0,7305.0,4540.0,3256.0,0.0,10259.0,10259.0,2279.0,977.0,3171.0,1369.0
1.0,2765.0,1509.0,3245.0,5387.0,6337.0,6337.0,2271.0,974.0,1054.0,455.0
1.0,6643.0,214.0,3150.0,10259.0,0.0,0.0,2205.0,945.0,156.0,58.0
1.0,16688.0,1820.0,3067.0,6337.0,0.0,0.0,2147.0,920.0,1281.0,539.0
1.0,21205.0,4789.0,3077.0,0.0,0.0,0.0,2154.0,923.0,3354.0,1435.0
1.0,16416.0,6129.0,3173.0,0.0,2405.0,2405.0,2221.0,952.0,4285.0,1844.0
1.0,10287.0,4487.0,3259.0,0.0,7236.0,7236.0,2281.0,978.0,3132.0,1355.0
1.0,5800.0,1526.0,3251.0,2405.0,6325.0,6325.0,2275.0,976.0,1066.0,460.0
1.0,6679.0,165.0,3159.0,7236.0,0.0,0.0,2211.0,948.0,123.0,42.0
1.0,13750.0,1820.0,3075.0,6325.0,0.0,0.0,2153.0,922.0,1282.0,538.0
1.0,18255.0,4821.0,3083.0,0.0,0.0,0.0,2158.0,925.0,3374.0,1447.0
1.0,13434.0,6201.0,3176.0,0.0,5471.0,5471.0,2223.0,953.0,4333.0,1868.0
1.0,7233.0,4627.0,3259.0,0.0,10430.0,10430.0,2281.0,978.0,3232.0,1395.0
1.0,2606.0,1734.0,3253.0,5471.0,6669.0,6669.0,2277.0,976.0,1216.0,518.0
1.0,6343.0,376.0,3166.0,10430.0,0.0,0.0,2216.0,950.0,272.0,104.0
1.0,16397.0,1855.0,3084.0,6669.0,0.0,0.0,2159.0,925.0,1305.0,550.0
1.0,21211.0,4663.0,3090.0,0.0,0.0,0.0,2163.0,927.0,3262.0,1401.0
1.0,16548.0,5995.0,3180.0,0.0,2167.0,2167.0,2226.0,954.0,4189.0,1806.0
1.0,10553.0,4469.0,3263.0,0.0,6968.0,6968.0,2284.0,979.0,3123.0,1346.0
1.0,6084.0,1595.0,3259.0,2167.0,6380.0,6380.0,2281.0,978.0,1117.0,478.0
1.0,6656.0,243.0,3172.0,6968.0,0.0,0.0,2220.0,952.0,176.0,67.0
1.0,13381.0,1824.0,3091.0,6380.0,0.0,0.0,2164.0,927.0,1282.0,542.0
1.0,17937.0,4719.0,3096.0,0.0,0.0,0.0,2167.0,929.0,3304.0,1415.0
1.0,13218.0,6129.0,3184.0,0.0,5647.0,5647.0,2229.0,955.0,4285.0,1844.0
1.0,7089.0,4602.0,3267.0,0.0,10581.0,10581.0,2287.0,980.0,3215.0,1387.0
1.0,2487.0,1733.0,3263.0,5647.0,6651.0,6651.0,2284.0,979.0,1212.0,521.0
1.0,6401.0,420.0,3176.0,10581.0,0.0,0.0,2223.0,953.0,299.0,121.0
1.0,16562.0,1959.0,3093.0,6651.0,0.0,0.0,2165.0,928.0,1376.0,583.0
1.0,21254.0,4812.0,3101.0,0.0,0.0,0.0,2171.0,930.0,3369.0,1443.0
1.0,16442.0,6094.0,3193.0,0.0,2424.0,2424.0,2235.0,958.0,4263.0,1831.0
1.0,10348.0,4472.0,3276.0,0.0,7228.0,7228.0,2293.0,983.0,3125.0,1347.0
1.0,5876.0,1552.0,3270.0,2424.0,6332.0,6332.0,2289.0,981.0,1085.0,467.0
1.0,6748.0,148.0,3180.0,7228.0,0.0,0.0,2226.0,954.0,106.0,42.0
1.0,13828.0,1716.0,3094.0,6332.0,0.0,0.0,2166.0,928.0,1205.0,511.0
1.0,18444.0,4778.0,3103.0,0.0,0.0,0.0,2172.0,931.0,3344.0,1434.0
1.0,13666.0,6248.0,3197.0,0.0,5370.0,5370.0,2238.0,959.0,4370.0,1878.0
1.0,7418.0,4697.0,3285.0,0.0,10419.0,10419.0,2299.0,986.0,3286.0,1411.0
1.0,2721.0,1682.0,3278.0,5370.0,6703.0,6703.0,2294.0,984.0,1179.0,503.0
1.0,6409.0,222.0,3183.0,10419.0,0.0,0.0,2228.0,955.0,160.0,62.0
1.0,16606.0,1786.0,3097.0,6703.0,0.0,0.0,2168.0,929.0,1250.0,536.0
1.0,21523.0,4846.0,3104.0,0.0,0.0,0.0,2173.0,931.0,3387.0,1459.0
1.0,16677.0,6286.0,3200.0,0.0,2409.0,2409.0,2240.0,960.0,4395.0,1891.0
1.0,10391.0,4667.0,3288.0,0.0,7428.0,7428.0,2301.0,987.0,3268.0,1399.0
1.0,5724.0,1614.0,3283.0,2409.0,6613.0,6613.0,2298.0,985.0,1134.0,480.0
1.0,6519.0,64.0,3192.0,7428.0,0.0,0.0,2234.0,958.0,49.0,15.0
1.0,13883.0,1651.0,3106.0,6613.0,0.0,0.0,2174.0,932.0,1157.0,494.0
1.0,18845.0,4704.0,3110.0,0.0,0.0,0.0,2177.0,933.0,3290.0,1414.0
1.0,14141.0,6193.0,3203.0,0.0,4864.0,4864.0,2242.0,961.0,4328.0,1865.0
1.0,7948.0,4635.0,3290.0,0.0,9847.0,9847.0,2303.0,987.0,3243.0,1392.0
1.0,3313.0,1663.0,3285.0,4864.0,6626.0,6626.0,2299.0,986.0,1167.0,496.0
1.0,6514.0,306.0,3195.0,9847.0,0.0,0.0,2236.0,959.0,221.0,85.0
1.0,16055.0,1869.0,3109.0,6626.0,0.0,0.0,2176.0,933.0,1311.0,558.0
1.0,20812.0,4898.0,3116.0,0.0,0.0,0.0,2181.0,935.0,3424.0,1474.0
1.0,15914.0,6374.0,3210.0,0.0,3300.0,3300.0,2247.0,963.0,4456.0,1918.0
1.0,9540.0,4762.0,3297.0,0.0,8410.0,8410.0,2308.0,989.0,3332.0,1430.0
1.0,4778.0,1634.0,3293.0,3300.0,6728.0,6728.0,2305.0,988.0,1148.0,486.0
1.0,6444.0,91.0,3203.0,8410.0,0.0,0.0,2242.0,961.0,69.0,22.0
1.0,14763.0,1704.0,3117.0,6728.0,0.0,0.0,2182.0,935.0,1192.0,512.0
1.0,19787.0,4752.0,3123.0,0.0,0.0,0.0,2186.0,937.0,3320.0,1432.0
1.0,15035.0,6180.0,3213.0,0.0,3997.0,3997.0,2249.0,964.0,4323.0,1857.0
1.0,8855.0,4620.0,3299.0,0.0,8961.0,8961.0,2309.0,990.0,3236.0,1384.0
1.0,4235.0,1551.0,3293.0,3997.0,6491.0,6491.0,2305.0,988.0,1092.0,459.0
1.0,6681.0,232.0,3205.0,8961.0,0.0,0.0,2243.0,962.0,166.0,66.0
1.0,15410.0,1992.0,3124.0,6491.0,0.0,0.0,2187.0,937.0,1390.0,602.0
1.0,19909.0,5084.0,3133.0,0.0,0.0,0.0,2193.0,940.0,3552.0,1532.0
1.0,14825.0,6401.0,3223.0,0.0,4468.0,4468.0,2256.0,967.0,4478.0,1923.0
1.0,8424.0,4597.0,3303.0,0.0,9385.0,9385.0,2312.0,991.0,3222.0,1375.0
1.0,3827.0,1437.0,3296.0,4468.0,6326.0,6326.0,2307.0,989.0,1014.0,423.0
1.0,6858.0,98.0,3207.0,9385.0,0.0,0.0,2245.0,962.0,71.0,27.0
1.0,16145.0,1850.0,3128.0,6326.0,0.0,0.0,2190.0,938.0,1289.0,561.0
1.0,20621.0,4973.0,3137.0,0.0,0.0,0.0,2196.0,941.0,3474.0,1499.0
1.0,15648.0,6270.0,3227.0,0.0,3530.0,3530.0,2259.0,968.0,4385.0,1885.0
1.0,9378.0,4463.0,3309.0,0.0,8321.0,8321.0,2316.0,993.0,3128.0,1335.0
1.0,4915.0,1299.0,3299.0,3530.0,6050.0,6050.0,2309.0,990.0,919.0,380.0
1.0,7146.0,17.0,3209.0,8321.0,0.0,0.0,2246.0,963.0,15.0,2.0
1.0,15450.0,1938.0,3127.0,6050.0,0.0,0.0,2189.0,938.0,1350.0,588.0
1.0,19562.0,5203.0,3139.0,0.0,0.0,0.0,2197.0,942.0,3635.0,1568.0
1.0,14359.0,6595.0,3233.0,0.0,5168.0,5168.0,2263.0,970.0,4613.0,1982.0
1.0,7764.0,4611.0,3313.0,0.0,10099.0,10099.0,2319.0,994.0,3234.0,1377.0
1.0,3153.0,1277.0,3300.0,5168.0,6156.0,6156.0,2310.0,990.0,904.0,373.0
1.0,7044.0,0.0,3207.0,10099.0,0.0,0.0,2245.0,962.0,0.0,0.0
1.0,17143.0,2026.0,3129.0,6156.0,0.0,0.0,2190.0,939.0,1410.0,616.0
1.0,21273.0,5309.0,3146.0,0.0,0.0,0.0,2202.0,944.0,3709.0,1600.0
1.0,15964.0,6524.0,3242.0,0.0,3528.0,3528.0,2269.0,973.0,4566.0,1958.0
1.0,9440.0,4396.0,3323.0,0.0,8248.0,8248.0,2326.0,997.0,3086.0,1310.0
1.0,5044.0,1101.0,3311.0,3528.0,5773.0,5773.0,2318.0,993.0,779.0,322.0
1.0,7471.0,0.0,3219.0,8248.0,0.0,0.0,2253.0,966.0,0.0,0.0
1.0,15719.0,1959.0,3137.0,5773.0,0.0,0.0,2196.0,941.0,1362.0,597.0
1.0,19533.0,5221.0,3146.0,0.0,0.0,0.0,2202.0,944.0,3645.0,1576.0
1.0,14312.0,6583.0,3241.0,0.0,5235.0,5235.0,2268.0,973.0,4609.0,1974.0
1.0,7729.0,4677.0,3326.0,0.0,10252.0,10252.0,2328.0,998.0,3283.0,1394.0
1.0,3052.0,1442.0,3320.0,5235.0,6435.0,6435.0,2324.0,996.0,1020.0,422.0
1.0,6845.0,78.0,3228.0,10252.0,0.0,0.0,2260.0,968.0,53.0,25.0
1.0,17019.0,1964.0,3146.0,6435.0,0.0,0.0,2202.0,944.0,1364.0,600.0
1.0,21490.0,5123.0,3154.0,0.0,0.0,0.0,2208.0,946.0,3578.0,1545.0
1.0,16367.0,6408.0,3246.0,0.0,3025.0,3025.0,2272.0,974.0,4488.0,1920.0
1.0,9959.0,4476.0,3331.0,0.0,7841.0,7841.0,2332.0,999.0,3142.0,1334.0
1.0,5483.0,1257.0,3323.0,3025.0,6041.0,6041.0,2326.0,997.0,886.0,371.0
1.0,7251.0,9.0,3233.0,7841.0,0.0,0.0,2263.0,970.0,5.0,4.0
1.0,15083.0,1916.0,3151.0,6041.0,0.0,0.0,2206.0,945.0,1334.0,582.0
1.0,19208.0,5165.0,3161.0,0.0,0.0,0.0,2213.0,948.0,3609.0,1556.0
1.0,14043.0,6498.0,3254.0,0.0,5471.0,5471.0,2278.0,976.0,4549.0,1949.0
1.0,7545.0,4626.0,3337.0,0.0,10429.0,10429.0,2336.0,1001.0,3245.0,1381.0
1.0,2919.0,1449.0,3329.0,5471.0,6375.0,6375.0,2330.0,999.0,1020.0,429.0
1.0,6941.0,122.0,3237.0,10429.0,0.0,0.0,2266.0,971.0,83.0,39.0
1.0,17248.0,1956.0,3153.0,6375.0,0.0,0.0,2207.0,946.0,1364.0,592.0
1.0,21667.0,5164.0,3160.0,0.0,0.0,0.0,2212.0,948.0,3609.0,1555.0
1.0,16503.0,6505.0,3253.0,0.0,3014.0,3014.0,2277.0,976.0,4554.0,1951.0
1.0,9998.0,4584.0,3340.0,0.0,7946.0,7946.0,2338.0,1002.0,3215.0,1369.0
1.0,5414.0,1292.0,3332.0,3014.0,6192.0,6192.0,2332.0,1000.0,910.0,382.0
1.0,7136.0,0.0,3241.0,7946.0,0.0,0.0,2269.0,972.0,0.0,0.0
1.0,15082.0,1778.0,3156.0,6192.0,0.0,0.0,2209.0,947.0,1239.0,539.0
1.0,19496.0,5018.0,3163.0,0.0,0.0,0.0,2214.0,949.0,3505.0,1513.0
1.0,14478.0,6515.0,3259.0,0.0,5073.0,5073.0,2281.0,978.0,4558.0,1957.0
1.0,7963.0,4674.0,3345.0,0.0,10091.0,10091.0,2341.0,1004.0,3277.0,1397.0
1.0,3289.0,1401.0,3333.0,5073.0,6371.0,6371.0,2333.0,1000.0,987.0,414.0
1.0,6961.0,61.0,3237.0,10091.0,0.0,0.0,2266.0,971.0,45.0,16.0
1.0,16991.0,1964.0,3151.0,6371.0,0.0,0.0,2206.0,945.0,1371.0,593.0
1.0,21398.0,5227.0,3163.0,0.0,0.0,0.0,2214.0,949.0,3653.0,1574.0
1.0,16171.0,6552.0,3262.0,0.0,3429.0,3429.0,2283.0,979.0,4585.0,1967.0
1.0,9619.0,4646.0,3349.0,0.0,8423.0,8423.0,2344.0,1005.0,3255.0,1391.0
1.0,4973.0,1344.0,3340.0,3429.0,6302.0,6302.0,2338.0,1002.0,945.0,399.0
1.0,7058.0,0.0,3244.0,8423.0,0.0,0.0,2271.0,973.0,0.0,0.0
1.0,15481.0,1818.0,3158.0,6302.0,0.0,0.0,2211.0,947.0,1272.0,546.0
1.0,19965.0,5026.0,3169.0,0.0,0.0,0.0,2218.0,951.0,3515.0,1511.0
1.0,14939.0,6391.0,3267.0,0.0,4520.0,4520.0,2287.0,980.0,4472.0,1919.0
1.0,8548.0,4630.0,3356.0,0.0,9506.0,9506.0,2349.0,1007.0,3241.0,1389.0
1.0,3918.0,1472.0,3347.0,4520.0,6422.0,6422.0,2343.0,1004.0,1032.0,440.0
1.0,6966.0,158.0,3250.0,9506.0,0.0,0.0,2275.0,975.0,113.0,45.0
1.0,16314.0,2009.0,3161.0,6422.0,0.0,0.0,2213.0,948.0,1407.0,602.0
1.0,20727.0,5171.0,3173.0,0.0,0.0,0.0,2221.0,952.0,3619.0,1552.0
1.0,15556.0,6519.0,3273.0,0.0,4055.0,4055.0,2291.0,982.0,4560.0,1959.0
1.0,9037.0,4645.0,3362.0,0.0,9056.0,9056.0,2353.0,1009.0,3249.0,1396.0
1.0,4392.0,1425.0,3350.0,4055.0,6378.0,6378.0,2345.0,1005.0,998.0,427.0
1.0,7022.0,69.0,3250.0,9056.0,0.0,0.0,2275.0,975.0,51.0,18.0
1.0,16009.0,1900.0,3161.0,6378.0,0.0,0.0,2213.0,948.0,1332.0,568.0
1.0,20487.0,4957.0,3172.0,0.0,0.0,0.0,2220.0,952.0,3469.0,1488.0
1.0,15530.0,6246.0,3271.0,0.0,3800.0,3800.0,2289.0,982.0,4371.0,1875.0
1.0,9284.0,4543.0,3358.0,0.0,8691.0,8691.0,2350.0,1008.0,3178.0,1365.0
1.0,4741.0,1505.0,3350.0,3800.0,6364.0,6364.0,2345.0,1005.0,1054.0,451.0
1.0,7036.0,178.0,3253.0,8691.0,0.0,0.0,2277.0,976.0,126.0,52.0
1.0,15549.0,1967.0,3164.0,6364.0,0.0,0.0,2215.0,949.0,1378.0,589.0
1.0,19946.0,5187.0,3173.0,0.0,0.0,0.0,2221.0,952.0,3632.0,1555.0
1.0,14759.0,6572.0,3272.0,0.0,4901.0,4901.0,2290.0,982.0,4600.0,1972.0
1.0,8187.0,4701.0,3362.0,0.0,9962.0,9962.0,2353.0,1009.0,3289.0,1412.0
1.0,3486.0,1419.0,3350.0,4901.0,6432.0,6432.0,2345.0,1005.0,992.0,427.0
1.0,6968.0,85.0,3254.0,9962.0,0.0,0.0,2278.0,976.0,58.0,27.0
1.0,16845.0,1929.0,3167.0,6432.0,0.0,0.0,2217.0,950.0,1351.0,578.0
1.0,21348.0,5053.0,3179.0,0.0,0.0,0.0,2225.0,954.0,3539.0,1514.0
1.0,16295.0,6377.0,3277.0,0.0,3190.0,3190.0,2294.0,983.0,4466.0,1911.0
1.0,9918.0,4507.0,3363.0,0.0,8041.0,8041.0,2354.0,1009.0,3154.0,1353.0
1.0,5411.0,1357.0,3353.0,3190.0,6168.0,6168.0,2347.0,1006.0,948.0,409.0
1.0,7244.0,17.0,3254.0,8041.0,0.0,0.0,2278.0,976.0,10.0,7.0
1.0,15268.0,1987.0,3167.0,6168.0,0.0,0.0,2217.0,950.0,1392.0,595.0
1.0,19449.0,5311.0,3180.0,0.0,0.0,0.0,2226.0,954.0,3719.0,1592.0
1.0,14138.0,6697.0,3282.0,0.0,5687.0,5687.0,2297.0,985.0,4688.0,2009.0
1.0,7441.0,4746.0,3370.0,0.0,10785.0,10785.0,2359.0,1011.0,3322.0,1424.0
1.0,2695.0,1490.0,3361.0,5687.0,6552.0,6552.0,2353.0,1008.0,1042.0,448.0
1.0,6892.0,69.0,3263.0,10785.0,0.0,0.0,2284.0,979.0,47.0,22.0
1.0,17608.0,1923.0,3176.0,6552.0,0.0,0.0,2223.0,953.0,1347.0,576.0
1.0,22237.0,5155.0,3186.0,0.0,0.0,0.0,2230.0,956.0,3608.0,1547.0
1.0,17082.0,6503.0,3286.0,0.0,2565.0,2565.0,2300.0,986.0,4552.0,1951.0
1.0,10579.0,4568.0,3375.0,0.0,7489.0,7489.0,2362.0,1013.0,3196.0,1372.0
1.0,6011.0,1299.0,3365.0,2565.0,6183.0,6183.0,2355.0,1010.0,908.0,391.0
1.0,7277.0,9.0,3269.0,7489.0,0.0,0.0,2288.0,981.0,8.0,1.0
1.0,14757.0,1997.0,3181.0,6183.0,0.0,0.0,2227.0,954.0,1401.0,596.0
1.0,18943.0,5292.0,3194.0,0.0,0.0,0.0,2236.0,958.0,3705.0,1587.0
1.0,13651.0,6655.0,3295.0,0.0,6184.0,6184.0,2306.0,989.0,4657.0,1998.0
1.0,6996.0,4714.0,3385.0,0.0,11258.0,11258.0,2369.0,1016.0,3298.0,1416.0
1.0,2282.0,1416.0,3373.0,6184.0,6442.0,6442.0,2361.0,1012.0,989.0,427.0
1.0,7050.0,83.0,3274.0,11258.0,0.0,0.0,2292.0,982.0,59.0,24.0
1.0,18225.0,1996.0,3187.0,6442.0,0.0,0.0,2231.0,956.0,1400.0,596.0
1.0,22671.0,5293.0,3200.0,0.0,0.0,0.0,2240.0,960.0,3708.0,1585.0
1.0,17378.0,6572.0,3300.0,0.0,2394.0,2394.0,2310.0,990.0,4598.0,1974.0
1.0,10806.0,4579.0,3389.0,0.0,7329.0,7329.0,2372.0,1017.0,3201.0,1378.0
1.0,6227.0,1300.0,3379.0,2394.0,6195.0,6195.0,2365.0,1014.0,909.0,391.0
1.0,7321.0,0.0,3282.0,7329.0,0.0,0.0,2297.0,985.0,0.0,0.0
1.0,14650.0,1867.0,3194.0,6195.0,0.0,0.0,2236.0,958.0,1310.0,557.0
1.0,18978.0,5130.0,3204.0,0.0,0.0,0.0,2243.0,961.0,3594.0,1536.0
1.0,13848.0,6593.0,3303.0,0.0,5957.0,5957.0,2312.0,991.0,4616.0,1977.0
1.0,7255.0,4810.0,3392.0,0.0,11123.0,11123.0,2374.0,1018.0,3366.0,1444.0
1.0,2445.0,1651.0,3386.0,5957.0,6793.0,6793.0,2370.0,1016.0,1152.0,499.0
1.0,6751.0,219.0,3290.0,11123.0,0.0,0.0,2303.0,987.0,152.0,67.0
1.0,17655.0,1897.0,3201.0,6793.0,0.0,0.0,2241.0,960.0,1330.0,567.0
1.0,22551.0,5115.0,3210.0,0.0,0.0,0.0,2247.0,963.0,3582.0,1533.0
1.0,17436.0,6501.0,3307.0,0.0,2293.0,2293.0,2315.0,992.0,4550.0,1951.0
1.0,10935.0,4667.0,3396.0,0.0,7316.0,7316.0,2377.0,1019.0,3265.0,1402.0
1.0,6268.0,1435.0,3387.0,2293.0,6422.0,6422.0,2371.0,1016.0,1003.0,432.0
1.0,7126.0,24.0,3293.0,7316.0,0.0,0.0,2305.0,988.0,17.0,7.0
1.0,14418.0,1821.0,3207.0,6422.0,0.0,0.0,2245.0,962.0,1276.0,545.0
1.0,19019.0,5024.0,3217.0,0.0,0.0,0.0,2252.0,965.0,3518.0,1506.0
1.0,13995.0,6487.0,3313.0,0.0,5744.0,5744.0,2319.0,994.0,4542.0,1945.0
1.0,7508.0,4754.0,3400.0,0.0,10846.0,10846.0,2380.0,1020.0,3329.0,1425.0
1.0,2754.0,1556.0,3393.0,5744.0,6630.0,6630.0,2375.0,1018.0,1089.0,467.0
1.0,6942.0,170.0,3296.0,10846.0,0.0,0.0,2307.0,989.0,116.0,54.0
1.0,17618.0,1985.0,3207.0,6630.0,0.0,0.0,2245.0,962.0,1388.0,597.0
1.0,22263.0,5249.0,3219.0,0.0,0.0,0.0,2253.0,966.0,3674.0,1575.0
1.0,17014.0,6612.0,3319.0,0.0,2874.0,2874.0,2323.0,996.0,4631.0,1981.0
1.0,10402.0,4706.0,3407.0,0.0,7932.0,7932.0,2385.0,1022.0,3297.0,1409.0
1.0,5696.0,1403.0,3397.0,2874.0,6421.0,6421.0,2378.0,1019.0,979.0,424.0
1.0,7167.0,2.0,3300.0,7932.0,0.0,0.0,2310.0,990.0,0.0,2.0
1.0,15097.0,1860.0,3213.0,6421.0,0.0,0.0,2249.0,964.0,1301.0,559.0
1.0,19658.0,5085.0,3224.0,0.0,0.0,0.0,2257.0,967.0,3560.0,1525.0
1.0,14573.0,6578.0,3324.0,0.0,5301.0,5301.0,2327.0,997.0,4606.0,1972.0
1.0,7995.0,4835.0,3417.0,0.0,10508.0,10508.0,2392.0,1025.0,3385.0,1450.0
1.0,3160.0,1586.0,3410.0,5301.0,6765.0,6765.0,2387.0,1023.0,1109.0,477.0
1.0,6875.0,88.0,3309.0,10508.0,0.0,0.0,2316.0,993.0,60.0,28.0
1.0,17295.0,1852.0,3216.0,6765.0,0.0,0.0,2251.0,965.0,1296.0,556.0
1.0,22208.0,5093.0,3223.0,0.0,0.0,0.0,2256.0,967.0,3565.0,1528.0
1.0,17115.0,6624.0,3321.0,0.0,2793.0,2793.0,2325.0,996.0,4640.0,1984.0
1.0,10491.0,4878.0,3414.0,0.0,8043.0,8043.0,2390.0,1024.0,3415.0,1463.0
1.0,5613.0,1598.0,3407.0,2793.0,6820.0,6820.0,2385.0,1022.0,1116.0,482.0
1.0,6808.0,26.0,3309.0,8043.0,0.0,0.0,2316.0,993.0,15.0,11.0
1.0,14825.0,1749.0,3217.0,6820.0,0.0,0.0,2252.0,965.0,1225.0,524.0
1.0,19896.0,5003.0,3226.0,0.0,0.0,0.0,2258.0,968.0,3507.0,1496.0
1.0,14893.0,6529.0,3326.0,0.0,4940.0,4940.0,2328.0,998.0,4572.0,1957.0
1.0,8364.0,4759.0,3417.0,0.0,10063.0,10063.0,2392.0,1025.0,3331.0,1428.0
1.0,3605.0,1510.0,3409.0,4940.0,6601.0,6601.0,2386.0,1023.0,1055.0,455.0
1.0,7035.0,109.0,3309.0,10063.0,0.0,0.0,2316.0,993.0,73.0,36.0
1.0,16989.0,1918.0,3217.0,6601.0,0.0,0.0,2252.0,965.0,1343.0,575.0
1.0,21672.0,5200.0,3227.0,0.0,0.0,0.0,2259.0,968.0,3642.0,1558.0
1.0,16472.0,6693.0,3328.0,0.0,3533.0,3533.0,2330.0,998.0,4687.0,2006.0
1.0,9779.0,4863.0,3420.0,0.0,8764.0,8764.0,2394.0,1026.0,3404.0,1459.0
1.0,4916.0,1565.0,3412.0,3533.0,6764.0,6764.0,2388.0,1024.0,1095.0,470.0
1.0,6884.0,54.0,3311.0,8764.0,0.0,0.0,2318.0,993.0,37.0,17.0
1.0,15594.0,1761.0,3219.0,6764.0,0.0,0.0,2253.0,966.0,1232.0,529.0
1.0,20597.0,5010.0,3227.0,0.0,0.0,0.0,2259.0,968.0,3507.0,1503.0
1.0,15587.0,6578.0,3329.0,0.0,4307.0,4307.0,2330.0,999.0,4605.0,1973.0
1.0,9009.0,4803.0,3421.0,0.0,9478.0,9478.0,2395.0,1026.0,3364.0,1439.0
1.0,4206.0,1550.0,3414.0,4307.0,6693.0,6693.0,2390.0,1024.0,1085.0,465.0
1.0,6963.0,43.0,3317.0,9478.0,0.0,0.0,2322.0,995.0,28.0,15.0
1.0,16398.0,1764.0,3224.0,6693.0,0.0,0.0,2257.0,967.0,1233.0,531.0
1.0,21327.0,5100.0,3230.0,0.0,0.0,0.0,2261.0,969.0,3570.0,1530.0
1.0,16227.0,6677.0,3326.0,0.0,3754.0,3754.0,2328.0,998.0,4674.0,2003.0
1.0,9550.0,4967.0,3417.0,0.0,9085.0,9085.0,2392.0,1025.0,3477.0,1490.0
1.0,4583.0,1674.0,3413.0,3754.0,6989.0,6989.0,2389.0,1024.0,1173.0,501.0
1.0,6663.0,87.0,3317.0,9085.0,0.0,0.0,2322.0,995.0,61.0,26.0
1.0,15661.0,1777.0,3226.0,6989.0,0.0,0.0,2258.0,968.0,1244.0,533.0
1.0,20873.0,5010.0,3233.0,0.0,0.0,0.0,2263.0,970.0,3508.0,1502.0
1.0,15863.0,6524.0,3330.0,0.0,3981.0,3981.0,2331.0,999.0,4565.0,1959.0
1.0,9339.0,4805.0,3423.0,0.0,9158.0,9158.0,2396.0,1027.0,3362.0,1443.0
1.0,4534.0,1609.0,3418.0,3981.0,6766.0,6766.0,2393.0,1025.0,1128.0,481.0
1.0,6906.0,91.0,3323.0,9158.0,0.0,0.0,2326.0,997.0,65.0,26.0
1.0,15973.0,1773.0,3233.0,6766.0,0.0,0.0,2263.0,970.0,1241.0,532.0
1.0,20966.0,5039.0,3239.0,0.0,0.0,0.0,2267.0,972.0,3527.0,1512.0
1.0,15927.0,6685.0,3337.0,0.0,4106.0,4106.0,2336.0,1001.0,4678.0,2007.0
1.0,9242.0,5003.0,3430.0,0.0,9481.0,9481.0,2401.0,1029.0,3501.0,1502.0
1.0,4239.0,1766.0,3426.0,4106.0,7125.0,7125.0,2398.0,1028.0,1238.0,528.0
1.0,6579.0,170.0,3328.0,9481.0,0.0,0.0,2330.0,998.0,122.0,48.0
1.0,15890.0,1804.0,3236.0,7125.0,0.0,0.0,2265.0,971.0,1265.0,539.0
1.0,21211.0,5037.0,3242.0,0.0,0.0,0.0,2269.0,973.0,3522.0,1515.0
1.0,16174.0,6583.0,3341.0,0.0,3773.0,3773.0,2339.0,1002.0,4603.0,1980.0
1.0,9591.0,4873.0,3435.0,0.0,9022.0,9022.0,2404.0,1031.0,3410.0,1463.0
1.0,4718.0,1502.0,3428.0,3773.0,6723.0,6723.0,2400.0,1028.0,1055.0,447.0
1.0,6989.0,0.0,3330.0,9022.0,0.0,0.0,2331.0,999.0,0.0,0.0
1.0,16011.0,1724.0,3237.0,6723.0,0.0,0.0,2266.0,971.0,1208.0,516.0
1.0,21010.0,4979.0,3240.0,0.0,0.0,0.0,2268.0,972.0,3485.0,1494.0
1.0,16031.0,6642.0,3337.0,0.0,3959.0,3959.0,2336.0,1001.0,4649.0,1993.0
1.0,9389.0,5063.0,3433.0,0.0,9406.0,9406.0,2403.0,1030.0,3545.0,1518.0
1.0,4326.0,1827.0,3433.0,3959.0,7274.0,7274.0,2403.0,1030.0,1280.0,547.0
1.0,6458.0,227.0,3339.0,9406.0,0.0,0.0,2337.0,1002.0,159.0,68.0
1.0,15637.0,1813.0,3246.0,7274.0,0.0,0.0,2272.0,974.0,1268.0,545.0
1.0,21098.0,5075.0,3250.0,0.0,0.0,0.0,2275.0,975.0,3551.0,1524.0
1.0,16023.0,6619.0,3346.0,0.0,3980.0,3980.0,2342.0,1004.0,4633.0,1986.0
1.0,9404.0,4850.0,3439.0,0.0,9202.0,9202.0,2407.0,1032.0,3396.0,1454.0
1.0,4554.0,1551.0,3436.0,3980.0,6761.0,6761.0,2405.0,1031.0,1087.0,464.0
1.0,6983.0,1.0,3339.0,9202.0,0.0,0.0,2337.0,1002.0,1.0,0.0
1.0,16184.0,1798.0,3249.0,6761.0,0.0,0.0,2274.0,975.0,1257.0,541.0
1.0,21147.0,5082.0,3254.0,0.0,0.0,0.0,2278.0,976.0,3555.0,1527.0
1.0,16065.0,6581.0,3352.0,0.0,3924.0,3924.0,2346.0,1006.0,4606.0,1975.0
1.0,9484.0,4893.0,3444.0,0.0,9185.0,9185.0,2411.0,1033.0,3428.0,1465.0
1.0,4591.0,1732.0,3440.0,3924.0,6977.0,6977.0,2408.0,1032.0,1214.0,518.0
1.0,6783.0,270.0,3346.0,9185.0,0.0,0.0,2342.0,1004.0,189.0,81.0
1.0,15698.0,1955.0,3254.0,6977.0,0.0,0.0,2278.0,976.0,1367.0,588.0
1.0,20720.0,5140.0,3260.0,0.0,0.0,0.0,2282.0,978.0,3595.0,1545.0
1.0,15580.0,6595.0,3356.0,0.0,4439.0,4439.0,2349.0,1007.0,4615.0,1980.0
1.0,8985.0,4876.0,3449.0,0.0,9687.0,9687.0,2414.0,1035.0,3416.0,1460.0
1.0,4109.0,1713.0,3448.0,4439.0,6957.0,6957.0,2414.0,1034.0,1203.0,510.0
1.0,6835.0,143.0,3354.0,9687.0,0.0,0.0,2348.0,1006.0,101.0,42.0
1.0,16379.0,1787.0,3263.0,6957.0,0.0,0.0,2284.0,979.0,1248.0,539.0
1.0,21549.0,4927.0,3265.0,0.0,0.0,0.0,2285.0,980.0,3446.0,1481.0
1.0,16622.0,6433.0,3359.0,0.0,3247.0,3247.0,2351.0,1008.0,4503.0,1930.0
1.0,10189.0,4815.0,3450.0,0.0,8426.0,8426.0,2415.0,1035.0,3373.0,1442.0
1.0,5374.0,1818.0,3451.0,3247.0,7001.0,7001.0,2416.0,1035.0,1275.0,543.0
1.0,6803.0,472.0,3363.0,8426.0,0.0,0.0,2354.0,1009.0,329.0,143.0
1.0,14757.0,2061.0,3274.0,7001.0,0.0,0.0,2292.0,982.0,1440.0,621.0
1.0,19697.0,5052.0,3276.0,0.0,0.0,0.0,2293.0,983.0,3536.0,1516.0
1.0,14645.0,6451.0,3367.0,0.0,5274.0,5274.0,2357.0,1010.0,4516.0,1935.0
1.0,8194.0,4863.0,3459.0,0.0,10505.0,10505.0,2421.0,1038.0,3406.0,1457.0
1.0,3331.0,1771.0,3459.0,5274.0,7002.0,7002.0,2421.0,1038.0,1241.0,530.0
1.0,6834.0,251.0,3367.0,10505.0,0.0,0.0,2357.0,1010.0,175.0,76.0
1.0,17088.0,1801.0,3277.0,7002.0,0.0,0.0,2294.0,983.0,1256.0,545.0
1.0,22289.0,4829.0,3277.0,0.0,0.0,0.0,2294.0,983.0,3376.0,1453.0
1.0,17460.0,6330.0,3368.0,0.0,2342.0,2342.0,2357.0,1011.0,4434.0,1896.0
1.0,11130.0,4888.0,3460.0,0.0,7598.0,7598.0,2422.0,1038.0,3427.0,1461.0
1.0,6242.0,1896.0,3463.0,2342.0,7164.0,7164.0,2424.0,1039.0,1331.0,565.0
1.0,6688.0,359.0,3373.0,7598.0,0.0,0.0,2361.0,1012.0,250.0,109.0
1.0,13927.0,1859.0,3280.0,7164.0,0.0,0.0,2296.0,984.0,1296.0,563.0
1.0,19232.0,4940.0,3279.0,0.0,0.0,0.0,2295.0,984.0,3452.0,1488.0
1.0,14292.0,6547.0,3370.0,0.0,5735.0,5735.0,2359.0,1011.0,4582.0,1965.0
1.0,7745.0,5010.0,3463.0,0.0,11117.0,11117.0,2424.0,1039.0,3512.0,1498.0
1.0,2735.0,1937.0,3466.0,5735.0,7331.0,7331.0,2426.0,1040.0,1363.0,574.0
1.0,6533.0,353.0,3376.0,11117.0,0.0,0.0,2363.0,1013.0,249.0,104.0
1.0,17297.0,1865.0,3286.0,7331.0,0.0,0.0,2300.0,986.0,1300.0,565.0
1.0,22763.0,4919.0,3286.0,0.0,0.0,0.0,2300.0,986.0,3437.0,1482.0
1.0,17844.0,6395.0,3380.0,0.0,2071.0,2071.0,2366.0,1014.0,4474.0,1921.0
1.0,11449.0,4819.0,3473.0,0.0,7262.0,7262.0,2431.0,1042.0,3378.0,1441.0
1.0,6630.0,1738.0,3473.0,2071.0,6929.0,6929.0,2431.0,1042.0,1224.0,514.0
1.0,6963.0,325.0,3384.0,7262.0,0.0,0.0,2369.0,1015.0,230.0,95.0
1.0,13900.0,1987.0,3294.0,6929.0,0.0,0.0,2306.0,988.0,1386.0,601.0
1.0,18842.0,5085.0,3295.0,0.0,0.0,0.0,2306.0,989.0,3552.0,1533.0
1.0,13757.0,6569.0,3386.0,0.0,6356.0,6356.0,2370.0,1016.0,4594.0,1975.0
1.0,7188.0,4883.0,3476.0,0.0,11599.0,11599.0,2433.0,1043.0,3424.0,1459.0
1.0,2305.0,1859.0,3476.0,6356.0,7102.0,7102.0,2433.0,1043.0,1310.0,549.0
1.0,6802.0,327.0,3385.0,11599.0,0.0,0.0,2370.0,1015.0,233.0,94.0
1.0,18074.0,1912.0,3294.0,7102.0,0.0,0.0,2306.0,988.0,1332.0,580.0
1.0,23264.0,5032.0,3298.0,0.0,0.0,0.0,2308.0,990.0,3510.0,1522.0
1.0,18232.0,6500.0,3393.0,0.0,1840.0,1840.0,2375.0,1018.0,4545.0,1955.0
1.0,11732.0,4870.0,3487.0,0.0,7086.0,7086.0,2441.0,1046.0,3419.0,1451.0
1.0,6862.0,1736.0,3486.0,1840.0,6978.0,6978.0,2440.0,1046.0,1227.0,509.0
1.0,6966.0,192.0,3391.0,7086.0,0.0,0.0,2374.0,1017.0,136.0,56.0
1.0,13860.0,1817.0,3300.0,6978.0,0.0,0.0,2310.0,990.0,1263.0,554.0
1.0,19021.0,5031.0,3303.0,0.0,0.0,0.0,2312.0,991.0,3511.0,1520.0
1.0,13990.0,6658.0,3398.0,0.0,6260.0,6260.0,2378.0,1020.0,4660.0,1998.0
1.0,7332.0,5028.0,3489.0,0.0,11652.0,11652.0,2442.0,1047.0,3528.0,1500.0
1.0,2304.0,1860.0,3487.0,6260.0,7244.0,7244.0,2441.0,1046.0,1309.0,551.0
1.0,6704.0,306.0,3394.0,11652.0,0.0,0.0,2376.0,1018.0,214.0,92.0
1.0,18050.0,1940.0,3304.0,7244.0,0.0,0.0,2313.0,991.0,1352.0,588.0
1.0,23354.0,5097.0,3309.0,0.0,0.0,0.0,2316.0,993.0,3559.0,1538.0
1.0,18257.0,6546.0,3402.0,0.0,1897.0,1897.0,2381.0,1021.0,4582.0,1964.0
1.0,11711.0,4821.0,3492.0,0.0,7078.0,7078.0,2444.0,1048.0,3382.0,1439.0
1.0,6890.0,1619.0,3489.0,1897.0,6788.0,6788.0,2442.0,1047.0,1141.0,478.0
1.0,7168.0,115.0,3396.0,7078.0,0.0,0.0,2377.0,1019.0,81.0,34.0
1.0,14131.0,1873.0,3308.0,6788.0,0.0,0.0,2316.0,992.0,1305.0,568.0
1.0,19046.0,5155.0,3315.0,0.0,0.0,0.0,2320.0,995.0,3600.0,1555.0
1.0,13891.0,6713.0,3409.0,0.0,6458.0,6458.0,2386.0,1023.0,4697.0,2016.0
1.0,7178.0,4978.0,3496.0,0.0,11784.0,11784.0,2447.0,1049.0,3491.0,1487.0
1.0,2200.0,1784.0,3490.0,6458.0,7086.0,7086.0,2443.0,1047.0,1258.0,526.0
1.0,6874.0,314.0,3400.0,11784.0,0.0,0.0,2380.0,1020.0,224.0,90.0
1.0,18344.0,2013.0,3314.0,7086.0,0.0,0.0,2320.0,994.0,1401.0,612.0
1.0,23417.0,5169.0,3319.0,0.0,0.0,0.0,2323.0,996.0,3606.0,1563.0
1.0,18248.0,6562.0,3412.0,0.0,1962.0,1962.0,2388.0,1024.0,4590.0,1972.0
1.0,11686.0,4898.0,3502.0,0.0,7220.0,7220.0,2451.0,1051.0,3437.0,1461.0
1.0,6788.0,1750.0,3500.0,1962.0,7000.0,7000.0,2450.0,1050.0,1238.0,512.0
1.0,7000.0,233.0,3411.0,7220.0,0.0,0.0,2388.0,1023.0,166.0,67.0
1.0,13987.0,1861.0,3326.0,7000.0,0.0,0.0,2328.0,998.0,1294.0,567.0
1.0,19126.0,4994.0,3328.0,0.0,0.0,0.0,2329.0,999.0,3484.0,1510.0
1.0,14132.0,6565.0,3418.0,0.0,6105.0,6105.0,2392.0,1026.0,4591.0,1974.0
1.0,7567.0,5011.0,3507.0,0.0,11472.0,11472.0,2455.0,1052.0,3517.0,1494.0
1.0,2556.0,1856.0,3507.0,6105.0,7223.0,7223.0,2455.0,1052.0,1313.0,543.0
1.0,6805.0,338.0,3418.0,11472.0,0.0,0.0,2393.0,1025.0,238.0,100.0
1.0,17939.0,1997.0,3331.0,7223.0,0.0,0.0,2332.0,999.0,1387.0,610.0
1.0,23165.0,5109.0,3333.0,0.0,0.0,0.0,2333.0,1000.0,3565.0,1544.0
1.0,18056.0,6598.0,3422.0,0.0,2230.0,2230.0,2395.0,1027.0,4618.0,1980.0
1.0,11458.0,4915.0,3510.0,0.0,7497.0,7497.0,2457.0,1053.0,3451.0,1464.0
1.0,6543.0,1696.0,3507.0,2230.0,6951.0,6951.0,2455.0,1052.0,1197.0,499.0
1.0,7077.0,158.0,3415.0,7497.0,0.0,0.0,2391.0,1024.0,110.0,48.0
1.0,14416.0,1845.0,3328.0,6951.0,0.0,0.0,2330.0,998.0,1281.0,564.0
1.0,19522.0,5085.0,3333.0,0.0,0.0,0.0,2333.0,1000.0,3551.0,1534.0
1.0,14437.0,6573.0,3426.0,0.0,5840.0,5840.0,2398.0,1028.0,4603.0,1970.0
1.0,7864.0,4922.0,3515.0,0.0,11118.0,11118.0,2460.0,1055.0,3454.0,1468.0
1.0,2942.0,1814.0,3511.0,5840.0,7076.0,7076.0,2458.0,1053.0,1278.0,536.0
1.0,6968.0,379.0,3421.0,11118.0,0.0,0.0,2395.0,1026.0,266.0,113.0
1.0,17707.0,2047.0,3334.0,7076.0,0.0,0.0,2334.0,1000.0,1425.0,622.0
1.0,22736.0,5158.0,3339.0,0.0,0.0,0.0,2337.0,1002.0,3600.0,1558.0
1.0,17578.0,6660.0,3432.0,0.0,2810.0,2810.0,2402.0,1030.0,4659.0,2001.0
1.0,10918.0,4970.0,3521.0,0.0,8136.0,8136.0,2464.0,1057.0,3485.0,1485.0
1.0,5948.0,1816.0,3519.0,2810.0,7134.0,7134.0,2463.0,1056.0,1281.0,535.0
1.0,6942.0,233.0,3427.0,8136.0,0.0,0.0,2399.0,1028.0,167.0,66.0
1.0,14845.0,1796.0,3336.0,7134.0,0.0,0.0,2335.0,1001.0,1251.0,545.0
1.0,20183.0,4921.0,3337.0,0.0,0.0,0.0,2336.0,1001.0,3433.0,1488.0
1.0,15262.0,6504.0,3429.0,0.0,4958.0,4958.0,2400.0,1029.0,4547.0,1957.0
1.0,8758.0,4976.0,3521.0,0.0,10302.0,10302.0,2464.0,1057.0,3490.0,1486.0
1.0,3782.0,1879.0,3522.0,4958.0,7227.0,7227.0,2465.0,1057.0,1329.0,550.0
1.0,6861.0,315.0,3431.0,10302.0,0.0,0.0,2402.0,1029.0,227.0,88.0
1.0,16848.0,1909.0,3340.0,7227.0,0.0,0.0,2338.0,1002.0,1329.0,580.0
1.0,22166.0,5083.0,3341.0,0.0,0.0,0.0,2338.0,1003.0,3543.0,1540.0
1.0,17083.0,6629.0,3432.0,0.0,3274.0,3274.0,2402.0,1030.0,4632.0,1997.0
1.0,10454.0,4982.0,3522.0,0.0,8616.0,8616.0,2465.0,1057.0,3494.0,1488.0
1.0,5472.0,1862.0,3521.0,3274.0,7200.0,7200.0,2465.0,1056.0,1318.0,544.0
1.0,6884.0,327.0,3429.0,8616.0,0.0,0.0,2401.0,1028.0,237.0,90.0
1.0,15173.0,1892.0,3340.0,7200.0,0.0,0.0,2338.0,1002.0,1318.0,574.0
1.0,20481.0,4970.0,3343.0,0.0,0.0,0.0,2340.0,1003.0,3466.0,1504.0
1.0,15511.0,6391.0,3435.0,0.0,4620.0,4620.0,2404.0,1031.0,4466.0,1925.0
1.0,9120.0,4790.0,3525.0,0.0,9770.0,9770.0,2467.0,1058.0,3359.0,1431.0
1.0,4330.0,1772.0,3523.0,4620.0,6914.0,6914.0,2466.0,1057.0,1254.0,518.0
1.0,7178.0,381.0,3431.0,9770.0,0.0,0.0,2402.0,1029.0,274.0,107.0
1.0,16567.0,2095.0,3342.0,6914.0,0.0,0.0,2340.0,1002.0,1461.0,634.0
1.0,21386.0,5203.0,3346.0,0.0,0.0,0.0,2342.0,1004.0,3628.0,1575.0
1.0,16183.0,6585.0,3438.0,0.0,4154.0,4154.0,2406.0,1032.0,4600.0,1985.0
1.0,9598.0,4845.0,3525.0,0.0,9347.0,9347.0,2467.0,1058.0,3399.0,1446.0
1.0,4753.0,1749.0,3520.0,4154.0,6922.0,6922.0,2464.0,1056.0,1241.0,508.0
1.0,7158.0,384.0,3428.0,9347.0,0.0,0.0,2400.0,1028.0,275.0,109.0
1.0,16121.0,2106.0,3343.0,6922.0,0.0,0.0,2340.0,1003.0,1465.0,641.0
1.0,20937.0,5137.0,3347.0,0.0,0.0,0.0,2343.0,1004.0,3582.0,1555.0
1.0,15800.0,6410.0,3437.0,0.0,4358.0,4358.0,2405.0,1032.0,4481.0,1929.0
1.0,9390.0,4673.0,3522.0,0.0,9371.0,9371.0,2465.0,1057.0,3280.0,1393.0
1.0,4717.0,1630.0,3518.0,4358.0,6627.0,6627.0,2463.0,1055.0,1156.0,474.0
1.0,7445.0,408.0,3430.0,9371.0,0.0,0.0,2401.0,1029.0,290.0,118.0
1.0,16408.0,2234.0,3347.0,6627.0,0.0,0.0,2343.0,1004.0,1553.0,681.0
1.0,20801.0,5233.0,3350.0,0.0,0.0,0.0,2345.0,1005.0,3648.0,1585.0
1.0,15568.0,6449.0,3439.0,0.0,4637.0,4637.0,2407.0,1032.0,4510.0,1939.0
1.0,9119.0,4697.0,3523.0,0.0,9670.0,9670.0,2466.0,1057.0,3299.0,1398.0
1.0,4422.0,1775.0,3519.0,4637.0,6792.0,6792.0,2463.0,1056.0,1258.0,517.0
1.0,7284.0,596.0,3432.0,9670.0,0.0,0.0,2403.0,1029.0,420.0,176.0
1.0,16358.0,2298.0,3350.0,6792.0,0.0,0.0,2345.0,1005.0,1599.0,699.0
1.0,20852.0,5153.0,3353.0,0.0,0.0,0.0,2347.0,1006.0,3592.0,1561.0
1.0,15699.0,6323.0,3442.0,0.0,4392.0,4392.0,2409.0,1033.0,4423.0,1900.0
1.0,9376.0,4567.0,3528.0,0.0,9303.0,9303.0,2469.0,1059.0,3209.0,1358.0
1.0,4809.0,1610.0,3523.0,4392.0,6501.0,6501.0,2466.0,1057.0,1142.0,468.0
1.0,7591.0,426.0,3434.0,9303.0,0.0,0.0,2404.0,1030.0,300.0,126.0
1.0,16468.0,2238.0,3350.0,6501.0,0.0,0.0,2345.0,1005.0,1556.0,682.0
1.0,20731.0,5245.0,3356.0,0.0,0.0,0.0,2349.0,1007.0,3656.0,1589.0
1.0,15486.0,6446.0,3445.0,0.0,4740.0,4740.0,2411.0,1034.0,4509.0,1937.0
1.0,9040.0,4691.0,3528.0,0.0,9763.0,9763.0,2469.0,1059.0,3296.0,1395.0
1.0,4349.0,1753.0,3523.0,4740.0,6756.0,6756.0,2466.0,1057.0,1241.0,512.0
1.0,7336.0,630.0,3435.0,9763.0,0.0,0.0,2405.0,1030.0,444.0,186.0
1.0,16469.0,2500.0,3355.0,6756.0,0.0,0.0,2349.0,1006.0,1740.0,760.0
1.0,20725.0,5418.0,3364.0,0.0,0.0,0.0,2355.0,1009.0,3778.0,1640.0
1.0,15307.0,6381.0,3452.0,0.0,4882.0,4882.0,2416.0,1036.0,4461.0,1920.0
1.0,8926.0,4411.0,3532.0,0.0,9613.0,9613.0,2472.0,1060.0,3098.0,1313.0
1.0,4515.0,1438.0,3526.0,4882.0,6145.0,6145.0,2468.0,1058.0,1024.0,414.0
1.0,7959.0,482.0,3440.0,9613.0,0.0,0.0,2408.0,1032.0,343.0,139.0
1.0,17090.0,2454.0,3362.0,6145.0,0.0,0.0,2354.0,1008.0,1706.0,748.0
1.0,20781.0,5430.0,3371.0,0.0,0.0,0.0,2360.0,1011.0,3785.0,1645.0
1.0,15351.0,6375.0,3458.0,0.0,4856.0,4856.0,2420.0,1038.0,4458.0,1917.0
1.0,8976.0,4408.0,3536.0,0.0,9576.0,9576.0,2475.0,1061.0,3098.0,1310.0
1.0,4568.0,1547.0,3529.0,4856.0,6239.0,6239.0,2470.0,1059.0,1097.0,450.0
1.0,7877.0,704.0,3445.0,9576.0,0.0,0.0,2412.0,1033.0,496.0,208.0
1.0,16749.0,2711.0,3370.0,6239.0,0.0,0.0,2359.0,1011.0,1885.0,826.0
1.0,20277.0,5498.0,3380.0,0.0,0.0,0.0,2366.0,1014.0,3834.0,1664.0
1.0,14779.0,6326.0,3465.0,0.0,5407.0,5407.0,2425.0,1040.0,4426.0,1900.0
1.0,8453.0,4373.0,3543.0,0.0,10092.0,10092.0,2480.0,1063.0,3073.0,1300.0
1.0,4080.0,1513.0,3536.0,5407.0,6170.0,6170.0,2475.0,1061.0,1073.0,440.0
1.0,7974.0,601.0,3452.0,10092.0,0.0,0.0,2417.0,1035.0,424.0,177.0
1.0,17465.0,2526.0,3378.0,6170.0,0.0,0.0,2365.0,1013.0,1756.0,770.0
1.0,21109.0,5323.0,3387.0,0.0,0.0,0.0,2371.0,1016.0,3712.0,1611.0
1.0,15786.0,6251.0,3474.0,0.0,4361.0,4361.0,2431.0,1043.0,4375.0,1876.0
1.0,9535.0,4375.0,3551.0,0.0,9044.0,9044.0,2485.0,1066.0,3073.0,1302.0
1.0,5160.0,1621.0,3541.0,4361.0,6264.0,6264.0,2479.0,1062.0,1147.0,474.0
1.0,7900.0,741.0,3455.0,9044.0,0.0,0.0,2419.0,1036.0,520.0,221.0
1.0,16203.0,2546.0,3378.0,6264.0,0.0,0.0,2365.0,1013.0,1773.0,773.0
1.0,19921.0,5418.0,3389.0,0.0,0.0,0.0,2372.0,1017.0,3782.0,1636.0
1.0,14503.0,6443.0,3479.0,0.0,5856.0,5856.0,2435.0,1044.0,4507.0,1936.0
1.0,8060.0,4529.0,3559.0,0.0,10705.0,10705.0,2491.0,1068.0,3178.0,1351.0
1.0,3531.0,1613.0,3550.0,5856.0,6426.0,6426.0,2485.0,1065.0,1141.0,472.0
1.0,7774.0,578.0,3462.0,10705.0,0.0,0.0,2424.0,1038.0,407.0,171.0
1.0,17901.0,2449.0,3385.0,6426.0,0.0,0.0,2370.0,1015.0,1706.0,743.0
1.0,21878.0,5252.0,3397.0,0.0,0.0,0.0,2378.0,1019.0,3666.0,1586.0
1.0,16626.0,6250.0,3486.0,0.0,3568.0,3568.0,2440.0,1046.0,4374.0,1876.0
1.0,10376.0,4458.0,3563.0,0.0,8334.0,8334.0,2494.0,1069.0,3127.0,1331.0
1.0,5918.0,1692.0,3553.0,3568.0,6418.0,6418.0,2487.0,1066.0,1193.0,499.0
1.0,7794.0,772.0,3468.0,8334.0,0.0,0.0,2428.0,1040.0,544.0,228.0
1.0,15356.0,2595.0,3394.0,6418.0,0.0,0.0,2376.0,1018.0,1810.0,785.0
1.0,19179.0,5367.0,3406.0,0.0,0.0,0.0,2384.0,1022.0,3748.0,1619.0
1.0,13812.0,6346.0,3494.0,0.0,6510.0,6510.0,2445.0,1049.0,4440.0,1906.0
1.0,7466.0,4491.0,3569.0,0.0,11301.0,11301.0,2498.0,1071.0,3150.0,1341.0
1.0,2975.0,1727.0,3558.0,6510.0,6474.0,6474.0,2491.0,1067.0,1217.0,510.0
1.0,7758.0,686.0,3472.0,11301.0,0.0,0.0,2431.0,1041.0,482.0,204.0
1.0,18373.0,2426.0,3397.0,6474.0,0.0,0.0,2378.0,1019.0,1692.0,734.0
1.0,22421.0,5250.0,3410.0,0.0,0.0,0.0,2387.0,1023.0,3665.0,1585.0
1.0,17171.0,6267.0,3499.0,0.0,3092.0,3092.0,2449.0,1050.0,4384.0,1883.0
1.0,10904.0,4445.0,3577.0,0.0,7849.0,7849.0,2504.0,1073.0,3120.0,1325.0
1.0,6459.0,1635.0,3566.0,3092.0,6348.0,6348.0,2496.0,1070.0,1156.0,479.0
1.0,7916.0,724.0,3478.0,7849.0,0.0,0.0,2435.0,1043.0,509.0,215.0
1.0,15041.0,2543.0,3404.0,6348.0,0.0,0.0,2383.0,1021.0,1771.0,772.0
1.0,18846.0,5326.0,3416.0,0.0,144.0,144.0,2391.0,1025.0,3717.0,1609.0
1.0,13520.0,6233.0,3502.0,0.0,6721.0,6721.0,2451.0,1051.0,4360.0,1873.0
1.0,7287.0,4498.0,3576.0,144.0,11371.0,11371.0,2503.0,1073.0,3158.0,1340.0
1.0,2933.0,1752.0,3561.0,6721.0,6342.0,6342.0,2493.0,1068.0,1239.0,513.0
1.0,7902.0,847.0,3474.0,11371.0,0.0,0.0,2432.0,1042.0,594.0,253.0
1.0,18426.0,2610.0,3401.0,6342.0,0.0,0.0,2381.0,1020.0,1815.0,795.0
1.0,22158.0,5192.0,3416.0,0.0,0.0,0.0,2391.0,1025.0,3621.0,1571.0
1.0,16966.0,6023.0,3505.0,0.0,3077.0,3077.0,2453.0,1052.0,4215.0,1808.0
1.0,10943.0,4221.0,3576.0,0.0,7582.0,7582.0,2503.0,1073.0,2967.0,1254.0
1.0,6722.0,1655.0,3561.0,3077.0,6100.0,6100.0,2493.0,1068.0,1172.0,483.0
1.0,8144.0,942.0,3475.0,7582.0,0.0,0.0,2433.0,1042.0,662.0,280.0
1.0,14784.0,2785.0,3405.0,6100.0,0.0,0.0,2384.0,1021.0,1937.0,848.0
1.0,18099.0,5370.0,3425.0,0.0,971.0,971.0,2397.0,1028.0,3745.0,1625.0
1.0,12729.0,6158.0,3513.0,0.0,7481.0,7481.0,2459.0,1054.0,4310.0,1848.0
1.0,6571.0,4391.0,3584.0,971.0,11185.0,11185.0,2508.0,1076.0,3084.0,1307.0
1.0,3151.0,1756.0,3566.0,7481.0,5388.0,5388.0,2496.0,1070.0,1240.0,516.0
1.0,8876.0,1000.0,3479.0,11185.0,0.0,0.0,2436.0,1043.0,703.0,297.0
1.0,19061.0,2793.0,3411.0,5388.0,0.0,0.0,2388.0,1023.0,1947.0,846.0
1.0,21656.0,5318.0,3429.0,0.0,0.0,0.0,2400.0,1029.0,3711.0,1607.0
1.0,16338.0,6072.0,3517.0,0.0,3802.0,3802.0,2461.0,1056.0,4245.0,1827.0
1.0,10266.0,4259.0,3588.0,0.0,8345.0,8345.0,2511.0,1077.0,2989.0,1270.0
1.0,6007.0,1629.0,3570.0,3802.0,6100.0,6100.0,2499.0,1071.0,1153.0,476.0
1.0,8180.0,841.0,3484.0,8345.0,0.0,0.0,2439.0,1045.0,592.0,249.0
1.0,15684.0,2685.0,3415.0,6100.0,0.0,0.0,2391.0,1024.0,1870.0,815.0
1.0,19099.0,5289.0,3433.0,0.0,0.0,0.0,2403.0,1030.0,3689.0,1600.0
1.0,13810.0,6137.0,3519.0,0.0,6403.0,6403.0,2463.0,1056.0,4292.0,1845.0
1.0,7673.0,4442.0,3591.0,0.0,11133.0,11133.0,2513.0,1078.0,3121.0,1321.0
1.0,3231.0,1910.0,3578.0,6403.0,6588.0,6588.0,2505.0,1073.0,1352.0,558.0
1.0,7724.0,1065.0,3495.0,11133.0,0.0,0.0,2447.0,1048.0,749.0,316.0
1.0,17792.0,2748.0,3424.0,6588.0,0.0,0.0,2397.0,1027.0,1912.0,836.0
1.0,21632.0,5223.0,3437.0,0.0,0.0,0.0,2406.0,1031.0,3639.0,1584.0
1.0,16409.0,6058.0,3522.0,0.0,3737.0,3737.0,2465.0,1057.0,4235.0,1823.0
1.0,10351.0,4389.0,3596.0,0.0,8422.0,8422.0,2517.0,1079.0,3085.0,1304.0
1.0,5962.0,1823.0,3584.0,3737.0,6460.0,6460.0,2509.0,1075.0,1294.0,529.0
1.0,7876.0,879.0,3500.0,8422.0,0.0,0.0,2450.0,1050.0,619.0,260.0
1.0,15419.0,2486.0,3427.0,6460.0,0.0,0.0,2399.0,1028.0,1726.0,760.0
1.0,19393.0,5077.0,3439.0,0.0,0.0,0.0,2407.0,1032.0,3536.0,1541.0
1.0,14316.0,6117.0,3525.0,0.0,5901.0,5901.0,2467.0,1058.0,4279.0,1838.0
1.0,8199.0,4548.0,3598.0,0.0,10741.0,10741.0,2518.0,1080.0,3197.0,1351.0
1.0,3651.0,2011.0,3586.0,5901.0,6803.0,6803.0,2510.0,1076.0,1425.0,586.0
1.0,7541.0,1078.0,3504.0,10741.0,0.0,0.0,2453.0,1051.0,757.0,321.0
1.0,17204.0,2651.0,3433.0,6803.0,0.0,0.0,2403.0,1030.0,1841.0,810.0
1.0,21356.0,5164.0,3445.0,0.0,0.0,0.0,2411.0,1034.0,3599.0,1565.0
1.0,16192.0,6066.0,3529.0,0.0,3990.0,3990.0,2470.0,1059.0,4245.0,1821.0
1.0,10126.0,4423.0,3600.0,0.0,8697.0,8697.0,2520.0,1080.0,3112.0,1311.0
1.0,5703.0,1838.0,3590.0,3990.0,6505.0,6505.0,2513.0,1077.0,1301.0,537.0
1.0,7855.0,826.0,3504.0,8697.0,0.0,0.0,2453.0,1051.0,578.0,248.0
1.0,15726.0,2399.0,3430.0,6505.0,0.0,0.0,2401.0,1029.0,1665.0,734.0
1.0,19832.0,5064.0,3442.0,0.0,0.0,0.0,2409.0,1033.0,3532.0,1532.0
1.0,14768.0,6175.0,3529.0,0.0,5523.0,5523.0,2470.0,1059.0,4321.0,1854.0
1.0,8593.0,4555.0,3603.0,0.0,10374.0,10374.0,2522.0,1081.0,3201.0,1354.0
1.0,4038.0,1949.0,3591.0,5523.0,6752.0,6752.0,2514.0,1077.0,1378.0,571.0
1.0,7612.0,1007.0,3508.0,10374.0,0.0,0.0,2456.0,1052.0,707.0,300.0
1.0,16979.0,2692.0,3440.0,6752.0,0.0,0.0,2408.0,1032.0,1872.0,820.0
1.0,21039.0,5302.0,3456.0,0.0,0.0,0.0,2419.0,1037.0,3698.0,1604.0
1.0,15737.0,6187.0,3541.0,0.0,4614.0,4614.0,2478.0,1063.0,4328.0,1859.0
1.0,9550.0,4442.0,3610.0,0.0,9332.0,9332.0,2527.0,1083.0,3119.0,1323.0
1.0,5108.0,1833.0,3595.0,4614.0,6491.0,6491.0,2517.0,1078.0,1297.0,536.0
1.0,7889.0,931.0,3514.0,9332.0,0.0,0.0,2460.0,1054.0,654.0,277.0
1.0,16290.0,2589.0,3447.0,6491.0,0.0,0.0,2413.0,1034.0,1802.0,787.0
1.0,20192.0,5072.0,3463.0,0.0,0.0,0.0,2424.0,1039.0,3538.0,1534.0
1.0,15120.0,6017.0,3548.0,0.0,5089.0,5089.0,2483.0,1065.0,4211.0,1806.0
1.0,9103.0,4405.0,3614.0,0.0,9758.0,9758.0,2529.0,1085.0,3095.0,1310.0
1.0,4698.0,1864.0,3596.0,5089.0,6461.0,6461.0,2517.0,1079.0,1317.0,547.0
1.0,7923.0,1016.0,3512.0,9758.0,0.0,0.0,2459.0,1053.0,712.0,304.0
1.0,16665.0,2803.0,3448.0,6461.0,0.0,0.0,2414.0,1034.0,1949.0,854.0
1.0,20323.0,5390.0,3467.0,0.0,0.0,0.0,2427.0,1040.0,3759.0,1631.0
1.0,14933.0,6156.0,3552.0,0.0,5431.0,5431.0,2486.0,1066.0,4309.0,1847.0
1.0,8777.0,4323.0,3616.0,0.0,10010.0,10010.0,2531.0,1085.0,3039.0,1284.0
1.0,4454.0,1737.0,3596.0,5431.0,6236.0,6236.0,2517.0,1079.0,1229.0,508.0
1.0,8148.0,963.0,3511.0,10010.0,0.0,0.0,2458.0,1053.0,674.0,289.0
1.0,17195.0,2768.0,3448.0,6236.0,0.0,0.0,2414.0,1034.0,1924.0,844.0
1.0,20663.0,5298.0,3468.0,0.0,0.0,0.0,2427.0,1041.0,3695.0,1603.0
1.0,15365.0,6099.0,3554.0,0.0,4950.0,4950.0,2487.0,1067.0,4269.0,1830.0
1.0,9266.0,4327.0,3621.0,0.0,9545.0,9545.0,2534.0,1087.0,3043.0,1284.0
1.0,4939.0,1737.0,3603.0,4950.0,6260.0,6260.0,2522.0,1081.0,1230.0,507.0
1.0,8152.0,934.0,3519.0,9545.0,0.0,0.0,2464.0,1055.0,655.0,279.0
1.0,16763.0,2816.0,3455.0,6260.0,0.0,0.0,2419.0,1036.0,1957.0,859.0
1.0,20207.0,5518.0,3476.0,0.0,0.0,0.0,2433.0,1043.0,3848.0,1670.0
1.0,14689.0,6285.0,3560.0,0.0,5836.0,5836.0,2491.0,1069.0,4399.0,1886.0
1.0,8404.0,4416.0,3625.0,0.0,10512.0,10512.0,2537.0,1088.0,3105.0,1311.0
1.0,3988.0,1692.0,3604.0,5836.0,6284.0,6284.0,2523.0,1081.0,1199.0,493.0
1.0,8132.0,832.0,3519.0,10512.0,0.0,0.0,2464.0,1055.0,583.0,249.0
1.0,17812.0,2692.0,3455.0,6284.0,0.0,0.0,2419.0,1036.0,1870.0,822.0
1.0,21404.0,5410.0,3475.0,0.0,0.0,0.0,2432.0,1043.0,3772.0,1638.0
1.0,15994.0,6197.0,3559.0,0.0,4439.0,4439.0,2491.0,1068.0,4337.0,1860.0
1.0,9797.0,4296.0,3625.0,0.0,8999.0,8999.0,2537.0,1088.0,3020.0,1276.0
1.0,5501.0,1556.0,3607.0,4439.0,6044.0,6044.0,2525.0,1082.0,1103.0,453.0
1.0,8384.0,797.0,3524.0,8999.0,0.0,0.0,2467.0,1057.0,560.0,237.0
1.0,16586.0,2690.0,3458.0,6044.0,0.0,0.0,2421.0,1037.0,1870.0,820.0
1.0,19940.0,5497.0,3476.0,0.0,0.0,0.0,2433.0,1043.0,3834.0,1663.0
1.0,14443.0,6423.0,3561.0,0.0,6224.0,6224.0,2492.0,1069.0,4496.0,1927.0
1.0,8020.0,4524.0,3628.0,0.0,11016.0,11016.0,2539.0,1089.0,3179.0,1345.0
1.0,3496.0,1741.0,3610.0,6224.0,6461.0,6461.0,2527.0,1083.0,1229.0,512.0
1.0,7979.0,783.0,3526.0,11016.0,0.0,0.0,2469.0,1057.0,549.0,234.0
1.0,18212.0,2652.0,3460.0,6461.0,0.0,0.0,2422.0,1038.0,1845.0,807.0
1.0,22021.0,5399.0,3479.0,0.0,0.0,0.0,2435.0,1044.0,3767.0,1632.0
1.0,16622.0,6257.0,3564.0,0.0,3891.0,3891.0,2494.0,1070.0,4379.0,1878.0
1.0,10365.0,4342.0,3632.0,0.0,8505.0,8505.0,2542.0,1090.0,3052.0,1290.0
1.0,6023.0,1546.0,3615.0,3891.0,6092.0,6092.0,2531.0,1084.0,1094.0,452.0
1.0,8368.0,740.0,3532.0,8505.0,0.0,0.0,2473.0,1059.0,517.0,223.0
1.0,16133.0,2765.0,3467.0,6092.0,0.0,0.0,2427.0,1040.0,1924.0,841.0
1.0,19460.0,5558.0,3486.0,0.0,42.0,42.0,2440.0,1046.0,3878.0,1680.0
1.0,13902.0,6375.0,3571.0,0.0,6757.0,6757.0,2499.0,1072.0,4461.0,1914.0
1.0,7527.0,4427.0,3636.0,42.0,11402.0,11402.0,2545.0,1091.0,3110.0,1317.0
1.0,3142.0,1755.0,3619.0,6757.0,6332.0,6332.0,2533.0,1086.0,1242.0,513.0
1.0,8144.0,948.0,3535.0,11402.0,0.0,0.0,2475.0,1060.0,666.0,282.0
1.0,18598.0,2888.0,3471.0,6332.0,0.0,0.0,2430.0,1041.0,2010.0,878.0
1.0,22042.0,5597.0,3493.0,0.0,0.0,0.0,2445.0,1048.0,3902.0,1695.0
1.0,16445.0,6342.0,3581.0,0.0,4221.0,4221.0,2506.0,1075.0,4436.0,1906.0
1.0,10103.0,4424.0,3648.0,0.0,8913.0,8913.0,2553.0,1095.0,3109.0,1315.0
1.0,5679.0,1611.0,3629.0,4221.0,6227.0,6227.0,2540.0,1089.0,1143.0,468.0
1.0,8289.0,728.0,3545.0,8913.0,0.0,0.0,2482.0,1063.0,512.0,216.0
1.0,16474.0,2556.0,3478.0,6227.0,0.0,0.0,2435.0,1043.0,1778.0,778.0
1.0,20145.0,5413.0,3498.0,0.0,0.0,0.0,2448.0,1050.0,3774.0,1639.0
1.0,14732.0,6349.0,3584.0,0.0,5953.0,5953.0,2508.0,1076.0,4440.0,1909.0
1.0,8383.0,4527.0,3652.0,0.0,10752.0,10752.0,2556.0,1096.0,3181.0,1346.0
1.0,3856.0,1766.0,3632.0,5953.0,6485.0,6485.0,2542.0,1090.0,1251.0,515.0
1.0,8043.0,896.0,3545.0,10752.0,0.0,0.0,2482.0,1063.0,631.0,265.0
1.0,17899.0,2760.0,3480.0,6485.0,0.0,0.0,2436.0,1044.0,1922.0,838.0
1.0,21624.0,5480.0,3502.0,0.0,0.0,0.0,2451.0,1051.0,3819.0,1661.0
1.0,16144.0,6361.0,3591.0,0.0,4581.0,4581.0,2513.0,1078.0,4447.0,1914.0
1.0,9783.0,4454.0,3658.0,0.0,9303.0,9303.0,2560.0,1098.0,3130.0,1324.0
1.0,5329.0,1675.0,3637.0,4581.0,6313.0,6313.0,2546.0,1091.0,1190.0,485.0
1.0,8235.0,795.0,3551.0,9303.0,0.0,0.0,2486.0,1065.0,560.0,235.0
1.0,16743.0,2614.0,3484.0,6313.0,0.0,0.0,2439.0,1045.0,1817.0,797.0
1.0,20442.0,5285.0,3502.0,0.0,0.0,0.0,2451.0,1051.0,3683.0,1602.0
1.0,15157.0,6127.0,3587.0,0.0,5318.0,5318.0,2510.0,1077.0,4284.0,1843.0
1.0,9030.0,4284.0,3651.0,0.0,9858.0,9858.0,2555.0,1096.0,3012.0,1272.0
1.0,4746.0,1763.0,3631.0,5318.0,6223.0,6223.0,2542.0,1089.0,1252.0,511.0
1.0,8301.0,1116.0,3546.0,9858.0,0.0,0.0,2483.0,1063.0,786.0,330.0
1.0,17043.0,3001.0,3483.0,6223.0,0.0,0.0,2438.0,1045.0,2086.0,915.0
1.0,20265.0,5458.0,3503.0,0.0,0.0,0.0,2452.0,1051.0,3803.0,1655.0
1.0,14807.0,6095.0,3588.0,0.0,5640.0,5640.0,2511.0,1077.0,4262.0,1833.0
1.0,8712.0,4268.0,3654.0,0.0,10172.0,10172.0,2557.0,1097.0,3002.0,1266.0
1.0,4444.0,1730.0,3635.0,5640.0,6186.0,6186.0,2545.0,1090.0,1230.0,500.0
1.0,8354.0,1025.0,3551.0,10172.0,0.0,0.0,2486.0,1065.0,722.0,303.0
1.0,17501.0,2839.0,3487.0,6186.0,0.0,0.0,2441.0,1046.0,1971.0,868.0
1.0,20848.0,5361.0,3507.0,0.0,0.0,0.0,2454.0,1053.0,3732.0,1629.0
1.0,15487.0,6045.0,3594.0,0.0,4934.0,4934.0,2515.0,1079.0,4228.0,1817.0
1.0,9442.0,4209.0,3659.0,0.0,9403.0,9403.0,2561.0,1098.0,2963.0,1246.0
1.0,5233.0,1691.0,3640.0,4934.0,6084.0,6084.0,2548.0,1092.0,1202.0,489.0
1.0,8476.0,1055.0,3554.0,9403.0,0.0,0.0,2488.0,1066.0,743.0,312.0
1.0,16824.0,2971.0,3488.0,6084.0,0.0,0.0,2442.0,1046.0,2066.0,905.0
1.0,19937.0,5563.0,3508.0,0.0,0.0,0.0,2455.0,1053.0,3873.0,1690.0
1.0,14374.0,6221.0,3594.0,0.0,6223.0,6223.0,2515.0,1079.0,4347.0,1874.0
1.0,8153.0,4323.0,3662.0,0.0,10818.0,10818.0,2563.0,1099.0,3041.0,1282.0
1.0,3830.0,1760.0,3645.0,6223.0,6287.0,6287.0,2552.0,1093.0,1256.0,504.0
1.0,8293.0,1111.0,3562.0,10818.0,0.0,0.0,2494.0,1068.0,786.0,325.0
1.0,18000.0,2973.0,3500.0,6287.0,0.0,0.0,2450.0,1050.0,2064.0,909.0
1.0,21314.0,5500.0,3522.0,0.0,0.0,0.0,2465.0,1057.0,3824.0,1676.0
1.0,15814.0,6033.0,3608.0,0.0,4651.0,4651.0,2525.0,1083.0,4215.0,1818.0
1.0,9781.0,4067.0,3672.0,0.0,8974.0,8974.0,2570.0,1102.0,2865.0,1202.0
1.0,5714.0,1542.0,3648.0,4651.0,5769.0,5769.0,2554.0,1094.0,1104.0,438.0
1.0,8823.0,1105.0,3562.0,8974.0,0.0,0.0,2494.0,1068.0,781.0,324.0
1.0,16692.0,3156.0,3501.0,5769.0,0.0,0.0,2451.0,1050.0,2193.0,963.0
1.0,19305.0,5654.0,3525.0,0.0,449.0,449.0,2467.0,1058.0,3933.0,1721.0
1.0,13651.0,6128.0,3608.0,0.0,6909.0,6909.0,2525.0,1083.0,4281.0,1847.0
1.0,7523.0,4228.0,3672.0,449.0,10944.0,10944.0,2570.0,1102.0,2974.0,1254.0
1.0,3744.0,1765.0,3650.0,6909.0,5712.0,5712.0,2555.0,1095.0,1261.0,504.0
1.0,8888.0,1127.0,3564.0,10944.0,0.0,0.0,2495.0,1069.0,799.0,328.0
1.0,18705.0,2999.0,3500.0,5712.0,0.0,0.0,2450.0,1050.0,2084.0,915.0
1.0,21418.0,5475.0,3520.0,0.0,0.0,0.0,2464.0,1056.0,3807.0,1668.0
1.0,15943.0,6084.0,3606.0,0.0,4565.0,4565.0,2523.0,1083.0,4250.0,1834.0
1.0,9859.0,4149.0,3672.0,0.0,8978.0,8978.0,2570.0,1102.0,2921.0,1228.0
1.0,5710.0,1674.0,3655.0,4565.0,6019.0,6019.0,2559.0,1096.0,1197.0,477.0
1.0,8601.0,1065.0,3571.0,8978.0,0.0,0.0,2500.0,1071.0,753.0,312.0
1.0,16514.0,2959.0,3506.0,6019.0,0.0,0.0,2455.0,1051.0,2055.0,904.0
1.0,19574.0,5473.0,3525.0,0.0,0.0,0.0,2467.0,1058.0,3807.0,1666.0
1.0,14101.0,6219.0,3610.0,0.0,6558.0,6558.0,2526.0,1084.0,4345.0,1874.0
1.0,7882.0,4358.0,3676.0,0.0,11180.0,11180.0,2573.0,1103.0,3065.0,1293.0
1.0,3524.0,1796.0,3658.0,6558.0,6346.0,6346.0,2561.0,1097.0,1280.0,516.0
1.0,8286.0,1113.0,3574.0,11180.0,0.0,0.0,2502.0,1072.0,789.0,324.0
1.0,18353.0,2984.0,3509.0,6346.0,0.0,0.0,2457.0,1052.0,2077.0,907.0
1.0,21715.0,5471.0,3529.0,0.0,0.0,0.0,2470.0,1059.0,3805.0,1666.0
1.0,16244.0,6094.0,3614.0,0.0,4306.0,4306.0,2529.0,1085.0,4253.0,1841.0
1.0,10150.0,4237.0,3680.0,0.0,8807.0,8807.0,2575.0,1105.0,2979.0,1258.0
1.0,5913.0,1654.0,3661.0,4306.0,6079.0,6079.0,2563.0,1098.0,1184.0,470.0
1.0,8565.0,946.0,3578.0,8807.0,0.0,0.0,2505.0,1073.0,676.0,270.0
1.0,16426.0,2870.0,3515.0,6079.0,0.0,0.0,2461.0,1054.0,1995.0,875.0
1.0,19635.0,5526.0,3539.0,0.0,47.0,47.0,2477.0,1062.0,3840.0,1686.0
1.0,14109.0,6270.0,3626.0,0.0,6665.0,6665.0,2537.0,1089.0,4375.0,1895.0
1.0,7839.0,4374.0,3688.0,47.0,11240.0,11240.0,2581.0,1107.0,3076.0,1298.0
1.0,3512.0,1726.0,3664.0,6665.0,6205.0,6205.0,2565.0,1099.0,1236.0,490.0
1.0,8451.0,1043.0,3579.0,11240.0,0.0,0.0,2506.0,1073.0,745.0,298.0
1.0,18648.0,3011.0,3519.0,6205.0,0.0,0.0,2464.0,1055.0,2093.0,918.0
1.0,21842.0,5612.0,3546.0,0.0,0.0,0.0,2482.0,1064.0,3899.0,1713.0
1.0,16230.0,6187.0,3631.0,0.0,4481.0,4481.0,2541.0,1090.0,4317.0,1870.0
1.0,10043.0,4195.0,3692.0,0.0,8920.0,8920.0,2584.0,1108.0,2952.0,1243.0
1.0,5848.0,1588.0,3668.0,4481.0,5931.0,5931.0,2568.0,1100.0,1142.0,446.0
1.0,8741.0,946.0,3583.0,8920.0,0.0,0.0,2509.0,1074.0,677.0,269.0
1.0,16715.0,2945.0,3523.0,5931.0,0.0,0.0,2467.0,1056.0,2044.0,901.0
1.0,19701.0,5576.0,3550.0,0.0,75.0,75.0,2485.0,1065.0,3872.0,1704.0
1.0,14125.0,6246.0,3637.0,0.0,6669.0,6669.0,2545.0,1092.0,4357.0,1889.0
1.0,7879.0,4314.0,3700.0,75.0,11160.0,11160.0,2589.0,1111.0,3037.0,1277.0
1.0,3640.0,1764.0,3677.0,6669.0,6163.0,6163.0,2574.0,1103.0,1268.0,496.0
1.0,8545.0,1139.0,3592.0,11160.0,0.0,0.0,2515.0,1077.0,810.0,329.0
1.0,18566.0,3063.0,3531.0,6163.0,0.0,0.0,2472.0,1059.0,2125.0,938.0
1.0,21666.0,5649.0,3556.0,0.0,0.0,0.0,2489.0,1067.0,3924.0,1725.0
1.0,16017.0,6269.0,3643.0,0.0,4824.0,4824.0,2549.0,1094.0,4377.0,1892.0
1.0,9748.0,4279.0,3704.0,0.0,9347.0,9347.0,2592.0,1112.0,3014.0,1265.0
1.0,5469.0,1647.0,3679.0,4824.0,6070.0,6070.0,2575.0,1104.0,1180.0,467.0
1.0,8646.0,925.0,3590.0,9347.0,0.0,0.0,2514.0,1076.0,659.0,266.0
1.0,17068.0,2829.0,3529.0,6070.0,0.0,0.0,2471.0,1058.0,1965.0,864.0
1.0,20309.0,5529.0,3557.0,0.0,0.0,0.0,2490.0,1067.0,3842.0,1687.0
1.0,14780.0,6281.0,3648.0,0.0,6093.0,6093.0,2553.0,1095.0,4385.0,1896.0
1.0,8499.0,4349.0,3711.0,0.0,10694.0,10694.0,2597.0,1114.0,3061.0,1288.0
1.0,4150.0,1688.0,3683.0,6093.0,6177.0,6177.0,2578.0,1105.0,1210.0,478.0
1.0,8555.0,966.0,3593.0,10694.0,0.0,0.0,2516.0,1077.0,689.0,277.0
1.0,18283.0,2992.0,3532.0,6177.0,0.0,0.0,2473.0,1059.0,2077.0,915.0
1.0,21468.0,5698.0,3560.0,0.0,0.0,0.0,2492.0,1068.0,3960.0,1738.0
1.0,15770.0,6464.0,3651.0,0.0,5298.0,5298.0,2555.0,1096.0,4512.0,1952.0
1.0,9306.0,4457.0,3715.0,0.0,10011.0,10011.0,2600.0,1115.0,3137.0,1320.0
1.0,4849.0,1627.0,3688.0,5298.0,6232.0,6232.0,2582.0,1106.0,1169.0,458.0
1.0,8520.0,816.0,3599.0,10011.0,0.0,0.0,2520.0,1079.0,581.0,235.0
1.0,17715.0,2793.0,3535.0,6232.0,0.0,0.0,2475.0,1060.0,1935.0,858.0
1.0,21154.0,5581.0,3563.0,0.0,0.0,0.0,2494.0,1069.0,3878.0,1703.0
1.0,15573.0,6388.0,3654.0,0.0,5431.0,5431.0,2557.0,1097.0,4463.0,1925.0
1.0,9185.0,4426.0,3718.0,0.0,10113.0,10113.0,2602.0,1116.0,3119.0,1307.0
1.0,4759.0,1687.0,3694.0,5431.0,6273.0,6273.0,2586.0,1108.0,1209.0,478.0
1.0,8503.0,890.0,3606.0,10113.0,0.0,0.0,2525.0,1081.0,631.0,259.0
1.0,17726.0,2838.0,3541.0,6273.0,0.0,0.0,2479.0,1062.0,1965.0,873.0
1.0,21161.0,5615.0,3565.0,0.0,0.0,0.0,2495.0,1070.0,3902.0,1713.0
1.0,15546.0,6495.0,3655.0,0.0,5569.0,5569.0,2558.0,1097.0,4541.0,1954.0
1.0,9051.0,4566.0,3722.0,0.0,10403.0,10403.0,2605.0,1117.0,3216.0,1350.0
1.0,4485.0,1785.0,3698.0,5569.0,6523.0,6523.0,2589.0,1109.0,1275.0,510.0
1.0,8269.0,880.0,3610.0,10403.0,0.0,0.0,2528.0,1082.0,623.0,257.0
1.0,17792.0,2711.0,3545.0,6523.0,0.0,0.0,2482.0,1063.0,1879.0,832.0
1.0,21604.0,5430.0,3569.0,0.0,0.0,0.0,2498.0,1071.0,3775.0,1655.0
1.0,16174.0,6310.0,3658.0,0.0,4768.0,4768.0,2560.0,1098.0,4408.0,1902.0
1.0,9864.0,4483.0,3725.0,0.0,9519.0,9519.0,2607.0,1118.0,3156.0,1327.0
1.0,5381.0,1742.0,3704.0,4768.0,6409.0,6409.0,2593.0,1111.0,1246.0,496.0
1.0,8407.0,880.0,3615.0,9519.0,0.0,0.0,2531.0,1084.0,626.0,254.0
1.0,17046.0,2775.0,3548.0,6409.0,0.0,0.0,2484.0,1064.0,1926.0,849.0
1.0,20680.0,5574.0,3570.0,0.0,0.0,0.0,2499.0,1071.0,3872.0,1702.0
1.0,15106.0,6482.0,3662.0,0.0,6024.0,6024.0,2562.0,1100.0,4525.0,1957.0
1.0,8624.0,4612.0,3731.0,0.0,10912.0,10912.0,2611.0,1120.0,3246.0,1366.0
1.0,4012.0,1855.0,3708.0,6024.0,6651.0,6651.0,2596.0,1112.0,1330.0,525.0
1.0,8181.0,899.0,3617.0,10912.0,0.0,0.0,2533.0,1084.0,643.0,256.0
1.0,18194.0,2691.0,3550.0,6651.0,0.0,0.0,2486.0,1064.0,1864.0,827.0
1.0,22154.0,5439.0,3575.0,0.0,0.0,0.0,2502.0,1073.0,3774.0,1665.0
1.0,16715.0,6353.0,3666.0,0.0,4302.0,4302.0,2565.0,1101.0,4435.0,1918.0
1.0,10362.0,4526.0,3735.0,0.0,9104.0,9104.0,2614.0,1121.0,3189.0,1337.0
1.0,5836.0,1730.0,3711.0,4302.0,6436.0,6436.0,2598.0,1113.0,1244.0,486.0
1.0,8408.0,827.0,3620.0,9104.0,0.0,0.0,2535.0,1085.0,592.0,235.0
1.0,16685.0,2791.0,3553.0,6436.0,0.0,0.0,2488.0,1065.0,1932.0,859.0
1.0,20330.0,5672.0,3580.0,0.0,0.0,0.0,2506.0,1074.0,3937.0,1735.0
1.0,14658.0,6516.0,3671.0,0.0,6542.0,6542.0,2569.0,1102.0,4548.0,1968.0
1.0,8142.0,4614.0,3738.0,0.0,11424.0,11424.0,2616.0,1122.0,3251.0,1363.0
1.0,3528.0,1804.0,3714.0,6542.0,6590.0,6590.0,2600.0,1114.0,1297.0,507.0
1.0,8266.0,920.0,3623.0,11424.0,0.0,0.0,2537.0,1086.0,654.0,266.0
1.0,18770.0,2834.0,3557.0,6590.0,0.0,0.0,2491.0,1066.0,1961.0,873.0
1.0,22526.0,5549.0,3582.0,0.0,0.0,0.0,2507.0,1075.0,3850.0,1699.0
1.0,16977.0,6359.0,3672.0,0.0,4070.0,4070.0,2569.0,1103.0,4441.0,1918.0
1.0,10618.0,4423.0,1803.8909842483658,0.0,1021.0,1021.0,1287.825829009632,516.0651552387341,3120.0,1303.0
1.0,6195.0,1664.0,985.3358318920452,4070.0,0.0,0.0,696.724623607442,288.6112082846032,1200.0,464.0
1.0,8601.0,835.0,2848.9579327956435,1021.0,2609.0,2609.0,1980.363238666711,868.5946941289325,596.0,239.0
1.0,8787.0,2810.0,5555.192325088949,0.0,16244.0,16244.0,3866.129501868314,1689.062823220634,1943.0,867.0
1.0,5977.0,5626.0,6395.6287596543125,2609.0,22623.0,22623.0,4465.408603934728,1930.2201557195851,3901.0,1725.0
1.0,2960.0,6450.0,4508.621237942191,16244.0,5281.0,5281.0,3167.8438021173315,1340.7774358248598,4502.0,1948.0
1.0,12754.0,4488.0,1843.8525144735847,22623.0,0.0,0.0,1308.3471943245956,535.5053201489891,3167.0,1321.0
1.0,30889.0,1745.0,1019.90763479252,5281.0,0.0,0.0,716.5105924246718,303.39704236784814,1260.0,485.0
1.0,34425.0,983.0,2889.381524336526,0.0,0.0,0.0,2004.894632981776,884.4868913547501,701.0,282.0
1.0,33442.0,3024.0,5591.308300935982,0.0,0.0,0.0,3891.064718868523,1700.243582067459,2092.0,932.0
1.0,30418.0,5786.0,6377.4292118709145,0.0,877.0,877.0,4454.431453291086,1922.9977585798283,4010.0,1776.0
1.0,24632.0,6450.0,4434.54343229338,0.0,0.0,0.0,3120.976634200486,1313.5667980928938,4501.0,1949.0
1.0,18182.0,4320.0,1749.2600851000066,877.0,0.0,0.0,1247.940812927439,501.3192721725674,3050.0,1270.0
1.0,14739.0,1511.0,963.2777709202704,0.0,0.0,0.0,677.7923003419467,285.48547057832377,1099.0,412.0
1.0,13228.0,834.0,2894.0220637029956,0.0,0.0,0.0,2007.3760438995632,886.6460198034323,596.0,238.0
1.0,12394.0,2944.0,5624.614257419117,0.0,13049.0,13049.0,3910.2860376242343,1714.328219794883,2033.0,911.0
1.0,9450.0,5793.0,6409.824605308571,0.0,21982.0,21982.0,4475.194081327947,1934.6305239806243,4015.0,1778.0
1.0,3657.0,6502.0,4439.703695256415,13049.0,7555.0,7555.0,3122.214827408415,1317.4888678479995,4540.0,1962.0
1.0,10204.0,4389.0,1761.2607226259545,21982.0,0.0,0.0,1256.2831320857958,504.97759054015864,3101.0,1288.0
1.0,27797.0,1591.0,1020.7108859122606,7555.0,0.0,0.0,719.201473095259,301.5094128170016,1152.0,439.0
1.0,33761.0,902.0,2983.0665846424204,0.0,0.0,0.0,2067.3407889030987,915.7257957393216,642.0,260.0
1.0,32859.0,3038.0,5706.5844941322275,0.0,0.0,0.0,3968.2779725861988,1738.3065215460288,2099.0,939.0
1.0,29821.0,5837.0,6414.861094347938,0.0,1676.0,1676.0,4479.711281820095,1935.1498125278426,4048.0,1789.0
1.0,23984.0,6502.0,4382.454215167928,0.0,47.0,47.0,3086.793388254688,1295.66082691324,4541.0,1961.0
1.0,17482.0,4351.0,1678.4715187512124,1676.0,0.0,0.0,1201.5211721995781,476.95034655163425,3073.0,1278.0
1.0,14807.0,1510.0,952.3912972789332,47.0,0.0,0.0,670.5247914495087,281.86650582942445,1096.0,414.0
1.0,13344.0,795.0,2951.197765130103,0.0,0.0,0.0,2047.361420076305,903.8363450537981,565.0,230.0
1.0,12549.0,2943.0,5706.771468035835,0.0,13221.0,13221.0,3970.365046731965,1736.40642130387,2031.0,912.0
1.0,9606.0,5744.0,6430.32897486434,0.0,21859.0,21859.0,4491.941785806794,1938.3871890575463,3983.0,1761.0
1.0,3862.0,6468.0,4391.66499655551,13221.0,6952.0,6952.0,3089.573064002455,1302.0919325530544,4517.0,1951.0
1.0,10615.0,4395.0,1697.0731225353745,21859.0,0.0,0.0,1208.8714121151443,488.2017104202303,3105.0,1290.0
1.0,28079.0,1672.0,1013.9016735703547,6952.0,0.0,0.0,710.7457561261431,303.1559174442116,1211.0,461.0
1.0,33359.0,1055.0,3049.893387643082,0.0,0.0,0.0,2113.2143615636414,936.6790260794404,750.0,305.0
1.0,32304.0,3109.0,5776.33824383889,0.0,0.0,0.0,4017.3704750811803,1758.9677687577096,2147.0,962.0
1.0,29195.0,5880.0,6430.953271251228,0.0,2409.0,2409.0,4490.920772363244,1940.0324988879838,4075.0,1805.0
1.0,23315.0,6527.0,4357.18098601827,0.0,641.0,641.0,3069.327353258794,1287.8536327594763,4557.0,1970.0
1.0,16788.0,4344.0,1651.9107777534407,2409.0,0.0,0.0,1178.0218365693704,473.88894118407035,3071.0,1273.0
1.0,14853.0,1534.0,981.0050558778241,641.0,0.0,0.0,684.343904338958,296.6611515388661,1114.0,420.0
1.0,13960.0,832.0,3016.236785342946,0.0,0.0,0.0,2087.253193247298,928.983592095648,592.0,240.0
1.0,13128.0,2941.0,5735.594823761798,0.0,12756.0,12756.0,3988.4709260596132,1747.1238977021844,2028.0,913.0
1.0,10187.0,5792.0,6412.829663547792,0.0,21256.0,21256.0,4482.248828552529,1930.580834995263,4015.0,1777.0
1.0,4395.0,6476.0,4345.84051766095,12756.0,6709.0,6709.0,3061.7114211464377,1284.1290965145129,4523.0,1953.0
1.0,10675.0,4286.0,1655.9279944841905,21256.0,0.0,0.0,1181.1012498459581,474.82674463823236,3029.0,1257.0
1.0,27645.0,1392.0,1002.1535035226083,6709.0,0.0,0.0,703.4780739750179,298.6754295475904,1014.0,378.0
1.0,32962.0,752.0,3079.347366285082,0.0,0.0,0.0,2135.421837107566,943.9255291775161,537.0,215.0
1.0,32210.0,3080.0,5849.422709383216,0.0,0.0,0.0,4068.7681844090866,1780.654524974129,2128.0,952.0
1.0,29130.0,6059.0,6490.552343287492,0.0,2892.0,2892.0,4532.678541595162,1957.8738016923296,4201.0,1858.0
1.0,23071.0,6699.0,4349.0061742873,0.0,1024.0,1024.0,3061.711594405125,1287.2945798821754,4677.0,2022.0
1.0,16372.0,4411.0,1606.2432944588259,2892.0,0.0,0.0,1150.7607949524615,455.4824995063642,3117.0,1294.0
1.0,14853.0,1459.0,951.6823870730849,1024.0,0.0,0.0,671.3320036730788,280.3503834000061,1063.0,396.0
2.0,0.0,1512.0,1512.0,0.0,6048.0,6048.0,1060.0,452.0,1060.0,452.0
2.0,0.0,1416.0,1464.0,0.0,5856.0,5856.0,1026.0,438.0,992.0,424.0
2.0,0.0,1524.0,1484.0,6048.0,4340.0,4340.0,1040.0,444.0,1068.0,456.0
2.0,1596.0,1524.0,1494.0,5856.0,48.0,48.0,1047.0,447.0,1068.0,456.0
2.0,5928.0,0.0,1196.0,4340.0,0.0,0.0,838.0,358.0,0.0,0.0
2.0,10268.0,0.0,996.0,48.0,0.0,0.0,698.0,298.0,0.0,0.0
2.0,10316.0,0.0,853.0,0.0,0.0,0.0,598.0,255.0,0.0,0.0
2.0,10316.0,0.0,748.0,0.0,0.0,0.0,524.0,224.0,0.0,0.0
2.0,10316.0,0.0,664.0,0.0,0.0,0.0,465.0,199.0,0.0,0.0
2.0,10316.0,0.0,598.0,0.0,0.0,0.0,419.0,179.0,0.0,0.0
2.0,10316.0,0.0,544.0,0.0,0.0,0.0,381.0,163.0,0.0,0.0
2.0,10316.0,0.0,498.0,0.0,0.0,0.0,349.0,149.0,0.0,0.0
2.0,10316.0,0.0,460.0,0.0,0.0,0.0,322.0,138.0,0.0,0.0
2.0,10316.0,180.0,440.0,0.0,0.0,0.0,308.0,132.0,126.0,54.0
2.0,10136.0,597.0,450.0,0.0,0.0,0.0,315.0,135.0,415.0,182.0
2.0,9539.0,830.0,474.0,0.0,0.0,0.0,332.0,142.0,579.0,251.0
2.0,8709.0,534.0,477.0,0.0,0.0,0.0,334.0,143.0,375.0,159.0
2.0,8175.0,114.0,457.0,0.0,0.0,0.0,320.0,137.0,83.0,31.0
2.0,8061.0,3.0,434.0,0.0,0.0,0.0,304.0,130.0,3.0,0.0
2.0,8058.0,298.0,427.0,0.0,0.0,0.0,299.0,128.0,209.0,89.0
2.0,7760.0,666.0,438.0,0.0,0.0,0.0,307.0,131.0,463.0,203.0
2.0,7094.0,652.0,447.0,0.0,0.0,0.0,313.0,134.0,453.0,199.0
2.0,6442.0,253.0,439.0,0.0,0.0,0.0,307.0,132.0,177.0,76.0
2.0,6189.0,0.0,421.0,0.0,0.0,0.0,295.0,126.0,0.0,0.0
2.0,6189.0,39.0,406.0,0.0,0.0,0.0,284.0,122.0,31.0,8.0
2.0,6150.0,338.0,403.0,0.0,0.0,0.0,282.0,121.0,242.0,96.0
2.0,5812.0,617.0,411.0,0.0,0.0,0.0,288.0,123.0,432.0,185.0
2.0,5195.0,659.0,420.0,0.0,0.0,0.0,294.0,126.0,457.0,202.0
2.0,4536.0,447.0,420.0,0.0,0.0,0.0,294.0,126.0,307.0,140.0
2.0,4089.0,235.0,414.0,0.0,0.0,0.0,290.0,124.0,163.0,72.0
2.0,3854.0,227.0,408.0,0.0,0.0,0.0,286.0,122.0,166.0,61.0
2.0,3627.0,362.0,407.0,0.0,0.0,0.0,285.0,122.0,259.0,103.0
2.0,3265.0,525.0,411.0,0.0,0.0,0.0,288.0,123.0,367.0,158.0
2.0,2740.0,530.0,414.0,0.0,0.0,0.0,290.0,124.0,365.0,165.0
2.0,2210.0,309.0,411.0,0.0,0.0,0.0,288.0,123.0,210.0,99.0
2.0,1901.0,62.0,401.0,0.0,0.0,0.0,281.0,120.0,45.0,17.0
2.0,1839.0,35.0,391.0,0.0,0.0,0.0,274.0,117.0,33.0,2.0
2.0,1804.0,244.0,388.0,0.0,0.0,0.0,272.0,116.0,177.0,67.0
2.0,1560.0,590.0,393.0,0.0,602.0,602.0,275.0,118.0,412.0,178.0
2.0,970.0,720.0,401.0,0.0,1354.0,1354.0,281.0,120.0,497.0,223.0
2.0,250.0,538.0,404.0,602.0,1302.0,1302.0,283.0,121.0,369.0,169.0
2.0,314.0,225.0,400.0,1354.0,157.0,157.0,280.0,120.0,158.0,67.0
2.0,1443.0,83.0,393.0,1302.0,0.0,0.0,275.0,118.0,66.0,17.0
2.0,2662.0,309.0,391.0,157.0,0.0,0.0,274.0,117.0,223.0,86.0
2.0,2510.0,610.0,395.0,0.0,0.0,0.0,277.0,118.0,426.0,184.0
2.0,1900.0,685.0,402.0,0.0,393.0,393.0,281.0,121.0,472.0,213.0
2.0,1215.0,394.0,402.0,0.0,787.0,787.0,281.0,121.0,269.0,125.0
2.0,821.0,54.0,394.0,393.0,416.0,416.0,276.0,118.0,39.0,15.0
2.0,1160.0,0.0,387.0,787.0,0.0,0.0,271.0,116.0,0.0,0.0
2.0,1947.0,229.0,383.0,416.0,0.0,0.0,268.0,115.0,169.0,60.0
2.0,2134.0,592.0,388.0,0.0,10.0,10.0,272.0,116.0,423.0,169.0
2.0,1542.0,693.0,394.0,0.0,727.0,727.0,276.0,118.0,484.0,209.0
2.0,849.0,462.0,373.0,10.0,1095.0,1095.0,261.0,112.0,314.0,148.0
2.0,397.0,173.0,349.0,727.0,445.0,445.0,244.0,105.0,111.0,62.0
2.0,951.0,165.0,323.0,1095.0,0.0,0.0,226.0,97.0,115.0,50.0
2.0,1881.0,446.0,303.0,445.0,0.0,0.0,212.0,91.0,323.0,123.0
2.0,1880.0,712.0,316.0,0.0,96.0,96.0,221.0,95.0,508.0,204.0
2.0,1168.0,657.0,328.0,0.0,801.0,801.0,230.0,98.0,460.0,197.0
2.0,511.0,312.0,334.0,96.0,1041.0,1041.0,234.0,100.0,209.0,103.0
2.0,295.0,6.0,335.0,801.0,250.0,250.0,234.0,101.0,0.0,6.0
2.0,1090.0,75.0,336.0,1041.0,0.0,0.0,235.0,101.0,54.0,21.0
2.0,2056.0,379.0,343.0,250.0,0.0,0.0,240.0,103.0,268.0,111.0
2.0,1927.0,639.0,356.0,0.0,136.0,136.0,249.0,107.0,450.0,189.0
2.0,1288.0,562.0,367.0,0.0,742.0,742.0,257.0,110.0,393.0,169.0
2.0,726.0,274.0,372.0,136.0,900.0,900.0,260.0,112.0,190.0,84.0
2.0,588.0,96.0,370.0,742.0,246.0,246.0,259.0,111.0,65.0,31.0
2.0,1234.0,204.0,363.0,900.0,0.0,0.0,254.0,109.0,142.0,62.0
2.0,1930.0,562.0,357.0,246.0,0.0,0.0,250.0,107.0,396.0,166.0
2.0,1614.0,817.0,363.0,0.0,655.0,655.0,254.0,109.0,575.0,242.0
2.0,797.0,678.0,374.0,0.0,1377.0,1377.0,262.0,112.0,475.0,203.0
2.0,119.0,294.0,380.0,655.0,1040.0,1040.0,266.0,114.0,203.0,91.0
2.0,480.0,69.0,376.0,1377.0,0.0,0.0,263.0,113.0,46.0,23.0
2.0,1788.0,152.0,366.0,1040.0,0.0,0.0,256.0,110.0,104.0,48.0
2.0,2676.0,473.0,361.0,0.0,0.0,0.0,253.0,108.0,332.0,141.0
2.0,2203.0,661.0,370.0,0.0,0.0,0.0,259.0,111.0,467.0,194.0
2.0,1542.0,534.0,380.0,0.0,512.0,512.0,266.0,114.0,377.0,157.0
2.0,1008.0,193.0,383.0,0.0,717.0,717.0,268.0,115.0,134.0,59.0
2.0,815.0,0.0,376.0,512.0,177.0,177.0,263.0,113.0,0.0,0.0
2.0,1327.0,186.0,368.0,717.0,0.0,0.0,258.0,110.0,125.0,61.0
2.0,1858.0,618.0,367.0,177.0,51.0,51.0,257.0,110.0,429.0,189.0
2.0,1417.0,858.0,375.0,0.0,941.0,941.0,263.0,112.0,602.0,256.0
2.0,559.0,755.0,385.0,51.0,1539.0,1539.0,270.0,115.0,532.0,223.0
2.0,1.0,359.0,387.0,941.0,1111.0,1111.0,271.0,116.0,253.0,106.0
2.0,437.0,184.0,384.0,1539.0,0.0,0.0,269.0,115.0,129.0,55.0
2.0,1792.0,109.0,376.0,1111.0,0.0,0.0,263.0,113.0,75.0,34.0
2.0,2794.0,295.0,372.0,0.0,0.0,0.0,260.0,112.0,205.0,90.0
2.0,2499.0,527.0,376.0,0.0,0.0,0.0,263.0,113.0,366.0,161.0
2.0,1972.0,519.0,384.0,0.0,83.0,83.0,269.0,115.0,362.0,157.0
2.0,1453.0,353.0,391.0,0.0,464.0,464.0,274.0,117.0,250.0,103.0
2.0,1100.0,199.0,390.0,83.0,576.0,576.0,273.0,117.0,145.0,54.0
2.0,984.0,200.0,383.0,464.0,284.0,284.0,268.0,115.0,143.0,57.0
2.0,1248.0,347.0,376.0,576.0,27.0,27.0,263.0,113.0,239.0,108.0
2.0,1477.0,561.0,376.0,284.0,304.0,304.0,263.0,113.0,387.0,174.0
2.0,1200.0,664.0,384.0,27.0,973.0,973.0,269.0,115.0,463.0,201.0
2.0,563.0,559.0,393.0,304.0,1264.0,1264.0,275.0,118.0,394.0,165.0
2.0,308.0,399.0,395.0,973.0,698.0,698.0,276.0,119.0,285.0,114.0
2.0,882.0,351.0,390.0,1264.0,0.0,0.0,273.0,117.0,247.0,104.0
2.0,1795.0,393.0,384.0,698.0,0.0,0.0,269.0,115.0,272.0,121.0
2.0,2100.0,378.0,384.0,0.0,0.0,0.0,269.0,115.0,260.0,118.0
2.0,1722.0,348.0,390.0,0.0,186.0,186.0,273.0,117.0,242.0,106.0
2.0,1374.0,325.0,396.0,0.0,535.0,535.0,277.0,119.0,229.0,96.0
2.0,1049.0,308.0,397.0,186.0,661.0,661.0,278.0,119.0,219.0,89.0
2.0,927.0,279.0,392.0,535.0,385.0,385.0,274.0,118.0,199.0,80.0
2.0,1183.0,360.0,386.0,661.0,60.0,60.0,270.0,116.0,251.0,109.0
2.0,1484.0,452.0,385.0,385.0,123.0,123.0,269.0,116.0,312.0,140.0
2.0,1417.0,563.0,393.0,60.0,658.0,658.0,275.0,118.0,392.0,171.0
2.0,914.0,602.0,401.0,123.0,1169.0,1169.0,281.0,120.0,425.0,177.0
2.0,435.0,517.0,403.0,658.0,1036.0,1036.0,282.0,121.0,368.0,149.0
2.0,576.0,345.0,396.0,1169.0,184.0,184.0,277.0,119.0,244.0,101.0
2.0,1400.0,341.0,389.0,1036.0,0.0,0.0,272.0,117.0,235.0,106.0
2.0,2095.0,436.0,391.0,184.0,0.0,0.0,274.0,117.0,299.0,137.0
2.0,1843.0,487.0,400.0,0.0,244.0,244.0,280.0,120.0,337.0,150.0
2.0,1356.0,397.0,407.0,0.0,669.0,669.0,285.0,122.0,283.0,114.0
2.0,959.0,302.0,406.0,244.0,723.0,723.0,284.0,122.0,219.0,83.0
2.0,901.0,261.0,398.0,669.0,283.0,283.0,279.0,119.0,185.0,76.0
2.0,1309.0,296.0,393.0,723.0,0.0,0.0,275.0,118.0,202.0,94.0
2.0,1736.0,427.0,396.0,283.0,0.0,0.0,277.0,119.0,290.0,137.0
2.0,1592.0,535.0,404.0,0.0,559.0,559.0,283.0,121.0,371.0,164.0
2.0,1057.0,522.0,410.0,0.0,1105.0,1105.0,287.0,123.0,372.0,150.0
2.0,535.0,445.0,408.0,559.0,983.0,983.0,286.0,122.0,322.0,123.0
2.0,649.0,399.0,400.0,1105.0,245.0,245.0,280.0,120.0,283.0,116.0
2.0,1355.0,395.0,394.0,983.0,0.0,0.0,276.0,118.0,270.0,125.0
2.0,1943.0,457.0,398.0,245.0,0.0,0.0,279.0,119.0,311.0,146.0
2.0,1731.0,503.0,406.0,0.0,396.0,396.0,284.0,122.0,350.0,153.0
2.0,1228.0,484.0,413.0,0.0,908.0,908.0,289.0,124.0,346.0,138.0
2.0,744.0,291.0,409.0,396.0,787.0,787.0,287.0,122.0,212.0,79.0
2.0,849.0,173.0,400.0,908.0,16.0,16.0,280.0,120.0,123.0,50.0
2.0,1584.0,236.0,394.0,787.0,0.0,0.0,276.0,118.0,159.0,77.0
2.0,2135.0,481.0,400.0,16.0,0.0,0.0,280.0,120.0,327.0,154.0
2.0,1670.0,662.0,412.0,0.0,640.0,640.0,288.0,124.0,462.0,200.0
2.0,1008.0,624.0,421.0,0.0,1300.0,1300.0,295.0,126.0,442.0,182.0
2.0,384.0,400.0,417.0,640.0,1044.0,1044.0,292.0,125.0,287.0,113.0
2.0,624.0,240.0,405.0,1300.0,0.0,0.0,284.0,121.0,171.0,69.0
2.0,1684.0,285.0,396.0,1044.0,0.0,0.0,277.0,119.0,194.0,91.0
2.0,2443.0,473.0,397.0,0.0,0.0,0.0,278.0,119.0,324.0,149.0
2.0,1970.0,675.0,407.0,0.0,333.0,333.0,285.0,122.0,469.0,206.0
2.0,1295.0,646.0,417.0,0.0,1019.0,1019.0,292.0,125.0,456.0,190.0
2.0,649.0,401.0,420.0,333.0,1099.0,1099.0,294.0,126.0,289.0,112.0
2.0,581.0,140.0,412.0,1019.0,188.0,188.0,289.0,123.0,104.0,36.0
2.0,1460.0,74.0,404.0,1099.0,0.0,0.0,283.0,121.0,47.0,27.0
2.0,2485.0,276.0,403.0,188.0,0.0,0.0,282.0,121.0,185.0,91.0
2.0,2397.0,627.0,410.0,0.0,0.0,0.0,287.0,123.0,434.0,193.0
2.0,1770.0,771.0,422.0,0.0,689.0,689.0,295.0,127.0,544.0,227.0
2.0,999.0,569.0,426.0,0.0,1274.0,1274.0,298.0,128.0,406.0,163.0
2.0,430.0,256.0,420.0,689.0,817.0,817.0,294.0,126.0,183.0,73.0
2.0,863.0,184.0,411.0,1274.0,0.0,0.0,288.0,123.0,126.0,58.0
2.0,1953.0,401.0,407.0,817.0,0.0,0.0,285.0,122.0,274.0,127.0
2.0,2369.0,720.0,413.0,0.0,3.0,3.0,289.0,124.0,500.0,220.0
2.0,1649.0,841.0,423.0,0.0,884.0,884.0,296.0,127.0,591.0,250.0
2.0,808.0,583.0,427.0,3.0,1480.0,1480.0,299.0,128.0,416.0,167.0
2.0,228.0,157.0,422.0,884.0,733.0,733.0,296.0,126.0,114.0,43.0
2.0,955.0,2.0,415.0,1480.0,0.0,0.0,291.0,124.0,0.0,2.0
2.0,2433.0,210.0,414.0,733.0,0.0,0.0,290.0,124.0,140.0,70.0
2.0,2956.0,606.0,420.0,0.0,0.0,0.0,294.0,126.0,417.0,189.0
2.0,2350.0,759.0,429.0,0.0,125.0,125.0,300.0,129.0,531.0,228.0
2.0,1591.0,583.0,433.0,0.0,724.0,724.0,303.0,130.0,416.0,167.0
2.0,1008.0,259.0,430.0,125.0,846.0,846.0,301.0,129.0,188.0,71.0
2.0,874.0,150.0,421.0,724.0,236.0,236.0,295.0,126.0,104.0,46.0
2.0,1448.0,405.0,417.0,846.0,0.0,0.0,292.0,125.0,276.0,129.0
2.0,1889.0,738.0,422.0,236.0,301.0,301.0,295.0,127.0,510.0,228.0
2.0,1387.0,861.0,432.0,0.0,1202.0,1202.0,302.0,130.0,605.0,256.0
2.0,526.0,592.0,437.0,301.0,1513.0,1513.0,306.0,131.0,423.0,169.0
2.0,235.0,258.0,433.0,1202.0,553.0,553.0,303.0,130.0,185.0,73.0
2.0,1179.0,75.0,425.0,1513.0,0.0,0.0,298.0,127.0,48.0,27.0
2.0,2617.0,316.0,423.0,553.0,0.0,0.0,296.0,127.0,212.0,104.0
2.0,2854.0,629.0,430.0,0.0,0.0,0.0,301.0,129.0,436.0,193.0
2.0,2225.0,701.0,439.0,0.0,232.0,232.0,307.0,132.0,497.0,204.0
2.0,1524.0,406.0,440.0,0.0,642.0,642.0,308.0,132.0,295.0,111.0
2.0,1118.0,160.0,435.0,232.0,550.0,550.0,305.0,130.0,118.0,42.0
2.0,1190.0,249.0,430.0,642.0,137.0,137.0,301.0,129.0,168.0,81.0
2.0,1583.0,526.0,430.0,550.0,113.0,113.0,301.0,129.0,356.0,170.0
2.0,1607.0,778.0,436.0,137.0,778.0,778.0,305.0,131.0,540.0,238.0
2.0,966.0,769.0,443.0,113.0,1462.0,1462.0,310.0,133.0,546.0,223.0
2.0,310.0,533.0,446.0,778.0,1229.0,1229.0,312.0,134.0,384.0,149.0
2.0,555.0,265.0,442.0,1462.0,16.0,16.0,310.0,132.0,190.0,75.0
2.0,1752.0,175.0,437.0,1229.0,0.0,0.0,306.0,131.0,116.0,59.0
2.0,2806.0,292.0,433.0,16.0,0.0,0.0,303.0,130.0,192.0,100.0
2.0,2530.0,519.0,436.0,0.0,0.0,0.0,305.0,131.0,359.0,160.0
2.0,2011.0,600.0,445.0,0.0,369.0,369.0,311.0,134.0,428.0,172.0
2.0,1411.0,362.0,447.0,0.0,739.0,739.0,313.0,134.0,266.0,96.0
2.0,1049.0,202.0,442.0,369.0,552.0,552.0,310.0,132.0,146.0,56.0
2.0,1216.0,234.0,434.0,739.0,15.0,15.0,304.0,130.0,156.0,78.0
2.0,1721.0,463.0,430.0,552.0,0.0,0.0,301.0,129.0,312.0,151.0
2.0,1810.0,649.0,436.0,15.0,568.0,568.0,305.0,131.0,449.0,200.0
2.0,1176.0,626.0,443.0,0.0,1222.0,1222.0,310.0,133.0,445.0,181.0
2.0,550.0,465.0,447.0,568.0,1135.0,1135.0,313.0,134.0,339.0,126.0
2.0,653.0,318.0,444.0,1222.0,219.0,219.0,311.0,133.0,229.0,89.0
2.0,1557.0,304.0,437.0,1135.0,0.0,0.0,306.0,131.0,206.0,98.0
2.0,2388.0,473.0,433.0,219.0,0.0,0.0,303.0,130.0,318.0,155.0
2.0,2134.0,552.0,436.0,0.0,162.0,162.0,305.0,131.0,380.0,172.0
2.0,1582.0,489.0,443.0,0.0,679.0,679.0,310.0,133.0,349.0,140.0
2.0,1093.0,355.0,448.0,162.0,892.0,892.0,314.0,134.0,260.0,95.0
2.0,900.0,237.0,447.0,679.0,446.0,446.0,313.0,134.0,172.0,65.0
2.0,1342.0,318.0,441.0,892.0,0.0,0.0,309.0,132.0,217.0,101.0
2.0,1916.0,505.0,436.0,446.0,0.0,0.0,305.0,131.0,342.0,163.0
2.0,1857.0,604.0,437.0,0.0,495.0,495.0,306.0,131.0,417.0,187.0
2.0,1253.0,586.0,443.0,0.0,1105.0,1105.0,310.0,133.0,416.0,170.0
2.0,667.0,496.0,449.0,495.0,1130.0,1130.0,314.0,135.0,360.0,136.0
2.0,666.0,476.0,451.0,1105.0,509.0,509.0,316.0,135.0,339.0,137.0
2.0,1295.0,531.0,447.0,1130.0,0.0,0.0,313.0,134.0,365.0,166.0
2.0,1894.0,582.0,442.0,509.0,0.0,0.0,309.0,133.0,395.0,187.0
2.0,1821.0,489.0,440.0,0.0,428.0,428.0,308.0,132.0,337.0,152.0
2.0,1332.0,372.0,444.0,0.0,816.0,816.0,311.0,133.0,269.0,103.0
2.0,960.0,306.0,450.0,428.0,718.0,718.0,315.0,135.0,228.0,78.0
2.0,1082.0,402.0,454.0,816.0,320.0,320.0,318.0,136.0,285.0,117.0
2.0,1496.0,550.0,453.0,718.0,148.0,148.0,317.0,136.0,376.0,174.0
2.0,1664.0,529.0,448.0,320.0,337.0,337.0,314.0,134.0,358.0,171.0
2.0,1455.0,460.0,446.0,148.0,641.0,641.0,312.0,134.0,320.0,140.0
2.0,1143.0,415.0,449.0,337.0,731.0,731.0,314.0,135.0,299.0,116.0
2.0,1065.0,388.0,454.0,641.0,498.0,498.0,318.0,136.0,284.0,104.0
2.0,1318.0,557.0,457.0,731.0,336.0,336.0,320.0,137.0,392.0,165.0
2.0,1492.0,697.0,455.0,498.0,527.0,527.0,319.0,136.0,479.0,218.0
2.0,1293.0,627.0,451.0,336.0,802.0,802.0,316.0,135.0,427.0,200.0
2.0,1002.0,471.0,449.0,527.0,738.0,738.0,314.0,135.0,328.0,143.0
2.0,1058.0,358.0,451.0,802.0,302.0,302.0,316.0,135.0,261.0,97.0
2.0,1502.0,296.0,455.0,738.0,0.0,0.0,319.0,136.0,219.0,77.0
2.0,1944.0,279.0,454.0,302.0,0.0,0.0,318.0,136.0,197.0,82.0
2.0,1967.0,390.0,450.0,0.0,223.0,223.0,315.0,135.0,260.0,130.0
2.0,1577.0,590.0,447.0,0.0,801.0,801.0,313.0,134.0,401.0,189.0
2.0,987.0,649.0,452.0,223.0,1247.0,1247.0,316.0,136.0,454.0,195.0
2.0,561.0,496.0,459.0,801.0,970.0,970.0,321.0,138.0,359.0,137.0
2.0,866.0,236.0,458.0,1247.0,0.0,0.0,321.0,137.0,179.0,57.0
2.0,1877.0,258.0,454.0,970.0,0.0,0.0,318.0,136.0,181.0,77.0
2.0,2589.0,627.0,451.0,0.0,0.0,0.0,316.0,135.0,427.0,200.0
2.0,1962.0,943.0,454.0,0.0,797.0,797.0,318.0,136.0,649.0,294.0
2.0,1019.0,880.0,460.0,0.0,1701.0,1701.0,322.0,138.0,614.0,266.0
2.0,139.0,437.0,463.0,797.0,1353.0,1353.0,324.0,139.0,315.0,122.0
2.0,499.0,98.0,462.0,1701.0,0.0,0.0,324.0,138.0,81.0,17.0
2.0,2102.0,119.0,459.0,1353.0,0.0,0.0,322.0,137.0,85.0,34.0
2.0,3336.0,471.0,458.0,0.0,0.0,0.0,321.0,137.0,320.0,151.0
2.0,2865.0,765.0,461.0,0.0,0.0,0.0,323.0,138.0,524.0,241.0
2.0,2100.0,747.0,469.0,0.0,523.0,523.0,328.0,141.0,521.0,226.0
2.0,1353.0,406.0,473.0,0.0,945.0,945.0,331.0,142.0,294.0,112.0
2.0,947.0,130.0,471.0,523.0,544.0,544.0,330.0,141.0,104.0,26.0
2.0,1340.0,266.0,467.0,945.0,0.0,0.0,327.0,140.0,189.0,77.0
2.0,2019.0,692.0,468.0,544.0,1.0,1.0,328.0,140.0,473.0,219.0
2.0,1871.0,996.0,474.0,0.0,1021.0,1021.0,332.0,142.0,685.0,311.0
2.0,875.0,885.0,483.0,1.0,1931.0,1931.0,338.0,145.0,617.0,268.0
2.0,1.0,418.0,485.0,1021.0,1346.0,1346.0,339.0,146.0,304.0,114.0
2.0,594.0,104.0,481.0,1931.0,0.0,0.0,337.0,144.0,85.0,19.0
2.0,2421.0,223.0,476.0,1346.0,0.0,0.0,334.0,142.0,158.0,65.0
2.0,3544.0,584.0,477.0,0.0,0.0,0.0,334.0,143.0,400.0,184.0
2.0,2960.0,735.0,481.0,0.0,0.0,0.0,337.0,144.0,503.0,232.0
2.0,2225.0,599.0,486.0,0.0,318.0,318.0,340.0,146.0,418.0,181.0
2.0,1626.0,293.0,487.0,0.0,615.0,615.0,341.0,146.0,214.0,79.0
2.0,1333.0,121.0,483.0,318.0,402.0,402.0,338.0,145.0,95.0,26.0
2.0,1530.0,291.0,479.0,615.0,62.0,62.0,336.0,143.0,205.0,86.0
2.0,1854.0,650.0,480.0,402.0,314.0,314.0,336.0,144.0,447.0,203.0
2.0,1606.0,906.0,486.0,62.0,1182.0,1182.0,340.0,146.0,623.0,283.0
2.0,762.0,780.0,492.0,314.0,1672.0,1672.0,344.0,148.0,543.0,237.0
2.0,296.0,485.0,492.0,1182.0,975.0,975.0,344.0,148.0,348.0,137.0
2.0,993.0,278.0,487.0,1672.0,0.0,0.0,341.0,146.0,207.0,71.0
2.0,2387.0,330.0,482.0,975.0,0.0,0.0,338.0,144.0,235.0,95.0
2.0,3032.0,577.0,484.0,0.0,0.0,0.0,339.0,145.0,394.0,183.0
2.0,2455.0,743.0,491.0,0.0,252.0,252.0,344.0,147.0,506.0,237.0
2.0,1712.0,623.0,498.0,0.0,903.0,903.0,348.0,150.0,433.0,190.0
2.0,1089.0,344.0,496.0,252.0,987.0,987.0,347.0,149.0,252.0,92.0
2.0,997.0,101.0,487.0,903.0,149.0,149.0,341.0,146.0,84.0,17.0
2.0,1799.0,255.0,482.0,987.0,0.0,0.0,338.0,144.0,182.0,73.0
2.0,2531.0,622.0,485.0,149.0,0.0,0.0,340.0,145.0,426.0,196.0
2.0,2058.0,872.0,494.0,0.0,790.0,790.0,346.0,148.0,599.0,273.0
2.0,1186.0,779.0,502.0,0.0,1601.0,1601.0,351.0,151.0,542.0,237.0
2.0,407.0,440.0,499.0,790.0,1239.0,1239.0,349.0,150.0,315.0,125.0
2.0,757.0,238.0,490.0,1601.0,0.0,0.0,343.0,147.0,178.0,60.0
2.0,2120.0,371.0,485.0,1239.0,0.0,0.0,340.0,145.0,265.0,106.0
2.0,2988.0,697.0,490.0,0.0,0.0,0.0,343.0,147.0,482.0,215.0
2.0,2291.0,870.0,500.0,0.0,579.0,579.0,350.0,150.0,596.0,274.0
2.0,1421.0,700.0,508.0,0.0,1311.0,1311.0,355.0,153.0,484.0,216.0
2.0,721.0,280.0,508.0,579.0,1012.0,1012.0,355.0,153.0,201.0,79.0
2.0,1020.0,47.0,501.0,1311.0,0.0,0.0,351.0,150.0,45.0,2.0
2.0,2284.0,225.0,494.0,1012.0,0.0,0.0,346.0,148.0,165.0,60.0
2.0,3071.0,597.0,492.0,0.0,0.0,0.0,345.0,147.0,413.0,184.0
2.0,2474.0,849.0,500.0,0.0,375.0,375.0,350.0,150.0,582.0,267.0
2.0,1625.0,814.0,511.0,0.0,1233.0,1233.0,357.0,154.0,562.0,252.0
2.0,811.0,445.0,515.0,375.0,1319.0,1319.0,360.0,155.0,316.0,129.0
2.0,741.0,221.0,507.0,1233.0,275.0,275.0,355.0,152.0,167.0,54.0
2.0,1753.0,384.0,496.0,1319.0,0.0,0.0,348.0,148.0,277.0,107.0
2.0,2688.0,731.0,493.0,275.0,0.0,0.0,346.0,147.0,508.0,223.0
2.0,2232.0,938.0,503.0,0.0,718.0,718.0,352.0,151.0,643.0,295.0
2.0,1294.0,730.0,515.0,0.0,1496.0,1496.0,360.0,155.0,504.0,226.0
2.0,564.0,294.0,518.0,718.0,1084.0,1084.0,362.0,156.0,211.0,83.0
2.0,988.0,35.0,510.0,1496.0,0.0,0.0,357.0,153.0,35.0,0.0
2.0,2449.0,199.0,499.0,1084.0,0.0,0.0,350.0,149.0,147.0,52.0
2.0,3334.0,668.0,498.0,0.0,0.0,0.0,349.0,149.0,466.0,202.0
2.0,2666.0,937.0,507.0,0.0,299.0,299.0,355.0,152.0,644.0,293.0
2.0,1729.0,794.0,520.0,0.0,1145.0,1145.0,364.0,156.0,547.0,247.0
2.0,935.0,411.0,523.0,299.0,1269.0,1269.0,366.0,157.0,291.0,120.0
2.0,823.0,134.0,513.0,1145.0,218.0,218.0,359.0,154.0,106.0,28.0
2.0,1834.0,287.0,499.0,1269.0,0.0,0.0,350.0,149.0,210.0,77.0
2.0,2816.0,710.0,495.0,218.0,0.0,0.0,347.0,148.0,494.0,216.0
2.0,2324.0,997.0,507.0,0.0,701.0,701.0,355.0,152.0,686.0,311.0
2.0,1327.0,790.0,519.0,0.0,1539.0,1539.0,363.0,156.0,544.0,246.0
2.0,537.0,289.0,521.0,701.0,1135.0,1135.0,364.0,157.0,204.0,85.0
2.0,949.0,30.0,510.0,1539.0,0.0,0.0,357.0,153.0,30.0,0.0
2.0,2458.0,188.0,500.0,1135.0,0.0,0.0,350.0,150.0,143.0,45.0
2.0,3405.0,591.0,499.0,0.0,0.0,0.0,350.0,149.0,416.0,175.0
2.0,2814.0,867.0,511.0,0.0,97.0,97.0,358.0,153.0,595.0,272.0
2.0,1947.0,767.0,523.0,0.0,912.0,912.0,366.0,157.0,524.0,243.0
2.0,1180.0,401.0,525.0,97.0,1224.0,1224.0,367.0,158.0,280.0,121.0
2.0,876.0,142.0,516.0,912.0,418.0,418.0,361.0,155.0,113.0,29.0
2.0,1646.0,346.0,505.0,1224.0,0.0,0.0,354.0,151.0,255.0,91.0
2.0,2524.0,769.0,505.0,418.0,0.0,0.0,354.0,151.0,538.0,231.0
2.0,2173.0,996.0,514.0,0.0,879.0,879.0,360.0,154.0,684.0,312.0
2.0,1177.0,860.0,525.0,0.0,1783.0,1783.0,367.0,158.0,589.0,271.0
2.0,317.0,442.0,528.0,879.0,1358.0,1358.0,369.0,159.0,311.0,131.0
2.0,754.0,103.0,519.0,1783.0,0.0,0.0,363.0,156.0,87.0,16.0
2.0,2434.0,166.0,508.0,1358.0,0.0,0.0,356.0,152.0,130.0,36.0
2.0,3626.0,574.0,506.0,0.0,0.0,0.0,355.0,151.0,399.0,175.0
2.0,3052.0,870.0,517.0,0.0,0.0,0.0,362.0,155.0,592.0,278.0
2.0,2182.0,723.0,529.0,0.0,657.0,657.0,370.0,159.0,492.0,231.0
2.0,1459.0,287.0,529.0,0.0,944.0,944.0,370.0,159.0,207.0,80.0
2.0,1172.0,173.0,520.0,657.0,424.0,424.0,364.0,156.0,140.0,33.0
2.0,1656.0,450.0,512.0,944.0,0.0,0.0,359.0,153.0,326.0,124.0
2.0,2150.0,878.0,515.0,424.0,364.0,364.0,361.0,154.0,608.0,270.0
2.0,1696.0,1090.0,527.0,0.0,1502.0,1502.0,369.0,158.0,745.0,345.0
2.0,606.0,818.0,538.0,364.0,2000.0,2000.0,376.0,162.0,561.0,257.0
2.0,152.0,355.0,538.0,1502.0,853.0,853.0,376.0,162.0,256.0,99.0
2.0,1299.0,172.0,527.0,2000.0,0.0,0.0,369.0,158.0,138.0,34.0
2.0,3127.0,387.0,518.0,853.0,0.0,0.0,363.0,155.0,281.0,106.0
2.0,3593.0,726.0,519.0,0.0,0.0,0.0,364.0,155.0,501.0,225.0
2.0,2867.0,817.0,529.0,0.0,66.0,66.0,370.0,159.0,555.0,262.0
2.0,2050.0,530.0,539.0,0.0,636.0,636.0,377.0,162.0,361.0,169.0
2.0,1520.0,184.0,538.0,66.0,750.0,750.0,376.0,162.0,136.0,48.0
2.0,1402.0,139.0,529.0,636.0,217.0,217.0,370.0,159.0,116.0,23.0
2.0,1899.0,556.0,523.0,750.0,0.0,0.0,367.0,156.0,400.0,156.0
2.0,2093.0,998.0,526.0,217.0,792.0,792.0,369.0,157.0,691.0,307.0
2.0,1312.0,1057.0,538.0,0.0,1897.0,1897.0,377.0,161.0,721.0,336.0
2.0,255.0,660.0,546.0,792.0,1797.0,1797.0,382.0,164.0,451.0,209.0
2.0,387.0,161.0,543.0,1897.0,49.0,49.0,380.0,163.0,122.0,39.0
2.0,2123.0,142.0,531.0,1797.0,0.0,0.0,372.0,159.0,118.0,24.0
2.0,3778.0,578.0,525.0,49.0,0.0,0.0,368.0,157.0,414.0,164.0
2.0,3249.0,1007.0,529.0,0.0,0.0,0.0,371.0,158.0,697.0,310.0
2.0,2242.0,1000.0,543.0,0.0,930.0,930.0,380.0,163.0,681.0,319.0
2.0,1242.0,436.0,551.0,0.0,1398.0,1398.0,385.0,166.0,297.0,139.0
2.0,806.0,0.0,548.0,930.0,456.0,456.0,383.0,165.0,0.0,0.0
2.0,1736.0,11.0,535.0,1398.0,0.0,0.0,374.0,161.0,11.0,0.0
2.0,3123.0,434.0,525.0,456.0,0.0,0.0,368.0,157.0,323.0,111.0
2.0,3145.0,983.0,529.0,0.0,0.0,0.0,371.0,158.0,701.0,282.0
2.0,2162.0,1106.0,542.0,0.0,1112.0,1112.0,380.0,162.0,768.0,338.0
2.0,1056.0,690.0,553.0,0.0,1846.0,1846.0,387.0,166.0,465.0,225.0
2.0,366.0,204.0,551.0,1112.0,930.0,930.0,385.0,166.0,132.0,72.0
2.0,1274.0,124.0,539.0,1846.0,0.0,0.0,377.0,162.0,91.0,33.0
2.0,2996.0,574.0,531.0,930.0,0.0,0.0,372.0,159.0,418.0,156.0
2.0,3352.0,1066.0,536.0,0.0,0.0,0.0,376.0,160.0,758.0,308.0
2.0,2286.0,1025.0,551.0,0.0,943.0,943.0,386.0,165.0,713.0,312.0
2.0,1261.0,520.0,560.0,0.0,1499.0,1499.0,392.0,168.0,349.0,171.0
2.0,741.0,0.0,557.0,943.0,544.0,544.0,390.0,167.0,0.0,0.0
2.0,1684.0,0.0,546.0,1499.0,0.0,0.0,382.0,164.0,0.0,0.0
2.0,3183.0,393.0,537.0,544.0,0.0,0.0,376.0,161.0,281.0,112.0
2.0,3334.0,904.0,539.0,0.0,0.0,0.0,378.0,161.0,636.0,268.0
2.0,2430.0,1047.0,551.0,0.0,821.0,821.0,386.0,165.0,730.0,317.0
2.0,1383.0,710.0,563.0,0.0,1579.0,1579.0,394.0,169.0,492.0,218.0
2.0,673.0,252.0,560.0,821.0,998.0,998.0,392.0,168.0,174.0,78.0
2.0,1242.0,166.0,549.0,1579.0,0.0,0.0,384.0,165.0,120.0,46.0
2.0,2655.0,548.0,540.0,998.0,0.0,0.0,378.0,162.0,387.0,161.0
2.0,3105.0,974.0,542.0,0.0,37.0,37.0,380.0,162.0,684.0,290.0
2.0,2131.0,1046.0,554.0,0.0,1131.0,1131.0,388.0,166.0,728.0,318.0
2.0,1085.0,681.0,566.0,37.0,1823.0,1823.0,396.0,170.0,473.0,208.0
2.0,441.0,131.0,565.0,1131.0,819.0,819.0,395.0,170.0,91.0,40.0
2.0,1441.0,15.0,553.0,1823.0,0.0,0.0,387.0,166.0,12.0,3.0
2.0,3249.0,397.0,544.0,819.0,0.0,0.0,381.0,163.0,281.0,116.0
2.0,3671.0,883.0,548.0,0.0,0.0,0.0,384.0,164.0,621.0,262.0
2.0,2788.0,959.0,561.0,0.0,415.0,415.0,393.0,168.0,671.0,288.0
2.0,1829.0,623.0,569.0,0.0,1070.0,1070.0,398.0,171.0,433.0,190.0
2.0,1206.0,173.0,564.0,415.0,808.0,808.0,394.0,170.0,117.0,56.0
2.0,1448.0,183.0,551.0,1070.0,0.0,0.0,385.0,166.0,127.0,56.0
2.0,2335.0,657.0,543.0,808.0,0.0,0.0,380.0,163.0,463.0,194.0
2.0,2486.0,1078.0,548.0,0.0,784.0,784.0,384.0,164.0,759.0,319.0
2.0,1408.0,1139.0,562.0,0.0,1979.0,1979.0,394.0,168.0,801.0,338.0
2.0,269.0,681.0,573.0,784.0,1920.0,1920.0,401.0,172.0,475.0,206.0
2.0,372.0,150.0,568.0,1979.0,71.0,71.0,397.0,171.0,98.0,52.0
2.0,2201.0,43.0,555.0,1920.0,0.0,0.0,388.0,167.0,26.0,17.0
2.0,4078.0,467.0,548.0,71.0,0.0,0.0,384.0,164.0,328.0,139.0
2.0,3682.0,972.0,557.0,0.0,0.0,0.0,390.0,167.0,687.0,285.0
2.0,2710.0,1027.0,572.0,0.0,605.0,605.0,401.0,171.0,726.0,301.0
2.0,1683.0,532.0,580.0,0.0,1169.0,1169.0,406.0,174.0,373.0,159.0
2.0,1151.0,47.0,570.0,605.0,571.0,571.0,399.0,171.0,25.0,22.0
2.0,1709.0,62.0,552.0,1169.0,0.0,0.0,386.0,166.0,35.0,27.0
2.0,2816.0,629.0,544.0,571.0,0.0,0.0,381.0,163.0,440.0,189.0
2.0,2758.0,1182.0,554.0,0.0,640.0,640.0,388.0,166.0,836.0,346.0
2.0,1576.0,1193.0,574.0,0.0,1913.0,1913.0,402.0,172.0,845.0,348.0
2.0,383.0,753.0,586.0,640.0,2074.0,2074.0,410.0,176.0,527.0,226.0
2.0,270.0,187.0,578.0,1913.0,316.0,316.0,404.0,174.0,122.0,65.0
2.0,1996.0,4.0,559.0,2074.0,0.0,0.0,391.0,168.0,0.0,4.0
2.0,4066.0,382.0,547.0,316.0,0.0,0.0,383.0,164.0,268.0,114.0
2.0,4000.0,977.0,558.0,0.0,0.0,0.0,391.0,167.0,687.0,290.0
2.0,3023.0,1112.0,579.0,0.0,405.0,405.0,406.0,173.0,781.0,331.0
2.0,1911.0,645.0,591.0,0.0,1098.0,1098.0,414.0,177.0,451.0,194.0
2.0,1266.0,85.0,584.0,405.0,750.0,750.0,409.0,175.0,56.0,29.0
2.0,1586.0,0.0,565.0,1098.0,0.0,0.0,395.0,170.0,0.0,0.0
2.0,2684.0,563.0,555.0,750.0,0.0,0.0,388.0,167.0,396.0,167.0
2.0,2871.0,1207.0,565.0,0.0,596.0,596.0,396.0,169.0,845.0,362.0
2.0,1664.0,1305.0,586.0,0.0,1985.0,1985.0,411.0,175.0,912.0,393.0
2.0,359.0,759.0,598.0,596.0,2196.0,2196.0,419.0,179.0,531.0,228.0
2.0,196.0,155.0,590.0,1985.0,334.0,334.0,413.0,177.0,108.0,47.0
2.0,2026.0,85.0,572.0,2196.0,0.0,0.0,400.0,172.0,61.0,24.0
2.0,4137.0,569.0,563.0,334.0,0.0,0.0,394.0,169.0,399.0,170.0
2.0,3902.0,1102.0,574.0,0.0,0.0,0.0,402.0,172.0,772.0,330.0
2.0,2800.0,1100.0,595.0,0.0,680.0,680.0,417.0,178.0,771.0,329.0
2.0,1700.0,583.0,606.0,0.0,1307.0,1307.0,424.0,182.0,408.0,175.0
2.0,1117.0,40.0,600.0,680.0,643.0,643.0,420.0,180.0,28.0,12.0
2.0,1757.0,2.0,582.0,1307.0,0.0,0.0,407.0,175.0,0.0,2.0
2.0,3062.0,518.0,572.0,643.0,0.0,0.0,400.0,172.0,360.0,158.0
2.0,3187.0,1133.0,580.0,0.0,266.0,266.0,406.0,174.0,793.0,340.0
2.0,2054.0,1286.0,600.0,0.0,1632.0,1632.0,420.0,180.0,904.0,382.0
2.0,768.0,848.0,613.0,266.0,2266.0,2266.0,429.0,184.0,596.0,252.0
2.0,186.0,197.0,606.0,1632.0,803.0,803.0,424.0,182.0,137.0,60.0
2.0,1621.0,0.0,587.0,2266.0,0.0,0.0,411.0,176.0,0.0,0.0
2.0,3887.0,386.0,574.0,803.0,0.0,0.0,402.0,172.0,268.0,118.0
2.0,4304.0,1050.0,581.0,0.0,0.0,0.0,407.0,174.0,734.0,316.0
2.0,3254.0,1286.0,604.0,0.0,448.0,448.0,423.0,181.0,901.0,385.0
2.0,1968.0,812.0,620.0,0.0,1324.0,1324.0,434.0,186.0,570.0,242.0
2.0,1156.0,127.0,614.0,448.0,979.0,979.0,430.0,184.0,88.0,39.0
2.0,1477.0,0.0,597.0,1324.0,0.0,0.0,418.0,179.0,0.0,0.0
2.0,2801.0,329.0,586.0,979.0,0.0,0.0,410.0,176.0,229.0,100.0
2.0,3451.0,895.0,590.0,0.0,0.0,0.0,413.0,177.0,625.0,270.0
2.0,2556.0,1164.0,610.0,0.0,1048.0,1048.0,427.0,183.0,816.0,348.0
2.0,1392.0,840.0,622.0,0.0,1936.0,1936.0,436.0,186.0,591.0,249.0
2.0,552.0,327.0,616.0,1048.0,1191.0,1191.0,431.0,185.0,231.0,96.0
2.0,1273.0,175.0,598.0,1936.0,0.0,0.0,419.0,179.0,123.0,52.0
2.0,3034.0,579.0,587.0,1191.0,0.0,0.0,411.0,176.0,404.0,175.0
2.0,3646.0,1065.0,594.0,0.0,0.0,0.0,416.0,178.0,745.0,320.0
2.0,2581.0,1133.0,614.0,0.0,1008.0,1008.0,430.0,184.0,791.0,342.0
2.0,1448.0,635.0,625.0,0.0,1687.0,1687.0,438.0,187.0,443.0,192.0
2.0,813.0,0.0,617.0,1008.0,647.0,647.0,432.0,185.0,0.0,0.0
2.0,1821.0,0.0,597.0,1687.0,0.0,0.0,418.0,179.0,0.0,0.0
2.0,3508.0,428.0,586.0,647.0,0.0,0.0,410.0,176.0,304.0,124.0
2.0,3727.0,991.0,594.0,0.0,0.0,0.0,416.0,178.0,697.0,294.0
2.0,2736.0,1136.0,616.0,0.0,864.0,864.0,431.0,185.0,795.0,341.0
2.0,1600.0,796.0,630.0,0.0,1716.0,1716.0,441.0,189.0,552.0,244.0
2.0,804.0,281.0,623.0,864.0,1105.0,1105.0,436.0,187.0,192.0,89.0
2.0,1387.0,172.0,604.0,1716.0,0.0,0.0,423.0,181.0,122.0,50.0
2.0,2931.0,624.0,593.0,1105.0,0.0,0.0,415.0,178.0,444.0,180.0
2.0,3412.0,1192.0,601.0,0.0,184.0,184.0,421.0,180.0,837.0,355.0
2.0,2220.0,1174.0,620.0,0.0,1434.0,1434.0,434.0,186.0,820.0,354.0
2.0,1046.0,637.0,633.0,184.0,1939.0,1939.0,443.0,190.0,440.0,197.0
2.0,593.0,123.0,627.0,1434.0,604.0,604.0,439.0,188.0,83.0,40.0
2.0,1904.0,101.0,610.0,1939.0,0.0,0.0,427.0,183.0,72.0,29.0
2.0,3742.0,530.0,600.0,604.0,0.0,0.0,420.0,180.0,375.0,155.0
2.0,3816.0,1003.0,607.0,0.0,0.0,0.0,425.0,182.0,706.0,297.0
2.0,2813.0,1056.0,625.0,0.0,743.0,743.0,438.0,187.0,739.0,317.0
2.0,1757.0,752.0,640.0,0.0,1555.0,1555.0,448.0,192.0,523.0,229.0
2.0,1005.0,355.0,636.0,743.0,1151.0,1151.0,445.0,191.0,244.0,111.0
2.0,1393.0,228.0,617.0,1555.0,0.0,0.0,432.0,185.0,159.0,69.0
2.0,2720.0,622.0,603.0,1151.0,0.0,0.0,422.0,181.0,438.0,184.0
2.0,3249.0,1095.0,610.0,0.0,286.0,286.0,427.0,183.0,771.0,324.0
2.0,2154.0,1183.0,630.0,0.0,1549.0,1549.0,441.0,189.0,830.0,353.0
2.0,971.0,765.0,643.0,286.0,2080.0,2080.0,450.0,193.0,533.0,232.0
2.0,492.0,228.0,636.0,1549.0,731.0,731.0,445.0,191.0,155.0,73.0
2.0,1813.0,41.0,616.0,2080.0,0.0,0.0,431.0,185.0,27.0,14.0
2.0,3852.0,392.0,603.0,731.0,0.0,0.0,422.0,181.0,277.0,115.0
2.0,4191.0,890.0,608.0,0.0,0.0,0.0,426.0,182.0,626.0,264.0
2.0,3301.0,1008.0,627.0,0.0,215.0,215.0,439.0,188.0,709.0,299.0
2.0,2293.0,722.0,641.0,0.0,993.0,993.0,449.0,192.0,504.0,218.0
2.0,1571.0,352.0,637.0,215.0,1114.0,1114.0,446.0,191.0,243.0,109.0
2.0,1434.0,257.0,620.0,993.0,310.0,310.0,434.0,186.0,178.0,79.0
2.0,2170.0,555.0,607.0,1114.0,0.0,0.0,425.0,182.0,390.0,165.0
2.0,2729.0,1036.0,610.0,310.0,437.0,437.0,427.0,183.0,729.0,307.0
2.0,2003.0,1162.0,629.0,0.0,1675.0,1675.0,440.0,189.0,814.0,348.0
2.0,841.0,830.0,644.0,437.0,2128.0,2128.0,451.0,193.0,579.0,251.0
2.0,448.0,423.0,646.0,1675.0,884.0,884.0,452.0,194.0,293.0,130.0
2.0,1700.0,226.0,630.0,2128.0,0.0,0.0,441.0,189.0,156.0,70.0
2.0,3602.0,420.0,613.0,884.0,0.0,0.0,429.0,184.0,295.0,125.0
2.0,4066.0,772.0,612.0,0.0,0.0,0.0,428.0,184.0,544.0,228.0
2.0,3294.0,925.0,627.0,0.0,139.0,139.0,439.0,188.0,650.0,275.0
2.0,2369.0,734.0,641.0,0.0,929.0,929.0,449.0,192.0,513.0,221.0
2.0,1635.0,365.0,643.0,139.0,1163.0,1163.0,450.0,193.0,252.0,113.0
2.0,1409.0,266.0,630.0,929.0,448.0,448.0,441.0,189.0,185.0,81.0
2.0,2072.0,556.0,618.0,1163.0,0.0,0.0,433.0,185.0,393.0,163.0
2.0,2679.0,969.0,621.0,448.0,326.0,326.0,435.0,186.0,682.0,287.0
2.0,2158.0,1080.0,636.0,0.0,1466.0,1466.0,445.0,191.0,756.0,324.0
2.0,1078.0,859.0,649.0,326.0,2051.0,2051.0,454.0,195.0,599.0,260.0
2.0,545.0,469.0,646.0,1466.0,1042.0,1042.0,452.0,194.0,326.0,143.0
2.0,1542.0,300.0,632.0,2051.0,0.0,0.0,442.0,190.0,210.0,90.0
2.0,3293.0,460.0,619.0,1042.0,0.0,0.0,433.0,186.0,324.0,136.0
2.0,3875.0,887.0,624.0,0.0,0.0,0.0,437.0,187.0,623.0,264.0
2.0,2988.0,1076.0,644.0,0.0,664.0,664.0,451.0,193.0,753.0,323.0
2.0,1912.0,759.0,659.0,0.0,1483.0,1483.0,461.0,198.0,529.0,230.0
2.0,1153.0,272.0,656.0,664.0,1079.0,1079.0,459.0,197.0,190.0,82.0
2.0,1545.0,95.0,639.0,1483.0,0.0,0.0,447.0,192.0,66.0,29.0
2.0,2933.0,418.0,624.0,1079.0,0.0,0.0,437.0,187.0,294.0,124.0
2.0,3594.0,930.0,627.0,0.0,0.0,0.0,439.0,188.0,652.0,278.0
2.0,2664.0,1135.0,644.0,0.0,1047.0,1047.0,451.0,193.0,794.0,341.0
2.0,1529.0,919.0,658.0,0.0,2022.0,2022.0,461.0,197.0,643.0,276.0
2.0,610.0,481.0,656.0,1047.0,1448.0,1448.0,459.0,197.0,336.0,145.0
2.0,1176.0,282.0,638.0,2022.0,0.0,0.0,447.0,191.0,200.0,82.0
2.0,2916.0,478.0,624.0,1448.0,0.0,0.0,437.0,187.0,336.0,142.0
2.0,3886.0,827.0,628.0,0.0,0.0,0.0,440.0,188.0,578.0,249.0
2.0,3059.0,1045.0,646.0,0.0,570.0,570.0,452.0,194.0,729.0,316.0
2.0,2014.0,789.0,660.0,0.0,1415.0,1415.0,462.0,198.0,551.0,238.0
2.0,1225.0,351.0,656.0,570.0,1180.0,1180.0,459.0,197.0,247.0,104.0
2.0,1444.0,199.0,640.0,1415.0,0.0,0.0,448.0,192.0,143.0,56.0
2.0,2660.0,453.0,628.0,1180.0,0.0,0.0,440.0,188.0,321.0,132.0
2.0,3387.0,863.0,631.0,0.0,0.0,0.0,442.0,189.0,603.0,260.0
2.0,2524.0,1114.0,645.0,0.0,1170.0,1170.0,452.0,193.0,775.0,339.0
2.0,1410.0,983.0,660.0,0.0,2213.0,2213.0,462.0,198.0,683.0,300.0
2.0,427.0,592.0,660.0,1170.0,1635.0,1635.0,462.0,198.0,414.0,178.0
2.0,1005.0,348.0,645.0,2213.0,0.0,0.0,452.0,193.0,250.0,98.0
2.0,2870.0,550.0,633.0,1635.0,0.0,0.0,443.0,190.0,393.0,157.0
2.0,3955.0,947.0,637.0,0.0,0.0,0.0,446.0,191.0,663.0,284.0
2.0,3008.0,1086.0,653.0,0.0,690.0,690.0,457.0,196.0,752.0,334.0
2.0,1922.0,813.0,667.0,0.0,1559.0,1559.0,467.0,200.0,559.0,254.0
2.0,1109.0,334.0,667.0,690.0,1203.0,1203.0,467.0,200.0,233.0,101.0
2.0,1465.0,121.0,651.0,1559.0,0.0,0.0,456.0,195.0,94.0,27.0
2.0,2903.0,442.0,641.0,1203.0,0.0,0.0,449.0,192.0,319.0,123.0
2.0,3664.0,917.0,644.0,0.0,0.0,0.0,451.0,193.0,642.0,275.0
2.0,2747.0,1112.0,660.0,0.0,1005.0,1005.0,462.0,198.0,769.0,343.0
2.0,1635.0,877.0,671.0,0.0,1926.0,1926.0,470.0,201.0,606.0,271.0
2.0,758.0,523.0,670.0,1005.0,1440.0,1440.0,469.0,201.0,366.0,157.0
2.0,1240.0,387.0,658.0,1926.0,0.0,0.0,461.0,197.0,279.0,108.0
2.0,2779.0,650.0,648.0,1440.0,0.0,0.0,454.0,194.0,466.0,184.0
2.0,3569.0,984.0,651.0,0.0,19.0,19.0,456.0,195.0,692.0,292.0
2.0,2585.0,1030.0,663.0,0.0,1097.0,1097.0,464.0,199.0,712.0,318.0
2.0,1555.0,737.0,673.0,19.0,1855.0,1855.0,471.0,202.0,505.0,232.0
2.0,837.0,398.0,673.0,1097.0,1156.0,1156.0,471.0,202.0,275.0,123.0
2.0,1536.0,306.0,663.0,1855.0,0.0,0.0,464.0,199.0,223.0,83.0
2.0,3085.0,514.0,655.0,1156.0,0.0,0.0,459.0,196.0,372.0,142.0
2.0,3727.0,877.0,658.0,0.0,0.0,0.0,461.0,197.0,616.0,261.0
2.0,2850.0,965.0,670.0,0.0,795.0,795.0,469.0,201.0,667.0,298.0
2.0,1885.0,802.0,680.0,0.0,1637.0,1637.0,476.0,204.0,549.0,253.0
2.0,1083.0,524.0,679.0,795.0,1362.0,1362.0,475.0,204.0,363.0,161.0
2.0,1354.0,454.0,670.0,1637.0,143.0,143.0,469.0,201.0,328.0,126.0
2.0,2537.0,647.0,661.0,1362.0,0.0,0.0,463.0,198.0,468.0,179.0
2.0,3252.0,920.0,662.0,143.0,173.0,173.0,464.0,198.0,649.0,271.0
2.0,2475.0,1089.0,674.0,0.0,1310.0,1310.0,472.0,202.0,751.0,338.0
2.0,1386.0,917.0,686.0,173.0,2102.0,2102.0,480.0,206.0,627.0,290.0
2.0,642.0,517.0,687.0,1310.0,1313.0,1313.0,481.0,206.0,357.0,160.0
2.0,1435.0,202.0,674.0,2102.0,0.0,0.0,472.0,202.0,152.0,50.0
2.0,3335.0,312.0,660.0,1313.0,0.0,0.0,462.0,198.0,234.0,78.0
2.0,4336.0,750.0,659.0,0.0,0.0,0.0,462.0,197.0,531.0,219.0
2.0,3586.0,1113.0,675.0,0.0,227.0,227.0,473.0,202.0,768.0,345.0
2.0,2473.0,1000.0,693.0,0.0,1299.0,1299.0,485.0,208.0,684.0,316.0
2.0,1473.0,582.0,696.0,227.0,1666.0,1666.0,487.0,209.0,401.0,181.0
2.0,1118.0,297.0,684.0,1299.0,616.0,616.0,479.0,205.0,219.0,78.0
2.0,2120.0,444.0,671.0,1666.0,0.0,0.0,470.0,201.0,328.0,116.0
2.0,3342.0,883.0,669.0,616.0,0.0,0.0,469.0,200.0,624.0,259.0
2.0,3075.0,1126.0,682.0,0.0,779.0,779.0,478.0,204.0,777.0,349.0
2.0,1949.0,996.0,696.0,0.0,1831.0,1831.0,487.0,209.0,680.0,316.0
2.0,953.0,564.0,698.0,779.0,1624.0,1624.0,488.0,210.0,390.0,174.0
2.0,1168.0,300.0,687.0,1831.0,49.0,49.0,481.0,206.0,221.0,79.0
2.0,2699.0,416.0,675.0,1624.0,0.0,0.0,473.0,202.0,307.0,109.0
2.0,3907.0,821.0,676.0,49.0,0.0,0.0,474.0,202.0,581.0,240.0
2.0,3135.0,1014.0,688.0,0.0,631.0,631.0,482.0,206.0,700.0,314.0
2.0,2121.0,824.0,700.0,0.0,1503.0,1503.0,490.0,210.0,561.0,263.0
2.0,1297.0,428.0,700.0,631.0,1300.0,1300.0,490.0,210.0,295.0,133.0
2.0,1500.0,205.0,687.0,1503.0,0.0,0.0,481.0,206.0,154.0,51.0
2.0,2798.0,480.0,675.0,1300.0,0.0,0.0,473.0,202.0,351.0,129.0
2.0,3618.0,999.0,675.0,0.0,81.0,81.0,473.0,202.0,704.0,295.0
2.0,2619.0,1256.0,688.0,0.0,1389.0,1389.0,482.0,206.0,870.0,386.0
2.0,1363.0,1067.0,702.0,81.0,2431.0,2431.0,491.0,211.0,730.0,337.0
2.0,377.0,598.0,703.0,1389.0,1644.0,1644.0,492.0,211.0,411.0,187.0
2.0,1168.0,289.0,690.0,2431.0,0.0,0.0,483.0,207.0,213.0,76.0
2.0,3310.0,375.0,677.0,1644.0,0.0,0.0,474.0,203.0,281.0,94.0
2.0,4579.0,718.0,675.0,0.0,0.0,0.0,473.0,202.0,509.0,209.0
2.0,3861.0,992.0,688.0,0.0,0.0,0.0,482.0,206.0,684.0,308.0
2.0,2869.0,931.0,703.0,0.0,874.0,874.0,492.0,211.0,636.0,295.0
2.0,1938.0,561.0,706.0,0.0,1447.0,1447.0,494.0,212.0,386.0,175.0
2.0,1377.0,251.0,693.0,874.0,772.0,772.0,485.0,208.0,186.0,65.0
2.0,2000.0,385.0,678.0,1447.0,0.0,0.0,475.0,203.0,284.0,101.0
2.0,3062.0,797.0,678.0,772.0,0.0,0.0,475.0,203.0,565.0,232.0
2.0,3037.0,1160.0,689.0,0.0,879.0,879.0,483.0,206.0,805.0,355.0
2.0,1877.0,1076.0,703.0,0.0,2011.0,2011.0,492.0,211.0,739.0,337.0
2.0,801.0,703.0,703.0,879.0,1835.0,1835.0,492.0,211.0,485.0,218.0
2.0,977.0,448.0,693.0,2011.0,232.0,232.0,485.0,208.0,319.0,129.0
2.0,2540.0,503.0,683.0,1835.0,0.0,0.0,478.0,205.0,366.0,137.0
2.0,3872.0,837.0,685.0,232.0,0.0,0.0,480.0,205.0,593.0,244.0
2.0,3267.0,1041.0,698.0,0.0,566.0,566.0,489.0,209.0,722.0,319.0
2.0,2226.0,894.0,709.0,0.0,1504.0,1504.0,496.0,213.0,613.0,281.0
2.0,1332.0,462.0,708.0,566.0,1396.0,1396.0,495.0,213.0,317.0,145.0
2.0,1436.0,161.0,695.0,1504.0,1.0,1.0,486.0,209.0,118.0,43.0
2.0,2779.0,406.0,684.0,1396.0,0.0,0.0,479.0,205.0,297.0,109.0
2.0,3769.0,916.0,685.0,1.0,0.0,0.0,480.0,205.0,649.0,267.0
2.0,2854.0,1140.0,698.0,0.0,1078.0,1078.0,489.0,209.0,792.0,348.0
2.0,1714.0,972.0,707.0,0.0,2086.0,2086.0,495.0,212.0,668.0,304.0
2.0,742.0,634.0,707.0,1078.0,1642.0,1642.0,495.0,212.0,439.0,195.0
2.0,1186.0,483.0,699.0,2086.0,7.0,7.0,489.0,210.0,344.0,139.0
2.0,2789.0,614.0,690.0,1642.0,0.0,0.0,483.0,207.0,439.0,175.0
2.0,3817.0,878.0,689.0,7.0,0.0,0.0,483.0,206.0,618.0,260.0
2.0,2946.0,1011.0,698.0,0.0,857.0,857.0,489.0,209.0,703.0,308.0
2.0,1935.0,850.0,711.0,0.0,1759.0,1759.0,498.0,213.0,585.0,265.0
2.0,1085.0,543.0,715.0,857.0,1461.0,1461.0,500.0,215.0,376.0,167.0
2.0,1399.0,280.0,706.0,1759.0,0.0,0.0,494.0,212.0,202.0,78.0
2.0,2878.0,353.0,691.0,1461.0,0.0,0.0,484.0,207.0,256.0,97.0
2.0,3986.0,828.0,688.0,0.0,0.0,0.0,482.0,206.0,585.0,243.0
2.0,3158.0,1118.0,699.0,0.0,756.0,756.0,490.0,209.0,778.0,340.0
2.0,2040.0,994.0,712.0,0.0,1802.0,1802.0,498.0,214.0,686.0,308.0
2.0,1046.0,654.0,716.0,756.0,1716.0,1716.0,501.0,215.0,454.0,200.0
2.0,1148.0,430.0,708.0,1802.0,312.0,312.0,495.0,213.0,307.0,123.0
2.0,2520.0,606.0,697.0,1716.0,0.0,0.0,488.0,209.0,434.0,172.0
2.0,3630.0,959.0,696.0,312.0,0.0,0.0,488.0,208.0,675.0,284.0
2.0,2983.0,1124.0,708.0,0.0,973.0,973.0,496.0,212.0,779.0,345.0
2.0,1859.0,873.0,719.0,0.0,1890.0,1890.0,503.0,216.0,600.0,273.0
2.0,986.0,388.0,718.0,973.0,1301.0,1301.0,502.0,216.0,271.0,117.0
2.0,1571.0,137.0,705.0,1890.0,0.0,0.0,493.0,212.0,105.0,32.0
2.0,3324.0,355.0,693.0,1301.0,0.0,0.0,485.0,208.0,258.0,97.0
2.0,4270.0,876.0,693.0,0.0,0.0,0.0,486.0,207.0,614.0,262.0
2.0,3394.0,1247.0,708.0,0.0,685.0,685.0,496.0,212.0,863.0,384.0
2.0,2147.0,1098.0,726.0,0.0,1855.0,1855.0,508.0,218.0,760.0,338.0
2.0,1049.0,591.0,728.0,685.0,1769.0,1769.0,509.0,219.0,412.0,179.0
2.0,1143.0,203.0,713.0,1855.0,57.0,57.0,499.0,214.0,149.0,54.0
2.0,2795.0,359.0,696.0,1769.0,0.0,0.0,487.0,209.0,260.0,99.0
2.0,4205.0,1013.0,695.0,57.0,0.0,0.0,487.0,208.0,712.0,301.0
2.0,3249.0,1464.0,711.0,0.0,1059.0,1059.0,498.0,213.0,1019.0,445.0
2.0,1785.0,1275.0,730.0,0.0,2410.0,2410.0,511.0,219.0,885.0,390.0
2.0,510.0,569.0,733.0,1059.0,1932.0,1932.0,513.0,220.0,395.0,174.0
2.0,1000.0,35.0,721.0,2410.0,0.0,0.0,504.0,217.0,30.0,5.0
2.0,3375.0,168.0,704.0,1932.0,0.0,0.0,493.0,211.0,125.0,43.0
2.0,5139.0,748.0,701.0,0.0,0.0,0.0,491.0,210.0,528.0,220.0
2.0,4391.0,1305.0,715.0,0.0,0.0,0.0,501.0,214.0,909.0,396.0
2.0,3086.0,1275.0,736.0,0.0,1133.0,1133.0,515.0,221.0,882.0,393.0
2.0,1811.0,657.0,741.0,0.0,1810.0,1810.0,518.0,223.0,454.0,203.0
2.0,1154.0,123.0,728.0,1133.0,748.0,748.0,509.0,219.0,92.0,31.0
2.0,2164.0,217.0,710.0,1810.0,0.0,0.0,497.0,213.0,164.0,53.0
2.0,3757.0,884.0,705.0,748.0,0.0,0.0,494.0,211.0,626.0,258.0
2.0,3621.0,1417.0,719.0,0.0,672.0,672.0,504.0,215.0,987.0,430.0
2.0,2204.0,1350.0,737.0,0.0,2094.0,2094.0,516.0,221.0,933.0,417.0
2.0,854.0,753.0,742.0,672.0,2195.0,2195.0,519.0,223.0,517.0,236.0
2.0,773.0,180.0,729.0,2094.0,229.0,229.0,510.0,219.0,128.0,52.0
2.0,2687.0,114.0,711.0,2195.0,0.0,0.0,498.0,213.0,95.0,19.0
2.0,4768.0,655.0,707.0,229.0,0.0,0.0,495.0,212.0,470.0,185.0
2.0,4342.0,1266.0,722.0,0.0,0.0,0.0,506.0,216.0,884.0,382.0
2.0,3076.0,1270.0,744.0,0.0,1170.0,1170.0,521.0,223.0,874.0,396.0
2.0,1806.0,687.0,749.0,0.0,1877.0,1877.0,524.0,225.0,471.0,216.0
2.0,1119.0,202.0,735.0,1170.0,853.0,853.0,514.0,221.0,145.0,57.0
2.0,2087.0,328.0,720.0,1877.0,0.0,0.0,504.0,216.0,243.0,85.0
2.0,3636.0,940.0,719.0,853.0,0.0,0.0,504.0,215.0,669.0,271.0
2.0,3549.0,1443.0,735.0,0.0,834.0,834.0,515.0,220.0,1006.0,437.0
2.0,2106.0,1393.0,752.0,0.0,2295.0,2295.0,526.0,226.0,961.0,432.0
2.0,713.0,760.0,755.0,834.0,2233.0,2233.0,528.0,227.0,522.0,238.0
2.0,787.0,133.0,740.0,2295.0,11.0,11.0,518.0,222.0,97.0,36.0
2.0,2949.0,160.0,724.0,2233.0,0.0,0.0,507.0,217.0,124.0,36.0
2.0,5022.0,716.0,721.0,11.0,0.0,0.0,505.0,216.0,512.0,204.0
2.0,4317.0,1223.0,735.0,0.0,0.0,0.0,515.0,220.0,854.0,369.0
2.0,3094.0,1232.0,753.0,0.0,1150.0,1150.0,527.0,226.0,849.0,383.0
2.0,1862.0,707.0,759.0,0.0,1881.0,1881.0,531.0,228.0,485.0,222.0
2.0,1155.0,165.0,746.0,1150.0,844.0,844.0,522.0,224.0,118.0,47.0
2.0,2140.0,142.0,728.0,1881.0,0.0,0.0,510.0,218.0,113.0,29.0
2.0,3879.0,711.0,722.0,844.0,0.0,0.0,506.0,216.0,506.0,205.0
2.0,4012.0,1291.0,735.0,0.0,219.0,219.0,515.0,220.0,900.0,391.0
2.0,2721.0,1330.0,753.0,0.0,1621.0,1621.0,527.0,226.0,919.0,411.0
2.0,1391.0,847.0,757.0,219.0,2265.0,2265.0,530.0,227.0,585.0,262.0
2.0,763.0,328.0,745.0,1621.0,924.0,924.0,521.0,224.0,234.0,94.0
2.0,2056.0,279.0,728.0,2265.0,0.0,0.0,510.0,218.0,209.0,70.0
2.0,4042.0,753.0,726.0,924.0,0.0,0.0,509.0,217.0,535.0,218.0
2.0,4213.0,1207.0,742.0,0.0,0.0,0.0,520.0,222.0,840.0,367.0
2.0,3006.0,1151.0,761.0,0.0,1189.0,1189.0,533.0,228.0,791.0,360.0
2.0,1855.0,714.0,768.0,0.0,1931.0,1931.0,537.0,231.0,490.0,224.0
2.0,1141.0,250.0,756.0,1189.0,944.0,944.0,529.0,227.0,180.0,70.0
2.0,2080.0,249.0,737.0,1931.0,0.0,0.0,516.0,221.0,189.0,60.0
2.0,3762.0,730.0,731.0,944.0,0.0,0.0,512.0,219.0,521.0,209.0
2.0,3976.0,1238.0,742.0,0.0,230.0,230.0,520.0,222.0,863.0,375.0
2.0,2738.0,1274.0,763.0,0.0,1588.0,1588.0,534.0,229.0,878.0,396.0
2.0,1464.0,797.0,772.0,230.0,2191.0,2191.0,540.0,232.0,549.0,248.0
2.0,897.0,325.0,758.0,1588.0,872.0,872.0,530.0,228.0,231.0,94.0
2.0,2160.0,344.0,737.0,2191.0,0.0,0.0,516.0,221.0,253.0,91.0
2.0,4007.0,850.0,728.0,872.0,0.0,0.0,510.0,218.0,604.0,246.0
2.0,4029.0,1337.0,744.0,0.0,284.0,284.0,521.0,223.0,931.0,406.0
2.0,2692.0,1250.0,767.0,0.0,1626.0,1626.0,537.0,230.0,861.0,389.0
2.0,1442.0,654.0,776.0,284.0,2032.0,2032.0,543.0,233.0,450.0,204.0
2.0,1072.0,125.0,765.0,1626.0,487.0,487.0,535.0,230.0,92.0,33.0
2.0,2573.0,211.0,743.0,2032.0,0.0,0.0,520.0,223.0,161.0,50.0
2.0,4394.0,846.0,735.0,487.0,0.0,0.0,515.0,220.0,601.0,245.0
2.0,4035.0,1416.0,749.0,0.0,377.0,377.0,525.0,224.0,988.0,428.0
2.0,2619.0,1328.0,773.0,0.0,1801.0,1801.0,541.0,232.0,916.0,412.0
2.0,1291.0,708.0,782.0,377.0,2168.0,2168.0,547.0,235.0,485.0,223.0
2.0,960.0,238.0,769.0,1801.0,553.0,553.0,538.0,231.0,171.0,67.0
2.0,2523.0,364.0,749.0,2168.0,0.0,0.0,524.0,225.0,268.0,96.0
2.0,4327.0,945.0,741.0,553.0,0.0,0.0,519.0,222.0,670.0,275.0
2.0,3935.0,1438.0,755.0,0.0,523.0,523.0,529.0,226.0,1003.0,435.0
2.0,2497.0,1319.0,777.0,0.0,1930.0,1930.0,544.0,233.0,911.0,408.0
2.0,1178.0,676.0,788.0,523.0,2127.0,2127.0,551.0,237.0,464.0,212.0
2.0,1025.0,175.0,778.0,1930.0,332.0,332.0,544.0,234.0,127.0,48.0
2.0,2780.0,169.0,757.0,2127.0,0.0,0.0,530.0,227.0,131.0,38.0
2.0,4738.0,727.0,747.0,332.0,0.0,0.0,523.0,224.0,518.0,209.0
2.0,4343.0,1377.0,760.0,0.0,74.0,74.0,532.0,228.0,960.0,417.0
2.0,2966.0,1380.0,783.0,0.0,1546.0,1546.0,548.0,235.0,952.0,428.0
2.0,1586.0,817.0,792.0,74.0,2325.0,2325.0,554.0,238.0,563.0,254.0
2.0,843.0,328.0,780.0,1546.0,1059.0,1059.0,546.0,234.0,236.0,92.0
2.0,2061.0,355.0,759.0,2325.0,0.0,0.0,531.0,228.0,264.0,91.0
2.0,4031.0,844.0,748.0,1059.0,0.0,0.0,524.0,224.0,599.0,245.0
2.0,4246.0,1370.0,761.0,0.0,168.0,168.0,533.0,228.0,953.0,417.0
2.0,2876.0,1326.0,783.0,0.0,1582.0,1582.0,548.0,235.0,911.0,415.0
2.0,1550.0,697.0,793.0,168.0,2151.0,2151.0,555.0,238.0,480.0,217.0
2.0,1021.0,178.0,783.0,1582.0,707.0,707.0,548.0,235.0,132.0,46.0
2.0,2425.0,201.0,764.0,2151.0,0.0,0.0,535.0,229.0,157.0,44.0
2.0,4375.0,673.0,753.0,707.0,0.0,0.0,527.0,226.0,479.0,194.0
2.0,4409.0,1163.0,762.0,0.0,0.0,0.0,534.0,228.0,806.0,357.0
2.0,3246.0,1242.0,783.0,0.0,1128.0,1128.0,548.0,235.0,855.0,387.0
2.0,2004.0,856.0,796.0,0.0,2036.0,2036.0,557.0,239.0,591.0,265.0
2.0,1148.0,392.0,790.0,1128.0,1276.0,1276.0,553.0,237.0,282.0,110.0
2.0,1884.0,388.0,773.0,2036.0,0.0,0.0,541.0,232.0,286.0,102.0
2.0,3532.0,853.0,764.0,1276.0,0.0,0.0,535.0,229.0,605.0,248.0
2.0,3955.0,1305.0,772.0,0.0,438.0,438.0,541.0,231.0,908.0,397.0
2.0,2650.0,1276.0,790.0,0.0,1786.0,1786.0,553.0,237.0,877.0,399.0
2.0,1374.0,787.0,801.0,438.0,2179.0,2179.0,560.0,241.0,540.0,247.0
2.0,1025.0,407.0,794.0,1786.0,772.0,772.0,555.0,239.0,293.0,114.0
2.0,2404.0,369.0,777.0,2179.0,0.0,0.0,544.0,233.0,277.0,92.0
2.0,4214.0,692.0,769.0,772.0,0.0,0.0,539.0,230.0,492.0,200.0
2.0,4294.0,1030.0,775.0,0.0,0.0,0.0,543.0,232.0,713.0,317.0
2.0,3264.0,1054.0,790.0,0.0,950.0,950.0,553.0,237.0,722.0,332.0
2.0,2210.0,806.0,801.0,0.0,1800.0,1800.0,560.0,241.0,555.0,251.0
2.0,1404.0,451.0,795.0,950.0,1277.0,1277.0,556.0,239.0,321.0,130.0
2.0,1903.0,426.0,780.0,1800.0,0.0,0.0,546.0,234.0,314.0,112.0
2.0,3277.0,771.0,771.0,1277.0,0.0,0.0,540.0,231.0,550.0,221.0
2.0,3783.0,1233.0,779.0,0.0,566.0,566.0,546.0,233.0,857.0,376.0
2.0,2550.0,1214.0,796.0,0.0,1848.0,1848.0,557.0,239.0,835.0,379.0
2.0,1336.0,887.0,806.0,566.0,2209.0,2209.0,564.0,242.0,611.0,276.0
2.0,1015.0,534.0,800.0,1848.0,871.0,871.0,560.0,240.0,380.0,154.0
2.0,2329.0,450.0,783.0,2209.0,0.0,0.0,548.0,235.0,330.0,120.0
2.0,4088.0,691.0,772.0,871.0,0.0,0.0,541.0,231.0,494.0,197.0
2.0,4268.0,994.0,779.0,0.0,0.0,0.0,546.0,233.0,691.0,303.0
2.0,3274.0,1036.0,797.0,0.0,950.0,950.0,558.0,239.0,710.0,326.0
2.0,2238.0,831.0,809.0,0.0,1829.0,1829.0,566.0,243.0,573.0,258.0
2.0,1407.0,572.0,803.0,950.0,1427.0,1427.0,562.0,241.0,407.0,165.0
2.0,1785.0,504.0,786.0,1829.0,34.0,34.0,550.0,236.0,368.0,136.0
2.0,3110.0,726.0,774.0,1427.0,0.0,0.0,542.0,232.0,514.0,212.0
2.0,3811.0,1047.0,781.0,34.0,326.0,326.0,547.0,234.0,725.0,322.0
2.0,2798.0,1124.0,797.0,0.0,1514.0,1514.0,558.0,239.0,772.0,352.0
2.0,1674.0,1001.0,810.0,326.0,2241.0,2241.0,567.0,243.0,695.0,306.0
2.0,999.0,720.0,806.0,1514.0,1431.0,1431.0,564.0,242.0,514.0,206.0
2.0,1793.0,593.0,790.0,2241.0,0.0,0.0,553.0,237.0,431.0,162.0
2.0,3441.0,711.0,778.0,1431.0,0.0,0.0,545.0,233.0,504.0,207.0
2.0,4161.0,914.0,782.0,0.0,0.0,0.0,548.0,234.0,630.0,284.0
2.0,3247.0,984.0,797.0,0.0,925.0,925.0,558.0,239.0,673.0,311.0
2.0,2263.0,851.0,811.0,0.0,1832.0,1832.0,567.0,244.0,588.0,263.0
2.0,1412.0,594.0,808.0,925.0,1489.0,1489.0,565.0,243.0,424.0,170.0
2.0,1743.0,516.0,791.0,1832.0,105.0,105.0,554.0,237.0,377.0,139.0
2.0,3059.0,716.0,779.0,1489.0,0.0,0.0,546.0,233.0,509.0,207.0
2.0,3832.0,1001.0,782.0,105.0,192.0,192.0,548.0,234.0,693.0,308.0
2.0,2936.0,1213.0,800.0,0.0,1477.0,1477.0,560.0,240.0,835.0,378.0
2.0,1723.0,1105.0,813.0,192.0,2442.0,2442.0,569.0,244.0,767.0,338.0
2.0,810.0,822.0,813.0,1477.0,1787.0,1787.0,569.0,244.0,583.0,239.0
2.0,1465.0,617.0,799.0,2442.0,0.0,0.0,559.0,240.0,446.0,171.0
2.0,3290.0,616.0,785.0,1787.0,0.0,0.0,550.0,235.0,438.0,178.0
2.0,4461.0,881.0,789.0,0.0,0.0,0.0,553.0,236.0,609.0,272.0
2.0,3580.0,1026.0,805.0,0.0,666.0,666.0,564.0,241.0,704.0,322.0
2.0,2554.0,902.0,819.0,0.0,1624.0,1624.0,573.0,246.0,625.0,277.0
2.0,1652.0,645.0,818.0,666.0,1599.0,1599.0,572.0,246.0,459.0,186.0
2.0,1673.0,535.0,806.0,1624.0,462.0,462.0,564.0,242.0,390.0,145.0
2.0,2762.0,686.0,795.0,1599.0,0.0,0.0,557.0,238.0,488.0,198.0
2.0,3675.0,882.0,796.0,462.0,0.0,0.0,558.0,238.0,610.0,272.0
2.0,3255.0,1051.0,808.0,0.0,1028.0,1028.0,566.0,242.0,719.0,332.0
2.0,2204.0,1006.0,820.0,0.0,2082.0,2082.0,574.0,246.0,695.0,311.0
2.0,1198.0,856.0,821.0,1028.0,1914.0,1914.0,574.0,247.0,607.0,249.0
2.0,1370.0,738.0,810.0,2082.0,526.0,526.0,567.0,243.0,535.0,203.0
2.0,2714.0,764.0,799.0,1914.0,0.0,0.0,560.0,239.0,547.0,217.0
2.0,3864.0,924.0,802.0,526.0,0.0,0.0,562.0,240.0,639.0,285.0
2.0,3466.0,1059.0,814.0,0.0,849.0,849.0,570.0,244.0,721.0,338.0
2.0,2407.0,950.0,826.0,0.0,1847.0,1847.0,578.0,248.0,654.0,296.0
2.0,1457.0,726.0,826.0,849.0,1724.0,1724.0,578.0,248.0,516.0,210.0
2.0,1580.0,497.0,817.0,1847.0,338.0,338.0,572.0,245.0,367.0,130.0
2.0,2930.0,536.0,806.0,1724.0,0.0,0.0,565.0,241.0,388.0,148.0
2.0,4118.0,870.0,808.0,338.0,0.0,0.0,566.0,242.0,604.0,266.0
2.0,3586.0,1135.0,821.0,0.0,833.0,833.0,575.0,246.0,775.0,360.0
2.0,2451.0,1158.0,835.0,0.0,2047.0,2047.0,584.0,251.0,795.0,363.0
2.0,1293.0,874.0,837.0,833.0,2096.0,2096.0,585.0,252.0,617.0,257.0
2.0,1252.0,647.0,826.0,2047.0,652.0,652.0,578.0,248.0,475.0,172.0
2.0,2652.0,625.0,815.0,2096.0,0.0,0.0,571.0,244.0,453.0,172.0
2.0,4123.0,885.0,815.0,652.0,0.0,0.0,571.0,244.0,613.0,272.0
2.0,3890.0,1207.0,827.0,0.0,625.0,625.0,579.0,248.0,824.0,383.0
2.0,2683.0,1145.0,841.0,0.0,1826.0,1826.0,588.0,253.0,787.0,358.0
2.0,1538.0,714.0,841.0,625.0,1915.0,1915.0,588.0,253.0,506.0,208.0
2.0,1449.0,341.0,828.0,1826.0,378.0,378.0,580.0,248.0,261.0,80.0
2.0,2934.0,433.0,816.0,1915.0,0.0,0.0,572.0,244.0,318.0,115.0
2.0,4416.0,814.0,816.0,378.0,0.0,0.0,572.0,244.0,564.0,250.0
2.0,3980.0,1169.0,828.0,0.0,501.0,501.0,580.0,248.0,795.0,374.0
2.0,2811.0,1198.0,841.0,0.0,1751.0,1751.0,588.0,253.0,822.0,376.0
2.0,1613.0,846.0,844.0,501.0,2108.0,2108.0,590.0,254.0,599.0,247.0
2.0,1268.0,475.0,833.0,1751.0,788.0,788.0,583.0,250.0,356.0,119.0
2.0,2544.0,527.0,822.0,2108.0,0.0,0.0,576.0,246.0,384.0,143.0
2.0,4125.0,1006.0,822.0,788.0,0.0,0.0,576.0,246.0,697.0,309.0
2.0,3907.0,1343.0,833.0,0.0,768.0,768.0,583.0,250.0,918.0,425.0
2.0,2564.0,1257.0,846.0,0.0,2077.0,2077.0,592.0,254.0,866.0,391.0
2.0,1307.0,791.0,848.0,768.0,2108.0,2108.0,593.0,255.0,562.0,229.0
2.0,1284.0,369.0,837.0,2077.0,356.0,356.0,586.0,251.0,279.0,90.0
2.0,2992.0,381.0,825.0,2108.0,0.0,0.0,578.0,247.0,279.0,102.0
2.0,4719.0,793.0,825.0,356.0,0.0,0.0,578.0,247.0,547.0,246.0
2.0,4282.0,1202.0,836.0,0.0,264.0,264.0,585.0,251.0,822.0,380.0
2.0,3080.0,1236.0,850.0,0.0,1556.0,1556.0,595.0,255.0,855.0,381.0
2.0,1844.0,879.0,853.0,264.0,2183.0,2183.0,597.0,256.0,622.0,257.0
2.0,1229.0,473.0,843.0,1556.0,1060.0,1060.0,590.0,253.0,349.0,124.0
2.0,2312.0,443.0,828.0,2183.0,0.0,0.0,580.0,248.0,323.0,120.0
2.0,4052.0,887.0,824.0,1060.0,0.0,0.0,577.0,247.0,613.0,274.0
2.0,4225.0,1297.0,833.0,0.0,404.0,404.0,583.0,250.0,889.0,408.0
2.0,2928.0,1330.0,846.0,0.0,1786.0,1786.0,592.0,254.0,920.0,410.0
2.0,1598.0,985.0,854.0,404.0,2399.0,2399.0,597.0,257.0,697.0,288.0
2.0,1017.0,499.0,847.0,1786.0,1084.0,1084.0,593.0,254.0,368.0,131.0
2.0,2304.0,376.0,834.0,2399.0,0.0,0.0,584.0,250.0,276.0,100.0
2.0,4327.0,719.0,831.0,1084.0,0.0,0.0,582.0,249.0,496.0,223.0
2.0,4692.0,1174.0,841.0,0.0,0.0,0.0,589.0,252.0,803.0,371.0
2.0,3518.0,1300.0,855.0,0.0,1202.0,1202.0,598.0,257.0,897.0,403.0
2.0,2218.0,896.0,859.0,0.0,2114.0,2114.0,601.0,258.0,635.0,261.0
2.0,1322.0,441.0,851.0,1202.0,1321.0,1321.0,596.0,255.0,329.0,112.0
2.0,2083.0,415.0,839.0,2114.0,0.0,0.0,588.0,251.0,303.0,112.0
2.0,3782.0,959.0,838.0,1321.0,0.0,0.0,587.0,251.0,663.0,296.0
2.0,4144.0,1457.0,850.0,0.0,713.0,713.0,595.0,255.0,999.0,458.0
2.0,2687.0,1426.0,862.0,0.0,2187.0,2187.0,603.0,259.0,987.0,439.0
2.0,1261.0,870.0,865.0,713.0,2356.0,2356.0,605.0,260.0,619.0,251.0
2.0,1104.0,331.0,853.0,2187.0,452.0,452.0,597.0,256.0,253.0,78.0
2.0,2960.0,388.0,840.0,2356.0,0.0,0.0,589.0,251.0,280.0,108.0
2.0,4928.0,964.0,841.0,452.0,0.0,0.0,589.0,252.0,663.0,301.0
2.0,4416.0,1420.0,854.0,0.0,420.0,420.0,598.0,256.0,975.0,445.0
2.0,2996.0,1261.0,869.0,0.0,1741.0,1741.0,608.0,261.0,874.0,387.0
2.0,1735.0,703.0,872.0,420.0,2036.0,2036.0,610.0,262.0,504.0,199.0
2.0,1452.0,218.0,860.0,1741.0,465.0,465.0,602.0,258.0,172.0,46.0
2.0,2975.0,342.0,844.0,2036.0,0.0,0.0,591.0,253.0,248.0,94.0
2.0,4669.0,921.0,839.0,465.0,0.0,0.0,588.0,251.0,633.0,288.0
2.0,4213.0,1477.0,851.0,0.0,668.0,668.0,596.0,255.0,1014.0,463.0
2.0,2736.0,1457.0,866.0,0.0,2185.0,2185.0,606.0,260.0,1012.0,445.0
2.0,1279.0,891.0,872.0,668.0,2432.0,2432.0,610.0,262.0,637.0,254.0
2.0,1056.0,380.0,862.0,2185.0,587.0,587.0,603.0,259.0,287.0,93.0
2.0,2861.0,353.0,846.0,2432.0,0.0,0.0,593.0,253.0,254.0,99.0
2.0,4940.0,848.0,840.0,587.0,0.0,0.0,589.0,251.0,581.0,267.0
2.0,4679.0,1282.0,851.0,0.0,7.0,7.0,596.0,255.0,878.0,404.0
2.0,3397.0,1324.0,869.0,0.0,1403.0,1403.0,608.0,261.0,920.0,404.0
2.0,2073.0,846.0,878.0,7.0,2278.0,2278.0,614.0,264.0,605.0,241.0
2.0,1234.0,293.0,867.0,1403.0,1124.0,1124.0,607.0,260.0,225.0,68.0
2.0,2344.0,315.0,851.0,2278.0,0.0,0.0,596.0,255.0,226.0,89.0
2.0,4307.0,910.0,846.0,1124.0,0.0,0.0,593.0,253.0,624.0,286.0
2.0,4521.0,1446.0,857.0,0.0,353.0,353.0,600.0,257.0,994.0,452.0
2.0,3075.0,1473.0,876.0,0.0,1902.0,1902.0,613.0,263.0,1026.0,447.0
2.0,1602.0,951.0,885.0,353.0,2536.0,2536.0,619.0,266.0,679.0,272.0
2.0,1004.0,411.0,873.0,1902.0,997.0,997.0,611.0,262.0,306.0,105.0
2.0,2495.0,447.0,856.0,2536.0,0.0,0.0,600.0,256.0,319.0,128.0
2.0,4584.0,961.0,850.0,997.0,0.0,0.0,596.0,254.0,662.0,299.0
2.0,4620.0,1417.0,862.0,0.0,245.0,245.0,604.0,258.0,975.0,442.0
2.0,3203.0,1311.0,880.0,0.0,1628.0,1628.0,616.0,264.0,909.0,402.0
2.0,1892.0,748.0,888.0,245.0,2163.0,2163.0,621.0,267.0,533.0,215.0
2.0,1389.0,227.0,877.0,1628.0,718.0,718.0,614.0,263.0,177.0,50.0
2.0,2790.0,329.0,859.0,2163.0,0.0,0.0,602.0,257.0,240.0,89.0
2.0,4624.0,996.0,855.0,718.0,0.0,0.0,599.0,256.0,687.0,309.0
2.0,4346.0,1575.0,868.0,0.0,701.0,701.0,608.0,260.0,1083.0,492.0
2.0,2771.0,1518.0,889.0,0.0,2303.0,2303.0,622.0,267.0,1053.0,465.0
2.0,1253.0,840.0,896.0,701.0,2470.0,2470.0,627.0,269.0,598.0,242.0
2.0,1114.0,347.0,886.0,2303.0,474.0,474.0,620.0,266.0,265.0,82.0
2.0,3070.0,510.0,870.0,2470.0,0.0,0.0,610.0,260.0,369.0,141.0
2.0,5030.0,1097.0,866.0,474.0,0.0,0.0,607.0,259.0,758.0,339.0
2.0,4407.0,1525.0,877.0,0.0,626.0,626.0,614.0,263.0,1046.0,479.0
2.0,2882.0,1293.0,892.0,0.0,1979.0,1979.0,624.0,268.0,894.0,399.0
2.0,1589.0,618.0,896.0,626.0,1987.0,1987.0,627.0,269.0,443.0,175.0
2.0,1597.0,122.0,885.0,1979.0,86.0,86.0,620.0,265.0,106.0,16.0
2.0,3454.0,294.0,868.0,1987.0,0.0,0.0,608.0,260.0,216.0,78.0
2.0,5147.0,1002.0,862.0,86.0,0.0,0.0,604.0,258.0,691.0,311.0
2.0,4231.0,1515.0,874.0,0.0,780.0,780.0,612.0,262.0,1040.0,475.0
2.0,2716.0,1442.0,894.0,0.0,2302.0,2302.0,625.0,269.0,998.0,444.0
2.0,1274.0,864.0,902.0,780.0,2418.0,2418.0,631.0,271.0,615.0,249.0
2.0,1190.0,351.0,890.0,2302.0,419.0,419.0,623.0,267.0,267.0,84.0
2.0,3141.0,440.0,871.0,2418.0,0.0,0.0,610.0,261.0,319.0,121.0
2.0,5119.0,1071.0,864.0,419.0,0.0,0.0,606.0,258.0,741.0,330.0
2.0,4467.0,1557.0,877.0,0.0,598.0,598.0,614.0,263.0,1070.0,487.0
2.0,2910.0,1461.0,899.0,0.0,2147.0,2147.0,629.0,270.0,1010.0,451.0
2.0,1449.0,831.0,908.0,598.0,2416.0,2416.0,635.0,273.0,589.0,242.0
2.0,1216.0,234.0,894.0,2147.0,447.0,447.0,626.0,268.0,184.0,50.0
2.0,3129.0,259.0,872.0,2416.0,0.0,0.0,611.0,261.0,194.0,65.0
2.0,5286.0,869.0,863.0,447.0,0.0,0.0,605.0,258.0,602.0,267.0
2.0,4864.0,1413.0,877.0,0.0,57.0,57.0,614.0,263.0,969.0,444.0
2.0,3451.0,1408.0,901.0,0.0,1561.0,1561.0,630.0,271.0,973.0,435.0
2.0,2043.0,839.0,909.0,57.0,2375.0,2375.0,636.0,273.0,595.0,244.0
2.0,1261.0,361.0,899.0,1561.0,1135.0,1135.0,629.0,270.0,273.0,88.0
2.0,2461.0,552.0,882.0,2375.0,0.0,0.0,618.0,264.0,399.0,153.0
2.0,4284.0,1147.0,875.0,1135.0,0.0,0.0,613.0,262.0,795.0,352.0
2.0,4272.0,1570.0,888.0,0.0,850.0,850.0,622.0,266.0,1080.0,490.0
2.0,2702.0,1422.0,908.0,0.0,2352.0,2352.0,635.0,273.0,983.0,439.0
2.0,1280.0,799.0,917.0,850.0,2337.0,2337.0,641.0,276.0,567.0,232.0
2.0,1331.0,335.0,907.0,2352.0,280.0,280.0,635.0,272.0,256.0,79.0
2.0,3348.0,434.0,890.0,2337.0,0.0,0.0,624.0,266.0,316.0,118.0
2.0,5251.0,949.0,883.0,280.0,0.0,0.0,619.0,264.0,655.0,294.0
2.0,4582.0,1385.0,894.0,0.0,379.0,379.0,626.0,268.0,949.0,436.0
2.0,3197.0,1253.0,912.0,0.0,1704.0,1704.0,638.0,274.0,863.0,390.0
2.0,1944.0,678.0,919.0,379.0,2031.0,2031.0,643.0,276.0,484.0,194.0
2.0,1645.0,314.0,908.0,1704.0,597.0,597.0,636.0,272.0,243.0,71.0
2.0,3035.0,587.0,892.0,2031.0,0.0,0.0,625.0,267.0,423.0,164.0
2.0,4479.0,1224.0,886.0,597.0,0.0,0.0,621.0,265.0,846.0,378.0
2.0,3852.0,1622.0,900.0,0.0,1370.0,1370.0,630.0,270.0,1114.0,508.0
2.0,2230.0,1351.0,918.0,0.0,2793.0,2793.0,642.0,276.0,935.0,416.0
2.0,879.0,740.0,923.0,1370.0,2183.0,2183.0,646.0,277.0,527.0,213.0
2.0,1509.0,358.0,911.0,2793.0,0.0,0.0,638.0,273.0,270.0,88.0
2.0,3944.0,579.0,895.0,2183.0,0.0,0.0,627.0,268.0,417.0,162.0
2.0,5548.0,1166.0,893.0,0.0,0.0,0.0,626.0,267.0,807.0,359.0
2.0,4382.0,1472.0,907.0,0.0,718.0,718.0,635.0,272.0,1011.0,461.0
2.0,2910.0,1167.0,925.0,0.0,1957.0,1957.0,647.0,278.0,807.0,360.0
2.0,1743.0,456.0,928.0,718.0,1707.0,1707.0,649.0,279.0,328.0,128.0
2.0,2005.0,126.0,910.0,1957.0,0.0,0.0,637.0,273.0,110.0,16.0
2.0,3836.0,507.0,890.0,1707.0,0.0,0.0,624.0,266.0,367.0,140.0
2.0,5036.0,1386.0,888.0,0.0,0.0,0.0,622.0,266.0,959.0,427.0
2.0,3650.0,1818.0,906.0,0.0,1792.0,1792.0,634.0,272.0,1249.0,569.0
2.0,1832.0,1486.0,928.0,0.0,3366.0,3366.0,649.0,279.0,1029.0,457.0
2.0,346.0,695.0,932.0,1792.0,2285.0,2285.0,652.0,280.0,499.0,196.0
2.0,1443.0,213.0,914.0,3366.0,0.0,0.0,640.0,274.0,171.0,42.0
2.0,4596.0,501.0,895.0,2285.0,0.0,0.0,627.0,268.0,361.0,140.0
2.0,6380.0,1166.0,892.0,0.0,0.0,0.0,625.0,267.0,805.0,361.0
2.0,5214.0,1528.0,910.0,0.0,0.0,0.0,637.0,273.0,1048.0,480.0
2.0,3686.0,1305.0,932.0,0.0,1347.0,1347.0,652.0,280.0,903.0,402.0
2.0,2381.0,678.0,941.0,0.0,2061.0,2061.0,658.0,283.0,487.0,191.0
2.0,1703.0,261.0,926.0,1347.0,915.0,915.0,648.0,278.0,204.0,57.0
2.0,2789.0,457.0,906.0,2061.0,0.0,0.0,635.0,271.0,330.0,127.0
2.0,4393.0,1050.0,898.0,915.0,0.0,0.0,629.0,269.0,723.0,327.0
2.0,4258.0,1483.0,910.0,0.0,865.0,865.0,637.0,273.0,1018.0,465.0
2.0,2775.0,1410.0,931.0,0.0,2359.0,2359.0,651.0,280.0,977.0,433.0
2.0,1365.0,942.0,939.0,865.0,2468.0,2468.0,657.0,282.0,671.0,271.0
2.0,1288.0,579.0,930.0,2359.0,652.0,652.0,651.0,279.0,428.0,151.0
2.0,3068.0,588.0,912.0,2468.0,0.0,0.0,639.0,273.0,423.0,165.0
2.0,4948.0,964.0,902.0,652.0,0.0,0.0,632.0,270.0,664.0,300.0
2.0,4636.0,1323.0,911.0,0.0,331.0,331.0,638.0,273.0,904.0,419.0
2.0,3313.0,1313.0,932.0,0.0,1728.0,1728.0,652.0,280.0,906.0,407.0
2.0,2000.0,893.0,945.0,331.0,2342.0,2342.0,661.0,284.0,635.0,258.0
2.0,1438.0,382.0,936.0,1728.0,960.0,960.0,655.0,281.0,289.0,93.0
2.0,2784.0,347.0,915.0,2342.0,0.0,0.0,641.0,274.0,256.0,91.0
2.0,4779.0,879.0,905.0,960.0,0.0,0.0,634.0,271.0,605.0,274.0
2.0,4860.0,1443.0,916.0,0.0,247.0,247.0,641.0,275.0,987.0,456.0
2.0,3417.0,1532.0,939.0,0.0,1871.0,1871.0,657.0,282.0,1061.0,471.0
2.0,1885.0,1086.0,949.0,247.0,2750.0,2750.0,664.0,285.0,772.0,314.0
2.0,1046.0,529.0,937.0,1871.0,1360.0,1360.0,656.0,281.0,394.0,135.0
2.0,2388.0,388.0,915.0,2750.0,0.0,0.0,641.0,274.0,284.0,104.0
2.0,4750.0,859.0,903.0,1360.0,0.0,0.0,633.0,270.0,590.0,269.0
2.0,5251.0,1422.0,916.0,0.0,0.0,0.0,641.0,275.0,972.0,450.0
2.0,3829.0,1541.0,939.0,0.0,1468.0,1468.0,657.0,282.0,1067.0,474.0
2.0,2288.0,1003.0,949.0,0.0,2511.0,2511.0,664.0,285.0,714.0,289.0
2.0,1285.0,373.0,939.0,1468.0,1376.0,1376.0,657.0,282.0,283.0,90.0
2.0,2380.0,273.0,918.0,2511.0,0.0,0.0,643.0,275.0,201.0,72.0
2.0,4618.0,747.0,908.0,1376.0,0.0,0.0,636.0,272.0,512.0,235.0
2.0,5247.0,1388.0,921.0,0.0,0.0,0.0,645.0,276.0,952.0,436.0
2.0,3859.0,1543.0,945.0,0.0,1464.0,1464.0,661.0,284.0,1069.0,474.0
2.0,2316.0,1102.0,955.0,0.0,2606.0,2606.0,668.0,287.0,780.0,322.0
2.0,1214.0,603.0,943.0,1464.0,1697.0,1697.0,660.0,283.0,443.0,160.0
2.0,2075.0,491.0,921.0,2606.0,0.0,0.0,645.0,276.0,357.0,134.0
2.0,4190.0,898.0,912.0,1697.0,0.0,0.0,639.0,273.0,621.0,277.0
2.0,4989.0,1442.0,926.0,0.0,157.0,157.0,648.0,278.0,987.0,455.0
2.0,3547.0,1557.0,949.0,0.0,1806.0,1806.0,664.0,285.0,1075.0,482.0
2.0,1990.0,987.0,957.0,157.0,2668.0,2668.0,669.0,288.0,700.0,287.0
2.0,1160.0,307.0,940.0,1806.0,1101.0,1101.0,658.0,282.0,238.0,69.0
2.0,2659.0,245.0,916.0,2668.0,0.0,0.0,642.0,274.0,187.0,58.0
2.0,5082.0,832.0,910.0,1101.0,0.0,0.0,638.0,272.0,575.0,257.0
2.0,5351.0,1487.0,930.0,0.0,0.0,0.0,651.0,279.0,1018.0,469.0
2.0,3864.0,1570.0,958.0,0.0,1538.0,1538.0,670.0,288.0,1082.0,488.0
2.0,2294.0,1006.0,967.0,0.0,2580.0,2580.0,676.0,291.0,711.0,295.0
2.0,1288.0,404.0,949.0,1538.0,1374.0,1374.0,664.0,285.0,307.0,97.0
2.0,2422.0,429.0,922.0,2580.0,0.0,0.0,646.0,276.0,319.0,110.0
2.0,4573.0,1041.0,913.0,1374.0,0.0,0.0,640.0,273.0,722.0,319.0
2.0,4906.0,1680.0,932.0,0.0,502.0,502.0,653.0,279.0,1152.0,528.0
2.0,3226.0,1642.0,959.0,0.0,2252.0,2252.0,671.0,288.0,1132.0,510.0
2.0,1584.0,1003.0,969.0,502.0,2793.0,2793.0,678.0,291.0,707.0,296.0
2.0,1083.0,315.0,953.0,2252.0,792.0,792.0,667.0,286.0,244.0,71.0
2.0,3020.0,209.0,927.0,2793.0,0.0,0.0,650.0,277.0,165.0,44.0
2.0,5604.0,781.0,917.0,792.0,0.0,0.0,643.0,274.0,542.0,239.0
2.0,5615.0,1398.0,931.0,0.0,0.0,0.0,652.0,279.0,954.0,444.0
2.0,4217.0,1490.0,955.0,0.0,1093.0,1093.0,668.0,287.0,1023.0,467.0
2.0,2727.0,988.0,965.0,0.0,2121.0,2121.0,675.0,290.0,696.0,292.0
2.0,1739.0,459.0,954.0,1093.0,1443.0,1443.0,668.0,286.0,347.0,112.0
2.0,2373.0,450.0,934.0,2121.0,0.0,0.0,655.0,279.0,335.0,115.0
2.0,4044.0,978.0,926.0,1443.0,0.0,0.0,649.0,277.0,679.0,299.0
2.0,4509.0,1478.0,936.0,0.0,713.0,713.0,655.0,281.0,1009.0,469.0
2.0,3031.0,1502.0,954.0,0.0,2287.0,2287.0,667.0,287.0,1033.0,469.0
2.0,1529.0,1087.0,964.0,713.0,2701.0,2701.0,674.0,290.0,768.0,319.0
2.0,1155.0,582.0,956.0,2287.0,964.0,964.0,669.0,287.0,433.0,149.0
2.0,2860.0,564.0,942.0,2701.0,0.0,0.0,660.0,282.0,413.0,151.0
2.0,4997.0,939.0,934.0,964.0,0.0,0.0,655.0,279.0,650.0,289.0
2.0,5022.0,1320.0,942.0,0.0,66.0,66.0,660.0,282.0,899.0,421.0
2.0,3702.0,1328.0,961.0,0.0,1470.0,1470.0,672.0,289.0,912.0,416.0
2.0,2374.0,919.0,971.0,66.0,2363.0,2363.0,679.0,292.0,652.0,267.0
2.0,1521.0,464.0,964.0,1470.0,1329.0,1329.0,675.0,289.0,350.0,114.0
2.0,2527.0,449.0,945.0,2363.0,0.0,0.0,662.0,283.0,331.0,118.0
2.0,4441.0,951.0,933.0,1329.0,0.0,0.0,654.0,279.0,657.0,294.0
2.0,4819.0,1543.0,942.0,0.0,492.0,492.0,660.0,282.0,1056.0,487.0
2.0,3276.0,1651.0,964.0,0.0,2231.0,2231.0,674.0,290.0,1139.0,512.0
2.0,1625.0,1200.0,979.0,492.0,2999.0,2999.0,685.0,294.0,850.0,350.0
2.0,917.0,513.0,973.0,2231.0,1257.0,1257.0,681.0,292.0,385.0,128.0
2.0,2635.0,339.0,952.0,2999.0,0.0,0.0,667.0,285.0,252.0,87.0
2.0,5295.0,796.0,937.0,1257.0,0.0,0.0,657.0,280.0,546.0,250.0
2.0,5756.0,1445.0,946.0,0.0,0.0,0.0,662.0,284.0,987.0,458.0
2.0,4311.0,1583.0,969.0,0.0,1148.0,1148.0,678.0,291.0,1096.0,487.0
2.0,2728.0,1126.0,985.0,0.0,2338.0,2338.0,689.0,296.0,799.0,327.0
2.0,1602.0,506.0,981.0,1148.0,1680.0,1680.0,687.0,294.0,378.0,128.0
2.0,2244.0,271.0,959.0,2338.0,0.0,0.0,672.0,287.0,203.0,68.0
2.0,4311.0,750.0,945.0,1680.0,0.0,0.0,662.0,283.0,513.0,237.0
2.0,5241.0,1438.0,951.0,0.0,1.0,1.0,666.0,285.0,981.0,457.0
2.0,3803.0,1778.0,974.0,0.0,1871.0,1871.0,681.0,293.0,1232.0,546.0
2.0,2025.0,1375.0,991.0,1.0,3313.0,3313.0,693.0,298.0,977.0,398.0
2.0,651.0,712.0,987.0,1871.0,2138.0,2138.0,691.0,296.0,524.0,188.0
2.0,1810.0,394.0,966.0,3313.0,0.0,0.0,677.0,289.0,287.0,107.0
2.0,4729.0,678.0,950.0,2138.0,0.0,0.0,666.0,284.0,460.0,218.0
2.0,6189.0,1306.0,956.0,0.0,0.0,0.0,669.0,287.0,888.0,418.0
2.0,4883.0,1539.0,979.0,0.0,572.0,572.0,685.0,294.0,1066.0,473.0
2.0,3344.0,1161.0,997.0,0.0,1805.0,1805.0,697.0,300.0,828.0,333.0
2.0,2183.0,553.0,991.0,572.0,1762.0,1762.0,694.0,297.0,415.0,138.0
2.0,2202.0,333.0,969.0,1805.0,202.0,202.0,679.0,290.0,243.0,90.0
2.0,3674.0,717.0,953.0,1762.0,0.0,0.0,668.0,285.0,485.0,232.0
2.0,4719.0,1387.0,960.0,202.0,306.0,306.0,672.0,288.0,945.0,442.0
2.0,3534.0,1695.0,985.0,0.0,2101.0,2101.0,689.0,296.0,1179.0,516.0
2.0,1839.0,1284.0,1002.0,306.0,3147.0,3147.0,701.0,301.0,916.0,368.0
2.0,861.0,695.0,995.0,2101.0,1713.0,1713.0,697.0,298.0,510.0,185.0
2.0,2267.0,447.0,972.0,3147.0,0.0,0.0,681.0,291.0,322.0,125.0
2.0,4967.0,838.0,956.0,1713.0,0.0,0.0,670.0,286.0,571.0,267.0
2.0,5842.0,1452.0,964.0,0.0,0.0,0.0,675.0,289.0,992.0,460.0
2.0,4390.0,1686.0,991.0,0.0,1260.0,1260.0,693.0,298.0,1171.0,515.0
2.0,2704.0,1174.0,1009.0,0.0,2506.0,2506.0,706.0,303.0,837.0,337.0
2.0,1530.0,521.0,1004.0,1260.0,1747.0,1747.0,703.0,301.0,389.0,132.0
2.0,2269.0,278.0,983.0,2506.0,0.0,0.0,689.0,294.0,205.0,73.0
2.0,4497.0,693.0,968.0,1747.0,0.0,0.0,678.0,290.0,470.0,223.0
2.0,5551.0,1284.0,974.0,0.0,0.0,0.0,682.0,292.0,876.0,408.0
2.0,4267.0,1639.0,996.0,0.0,1356.0,1356.0,697.0,299.0,1138.0,501.0
2.0,2628.0,1400.0,1014.0,0.0,2828.0,2828.0,709.0,305.0,995.0,405.0
2.0,1228.0,825.0,1011.0,1356.0,2285.0,2285.0,708.0,303.0,600.0,225.0
2.0,1759.0,456.0,992.0,2828.0,0.0,0.0,695.0,297.0,328.0,128.0
2.0,4131.0,682.0,976.0,2285.0,0.0,0.0,684.0,292.0,464.0,218.0
2.0,5734.0,1323.0,980.0,0.0,0.0,0.0,686.0,294.0,902.0,421.0
2.0,4411.0,1743.0,1002.0,0.0,1340.0,1340.0,701.0,301.0,1211.0,532.0
2.0,2668.0,1470.0,1021.0,0.0,2886.0,2886.0,714.0,307.0,1044.0,426.0
2.0,1198.0,734.0,1016.0,1340.0,2260.0,2260.0,711.0,305.0,539.0,195.0
2.0,1804.0,252.0,996.0,2886.0,0.0,0.0,698.0,298.0,184.0,68.0
2.0,4438.0,523.0,980.0,2260.0,0.0,0.0,687.0,293.0,350.0,173.0
2.0,6175.0,1158.0,984.0,0.0,0.0,0.0,689.0,295.0,787.0,371.0
2.0,5017.0,1622.0,1007.0,0.0,633.0,633.0,704.0,303.0,1126.0,496.0
2.0,3395.0,1339.0,1024.0,0.0,2040.0,2040.0,716.0,308.0,954.0,385.0
2.0,2056.0,764.0,1020.0,633.0,2155.0,2155.0,714.0,306.0,559.0,205.0
2.0,1925.0,492.0,1000.0,2040.0,527.0,527.0,701.0,299.0,352.0,140.0
2.0,3473.0,838.0,985.0,2155.0,0.0,0.0,690.0,295.0,571.0,267.0
2.0,4790.0,1406.0,989.0,527.0,45.0,45.0,692.0,297.0,961.0,445.0
2.0,3911.0,1659.0,1011.0,0.0,1792.0,1792.0,707.0,304.0,1152.0,507.0
2.0,2252.0,1325.0,1030.0,45.0,3148.0,3148.0,720.0,310.0,943.0,382.0
2.0,972.0,669.0,1027.0,1792.0,2013.0,2013.0,719.0,308.0,493.0,176.0
2.0,2095.0,317.0,1006.0,3148.0,0.0,0.0,705.0,301.0,231.0,86.0
2.0,4926.0,675.0,988.0,2013.0,0.0,0.0,692.0,296.0,455.0,220.0
2.0,6264.0,1363.0,993.0,0.0,0.0,0.0,695.0,298.0,929.0,434.0
2.0,4901.0,1651.0,1015.0,0.0,810.0,810.0,710.0,305.0,1148.0,503.0
2.0,3250.0,1250.0,1034.0,0.0,2136.0,2136.0,723.0,311.0,894.0,356.0
2.0,2000.0,542.0,1030.0,810.0,1852.0,1852.0,721.0,309.0,405.0,137.0
2.0,2268.0,353.0,1009.0,2136.0,0.0,0.0,707.0,302.0,252.0,101.0
2.0,4051.0,871.0,991.0,1852.0,0.0,0.0,694.0,297.0,589.0,282.0
2.0,5032.0,1533.0,994.0,0.0,477.0,477.0,696.0,298.0,1050.0,483.0
2.0,3499.0,1789.0,1015.0,0.0,2350.0,2350.0,710.0,305.0,1247.0,542.0
2.0,1710.0,1387.0,1034.0,477.0,3336.0,3336.0,723.0,311.0,990.0,397.0
2.0,800.0,724.0,1035.0,2350.0,1714.0,1714.0,725.0,310.0,531.0,193.0
2.0,2426.0,407.0,1017.0,3336.0,0.0,0.0,713.0,304.0,290.0,117.0
2.0,5355.0,633.0,1000.0,1714.0,0.0,0.0,701.0,299.0,425.0,208.0
2.0,6436.0,1235.0,1002.0,0.0,0.0,0.0,701.0,301.0,840.0,395.0
2.0,5201.0,1561.0,1021.0,0.0,444.0,444.0,714.0,307.0,1086.0,475.0
2.0,3640.0,1304.0,1039.0,0.0,1820.0,1820.0,727.0,312.0,932.0,372.0
2.0,2336.0,755.0,1041.0,444.0,2139.0,2139.0,729.0,312.0,556.0,199.0
2.0,2025.0,451.0,1023.0,1820.0,698.0,698.0,717.0,306.0,324.0,127.0
2.0,3394.0,733.0,1004.0,2139.0,0.0,0.0,703.0,301.0,491.0,242.0
2.0,4800.0,1330.0,1005.0,698.0,0.0,0.0,703.0,302.0,902.0,428.0
2.0,4168.0,1700.0,1024.0,0.0,1628.0,1628.0,716.0,308.0,1183.0,517.0
2.0,2468.0,1450.0,1044.0,0.0,3158.0,3158.0,730.0,314.0,1037.0,413.0
2.0,1018.0,813.0,1043.0,1628.0,2339.0,2339.0,730.0,313.0,598.0,215.0
2.0,1833.0,454.0,1024.0,3158.0,0.0,0.0,718.0,306.0,326.0,128.0
2.0,4537.0,646.0,1003.0,2339.0,0.0,0.0,703.0,300.0,430.0,216.0
2.0,6230.0,1220.0,1005.0,0.0,0.0,0.0,703.0,302.0,825.0,395.0
2.0,5010.0,1597.0,1025.0,0.0,687.0,687.0,717.0,308.0,1111.0,486.0
2.0,3413.0,1373.0,1047.0,0.0,2148.0,2148.0,732.0,315.0,982.0,391.0
2.0,2040.0,761.0,1048.0,687.0,2226.0,2226.0,734.0,314.0,562.0,199.0
2.0,1966.0,356.0,1030.0,2148.0,362.0,362.0,722.0,308.0,256.0,100.0
2.0,3758.0,608.0,1010.0,2226.0,0.0,0.0,708.0,302.0,406.0,202.0
2.0,5376.0,1288.0,1008.0,362.0,0.0,0.0,705.0,303.0,874.0,414.0
2.0,4450.0,1701.0,1025.0,0.0,1351.0,1351.0,717.0,308.0,1183.0,518.0
2.0,2749.0,1524.0,1045.0,0.0,2955.0,2955.0,731.0,314.0,1085.0,439.0
2.0,1225.0,953.0,1051.0,1351.0,2581.0,2581.0,736.0,315.0,694.0,259.0
2.0,1623.0,559.0,1036.0,2955.0,125.0,125.0,726.0,310.0,401.0,158.0
2.0,4019.0,692.0,1016.0,2581.0,0.0,0.0,712.0,304.0,466.0,226.0
2.0,5908.0,1173.0,1010.0,125.0,0.0,0.0,707.0,303.0,793.0,380.0
2.0,4860.0,1519.0,1025.0,0.0,759.0,759.0,717.0,308.0,1055.0,464.0
2.0,3341.0,1391.0,1047.0,0.0,2238.0,2238.0,732.0,315.0,991.0,400.0
2.0,1950.0,787.0,1052.0,759.0,2286.0,2286.0,737.0,315.0,578.0,209.0
2.0,1922.0,395.0,1037.0,2238.0,383.0,383.0,727.0,310.0,286.0,109.0
2.0,3765.0,621.0,1018.0,2286.0,0.0,0.0,713.0,305.0,417.0,204.0
2.0,5430.0,1289.0,1017.0,383.0,0.0,0.0,712.0,305.0,876.0,413.0
2.0,4524.0,1693.0,1035.0,0.0,1309.0,1309.0,724.0,311.0,1175.0,518.0
2.0,2831.0,1539.0,1055.0,0.0,2928.0,2928.0,738.0,317.0,1095.0,444.0
2.0,1292.0,946.0,1057.0,1309.0,2573.0,2573.0,740.0,317.0,690.0,256.0
2.0,1655.0,471.0,1039.0,2928.0,44.0,44.0,728.0,311.0,340.0,131.0
2.0,4112.0,615.0,1019.0,2573.0,0.0,0.0,714.0,305.0,413.0,202.0
2.0,6070.0,1198.0,1017.0,44.0,0.0,0.0,712.0,305.0,811.0,387.0
2.0,4916.0,1654.0,1036.0,0.0,882.0,882.0,724.0,312.0,1146.0,508.0
2.0,3262.0,1519.0,1058.0,0.0,2489.0,2489.0,740.0,318.0,1080.0,439.0
2.0,1743.0,915.0,1064.0,882.0,2546.0,2546.0,745.0,319.0,669.0,246.0
2.0,1710.0,387.0,1044.0,2489.0,364.0,364.0,732.0,312.0,283.0,104.0
2.0,3812.0,438.0,1022.0,2546.0,0.0,0.0,716.0,306.0,290.0,148.0
2.0,5920.0,1089.0,1018.0,364.0,0.0,0.0,712.0,306.0,732.0,357.0
2.0,5195.0,1601.0,1038.0,0.0,558.0,558.0,726.0,312.0,1107.0,494.0
2.0,3594.0,1663.0,1064.0,0.0,2325.0,2325.0,744.0,320.0,1183.0,480.0
2.0,1931.0,1126.0,1068.0,558.0,2909.0,2909.0,748.0,320.0,821.0,305.0
2.0,1363.0,524.0,1049.0,2325.0,1032.0,1032.0,735.0,314.0,381.0,143.0
2.0,3164.0,492.0,1024.0,2909.0,0.0,0.0,718.0,306.0,326.0,166.0
2.0,5581.0,1118.0,1019.0,1032.0,0.0,0.0,713.0,306.0,750.0,368.0
2.0,5495.0,1723.0,1038.0,0.0,380.0,380.0,726.0,312.0,1192.0,531.0
2.0,3772.0,1689.0,1063.0,0.0,2169.0,2169.0,743.0,320.0,1201.0,488.0
2.0,2083.0,1001.0,1070.0,380.0,2818.0,2818.0,749.0,321.0,732.0,269.0
2.0,1462.0,300.0,1052.0,2169.0,877.0,877.0,737.0,315.0,223.0,77.0
2.0,3331.0,343.0,1029.0,2818.0,0.0,0.0,721.0,308.0,223.0,120.0
2.0,5806.0,1012.0,1023.0,877.0,0.0,0.0,716.0,307.0,678.0,334.0
2.0,5671.0,1699.0,1041.0,0.0,192.0,192.0,728.0,313.0,1176.0,523.0
2.0,3972.0,1728.0,1065.0,0.0,2016.0,2016.0,745.0,320.0,1225.0,503.0
2.0,2244.0,1070.0,1072.0,192.0,2922.0,2922.0,751.0,321.0,778.0,292.0
2.0,1366.0,368.0,1054.0,2016.0,1202.0,1202.0,739.0,315.0,271.0,97.0
2.0,3014.0,472.0,1030.0,2922.0,0.0,0.0,722.0,308.0,316.0,156.0
2.0,5464.0,1263.0,1026.0,1202.0,0.0,0.0,718.0,308.0,858.0,405.0
2.0,5403.0,1946.0,1048.0,0.0,735.0,735.0,733.0,315.0,1349.0,597.0
2.0,3457.0,1803.0,1074.0,0.0,2642.0,2642.0,751.0,323.0,1275.0,528.0
2.0,1654.0,955.0,1080.0,735.0,2886.0,2886.0,756.0,324.0,696.0,259.0
2.0,1434.0,260.0,1062.0,2642.0,432.0,432.0,744.0,318.0,195.0,65.0
2.0,3816.0,319.0,1037.0,2886.0,0.0,0.0,727.0,310.0,209.0,110.0
2.0,6383.0,1073.0,1031.0,432.0,0.0,0.0,722.0,309.0,725.0,348.0
2.0,5742.0,1768.0,1051.0,0.0,230.0,230.0,735.0,316.0,1226.0,542.0
2.0,3974.0,1752.0,1078.0,0.0,2090.0,2090.0,754.0,324.0,1239.0,513.0
2.0,2222.0,1038.0,1086.0,230.0,2930.0,2930.0,760.0,326.0,752.0,286.0
2.0,1414.0,309.0,1067.0,2090.0,1073.0,1073.0,748.0,319.0,228.0,81.0
2.0,3195.0,400.0,1042.0,2930.0,0.0,0.0,730.0,312.0,269.0,131.0
2.0,5725.0,1339.0,1039.0,1073.0,0.0,0.0,727.0,312.0,914.0,425.0
2.0,5459.0,2083.0,1060.0,0.0,864.0,864.0,741.0,319.0,1446.0,637.0
2.0,3376.0,1890.0,1085.0,0.0,2854.0,2854.0,759.0,326.0,1334.0,556.0
2.0,1486.0,898.0,1090.0,864.0,2908.0,2908.0,763.0,327.0,652.0,246.0
2.0,1452.0,68.0,1069.0,2854.0,38.0,38.0,749.0,320.0,60.0,8.0
2.0,4238.0,193.0,1043.0,2908.0,0.0,0.0,731.0,312.0,124.0,69.0
2.0,6953.0,1165.0,1039.0,38.0,0.0,0.0,727.0,312.0,792.0,373.0
2.0,5826.0,2042.0,1063.0,0.0,468.0,468.0,743.0,320.0,1417.0,625.0
2.0,3784.0,1827.0,1090.0,0.0,2403.0,2403.0,762.0,328.0,1290.0,537.0
2.0,1957.0,818.0,1094.0,468.0,2769.0,2769.0,766.0,328.0,596.0,222.0
2.0,1607.0,42.0,1070.0,2403.0,312.0,312.0,750.0,320.0,42.0,0.0
2.0,3968.0,275.0,1043.0,2769.0,0.0,0.0,731.0,312.0,182.0,93.0
2.0,6462.0,1336.0,1039.0,312.0,0.0,0.0,727.0,312.0,912.0,424.0
2.0,5438.0,2249.0,1064.0,0.0,1067.0,1067.0,744.0,320.0,1560.0,689.0
2.0,3189.0,2037.0,1094.0,0.0,3224.0,3224.0,765.0,329.0,1436.0,601.0
2.0,1152.0,921.0,1100.0,1067.0,3102.0,3102.0,770.0,330.0,669.0,252.0
2.0,1298.0,0.0,1076.0,3224.0,0.0,0.0,754.0,322.0,0.0,0.0
2.0,4522.0,171.0,1048.0,3102.0,0.0,0.0,734.0,314.0,108.0,63.0
2.0,7453.0,1208.0,1043.0,0.0,0.0,0.0,730.0,313.0,837.0,371.0
2.0,6245.0,2074.0,1065.0,0.0,89.0,89.0,745.0,320.0,1455.0,619.0
2.0,4171.0,1945.0,1095.0,0.0,2154.0,2154.0,766.0,329.0,1372.0,573.0
2.0,2226.0,956.0,1104.0,89.0,3057.0,3057.0,773.0,331.0,675.0,281.0
2.0,1359.0,58.0,1085.0,2154.0,885.0,885.0,760.0,325.0,37.0,21.0
2.0,3455.0,180.0,1058.0,3057.0,0.0,0.0,741.0,317.0,118.0,62.0
2.0,6332.0,1209.0,1048.0,885.0,0.0,0.0,734.0,314.0,842.0,367.0
2.0,6008.0,2113.0,1068.0,0.0,377.0,377.0,747.0,321.0,1483.0,630.0
2.0,3895.0,1985.0,1096.0,0.0,2474.0,2474.0,767.0,329.0,1398.0,587.0
2.0,1910.0,1051.0,1107.0,377.0,3192.0,3192.0,775.0,332.0,739.0,312.0
2.0,1236.0,166.0,1088.0,2474.0,808.0,808.0,762.0,326.0,114.0,52.0
2.0,3544.0,280.0,1061.0,3192.0,0.0,0.0,743.0,318.0,188.0,92.0
2.0,6456.0,1256.0,1052.0,808.0,0.0,0.0,737.0,315.0,875.0,381.0
2.0,6008.0,2040.0,1072.0,0.0,320.0,320.0,750.0,322.0,1433.0,607.0
2.0,3968.0,1862.0,1102.0,0.0,2302.0,2302.0,771.0,331.0,1311.0,551.0
2.0,2106.0,799.0,1111.0,320.0,2817.0,2817.0,778.0,333.0,564.0,235.0
2.0,1627.0,0.0,1092.0,2302.0,439.0,439.0,765.0,327.0,0.0,0.0
2.0,3929.0,200.0,1063.0,2817.0,0.0,0.0,745.0,318.0,131.0,69.0
2.0,6546.0,1254.0,1054.0,439.0,0.0,0.0,738.0,316.0,869.0,385.0
2.0,5731.0,2120.0,1073.0,0.0,681.0,681.0,751.0,322.0,1484.0,636.0
2.0,3611.0,2052.0,1106.0,0.0,2865.0,2865.0,774.0,332.0,1445.0,607.0
2.0,1559.0,1062.0,1117.0,681.0,3290.0,3290.0,782.0,335.0,752.0,310.0
2.0,1178.0,171.0,1096.0,2865.0,512.0,512.0,768.0,328.0,120.0,51.0
2.0,3872.0,290.0,1065.0,3290.0,0.0,0.0,746.0,319.0,195.0,95.0
2.0,6872.0,1229.0,1054.0,512.0,0.0,0.0,738.0,316.0,852.0,377.0
2.0,6155.0,2053.0,1075.0,0.0,198.0,198.0,752.0,323.0,1437.0,616.0
2.0,4102.0,1914.0,1106.0,0.0,2236.0,2236.0,774.0,332.0,1348.0,566.0
2.0,2188.0,943.0,1119.0,198.0,3033.0,3033.0,783.0,336.0,670.0,273.0
2.0,1443.0,48.0,1099.0,2236.0,765.0,765.0,770.0,329.0,35.0,13.0
2.0,3631.0,135.0,1068.0,3033.0,0.0,0.0,748.0,320.0,86.0,49.0
2.0,6529.0,1077.0,1054.0,765.0,0.0,0.0,738.0,316.0,744.0,333.0
2.0,6217.0,2020.0,1073.0,0.0,95.0,95.0,751.0,322.0,1413.0,607.0
2.0,4197.0,2108.0,1108.0,0.0,2343.0,2343.0,775.0,333.0,1484.0,624.0
2.0,2089.0,1222.0,1124.0,95.0,3534.0,3534.0,787.0,337.0,865.0,357.0
2.0,962.0,243.0,1102.0,2343.0,1346.0,1346.0,772.0,330.0,173.0,70.0
2.0,3062.0,210.0,1066.0,3534.0,0.0,0.0,747.0,319.0,138.0,72.0
2.0,6386.0,1145.0,1053.0,1346.0,0.0,0.0,737.0,316.0,791.0,354.0
2.0,6587.0,2095.0,1075.0,0.0,0.0,0.0,752.0,323.0,1465.0,630.0
2.0,4492.0,2054.0,1113.0,0.0,2014.0,2014.0,779.0,334.0,1448.0,606.0
2.0,2438.0,1097.0,1131.0,0.0,3183.0,3183.0,792.0,339.0,778.0,319.0
2.0,1341.0,124.0,1111.0,2014.0,1213.0,1213.0,778.0,333.0,88.0,36.0
2.0,3231.0,96.0,1073.0,3183.0,0.0,0.0,752.0,321.0,58.0,38.0
2.0,6318.0,993.0,1057.0,1213.0,0.0,0.0,740.0,317.0,683.0,310.0
2.0,6538.0,1955.0,1079.0,0.0,0.0,0.0,755.0,324.0,1366.0,589.0
2.0,4583.0,2037.0,1118.0,0.0,1926.0,1926.0,782.0,336.0,1437.0,600.0
2.0,2546.0,1302.0,1137.0,0.0,3304.0,3304.0,796.0,341.0,925.0,377.0
2.0,1244.0,401.0,1119.0,1926.0,1707.0,1707.0,784.0,335.0,283.0,118.0
2.0,2769.0,211.0,1080.0,3304.0,0.0,0.0,757.0,323.0,135.0,76.0
2.0,5862.0,1045.0,1061.0,1707.0,0.0,0.0,743.0,318.0,719.0,326.0
2.0,6524.0,2046.0,1083.0,0.0,0.0,0.0,758.0,325.0,1431.0,615.0
2.0,4478.0,2210.0,1126.0,0.0,2236.0,2236.0,788.0,338.0,1561.0,649.0
2.0,2268.0,1284.0,1147.0,0.0,3604.0,3604.0,803.0,344.0,913.0,371.0
2.0,984.0,167.0,1126.0,2236.0,1451.0,1451.0,789.0,337.0,116.0,51.0
2.0,3053.0,4.0,1087.0,3604.0,0.0,0.0,761.0,326.0,0.0,4.0
2.0,6653.0,776.0,1064.0,1451.0,0.0,0.0,745.0,319.0,530.0,246.0
2.0,7328.0,1867.0,1082.0,0.0,0.0,0.0,757.0,325.0,1298.0,569.0
2.0,5461.0,2102.0,1121.0,0.0,1125.0,1125.0,785.0,336.0,1475.0,627.0
2.0,3359.0,1262.0,1142.0,0.0,2471.0,2471.0,800.0,342.0,896.0,366.0
2.0,2097.0,213.0,1123.0,1125.0,1483.0,1483.0,787.0,336.0,157.0,56.0
2.0,3009.0,81.0,1084.0,2471.0,0.0,0.0,759.0,325.0,53.0,28.0
2.0,5399.0,1052.0,1066.0,1483.0,0.0,0.0,746.0,320.0,723.0,329.0
2.0,5830.0,2144.0,1086.0,0.0,658.0,658.0,760.0,326.0,1491.0,653.0
2.0,3686.0,2205.0,1126.0,0.0,3023.0,3023.0,788.0,338.0,1547.0,658.0
2.0,1481.0,1262.0,1145.0,658.0,3703.0,3703.0,802.0,343.0,898.0,364.0
2.0,877.0,200.0,1125.0,3023.0,800.0,800.0,788.0,337.0,151.0,49.0
2.0,3700.0,29.0,1086.0,3703.0,0.0,0.0,761.0,325.0,17.0,12.0
2.0,7374.0,912.0,1067.0,800.0,0.0,0.0,747.0,320.0,624.0,288.0
2.0,7262.0,1998.0,1091.0,0.0,0.0,0.0,763.0,328.0,1387.0,611.0
2.0,5264.0,2181.0,1133.0,0.0,1449.0,1449.0,793.0,340.0,1531.0,650.0
2.0,3083.0,1260.0,1153.0,0.0,2789.0,2789.0,807.0,346.0,895.0,365.0
2.0,1823.0,189.0,1132.0,1449.0,1445.0,1445.0,793.0,339.0,142.0,47.0
2.0,3083.0,47.0,1092.0,2789.0,0.0,0.0,765.0,327.0,31.0,16.0
2.0,5825.0,967.0,1072.0,1445.0,0.0,0.0,750.0,322.0,664.0,303.0
2.0,6303.0,2090.0,1092.0,0.0,155.0,155.0,764.0,328.0,1452.0,638.0
2.0,4213.0,2369.0,1133.0,0.0,2688.0,2688.0,793.0,340.0,1659.0,710.0
2.0,1844.0,1439.0,1156.0,155.0,4064.0,4064.0,809.0,347.0,1022.0,417.0
2.0,560.0,242.0,1137.0,2688.0,1542.0,1542.0,796.0,341.0,182.0,60.0
2.0,3006.0,0.0,1098.0,4064.0,0.0,0.0,769.0,329.0,0.0,0.0
2.0,7070.0,789.0,1076.0,1542.0,0.0,0.0,753.0,323.0,538.0,251.0
2.0,7823.0,1863.0,1093.0,0.0,0.0,0.0,765.0,328.0,1290.0,573.0
2.0,5960.0,2111.0,1133.0,0.0,683.0,683.0,793.0,340.0,1478.0,633.0
2.0,3849.0,1332.0,1156.0,0.0,2107.0,2107.0,809.0,347.0,948.0,384.0
2.0,2517.0,296.0,1141.0,683.0,1660.0,1660.0,799.0,342.0,221.0,75.0
2.0,2904.0,3.0,1102.0,2107.0,0.0,0.0,772.0,330.0,3.0,0.0
2.0,5008.0,848.0,1078.0,1660.0,0.0,0.0,755.0,323.0,581.0,267.0
2.0,5820.0,1964.0,1092.0,0.0,512.0,512.0,764.0,328.0,1360.0,604.0
2.0,3856.0,2338.0,1133.0,0.0,3014.0,3014.0,793.0,340.0,1633.0,705.0
2.0,1518.0,1589.0,1160.0,512.0,4199.0,4199.0,812.0,348.0,1125.0,464.0
2.0,441.0,370.0,1145.0,3014.0,1495.0,1495.0,802.0,343.0,274.0,96.0
2.0,3085.0,0.0,1104.0,4199.0,0.0,0.0,773.0,331.0,0.0,0.0
2.0,7284.0,751.0,1079.0,1495.0,0.0,0.0,755.0,324.0,514.0,237.0
2.0,8028.0,1928.0,1095.0,0.0,0.0,0.0,766.0,329.0,1339.0,589.0
2.0,6100.0,2270.0,1136.0,0.0,714.0,714.0,795.0,341.0,1590.0,680.0
2.0,3830.0,1456.0,1163.0,0.0,2278.0,2278.0,814.0,349.0,1028.0,428.0
2.0,2374.0,251.0,1148.0,714.0,1755.0,1755.0,804.0,344.0,185.0,66.0
2.0,2837.0,0.0,1111.0,2278.0,0.0,0.0,778.0,333.0,0.0,0.0
2.0,5115.0,831.0,1087.0,1755.0,0.0,0.0,761.0,326.0,573.0,258.0
2.0,6039.0,2007.0,1101.0,0.0,372.0,372.0,770.0,331.0,1396.0,611.0
2.0,4032.0,2331.0,1138.0,0.0,2851.0,2851.0,796.0,342.0,1632.0,699.0
2.0,1701.0,1522.0,1163.0,372.0,4101.0,4101.0,814.0,349.0,1076.0,446.0
2.0,551.0,434.0,1152.0,2851.0,1640.0,1640.0,807.0,345.0,314.0,120.0
2.0,2968.0,90.0,1114.0,4101.0,0.0,0.0,780.0,334.0,63.0,27.0
2.0,6979.0,896.0,1089.0,1640.0,0.0,0.0,762.0,327.0,617.0,279.0
2.0,7723.0,2027.0,1103.0,0.0,0.0,0.0,772.0,331.0,1407.0,620.0
2.0,5696.0,2346.0,1145.0,0.0,1230.0,1230.0,801.0,344.0,1640.0,706.0
2.0,3350.0,1398.0,1172.0,0.0,2736.0,2736.0,820.0,352.0,988.0,410.0
2.0,1952.0,94.0,1158.0,1230.0,1544.0,1544.0,811.0,347.0,79.0,15.0
2.0,3088.0,0.0,1122.0,2736.0,0.0,0.0,786.0,336.0,0.0,0.0
2.0,5824.0,741.0,1097.0,1544.0,0.0,0.0,768.0,329.0,509.0,232.0
2.0,6627.0,1888.0,1109.0,0.0,0.0,0.0,776.0,333.0,1312.0,576.0
2.0,4739.0,2346.0,1149.0,0.0,2203.0,2203.0,804.0,345.0,1644.0,702.0
2.0,2393.0,1677.0,1180.0,0.0,4004.0,4004.0,826.0,354.0,1185.0,492.0
2.0,716.0,517.0,1170.0,2203.0,2278.0,2278.0,819.0,351.0,371.0,146.0
2.0,2402.0,14.0,1129.0,4004.0,0.0,0.0,791.0,338.0,8.0,6.0
2.0,6392.0,742.0,1101.0,2278.0,0.0,0.0,771.0,330.0,507.0,235.0
2.0,7928.0,1937.0,1113.0,0.0,0.0,0.0,779.0,334.0,1347.0,590.0
2.0,5991.0,2395.0,1156.0,0.0,1028.0,1028.0,809.0,347.0,1680.0,715.0
2.0,3596.0,1593.0,1186.0,0.0,2741.0,2741.0,830.0,356.0,1129.0,464.0
2.0,2003.0,312.0,1175.0,1028.0,1981.0,1981.0,823.0,352.0,229.0,83.0
2.0,2719.0,0.0,1136.0,2741.0,0.0,0.0,796.0,340.0,0.0,0.0
2.0,5460.0,729.0,1108.0,1981.0,0.0,0.0,776.0,332.0,496.0,233.0
2.0,6712.0,1833.0,1119.0,0.0,0.0,0.0,783.0,336.0,1269.0,564.0
2.0,4879.0,2198.0,1158.0,0.0,1951.0,1951.0,810.0,348.0,1539.0,659.0
2.0,2681.0,1520.0,1186.0,0.0,3583.0,3583.0,830.0,356.0,1080.0,440.0
2.0,1161.0,470.0,1177.0,1951.0,2066.0,2066.0,824.0,353.0,342.0,128.0
2.0,2642.0,146.0,1139.0,3583.0,0.0,0.0,798.0,341.0,99.0,47.0
2.0,6079.0,887.0,1111.0,2066.0,0.0,0.0,778.0,333.0,605.0,282.0
2.0,7258.0,2026.0,1122.0,0.0,0.0,0.0,785.0,337.0,1408.0,618.0
2.0,5232.0,2320.0,1162.0,0.0,1736.0,1736.0,813.0,349.0,1630.0,690.0
2.0,2912.0,1457.0,1190.0,0.0,3305.0,3305.0,833.0,357.0,1033.0,424.0
2.0,1455.0,287.0,1181.0,1736.0,1820.0,1820.0,827.0,354.0,209.0,78.0
2.0,2904.0,0.0,1145.0,3305.0,0.0,0.0,802.0,343.0,0.0,0.0
2.0,6209.0,741.0,1118.0,1820.0,0.0,0.0,783.0,335.0,507.0,234.0
2.0,7288.0,1852.0,1129.0,0.0,0.0,0.0,790.0,339.0,1285.0,567.0
2.0,5436.0,2245.0,1166.0,0.0,1473.0,1473.0,816.0,350.0,1570.0,675.0
2.0,3191.0,1549.0,1196.0,0.0,3142.0,3142.0,837.0,359.0,1097.0,452.0
2.0,1642.0,485.0,1188.0,1473.0,2122.0,2122.0,832.0,356.0,351.0,134.0
2.0,2630.0,154.0,1154.0,3142.0,0.0,0.0,808.0,346.0,108.0,46.0
2.0,5618.0,849.0,1125.0,2122.0,0.0,0.0,788.0,337.0,583.0,266.0
2.0,6891.0,1989.0,1133.0,0.0,0.0,0.0,793.0,340.0,1382.0,607.0
2.0,4902.0,2371.0,1172.0,0.0,2157.0,2157.0,820.0,352.0,1659.0,712.0
2.0,2531.0,1585.0,1202.0,0.0,3862.0,3862.0,841.0,361.0,1119.0,466.0
2.0,946.0,446.0,1195.0,2157.0,2123.0,2123.0,837.0,358.0,324.0,122.0
2.0,2657.0,1.0,1159.0,3862.0,0.0,0.0,812.0,347.0,1.0,0.0
2.0,6518.0,704.0,1128.0,2123.0,0.0,0.0,790.0,338.0,482.0,222.0
2.0,7937.0,1722.0,1134.0,0.0,0.0,0.0,794.0,340.0,1196.0,526.0
2.0,6215.0,2108.0,1169.0,0.0,569.0,569.0,818.0,351.0,1477.0,631.0
2.0,4107.0,1446.0,1197.0,0.0,2127.0,2127.0,838.0,359.0,1023.0,423.0
2.0,2661.0,430.0,1190.0,569.0,1960.0,1960.0,833.0,357.0,308.0,122.0
2.0,2800.0,182.0,1155.0,2127.0,0.0,0.0,809.0,346.0,125.0,57.0
2.0,4745.0,1060.0,1130.0,1960.0,0.0,0.0,791.0,339.0,732.0,328.0
2.0,5645.0,2128.0,1142.0,0.0,1051.0,1051.0,799.0,343.0,1482.0,646.0
2.0,3517.0,2266.0,1177.0,0.0,3457.0,3457.0,824.0,353.0,1589.0,677.0
2.0,1251.0,1369.0,1202.0,1051.0,3875.0,3875.0,841.0,361.0,969.0,400.0
2.0,933.0,309.0,1190.0,3457.0,679.0,679.0,833.0,357.0,224.0,85.0
2.0,4081.0,76.0,1152.0,3875.0,0.0,0.0,807.0,345.0,52.0,24.0
2.0,7880.0,936.0,1125.0,679.0,0.0,0.0,788.0,337.0,646.0,290.0
2.0,7623.0,2004.0,1137.0,0.0,0.0,0.0,796.0,341.0,1395.0,609.0
2.0,5619.0,2220.0,1178.0,0.0,1313.0,1313.0,824.0,354.0,1555.0,665.0
2.0,3399.0,1350.0,1204.0,0.0,2767.0,2767.0,843.0,361.0,952.0,398.0
2.0,2049.0,226.0,1194.0,1313.0,1640.0,1640.0,836.0,358.0,164.0,62.0
2.0,3136.0,64.0,1159.0,2767.0,0.0,0.0,812.0,347.0,45.0,19.0
2.0,5839.0,1072.0,1134.0,1640.0,0.0,0.0,794.0,340.0,745.0,327.0
2.0,6407.0,2205.0,1144.0,0.0,374.0,374.0,801.0,343.0,1538.0,667.0
2.0,4202.0,2380.0,1180.0,0.0,2898.0,2898.0,826.0,354.0,1667.0,713.0
2.0,1822.0,1423.0,1207.0,374.0,4055.0,4055.0,845.0,362.0,1001.0,422.0
2.0,773.0,317.0,1200.0,2898.0,1446.0,1446.0,840.0,360.0,226.0,91.0
2.0,3354.0,143.0,1165.0,4055.0,0.0,0.0,816.0,349.0,101.0,42.0
2.0,7266.0,1046.0,1139.0,1446.0,0.0,0.0,798.0,341.0,729.0,317.0
2.0,7666.0,2117.0,1149.0,0.0,0.0,0.0,804.0,345.0,1476.0,641.0
2.0,5549.0,2244.0,1186.0,0.0,1439.0,1439.0,830.0,356.0,1569.0,675.0
2.0,3305.0,1259.0,1210.0,0.0,2794.0,2794.0,847.0,363.0,884.0,375.0
2.0,2046.0,115.0,1199.0,1439.0,1426.0,1426.0,839.0,360.0,85.0,30.0
2.0,3370.0,6.0,1164.0,2794.0,0.0,0.0,815.0,349.0,6.0,0.0
2.0,6158.0,1117.0,1142.0,1426.0,0.0,0.0,800.0,342.0,779.0,338.0
2.0,6467.0,2325.0,1159.0,0.0,494.0,494.0,811.0,348.0,1624.0,701.0
2.0,4142.0,2398.0,1195.0,0.0,3036.0,3036.0,836.0,359.0,1678.0,720.0
2.0,1744.0,1358.0,1219.0,494.0,3996.0,3996.0,853.0,366.0,952.0,406.0
2.0,880.0,247.0,1207.0,3036.0,1159.0,1159.0,845.0,362.0,176.0,71.0
2.0,3669.0,149.0,1171.0,3996.0,0.0,0.0,820.0,351.0,106.0,43.0
2.0,7516.0,1183.0,1148.0,1159.0,0.0,0.0,804.0,344.0,825.0,358.0
2.0,7492.0,2279.0,1164.0,0.0,0.0,0.0,815.0,349.0,1592.0,687.0
2.0,5213.0,2296.0,1203.0,0.0,1895.0,1895.0,842.0,361.0,1608.0,688.0
2.0,2917.0,1206.0,1226.0,0.0,3193.0,3193.0,858.0,368.0,847.0,359.0
2.0,1711.0,41.0,1213.0,1895.0,1287.0,1287.0,849.0,364.0,32.0,9.0
2.0,3565.0,0.0,1177.0,3193.0,0.0,0.0,824.0,353.0,0.0,0.0
2.0,6758.0,1051.0,1154.0,1287.0,0.0,0.0,808.0,346.0,733.0,318.0
2.0,6994.0,2273.0,1168.0,0.0,0.0,0.0,818.0,350.0,1590.0,683.0
2.0,4721.0,2420.0,1205.0,0.0,2519.0,2519.0,843.0,362.0,1693.0,727.0
2.0,2301.0,1418.0,1229.0,0.0,4033.0,4033.0,860.0,369.0,994.0,424.0
2.0,883.0,235.0,1217.0,2519.0,1701.0,1701.0,852.0,365.0,168.0,67.0
2.0,3167.0,110.0,1181.0,4033.0,0.0,0.0,827.0,354.0,79.0,31.0
2.0,7090.0,1204.0,1159.0,1701.0,0.0,0.0,812.0,347.0,840.0,364.0
2.0,7587.0,2368.0,1174.0,0.0,0.0,0.0,822.0,352.0,1654.0,714.0
2.0,5219.0,2485.0,1213.0,0.0,2118.0,2118.0,849.0,364.0,1737.0,748.0
2.0,2734.0,1328.0,1239.0,0.0,3550.0,3550.0,867.0,372.0,932.0,396.0
2.0,1406.0,31.0,1226.0,2118.0,1411.0,1411.0,858.0,368.0,27.0,4.0
2.0,3493.0,0.0,1193.0,3550.0,0.0,0.0,835.0,358.0,0.0,0.0
2.0,7043.0,1025.0,1172.0,1411.0,0.0,0.0,821.0,351.0,713.0,312.0
2.0,7429.0,2193.0,1186.0,0.0,0.0,0.0,830.0,356.0,1533.0,660.0
2.0,5236.0,2340.0,1223.0,0.0,1996.0,1996.0,856.0,367.0,1642.0,698.0
2.0,2896.0,1347.0,1246.0,0.0,3435.0,3435.0,872.0,374.0,946.0,401.0
2.0,1549.0,256.0,1230.0,1996.0,1631.0,1631.0,861.0,369.0,180.0,76.0
2.0,3289.0,123.0,1191.0,3435.0,0.0,0.0,834.0,357.0,84.0,39.0
2.0,6601.0,1117.0,1170.0,1631.0,0.0,0.0,819.0,351.0,779.0,338.0
2.0,7115.0,2259.0,1186.0,0.0,0.0,0.0,830.0,356.0,1579.0,680.0
2.0,4856.0,2372.0,1226.0,0.0,2420.0,2420.0,858.0,368.0,1661.0,711.0
2.0,2484.0,1381.0,1251.0,0.0,3901.0,3901.0,876.0,375.0,972.0,409.0
2.0,1103.0,202.0,1237.0,2420.0,1627.0,1627.0,866.0,371.0,146.0,56.0
2.0,3321.0,0.0,1198.0,3901.0,0.0,0.0,839.0,359.0,0.0,0.0
2.0,7222.0,968.0,1174.0,1627.0,0.0,0.0,822.0,352.0,671.0,297.0
2.0,7881.0,2141.0,1190.0,0.0,0.0,0.0,833.0,357.0,1492.0,649.0
2.0,5740.0,2409.0,1232.0,0.0,1597.0,1597.0,862.0,370.0,1686.0,723.0
2.0,3331.0,1478.0,1259.0,0.0,3183.0,3183.0,881.0,378.0,1041.0,437.0
2.0,1853.0,290.0,1244.0,1597.0,1816.0,1816.0,871.0,373.0,210.0,80.0
2.0,3160.0,81.0,1203.0,3183.0,0.0,0.0,842.0,361.0,59.0,22.0
2.0,6262.0,1108.0,1178.0,1816.0,0.0,0.0,825.0,353.0,769.0,339.0
2.0,6970.0,2352.0,1196.0,0.0,166.0,166.0,837.0,359.0,1639.0,713.0
2.0,4618.0,2544.0,1239.0,0.0,2882.0,2882.0,867.0,372.0,1780.0,764.0
2.0,2074.0,1488.0,1265.0,166.0,4308.0,4308.0,885.0,380.0,1047.0,441.0
2.0,752.0,226.0,1250.0,2882.0,1592.0,1592.0,875.0,375.0,166.0,60.0
2.0,3408.0,0.0,1208.0,4308.0,0.0,0.0,846.0,362.0,0.0,0.0
2.0,7716.0,918.0,1183.0,1592.0,0.0,0.0,828.0,355.0,637.0,281.0
2.0,8390.0,2078.0,1199.0,0.0,0.0,0.0,839.0,360.0,1450.0,628.0
2.0,6312.0,2310.0,1241.0,0.0,962.0,962.0,869.0,372.0,1618.0,692.0
2.0,4002.0,1414.0,1268.0,0.0,2484.0,2484.0,888.0,380.0,994.0,420.0
2.0,2588.0,328.0,1253.0,962.0,1790.0,1790.0,877.0,376.0,233.0,95.0
2.0,3222.0,178.0,1211.0,2484.0,0.0,0.0,848.0,363.0,124.0,54.0
2.0,5528.0,1090.0,1187.0,1790.0,0.0,0.0,831.0,356.0,760.0,330.0
2.0,6228.0,2199.0,1203.0,0.0,783.0,783.0,842.0,361.0,1537.0,662.0
2.0,4029.0,2410.0,1244.0,0.0,3357.0,3357.0,871.0,373.0,1688.0,722.0
2.0,1619.0,1552.0,1271.0,783.0,4234.0,4234.0,890.0,381.0,1088.0,464.0
2.0,850.0,463.0,1257.0,3357.0,1284.0,1284.0,880.0,377.0,326.0,137.0
2.0,3744.0,159.0,1217.0,4234.0,0.0,0.0,852.0,365.0,112.0,47.0
2.0,7819.0,887.0,1190.0,1284.0,0.0,0.0,833.0,357.0,620.0,267.0
2.0,8216.0,1953.0,1204.0,0.0,0.0,0.0,843.0,361.0,1367.0,586.0
2.0,6263.0,2233.0,1246.0,0.0,954.0,954.0,872.0,374.0,1564.0,669.0
2.0,4030.0,1469.0,1274.0,0.0,2535.0,2535.0,892.0,382.0,1029.0,440.0
2.0,2561.0,447.0,1263.0,954.0,1984.0,1984.0,884.0,379.0,313.0,134.0
2.0,3068.0,185.0,1223.0,2535.0,0.0,0.0,856.0,367.0,129.0,56.0
2.0,5418.0,1006.0,1195.0,1984.0,0.0,0.0,837.0,358.0,702.0,304.0
2.0,6396.0,2114.0,1209.0,0.0,554.0,554.0,846.0,363.0,1478.0,636.0
2.0,4282.0,2379.0,1250.0,0.0,3097.0,3097.0,875.0,375.0,1666.0,713.0
2.0,1903.0,1584.0,1278.0,554.0,4239.0,4239.0,895.0,383.0,1113.0,471.0
2.0,873.0,542.0,1266.0,3097.0,1636.0,1636.0,886.0,380.0,383.0,159.0
2.0,3428.0,209.0,1224.0,4239.0,0.0,0.0,857.0,367.0,146.0,63.0
2.0,7458.0,917.0,1194.0,1636.0,0.0,0.0,836.0,358.0,637.0,280.0
2.0,8177.0,1929.0,1206.0,0.0,0.0,0.0,844.0,362.0,1346.0,583.0
2.0,6248.0,2277.0,1249.0,0.0,1025.0,1025.0,874.0,375.0,1596.0,681.0
2.0,3971.0,1561.0,1278.0,0.0,2702.0,2702.0,895.0,383.0,1099.0,462.0
2.0,2410.0,475.0,1268.0,1025.0,2112.0,2112.0,888.0,380.0,335.0,140.0
2.0,2960.0,44.0,1227.0,2702.0,0.0,0.0,859.0,368.0,30.0,14.0
2.0,5618.0,760.0,1197.0,2112.0,0.0,0.0,838.0,359.0,529.0,231.0
2.0,6970.0,1984.0,1209.0,0.0,0.0,0.0,846.0,363.0,1385.0,599.0
2.0,4986.0,2495.0,1252.0,0.0,2517.0,2517.0,876.0,376.0,1746.0,749.0
2.0,2491.0,1782.0,1284.0,0.0,4427.0,4427.0,899.0,385.0,1252.0,530.0
2.0,709.0,619.0,1274.0,2517.0,2489.0,2489.0,892.0,382.0,437.0,182.0
2.0,2607.0,167.0,1234.0,4427.0,0.0,0.0,864.0,370.0,117.0,50.0
2.0,6867.0,833.0,1204.0,2489.0,0.0,0.0,843.0,361.0,580.0,253.0
2.0,8523.0,1978.0,1216.0,0.0,0.0,0.0,851.0,365.0,1380.0,598.0
2.0,6545.0,2288.0,1256.0,0.0,767.0,767.0,879.0,377.0,1602.0,686.0
2.0,4257.0,1586.0,1286.0,0.0,2473.0,2473.0,900.0,386.0,1115.0,471.0
2.0,2671.0,501.0,1277.0,767.0,2171.0,2171.0,894.0,383.0,355.0,146.0
2.0,2937.0,111.0,1238.0,2473.0,0.0,0.0,867.0,371.0,77.0,34.0
2.0,5299.0,810.0,1208.0,2171.0,0.0,0.0,846.0,362.0,562.0,248.0
2.0,6660.0,1933.0,1216.0,0.0,137.0,137.0,851.0,365.0,1349.0,584.0
2.0,4727.0,2374.0,1256.0,0.0,2671.0,2671.0,879.0,377.0,1664.0,710.0
2.0,2353.0,1758.0,1289.0,137.0,4424.0,4424.0,902.0,387.0,1234.0,524.0
2.0,732.0,681.0,1280.0,2671.0,2398.0,2398.0,896.0,384.0,478.0,203.0
2.0,2722.0,212.0,1239.0,4424.0,0.0,0.0,868.0,371.0,149.0,63.0
2.0,6934.0,876.0,1207.0,2398.0,0.0,0.0,845.0,362.0,610.0,266.0
2.0,8456.0,1932.0,1216.0,0.0,0.0,0.0,851.0,365.0,1349.0,583.0
2.0,6524.0,2340.0,1256.0,0.0,840.0,840.0,879.0,377.0,1638.0,702.0
2.0,4184.0,1689.0,1289.0,0.0,2661.0,2661.0,902.0,387.0,1187.0,502.0
2.0,2495.0,540.0,1281.0,840.0,2329.0,2329.0,897.0,384.0,383.0,157.0
2.0,2795.0,0.0,1241.0,2661.0,0.0,0.0,869.0,372.0,0.0,0.0
2.0,5456.0,620.0,1210.0,2329.0,0.0,0.0,847.0,363.0,429.0,191.0
2.0,7165.0,1852.0,1217.0,0.0,0.0,0.0,852.0,365.0,1293.0,559.0
2.0,5313.0,2478.0,1259.0,0.0,2201.0,2201.0,881.0,378.0,1736.0,742.0
2.0,2835.0,1866.0,1291.0,0.0,4195.0,4195.0,904.0,387.0,1311.0,555.0
2.0,969.0,649.0,1283.0,2201.0,2611.0,2611.0,898.0,385.0,458.0,191.0
2.0,2521.0,63.0,1242.0,4195.0,0.0,0.0,870.0,372.0,43.0,20.0
2.0,6653.0,778.0,1210.0,2611.0,0.0,0.0,847.0,363.0,538.0,240.0
2.0,8486.0,2042.0,1220.0,0.0,0.0,0.0,854.0,366.0,1424.0,618.0
2.0,6444.0,2537.0,1260.0,0.0,1133.0,1133.0,882.0,378.0,1779.0,758.0
2.0,3907.0,1783.0,1291.0,0.0,3040.0,3040.0,904.0,387.0,1255.0,528.0
2.0,2124.0,543.0,1284.0,1133.0,2422.0,2422.0,899.0,385.0,385.0,158.0
2.0,2714.0,0.0,1247.0,3040.0,0.0,0.0,873.0,374.0,0.0,0.0
2.0,5754.0,659.0,1217.0,2422.0,0.0,0.0,852.0,365.0,453.0,206.0
2.0,7517.0,1894.0,1224.0,0.0,0.0,0.0,857.0,367.0,1318.0,576.0
2.0,5623.0,2459.0,1263.0,0.0,1888.0,1888.0,884.0,379.0,1723.0,736.0
2.0,3164.0,1907.0,1297.0,0.0,3931.0,3931.0,908.0,389.0,1343.0,564.0
2.0,1257.0,726.0,1291.0,1888.0,2745.0,2745.0,904.0,387.0,515.0,211.0
2.0,2419.0,109.0,1252.0,3931.0,0.0,0.0,877.0,375.0,75.0,34.0
2.0,6241.0,695.0,1220.0,2745.0,0.0,0.0,854.0,366.0,480.0,215.0
2.0,8291.0,1988.0,1228.0,0.0,0.0,0.0,860.0,368.0,1388.0,600.0
2.0,6303.0,2604.0,1267.0,0.0,1369.0,1369.0,887.0,380.0,1826.0,778.0
2.0,3699.0,2008.0,1303.0,0.0,3521.0,3521.0,912.0,391.0,1411.0,597.0
2.0,1691.0,632.0,1297.0,1369.0,2760.0,2760.0,908.0,389.0,445.0,187.0
2.0,2428.0,0.0,1260.0,3521.0,0.0,0.0,882.0,378.0,0.0,0.0
2.0,5949.0,478.0,1225.0,2760.0,0.0,0.0,858.0,367.0,329.0,149.0
2.0,8231.0,1726.0,1228.0,0.0,0.0,0.0,860.0,368.0,1204.0,522.0
2.0,6505.0,2495.0,1267.0,0.0,1058.0,1058.0,887.0,380.0,1748.0,747.0
2.0,4010.0,1987.0,1304.0,0.0,3193.0,3193.0,913.0,391.0,1395.0,592.0
2.0,2023.0,756.0,1304.0,1058.0,2891.0,2891.0,913.0,391.0,533.0,223.0
2.0,2325.0,35.0,1267.0,3193.0,0.0,0.0,887.0,380.0,24.0,11.0
2.0,5483.0,587.0,1230.0,2891.0,0.0,0.0,861.0,369.0,405.0,182.0
2.0,7787.0,1953.0,1233.0,0.0,0.0,0.0,863.0,370.0,1364.0,589.0
2.0,5834.0,2710.0,1274.0,0.0,1972.0,1972.0,892.0,382.0,1900.0,810.0
2.0,3124.0,2152.0,1311.0,0.0,4272.0,4272.0,918.0,393.0,1511.0,641.0
2.0,972.0,815.0,1311.0,1972.0,3115.0,3115.0,918.0,393.0,573.0,242.0
2.0,2129.0,0.0,1274.0,4272.0,0.0,0.0,892.0,382.0,0.0,0.0
2.0,6401.0,457.0,1238.0,3115.0,0.0,0.0,867.0,371.0,315.0,142.0
2.0,9059.0,1683.0,1240.0,0.0,0.0,0.0,868.0,372.0,1172.0,511.0
2.0,7376.0,2442.0,1277.0,0.0,174.0,174.0,894.0,383.0,1708.0,734.0
2.0,4934.0,1970.0,1313.0,0.0,2288.0,2288.0,919.0,394.0,1385.0,585.0
2.0,2964.0,734.0,1311.0,174.0,2840.0,2840.0,918.0,393.0,521.0,213.0
2.0,2404.0,35.0,1275.0,2288.0,443.0,443.0,893.0,382.0,26.0,9.0
2.0,4657.0,633.0,1241.0,2840.0,0.0,0.0,869.0,372.0,436.0,197.0
2.0,6864.0,1820.0,1243.0,443.0,0.0,0.0,870.0,373.0,1267.0,553.0
2.0,5487.0,2498.0,1277.0,0.0,2119.0,2119.0,894.0,383.0,1749.0,749.0
2.0,2989.0,2080.0,1314.0,0.0,4347.0,4347.0,920.0,394.0,1463.0,617.0
2.0,909.0,986.0,1316.0,2119.0,3222.0,3222.0,921.0,395.0,697.0,289.0
2.0,2042.0,278.0,1284.0,4347.0,0.0,0.0,899.0,385.0,194.0,84.0
2.0,6111.0,609.0,1251.0,3222.0,0.0,0.0,876.0,375.0,419.0,190.0
2.0,8724.0,1696.0,1251.0,0.0,0.0,0.0,876.0,375.0,1182.0,514.0
2.0,7028.0,2383.0,1286.0,0.0,499.0,499.0,900.0,386.0,1669.0,714.0
2.0,4645.0,1936.0,1323.0,0.0,2583.0,2583.0,926.0,397.0,1361.0,575.0
2.0,2709.0,805.0,1327.0,499.0,2905.0,2905.0,929.0,398.0,570.0,235.0
2.0,2403.0,156.0,1294.0,2583.0,346.0,346.0,906.0,388.0,111.0,45.0
2.0,4830.0,602.0,1258.0,2905.0,0.0,0.0,881.0,377.0,417.0,185.0
2.0,7133.0,1767.0,1257.0,346.0,0.0,0.0,880.0,377.0,1229.0,538.0
2.0,5712.0,2510.0,1292.0,0.0,1966.0,1966.0,904.0,388.0,1755.0,755.0
2.0,3202.0,2072.0,1331.0,0.0,4194.0,4194.0,932.0,399.0,1456.0,616.0
2.0,1130.0,913.0,1334.0,1966.0,3153.0,3153.0,934.0,400.0,647.0,266.0
2.0,2183.0,202.0,1298.0,4194.0,0.0,0.0,909.0,389.0,142.0,60.0
2.0,6175.0,600.0,1261.0,3153.0,0.0,0.0,883.0,378.0,413.0,187.0
2.0,8728.0,1662.0,1259.0,0.0,0.0,0.0,881.0,378.0,1156.0,506.0
2.0,7066.0,2370.0,1293.0,0.0,476.0,476.0,905.0,388.0,1659.0,711.0
2.0,4696.0,2035.0,1333.0,0.0,2671.0,2671.0,933.0,400.0,1433.0,602.0
2.0,2661.0,997.0,1340.0,476.0,3220.0,3220.0,938.0,402.0,706.0,291.0
2.0,2140.0,232.0,1308.0,2671.0,653.0,653.0,916.0,392.0,162.0,70.0
2.0,4579.0,462.0,1269.0,3220.0,0.0,0.0,889.0,380.0,315.0,147.0
2.0,7337.0,1501.0,1261.0,653.0,0.0,0.0,883.0,378.0,1043.0,458.0
2.0,6489.0,2319.0,1292.0,0.0,998.0,998.0,904.0,388.0,1624.0,695.0
2.0,4170.0,2129.0,1330.0,0.0,3279.0,3279.0,931.0,399.0,1499.0,630.0
2.0,2041.0,1211.0,1341.0,998.0,3536.0,3536.0,939.0,402.0,857.0,354.0
2.0,1828.0,457.0,1311.0,3279.0,594.0,594.0,918.0,393.0,321.0,136.0
2.0,4650.0,696.0,1274.0,3536.0,0.0,0.0,892.0,382.0,479.0,217.0
2.0,7490.0,1596.0,1266.0,594.0,0.0,0.0,886.0,380.0,1107.0,489.0
2.0,6488.0,2253.0,1298.0,0.0,957.0,957.0,908.0,390.0,1575.0,678.0
2.0,4235.0,2002.0,1336.0,0.0,3111.0,3111.0,935.0,401.0,1411.0,591.0
2.0,2233.0,1061.0,1347.0,957.0,3259.0,3259.0,943.0,404.0,753.0,308.0
2.0,2129.0,339.0,1321.0,3111.0,383.0,383.0,925.0,396.0,238.0,101.0
2.0,4901.0,556.0,1284.0,3259.0,0.0,0.0,899.0,385.0,381.0,175.0
2.0,7604.0,1542.0,1274.0,383.0,0.0,0.0,892.0,382.0,1072.0,470.0
2.0,6445.0,2233.0,1303.0,0.0,1000.0,1000.0,912.0,391.0,1564.0,669.0
2.0,4212.0,2003.0,1341.0,0.0,3155.0,3155.0,939.0,402.0,1409.0,594.0
2.0,2209.0,1105.0,1351.0,1000.0,3300.0,3300.0,946.0,405.0,780.0,325.0
2.0,2104.0,526.0,1324.0,3155.0,563.0,563.0,927.0,397.0,368.0,158.0
2.0,4733.0,755.0,1286.0,3300.0,0.0,0.0,900.0,386.0,522.0,233.0
2.0,7278.0,1644.0,1276.0,563.0,0.0,0.0,893.0,383.0,1146.0,498.0
2.0,6197.0,2277.0,1304.0,0.0,1296.0,1296.0,913.0,391.0,1596.0,681.0
2.0,3920.0,2052.0,1344.0,0.0,3508.0,3508.0,941.0,403.0,1443.0,609.0
2.0,1868.0,1054.0,1355.0,1296.0,3310.0,3310.0,949.0,406.0,741.0,313.0
2.0,2110.0,274.0,1328.0,3508.0,0.0,0.0,930.0,398.0,190.0,84.0
2.0,5344.0,512.0,1291.0,3310.0,0.0,0.0,904.0,387.0,355.0,157.0
2.0,8142.0,1519.0,1283.0,0.0,0.0,0.0,898.0,385.0,1060.0,459.0
2.0,6623.0,2348.0,1313.0,0.0,977.0,977.0,919.0,394.0,1645.0,703.0
2.0,4275.0,2114.0,1353.0,0.0,3251.0,3251.0,947.0,406.0,1482.0,632.0
2.0,2161.0,1136.0,1363.0,977.0,3450.0,3450.0,954.0,409.0,797.0,339.0
2.0,2002.0,362.0,1335.0,3251.0,449.0,449.0,935.0,400.0,254.0,108.0
2.0,4891.0,568.0,1298.0,3450.0,0.0,0.0,909.0,389.0,395.0,173.0
2.0,7773.0,1619.0,1289.0,449.0,0.0,0.0,902.0,387.0,1130.0,489.0
2.0,6603.0,2444.0,1317.0,0.0,1109.0,1109.0,922.0,395.0,1710.0,734.0
2.0,4159.0,2212.0,1354.0,0.0,3469.0,3469.0,948.0,406.0,1551.0,661.0
2.0,1947.0,1140.0,1364.0,1109.0,3540.0,3540.0,955.0,409.0,803.0,337.0
2.0,1916.0,272.0,1337.0,3469.0,235.0,235.0,936.0,401.0,193.0,79.0
2.0,5113.0,416.0,1299.0,3540.0,0.0,0.0,910.0,389.0,289.0,127.0
2.0,8237.0,1374.0,1288.0,235.0,0.0,0.0,902.0,386.0,957.0,417.0
2.0,7098.0,2223.0,1316.0,0.0,389.0,389.0,921.0,395.0,1554.0,669.0
2.0,4875.0,2130.0,1354.0,0.0,2671.0,2671.0,948.0,406.0,1494.0,636.0
2.0,2745.0,1204.0,1365.0,389.0,3530.0,3530.0,956.0,409.0,848.0,356.0
2.0,1930.0,399.0,1339.0,2671.0,1154.0,1154.0,938.0,401.0,283.0,116.0
2.0,4202.0,569.0,1302.0,3530.0,0.0,0.0,912.0,390.0,397.0,172.0
2.0,7163.0,1626.0,1293.0,1154.0,0.0,0.0,905.0,388.0,1133.0,493.0
2.0,6691.0,2512.0,1324.0,0.0,1117.0,1117.0,927.0,397.0,1753.0,759.0
2.0,4179.0,2286.0,1364.0,0.0,3563.0,3563.0,955.0,409.0,1600.0,686.0
2.0,1893.0,1206.0,1376.0,1117.0,3700.0,3700.0,963.0,413.0,849.0,357.0
2.0,1804.0,271.0,1349.0,3563.0,300.0,300.0,945.0,404.0,196.0,75.0
2.0,5096.0,362.0,1311.0,3700.0,0.0,0.0,918.0,393.0,255.0,107.0
2.0,8434.0,1358.0,1297.0,300.0,0.0,0.0,908.0,389.0,945.0,413.0
2.0,7376.0,2221.0,1320.0,0.0,125.0,125.0,924.0,396.0,1549.0,672.0
2.0,5155.0,2162.0,1357.0,0.0,2435.0,2435.0,950.0,407.0,1513.0,649.0
2.0,2993.0,1252.0,1373.0,125.0,3626.0,3626.0,961.0,412.0,880.0,372.0
2.0,1866.0,451.0,1352.0,2435.0,1558.0,1558.0,947.0,405.0,322.0,129.0
2.0,3850.0,541.0,1319.0,3626.0,0.0,0.0,924.0,395.0,379.0,162.0
2.0,6935.0,1513.0,1307.0,1558.0,0.0,0.0,915.0,392.0,1056.0,457.0
2.0,6980.0,2356.0,1329.0,0.0,692.0,692.0,930.0,399.0,1646.0,710.0
2.0,4624.0,2241.0,1363.0,0.0,3069.0,3069.0,954.0,409.0,1569.0,672.0
2.0,2383.0,1279.0,1374.0,692.0,3700.0,3700.0,962.0,412.0,898.0,381.0
2.0,1796.0,429.0,1352.0,3069.0,972.0,972.0,947.0,405.0,304.0,125.0
2.0,4436.0,518.0,1319.0,3700.0,0.0,0.0,924.0,395.0,364.0,154.0
2.0,7618.0,1399.0,1307.0,972.0,0.0,0.0,915.0,392.0,977.0,422.0
2.0,7191.0,2201.0,1329.0,0.0,326.0,326.0,930.0,399.0,1537.0,664.0
2.0,4990.0,2042.0,1362.0,0.0,2500.0,2500.0,953.0,409.0,1427.0,615.0
2.0,2948.0,1200.0,1374.0,326.0,3422.0,3422.0,962.0,412.0,840.0,360.0
2.0,2074.0,415.0,1352.0,2500.0,1249.0,1249.0,947.0,405.0,296.0,119.0
2.0,4159.0,492.0,1319.0,3422.0,0.0,0.0,924.0,395.0,350.0,142.0
2.0,7089.0,1433.0,1308.0,1249.0,0.0,0.0,916.0,392.0,1002.0,431.0
2.0,6905.0,2296.0,1331.0,0.0,715.0,715.0,932.0,399.0,1601.0,695.0
2.0,4609.0,2388.0,1367.0,0.0,3247.0,3247.0,957.0,410.0,1668.0,720.0
2.0,2221.0,1542.0,1381.0,715.0,4130.0,4130.0,967.0,414.0,1082.0,460.0
2.0,1394.0,578.0,1361.0,3247.0,1381.0,1381.0,953.0,408.0,411.0,167.0
2.0,4063.0,430.0,1325.0,4130.0,0.0,0.0,928.0,397.0,305.0,125.0
2.0,7763.0,1209.0,1310.0,1381.0,0.0,0.0,917.0,393.0,843.0,366.0
2.0,7935.0,2140.0,1330.0,0.0,0.0,0.0,931.0,399.0,1492.0,648.0
2.0,5795.0,2264.0,1369.0,0.0,1945.0,1945.0,958.0,411.0,1583.0,681.0
2.0,3531.0,1434.0,1387.0,0.0,3451.0,3451.0,971.0,416.0,1005.0,429.0
2.0,2097.0,438.0,1365.0,1945.0,1856.0,1856.0,956.0,409.0,310.0,128.0
2.0,3604.0,325.0,1327.0,3451.0,0.0,0.0,929.0,398.0,233.0,92.0
2.0,6730.0,1226.0,1310.0,1856.0,0.0,0.0,917.0,393.0,859.0,367.0
2.0,7360.0,2285.0,1331.0,0.0,249.0,249.0,932.0,399.0,1595.0,690.0
2.0,5075.0,2531.0,1373.0,0.0,2948.0,2948.0,961.0,412.0,1766.0,765.0
2.0,2544.0,1622.0,1394.0,249.0,4405.0,4405.0,976.0,418.0,1134.0,488.0
2.0,1171.0,549.0,1373.0,2948.0,1922.0,1922.0,961.0,412.0,390.0,159.0
2.0,3570.0,363.0,1334.0,4405.0,0.0,0.0,934.0,400.0,261.0,102.0
2.0,7612.0,1193.0,1314.0,1922.0,0.0,0.0,920.0,394.0,836.0,357.0
2.0,8341.0,2170.0,1334.0,0.0,0.0,0.0,934.0,400.0,1513.0,657.0
2.0,6171.0,2293.0,1372.0,0.0,1610.0,1610.0,960.0,412.0,1597.0,696.0
2.0,3878.0,1424.0,1392.0,0.0,3114.0,3114.0,974.0,418.0,996.0,428.0
2.0,2454.0,466.0,1374.0,1610.0,1898.0,1898.0,962.0,412.0,332.0,134.0
2.0,3598.0,238.0,1336.0,3114.0,0.0,0.0,936.0,400.0,175.0,63.0
2.0,6474.0,1079.0,1315.0,1898.0,0.0,0.0,921.0,394.0,758.0,321.0
2.0,7293.0,2234.0,1336.0,0.0,285.0,285.0,935.0,401.0,1558.0,676.0
2.0,5059.0,2499.0,1376.0,0.0,2944.0,2944.0,963.0,413.0,1741.0,758.0
2.0,2560.0,1683.0,1397.0,285.0,4426.0,4426.0,978.0,419.0,1176.0,507.0
2.0,1162.0,611.0,1378.0,2944.0,2017.0,2017.0,965.0,413.0,434.0,177.0
2.0,3495.0,374.0,1337.0,4426.0,0.0,0.0,936.0,401.0,270.0,104.0
2.0,7547.0,1197.0,1316.0,2017.0,0.0,0.0,922.0,394.0,841.0,356.0
2.0,8367.0,2256.0,1336.0,0.0,0.0,0.0,935.0,401.0,1574.0,682.0
2.0,6111.0,2441.0,1377.0,0.0,1838.0,1838.0,964.0,413.0,1698.0,743.0
2.0,3670.0,1559.0,1400.0,0.0,3489.0,3489.0,980.0,420.0,1087.0,472.0
2.0,2111.0,469.0,1384.0,1838.0,2056.0,2056.0,969.0,415.0,336.0,133.0
2.0,3480.0,134.0,1344.0,3489.0,0.0,0.0,941.0,403.0,106.0,28.0
2.0,6835.0,911.0,1319.0,2056.0,0.0,0.0,924.0,395.0,641.0,270.0
2.0,7980.0,2091.0,1335.0,0.0,0.0,0.0,935.0,400.0,1456.0,635.0
2.0,5889.0,2593.0,1377.0,0.0,2212.0,2212.0,964.0,413.0,1801.0,792.0
2.0,3296.0,1861.0,1402.0,0.0,4173.0,4173.0,981.0,421.0,1298.0,563.0
2.0,1435.0,641.0,1386.0,2212.0,2538.0,2538.0,970.0,416.0,460.0,181.0
2.0,3006.0,221.0,1344.0,4173.0,0.0,0.0,941.0,403.0,169.0,52.0
2.0,6958.0,1085.0,1322.0,2538.0,0.0,0.0,926.0,396.0,764.0,321.0
2.0,8411.0,2264.0,1341.0,0.0,0.0,0.0,939.0,402.0,1575.0,689.0
2.0,6147.0,2542.0,1382.0,0.0,1923.0,1923.0,967.0,415.0,1765.0,777.0
2.0,3605.0,1743.0,1405.0,0.0,3758.0,3758.0,983.0,422.0,1214.0,529.0
2.0,1862.0,590.0,1390.0,1923.0,2365.0,2365.0,973.0,417.0,423.0,167.0
2.0,3195.0,156.0,1351.0,3758.0,0.0,0.0,946.0,405.0,125.0,31.0
2.0,6797.0,867.0,1328.0,2365.0,0.0,0.0,930.0,398.0,614.0,253.0
2.0,8295.0,2078.0,1345.0,0.0,0.0,0.0,942.0,403.0,1446.0,632.0
2.0,6217.0,2614.0,1387.0,0.0,1945.0,1945.0,971.0,416.0,1814.0,800.0
2.0,3603.0,1930.0,1415.0,0.0,3987.0,3987.0,990.0,425.0,1342.0,588.0
2.0,1673.0,751.0,1402.0,1945.0,2741.0,2741.0,981.0,421.0,534.0,217.0
2.0,2867.0,330.0,1364.0,3987.0,0.0,0.0,955.0,409.0,248.0,82.0
2.0,6524.0,1119.0,1339.0,2741.0,0.0,0.0,938.0,401.0,792.0,327.0
2.0,8146.0,2184.0,1351.0,0.0,0.0,0.0,946.0,405.0,1521.0,663.0
2.0,5962.0,2526.0,1389.0,0.0,2120.0,2120.0,972.0,417.0,1752.0,774.0
2.0,3436.0,1804.0,1415.0,0.0,4028.0,4028.0,990.0,425.0,1253.0,551.0
2.0,1632.0,692.0,1406.0,2120.0,2564.0,2564.0,984.0,422.0,492.0,200.0
2.0,3060.0,278.0,1370.0,4028.0,0.0,0.0,959.0,411.0,212.0,66.0
2.0,6810.0,923.0,1344.0,2564.0,0.0,0.0,941.0,403.0,656.0,267.0
2.0,8451.0,1999.0,1355.0,0.0,0.0,0.0,949.0,406.0,1393.0,606.0
2.0,6452.0,2415.0,1393.0,0.0,1535.0,1535.0,975.0,418.0,1673.0,742.0
2.0,4037.0,1705.0,1419.0,0.0,3344.0,3344.0,993.0,426.0,1181.0,524.0
2.0,2332.0,694.0,1409.0,1535.0,2463.0,2463.0,986.0,423.0,492.0,202.0
2.0,3173.0,390.0,1373.0,3344.0,0.0,0.0,961.0,412.0,292.0,98.0
2.0,6127.0,1113.0,1345.0,2463.0,0.0,0.0,942.0,403.0,792.0,321.0
2.0,7477.0,2118.0,1355.0,0.0,61.0,61.0,949.0,406.0,1477.0,641.0
2.0,5359.0,2466.0,1392.0,0.0,2675.0,2675.0,974.0,418.0,1708.0,758.0
2.0,2893.0,1871.0,1421.0,61.0,4601.0,4601.0,994.0,427.0,1298.0,573.0
2.0,1083.0,858.0,1415.0,2675.0,2760.0,2760.0,990.0,425.0,606.0,252.0
2.0,2900.0,365.0,1380.0,4601.0,0.0,0.0,966.0,414.0,274.0,91.0
2.0,7136.0,901.0,1353.0,2760.0,0.0,0.0,948.0,405.0,645.0,256.0
2.0,8995.0,1941.0,1363.0,0.0,0.0,0.0,955.0,408.0,1353.0,588.0
2.0,7054.0,2376.0,1400.0,0.0,922.0,922.0,980.0,420.0,1643.0,733.0
2.0,4678.0,1810.0,1429.0,0.0,2848.0,2848.0,1000.0,429.0,1252.0,558.0
2.0,2868.0,829.0,1425.0,922.0,2739.0,2739.0,997.0,428.0,587.0,242.0
2.0,2961.0,441.0,1391.0,2848.0,196.0,196.0,974.0,417.0,329.0,112.0
2.0,5368.0,999.0,1362.0,2739.0,0.0,0.0,954.0,408.0,713.0,286.0
2.0,7108.0,2012.0,1368.0,196.0,180.0,180.0,958.0,410.0,1403.0,609.0
2.0,5292.0,2474.0,1404.0,0.0,2798.0,2798.0,983.0,421.0,1713.0,761.0
2.0,2818.0,1902.0,1433.0,180.0,4636.0,4636.0,1003.0,430.0,1318.0,584.0
2.0,1096.0,926.0,1428.0,2798.0,2744.0,2744.0,999.0,429.0,652.0,274.0
2.0,2968.0,482.0,1394.0,4636.0,0.0,0.0,976.0,418.0,355.0,127.0
2.0,7122.0,968.0,1365.0,2744.0,0.0,0.0,956.0,409.0,693.0,275.0
2.0,8898.0,1857.0,1372.0,0.0,0.0,0.0,961.0,411.0,1298.0,559.0
2.0,7041.0,2299.0,1407.0,0.0,886.0,886.0,985.0,422.0,1593.0,706.0
2.0,4742.0,1831.0,1439.0,0.0,2845.0,2845.0,1007.0,432.0,1267.0,564.0
2.0,2911.0,894.0,1439.0,886.0,2853.0,2853.0,1007.0,432.0,626.0,268.0
2.0,2903.0,465.0,1407.0,2845.0,345.0,345.0,985.0,422.0,342.0,123.0
2.0,5283.0,932.0,1376.0,2853.0,0.0,0.0,964.0,412.0,669.0,263.0
2.0,7204.0,1884.0,1376.0,345.0,0.0,0.0,964.0,412.0,1319.0,565.0
2.0,5665.0,2335.0,1408.0,0.0,2302.0,2302.0,986.0,422.0,1618.0,717.0
2.0,3330.0,1946.0,1442.0,0.0,4384.0,4384.0,1009.0,433.0,1344.0,602.0
2.0,1384.0,1166.0,1444.0,2302.0,3256.0,3256.0,1010.0,434.0,816.0,350.0
2.0,2520.0,660.0,1413.0,4384.0,0.0,0.0,989.0,424.0,480.0,180.0
2.0,6244.0,965.0,1382.0,3256.0,0.0,0.0,968.0,414.0,693.0,272.0
2.0,8535.0,1765.0,1383.0,0.0,0.0,0.0,969.0,414.0,1235.0,530.0
2.0,6770.0,2261.0,1415.0,0.0,1151.0,1151.0,991.0,424.0,1566.0,695.0
2.0,4509.0,1922.0,1449.0,0.0,3209.0,3209.0,1014.0,435.0,1328.0,594.0
2.0,2587.0,1076.0,1452.0,1151.0,3146.0,3146.0,1016.0,436.0,755.0,321.0
2.0,2662.0,488.0,1423.0,3209.0,309.0,309.0,996.0,427.0,360.0,128.0
2.0,5383.0,815.0,1388.0,3146.0,0.0,0.0,972.0,416.0,587.0,228.0
2.0,7714.0,1685.0,1383.0,309.0,0.0,0.0,969.0,414.0,1178.0,507.0
2.0,6338.0,2290.0,1412.0,0.0,1600.0,1600.0,989.0,423.0,1585.0,705.0
2.0,4048.0,2108.0,1446.0,0.0,3844.0,3844.0,1012.0,434.0,1459.0,649.0
2.0,1940.0,1298.0,1451.0,1600.0,3562.0,3562.0,1015.0,436.0,909.0,389.0
2.0,2242.0,665.0,1421.0,3844.0,263.0,263.0,995.0,426.0,484.0,181.0
2.0,5421.0,815.0,1388.0,3562.0,0.0,0.0,972.0,416.0,589.0,226.0
2.0,8168.0,1651.0,1385.0,263.0,0.0,0.0,970.0,415.0,1157.0,494.0
2.0,6780.0,2264.0,1415.0,0.0,1144.0,1144.0,991.0,424.0,1568.0,696.0
2.0,4516.0,1989.0,1448.0,0.0,3265.0,3265.0,1013.0,435.0,1374.0,615.0
2.0,2527.0,1122.0,1452.0,1144.0,3259.0,3259.0,1016.0,436.0,781.0,341.0
2.0,2549.0,553.0,1424.0,3265.0,435.0,435.0,997.0,427.0,402.0,151.0
2.0,5261.0,758.0,1392.0,3259.0,0.0,0.0,975.0,417.0,550.0,208.0
2.0,7762.0,1567.0,1390.0,435.0,0.0,0.0,974.0,416.0,1103.0,464.0
2.0,6630.0,2176.0,1418.0,0.0,1218.0,1218.0,993.0,425.0,1510.0,666.0
2.0,4454.0,1985.0,1449.0,0.0,3327.0,3327.0,1014.0,435.0,1369.0,616.0
2.0,2469.0,1263.0,1452.0,1218.0,3384.0,3384.0,1016.0,436.0,878.0,385.0
2.0,2424.0,770.0,1426.0,3327.0,723.0,723.0,998.0,428.0,552.0,218.0
2.0,4981.0,975.0,1397.0,3384.0,0.0,0.0,978.0,419.0,702.0,273.0
2.0,7390.0,1696.0,1393.0,723.0,0.0,0.0,976.0,417.0,1194.0,502.0
2.0,6417.0,2262.0,1421.0,0.0,1529.0,1529.0,995.0,426.0,1572.0,690.0
2.0,4155.0,2031.0,1453.0,0.0,3688.0,3688.0,1017.0,436.0,1402.0,629.0
2.0,2124.0,1227.0,1459.0,1529.0,3410.0,3410.0,1021.0,438.0,852.0,375.0
2.0,2426.0,545.0,1432.0,3688.0,159.0,159.0,1002.0,430.0,393.0,152.0
2.0,5569.0,656.0,1399.0,3410.0,0.0,0.0,980.0,419.0,478.0,178.0
2.0,8323.0,1508.0,1393.0,159.0,0.0,0.0,976.0,417.0,1064.0,444.0
2.0,6974.0,2218.0,1420.0,0.0,924.0,924.0,995.0,425.0,1541.0,677.0
2.0,4756.0,2053.0,1451.0,0.0,3101.0,3101.0,1016.0,435.0,1420.0,633.0
2.0,2703.0,1320.0,1457.0,924.0,3521.0,3521.0,1019.0,438.0,917.0,403.0
2.0,2307.0,744.0,1433.0,3101.0,1068.0,1068.0,1003.0,430.0,531.0,213.0
2.0,4664.0,902.0,1402.0,3521.0,0.0,0.0,982.0,420.0,649.0,253.0
2.0,7283.0,1629.0,1397.0,1068.0,0.0,0.0,979.0,418.0,1149.0,480.0
2.0,6722.0,2212.0,1422.0,0.0,1178.0,1178.0,996.0,426.0,1540.0,672.0
2.0,4510.0,2097.0,1453.0,0.0,3399.0,3399.0,1017.0,436.0,1448.0,649.0
2.0,2413.0,1410.0,1462.0,1178.0,3667.0,3667.0,1023.0,439.0,978.0,432.0
2.0,2181.0,730.0,1440.0,3399.0,910.0,910.0,1008.0,432.0,519.0,211.0
2.0,4850.0,775.0,1411.0,3667.0,0.0,0.0,988.0,423.0,561.0,214.0
2.0,7742.0,1410.0,1403.0,910.0,0.0,0.0,983.0,420.0,998.0,412.0
2.0,7242.0,2062.0,1425.0,0.0,520.0,520.0,998.0,427.0,1437.0,625.0
2.0,5180.0,2102.0,1457.0,0.0,2750.0,2750.0,1020.0,437.0,1454.0,648.0
2.0,3078.0,1525.0,1468.0,520.0,3799.0,3799.0,1027.0,441.0,1056.0,469.0
2.0,2073.0,941.0,1449.0,2750.0,1914.0,1914.0,1014.0,435.0,663.0,278.0
2.0,3882.0,910.0,1422.0,3799.0,0.0,0.0,996.0,426.0,655.0,255.0
2.0,6771.0,1497.0,1413.0,1914.0,0.0,0.0,990.0,423.0,1062.0,435.0
2.0,7188.0,2118.0,1432.0,0.0,658.0,658.0,1003.0,429.0,1479.0,639.0
2.0,5070.0,2175.0,1461.0,0.0,2949.0,2949.0,1023.0,438.0,1503.0,672.0
2.0,2895.0,1562.0,1472.0,658.0,3897.0,3897.0,1030.0,442.0,1079.0,483.0
2.0,1991.0,875.0,1455.0,2949.0,1755.0,1755.0,1018.0,437.0,618.0,257.0
2.0,4065.0,766.0,1427.0,3897.0,0.0,0.0,999.0,428.0,556.0,210.0
2.0,7196.0,1281.0,1414.0,1755.0,0.0,0.0,991.0,423.0,911.0,370.0
2.0,7670.0,1948.0,1432.0,0.0,6.0,6.0,1003.0,429.0,1358.0,590.0
2.0,5722.0,2133.0,1463.0,0.0,2263.0,2263.0,1024.0,439.0,1473.0,660.0
2.0,3589.0,1581.0,1478.0,6.0,3898.0,3898.0,1034.0,444.0,1092.0,489.0
2.0,2014.0,971.0,1464.0,2263.0,2550.0,2550.0,1024.0,440.0,685.0,286.0
2.0,3306.0,855.0,1437.0,3898.0,0.0,0.0,1006.0,431.0,619.0,236.0
2.0,6349.0,1341.0,1422.0,2550.0,0.0,0.0,996.0,426.0,954.0,387.0
2.0,7558.0,1977.0,1435.0,0.0,159.0,159.0,1005.0,430.0,1379.0,598.0
2.0,5581.0,2218.0,1464.0,0.0,2493.0,2493.0,1025.0,439.0,1534.0,684.0
2.0,3363.0,1779.0,1483.0,159.0,4189.0,4189.0,1037.0,446.0,1230.0,549.0
2.0,1743.0,1098.0,1472.0,2493.0,2750.0,2750.0,1030.0,442.0,773.0,325.0
2.0,3138.0,813.0,1444.0,4189.0,0.0,0.0,1011.0,433.0,587.0,226.0
2.0,6514.0,1115.0,1428.0,2750.0,0.0,0.0,1000.0,428.0,794.0,321.0
2.0,8149.0,1672.0,1438.0,0.0,0.0,0.0,1007.0,431.0,1166.0,506.0
2.0,6477.0,1954.0,1465.0,0.0,1337.0,1337.0,1026.0,439.0,1352.0,602.0
2.0,4523.0,1670.0,1482.0,0.0,3075.0,3075.0,1037.0,445.0,1156.0,514.0
2.0,2853.0,1100.0,1474.0,1337.0,2806.0,2806.0,1031.0,443.0,774.0,326.0
2.0,3090.0,888.0,1449.0,3075.0,519.0,519.0,1014.0,435.0,640.0,248.0
2.0,5277.0,1262.0,1435.0,2806.0,0.0,0.0,1005.0,430.0,896.0,366.0
2.0,6821.0,1914.0,1448.0,519.0,366.0,366.0,1014.0,434.0,1335.0,579.0
2.0,5426.0,2166.0,1474.0,0.0,2636.0,2636.0,1032.0,442.0,1496.0,670.0
2.0,3260.0,1695.0,1488.0,366.0,4021.0,4021.0,1041.0,447.0,1174.0,521.0
2.0,1931.0,1081.0,1476.0,2636.0,2418.0,2418.0,1033.0,443.0,763.0,318.0
2.0,3486.0,963.0,1451.0,4021.0,0.0,0.0,1016.0,435.0,693.0,270.0
2.0,6544.0,1406.0,1439.0,2418.0,0.0,0.0,1008.0,431.0,998.0,408.0
2.0,7556.0,1846.0,1452.0,0.0,98.0,98.0,1017.0,435.0,1286.0,560.0
2.0,5710.0,1870.0,1477.0,0.0,2068.0,2068.0,1034.0,443.0,1290.0,580.0
2.0,3840.0,1446.0,1492.0,98.0,3476.0,3476.0,1044.0,448.0,998.0,448.0
2.0,2492.0,960.0,1481.0,2068.0,2324.0,2324.0,1036.0,445.0,677.0,283.0
2.0,3600.0,941.0,1457.0,3476.0,0.0,0.0,1020.0,437.0,679.0,262.0
2.0,6135.0,1406.0,1445.0,2324.0,0.0,0.0,1012.0,433.0,998.0,408.0
2.0,7053.0,1912.0,1456.0,0.0,683.0,683.0,1020.0,436.0,1335.0,577.0
2.0,5141.0,2001.0,1480.0,0.0,2780.0,2780.0,1036.0,444.0,1381.0,620.0
2.0,3140.0,1623.0,1494.0,683.0,3776.0,3776.0,1045.0,449.0,1121.0,502.0
2.0,2200.0,1170.0,1485.0,2780.0,2130.0,2130.0,1039.0,446.0,825.0,345.0
2.0,3810.0,1067.0,1463.0,3776.0,0.0,0.0,1024.0,439.0,768.0,299.0
2.0,6519.0,1432.0,1450.0,2130.0,0.0,0.0,1016.0,434.0,1015.0,417.0
2.0,7217.0,1774.0,1457.0,0.0,385.0,385.0,1021.0,436.0,1235.0,539.0
2.0,5443.0,1796.0,1478.0,0.0,2265.0,2265.0,1035.0,443.0,1239.0,557.0
2.0,3647.0,1458.0,1491.0,385.0,3390.0,3390.0,1043.0,448.0,1008.0,450.0
2.0,2574.0,1093.0,1485.0,2265.0,2194.0,2194.0,1039.0,446.0,769.0,324.0
2.0,3746.0,1031.0,1465.0,3390.0,0.0,0.0,1025.0,440.0,741.0,290.0
2.0,6105.0,1399.0,1452.0,2194.0,0.0,0.0,1017.0,435.0,995.0,404.0
2.0,6900.0,1839.0,1457.0,0.0,767.0,767.0,1021.0,436.0,1284.0,555.0
2.0,5061.0,1985.0,1478.0,0.0,2836.0,2836.0,1035.0,443.0,1368.0,617.0
2.0,3076.0,1673.0,1492.0,767.0,3798.0,3798.0,1044.0,448.0,1154.0,519.0
2.0,2170.0,1229.0,1487.0,2836.0,2171.0,2171.0,1040.0,447.0,865.0,364.0
2.0,3777.0,1131.0,1469.0,3798.0,0.0,0.0,1028.0,441.0,815.0,316.0
2.0,6444.0,1472.0,1455.0,2171.0,0.0,0.0,1019.0,436.0,1049.0,423.0
2.0,7143.0,1906.0,1462.0,0.0,611.0,611.0,1024.0,438.0,1328.0,578.0
2.0,5237.0,1972.0,1482.0,0.0,2663.0,2663.0,1038.0,444.0,1356.0,616.0
2.0,3265.0,1539.0,1498.0,611.0,3655.0,3655.0,1048.0,450.0,1060.0,479.0
2.0,2337.0,1005.0,1492.0,2663.0,1973.0,1973.0,1044.0,448.0,711.0,294.0
2.0,3995.0,823.0,1470.0,3655.0,0.0,0.0,1029.0,441.0,600.0,223.0
2.0,6827.0,1239.0,1453.0,1973.0,0.0,0.0,1018.0,435.0,884.0,355.0
2.0,7561.0,1896.0,1459.0,0.0,171.0,171.0,1022.0,437.0,1321.0,575.0
2.0,5665.0,2144.0,1481.0,0.0,2403.0,2403.0,1037.0,444.0,1478.0,666.0
2.0,3521.0,1700.0,1498.0,171.0,4000.0,4000.0,1048.0,450.0,1172.0,528.0
2.0,1992.0,1086.0,1493.0,2403.0,2663.0,2663.0,1044.0,449.0,766.0,320.0
2.0,3309.0,964.0,1473.0,4000.0,0.0,0.0,1031.0,442.0,697.0,267.0
2.0,6345.0,1455.0,1459.0,2663.0,0.0,0.0,1022.0,437.0,1035.0,420.0
2.0,7553.0,2022.0,1463.0,0.0,321.0,321.0,1025.0,438.0,1410.0,612.0
2.0,5531.0,2083.0,1482.0,0.0,2480.0,2480.0,1038.0,444.0,1436.0,647.0
2.0,3448.0,1544.0,1496.0,321.0,3759.0,3759.0,1047.0,449.0,1064.0,480.0
2.0,2225.0,921.0,1492.0,2480.0,2184.0,2184.0,1044.0,448.0,651.0,270.0
2.0,3784.0,824.0,1477.0,3759.0,0.0,0.0,1034.0,443.0,601.0,223.0
2.0,6719.0,1262.0,1463.0,2184.0,0.0,0.0,1025.0,438.0,900.0,362.0
2.0,7641.0,1915.0,1468.0,0.0,146.0,146.0,1028.0,440.0,1331.0,584.0
2.0,5726.0,2101.0,1487.0,0.0,2323.0,2323.0,1041.0,446.0,1446.0,655.0
2.0,3625.0,1642.0,1502.0,146.0,3879.0,3879.0,1051.0,451.0,1134.0,508.0
2.0,2129.0,1016.0,1497.0,2323.0,2552.0,2552.0,1047.0,450.0,721.0,295.0
2.0,3436.0,870.0,1477.0,3879.0,0.0,0.0,1034.0,443.0,634.0,236.0
2.0,6445.0,1429.0,1463.0,2552.0,0.0,0.0,1025.0,438.0,1017.0,412.0
2.0,7568.0,2159.0,1472.0,0.0,479.0,479.0,1031.0,441.0,1503.0,656.0
2.0,5409.0,2344.0,1496.0,0.0,2919.0,2919.0,1047.0,449.0,1617.0,727.0
2.0,3065.0,1728.0,1511.0,479.0,4228.0,4228.0,1057.0,454.0,1193.0,535.0
2.0,1816.0,915.0,1501.0,2919.0,2184.0,2184.0,1050.0,451.0,648.0,267.0
2.0,3820.0,669.0,1479.0,4228.0,0.0,0.0,1035.0,444.0,491.0,178.0
2.0,7379.0,1214.0,1466.0,2184.0,0.0,0.0,1027.0,439.0,866.0,348.0
2.0,8349.0,2052.0,1477.0,0.0,0.0,0.0,1035.0,442.0,1431.0,621.0
2.0,6297.0,2275.0,1503.0,0.0,1990.0,1990.0,1052.0,451.0,1568.0,707.0
2.0,4022.0,1695.0,1518.0,0.0,3745.0,3745.0,1062.0,456.0,1169.0,526.0
2.0,2327.0,998.0,1509.0,1990.0,2717.0,2717.0,1056.0,453.0,705.0,293.0
2.0,3319.0,840.0,1489.0,3745.0,0.0,0.0,1042.0,447.0,613.0,227.0
2.0,6224.0,1427.0,1478.0,2717.0,0.0,0.0,1035.0,443.0,1016.0,411.0
2.0,7514.0,2155.0,1488.0,0.0,593.0,593.0,1042.0,446.0,1502.0,653.0
2.0,5359.0,2311.0,1510.0,0.0,2992.0,2992.0,1057.0,453.0,1594.0,717.0
2.0,3048.0,1714.0,1522.0,593.0,4161.0,4161.0,1065.0,457.0,1184.0,530.0
2.0,1927.0,909.0,1512.0,2992.0,2038.0,2038.0,1058.0,454.0,643.0,266.0
2.0,4010.0,786.0,1493.0,4161.0,0.0,0.0,1045.0,448.0,574.0,212.0
2.0,7385.0,1362.0,1485.0,2038.0,0.0,0.0,1040.0,445.0,971.0,391.0
2.0,8061.0,2110.0,1498.0,0.0,41.0,41.0,1049.0,449.0,1469.0,641.0
2.0,5951.0,2206.0,1518.0,0.0,2327.0,2327.0,1063.0,455.0,1520.0,686.0
2.0,3745.0,1517.0,1528.0,41.0,3843.0,3843.0,1069.0,459.0,1046.0,471.0
2.0,2269.0,727.0,1515.0,2327.0,2191.0,2191.0,1060.0,455.0,516.0,211.0
2.0,3869.0,738.0,1494.0,3843.0,0.0,0.0,1046.0,448.0,541.0,197.0
2.0,6974.0,1548.0,1486.0,2191.0,0.0,0.0,1041.0,445.0,1101.0,447.0
2.0,7617.0,2355.0,1499.0,0.0,734.0,734.0,1050.0,449.0,1642.0,713.0
2.0,5262.0,2378.0,1521.0,0.0,3200.0,3200.0,1065.0,456.0,1642.0,736.0
2.0,2884.0,1671.0,1532.0,734.0,4181.0,4181.0,1072.0,460.0,1152.0,519.0
2.0,1947.0,896.0,1521.0,3200.0,1833.0,1833.0,1064.0,457.0,632.0,264.0
2.0,4251.0,840.0,1500.0,4181.0,0.0,0.0,1050.0,450.0,612.0,228.0
2.0,7592.0,1464.0,1490.0,1833.0,0.0,0.0,1044.0,446.0,1044.0,420.0
2.0,7961.0,2183.0,1503.0,0.0,234.0,234.0,1053.0,450.0,1522.0,661.0
2.0,5778.0,2190.0,1525.0,0.0,2512.0,2512.0,1068.0,457.0,1508.0,682.0
2.0,3588.0,1487.0,1538.0,234.0,3817.0,3817.0,1076.0,462.0,1022.0,465.0
2.0,2335.0,762.0,1528.0,2512.0,2027.0,2027.0,1069.0,459.0,540.0,222.0
2.0,4085.0,733.0,1506.0,3817.0,0.0,0.0,1054.0,452.0,539.0,194.0
2.0,7169.0,1497.0,1494.0,2027.0,0.0,0.0,1046.0,448.0,1067.0,430.0
2.0,7699.0,2288.0,1506.0,0.0,613.0,613.0,1055.0,451.0,1596.0,692.0
2.0,5411.0,2268.0,1528.0,0.0,2969.0,2969.0,1070.0,458.0,1563.0,705.0
2.0,3143.0,1540.0,1539.0,613.0,3940.0,3940.0,1077.0,462.0,1059.0,481.0
2.0,2216.0,839.0,1527.0,2969.0,1762.0,1762.0,1068.0,459.0,592.0,247.0
2.0,4346.0,954.0,1507.0,3940.0,0.0,0.0,1055.0,452.0,691.0,263.0
2.0,7332.0,1707.0,1499.0,1762.0,0.0,0.0,1050.0,449.0,1215.0,492.0
2.0,7387.0,2236.0,1513.0,0.0,901.0,901.0,1060.0,453.0,1562.0,674.0
2.0,5151.0,2050.0,1535.0,0.0,3039.0,3039.0,1075.0,460.0,1413.0,637.0
2.0,3101.0,1311.0,1544.0,901.0,3485.0,3485.0,1080.0,464.0,896.0,415.0
2.0,2691.0,690.0,1533.0,3039.0,1092.0,1092.0,1072.0,461.0,485.0,205.0
2.0,5040.0,849.0,1513.0,3485.0,0.0,0.0,1059.0,454.0,618.0,231.0
2.0,7676.0,1627.0,1503.0,1092.0,0.0,0.0,1053.0,450.0,1162.0,465.0
2.0,7141.0,2308.0,1516.0,0.0,1231.0,1231.0,1062.0,454.0,1616.0,692.0
2.0,4833.0,2180.0,1538.0,0.0,3499.0,3499.0,1077.0,461.0,1501.0,679.0
2.0,2653.0,1452.0,1549.0,1231.0,3764.0,3764.0,1084.0,465.0,992.0,460.0
2.0,2432.0,853.0,1538.0,3499.0,1074.0,1074.0,1076.0,462.0,598.0,255.0
2.0,5078.0,1080.0,1518.0,3764.0,0.0,0.0,1062.0,456.0,780.0,300.0
2.0,7762.0,1879.0,1509.0,1074.0,0.0,0.0,1057.0,452.0,1340.0,539.0
2.0,6957.0,2434.0,1523.0,0.0,1569.0,1569.0,1067.0,456.0,1706.0,728.0
2.0,4523.0,2051.0,1545.0,0.0,3708.0,3708.0,1082.0,463.0,1412.0,639.0
2.0,2472.0,1151.0,1553.0,1569.0,3322.0,3322.0,1087.0,466.0,781.0,370.0
2.0,2890.0,528.0,1541.0,3708.0,94.0,94.0,1078.0,463.0,369.0,159.0
2.0,6070.0,830.0,1517.0,3322.0,0.0,0.0,1062.0,455.0,604.0,226.0
2.0,8562.0,1738.0,1506.0,94.0,0.0,0.0,1055.0,451.0,1240.0,498.0
2.0,6918.0,2378.0,1520.0,0.0,1540.0,1540.0,1065.0,455.0,1665.0,713.0
2.0,4540.0,2217.0,1543.0,0.0,3849.0,3849.0,1081.0,462.0,1529.0,688.0
2.0,2323.0,1410.0,1554.0,1540.0,3763.0,3763.0,1087.0,467.0,965.0,445.0
2.0,2453.0,767.0,1541.0,3849.0,629.0,629.0,1078.0,463.0,538.0,229.0
2.0,5535.0,918.0,1517.0,3763.0,0.0,0.0,1062.0,455.0,666.0,252.0
2.0,8380.0,1779.0,1507.0,629.0,0.0,0.0,1056.0,451.0,1268.0,511.0
2.0,7230.0,2502.0,1523.0,0.0,1364.0,1364.0,1067.0,456.0,1749.0,753.0
2.0,4728.0,2262.0,1548.0,0.0,3726.0,3726.0,1084.0,464.0,1560.0,702.0
2.0,2466.0,1327.0,1559.0,1364.0,3733.0,3733.0,1091.0,468.0,908.0,419.0
2.0,2503.0,578.0,1544.0,3726.0,525.0,525.0,1080.0,464.0,407.0,171.0
2.0,5651.0,766.0,1519.0,3733.0,0.0,0.0,1063.0,456.0,560.0,206.0
2.0,8618.0,1686.0,1508.0,525.0,0.0,0.0,1056.0,452.0,1202.0,484.0
2.0,7457.0,2412.0,1526.0,0.0,1059.0,1059.0,1069.0,457.0,1685.0,727.0
2.0,5045.0,2309.0,1555.0,0.0,3484.0,3484.0,1089.0,466.0,1591.0,718.0
2.0,2736.0,1467.0,1569.0,1059.0,3948.0,3948.0,1098.0,471.0,1006.0,461.0
2.0,2328.0,711.0,1554.0,3484.0,1115.0,1115.0,1087.0,467.0,502.0,209.0
2.0,5101.0,826.0,1524.0,3948.0,0.0,0.0,1067.0,457.0,605.0,221.0
2.0,8223.0,1719.0,1512.0,1115.0,0.0,0.0,1059.0,453.0,1226.0,493.0
2.0,7619.0,2496.0,1527.0,0.0,985.0,985.0,1070.0,457.0,1743.0,753.0
2.0,5123.0,2390.0,1556.0,0.0,3491.0,3491.0,1090.0,466.0,1646.0,744.0
2.0,2733.0,1511.0,1569.0,985.0,4069.0,4069.0,1098.0,471.0,1035.0,476.0
2.0,2207.0,659.0,1554.0,3491.0,1177.0,1177.0,1087.0,467.0,466.0,193.0
2.0,5039.0,694.0,1525.0,4069.0,0.0,0.0,1067.0,458.0,513.0,181.0
2.0,8414.0,1574.0,1513.0,1177.0,0.0,0.0,1060.0,453.0,1123.0,451.0
2.0,8017.0,2388.0,1530.0,0.0,491.0,491.0,1072.0,458.0,1666.0,722.0
2.0,5629.0,2304.0,1560.0,0.0,2915.0,2915.0,1092.0,468.0,1587.0,717.0
2.0,3325.0,1420.0,1573.0,491.0,3896.0,3896.0,1101.0,472.0,974.0,446.0
2.0,2396.0,692.0,1558.0,2915.0,1613.0,1613.0,1090.0,468.0,489.0,203.0
2.0,4619.0,799.0,1529.0,3896.0,0.0,0.0,1070.0,459.0,584.0,215.0
2.0,7716.0,1654.0,1517.0,1613.0,0.0,0.0,1063.0,454.0,1179.0,475.0
2.0,7675.0,2456.0,1535.0,0.0,921.0,921.0,1076.0,459.0,1716.0,740.0
2.0,5219.0,2445.0,1566.0,0.0,3490.0,3490.0,1097.0,469.0,1686.0,759.0
2.0,2774.0,1655.0,1579.0,921.0,4276.0,4276.0,1105.0,474.0,1136.0,519.0
2.0,2040.0,871.0,1564.0,3490.0,1597.0,1597.0,1094.0,470.0,614.0,257.0
2.0,4659.0,856.0,1537.0,4276.0,0.0,0.0,1076.0,461.0,626.0,230.0
2.0,8079.0,1565.0,1528.0,1597.0,0.0,0.0,1070.0,458.0,1119.0,446.0
2.0,8111.0,2217.0,1544.0,0.0,282.0,282.0,1082.0,462.0,1549.0,668.0
2.0,5894.0,2157.0,1573.0,0.0,2555.0,2555.0,1102.0,471.0,1482.0,675.0
2.0,3737.0,1487.0,1585.0,282.0,3808.0,3808.0,1109.0,476.0,1017.0,470.0
2.0,2532.0,841.0,1570.0,2555.0,2034.0,2034.0,1098.0,472.0,594.0,247.0
2.0,4246.0,957.0,1544.0,3808.0,0.0,0.0,1081.0,463.0,698.0,259.0
2.0,7097.0,1717.0,1535.0,2034.0,0.0,0.0,1075.0,460.0,1226.0,491.0
2.0,7414.0,2412.0,1554.0,0.0,1214.0,1214.0,1089.0,465.0,1683.0,729.0
2.0,5002.0,2317.0,1582.0,0.0,3643.0,3643.0,1108.0,474.0,1594.0,723.0
2.0,2685.0,1564.0,1591.0,1214.0,4029.0,4029.0,1113.0,478.0,1071.0,493.0
2.0,2335.0,928.0,1573.0,3643.0,1242.0,1242.0,1100.0,473.0,655.0,273.0
2.0,5050.0,1011.0,1546.0,4029.0,0.0,0.0,1082.0,464.0,737.0,274.0
2.0,8068.0,1650.0,1538.0,1242.0,0.0,0.0,1077.0,461.0,1177.0,473.0
2.0,7660.0,2230.0,1559.0,0.0,806.0,806.0,1092.0,467.0,1555.0,675.0
2.0,5430.0,2101.0,1589.0,0.0,3027.0,3027.0,1113.0,476.0,1444.0,657.0
2.0,3329.0,1439.0,1601.0,806.0,3708.0,3708.0,1120.0,481.0,985.0,454.0
2.0,2696.0,897.0,1584.0,3027.0,1510.0,1510.0,1108.0,476.0,632.0,265.0
2.0,4826.0,1052.0,1559.0,3708.0,0.0,0.0,1091.0,468.0,764.0,288.0
2.0,7482.0,1752.0,1550.0,1510.0,0.0,0.0,1086.0,464.0,1251.0,501.0
2.0,7240.0,2239.0,1566.0,0.0,1263.0,1263.0,1097.0,469.0,1563.0,676.0
2.0,5001.0,2134.0,1592.0,0.0,3501.0,3501.0,1115.0,477.0,1463.0,671.0
2.0,2867.0,1500.0,1604.0,1263.0,3786.0,3786.0,1122.0,482.0,1025.0,475.0
2.0,2630.0,989.0,1588.0,3501.0,1210.0,1210.0,1111.0,477.0,698.0,291.0
2.0,5142.0,1159.0,1562.0,3786.0,0.0,0.0,1093.0,469.0,842.0,317.0
2.0,7769.0,1761.0,1553.0,1210.0,0.0,0.0,1088.0,465.0,1259.0,502.0
2.0,7218.0,2206.0,1570.0,0.0,1268.0,1268.0,1100.0,470.0,1537.0,669.0
2.0,5012.0,1981.0,1597.0,0.0,3357.0,3357.0,1118.0,479.0,1353.0,628.0
2.0,3031.0,1265.0,1606.0,1268.0,3390.0,3390.0,1124.0,482.0,859.0,406.0
2.0,3034.0,815.0,1590.0,3357.0,784.0,784.0,1112.0,478.0,579.0,236.0
2.0,5576.0,1067.0,1563.0,3390.0,0.0,0.0,1094.0,469.0,782.0,285.0
2.0,7899.0,1718.0,1552.0,784.0,0.0,0.0,1087.0,465.0,1231.0,487.0
2.0,6965.0,2188.0,1566.0,0.0,1487.0,1487.0,1097.0,469.0,1524.0,664.0
2.0,4777.0,2102.0,1593.0,0.0,3697.0,3697.0,1115.0,478.0,1434.0,668.0
2.0,2675.0,1548.0,1607.0,1487.0,3814.0,3814.0,1124.0,483.0,1055.0,493.0
2.0,2614.0,1089.0,1594.0,3697.0,1154.0,1154.0,1115.0,479.0,771.0,318.0
2.0,5222.0,1193.0,1569.0,3814.0,0.0,0.0,1098.0,471.0,874.0,319.0
2.0,7843.0,1822.0,1559.0,1154.0,0.0,0.0,1092.0,467.0,1304.0,518.0
2.0,7175.0,2279.0,1574.0,0.0,1400.0,1400.0,1103.0,471.0,1586.0,693.0
2.0,4896.0,2043.0,1600.0,0.0,3547.0,3547.0,1120.0,480.0,1392.0,651.0
2.0,2853.0,1339.0,1612.0,1400.0,3534.0,3534.0,1128.0,484.0,907.0,432.0
2.0,2914.0,779.0,1597.0,3547.0,706.0,706.0,1117.0,480.0,555.0,224.0
2.0,5682.0,1018.0,1570.0,3534.0,0.0,0.0,1099.0,471.0,751.0,267.0
2.0,8198.0,1737.0,1560.0,706.0,0.0,0.0,1093.0,467.0,1245.0,492.0
2.0,7167.0,2226.0,1576.0,0.0,1363.0,1363.0,1104.0,472.0,1549.0,677.0
2.0,4941.0,2040.0,1601.0,0.0,3503.0,3503.0,1121.0,480.0,1390.0,650.0
2.0,2901.0,1465.0,1614.0,1363.0,3657.0,3657.0,1129.0,485.0,999.0,466.0
2.0,2799.0,1071.0,1603.0,3503.0,1181.0,1181.0,1121.0,482.0,760.0,311.0
2.0,5231.0,1271.0,1580.0,3657.0,0.0,0.0,1106.0,474.0,928.0,343.0
2.0,7617.0,1899.0,1570.0,1181.0,0.0,0.0,1100.0,470.0,1355.0,544.0
2.0,6899.0,2325.0,1583.0,0.0,1758.0,1758.0,1109.0,474.0,1616.0,709.0
2.0,4574.0,2133.0,1607.0,0.0,3987.0,3987.0,1125.0,482.0,1456.0,677.0
2.0,2441.0,1443.0,1618.0,1758.0,3716.0,3716.0,1132.0,486.0,986.0,457.0
2.0,2756.0,893.0,1605.0,3987.0,570.0,570.0,1123.0,482.0,638.0,255.0
2.0,5850.0,943.0,1580.0,3716.0,0.0,0.0,1106.0,474.0,696.0,247.0
2.0,8623.0,1564.0,1569.0,570.0,0.0,0.0,1099.0,470.0,1119.0,445.0
2.0,7629.0,2101.0,1581.0,0.0,796.0,796.0,1108.0,473.0,1458.0,643.0
2.0,5528.0,2055.0,1604.0,0.0,2943.0,2943.0,1123.0,481.0,1402.0,653.0
2.0,3473.0,1495.0,1615.0,796.0,3686.0,3686.0,1130.0,485.0,1022.0,473.0
2.0,2774.0,1075.0,1603.0,2943.0,1770.0,1770.0,1121.0,482.0,766.0,309.0
2.0,4642.0,1207.0,1579.0,3686.0,0.0,0.0,1105.0,474.0,883.0,324.0
2.0,7121.0,1803.0,1569.0,1770.0,0.0,0.0,1099.0,470.0,1287.0,516.0
2.0,7088.0,2283.0,1583.0,0.0,1527.0,1527.0,1109.0,474.0,1586.0,697.0
2.0,4805.0,2174.0,1607.0,0.0,3797.0,3797.0,1125.0,482.0,1485.0,689.0
2.0,2631.0,1572.0,1618.0,1527.0,3886.0,3886.0,1132.0,486.0,1076.0,496.0
2.0,2586.0,997.0,1606.0,3797.0,1038.0,1038.0,1123.0,483.0,709.0,288.0
2.0,5386.0,1042.0,1583.0,3886.0,0.0,0.0,1108.0,475.0,765.0,277.0
2.0,8230.0,1609.0,1573.0,1038.0,0.0,0.0,1102.0,471.0,1152.0,457.0
2.0,7659.0,2108.0,1586.0,0.0,793.0,793.0,1111.0,475.0,1465.0,643.0
2.0,5551.0,2119.0,1609.0,0.0,3004.0,3004.0,1127.0,482.0,1448.0,671.0
2.0,3432.0,1605.0,1620.0,793.0,3860.0,3860.0,1133.0,487.0,1099.0,506.0
2.0,2620.0,1103.0,1607.0,3004.0,1907.0,1907.0,1124.0,483.0,784.0,319.0
2.0,4521.0,1110.0,1586.0,3860.0,0.0,0.0,1110.0,476.0,812.0,298.0
2.0,7271.0,1698.0,1577.0,1907.0,0.0,0.0,1105.0,472.0,1212.0,486.0
2.0,7480.0,2240.0,1591.0,0.0,1124.0,1124.0,1115.0,476.0,1558.0,682.0
2.0,5240.0,2261.0,1616.0,0.0,3485.0,3485.0,1132.0,484.0,1548.0,713.0
2.0,2979.0,1706.0,1627.0,1124.0,4111.0,4111.0,1138.0,489.0,1170.0,536.0
2.0,2397.0,1060.0,1613.0,3485.0,1630.0,1630.0,1128.0,485.0,754.0,306.0
2.0,4822.0,999.0,1590.0,4111.0,0.0,0.0,1113.0,477.0,736.0,263.0
2.0,7934.0,1598.0,1583.0,1630.0,0.0,0.0,1109.0,474.0,1143.0,455.0
2.0,7966.0,2182.0,1601.0,0.0,620.0,620.0,1122.0,479.0,1516.0,666.0
2.0,5784.0,2188.0,1627.0,0.0,2912.0,2912.0,1139.0,488.0,1494.0,694.0
2.0,3596.0,1553.0,1636.0,620.0,3881.0,3881.0,1144.0,492.0,1061.0,492.0
2.0,2663.0,1005.0,1623.0,2912.0,1922.0,1922.0,1135.0,488.0,715.0,290.0
2.0,4570.0,1108.0,1602.0,3881.0,0.0,0.0,1121.0,481.0,813.0,295.0
2.0,7343.0,1770.0,1596.0,1922.0,0.0,0.0,1118.0,478.0,1265.0,505.0
2.0,7495.0,2406.0,1612.0,0.0,1359.0,1359.0,1130.0,482.0,1675.0,731.0
2.0,5089.0,2334.0,1635.0,0.0,3785.0,3785.0,1145.0,490.0,1596.0,738.0
2.0,2755.0,1592.0,1644.0,1359.0,4054.0,4054.0,1150.0,494.0,1087.0,505.0
2.0,2522.0,910.0,1626.0,3785.0,1107.0,1107.0,1137.0,489.0,649.0,261.0
2.0,5397.0,1077.0,1603.0,4054.0,0.0,0.0,1122.0,481.0,792.0,285.0
2.0,8374.0,1845.0,1599.0,1107.0,0.0,0.0,1120.0,479.0,1316.0,529.0
2.0,7636.0,2403.0,1619.0,0.0,1243.0,1243.0,1135.0,484.0,1670.0,733.0
2.0,5233.0,2149.0,1645.0,0.0,3496.0,3496.0,1152.0,493.0,1470.0,679.0
2.0,3084.0,1331.0,1652.0,1243.0,3612.0,3612.0,1156.0,496.0,910.0,421.0
2.0,2996.0,770.0,1633.0,3496.0,810.0,810.0,1142.0,491.0,550.0,220.0
2.0,5722.0,1055.0,1610.0,3612.0,0.0,0.0,1127.0,483.0,770.0,285.0
2.0,8279.0,1896.0,1607.0,810.0,0.0,0.0,1126.0,481.0,1349.0,547.0
2.0,7193.0,2489.0,1627.0,0.0,1804.0,1804.0,1140.0,487.0,1733.0,756.0
2.0,4704.0,2260.0,1651.0,0.0,4160.0,4160.0,1156.0,495.0,1551.0,709.0
2.0,2444.0,1437.0,1654.0,1804.0,3805.0,3805.0,1157.0,497.0,984.0,453.0
2.0,2811.0,818.0,1633.0,4160.0,379.0,379.0,1142.0,491.0,582.0,236.0
2.0,6153.0,1078.0,1609.0,3805.0,0.0,0.0,1126.0,483.0,786.0,292.0
2.0,8880.0,1934.0,1604.0,379.0,0.0,0.0,1124.0,480.0,1375.0,559.0
2.0,7325.0,2500.0,1625.0,0.0,1675.0,1675.0,1139.0,486.0,1741.0,759.0
2.0,4825.0,2217.0,1651.0,0.0,3996.0,3996.0,1156.0,495.0,1522.0,695.0
2.0,2608.0,1340.0,1658.0,1675.0,3689.0,3689.0,1160.0,498.0,917.0,423.0
2.0,2943.0,700.0,1641.0,3996.0,325.0,325.0,1148.0,493.0,500.0,200.0
2.0,6239.0,908.0,1619.0,3689.0,0.0,0.0,1133.0,486.0,668.0,240.0
2.0,9020.0,1830.0,1614.0,325.0,0.0,0.0,1131.0,483.0,1302.0,528.0
2.0,7515.0,2519.0,1634.0,0.0,1540.0,1540.0,1145.0,489.0,1753.0,766.0
2.0,4996.0,2410.0,1660.0,0.0,4054.0,4054.0,1162.0,498.0,1654.0,756.0
2.0,2586.0,1594.0,1667.0,1540.0,4136.0,4136.0,1166.0,501.0,1094.0,500.0
2.0,2532.0,834.0,1649.0,4054.0,844.0,844.0,1153.0,496.0,594.0,240.0
2.0,5752.0,944.0,1623.0,4136.0,0.0,0.0,1136.0,487.0,694.0,250.0
2.0,8944.0,1805.0,1616.0,844.0,0.0,0.0,1132.0,484.0,1287.0,518.0
2.0,7983.0,2501.0,1634.0,0.0,1054.0,1054.0,1145.0,489.0,1740.0,761.0
2.0,5482.0,2325.0,1659.0,0.0,3479.0,3479.0,1162.0,497.0,1595.0,730.0
2.0,3157.0,1447.0,1667.0,1054.0,3904.0,3904.0,1166.0,501.0,991.0,456.0
2.0,2764.0,761.0,1650.0,3479.0,1118.0,1118.0,1154.0,496.0,542.0,219.0
2.0,5482.0,871.0,1627.0,3904.0,0.0,0.0,1139.0,488.0,641.0,230.0
2.0,8515.0,1721.0,1619.0,1118.0,0.0,0.0,1134.0,485.0,1227.0,494.0
2.0,7912.0,2376.0,1634.0,0.0,1000.0,1000.0,1145.0,489.0,1656.0,720.0
2.0,5536.0,2344.0,1658.0,0.0,3440.0,3440.0,1161.0,497.0,1610.0,734.0
2.0,3192.0,1669.0,1668.0,1000.0,4149.0,4149.0,1167.0,501.0,1146.0,523.0
2.0,2523.0,988.0,1655.0,3440.0,1645.0,1645.0,1158.0,497.0,700.0,288.0
2.0,4975.0,1103.0,1633.0,4149.0,0.0,0.0,1143.0,490.0,801.0,302.0
2.0,8021.0,1863.0,1626.0,1645.0,0.0,0.0,1139.0,487.0,1326.0,537.0
2.0,7803.0,2483.0,1641.0,0.0,1244.0,1244.0,1150.0,491.0,1731.0,752.0
2.0,5320.0,2356.0,1665.0,0.0,3696.0,3696.0,1166.0,499.0,1620.0,736.0
2.0,2964.0,1650.0,1678.0,1244.0,4154.0,4154.0,1174.0,504.0,1133.0,517.0
2.0,2558.0,958.0,1666.0,3696.0,1368.0,1368.0,1165.0,501.0,678.0,280.0
2.0,5296.0,916.0,1642.0,4154.0,0.0,0.0,1149.0,493.0,671.0,245.0
2.0,8534.0,1554.0,1629.0,1368.0,0.0,0.0,1141.0,488.0,1110.0,444.0
2.0,8348.0,2265.0,1643.0,0.0,489.0,489.0,1151.0,492.0,1579.0,686.0
2.0,6083.0,2325.0,1668.0,0.0,2914.0,2914.0,1168.0,500.0,1599.0,726.0
2.0,3758.0,1685.0,1679.0,489.0,4154.0,4154.0,1175.0,504.0,1158.0,527.0
2.0,2562.0,1023.0,1664.0,2914.0,2203.0,2203.0,1164.0,500.0,723.0,300.0
2.0,4453.0,989.0,1638.0,4154.0,0.0,0.0,1146.0,492.0,720.0,269.0
2.0,7618.0,1680.0,1625.0,2203.0,0.0,0.0,1138.0,487.0,1197.0,483.0
2.0,8141.0,2442.0,1641.0,0.0,865.0,865.0,1150.0,491.0,1704.0,738.0
2.0,5699.0,2517.0,1672.0,0.0,3506.0,3506.0,1171.0,501.0,1734.0,783.0
2.0,3182.0,1841.0,1687.0,865.0,4542.0,4542.0,1180.0,507.0,1266.0,575.0
2.0,2206.0,945.0,1670.0,3506.0,1913.0,1913.0,1168.0,502.0,667.0,278.0
2.0,4767.0,775.0,1639.0,4542.0,0.0,0.0,1147.0,492.0,571.0,204.0
2.0,8534.0,1527.0,1626.0,1913.0,0.0,0.0,1139.0,487.0,1094.0,433.0
2.0,8920.0,2376.0,1647.0,0.0,44.0,44.0,1154.0,493.0,1657.0,719.0
2.0,6544.0,2506.0,1680.0,0.0,2682.0,2682.0,1176.0,504.0,1724.0,782.0
2.0,4038.0,1733.0,1692.0,44.0,4419.0,4419.0,1184.0,508.0,1189.0,544.0
2.0,2349.0,844.0,1673.0,2682.0,2505.0,2505.0,1170.0,503.0,597.0,247.0
2.0,4187.0,768.0,1639.0,4419.0,0.0,0.0,1147.0,492.0,568.0,200.0
2.0,7838.0,1633.0,1627.0,2505.0,0.0,0.0,1140.0,487.0,1169.0,464.0
2.0,8710.0,2580.0,1650.0,0.0,470.0,470.0,1156.0,494.0,1799.0,781.0
2.0,6130.0,2665.0,1685.0,0.0,3275.0,3275.0,1180.0,505.0,1834.0,831.0
2.0,3465.0,1824.0,1699.0,470.0,4685.0,4685.0,1189.0,510.0,1254.0,570.0
2.0,2111.0,863.0,1678.0,3275.0,2189.0,2189.0,1174.0,504.0,613.0,250.0
2.0,4523.0,746.0,1645.0,4685.0,0.0,0.0,1151.0,494.0,552.0,194.0
2.0,8462.0,1526.0,1632.0,2189.0,0.0,0.0,1143.0,489.0,1089.0,437.0
2.0,9125.0,2388.0,1651.0,0.0,0.0,0.0,1157.0,494.0,1663.0,725.0
2.0,6737.0,2456.0,1685.0,0.0,2459.0,2459.0,1180.0,505.0,1690.0,766.0
2.0,4281.0,1688.0,1701.0,0.0,4211.0,4211.0,1190.0,511.0,1162.0,526.0
2.0,2593.0,867.0,1683.0,2459.0,2547.0,2547.0,1177.0,506.0,617.0,250.0
2.0,4185.0,821.0,1649.0,4211.0,0.0,0.0,1154.0,495.0,603.0,218.0
2.0,7575.0,1712.0,1636.0,2547.0,0.0,0.0,1146.0,490.0,1218.0,494.0
2.0,8410.0,2640.0,1656.0,0.0,854.0,854.0,1160.0,496.0,1839.0,801.0
2.0,5770.0,2677.0,1691.0,0.0,3671.0,3671.0,1184.0,507.0,1844.0,833.0
2.0,3093.0,1823.0,1708.0,854.0,4708.0,4708.0,1195.0,513.0,1258.0,565.0
2.0,2124.0,928.0,1691.0,3671.0,1897.0,1897.0,1183.0,508.0,663.0,265.0
2.0,4867.0,856.0,1660.0,4708.0,0.0,0.0,1162.0,498.0,629.0,227.0
2.0,8719.0,1703.0,1648.0,1897.0,0.0,0.0,1154.0,494.0,1208.0,495.0
2.0,8913.0,2511.0,1669.0,0.0,274.0,274.0,1169.0,500.0,1744.0,767.0
2.0,6402.0,2434.0,1701.0,0.0,2836.0,2836.0,1191.0,510.0,1674.0,760.0
2.0,3968.0,1584.0,1714.0,274.0,4198.0,4198.0,1199.0,515.0,1092.0,492.0
2.0,2658.0,744.0,1696.0,2836.0,2034.0,2034.0,1186.0,510.0,533.0,211.0
2.0,4750.0,853.0,1666.0,4198.0,0.0,0.0,1166.0,500.0,629.0,224.0
2.0,8095.0,1780.0,1656.0,2034.0,0.0,0.0,1160.0,496.0,1266.0,514.0
2.0,8349.0,2632.0,1674.0,0.0,979.0,979.0,1173.0,501.0,1831.0,801.0
2.0,5717.0,2614.0,1705.0,0.0,3717.0,3717.0,1194.0,511.0,1798.0,816.0
2.0,3103.0,1716.0,1717.0,979.0,4502.0,4502.0,1201.0,516.0,1180.0,536.0
2.0,2366.0,860.0,1698.0,3717.0,1569.0,1569.0,1188.0,510.0,613.0,247.0
2.0,5223.0,921.0,1667.0,4502.0,0.0,0.0,1167.0,500.0,678.0,243.0
2.0,8804.0,1745.0,1656.0,1569.0,0.0,0.0,1160.0,496.0,1243.0,502.0
2.0,8628.0,2585.0,1674.0,0.0,653.0,653.0,1173.0,501.0,1798.0,787.0
2.0,6043.0,2466.0,1703.0,0.0,3235.0,3235.0,1192.0,511.0,1693.0,773.0
2.0,3577.0,1537.0,1715.0,653.0,4167.0,4167.0,1200.0,515.0,1054.0,483.0
2.0,2693.0,722.0,1698.0,3235.0,1586.0,1586.0,1188.0,510.0,518.0,204.0
2.0,5206.0,832.0,1671.0,4167.0,0.0,0.0,1170.0,501.0,617.0,215.0
2.0,8541.0,1784.0,1661.0,1586.0,0.0,0.0,1164.0,497.0,1269.0,515.0
2.0,8343.0,2636.0,1679.0,0.0,1009.0,1009.0,1176.0,503.0,1832.0,804.0
2.0,5707.0,2498.0,1708.0,0.0,3623.0,3623.0,1196.0,512.0,1715.0,783.0
2.0,3209.0,1537.0,1718.0,1009.0,4191.0,4191.0,1202.0,516.0,1056.0,481.0
2.0,2681.0,772.0,1701.0,3623.0,1272.0,1272.0,1190.0,511.0,554.0,218.0
2.0,5532.0,982.0,1673.0,4191.0,0.0,0.0,1171.0,502.0,721.0,261.0
2.0,8741.0,1997.0,1663.0,1272.0,0.0,0.0,1165.0,498.0,1419.0,578.0
2.0,8016.0,2808.0,1681.0,0.0,1516.0,1516.0,1178.0,503.0,1953.0,855.0
2.0,5208.0,2557.0,1712.0,0.0,4197.0,4197.0,1199.0,513.0,1756.0,801.0
2.0,2651.0,1403.0,1724.0,1516.0,4132.0,4132.0,1206.0,518.0,960.0,443.0
2.0,2764.0,493.0,1704.0,4197.0,348.0,348.0,1192.0,512.0,357.0,136.0
2.0,6468.0,674.0,1672.0,4132.0,0.0,0.0,1170.0,502.0,505.0,169.0
2.0,9926.0,1849.0,1659.0,348.0,0.0,0.0,1162.0,497.0,1317.0,532.0
2.0,8425.0,2801.0,1680.0,0.0,1096.0,1096.0,1177.0,503.0,1950.0,851.0
2.0,5624.0,2660.0,1715.0,0.0,3896.0,3896.0,1201.0,514.0,1830.0,830.0
2.0,2964.0,1597.0,1731.0,1096.0,4461.0,4461.0,1211.0,520.0,1095.0,502.0
2.0,2463.0,696.0,1713.0,3896.0,1189.0,1189.0,1198.0,515.0,498.0,198.0
2.0,5663.0,883.0,1680.0,4461.0,0.0,0.0,1176.0,504.0,653.0,230.0
2.0,9241.0,1912.0,1666.0,1189.0,0.0,0.0,1167.0,499.0,1363.0,549.0
2.0,8518.0,2756.0,1683.0,0.0,970.0,970.0,1179.0,504.0,1919.0,837.0
2.0,5762.0,2598.0,1717.0,0.0,3704.0,3704.0,1202.0,515.0,1781.0,817.0
2.0,3164.0,1543.0,1732.0,970.0,4337.0,4337.0,1212.0,520.0,1053.0,490.0
2.0,2591.0,612.0,1714.0,3704.0,1173.0,1173.0,1199.0,515.0,440.0,172.0
2.0,5683.0,704.0,1682.0,4337.0,0.0,0.0,1177.0,505.0,532.0,172.0
2.0,9316.0,1764.0,1668.0,1173.0,0.0,0.0,1169.0,499.0,1264.0,500.0
2.0,8725.0,2717.0,1688.0,0.0,744.0,744.0,1183.0,505.0,1889.0,828.0
2.0,6008.0,2580.0,1721.0,0.0,3456.0,3456.0,1205.0,516.0,1764.0,816.0
2.0,3428.0,1557.0,1736.0,744.0,4329.0,4329.0,1214.0,522.0,1062.0,495.0
2.0,2615.0,669.0,1716.0,3456.0,1462.0,1462.0,1200.0,516.0,481.0,188.0
2.0,5402.0,848.0,1681.0,4329.0,0.0,0.0,1177.0,504.0,637.0,211.0
2.0,8883.0,1960.0,1667.0,1462.0,0.0,0.0,1168.0,499.0,1401.0,559.0
2.0,8385.0,2869.0,1687.0,0.0,1232.0,1232.0,1182.0,505.0,1993.0,876.0
2.0,5516.0,2683.0,1721.0,0.0,4051.0,4051.0,1205.0,516.0,1834.0,849.0
2.0,2833.0,1554.0,1734.0,1232.0,4425.0,4425.0,1213.0,521.0,1059.0,495.0
2.0,2511.0,587.0,1713.0,4051.0,877.0,877.0,1198.0,515.0,429.0,158.0
2.0,5975.0,720.0,1678.0,4425.0,0.0,0.0,1175.0,503.0,551.0,169.0
2.0,9680.0,1798.0,1667.0,877.0,0.0,0.0,1168.0,499.0,1285.0,513.0
2.0,8759.0,2783.0,1690.0,0.0,784.0,784.0,1184.0,506.0,1929.0,854.0
2.0,5976.0,2637.0,1726.0,0.0,3565.0,3565.0,1208.0,518.0,1802.0,835.0
2.0,3339.0,1493.0,1738.0,784.0,4322.0,4322.0,1216.0,522.0,1019.0,474.0
2.0,2630.0,554.0,1714.0,3565.0,1215.0,1215.0,1199.0,515.0,407.0,147.0
2.0,5641.0,751.0,1678.0,4322.0,0.0,0.0,1175.0,503.0,570.0,181.0
2.0,9212.0,1971.0,1666.0,1215.0,0.0,0.0,1167.0,499.0,1406.0,565.0
2.0,8456.0,3023.0,1691.0,0.0,1331.0,1331.0,1185.0,506.0,2099.0,924.0
2.0,5433.0,2827.0,1728.0,0.0,4306.0,4306.0,1210.0,518.0,1933.0,894.0
2.0,2606.0,1619.0,1743.0,1331.0,4654.0,4654.0,1219.0,524.0,1105.0,514.0
2.0,2318.0,553.0,1720.0,4306.0,809.0,809.0,1203.0,517.0,406.0,147.0
2.0,6071.0,687.0,1683.0,4654.0,0.0,0.0,1178.0,505.0,528.0,159.0
2.0,10038.0,1859.0,1671.0,809.0,0.0,0.0,1171.0,500.0,1328.0,531.0
2.0,8988.0,2940.0,1698.0,0.0,744.0,744.0,1190.0,508.0,2040.0,900.0
2.0,6048.0,2748.0,1737.0,0.0,3648.0,3648.0,1216.0,521.0,1879.0,869.0
2.0,3300.0,1504.0,1750.0,744.0,4460.0,4460.0,1224.0,526.0,1025.0,479.0
2.0,2540.0,476.0,1725.0,3648.0,1188.0,1188.0,1206.0,519.0,350.0,126.0
2.0,5712.0,690.0,1687.0,4460.0,0.0,0.0,1181.0,506.0,529.0,161.0
2.0,9482.0,1945.0,1677.0,1188.0,0.0,0.0,1175.0,502.0,1389.0,556.0
2.0,8725.0,3052.0,1707.0,0.0,1155.0,1155.0,1196.0,511.0,2119.0,933.0
2.0,5673.0,2957.0,1748.0,0.0,4276.0,4276.0,1224.0,524.0,2025.0,932.0
2.0,2716.0,1736.0,1763.0,1155.0,4917.0,4917.0,1233.0,530.0,1189.0,547.0
2.0,2135.0,571.0,1736.0,4276.0,1104.0,1104.0,1214.0,522.0,419.0,152.0
2.0,5840.0,639.0,1694.0,4917.0,0.0,0.0,1186.0,508.0,493.0,146.0
2.0,10118.0,1812.0,1679.0,1104.0,0.0,0.0,1177.0,502.0,1295.0,517.0
2.0,9410.0,2917.0,1708.0,0.0,339.0,339.0,1197.0,511.0,2021.0,896.0
2.0,6493.0,2775.0,1752.0,0.0,3290.0,3290.0,1227.0,525.0,1896.0,879.0
2.0,3718.0,1495.0,1768.0,339.0,4510.0,4510.0,1237.0,531.0,1021.0,474.0
2.0,2562.0,353.0,1739.0,3290.0,1457.0,1457.0,1216.0,523.0,268.0,85.0
2.0,5499.0,524.0,1695.0,4510.0,0.0,0.0,1187.0,508.0,413.0,111.0
2.0,9485.0,1877.0,1680.0,1457.0,0.0,0.0,1177.0,503.0,1339.0,538.0
2.0,9065.0,3101.0,1710.0,0.0,876.0,876.0,1198.0,512.0,2151.0,950.0
2.0,5964.0,2995.0,1754.0,0.0,4047.0,4047.0,1228.0,526.0,2049.0,946.0
2.0,2969.0,1698.0,1769.0,876.0,4929.0,4929.0,1237.0,532.0,1161.0,537.0
2.0,2147.0,496.0,1742.0,4047.0,1270.0,1270.0,1218.0,524.0,368.0,128.0
2.0,5698.0,535.0,1699.0,4929.0,0.0,0.0,1189.0,510.0,423.0,112.0
2.0,10092.0,1780.0,1684.0,1270.0,0.0,0.0,1180.0,504.0,1274.0,506.0
2.0,9582.0,2978.0,1711.0,0.0,240.0,240.0,1199.0,512.0,2064.0,914.0
2.0,6604.0,2887.0,1755.0,0.0,3303.0,3303.0,1229.0,526.0,1974.0,913.0
2.0,3717.0,1609.0,1772.0,240.0,4740.0,4740.0,1239.0,533.0,1097.0,512.0
2.0,2348.0,381.0,1746.0,3303.0,1714.0,1714.0,1221.0,525.0,284.0,97.0
2.0,5270.0,481.0,1703.0,4740.0,0.0,0.0,1192.0,511.0,385.0,96.0
2.0,9529.0,1829.0,1688.0,1714.0,0.0,0.0,1183.0,505.0,1310.0,519.0
2.0,9414.0,3049.0,1717.0,0.0,503.0,503.0,1203.0,514.0,2116.0,933.0
2.0,6365.0,2882.0,1759.0,0.0,3553.0,3553.0,1232.0,527.0,1972.0,910.0
2.0,3483.0,1591.0,1773.0,503.0,4697.0,4697.0,1240.0,533.0,1084.0,507.0
2.0,2395.0,524.0,1746.0,3553.0,1560.0,1560.0,1221.0,525.0,384.0,140.0
2.0,5424.0,790.0,1706.0,4697.0,0.0,0.0,1194.0,512.0,601.0,189.0
2.0,9331.0,2108.0,1695.0,1560.0,0.0,0.0,1188.0,507.0,1505.0,603.0
2.0,8783.0,3148.0,1726.0,0.0,1269.0,1269.0,1210.0,516.0,2186.0,962.0
2.0,5635.0,2787.0,1768.0,0.0,4224.0,4224.0,1238.0,530.0,1904.0,883.0
2.0,2848.0,1385.0,1780.0,1269.0,4388.0,4388.0,1245.0,535.0,939.0,446.0
2.0,2732.0,326.0,1752.0,4224.0,378.0,378.0,1225.0,527.0,246.0,80.0
2.0,6630.0,587.0,1710.0,4388.0,0.0,0.0,1197.0,513.0,458.0,129.0
2.0,10431.0,1966.0,1697.0,378.0,0.0,0.0,1189.0,508.0,1407.0,559.0
2.0,8843.0,3109.0,1728.0,0.0,1178.0,1178.0,1211.0,517.0,2161.0,948.0
2.0,5734.0,2853.0,1773.0,0.0,4211.0,4211.0,1241.0,532.0,1948.0,905.0
2.0,2881.0,1476.0,1786.0,1178.0,4561.0,4561.0,1249.0,537.0,1001.0,475.0
2.0,2583.0,406.0,1756.0,4211.0,636.0,636.0,1228.0,528.0,301.0,105.0
2.0,6388.0,733.0,1713.0,4561.0,0.0,0.0,1199.0,514.0,562.0,171.0
2.0,10216.0,2147.0,1699.0,636.0,0.0,0.0,1191.0,508.0,1535.0,612.0
2.0,8705.0,3261.0,1731.0,0.0,1480.0,1480.0,1213.0,518.0,2267.0,994.0
2.0,5444.0,2935.0,1777.0,0.0,4599.0,4599.0,1244.0,533.0,2005.0,930.0
2.0,2509.0,1442.0,1792.0,1480.0,4621.0,4621.0,1253.0,539.0,976.0,466.0
2.0,2547.0,237.0,1760.0,4599.0,131.0,131.0,1231.0,529.0,182.0,55.0
2.0,6909.0,520.0,1713.0,4621.0,0.0,0.0,1199.0,514.0,414.0,106.0
2.0,11010.0,1981.0,1698.0,131.0,0.0,0.0,1190.0,508.0,1421.0,560.0
2.0,9160.0,3145.0,1731.0,0.0,909.0,909.0,1213.0,518.0,2186.0,959.0
2.0,6015.0,2895.0,1777.0,0.0,3988.0,3988.0,1244.0,533.0,1977.0,918.0
2.0,3120.0,1421.0,1790.0,909.0,4552.0,4552.0,1252.0,538.0,964.0,457.0
2.0,2608.0,310.0,1759.0,3988.0,750.0,750.0,1230.0,529.0,233.0,77.0
2.0,6286.0,684.0,1714.0,4552.0,0.0,0.0,1200.0,514.0,526.0,158.0
2.0,10154.0,2214.0,1700.0,750.0,0.0,0.0,1191.0,509.0,1581.0,633.0
2.0,8690.0,3401.0,1732.0,0.0,1639.0,1639.0,1214.0,518.0,2366.0,1035.0
2.0,5289.0,3049.0,1779.0,0.0,4876.0,4876.0,1246.0,533.0,2090.0,959.0
2.0,2240.0,1482.0,1796.0,1639.0,4787.0,4787.0,1256.0,540.0,1005.0,477.0
2.0,2397.0,238.0,1765.0,4876.0,25.0,25.0,1234.0,531.0,180.0,58.0
2.0,7035.0,554.0,1720.0,4787.0,0.0,0.0,1204.0,516.0,435.0,119.0
2.0,11268.0,2088.0,1707.0,25.0,0.0,0.0,1196.0,511.0,1494.0,594.0
2.0,9205.0,3215.0,1739.0,0.0,966.0,966.0,1219.0,520.0,2237.0,978.0
2.0,5990.0,2862.0,1788.0,0.0,4024.0,4024.0,1252.0,536.0,1956.0,906.0
2.0,3128.0,1391.0,1805.0,966.0,4517.0,4517.0,1262.0,543.0,941.0,450.0
2.0,2703.0,267.0,1773.0,4024.0,632.0,632.0,1240.0,533.0,202.0,65.0
2.0,6460.0,639.0,1726.0,4517.0,0.0,0.0,1208.0,518.0,495.0,144.0
2.0,10338.0,2173.0,1711.0,632.0,0.0,0.0,1199.0,512.0,1555.0,618.0
2.0,8797.0,3378.0,1743.0,0.0,1553.0,1553.0,1222.0,521.0,2348.0,1030.0
2.0,5419.0,3047.0,1792.0,0.0,4796.0,4796.0,1255.0,537.0,2084.0,963.0
2.0,2372.0,1487.0,1810.0,1553.0,4802.0,4802.0,1266.0,544.0,1010.0,477.0
2.0,2438.0,269.0,1781.0,4796.0,159.0,159.0,1245.0,536.0,205.0,64.0
2.0,6965.0,576.0,1735.0,4802.0,0.0,0.0,1214.0,521.0,452.0,124.0
2.0,11191.0,2056.0,1719.0,159.0,0.0,0.0,1205.0,514.0,1470.0,586.0
2.0,9294.0,3235.0,1750.0,0.0,941.0,941.0,1227.0,523.0,2247.0,988.0
2.0,6059.0,2913.0,1799.0,0.0,4050.0,4050.0,1260.0,539.0,1992.0,921.0
2.0,3146.0,1423.0,1817.0,941.0,4604.0,4604.0,1271.0,546.0,968.0,455.0
2.0,2664.0,295.0,1788.0,4050.0,733.0,733.0,1250.0,538.0,224.0,71.0
2.0,6419.0,624.0,1741.0,4604.0,0.0,0.0,1219.0,522.0,483.0,141.0
2.0,10399.0,2101.0,1725.0,733.0,0.0,0.0,1209.0,516.0,1499.0,602.0
2.0,9031.0,3348.0,1759.0,0.0,1353.0,1353.0,1233.0,526.0,2327.0,1021.0
2.0,5683.0,3064.0,1808.0,0.0,4613.0,4613.0,1266.0,542.0,2100.0,964.0
2.0,2619.0,1583.0,1824.0,1353.0,4907.0,4907.0,1276.0,548.0,1080.0,503.0
2.0,2389.0,364.0,1790.0,4613.0,522.0,522.0,1252.0,538.0,273.0,91.0
2.0,6638.0,545.0,1740.0,4907.0,0.0,0.0,1218.0,522.0,427.0,118.0
2.0,11000.0,2036.0,1725.0,522.0,0.0,0.0,1209.0,516.0,1451.0,585.0
2.0,9486.0,3328.0,1763.0,0.0,894.0,894.0,1236.0,527.0,2311.0,1017.0
2.0,6158.0,3060.0,1815.0,0.0,4162.0,4162.0,1271.0,544.0,2099.0,961.0
2.0,3098.0,1468.0,1833.0,894.0,4808.0,4808.0,1282.0,551.0,1002.0,466.0
2.0,2524.0,108.0,1797.0,4162.0,610.0,610.0,1257.0,540.0,93.0,15.0
2.0,6578.0,347.0,1743.0,4808.0,0.0,0.0,1220.0,523.0,286.0,61.0
2.0,11039.0,1989.0,1727.0,610.0,0.0,0.0,1210.0,517.0,1418.0,571.0
2.0,9660.0,3437.0,1765.0,0.0,837.0,837.0,1237.0,528.0,2390.0,1047.0
2.0,6223.0,3287.0,1821.0,0.0,4348.0,4348.0,1275.0,546.0,2258.0,1029.0
2.0,2936.0,1635.0,1837.0,837.0,5210.0,5210.0,1285.0,552.0,1118.0,517.0
2.0,2138.0,179.0,1800.0,4348.0,893.0,893.0,1259.0,541.0,142.0,37.0
2.0,6307.0,407.0,1745.0,5210.0,0.0,0.0,1221.0,524.0,328.0,79.0
2.0,11110.0,2060.0,1728.0,893.0,0.0,0.0,1211.0,517.0,1469.0,591.0
2.0,9943.0,3487.0,1767.0,0.0,612.0,612.0,1239.0,528.0,2426.0,1061.0
2.0,6456.0,3185.0,1824.0,0.0,4025.0,4025.0,1277.0,547.0,2188.0,997.0
2.0,3271.0,1443.0,1841.0,612.0,4924.0,4924.0,1288.0,553.0,985.0,458.0
2.0,2440.0,9.0,1804.0,4025.0,760.0,760.0,1261.0,543.0,9.0,0.0
2.0,6456.0,305.0,1749.0,4924.0,0.0,0.0,1224.0,525.0,254.0,51.0
2.0,11075.0,2059.0,1734.0,760.0,0.0,0.0,1215.0,519.0,1479.0,580.0
2.0,9776.0,3542.0,1774.0,0.0,862.0,862.0,1244.0,530.0,2476.0,1066.0
2.0,6234.0,3274.0,1831.0,0.0,4364.0,4364.0,1282.0,549.0,2251.0,1023.0
2.0,2960.0,1630.0,1850.0,862.0,5208.0,5208.0,1294.0,556.0,1105.0,525.0
2.0,2192.0,189.0,1810.0,4364.0,873.0,873.0,1266.0,544.0,137.0,52.0
2.0,6367.0,387.0,1752.0,5208.0,0.0,0.0,1226.0,526.0,312.0,75.0
2.0,11188.0,2095.0,1734.0,873.0,0.0,0.0,1215.0,519.0,1503.0,592.0
2.0,9966.0,3580.0,1775.0,0.0,714.0,714.0,1244.0,531.0,2500.0,1080.0
2.0,6386.0,3221.0,1832.0,0.0,4163.0,4163.0,1283.0,549.0,2214.0,1007.0
2.0,3165.0,1415.0,1848.0,714.0,4928.0,4928.0,1293.0,555.0,956.0,459.0
2.0,2464.0,0.0,1808.0,4163.0,605.0,605.0,1264.0,544.0,0.0,0.0
2.0,6627.0,268.0,1752.0,4928.0,0.0,0.0,1226.0,526.0,228.0,40.0
2.0,11287.0,2084.0,1737.0,605.0,0.0,0.0,1217.0,520.0,1498.0,586.0
2.0,9808.0,3563.0,1779.0,0.0,871.0,871.0,1247.0,532.0,2493.0,1070.0
2.0,6245.0,3240.0,1836.0,0.0,4339.0,4339.0,1286.0,550.0,2229.0,1011.0
2.0,3005.0,1431.0,1851.0,871.0,4959.0,4959.0,1295.0,556.0,964.0,467.0
2.0,2445.0,20.0,1809.0,4339.0,472.0,472.0,1265.0,544.0,15.0,5.0
2.0,6764.0,407.0,1752.0,4959.0,0.0,0.0,1226.0,526.0,324.0,83.0
2.0,11316.0,2241.0,1737.0,472.0,0.0,0.0,1217.0,520.0,1607.0,634.0
2.0,9547.0,3627.0,1777.0,0.0,1188.0,1188.0,1246.0,531.0,2538.0,1089.0
2.0,5920.0,3223.0,1835.0,0.0,4643.0,4643.0,1285.0,550.0,2217.0,1006.0
2.0,2697.0,1495.0,1853.0,1188.0,5022.0,5022.0,1296.0,557.0,1007.0,488.0
2.0,2390.0,81.0,1814.0,4643.0,304.0,304.0,1268.0,546.0,58.0,23.0
2.0,6952.0,311.0,1758.0,5022.0,0.0,0.0,1230.0,528.0,259.0,52.0
2.0,11663.0,1942.0,1739.0,304.0,0.0,0.0,1219.0,520.0,1398.0,544.0
2.0,10025.0,3400.0,1777.0,0.0,483.0,483.0,1246.0,531.0,2379.0,1021.0
2.0,6625.0,3244.0,1834.0,0.0,3955.0,3955.0,1284.0,550.0,2231.0,1013.0
2.0,3381.0,1659.0,1854.0,483.0,5211.0,5211.0,1297.0,557.0,1124.0,535.0
2.0,2205.0,168.0,1816.0,3955.0,1272.0,1272.0,1270.0,546.0,120.0,48.0
2.0,5992.0,295.0,1758.0,5211.0,0.0,0.0,1230.0,528.0,245.0,50.0
2.0,10908.0,2056.0,1738.0,1272.0,0.0,0.0,1218.0,520.0,1477.0,579.0
2.0,10124.0,3656.0,1779.0,0.0,648.0,648.0,1247.0,532.0,2556.0,1100.0
2.0,6468.0,3537.0,1839.0,0.0,4425.0,4425.0,1288.0,551.0,2437.0,1100.0
2.0,2931.0,1725.0,1863.0,648.0,5598.0,5598.0,1303.0,560.0,1169.0,556.0
2.0,1854.0,25.0,1824.0,4425.0,1042.0,1042.0,1275.0,549.0,18.0,7.0
2.0,6254.0,125.0,1762.0,5598.0,0.0,0.0,1233.0,529.0,125.0,0.0
2.0,11727.0,1903.0,1740.0,1042.0,0.0,0.0,1219.0,521.0,1372.0,531.0
2.0,10866.0,3545.0,1779.0,0.0,0.0,0.0,1247.0,532.0,2484.0,1061.0
2.0,7321.0,3406.0,1843.0,0.0,3457.0,3457.0,1291.0,552.0,2348.0,1058.0
2.0,3915.0,1646.0,1868.0,0.0,5203.0,5203.0,1307.0,561.0,1112.0,534.0
2.0,2269.0,17.0,1830.0,3457.0,1611.0,1611.0,1280.0,550.0,8.0,9.0
2.0,5709.0,128.0,1766.0,5203.0,0.0,0.0,1236.0,530.0,126.0,2.0
2.0,10784.0,1946.0,1741.0,1611.0,0.0,0.0,1220.0,521.0,1403.0,543.0
2.0,10449.0,3689.0,1780.0,0.0,360.0,360.0,1248.0,532.0,2588.0,1101.0
2.0,6760.0,3658.0,1847.0,0.0,4286.0,4286.0,1294.0,553.0,2524.0,1134.0
2.0,3102.0,1833.0,1874.0,360.0,5867.0,5867.0,1311.0,563.0,1241.0,592.0
2.0,1629.0,82.0,1836.0,4286.0,1511.0,1511.0,1284.0,552.0,53.0,29.0
2.0,5833.0,110.0,1772.0,5867.0,0.0,0.0,1240.0,532.0,110.0,0.0
2.0,11590.0,1832.0,1746.0,1511.0,0.0,0.0,1223.0,523.0,1326.0,506.0
2.0,11269.0,3537.0,1786.0,0.0,0.0,0.0,1252.0,534.0,2485.0,1052.0
2.0,7732.0,3436.0,1851.0,0.0,3108.0,3108.0,1297.0,554.0,2371.0,1065.0
2.0,4296.0,1655.0,1878.0,0.0,4871.0,4871.0,1314.0,564.0,1115.0,540.0
2.0,2641.0,11.0,1838.0,3108.0,1614.0,1614.0,1285.0,553.0,0.0,11.0
2.0,5738.0,101.0,1772.0,4871.0,0.0,0.0,1240.0,532.0,101.0,0.0
2.0,10508.0,1958.0,1747.0,1614.0,0.0,0.0,1224.0,523.0,1414.0,544.0
2.0,10164.0,3683.0,1786.0,0.0,663.0,663.0,1252.0,534.0,2590.0,1093.0
2.0,6481.0,3617.0,1853.0,0.0,4548.0,4548.0,1298.0,555.0,2502.0,1115.0
2.0,2864.0,1790.0,1879.0,663.0,5779.0,5779.0,1315.0,564.0,1211.0,579.0
2.0,1737.0,112.0,1841.0,4548.0,1191.0,1191.0,1287.0,554.0,65.0,47.0
2.0,6173.0,206.0,1776.0,5779.0,0.0,0.0,1242.0,534.0,173.0,33.0
2.0,11746.0,1952.0,1752.0,1191.0,0.0,0.0,1227.0,525.0,1410.0,542.0
2.0,10985.0,3563.0,1793.0,0.0,0.0,0.0,1257.0,536.0,2510.0,1053.0
2.0,7422.0,3377.0,1858.0,0.0,3387.0,3387.0,1302.0,556.0,2336.0,1041.0
2.0,4045.0,1603.0,1884.0,0.0,5094.0,5094.0,1318.0,566.0,1077.0,526.0
2.0,2442.0,2.0,1843.0,3387.0,1545.0,1545.0,1289.0,554.0,0.0,2.0
2.0,5827.0,128.0,1778.0,5094.0,0.0,0.0,1244.0,534.0,117.0,11.0
2.0,10793.0,1964.0,1753.0,1545.0,0.0,0.0,1228.0,525.0,1405.0,559.0
2.0,10374.0,3673.0,1796.0,0.0,483.0,483.0,1259.0,537.0,2575.0,1098.0
2.0,6701.0,3582.0,1864.0,0.0,4337.0,4337.0,1306.0,558.0,2480.0,1102.0
2.0,3119.0,1766.0,1891.0,483.0,5728.0,5728.0,1323.0,568.0,1205.0,561.0
2.0,1836.0,99.0,1850.0,4337.0,1326.0,1326.0,1294.0,556.0,67.0,32.0
2.0,6074.0,188.0,1784.0,5728.0,0.0,0.0,1248.0,536.0,159.0,29.0
2.0,11614.0,1969.0,1759.0,1326.0,0.0,0.0,1232.0,527.0,1408.0,561.0
2.0,10971.0,3576.0,1799.0,0.0,0.0,0.0,1261.0,538.0,2507.0,1069.0
2.0,7395.0,3479.0,1864.0,0.0,3540.0,3540.0,1306.0,558.0,2408.0,1071.0
2.0,3916.0,1663.0,1891.0,0.0,5311.0,5311.0,1323.0,568.0,1133.0,530.0
2.0,2253.0,44.0,1855.0,3540.0,1671.0,1671.0,1297.0,558.0,27.0,17.0
2.0,5749.0,102.0,1791.0,5311.0,0.0,0.0,1253.0,538.0,102.0,0.0
2.0,10958.0,1876.0,1765.0,1671.0,0.0,0.0,1236.0,529.0,1345.0,531.0
2.0,10753.0,3584.0,1801.0,0.0,35.0,35.0,1262.0,539.0,2510.0,1074.0
2.0,7169.0,3540.0,1866.0,0.0,3835.0,3835.0,1307.0,559.0,2449.0,1091.0
2.0,3629.0,1835.0,1896.0,35.0,5755.0,5755.0,1327.0,569.0,1256.0,579.0
2.0,1829.0,177.0,1860.0,3835.0,1953.0,1953.0,1301.0,559.0,125.0,52.0
2.0,5487.0,315.0,1795.0,5755.0,0.0,0.0,1256.0,539.0,249.0,66.0
2.0,10927.0,1983.0,1766.0,1953.0,0.0,0.0,1237.0,529.0,1417.0,566.0
2.0,10897.0,3551.0,1801.0,0.0,0.0,0.0,1262.0,539.0,2486.0,1065.0
2.0,7346.0,3484.0,1867.0,0.0,3606.0,3606.0,1308.0,559.0,2409.0,1075.0
2.0,3862.0,1751.0,1899.0,0.0,5485.0,5485.0,1329.0,570.0,1196.0,555.0
2.0,2111.0,85.0,1863.0,3606.0,1820.0,1820.0,1303.0,560.0,60.0,25.0
2.0,5632.0,136.0,1798.0,5485.0,0.0,0.0,1258.0,540.0,127.0,9.0
2.0,10981.0,1781.0,1767.0,1820.0,0.0,0.0,1238.0,529.0,1277.0,504.0
2.0,11020.0,3398.0,1801.0,0.0,0.0,0.0,1262.0,539.0,2377.0,1021.0
2.0,7622.0,3395.0,1866.0,0.0,3237.0,3237.0,1307.0,559.0,2345.0,1050.0
2.0,4227.0,1832.0,1898.0,0.0,5197.0,5197.0,1328.0,570.0,1254.0,578.0
2.0,2395.0,388.0,1869.0,3237.0,2232.0,2232.0,1307.0,562.0,273.0,115.0
2.0,5244.0,528.0,1808.0,5197.0,0.0,0.0,1265.0,543.0,402.0,126.0
2.0,9913.0,2145.0,1779.0,2232.0,0.0,0.0,1246.0,533.0,1531.0,614.0
2.0,10000.0,3564.0,1812.0,0.0,812.0,812.0,1270.0,542.0,2493.0,1071.0
2.0,6436.0,3337.0,1874.0,0.0,4397.0,4397.0,1313.0,561.0,2305.0,1032.0
2.0,3099.0,1640.0,1903.0,812.0,5341.0,5341.0,1332.0,571.0,1119.0,521.0
2.0,2271.0,208.0,1873.0,4397.0,1032.0,1032.0,1310.0,563.0,147.0,61.0
2.0,6460.0,351.0,1811.0,5341.0,0.0,0.0,1267.0,544.0,275.0,76.0
2.0,11450.0,2017.0,1784.0,1032.0,0.0,0.0,1249.0,535.0,1440.0,577.0
2.0,10465.0,3487.0,1819.0,0.0,298.0,298.0,1275.0,544.0,2441.0,1046.0
2.0,6978.0,3237.0,1881.0,0.0,3783.0,3783.0,1318.0,563.0,2238.0,999.0
2.0,3741.0,1626.0,1910.0,298.0,5227.0,5227.0,1337.0,573.0,1109.0,517.0
2.0,2413.0,216.0,1877.0,3783.0,1528.0,1528.0,1313.0,564.0,153.0,63.0
2.0,5980.0,522.0,1816.0,5227.0,0.0,0.0,1271.0,545.0,395.0,127.0
2.0,10685.0,2306.0,1791.0,1528.0,0.0,0.0,1254.0,537.0,1643.0,663.0
2.0,9907.0,3740.0,1828.0,0.0,1145.0,1145.0,1281.0,547.0,2617.0,1123.0
2.0,6167.0,3368.0,1891.0,0.0,4765.0,4765.0,1325.0,566.0,2328.0,1040.0
2.0,2799.0,1525.0,1916.0,1145.0,5245.0,5245.0,1341.0,575.0,1039.0,486.0
2.0,2419.0,48.0,1880.0,4765.0,384.0,384.0,1315.0,565.0,35.0,13.0
2.0,7136.0,435.0,1820.0,5245.0,0.0,0.0,1273.0,547.0,334.0,101.0
2.0,11946.0,2235.0,1798.0,384.0,0.0,0.0,1259.0,539.0,1594.0,641.0
2.0,10095.0,3582.0,1835.0,0.0,827.0,827.0,1286.0,549.0,2508.0,1074.0
2.0,6513.0,3187.0,1897.0,0.0,4262.0,4262.0,1329.0,568.0,2201.0,986.0
2.0,3326.0,1469.0,1923.0,827.0,5008.0,5008.0,1346.0,577.0,999.0,470.0
2.0,2684.0,107.0,1887.0,4262.0,709.0,709.0,1320.0,567.0,76.0,31.0
2.0,6839.0,533.0,1826.0,5008.0,0.0,0.0,1278.0,548.0,402.0,131.0
2.0,11314.0,2252.0,1802.0,709.0,0.0,0.0,1262.0,540.0,1606.0,646.0
2.0,9771.0,3614.0,1837.0,0.0,1191.0,1191.0,1287.0,550.0,2529.0,1085.0
2.0,6157.0,3333.0,1899.0,0.0,4772.0,4772.0,1330.0,569.0,2303.0,1030.0
2.0,2824.0,1667.0,1927.0,1191.0,5360.0,5360.0,1349.0,578.0,1140.0,527.0
2.0,2348.0,269.0,1894.0,4772.0,725.0,725.0,1325.0,569.0,189.0,80.0
2.0,6851.0,504.0,1836.0,5360.0,0.0,0.0,1285.0,551.0,383.0,121.0
2.0,11707.0,2108.0,1809.0,725.0,0.0,0.0,1267.0,542.0,1505.0,603.0
2.0,10324.0,3416.0,1843.0,0.0,464.0,464.0,1291.0,552.0,2388.0,1028.0
2.0,6908.0,3161.0,1903.0,0.0,3865.0,3865.0,1333.0,570.0,2180.0,981.0
2.0,3747.0,1577.0,1932.0,464.0,5094.0,5094.0,1352.0,580.0,1077.0,500.0
2.0,2634.0,301.0,1901.0,3865.0,1406.0,1406.0,1330.0,571.0,215.0,86.0
2.0,6198.0,622.0,1844.0,5094.0,0.0,0.0,1291.0,553.0,468.0,154.0
2.0,10670.0,2245.0,1819.0,1406.0,0.0,0.0,1274.0,545.0,1598.0,647.0
2.0,9831.0,3584.0,1853.0,0.0,1165.0,1165.0,1298.0,555.0,2504.0,1080.0
2.0,6247.0,3240.0,1912.0,0.0,4641.0,4641.0,1339.0,573.0,2237.0,1003.0
2.0,3007.0,1587.0,1936.0,1165.0,5159.0,5159.0,1355.0,581.0,1085.0,502.0
2.0,2585.0,299.0,1904.0,4641.0,689.0,689.0,1332.0,572.0,216.0,83.0
2.0,6927.0,656.0,1848.0,5159.0,0.0,0.0,1293.0,555.0,490.0,166.0
2.0,11430.0,2257.0,1825.0,689.0,0.0,0.0,1278.0,547.0,1604.0,653.0
2.0,9862.0,3473.0,1858.0,0.0,1043.0,1043.0,1302.0,556.0,2425.0,1048.0
2.0,6389.0,3047.0,1915.0,0.0,4318.0,4318.0,1341.0,574.0,2104.0,943.0
2.0,3342.0,1406.0,1939.0,1043.0,4777.0,4777.0,1357.0,582.0,962.0,444.0
2.0,2979.0,256.0,1910.0,4318.0,599.0,599.0,1336.0,574.0,186.0,70.0
2.0,7041.0,691.0,1858.0,4777.0,0.0,0.0,1300.0,558.0,511.0,180.0
2.0,11127.0,2297.0,1836.0,599.0,0.0,0.0,1286.0,550.0,1630.0,667.0
2.0,9429.0,3496.0,1868.0,0.0,1539.0,1539.0,1309.0,559.0,2443.0,1053.0
2.0,5933.0,3107.0,1921.0,0.0,4858.0,4858.0,1345.0,576.0,2149.0,958.0
2.0,2826.0,1597.0,1942.0,1539.0,5000.0,5000.0,1359.0,583.0,1096.0,501.0
2.0,2768.0,447.0,1908.0,4858.0,453.0,453.0,1335.0,573.0,316.0,131.0
2.0,7179.0,844.0,1856.0,5000.0,0.0,0.0,1299.0,557.0,617.0,227.0
2.0,11335.0,2308.0,1836.0,453.0,0.0,0.0,1286.0,550.0,1639.0,669.0
2.0,9480.0,3328.0,1869.0,0.0,1324.0,1324.0,1310.0,559.0,2327.0,1001.0
2.0,6152.0,2908.0,1921.0,0.0,4440.0,4440.0,1345.0,576.0,2010.0,898.0
2.0,3244.0,1434.0,1942.0,1324.0,4634.0,4634.0,1359.0,583.0,979.0,455.0
2.0,3134.0,334.0,1910.0,4440.0,400.0,400.0,1336.0,574.0,236.0,98.0
2.0,7240.0,792.0,1858.0,4634.0,0.0,0.0,1300.0,558.0,580.0,212.0
2.0,11082.0,2262.0,1839.0,400.0,0.0,0.0,1288.0,551.0,1607.0,655.0
2.0,9220.0,3367.0,1872.0,0.0,1635.0,1635.0,1312.0,560.0,2356.0,1011.0
2.0,5853.0,3047.0,1926.0,0.0,4898.0,4898.0,1349.0,577.0,2107.0,940.0
2.0,2806.0,1600.0,1948.0,1635.0,4951.0,4951.0,1363.0,585.0,1095.0,505.0
2.0,2841.0,563.0,1914.0,4898.0,480.0,480.0,1339.0,575.0,395.0,168.0
2.0,7176.0,921.0,1859.0,4951.0,0.0,0.0,1301.0,558.0,671.0,250.0
2.0,11206.0,2301.0,1839.0,480.0,0.0,0.0,1288.0,551.0,1636.0,665.0
2.0,9385.0,3295.0,1873.0,0.0,1402.0,1402.0,1312.0,561.0,2307.0,988.0
2.0,6090.0,2942.0,1929.0,0.0,4568.0,4568.0,1351.0,578.0,2035.0,907.0
2.0,3148.0,1483.0,1949.0,1402.0,4729.0,4729.0,1364.0,585.0,1013.0,470.0
2.0,3067.0,405.0,1914.0,4568.0,426.0,426.0,1339.0,575.0,283.0,122.0
2.0,7230.0,764.0,1859.0,4729.0,0.0,0.0,1301.0,558.0,561.0,203.0
2.0,11195.0,2148.0,1839.0,426.0,0.0,0.0,1288.0,551.0,1529.0,619.0
2.0,9473.0,3245.0,1874.0,0.0,1268.0,1268.0,1313.0,561.0,2271.0,974.0
2.0,6228.0,3024.0,1930.0,0.0,4516.0,4516.0,1352.0,578.0,2089.0,935.0
2.0,3204.0,1698.0,1952.0,1268.0,5034.0,5034.0,1366.0,586.0,1163.0,535.0
2.0,2774.0,672.0,1922.0,4516.0,1070.0,1070.0,1344.0,578.0,472.0,200.0
2.0,6618.0,949.0,1871.0,5034.0,0.0,0.0,1309.0,562.0,693.0,256.0
2.0,10703.0,2238.0,1850.0,1070.0,0.0,0.0,1296.0,554.0,1594.0,644.0
2.0,9535.0,3263.0,1880.0,0.0,1248.0,1248.0,1317.0,563.0,2283.0,980.0
2.0,6272.0,3026.0,1933.0,0.0,4486.0,4486.0,1354.0,579.0,2088.0,938.0
2.0,3246.0,1725.0,1957.0,1248.0,5059.0,5059.0,1369.0,588.0,1180.0,545.0
2.0,2769.0,650.0,1929.0,4486.0,1111.0,1111.0,1349.0,580.0,456.0,194.0
2.0,6605.0,825.0,1879.0,5059.0,0.0,0.0,1315.0,564.0,607.0,218.0
2.0,10839.0,2049.0,1857.0,1111.0,0.0,0.0,1301.0,556.0,1463.0,586.0
2.0,9901.0,3091.0,1887.0,0.0,738.0,738.0,1322.0,565.0,2164.0,927.0
2.0,6810.0,2872.0,1936.0,0.0,3806.0,3806.0,1356.0,580.0,1981.0,891.0
2.0,3938.0,1654.0,1956.0,738.0,4802.0,4802.0,1369.0,587.0,1128.0,526.0
2.0,3022.0,753.0,1927.0,3806.0,1633.0,1633.0,1348.0,579.0,528.0,225.0
2.0,6075.0,1028.0,1878.0,4802.0,0.0,0.0,1314.0,564.0,749.0,279.0
2.0,9849.0,2203.0,1859.0,1633.0,0.0,0.0,1302.0,557.0,1572.0,631.0
2.0,9279.0,3145.0,1888.0,0.0,1418.0,1418.0,1323.0,565.0,2199.0,946.0
2.0,6134.0,2929.0,1939.0,0.0,4551.0,4551.0,1358.0,581.0,2019.0,910.0
2.0,3205.0,1754.0,1960.0,1418.0,4971.0,4971.0,1371.0,589.0,1199.0,555.0
2.0,2869.0,739.0,1930.0,4551.0,1039.0,1039.0,1350.0,580.0,520.0,219.0
2.0,6681.0,952.0,1882.0,4971.0,0.0,0.0,1317.0,565.0,696.0,256.0
2.0,10700.0,2120.0,1865.0,1039.0,0.0,0.0,1306.0,559.0,1512.0,608.0
2.0,9619.0,3033.0,1896.0,0.0,998.0,998.0,1328.0,568.0,2123.0,910.0
2.0,6586.0,2831.0,1945.0,0.0,4025.0,4025.0,1362.0,583.0,1954.0,877.0
2.0,3755.0,1693.0,1965.0,998.0,4800.0,4800.0,1375.0,590.0,1156.0,537.0
2.0,3060.0,707.0,1934.0,4025.0,1358.0,1358.0,1353.0,581.0,494.0,213.0
2.0,6378.0,945.0,1885.0,4800.0,0.0,0.0,1319.0,566.0,690.0,255.0
2.0,10233.0,2178.0,1867.0,1358.0,0.0,0.0,1308.0,559.0,1555.0,623.0
2.0,9413.0,3221.0,1898.0,0.0,1400.0,1400.0,1330.0,568.0,2257.0,964.0
2.0,6192.0,3020.0,1948.0,0.0,4620.0,4620.0,1364.0,584.0,2086.0,934.0
2.0,3172.0,1803.0,1966.0,1400.0,5095.0,5095.0,1376.0,590.0,1232.0,571.0
2.0,2769.0,788.0,1937.0,4620.0,1147.0,1147.0,1355.0,582.0,548.0,240.0
2.0,6601.0,877.0,1889.0,5095.0,0.0,0.0,1322.0,567.0,642.0,235.0
2.0,10819.0,2053.0,1873.0,1147.0,0.0,0.0,1312.0,561.0,1470.0,583.0
2.0,9913.0,3060.0,1904.0,0.0,763.0,763.0,1334.0,570.0,2147.0,913.0
2.0,6853.0,2879.0,1953.0,0.0,3838.0,3838.0,1368.0,585.0,1986.0,893.0
2.0,3974.0,1745.0,1972.0,763.0,4896.0,4896.0,1380.0,592.0,1187.0,558.0
2.0,2992.0,747.0,1943.0,3838.0,1689.0,1689.0,1359.0,584.0,519.0,228.0
2.0,6083.0,919.0,1895.0,4896.0,0.0,0.0,1326.0,569.0,672.0,247.0
2.0,10060.0,2120.0,1878.0,1689.0,0.0,0.0,1315.0,563.0,1517.0,603.0
2.0,9629.0,3131.0,1907.0,0.0,1130.0,1130.0,1336.0,571.0,2196.0,935.0
2.0,6498.0,3059.0,1955.0,0.0,4381.0,4381.0,1369.0,586.0,2113.0,946.0
2.0,3439.0,1977.0,1975.0,1130.0,5308.0,5308.0,1382.0,593.0,1354.0,623.0
2.0,2592.0,892.0,1949.0,4381.0,1715.0,1715.0,1363.0,586.0,620.0,272.0
2.0,6081.0,892.0,1902.0,5308.0,0.0,0.0,1331.0,571.0,651.0,241.0
2.0,10497.0,1967.0,1883.0,1715.0,0.0,0.0,1319.0,564.0,1408.0,559.0
2.0,10245.0,3054.0,1914.0,0.0,465.0,465.0,1341.0,573.0,2142.0,912.0
2.0,7191.0,3035.0,1965.0,0.0,3704.0,3704.0,1376.0,589.0,2099.0,936.0
2.0,4156.0,1854.0,1985.0,465.0,5173.0,5173.0,1389.0,596.0,1268.0,586.0
2.0,2767.0,698.0,1957.0,3704.0,2055.0,2055.0,1369.0,588.0,483.0,215.0
2.0,5773.0,701.0,1908.0,5173.0,0.0,0.0,1335.0,573.0,515.0,186.0
2.0,10245.0,1904.0,1886.0,2055.0,0.0,0.0,1321.0,565.0,1363.0,541.0
2.0,10396.0,3178.0,1915.0,0.0,442.0,442.0,1342.0,573.0,2232.0,946.0
2.0,7218.0,3272.0,1965.0,0.0,3914.0,3914.0,1376.0,589.0,2268.0,1004.0
2.0,3946.0,2075.0,1987.0,442.0,5635.0,5635.0,1391.0,596.0,1423.0,652.0
2.0,2313.0,746.0,1959.0,3914.0,2355.0,2355.0,1370.0,589.0,515.0,231.0
2.0,5481.0,675.0,1908.0,5635.0,0.0,0.0,1335.0,573.0,495.0,180.0
2.0,10441.0,1925.0,1888.0,2355.0,0.0,0.0,1322.0,566.0,1377.0,548.0
2.0,10871.0,3217.0,1916.0,0.0,10.0,10.0,1342.0,574.0,2259.0,958.0
2.0,7654.0,3190.0,1965.0,0.0,3396.0,3396.0,1376.0,589.0,2211.0,979.0
2.0,4464.0,1890.0,1985.0,10.0,5356.0,5356.0,1389.0,596.0,1294.0,596.0
2.0,2584.0,573.0,1957.0,3396.0,2421.0,2421.0,1369.0,588.0,394.0,179.0
2.0,5407.0,572.0,1908.0,5356.0,0.0,0.0,1335.0,573.0,422.0,150.0
2.0,10191.0,1852.0,1889.0,2421.0,0.0,0.0,1323.0,566.0,1326.0,526.0
2.0,10760.0,3194.0,1918.0,0.0,106.0,106.0,1344.0,574.0,2241.0,953.0
2.0,7566.0,3304.0,1968.0,0.0,3610.0,3610.0,1378.0,590.0,2289.0,1015.0
2.0,4262.0,2104.0,1988.0,106.0,5688.0,5688.0,1391.0,597.0,1445.0,659.0
2.0,2264.0,781.0,1961.0,3610.0,2751.0,2751.0,1372.0,589.0,544.0,237.0
2.0,5093.0,687.0,1914.0,5688.0,0.0,0.0,1339.0,575.0,506.0,181.0
2.0,10094.0,1904.0,1894.0,2751.0,0.0,0.0,1326.0,568.0,1358.0,546.0
2.0,10941.0,3245.0,1923.0,0.0,0.0,0.0,1347.0,576.0,2273.0,972.0
2.0,7696.0,3377.0,1973.0,0.0,3573.0,3573.0,1382.0,591.0,2343.0,1034.0
2.0,4319.0,2048.0,1995.0,0.0,5709.0,5709.0,1396.0,599.0,1410.0,638.0
2.0,2271.0,618.0,1966.0,3573.0,2638.0,2638.0,1375.0,591.0,431.0,187.0
2.0,5226.0,467.0,1916.0,5709.0,0.0,0.0,1341.0,575.0,346.0,121.0
2.0,10468.0,1785.0,1896.0,2638.0,0.0,0.0,1328.0,568.0,1270.0,515.0
2.0,11321.0,3223.0,1926.0,0.0,0.0,0.0,1349.0,577.0,2258.0,965.0
2.0,8098.0,3380.0,1977.0,0.0,3190.0,3190.0,1385.0,592.0,2350.0,1030.0
2.0,4718.0,2091.0,1999.0,0.0,5369.0,5369.0,1399.0,600.0,1446.0,645.0
2.0,2627.0,614.0,1968.0,3190.0,2669.0,2669.0,1377.0,591.0,427.0,187.0
2.0,5203.0,535.0,1918.0,5369.0,0.0,0.0,1342.0,576.0,391.0,144.0
2.0,10037.0,2035.0,1898.0,2669.0,0.0,0.0,1329.0,569.0,1442.0,593.0
2.0,10671.0,3538.0,1931.0,0.0,591.0,591.0,1353.0,578.0,2479.0,1059.0
2.0,7133.0,3500.0,1983.0,0.0,4299.0,4299.0,1389.0,594.0,2435.0,1065.0
2.0,3633.0,1955.0,2004.0,591.0,5747.0,5747.0,1403.0,601.0,1350.0,605.0
2.0,2269.0,338.0,1971.0,4299.0,1654.0,1654.0,1379.0,592.0,235.0,103.0
2.0,6230.0,288.0,1918.0,5747.0,0.0,0.0,1342.0,576.0,216.0,72.0
2.0,11689.0,1869.0,1899.0,1654.0,0.0,0.0,1330.0,569.0,1326.0,543.0
2.0,11474.0,3475.0,1933.0,0.0,0.0,0.0,1354.0,579.0,2436.0,1039.0
2.0,7999.0,3507.0,1985.0,0.0,3448.0,3448.0,1390.0,595.0,2441.0,1066.0
2.0,4492.0,1971.0,2006.0,0.0,5503.0,5503.0,1404.0,602.0,1362.0,609.0
2.0,2521.0,408.0,1972.0,3448.0,2327.0,2327.0,1380.0,592.0,282.0,126.0
2.0,5561.0,430.0,1921.0,5503.0,0.0,0.0,1344.0,577.0,316.0,114.0
2.0,10634.0,1996.0,1900.0,2327.0,0.0,0.0,1330.0,570.0,1415.0,581.0
2.0,10965.0,3653.0,1933.0,0.0,420.0,420.0,1354.0,579.0,2561.0,1092.0
2.0,7312.0,3681.0,1986.0,0.0,4313.0,4313.0,1391.0,595.0,2563.0,1118.0
2.0,3631.0,1994.0,2007.0,420.0,5971.0,5971.0,1405.0,602.0,1378.0,616.0
2.0,2057.0,294.0,1975.0,4313.0,1824.0,1824.0,1382.0,593.0,202.0,92.0
2.0,6076.0,303.0,1922.0,5971.0,0.0,0.0,1345.0,577.0,225.0,78.0
2.0,11744.0,1989.0,1902.0,1824.0,0.0,0.0,1332.0,570.0,1409.0,580.0
2.0,11579.0,3672.0,1937.0,0.0,0.0,0.0,1357.0,580.0,2577.0,1095.0
2.0,7907.0,3552.0,1992.0,0.0,3613.0,3613.0,1395.0,597.0,2476.0,1076.0
2.0,4355.0,1856.0,2014.0,0.0,5557.0,5557.0,1410.0,604.0,1281.0,575.0
2.0,2499.0,244.0,1982.0,3613.0,2060.0,2060.0,1387.0,595.0,164.0,80.0
2.0,5868.0,310.0,1927.0,5557.0,0.0,0.0,1348.0,579.0,227.0,83.0
2.0,11115.0,2056.0,1904.0,2060.0,0.0,0.0,1333.0,571.0,1456.0,600.0
2.0,11119.0,3760.0,1936.0,0.0,385.0,385.0,1356.0,580.0,2639.0,1121.0
2.0,7359.0,3803.0,1995.0,0.0,4424.0,4424.0,1397.0,598.0,2652.0,1151.0
2.0,3556.0,2118.0,2023.0,385.0,6269.0,6269.0,1416.0,607.0,1467.0,651.0
2.0,1823.0,354.0,1992.0,4424.0,2075.0,2075.0,1394.0,598.0,241.0,113.0
2.0,5893.0,281.0,1936.0,6269.0,0.0,0.0,1355.0,581.0,207.0,74.0
2.0,11881.0,1860.0,1910.0,2075.0,0.0,0.0,1337.0,573.0,1319.0,541.0
2.0,12096.0,3492.0,1941.0,0.0,0.0,0.0,1360.0,581.0,2451.0,1041.0
2.0,8604.0,3590.0,1999.0,0.0,2982.0,2982.0,1400.0,599.0,2501.0,1089.0
2.0,5014.0,2033.0,2027.0,0.0,5127.0,5127.0,1419.0,608.0,1406.0,627.0
2.0,2981.0,350.0,1998.0,2982.0,2379.0,2379.0,1398.0,600.0,241.0,109.0
2.0,5613.0,332.0,1943.0,5127.0,0.0,0.0,1360.0,583.0,244.0,88.0
2.0,10408.0,2006.0,1918.0,2379.0,0.0,0.0,1343.0,575.0,1421.0,585.0
2.0,10781.0,3695.0,1949.0,0.0,710.0,710.0,1365.0,584.0,2592.0,1103.0
2.0,7086.0,3685.0,2005.0,0.0,4619.0,4619.0,1404.0,601.0,2568.0,1117.0
2.0,3401.0,2056.0,2031.0,710.0,6069.0,6069.0,1422.0,609.0,1421.0,635.0
2.0,2055.0,418.0,2002.0,4619.0,1752.0,1752.0,1401.0,601.0,287.0,131.0
2.0,6256.0,400.0,1948.0,6069.0,0.0,0.0,1363.0,585.0,293.0,107.0
2.0,11925.0,2059.0,1922.0,1752.0,0.0,0.0,1346.0,576.0,1460.0,599.0
2.0,11618.0,3607.0,1953.0,0.0,0.0,0.0,1368.0,585.0,2532.0,1075.0
2.0,8011.0,3504.0,2008.0,0.0,3525.0,3525.0,1406.0,602.0,2441.0,1063.0
2.0,4507.0,1787.0,2033.0,0.0,5412.0,5412.0,1423.0,610.0,1232.0,555.0
2.0,2720.0,204.0,2002.0,3525.0,1967.0,1967.0,1401.0,601.0,136.0,68.0
2.0,6041.0,352.0,1948.0,5412.0,0.0,0.0,1363.0,585.0,256.0,96.0
2.0,11101.0,2135.0,1924.0,1967.0,0.0,0.0,1347.0,577.0,1512.0,623.0
2.0,10933.0,3794.0,1956.0,0.0,685.0,685.0,1370.0,586.0,2665.0,1129.0
2.0,7139.0,3738.0,2016.0,0.0,4663.0,4663.0,1412.0,604.0,2608.0,1130.0
2.0,3401.0,1984.0,2044.0,685.0,6074.0,6074.0,1431.0,613.0,1371.0,613.0
2.0,2102.0,321.0,2012.0,4663.0,1604.0,1604.0,1408.0,604.0,216.0,105.0
2.0,6444.0,429.0,1952.0,6074.0,0.0,0.0,1366.0,586.0,311.0,118.0
2.0,12089.0,2138.0,1925.0,1604.0,0.0,0.0,1348.0,577.0,1513.0,625.0
2.0,11555.0,3741.0,1960.0,0.0,26.0,26.0,1373.0,587.0,2626.0,1115.0
2.0,7814.0,3642.0,2023.0,0.0,3920.0,3920.0,1417.0,606.0,2539.0,1103.0
2.0,4172.0,1808.0,2053.0,26.0,5822.0,5822.0,1437.0,616.0,1248.0,560.0
2.0,2390.0,19.0,2017.0,3920.0,1777.0,1777.0,1411.0,606.0,9.0,10.0
2.0,6291.0,138.0,1953.0,5822.0,0.0,0.0,1367.0,586.0,107.0,31.0
2.0,11975.0,2070.0,1925.0,1777.0,0.0,0.0,1348.0,577.0,1465.0,605.0
2.0,11682.0,3922.0,1963.0,0.0,92.0,92.0,1375.0,588.0,2751.0,1171.0
2.0,7760.0,3877.0,2029.0,0.0,4233.0,4233.0,1421.0,608.0,2702.0,1175.0
2.0,3883.0,1962.0,2059.0,92.0,6223.0,6223.0,1441.0,618.0,1357.0,605.0
2.0,2013.0,167.0,2024.0,4233.0,2017.0,2017.0,1416.0,608.0,114.0,53.0
2.0,6079.0,259.0,1959.0,6223.0,0.0,0.0,1371.0,588.0,195.0,64.0
2.0,12043.0,2194.0,1930.0,2017.0,0.0,0.0,1351.0,579.0,1554.0,640.0
2.0,11866.0,4011.0,1969.0,0.0,21.0,21.0,1379.0,590.0,2811.0,1200.0
2.0,7855.0,3729.0,2035.0,0.0,4014.0,4014.0,1425.0,610.0,2594.0,1135.0
2.0,4126.0,1702.0,2062.0,21.0,5803.0,5803.0,1443.0,619.0,1172.0,530.0
2.0,2445.0,0.0,2023.0,4014.0,1633.0,1633.0,1416.0,607.0,0.0,0.0
2.0,6459.0,223.0,1957.0,5803.0,0.0,0.0,1370.0,587.0,173.0,50.0
2.0,12039.0,2137.0,1930.0,1633.0,0.0,0.0,1351.0,579.0,1513.0,624.0
2.0,11535.0,3872.0,1969.0,0.0,213.0,213.0,1379.0,590.0,2711.0,1161.0
2.0,7663.0,3683.0,2035.0,0.0,4160.0,4160.0,1425.0,610.0,2562.0,1121.0
2.0,3980.0,1789.0,2063.0,213.0,5848.0,5848.0,1444.0,619.0,1237.0,552.0
2.0,2404.0,116.0,2026.0,4160.0,1656.0,1656.0,1418.0,608.0,82.0,34.0
2.0,6448.0,361.0,1960.0,5848.0,0.0,0.0,1372.0,588.0,270.0,91.0
2.0,11935.0,2318.0,1932.0,1656.0,0.0,0.0,1353.0,579.0,1638.0,680.0
2.0,11273.0,4039.0,1969.0,0.0,642.0,642.0,1379.0,590.0,2827.0,1212.0
2.0,7234.0,3819.0,2035.0,0.0,4725.0,4725.0,1425.0,610.0,2655.0,1164.0
2.0,3415.0,1797.0,2065.0,642.0,6000.0,6000.0,1445.0,620.0,1240.0,557.0
2.0,2260.0,0.0,2029.0,4725.0,1131.0,1131.0,1420.0,609.0,0.0,0.0
2.0,6985.0,113.0,1964.0,6000.0,0.0,0.0,1375.0,589.0,99.0,14.0
2.0,12872.0,2053.0,1934.0,1131.0,0.0,0.0,1354.0,580.0,1457.0,596.0
2.0,11950.0,3951.0,1972.0,0.0,0.0,0.0,1381.0,591.0,2767.0,1184.0
2.0,7999.0,3934.0,2041.0,0.0,4099.0,4099.0,1429.0,612.0,2735.0,1199.0
2.0,4065.0,2004.0,2073.0,0.0,6231.0,6231.0,1451.0,622.0,1383.0,621.0
2.0,2061.0,26.0,2035.0,4099.0,2006.0,2006.0,1424.0,611.0,16.0,10.0
2.0,6134.0,70.0,1965.0,6231.0,0.0,0.0,1375.0,590.0,67.0,3.0
2.0,12295.0,2224.0,1937.0,2006.0,0.0,0.0,1356.0,581.0,1578.0,646.0
2.0,12077.0,4282.0,1979.0,0.0,121.0,121.0,1386.0,593.0,3002.0,1280.0
2.0,7795.0,4120.0,2050.0,0.0,4525.0,4525.0,1436.0,614.0,2868.0,1252.0
2.0,3675.0,1881.0,2079.0,121.0,6401.0,6401.0,1455.0,624.0,1296.0,585.0
2.0,1915.0,0.0,2039.0,4525.0,1716.0,1716.0,1427.0,612.0,0.0,0.0
2.0,6440.0,0.0,1970.0,6401.0,0.0,0.0,1378.0,592.0,0.0,0.0
2.0,12841.0,1849.0,1938.0,1716.0,0.0,0.0,1357.0,581.0,1311.0,538.0
2.0,12708.0,3884.0,1979.0,0.0,0.0,0.0,1386.0,593.0,2735.0,1149.0
2.0,8824.0,4042.0,2052.0,0.0,3426.0,3426.0,1437.0,615.0,2827.0,1215.0
2.0,4782.0,2079.0,2085.0,0.0,5637.0,5637.0,1460.0,625.0,1437.0,642.0
2.0,2703.0,39.0,2045.0,3426.0,2090.0,2090.0,1431.0,614.0,12.0,27.0
2.0,6090.0,84.0,1974.0,5637.0,0.0,0.0,1381.0,593.0,63.0,21.0
2.0,11643.0,2100.0,1943.0,2090.0,0.0,0.0,1360.0,583.0,1490.0,610.0
2.0,11633.0,4160.0,1985.0,0.0,467.0,467.0,1390.0,595.0,2926.0,1234.0
2.0,7473.0,4156.0,2058.0,0.0,4915.0,4915.0,1441.0,617.0,2905.0,1251.0
2.0,3317.0,2087.0,2090.0,467.0,6663.0,6663.0,1463.0,627.0,1443.0,644.0
2.0,1697.0,18.0,2049.0,4915.0,1602.0,1602.0,1434.0,615.0,0.0,18.0
2.0,6594.0,22.0,1978.0,6663.0,0.0,0.0,1384.0,594.0,18.0,4.0
2.0,13235.0,2051.0,1947.0,1602.0,0.0,0.0,1363.0,584.0,1451.0,600.0
2.0,12786.0,3989.0,1989.0,0.0,0.0,0.0,1393.0,596.0,2806.0,1183.0
2.0,8797.0,3993.0,2065.0,0.0,3456.0,3456.0,1446.0,619.0,2794.0,1199.0
2.0,4804.0,1972.0,2101.0,0.0,5572.0,5572.0,1471.0,630.0,1366.0,606.0
2.0,2832.0,27.0,2062.0,3456.0,1987.0,1987.0,1443.0,619.0,4.0,23.0
2.0,6261.0,5.0,1986.0,5572.0,0.0,0.0,1390.0,596.0,3.0,2.0
2.0,11828.0,1989.0,1950.0,1987.0,0.0,0.0,1365.0,585.0,1407.0,582.0
2.0,11826.0,4025.0,1989.0,0.0,155.0,155.0,1393.0,596.0,2833.0,1192.0
2.0,7801.0,4167.0,2066.0,0.0,4630.0,4630.0,1447.0,619.0,2919.0,1248.0
2.0,3634.0,2260.0,2105.0,155.0,6891.0,6891.0,1474.0,631.0,1570.0,690.0
2.0,1529.0,240.0,2068.0,4630.0,2353.0,2353.0,1447.0,621.0,151.0,89.0
2.0,5919.0,98.0,1992.0,6891.0,0.0,0.0,1394.0,598.0,65.0,33.0
2.0,12712.0,1974.0,1958.0,2353.0,0.0,0.0,1371.0,587.0,1396.0,578.0
2.0,13091.0,3919.0,2000.0,0.0,0.0,0.0,1401.0,599.0,2761.0,1158.0
2.0,9172.0,3981.0,2077.0,0.0,3117.0,3117.0,1455.0,622.0,2789.0,1192.0
2.0,5191.0,2032.0,2112.0,0.0,5289.0,5289.0,1479.0,633.0,1407.0,625.0
2.0,3159.0,53.0,2072.0,3117.0,2065.0,2065.0,1450.0,622.0,21.0,32.0
2.0,6223.0,63.0,1999.0,5289.0,0.0,0.0,1399.0,600.0,42.0,21.0
2.0,11449.0,2084.0,1968.0,2065.0,0.0,0.0,1378.0,590.0,1475.0,609.0
2.0,11430.0,4027.0,2012.0,0.0,645.0,645.0,1409.0,603.0,2837.0,1190.0
2.0,7403.0,4044.0,2086.0,0.0,4985.0,4985.0,1461.0,625.0,2831.0,1213.0
2.0,3359.0,2117.0,2120.0,645.0,6593.0,6593.0,1484.0,636.0,1465.0,652.0
2.0,1887.0,205.0,2079.0,4985.0,1649.0,1649.0,1455.0,624.0,125.0,80.0
2.0,6667.0,190.0,2005.0,6593.0,0.0,0.0,1403.0,602.0,132.0,58.0
2.0,13070.0,2108.0,1973.0,1649.0,0.0,0.0,1381.0,592.0,1493.0,615.0
2.0,12611.0,4024.0,2016.0,0.0,0.0,0.0,1412.0,604.0,2838.0,1186.0
2.0,8587.0,3931.0,2091.0,0.0,3708.0,3708.0,1465.0,626.0,2756.0,1175.0
2.0,4656.0,1949.0,2127.0,0.0,5801.0,5801.0,1489.0,638.0,1346.0,603.0
2.0,2707.0,34.0,2088.0,3708.0,1971.0,1971.0,1461.0,627.0,3.0,31.0
2.0,6381.0,115.0,2014.0,5801.0,0.0,0.0,1409.0,605.0,75.0,40.0
2.0,12067.0,2124.0,1979.0,1971.0,0.0,0.0,1385.0,594.0,1503.0,621.0
2.0,11914.0,4076.0,2019.0,0.0,238.0,238.0,1414.0,605.0,2875.0,1201.0
2.0,7838.0,4010.0,2096.0,0.0,4556.0,4556.0,1468.0,628.0,2814.0,1196.0
2.0,3828.0,2076.0,2134.0,238.0,6546.0,6546.0,1494.0,640.0,1438.0,638.0
2.0,1990.0,202.0,2095.0,4556.0,2036.0,2036.0,1466.0,629.0,118.0,84.0
2.0,6344.0,284.0,2018.0,6546.0,0.0,0.0,1412.0,606.0,192.0,92.0
2.0,12606.0,2223.0,1982.0,2036.0,0.0,0.0,1387.0,595.0,1574.0,649.0
2.0,12419.0,4027.0,2023.0,0.0,0.0,0.0,1417.0,606.0,2841.0,1186.0
2.0,8392.0,3874.0,2097.0,0.0,3870.0,3870.0,1469.0,628.0,2717.0,1157.0
2.0,4518.0,1938.0,2135.0,0.0,5960.0,5960.0,1495.0,640.0,1338.0,600.0
2.0,2580.0,44.0,2100.0,3870.0,1994.0,1994.0,1470.0,630.0,7.0,37.0
2.0,6406.0,86.0,2027.0,5960.0,0.0,0.0,1418.0,609.0,58.0,28.0
2.0,12280.0,2046.0,1989.0,1994.0,0.0,0.0,1392.0,597.0,1454.0,592.0
2.0,12228.0,3988.0,2025.0,0.0,0.0,0.0,1418.0,607.0,2814.0,1174.0
2.0,8240.0,3987.0,2102.0,0.0,4155.0,4155.0,1472.0,630.0,2793.0,1194.0
2.0,4253.0,2058.0,2139.0,0.0,6361.0,6361.0,1498.0,641.0,1419.0,639.0
2.0,2195.0,183.0,2102.0,4155.0,2241.0,2241.0,1471.0,631.0,106.0,77.0
2.0,6167.0,285.0,2028.0,6361.0,0.0,0.0,1419.0,609.0,199.0,86.0
2.0,12243.0,2288.0,1992.0,2241.0,0.0,0.0,1394.0,598.0,1622.0,666.0
2.0,12196.0,4152.0,2032.0,0.0,84.0,84.0,1423.0,609.0,2929.0,1223.0
2.0,8044.0,3988.0,2109.0,0.0,4380.0,4380.0,1477.0,632.0,2794.0,1194.0
2.0,4056.0,1895.0,2144.0,84.0,6331.0,6331.0,1501.0,643.0,1306.0,589.0
2.0,2245.0,15.0,2105.0,4380.0,1810.0,1810.0,1473.0,632.0,0.0,15.0
2.0,6610.0,121.0,2031.0,6331.0,0.0,0.0,1421.0,610.0,81.0,40.0
2.0,12820.0,2152.0,1995.0,1810.0,0.0,0.0,1396.0,599.0,1513.0,639.0
2.0,12478.0,4017.0,2034.0,0.0,0.0,0.0,1424.0,610.0,2824.0,1193.0
2.0,8461.0,3811.0,2108.0,0.0,3782.0,3782.0,1476.0,632.0,2675.0,1136.0
2.0,4650.0,1816.0,2142.0,0.0,5734.0,5734.0,1500.0,642.0,1264.0,552.0
2.0,2834.0,49.0,2104.0,3782.0,1849.0,1849.0,1473.0,631.0,21.0,28.0
2.0,6567.0,341.0,2034.0,5734.0,0.0,0.0,1423.0,611.0,234.0,107.0
2.0,11960.0,2451.0,2001.0,1849.0,0.0,0.0,1400.0,601.0,1724.0,727.0
2.0,11358.0,4248.0,2040.0,0.0,1050.0,1050.0,1428.0,612.0,2984.0,1264.0
2.0,7110.0,3914.0,2110.0,0.0,5244.0,5244.0,1478.0,632.0,2745.0,1169.0
2.0,3196.0,1750.0,2142.0,1050.0,6072.0,6072.0,1500.0,642.0,1220.0,530.0
2.0,2496.0,0.0,2104.0,5244.0,676.0,676.0,1473.0,631.0,0.0,0.0
2.0,7740.0,225.0,2033.0,6072.0,0.0,0.0,1423.0,610.0,153.0,72.0
2.0,13587.0,2225.0,1999.0,676.0,0.0,0.0,1399.0,600.0,1552.0,673.0
2.0,12038.0,4081.0,2039.0,0.0,199.0,199.0,1427.0,612.0,2855.0,1226.0
2.0,7957.0,3953.0,2114.0,0.0,4452.0,4452.0,1480.0,634.0,2772.0,1181.0
2.0,4004.0,1922.0,2149.0,199.0,6315.0,6315.0,1505.0,644.0,1352.0,570.0
2.0,2281.0,0.0,2109.0,4452.0,1703.0,1703.0,1477.0,632.0,0.0,0.0
2.0,6733.0,185.0,2035.0,6315.0,0.0,0.0,1424.0,611.0,124.0,61.0
2.0,12863.0,2339.0,2002.0,1703.0,0.0,0.0,1401.0,601.0,1633.0,706.0
2.0,12227.0,4298.0,2044.0,0.0,247.0,247.0,1431.0,613.0,3010.0,1288.0
2.0,7929.0,4146.0,2121.0,0.0,4701.0,4701.0,1485.0,636.0,2906.0,1240.0
2.0,3783.0,2046.0,2156.0,247.0,6640.0,6640.0,1510.0,646.0,1436.0,610.0
2.0,1984.0,0.0,2115.0,4701.0,1775.0,1775.0,1481.0,634.0,0.0,0.0
2.0,6685.0,28.0,2039.0,6640.0,0.0,0.0,1427.0,612.0,16.0,12.0
2.0,13297.0,2056.0,2002.0,1775.0,0.0,0.0,1401.0,601.0,1436.0,620.0
2.0,13016.0,4069.0,2043.0,0.0,0.0,0.0,1430.0,613.0,2849.0,1220.0
2.0,8947.0,4034.0,2120.0,0.0,3567.0,3567.0,1484.0,636.0,2828.0,1206.0
2.0,4913.0,2042.0,2157.0,0.0,5757.0,5757.0,1511.0,646.0,1434.0,608.0
2.0,2871.0,43.0,2117.0,3567.0,2073.0,2073.0,1482.0,635.0,31.0,12.0
2.0,6395.0,114.0,2040.0,5757.0,0.0,0.0,1428.0,612.0,76.0,38.0
2.0,12038.0,2167.0,2005.0,2073.0,0.0,0.0,1403.0,602.0,1511.0,656.0
2.0,11944.0,4181.0,2046.0,0.0,421.0,421.0,1432.0,614.0,2925.0,1256.0
2.0,7763.0,4188.0,2122.0,0.0,4913.0,4913.0,1486.0,636.0,2936.0,1252.0
2.0,3575.0,2150.0,2159.0,421.0,6790.0,6790.0,1512.0,647.0,1511.0,639.0
2.0,1846.0,133.0,2118.0,4913.0,1846.0,1846.0,1483.0,635.0,95.0,38.0
2.0,6626.0,121.0,2043.0,6790.0,0.0,0.0,1430.0,613.0,82.0,39.0
2.0,13295.0,2100.0,2009.0,1846.0,0.0,0.0,1406.0,603.0,1467.0,633.0
2.0,13041.0,4081.0,2050.0,0.0,0.0,0.0,1435.0,615.0,2854.0,1227.0
2.0,8960.0,4022.0,2127.0,0.0,3570.0,3570.0,1489.0,638.0,2817.0,1205.0
2.0,4938.0,1989.0,2163.0,0.0,5703.0,5703.0,1515.0,648.0,1398.0,591.0
2.0,2949.0,22.0,2124.0,3570.0,1999.0,1999.0,1487.0,637.0,17.0,5.0
2.0,6497.0,103.0,2050.0,5703.0,0.0,0.0,1435.0,615.0,69.0,34.0
2.0,12097.0,2177.0,2015.0,1999.0,0.0,0.0,1410.0,605.0,1519.0,658.0
2.0,11919.0,4156.0,2055.0,0.0,457.0,457.0,1439.0,616.0,2909.0,1247.0
2.0,7763.0,4056.0,2129.0,0.0,4809.0,4809.0,1491.0,638.0,2843.0,1213.0
2.0,3707.0,2103.0,2165.0,457.0,6599.0,6599.0,1516.0,649.0,1477.0,626.0
2.0,2061.0,253.0,2125.0,4809.0,1883.0,1883.0,1488.0,637.0,178.0,75.0
2.0,6617.0,274.0,2051.0,6599.0,0.0,0.0,1435.0,616.0,188.0,86.0
2.0,12942.0,2223.0,2017.0,1883.0,0.0,0.0,1412.0,605.0,1550.0,673.0
2.0,12602.0,4032.0,2058.0,0.0,0.0,0.0,1441.0,617.0,2820.0,1212.0
2.0,8570.0,3933.0,2134.0,0.0,3899.0,3899.0,1494.0,640.0,2758.0,1175.0
2.0,4637.0,1968.0,2169.0,0.0,6007.0,6007.0,1519.0,650.0,1385.0,583.0
2.0,2669.0,116.0,2130.0,3899.0,2068.0,2068.0,1491.0,639.0,82.0,34.0
2.0,6452.0,250.0,2057.0,6007.0,0.0,0.0,1440.0,617.0,170.0,80.0
2.0,12209.0,2263.0,2027.0,2068.0,0.0,0.0,1419.0,608.0,1578.0,685.0
2.0,12014.0,4065.0,2071.0,0.0,335.0,335.0,1450.0,621.0,2846.0,1219.0
2.0,7949.0,3985.0,2147.0,0.0,4624.0,4624.0,1503.0,644.0,2796.0,1189.0
2.0,3964.0,2074.0,2179.0,335.0,6491.0,6491.0,1526.0,653.0,1458.0,616.0
2.0,2225.0,246.0,2138.0,4624.0,1949.0,1949.0,1497.0,641.0,172.0,74.0
2.0,6603.0,361.0,2063.0,6491.0,0.0,0.0,1444.0,619.0,245.0,116.0
2.0,12733.0,2293.0,2032.0,1949.0,0.0,0.0,1422.0,610.0,1599.0,694.0
2.0,12389.0,4043.0,2076.0,0.0,0.0,0.0,1453.0,623.0,2832.0,1211.0
2.0,8346.0,3845.0,2150.0,0.0,4099.0,4099.0,1505.0,645.0,2700.0,1145.0
2.0,4501.0,1930.0,2182.0,0.0,6157.0,6157.0,1528.0,654.0,1356.0,574.0
2.0,2571.0,130.0,2142.0,4099.0,2028.0,2028.0,1500.0,642.0,89.0,41.0
2.0,6540.0,260.0,2068.0,6157.0,0.0,0.0,1448.0,620.0,174.0,86.0
2.0,12437.0,2166.0,2034.0,2028.0,0.0,0.0,1424.0,610.0,1513.0,653.0
2.0,12299.0,3909.0,2073.0,0.0,0.0,0.0,1451.0,622.0,2740.0,1169.0
2.0,8390.0,3816.0,2146.0,0.0,4010.0,4010.0,1502.0,644.0,2679.0,1137.0
2.0,4574.0,2042.0,2181.0,0.0,6192.0,6192.0,1527.0,654.0,1431.0,611.0
2.0,2532.0,363.0,2144.0,4010.0,2397.0,2397.0,1501.0,643.0,251.0,112.0
2.0,6179.0,567.0,2071.0,6192.0,0.0,0.0,1450.0,621.0,391.0,176.0
2.0,11804.0,2341.0,2037.0,2397.0,0.0,0.0,1426.0,611.0,1636.0,705.0
2.0,11860.0,3934.0,2073.0,0.0,366.0,366.0,1451.0,622.0,2756.0,1178.0
2.0,7926.0,3685.0,2144.0,0.0,4335.0,4335.0,1501.0,643.0,2586.0,1099.0
2.0,4241.0,1865.0,2180.0,366.0,5978.0,5978.0,1526.0,654.0,1310.0,555.0
2.0,2742.0,266.0,2145.0,4335.0,1769.0,1769.0,1502.0,643.0,184.0,82.0
2.0,6811.0,478.0,2076.0,5978.0,0.0,0.0,1453.0,623.0,329.0,149.0
2.0,12311.0,2246.0,2041.0,1769.0,0.0,0.0,1429.0,612.0,1569.0,677.0
2.0,11834.0,3836.0,2076.0,0.0,306.0,306.0,1453.0,623.0,2688.0,1148.0
2.0,7998.0,3664.0,2146.0,0.0,4250.0,4250.0,1502.0,644.0,2568.0,1096.0
2.0,4334.0,1966.0,2181.0,306.0,6050.0,6050.0,1527.0,654.0,1378.0,588.0
2.0,2674.0,366.0,2147.0,4250.0,2030.0,2030.0,1503.0,644.0,254.0,112.0
2.0,6558.0,595.0,2078.0,6050.0,0.0,0.0,1455.0,623.0,414.0,181.0
2.0,12013.0,2421.0,2044.0,2030.0,0.0,0.0,1431.0,613.0,1696.0,725.0
2.0,11622.0,4001.0,2080.0,0.0,699.0,699.0,1456.0,624.0,2805.0,1196.0
2.0,7621.0,3771.0,2150.0,0.0,4750.0,4750.0,1505.0,645.0,2643.0,1128.0
2.0,3850.0,1910.0,2184.0,699.0,6097.0,6097.0,1529.0,655.0,1336.0,574.0
2.0,2639.0,291.0,2149.0,4750.0,1498.0,1498.0,1504.0,645.0,198.0,93.0
2.0,7098.0,467.0,2080.0,6097.0,0.0,0.0,1456.0,624.0,325.0,142.0
2.0,12728.0,2254.0,2046.0,1498.0,0.0,0.0,1432.0,614.0,1579.0,675.0
2.0,11972.0,3889.0,2082.0,0.0,245.0,245.0,1458.0,624.0,2727.0,1162.0
2.0,8083.0,3692.0,2153.0,0.0,4221.0,4221.0,1507.0,646.0,2588.0,1104.0
2.0,4391.0,1860.0,2187.0,245.0,5972.0,5972.0,1531.0,656.0,1301.0,559.0
2.0,2776.0,261.0,2150.0,4221.0,1864.0,1864.0,1505.0,645.0,178.0,83.0
2.0,6736.0,434.0,2078.0,5972.0,0.0,0.0,1455.0,623.0,299.0,135.0
2.0,12274.0,2345.0,2045.0,1864.0,0.0,0.0,1432.0,613.0,1643.0,702.0
2.0,11793.0,4162.0,2084.0,0.0,705.0,705.0,1459.0,625.0,2921.0,1241.0
2.0,7631.0,4075.0,2158.0,0.0,5076.0,5076.0,1511.0,647.0,2857.0,1218.0
2.0,3556.0,2111.0,2194.0,705.0,6626.0,6626.0,1536.0,658.0,1476.0,635.0
2.0,2150.0,256.0,2155.0,5076.0,1650.0,1650.0,1509.0,646.0,173.0,83.0
2.0,6970.0,258.0,2083.0,6626.0,0.0,0.0,1458.0,625.0,176.0,82.0
2.0,13338.0,2151.0,2049.0,1650.0,0.0,0.0,1434.0,615.0,1506.0,645.0
2.0,12837.0,3939.0,2087.0,0.0,0.0,0.0,1461.0,626.0,2761.0,1178.0
2.0,8898.0,3880.0,2160.0,0.0,3622.0,3622.0,1512.0,648.0,2721.0,1159.0
2.0,5018.0,1991.0,2193.0,0.0,5745.0,5745.0,1535.0,658.0,1397.0,594.0
2.0,3027.0,189.0,2152.0,3622.0,2148.0,2148.0,1507.0,645.0,131.0,58.0
2.0,6460.0,270.0,2080.0,5745.0,0.0,0.0,1456.0,624.0,185.0,85.0
2.0,11935.0,2260.0,2047.0,2148.0,0.0,0.0,1433.0,614.0,1579.0,681.0
2.0,11823.0,4218.0,2087.0,0.0,743.0,743.0,1461.0,626.0,2952.0,1266.0
2.0,7605.0,4216.0,2164.0,0.0,5267.0,5267.0,1515.0,649.0,2955.0,1261.0
2.0,3389.0,2210.0,2200.0,743.0,6878.0,6878.0,1540.0,660.0,1553.0,657.0
2.0,1922.0,202.0,2159.0,5267.0,1649.0,1649.0,1512.0,647.0,141.0,61.0
2.0,6987.0,227.0,2087.0,6878.0,0.0,0.0,1461.0,626.0,155.0,72.0
2.0,13638.0,2254.0,2056.0,1649.0,0.0,0.0,1439.0,617.0,1573.0,681.0
2.0,13033.0,4149.0,2099.0,0.0,0.0,0.0,1469.0,630.0,2904.0,1245.0
2.0,8884.0,4013.0,2173.0,0.0,3821.0,3821.0,1521.0,652.0,2815.0,1198.0
2.0,4871.0,1972.0,2205.0,0.0,5921.0,5921.0,1544.0,661.0,1385.0,587.0
2.0,2899.0,123.0,2167.0,3821.0,2071.0,2071.0,1517.0,650.0,86.0,37.0
2.0,6597.0,283.0,2097.0,5921.0,0.0,0.0,1468.0,629.0,193.0,90.0
2.0,12235.0,2257.0,2067.0,2071.0,0.0,0.0,1447.0,620.0,1575.0,682.0
2.0,12049.0,4083.0,2106.0,0.0,458.0,458.0,1474.0,632.0,2858.0,1225.0
2.0,7966.0,4009.0,2176.0,0.0,4747.0,4747.0,1523.0,653.0,2811.0,1198.0
2.0,3957.0,2112.0,2205.0,458.0,6517.0,6517.0,1544.0,661.0,1483.0,629.0
2.0,2303.0,307.0,2167.0,4747.0,1925.0,1925.0,1517.0,650.0,216.0,91.0
2.0,6743.0,477.0,2100.0,6517.0,0.0,0.0,1470.0,630.0,329.0,148.0
2.0,12783.0,2386.0,2076.0,1925.0,0.0,0.0,1453.0,623.0,1664.0,722.0
2.0,12322.0,4065.0,2117.0,0.0,211.0,211.0,1482.0,635.0,2844.0,1221.0
2.0,8257.0,3830.0,2186.0,0.0,4317.0,4317.0,1530.0,656.0,2687.0,1143.0
2.0,4427.0,1868.0,2213.0,211.0,6082.0,6082.0,1549.0,664.0,1315.0,553.0
2.0,2770.0,39.0,2171.0,4317.0,1636.0,1636.0,1520.0,651.0,29.0,10.0
2.0,7048.0,248.0,2101.0,6082.0,0.0,0.0,1471.0,630.0,168.0,80.0
2.0,12882.0,2340.0,2076.0,1636.0,0.0,0.0,1453.0,623.0,1629.0,711.0
2.0,12178.0,4246.0,2120.0,0.0,548.0,548.0,1484.0,636.0,2969.0,1277.0
2.0,7932.0,3994.0,2190.0,0.0,4822.0,4822.0,1533.0,657.0,2802.0,1192.0
2.0,3938.0,1981.0,2217.0,548.0,6363.0,6363.0,1552.0,665.0,1397.0,584.0
2.0,2505.0,162.0,2172.0,4822.0,1523.0,1523.0,1521.0,651.0,118.0,44.0
2.0,7165.0,415.0,2104.0,6363.0,0.0,0.0,1473.0,631.0,285.0,130.0
2.0,13113.0,2518.0,2080.0,1523.0,0.0,0.0,1456.0,624.0,1751.0,767.0
2.0,12118.0,4326.0,2126.0,0.0,712.0,712.0,1488.0,638.0,3023.0,1303.0
2.0,7792.0,4054.0,2199.0,0.0,5058.0,5058.0,1539.0,660.0,2844.0,1210.0
2.0,3738.0,1873.0,2225.0,712.0,6323.0,6323.0,1558.0,667.0,1323.0,550.0
2.0,2577.0,0.0,2182.0,5058.0,1093.0,1093.0,1528.0,654.0,0.0,0.0
2.0,7635.0,149.0,2110.0,6323.0,0.0,0.0,1477.0,633.0,99.0,50.0
2.0,13809.0,2232.0,2083.0,1093.0,0.0,0.0,1458.0,625.0,1557.0,675.0
2.0,12670.0,4191.0,2127.0,0.0,29.0,29.0,1489.0,638.0,2932.0,1259.0
2.0,8479.0,4060.0,2200.0,0.0,4381.0,4381.0,1540.0,660.0,2846.0,1214.0
2.0,4419.0,2021.0,2231.0,29.0,6497.0,6497.0,1562.0,669.0,1422.0,599.0
2.0,2427.0,145.0,2188.0,4381.0,2089.0,2089.0,1532.0,656.0,105.0,40.0
2.0,6663.0,339.0,2115.0,6497.0,0.0,0.0,1481.0,634.0,234.0,105.0
2.0,12821.0,2455.0,2084.0,2089.0,0.0,0.0,1459.0,625.0,1712.0,743.0
2.0,12455.0,4377.0,2127.0,0.0,430.0,430.0,1489.0,638.0,3059.0,1318.0
2.0,8078.0,4088.0,2201.0,0.0,4814.0,4814.0,1541.0,660.0,2865.0,1223.0
2.0,3990.0,1861.0,2232.0,430.0,6369.0,6369.0,1563.0,669.0,1312.0,549.0
2.0,2559.0,0.0,2191.0,4814.0,1391.0,1391.0,1534.0,657.0,0.0,0.0
2.0,7373.0,264.0,2120.0,6369.0,0.0,0.0,1484.0,636.0,181.0,83.0
2.0,13478.0,2352.0,2090.0,1391.0,0.0,0.0,1463.0,627.0,1643.0,709.0
2.0,12517.0,4214.0,2133.0,0.0,229.0,229.0,1493.0,640.0,2949.0,1265.0
2.0,8303.0,4037.0,2207.0,0.0,4562.0,4562.0,1545.0,662.0,2830.0,1207.0
2.0,4266.0,2006.0,2241.0,229.0,6475.0,6475.0,1569.0,672.0,1408.0,598.0
2.0,2489.0,156.0,2200.0,4562.0,1905.0,1905.0,1540.0,660.0,109.0,47.0
2.0,6895.0,287.0,2124.0,6475.0,0.0,0.0,1487.0,637.0,199.0,88.0
2.0,13083.0,2345.0,2088.0,1905.0,0.0,0.0,1462.0,626.0,1640.0,705.0
2.0,12643.0,4292.0,2129.0,0.0,165.0,165.0,1490.0,639.0,3005.0,1287.0
2.0,8351.0,4201.0,2206.0,0.0,4674.0,4674.0,1544.0,662.0,2941.0,1260.0
2.0,4150.0,2085.0,2241.0,165.0,6734.0,6734.0,1569.0,672.0,1461.0,624.0
2.0,2230.0,47.0,2198.0,4674.0,1935.0,1935.0,1539.0,659.0,33.0,14.0
2.0,6857.0,164.0,2122.0,6734.0,0.0,0.0,1486.0,636.0,115.0,49.0
2.0,13427.0,2255.0,2088.0,1935.0,0.0,0.0,1462.0,626.0,1577.0,678.0
2.0,13107.0,4278.0,2133.0,0.0,0.0,0.0,1493.0,640.0,2994.0,1284.0
2.0,8829.0,4106.0,2209.0,0.0,4113.0,4113.0,1546.0,663.0,2874.0,1232.0
2.0,4723.0,1995.0,2243.0,0.0,6244.0,6244.0,1570.0,673.0,1397.0,598.0
2.0,2728.0,30.0,2200.0,4113.0,1989.0,1989.0,1540.0,660.0,23.0,7.0
2.0,6811.0,237.0,2125.0,6244.0,0.0,0.0,1488.0,637.0,166.0,71.0
2.0,12818.0,2457.0,2096.0,1989.0,0.0,0.0,1467.0,629.0,1719.0,738.0
2.0,12350.0,4459.0,2140.0,0.0,669.0,669.0,1498.0,642.0,3122.0,1337.0
2.0,7891.0,4280.0,2217.0,0.0,5257.0,5257.0,1552.0,665.0,2996.0,1284.0
2.0,3611.0,2027.0,2247.0,669.0,6735.0,6735.0,1573.0,674.0,1420.0,607.0
2.0,2253.0,0.0,2201.0,5257.0,1294.0,1294.0,1541.0,660.0,0.0,0.0
2.0,7510.0,157.0,2125.0,6735.0,0.0,0.0,1488.0,637.0,109.0,48.0
2.0,14088.0,2354.0,2097.0,1294.0,0.0,0.0,1468.0,629.0,1647.0,707.0
2.0,13028.0,4337.0,2144.0,0.0,0.0,0.0,1501.0,643.0,3037.0,1300.0
2.0,8691.0,4180.0,2224.0,0.0,4385.0,4385.0,1557.0,667.0,2928.0,1252.0
2.0,4511.0,1982.0,2258.0,0.0,6503.0,6503.0,1581.0,677.0,1387.0,595.0
2.0,2529.0,0.0,2213.0,4385.0,1938.0,1938.0,1549.0,664.0,0.0,0.0
2.0,6914.0,150.0,2134.0,6503.0,0.0,0.0,1494.0,640.0,104.0,46.0
2.0,13267.0,2342.0,2102.0,1938.0,0.0,0.0,1472.0,630.0,1640.0,702.0
2.0,12863.0,4448.0,2150.0,0.0,185.0,185.0,1505.0,645.0,3113.0,1335.0
2.0,8415.0,4412.0,2232.0,0.0,4925.0,4925.0,1562.0,670.0,3090.0,1322.0
2.0,4003.0,2289.0,2267.0,185.0,7169.0,7169.0,1587.0,680.0,1603.0,686.0
2.0,1899.0,131.0,2221.0,4925.0,2191.0,2191.0,1555.0,666.0,91.0,40.0
2.0,6693.0,49.0,2139.0,7169.0,0.0,0.0,1498.0,641.0,33.0,16.0
2.0,13813.0,2141.0,2103.0,2191.0,0.0,0.0,1472.0,631.0,1498.0,643.0
2.0,13863.0,4331.0,2150.0,0.0,0.0,0.0,1505.0,645.0,3034.0,1297.0
2.0,9532.0,4364.0,2234.0,0.0,3768.0,3768.0,1564.0,670.0,3058.0,1306.0
2.0,5168.0,2114.0,2271.0,0.0,6030.0,6030.0,1590.0,681.0,1482.0,632.0
2.0,3054.0,0.0,2228.0,3768.0,2090.0,2090.0,1560.0,668.0,0.0,0.0
2.0,6822.0,0.0,2148.0,6030.0,0.0,0.0,1504.0,644.0,0.0,0.0
2.0,12852.0,2208.0,2113.0,2090.0,0.0,0.0,1479.0,634.0,1541.0,667.0
2.0,12734.0,4409.0,2159.0,0.0,311.0,311.0,1511.0,648.0,3083.0,1326.0
2.0,8325.0,4418.0,2240.0,0.0,5053.0,5053.0,1568.0,672.0,3094.0,1324.0
2.0,3907.0,2369.0,2280.0,311.0,7271.0,7271.0,1596.0,684.0,1663.0,706.0
2.0,1849.0,239.0,2237.0,5053.0,2285.0,2285.0,1566.0,671.0,172.0,67.0
2.0,6663.0,158.0,2156.0,7271.0,0.0,0.0,1510.0,646.0,111.0,47.0
2.0,13776.0,2177.0,2119.0,2285.0,0.0,0.0,1484.0,635.0,1518.0,659.0
2.0,13884.0,4208.0,2164.0,0.0,0.0,0.0,1515.0,649.0,2941.0,1267.0
2.0,9676.0,4261.0,2246.0,0.0,3569.0,3569.0,1572.0,674.0,2984.0,1277.0
2.0,5415.0,2196.0,2284.0,0.0,5917.0,5917.0,1599.0,685.0,1543.0,653.0
2.0,3219.0,77.0,2240.0,3569.0,2249.0,2249.0,1568.0,672.0,57.0,20.0
2.0,6711.0,18.0,2159.0,5917.0,0.0,0.0,1512.0,647.0,10.0,8.0
2.0,12610.0,2006.0,2120.0,2249.0,0.0,0.0,1484.0,636.0,1400.0,606.0
2.0,12853.0,4209.0,2163.0,0.0,8.0,8.0,1514.0,649.0,2945.0,1264.0
2.0,8644.0,4449.0,2244.0,0.0,4781.0,4781.0,1571.0,673.0,3116.0,1333.0
2.0,4195.0,2458.0,2287.0,8.0,7403.0,7403.0,1601.0,686.0,1725.0,733.0
2.0,1745.0,236.0,2246.0,4781.0,2694.0,2694.0,1572.0,674.0,168.0,68.0
2.0,6290.0,21.0,2164.0,7403.0,0.0,0.0,1515.0,649.0,13.0,8.0
2.0,13672.0,2033.0,2122.0,2694.0,0.0,0.0,1486.0,636.0,1419.0,614.0
2.0,14333.0,4283.0,2164.0,0.0,0.0,0.0,1515.0,649.0,2994.0,1289.0
2.0,10050.0,4538.0,2251.0,0.0,3492.0,3492.0,1576.0,675.0,3179.0,1359.0
2.0,5512.0,2451.0,2295.0,0.0,6119.0,6119.0,1607.0,688.0,1722.0,729.0
2.0,3061.0,144.0,2254.0,3492.0,2607.0,2607.0,1578.0,676.0,103.0,41.0
2.0,6409.0,0.0,2172.0,6119.0,0.0,0.0,1521.0,651.0,0.0,0.0
2.0,12528.0,1809.0,2128.0,2607.0,0.0,0.0,1490.0,638.0,1260.0,549.0
2.0,13326.0,3959.0,2166.0,0.0,0.0,0.0,1516.0,650.0,2765.0,1194.0
2.0,9367.0,4374.0,2249.0,0.0,4003.0,4003.0,1574.0,675.0,3063.0,1311.0
2.0,4993.0,2577.0,2294.0,0.0,6760.0,6760.0,1606.0,688.0,1810.0,767.0
2.0,2416.0,475.0,2255.0,4003.0,3076.0,3076.0,1579.0,676.0,339.0,136.0
2.0,5944.0,156.0,2174.0,6760.0,0.0,0.0,1522.0,652.0,110.0,46.0
2.0,12548.0,2032.0,2130.0,3076.0,0.0,0.0,1491.0,639.0,1415.0,617.0
2.0,13592.0,4154.0,2171.0,0.0,0.0,0.0,1520.0,651.0,2901.0,1253.0
2.0,9438.0,4369.0,2254.0,0.0,3947.0,3947.0,1578.0,676.0,3059.0,1310.0
2.0,5069.0,2477.0,2300.0,0.0,6608.0,6608.0,1610.0,690.0,1740.0,737.0
2.0,2592.0,267.0,2260.0,3947.0,2768.0,2768.0,1582.0,678.0,194.0,73.0
2.0,6272.0,0.0,2175.0,6608.0,0.0,0.0,1523.0,652.0,0.0,0.0
2.0,12880.0,1824.0,2131.0,2768.0,0.0,0.0,1492.0,639.0,1271.0,553.0
2.0,13824.0,3985.0,2169.0,0.0,0.0,0.0,1518.0,651.0,2784.0,1201.0
2.0,9839.0,4288.0,2251.0,0.0,3453.0,3453.0,1576.0,675.0,3002.0,1286.0
2.0,5551.0,2507.0,2297.0,0.0,6144.0,6144.0,1608.0,689.0,1761.0,746.0
2.0,3044.0,468.0,2261.0,3453.0,3015.0,3015.0,1583.0,678.0,332.0,136.0
2.0,6029.0,228.0,2180.0,6144.0,0.0,0.0,1526.0,654.0,158.0,70.0
2.0,11945.0,2025.0,2134.0,3015.0,0.0,0.0,1494.0,640.0,1412.0,613.0
2.0,12935.0,4113.0,2169.0,0.0,0.0,0.0,1518.0,651.0,2875.0,1238.0
2.0,8822.0,4351.0,2250.0,0.0,4529.0,4529.0,1575.0,675.0,3047.0,1304.0
2.0,4471.0,2518.0,2297.0,0.0,7235.0,7235.0,1608.0,689.0,1769.0,749.0
2.0,1953.0,427.0,2265.0,4529.0,3005.0,3005.0,1586.0,679.0,304.0,123.0
2.0,6055.0,121.0,2184.0,7235.0,0.0,0.0,1529.0,655.0,84.0,37.0
2.0,13169.0,1803.0,2134.0,3005.0,0.0,0.0,1494.0,640.0,1255.0,548.0
2.0,14371.0,3877.0,2169.0,0.0,0.0,0.0,1518.0,651.0,2710.0,1167.0
2.0,10494.0,4248.0,2250.0,0.0,2754.0,2754.0,1575.0,675.0,2974.0,1274.0
2.0,6246.0,2528.0,2299.0,0.0,5478.0,5478.0,1609.0,690.0,1774.0,754.0
2.0,3718.0,472.0,2265.0,2754.0,3060.0,3060.0,1586.0,679.0,336.0,136.0
2.0,6000.0,187.0,2184.0,5478.0,0.0,0.0,1529.0,655.0,131.0,56.0
2.0,11291.0,1939.0,2137.0,3060.0,0.0,0.0,1496.0,641.0,1352.0,587.0
2.0,12412.0,4038.0,2169.0,0.0,302.0,302.0,1518.0,651.0,2823.0,1215.0
2.0,8374.0,4386.0,2249.0,0.0,5008.0,5008.0,1574.0,675.0,3072.0,1314.0
2.0,3988.0,2626.0,2296.0,302.0,7520.0,7520.0,1607.0,689.0,1844.0,782.0
2.0,1664.0,552.0,2264.0,5008.0,2936.0,2936.0,1585.0,679.0,389.0,163.0
2.0,6120.0,223.0,2188.0,7520.0,0.0,0.0,1532.0,656.0,154.0,69.0
2.0,13417.0,1889.0,2142.0,2936.0,0.0,0.0,1500.0,642.0,1318.0,571.0
2.0,14464.0,3850.0,2174.0,0.0,0.0,0.0,1522.0,652.0,2694.0,1156.0
2.0,10614.0,4161.0,2253.0,0.0,2559.0,2559.0,1577.0,676.0,2915.0,1246.0
2.0,6453.0,2475.0,2300.0,0.0,5222.0,5222.0,1610.0,690.0,1736.0,739.0
2.0,3978.0,501.0,2271.0,2559.0,3048.0,3048.0,1590.0,681.0,353.0,148.0
2.0,6036.0,231.0,2194.0,5222.0,0.0,0.0,1536.0,658.0,161.0,70.0
2.0,11027.0,1964.0,2147.0,3048.0,0.0,0.0,1503.0,644.0,1372.0,592.0
2.0,12111.0,4051.0,2177.0,0.0,648.0,648.0,1524.0,653.0,2832.0,1219.0
2.0,8060.0,4355.0,2256.0,0.0,5319.0,5319.0,1579.0,677.0,3049.0,1306.0
2.0,3705.0,2581.0,2306.0,648.0,7452.0,7452.0,1614.0,692.0,1811.0,770.0
2.0,1772.0,561.0,2277.0,5319.0,2578.0,2578.0,1594.0,683.0,395.0,166.0
2.0,6530.0,277.0,2200.0,7452.0,0.0,0.0,1540.0,660.0,193.0,84.0
2.0,13705.0,1933.0,2150.0,2578.0,0.0,0.0,1505.0,645.0,1349.0,584.0
2.0,14350.0,3866.0,2177.0,0.0,0.0,0.0,1524.0,653.0,2703.0,1163.0
2.0,10484.0,4193.0,2256.0,0.0,2733.0,2733.0,1579.0,677.0,2937.0,1256.0
2.0,6291.0,2508.0,2303.0,0.0,5429.0,5429.0,1612.0,691.0,1761.0,747.0
2.0,3783.0,529.0,2278.0,2733.0,3125.0,3125.0,1595.0,683.0,372.0,157.0
2.0,5987.0,171.0,2206.0,5429.0,0.0,0.0,1544.0,662.0,116.0,55.0
2.0,11245.0,1826.0,2157.0,3125.0,0.0,0.0,1510.0,647.0,1276.0,550.0
2.0,12544.0,3977.0,2184.0,0.0,169.0,169.0,1529.0,655.0,2785.0,1192.0
2.0,8567.0,4462.0,2260.0,0.0,4935.0,4935.0,1582.0,678.0,3127.0,1335.0
2.0,4105.0,2821.0,2312.0,169.0,7795.0,7795.0,1618.0,694.0,1976.0,845.0
2.0,1453.0,705.0,2287.0,4935.0,3465.0,3465.0,1601.0,686.0,491.0,214.0
2.0,5683.0,185.0,2210.0,7795.0,0.0,0.0,1547.0,663.0,127.0,58.0
2.0,13293.0,1772.0,2160.0,3465.0,0.0,0.0,1512.0,648.0,1241.0,531.0
2.0,14986.0,3881.0,2187.0,0.0,0.0,0.0,1531.0,656.0,2721.0,1160.0
2.0,11105.0,4318.0,2265.0,0.0,2273.0,2273.0,1586.0,679.0,3024.0,1294.0
2.0,6787.0,2631.0,2316.0,0.0,5108.0,5108.0,1621.0,695.0,1840.0,791.0
2.0,4156.0,494.0,2290.0,2273.0,3225.0,3225.0,1603.0,687.0,343.0,151.0
2.0,5935.0,50.0,2214.0,5108.0,0.0,0.0,1550.0,664.0,35.0,15.0
2.0,10993.0,1731.0,2165.0,3225.0,0.0,0.0,1516.0,649.0,1215.0,516.0
2.0,12487.0,3923.0,2193.0,0.0,208.0,208.0,1535.0,658.0,2748.0,1175.0
2.0,8564.0,4437.0,2269.0,0.0,4949.0,4949.0,1588.0,681.0,3105.0,1332.0
2.0,4127.0,2792.0,2318.0,208.0,7729.0,7729.0,1623.0,695.0,1952.0,840.0
2.0,1543.0,692.0,2293.0,4949.0,3372.0,3372.0,1605.0,688.0,484.0,208.0
2.0,5800.0,254.0,2218.0,7729.0,0.0,0.0,1553.0,665.0,180.0,74.0
2.0,13275.0,1928.0,2171.0,3372.0,0.0,0.0,1520.0,651.0,1352.0,576.0
2.0,14719.0,3995.0,2200.0,0.0,0.0,0.0,1540.0,660.0,2797.0,1198.0
2.0,10724.0,4398.0,2277.0,0.0,2782.0,2782.0,1594.0,683.0,3078.0,1320.0
2.0,6326.0,2642.0,2324.0,0.0,5612.0,5612.0,1627.0,697.0,1846.0,796.0
2.0,3684.0,452.0,2298.0,2782.0,3178.0,3178.0,1609.0,689.0,316.0,136.0
2.0,6014.0,44.0,2225.0,5612.0,0.0,0.0,1558.0,667.0,34.0,10.0
2.0,11582.0,1820.0,2178.0,3178.0,0.0,0.0,1525.0,653.0,1276.0,544.0
2.0,12940.0,4027.0,2207.0,0.0,0.0,0.0,1545.0,662.0,2819.0,1208.0
2.0,8913.0,4469.0,2284.0,0.0,4692.0,4692.0,1599.0,685.0,3125.0,1344.0
2.0,4444.0,2699.0,2333.0,0.0,7587.0,7587.0,1633.0,700.0,1886.0,813.0
2.0,1745.0,547.0,2306.0,4692.0,3334.0,3334.0,1614.0,692.0,384.0,163.0
2.0,5890.0,128.0,2231.0,7587.0,0.0,0.0,1562.0,669.0,94.0,34.0
2.0,13349.0,1922.0,2183.0,3334.0,0.0,0.0,1528.0,655.0,1350.0,572.0
2.0,14761.0,4172.0,2213.0,0.0,0.0,0.0,1549.0,664.0,2919.0,1253.0
2.0,10589.0,4540.0,2290.0,0.0,3111.0,3111.0,1603.0,687.0,3172.0,1368.0
2.0,6049.0,2726.0,2337.0,0.0,6025.0,6025.0,1636.0,701.0,1905.0,821.0
2.0,3323.0,473.0,2310.0,3111.0,3279.0,3279.0,1617.0,693.0,331.0,142.0
2.0,5961.0,1.0,2237.0,6025.0,0.0,0.0,1566.0,671.0,1.0,0.0
2.0,11985.0,1716.0,2190.0,3279.0,0.0,0.0,1533.0,657.0,1206.0,510.0
2.0,13548.0,3886.0,2217.0,0.0,0.0,0.0,1552.0,665.0,2725.0,1161.0
2.0,9662.0,4441.0,2292.0,0.0,3947.0,3947.0,1605.0,687.0,3111.0,1330.0
2.0,5221.0,2791.0,2341.0,0.0,6934.0,6934.0,1639.0,702.0,1949.0,842.0
2.0,2430.0,590.0,2315.0,3947.0,3473.0,3473.0,1621.0,694.0,406.0,184.0
2.0,5787.0,143.0,2240.0,6934.0,0.0,0.0,1568.0,672.0,98.0,45.0
2.0,12578.0,1848.0,2191.0,3473.0,0.0,0.0,1534.0,657.0,1300.0,548.0
2.0,14203.0,4091.0,2221.0,0.0,0.0,0.0,1555.0,666.0,2871.0,1220.0
2.0,10112.0,4569.0,2298.0,0.0,3649.0,3649.0,1609.0,689.0,3199.0,1370.0
2.0,5543.0,2826.0,2347.0,0.0,6671.0,6671.0,1643.0,704.0,1973.0,853.0
2.0,2717.0,553.0,2320.0,3649.0,3467.0,3467.0,1624.0,696.0,383.0,170.0
2.0,5813.0,48.0,2247.0,6671.0,0.0,0.0,1573.0,674.0,33.0,15.0
2.0,12436.0,1722.0,2200.0,3467.0,0.0,0.0,1540.0,660.0,1209.0,513.0
2.0,14181.0,3892.0,2226.0,0.0,0.0,0.0,1558.0,668.0,2729.0,1163.0
2.0,10289.0,4374.0,2300.0,0.0,3285.0,3285.0,1610.0,690.0,3063.0,1311.0
2.0,5915.0,2694.0,2348.0,0.0,6171.0,6171.0,1644.0,704.0,1884.0,810.0
2.0,3221.0,517.0,2323.0,3285.0,3303.0,3303.0,1626.0,697.0,359.0,158.0
2.0,5989.0,94.0,2248.0,6171.0,0.0,0.0,1574.0,674.0,65.0,29.0
2.0,12066.0,1849.0,2198.0,3303.0,0.0,0.0,1539.0,659.0,1295.0,554.0
2.0,13520.0,4117.0,2223.0,0.0,0.0,0.0,1556.0,667.0,2885.0,1232.0
2.0,9403.0,4626.0,2298.0,0.0,4415.0,4415.0,1609.0,689.0,3241.0,1385.0
2.0,4777.0,2850.0,2350.0,0.0,7473.0,7473.0,1645.0,705.0,1995.0,855.0
2.0,1927.0,567.0,2327.0,4415.0,3533.0,3533.0,1629.0,698.0,393.0,174.0
2.0,5775.0,3.0,2253.0,7473.0,0.0,0.0,1577.0,676.0,0.0,3.0
2.0,13245.0,1712.0,2203.0,3533.0,0.0,0.0,1542.0,661.0,1200.0,512.0
2.0,15066.0,4004.0,2228.0,0.0,0.0,0.0,1560.0,668.0,2808.0,1196.0
2.0,11062.0,4521.0,2305.0,0.0,2679.0,2679.0,1614.0,691.0,3167.0,1354.0
2.0,6541.0,2734.0,2358.0,0.0,5625.0,5625.0,1651.0,707.0,1911.0,823.0
2.0,3807.0,425.0,2333.0,2679.0,3271.0,3271.0,1633.0,700.0,294.0,131.0
2.0,6061.0,0.0,2257.0,5625.0,0.0,0.0,1580.0,677.0,0.0,0.0
2.0,11686.0,1869.0,2207.0,3271.0,0.0,0.0,1545.0,662.0,1310.0,559.0
2.0,13088.0,4237.0,2235.0,0.0,89.0,89.0,1565.0,670.0,2969.0,1268.0
2.0,8851.0,4767.0,2314.0,0.0,5172.0,5172.0,1620.0,694.0,3337.0,1430.0
2.0,4084.0,2829.0,2363.0,89.0,8108.0,8108.0,1654.0,709.0,1979.0,850.0
2.0,1344.0,412.0,2334.0,5172.0,3232.0,3232.0,1634.0,700.0,287.0,125.0
2.0,6104.0,0.0,2257.0,8108.0,0.0,0.0,1580.0,677.0,0.0,0.0
2.0,14212.0,1804.0,2207.0,3232.0,0.0,0.0,1545.0,662.0,1265.0,539.0
2.0,15640.0,4129.0,2236.0,0.0,0.0,0.0,1565.0,671.0,2891.0,1238.0
2.0,11511.0,4581.0,2315.0,0.0,2330.0,2330.0,1621.0,694.0,3207.0,1374.0
2.0,6930.0,2683.0,2366.0,0.0,5217.0,5217.0,1656.0,710.0,1878.0,805.0
2.0,4247.0,349.0,2338.0,2330.0,3124.0,3124.0,1637.0,701.0,244.0,105.0
2.0,6228.0,0.0,2260.0,5217.0,0.0,0.0,1582.0,678.0,0.0,0.0
2.0,11445.0,1820.0,2210.0,3124.0,0.0,0.0,1547.0,663.0,1275.0,545.0
2.0,12749.0,4126.0,2237.0,0.0,325.0,325.0,1566.0,671.0,2891.0,1235.0
2.0,8623.0,4651.0,2315.0,0.0,5288.0,5288.0,1621.0,694.0,3255.0,1396.0
2.0,3972.0,2877.0,2368.0,325.0,8052.0,8052.0,1658.0,710.0,2012.0,865.0
2.0,1420.0,560.0,2343.0,5288.0,3224.0,3224.0,1640.0,703.0,391.0,169.0
2.0,6148.0,48.0,2263.0,8052.0,0.0,0.0,1584.0,679.0,35.0,13.0
2.0,14152.0,1859.0,2211.0,3224.0,0.0,0.0,1548.0,663.0,1305.0,554.0
2.0,15517.0,4175.0,2239.0,0.0,0.0,0.0,1568.0,671.0,2925.0,1250.0
2.0,11342.0,4587.0,2318.0,0.0,2517.0,2517.0,1623.0,695.0,3210.0,1377.0
2.0,6755.0,2692.0,2371.0,0.0,5421.0,5421.0,1660.0,711.0,1882.0,810.0
2.0,4063.0,349.0,2344.0,2517.0,3145.0,3145.0,1641.0,703.0,240.0,109.0
2.0,6231.0,0.0,2270.0,5421.0,0.0,0.0,1589.0,681.0,0.0,0.0
2.0,11652.0,1788.0,2218.0,3145.0,0.0,0.0,1553.0,665.0,1256.0,532.0
2.0,13009.0,4015.0,2242.0,0.0,0.0,0.0,1570.0,672.0,2815.0,1200.0
2.0,8994.0,4551.0,2318.0,0.0,4829.0,4829.0,1623.0,695.0,3187.0,1364.0
2.0,4443.0,2900.0,2371.0,0.0,7941.0,7941.0,1660.0,711.0,2024.0,876.0
2.0,1543.0,747.0,2350.0,4829.0,3775.0,3775.0,1645.0,705.0,517.0,230.0
2.0,5625.0,253.0,2276.0,7941.0,0.0,0.0,1593.0,683.0,179.0,74.0
2.0,13313.0,1928.0,2225.0,3775.0,0.0,0.0,1558.0,667.0,1356.0,572.0
2.0,15160.0,4066.0,2249.0,0.0,0.0,0.0,1575.0,674.0,2852.0,1214.0
2.0,11094.0,4530.0,2325.0,0.0,2736.0,2736.0,1628.0,697.0,3169.0,1361.0
2.0,6564.0,2733.0,2377.0,0.0,5677.0,5677.0,1664.0,713.0,1907.0,826.0
2.0,3831.0,524.0,2354.0,2736.0,3373.0,3373.0,1648.0,706.0,361.0,163.0
2.0,6043.0,45.0,2280.0,5677.0,0.0,0.0,1596.0,684.0,33.0,12.0
2.0,11675.0,1780.0,2230.0,3373.0,0.0,0.0,1561.0,669.0,1255.0,525.0
2.0,13268.0,4003.0,2255.0,0.0,0.0,0.0,1579.0,676.0,2807.0,1196.0
2.0,9265.0,4561.0,2334.0,0.0,4632.0,4632.0,1634.0,700.0,3191.0,1370.0
2.0,4704.0,2917.0,2388.0,0.0,7765.0,7765.0,1672.0,716.0,2034.0,883.0
2.0,1787.0,713.0,2366.0,4632.0,3758.0,3758.0,1656.0,710.0,494.0,219.0
2.0,5706.0,191.0,2290.0,7765.0,0.0,0.0,1603.0,687.0,138.0,53.0
2.0,13280.0,1917.0,2238.0,3758.0,0.0,0.0,1567.0,671.0,1350.0,567.0
2.0,15121.0,4106.0,2262.0,0.0,0.0,0.0,1584.0,678.0,2878.0,1228.0
2.0,11015.0,4564.0,2339.0,0.0,2905.0,2905.0,1638.0,701.0,3192.0,1372.0
2.0,6451.0,2813.0,2393.0,0.0,5934.0,5934.0,1675.0,718.0,1961.0,852.0
2.0,3638.0,582.0,2371.0,2905.0,3523.0,3523.0,1660.0,711.0,402.0,180.0
2.0,5961.0,84.0,2296.0,5934.0,0.0,0.0,1607.0,689.0,63.0,21.0
2.0,11811.0,1770.0,2243.0,3523.0,0.0,0.0,1570.0,673.0,1249.0,521.0
2.0,13564.0,3975.0,2267.0,0.0,0.0,0.0,1587.0,680.0,2787.0,1188.0
2.0,9589.0,4467.0,2345.0,0.0,4258.0,4258.0,1642.0,703.0,3123.0,1344.0
2.0,5122.0,2884.0,2400.0,0.0,7362.0,7362.0,1680.0,720.0,2009.0,875.0
2.0,2238.0,798.0,2380.0,4258.0,3822.0,3822.0,1666.0,714.0,554.0,244.0
2.0,5698.0,262.0,2303.0,7362.0,0.0,0.0,1612.0,691.0,189.0,73.0
2.0,12798.0,1860.0,2247.0,3822.0,0.0,0.0,1573.0,674.0,1312.0,548.0
2.0,14760.0,4024.0,2271.0,0.0,0.0,0.0,1590.0,681.0,2820.0,1204.0
2.0,10736.0,4627.0,2351.0,0.0,3295.0,3295.0,1646.0,705.0,3235.0,1392.0
2.0,6109.0,2985.0,2408.0,0.0,6508.0,6508.0,1686.0,722.0,2083.0,902.0
2.0,3124.0,760.0,2388.0,3295.0,3893.0,3893.0,1672.0,716.0,529.0,231.0
2.0,5659.0,115.0,2311.0,6508.0,0.0,0.0,1618.0,693.0,84.0,31.0
2.0,12052.0,1694.0,2256.0,3893.0,0.0,0.0,1579.0,677.0,1191.0,503.0
2.0,14251.0,3874.0,2279.0,0.0,0.0,0.0,1596.0,683.0,2715.0,1159.0
2.0,10377.0,4462.0,2358.0,0.0,3517.0,3517.0,1651.0,707.0,3122.0,1340.0
2.0,5915.0,2842.0,2413.0,0.0,6579.0,6579.0,1689.0,724.0,1986.0,856.0
2.0,3073.0,709.0,2391.0,3517.0,3683.0,3683.0,1674.0,717.0,492.0,217.0
2.0,5881.0,192.0,2316.0,6579.0,0.0,0.0,1621.0,695.0,134.0,58.0
2.0,12268.0,1887.0,2263.0,3683.0,0.0,0.0,1584.0,679.0,1326.0,561.0
2.0,14064.0,4134.0,2287.0,0.0,0.0,0.0,1601.0,686.0,2898.0,1236.0
2.0,9930.0,4682.0,2365.0,0.0,4212.0,4212.0,1656.0,709.0,3279.0,1403.0
2.0,5248.0,2976.0,2422.0,0.0,7416.0,7416.0,1696.0,726.0,2081.0,895.0
2.0,2272.0,727.0,2400.0,4212.0,3843.0,3843.0,1680.0,720.0,504.0,223.0
2.0,5757.0,108.0,2323.0,7416.0,0.0,0.0,1626.0,697.0,73.0,35.0
2.0,13065.0,1764.0,2268.0,3843.0,0.0,0.0,1588.0,680.0,1240.0,524.0
2.0,15144.0,3977.0,2293.0,0.0,0.0,0.0,1605.0,688.0,2789.0,1188.0
2.0,11167.0,4514.0,2372.0,0.0,2835.0,2835.0,1661.0,711.0,3161.0,1353.0
2.0,6653.0,2782.0,2427.0,0.0,5837.0,5837.0,1699.0,728.0,1944.0,838.0
2.0,3871.0,590.0,2403.0,2835.0,3496.0,3496.0,1682.0,721.0,410.0,180.0
2.0,6116.0,136.0,2328.0,5837.0,0.0,0.0,1630.0,698.0,94.0,42.0
2.0,11817.0,1940.0,2278.0,3496.0,0.0,0.0,1595.0,683.0,1361.0,579.0
2.0,13373.0,4141.0,2302.0,0.0,0.0,0.0,1612.0,690.0,2903.0,1238.0
2.0,9232.0,4584.0,2376.0,0.0,4856.0,4856.0,1664.0,712.0,3210.0,1374.0
2.0,4648.0,2847.0,2425.0,0.0,7899.0,7899.0,1698.0,727.0,1990.0,857.0
2.0,1801.0,691.0,2402.0,4856.0,3642.0,3642.0,1682.0,720.0,480.0,211.0
2.0,5966.0,234.0,2328.0,7899.0,0.0,0.0,1630.0,698.0,163.0,71.0
2.0,13631.0,1930.0,2278.0,3642.0,0.0,0.0,1595.0,683.0,1354.0,576.0
2.0,15343.0,4018.0,2303.0,0.0,0.0,0.0,1612.0,691.0,2815.0,1203.0
2.0,11325.0,4378.0,2377.0,0.0,2561.0,2561.0,1664.0,713.0,3066.0,1312.0
2.0,6947.0,2682.0,2428.0,0.0,5447.0,5447.0,1700.0,728.0,1875.0,807.0
2.0,4265.0,588.0,2405.0,2561.0,3382.0,3382.0,1684.0,721.0,409.0,179.0
2.0,6238.0,178.0,2331.0,5447.0,0.0,0.0,1632.0,699.0,125.0,53.0
2.0,11507.0,1889.0,2280.0,3382.0,0.0,0.0,1596.0,684.0,1324.0,565.0
2.0,13000.0,4082.0,2302.0,0.0,290.0,290.0,1612.0,690.0,2860.0,1222.0
2.0,8918.0,4581.0,2377.0,0.0,5171.0,5171.0,1664.0,713.0,3208.0,1373.0
2.0,4337.0,2930.0,2430.0,290.0,8023.0,8023.0,1701.0,729.0,2051.0,879.0
2.0,1697.0,823.0,2408.0,5171.0,3587.0,3587.0,1686.0,722.0,572.0,251.0
2.0,6045.0,321.0,2336.0,8023.0,0.0,0.0,1635.0,701.0,222.0,99.0
2.0,13747.0,1926.0,2285.0,3587.0,0.0,0.0,1600.0,685.0,1350.0,576.0
2.0,15408.0,3977.0,2308.0,0.0,0.0,0.0,1616.0,692.0,2790.0,1187.0
2.0,11431.0,4408.0,2381.0,0.0,2501.0,2501.0,1667.0,714.0,3090.0,1318.0
2.0,7023.0,2775.0,2432.0,0.0,5480.0,5480.0,1703.0,729.0,1938.0,837.0
2.0,4248.0,665.0,2411.0,2501.0,3560.0,3560.0,1688.0,723.0,458.0,207.0
2.0,6084.0,171.0,2339.0,5480.0,0.0,0.0,1637.0,702.0,117.0,54.0
2.0,11393.0,1773.0,2287.0,3560.0,0.0,0.0,1601.0,686.0,1246.0,527.0
2.0,13180.0,3901.0,2306.0,0.0,0.0,0.0,1615.0,691.0,2740.0,1161.0
2.0,9279.0,4529.0,2378.0,0.0,4762.0,4762.0,1665.0,713.0,3175.0,1354.0
2.0,4750.0,2955.0,2429.0,0.0,7921.0,7921.0,1701.0,728.0,2064.0,891.0
2.0,1795.0,796.0,2409.0,4762.0,3875.0,3875.0,1686.0,723.0,548.0,248.0
2.0,5761.0,312.0,2337.0,7921.0,0.0,0.0,1636.0,701.0,214.0,98.0
2.0,13370.0,1927.0,2286.0,3875.0,0.0,0.0,1600.0,686.0,1354.0,573.0
2.0,15318.0,4057.0,2307.0,0.0,0.0,0.0,1615.0,692.0,2847.0,1210.0
2.0,11261.0,4514.0,2378.0,0.0,2765.0,2765.0,1665.0,713.0,3162.0,1352.0
2.0,6747.0,2766.0,2430.0,0.0,5739.0,5739.0,1701.0,729.0,1934.0,832.0
2.0,3981.0,653.0,2410.0,2765.0,3547.0,3547.0,1687.0,723.0,451.0,202.0
2.0,6093.0,171.0,2339.0,5739.0,0.0,0.0,1637.0,702.0,116.0,55.0
2.0,11661.0,1841.0,2288.0,3547.0,0.0,0.0,1602.0,686.0,1291.0,550.0
2.0,13367.0,4008.0,2311.0,0.0,0.0,0.0,1618.0,693.0,2813.0,1195.0
2.0,9359.0,4535.0,2384.0,0.0,4712.0,4712.0,1669.0,715.0,3178.0,1357.0
2.0,4824.0,2902.0,2436.0,0.0,7822.0,7822.0,1706.0,730.0,2028.0,874.0
2.0,1922.0,767.0,2414.0,4712.0,3789.0,3789.0,1690.0,724.0,530.0,237.0
2.0,5867.0,269.0,2340.0,7822.0,0.0,0.0,1638.0,702.0,185.0,84.0
2.0,13420.0,1916.0,2287.0,3789.0,0.0,0.0,1601.0,686.0,1345.0,571.0
2.0,15293.0,4043.0,2307.0,0.0,0.0,0.0,1615.0,692.0,2837.0,1206.0
2.0,11250.0,4590.0,2382.0,0.0,2868.0,2868.0,1668.0,714.0,3216.0,1374.0
2.0,6660.0,2925.0,2436.0,0.0,6009.0,6009.0,1706.0,730.0,2044.0,881.0
2.0,3735.0,660.0,2414.0,2868.0,3713.0,3713.0,1690.0,724.0,456.0,204.0
2.0,5943.0,93.0,2340.0,6009.0,0.0,0.0,1638.0,702.0,63.0,30.0
2.0,11859.0,1760.0,2287.0,3713.0,0.0,0.0,1601.0,686.0,1237.0,523.0
2.0,13812.0,3984.0,2310.0,0.0,0.0,0.0,1617.0,693.0,2796.0,1188.0
2.0,9828.0,4596.0,2387.0,0.0,4316.0,4316.0,1671.0,716.0,3218.0,1378.0
2.0,5232.0,3000.0,2442.0,0.0,7536.0,7536.0,1710.0,732.0,2095.0,905.0
2.0,2232.0,798.0,2420.0,4316.0,3930.0,3930.0,1694.0,726.0,553.0,245.0
2.0,5750.0,233.0,2346.0,7536.0,0.0,0.0,1642.0,704.0,161.0,72.0
2.0,13053.0,1884.0,2293.0,3930.0,0.0,0.0,1605.0,688.0,1324.0,560.0
2.0,15099.0,4112.0,2318.0,0.0,0.0,0.0,1623.0,695.0,2887.0,1225.0
2.0,10987.0,4651.0,2394.0,0.0,3240.0,3240.0,1676.0,718.0,3259.0,1392.0
2.0,6336.0,2966.0,2447.0,0.0,6418.0,6418.0,1713.0,734.0,2071.0,895.0
2.0,3370.0,683.0,2423.0,3240.0,3765.0,3765.0,1696.0,727.0,470.0,213.0
2.0,5927.0,132.0,2347.0,6418.0,0.0,0.0,1643.0,704.0,88.0,44.0
2.0,12213.0,1860.0,2299.0,3765.0,0.0,0.0,1609.0,690.0,1308.0,552.0
2.0,14118.0,4029.0,2325.0,0.0,0.0,0.0,1628.0,697.0,2830.0,1199.0
2.0,10089.0,4568.0,2402.0,0.0,4087.0,4087.0,1682.0,720.0,3201.0,1367.0
2.0,5521.0,2879.0,2454.0,0.0,7174.0,7174.0,1718.0,736.0,2010.0,869.0
2.0,2642.0,679.0,2430.0,4087.0,3670.0,3670.0,1701.0,729.0,465.0,214.0
2.0,6050.0,207.0,2356.0,7174.0,0.0,0.0,1649.0,707.0,140.0,67.0
2.0,13017.0,1974.0,2306.0,3670.0,0.0,0.0,1614.0,692.0,1389.0,585.0
2.0,14713.0,4228.0,2331.0,0.0,0.0,0.0,1632.0,699.0,2972.0,1256.0
2.0,10485.0,4657.0,2404.0,0.0,3788.0,3788.0,1683.0,721.0,3264.0,1393.0
2.0,5828.0,2934.0,2454.0,0.0,6922.0,6922.0,1718.0,736.0,2044.0,890.0
2.0,2894.0,724.0,2431.0,3788.0,3766.0,3766.0,1702.0,729.0,494.0,230.0
2.0,5958.0,265.0,2360.0,6922.0,0.0,0.0,1652.0,708.0,184.0,81.0
2.0,12615.0,1980.0,2313.0,3766.0,0.0,0.0,1619.0,694.0,1396.0,584.0
2.0,14401.0,4078.0,2338.0,0.0,0.0,0.0,1637.0,701.0,2866.0,1212.0
2.0,10323.0,4506.0,2412.0,0.0,3831.0,3831.0,1689.0,723.0,3158.0,1348.0
2.0,5817.0,2753.0,2462.0,0.0,6784.0,6784.0,1724.0,738.0,1917.0,836.0
2.0,3064.0,541.0,2438.0,3831.0,3398.0,3398.0,1707.0,731.0,366.0,175.0
2.0,6354.0,223.0,2367.0,6784.0,0.0,0.0,1657.0,710.0,155.0,68.0
2.0,12915.0,2138.0,2322.0,3398.0,0.0,0.0,1625.0,697.0,1507.0,631.0
2.0,14175.0,4337.0,2348.0,0.0,0.0,0.0,1644.0,704.0,3049.0,1288.0
2.0,9838.0,4625.0,2422.0,0.0,4475.0,4475.0,1696.0,726.0,3239.0,1386.0
2.0,5213.0,2788.0,2469.0,0.0,7451.0,7451.0,1729.0,740.0,1940.0,848.0
2.0,2425.0,660.0,2446.0,4475.0,3544.0,3544.0,1712.0,734.0,450.0,210.0
2.0,6240.0,370.0,2374.0,7451.0,0.0,0.0,1662.0,712.0,260.0,110.0
2.0,13321.0,2092.0,2327.0,3544.0,0.0,0.0,1629.0,698.0,1478.0,614.0
2.0,14773.0,4132.0,2354.0,0.0,0.0,0.0,1648.0,706.0,2904.0,1228.0
2.0,10641.0,4406.0,2426.0,0.0,3469.0,3469.0,1699.0,727.0,3082.0,1324.0
2.0,6235.0,2669.0,2474.0,0.0,6330.0,6330.0,1732.0,742.0,1856.0,813.0
2.0,3566.0,658.0,2451.0,3469.0,3427.0,3427.0,1716.0,735.0,449.0,209.0
2.0,6377.0,309.0,2380.0,6330.0,0.0,0.0,1666.0,714.0,217.0,92.0
2.0,12398.0,2004.0,2331.0,3427.0,0.0,0.0,1632.0,699.0,1415.0,589.0
2.0,13821.0,4139.0,2355.0,0.0,0.0,0.0,1649.0,706.0,2910.0,1229.0
2.0,9682.0,4624.0,2429.0,0.0,4658.0,4658.0,1701.0,728.0,3236.0,1388.0
2.0,5058.0,2964.0,2481.0,0.0,7830.0,7830.0,1737.0,744.0,2063.0,901.0
2.0,2094.0,832.0,2460.0,4658.0,3920.0,3920.0,1722.0,738.0,573.0,259.0
2.0,5920.0,333.0,2389.0,7830.0,0.0,0.0,1672.0,717.0,234.0,99.0
2.0,13417.0,1981.0,2339.0,3920.0,0.0,0.0,1637.0,702.0,1397.0,584.0
2.0,15356.0,4018.0,2360.0,0.0,0.0,0.0,1652.0,708.0,2822.0,1196.0
2.0,11338.0,4381.0,2431.0,0.0,2767.0,2767.0,1702.0,729.0,3066.0,1315.0
2.0,6957.0,2731.0,2482.0,0.0,5702.0,5702.0,1738.0,744.0,1902.0,829.0
2.0,4226.0,658.0,2461.0,2767.0,3509.0,3509.0,1723.0,738.0,452.0,206.0
2.0,6335.0,250.0,2389.0,5702.0,0.0,0.0,1672.0,717.0,176.0,74.0
2.0,11787.0,1976.0,2339.0,3509.0,0.0,0.0,1637.0,702.0,1393.0,583.0
2.0,13320.0,4118.0,2361.0,0.0,242.0,242.0,1653.0,708.0,2892.0,1226.0
2.0,9202.0,4610.0,2434.0,0.0,5144.0,5144.0,1704.0,730.0,3228.0,1382.0
2.0,4592.0,3042.0,2488.0,242.0,8160.0,8160.0,1742.0,746.0,2121.0,921.0
2.0,1792.0,885.0,2468.0,5144.0,3821.0,3821.0,1728.0,740.0,610.0,275.0
2.0,6051.0,343.0,2396.0,8160.0,0.0,0.0,1677.0,719.0,239.0,104.0
2.0,13868.0,1970.0,2344.0,3821.0,0.0,0.0,1641.0,703.0,1387.0,583.0
2.0,15719.0,4040.0,2365.0,0.0,0.0,0.0,1656.0,709.0,2836.0,1204.0
2.0,11679.0,4505.0,2438.0,0.0,2578.0,2578.0,1707.0,731.0,3155.0,1350.0
2.0,7174.0,2866.0,2491.0,0.0,5656.0,5656.0,1744.0,747.0,2000.0,866.0
2.0,4308.0,765.0,2470.0,2578.0,3759.0,3759.0,1729.0,741.0,528.0,237.0
2.0,6121.0,199.0,2396.0,5656.0,0.0,0.0,1677.0,719.0,138.0,61.0
2.0,11578.0,1805.0,2343.0,3759.0,0.0,0.0,1640.0,703.0,1270.0,535.0
2.0,13532.0,3934.0,2364.0,0.0,0.0,0.0,1655.0,709.0,2762.0,1172.0
2.0,9598.0,4527.0,2438.0,0.0,4681.0,4681.0,1707.0,731.0,3171.0,1356.0
2.0,5071.0,3075.0,2492.0,0.0,7972.0,7972.0,1745.0,747.0,2145.0,930.0
2.0,1996.0,944.0,2473.0,4681.0,4159.0,4159.0,1731.0,742.0,654.0,290.0
2.0,5733.0,345.0,2399.0,7972.0,0.0,0.0,1679.0,720.0,242.0,103.0
2.0,13360.0,1912.0,2346.0,4159.0,0.0,0.0,1642.0,704.0,1344.0,568.0
2.0,15607.0,4034.0,2367.0,0.0,0.0,0.0,1657.0,710.0,2829.0,1205.0
2.0,11573.0,4616.0,2442.0,0.0,2811.0,2811.0,1710.0,732.0,3231.0,1385.0
2.0,6957.0,3046.0,2495.0,0.0,6069.0,6069.0,1747.0,748.0,2127.0,919.0
2.0,3911.0,866.0,2474.0,2811.0,4040.0,4040.0,1732.0,742.0,601.0,265.0
2.0,5856.0,218.0,2399.0,6069.0,0.0,0.0,1679.0,720.0,154.0,64.0
2.0,11707.0,1750.0,2346.0,4040.0,0.0,0.0,1642.0,704.0,1232.0,518.0
2.0,13997.0,3899.0,2368.0,0.0,0.0,0.0,1658.0,710.0,2735.0,1164.0
2.0,10098.0,4522.0,2445.0,0.0,4204.0,4204.0,1712.0,733.0,3163.0,1359.0
2.0,5576.0,3060.0,2499.0,0.0,7480.0,7480.0,1750.0,749.0,2134.0,926.0
2.0,2516.0,942.0,2477.0,4204.0,4130.0,4130.0,1734.0,743.0,654.0,288.0
2.0,5778.0,366.0,2400.0,7480.0,0.0,0.0,1680.0,720.0,260.0,106.0
2.0,12892.0,1939.0,2349.0,4130.0,0.0,0.0,1644.0,705.0,1365.0,574.0
2.0,15083.0,4090.0,2374.0,0.0,0.0,0.0,1662.0,712.0,2867.0,1223.0
2.0,10993.0,4671.0,2451.0,0.0,3482.0,3482.0,1716.0,735.0,3266.0,1405.0
2.0,6322.0,3095.0,2503.0,0.0,6785.0,6785.0,1752.0,751.0,2160.0,935.0
2.0,3227.0,854.0,2479.0,3482.0,4061.0,4061.0,1735.0,744.0,595.0,259.0
2.0,5855.0,224.0,2404.0,6785.0,0.0,0.0,1683.0,721.0,159.0,65.0
2.0,12416.0,1775.0,2353.0,4061.0,0.0,0.0,1647.0,706.0,1249.0,526.0
2.0,14702.0,3881.0,2377.0,0.0,0.0,0.0,1664.0,713.0,2723.0,1158.0
2.0,10821.0,4436.0,2449.0,0.0,3411.0,3411.0,1715.0,734.0,3104.0,1332.0
2.0,6385.0,2954.0,2501.0,0.0,6573.0,6573.0,1751.0,750.0,2059.0,895.0
2.0,3431.0,869.0,2479.0,3411.0,3943.0,3943.0,1735.0,744.0,601.0,268.0
2.0,5973.0,362.0,2406.0,6573.0,0.0,0.0,1684.0,722.0,255.0,107.0
2.0,12184.0,1956.0,2354.0,3943.0,0.0,0.0,1648.0,706.0,1381.0,575.0
2.0,14171.0,4082.0,2376.0,0.0,0.0,0.0,1664.0,712.0,2865.0,1217.0
2.0,10089.0,4667.0,2449.0,0.0,4374.0,4374.0,1715.0,734.0,3264.0,1403.0
2.0,5422.0,3075.0,2502.0,0.0,7661.0,7661.0,1752.0,750.0,2142.0,933.0
2.0,2347.0,901.0,2482.0,4374.0,4108.0,4108.0,1737.0,745.0,623.0,278.0
2.0,5820.0,248.0,2409.0,7661.0,0.0,0.0,1686.0,723.0,178.0,70.0
2.0,13233.0,1819.0,2360.0,4108.0,0.0,0.0,1652.0,708.0,1285.0,534.0
2.0,15522.0,3996.0,2384.0,0.0,0.0,0.0,1669.0,715.0,2805.0,1191.0
2.0,11526.0,4558.0,2459.0,0.0,2868.0,2868.0,1722.0,737.0,3185.0,1373.0
2.0,6968.0,2962.0,2511.0,0.0,6038.0,6038.0,1758.0,753.0,2061.0,901.0
2.0,4006.0,745.0,2487.0,2868.0,3819.0,3819.0,1741.0,746.0,515.0,230.0
2.0,6129.0,247.0,2413.0,6038.0,0.0,0.0,1689.0,724.0,180.0,67.0
2.0,11920.0,1939.0,2361.0,3819.0,0.0,0.0,1653.0,708.0,1370.0,569.0
2.0,13800.0,4118.0,2382.0,0.0,0.0,0.0,1668.0,714.0,2887.0,1231.0
2.0,9682.0,4747.0,2457.0,0.0,4893.0,4893.0,1720.0,737.0,3316.0,1431.0
2.0,4935.0,3183.0,2511.0,0.0,8292.0,8292.0,1758.0,753.0,2218.0,965.0
2.0,1752.0,967.0,2492.0,4893.0,4290.0,4290.0,1744.0,748.0,671.0,296.0
2.0,5678.0,370.0,2422.0,8292.0,0.0,0.0,1695.0,727.0,263.0,107.0
2.0,13600.0,1867.0,2371.0,4290.0,0.0,0.0,1660.0,711.0,1318.0,549.0
2.0,16023.0,3864.0,2390.0,0.0,0.0,0.0,1673.0,717.0,2711.0,1153.0
2.0,12159.0,4465.0,2461.0,0.0,2150.0,2150.0,1723.0,738.0,3122.0,1343.0
2.0,7694.0,2978.0,2515.0,0.0,5344.0,5344.0,1761.0,754.0,2076.0,902.0
2.0,4716.0,937.0,2498.0,2150.0,4063.0,4063.0,1749.0,749.0,649.0,288.0
2.0,5929.0,390.0,2430.0,5344.0,0.0,0.0,1701.0,729.0,276.0,114.0
2.0,10883.0,1810.0,2377.0,4063.0,0.0,0.0,1664.0,713.0,1277.0,533.0
2.0,13136.0,3866.0,2393.0,0.0,302.0,302.0,1675.0,718.0,2712.0,1154.0
2.0,9270.0,4528.0,2462.0,0.0,5106.0,5106.0,1724.0,738.0,3167.0,1361.0
2.0,4742.0,3191.0,2517.0,302.0,8215.0,8215.0,1762.0,755.0,2227.0,964.0
2.0,1853.0,1228.0,2503.0,5106.0,4281.0,4281.0,1752.0,751.0,854.0,374.0
2.0,5731.0,558.0,2436.0,8215.0,0.0,0.0,1705.0,731.0,392.0,166.0
2.0,13388.0,1828.0,2383.0,4281.0,0.0,0.0,1668.0,715.0,1287.0,541.0
2.0,15841.0,3777.0,2397.0,0.0,0.0,0.0,1678.0,719.0,2651.0,1126.0
2.0,12064.0,4403.0,2465.0,0.0,2199.0,2199.0,1726.0,739.0,3082.0,1321.0
2.0,7661.0,3013.0,2518.0,0.0,5424.0,5424.0,1763.0,755.0,2102.0,911.0
2.0,4648.0,997.0,2504.0,2199.0,4166.0,4166.0,1753.0,751.0,691.0,306.0
2.0,5850.0,452.0,2438.0,5424.0,0.0,0.0,1706.0,732.0,315.0,137.0
2.0,10822.0,1910.0,2387.0,4166.0,0.0,0.0,1671.0,716.0,1344.0,566.0
2.0,13078.0,3873.0,2404.0,0.0,411.0,411.0,1683.0,721.0,2720.0,1153.0
2.0,9205.0,4340.0,2469.0,0.0,5011.0,5011.0,1729.0,740.0,3040.0,1300.0
2.0,4865.0,2930.0,2518.0,411.0,7726.0,7726.0,1763.0,755.0,2043.0,887.0
2.0,2346.0,1161.0,2503.0,5011.0,3816.0,3816.0,1752.0,751.0,804.0,357.0
2.0,6196.0,836.0,2440.0,7726.0,0.0,0.0,1708.0,732.0,583.0,253.0
2.0,13086.0,2230.0,2394.0,3816.0,0.0,0.0,1676.0,718.0,1569.0,661.0
2.0,14672.0,3927.0,2409.0,0.0,0.0,0.0,1687.0,722.0,2759.0,1168.0
2.0,10745.0,4227.0,2474.0,0.0,3378.0,3378.0,1732.0,742.0,2960.0,1267.0
2.0,6518.0,2767.0,2524.0,0.0,6345.0,6345.0,1767.0,757.0,1928.0,839.0
2.0,3751.0,1004.0,2509.0,3378.0,3911.0,3911.0,1756.0,753.0,694.0,310.0
2.0,6125.0,697.0,2447.0,6345.0,0.0,0.0,1713.0,734.0,488.0,209.0
2.0,11773.0,2147.0,2403.0,3911.0,0.0,0.0,1682.0,721.0,1513.0,634.0
2.0,13537.0,3932.0,2422.0,0.0,83.0,83.0,1696.0,726.0,2761.0,1171.0
2.0,9605.0,4261.0,2488.0,0.0,4608.0,4608.0,1742.0,746.0,2984.0,1277.0
2.0,5344.0,2840.0,2535.0,83.0,7553.0,7553.0,1775.0,760.0,1979.0,861.0
2.0,2587.0,1128.0,2519.0,4608.0,4009.0,4009.0,1763.0,756.0,781.0,347.0
2.0,6067.0,886.0,2457.0,7553.0,0.0,0.0,1720.0,737.0,619.0,267.0
2.0,12734.0,2379.0,2413.0,4009.0,0.0,0.0,1689.0,724.0,1674.0,705.0
2.0,14364.0,4036.0,2432.0,0.0,0.0,0.0,1703.0,729.0,2834.0,1202.0
2.0,10328.0,4191.0,2495.0,0.0,3843.0,3843.0,1747.0,748.0,2934.0,1257.0
2.0,6137.0,2717.0,2543.0,0.0,6752.0,6752.0,1780.0,763.0,1893.0,824.0
2.0,3420.0,1068.0,2529.0,3843.0,3921.0,3921.0,1770.0,759.0,740.0,328.0
2.0,6195.0,781.0,2466.0,6752.0,0.0,0.0,1726.0,740.0,548.0,233.0
2.0,12166.0,2206.0,2421.0,3921.0,0.0,0.0,1695.0,726.0,1553.0,653.0
2.0,13881.0,3836.0,2438.0,0.0,0.0,0.0,1707.0,731.0,2693.0,1143.0
2.0,10045.0,4094.0,2502.0,0.0,4057.0,4057.0,1752.0,750.0,2867.0,1227.0
2.0,5951.0,2700.0,2550.0,0.0,6949.0,6949.0,1785.0,765.0,1882.0,818.0
2.0,3251.0,1117.0,2534.0,4057.0,3945.0,3945.0,1774.0,760.0,771.0,346.0
2.0,6191.0,939.0,2473.0,6949.0,0.0,0.0,1731.0,742.0,656.0,283.0
2.0,12201.0,2338.0,2426.0,3945.0,0.0,0.0,1698.0,728.0,1646.0,692.0
2.0,13808.0,3908.0,2441.0,0.0,0.0,0.0,1709.0,732.0,2745.0,1163.0
2.0,9900.0,4162.0,2502.0,0.0,4270.0,4270.0,1752.0,750.0,2915.0,1247.0
2.0,5738.0,2802.0,2548.0,0.0,7256.0,7256.0,1784.0,764.0,1954.0,848.0
2.0,2936.0,1095.0,2534.0,4270.0,4025.0,4025.0,1774.0,760.0,758.0,337.0
2.0,6111.0,768.0,2474.0,7256.0,0.0,0.0,1732.0,742.0,538.0,230.0
2.0,12599.0,2093.0,2428.0,4025.0,0.0,0.0,1700.0,728.0,1473.0,620.0
2.0,14531.0,3828.0,2445.0,0.0,0.0,0.0,1712.0,733.0,2687.0,1141.0
2.0,10703.0,4169.0,2507.0,0.0,3494.0,3494.0,1755.0,752.0,2918.0,1251.0
2.0,6534.0,2803.0,2554.0,0.0,6485.0,6485.0,1788.0,766.0,1956.0,847.0
2.0,3731.0,1117.0,2540.0,3494.0,4052.0,4052.0,1778.0,762.0,775.0,342.0
2.0,6108.0,740.0,2480.0,6485.0,0.0,0.0,1736.0,744.0,517.0,223.0
2.0,11853.0,2171.0,2434.0,4052.0,0.0,0.0,1704.0,730.0,1527.0,644.0
2.0,13734.0,3992.0,2450.0,0.0,58.0,58.0,1715.0,735.0,2803.0,1189.0
2.0,9742.0,4442.0,2512.0,0.0,4748.0,4748.0,1759.0,753.0,3109.0,1333.0
2.0,5300.0,3019.0,2559.0,58.0,7897.0,7897.0,1792.0,767.0,2106.0,913.0
2.0,2339.0,1146.0,2546.0,4748.0,4243.0,4243.0,1782.0,764.0,797.0,349.0
2.0,5941.0,658.0,2486.0,7897.0,0.0,0.0,1740.0,746.0,463.0,195.0
2.0,13180.0,2007.0,2440.0,4243.0,0.0,0.0,1708.0,732.0,1411.0,596.0
2.0,15416.0,3836.0,2455.0,0.0,0.0,0.0,1719.0,736.0,2690.0,1146.0
2.0,11580.0,4317.0,2520.0,0.0,2817.0,2817.0,1764.0,756.0,3019.0,1298.0
2.0,7263.0,2891.0,2567.0,0.0,5896.0,5896.0,1797.0,770.0,2015.0,876.0
2.0,4372.0,1003.0,2549.0,2817.0,4010.0,4010.0,1784.0,765.0,699.0,304.0
2.0,6186.0,595.0,2486.0,5896.0,0.0,0.0,1740.0,746.0,421.0,174.0
2.0,11487.0,2071.0,2443.0,4010.0,0.0,0.0,1710.0,733.0,1459.0,612.0
2.0,13426.0,4068.0,2464.0,0.0,498.0,498.0,1725.0,739.0,2852.0,1216.0
2.0,9358.0,4624.0,2531.0,0.0,5390.0,5390.0,1772.0,759.0,3233.0,1391.0
2.0,4734.0,3106.0,2575.0,498.0,8174.0,8174.0,1803.0,772.0,2165.0,941.0
2.0,2126.0,1103.0,2553.0,5390.0,3799.0,3799.0,1787.0,766.0,768.0,335.0
2.0,6413.0,573.0,2489.0,8174.0,0.0,0.0,1742.0,747.0,404.0,169.0
2.0,14014.0,1961.0,2445.0,3799.0,0.0,0.0,1712.0,733.0,1383.0,578.0
2.0,15852.0,3903.0,2467.0,0.0,0.0,0.0,1727.0,740.0,2738.0,1165.0
2.0,11949.0,4464.0,2533.0,0.0,2647.0,2647.0,1774.0,759.0,3121.0,1343.0
2.0,7485.0,3028.0,2578.0,0.0,5855.0,5855.0,1805.0,773.0,2111.0,917.0
2.0,4457.0,1005.0,2556.0,2647.0,4125.0,4125.0,1789.0,767.0,699.0,306.0
2.0,6099.0,507.0,2490.0,5855.0,0.0,0.0,1743.0,747.0,359.0,148.0
2.0,11447.0,1983.0,2447.0,4125.0,0.0,0.0,1713.0,734.0,1397.0,586.0
2.0,13589.0,4018.0,2469.0,0.0,305.0,305.0,1729.0,740.0,2816.0,1202.0
2.0,9571.0,4521.0,2534.0,0.0,5086.0,5086.0,1774.0,760.0,3161.0,1360.0
2.0,5050.0,3111.0,2577.0,305.0,8064.0,8064.0,1804.0,773.0,2171.0,940.0
2.0,2244.0,1221.0,2554.0,5086.0,4107.0,4107.0,1788.0,766.0,850.0,371.0
2.0,6109.0,690.0,2490.0,8064.0,0.0,0.0,1743.0,747.0,485.0,205.0
2.0,13483.0,2081.0,2450.0,4107.0,0.0,0.0,1715.0,735.0,1465.0,616.0
2.0,15509.0,3934.0,2474.0,0.0,0.0,0.0,1732.0,742.0,2760.0,1174.0
2.0,11575.0,4365.0,2537.0,0.0,2938.0,2938.0,1776.0,761.0,3054.0,1311.0
2.0,7210.0,2964.0,2578.0,0.0,6066.0,6066.0,1805.0,773.0,2066.0,898.0
2.0,4246.0,1051.0,2557.0,2938.0,4095.0,4095.0,1790.0,767.0,731.0,320.0
2.0,6133.0,529.0,2493.0,6066.0,0.0,0.0,1745.0,748.0,372.0,157.0
2.0,11670.0,1894.0,2451.0,4095.0,0.0,0.0,1716.0,735.0,1335.0,559.0
2.0,13871.0,3870.0,2474.0,0.0,0.0,0.0,1732.0,742.0,2714.0,1156.0
2.0,10001.0,4464.0,2538.0,0.0,4615.0,4615.0,1777.0,761.0,3121.0,1343.0
2.0,5537.0,3262.0,2582.0,0.0,8053.0,8053.0,1808.0,774.0,2277.0,985.0
2.0,2275.0,1422.0,2564.0,4615.0,4788.0,4788.0,1795.0,769.0,991.0,431.0
2.0,5468.0,745.0,2504.0,8053.0,0.0,0.0,1753.0,751.0,525.0,220.0
2.0,12776.0,1968.0,2461.0,4788.0,0.0,0.0,1723.0,738.0,1384.0,584.0
2.0,15596.0,3791.0,2481.0,0.0,0.0,0.0,1737.0,744.0,2657.0,1134.0
2.0,11805.0,4372.0,2544.0,0.0,2743.0,2743.0,1781.0,763.0,3059.0,1313.0
2.0,7433.0,3093.0,2588.0,0.0,6012.0,6012.0,1812.0,776.0,2162.0,931.0
2.0,4340.0,1206.0,2571.0,2743.0,4407.0,4407.0,1800.0,771.0,841.0,365.0
2.0,5877.0,550.0,2508.0,6012.0,0.0,0.0,1756.0,752.0,384.0,166.0
2.0,11339.0,1753.0,2461.0,4407.0,0.0,0.0,1723.0,738.0,1232.0,521.0
2.0,13993.0,3754.0,2480.0,0.0,0.0,0.0,1736.0,744.0,2632.0,1122.0
2.0,10239.0,4498.0,2545.0,0.0,4439.0,4439.0,1782.0,763.0,3148.0,1350.0
2.0,5741.0,3278.0,2594.0,0.0,7913.0,7913.0,1816.0,778.0,2288.0,990.0
2.0,2463.0,1324.0,2577.0,4439.0,4730.0,4730.0,1804.0,773.0,921.0,403.0
2.0,5578.0,580.0,2512.0,7913.0,0.0,0.0,1758.0,754.0,410.0,170.0
2.0,12911.0,1834.0,2461.0,4730.0,0.0,0.0,1723.0,738.0,1294.0,540.0
2.0,15807.0,3835.0,2478.0,0.0,0.0,0.0,1735.0,743.0,2691.0,1144.0
2.0,11972.0,4670.0,2545.0,0.0,2878.0,2878.0,1782.0,763.0,3264.0,1406.0
2.0,7302.0,3422.0,2598.0,0.0,6512.0,6512.0,1819.0,779.0,2385.0,1037.0
2.0,3880.0,1279.0,2584.0,2878.0,4857.0,4857.0,1809.0,775.0,890.0,389.0
2.0,5479.0,378.0,2517.0,6512.0,0.0,0.0,1762.0,755.0,268.0,110.0
2.0,11613.0,1593.0,2465.0,4857.0,0.0,0.0,1726.0,739.0,1124.0,469.0
2.0,14877.0,3707.0,2481.0,0.0,0.0,0.0,1737.0,744.0,2602.0,1105.0
2.0,11170.0,4659.0,2551.0,0.0,3693.0,3693.0,1786.0,765.0,3258.0,1401.0
2.0,6511.0,3469.0,2607.0,0.0,7386.0,7386.0,1825.0,782.0,2419.0,1050.0
2.0,3042.0,1396.0,2594.0,3693.0,5037.0,5037.0,1816.0,778.0,970.0,426.0
2.0,5339.0,507.0,2526.0,7386.0,0.0,0.0,1768.0,758.0,357.0,150.0
2.0,12218.0,1695.0,2469.0,5037.0,0.0,0.0,1728.0,741.0,1199.0,496.0
2.0,15560.0,3846.0,2483.0,0.0,0.0,0.0,1739.0,744.0,2701.0,1145.0
2.0,11714.0,4725.0,2553.0,0.0,3223.0,3223.0,1788.0,765.0,3304.0,1421.0
2.0,6989.0,3463.0,2608.0,0.0,6906.0,6906.0,1826.0,782.0,2412.0,1051.0
2.0,3526.0,1345.0,2596.0,3223.0,4980.0,4980.0,1817.0,779.0,934.0,411.0
2.0,5404.0,450.0,2530.0,6906.0,0.0,0.0,1771.0,759.0,318.0,132.0
2.0,11860.0,1632.0,2476.0,4980.0,0.0,0.0,1733.0,743.0,1153.0,479.0
2.0,15208.0,3708.0,2489.0,0.0,0.0,0.0,1743.0,746.0,2605.0,1103.0
2.0,11500.0,4564.0,2558.0,0.0,3296.0,3296.0,1791.0,767.0,3194.0,1370.0
2.0,6936.0,3272.0,2611.0,0.0,6780.0,6780.0,1828.0,783.0,2279.0,993.0
2.0,3664.0,1185.0,2595.0,3296.0,4605.0,4605.0,1816.0,779.0,819.0,366.0
2.0,5775.0,474.0,2527.0,6780.0,0.0,0.0,1769.0,758.0,333.0,141.0
2.0,12081.0,1823.0,2475.0,4605.0,0.0,0.0,1733.0,742.0,1289.0,534.0
2.0,14863.0,3938.0,2491.0,0.0,0.0,0.0,1744.0,747.0,2767.0,1171.0
2.0,10925.0,4762.0,2559.0,0.0,4073.0,4073.0,1792.0,767.0,3332.0,1430.0
2.0,6163.0,3431.0,2611.0,0.0,7712.0,7712.0,1828.0,783.0,2390.0,1041.0
2.0,2732.0,1316.0,2597.0,4073.0,4899.0,4899.0,1818.0,779.0,912.0,404.0
2.0,5489.0,427.0,2530.0,7712.0,0.0,0.0,1771.0,759.0,302.0,125.0
2.0,12774.0,1660.0,2477.0,4899.0,0.0,0.0,1734.0,743.0,1172.0,488.0
2.0,16013.0,3814.0,2494.0,0.0,0.0,0.0,1746.0,748.0,2678.0,1136.0
2.0,12199.0,4657.0,2564.0,0.0,2714.0,2714.0,1795.0,769.0,3258.0,1399.0
2.0,7542.0,3353.0,2617.0,0.0,6279.0,6279.0,1832.0,785.0,2336.0,1017.0
2.0,4189.0,1190.0,2604.0,2714.0,4703.0,4703.0,1823.0,781.0,825.0,365.0
2.0,5713.0,392.0,2537.0,6279.0,0.0,0.0,1776.0,761.0,279.0,113.0
2.0,11600.0,1793.0,2486.0,4703.0,0.0,0.0,1740.0,746.0,1266.0,527.0
2.0,14510.0,3983.0,2499.0,0.0,0.0,0.0,1750.0,749.0,2796.0,1187.0
2.0,10527.0,4763.0,2564.0,0.0,4492.0,4492.0,1795.0,769.0,3331.0,1432.0
2.0,5764.0,3350.0,2614.0,0.0,8042.0,8042.0,1830.0,784.0,2333.0,1017.0
2.0,2414.0,1212.0,2599.0,4492.0,4702.0,4702.0,1819.0,780.0,840.0,372.0
2.0,5694.0,453.0,2536.0,8042.0,0.0,0.0,1775.0,761.0,322.0,131.0
2.0,13283.0,1798.0,2486.0,4702.0,0.0,0.0,1740.0,746.0,1272.0,526.0
2.0,16187.0,3902.0,2501.0,0.0,0.0,0.0,1751.0,750.0,2740.0,1162.0
2.0,12285.0,4721.0,2569.0,0.0,2712.0,2712.0,1799.0,770.0,3300.0,1421.0
2.0,7564.0,3257.0,2621.0,0.0,6177.0,6177.0,1835.0,786.0,2267.0,990.0
2.0,4307.0,1066.0,2607.0,2712.0,4475.0,4475.0,1825.0,782.0,737.0,329.0
2.0,5953.0,307.0,2542.0,6177.0,0.0,0.0,1779.0,763.0,219.0,88.0
2.0,11823.0,1813.0,2490.0,4475.0,0.0,0.0,1743.0,747.0,1284.0,529.0
2.0,14485.0,4044.0,2505.0,0.0,0.0,0.0,1754.0,751.0,2842.0,1202.0
2.0,10441.0,4859.0,2572.0,0.0,4706.0,4706.0,1801.0,771.0,3399.0,1460.0
2.0,5582.0,3450.0,2628.0,0.0,8380.0,8380.0,1840.0,788.0,2400.0,1050.0
2.0,2132.0,1199.0,2616.0,4706.0,4825.0,4825.0,1831.0,785.0,828.0,371.0
2.0,5639.0,362.0,2549.0,8380.0,0.0,0.0,1784.0,765.0,257.0,105.0
2.0,13657.0,1770.0,2493.0,4825.0,0.0,0.0,1745.0,748.0,1253.0,517.0
2.0,16712.0,3953.0,2503.0,0.0,0.0,0.0,1753.0,750.0,2778.0,1175.0
2.0,12759.0,4709.0,2569.0,0.0,2226.0,2226.0,1799.0,770.0,3293.0,1416.0
2.0,8050.0,3274.0,2625.0,0.0,5724.0,5724.0,1838.0,787.0,2278.0,996.0
2.0,4776.0,1006.0,2613.0,2226.0,4456.0,4456.0,1829.0,784.0,693.0,313.0
2.0,5996.0,202.0,2546.0,5724.0,0.0,0.0,1782.0,764.0,147.0,55.0
2.0,11518.0,1736.0,2490.0,4456.0,0.0,0.0,1743.0,747.0,1232.0,504.0
2.0,14238.0,4092.0,2502.0,0.0,0.0,0.0,1752.0,750.0,2874.0,1218.0
2.0,10146.0,4949.0,2570.0,0.0,5083.0,5083.0,1800.0,770.0,3457.0,1492.0
2.0,5197.0,3498.0,2628.0,0.0,8813.0,8813.0,1840.0,788.0,2433.0,1065.0
2.0,1699.0,1156.0,2617.0,5083.0,4842.0,4842.0,1832.0,785.0,801.0,355.0
2.0,5626.0,329.0,2550.0,8813.0,0.0,0.0,1785.0,765.0,238.0,91.0
2.0,14110.0,1818.0,2494.0,4842.0,0.0,0.0,1746.0,748.0,1287.0,531.0
2.0,17134.0,4143.0,2507.0,0.0,0.0,0.0,1755.0,752.0,2908.0,1235.0
2.0,12991.0,4906.0,2575.0,0.0,2215.0,2215.0,1803.0,772.0,3428.0,1478.0
2.0,8085.0,3284.0,2630.0,0.0,5719.0,5719.0,1841.0,789.0,2284.0,1000.0
2.0,4801.0,876.0,2616.0,2215.0,4324.0,4324.0,1831.0,785.0,605.0,271.0
2.0,6140.0,112.0,2546.0,5719.0,0.0,0.0,1782.0,764.0,85.0,27.0
2.0,11747.0,1695.0,2491.0,4324.0,0.0,0.0,1744.0,747.0,1203.0,492.0
2.0,14376.0,4103.0,2507.0,0.0,0.0,0.0,1755.0,752.0,2882.0,1221.0
2.0,10273.0,4919.0,2579.0,0.0,4962.0,4962.0,1806.0,773.0,3437.0,1482.0
2.0,5354.0,3356.0,2634.0,0.0,8538.0,8538.0,1844.0,790.0,2333.0,1023.0
2.0,1998.0,1049.0,2619.0,4962.0,4565.0,4565.0,1833.0,786.0,726.0,323.0
2.0,5911.0,304.0,2549.0,8538.0,0.0,0.0,1784.0,765.0,218.0,86.0
2.0,14145.0,1916.0,2494.0,4565.0,0.0,0.0,1746.0,748.0,1355.0,561.0
2.0,16794.0,4256.0,2511.0,0.0,0.0,0.0,1758.0,753.0,2989.0,1267.0
2.0,12538.0,4977.0,2581.0,0.0,2763.0,2763.0,1807.0,774.0,3480.0,1497.0
2.0,7561.0,3379.0,2638.0,0.0,6370.0,6370.0,1847.0,791.0,2353.0,1026.0
2.0,4182.0,1013.0,2626.0,2763.0,4572.0,4572.0,1838.0,788.0,699.0,314.0
2.0,5932.0,218.0,2556.0,6370.0,0.0,0.0,1789.0,767.0,155.0,63.0
2.0,12084.0,1733.0,2500.0,4572.0,0.0,0.0,1750.0,750.0,1226.0,507.0
2.0,14923.0,4089.0,2514.0,0.0,0.0,0.0,1760.0,754.0,2874.0,1215.0
2.0,10834.0,4882.0,2585.0,0.0,4388.0,4388.0,1810.0,775.0,3415.0,1467.0
2.0,5952.0,3326.0,2641.0,0.0,7938.0,7938.0,1849.0,792.0,2316.0,1010.0
2.0,2626.0,1040.0,2627.0,4388.0,4534.0,4534.0,1839.0,788.0,717.0,323.0
2.0,5974.0,325.0,2556.0,7938.0,0.0,0.0,1789.0,767.0,229.0,96.0
2.0,13587.0,1979.0,2503.0,4534.0,0.0,0.0,1752.0,751.0,1399.0,580.0
2.0,16142.0,4246.0,2521.0,0.0,0.0,0.0,1765.0,756.0,2986.0,1260.0
2.0,11896.0,4905.0,2592.0,0.0,3377.0,3377.0,1815.0,777.0,3434.0,1471.0
2.0,6991.0,3246.0,2645.0,0.0,6835.0,6835.0,1852.0,793.0,2259.0,987.0
2.0,3745.0,973.0,2629.0,3377.0,4367.0,4367.0,1840.0,789.0,666.0,307.0
2.0,6149.0,300.0,2560.0,6835.0,0.0,0.0,1792.0,768.0,208.0,92.0
2.0,12684.0,1880.0,2506.0,4367.0,0.0,0.0,1754.0,752.0,1328.0,552.0
2.0,15171.0,4111.0,2522.0,0.0,0.0,0.0,1766.0,756.0,2893.0,1218.0
2.0,11060.0,4707.0,2592.0,0.0,4015.0,4015.0,1815.0,777.0,3298.0,1409.0
2.0,6353.0,3251.0,2648.0,0.0,7490.0,7490.0,1854.0,794.0,2263.0,988.0
2.0,3102.0,1131.0,2636.0,4015.0,4558.0,4558.0,1845.0,791.0,776.0,355.0
2.0,5986.0,475.0,2566.0,7490.0,0.0,0.0,1796.0,770.0,331.0,144.0
2.0,13001.0,1991.0,2512.0,4558.0,0.0,0.0,1758.0,754.0,1408.0,583.0
2.0,15568.0,4144.0,2525.0,0.0,0.0,0.0,1768.0,757.0,2917.0,1227.0
2.0,11424.0,4839.0,2595.0,0.0,3795.0,3795.0,1817.0,778.0,3388.0,1451.0
2.0,6585.0,3383.0,2652.0,0.0,7406.0,7406.0,1857.0,795.0,2354.0,1029.0
2.0,3202.0,1196.0,2642.0,3795.0,4767.0,4767.0,1849.0,793.0,824.0,372.0
2.0,5801.0,497.0,2575.0,7406.0,0.0,0.0,1802.0,773.0,347.0,150.0
2.0,12710.0,1922.0,2522.0,4767.0,0.0,0.0,1765.0,757.0,1356.0,566.0
2.0,15555.0,3990.0,2535.0,0.0,0.0,0.0,1775.0,760.0,2806.0,1184.0
2.0,11565.0,4670.0,2606.0,0.0,3529.0,3529.0,1825.0,781.0,3271.0,1399.0
2.0,6895.0,3268.0,2665.0,0.0,7033.0,7033.0,1866.0,799.0,2278.0,990.0
2.0,3627.0,1189.0,2655.0,3529.0,4653.0,4653.0,1858.0,797.0,819.0,370.0
2.0,5967.0,498.0,2585.0,7033.0,0.0,0.0,1809.0,776.0,345.0,153.0
2.0,12502.0,1923.0,2527.0,4653.0,0.0,0.0,1769.0,758.0,1357.0,566.0
2.0,15232.0,4066.0,2538.0,0.0,0.0,0.0,1777.0,761.0,2861.0,1205.0
2.0,11166.0,4840.0,2609.0,0.0,4110.0,4110.0,1827.0,782.0,3393.0,1447.0
2.0,6326.0,3358.0,2667.0,0.0,7700.0,7700.0,1867.0,800.0,2340.0,1018.0
2.0,2968.0,1118.0,2653.0,4110.0,4652.0,4652.0,1857.0,796.0,766.0,352.0
2.0,5960.0,424.0,2582.0,7700.0,0.0,0.0,1807.0,775.0,291.0,133.0
2.0,13236.0,1965.0,2526.0,4652.0,0.0,0.0,1768.0,758.0,1388.0,577.0
2.0,15923.0,4174.0,2543.0,0.0,0.0,0.0,1781.0,762.0,2940.0,1234.0
2.0,11749.0,4810.0,2619.0,0.0,3537.0,3537.0,1834.0,785.0,3374.0,1436.0
2.0,6939.0,3195.0,2678.0,0.0,6968.0,6968.0,1875.0,803.0,2224.0,971.0
2.0,3744.0,989.0,2664.0,3537.0,4364.0,4364.0,1865.0,799.0,674.0,315.0
2.0,6292.0,382.0,2592.0,6968.0,0.0,0.0,1814.0,778.0,260.0,122.0
2.0,12878.0,1935.0,2535.0,4364.0,0.0,0.0,1774.0,761.0,1367.0,568.0
2.0,15307.0,4173.0,2551.0,0.0,0.0,0.0,1786.0,765.0,2942.0,1231.0
2.0,11134.0,4828.0,2623.0,0.0,4186.0,4186.0,1837.0,786.0,3387.0,1441.0
2.0,6306.0,3368.0,2682.0,0.0,7790.0,7790.0,1878.0,804.0,2344.0,1024.0
2.0,2938.0,1251.0,2670.0,4186.0,4807.0,4807.0,1869.0,801.0,855.0,396.0
2.0,5873.0,597.0,2599.0,7790.0,0.0,0.0,1819.0,780.0,412.0,185.0
2.0,13066.0,2031.0,2543.0,4807.0,0.0,0.0,1780.0,763.0,1435.0,596.0
2.0,15842.0,4082.0,2556.0,0.0,0.0,0.0,1790.0,766.0,2877.0,1205.0
2.0,11760.0,4691.0,2627.0,0.0,3439.0,3439.0,1840.0,787.0,3290.0,1401.0
2.0,7069.0,3167.0,2684.0,0.0,6834.0,6834.0,1879.0,805.0,2204.0,963.0
2.0,3902.0,1026.0,2670.0,3439.0,4365.0,4365.0,1869.0,801.0,699.0,327.0
2.0,6315.0,382.0,2599.0,6834.0,0.0,0.0,1819.0,780.0,261.0,121.0
2.0,12767.0,1987.0,2543.0,4365.0,0.0,0.0,1780.0,763.0,1405.0,582.0
2.0,15145.0,4285.0,2562.0,0.0,0.0,0.0,1794.0,768.0,3020.0,1265.0
2.0,10860.0,4925.0,2636.0,0.0,4609.0,4609.0,1846.0,790.0,3454.0,1471.0
2.0,5935.0,3301.0,2694.0,0.0,8142.0,8142.0,1886.0,808.0,2298.0,1003.0
2.0,2634.0,1009.0,2675.0,4609.0,4466.0,4466.0,1872.0,803.0,686.0,323.0
2.0,6234.0,349.0,2599.0,8142.0,0.0,0.0,1819.0,780.0,238.0,111.0
2.0,14027.0,1994.0,2544.0,4466.0,0.0,0.0,1780.0,764.0,1407.0,587.0
2.0,16499.0,4283.0,2564.0,0.0,0.0,0.0,1795.0,769.0,3017.0,1266.0
2.0,12216.0,4930.0,2640.0,0.0,3274.0,3274.0,1849.0,791.0,3459.0,1471.0
2.0,7286.0,3279.0,2698.0,0.0,6785.0,6785.0,1889.0,809.0,2286.0,993.0
2.0,4007.0,998.0,2680.0,3274.0,4437.0,4437.0,1876.0,804.0,680.0,318.0
2.0,6283.0,329.0,2608.0,6785.0,0.0,0.0,1825.0,783.0,222.0,107.0
2.0,12739.0,1872.0,2553.0,4437.0,0.0,0.0,1787.0,766.0,1322.0,550.0
2.0,15304.0,4142.0,2570.0,0.0,0.0,0.0,1799.0,771.0,2918.0,1224.0
2.0,11162.0,4844.0,2642.0,0.0,4250.0,4250.0,1850.0,792.0,3398.0,1446.0
2.0,6318.0,3332.0,2696.0,0.0,7798.0,7798.0,1888.0,808.0,2321.0,1011.0
2.0,2986.0,1156.0,2680.0,4250.0,4640.0,4640.0,1876.0,804.0,792.0,364.0
2.0,6080.0,567.0,2612.0,7798.0,0.0,0.0,1828.0,784.0,390.0,177.0
2.0,13311.0,2101.0,2559.0,4640.0,0.0,0.0,1791.0,768.0,1481.0,620.0
2.0,15850.0,4249.0,2575.0,0.0,0.0,0.0,1803.0,772.0,2993.0,1256.0
2.0,11601.0,4849.0,2646.0,0.0,3832.0,3832.0,1853.0,793.0,3400.0,1449.0
2.0,6752.0,3219.0,2698.0,0.0,7259.0,7259.0,1889.0,809.0,2243.0,976.0
2.0,3533.0,1021.0,2681.0,3832.0,4380.0,4380.0,1877.0,804.0,696.0,325.0
2.0,6344.0,436.0,2612.0,7259.0,0.0,0.0,1828.0,784.0,298.0,138.0
2.0,13167.0,2053.0,2562.0,4380.0,0.0,0.0,1793.0,769.0,1450.0,603.0
2.0,15494.0,4231.0,2581.0,0.0,0.0,0.0,1807.0,774.0,2982.0,1249.0
2.0,11263.0,4867.0,2652.0,0.0,4212.0,4212.0,1857.0,795.0,3413.0,1454.0
2.0,6396.0,3258.0,2705.0,0.0,7682.0,7682.0,1894.0,811.0,2268.0,990.0
2.0,3138.0,1032.0,2687.0,4212.0,4430.0,4430.0,1881.0,806.0,704.0,328.0
2.0,6318.0,410.0,2618.0,7682.0,0.0,0.0,1832.0,786.0,281.0,129.0
2.0,13590.0,2026.0,2563.0,4430.0,0.0,0.0,1794.0,769.0,1431.0,595.0
2.0,15994.0,4373.0,2582.0,0.0,0.0,0.0,1808.0,774.0,3080.0,1293.0
2.0,11621.0,5078.0,2659.0,0.0,4093.0,4093.0,1862.0,797.0,3559.0,1519.0
2.0,6543.0,3461.0,2718.0,0.0,7790.0,7790.0,1903.0,815.0,2410.0,1051.0
2.0,3082.0,1094.0,2700.0,4093.0,4719.0,4719.0,1890.0,810.0,750.0,344.0
2.0,6081.0,206.0,2624.0,7790.0,0.0,0.0,1836.0,788.0,141.0,65.0
2.0,13665.0,1709.0,2565.0,4719.0,0.0,0.0,1795.0,770.0,1209.0,500.0
2.0,16675.0,4032.0,2581.0,0.0,0.0,0.0,1807.0,774.0,2837.0,1195.0
2.0,12643.0,4878.0,2655.0,0.0,2855.0,2855.0,1859.0,796.0,3417.0,1461.0
2.0,7765.0,3441.0,2714.0,0.0,6532.0,6532.0,1900.0,814.0,2397.0,1044.0
2.0,4324.0,1178.0,2700.0,2855.0,4799.0,4799.0,1890.0,810.0,812.0,366.0
2.0,6001.0,375.0,2626.0,6532.0,0.0,0.0,1838.0,788.0,262.0,113.0
2.0,12158.0,1970.0,2572.0,4799.0,0.0,0.0,1800.0,772.0,1391.0,579.0
2.0,14987.0,4346.0,2591.0,0.0,0.0,0.0,1814.0,777.0,3053.0,1293.0
2.0,10641.0,5145.0,2665.0,0.0,5164.0,5164.0,1866.0,799.0,3602.0,1543.0
2.0,5496.0,3591.0,2723.0,0.0,8987.0,8987.0,1907.0,816.0,2505.0,1086.0
2.0,1905.0,1150.0,2706.0,5164.0,4905.0,4905.0,1894.0,812.0,793.0,357.0
2.0,5919.0,210.0,2632.0,8987.0,0.0,0.0,1842.0,790.0,144.0,66.0
2.0,14696.0,1679.0,2573.0,4905.0,0.0,0.0,1801.0,772.0,1187.0,492.0
2.0,17922.0,4046.0,2591.0,0.0,0.0,0.0,1814.0,777.0,2844.0,1202.0
2.0,13876.0,5030.0,2668.0,0.0,1826.0,1826.0,1868.0,800.0,3524.0,1506.0
2.0,8846.0,3542.0,2728.0,0.0,5608.0,5608.0,1910.0,818.0,2471.0,1071.0
2.0,5304.0,1139.0,2711.0,1826.0,4853.0,4853.0,1898.0,813.0,786.0,353.0
2.0,5991.0,201.0,2633.0,5608.0,0.0,0.0,1843.0,790.0,137.0,64.0
2.0,11398.0,1809.0,2573.0,4853.0,0.0,0.0,1801.0,772.0,1274.0,535.0
2.0,14442.0,4339.0,2594.0,0.0,273.0,273.0,1816.0,778.0,3050.0,1289.0
2.0,10103.0,5259.0,2675.0,0.0,5856.0,5856.0,1873.0,802.0,3688.0,1571.0
2.0,4844.0,3638.0,2739.0,273.0,9477.0,9477.0,1918.0,821.0,2539.0,1099.0
2.0,1479.0,1083.0,2721.0,5856.0,4632.0,4632.0,1905.0,816.0,744.0,339.0
2.0,6252.0,157.0,2642.0,9477.0,0.0,0.0,1849.0,793.0,102.0,55.0
2.0,15572.0,1729.0,2580.0,4632.0,0.0,0.0,1806.0,774.0,1218.0,511.0
2.0,18475.0,4242.0,2598.0,0.0,0.0,0.0,1819.0,779.0,2985.0,1257.0
2.0,14233.0,5158.0,2679.0,0.0,1641.0,1641.0,1876.0,803.0,3619.0,1539.0
2.0,9075.0,3542.0,2740.0,0.0,5427.0,5427.0,1919.0,821.0,2472.0,1070.0
2.0,5533.0,978.0,2723.0,1641.0,4696.0,4696.0,1906.0,817.0,670.0,308.0
2.0,6196.0,4.0,2643.0,5427.0,0.0,0.0,1850.0,793.0,0.0,4.0
2.0,11619.0,1629.0,2582.0,4696.0,0.0,0.0,1807.0,775.0,1148.0,481.0
2.0,14686.0,4364.0,2601.0,0.0,82.0,82.0,1821.0,780.0,3064.0,1300.0
2.0,10322.0,5421.0,2683.0,0.0,5831.0,5831.0,1879.0,804.0,3798.0,1623.0
2.0,4901.0,3757.0,2745.0,82.0,9754.0,9754.0,1922.0,823.0,2623.0,1134.0
2.0,1226.0,1113.0,2726.0,5831.0,4960.0,4960.0,1908.0,818.0,770.0,343.0
2.0,5944.0,111.0,2646.0,9754.0,0.0,0.0,1852.0,794.0,74.0,37.0
2.0,15587.0,1773.0,2587.0,4960.0,0.0,0.0,1811.0,776.0,1248.0,525.0
2.0,18774.0,4320.0,2608.0,0.0,0.0,0.0,1826.0,782.0,3035.0,1285.0
2.0,14454.0,5252.0,2689.0,0.0,1554.0,1554.0,1883.0,806.0,3682.0,1570.0
2.0,9202.0,3533.0,2749.0,0.0,5327.0,5327.0,1925.0,824.0,2468.0,1065.0
2.0,5669.0,874.0,2727.0,1554.0,4559.0,4559.0,1909.0,818.0,600.0,274.0
2.0,6349.0,0.0,2646.0,5327.0,0.0,0.0,1852.0,794.0,0.0,0.0
2.0,11676.0,1671.0,2583.0,4559.0,0.0,0.0,1808.0,775.0,1174.0,497.0
2.0,14564.0,4356.0,2605.0,0.0,212.0,212.0,1824.0,781.0,3055.0,1301.0
2.0,10208.0,5340.0,2688.0,0.0,5884.0,5884.0,1882.0,806.0,3740.0,1600.0
2.0,4868.0,3746.0,2752.0,212.0,9674.0,9674.0,1927.0,825.0,2618.0,1128.0
2.0,1334.0,1131.0,2735.0,5884.0,4853.0,4853.0,1915.0,820.0,787.0,344.0
2.0,6087.0,162.0,2653.0,9674.0,0.0,0.0,1857.0,796.0,113.0,49.0
2.0,15599.0,1816.0,2591.0,4853.0,0.0,0.0,1814.0,777.0,1274.0,542.0
2.0,18636.0,4354.0,2608.0,0.0,0.0,0.0,1826.0,782.0,3053.0,1301.0
2.0,14282.0,5218.0,2688.0,0.0,1688.0,1688.0,1882.0,806.0,3655.0,1563.0
2.0,9064.0,3520.0,2751.0,0.0,5460.0,5460.0,1926.0,825.0,2460.0,1060.0
2.0,5544.0,930.0,2737.0,1688.0,4646.0,4646.0,1916.0,821.0,645.0,285.0
2.0,6302.0,25.0,2659.0,5460.0,0.0,0.0,1861.0,798.0,17.0,8.0
2.0,11737.0,1679.0,2597.0,4646.0,0.0,0.0,1818.0,779.0,1182.0,497.0
2.0,14704.0,4265.0,2614.0,0.0,17.0,17.0,1830.0,784.0,2993.0,1272.0
2.0,10439.0,5277.0,2692.0,0.0,5606.0,5606.0,1885.0,807.0,3693.0,1584.0
2.0,5162.0,3699.0,2756.0,17.0,9544.0,9544.0,1930.0,826.0,2581.0,1118.0
2.0,1480.0,1128.0,2740.0,5606.0,5002.0,5002.0,1918.0,822.0,782.0,346.0
2.0,5958.0,187.0,2660.0,9544.0,0.0,0.0,1862.0,798.0,132.0,55.0
2.0,15315.0,1834.0,2596.0,5002.0,0.0,0.0,1817.0,779.0,1293.0,541.0
2.0,18483.0,4410.0,2612.0,0.0,0.0,0.0,1829.0,783.0,3095.0,1315.0
2.0,14073.0,5297.0,2692.0,0.0,1992.0,1992.0,1885.0,807.0,3707.0,1590.0
2.0,8776.0,3648.0,2758.0,0.0,5904.0,5904.0,1931.0,827.0,2543.0,1105.0
2.0,5128.0,1018.0,2746.0,1992.0,4882.0,4882.0,1922.0,824.0,704.0,314.0
2.0,6102.0,31.0,2669.0,5904.0,0.0,0.0,1868.0,801.0,25.0,6.0
2.0,11975.0,1666.0,2603.0,4882.0,0.0,0.0,1822.0,781.0,1178.0,488.0
2.0,15191.0,4247.0,2617.0,0.0,0.0,0.0,1832.0,785.0,2980.0,1267.0
2.0,10944.0,5244.0,2696.0,0.0,5084.0,5084.0,1888.0,808.0,3666.0,1578.0
2.0,5700.0,3684.0,2763.0,0.0,9036.0,9036.0,1934.0,829.0,2568.0,1116.0
2.0,2016.0,1103.0,2750.0,5084.0,5003.0,5003.0,1925.0,825.0,765.0,338.0
2.0,5997.0,151.0,2669.0,9036.0,0.0,0.0,1868.0,801.0,110.0,41.0
2.0,14882.0,1745.0,2601.0,5003.0,0.0,0.0,1821.0,780.0,1233.0,512.0
2.0,18140.0,4372.0,2615.0,0.0,0.0,0.0,1831.0,784.0,3069.0,1303.0
2.0,13768.0,5387.0,2698.0,0.0,2411.0,2411.0,1889.0,809.0,3768.0,1619.0
2.0,8381.0,3697.0,2766.0,0.0,6380.0,6380.0,1937.0,829.0,2577.0,1120.0
2.0,4684.0,1029.0,2753.0,2411.0,4946.0,4946.0,1927.0,826.0,711.0,318.0
2.0,6066.0,90.0,2673.0,6380.0,0.0,0.0,1871.0,802.0,66.0,24.0
2.0,12356.0,1766.0,2607.0,4946.0,0.0,0.0,1825.0,782.0,1250.0,516.0
2.0,15536.0,4281.0,2622.0,0.0,0.0,0.0,1836.0,786.0,3008.0,1273.0
2.0,11255.0,5121.0,2702.0,0.0,4674.0,4674.0,1892.0,810.0,3582.0,1539.0
2.0,6134.0,3583.0,2771.0,0.0,8533.0,8533.0,1940.0,831.0,2494.0,1089.0
2.0,2551.0,1163.0,2761.0,4674.0,4982.0,4982.0,1933.0,828.0,801.0,362.0
2.0,6062.0,307.0,2683.0,8533.0,0.0,0.0,1878.0,805.0,216.0,91.0
2.0,14288.0,1879.0,2616.0,4982.0,0.0,0.0,1831.0,785.0,1331.0,548.0
2.0,17391.0,4282.0,2625.0,0.0,0.0,0.0,1838.0,787.0,3012.0,1270.0
2.0,13109.0,5203.0,2704.0,0.0,2910.0,2910.0,1893.0,811.0,3641.0,1562.0
2.0,7906.0,3705.0,2774.0,0.0,6895.0,6895.0,1942.0,832.0,2579.0,1126.0
2.0,4201.0,1248.0,2763.0,2910.0,5189.0,5189.0,1934.0,829.0,859.0,389.0
2.0,5863.0,287.0,2686.0,6895.0,0.0,0.0,1880.0,806.0,199.0,88.0
2.0,12471.0,1712.0,2617.0,5189.0,0.0,0.0,1832.0,785.0,1211.0,501.0
2.0,15948.0,4065.0,2628.0,0.0,0.0,0.0,1840.0,788.0,2861.0,1204.0
2.0,11883.0,5034.0,2708.0,0.0,3983.0,3983.0,1896.0,812.0,3528.0,1506.0
2.0,6849.0,3662.0,2778.0,0.0,7925.0,7925.0,1945.0,833.0,2551.0,1111.0
2.0,3187.0,1297.0,2771.0,3983.0,5211.0,5211.0,1940.0,831.0,893.0,404.0
2.0,5873.0,311.0,2693.0,7925.0,0.0,0.0,1885.0,808.0,214.0,97.0
2.0,13487.0,1780.0,2624.0,5211.0,0.0,0.0,1837.0,787.0,1257.0,523.0
2.0,16918.0,4219.0,2634.0,0.0,0.0,0.0,1844.0,790.0,2968.0,1251.0
2.0,12699.0,5220.0,2712.0,0.0,3369.0,3369.0,1899.0,813.0,3659.0,1561.0
2.0,7479.0,3697.0,2780.0,0.0,7338.0,7338.0,1946.0,834.0,2577.0,1120.0
2.0,3782.0,1246.0,2769.0,3369.0,5171.0,5171.0,1938.0,831.0,855.0,391.0
2.0,5905.0,324.0,2692.0,7338.0,0.0,0.0,1884.0,808.0,222.0,102.0
2.0,12919.0,1803.0,2626.0,5171.0,0.0,0.0,1838.0,788.0,1276.0,527.0
2.0,16287.0,4208.0,2639.0,0.0,0.0,0.0,1848.0,791.0,2963.0,1245.0
2.0,12079.0,5049.0,2719.0,0.0,3846.0,3846.0,1904.0,815.0,3538.0,1511.0
2.0,7030.0,3546.0,2787.0,0.0,7664.0,7664.0,1951.0,836.0,2470.0,1076.0
2.0,3484.0,1156.0,2776.0,3846.0,4930.0,4930.0,1943.0,833.0,792.0,364.0
2.0,6174.0,281.0,2699.0,7664.0,0.0,0.0,1889.0,810.0,193.0,88.0
2.0,13557.0,1803.0,2633.0,4930.0,0.0,0.0,1843.0,790.0,1276.0,527.0
2.0,16684.0,4299.0,2644.0,0.0,0.0,0.0,1851.0,793.0,3028.0,1271.0
2.0,12385.0,5275.0,2725.0,0.0,3790.0,3790.0,1908.0,817.0,3696.0,1579.0
2.0,7110.0,3689.0,2791.0,0.0,7743.0,7743.0,1954.0,837.0,2566.0,1123.0
2.0,3421.0,1140.0,2778.0,3790.0,5041.0,5041.0,1944.0,834.0,781.0,359.0
2.0,6071.0,233.0,2698.0,7743.0,0.0,0.0,1888.0,810.0,163.0,70.0
2.0,13581.0,1869.0,2632.0,5041.0,0.0,0.0,1842.0,790.0,1324.0,545.0
2.0,16753.0,4374.0,2646.0,0.0,0.0,0.0,1853.0,793.0,3078.0,1296.0
2.0,12379.0,5124.0,2725.0,0.0,3645.0,3645.0,1908.0,817.0,3589.0,1535.0
2.0,7255.0,3391.0,2789.0,0.0,7292.0,7292.0,1953.0,836.0,2360.0,1031.0
2.0,3864.0,955.0,2776.0,3645.0,4550.0,4550.0,1943.0,833.0,653.0,302.0
2.0,6554.0,219.0,2698.0,7292.0,0.0,0.0,1888.0,810.0,150.0,69.0
2.0,13627.0,1969.0,2636.0,4550.0,0.0,0.0,1845.0,791.0,1391.0,578.0
2.0,16208.0,4433.0,2649.0,0.0,0.0,0.0,1855.0,794.0,3119.0,1314.0
2.0,11775.0,5183.0,2728.0,0.0,4320.0,4320.0,1910.0,818.0,3633.0,1550.0
2.0,6592.0,3517.0,2792.0,0.0,8093.0,8093.0,1955.0,837.0,2452.0,1065.0
2.0,3075.0,1066.0,2780.0,4320.0,4791.0,4791.0,1946.0,834.0,729.0,337.0
2.0,6329.0,398.0,2703.0,8093.0,0.0,0.0,1892.0,811.0,273.0,125.0
2.0,14024.0,2113.0,2640.0,4791.0,0.0,0.0,1848.0,792.0,1491.0,622.0
2.0,16702.0,4524.0,2656.0,0.0,0.0,0.0,1860.0,796.0,3184.0,1340.0
2.0,12178.0,5132.0,2735.0,0.0,3894.0,3894.0,1915.0,820.0,3598.0,1534.0
2.0,7046.0,3321.0,2798.0,0.0,7467.0,7467.0,1959.0,839.0,2312.0,1009.0
2.0,3725.0,893.0,2780.0,3894.0,4394.0,4394.0,1946.0,834.0,607.0,286.0
2.0,6726.0,317.0,2705.0,7467.0,0.0,0.0,1893.0,812.0,219.0,98.0
2.0,13876.0,2115.0,2646.0,4394.0,0.0,0.0,1852.0,794.0,1494.0,621.0
2.0,16155.0,4532.0,2665.0,0.0,0.0,0.0,1866.0,799.0,3189.0,1343.0
2.0,11623.0,5037.0,2739.0,0.0,4370.0,4370.0,1918.0,821.0,3531.0,1506.0
2.0,6586.0,3300.0,2797.0,0.0,7902.0,7902.0,1958.0,839.0,2297.0,1003.0
2.0,3286.0,1054.0,2781.0,4370.0,4522.0,4522.0,1947.0,834.0,721.0,333.0
2.0,6602.0,576.0,2709.0,7902.0,0.0,0.0,1896.0,813.0,398.0,178.0
2.0,13928.0,2417.0,2656.0,4522.0,0.0,0.0,1859.0,797.0,1706.0,711.0
2.0,16033.0,4712.0,2675.0,0.0,0.0,0.0,1873.0,802.0,3316.0,1396.0
2.0,11321.0,5099.0,2749.0,0.0,4774.0,4774.0,1925.0,824.0,3573.0,1526.0
2.0,6222.0,3156.0,2805.0,0.0,8154.0,8154.0,1964.0,841.0,2197.0,959.0
2.0,3066.0,823.0,2787.0,4774.0,4131.0,4131.0,1951.0,836.0,559.0,264.0
2.0,7017.0,344.0,2716.0,8154.0,0.0,0.0,1901.0,815.0,236.0,108.0
2.0,14827.0,2154.0,2660.0,4131.0,0.0,0.0,1862.0,798.0,1520.0,634.0
2.0,16804.0,4531.0,2678.0,0.0,0.0,0.0,1875.0,803.0,3189.0,1342.0
2.0,12273.0,5065.0,2750.0,0.0,3792.0,3792.0,1926.0,824.0,3552.0,1513.0
2.0,7208.0,3251.0,2806.0,0.0,7267.0,7267.0,1965.0,841.0,2265.0,986.0
2.0,3957.0,982.0,2791.0,3792.0,4397.0,4397.0,1954.0,837.0,672.0,310.0
2.0,6767.0,563.0,2720.0,7267.0,0.0,0.0,1904.0,816.0,388.0,175.0
2.0,13471.0,2351.0,2666.0,4397.0,0.0,0.0,1866.0,800.0,1655.0,696.0
2.0,15517.0,4626.0,2684.0,0.0,0.0,0.0,1879.0,805.0,3252.0,1374.0
2.0,10891.0,5099.0,2758.0,0.0,5240.0,5240.0,1931.0,827.0,3575.0,1524.0
2.0,5792.0,3286.0,2815.0,0.0,8754.0,8754.0,1971.0,844.0,2292.0,994.0
2.0,2506.0,1027.0,2800.0,5240.0,4481.0,4481.0,1960.0,840.0,705.0,322.0
2.0,6719.0,465.0,2728.0,8754.0,0.0,0.0,1909.0,819.0,320.0,145.0
2.0,15008.0,2122.0,2672.0,4481.0,0.0,0.0,1870.0,802.0,1494.0,628.0
2.0,17367.0,4348.0,2687.0,0.0,0.0,0.0,1881.0,806.0,3058.0,1290.0
2.0,13019.0,5026.0,2762.0,0.0,3055.0,3055.0,1934.0,828.0,3524.0,1502.0
2.0,7993.0,3331.0,2819.0,0.0,6614.0,6614.0,1974.0,845.0,2323.0,1008.0
2.0,4662.0,1046.0,2805.0,3055.0,4549.0,4549.0,1964.0,841.0,719.0,327.0
2.0,6671.0,480.0,2732.0,6614.0,0.0,0.0,1912.0,820.0,332.0,148.0
2.0,12805.0,2218.0,2673.0,4549.0,0.0,0.0,1871.0,802.0,1562.0,656.0
2.0,15136.0,4539.0,2689.0,0.0,159.0,159.0,1883.0,806.0,3192.0,1347.0
2.0,10597.0,5134.0,2766.0,0.0,5601.0,5601.0,1937.0,829.0,3598.0,1536.0
2.0,5463.0,3327.0,2826.0,159.0,9009.0,9009.0,1979.0,847.0,2317.0,1010.0
2.0,2295.0,1001.0,2809.0,5601.0,4341.0,4341.0,1966.0,843.0,686.0,315.0
2.0,6895.0,471.0,2734.0,9009.0,0.0,0.0,1913.0,821.0,328.0,143.0
2.0,15433.0,2290.0,2679.0,4341.0,0.0,0.0,1875.0,804.0,1616.0,674.0
2.0,17484.0,4589.0,2702.0,0.0,0.0,0.0,1892.0,810.0,3227.0,1362.0
2.0,12895.0,4990.0,2780.0,0.0,3215.0,3215.0,1947.0,833.0,3495.0,1495.0
2.0,7905.0,3109.0,2835.0,0.0,6544.0,6544.0,1985.0,850.0,2164.0,945.0
2.0,4796.0,864.0,2814.0,3215.0,4109.0,4109.0,1970.0,844.0,592.0,272.0
2.0,7147.0,490.0,2739.0,6544.0,0.0,0.0,1917.0,822.0,341.0,149.0
2.0,13201.0,2370.0,2685.0,4109.0,0.0,0.0,1879.0,806.0,1670.0,700.0
2.0,14940.0,4699.0,2707.0,0.0,587.0,587.0,1895.0,812.0,3304.0,1395.0
2.0,10241.0,5178.0,2786.0,0.0,6081.0,6081.0,1951.0,835.0,3627.0,1551.0
2.0,5063.0,3364.0,2843.0,587.0,9086.0,9086.0,1991.0,852.0,2344.0,1020.0
2.0,2286.0,1078.0,2823.0,6081.0,4003.0,4003.0,1976.0,847.0,740.0,338.0
2.0,7289.0,556.0,2747.0,9086.0,0.0,0.0,1923.0,824.0,387.0,169.0
2.0,15819.0,2283.0,2692.0,4003.0,0.0,0.0,1884.0,808.0,1612.0,671.0
2.0,17539.0,4559.0,2716.0,0.0,0.0,0.0,1902.0,814.0,3206.0,1353.0
2.0,12980.0,5020.0,2796.0,0.0,3224.0,3224.0,1958.0,838.0,3516.0,1504.0
2.0,7960.0,3140.0,2849.0,0.0,6576.0,6576.0,1995.0,854.0,2184.0,956.0
2.0,4820.0,836.0,2826.0,3224.0,4096.0,4096.0,1978.0,848.0,569.0,267.0
2.0,7208.0,417.0,2746.0,6576.0,0.0,0.0,1922.0,824.0,290.0,127.0
2.0,13367.0,2393.0,2695.0,4096.0,0.0,0.0,1886.0,809.0,1689.0,704.0
2.0,15070.0,4797.0,2724.0,0.0,623.0,623.0,1907.0,817.0,3375.0,1422.0
2.0,10273.0,5205.0,2803.0,0.0,6144.0,6144.0,1963.0,840.0,3647.0,1558.0
2.0,5068.0,3246.0,2855.0,623.0,8975.0,8975.0,1999.0,856.0,2259.0,987.0
2.0,2445.0,852.0,2826.0,6144.0,3567.0,3567.0,1978.0,848.0,579.0,273.0
2.0,7737.0,444.0,2743.0,8975.0,0.0,0.0,1920.0,823.0,307.0,137.0
2.0,16268.0,2439.0,2692.0,3567.0,0.0,0.0,1884.0,808.0,1722.0,717.0
2.0,17396.0,4823.0,2724.0,0.0,0.0,0.0,1907.0,817.0,3395.0,1428.0
2.0,12573.0,5134.0,2807.0,0.0,3789.0,3789.0,1966.0,841.0,3598.0,1536.0
2.0,7439.0,3040.0,2859.0,0.0,7037.0,7037.0,2002.0,857.0,2112.0,928.0
2.0,4399.0,633.0,2830.0,3789.0,3765.0,3765.0,1981.0,849.0,424.0,209.0
2.0,7555.0,280.0,2748.0,7037.0,0.0,0.0,1923.0,825.0,193.0,87.0
2.0,14312.0,2416.0,2697.0,3765.0,0.0,0.0,1888.0,809.0,1709.0,707.0
2.0,15661.0,4884.0,2728.0,0.0,135.0,135.0,1910.0,818.0,3440.0,1444.0
2.0,10777.0,5246.0,2810.0,0.0,5709.0,5709.0,1968.0,842.0,3676.0,1570.0
2.0,5531.0,3203.0,2861.0,135.0,8981.0,8981.0,2003.0,858.0,2225.0,978.0
2.0,2463.0,741.0,2830.0,5709.0,3889.0,3889.0,1981.0,849.0,495.0,246.0
2.0,7431.0,419.0,2749.0,8981.0,0.0,0.0,1924.0,825.0,288.0,131.0
2.0,15993.0,2489.0,2699.0,3889.0,0.0,0.0,1889.0,810.0,1761.0,728.0
2.0,17393.0,4897.0,2729.0,0.0,0.0,0.0,1911.0,818.0,3452.0,1445.0
2.0,12496.0,5232.0,2810.0,0.0,3976.0,3976.0,1968.0,842.0,3668.0,1564.0
2.0,7264.0,3140.0,2862.0,0.0,7324.0,7324.0,2004.0,858.0,2181.0,959.0
2.0,4124.0,727.0,2836.0,3976.0,3971.0,3971.0,1985.0,851.0,486.0,241.0
2.0,7373.0,344.0,2758.0,7324.0,0.0,0.0,1930.0,828.0,236.0,108.0
2.0,14353.0,2313.0,2706.0,3971.0,0.0,0.0,1894.0,812.0,1635.0,678.0
2.0,16011.0,4704.0,2732.0,0.0,0.0,0.0,1913.0,819.0,3315.0,1389.0
2.0,11307.0,5158.0,2812.0,0.0,5099.0,5099.0,1969.0,843.0,3618.0,1540.0
2.0,6149.0,3256.0,2865.0,0.0,8567.0,8567.0,2006.0,859.0,2262.0,994.0
2.0,2893.0,940.0,2840.0,5099.0,4308.0,4308.0,1988.0,852.0,635.0,305.0
2.0,7052.0,492.0,2762.0,8567.0,0.0,0.0,1933.0,829.0,339.0,153.0
2.0,15127.0,2451.0,2710.0,4308.0,0.0,0.0,1897.0,813.0,1732.0,719.0
2.0,16984.0,4780.0,2739.0,0.0,0.0,0.0,1918.0,821.0,3369.0,1411.0
2.0,12204.0,5135.0,2819.0,0.0,4207.0,4207.0,1974.0,845.0,3601.0,1534.0
2.0,7069.0,3222.0,2872.0,0.0,7641.0,7641.0,2011.0,861.0,2240.0,982.0
2.0,3847.0,884.0,2844.0,4207.0,4206.0,4206.0,1991.0,853.0,597.0,287.0
2.0,7170.0,425.0,2764.0,7641.0,0.0,0.0,1934.0,830.0,291.0,134.0
2.0,14386.0,2319.0,2713.0,4206.0,0.0,0.0,1899.0,814.0,1637.0,682.0
2.0,16273.0,4653.0,2742.0,0.0,0.0,0.0,1920.0,822.0,3279.0,1374.0
2.0,11620.0,5023.0,2823.0,0.0,4695.0,4695.0,1977.0,846.0,3523.0,1500.0
2.0,6597.0,3132.0,2873.0,0.0,8027.0,8027.0,2012.0,861.0,2179.0,953.0
2.0,3465.0,906.0,2846.0,4695.0,4130.0,4130.0,1992.0,854.0,614.0,292.0
2.0,7254.0,686.0,2768.0,8027.0,0.0,0.0,1937.0,831.0,473.0,213.0
2.0,14595.0,2715.0,2720.0,4130.0,0.0,0.0,1904.0,816.0,1915.0,800.0
2.0,16010.0,4899.0,2751.0,0.0,0.0,0.0,1926.0,825.0,3451.0,1448.0
2.0,11111.0,5051.0,2826.0,0.0,5244.0,5244.0,1979.0,847.0,3542.0,1509.0
2.0,6060.0,2976.0,2873.0,0.0,8408.0,8408.0,2012.0,861.0,2068.0,908.0
2.0,3084.0,782.0,2844.0,5244.0,3830.0,3830.0,1991.0,853.0,527.0,255.0
2.0,7546.0,623.0,2768.0,8408.0,0.0,0.0,1937.0,831.0,431.0,192.0
2.0,15331.0,2592.0,2722.0,3830.0,0.0,0.0,1905.0,817.0,1830.0,762.0
2.0,16569.0,4747.0,2752.0,0.0,0.0,0.0,1927.0,825.0,3342.0,1405.0
2.0,11822.0,4917.0,2832.0,0.0,4423.0,4423.0,1983.0,849.0,3447.0,1470.0
2.0,6905.0,2878.0,2879.0,0.0,7489.0,7489.0,2016.0,863.0,2001.0,877.0
2.0,4027.0,805.0,2848.0,4423.0,3747.0,3747.0,1994.0,854.0,545.0,260.0
2.0,7645.0,728.0,2769.0,7489.0,0.0,0.0,1938.0,831.0,505.0,223.0
2.0,14406.0,2806.0,2723.0,3747.0,0.0,0.0,1906.0,817.0,1977.0,829.0
2.0,15347.0,4929.0,2756.0,0.0,606.0,606.0,1930.0,826.0,3468.0,1461.0
2.0,10418.0,5052.0,2837.0,0.0,5982.0,5982.0,1987.0,850.0,3544.0,1508.0
2.0,5366.0,3008.0,2886.0,606.0,8580.0,8580.0,2021.0,865.0,2093.0,915.0
2.0,2964.0,823.0,2854.0,5982.0,3293.0,3293.0,1998.0,856.0,556.0,267.0
2.0,8123.0,620.0,2774.0,8580.0,0.0,0.0,1941.0,833.0,427.0,193.0
2.0,16083.0,2588.0,2725.0,3293.0,0.0,0.0,1907.0,818.0,1826.0,762.0
2.0,16788.0,4768.0,2758.0,0.0,0.0,0.0,1931.0,827.0,3360.0,1408.0
2.0,12020.0,4967.0,2842.0,0.0,4315.0,4315.0,1990.0,852.0,3482.0,1485.0
2.0,7053.0,2981.0,2893.0,0.0,7500.0,7500.0,2026.0,867.0,2072.0,909.0
2.0,4072.0,758.0,2862.0,4315.0,3819.0,3819.0,2003.0,859.0,510.0,248.0
2.0,7629.0,562.0,2779.0,7500.0,0.0,0.0,1945.0,834.0,389.0,173.0
2.0,14567.0,2670.0,2729.0,3819.0,0.0,0.0,1910.0,819.0,1884.0,786.0
2.0,15716.0,4946.0,2762.0,0.0,278.0,278.0,1934.0,828.0,3482.0,1464.0
2.0,10770.0,5145.0,2847.0,0.0,5763.0,5763.0,1994.0,853.0,3608.0,1537.0
2.0,5625.0,3119.0,2899.0,278.0,8812.0,8812.0,2030.0,869.0,2171.0,948.0
2.0,2784.0,897.0,2869.0,5763.0,3826.0,3826.0,2008.0,861.0,608.0,289.0
2.0,7650.0,632.0,2787.0,8812.0,0.0,0.0,1950.0,837.0,435.0,197.0
2.0,15830.0,2613.0,2736.0,3826.0,0.0,0.0,1915.0,821.0,1843.0,770.0
2.0,17043.0,4853.0,2769.0,0.0,0.0,0.0,1939.0,830.0,3417.0,1436.0
2.0,12190.0,5074.0,2853.0,0.0,4296.0,4296.0,1998.0,855.0,3558.0,1516.0
2.0,7116.0,3013.0,2904.0,0.0,7513.0,7513.0,2034.0,870.0,2097.0,916.0
2.0,4103.0,718.0,2874.0,4296.0,3815.0,3815.0,2012.0,862.0,483.0,235.0
2.0,7681.0,456.0,2792.0,7513.0,0.0,0.0,1954.0,838.0,312.0,144.0
2.0,14738.0,2496.0,2741.0,3815.0,0.0,0.0,1918.0,823.0,1760.0,736.0
2.0,16057.0,4878.0,2772.0,0.0,0.0,0.0,1941.0,831.0,3435.0,1443.0
2.0,11179.0,5246.0,2854.0,0.0,5483.0,5483.0,1999.0,855.0,3681.0,1565.0
2.0,5933.0,3233.0,2907.0,0.0,8928.0,8928.0,2036.0,871.0,2252.0,981.0
2.0,2700.0,845.0,2877.0,5483.0,4170.0,4170.0,2014.0,863.0,572.0,273.0
2.0,7338.0,447.0,2793.0,8928.0,0.0,0.0,1955.0,838.0,305.0,142.0
2.0,15819.0,2399.0,2740.0,4170.0,0.0,0.0,1918.0,822.0,1691.0,708.0
2.0,17590.0,4775.0,2771.0,0.0,0.0,0.0,1940.0,831.0,3362.0,1413.0
2.0,12815.0,5227.0,2854.0,0.0,3828.0,3828.0,1999.0,855.0,3667.0,1560.0
2.0,7588.0,3288.0,2909.0,0.0,7336.0,7336.0,2037.0,872.0,2289.0,999.0
2.0,4300.0,835.0,2880.0,3828.0,4227.0,4227.0,2016.0,864.0,564.0,271.0
2.0,7293.0,291.0,2796.0,7336.0,0.0,0.0,1957.0,839.0,196.0,95.0
2.0,14338.0,2222.0,2743.0,4227.0,0.0,0.0,1920.0,823.0,1570.0,652.0
2.0,16343.0,4711.0,2773.0,0.0,0.0,0.0,1941.0,832.0,3320.0,1391.0
2.0,11632.0,5374.0,2859.0,0.0,5178.0,5178.0,2002.0,857.0,3768.0,1606.0
2.0,6258.0,3566.0,2915.0,0.0,8968.0,8968.0,2041.0,874.0,2480.0,1086.0
2.0,2692.0,1122.0,2884.0,5178.0,4788.0,4788.0,2019.0,865.0,763.0,359.0
2.0,6748.0,470.0,2798.0,8968.0,0.0,0.0,1958.0,840.0,324.0,146.0
2.0,15246.0,2241.0,2745.0,4788.0,0.0,0.0,1921.0,824.0,1586.0,655.0
2.0,17793.0,4706.0,2778.0,0.0,0.0,0.0,1945.0,833.0,3319.0,1387.0
2.0,13087.0,5299.0,2864.0,0.0,3668.0,3668.0,2006.0,858.0,3716.0,1583.0
2.0,7788.0,3366.0,2917.0,0.0,7246.0,7246.0,2043.0,874.0,2338.0,1028.0
2.0,4422.0,937.0,2886.0,3668.0,4391.0,4391.0,2020.0,866.0,630.0,307.0
2.0,7153.0,325.0,2801.0,7246.0,0.0,0.0,1960.0,841.0,220.0,105.0
2.0,14074.0,2185.0,2748.0,4391.0,0.0,0.0,1923.0,825.0,1549.0,636.0
2.0,16280.0,4631.0,2782.0,0.0,0.0,0.0,1948.0,834.0,3269.0,1362.0
2.0,11649.0,5256.0,2867.0,0.0,5075.0,5075.0,2008.0,859.0,3687.0,1569.0
2.0,6393.0,3433.0,2919.0,0.0,8716.0,8716.0,2044.0,875.0,2384.0,1049.0
2.0,2960.0,1048.0,2886.0,5075.0,4557.0,4557.0,2020.0,866.0,707.0,341.0
2.0,6987.0,499.0,2801.0,8716.0,0.0,0.0,1960.0,841.0,342.0,157.0
2.0,15204.0,2399.0,2749.0,4557.0,0.0,0.0,1924.0,825.0,1700.0,699.0
2.0,17362.0,4785.0,2783.0,0.0,0.0,0.0,1949.0,834.0,3378.0,1407.0
2.0,12577.0,5318.0,2870.0,0.0,4221.0,4221.0,2010.0,860.0,3729.0,1589.0
2.0,7259.0,3398.0,2923.0,0.0,7831.0,7831.0,2047.0,876.0,2357.0,1041.0
2.0,3861.0,909.0,2891.0,4221.0,4391.0,4391.0,2024.0,867.0,610.0,299.0
2.0,7173.0,295.0,2805.0,7831.0,0.0,0.0,1963.0,842.0,202.0,93.0
2.0,14709.0,2167.0,2752.0,4391.0,0.0,0.0,1926.0,826.0,1539.0,628.0
2.0,16933.0,4633.0,2783.0,0.0,0.0,0.0,1949.0,834.0,3270.0,1363.0
2.0,12300.0,5312.0,2870.0,0.0,4492.0,4492.0,2010.0,860.0,3722.0,1590.0
2.0,6988.0,3503.0,2927.0,0.0,8223.0,8223.0,2050.0,877.0,2429.0,1074.0
2.0,3485.0,991.0,2895.0,4492.0,4594.0,4594.0,2026.0,869.0,667.0,324.0
2.0,6986.0,368.0,2807.0,8223.0,0.0,0.0,1964.0,843.0,254.0,114.0
2.0,14841.0,2303.0,2752.0,4594.0,0.0,0.0,1926.0,826.0,1637.0,666.0
2.0,17132.0,4843.0,2785.0,0.0,0.0,0.0,1950.0,835.0,3419.0,1424.0
2.0,12289.0,5407.0,2872.0,0.0,4606.0,4606.0,2011.0,861.0,3788.0,1619.0
2.0,6882.0,3513.0,2928.0,0.0,8343.0,8343.0,2050.0,878.0,2435.0,1078.0
2.0,3369.0,957.0,2896.0,4606.0,4566.0,4566.0,2027.0,869.0,643.0,314.0
2.0,7018.0,295.0,2808.0,8343.0,0.0,0.0,1965.0,843.0,204.0,91.0
2.0,15066.0,2125.0,2752.0,4566.0,0.0,0.0,1926.0,826.0,1511.0,614.0
2.0,17507.0,4636.0,2782.0,0.0,0.0,0.0,1948.0,834.0,3273.0,1363.0
2.0,12871.0,5396.0,2873.0,0.0,4017.0,4017.0,2012.0,861.0,3780.0,1616.0
2.0,7475.0,3611.0,2933.0,0.0,7868.0,7868.0,2054.0,879.0,2504.0,1107.0
2.0,3864.0,1124.0,2907.0,4017.0,4871.0,4871.0,2035.0,872.0,760.0,364.0
2.0,6757.0,336.0,2819.0,7868.0,0.0,0.0,1973.0,846.0,232.0,104.0
2.0,14289.0,2123.0,2759.0,4871.0,0.0,0.0,1931.0,828.0,1511.0,612.0
2.0,17037.0,4724.0,2788.0,0.0,0.0,0.0,1952.0,836.0,3332.0,1392.0
2.0,12313.0,5532.0,2878.0,0.0,4731.0,4731.0,2016.0,862.0,3874.0,1658.0
2.0,6781.0,3682.0,2940.0,0.0,8661.0,8661.0,2059.0,881.0,2555.0,1127.0
2.0,3099.0,1052.0,2914.0,4731.0,4878.0,4878.0,2040.0,874.0,711.0,341.0
2.0,6778.0,279.0,2828.0,8661.0,0.0,0.0,1979.0,849.0,194.0,85.0
2.0,15160.0,2063.0,2767.0,4878.0,0.0,0.0,1937.0,830.0,1468.0,595.0
2.0,17975.0,4566.0,2792.0,0.0,0.0,0.0,1955.0,837.0,3220.0,1346.0
2.0,13409.0,5290.0,2877.0,0.0,3389.0,3389.0,2015.0,862.0,3704.0,1586.0
2.0,8119.0,3610.0,2941.0,0.0,7255.0,7255.0,2059.0,882.0,2503.0,1107.0
2.0,4509.0,1186.0,2921.0,3389.0,4972.0,4972.0,2045.0,876.0,808.0,378.0
2.0,6712.0,383.0,2838.0,7255.0,0.0,0.0,1986.0,852.0,270.0,113.0
2.0,13584.0,2040.0,2774.0,4972.0,0.0,0.0,1942.0,832.0,1452.0,588.0
2.0,16516.0,4550.0,2792.0,0.0,0.0,0.0,1955.0,837.0,3206.0,1344.0
2.0,11966.0,5436.0,2876.0,0.0,4974.0,4974.0,2014.0,862.0,3802.0,1634.0
2.0,6530.0,3847.0,2941.0,0.0,9081.0,9081.0,2059.0,882.0,2670.0,1177.0
2.0,2683.0,1410.0,2925.0,4974.0,5453.0,5453.0,2047.0,878.0,966.0,444.0
2.0,6247.0,470.0,2844.0,9081.0,0.0,0.0,1990.0,854.0,331.0,139.0
2.0,14858.0,1971.0,2779.0,5453.0,0.0,0.0,1945.0,834.0,1404.0,567.0
2.0,18340.0,4352.0,2798.0,0.0,0.0,0.0,1959.0,839.0,3067.0,1285.0
2.0,13988.0,5150.0,2879.0,0.0,2678.0,2678.0,2016.0,863.0,3603.0,1547.0
2.0,8838.0,3633.0,2943.0,0.0,6567.0,6567.0,2061.0,882.0,2519.0,1114.0
2.0,5205.0,1227.0,2924.0,2678.0,5040.0,5040.0,2047.0,877.0,839.0,388.0
2.0,6656.0,412.0,2844.0,6567.0,0.0,0.0,1990.0,854.0,291.0,121.0
2.0,12811.0,2066.0,2782.0,5040.0,0.0,0.0,1947.0,835.0,1470.0,596.0
2.0,15785.0,4559.0,2804.0,0.0,0.0,0.0,1963.0,841.0,3211.0,1348.0
2.0,11226.0,5407.0,2887.0,0.0,5729.0,5729.0,2022.0,865.0,3781.0,1626.0
2.0,5819.0,3725.0,2949.0,0.0,9702.0,9702.0,2065.0,884.0,2584.0,1141.0
2.0,2094.0,1205.0,2926.0,5729.0,5086.0,5086.0,2048.0,878.0,827.0,378.0
2.0,6618.0,470.0,2844.0,9702.0,0.0,0.0,1990.0,854.0,335.0,135.0
2.0,15850.0,2259.0,2785.0,5086.0,0.0,0.0,1949.0,836.0,1605.0,654.0
2.0,18677.0,4697.0,2809.0,0.0,0.0,0.0,1967.0,842.0,3303.0,1394.0
2.0,13980.0,5294.0,2894.0,0.0,2890.0,2890.0,2027.0,867.0,3699.0,1595.0
2.0,8686.0,3494.0,2955.0,0.0,6628.0,6628.0,2069.0,886.0,2425.0,1069.0
2.0,5192.0,1007.0,2933.0,2890.0,4657.0,4657.0,2053.0,880.0,688.0,319.0
2.0,7075.0,259.0,2849.0,6628.0,0.0,0.0,1994.0,855.0,188.0,71.0
2.0,13444.0,2177.0,2789.0,4657.0,0.0,0.0,1952.0,837.0,1546.0,631.0
2.0,15924.0,4766.0,2813.0,0.0,94.0,94.0,1970.0,843.0,3353.0,1413.0
2.0,11158.0,5504.0,2900.0,0.0,5946.0,5946.0,2031.0,869.0,3846.0,1658.0
2.0,5654.0,3610.0,2962.0,94.0,9710.0,9710.0,2074.0,888.0,2504.0,1106.0
2.0,2138.0,1087.0,2939.0,5946.0,4759.0,4759.0,2057.0,882.0,746.0,341.0
2.0,6997.0,478.0,2855.0,9710.0,0.0,0.0,1998.0,857.0,344.0,134.0
2.0,16229.0,2347.0,2796.0,4759.0,0.0,0.0,1957.0,839.0,1666.0,681.0
2.0,18641.0,4849.0,2822.0,0.0,0.0,0.0,1976.0,846.0,3408.0,1441.0
2.0,13792.0,5411.0,2907.0,0.0,3247.0,3247.0,2036.0,871.0,3780.0,1631.0
2.0,8381.0,3343.0,2966.0,0.0,6826.0,6826.0,2077.0,889.0,2318.0,1025.0
2.0,5038.0,780.0,2940.0,3247.0,4255.0,4255.0,2058.0,882.0,533.0,247.0
2.0,7505.0,254.0,2856.0,6826.0,0.0,0.0,1999.0,857.0,187.0,67.0
2.0,14077.0,2280.0,2796.0,4255.0,0.0,0.0,1957.0,839.0,1617.0,663.0
2.0,16052.0,4864.0,2820.0,0.0,92.0,92.0,1974.0,846.0,3417.0,1447.0
2.0,11188.0,5475.0,2903.0,0.0,5899.0,5899.0,2033.0,870.0,3824.0,1651.0
2.0,5713.0,3483.0,2964.0,92.0,9534.0,9534.0,2075.0,889.0,2419.0,1064.0
2.0,2322.0,889.0,2940.0,5899.0,4428.0,4428.0,2058.0,882.0,611.0,278.0
2.0,7332.0,384.0,2857.0,9534.0,0.0,0.0,1999.0,858.0,278.0,106.0
2.0,16482.0,2493.0,2799.0,4428.0,0.0,0.0,1959.0,840.0,1764.0,729.0
2.0,18417.0,5100.0,2826.0,0.0,0.0,0.0,1979.0,847.0,3581.0,1519.0
2.0,13317.0,5555.0,2913.0,0.0,3890.0,3890.0,2040.0,873.0,3879.0,1676.0
2.0,7762.0,3359.0,2972.0,0.0,7485.0,7485.0,2081.0,891.0,2331.0,1028.0
2.0,4403.0,733.0,2946.0,3890.0,4224.0,4224.0,2062.0,884.0,504.0,229.0
2.0,7560.0,226.0,2862.0,7485.0,0.0,0.0,2003.0,859.0,171.0,55.0
2.0,14819.0,2406.0,2807.0,4224.0,0.0,0.0,1965.0,842.0,1706.0,700.0
2.0,16637.0,5033.0,2835.0,0.0,0.0,0.0,1985.0,850.0,3531.0,1502.0
2.0,11604.0,5460.0,2916.0,0.0,5520.0,5520.0,2042.0,874.0,3808.0,1652.0
2.0,6144.0,3277.0,2972.0,0.0,9021.0,9021.0,2081.0,891.0,2273.0,1004.0
2.0,2867.0,705.0,2946.0,5520.0,4102.0,4102.0,2062.0,884.0,487.0,218.0
2.0,7682.0,393.0,2866.0,9021.0,0.0,0.0,2006.0,860.0,288.0,105.0
2.0,16310.0,2592.0,2812.0,4102.0,0.0,0.0,1968.0,844.0,1834.0,758.0
2.0,17820.0,5200.0,2838.0,0.0,0.0,0.0,1987.0,851.0,3647.0,1553.0
2.0,12620.0,5582.0,2919.0,0.0,4638.0,4638.0,2044.0,875.0,3895.0,1687.0
2.0,7038.0,3366.0,2974.0,0.0,8224.0,8224.0,2082.0,892.0,2338.0,1028.0
2.0,3672.0,773.0,2951.0,4638.0,4267.0,4267.0,2065.0,886.0,534.0,239.0
2.0,7537.0,334.0,2873.0,8224.0,0.0,0.0,2011.0,862.0,246.0,88.0
2.0,15427.0,2420.0,2821.0,4267.0,0.0,0.0,1975.0,846.0,1715.0,705.0
2.0,17274.0,4958.0,2846.0,0.0,0.0,0.0,1993.0,853.0,3478.0,1480.0
2.0,12316.0,5406.0,2927.0,0.0,4798.0,4798.0,2050.0,877.0,3772.0,1634.0
2.0,6910.0,3354.0,2984.0,0.0,8380.0,8380.0,2089.0,895.0,2327.0,1027.0
2.0,3556.0,813.0,2959.0,4798.0,4295.0,4295.0,2071.0,888.0,561.0,252.0
2.0,7541.0,359.0,2879.0,8380.0,0.0,0.0,2015.0,864.0,264.0,95.0
2.0,15562.0,2449.0,2821.0,4295.0,0.0,0.0,1975.0,846.0,1735.0,714.0
2.0,17408.0,5031.0,2847.0,0.0,0.0,0.0,1994.0,853.0,3531.0,1500.0
2.0,12377.0,5519.0,2930.0,0.0,4862.0,4862.0,2052.0,878.0,3852.0,1667.0
2.0,6858.0,3436.0,2987.0,0.0,8526.0,8526.0,2091.0,896.0,2385.0,1051.0
2.0,3422.0,837.0,2959.0,4862.0,4389.0,4389.0,2071.0,888.0,576.0,261.0
2.0,7447.0,292.0,2875.0,8526.0,0.0,0.0,2012.0,863.0,215.0,77.0
2.0,15681.0,2326.0,2818.0,4389.0,0.0,0.0,1973.0,845.0,1649.0,677.0
2.0,17744.0,4863.0,2845.0,0.0,0.0,0.0,1992.0,853.0,3416.0,1447.0
2.0,12881.0,5383.0,2929.0,0.0,4218.0,4218.0,2051.0,878.0,3758.0,1625.0
2.0,7498.0,3433.0,2989.0,0.0,7891.0,7891.0,2093.0,896.0,2381.0,1052.0
2.0,4065.0,885.0,2965.0,4218.0,4462.0,4462.0,2075.0,890.0,609.0,276.0
2.0,7398.0,400.0,2881.0,7891.0,0.0,0.0,2016.0,865.0,290.0,110.0
2.0,14889.0,2439.0,2821.0,4462.0,0.0,0.0,1975.0,846.0,1728.0,711.0
2.0,16912.0,4998.0,2849.0,0.0,0.0,0.0,1995.0,854.0,3512.0,1486.0
2.0,11914.0,5598.0,2935.0,0.0,5424.0,5424.0,2055.0,880.0,3909.0,1689.0
2.0,6316.0,3566.0,2994.0,0.0,9226.0,9226.0,2096.0,898.0,2476.0,1090.0
2.0,2750.0,942.0,2968.0,5424.0,4640.0,4640.0,2077.0,891.0,646.0,296.0
2.0,7232.0,388.0,2882.0,9226.0,0.0,0.0,2017.0,865.0,280.0,108.0
2.0,16070.0,2380.0,2823.0,4640.0,0.0,0.0,1976.0,847.0,1688.0,692.0
2.0,18330.0,4870.0,2853.0,0.0,0.0,0.0,1998.0,855.0,3424.0,1446.0
2.0,13460.0,5453.0,2943.0,0.0,3765.0,3765.0,2061.0,882.0,3810.0,1643.0
2.0,8007.0,3456.0,3004.0,0.0,7465.0,7465.0,2103.0,901.0,2397.0,1059.0
2.0,4551.0,886.0,2978.0,3765.0,4482.0,4482.0,2084.0,894.0,604.0,282.0
2.0,7430.0,298.0,2889.0,7465.0,0.0,0.0,2022.0,867.0,216.0,82.0
2.0,14597.0,2316.0,2829.0,4482.0,0.0,0.0,1980.0,849.0,1645.0,671.0
2.0,16763.0,4935.0,2856.0,0.0,0.0,0.0,2000.0,856.0,3471.0,1464.0
2.0,11828.0,5585.0,2947.0,0.0,5545.0,5545.0,2064.0,883.0,3901.0,1684.0
2.0,6243.0,3616.0,3010.0,0.0,9413.0,9413.0,2107.0,903.0,2506.0,1110.0
2.0,2627.0,975.0,2980.0,5545.0,4723.0,4723.0,2086.0,894.0,669.0,306.0
2.0,7197.0,451.0,2891.0,9413.0,0.0,0.0,2023.0,868.0,326.0,125.0
2.0,16159.0,2455.0,2831.0,4723.0,0.0,0.0,1982.0,849.0,1744.0,711.0
2.0,18427.0,4938.0,2861.0,0.0,0.0,0.0,2004.0,857.0,3472.0,1466.0
2.0,13489.0,5353.0,2950.0,0.0,3664.0,3664.0,2066.0,884.0,3736.0,1617.0
2.0,8136.0,3326.0,3010.0,0.0,7230.0,7230.0,2107.0,903.0,2303.0,1023.0
2.0,4810.0,853.0,2980.0,3664.0,4299.0,4299.0,2085.0,895.0,583.0,270.0
2.0,7621.0,369.0,2891.0,7230.0,0.0,0.0,2023.0,868.0,270.0,99.0
2.0,14482.0,2380.0,2831.0,4299.0,0.0,0.0,1982.0,849.0,1692.0,688.0
2.0,16401.0,4872.0,2862.0,0.0,0.0,0.0,2004.0,858.0,3425.0,1447.0
2.0,11529.0,5453.0,2953.0,0.0,5736.0,5736.0,2068.0,885.0,3804.0,1649.0
2.0,6076.0,3559.0,3014.0,0.0,9539.0,9539.0,2110.0,904.0,2464.0,1095.0
2.0,2517.0,1135.0,2986.0,5736.0,4826.0,4826.0,2090.0,896.0,780.0,355.0
2.0,7118.0,563.0,2896.0,9539.0,0.0,0.0,2027.0,869.0,410.0,153.0
2.0,16094.0,2457.0,2837.0,4826.0,0.0,0.0,1986.0,851.0,1748.0,709.0
2.0,18463.0,4876.0,2866.0,0.0,0.0,0.0,2007.0,859.0,3426.0,1450.0
2.0,13587.0,5421.0,2955.0,0.0,3654.0,3654.0,2069.0,886.0,3781.0,1640.0
2.0,8166.0,3509.0,3016.0,0.0,7407.0,7407.0,2111.0,905.0,2430.0,1079.0
2.0,4657.0,1036.0,2989.0,3654.0,4681.0,4681.0,2092.0,897.0,711.0,325.0
2.0,7275.0,428.0,2902.0,7407.0,0.0,0.0,2031.0,871.0,313.0,115.0
2.0,14254.0,2253.0,2842.0,4681.0,0.0,0.0,1990.0,852.0,1605.0,648.0
2.0,16682.0,4755.0,2869.0,0.0,0.0,0.0,2009.0,860.0,3343.0,1412.0
2.0,11927.0,5407.0,2957.0,0.0,5308.0,5308.0,2071.0,886.0,3773.0,1634.0
2.0,6520.0,3602.0,3020.0,0.0,9162.0,9162.0,2114.0,906.0,2495.0,1107.0
2.0,2918.0,1143.0,2994.0,5308.0,4893.0,4893.0,2095.0,899.0,784.0,359.0
2.0,7083.0,558.0,2908.0,9162.0,0.0,0.0,2035.0,873.0,402.0,156.0
2.0,15687.0,2400.0,2848.0,4893.0,0.0,0.0,1994.0,854.0,1709.0,691.0
2.0,18180.0,4873.0,2876.0,0.0,0.0,0.0,2014.0,862.0,3427.0,1446.0
2.0,13307.0,5457.0,2964.0,0.0,4006.0,4006.0,2076.0,888.0,3807.0,1650.0
2.0,7850.0,3583.0,3028.0,0.0,7845.0,7845.0,2120.0,908.0,2479.0,1104.0
2.0,4267.0,1103.0,3005.0,4006.0,4850.0,4850.0,2103.0,902.0,757.0,346.0
2.0,7170.0,454.0,2919.0,7845.0,0.0,0.0,2043.0,876.0,330.0,124.0
2.0,14561.0,2262.0,2860.0,4850.0,0.0,0.0,2002.0,858.0,1612.0,650.0
2.0,17149.0,4731.0,2884.0,0.0,0.0,0.0,2020.0,864.0,3328.0,1403.0
2.0,12418.0,5384.0,2971.0,0.0,4850.0,4850.0,2081.0,890.0,3755.0,1629.0
2.0,7034.0,3528.0,3031.0,0.0,8618.0,8618.0,2122.0,909.0,2441.0,1087.0
2.0,3506.0,1130.0,3006.0,4850.0,4798.0,4798.0,2104.0,902.0,775.0,355.0
2.0,7226.0,610.0,2922.0,8618.0,0.0,0.0,2045.0,877.0,441.0,169.0
2.0,15234.0,2571.0,2864.0,4798.0,0.0,0.0,2005.0,859.0,1831.0,740.0
2.0,17461.0,5014.0,2891.0,0.0,0.0,0.0,2025.0,866.0,3526.0,1488.0
2.0,12447.0,5524.0,2980.0,0.0,4997.0,4997.0,2087.0,893.0,3853.0,1671.0
2.0,6923.0,3466.0,3038.0,0.0,8695.0,8695.0,2127.0,911.0,2395.0,1071.0
2.0,3457.0,886.0,3010.0,4997.0,4472.0,4472.0,2106.0,904.0,604.0,282.0
2.0,7568.0,378.0,2924.0,8695.0,0.0,0.0,2046.0,878.0,278.0,100.0
2.0,15885.0,2368.0,2864.0,4472.0,0.0,0.0,2005.0,859.0,1689.0,679.0
2.0,17989.0,4837.0,2890.0,0.0,0.0,0.0,2024.0,866.0,3403.0,1434.0
2.0,13152.0,5417.0,2978.0,0.0,4177.0,4177.0,2086.0,892.0,3779.0,1638.0
2.0,7735.0,3438.0,3038.0,0.0,7855.0,7855.0,2127.0,911.0,2377.0,1061.0
2.0,4297.0,952.0,3012.0,4177.0,4526.0,4526.0,2108.0,904.0,647.0,305.0
2.0,7522.0,528.0,2927.0,7855.0,0.0,0.0,2048.0,879.0,382.0,146.0
2.0,14849.0,2642.0,2871.0,4526.0,0.0,0.0,2010.0,861.0,1880.0,762.0
2.0,16733.0,5199.0,2901.0,0.0,70.0,70.0,2032.0,869.0,3660.0,1539.0
2.0,11534.0,5627.0,2990.0,0.0,6053.0,6053.0,2094.0,896.0,3928.0,1699.0
2.0,5907.0,3449.0,3048.0,70.0,9664.0,9664.0,2134.0,914.0,2382.0,1067.0
2.0,2528.0,756.0,3015.0,6053.0,4235.0,4235.0,2110.0,905.0,511.0,245.0
2.0,7825.0,298.0,2927.0,9664.0,0.0,0.0,2048.0,879.0,220.0,78.0
2.0,17191.0,2505.0,2871.0,4235.0,0.0,0.0,2010.0,861.0,1786.0,719.0
2.0,18921.0,5157.0,2907.0,0.0,0.0,0.0,2036.0,871.0,3631.0,1526.0
2.0,13764.0,5608.0,2998.0,0.0,3836.0,3836.0,2100.0,898.0,3913.0,1695.0
2.0,8156.0,3420.0,3057.0,0.0,7492.0,7492.0,2140.0,917.0,2363.0,1057.0
2.0,4736.0,774.0,3026.0,3836.0,4306.0,4306.0,2118.0,908.0,522.0,252.0
2.0,7798.0,322.0,2938.0,7492.0,0.0,0.0,2056.0,882.0,235.0,87.0
2.0,14968.0,2576.0,2883.0,4306.0,0.0,0.0,2018.0,865.0,1834.0,742.0
2.0,16698.0,5241.0,2916.0,0.0,207.0,207.0,2042.0,874.0,3690.0,1551.0
2.0,11457.0,5740.0,3004.0,0.0,6299.0,6299.0,2104.0,900.0,4010.0,1730.0
2.0,5717.0,3559.0,3062.0,207.0,9883.0,9883.0,2144.0,918.0,2461.0,1098.0
2.0,2365.0,898.0,3032.0,6299.0,4362.0,4362.0,2122.0,910.0,608.0,290.0
2.0,7766.0,373.0,2945.0,9883.0,0.0,0.0,2061.0,884.0,271.0,102.0
2.0,17276.0,2460.0,2888.0,4362.0,0.0,0.0,2022.0,866.0,1753.0,707.0
2.0,19178.0,5068.0,2918.0,0.0,0.0,0.0,2044.0,874.0,3569.0,1499.0
2.0,14110.0,5529.0,3004.0,0.0,3435.0,3435.0,2104.0,900.0,3861.0,1668.0
2.0,8581.0,3422.0,3062.0,0.0,7089.0,7089.0,2144.0,918.0,2363.0,1059.0
2.0,5159.0,834.0,3035.0,3435.0,4380.0,4380.0,2124.0,911.0,562.0,272.0
2.0,7760.0,364.0,2951.0,7089.0,0.0,0.0,2065.0,886.0,266.0,98.0
2.0,14485.0,2444.0,2894.0,4380.0,0.0,0.0,2026.0,868.0,1744.0,700.0
2.0,16421.0,5038.0,2921.0,0.0,301.0,301.0,2046.0,875.0,3549.0,1489.0
2.0,11383.0,5574.0,3007.0,0.0,6219.0,6219.0,2106.0,901.0,3892.0,1682.0
2.0,5809.0,3612.0,3065.0,301.0,9762.0,9762.0,2146.0,919.0,2495.0,1117.0
2.0,2498.0,1090.0,3040.0,6219.0,4533.0,4533.0,2127.0,913.0,741.0,349.0
2.0,7627.0,525.0,2957.0,9762.0,0.0,0.0,2069.0,888.0,379.0,146.0
2.0,16864.0,2456.0,2898.0,4533.0,0.0,0.0,2029.0,869.0,1753.0,703.0
2.0,18941.0,4961.0,2925.0,0.0,0.0,0.0,2049.0,876.0,3494.0,1467.0
2.0,13980.0,5465.0,3009.0,0.0,3521.0,3521.0,2107.0,902.0,3813.0,1652.0
2.0,8515.0,3461.0,3067.0,0.0,7214.0,7214.0,2147.0,920.0,2389.0,1072.0
2.0,5054.0,995.0,3042.0,3521.0,4588.0,4588.0,2129.0,913.0,677.0,318.0
2.0,7580.0,441.0,2960.0,7214.0,0.0,0.0,2071.0,889.0,323.0,118.0
2.0,14353.0,2366.0,2902.0,4588.0,0.0,0.0,2032.0,870.0,1690.0,676.0
2.0,16575.0,4947.0,2930.0,0.0,92.0,92.0,2052.0,878.0,3482.0,1465.0
2.0,11628.0,5561.0,3014.0,0.0,5989.0,5989.0,2111.0,903.0,3878.0,1683.0
2.0,6067.0,3597.0,3071.0,92.0,9722.0,9722.0,2150.0,921.0,2484.0,1113.0
2.0,2562.0,1106.0,3044.0,5989.0,4731.0,4731.0,2130.0,914.0,754.0,352.0
2.0,7445.0,587.0,2958.0,9722.0,0.0,0.0,2070.0,888.0,426.0,161.0
2.0,16580.0,2521.0,2901.0,4731.0,0.0,0.0,2031.0,870.0,1799.0,722.0
2.0,18790.0,4955.0,2930.0,0.0,0.0,0.0,2052.0,878.0,3489.0,1466.0
2.0,13835.0,5402.0,3017.0,0.0,3635.0,3635.0,2113.0,904.0,3769.0,1633.0
2.0,8433.0,3435.0,3075.0,0.0,7302.0,7302.0,2153.0,922.0,2372.0,1063.0
2.0,4998.0,1093.0,3051.0,3635.0,4664.0,4664.0,2135.0,916.0,745.0,348.0
2.0,7540.0,645.0,2970.0,7302.0,0.0,0.0,2078.0,892.0,464.0,181.0
2.0,14197.0,2443.0,2913.0,4664.0,0.0,0.0,2039.0,874.0,1742.0,701.0
2.0,16418.0,4748.0,2938.0,0.0,82.0,82.0,2058.0,880.0,3344.0,1404.0
2.0,11670.0,5270.0,3021.0,0.0,5684.0,5684.0,2116.0,905.0,3679.0,1591.0
2.0,6400.0,3458.0,3077.0,82.0,9284.0,9284.0,2154.0,923.0,2389.0,1069.0
2.0,3024.0,1249.0,3051.0,5684.0,4745.0,4745.0,2135.0,916.0,853.0,396.0
2.0,7459.0,782.0,2965.0,9284.0,0.0,0.0,2075.0,890.0,557.0,225.0
2.0,15961.0,2576.0,2907.0,4745.0,0.0,0.0,2035.0,872.0,1834.0,742.0
2.0,18130.0,4783.0,2933.0,0.0,0.0,0.0,2054.0,879.0,3371.0,1412.0
2.0,13347.0,5257.0,3019.0,0.0,3986.0,3986.0,2115.0,904.0,3672.0,1585.0
2.0,8090.0,3468.0,3080.0,0.0,7698.0,7698.0,2156.0,924.0,2397.0,1071.0
2.0,4622.0,1246.0,3055.0,3986.0,4858.0,4858.0,2138.0,917.0,851.0,395.0
2.0,7362.0,801.0,2972.0,7698.0,0.0,0.0,2080.0,892.0,569.0,232.0
2.0,14259.0,2577.0,2914.0,4858.0,0.0,0.0,2040.0,874.0,1835.0,742.0
2.0,16540.0,4795.0,2940.0,0.0,15.0,15.0,2059.0,881.0,3377.0,1418.0
2.0,11745.0,5180.0,3025.0,0.0,5535.0,5535.0,2119.0,906.0,3616.0,1564.0
2.0,6565.0,3422.0,3085.0,15.0,9182.0,9182.0,2160.0,925.0,2366.0,1056.0
2.0,3158.0,1249.0,3059.0,5535.0,4792.0,4792.0,2141.0,918.0,855.0,394.0
2.0,7444.0,846.0,2974.0,9182.0,0.0,0.0,2081.0,893.0,604.0,242.0
2.0,15780.0,2692.0,2916.0,4792.0,0.0,0.0,2041.0,875.0,1916.0,776.0
2.0,17880.0,4974.0,2943.0,0.0,0.0,0.0,2061.0,882.0,3500.0,1474.0
2.0,12906.0,5376.0,3030.0,0.0,4590.0,4590.0,2122.0,908.0,3750.0,1626.0
2.0,7530.0,3537.0,3090.0,0.0,8367.0,8367.0,2163.0,927.0,2446.0,1091.0
2.0,3993.0,1202.0,3066.0,4590.0,4883.0,4883.0,2146.0,920.0,823.0,379.0
2.0,7381.0,636.0,2981.0,8367.0,0.0,0.0,2086.0,895.0,460.0,176.0
2.0,15112.0,2433.0,2921.0,4883.0,0.0,0.0,2045.0,876.0,1735.0,698.0
2.0,17562.0,4693.0,2946.0,0.0,0.0,0.0,2063.0,883.0,3301.0,1392.0
2.0,12869.0,5232.0,3030.0,0.0,4483.0,4483.0,2122.0,908.0,3648.0,1584.0
2.0,7637.0,3526.0,3091.0,0.0,8253.0,8253.0,2164.0,927.0,2438.0,1088.0
2.0,4111.0,1295.0,3069.0,4483.0,4977.0,4977.0,2148.0,921.0,892.0,403.0
2.0,7299.0,852.0,2988.0,8253.0,0.0,0.0,2091.0,897.0,612.0,240.0
2.0,14700.0,2589.0,2931.0,4977.0,0.0,0.0,2052.0,879.0,1843.0,746.0
2.0,17088.0,4791.0,2954.0,0.0,0.0,0.0,2069.0,885.0,3369.0,1422.0
2.0,12297.0,5318.0,3035.0,0.0,5161.0,5161.0,2126.0,909.0,3706.0,1612.0
2.0,6979.0,3594.0,3094.0,0.0,8991.0,8991.0,2166.0,928.0,2484.0,1110.0
2.0,3385.0,1363.0,3072.0,5161.0,5105.0,5105.0,2150.0,922.0,940.0,423.0
2.0,7183.0,777.0,2992.0,8991.0,0.0,0.0,2094.0,898.0,562.0,215.0
2.0,15397.0,2464.0,2934.0,5105.0,0.0,0.0,2054.0,880.0,1756.0,708.0
2.0,18038.0,4645.0,2957.0,0.0,0.0,0.0,2071.0,886.0,3265.0,1380.0
2.0,13393.0,5141.0,3037.0,0.0,3896.0,3896.0,2127.0,910.0,3584.0,1557.0
2.0,8252.0,3505.0,3097.0,0.0,7641.0,7641.0,2168.0,929.0,2424.0,1081.0
2.0,4747.0,1353.0,3077.0,3896.0,5018.0,5018.0,2153.0,924.0,934.0,419.0
2.0,7290.0,876.0,2998.0,7641.0,0.0,0.0,2098.0,900.0,630.0,246.0
2.0,14055.0,2591.0,2941.0,5018.0,0.0,0.0,2059.0,882.0,1842.0,749.0
2.0,16482.0,4756.0,2964.0,0.0,130.0,130.0,2076.0,888.0,3342.0,1414.0
2.0,11726.0,5238.0,3043.0,0.0,5684.0,5684.0,2131.0,912.0,3651.0,1587.0
2.0,6488.0,3552.0,3100.0,130.0,9334.0,9334.0,2170.0,930.0,2458.0,1094.0
2.0,3066.0,1415.0,3079.0,5684.0,4981.0,4981.0,2155.0,924.0,979.0,436.0
2.0,7335.0,938.0,3001.0,9334.0,0.0,0.0,2100.0,901.0,671.0,267.0
2.0,15731.0,2540.0,2947.0,4981.0,0.0,0.0,2063.0,884.0,1805.0,735.0
2.0,18172.0,4615.0,2969.0,0.0,0.0,0.0,2079.0,890.0,3243.0,1372.0
2.0,13557.0,5064.0,3046.0,0.0,3691.0,3691.0,2133.0,913.0,3529.0,1535.0
2.0,8493.0,3359.0,3098.0,0.0,7258.0,7258.0,2169.0,929.0,2323.0,1036.0
2.0,5134.0,1215.0,3074.0,3691.0,4686.0,4686.0,2151.0,923.0,838.0,377.0
2.0,7610.0,857.0,2999.0,7258.0,0.0,0.0,2099.0,900.0,617.0,240.0
2.0,14011.0,2734.0,2950.0,4686.0,0.0,0.0,2065.0,885.0,1942.0,792.0
2.0,15963.0,4962.0,2980.0,0.0,919.0,919.0,2087.0,893.0,3487.0,1475.0
2.0,11001.0,5286.0,3057.0,0.0,6513.0,6513.0,2141.0,916.0,3686.0,1600.0
2.0,5715.0,3412.0,3108.0,919.0,9210.0,9210.0,2176.0,932.0,2359.0,1053.0
2.0,3222.0,1201.0,3081.0,6513.0,3790.0,3790.0,2156.0,925.0,827.0,374.0
2.0,8534.0,837.0,3005.0,9210.0,0.0,0.0,2103.0,902.0,602.0,235.0
2.0,16907.0,2754.0,2957.0,3790.0,0.0,0.0,2070.0,887.0,1956.0,798.0
2.0,17943.0,4966.0,2986.0,0.0,0.0,0.0,2091.0,895.0,3490.0,1476.0
2.0,12977.0,5229.0,3063.0,0.0,4504.0,4504.0,2145.0,918.0,3646.0,1583.0
2.0,7748.0,3233.0,3109.0,0.0,7921.0,7921.0,2177.0,932.0,2234.0,999.0
2.0,4515.0,981.0,3079.0,4504.0,4278.0,4278.0,2155.0,924.0,672.0,309.0
2.0,8038.0,731.0,3001.0,7921.0,0.0,0.0,2100.0,901.0,528.0,203.0
2.0,15228.0,2746.0,2954.0,4278.0,0.0,0.0,2068.0,886.0,1952.0,794.0
2.0,16760.0,5067.0,2986.0,0.0,251.0,251.0,2091.0,895.0,3561.0,1506.0
2.0,11693.0,5355.0,3064.0,0.0,5918.0,5918.0,2146.0,918.0,3733.0,1622.0
2.0,6338.0,3350.0,3112.0,251.0,9209.0,9209.0,2179.0,933.0,2317.0,1033.0
2.0,3239.0,1080.0,3081.0,5918.0,4247.0,4247.0,2156.0,925.0,744.0,336.0
2.0,8077.0,844.0,3002.0,9209.0,0.0,0.0,2101.0,901.0,607.0,237.0
2.0,16442.0,2855.0,2954.0,4247.0,0.0,0.0,2068.0,886.0,2027.0,828.0
2.0,17834.0,5080.0,2983.0,0.0,0.0,0.0,2089.0,894.0,3567.0,1513.0
2.0,12754.0,5286.0,3062.0,0.0,4780.0,4780.0,2144.0,918.0,3683.0,1603.0
2.0,7468.0,3231.0,3111.0,0.0,8207.0,8207.0,2178.0,933.0,2235.0,996.0
2.0,4237.0,952.0,3084.0,4780.0,4271.0,4271.0,2158.0,926.0,657.0,295.0
2.0,8065.0,706.0,3007.0,8207.0,0.0,0.0,2104.0,903.0,510.0,196.0
2.0,15566.0,2690.0,2958.0,4271.0,0.0,0.0,2071.0,887.0,1911.0,779.0
2.0,17147.0,4991.0,2986.0,0.0,0.0,0.0,2091.0,895.0,3503.0,1488.0
2.0,12156.0,5403.0,3064.0,0.0,5503.0,5503.0,2146.0,918.0,3765.0,1638.0
2.0,6753.0,3473.0,3115.0,0.0,9180.0,9180.0,2181.0,934.0,2405.0,1068.0
2.0,3280.0,1127.0,3087.0,5503.0,4692.0,4692.0,2160.0,927.0,780.0,347.0
2.0,7656.0,756.0,3009.0,9180.0,0.0,0.0,2106.0,903.0,548.0,208.0
2.0,16080.0,2710.0,2960.0,4692.0,0.0,0.0,2072.0,888.0,1925.0,785.0
2.0,18062.0,5127.0,2989.0,0.0,0.0,0.0,2093.0,896.0,3597.0,1530.0
2.0,12935.0,5548.0,3070.0,0.0,4893.0,4893.0,2150.0,920.0,3865.0,1683.0
2.0,7387.0,3553.0,3123.0,0.0,8658.0,8658.0,2186.0,937.0,2459.0,1094.0
2.0,3834.0,1027.0,3095.0,4893.0,4680.0,4680.0,2166.0,929.0,710.0,317.0
2.0,7700.0,516.0,3015.0,8658.0,0.0,0.0,2110.0,905.0,382.0,134.0
2.0,15842.0,2503.0,2965.0,4680.0,0.0,0.0,2076.0,889.0,1783.0,720.0
2.0,18019.0,5002.0,2994.0,0.0,0.0,0.0,2097.0,897.0,3512.0,1490.0
2.0,13017.0,5503.0,3073.0,0.0,4778.0,4778.0,2152.0,921.0,3829.0,1674.0
2.0,7514.0,3592.0,3126.0,0.0,8582.0,8582.0,2188.0,938.0,2482.0,1110.0
2.0,3922.0,1134.0,3098.0,4778.0,4826.0,4826.0,2168.0,930.0,785.0,349.0
2.0,7566.0,582.0,3018.0,8582.0,0.0,0.0,2112.0,906.0,431.0,151.0
2.0,15566.0,2575.0,2966.0,4826.0,0.0,0.0,2077.0,889.0,1835.0,740.0
2.0,17817.0,5122.0,2997.0,0.0,0.0,0.0,2099.0,898.0,3596.0,1526.0
2.0,12695.0,5725.0,3079.0,0.0,5346.0,5346.0,2156.0,923.0,3984.0,1741.0
2.0,6970.0,3734.0,3133.0,0.0,9296.0,9296.0,2193.0,940.0,2581.0,1153.0
2.0,3236.0,1056.0,3104.0,5346.0,4890.0,4890.0,2172.0,932.0,730.0,326.0
2.0,7526.0,381.0,3023.0,9296.0,0.0,0.0,2116.0,907.0,289.0,92.0
2.0,16441.0,2321.0,2971.0,4890.0,0.0,0.0,2080.0,891.0,1656.0,665.0
2.0,19010.0,4939.0,3001.0,0.0,0.0,0.0,2102.0,899.0,3468.0,1471.0
2.0,14071.0,5693.0,3087.0,0.0,3970.0,3970.0,2162.0,925.0,3964.0,1729.0
2.0,8378.0,3841.0,3144.0,0.0,8039.0,8039.0,2201.0,943.0,2658.0,1183.0
2.0,4537.0,1239.0,3115.0,3970.0,5192.0,5192.0,2180.0,935.0,858.0,381.0
2.0,7268.0,510.0,3030.0,8039.0,0.0,0.0,2120.0,910.0,377.0,133.0
2.0,14797.0,2418.0,2975.0,5192.0,0.0,0.0,2083.0,892.0,1723.0,695.0
2.0,17571.0,5086.0,3007.0,0.0,0.0,0.0,2106.0,901.0,3569.0,1517.0
2.0,12485.0,5762.0,3094.0,0.0,5653.0,5653.0,2167.0,927.0,4012.0,1750.0
2.0,6723.0,3849.0,3153.0,0.0,9738.0,9738.0,2207.0,946.0,2667.0,1182.0
2.0,2874.0,1189.0,3122.0,5653.0,5150.0,5150.0,2185.0,937.0,827.0,362.0
2.0,7338.0,445.0,3035.0,9738.0,0.0,0.0,2124.0,911.0,331.0,114.0
2.0,16631.0,2326.0,2980.0,5150.0,0.0,0.0,2086.0,894.0,1654.0,672.0
2.0,19455.0,4960.0,3013.0,0.0,0.0,0.0,2110.0,903.0,3477.0,1483.0
2.0,14495.0,5665.0,3103.0,0.0,3582.0,3582.0,2173.0,930.0,3946.0,1719.0
2.0,8830.0,3699.0,3160.0,0.0,7509.0,7509.0,2212.0,948.0,2565.0,1134.0
2.0,5131.0,1071.0,3128.0,3582.0,4870.0,4870.0,2189.0,939.0,746.0,325.0
2.0,7642.0,382.0,3038.0,7509.0,0.0,0.0,2126.0,912.0,287.0,95.0
2.0,14769.0,2399.0,2981.0,4870.0,0.0,0.0,2087.0,894.0,1704.0,695.0
2.0,17240.0,5195.0,3016.0,0.0,19.0,19.0,2112.0,904.0,3640.0,1555.0
2.0,12045.0,5922.0,3109.0,0.0,6313.0,6313.0,2177.0,932.0,4126.0,1796.0
2.0,6123.0,3834.0,3167.0,19.0,10360.0,10360.0,2217.0,950.0,2661.0,1173.0
2.0,2308.0,1052.0,3132.0,6313.0,4959.0,4959.0,2192.0,940.0,733.0,319.0
2.0,7569.0,348.0,3042.0,10360.0,0.0,0.0,2129.0,913.0,262.0,86.0
2.0,17581.0,2413.0,2986.0,4959.0,0.0,0.0,2091.0,895.0,1712.0,701.0
2.0,20127.0,5153.0,3023.0,0.0,0.0,0.0,2117.0,906.0,3613.0,1540.0
2.0,14974.0,5698.0,3114.0,0.0,3180.0,3180.0,2181.0,933.0,3971.0,1727.0
2.0,9276.0,3587.0,3170.0,0.0,6991.0,6991.0,2219.0,951.0,2489.0,1098.0
2.0,5689.0,938.0,3136.0,3180.0,4613.0,4613.0,2195.0,941.0,651.0,287.0
2.0,7931.0,352.0,3046.0,6991.0,0.0,0.0,2132.0,914.0,263.0,89.0
2.0,14570.0,2479.0,2991.0,4613.0,0.0,0.0,2094.0,897.0,1758.0,721.0
2.0,16704.0,5214.0,3024.0,0.0,606.0,606.0,2118.0,906.0,3656.0,1558.0
2.0,11490.0,5911.0,3116.0,0.0,6885.0,6885.0,2182.0,934.0,4121.0,1790.0
2.0,5579.0,3850.0,3176.0,606.0,10369.0,10369.0,2223.0,953.0,2672.0,1178.0
2.0,2335.0,1118.0,3145.0,6885.0,4478.0,4478.0,2201.0,944.0,779.0,339.0
2.0,8102.0,452.0,3055.0,10369.0,0.0,0.0,2138.0,917.0,336.0,116.0
2.0,18019.0,2408.0,2995.0,4478.0,0.0,0.0,2097.0,898.0,1708.0,700.0
2.0,20089.0,5083.0,3024.0,0.0,0.0,0.0,2118.0,906.0,3561.0,1522.0
2.0,15006.0,5783.0,3116.0,0.0,3241.0,3241.0,2182.0,934.0,4027.0,1756.0
2.0,9223.0,3724.0,3177.0,0.0,7209.0,7209.0,2224.0,953.0,2583.0,1141.0
2.0,5499.0,968.0,3148.0,3241.0,4820.0,4820.0,2203.0,945.0,675.0,293.0
2.0,7772.0,215.0,3056.0,7209.0,0.0,0.0,2139.0,917.0,175.0,40.0
2.0,14766.0,2306.0,2994.0,4820.0,0.0,0.0,2096.0,898.0,1639.0,667.0
2.0,17280.0,5169.0,3024.0,0.0,0.0,0.0,2118.0,906.0,3619.0,1550.0
2.0,12111.0,5968.0,3117.0,0.0,6325.0,6325.0,2183.0,934.0,4155.0,1813.0
2.0,6143.0,3883.0,3181.0,0.0,10464.0,10464.0,2227.0,954.0,2696.0,1187.0
2.0,2260.0,1141.0,3154.0,6325.0,5172.0,5172.0,2207.0,947.0,798.0,343.0
2.0,7444.0,419.0,3063.0,10464.0,0.0,0.0,2144.0,919.0,315.0,104.0
2.0,17489.0,2458.0,3000.0,5172.0,0.0,0.0,2100.0,900.0,1743.0,715.0
2.0,20203.0,5169.0,3027.0,0.0,0.0,0.0,2120.0,907.0,3619.0,1550.0
2.0,15034.0,5837.0,3120.0,0.0,3283.0,3283.0,2185.0,935.0,4066.0,1771.0
2.0,9197.0,3760.0,3184.0,0.0,7299.0,7299.0,2229.0,955.0,2610.0,1150.0
2.0,5437.0,955.0,3158.0,3283.0,4867.0,4867.0,2210.0,948.0,667.0,288.0
2.0,7765.0,240.0,3068.0,7299.0,0.0,0.0,2147.0,921.0,190.0,50.0
2.0,14824.0,2272.0,3002.0,4867.0,0.0,0.0,2102.0,900.0,1613.0,659.0
2.0,17419.0,5075.0,3026.0,0.0,0.0,0.0,2119.0,907.0,3556.0,1519.0
2.0,12344.0,5887.0,3116.0,0.0,6007.0,6007.0,2182.0,934.0,4102.0,1785.0
2.0,6457.0,3865.0,3180.0,0.0,10128.0,10128.0,2226.0,954.0,2682.0,1183.0
2.0,2592.0,1072.0,3154.0,6007.0,5089.0,5089.0,2207.0,947.0,745.0,327.0
2.0,7527.0,325.0,3062.0,10128.0,0.0,0.0,2143.0,919.0,246.0,79.0
2.0,17330.0,2450.0,2999.0,5089.0,0.0,0.0,2100.0,899.0,1740.0,710.0
2.0,19969.0,5269.0,3026.0,0.0,0.0,0.0,2119.0,907.0,3695.0,1574.0
2.0,14700.0,5982.0,3119.0,0.0,3758.0,3758.0,2184.0,935.0,4169.0,1813.0
2.0,8718.0,3869.0,3184.0,0.0,7887.0,7887.0,2229.0,955.0,2682.0,1187.0
2.0,4849.0,1019.0,3159.0,3758.0,5048.0,5048.0,2211.0,948.0,707.0,312.0
2.0,7588.0,190.0,3067.0,7887.0,0.0,0.0,2147.0,920.0,153.0,37.0
2.0,15285.0,2226.0,3001.0,5048.0,0.0,0.0,2101.0,900.0,1585.0,641.0
2.0,18107.0,5085.0,3028.0,0.0,0.0,0.0,2121.0,907.0,3568.0,1517.0
2.0,13022.0,5928.0,3121.0,0.0,5390.0,5390.0,2186.0,935.0,4129.0,1799.0
2.0,7094.0,3904.0,3189.0,0.0,9566.0,9566.0,2232.0,957.0,2705.0,1199.0
2.0,3190.0,1141.0,3165.0,5390.0,5221.0,5221.0,2215.0,950.0,793.0,348.0
2.0,7439.0,364.0,3072.0,9566.0,0.0,0.0,2150.0,922.0,276.0,88.0
2.0,16641.0,2486.0,3006.0,5221.0,0.0,0.0,2105.0,901.0,1767.0,719.0
2.0,19376.0,5320.0,3034.0,0.0,0.0,0.0,2125.0,909.0,3731.0,1589.0
2.0,14056.0,6026.0,3130.0,0.0,4490.0,4490.0,2192.0,938.0,4200.0,1826.0
2.0,8030.0,3918.0,3199.0,0.0,8684.0,8684.0,2239.0,960.0,2716.0,1202.0
2.0,4112.0,1012.0,3172.0,4490.0,5098.0,5098.0,2220.0,952.0,700.0,312.0
2.0,7590.0,188.0,3076.0,8684.0,0.0,0.0,2153.0,923.0,150.0,38.0
2.0,16086.0,2228.0,3009.0,5098.0,0.0,0.0,2107.0,902.0,1585.0,643.0
2.0,18956.0,5092.0,3038.0,0.0,0.0,0.0,2128.0,910.0,3572.0,1520.0
2.0,13864.0,5932.0,3134.0,0.0,4604.0,4604.0,2195.0,939.0,4136.0,1796.0
2.0,7932.0,3932.0,3203.0,0.0,8812.0,8812.0,2242.0,961.0,2730.0,1202.0
2.0,4000.0,1132.0,3178.0,4604.0,5240.0,5240.0,2224.0,954.0,785.0,347.0
2.0,7472.0,301.0,3083.0,8812.0,0.0,0.0,2158.0,925.0,226.0,75.0
2.0,15983.0,2291.0,3014.0,5240.0,0.0,0.0,2110.0,904.0,1628.0,663.0
2.0,18932.0,5200.0,3039.0,0.0,0.0,0.0,2128.0,911.0,3648.0,1552.0
2.0,13732.0,6073.0,3135.0,0.0,4881.0,4881.0,2195.0,940.0,4235.0,1838.0
2.0,7659.0,4091.0,3204.0,0.0,9248.0,9248.0,2243.0,961.0,2840.0,1251.0
2.0,3568.0,1168.0,3181.0,4881.0,5443.0,5443.0,2226.0,955.0,811.0,357.0
2.0,7281.0,169.0,3086.0,9248.0,0.0,0.0,2160.0,926.0,136.0,33.0
2.0,16360.0,2125.0,3016.0,5443.0,0.0,0.0,2112.0,904.0,1512.0,613.0
2.0,19678.0,5131.0,3043.0,0.0,0.0,0.0,2131.0,912.0,3598.0,1533.0
2.0,14547.0,6105.0,3142.0,0.0,4126.0,4126.0,2200.0,942.0,4257.0,1848.0
2.0,8442.0,4074.0,3216.0,0.0,8496.0,8496.0,2251.0,965.0,2828.0,1246.0
2.0,4368.0,1020.0,3191.0,4126.0,5290.0,5290.0,2233.0,958.0,707.0,313.0
2.0,7474.0,128.0,3095.0,8496.0,0.0,0.0,2166.0,929.0,106.0,22.0
2.0,15842.0,2218.0,3022.0,5290.0,0.0,0.0,2116.0,906.0,1576.0,642.0
2.0,18914.0,5262.0,3048.0,0.0,0.0,0.0,2135.0,913.0,3692.0,1570.0
2.0,13652.0,6178.0,3146.0,0.0,5110.0,5110.0,2203.0,943.0,4309.0,1869.0
2.0,7474.0,4152.0,3217.0,0.0,9546.0,9546.0,2252.0,965.0,2884.0,1268.0
2.0,3322.0,1177.0,3192.0,5110.0,5513.0,5513.0,2234.0,958.0,817.0,360.0
2.0,7255.0,240.0,3098.0,9546.0,0.0,0.0,2168.0,930.0,182.0,58.0
2.0,16561.0,2230.0,3028.0,5513.0,0.0,0.0,2120.0,908.0,1583.0,647.0
2.0,19844.0,5157.0,3055.0,0.0,0.0,0.0,2140.0,915.0,3619.0,1538.0
2.0,14687.0,6008.0,3153.0,0.0,3933.0,3933.0,2208.0,945.0,4190.0,1818.0
2.0,8679.0,3989.0,3224.0,0.0,8206.0,8206.0,2257.0,967.0,2770.0,1219.0
2.0,4690.0,1091.0,3202.0,3933.0,5276.0,5276.0,2241.0,961.0,756.0,335.0
2.0,7532.0,179.0,3108.0,8206.0,0.0,0.0,2175.0,933.0,140.0,39.0
2.0,15559.0,2131.0,3035.0,5276.0,0.0,0.0,2125.0,910.0,1514.0,617.0
2.0,18704.0,5089.0,3059.0,0.0,0.0,0.0,2142.0,917.0,3571.0,1518.0
2.0,13615.0,6150.0,3156.0,0.0,5159.0,5159.0,2210.0,946.0,4290.0,1860.0
2.0,7465.0,4262.0,3233.0,0.0,9729.0,9729.0,2263.0,970.0,2961.0,1301.0
2.0,3203.0,1293.0,3210.0,5159.0,5771.0,5771.0,2246.0,964.0,898.0,395.0
2.0,7069.0,223.0,3113.0,9729.0,0.0,0.0,2179.0,934.0,173.0,50.0
2.0,16575.0,2176.0,3040.0,5771.0,0.0,0.0,2128.0,912.0,1546.0,630.0
2.0,20170.0,5111.0,3064.0,0.0,0.0,0.0,2146.0,918.0,3584.0,1527.0
2.0,15059.0,6068.0,3160.0,0.0,3649.0,3649.0,2213.0,947.0,4231.0,1837.0
2.0,8991.0,4034.0,3234.0,0.0,7979.0,7979.0,2264.0,970.0,2801.0,1233.0
2.0,4957.0,1030.0,3212.0,3649.0,5272.0,5272.0,2248.0,964.0,715.0,315.0
2.0,7576.0,73.0,3115.0,7979.0,0.0,0.0,2180.0,935.0,69.0,4.0
2.0,15482.0,2172.0,3044.0,5272.0,0.0,0.0,2131.0,913.0,1543.0,629.0
2.0,18582.0,5199.0,3068.0,0.0,0.0,0.0,2149.0,919.0,3644.0,1555.0
2.0,13383.0,6158.0,3165.0,0.0,5435.0,5435.0,2216.0,949.0,4293.0,1865.0
2.0,7225.0,4208.0,3239.0,0.0,9939.0,9939.0,2267.0,972.0,2925.0,1283.0
2.0,3017.0,1214.0,3214.0,5435.0,5618.0,5618.0,2249.0,965.0,846.0,368.0
2.0,7238.0,218.0,3116.0,9939.0,0.0,0.0,2181.0,935.0,170.0,48.0
2.0,16959.0,2198.0,3042.0,5618.0,0.0,0.0,2130.0,912.0,1560.0,638.0
2.0,20379.0,5168.0,3066.0,0.0,0.0,0.0,2147.0,919.0,3622.0,1546.0
2.0,15211.0,6148.0,3165.0,0.0,3597.0,3597.0,2216.0,949.0,4288.0,1860.0
2.0,9063.0,4135.0,3241.0,0.0,8036.0,8036.0,2269.0,972.0,2873.0,1262.0
2.0,4928.0,1115.0,3219.0,3597.0,5466.0,5466.0,2253.0,966.0,776.0,339.0
2.0,7410.0,60.0,3123.0,8036.0,0.0,0.0,2186.0,937.0,59.0,1.0
2.0,15386.0,2015.0,3048.0,5466.0,0.0,0.0,2134.0,914.0,1432.0,583.0
2.0,18837.0,5023.0,3069.0,0.0,0.0,0.0,2149.0,920.0,3521.0,1502.0
2.0,13814.0,6136.0,3165.0,0.0,4982.0,4982.0,2216.0,949.0,4279.0,1857.0
2.0,7678.0,4321.0,3242.0,0.0,9611.0,9611.0,2269.0,973.0,3002.0,1319.0
2.0,3357.0,1361.0,3224.0,4982.0,5918.0,5918.0,2256.0,968.0,948.0,413.0
2.0,6978.0,287.0,3129.0,9611.0,0.0,0.0,2190.0,939.0,219.0,68.0
2.0,16302.0,2111.0,3054.0,5918.0,0.0,0.0,2138.0,916.0,1502.0,609.0
2.0,20109.0,4988.0,3070.0,0.0,0.0,0.0,2150.0,920.0,3497.0,1491.0
2.0,15121.0,6087.0,3165.0,0.0,3626.0,3626.0,2216.0,949.0,4243.0,1844.0
2.0,9034.0,4264.0,3244.0,0.0,8206.0,8206.0,2271.0,973.0,2960.0,1304.0
2.0,4770.0,1305.0,3228.0,3626.0,5821.0,5821.0,2259.0,969.0,907.0,398.0
2.0,7091.0,161.0,3132.0,8206.0,0.0,0.0,2192.0,940.0,130.0,31.0
2.0,15136.0,1886.0,3051.0,5821.0,0.0,0.0,2136.0,915.0,1346.0,540.0
2.0,19071.0,4824.0,3066.0,0.0,0.0,0.0,2147.0,919.0,3387.0,1437.0
2.0,14247.0,6004.0,3162.0,0.0,4405.0,4405.0,2214.0,948.0,4187.0,1817.0
2.0,8243.0,4360.0,3243.0,0.0,9089.0,9089.0,2270.0,973.0,3026.0,1334.0
2.0,3883.0,1486.0,3229.0,4405.0,6114.0,6114.0,2260.0,969.0,1030.0,456.0
2.0,6802.0,314.0,3134.0,9089.0,0.0,0.0,2193.0,941.0,233.0,81.0
2.0,15577.0,2056.0,3055.0,6114.0,0.0,0.0,2139.0,916.0,1464.0,592.0
2.0,19635.0,5014.0,3071.0,0.0,0.0,0.0,2151.0,920.0,3523.0,1491.0
2.0,14621.0,6195.0,3167.0,0.0,4242.0,4242.0,2218.0,949.0,4325.0,1870.0
2.0,8426.0,4326.0,3247.0,0.0,8888.0,8888.0,2273.0,974.0,3004.0,1322.0
2.0,4100.0,1329.0,3229.0,4242.0,5903.0,5903.0,2260.0,969.0,918.0,411.0
2.0,7013.0,124.0,3132.0,8888.0,0.0,0.0,2192.0,940.0,99.0,25.0
2.0,15777.0,1908.0,3054.0,5903.0,0.0,0.0,2138.0,916.0,1360.0,548.0
2.0,19772.0,4935.0,3071.0,0.0,0.0,0.0,2151.0,920.0,3467.0,1468.0
2.0,14837.0,6144.0,3169.0,0.0,3983.0,3983.0,2219.0,950.0,4289.0,1855.0
2.0,8693.0,4271.0,3247.0,0.0,8566.0,8566.0,2273.0,974.0,2966.0,1305.0
2.0,4422.0,1277.0,3231.0,3983.0,5796.0,5796.0,2261.0,970.0,882.0,395.0
2.0,7128.0,168.0,3136.0,8566.0,0.0,0.0,2195.0,941.0,130.0,38.0
2.0,15526.0,2119.0,3059.0,5796.0,0.0,0.0,2142.0,917.0,1509.0,610.0
2.0,19203.0,5149.0,3076.0,0.0,0.0,0.0,2154.0,922.0,3618.0,1531.0
2.0,14054.0,6248.0,3171.0,0.0,4878.0,4878.0,2221.0,950.0,4359.0,1889.0
2.0,7806.0,4387.0,3251.0,0.0,9585.0,9585.0,2276.0,975.0,3044.0,1343.0
2.0,3419.0,1329.0,3235.0,4878.0,5972.0,5972.0,2264.0,971.0,918.0,411.0
2.0,6968.0,93.0,3139.0,9585.0,0.0,0.0,2197.0,942.0,80.0,13.0
2.0,16460.0,1909.0,3058.0,5972.0,0.0,0.0,2141.0,917.0,1364.0,545.0
2.0,20523.0,4887.0,3075.0,0.0,0.0,0.0,2154.0,921.0,3434.0,1453.0
2.0,15636.0,6119.0,3173.0,0.0,3175.0,3175.0,2222.0,951.0,4270.0,1849.0
2.0,9517.0,4370.0,3256.0,0.0,7877.0,7877.0,2279.0,977.0,3030.0,1340.0
2.0,5147.0,1331.0,3239.0,3175.0,5965.0,5965.0,2267.0,972.0,919.0,412.0
2.0,6991.0,140.0,3142.0,7877.0,0.0,0.0,2199.0,943.0,113.0,27.0
2.0,14728.0,2004.0,3062.0,5965.0,0.0,0.0,2144.0,918.0,1432.0,572.0
2.0,18689.0,5047.0,3078.0,0.0,0.0,0.0,2156.0,922.0,3546.0,1501.0
2.0,13642.0,6291.0,3176.0,0.0,5353.0,5353.0,2224.0,952.0,4389.0,1902.0
2.0,7351.0,4472.0,3257.0,0.0,10149.0,10149.0,2280.0,977.0,3103.0,1369.0
2.0,2879.0,1470.0,3244.0,5353.0,6214.0,6214.0,2270.0,974.0,1015.0,455.0
2.0,6762.0,244.0,3149.0,10149.0,0.0,0.0,2204.0,945.0,186.0,58.0
2.0,16667.0,1890.0,3067.0,6214.0,0.0,0.0,2147.0,920.0,1351.0,539.0
2.0,20991.0,4830.0,3080.0,0.0,0.0,0.0,2157.0,923.0,3395.0,1435.0
2.0,16161.0,6101.0,3176.0,0.0,2644.0,2644.0,2224.0,952.0,4257.0,1844.0
2.0,10060.0,4419.0,3260.0,0.0,7399.0,7399.0,2282.0,978.0,3064.0,1355.0
2.0,5641.0,1487.0,3250.0,2644.0,6202.0,6202.0,2274.0,976.0,1027.0,460.0
2.0,6798.0,195.0,3158.0,7399.0,0.0,0.0,2210.0,948.0,153.0,42.0
2.0,14002.0,1890.0,3075.0,6202.0,0.0,0.0,2153.0,922.0,1352.0,538.0
2.0,18314.0,4862.0,3086.0,0.0,0.0,0.0,2161.0,925.0,3415.0,1447.0
2.0,13452.0,6173.0,3179.0,0.0,5437.0,5437.0,2226.0,953.0,4305.0,1868.0
2.0,7279.0,4559.0,3260.0,0.0,10320.0,10320.0,2282.0,978.0,3164.0,1395.0
2.0,2720.0,1695.0,3252.0,5437.0,6546.0,6546.0,2276.0,976.0,1177.0,518.0
2.0,6462.0,406.0,3165.0,10320.0,0.0,0.0,2215.0,950.0,302.0,104.0
2.0,16376.0,1925.0,3085.0,6546.0,0.0,0.0,2160.0,925.0,1375.0,550.0
2.0,20997.0,4704.0,3093.0,0.0,0.0,0.0,2166.0,927.0,3303.0,1401.0
2.0,16293.0,5967.0,3183.0,0.0,2406.0,2406.0,2229.0,954.0,4161.0,1806.0
2.0,10326.0,4401.0,3264.0,0.0,7131.0,7131.0,2285.0,979.0,3055.0,1346.0
2.0,5925.0,1556.0,3258.0,2406.0,6257.0,6257.0,2280.0,978.0,1078.0,478.0
2.0,6775.0,273.0,3171.0,7131.0,0.0,0.0,2219.0,952.0,206.0,67.0
2.0,13633.0,1894.0,3091.0,6257.0,0.0,0.0,2164.0,927.0,1352.0,542.0
2.0,17996.0,4760.0,3099.0,0.0,0.0,0.0,2170.0,929.0,3345.0,1415.0
2.0,13236.0,6097.0,3187.0,0.0,5609.0,5609.0,2232.0,955.0,4253.0,1844.0
2.0,7139.0,4534.0,3268.0,0.0,10467.0,10467.0,2288.0,980.0,3147.0,1387.0
2.0,2605.0,1698.0,3262.0,5609.0,6532.0,6532.0,2283.0,979.0,1177.0,521.0
2.0,6516.0,454.0,3174.0,10467.0,0.0,0.0,2221.0,953.0,333.0,121.0
2.0,16529.0,2029.0,3094.0,6532.0,0.0,0.0,2166.0,928.0,1446.0,583.0
2.0,21032.0,4849.0,3104.0,0.0,0.0,0.0,2174.0,930.0,3406.0,1443.0
2.0,16183.0,6062.0,3196.0,0.0,2663.0,2663.0,2238.0,958.0,4231.0,1831.0
2.0,10121.0,4404.0,3277.0,0.0,7391.0,7391.0,2294.0,983.0,3057.0,1347.0
2.0,5717.0,1517.0,3269.0,2663.0,6213.0,6213.0,2288.0,981.0,1050.0,467.0
2.0,6863.0,182.0,3178.0,7391.0,0.0,0.0,2224.0,954.0,140.0,42.0
2.0,14072.0,1786.0,3095.0,6213.0,0.0,0.0,2167.0,928.0,1275.0,511.0
2.0,18499.0,4815.0,3105.0,0.0,0.0,0.0,2174.0,931.0,3381.0,1434.0
2.0,13684.0,6216.0,3200.0,0.0,5332.0,5332.0,2241.0,959.0,4338.0,1878.0
2.0,7468.0,4629.0,3286.0,0.0,10305.0,10305.0,2300.0,986.0,3218.0,1411.0
2.0,2839.0,1646.0,3277.0,5332.0,6583.0,6583.0,2293.0,984.0,1143.0,503.0
2.0,6525.0,251.0,3182.0,10305.0,0.0,0.0,2227.0,955.0,189.0,62.0
2.0,16579.0,1856.0,3098.0,6583.0,0.0,0.0,2169.0,929.0,1320.0,536.0
2.0,21306.0,4888.0,3107.0,0.0,0.0,0.0,2176.0,931.0,3429.0,1459.0
2.0,16418.0,6259.0,3203.0,0.0,2653.0,2653.0,2243.0,960.0,4368.0,1891.0
2.0,10159.0,4598.0,3290.0,0.0,7599.0,7599.0,2303.0,987.0,3199.0,1399.0
2.0,5561.0,1573.0,3282.0,2653.0,6487.0,6487.0,2297.0,985.0,1093.0,480.0
2.0,6641.0,93.0,3191.0,7599.0,0.0,0.0,2233.0,958.0,78.0,15.0
2.0,14147.0,1722.0,3106.0,6487.0,0.0,0.0,2174.0,932.0,1228.0,494.0
2.0,18912.0,4747.0,3113.0,0.0,0.0,0.0,2180.0,933.0,3333.0,1414.0
2.0,14165.0,6166.0,3206.0,0.0,4825.0,4825.0,2245.0,961.0,4301.0,1865.0
2.0,7999.0,4566.0,3291.0,0.0,9731.0,9731.0,2304.0,987.0,3174.0,1392.0
2.0,3433.0,1622.0,3284.0,4825.0,6500.0,6500.0,2298.0,986.0,1126.0,496.0
2.0,6636.0,335.0,3194.0,9731.0,0.0,0.0,2235.0,959.0,250.0,85.0
2.0,16032.0,1940.0,3110.0,6500.0,0.0,0.0,2177.0,933.0,1382.0,558.0
2.0,20592.0,4941.0,3119.0,0.0,0.0,0.0,2184.0,935.0,3467.0,1474.0
2.0,15651.0,6343.0,3213.0,0.0,3544.0,3544.0,2250.0,963.0,4425.0,1918.0
2.0,9308.0,4693.0,3298.0,0.0,8577.0,8577.0,2309.0,989.0,3263.0,1430.0
2.0,4615.0,1597.0,3292.0,3544.0,6606.0,6606.0,2304.0,988.0,1111.0,486.0
2.0,6562.0,124.0,3202.0,8577.0,0.0,0.0,2241.0,961.0,102.0,22.0
2.0,15015.0,1775.0,3118.0,6606.0,0.0,0.0,2183.0,935.0,1263.0,512.0
2.0,19846.0,4791.0,3126.0,0.0,0.0,0.0,2189.0,937.0,3359.0,1432.0
2.0,15055.0,6149.0,3216.0,0.0,3958.0,3958.0,2252.0,964.0,4292.0,1857.0
2.0,8906.0,4551.0,3300.0,0.0,8845.0,8845.0,2310.0,990.0,3167.0,1384.0
2.0,4355.0,1514.0,3292.0,3958.0,6369.0,6369.0,2304.0,988.0,1055.0,459.0
2.0,6799.0,265.0,3204.0,8845.0,0.0,0.0,2242.0,962.0,199.0,66.0
2.0,15379.0,2063.0,3124.0,6369.0,0.0,0.0,2187.0,937.0,1461.0,602.0
2.0,19685.0,5123.0,3136.0,0.0,0.0,0.0,2196.0,940.0,3591.0,1532.0
2.0,14562.0,6370.0,3226.0,0.0,4712.0,4712.0,2259.0,967.0,4447.0,1923.0
2.0,8192.0,4528.0,3304.0,0.0,9552.0,9552.0,2313.0,991.0,3153.0,1375.0
2.0,3664.0,1400.0,3295.0,4712.0,6204.0,6204.0,2306.0,989.0,977.0,423.0
2.0,6976.0,131.0,3206.0,9552.0,0.0,0.0,2244.0,962.0,104.0,27.0
2.0,16397.0,1921.0,3128.0,6204.0,0.0,0.0,2190.0,938.0,1360.0,561.0
2.0,20680.0,5012.0,3140.0,0.0,0.0,0.0,2199.0,941.0,3513.0,1499.0
2.0,15668.0,6239.0,3230.0,0.0,3491.0,3491.0,2262.0,968.0,4354.0,1885.0
2.0,9429.0,4394.0,3310.0,0.0,8205.0,8205.0,2317.0,993.0,3059.0,1335.0
2.0,5035.0,1262.0,3298.0,3491.0,5928.0,5928.0,2308.0,990.0,882.0,380.0
2.0,7264.0,50.0,3208.0,8205.0,0.0,0.0,2245.0,963.0,48.0,2.0
2.0,15419.0,2009.0,3128.0,5928.0,0.0,0.0,2190.0,938.0,1421.0,588.0
2.0,19338.0,5242.0,3142.0,0.0,0.0,0.0,2200.0,942.0,3674.0,1568.0
2.0,14096.0,6564.0,3236.0,0.0,5412.0,5412.0,2266.0,970.0,4582.0,1982.0
2.0,7532.0,4542.0,3314.0,0.0,10266.0,10266.0,2320.0,994.0,3165.0,1377.0
2.0,2990.0,1236.0,3299.0,5412.0,6030.0,6030.0,2309.0,990.0,863.0,373.0
2.0,7166.0,31.0,3206.0,10266.0,0.0,0.0,2244.0,962.0,31.0,0.0
2.0,17401.0,2101.0,3130.0,6030.0,0.0,0.0,2191.0,939.0,1485.0,616.0
2.0,21330.0,5354.0,3149.0,0.0,0.0,0.0,2205.0,944.0,3754.0,1600.0
2.0,15976.0,6495.0,3245.0,0.0,3499.0,3499.0,2272.0,973.0,4537.0,1958.0
2.0,9481.0,4323.0,3324.0,0.0,8138.0,8138.0,2327.0,997.0,3013.0,1310.0
2.0,5158.0,1058.0,3310.0,3499.0,5641.0,5641.0,2317.0,993.0,736.0,322.0
2.0,7599.0,0.0,3218.0,8138.0,0.0,0.0,2252.0,966.0,0.0,0.0
2.0,15737.0,2034.0,3137.0,5641.0,0.0,0.0,2196.0,941.0,1437.0,597.0
2.0,19344.0,5297.0,3149.0,0.0,0.0,0.0,2205.0,944.0,3721.0,1576.0
2.0,14047.0,6585.0,3245.0,0.0,5518.0,5518.0,2272.0,973.0,4611.0,1974.0
2.0,7462.0,4604.0,3328.0,0.0,10454.0,10454.0,2330.0,998.0,3210.0,1394.0
2.0,2858.0,1368.0,3319.0,5518.0,6268.0,6268.0,2323.0,996.0,946.0,422.0
2.0,7008.0,78.0,3226.0,10454.0,0.0,0.0,2258.0,968.0,53.0,25.0
2.0,17384.0,2039.0,3146.0,6268.0,0.0,0.0,2202.0,944.0,1439.0,600.0
2.0,21613.0,5195.0,3156.0,0.0,0.0,0.0,2210.0,946.0,3650.0,1545.0
2.0,16418.0,6410.0,3250.0,0.0,2992.0,2992.0,2276.0,974.0,4490.0,1920.0
2.0,10008.0,4407.0,3332.0,0.0,7727.0,7727.0,2333.0,999.0,3073.0,1334.0
2.0,5601.0,1187.0,3322.0,2992.0,5882.0,5882.0,2325.0,997.0,816.0,371.0
2.0,7406.0,9.0,3231.0,7727.0,0.0,0.0,2261.0,970.0,5.0,4.0
2.0,15124.0,1987.0,3151.0,5882.0,0.0,0.0,2206.0,945.0,1405.0,582.0
2.0,19019.0,5237.0,3164.0,0.0,0.0,0.0,2216.0,948.0,3681.0,1556.0
2.0,13782.0,6500.0,3257.0,0.0,5746.0,5746.0,2281.0,976.0,4551.0,1949.0
2.0,7282.0,4561.0,3339.0,0.0,10635.0,10635.0,2338.0,1001.0,3180.0,1381.0
2.0,2721.0,1379.0,3328.0,5746.0,6224.0,6224.0,2329.0,999.0,950.0,429.0
2.0,7088.0,118.0,3235.0,10635.0,0.0,0.0,2264.0,971.0,79.0,39.0
2.0,17605.0,2023.0,3153.0,6224.0,0.0,0.0,2207.0,946.0,1431.0,592.0
2.0,21806.0,5236.0,3163.0,0.0,0.0,0.0,2215.0,948.0,3681.0,1555.0
2.0,16570.0,6511.0,3257.0,0.0,2969.0,2969.0,2281.0,976.0,4560.0,1951.0
2.0,10059.0,4519.0,3342.0,0.0,7828.0,7828.0,2340.0,1002.0,3150.0,1369.0
2.0,5540.0,1222.0,3332.0,2969.0,6041.0,6041.0,2332.0,1000.0,840.0,382.0
2.0,7287.0,0.0,3239.0,7828.0,0.0,0.0,2267.0,972.0,0.0,0.0
2.0,15115.0,1845.0,3157.0,6041.0,0.0,0.0,2210.0,947.0,1306.0,539.0
2.0,19311.0,5086.0,3166.0,0.0,0.0,0.0,2217.0,949.0,3573.0,1513.0
2.0,14225.0,6517.0,3263.0,0.0,5344.0,5344.0,2285.0,978.0,4560.0,1957.0
2.0,7708.0,4609.0,3347.0,0.0,10289.0,10289.0,2343.0,1004.0,3212.0,1397.0
2.0,3099.0,1335.0,3332.0,5344.0,6220.0,6220.0,2332.0,1000.0,921.0,414.0
2.0,7108.0,61.0,3235.0,10289.0,0.0,0.0,2264.0,971.0,45.0,16.0
2.0,17336.0,2031.0,3151.0,6220.0,0.0,0.0,2206.0,945.0,1438.0,593.0
2.0,21525.0,5295.0,3166.0,0.0,0.0,0.0,2217.0,949.0,3721.0,1574.0
2.0,16230.0,6554.0,3266.0,0.0,3388.0,3388.0,2287.0,979.0,4587.0,1967.0
2.0,9676.0,4581.0,3351.0,0.0,8309.0,8309.0,2346.0,1005.0,3190.0,1391.0
2.0,5095.0,1278.0,3339.0,3388.0,6151.0,6151.0,2337.0,1002.0,879.0,399.0
2.0,7205.0,0.0,3242.0,8309.0,0.0,0.0,2269.0,973.0,0.0,0.0
2.0,15514.0,1884.0,3158.0,6151.0,0.0,0.0,2211.0,947.0,1338.0,546.0
2.0,19781.0,5093.0,3172.0,0.0,0.0,0.0,2221.0,951.0,3582.0,1511.0
2.0,14688.0,6393.0,3270.0,0.0,4785.0,4785.0,2290.0,980.0,4474.0,1919.0
2.0,8295.0,4566.0,3357.0,0.0,9699.0,9699.0,2350.0,1007.0,3177.0,1389.0
2.0,3729.0,1407.0,3346.0,4785.0,6277.0,6277.0,2342.0,1004.0,967.0,440.0
2.0,7107.0,158.0,3248.0,9699.0,0.0,0.0,2273.0,975.0,113.0,45.0
2.0,16648.0,2075.0,3161.0,6277.0,0.0,0.0,2213.0,948.0,1473.0,602.0
2.0,20850.0,5238.0,3175.0,0.0,0.0,0.0,2223.0,952.0,3686.0,1552.0
2.0,15612.0,6521.0,3277.0,0.0,4017.0,4017.0,2295.0,982.0,4562.0,1959.0
2.0,9091.0,4581.0,3364.0,0.0,8946.0,8946.0,2355.0,1009.0,3185.0,1396.0
2.0,4510.0,1360.0,3350.0,4017.0,6233.0,6233.0,2345.0,1005.0,933.0,427.0
2.0,7167.0,69.0,3248.0,8946.0,0.0,0.0,2273.0,975.0,51.0,18.0
2.0,16044.0,1966.0,3161.0,6233.0,0.0,0.0,2213.0,948.0,1398.0,568.0
2.0,20311.0,5024.0,3175.0,0.0,0.0,0.0,2223.0,952.0,3536.0,1488.0
2.0,15287.0,6248.0,3275.0,0.0,4061.0,4061.0,2293.0,982.0,4373.0,1875.0
2.0,9039.0,4479.0,3361.0,0.0,8884.0,8884.0,2353.0,1008.0,3114.0,1365.0
2.0,4560.0,1440.0,3349.0,4061.0,6215.0,6215.0,2344.0,1005.0,989.0,451.0
2.0,7181.0,178.0,3251.0,8884.0,0.0,0.0,2275.0,976.0,126.0,52.0
2.0,15887.0,2033.0,3163.0,6215.0,0.0,0.0,2214.0,949.0,1444.0,589.0
2.0,20069.0,5254.0,3176.0,0.0,0.0,0.0,2224.0,952.0,3699.0,1555.0
2.0,14815.0,6574.0,3276.0,0.0,4863.0,4863.0,2294.0,982.0,4602.0,1972.0
2.0,8241.0,4637.0,3364.0,0.0,9852.0,9852.0,2355.0,1009.0,3225.0,1412.0
2.0,3604.0,1354.0,3350.0,4863.0,6287.0,6287.0,2345.0,1005.0,927.0,427.0
2.0,7113.0,85.0,3252.0,9852.0,0.0,0.0,2276.0,976.0,58.0,27.0
2.0,16880.0,1995.0,3167.0,6287.0,0.0,0.0,2217.0,950.0,1417.0,578.0
2.0,21172.0,5120.0,3181.0,0.0,0.0,0.0,2227.0,954.0,3606.0,1514.0
2.0,16052.0,6379.0,3280.0,0.0,3447.0,3447.0,2297.0,983.0,4468.0,1911.0
2.0,9673.0,4443.0,3366.0,0.0,8234.0,8234.0,2357.0,1009.0,3090.0,1353.0
2.0,5230.0,1292.0,3353.0,3447.0,6027.0,6027.0,2347.0,1006.0,883.0,409.0
2.0,7385.0,17.0,3252.0,8234.0,0.0,0.0,2276.0,976.0,10.0,7.0
2.0,15602.0,2053.0,3167.0,6027.0,0.0,0.0,2217.0,950.0,1458.0,595.0
2.0,19576.0,5374.0,3182.0,0.0,0.0,0.0,2228.0,954.0,3782.0,1592.0
2.0,14202.0,6699.0,3285.0,0.0,5637.0,5637.0,2300.0,985.0,4690.0,2009.0
2.0,7503.0,4686.0,3372.0,0.0,10671.0,10671.0,2361.0,1011.0,3262.0,1424.0
2.0,2817.0,1429.0,3361.0,5637.0,6419.0,6419.0,2353.0,1008.0,981.0,448.0
2.0,7025.0,69.0,3262.0,10671.0,0.0,0.0,2283.0,979.0,47.0,22.0
2.0,17627.0,1985.0,3175.0,6419.0,0.0,0.0,2222.0,953.0,1409.0,576.0
2.0,22061.0,5218.0,3188.0,0.0,0.0,0.0,2232.0,956.0,3671.0,1547.0
2.0,16843.0,6505.0,3290.0,0.0,2822.0,2822.0,2304.0,986.0,4554.0,1951.0
2.0,10338.0,4508.0,3377.0,0.0,7678.0,7678.0,2364.0,1013.0,3136.0,1372.0
2.0,5830.0,1238.0,3365.0,2822.0,6046.0,6046.0,2355.0,1010.0,847.0,391.0
2.0,7414.0,9.0,3268.0,7678.0,0.0,0.0,2287.0,981.0,8.0,1.0
2.0,15083.0,2059.0,3181.0,6046.0,0.0,0.0,2227.0,954.0,1463.0,596.0
2.0,19070.0,5355.0,3196.0,0.0,0.0,0.0,2238.0,958.0,3768.0,1587.0
2.0,13715.0,6657.0,3299.0,0.0,6138.0,6138.0,2310.0,989.0,4659.0,1998.0
2.0,7058.0,4654.0,3387.0,0.0,11144.0,11144.0,2371.0,1016.0,3238.0,1416.0
2.0,2404.0,1355.0,3373.0,6138.0,6305.0,6305.0,2361.0,1012.0,928.0,427.0
2.0,7187.0,83.0,3273.0,11144.0,0.0,0.0,2291.0,982.0,59.0,24.0
2.0,18248.0,2058.0,3187.0,6305.0,0.0,0.0,2231.0,956.0,1462.0,596.0
2.0,22495.0,5356.0,3202.0,0.0,0.0,0.0,2242.0,960.0,3771.0,1585.0
2.0,17139.0,6574.0,3303.0,0.0,2647.0,2647.0,2313.0,990.0,4600.0,1974.0
2.0,10565.0,4519.0,3391.0,0.0,7518.0,7518.0,2374.0,1017.0,3141.0,1378.0
2.0,6046.0,1239.0,3378.0,2647.0,6058.0,6058.0,2364.0,1014.0,848.0,391.0
2.0,7454.0,0.0,3281.0,7518.0,0.0,0.0,2296.0,985.0,0.0,0.0
2.0,14972.0,1929.0,3194.0,6058.0,0.0,0.0,2236.0,958.0,1372.0,557.0
2.0,19101.0,5193.0,3206.0,0.0,0.0,0.0,2245.0,961.0,3657.0,1536.0
2.0,13908.0,6595.0,3306.0,0.0,5911.0,5911.0,2315.0,991.0,4618.0,1977.0
2.0,7313.0,4750.0,3395.0,0.0,11017.0,11017.0,2377.0,1018.0,3306.0,1444.0
2.0,2563.0,1590.0,3385.0,5911.0,6656.0,6656.0,2369.0,1016.0,1091.0,499.0
2.0,6884.0,219.0,3288.0,11017.0,0.0,0.0,2301.0,987.0,152.0,67.0
2.0,17682.0,1955.0,3200.0,6656.0,0.0,0.0,2240.0,960.0,1388.0,567.0
2.0,22383.0,5178.0,3212.0,0.0,0.0,0.0,2249.0,963.0,3645.0,1533.0
2.0,17205.0,6507.0,3311.0,0.0,2546.0,2546.0,2319.0,992.0,4556.0,1951.0
2.0,10698.0,4611.0,3399.0,0.0,7509.0,7509.0,2380.0,1019.0,3209.0,1402.0
2.0,6087.0,1374.0,3387.0,2546.0,6289.0,6289.0,2371.0,1016.0,942.0,432.0
2.0,7259.0,20.0,3291.0,7509.0,0.0,0.0,2303.0,988.0,13.0,7.0
2.0,14748.0,1879.0,3207.0,6289.0,0.0,0.0,2245.0,962.0,1334.0,545.0
2.0,19158.0,5087.0,3219.0,0.0,0.0,0.0,2254.0,965.0,3581.0,1506.0
2.0,14071.0,6493.0,3316.0,0.0,5686.0,5686.0,2322.0,994.0,4548.0,1945.0
2.0,7578.0,4698.0,3403.0,0.0,10732.0,10732.0,2383.0,1020.0,3273.0,1425.0
2.0,2880.0,1495.0,3393.0,5686.0,6501.0,6501.0,2375.0,1018.0,1028.0,467.0
2.0,7071.0,166.0,3295.0,10732.0,0.0,0.0,2306.0,989.0,112.0,54.0
2.0,17637.0,2043.0,3207.0,6501.0,0.0,0.0,2245.0,962.0,1446.0,597.0
2.0,22095.0,5312.0,3221.0,0.0,0.0,0.0,2255.0,966.0,3737.0,1575.0
2.0,16783.0,6618.0,3322.0,0.0,3123.0,3123.0,2326.0,996.0,4637.0,1981.0
2.0,10165.0,4650.0,3409.0,0.0,8121.0,8121.0,2387.0,1022.0,3241.0,1409.0
2.0,5515.0,1342.0,3397.0,3123.0,6292.0,6292.0,2378.0,1019.0,918.0,424.0
2.0,7296.0,2.0,3298.0,8121.0,0.0,0.0,2308.0,990.0,0.0,2.0
2.0,15415.0,1918.0,3213.0,6292.0,0.0,0.0,2249.0,964.0,1359.0,559.0
2.0,19789.0,5144.0,3226.0,0.0,0.0,0.0,2259.0,967.0,3619.0,1525.0
2.0,14645.0,6580.0,3327.0,0.0,5243.0,5243.0,2330.0,997.0,4608.0,1972.0
2.0,8065.0,4779.0,3419.0,0.0,10390.0,10390.0,2394.0,1025.0,3329.0,1450.0
2.0,3286.0,1529.0,3409.0,5243.0,6636.0,6636.0,2386.0,1023.0,1052.0,477.0
2.0,7000.0,88.0,3308.0,10390.0,0.0,0.0,2315.0,993.0,60.0,28.0
2.0,17302.0,1910.0,3216.0,6636.0,0.0,0.0,2251.0,965.0,1354.0,556.0
2.0,22028.0,5152.0,3225.0,0.0,0.0,0.0,2258.0,967.0,3624.0,1528.0
2.0,16876.0,6626.0,3324.0,0.0,3046.0,3046.0,2328.0,996.0,4642.0,1984.0
2.0,10250.0,4822.0,3416.0,0.0,8236.0,8236.0,2392.0,1024.0,3359.0,1463.0
2.0,5428.0,1541.0,3407.0,3046.0,6695.0,6695.0,2385.0,1022.0,1059.0,482.0
2.0,6933.0,26.0,3308.0,8236.0,0.0,0.0,2315.0,993.0,15.0,11.0
2.0,15143.0,1807.0,3217.0,6695.0,0.0,0.0,2252.0,965.0,1283.0,524.0
2.0,20031.0,5062.0,3228.0,0.0,0.0,0.0,2260.0,968.0,3566.0,1496.0
2.0,14969.0,6531.0,3330.0,0.0,4882.0,4882.0,2332.0,998.0,4574.0,1957.0
2.0,8438.0,4703.0,3420.0,0.0,9945.0,9945.0,2395.0,1025.0,3275.0,1428.0
2.0,3735.0,1453.0,3409.0,4882.0,6472.0,6472.0,2386.0,1023.0,998.0,455.0
2.0,7164.0,109.0,3308.0,9945.0,0.0,0.0,2315.0,993.0,73.0,36.0
2.0,17000.0,1976.0,3217.0,6472.0,0.0,0.0,2252.0,965.0,1401.0,575.0
2.0,21496.0,5259.0,3229.0,0.0,0.0,0.0,2261.0,968.0,3701.0,1558.0
2.0,16237.0,6695.0,3331.0,0.0,3782.0,3782.0,2333.0,998.0,4689.0,2006.0
2.0,9542.0,4807.0,3422.0,0.0,8953.0,8953.0,2396.0,1026.0,3348.0,1459.0
2.0,4735.0,1508.0,3412.0,3782.0,6639.0,6639.0,2388.0,1024.0,1038.0,470.0
2.0,7009.0,54.0,3309.0,8953.0,0.0,0.0,2316.0,993.0,37.0,17.0
2.0,15908.0,1819.0,3219.0,6639.0,0.0,0.0,2253.0,966.0,1290.0,529.0
2.0,20728.0,5069.0,3229.0,0.0,0.0,0.0,2261.0,968.0,3566.0,1503.0
2.0,15659.0,6580.0,3332.0,0.0,4249.0,4249.0,2333.0,999.0,4607.0,1973.0
2.0,9079.0,4747.0,3423.0,0.0,9360.0,9360.0,2397.0,1026.0,3308.0,1439.0
2.0,4332.0,1493.0,3414.0,4249.0,6568.0,6568.0,2390.0,1024.0,1028.0,465.0
2.0,7088.0,43.0,3315.0,9360.0,0.0,0.0,2320.0,995.0,28.0,15.0
2.0,16405.0,1822.0,3223.0,6568.0,0.0,0.0,2256.0,967.0,1291.0,531.0
2.0,21151.0,5159.0,3232.0,0.0,0.0,0.0,2263.0,969.0,3629.0,1530.0
2.0,15992.0,6679.0,3330.0,0.0,4007.0,4007.0,2332.0,998.0,4676.0,2003.0
2.0,9313.0,4911.0,3420.0,0.0,9278.0,9278.0,2395.0,1025.0,3421.0,1490.0
2.0,4402.0,1617.0,3413.0,4007.0,6860.0,6860.0,2389.0,1024.0,1116.0,501.0
2.0,6792.0,87.0,3315.0,9278.0,0.0,0.0,2320.0,995.0,61.0,26.0
2.0,15983.0,1835.0,3226.0,6860.0,0.0,0.0,2258.0,968.0,1302.0,533.0
2.0,21008.0,5069.0,3235.0,0.0,0.0,0.0,2265.0,970.0,3567.0,1502.0
2.0,15939.0,6526.0,3333.0,0.0,3919.0,3919.0,2334.0,999.0,4567.0,1959.0
2.0,9413.0,4749.0,3425.0,0.0,9036.0,9036.0,2398.0,1027.0,3306.0,1443.0
2.0,4664.0,1552.0,3418.0,3919.0,6641.0,6641.0,2393.0,1025.0,1071.0,481.0
2.0,7031.0,91.0,3322.0,9036.0,0.0,0.0,2325.0,997.0,65.0,26.0
2.0,15976.0,1831.0,3233.0,6641.0,0.0,0.0,2263.0,970.0,1299.0,532.0
2.0,20786.0,5098.0,3241.0,0.0,0.0,0.0,2269.0,972.0,3586.0,1512.0
2.0,15688.0,6687.0,3340.0,0.0,4359.0,4359.0,2339.0,1001.0,4680.0,2007.0
2.0,9001.0,4947.0,3432.0,0.0,9674.0,9674.0,2403.0,1029.0,3445.0,1502.0
2.0,4054.0,1709.0,3426.0,4359.0,7000.0,7000.0,2398.0,1028.0,1181.0,528.0
2.0,6704.0,170.0,3326.0,9674.0,0.0,0.0,2328.0,998.0,122.0,48.0
2.0,16208.0,1862.0,3236.0,7000.0,0.0,0.0,2265.0,971.0,1323.0,539.0
2.0,21346.0,5096.0,3244.0,0.0,0.0,0.0,2271.0,973.0,3581.0,1515.0
2.0,16250.0,6585.0,3344.0,0.0,3711.0,3711.0,2342.0,1002.0,4605.0,1980.0
2.0,9665.0,4817.0,3437.0,0.0,8900.0,8900.0,2406.0,1031.0,3354.0,1463.0
2.0,4848.0,1445.0,3428.0,3711.0,6598.0,6598.0,2400.0,1028.0,998.0,447.0
2.0,7114.0,0.0,3329.0,8900.0,0.0,0.0,2330.0,999.0,0.0,0.0
2.0,16014.0,1782.0,3237.0,6598.0,0.0,0.0,2266.0,971.0,1266.0,516.0
2.0,20830.0,5038.0,3242.0,0.0,0.0,0.0,2270.0,972.0,3544.0,1494.0
2.0,15792.0,6644.0,3340.0,0.0,4212.0,4212.0,2339.0,1001.0,4651.0,1993.0
2.0,9148.0,5007.0,3435.0,0.0,9599.0,9599.0,2405.0,1030.0,3489.0,1518.0
2.0,4141.0,1770.0,3432.0,4212.0,7145.0,7145.0,2402.0,1030.0,1223.0,547.0
2.0,6583.0,227.0,3338.0,9599.0,0.0,0.0,2336.0,1002.0,159.0,68.0
2.0,15955.0,1871.0,3246.0,7145.0,0.0,0.0,2272.0,974.0,1326.0,545.0
2.0,21229.0,5134.0,3252.0,0.0,0.0,0.0,2277.0,975.0,3610.0,1524.0
2.0,16095.0,6621.0,3350.0,0.0,3926.0,3926.0,2346.0,1004.0,4635.0,1986.0
2.0,9474.0,4794.0,3442.0,0.0,9088.0,9088.0,2410.0,1032.0,3340.0,1454.0
2.0,4680.0,1494.0,3436.0,3926.0,6632.0,6632.0,2405.0,1031.0,1030.0,464.0
2.0,7112.0,1.0,3338.0,9088.0,0.0,0.0,2336.0,1002.0,1.0,0.0
2.0,16199.0,1856.0,3249.0,6632.0,0.0,0.0,2274.0,975.0,1315.0,541.0
2.0,20975.0,5141.0,3256.0,0.0,0.0,0.0,2280.0,976.0,3614.0,1527.0
2.0,15834.0,6583.0,3355.0,0.0,4169.0,4169.0,2349.0,1006.0,4608.0,1975.0
2.0,9251.0,4837.0,3446.0,0.0,9370.0,9370.0,2413.0,1033.0,3372.0,1465.0
2.0,4414.0,1675.0,3440.0,4169.0,6852.0,6852.0,2408.0,1032.0,1157.0,518.0
2.0,6908.0,270.0,3345.0,9370.0,0.0,0.0,2341.0,1004.0,189.0,81.0
2.0,16008.0,2014.0,3254.0,6852.0,0.0,0.0,2278.0,976.0,1426.0,588.0
2.0,20846.0,5201.0,3262.0,0.0,0.0,0.0,2284.0,978.0,3656.0,1545.0
2.0,15645.0,6598.0,3360.0,0.0,4393.0,4393.0,2353.0,1007.0,4618.0,1980.0
2.0,9047.0,4819.0,3452.0,0.0,9580.0,9580.0,2417.0,1035.0,3359.0,1460.0
2.0,4228.0,1654.0,3448.0,4393.0,6825.0,6825.0,2414.0,1034.0,1144.0,510.0
2.0,6967.0,142.0,3353.0,9580.0,0.0,0.0,2347.0,1006.0,100.0,42.0
2.0,16405.0,1846.0,3263.0,6825.0,0.0,0.0,2284.0,979.0,1307.0,539.0
2.0,21384.0,4988.0,3267.0,0.0,0.0,0.0,2287.0,980.0,3507.0,1481.0
2.0,16396.0,6436.0,3362.0,0.0,3488.0,3488.0,2354.0,1008.0,4506.0,1930.0
2.0,9960.0,4758.0,3453.0,0.0,8610.0,8610.0,2418.0,1035.0,3316.0,1442.0
2.0,5202.0,1759.0,3451.0,3488.0,6873.0,6873.0,2416.0,1035.0,1216.0,543.0
2.0,6931.0,471.0,3362.0,8610.0,0.0,0.0,2353.0,1009.0,328.0,143.0
2.0,15070.0,2120.0,3274.0,6873.0,0.0,0.0,2292.0,982.0,1499.0,621.0
2.0,19823.0,5113.0,3278.0,0.0,0.0,0.0,2295.0,983.0,3597.0,1516.0
2.0,14710.0,6454.0,3370.0,0.0,5224.0,5224.0,2360.0,1010.0,4519.0,1935.0
2.0,8256.0,4806.0,3462.0,0.0,10398.0,10398.0,2424.0,1038.0,3349.0,1457.0
2.0,3450.0,1712.0,3459.0,5224.0,6874.0,6874.0,2421.0,1038.0,1182.0,530.0
2.0,6962.0,250.0,3366.0,10398.0,0.0,0.0,2356.0,1010.0,174.0,76.0
2.0,17110.0,1860.0,3277.0,6874.0,0.0,0.0,2294.0,983.0,1315.0,545.0
2.0,22124.0,4890.0,3279.0,0.0,0.0,0.0,2296.0,983.0,3437.0,1453.0
2.0,17234.0,6333.0,3372.0,0.0,2587.0,2587.0,2361.0,1011.0,4437.0,1896.0
2.0,10901.0,4831.0,3462.0,0.0,7778.0,7778.0,2424.0,1038.0,3370.0,1461.0
2.0,6070.0,1837.0,3463.0,2587.0,7032.0,7032.0,2424.0,1039.0,1272.0,565.0
2.0,6820.0,358.0,3372.0,7778.0,0.0,0.0,2360.0,1012.0,249.0,109.0
2.0,14240.0,1918.0,3280.0,7032.0,0.0,0.0,2296.0,984.0,1355.0,563.0
2.0,19354.0,5001.0,3281.0,0.0,0.0,0.0,2297.0,984.0,3513.0,1488.0
2.0,14353.0,6550.0,3373.0,0.0,5689.0,5689.0,2362.0,1011.0,4585.0,1965.0
2.0,7803.0,4953.0,3466.0,0.0,11014.0,11014.0,2427.0,1039.0,3455.0,1498.0
2.0,2850.0,1878.0,3466.0,5689.0,7203.0,7203.0,2426.0,1040.0,1304.0,574.0
2.0,6661.0,352.0,3375.0,11014.0,0.0,0.0,2362.0,1013.0,248.0,104.0
2.0,17323.0,1924.0,3286.0,7203.0,0.0,0.0,2300.0,986.0,1359.0,565.0
2.0,22602.0,4980.0,3288.0,0.0,0.0,0.0,2302.0,986.0,3498.0,1482.0
2.0,17622.0,6398.0,3383.0,0.0,2308.0,2308.0,2369.0,1014.0,4477.0,1921.0
2.0,11224.0,4762.0,3475.0,0.0,7438.0,7438.0,2433.0,1042.0,3321.0,1441.0
2.0,6462.0,1679.0,3473.0,2308.0,6801.0,6801.0,2431.0,1042.0,1165.0,514.0
2.0,7091.0,324.0,3383.0,7438.0,0.0,0.0,2368.0,1015.0,229.0,95.0
2.0,14205.0,2046.0,3294.0,6801.0,0.0,0.0,2306.0,988.0,1445.0,601.0
2.0,18960.0,5146.0,3297.0,0.0,0.0,0.0,2308.0,989.0,3613.0,1533.0
2.0,13814.0,6572.0,3389.0,0.0,6314.0,6314.0,2373.0,1016.0,4597.0,1975.0
2.0,7242.0,4826.0,3478.0,0.0,11496.0,11496.0,2435.0,1043.0,3367.0,1459.0
2.0,2416.0,1800.0,3476.0,6314.0,6974.0,6974.0,2433.0,1043.0,1251.0,549.0
2.0,6930.0,326.0,3383.0,11496.0,0.0,0.0,2368.0,1015.0,232.0,94.0
2.0,18100.0,1971.0,3294.0,6974.0,0.0,0.0,2306.0,988.0,1391.0,580.0
2.0,23103.0,5093.0,3300.0,0.0,0.0,0.0,2310.0,990.0,3571.0,1522.0
2.0,18010.0,6503.0,3396.0,0.0,2077.0,2077.0,2378.0,1018.0,4548.0,1955.0
2.0,11507.0,4813.0,3489.0,0.0,7262.0,7262.0,2443.0,1046.0,3362.0,1451.0
2.0,6694.0,1677.0,3486.0,2077.0,6850.0,6850.0,2440.0,1046.0,1168.0,509.0
2.0,7094.0,191.0,3390.0,7262.0,0.0,0.0,2373.0,1017.0,135.0,56.0
2.0,14165.0,1876.0,3300.0,6850.0,0.0,0.0,2310.0,990.0,1322.0,554.0
2.0,19139.0,5092.0,3305.0,0.0,0.0,0.0,2314.0,991.0,3572.0,1520.0
2.0,14047.0,6661.0,3401.0,0.0,6218.0,6218.0,2381.0,1020.0,4663.0,1998.0
2.0,7386.0,4971.0,3491.0,0.0,11549.0,11549.0,2444.0,1047.0,3471.0,1500.0
2.0,2415.0,1801.0,3487.0,6218.0,7116.0,7116.0,2441.0,1046.0,1250.0,551.0
2.0,6832.0,305.0,3393.0,11549.0,0.0,0.0,2375.0,1018.0,213.0,92.0
2.0,18076.0,1999.0,3304.0,7116.0,0.0,0.0,2313.0,991.0,1411.0,588.0
2.0,23193.0,5158.0,3311.0,0.0,0.0,0.0,2318.0,993.0,3620.0,1538.0
2.0,18035.0,6549.0,3405.0,0.0,2134.0,2134.0,2384.0,1021.0,4585.0,1964.0
2.0,11486.0,4764.0,3494.0,0.0,7254.0,7254.0,2446.0,1048.0,3325.0,1439.0
2.0,6722.0,1560.0,3489.0,2134.0,6660.0,6660.0,2442.0,1047.0,1082.0,478.0
2.0,7296.0,114.0,3395.0,7254.0,0.0,0.0,2376.0,1019.0,80.0,34.0
2.0,14436.0,1932.0,3308.0,6660.0,0.0,0.0,2316.0,992.0,1364.0,568.0
2.0,19164.0,5216.0,3317.0,0.0,0.0,0.0,2322.0,995.0,3661.0,1555.0
2.0,13948.0,6716.0,3412.0,0.0,6416.0,6416.0,2389.0,1023.0,4700.0,2016.0
2.0,7232.0,4921.0,3498.0,0.0,11681.0,11681.0,2449.0,1049.0,3434.0,1487.0
2.0,2311.0,1725.0,3490.0,6416.0,6958.0,6958.0,2443.0,1047.0,1199.0,526.0
2.0,7002.0,313.0,3398.0,11681.0,0.0,0.0,2378.0,1020.0,223.0,90.0
2.0,18370.0,2072.0,3313.0,6958.0,0.0,0.0,2319.0,994.0,1460.0,612.0
2.0,23256.0,5230.0,3322.0,0.0,0.0,0.0,2326.0,996.0,3667.0,1563.0
2.0,18026.0,6565.0,3415.0,0.0,2199.0,2199.0,2391.0,1024.0,4593.0,1972.0
2.0,11461.0,4841.0,3504.0,0.0,7396.0,7396.0,2453.0,1051.0,3380.0,1461.0
2.0,6620.0,1691.0,3500.0,2199.0,6872.0,6872.0,2450.0,1050.0,1179.0,512.0
2.0,7128.0,232.0,3410.0,7396.0,0.0,0.0,2387.0,1023.0,165.0,67.0
2.0,14292.0,1920.0,3326.0,6872.0,0.0,0.0,2328.0,998.0,1353.0,567.0
2.0,19244.0,5055.0,3330.0,0.0,0.0,0.0,2331.0,999.0,3545.0,1510.0
2.0,14189.0,6568.0,3421.0,0.0,6063.0,6063.0,2395.0,1026.0,4594.0,1974.0
2.0,7621.0,4950.0,3509.0,0.0,11365.0,11365.0,2457.0,1052.0,3456.0,1494.0
2.0,2671.0,1797.0,3507.0,6063.0,7091.0,7091.0,2455.0,1052.0,1254.0,543.0
2.0,6937.0,341.0,3417.0,11365.0,0.0,0.0,2392.0,1025.0,241.0,100.0
2.0,17961.0,2060.0,3331.0,7091.0,0.0,0.0,2332.0,999.0,1450.0,610.0
2.0,22992.0,5170.0,3335.0,0.0,0.0,0.0,2335.0,1000.0,3626.0,1544.0
2.0,17822.0,6597.0,3426.0,0.0,2479.0,2479.0,2399.0,1027.0,4617.0,1980.0
2.0,11225.0,4854.0,3512.0,0.0,7677.0,7677.0,2459.0,1053.0,3390.0,1464.0
2.0,6371.0,1637.0,3507.0,2479.0,6815.0,6815.0,2455.0,1052.0,1138.0,499.0
2.0,7213.0,161.0,3414.0,7677.0,0.0,0.0,2390.0,1024.0,113.0,48.0
2.0,14729.0,1908.0,3328.0,6815.0,0.0,0.0,2330.0,998.0,1344.0,564.0
2.0,19636.0,5146.0,3335.0,0.0,0.0,0.0,2335.0,1000.0,3612.0,1534.0
2.0,14490.0,6572.0,3429.0,0.0,5798.0,5798.0,2401.0,1028.0,4602.0,1970.0
2.0,7918.0,4861.0,3517.0,0.0,11011.0,11011.0,2462.0,1055.0,3393.0,1468.0
2.0,3057.0,1755.0,3511.0,5798.0,6944.0,6944.0,2458.0,1053.0,1219.0,536.0
2.0,7100.0,382.0,3419.0,11011.0,0.0,0.0,2393.0,1026.0,269.0,113.0
2.0,17729.0,2110.0,3334.0,6944.0,0.0,0.0,2334.0,1000.0,1488.0,622.0
2.0,22563.0,5219.0,3341.0,0.0,0.0,0.0,2339.0,1002.0,3661.0,1558.0
2.0,17344.0,6659.0,3435.0,0.0,3055.0,3055.0,2405.0,1030.0,4658.0,2001.0
2.0,10685.0,4909.0,3523.0,0.0,8316.0,8316.0,2466.0,1057.0,3424.0,1485.0
2.0,5776.0,1757.0,3519.0,3055.0,7002.0,7002.0,2463.0,1056.0,1222.0,535.0
2.0,7074.0,236.0,3426.0,8316.0,0.0,0.0,2398.0,1028.0,170.0,66.0
2.0,15154.0,1859.0,3336.0,7002.0,0.0,0.0,2335.0,1001.0,1314.0,545.0
2.0,20297.0,4982.0,3339.0,0.0,0.0,0.0,2338.0,1001.0,3494.0,1488.0
2.0,15315.0,6503.0,3432.0,0.0,4916.0,4916.0,2403.0,1029.0,4546.0,1957.0
2.0,8812.0,4915.0,3523.0,0.0,10195.0,10195.0,2466.0,1057.0,3429.0,1486.0
2.0,3897.0,1820.0,3522.0,4916.0,7095.0,7095.0,2465.0,1057.0,1270.0,550.0
2.0,6993.0,318.0,3430.0,10195.0,0.0,0.0,2401.0,1029.0,230.0,88.0
2.0,16870.0,1972.0,3340.0,7095.0,0.0,0.0,2338.0,1002.0,1392.0,580.0
2.0,21993.0,5144.0,3344.0,0.0,0.0,0.0,2341.0,1003.0,3604.0,1540.0
2.0,16849.0,6628.0,3436.0,0.0,3523.0,3523.0,2406.0,1030.0,4631.0,1997.0
2.0,10221.0,4921.0,3525.0,0.0,8800.0,8800.0,2468.0,1057.0,3433.0,1488.0
2.0,5300.0,1803.0,3521.0,3523.0,7064.0,7064.0,2465.0,1056.0,1259.0,544.0
2.0,7020.0,330.0,3428.0,8800.0,0.0,0.0,2400.0,1028.0,240.0,90.0
2.0,15490.0,1955.0,3340.0,7064.0,0.0,0.0,2338.0,1002.0,1381.0,574.0
2.0,20599.0,5031.0,3345.0,0.0,0.0,0.0,2342.0,1003.0,3527.0,1504.0
2.0,15568.0,6390.0,3438.0,0.0,4574.0,4574.0,2407.0,1031.0,4465.0,1925.0
2.0,9178.0,4729.0,3527.0,0.0,9659.0,9659.0,2469.0,1058.0,3298.0,1431.0
2.0,4449.0,1713.0,3523.0,4574.0,6782.0,6782.0,2466.0,1057.0,1195.0,518.0
2.0,7310.0,384.0,3429.0,9659.0,0.0,0.0,2400.0,1029.0,277.0,107.0
2.0,16585.0,2158.0,3341.0,6782.0,0.0,0.0,2339.0,1002.0,1524.0,634.0
2.0,21209.0,5264.0,3348.0,0.0,0.0,0.0,2344.0,1004.0,3689.0,1575.0
2.0,15945.0,6584.0,3442.0,0.0,4407.0,4407.0,2410.0,1032.0,4599.0,1985.0
2.0,9361.0,4784.0,3528.0,0.0,9535.0,9535.0,2470.0,1058.0,3338.0,1446.0
2.0,4577.0,1690.0,3520.0,4407.0,6786.0,6786.0,2464.0,1056.0,1182.0,508.0
2.0,7294.0,387.0,3427.0,9535.0,0.0,0.0,2399.0,1028.0,278.0,109.0
2.0,16442.0,2169.0,3343.0,6786.0,0.0,0.0,2340.0,1003.0,1528.0,641.0
2.0,21059.0,5198.0,3349.0,0.0,0.0,0.0,2345.0,1004.0,3643.0,1555.0
2.0,15861.0,6409.0,3441.0,0.0,4312.0,4312.0,2409.0,1032.0,4480.0,1929.0
2.0,9452.0,4612.0,3524.0,0.0,9256.0,9256.0,2467.0,1057.0,3219.0,1393.0
2.0,4840.0,1571.0,3517.0,4312.0,6487.0,6487.0,2462.0,1055.0,1097.0,474.0
2.0,7581.0,411.0,3429.0,9256.0,0.0,0.0,2400.0,1029.0,293.0,118.0
2.0,16426.0,2297.0,3347.0,6487.0,0.0,0.0,2343.0,1004.0,1616.0,681.0
2.0,20616.0,5294.0,3353.0,0.0,0.0,0.0,2348.0,1005.0,3709.0,1585.0
2.0,15322.0,6448.0,3442.0,0.0,4894.0,4894.0,2410.0,1032.0,4509.0,1939.0
2.0,8874.0,4636.0,3525.0,0.0,9862.0,9862.0,2468.0,1057.0,3238.0,1398.0
2.0,4238.0,1716.0,3519.0,4894.0,6660.0,6660.0,2463.0,1056.0,1199.0,517.0
2.0,7416.0,599.0,3430.0,9862.0,0.0,0.0,2401.0,1029.0,423.0,176.0
2.0,16679.0,2361.0,3349.0,6660.0,0.0,0.0,2344.0,1005.0,1662.0,699.0
2.0,20978.0,5214.0,3356.0,0.0,0.0,0.0,2350.0,1006.0,3653.0,1561.0
2.0,15764.0,6318.0,3446.0,0.0,4338.0,4338.0,2413.0,1033.0,4418.0,1900.0
2.0,9446.0,4506.0,3530.0,0.0,9180.0,9180.0,2471.0,1059.0,3148.0,1358.0
2.0,4940.0,1555.0,3523.0,4338.0,6369.0,6369.0,2466.0,1057.0,1087.0,468.0
2.0,7723.0,433.0,3432.0,9180.0,0.0,0.0,2402.0,1030.0,307.0,126.0
2.0,16470.0,2301.0,3350.0,6369.0,0.0,0.0,2345.0,1005.0,1619.0,682.0
2.0,20538.0,5302.0,3358.0,0.0,0.0,0.0,2351.0,1007.0,3713.0,1589.0
2.0,15236.0,6441.0,3448.0,0.0,4997.0,4997.0,2414.0,1034.0,4504.0,1937.0
2.0,8795.0,4630.0,3531.0,0.0,9959.0,9959.0,2472.0,1059.0,3235.0,1395.0
2.0,4165.0,1698.0,3523.0,4997.0,6628.0,6628.0,2466.0,1057.0,1186.0,512.0
2.0,7464.0,637.0,3434.0,9959.0,0.0,0.0,2404.0,1030.0,451.0,186.0
2.0,16786.0,2563.0,3355.0,6628.0,0.0,0.0,2349.0,1006.0,1803.0,760.0
2.0,20851.0,5475.0,3366.0,0.0,0.0,0.0,2357.0,1009.0,3835.0,1640.0
2.0,15376.0,6376.0,3455.0,0.0,4820.0,4820.0,2419.0,1036.0,4456.0,1920.0
2.0,9000.0,4350.0,3534.0,0.0,9486.0,9486.0,2474.0,1060.0,3037.0,1313.0
2.0,4650.0,1383.0,3526.0,4820.0,6017.0,6017.0,2468.0,1058.0,969.0,414.0
2.0,8087.0,489.0,3439.0,9486.0,0.0,0.0,2407.0,1032.0,350.0,139.0
2.0,17084.0,2517.0,3362.0,6017.0,0.0,0.0,2354.0,1008.0,1769.0,748.0
2.0,20584.0,5487.0,3373.0,0.0,0.0,0.0,2362.0,1011.0,3842.0,1645.0
2.0,15097.0,6370.0,3461.0,0.0,5117.0,5117.0,2423.0,1038.0,4453.0,1917.0
2.0,8727.0,4347.0,3538.0,0.0,9772.0,9772.0,2477.0,1061.0,3037.0,1310.0
2.0,4380.0,1492.0,3529.0,5117.0,6111.0,6111.0,2470.0,1059.0,1042.0,450.0
2.0,8005.0,711.0,3444.0,9772.0,0.0,0.0,2411.0,1033.0,503.0,208.0
2.0,17066.0,2774.0,3370.0,6111.0,0.0,0.0,2359.0,1011.0,1948.0,826.0
2.0,20403.0,5555.0,3382.0,0.0,0.0,0.0,2368.0,1014.0,3891.0,1664.0
2.0,14848.0,6321.0,3469.0,0.0,5349.0,5349.0,2429.0,1040.0,4421.0,1900.0
2.0,8527.0,4312.0,3545.0,0.0,9965.0,9965.0,2482.0,1063.0,3012.0,1300.0
2.0,4215.0,1458.0,3536.0,5349.0,6038.0,6038.0,2475.0,1061.0,1018.0,440.0
2.0,8106.0,608.0,3450.0,9965.0,0.0,0.0,2415.0,1035.0,431.0,177.0
2.0,17463.0,2589.0,3377.0,6038.0,0.0,0.0,2364.0,1013.0,1819.0,770.0
2.0,20912.0,5380.0,3390.0,0.0,0.0,0.0,2374.0,1016.0,3769.0,1611.0
2.0,15532.0,6246.0,3478.0,0.0,4626.0,4626.0,2435.0,1043.0,4370.0,1876.0
2.0,9286.0,4314.0,3553.0,0.0,9240.0,9240.0,2487.0,1066.0,3012.0,1302.0
2.0,4972.0,1566.0,3541.0,4626.0,6132.0,6132.0,2479.0,1062.0,1092.0,474.0
2.0,8032.0,748.0,3454.0,9240.0,0.0,0.0,2418.0,1036.0,527.0,221.0
2.0,16524.0,2609.0,3378.0,6132.0,0.0,0.0,2365.0,1013.0,1836.0,773.0
2.0,20047.0,5475.0,3392.0,0.0,0.0,0.0,2375.0,1017.0,3839.0,1636.0
2.0,14572.0,6438.0,3482.0,0.0,5794.0,5794.0,2438.0,1044.0,4502.0,1936.0
2.0,8134.0,4468.0,3561.0,0.0,10578.0,10578.0,2493.0,1068.0,3117.0,1351.0
2.0,3666.0,1558.0,3550.0,5794.0,6298.0,6298.0,2485.0,1065.0,1086.0,472.0
2.0,7902.0,585.0,3460.0,10578.0,0.0,0.0,2422.0,1038.0,414.0,171.0
2.0,17895.0,2512.0,3385.0,6298.0,0.0,0.0,2370.0,1015.0,1769.0,743.0
2.0,21681.0,5309.0,3399.0,0.0,0.0,0.0,2380.0,1019.0,3723.0,1586.0
2.0,16372.0,6245.0,3489.0,0.0,3829.0,3829.0,2443.0,1046.0,4369.0,1876.0
2.0,10127.0,4397.0,3565.0,0.0,8530.0,8530.0,2496.0,1069.0,3066.0,1331.0
2.0,5730.0,1637.0,3553.0,3829.0,6290.0,6290.0,2487.0,1066.0,1138.0,499.0
2.0,7922.0,779.0,3466.0,8530.0,0.0,0.0,2426.0,1040.0,551.0,228.0
2.0,15673.0,2658.0,3394.0,6290.0,0.0,0.0,2376.0,1018.0,1873.0,785.0
2.0,19305.0,5424.0,3409.0,0.0,0.0,0.0,2387.0,1022.0,3805.0,1619.0
2.0,13881.0,6341.0,3498.0,0.0,6452.0,6452.0,2449.0,1049.0,4435.0,1906.0
2.0,7540.0,4430.0,3571.0,0.0,11174.0,11174.0,2500.0,1071.0,3089.0,1341.0
2.0,3110.0,1672.0,3557.0,6452.0,6338.0,6338.0,2490.0,1067.0,1162.0,510.0
2.0,7890.0,693.0,3471.0,11174.0,0.0,0.0,2430.0,1041.0,489.0,204.0
2.0,18371.0,2489.0,3397.0,6338.0,0.0,0.0,2378.0,1019.0,1755.0,734.0
2.0,22220.0,5308.0,3412.0,0.0,0.0,0.0,2389.0,1023.0,3723.0,1585.0
2.0,16912.0,6263.0,3503.0,0.0,3363.0,3363.0,2453.0,1050.0,4380.0,1883.0
2.0,10649.0,4384.0,3579.0,0.0,8051.0,8051.0,2506.0,1073.0,3059.0,1325.0
2.0,6265.0,1579.0,3566.0,3363.0,6215.0,6215.0,2496.0,1070.0,1100.0,479.0
2.0,8049.0,730.0,3477.0,8051.0,0.0,0.0,2434.0,1043.0,515.0,215.0
2.0,15370.0,2606.0,3404.0,6215.0,0.0,0.0,2383.0,1021.0,1834.0,772.0
2.0,18979.0,5384.0,3418.0,0.0,77.0,77.0,2393.0,1025.0,3775.0,1609.0
2.0,13595.0,6229.0,3505.0,0.0,6654.0,6654.0,2454.0,1051.0,4356.0,1873.0
2.0,7366.0,4437.0,3578.0,77.0,11306.0,11306.0,2505.0,1073.0,3097.0,1340.0
2.0,3006.0,1696.0,3561.0,6654.0,6280.0,6280.0,2493.0,1068.0,1183.0,513.0
2.0,7964.0,853.0,3473.0,11306.0,0.0,0.0,2431.0,1042.0,600.0,253.0
2.0,18417.0,2673.0,3401.0,6280.0,0.0,0.0,2381.0,1020.0,1878.0,795.0
2.0,22024.0,5250.0,3419.0,0.0,0.0,0.0,2394.0,1025.0,3679.0,1571.0
2.0,16774.0,6019.0,3508.0,0.0,3277.0,3277.0,2456.0,1052.0,4211.0,1808.0
2.0,10755.0,4160.0,3578.0,0.0,7717.0,7717.0,2505.0,1073.0,2906.0,1254.0
2.0,6595.0,1600.0,3561.0,3277.0,5972.0,5972.0,2493.0,1068.0,1117.0,483.0
2.0,8272.0,949.0,3474.0,7717.0,0.0,0.0,2432.0,1042.0,669.0,280.0
2.0,15040.0,2848.0,3405.0,5972.0,0.0,0.0,2384.0,1021.0,2000.0,848.0
2.0,18164.0,5427.0,3427.0,0.0,971.0,971.0,2399.0,1028.0,3802.0,1625.0
2.0,12737.0,6153.0,3516.0,0.0,7480.0,7480.0,2462.0,1054.0,4305.0,1848.0
2.0,6584.0,4330.0,3586.0,971.0,11119.0,11119.0,2510.0,1076.0,3023.0,1307.0
2.0,3225.0,1701.0,3566.0,7480.0,5260.0,5260.0,2496.0,1070.0,1185.0,516.0
2.0,9004.0,1008.0,3478.0,11119.0,0.0,0.0,2435.0,1043.0,711.0,297.0
2.0,19115.0,2857.0,3411.0,5260.0,0.0,0.0,2388.0,1023.0,2011.0,846.0
2.0,21518.0,5375.0,3432.0,0.0,0.0,0.0,2403.0,1029.0,3768.0,1607.0
2.0,16143.0,6066.0,3521.0,0.0,4007.0,4007.0,2465.0,1056.0,4239.0,1827.0
2.0,10077.0,4197.0,3590.0,0.0,8480.0,8480.0,2513.0,1077.0,2927.0,1270.0
2.0,5880.0,1574.0,3570.0,4007.0,5967.0,5967.0,2499.0,1071.0,1098.0,476.0
2.0,8313.0,849.0,3483.0,8480.0,0.0,0.0,2438.0,1045.0,600.0,249.0
2.0,15944.0,2749.0,3415.0,5967.0,0.0,0.0,2391.0,1024.0,1934.0,815.0
2.0,19162.0,5346.0,3435.0,0.0,0.0,0.0,2405.0,1030.0,3746.0,1600.0
2.0,13816.0,6135.0,3523.0,0.0,6411.0,6411.0,2467.0,1056.0,4290.0,1845.0
2.0,7681.0,4380.0,3593.0,0.0,11071.0,11071.0,2515.0,1078.0,3059.0,1321.0
2.0,3301.0,1851.0,3578.0,6411.0,6451.0,6451.0,2505.0,1073.0,1293.0,558.0
2.0,7861.0,1069.0,3494.0,11071.0,0.0,0.0,2446.0,1048.0,753.0,316.0
2.0,17863.0,2813.0,3424.0,6451.0,0.0,0.0,2397.0,1027.0,1977.0,836.0
2.0,21501.0,5286.0,3439.0,0.0,0.0,0.0,2408.0,1031.0,3702.0,1584.0
2.0,16215.0,6057.0,3526.0,0.0,3946.0,3946.0,2469.0,1057.0,4234.0,1823.0
2.0,10158.0,4326.0,3598.0,0.0,8560.0,8560.0,2519.0,1079.0,3022.0,1304.0
2.0,5832.0,1762.0,3584.0,3946.0,6320.0,6320.0,2509.0,1075.0,1233.0,529.0
2.0,8016.0,882.0,3499.0,8560.0,0.0,0.0,2449.0,1050.0,622.0,260.0
2.0,15694.0,2551.0,3427.0,6320.0,0.0,0.0,2399.0,1028.0,1791.0,760.0
2.0,19463.0,5140.0,3442.0,0.0,0.0,0.0,2410.0,1032.0,3599.0,1541.0
2.0,14323.0,6117.0,3528.0,0.0,5906.0,5906.0,2470.0,1058.0,4279.0,1838.0
2.0,8206.0,4490.0,3600.0,0.0,10684.0,10684.0,2520.0,1080.0,3139.0,1351.0
2.0,3716.0,1950.0,3586.0,5906.0,6672.0,6672.0,2510.0,1076.0,1364.0,586.0
2.0,7672.0,1076.0,3502.0,10684.0,0.0,0.0,2451.0,1051.0,755.0,321.0
2.0,17280.0,2711.0,3433.0,6672.0,0.0,0.0,2403.0,1030.0,1901.0,810.0
2.0,21241.0,5227.0,3448.0,0.0,0.0,0.0,2414.0,1034.0,3662.0,1565.0
2.0,16014.0,6070.0,3532.0,0.0,4184.0,4184.0,2473.0,1059.0,4249.0,1821.0
2.0,9944.0,4365.0,3602.0,0.0,8829.0,8829.0,2522.0,1080.0,3054.0,1311.0
2.0,5579.0,1777.0,3589.0,4184.0,6370.0,6370.0,2512.0,1077.0,1240.0,537.0
2.0,7986.0,824.0,3503.0,8829.0,0.0,0.0,2452.0,1051.0,576.0,248.0
2.0,15991.0,2459.0,3430.0,6370.0,0.0,0.0,2401.0,1029.0,1725.0,734.0
2.0,19902.0,5127.0,3444.0,0.0,0.0,0.0,2411.0,1033.0,3595.0,1532.0
2.0,14775.0,6179.0,3532.0,0.0,5532.0,5532.0,2473.0,1059.0,4325.0,1854.0
2.0,8596.0,4497.0,3605.0,0.0,10321.0,10321.0,2524.0,1081.0,3143.0,1354.0
2.0,4099.0,1888.0,3591.0,5532.0,6621.0,6621.0,2514.0,1077.0,1317.0,571.0
2.0,7743.0,1005.0,3507.0,10321.0,0.0,0.0,2455.0,1052.0,705.0,300.0
2.0,17059.0,2752.0,3440.0,6621.0,0.0,0.0,2408.0,1032.0,1932.0,820.0
2.0,20928.0,5366.0,3458.0,0.0,0.0,0.0,2421.0,1037.0,3762.0,1604.0
2.0,15562.0,6192.0,3545.0,0.0,4810.0,4810.0,2482.0,1063.0,4333.0,1859.0
2.0,9370.0,4384.0,3612.0,0.0,9462.0,9462.0,2529.0,1083.0,3061.0,1323.0
2.0,4986.0,1771.0,3594.0,4810.0,6351.0,6351.0,2516.0,1078.0,1235.0,536.0
2.0,8025.0,933.0,3512.0,9462.0,0.0,0.0,2458.0,1054.0,656.0,277.0
2.0,16554.0,2650.0,3447.0,6351.0,0.0,0.0,2413.0,1034.0,1863.0,787.0
2.0,20255.0,5136.0,3466.0,0.0,0.0,0.0,2427.0,1039.0,3602.0,1534.0
2.0,15119.0,6017.0,3551.0,0.0,5102.0,5102.0,2486.0,1065.0,4211.0,1806.0
2.0,9102.0,4342.0,3617.0,0.0,9708.0,9708.0,2532.0,1085.0,3032.0,1310.0
2.0,4760.0,1802.0,3596.0,5102.0,6324.0,6324.0,2517.0,1079.0,1255.0,547.0
2.0,8060.0,1019.0,3511.0,9708.0,0.0,0.0,2458.0,1053.0,715.0,304.0
2.0,16749.0,2869.0,3448.0,6324.0,0.0,0.0,2414.0,1034.0,2015.0,854.0
2.0,20204.0,5455.0,3469.0,0.0,0.0,0.0,2429.0,1040.0,3824.0,1631.0
2.0,14749.0,6156.0,3555.0,0.0,5627.0,5627.0,2489.0,1066.0,4309.0,1847.0
2.0,8593.0,4259.0,3618.0,0.0,10138.0,10138.0,2533.0,1085.0,2975.0,1284.0
2.0,4334.0,1674.0,3596.0,5627.0,6097.0,6097.0,2517.0,1079.0,1166.0,508.0
2.0,8287.0,969.0,3510.0,10138.0,0.0,0.0,2457.0,1053.0,680.0,289.0
2.0,17456.0,2838.0,3448.0,6097.0,0.0,0.0,2414.0,1034.0,1994.0,844.0
2.0,20715.0,5359.0,3471.0,0.0,0.0,0.0,2430.0,1041.0,3756.0,1603.0
2.0,15356.0,6092.0,3558.0,0.0,4968.0,4968.0,2491.0,1067.0,4262.0,1830.0
2.0,9264.0,4260.0,3623.0,0.0,9488.0,9488.0,2536.0,1087.0,2976.0,1284.0
2.0,5004.0,1678.0,3603.0,4968.0,6118.0,6118.0,2522.0,1081.0,1171.0,507.0
2.0,8294.0,943.0,3518.0,9488.0,0.0,0.0,2463.0,1055.0,664.0,279.0
2.0,16839.0,2885.0,3455.0,6118.0,0.0,0.0,2419.0,1036.0,2026.0,859.0
2.0,20072.0,5580.0,3478.0,0.0,0.0,0.0,2435.0,1043.0,3910.0,1670.0
2.0,14492.0,6279.0,3564.0,0.0,6043.0,6043.0,2495.0,1069.0,4393.0,1886.0
2.0,8213.0,4353.0,3627.0,0.0,10648.0,10648.0,2539.0,1088.0,3042.0,1311.0
2.0,3860.0,1632.0,3604.0,6043.0,6145.0,6145.0,2523.0,1081.0,1139.0,493.0
2.0,8271.0,836.0,3518.0,10648.0,0.0,0.0,2463.0,1055.0,587.0,249.0
2.0,18083.0,2757.0,3455.0,6145.0,0.0,0.0,2419.0,1036.0,1935.0,822.0
2.0,21471.0,5472.0,3477.0,0.0,0.0,0.0,2434.0,1043.0,3834.0,1638.0
2.0,15999.0,6195.0,3562.0,0.0,4444.0,4444.0,2494.0,1068.0,4335.0,1860.0
2.0,9804.0,4233.0,3627.0,0.0,8937.0,8937.0,2539.0,1088.0,2957.0,1276.0
2.0,5571.0,1497.0,3607.0,4444.0,5910.0,5910.0,2525.0,1082.0,1044.0,453.0
2.0,8518.0,802.0,3523.0,8937.0,0.0,0.0,2466.0,1057.0,565.0,237.0
2.0,16653.0,2755.0,3458.0,5910.0,0.0,0.0,2421.0,1037.0,1935.0,820.0
2.0,19808.0,5558.0,3479.0,0.0,0.0,0.0,2436.0,1043.0,3895.0,1663.0
2.0,14250.0,6420.0,3565.0,0.0,6430.0,6430.0,2496.0,1069.0,4493.0,1927.0
2.0,7830.0,4465.0,3630.0,0.0,11155.0,11155.0,2541.0,1089.0,3120.0,1345.0
2.0,3365.0,1682.0,3610.0,6430.0,6327.0,6327.0,2527.0,1083.0,1170.0,512.0
2.0,8113.0,784.0,3524.0,11155.0,0.0,0.0,2467.0,1057.0,550.0,234.0
2.0,18484.0,2713.0,3460.0,6327.0,0.0,0.0,2422.0,1038.0,1906.0,807.0
2.0,22098.0,5460.0,3481.0,0.0,0.0,0.0,2437.0,1044.0,3828.0,1632.0
2.0,16638.0,6258.0,3568.0,0.0,3892.0,3892.0,2498.0,1070.0,4380.0,1878.0
2.0,10380.0,4283.0,3634.0,0.0,8439.0,8439.0,2544.0,1090.0,2993.0,1290.0
2.0,6097.0,1487.0,3615.0,3892.0,5958.0,5958.0,2531.0,1084.0,1035.0,452.0
2.0,8502.0,741.0,3531.0,8439.0,0.0,0.0,2472.0,1059.0,518.0,223.0
2.0,16200.0,2826.0,3467.0,5958.0,0.0,0.0,2427.0,1040.0,1985.0,841.0
2.0,19332.0,5619.0,3488.0,0.0,239.0,239.0,2442.0,1046.0,3939.0,1680.0
2.0,13713.0,6377.0,3575.0,0.0,6964.0,6964.0,2503.0,1072.0,4463.0,1914.0
2.0,7336.0,4369.0,3639.0,239.0,11350.0,11350.0,2548.0,1091.0,3052.0,1317.0
2.0,3206.0,1696.0,3619.0,6964.0,6002.0,6002.0,2533.0,1086.0,1183.0,513.0
2.0,8474.0,952.0,3534.0,11350.0,0.0,0.0,2474.0,1060.0,670.0,282.0
2.0,18872.0,2949.0,3471.0,6002.0,0.0,0.0,2430.0,1041.0,2071.0,878.0
2.0,21925.0,5655.0,3496.0,0.0,0.0,0.0,2448.0,1048.0,3960.0,1695.0
2.0,16270.0,6340.0,3584.0,0.0,4406.0,4406.0,2509.0,1075.0,4434.0,1906.0
2.0,9930.0,4365.0,3650.0,0.0,9035.0,9035.0,2555.0,1095.0,3050.0,1315.0
2.0,5565.0,1555.0,3629.0,4406.0,6100.0,6100.0,2540.0,1089.0,1087.0,468.0
2.0,8416.0,732.0,3544.0,9035.0,0.0,0.0,2481.0,1063.0,516.0,216.0
2.0,16719.0,2617.0,3478.0,6100.0,0.0,0.0,2435.0,1043.0,1839.0,778.0
2.0,20202.0,5471.0,3501.0,0.0,0.0,0.0,2451.0,1050.0,3832.0,1639.0
2.0,14731.0,6351.0,3588.0,0.0,5972.0,5972.0,2512.0,1076.0,4442.0,1909.0
2.0,8380.0,4468.0,3654.0,0.0,10704.0,10704.0,2558.0,1096.0,3122.0,1346.0
2.0,3912.0,1706.0,3632.0,5972.0,6350.0,6350.0,2542.0,1090.0,1191.0,515.0
2.0,8178.0,896.0,3544.0,10704.0,0.0,0.0,2481.0,1063.0,631.0,265.0
2.0,17986.0,2821.0,3480.0,6350.0,0.0,0.0,2436.0,1044.0,1983.0,838.0
2.0,21515.0,5543.0,3505.0,0.0,0.0,0.0,2454.0,1051.0,3882.0,1661.0
2.0,15972.0,6364.0,3595.0,0.0,4772.0,4772.0,2517.0,1078.0,4450.0,1914.0
2.0,9608.0,4395.0,3661.0,0.0,9431.0,9431.0,2563.0,1098.0,3071.0,1324.0
2.0,5213.0,1615.0,3637.0,4772.0,6178.0,6178.0,2546.0,1091.0,1130.0,485.0
2.0,8370.0,795.0,3550.0,9431.0,0.0,0.0,2485.0,1065.0,560.0,235.0
2.0,17006.0,2675.0,3484.0,6178.0,0.0,0.0,2439.0,1045.0,1878.0,797.0
2.0,20509.0,5347.0,3505.0,0.0,0.0,0.0,2454.0,1051.0,3745.0,1602.0
2.0,15162.0,6129.0,3591.0,0.0,5331.0,5331.0,2514.0,1077.0,4286.0,1843.0
2.0,9033.0,4225.0,3654.0,0.0,9808.0,9808.0,2558.0,1096.0,2953.0,1272.0
2.0,4808.0,1703.0,3631.0,5331.0,6088.0,6088.0,2542.0,1089.0,1192.0,511.0
2.0,8436.0,1117.0,3545.0,9808.0,0.0,0.0,2482.0,1063.0,787.0,330.0
2.0,17127.0,3063.0,3483.0,6088.0,0.0,0.0,2438.0,1045.0,2148.0,915.0
2.0,20152.0,5520.0,3505.0,0.0,0.0,0.0,2454.0,1051.0,3865.0,1655.0
2.0,14632.0,6096.0,3591.0,0.0,5828.0,5828.0,2514.0,1077.0,4263.0,1833.0
2.0,8536.0,4208.0,3657.0,0.0,10300.0,10300.0,2560.0,1097.0,2942.0,1266.0
2.0,4328.0,1670.0,3635.0,5828.0,6054.0,6054.0,2545.0,1090.0,1170.0,500.0
2.0,8486.0,1026.0,3550.0,10300.0,0.0,0.0,2485.0,1065.0,723.0,303.0
2.0,17760.0,2901.0,3487.0,6054.0,0.0,0.0,2441.0,1046.0,2033.0,868.0
2.0,20913.0,5423.0,3510.0,0.0,0.0,0.0,2457.0,1053.0,3794.0,1629.0
2.0,15490.0,6046.0,3597.0,0.0,4944.0,4944.0,2518.0,1079.0,4229.0,1817.0
2.0,9444.0,4149.0,3661.0,0.0,9349.0,9349.0,2563.0,1098.0,2903.0,1246.0
2.0,5295.0,1631.0,3640.0,4944.0,5952.0,5952.0,2548.0,1092.0,1142.0,489.0
2.0,8608.0,1056.0,3553.0,9349.0,0.0,0.0,2487.0,1066.0,744.0,312.0
2.0,16901.0,3033.0,3488.0,5952.0,0.0,0.0,2442.0,1046.0,2128.0,905.0
2.0,19820.0,5626.0,3510.0,0.0,0.0,0.0,2457.0,1053.0,3936.0,1690.0
2.0,14194.0,6223.0,3598.0,0.0,6421.0,6421.0,2519.0,1079.0,4349.0,1874.0
2.0,7971.0,4263.0,3664.0,0.0,10948.0,10948.0,2565.0,1099.0,2981.0,1282.0
2.0,3708.0,1699.0,3645.0,6421.0,6150.0,6150.0,2552.0,1093.0,1195.0,504.0
2.0,8430.0,1111.0,3561.0,10948.0,0.0,0.0,2493.0,1068.0,786.0,325.0
2.0,18267.0,3035.0,3500.0,6150.0,0.0,0.0,2450.0,1050.0,2126.0,909.0
2.0,21382.0,5563.0,3524.0,0.0,0.0,0.0,2467.0,1057.0,3887.0,1676.0
2.0,15819.0,6036.0,3611.0,0.0,4661.0,4661.0,2528.0,1083.0,4218.0,1818.0
2.0,9783.0,4008.0,3674.0,0.0,8921.0,8921.0,2572.0,1102.0,2806.0,1202.0
2.0,5775.0,1481.0,3648.0,4661.0,5637.0,5637.0,2554.0,1094.0,1043.0,438.0
2.0,8955.0,1108.0,3561.0,8921.0,0.0,0.0,2493.0,1068.0,784.0,324.0
2.0,16768.0,3217.0,3501.0,5637.0,0.0,0.0,2451.0,1050.0,2254.0,963.0
2.0,19188.0,5717.0,3527.0,0.0,637.0,637.0,2469.0,1058.0,3996.0,1721.0
2.0,13471.0,6127.0,3612.0,0.0,7104.0,7104.0,2529.0,1083.0,4280.0,1847.0
2.0,7344.0,4165.0,3674.0,637.0,10880.0,10880.0,2572.0,1102.0,2911.0,1254.0
2.0,3816.0,1704.0,3650.0,7104.0,5384.0,5384.0,2555.0,1095.0,1200.0,504.0
2.0,9216.0,1130.0,3563.0,10880.0,0.0,0.0,2494.0,1069.0,802.0,328.0
2.0,18966.0,3068.0,3500.0,5384.0,0.0,0.0,2450.0,1050.0,2153.0,915.0
2.0,21282.0,5538.0,3522.0,0.0,0.0,0.0,2466.0,1056.0,3870.0,1668.0
2.0,15744.0,6079.0,3610.0,0.0,4775.0,4775.0,2527.0,1083.0,4245.0,1834.0
2.0,9665.0,4082.0,3674.0,0.0,9113.0,9113.0,2572.0,1102.0,2854.0,1228.0
2.0,5583.0,1613.0,3654.0,4775.0,5871.0,5871.0,2558.0,1096.0,1136.0,477.0
2.0,8745.0,1072.0,3570.0,9113.0,0.0,0.0,2499.0,1071.0,760.0,312.0
2.0,16786.0,3028.0,3506.0,5871.0,0.0,0.0,2455.0,1051.0,2124.0,904.0
2.0,19629.0,5536.0,3527.0,0.0,15.0,15.0,2469.0,1058.0,3870.0,1666.0
2.0,14093.0,6214.0,3614.0,0.0,6577.0,6577.0,2530.0,1084.0,4340.0,1874.0
2.0,7879.0,4291.0,3678.0,15.0,11109.0,11109.0,2575.0,1103.0,2998.0,1293.0
2.0,3603.0,1739.0,3657.0,6577.0,6187.0,6187.0,2560.0,1097.0,1223.0,516.0
2.0,8441.0,1120.0,3573.0,11109.0,0.0,0.0,2501.0,1072.0,796.0,324.0
2.0,18430.0,3049.0,3509.0,6187.0,0.0,0.0,2457.0,1052.0,2142.0,907.0
2.0,21568.0,5530.0,3531.0,0.0,0.0,0.0,2472.0,1059.0,3864.0,1666.0
2.0,16038.0,6089.0,3617.0,0.0,4519.0,4519.0,2532.0,1085.0,4248.0,1841.0
2.0,9949.0,4174.0,3682.0,0.0,8953.0,8953.0,2577.0,1105.0,2916.0,1258.0
2.0,5775.0,1597.0,3661.0,4519.0,5947.0,5947.0,2563.0,1098.0,1127.0,470.0
2.0,8697.0,953.0,3577.0,8953.0,0.0,0.0,2504.0,1073.0,683.0,270.0
2.0,16697.0,2935.0,3515.0,5947.0,0.0,0.0,2461.0,1054.0,2060.0,875.0
2.0,19709.0,5585.0,3541.0,0.0,40.0,40.0,2479.0,1062.0,3899.0,1686.0
2.0,14124.0,6265.0,3629.0,0.0,6657.0,6657.0,2540.0,1089.0,4370.0,1895.0
2.0,7859.0,4311.0,3690.0,40.0,11172.0,11172.0,2583.0,1107.0,3013.0,1298.0
2.0,3588.0,1670.0,3664.0,6657.0,6081.0,6081.0,2565.0,1099.0,1180.0,490.0
2.0,8575.0,1051.0,3578.0,11172.0,0.0,0.0,2505.0,1073.0,753.0,298.0
2.0,18696.0,3076.0,3519.0,6081.0,0.0,0.0,2464.0,1055.0,2158.0,918.0
2.0,21701.0,5670.0,3548.0,0.0,0.0,0.0,2484.0,1064.0,3957.0,1713.0
2.0,16031.0,6182.0,3634.0,0.0,4687.0,4687.0,2544.0,1090.0,4312.0,1870.0
2.0,9849.0,4137.0,3694.0,0.0,9064.0,9064.0,2586.0,1108.0,2894.0,1243.0
2.0,5712.0,1532.0,3668.0,4687.0,5805.0,5805.0,2568.0,1100.0,1086.0,446.0
2.0,8867.0,949.0,3582.0,9064.0,0.0,0.0,2508.0,1074.0,680.0,269.0
2.0,16982.0,3005.0,3523.0,5805.0,0.0,0.0,2467.0,1056.0,2104.0,901.0
2.0,19782.0,5634.0,3552.0,0.0,60.0,60.0,2487.0,1065.0,3930.0,1704.0
2.0,14148.0,6245.0,3641.0,0.0,6661.0,6661.0,2549.0,1092.0,4356.0,1889.0
2.0,7903.0,4256.0,3703.0,60.0,11105.0,11105.0,2592.0,1111.0,2979.0,1277.0
2.0,3707.0,1709.0,3677.0,6661.0,6049.0,6049.0,2574.0,1103.0,1213.0,496.0
2.0,8659.0,1143.0,3591.0,11105.0,0.0,0.0,2514.0,1077.0,814.0,329.0
2.0,18621.0,3123.0,3531.0,6049.0,0.0,0.0,2472.0,1059.0,2185.0,938.0
2.0,21547.0,5706.0,3559.0,0.0,0.0,0.0,2492.0,1067.0,3981.0,1725.0
2.0,15841.0,6267.0,3647.0,0.0,5014.0,5014.0,2553.0,1094.0,4375.0,1892.0
2.0,9574.0,4221.0,3706.0,0.0,9471.0,9471.0,2594.0,1112.0,2956.0,1265.0
2.0,5353.0,1596.0,3679.0,5014.0,5945.0,5945.0,2575.0,1104.0,1129.0,467.0
2.0,8771.0,929.0,3589.0,9471.0,0.0,0.0,2513.0,1076.0,663.0,266.0
2.0,17313.0,2885.0,3529.0,5945.0,0.0,0.0,2471.0,1058.0,2021.0,864.0
2.0,20373.0,5583.0,3559.0,0.0,0.0,0.0,2492.0,1067.0,3896.0,1687.0
2.0,14790.0,6281.0,3651.0,0.0,6095.0,6095.0,2556.0,1095.0,4385.0,1896.0
2.0,8509.0,4296.0,3713.0,0.0,10639.0,10639.0,2599.0,1114.0,3008.0,1288.0
2.0,4213.0,1636.0,3683.0,6095.0,6060.0,6060.0,2578.0,1105.0,1158.0,478.0
2.0,8672.0,968.0,3591.0,10639.0,0.0,0.0,2514.0,1077.0,691.0,277.0
2.0,18343.0,3047.0,3532.0,6060.0,0.0,0.0,2473.0,1059.0,2132.0,915.0
2.0,21356.0,5752.0,3562.0,0.0,0.0,0.0,2494.0,1068.0,4014.0,1738.0
2.0,15604.0,6464.0,3654.0,0.0,5476.0,5476.0,2558.0,1096.0,4512.0,1952.0
2.0,9140.0,4404.0,3717.0,0.0,10132.0,10132.0,2602.0,1115.0,3084.0,1320.0
2.0,4736.0,1575.0,3688.0,5476.0,6115.0,6115.0,2582.0,1106.0,1117.0,458.0
2.0,8637.0,822.0,3598.0,10132.0,0.0,0.0,2519.0,1079.0,587.0,235.0
2.0,17947.0,2852.0,3536.0,6115.0,0.0,0.0,2476.0,1060.0,1994.0,858.0
2.0,21210.0,5631.0,3565.0,0.0,0.0,0.0,2496.0,1069.0,3928.0,1703.0
2.0,15579.0,6380.0,3657.0,0.0,5429.0,5429.0,2560.0,1097.0,4455.0,1925.0
2.0,9199.0,4369.0,3720.0,0.0,10050.0,10050.0,2604.0,1116.0,3062.0,1307.0
2.0,4830.0,1639.0,3694.0,5429.0,6156.0,6156.0,2586.0,1108.0,1161.0,478.0
2.0,8620.0,900.0,3605.0,10050.0,0.0,0.0,2524.0,1081.0,641.0,259.0
2.0,17770.0,2897.0,3541.0,6156.0,0.0,0.0,2479.0,1062.0,2024.0,873.0
2.0,21029.0,5666.0,3567.0,0.0,0.0,0.0,2497.0,1070.0,3953.0,1713.0
2.0,15363.0,6488.0,3658.0,0.0,5757.0,5757.0,2561.0,1097.0,4534.0,1954.0
2.0,8875.0,4509.0,3724.0,0.0,10530.0,10530.0,2607.0,1117.0,3159.0,1350.0
2.0,4366.0,1740.0,3698.0,5757.0,6409.0,6409.0,2589.0,1109.0,1230.0,510.0
2.0,8383.0,890.0,3609.0,10530.0,0.0,0.0,2527.0,1082.0,633.0,257.0
2.0,18023.0,2767.0,3545.0,6409.0,0.0,0.0,2482.0,1063.0,1935.0,832.0
2.0,21665.0,5477.0,3571.0,0.0,0.0,0.0,2500.0,1071.0,3822.0,1655.0
2.0,16188.0,6302.0,3661.0,0.0,4758.0,4758.0,2563.0,1098.0,4400.0,1902.0
2.0,9886.0,4429.0,3727.0,0.0,9451.0,9451.0,2609.0,1118.0,3102.0,1327.0
2.0,5457.0,1697.0,3704.0,4758.0,6298.0,6298.0,2593.0,1111.0,1201.0,496.0
2.0,8518.0,890.0,3614.0,9451.0,0.0,0.0,2530.0,1084.0,636.0,254.0
2.0,17079.0,2831.0,3548.0,6298.0,0.0,0.0,2484.0,1064.0,1982.0,849.0
2.0,20546.0,5625.0,3573.0,0.0,0.0,0.0,2502.0,1071.0,3923.0,1702.0
2.0,14921.0,6474.0,3666.0,0.0,6217.0,6217.0,2566.0,1100.0,4517.0,1957.0
2.0,8447.0,4558.0,3733.0,0.0,11043.0,11043.0,2613.0,1120.0,3192.0,1366.0
2.0,3889.0,1806.0,3708.0,6217.0,6532.0,6532.0,2596.0,1112.0,1281.0,525.0
2.0,8300.0,905.0,3616.0,11043.0,0.0,0.0,2532.0,1084.0,649.0,256.0
2.0,18438.0,2747.0,3550.0,6532.0,0.0,0.0,2486.0,1064.0,1920.0,827.0
2.0,22223.0,5490.0,3577.0,0.0,0.0,0.0,2504.0,1073.0,3825.0,1665.0
2.0,16733.0,6349.0,3669.0,0.0,4292.0,4292.0,2568.0,1101.0,4431.0,1918.0
2.0,10384.0,4472.0,3737.0,0.0,9036.0,9036.0,2616.0,1121.0,3135.0,1337.0
2.0,5912.0,1681.0,3711.0,4292.0,6321.0,6321.0,2598.0,1113.0,1195.0,486.0
2.0,8523.0,833.0,3619.0,9036.0,0.0,0.0,2534.0,1085.0,598.0,235.0
2.0,16726.0,2847.0,3554.0,6321.0,0.0,0.0,2489.0,1065.0,1988.0,859.0
2.0,20200.0,5723.0,3582.0,0.0,0.0,0.0,2508.0,1074.0,3988.0,1735.0
2.0,14477.0,6512.0,3674.0,0.0,6731.0,6731.0,2572.0,1102.0,4544.0,1968.0
2.0,7965.0,4560.0,3740.0,0.0,11555.0,11555.0,2618.0,1122.0,3197.0,1363.0
2.0,3405.0,1755.0,3714.0,6731.0,6475.0,6475.0,2600.0,1114.0,1248.0,507.0
2.0,8381.0,926.0,3622.0,11555.0,0.0,0.0,2536.0,1086.0,660.0,266.0
2.0,19010.0,2890.0,3557.0,6475.0,0.0,0.0,2491.0,1066.0,2017.0,873.0
2.0,22595.0,5604.0,3584.0,0.0,0.0,0.0,2509.0,1075.0,3905.0,1699.0
2.0,16991.0,6355.0,3675.0,0.0,4064.0,4064.0,2572.0,1103.0,4437.0,1918.0
2.0,10636.0,4366.0,1697.4463762585972,0.0,519.0,519.0,1224.8739891055498,472.5723871530474,3063.0,1303.0
2.0,6270.0,1612.0,875.9439399565056,4064.0,0.0,0.0,636.1663906799581,239.77754927654746,1148.0,464.0
2.0,8722.0,841.0,2778.357383932601,519.0,2713.0,2713.0,1960.025073724109,818.3323102084919,602.0,239.0
2.0,8400.0,2869.0,5503.430249145898,0.0,16482.0,16482.0,3847.6141396141593,1655.816109531739,2002.0,867.0
2.0,5531.0,5680.0,6341.687363688085,2713.0,22803.0,22803.0,4433.831413954888,1907.8559497331967,3955.0,1725.0
2.0,2564.0,6446.0,4413.226821371425,16482.0,5053.0,5053.0,3107.947245704319,1305.2795756671057,4498.0,1948.0
2.0,12600.0,4431.0,1703.6064739823046,22803.0,0.0,0.0,1226.8280288163041,476.77844516600055,3110.0,1321.0
2.0,30972.0,1693.0,901.2146098232915,5053.0,0.0,0.0,653.0912557417078,248.12335408158378,1208.0,485.0
2.0,34332.0,989.0,2825.276033300406,0.0,0.0,0.0,1994.5444675585536,830.7315657418525,707.0,282.0
2.0,33343.0,3083.0,5552.4741314473795,0.0,0.0,0.0,3884.9259390331363,1667.5481924142432,2151.0,932.0
2.0,30260.0,5844.0,6353.899712597555,0.0,1000.0,1000.0,4443.801876070485,1910.0978365270694,4068.0,1776.0
2.0,24416.0,6446.0,4377.363527250866,0.0,0.0,0.0,3083.555904806467,1293.8076224443994,4497.0,1949.0
2.0,17970.0,4259.0,1650.5942148387383,1000.0,0.0,0.0,1192.0697627497614,458.5244520889769,2989.0,1270.0
2.0,14711.0,1455.0,872.9870634778538,0.0,0.0,0.0,637.8926695004513,235.09439397740243,1043.0,412.0
2.0,13256.0,840.0,2831.103106689702,0.0,0.0,0.0,1997.6519034633,833.451203226402,602.0,238.0
2.0,12416.0,3008.0,5565.201171882061,0.0,12853.0,12853.0,3890.2038696404925,1674.9973022415693,2097.0,911.0
2.0,9408.0,5856.0,6348.054552150332,0.0,21840.0,21840.0,4437.932147614629,1910.1224045357026,4078.0,1778.0
2.0,3552.0,6498.0,4353.751412255796,12853.0,7508.0,7508.0,3067.7713141789914,1285.9800980768046,4536.0,1962.0
2.0,9907.0,4323.0,1637.2826534334727,21840.0,0.0,0.0,1187.3808629641442,449.9017904693285,3035.0,1288.0
2.0,27424.0,1530.0,900.9715689026305,7508.0,0.0,0.0,657.5181526808967,243.45341622173373,1091.0,439.0
2.0,33402.0,908.0,2897.6935384902495,0.0,0.0,0.0,2043.3096824978288,854.3838559924206,648.0,260.0
2.0,32494.0,3106.0,5637.5489394815795,0.0,0.0,0.0,3939.3026842436357,1698.2462552379436,2167.0,939.0
2.0,29388.0,5900.0,6372.743098178197,0.0,2003.0,2003.0,4456.240180178513,1916.5029179996845,4111.0,1789.0
2.0,23488.0,6499.0,4324.882188502744,0.0,311.0,311.0,3053.3988583650535,1271.48333013769,4538.0,1961.0
2.0,16989.0,4286.0,1596.5387305588415,2003.0,0.0,0.0,1164.3412146390206,432.19751591982106,3008.0,1278.0
2.0,14706.0,1449.0,875.4906506965023,311.0,0.0,0.0,644.3145927342916,231.17605796221062,1035.0,414.0
2.0,13568.0,801.0,2904.165104014582,0.0,0.0,0.0,2047.544681807666,856.6204222069161,571.0,230.0
2.0,12767.0,3011.0,5648.895905543355,0.0,12840.0,12840.0,3945.3059217407085,1703.589983802647,2099.0,912.0
2.0,9756.0,5807.0,6360.177157886654,0.0,21492.0,21492.0,4447.401259068975,1912.7758988176784,4046.0,1761.0
2.0,3949.0,6464.0,4298.19224295731,12840.0,6868.0,6868.0,3032.6884412855534,1265.5038016717563,4513.0,1951.0
2.0,10325.0,4329.0,1575.3313124925667,21492.0,0.0,0.0,1148.0383253113828,427.2929871811838,3039.0,1290.0
2.0,27488.0,1611.0,904.3359810937234,6868.0,0.0,0.0,661.9466060726388,242.38937502108456,1150.0,461.0
2.0,32745.0,1061.0,2973.285194826353,0.0,0.0,0.0,2091.1810829411247,882.1041118852282,756.0,305.0
2.0,31684.0,3177.0,5707.431892781644,0.0,0.0,0.0,3981.6632698663266,1725.768622915317,2215.0,962.0
2.0,28507.0,5943.0,6388.7229528816315,0.0,2991.0,2991.0,4465.643574747286,1923.079378134345,4138.0,1805.0
2.0,22564.0,6523.0,4289.240537166173,0.0,1116.0,1116.0,3029.2420229851928,1259.9985141809805,4553.0,1970.0
2.0,16041.0,4278.0,1555.4275533884852,2991.0,0.0,0.0,1136.164235253832,419.2633181346532,3005.0,1273.0
2.0,14754.0,1473.0,894.2988621498392,1116.0,0.0,0.0,656.7036091781395,237.59525297169978,1053.0,420.0
2.0,14397.0,838.0,2966.4680767928176,0.0,0.0,0.0,2092.336554405187,874.1315223876306,598.0,240.0
2.0,13559.0,3010.0,5701.591651056717,0.0,12258.0,12258.0,3987.472296672615,1714.1193543841018,2097.0,913.0
2.0,10549.0,5856.0,6372.7220741563,0.0,20798.0,20798.0,4461.697448707814,1911.0246254484855,4079.0,1777.0
2.0,4693.0,6473.0,4260.23274949319,12258.0,6563.0,6563.0,3008.083434040004,1252.1493154531859,4520.0,1953.0
2.0,10478.0,4221.0,1524.3334417446765,20798.0,0.0,0.0,1110.4204235569753,413.91301818770125,2964.0,1257.0
2.0,27055.0,1331.0,880.4681186667997,6563.0,0.0,0.0,645.5716875796297,234.89643108716996,953.0,378.0
2.0,32287.0,757.0,2997.0848750722994,0.0,0.0,0.0,2114.235041982777,882.8498330895221,542.0,215.0
2.0,31530.0,3147.0,5769.071111482389,0.0,0.0,0.0,4031.645976580424,1737.425134901965,2195.0,952.0
2.0,28383.0,6122.0,6433.895495997773,0.0,3475.0,3475.0,4498.293452891565,1935.6020431062084,4264.0,1858.0
2.0,22261.0,6700.0,4267.093505496976,0.0,1507.0,1507.0,3009.4972982452673,1257.596207251709,4678.0,2022.0
2.0,15561.0,4346.0,1501.9311493364644,3475.0,0.0,0.0,1097.133161050851,404.7979882856133,3052.0,1294.0
2.0,14690.0,1398.0,859.4050899802307,1507.0,0.0,0.0,630.6549921896458,228.75009779058496,1002.0,396.0
